web/models/kne/35/Metzger_0.005553_0.030000_0.450000.dat
# %ECSV 0.9
# ---
# datatype:
# - {name: time, datatype: float64}
# - {name: sdss_u, datatype: float64}
# - {name: sdss_g, datatype: float64}
# - {name: sdss_r, datatype: float64}
# - {name: sdss_i, datatype: float64}
# - {name: sdss_z, datatype: float64}
# - {name: PS1_y, datatype: float64}
# - {name: ukirt_J, datatype: float64}
# - {name: ukirt_H, datatype: float64}
# - {name: ukirt_K, datatype: float64}
# - {name: johnson_U, datatype: float64}
# - {name: johnson_B, datatype: float64}
# - {name: johnson_V, datatype: float64}
# - {name: johnson_R, datatype: float64}
# - {name: johnson_I, datatype: float64}
# - {name: Clear, datatype: float64}
# meta: !!omap
# - comment: [vej = 0.03, mej = 0.00555320171962985, Ye = 0.45, redshift = 0.0]
# schema: astropy-2.0
time sdss_u sdss_g sdss_r sdss_i sdss_z PS1_y ukirt_J ukirt_H ukirt_K johnson_U johnson_B johnson_V johnson_R johnson_I Clear
[from data line 2738]
137.000000 298.117383 215.060076 162.521939 129.101301 108.691971 95.914734 70.017971 46.989148 31.864774 288.157027 238.207199 184.574652 156.130541 106.635747 160.419344
137.050000 298.228798 215.142530 162.586005 129.153625 108.737097 95.955340 70.049369 47.012276 31.882395 288.264974 238.297735 184.646445 156.192365 106.680147 160.482673
137.100000 298.340212 215.224984 162.650071 129.205948 108.782223 95.995945 70.080767 47.035404 31.900017 288.372920 238.388270 184.718238 156.254188 106.724546 160.546001
137.150000 298.451624 215.307436 162.714136 129.258270 108.827348 96.036551 70.112164 47.058531 31.917638 288.480864 238.478803 184.790029 156.316011 106.768944 160.609328
137.200000 298.563035 215.389887 162.778200 129.310592 108.872473 96.077155 70.143562 47.081659 31.935259 288.588807 238.569336 184.861820 156.377833 106.813343 160.672655
137.250000 298.674445 215.472337 162.842264 129.362914 108.917597 96.117760 70.174959 47.104786 31.952881 288.696749 238.659867 184.933610 156.439655 106.857740 160.735981
137.300000 298.785853 215.554786 162.906327 129.415235 108.962721 96.158364 70.206356 47.127914 31.970502 288.804689 238.750398 185.005400 156.501475 106.902138 160.799307
137.350000 298.897260 215.637235 162.970389 129.467555 109.007845 96.198968 70.237753 47.151041 31.988123 288.912628 238.840927 185.077188 156.563296 106.946535 160.862632
137.400000 299.008666 215.719682 163.034451 129.519875 109.052968 96.239572 70.269150 47.174168 32.005745 289.020566 238.931455 185.148976 156.625115 106.990931 160.925956
137.450000 299.120070 215.802128 163.098511 129.572195 109.098090 96.280175 70.300546 47.197295 32.023366 289.128502 239.021982 185.220763 156.686934 107.035328 160.989279
137.500000 299.231472 215.884574 163.162572 129.624514 109.143213 96.320778 70.331942 47.220422 32.040988 289.236437 239.112508 185.292549 156.748752 107.079723 161.052602
137.550000 299.342873 215.967018 163.226631 129.676832 109.188335 96.361380 70.363338 47.243549 32.058609 289.344371 239.203033 185.364334 156.810569 107.124119 161.115924
137.600000 299.454273 216.049461 163.290690 129.729150 109.233456 96.401983 70.394734 47.266676 32.076231 289.452303 239.293557 185.436118 156.872386 107.168514 161.179245
137.650000 299.565672 216.131904 163.354748 129.781468 109.278577 96.442584 70.426130 47.289803 32.093852 289.560234 239.384080 185.507902 156.934203 107.212909 161.242566
137.700000 299.677069 216.214345 163.418805 129.833785 109.323698 96.483186 70.457526 47.312930 32.111473 289.668164 239.474602 185.579685 156.996018 107.257303 161.305886
137.750000 299.788464 216.296786 163.482862 129.886101 109.368818 96.523787 70.488921 47.336056 32.129095 289.776092 239.565122 185.651467 157.057833 107.301697 161.369206
137.800000 299.899859 216.379226 163.546918 129.938417 109.413938 96.564388 70.520316 47.359183 32.146716 289.884019 239.655642 185.723248 157.119647 107.346090 161.432524
137.850000 300.011252 216.461664 163.610974 129.990732 109.459058 96.604989 70.551711 47.382310 32.164338 289.991945 239.746160 185.795028 157.181461 107.390483 161.495842
137.900000 300.122643 216.544102 163.675028 130.043047 109.504177 96.645589 70.583106 47.405436 32.181959 290.099869 239.836678 185.866808 157.243274 107.434876 161.559160
137.950000 300.234033 216.626539 163.739082 130.095362 109.549296 96.686189 70.614500 47.428562 32.199581 290.207792 239.927194 185.938587 157.305086 107.479268 161.622476
138.000000 300.345422 216.708974 163.803136 130.147676 109.594414 96.726788 70.645894 47.451689 32.217203 290.315713 240.017709 186.010365 157.366898 107.523660 161.685792
138.050000 300.456809 216.791409 163.867188 130.199989 109.639532 96.767387 70.677289 47.474815 32.234824 290.423634 240.108223 186.082142 157.428709 107.568052 161.749108
138.100000 300.568195 216.873843 163.931240 130.252302 109.684649 96.807986 70.708682 47.497941 32.252446 290.531552 240.198736 186.153919 157.490519 107.612443 161.812422
138.150000 300.679579 216.956276 163.995291 130.304614 109.729766 96.848585 70.740076 47.521067 32.270067 290.639470 240.289248 186.225694 157.552329 107.656834 161.875736
138.200000 300.790963 217.038708 164.059342 130.356926 109.774883 96.889183 70.771470 47.544193 32.287689 290.747386 240.379759 186.297469 157.614138 107.701224 161.939050
138.250000 300.902344 217.121139 164.123392 130.409237 109.819999 96.929781 70.802863 47.567319 32.305310 290.855301 240.470269 186.369243 157.675946 107.745614 162.002362
138.300000 301.013725 217.203569 164.187441 130.461548 109.865115 96.970378 70.834256 47.590445 32.322932 290.963214 240.560778 186.441016 157.737754 107.790003 162.065674
138.350000 301.125104 217.285998 164.251489 130.513858 109.910231 97.010975 70.865649 47.613571 32.340553 291.071127 240.651285 186.512789 157.799561 107.834393 162.128986
138.400000 301.236481 217.368426 164.315537 130.566168 109.955346 97.051572 70.897042 47.636697 32.358175 291.179037 240.741792 186.584560 157.861367 107.878781 162.192296
138.450000 301.347857 217.450853 164.379584 130.618478 110.000460 97.092169 70.928434 47.659823 32.375797 291.286947 240.832297 186.656331 157.923173 107.923170 162.255606
138.500000 301.459232 217.533279 164.443631 130.670786 110.045575 97.132765 70.959827 47.682948 32.393418 291.394855 240.922802 186.728101 157.984978 107.967558 162.318915
138.550000 301.570605 217.615704 164.507677 130.723095 110.090689 97.173361 70.991219 47.706074 32.411040 291.502762 241.013305 186.799870 158.046782 108.011945 162.382224
138.600000 301.681977 217.698128 164.571722 130.775402 110.135802 97.213956 71.022611 47.729199 32.428662 291.610667 241.103807 186.871639 158.108586 108.056333 162.445532
138.650000 301.793348 217.780552 164.635766 130.827710 110.180915 97.254552 71.054003 47.752325 32.446283 291.718571 241.194309 186.943406 158.170389 108.100720 162.508839
138.700000 301.904717 217.862974 164.699810 130.880016 110.226028 97.295146 71.085394 47.775450 32.463905 291.826474 241.284809 187.015173 158.232192 108.145106 162.572146
138.750000 302.016085 217.945395 164.763853 130.932323 110.271140 97.335741 71.116786 47.798575 32.481526 291.934376 241.375308 187.086939 158.293994 108.189492 162.635452
138.800000 302.127451 218.027816 164.827895 130.984628 110.316252 97.376335 71.148177 47.821700 32.499148 292.042276 241.465806 187.158704 158.355795 108.233878 162.698757
138.850000 302.238816 218.110235 164.891937 131.036934 110.361363 97.416929 71.179568 47.844825 32.516770 292.150175 241.556302 187.230469 158.417596 108.278263 162.762062
138.900000 302.350180 218.192654 164.955978 131.089238 110.406475 97.457523 71.210958 47.867950 32.534392 292.258072 241.646798 187.302232 158.479396 108.322648 162.825365
138.950000 302.461542 218.275071 165.020018 131.141542 110.451585 97.498116 71.242349 47.891075 32.552013 292.365968 241.737293 187.373995 158.541195 108.367032 162.888669
139.000000 302.572903 218.357488 165.084058 131.193846 110.496695 97.538709 71.273739 47.914200 32.569635 292.473863 241.827787 187.445757 158.602993 108.411416 162.951971
139.050000 302.684263 218.439903 165.148097 131.246149 110.541805 97.579301 71.305130 47.937325 32.587257 292.581756 241.918279 187.517519 158.664791 108.455800 163.015273
139.100000 302.795621 218.522318 165.212135 131.298452 110.586915 97.619893 71.336520 47.960450 32.604878 292.689649 242.008771 187.589279 158.726589 108.500183 163.078574
139.150000 302.906978 218.604732 165.276173 131.350754 110.632024 97.660485 71.367909 47.983574 32.622500 292.797539 242.099261 187.661039 158.788385 108.544566 163.141875
139.200000 303.018333 218.687145 165.340210 131.403056 110.677133 97.701077 71.399299 48.006699 32.640122 292.905429 242.189751 187.732798 158.850182 108.588949 163.205175
139.250000 303.129687 218.769557 165.404246 131.455357 110.722241 97.741668 71.430688 48.029823 32.657744 293.013317 242.280239 187.804556 158.911977 108.633331 163.268474
139.300000 303.241040 218.851967 165.468282 131.507658 110.767349 97.782259 71.462078 48.052948 32.675365 293.121204 242.370726 187.876313 158.973772 108.677713 163.331773
139.350000 303.352391 218.934377 165.532316 131.559958 110.812456 97.822849 71.493467 48.076072 32.692987 293.229089 242.461212 187.948069 159.035566 108.722094 163.395070
139.400000 303.463741 219.016786 165.596351 131.612258 110.857563 97.863439 71.524855 48.099196 32.710609 293.336973 242.551697 188.019825 159.097359 108.766475 163.458368
139.450000 303.575089 219.099194 165.660384 131.664557 110.902670 97.904029 71.556244 48.122321 32.728231 293.444856 242.642181 188.091580 159.159152 108.810856 163.521664
139.500000 303.686436 219.181601 165.724417 131.716855 110.947776 97.944619 71.587632 48.145445 32.745852 293.552738 242.732664 188.163334 159.220944 108.855236 163.584960
139.550000 303.797782 219.264008 165.788449 131.769153 110.992882 97.985208 71.619021 48.168569 32.763474 293.660618 242.823146 188.235087 159.282736 108.899616 163.648255
139.600000 303.909126 219.346413 165.852481 131.821451 111.037988 98.025797 71.650409 48.191693 32.781096 293.768497 242.913627 188.306840 159.344527 108.943995 163.711550
139.650000 304.020469 219.428817 165.916511 131.873748 111.083093 98.066385 71.681796 48.214817 32.798718 293.876374 243.004107 188.378592 159.406317 108.988374 163.774844
139.700000 304.131811 219.511220 165.980542 131.926045 111.128197 98.106974 71.713184 48.237941 32.816340 293.984251 243.094585 188.450343 159.468106 109.032753 163.838137
139.750000 304.243151 219.593623 166.044571 131.978341 111.173302 98.147561 71.744572 48.261064 32.833961 294.092125 243.185063 188.522093 159.529895 109.077131 163.901429
139.800000 304.354490 219.676024 166.108600 132.030637 111.218406 98.188149 71.775959 48.284188 32.851583 294.199999 243.275539 188.593842 159.591684 109.121509 163.964721
139.850000 304.465827 219.758424 166.172628 132.082932 111.263509 98.228736 71.807346 48.307312 32.869205 294.307871 243.366015 188.665591 159.653471 109.165887 164.028013
139.900000 304.577163 219.840824 166.236655 132.135226 111.308612 98.269323 71.838733 48.330435 32.886827 294.415742 243.456489 188.737338 159.715258 109.210264 164.091303
139.950000 304.688498 219.923222 166.300682 132.187520 111.353715 98.309910 71.870119 48.353559 32.904449 294.523612 243.546963 188.809085 159.777045 109.254641 164.154593
140.000000 304.799831 220.005620 166.364708 132.239814 111.398817 98.350496 71.901506 48.376682 32.922070 294.631480 243.637435 188.880832 159.838830 109.299017 164.217882
140.050000 304.911163 220.088017 166.428733 132.292107 111.443919 98.391082 71.932892 48.399805 32.939692 294.739347 243.727906 188.952577 159.900615 109.343393 164.281171
140.100000 305.022494 220.170412 166.492758 132.344400 111.489021 98.431667 71.964278 48.422929 32.957314 294.847213 243.818376 189.024322 159.962400 109.387769 164.344459
140.150000 305.133823 220.252807 166.556782 132.396692 111.534122 98.472252 71.995664 48.446052 32.974936 294.955077 243.908845 189.096065 160.024184 109.432144 164.407746
140.200000 305.245151 220.335201 166.620806 132.448983 111.579222 98.512837 72.027050 48.469175 32.992558 295.062940 243.999313 189.167808 160.085967 109.476519 164.471032
140.250000 305.356478 220.417594 166.684828 132.501274 111.624323 98.553422 72.058435 48.492298 33.010180 295.170801 244.089780 189.239551 160.147749 109.520893 164.534318
140.300000 305.467803 220.499986 166.748850 132.553565 111.669423 98.594006 72.089820 48.515421 33.027802 295.278662 244.180246 189.311292 160.209531 109.565267 164.597603
140.350000 305.579127 220.582377 166.812872 132.605855 111.714522 98.634590 72.121206 48.538544 33.045424 295.386521 244.270711 189.383033 160.271312 109.609641 164.660888
140.400000 305.690449 220.664767 166.876892 132.658145 111.759621 98.675174 72.152590 48.561666 33.063045 295.494379 244.361175 189.454773 160.333093 109.654014 164.724172
140.450000 305.801770 220.747156 166.940912 132.710434 111.804720 98.715757 72.183975 48.584789 33.080667 295.602235 244.451637 189.526512 160.394873 109.698387 164.787455
140.500000 305.913090 220.829544 167.004932 132.762722 111.849818 98.756340 72.215360 48.607912 33.098289 295.710090 244.542099 189.598250 160.456652 109.742759 164.850738
140.550000 306.024408 220.911931 167.068950 132.815010 111.894916 98.796922 72.246744 48.631034 33.115911 295.817944 244.632559 189.669988 160.518431 109.787131 164.914020
140.600000 306.135725 220.994317 167.132968 132.867298 111.940014 98.837505 72.278128 48.654157 33.133533 295.925796 244.723019 189.741724 160.580209 109.831503 164.977301
140.650000 306.247040 221.076703 167.196986 132.919585 111.985111 98.878086 72.309512 48.677279 33.151155 296.033647 244.813477 189.813460 160.641986 109.875874 165.040581
140.700000 306.358354 221.159087 167.261002 132.971872 112.030208 98.918668 72.340896 48.700402 33.168777 296.141497 244.903935 189.885196 160.703763 109.920245 165.103861
140.750000 306.469667 221.241471 167.325018 133.024158 112.075304 98.959249 72.372279 48.723524 33.186399 296.249346 244.994391 189.956930 160.765539 109.964616 165.167141
140.800000 306.580979 221.323853 167.389033 133.076443 112.120400 98.999830 72.403662 48.746646 33.204021 296.357193 245.084846 190.028663 160.827314 110.008986 165.230419
140.850000 306.692289 221.406235 167.453048 133.128728 112.165495 99.040411 72.435046 48.769768 33.221643 296.465039 245.175301 190.100396 160.889089 110.053356 165.293697
140.900000 306.803598 221.488615 167.517062 133.181013 112.210591 99.080991 72.466429 48.792890 33.239265 296.572883 245.265754 190.172128 160.950863 110.097725 165.356974
140.950000 306.914905 221.570995 167.581075 133.233297 112.255685 99.121571 72.497811 48.816012 33.256887 296.680727 245.356206 190.243860 161.012637 110.142094 165.420251
141.000000 307.026211 221.653374 167.645088 133.285580 112.300780 99.162151 72.529194 48.839134 33.274509 296.788569 245.446657 190.315590 161.074410 110.186463 165.483527
141.050000 307.137516 221.735751 167.709100 133.337864 112.345874 99.202730 72.560576 48.862256 33.292131 296.896409 245.537107 190.387320 161.136182 110.230831 165.546802
141.100000 307.248819 221.818128 167.773111 133.390146 112.390967 99.243309 72.591958 48.885378 33.309753 297.004249 245.627556 190.459049 161.197954 110.275199 165.610077
141.150000 307.360121 221.900504 167.837122 133.442428 112.436060 99.283887 72.623340 48.908499 33.327375 297.112087 245.718004 190.530777 161.259725 110.319566 165.673351
141.200000 307.471421 221.982879 167.901131 133.494710 112.481153 99.324466 72.654722 48.931621 33.344996 297.219923 245.808450 190.602504 161.321495 110.363933 165.736624
141.250000 307.582721 222.065253 167.965141 133.546991 112.526246 99.365044 72.686104 48.954742 33.362618 297.327759 245.898896 190.674231 161.383265 110.408300 165.799897
141.300000 307.694018 222.147626 168.029149 133.599271 112.571338 99.405621 72.717485 48.977864 33.380240 297.435593 245.989341 190.745956 161.445034 110.452666 165.863169
141.350000 307.805315 222.229998 168.093157 133.651551 112.616429 99.446198 72.748866 49.000985 33.397862 297.543426 246.079785 190.817681 161.506802 110.497032 165.926440
141.400000 307.916610 222.312370 168.157164 133.703831 112.661520 99.486775 72.780247 49.024106 33.415484 297.651257 246.170227 190.889405 161.568570 110.541398 165.989711
141.450000 308.027904 222.394740 168.221171 133.756110 112.706611 99.527352 72.811628 49.047228 33.433106 297.759087 246.260669 190.961129 161.630337 110.585763 166.052981
141.500000 308.139196 222.477109 168.285177 133.808389 112.751702 99.567928 72.843008 49.070349 33.450728 297.866916 246.351109 191.032851 161.692104 110.630128 166.116250
141.550000 308.250487 222.559478 168.349182 133.860667 112.796792 99.608504 72.874389 49.093470 33.468350 297.974744 246.441549 191.104573 161.753870 110.674492 166.179519
