web/models/kne/35/Metzger_0.090038_0.046207_0.450000.dat
# %ECSV 0.9
# ---
# datatype:
# - {name: time, datatype: float64}
# - {name: sdss_u, datatype: float64}
# - {name: sdss_g, datatype: float64}
# - {name: sdss_r, datatype: float64}
# - {name: sdss_i, datatype: float64}
# - {name: sdss_z, datatype: float64}
# - {name: PS1_y, datatype: float64}
# - {name: ukirt_J, datatype: float64}
# - {name: ukirt_H, datatype: float64}
# - {name: ukirt_K, datatype: float64}
# - {name: johnson_U, datatype: float64}
# - {name: johnson_B, datatype: float64}
# - {name: johnson_V, datatype: float64}
# - {name: johnson_R, datatype: float64}
# - {name: johnson_I, datatype: float64}
# - {name: Clear, datatype: float64}
# meta: !!omap
# - comment: [vej = 0.046206896551724136, mej = 0.09003814830589497, Ye = 0.45, redshift = 0.0]
# schema: astropy-2.0
time sdss_u sdss_g sdss_r sdss_i sdss_z PS1_y ukirt_J ukirt_H ukirt_K johnson_U johnson_B johnson_V johnson_R johnson_I Clear
[from data line 2784]
139.300000 176.591781 124.647527 91.863303 71.057956 58.381046 50.459714 34.454948 20.310962 11.102099 170.357235 139.112397 105.614980 87.880832 57.105401 90.553012
139.350000 176.660576 124.698365 91.902739 71.090111 58.408739 50.484604 34.474129 20.325015 11.112737 170.423879 139.168246 105.659208 87.918878 57.132643 90.591991
139.400000 176.729371 124.749202 91.942175 71.122266 58.436431 50.509493 34.493309 20.339067 11.123376 170.490523 139.224094 105.703435 87.956924 57.159885 90.630970
139.450000 176.798164 124.800039 91.981611 71.154421 58.464123 50.534383 34.512489 20.353120 11.134014 170.557167 139.279942 105.747662 87.994970 57.187126 90.669948
139.500000 176.866957 124.850875 92.021047 71.186575 58.491815 50.559272 34.531670 20.367172 11.144652 170.623809 139.335789 105.791888 88.033015 57.214368 90.708927
139.550000 176.935749 124.901711 92.060482 71.218730 58.519507 50.584162 34.550850 20.381225 11.155291 170.690451 139.391635 105.836114 88.071059 57.241609 90.747904
139.600000 177.004540 124.952546 92.099916 71.250884 58.547198 50.609051 34.570030 20.395278 11.165930 170.757092 139.447481 105.880339 88.109104 57.268850 90.786882
139.650000 177.073330 125.003380 92.139351 71.283038 58.574890 50.633940 34.589210 20.409330 11.176568 170.823732 139.503326 105.924564 88.147148 57.296091 90.825859
139.700000 177.142120 125.054214 92.178785 71.315192 58.602581 50.658829 34.608391 20.423383 11.187207 170.890371 139.559171 105.968789 88.185192 57.323332 90.864836
139.750000 177.210909 125.105048 92.218219 71.347345 58.630272 50.683718 34.627571 20.437436 11.197846 170.957010 139.615015 106.013013 88.223236 57.350572 90.903812
139.800000 177.279697 125.155881 92.257652 71.379498 58.657963 50.708606 34.646751 20.451489 11.208485 171.023648 139.670859 106.057237 88.261279 57.377813 90.942788
139.850000 177.348484 125.206714 92.297085 71.411651 58.685654 50.733495 34.665931 20.465541 11.219124 171.090285 139.726701 106.101460 88.299322 57.405053 90.981764
139.900000 177.417271 125.257546 92.336518 71.443804 58.713345 50.758383 34.685111 20.479594 11.229764 171.156922 139.782544 106.145683 88.337364 57.432294 91.020740
139.950000 177.486056 125.308377 92.375950 71.475957 58.741035 50.783272 34.704291 20.493647 11.240403 171.223557 139.838386 106.189906 88.375407 57.459534 91.059715
140.000000 177.554841 125.359208 92.415382 71.508109 58.768725 50.808160 34.723471 20.507700 11.251043 171.290192 139.894227 106.234128 88.413448 57.486774 91.098690
140.050000 177.623625 125.410039 92.454814 71.540261 58.796416 50.833048 34.742651 20.521754 11.261682 171.356826 139.950067 106.278350 88.451490 57.514013 91.137664
140.100000 177.692409 125.460869 92.494245 71.572413 58.824106 50.857936 34.761831 20.535807 11.272322 171.423460 140.005907 106.322571 88.489531 57.541253 91.176638
140.150000 177.761191 125.511699 92.533676 71.604565 58.851796 50.882824 34.781011 20.549860 11.282962 171.490092 140.061747 106.366792 88.527572 57.568492 91.215612
140.200000 177.829973 125.562528 92.573107 71.636716 58.879485 50.907712 34.800191 20.563913 11.293602 171.556724 140.117586 106.411013 88.565613 57.595732 91.254586
140.250000 177.898754 125.613356 92.612537 71.668868 58.907175 50.932599 34.819371 20.577966 11.304242 171.623355 140.173424 106.455233 88.603654 57.622971 91.293559
140.300000 177.967534 125.664184 92.651967 71.701019 58.934864 50.957487 34.838551 20.592020 11.314882 171.689986 140.229261 106.499452 88.641694 57.650210 91.332532
140.350000 178.036314 125.715012 92.691397 71.733169 58.962554 50.982374 34.857731 20.606073 11.325522 171.756616 140.285099 106.543672 88.679733 57.677449 91.371504
140.400000 178.105092 125.765839 92.730826 71.765320 58.990243 51.007262 34.876911 20.620127 11.336162 171.823244 140.340935 106.587891 88.717773 57.704687 91.410476
140.450000 178.173870 125.816665 92.770255 71.797470 59.017932 51.032149 34.896091 20.634180 11.346803 171.889873 140.396771 106.632109 88.755812 57.731926 91.449448
140.500000 178.242647 125.867491 92.809684 71.829620 59.045620 51.057036 34.915270 20.648234 11.357443 171.956500 140.452606 106.676327 88.793851 57.759164 91.488420
140.550000 178.311423 125.918317 92.849112 71.861770 59.073309 51.081923 34.934450 20.662287 11.368084 172.023127 140.508441 106.720545 88.831889 57.786403 91.527391
140.600000 178.380199 125.969141 92.888540 71.893920 59.100997 51.106810 34.953630 20.676341 11.378724 172.089753 140.564275 106.764762 88.869927 57.813641 91.566362
140.650000 178.448974 126.019966 92.927968 71.926069 59.128686 51.131697 34.972810 20.690395 11.389365 172.156378 140.620109 106.808979 88.907965 57.840879 91.605333
140.700000 178.517748 126.070790 92.967395 71.958218 59.156374 51.156583 34.991989 20.704448 11.400006 172.223002 140.675942 106.853195 88.946003 57.868117 91.644303
140.750000 178.586521 126.121613 93.006822 71.990367 59.184062 51.181470 35.011169 20.718502 11.410647 172.289626 140.731774 106.897411 88.984040 57.895354 91.683273
140.800000 178.655293 126.172436 93.046249 72.022516 59.211750 51.206356 35.030348 20.732556 11.421288 172.356249 140.787606 106.941627 89.022077 57.922592 91.722242
140.850000 178.724065 126.223259 93.085675 72.054665 59.239437 51.231243 35.049528 20.746610 11.431929 172.422871 140.843437 106.985842 89.060114 57.949829 91.761211
140.900000 178.792836 126.274080 93.125101 72.086813 59.267125 51.256129 35.068708 20.760664 11.442571 172.489492 140.899268 107.030057 89.098150 57.977066 91.800180
140.950000 178.861606 126.324902 93.164527 72.118961 59.294812 51.281015 35.087887 20.774718 11.453212 172.556113 140.955098 107.074271 89.136186 58.004303 91.839149
141.000000 178.930375 126.375723 93.203952 72.151109 59.322499 51.305901 35.107067 20.788772 11.463854 172.622733 141.010927 107.118485 89.174221 58.031540 91.878117
141.050000 178.999143 126.426543 93.243377 72.183257 59.350187 51.330787 35.126246 20.802826 11.474495 172.689352 141.066756 107.162699 89.212257 58.058777 91.917085
141.100000 179.067911 126.477363 93.282802 72.215404 59.377873 51.355672 35.145425 20.816880 11.485137 172.755971 141.122584 107.206912 89.250292 58.086014 91.956053
141.150000 179.136678 126.528182 93.322226 72.247551 59.405560 51.380558 35.164605 20.830934 11.495779 172.822588 141.178412 107.251125 89.288327 58.113250 91.995020
141.200000 179.205444 126.579001 93.361650 72.279698 59.433247 51.405443 35.183784 20.844988 11.506421 172.889205 141.234239 107.295337 89.326361 58.140486 92.033987
141.250000 179.274210 126.629820 93.401074 72.311845 59.460933 51.430329 35.202964 20.859043 11.517063 172.955821 141.290066 107.339549 89.364395 58.167723 92.072954
141.300000 179.342974 126.680637 93.440497 72.343991 59.488619 51.455214 35.222143 20.873097 11.527705 173.022437 141.345892 107.383761 89.402429 58.194959 92.111920
141.350000 179.411738 126.731455 93.479920 72.376138 59.516306 51.480099 35.241322 20.887151 11.538347 173.089052 141.401717 107.427972 89.440462 58.222194 92.150886
141.400000 179.480501 126.782272 93.519343 72.408284 59.543991 51.504984 35.260501 20.901206 11.548989 173.155666 141.457542 107.472183 89.478496 58.249430 92.189851
141.450000 179.549263 126.833088 93.558765 72.440430 59.571677 51.529869 35.279681 20.915260 11.559632 173.222279 141.513366 107.516393 89.516528 58.276666 92.228817
141.500000 179.618025 126.883904 93.598187 72.472575 59.599363 51.554754 35.298860 20.929315 11.570274 173.288891 141.569190 107.560603 89.554561 58.303901 92.267782
141.550000 179.686786 126.934719 93.637609 72.504721 59.627048 51.579639 35.318039 20.943369 11.580917 173.355503 141.625013 107.604812 89.592593 58.331136 92.306746
141.600000 179.755545 126.985534 93.677030 72.536866 59.654734 51.604523 35.337218 20.957424 11.591560 173.422114 141.680835 107.649021 89.630625 58.358371 92.345711
141.650000 179.824305 127.036348 93.716451 72.569011 59.682419 51.629408 35.356397 20.971479 11.602203 173.488724 141.736657 107.693230 89.668657 58.385606 92.384675
141.700000 179.893063 127.087162 93.755871 72.601155 59.710104 51.654292 35.375576 20.985533 11.612845 173.555334 141.792479 107.737438 89.706688 58.412841 92.423638
141.750000 179.961821 127.137975 93.795292 72.633300 59.737789 51.679176 35.394755 20.999588 11.623489 173.621943 141.848299 107.781646 89.744719 58.440076 92.462602
141.800000 180.030578 127.188788 93.834712 72.665444 59.765473 51.704060 35.413934 21.013643 11.634132 173.688551 141.904120 107.825854 89.782749 58.467310 92.501565
141.850000 180.099334 127.239600 93.874131 72.697588 59.793158 51.728944 35.433113 21.027698 11.644775 173.755158 141.959939 107.870061 89.820780 58.494545 92.540527
141.900000 180.168089 127.290412 93.913551 72.729732 59.820842 51.753828 35.452292 21.041753 11.655418 173.821764 142.015758 107.914268 89.858810 58.521779 92.579490
141.950000 180.236843 127.341223 93.952970 72.761876 59.848527 51.778712 35.471471 21.055808 11.666062 173.888370 142.071577 107.958474 89.896840 58.549013 92.618452
142.000000 180.305597 127.392034 93.992388 72.794019 59.876211 51.803596 35.490650 21.069863 11.676705 173.954975 142.127394 108.002680 89.934869 58.576247 92.657414
142.050000 180.374350 127.442844 94.031807 72.826162 59.903894 51.828479 35.509829 21.083918 11.687349 174.021580 142.183212 108.046885 89.972898 58.603481 92.696375
142.100000 180.443102 127.493654 94.071225 72.858305 59.931578 51.853362 35.529008 21.097973 11.697992 174.088183 142.239028 108.091090 90.010927 58.630714 92.735336
142.150000 180.511854 127.544463 94.110642 72.890448 59.959262 51.878246 35.548187 21.112028 11.708636 174.154786 142.294844 108.135295 90.048955 58.657948 92.774297
142.200000 180.580604 127.595272 94.150060 72.922590 59.986945 51.903129 35.567366 21.126083 11.719280 174.221388 142.350660 108.179499 90.086983 58.685181 92.813257
142.250000 180.649354 127.646080 94.189477 72.954732 60.014629 51.928012 35.586544 21.140138 11.729924 174.287990 142.406475 108.223703 90.125011 58.712414 92.852217
142.300000 180.718103 127.696888 94.228893 72.986874 60.042312 51.952895 35.605723 21.154194 11.740568 174.354590 142.462289 108.267906 90.163039 58.739647 92.891177
142.350000 180.786852 127.747695 94.268309 73.019016 60.069995 51.977778 35.624902 21.168249 11.751212 174.421190 142.518103 108.312109 90.201066 58.766880 92.930136
142.400000 180.855599 127.798502 94.307725 73.051158 60.097677 52.002661 35.644080 21.182304 11.761857 174.487789 142.573916 108.356312 90.239093 58.794113 92.969096
142.450000 180.924346 127.849308 94.347141 73.083299 60.125360 52.027543 35.663259 21.196360 11.772501 174.554388 142.629729 108.400514 90.277120 58.821345 93.008054
142.500000 180.993092 127.900114 94.386556 73.115440 60.153043 52.052426 35.682438 21.210415 11.783146 174.620985 142.685541 108.444716 90.315146 58.848578 93.047013
142.550000 181.061837 127.950919 94.425971 73.147581 60.180725 52.077308 35.701616 21.224471 11.793790 174.687582 142.741353 108.488918 90.353172 58.875810 93.085971
142.600000 181.130582 128.001724 94.465386 73.179722 60.208407 52.102190 35.720795 21.238526 11.804435 174.754178 142.797164 108.533119 90.391198 58.903042 93.124929
142.650000 181.199326 128.052528 94.504800 73.211862 60.236089 52.127072 35.739973 21.252582 11.815080 174.820774 142.852974 108.577319 90.429223 58.930274 93.163886
142.700000 181.268069 128.103332 94.544214 73.244003 60.263771 52.151954 35.759152 21.266638 11.825724 174.887369 142.908784 108.621519 90.467248 58.957506 93.202843
142.750000 181.336811 128.154135 94.583628 73.276143 60.291453 52.176836 35.778330 21.280693 11.836369 174.953963 142.964593 108.665719 90.505273 58.984737 93.241800
142.800000 181.405552 128.204938 94.623041 73.308282 60.319134 52.201718 35.797509 21.294749 11.847014 175.020556 143.020401 108.709919 90.543297 59.011969 93.280757
142.850000 181.474293 128.255740 94.662454 73.340422 60.346816 52.226600 35.816687 21.308805 11.857660 175.087148 143.076209 108.754118 90.581321 59.039200 93.319713
142.900000 181.543033 128.306542 94.701867 73.372561 60.374497 52.251481 35.835865 21.322861 11.868305 175.153740 143.132017 108.798316 90.619345 59.066431 93.358669
142.950000 181.611772 128.357343 94.741279 73.404700 60.402178 52.276363 35.855044 21.336916 11.878950 175.220331 143.187824 108.842514 90.657368 59.093662 93.397624
143.000000 181.680510 128.408144 94.780691 73.436839 60.429859 52.301244 35.874222 21.350972 11.889596 175.286922 143.243630 108.886712 90.695392 59.120893 93.436580
143.050000 181.749248 128.458944 94.820103 73.468978 60.457540 52.326126 35.893400 21.365028 11.900241 175.353511 143.299436 108.930910 90.733414 59.148124 93.475534
143.100000 181.817985 128.509744 94.859514 73.501116 60.485220 52.351007 35.912579 21.379084 11.910887 175.420100 143.355241 108.975107 90.771437 59.175355 93.514489
143.150000 181.886721 128.560543 94.898925 73.533255 60.512901 52.375888 35.931757 21.393140 11.921533 175.486688 143.411046 109.019303 90.809459 59.202585 93.553443
143.200000 181.955456 128.611342 94.938336 73.565393 60.540581 52.400768 35.950935 21.407197 11.932178 175.553275 143.466850 109.063499 90.847481 59.229815 93.592397
143.250000 182.024191 128.662140 94.977746 73.597530 60.568261 52.425649 35.970113 21.421253 11.942824 175.619862 143.522653 109.107695 90.885503 59.257045 93.631351
143.300000 182.092924 128.712938 95.017156 73.629668 60.595941 52.450530 35.989291 21.435309 11.953470 175.686448 143.578456 109.151891 90.923524 59.284275 93.670304
143.350000 182.161657 128.763735 95.056566 73.661805 60.623621 52.475410 36.008469 21.449365 11.964117 175.753033 143.634258 109.196086 90.961545 59.311505 93.709257
143.400000 182.230390 128.814532 95.095975 73.693942 60.651301 52.500291 36.027647 21.463421 11.974763 175.819618 143.690060 109.240280 90.999566 59.338735 93.748210
143.450000 182.299121 128.865328 95.135384 73.726079 60.678980 52.525171 36.046825 21.477478 11.985409 175.886201 143.745861 109.284474 91.037586 59.365965 93.787162
143.500000 182.367852 128.916124 95.174793 73.758216 60.706659 52.550051 36.066003 21.491534 11.996055 175.952784 143.801662 109.328668 91.075606 59.393194 93.826114
143.550000 182.436582 128.966919 95.214201 73.790352 60.734339 52.574931 36.085181 21.505591 12.006702 176.019367 143.857462 109.372862 91.113626 59.420423 93.865065
143.600000 182.505311 129.017714 95.253609 73.822489 60.762018 52.599811 36.104359 21.519647 12.017349 176.085948 143.913261 109.417054 91.151646 59.447652 93.904017
143.650000 182.574039 129.068508 95.293017 73.854625 60.789696 52.624691 36.123537 21.533704 12.027995 176.152529 143.969060 109.461247 91.189665 59.474881 93.942968
143.700000 182.642767 129.119302 95.332425 73.886760 60.817375 52.649571 36.142715 21.547760 12.038642 176.219109 144.024858 109.505439 91.227684 59.502110 93.981918
143.750000 182.711494 129.170095 95.371832 73.918896 60.845054 52.674451 36.161893 21.561817 12.049289 176.285688 144.080656 109.549631 91.265702 59.529339 94.020869
143.800000 182.780220 129.220888 95.411238 73.951031 60.872732 52.699330 36.181071 21.575873 12.059936 176.352267 144.136453 109.593822 91.303720 59.556567 94.059819
143.850000 182.848945 129.271680 95.450645 73.983166 60.900410 52.724209 36.200249 21.589930 12.070583 176.418845 144.192250 109.638013 91.341738 59.583795 94.098769
143.900000 182.917670 129.322472 95.490051 74.015301 60.928089 52.749089 36.219426 21.603987 12.081230 176.485422 144.248046 109.682204 91.379756 59.611024 94.137718
143.950000 182.986394 129.373263 95.529456 74.047436 60.955766 52.773968 36.238604 21.618043 12.091877 176.551998 144.303841 109.726394 91.417773 59.638252 94.176667
144.000000 183.055117 129.424054 95.568862 74.079570 60.983444 52.798847 36.257782 21.632100 12.102525 176.618574 144.359636 109.770584 91.455790 59.665480 94.215616
