web/models/kne/35/Metzger_0.262885_0.451379_0.100000.dat
# %ECSV 0.9
# ---
# datatype:
# - {name: time, datatype: float64}
# - {name: sdss_u, datatype: float64}
# - {name: sdss_g, datatype: float64}
# - {name: sdss_r, datatype: float64}
# - {name: sdss_i, datatype: float64}
# - {name: sdss_z, datatype: float64}
# - {name: PS1_y, datatype: float64}
# - {name: ukirt_J, datatype: float64}
# - {name: ukirt_H, datatype: float64}
# - {name: ukirt_K, datatype: float64}
# - {name: johnson_U, datatype: float64}
# - {name: johnson_B, datatype: float64}
# - {name: johnson_V, datatype: float64}
# - {name: johnson_R, datatype: float64}
# - {name: johnson_I, datatype: float64}
# - {name: Clear, datatype: float64}
# meta: !!omap
# - comment: [vej = 0.4513793103448276, mej = 0.2628852448240983, Ye = 0.1, redshift = 0.0]
# schema: astropy-2.0
time sdss_u sdss_g sdss_r sdss_i sdss_z PS1_y ukirt_J ukirt_H ukirt_K johnson_U johnson_B johnson_V johnson_R johnson_I Clear
[from data line 2048]
102.500000 340.259482 244.965853 184.658780 146.276727 122.826346 108.139350 78.352204 51.829101 34.378239 328.833818 271.527583 209.976173 177.319985 120.463132 182.244583
102.550000 340.434218 245.095215 184.759335 146.358885 122.897227 108.203149 78.401577 51.865517 34.406029 329.003120 271.669607 210.088834 177.417027 120.532874 182.343982
102.600000 340.608948 245.224574 184.859887 146.441040 122.968106 108.266946 78.450949 51.901933 34.433818 329.172417 271.811626 210.201491 177.514066 120.602615 182.443379
102.650000 340.783673 245.353928 184.960435 146.523192 123.038983 108.330742 78.500321 51.938348 34.461607 329.341709 271.953642 210.314144 177.611102 120.672353 182.542772
102.700000 340.958393 245.483279 185.060981 146.605343 123.109858 108.394537 78.549690 51.974762 34.489395 329.510996 272.095653 210.426795 177.708135 120.742090 182.642163
102.750000 341.133107 245.612626 185.161525 146.687491 123.180731 108.458330 78.599059 52.011175 34.517183 329.680277 272.237660 210.539442 177.805166 120.811825 182.741551
102.800000 341.307816 245.741970 185.262065 146.769637 123.251603 108.522121 78.648427 52.047588 34.544970 329.849554 272.379663 210.652086 177.902193 120.881559 182.840936
102.850000 341.482520 245.871309 185.362602 146.851781 123.322472 108.585910 78.697793 52.084000 34.572757 330.018825 272.521662 210.764727 177.999219 120.951290 182.940318
102.900000 341.657219 246.000645 185.463137 146.933922 123.393340 108.649698 78.747159 52.120411 34.600544 330.188092 272.663656 210.877364 178.096241 121.021020 183.039697
102.950000 341.831912 246.129977 185.563669 147.016062 123.464206 108.713484 78.796523 52.156822 34.628330 330.357353 272.805647 210.989998 178.193261 121.090748 183.139074
103.000000 342.006600 246.259305 185.664198 147.098199 123.535070 108.777269 78.845886 52.193232 34.656115 330.526609 272.947633 211.102630 178.290278 121.160474 183.238448
103.050000 342.181282 246.388630 185.764724 147.180334 123.605932 108.841052 78.895248 52.229641 34.683900 330.695860 273.089614 211.215257 178.387292 121.230198 183.337819
103.100000 342.355960 246.517950 185.865247 147.262466 123.676792 108.904833 78.944609 52.266049 34.711685 330.865106 273.231592 211.327882 178.484304 121.299920 183.437187
103.150000 342.530632 246.647267 185.965768 147.344597 123.747651 108.968613 78.993968 52.302457 34.739469 331.034347 273.373566 211.440503 178.581312 121.369641 183.536553
103.200000 342.705299 246.776580 186.066285 147.426725 123.818507 109.032391 79.043327 52.338864 34.767253 331.203582 273.515535 211.553121 178.678318 121.439360 183.635915
103.250000 342.879960 246.905890 186.166800 147.508851 123.889362 109.096167 79.092684 52.375270 34.795037 331.372813 273.657500 211.665736 178.775322 121.509076 183.735275
103.300000 343.054617 247.035195 186.267312 147.590975 123.960215 109.159942 79.142040 52.411675 34.822820 331.542038 273.799461 211.778348 178.872323 121.578792 183.834632
103.350000 343.229268 247.164497 186.367821 147.673096 124.031066 109.223715 79.191395 52.448080 34.850602 331.711259 273.941418 211.890956 178.969321 121.648505 183.933987
103.400000 343.403913 247.293795 186.468327 147.755216 124.101915 109.287487 79.240749 52.484484 34.878384 331.880474 274.083370 212.003562 179.066316 121.718216 184.033338
103.450000 343.578554 247.423089 186.568831 147.837333 124.172762 109.351257 79.290102 52.520888 34.906166 332.049685 274.225318 212.116164 179.163308 121.787926 184.132687
103.500000 343.753189 247.552380 186.669332 147.919448 124.243608 109.415025 79.339453 52.557290 34.933947 332.218890 274.367263 212.228762 179.260298 121.857634 184.232033
103.550000 343.927819 247.681666 186.769829 148.001560 124.314452 109.478792 79.388804 52.593692 34.961728 332.388090 274.509203 212.341358 179.357285 121.927340 184.331376
103.600000 344.102444 247.810949 186.870325 148.083671 124.385293 109.542557 79.438153 52.630093 34.989508 332.557285 274.651138 212.453950 179.454270 121.997044 184.430716
103.650000 344.277064 247.940228 186.970817 148.165779 124.456133 109.606321 79.487501 52.666494 35.017288 332.726475 274.793070 212.566540 179.551252 122.066747 184.530054
103.700000 344.451678 248.069504 187.071306 148.247885 124.526971 109.670083 79.536848 52.702894 35.045068 332.895660 274.934998 212.679125 179.648231 122.136447 184.629389
103.750000 344.626287 248.198775 187.171793 148.329989 124.597808 109.733843 79.586194 52.739293 35.072847 333.064840 275.076921 212.791708 179.745207 122.206146 184.728721
103.800000 344.800891 248.328043 187.272277 148.412091 124.668642 109.797602 79.635539 52.775691 35.100625 333.234015 275.218840 212.904288 179.842181 122.275843 184.828050
103.850000 344.975490 248.457308 187.372758 148.494190 124.739475 109.861359 79.684882 52.812088 35.128403 333.403185 275.360755 213.016864 179.939152 122.345538 184.927377
103.900000 345.150083 248.586568 187.473236 148.576287 124.810305 109.925114 79.734225 52.848485 35.156181 333.572349 275.502666 213.129437 180.036120 122.415232 185.026701
103.950000 345.324671 248.715825 187.573711 148.658382 124.881134 109.988868 79.783566 52.884881 35.183958 333.741509 275.644573 213.242007 180.133085 122.484923 185.126022
104.000000 345.499254 248.845078 187.674184 148.740475 124.951961 110.052621 79.832906 52.921277 35.211735 333.910664 275.786475 213.354574 180.230048 122.554613 185.225340
104.050000 345.673832 248.974327 187.774653 148.822565 125.022787 110.116371 79.882245 52.957672 35.239512 334.079813 275.928373 213.467137 180.327009 122.624301 185.324655
104.100000 345.848405 249.103572 187.875120 148.904654 125.093610 110.180120 79.931583 52.994066 35.267288 334.248958 276.070268 213.579698 180.423966 122.693987 185.423968
104.150000 346.022972 249.232814 187.975585 148.986740 125.164432 110.243868 79.980920 53.030459 35.295063 334.418098 276.212158 213.692255 180.520921 122.763672 185.523278
104.200000 346.197534 249.362052 188.076046 149.068824 125.235251 110.307614 80.030255 53.066851 35.322838 334.587232 276.354044 213.804809 180.617873 122.833354 185.622585
104.250000 346.372091 249.491286 188.176505 149.150906 125.306069 110.371358 80.079590 53.103243 35.350613 334.756362 276.495925 213.917360 180.714823 122.903035 185.721889
104.300000 346.546643 249.620517 188.276960 149.232985 125.376885 110.435100 80.128923 53.139634 35.378387 334.925486 276.637803 214.029907 180.811769 122.972714 185.821191
104.350000 346.721189 249.749744 188.377413 149.315063 125.447699 110.498841 80.178255 53.176025 35.406161 335.094606 276.779677 214.142452 180.908713 123.042391 185.920490
104.400000 346.895731 249.878967 188.477863 149.397138 125.518512 110.562581 80.227587 53.212415 35.433935 335.263720 276.921546 214.254993 181.005655 123.112067 186.019786
104.450000 347.070267 250.008186 188.578311 149.479211 125.589322 110.626319 80.276916 53.248804 35.461707 335.432830 277.063411 214.367531 181.102594 123.181740 186.119080
104.500000 347.244798 250.137402 188.678755 149.561282 125.660131 110.690055 80.326245 53.285192 35.489480 335.601934 277.205272 214.480066 181.199530 123.251412 186.218370
104.550000 347.419324 250.266614 188.779197 149.643350 125.730938 110.753790 80.375573 53.321579 35.517252 335.771033 277.347129 214.592597 181.296463 123.321082 186.317658
104.600000 347.593844 250.395822 188.879636 149.725417 125.801743 110.817523 80.424899 53.357966 35.545024 335.940128 277.488982 214.705126 181.393394 123.390750 186.416943
104.650000 347.768360 250.525026 188.980073 149.807481 125.872546 110.881254 80.474225 53.394352 35.572795 336.109217 277.630831 214.817651 181.490322 123.460417 186.516226
104.700000 347.942870 250.654227 189.080506 149.889543 125.943348 110.944984 80.523549 53.430738 35.600566 336.278302 277.772676 214.930173 181.587247 123.530081 186.615505
104.750000 348.117375 250.783424 189.180937 149.971603 126.014147 111.008712 80.572872 53.467123 35.628336 336.447381 277.914516 215.042692 181.684170 123.599744 186.714782
104.800000 348.291875 250.912618 189.281365 150.053660 126.084945 111.072439 80.622194 53.503507 35.656106 336.616455 278.056352 215.155208 181.781090 123.669405 186.814056
104.850000 348.466370 251.041807 189.381790 150.135716 126.155741 111.136164 80.671515 53.539890 35.683875 336.785525 278.198185 215.267721 181.878007 123.739065 186.913328
104.900000 348.640859 251.170993 189.482212 150.217769 126.226535 111.199887 80.720835 53.576272 35.711644 336.954589 278.340013 215.380230 181.974922 123.808722 187.012596
104.950000 348.815344 251.300176 189.582632 150.299820 126.297327 111.263609 80.770154 53.612654 35.739413 337.123649 278.481837 215.492736 182.071834 123.878378 187.111862
105.000000 348.989823 251.429354 189.683048 150.381869 126.368118 111.327329 80.819471 53.649035 35.767181 337.292703 278.623657 215.605239 182.168744 123.948032 187.211126
105.050000 349.164297 251.558529 189.783463 150.463916 126.438907 111.391048 80.868787 53.685416 35.794949 337.461753 278.765473 215.717739 182.265650 124.017684 187.310386
105.100000 349.338766 251.687700 189.883874 150.545960 126.509693 111.454765 80.918103 53.721796 35.822716 337.630797 278.907284 215.830236 182.362554 124.087335 187.409644
105.150000 349.513230 251.816868 189.984282 150.628003 126.580478 111.518481 80.967417 53.758175 35.850483 337.799837 279.049092 215.942730 182.459456 124.156983 187.508899
105.200000 349.687688 251.946031 190.084688 150.710043 126.651262 111.582194 81.016730 53.794553 35.878249 337.968871 279.190896 216.055220 182.556355 124.226630 187.608151
105.250000 349.862142 252.075191 190.185091 150.792081 126.722043 111.645907 81.066042 53.830930 35.906015 338.137901 279.332695 216.167708 182.653251 124.296275 187.707401
105.300000 350.036590 252.204348 190.285491 150.874117 126.792823 111.709618 81.115352 53.867307 35.933781 338.306925 279.474490 216.280192 182.750144 124.365918 187.806647
105.350000 350.211033 252.333501 190.385889 150.956150 126.863600 111.773327 81.164662 53.903684 35.961546 338.475945 279.616282 216.392673 182.847035 124.435560 187.905892
105.400000 350.385471 252.462650 190.486283 151.038182 126.934376 111.837034 81.213970 53.940059 35.989311 338.644960 279.758069 216.505151 182.943923 124.505200 188.005133
105.450000 350.559904 252.591795 190.586675 151.120211 127.005150 111.900740 81.263278 53.976434 36.017075 338.813969 279.899852 216.617626 183.040809 124.574837 188.104372
105.500000 350.734332 252.720937 190.687064 151.202238 127.075923 111.964445 81.312584 54.012808 36.044839 338.982974 280.041631 216.730097 183.137692 124.644474 188.203607
105.550000 350.908755 252.850075 190.787451 151.284263 127.146693 112.028147 81.361889 54.049181 36.072602 339.151974 280.183406 216.842566 183.234572 124.714108 188.302841
105.600000 351.083172 252.979209 190.887834 151.366286 127.217462 112.091849 81.411193 54.085554 36.100365 339.320969 280.325177 216.955031 183.331449 124.783741 188.402071
105.650000 351.257585 253.108340 190.988215 151.448307 127.288229 112.155548 81.460496 54.121926 36.128127 339.489959 280.466943 217.067493 183.428324 124.853372 188.501299
105.700000 351.431992 253.237467 191.088593 151.530325 127.358994 112.219246 81.509798 54.158297 36.155889 339.658944 280.608706 217.179952 183.525197 124.923001 188.600524
105.750000 351.606394 253.366590 191.188969 151.612341 127.429757 112.282943 81.559098 54.194667 36.183651 339.827924 280.750465 217.292408 183.622066 124.992628 188.699746
105.800000 351.780792 253.495710 191.289341 151.694356 127.500519 112.346638 81.608398 54.231037 36.211412 339.996899 280.892219 217.404861 183.718933 125.062253 188.798966
105.850000 351.955184 253.624825 191.389711 151.776368 127.571278 112.410331 81.657696 54.267406 36.239173 340.165869 281.033970 217.517311 183.815798 125.131877 188.898183
105.900000 352.129570 253.753938 191.490078 151.858377 127.642036 112.474023 81.706994 54.303775 36.266933 340.334834 281.175716 217.629757 183.912659 125.201499 188.997397
105.950000 352.303952 253.883046 191.590443 151.940385 127.712792 112.537713 81.756290 54.340142 36.294693 340.503795 281.317458 217.742200 184.009519 125.271120 189.096609
106.000000 352.478329 254.012151 191.690804 152.022391 127.783547 112.601402 81.805585 54.376509 36.322453 340.672750 281.459197 217.854641 184.106375 125.340738 189.195817
106.050000 352.652701 254.141253 191.791163 152.104394 127.854299 112.665089 81.854879 54.412876 36.350212 340.841700 281.600931 217.967078 184.203229 125.410355 189.295023
106.100000 352.827067 254.270350 191.891519 152.186395 127.925050 112.728774 81.904171 54.449241 36.377970 341.010646 281.742661 218.079512 184.300080 125.479970 189.394227
106.150000 353.001428 254.399445 191.991873 152.268394 127.995799 112.792458 81.953463 54.485606 36.405729 341.179587 281.884387 218.191943 184.396929 125.549583 189.493427
106.200000 353.175785 254.528535 192.092224 152.350391 128.066546 112.856140 82.002754 54.521970 36.433486 341.348522 282.026109 218.304370 184.493775 125.619194 189.592625
106.250000 353.350136 254.657622 192.192572 152.432386 128.137291 112.919821 82.052043 54.558334 36.461244 341.517453 282.167827 218.416795 184.590618 125.688804 189.691821
106.300000 353.524482 254.786705 192.292917 152.514378 128.208035 112.983500 82.101332 54.594696 36.489001 341.686379 282.309541 218.529217 184.687459 125.758412 189.791013
106.350000 353.698823 254.915784 192.393259 152.596369 128.278776 113.047178 82.150619 54.631058 36.516757 341.855300 282.451251 218.641635 184.784297 125.828018 189.890203
106.400000 353.873159 255.044860 192.493599 152.678357 128.349516 113.110854 82.199905 54.667420 36.544513 342.024216 282.592957 218.754050 184.881132 125.897622 189.989390
106.450000 354.047490 255.173932 192.593936 152.760343 128.420254 113.174528 82.249190 54.703780 36.572269 342.193127 282.734659 218.866462 184.977965 125.967225 190.088575
106.500000 354.221816 255.303001 192.694270 152.842327 128.490991 113.238201 82.298474 54.740140 36.600024 342.362034 282.876357 218.978871 185.074795 126.036826 190.187757
106.550000 354.396137 255.432066 192.794602 152.924309 128.561725 113.301872 82.347756 54.776499 36.627779 342.530935 283.018051 219.091277 185.171623 126.106425 190.286936
106.600000 354.570453 255.561127 192.894931 153.006289 128.632458 113.365542 82.397038 54.812858 36.655533 342.699831 283.159740 219.203680 185.268448 126.176023 190.386112
106.650000 354.744763 255.690184 192.995257 153.088266 128.703189 113.429210 82.446319 54.849216 36.683287 342.868723 283.301426 219.316080 185.365271 126.245618 190.485286
106.700000 354.919069 255.819238 193.095580 153.170242 128.773918 113.492877 82.495598 54.885573 36.711040 343.037610 283.443108 219.428477 185.462090 126.315212 190.584457
106.750000 355.093370 255.948289 193.195901 153.252215 128.844646 113.556542 82.544876 54.921929 36.738793 343.206492 283.584786 219.540870 185.558908 126.384804 190.683625
106.800000 355.267665 256.077336 193.296219 153.334186 128.915371 113.620205 82.594154 54.958285 36.766546 343.375368 283.726459 219.653261 185.655722 126.454395 190.782791
106.850000 355.441956 256.206379 193.396534 153.416155 128.986095 113.683867 82.643430 54.994640 36.794298 343.544241 283.868129 219.765648 185.752534 126.523983 190.881954
106.900000 355.616241 256.335418 193.496847 153.498122 129.056817 113.747528 82.692705 55.030994 36.822050 343.713108 284.009794 219.878032 185.849343 126.593570 190.981114
106.950000 355.790521 256.464454 193.597157 153.580086 129.127537 113.811187 82.741979 55.067348 36.849801 343.881970 284.151456 219.990413 185.946150 126.663155 191.080272
107.000000 355.964797 256.593486 193.697464 153.662049 129.198256 113.874844 82.791251 55.103701 36.877552 344.050828 284.293114 220.102791 186.042954 126.732739 191.179427
