web/models/kne/35/Metzger_0.013086_0.402759_0.450000.dat
# %ECSV 0.9
# ---
# datatype:
# - {name: time, datatype: float64}
# - {name: sdss_u, datatype: float64}
# - {name: sdss_g, datatype: float64}
# - {name: sdss_r, datatype: float64}
# - {name: sdss_i, datatype: float64}
# - {name: sdss_z, datatype: float64}
# - {name: PS1_y, datatype: float64}
# - {name: ukirt_J, datatype: float64}
# - {name: ukirt_H, datatype: float64}
# - {name: ukirt_K, datatype: float64}
# - {name: johnson_U, datatype: float64}
# - {name: johnson_B, datatype: float64}
# - {name: johnson_V, datatype: float64}
# - {name: johnson_R, datatype: float64}
# - {name: johnson_I, datatype: float64}
# - {name: Clear, datatype: float64}
# meta: !!omap
# - comment: [vej = 0.4027586206896552, mej = 0.013086248836806117, Ye = 0.45, redshift = 0.0]
# schema: astropy-2.0
time sdss_u sdss_g sdss_r sdss_i sdss_z PS1_y ukirt_J ukirt_H ukirt_K johnson_U johnson_B johnson_V johnson_R johnson_I Clear
[from data line 879]
44.050000 315.718970 227.298422 171.355121 135.759870 114.017633 100.403338 72.801401 48.241018 32.096933 305.116362 251.942184 194.838760 164.548474 111.826853 169.115949
44.100000 316.078115 227.564235 171.561677 135.928583 114.163149 100.534288 72.902677 48.315641 32.153811 305.464331 252.234042 195.070217 164.747803 111.970028 169.320128
44.150000 316.437237 227.830031 171.768220 136.097285 114.308658 100.665231 73.003948 48.390262 32.210687 305.812277 252.525881 195.301659 164.947121 112.113195 169.524294
44.200000 316.796336 228.095811 171.974750 136.265978 114.454158 100.796167 73.105215 48.464879 32.267562 306.160201 252.817702 195.533087 165.146426 112.256355 169.728449
44.250000 317.155411 228.361574 172.181269 136.434661 114.599651 100.927096 73.206476 48.539494 32.324436 306.508102 253.109504 195.764502 165.345720 112.399507 169.932591
44.300000 317.514464 228.627320 172.387775 136.603335 114.745136 101.058019 73.307733 48.614107 32.381308 306.855981 253.401288 195.995902 165.545002 112.542651 170.136721
44.350000 317.873493 228.893050 172.594269 136.772000 114.890613 101.188934 73.408986 48.688716 32.438178 307.203837 253.693054 196.227288 165.744272 112.685787 170.340839
44.400000 318.232499 229.158764 172.800750 136.940654 115.036082 101.319843 73.510234 48.763323 32.495047 307.551671 253.984801 196.458661 165.943531 112.828916 170.544945
44.450000 318.591481 229.424461 173.007220 137.109300 115.181544 101.450745 73.611477 48.837926 32.551915 307.899483 254.276530 196.690019 166.142777 112.972037 170.749039
44.500000 318.950441 229.690142 173.213677 137.277936 115.326997 101.581641 73.712715 48.912527 32.608781 308.247272 254.568241 196.921363 166.342013 113.115150 170.953121
44.550000 319.309378 229.955806 173.420122 137.446562 115.472443 101.712529 73.813949 48.987126 32.665645 308.595040 254.859933 197.152694 166.541236 113.258255 171.157191
44.600000 319.668291 230.221454 173.626555 137.615179 115.617881 101.843411 73.915178 49.061721 32.722508 308.942785 255.151607 197.384010 166.740448 113.401354 171.361249
44.650000 320.027182 230.487086 173.832976 137.783786 115.763311 101.974286 74.016402 49.136314 32.779370 309.290507 255.443263 197.615313 166.939648 113.544444 171.565294
44.700000 320.386049 230.752701 174.039385 137.952384 115.908733 102.105154 74.117622 49.210904 32.836230 309.638208 255.734901 197.846601 167.138837 113.687527 171.769328
44.750000 320.744894 231.018300 174.245781 138.120973 116.054148 102.236015 74.218837 49.285492 32.893088 309.985886 256.026521 198.077876 167.338014 113.830602 171.973350
44.800000 321.103716 231.283883 174.452166 138.289552 116.199555 102.366870 74.320048 49.360076 32.949945 310.333543 256.318122 198.309137 167.537179 113.973669 172.177361
44.850000 321.462515 231.549449 174.658538 138.458122 116.344954 102.497718 74.421254 49.434658 33.006801 310.681177 256.609706 198.540384 167.736333 114.116729 172.381359
44.900000 321.821291 231.814999 174.864898 138.626682 116.490345 102.628559 74.522455 49.509237 33.063655 311.028789 256.901271 198.771617 167.935475 114.259782 172.585345
44.950000 322.180044 232.080533 175.071247 138.795233 116.635728 102.759394 74.623651 49.583813 33.120508 311.376379 257.192818 199.002836 168.134606 114.402827 172.789319
45.000000 322.538775 232.346051 175.277583 138.963775 116.781104 102.890221 74.724843 49.658387 33.177359 311.723947 257.484348 199.234042 168.333725 114.545864 172.993282
45.050000 322.897482 232.611553 175.483907 139.132307 116.926472 103.021042 74.826031 49.732958 33.234208 312.071494 257.775859 199.465234 168.532833 114.688893 173.197233
45.100000 323.256167 232.877038 175.690219 139.300830 117.071833 103.151857 74.927214 49.807526 33.291056 312.419018 258.067352 199.696412 168.731930 114.831916 173.401172
45.150000 323.614830 233.142507 175.896520 139.469344 117.217185 103.282665 75.028392 49.882091 33.347903 312.766521 258.358827 199.927577 168.931014 114.974930 173.605099
45.200000 323.973470 233.407961 176.102808 139.637848 117.362530 103.413466 75.129565 49.956654 33.404748 313.114001 258.650285 200.158727 169.130088 115.117937 173.809014
45.250000 324.332087 233.673398 176.309084 139.806343 117.507868 103.544260 75.230734 50.031214 33.461592 313.461460 258.941724 200.389864 169.329150 115.260937 174.012918
45.300000 324.690681 233.938819 176.515349 139.974829 117.653197 103.675048 75.331899 50.105771 33.518434 313.808897 259.233146 200.620988 169.528200 115.403929 174.216809
45.350000 325.049254 234.204224 176.721602 140.143305 117.798519 103.805829 75.433059 50.180326 33.575275 314.156312 259.524550 200.852098 169.727239 115.546913 174.420690
45.400000 325.407803 234.469613 176.927842 140.311773 117.943834 103.936604 75.534214 50.254877 33.632114 314.503706 259.815936 201.083194 169.926267 115.689891 174.624558
45.450000 325.766330 234.734986 177.134071 140.480231 118.089140 104.067371 75.635365 50.329426 33.688952 314.851078 260.107304 201.314276 170.125283 115.832860 174.828414
45.500000 326.124835 235.000343 177.340288 140.648679 118.234439 104.198133 75.736511 50.403973 33.745788 315.198428 260.398654 201.545345 170.324288 115.975822 175.032259
45.550000 326.483317 235.265684 177.546493 140.817119 118.379731 104.328887 75.837653 50.478516 33.802623 315.545757 260.689987 201.776401 170.523282 116.118777 175.236093
45.600000 326.841777 235.531009 177.752686 140.985549 118.525015 104.459635 75.938790 50.553057 33.859456 315.893064 260.981302 202.007442 170.722264 116.261724 175.439914
45.650000 327.200215 235.796319 177.958868 141.153970 118.670291 104.590377 76.039922 50.627596 33.916288 316.240349 261.272599 202.238471 170.921235 116.404664 175.643724
45.700000 327.558630 236.061612 178.165038 141.322382 118.815560 104.721112 76.141050 50.702131 33.973118 316.587613 261.563879 202.469486 171.120195 116.547596 175.847522
45.750000 327.917023 236.326890 178.371195 141.490785 118.960821 104.851840 76.242173 50.776664 34.029947 316.934855 261.855141 202.700487 171.319144 116.690521 176.051309
45.800000 328.275394 236.592152 178.577342 141.659178 119.106074 104.982562 76.343292 50.851194 34.086774 317.282076 262.146385 202.931475 171.518081 116.833439 176.255084
45.850000 328.633743 236.857398 178.783476 141.827563 119.251320 105.113277 76.444407 50.925721 34.143600 317.629276 262.437612 203.162449 171.717007 116.976349 176.458848
45.900000 328.992069 237.122628 178.989599 141.995938 119.396559 105.243985 76.545517 51.000246 34.200424 317.976454 262.728821 203.393410 171.915921 117.119252 176.662600
45.950000 329.350373 237.387842 179.195710 142.164304 119.541790 105.374688 76.646622 51.074768 34.257247 318.323610 263.020012 203.624358 172.114825 117.262147 176.866340
46.000000 329.708655 237.653041 179.401809 142.332661 119.687013 105.505383 76.747723 51.149287 34.314069 318.670746 263.311186 203.855292 172.313717 117.405035 177.070069
46.050000 330.066915 237.918224 179.607896 142.501009 119.832229 105.636072 76.848819 51.223804 34.370889 319.017860 263.602343 204.086213 172.512598 117.547916 177.273786
46.100000 330.425154 238.183391 179.813972 142.669348 119.977437 105.766755 76.949911 51.298318 34.427707 319.364953 263.893482 204.317120 172.711468 117.690789 177.477492
46.150000 330.783370 238.448543 180.020037 142.837678 120.122638 105.897431 77.050998 51.372829 34.484524 319.712024 264.184604 204.548014 172.910327 117.833655 177.681186
46.200000 331.141564 238.713679 180.226089 143.005999 120.267831 106.028100 77.152081 51.447338 34.541339 320.059074 264.475708 204.778895 173.109175 117.976514 177.884869
46.250000 331.499736 238.978799 180.432130 143.174310 120.413017 106.158763 77.253159 51.521844 34.598153 320.406103 264.766795 205.009762 173.308011 118.119365 178.088541
46.300000 331.857886 239.243903 180.638160 143.342613 120.558195 106.289419 77.354233 51.596347 34.654966 320.753111 265.057864 205.240616 173.506836 118.262209 178.292201
46.350000 332.216014 239.508993 180.844178 143.510907 120.703366 106.420069 77.455303 51.670848 34.711777 321.100098 265.348917 205.471457 173.705651 118.405046 178.495849
46.400000 332.574120 239.774066 181.050184 143.679191 120.848530 106.550713 77.556368 51.745346 34.768587 321.447064 265.639951 205.702285 173.904454 118.547875 178.699486
46.450000 332.932205 240.039124 181.256179 143.847467 120.993686 106.681350 77.657428 51.819841 34.825395 321.794008 265.930969 205.933099 174.103246 118.690697 178.903112
46.500000 333.290268 240.304167 181.462162 144.015733 121.138834 106.811981 77.758484 51.894333 34.882201 322.140932 266.221969 206.163901 174.302027 118.833512 179.106727
46.550000 333.648309 240.569194 181.668133 144.183991 121.283975 106.942605 77.859536 51.968823 34.939007 322.487834 266.512952 206.394689 174.500797 118.976320 179.310330
46.600000 334.006328 240.834205 181.874093 144.352240 121.429109 107.073223 77.960583 52.043310 34.995810 322.834716 266.803918 206.625463 174.699556 119.119120 179.513921
46.650000 334.364325 241.099201 182.080042 144.520479 121.574235 107.203834 78.061625 52.117795 35.052613 323.181576 267.094866 206.856225 174.898304 119.261913 179.717502
46.700000 334.722301 241.364182 182.285979 144.688710 121.719354 107.334439 78.162664 52.192277 35.109413 323.528416 267.385798 207.086974 175.097041 119.404699 179.921071
46.750000 335.080256 241.629147 182.491905 144.856932 121.864466 107.465037 78.263697 52.266756 35.166213 323.875235 267.676712 207.317709 175.295767 119.547478 180.124628
46.800000 335.438188 241.894097 182.697819 145.025145 122.009570 107.595629 78.364727 52.341233 35.223010 324.222032 267.967609 207.548431 175.494482 119.690249 180.328175
46.850000 335.796099 242.159031 182.903722 145.193349 122.154667 107.726215 78.465752 52.415707 35.279807 324.568809 268.258489 207.779141 175.693186 119.833013 180.531710
46.900000 336.153989 242.423950 183.109613 145.361544 122.299756 107.856794 78.566772 52.490178 35.336602 324.915566 268.549352 208.009837 175.891879 119.975770 180.735234
46.950000 336.511857 242.688854 183.315493 145.529730 122.444838 107.987367 78.667788 52.564647 35.393395 325.262301 268.840198 208.240520 176.090562 120.118520 180.938746
47.000000 336.869703 242.953742 183.521362 145.697907 122.589913 108.117934 78.768800 52.639113 35.450187 325.609016 269.131027 208.471190 176.289233 120.261262 181.142248
47.050000 337.227528 243.218615 183.727219 145.866076 122.734981 108.248494 78.869807 52.713576 35.506977 325.955710 269.421838 208.701847 176.487894 120.403998 181.345738
47.100000 337.585331 243.483473 183.933065 146.034235 122.880041 108.379048 78.970810 52.788037 35.563766 326.302383 269.712633 208.932491 176.686543 120.546726 181.549217
47.150000 337.943114 243.748316 184.138900 146.202386 123.025093 108.509595 79.071809 52.862495 35.620554 326.649035 270.003411 209.163122 176.885182 120.689447 181.752685
47.200000 338.300874 244.013143 184.344723 146.370528 123.170139 108.640136 79.172803 52.936950 35.677340 326.995667 270.294172 209.393740 177.083810 120.832161 181.956142
47.250000 338.658614 244.277955 184.550535 146.538661 123.315177 108.770671 79.273792 53.011403 35.734125 327.342279 270.584916 209.624345 177.282427 120.974868 182.159587
47.300000 339.016332 244.542752 184.756336 146.706785 123.460208 108.901199 79.374778 53.085853 35.790908 327.688869 270.875643 209.854937 177.481033 121.117567 182.363021
47.350000 339.374029 244.807534 184.962125 146.874901 123.605231 109.031721 79.475759 53.160301 35.847689 328.035439 271.166353 210.085517 177.679628 121.260260 182.566445
47.400000 339.731704 245.072300 185.167903 147.043007 123.750248 109.162237 79.576735 53.234746 35.904470 328.381989 271.457047 210.316083 177.878213 121.402945 182.769857
47.450000 340.089359 245.337052 185.373670 147.211105 123.895257 109.292746 79.677707 53.309188 35.961248 328.728518 271.747723 210.546637 178.076787 121.545623 182.973258
47.500000 340.446992 245.601788 185.579425 147.379194 124.040259 109.423250 79.778675 53.383628 36.018026 329.075027 272.038383 210.777177 178.275350 121.688295 183.176648
47.550000 340.804604 245.866510 185.785170 147.547275 124.185253 109.553747 79.879639 53.458065 36.074801 329.421515 272.329026 211.007705 178.473902 121.830959 183.380027
47.600000 341.162194 246.131216 185.990903 147.715346 124.330241 109.684237 79.980598 53.532499 36.131576 329.767983 272.619652 211.238220 178.672444 121.973616 183.583394
47.650000 341.519764 246.395907 186.196625 147.883409 124.475221 109.814721 80.081553 53.606931 36.188349 330.114430 272.910261 211.468722 178.870975 122.116266 183.786751
47.700000 341.877313 246.660583 186.402336 148.051463 124.620194 109.945199 80.182503 53.681360 36.245120 330.460858 273.200854 211.699212 179.069495 122.258909 183.990097
47.750000 342.234840 246.925245 186.608035 148.219509 124.765159 110.075671 80.283449 53.755787 36.301890 330.807264 273.491430 211.929688 179.268004 122.401544 184.193432
47.800000 342.592347 247.189891 186.813724 148.387546 124.910118 110.206137 80.384391 53.830211 36.358658 331.153651 273.781989 212.160152 179.466503 122.544173 184.396756
47.850000 342.949832 247.454522 187.019401 148.555574 125.055069 110.336596 80.485328 53.904632 36.415426 331.500017 274.072532 212.390603 179.664991 122.686795 184.600068
47.900000 343.307297 247.719138 187.225068 148.723593 125.200013 110.467049 80.586262 53.979051 36.472191 331.846363 274.363058 212.621042 179.863469 122.829410 184.803370
47.950000 343.664741 247.983740 187.430723 148.891604 125.344950 110.597496 80.687190 54.053467 36.528955 332.192689 274.653568 212.851467 180.061935 122.972017 185.006661
48.000000 344.022163 248.248326 187.636367 149.059606 125.489880 110.727936 80.788115 54.127881 36.585718 332.538994 274.944061 213.081880 180.260392 123.114618 185.209941
48.050000 344.379565 248.512898 187.842000 149.227599 125.634803 110.858371 80.889035 54.202292 36.642479 332.885279 275.234537 213.312280 180.458837 123.257212 185.413210
48.100000 344.736946 248.777455 188.047622 149.395584 125.779718 110.988799 80.989951 54.276700 36.699239 333.231545 275.524997 213.542668 180.657272 123.399798 185.616468
48.150000 345.094306 249.041997 188.253232 149.563560 125.924627 111.119221 81.090862 54.351106 36.755997 333.577790 275.815440 213.773043 180.855697 123.542378 185.819715
48.200000 345.451646 249.306524 188.458832 149.731528 126.069528 111.249637 81.191770 54.425509 36.812754 333.924015 276.105867 214.003405 181.054111 123.684951 186.022952
48.250000 345.808964 249.571036 188.664421 149.899487 126.214422 111.380046 81.292673 54.499910 36.869509 334.270220 276.396277 214.233755 181.252514 123.827517 186.226177
48.300000 346.166262 249.835533 188.869999 150.067437 126.359309 111.510450 81.393571 54.574308 36.926263 334.616405 276.686671 214.464092 181.450907 123.970076 186.429392
48.350000 346.523540 250.100016 189.075566 150.235379 126.504189 111.640847 81.494466 54.648703 36.983016 334.962570 276.977049 214.694417 181.649289 124.112627 186.632596
48.400000 346.880796 250.364484 189.281122 150.403312 126.649062 111.771238 81.595356 54.723096 37.039767 335.308715 277.267410 214.924729 181.847660 124.255172 186.835788
48.450000 347.238032 250.628937 189.486666 150.571237 126.793928 111.901623 81.696242 54.797487 37.096516 335.654840 277.557754 215.155029 182.046022 124.397710 187.038971
48.500000 347.595247 250.893376 189.692200 150.739153 126.938786 112.032002 81.797123 54.871874 37.153265 336.000945 277.848083 215.385316 182.244372 124.540241 187.242142
48.550000 347.952442 251.157800 189.897723 150.907061 127.083638 112.162374 81.898001 54.946259 37.210011 336.347030 278.138395 215.615590 182.442713 124.682765 187.445303
48.600000 348.309616 251.422209 190.103235 151.074960 127.228482 112.292741 81.998874 55.020642 37.266756 336.693096 278.428690 215.845852 182.641042 124.825283 187.648452
