web/models/kne/35/Metzger_0.500000_0.240690_0.100000.dat
# %ECSV 0.9
# ---
# datatype:
# - {name: time, datatype: float64}
# - {name: sdss_u, datatype: float64}
# - {name: sdss_g, datatype: float64}
# - {name: sdss_r, datatype: float64}
# - {name: sdss_i, datatype: float64}
# - {name: sdss_z, datatype: float64}
# - {name: PS1_y, datatype: float64}
# - {name: ukirt_J, datatype: float64}
# - {name: ukirt_H, datatype: float64}
# - {name: ukirt_K, datatype: float64}
# - {name: johnson_U, datatype: float64}
# - {name: johnson_B, datatype: float64}
# - {name: johnson_V, datatype: float64}
# - {name: johnson_R, datatype: float64}
# - {name: johnson_I, datatype: float64}
# - {name: Clear, datatype: float64}
# meta: !!omap
# - comment: [vej = 0.24068965517241378, mej = 0.5000000000045836, Ye = 0.1, redshift = 0.0]
# schema: astropy-2.0
time sdss_u sdss_g sdss_r sdss_i sdss_z PS1_y ukirt_J ukirt_H ukirt_K johnson_U johnson_B johnson_V johnson_R johnson_I Clear
[from data line 1108]
55.500000 87.339364 58.021204 39.602458 27.971227 20.917503 16.527492 7.716403 0.033665 -4.873309 83.814308 66.172149 47.317441 37.371812 20.209512 38.868348
55.550000 87.445619 58.099529 39.663051 28.020495 20.959830 16.565460 7.745491 0.054778 -4.857506 83.917219 66.258268 47.385485 37.430243 20.251138 38.928230
55.600000 87.551894 58.177870 39.723656 28.069774 21.002166 16.603436 7.774587 0.075896 -4.841699 84.020148 66.344404 47.453543 37.488685 20.292773 38.988124
55.650000 87.658187 58.256225 39.784273 28.119062 21.044511 16.641421 7.803688 0.097020 -4.825888 84.123096 66.430555 47.521614 37.547139 20.334418 39.048029
55.700000 87.764500 58.334594 39.844901 28.168360 21.086865 16.679413 7.832797 0.118149 -4.810071 84.226062 66.516722 47.589697 37.605603 20.376070 39.107945
55.750000 87.870831 58.412978 39.905541 28.217669 21.129228 16.717414 7.861912 0.139283 -4.794251 84.329047 66.602905 47.657794 37.664079 20.417732 39.167874
55.800000 87.977181 58.491376 39.966193 28.266987 21.171599 16.755423 7.891034 0.160423 -4.778425 84.432050 66.689104 47.725903 37.722567 20.459402 39.227813
55.850000 88.083550 58.569789 40.026856 28.316315 21.213979 16.793440 7.920162 0.181568 -4.762596 84.535071 66.775318 47.794025 37.781066 20.501080 39.287765
55.900000 88.189938 58.648216 40.087530 28.365652 21.256368 16.831465 7.949298 0.202718 -4.746761 84.638111 66.861547 47.862160 37.839575 20.542768 39.347727
55.950000 88.296345 58.726658 40.148217 28.415000 21.298765 16.869497 7.978439 0.223874 -4.730922 84.741168 66.947793 47.930307 37.898097 20.584463 39.407702
56.000000 88.402770 58.805114 40.208915 28.464357 21.341171 16.907538 8.007588 0.245035 -4.715079 84.844244 67.034054 47.998467 37.956629 20.626168 39.467687
56.050000 88.509214 58.883584 40.269624 28.513724 21.383586 16.945587 8.036742 0.266202 -4.699231 84.947338 67.120330 48.066640 38.015172 20.667881 39.527684
56.100000 88.615676 58.962068 40.330345 28.563101 21.426009 16.983644 8.065904 0.287374 -4.683379 85.050450 67.206622 48.134825 38.073727 20.709602 39.587693
56.150000 88.722157 59.040567 40.391077 28.612487 21.468441 17.021708 8.095072 0.308551 -4.667522 85.153580 67.292929 48.203023 38.132293 20.751332 39.647712
56.200000 88.828656 59.119079 40.451821 28.661883 21.510882 17.059781 8.124246 0.329733 -4.651660 85.256728 67.379251 48.271234 38.190869 20.793070 39.707743
56.250000 88.935174 59.197606 40.512576 28.711288 21.553331 17.097861 8.153428 0.350921 -4.635795 85.359894 67.465589 48.339457 38.249457 20.834817 39.767785
56.300000 89.041710 59.276147 40.573342 28.760704 21.595789 17.135950 8.182615 0.372114 -4.619924 85.463078 67.551942 48.407693 38.308056 20.876572 39.827839
56.350000 89.148265 59.354702 40.634120 28.810128 21.638255 17.174046 8.211809 0.393312 -4.604050 85.566279 67.638311 48.475941 38.366666 20.918336 39.887904
56.400000 89.254838 59.433271 40.694909 28.859563 21.680729 17.212150 8.241010 0.414516 -4.588170 85.669499 67.724694 48.544201 38.425287 20.960108 39.947979
56.450000 89.361429 59.511854 40.755709 28.909007 21.723212 17.250262 8.270216 0.435725 -4.572287 85.772736 67.811093 48.612474 38.483918 21.001889 40.008066
56.500000 89.468038 59.590450 40.816521 28.958460 21.765704 17.288381 8.299430 0.456939 -4.556399 85.875990 67.897507 48.680760 38.542561 21.043677 40.068165
56.550000 89.574665 59.669061 40.877343 29.007923 21.808204 17.326508 8.328650 0.478158 -4.540507 85.979263 67.983935 48.749057 38.601215 21.085474 40.128274
56.600000 89.681311 59.747686 40.938177 29.057395 21.850712 17.364644 8.357876 0.499382 -4.524610 86.082553 68.070379 48.817367 38.659879 21.127280 40.188394
56.650000 89.787974 59.826324 40.999022 29.106877 21.893229 17.402786 8.387108 0.520612 -4.508709 86.185860 68.156838 48.885689 38.718554 21.169093 40.248525
56.700000 89.894656 59.904976 41.059878 29.156368 21.935754 17.440937 8.416347 0.541846 -4.492803 86.289185 68.243312 48.954024 38.777240 21.210915 40.308668
56.750000 90.001355 59.983642 41.120745 29.205869 21.978288 17.479095 8.445593 0.563086 -4.476893 86.392528 68.329801 49.022370 38.835937 21.252746 40.368821
56.800000 90.108073 60.062322 41.181624 29.255379 22.020829 17.517261 8.474844 0.584331 -4.460979 86.495887 68.416305 49.090729 38.894644 21.294584 40.428985
56.850000 90.214808 60.141015 41.242513 29.304898 22.063379 17.555434 8.504102 0.605581 -4.445061 86.599264 68.502823 49.159100 38.953362 21.336430 40.489161
56.900000 90.321561 60.219722 41.303413 29.354426 22.105938 17.593615 8.533366 0.626837 -4.429138 86.702659 68.589357 49.227483 39.012091 21.378285 40.549347
56.950000 90.428332 60.298443 41.364325 29.403964 22.148504 17.631804 8.562637 0.648097 -4.413211 86.806071 68.675905 49.295878 39.070831 21.420148 40.609544
57.000000 90.535120 60.377177 41.425247 29.453511 22.191079 17.670001 8.591914 0.669362 -4.397279 86.909500 68.762467 49.364285 39.129581 21.462019 40.669751
57.050000 90.641926 60.455924 41.486180 29.503068 22.233662 17.708204 8.621197 0.690633 -4.381343 87.012946 68.849045 49.432704 39.188341 21.503898 40.729970
57.100000 90.748750 60.534685 41.547124 29.552633 22.276254 17.746416 8.650486 0.711908 -4.365403 87.116409 68.935637 49.501136 39.247113 21.545785 40.790199
57.150000 90.855591 60.613460 41.608079 29.602208 22.318853 17.784635 8.679782 0.733189 -4.349459 87.219889 69.022244 49.569579 39.305894 21.587681 40.850439
57.200000 90.962450 60.692248 41.669044 29.651792 22.361461 17.822861 8.709083 0.754475 -4.333510 87.323386 69.108865 49.638034 39.364687 21.629584 40.910690
57.250000 91.069326 60.771049 41.730021 29.701385 22.404076 17.861095 8.738391 0.775765 -4.317558 87.426901 69.195501 49.706501 39.423489 21.671495 40.970952
57.300000 91.176220 60.849864 41.791008 29.750987 22.446700 17.899337 8.767705 0.797061 -4.301601 87.530432 69.282151 49.774979 39.482303 21.713415 41.031224
57.350000 91.283131 60.928692 41.852006 29.800598 22.489332 17.937586 8.797026 0.818362 -4.285639 87.633980 69.368816 49.843470 39.541126 21.755342 41.091507
57.400000 91.390059 61.007534 41.913015 29.850219 22.531972 17.975842 8.826352 0.839668 -4.269674 87.737545 69.455495 49.911972 39.599960 21.797277 41.151800
57.450000 91.497005 61.086388 41.974034 29.899848 22.574620 18.014106 8.855685 0.860978 -4.253704 87.841127 69.542189 49.980486 39.658805 21.839221 41.212104
57.500000 91.603968 61.165256 42.035064 29.949487 22.617276 18.052377 8.885023 0.882294 -4.237730 87.944725 69.628897 50.049012 39.717659 21.881172 41.272419
57.550000 91.710948 61.244137 42.096105 29.999134 22.659940 18.090655 8.914368 0.903615 -4.221752 88.048340 69.715619 50.117550 39.776525 21.923131 41.332744
57.600000 91.817945 61.323031 42.157156 30.048790 22.702612 18.128941 8.943719 0.924940 -4.205770 88.151972 69.802355 50.186099 39.835400 21.965098 41.393079
57.650000 91.924960 61.401938 42.218218 30.098456 22.745292 18.167235 8.973076 0.946271 -4.189783 88.255621 69.889106 50.254660 39.894285 22.007073 41.453425
57.700000 92.031991 61.480859 42.279290 30.148130 22.787980 18.205535 9.002439 0.967606 -4.173792 88.359286 69.975871 50.323232 39.953181 22.049055 41.513782
57.750000 92.139039 61.559792 42.340373 30.197813 22.830676 18.243843 9.031808 0.988946 -4.157798 88.462967 70.062650 50.391816 40.012087 22.091046 41.574149
57.800000 92.246104 61.638738 42.401466 30.247505 22.873379 18.282158 9.061183 1.010291 -4.141799 88.566665 70.149443 50.460412 40.071004 22.133044 41.634526
57.850000 92.353187 61.717697 42.462570 30.297206 22.916091 18.320480 9.090564 1.031642 -4.125795 88.670380 70.236250 50.529019 40.129930 22.175050 41.694914
57.900000 92.460286 61.796669 42.523684 30.346916 22.958811 18.358810 9.119951 1.052997 -4.109788 88.774110 70.323071 50.597637 40.188866 22.217064 41.755312
57.950000 92.567401 61.875655 42.584809 30.396634 23.001538 18.397147 9.149344 1.074356 -4.093777 88.877858 70.409906 50.666267 40.247813 22.259085 41.815720
58.000000 92.674534 61.954652 42.645944 30.446362 23.044273 18.435491 9.178743 1.095721 -4.077762 88.981621 70.496755 50.734909 40.306770 22.301114 41.876138
58.050000 92.781683 62.033663 42.707089 30.496098 23.087016 18.473842 9.208148 1.117090 -4.061742 89.085401 70.583618 50.803561 40.365736 22.343151 41.936567
58.100000 92.888849 62.112687 42.768245 30.545842 23.129766 18.512200 9.237559 1.138465 -4.045718 89.189196 70.670494 50.872225 40.424713 22.385196 41.997006
58.150000 92.996032 62.191723 42.829411 30.595596 23.172525 18.550566 9.266975 1.159844 -4.029691 89.293008 70.757385 50.940901 40.483700 22.427248 42.057455
58.200000 93.103231 62.270772 42.890587 30.645358 23.215291 18.588939 9.296398 1.181228 -4.013659 89.396837 70.844289 51.009588 40.542696 22.469308 42.117915
58.250000 93.210446 62.349833 42.951773 30.695129 23.258065 18.627318 9.325827 1.202616 -3.997623 89.500681 70.931208 51.078286 40.601703 22.511376 42.178384
58.300000 93.317679 62.428908 43.012970 30.744908 23.300846 18.665705 9.355261 1.224010 -3.981583 89.604541 71.018139 51.146995 40.660719 22.553451 42.238864
58.350000 93.424927 62.507994 43.074176 30.794697 23.343635 18.704099 9.384701 1.245408 -3.965540 89.708417 71.105085 51.215715 40.719746 22.595533 42.299353
58.400000 93.532192 62.587094 43.135393 30.844493 23.386432 18.742500 9.414147 1.266811 -3.949492 89.812309 71.192044 51.284447 40.778782 22.637624 42.359853
58.450000 93.639473 62.666206 43.196620 30.894299 23.429237 18.780908 9.443599 1.288219 -3.933440 89.916217 71.279017 51.353189 40.837828 22.679721 42.420362
58.500000 93.746771 62.745330 43.257857 30.944112 23.472049 18.819323 9.473057 1.309631 -3.917384 90.020141 71.366003 51.421943 40.896884 22.721827 42.480882
58.550000 93.854085 62.824467 43.319104 30.993935 23.514868 18.857745 9.502520 1.331048 -3.901324 90.124080 71.453003 51.490708 40.955949 22.763939 42.541412
58.600000 93.961415 62.903616 43.380362 31.043766 23.557696 18.896174 9.531990 1.352470 -3.885260 90.228036 71.540016 51.559484 41.015024 22.806059 42.601951
58.650000 94.068761 62.982778 43.441629 31.093605 23.600530 18.934610 9.561465 1.373897 -3.869192 90.332007 71.627043 51.628270 41.074109 22.848187 42.662501
58.700000 94.176123 63.061952 43.502906 31.143453 23.643373 18.973053 9.590946 1.395328 -3.853121 90.435994 71.714083 51.697068 41.133204 22.890322 42.723060
58.750000 94.283501 63.141138 43.564193 31.193309 23.686222 19.011502 9.620432 1.416764 -3.837045 90.539996 71.801136 51.765877 41.192308 22.932465 42.783629
58.800000 94.390896 63.220337 43.625490 31.243174 23.729080 19.049959 9.649924 1.438204 -3.820965 90.644014 71.888203 51.834697 41.251422 22.974615 42.844208
58.850000 94.498306 63.299548 43.686797 31.293047 23.771944 19.088423 9.679422 1.459649 -3.804882 90.748047 71.975283 51.903527 41.310546 23.016772 42.904797
58.900000 94.605732 63.378771 43.748114 31.342928 23.814817 19.126893 9.708926 1.481099 -3.788794 90.852096 72.062376 51.972369 41.369679 23.058936 42.965395
58.950000 94.713174 63.458006 43.809440 31.392818 23.857696 19.165370 9.738435 1.502554 -3.772703 90.956160 72.149483 52.041221 41.428822 23.101108 43.026004
59.000000 94.820632 63.537254 43.870777 31.442716 23.900583 19.203854 9.767950 1.524013 -3.756607 91.060240 72.236603 52.110084 41.487974 23.143287 43.086622
59.050000 94.928106 63.616513 43.932123 31.492622 23.943478 19.242345 9.797471 1.545476 -3.740508 91.164335 72.323735 52.178958 41.547136 23.185474 43.147249
59.100000 95.035595 63.695785 43.993479 31.542537 23.986379 19.280843 9.826997 1.566944 -3.724405 91.268445 72.410881 52.247842 41.606307 23.227668 43.207887
59.150000 95.143100 63.775068 44.054844 31.592459 24.029288 19.319348 9.856529 1.588417 -3.708298 91.372571 72.498040 52.316737 41.665487 23.269869 43.268534
59.200000 95.250621 63.854364 44.116220 31.642390 24.072205 19.357859 9.886066 1.609894 -3.692187 91.476711 72.585212 52.385643 41.724677 23.312077 43.329190
59.250000 95.358157 63.933672 44.177605 31.692330 24.115128 19.396377 9.915609 1.631376 -3.676072 91.580867 72.672397 52.454560 41.783877 23.354292 43.389857
59.300000 95.465709 64.012991 44.238999 31.742277 24.158059 19.434901 9.945158 1.652862 -3.659954 91.685038 72.759595 52.523487 41.843086 23.396515 43.450532
59.350000 95.573276 64.092323 44.300404 31.792233 24.200997 19.473433 9.974712 1.674353 -3.643832 91.789224 72.846806 52.592424 41.902304 23.438745 43.511217
59.400000 95.680859 64.171666 44.361818 31.842196 24.243943 19.511971 10.004271 1.695849 -3.627705 91.893425 72.934030 52.661373 41.961531 23.480982 43.571912
59.450000 95.788457 64.251021 44.423241 31.892168 24.286895 19.550515 10.033836 1.717349 -3.611575 91.997641 73.021266 52.730331 42.020768 23.523226 43.632616
59.500000 95.896071 64.330388 44.484674 31.942148 24.329855 19.589067 10.063407 1.738853 -3.595441 92.101872 73.108516 52.799301 42.080014 23.565477 43.693330
59.550000 96.003700 64.409767 44.546116 31.992136 24.372822 19.627624 10.092983 1.760362 -3.579304 92.206118 73.195778 52.868280 42.139269 23.607735 43.754053
59.600000 96.111344 64.489157 44.607568 32.042132 24.415796 19.666189 10.122565 1.781875 -3.563162 92.310379 73.283052 52.937270 42.198533 23.650001 43.814785
59.650000 96.219003 64.568559 44.669030 32.092136 24.458778 19.704760 10.152152 1.803393 -3.547017 92.414655 73.370340 53.006271 42.257807 23.692273 43.875527
59.700000 96.326678 64.647973 44.730500 32.142148 24.501766 19.743338 10.181744 1.824915 -3.530868 92.518945 73.457640 53.075282 42.317089 23.734552 43.936278
59.750000 96.434368 64.727399 44.791981 32.192168 24.544762 19.781922 10.211342 1.846442 -3.514716 92.623250 73.544953 53.144303 42.376381 23.776839 43.997039
59.800000 96.542072 64.806836 44.853470 32.242196 24.587764 19.820513 10.240946 1.867973 -3.498559 92.727570 73.632278 53.213334 42.435682 23.819132 44.057808
59.850000 96.649792 64.886284 44.914969 32.292232 24.630774 19.859110 10.270554 1.889508 -3.482399 92.831904 73.719616 53.282376 42.494992 23.861433 44.118587
59.900000 96.757527 64.965744 44.976477 32.342275 24.673791 19.897714 10.300169 1.911048 -3.466235 92.936253 73.806966 53.351428 42.554311 23.903740 44.179376
59.950000 96.865277 65.045216 45.037995 32.392327 24.716814 19.936324 10.329788 1.932592 -3.450067 93.040617 73.894329 53.420490 42.613639 23.946054 44.240173
60.000000 96.973042 65.124699 45.099521 32.442386 24.759845 19.974941 10.359413 1.954141 -3.433896 93.144995 73.981704 53.489562 42.672976 23.988375 44.300979
60.050000 97.080821 65.204193 45.161057 32.492454 24.802883 20.013564 10.389043 1.975693 -3.417721 93.249387 74.069091 53.558645 42.732322 24.030703 44.361795
60.100000 97.188616 65.283699 45.222602 32.542529 24.845927 20.052193 10.418679 1.997251 -3.401542 93.353794 74.156491 53.627738 42.791677 24.073038 44.422620
60.150000 97.296425 65.363216 45.284157 32.592611 24.888979 20.090829 10.448319 2.018812 -3.385360 93.458215 74.243904 53.696840 42.851041 24.115380 44.483454
60.200000 97.404249 65.442745 45.345720 32.642702 24.932037 20.129471 10.477966 2.040378 -3.369174 93.562651 74.331328 53.765953 42.910414 24.157728 44.544297
60.250000 97.512087 65.522284 45.407293 32.692800 24.975103 20.168120 10.507617 2.061948 -3.352984 93.667100 74.418765 53.835076 42.969795 24.200084 44.605149
60.300000 97.619941 65.601835 45.468875 32.742907 25.018175 20.206775 10.537274 2.083523 -3.336790 93.771564 74.506214 53.904209 43.029186 24.242446 44.666010
60.350000 97.727809 65.681398 45.530465 32.793020 25.061254 20.245437 10.566936 2.105102 -3.320593 93.876043 74.593675 53.973351 43.088585 24.284815 44.726880
60.400000 97.835691 65.760971 45.592065 32.843142 25.104340 20.284104 10.596603 2.126685 -3.304393 93.980535 74.681148 54.042504 43.147993 24.327191 44.787758
60.450000 97.943588 65.840556 45.653674 32.893271 25.147433 20.322778 10.626275 2.148272 -3.288188 94.085042 74.768633 54.111667 43.207410 24.369573 44.848646
