web/models/kne/35/Metzger_0.138217_0.143448_0.100000.dat
# %ECSV 0.9
# ---
# datatype:
# - {name: time, datatype: float64}
# - {name: sdss_u, datatype: float64}
# - {name: sdss_g, datatype: float64}
# - {name: sdss_r, datatype: float64}
# - {name: sdss_i, datatype: float64}
# - {name: sdss_z, datatype: float64}
# - {name: PS1_y, datatype: float64}
# - {name: ukirt_J, datatype: float64}
# - {name: ukirt_H, datatype: float64}
# - {name: ukirt_K, datatype: float64}
# - {name: johnson_U, datatype: float64}
# - {name: johnson_B, datatype: float64}
# - {name: johnson_V, datatype: float64}
# - {name: johnson_R, datatype: float64}
# - {name: johnson_I, datatype: float64}
# - {name: Clear, datatype: float64}
# meta: !!omap
# - comment: [vej = 0.14344827586206896, mej = 0.13821730389118514, Ye = 0.1, redshift = 0.0]
# schema: astropy-2.0
time sdss_u sdss_g sdss_r sdss_i sdss_z PS1_y ukirt_J ukirt_H ukirt_K johnson_U johnson_B johnson_V johnson_R johnson_I Clear
[from data line 1799]
90.050000 183.461587 129.353534 95.195497 73.512802 60.298131 52.039089 35.346371 20.584477 10.964211 176.967924 144.422223 109.524481 91.045494 58.968200 93.830104
90.100000 183.577015 129.438858 95.261709 73.566808 60.344656 52.080915 35.378625 20.608135 10.982146 177.079747 144.515948 109.598725 91.109375 59.013969 93.895549
90.150000 183.692435 129.524177 95.327916 73.620810 60.391177 52.122738 35.410878 20.631792 11.000080 177.191563 144.609666 109.672963 91.173252 59.059735 93.960990
90.200000 183.807848 129.609491 95.394119 73.674809 60.437695 52.164559 35.443130 20.655448 11.018013 177.303371 144.703379 109.747197 91.237125 59.105498 94.026427
90.250000 183.923253 129.694798 95.460318 73.728805 60.484211 52.206377 35.475379 20.679103 11.035946 177.415172 144.797086 109.821426 91.300993 59.151259 94.091859
90.300000 184.038650 129.780100 95.526513 73.782797 60.530724 52.248193 35.507627 20.702757 11.053877 177.526965 144.890786 109.895650 91.364858 59.197017 94.157288
90.350000 184.154039 129.865397 95.592703 73.836786 60.577234 52.290007 35.539873 20.726409 11.071808 177.638750 144.984480 109.969869 91.428719 59.242772 94.222712
90.400000 184.269420 129.950688 95.658890 73.890772 60.623742 52.331818 35.572117 20.750060 11.089739 177.750529 145.078168 110.044084 91.492575 59.288524 94.288132
90.450000 184.384794 130.035974 95.725072 73.944754 60.670246 52.373626 35.604359 20.773711 11.107668 177.862299 145.171850 110.118294 91.556428 59.334274 94.353548
90.500000 184.500160 130.121254 95.791250 73.998733 60.716748 52.415433 35.636600 20.797360 11.125597 177.974063 145.265526 110.192499 91.620277 59.380021 94.418960
90.550000 184.615519 130.206528 95.857424 74.052709 60.763247 52.457237 35.668839 20.821008 11.143525 178.085819 145.359195 110.266699 91.684121 59.425766 94.484368
90.600000 184.730870 130.291797 95.923594 74.106682 60.809744 52.499038 35.701077 20.844655 11.161453 178.197567 145.452859 110.340895 91.747962 59.471508 94.549772
90.650000 184.846213 130.377061 95.989759 74.160651 60.856238 52.540837 35.733312 20.868301 11.179380 178.309308 145.546516 110.415086 91.811799 59.517247 94.615171
90.700000 184.961549 130.462319 96.055921 74.214617 60.902729 52.582634 35.765546 20.891946 11.197306 178.421042 145.640167 110.489272 91.875631 59.562983 94.680567
90.750000 185.076877 130.547571 96.122078 74.268580 60.949217 52.624428 35.797778 20.915589 11.215231 178.532768 145.733812 110.563454 91.939460 59.608717 94.745958
90.800000 185.192197 130.632818 96.188232 74.322540 60.995702 52.666220 35.830009 20.939232 11.233156 178.644488 145.827452 110.637630 92.003285 59.654448 94.811346
90.850000 185.307510 130.718060 96.254381 74.376496 61.042185 52.708009 35.862237 20.962873 11.251080 178.756199 145.921085 110.711803 92.067106 59.700176 94.876729
90.900000 185.422815 130.803296 96.320526 74.430449 61.088665 52.749797 35.894464 20.986514 11.269003 178.867903 146.014712 110.785970 92.130923 59.745902 94.942108
90.950000 185.538112 130.888526 96.386667 74.484399 61.135142 52.791581 35.926690 21.010153 11.286926 178.979600 146.108332 110.860133 92.194736 59.791625 95.007483
91.000000 185.653402 130.973751 96.452803 74.538345 61.181617 52.833364 35.958913 21.033791 11.304848 179.091290 146.201947 110.934291 92.258545 59.837345 95.072855
91.050000 185.768684 131.058971 96.518936 74.592288 61.228089 52.875144 35.991135 21.057428 11.322769 179.202972 146.295556 111.008444 92.322350 59.883063 95.138222
91.100000 185.883959 131.144185 96.585064 74.646228 61.274558 52.916921 36.023355 21.081064 11.340690 179.314647 146.389159 111.082593 92.386151 59.928778 95.203585
91.150000 185.999226 131.229394 96.651189 74.700165 61.321025 52.958696 36.055574 21.104699 11.358609 179.426315 146.482756 111.156737 92.449948 59.974490 95.268944
91.200000 186.114486 131.314597 96.717309 74.754099 61.367488 53.000469 36.087791 21.128332 11.376528 179.537975 146.576346 111.230877 92.513741 60.020200 95.334299
91.250000 186.229738 131.399795 96.783426 74.808029 61.413949 53.042239 36.120006 21.151965 11.394447 179.649628 146.669931 111.305012 92.577531 60.065907 95.399650
91.300000 186.344983 131.484988 96.849538 74.861956 61.460408 53.084008 36.152219 21.175596 11.412365 179.761274 146.763510 111.379142 92.641316 60.111611 95.464997
91.350000 186.460220 131.570175 96.915646 74.915880 61.506864 53.125773 36.184431 21.199227 11.430282 179.872913 146.857082 111.453267 92.705098 60.157313 95.530339
91.400000 186.575449 131.655357 96.981750 74.969801 61.553317 53.167537 36.216641 21.222856 11.448198 179.984544 146.950649 111.527388 92.768875 60.203012 95.595678
91.450000 186.690671 131.740533 97.047850 75.023718 61.599767 53.209298 36.248849 21.246485 11.466114 180.096168 147.044210 111.601505 92.832649 60.248709 95.661013
91.500000 186.805886 131.825704 97.113946 75.077633 61.646214 53.251056 36.281056 21.270112 11.484029 180.207785 147.137764 111.675616 92.896419 60.294402 95.726344
91.550000 186.921093 131.910869 97.180038 75.131544 61.692659 53.292812 36.313261 21.293738 11.501943 180.319394 147.231313 111.749723 92.960185 60.340094 95.791671
91.600000 187.036292 131.996029 97.246126 75.185451 61.739102 53.334566 36.345464 21.317363 11.519857 180.430997 147.324856 111.823826 93.023947 60.385782 95.856994
91.650000 187.151484 132.081184 97.312210 75.239356 61.785541 53.376318 36.377666 21.340987 11.537770 180.542592 147.418393 111.897924 93.087705 60.431468 95.922313
91.700000 187.266669 132.166334 97.378289 75.293258 61.831978 53.418067 36.409866 21.364610 11.555682 180.654180 147.511924 111.972017 93.151459 60.477152 95.987628
91.750000 187.381846 132.251478 97.444365 75.347156 61.878412 53.459814 36.442064 21.388231 11.573593 180.765761 147.605449 112.046105 93.215210 60.522833 96.052939
91.800000 187.497016 132.336616 97.510437 75.401051 61.924844 53.501559 36.474260 21.411852 11.591504 180.877334 147.698968 112.120190 93.278956 60.568511 96.118246
91.850000 187.612178 132.421750 97.576504 75.454943 61.971273 53.543301 36.506455 21.435472 11.609415 180.988900 147.792481 112.194269 93.342699 60.614186 96.183549
91.900000 187.727333 132.506878 97.642568 75.508832 62.017699 53.585041 36.538648 21.459090 11.627324 181.100460 147.885988 112.268344 93.406438 60.659859 96.248848
91.950000 187.842481 132.592000 97.708628 75.562717 62.064123 53.626778 36.570840 21.482708 11.645233 181.212012 147.979489 112.342414 93.470173 60.705530 96.314143
92.000000 187.957621 132.677118 97.774684 75.616600 62.110544 53.668514 36.603030 21.506324 11.663141 181.323557 148.072985 112.416480 93.533904 60.751197 96.379434
92.050000 188.072754 132.762230 97.840735 75.670479 62.156962 53.710247 36.635218 21.529939 11.681049 181.435094 148.166474 112.490541 93.597631 60.796862 96.444721
92.100000 188.187879 132.847336 97.906783 75.724355 62.203378 53.751977 36.667405 21.553554 11.698955 181.546625 148.259958 112.564598 93.661355 60.842525 96.510004
92.150000 188.302997 132.932438 97.972827 75.778228 62.249791 53.793705 36.699590 21.577167 11.716862 181.658148 148.353435 112.638650 93.725074 60.888185 96.575284
92.200000 188.418108 133.017534 98.038866 75.832098 62.296201 53.835431 36.731773 21.600779 11.734767 181.769665 148.446907 112.712698 93.788790 60.933842 96.640559
92.250000 188.533211 133.102625 98.104902 75.885965 62.342609 53.877155 36.763954 21.624390 11.752672 181.881174 148.540373 112.786741 93.852502 60.979497 96.705830
92.300000 188.648307 133.187710 98.170934 75.939828 62.389014 53.918876 36.796134 21.648000 11.770576 181.992676 148.633833 112.860780 93.916210 61.025150 96.771098
92.350000 188.763396 133.272791 98.236961 75.993689 62.435417 53.960595 36.828313 21.671609 11.788480 182.104171 148.727287 112.934814 93.979915 61.070799 96.836362
92.400000 188.878477 133.357866 98.302985 76.047546 62.481817 54.002312 36.860489 21.695217 11.806382 182.215659 148.820736 113.008843 94.043615 61.116446 96.901621
92.450000 188.993551 133.442935 98.369005 76.101400 62.528214 54.044027 36.892664 21.718824 11.824284 182.327140 148.914178 113.082868 94.107312 61.162091 96.966877
92.500000 189.108618 133.528000 98.435021 76.155251 62.574609 54.085739 36.924838 21.742429 11.842186 182.438614 149.007615 113.156889 94.171005 61.207733 97.032129
92.550000 189.223677 133.613059 98.501033 76.209099 62.621001 54.127449 36.957009 21.766034 11.860087 182.550081 149.101046 113.230905 94.234694 61.253372 97.097377
92.600000 189.338729 133.698113 98.567041 76.262944 62.667390 54.169156 36.989179 21.789638 11.877987 182.661541 149.194471 113.304916 94.298380 61.299009 97.162621
92.650000 189.453774 133.783162 98.633045 76.316786 62.713777 54.210862 37.021348 21.813240 11.895886 182.772994 149.287891 113.378924 94.362061 61.344643 97.227861
92.700000 189.568811 133.868206 98.699045 76.370624 62.760162 54.252565 37.053515 21.836842 11.913785 182.884439 149.381304 113.452926 94.425739 61.390275 97.293097
92.750000 189.683842 133.953244 98.765041 76.424460 62.806543 54.294265 37.085680 21.860442 11.931683 182.995878 149.474712 113.526924 94.489413 61.435904 97.358330
92.800000 189.798865 134.038277 98.831034 76.478292 62.852922 54.335964 37.117843 21.884042 11.949581 183.107310 149.568114 113.600918 94.553083 61.481531 97.423558
92.850000 189.913880 134.123305 98.897022 76.532121 62.899299 54.377660 37.150005 21.907640 11.967477 183.218734 149.661510 113.674907 94.616750 61.527155 97.488783
92.900000 190.028889 134.208328 98.963006 76.585947 62.945673 54.419354 37.182166 21.931238 11.985374 183.330152 149.754900 113.748892 94.680413 61.572777 97.554004
92.950000 190.143890 134.293345 99.028987 76.639771 62.992044 54.461046 37.214324 21.954834 12.003269 183.441563 149.848285 113.822872 94.744072 61.618396 97.619221
93.000000 190.258884 134.378357 99.094964 76.693591 63.038413 54.502735 37.246481 21.978429 12.021164 183.552967 149.941664 113.896848 94.807727 61.664012 97.684434
93.050000 190.373871 134.463364 99.160936 76.747407 63.084779 54.544422 37.278637 22.002023 12.039058 183.664363 150.035037 113.970819 94.871379 61.709627 97.749643
93.100000 190.488851 134.548366 99.226905 76.801221 63.131143 54.586107 37.310791 22.025616 12.056952 183.775753 150.128404 114.044786 94.935026 61.755238 97.814849
93.150000 190.603824 134.633363 99.292870 76.855032 63.177504 54.627790 37.342943 22.049209 12.074844 183.887136 150.221766 114.118749 94.998670 61.800847 97.880050
93.200000 190.718789 134.718355 99.358831 76.908840 63.223862 54.669470 37.375093 22.072800 12.092737 183.998512 150.315122 114.192707 95.062311 61.846453 97.945248
93.250000 190.833747 134.803341 99.424788 76.962645 63.270218 54.711148 37.407242 22.096390 12.110628 184.109881 150.408472 114.266661 95.125947 61.892057 98.010442
93.300000 190.948698 134.888323 99.490742 77.016446 63.316571 54.752824 37.439390 22.119979 12.128519 184.221243 150.501817 114.340610 95.189580 61.937659 98.075632
93.350000 191.063642 134.973299 99.556691 77.070245 63.362922 54.794498 37.471536 22.143567 12.146409 184.332599 150.595155 114.414555 95.253210 61.983258 98.140819
93.400000 191.178579 135.058270 99.622637 77.124040 63.409270 54.836169 37.503680 22.167154 12.164299 184.443947 150.688489 114.488495 95.316835 62.028854 98.206001
93.450000 191.293508 135.143236 99.688578 77.177833 63.455616 54.877838 37.535822 22.190740 12.182188 184.555288 150.781816 114.562431 95.380457 62.074448 98.271180
93.500000 191.408431 135.228196 99.754516 77.231622 63.501959 54.919505 37.567963 22.214325 12.200076 184.666623 150.875138 114.636363 95.444075 62.120039 98.336355
93.550000 191.523346 135.313152 99.820450 77.285408 63.548300 54.961170 37.600103 22.237909 12.217964 184.777951 150.968454 114.710291 95.507689 62.165628 98.401526
93.600000 191.638255 135.398103 99.886380 77.339192 63.594638 55.002832 37.632240 22.261491 12.235851 184.889271 151.061764 114.784214 95.571300 62.211215 98.466693
93.650000 191.753156 135.483048 99.952307 77.392972 63.640973 55.044492 37.664377 22.285073 12.253737 185.000585 151.155069 114.858132 95.634907 62.256799 98.531856
93.700000 191.868050 135.567989 100.018229 77.446749 63.687306 55.086150 37.696511 22.308654 12.271623 185.111893 151.248368 114.932046 95.698510 62.302380 98.597016
93.750000 191.982937 135.652924 100.084148 77.500523 63.733636 55.127806 37.728644 22.332234 12.289508 185.223193 151.341662 115.005956 95.762110 62.347959 98.662172
93.800000 192.097817 135.737854 100.150063 77.554295 63.779964 55.169460 37.760776 22.355813 12.307392 185.334486 151.434949 115.079862 95.825706 62.393536 98.727324
93.850000 192.212690 135.822779 100.215974 77.608063 63.826290 55.211111 37.792905 22.379390 12.325276 185.445773 151.528232 115.153763 95.889298 62.439110 98.792473
93.900000 192.327556 135.907699 100.281881 77.661828 63.872613 55.252760 37.825034 22.402967 12.343159 185.557053 151.621508 115.227660 95.952887 62.484681 98.857617
93.950000 192.442414 135.992614 100.347784 77.715590 63.918933 55.294407 37.857160 22.426543 12.361042 185.668326 151.714779 115.301552 96.016472 62.530250 98.922758
94.000000 192.557266 136.077524 100.413684 77.769349 63.965251 55.336052 37.889285 22.450117 12.378924 185.779592 151.808044 115.375440 96.080053 62.575817 98.987895
94.050000 192.672111 136.162429 100.479580 77.823106 64.011566 55.377694 37.921409 22.473691 12.396805 185.890852 151.901304 115.449324 96.143631 62.621381 99.053029
94.100000 192.786949 136.247329 100.545472 77.876859 64.057879 55.419335 37.953531 22.497264 12.414686 186.002104 151.994558 115.523204 96.207205 62.666943 99.118158
94.150000 192.901780 136.332224 100.611360 77.930609 64.104189 55.460973 37.985651 22.520835 12.432565 186.113350 152.087807 115.597079 96.270775 62.712502 99.183284
94.200000 193.016603 136.417113 100.677244 77.984356 64.150497 55.502609 38.017770 22.544406 12.450445 186.224589 152.181050 115.670950 96.334342 62.758059 99.248406
94.250000 193.131420 136.501998 100.743125 78.038100 64.196802 55.544242 38.049887 22.567976 12.468323 186.335822 152.274287 115.744816 96.397905 62.803613 99.313525
94.300000 193.246230 136.586878 100.809002 78.091842 64.243105 55.585874 38.082003 22.591544 12.486202 186.447047 152.367519 115.818679 96.461465 62.849165 99.378639
94.350000 193.361033 136.671752 100.874875 78.145580 64.289406 55.627503 38.114117 22.615112 12.504079 186.558266 152.460746 115.892537 96.525021 62.894715 99.443750
94.400000 193.475829 136.756622 100.940744 78.199315 64.335703 55.669130 38.146229 22.638679 12.521956 186.669478 152.553966 115.966390 96.588573 62.940262 99.508858
94.450000 193.590618 136.841487 101.006610 78.253048 64.381999 55.710755 38.178340 22.662244 12.539832 186.780684 152.647181 116.040240 96.652122 62.985807 99.573961
94.500000 193.705400 136.926347 101.072472 78.306777 64.428292 55.752378 38.210450 22.685809 12.557707 186.891883 152.740391 116.114085 96.715667 63.031349 99.639061
94.550000 193.820175 137.011201 101.138330 78.360503 64.474582 55.793999 38.242558 22.709373 12.575582 187.003075 152.833595 116.187926 96.779208 63.076888 99.704157
94.600000 193.934943 137.096051 101.204184 78.414227 64.520870 55.835617 38.274664 22.732935 12.593457 187.114260 152.926794 116.261763 96.842746 63.122426 99.769250
94.650000 194.049704 137.180896 101.270035 78.467947 64.567155 55.877234 38.306769 22.756497 12.611330 187.225439 153.019987 116.335595 96.906281 63.167961 99.834338
94.700000 194.164458 137.265736 101.335882 78.521665 64.613438 55.918848 38.338872 22.780057 12.629203 187.336611 153.113175 116.409423 96.969811 63.213493 99.899424
94.750000 194.279206 137.350570 101.401725 78.575379 64.659719 55.960460 38.370974 22.803617 12.647076 187.447776 153.206357 116.483247 97.033339 63.259023 99.964505
94.800000 194.393946 137.435400 101.467564 78.629091 64.705997 56.002070 38.403074 22.827176 12.664947 187.558935 153.299533 116.557067 97.096862 63.304551 100.029583
