web/models/kne/35/Metzger_0.003617_0.192069_0.450000.dat
# %ECSV 0.9
# ---
# datatype:
# - {name: time, datatype: float64}
# - {name: sdss_u, datatype: float64}
# - {name: sdss_g, datatype: float64}
# - {name: sdss_r, datatype: float64}
# - {name: sdss_i, datatype: float64}
# - {name: sdss_z, datatype: float64}
# - {name: PS1_y, datatype: float64}
# - {name: ukirt_J, datatype: float64}
# - {name: ukirt_H, datatype: float64}
# - {name: ukirt_K, datatype: float64}
# - {name: johnson_U, datatype: float64}
# - {name: johnson_B, datatype: float64}
# - {name: johnson_V, datatype: float64}
# - {name: johnson_R, datatype: float64}
# - {name: johnson_I, datatype: float64}
# - {name: Clear, datatype: float64}
# meta: !!omap
# - comment: [vej = 0.19206896551724137, mej = 0.0036174920645118385, Ye = 0.45, redshift = 0.0]
# schema: astropy-2.0
time sdss_u sdss_g sdss_r sdss_i sdss_z PS1_y ukirt_J ukirt_H ukirt_K johnson_U johnson_B johnson_V johnson_R johnson_I Clear
[from data line 2964]
148.300000 nan 712.364358 549.052036 444.888529 381.118041 341.110303 259.742105 186.889710 138.592874 nan nan 617.654535 529.152076 374.684560 542.506430
148.350000 nan 712.599658 549.235201 445.038400 381.247504 341.226950 259.832644 186.956800 138.644352 nan nan 617.859609 529.328883 374.811963 542.687504
148.400000 nan 712.834956 549.418363 445.188268 381.376964 341.343595 259.923182 187.023889 138.695828 nan nan 618.064679 529.505688 374.939363 542.868576
148.450000 nan 713.070250 549.601524 445.338134 381.506424 341.460238 260.013718 187.090977 138.747304 nan nan 618.269748 529.682491 375.066762 543.049645
148.500000 nan 713.305541 549.784681 445.487999 381.635881 341.576881 260.104254 187.158064 138.798780 nan nan 618.474813 529.859291 375.194160 543.230712
148.550000 nan 713.540829 549.967837 445.637861 381.765337 341.693521 260.194789 187.225151 138.850255 nan nan 618.679876 530.036089 375.321556 543.411776
148.600000 nan 713.776114 550.150990 445.787722 381.894791 341.810160 260.285323 187.292237 138.901730 nan nan 618.884936 530.212885 375.448950 543.592838
148.650000 nan 714.011395 550.334141 445.937580 382.024244 341.926798 260.375855 187.359322 138.953204 nan nan 619.089993 530.389678 375.576342 543.773898
148.700000 nan 714.246674 550.517289 446.087437 382.153695 342.043435 260.466387 187.426407 139.004678 nan nan 619.295047 530.566470 375.703733 543.954955
148.750000 nan 714.481949 550.700435 446.237292 382.283144 342.160069 260.556917 187.493491 139.056151 nan nan 619.500099 530.743258 375.831123 544.136010
148.800000 nan 714.717221 550.883578 446.387145 382.412592 342.276703 260.647447 187.560574 139.107624 nan nan 619.705148 530.920045 375.958511 544.317063
148.850000 nan 714.952490 551.066719 446.536995 382.542038 342.393335 260.737975 187.627657 139.159096 nan nan 619.910195 531.096829 376.085897 544.498113
148.900000 nan 715.187756 551.249858 446.686844 382.671482 342.509965 260.828502 187.694738 139.210568 nan nan 620.115238 531.273611 376.213282 544.679161
148.950000 nan 715.423019 551.432994 446.836692 382.800925 342.626595 260.919028 187.761819 139.262039 nan nan 620.320279 531.450391 376.340665 544.860207
149.000000 nan 715.658278 551.616128 446.986537 382.930367 342.743222 261.009554 187.828899 139.313509 nan nan 620.525317 531.627168 376.468046 545.041250
149.050000 nan 715.893535 551.799259 447.136380 383.059806 342.859849 261.100078 187.895979 139.364979 nan nan 620.730353 531.803943 376.595426 545.222291
149.100000 nan 716.128788 551.982388 447.286221 383.189244 342.976473 261.190601 187.963058 139.416449 nan nan 620.935386 531.980715 376.722804 545.403329
149.150000 nan 716.364038 552.165515 447.436061 383.318680 343.093097 261.281123 188.030136 139.467918 nan nan 621.140416 532.157486 376.850181 545.584365
149.200000 nan 716.599285 552.348639 447.585898 383.448115 343.209719 261.371643 188.097213 139.519387 nan nan 621.345443 532.334254 376.977556 545.765399
149.250000 nan 716.834529 552.531761 447.735734 383.577548 343.326339 261.462163 188.164290 139.570855 nan nan 621.550468 532.511020 377.104930 545.946430
149.300000 nan 717.069770 552.714881 447.885568 383.706980 343.442958 261.552682 188.231365 139.622323 nan nan 621.755490 532.687783 377.232302 546.127459
149.350000 nan 717.305007 552.897998 448.035399 383.836410 343.559576 261.643200 188.298441 139.673790 nan nan 621.960509 532.864544 377.359672 546.308486
149.400000 nan 717.540242 553.081112 448.185229 383.965838 343.676192 261.733716 188.365515 139.725256 nan nan 622.165526 533.041303 377.487041 546.489510
149.450000 nan 717.775473 553.264225 448.335057 384.095265 343.792807 261.824232 188.432589 139.776722 nan nan 622.370540 533.218060 377.614408 546.670532
149.500000 nan 718.010701 553.447335 448.484883 384.224690 343.909420 261.914746 188.499662 139.828188 nan nan 622.575551 533.394814 377.741773 546.851551
149.550000 nan 718.245926 553.630442 448.634707 384.354113 344.026032 262.005260 188.566734 139.879653 nan nan 622.780559 533.571566 377.869137 547.032568
149.600000 nan 718.481148 553.813547 448.784530 384.483535 344.142642 262.095772 188.633805 139.931118 nan nan 622.985565 533.748316 377.996500 547.213583
149.650000 nan 718.716367 553.996650 448.934350 384.612955 344.259251 262.186283 188.700876 139.982582 nan nan 623.190568 533.925063 378.123860 547.394596
149.700000 nan 718.951583 554.179751 449.084168 384.742373 344.375859 262.276794 188.767946 140.034045 nan nan 623.395569 534.101808 378.251220 547.575606
149.750000 nan 719.186795 554.362849 449.233985 384.871790 344.492465 262.367303 188.835015 140.085509 nan nan 623.600566 534.278551 378.378577 547.756614
149.800000 nan 719.422005 554.545944 449.383800 385.001206 344.609070 262.457811 188.902084 140.136971 nan nan 623.805561 534.455292 378.505933 547.937619
149.850000 nan 719.657211 554.729038 449.533612 385.130619 344.725673 262.548318 188.969152 140.188433 nan nan 624.010554 534.632030 378.633288 548.118622
149.900000 nan 719.892414 554.912128 449.683423 385.260031 344.842275 262.638824 189.036219 140.239895 nan nan 624.215543 534.808766 378.760641 548.299623
149.950000 nan 720.127614 555.095217 449.833232 385.389442 344.958875 262.729329 189.103285 140.291356 nan nan 624.420530 534.985499 378.887992 548.480621
150.000000 nan 720.362814 555.278305 449.983041 385.518852 345.075476 262.819834 189.170352 140.342817 nan nan 624.625517 535.162233 379.015343 548.661620
