web/models/kne/35/Metzger_0.047339_0.078621_0.100000.dat
# %ECSV 0.9
# ---
# datatype:
# - {name: time, datatype: float64}
# - {name: sdss_u, datatype: float64}
# - {name: sdss_g, datatype: float64}
# - {name: sdss_r, datatype: float64}
# - {name: sdss_i, datatype: float64}
# - {name: sdss_z, datatype: float64}
# - {name: PS1_y, datatype: float64}
# - {name: ukirt_J, datatype: float64}
# - {name: ukirt_H, datatype: float64}
# - {name: ukirt_K, datatype: float64}
# - {name: johnson_U, datatype: float64}
# - {name: johnson_B, datatype: float64}
# - {name: johnson_V, datatype: float64}
# - {name: johnson_R, datatype: float64}
# - {name: johnson_I, datatype: float64}
# - {name: Clear, datatype: float64}
# meta: !!omap
# - comment: [vej = 0.07862068965517241, mej = 0.04733940132137338, Ye = 0.1, redshift = 0.0]
# schema: astropy-2.0
time sdss_u sdss_g sdss_r sdss_i sdss_z PS1_y ukirt_J ukirt_H ukirt_K johnson_U johnson_B johnson_V johnson_R johnson_I Clear
[from data line 1408]
70.500000 135.870144 94.520492 68.462862 51.953268 41.909399 35.641597 23.005250 11.886725 4.692209 130.904308 106.028885 79.387875 65.300678 40.899556 67.422366
70.550000 135.981417 94.602648 68.526531 52.005130 41.954025 35.681679 23.036074 11.909234 4.709182 131.012094 106.119166 79.459312 65.362092 40.943451 67.485293
70.600000 136.092679 94.684796 68.590194 52.056989 41.998648 35.721758 23.066896 11.931742 4.726155 131.119871 106.209439 79.530743 65.423502 40.987344 67.548215
70.650000 136.203933 94.766938 68.653852 52.108843 42.043267 35.761834 23.097717 11.954249 4.743127 131.227638 106.299704 79.602168 65.484906 41.031233 67.611132
70.700000 136.315176 94.849072 68.717506 52.160694 42.087883 35.801907 23.128535 11.976755 4.760098 131.335396 106.389962 79.673588 65.546306 41.075119 67.674044
70.750000 136.426410 94.931200 68.781154 52.212540 42.132496 35.841977 23.159351 11.999260 4.777069 131.443144 106.480212 79.745002 65.607700 41.119001 67.736951
70.800000 136.537634 95.013321 68.844797 52.264383 42.177106 35.882044 23.190166 12.021763 4.794039 131.550883 106.570454 79.816409 65.669090 41.162881 67.799853
70.850000 136.648849 95.095435 68.908434 52.316221 42.221712 35.922109 23.220978 12.044265 4.811008 131.658613 106.660689 79.887811 65.730474 41.206757 67.862750
70.900000 136.760054 95.177542 68.972067 52.368056 42.266315 35.962171 23.251788 12.066766 4.827977 131.766333 106.750916 79.959207 65.791854 41.250630 67.925641
70.950000 136.871249 95.259642 69.035695 52.419887 42.310915 36.002229 23.282597 12.089266 4.844945 131.874044 106.841135 80.030598 65.853229 41.294500 67.988528
71.000000 136.982435 95.341736 69.099317 52.471713 42.355511 36.042285 23.313403 12.111765 4.861912 131.981746 106.931347 80.101982 65.914599 41.338366 68.051410
71.050000 137.093611 95.423823 69.162935 52.523536 42.400104 36.082338 23.344207 12.134262 4.878878 132.089439 107.021551 80.173361 65.975965 41.382230 68.114287
71.100000 137.204778 95.505903 69.226547 52.575355 42.444694 36.122388 23.375010 12.156758 4.895844 132.197123 107.111748 80.244734 66.037325 41.426090 68.177158
71.150000 137.315935 95.587976 69.290155 52.627169 42.489281 36.162436 23.405810 12.179253 4.912810 132.304797 107.201937 80.316101 66.098681 41.469947 68.240025
71.200000 137.427083 95.670042 69.353757 52.678980 42.533864 36.202480 23.436609 12.201747 4.929774 132.412462 107.292119 80.387462 66.160031 41.513801 68.302887
71.250000 137.538221 95.752102 69.417355 52.730787 42.578444 36.242522 23.467406 12.224240 4.946738 132.520118 107.382293 80.458818 66.221377 41.557651 68.365744
71.300000 137.649350 95.834155 69.480947 52.782590 42.623021 36.282561 23.498200 12.246731 4.963702 132.627765 107.472460 80.530168 66.282719 41.601499 68.428596
71.350000 137.760469 95.916201 69.544534 52.834390 42.667595 36.322597 23.528993 12.269222 4.980664 132.735403 107.562619 80.601512 66.344055 41.645343 68.491443
71.400000 137.871580 95.998240 69.608117 52.886185 42.712166 36.362631 23.559784 12.291711 4.997626 132.843032 107.652771 80.672851 66.405387 41.689184 68.554285
71.450000 137.982680 96.080273 69.671694 52.937976 42.756733 36.402661 23.590573 12.314199 5.014588 132.950652 107.742915 80.744183 66.466714 41.733022 68.617122
71.500000 138.093772 96.162300 69.735267 52.989764 42.801297 36.442689 23.621359 12.336686 5.031549 133.058263 107.833052 80.815511 66.528036 41.776857 68.679955
71.550000 138.204854 96.244319 69.798835 53.041548 42.845858 36.482714 23.652144 12.359172 5.048509 133.165865 107.923182 80.886832 66.589353 41.820689 68.742782
71.600000 138.315927 96.326332 69.862397 53.093328 42.890416 36.522737 23.682928 12.381656 5.065468 133.273458 108.013304 80.958148 66.650666 41.864518 68.805605
71.650000 138.426990 96.408339 69.925955 53.145104 42.934970 36.562756 23.713709 12.404140 5.082427 133.381042 108.103419 81.029458 66.711974 41.908343 68.868423
71.700000 138.538044 96.490338 69.989508 53.196876 42.979522 36.602773 23.744488 12.426622 5.099385 133.488617 108.193527 81.100763 66.773277 41.952166 68.931236
71.750000 138.649090 96.572332 70.053056 53.248644 43.024070 36.642787 23.775266 12.449103 5.116343 133.596183 108.283627 81.172062 66.834576 41.995985 68.994044
71.800000 138.760125 96.654318 70.116599 53.300409 43.068615 36.682798 23.806041 12.471583 5.133300 133.703740 108.373720 81.243356 66.895870 42.039802 69.056847
71.850000 138.871152 96.736298 70.180137 53.352170 43.113157 36.722807 23.836815 12.494062 5.150256 133.811288 108.463806 81.314644 66.957159 42.083615 69.119646
71.900000 138.982170 96.818272 70.243671 53.403927 43.157696 36.762813 23.867587 12.516540 5.167212 133.918828 108.553884 81.385926 67.018444 42.127425 69.182440
71.950000 139.093178 96.900239 70.307199 53.455680 43.202232 36.802816 23.898356 12.539017 5.184167 134.026359 108.643956 81.457203 67.079724 42.171232 69.245229
72.000000 139.204177 96.982200 70.370723 53.507430 43.246765 36.842817 23.929124 12.561492 5.201121 134.133880 108.734020 81.528474 67.140999 42.215036 69.308013
72.050000 139.315168 97.064154 70.434242 53.559176 43.291294 36.882815 23.959891 12.583967 5.218075 134.241394 108.824077 81.599740 67.202270 42.258837 69.370793
72.100000 139.426149 97.146102 70.497756 53.610918 43.335821 36.922810 23.990655 12.606440 5.235028 134.348898 108.914126 81.671000 67.263536 42.302636 69.433567
72.150000 139.537121 97.228043 70.561265 53.662656 43.380344 36.962802 24.021417 12.628913 5.251981 134.456394 109.004169 81.742255 67.324798 42.346431 69.496337
72.200000 139.648084 97.309978 70.624770 53.714391 43.424864 37.002792 24.052178 12.651384 5.268933 134.563881 109.094204 81.813505 67.386055 42.390223 69.559103
72.250000 139.759038 97.391906 70.688270 53.766122 43.469382 37.042779 24.082937 12.673854 5.285884 134.671359 109.184232 81.884749 67.447308 42.434012 69.621863
72.300000 139.869983 97.473828 70.751765 53.817849 43.513896 37.082764 24.113694 12.696323 5.302835 134.778828 109.274253 81.955987 67.508556 42.477798 69.684619
72.350000 139.980919 97.555744 70.815255 53.869572 43.558407 37.122745 24.144449 12.718790 5.319785 134.886289 109.364267 82.027220 67.569799 42.521581 69.747371
72.400000 140.091847 97.637653 70.878741 53.921292 43.602915 37.162725 24.175202 12.741257 5.336735 134.993742 109.454274 82.098448 67.631038 42.565361 69.810117
72.450000 140.202765 97.719556 70.942222 53.973008 43.647420 37.202701 24.205954 12.763723 5.353684 135.101185 109.544274 82.169670 67.692272 42.609138 69.872859
72.500000 140.313674 97.801453 71.005698 54.024721 43.691922 37.242675 24.236703 12.786188 5.370633 135.208620 109.634267 82.240887 67.753502 42.652912 69.935597
72.550000 140.424575 97.883343 71.069169 54.076429 43.736421 37.282646 24.267451 12.808651 5.387580 135.316047 109.724252 82.312098 67.814727 42.696683 69.998329
72.600000 140.535466 97.965227 71.132636 54.128135 43.780917 37.322615 24.298197 12.831113 5.404528 135.423465 109.814231 82.383304 67.875948 42.740451 70.061058
72.650000 140.646349 98.047105 71.196098 54.179836 43.825410 37.362581 24.328942 12.853575 5.421474 135.530874 109.904203 82.454505 67.937165 42.784217 70.123781
72.700000 140.757223 98.128976 71.259556 54.231534 43.869900 37.402544 24.359684 12.876035 5.438420 135.638275 109.994168 82.525701 67.998377 42.827979 70.186500
72.750000 140.868089 98.210841 71.323009 54.283228 43.914387 37.442505 24.390425 12.898494 5.455366 135.745668 110.084125 82.596891 68.059584 42.871739 70.249214
72.800000 140.978945 98.292700 71.386457 54.334919 43.958871 37.482464 24.421164 12.920953 5.472311 135.853052 110.174076 82.668076 68.120787 42.915495 70.311924
72.850000 141.089793 98.374553 71.449900 54.386606 44.003352 37.522419 24.451901 12.943410 5.489255 135.960427 110.264020 82.739255 68.181986 42.959249 70.374629
72.900000 141.200632 98.456400 71.513339 54.438290 44.047830 37.562372 24.482636 12.965866 5.506199 136.067794 110.353957 82.810429 68.243180 43.002999 70.437330
72.950000 141.311462 98.538240 71.576774 54.489969 44.092305 37.602323 24.513370 12.988321 5.523142 136.175153 110.443887 82.881598 68.304370 43.046747 70.500026
73.000000 141.422284 98.620074 71.640203 54.541646 44.136777 37.642271 24.544101 13.010775 5.540084 136.282504 110.533811 82.952762 68.365555 43.090492 70.562718
73.050000 141.533097 98.701902 71.703629 54.593319 44.181247 37.682216 24.574831 13.033228 5.557026 136.389845 110.623727 83.023920 68.426736 43.134234 70.625405
73.100000 141.643901 98.783724 71.767049 54.644988 44.225713 37.722159 24.605560 13.055679 5.573968 136.497179 110.713636 83.095074 68.487913 43.177973 70.688087
73.150000 141.754697 98.865540 71.830465 54.696653 44.270176 37.762100 24.636286 13.078130 5.590909 136.604504 110.803539 83.166222 68.549085 43.221710 70.750765
73.200000 141.865484 98.947349 71.893877 54.748316 44.314637 37.802038 24.667011 13.100580 5.607849 136.711821 110.893435 83.237364 68.610253 43.265443 70.813439
73.250000 141.976262 99.029153 71.957284 54.799974 44.359094 37.841973 24.697734 13.123029 5.624789 136.819130 110.983324 83.308502 68.671417 43.309174 70.876108
73.300000 142.087032 99.110950 72.020686 54.851629 44.403549 37.881906 24.728455 13.145477 5.641728 136.926431 111.073207 83.379634 68.732576 43.352901 70.938773
73.350000 142.197794 99.192741 72.084084 54.903281 44.448001 37.921836 24.759175 13.167923 5.658667 137.033723 111.163082 83.450762 68.793731 43.396626 71.001433
73.400000 142.308547 99.274527 72.147478 54.954929 44.492449 37.961764 24.789893 13.190369 5.675605 137.141007 111.252951 83.521884 68.854882 43.440348 71.064089
73.450000 142.419291 99.356306 72.210867 55.006573 44.536895 38.001689 24.820609 13.212814 5.692542 137.248283 111.342813 83.593001 68.916028 43.484068 71.126740
73.500000 142.530027 99.438079 72.274251 55.058214 44.581339 38.041612 24.851323 13.235257 5.709479 137.355550 111.432668 83.664113 68.977170 43.527784 71.189387
73.550000 142.640754 99.519846 72.337631 55.109852 44.625779 38.081532 24.882036 13.257700 5.726416 137.462810 111.522517 83.735219 69.038308 43.571498 71.252030
73.600000 142.751473 99.601607 72.401007 55.161486 44.670216 38.121450 24.912747 13.280142 5.743351 137.570061 111.612359 83.806321 69.099441 43.615208 71.314668
73.650000 142.862184 99.683362 72.464378 55.213117 44.714651 38.161365 24.943457 13.302582 5.760287 137.677304 111.702194 83.877417 69.160571 43.658917 71.377302
73.700000 142.972886 99.765112 72.527745 55.264744 44.759082 38.201278 24.974164 13.325022 5.777222 137.784539 111.792023 83.948509 69.221696 43.702622 71.439931
73.750000 143.083580 99.846855 72.591107 55.316368 44.803511 38.241188 25.004870 13.347460 5.794156 137.891766 111.881845 84.019595 69.282817 43.746324 71.502556
73.800000 143.194265 99.928592 72.654465 55.367988 44.847937 38.281096 25.035574 13.369898 5.811090 137.998985 111.971660 84.090677 69.343933 43.790024 71.565177
73.850000 143.304943 100.010323 72.717818 55.419605 44.892360 38.321002 25.066277 13.392335 5.828023 138.106196 112.061469 84.161753 69.405045 43.833721 71.627793
73.900000 143.415611 100.092049 72.781167 55.471219 44.936780 38.360905 25.096978 13.414770 5.844955 138.213399 112.151272 84.232824 69.466154 43.877415 71.690405
73.950000 143.526272 100.173768 72.844512 55.522829 44.981198 38.400806 25.127677 13.437205 5.861888 138.320594 112.241067 84.303890 69.527258 43.921107 71.753013
74.000000 143.636924 100.255482 72.907852 55.574436 45.025613 38.440704 25.158375 13.459639 5.878819 138.427780 112.330856 84.374951 69.588357 43.964795 71.815616
74.050000 143.747568 100.337190 72.971188 55.626039 45.070025 38.480600 25.189070 13.482071 5.895750 138.534959 112.420639 84.446008 69.649453 44.008481 71.878215
74.100000 143.858204 100.418892 73.034520 55.677639 45.114434 38.520493 25.219765 13.504503 5.912681 138.642130 112.510415 84.517059 69.710544 44.052164 71.940810
74.150000 143.968831 100.500588 73.097847 55.729236 45.158840 38.560384 25.250457 13.526934 5.929611 138.749293 112.600184 84.588105 69.771632 44.095845 72.003401
74.200000 144.079451 100.582278 73.161170 55.780829 45.203244 38.600272 25.281148 13.549364 5.946540 138.856448 112.689948 84.659147 69.832715 44.139523 72.065987
74.250000 144.190062 100.663963 73.224489 55.832419 45.247645 38.640159 25.311837 13.571792 5.963469 138.963595 112.779704 84.730183 69.893794 44.183198 72.128569
74.300000 144.300665 100.745641 73.287803 55.884005 45.292043 38.680042 25.342525 13.594220 5.980398 139.070735 112.869454 84.801214 69.954869 44.226870 72.191147
74.350000 144.411260 100.827314 73.351113 55.935588 45.336438 38.719924 25.373211 13.616647 5.997326 139.177866 112.959198 84.872241 70.015939 44.270540 72.253720
74.400000 144.521846 100.908981 73.414419 55.987168 45.380831 38.759803 25.403896 13.639073 6.014253 139.284989 113.048935 84.943263 70.077006 44.314207 72.316290
74.450000 144.632425 100.990642 73.477721 56.038745 45.425220 38.799679 25.434578 13.661498 6.031180 139.392105 113.138666 85.014279 70.138069 44.357871 72.378855
74.500000 144.742995 101.072298 73.541018 56.090318 45.469607 38.839554 25.465259 13.683922 6.048106 139.499213 113.228390 85.085291 70.199127 44.401533 72.441416
74.550000 144.853558 101.153948 73.604311 56.141888 45.513992 38.879426 25.495939 13.706345 6.065032 139.606313 113.318108 85.156298 70.260182 44.445192 72.503973
74.600000 144.964112 101.235592 73.667600 56.193455 45.558374 38.919295 25.526617 13.728767 6.081958 139.713406 113.407820 85.227300 70.321232 44.488848 72.566525
74.650000 145.074658 101.317230 73.730884 56.245018 45.602752 38.959162 25.557293 13.751188 6.098883 139.820490 113.497525 85.298297 70.382278 44.532502 72.629074
74.700000 145.185197 101.398863 73.794165 56.296578 45.647129 38.999027 25.587968 13.773609 6.115807 139.927567 113.587224 85.369290 70.443321 44.576153 72.691618
74.750000 145.295727 101.480490 73.857441 56.348135 45.691502 39.038890 25.618641 13.796028 6.132731 140.034636 113.676917 85.440277 70.504359 44.619802 72.754158
74.800000 145.406250 101.562112 73.920713 56.399688 45.735873 39.078750 25.649312 13.818446 6.149654 140.141698 113.766603 85.511260 70.565393 44.663447 72.816694
74.850000 145.516764 101.643727 73.983980 56.451239 45.780241 39.118608 25.679982 13.840864 6.166577 140.248751 113.856283 85.582238 70.626424 44.707091 72.879226
74.900000 145.627270 101.725337 74.047244 56.502786 45.824607 39.158463 25.710651 13.863280 6.183500 140.355798 113.945957 85.653211 70.687450 44.750731 72.941753
74.950000 145.737769 101.806942 74.110503 56.554329 45.868970 39.198317 25.741317 13.885696 6.200422 140.462836 114.035625 85.724180 70.748472 44.794369 73.004277
75.000000 145.848260 101.888541 74.173758 56.605870 45.913330 39.238168 25.771983 13.908110 6.217343 140.569867 114.125286 85.795143 70.809490 44.838004 73.066796
75.050000 145.958743 101.970134 74.237010 56.657407 45.957687 39.278016 25.802646 13.930524 6.234264 140.676890 114.214941 85.866102 70.870505 44.881637 73.129312
75.100000 146.069217 102.051722 74.300257 56.708941 46.002042 39.317863 25.833308 13.952937 6.251185 140.783906 114.304590 85.937056 70.931515 44.925267 73.191823
75.150000 146.179685 102.133304 74.363499 56.760472 46.046395 39.357707 25.863969 13.975349 6.268105 140.890914 114.394232 86.008006 70.992521 44.968895 73.254330
75.200000 146.290144 102.214880 74.426738 56.812000 46.090744 39.397548 25.894628 13.997760 6.285024 140.997915 114.483869 86.078950 71.053524 45.012520 73.316834
75.250000 146.400595 102.296451 74.489973 56.863525 46.135091 39.437388 25.925285 14.020170 6.301943 141.104908 114.573499 86.149890 71.114522 45.056142 73.379333
75.300000 146.511039 102.378017 74.553203 56.915046 46.179435 39.477225 25.955941 14.042579 6.318862 141.211893 114.663123 86.220826 71.175517 45.099762 73.441828
