web/models/kne/35/Metzger_0.002920_0.418966_0.100000.dat
# %ECSV 0.9
# ---
# datatype:
# - {name: time, datatype: float64}
# - {name: sdss_u, datatype: float64}
# - {name: sdss_g, datatype: float64}
# - {name: sdss_r, datatype: float64}
# - {name: sdss_i, datatype: float64}
# - {name: sdss_z, datatype: float64}
# - {name: PS1_y, datatype: float64}
# - {name: ukirt_J, datatype: float64}
# - {name: ukirt_H, datatype: float64}
# - {name: ukirt_K, datatype: float64}
# - {name: johnson_U, datatype: float64}
# - {name: johnson_B, datatype: float64}
# - {name: johnson_V, datatype: float64}
# - {name: johnson_R, datatype: float64}
# - {name: johnson_I, datatype: float64}
# - {name: Clear, datatype: float64}
# meta: !!omap
# - comment: [vej = 0.4189655172413793, mej = 0.002919709587218229, Ye = 0.1, redshift = 0.0]
# schema: astropy-2.0
time sdss_u sdss_g sdss_r sdss_i sdss_z PS1_y ukirt_J ukirt_H ukirt_K johnson_U johnson_B johnson_V johnson_R johnson_I Clear
[from data line 1619]
81.050000 nan 639.181560 491.949857 398.055794 340.579861 304.525060 231.209415 165.589697 122.108367 nan 703.948460 553.794921 474.010878 334.781808 486.049225
81.100000 nan 639.564665 492.248045 398.299752 340.790580 304.714904 231.356735 165.698824 122.192065 nan 704.368888 554.128793 474.298711 334.989171 486.344007
81.150000 nan 639.947758 492.546224 398.543702 341.001292 304.904743 231.504052 165.807948 122.275761 nan 704.789302 554.462655 474.586535 335.196528 486.638780
81.200000 nan 640.330839 492.844394 398.787646 341.211998 305.094575 231.651365 165.917070 122.359455 nan 705.209704 554.796506 474.874350 335.403878 486.933544
81.250000 nan 640.713908 493.142554 399.031582 341.422697 305.284403 231.798673 166.026189 122.443147 nan 705.630092 555.130347 475.162156 335.611223 487.228299
81.300000 nan 641.096965 493.440706 399.275510 341.633391 305.474225 231.945978 166.135304 122.526837 nan 706.050467 555.464178 475.449953 335.818561 487.523045
81.350000 nan 641.480010 493.738848 399.519432 341.844078 305.664041 232.093278 166.244417 122.610525 nan 706.470828 555.797998 475.737742 336.025893 487.817781
81.400000 nan 641.863043 494.036981 399.763346 342.054759 305.853852 232.240574 166.353528 122.694211 nan 706.891177 556.131808 476.025522 336.233219 488.112509
81.450000 nan 642.246065 494.335105 400.007253 342.265434 306.043657 232.387866 166.462635 122.777895 nan 707.311512 556.465608 476.313293 336.440540 488.407228
81.500000 nan 642.629074 494.633220 400.251152 342.476102 306.233457 232.535154 166.571739 122.861576 nan 707.731834 556.799397 476.601055 336.647853 488.701938
81.550000 nan 643.012071 494.931326 400.495044 342.686764 306.423251 232.682438 166.680841 122.945256 nan 708.152143 557.133176 476.888808 336.855161 488.996639
81.600000 nan 643.395057 495.229422 400.738929 342.897421 306.613040 232.829718 166.789940 123.028934 nan 708.572439 557.466945 477.176553 337.062463 489.291331
81.650000 nan 643.778030 495.527510 400.982806 343.108070 306.802823 232.976993 166.899035 123.112610 nan 708.992722 557.800704 477.464289 337.269759 489.586014
81.700000 nan 644.160992 495.825588 401.226676 343.318714 306.992601 233.124265 167.008129 123.196284 nan 709.412992 558.134452 477.752016 337.477048 489.880688
81.750000 nan 644.543942 496.123658 401.470539 343.529352 307.182373 233.271532 167.117219 123.279956 nan 709.833248 558.468190 478.039735 337.684332 490.175353
81.800000 nan 644.926880 496.421718 401.714395 343.739983 307.372140 233.418795 167.226306 123.363626 nan 710.253492 558.801918 478.327445 337.891609 490.470009
81.850000 nan 645.309806 496.719770 401.958243 343.950608 307.561901 233.566055 167.335391 123.447294 nan 710.673722 559.135636 478.615146 338.098880 490.764656
81.900000 nan 645.692721 497.017812 402.202085 344.161227 307.751657 233.713310 167.444473 123.530960 nan 711.093940 559.469343 478.902838 338.306146 491.059294
81.950000 nan 646.075623 497.315845 402.445918 344.371840 307.941407 233.860561 167.553551 123.614624 nan 711.514144 559.803040 479.190522 338.513405 491.353923
82.000000 nan 646.458514 497.613869 402.689745 344.582447 308.131152 234.007808 167.662628 123.698286 nan 711.934335 560.136727 479.478197 338.720658 491.648544
82.050000 nan 646.841392 497.911884 402.933564 344.793047 308.320892 234.155051 167.771701 123.781946 nan 712.354513 560.470404 479.765863 338.927905 491.943155
82.100000 nan 647.224259 498.209891 403.177376 345.003642 308.510625 234.302290 167.880771 123.865604 nan 712.774678 560.804071 480.053521 339.135146 492.237757
82.150000 nan 647.607115 498.507888 403.421181 345.214230 308.700354 234.449524 167.989839 123.949260 nan 713.194830 561.137727 480.341170 339.342381 492.532351
82.200000 nan 647.989958 498.805876 403.664979 345.424812 308.890077 234.596755 168.098904 124.032914 nan 713.614969 561.471373 480.628810 339.549610 492.826936
82.250000 nan 648.372790 499.103855 403.908769 345.635388 309.079794 234.743982 168.207966 124.116566 nan 714.035095 561.805009 480.916442 339.756833 493.121511
82.300000 nan 648.755609 499.401825 404.152552 345.845958 309.269506 234.891204 168.317025 124.200216 nan 714.455208 562.138635 481.204065 339.964050 493.416078
82.350000 nan 649.138418 499.699786 404.396328 346.056522 309.459213 235.038423 168.426081 124.283864 nan 714.875308 562.472251 481.491679 340.171261 493.710636
82.400000 nan 649.521214 499.997738 404.640097 346.267079 309.648914 235.185637 168.535135 124.367510 nan 715.295396 562.805856 481.779285 340.378466 494.005186
82.450000 nan 649.903998 500.295681 404.883859 346.477631 309.838610 235.332848 168.644186 124.451155 nan 715.715470 563.139452 482.066882 340.585665 494.299726
82.500000 nan 650.286771 500.593616 405.127613 346.688176 310.028300 235.480054 168.753234 124.534797 nan 716.135531 563.473037 482.354470 340.792858 494.594257
82.550000 nan 650.669532 500.891541 405.371360 346.898715 310.217985 235.627256 168.862279 124.618437 nan 716.555579 563.806612 482.642050 341.000045 494.888780
82.600000 nan 651.052282 501.189457 405.615100 347.109248 310.407665 235.774455 168.971321 124.702075 nan 716.975614 564.140177 482.929621 341.207226 495.183294
82.650000 nan 651.435019 501.487364 405.858833 347.319775 310.597339 235.921649 169.080361 124.785711 nan 717.395637 564.473732 483.217184 341.414401 495.477798
82.700000 nan 651.817745 501.785263 406.102558 347.530296 310.787007 236.068839 169.189398 124.869346 nan 717.815646 564.807277 483.504738 341.621570 495.772295
82.750000 nan 652.200460 502.083152 406.346277 347.740811 310.976670 236.216025 169.298432 124.952978 nan 718.235643 565.140812 483.792283 341.828733 496.066782
82.800000 nan 652.583162 502.381033 406.589988 347.951320 311.166328 236.363208 169.407463 125.036608 nan 718.655627 565.474337 484.079820 342.035890 496.361260
82.850000 nan 652.965853 502.678904 406.833692 348.161822 311.355980 236.510386 169.516491 125.120237 nan 719.075597 565.807851 484.367348 342.243041 496.655730
82.900000 nan 653.348533 502.976767 407.077389 348.372319 311.545627 236.657560 169.625517 125.203863 nan 719.495555 566.141356 484.654867 342.450186 496.950191
82.950000 nan 653.731200 503.274621 407.321079 348.582809 311.735269 236.804730 169.734540 125.287488 nan 719.915500 566.474850 484.942378 342.657325 497.244643
83.000000 nan 654.113856 503.572466 407.564762 348.793294 311.924905 236.951896 169.843560 125.371110 nan 720.335432 566.808335 485.229881 342.864458 497.539086
83.050000 nan 654.496501 503.870302 407.808437 349.003772 312.114536 237.099058 169.952577 125.454731 nan 720.755352 567.141809 485.517375 343.071585 497.833520
83.100000 nan 654.879133 504.168129 408.052105 349.214244 312.304161 237.246216 170.061592 125.538349 nan 721.175258 567.475273 485.804860 343.278706 498.127946
83.150000 nan 655.261754 504.465947 408.295767 349.424711 312.493781 237.393370 170.170603 125.621966 nan 721.595152 567.808727 486.092337 343.485821 498.422363
83.200000 nan 655.644364 504.763757 408.539421 349.635171 312.683396 237.540520 170.279612 125.705581 nan 722.015033 568.142172 486.379805 343.692931 498.716771
83.250000 nan 656.026962 505.061557 408.783068 349.845625 312.873005 237.687666 170.388618 125.789193 nan 722.434901 568.475606 486.667265 343.900034 499.011170
83.300000 nan 656.409548 505.359349 409.026708 350.056073 313.062609 237.834808 170.497622 125.872804 nan 722.854756 568.809030 486.954716 344.107131 499.305561
83.350000 nan 656.792123 505.657131 409.270341 350.266515 313.252208 237.981946 170.606622 125.956413 nan 723.274599 569.142445 487.242159 344.314223 499.599943
83.400000 nan 657.174686 505.954905 409.513966 350.476951 313.441801 238.129080 170.715620 126.040020 nan 723.694429 569.475849 487.529593 344.521309 499.894316
83.450000 nan 657.557237 506.252671 409.757585 350.687381 313.631388 238.276210 170.824615 126.123625 nan 724.114245 569.809243 487.817019 344.728388 500.188681
83.500000 nan 657.939777 506.550427 410.001196 350.897805 313.820971 238.423336 170.933608 126.207228 nan 724.534050 570.142627 488.104436 344.935462 500.483036
83.550000 nan 658.322306 506.848174 410.244801 351.108223 314.010548 238.570458 171.042597 126.290829 nan 724.953841 570.476002 488.391844 345.142530 500.777383
83.600000 nan 658.704823 507.145913 410.488398 351.318635 314.200120 238.717576 171.151584 126.374428 nan 725.373620 570.809366 488.679245 345.349592 501.071722
83.650000 nan 659.087328 507.443643 410.731988 351.529041 314.389686 238.864690 171.260568 126.458025 nan 725.793386 571.142720 488.966636 345.556648 501.366051
83.700000 nan 659.469822 507.741364 410.975571 351.739441 314.579247 239.011800 171.369549 126.541620 nan 726.213139 571.476065 489.254020 345.763698 501.660372
83.750000 nan 659.852304 508.039076 411.219148 351.949835 314.768803 239.158906 171.478528 126.625213 nan 726.632880 571.809399 489.541394 345.970742 501.954684
83.800000 nan 660.234775 508.336779 411.462717 352.160223 314.958353 239.306008 171.587504 126.708805 nan 727.052608 572.142724 489.828761 346.177780 502.248988
83.850000 nan 660.617235 508.634474 411.706279 352.370604 315.147898 239.453106 171.696477 126.792394 nan 727.472323 572.476039 490.116119 346.384813 502.543283
83.900000 nan 660.999683 508.932160 411.949834 352.580980 315.337438 239.600201 171.805447 126.875982 nan 727.892025 572.809343 490.403468 346.591839 502.837569
83.950000 nan 661.382119 509.229837 412.193381 352.791350 315.526973 239.747291 171.914415 126.959567 nan 728.311715 573.142638 490.690809 346.798860 503.131846
84.000000 nan 661.764544 509.527505 412.436922 353.001714 315.716502 239.894377 172.023379 127.043151 nan 728.731393 573.475923 490.978141 347.005875 503.426115
84.050000 nan 662.146957 509.825165 412.680456 353.212072 315.906025 240.041459 172.132341 127.126732 nan 729.151057 573.809198 491.265466 347.212884 503.720375
84.100000 nan 662.529359 510.122816 412.923983 353.422424 316.095544 240.188538 172.241301 127.210312 nan 729.570709 574.142464 491.552781 347.419887 504.014627
84.150000 nan 662.911750 510.420458 413.167503 353.632770 316.285057 240.335612 172.350257 127.293890 nan 729.990348 574.475719 491.840088 347.626884 504.308870
84.200000 nan 663.294129 510.718091 413.411016 353.843110 316.474565 240.482683 172.459211 127.377465 nan 730.409975 574.808964 492.127387 347.833875 504.603104
84.250000 nan 663.676497 511.015716 413.654521 354.053445 316.664068 240.629749 172.568162 127.461039 nan 730.829589 575.142200 492.414678 348.040861 504.897330
84.300000 nan 664.058853 511.313332 413.898020 354.263773 316.853565 240.776812 172.677110 127.544611 nan 731.249191 575.475426 492.701960 348.247840 505.191547
84.350000 nan 664.441198 511.610939 414.141512 354.474095 317.043057 240.923870 172.786056 127.628181 nan 731.668780 575.808641 492.989234 348.454814 505.485755
84.400000 nan 664.823532 511.908537 414.384997 354.684411 317.232544 241.070925 172.894999 127.711749 nan 732.088356 576.141847 493.276499 348.661782 505.779955
84.450000 nan 665.205854 512.206127 414.628474 354.894722 317.422025 241.217976 173.003939 127.795316 nan 732.507920 576.475044 493.563756 348.868744 506.074146
84.500000 nan 665.588165 512.503708 414.871945 355.105026 317.611501 241.365023 173.112876 127.878880 nan 732.927471 576.808230 493.851004 349.075701 506.368329
84.550000 nan 665.970464 512.801280 415.115409 355.315325 317.800972 241.512065 173.221811 127.962442 nan 733.347010 577.141407 494.138244 349.282651 506.662503
84.600000 nan 666.352752 513.098844 415.358866 355.525617 317.990438 241.659104 173.330743 128.046003 nan 733.766536 577.474573 494.425476 349.489596 506.956669
84.650000 nan 666.735029 513.396399 415.602316 355.735904 318.179898 241.806139 173.439672 128.129561 nan 734.186049 577.807730 494.712700 349.696535 507.250826
84.700000 nan 667.117294 513.693945 415.845759 355.946184 318.369353 241.953171 173.548599 128.213118 nan 734.605550 578.140877 494.999915 349.903468 507.544974
84.750000 nan 667.499548 513.991483 416.089194 356.156459 318.558803 242.100198 173.657523 128.296672 nan 735.025039 578.474015 495.287122 350.110395 507.839114
84.800000 nan 667.881791 514.289012 416.332623 356.366728 318.748248 242.247221 173.766444 128.380225 nan 735.444515 578.807142 495.574320 350.317316 508.133245
84.850000 nan 668.264022 514.586532 416.576045 356.576991 318.937687 242.394240 173.875362 128.463776 nan 735.863978 579.140260 495.861510 350.524232 508.427368
84.900000 nan 668.646242 514.884044 416.819461 356.787248 319.127121 242.541256 173.984278 128.547325 nan 736.283430 579.473368 496.148692 350.731142 508.721482
84.950000 nan 669.028451 515.181547 417.062869 356.997499 319.316550 242.688267 174.093191 128.630872 nan 736.702868 579.806466 496.435865 350.938046 509.015587
85.000000 nan 669.410648 515.479042 417.306270 357.207745 319.505973 242.835275 174.202101 128.714417 nan 737.122294 580.139555 496.723031 351.144944 509.309685
85.050000 nan 669.792834 515.776528 417.549664 357.417984 319.695392 242.982279 174.311009 128.797960 nan 737.541708 580.472634 497.010187 351.351836 509.603773
85.100000 nan 670.175009 516.074005 417.793052 357.628218 319.884805 243.129278 174.419913 128.881501 nan 737.961109 580.805703 497.297336 351.558723 509.897853
85.150000 nan 670.557173 516.371473 418.036432 357.838445 320.074213 243.276274 174.528816 128.965040 nan 738.380498 581.138762 497.584476 351.765604 510.191925
85.200000 nan 670.939325 516.668933 418.279805 358.048667 320.263616 243.423266 174.637715 129.048578 nan 738.799874 581.471812 497.871608 351.972479 510.485988
85.250000 nan 671.321466 516.966385 418.523172 358.258883 320.453013 243.570254 174.746612 129.132113 nan inf 581.804851 498.158732 352.179348 510.780042
85.300000 nan 671.703596 517.263827 418.766532 358.469093 320.642405 243.717239 174.855506 129.215647 nan nan 582.137882 498.445847 352.386212 511.074088
85.350000 nan 672.085715 517.561262 419.009885 358.679297 320.831792 243.864219 174.964397 129.299179 nan nan 582.470902 498.732955 352.593070 511.368126
85.400000 nan 672.467822 517.858687 419.253231 358.889495 321.021174 244.011196 175.073286 129.382709 nan nan 582.803913 499.020054 352.799922 511.662155
85.450000 nan 672.849918 518.156104 419.496570 359.099688 321.210551 244.158168 175.182172 129.466236 nan nan 583.136914 499.307144 353.006768 511.956176
85.500000 nan 673.232003 518.453513 419.739902 359.309874 321.399922 244.305137 175.291055 129.549762 nan nan 583.469905 499.594227 353.213609 512.250188
85.550000 nan 673.614077 518.750913 419.983227 359.520055 321.589289 244.452102 175.399935 129.633287 nan nan 583.802887 499.881301 353.420444 512.544192
85.600000 nan 673.996139 519.048304 420.226545 359.730230 321.778650 244.599063 175.508813 129.716809 nan nan 584.135859 500.168367 353.627273 512.838187
85.650000 nan 674.378191 519.345687 420.469857 359.940399 321.968005 244.746020 175.617689 129.800329 nan nan 584.468822 500.455425 353.834096 513.132174
85.700000 nan 674.760231 519.643061 420.713162 360.150562 322.157356 244.892973 175.726561 129.883848 nan nan 584.801774 500.742474 354.040914 513.426152
85.750000 nan 675.142260 519.940427 420.956459 360.360720 322.346702 245.039922 175.835431 129.967364 nan nan 585.134718 501.029515 354.247726 513.720122
85.800000 nan 675.524278 520.237784 421.199750 360.570871 322.536042 245.186868 175.944298 130.050879 nan nan 585.467651 501.316548 354.454532 514.014084
85.850000 nan 675.906285 520.535132 421.443035 360.781017 322.725377 245.333809 176.053163 130.134391 nan nan 585.800575 501.603573 354.661333 514.308037
85.900000 nan 676.288280 520.832473 421.686312 360.991157 322.914707 245.480747 176.162024 130.217902 nan nan 586.133489 501.890590 354.868127 514.601982
85.950000 nan 676.670265 521.129804 421.929582 361.201291 323.104032 245.627681 176.270883 130.301411 nan nan 586.466394 502.177598 355.074917 514.895918
