web/models/kne/35/mosfit_kn_0.002817_0.0770_10.0000.dat
# %ECSV 1.0
# ---
# datatype:
# - {name: time, datatype: float64}
# - {name: PS1_g, datatype: float64}
# - {name: PS1_i, datatype: float64}
# - {name: PS1_r, datatype: float64}
# - {name: PS1_w, datatype: float64}
# - {name: PS1_y, datatype: float64}
# - {name: PS1_z, datatype: float64}
# - {name: swift_uvot_B, datatype: float64}
# - {name: swift_uvot_U, datatype: float64}
# - {name: swift_uvot_uvm2, datatype: float64}
# - {name: swift_uvot_uvw1, datatype: float64}
# - {name: swift_uvot_uvw2, datatype: float64}
# - {name: swift_uvot_V, datatype: float64}
# - {name: johnson_B, datatype: float64}
# - {name: johnson_I, datatype: float64}
# - {name: johnson_R, datatype: float64}
# - {name: johnson_U, datatype: float64}
# - {name: johnson_V, datatype: float64}
# - {name: sdss_g, datatype: float64}
# - {name: sdss_i, datatype: float64}
# - {name: sdss_r, datatype: float64}
# - {name: sdss_u, datatype: float64}
# - {name: sdss_z, datatype: float64}
# - {name: ATLAS_c, datatype: float64}
# - {name: ATLAS_o, datatype: float64}
# - {name: ukirt_H, datatype: float64}
# - {name: ukirt_J, datatype: float64}
# - {name: ukirt_K, datatype: float64}
# - {name: Clear, datatype: float64}
# meta: !!omap
# - comment: [kappa = 10.0, type = rprocess, mass = 0.0028172691138521437, velocity = 0.07700000000000001, theta_obs = 0.0, tfloor = 1000.0]
# schema: astropy-2.0
time PS1_g PS1_i PS1_r PS1_w PS1_y PS1_z swift_uvot_B swift_uvot_U swift_uvot_uvm2 swift_uvot_uvw1 swift_uvot_uvw2 swift_uvot_V johnson_B johnson_I johnson_R johnson_U johnson_V sdss_g sdss_i sdss_r sdss_u sdss_z ATLAS_c ATLAS_o ukirt_H ukirt_J ukirt_K Clear
0.06012024048096192 -9.078293441170722 -8.76502473932332 -8.941882376409342 -8.967448865431837 -8.449870425658279 -8.589488645702712 -8.982072600499624 -10.054392777954178 -10.064930644940912 -10.09480762456695 -9.779338355492605 -9.031275416801964 -8.994653560551939 -9.127950417763834 -9.11526716826571 -9.822766022465032 -9.04079269799002 -9.08908800186694 -8.77906589432106 -8.94435760512133 -9.060528844714604 -8.558176920662621 -9.042325469280996 -8.887186468583792 -7.601958167555888 -8.09057601899507 -7.1218771027895205 -8.902637621388685
0.12024048096192384 -9.766849280950183 -9.684317438357457 -9.775012551641709 -9.759716642197098 -9.449884573723857 -9.558795681744456 -9.599285302383393 -10.473956302540053 -9.944404557426555 -10.16964600565693 -9.532618046181035 -9.798198287770596 -9.61656500882745 -10.070030311519169 -9.968619391872313 -10.280990226476423 -9.811737843176152 -9.757389527924314 -9.69619184634178 -9.77737316086083 -9.50900313179794 -9.535038680846473 -9.781212359018596 -9.754093244272024 -8.709073618681254 -9.148676746821065 -8.262054517010727 -9.712761898015003
0.18036072144288576 -10.103278472560149 -10.185964100676781 -10.214517636932516 -10.175136582486424 -10.009969942154111 -10.09662516704978 -9.883933903055528 -10.618950388662114 -9.718987790375774 -10.09034037061765 -9.24355699861469 -10.189490547805146 -9.90510018560537 -10.588247274760622 -10.423132706961955 -10.452779159239196 -10.206319572396081 -10.079316436085275 -10.196264767366827 -10.216628710535804 -9.673487993589394 -10.078429830602342 -10.155169408550044 -10.218736910905868 -9.346438378289752 -9.750817504461684 -8.923024403890077 -10.143215912838386
0.24048096192384769 -10.309189590122081 -10.52366221959808 -10.502347224681223 -10.446845026998641 -10.394779044849258 -10.463465753994061 -10.048174035468158 -10.67293411759291 -9.485948014396829 -9.977411336549551 -8.97619340031904 -10.438383146934555 -10.072764725208415 -10.939340846360494 -10.72327307891329 -10.527618735623047 -10.458090671741969 -10.273669649801676 -10.532692355525732 -10.504154669656778 -9.74231925373326 -10.449814037411507 -10.39190836158875 -10.527219854064267 -9.79354719249791 -10.169594013507302 -9.389049133769925 -10.428248796083679
0.3006012024048096 -10.43921125492501 -10.767694222995612 -10.703016137909636 -10.635759957909361 -10.6799612980004 -10.732928841547338 -10.141893532856258 -10.67202570005982 -9.242002690654822 -9.840098538907807 -8.714705600631255 -10.605026385950335 -10.169685880663518 -11.195097474978112 -10.934846288546975 -10.544405956792453 -10.62741133693448 -10.393700692943977 -10.775613786583893 -10.70448392456207 -9.753780001835572 -10.72329139098363 -10.549243640326047 -10.746199723086018 -10.133215732439334 -10.484519537330213 -9.745196685344853 -10.62963207785483
0.3607214428857715 -10.52298693575933 -10.953337679739725 -10.849741919587927 -10.773683778176277 -10.902697122699347 -10.941473932406058 -10.193037675686558 -10.63915605030438 -8.995649709100618 -9.69136143013575 -8.462523899921063 -10.721084790225916 -10.223883321165989 -11.39132705687824 -11.091521176157457 -10.52709345606835 -10.74601201199435 -10.468555677118125 -10.960255845912563 -10.85084457424843 -9.731607184600541 -10.935492279435515 -10.657932984786633 -10.909641170563376 -10.405158132855801 -10.73413902707516 -10.031980498316615 -10.779424146294616
0.42084168336673344 -10.576041873628679 -11.099302948668068 -10.960071929020323 -10.877366315072585 -11.082766993829534 -11.108476628581077 -10.216168825070177 -10.586055109702652 -8.750553623299528 -9.537413663391341 -8.22046532749884 -10.803226930997731 -10.249961612144268 -11.547039697005303 -11.21109974545184 -10.487986686962369 -10.830598521161575 -10.513478223838018 -11.105300274974201 -10.960790018809181 -9.687983530073812 -11.10588825055137 -10.734132497070874 -11.035513181891723 -10.630572794937086 -10.938997493417746 -10.271044795259668 -10.894521120392788
0.48096192384769537 -10.607455328147974 -11.216673373039718 -11.04435840347671 -10.956659161887892 -11.231924682669092 -11.245437369193674 -10.219759249783024 -10.519416439734783 -8.508388947632376 -9.381543972079616 -7.988412329686859 -10.861251667138944 -10.25641959937309 -11.673506727256761 -11.304094140152412 -10.434139689700867 -10.890993121188382 -10.537370253860026 -11.221812456471607 -11.04467635834725 -9.629885556669393 -11.246039742835467 -10.787318603921019 -11.134432801391903 -10.822097862014227 -11.111326050202555 -10.475304986158152 -10.98486739188509
0.5410821643286573 -10.623011616689073 -11.312572112173669 -11.109236724972096 -11.017860292834882 -11.357738933162818 -11.359756773832093 -10.209187692731334 -10.443432396614902 -8.270021769920039 -9.225696651024418 -7.766007355185106 -10.901424981852099 -10.24865337453042 -11.77797632360112 -11.37724594025703 -10.369985000793662 -10.933477081238381 -10.545897564159077 -11.316903594694878 -11.109141728931071 -9.561694104158711 -11.363387094069193 -10.823539896266805 -11.21321126484732 -10.987887235637517 -11.259009520934276 -10.65309806624869 -11.056821802790981
0.6012024048096192 -10.625926299465291 -11.391389036167148 -11.158663955761465 -11.06467949410284 -11.464998767083845 -11.456072776312372 -10.187308543923194 -10.35993582004295 -8.034497191126903 -9.069918268738242 -7.551477495078668 -10.927372348627735 -10.229537719529901 -11.864950934985139 -11.43461081252995 -10.297557806443802 -10.961693349423063 -10.542172000650432 -11.394952824874096 -11.158143945263284 -9.485396232957957 -11.462604829657455 -10.846257733885949 -11.275969476885894 -11.133254671369437 -11.38712134528104 -10.809900246918803 -11.114168455583933
0.6613226452905812 -10.619006927716033 -11.456606771863207 -11.195877141504091 -11.100182077399872 -11.557409819571944 -11.538007062437092 -10.156724821497935 -10.27093401470097 -7.802170159592648 -8.915111065929775 -7.344540242467112 -10.942144598104957 -10.201684245224833 -11.93797583694619 -11.479479020135443 -10.218985718052195 -10.978700312576686 -10.528941352752383 -11.459436775931309 -11.194921542580474 -9.403093534201865 -11.547334414692099 -10.858412292284001 -11.326032529428911 -11.262196571785362 -11.499524418995042 -10.949798625655694 -11.160002763522687
0.721442885771543 -10.60410143934492 -11.510653072031154 -11.223091565369216 -11.126450512968269 -11.63759392146357 -11.608108260685182 -10.119107217959879 -10.177592095628487 -7.572826363278884 -8.761547667550058 -7.1445072187902205 -10.94779476846701 -10.166772603617996 -11.999533483801425 -11.514113220607982 -10.13553460563741 -10.986558741215811 -10.508002320348524 -11.512777973180821 -11.22169058008387 -9.316028704879677 -11.620141998139228 -10.861969614553395 -11.365694234596067 -11.377587955739868 -11.598977803716044 -11.075746679523844 -11.196439365536577
0.781563126252505 -10.582501048944835 -11.55530171518988 -11.241903366570138 -11.14497818686317 -11.707487696799532 -11.668251496734872 -10.075598576146138 -10.080635349630018 -7.346064521829201 -8.609243326945464 -6.950621665267359 -10.945782705117583 -10.12595399570737 -12.051443655379856 -11.540149924264053 -10.04801223570021 -10.986735615950776 -10.48060352065825 -11.556745805050479 -11.240047565710807 -9.22498977170223 -11.682917579895697 -10.858321483958182 -11.396617680028402 -11.481577995525496 -11.687533476384411 -11.189959194214348 -11.225001767176401
0.8416833667334669 -10.555259863064137 -11.591967925834492 -11.253595219319639 -11.15696729578751 -11.768627283817938 -11.71992733069775 -10.027142373723834 -9.980694447704064 -7.121670716972377 -8.458293330143807 -6.762377356306345 -10.937289570069108 -10.080177811050572 -12.095155721370869 -11.558901612167702 -9.957111289204256 -10.980417160908134 -10.447767183034813 -11.592752234202912 -11.251275579406403 -9.130654845803825 -11.737162679189499 -10.848596174865968 -11.420134877356176 -11.57586002410765 -11.766812881238467 -11.294178067933432 -11.246913191075212
0.9018036072144289 -10.52320255351475 -11.621768510112407 -11.259176656772212 -11.163362622752846 -11.822227233828322 -11.764313487299578 -9.974473770011809 -9.878252180834988 -6.899449016561355 -8.308753170766803 -6.579338127257092 -10.923242670878565 -10.0301840728781 -12.131814111367653 -11.571401997771932 -9.863364507799723 -10.968534837929534 -10.410292207159006 -11.621911428217775 -11.256384469329976 -9.033544861488885 -11.784063886722755 -10.833678436526135 -11.437295339667237 -11.661775418524998 -11.838099428751788 -11.389783819803617 -11.263135595829734
0.9619238476953907 -10.486786368362875 -11.645468513966026 -11.259297946441258 -11.164763195688376 -11.869159095569515 -11.80224111407945 -9.917953759428901 -9.773408277686926 -6.678814775711007 -8.160327827500389 -6.4007672432413045 -10.904202985263993 -9.97634090256604 -12.162214142022655 -11.578328993377973 -9.766921942545387 -10.95165555620209 -10.368608740582665 -11.644985558331271 -11.256024195619396 -8.933796406150645 -11.824462436489434 -10.814094003080346 -11.448795134599763 -11.740335442498695 -11.902340705535453 -11.477830495512842 -11.274293355466316
1.0220440881763526 -10.44673771623767 -11.663927366562206 -11.254771221018895 -11.161936585025689 -11.910323412767703 -11.834595549390325 -9.858269747148107 -9.666732158726834 -6.4600083981076954 -8.013353067627804 -6.2266921393357 -10.880947423344011 -9.919336304169896 -12.187226751240711 -11.580503945840778 -9.668377509763399 -10.930556846993598 -10.323431436366608 -11.662832940855825 -11.251007587142272 -8.8319989095098 -11.859247032235345 -10.790592032608117 -11.455461389671413 -11.812492162035467 -11.960465117795652 -11.559286326172698 -11.281155458753389
1.0821643286573146 -10.40332284030498 -11.677636671274243 -11.246003748216449 -11.155255436563323 -11.946290253650922 -11.861917065231484 -9.795617176114295 -9.55822915988957 -6.242542450009963 -7.867559364510939 -6.056523637495154 -10.853817342317182 -9.859371394812019 -12.20736589565129 -11.578354834109412 -9.567772883187146 -10.90558475330212 -10.2750067153395 -11.67594306045702 -11.241741563248553 -8.728183994277998 -11.888965463832193 -10.763489826134531 -11.457735594271892 -11.878918667148726 -12.013098848547672 -11.634855891080827 -11.284114363571849
1.1422845691382766 -10.356797254257817 -11.687030446945457 -11.233362870920587 -11.145058629620568 -11.977555498401582 -11.884678069844252 -9.730195568665316 -9.447948039729699 -6.026075112071523 -7.722778616122774 -5.889829252132909 -10.823127961840761 -9.796650195377094 -12.223083227041577 -11.572265390065521 -9.465185702006568 -10.877058195066505 -10.223574387238656 -11.684748265492928 -11.228593210925482 -8.622421370539772 -11.914096064995725 -10.733083096921465 -11.45601206078494 -11.940191948383417 -12.060781948899242 -11.705141013062226 -11.283524210035711
1.2024048096192383 -10.307560179654818 -11.692597044992894 -11.2173049258997 -11.131775652966471 -12.004635570210791 -11.903384568452466 -9.662377697089497 -9.336183797160427 -5.810689659288058 -7.579162002866919 -5.726555187649684 -10.789311459644175 -9.731546361154177 -12.234875011520458 -11.56269862539131 -9.360926851077355 -10.845410131602796 -10.169525822770318 -11.689736146924972 -11.212019204115453 -8.515018719792344 -11.935147236824832 -10.69978724314348 -11.450757892177545 -11.996863700620517 -12.104049971451827 -11.770704386553293 -11.279816751504175
1.2625250501002003 -10.255754483793407 -11.69462334840194 -11.198062698181133 -11.115619393427849 -12.027867857921066 -11.918354737779673 -9.59226088434588 -9.2229129746916 -5.596054057065561 -7.436522928243203 -5.566308467940612 -10.752558016756925 -9.664161334046785 -12.243042575428042 -11.549901063089305 -9.254995746042127 -10.81083409737566 -10.112991229868644 -11.691192224326254 -11.192251985536785 -8.4059688465765 -11.952442092847093 -10.6637785720884 -11.442228390281599 -12.049337813434471 -12.143276549102263 -11.831970228663733 -11.273218512480696
1.3226452905811623 -10.201509566440574 -11.693360804608162 -11.175841779666378 -11.096778862934666 -12.047546631110855 -11.92986655101869 -9.519935866313578 -9.108123984069803 -5.381896439166385 -7.29471477863596 -5.408763753012401 -10.713037008634593 -9.59458949364642 -12.247849630755205 -11.534090088432489 -9.147400143684507 -10.773502415715368 -10.054089277917306 -11.68936678954875 -11.169496826825647 -8.29527385700393 -11.96626282322173 -10.625214989046121 -11.430648381604431 -12.097965006023673 -12.17878671528556 -11.889306536853537 -11.26393019472756
1.3827655310621243 -10.145029627534097 -11.689088225330568 -11.150893554817856 -11.075489321534118 -12.063975516496175 -11.93821430282311 -9.44558392338448 -8.991934462092122 -5.168168437495065 -7.153755896694971 -5.253790189501441 -10.670978518859375 -9.523013780273612 -12.24958206914921 -11.515523657525037 -9.038270178726304 -10.733646522766199 -9.993017606742871 -11.684537983667624 -11.144005125301195 -8.183060775155102 -11.976906045602576 -10.584316300332706 -11.416279781594447 -12.143080860929858 -12.210901480485726 -11.943058778852754 -11.252191683411539
1.442885771543086 -10.086449454702056 -11.682020476200954 -11.123403041216982 -11.051922633286786 -12.077396918688628 -11.943629960682625 -9.369314735373166 -8.874386594043404 -4.954740033412828 -7.013594162492893 -5.101196433670058 -10.626544053702364 -9.449546169464313 -12.248462650573526 -11.494394401200154 -8.927660966513155 -10.691429772077308 -9.929903965970954 -11.67691992910962 -11.115961748925756 -8.069381113558727 -11.984606417183628 -10.541235361510264 -11.399319846471574 -12.184963783622623 -12.239882859361957 -11.99351643888212 -11.23818157575485
1.503006012024048 -10.025816164878396 -11.672299374669546 -11.09347616283964 -11.02617533101025 -12.087986575122205 -11.946276285002266 -9.291144939951696 -8.755418241658344 -4.741353550419112 -6.874075553908767 -4.950697476250422 -10.579810770320616 -9.374206777183293 -12.244642967142784 -11.47081807720647 -8.81552497329314 -10.646932089111763 -9.864787145484346 -11.666653529649924 -11.085472200697986 -7.954182677974462 -11.989530173775425 -10.496042645900374 -11.379890373544068 -12.223834709786983 -12.265931235603576 -12.040914292172642 -11.22200698311298
1.56312625250501 -9.963227867487952 -11.660087411819777 -11.061251327386543 -10.998376389617981 -12.095929321362195 -11.946329616436167 -9.211152275054346 -8.635053015882761 -4.527896787625319 -6.735152566888498 -4.802132206986268 -10.530897897209954 -9.297075510294842 -12.23829194861952 -11.444939546275307 -8.70189608240197 -10.600274420437612 -9.797759593352104 -11.653900674464683 -11.052674693341107 -7.837496336620173 -11.991855906128741 -10.448851264340373 -11.358140005169446 -12.25990788893032 -12.289247467594107 -12.085475666338182 -11.203802805098633
1.6232464929859718 -9.898734011180643 -11.64550401500291 -11.026821477971769 -10.968611740875023 -12.101369580482704 -11.943924810324287 -9.129363623632518 -8.51325947425666 -4.314194939262868 -6.5967267527428675 -4.655296060821893 -10.479877013698157 -9.218182033946935 -12.229536253347455 -11.416859225532622 -8.586753664344108 -10.551530535606657 -9.728864601016625 -11.638780118649485 -11.017661825664646 -7.719297965655922 -11.991721075359791 -10.399728034918283 -11.33417356394343 -12.293361113086368 -12.30999416732965 -12.127388621228759 -11.183662791665636
1.6833667334669338 -9.832434322913137 -11.628692341681663 -10.990313691220983 -10.937000656814444 -12.104465215058244 -11.939214162087985 -9.045865115517373 -8.390086936349661 -4.100205276443883 -6.458794564980028 -4.510091378208209 -10.426862365571498 -9.137613985348633 -12.218523294042065 -11.386708571548578 -8.4701541354585 -10.50081585804742 -9.658198076400044 -11.621434624241864 -10.980560563938031 -7.599641988456334 -11.989279467179017 -10.348782458375041 -11.30812486668951 -12.324371446215954 -12.328339648550395 -12.166836208758019 -11.161709638573978
