web/models/kne/35/mosfit_kn_0.001000_0.3433_3.6500.dat
# %ECSV 1.0
# ---
# datatype:
# - {name: time, datatype: float64}
# - {name: PS1_g, datatype: float64}
# - {name: PS1_i, datatype: float64}
# - {name: PS1_r, datatype: float64}
# - {name: PS1_w, datatype: float64}
# - {name: PS1_y, datatype: float64}
# - {name: PS1_z, datatype: float64}
# - {name: swift_uvot_B, datatype: float64}
# - {name: swift_uvot_U, datatype: float64}
# - {name: swift_uvot_uvm2, datatype: float64}
# - {name: swift_uvot_uvw1, datatype: float64}
# - {name: swift_uvot_uvw2, datatype: float64}
# - {name: swift_uvot_V, datatype: float64}
# - {name: johnson_B, datatype: float64}
# - {name: johnson_I, datatype: float64}
# - {name: johnson_R, datatype: float64}
# - {name: johnson_U, datatype: float64}
# - {name: johnson_V, datatype: float64}
# - {name: sdss_g, datatype: float64}
# - {name: sdss_i, datatype: float64}
# - {name: sdss_r, datatype: float64}
# - {name: sdss_u, datatype: float64}
# - {name: sdss_z, datatype: float64}
# - {name: ATLAS_c, datatype: float64}
# - {name: ATLAS_o, datatype: float64}
# - {name: ukirt_H, datatype: float64}
# - {name: ukirt_J, datatype: float64}
# - {name: ukirt_K, datatype: float64}
# - {name: Clear, datatype: float64}
# meta: !!omap
# - comment: [kappa = 3.65, type = rprocess, mass = 0.001, velocity = 0.3433333333333334, theta_obs = 0.0, tfloor = 1000.0]
# schema: astropy-2.0
time PS1_g PS1_i PS1_r PS1_w PS1_y PS1_z swift_uvot_B swift_uvot_U swift_uvot_uvm2 swift_uvot_uvw1 swift_uvot_uvw2 swift_uvot_V johnson_B johnson_I johnson_R johnson_U johnson_V sdss_g sdss_i sdss_r sdss_u sdss_z ATLAS_c ATLAS_o ukirt_H ukirt_J ukirt_K Clear
[from data line 266]
16.052104208416832 16.16568543290743 7.283856619708136 10.758927397745985 8.791003586241999 3.7606665711828846 5.178342536030005 19.705592009471918 26.36453610736682 40.253131411396005 22.330118639441377 24.84313514592103 14.125202125778216 18.50165469250571 5.730343313286203 8.700376080011186 25.33353492811508 13.170179790609462 16.978225534221867 7.36511257182114 10.987416057242427 26.865641637541646 4.604914924008021 12.738003967488627 8.28559144287885 -1.1883208067326108 0.9611684887570795 -2.548609487205782 6.50510954248066
16.112224448897795 16.183455398127524 7.301626584928229 10.776697362966079 8.808773551462092 3.778436536402978 5.196112501250099 19.723361974691993 26.382306072586914 40.27090137661609 22.347888604661474 24.860905111141125 14.14297209099831 18.519424657725803 5.7481132785062785 8.71814604523128 25.35130489333516 13.187949755829555 16.99599549944196 7.382882537041233 11.005186022462503 26.88341160276174 4.622684889228115 12.75577393270872 8.303361408098944 -1.1705508415125172 0.978938453977173 -2.5308395219856883 6.522879507700754
16.172344689378757 16.201166635978037 7.31933782277876 10.79440860081661 8.826484789312623 3.796147774253491 5.213823739100629 19.741073212542524 26.400017310437434 40.288612614466615 22.365599842511994 24.878616348991645 14.160683328848823 18.537135895576334 5.765824516356809 8.73585728308181 25.369016131185695 13.205660993680086 17.01370673729249 7.400593774891746 11.022897260313034 26.90112284061226 4.640396127078628 12.773485170559251 8.321072645949457 -1.1528396036619866 0.9966496918276859 -2.5131282841351754 6.540590745551267
16.23246492985972 16.218819513594713 7.336990700395436 10.812061478433268 8.844137666929281 3.8138006518701673 5.2314766167173055 19.7587260901592 26.41767018805411 40.306265492083284 22.38325272012867 24.89626922660832 14.178336206465499 18.55478877319301 5.783477393973485 8.753510160698486 25.38666900880236 13.223313871296744 17.03135961490915 7.418246652508422 11.04055013792971 26.918775718228936 4.658049004695304 12.79113804817591 8.338725523566133 -1.135186726045328 1.0143025694443621 -2.495475406518499 6.558243623167943
16.29258517034068 16.236414391165326 7.354585577966031 10.82965635600388 8.861732544499894 3.8313955294407798 5.2490714942879 19.776320967729813 26.435265065624716 40.32386036965389 22.400847597699272 24.913864104178923 14.195931084036111 18.572383650763605 5.801072271544098 8.77110503826908 25.404263886372974 13.240908748867357 17.048954492479762 7.435841530079035 11.058145015500322 26.93637059579954 4.675643882265916 12.808732925746522 8.356320401136745 -1.1175918484747156 1.0318974470149747 -2.4778805289478867 6.575838500738556
16.352705410821642 16.253951629868126 7.372122816668849 10.847193594706699 8.879269783202712 3.848932768143598 5.2666087329907185 19.793858206432613 26.452802304327534 40.34139760835671 22.418384836402094 24.931401342881735 14.21346832273893 18.589920889466423 5.818609510246898 8.788642276971899 25.42180112507578 13.258445987570175 17.06649173118258 7.453378768781835 11.075682254203123 26.95390783450236 4.693181120968717 12.82627016444934 8.373857639839546 -1.1000546097718973 1.049434685717793 -2.460343290245086 6.593375739441374
16.412825651302605 16.271431575451825 7.389602762252547 10.86467354029038 8.89674972878641 3.8664127137272786 5.284088678574417 19.81133815201631 26.47028224991122 40.3588775539404 22.43586478198578 24.948881288465433 14.23094826832261 18.60740083505012 5.836089455830597 8.806122222555597 25.439281070659483 13.275925933153873 17.08397167676628 7.470858714365534 11.093162199786821 26.971387780086047 4.710661066552415 12.843750110033039 8.391337585423244 -1.082574664188199 1.0669146313014735 -2.442863344661388 6.610855685025054
16.472945891783567 16.288854580742207 7.40702576754293 10.88209654558078 8.914172734076793 3.883835719017661 5.301511683864799 19.828761157306694 26.487705255201604 40.376300559230785 22.453287787276164 24.966304293755815 14.248371273612992 18.624823840340504 5.853512461120979 8.82354522784598 25.456704075949865 13.293348938444256 17.10139468205666 7.488281719655916 11.110585205077204 26.98881078537643 4.728084071842797 12.861173115323421 8.408760590713626 -1.0651516588978167 1.0843376365918558 -2.4254403393710056 6.628278690315437
16.53306613226453 16.306220999718395 7.4243921865191 10.89946296455695 8.931539153052963 3.901202137993849 5.318878102840969 19.846127576282864 26.505071674177785 40.393666978206966 22.470654206252345 24.983670712731996 14.26573769258918 18.642190259316674 5.870878880097149 8.84091164682215 25.474070494926043 13.310715357420426 17.11876110103283 7.505648138632104 11.127951624053392 27.00617720435261 4.745450490818985 12.878539534299591 8.426127009689814 -1.0477852399216465 1.1017040555680437 -2.4080739203948176 6.645645109291625
16.59318637274549 16.323531175322596 7.441702362123319 10.916773140161151 8.948849328657182 3.9185123135980504 5.336188278445189 19.863437751887083 26.522381849781993 40.41097715381117 22.487964381856553 25.000980888336205 14.283047868193382 18.659500434920893 5.8881890557013685 8.85822182242637 25.491380670530244 13.328025533024627 17.136071276637033 7.5229583142363055 11.145261799657593 27.02348737995682 4.762760666423187 12.895849709903793 8.443437185294016 -1.030475064317445 1.1190142311722453 -2.390763744790616 6.662955284895826
16.65330661322645 16.340785453497677 7.458956640298382 10.934027418336232 8.966103606832245 3.935766591773131 5.3534425566202515 19.880692030062164 26.539636127957067 40.42823143198625 22.505218660031627 25.01823516651128 14.300302146368463 18.676754713095956 5.905443333876449 8.875476100601432 25.508634948705325 13.345279811199708 17.153325554812113 7.540212592411386 11.162516077832674 27.040741658131893 4.780014944598268 12.913103988078873 8.460691463469097 -1.0132207861423643 1.136268509347326 -2.3735094666155354 6.680209563070907
16.713426853707414 16.35798416587747 7.476155352678191 10.95122613071604 8.983302319212054 3.95296530415294 5.3706412690000604 19.897890742441955 26.556834840336876 40.44543014436605 22.522417372411436 25.035433878891077 14.317500858748271 18.693953425475765 5.92264204625624 8.892674812981241 25.525833661085123 13.362478523579517 17.170524267191922 7.557411304791177 11.179714790212465 27.0579403705117 4.797213656978059 12.930302700458682 8.477890175848888 -0.9960220737625554 1.153467221727135 -2.356310754235744 6.697408275450698
16.773547094188377 16.375127654432156 7.493298841232878 10.96836961927071 9.000445807766724 3.9701087927076095 5.387784757554748 19.915034230996643 26.573978328891556 40.46257363292073 22.539560860966102 25.052577367445753 14.334644347302941 18.711096914030435 5.939785534810928 8.90981830153591 25.542977149639803 13.379622012134186 17.187667755746592 7.574554793345865 11.196858278767152 27.075083859066382 4.814357145532746 12.947446189013352 8.495033664403575 -0.9788785852078858 1.1706107102818044 -2.339167265681057 6.714551764005385
16.83366733466934 16.392216250089895 7.510387436890618 10.985458214928467 9.01753440342448 3.9871973883653666 5.404873353212487 19.932122826654382 26.591066924549303 40.479662228578476 22.556649456623852 25.069665963103503 14.35173294296068 18.728185509688192 5.956874130468667 8.926906897193668 25.56006574529755 13.396710607791944 17.20475635140435 7.591643389003604 11.213946874424892 27.09217245472413 4.831445741190485 12.964534784671109 8.512122260061314 -0.9617899895501287 1.1876993059395615 -2.3220786700233176 6.731640359663125
16.8937875751503 16.409250289063717 7.52742147586444 11.002492253902272 9.034568442398285 4.004231427339171 5.421907392186309 19.949156865628204 26.608100963523114 40.49669626755229 22.573683495597674 25.086700002077325 14.368766981934503 18.745219548662014 5.973908169442489 8.94394093616749 25.577099784271365 13.413744646765748 17.221790390378153 7.608677427977426 11.230980913398714 27.10920649369794 4.848479780164308 12.981568823644913 8.529156299035137 -0.9447559505763243 1.204733344913366 -2.3050446310494954 6.748674398636947
16.95390781563126 16.426230096989 7.544401283789703 11.019472061827553 9.051548250323567 4.0212112352644525 5.438887200111573 19.966136673553468 26.62508077144839 40.51367607547756 22.59066330352295 25.1036798100026 14.385746789859784 18.762199356587278 5.990887977367753 8.960920744092753 25.594079592196646 13.43072445469103 17.238770198303435 7.6256572359027075 11.247960721323977 27.126186301623214 4.865459588089589 12.998548631570195 8.546136106960418 -0.9277761426510429 1.2217131528386473 -2.288064823124214 6.765654206562228
17.014028056112224 16.443155998769257 7.561327185569979 11.036397963607829 9.068474152103843 4.038137137044711 5.455813101891849 19.983062575333744 26.642006673228657 40.53060197725784 22.607589205303213 25.120605711782865 14.402672691640042 18.779125258367554 6.007813879148029 8.97784664587303 25.61100549397691 13.447650356471305 17.25569610008371 7.642583137682966 11.264886623104253 27.143112203403483 4.882385489869847 13.01547453335047 8.563062008740676 -0.9108502408707848 1.2386390546189054 -2.271138921343956 6.782580108342486
17.074148296593187 16.46002831631664 7.578199503117347 11.053270281155196 9.08534646965121 4.055009454592096 5.472685419439216 19.99993489288111 26.65887899077603 40.54747429480521 22.62446152285059 25.137478029330243 14.419545009187427 18.79599757591492 6.024686196695414 8.994718963420397 25.62787781152429 13.464522674018673 17.272568417631078 7.659455455230351 11.281758940651638 27.159984520950857 4.899257807417232 13.032346850897838 8.579934326288061 -0.8939779233233998 1.2555113721662905 -2.254266603796571 6.799452425889871
17.13426853707415 16.476847375349664 7.595018562150386 11.070089340188218 9.102165528684232 4.0718285136251176 5.489504478472256 20.01675395191415 26.675698049809064 40.56429335383823 22.64128058188362 25.154297088363272 14.436364068220449 18.81281663494796 6.041505255728436 9.011538022453436 25.64469687055731 13.481341733051694 17.2893874766641 7.676274514263373 11.29857799968466 27.17680357998389 4.916076866450254 13.04916590993086 8.596753385321083 -0.8771588642903778 1.2723304311993124 -2.237447544763549 6.816271484922893
17.19438877755511 16.493613489457033 7.611784676257756 11.086855454295588 9.118931642791619 4.088594627732487 5.506270592579625 20.03352006602152 26.692464163916434 40.581059467945614 22.65804669599099 25.17106320247064 14.453130182327818 18.82958274905533 6.058271369835805 9.028304136560806 25.661462984664688 13.498107847159064 17.306153590771487 7.693040628370742 11.31534411379203 27.19356969409126 4.9328429805576235 13.065932024038247 8.613519499428453 -0.8603927501830084 1.2890965453066818 -2.2206814306561795 6.833037599030263
17.25450901803607 16.510326970337044 7.628498157137766 11.103568935175616 9.13564512367163 4.105308108612515 5.522984073459636 20.05023354690153 26.70917764479645 40.59777294882562 22.674760176871008 25.18777668335066 14.469843663207847 18.84629622993534 6.074984850715816 9.045017617440816 25.678176465544702 13.514821328039092 17.322867071651498 7.709754109250753 11.33205759467204 27.210283174971277 4.949556461437652 13.082645504918258 8.630232980308463 -0.84367926930298 1.3058100261867103 -2.203967949776151 6.849751079910291
17.314629258517034 16.526988136894172 7.645159323694877 11.120230101732727 9.15230629022874 4.121969275169626 5.539645240016746 20.06689471345864 26.72583881135356 40.61443411538274 22.69142134342812 25.204437849907773 14.486504829764957 18.86295739649245 6.091646017272926 9.061678783997927 25.69483763210182 13.531482494596203 17.339528238208608 7.726415275807881 11.348718761229168 27.226944341528387 4.966217627994762 13.099306671475368 8.646894146865591 -0.8270181027458696 1.3224711927438206 -2.1873067832190407 6.866412246467402
17.374749498997996 16.543597297275507 7.66176848407623 11.13683926211408 9.168915450610093 4.138578435550979 5.5562544003981 20.083503873839994 26.742447971734915 40.631043275764085 22.70803050380947 25.221047010289123 14.50311399014631 18.879566556873804 6.1082551776542795 9.07828794437928 25.711446792483166 13.548091654977556 17.35613739858996 7.743024436189234 11.365327921610504 27.24355350190974 4.982826788376116 13.115915831856721 8.663503307246927 -0.8104089423645162 1.339080353125174 -2.1706976228376873 6.883021406848755
17.43486973947896 16.560154757138417 7.678325943939139 11.15339672197699 9.185472910473003 4.155135895413888 5.572811860261009 20.100061333702904 26.759005431597824 40.647600735626995 22.72458796367238 25.237604470152032 14.51967145000922 18.896124016736714 6.124812637517189 9.09484540424219 25.728004252346075 13.564649114840465 17.37269485845287 7.759581896052143 11.381885381473413 27.26011096177265 4.999384248239025 13.13247329171963 8.680060767109836 -0.793851482501607 1.3556378129880833 -2.154140162974778 6.899578866711664
17.494989979959918 16.576660821852904 7.694832008653627 11.169902786691477 9.20197897518749 4.171641960128358 5.5893179249754965 20.11656739841739 26.775511496312305 40.664106800341486 22.74109402838686 25.254110534866513 14.53617751472369 18.9126300814512 6.141318702231676 9.111351468956677 25.74451031706056 13.581155179554953 17.38920092316736 7.776087960766613 11.398391446187901 27.27661702648713 5.015890312953495 13.148979356434118 8.696566831824324 -0.7773454177871193 1.3721438777025532 -2.137634098260308 6.916084931426134
17.55511022044088 16.59311579307989 7.711286979880594 11.186357757918444 9.218433946414457 4.188096931355343 5.605772896202463 20.133022369644358 26.79196646753928 40.68056177156845 22.757548999613835 25.270565506093487 14.552632485950674 18.929085052678168 6.157773673458643 9.127806440183644 25.76096528828753 13.59761015078192 17.405655894394325 7.792542931993598 11.414846417414868 27.293071997714105 5.032345284180479 13.165434327661085 8.713021803051308 -0.7608904465601525 1.3885988489295378 -2.1211791270333236 6.932539902653119
17.615230460921843 16.609519973295868 7.72769116009659 11.20276193813444 9.234838126630454 4.204501111571339 5.62217707641846 20.149426549860355 26.808370647755275 40.69696595178445 22.773953179829835 25.286969686309476 14.56903666616667 18.945489232894165 6.17417785367464 9.14421062039964 25.777369468503522 13.614014330997916 17.42206007461032 7.808947112209577 11.431250597630864 27.3094761779301 5.048749464396458 13.181838507877082 8.729425983267287 -0.744486266344156 1.4050030291455342 -2.104774946817345 6.948944082869097
17.675350701402806 16.62587365892044 7.744044845721163 11.219115623758995 9.251191812255026 4.220854797195894 5.6385307620430325 20.165780235484927 26.82472433337984 40.71331963740902 22.790306865454397 25.30332337193405 14.585390351791226 18.961842918518737 6.190531539299212 9.160564306024213 25.793723154128095 13.630368016622471 17.438413760234894 7.825300797834149 11.447604283255437 27.325829863554667 5.065103150021031 13.198192193501654 8.74577966889186 -0.7281325807196011 1.4213567147700892 -2.088421261192772 6.96529776849367
17.73547094188377 16.642177141544998 7.760348328345721 11.23541910638357 9.267495294879584 4.23715827982047 5.65483424466759 20.182083718109485 26.841027816004406 40.72962312003358 22.806610348078966 25.319626854558617 14.601693834415801 18.978146401143295 6.20683502192377 9.17686778864877 25.810026636752653 13.646671499247047 17.454717242859452 7.841604280458707 11.463907765879995 27.34213334617923 5.081406632645606 13.214495676126212 8.762083151516418 -0.7118290980950255 1.4376601973946648 -2.0721177785681966 6.981601251118246
