web/models/kne/35/mosfit_kn_0.033839_0.2493_3.6500.dat
# %ECSV 1.0
# ---
# datatype:
# - {name: time, datatype: float64}
# - {name: PS1_g, datatype: float64}
# - {name: PS1_i, datatype: float64}
# - {name: PS1_r, datatype: float64}
# - {name: PS1_w, datatype: float64}
# - {name: PS1_y, datatype: float64}
# - {name: PS1_z, datatype: float64}
# - {name: swift_uvot_B, datatype: float64}
# - {name: swift_uvot_U, datatype: float64}
# - {name: swift_uvot_uvm2, datatype: float64}
# - {name: swift_uvot_uvw1, datatype: float64}
# - {name: swift_uvot_uvw2, datatype: float64}
# - {name: swift_uvot_V, datatype: float64}
# - {name: johnson_B, datatype: float64}
# - {name: johnson_I, datatype: float64}
# - {name: johnson_R, datatype: float64}
# - {name: johnson_U, datatype: float64}
# - {name: johnson_V, datatype: float64}
# - {name: sdss_g, datatype: float64}
# - {name: sdss_i, datatype: float64}
# - {name: sdss_r, datatype: float64}
# - {name: sdss_u, datatype: float64}
# - {name: sdss_z, datatype: float64}
# - {name: ATLAS_c, datatype: float64}
# - {name: ATLAS_o, datatype: float64}
# - {name: ukirt_H, datatype: float64}
# - {name: ukirt_J, datatype: float64}
# - {name: ukirt_K, datatype: float64}
# - {name: Clear, datatype: float64}
# meta: !!omap
# - comment: [kappa = 3.65, type = rprocess, mass = 0.03383890769761434, velocity = 0.24933333333333338, theta_obs = 0.0, tfloor = 1000.0]
# schema: astropy-2.0
time PS1_g PS1_i PS1_r PS1_w PS1_y PS1_z swift_uvot_B swift_uvot_U swift_uvot_uvm2 swift_uvot_uvw1 swift_uvot_uvw2 swift_uvot_V johnson_B johnson_I johnson_R johnson_U johnson_V sdss_g sdss_i sdss_r sdss_u sdss_z ATLAS_c ATLAS_o ukirt_H ukirt_J ukirt_K Clear
[from data line 172]
10.400801603206412 6.5151866588136365 -2.366642154385641 1.1084286236521912 -0.8594951878517954 -5.88983220291091 -4.472156238063771 10.055093235378123 16.714037333273026 30.602632637302204 12.679619865347593 15.192636371827245 4.474703351684421 8.851155918411916 -3.9201554608075915 -0.9501226940826093 15.683036154021284 3.5196810165156682 7.327726760128073 -2.2853862022726545 1.3369172831486331 17.215142863447852 -5.045583850085773 3.0875051933948328 -1.364907331214944 -10.838819580826405 -8.689330285336714 -12.199108261299576 -3.1453892316131338
10.460921843687375 6.534650756684268 -2.347178056515009 1.1278927215228407 -0.8400310899811458 -5.870368105040278 -4.45269214019314 10.074557333248755 16.733501431143676 30.622096735172843 12.699083963218225 15.212100469697877 4.494167449555053 8.870620016282565 -3.9006913629369597 -0.9306585962119598 15.702500251891916 3.5391451143863177 7.347190857998722 -2.265922104402023 1.3563813810192649 17.2346069613185 -5.026119752215141 3.1069692912654823 -1.3454432333443123 -10.819355482955755 -8.669866187466083 -12.179644163428945 -3.125925133742502
10.521042084168336 6.553914381922201 -2.327914431277076 1.1471563467607737 -0.8207674647432128 -5.851104479802327 -4.433428514955207 10.093820958486688 16.75276505638161 30.641360360410776 12.718347588456158 15.23136409493581 4.513431074792986 8.889883641520498 -3.8814277376990267 -0.9113949709740268 15.721763877129867 3.5584087396242507 7.366454483236655 -2.24665847916409 1.3756450062571979 17.253870586556435 -5.006856126977208 3.1262329165034153 -1.3261796081063792 -10.800091857717822 -8.650602562228132 -12.160380538191012 -3.106661508504569
10.581162324649299 6.572979032652189 -2.3088497805470887 1.1662209974907434 -0.8017028140132254 -5.832039829072357 -4.414363864225219 10.112885609216676 16.77182970711158 30.660425011140756 12.737412239186146 15.250428745665797 4.532495725522973 8.908948292250486 -3.8623630869690393 -0.8923303202440394 15.740828527859836 3.5774733903542204 7.385519133966625 -2.2275938284341024 1.3947096569871853 17.272935237286404 -4.987791476247221 3.145297567233385 -1.3071149573763918 -10.781027206987853 -8.631537911498162 -12.141315887461024 -3.0875968577745816
10.64128256513026 6.591846043196377 -2.2899827700029007 1.185088008034949 -0.7828358034690375 -5.8131728185281695 -4.395496853681031 10.131752619760864 16.790696717655784 30.679292021684955 12.756279249730333 15.269295756209985 4.551362736067161 8.927815302794674 -3.8434960764248514 -0.8734633096998514 15.759695538404024 3.596340400898426 7.4043861445108305 -2.2087268178899144 1.4135766675313732 17.29180224783061 -4.968924465703033 3.1641645777775906 -1.288247946832204 -10.762160196443647 -8.612670900953974 -12.122448876916836 -3.0687298472303937
10.701402805611222 6.610513787421812 -2.271315025777465 1.203755752260367 -0.7641680592436195 -5.794505074302734 -4.376829109455596 10.1504203639863 16.809364461881202 30.69795976591038 12.77494699395577 15.28796350043542 4.570030480292597 8.94648304702011 -3.8248283321994156 -0.8547955654744157 15.77836328262946 3.615008145123844 7.4230538887362485 -2.1900590736644787 1.432244411756809 17.310469992056028 -4.950256721477597 3.1828323220030086 -1.2695802026067682 -10.743492452218229 -8.594003156728538 -12.1037811326914 -3.050062103004958
10.761523046092185 6.628983407714166 -2.252845405485111 1.222225372552721 -0.7456984389512478 -5.77603545401038 -4.358359489163242 10.168889984278653 16.827834082173574 30.716429386202737 12.793416614248123 15.306433120727775 4.588500100584951 8.964952667312463 -3.8063587119070617 -0.8363259451820617 15.796832902921814 3.633477765416198 7.4415235090286025 -2.1715894533721247 1.450714032049163 17.3289396123484 -4.931787101185243 3.2013019422953803 -1.2511105823144142 -10.725022831925875 -8.575533536436184 -12.085311512399047 -3.031592482712604
10.821643286573146 6.647256276728513 -2.2345725364707647 1.240498241567085 -0.7274255699369014 -5.757762584996016 -4.340086620148895 10.187162853293 16.84610695118792 30.73470225521709 12.81168948326247 15.324705989742121 4.606772969599297 8.98322553632681 -3.7880858428927153 -0.8180530761677154 15.815105771936178 3.651750634430562 7.459796378042967 -2.1533165843577784 1.4689869010635093 17.347212481362746 -4.913514232170897 3.2195748113097267 -1.2328377133000679 -10.70674996291151 -8.55726066742182 -12.0670386433847 -3.0133196136982576
10.881763527054108 6.665331754206587 -2.216497058992708 1.2585737190451418 -0.7093500924588447 -5.739687107517959 -4.3220111426708385 10.205238330771056 16.864182428665977 30.752777732695154 12.829764960740544 15.342781467220195 4.624848447077372 9.001301013804866 -3.7700103654146586 -0.7999775986896587 15.833181249414235 3.669826111908619 7.477871855521023 -2.135241106879704 1.4870623785415837 17.365287958840803 -4.895438754692822 3.2376502887877834 -1.2147622358219934 -10.688674485433454 -8.539185189943764 -12.048963165906626 -2.995244136220183
10.941883767535069 6.68321301631714 -2.198615796882155 1.2764549811556947 -0.6914688303482919 -5.721805845407406 -4.304129880560286 10.22311959288161 16.88206369077653 30.770658994805697 12.847646222851079 15.36066272933073 4.6427297091879245 9.01918227591542 -3.7521291033041058 -0.7820963365791058 15.851062511524788 3.6877073740191717 7.495753117631576 -2.117359844769151 1.5049436406521188 17.383169220951356 -4.87755749258227 3.2555315508983362 -1.1968809737114405 -10.670793223322901 -8.52130392783321 -12.031081903796073 -2.9773628741096303
11.002004008016032 6.700899523250694 -2.1809292899485833 1.2941414880892665 -0.67378232341472 -5.704119338473852 -4.286443373626714 10.240806099815181 16.8997501977101 30.78834550173927 12.865332729784651 15.378349236264302 4.660416216121479 9.036868782848991 -3.734442596370534 -0.764409829645534 15.868749018458342 3.7053938809527436 7.513439624565148 -2.099673337835597 1.5226301475856907 17.400855727884927 -4.8598709856487154 3.273218057831908 -1.1791944667778864 -10.65310671638933 -8.503617420899657 -12.013395396862519 -2.959676367176076
11.062124248496994 6.718392575881875 -2.16343623731742 1.31163454072043 -0.6562892707835566 -5.686626285842671 -4.26895032099555 10.258299152446362 16.917243250341265 30.805838554370442 12.882825782415832 15.395842288895484 4.67790926875266 9.054361835480154 -3.7169495437393527 -0.7469167770143705 15.886242071089523 3.722886933583907 7.530932677196311 -2.082180285204416 1.5401232002168719 17.41834878051609 -4.842377933017534 3.2907111104630715 -1.1617014141467052 -10.635613663758166 -8.486124368268475 -11.995902344231338 -2.942183314544895
11.122244488977955 6.735695255247514 -2.1461335579517637 1.328937220086086 -0.6389865914179005 -5.669323606477015 -4.251647641629894 10.275601831812 16.93454592970692 30.82314123373609 12.90012846178147 15.413144968261122 4.695211948118316 9.07166451484581 -3.6996468643737144 -0.7296140976487144 15.903544750455179 3.740189612949563 7.5482353565619675 -2.0648776058387597 1.5574258795825102 17.435651459881747 -4.825075253651878 3.3080137898287276 -1.144398734781067 -10.61831098439251 -8.46882168890282 -11.978599664865682 -2.924880635179239
11.182364729458918 6.752806927292294 -2.129021885907001 1.3460488921308489 -0.6218749193731377 -5.652211934432252 -4.2345359695851315 10.292713503856763 16.951657601751684 30.840252905780854 12.917240133826233 15.430256640305885 4.712323620163079 9.088776186890573 -3.6825351923289515 -0.7125024256039516 15.920656422499942 3.757301284994326 7.56534702860673 -2.047765933793997 1.574537551627273 17.45276313192651 -4.807963581607115 3.3251254618734905 -1.1272870627362863 -10.601199312347747 -8.451710016858057 -11.961487992820919 -2.907768963134476
11.242484969939879 6.7697309885224755 -2.112097824676802 1.3629729533610302 -0.6049508581429563 -5.635287873202071 -4.217611908354932 10.309637565086962 16.968581662981865 30.857176967011046 12.934164195056432 15.447180701536084 4.72924768139326 9.105700248120755 -3.6656111310987525 -0.6955783643737703 15.937580483730123 3.7742253462245072 7.582271089836912 -2.0308418725638155 1.5914616128574721 17.46968719315669 -4.791039520376934 3.3420495231036718 -1.110363001506105 -10.584275251117566 -8.434785955627875 -11.944563931590737 -2.8908449019042948
11.302605210420841 6.786469143900327 -2.0953596692989507 1.3797111087388991 -0.5882127027650874 -5.618549717824202 -4.200873752977081 10.326375720464814 16.985319818359734 30.873915122388905 12.950902350434284 15.463918856913935 4.745985836771129 9.122438403498624 -3.6488729757209013 -0.6788402089959014 15.954318639107992 3.790963501602376 7.599009245214781 -2.0141037171859644 1.6081997682353233 17.48642534853456 -4.774301364999083 3.3587876784815407 -1.0936248461282538 -10.567537095739697 -8.418047800250006 -11.927825776212886 -2.8741067465264436
11.362725450901802 6.803021423710742 -2.078807389488553 1.396263388549297 -0.5716604229546896 -5.601997438013804 -4.184321473166683 10.34292800027523 17.001872098170132 30.89046740219931 12.9674546302447 15.48047113672435 4.762538116581527 9.138990683309022 -3.6323206959104857 -0.6622879291855035 15.97087091891839 3.807515781412774 7.6155615250251785 -1.9975514373755487 1.624752048045739 17.502977628344958 -4.757749085188667 3.3753399582919386 -1.0770725663178382 -10.550984815929299 -8.401495520439608 -11.91127349640247 -2.857554466716028
11.422845691382765 6.8193929486395355 -2.062435864559742 1.4126349134780902 -0.5552888980258786 -5.5856259130850106 -4.167949948237872 10.359299525204023 17.018243623098943 30.906838927128103 12.983826155173492 15.496842661653144 4.77890964151032 9.155362208237833 -3.6159491709816924 -0.6459164042566925 15.987242443847183 3.8238873063415673 7.6319330499539895 -1.9811799124467555 1.6411235729745322 17.51934915327377 -4.741377560259874 3.3917114832207496 -1.060701041389045 -10.534613291000506 -8.385123995510815 -11.894901971473677 -2.8411829417872347
11.482965931863728 6.835583037508535 -2.0462457756907426 1.4288250023470894 -0.5390988091568971 -5.569435824216011 -4.151759859368873 10.375489614073022 17.034433711967925 30.923029015997106 13.000016244042492 15.513032750522143 4.795099730379319 9.171552297106832 -3.5997590821126932 -0.6297263153877111 16.003432532716182 3.8400773952105665 7.648123138822971 -1.9649898235777563 1.6573136618435313 17.53553924214275 -4.725187471390875 3.407901572089731 -1.0445109525200458 -10.518423202131506 -8.368933906641816 -11.878711882604678 -2.8249928529182355
11.543086172344688 6.851594828385981 -2.0302339848132966 1.4448367932245354 -0.5230870182794334 -5.553424033338565 -4.135748068491427 10.391501404950468 17.05044550284539 30.939040806874555 13.016028034919938 15.529044541399589 4.811111521256765 9.187564087984278 -3.5837472912352473 -0.6137145245102473 16.01944432359363 3.8560891860880124 7.664134929700435 -1.9489780327003103 1.6733254527209773 17.551551033020214 -4.709175680513429 3.4239133629671947 -1.0284991616425998 -10.50241141125406 -8.35292211576437 -11.862700091727232 -2.8089810620407896
11.603206412825651 6.867430997631185 -2.014397815568092 1.46067296246974 -0.5072508490342287 -5.537587864093361 -4.1199118992462225 10.407337574195672 17.066281672090593 30.954876976119753 13.031864204165142 15.544880710644794 4.82694769050197 9.203400257229482 -3.5679111219900426 -0.5978783552650426 16.035280492838833 3.871925355333217 7.679971098945622 -1.9331418634551056 1.689161621966182 17.56738720226542 -4.693339511268224 3.4397495322123994 -1.012662992397395 -10.486575242008856 -8.337085946519165 -11.846863922482028 -2.793144892795585
11.663326653306612 6.883093316907303 -1.9987354962919746 1.4763352817458575 -0.4915885297581113 -5.521925544817243 -4.104249579970105 10.42299989347179 17.08194399136671 30.97053929539587 13.04752652344126 15.560543029920911 4.842610009778087 9.2190625765056 -3.552248802713925 -0.5822160359889252 16.05094281211495 3.8875876746093345 7.695633418221739 -1.9174795441789882 1.7048239412422994 17.583049521541536 -4.677677191992107 3.455411851488517 -0.9970006731212777 -10.470912922732738 -8.321423627243048 -11.83120160320591 -2.7774825735194675
11.723446893787575 6.898585430127433 -1.9832433830718443 1.4918273949660055 -0.47609641653798107 -5.506433431597095 -4.088757466749975 10.43849200669192 17.09743610458684 30.98603140861601 13.06301863666139 15.576035143141041 4.858102122998235 9.23455468972573 -3.536756689493795 -0.566723922768795 16.0664349253351 3.9030797878294825 7.711125531441887 -1.901987430958858 1.7203160544624296 17.598541634761666 -4.6621850787719765 3.470903964708647 -0.9815085599011475 -10.45542080951259 -8.3059315140229 -11.81570948998578 -2.7619904602993373
11.783567134268537 6.913907840429321 -1.9679209727699565 1.5071498052678756 -0.460774006236111 -5.491111021295225 -4.073435056448087 10.453814416993808 17.11275851488871 31.001353818917888 13.078341046963278 15.59135755344293 4.873424533300105 9.249877100027618 -3.521434279191907 -0.5514015124669072 16.08175733563697 3.9184021981313526 7.726447941743757 -1.8866650206569702 1.7356384647643175 17.613864045063536 -4.646862668470089 3.486226375010517 -0.9661861495992596 -10.44009839921072 -8.29060910372103 -11.800387079683892 -2.7466680499974494
11.843687374749498 6.929065227433355 -1.9527635857659398 1.52230719227191 -0.4456166192320765 -5.475953634291191 -4.05827766944407 10.468971803997825 17.127915901892745 31.016511205921912 13.093498433967294 15.606514940446946 4.88858192030414 9.265034487031635 -3.5062768921878904 -0.5362441254628905 16.096914722641003 3.933559585135387 7.7416053287477915 -1.8715076336529357 1.7507958517683342 17.62902143206757 -4.631705281466054 3.5013837620145516 -0.9510287625952252 -10.424941012206686 -8.275451716716995 -11.785229692679858 -2.731510662993415
11.90380761523046 6.944059081368437 -1.9377697318308407 1.5373010462069914 -0.4306227652969774 -5.460959780356109 -4.043283815508971 10.483965657932924 17.142909755827844 31.031505059857 13.108492287902394 15.621508794382045 4.903575774239221 9.280028340966734 -3.4912830382527913 -0.5212502715277914 16.111908576576084 3.9485534390704684 7.756599182682873 -1.8565137797178544 1.7657897057034333 17.64401528600267 -4.616711427530973 3.5163776159496507 -0.9360349086601438 -10.409947158271605 -8.260457862781914 -11.770235838744776 -2.7165168090583336
11.963927855711422 6.95889134471491 -1.922937468484367 1.552133309553465 -0.4157905019505215 -5.446127517009636 -4.0284515521624975 10.498797921279397 17.1577420191743 31.046337323203478 13.123324551248867 15.636341057728519 4.918408037585695 9.294860604313207 -3.4764507749063176 -0.5064180081813177 16.126740839922558 3.963385702416942 7.7714314460293465 -1.8416815163713807 1.780621969049907 17.658847549349126 -4.601879164184499 3.5312098792961066 -0.9212026453136701 -10.39511489492513 -8.24562559943544 -11.755403575398303 -2.70168454571186
12.024048096192384 6.973565814357254 -1.908262998842023 1.566807779195809 -0.4011160323081775 -5.431453047367292 -4.0137770825201535 10.513472390921741 17.172416488816644 31.06101179284582 13.137999020891211 15.651015527370863 4.933082507228039 9.309535073955534 -3.4617763052639736 -0.49174353853899144 16.141415309564902 3.978060172059286 7.7861059156716905 -1.8270070467290367 1.795296438692251 17.67352201899147 -4.587204694542155 3.5458843489384506 -0.9065281756713262 -10.380440425282787 -8.230951129793096 -11.740729105755959 -2.687010076069516
