web/models/kne/35/mosfit_kn_0.001513_0.3747_3.6500.dat
# %ECSV 1.0
# ---
# datatype:
# - {name: time, datatype: float64}
# - {name: PS1_g, datatype: float64}
# - {name: PS1_i, datatype: float64}
# - {name: PS1_r, datatype: float64}
# - {name: PS1_w, datatype: float64}
# - {name: PS1_y, datatype: float64}
# - {name: PS1_z, datatype: float64}
# - {name: swift_uvot_B, datatype: float64}
# - {name: swift_uvot_U, datatype: float64}
# - {name: swift_uvot_uvm2, datatype: float64}
# - {name: swift_uvot_uvw1, datatype: float64}
# - {name: swift_uvot_uvw2, datatype: float64}
# - {name: swift_uvot_V, datatype: float64}
# - {name: johnson_B, datatype: float64}
# - {name: johnson_I, datatype: float64}
# - {name: johnson_R, datatype: float64}
# - {name: johnson_U, datatype: float64}
# - {name: johnson_V, datatype: float64}
# - {name: sdss_g, datatype: float64}
# - {name: sdss_i, datatype: float64}
# - {name: sdss_r, datatype: float64}
# - {name: sdss_u, datatype: float64}
# - {name: sdss_z, datatype: float64}
# - {name: ATLAS_c, datatype: float64}
# - {name: ATLAS_o, datatype: float64}
# - {name: ukirt_H, datatype: float64}
# - {name: ukirt_J, datatype: float64}
# - {name: ukirt_K, datatype: float64}
# - {name: Clear, datatype: float64}
# meta: !!omap
# - comment: [kappa = 3.65, type = rprocess, mass = 0.001513321957917195, velocity = 0.3746666666666667, theta_obs = 0.0, tfloor = 1000.0]
# schema: astropy-2.0
time PS1_g PS1_i PS1_r PS1_w PS1_y PS1_z swift_uvot_B swift_uvot_U swift_uvot_uvm2 swift_uvot_uvw1 swift_uvot_uvw2 swift_uvot_V johnson_B johnson_I johnson_R johnson_U johnson_V sdss_g sdss_i sdss_r sdss_u sdss_z ATLAS_c ATLAS_o ukirt_H ukirt_J ukirt_K Clear
[from data line 88]
5.350701402805611 11.139444168810382 2.2576153556111045 5.7326861336489365 3.76476232214495 -1.2655746929141642 0.15210127193297396 14.679350745374869 21.33829484326978 35.22689014729895 17.30387737534434 19.816893881823983 9.098960861681167 13.475413428408661 0.7041020491891539 3.674134815914136 20.30729366401803 8.143938526512413 11.951984270124818 2.338871307724091 5.9611747931453785 21.839400373444604 -0.4213263400890277 7.711762703391578 3.2593501787818013 -6.21456207082966 -4.065072775339969 -7.574850751302831 1.4788682783836116
5.410821643286573 11.175531792156743 2.293702978957448 5.768773756995298 3.8008499454913114 -1.2294870695678028 0.1881888952793176 14.715438368721212 21.374382466616133 35.26297777064531 17.339964998690682 19.852981505170344 9.135048485027529 13.511501051755022 0.7401896725354975 3.710222439260497 20.34338128736438 8.180026149858774 11.98807189347118 2.374958931070452 5.997262416491722 21.87548799679096 -0.3852387167426663 7.7478503267379395 3.295437802128145 -6.178474447483299 -4.0289851519936075 -7.53876312795647 1.514955901729973
5.4709418837675345 11.211430477505289 2.3296016643060113 5.804672442343861 3.8367486308398746 -1.1935883842192574 0.2240875806278808 14.751337054069776 21.410281151964696 35.29887645599387 17.375863684039246 19.888880190518897 9.170947170376074 13.547399737103586 0.7760883578840607 3.7461211246090604 20.379279972712943 8.215924835207337 12.023970578819743 2.4108576164189977 6.033161101840285 21.911386682139522 -0.34934003139412084 7.783749012086503 3.331336487476708 -6.142575762134736 -3.9930864666450443 -7.502864442607924 1.5508545870785184
5.531062124248497 11.24714102399011 2.365312210790833 5.840382988828665 3.8724591773246964 -1.1578778377344356 0.25979812711270256 14.787047600554597 21.44599169844951 35.33458700247869 17.411574230524067 19.92459073700372 9.206657716860896 13.583110283588407 0.8117989043688825 3.781831671093882 20.414990519197765 8.251635381692159 12.059681125304564 2.4465681629038194 6.068871648325107 21.947097228624337 -0.3136294849092991 7.8194595585713245 3.36704703396153 -6.106865215649914 -3.9573759201602403 -7.4671538961231025 1.5865651335633402
5.591182364729459 11.282666292362702 2.4008374791634246 5.875908257201257 3.907984445697288 -1.1223525693618441 0.29532339548529407 14.822572868927189 21.4815169668221 35.37011227085128 17.44709949889666 19.96011600537631 9.242182985233487 13.618635551960999 0.847324172741474 3.8173569394664737 20.45051578757036 8.287160650064733 12.095206393677156 2.482093431276411 6.104396916697699 21.982622496996925 -0.2781042165367076 7.854984826943916 3.4025723023341214 -6.07133994727734 -3.921850651787649 -7.431628627750511 1.6220904019359317
5.651302605210421 11.318009722632905 2.4361809094336273 5.911251687471477 3.9433278759674906 -1.0870091390916414 0.3306668257554968 14.857916299197392 21.516860397092312 35.40545570112148 17.48244292916686 19.995459435646513 9.27752641550369 13.653978982231202 0.8826676030116767 3.8527003697366764 20.485859217840563 8.322504080334953 12.130549823947359 2.5174368615466136 6.139740346967901 22.017965927267138 -0.24276078626650488 7.890328257214119 3.437915732604324 -6.03599651700712 -3.8865072215174283 -7.396285197480308 1.6574338322061344
5.7114228456913825 11.353174869223093 2.4713460560238154 5.946416834061665 3.9784930225576787 -1.0518439925014356 0.3658319723456849 14.89308144578758 21.5520255436825 35.44062084771167 17.51760807575705 20.030624582236708 9.312691562093896 13.68914412882139 0.9178327496018648 3.8878655163268645 20.52102436443075 8.357669226925141 12.165714970537547 2.5526020081368017 6.174905493558089 22.053131073857326 -0.20759563967629902 7.925493403804307 3.4730808791945122 -6.000831370416932 -3.8513420749272402 -7.3611200508901025 1.6925989787963402
5.771543086172344 11.388165064404454 2.506336251205177 5.981407029243009 4.013483217739022 -1.016853797320092 0.40082216752704625 14.928071640968941 21.587015738863855 35.47561104289303 17.55259827093841 20.06561477741805 9.34768175727524 13.724134324002733 0.9528229447832262 3.922855711508208 20.556014559612102 8.392659422106485 12.20070516571889 2.587592203318163 6.209895688739451 22.08812126903868 -0.1726054444949554 7.96048359898565 3.5080710743758736 -5.965841175235588 -3.8163518797458966 -7.326129855708759 1.7275891739776839
5.831663326653306 11.422983429371829 2.541154616172534 6.016225394210384 4.048301582706397 -0.982035432352717 0.4356405324944035 14.962890005936298 21.62183410383122 35.5104294078604 17.587416635905786 20.10043314238543 9.382500122242615 13.758952688970108 0.9876413097505834 3.957674076475583 20.590832924579477 8.42747778707386 12.235523530686265 2.622410568285538 6.244714053706808 22.122939634006045 -0.1377870795275804 7.995301963953025 3.5428894393432486 -5.931022810268213 -3.7815335147785216 -7.291311490741384 1.7624075389450589
5.891783567134269 11.457632897105565 2.575804083906288 6.050874861944138 4.082951050440151 -0.9473859646189631 0.47029000022815737 14.997539473670052 21.656483571564973 35.54507887559414 17.622066103639522 20.135082610119174 9.417149589976368 13.793602156703862 1.0222907774843373 3.992323544209337 20.625482392313224 8.462127254807614 12.27017299842002 2.657060036019274 6.279363521440562 22.1575891017398 -0.10313761179384429 8.02995143168678 3.5775389070769847 -5.896373342534459 -3.7468840470447677 -7.256662023007648 1.797057006678795
5.95190380761523 11.492116170082394 2.6102873568831164 6.0853581349209485 4.117434323416962 -0.9129026916421523 0.5047732732049859 15.03202274664688 21.69096684454179 35.579562148570965 17.65654937661635 20.169565883095995 9.45163286295318 13.82808542968069 1.0567740504611658 4.026806817186148 20.65996566529004 8.496610527784425 12.30465627139683 2.6915433089961027 6.31384679441739 22.192072374716616 -0.06865433881701577 8.06443470466359 3.6120221800538133 -5.861890069557648 -3.712400774067957 -7.222178750030819 1.8315402796556235
6.012024048096192 11.526435728439157 2.644606915239862 6.119677693277712 4.151753881773725 -0.8785831332853888 0.5390928315617316 15.066342305003626 21.725286402898547 35.61388170692772 17.690868934973096 20.20388544145276 9.485952421309943 13.862404988037436 1.0910936088179115 4.061126375542911 20.694285223646805 8.530930086141188 12.338975829753593 2.725862867352866 6.348166352774136 22.226391933073373 -0.03433478046025229 8.098754263020354 3.6463417384105767 -5.827570511200885 -3.6780812157111935 -7.187859191674056 1.865859838012387
6.072144288577154 11.560593865795425 2.678765052596148 6.15383583063398 4.185912019129994 -0.8444249959291206 0.5732509689180176 15.100500442359913 21.759444540254826 35.64803984428399 17.725027072329382 20.238043578809034 9.520110558666211 13.896563125393723 1.1252517461741975 4.095284512899197 20.728443361003073 8.565088223497456 12.373133967109862 2.7600210047091345 6.382324490130422 22.26055007042965 -0.00017664310398401994 8.132912400376622 3.680499875766845 -5.793412373844617 -3.6439230783549252 -7.1537010543177875 1.9000179753686552
6.132264529058116 11.59459275417312 2.7127639409738435 6.187834719011693 4.219910907507707 -0.8104261075514252 0.607249857295713 15.134499330737608 21.79344342863253 35.6820387326617 17.759025960707078 20.27204246718673 9.554109447043906 13.930562013771418 1.159250634551893 4.129283401276893 20.762442249380776 8.59908711187517 12.407132855487575 2.79401989308683 6.4163233785081175 22.294548958807354 0.03382224527371136 8.166911288754335 3.7144987641445404 -5.7594134854669035 -3.609924189977212 -7.119702165940092 1.9340168637463506
6.192384769539078 11.62843429771442 2.7466054845151255 6.221676262552975 4.253752451048989 -0.7765845640101254 0.641091400836995 15.168340874278908 21.82728497217381 35.71588027620299 17.792867504248377 20.30588401072802 9.587950990585206 13.9644035573127 1.1930921780931927 4.163124944818175 20.79628379292207 8.632928655416451 12.440974399028857 2.8278614366281296 6.450164922049417 22.328390502348636 0.06766378881501112 8.200752832295617 3.74834030768584 -5.7255719419256215 -3.57608264643593 -7.085860622398792 1.9678584072876504
6.25250501002004 11.662120436038972 2.780291622839677 6.255362400877527 4.28743858937354 -0.7428984256855742 0.6747775391615463 15.202027012603441 21.86097111049836 35.749566414527536 17.82655364257291 20.339570149052573 9.621637128909757 13.998089695637251 1.2267783164177262 4.196811083142726 20.82996993124661 8.666614793741003 12.474660537353408 2.861547574952681 6.483851060373951 22.362076640673187 0.10134992713956237 8.234438970620168 3.7820264460103914 -5.69188580360107 -3.542396508111379 -7.052174484074241 2.0015445456122016
6.312625250501002 11.695682433661858 2.813853620462563 6.288924398500413 4.321000586996426 -0.7093364280626879 0.7083395367844325 15.235589010226327 21.894533108121248 35.783128412150425 17.860115640195815 20.373132146675456 9.655199126532644 14.031651693260137 1.2603403140406124 4.230373080765612 20.863531928869506 8.700176791363889 12.508222534976294 2.895109572575567 6.517413057996855 22.395638638296074 0.13491192476244862 8.268000968243054 3.8155884436332776 -5.658323805978184 -3.5088345104884926 -7.018612486451355 2.035106543235088
6.372745490981964 11.729042147827151 2.847213334627874 6.322284112665724 4.354360301161737 -0.6759767138973771 0.7416992509497433 15.268948724391638 21.92789282228656 35.81648812631573 17.893475354361108 20.40649186084077 9.688558840697954 14.065011407425448 1.2937000282059232 4.263732794930923 20.896891643034806 8.7335365055292 12.541582249141605 2.92846928674086 6.550772772162148 22.428998352461385 0.16827163892775943 8.301360682408365 3.8489481577985707 -5.624964091812873 -3.475474796323182 -6.985252772286062 2.0684662574003987
6.432865731462925 11.762265222190393 2.8804364089910983 6.355507187028948 4.387583375524962 -0.6427536395341527 0.7749223253129678 15.30217179875488 21.961115896649794 35.84971120067896 17.92669842872435 20.43971493520399 9.721781915061179 14.098234481788673 1.3269231025691655 4.296955869294147 20.93011471739804 8.766759579892424 12.57480532350483 2.9616923611041024 6.58399584652539 22.46222142682461 0.2014947132909839 8.33458375677159 3.882171232161813 -5.591741017449649 -3.4422517219599573 -6.9520296979228196 2.101689331763623
6.492985971943887 11.795343467244361 2.913514654045084 6.388585432082916 4.420661620578947 -0.6096753944801847 0.8080005703669535 15.335250043808848 21.99419414170376 35.88278944573293 17.959776673778318 20.47279318025797 9.754860160115147 14.131312726842658 1.3600013476231334 4.330034114348133 20.96319296245202 8.799837824946392 12.607883568558815 2.9947706061580703 6.617074091579358 22.495299671878584 0.23457295834495184 8.367662001825575 3.915249477215781 -5.558662772395681 -3.4091734769059894 -6.918951452868852 2.134767576817591
6.55310621242485 11.828275030854893 2.946446217655616 6.421516995693448 4.453593184189462 -0.5767438308696526 0.8409321339774856 15.36818160741938 22.02712570531429 35.915721009343464 17.99270823738885 20.505724743868495 9.787791723725679 14.16424429045319 1.3929329112336655 4.362965677958647 20.99612452606254 8.832769388556924 12.64081513216933 3.0277021697686024 6.65000565518989 22.528231235489116 0.2675045219554839 8.40059356543609 3.948181040826313 -5.525731208785149 -3.3762419132954573 -6.8860198892583195 2.167699140428123
6.613226452905812 11.861060255595675 2.9792314423963795 6.454302220434229 4.486378408930243 -0.5439586061288715 0.873717358718249 15.400966832160144 22.059910930055064 35.948506234084235 18.025493462129614 20.538509968609272 9.82057694846646 14.197029515193954 1.4257181359744289 4.395750902699429 21.028909750803315 8.865554613297705 12.67360035691011 3.0604873945093836 6.6827908799306535 22.56101646022989 0.30028974669626507 8.43337879017687 3.9809662655670763 -5.4929459840443675 -3.343456688554676 -6.853234664517538 2.2004843651689043
6.673346693386773 11.893699981944188 3.0118711687449107 6.4869419467827605 4.519018135278774 -0.5113188797803581 0.9063570850667801 15.433606558508675 22.09255065640359 35.98114596043277 18.058133188478145 20.571149694957796 9.853216674814973 14.229669241542485 1.45835786232296 4.42839062904796 21.061549477151843 8.898194339646237 12.706240083258642 3.093127120857897 6.715430606279185 22.593656186578414 0.3329294730447785 8.466018516525402 4.0136059919156075 -5.460306257695836 -3.3108169622061627 -6.820594938169025 2.2331240915174178
6.733466933867735 11.926195174632 3.0443663614327043 6.519437139470554 4.551513327966568 -0.47882368709254663 0.9388522777545738 15.466101751196469 22.12504584909139 36.01364115312057 18.090628381165956 20.603644887645597 9.885711867502785 14.262164434230279 1.4908530550107537 4.460885821735753 21.094044669839647 8.93068953233403 12.738735275946436 3.1256223135457084 6.747925798966996 22.626151379266215 0.3654246657325899 8.498513709213196 4.046101184603419 -5.427811065008043 -3.2783217695183513 -6.7880997454812135 2.265619284205229
6.793587174348697 11.958546913648007 3.07671810044873 6.55178887848658 4.583865066982593 -0.4464719480765389 0.9712040167705993 15.498453490212494 22.157397588107408 36.04599289213659 18.122980120181964 20.635996626661615 9.918063606518793 14.294516173246304 1.5232047940267792 4.493237560751779 21.126396408855662 8.963041271350056 12.771087014962461 3.157974052561716 6.780277537983004 22.658503118282233 0.39777640474859766 8.530865448229221 4.078452923619427 -5.395459325992017 -3.2459700305023436 -6.755748006465206 2.297971023221237
6.853707414829659 11.99075606967531 3.108927256476015 6.583998034513865 4.616074223009878 -0.4142627920492359 1.0034131727978846 15.53066264623978 22.1896067441347 36.078202048163874 18.15518927620925 20.66820578268891 9.950272762546096 14.32672532927359 1.5554139500540645 4.525446716779064 21.158605564882958 8.995250427377341 12.803296170989746 3.190183208589019 6.812486694010289 22.690712274309526 0.42998556077590067 8.563074604256506 4.11066207964673 -5.363250169964732 -3.2137608744750406 -6.723538850437903 2.33018017924854
6.913827655310621 12.022823674362098 3.1409948611628025 6.616065639200652 4.648141827696666 -0.3821951873624485 1.035480777484672 15.562730250926567 22.221674348821487 36.11026965285067 18.187256880896054 20.7002733873757 9.982340367232883 14.358792933960377 1.5874815547408696 4.557514321465852 21.190673169569745 9.027318032064128 12.835363775676534 3.2222508132758065 6.844554298697094 22.722779878996313 0.46205316546268804 8.595142208943294 4.142729684333517 -5.3311825652779445 -3.181693269788253 -6.691471245751115 2.3622477839353273
6.973947895791583 12.054750545816226 3.172921732616949 6.647992510654799 4.680068699150812 -0.35026831590831975 1.0674076489388185 15.594657122380713 22.253601220275627 36.14219652430481 18.219183752350183 20.732200258829835 10.014267238687012 14.390719805414523 1.6194084261949984 4.589441192919998 21.22260004102388 9.059244903518275 12.86729064713068 3.2541776847299353 6.876481170151223 22.754706750450453 0.4939800369168168 8.62706908039744 4.174656555787646 -5.299255693823798 -3.1497663983341067 -6.659544374296987 2.394174655389456
