web/models/kne/35/mosfit_kn_0.022361_0.1240_0.5000.dat
# %ECSV 1.0
# ---
# datatype:
# - {name: time, datatype: float64}
# - {name: PS1_g, datatype: float64}
# - {name: PS1_i, datatype: float64}
# - {name: PS1_r, datatype: float64}
# - {name: PS1_w, datatype: float64}
# - {name: PS1_y, datatype: float64}
# - {name: PS1_z, datatype: float64}
# - {name: swift_uvot_B, datatype: float64}
# - {name: swift_uvot_U, datatype: float64}
# - {name: swift_uvot_uvm2, datatype: float64}
# - {name: swift_uvot_uvw1, datatype: float64}
# - {name: swift_uvot_uvw2, datatype: float64}
# - {name: swift_uvot_V, datatype: float64}
# - {name: johnson_B, datatype: float64}
# - {name: johnson_I, datatype: float64}
# - {name: johnson_R, datatype: float64}
# - {name: johnson_U, datatype: float64}
# - {name: johnson_V, datatype: float64}
# - {name: sdss_g, datatype: float64}
# - {name: sdss_i, datatype: float64}
# - {name: sdss_r, datatype: float64}
# - {name: sdss_u, datatype: float64}
# - {name: sdss_z, datatype: float64}
# - {name: ATLAS_c, datatype: float64}
# - {name: ATLAS_o, datatype: float64}
# - {name: ukirt_H, datatype: float64}
# - {name: ukirt_J, datatype: float64}
# - {name: ukirt_K, datatype: float64}
# - {name: Clear, datatype: float64}
# meta: !!omap
# - comment: [kappa = 0.5, type = rprocess, mass = 0.022360679775100388, velocity = 0.12399999999999999, theta_obs = 0.0, tfloor = 1000.0]
# schema: astropy-2.0
time PS1_g PS1_i PS1_r PS1_w PS1_y PS1_z swift_uvot_B swift_uvot_U swift_uvot_uvm2 swift_uvot_uvw1 swift_uvot_uvw2 swift_uvot_V johnson_B johnson_I johnson_R johnson_U johnson_V sdss_g sdss_i sdss_r sdss_u sdss_z ATLAS_c ATLAS_o ukirt_H ukirt_J ukirt_K Clear
[from data line 288]
17.374749498997996 7.8016160397951495 -1.0802127734041278 2.3948580046337042 0.42693419312973546 -4.6034028219293965 -3.1857268570822583 11.341522616359637 18.000466714254557 31.889062018283727 13.966049246329106 16.479065752808758 5.761132732665934 10.137585299393447 -2.6337260798260784 0.3363066868989215 16.969465535002797 4.806110397497181 8.614156141109603 -0.9989568212911415 2.623346664130146 18.501572244429383 -3.75915446910426 4.373934574376364 -0.07847795023343096 -9.552390199844892 -7.402900904355201 -10.912678880318063 -1.8589598506316207
17.43486973947896 7.807915490937365 -1.0739133222619124 2.4011574557759197 0.4332336442719509 -4.597103370787181 -3.179427405940043 11.347822067501852 18.006766165396773 31.89536146942594 13.972348697471322 16.485365203950973 5.7674321838081495 10.143884750535662 -2.627426628683863 0.34260613804113693 16.975764986145013 4.812409848639397 8.620455592251819 -0.9926573701489261 2.6296461152723616 18.5078716955716 -3.7528550179620446 4.380234025518579 -0.07217849909121554 -9.546090748702676 -7.396601453212986 -10.906379429175848 -1.8526603994894053
17.494989979959918 7.8141938754820295 -1.0676349377172478 2.407435840320584 0.4395120288165977 -4.590824986242517 -3.1731490213953784 11.354100452046517 18.01304454994142 31.901639853970597 13.978627082015986 16.491643588495638 5.773710568352814 10.150163135080327 -2.6211482441391984 0.3488845225858015 16.982043370689677 4.818688233184061 8.626733976796466 -0.9863789856042615 2.635924499817026 18.514150080116245 -3.74657663341738 4.386512410063226 -0.06590011454655098 -9.539812364158012 -7.390323068668321 -10.900101044631183 -1.8463820149447407
17.55511022044088 7.820451352220097 -1.0613774609791982 2.4136933170586516 0.4457695055546651 -4.584567509504449 -3.1668915446573287 11.360357928784584 18.019302026679487 31.907897330708668 13.984884558754054 16.497901065233705 5.7799680450908815 10.156420611818376 -2.614890767401131 0.35514199932385115 16.988300847427745 4.824945709922129 8.632991453534533 -0.9801215088661941 2.6421819765550936 18.520407556854313 -3.7403191566793126 4.392769886801293 -0.059642637808483556 -9.533554887419944 -7.384065591930254 -10.893843567893116 -1.8401245382066733
17.615230460921843 7.826688071358756 -1.055140741840539 2.419930036197311 0.4520062246933243 -4.57833079036579 -3.1606548255186695 11.366594647923243 18.025538745818146 31.914134049847323 13.991121277892713 16.504137784372364 5.786204764229541 10.162657330957035 -2.608654048262472 0.36137871846251035 16.994537566566404 4.831182429060788 8.639228172673192 -0.9738847897275349 2.6484186956937528 18.52664427599297 -3.7340824375406534 4.399006605939952 -0.05340591866982436 -9.527318168281285 -7.377828872791595 -10.887606848754457 -1.8338878190680141
17.675350701402806 7.832904174244355 -1.0489246389549223 2.4261461390829098 0.4582223275789232 -4.572114687480191 -3.154438722633053 11.372810750808842 18.031754848703745 31.920350152732926 13.997337380778312 16.510353887257963 5.79242086711514 10.168873433842652 -2.602437945376873 0.36759482134812704 17.000753669452003 4.837398531946387 8.645444275558791 -0.967668686841936 2.6546347985793517 18.53286037887857 -3.7278663346550545 4.405222708825551 -0.04718981578422543 -9.521102065395686 -7.371612769905996 -10.881390745868858 -1.8276717161824152
17.73547094188377 7.839099805732772 -1.042729007466523 2.432341770571327 0.4644179590673403 -4.565919055991774 -3.1482430911446535 11.379006382297241 18.037950480192162 31.926545784221336 14.003533012266729 16.516549518746363 5.798616498603557 10.175069065331051 -2.5962423138884736 0.37379045283652634 17.00694930094042 4.843594163434804 8.651639907047208 -0.9614730553535189 2.6608304300677688 18.539056010366988 -3.7216707031666374 4.411418340313968 -0.04099418429580837 -9.514906433907269 -7.365417138417579 -10.87519511438044 -1.8214760846939981
17.795591182364728 7.845275101702178 -1.0365537114971168 2.438517066540733 0.4705932550367464 -4.559743760022368 -3.1420677951752474 11.385181678266648 18.044125776161568 31.93272108019075 14.009708308236135 16.522724814715787 5.804791794572963 10.181244361300458 -2.5900670179190497 0.3799657488059325 17.013124596909826 4.84976945940421 8.657815203016614 -0.9552977593841128 2.667005726037175 18.545231306336394 -3.7154954071972313 4.4175936362833745 -0.03481888832640223 -9.508731137937863 -7.3592418424481725 -10.869019818411035 -1.815300788724592
17.85571142284569 7.851430886249435 -1.030397926949842 2.444672851088008 0.47674903958402126 -4.553587975475093 -3.1359120106279725 11.391337462813922 18.050281560708843 31.93887686473801 14.015864092783392 16.528880599263044 5.810947579120238 10.187400145847732 -2.5839112333717926 0.3861215333532073 17.0192803814571 4.855925243951485 8.66397098756389 -0.9491419748368557 2.673161510584432 18.55138709088367 -3.709339622649974 4.423749420830649 -0.02866310377914516 -9.502575353390588 -7.353086057900898 -10.862864033863778 -1.8091450041773172
17.915831663326653 7.857565636281123 -1.024263176918172 2.4508076011196778 0.48288378961569123 -4.547453225443423 -3.1297772605963026 11.397472212845592 18.056416310740513 31.945011614769687 14.02199884281508 16.535015349294714 5.817082329151908 10.193534895879402 -2.5777764833401227 0.3922562833848773 17.02541513148877 4.862059993983155 8.67010573759556 -0.943007224805168 2.679296260616102 18.55752184091534 -3.7032048726182865 4.429884170862319 -0.02252835374745743 -9.496440603358918 -7.346951307869228 -10.85672928383209 -1.8030102541456472
17.975951903807616 7.863680589891597 -1.01814822330768 2.45692255473017 0.4889987432261833 -4.541338271832931 -3.1236623069858105 11.403587166456084 18.062531264351005 31.95112656838017 14.028113796425554 16.541130302905206 5.8231972827624 10.199649849489894 -2.5716615297296306 0.39837123699536936 17.031530085099263 4.868174947593647 8.676220691206051 -0.9368922711946936 2.685411214226594 18.56363679452583 -3.697089919007812 4.435999124472811 -0.016413400136983114 -9.490325649748426 -7.340836354258736 -10.850614330221616 -1.7968953005351729
18.036072144288575 7.8697758302011245 -1.0120529829981706 2.463017795039679 0.49509398353569267 -4.535243031523422 -3.117567066676301 11.409682406765612 18.068626504660514 31.95722180868969 14.034209036735081 16.547225543214733 5.829292523071909 10.205745089799404 -2.5655662894201035 0.4044664773048787 17.037625325408772 4.874270187903156 8.68231593151556 -0.9307970308851665 2.691506454536121 18.56973203483534 -3.690994678698285 4.442094364782321 -0.010318159827455986 -9.484230409438917 -7.334741113949226 -10.844519089912088 -1.7908000602256458
18.096192384769537 7.875851466175217 -1.0059773470240785 2.4690934310137713 0.5011696195097848 -4.5291673955493295 -3.111491430702209 11.415758042739704 18.074702140634606 31.963297444663784 14.040284672709173 16.553301179188825 5.835368159046001 10.211820725773496 -2.5594906534460113 0.41054211327897083 17.043700961382864 4.880345823877248 8.688391567489653 -0.9247213949110744 2.6975820905102132 18.575807670809432 -3.684919042724193 4.448170000756413 -0.004242523853363878 -9.478154773464825 -7.328665477975134 -10.838443453937996 -1.7847244242515536
18.1563126252505 7.881907601714921 -0.9999212114843559 2.475149566553476 0.5072257550494896 -4.523111260009625 -3.1054352951624864 11.421814178279408 18.08075827617431 31.969353580203492 14.046340808248878 16.55935731472853 5.841424294585706 10.2178768613132 -2.5534345179063065 0.4165982488186757 17.04975709692257 4.886401959416953 8.694447703029358 -0.9186652593713696 2.703638226049918 18.581863806349137 -3.678862907184488 4.454226136296118 0.0018136116863409768 -9.47209863792512 -7.322609342435429 -10.832387318398291 -1.7786682887118488
18.216432865731463 7.887944358467802 -0.9938844547314751 2.4811863233063747 0.5132625118023881 -4.517074503256726 -3.0993985384096057 11.42785093503229 18.08679503292721 31.975390336956377 14.052377565001759 16.56539407148141 5.847461051338587 10.2239136180661 -2.5473977611534258 0.4226350055715742 17.055793853675468 4.892438716169852 8.700484459782256 -0.9126285026184888 2.709674982802799 18.587900563102036 -3.6728261504316073 4.460262893049016 0.007850368439221711 -9.466061881172221 -7.316572585682531 -10.82635056164541 -1.772631531958968
18.276553106212425 7.893961868719082 -0.9878669444801957 2.487203833557654 0.5192800220536675 -4.5110569930054645 -3.0933810281583263 11.433868445283569 18.09281254317849 31.98140784720766 14.058395075253038 16.57141158173269 5.853478561589866 10.229931128317379 -2.5413802509021464 0.4286525158228536 17.061811363926747 4.898456226421131 8.706501970033536 -0.9066109923672094 2.7156924930540782 18.593918073353315 -3.666808640180328 4.466280403300296 0.013867878690501101 -9.460044370920942 -7.310555075431251 -10.820333051394131 -1.7666140217076887
18.336673346693384 7.899960255058431 -0.981868558140846 2.493202219896986 0.5252784083929996 -4.505058606666115 -3.0873826418189765 11.439866831622918 18.09881092951782 31.987406233546995 14.064393461592388 16.57740996807204 5.859476947929216 10.235929514656728 -2.5353818645627966 0.43465090216220337 17.06780975026608 4.904454612760463 8.712500356372868 -0.9006126060278596 2.721690879393428 18.599916459692647 -3.660810253840978 4.472278789639628 0.019866265029850894 -9.45404598458161 -7.304556689091919 -10.814334665054782 -1.7606156353683389
18.396793587174347 7.905939642024009 -0.9758891711752682 2.499181606862564 0.5312577953585951 -4.499079219700537 -3.0814032548533987 11.445846218588496 18.104790316483417 31.993385620512573 14.070372848557966 16.583389355037617 5.865456334894794 10.241908901622306 -2.529402477597219 0.4406302891277811 17.073789137231657 4.910433999726041 8.718479743338463 -0.8946332190622819 2.727670266359006 18.605895846658242 -3.6548308668754004 4.478258176605223 0.025845651995428653 -9.448066597616032 -7.298577302126342 -10.808355278089204 -1.7546362484027611
18.45691382765531 7.91190015525121 -0.9699286579480848 2.505142120089765 0.5372183085857785 -4.493118706473336 -3.0754427416262153 11.45180673181568 18.1107508297106 31.999346133739767 14.07633336178515 16.5893498682648 5.871416848121995 10.24786941484949 -2.5234419643700354 0.4465908023549645 17.079749650458858 4.916394512953242 8.724440256565646 -0.8886727058350807 2.733630779586189 18.611856359885426 -3.6488703536481992 4.484218689832407 0.0318061652226298 -9.442106084388831 -7.2926167888991404 -10.802394764862003 -1.74867573517556
18.517034068136272 7.91784191054683 -0.963986902652465 2.511083875385385 0.5431600638813983 -4.487176951177716 -3.0695009863305955 11.457748487111317 18.11669258500622 32.0052878890354 14.082275117080787 16.59529162356044 5.877358603417615 10.25381117014511 -2.517500209074398 0.4525325576505843 17.085691405754478 4.922336268248862 8.730382011861266 -0.8827309505394609 2.7395725348818267 18.617798115181046 -3.6429285983525794 4.490160445128026 0.0377479205182496 -9.436164329093211 -7.286675033603521 -10.796453009566383 -1.7427339798799402
18.577154308617235 7.923765031966603 -0.9580637812326742 2.517006996805158 0.5490831853011713 -4.481253829757943 -3.0635778649108047 11.46367160853109 18.122615706425993 32.01121101045518 14.08819823850056 16.60121474498021 5.883281724837388 10.259734291564882 -2.511577087654625 0.45845567907035734 17.09161452717425 4.928259389668635 8.73630513328104 -0.8768078291196879 2.7454956563015998 18.62372123660082 -3.6370054769328064 4.496083566547799 0.043671041938022626 -9.430241207673438 -7.280751912183748 -10.79052988814661 -1.7368108584601671
18.637274549098194 7.929669648715265 -0.9521591644840122 2.5229116135538376 0.5549878020498511 -4.475349213009263 -3.0576732481621427 11.469576225279752 18.128520323174673 32.01711562720384 14.094102855249222 16.607119361728873 5.8891863415860675 10.265638908313562 -2.505672470905963 0.46436029581903715 17.09751914392293 4.934164006417315 8.74220975002972 -0.8709032123710259 2.751400273050262 18.6296258533495 -3.6311008601841444 4.501988183296479 0.049575658686684676 -9.424336590924758 -7.274847295435068 -10.784625271397948 -1.730906241711505
18.697394789579157 7.9355558778077295 -0.9462729353915478 2.528797842646302 0.5608740311423155 -4.469462983916799 -3.0517870190696783 11.475462454372217 18.134406552267137 32.02300185629631 14.099989084341686 16.613005590821338 5.895072570678532 10.271525137406027 -2.4997862418134984 0.47024652491150154 17.103405373015395 4.940050235509779 8.748095979122184 -0.8650169832785615 2.757286502142726 18.635512082441963 -3.62521463109168 4.507874412388944 0.055461887779149066 -9.418450361832294 -7.268961066342603 -10.778739042305483 -1.725020012619023
18.75751503006012 7.941423838299997 -0.9404049748992804 2.5346658031385516 0.5667419916345651 -4.463595023424549 -3.045919058577411 11.481330414864484 18.140274512759387 32.028869816788564 14.105857044833954 16.618873551313605 5.900940531170781 10.277393097898294 -2.493918281321231 0.4761144854037511 17.109273333507645 4.945918196002029 8.753963939614433 -0.8591490227862941 2.7631544626349935 18.641380042934212 -3.6193466705994126 4.513742372881193 0.06132984827141641 -9.412582401340044 -7.263093105850354 -10.772871081813216 -1.7191520521267734
18.817635270541082 7.947273649918127 -0.9345551632811677 2.540515614756682 0.5725918032526955 -4.457745211806419 -3.0400692469592983 11.487180226482597 18.146124324377517 32.0347196284067 14.111706856452084 16.624723362931718 5.906790342788912 10.283242909516407 -2.4880684697031183 0.4819642970218816 17.115123145125775 4.951768007620159 8.759813751232564 -0.8532992111681637 2.769004274253124 18.647229854552343 -3.613496858981282 4.519592184499324 0.06717965988954688 -9.406732589721914 -7.257243294232223 -10.767021270195086 -1.7133022405086429
18.877755511022045 7.95310542341598 -0.9287233897832969 2.546347388254553 0.5784235767505663 -4.451913438308548 -3.0342374734614275 11.493011999980467 18.151956097875388 32.04055140190456 14.117538629949937 16.63055513642959 5.912622116286783 10.289074683014277 -2.4822366962052476 0.4877960705197524 17.120954918623646 4.95759978111803 8.765645524730434 -0.8474674376703106 2.774836047750977 18.653061628050214 -3.607665085483429 4.525423957997194 0.0730114333873999 -9.400900816224043 -7.251411520734353 -10.761189496697233 -1.7074704670107899
18.937875751503004 7.958919274323524 -0.9229095388757536 2.5521612391620963 0.5842374276581097 -4.446099587401022 -3.028423622553884 11.49882585088801 18.15776994878293 32.0463652528121 14.12335248085748 16.636368987337132 5.918435967194308 10.29488853392182 -2.476422845297704 0.49360992142729576 17.12676876953117 4.963413632025573 8.771459375637978 -0.8416535867627672 2.7806498986585204 18.658875478957757 -3.6018512345758857 4.531237808904738 0.07882528429494329 -9.3950869653165 -7.245597669826809 -10.75537564578969 -1.7016566161032465
18.997995991983966 7.964715323076241 -0.917113490123036 2.557957287914814 0.5900334764108273 -4.440303538648305 -3.0226275738011665 11.504621899640728 18.16356599753565 32.05216130156482 14.129148529610198 16.64216503608985 5.924232015947026 10.300684582674538 -2.4706267965449866 0.4994059701800133 17.13256481828389 4.969209680778291 8.777255424390695 -0.8358575380100497 2.786445947411238 18.664671527710475 -3.596055185823168 4.537033857657455 0.08462133304766084 -9.389290916563782 -7.239801621074109 -10.749579597036972 -1.695860567350529
