web/models/kne/35/mosfit_kn_0.062996_0.3903_3.6500.dat
# %ECSV 1.0
# ---
# datatype:
# - {name: time, datatype: float64}
# - {name: PS1_g, datatype: float64}
# - {name: PS1_i, datatype: float64}
# - {name: PS1_r, datatype: float64}
# - {name: PS1_w, datatype: float64}
# - {name: PS1_y, datatype: float64}
# - {name: PS1_z, datatype: float64}
# - {name: swift_uvot_B, datatype: float64}
# - {name: swift_uvot_U, datatype: float64}
# - {name: swift_uvot_uvm2, datatype: float64}
# - {name: swift_uvot_uvw1, datatype: float64}
# - {name: swift_uvot_uvw2, datatype: float64}
# - {name: swift_uvot_V, datatype: float64}
# - {name: johnson_B, datatype: float64}
# - {name: johnson_I, datatype: float64}
# - {name: johnson_R, datatype: float64}
# - {name: johnson_U, datatype: float64}
# - {name: johnson_V, datatype: float64}
# - {name: sdss_g, datatype: float64}
# - {name: sdss_i, datatype: float64}
# - {name: sdss_r, datatype: float64}
# - {name: sdss_u, datatype: float64}
# - {name: sdss_z, datatype: float64}
# - {name: ATLAS_c, datatype: float64}
# - {name: ATLAS_o, datatype: float64}
# - {name: ukirt_H, datatype: float64}
# - {name: ukirt_J, datatype: float64}
# - {name: ukirt_K, datatype: float64}
# - {name: Clear, datatype: float64}
# meta: !!omap
# - comment: [kappa = 3.65, type = rprocess, mass = 0.06299605249512866, velocity = 0.3903333333333333, theta_obs = 0.0, tfloor = 1000.0]
# schema: astropy-2.0
time PS1_g PS1_i PS1_r PS1_w PS1_y PS1_z swift_uvot_B swift_uvot_U swift_uvot_uvm2 swift_uvot_uvw1 swift_uvot_uvw2 swift_uvot_V johnson_B johnson_I johnson_R johnson_U johnson_V sdss_g sdss_i sdss_r sdss_u sdss_z ATLAS_c ATLAS_o ukirt_H ukirt_J ukirt_K Clear
[from data line 318]
19.178356713426854 7.70435386803447 -1.1774749451648248 2.297595832873025 0.3296720213690385 -4.700664993690076 -3.2829890288429553 11.24426044459894 17.90320454249386 31.79179984652303 13.86878707456841 16.38180358104806 5.663870560905255 10.04032312763275 -2.7309882515867754 0.23904451513822456 16.872203363242118 4.708848225736502 8.516893969348907 -1.0962189930518207 2.526084492369449 18.404310072668686 -3.856416640864939 4.276672402615667 -0.17574012199411015 -9.64965237160557 -7.50016307611588 -11.009941052078743 -1.9562220223923
19.238476953907814 7.712328684347192 -1.1695001288520857 2.305570649185764 0.3376468376817776 -4.692690177377337 -3.275014212530216 11.252235260911679 17.9111793588066 31.79977466283577 13.876761890881149 16.3897783973608 5.671845377217994 10.048297943945489 -2.7230134352740363 0.24701933145096366 16.880178179554857 4.716823042049241 8.524868785661646 -1.0882441767390816 2.5340593086821883 18.412284888981425 -3.8484418245522 4.284647218928406 -0.1677653056813888 -9.641677555292832 -7.492188259803141 -11.001966235766004 -1.9482472060795608
19.298597194388776 7.720275523789759 -1.1615532894095182 2.3135174886283316 0.3455936771243451 -4.684743337934769 -3.2670673730876487 11.260182100354246 17.919126198249167 31.807721502278337 13.884708730323716 16.397725236803367 5.679792216660561 10.056244783388056 -2.715066595831469 0.25496617089353113 16.888125018997425 4.724769881491809 8.532815625104213 -1.0802973372965319 2.542006148124756 18.420231728423992 -3.8404949851096504 4.292594058370973 -0.15981846623882134 -9.633730715850264 -7.484241420360574 -10.994019396323454 -1.9403003666369933
19.35871743486974 7.728194721585453 -1.1536340916138244 2.3214366864240077 0.3535128749200389 -4.676824140139093 -3.259148175291955 11.26810129814994 17.92704539604486 31.81564070007403 13.89262792811941 16.40564443459906 5.6877114144562375 10.06416398118375 -2.707147398035775 0.26288536868922496 16.8960442167931 4.732689079287485 8.540734822899907 -1.072378139500838 2.5499253459204496 18.428150926219686 -3.8325757873139565 4.300513256166667 -0.1518992684431275 -9.625811518054588 -7.476322222564898 -10.98610019852776 -1.9323811688413173
19.4188376753507 7.736086617658096 -1.1457421955411995 2.3293285824966503 0.36140477099266377 -4.6689322440664505 -3.25125627921933 11.275993194222565 17.934937292117485 31.823532596146666 13.900519824192052 16.413536330671704 5.69560331052888 10.072055877256375 -2.6992555019631324 0.2707772647618498 16.903936112865743 4.740580975360127 8.548626718972532 -1.0644862434281954 2.5578172419930922 18.43604282229231 -3.824683891241314 4.308405152239292 -0.1440073723704849 -9.617919621981946 -7.468430326492255 -10.978208302455117 -1.9244892727686747
19.478957915831664 7.743951417155852 -1.1378773960434252 2.3371933819944246 0.36926957049043807 -4.661067444568676 -3.2433914797215557 11.28385799372034 17.94280209161526 31.831397395644426 13.908384623689809 16.42140113016946 5.703468110026654 10.07992067675415 -2.691390702465376 0.2786420642596241 16.911800912363518 4.748445774857902 8.556491518470306 -1.0566214439304389 2.5656820414908488 18.443907621790085 -3.8168190917435396 4.316269951737066 -0.13614257287272835 -9.610054822484171 -7.460565526994481 -10.970343502957343 -1.9166244732709004
19.539078156312623 7.7517893996323295 -1.1300394135669478 2.3450313644708842 0.37710755296691545 -4.6532294620922166 -3.2355534972450783 11.291695976196817 17.950640074091737 31.839235378120907 13.916222606166286 16.429239112645938 5.711306092503114 10.087758659230627 -2.6835527199888984 0.2864800467361015 16.919638894839977 4.756283757334379 8.564329500946783 -1.0487834614539615 2.573520023967326 18.451745604266563 -3.80898110926708 4.324107934213544 -0.12830459039625097 -9.602216840007712 -7.452727544518021 -10.962505520480883 -1.9087864907944407
19.599198396793586 7.759600786604821 -1.122228026594474 2.352842751443376 0.3849189399393893 -4.645418075119725 -3.2277421102726045 11.29950736316929 17.95845146106421 31.847046765093385 13.924033993138778 16.43705049961841 5.719117479475606 10.0955700462031 -2.6757413330164246 0.29429143370857536 16.92745028181247 4.764095144306853 8.572140887919257 -1.0409720744814699 2.5813314109398 18.459556991239037 -3.8011697222945884 4.331919321186017 -0.12049320342375935 -9.59440545303522 -7.44491615754553 -10.954694133508392 -1.9009751038219491
19.65931863727455 7.767385898333057 -1.1144429148662205 2.3606278631716293 0.3927040516676428 -4.6376329633914715 -3.219956998544351 11.307292474897544 17.966236572792464 31.85483187682163 13.931819104867014 16.444835611346665 5.726902591203859 10.103355157931354 -2.667956221288171 0.3020765454368288 16.935235393540722 4.771880256035106 8.57992599964751 -1.0331869627532164 2.5891165226680535 18.46734210296729 -3.793384610566335 4.339704432914271 -0.11270809169552365 -9.586620341306967 -7.437131045817276 -10.946909021780138 -1.8931899920936957
19.71943887775551 7.775145026273638 -1.1066837869256574 2.3683869911121924 0.4004631796082059 -4.629873835450908 -3.212197870603788 11.315051602838107 17.973995700733028 31.862591004762205 13.939578232807595 16.452594739287246 5.734661719144422 10.111114285871917 -2.660197093347608 0.30983567337739193 16.942994521481285 4.7796393839756695 8.587685127588074 -1.0254278348126533 2.5968756506086343 18.475101230907853 -3.785625482625772 4.347463560854834 -0.10494896375494278 -9.578861213366404 -7.429371917876713 -10.939149893839575 -1.8854308641531325
19.779559118236474 7.782878463664904 -1.098950349534391 2.3761204285034587 0.4081966169994722 -4.622140398059642 -3.2044644332125216 11.322785040229373 17.981729138124294 31.870324442153464 13.947311670198843 16.460328176678495 5.7423951565356885 10.118847723263183 -2.6524636559563417 0.31756911076865824 16.95072795887255 4.787372821366936 8.59541856497934 -1.017694397421387 2.604609087999883 18.48283466829912 -3.7778920452345055 4.3551969982461 -0.09721552636367647 -9.571127775975137 -7.421638480485447 -10.931416456448309 -1.8776974267618662
19.839679358717433 7.790586421890673 -1.0912423913086045 2.3838283867292454 0.4159045752252588 -4.614432439833855 -3.196756474986735 11.33049299845516 17.98943709635008 31.87803240037925 13.95501962842463 16.46803613490428 5.750103114761475 10.12655568148897 -2.644755697730555 0.32527706899444486 16.95843591709834 4.795080779592722 8.603126523205127 -1.0099864391956181 2.6123170462256695 18.490542626524906 -3.7701840870087366 4.362904956471887 -0.08950756813790761 -9.56341981774935 -7.41393052225966 -10.92370849822254 -1.8699894685360796
19.899799599198396 7.798269117904439 -1.0835596952948379 2.391511082742994 0.4235872712390254 -4.606749743820107 -3.1890737789729684 11.338175694468926 17.997119792363847 31.885715096393017 13.962702324438396 16.475718830918048 5.757785810775224 10.134238377502736 -2.6370730017167885 0.33295976500821145 16.966118613112087 4.802763475606489 8.610809219218893 -1.0023037431818516 2.619999742239436 18.498225322538673 -3.76250139099497 4.3705876524856535 -0.08182487212414102 -9.555737121735602 -7.406247826245911 -10.916025802208773 -1.8623067725223308
19.95991983967936 7.80592676147192 -1.0759020517273576 2.399168726310492 0.4312449148065056 -4.599092100252626 -3.181416135405488 11.345833338036407 18.004777435931327 31.893372739960494 13.970359968005877 16.483376474485528 5.765443454342704 10.141896021070217 -2.6294153581493083 0.34061740857569167 16.973776256679567 4.810421119173969 8.618466862786374 -0.9946460996143713 2.6276573858069163 18.505882966106153 -3.75484374742749 4.378245296053134 -0.0741672285566608 -9.548079478168104 -7.398590182678431 -10.908368158641293 -1.8546491289548506
20.02004008016032 7.813559636778056 -1.0682691764212215 2.4068016016166105 0.43887779011262396 -4.59145922494649 -3.173783260099352 11.353466213342543 18.012410311237446 31.901005615266623 13.977992843312013 16.491009349791664 5.77307632964884 10.149528896376335 -2.621782482843172 0.34825028388181 16.981409131985703 4.8180539944800875 8.626099738092492 -0.9870132243082352 2.6352902611130524 18.51351584141227 -3.7472108721213537 4.385878171359252 -0.0665343532505247 -9.540446602861985 -7.390957307372295 -10.900735283335157 -1.8470162536487145
20.080160320641284 7.821168043521105 -1.06066076967819 2.41441000835966 0.44648619685567326 -4.583850818203441 -3.1661748533563205 11.361074620085574 18.020018717980495 31.908614022009676 13.985601250055062 16.498617756534696 5.78068473639189 10.157137303119384 -2.6141740761001406 0.3558586906248593 16.989017538728753 4.825662401223137 8.633708144835541 -0.9794048175651859 2.6428986678561017 18.52112424815532 -3.7396024653783044 4.393486578102301 -0.0589259465074754 -9.532838196118936 -7.383348900629246 -10.893126876592108 -1.8394078469056652
20.140280561122243 7.8287522120891495 -1.0530766011101456 2.4219941769277042 0.4540703654237177 -4.5762666496353965 -3.158590684788276 11.368658788653637 18.02760288654854 31.91619819057772 13.993185418623106 16.506201925102758 5.788268904959934 10.164721471687429 -2.6065899075320784 0.36344285919290376 16.996601707296797 4.833246569791181 8.641292313403586 -0.9718206489971415 2.650482836424146 18.528708416723365 -3.73201829681026 4.401070746670346 -0.051341777939430955 -9.525254027550892 -7.375764732061201 -10.885542708024063 -1.8318236783376207
20.200400801603205 7.836312353974915 -1.0455164592243626 2.4295543188134694 0.46163050730948285 -4.568706507749631 -3.151030542902493 11.376218930539402 18.035163028434305 31.923758332463482 14.000745560508872 16.513762066988523 5.795829046845699 10.172281613573194 -2.5990297656463133 0.3710030010786689 17.004161849182562 4.840806711676946 8.64885245528935 -0.9642605071113763 2.6580429783099113 18.53626855860913 -3.724458154924495 4.408630888556111 -0.04378163605366581 -9.517693885665127 -7.368204590175436 -10.877982566138298 -1.8242635364518556
20.260521042084168 7.843848656510808 -1.0379801566884694 2.4370906213493804 0.46916680984539383 -4.56117020521372 -3.1434942403666 11.383755233075295 18.042699330970215 31.931294634999386 14.008281863044765 16.521298369524416 5.80336534938161 10.179817916109105 -2.59149346311042 0.3785393036145799 17.011698151718473 4.848343014212857 8.656388757825262 -0.9567242045754831 2.6655792808458045 18.54380486114504 -3.7169218523886016 4.416167191092022 -0.03624533351777259 -9.510157583129216 -7.360668287639525 -10.870446263602405 -1.8167272339159446
20.32064128256513 7.851361358825617 -1.0304674543736603 2.4446033236641718 0.4766795121601852 -4.553657502898929 -3.135981538051791 11.391267935390104 18.050212033285007 31.938807337314184 14.015794565359574 16.528811071839225 5.810878051696402 10.187330618423914 -2.583980760795611 0.3860520059293713 17.019210854033265 4.855855716527649 8.663901460140053 -0.949211502260674 2.6730919831606137 18.551317563459833 -3.7094091500737925 4.423679893406813 -0.028732631202963432 -9.502644880814424 -7.353155585324734 -10.862933561287596 -1.8092145316011532
20.38076152304609 7.8588507059040325 -1.0229781072952449 2.452092670742605 0.4841688592386184 -4.546168155820496 -3.1284921909733754 11.39875728246852 18.05770138036344 31.94629668439261 14.02328391243799 16.53630041891764 5.818367398774835 10.19481996550233 -2.5764914137171955 0.39354135300780446 17.026700201111698 4.863345063606082 8.671390807218486 -0.9417221551822585 2.680581330239029 18.558806910538266 -3.701919802995377 4.4311692404852465 -0.021243284124548012 -9.495155533735991 -7.3456662382463005 -10.85544421420918 -1.8017251845227378
20.440881763527052 7.866316965112308 -1.0155118480869696 2.4595589299508624 0.49163511844689367 -4.538701896612238 -3.1210259317651 11.406223541676795 18.065167639571715 31.953762943600882 14.030750171646265 16.543766678125916 5.825833657983092 10.202286224710605 -2.56902515450892 0.4010076122160797 17.034166460319955 4.870811322814357 8.678857066426762 -0.9342558959739833 2.6880475894473044 18.56627316974654 -3.694453543787102 4.438635499693522 -0.013777024916272751 -9.487689274527733 -7.338199979038043 -10.847977955000905 -1.7942589253144625
20.501002004008015 7.873760336319737 -1.00806847687954 2.467002301158292 0.49907848965430546 -4.531258525404809 -3.1135825605576706 11.413666912884224 18.072611010779127 31.961206314808305 14.038193542853694 16.551210049333346 5.833277029190522 10.209729595918034 -2.5615817833014907 0.4084509834235093 17.041609831527385 4.878254694021769 8.686300437634173 -0.9268125247665537 2.695490960654734 18.573716540953953 -3.6870101725796722 4.446078870900934 -0.006333653708843201 -9.480245903320304 -7.3307566078306134 -10.840534583793476 -1.786815554107033
20.561122244488978 7.881181021908361 -1.000647791290934 2.474422986746916 0.5064991752429293 -4.523837839816185 -3.1061618749690645 11.42108759847283 18.08003169636775 31.968627000396925 14.045614228442318 16.55863073492195 5.840697714779146 10.21715028150664 -2.5541610977128846 0.41587166901211536 17.04903051711601 4.885675379610393 8.693721123222797 -0.9193918391779299 2.70291164624334 18.581137226542577 -3.6795894869910484 4.453499556489557 0.0010870318797806533 -9.47282521773168 -7.32333592224199 -10.833113898204852 -1.7793948685184091
20.62124248496994 7.888579199220036 -0.993249613979259 2.4818211640585908 0.5138973525546042 -4.51643966250451 -3.0987636976573896 11.428485775784505 18.087429873679426 31.976025177708603 14.053012405753993 16.566028912233644 5.848095892090821 10.224548458818315 -2.5467629204012097 0.4232698463237903 17.056428694427684 4.893073556922068 8.701119300534472 -0.911993661866255 2.7103098235550327 18.58853540385425 -3.6721913096793735 4.460897733801232 0.008485209191455567 -9.465427040420005 -7.315937744930315 -10.825715720893177 -1.7719966912067342
20.6813627254509 7.895955084414119 -0.9858737287851582 2.4891970492526916 0.521273237748705 -4.509063777310409 -3.0913878124632888 11.435861660978606 18.094805758873527 31.983401062902697 14.060388290948076 16.573404797427727 5.855471777284904 10.231924344012416 -2.539387035207109 0.4306457315178911 17.063804579621785 4.900449442116169 8.708495185728573 -0.9046177766721719 2.7176857087491157 18.595911289048352 -3.6648154244852904 4.468273618995333 0.01586109438553862 -9.458051155225904 -7.308561859736214 -10.818339835699094 -1.7646208060126511
20.741482965931862 7.903308914784599 -0.9785198984146781 2.496550879623154 0.5286270681191674 -4.501709946939947 -3.0840339820928087 11.443215491349086 18.10215958924399 31.990754893273166 14.067742121318556 16.580758627798208 5.862825607655384 10.239278174382896 -2.5320332048366287 0.4379995618883712 17.071158409992247 4.907803272486631 8.715849016099035 -0.8972639463016918 2.725039539119596 18.603265119418815 -3.6574615941148103 4.4756274493657955 0.023214924756018718 -9.450697324855442 -7.3012080293657515 -10.810986005328614 -1.757266975642171
20.801603206412825 7.910640941908742 -0.9711878712905531 2.5038829067472967 0.5359590952433102 -4.494377919815804 -3.0767019549686836 11.450547518473211 18.109491616368132 31.998086920397302 14.075074148442681 16.588090654922333 5.870157634779527 10.246610201507021 -2.5247011777125037 0.44533158901249625 17.07849043711639 4.915135299610774 8.723181043223178 -0.889931919177549 2.732371566243721 18.610597146542958 -3.6501295669906675 4.482959476489938 0.030546951880161544 -9.4433652977313 -7.293876002241609 -10.803653978204471 -1.7499349485180282
