web/models/kne/35/mosfit_kn_0.268580_0.1083_10.0000.dat
# %ECSV 1.0
# ---
# datatype:
# - {name: time, datatype: float64}
# - {name: PS1_g, datatype: float64}
# - {name: PS1_i, datatype: float64}
# - {name: PS1_r, datatype: float64}
# - {name: PS1_w, datatype: float64}
# - {name: PS1_y, datatype: float64}
# - {name: PS1_z, datatype: float64}
# - {name: swift_uvot_B, datatype: float64}
# - {name: swift_uvot_U, datatype: float64}
# - {name: swift_uvot_uvm2, datatype: float64}
# - {name: swift_uvot_uvw1, datatype: float64}
# - {name: swift_uvot_uvw2, datatype: float64}
# - {name: swift_uvot_V, datatype: float64}
# - {name: johnson_B, datatype: float64}
# - {name: johnson_I, datatype: float64}
# - {name: johnson_R, datatype: float64}
# - {name: johnson_U, datatype: float64}
# - {name: johnson_V, datatype: float64}
# - {name: sdss_g, datatype: float64}
# - {name: sdss_i, datatype: float64}
# - {name: sdss_r, datatype: float64}
# - {name: sdss_u, datatype: float64}
# - {name: sdss_z, datatype: float64}
# - {name: ATLAS_c, datatype: float64}
# - {name: ATLAS_o, datatype: float64}
# - {name: ukirt_H, datatype: float64}
# - {name: ukirt_J, datatype: float64}
# - {name: ukirt_K, datatype: float64}
# - {name: Clear, datatype: float64}
# meta: !!omap
# - comment: [kappa = 10.0, type = rprocess, mass = 0.2685795883840597, velocity = 0.10833333333333334, theta_obs = 0.0, tfloor = 1000.0]
# schema: astropy-2.0
time PS1_g PS1_i PS1_r PS1_w PS1_y PS1_z swift_uvot_B swift_uvot_U swift_uvot_uvm2 swift_uvot_uvw1 swift_uvot_uvw2 swift_uvot_V johnson_B johnson_I johnson_R johnson_U johnson_V sdss_g sdss_i sdss_r sdss_u sdss_z ATLAS_c ATLAS_o ukirt_H ukirt_J ukirt_K Clear
[from data line 427]
25.7314629258517 -3.12162442806045 -9.324616658177263 -6.9125639812586925 -7.953501837254873 -11.681129245571107 -10.754809761986674 -0.6570706929173042 3.6549272107517083 14.651342240674335 2.738523991394857 4.7683528290928265 -4.6825871023874415 -1.2862001979096365 -10.490469606278296 -8.163866517022626 3.0117904953436248 -5.164844598721065 -2.5493845180841035 -9.268899262747912 -6.79198607982574 4.2507984099910345 -11.081837042385487 -5.3456392550371845 -8.45632500611945 -14.748809026804995 -13.452676696336654 -15.492855314516214 -9.34811180998496
25.791583166332664 -3.087569102633836 -9.303125325618478 -6.886043337302752 -7.9311219982094805 -11.66512161197124 -10.736525141936113 -0.6179962875090717 3.7048267007703117 14.716245392421389 2.774946642592973 4.806349738322645 -4.650876934776147 -1.24944424231661 -10.470747160193465 -8.14065550620371 3.060000313812352 -5.134944673184447 -2.514187454135808 -9.247276712730486 -6.765009648694438 4.300287627682486 -11.064563872126119 -5.31707803376376 -8.43395385602383 -14.741506376862944 -13.441406112552928 -15.488392063333512 -9.329679369708739
25.851703406813627 -3.0782617876091933 -9.298430338143078 -6.879502156160253 -7.926101629265734 -11.662439741897224 -10.733007290042025 -0.6068463111660904 3.7199511494515214 14.736873028052507 2.78512010114703 4.8171032174742265 -4.64243021097649 -1.2391463943631857 -10.466701678622254 -8.135330531461708 3.0745042011094514 -5.127163476273712 -2.5044610188091454 -9.242533576257195 -6.758300994085431 4.315261450044172 -11.061417663673758 -5.309788134556364 -8.428936626029309 -14.742020573730375 -13.440463509357981 -15.489948811317616 -9.326108751639968
25.91182364729459 -3.018098803880971 -9.259205022958845 -6.831896724063693 -7.885404590065175 -11.632353066060155 -10.699125104827854 -0.5383177424778041 3.8065252775695235 14.848396884513267 2.849195320296705 4.883825575513786 -4.586171651273461 -1.1744928705693563 -10.430425710143709 -8.093254284380109 3.158259451895702 -5.073932658711279 -2.442395572412188 -9.203089836593197 -6.7099343002863066 4.401151716304188 -11.029224806134152 -5.258786523671262 -8.388253502678218 -14.72644518869236 -13.418274010575997 -15.479107352983872 -9.291997129532668
25.97194388777555 -2.99470021977438 -9.244934567060223 -6.813973166007052 -7.8704952422960694 -11.622066796848305 -10.68718382902155 -0.5112716238736426 3.841440419989315 14.89417293081734 2.8742894780102373 4.9100810285011285 -4.564474127314278 -1.149139629691142 -10.417441539177467 -8.077745478034359 3.1919447121618094 -5.053558506443154 -2.4181676475684633 -9.188724231063254 -6.691678337874389 4.435768665688471 -11.018021176661765 -5.239383684569923 -8.373350055222453 -14.722486758663106 -13.411431554000542 -15.477213402479284 -9.279960991442877
26.03206412825651 -2.960293304398096 -9.223185495003285 -6.787158742877004 -7.847862957975629 -11.60584257928818 -10.66866434720195 -0.4718063106864278 3.891819357996358 14.959596181690081 2.911037586703849 4.948446728317691 -4.532424909813398 -1.112025302781156 -10.39747660857427 -8.05428378290901 3.240617237692305 -5.023347782308833 -2.3826107684527464 -9.166843293282216 -6.664402454267115 4.48573404652425 -11.000525739976332 -5.210519300358545 -8.350725790975648 -14.715038660242922 -13.399983727336211 -15.472628730952847 -9.261315137004136
26.092184368737474 -2.9019412577341264 -9.18517269543317 -6.741007547462168 -7.808437579232397 -11.576707479460104 -10.635840399675676 -0.4053251834444815 3.975841317287667 15.067752502376216 2.97312726607812 5.013153191007294 -4.477858576297547 -1.049330352310584 -10.362331793430261 -8.013530193018472 3.321894923744917 -4.9717438884716865 -2.3224110784580176 -9.128618793307783 -6.617508499908666 4.569091330664854 -10.969350107041258 -5.161077355235797 -8.311312918573943 -14.700008838122095 -13.378525762102809 -15.462201557944153 -9.228300671240461
26.152304609218437 -2.8969695708987686 -9.183400961268955 -6.737955504586228 -7.806444344049748 -11.576332474089774 -10.634884953038846 -0.3990744459276307 3.984852215254282 15.080556010972131 2.9786842725261313 5.019123857927795 -4.4734821845011234 -1.0436762421300865 -10.361011403719768 -8.01132850225856 3.330473806386809 -4.967834501066261 -2.3171487236791144 -9.126813773710154 -6.614339458386951 4.577997637882625 -10.968654305587204 -5.15750794221546 -8.30932160952159 -14.70185337840229 -13.379358837627107 -15.464770401503836 -9.227316654280244
26.2124248496994 -2.8450405761726927 -9.149739308832618 -6.696985548941523 -7.771522050308803 -11.550644273127304 -10.605882820558055 -0.3398432548880869 4.0598426284916656 15.177174116537305 3.0339405501862164 5.076751762204768 -4.424949917988077 -0.9878559228624122 -10.329926971057272 -7.975218885136475 3.4029966382789634 -4.921973014581657 -2.2635605182296814 -9.09296221777744 -6.572700868627397 4.652390880328259 -10.941136045058713 -5.113586373428358 -8.274410102814258 -14.688837690019994 -13.36056839314624 -15.455890387245217 -9.19815870785973
26.27254509018036 -2.8022735173789215 -9.122293665196448 -6.6634108557344085 -7.74302406408605 -11.52988627730954 -10.582344789500766 -0.29095086474485327 4.121956053187166 15.257397453221518 3.0794798911606596 5.124293598001422 -4.385029729879808 -0.9418308247070544 -10.30464379216647 -7.94572857523636 3.4630386247313605 -4.8842992290436955 -2.2194019642005713 -9.065357441690693 -6.538564412225227 4.714003298036662 -10.918844757098523 -5.077538492625759 -8.245920898828132 -14.678711088608246 -13.34559743156907 -15.449233678119539 -9.174499520596946
26.33266533066132 -2.795471179428617 -9.119266973879459 -6.658873879554363 -7.739738741797275 -11.528507625715267 -10.58028098122687 -0.28263896245321546 4.133526462623074 15.27342650108293 3.0869628304236234 5.132271873131128 -4.378928655170935 -0.934226414180021 -10.302150116805688 -7.942199211188499 3.474098318488472 -4.878752621116591 -2.212256740623424 -9.062291555968738 -6.53388886730097 4.725450223861198 -10.917088487276772 -5.07239238813991 -8.242637704776108 -14.67995267942667 -13.345645106934432 -15.451330514828106 -9.172407187118399
26.392785571142284 -2.7384654319805612 -9.082142141842393 -6.61379715041182 -7.701256597255011 -11.500060695443182 -10.54822583051946 -0.21768384129461466 4.215642434736626 15.378992618249342 3.1475356313508844 5.195465004802401 -4.325613578940442 -0.8730025423195402 -10.267832703611052 -7.902435299164712 3.5535234325834852 -4.828362913245027 -2.153445636042619 -9.02496047747757 -6.488081625507842 4.806915841895059 -10.886654686416115 -5.024110441847345 -8.204166540029156 -14.66530510741698 -13.324710100275839 -15.441187349177772 -9.140210491356253
26.452905811623246 -2.694199022096715 -9.053663458965655 -6.5790044770795575 -7.671705445762083 -11.478473304447991 -10.523772522953632 -0.16710393114853445 4.279853573727852 15.461793559653497 3.194614781284493 5.244639445351954 -4.284275751292086 -0.8253927301447244 -10.24158437491674 -7.871870187820805 3.615595739648032 -4.789355092667919 -2.1077457224918383 -8.996318172642592 -6.452707803373521 4.870610344903081 -10.863491295362149 -4.986775060077306 -8.174623846050633 -14.654678726877105 -13.309089832664752 -15.434139235923235 -9.115655112673267
26.51302605210421 -2.675089436923095 -9.042266065540687 -6.564522979064726 -7.659785885721497 -11.470442269537209 -10.51434132388989 -0.14490999637245422 4.308707404352141 15.499718034887092 3.215091991500181 5.266144822441753 -4.266596043113602 -0.8046519342528884 -10.231276795825625 -7.859456580744049 3.643404126459895 -4.772815806300003 -2.087935932144074 -8.984840903220519 -6.437942085503892 4.899211741354534 -10.85469097720896 -4.971052298073477 -8.162708336576152 -14.6520029424685 -13.303974269614114 -15.433211809376742 -9.106177366290584
26.573146292585168 -2.6139006603554904 -9.002283730816458 -6.516060985687755 -7.61837354500976 -11.439716543112173 -10.479764903757847 -0.07523925743865617 4.39669489672772 15.612612548192747 3.280019885869479 5.33391551197775 -4.2093366396038805 -0.7389845911921926 -10.194292175870327 -7.816690047591355 3.7285147601570645 -4.718699800118348 -2.024821955753584 -8.944639108367127 -6.388697442511901 4.98650488996411 -10.821851901844912 -4.9191799538301595 -8.121306871716545 -14.636005648768894 -13.281267237637733 -15.422023369493514 -9.071484126490112
26.63326653306613 -2.59521663050716 -8.991166849213847 -6.501918568640388 -7.606748444820255 -11.43190273005585 -10.470576818368436 -0.053528294083459105 4.424943234228227 15.649736221585076 3.300030557170999 5.354946111195883 -4.1920538895693875 -0.7187048838694958 -10.184245337773483 -7.804583261798357 3.7557357683450365 -4.702541395502348 -2.0054510147470417 -8.933443979409788 -6.3742753535630925 5.014505382436294 -10.813284678494188 -4.903821596662734 -8.10968556262699 -14.633448458415504 -13.27631543989156 -15.421182608170872 -9.062258311376095
26.693386773547093 -2.5769359525527236 -8.980320044231487 -6.488099659901394 -7.5954034195932785 -11.4243008227281 -10.461624730869179 -0.03227384528121319 4.4526206140689695 15.686126350838322 3.3196106350573733 5.375530974997332 -4.175149379411736 -0.6988578711966513 -10.174449914991943 -7.792765823649639 3.7824035159733316 -4.6867428004560425 -1.9864955562065667 -8.922520337652333 -6.360181495877395 5.041939239505275 -10.80494299002348 -4.888808664114013 -8.098344217420479 -14.631011121469847 -13.271525490120977 -15.420431710897391 -9.053271178612423
26.753507014028056 -2.5156801196443546 -8.940276735151116 -6.439576256244646 -7.5539441238048255 -11.393516830684867 -10.42698739773856 0.03746843197116051 4.540694478115359 15.799027990334139 3.38455325858428 5.44335607553673 -4.117818092656134 -0.6331392573739374 -10.137407724538196 -7.749962816864049 3.867594233004439 -4.632574713912178 -1.9233144183698059 -8.882257952660009 -6.310872425399712 5.129317970067451 -10.77204999982289 -4.836880829931385 -8.056895190043871 -14.614967076144683 -13.248767301057567 -15.409201218540234 -9.01854481930286
26.81362725450902 -2.4769367508345574 -8.915520740314822 -6.409229193945567 -7.528259018884604 -11.374866365473402 -10.405795578998998 0.08180833868025489 4.597125147260428 15.871802487915648 3.4257106967329958 5.486426566801633 -4.081660652928652 -0.5914586294557405 -10.114631455604723 -7.723395193794976 3.9221220177586136 -4.5985091213063685 -1.883301664623751 -8.857357645253128 -6.280006411534682 5.18529006899465 -10.752010472121345 -4.8042910926410975 -8.031216676070976 -14.606038326485605 -13.235410515897657 -15.403447537637616 -8.997303160030192
26.873747494989978 -2.4501885258262845 -8.89890901736889 -6.388566002406897 -7.510976242229805 -11.362679256391033 -10.391766535601956 0.11261263037451458 4.636693000387435 15.923201002901767 3.454199983467579 5.516308341895307 -4.056785492779274 -0.5625845156102687 -10.099454821043416 -7.705474619678452 3.960309994349138 -4.575152908969657 -1.8556336032354181 -8.840641412531127 -6.258966701521391 5.224525495200147 -10.738817517763781 -4.782003732330953 -8.013938590821539 -14.600897580788315 -13.227060435717009 -15.400608247598305 -8.983242383631573
26.93386773547094 -2.389419998978539 -8.85918040794186 -6.3404287839638585 -7.4698607906092995 -11.33213463036208 -10.357398036130974 0.18180100039287056 4.724075581318328 16.035103891424352 3.5185599647789805 5.583575001448505 -3.99990232926734 -0.49741063824996373 -10.06270604042551 -7.663040046343668 4.0448260655604145 -4.5214306318062265 -1.792956009426323 -8.80069607049359 -6.210046784286725 5.311217775706609 -10.706187233695594 -4.730498152196123 -7.972832660555724 -14.584981833662257 -13.204482186533857 -15.38947091203738 -8.948819740369078
26.993987975951903 -2.3763221050686845 -8.851833962985811 -6.330783972192222 -7.462136651629159 -11.32729870673467 -10.351516671316645 0.19720072720356258 4.744449806997402 16.062172519678356 3.5326343744838877 5.5984478051065665 -3.9878659546915722 -0.4831102089910682 -10.056174410272362 -7.65495642866694 4.0644161503168945 -4.510260209157157 -1.7793363022963327 -8.79329042547596 -6.200187739700098 5.331403229972906 -10.700781678845281 -4.719933235736615 -7.965111075683531 -14.584145553302859 -13.201824414398187 -15.38994117403053 -8.942926320709734
27.054108216432866 -2.358105241210726 -8.841005955687784 -6.317003392019043 -7.450824308599788 -11.319695950826567 -10.342570747574946 0.2183748646715678 4.7720152541199745 16.09833293487277 3.5521024731542465 5.618944000651492 -3.971012455984895 -0.4633495288547745 -10.04639334979861 -7.643182970268161 4.090973865297006 -4.49452038867008 -1.7604490977301168 -8.782386393071562 -6.1861317629082 5.3587261170312495 -10.692447437467028 -4.704971019579087 -7.953801984522979 -14.581681562638396 -13.197020214269093 -15.389155892531326 -8.933966635665751
27.11422845691383 -2.297783332665304 -8.801566134566787 -6.2692199019183015 -7.4100210414788314 -11.289371185856076 -10.308449400668387 0.2870552277681682 4.858762099418978 16.20933846940044 3.615940638867699 5.685702306305803 -3.9145414374665437 -0.3986710795534381 -10.009913329110624 -7.60108081938115 4.1748705641188515 -4.441204063807473 -1.698232883456221 -8.742731889172362 -6.137568910269877 5.444787159037503 -10.66005730709957 -4.65385056221729 -7.91300773662968 -14.565882455964266 -13.174606406684857 -15.378102300470767 -8.899816860695466
27.174348697394787 -2.2524398290692638 -8.772298023386167 -6.233529468686623 -7.379708695269063 -11.267119977495081 -10.283274941597593 0.33883393702423775 4.924452334106704 16.293671381972917 3.66397105382708 5.735995303150837 -3.872160218844603 -0.349980402181082 -9.982924688762608 -7.569772918445577 4.238364552955137 -4.401258689910141 -1.6514312977202827 -8.713298689610163 -6.101277459980956 5.509949148801212 -10.636218090077918 -4.615593794340942 -7.882702171234328 -14.5548160377289 -13.158446985041861 -15.370690274215837 -8.87463101052239
27.23446893787575 -2.2339416498040876 -8.76126665485529 -6.219515245752252 -7.368193873329769 -11.259347859772095 -10.27414484227025 0.36032139664846313 4.952402588906342 16.33027148061499 3.683711389284419 5.756790883055395 -3.8550373367124573 -0.3299294456636164 -9.972952389621714 -7.5577969665836635 4.265294041239088 -4.3852693878000055 -1.6322559142379234 -8.702190692592424 -6.086983762902403 5.537653948500871 -10.627708939730507 -4.600388282203838 -7.871190453734869 -14.55223989924569 -13.153504951442068 -15.369811909222262 -8.865498714120275
27.294589178356713 -2.1710245226579694 -8.720047594454261 -6.169629035597346 -7.325575586404849 -11.227599930195105 -10.23845009862912 0.4319259276882271 5.042791433054621 16.445762433659056 3.750217078417944 5.826378475959185 -3.7961144247486382 -0.26250703214661214 -9.934811938643595 -7.513843338781457 4.352714298410863 -4.329648367549816 -1.5673710793009832 -8.660749146071307 -6.036284309204181 5.627329173451194 -10.593821321698247 -4.547042905041216 -7.828581035907725 -14.535593971037171 -13.129982955075688 -15.358100871333543 -8.829808684518508
