web/models/kne/35/mosfit_kn_0.095333_0.4843_3.6500.dat
# %ECSV 1.0
# ---
# datatype:
# - {name: time, datatype: float64}
# - {name: PS1_g, datatype: float64}
# - {name: PS1_i, datatype: float64}
# - {name: PS1_r, datatype: float64}
# - {name: PS1_w, datatype: float64}
# - {name: PS1_y, datatype: float64}
# - {name: PS1_z, datatype: float64}
# - {name: swift_uvot_B, datatype: float64}
# - {name: swift_uvot_U, datatype: float64}
# - {name: swift_uvot_uvm2, datatype: float64}
# - {name: swift_uvot_uvw1, datatype: float64}
# - {name: swift_uvot_uvw2, datatype: float64}
# - {name: swift_uvot_V, datatype: float64}
# - {name: johnson_B, datatype: float64}
# - {name: johnson_I, datatype: float64}
# - {name: johnson_R, datatype: float64}
# - {name: johnson_U, datatype: float64}
# - {name: johnson_V, datatype: float64}
# - {name: sdss_g, datatype: float64}
# - {name: sdss_i, datatype: float64}
# - {name: sdss_r, datatype: float64}
# - {name: sdss_u, datatype: float64}
# - {name: sdss_z, datatype: float64}
# - {name: ATLAS_c, datatype: float64}
# - {name: ATLAS_o, datatype: float64}
# - {name: ukirt_H, datatype: float64}
# - {name: ukirt_J, datatype: float64}
# - {name: ukirt_K, datatype: float64}
# - {name: Clear, datatype: float64}
# meta: !!omap
# - comment: [kappa = 3.65, type = rprocess, mass = 0.09533330950298248, velocity = 0.48433333333333334, theta_obs = 0.0, tfloor = 1000.0]
# schema: astropy-2.0
time PS1_g PS1_i PS1_r PS1_w PS1_y PS1_z swift_uvot_B swift_uvot_U swift_uvot_uvm2 swift_uvot_uvw1 swift_uvot_uvw2 swift_uvot_V johnson_B johnson_I johnson_R johnson_U johnson_V sdss_g sdss_i sdss_r sdss_u sdss_z ATLAS_c ATLAS_o ukirt_H ukirt_J ukirt_K Clear
[from data line 347]
20.92184368737475 8.560936743476173 -0.32089206972310436 3.1541787083147277 1.186254896810759 -3.844082118248373 -2.426406153401235 12.10084332004066 18.75978741793558 32.648382721964744 14.72536995001013 17.23838645648978 6.5204534363469575 10.89690600307447 -1.874405376145055 1.095627390579945 17.72878623868382 5.565431101178205 9.373476844790627 -0.23963611761011805 3.3826673678111696 19.260892948110406 -2.9998337654232365 5.133255278057387 0.6808427534475925 -8.793069496163868 -6.643580200674178 -10.15335817663704 -1.0996391469505973
20.98196392785571 8.57025133541967 -0.31157747777960765 3.1634933002582244 1.1955694887542379 -3.8347675263048764 -2.417091561457738 12.110157911984157 18.76910200987906 32.65769731390824 14.734684541953627 17.247701048433278 6.529768028290454 10.906220595017967 -1.8650907842015583 1.1049419825234417 17.738100830627317 5.574745693121701 9.382791436734106 -0.23032152566662134 3.3919819597546663 19.270207540053885 -2.99051917347974 5.142569870000866 0.6901573453910892 -8.783754904220372 -6.634265608730681 -10.144043584693543 -1.0903245550071006
21.04208416833667 8.579535317561042 -0.30229349563823504 3.172777282399597 1.2048534708956105 -3.825483544163504 -2.4078075793163656 12.11944189412553 18.778385992020432 32.66698129604961 14.743968524095 17.25698503057465 6.539052010431827 10.915504577159322 -1.8558068020601857 1.1142259646647965 17.74738481276869 5.584029675263074 9.392075418875478 -0.22103754352524874 3.401265941896039 19.279491522195258 -2.9812351913383672 5.151853852142239 0.6994413275324618 -8.774470922078999 -6.6249816265893084 -10.13475960255217 -1.081040572865728
21.102204408817634 8.588789087857691 -0.2930397253415862 3.1820310526962636 1.214107241192277 -3.816229773866837 -2.3985538090197167 12.128695664422178 18.7876397623171 32.67623506634627 14.753222294391648 17.2662388008713 6.548305780728476 10.924758347455988 -1.8465530317635368 1.1234797349614631 17.756638583065357 5.593283445559741 9.401329189172145 -0.21178377322859987 3.410519712192688 19.288745292491924 -2.9719814210417184 5.161107622438905 0.7086950978291107 -8.765217151782332 -6.615727856292642 -10.125505832255522 -1.071786802569079
21.162324649298597 8.59801297911094 -0.28381583408835453 3.1912549439494953 1.2233311324455087 -3.8070058826136055 -2.389329917766485 12.13791955567541 18.79686365357033 32.685458957599515 14.762446185644897 17.27546269212455 6.557529671981725 10.93398223870922 -1.8373291405102874 1.1327036262146948 17.76586247431859 5.602507336812972 9.410553080425377 -0.20255988197535046 3.419743603445937 19.297969183745156 -2.962757529788469 5.170331513692137 0.7179189890823601 -8.7559932605291 -6.60650396503941 -10.116281941002272 -1.0625629113158297
21.22244488977956 8.607207578679166 -0.27462123452011156 3.2004495435177382 1.2325257320137517 -3.7978112830453625 -2.380135318198242 12.147114155243653 18.806058253138573 32.69465355716775 14.771640785213123 17.284657291692774 6.56672427154995 10.943176838277463 -1.8281345409420622 1.1418982257829378 17.77505707388683 5.611701936381215 9.41974767999362 -0.19336528240712525 3.4289382030141624 19.3071637833134 -2.9535629302202437 5.17952611326038 0.7271135886505853 -8.746798660960858 -6.597309365471167 -10.107087341434047 -1.0533683117476045
21.28256513026052 8.616372483324994 -0.2654563298742829 3.209614448163549 1.2416906366595803 -3.7886463783995517 -2.3709704135524134 12.156279059889481 18.815223157784402 32.703818461813576 14.780805689858951 17.293822196338603 6.575889176195779 10.952341742923291 -1.8189696362962335 1.1510631304287664 17.784221978532642 5.620866841027026 9.428912584639448 -0.1842003777612966 3.438103107659991 19.316328687959228 -2.944398025574415 5.1886910179062085 0.7362784932964139 -8.737633756315047 -6.588144460825356 -10.097922436788219 -1.0442034071017758
21.34268537074148 8.625508510400461 -0.2563203027988159 3.218750475239034 1.2508266637350474 -3.7795103513240846 -2.3618343864769464 12.165415086964948 18.82435918485987 32.71295448888904 14.789941716934418 17.30295822341407 6.585025203271246 10.961477769998758 -1.8098336092207665 1.1601991575042334 17.793358005608127 5.630002868102511 9.438048611714915 -0.1750643506858296 3.447239134735458 19.325464715034695 -2.935261998498948 5.1978270449816755 0.7454145203718809 -8.728497729239562 -6.5790084337498715 -10.088786409712752 -1.0350673800263088
21.402805611222444 8.634615917145485 -0.24721289605379226 3.22785788198404 1.2599340704800532 -3.770402944579061 -2.352726979731923 12.174522493709972 18.833466591604875 32.722061895634056 14.799049123679442 17.312065630159093 6.59413261001627 10.970585176743782 -1.8007262024757429 1.169306564249257 17.802465412353133 5.639110274847517 9.447156018459921 -0.16595694394080596 3.4563465414804817 19.3345721217797 -2.9261545917539244 5.206934451726681 0.7545219271169046 -8.719390322494556 -6.569901027004866 -10.079679002967728 -1.0259599732812852
21.462925851703407 8.643695085649039 -0.2381337275502382 3.2369370504876116 1.269013238983625 -3.761323776075507 -2.3436478112283687 12.183601662213526 18.842545760108447 32.73114106413762 14.808128292182996 17.321144798662647 6.603211778519824 10.979664345247336 -1.7916470339721888 1.178385732752811 17.811544580856687 5.648189443351089 9.456235186963493 -0.1568777754372519 3.4654257099840358 19.343651290283272 -2.9170754232503704 5.216013620230253 0.7636010956204586 -8.710311153990984 -6.560821858501294 -10.070599834464174 -1.0168808047777311
21.52304609218437 8.652746327290206 -0.22908248590908897 3.245988292128761 1.2780644806247743 -3.75227253443434 -2.3345965695872195 12.192652903854675 18.851597001749596 32.74019230577877 14.817179533824145 17.330196040303797 6.612263020160991 10.988715586888485 -1.7825957923310396 1.1874369743939603 17.820595822497854 5.657240684992238 9.465286428604642 -0.1478265337960849 3.474476951625185 19.35270253192442 -2.9080241816092034 5.225064861871402 0.7726523372616256 -8.701259912349835 -6.551770616860145 -10.061548592823007 -1.0078295631365641
21.58316633266533 8.661769817620897 -0.2200589955783805 3.2550117824594516 1.287087970955465 -3.7432490441036492 -2.325573079256511 12.201676394185384 18.860620492080287 32.74921579610947 14.826203024154854 17.339219530634505 6.621286510491681 10.997739077219194 -1.7735723020003311 1.1964604647246688 17.829619312828545 5.666264175322929 9.474309918935333 -0.13880304346539418 3.4835004419558935 19.361726022255112 -2.8990006912785127 5.234088352202093 0.7816758275923164 -8.692236422019144 -6.542747126529454 -10.052525102492316 -0.9988060728058734
21.64328657314629 8.67076589328974 -0.21106291990953707 3.2640078581283127 1.2960840466243262 -3.734252968434788 -2.3165770035876676 12.210672469854227 18.869616567749148 32.75821187177832 14.835199099823697 17.34821560630335 6.630282586160543 11.006735152888037 -1.7645762263314877 1.2054565403935122 17.838615388497406 5.67526025099179 9.483305994604194 -0.129806967796533 3.492496517624737 19.370722097923974 -2.8900046156096515 5.243084427870954 0.7906719032611598 -8.683240346350283 -6.533751050860593 -10.043529026823455 -0.9898099971370122
21.703406813627254 8.679734905932772 -0.2020939072665051 3.2729768707713447 1.3050530592673582 -3.725283955791756 -2.3076079909446356 12.21964148249726 18.87858558039218 32.76718088442135 14.844168112466729 17.35718461894638 6.6392515988035745 11.01570416553107 -1.7556072136884557 1.2144255530365442 17.847584401140438 5.684229263634822 9.492275007247226 -0.1208379551535188 3.501465530267769 19.379691110567006 -2.8810356029666373 5.252053440513986 0.7996409159041917 -8.674271333707251 -6.524782038217561 -10.03456001418044 -0.9808409844939803
21.763527054108216 8.688677093892085 -0.19315171930719188 3.281919058730658 1.3139952472266714 -3.716341767832443 -2.2986658029853224 12.228583670456572 18.887527768351493 32.77612307238066 14.853110300426042 17.366126806905694 6.648193786762888 11.024646353490382 -1.7466650257291425 1.2233677409958574 17.85652658909975 5.693171451594135 9.50121719520654 -0.11189576719420558 3.510407718227082 19.38863329852632 -2.872093415007324 5.2609956284732995 0.808583103863505 -8.665329145747938 -6.5158398502582475 -10.025617826221128 -0.9718987965346848
21.82364729458918 8.697592795308235 -0.1842360178910596 3.29083476014679 1.3229109486428037 -3.7074260664163106 -2.28975010156919 12.237499371872705 18.896443469767625 32.785038773796806 14.862026001842192 17.375042508321826 6.65710948817902 11.033562054906515 -1.7377493243130102 1.2322834424119897 17.865442290515883 5.702087153010267 9.510132896622672 -0.10298006577805552 3.519323419643232 19.39754899994245 -2.863177713591174 5.269911329889432 0.817498805279655 -8.656413444331806 -6.506924148842115 -10.016702124804977 -0.9629830951185347
21.883767535070138 8.706482292200768 -0.17534652099850945 3.2997242570393226 1.3318004455353538 -3.698536569523778 -2.28086060467664 12.246388868765255 18.905332966660175 32.79392827068935 14.870915498734725 17.383932005214376 6.665998985071552 11.042451551799065 -1.72885982742046 1.2411729393045399 17.874331787408416 5.7109766499028 9.519022393515222 -0.09409056888552314 3.5282129165357645 19.406438496835 -2.8542882166986416 5.278800826781982 0.8263883021721874 -8.647523947439273 -6.498034651949583 -10.007812627912445 -0.9540935982260024
21.9438877755511 8.715345748086367 -0.16648306511292787 3.308587712924922 1.3406639014209354 -3.689673113638179 -2.2719971487910584 12.255252324650836 18.914196422545757 32.80279172657493 14.879778954620306 17.392795461099958 6.674862440957152 11.051315007684646 -1.7199963715348785 1.2500363951901214 17.883195243294015 5.719840105788399 9.527885849400803 -0.0852271129999238 3.537076372421346 19.415301952720583 -2.8454247608130423 5.2876642826675635 0.835251758057769 -8.638660491553674 -6.4891711960639835 -9.998949172026846 -0.945230142340403
22.004008016032063 8.724183492808546 -0.15764532039074908 3.3174254576471007 1.3495016461431142 -3.680835368916 -2.2631594040688796 12.264090069373015 18.923034167267936 32.81162947129711 14.888616699342485 17.401633205822137 6.6837001856793306 11.060152752406825 -1.7111586268126997 1.2588741399123002 17.892032988016194 5.728677850510578 9.536723594122982 -0.076389368277745 3.545914117143525 19.42413969744276 -2.8365870160908635 5.296502027389742 0.8440895027799655 -8.629822746831495 -6.480333451341805 -9.990111427304667 -0.9363923976182242
22.064128256513026 8.732995771558514 -0.1488330416407635 3.3262377363970863 1.3583139248930998 -3.6720230901660145 -2.254347125318894 12.272902348123 18.93184644601792 32.820441750047095 14.89742897809247 17.410445484572122 6.692512464429316 11.06896503115681 -1.7023463480627141 1.2676864186622858 17.90084526676618 5.737490129260563 9.545535872872968 -0.06757708952777719 3.5547263958935105 19.432951976192747 -2.8277747373408957 5.305314306139728 0.8529017815299333 -8.62101046808151 -6.471521172591819 -9.9812991485547 -0.9275801188682564
22.12424849699399 8.741782873276005 -0.1400459399232723 3.3350248381145775 1.367101026610591 -3.6632359884485233 -2.245560023601403 12.281689449840492 18.940633547735413 32.82922885176458 14.906216079809962 17.419232586289613 6.701299566146807 11.077752132874302 -1.693559246345223 1.276473520379777 17.90963236848367 5.7462772309780545 9.554322974590459 -0.05878998781028599 3.5635134976110017 19.44173907791024 -2.8189876356234045 5.314101407857219 0.8616888832474245 -8.612223366364018 -6.462734070874328 -9.972512046837208 -0.9187930171507652
22.184368737474948 8.750545120662707 -0.13128369253657013 3.3437870855012797 1.3758632739972931 -3.654473741061839 -2.2367977762147007 12.290451697227194 18.949395795122115 32.83799109915129 14.914978327196664 17.427994833676316 6.710061813533492 11.086514380261004 -1.6847969989585208 1.2852357677664792 17.918394615870355 5.755039478364757 9.563085221977161 -0.05002774042358382 3.572275744997704 19.45050132529694 -2.8102253882367023 5.322863655243921 0.8704511306341267 -8.603461118977316 -6.453971823487626 -9.963749799450506 -0.910030769764063
22.24448897795591 8.75928267901017 -0.12254613418910765 3.352524643848742 1.3846008323447556 -3.6457361827143586 -2.228060217867238 12.299189255574657 18.958133353469577 32.84672865749875 14.923715885544127 17.436732392023778 6.718799371880972 11.095251938608467 -1.6760594406110583 1.2939733261139417 17.927132174217835 5.763777036712219 9.571822780324624 -0.04129018207612134 3.5810133033451663 19.459238883644403 -2.80148782988924 5.331601213591384 0.8791886889815892 -8.594723560629854 -6.445234265140163 -9.955012241103043 -0.9012932114165828
22.304609218436873 8.767995765500789 -0.11383304769848834 3.3612377303393615 1.393313918835375 -3.6370230962237393 -2.219347131376619 12.307902342065276 18.966846439960197 32.85544174398937 14.932428972034746 17.445445478514397 6.727512458371591 11.103965025099086 -1.667346354120439 1.302686412604561 17.935845260708454 5.7724901232028385 9.580535866815243 -0.032577095585502036 3.5897263898357856 19.467951970135022 -2.7927747433986205 5.340314300082003 0.8879017754722085 -8.586010474139234 -6.436521178649544 -9.946299154612424 -0.8925801249259813
22.364729458917836 8.776684647821895 -0.1051441653773999 3.36992661266045 1.4020028011564634 -3.628334213902651 -2.2106582490555304 12.316591224386382 18.975535322281285 32.86413062631046 14.941117854355852 17.454134360835504 6.73620134069268 11.112653907420174 -1.6586574717993328 1.3113752949256494 17.944534143029543 5.781179005523927 9.589224749136331 -0.02388821326439583 3.598415272156892 19.47664085245611 -2.7840858610775143 5.3490031824030915 0.8965906577933147 -8.577321591818146 -6.4278322963284555 -9.937610272291318 -0.8838912426048751
22.4248496993988 8.78534953713995 -0.09647927605932693 3.378591501978505 1.4106676904745186 -3.6196693245845957 -2.2019933597374575 12.325256113704437 18.98420021159934 32.87279551562852 14.949782743673907 17.46279925015356 6.744866230010735 11.121318796738247 -1.6499925824812776 1.3200401842437224 17.953199032347598 5.789843894841982 9.597889638454387 -0.015223323946340628 3.607080161474947 19.485305741774166 -2.775420971759459 5.357668071721147 0.9052555471113699 -8.56865670250009 -6.4191674070104 -9.928945382973263 -0.8752263532868199
22.484969939879758 8.793990773984994 -0.08783803921428301 3.387232738823567 1.4193089273195802 -3.6110280877395518 -2.1933521228924135 12.333897350549481 18.992841448444402 32.881436752473576 14.958423980518951 17.471440486998603 6.753507466855779 11.129960033583291 -1.6413513456362336 1.3286814210887663 17.961840269192642 5.798485131687044 9.606530875299448 -0.0065820871012967075 3.615721398319991 19.493946978619228 -2.766779734914415 5.366309308566208 0.9138967839564138 -8.56001546565503 -6.410526170165356 -9.920304146128219 -0.8665851164417759
22.54509018036072 8.802608533932652 -0.07922027926662523 3.3958504987712246 1.427926687267238 -3.602410327791876 -2.1847343629447558 12.34251511049714 19.00145920839206 32.89005451242123 14.967041740466609 17.48005824694626 6.762125226803437 11.13857779353095 -1.6327335856885759 1.337299181036424 17.970458029140318 5.807102891634702 9.615148635247106 0.0020356728463610807 3.6243391582676487 19.502564738566885 -2.7581619749667574 5.374927068513866 0.9225145439040716 -8.551397705707371 -6.401908410217681 -9.91168638618056 -0.8579673564941181
22.605210420841683 8.811203039579336 -0.07062577361994116 3.404445004417891 1.4365211929139043 -3.59381582214521 -2.1761398572980717 12.351109616143823 19.010053714038726 32.89864901806791 14.975636246113293 17.488652752592944 6.770719732450121 11.147172299177633 -1.6241390800418918 1.3458936866831082 17.979052534786984 5.815697397281368 9.623743140893772 0.01063017849304515 3.632933663914333 19.51115924421355 -2.7495674693200733 5.3835215741605325 0.9311090495507557 -8.542803200060705 -6.393313904571015 -9.903091880533877 -0.8493728508474341
