web/models/kne/35/mosfit_kn_0.009764_0.0613_10.0000.dat
# %ECSV 1.0
# ---
# datatype:
# - {name: time, datatype: float64}
# - {name: PS1_g, datatype: float64}
# - {name: PS1_i, datatype: float64}
# - {name: PS1_r, datatype: float64}
# - {name: PS1_w, datatype: float64}
# - {name: PS1_y, datatype: float64}
# - {name: PS1_z, datatype: float64}
# - {name: swift_uvot_B, datatype: float64}
# - {name: swift_uvot_U, datatype: float64}
# - {name: swift_uvot_uvm2, datatype: float64}
# - {name: swift_uvot_uvw1, datatype: float64}
# - {name: swift_uvot_uvw2, datatype: float64}
# - {name: swift_uvot_V, datatype: float64}
# - {name: johnson_B, datatype: float64}
# - {name: johnson_I, datatype: float64}
# - {name: johnson_R, datatype: float64}
# - {name: johnson_U, datatype: float64}
# - {name: johnson_V, datatype: float64}
# - {name: sdss_g, datatype: float64}
# - {name: sdss_i, datatype: float64}
# - {name: sdss_r, datatype: float64}
# - {name: sdss_u, datatype: float64}
# - {name: sdss_z, datatype: float64}
# - {name: ATLAS_c, datatype: float64}
# - {name: ATLAS_o, datatype: float64}
# - {name: ukirt_H, datatype: float64}
# - {name: ukirt_J, datatype: float64}
# - {name: ukirt_K, datatype: float64}
# - {name: Clear, datatype: float64}
# meta: !!omap
# - comment: [kappa = 10.0, type = rprocess, mass = 0.009763877790252312, velocity = 0.061333333333333344, theta_obs = 0.0, tfloor = 1000.0]
# schema: astropy-2.0
time PS1_g PS1_i PS1_r PS1_w PS1_y PS1_z swift_uvot_B swift_uvot_U swift_uvot_uvm2 swift_uvot_uvw1 swift_uvot_uvw2 swift_uvot_V johnson_B johnson_I johnson_R johnson_U johnson_V sdss_g sdss_i sdss_r sdss_u sdss_z ATLAS_c ATLAS_o ukirt_H ukirt_J ukirt_K Clear
[from data line 347]
20.92184368737475 8.55056829165795 -0.33126052154134555 3.1438102564965043 1.1758864449925177 -3.8544505700665965 -2.436774605219476 12.090474868222419 18.74941896611734 32.63801427014652 14.715001498191906 17.22801800467154 6.510084984528734 10.886537551256229 -1.8847738279632962 1.0852589387617038 17.718417786865597 5.555062649359981 9.363108392972386 -0.2500045694283415 3.372298915992946 19.250524496292165 -3.01020221724146 5.122886826239146 0.670474301629369 -8.803437947982092 -6.653948652492401 -10.163726628455263 -1.1100075987688207
20.98196392785571 8.557712921645422 -0.32411589155385556 3.1509548864839942 1.1830310749800077 -3.8473059400791243 -2.429629975231986 12.097619498209909 18.75656359610483 32.645158900134 14.722146128179379 17.23516263465903 6.517229614516206 10.893682181243719 -1.8776291979758062 1.0924035687491938 17.725562416853087 5.562207279347471 9.370253022959876 -0.24285993944086925 3.3794435459804184 19.257669126279655 -3.0030575872539877 5.130031456226636 0.6776189316168413 -8.796293317994602 -6.646804022504911 -10.156581998467791 -1.1028629687813485
21.04208416833667 8.564809694772233 -0.31701911842704433 3.1580516596108055 1.190127848106819 -3.8402091669522953 -2.422533202105175 12.10471627133672 18.76366036923164 32.65225567326081 14.72924290130619 17.24225940778584 6.524326387643035 10.90077895437053 -1.870532424848995 1.099500341876005 17.7326591899799 5.5693040524742825 9.377349796086687 -0.23576316631405803 3.3865403191072296 19.264765899406466 -2.9959608141271765 5.137128229353447 0.6847157047436525 -8.78919654486779 -6.6397072493781 -10.14948522534098 -1.0957661956545373
21.102204408817634 8.57185947218813 -0.3099693410111648 3.165101437026685 1.1971776255226985 -3.8331593895364158 -2.4154834246892953 12.1117660487526 18.77071014664752 32.65930545067669 14.736292678722087 17.24930918520172 6.531376165058915 10.90782873178641 -1.8634826474331154 1.1065501192918845 17.739708967395778 5.576353829890162 9.384399573502566 -0.22871338889816073 3.393590096523109 19.271815676822346 -2.9889110367112792 5.144178006769327 0.6917654821595498 -8.782146767451911 -6.63265747196222 -10.142435447925083 -1.08871641823864
21.162324649298597 8.578862037618418 -0.3029667755808596 3.1721040024569724 1.2041801909530037 -3.8261568241061283 -2.40848085925899 12.118768614182905 18.777712712077825 32.66630801610699 14.743295244152375 17.256311750632026 6.538378730489202 10.914831297216715 -1.8564800820028102 1.1135526847221897 17.746711532826065 5.5833563953204495 9.391402138932872 -0.2217108234678733 3.4005926619534144 19.27881824225265 -2.981908471280992 5.151180572199632 0.6987680475898372 -8.775144202021623 -6.625654906531933 -10.135432882494795 -1.0817138528083525
21.22244488977956 8.585818051078427 -0.29601076212085076 3.1790600159169813 1.2111362044130125 -3.8192008106461195 -2.4015248457989813 12.125724627642914 18.784668725537834 32.67326402956701 14.750251257612383 17.263267764092035 6.545334743949211 10.921787310676724 -1.8495240685428014 1.1205086981821986 17.753667546286074 5.590312408780476 9.39835815239288 -0.21475481000786445 3.407548675413423 19.28577425571266 -2.974952457820983 5.158136585659641 0.7057240610498461 -8.768188188561615 -6.618698893071924 -10.128476869034786 -1.0747578393483437
21.28256513026052 8.592727861225402 -0.28910095197389296 3.185969826063957 1.2180460145599703 -3.812291000499144 -2.3946150356520235 12.13263443778989 18.791578535684792 32.68017383971397 14.757161067759359 17.27017757423901 6.552244554096187 10.928697120823681 -1.8426142583958258 1.1274185083291564 17.76057735643305 5.597222218927434 9.405267962539838 -0.2078449998608889 3.4144584855603988 19.292684065859618 -2.9680426476740074 5.165046395806598 0.7126338711968216 -8.761278378414639 -6.611789082924949 -10.12156705888781 -1.0678480292013681
21.34268537074148 8.599592184397107 -0.28223662880218825 3.1928341492356616 1.224910337731675 -3.8054266773274392 -2.387750712480319 12.139498760961576 18.798442858856497 32.68703816288568 14.764025390931064 17.277041897410715 6.559108877267891 10.935561443995386 -1.835749935224121 1.134282831500861 17.767441679604755 5.604086542099139 9.412132285711543 -0.20098067668918418 3.4213228087321035 19.299548389031322 -2.9611783245023027 5.171910718978303 0.7194981943685264 -8.754414055242934 -6.604924759753244 -10.114702735716106 -1.0609837060296634
21.402805611222444 8.606411617889798 -0.2754171953094797 3.19965358272837 1.2317297712243835 -3.7986072438347307 -2.3809312789876103 12.146318194454285 18.805262292349205 32.69385759637838 14.770844824423754 17.283861330903406 6.565928310760582 10.942380877488095 -1.8289305017314303 1.1411022649935696 17.774261113097463 5.610905975591847 9.418951719204252 -0.19416124319649342 3.4281422422247942 19.30636782252403 -2.954358891009612 5.178730152471012 0.7263176278612171 -8.747594621750226 -6.598105326260535 -10.107883302223415 -1.0541642725369726
21.462925851703407 8.613186805771864 -0.2686420074274132 3.206428770610419 1.2385049591064323 -3.791832055952682 -2.3741560911055437 12.153093382336351 18.812037480231254 32.700632784260435 14.777620012305821 17.290636518785472 6.572703498642649 10.949156065370161 -1.8221553138493638 1.1478774528756361 17.781036300979512 5.617681163473896 9.4257269070863 -0.18738605531442687 3.434917430106861 19.31314301040608 -2.9475837031275454 5.18550534035306 0.7330928157432837 -8.740819433868177 -6.591330138378487 -10.101108114341349 -1.047389084654906
21.52304609218437 8.619917587084451 -0.26191122611484374 3.213159551923006 1.2452357404190195 -3.7851012746400947 -2.3674253097929743 12.15982416364892 18.81876826154384 32.70736356557301 14.78435079361839 17.297367300098042 6.579434279955236 10.95588684668273 -1.8154245325367944 1.1546082341882056 17.7877670822921 5.624411944786483 9.432457688398888 -0.18065527400183967 3.4416482114194302 19.319873791718667 -2.940852921814958 5.192236121665648 0.7398235970558709 -8.73408865255559 -6.584599357065899 -10.094377333028762 -1.040658303342319
21.58316633266533 8.626604682413141 -0.2552241307861536 3.2198466472516962 1.2519228357477097 -3.7784141793114046 -2.360738214464284 12.16651125897761 18.82545535687253 32.71405066090171 14.791037888947098 17.304054395426732 6.586121375283926 10.96257394201142 -1.8087374372081042 1.1612953295168957 17.79445417762079 5.631099040115173 9.439144783727578 -0.1739681786731495 3.4483353067481204 19.326560887047357 -2.934165826486268 5.198923216994338 0.746510692384561 -8.7274015572269 -6.577912261737209 -10.087690237700071 -1.0339712080136287
21.64328657314629 8.63324844315569 -0.24858037004358735 3.2264904079942625 1.258566596490276 -3.771770418568856 -2.354094453721718 12.173155019720177 18.832099117615098 32.72069442164427 14.797681649689647 17.3106981561693 6.5927651360264745 10.969217702753987 -1.802093676465538 1.167939090259462 17.801097938363338 5.6377428008577395 9.445788544470144 -0.16732441793060104 3.4549790674906866 19.333204647789923 -2.9275220657437195 5.205566977736904 0.7531544531271095 -8.720757796484333 -6.571268500994661 -10.081046476957523 -1.0273274472710803
21.703406813627254 8.639849441702072 -0.24197937149720516 3.233091406540627 1.2651675950366403 -3.765169420022474 -2.3474934551753357 12.17975601826656 18.838700116161462 32.72729542019064 14.804282648236029 17.31729915471568 6.599366134572857 10.975818701300351 -1.7954926779191558 1.1745400888058264 17.80769893690972 5.644343799404104 9.452389543016508 -0.16072341938421886 3.461580066037069 19.339805646336288 -2.9209210671973374 5.2121679762832684 0.7597554516734917 -8.714156797937969 -6.564667502448279 -10.07444547841114 -1.020726448724698
21.763527054108216 8.64640853733233 -0.23542027586696435 3.2396505021708855 1.271726690666899 -3.7586103243922153 -2.340934359545095 12.186315113896818 18.84525921179172 32.7338545158209 14.810841743866288 17.32385825034594 6.605925230203115 10.98237779693061 -1.7889335822888972 1.181099184436085 17.81425803253998 5.6509028950343625 9.458948638646767 -0.15416432375396028 3.4681391616673274 19.346364741966546 -2.9143619715670788 5.218727071913527 0.7663145473037503 -8.70759770230771 -6.55810840681802 -10.067886382780882 -1.0141673530944395
21.82364729458918 8.652926119393385 -0.22890269380589245 3.2461680842319396 1.278244272727953 -3.752092742331161 -2.334416777484023 12.192832695957872 18.851776793852775 32.74037209788195 14.817359325927342 17.330375832406993 6.612442812264169 10.988895378991682 -1.782416000227843 1.187616766497139 17.820775614601033 5.657420477095417 9.465466220707821 -0.14764674169290615 3.4746567437283815 19.3528823240276 -2.9078443895060246 5.225244653974581 0.7728321293648044 -8.701080120246656 -6.551590824756966 -10.061368800719828 -1.0076497710333854
21.883767535070138 8.659402196032797 -0.22242661716648016 3.2526441608713696 1.284720349367383 -3.745616665691749 -2.3279407008446107 12.199308772597284 18.858252870492205 32.746848174521375 14.823835402566754 17.336851909046405 6.618918888903582 10.995371455631094 -1.7759399235884308 1.1940928431365692 17.827251691240463 5.663896553734847 9.471942297347251 -0.14117066505349385 3.481132820367794 19.35935840066703 -2.9013683128666123 5.231720730614011 0.7793082060042167 -8.694604043607226 -6.545114748117536 -10.054892724080416 -1.001173694393973
21.9438877755511 8.66583742747741 -0.21599138572188537 3.2590793923159644 1.291155580811978 -3.7391814342471363 -2.321505469400016 12.205744004041879 18.8646881019368 32.75328340596598 14.830270634011367 17.343287140491 6.625354120348194 11.001806687075689 -1.769504692143836 1.200528074581164 17.833686922685057 5.6703317851794415 9.478377528791846 -0.1347354336088813 3.4875680518124064 19.365793632111625 -2.894933081422 5.238155962058606 0.7857434374488292 -8.688168812162631 -6.538679516672941 -10.048457492635803 -0.9947384629493605
22.004008016032063 8.672232268438016 -0.20959654476126133 3.2654742332765885 1.297550421772602 -3.7327865932865123 -2.315110628439392 12.212138845002503 18.871082942897424 32.7596782469266 14.836665474971973 17.349681981451624 6.6317489613088005 11.008201528036313 -1.763109851183212 1.206922915541788 17.84008176364568 5.6767266261400655 9.48477236975247 -0.12834059264827502 3.4939628927730126 19.37218847307225 -2.8885382404613935 5.24455080301923 0.7921382784094355 -8.681773971202007 -6.532284675712317 -10.042062651675197 -0.9883436219887543
22.064128256513026 8.678587172568442 -0.20324164063083572 3.2718291374069963 1.3039053259030098 -3.7264316891561045 -2.3087557243089663 12.218493749132929 18.87743784702783 32.76603315105701 14.843020379102398 17.35603688558205 6.638103865439226 11.01455643216672 -1.7567549470527863 1.2132778196721958 17.84643666777609 5.683081530270473 9.491127273882878 -0.12198568851784941 3.5003177969034382 19.378543377202657 -2.882183336330968 5.250905707149638 0.7984931825398611 -8.6754190670716 -6.525929771581909 -10.035707747544771 -0.9819887178583286
22.12424849699399 8.684902993504622 -0.1969258196946555 3.2781449583431765 1.31022114683919 -3.7201158682199242 -2.302439903372786 12.224809570069109 18.88375366796401 32.77234897199319 14.849336200038579 17.36235270651823 6.644419686375406 11.020872253102919 -1.7504391261166061 1.2195936406083938 17.85275248871227 5.689397351206654 9.497443094819058 -0.1156698675816692 3.5066336178396185 19.384859198138837 -2.8758675153947877 5.257221528085818 0.8048090034760413 -8.66910324613542 -6.519613950645729 -10.029391926608591 -0.9756728969221484
22.184368737474948 8.691180120343116 -0.19064869285617903 3.284422085181671 1.3164982736776842 -3.71383874138143 -2.296162776534292 12.231086696907603 18.890030794802506 32.77862609883169 14.855613326877073 17.368629833356724 6.650696813213901 11.027149379941395 -1.7441619992781119 1.2258707674468703 17.859029615550764 5.695674478045148 9.503720221657552 -0.10939274074317495 3.5129107446781127 19.39113632497733 -2.8695903885562934 5.263498654924312 0.8110861303145356 -8.662826119296925 -6.513336823807235 -10.023114799770097 -0.9693957700836542
22.24448897795591 8.697418457161543 -0.18441035603773415 3.290660422000098 1.3227366104961114 -3.707600404563003 -2.2899244397158647 12.23732503372603 18.896269131620933 32.784864435650114 14.8618516636955 17.37486817017515 6.656935150032328 11.033387716759822 -1.7379236624596848 1.2321091042652974 17.86526795236919 5.701912814863575 9.50995855847598 -0.10315440392474784 3.51914908149654 19.39737466179576 -2.8633520517378663 5.2697369917427395 0.8173244671329627 -8.656587782478498 -6.5070984869888076 -10.01687646295167 -0.9631574332652271
22.304609218436873 8.703618765465055 -0.1782100477342219 3.29686073030361 1.3289369187996236 -3.7014000962594906 -2.2837241314123524 12.243525342029542 18.902469439924445 32.791064743953626 14.868051971999012 17.381068478478664 6.66313545833584 11.039588025063352 -1.7317233541561725 1.2383094125688097 17.871468260672703 5.708113123167087 9.516158866779492 -0.09695409562123558 3.525349389800052 19.40357497009927 -2.857151743434354 5.275937300046252 0.823524775436475 -8.650387474174986 -6.500898178685295 -10.010676154648158 -0.9569571249617148
22.364729458917836 8.709781479676675 -0.17204733352262025 3.3030234445152296 1.335099633011243 -3.695237382047871 -2.277561417200751 12.249688056241162 18.908632154136065 32.797227458165246 14.874214686210632 17.387231192690283 6.669298172547459 11.045750739274954 -1.725560639944553 1.244472126780429 17.877630974884323 5.714275837378707 9.522321580991111 -0.09079138140961618 3.5315121040116715 19.40973768431089 -2.8509890292227347 5.282100014257871 0.8296874896480944 -8.644224759963366 -6.494735464473676 -10.004513440436538 -0.9507944107500954
22.4248496993988 8.715907091719757 -0.16592172147952056 3.3091490565583115 1.3412252450543427 -3.6891117700047893 -2.271435805157651 12.255813668284244 18.914757766179164 32.80335307020834 14.880340298253714 17.393356804733365 6.675423784590541 11.051876351318054 -1.7194350279014712 1.2505977388235288 17.883756586927404 5.7204014494217885 9.52844719303421 -0.08466576936653425 3.5376377160547534 19.41586329635399 -2.8448634171796527 5.288225626300971 0.8358131016911763 -8.638099147920284 -6.488609852430594 -9.998387828393456 -0.9446687987070135
22.484969939879758 8.721996242739642 -0.1598325704596526 3.315238207578197 1.3473143960742107 -3.6830226189849036 -2.265346654137783 12.261902819304112 18.920846917199032 32.8094422212282 14.886429449273582 17.399445955753233 6.681512935610427 11.057965502337922 -1.7133458768816032 1.2566868898433967 17.88984573794729 5.726490600441674 9.534536344054079 -0.07857661834664853 3.5437268670746214 19.421952447373858 -2.838774266159767 5.294314777320839 0.841902252711062 -8.632009996900399 -6.482520701410708 -9.99229867737357 -0.9385796476871278
22.54509018036072 8.728049371332549 -0.1537794418667282 3.321291336171104 1.353367524667135 -3.676969490391997 -2.2592935255448587 12.267955947897036 18.926900045791957 32.81549534982112 14.892482577866506 17.405499084346157 6.687566064203334 11.064018630930846 -1.7072927482886788 1.262740018436321 17.895898866540197 5.732543729034581 9.540589472647003 -0.0725234897537419 3.5497799956675458 19.428005575966782 -2.8327211375668604 5.300367905913763 0.8479553813039686 -8.625956868307492 -6.476467572817802 -9.986245548780664 -0.9325265190942211
