web/models/kne/35/villar_0.0015_0.3277_10.0000.dat
# %ECSV 1.0
# ---
# datatype:
# - {name: time, datatype: float64}
# - {name: swift_uvot_uvw2, datatype: float64}
# - {name: swift_uvot_uvm2, datatype: float64}
# - {name: swift_uvot_uvw1, datatype: float64}
# - {name: swift_uvot_U, datatype: float64}
# - {name: swift_uvot_B, datatype: float64}
# - {name: swift_uvot_V, datatype: float64}
# - {name: swift_uvot_W, datatype: float64}
# - {name: johnson_U, datatype: float64}
# - {name: johnson_B, datatype: float64}
# - {name: johnson_V, datatype: float64}
# - {name: johnson_R, datatype: float64}
# - {name: johnson_I, datatype: float64}
# - {name: sdss_u, datatype: float64}
# - {name: sdss_g, datatype: float64}
# - {name: sdss_r, datatype: float64}
# - {name: sdss_i, datatype: float64}
# - {name: sdss_z, datatype: float64}
# - {name: PS1_g, datatype: float64}
# - {name: PS1_r, datatype: float64}
# - {name: PS1_i, datatype: float64}
# - {name: PS1_z, datatype: float64}
# - {name: PS1_Y, datatype: float64}
# - {name: PS1_w, datatype: float64}
# - {name: ATLAS_c, datatype: float64}
# - {name: ATLAS_o, datatype: float64}
# - {name: ukirt_J, datatype: float64}
# - {name: ukirt_H, datatype: float64}
# - {name: ukirt_K, datatype: float64}
# - {name: Clear, datatype: float64}
# meta: !!omap
# - comment: [kappa = 10.0, type = villar, mass = 0.001513321957917195, velocity = 0.32766666666666666, theta_obs = 0.0]
# schema: astropy-2.0
time swift_uvot_uvw2 swift_uvot_uvm2 swift_uvot_uvw1 swift_uvot_U swift_uvot_B swift_uvot_V swift_uvot_W johnson_U johnson_B johnson_V johnson_R johnson_I sdss_u sdss_g sdss_r sdss_i sdss_z PS1_g PS1_r PS1_i PS1_z PS1_Y PS1_w ATLAS_c ATLAS_o ukirt_J ukirt_H ukirt_K Clear
[from data line 78]
0.010217 -7.737 -7.986 -8.209 -8.558 -8.59 -8.499 -8.275 -8.572 -8.587 -8.492 -8.303 -8.029 -8.572 -8.568 -8.401 -8.206 -7.988 -8.568 -8.41 -8.216 -8.054 -7.974 -8.394 -8.507 -8.319 -7.486 -7.033 -6.479 -8.41
0.010526 -7.75 -8.003 -8.232 -8.591 -8.628 -8.541 -8.304 -8.606 -8.626 -8.535 -8.348 -8.077 -8.606 -8.607 -8.445 -8.253 -8.036 -8.608 -8.454 -8.262 -8.101 -8.021 -8.437 -8.549 -8.364 -7.536 -7.085 -6.532 -8.453
0.010845 -7.762 -8.02 -8.254 -8.623 -8.666 -8.583 -8.332 -8.639 -8.664 -8.577 -8.393 -8.124 -8.639 -8.647 -8.489 -8.299 -8.084 -8.648 -8.498 -8.308 -8.149 -8.069 -8.481 -8.59 -8.409 -7.587 -7.136 -6.585 -8.495
0.011173 -7.775 -8.036 -8.276 -8.655 -8.703 -8.625 -8.36 -8.672 -8.701 -8.619 -8.438 -8.172 -8.671 -8.686 -8.532 -8.345 -8.132 -8.688 -8.542 -8.354 -8.196 -8.117 -8.524 -8.631 -8.453 -7.637 -7.188 -6.637 -8.537
0.011511 -7.786 -8.051 -8.298 -8.686 -8.741 -8.667 -8.388 -8.704 -8.738 -8.66 -8.483 -8.219 -8.704 -8.724 -8.576 -8.391 -8.18 -8.727 -8.585 -8.4 -8.243 -8.164 -8.566 -8.672 -8.498 -7.687 -7.239 -6.69 -8.579
0.011859 -7.797 -8.066 -8.318 -8.717 -8.778 -8.708 -8.416 -8.737 -8.775 -8.702 -8.528 -8.266 -8.736 -8.763 -8.619 -8.437 -8.227 -8.766 -8.628 -8.446 -8.29 -8.212 -8.609 -8.713 -8.542 -7.737 -7.291 -6.742 -8.621
0.012217 -7.807 -8.08 -8.339 -8.748 -8.814 -8.749 -8.443 -8.768 -8.812 -8.743 -8.572 -8.314 -8.767 -8.801 -8.663 -8.483 -8.275 -8.805 -8.671 -8.491 -8.337 -8.259 -8.651 -8.753 -8.586 -7.787 -7.342 -6.795 -8.662
0.012587 -7.817 -8.094 -8.359 -8.778 -8.851 -8.79 -8.47 -8.8 -8.849 -8.784 -8.616 -8.36 -8.798 -8.839 -8.705 -8.528 -8.322 -8.843 -8.714 -8.537 -8.384 -8.306 -8.693 -8.793 -8.63 -7.837 -7.393 -6.847 -8.704
0.012968 -7.826 -8.107 -8.378 -8.808 -8.887 -8.831 -8.497 -8.831 -8.885 -8.825 -8.66 -8.407 -8.829 -8.877 -8.748 -8.574 -8.369 -8.882 -8.757 -8.582 -8.431 -8.353 -8.735 -8.833 -8.674 -7.887 -7.444 -6.899 -8.745
0.01336 -7.835 -8.119 -8.397 -8.838 -8.923 -8.871 -8.523 -8.862 -8.921 -8.865 -8.704 -8.454 -8.86 -8.914 -8.791 -8.619 -8.416 -8.92 -8.799 -8.627 -8.477 -8.4 -8.777 -8.872 -8.718 -7.937 -7.495 -6.952 -8.786
0.013764 -7.843 -8.131 -8.415 -8.867 -8.958 -8.911 -8.549 -8.892 -8.956 -8.906 -8.748 -8.5 -8.89 -8.951 -8.833 -8.664 -8.463 -8.957 -8.842 -8.672 -8.523 -8.447 -8.818 -8.912 -8.761 -7.986 -7.546 -7.004 -8.827
0.01418 -7.85 -8.142 -8.433 -8.896 -8.993 -8.951 -8.575 -8.922 -8.991 -8.946 -8.791 -8.547 -8.919 -8.988 -8.875 -8.708 -8.51 -8.995 -8.884 -8.717 -8.57 -8.493 -8.86 -8.951 -8.804 -8.036 -7.597 -7.056 -8.867
0.014609 -7.857 -8.153 -8.451 -8.924 -9.028 -8.991 -8.6 -8.951 -9.026 -8.986 -8.834 -8.593 -8.949 -9.025 -8.917 -8.753 -8.556 -9.032 -8.925 -8.761 -8.616 -8.54 -8.901 -8.99 -8.847 -8.085 -7.648 -7.108 -8.907
0.015051 -7.863 -8.163 -8.468 -8.952 -9.063 -9.03 -8.626 -8.98 -9.061 -9.025 -8.877 -8.639 -8.978 -9.061 -8.959 -8.797 -8.603 -9.069 -8.967 -8.806 -8.662 -8.586 -8.941 -9.028 -8.89 -8.134 -7.699 -7.16 -8.947
0.015506 -7.868 -8.172 -8.484 -8.98 -9.097 -9.07 -8.65 -9.009 -9.095 -9.064 -8.92 -8.685 -9.006 -9.097 -9.0 -8.842 -8.649 -9.106 -9.008 -8.85 -8.707 -8.633 -8.982 -9.067 -8.933 -8.183 -7.75 -7.212 -8.987
0.015975 -7.873 -8.181 -8.5 -9.007 -9.131 -9.109 -8.675 -9.037 -9.129 -9.103 -8.963 -8.73 -9.034 -9.133 -9.041 -8.886 -8.695 -9.142 -9.05 -8.894 -8.753 -8.679 -9.022 -9.105 -8.975 -8.232 -7.8 -7.263 -9.027
0.016458 -7.877 -8.189 -8.515 -9.034 -9.164 -9.147 -8.699 -9.065 -9.163 -9.142 -9.005 -8.776 -9.062 -9.168 -9.082 -8.93 -8.741 -9.178 -9.091 -8.938 -8.798 -8.725 -9.063 -9.143 -9.017 -8.281 -7.851 -7.315 -9.066
0.016956 -7.881 -8.196 -8.53 -9.06 -9.198 -9.186 -8.723 -9.093 -9.196 -9.181 -9.047 -8.821 -9.089 -9.203 -9.123 -8.973 -8.787 -9.214 -9.131 -8.981 -8.844 -8.771 -9.103 -9.18 -9.059 -8.33 -7.901 -7.367 -9.105
0.017469 -7.884 -8.203 -8.544 -9.086 -9.23 -9.224 -8.746 -9.12 -9.229 -9.219 -9.09 -8.866 -9.116 -9.238 -9.164 -9.017 -8.833 -9.25 -9.172 -9.025 -8.889 -8.817 -9.142 -9.217 -9.101 -8.379 -7.951 -7.419 -9.144
0.017997 -7.887 -8.209 -8.558 -9.111 -9.263 -9.262 -8.769 -9.147 -9.262 -9.257 -9.131 -8.912 -9.143 -9.273 -9.204 -9.06 -8.878 -9.285 -9.212 -9.068 -8.934 -8.862 -9.182 -9.254 -9.143 -8.427 -8.002 -7.47 -9.183
0.018541 -7.888 -8.215 -8.571 -9.137 -9.295 -9.3 -8.792 -9.173 -9.294 -9.295 -9.173 -8.957 -9.169 -9.307 -9.244 -9.104 -8.924 -9.32 -9.252 -9.111 -8.979 -8.908 -9.221 -9.291 -9.184 -8.476 -8.052 -7.522 -9.221
0.019102 -7.89 -8.219 -8.584 -9.161 -9.327 -9.337 -8.815 -9.199 -9.326 -9.333 -9.214 -9.001 -9.194 -9.341 -9.284 -9.147 -8.969 -9.354 -9.292 -9.154 -9.023 -8.953 -9.26 -9.328 -9.225 -8.524 -8.102 -7.573 -9.259
0.01968 -7.89 -8.224 -8.596 -9.185 -9.359 -9.374 -8.837 -9.225 -9.358 -9.37 -9.256 -9.046 -9.219 -9.374 -9.324 -9.189 -9.014 -9.389 -9.332 -9.197 -9.068 -8.998 -9.299 -9.364 -9.266 -8.572 -8.152 -7.624 -9.297
0.020275 -7.89 -8.227 -8.607 -9.209 -9.39 -9.411 -8.859 -9.25 -9.389 -9.407 -9.297 -9.09 -9.244 -9.408 -9.363 -9.232 -9.059 -9.423 -9.371 -9.24 -9.112 -9.044 -9.338 -9.4 -9.307 -8.621 -8.202 -7.676 -9.335
0.020888 -7.889 -8.23 -8.618 -9.232 -9.421 -9.448 -8.88 -9.274 -9.42 -9.444 -9.338 -9.135 -9.268 -9.441 -9.402 -9.275 -9.104 -9.456 -9.41 -9.282 -9.156 -9.088 -9.376 -9.436 -9.348 -8.669 -8.251 -7.727 -9.373
0.02152 -7.888 -8.232 -8.629 -9.255 -9.451 -9.484 -8.902 -9.299 -9.45 -9.48 -9.378 -9.179 -9.292 -9.473 -9.441 -9.317 -9.148 -9.49 -9.449 -9.324 -9.201 -9.133 -9.414 -9.471 -9.388 -8.717 -8.301 -7.778 -9.41
0.022171 -7.886 -8.233 -8.638 -9.278 -9.482 -9.52 -8.923 -9.322 -9.481 -9.516 -9.419 -9.223 -9.316 -9.505 -9.48 -9.359 -9.193 -9.523 -9.488 -9.366 -9.244 -9.178 -9.452 -9.506 -9.428 -8.764 -8.351 -7.829 -9.447
0.022841 -7.883 -8.234 -8.648 -9.3 -9.511 -9.556 -8.943 -9.346 -9.511 -9.552 -9.459 -9.266 -9.339 -9.537 -9.519 -9.401 -9.237 -9.556 -9.526 -9.408 -9.288 -9.223 -9.49 -9.541 -9.468 -8.812 -8.4 -7.88 -9.484
0.023532 -7.88 -8.234 -8.656 -9.321 -9.541 -9.591 -8.963 -9.368 -9.54 -9.588 -9.499 -9.31 -9.361 -9.569 -9.557 -9.442 -9.281 -9.588 -9.565 -9.45 -9.332 -9.267 -9.527 -9.575 -9.508 -8.86 -8.45 -7.931 -9.52
0.024244 -7.876 -8.233 -8.664 -9.342 -9.57 -9.626 -8.983 -9.391 -9.569 -9.623 -9.538 -9.354 -9.383 -9.6 -9.595 -9.484 -9.325 -9.62 -9.602 -9.491 -9.375 -9.311 -9.564 -9.61 -9.547 -8.907 -8.499 -7.982 -9.557
0.024977 -7.871 -8.231 -8.672 -9.362 -9.599 -9.661 -9.003 -9.413 -9.598 -9.658 -9.578 -9.397 -9.405 -9.631 -9.632 -9.525 -9.369 -9.652 -9.64 -9.533 -9.418 -9.356 -9.601 -9.643 -9.587 -8.954 -8.548 -8.032 -9.593
0.025733 -7.866 -8.229 -8.679 -9.382 -9.627 -9.696 -9.022 -9.434 -9.626 -9.693 -9.617 -9.44 -9.426 -9.662 -9.67 -9.566 -9.412 -9.684 -9.678 -9.574 -9.461 -9.4 -9.638 -9.677 -9.626 -9.002 -8.597 -8.083 -9.628
0.026511 -7.86 -8.226 -8.685 -9.402 -9.655 -9.73 -9.041 -9.455 -9.654 -9.727 -9.656 -9.483 -9.447 -9.692 -9.707 -9.607 -9.456 -9.715 -9.715 -9.614 -9.504 -9.443 -9.674 -9.71 -9.664 -9.049 -8.646 -8.134 -9.664
0.027313 -7.853 -8.222 -8.691 -9.421 -9.682 -9.764 -9.06 -9.476 -9.682 -9.761 -9.695 -9.526 -9.467 -9.722 -9.744 -9.648 -9.499 -9.746 -9.752 -9.655 -9.547 -9.487 -9.71 -9.743 -9.703 -9.096 -8.695 -8.184 -9.699
0.028139 -7.846 -8.218 -8.696 -9.44 -9.71 -9.798 -9.078 -9.496 -9.709 -9.795 -9.734 -9.568 -9.486 -9.752 -9.781 -9.688 -9.542 -9.776 -9.788 -9.696 -9.59 -9.531 -9.746 -9.776 -9.741 -9.143 -8.744 -8.235 -9.734
0.02899 -7.838 -8.212 -8.7 -9.458 -9.736 -9.831 -9.096 -9.515 -9.736 -9.829 -9.772 -9.611 -9.506 -9.781 -9.817 -9.728 -9.585 -9.806 -9.825 -9.736 -9.632 -9.574 -9.782 -9.809 -9.779 -9.189 -8.793 -8.285 -9.769
0.029867 -7.83 -8.206 -8.704 -9.475 -9.763 -9.864 -9.113 -9.534 -9.763 -9.862 -9.81 -9.653 -9.524 -9.81 -9.853 -9.768 -9.628 -9.836 -9.861 -9.776 -9.674 -9.617 -9.817 -9.841 -9.817 -9.236 -8.842 -8.336 -9.803
0.03077 -7.82 -8.199 -8.707 -9.492 -9.789 -9.897 -9.131 -9.553 -9.789 -9.895 -9.848 -9.695 -9.542 -9.838 -9.889 -9.808 -9.67 -9.865 -9.897 -9.816 -9.716 -9.66 -9.852 -9.872 -9.854 -9.282 -8.89 -8.386 -9.838
0.031701 -7.81 -8.192 -8.71 -9.508 -9.814 -9.93 -9.148 -9.571 -9.814 -9.928 -9.886 -9.737 -9.56 -9.866 -9.925 -9.847 -9.713 -9.894 -9.933 -9.855 -9.758 -9.703 -9.887 -9.904 -9.892 -9.329 -8.939 -8.436 -9.871
0.032659 -7.8 -8.183 -8.712 -9.524 -9.839 -9.962 -9.164 -9.588 -9.84 -9.96 -9.923 -9.778 -9.577 -9.894 -9.96 -9.887 -9.755 -9.923 -9.968 -9.894 -9.8 -9.746 -9.921 -9.935 -9.929 -9.375 -8.987 -8.486 -9.905
0.033647 -7.789 -8.174 -8.713 -9.54 -9.864 -9.993 -9.18 -9.605 -9.864 -9.992 -9.96 -9.82 -9.594 -9.921 -9.995 -9.926 -9.797 -9.951 -10.003 -9.934 -9.841 -9.789 -9.955 -9.966 -9.966 -9.421 -9.035 -8.536 -9.939
0.034665 -7.777 -8.164 -8.714 -9.554 -9.888 -10.025 -9.196 -9.622 -9.889 -10.023 -9.997 -9.861 -9.61 -9.948 -10.03 -9.965 -9.839 -9.979 -10.038 -9.972 -9.882 -9.831 -9.989 -9.996 -10.002 -9.467 -9.084 -8.586 -9.972
0.035713 -7.764 -8.153 -8.713 -9.569 -9.912 -10.056 -9.212 -9.638 -9.913 -10.055 -10.033 -9.902 -9.625 -9.974 -10.064 -10.003 -9.88 -10.007 -10.072 -10.011 -9.923 -9.874 -10.023 -10.026 -10.038 -9.513 -9.132 -8.636 -10.004
0.036793 -7.751 -8.141 -8.713 -9.582 -9.935 -10.087 -9.227 -9.653 -9.936 -10.086 -10.07 -9.943 -9.64 -10.0 -10.098 -10.042 -9.922 -10.034 -10.106 -10.049 -9.964 -9.916 -10.056 -10.056 -10.074 -9.559 -9.18 -8.686 -10.037
0.037906 -7.736 -8.128 -8.711 -9.595 -9.958 -10.117 -9.241 -9.668 -9.959 -10.116 -10.106 -9.983 -9.654 -10.026 -10.132 -10.08 -9.963 -10.061 -10.14 -10.088 -10.005 -9.958 -10.089 -10.085 -10.11 -9.604 -9.227 -8.736 -10.069
0.039052 -7.722 -8.114 -8.709 -9.608 -9.981 -10.147 -9.256 -9.682 -9.982 -10.146 -10.142 -10.024 -9.668 -10.051 -10.166 -10.118 -10.004 -10.087 -10.174 -10.126 -10.045 -9.999 -10.122 -10.114 -10.145 -9.65 -9.275 -8.785 -10.101
0.040234 -7.706 -8.1 -8.706 -9.62 -10.003 -10.177 -9.27 -9.696 -10.004 -10.176 -10.177 -10.064 -9.681 -10.076 -10.199 -10.155 -10.045 -10.113 -10.207 -10.163 -10.085 -10.041 -10.155 -10.143 -10.181 -9.695 -9.323 -8.835 -10.133
0.04145 -7.69 -8.084 -8.703 -9.631 -10.024 -10.206 -9.283 -9.709 -10.025 -10.206 -10.212 -10.104 -9.694 -10.1 -10.232 -10.193 -10.085 -10.139 -10.24 -10.201 -10.125 -10.082 -10.187 -10.171 -10.215 -9.74 -9.37 -8.884 -10.164
0.042704 -7.673 -8.068 -8.698 -9.642 -10.045 -10.235 -9.297 -9.721 -10.047 -10.235 -10.247 -10.143 -9.706 -10.124 -10.264 -10.23 -10.126 -10.164 -10.272 -10.238 -10.165 -10.124 -10.219 -10.199 -10.25 -9.785 -9.418 -8.934 -10.195
0.043996 -7.656 -8.051 -8.693 -9.652 -10.066 -10.263 -9.31 -9.733 -10.067 -10.264 -10.282 -10.183 -9.717 -10.148 -10.297 -10.267 -10.166 -10.188 -10.305 -10.275 -10.205 -10.165 -10.25 -10.226 -10.284 -9.83 -9.465 -8.983 -10.226
0.045326 -7.638 -8.033 -8.688 -9.661 -10.086 -10.291 -9.322 -9.745 -10.088 -10.292 -10.316 -10.222 -9.728 -10.171 -10.328 -10.303 -10.206 -10.213 -10.337 -10.311 -10.244 -10.205 -10.281 -10.253 -10.318 -9.875 -9.512 -9.032 -10.256
0.046697 -7.619 -8.014 -8.681 -9.67 -10.105 -10.319 -9.334 -9.755 -10.107 -10.32 -10.35 -10.261 -9.738 -10.193 -10.36 -10.339 -10.246 -10.236 -10.368 -10.348 -10.283 -10.246 -10.312 -10.28 -10.352 -9.919 -9.559 -9.081 -10.286
0.048109 -7.6 -7.994 -8.674 -9.678 -10.124 -10.347 -9.346 -9.765 -10.126 -10.347 -10.384 -10.3 -9.748 -10.216 -10.391 -10.375 -10.285 -10.26 -10.399 -10.384 -10.322 -10.286 -10.343 -10.306 -10.385 -9.963 -9.606 -9.13 -10.316
0.049564 -7.58 -7.973 -8.666 -9.686 -10.143 -10.373 -9.357 -9.775 -10.145 -10.375 -10.417 -10.339 -9.757 -10.237 -10.422 -10.411 -10.324 -10.283 -10.43 -10.42 -10.361 -10.327 -10.373 -10.332 -10.418 -10.008 -9.653 -9.179 -10.346
0.051063 -7.559 -7.951 -8.657 -9.692 -10.161 -10.4 -9.368 -9.784 -10.163 -10.401 -10.45 -10.377 -9.765 -10.258 -10.453 -10.447 -10.363 -10.305 -10.461 -10.455 -10.399 -10.367 -10.403 -10.358 -10.451 -10.052 -9.7 -9.228 -10.375
0.052608 -7.537 -7.928 -8.648 -9.699 -10.178 -10.426 -9.378 -9.792 -10.181 -10.428 -10.483 -10.415 -9.772 -10.279 -10.483 -10.482 -10.402 -10.327 -10.491 -10.49 -10.437 -10.407 -10.433 -10.383 -10.483 -10.096 -9.747 -9.277 -10.404
0.054199 -7.515 -7.903 -8.637 -9.704 -10.195 -10.452 -9.389 -9.799 -10.198 -10.454 -10.516 -10.453 -9.779 -10.299 -10.512 -10.517 -10.441 -10.349 -10.521 -10.525 -10.475 -10.446 -10.462 -10.407 -10.515 -10.139 -9.793 -9.326 -10.432
0.055838 -7.492 -7.878 -8.626 -9.709 -10.211 -10.477 -9.398 -9.806 -10.215 -10.479 -10.548 -10.491 -9.785 -10.319 -10.542 -10.551 -10.479 -10.37 -10.55 -10.56 -10.513 -10.486 -10.491 -10.432 -10.547 -10.183 -9.839 -9.374 -10.46
0.057527 -7.469 -7.852 -8.614 -9.713 -10.227 -10.502 -9.407 -9.812 -10.231 -10.504 -10.579 -10.528 -9.791 -10.338 -10.571 -10.585 -10.517 -10.39 -10.58 -10.594 -10.55 -10.525 -10.519 -10.455 -10.578 -10.226 -9.886 -9.423 -10.488
0.059267 -7.445 -7.825 -8.601 -9.716 -10.242 -10.526 -9.416 -9.818 -10.246 -10.529 -10.611 -10.565 -9.796 -10.357 -10.599 -10.619 -10.555 -10.411 -10.608 -10.628 -10.588 -10.564 -10.547 -10.479 -10.609 -10.27 -9.932 -9.471 -10.515
0.061059 -7.42 -7.797 -8.588 -9.719 -10.257 -10.55 -9.425 -9.822 -10.261 -10.553 -10.642 -10.602 -9.8 -10.375 -10.628 -10.653 -10.593 -10.43 -10.637 -10.662 -10.624 -10.602 -10.575 -10.501 -10.64 -10.313 -9.978 -9.519 -10.542
0.062906 -7.395 -7.768 -8.573 -9.721 -10.271 -10.573 -9.432 -9.826 -10.275 -10.577 -10.673 -10.638 -9.803 -10.392 -10.655 -10.686 -10.63 -10.449 -10.665 -10.696 -10.661 -10.641 -10.602 -10.524 -10.67 -10.355 -10.023 -9.568 -10.569
0.064808 -7.369 -7.737 -8.558 -9.722 -10.285 -10.596 -9.44 -9.83 -10.289 -10.6 -10.703 -10.675 -9.806 -10.409 -10.683 -10.719 -10.667 -10.468 -10.692 -10.729 -10.697 -10.679 -10.629 -10.546 -10.7 -10.398 -10.069 -9.616 -10.595
0.066769 -7.343 -7.705 -8.542 -9.722 -10.297 -10.619 -9.447 -9.832 -10.302 -10.623 -10.733 -10.711 -9.807 -10.426 -10.71 -10.752 -10.704 -10.486 -10.719 -10.761 -10.733 -10.717 -10.656 -10.567 -10.73 -10.441 -10.115 -9.664 -10.621
0.068788 -7.316 -7.673 -8.525 -9.722 -10.31 -10.641 -9.454 -9.834 -10.314 -10.645 -10.763 -10.746 -9.808 -10.442 -10.736 -10.784 -10.74 -10.503 -10.746 -10.794 -10.769 -10.755 -10.682 -10.588 -10.759 -10.483 -10.16 -9.711 -10.647
0.070868 -7.288 -7.639 -8.507 -9.72 -10.321 -10.662 -9.46 -9.835 -10.326 -10.667 -10.792 -10.782 -9.809 -10.457 -10.763 -10.816 -10.776 -10.52 -10.772 -10.826 -10.805 -10.792 -10.708 -10.609 -10.788 -10.525 -10.205 -9.759 -10.672
0.073012 -7.26 -7.604 -8.489 -9.718 -10.332 -10.683 -9.465 -9.835 -10.338 -10.688 -10.821 -10.817 -9.808 -10.472 -10.788 -10.848 -10.812 -10.536 -10.798 -10.858 -10.84 -10.83 -10.733 -10.629 -10.816 -10.567 -10.25 -9.807 -10.697
0.07522 -7.232 -7.568 -8.469 -9.715 -10.342 -10.704 -9.47 -9.835 -10.348 -10.709 -10.849 -10.852 -9.807 -10.486 -10.814 -10.879 -10.848 -10.552 -10.823 -10.889 -10.875 -10.867 -10.758 -10.648 -10.844 -10.609 -10.295 -9.854 -10.721
0.077495 -7.203 -7.53 -8.448 -9.712 -10.352 -10.723 -9.475 -9.833 -10.358 -10.729 -10.878 -10.886 -9.805 -10.5 -10.838 -10.91 -10.883 -10.568 -10.848 -10.92 -10.909 -10.903 -10.783 -10.667 -10.872 -10.65 -10.34 -9.902 -10.745
0.079839 -7.173 -7.491 -8.427 -9.707 -10.361 -10.743 -9.479 -9.831 -10.367 -10.749 -10.905 -10.92 -9.802 -10.513 -10.863 -10.941 -10.918 -10.582 -10.873 -10.951 -10.944 -10.94 -10.807 -10.685 -10.899 -10.691 -10.385 -9.949 -10.769
0.082253 -7.143 -7.451 -8.404 -9.702 -10.369 -10.762 -9.483 -9.828 -10.376 -10.768 -10.933 -10.954 -9.798 -10.525 -10.887 -10.971 -10.953 -10.596 -10.897 -10.981 -10.978 -10.976 -10.831 -10.703 -10.926 -10.733 -10.429 -9.996 -10.792
0.084741 -7.113 -7.41 -8.381 -9.695 -10.377 -10.78 -9.486 -9.824 -10.384 -10.786 -10.959 -10.988 -9.793 -10.537 -10.91 -11.0 -10.987 -10.61 -10.92 -11.011 -11.011 -11.012 -10.854 -10.721 -10.952 -10.773 -10.474 -10.043 -10.815
