web/models/kne.last_good/kappa_0.5_3.0.v1/37/villar_0.0775_0.1397_0.5000.dat
# %ECSV 1.0
# ---
# datatype:
# - {name: time, datatype: float64}
# - {name: swift_uvot_uvw2, datatype: float64}
# - {name: swift_uvot_uvm2, datatype: float64}
# - {name: swift_uvot_uvw1, datatype: float64}
# - {name: swift_uvot_U, datatype: float64}
# - {name: swift_uvot_B, datatype: float64}
# - {name: swift_uvot_V, datatype: float64}
# - {name: swift_uvot_W, datatype: float64}
# - {name: johnson_U, datatype: float64}
# - {name: johnson_B, datatype: float64}
# - {name: johnson_V, datatype: float64}
# - {name: johnson_R, datatype: float64}
# - {name: johnson_I, datatype: float64}
# - {name: sdss_u, datatype: float64}
# - {name: sdss_g, datatype: float64}
# - {name: sdss_r, datatype: float64}
# - {name: sdss_i, datatype: float64}
# - {name: sdss_z, datatype: float64}
# - {name: PS1_g, datatype: float64}
# - {name: PS1_r, datatype: float64}
# - {name: PS1_i, datatype: float64}
# - {name: PS1_z, datatype: float64}
# - {name: PS1_Y, datatype: float64}
# - {name: PS1_w, datatype: float64}
# - {name: ATLAS_c, datatype: float64}
# - {name: ATLAS_o, datatype: float64}
# - {name: ukirt_J, datatype: float64}
# - {name: ukirt_H, datatype: float64}
# - {name: ukirt_K, datatype: float64}
# - {name: Clear, datatype: float64}
# meta: !!omap
# - comment: [kappa = 0.5, type = villar, mass = 0.07749594937791414, velocity = 0.13966666666666672, theta_obs = 0.0]
# schema: astropy-2.0
time swift_uvot_uvw2 swift_uvot_uvm2 swift_uvot_uvw1 swift_uvot_U swift_uvot_B swift_uvot_V swift_uvot_W johnson_U johnson_B johnson_V johnson_R johnson_I sdss_u sdss_g sdss_r sdss_i sdss_z PS1_g PS1_r PS1_i PS1_z PS1_Y PS1_w ATLAS_c ATLAS_o ukirt_J ukirt_H ukirt_K Clear
[from data line 357]
41.654454 145.082 150.298 173.533 184.099 172.27 164.282 147.351 182.056 169.984 162.233 153.877 148.89 183.37 168.215 159.367 153.848 149.382 143.817 144.021 144.0 143.584 141.839 155.086 161.637 154.82 143.655 140.155 137.529 142.053
42.914265 154.506 159.721 182.956 193.522 181.694 173.705 156.774 191.479 179.408 171.657 163.3 158.313 192.793 177.639 168.791 163.271 158.806 153.24 153.445 153.423 153.008 151.262 164.509 171.061 164.244 153.079 149.578 146.953 151.476
44.212178 164.508 169.724 192.959 203.525 191.696 183.708 166.776 201.481 189.41 181.659 173.302 168.316 202.796 187.641 178.793 173.273 168.808 163.242 163.447 163.426 163.01 161.264 174.511 181.063 174.246 163.081 159.581 156.955 161.479
45.549345 175.124 180.34 203.575 214.141 202.312 194.324 177.393 212.098 200.027 192.275 183.919 178.932 213.412 198.257 189.41 183.89 179.424 173.859 174.064 174.042 173.627 171.881 185.128 191.679 184.863 173.698 170.197 167.571 172.095
46.926954 186.393 191.608 214.843 225.409 213.581 205.592 188.661 223.366 211.295 203.544 195.187 190.2 224.68 209.526 200.678 195.158 190.693 185.127 185.332 185.31 184.895 183.149 196.396 202.948 196.131 184.966 181.465 178.84 183.363
48.346227 198.353 203.569 226.804 237.37 225.541 217.553 200.621 235.326 223.255 215.504 207.147 202.161 236.64 221.486 212.638 207.118 202.653 197.087 197.292 197.271 196.855 195.109 208.356 214.908 208.091 196.926 193.426 190.8 195.324
49.808426 211.048 216.263 239.498 250.064 238.236 230.247 213.316 248.021 235.95 228.199 219.842 214.855 249.335 234.181 225.333 219.813 215.347 209.782 209.987 209.965 209.55 207.804 221.051 227.603 220.786 209.621 206.12 203.495 208.018
51.314848 224.522 229.737 252.972 263.538 251.71 243.721 226.79 261.495 249.424 241.673 233.316 228.329 262.809 247.655 238.807 233.287 228.822 223.256 223.461 223.439 223.024 221.278 234.525 241.077 234.26 223.095 219.594 216.969 221.492
52.86683 238.823 244.039 267.274 277.84 266.011 258.023 241.092 275.797 263.726 255.974 247.618 242.631 277.111 261.956 253.108 247.589 243.123 237.558 237.762 237.741 237.326 235.58 248.827 255.378 248.561 237.397 233.896 231.27 235.794
54.465752 254.003 259.219 282.453 293.019 281.191 273.203 256.271 290.976 278.905 271.154 262.797 257.81 292.29 277.136 268.288 262.768 258.303 252.737 252.942 252.921 252.505 250.759 264.006 270.558 263.741 252.576 249.076 246.45 250.973
56.113031 270.115 275.33 298.565 309.131 297.303 289.314 272.383 307.088 295.017 287.266 278.909 273.922 308.402 293.248 284.4 278.88 274.414 268.849 269.054 269.032 268.617 266.871 280.118 286.67 279.853 268.688 265.187 262.561 267.085
57.810132 287.216 292.431 315.666 326.232 314.404 306.415 289.484 324.189 312.118 304.367 296.01 291.023 325.503 310.349 301.501 295.981 291.515 285.95 286.155 286.133 285.718 283.972 297.219 303.771 296.954 285.789 282.288 279.663 284.186
59.55856 305.367 310.582 333.817 344.383 332.555 324.566 307.635 342.34 330.269 322.518 314.161 309.174 343.654 328.5 319.652 314.132 309.667 304.101 304.306 304.284 303.869 302.123 315.37 321.922 315.105 303.94 300.439 297.814 302.337
61.359868 324.632 329.848 353.083 363.649 351.82 343.832 326.901 361.606 349.535 341.783 333.427 328.44 362.92 347.765 338.918 333.398 328.932 323.367 323.572 323.55 323.135 321.389 334.636 341.187 334.37 323.206 319.705 317.079 321.603
63.215655 345.081 350.297 373.531 384.098 372.269 364.281 347.349 382.054 369.983 362.232 353.875 348.888 383.368 368.214 359.366 353.846 349.381 343.815 344.02 343.999 343.583 341.837 355.084 361.636 354.819 343.654 340.154 337.528 342.052
65.127569 366.785 372.001 395.236 405.802 393.973 385.985 369.054 403.759 391.687 383.936 375.58 370.593 405.073 389.918 381.07 375.551 371.085 365.52 365.724 365.703 365.288 363.542 376.789 383.34 376.523 365.359 361.858 359.232 363.756
67.097308 389.822 395.038 418.273 428.839 417.01 409.022 392.091 426.796 414.724 406.973 398.617 393.63 428.11 412.955 404.107 398.588 394.122 388.557 388.761 388.74 388.324 386.579 399.826 406.377 399.56 388.395 384.895 382.269 386.793
69.126621 414.274 419.489 442.724 453.29 441.462 433.473 416.542 451.247 439.176 431.425 423.068 418.081 452.561 437.407 428.559 423.039 418.573 413.008 413.213 413.191 412.776 411.03 424.277 430.828 424.012 412.847 409.346 406.72 411.244
71.217308 440.226 445.442 468.677 479.243 467.414 459.426 442.495 477.2 465.129 457.377 449.021 444.034 478.514 463.359 454.512 448.992 444.526 438.961 439.166 439.144 438.729 436.983 450.23 456.781 449.965 438.8 435.299 432.673 437.197
73.371227 467.773 472.989 496.223 506.79 494.961 486.973 470.041 504.746 492.675 484.924 476.567 471.58 506.06 490.906 482.058 476.538 472.073 466.507 466.712 466.691 466.275 464.529 477.776 484.328 477.511 466.346 462.846 460.22 464.743
75.59029 497.011 502.227 525.461 536.027 524.199 516.211 499.279 533.984 521.913 514.162 505.805 500.818 535.298 520.144 511.296 505.776 501.311 495.745 495.95 495.929 495.513 493.767 507.014 513.566 506.749 495.584 492.084 489.458 493.981
77.876467 528.044 533.26 556.495 567.061 555.232 547.244 530.312 565.018 552.946 545.195 536.838 531.852 566.332 551.177 542.329 536.81 532.344 526.778 526.983 526.962 526.546 524.801 538.047 544.599 537.782 526.617 523.117 520.491 525.015
80.231787 560.983 566.198 589.433 599.999 588.171 580.183 563.251 597.956 585.885 578.134 569.777 564.79 599.27 584.116 575.268 569.748 565.283 559.717 559.922 559.901 559.485 557.739 570.986 577.538 570.721 559.556 556.056 553.43 557.953
82.658343 595.944 601.16 624.395 634.961 623.132 615.144 598.213 632.918 620.846 613.095 604.739 599.752 634.232 619.077 610.229 604.71 600.244 594.679 594.883 594.862 594.447 592.701 605.948 612.499 605.682 594.518 591.017 588.391 592.915
85.158288 633.052 638.268 661.503 672.069 660.24 652.252 635.321 670.026 657.955 650.203 641.847 636.86 671.34 656.185 647.337 641.818 637.352 631.787 631.991 631.97 631.555 629.809 643.056 649.607 642.79 631.626 628.125 625.499 630.023
87.733843 672.439 677.654 700.889 711.455 699.627 691.639 674.707 709.412 697.341 689.59 681.233 676.246 710.726 695.572 686.724 681.204 676.739 671.173 671.378 671.357 670.941 669.195 682.442 688.994 682.177 671.012 667.512 664.886 669.409
90.387293 714.244 719.46 742.694 753.261 741.432 733.444 716.512 751.217 739.146 731.395 723.038 718.051 752.531 737.377 728.529 723.009 718.544 712.978 713.183 713.162 712.746 711.0 724.247 730.799 723.982 712.817 709.317 706.691 711.214
93.120995 758.616 763.832 787.067 nan 785.81 777.816 760.884 nan 783.519 775.767 767.41 762.424 nan 781.749 772.901 767.381 762.916 757.35 757.555 757.534 757.118 755.372 768.619 775.171 768.354 757.189 753.689 751.063 755.587
95.937376 758.616 763.832 787.067 nan 785.81 777.816 760.884 nan 783.519 775.767 767.41 762.424 nan 781.749 772.901 767.381 762.916 757.35 757.555 757.534 757.118 755.372 768.619 775.171 768.354 757.189 753.689 751.063 755.587
98.838937 758.616 763.832 787.067 nan 785.81 777.816 760.884 nan 783.519 775.767 767.41 762.424 nan 781.749 772.901 767.381 762.916 757.35 757.555 757.534 757.118 755.372 768.619 775.171 768.354 757.189 753.689 751.063 755.587
101.828253 758.616 763.832 787.067 nan 785.81 777.816 760.884 nan 783.519 775.767 767.41 762.424 nan 781.749 772.901 767.381 762.916 757.35 757.555 757.534 757.118 755.372 768.619 775.171 768.354 757.189 753.689 751.063 755.587
104.907979 758.616 763.832 787.067 nan 785.81 777.816 760.884 nan 783.519 775.767 767.41 762.424 nan 781.749 772.901 767.381 762.916 757.35 757.555 757.534 757.118 755.372 768.619 775.171 768.354 757.189 753.689 751.063 755.587
108.080849 758.616 763.832 787.067 nan 785.81 777.816 760.884 nan 783.519 775.767 767.41 762.424 nan 781.749 772.901 767.381 762.916 757.35 757.555 757.534 757.118 755.372 768.619 775.171 768.354 757.189 753.689 751.063 755.587
111.349681 758.616 763.832 787.067 nan 785.81 777.816 760.884 nan 783.519 775.767 767.41 762.424 nan 781.749 772.901 767.381 762.916 757.35 757.555 757.534 757.118 755.372 768.619 775.171 768.354 757.189 753.689 751.063 755.587
114.717376 758.616 763.832 787.067 nan 785.81 777.816 760.884 nan 783.519 775.767 767.41 762.424 nan 781.749 772.901 767.381 762.916 757.35 757.555 757.534 757.118 755.372 768.619 775.171 768.354 757.189 753.689 751.063 755.587
118.186925 758.616 763.832 787.067 nan 785.81 777.816 760.884 nan 783.519 775.767 767.41 762.424 nan 781.749 772.901 767.381 762.916 757.35 757.555 757.534 757.118 755.372 768.619 775.171 768.354 757.189 753.689 751.063 755.587
121.761408 758.616 763.832 787.067 nan 785.81 777.816 760.884 nan 783.519 775.767 767.41 762.424 nan 781.749 772.901 767.381 762.916 757.35 757.555 757.534 757.118 755.372 768.619 775.171 768.354 757.189 753.689 751.063 755.587
125.443999 758.616 763.832 787.067 nan 785.81 777.816 760.884 nan 783.519 775.767 767.41 762.424 nan 781.749 772.901 767.381 762.916 757.35 757.555 757.534 757.118 755.372 768.619 775.171 768.354 757.189 753.689 751.063 755.587
129.237967 758.616 763.832 787.067 nan 785.81 777.816 760.884 nan 783.519 775.767 767.41 762.424 nan 781.749 772.901 767.381 762.916 757.35 757.555 757.534 757.118 755.372 768.619 775.171 768.354 757.189 753.689 751.063 755.587
133.146681 758.616 763.832 787.067 nan 785.81 777.816 760.884 nan 783.519 775.767 767.41 762.424 nan 781.749 772.901 767.381 762.916 757.35 757.555 757.534 757.118 755.372 768.619 775.171 768.354 757.189 753.689 751.063 755.587
137.173612 758.616 763.832 787.067 nan 785.81 777.816 760.884 nan 783.519 775.767 767.41 762.424 nan 781.749 772.901 767.381 762.916 757.35 757.555 757.534 757.118 755.372 768.619 775.171 768.354 757.189 753.689 751.063 755.587
141.322334 758.616 763.832 787.067 nan 785.81 777.816 760.884 nan 783.519 775.767 767.41 762.424 nan 781.749 772.901 767.381 762.916 757.35 757.555 757.534 757.118 755.372 768.619 775.171 768.354 757.189 753.689 751.063 755.587
145.596532 758.616 763.832 787.067 nan 785.81 777.816 760.884 nan 783.519 775.767 767.41 762.424 nan 781.749 772.901 767.381 762.916 757.35 757.555 757.534 757.118 755.372 768.619 775.171 768.354 757.189 753.689 751.063 755.587
150.0 758.616 763.832 787.067 nan 785.81 777.816 760.884 nan 783.519 775.767 767.41 762.424 nan 781.749 772.901 767.381 762.916 757.35 757.555 757.534 757.118 755.372 768.619 775.171 768.354 757.189 753.689 751.063 755.587
