web/models/kne.last_good/kappa_0.5_3.0.v1/37/villar_0.0120_0.3903_3.0000.dat
# %ECSV 1.0
# ---
# datatype:
# - {name: time, datatype: float64}
# - {name: swift_uvot_uvw2, datatype: float64}
# - {name: swift_uvot_uvm2, datatype: float64}
# - {name: swift_uvot_uvw1, datatype: float64}
# - {name: swift_uvot_U, datatype: float64}
# - {name: swift_uvot_B, datatype: float64}
# - {name: swift_uvot_V, datatype: float64}
# - {name: swift_uvot_W, datatype: float64}
# - {name: johnson_U, datatype: float64}
# - {name: johnson_B, datatype: float64}
# - {name: johnson_V, datatype: float64}
# - {name: johnson_R, datatype: float64}
# - {name: johnson_I, datatype: float64}
# - {name: sdss_u, datatype: float64}
# - {name: sdss_g, datatype: float64}
# - {name: sdss_r, datatype: float64}
# - {name: sdss_i, datatype: float64}
# - {name: sdss_z, datatype: float64}
# - {name: PS1_g, datatype: float64}
# - {name: PS1_r, datatype: float64}
# - {name: PS1_i, datatype: float64}
# - {name: PS1_z, datatype: float64}
# - {name: PS1_Y, datatype: float64}
# - {name: PS1_w, datatype: float64}
# - {name: ATLAS_c, datatype: float64}
# - {name: ATLAS_o, datatype: float64}
# - {name: ukirt_J, datatype: float64}
# - {name: ukirt_H, datatype: float64}
# - {name: ukirt_K, datatype: float64}
# - {name: Clear, datatype: float64}
# meta: !!omap
# - comment: [kappa = 3.0, type = villar, mass = 0.012011244339858356, velocity = 0.3903333333333333, theta_obs = 0.0]
# schema: astropy-2.0
time swift_uvot_uvw2 swift_uvot_uvm2 swift_uvot_uvw1 swift_uvot_U swift_uvot_B swift_uvot_V swift_uvot_W johnson_U johnson_B johnson_V johnson_R johnson_I sdss_u sdss_g sdss_r sdss_i sdss_z PS1_g PS1_r PS1_i PS1_z PS1_Y PS1_w ATLAS_c ATLAS_o ukirt_J ukirt_H ukirt_K Clear
[from data line 286]
5.02233 -1.972 3.244 10.766 12.553 6.727 2.597 0.239 11.557 6.105 2.089 -1.78 -4.271 12.147 4.791 0.304 -2.336 -4.322 -3.239 -3.089 -3.529 -4.482 -5.836 -1.229 1.798 -1.531 -6.962 -8.336 -9.251 -5.047
5.174227 -1.56 3.655 11.178 12.965 7.139 3.009 0.65 11.969 6.517 2.501 -1.369 -3.859 12.558 5.203 0.715 -1.924 -3.91 -2.827 -2.677 -3.117 -4.07 -5.424 -0.818 2.21 -1.119 -6.551 -7.925 -8.839 -4.635
5.330718 -1.123 4.092 11.615 13.402 7.576 3.446 1.087 12.406 6.954 2.938 -0.932 -3.422 12.995 5.64 1.152 -1.487 -3.473 -2.39 -2.24 -2.68 -3.633 -4.987 -0.381 2.647 -0.682 -6.114 -7.488 -8.402 -4.198
5.491942 -0.66 4.556 12.078 13.866 8.04 3.91 1.551 12.869 7.418 3.402 -0.468 -2.958 13.459 6.104 1.616 -1.023 -3.009 -1.926 -1.777 -2.217 -3.169 -4.524 0.083 3.111 -0.218 -5.65 -7.024 -7.938 -3.734
5.658042 -0.167 5.048 12.571 14.358 8.532 4.402 2.043 13.362 7.91 3.894 0.025 -2.466 13.952 6.596 2.109 -0.531 -2.517 -1.434 -1.284 -1.724 -2.677 -4.031 0.575 3.603 0.274 -5.158 -6.532 -7.446 -3.242
5.829166 0.355 5.571 13.093 14.88 9.054 4.925 2.566 13.884 8.433 4.416 0.547 -1.943 14.474 7.118 2.631 -0.008 -1.995 -0.912 -0.762 -1.202 -2.155 -3.509 1.098 4.126 0.797 -4.635 -6.009 -6.924 -2.72
6.005465 0.91 6.126 13.648 15.435 9.609 5.479 3.12 14.439 8.987 4.971 1.102 -1.389 15.029 7.673 3.186 0.546 -1.44 -0.357 -0.207 -0.647 -1.6 -2.954 1.653 4.68 1.351 -4.081 -5.455 -6.369 -2.165
6.187096 1.499 6.714 14.237 16.024 10.198 6.068 3.709 15.028 9.576 5.56 1.69 -0.8 15.617 8.262 3.774 1.135 -0.851 0.232 0.381 -0.059 -1.011 -2.365 2.241 5.269 1.94 -3.492 -4.866 -5.78 -1.576
6.37422 2.123 7.339 14.861 16.649 10.823 6.693 4.334 15.652 10.201 6.185 2.315 -0.175 16.242 8.887 4.399 1.76 -0.226 0.857 1.006 0.566 -0.386 -1.741 2.866 5.894 2.565 -2.867 -4.241 -5.155 -0.952
6.567004 2.787 8.002 15.525 17.312 11.486 7.356 4.997 16.316 10.864 6.848 2.978 0.488 16.905 9.55 5.062 2.423 0.437 1.52 1.669 1.229 0.277 -1.077 3.529 6.557 3.228 -2.204 -3.578 -4.492 -0.288
6.765619 3.49 8.706 16.228 18.016 12.19 8.06 5.701 17.019 11.568 7.552 3.682 1.192 17.609 10.254 5.766 3.127 1.141 2.224 2.373 1.933 0.981 -0.374 4.233 7.261 3.932 -1.5 -2.874 -3.788 0.416
6.97024 4.238 9.453 16.976 18.763 12.937 8.807 6.448 17.767 12.315 8.299 4.429 1.939 18.356 11.001 6.513 3.874 1.888 2.971 3.12 2.68 1.728 0.374 4.98 8.008 4.679 -0.753 -2.127 -3.041 1.163
7.181051 5.031 10.246 17.769 19.556 13.73 9.6 7.241 18.56 13.108 9.092 5.222 2.732 19.149 11.794 7.306 4.667 2.681 3.764 3.913 3.473 2.521 1.167 5.773 8.801 5.472 0.04 -1.334 -2.248 1.956
7.398237 5.872 11.088 18.61 20.397 14.571 10.442 8.083 19.401 13.95 9.933 6.064 3.574 19.991 12.635 8.148 5.509 3.522 4.605 4.755 4.315 3.362 2.008 6.615 9.643 6.314 0.882 -0.492 -1.407 2.797
7.621991 6.766 11.981 19.504 21.291 15.465 11.335 8.976 20.295 14.843 10.827 6.957 4.467 20.884 13.529 9.041 6.402 4.416 5.499 5.649 5.209 4.256 2.902 7.508 10.536 7.207 1.775 0.401 -0.513 3.691
7.852513 7.714 12.929 20.452 22.239 16.413 12.283 9.924 21.243 15.791 11.775 7.906 5.415 21.833 14.477 9.99 7.35 5.364 6.447 6.597 6.157 5.204 3.85 8.457 11.484 8.155 2.723 1.349 0.435 4.639
8.090007 8.72 13.936 21.458 23.245 17.419 13.29 10.931 22.249 16.798 12.782 8.912 6.422 22.839 15.484 10.996 8.357 6.371 7.454 7.603 7.163 6.21 4.856 9.463 12.491 9.162 3.73 2.356 1.441 5.645
8.334684 9.789 15.004 22.527 24.314 18.488 14.358 11.999 23.318 17.866 13.85 9.98 7.49 23.907 16.552 12.064 9.425 7.439 8.522 8.671 8.231 7.279 5.925 10.531 13.559 10.23 4.798 3.424 2.51 6.714
8.586761 10.922 16.138 23.66 25.448 19.622 15.492 13.133 24.451 19.0 14.984 11.114 8.624 25.041 17.686 13.198 10.559 8.573 9.656 9.805 9.365 8.413 7.058 11.665 14.693 11.364 5.932 4.558 3.644 7.847
8.846461 12.126 17.342 24.864 26.651 20.825 16.695 14.336 25.655 20.203 16.187 12.318 9.827 26.245 18.889 14.402 11.762 9.776 10.859 11.009 10.569 9.616 8.262 12.869 15.896 12.567 7.135 5.761 4.847 9.051
9.114017 13.403 18.619 26.141 27.928 22.102 17.973 15.614 26.932 21.481 17.464 13.595 11.105 27.522 20.166 15.679 13.04 11.053 12.136 12.286 11.846 10.893 9.539 14.146 17.174 13.845 8.413 7.039 6.124 10.328
9.389664 14.759 19.975 27.497 29.284 23.458 19.329 16.97 28.288 22.836 18.82 14.951 12.46 28.878 21.522 17.035 14.396 12.409 13.492 13.642 13.202 12.249 10.895 15.502 18.529 15.2 9.769 8.395 7.48 11.684
9.673648 16.198 21.414 28.936 30.723 24.897 20.768 18.409 29.727 24.275 20.259 16.39 13.9 30.317 22.961 18.474 15.835 13.848 14.931 15.081 14.641 13.688 12.334 16.941 19.968 16.639 11.208 9.834 8.919 13.123
9.966221 17.726 22.941 30.464 32.251 26.425 22.295 19.936 31.255 25.803 21.787 17.917 15.427 31.844 24.489 20.001 17.362 15.376 16.459 16.608 16.168 15.216 13.862 18.468 21.496 18.167 12.735 11.361 10.447 14.651
10.267642 19.347 24.562 32.085 33.872 28.046 23.916 21.557 32.876 27.424 23.408 19.539 17.048 33.466 26.11 21.623 18.983 16.997 18.08 18.23 17.79 16.837 15.483 20.089 23.117 19.788 14.356 12.982 12.068 16.272
10.57818 21.067 26.283 33.805 35.593 29.767 25.637 23.278 34.597 29.145 25.129 21.259 18.769 35.186 27.831 23.343 20.704 18.718 19.801 19.95 19.51 18.558 17.204 21.81 24.838 21.509 16.077 14.703 13.789 17.993
10.89811 22.894 28.11 35.632 37.419 31.593 27.463 25.104 36.423 30.971 26.955 23.086 20.595 37.013 29.657 25.17 22.53 20.544 21.627 21.777 21.337 20.384 19.03 23.637 26.664 23.335 17.904 16.529 15.615 19.819
11.227716 24.832 30.048 37.57 39.358 33.532 29.402 27.043 38.362 32.91 28.894 25.024 22.534 38.951 31.596 27.108 24.469 22.483 23.566 23.715 23.275 22.323 20.969 25.575 28.603 25.274 19.842 18.468 17.554 21.758
11.56729 26.89 32.106 39.628 41.415 35.589 31.46 29.101 40.419 34.967 30.951 27.082 24.591 41.009 33.653 29.166 26.527 24.54 25.623 25.773 25.333 24.38 23.026 27.633 30.66 27.331 21.9 20.526 19.611 23.815
11.917135 29.074 34.29 41.812 43.599 37.773 33.643 31.285 42.603 37.151 33.135 29.266 26.775 43.193 35.837 31.35 28.71 26.724 27.807 27.957 27.517 26.564 25.21 29.817 32.844 29.515 24.084 22.71 21.795 25.999
12.277561 31.392 36.608 44.13 45.917 40.091 35.962 33.603 44.921 39.469 35.453 31.584 29.093 45.511 38.155 33.668 31.029 29.042 30.125 30.275 29.835 28.882 27.528 32.135 35.162 31.833 26.402 25.028 24.113 28.317
12.648887 33.852 39.068 46.59 48.378 42.552 38.422 36.063 47.381 41.93 37.914 34.044 31.554 47.971 40.616 36.128 33.489 31.503 32.586 32.735 32.295 31.343 29.988 34.595 37.623 34.294 28.862 27.488 26.574 30.778
13.031444 36.464 41.68 49.202 50.989 45.163 41.033 38.674 49.993 44.541 40.525 36.656 34.165 50.583 43.227 38.74 36.1 34.114 35.197 35.347 34.907 33.954 32.6 37.207 40.234 36.905 31.473 30.099 29.185 33.389
13.425571 39.236 44.451 51.974 53.761 47.935 43.805 41.446 52.765 47.313 43.297 39.428 36.937 53.354 45.999 41.511 38.872 36.886 37.969 38.119 37.679 36.726 35.372 39.978 43.006 39.677 34.245 32.871 31.957 36.161
13.831619 42.178 47.393 54.916 56.703 50.877 46.747 44.388 55.707 50.255 46.239 42.37 39.879 56.296 48.941 44.453 41.814 39.828 40.911 41.061 40.621 39.668 38.314 42.92 45.948 42.619 37.187 35.813 34.899 39.103
14.249947 45.3 50.516 58.038 59.826 53.999 49.87 47.511 58.829 53.378 49.362 45.492 43.002 59.419 52.064 47.576 44.937 42.951 44.034 44.183 43.743 42.791 41.436 46.043 49.071 45.742 40.31 38.936 38.022 42.225
14.680926 48.615 53.83 61.353 63.14 57.314 53.184 50.825 62.144 56.692 52.676 48.807 46.316 62.734 55.378 50.891 48.251 46.265 47.348 47.498 47.058 46.105 44.751 49.357 52.385 49.056 43.624 42.25 41.336 45.54
15.124941 52.133 57.348 64.871 66.658 60.832 56.702 54.343 65.662 60.21 56.194 52.324 49.834 66.251 58.896 54.408 51.769 49.783 50.866 51.016 50.576 49.623 48.269 52.875 55.903 52.574 47.142 45.768 44.854 49.058
15.582385 55.867 61.082 68.605 70.392 64.566 60.436 58.077 69.396 63.944 59.928 56.058 53.568 69.985 62.63 58.142 55.503 53.517 54.6 54.749 54.309 53.357 52.003 56.609 59.637 56.308 50.876 49.502 48.588 52.792
16.053663 59.83 65.045 72.568 74.355 68.529 64.399 62.04 73.359 67.907 63.891 60.022 57.531 73.949 66.593 62.106 59.466 57.48 58.563 58.713 58.273 57.32 55.966 60.572 63.6 60.271 54.839 53.465 52.551 56.755
16.539195 64.036 69.252 76.774 78.561 72.735 68.606 66.247 77.565 72.114 68.098 64.228 61.738 78.155 70.8 66.312 63.673 61.687 62.77 62.919 62.479 61.526 60.172 64.779 67.807 64.478 59.046 57.672 56.757 60.961
17.039412 68.501 73.717 81.239 83.026 77.2 73.071 70.712 82.03 76.578 72.562 68.693 66.203 82.62 75.264 70.777 68.138 66.151 67.234 67.384 66.944 65.991 64.637 69.244 72.272 68.942 63.511 62.137 61.222 65.426
17.554757 73.24 78.456 85.978 87.765 81.939 77.81 75.451 86.769 81.317 77.301 73.432 70.942 87.359 80.003 75.516 72.877 70.89 71.973 72.123 71.683 70.73 69.376 73.983 77.011 73.681 68.25 66.876 65.961 70.165
18.085689 78.27 83.486 91.008 92.795 86.969 82.84 80.481 91.799 86.347 82.331 78.462 75.972 92.389 85.033 80.546 77.907 75.92 77.003 77.153 76.713 75.76 74.406 79.013 82.04 78.711 73.28 71.906 70.991 75.195
18.632678 83.609 88.825 96.347 98.134 92.308 88.178 85.82 97.138 91.686 87.67 83.801 81.31 97.728 90.372 85.885 83.245 81.259 82.342 82.492 82.052 81.099 79.745 84.352 87.379 84.05 78.619 77.245 76.33 80.534
19.196211 89.276 94.491 102.014 103.801 97.975 93.845 91.486 102.805 97.353 93.337 89.467 86.977 103.394 96.039 91.551 88.912 86.926 88.009 88.159 87.719 86.766 85.412 90.018 93.046 89.717 84.285 82.911 81.997 86.201
19.776787 95.29 100.506 108.028 109.815 103.989 99.86 97.501 108.819 103.368 99.352 95.482 92.992 109.409 102.054 97.566 94.927 92.94 94.024 94.173 93.733 92.78 91.426 96.033 99.061 95.732 90.3 88.926 88.011 92.215
20.374923 101.674 106.89 114.412 116.199 110.373 106.244 103.885 115.203 109.752 105.735 101.866 99.376 115.793 108.437 103.95 101.311 99.324 100.407 100.557 100.117 99.164 97.81 102.417 105.445 102.115 96.684 95.31 94.395 98.599
20.991149 108.45 113.666 121.188 122.975 117.149 113.02 110.661 121.979 116.527 112.511 108.642 106.152 122.569 115.213 110.726 108.087 106.1 107.183 107.333 106.893 105.94 104.586 109.193 112.221 108.891 103.46 102.086 101.171 105.375
21.626011 115.642 120.858 128.38 130.167 124.341 120.212 117.853 129.171 123.719 119.703 115.834 113.344 129.761 122.405 117.918 115.279 113.292 114.375 114.525 114.085 113.132 111.778 116.385 119.413 116.083 110.652 109.278 108.363 112.567
22.280075 123.276 128.491 136.014 137.801 131.975 127.845 125.486 136.805 131.353 127.337 123.468 120.977 137.395 130.039 125.552 122.912 120.926 122.009 122.159 121.719 120.766 119.412 124.018 127.046 123.717 118.285 116.911 115.997 120.201
22.953921 131.378 136.594 144.116 145.903 140.077 135.948 133.589 144.907 139.455 135.439 131.57 129.08 145.497 138.141 133.654 131.015 129.028 130.111 130.261 129.821 128.868 127.514 132.121 135.148 131.819 126.388 125.014 124.099 128.303
23.648147 139.978 145.194 152.716 154.503 148.677 144.547 142.189 153.507 148.055 144.039 140.17 137.679 154.097 146.741 142.254 139.614 137.628 138.711 138.861 138.421 137.468 136.114 140.721 143.748 140.419 134.988 133.614 132.699 136.903
24.363369 149.106 154.322 161.844 163.631 157.805 153.675 151.316 162.635 157.183 153.167 149.298 146.807 163.225 155.869 151.382 148.742 146.756 147.839 147.989 147.549 146.596 145.242 149.849 152.876 149.547 144.116 142.741 141.827 146.031
25.100222 158.794 164.01 171.532 173.319 167.493 163.364 161.005 172.323 166.872 162.856 158.986 156.496 172.913 165.558 161.07 158.431 156.445 157.528 157.677 157.237 156.284 154.93 159.537 162.565 159.236 153.804 152.43 151.516 155.719
25.859362 169.078 174.293 181.816 183.603 177.777 173.647 171.288 182.607 177.155 173.139 169.269 166.779 183.196 175.841 171.353 168.714 166.728 167.811 167.961 167.52 166.568 165.214 169.82 172.848 169.519 164.087 162.713 161.799 166.003
26.64146 179.992 185.208 192.73 194.518 188.692 184.562 182.203 193.521 188.07 184.054 180.184 177.694 194.111 186.756 182.268 179.629 177.643 178.726 178.875 178.435 177.483 176.128 180.735 183.763 180.434 175.002 173.628 172.714 176.917
27.447213 191.577 196.793 204.315 206.102 200.276 196.147 193.788 205.106 199.655 195.639 191.769 189.279 205.696 198.341 193.853 191.214 189.227 190.311 190.46 190.02 189.067 187.713 192.32 195.348 192.019 186.587 185.213 184.298 188.502
28.277335 203.874 209.089 216.612 218.399 212.573 208.443 206.084 217.403 211.951 207.935 204.065 201.575 217.992 210.637 206.149 203.51 201.524 202.607 202.756 202.316 201.364 200.01 204.616 207.644 204.315 198.883 197.509 196.595 200.799
29.132564 216.925 222.141 229.663 231.45 225.624 221.494 219.135 230.454 225.002 220.986 217.117 214.626 231.044 223.688 219.201 216.561 214.575 215.658 215.808 215.368 214.415 213.061 217.668 220.695 217.366 211.934 210.56 209.646 213.85
30.013659 230.778 235.993 243.516 245.303 239.477 235.347 232.988 244.307 238.855 234.839 230.969 228.479 244.896 237.541 233.053 230.414 228.428 229.511 229.66 229.22 228.268 226.914 231.52 234.548 231.219 225.787 224.413 223.499 227.703
30.921401 245.481 250.697 258.219 260.006 254.18 250.05 247.691 259.01 253.558 249.542 245.673 243.182 259.6 252.244 247.757 245.117 243.131 244.214 244.364 243.924 242.971 241.617 246.224 249.251 245.922 240.491 239.116 238.202 242.406
31.856598 261.087 266.303 273.825 275.612 269.786 265.657 263.298 274.616 269.164 265.148 261.279 258.788 275.206 267.85 263.363 260.724 258.737 259.82 259.97 259.53 258.577 257.223 261.83 264.857 261.528 256.097 254.723 253.808 258.012
32.820079 277.651 282.867 290.389 292.177 286.351 282.221 279.862 291.181 285.729 281.713 277.843 275.353 291.77 284.415 279.927 277.288 275.302 276.385 276.534 276.094 275.142 273.788 278.394 281.422 278.093 272.661 271.287 270.373 274.577
33.8127 295.233 300.449 307.971 309.758 303.932 299.802 297.444 308.762 303.31 299.294 295.425 292.934 309.352 301.996 297.509 294.87 292.883 293.966 294.116 293.676 292.723 291.369 295.976 299.003 295.674 290.243 288.869 287.954 292.158
34.835342 313.894 319.11 326.632 328.419 322.593 318.464 316.105 327.423 321.971 317.955 314.086 311.596 328.013 320.657 316.17 313.531 311.544 312.627 312.777 312.337 311.384 310.03 314.637 317.664 314.335 308.904 307.53 306.615 310.819
35.888913 333.701 338.917 346.439 348.226 342.4 338.271 335.912 347.23 341.778 337.762 333.893 331.403 347.82 340.464 335.977 333.338 331.351 332.434 332.584 332.144 331.191 329.837 334.444 337.471 334.142 328.711 327.337 326.422 330.626
36.974349 354.724 359.94 367.462 369.249 363.423 359.294 356.935 368.253 362.802 358.785 354.916 352.426 368.843 361.487 357.0 354.361 352.374 353.457 353.607 353.167 352.214 350.86 355.467 358.495 355.166 349.734 348.36 347.445 351.649
38.092613 377.038 382.254 389.776 391.563 385.737 381.608 379.249 390.567 385.116 381.1 377.23 374.74 391.157 383.802 379.314 376.675 374.689 375.772 375.921 375.481 374.528 373.174 377.781 380.809 377.48 372.048 370.674 369.759 373.963
39.244698 400.723 405.938 413.461 415.248 409.422 405.292 402.933 414.252 408.8 404.784 400.914 398.424 414.841 407.486 402.998 400.359 398.373 399.456 399.605 399.165 398.213 396.859 401.465 404.493 401.164 395.732 394.358 393.444 397.648
40.431627 425.861 431.077 438.599 440.386 434.56 430.43 428.072 439.39 433.938 429.922 426.053 423.562 439.98 432.624 428.137 425.498 423.511 424.594 424.744 424.304 423.351 421.997 426.604 429.631 426.302 420.871 419.497 418.582 422.786
41.654454 452.543 457.759 465.281 467.068 461.242 457.113 454.754 466.072 460.62 456.604 452.735 450.245 466.662 459.306 454.819 452.18 450.193 451.276 451.426 450.986 450.033 448.679 453.286 456.313 452.984 447.553 446.179 445.264 449.468
42.914265 480.864 486.079 493.602 495.389 489.563 485.433 483.074 494.393 488.941 484.925 481.055 478.565 494.982 487.627 483.139 480.5 478.514 479.597 479.746 479.306 478.354 477.0 481.606 484.634 481.305 475.873 474.499 473.585 477.789
