web/models/kne.last_good/kappa_0.5_3.0.v1/37/villar_0.0148_0.0300_3.0000.dat
# %ECSV 1.0
# ---
# datatype:
# - {name: time, datatype: float64}
# - {name: swift_uvot_uvw2, datatype: float64}
# - {name: swift_uvot_uvm2, datatype: float64}
# - {name: swift_uvot_uvw1, datatype: float64}
# - {name: swift_uvot_U, datatype: float64}
# - {name: swift_uvot_B, datatype: float64}
# - {name: swift_uvot_V, datatype: float64}
# - {name: swift_uvot_W, datatype: float64}
# - {name: johnson_U, datatype: float64}
# - {name: johnson_B, datatype: float64}
# - {name: johnson_V, datatype: float64}
# - {name: johnson_R, datatype: float64}
# - {name: johnson_I, datatype: float64}
# - {name: sdss_u, datatype: float64}
# - {name: sdss_g, datatype: float64}
# - {name: sdss_r, datatype: float64}
# - {name: sdss_i, datatype: float64}
# - {name: sdss_z, datatype: float64}
# - {name: PS1_g, datatype: float64}
# - {name: PS1_r, datatype: float64}
# - {name: PS1_i, datatype: float64}
# - {name: PS1_z, datatype: float64}
# - {name: PS1_Y, datatype: float64}
# - {name: PS1_w, datatype: float64}
# - {name: ATLAS_c, datatype: float64}
# - {name: ATLAS_o, datatype: float64}
# - {name: ukirt_J, datatype: float64}
# - {name: ukirt_H, datatype: float64}
# - {name: ukirt_K, datatype: float64}
# - {name: Clear, datatype: float64}
# meta: !!omap
# - comment: [kappa = 3.0, type = villar, mass = 0.014775890654408853, velocity = 0.030000000000000027, theta_obs = 0.0]
# schema: astropy-2.0
time swift_uvot_uvw2 swift_uvot_uvm2 swift_uvot_uvw1 swift_uvot_U swift_uvot_B swift_uvot_V swift_uvot_W johnson_U johnson_B johnson_V johnson_R johnson_I sdss_u sdss_g sdss_r sdss_i sdss_z PS1_g PS1_r PS1_i PS1_z PS1_Y PS1_w ATLAS_c ATLAS_o ukirt_J ukirt_H ukirt_K Clear
[from data line 154]
0.098355 -10.432 -10.399 -10.351 -10.154 -9.903 -9.6 -10.211 -10.119 -9.899 -9.59 -9.254 -8.851 -10.127 -9.807 -9.408 -9.095 -8.791 -9.79 -9.433 -9.125 -8.914 -8.869 -9.45 -9.652 -9.279 -8.167 -7.648 -7.039 -9.51
0.101329 -10.463 -10.434 -10.387 -10.197 -9.948 -9.647 -10.249 -10.162 -9.944 -9.637 -9.303 -8.901 -10.17 -9.853 -9.456 -9.144 -8.842 -9.836 -9.481 -9.174 -8.963 -8.917 -9.498 -9.699 -9.327 -8.219 -7.7 -7.092 -9.557
0.104394 -10.493 -10.468 -10.424 -10.239 -9.993 -9.694 -10.286 -10.205 -9.99 -9.685 -9.351 -8.951 -10.213 -9.899 -9.504 -9.194 -8.892 -9.882 -9.529 -9.223 -9.012 -8.964 -9.545 -9.745 -9.376 -8.27 -7.752 -7.145 -9.605
0.107551 -10.523 -10.501 -10.46 -10.281 -10.038 -9.741 -10.323 -10.248 -10.035 -9.732 -9.4 -9.001 -10.255 -9.945 -9.552 -9.243 -8.942 -9.928 -9.576 -9.272 -9.061 -9.012 -9.593 -9.792 -9.425 -8.322 -7.804 -7.198 -9.652
0.110804 -10.552 -10.535 -10.496 -10.323 -10.083 -9.789 -10.36 -10.29 -10.08 -9.779 -9.449 -9.051 -10.298 -9.991 -9.6 -9.292 -8.992 -9.974 -9.624 -9.32 -9.11 -9.059 -9.64 -9.839 -9.473 -8.373 -7.856 -7.25 -9.699
0.114155 -10.582 -10.568 -10.532 -10.365 -10.128 -9.836 -10.397 -10.333 -10.124 -9.826 -9.497 -9.101 -10.34 -10.036 -9.648 -9.342 -9.042 -10.019 -9.672 -9.369 -9.159 -9.107 -9.688 -9.885 -9.522 -8.424 -7.909 -7.303 -9.745
0.117608 -10.611 -10.601 -10.567 -10.407 -10.173 -9.882 -10.434 -10.375 -10.169 -9.873 -9.546 -9.151 -10.382 -10.082 -9.696 -9.391 -9.092 -10.065 -9.719 -9.418 -9.208 -9.155 -9.735 -9.932 -9.57 -8.476 -7.961 -7.356 -9.792
0.121165 -10.639 -10.634 -10.603 -10.448 -10.217 -9.929 -10.47 -10.417 -10.214 -9.92 -9.594 -9.201 -10.424 -10.127 -9.744 -9.44 -9.142 -10.11 -9.767 -9.466 -9.257 -9.202 -9.782 -9.978 -9.618 -8.527 -8.013 -7.408 -9.839
0.124829 -10.668 -10.666 -10.638 -10.49 -10.262 -9.976 -10.507 -10.459 -10.258 -9.966 -9.643 -9.25 -10.466 -10.172 -9.792 -9.489 -9.192 -10.155 -9.814 -9.515 -9.305 -9.25 -9.829 -10.024 -9.667 -8.578 -8.065 -7.461 -9.886
0.128605 -10.696 -10.698 -10.673 -10.531 -10.306 -10.023 -10.543 -10.501 -10.303 -10.013 -9.691 -9.3 -10.508 -10.217 -9.839 -9.538 -9.242 -10.2 -9.861 -9.563 -9.354 -9.297 -9.876 -10.07 -9.715 -8.63 -8.117 -7.514 -9.932
0.132494 -10.724 -10.73 -10.707 -10.572 -10.35 -10.069 -10.579 -10.542 -10.347 -10.06 -9.739 -9.35 -10.55 -10.262 -9.887 -9.587 -9.292 -10.245 -9.908 -9.612 -9.403 -9.345 -9.923 -10.116 -9.763 -8.681 -8.169 -7.566 -9.978
0.136502 -10.751 -10.761 -10.742 -10.613 -10.394 -10.116 -10.614 -10.584 -10.391 -10.106 -9.787 -9.399 -10.591 -10.307 -9.935 -9.635 -9.342 -10.29 -9.956 -9.66 -9.452 -9.392 -9.97 -10.162 -9.811 -8.732 -8.221 -7.619 -10.025
0.14063 -10.778 -10.793 -10.776 -10.654 -10.438 -10.162 -10.65 -10.625 -10.435 -10.153 -9.835 -9.449 -10.632 -10.352 -9.982 -9.684 -9.392 -10.335 -10.003 -9.708 -9.5 -9.44 -10.017 -10.208 -9.859 -8.783 -8.272 -7.671 -10.071
0.144883 -10.805 -10.824 -10.81 -10.694 -10.482 -10.208 -10.685 -10.666 -10.478 -10.199 -9.883 -9.498 -10.673 -10.396 -10.029 -9.733 -9.441 -10.38 -10.05 -9.756 -9.549 -9.487 -10.064 -10.254 -9.906 -8.834 -8.324 -7.724 -10.117
0.149265 -10.832 -10.854 -10.843 -10.735 -10.526 -10.254 -10.72 -10.707 -10.522 -10.245 -9.931 -9.547 -10.714 -10.441 -10.076 -9.781 -9.491 -10.424 -10.096 -9.805 -9.597 -9.535 -10.11 -10.299 -9.954 -8.885 -8.376 -7.776 -10.163
0.15378 -10.858 -10.885 -10.877 -10.775 -10.569 -10.3 -10.755 -10.748 -10.566 -10.291 -9.979 -9.597 -10.755 -10.485 -10.124 -9.83 -9.54 -10.469 -10.143 -9.853 -9.646 -9.582 -10.157 -10.345 -10.002 -8.936 -8.428 -7.829 -10.209
0.15843 -10.884 -10.915 -10.91 -10.815 -10.613 -10.346 -10.79 -10.788 -10.609 -10.337 -10.026 -9.646 -10.795 -10.53 -10.171 -9.878 -9.59 -10.513 -10.19 -9.901 -9.694 -9.63 -10.203 -10.39 -10.049 -8.987 -8.48 -7.881 -10.255
0.163222 -10.91 -10.944 -10.943 -10.855 -10.656 -10.392 -10.824 -10.829 -10.652 -10.383 -10.074 -9.695 -10.835 -10.574 -10.217 -9.927 -9.639 -10.557 -10.236 -9.949 -9.743 -9.677 -10.249 -10.435 -10.097 -9.038 -8.531 -7.933 -10.3
0.168159 -10.935 -10.974 -10.975 -10.894 -10.699 -10.438 -10.858 -10.869 -10.695 -10.428 -10.121 -9.744 -10.876 -10.618 -10.264 -9.975 -9.688 -10.601 -10.283 -9.996 -9.791 -9.725 -10.295 -10.48 -10.144 -9.089 -8.583 -7.986 -10.346
0.173245 -10.96 -11.003 -11.008 -10.934 -10.742 -10.483 -10.892 -10.909 -10.738 -10.474 -10.169 -9.793 -10.915 -10.661 -10.311 -10.023 -9.738 -10.645 -10.329 -10.044 -9.839 -9.772 -10.341 -10.525 -10.192 -9.14 -8.635 -8.038 -10.391
0.178484 -10.984 -11.032 -11.04 -10.973 -10.785 -10.529 -10.926 -10.949 -10.781 -10.52 -10.216 -9.842 -10.955 -10.705 -10.358 -10.071 -9.787 -10.689 -10.376 -10.092 -9.887 -9.819 -10.387 -10.57 -10.239 -9.19 -8.686 -8.09 -10.437
0.183882 -11.009 -11.06 -11.071 -11.012 -10.827 -10.574 -10.96 -10.988 -10.824 -10.565 -10.263 -9.891 -10.995 -10.749 -10.404 -10.119 -9.836 -10.733 -10.422 -10.14 -9.936 -9.867 -10.433 -10.615 -10.286 -9.241 -8.738 -8.143 -10.482
0.189444 -11.033 -11.088 -11.103 -11.051 -10.87 -10.619 -10.993 -11.028 -10.866 -10.61 -10.31 -9.94 -11.034 -10.792 -10.451 -10.167 -9.885 -10.777 -10.468 -10.187 -9.984 -9.914 -10.479 -10.66 -10.333 -9.292 -8.789 -8.195 -10.527
0.195173 -11.056 -11.116 -11.134 -11.089 -10.912 -10.664 -11.026 -11.067 -10.909 -10.655 -10.358 -9.989 -11.073 -10.835 -10.497 -10.215 -9.934 -10.82 -10.514 -10.235 -10.032 -9.961 -10.525 -10.704 -10.38 -9.342 -8.841 -8.247 -10.572
0.201076 -11.079 -11.143 -11.165 -11.128 -10.954 -10.709 -11.059 -11.106 -10.951 -10.7 -10.404 -10.037 -11.112 -10.878 -10.543 -10.263 -9.983 -10.863 -10.56 -10.282 -10.08 -10.008 -10.57 -10.749 -10.427 -9.393 -8.892 -8.299 -10.617
0.207158 -11.102 -11.17 -11.196 -11.166 -10.996 -10.754 -11.092 -11.145 -10.993 -10.745 -10.451 -10.086 -11.151 -10.921 -10.589 -10.311 -10.032 -10.906 -10.606 -10.329 -10.128 -10.056 -10.616 -10.793 -10.473 -9.443 -8.944 -8.351 -10.662
0.213423 -11.125 -11.197 -11.226 -11.204 -11.038 -10.799 -11.124 -11.184 -11.035 -10.79 -10.498 -10.134 -11.19 -10.964 -10.635 -10.358 -10.081 -10.949 -10.652 -10.377 -10.176 -10.103 -10.661 -10.837 -10.52 -9.494 -8.995 -8.404 -10.706
0.219878 -11.147 -11.223 -11.256 -11.241 -11.08 -10.843 -11.157 -11.222 -11.076 -10.835 -10.545 -10.183 -11.228 -11.007 -10.681 -10.406 -10.129 -10.992 -10.697 -10.424 -10.223 -10.15 -10.706 -10.881 -10.567 -9.544 -9.046 -8.456 -10.751
0.226528 -11.168 -11.249 -11.286 -11.279 -11.121 -10.888 -11.189 -11.26 -11.118 -10.879 -10.591 -10.231 -11.266 -11.049 -10.727 -10.453 -10.178 -11.035 -10.743 -10.471 -10.271 -10.197 -10.751 -10.925 -10.613 -9.595 -9.098 -8.508 -10.795
0.233379 -11.189 -11.275 -11.315 -11.316 -11.163 -10.932 -11.221 -11.298 -11.159 -10.924 -10.638 -10.279 -11.304 -11.092 -10.773 -10.501 -10.227 -11.078 -10.788 -10.518 -10.319 -10.244 -10.796 -10.968 -10.659 -9.645 -9.149 -8.56 -10.84
0.240437 -11.21 -11.3 -11.344 -11.353 -11.204 -10.976 -11.252 -11.336 -11.2 -10.968 -10.684 -10.328 -11.342 -11.134 -10.818 -10.548 -10.275 -11.12 -10.833 -10.565 -10.366 -10.291 -10.841 -11.012 -10.706 -9.695 -9.2 -8.612 -10.884
0.247709 -11.231 -11.325 -11.373 -11.39 -11.245 -11.021 -11.283 -11.374 -11.241 -11.012 -10.73 -10.376 -11.379 -11.176 -10.864 -10.595 -10.323 -11.162 -10.879 -10.612 -10.414 -10.338 -10.886 -11.055 -10.752 -9.745 -9.251 -8.664 -10.928
0.255201 -11.251 -11.349 -11.401 -11.427 -11.286 -11.064 -11.314 -11.411 -11.282 -11.056 -10.777 -10.424 -11.416 -11.218 -10.909 -10.642 -10.372 -11.205 -10.924 -10.658 -10.461 -10.385 -10.93 -11.099 -10.798 -9.795 -9.302 -8.716 -10.972
0.262919 -11.271 -11.373 -11.429 -11.463 -11.326 -11.108 -11.345 -11.448 -11.323 -11.1 -10.823 -10.472 -11.453 -11.26 -10.954 -10.689 -10.42 -11.246 -10.969 -10.705 -10.509 -10.432 -10.975 -11.142 -10.844 -9.846 -9.353 -8.767 -11.015
0.270871 -11.29 -11.397 -11.457 -11.499 -11.367 -11.152 -11.376 -11.485 -11.363 -11.143 -10.868 -10.52 -11.49 -11.301 -10.999 -10.736 -10.468 -11.288 -11.014 -10.752 -10.556 -10.478 -11.019 -11.185 -10.889 -9.896 -9.404 -8.819 -11.059
0.279064 -11.309 -11.42 -11.484 -11.535 -11.407 -11.195 -11.406 -11.522 -11.403 -11.187 -10.914 -10.567 -11.527 -11.343 -11.044 -10.783 -10.516 -11.33 -11.058 -10.798 -10.603 -10.525 -11.063 -11.228 -10.935 -9.945 -9.455 -8.871 -11.103
0.287504 -11.327 -11.443 -11.511 -11.571 -11.447 -11.239 -11.436 -11.558 -11.444 -11.23 -10.96 -10.615 -11.563 -11.384 -11.089 -10.829 -10.564 -11.371 -11.103 -10.844 -10.651 -10.572 -11.107 -11.27 -10.981 -9.995 -9.506 -8.923 -11.146
0.296199 -11.345 -11.466 -11.538 -11.606 -11.487 -11.282 -11.466 -11.594 -11.483 -11.274 -11.006 -10.663 -11.599 -11.425 -11.134 -10.876 -10.612 -11.413 -11.147 -10.891 -10.698 -10.619 -11.151 -11.313 -11.026 -10.045 -9.557 -8.975 -11.189
0.305157 -11.363 -11.488 -11.565 -11.642 -11.526 -11.325 -11.496 -11.63 -11.523 -11.317 -11.051 -10.71 -11.635 -11.466 -11.178 -10.922 -10.66 -11.454 -11.192 -10.937 -10.745 -10.665 -11.195 -11.355 -11.071 -10.095 -9.608 -9.026 -11.232
0.314387 -11.38 -11.509 -11.591 -11.676 -11.566 -11.368 -11.525 -11.666 -11.563 -11.36 -11.096 -10.758 -11.67 -11.506 -11.223 -10.969 -10.708 -11.495 -11.236 -10.983 -10.792 -10.712 -11.238 -11.397 -11.116 -10.145 -9.659 -9.078 -11.275
0.323895 -11.396 -11.53 -11.616 -11.711 -11.605 -11.411 -11.554 -11.701 -11.602 -11.403 -11.142 -10.805 -11.706 -11.547 -11.267 -11.015 -10.755 -11.536 -11.28 -11.029 -10.838 -10.758 -11.282 -11.439 -11.162 -10.194 -9.709 -9.13 -11.318
0.333691 -11.412 -11.551 -11.641 -11.745 -11.644 -11.453 -11.583 -11.736 -11.641 -11.445 -11.187 -10.852 -11.741 -11.587 -11.311 -11.061 -10.803 -11.576 -11.324 -11.075 -10.885 -10.805 -11.325 -11.481 -11.206 -10.244 -9.76 -9.181 -11.36
0.343783 -11.428 -11.571 -11.666 -11.779 -11.683 -11.496 -11.612 -11.771 -11.68 -11.488 -11.232 -10.899 -11.775 -11.627 -11.355 -11.107 -10.85 -11.617 -11.368 -11.121 -10.932 -10.851 -11.368 -11.523 -11.251 -10.293 -9.811 -9.233 -11.403
0.354181 -11.443 -11.591 -11.691 -11.813 -11.722 -11.538 -11.64 -11.806 -11.719 -11.53 -11.276 -10.947 -11.81 -11.667 -11.399 -11.153 -10.898 -11.657 -11.411 -11.166 -10.979 -10.898 -11.412 -11.565 -11.296 -10.343 -9.861 -9.284 -11.445
0.364893 -11.458 -11.611 -11.715 -11.847 -11.76 -11.58 -11.668 -11.84 -11.757 -11.572 -11.321 -10.993 -11.844 -11.707 -11.443 -11.199 -10.945 -11.697 -11.455 -11.212 -11.025 -10.944 -11.454 -11.606 -11.341 -10.392 -9.912 -9.336 -11.487
0.375929 -11.472 -11.629 -11.739 -11.88 -11.798 -11.622 -11.696 -11.874 -11.795 -11.614 -11.366 -11.04 -11.878 -11.746 -11.486 -11.245 -10.992 -11.737 -11.498 -11.257 -11.071 -10.99 -11.497 -11.647 -11.385 -10.441 -9.962 -9.387 -11.529
0.387298 -11.486 -11.648 -11.762 -11.913 -11.836 -11.664 -11.723 -11.908 -11.833 -11.656 -11.41 -11.087 -11.912 -11.786 -11.53 -11.29 -11.039 -11.777 -11.542 -11.303 -11.118 -11.036 -11.54 -11.688 -11.429 -10.491 -10.013 -9.438 -11.571
0.399012 -11.499 -11.666 -11.785 -11.945 -11.874 -11.705 -11.75 -11.942 -11.871 -11.698 -11.454 -11.134 -11.945 -11.825 -11.573 -11.335 -11.086 -11.816 -11.585 -11.348 -11.164 -11.082 -11.582 -11.729 -11.473 -10.54 -10.063 -9.49 -11.613
0.41108 -11.512 -11.683 -11.808 -11.978 -11.912 -11.747 -11.777 -11.975 -11.908 -11.739 -11.499 -11.18 -11.978 -11.863 -11.616 -11.381 -11.133 -11.855 -11.628 -11.393 -11.21 -11.128 -11.624 -11.77 -11.517 -10.589 -10.113 -9.541 -11.654
0.423513 -11.524 -11.7 -11.83 -12.01 -11.949 -11.788 -11.804 -12.008 -11.946 -11.78 -11.543 -11.227 -12.011 -11.902 -11.659 -11.426 -11.18 -11.894 -11.671 -11.438 -11.256 -11.174 -11.667 -11.81 -11.561 -10.638 -10.163 -9.592 -11.696
0.436321 -11.536 -11.716 -11.851 -12.041 -11.986 -11.829 -11.83 -12.04 -11.983 -11.822 -11.587 -11.273 -12.043 -11.941 -11.702 -11.471 -11.226 -11.933 -11.713 -11.483 -11.302 -11.22 -11.709 -11.85 -11.605 -10.687 -10.214 -9.643 -11.737
0.449518 -11.547 -11.732 -11.873 -12.073 -12.023 -11.87 -11.856 -12.073 -12.02 -11.862 -11.63 -11.319 -12.075 -11.979 -11.744 -11.516 -11.273 -11.972 -11.756 -11.527 -11.348 -11.266 -11.75 -11.89 -11.648 -10.736 -10.264 -9.694 -11.778
0.463113 -11.558 -11.748 -11.893 -12.104 -12.059 -11.911 -11.882 -12.105 -12.056 -11.903 -11.674 -11.365 -12.107 -12.017 -11.787 -11.561 -11.319 -12.01 -11.798 -11.572 -11.394 -11.311 -11.792 -11.93 -11.692 -10.784 -10.314 -9.746 -11.819
0.47712 -11.568 -11.762 -11.914 -12.134 -12.095 -11.951 -11.908 -12.136 -12.092 -11.944 -11.717 -11.411 -12.139 -12.054 -11.829 -11.605 -11.366 -12.048 -11.84 -11.616 -11.439 -11.357 -11.833 -11.97 -11.735 -10.833 -10.364 -9.797 -11.859
0.49155 -11.578 -11.777 -11.934 -12.165 -12.131 -11.991 -11.933 -12.168 -12.128 -11.984 -11.761 -11.457 -12.17 -12.092 -11.871 -11.65 -11.412 -12.086 -11.882 -11.661 -11.485 -11.402 -11.875 -12.009 -11.778 -10.882 -10.414 -9.848 -11.9
0.506416 -11.587 -11.79 -11.953 -12.195 -12.167 -12.031 -11.958 -12.199 -12.164 -12.024 -11.804 -11.503 -12.201 -12.129 -11.913 -11.694 -11.458 -12.124 -11.924 -11.705 -11.53 -11.448 -11.916 -12.048 -11.821 -10.93 -10.463 -9.898 -11.94
0.521733 -11.595 -11.803 -11.972 -12.224 -12.203 -12.071 -11.982 -12.229 -12.2 -12.064 -11.847 -11.548 -12.231 -12.166 -11.955 -11.738 -11.504 -12.162 -11.965 -11.749 -11.575 -11.493 -11.956 -12.087 -11.864 -10.979 -10.513 -9.949 -11.98
0.537512 -11.603 -11.816 -11.991 -12.254 -12.238 -12.111 -12.006 -12.26 -12.235 -12.104 -11.889 -11.594 -12.261 -12.203 -11.997 -11.782 -11.55 -12.199 -12.007 -11.793 -11.62 -11.538 -11.997 -12.126 -11.906 -11.027 -10.563 -10.0 -12.02
0.553769 -11.61 -11.828 -12.009 -12.282 -12.273 -12.15 -12.03 -12.289 -12.27 -12.143 -11.932 -11.639 -12.291 -12.239 -12.038 -11.826 -11.595 -12.236 -12.048 -11.836 -11.666 -11.584 -12.038 -12.165 -11.949 -11.075 -10.613 -10.051 -12.059
0.570517 -11.617 -11.839 -12.026 -12.311 -12.307 -12.189 -12.054 -12.319 -12.305 -12.182 -11.974 -11.684 -12.32 -12.275 -12.079 -11.87 -11.641 -12.273 -12.089 -11.88 -11.71 -11.629 -12.078 -12.203 -11.991 -11.124 -10.662 -10.102 -12.099
0.587772 -11.623 -11.85 -12.043 -12.339 -12.342 -12.228 -12.077 -12.348 -12.339 -12.221 -12.017 -11.729 -12.349 -12.311 -12.12 -11.914 -11.686 -12.309 -12.13 -11.923 -11.755 -11.674 -12.118 -12.241 -12.033 -11.172 -10.712 -10.152 -12.138
0.605549 -11.628 -11.86 -12.06 -12.367 -12.376 -12.267 -12.1 -12.377 -12.373 -12.26 -12.059 -11.774 -12.378 -12.347 -12.161 -11.957 -11.732 -12.345 -12.171 -11.967 -11.8 -11.718 -12.158 -12.279 -12.075 -11.22 -10.761 -10.203 -12.177
0.623863 -11.633 -11.87 -12.075 -12.394 -12.409 -12.305 -12.123 -12.406 -12.407 -12.299 -12.101 -11.819 -12.406 -12.382 -12.202 -12.0 -11.777 -12.381 -12.211 -12.01 -11.844 -11.763 -12.197 -12.316 -12.117 -11.267 -10.81 -10.253 -12.216
0.642731 -11.637 -11.878 -12.091 -12.421 -12.443 -12.344 -12.145 -12.434 -12.44 -12.337 -12.142 -11.863 -12.434 -12.417 -12.242 -12.043 -11.822 -12.417 -12.251 -12.053 -11.889 -11.808 -12.237 -12.354 -12.158 -11.315 -10.86 -10.304 -12.254
0.66217 -11.64 -11.887 -12.106 -12.448 -12.476 -12.382 -12.167 -12.461 -12.473 -12.375 -12.184 -11.908 -12.461 -12.452 -12.282 -12.086 -11.867 -12.452 -12.291 -12.096 -11.933 -11.852 -12.276 -12.391 -12.199 -11.363 -10.909 -10.354 -12.292
0.682197 -11.643 -11.894 -12.12 -12.474 -12.508 -12.419 -12.189 -12.489 -12.506 -12.413 -12.225 -11.952 -12.489 -12.487 -12.322 -12.129 -11.911 -12.487 -12.331 -12.138 -11.977 -11.897 -12.315 -12.427 -12.24 -11.41 -10.958 -10.405 -12.331
0.70283 -11.645 -11.901 -12.134 -12.499 -12.541 -12.457 -12.21 -12.515 -12.538 -12.45 -12.266 -11.996 -12.515 -12.521 -12.362 -12.171 -11.956 -12.522 -12.371 -12.181 -12.021 -11.941 -12.354 -12.464 -12.281 -11.458 -11.007 -10.455 -12.368
0.724086 -11.646 -11.907 -12.147 -12.525 -12.573 -12.494 -12.231 -12.542 -12.57 -12.488 -12.307 -12.04 -12.541 -12.555 -12.401 -12.214 -12.0 -12.557 -12.41 -12.223 -12.065 -11.985 -12.392 -12.5 -12.322 -11.505 -11.056 -10.505 -12.406
