web/models/kne.last_good/kappa_0.5_3.0.v1/37/villar_0.0275_0.3903_0.5000.dat
# %ECSV 1.0
# ---
# datatype:
# - {name: time, datatype: float64}
# - {name: swift_uvot_uvw2, datatype: float64}
# - {name: swift_uvot_uvm2, datatype: float64}
# - {name: swift_uvot_uvw1, datatype: float64}
# - {name: swift_uvot_U, datatype: float64}
# - {name: swift_uvot_B, datatype: float64}
# - {name: swift_uvot_V, datatype: float64}
# - {name: swift_uvot_W, datatype: float64}
# - {name: johnson_U, datatype: float64}
# - {name: johnson_B, datatype: float64}
# - {name: johnson_V, datatype: float64}
# - {name: johnson_R, datatype: float64}
# - {name: johnson_I, datatype: float64}
# - {name: sdss_u, datatype: float64}
# - {name: sdss_g, datatype: float64}
# - {name: sdss_r, datatype: float64}
# - {name: sdss_i, datatype: float64}
# - {name: sdss_z, datatype: float64}
# - {name: PS1_g, datatype: float64}
# - {name: PS1_r, datatype: float64}
# - {name: PS1_i, datatype: float64}
# - {name: PS1_z, datatype: float64}
# - {name: PS1_Y, datatype: float64}
# - {name: PS1_w, datatype: float64}
# - {name: ATLAS_c, datatype: float64}
# - {name: ATLAS_o, datatype: float64}
# - {name: ukirt_J, datatype: float64}
# - {name: ukirt_H, datatype: float64}
# - {name: ukirt_K, datatype: float64}
# - {name: Clear, datatype: float64}
# meta: !!omap
# - comment: [kappa = 0.5, type = villar, mass = 0.027507471329904786, velocity = 0.3903333333333333, theta_obs = 0.0]
# schema: astropy-2.0
time swift_uvot_uvw2 swift_uvot_uvm2 swift_uvot_uvw1 swift_uvot_U swift_uvot_B swift_uvot_V swift_uvot_W johnson_U johnson_B johnson_V johnson_R johnson_I sdss_u sdss_g sdss_r sdss_i sdss_z PS1_g PS1_r PS1_i PS1_z PS1_Y PS1_w ATLAS_c ATLAS_o ukirt_J ukirt_H ukirt_K Clear
[from data line 144]
0.073012 -12.798 -13.014 -13.193 -13.464 -13.453 -13.329 -13.214 -13.471 -13.45 -13.322 -13.11 -12.816 -13.472 -13.419 -13.216 -13.004 -12.772 -13.415 -13.226 -13.014 -12.843 -12.761 -13.216 -13.344 -13.127 -12.252 -11.789 -11.227 -13.238
0.07522 -12.808 -13.029 -13.214 -13.495 -13.489 -13.37 -13.239 -13.503 -13.486 -13.363 -13.154 -12.862 -13.504 -13.457 -13.259 -13.049 -12.819 -13.454 -13.269 -13.059 -12.889 -12.807 -13.258 -13.383 -13.17 -12.301 -11.839 -11.278 -13.279
0.077495 -12.817 -13.043 -13.233 -13.525 -13.525 -13.41 -13.265 -13.534 -13.522 -13.403 -13.197 -12.909 -13.535 -13.494 -13.301 -13.094 -12.866 -13.492 -13.311 -13.104 -12.935 -12.853 -13.299 -13.423 -13.214 -12.35 -11.889 -11.33 -13.32
0.079839 -12.826 -13.056 -13.253 -13.555 -13.561 -13.45 -13.29 -13.565 -13.558 -13.443 -13.24 -12.955 -13.566 -13.532 -13.343 -13.138 -12.912 -13.53 -13.353 -13.148 -12.981 -12.899 -13.341 -13.462 -13.257 -12.399 -11.94 -11.381 -13.36
0.082253 -12.834 -13.069 -13.272 -13.585 -13.596 -13.49 -13.316 -13.595 -13.594 -13.484 -13.284 -13.001 -13.596 -13.569 -13.385 -13.183 -12.958 -13.567 -13.395 -13.192 -13.026 -12.945 -13.382 -13.502 -13.3 -12.448 -11.99 -11.432 -13.4
0.084741 -12.842 -13.081 -13.29 -13.614 -13.632 -13.53 -13.34 -13.626 -13.629 -13.523 -13.327 -13.046 -13.626 -13.606 -13.427 -13.227 -13.005 -13.605 -13.437 -13.237 -13.072 -12.991 -13.423 -13.541 -13.343 -12.496 -12.04 -11.484 -13.44
0.087304 -12.849 -13.093 -13.308 -13.643 -13.667 -13.57 -13.365 -13.656 -13.664 -13.563 -13.37 -13.092 -13.656 -13.642 -13.469 -13.271 -13.051 -13.642 -13.478 -13.281 -13.117 -13.036 -13.463 -13.579 -13.385 -12.545 -12.09 -11.535 -13.48
0.089944 -12.856 -13.104 -13.325 -13.671 -13.702 -13.609 -13.389 -13.685 -13.699 -13.603 -13.412 -13.138 -13.685 -13.679 -13.51 -13.315 -13.097 -13.679 -13.52 -13.325 -13.163 -13.082 -13.504 -13.618 -13.428 -12.594 -12.14 -11.586 -13.52
0.092665 -12.862 -13.115 -13.342 -13.699 -13.736 -13.648 -13.413 -13.715 -13.734 -13.642 -13.455 -13.183 -13.714 -13.715 -13.552 -13.359 -13.142 -13.716 -13.561 -13.368 -13.208 -13.128 -13.544 -13.656 -13.47 -12.642 -12.19 -11.637 -13.56
0.095467 -12.868 -13.125 -13.359 -13.727 -13.77 -13.687 -13.437 -13.743 -13.768 -13.681 -13.497 -13.228 -13.743 -13.751 -13.593 -13.403 -13.188 -13.752 -13.602 -13.412 -13.253 -13.173 -13.585 -13.694 -13.512 -12.691 -12.24 -11.688 -13.599
0.098355 -12.872 -13.134 -13.375 -13.755 -13.804 -13.726 -13.46 -13.772 -13.802 -13.72 -13.54 -13.273 -13.771 -13.786 -13.634 -13.447 -13.234 -13.788 -13.643 -13.456 -13.298 -13.218 -13.625 -13.732 -13.554 -12.739 -12.29 -11.739 -13.638
0.101329 -12.877 -13.143 -13.391 -13.782 -13.838 -13.764 -13.483 -13.8 -13.835 -13.758 -13.582 -13.318 -13.799 -13.822 -13.674 -13.49 -13.279 -13.824 -13.683 -13.499 -13.343 -13.263 -13.664 -13.77 -13.596 -12.787 -12.339 -11.79 -13.677
0.104394 -12.88 -13.151 -13.406 -13.808 -13.871 -13.803 -13.506 -13.828 -13.869 -13.797 -13.623 -13.363 -13.827 -13.857 -13.715 -13.533 -13.324 -13.86 -13.724 -13.542 -13.387 -13.309 -13.704 -13.807 -13.638 -12.835 -12.389 -11.841 -13.716
0.107551 -12.884 -13.158 -13.42 -13.834 -13.904 -13.841 -13.528 -13.855 -13.902 -13.835 -13.665 -13.408 -13.854 -13.891 -13.755 -13.577 -13.37 -13.895 -13.764 -13.585 -13.432 -13.354 -13.743 -13.844 -13.679 -12.883 -12.439 -11.892 -13.754
0.110804 -12.886 -13.165 -13.434 -13.86 -13.936 -13.878 -13.55 -13.882 -13.934 -13.873 -13.707 -13.453 -13.881 -13.926 -13.795 -13.62 -13.415 -13.93 -13.804 -13.628 -13.476 -13.398 -13.782 -13.881 -13.721 -12.931 -12.488 -11.943 -13.793
0.114155 -12.888 -13.171 -13.448 -13.886 -13.969 -13.916 -13.572 -13.909 -13.967 -13.91 -13.748 -13.497 -13.907 -13.96 -13.835 -13.662 -13.459 -13.965 -13.844 -13.671 -13.52 -13.443 -13.821 -13.917 -13.762 -12.979 -12.538 -11.993 -13.831
0.117608 -12.889 -13.177 -13.46 -13.911 -14.001 -13.953 -13.593 -13.935 -13.999 -13.948 -13.789 -13.541 -13.933 -13.994 -13.875 -13.705 -13.504 -14.0 -13.883 -13.713 -13.565 -13.488 -13.86 -13.954 -13.803 -13.027 -12.587 -12.044 -13.868
0.121165 -12.889 -13.182 -13.473 -13.935 -14.032 -13.99 -13.614 -13.961 -14.03 -13.985 -13.83 -13.585 -13.959 -14.027 -13.914 -13.747 -13.549 -14.034 -13.922 -13.756 -13.609 -13.532 -13.898 -13.99 -13.843 -13.074 -12.636 -12.095 -13.906
0.124829 -12.889 -13.186 -13.484 -13.959 -14.064 -14.027 -13.635 -13.986 -14.062 -14.022 -13.871 -13.629 -13.984 -14.061 -13.953 -13.79 -13.593 -14.068 -13.962 -13.798 -13.652 -13.577 -13.937 -14.026 -13.884 -13.122 -12.685 -12.145 -13.943
0.128605 -12.888 -13.189 -13.496 -13.983 -14.095 -14.063 -13.655 -14.011 -14.093 -14.058 -13.911 -13.673 -14.008 -14.093 -13.992 -13.832 -13.637 -14.102 -14.0 -13.84 -13.696 -13.621 -13.975 -14.061 -13.924 -13.169 -12.734 -12.195 -13.98
0.132494 -12.887 -13.192 -13.506 -14.006 -14.125 -14.1 -13.675 -14.036 -14.123 -14.094 -13.951 -13.717 -14.032 -14.126 -14.031 -13.873 -13.681 -14.135 -14.039 -13.881 -13.739 -13.665 -14.012 -14.096 -13.964 -13.217 -12.783 -12.246 -14.017
0.136502 -12.884 -13.194 -13.516 -14.028 -14.155 -14.135 -13.695 -14.059 -14.154 -14.13 -13.991 -13.76 -14.056 -14.158 -14.069 -13.915 -13.725 -14.168 -14.077 -13.923 -13.783 -13.709 -14.05 -14.131 -14.004 -13.264 -12.832 -12.296 -14.054
0.14063 -12.881 -13.195 -13.526 -14.051 -14.185 -14.171 -13.714 -14.083 -14.183 -14.166 -14.031 -13.803 -14.079 -14.19 -14.107 -13.956 -13.769 -14.2 -14.116 -13.964 -13.826 -13.753 -14.087 -14.166 -14.043 -13.311 -12.881 -12.346 -14.09
0.144883 -12.878 -13.195 -13.534 -14.072 -14.215 -14.206 -13.733 -14.106 -14.213 -14.201 -14.071 -13.847 -14.102 -14.222 -14.145 -13.998 -13.813 -14.233 -14.153 -14.006 -13.869 -13.796 -14.124 -14.2 -14.082 -13.358 -12.93 -12.397 -14.126
0.149265 -12.873 -13.195 -13.542 -14.093 -14.244 -14.241 -13.752 -14.129 -14.242 -14.237 -14.11 -13.889 -14.124 -14.253 -14.183 -14.039 -13.856 -14.265 -14.191 -14.046 -13.912 -13.84 -14.161 -14.234 -14.121 -13.404 -12.978 -12.447 -14.162
0.15378 -12.868 -13.194 -13.55 -14.114 -14.272 -14.276 -13.77 -14.151 -14.271 -14.271 -14.149 -13.932 -14.146 -14.284 -14.22 -14.079 -13.899 -14.296 -14.228 -14.087 -13.954 -13.883 -14.197 -14.268 -14.16 -13.451 -13.027 -12.497 -14.197
0.15843 -12.862 -13.192 -13.556 -14.134 -14.3 -14.31 -13.788 -14.172 -14.299 -14.306 -14.188 -13.975 -14.167 -14.314 -14.257 -14.12 -13.942 -14.328 -14.265 -14.128 -13.997 -13.927 -14.233 -14.301 -14.199 -13.498 -13.075 -12.546 -14.233
0.163222 -12.855 -13.189 -13.562 -14.154 -14.328 -14.344 -13.805 -14.193 -14.327 -14.34 -14.226 -14.017 -14.188 -14.344 -14.294 -14.16 -13.985 -14.358 -14.302 -14.168 -14.039 -13.97 -14.269 -14.334 -14.237 -13.544 -13.123 -12.596 -14.268
0.168159 -12.848 -13.185 -13.568 -14.173 -14.355 -14.378 -13.822 -14.214 -14.354 -14.374 -14.265 -14.059 -14.208 -14.374 -14.331 -14.2 -14.028 -14.389 -14.339 -14.208 -14.081 -14.012 -14.305 -14.366 -14.275 -13.59 -13.172 -12.646 -14.302
0.173245 -12.839 -13.181 -13.572 -14.191 -14.382 -14.411 -13.838 -14.233 -14.381 -14.407 -14.303 -14.101 -14.227 -14.403 -14.367 -14.24 -14.07 -14.419 -14.375 -14.248 -14.123 -14.055 -14.34 -14.399 -14.313 -13.636 -13.22 -12.696 -14.336
0.178484 -12.83 -13.175 -13.576 -14.209 -14.409 -14.444 -13.855 -14.253 -14.408 -14.44 -14.34 -14.143 -14.246 -14.432 -14.403 -14.28 -14.112 -14.449 -14.411 -14.287 -14.164 -14.098 -14.375 -14.431 -14.35 -13.682 -13.268 -12.745 -14.37
0.183882 -12.82 -13.169 -13.579 -14.226 -14.435 -14.477 -13.87 -14.271 -14.434 -14.473 -14.378 -14.184 -14.265 -14.46 -14.438 -14.319 -14.154 -14.478 -14.446 -14.327 -14.206 -14.14 -14.41 -14.462 -14.387 -13.728 -13.315 -12.795 -14.404
0.189444 -12.809 -13.161 -13.582 -14.243 -14.46 -14.509 -13.885 -14.29 -14.459 -14.505 -14.415 -14.225 -14.283 -14.488 -14.473 -14.358 -14.196 -14.507 -14.481 -14.366 -14.247 -14.182 -14.444 -14.493 -14.424 -13.774 -13.363 -12.844 -14.437
0.195173 -12.797 -13.153 -13.583 -14.258 -14.485 -14.541 -13.9 -14.307 -14.484 -14.537 -14.452 -14.266 -14.3 -14.515 -14.508 -14.397 -14.238 -14.535 -14.516 -14.404 -14.288 -14.224 -14.478 -14.524 -14.461 -13.819 -13.411 -12.893 -14.47
0.201076 -12.784 -13.144 -13.584 -14.274 -14.509 -14.572 -13.914 -14.324 -14.509 -14.569 -14.488 -14.307 -14.316 -14.542 -14.543 -14.435 -14.279 -14.563 -14.551 -14.443 -14.329 -14.266 -14.511 -14.554 -14.497 -13.864 -13.458 -12.942 -14.503
0.207158 -12.77 -13.133 -13.584 -14.288 -14.533 -14.603 -13.928 -14.34 -14.533 -14.6 -14.524 -14.347 -14.332 -14.568 -14.577 -14.473 -14.32 -14.59 -14.585 -14.481 -14.369 -14.307 -14.545 -14.584 -14.533 -13.909 -13.505 -12.991 -14.535
0.213423 -12.755 -13.122 -13.583 -14.302 -14.557 -14.633 -13.941 -14.356 -14.556 -14.63 -14.56 -14.388 -14.347 -14.594 -14.611 -14.511 -14.361 -14.617 -14.618 -14.519 -14.409 -14.348 -14.577 -14.613 -14.568 -13.954 -13.552 -13.04 -14.567
0.219878 -12.739 -13.109 -13.581 -14.315 -14.579 -14.663 -13.954 -14.37 -14.579 -14.661 -14.596 -14.428 -14.361 -14.62 -14.644 -14.549 -14.401 -14.644 -14.652 -14.556 -14.449 -14.389 -14.61 -14.642 -14.603 -13.999 -13.599 -13.089 -14.599
0.226528 -12.722 -13.095 -13.578 -14.327 -14.602 -14.693 -13.966 -14.384 -14.601 -14.69 -14.631 -14.467 -14.375 -14.645 -14.677 -14.586 -14.442 -14.67 -14.685 -14.594 -14.489 -14.43 -14.642 -14.671 -14.638 -14.044 -13.646 -13.137 -14.63
0.233379 -12.705 -13.08 -13.574 -14.339 -14.623 -14.722 -13.977 -14.398 -14.623 -14.72 -14.666 -14.506 -14.388 -14.669 -14.71 -14.623 -14.481 -14.695 -14.717 -14.63 -14.528 -14.471 -14.673 -14.699 -14.672 -14.088 -13.693 -13.186 -14.66
0.240437 -12.686 -13.064 -13.569 -14.35 -14.644 -14.751 -13.988 -14.41 -14.644 -14.748 -14.7 -14.545 -14.4 -14.693 -14.742 -14.659 -14.521 -14.72 -14.749 -14.667 -14.567 -14.511 -14.705 -14.726 -14.706 -14.132 -13.739 -13.234 -14.691
0.247709 -12.666 -13.046 -13.563 -14.36 -14.664 -14.779 -13.999 -14.422 -14.664 -14.777 -14.734 -14.584 -14.411 -14.716 -14.773 -14.695 -14.56 -14.744 -14.781 -14.703 -14.606 -14.551 -14.735 -14.753 -14.74 -14.176 -13.785 -13.283 -14.72
0.255201 -12.644 -13.028 -13.556 -14.369 -14.684 -14.806 -14.009 -14.433 -14.684 -14.804 -14.767 -14.623 -14.422 -14.738 -14.805 -14.731 -14.599 -14.768 -14.812 -14.739 -14.644 -14.591 -14.766 -14.779 -14.773 -14.22 -13.832 -13.331 -14.75
0.262919 -12.622 -13.008 -13.548 -14.377 -14.703 -14.833 -14.018 -14.443 -14.703 -14.832 -14.8 -14.661 -14.431 -14.76 -14.835 -14.767 -14.638 -14.791 -14.843 -14.774 -14.682 -14.63 -14.795 -14.805 -14.806 -14.263 -13.877 -13.379 -14.778
0.270871 -12.599 -12.986 -13.539 -14.384 -14.721 -14.86 -14.026 -14.452 -14.721 -14.858 -14.833 -14.698 -14.44 -14.781 -14.865 -14.802 -14.677 -14.813 -14.873 -14.809 -14.72 -14.669 -14.825 -14.83 -14.838 -14.306 -13.923 -13.426 -14.807
0.279064 -12.574 -12.963 -13.529 -14.39 -14.738 -14.885 -14.034 -14.46 -14.739 -14.884 -14.865 -14.736 -14.447 -14.802 -14.895 -14.836 -14.715 -14.835 -14.903 -14.844 -14.757 -14.708 -14.854 -14.855 -14.87 -14.349 -13.969 -13.474 -14.835
0.287504 -12.548 -12.939 -13.517 -14.396 -14.755 -14.91 -14.041 -14.468 -14.756 -14.909 -14.897 -14.773 -14.454 -14.821 -14.924 -14.87 -14.752 -14.856 -14.932 -14.878 -14.794 -14.746 -14.882 -14.879 -14.901 -14.392 -14.014 -13.521 -14.862
0.296199 -12.52 -12.913 -13.505 -14.4 -14.77 -14.935 -14.047 -14.474 -14.771 -14.934 -14.928 -14.809 -14.46 -14.84 -14.953 -14.904 -14.789 -14.876 -14.961 -14.912 -14.831 -14.784 -14.91 -14.902 -14.932 -14.434 -14.059 -13.568 -14.889
0.305157 -12.492 -12.885 -13.491 -14.403 -14.785 -14.959 -14.053 -14.479 -14.786 -14.958 -14.959 -14.845 -14.465 -14.858 -14.981 -14.937 -14.826 -14.895 -14.989 -14.945 -14.867 -14.822 -14.937 -14.925 -14.962 -14.476 -14.104 -13.616 -14.915
0.314387 -12.462 -12.856 -13.475 -14.405 -14.799 -14.982 -14.058 -14.483 -14.801 -14.982 -14.989 -14.881 -14.468 -14.876 -15.008 -14.969 -14.863 -14.914 -15.016 -14.977 -14.903 -14.86 -14.963 -14.947 -14.992 -14.518 -14.148 -13.662 -14.94
0.323895 -12.43 -12.825 -13.458 -14.406 -14.812 -15.004 -14.062 -14.486 -14.814 -15.004 -15.018 -14.916 -14.47 -14.892 -15.035 -15.002 -14.899 -14.932 -15.043 -15.01 -14.938 -14.897 -14.989 -14.968 -15.021 -14.559 -14.193 -13.709 -14.965
0.333691 -12.397 -12.792 -13.44 -14.406 -14.824 -15.026 -14.065 -14.488 -14.826 -15.026 -15.047 -14.951 -14.472 -14.908 -15.061 -15.033 -14.934 -14.949 -15.069 -15.041 -14.973 -14.933 -15.014 -14.988 -15.049 -14.6 -14.237 -13.755 -14.99
0.343783 -12.362 -12.757 -13.42 -14.404 -14.835 -15.047 -14.067 -14.489 -14.838 -15.047 -15.076 -14.985 -14.472 -14.923 -15.086 -15.064 -14.969 -14.965 -15.094 -15.072 -15.007 -14.969 -15.039 -15.008 -15.077 -14.641 -14.28 -13.802 -15.013
0.354181 -12.326 -12.72 -13.399 -14.401 -14.846 -15.067 -14.068 -14.488 -14.848 -15.068 -15.103 -15.019 -14.47 -14.936 -15.111 -15.094 -15.004 -14.981 -15.119 -15.103 -15.041 -15.005 -15.063 -15.027 -15.104 -14.681 -14.324 -13.848 -15.036
0.364893 -12.289 -12.682 -13.376 -14.397 -14.854 -15.086 -14.068 -14.486 -14.857 -15.087 -15.13 -15.052 -14.468 -14.949 -15.135 -15.124 -15.038 -14.995 -15.143 -15.133 -15.074 -15.04 -15.086 -15.045 -15.131 -14.721 -14.367 -13.893 -15.058
0.375929 -12.249 -12.641 -13.351 -14.391 -14.862 -15.104 -14.068 -14.483 -14.865 -15.105 -15.156 -15.085 -14.464 -14.961 -15.158 -15.153 -15.071 -15.008 -15.166 -15.162 -15.107 -15.075 -15.108 -15.061 -15.157 -14.761 -14.41 -13.939 -15.08
0.387298 -12.208 -12.598 -13.324 -14.384 -14.869 -15.121 -14.066 -14.478 -14.872 -15.123 -15.182 -15.117 -14.458 -14.971 -15.18 -15.182 -15.104 -15.02 -15.188 -15.19 -15.139 -15.109 -15.13 -15.077 -15.182 -14.8 -14.452 -13.984 -15.1
0.399012 -12.165 -12.552 -13.296 -14.375 -14.874 -15.137 -14.063 -14.471 -14.877 -15.139 -15.206 -15.148 -14.451 -14.981 -15.201 -15.209 -15.136 -15.031 -15.21 -15.218 -15.17 -15.142 -15.15 -15.092 -15.206 -14.839 -14.494 -14.029 -15.12
0.41108 -12.121 -12.504 -13.266 -14.364 -14.878 -15.153 -14.059 -14.463 -14.882 -15.155 -15.23 -15.179 -14.442 -14.989 -15.222 -15.236 -15.168 -15.041 -15.23 -15.245 -15.201 -15.175 -15.17 -15.106 -15.229 -14.877 -14.536 -14.073 -15.139
0.423513 -12.074 -12.453 -13.233 -14.352 -14.881 -15.167 -14.053 -14.454 -14.884 -15.169 -15.253 -15.209 -14.432 -14.996 -15.241 -15.262 -15.199 -15.05 -15.25 -15.271 -15.231 -15.208 -15.189 -15.119 -15.252 -14.915 -14.578 -14.117 -15.157
0.436321 -12.025 -12.4 -13.199 -14.338 -14.882 -15.18 -14.046 -14.442 -14.886 -15.183 -15.275 -15.238 -14.419 -15.001 -15.259 -15.288 -15.229 -15.058 -15.268 -15.297 -15.261 -15.24 -15.207 -15.131 -15.273 -14.952 -14.618 -14.161 -15.174
0.449518 -11.975 -12.344 -13.162 -14.322 -14.882 -15.191 -14.038 -14.429 -14.886 -15.195 -15.296 -15.267 -14.405 -15.006 -15.277 -15.312 -15.259 -15.064 -15.286 -15.321 -15.289 -15.271 -15.223 -15.141 -15.294 -14.989 -14.659 -14.205 -15.19
0.463113 -11.922 -12.285 -13.122 -14.303 -14.88 -15.202 -14.029 -14.414 -14.884 -15.205 -15.316 -15.294 -14.389 -15.008 -15.293 -15.335 -15.287 -15.068 -15.302 -15.345 -15.317 -15.301 -15.239 -15.15 -15.313 -15.025 -14.699 -14.248 -15.204
0.47712 -11.868 -12.222 -13.081 -14.283 -14.876 -15.211 -14.018 -14.396 -14.881 -15.215 -15.336 -15.321 -14.371 -15.009 -15.308 -15.358 -15.315 -15.071 -15.317 -15.368 -15.344 -15.331 -15.254 -15.158 -15.332 -15.06 -14.739 -14.291 -15.218
0.49155 -11.811 -12.157 -13.036 -14.261 -14.87 -15.218 -14.005 -14.377 -14.876 -15.223 -15.353 -15.347 -14.35 -15.009 -15.322 -15.379 -15.342 -15.073 -15.331 -15.389 -15.37 -15.359 -15.267 -15.164 -15.349 -15.095 -14.778 -14.333 -15.231
0.506416 -11.752 -12.088 -12.989 -14.236 -14.863 -15.224 -13.991 -14.355 -14.869 -15.229 -15.37 -15.372 -14.327 -15.007 -15.334 -15.4 -15.368 -15.073 -15.344 -15.41 -15.395 -15.387 -15.279 -15.169 -15.365 -15.129 -14.816 -14.375 -15.242
0.521733 -11.691 -12.015 -12.939 -14.208 -14.854 -15.228 -13.975 -14.331 -14.86 -15.234 -15.386 -15.396 -14.302 -15.002 -15.345 -15.419 -15.393 -15.071 -15.355 -15.429 -15.42 -15.414 -15.29 -15.172 -15.38 -15.163 -14.854 -14.417 -15.252
