web/models/kne.last_good/kappa_0.5_3.0.v1/23/villar_0.0098_0.5000_0.5000.dat
# %ECSV 1.0
# ---
# datatype:
# - {name: time, datatype: float64}
# - {name: swift_uvot_uvw2, datatype: float64}
# - {name: swift_uvot_uvm2, datatype: float64}
# - {name: swift_uvot_uvw1, datatype: float64}
# - {name: swift_uvot_U, datatype: float64}
# - {name: swift_uvot_B, datatype: float64}
# - {name: swift_uvot_V, datatype: float64}
# - {name: swift_uvot_W, datatype: float64}
# - {name: johnson_U, datatype: float64}
# - {name: johnson_B, datatype: float64}
# - {name: johnson_V, datatype: float64}
# - {name: johnson_R, datatype: float64}
# - {name: johnson_I, datatype: float64}
# - {name: sdss_u, datatype: float64}
# - {name: sdss_g, datatype: float64}
# - {name: sdss_r, datatype: float64}
# - {name: sdss_i, datatype: float64}
# - {name: sdss_z, datatype: float64}
# - {name: PS1_g, datatype: float64}
# - {name: PS1_r, datatype: float64}
# - {name: PS1_i, datatype: float64}
# - {name: PS1_z, datatype: float64}
# - {name: PS1_Y, datatype: float64}
# - {name: PS1_w, datatype: float64}
# - {name: ATLAS_c, datatype: float64}
# - {name: ATLAS_o, datatype: float64}
# - {name: ukirt_J, datatype: float64}
# - {name: ukirt_H, datatype: float64}
# - {name: ukirt_K, datatype: float64}
# - {name: Clear, datatype: float64}
# meta: !!omap
# - comment: [kappa = 0.5, type = villar, mass = 0.009763877790252312, velocity = 0.5, theta_obs = 0.0]
# schema: astropy-2.0
time swift_uvot_uvw2 swift_uvot_uvm2 swift_uvot_uvw1 swift_uvot_U swift_uvot_B swift_uvot_V swift_uvot_W johnson_U johnson_B johnson_V johnson_R johnson_I sdss_u sdss_g sdss_r sdss_i sdss_z PS1_g PS1_r PS1_i PS1_z PS1_Y PS1_w ATLAS_c ATLAS_o ukirt_J ukirt_H ukirt_K Clear
[from data line 356]
40.431627 767.814 773.03 796.509 nan nan 787.076 770.083 nan 794.697 784.973 776.609 771.622 nan 793.309 782.099 776.58 772.114 766.549 766.753 766.732 766.316 764.571 777.818 784.371 777.552 766.387 762.887 760.261 764.785
41.654454 767.814 773.03 796.509 nan nan 787.076 770.083 nan 794.697 784.973 776.609 771.622 nan 793.309 782.099 776.58 772.114 766.549 766.753 766.732 766.316 764.571 777.818 784.371 777.552 766.387 762.887 760.261 764.785
42.914265 767.814 773.03 796.509 nan nan 787.076 770.083 nan 794.697 784.973 776.609 771.622 nan 793.309 782.099 776.58 772.114 766.549 766.753 766.732 766.316 764.571 777.818 784.371 777.552 766.387 762.887 760.261 764.785
44.212178 767.814 773.03 796.509 nan nan 787.076 770.083 nan 794.697 784.973 776.609 771.622 nan 793.309 782.099 776.58 772.114 766.549 766.753 766.732 766.316 764.571 777.818 784.371 777.552 766.387 762.887 760.261 764.785
45.549345 767.814 773.03 796.509 nan nan 787.076 770.083 nan 794.697 784.973 776.609 771.622 nan 793.309 782.099 776.58 772.114 766.549 766.753 766.732 766.316 764.571 777.818 784.371 777.552 766.387 762.887 760.261 764.785
46.926954 767.814 773.03 796.509 nan nan 787.076 770.083 nan 794.697 784.973 776.609 771.622 nan 793.309 782.099 776.58 772.114 766.549 766.753 766.732 766.316 764.571 777.818 784.371 777.552 766.387 762.887 760.261 764.785
48.346227 767.814 773.03 796.509 nan nan 787.076 770.083 nan 794.697 784.973 776.609 771.622 nan 793.309 782.099 776.58 772.114 766.549 766.753 766.732 766.316 764.571 777.818 784.371 777.552 766.387 762.887 760.261 764.785
49.808426 767.814 773.03 796.509 nan nan 787.076 770.083 nan 794.697 784.973 776.609 771.622 nan 793.309 782.099 776.58 772.114 766.549 766.753 766.732 766.316 764.571 777.818 784.371 777.552 766.387 762.887 760.261 764.785
51.314848 767.814 773.03 796.509 nan nan 787.076 770.083 nan 794.697 784.973 776.609 771.622 nan 793.309 782.099 776.58 772.114 766.549 766.753 766.732 766.316 764.571 777.818 784.371 777.552 766.387 762.887 760.261 764.785
52.86683 767.814 773.03 796.509 nan nan 787.076 770.083 nan 794.697 784.973 776.609 771.622 nan 793.309 782.099 776.58 772.114 766.549 766.753 766.732 766.316 764.571 777.818 784.371 777.552 766.387 762.887 760.261 764.785
54.465752 767.814 773.03 796.509 nan nan 787.076 770.083 nan 794.697 784.973 776.609 771.622 nan 793.309 782.099 776.58 772.114 766.549 766.753 766.732 766.316 764.571 777.818 784.371 777.552 766.387 762.887 760.261 764.785
56.113031 767.814 773.03 796.509 nan nan 787.076 770.083 nan 794.697 784.973 776.609 771.622 nan 793.309 782.099 776.58 772.114 766.549 766.753 766.732 766.316 764.571 777.818 784.371 777.552 766.387 762.887 760.261 764.785
57.810132 767.814 773.03 796.509 nan nan 787.076 770.083 nan 794.697 784.973 776.609 771.622 nan 793.309 782.099 776.58 772.114 766.549 766.753 766.732 766.316 764.571 777.818 784.371 777.552 766.387 762.887 760.261 764.785
59.55856 767.814 773.03 796.509 nan nan 787.076 770.083 nan 794.697 784.973 776.609 771.622 nan 793.309 782.099 776.58 772.114 766.549 766.753 766.732 766.316 764.571 777.818 784.371 777.552 766.387 762.887 760.261 764.785
61.359868 767.814 773.03 796.509 nan nan 787.076 770.083 nan 794.697 784.973 776.609 771.622 nan 793.309 782.099 776.58 772.114 766.549 766.753 766.732 766.316 764.571 777.818 784.371 777.552 766.387 762.887 760.261 764.785
63.215655 767.814 773.03 796.509 nan nan 787.076 770.083 nan 794.697 784.973 776.609 771.622 nan 793.309 782.099 776.58 772.114 766.549 766.753 766.732 766.316 764.571 777.818 784.371 777.552 766.387 762.887 760.261 764.785
65.127569 767.814 773.03 796.509 nan nan 787.076 770.083 nan 794.697 784.973 776.609 771.622 nan 793.309 782.099 776.58 772.114 766.549 766.753 766.732 766.316 764.571 777.818 784.371 777.552 766.387 762.887 760.261 764.785
67.097308 767.814 773.03 796.509 nan nan 787.076 770.083 nan 794.697 784.973 776.609 771.622 nan 793.309 782.099 776.58 772.114 766.549 766.753 766.732 766.316 764.571 777.818 784.371 777.552 766.387 762.887 760.261 764.785
69.126621 767.814 773.03 796.509 nan nan 787.076 770.083 nan 794.697 784.973 776.609 771.622 nan 793.309 782.099 776.58 772.114 766.549 766.753 766.732 766.316 764.571 777.818 784.371 777.552 766.387 762.887 760.261 764.785
71.217308 767.814 773.03 796.509 nan nan 787.076 770.083 nan 794.697 784.973 776.609 771.622 nan 793.309 782.099 776.58 772.114 766.549 766.753 766.732 766.316 764.571 777.818 784.371 777.552 766.387 762.887 760.261 764.785
73.371227 767.814 773.03 796.509 nan nan 787.076 770.083 nan 794.697 784.973 776.609 771.622 nan 793.309 782.099 776.58 772.114 766.549 766.753 766.732 766.316 764.571 777.818 784.371 777.552 766.387 762.887 760.261 764.785
75.59029 767.814 773.03 796.509 nan nan 787.076 770.083 nan 794.697 784.973 776.609 771.622 nan 793.309 782.099 776.58 772.114 766.549 766.753 766.732 766.316 764.571 777.818 784.371 777.552 766.387 762.887 760.261 764.785
77.876467 767.814 773.03 796.509 nan nan 787.076 770.083 nan 794.697 784.973 776.609 771.622 nan 793.309 782.099 776.58 772.114 766.549 766.753 766.732 766.316 764.571 777.818 784.371 777.552 766.387 762.887 760.261 764.785
80.231787 767.814 773.03 796.509 nan nan 787.076 770.083 nan 794.697 784.973 776.609 771.622 nan 793.309 782.099 776.58 772.114 766.549 766.753 766.732 766.316 764.571 777.818 784.371 777.552 766.387 762.887 760.261 764.785
82.658343 767.814 773.03 796.509 nan nan 787.076 770.083 nan 794.697 784.973 776.609 771.622 nan 793.309 782.099 776.58 772.114 766.549 766.753 766.732 766.316 764.571 777.818 784.371 777.552 766.387 762.887 760.261 764.785
85.158288 767.814 773.03 796.509 nan nan 787.076 770.083 nan 794.697 784.973 776.609 771.622 nan 793.309 782.099 776.58 772.114 766.549 766.753 766.732 766.316 764.571 777.818 784.371 777.552 766.387 762.887 760.261 764.785
87.733843 767.814 773.03 796.509 nan nan 787.076 770.083 nan 794.697 784.973 776.609 771.622 nan 793.309 782.099 776.58 772.114 766.549 766.753 766.732 766.316 764.571 777.818 784.371 777.552 766.387 762.887 760.261 764.785
90.387293 767.814 773.03 796.509 nan nan 787.076 770.083 nan 794.697 784.973 776.609 771.622 nan 793.309 782.099 776.58 772.114 766.549 766.753 766.732 766.316 764.571 777.818 784.371 777.552 766.387 762.887 760.261 764.785
93.120995 767.814 773.03 796.509 nan nan 787.076 770.083 nan 794.697 784.973 776.609 771.622 nan 793.309 782.099 776.58 772.114 766.549 766.753 766.732 766.316 764.571 777.818 784.371 777.552 766.387 762.887 760.261 764.785
95.937376 767.814 773.03 796.509 nan nan 787.076 770.083 nan 794.697 784.973 776.609 771.622 nan 793.309 782.099 776.58 772.114 766.549 766.753 766.732 766.316 764.571 777.818 784.371 777.552 766.387 762.887 760.261 764.785
98.838937 767.814 773.03 796.509 nan nan 787.076 770.083 nan 794.697 784.973 776.609 771.622 nan 793.309 782.099 776.58 772.114 766.549 766.753 766.732 766.316 764.571 777.818 784.371 777.552 766.387 762.887 760.261 764.785
101.828253 767.814 773.03 796.509 nan nan 787.076 770.083 nan 794.697 784.973 776.609 771.622 nan 793.309 782.099 776.58 772.114 766.549 766.753 766.732 766.316 764.571 777.818 784.371 777.552 766.387 762.887 760.261 764.785
104.907979 767.814 773.03 796.509 nan nan 787.076 770.083 nan 794.697 784.973 776.609 771.622 nan 793.309 782.099 776.58 772.114 766.549 766.753 766.732 766.316 764.571 777.818 784.371 777.552 766.387 762.887 760.261 764.785
108.080849 767.814 773.03 796.509 nan nan 787.076 770.083 nan 794.697 784.973 776.609 771.622 nan 793.309 782.099 776.58 772.114 766.549 766.753 766.732 766.316 764.571 777.818 784.371 777.552 766.387 762.887 760.261 764.785
111.349681 767.814 773.03 796.509 nan nan 787.076 770.083 nan 794.697 784.973 776.609 771.622 nan 793.309 782.099 776.58 772.114 766.549 766.753 766.732 766.316 764.571 777.818 784.371 777.552 766.387 762.887 760.261 764.785
114.717376 767.814 773.03 796.509 nan nan 787.076 770.083 nan 794.697 784.973 776.609 771.622 nan 793.309 782.099 776.58 772.114 766.549 766.753 766.732 766.316 764.571 777.818 784.371 777.552 766.387 762.887 760.261 764.785
118.186925 767.814 773.03 796.509 nan nan 787.076 770.083 nan 794.697 784.973 776.609 771.622 nan 793.309 782.099 776.58 772.114 766.549 766.753 766.732 766.316 764.571 777.818 784.371 777.552 766.387 762.887 760.261 764.785
121.761408 767.814 773.03 796.509 nan nan 787.076 770.083 nan 794.697 784.973 776.609 771.622 nan 793.309 782.099 776.58 772.114 766.549 766.753 766.732 766.316 764.571 777.818 784.371 777.552 766.387 762.887 760.261 764.785
125.443999 767.814 773.03 796.509 nan nan 787.076 770.083 nan 794.697 784.973 776.609 771.622 nan 793.309 782.099 776.58 772.114 766.549 766.753 766.732 766.316 764.571 777.818 784.371 777.552 766.387 762.887 760.261 764.785
129.237967 767.814 773.03 796.509 nan nan 787.076 770.083 nan 794.697 784.973 776.609 771.622 nan 793.309 782.099 776.58 772.114 766.549 766.753 766.732 766.316 764.571 777.818 784.371 777.552 766.387 762.887 760.261 764.785
133.146681 767.814 773.03 796.509 nan nan 787.076 770.083 nan 794.697 784.973 776.609 771.622 nan 793.309 782.099 776.58 772.114 766.549 766.753 766.732 766.316 764.571 777.818 784.371 777.552 766.387 762.887 760.261 764.785
137.173612 767.814 773.03 796.509 nan nan 787.076 770.083 nan 794.697 784.973 776.609 771.622 nan 793.309 782.099 776.58 772.114 766.549 766.753 766.732 766.316 764.571 777.818 784.371 777.552 766.387 762.887 760.261 764.785
141.322334 767.814 773.03 796.509 nan nan 787.076 770.083 nan 794.697 784.973 776.609 771.622 nan 793.309 782.099 776.58 772.114 766.549 766.753 766.732 766.316 764.571 777.818 784.371 777.552 766.387 762.887 760.261 764.785
145.596532 767.814 773.03 796.509 nan nan 787.076 770.083 nan 794.697 784.973 776.609 771.622 nan 793.309 782.099 776.58 772.114 766.549 766.753 766.732 766.316 764.571 777.818 784.371 777.552 766.387 762.887 760.261 764.785
150.0 767.814 773.03 796.509 nan nan 787.076 770.083 nan 794.697 784.973 776.609 771.622 nan 793.309 782.099 776.58 772.114 766.549 766.753 766.732 766.316 764.571 777.818 784.371 777.552 766.387 762.887 760.261 764.785
