web/models/linear/79/-19_163_0_001.dat
# %ECSV 1.0
# ---
# datatype:
# - {name: time, datatype: float64}
# - {name: sdss_u, datatype: float64}
# - {name: sdss_g, datatype: float64}
# - {name: sdss_r, datatype: float64}
# - {name: sdss_i, datatype: float64}
# - {name: sdss_z, datatype: float64}
# - {name: Clear, datatype: float64}
# - {name: johnson_B, datatype: float64}
# - {name: johnson_V, datatype: float64}
# - {name: johnson_R, datatype: float64}
# - {name: johnson_I, datatype: float64}
# - {name: ukirt_J, datatype: float64}
# - {name: ukirt_H, datatype: float64}
# - {name: ukirt_K, datatype: float64}
# meta: !!omap
# - comment: [M=-19.163265306122447, dM=0.001363753625603554]
# schema: astropy-2.0
time sdss_u sdss_g sdss_r sdss_i sdss_z Clear johnson_B johnson_V johnson_R johnson_I ukirt_J ukirt_H ukirt_K
[from data line 59]
4.447236180904522 -19.157200371656824 -19.157200371656824 -19.157200371656824 -19.157200371656824 -19.157200371656824 -19.157200371656824 -19.157200371656824 -19.157200371656824 -19.157200371656824 -19.157200371656824 -19.157200371656824 -19.157200371656824 -19.157200371656824
4.522613065326633 -19.157097576157405 -19.157097576157405 -19.157097576157405 -19.157097576157405 -19.157097576157405 -19.157097576157405 -19.157097576157405 -19.157097576157405 -19.157097576157405 -19.157097576157405 -19.157097576157405 -19.157097576157405 -19.157097576157405
4.597989949748744 -19.15699478065799 -19.15699478065799 -19.15699478065799 -19.15699478065799 -19.15699478065799 -19.15699478065799 -19.15699478065799 -19.15699478065799 -19.15699478065799 -19.15699478065799 -19.15699478065799 -19.15699478065799 -19.15699478065799
4.673366834170854 -19.15689198515857 -19.15689198515857 -19.15689198515857 -19.15689198515857 -19.15689198515857 -19.15689198515857 -19.15689198515857 -19.15689198515857 -19.15689198515857 -19.15689198515857 -19.15689198515857 -19.15689198515857 -19.15689198515857
4.748743718592964 -19.156789189659154 -19.156789189659154 -19.156789189659154 -19.156789189659154 -19.156789189659154 -19.156789189659154 -19.156789189659154 -19.156789189659154 -19.156789189659154 -19.156789189659154 -19.156789189659154 -19.156789189659154 -19.156789189659154
4.824120603015075 -19.15668639415974 -19.15668639415974 -19.15668639415974 -19.15668639415974 -19.15668639415974 -19.15668639415974 -19.15668639415974 -19.15668639415974 -19.15668639415974 -19.15668639415974 -19.15668639415974 -19.15668639415974 -19.15668639415974
4.899497487437186 -19.15658359866032 -19.15658359866032 -19.15658359866032 -19.15658359866032 -19.15658359866032 -19.15658359866032 -19.15658359866032 -19.15658359866032 -19.15658359866032 -19.15658359866032 -19.15658359866032 -19.15658359866032 -19.15658359866032
4.974874371859296 -19.156480803160903 -19.156480803160903 -19.156480803160903 -19.156480803160903 -19.156480803160903 -19.156480803160903 -19.156480803160903 -19.156480803160903 -19.156480803160903 -19.156480803160903 -19.156480803160903 -19.156480803160903 -19.156480803160903
5.050251256281406 -19.156378007661484 -19.156378007661484 -19.156378007661484 -19.156378007661484 -19.156378007661484 -19.156378007661484 -19.156378007661484 -19.156378007661484 -19.156378007661484 -19.156378007661484 -19.156378007661484 -19.156378007661484 -19.156378007661484
5.125628140703517 -19.15627521216207 -19.15627521216207 -19.15627521216207 -19.15627521216207 -19.15627521216207 -19.15627521216207 -19.15627521216207 -19.15627521216207 -19.15627521216207 -19.15627521216207 -19.15627521216207 -19.15627521216207 -19.15627521216207
5.201005025125628 -19.15617241666265 -19.15617241666265 -19.15617241666265 -19.15617241666265 -19.15617241666265 -19.15617241666265 -19.15617241666265 -19.15617241666265 -19.15617241666265 -19.15617241666265 -19.15617241666265 -19.15617241666265 -19.15617241666265
5.276381909547738 -19.156069621163233 -19.156069621163233 -19.156069621163233 -19.156069621163233 -19.156069621163233 -19.156069621163233 -19.156069621163233 -19.156069621163233 -19.156069621163233 -19.156069621163233 -19.156069621163233 -19.156069621163233 -19.156069621163233
5.351758793969848 -19.155966825663814 -19.155966825663814 -19.155966825663814 -19.155966825663814 -19.155966825663814 -19.155966825663814 -19.155966825663814 -19.155966825663814 -19.155966825663814 -19.155966825663814 -19.155966825663814 -19.155966825663814 -19.155966825663814
5.427135678391959 -19.1558640301644 -19.1558640301644 -19.1558640301644 -19.1558640301644 -19.1558640301644 -19.1558640301644 -19.1558640301644 -19.1558640301644 -19.1558640301644 -19.1558640301644 -19.1558640301644 -19.1558640301644 -19.1558640301644
5.50251256281407 -19.15576123466498 -19.15576123466498 -19.15576123466498 -19.15576123466498 -19.15576123466498 -19.15576123466498 -19.15576123466498 -19.15576123466498 -19.15576123466498 -19.15576123466498 -19.15576123466498 -19.15576123466498 -19.15576123466498
5.57788944723618 -19.155658439165563 -19.155658439165563 -19.155658439165563 -19.155658439165563 -19.155658439165563 -19.155658439165563 -19.155658439165563 -19.155658439165563 -19.155658439165563 -19.155658439165563 -19.155658439165563 -19.155658439165563 -19.155658439165563
5.6532663316582905 -19.155555643666148 -19.155555643666148 -19.155555643666148 -19.155555643666148 -19.155555643666148 -19.155555643666148 -19.155555643666148 -19.155555643666148 -19.155555643666148 -19.155555643666148 -19.155555643666148 -19.155555643666148 -19.155555643666148
5.7286432160804015 -19.15545284816673 -19.15545284816673 -19.15545284816673 -19.15545284816673 -19.15545284816673 -19.15545284816673 -19.15545284816673 -19.15545284816673 -19.15545284816673 -19.15545284816673 -19.15545284816673 -19.15545284816673 -19.15545284816673
5.8040201005025125 -19.155350052667313 -19.155350052667313 -19.155350052667313 -19.155350052667313 -19.155350052667313 -19.155350052667313 -19.155350052667313 -19.155350052667313 -19.155350052667313 -19.155350052667313 -19.155350052667313 -19.155350052667313 -19.155350052667313
5.879396984924623 -19.155247257167893 -19.155247257167893 -19.155247257167893 -19.155247257167893 -19.155247257167893 -19.155247257167893 -19.155247257167893 -19.155247257167893 -19.155247257167893 -19.155247257167893 -19.155247257167893 -19.155247257167893 -19.155247257167893
5.954773869346733 -19.155144461668478 -19.155144461668478 -19.155144461668478 -19.155144461668478 -19.155144461668478 -19.155144461668478 -19.155144461668478 -19.155144461668478 -19.155144461668478 -19.155144461668478 -19.155144461668478 -19.155144461668478 -19.155144461668478
6.030150753768844 -19.15504166616906 -19.15504166616906 -19.15504166616906 -19.15504166616906 -19.15504166616906 -19.15504166616906 -19.15504166616906 -19.15504166616906 -19.15504166616906 -19.15504166616906 -19.15504166616906 -19.15504166616906 -19.15504166616906
6.105527638190955 -19.154938870669643 -19.154938870669643 -19.154938870669643 -19.154938870669643 -19.154938870669643 -19.154938870669643 -19.154938870669643 -19.154938870669643 -19.154938870669643 -19.154938870669643 -19.154938870669643 -19.154938870669643 -19.154938870669643
6.180904522613065 -19.154836075170223 -19.154836075170223 -19.154836075170223 -19.154836075170223 -19.154836075170223 -19.154836075170223 -19.154836075170223 -19.154836075170223 -19.154836075170223 -19.154836075170223 -19.154836075170223 -19.154836075170223 -19.154836075170223
6.256281407035175 -19.154733279670808 -19.154733279670808 -19.154733279670808 -19.154733279670808 -19.154733279670808 -19.154733279670808 -19.154733279670808 -19.154733279670808 -19.154733279670808 -19.154733279670808 -19.154733279670808 -19.154733279670808 -19.154733279670808
6.331658291457286 -19.15463048417139 -19.15463048417139 -19.15463048417139 -19.15463048417139 -19.15463048417139 -19.15463048417139 -19.15463048417139 -19.15463048417139 -19.15463048417139 -19.15463048417139 -19.15463048417139 -19.15463048417139 -19.15463048417139
6.407035175879397 -19.154527688671973 -19.154527688671973 -19.154527688671973 -19.154527688671973 -19.154527688671973 -19.154527688671973 -19.154527688671973 -19.154527688671973 -19.154527688671973 -19.154527688671973 -19.154527688671973 -19.154527688671973 -19.154527688671973
6.482412060301507 -19.154424893172553 -19.154424893172553 -19.154424893172553 -19.154424893172553 -19.154424893172553 -19.154424893172553 -19.154424893172553 -19.154424893172553 -19.154424893172553 -19.154424893172553 -19.154424893172553 -19.154424893172553 -19.154424893172553
6.557788944723617 -19.154322097673138 -19.154322097673138 -19.154322097673138 -19.154322097673138 -19.154322097673138 -19.154322097673138 -19.154322097673138 -19.154322097673138 -19.154322097673138 -19.154322097673138 -19.154322097673138 -19.154322097673138 -19.154322097673138
6.633165829145728 -19.154219302173722 -19.154219302173722 -19.154219302173722 -19.154219302173722 -19.154219302173722 -19.154219302173722 -19.154219302173722 -19.154219302173722 -19.154219302173722 -19.154219302173722 -19.154219302173722 -19.154219302173722 -19.154219302173722
6.708542713567839 -19.154116506674303 -19.154116506674303 -19.154116506674303 -19.154116506674303 -19.154116506674303 -19.154116506674303 -19.154116506674303 -19.154116506674303 -19.154116506674303 -19.154116506674303 -19.154116506674303 -19.154116506674303 -19.154116506674303
6.783919597989949 -19.154013711174887 -19.154013711174887 -19.154013711174887 -19.154013711174887 -19.154013711174887 -19.154013711174887 -19.154013711174887 -19.154013711174887 -19.154013711174887 -19.154013711174887 -19.154013711174887 -19.154013711174887 -19.154013711174887
6.859296482412059 -19.153910915675468 -19.153910915675468 -19.153910915675468 -19.153910915675468 -19.153910915675468 -19.153910915675468 -19.153910915675468 -19.153910915675468 -19.153910915675468 -19.153910915675468 -19.153910915675468 -19.153910915675468 -19.153910915675468
6.93467336683417 -19.153808120176052 -19.153808120176052 -19.153808120176052 -19.153808120176052 -19.153808120176052 -19.153808120176052 -19.153808120176052 -19.153808120176052 -19.153808120176052 -19.153808120176052 -19.153808120176052 -19.153808120176052 -19.153808120176052
7.010050251256281 -19.153705324676633 -19.153705324676633 -19.153705324676633 -19.153705324676633 -19.153705324676633 -19.153705324676633 -19.153705324676633 -19.153705324676633 -19.153705324676633 -19.153705324676633 -19.153705324676633 -19.153705324676633 -19.153705324676633
7.085427135678391 -19.153602529177217 -19.153602529177217 -19.153602529177217 -19.153602529177217 -19.153602529177217 -19.153602529177217 -19.153602529177217 -19.153602529177217 -19.153602529177217 -19.153602529177217 -19.153602529177217 -19.153602529177217 -19.153602529177217
7.160804020100501 -19.153499733677798 -19.153499733677798 -19.153499733677798 -19.153499733677798 -19.153499733677798 -19.153499733677798 -19.153499733677798 -19.153499733677798 -19.153499733677798 -19.153499733677798 -19.153499733677798 -19.153499733677798 -19.153499733677798
7.236180904522612 -19.153396938178382 -19.153396938178382 -19.153396938178382 -19.153396938178382 -19.153396938178382 -19.153396938178382 -19.153396938178382 -19.153396938178382 -19.153396938178382 -19.153396938178382 -19.153396938178382 -19.153396938178382 -19.153396938178382
7.311557788944723 -19.153294142678963 -19.153294142678963 -19.153294142678963 -19.153294142678963 -19.153294142678963 -19.153294142678963 -19.153294142678963 -19.153294142678963 -19.153294142678963 -19.153294142678963 -19.153294142678963 -19.153294142678963 -19.153294142678963
7.3869346733668335 -19.153191347179547 -19.153191347179547 -19.153191347179547 -19.153191347179547 -19.153191347179547 -19.153191347179547 -19.153191347179547 -19.153191347179547 -19.153191347179547 -19.153191347179547 -19.153191347179547 -19.153191347179547 -19.153191347179547
7.462311557788944 -19.153088551680128 -19.153088551680128 -19.153088551680128 -19.153088551680128 -19.153088551680128 -19.153088551680128 -19.153088551680128 -19.153088551680128 -19.153088551680128 -19.153088551680128 -19.153088551680128 -19.153088551680128 -19.153088551680128
7.537688442211055 -19.152985756180712 -19.152985756180712 -19.152985756180712 -19.152985756180712 -19.152985756180712 -19.152985756180712 -19.152985756180712 -19.152985756180712 -19.152985756180712 -19.152985756180712 -19.152985756180712 -19.152985756180712 -19.152985756180712
7.613065326633166 -19.152882960681296 -19.152882960681296 -19.152882960681296 -19.152882960681296 -19.152882960681296 -19.152882960681296 -19.152882960681296 -19.152882960681296 -19.152882960681296 -19.152882960681296 -19.152882960681296 -19.152882960681296 -19.152882960681296
7.688442211055276 -19.152780165181877 -19.152780165181877 -19.152780165181877 -19.152780165181877 -19.152780165181877 -19.152780165181877 -19.152780165181877 -19.152780165181877 -19.152780165181877 -19.152780165181877 -19.152780165181877 -19.152780165181877 -19.152780165181877
7.763819095477386 -19.15267736968246 -19.15267736968246 -19.15267736968246 -19.15267736968246 -19.15267736968246 -19.15267736968246 -19.15267736968246 -19.15267736968246 -19.15267736968246 -19.15267736968246 -19.15267736968246 -19.15267736968246 -19.15267736968246
7.839195979899497 -19.152574574183042 -19.152574574183042 -19.152574574183042 -19.152574574183042 -19.152574574183042 -19.152574574183042 -19.152574574183042 -19.152574574183042 -19.152574574183042 -19.152574574183042 -19.152574574183042 -19.152574574183042 -19.152574574183042
7.914572864321608 -19.152471778683626 -19.152471778683626 -19.152471778683626 -19.152471778683626 -19.152471778683626 -19.152471778683626 -19.152471778683626 -19.152471778683626 -19.152471778683626 -19.152471778683626 -19.152471778683626 -19.152471778683626 -19.152471778683626
7.989949748743718 -19.152368983184207 -19.152368983184207 -19.152368983184207 -19.152368983184207 -19.152368983184207 -19.152368983184207 -19.152368983184207 -19.152368983184207 -19.152368983184207 -19.152368983184207 -19.152368983184207 -19.152368983184207 -19.152368983184207
8.065326633165828 -19.15226618768479 -19.15226618768479 -19.15226618768479 -19.15226618768479 -19.15226618768479 -19.15226618768479 -19.15226618768479 -19.15226618768479 -19.15226618768479 -19.15226618768479 -19.15226618768479 -19.15226618768479 -19.15226618768479
8.140703517587939 -19.152163392185372 -19.152163392185372 -19.152163392185372 -19.152163392185372 -19.152163392185372 -19.152163392185372 -19.152163392185372 -19.152163392185372 -19.152163392185372 -19.152163392185372 -19.152163392185372 -19.152163392185372 -19.152163392185372
8.21608040201005 -19.152060596685956 -19.152060596685956 -19.152060596685956 -19.152060596685956 -19.152060596685956 -19.152060596685956 -19.152060596685956 -19.152060596685956 -19.152060596685956 -19.152060596685956 -19.152060596685956 -19.152060596685956 -19.152060596685956
8.29145728643216 -19.151957801186537 -19.151957801186537 -19.151957801186537 -19.151957801186537 -19.151957801186537 -19.151957801186537 -19.151957801186537 -19.151957801186537 -19.151957801186537 -19.151957801186537 -19.151957801186537 -19.151957801186537 -19.151957801186537
8.36683417085427 -19.15185500568712 -19.15185500568712 -19.15185500568712 -19.15185500568712 -19.15185500568712 -19.15185500568712 -19.15185500568712 -19.15185500568712 -19.15185500568712 -19.15185500568712 -19.15185500568712 -19.15185500568712 -19.15185500568712
8.442211055276381 -19.151752210187706 -19.151752210187706 -19.151752210187706 -19.151752210187706 -19.151752210187706 -19.151752210187706 -19.151752210187706 -19.151752210187706 -19.151752210187706 -19.151752210187706 -19.151752210187706 -19.151752210187706 -19.151752210187706
8.517587939698492 -19.151649414688286 -19.151649414688286 -19.151649414688286 -19.151649414688286 -19.151649414688286 -19.151649414688286 -19.151649414688286 -19.151649414688286 -19.151649414688286 -19.151649414688286 -19.151649414688286 -19.151649414688286 -19.151649414688286
8.592964824120603 -19.15154661918887 -19.15154661918887 -19.15154661918887 -19.15154661918887 -19.15154661918887 -19.15154661918887 -19.15154661918887 -19.15154661918887 -19.15154661918887 -19.15154661918887 -19.15154661918887 -19.15154661918887 -19.15154661918887
8.668341708542712 -19.15144382368945 -19.15144382368945 -19.15144382368945 -19.15144382368945 -19.15144382368945 -19.15144382368945 -19.15144382368945 -19.15144382368945 -19.15144382368945 -19.15144382368945 -19.15144382368945 -19.15144382368945 -19.15144382368945
8.743718592964823 -19.151341028190036 -19.151341028190036 -19.151341028190036 -19.151341028190036 -19.151341028190036 -19.151341028190036 -19.151341028190036 -19.151341028190036 -19.151341028190036 -19.151341028190036 -19.151341028190036 -19.151341028190036 -19.151341028190036
