web/models/kne.last_good/kappa_1_10/15/villar_0.0015_0.3903_1.0000.dat
# %ECSV 1.0
# ---
# datatype:
# - {name: time, datatype: float64}
# - {name: swift_uvot_uvw2, datatype: float64}
# - {name: swift_uvot_uvm2, datatype: float64}
# - {name: swift_uvot_uvw1, datatype: float64}
# - {name: swift_uvot_U, datatype: float64}
# - {name: swift_uvot_B, datatype: float64}
# - {name: swift_uvot_V, datatype: float64}
# - {name: swift_uvot_W, datatype: float64}
# - {name: johnson_U, datatype: float64}
# - {name: johnson_B, datatype: float64}
# - {name: johnson_V, datatype: float64}
# - {name: johnson_R, datatype: float64}
# - {name: johnson_I, datatype: float64}
# - {name: sdss_u, datatype: float64}
# - {name: sdss_g, datatype: float64}
# - {name: sdss_r, datatype: float64}
# - {name: sdss_i, datatype: float64}
# - {name: sdss_z, datatype: float64}
# - {name: PS1_g, datatype: float64}
# - {name: PS1_r, datatype: float64}
# - {name: PS1_i, datatype: float64}
# - {name: PS1_z, datatype: float64}
# - {name: PS1_Y, datatype: float64}
# - {name: PS1_w, datatype: float64}
# - {name: ATLAS_c, datatype: float64}
# - {name: ATLAS_o, datatype: float64}
# - {name: ukirt_J, datatype: float64}
# - {name: ukirt_H, datatype: float64}
# - {name: ukirt_K, datatype: float64}
# - {name: Clear, datatype: float64}
# meta: !!omap
# - comment: [kappa = 1.0, type = villar, mass = 0.001513321957917195, velocity = 0.3903333333333333, theta_obs = 0.0]
# schema: astropy-2.0
time swift_uvot_uvw2 swift_uvot_uvm2 swift_uvot_uvw1 swift_uvot_U swift_uvot_B swift_uvot_V swift_uvot_W johnson_U johnson_B johnson_V johnson_R johnson_I sdss_u sdss_g sdss_r sdss_i sdss_z PS1_g PS1_r PS1_i PS1_z PS1_Y PS1_w ATLAS_c ATLAS_o ukirt_J ukirt_H ukirt_K Clear
[from data line 78]
0.010217 -9.329 -9.476 -9.574 -9.694 -9.601 -9.416 -9.522 -9.686 -9.598 -9.408 -9.154 -8.824 -9.69 -9.546 -9.277 -9.03 -8.775 -9.536 -9.289 -9.044 -8.856 -8.775 -9.29 -9.443 -9.174 -8.219 -7.737 -7.16 -9.324
0.010526 -9.351 -9.502 -9.604 -9.732 -9.643 -9.462 -9.555 -9.725 -9.64 -9.454 -9.202 -8.873 -9.729 -9.589 -9.324 -9.079 -8.824 -9.579 -9.336 -9.092 -8.905 -8.824 -9.336 -9.488 -9.221 -8.271 -7.79 -7.213 -9.369
0.010845 -9.373 -9.527 -9.634 -9.77 -9.685 -9.507 -9.588 -9.764 -9.682 -9.499 -9.249 -8.922 -9.767 -9.632 -9.37 -9.127 -8.874 -9.623 -9.382 -9.14 -8.954 -8.872 -9.382 -9.532 -9.268 -8.322 -7.842 -7.267 -9.414
0.011173 -9.394 -9.552 -9.663 -9.807 -9.727 -9.552 -9.621 -9.802 -9.724 -9.544 -9.296 -8.972 -9.805 -9.675 -9.417 -9.175 -8.924 -9.666 -9.429 -9.188 -9.003 -8.921 -9.427 -9.577 -9.315 -8.374 -7.895 -7.32 -9.459
0.011511 -9.414 -9.576 -9.692 -9.844 -9.768 -9.597 -9.654 -9.84 -9.765 -9.589 -9.343 -9.021 -9.843 -9.718 -9.463 -9.224 -8.973 -9.709 -9.475 -9.236 -9.051 -8.97 -9.473 -9.621 -9.362 -8.425 -7.947 -7.373 -9.504
0.011859 -9.434 -9.6 -9.72 -9.881 -9.81 -9.641 -9.686 -9.877 -9.807 -9.633 -9.39 -9.07 -9.88 -9.76 -9.509 -9.271 -9.022 -9.752 -9.521 -9.284 -9.1 -9.018 -9.518 -9.665 -9.409 -8.476 -7.999 -7.426 -9.549
0.012217 -9.453 -9.624 -9.748 -9.917 -9.851 -9.686 -9.717 -9.914 -9.848 -9.678 -9.437 -9.119 -9.918 -9.803 -9.555 -9.319 -9.071 -9.794 -9.566 -9.331 -9.149 -9.067 -9.563 -9.708 -9.456 -8.527 -8.051 -7.479 -9.593
0.012587 -9.472 -9.647 -9.776 -9.953 -9.891 -9.73 -9.749 -9.951 -9.888 -9.722 -9.484 -9.167 -9.954 -9.844 -9.6 -9.367 -9.12 -9.837 -9.612 -9.379 -9.197 -9.115 -9.608 -9.752 -9.502 -8.578 -8.103 -7.532 -9.637
0.012968 -9.491 -9.67 -9.803 -9.989 -9.932 -9.774 -9.78 -9.988 -9.929 -9.766 -9.53 -9.216 -9.991 -9.886 -9.646 -9.414 -9.169 -9.879 -9.657 -9.426 -9.245 -9.163 -9.653 -9.795 -9.549 -8.629 -8.155 -7.585 -9.682
0.01336 -9.509 -9.692 -9.83 -10.025 -9.972 -9.818 -9.811 -10.024 -9.969 -9.81 -9.577 -9.264 -10.027 -9.928 -9.691 -9.462 -9.218 -9.921 -9.703 -9.473 -9.293 -9.211 -9.698 -9.838 -9.595 -8.68 -8.207 -7.638 -9.726
0.013764 -9.526 -9.713 -9.856 -10.06 -10.012 -9.861 -9.842 -10.061 -10.009 -9.854 -9.623 -9.313 -10.063 -9.969 -9.737 -9.509 -9.267 -9.962 -9.748 -9.52 -9.342 -9.259 -9.742 -9.881 -9.641 -8.731 -8.259 -7.69 -9.769
0.01418 -9.543 -9.734 -9.882 -10.095 -10.052 -9.905 -9.872 -10.096 -10.049 -9.897 -9.669 -9.361 -10.099 -10.01 -9.782 -9.556 -9.315 -10.004 -9.793 -9.567 -9.389 -9.307 -9.786 -9.924 -9.687 -8.781 -8.311 -7.743 -9.813
0.014609 -9.56 -9.755 -9.907 -10.13 -10.092 -9.948 -9.902 -10.132 -10.089 -9.941 -9.715 -9.409 -10.134 -10.051 -9.827 -9.603 -9.364 -10.045 -9.838 -9.614 -9.437 -9.355 -9.831 -9.967 -9.733 -8.832 -8.363 -7.796 -9.856
0.015051 -9.576 -9.775 -9.932 -10.164 -10.131 -9.991 -9.932 -10.167 -10.128 -9.984 -9.761 -9.457 -10.169 -10.092 -9.871 -9.65 -9.412 -10.086 -9.882 -9.661 -9.485 -9.403 -9.875 -10.009 -9.778 -8.882 -8.414 -7.848 -9.9
0.015506 -9.591 -9.794 -9.957 -10.198 -10.17 -10.034 -9.961 -10.202 -10.167 -10.027 -9.806 -9.505 -10.204 -10.132 -9.916 -9.697 -9.46 -10.127 -9.927 -9.707 -9.533 -9.45 -9.918 -10.051 -9.824 -8.933 -8.466 -7.901 -9.943
0.015975 -9.606 -9.813 -9.981 -10.232 -10.209 -10.077 -9.99 -10.236 -10.206 -10.07 -9.852 -9.553 -10.238 -10.172 -9.96 -9.743 -9.508 -10.168 -9.971 -9.754 -9.58 -9.498 -9.962 -10.093 -9.869 -8.983 -8.517 -7.953 -9.985
0.016458 -9.62 -9.832 -10.005 -10.265 -10.247 -10.119 -10.019 -10.271 -10.245 -10.112 -9.897 -9.6 -10.272 -10.212 -10.005 -9.79 -9.556 -10.208 -10.015 -9.8 -9.627 -9.545 -10.005 -10.135 -9.914 -9.033 -8.569 -8.006 -10.028
0.016956 -9.634 -9.85 -10.028 -10.298 -10.286 -10.161 -10.048 -10.305 -10.283 -10.154 -9.942 -9.648 -10.306 -10.252 -10.049 -9.836 -9.604 -10.248 -10.059 -9.846 -9.675 -9.593 -10.049 -10.176 -9.959 -9.083 -8.62 -8.058 -10.07
0.017469 -9.647 -9.867 -10.051 -10.331 -10.324 -10.204 -10.076 -10.338 -10.321 -10.197 -9.987 -9.695 -10.339 -10.291 -10.092 -9.882 -9.652 -10.288 -10.103 -9.892 -9.722 -9.64 -10.092 -10.217 -10.004 -9.133 -8.671 -8.11 -10.113
0.017997 -9.66 -9.884 -10.074 -10.363 -10.362 -10.245 -10.104 -10.371 -10.359 -10.238 -10.032 -9.743 -10.373 -10.33 -10.136 -9.928 -9.7 -10.328 -10.146 -9.938 -9.769 -9.687 -10.134 -10.259 -10.048 -9.183 -8.722 -8.162 -10.155
0.018541 -9.672 -9.901 -10.096 -10.395 -10.399 -10.287 -10.132 -10.404 -10.396 -10.28 -10.076 -9.79 -10.405 -10.369 -10.18 -9.974 -9.747 -10.367 -10.189 -9.984 -9.816 -9.734 -10.177 -10.299 -10.093 -9.233 -8.773 -8.214 -10.197
0.019102 -9.683 -9.916 -10.117 -10.426 -10.436 -10.328 -10.159 -10.437 -10.434 -10.322 -10.121 -9.837 -10.438 -10.408 -10.223 -10.019 -9.794 -10.406 -10.233 -10.029 -9.862 -9.781 -10.22 -10.34 -10.137 -9.283 -8.824 -8.267 -10.238
0.01968 -9.694 -9.932 -10.138 -10.458 -10.473 -10.37 -10.186 -10.469 -10.471 -10.363 -10.165 -9.884 -10.47 -10.446 -10.266 -10.065 -9.842 -10.445 -10.276 -10.074 -9.909 -9.828 -10.262 -10.38 -10.181 -9.332 -8.875 -8.319 -10.28
0.020275 -9.705 -9.946 -10.159 -10.488 -10.51 -10.411 -10.213 -10.501 -10.507 -10.404 -10.209 -9.93 -10.501 -10.485 -10.309 -10.11 -9.889 -10.484 -10.318 -10.12 -9.956 -9.875 -10.304 -10.421 -10.225 -9.382 -8.926 -8.371 -10.321
0.020888 -9.715 -9.961 -10.179 -10.519 -10.546 -10.451 -10.239 -10.533 -10.544 -10.445 -10.253 -9.977 -10.533 -10.523 -10.352 -10.155 -9.936 -10.523 -10.361 -10.165 -10.002 -9.921 -10.346 -10.461 -10.269 -9.431 -8.977 -8.422 -10.362
0.02152 -9.724 -9.974 -10.198 -10.549 -10.582 -10.492 -10.265 -10.564 -10.58 -10.486 -10.297 -10.023 -10.564 -10.56 -10.394 -10.2 -9.982 -10.561 -10.404 -10.21 -10.048 -9.968 -10.387 -10.5 -10.312 -9.481 -9.028 -8.474 -10.403
0.022171 -9.733 -9.987 -10.218 -10.579 -10.618 -10.532 -10.291 -10.595 -10.616 -10.526 -10.34 -10.07 -10.594 -10.598 -10.437 -10.245 -10.029 -10.599 -10.446 -10.254 -10.094 -10.014 -10.429 -10.54 -10.356 -9.53 -9.078 -8.526 -10.444
0.022841 -9.741 -9.999 -10.236 -10.608 -10.654 -10.572 -10.316 -10.625 -10.651 -10.566 -10.384 -10.116 -10.625 -10.635 -10.479 -10.29 -10.076 -10.636 -10.488 -10.299 -10.14 -10.06 -10.47 -10.579 -10.399 -9.579 -9.129 -8.578 -10.484
0.023532 -9.748 -10.011 -10.254 -10.637 -10.689 -10.612 -10.342 -10.655 -10.686 -10.606 -10.427 -10.162 -10.655 -10.672 -10.521 -10.335 -10.122 -10.674 -10.53 -10.343 -10.186 -10.107 -10.511 -10.618 -10.442 -9.628 -9.179 -8.629 -10.525
0.024244 -9.755 -10.022 -10.272 -10.666 -10.724 -10.652 -10.366 -10.685 -10.721 -10.646 -10.47 -10.208 -10.684 -10.708 -10.562 -10.379 -10.168 -10.711 -10.571 -10.388 -10.232 -10.153 -10.552 -10.657 -10.485 -9.677 -9.23 -8.681 -10.565
0.024977 -9.762 -10.033 -10.289 -10.694 -10.758 -10.691 -10.391 -10.714 -10.756 -10.685 -10.513 -10.253 -10.713 -10.745 -10.604 -10.423 -10.215 -10.748 -10.613 -10.432 -10.277 -10.199 -10.593 -10.695 -10.527 -9.726 -9.28 -8.732 -10.604
0.025733 -9.767 -10.043 -10.306 -10.722 -10.793 -10.73 -10.415 -10.743 -10.79 -10.725 -10.556 -10.299 -10.742 -10.781 -10.645 -10.467 -10.26 -10.785 -10.654 -10.476 -10.323 -10.244 -10.633 -10.734 -10.57 -9.775 -9.33 -8.784 -10.644
0.026511 -9.772 -10.052 -10.322 -10.75 -10.827 -10.769 -10.439 -10.772 -10.824 -10.764 -10.598 -10.344 -10.77 -10.816 -10.686 -10.511 -10.306 -10.821 -10.695 -10.52 -10.368 -10.29 -10.673 -10.772 -10.612 -9.823 -9.381 -8.835 -10.683
0.027313 -9.777 -10.061 -10.337 -10.777 -10.86 -10.808 -10.462 -10.8 -10.858 -10.802 -10.64 -10.39 -10.798 -10.852 -10.727 -10.555 -10.352 -10.857 -10.736 -10.563 -10.413 -10.336 -10.713 -10.809 -10.654 -9.872 -9.431 -8.886 -10.723
0.028139 -9.78 -10.069 -10.352 -10.803 -10.894 -10.846 -10.486 -10.828 -10.892 -10.841 -10.682 -10.435 -10.826 -10.887 -10.768 -10.598 -10.398 -10.893 -10.776 -10.607 -10.458 -10.381 -10.753 -10.847 -10.696 -9.92 -9.481 -8.938 -10.762
0.02899 -9.784 -10.076 -10.367 -10.829 -10.927 -10.884 -10.509 -10.855 -10.925 -10.879 -10.724 -10.48 -10.853 -10.922 -10.808 -10.642 -10.443 -10.928 -10.817 -10.65 -10.503 -10.427 -10.793 -10.884 -10.737 -9.969 -9.53 -8.989 -10.8
0.029867 -9.786 -10.082 -10.381 -10.855 -10.959 -10.922 -10.531 -10.882 -10.957 -10.917 -10.766 -10.525 -10.88 -10.956 -10.848 -10.685 -10.488 -10.963 -10.857 -10.693 -10.547 -10.472 -10.832 -10.921 -10.779 -10.017 -9.58 -9.04 -10.839
0.03077 -9.788 -10.088 -10.394 -10.88 -10.992 -10.96 -10.553 -10.909 -10.99 -10.955 -10.807 -10.569 -10.906 -10.99 -10.888 -10.728 -10.533 -10.998 -10.897 -10.736 -10.592 -10.517 -10.871 -10.958 -10.82 -10.065 -9.63 -9.091 -10.877
0.031701 -9.789 -10.094 -10.407 -10.905 -11.024 -10.997 -10.575 -10.935 -11.022 -10.992 -10.849 -10.614 -10.932 -11.024 -10.928 -10.77 -10.578 -11.033 -10.936 -10.779 -10.636 -10.562 -10.91 -10.994 -10.861 -10.113 -9.68 -9.142 -10.915
0.032659 -9.79 -10.098 -10.419 -10.93 -11.055 -11.034 -10.597 -10.96 -11.053 -11.029 -10.89 -10.658 -10.957 -11.058 -10.968 -10.813 -10.623 -11.067 -10.976 -10.821 -10.681 -10.607 -10.949 -11.03 -10.902 -10.161 -9.729 -9.193 -10.953
0.033647 -9.789 -10.102 -10.431 -10.953 -11.086 -11.071 -10.618 -10.986 -11.085 -11.066 -10.93 -10.702 -10.982 -11.091 -11.007 -10.855 -10.668 -11.101 -11.015 -10.863 -10.725 -10.651 -10.987 -11.066 -10.942 -10.209 -9.779 -9.244 -10.99
0.034665 -9.788 -10.105 -10.442 -10.977 -11.117 -11.108 -10.638 -11.01 -11.116 -11.103 -10.971 -10.746 -11.006 -11.124 -11.046 -10.898 -10.712 -11.135 -11.054 -10.905 -10.768 -10.696 -11.025 -11.102 -10.983 -10.256 -9.828 -9.294 -11.027
0.035713 -9.787 -10.107 -10.452 -11.0 -11.148 -11.144 -10.659 -11.035 -11.146 -11.139 -11.011 -10.79 -11.03 -11.156 -11.085 -10.94 -10.756 -11.168 -11.093 -10.947 -10.812 -10.74 -11.063 -11.137 -11.023 -10.304 -9.877 -9.345 -11.064
0.036793 -9.784 -10.109 -10.462 -11.022 -11.178 -11.18 -10.679 -11.058 -11.176 -11.175 -11.051 -10.833 -11.054 -11.189 -11.123 -10.981 -10.8 -11.201 -11.131 -10.989 -10.856 -10.784 -11.101 -11.172 -11.063 -10.351 -9.926 -9.396 -11.101
0.037906 -9.781 -10.11 -10.471 -11.044 -11.208 -11.215 -10.699 -11.082 -11.206 -11.211 -11.091 -10.877 -11.077 -11.22 -11.161 -11.023 -10.844 -11.234 -11.169 -11.031 -10.899 -10.828 -11.138 -11.206 -11.102 -10.398 -9.975 -9.446 -11.137
0.039052 -9.778 -10.11 -10.48 -11.066 -11.237 -11.251 -10.718 -11.105 -11.236 -11.246 -11.131 -10.92 -11.099 -11.252 -11.199 -11.064 -10.888 -11.266 -11.207 -11.072 -10.942 -10.872 -11.175 -11.241 -11.142 -10.446 -10.024 -9.496 -11.174
0.040234 -9.773 -10.109 -10.488 -11.087 -11.266 -11.286 -10.737 -11.127 -11.265 -11.281 -11.17 -10.963 -11.121 -11.283 -11.237 -11.105 -10.932 -11.298 -11.245 -11.113 -10.985 -10.916 -11.212 -11.275 -11.181 -10.493 -10.073 -9.547 -11.209
0.04145 -9.768 -10.108 -10.495 -11.107 -11.294 -11.32 -10.755 -11.149 -11.293 -11.316 -11.209 -11.006 -11.143 -11.314 -11.275 -11.146 -10.975 -11.329 -11.282 -11.154 -11.028 -10.96 -11.248 -11.308 -11.22 -10.539 -10.122 -9.597 -11.245
0.042704 -9.762 -10.105 -10.501 -11.127 -11.322 -11.354 -10.773 -11.17 -11.321 -11.351 -11.248 -11.049 -11.164 -11.344 -11.312 -11.187 -11.018 -11.361 -11.319 -11.194 -11.07 -11.003 -11.284 -11.342 -11.258 -10.586 -10.17 -9.647 -11.28
0.043996 -9.755 -10.102 -10.507 -11.146 -11.35 -11.388 -10.791 -11.191 -11.349 -11.385 -11.287 -11.091 -11.184 -11.374 -11.348 -11.227 -11.061 -11.391 -11.356 -11.235 -11.113 -11.046 -11.32 -11.374 -11.297 -10.633 -10.219 -9.697 -11.315
0.045326 -9.747 -10.098 -10.512 -11.165 -11.377 -11.422 -10.808 -11.211 -11.376 -11.418 -11.325 -11.133 -11.204 -11.403 -11.385 -11.267 -11.104 -11.422 -11.393 -11.275 -11.155 -11.09 -11.356 -11.407 -11.335 -10.679 -10.267 -9.747 -11.35
0.046697 -9.739 -10.093 -10.517 -11.183 -11.404 -11.455 -10.825 -11.231 -11.403 -11.452 -11.363 -11.175 -11.224 -11.433 -11.421 -11.307 -11.146 -11.452 -11.429 -11.315 -11.197 -11.132 -11.391 -11.439 -11.372 -10.725 -10.316 -9.797 -11.384
0.048109 -9.729 -10.087 -10.52 -11.201 -11.43 -11.488 -10.842 -11.25 -11.43 -11.485 -11.401 -11.217 -11.242 -11.461 -11.457 -11.347 -11.189 -11.481 -11.465 -11.354 -11.239 -11.175 -11.426 -11.471 -11.41 -10.772 -10.364 -9.847 -11.419
0.049564 -9.719 -10.08 -10.523 -11.218 -11.456 -11.521 -10.858 -11.268 -11.456 -11.518 -11.439 -11.259 -11.26 -11.49 -11.493 -11.386 -11.231 -11.511 -11.5 -11.394 -11.28 -11.218 -11.461 -11.503 -11.447 -10.818 -10.412 -9.897 -11.452
0.051063 -9.708 -10.072 -10.525 -11.234 -11.482 -11.553 -10.873 -11.286 -11.481 -11.55 -11.476 -11.3 -11.278 -11.517 -11.528 -11.425 -11.273 -11.539 -11.536 -11.433 -11.322 -11.26 -11.495 -11.534 -11.484 -10.863 -10.46 -9.946 -11.486
0.052608 -9.696 -10.063 -10.527 -11.25 -11.506 -11.585 -10.889 -11.304 -11.506 -11.582 -11.513 -11.341 -11.295 -11.545 -11.563 -11.464 -11.314 -11.568 -11.571 -11.472 -11.363 -11.302 -11.529 -11.564 -11.521 -10.909 -10.507 -9.996 -11.519
0.054199 -9.684 -10.054 -10.527 -11.265 -11.531 -11.616 -10.903 -11.32 -11.53 -11.613 -11.549 -11.382 -11.311 -11.572 -11.597 -11.503 -11.356 -11.596 -11.605 -11.51 -11.403 -11.344 -11.563 -11.595 -11.557 -10.954 -10.555 -10.045 -11.552
0.055838 -9.67 -10.043 -10.527 -11.279 -11.554 -11.647 -10.917 -11.336 -11.554 -11.644 -11.586 -11.423 -11.327 -11.598 -11.632 -11.541 -11.397 -11.623 -11.639 -11.549 -11.444 -11.386 -11.596 -11.625 -11.593 -11.0 -10.603 -10.094 -11.584
0.057527 -9.655 -10.031 -10.526 -11.293 -11.578 -11.677 -10.931 -11.352 -11.578 -11.675 -11.622 -11.463 -11.342 -11.624 -11.665 -11.579 -11.438 -11.65 -11.673 -11.587 -11.484 -11.427 -11.629 -11.654 -11.629 -11.045 -10.65 -10.143 -11.616
0.059267 -9.64 -10.018 -10.524 -11.306 -11.6 -11.708 -10.944 -11.366 -11.601 -11.705 -11.657 -11.503 -11.356 -11.649 -11.699 -11.617 -11.479 -11.676 -11.707 -11.624 -11.525 -11.469 -11.662 -11.683 -11.664 -11.09 -10.697 -10.192 -11.648
0.061059 -9.623 -10.004 -10.521 -11.318 -11.623 -11.737 -10.957 -11.38 -11.623 -11.735 -11.692 -11.543 -11.369 -11.674 -11.732 -11.654 -11.519 -11.702 -11.74 -11.662 -11.564 -11.51 -11.694 -11.711 -11.699 -11.135 -10.744 -10.241 -11.679
0.062906 -9.606 -9.989 -10.518 -11.33 -11.644 -11.766 -10.969 -11.394 -11.644 -11.765 -11.727 -11.582 -11.382 -11.698 -11.765 -11.691 -11.559 -11.728 -11.772 -11.699 -11.604 -11.55 -11.726 -11.74 -11.733 -11.179 -10.791 -10.29 -11.71
0.064808 -9.588 -9.973 -10.513 -11.34 -11.665 -11.795 -10.981 -11.406 -11.666 -11.793 -11.762 -11.622 -11.394 -11.722 -11.797 -11.728 -11.599 -11.753 -11.805 -11.736 -11.643 -11.591 -11.757 -11.767 -11.767 -11.224 -10.838 -10.339 -11.74
0.066769 -9.568 -9.956 -10.507 -11.35 -11.685 -11.823 -10.992 -11.418 -11.686 -11.822 -11.796 -11.661 -11.406 -11.745 -11.829 -11.764 -11.639 -11.777 -11.837 -11.772 -11.682 -11.631 -11.788 -11.794 -11.801 -11.268 -10.884 -10.387 -11.77
0.068788 -9.548 -9.937 -10.501 -11.359 -11.705 -11.851 -11.003 -11.429 -11.706 -11.85 -11.83 -11.699 -11.416 -11.768 -11.86 -11.8 -11.678 -11.801 -11.868 -11.808 -11.721 -11.671 -11.819 -11.821 -11.835 -11.312 -10.931 -10.436 -11.8
0.070868 -9.527 -9.917 -10.493 -11.368 -11.724 -11.878 -11.013 -11.439 -11.725 -11.877 -11.863 -11.738 -11.426 -11.79 -11.891 -11.836 -11.717 -11.824 -11.899 -11.844 -11.759 -11.711 -11.849 -11.847 -11.868 -11.355 -10.977 -10.484 -11.829
0.073012 -9.504 -9.896 -10.484 -11.375 -11.742 -11.905 -11.022 -11.449 -11.744 -11.904 -11.896 -11.776 -11.435 -11.812 -11.922 -11.871 -11.756 -11.847 -11.929 -11.879 -11.797 -11.751 -11.878 -11.872 -11.9 -11.399 -11.023 -10.532 -11.858
0.07522 -9.48 -9.874 -10.475 -11.382 -11.76 -11.931 -11.031 -11.457 -11.761 -11.93 -11.929 -11.813 -11.443 -11.832 -11.952 -11.906 -11.794 -11.869 -11.959 -11.914 -11.835 -11.79 -11.908 -11.897 -11.932 -11.442 -11.069 -10.58 -11.886
0.077495 -9.456 -9.85 -10.464 -11.387 -11.777 -11.956 -11.039 -11.465 -11.778 -11.956 -11.961 -11.851 -11.45 -11.852 -11.981 -11.94 -11.832 -11.89 -11.989 -11.948 -11.872 -11.829 -11.936 -11.922 -11.964 -11.485 -11.115 -10.628 -11.914
