web/models/kne.last_good/kappa_1_10/15/villar_0.0275_0.3747_10.0000.dat
# %ECSV 1.0
# ---
# datatype:
# - {name: time, datatype: float64}
# - {name: swift_uvot_uvw2, datatype: float64}
# - {name: swift_uvot_uvm2, datatype: float64}
# - {name: swift_uvot_uvw1, datatype: float64}
# - {name: swift_uvot_U, datatype: float64}
# - {name: swift_uvot_B, datatype: float64}
# - {name: swift_uvot_V, datatype: float64}
# - {name: swift_uvot_W, datatype: float64}
# - {name: johnson_U, datatype: float64}
# - {name: johnson_B, datatype: float64}
# - {name: johnson_V, datatype: float64}
# - {name: johnson_R, datatype: float64}
# - {name: johnson_I, datatype: float64}
# - {name: sdss_u, datatype: float64}
# - {name: sdss_g, datatype: float64}
# - {name: sdss_r, datatype: float64}
# - {name: sdss_i, datatype: float64}
# - {name: sdss_z, datatype: float64}
# - {name: PS1_g, datatype: float64}
# - {name: PS1_r, datatype: float64}
# - {name: PS1_i, datatype: float64}
# - {name: PS1_z, datatype: float64}
# - {name: PS1_Y, datatype: float64}
# - {name: PS1_w, datatype: float64}
# - {name: ATLAS_c, datatype: float64}
# - {name: ATLAS_o, datatype: float64}
# - {name: ukirt_J, datatype: float64}
# - {name: ukirt_H, datatype: float64}
# - {name: ukirt_K, datatype: float64}
# - {name: Clear, datatype: float64}
# meta: !!omap
# - comment: [kappa = 10.0, type = villar, mass = 0.027507471329904786, velocity = 0.3746666666666667, theta_obs = 0.0]
# schema: astropy-2.0
time swift_uvot_uvw2 swift_uvot_uvm2 swift_uvot_uvw1 swift_uvot_U swift_uvot_B swift_uvot_V swift_uvot_W johnson_U johnson_B johnson_V johnson_R johnson_I sdss_u sdss_g sdss_r sdss_i sdss_z PS1_g PS1_r PS1_i PS1_z PS1_Y PS1_w ATLAS_c ATLAS_o ukirt_J ukirt_H ukirt_K Clear
[from data line 357]
41.654454 48.471 51.331 48.887 46.829 45.173 44.021 45.92 46.528 45.13 43.977 43.184 42.673 46.634 44.708 43.512 42.954 42.62 44.466 43.475 42.925 42.645 42.459 43.479 44.086 43.228 42.34 42.375 42.595 43.46
42.914265 52.032 54.892 52.448 50.39 48.734 47.582 49.481 50.089 48.691 47.538 46.745 46.234 50.195 48.269 47.073 46.515 46.181 48.027 47.036 46.486 46.206 46.02 47.04 47.647 46.789 45.901 45.936 46.156 47.021
44.212178 55.812 58.672 56.227 54.17 52.514 51.361 53.261 53.869 52.47 51.317 50.525 50.013 53.975 52.049 50.853 50.295 49.96 51.807 50.815 50.266 49.986 49.8 50.82 51.426 50.569 49.681 49.715 49.936 50.801
45.549345 59.824 62.683 60.239 58.182 56.526 55.373 57.273 57.88 56.482 55.329 54.536 54.025 57.987 56.061 54.864 54.306 53.972 55.818 54.827 54.278 53.998 53.811 54.832 55.438 54.581 53.692 53.727 53.948 54.812
46.926954 64.082 66.942 64.497 62.44 60.784 59.631 61.531 62.138 60.74 59.587 58.794 58.283 62.245 60.319 59.122 58.564 58.23 60.076 59.085 58.536 58.256 58.069 59.09 59.696 58.839 57.95 57.985 58.206 59.071
48.346227 68.601 71.461 69.017 66.959 65.303 64.15 66.05 66.658 65.259 64.107 63.314 62.802 66.764 64.838 63.642 63.084 62.75 64.596 63.605 63.055 62.775 62.589 63.609 64.215 63.358 62.47 62.504 62.725 63.59
49.808426 73.398 76.258 73.814 71.756 70.1 68.947 70.847 71.455 70.056 68.904 68.111 67.599 71.561 69.635 68.439 67.881 67.547 69.393 68.402 67.852 67.572 67.386 68.406 69.012 68.155 67.267 67.301 67.522 68.387
51.314848 78.49 81.35 78.905 76.848 75.192 74.039 75.939 76.547 75.148 73.995 73.203 72.691 76.653 74.727 73.531 72.972 72.638 74.485 73.493 72.944 72.664 72.477 73.498 74.104 73.247 72.358 72.393 72.614 73.479
52.86683 83.894 86.754 84.309 82.252 80.596 79.443 81.343 81.951 80.552 79.399 78.607 78.095 82.057 80.131 78.935 78.377 78.042 79.889 78.897 78.348 78.068 77.882 78.902 79.508 78.651 77.763 77.797 78.018 78.883
54.465752 89.63 92.49 90.045 87.988 86.332 85.179 87.079 87.687 86.288 85.135 84.343 83.831 87.793 85.867 84.671 84.113 83.779 85.625 84.633 84.084 83.804 83.618 84.638 85.244 84.387 83.499 83.533 83.754 84.619
56.113031 95.718 98.578 96.134 94.076 92.42 91.268 93.167 93.775 92.376 91.224 90.431 89.919 93.881 91.955 90.759 90.201 89.867 91.713 90.722 90.172 89.892 89.706 90.726 91.332 90.475 89.587 89.621 89.842 90.707
57.810132 102.18 105.04 102.596 100.538 98.882 97.73 99.629 100.237 98.839 97.686 96.893 96.382 100.343 98.417 97.221 96.663 96.329 98.175 97.184 96.634 96.354 96.168 97.188 97.795 96.937 96.049 96.084 96.304 97.169
59.55856 109.039 111.899 109.455 107.397 105.741 104.588 106.488 107.096 105.697 104.545 103.752 103.24 107.202 105.276 104.08 103.522 103.188 105.034 104.043 103.493 103.213 103.027 104.047 104.653 103.796 102.908 102.942 103.163 104.028
61.359868 116.319 119.179 116.735 114.677 113.021 111.869 113.768 114.376 112.978 111.825 111.032 110.52 114.482 112.556 111.36 110.802 110.468 112.314 111.323 110.773 110.493 110.307 111.327 111.933 111.076 110.188 110.222 110.443 111.308
63.215655 124.046 126.906 124.462 122.404 120.748 119.596 121.495 122.103 120.705 119.552 118.759 118.248 122.209 120.283 119.087 118.529 118.195 120.041 119.05 118.5 118.22 118.034 119.054 119.661 118.803 117.915 117.95 118.17 119.035
65.127569 132.248 135.108 132.663 130.606 128.95 127.797 129.697 130.305 128.906 127.753 126.961 126.449 130.411 128.485 127.289 126.731 126.396 128.243 127.251 126.702 126.422 126.236 127.256 127.862 127.005 126.117 126.151 126.372 127.237
67.097308 140.953 143.813 141.368 139.311 137.655 136.502 138.402 139.01 137.611 136.458 135.666 135.154 139.116 137.19 135.994 135.436 135.102 136.948 135.956 135.407 135.127 134.941 135.961 136.567 135.71 134.822 134.856 135.077 135.942
69.126621 150.193 153.052 150.608 148.551 146.895 145.742 147.642 148.249 146.851 145.698 144.905 144.394 148.356 146.43 145.233 144.675 144.341 146.187 145.196 144.647 144.367 144.18 145.201 145.807 144.95 144.061 144.096 144.317 145.181
71.217308 160.0 162.859 160.415 158.358 156.702 155.549 157.449 158.056 156.658 155.505 154.712 154.201 158.163 156.237 155.04 154.482 154.148 155.994 155.003 154.454 154.174 153.987 155.008 155.614 154.757 153.868 153.903 154.124 154.988
73.371227 170.409 173.269 170.824 168.767 167.111 165.958 167.858 168.466 167.067 165.914 165.122 164.61 168.572 166.646 165.45 164.891 164.557 166.404 165.412 164.863 164.583 164.397 165.417 166.023 165.166 164.277 164.312 164.533 165.398
75.59029 181.457 184.317 181.872 179.815 178.159 177.006 178.906 179.514 178.115 176.963 176.17 175.658 179.62 177.694 176.498 175.94 175.606 177.452 176.46 175.911 175.631 175.445 176.465 177.071 176.214 175.326 175.36 175.581 176.446
77.876467 193.184 196.044 193.599 191.542 189.886 188.733 190.633 191.241 189.842 188.689 187.897 187.385 191.347 189.421 188.225 187.667 187.332 189.179 188.187 187.638 187.358 187.172 188.192 188.798 187.941 187.053 187.087 187.308 188.173
80.231787 205.631 208.491 206.046 203.989 202.333 201.18 203.08 203.687 202.289 201.136 200.343 199.832 203.794 201.868 200.671 200.113 199.779 201.626 200.634 200.085 199.805 199.618 200.639 201.245 200.388 199.499 199.534 199.755 200.62
82.658343 218.842 221.702 219.257 217.2 215.544 214.391 216.291 216.899 215.5 214.347 213.555 213.043 217.005 215.079 213.883 213.324 212.99 214.837 213.845 213.296 213.016 212.829 213.85 214.456 213.599 212.71 212.745 212.966 213.831
85.158288 232.864 235.724 233.279 231.222 229.566 228.413 230.313 230.921 229.522 228.37 227.577 227.065 231.027 229.101 227.905 227.347 227.013 228.859 227.867 227.318 227.038 226.852 227.872 228.478 227.621 226.733 226.767 226.988 227.853
87.733843 247.747 250.607 248.163 246.105 244.449 243.297 245.196 245.804 244.406 243.253 242.46 241.949 245.91 243.984 242.788 242.23 241.896 243.742 242.751 242.201 241.921 241.735 242.755 243.362 242.504 241.616 241.651 241.871 242.736
90.387293 263.544 266.404 263.96 261.903 260.247 259.094 260.994 261.601 260.203 259.05 258.257 257.746 261.708 259.781 258.585 258.027 257.693 259.539 258.548 257.999 257.719 257.532 258.553 259.159 258.301 257.413 257.448 257.668 258.533
93.120995 280.312 283.172 280.727 278.67 277.014 275.861 277.761 278.369 276.97 275.817 275.025 274.513 278.475 276.549 275.353 274.794 274.46 276.307 275.315 274.766 274.486 274.299 275.32 275.926 275.069 274.18 274.215 274.436 275.301
95.937376 298.108 300.968 298.524 296.467 294.811 293.658 295.558 296.165 294.767 293.614 292.821 292.31 296.271 294.345 293.149 292.591 292.257 294.103 293.112 292.562 292.283 292.096 293.117 293.723 292.865 291.977 292.012 292.232 293.097
98.838937 316.998 319.858 317.413 315.356 313.7 312.547 314.447 315.055 313.656 312.504 311.711 311.199 315.161 313.235 312.039 311.481 311.147 312.993 312.001 311.452 311.172 310.986 312.006 312.612 311.755 310.867 310.901 311.122 311.987
101.828253 337.047 339.907 337.463 335.406 333.749 332.597 334.497 335.104 333.706 332.553 331.76 331.249 335.21 333.284 332.088 331.53 331.196 333.042 332.051 331.501 331.222 331.035 332.056 332.662 331.804 330.916 330.951 331.171 332.036
104.907979 358.328 361.188 358.743 356.686 355.03 353.877 355.777 356.385 354.986 353.833 353.041 352.529 356.491 354.565 353.369 352.811 352.477 354.323 353.331 352.782 352.502 352.316 353.336 353.942 353.085 352.197 352.231 352.452 353.317
108.080849 380.915 383.775 381.331 379.273 377.617 376.464 378.364 378.972 377.573 376.421 375.628 375.116 379.078 377.152 375.956 375.398 375.064 376.91 375.919 375.369 375.089 374.903 375.923 376.529 375.672 374.784 374.818 375.039 375.904
111.349681 404.889 407.749 405.305 403.247 401.591 400.439 402.338 402.946 401.548 400.395 399.602 399.091 403.052 401.126 399.93 399.372 399.038 400.884 399.893 399.343 399.063 398.877 399.897 400.504 399.646 398.758 398.793 399.013 399.878
114.717376 430.335 433.195 430.751 428.694 427.038 425.885 427.785 428.392 426.994 425.841 425.048 424.537 428.499 426.572 425.376 424.818 424.484 426.33 425.339 424.79 424.51 424.323 425.344 425.95 425.092 424.204 424.239 424.459 425.324
118.186925 457.344 460.204 457.76 455.702 454.046 452.894 454.793 455.401 454.003 452.85 452.057 451.545 455.507 453.581 452.385 451.827 451.493 453.339 452.348 451.798 451.518 451.332 452.352 452.958 452.101 451.213 451.247 451.468 452.333
121.761408 486.011 488.871 486.427 484.369 482.713 481.561 483.46 484.068 482.67 481.517 480.724 480.213 484.174 482.248 481.052 480.494 480.16 482.006 481.015 480.465 480.185 479.999 481.019 481.626 480.768 479.88 479.915 480.135 481.0
125.443999 516.439 519.299 516.854 514.797 513.141 511.988 513.888 514.496 513.097 511.944 511.152 510.64 514.602 512.676 511.48 510.921 510.587 512.434 511.442 510.893 510.613 510.427 511.447 512.053 511.196 510.307 510.342 510.563 511.428
129.237967 548.734 551.594 549.15 547.093 545.437 544.284 546.184 546.791 545.393 544.24 543.447 542.936 546.898 544.971 543.775 543.217 542.883 544.729 543.738 543.189 542.909 542.722 543.743 544.349 543.491 542.603 542.638 542.858 543.723
133.146681 583.013 585.873 583.429 581.371 579.715 578.563 580.462 581.07 579.672 578.519 577.726 577.215 581.176 579.25 578.054 577.496 577.162 579.008 578.017 577.467 577.187 577.001 578.021 578.628 577.77 576.882 576.917 577.137 578.002
137.173612 619.397 622.257 619.812 617.755 616.099 614.946 616.846 617.454 616.055 614.902 614.11 613.598 617.56 615.634 614.438 613.88 613.546 615.392 614.4 613.851 613.571 613.385 614.405 615.011 614.154 613.266 613.3 613.521 614.386
141.322334 658.015 660.875 658.43 656.373 654.717 653.564 655.464 656.072 654.673 653.52 652.727 652.216 656.178 654.252 653.055 652.497 652.163 654.01 653.018 652.469 652.189 652.002 653.023 653.629 652.772 651.883 651.918 652.139 653.004
145.596532 699.004 701.864 699.419 697.362 695.706 694.553 696.453 697.06 695.662 694.509 693.716 693.205 697.167 695.241 694.044 693.486 693.152 694.999 694.007 693.458 693.178 692.991 694.012 694.618 693.761 692.872 692.907 693.128 693.993
150.0 742.509 745.369 742.925 740.868 739.212 738.059 739.959 740.566 739.168 738.015 737.222 736.711 740.673 738.746 737.55 736.992 736.658 738.504 737.513 736.964 736.684 736.497 737.518 738.124 737.266 736.378 736.413 736.633 737.498
