web/models/kne.last_good/kappa_1_10/12/villar_0.3304_0.4060_10.0000.dat
# %ECSV 1.0
# ---
# datatype:
# - {name: time, datatype: float64}
# - {name: swift_uvot_uvw2, datatype: float64}
# - {name: swift_uvot_uvm2, datatype: float64}
# - {name: swift_uvot_uvw1, datatype: float64}
# - {name: swift_uvot_U, datatype: float64}
# - {name: swift_uvot_B, datatype: float64}
# - {name: swift_uvot_V, datatype: float64}
# - {name: swift_uvot_W, datatype: float64}
# - {name: johnson_U, datatype: float64}
# - {name: johnson_B, datatype: float64}
# - {name: johnson_V, datatype: float64}
# - {name: johnson_R, datatype: float64}
# - {name: johnson_I, datatype: float64}
# - {name: sdss_u, datatype: float64}
# - {name: sdss_g, datatype: float64}
# - {name: sdss_r, datatype: float64}
# - {name: sdss_i, datatype: float64}
# - {name: sdss_z, datatype: float64}
# - {name: PS1_g, datatype: float64}
# - {name: PS1_r, datatype: float64}
# - {name: PS1_i, datatype: float64}
# - {name: PS1_z, datatype: float64}
# - {name: PS1_Y, datatype: float64}
# - {name: PS1_w, datatype: float64}
# - {name: ATLAS_c, datatype: float64}
# - {name: ATLAS_o, datatype: float64}
# - {name: ukirt_J, datatype: float64}
# - {name: ukirt_H, datatype: float64}
# - {name: ukirt_K, datatype: float64}
# - {name: Clear, datatype: float64}
# meta: !!omap
# - comment: [kappa = 10.0, type = villar, mass = 0.33039895931513485, velocity = 0.406, theta_obs = 0.0]
# schema: astropy-2.0
time swift_uvot_uvw2 swift_uvot_uvm2 swift_uvot_uvw1 swift_uvot_U swift_uvot_B swift_uvot_V swift_uvot_W johnson_U johnson_B johnson_V johnson_R johnson_I sdss_u sdss_g sdss_r sdss_i sdss_z PS1_g PS1_r PS1_i PS1_z PS1_Y PS1_w ATLAS_c ATLAS_o ukirt_J ukirt_H ukirt_K Clear
[from data line 77]
0.009917 -10.984 -10.965 -10.925 -10.75 -10.508 -10.213 -10.789 -10.716 -10.505 -10.203 -9.872 -9.474 -10.724 -10.415 -10.024 -9.715 -9.415 -10.398 -10.048 -9.744 -9.533 -9.483 -10.064 -10.263 -9.897 -8.795 -8.278 -7.672 -10.123
0.010217 -11.018 -11.002 -10.965 -10.794 -10.556 -10.262 -10.829 -10.762 -10.552 -10.252 -9.923 -9.526 -10.769 -10.463 -10.074 -9.767 -9.467 -10.446 -10.098 -9.794 -9.584 -9.533 -10.114 -10.312 -9.947 -8.848 -8.332 -7.726 -10.172
0.010526 -11.051 -11.039 -11.004 -10.839 -10.603 -10.311 -10.869 -10.807 -10.599 -10.301 -9.973 -9.577 -10.814 -10.511 -10.124 -9.818 -9.519 -10.494 -10.147 -9.845 -9.635 -9.583 -10.163 -10.361 -9.997 -8.901 -8.386 -7.78 -10.221
0.010845 -11.085 -11.076 -11.043 -10.883 -10.65 -10.36 -10.909 -10.851 -10.646 -10.35 -10.024 -9.629 -10.859 -10.559 -10.174 -9.869 -9.57 -10.542 -10.197 -9.896 -9.686 -9.632 -10.213 -10.409 -10.048 -8.954 -8.439 -7.834 -10.27
0.011173 -11.117 -11.112 -11.081 -10.928 -10.697 -10.409 -10.949 -10.896 -10.693 -10.399 -10.074 -9.68 -10.904 -10.606 -10.224 -9.92 -9.622 -10.589 -10.246 -9.946 -9.736 -9.682 -10.262 -10.458 -10.098 -9.007 -8.493 -7.888 -10.318
0.011511 -11.15 -11.148 -11.12 -10.972 -10.743 -10.458 -10.989 -10.941 -10.74 -10.448 -10.124 -9.732 -10.948 -10.654 -10.273 -9.97 -9.674 -10.637 -10.295 -9.996 -9.787 -9.731 -10.311 -10.506 -10.148 -9.06 -8.546 -7.942 -10.367
0.011859 -11.182 -11.184 -11.158 -11.015 -10.79 -10.506 -11.028 -10.985 -10.786 -10.497 -10.174 -9.783 -10.992 -10.701 -10.323 -10.021 -9.725 -10.684 -10.345 -10.047 -9.837 -9.781 -10.36 -10.554 -10.198 -9.113 -8.599 -7.996 -10.416
0.012217 -11.214 -11.219 -11.196 -11.059 -10.836 -10.555 -11.067 -11.029 -10.833 -10.545 -10.224 -9.834 -11.036 -10.748 -10.372 -10.072 -9.777 -10.731 -10.394 -10.097 -9.888 -9.83 -10.409 -10.602 -10.248 -9.165 -8.653 -8.05 -10.464
0.012587 -11.245 -11.254 -11.234 -11.102 -10.883 -10.603 -11.106 -11.073 -10.879 -10.594 -10.274 -9.885 -11.08 -10.795 -10.422 -10.122 -9.828 -10.778 -10.443 -10.147 -9.938 -9.88 -10.458 -10.65 -10.298 -9.218 -8.706 -8.104 -10.512
0.012968 -11.277 -11.289 -11.271 -11.146 -10.929 -10.651 -11.144 -11.117 -10.925 -10.642 -10.324 -9.937 -11.124 -10.842 -10.471 -10.173 -9.879 -10.825 -10.492 -10.197 -9.989 -9.929 -10.506 -10.698 -10.347 -9.27 -8.759 -8.158 -10.56
0.01336 -11.308 -11.324 -11.308 -11.189 -10.975 -10.699 -11.183 -11.16 -10.971 -10.69 -10.373 -9.988 -11.167 -10.889 -10.52 -10.223 -9.931 -10.872 -10.54 -10.247 -10.039 -9.978 -10.555 -10.745 -10.397 -9.323 -8.812 -8.212 -10.608
0.013764 -11.338 -11.358 -11.345 -11.232 -11.021 -10.748 -11.221 -11.204 -11.017 -10.738 -10.423 -10.038 -11.211 -10.935 -10.569 -10.273 -9.982 -10.919 -10.589 -10.296 -10.089 -10.027 -10.603 -10.793 -10.446 -9.375 -8.866 -8.265 -10.656
0.01418 -11.368 -11.392 -11.382 -11.274 -11.066 -10.795 -11.259 -11.247 -11.063 -10.786 -10.472 -10.089 -11.254 -10.982 -10.618 -10.323 -10.033 -10.965 -10.638 -10.346 -10.139 -10.076 -10.651 -10.84 -10.496 -9.428 -8.919 -8.319 -10.704
0.014609 -11.398 -11.425 -11.418 -11.317 -11.112 -10.843 -11.296 -11.29 -11.108 -10.834 -10.522 -10.14 -11.297 -11.028 -10.667 -10.373 -10.084 -11.012 -10.686 -10.396 -10.189 -10.126 -10.7 -10.888 -10.545 -9.48 -8.972 -8.373 -10.752
0.015051 -11.428 -11.458 -11.454 -11.359 -11.157 -10.891 -11.334 -11.333 -11.154 -10.882 -10.571 -10.191 -11.339 -11.074 -10.715 -10.423 -10.135 -11.058 -10.735 -10.445 -10.239 -10.175 -10.748 -10.935 -10.594 -9.532 -9.025 -8.426 -10.799
0.015506 -11.457 -11.491 -11.49 -11.401 -11.202 -10.938 -11.371 -11.375 -11.199 -10.929 -10.62 -10.241 -11.382 -11.12 -10.764 -10.473 -10.185 -11.104 -10.783 -10.495 -10.289 -10.224 -10.796 -10.982 -10.643 -9.584 -9.077 -8.48 -10.847
0.015975 -11.486 -11.524 -11.525 -11.443 -11.247 -10.986 -11.408 -11.418 -11.244 -10.977 -10.669 -10.292 -11.424 -11.166 -10.812 -10.523 -10.236 -11.15 -10.831 -10.544 -10.339 -10.273 -10.844 -11.029 -10.692 -9.636 -9.13 -8.533 -10.894
0.016458 -11.514 -11.556 -11.56 -11.485 -11.292 -11.033 -11.445 -11.46 -11.289 -11.024 -10.718 -10.342 -11.467 -11.212 -10.861 -10.573 -10.287 -11.196 -10.879 -10.594 -10.388 -10.321 -10.891 -11.075 -10.741 -9.688 -9.183 -8.587 -10.941
0.016956 -11.543 -11.588 -11.595 -11.526 -11.337 -11.08 -11.481 -11.502 -11.333 -11.071 -10.767 -10.393 -11.509 -11.257 -10.909 -10.622 -10.337 -11.241 -10.927 -10.643 -10.438 -10.37 -10.939 -11.122 -10.79 -9.74 -9.236 -8.64 -10.988
0.017469 -11.57 -11.62 -11.63 -11.568 -11.382 -11.127 -11.518 -11.544 -11.378 -11.118 -10.816 -10.443 -11.55 -11.303 -10.957 -10.672 -10.388 -11.287 -10.975 -10.692 -10.488 -10.419 -10.986 -11.169 -10.838 -9.792 -9.289 -8.693 -11.035
0.017997 -11.598 -11.651 -11.665 -11.609 -11.426 -11.174 -11.554 -11.586 -11.423 -11.165 -10.865 -10.493 -11.592 -11.348 -11.005 -10.721 -10.438 -11.332 -11.023 -10.741 -10.537 -10.468 -11.034 -11.215 -10.887 -9.844 -9.341 -8.747 -11.082
0.018541 -11.625 -11.682 -11.699 -11.65 -11.47 -11.221 -11.59 -11.627 -11.467 -11.212 -10.913 -10.543 -11.633 -11.393 -11.053 -10.77 -10.489 -11.378 -11.07 -10.79 -10.587 -10.517 -11.081 -11.261 -10.936 -9.896 -9.394 -8.8 -11.129
0.019102 -11.652 -11.713 -11.732 -11.69 -11.514 -11.268 -11.625 -11.668 -11.511 -11.259 -10.962 -10.593 -11.675 -11.438 -11.101 -10.82 -10.539 -11.423 -11.118 -10.839 -10.636 -10.565 -11.128 -11.307 -10.984 -9.948 -9.446 -8.853 -11.175
0.01968 -11.678 -11.743 -11.766 -11.731 -11.558 -11.314 -11.661 -11.709 -11.555 -11.305 -11.01 -10.643 -11.716 -11.483 -11.148 -10.869 -10.589 -11.468 -11.165 -10.888 -10.685 -10.614 -11.175 -11.353 -11.032 -9.999 -9.499 -8.906 -11.222
0.020275 -11.704 -11.773 -11.799 -11.771 -11.602 -11.361 -11.696 -11.75 -11.599 -11.352 -11.058 -10.693 -11.756 -11.528 -11.196 -10.918 -10.639 -11.513 -11.213 -10.936 -10.735 -10.662 -11.222 -11.399 -11.08 -10.051 -9.551 -8.959 -11.268
0.020888 -11.73 -11.803 -11.832 -11.811 -11.646 -11.407 -11.731 -11.791 -11.642 -11.398 -11.106 -10.743 -11.797 -11.572 -11.243 -10.967 -10.689 -11.557 -11.26 -10.985 -10.784 -10.711 -11.269 -11.445 -11.128 -10.103 -9.604 -9.013 -11.314
0.02152 -11.755 -11.832 -11.865 -11.851 -11.689 -11.453 -11.766 -11.831 -11.686 -11.444 -11.154 -10.793 -11.837 -11.617 -11.291 -11.016 -10.739 -11.602 -11.307 -11.033 -10.833 -10.759 -11.316 -11.491 -11.176 -10.154 -9.656 -9.066 -11.361
0.022171 -11.78 -11.861 -11.897 -11.891 -11.733 -11.499 -11.8 -11.872 -11.729 -11.49 -11.202 -10.842 -11.877 -11.661 -11.338 -11.064 -10.789 -11.646 -11.354 -11.082 -10.882 -10.808 -11.362 -11.536 -11.224 -10.206 -9.708 -9.119 -11.407
0.022841 -11.805 -11.89 -11.929 -11.93 -11.776 -11.545 -11.835 -11.912 -11.772 -11.536 -11.25 -10.892 -11.917 -11.705 -11.385 -11.113 -10.839 -11.691 -11.401 -11.13 -10.931 -10.856 -11.409 -11.581 -11.272 -10.257 -9.761 -9.172 -11.452
0.023532 -11.829 -11.918 -11.961 -11.969 -11.819 -11.591 -11.869 -11.952 -11.815 -11.582 -11.298 -10.941 -11.957 -11.749 -11.432 -11.162 -10.889 -11.735 -11.448 -11.179 -10.98 -10.905 -11.455 -11.626 -11.319 -10.308 -9.813 -9.225 -11.498
0.024244 -11.853 -11.946 -11.993 -12.008 -11.861 -11.636 -11.903 -11.991 -11.858 -11.628 -11.346 -10.991 -11.997 -11.793 -11.479 -11.21 -10.938 -11.779 -11.494 -11.227 -11.029 -10.953 -11.501 -11.672 -11.367 -10.36 -9.865 -9.277 -11.544
0.024977 -11.877 -11.974 -12.024 -12.047 -11.904 -11.682 -11.936 -12.031 -11.901 -11.673 -11.393 -11.04 -12.036 -11.836 -11.526 -11.259 -10.988 -11.823 -11.541 -11.275 -11.078 -11.001 -11.547 -11.716 -11.414 -10.411 -9.917 -9.33 -11.589
0.025733 -11.9 -12.001 -12.055 -12.085 -11.946 -11.727 -11.97 -12.07 -11.943 -11.719 -11.441 -11.089 -12.075 -11.88 -11.572 -11.307 -11.037 -11.866 -11.587 -11.323 -11.126 -11.049 -11.593 -11.761 -11.462 -10.462 -9.969 -9.383 -11.634
0.026511 -11.922 -12.028 -12.085 -12.124 -11.989 -11.773 -12.003 -12.109 -11.985 -11.764 -11.488 -11.138 -12.114 -11.923 -11.619 -11.355 -11.087 -11.91 -11.634 -11.371 -11.175 -11.098 -11.639 -11.806 -11.509 -10.513 -10.021 -9.436 -11.68
0.027313 -11.945 -12.054 -12.116 -12.162 -12.031 -11.818 -12.036 -12.148 -12.028 -11.809 -11.535 -11.187 -12.153 -11.966 -11.665 -11.403 -11.136 -11.953 -11.68 -11.419 -11.223 -11.146 -11.685 -11.85 -11.556 -10.564 -10.073 -9.489 -11.725
0.028139 -11.967 -12.08 -12.146 -12.2 -12.073 -11.863 -12.069 -12.186 -12.07 -11.854 -11.582 -11.236 -12.191 -12.009 -11.712 -11.451 -11.185 -11.996 -11.726 -11.466 -11.272 -11.194 -11.731 -11.895 -11.603 -10.615 -10.125 -9.541 -11.77
0.02899 -11.988 -12.106 -12.175 -12.237 -12.115 -11.908 -12.101 -12.225 -12.111 -11.899 -11.629 -11.285 -12.23 -12.052 -11.758 -11.499 -11.234 -12.04 -11.772 -11.514 -11.32 -11.242 -11.776 -11.939 -11.65 -10.666 -10.177 -9.594 -11.815
0.029867 -12.009 -12.131 -12.205 -12.275 -12.156 -11.952 -12.133 -12.263 -12.153 -11.944 -11.676 -11.334 -12.268 -12.095 -11.804 -11.547 -11.283 -12.083 -11.818 -11.562 -11.369 -11.29 -11.821 -11.983 -11.697 -10.717 -10.229 -9.647 -11.859
0.03077 -12.03 -12.156 -12.234 -12.312 -12.198 -11.997 -12.165 -12.301 -12.194 -11.988 -11.723 -11.383 -12.305 -12.137 -11.85 -11.595 -11.332 -12.125 -11.864 -11.609 -11.417 -11.337 -11.867 -12.027 -11.743 -10.768 -10.281 -9.699 -11.904
0.031701 -12.051 -12.181 -12.262 -12.349 -12.239 -12.041 -12.197 -12.338 -12.236 -12.033 -11.77 -11.431 -12.343 -12.179 -11.896 -11.642 -11.381 -12.168 -11.909 -11.656 -11.465 -11.385 -11.912 -12.071 -11.79 -10.818 -10.332 -9.752 -11.948
0.032659 -12.071 -12.205 -12.291 -12.386 -12.28 -12.085 -12.229 -12.376 -12.277 -12.077 -11.816 -11.48 -12.38 -12.221 -11.942 -11.69 -11.43 -12.21 -11.955 -11.704 -11.513 -11.433 -11.957 -12.114 -11.836 -10.869 -10.384 -9.804 -11.993
0.033647 -12.09 -12.229 -12.319 -12.422 -12.321 -12.13 -12.26 -12.413 -12.317 -12.121 -11.863 -11.528 -12.417 -12.263 -11.987 -11.737 -11.479 -12.253 -12.0 -11.751 -11.561 -11.481 -12.001 -12.158 -11.883 -10.92 -10.436 -9.857 -12.037
0.034665 -12.109 -12.252 -12.346 -12.458 -12.361 -12.174 -12.291 -12.45 -12.358 -12.166 -11.909 -11.577 -12.454 -12.305 -12.033 -11.785 -11.527 -12.295 -12.045 -11.798 -11.609 -11.528 -12.046 -12.201 -11.929 -10.97 -10.487 -9.909 -12.081
0.035713 -12.128 -12.275 -12.374 -12.494 -12.402 -12.217 -12.322 -12.487 -12.399 -12.209 -11.955 -11.625 -12.491 -12.347 -12.078 -11.832 -11.576 -12.337 -12.091 -11.845 -11.657 -11.576 -12.091 -12.244 -11.975 -11.021 -10.539 -9.962 -12.125
0.036793 -12.146 -12.297 -12.401 -12.53 -12.442 -12.261 -12.353 -12.523 -12.439 -12.253 -12.001 -11.673 -12.527 -12.388 -12.123 -11.879 -11.625 -12.379 -12.136 -11.892 -11.705 -11.624 -12.135 -12.287 -12.021 -11.071 -10.59 -10.014 -12.168
0.037906 -12.164 -12.32 -12.427 -12.565 -12.482 -12.305 -12.383 -12.56 -12.479 -12.297 -12.047 -11.721 -12.563 -12.43 -12.168 -11.926 -11.673 -12.42 -12.181 -11.939 -11.753 -11.671 -12.179 -12.33 -12.067 -11.122 -10.642 -10.066 -12.212
0.039052 -12.182 -12.341 -12.454 -12.601 -12.522 -12.348 -12.413 -12.596 -12.519 -12.34 -12.093 -11.769 -12.599 -12.471 -12.213 -11.973 -11.721 -12.462 -12.225 -11.985 -11.8 -11.719 -12.224 -12.373 -12.112 -11.172 -10.693 -10.119 -12.255
0.040234 -12.199 -12.363 -12.48 -12.635 -12.562 -12.391 -12.443 -12.631 -12.559 -12.384 -12.139 -11.817 -12.635 -12.512 -12.258 -12.02 -11.769 -12.503 -12.27 -12.032 -11.848 -11.766 -12.268 -12.415 -12.158 -11.222 -10.745 -10.171 -12.299
0.04145 -12.215 -12.384 -12.505 -12.67 -12.601 -12.434 -12.473 -12.667 -12.598 -12.427 -12.185 -11.865 -12.67 -12.552 -12.303 -12.066 -11.818 -12.544 -12.314 -12.078 -11.895 -11.813 -12.312 -12.458 -12.204 -11.272 -10.796 -10.223 -12.342
0.042704 -12.231 -12.404 -12.531 -12.705 -12.641 -12.477 -12.502 -12.702 -12.637 -12.47 -12.23 -11.913 -12.705 -12.593 -12.347 -12.113 -11.866 -12.585 -12.359 -12.125 -11.943 -11.861 -12.355 -12.5 -12.249 -11.323 -10.847 -10.275 -12.385
0.043996 -12.247 -12.424 -12.556 -12.739 -12.68 -12.52 -12.531 -12.737 -12.677 -12.513 -12.276 -11.96 -12.74 -12.633 -12.392 -12.159 -11.914 -12.626 -12.403 -12.171 -11.99 -11.908 -12.399 -12.542 -12.294 -11.373 -10.898 -10.328 -12.428
0.045326 -12.262 -12.444 -12.58 -12.773 -12.718 -12.563 -12.56 -12.772 -12.715 -12.555 -12.321 -12.008 -12.775 -12.674 -12.436 -12.206 -11.962 -12.666 -12.447 -12.217 -12.037 -11.955 -12.442 -12.584 -12.339 -11.423 -10.95 -10.38 -12.47
0.046697 -12.277 -12.463 -12.604 -12.806 -12.757 -12.605 -12.589 -12.806 -12.754 -12.598 -12.366 -12.055 -12.809 -12.714 -12.48 -12.252 -12.009 -12.707 -12.491 -12.263 -12.084 -12.002 -12.486 -12.625 -12.384 -11.473 -11.001 -10.432 -12.513
0.048109 -12.292 -12.482 -12.628 -12.84 -12.796 -12.648 -12.617 -12.841 -12.793 -12.64 -12.411 -12.103 -12.843 -12.753 -12.524 -12.298 -12.057 -12.747 -12.535 -12.309 -12.131 -12.049 -12.529 -12.667 -12.429 -11.522 -11.052 -10.484 -12.556
0.049564 -12.305 -12.5 -12.652 -12.873 -12.834 -12.69 -12.646 -12.875 -12.831 -12.682 -12.456 -12.15 -12.877 -12.793 -12.568 -12.344 -12.105 -12.787 -12.579 -12.355 -12.178 -12.096 -12.572 -12.708 -12.474 -11.572 -11.103 -10.536 -12.598
0.051063 -12.319 -12.518 -12.675 -12.905 -12.872 -12.732 -12.674 -12.908 -12.869 -12.724 -12.501 -12.197 -12.91 -12.832 -12.612 -12.39 -12.152 -12.827 -12.622 -12.401 -12.225 -12.143 -12.615 -12.75 -12.518 -11.622 -11.154 -10.588 -12.64
0.052608 -12.332 -12.535 -12.697 -12.938 -12.91 -12.773 -12.701 -12.942 -12.907 -12.766 -12.545 -12.244 -12.944 -12.872 -12.655 -12.436 -12.199 -12.867 -12.666 -12.447 -12.272 -12.19 -12.658 -12.791 -12.563 -11.672 -11.205 -10.64 -12.682
0.054199 -12.344 -12.552 -12.72 -12.97 -12.947 -12.815 -12.729 -12.975 -12.944 -12.808 -12.59 -12.291 -12.977 -12.911 -12.699 -12.482 -12.247 -12.906 -12.709 -12.492 -12.318 -12.236 -12.7 -12.831 -12.607 -11.721 -11.256 -10.691 -12.724
0.055838 -12.356 -12.568 -12.742 -13.002 -12.985 -12.857 -12.756 -13.008 -12.982 -12.849 -12.634 -12.338 -13.009 -12.949 -12.742 -12.527 -12.294 -12.945 -12.752 -12.538 -12.365 -12.283 -12.743 -12.872 -12.651 -11.771 -11.306 -10.743 -12.765
0.057527 -12.368 -12.584 -12.763 -13.034 -13.022 -12.898 -12.783 -13.04 -13.019 -12.891 -12.679 -12.385 -13.042 -12.988 -12.785 -12.573 -12.341 -12.984 -12.795 -12.583 -12.411 -12.33 -12.785 -12.913 -12.696 -11.82 -11.357 -10.795 -12.807
0.059267 -12.379 -12.6 -12.784 -13.065 -13.059 -12.939 -12.81 -13.073 -13.056 -12.932 -12.723 -12.431 -13.074 -13.026 -12.828 -12.618 -12.388 -13.023 -12.838 -12.628 -12.458 -12.376 -12.827 -12.953 -12.739 -11.87 -11.408 -10.847 -12.848
0.061059 -12.39 -12.615 -12.805 -13.096 -13.095 -12.98 -12.836 -13.105 -13.093 -12.973 -12.767 -12.478 -13.106 -13.065 -12.871 -12.663 -12.435 -13.062 -12.881 -12.673 -12.504 -12.423 -12.869 -12.993 -12.783 -11.919 -11.458 -10.899 -12.889
0.062906 -12.4 -12.629 -12.825 -13.127 -13.132 -13.021 -12.863 -13.136 -13.129 -13.014 -12.811 -12.524 -13.137 -13.102 -12.914 -12.708 -12.482 -13.1 -12.923 -12.718 -12.55 -12.469 -12.911 -13.033 -12.827 -11.968 -11.509 -10.95 -12.93
0.064808 -12.409 -12.643 -12.845 -13.157 -13.168 -13.061 -12.889 -13.168 -13.165 -13.055 -12.854 -12.571 -13.168 -13.14 -12.956 -12.753 -12.529 -13.139 -12.966 -12.763 -12.596 -12.515 -12.953 -13.073 -12.87 -12.018 -11.56 -11.002 -12.971
0.066769 -12.419 -12.657 -12.865 -13.187 -13.204 -13.102 -12.914 -13.199 -13.201 -13.095 -12.898 -12.617 -13.199 -13.178 -12.999 -12.798 -12.575 -13.177 -13.008 -12.808 -12.642 -12.561 -12.994 -13.112 -12.914 -12.067 -11.61 -11.053 -13.012
0.068788 -12.427 -12.67 -12.884 -13.217 -13.24 -13.142 -12.94 -13.23 -13.237 -13.135 -12.941 -12.663 -13.23 -13.215 -13.041 -12.843 -12.622 -13.215 -13.05 -12.852 -12.688 -12.608 -13.035 -13.152 -12.957 -12.116 -11.66 -11.105 -13.053
0.070868 -12.435 -12.682 -12.903 -13.246 -13.275 -13.182 -12.965 -13.26 -13.273 -13.175 -12.985 -12.709 -13.26 -13.252 -13.083 -12.887 -12.668 -13.252 -13.092 -12.897 -12.734 -12.654 -13.077 -13.191 -13.0 -12.165 -11.711 -11.156 -13.093
