web/models/kne.last_good/kappa_1_10/12/villar_0.0953_0.3590_1.0000.dat
# %ECSV 1.0
# ---
# datatype:
# - {name: time, datatype: float64}
# - {name: swift_uvot_uvw2, datatype: float64}
# - {name: swift_uvot_uvm2, datatype: float64}
# - {name: swift_uvot_uvw1, datatype: float64}
# - {name: swift_uvot_U, datatype: float64}
# - {name: swift_uvot_B, datatype: float64}
# - {name: swift_uvot_V, datatype: float64}
# - {name: swift_uvot_W, datatype: float64}
# - {name: johnson_U, datatype: float64}
# - {name: johnson_B, datatype: float64}
# - {name: johnson_V, datatype: float64}
# - {name: johnson_R, datatype: float64}
# - {name: johnson_I, datatype: float64}
# - {name: sdss_u, datatype: float64}
# - {name: sdss_g, datatype: float64}
# - {name: sdss_r, datatype: float64}
# - {name: sdss_i, datatype: float64}
# - {name: sdss_z, datatype: float64}
# - {name: PS1_g, datatype: float64}
# - {name: PS1_r, datatype: float64}
# - {name: PS1_i, datatype: float64}
# - {name: PS1_z, datatype: float64}
# - {name: PS1_Y, datatype: float64}
# - {name: PS1_w, datatype: float64}
# - {name: ATLAS_c, datatype: float64}
# - {name: ATLAS_o, datatype: float64}
# - {name: ukirt_J, datatype: float64}
# - {name: ukirt_H, datatype: float64}
# - {name: ukirt_K, datatype: float64}
# - {name: Clear, datatype: float64}
# meta: !!omap
# - comment: [kappa = 1.0, type = villar, mass = 0.09533330950298248, velocity = 0.359, theta_obs = 0.0]
# schema: astropy-2.0
time swift_uvot_uvw2 swift_uvot_uvm2 swift_uvot_uvw1 swift_uvot_U swift_uvot_B swift_uvot_V swift_uvot_W johnson_U johnson_B johnson_V johnson_R johnson_I sdss_u sdss_g sdss_r sdss_i sdss_z PS1_g PS1_r PS1_i PS1_z PS1_Y PS1_w ATLAS_c ATLAS_o ukirt_J ukirt_H ukirt_K Clear
[from data line 212]
0.553769 -12.863 -13.254 -13.971 -15.019 -15.497 -15.743 -14.698 -15.112 -15.499 -15.745 -15.799 -15.73 -15.093 -15.597 -15.799 -15.797 -15.717 -15.645 -15.807 -15.806 -15.752 -15.721 -15.749 -15.7 -15.799 -15.409 -15.06 -14.59 -15.72
0.570517 -12.832 -13.221 -13.953 -15.019 -15.509 -15.765 -14.703 -15.114 -15.512 -15.766 -15.828 -15.765 -15.094 -15.613 -15.825 -15.829 -15.753 -15.662 -15.834 -15.838 -15.787 -15.758 -15.774 -15.72 -15.828 -15.451 -15.104 -14.637 -15.745
0.587772 -12.8 -13.186 -13.934 -15.017 -15.52 -15.786 -14.707 -15.115 -15.523 -15.788 -15.857 -15.8 -15.094 -15.628 -15.851 -15.86 -15.788 -15.679 -15.859 -15.869 -15.822 -15.795 -15.799 -15.74 -15.856 -15.492 -15.149 -14.684 -15.769
0.605549 -12.767 -13.15 -13.914 -15.015 -15.53 -15.806 -14.71 -15.114 -15.534 -15.809 -15.885 -15.834 -15.093 -15.642 -15.876 -15.891 -15.823 -15.694 -15.885 -15.9 -15.856 -15.831 -15.824 -15.76 -15.884 -15.533 -15.193 -14.73 -15.793
0.623863 -12.733 -13.112 -13.892 -15.011 -15.54 -15.826 -14.712 -15.113 -15.544 -15.829 -15.913 -15.868 -15.091 -15.655 -15.9 -15.922 -15.858 -15.709 -15.909 -15.931 -15.891 -15.867 -15.848 -15.778 -15.911 -15.574 -15.237 -14.777 -15.816
0.642731 -12.698 -13.073 -13.87 -15.006 -15.549 -15.845 -14.714 -15.111 -15.553 -15.848 -15.94 -15.902 -15.088 -15.668 -15.924 -15.952 -15.893 -15.724 -15.933 -15.961 -15.924 -15.903 -15.871 -15.796 -15.938 -15.615 -15.281 -14.823 -15.839
0.66217 -12.662 -13.032 -13.845 -15.0 -15.557 -15.863 -14.715 -15.107 -15.561 -15.867 -15.966 -15.935 -15.083 -15.68 -15.948 -15.981 -15.926 -15.737 -15.957 -15.99 -15.957 -15.938 -15.894 -15.813 -15.964 -15.655 -15.324 -14.869 -15.861
0.682197 -12.625 -12.99 -13.82 -14.993 -15.564 -15.881 -14.716 -15.103 -15.568 -15.885 -15.992 -15.967 -15.078 -15.691 -15.97 -16.01 -15.96 -15.75 -15.98 -16.02 -15.99 -15.973 -15.916 -15.83 -15.989 -15.695 -15.368 -14.915 -15.882
0.70283 -12.587 -12.946 -13.793 -14.985 -15.57 -15.898 -14.715 -15.097 -15.574 -15.902 -16.018 -16.0 -15.072 -15.701 -15.992 -16.039 -15.993 -15.762 -16.002 -16.048 -16.022 -16.008 -15.938 -15.846 -16.014 -15.734 -15.411 -14.961 -15.903
0.724086 -12.548 -12.899 -13.765 -14.976 -15.575 -15.914 -14.714 -15.09 -15.58 -15.918 -16.043 -16.031 -15.064 -15.71 -16.014 -16.066 -16.026 -15.773 -16.023 -16.076 -16.054 -16.042 -15.959 -15.861 -16.039 -15.774 -15.453 -15.007 -15.923
0.745986 -12.508 -12.851 -13.736 -14.965 -15.579 -15.929 -14.712 -15.082 -15.584 -15.934 -16.067 -16.063 -15.055 -15.718 -16.034 -16.094 -16.058 -15.783 -16.044 -16.104 -16.086 -16.075 -15.979 -15.875 -16.062 -15.813 -15.496 -15.052 -15.943
0.768548 -12.466 -12.801 -13.704 -14.953 -15.581 -15.944 -14.709 -15.072 -15.587 -15.949 -16.09 -16.093 -15.045 -15.725 -16.054 -16.12 -16.089 -15.792 -16.064 -16.13 -16.117 -16.109 -15.999 -15.888 -16.085 -15.851 -15.538 -15.097 -15.962
0.791792 -12.424 -12.749 -13.672 -14.939 -15.583 -15.957 -14.705 -15.062 -15.589 -15.963 -16.113 -16.123 -15.033 -15.732 -16.073 -16.146 -16.121 -15.8 -16.083 -16.157 -16.147 -16.141 -16.018 -15.9 -16.108 -15.889 -15.58 -15.142 -15.98
0.815739 -12.381 -12.695 -13.637 -14.925 -15.584 -15.97 -14.7 -15.05 -15.59 -15.976 -16.136 -16.153 -15.02 -15.737 -16.092 -16.172 -16.151 -15.807 -16.102 -16.182 -16.177 -16.174 -16.036 -15.912 -16.129 -15.927 -15.622 -15.187 -15.998
0.840411 -12.337 -12.639 -13.602 -14.908 -15.583 -15.981 -14.695 -15.036 -15.59 -15.988 -16.157 -16.182 -15.005 -15.741 -16.109 -16.197 -16.181 -15.813 -16.119 -16.207 -16.206 -16.205 -16.053 -15.923 -16.15 -15.965 -15.663 -15.232 -16.014
0.865828 -12.292 -12.58 -13.564 -14.89 -15.582 -15.992 -14.688 -15.021 -15.589 -15.999 -16.178 -16.211 -14.989 -15.744 -16.126 -16.221 -16.211 -15.818 -16.136 -16.231 -16.234 -16.237 -16.07 -15.932 -16.17 -16.002 -15.704 -15.276 -16.03
0.892015 -12.245 -12.519 -13.524 -14.871 -15.578 -16.002 -14.68 -15.004 -15.586 -16.009 -16.198 -16.238 -14.972 -15.746 -16.141 -16.244 -16.239 -15.822 -16.152 -16.255 -16.262 -16.267 -16.085 -15.941 -16.189 -16.038 -15.745 -15.32 -16.046
0.918993 -12.198 -12.456 -13.483 -14.849 -15.574 -16.01 -14.671 -14.986 -15.582 -16.018 -16.217 -16.266 -14.952 -15.747 -16.156 -16.267 -16.268 -15.825 -16.167 -16.278 -16.29 -16.298 -16.1 -15.948 -16.208 -16.074 -15.785 -15.364 -16.06
0.946787 -12.15 -12.39 -13.44 -14.826 -15.568 -16.018 -14.661 -14.966 -15.577 -16.026 -16.235 -16.292 -14.931 -15.746 -16.17 -16.288 -16.295 -15.827 -16.181 -16.3 -16.316 -16.327 -16.114 -15.955 -16.225 -16.11 -15.825 -15.407 -16.073
0.975422 -12.101 -12.322 -13.395 -14.802 -15.561 -16.024 -14.65 -14.944 -15.57 -16.033 -16.252 -16.318 -14.909 -15.744 -16.183 -16.309 -16.322 -15.827 -16.194 -16.321 -16.342 -16.356 -16.127 -15.96 -16.242 -16.145 -15.865 -15.45 -16.086
1.004923 -12.052 -12.251 -13.347 -14.775 -15.552 -16.029 -14.638 -14.921 -15.561 -16.038 -16.268 -16.343 -14.884 -15.74 -16.195 -16.329 -16.348 -15.826 -16.206 -16.341 -16.367 -16.384 -16.139 -15.964 -16.258 -16.18 -15.904 -15.493 -16.098
1.035317 -12.001 -12.176 -13.298 -14.746 -15.542 -16.033 -14.624 -14.896 -15.552 -16.043 -16.284 -16.367 -14.857 -15.736 -16.205 -16.348 -16.373 -15.824 -16.217 -16.361 -16.392 -16.412 -16.15 -15.967 -16.273 -16.214 -15.943 -15.535 -16.108
1.066629 -11.95 -12.099 -13.246 -14.716 -15.53 -16.035 -14.609 -14.868 -15.54 -16.046 -16.298 -16.391 -14.829 -15.729 -16.215 -16.367 -16.398 -15.82 -16.227 -16.379 -16.416 -16.439 -16.16 -15.968 -16.286 -16.247 -15.981 -15.578 -16.118
1.098888 -11.898 -12.019 -13.192 -14.683 -15.516 -16.036 -14.593 -14.839 -15.527 -16.047 -16.311 -16.413 -14.798 -15.721 -16.223 -16.384 -16.422 -15.815 -16.236 -16.396 -16.438 -16.465 -16.168 -15.968 -16.299 -16.28 -16.019 -15.619 -16.126
1.132124 -11.846 -11.936 -13.135 -14.648 -15.501 -16.036 -14.575 -14.807 -15.512 -16.047 -16.324 -16.435 -14.765 -15.712 -16.23 -16.4 -16.445 -15.808 -16.243 -16.413 -16.46 -16.49 -16.176 -15.967 -16.31 -16.313 -16.056 -15.661 -16.134
1.166364 -11.793 -11.849 -13.076 -14.61 -15.483 -16.034 -14.555 -14.773 -15.495 -16.046 -16.335 -16.456 -14.73 -15.7 -16.236 -16.415 -16.467 -15.799 -16.249 -16.428 -16.481 -16.515 -16.182 -15.964 -16.32 -16.345 -16.093 -15.702 -16.14
1.20164 -11.739 -11.758 -13.015 -14.57 -15.464 -16.031 -14.534 -14.737 -15.476 -16.043 -16.344 -16.476 -14.692 -15.687 -16.24 -16.429 -16.488 -15.789 -16.254 -16.443 -16.501 -16.538 -16.187 -15.96 -16.329 -16.376 -16.13 -15.742 -16.145
1.237983 -11.686 -11.664 -12.95 -14.527 -15.442 -16.025 -14.512 -14.698 -15.455 -16.039 -16.353 -16.494 -14.652 -15.672 -16.243 -16.442 -16.508 -15.777 -16.257 -16.456 -16.52 -16.561 -16.191 -15.954 -16.337 -16.406 -16.165 -15.782 -16.149
1.275425 -11.632 -11.566 -12.883 -14.482 -15.419 -16.018 -14.487 -14.656 -15.432 -16.032 -16.36 -16.512 -14.609 -15.655 -16.244 -16.453 -16.527 -15.763 -16.259 -16.467 -16.538 -16.583 -16.193 -15.946 -16.343 -16.435 -16.201 -15.822 -16.151
1.313999 -11.579 -11.464 -12.813 -14.434 -15.393 -16.01 -14.461 -14.612 -15.407 -16.024 -16.365 -16.529 -14.563 -15.636 -16.244 -16.463 -16.544 -15.747 -16.259 -16.478 -16.555 -16.603 -16.194 -15.937 -16.348 -16.464 -16.235 -15.861 -16.152
1.35374 -11.525 -11.357 -12.74 -14.383 -15.364 -15.999 -14.433 -14.565 -15.379 -16.014 -16.37 -16.544 -14.514 -15.615 -16.242 -16.472 -16.561 -15.729 -16.257 -16.487 -16.57 -16.623 -16.193 -15.925 -16.351 -16.492 -16.269 -15.9 -16.152
1.394683 -11.472 -11.247 -12.663 -14.328 -15.334 -15.986 -14.402 -14.515 -15.349 -16.002 -16.372 -16.558 -14.462 -15.591 -16.238 -16.479 -16.577 -15.709 -16.254 -16.495 -16.584 -16.642 -16.19 -15.912 -16.353 -16.519 -16.302 -15.938 -16.15
1.436864 -11.419 -11.131 -12.583 -14.271 -15.3 -15.971 -14.37 -14.461 -15.316 -15.988 -16.373 -16.571 -14.407 -15.565 -16.232 -16.485 -16.591 -15.686 -16.248 -16.501 -16.597 -16.659 -16.186 -15.896 -16.353 -16.545 -16.335 -15.976 -16.146
1.480321 -11.366 -11.01 -12.499 -14.209 -15.263 -15.954 -14.335 -14.404 -15.281 -15.972 -16.372 -16.582 -14.348 -15.536 -16.224 -16.489 -16.604 -15.661 -16.241 -16.505 -16.609 -16.675 -16.18 -15.878 -16.351 -16.57 -16.367 -16.013 -16.141
1.525092 -11.314 -10.884 -12.412 -14.144 -15.224 -15.934 -14.298 -14.344 -15.242 -15.953 -16.369 -16.592 -14.286 -15.505 -16.214 -16.491 -16.615 -15.633 -16.232 -16.508 -16.619 -16.69 -16.172 -15.858 -16.348 -16.595 -16.398 -16.049 -16.134
1.571218 -11.264 -10.753 -12.32 -14.076 -15.181 -15.912 -14.259 -14.28 -15.201 -15.931 -16.365 -16.601 -14.22 -15.47 -16.202 -16.492 -16.625 -15.603 -16.22 -16.509 -16.627 -16.703 -16.162 -15.835 -16.342 -16.618 -16.428 -16.085 -16.125
1.618738 -11.214 -10.616 -12.225 -14.003 -15.136 -15.887 -14.217 -14.211 -15.156 -15.907 -16.358 -16.607 -14.149 -15.433 -16.188 -16.49 -16.633 -15.57 -16.207 -16.508 -16.634 -16.715 -16.15 -15.81 -16.334 -16.639 -16.457 -16.12 -16.114
1.667696 -11.165 -10.472 -12.125 -13.925 -15.086 -15.859 -14.172 -14.139 -15.107 -15.881 -16.349 -16.612 -14.075 -15.392 -16.171 -16.487 -16.639 -15.534 -16.19 -16.505 -16.639 -16.726 -16.135 -15.782 -16.324 -16.66 -16.485 -16.154 -16.101
1.718134 -11.118 -10.323 -12.02 -13.843 -15.033 -15.828 -14.124 -14.062 -15.055 -15.851 -16.338 -16.615 -13.995 -15.348 -16.151 -16.481 -16.644 -15.495 -16.172 -16.5 -16.642 -16.734 -16.118 -15.751 -16.311 -16.679 -16.512 -16.187 -16.086
1.770098 -11.072 -10.166 -11.911 -13.756 -14.976 -15.794 -14.073 -13.98 -14.999 -15.818 -16.324 -16.616 -13.911 -15.3 -16.129 -16.473 -16.647 -15.452 -16.15 -16.492 -16.644 -16.741 -16.099 -15.717 -16.297 -16.697 -16.539 -16.22 -16.068
1.823633 -11.027 -10.003 -11.797 -13.664 -14.914 -15.756 -14.018 -13.894 -14.939 -15.782 -16.307 -16.615 -13.822 -15.249 -16.103 -16.463 -16.647 -15.406 -16.125 -16.482 -16.643 -16.746 -16.077 -15.679 -16.279 -16.714 -16.564 -16.252 -16.048
1.878788 -10.984 -9.832 -11.678 -13.566 -14.849 -15.715 -13.96 -13.801 -14.875 -15.742 -16.288 -16.612 -13.727 -15.193 -16.075 -16.45 -16.646 -15.356 -16.098 -16.47 -16.64 -16.75 -16.052 -15.638 -16.258 -16.729 -16.587 -16.282 -16.026
1.93561 -10.942 -9.653 -11.553 -13.462 -14.778 -15.67 -13.899 -13.704 -14.805 -15.698 -16.266 -16.606 -13.627 -15.133 -16.043 -16.434 -16.642 -15.302 -16.067 -16.455 -16.634 -16.751 -16.024 -15.594 -16.235 -16.742 -16.61 -16.312 -16.0
1.994152 -10.902 -9.466 -11.422 -13.352 -14.702 -15.621 -13.833 -13.6 -14.731 -15.65 -16.24 -16.598 -13.52 -15.068 -16.007 -16.415 -16.636 -15.244 -16.032 -16.437 -16.626 -16.749 -15.992 -15.545 -16.208 -16.754 -16.631 -16.341 -15.972
2.054463 -10.864 -9.27 -11.285 -13.235 -14.621 -15.567 -13.763 -13.489 -14.652 -15.598 -16.212 -16.587 -13.407 -14.999 -15.968 -16.393 -16.627 -15.181 -15.994 -16.415 -16.615 -16.746 -15.958 -15.492 -16.178 -16.763 -16.651 -16.369 -15.941
2.116599 -10.827 -9.066 -11.141 -13.112 -14.535 -15.509 -13.689 -13.372 -14.567 -15.542 -16.179 -16.574 -13.286 -14.924 -15.924 -16.367 -16.615 -15.113 -15.952 -16.391 -16.601 -16.739 -15.919 -15.435 -16.144 -16.771 -16.669 -16.395 -15.906
2.180614 -10.791 -8.852 -10.991 -12.98 -14.442 -15.445 -13.61 -13.247 -14.475 -15.48 -16.143 -16.557 -13.158 -14.843 -15.876 -16.338 -16.6 -15.041 -15.905 -16.362 -16.585 -16.73 -15.877 -15.372 -16.107 -16.776 -16.685 -16.42 -15.868
2.246566 -10.756 -8.629 -10.834 -12.84 -14.342 -15.377 -13.526 -13.114 -14.378 -15.413 -16.103 -16.537 -13.022 -14.757 -15.823 -16.305 -16.582 -14.963 -15.854 -16.33 -16.564 -16.719 -15.83 -15.305 -16.065 -16.779 -16.7 -16.444 -15.827
2.314511 -10.722 -8.397 -10.669 -12.692 -14.236 -15.302 -13.437 -12.973 -14.273 -15.341 -16.058 -16.513 -12.877 -14.664 -15.766 -16.268 -16.56 -14.879 -15.798 -16.294 -16.541 -16.704 -15.779 -15.232 -16.018 -16.78 -16.713 -16.466 -15.781
2.384512 -10.688 -8.155 -10.496 -12.534 -14.121 -15.222 -13.342 -12.823 -14.162 -15.262 -16.009 -16.486 -12.723 -14.564 -15.703 -16.227 -16.535 -14.789 -15.737 -16.254 -16.513 -16.685 -15.723 -15.153 -15.967 -16.778 -16.724 -16.487 -15.732
2.45663 -10.655 -7.904 -10.315 -12.366 -13.999 -15.134 -13.241 -12.663 -14.042 -15.177 -15.954 -16.454 -12.559 -14.457 -15.634 -16.18 -16.506 -14.693 -15.67 -16.208 -16.482 -16.663 -15.662 -15.068 -15.911 -16.773 -16.732 -16.506 -15.678
2.530929 -10.622 -7.645 -10.125 -12.188 -13.868 -15.04 -13.134 -12.493 -13.913 -15.085 -15.894 -16.419 -12.385 -14.342 -15.559 -16.129 -16.472 -14.59 -15.597 -16.158 -16.445 -16.637 -15.596 -14.976 -15.849 -16.766 -16.738 -16.523 -15.619
2.607475 -10.588 -7.378 -9.925 -11.997 -13.728 -14.938 -13.019 -12.312 -13.776 -14.986 -15.829 -16.378 -12.199 -14.218 -15.477 -16.072 -16.434 -14.48 -15.518 -16.102 -16.405 -16.607 -15.523 -14.877 -15.782 -16.754 -16.742 -16.539 -15.556
2.686337 -10.554 -7.106 -9.716 -11.794 -13.578 -14.828 -12.897 -12.118 -13.629 -14.878 -15.757 -16.332 -12.0 -14.085 -15.388 -16.009 -16.391 -14.362 -15.432 -16.041 -16.359 -16.572 -15.445 -14.77 -15.708 -16.74 -16.743 -16.552 -15.487
2.767583 -10.519 -6.832 -9.496 -11.578 -13.417 -14.708 -12.767 -11.911 -13.471 -14.762 -15.678 -16.282 -11.788 -13.942 -15.291 -15.939 -16.342 -14.236 -15.338 -15.973 -16.307 -16.533 -15.359 -14.655 -15.627 -16.721 -16.741 -16.563 -15.413
2.851287 -10.483 -6.559 -9.264 -11.347 -13.244 -14.579 -12.629 -11.691 -13.302 -14.636 -15.592 -16.225 -11.562 -13.789 -15.186 -15.863 -16.288 -14.101 -15.236 -15.898 -16.25 -16.488 -15.266 -14.531 -15.538 -16.699 -16.736 -16.572 -15.333
2.937522 -10.444 -6.292 -9.022 -11.101 -13.058 -14.44 -12.481 -11.455 -13.12 -14.5 -15.498 -16.161 -11.32 -13.623 -15.071 -15.779 -16.227 -13.958 -15.126 -15.816 -16.186 -16.438 -15.165 -14.396 -15.442 -16.671 -16.727 -16.578 -15.247
3.026365 -10.404 -6.037 -8.766 -10.837 -12.859 -14.29 -12.324 -11.203 -12.925 -14.354 -15.396 -16.091 -11.061 -13.446 -14.947 -15.687 -16.16 -13.805 -15.006 -15.726 -16.116 -16.382 -15.056 -14.252 -15.337 -16.639 -16.715 -16.581 -15.154
3.117896 -10.36 -5.8 -8.497 -10.556 -12.645 -14.127 -12.156 -10.933 -12.716 -14.195 -15.284 -16.014 -10.785 -13.255 -14.812 -15.586 -16.085 -13.643 -14.877 -15.627 -16.037 -16.319 -14.937 -14.095 -15.223 -16.602 -16.699 -16.582 -15.054
3.212194 -10.314 -5.584 -8.214 -10.254 -12.415 -13.951 -11.977 -10.643 -12.491 -14.023 -15.163 -15.928 -10.488 -13.049 -14.666 -15.476 -16.002 -13.47 -14.736 -15.519 -15.951 -16.248 -14.809 -13.927 -15.099 -16.559 -16.678 -16.579 -14.947
3.309345 -10.264 -5.395 -7.915 -9.93 -12.167 -13.76 -11.786 -10.333 -12.249 -13.838 -15.03 -15.834 -10.17 -12.827 -14.507 -15.355 -15.911 -13.287 -14.584 -15.401 -15.855 -16.17 -14.669 -13.745 -14.963 -16.51 -16.653 -16.572 -14.832
3.409434 -10.211 -5.231 -7.599 -9.583 -11.9 -13.554 -11.583 -9.999 -11.989 -13.637 -14.886 -15.73 -9.828 -12.588 -14.334 -15.222 -15.809 -13.095 -14.419 -15.272 -15.75 -16.084 -14.518 -13.548 -14.816 -16.454 -16.623 -16.562 -14.709
3.51255 -10.153 -5.091 -7.266 -9.21 -11.613 -13.33 -11.365 -9.641 -11.708 -13.419 -14.729 -15.616 -9.46 -12.33 -14.146 -15.077 -15.698 -12.892 -14.241 -15.13 -15.634 -15.988 -14.354 -13.335 -14.655 -16.391 -16.586 -16.548 -14.577
3.618785 -10.089 -4.97 -6.913 -8.809 -11.303 -13.088 -11.133 -9.256 -11.406 -13.184 -14.558 -15.49 -9.065 -12.051 -13.942 -14.919 -15.575 -12.68 -14.048 -14.976 -15.507 -15.883 -14.175 -13.105 -14.48 -16.319 -16.544 -16.529 -14.437
3.728232 -10.021 -4.863 -6.539 -8.377 -10.968 -12.825 -10.885 -8.84 -11.08 -12.928 -14.372 -15.352 -8.639 -11.75 -13.719 -14.746 -15.439 -12.46 -13.84 -14.807 -15.367 -15.766 -13.982 -12.856 -14.29 -16.239 -16.495 -16.505 -14.287
3.84099 -9.946 -4.763 -6.142 -7.911 -10.606 -12.54 -10.62 -8.392 -10.728 -12.651 -14.169 -15.2 -8.18 -11.424 -13.478 -14.556 -15.29 -12.233 -13.614 -14.623 -15.213 -15.638 -13.772 -12.586 -14.083 -16.149 -16.439 -16.475 -14.127
3.957158 -9.865 -4.667 -5.719 -7.408 -10.214 -12.229 -10.338 -7.908 -10.347 -12.349 -13.948 -15.034 -7.684 -11.07 -13.214 -14.348 -15.126 -12.001 -13.372 -14.422 -15.044 -15.496 -13.543 -12.294 -13.857 -16.048 -16.374 -16.44 -13.958
