web/models/kne.last_good/kappa_1_10/12/villar_0.0035_0.4530_1.0000.dat
# %ECSV 1.0
# ---
# datatype:
# - {name: time, datatype: float64}
# - {name: swift_uvot_uvw2, datatype: float64}
# - {name: swift_uvot_uvm2, datatype: float64}
# - {name: swift_uvot_uvw1, datatype: float64}
# - {name: swift_uvot_U, datatype: float64}
# - {name: swift_uvot_B, datatype: float64}
# - {name: swift_uvot_V, datatype: float64}
# - {name: swift_uvot_W, datatype: float64}
# - {name: johnson_U, datatype: float64}
# - {name: johnson_B, datatype: float64}
# - {name: johnson_V, datatype: float64}
# - {name: johnson_R, datatype: float64}
# - {name: johnson_I, datatype: float64}
# - {name: sdss_u, datatype: float64}
# - {name: sdss_g, datatype: float64}
# - {name: sdss_r, datatype: float64}
# - {name: sdss_i, datatype: float64}
# - {name: sdss_z, datatype: float64}
# - {name: PS1_g, datatype: float64}
# - {name: PS1_r, datatype: float64}
# - {name: PS1_i, datatype: float64}
# - {name: PS1_z, datatype: float64}
# - {name: PS1_Y, datatype: float64}
# - {name: PS1_w, datatype: float64}
# - {name: ATLAS_c, datatype: float64}
# - {name: ATLAS_o, datatype: float64}
# - {name: ukirt_J, datatype: float64}
# - {name: ukirt_H, datatype: float64}
# - {name: ukirt_K, datatype: float64}
# - {name: Clear, datatype: float64}
# meta: !!omap
# - comment: [kappa = 1.0, type = villar, mass = 0.003465724215782086, velocity = 0.453, theta_obs = 0.0]
# schema: astropy-2.0
time swift_uvot_uvw2 swift_uvot_uvm2 swift_uvot_uvw1 swift_uvot_U swift_uvot_B swift_uvot_V swift_uvot_W johnson_U johnson_B johnson_V johnson_R johnson_I sdss_u sdss_g sdss_r sdss_i sdss_z PS1_g PS1_r PS1_i PS1_z PS1_Y PS1_w ATLAS_c ATLAS_o ukirt_J ukirt_H ukirt_K Clear
[from data line 291]
5.829166 103.498 108.713 131.948 142.514 130.686 122.698 105.766 140.471 128.4 120.649 112.292 107.305 141.785 126.631 117.783 112.263 107.798 102.232 102.437 102.415 102.0 100.254 113.501 120.053 113.236 102.071 98.571 95.945 100.468
6.005465 110.19 115.406 138.641 149.207 137.378 129.39 112.458 147.163 135.092 127.341 118.984 113.998 148.477 133.323 124.475 118.955 114.49 108.924 109.129 109.108 108.692 106.946 120.193 126.745 119.928 108.763 105.263 102.637 107.161
6.187096 117.293 122.509 145.744 156.31 144.481 136.493 119.562 154.267 142.195 134.444 126.088 121.101 155.581 140.426 131.578 126.059 121.593 116.028 116.232 116.211 115.795 114.05 127.297 133.848 127.031 115.866 112.366 109.74 114.264
6.37422 124.832 130.048 153.283 163.849 152.02 144.032 127.101 161.806 149.735 141.983 133.627 128.64 163.12 147.965 139.118 133.598 129.132 123.567 123.772 123.75 123.335 121.589 134.836 141.387 134.571 123.406 119.905 117.279 121.803
6.567004 132.835 138.05 161.285 171.851 160.023 152.034 135.103 169.808 157.737 149.986 141.629 136.642 171.122 155.968 147.12 141.6 137.134 131.569 131.774 131.752 131.337 129.591 142.838 149.389 142.573 131.408 127.907 125.281 129.805
6.765619 141.328 146.544 169.779 180.345 168.516 160.528 143.597 178.302 166.23 158.479 150.123 145.136 179.616 164.461 155.613 150.094 145.628 140.063 140.267 140.246 139.831 138.085 151.332 157.883 151.066 139.901 136.401 133.775 138.299
6.97024 150.343 155.559 178.794 189.36 177.531 169.543 152.612 187.317 175.246 167.494 159.138 154.151 188.631 173.476 164.628 159.109 154.643 149.078 149.282 149.261 148.846 147.1 160.347 166.898 160.081 148.917 145.416 142.79 147.314
7.181051 159.912 165.128 188.362 198.929 187.1 179.112 162.18 196.885 184.814 177.063 168.706 163.719 198.199 183.045 174.197 168.677 164.212 158.646 158.851 158.83 158.414 156.668 169.915 176.467 169.65 158.485 154.985 152.359 156.882
7.398237 170.068 175.284 198.519 209.085 197.256 189.268 172.337 207.042 194.97 187.219 178.863 173.876 208.356 193.201 184.353 178.834 174.368 168.803 169.007 168.986 168.57 166.825 180.072 186.623 179.806 168.641 165.141 162.515 167.039
7.621991 180.848 186.064 209.298 219.865 208.036 200.048 183.116 217.821 205.75 197.999 189.642 184.655 219.135 203.981 195.133 189.613 185.148 179.582 179.787 179.766 179.35 177.604 190.851 197.403 190.586 179.421 175.921 173.295 177.818
7.852513 192.29 197.505 220.74 231.306 219.478 211.489 194.558 229.263 217.192 209.441 201.084 196.097 230.577 215.423 206.575 201.055 196.589 191.024 191.229 191.207 190.792 189.046 202.293 208.845 202.028 190.863 187.362 184.737 189.26
8.090007 204.434 209.65 232.884 243.451 231.622 223.634 206.702 241.407 229.336 221.585 213.228 208.241 242.721 227.567 218.719 213.199 208.734 203.168 203.373 203.352 202.936 201.19 214.437 220.989 214.172 203.007 199.507 196.881 201.405
8.334684 217.324 222.54 245.774 256.341 244.512 236.524 219.592 254.297 242.226 234.475 226.118 221.131 255.611 240.457 231.609 226.089 221.624 216.058 216.263 216.242 215.826 214.08 227.327 233.879 227.062 215.897 212.397 209.771 214.295
8.586761 231.005 236.221 259.456 270.022 258.193 250.205 233.274 267.979 255.908 248.156 239.8 234.813 269.293 254.138 245.291 239.771 235.305 229.74 229.945 229.923 229.508 227.762 241.009 247.56 240.744 229.579 226.078 223.452 227.976
8.846461 245.527 250.743 273.978 284.544 272.715 264.727 247.795 282.501 270.429 262.678 254.321 249.335 283.815 268.66 259.812 254.292 249.827 244.261 244.466 244.445 244.029 242.284 255.53 262.082 255.265 244.1 240.6 237.974 242.498
9.114017 260.94 266.156 289.391 299.957 288.128 280.14 263.209 297.914 285.843 278.091 269.735 264.748 299.228 284.073 275.226 269.706 265.24 259.675 259.879 259.858 259.443 257.697 270.944 277.495 270.678 259.514 256.013 253.387 257.911
9.389664 277.3 282.516 305.751 316.317 304.488 296.5 279.568 314.273 302.202 294.451 286.094 281.108 315.587 300.433 291.585 286.065 281.6 276.034 276.239 276.218 275.802 274.056 287.303 293.855 287.038 275.873 272.373 269.747 274.271
9.673648 294.664 299.88 323.115 333.681 321.852 313.864 296.933 331.638 319.567 311.815 303.459 298.472 332.952 317.797 308.949 303.43 298.964 293.399 293.603 293.582 293.167 291.421 304.668 311.219 304.402 293.238 289.737 287.111 291.635
9.966221 313.095 318.31 341.545 352.111 340.283 332.294 315.363 350.068 337.997 330.246 321.889 316.902 351.382 336.228 327.38 321.86 317.394 311.829 312.034 312.012 311.597 309.851 323.098 329.65 322.833 311.668 308.167 305.542 310.065
10.267642 332.657 337.872 361.107 371.673 359.845 351.857 334.925 369.63 357.559 349.808 341.451 336.464 370.944 355.79 346.942 341.422 336.957 331.391 331.596 331.574 331.159 329.413 342.66 349.212 342.395 331.23 327.73 325.104 329.627
10.57818 353.42 358.636 381.871 392.437 380.608 372.62 355.689 390.394 378.322 370.571 362.215 357.228 391.708 376.553 367.705 362.186 357.72 352.155 352.359 352.338 351.922 350.177 363.424 369.975 363.158 351.993 348.493 345.867 350.391
10.89811 375.458 380.674 403.909 414.475 402.646 394.658 377.727 412.432 400.361 392.609 384.253 379.266 413.746 398.591 389.744 384.224 379.758 374.193 374.398 374.376 373.961 372.215 385.462 392.013 385.197 374.032 370.531 367.905 372.429
11.227716 398.85 404.066 427.3 437.866 426.038 418.05 401.118 435.823 423.752 416.001 407.644 402.657 437.137 421.983 413.135 407.615 403.15 397.584 397.789 397.768 397.352 395.606 408.853 415.405 408.588 397.423 393.923 391.297 395.82
11.56729 423.678 428.893 452.128 462.694 450.866 442.877 425.946 460.651 448.58 440.829 432.472 427.485 461.965 446.811 437.963 432.443 427.977 422.412 422.617 422.595 422.18 420.434 433.681 440.233 433.416 422.251 418.75 416.125 420.648
11.917135 450.03 455.246 478.48 489.047 477.218 469.23 452.298 487.003 474.932 467.181 458.824 453.837 488.317 473.163 464.315 458.795 454.33 448.764 448.969 448.948 448.532 446.786 460.033 466.585 459.768 448.603 445.103 442.477 447.001
12.277561 478.0 483.216 506.451 517.017 505.188 497.2 480.269 514.974 502.903 495.151 486.795 481.808 516.288 501.133 492.286 486.766 482.3 476.735 476.94 476.918 476.503 474.757 488.004 494.555 487.739 476.574 473.073 470.447 474.971
12.648887 507.688 512.904 536.139 546.705 534.876 526.888 509.957 544.662 532.591 524.839 516.483 511.496 545.976 530.821 521.974 516.454 511.988 506.423 506.627 506.606 506.191 504.445 517.692 524.243 517.426 506.262 502.761 500.135 504.659
13.031444 539.199 544.415 567.65 578.216 566.387 558.399 541.468 576.173 564.101 556.35 547.994 543.007 577.487 562.332 553.484 547.965 543.499 537.934 538.138 538.117 537.701 535.956 549.203 555.754 548.937 537.772 534.272 531.646 536.17
13.425571 572.645 577.86 601.095 611.661 599.833 591.845 574.913 609.618 597.547 589.796 581.439 576.452 610.932 595.778 586.93 581.41 576.945 571.379 571.584 571.562 571.147 569.401 582.648 589.2 582.383 571.218 567.718 565.092 569.615
13.831619 608.144 613.36 636.595 647.161 635.332 627.344 610.413 645.118 633.047 625.295 616.939 611.952 646.432 631.277 622.429 616.91 612.444 606.879 607.083 607.062 606.647 604.901 618.148 624.699 617.882 606.718 603.217 600.591 605.115
14.249947 645.823 651.039 674.274 684.84 673.011 665.023 648.092 682.797 670.726 662.974 654.618 649.631 684.111 668.956 660.109 654.589 650.123 644.558 644.763 644.741 644.326 642.58 655.827 662.378 655.562 644.397 640.896 638.27 642.794
14.680926 685.816 691.032 714.267 724.833 713.004 705.016 688.085 722.79 710.718 702.967 694.611 689.624 724.104 708.949 700.101 694.582 690.116 684.551 684.755 684.734 684.319 682.573 695.82 702.371 695.554 684.39 680.889 678.263 682.787
15.124941 728.265 733.48 756.715 767.281 755.453 747.464 730.533 765.238 753.167 745.416 737.059 732.072 766.552 751.398 742.55 737.03 732.565 726.999 727.204 727.182 726.767 725.021 738.268 744.82 738.003 726.838 723.337 720.712 725.235
15.582385 773.32 778.535 nan nan nan nan 775.588 nan nan 791.179 782.114 777.127 nan nan 787.734 782.085 777.619 772.054 772.259 772.237 771.822 770.076 783.324 790.429 783.059 771.893 768.392 765.767 770.29
16.053663 nan nan nan nan nan nan nan nan nan nan nan nan nan nan nan nan nan nan nan nan nan nan nan nan nan nan nan nan nan
16.539195 nan nan nan nan nan nan nan nan nan nan nan nan nan nan nan nan nan nan nan nan nan nan nan nan nan nan nan nan nan
17.039412 nan nan nan nan nan nan nan nan nan nan nan nan nan nan nan nan nan nan nan nan nan nan nan nan nan nan nan nan nan
17.554757 nan nan nan nan nan nan nan nan nan nan nan nan nan nan nan nan nan nan nan nan nan nan nan nan nan nan nan nan nan
18.085689 nan nan nan nan nan nan nan nan nan nan nan nan nan nan nan nan nan nan nan nan nan nan nan nan nan nan nan nan nan
18.632678 nan nan nan nan nan nan nan nan nan nan nan nan nan nan nan nan nan nan nan nan nan nan nan nan nan nan nan nan nan
19.196211 nan nan nan nan nan nan nan nan nan nan nan nan nan nan nan nan nan nan nan nan nan nan nan nan nan nan nan nan nan
19.776787 nan nan nan nan nan nan nan nan nan nan nan nan nan nan nan nan nan nan nan nan nan nan nan nan nan nan nan nan nan
20.374923 nan nan nan nan nan nan nan nan nan nan nan nan nan nan nan nan nan nan nan nan nan nan nan nan nan nan nan nan nan
20.991149 nan nan nan nan nan nan nan nan nan nan nan nan nan nan nan nan nan nan nan nan nan nan nan nan nan nan nan nan nan
21.626011 nan nan nan nan nan nan nan nan nan nan nan nan nan nan nan nan nan nan nan nan nan nan nan nan nan nan nan nan nan
22.280075 nan nan nan nan nan nan nan nan nan nan nan nan nan nan nan nan nan nan nan nan nan nan nan nan nan nan nan nan nan
22.953921 nan nan nan nan nan nan nan nan nan nan nan nan nan nan nan nan nan nan nan nan nan nan nan nan nan nan nan nan nan
23.648147 nan nan nan nan nan nan nan nan nan nan nan nan nan nan nan nan nan nan nan nan nan nan nan nan nan nan nan nan nan
24.363369 nan nan nan nan nan nan nan nan nan nan nan nan nan nan nan nan nan nan nan nan nan nan nan nan nan nan nan nan nan
25.100222 nan nan nan nan nan nan nan nan nan nan nan nan nan nan nan nan nan nan nan nan nan nan nan nan nan nan nan nan nan
25.859362 nan nan nan nan nan nan nan nan nan nan nan nan nan nan nan nan nan nan nan nan nan nan nan nan nan nan nan nan nan
26.64146 nan nan nan nan nan nan nan nan nan nan nan nan nan nan nan nan nan nan nan nan nan nan nan nan nan nan nan nan nan
27.447213 nan nan nan nan nan nan nan nan nan nan nan nan nan nan nan nan nan nan nan nan nan nan nan nan nan nan nan nan nan
28.277335 nan nan nan nan nan nan nan nan nan nan nan nan nan nan nan nan nan nan nan nan nan nan nan nan nan nan nan nan nan
29.132564 nan nan nan nan nan nan nan nan nan nan nan nan nan nan nan nan nan nan nan nan nan nan nan nan nan nan nan nan nan
30.013659 nan nan nan nan nan nan nan nan nan nan nan nan nan nan nan nan nan nan nan nan nan nan nan nan nan nan nan nan nan
30.921401 nan nan nan nan nan nan nan nan nan nan nan nan nan nan nan nan nan nan nan nan nan nan nan nan nan nan nan nan nan
31.856598 nan nan nan nan nan nan nan nan nan nan nan nan nan nan nan nan nan nan nan nan nan nan nan nan nan nan nan nan nan
32.820079 nan nan nan nan nan nan nan nan nan nan nan nan nan nan nan nan nan nan nan nan nan nan nan nan nan nan nan nan nan
33.8127 nan nan nan nan nan nan nan nan nan nan nan nan nan nan nan nan nan nan nan nan nan nan nan nan nan nan nan nan nan
34.835342 nan nan nan nan nan nan nan nan nan nan nan nan nan nan nan nan nan nan nan nan nan nan nan nan nan nan nan nan nan
35.888913 nan nan nan nan nan nan nan nan nan nan nan nan nan nan nan nan nan nan nan nan nan nan nan nan nan nan nan nan nan
36.974349 nan nan nan nan nan nan nan nan nan nan nan nan nan nan nan nan nan nan nan nan nan nan nan nan nan nan nan nan nan
38.092613 nan nan nan nan nan nan nan nan nan nan nan nan nan nan nan nan nan nan nan nan nan nan nan nan nan nan nan nan nan
39.244698 nan nan nan nan nan nan nan nan nan nan nan nan nan nan nan nan nan nan nan nan nan nan nan nan nan nan nan nan nan
40.431627 nan nan nan nan nan nan nan nan nan nan nan nan nan nan nan nan nan nan nan nan nan nan nan nan nan nan nan nan nan
41.654454 nan nan nan nan nan nan nan nan nan nan nan nan nan nan nan nan nan nan nan nan nan nan nan nan nan nan nan nan nan
42.914265 nan nan nan nan nan nan nan nan nan nan nan nan nan nan nan nan nan nan nan nan nan nan nan nan nan nan nan nan nan
44.212178 nan nan nan nan nan nan nan nan nan nan nan nan nan nan nan nan nan nan nan nan nan nan nan nan nan nan nan nan nan
45.549345 nan nan nan nan nan nan nan nan nan nan nan nan nan nan nan nan nan nan nan nan nan nan nan nan nan nan nan nan nan
46.926954 nan nan nan nan nan nan nan nan nan nan nan nan nan nan nan nan nan nan nan nan nan nan nan nan nan nan nan nan nan
48.346227 nan nan nan nan nan nan nan nan nan nan nan nan nan nan nan nan nan nan nan nan nan nan nan nan nan nan nan nan nan
49.808426 nan nan nan nan nan nan nan nan nan nan nan nan nan nan nan nan nan nan nan nan nan nan nan nan nan nan nan nan nan
51.314848 nan nan nan nan nan nan nan nan nan nan nan nan nan nan nan nan nan nan nan nan nan nan nan nan nan nan nan nan nan
52.86683 nan nan nan nan nan nan nan nan nan nan nan nan nan nan nan nan nan nan nan nan nan nan nan nan nan nan nan nan nan
54.465752 nan nan nan nan nan nan nan nan nan nan nan nan nan nan nan nan nan nan nan nan nan nan nan nan nan nan nan nan nan
56.113031 nan nan nan nan nan nan nan nan nan nan nan nan nan nan nan nan nan nan nan nan nan nan nan nan nan nan nan nan nan
57.810132 nan nan nan nan nan nan nan nan nan nan nan nan nan nan nan nan nan nan nan nan nan nan nan nan nan nan nan nan nan
59.55856 nan nan nan nan nan nan nan nan nan nan nan nan nan nan nan nan nan nan nan nan nan nan nan nan nan nan nan nan nan
61.359868 nan nan nan nan nan nan nan nan nan nan nan nan nan nan nan nan nan nan nan nan nan nan nan nan nan nan nan nan nan
63.215655 nan nan nan nan nan nan nan nan nan nan nan nan nan nan nan nan nan nan nan nan nan nan nan nan nan nan nan nan nan
65.127569 nan nan nan nan nan nan nan nan nan nan nan nan nan nan nan nan nan nan nan nan nan nan nan nan nan nan nan nan nan
67.097308 nan nan nan nan nan nan nan nan nan nan nan nan nan nan nan nan nan nan nan nan nan nan nan nan nan nan nan nan nan
69.126621 nan nan nan nan nan nan nan nan nan nan nan nan nan nan nan nan nan nan nan nan nan nan nan nan nan nan nan nan nan
71.217308 nan nan nan nan nan nan nan nan nan nan nan nan nan nan nan nan nan nan nan nan nan nan nan nan nan nan nan nan nan
73.371227 nan nan nan nan nan nan nan nan nan nan nan nan nan nan nan nan nan nan nan nan nan nan nan nan nan nan nan nan nan
75.59029 nan nan nan nan nan nan nan nan nan nan nan nan nan nan nan nan nan nan nan nan nan nan nan nan nan nan nan nan nan
77.876467 nan nan nan nan nan nan nan nan nan nan nan nan nan nan nan nan nan nan nan nan nan nan nan nan nan nan nan nan nan
80.231787 nan nan nan nan nan nan nan nan nan nan nan nan nan nan nan nan nan nan nan nan nan nan nan nan nan nan nan nan nan
82.658343 nan nan nan nan nan nan nan nan nan nan nan nan nan nan nan nan nan nan nan nan nan nan nan nan nan nan nan nan nan
85.158288 nan nan nan nan nan nan nan nan nan nan nan nan nan nan nan nan nan nan nan nan nan nan nan nan nan nan nan nan nan
87.733843 nan nan nan nan nan nan nan nan nan nan nan nan nan nan nan nan nan nan nan nan nan nan nan nan nan nan nan nan nan
90.387293 nan nan nan nan nan nan nan nan nan nan nan nan nan nan nan nan nan nan nan nan nan nan nan nan nan nan nan nan nan
93.120995 nan nan nan nan nan nan nan nan nan nan nan nan nan nan nan nan nan nan nan nan nan nan nan nan nan nan nan nan nan
95.937376 nan nan nan nan nan nan nan nan nan nan nan nan nan nan nan nan nan nan nan nan nan nan nan nan nan nan nan nan nan
