web/models/kne.last_good/kappa_1_10/12/villar_0.4064_0.3120_10.0000.dat
# %ECSV 1.0
# ---
# datatype:
# - {name: time, datatype: float64}
# - {name: swift_uvot_uvw2, datatype: float64}
# - {name: swift_uvot_uvm2, datatype: float64}
# - {name: swift_uvot_uvw1, datatype: float64}
# - {name: swift_uvot_U, datatype: float64}
# - {name: swift_uvot_B, datatype: float64}
# - {name: swift_uvot_V, datatype: float64}
# - {name: swift_uvot_W, datatype: float64}
# - {name: johnson_U, datatype: float64}
# - {name: johnson_B, datatype: float64}
# - {name: johnson_V, datatype: float64}
# - {name: johnson_R, datatype: float64}
# - {name: johnson_I, datatype: float64}
# - {name: sdss_u, datatype: float64}
# - {name: sdss_g, datatype: float64}
# - {name: sdss_r, datatype: float64}
# - {name: sdss_i, datatype: float64}
# - {name: sdss_z, datatype: float64}
# - {name: PS1_g, datatype: float64}
# - {name: PS1_r, datatype: float64}
# - {name: PS1_i, datatype: float64}
# - {name: PS1_z, datatype: float64}
# - {name: PS1_Y, datatype: float64}
# - {name: PS1_w, datatype: float64}
# - {name: ATLAS_c, datatype: float64}
# - {name: ATLAS_o, datatype: float64}
# - {name: ukirt_J, datatype: float64}
# - {name: ukirt_H, datatype: float64}
# - {name: ukirt_K, datatype: float64}
# - {name: Clear, datatype: float64}
# meta: !!omap
# - comment: [kappa = 10.0, type = villar, mass = 0.4064473885499596, velocity = 0.312, theta_obs = 0.0]
# schema: astropy-2.0
time swift_uvot_uvw2 swift_uvot_uvm2 swift_uvot_uvw1 swift_uvot_U swift_uvot_B swift_uvot_V swift_uvot_W johnson_U johnson_B johnson_V johnson_R johnson_I sdss_u sdss_g sdss_r sdss_i sdss_z PS1_g PS1_r PS1_i PS1_z PS1_Y PS1_w ATLAS_c ATLAS_o ukirt_J ukirt_H ukirt_K Clear
[from data line 280]
4.200141 -10.966 -8.106 -10.55 -12.607 -14.263 -15.416 -13.516 -12.909 -14.307 -15.46 -16.253 -16.764 -12.803 -14.729 -15.925 -16.483 -16.817 -14.971 -15.962 -16.512 -16.791 -16.978 -15.957 -15.351 -16.209 -17.097 -17.062 -16.842 -15.977
4.327172 -10.976 -8.116 -10.56 -12.617 -14.273 -15.426 -13.526 -12.919 -14.317 -15.47 -16.263 -16.774 -12.812 -14.739 -15.935 -16.493 -16.827 -14.981 -15.972 -16.521 -16.801 -16.988 -15.967 -15.361 -16.219 -17.107 -17.072 -16.852 -15.987
4.458044 -10.985 -8.125 -10.57 -12.627 -14.283 -15.436 -13.536 -12.928 -14.327 -15.48 -16.272 -16.784 -12.822 -14.748 -15.944 -16.502 -16.837 -14.99 -15.982 -16.531 -16.811 -16.997 -15.977 -15.371 -16.228 -17.116 -17.082 -16.861 -15.996
4.592874 -10.995 -8.135 -10.579 -12.637 -14.293 -15.445 -13.546 -12.938 -14.336 -15.489 -16.282 -16.793 -12.832 -14.758 -15.954 -16.512 -16.846 -15.0 -15.991 -16.541 -16.821 -17.007 -15.987 -15.38 -16.238 -17.126 -17.091 -16.871 -16.006
4.731783 -11.004 -8.144 -10.589 -12.646 -14.302 -15.455 -13.555 -12.947 -14.346 -15.498 -16.291 -16.803 -12.841 -14.767 -15.963 -16.521 -16.855 -15.009 -16.001 -16.55 -16.83 -17.016 -15.996 -15.39 -16.247 -17.135 -17.101 -16.88 -16.015
4.874892 -11.013 -8.153 -10.598 -12.655 -14.311 -15.464 -13.564 -12.956 -14.355 -15.507 -16.3 -16.812 -12.85 -14.776 -15.972 -16.53 -16.864 -15.018 -16.01 -16.559 -16.839 -17.025 -16.005 -15.399 -16.256 -17.144 -17.11 -16.889 -16.024
5.02233 -11.022 -8.162 -10.606 -12.664 -14.32 -15.472 -13.573 -12.965 -14.364 -15.516 -16.309 -16.821 -12.859 -14.785 -15.981 -16.539 -16.873 -15.027 -16.018 -16.568 -16.848 -17.034 -16.014 -15.408 -16.265 -17.153 -17.119 -16.898 -16.033
5.174227 -11.03 -8.17 -10.615 -12.672 -14.328 -15.481 -13.581 -12.974 -14.372 -15.525 -16.318 -16.829 -12.867 -14.793 -15.99 -16.548 -16.882 -15.036 -16.027 -16.576 -16.856 -17.043 -16.022 -15.416 -16.273 -17.162 -17.127 -16.906 -16.041
5.330718 -11.039 -8.179 -10.623 -12.681 -14.337 -15.489 -13.59 -12.982 -14.38 -15.533 -16.326 -16.837 -12.876 -14.802 -15.998 -16.556 -16.89 -15.044 -16.035 -16.585 -16.865 -17.051 -16.031 -15.424 -16.282 -17.17 -17.135 -16.915 -16.05
5.491942 -11.047 -8.187 -10.631 -12.689 -14.345 -15.497 -13.598 -12.99 -14.388 -15.541 -16.334 -16.845 -12.884 -14.81 -16.006 -16.564 -16.898 -15.052 -16.043 -16.593 -16.873 -17.059 -16.039 -15.432 -16.29 -17.178 -17.143 -16.923 -16.058
5.658042 -11.054 -8.195 -10.639 -12.696 -14.352 -15.505 -13.605 -12.998 -14.396 -15.549 -16.342 -16.853 -12.891 -14.817 -16.014 -16.572 -16.906 -15.06 -16.051 -16.6 -16.88 -17.067 -16.046 -15.44 -16.297 -17.186 -17.151 -16.93 -16.066
5.829166 -11.062 -8.202 -10.646 -12.704 -14.36 -15.513 -13.613 -13.005 -14.404 -15.556 -16.349 -16.861 -12.899 -14.825 -16.021 -16.579 -16.913 -15.067 -16.058 -16.608 -16.888 -17.074 -16.054 -15.448 -16.305 -17.193 -17.159 -16.938 -16.073
6.005465 -11.069 -8.209 -10.654 -12.711 -14.367 -15.52 -13.62 -13.012 -14.411 -15.563 -16.356 -16.868 -12.906 -14.832 -16.028 -16.586 -16.92 -15.074 -16.066 -16.615 -16.895 -17.081 -16.061 -15.455 -16.312 -17.2 -17.166 -16.945 -16.08
6.187096 -11.076 -8.216 -10.66 -12.718 -14.374 -15.526 -13.627 -13.019 -14.417 -15.57 -16.363 -16.874 -12.913 -14.839 -16.035 -16.593 -16.927 -15.081 -16.072 -16.622 -16.902 -17.088 -16.068 -15.461 -16.319 -17.207 -17.172 -16.952 -16.087
6.37422 -11.082 -8.222 -10.667 -12.724 -14.38 -15.533 -13.633 -13.025 -14.424 -15.577 -16.369 -16.881 -12.919 -14.845 -16.041 -16.599 -16.934 -15.087 -16.079 -16.628 -16.908 -17.094 -16.074 -15.468 -16.325 -17.213 -17.179 -16.958 -16.093
6.567004 -11.088 -8.228 -10.673 -12.73 -14.386 -15.539 -13.639 -13.031 -14.43 -15.583 -16.375 -16.887 -12.925 -14.851 -16.047 -16.606 -16.94 -15.093 -16.085 -16.634 -16.914 -17.1 -16.08 -15.474 -16.331 -17.219 -17.185 -16.964 -16.099
6.765619 -11.094 -8.234 -10.679 -12.736 -14.392 -15.545 -13.645 -13.037 -14.436 -15.588 -16.381 -16.893 -12.931 -14.857 -16.053 -16.611 -16.945 -15.099 -16.091 -16.64 -16.92 -17.106 -16.086 -15.48 -16.337 -17.225 -17.191 -16.97 -16.105
6.97024 -11.099 -8.239 -10.684 -12.741 -14.397 -15.55 -13.65 -13.042 -14.441 -15.594 -16.386 -16.898 -12.936 -14.862 -16.058 -16.616 -16.951 -15.104 -16.096 -16.645 -16.925 -17.111 -16.091 -15.485 -16.342 -17.23 -17.196 -16.975 -16.11
7.181051 -11.104 -8.244 -10.689 -12.746 -14.402 -15.555 -13.655 -13.047 -14.446 -15.599 -16.391 -16.903 -12.941 -14.867 -16.063 -16.621 -16.955 -15.109 -16.101 -16.65 -16.93 -17.116 -16.096 -15.49 -16.347 -17.235 -17.201 -16.98 -16.115
7.398237 -11.109 -8.249 -10.693 -12.75 -14.406 -15.559 -13.659 -13.052 -14.45 -15.603 -16.396 -16.907 -12.945 -14.872 -16.068 -16.626 -16.96 -15.114 -16.105 -16.654 -16.934 -17.121 -16.1 -15.494 -16.352 -17.24 -17.205 -16.985 -16.12
7.621991 -11.112 -8.253 -10.697 -12.754 -14.41 -15.563 -13.663 -13.056 -14.454 -15.607 -16.4 -16.911 -12.949 -14.875 -16.072 -16.63 -16.964 -15.118 -16.109 -16.658 -16.938 -17.125 -16.104 -15.498 -16.355 -17.244 -17.209 -16.988 -16.124
7.852513 -11.116 -8.256 -10.7 -12.758 -14.414 -15.567 -13.667 -13.059 -14.458 -15.61 -16.403 -16.915 -12.953 -14.879 -16.075 -16.633 -16.967 -15.121 -16.112 -16.662 -16.942 -17.128 -16.108 -15.502 -16.359 -17.247 -17.213 -16.992 -16.127
8.090007 -11.119 -8.259 -10.703 -12.761 -14.417 -15.569 -13.67 -13.062 -14.46 -15.613 -16.406 -16.918 -12.956 -14.882 -16.078 -16.636 -16.97 -15.124 -16.115 -16.665 -16.945 -17.131 -16.111 -15.505 -16.362 -17.25 -17.216 -16.995 -16.13
8.334684 -11.121 -8.261 -10.706 -12.763 -14.419 -15.572 -13.672 -13.064 -14.463 -15.616 -16.408 -16.92 -12.958 -14.884 -16.08 -16.638 -16.973 -15.126 -16.118 -16.667 -16.947 -17.133 -16.113 -15.507 -16.364 -17.252 -17.218 -16.997 -16.132
8.586761 -11.123 -8.263 -10.708 -12.765 -14.421 -15.574 -13.674 -13.066 -14.465 -15.617 -16.41 -16.922 -12.96 -14.886 -16.082 -16.64 -16.974 -15.128 -16.12 -16.669 -16.949 -17.135 -16.115 -15.509 -16.366 -17.254 -17.22 -16.999 -16.134
8.846461 -11.124 -8.264 -10.709 -12.766 -14.422 -15.575 -13.675 -13.067 -14.466 -15.619 -16.411 -16.923 -12.961 -14.887 -16.083 -16.641 -16.976 -15.129 -16.121 -16.67 -16.95 -17.136 -16.116 -15.51 -16.367 -17.255 -17.221 -17.0 -16.135
9.114017 -11.125 -8.265 -10.709 -12.767 -14.423 -15.575 -13.676 -13.068 -14.466 -15.619 -16.412 -16.923 -12.962 -14.888 -16.084 -16.642 -16.976 -15.13 -16.121 -16.671 -16.951 -17.137 -16.117 -15.51 -16.368 -17.256 -17.221 -17.001 -16.136
9.389664 -11.125 -8.265 -10.709 -12.766 -14.422 -15.575 -13.675 -13.068 -14.466 -15.619 -16.412 -16.923 -12.961 -14.888 -16.084 -16.642 -16.976 -15.13 -16.121 -16.67 -16.95 -17.137 -16.116 -15.51 -16.368 -17.256 -17.221 -17.001 -16.136
9.673648 -11.124 -8.264 -10.708 -12.766 -14.422 -15.574 -13.674 -13.067 -14.465 -15.618 -16.411 -16.922 -12.961 -14.887 -16.083 -16.641 -16.975 -15.129 -16.12 -16.67 -16.949 -17.136 -16.115 -15.509 -16.367 -17.255 -17.22 -17.0 -16.135
9.966221 -11.122 -8.262 -10.707 -12.764 -14.42 -15.573 -13.673 -13.065 -14.464 -15.616 -16.409 -16.921 -12.959 -14.885 -16.081 -16.639 -16.973 -15.127 -16.119 -16.668 -16.948 -17.134 -16.114 -15.508 -16.365 -17.253 -17.219 -16.998 -16.133
10.267642 -11.12 -8.26 -10.704 -12.761 -14.417 -15.57 -13.67 -13.063 -14.461 -15.614 -16.407 -16.918 -12.957 -14.883 -16.079 -16.637 -16.971 -15.125 -16.116 -16.666 -16.945 -17.132 -16.111 -15.505 -16.363 -17.251 -17.216 -16.996 -16.131
10.57818 -11.116 -8.256 -10.701 -12.758 -14.414 -15.567 -13.667 -13.059 -14.458 -15.611 -16.403 -16.915 -12.953 -14.879 -16.075 -16.634 -16.968 -15.121 -16.113 -16.662 -16.942 -17.128 -16.108 -15.502 -16.359 -17.248 -17.213 -16.992 -16.127
10.89811 -11.112 -8.252 -10.697 -12.754 -14.41 -15.563 -13.663 -13.055 -14.454 -15.607 -16.399 -16.911 -12.949 -14.875 -16.071 -16.629 -16.963 -15.117 -16.109 -16.658 -16.938 -17.124 -16.104 -15.498 -16.355 -17.243 -17.209 -16.988 -16.123
11.227716 -11.107 -8.247 -10.692 -12.749 -14.405 -15.558 -13.658 -13.05 -14.449 -15.601 -16.394 -16.906 -12.944 -14.87 -16.066 -16.624 -16.958 -15.112 -16.104 -16.653 -16.933 -17.119 -16.099 -15.493 -16.35 -17.238 -17.204 -16.983 -16.118
11.56729 -11.101 -8.241 -10.685 -12.743 -14.399 -15.551 -13.652 -13.044 -14.443 -15.595 -16.388 -16.9 -12.938 -14.864 -16.06 -16.618 -16.952 -15.106 -16.097 -16.647 -16.927 -17.113 -16.093 -15.487 -16.344 -17.232 -17.198 -16.977 -16.112
11.917135 -11.094 -8.234 -10.678 -12.736 -14.392 -15.544 -13.644 -13.037 -14.435 -15.588 -16.381 -16.892 -12.931 -14.857 -16.053 -16.611 -16.945 -15.099 -16.09 -16.64 -16.919 -17.106 -16.086 -15.479 -16.337 -17.225 -17.19 -16.97 -16.105
12.277561 -11.085 -8.225 -10.67 -12.727 -14.383 -15.536 -13.636 -13.028 -14.427 -15.58 -16.373 -16.884 -12.922 -14.848 -16.045 -16.603 -16.937 -15.09 -16.082 -16.631 -16.911 -17.098 -16.077 -15.471 -16.328 -17.217 -17.182 -16.961 -16.096
12.648887 -11.076 -8.216 -10.66 -12.718 -14.374 -15.527 -13.627 -13.019 -14.418 -15.57 -16.363 -16.875 -12.913 -14.839 -16.035 -16.593 -16.927 -15.081 -16.072 -16.622 -16.902 -17.088 -16.068 -15.462 -16.319 -17.207 -17.173 -16.952 -16.087
13.031444 -11.065 -8.205 -10.65 -12.707 -14.363 -15.516 -13.616 -13.008 -14.407 -15.56 -16.352 -16.864 -12.902 -14.828 -16.024 -16.582 -16.917 -15.07 -16.062 -16.611 -16.891 -17.077 -16.057 -15.451 -16.308 -17.196 -17.162 -16.941 -16.076
13.425571 -11.053 -8.193 -10.638 -12.695 -14.351 -15.504 -13.604 -12.996 -14.395 -15.548 -16.34 -16.852 -12.89 -14.816 -16.012 -16.57 -16.905 -15.058 -16.05 -16.599 -16.879 -17.065 -16.045 -15.439 -16.296 -17.184 -17.15 -16.929 -16.064
13.831619 -11.04 -8.18 -10.624 -12.682 -14.338 -15.49 -13.591 -12.983 -14.381 -15.534 -16.327 -16.838 -12.877 -14.803 -15.999 -16.557 -16.891 -15.045 -16.036 -16.586 -16.866 -17.052 -16.032 -15.425 -16.283 -17.171 -17.136 -16.916 -16.051
14.249947 -11.025 -8.165 -10.609 -12.667 -14.323 -15.476 -13.576 -12.968 -14.367 -15.519 -16.312 -16.824 -12.862 -14.788 -15.984 -16.542 -16.876 -15.03 -16.021 -16.571 -16.851 -17.037 -16.017 -15.411 -16.268 -17.156 -17.122 -16.901 -16.036
14.680926 -11.008 -8.149 -10.593 -12.65 -14.306 -15.459 -13.559 -12.952 -14.35 -15.503 -16.296 -16.807 -12.845 -14.771 -15.968 -16.526 -16.86 -15.014 -16.005 -16.554 -16.834 -17.021 -16.0 -15.394 -16.251 -17.14 -17.105 -16.884 -16.02
15.124941 -10.99 -8.13 -10.575 -12.632 -14.288 -15.441 -13.541 -12.934 -14.332 -15.485 -16.278 -16.789 -12.827 -14.753 -15.95 -16.508 -16.842 -14.995 -15.987 -16.536 -16.816 -17.003 -15.982 -15.376 -16.233 -17.122 -17.087 -16.866 -16.001
15.582385 -10.971 -8.111 -10.555 -12.612 -14.268 -15.421 -13.521 -12.914 -14.312 -15.465 -16.258 -16.769 -12.808 -14.734 -15.93 -16.488 -16.822 -14.976 -15.967 -16.517 -16.796 -16.983 -15.962 -15.356 -16.214 -17.102 -17.067 -16.847 -15.982
16.053663 -10.949 -8.089 -10.534 -12.591 -14.247 -15.4 -13.5 -12.892 -14.291 -15.443 -16.236 -16.748 -12.786 -14.712 -15.908 -16.466 -16.8 -14.954 -15.946 -16.495 -16.775 -16.961 -15.941 -15.335 -16.192 -17.08 -17.046 -16.825 -15.96
16.539195 -10.925 -8.066 -10.51 -12.567 -14.223 -15.376 -13.476 -12.869 -14.267 -15.42 -16.213 -16.724 -12.762 -14.688 -15.885 -16.443 -16.777 -14.931 -15.922 -16.471 -16.751 -16.938 -15.917 -15.311 -16.168 -17.057 -17.022 -16.801 -15.937
17.039412 -10.9 -8.04 -10.484 -12.542 -14.198 -15.351 -13.451 -12.843 -14.242 -15.394 -16.187 -16.699 -12.737 -14.663 -15.859 -16.417 -16.751 -14.905 -15.896 -16.446 -16.726 -16.912 -15.892 -15.286 -16.143 -17.031 -16.997 -16.776 -15.911
17.554757 -10.872 -8.012 -10.457 -12.514 -14.17 -15.323 -13.423 -12.815 -14.214 -15.367 -16.159 -16.671 -12.709 -14.635 -15.831 -16.389 -16.724 -14.877 -15.869 -16.418 -16.698 -16.884 -15.864 -15.258 -16.115 -17.003 -16.969 -16.748 -15.883
18.085689 -10.842 -7.982 -10.427 -12.484 -14.14 -15.293 -13.393 -12.785 -14.184 -15.337 -16.129 -16.641 -12.679 -14.605 -15.801 -16.359 -16.694 -14.847 -15.839 -16.388 -16.668 -16.854 -15.834 -15.228 -16.085 -16.973 -16.939 -16.718 -15.853
18.632678 -10.81 -7.95 -10.394 -12.452 -14.108 -15.26 -13.361 -12.753 -14.151 -15.304 -16.097 -16.608 -12.647 -14.573 -15.769 -16.327 -16.661 -14.815 -15.806 -16.356 -16.636 -16.822 -15.802 -15.195 -16.053 -16.941 -16.906 -16.686 -15.821
19.196211 -10.775 -7.915 -10.359 -12.417 -14.073 -15.225 -13.326 -12.718 -14.116 -15.269 -16.062 -16.573 -12.612 -14.538 -15.734 -16.292 -16.626 -14.78 -15.771 -16.321 -16.601 -16.787 -15.767 -15.16 -16.018 -16.906 -16.871 -16.651 -15.786
19.776787 -10.737 -7.877 -10.322 -12.379 -14.035 -15.188 -13.288 -12.68 -14.079 -15.232 -16.024 -16.536 -12.574 -14.5 -15.696 -16.254 -16.589 -14.742 -15.734 -16.283 -16.563 -16.749 -15.729 -15.123 -15.98 -16.868 -16.834 -16.613 -15.748
20.374923 -10.697 -7.837 -10.281 -12.339 -13.995 -15.147 -13.247 -12.64 -14.038 -15.191 -15.984 -16.495 -12.534 -14.46 -15.656 -16.214 -16.548 -14.702 -15.693 -16.243 -16.522 -16.709 -15.688 -15.082 -15.94 -16.828 -16.793 -16.573 -15.708
20.991149 -10.653 -7.793 -10.238 -12.295 -13.951 -15.104 -13.204 -12.596 -13.995 -15.148 -15.94 -16.452 -12.49 -14.416 -15.612 -16.17 -16.505 -14.658 -15.65 -16.199 -16.479 -16.665 -15.645 -15.039 -15.896 -16.784 -16.75 -16.529 -15.664
21.626011 -10.607 -7.747 -10.191 -12.248 -13.904 -15.057 -13.157 -12.55 -13.948 -15.101 -15.894 -16.405 -12.443 -14.37 -15.566 -16.124 -16.458 -14.612 -15.603 -16.152 -16.432 -16.619 -15.598 -14.992 -15.85 -16.738 -16.703 -16.483 -15.618
22.280075 -10.557 -7.697 -10.141 -12.198 -13.854 -15.007 -13.107 -12.5 -13.898 -15.051 -15.844 -16.355 -12.393 -14.32 -15.516 -16.074 -16.408 -14.562 -15.553 -16.102 -16.382 -16.569 -15.548 -14.942 -15.8 -16.688 -16.653 -16.432 -15.568
22.953921 -10.503 -7.643 -10.088 -12.145 -13.801 -14.954 -13.054 -12.446 -13.845 -14.997 -15.79 -16.302 -12.34 -14.266 -15.462 -16.02 -16.354 -14.508 -15.5 -16.049 -16.329 -16.515 -15.495 -14.889 -15.746 -16.634 -16.6 -16.379 -15.514
23.648147 -10.446 -7.586 -10.03 -12.088 -13.744 -14.896 -12.996 -12.389 -13.787 -14.94 -15.733 -16.244 -12.283 -14.209 -15.405 -15.963 -16.297 -14.451 -15.442 -15.992 -16.271 -16.458 -15.437 -14.831 -15.689 -16.577 -16.542 -16.322 -15.457
24.363369 -10.384 -7.524 -9.969 -12.026 -13.682 -14.835 -12.935 -12.328 -13.726 -14.879 -15.672 -16.183 -12.221 -14.147 -15.344 -15.902 -16.236 -14.389 -15.381 -15.93 -16.21 -16.397 -15.376 -14.77 -15.627 -16.516 -16.481 -16.26 -15.395
25.100222 -10.319 -7.459 -9.903 -11.961 -13.617 -14.77 -12.87 -12.262 -13.661 -14.813 -15.606 -16.118 -12.156 -14.082 -15.278 -15.836 -16.17 -14.324 -15.315 -15.865 -16.145 -16.331 -15.311 -14.705 -15.562 -16.45 -16.416 -16.195 -15.33
25.859362 -10.249 -7.389 -9.834 -11.891 -13.547 -14.7 -12.8 -12.192 -13.591 -14.743 -15.536 -16.048 -12.086 -14.012 -15.208 -15.766 -16.1 -14.254 -15.246 -15.795 -16.075 -16.261 -15.241 -14.635 -15.492 -16.38 -16.346 -16.125 -15.26
26.64146 -10.174 -7.315 -9.759 -11.816 -13.472 -14.625 -12.725 -12.118 -13.516 -14.669 -15.462 -15.973 -12.011 -13.937 -15.134 -15.692 -16.026 -14.18 -15.171 -15.72 -16.0 -16.187 -15.166 -14.56 -15.417 -16.306 -16.271 -16.05 -15.186
27.447213 -10.095 -7.235 -9.679 -11.737 -13.393 -14.546 -12.646 -12.038 -13.437 -14.589 -15.382 -15.894 -11.932 -13.858 -15.054 -15.612 -15.946 -14.1 -15.091 -15.641 -15.921 -16.107 -15.087 -14.481 -15.338 -16.226 -16.192 -15.971 -15.106
28.277335 -10.01 -7.15 -9.595 -11.652 -13.308 -14.461 -12.561 -11.953 -13.352 -14.505 -15.297 -15.809 -11.847 -13.773 -14.969 -15.527 -15.861 -14.015 -15.007 -15.556 -15.836 -16.022 -15.002 -14.396 -15.253 -16.141 -16.107 -15.886 -15.021
29.132564 -9.92 -7.06 -9.504 -11.562 -13.218 -14.37 -12.471 -11.863 -13.261 -14.414 -15.207 -15.718 -11.757 -13.683 -14.879 -15.437 -15.771 -13.925 -14.916 -15.466 -15.746 -15.932 -14.912 -14.305 -15.163 -16.051 -16.016 -15.796 -14.931
30.013659 -9.824 -6.964 -9.408 -11.465 -13.121 -14.274 -12.374 -11.767 -13.165 -14.318 -15.111 -15.622 -11.66 -13.587 -14.783 -15.341 -15.675 -13.829 -14.82 -15.369 -15.649 -15.836 -14.815 -14.209 -15.067 -15.955 -15.92 -15.7 -14.835
