web/models/kne.last_good/kappa_1_10/12/villar_0.0079_0.1553_1.0000.dat
# %ECSV 1.0
# ---
# datatype:
# - {name: time, datatype: float64}
# - {name: swift_uvot_uvw2, datatype: float64}
# - {name: swift_uvot_uvm2, datatype: float64}
# - {name: swift_uvot_uvw1, datatype: float64}
# - {name: swift_uvot_U, datatype: float64}
# - {name: swift_uvot_B, datatype: float64}
# - {name: swift_uvot_V, datatype: float64}
# - {name: swift_uvot_W, datatype: float64}
# - {name: johnson_U, datatype: float64}
# - {name: johnson_B, datatype: float64}
# - {name: johnson_V, datatype: float64}
# - {name: johnson_R, datatype: float64}
# - {name: johnson_I, datatype: float64}
# - {name: sdss_u, datatype: float64}
# - {name: sdss_g, datatype: float64}
# - {name: sdss_r, datatype: float64}
# - {name: sdss_i, datatype: float64}
# - {name: sdss_z, datatype: float64}
# - {name: PS1_g, datatype: float64}
# - {name: PS1_r, datatype: float64}
# - {name: PS1_i, datatype: float64}
# - {name: PS1_z, datatype: float64}
# - {name: PS1_Y, datatype: float64}
# - {name: PS1_w, datatype: float64}
# - {name: ATLAS_c, datatype: float64}
# - {name: ATLAS_o, datatype: float64}
# - {name: ukirt_J, datatype: float64}
# - {name: ukirt_H, datatype: float64}
# - {name: ukirt_K, datatype: float64}
# - {name: Clear, datatype: float64}
# meta: !!omap
# - comment: [kappa = 1.0, type = villar, mass = 0.00793700525986525, velocity = 0.15533333333333332, theta_obs = 0.0]
# schema: astropy-2.0
time swift_uvot_uvw2 swift_uvot_uvm2 swift_uvot_uvw1 swift_uvot_U swift_uvot_B swift_uvot_V swift_uvot_W johnson_U johnson_B johnson_V johnson_R johnson_I sdss_u sdss_g sdss_r sdss_i sdss_z PS1_g PS1_r PS1_i PS1_z PS1_Y PS1_w ATLAS_c ATLAS_o ukirt_J ukirt_H ukirt_K Clear
[from data line 78]
0.010217 -9.558 -9.47 -9.389 -9.116 -8.827 -8.496 -9.24 -9.074 -8.824 -8.486 -8.131 -7.711 -9.083 -8.723 -8.292 -7.964 -7.649 -8.707 -8.324 -8.004 -7.792 -7.772 -8.342 -8.555 -8.157 -7.008 -6.48 -5.864 -8.409
0.010526 -9.595 -9.511 -9.432 -9.162 -8.876 -8.547 -9.283 -9.121 -8.872 -8.537 -8.183 -7.763 -9.13 -8.772 -8.343 -8.016 -7.701 -8.756 -8.375 -8.055 -7.843 -7.821 -8.393 -8.605 -8.209 -7.062 -6.534 -5.918 -8.459
0.010845 -9.632 -9.551 -9.474 -9.209 -8.925 -8.597 -9.326 -9.168 -8.921 -8.587 -8.234 -7.816 -9.177 -8.821 -8.394 -8.067 -7.754 -8.805 -8.425 -8.106 -7.894 -7.87 -8.443 -8.655 -8.26 -7.115 -6.588 -5.973 -8.509
0.011173 -9.669 -9.591 -9.516 -9.255 -8.973 -8.647 -9.368 -9.215 -8.97 -8.637 -8.285 -7.868 -9.223 -8.87 -8.445 -8.119 -7.806 -8.854 -8.476 -8.157 -7.945 -7.92 -8.493 -8.704 -8.311 -7.168 -6.641 -6.027 -8.559
0.011511 -9.705 -9.631 -9.557 -9.301 -9.022 -8.697 -9.41 -9.261 -9.018 -8.687 -8.336 -7.92 -9.27 -8.919 -8.496 -8.171 -7.858 -8.903 -8.526 -8.208 -7.996 -7.969 -8.544 -8.754 -8.362 -7.222 -6.695 -6.081 -8.609
0.011859 -9.742 -9.67 -9.599 -9.347 -9.07 -8.747 -9.452 -9.308 -9.066 -8.737 -8.387 -7.972 -9.316 -8.968 -8.546 -8.222 -7.911 -8.952 -8.576 -8.259 -8.047 -8.018 -8.594 -8.803 -8.413 -7.275 -6.749 -6.135 -8.659
0.012217 -9.778 -9.71 -9.64 -9.393 -9.118 -8.797 -9.494 -9.354 -9.114 -8.787 -8.438 -8.024 -9.363 -9.016 -8.597 -8.274 -7.963 -9.0 -8.626 -8.31 -8.098 -8.068 -8.644 -8.853 -8.464 -7.328 -6.803 -6.189 -8.709
0.012587 -9.813 -9.749 -9.681 -9.439 -9.166 -8.846 -9.535 -9.4 -9.162 -8.836 -8.489 -8.076 -9.409 -9.065 -8.647 -8.325 -8.015 -9.049 -8.676 -8.361 -8.148 -8.117 -8.694 -8.902 -8.515 -7.381 -6.856 -6.243 -8.758
0.012968 -9.849 -9.788 -9.722 -9.485 -9.214 -8.896 -9.577 -9.446 -9.21 -8.886 -8.54 -8.128 -9.455 -9.113 -8.697 -8.376 -8.067 -9.097 -8.726 -8.411 -8.199 -8.166 -8.744 -8.951 -8.565 -7.434 -6.91 -6.298 -8.808
0.01336 -9.884 -9.826 -9.762 -9.53 -9.262 -8.945 -9.618 -9.492 -9.258 -8.935 -8.591 -8.179 -9.5 -9.162 -8.748 -8.428 -8.119 -9.145 -8.776 -8.462 -8.25 -8.215 -8.793 -9.0 -8.616 -7.487 -6.963 -6.352 -8.857
0.013764 -9.919 -9.864 -9.803 -9.575 -9.309 -8.995 -9.659 -9.538 -9.305 -8.985 -8.641 -8.231 -9.546 -9.21 -8.798 -8.479 -8.171 -9.193 -8.826 -8.512 -8.3 -8.264 -8.843 -9.049 -8.666 -7.54 -7.017 -6.405 -8.906
0.01418 -9.953 -9.902 -9.843 -9.62 -9.357 -9.044 -9.7 -9.583 -9.353 -9.034 -8.692 -8.283 -9.591 -9.258 -8.848 -8.53 -8.222 -9.241 -8.875 -8.563 -8.351 -8.313 -8.893 -9.098 -8.717 -7.593 -7.07 -6.459 -8.955
0.014609 -9.987 -9.94 -9.883 -9.665 -9.404 -9.093 -9.74 -9.629 -9.4 -9.083 -8.742 -8.334 -9.637 -9.306 -8.898 -8.581 -8.274 -9.289 -8.925 -8.613 -8.401 -8.362 -8.942 -9.147 -8.767 -7.645 -7.124 -6.513 -9.004
0.015051 -10.021 -9.978 -9.922 -9.71 -9.451 -9.142 -9.781 -9.674 -9.447 -9.132 -8.792 -8.386 -9.682 -9.354 -8.948 -8.632 -8.326 -9.337 -8.974 -8.664 -8.452 -8.411 -8.991 -9.196 -8.817 -7.698 -7.177 -6.567 -9.053
0.015506 -10.055 -10.015 -9.962 -9.755 -9.498 -9.191 -9.821 -9.719 -9.495 -9.181 -8.843 -8.437 -9.727 -9.401 -8.998 -8.683 -8.377 -9.385 -9.024 -8.714 -8.502 -8.46 -9.041 -9.244 -8.868 -7.751 -7.23 -6.621 -9.102
0.015975 -10.089 -10.052 -10.001 -9.799 -9.545 -9.24 -9.861 -9.764 -9.542 -9.23 -8.893 -8.489 -9.772 -9.449 -9.047 -8.733 -8.429 -9.432 -9.073 -8.764 -8.553 -8.509 -9.09 -9.293 -8.918 -7.803 -7.283 -6.675 -9.151
0.016458 -10.122 -10.089 -10.04 -9.843 -9.592 -9.289 -9.9 -9.808 -9.588 -9.279 -8.943 -8.54 -9.816 -9.496 -9.097 -8.784 -8.48 -9.48 -9.122 -8.814 -8.603 -8.558 -9.139 -9.341 -8.968 -7.856 -7.337 -6.728 -9.199
0.016956 -10.155 -10.125 -10.079 -9.888 -9.639 -9.337 -9.94 -9.853 -9.635 -9.328 -8.993 -8.591 -9.861 -9.544 -9.146 -8.835 -8.532 -9.527 -9.171 -8.864 -8.653 -8.607 -9.188 -9.389 -9.018 -7.909 -7.39 -6.782 -9.248
0.017469 -10.187 -10.162 -10.117 -9.932 -9.685 -9.386 -9.979 -9.897 -9.682 -9.376 -9.043 -8.642 -9.905 -9.591 -9.196 -8.885 -8.583 -9.574 -9.22 -8.914 -8.703 -8.656 -9.237 -9.437 -9.067 -7.961 -7.443 -6.836 -9.296
0.017997 -10.22 -10.197 -10.156 -9.975 -9.732 -9.434 -10.019 -9.942 -9.728 -9.425 -9.093 -8.693 -9.949 -9.638 -9.245 -8.935 -8.634 -9.621 -9.269 -8.964 -8.753 -8.705 -9.286 -9.485 -9.117 -8.013 -7.496 -6.889 -9.345
0.018541 -10.252 -10.233 -10.194 -10.019 -9.778 -9.483 -10.058 -9.986 -9.774 -9.473 -9.142 -8.744 -9.993 -9.685 -9.294 -8.986 -8.685 -9.668 -9.318 -9.014 -8.803 -8.753 -9.334 -9.533 -9.167 -8.066 -7.549 -6.943 -9.393
0.019102 -10.284 -10.269 -10.231 -10.062 -9.824 -9.531 -10.096 -10.03 -9.821 -9.521 -9.192 -8.795 -10.037 -9.732 -9.343 -9.036 -8.736 -9.715 -9.367 -9.064 -8.853 -8.802 -9.383 -9.581 -9.216 -8.118 -7.602 -6.996 -9.441
0.01968 -10.315 -10.304 -10.269 -10.106 -9.87 -9.579 -10.135 -10.073 -9.867 -9.569 -9.242 -8.846 -10.081 -9.779 -9.392 -9.086 -8.788 -9.762 -9.415 -9.113 -8.903 -8.851 -9.431 -9.628 -9.266 -8.17 -7.655 -7.05 -9.489
0.020275 -10.346 -10.338 -10.306 -10.149 -9.916 -9.627 -10.173 -10.117 -9.913 -9.617 -9.291 -8.897 -10.125 -9.825 -9.441 -9.136 -8.838 -9.808 -9.464 -9.163 -8.953 -8.9 -9.48 -9.676 -9.315 -8.223 -7.708 -7.103 -9.537
0.020888 -10.377 -10.373 -10.343 -10.192 -9.962 -9.675 -10.211 -10.16 -9.958 -9.665 -9.34 -8.947 -10.168 -9.872 -9.49 -9.186 -8.889 -9.855 -9.512 -9.213 -9.003 -8.948 -9.528 -9.723 -9.365 -8.275 -7.761 -7.157 -9.584
0.02152 -10.408 -10.407 -10.38 -10.235 -10.008 -9.723 -10.249 -10.204 -10.004 -9.713 -9.39 -8.998 -10.211 -9.918 -9.539 -9.236 -8.94 -9.901 -9.561 -9.262 -9.053 -8.997 -9.576 -9.771 -9.414 -8.327 -7.813 -7.21 -9.632
0.022171 -10.438 -10.441 -10.417 -10.277 -10.053 -9.77 -10.287 -10.247 -10.05 -9.761 -9.439 -9.049 -10.254 -9.965 -9.588 -9.286 -8.991 -9.948 -9.609 -9.312 -9.103 -9.045 -9.624 -9.818 -9.463 -8.379 -7.866 -7.263 -9.68
0.022841 -10.468 -10.475 -10.453 -10.32 -10.099 -9.818 -10.325 -10.29 -10.095 -9.809 -9.488 -9.099 -10.297 -10.011 -9.636 -9.336 -9.042 -9.994 -9.657 -9.361 -9.152 -9.094 -9.672 -9.865 -9.512 -8.431 -7.919 -7.317 -9.727
0.023532 -10.497 -10.508 -10.489 -10.362 -10.144 -9.865 -10.362 -10.333 -10.14 -9.856 -9.537 -9.15 -10.34 -10.057 -9.685 -9.386 -9.092 -10.04 -9.705 -9.41 -9.202 -9.143 -9.72 -9.912 -9.561 -8.483 -7.971 -7.37 -9.775
0.024244 -10.527 -10.542 -10.525 -10.404 -10.189 -9.913 -10.399 -10.375 -10.185 -9.903 -9.586 -9.2 -10.382 -10.103 -9.733 -9.435 -9.143 -10.086 -9.754 -9.459 -9.251 -9.191 -9.768 -9.959 -9.61 -8.535 -8.024 -7.423 -9.822
0.024977 -10.556 -10.574 -10.561 -10.446 -10.234 -9.96 -10.436 -10.418 -10.23 -9.951 -9.635 -9.25 -10.425 -10.148 -9.781 -9.485 -9.193 -10.132 -9.801 -9.508 -9.301 -9.239 -9.816 -10.006 -9.659 -8.586 -8.077 -7.476 -9.869
0.025733 -10.584 -10.607 -10.596 -10.487 -10.279 -10.007 -10.473 -10.46 -10.275 -9.998 -9.684 -9.3 -10.467 -10.194 -9.829 -9.534 -9.244 -10.177 -9.849 -9.558 -9.35 -9.288 -9.863 -10.052 -9.707 -8.638 -8.129 -7.529 -9.916
0.026511 -10.613 -10.639 -10.631 -10.529 -10.323 -10.054 -10.509 -10.502 -10.32 -10.045 -9.733 -9.351 -10.509 -10.239 -9.877 -9.584 -9.294 -10.223 -9.897 -9.607 -9.4 -9.336 -9.911 -10.099 -9.756 -8.69 -8.182 -7.582 -9.963
0.027313 -10.641 -10.671 -10.666 -10.57 -10.368 -10.101 -10.546 -10.544 -10.364 -10.092 -9.781 -9.401 -10.551 -10.285 -9.925 -9.633 -9.344 -10.268 -9.945 -9.655 -9.449 -9.385 -9.958 -10.145 -9.804 -8.742 -8.234 -7.636 -10.01
0.028139 -10.669 -10.703 -10.701 -10.611 -10.412 -10.148 -10.582 -10.585 -10.409 -10.139 -9.83 -9.451 -10.592 -10.33 -9.973 -9.682 -9.395 -10.314 -9.992 -9.704 -9.498 -9.433 -10.005 -10.191 -9.853 -8.793 -8.286 -7.689 -10.056
0.02899 -10.696 -10.734 -10.735 -10.652 -10.456 -10.195 -10.618 -10.627 -10.453 -10.185 -9.878 -9.501 -10.634 -10.375 -10.021 -9.732 -9.445 -10.359 -10.04 -9.753 -9.547 -9.481 -10.052 -10.238 -9.901 -8.845 -8.339 -7.742 -10.103
0.029867 -10.723 -10.765 -10.769 -10.693 -10.501 -10.241 -10.653 -10.668 -10.497 -10.232 -9.926 -9.55 -10.675 -10.42 -10.069 -9.781 -9.495 -10.404 -10.087 -9.802 -9.597 -9.53 -10.099 -10.284 -9.949 -8.896 -8.391 -7.795 -10.149
0.03077 -10.75 -10.796 -10.803 -10.734 -10.544 -10.288 -10.689 -10.709 -10.541 -10.279 -9.975 -9.6 -10.716 -10.465 -10.116 -9.83 -9.545 -10.449 -10.135 -9.85 -9.646 -9.578 -10.146 -10.33 -9.997 -8.948 -8.443 -7.847 -10.196
0.031701 -10.776 -10.826 -10.836 -10.774 -10.588 -10.334 -10.724 -10.75 -10.585 -10.325 -10.023 -9.65 -10.757 -10.509 -10.164 -9.879 -9.595 -10.494 -10.182 -9.899 -9.695 -9.626 -10.193 -10.375 -10.045 -8.999 -8.496 -7.9 -10.242
0.032659 -10.802 -10.856 -10.869 -10.814 -10.632 -10.38 -10.759 -10.791 -10.628 -10.371 -10.071 -9.7 -10.798 -10.554 -10.211 -9.927 -9.645 -10.538 -10.229 -9.947 -9.744 -9.674 -10.24 -10.421 -10.093 -9.051 -8.548 -7.953 -10.288
0.033647 -10.828 -10.886 -10.902 -10.854 -10.675 -10.426 -10.794 -10.832 -10.672 -10.417 -10.119 -9.749 -10.838 -10.598 -10.258 -9.976 -9.694 -10.583 -10.276 -9.996 -9.793 -9.722 -10.287 -10.467 -10.141 -9.102 -8.6 -8.006 -10.334
0.034665 -10.853 -10.915 -10.935 -10.894 -10.719 -10.472 -10.828 -10.872 -10.715 -10.463 -10.167 -9.799 -10.878 -10.643 -10.306 -10.025 -9.744 -10.627 -10.323 -10.044 -9.841 -9.77 -10.333 -10.512 -10.189 -9.153 -8.652 -8.059 -10.38
0.035713 -10.878 -10.944 -10.967 -10.934 -10.762 -10.518 -10.863 -10.912 -10.758 -10.509 -10.214 -9.848 -10.918 -10.687 -10.353 -10.073 -9.794 -10.672 -10.369 -10.092 -9.89 -9.818 -10.379 -10.557 -10.237 -9.204 -8.704 -8.112 -10.426
0.036793 -10.903 -10.973 -11.0 -10.973 -10.805 -10.564 -10.897 -10.952 -10.801 -10.555 -10.262 -9.897 -10.958 -10.731 -10.4 -10.122 -9.843 -10.716 -10.416 -10.14 -9.939 -9.866 -10.426 -10.602 -10.284 -9.256 -8.756 -8.164 -10.472
0.037906 -10.927 -11.001 -11.031 -11.012 -10.848 -10.61 -10.931 -10.992 -10.844 -10.601 -10.31 -9.947 -10.998 -10.774 -10.446 -10.17 -9.893 -10.76 -10.463 -10.188 -9.987 -9.914 -10.472 -10.648 -10.332 -9.307 -8.808 -8.217 -10.517
0.039052 -10.951 -11.029 -11.063 -11.051 -10.89 -10.655 -10.964 -11.032 -10.887 -10.646 -10.357 -9.996 -11.038 -10.818 -10.493 -10.218 -9.942 -10.803 -10.509 -10.236 -10.036 -9.962 -10.518 -10.692 -10.379 -9.358 -8.86 -8.27 -10.563
0.040234 -10.975 -11.057 -11.094 -11.09 -10.933 -10.701 -10.998 -11.071 -10.93 -10.692 -10.404 -10.045 -11.077 -10.862 -10.54 -10.267 -9.992 -10.847 -10.556 -10.284 -10.085 -10.01 -10.564 -10.737 -10.426 -9.409 -8.912 -8.322 -10.608
0.04145 -10.998 -11.084 -11.125 -11.128 -10.975 -10.746 -11.031 -11.11 -10.972 -10.737 -10.452 -10.094 -11.116 -10.905 -10.586 -10.315 -10.041 -10.891 -10.602 -10.332 -10.133 -10.058 -10.61 -10.782 -10.473 -9.46 -8.964 -8.375 -10.653
0.042704 -11.021 -11.111 -11.156 -11.167 -11.018 -10.791 -11.064 -11.149 -11.014 -10.782 -10.499 -10.143 -11.155 -10.948 -10.633 -10.363 -10.09 -10.934 -10.648 -10.38 -10.181 -10.106 -10.655 -10.826 -10.52 -9.511 -9.016 -8.428 -10.698
0.043996 -11.043 -11.138 -11.186 -11.205 -11.06 -10.836 -11.097 -11.188 -11.056 -10.827 -10.546 -10.192 -11.193 -10.991 -10.679 -10.411 -10.139 -10.977 -10.694 -10.427 -10.23 -10.154 -10.701 -10.871 -10.567 -9.561 -9.067 -8.48 -10.743
0.045326 -11.065 -11.164 -11.216 -11.242 -11.101 -10.881 -11.13 -11.227 -11.098 -10.872 -10.593 -10.24 -11.232 -11.034 -10.725 -10.459 -10.188 -11.021 -10.74 -10.475 -10.278 -10.201 -10.746 -10.915 -10.614 -9.612 -9.119 -8.533 -10.788
0.046697 -11.087 -11.19 -11.246 -11.28 -11.143 -10.925 -11.162 -11.265 -11.14 -10.917 -10.64 -10.289 -11.27 -11.077 -10.771 -10.506 -10.237 -11.064 -10.786 -10.522 -10.326 -10.249 -10.792 -10.959 -10.661 -9.663 -9.171 -8.585 -10.833
0.048109 -11.108 -11.215 -11.275 -11.318 -11.185 -10.97 -11.194 -11.303 -11.181 -10.962 -10.687 -10.338 -11.308 -11.119 -10.817 -10.554 -10.286 -11.106 -10.832 -10.57 -10.374 -10.297 -10.837 -11.003 -10.707 -9.714 -9.222 -8.637 -10.877
0.049564 -11.129 -11.24 -11.304 -11.355 -11.226 -11.014 -11.226 -11.341 -11.223 -11.006 -10.733 -10.386 -11.346 -11.162 -10.863 -10.602 -10.335 -11.149 -10.877 -10.617 -10.422 -10.344 -10.882 -11.047 -10.754 -9.764 -9.274 -8.69 -10.922
0.051063 -11.149 -11.265 -11.333 -11.392 -11.267 -11.059 -11.258 -11.379 -11.264 -11.05 -10.78 -10.435 -11.384 -11.204 -10.909 -10.649 -10.384 -11.192 -10.923 -10.664 -10.47 -10.392 -10.927 -11.09 -10.8 -9.815 -9.325 -8.742 -10.966
0.052608 -11.169 -11.289 -11.361 -11.428 -11.308 -11.103 -11.289 -11.416 -11.305 -11.095 -10.826 -10.483 -11.421 -11.246 -10.954 -10.696 -10.432 -11.234 -10.968 -10.711 -10.518 -10.439 -10.972 -11.134 -10.847 -9.865 -9.377 -8.794 -11.01
0.054199 -11.189 -11.313 -11.389 -11.465 -11.349 -11.147 -11.32 -11.453 -11.346 -11.139 -10.872 -10.531 -11.458 -11.288 -11.0 -10.744 -10.481 -11.276 -11.013 -10.758 -10.566 -10.486 -11.017 -11.177 -10.893 -9.916 -9.428 -8.847 -11.054
0.055838 -11.208 -11.337 -11.417 -11.501 -11.389 -11.191 -11.351 -11.49 -11.386 -11.183 -10.919 -10.58 -11.495 -11.33 -11.045 -10.791 -10.529 -11.318 -11.058 -10.805 -10.614 -10.534 -11.061 -11.22 -10.939 -9.966 -9.48 -8.899 -11.098
0.057527 -11.227 -11.36 -11.445 -11.537 -11.43 -11.235 -11.382 -11.527 -11.427 -11.226 -10.965 -10.628 -11.531 -11.371 -11.09 -10.838 -10.578 -11.36 -11.103 -10.852 -10.661 -10.581 -11.106 -11.263 -10.985 -10.016 -9.531 -8.951 -11.142
0.059267 -11.245 -11.383 -11.472 -11.573 -11.47 -11.278 -11.412 -11.563 -11.467 -11.27 -11.011 -10.676 -11.568 -11.413 -11.135 -10.885 -10.626 -11.402 -11.148 -10.899 -10.709 -10.628 -11.15 -11.306 -11.031 -10.067 -9.582 -9.003 -11.185
0.061059 -11.263 -11.405 -11.498 -11.608 -11.51 -11.322 -11.442 -11.6 -11.507 -11.314 -11.057 -10.724 -11.604 -11.454 -11.18 -10.932 -10.674 -11.443 -11.193 -10.945 -10.756 -10.676 -11.194 -11.349 -11.076 -10.117 -9.634 -9.055 -11.229
0.062906 -11.281 -11.427 -11.525 -11.643 -11.55 -11.365 -11.472 -11.636 -11.547 -11.357 -11.102 -10.771 -11.64 -11.495 -11.225 -10.978 -10.723 -11.485 -11.238 -10.992 -10.804 -10.723 -11.238 -11.392 -11.122 -10.167 -9.685 -9.107 -11.272
0.064808 -11.298 -11.448 -11.551 -11.678 -11.59 -11.408 -11.502 -11.671 -11.586 -11.4 -11.148 -10.819 -11.675 -11.536 -11.27 -11.025 -10.771 -11.526 -11.282 -11.038 -10.851 -10.77 -11.282 -11.434 -11.167 -10.217 -9.736 -9.159 -11.315
0.066769 -11.314 -11.469 -11.576 -11.713 -11.629 -11.451 -11.531 -11.707 -11.626 -11.443 -11.193 -10.867 -11.711 -11.576 -11.314 -11.072 -10.819 -11.567 -11.327 -11.084 -10.898 -10.817 -11.326 -11.476 -11.213 -10.267 -9.787 -9.211 -11.358
0.068788 -11.331 -11.49 -11.602 -11.747 -11.668 -11.494 -11.561 -11.742 -11.665 -11.486 -11.239 -10.914 -11.746 -11.617 -11.359 -11.118 -10.866 -11.608 -11.371 -11.131 -10.945 -10.864 -11.369 -11.518 -11.258 -10.317 -9.838 -9.263 -11.401
0.070868 -11.346 -11.51 -11.627 -11.781 -11.707 -11.536 -11.59 -11.777 -11.704 -11.529 -11.284 -10.962 -11.781 -11.657 -11.403 -11.164 -10.914 -11.648 -11.415 -11.177 -10.992 -10.911 -11.413 -11.56 -11.303 -10.367 -9.889 -9.315 -11.444
0.073012 -11.362 -11.53 -11.651 -11.815 -11.746 -11.579 -11.618 -11.812 -11.743 -11.571 -11.329 -11.009 -11.815 -11.697 -11.447 -11.211 -10.962 -11.689 -11.459 -11.223 -11.039 -10.958 -11.456 -11.602 -11.348 -10.416 -9.94 -9.367 -11.486
0.07522 -11.376 -11.549 -11.675 -11.849 -11.785 -11.621 -11.647 -11.846 -11.782 -11.614 -11.374 -11.056 -11.85 -11.737 -11.491 -11.257 -11.009 -11.729 -11.503 -11.269 -11.086 -11.004 -11.499 -11.644 -11.393 -10.466 -9.991 -9.419 -11.529
0.077495 -11.391 -11.568 -11.699 -11.882 -11.823 -11.663 -11.675 -11.881 -11.82 -11.656 -11.419 -11.104 -11.884 -11.777 -11.535 -11.303 -11.057 -11.769 -11.546 -11.314 -11.133 -11.051 -11.542 -11.685 -11.437 -10.516 -10.042 -9.471 -11.571
0.079839 -11.405 -11.586 -11.722 -11.915 -11.861 -11.705 -11.703 -11.914 -11.858 -11.698 -11.464 -11.151 -11.917 -11.816 -11.579 -11.348 -11.104 -11.809 -11.59 -11.36 -11.18 -11.098 -11.585 -11.726 -11.482 -10.565 -10.092 -9.522 -11.613
