web/models/kne.last_good/kappa_0.5_3.0.v1/5/villar_0.0035_0.0927_0.5000.dat
# %ECSV 1.0
# ---
# datatype:
# - {name: time, datatype: float64}
# - {name: swift_uvot_uvw2, datatype: float64}
# - {name: swift_uvot_uvm2, datatype: float64}
# - {name: swift_uvot_uvw1, datatype: float64}
# - {name: swift_uvot_U, datatype: float64}
# - {name: swift_uvot_B, datatype: float64}
# - {name: swift_uvot_V, datatype: float64}
# - {name: swift_uvot_W, datatype: float64}
# - {name: johnson_U, datatype: float64}
# - {name: johnson_B, datatype: float64}
# - {name: johnson_V, datatype: float64}
# - {name: johnson_R, datatype: float64}
# - {name: johnson_I, datatype: float64}
# - {name: sdss_u, datatype: float64}
# - {name: sdss_g, datatype: float64}
# - {name: sdss_r, datatype: float64}
# - {name: sdss_i, datatype: float64}
# - {name: sdss_z, datatype: float64}
# - {name: PS1_g, datatype: float64}
# - {name: PS1_r, datatype: float64}
# - {name: PS1_i, datatype: float64}
# - {name: PS1_z, datatype: float64}
# - {name: PS1_Y, datatype: float64}
# - {name: PS1_w, datatype: float64}
# - {name: ATLAS_c, datatype: float64}
# - {name: ATLAS_o, datatype: float64}
# - {name: ukirt_J, datatype: float64}
# - {name: ukirt_H, datatype: float64}
# - {name: ukirt_K, datatype: float64}
# - {name: Clear, datatype: float64}
# meta: !!omap
# - comment: [kappa = 0.5, type = villar, mass = 0.003465724215782086, velocity = 0.09266666666666673, theta_obs = 0.0]
# schema: astropy-2.0
time swift_uvot_uvw2 swift_uvot_uvm2 swift_uvot_uvw1 swift_uvot_U swift_uvot_B swift_uvot_V swift_uvot_W johnson_U johnson_B johnson_V johnson_R johnson_I sdss_u sdss_g sdss_r sdss_i sdss_z PS1_g PS1_r PS1_i PS1_z PS1_Y PS1_w ATLAS_c ATLAS_o ukirt_J ukirt_H ukirt_K Clear
[from data line 365]
52.86683 773.401 778.616 nan nan nan nan 775.669 nan nan 791.292 782.196 777.208 nan nan 787.826 782.166 777.701 772.135 772.34 772.318 771.903 770.157 783.405 790.61 783.14 771.974 768.473 765.848 770.371
54.465752 773.401 778.616 nan nan nan nan 775.669 nan nan 791.292 782.196 777.208 nan nan 787.826 782.166 777.701 772.135 772.34 772.318 771.903 770.157 783.405 790.61 783.14 771.974 768.473 765.848 770.371
56.113031 773.401 778.616 nan nan nan nan 775.669 nan nan 791.292 782.196 777.208 nan nan 787.826 782.166 777.701 772.135 772.34 772.318 771.903 770.157 783.405 790.61 783.14 771.974 768.473 765.848 770.371
57.810132 773.401 778.616 nan nan nan nan 775.669 nan nan 791.292 782.196 777.208 nan nan 787.826 782.166 777.701 772.135 772.34 772.318 771.903 770.157 783.405 790.61 783.14 771.974 768.473 765.848 770.371
59.55856 773.401 778.616 nan nan nan nan 775.669 nan nan 791.292 782.196 777.208 nan nan 787.826 782.166 777.701 772.135 772.34 772.318 771.903 770.157 783.405 790.61 783.14 771.974 768.473 765.848 770.371
61.359868 773.401 778.616 nan nan nan nan 775.669 nan nan 791.292 782.196 777.208 nan nan 787.826 782.166 777.701 772.135 772.34 772.318 771.903 770.157 783.405 790.61 783.14 771.974 768.473 765.848 770.371
63.215655 773.401 778.616 nan nan nan nan 775.669 nan nan 791.292 782.196 777.208 nan nan 787.826 782.166 777.701 772.135 772.34 772.318 771.903 770.157 783.405 790.61 783.14 771.974 768.473 765.848 770.371
65.127569 773.401 778.616 nan nan nan nan 775.669 nan nan 791.292 782.196 777.208 nan nan 787.826 782.166 777.701 772.135 772.34 772.318 771.903 770.157 783.405 790.61 783.14 771.974 768.473 765.848 770.371
67.097308 773.401 778.616 nan nan nan nan 775.669 nan nan 791.292 782.196 777.208 nan nan 787.826 782.166 777.701 772.135 772.34 772.318 771.903 770.157 783.405 790.61 783.14 771.974 768.473 765.848 770.371
69.126621 773.401 778.616 nan nan nan nan 775.669 nan nan 791.292 782.196 777.208 nan nan 787.826 782.166 777.701 772.135 772.34 772.318 771.903 770.157 783.405 790.61 783.14 771.974 768.473 765.848 770.371
71.217308 773.401 778.616 nan nan nan nan 775.669 nan nan 791.292 782.196 777.208 nan nan 787.826 782.166 777.701 772.135 772.34 772.318 771.903 770.157 783.405 790.61 783.14 771.974 768.473 765.848 770.371
73.371227 773.401 778.616 nan nan nan nan 775.669 nan nan 791.292 782.196 777.208 nan nan 787.826 782.166 777.701 772.135 772.34 772.318 771.903 770.157 783.405 790.61 783.14 771.974 768.473 765.848 770.371
75.59029 773.401 778.616 nan nan nan nan 775.669 nan nan 791.292 782.196 777.208 nan nan 787.826 782.166 777.701 772.135 772.34 772.318 771.903 770.157 783.405 790.61 783.14 771.974 768.473 765.848 770.371
77.876467 773.401 778.616 nan nan nan nan 775.669 nan nan 791.292 782.196 777.208 nan nan 787.826 782.166 777.701 772.135 772.34 772.318 771.903 770.157 783.405 790.61 783.14 771.974 768.473 765.848 770.371
80.231787 773.401 778.616 nan nan nan nan 775.669 nan nan 791.292 782.196 777.208 nan nan 787.826 782.166 777.701 772.135 772.34 772.318 771.903 770.157 783.405 790.61 783.14 771.974 768.473 765.848 770.371
82.658343 773.401 778.616 nan nan nan nan 775.669 nan nan 791.292 782.196 777.208 nan nan 787.826 782.166 777.701 772.135 772.34 772.318 771.903 770.157 783.405 790.61 783.14 771.974 768.473 765.848 770.371
85.158288 773.401 778.616 nan nan nan nan 775.669 nan nan 791.292 782.196 777.208 nan nan 787.826 782.166 777.701 772.135 772.34 772.318 771.903 770.157 783.405 790.61 783.14 771.974 768.473 765.848 770.371
87.733843 773.401 778.616 nan nan nan nan 775.669 nan nan 791.292 782.196 777.208 nan nan 787.826 782.166 777.701 772.135 772.34 772.318 771.903 770.157 783.405 790.61 783.14 771.974 768.473 765.848 770.371
90.387293 773.401 778.616 nan nan nan nan 775.669 nan nan 791.292 782.196 777.208 nan nan 787.826 782.166 777.701 772.135 772.34 772.318 771.903 770.157 783.405 790.61 783.14 771.974 768.473 765.848 770.371
93.120995 773.401 778.616 nan nan nan nan 775.669 nan nan 791.292 782.196 777.208 nan nan 787.826 782.166 777.701 772.135 772.34 772.318 771.903 770.157 783.405 790.61 783.14 771.974 768.473 765.848 770.371
95.937376 773.401 778.616 nan nan nan nan 775.669 nan nan 791.292 782.196 777.208 nan nan 787.826 782.166 777.701 772.135 772.34 772.318 771.903 770.157 783.405 790.61 783.14 771.974 768.473 765.848 770.371
98.838937 773.401 778.616 nan nan nan nan 775.669 nan nan 791.292 782.196 777.208 nan nan 787.826 782.166 777.701 772.135 772.34 772.318 771.903 770.157 783.405 790.61 783.14 771.974 768.473 765.848 770.371
101.828253 773.401 778.616 nan nan nan nan 775.669 nan nan 791.292 782.196 777.208 nan nan 787.826 782.166 777.701 772.135 772.34 772.318 771.903 770.157 783.405 790.61 783.14 771.974 768.473 765.848 770.371
104.907979 773.401 778.616 nan nan nan nan 775.669 nan nan 791.292 782.196 777.208 nan nan 787.826 782.166 777.701 772.135 772.34 772.318 771.903 770.157 783.405 790.61 783.14 771.974 768.473 765.848 770.371
108.080849 773.401 778.616 nan nan nan nan 775.669 nan nan 791.292 782.196 777.208 nan nan 787.826 782.166 777.701 772.135 772.34 772.318 771.903 770.157 783.405 790.61 783.14 771.974 768.473 765.848 770.371
111.349681 773.401 778.616 nan nan nan nan 775.669 nan nan 791.292 782.196 777.208 nan nan 787.826 782.166 777.701 772.135 772.34 772.318 771.903 770.157 783.405 790.61 783.14 771.974 768.473 765.848 770.371
114.717376 773.401 778.616 nan nan nan nan 775.669 nan nan 791.292 782.196 777.208 nan nan 787.826 782.166 777.701 772.135 772.34 772.318 771.903 770.157 783.405 790.61 783.14 771.974 768.473 765.848 770.371
118.186925 773.401 778.616 nan nan nan nan 775.669 nan nan 791.292 782.196 777.208 nan nan 787.826 782.166 777.701 772.135 772.34 772.318 771.903 770.157 783.405 790.61 783.14 771.974 768.473 765.848 770.371
121.761408 773.401 778.616 nan nan nan nan 775.669 nan nan 791.292 782.196 777.208 nan nan 787.826 782.166 777.701 772.135 772.34 772.318 771.903 770.157 783.405 790.61 783.14 771.974 768.473 765.848 770.371
125.443999 773.401 778.616 nan nan nan nan 775.669 nan nan 791.292 782.196 777.208 nan nan 787.826 782.166 777.701 772.135 772.34 772.318 771.903 770.157 783.405 790.61 783.14 771.974 768.473 765.848 770.371
129.237967 773.401 778.616 nan nan nan nan 775.669 nan nan 791.292 782.196 777.208 nan nan 787.826 782.166 777.701 772.135 772.34 772.318 771.903 770.157 783.405 790.61 783.14 771.974 768.473 765.848 770.371
133.146681 773.401 778.616 nan nan nan nan 775.669 nan nan 791.292 782.196 777.208 nan nan 787.826 782.166 777.701 772.135 772.34 772.318 771.903 770.157 783.405 790.61 783.14 771.974 768.473 765.848 770.371
137.173612 773.401 778.616 nan nan nan nan 775.669 nan nan 791.292 782.196 777.208 nan nan 787.826 782.166 777.701 772.135 772.34 772.318 771.903 770.157 783.405 790.61 783.14 771.974 768.473 765.848 770.371
141.322334 773.401 778.616 nan nan nan nan 775.669 nan nan 791.292 782.196 777.208 nan nan 787.826 782.166 777.701 772.135 772.34 772.318 771.903 770.157 783.405 790.61 783.14 771.974 768.473 765.848 770.371
145.596532 773.401 778.616 nan nan nan nan 775.669 nan nan 791.292 782.196 777.208 nan nan 787.826 782.166 777.701 772.135 772.34 772.318 771.903 770.157 783.405 790.61 783.14 771.974 768.473 765.848 770.371
150.0 773.401 778.616 nan nan nan nan 775.669 nan nan 791.292 782.196 777.208 nan nan 787.826 782.166 777.701 772.135 772.34 772.318 771.903 770.157 783.405 790.61 783.14 771.974 768.473 765.848 770.371
