web/models/kne.last_good/kappa_0.5_3.0.v1/5/villar_0.0275_0.1240_0.5000.dat
# %ECSV 1.0
# ---
# datatype:
# - {name: time, datatype: float64}
# - {name: swift_uvot_uvw2, datatype: float64}
# - {name: swift_uvot_uvm2, datatype: float64}
# - {name: swift_uvot_uvw1, datatype: float64}
# - {name: swift_uvot_U, datatype: float64}
# - {name: swift_uvot_B, datatype: float64}
# - {name: swift_uvot_V, datatype: float64}
# - {name: swift_uvot_W, datatype: float64}
# - {name: johnson_U, datatype: float64}
# - {name: johnson_B, datatype: float64}
# - {name: johnson_V, datatype: float64}
# - {name: johnson_R, datatype: float64}
# - {name: johnson_I, datatype: float64}
# - {name: sdss_u, datatype: float64}
# - {name: sdss_g, datatype: float64}
# - {name: sdss_r, datatype: float64}
# - {name: sdss_i, datatype: float64}
# - {name: sdss_z, datatype: float64}
# - {name: PS1_g, datatype: float64}
# - {name: PS1_r, datatype: float64}
# - {name: PS1_i, datatype: float64}
# - {name: PS1_z, datatype: float64}
# - {name: PS1_Y, datatype: float64}
# - {name: PS1_w, datatype: float64}
# - {name: ATLAS_c, datatype: float64}
# - {name: ATLAS_o, datatype: float64}
# - {name: ukirt_J, datatype: float64}
# - {name: ukirt_H, datatype: float64}
# - {name: ukirt_K, datatype: float64}
# - {name: Clear, datatype: float64}
# meta: !!omap
# - comment: [kappa = 0.5, type = villar, mass = 0.027507471329904786, velocity = 0.124, theta_obs = 0.0]
# schema: astropy-2.0
time swift_uvot_uvw2 swift_uvot_uvm2 swift_uvot_uvw1 swift_uvot_U swift_uvot_B swift_uvot_V swift_uvot_W johnson_U johnson_B johnson_V johnson_R johnson_I sdss_u sdss_g sdss_r sdss_i sdss_z PS1_g PS1_r PS1_i PS1_z PS1_Y PS1_w ATLAS_c ATLAS_o ukirt_J ukirt_H ukirt_K Clear
[from data line 284]
4.731783 -5.017 0.199 6.63 7.878 2.453 -1.407 -2.861 6.947 1.915 -1.848 -5.412 -7.725 7.488 0.66 -3.526 -5.968 -7.793 -6.285 -6.189 -6.818 -7.833 -9.064 -4.883 -2.092 -5.189 -10.21 -11.442 -12.241 -8.12
4.874892 -4.564 0.652 8.517 10.478 4.525 0.31 -2.342 9.461 3.875 -0.22 -4.186 -6.732 10.066 2.544 -2.039 -4.74 -6.778 -5.83 -5.67 -6.059 -6.986 -8.376 -3.628 -0.526 -3.928 -9.488 -10.907 -11.858 -7.632
5.02233 -4.052 1.163 10.655 13.457 6.899 2.284 -1.801 12.341 6.112 1.639 -2.788 -5.597 13.021 4.702 -0.331 -3.328 -5.61 -5.318 -5.129 -5.335 -6.12 -7.659 -2.19 1.269 -2.484 -8.653 -10.286 -11.412 -7.1
5.174227 -3.471 1.745 13.091 16.889 9.633 4.56 -1.207 15.657 8.675 3.771 -1.186 -4.295 16.422 7.188 1.639 -1.696 -4.261 -4.736 -4.536 -4.634 -5.266 -6.918 -0.536 3.334 -0.824 -7.681 -9.562 -10.889 -6.508
5.330718 -2.806 2.41 15.887 20.86 12.794 7.198 -0.539 19.493 11.626 6.224 0.654 -2.796 20.356 10.063 3.922 0.196 -2.699 -4.072 -3.868 -3.915 -4.432 -6.148 1.376 5.723 1.095 -6.548 -8.716 -10.276 -5.839
5.491942 -2.042 3.174 19.117 25.481 16.471 10.268 0.226 23.951 15.04 9.056 2.778 -1.064 24.928 13.407 6.58 2.4 -0.882 -3.308 -3.103 -3.131 -3.584 -5.325 3.6 8.5 3.324 -5.22 -7.723 -9.553 -5.072
5.658042 -1.158 4.058 22.877 30.887 20.769 13.861 1.111 29.16 19.013 12.341 5.24 0.944 30.271 17.315 9.689 4.982 1.239 -2.423 -2.218 -2.241 -2.666 -4.413 6.198 11.748 5.928 -3.657 -6.552 -8.697 -4.187
5.829166 -0.127 5.088 27.286 37.249 25.823 18.089 2.141 35.282 23.665 16.17 8.107 3.282 36.548 21.91 13.349 8.02 3.726 -1.393 -1.188 -1.21 -1.626 -3.372 9.253 15.569 8.987 -1.809 -5.167 -7.68 -3.157
6.005465 0.524 5.74 28.975 39.541 27.712 19.724 2.793 37.498 25.427 17.675 9.319 4.332 38.812 23.657 14.809 9.29 4.824 -0.741 -0.537 -0.558 -0.973 -2.719 10.528 17.079 10.262 -0.902 -4.403 -7.029 -2.505
6.187096 1.014 6.23 29.465 40.031 28.202 20.214 3.283 37.988 25.916 18.165 9.809 4.822 39.302 24.147 15.299 9.78 5.314 -0.251 -0.047 -0.068 -0.483 -2.229 11.018 17.569 10.752 -0.412 -3.913 -6.539 -2.015
6.37422 1.534 6.75 29.985 40.551 28.722 20.734 3.803 38.508 26.437 18.685 10.329 5.342 39.822 24.667 15.819 10.3 5.834 0.269 0.473 0.452 0.037 -1.709 11.538 18.089 11.272 0.108 -3.393 -6.019 -1.495
6.567004 2.086 7.302 30.537 41.103 29.274 21.286 4.355 39.06 26.988 19.237 10.881 5.894 40.374 25.219 16.371 10.852 6.386 0.821 1.025 1.004 0.589 -1.157 12.09 18.641 11.824 0.66 -2.841 -5.467 -0.943
6.765619 2.672 7.888 31.123 41.689 29.86 21.872 4.94 39.645 27.574 19.823 11.466 6.48 40.96 25.805 16.957 11.437 6.972 1.406 1.611 1.59 1.174 -0.572 12.675 19.227 12.41 1.245 -2.255 -4.881 -0.357
6.97024 3.294 8.509 31.744 42.31 30.482 22.494 5.562 40.267 28.196 20.445 12.088 7.101 41.581 26.427 17.579 12.059 7.594 2.028 2.233 2.211 1.796 0.05 13.297 19.849 13.032 1.867 -1.633 -4.259 0.264
7.181051 3.954 9.169 32.404 42.97 31.142 23.154 6.222 40.927 28.856 21.105 12.748 7.761 42.241 27.087 18.239 12.719 8.254 2.688 2.893 2.872 2.456 0.71 13.957 20.509 13.692 2.527 -0.973 -3.599 0.924
7.398237 4.654 9.87 33.105 43.671 31.842 23.854 6.923 41.628 29.557 21.805 13.449 8.462 42.942 27.787 18.94 13.42 8.954 3.389 3.594 3.572 3.157 1.411 14.658 21.209 14.393 3.228 -0.273 -2.899 1.625
7.621991 5.398 10.614 33.848 44.415 32.586 24.598 7.666 42.371 30.3 22.549 14.192 9.205 43.685 28.531 19.683 14.163 9.698 4.132 4.337 4.316 3.9 2.154 15.401 21.953 15.136 3.971 0.471 -2.155 2.368
7.852513 6.187 11.403 34.638 45.204 33.375 25.387 8.456 43.161 31.089 23.338 14.982 9.995 44.475 29.32 20.472 14.953 10.487 4.922 5.126 5.105 4.689 2.944 16.191 22.742 15.925 4.76 1.26 -1.366 3.158
8.090007 7.025 12.24 35.475 46.041 34.213 26.225 9.293 43.998 31.927 24.176 15.819 10.832 45.312 30.158 21.31 15.79 11.325 5.759 5.964 5.942 5.527 3.781 17.028 23.58 16.763 5.598 2.097 -0.528 3.995
8.334684 7.914 13.13 36.364 46.931 35.102 27.114 10.182 44.887 32.816 25.065 16.708 11.721 46.201 31.047 22.199 16.679 12.214 6.648 6.853 6.832 6.416 4.67 17.917 24.469 17.652 6.487 2.987 0.361 4.884
8.586761 8.858 14.073 37.308 47.874 36.046 28.057 11.126 45.831 33.76 26.009 17.652 12.665 47.145 31.991 23.143 17.623 13.157 7.592 7.797 7.775 7.36 5.614 18.861 25.412 18.596 7.431 3.93 1.304 5.828
8.846461 9.859 15.075 38.31 48.876 37.047 29.059 12.128 46.833 34.762 27.01 18.654 13.667 48.147 32.992 24.144 18.625 14.159 8.594 8.798 8.777 8.362 6.616 19.863 26.414 19.597 8.433 4.932 2.306 6.83
9.114017 10.922 16.138 39.373 49.939 38.11 30.122 13.191 47.896 35.825 28.073 19.717 14.73 49.21 34.055 25.208 19.688 15.222 9.657 9.862 9.84 9.425 7.679 20.926 27.477 20.661 9.496 5.995 3.369 7.893
9.389664 12.051 17.266 40.501 51.067 39.239 31.251 14.319 49.024 36.953 29.202 20.845 15.858 50.338 35.184 26.336 20.816 16.351 10.785 10.99 10.968 10.553 8.807 22.054 28.606 21.789 10.624 7.123 4.498 9.021
9.673648 13.249 18.464 41.699 52.265 40.437 32.448 15.517 50.222 38.151 30.399 22.043 17.056 51.536 36.382 27.534 22.014 17.548 11.983 12.188 12.166 11.751 10.005 23.252 29.803 22.987 11.822 8.321 5.695 10.219
9.966221 14.52 19.735 42.97 53.536 41.708 33.719 16.788 51.493 39.422 31.671 23.314 18.327 52.807 37.653 28.805 23.285 18.82 13.254 13.459 13.437 13.022 11.276 24.523 31.075 24.258 13.093 9.592 6.967 11.49
10.267642 15.869 21.085 44.32 54.886 43.057 35.069 18.137 52.843 40.771 33.02 24.663 19.677 54.157 39.002 30.154 24.634 20.169 14.603 14.808 14.787 14.371 12.626 25.872 32.424 25.607 14.442 10.942 8.316 12.84
10.57818 17.301 22.517 45.752 56.318 44.489 36.501 19.57 54.275 42.204 34.452 26.096 21.109 55.589 40.434 31.586 26.067 21.601 16.036 16.24 16.219 15.804 14.058 27.305 33.856 27.039 15.875 12.374 9.748 14.272
10.89811 18.821 24.037 47.272 57.838 46.009 38.021 21.09 55.795 43.724 35.972 27.616 22.629 57.109 41.954 33.107 27.587 23.121 17.556 17.76 17.739 17.324 15.578 28.825 35.376 28.559 17.395 13.894 11.268 15.792
11.227716 20.435 25.65 48.885 59.451 47.623 39.635 22.703 57.408 45.337 37.586 29.229 24.242 58.722 43.568 34.72 29.2 24.735 19.169 19.374 19.352 18.937 17.191 30.438 36.99 30.173 19.008 15.507 12.882 17.405
11.56729 22.147 27.363 50.598 61.164 49.335 41.347 24.416 59.121 47.05 39.298 30.942 25.955 60.435 45.28 36.433 30.913 26.447 20.882 21.086 21.065 20.65 18.904 32.151 38.702 31.885 20.721 17.22 14.594 19.118
11.917135 23.965 29.181 52.416 62.982 51.153 43.165 26.233 60.938 48.867 41.116 32.759 27.772 62.252 47.098 38.25 32.73 28.265 22.699 22.904 22.883 22.467 20.721 33.968 40.52 33.703 22.538 19.038 16.412 20.936
12.277561 25.894 31.11 54.345 64.911 53.082 45.094 28.163 62.868 50.797 43.045 34.689 29.702 64.182 49.027 40.179 34.66 30.194 24.629 24.833 24.812 24.397 22.651 35.898 42.449 35.632 24.468 20.967 18.341 22.865
12.648887 27.942 33.158 56.393 66.959 55.13 47.142 30.21 64.915 52.844 45.093 36.736 31.75 66.229 51.075 42.227 36.707 32.242 26.676 26.881 26.86 26.444 24.698 37.945 44.497 37.68 26.515 23.015 20.389 24.913
13.031444 30.115 35.331 58.566 69.132 57.304 49.315 32.384 67.089 55.018 47.266 38.91 33.923 68.403 53.249 44.401 38.881 34.415 28.85 29.055 29.033 28.618 26.872 40.119 46.67 39.854 28.689 25.188 22.562 27.086
13.425571 32.422 37.638 60.873 71.439 59.61 51.622 34.691 69.396 57.325 49.573 41.217 36.23 70.71 55.555 46.708 41.188 36.722 31.157 31.362 31.34 30.925 29.179 42.426 48.977 42.161 30.996 27.495 24.869 29.393
13.831619 34.871 40.087 63.322 73.888 62.059 54.071 37.139 71.844 59.773 52.022 43.665 38.679 73.159 58.004 49.156 43.636 39.171 33.605 33.81 33.789 33.373 31.628 44.874 51.426 44.609 33.444 29.944 27.318 31.842
14.249947 37.47 42.686 65.921 76.487 64.658 56.67 39.738 74.443 62.372 54.621 46.264 41.278 75.757 60.603 51.755 46.235 41.77 36.204 36.409 36.388 35.972 34.226 47.473 54.025 47.208 36.043 32.543 29.917 34.441
14.680926 40.229 45.444 68.679 79.245 67.417 59.428 42.497 77.202 65.131 57.379 49.023 44.036 78.516 63.362 54.514 48.994 44.528 38.963 39.168 39.146 38.731 36.985 50.232 56.783 49.967 38.802 35.301 32.675 37.199
15.124941 43.156 48.372 71.607 82.173 70.344 62.356 45.425 80.13 68.059 60.307 51.951 46.964 81.444 66.289 57.442 51.922 47.456 41.891 42.096 42.074 41.659 39.913 53.16 59.711 52.895 41.73 38.229 35.603 40.127
15.582385 46.264 51.48 74.715 85.281 73.452 65.464 48.533 83.238 71.166 63.415 55.059 50.072 84.552 69.397 60.549 55.03 50.564 44.999 45.203 45.182 44.767 43.021 56.268 62.819 56.002 44.837 41.337 38.711 43.235
16.053663 49.563 54.778 78.013 88.579 76.751 68.762 51.831 86.536 74.465 66.714 58.357 53.37 87.85 72.696 63.848 58.328 53.863 48.297 48.502 48.48 48.065 46.319 59.566 66.118 59.301 48.136 44.635 42.01 46.533
16.539195 53.064 58.279 81.514 92.08 80.252 72.263 55.332 90.037 77.966 70.215 61.858 56.871 91.351 76.197 67.349 61.829 57.364 51.798 52.003 51.981 51.566 49.82 63.067 69.619 62.802 51.637 48.136 45.511 50.034
17.039412 56.78 61.995 85.23 95.796 83.968 75.98 59.048 93.753 81.682 73.931 65.574 60.587 95.067 79.913 71.065 65.545 61.08 55.514 55.719 55.697 55.282 53.536 66.783 73.335 66.518 55.353 51.852 49.227 53.75
17.554757 60.724 65.94 89.175 99.741 87.912 79.924 62.992 97.697 85.626 77.875 69.518 64.532 99.011 83.857 75.009 69.489 65.024 59.458 59.663 59.642 59.226 57.48 70.727 77.279 70.462 59.297 55.797 53.171 57.695
18.085689 64.91 70.126 93.361 103.927 92.098 84.11 67.179 101.884 89.813 82.061 73.705 68.718 103.198 88.043 79.196 73.676 69.21 63.645 63.85 63.828 63.413 61.667 74.914 81.465 74.649 63.484 59.983 57.357 61.881
18.632678 69.354 74.57 97.804 108.371 96.542 88.554 71.622 106.327 94.256 86.505 78.148 73.161 107.641 92.487 83.639 78.119 73.654 68.088 68.293 68.272 67.856 66.11 79.357 85.909 79.092 67.927 64.427 61.801 66.324
19.196211 74.07 79.286 102.521 113.087 101.258 93.27 76.339 111.044 98.972 91.221 82.865 77.878 112.358 97.203 88.355 82.836 78.37 72.805 73.009 72.988 72.573 70.827 84.074 90.625 83.808 72.644 69.143 66.517 71.041
19.776787 79.076 84.292 107.527 118.093 106.264 98.276 81.345 116.05 103.978 96.227 87.871 82.884 117.364 102.209 93.361 87.842 83.376 77.811 78.015 77.994 77.578 75.833 89.08 95.631 88.814 77.649 74.149 71.523 76.047
20.374923 84.389 89.605 112.84 123.406 111.577 103.589 86.658 121.363 109.292 101.54 93.184 88.197 122.677 107.522 98.675 93.155 88.689 83.124 83.329 83.307 82.892 81.146 94.393 100.944 94.128 82.963 79.462 76.836 81.36
20.991149 90.029 95.245 118.479 129.046 117.217 109.229 92.297 127.002 114.931 107.18 98.823 93.836 128.316 113.162 104.314 98.794 94.329 88.763 88.968 88.947 88.531 86.785 100.032 106.584 99.767 88.602 85.102 82.476 87.0
21.626011 96.015 101.23 124.465 135.031 123.203 115.215 98.283 132.988 120.917 113.166 104.809 99.822 134.302 119.148 110.3 104.78 100.315 94.749 94.954 94.932 94.517 92.771 106.018 112.57 105.753 94.588 91.087 88.462 92.985
22.280075 102.368 107.584 130.819 141.385 129.556 121.568 104.637 139.342 127.27 119.519 111.163 106.176 140.656 125.501 116.653 111.134 106.668 101.103 101.307 101.286 100.871 99.125 112.372 118.923 112.106 100.942 97.441 94.815 99.339
22.953921 109.112 114.327 137.562 148.128 136.3 128.311 111.38 146.085 134.014 126.263 117.906 112.919 147.399 132.245 123.397 117.877 113.411 107.846 108.051 108.029 107.614 105.868 119.115 125.667 118.85 107.685 104.184 101.559 106.082
23.648147 116.269 121.485 144.72 155.286 143.457 135.469 118.538 153.243 141.172 133.42 125.064 120.077 154.557 139.402 130.554 125.035 120.569 115.004 115.208 115.187 114.772 113.026 126.273 132.824 126.007 114.843 111.342 108.716 113.24
24.363369 123.866 129.082 152.317 162.883 151.054 143.066 126.135 160.84 148.769 141.017 132.661 127.674 162.154 146.999 138.152 132.632 128.166 122.601 122.805 122.784 122.369 120.623 133.87 140.421 133.604 122.44 118.939 116.313 120.837
25.100222 131.93 137.146 160.38 170.946 159.118 151.13 134.198 168.903 156.832 149.081 140.724 135.737 170.217 155.063 146.215 140.695 136.23 130.664 130.869 130.848 130.432 128.686 141.933 148.485 141.668 130.503 127.003 124.377 128.9
25.859362 140.489 145.704 168.939 179.505 167.677 159.688 142.757 177.462 165.391 157.64 149.283 144.296 178.776 163.622 154.774 149.254 144.788 139.223 139.428 139.406 138.991 137.245 150.492 157.043 150.227 139.062 135.561 132.935 137.459
26.64146 149.573 154.788 178.023 188.589 176.761 168.773 151.841 186.546 174.475 166.724 158.367 153.38 187.86 172.706 163.858 158.338 153.873 148.307 148.512 148.49 148.075 146.329 159.576 166.128 159.311 148.146 144.645 142.02 146.543
27.447213 159.215 164.43 187.665 198.231 186.403 178.415 161.483 196.188 184.117 176.366 168.009 163.022 197.502 182.348 173.5 167.98 163.515 157.949 158.154 158.132 157.717 155.971 169.218 175.77 168.953 157.788 154.288 151.662 156.185
28.277335 169.449 174.665 197.899 208.466 196.637 188.649 171.717 206.422 194.351 186.6 178.243 173.256 207.736 192.582 183.734 178.214 173.749 168.183 168.388 168.367 167.951 166.205 179.452 186.004 179.187 168.022 164.522 161.896 166.419
29.132564 180.311 185.527 208.762 219.328 207.499 199.511 182.58 217.285 205.214 197.462 189.106 184.119 218.599 203.444 194.597 189.077 184.611 179.046 179.251 179.229 178.814 177.068 190.315 196.866 190.05 178.885 175.384 172.758 177.282
30.013659 191.841 197.056 220.291 230.857 219.029 211.041 194.109 228.814 216.743 208.992 200.635 195.648 230.128 214.974 206.126 200.606 196.141 190.575 190.78 190.758 190.343 188.597 201.844 208.396 201.579 190.414 186.914 184.288 188.811
30.921401 204.078 209.294 232.529 243.095 231.266 223.278 206.347 241.052 228.981 221.229 212.873 207.886 242.366 227.211 218.363 212.844 208.378 202.813 203.017 202.996 202.581 200.835 214.082 220.633 213.816 202.652 199.151 196.525 201.049
31.856598 217.067 222.283 245.518 256.084 244.255 236.267 219.336 254.041 241.969 234.218 225.862 220.875 255.355 240.2 231.352 225.833 221.367 215.802 216.006 215.985 215.569 213.824 227.071 233.622 226.805 215.64 212.14 209.514 214.038
32.820079 230.854 236.069 259.304 269.87 258.042 250.053 233.122 267.827 255.756 248.004 239.648 234.661 269.141 253.987 245.139 239.619 235.153 229.588 229.793 229.771 229.356 227.61 240.857 247.408 240.592 229.427 225.926 223.3 227.824
33.8127 245.486 250.702 273.937 284.503 272.674 264.686 247.755 282.46 270.389 262.637 254.281 249.294 283.774 268.619 259.772 254.252 249.786 244.221 244.426 244.404 243.989 242.243 255.49 262.041 255.225 244.06 240.559 237.933 242.457
34.835342 261.018 266.234 289.468 300.035 288.206 280.218 263.286 297.991 285.92 278.169 269.812 264.825 299.305 284.151 275.303 269.783 265.318 259.752 259.957 259.936 259.52 257.774 271.021 277.573 270.756 259.591 256.091 253.465 257.988
35.888913 277.503 282.719 305.954 316.52 304.691 296.703 279.771 314.476 302.405 294.654 286.297 281.311 315.79 300.636 291.788 286.268 281.803 276.237 276.442 276.421 276.005 274.259 287.506 294.058 287.241 276.076 272.576 269.95 274.474
36.974349 295.0 300.216 323.451 334.017 322.188 314.2 297.269 331.974 319.903 312.151 303.795 298.808 333.288 318.133 309.286 303.766 299.3 293.735 293.94 293.918 293.503 291.757 305.004 311.555 304.739 293.574 290.073 287.447 291.971
38.092613 313.572 318.788 342.023 352.589 340.76 332.772 315.841 350.546 338.474 330.723 322.367 317.38 351.86 336.705 327.857 322.338 317.872 312.307 312.511 312.49 312.075 310.329 323.576 330.127 323.31 312.145 308.645 306.019 310.543
39.244698 333.284 338.5 361.735 372.301 360.472 352.484 335.553 370.258 358.187 350.435 342.079 337.092 371.572 356.417 347.57 342.05 337.584 332.019 332.223 332.202 331.787 330.041 343.288 349.839 343.022 331.858 328.357 325.731 330.255
40.431627 354.207 359.422 382.657 393.223 381.395 373.407 356.475 391.18 379.109 371.358 363.001 358.014 392.494 377.34 368.492 362.972 358.507 352.941 353.146 353.124 352.709 350.963 364.21 370.762 363.945 352.78 349.28 346.654 351.177
