web/models/kne.last_good/kappa_0.5_3.0.v1/5/villar_0.4064_0.2807_0.5000.dat
# %ECSV 1.0
# ---
# datatype:
# - {name: time, datatype: float64}
# - {name: swift_uvot_uvw2, datatype: float64}
# - {name: swift_uvot_uvm2, datatype: float64}
# - {name: swift_uvot_uvw1, datatype: float64}
# - {name: swift_uvot_U, datatype: float64}
# - {name: swift_uvot_B, datatype: float64}
# - {name: swift_uvot_V, datatype: float64}
# - {name: swift_uvot_W, datatype: float64}
# - {name: johnson_U, datatype: float64}
# - {name: johnson_B, datatype: float64}
# - {name: johnson_V, datatype: float64}
# - {name: johnson_R, datatype: float64}
# - {name: johnson_I, datatype: float64}
# - {name: sdss_u, datatype: float64}
# - {name: sdss_g, datatype: float64}
# - {name: sdss_r, datatype: float64}
# - {name: sdss_i, datatype: float64}
# - {name: sdss_z, datatype: float64}
# - {name: PS1_g, datatype: float64}
# - {name: PS1_r, datatype: float64}
# - {name: PS1_i, datatype: float64}
# - {name: PS1_z, datatype: float64}
# - {name: PS1_Y, datatype: float64}
# - {name: PS1_w, datatype: float64}
# - {name: ATLAS_c, datatype: float64}
# - {name: ATLAS_o, datatype: float64}
# - {name: ukirt_J, datatype: float64}
# - {name: ukirt_H, datatype: float64}
# - {name: ukirt_K, datatype: float64}
# - {name: Clear, datatype: float64}
# meta: !!omap
# - comment: [kappa = 0.5, type = villar, mass = 0.4064473885499596, velocity = 0.2806666666666667, theta_obs = 0.0]
# schema: astropy-2.0
time swift_uvot_uvw2 swift_uvot_uvm2 swift_uvot_uvw1 swift_uvot_U swift_uvot_B swift_uvot_V swift_uvot_W johnson_U johnson_B johnson_V johnson_R johnson_I sdss_u sdss_g sdss_r sdss_i sdss_z PS1_g PS1_r PS1_i PS1_z PS1_Y PS1_w ATLAS_c ATLAS_o ukirt_J ukirt_H ukirt_K Clear
[from data line 211]
0.537512 -15.18 -15.487 -15.805 -16.311 -16.433 -16.411 -15.979 -16.341 -16.432 -16.406 -16.264 -16.031 -16.338 -16.435 -16.343 -16.187 -15.996 -16.445 -16.351 -16.195 -16.054 -15.98 -16.324 -16.407 -16.277 -15.533 -15.101 -14.564 -16.329
0.553769 -15.174 -15.486 -15.812 -16.331 -16.462 -16.445 -15.996 -16.363 -16.46 -16.44 -16.303 -16.074 -16.359 -16.466 -16.38 -16.228 -16.039 -16.476 -16.388 -16.236 -16.096 -16.023 -16.36 -16.44 -16.315 -15.579 -15.149 -14.613 -16.364
0.570517 -15.167 -15.483 -15.818 -16.351 -16.49 -16.479 -16.013 -16.384 -16.488 -16.474 -16.341 -16.116 -16.38 -16.496 -16.417 -16.268 -16.082 -16.507 -16.425 -16.276 -16.138 -16.066 -16.396 -16.473 -16.353 -15.625 -15.197 -14.663 -16.399
0.587772 -15.16 -15.48 -15.824 -16.37 -16.517 -16.513 -16.03 -16.405 -16.516 -16.508 -16.38 -16.158 -16.401 -16.526 -16.453 -16.308 -16.124 -16.537 -16.461 -16.316 -16.18 -16.108 -16.432 -16.506 -16.391 -15.671 -15.245 -14.712 -16.433
0.605549 -15.152 -15.476 -15.829 -16.389 -16.544 -16.546 -16.046 -16.425 -16.543 -16.541 -16.418 -16.2 -16.421 -16.555 -16.49 -16.347 -16.167 -16.567 -16.498 -16.355 -16.222 -16.151 -16.467 -16.538 -16.429 -15.717 -15.292 -14.762 -16.467
0.623863 -15.142 -15.471 -15.833 -16.407 -16.571 -16.579 -16.061 -16.445 -16.57 -16.575 -16.455 -16.241 -16.44 -16.584 -16.525 -16.387 -16.209 -16.597 -16.533 -16.395 -16.263 -16.193 -16.502 -16.57 -16.466 -15.763 -15.34 -14.811 -16.501
0.642731 -15.132 -15.465 -15.837 -16.425 -16.597 -16.612 -16.076 -16.464 -16.596 -16.607 -16.493 -16.282 -16.458 -16.612 -16.561 -16.426 -16.25 -16.627 -16.569 -16.434 -16.304 -16.235 -16.536 -16.602 -16.503 -15.808 -15.387 -14.86 -16.535
0.66217 -15.121 -15.459 -15.839 -16.441 -16.623 -16.644 -16.091 -16.482 -16.622 -16.64 -16.53 -16.323 -16.477 -16.64 -16.596 -16.465 -16.292 -16.655 -16.604 -16.473 -16.345 -16.277 -16.57 -16.633 -16.54 -15.854 -15.435 -14.909 -16.568
0.682197 -15.11 -15.451 -15.841 -16.458 -16.648 -16.676 -16.105 -16.5 -16.647 -16.672 -16.566 -16.364 -16.494 -16.668 -16.631 -16.504 -16.333 -16.684 -16.639 -16.511 -16.386 -16.318 -16.604 -16.663 -16.577 -15.899 -15.482 -14.958 -16.601
0.70283 -15.097 -15.442 -15.842 -16.473 -16.672 -16.707 -16.119 -16.517 -16.671 -16.703 -16.603 -16.405 -16.511 -16.695 -16.666 -16.542 -16.375 -16.712 -16.673 -16.55 -16.427 -16.36 -16.638 -16.694 -16.613 -15.944 -15.529 -15.007 -16.633
0.724086 -15.083 -15.432 -15.842 -16.488 -16.697 -16.738 -16.133 -16.534 -16.696 -16.734 -16.639 -16.445 -16.527 -16.722 -16.7 -16.58 -16.415 -16.74 -16.707 -16.588 -16.467 -16.401 -16.671 -16.724 -16.649 -15.989 -15.576 -15.055 -16.666
0.745986 -15.069 -15.421 -15.842 -16.503 -16.72 -16.769 -16.145 -16.55 -16.719 -16.765 -16.675 -16.485 -16.543 -16.748 -16.734 -16.618 -16.456 -16.767 -16.741 -16.626 -16.507 -16.442 -16.704 -16.753 -16.684 -16.034 -15.623 -15.104 -16.697
0.768548 -15.053 -15.41 -15.84 -16.516 -16.743 -16.799 -16.158 -16.565 -16.742 -16.796 -16.71 -16.525 -16.557 -16.773 -16.767 -16.656 -16.497 -16.793 -16.775 -16.663 -16.547 -16.483 -16.736 -16.782 -16.719 -16.078 -15.67 -15.152 -16.729
0.791792 -15.036 -15.396 -15.838 -16.529 -16.766 -16.829 -16.169 -16.579 -16.765 -16.825 -16.746 -16.565 -16.571 -16.798 -16.8 -16.693 -16.537 -16.819 -16.808 -16.7 -16.586 -16.523 -16.768 -16.811 -16.754 -16.123 -15.716 -15.201 -16.76
0.815739 -15.019 -15.382 -15.834 -16.541 -16.787 -16.858 -16.181 -16.593 -16.787 -16.855 -16.78 -16.604 -16.585 -16.823 -16.833 -16.73 -16.577 -16.845 -16.84 -16.737 -16.625 -16.564 -16.8 -16.839 -16.789 -16.167 -15.763 -15.249 -16.791
0.840411 -15.0 -15.367 -15.83 -16.552 -16.809 -16.887 -16.191 -16.606 -16.808 -16.884 -16.815 -16.643 -16.598 -16.847 -16.865 -16.766 -16.616 -16.87 -16.873 -16.774 -16.664 -16.604 -16.831 -16.867 -16.823 -16.211 -15.809 -15.297 -16.821
0.865828 -14.98 -15.351 -15.825 -16.563 -16.829 -16.915 -16.201 -16.619 -16.829 -16.912 -16.849 -16.682 -16.609 -16.87 -16.897 -16.802 -16.656 -16.895 -16.904 -16.81 -16.703 -16.644 -16.862 -16.894 -16.856 -16.254 -15.855 -15.345 -16.851
0.892015 -14.959 -15.333 -15.819 -16.573 -16.849 -16.943 -16.211 -16.63 -16.849 -16.94 -16.882 -16.72 -16.62 -16.893 -16.928 -16.838 -16.695 -16.919 -16.936 -16.846 -16.742 -16.683 -16.893 -16.92 -16.89 -16.298 -15.901 -15.393 -16.88
0.918993 -14.937 -15.314 -15.811 -16.582 -16.869 -16.97 -16.22 -16.641 -16.869 -16.968 -16.916 -16.758 -16.631 -16.916 -16.959 -16.874 -16.733 -16.942 -16.967 -16.881 -16.78 -16.723 -16.923 -16.946 -16.923 -16.341 -15.947 -15.441 -16.909
0.946787 -14.914 -15.294 -15.803 -16.59 -16.887 -16.997 -16.228 -16.651 -16.888 -16.995 -16.949 -16.796 -16.64 -16.937 -16.99 -16.909 -16.772 -16.965 -16.997 -16.916 -16.817 -16.762 -16.952 -16.972 -16.955 -16.384 -15.992 -15.488 -16.938
0.975422 -14.89 -15.272 -15.794 -16.597 -16.905 -17.023 -16.236 -16.66 -16.906 -17.021 -16.981 -16.833 -16.649 -16.958 -17.02 -16.943 -16.81 -16.987 -17.027 -16.951 -16.855 -16.801 -16.981 -16.997 -16.987 -16.427 -16.038 -15.536 -16.966
1.004923 -14.865 -15.249 -15.783 -16.603 -16.923 -17.049 -16.243 -16.668 -16.923 -17.047 -17.013 -16.87 -16.656 -16.979 -17.049 -16.978 -16.848 -17.009 -17.057 -16.985 -16.892 -16.839 -17.01 -17.022 -17.019 -16.47 -16.083 -15.583 -16.993
1.035317 -14.838 -15.225 -15.771 -16.608 -16.939 -17.074 -16.25 -16.675 -16.94 -17.072 -17.044 -16.907 -16.663 -16.998 -17.078 -17.012 -16.885 -17.029 -17.086 -17.019 -16.929 -16.877 -17.038 -17.045 -17.05 -16.512 -16.128 -15.63 -17.02
1.066629 -14.81 -15.199 -15.759 -16.613 -16.955 -17.098 -16.255 -16.682 -16.956 -17.097 -17.075 -16.943 -16.669 -17.017 -17.107 -17.045 -16.922 -17.05 -17.114 -17.053 -16.965 -16.915 -17.065 -17.069 -17.08 -16.554 -16.173 -15.677 -17.047
1.098888 -14.781 -15.171 -15.745 -16.616 -16.97 -17.122 -16.26 -16.687 -16.971 -17.121 -17.106 -16.979 -16.674 -17.035 -17.134 -17.078 -16.959 -17.069 -17.142 -17.086 -17.001 -16.953 -17.092 -17.091 -17.111 -16.596 -16.217 -15.724 -17.073
1.132124 -14.751 -15.142 -15.729 -16.618 -16.984 -17.146 -16.265 -16.691 -16.985 -17.145 -17.136 -17.015 -16.678 -17.053 -17.162 -17.111 -16.995 -17.088 -17.17 -17.119 -17.037 -16.99 -17.119 -17.113 -17.14 -16.638 -16.262 -15.77 -17.098
1.166364 -14.719 -15.112 -15.713 -16.619 -16.998 -17.168 -16.268 -16.695 -16.999 -17.167 -17.166 -17.05 -16.68 -17.07 -17.189 -17.143 -17.031 -17.106 -17.197 -17.151 -17.072 -17.027 -17.145 -17.135 -17.169 -16.679 -16.306 -15.817 -17.123
1.20164 -14.686 -15.08 -15.695 -16.62 -17.01 -17.19 -16.271 -16.697 -17.011 -17.19 -17.195 -17.085 -16.682 -17.086 -17.215 -17.175 -17.067 -17.124 -17.223 -17.183 -17.107 -17.063 -17.17 -17.155 -17.198 -16.72 -16.35 -15.863 -17.148
1.237983 -14.651 -15.046 -15.676 -16.619 -17.022 -17.211 -16.273 -16.698 -17.023 -17.211 -17.223 -17.119 -16.683 -17.101 -17.24 -17.206 -17.102 -17.14 -17.248 -17.214 -17.141 -17.099 -17.195 -17.175 -17.226 -16.761 -16.393 -15.909 -17.171
1.275425 -14.615 -15.01 -15.655 -16.616 -17.032 -17.231 -16.275 -16.698 -17.034 -17.232 -17.251 -17.153 -16.682 -17.115 -17.265 -17.236 -17.136 -17.156 -17.273 -17.244 -17.175 -17.135 -17.219 -17.194 -17.253 -16.801 -16.437 -15.955 -17.194
1.313999 -14.578 -14.973 -15.633 -16.613 -17.042 -17.251 -16.275 -16.697 -17.044 -17.252 -17.278 -17.187 -16.68 -17.128 -17.29 -17.266 -17.171 -17.171 -17.298 -17.275 -17.208 -17.17 -17.242 -17.212 -17.28 -16.841 -16.48 -16.001 -17.217
1.35374 -14.539 -14.934 -15.609 -16.608 -17.05 -17.27 -16.275 -16.695 -17.053 -17.271 -17.305 -17.219 -16.677 -17.141 -17.313 -17.296 -17.204 -17.185 -17.321 -17.304 -17.241 -17.205 -17.265 -17.23 -17.306 -16.881 -16.523 -16.046 -17.239
1.394683 -14.499 -14.892 -15.584 -16.602 -17.058 -17.288 -16.273 -16.691 -17.06 -17.289 -17.331 -17.252 -16.673 -17.152 -17.336 -17.325 -17.238 -17.198 -17.344 -17.333 -17.274 -17.24 -17.287 -17.247 -17.332 -16.92 -16.566 -16.091 -17.26
1.436864 -14.457 -14.849 -15.557 -16.595 -17.065 -17.305 -16.271 -16.686 -17.067 -17.306 -17.356 -17.284 -16.667 -17.163 -17.358 -17.353 -17.27 -17.21 -17.367 -17.361 -17.306 -17.274 -17.309 -17.263 -17.357 -16.959 -16.608 -16.136 -17.28
1.480321 -14.414 -14.804 -15.529 -16.586 -17.07 -17.321 -16.268 -16.68 -17.073 -17.323 -17.381 -17.315 -16.66 -17.172 -17.38 -17.381 -17.302 -17.221 -17.388 -17.389 -17.337 -17.307 -17.329 -17.278 -17.381 -16.998 -16.65 -16.181 -17.3
1.525092 -14.369 -14.756 -15.499 -16.576 -17.074 -17.337 -16.263 -16.672 -17.077 -17.339 -17.405 -17.346 -16.652 -17.181 -17.4 -17.408 -17.334 -17.231 -17.409 -17.416 -17.368 -17.34 -17.349 -17.292 -17.404 -17.036 -16.692 -16.226 -17.319
1.571218 -14.323 -14.706 -15.467 -16.564 -17.077 -17.351 -16.258 -16.663 -17.081 -17.353 -17.428 -17.376 -16.642 -17.188 -17.42 -17.434 -17.365 -17.24 -17.428 -17.443 -17.398 -17.373 -17.368 -17.305 -17.427 -17.074 -16.733 -16.27 -17.337
1.618738 -14.274 -14.654 -15.433 -16.551 -17.079 -17.364 -16.252 -16.652 -17.083 -17.367 -17.45 -17.406 -16.63 -17.194 -17.438 -17.459 -17.396 -17.248 -17.447 -17.468 -17.428 -17.405 -17.386 -17.317 -17.449 -17.111 -16.774 -16.314 -17.354
1.667696 -14.225 -14.599 -15.397 -16.536 -17.079 -17.377 -16.244 -16.64 -17.083 -17.38 -17.472 -17.435 -16.617 -17.199 -17.456 -17.484 -17.426 -17.255 -17.465 -17.493 -17.457 -17.436 -17.403 -17.328 -17.47 -17.148 -16.815 -16.357 -17.371
1.718134 -14.173 -14.542 -15.359 -16.519 -17.078 -17.388 -16.235 -16.626 -17.083 -17.391 -17.493 -17.463 -16.602 -17.202 -17.473 -17.508 -17.455 -17.26 -17.482 -17.518 -17.485 -17.467 -17.42 -17.338 -17.49 -17.185 -16.855 -16.401 -17.386
1.770098 -14.12 -14.482 -15.32 -16.5 -17.076 -17.398 -16.225 -16.61 -17.081 -17.402 -17.513 -17.49 -16.586 -17.205 -17.489 -17.532 -17.483 -17.265 -17.498 -17.541 -17.513 -17.497 -17.435 -17.346 -17.509 -17.221 -16.895 -16.444 -17.401
1.823633 -14.065 -14.42 -15.277 -16.48 -17.072 -17.407 -16.214 -16.593 -17.077 -17.411 -17.532 -17.517 -16.567 -17.206 -17.504 -17.554 -17.511 -17.268 -17.513 -17.564 -17.54 -17.526 -17.45 -17.354 -17.528 -17.256 -16.934 -16.486 -17.414
1.878788 -14.008 -14.354 -15.233 -16.457 -17.067 -17.414 -16.202 -16.574 -17.072 -17.419 -17.549 -17.543 -16.547 -17.205 -17.518 -17.575 -17.538 -17.269 -17.527 -17.585 -17.566 -17.555 -17.463 -17.36 -17.545 -17.291 -16.973 -16.529 -17.427
1.93561 -13.95 -14.286 -15.187 -16.433 -17.06 -17.421 -16.188 -16.552 -17.065 -17.426 -17.566 -17.568 -16.524 -17.203 -17.53 -17.596 -17.564 -17.269 -17.54 -17.606 -17.592 -17.583 -17.475 -17.365 -17.561 -17.325 -17.012 -16.571 -17.438
1.994152 -13.889 -14.214 -15.137 -16.406 -17.051 -17.425 -16.172 -16.529 -17.057 -17.431 -17.582 -17.593 -16.5 -17.2 -17.542 -17.615 -17.59 -17.268 -17.552 -17.626 -17.616 -17.611 -17.486 -17.369 -17.576 -17.359 -17.05 -16.613 -17.449
2.054463 -13.827 -14.139 -15.086 -16.377 -17.04 -17.429 -16.155 -16.503 -17.047 -17.435 -17.597 -17.616 -16.473 -17.194 -17.552 -17.634 -17.614 -17.265 -17.562 -17.644 -17.64 -17.637 -17.496 -17.371 -17.59 -17.392 -17.088 -16.654 -17.458
2.116599 -13.763 -14.06 -15.031 -16.346 -17.028 -17.431 -16.137 -16.475 -17.035 -17.437 -17.61 -17.639 -16.444 -17.187 -17.561 -17.651 -17.638 -17.261 -17.571 -17.662 -17.662 -17.663 -17.505 -17.372 -17.603 -17.425 -17.125 -16.695 -17.466
2.180614 -13.698 -13.978 -14.974 -16.312 -17.013 -17.431 -16.117 -16.445 -17.021 -17.438 -17.623 -17.66 -16.412 -17.179 -17.568 -17.668 -17.661 -17.254 -17.579 -17.679 -17.684 -17.688 -17.512 -17.371 -17.615 -17.456 -17.161 -16.735 -17.473
2.246566 -13.631 -13.892 -14.914 -16.276 -16.997 -17.43 -16.095 -16.412 -17.004 -17.437 -17.634 -17.681 -16.378 -17.168 -17.574 -17.683 -17.683 -17.246 -17.585 -17.694 -17.705 -17.712 -17.518 -17.368 -17.625 -17.487 -17.198 -16.775 -17.478
2.314511 -13.562 -13.803 -14.851 -16.237 -16.978 -17.427 -16.071 -16.376 -16.986 -17.435 -17.643 -17.7 -16.342 -17.155 -17.579 -17.697 -17.703 -17.236 -17.59 -17.708 -17.725 -17.735 -17.523 -17.364 -17.634 -17.518 -17.233 -16.814 -17.482
2.384512 -13.491 -13.709 -14.785 -16.195 -16.957 -17.422 -16.045 -16.338 -16.966 -17.431 -17.652 -17.719 -16.302 -17.14 -17.582 -17.709 -17.723 -17.224 -17.593 -17.721 -17.743 -17.757 -17.526 -17.358 -17.642 -17.547 -17.268 -16.853 -17.485
2.45663 -13.419 -13.61 -14.715 -16.15 -16.933 -17.415 -16.018 -16.297 -16.943 -17.424 -17.658 -17.736 -16.259 -17.123 -17.583 -17.72 -17.741 -17.21 -17.595 -17.732 -17.76 -17.778 -17.527 -17.35 -17.647 -17.576 -17.302 -16.892 -17.486
2.530929 -13.345 -13.507 -14.642 -16.102 -16.907 -17.406 -15.988 -16.253 -16.917 -17.416 -17.663 -17.752 -16.214 -17.104 -17.582 -17.73 -17.758 -17.193 -17.594 -17.742 -17.776 -17.798 -17.527 -17.339 -17.652 -17.604 -17.335 -16.93 -17.485
2.607475 -13.27 -13.399 -14.565 -16.05 -16.879 -17.395 -15.956 -16.205 -16.889 -17.406 -17.667 -17.766 -16.165 -17.082 -17.58 -17.738 -17.774 -17.175 -17.592 -17.751 -17.791 -17.817 -17.525 -17.327 -17.654 -17.631 -17.368 -16.967 -17.483
2.686337 -13.194 -13.286 -14.484 -15.995 -16.847 -17.381 -15.921 -16.154 -16.858 -17.393 -17.668 -17.779 -16.112 -17.058 -17.575 -17.744 -17.789 -17.153 -17.588 -17.757 -17.804 -17.834 -17.521 -17.313 -17.655 -17.656 -17.4 -17.004 -17.479
2.767583 -13.116 -13.167 -14.399 -15.936 -16.812 -17.366 -15.884 -16.099 -16.824 -17.378 -17.668 -17.791 -16.056 -17.03 -17.568 -17.749 -17.802 -17.129 -17.582 -17.762 -17.816 -17.85 -17.515 -17.296 -17.654 -17.681 -17.431 -17.04 -17.473
2.851287 -13.038 -13.043 -14.31 -15.873 -16.775 -17.347 -15.844 -16.041 -16.787 -17.36 -17.666 -17.801 -15.996 -17.0 -17.559 -17.752 -17.813 -17.103 -17.573 -17.766 -17.826 -17.865 -17.507 -17.276 -17.651 -17.705 -17.461 -17.075 -17.465
2.937522 -12.959 -12.912 -14.216 -15.806 -16.733 -17.326 -15.802 -15.978 -16.747 -17.34 -17.661 -17.809 -15.931 -16.967 -17.548 -17.753 -17.823 -17.073 -17.562 -17.767 -17.835 -17.878 -17.497 -17.254 -17.645 -17.727 -17.49 -17.11 -17.455
3.026365 -12.88 -12.775 -14.118 -15.734 -16.688 -17.302 -15.757 -15.911 -16.703 -17.316 -17.655 -17.816 -15.862 -16.93 -17.534 -17.752 -17.831 -17.04 -17.549 -17.766 -17.842 -17.889 -17.484 -17.229 -17.637 -17.749 -17.519 -17.144 -17.443
3.117896 -12.8 -12.631 -14.014 -15.658 -16.64 -17.274 -15.708 -15.84 -16.655 -17.29 -17.646 -17.82 -15.789 -16.89 -17.517 -17.748 -17.837 -17.004 -17.533 -17.763 -17.846 -17.899 -17.469 -17.201 -17.627 -17.769 -17.546 -17.176 -17.428
3.212194 -12.72 -12.48 -13.905 -15.576 -16.587 -17.244 -15.656 -15.763 -16.603 -17.26 -17.634 -17.823 -15.71 -16.846 -17.498 -17.742 -17.842 -16.965 -17.514 -17.758 -17.849 -17.907 -17.451 -17.17 -17.615 -17.787 -17.572 -17.209 -17.411
3.309345 -12.641 -12.322 -13.791 -15.489 -16.53 -17.21 -15.601 -15.682 -16.547 -17.227 -17.62 -17.823 -15.627 -16.798 -17.475 -17.734 -17.844 -16.921 -17.492 -17.75 -17.85 -17.913 -17.43 -17.135 -17.599 -17.804 -17.597 -17.24 -17.391
3.409434 -12.562 -12.155 -13.67 -15.396 -16.468 -17.172 -15.542 -15.595 -16.486 -17.191 -17.602 -17.821 -15.537 -16.746 -17.45 -17.723 -17.844 -16.874 -17.467 -17.739 -17.848 -17.918 -17.407 -17.096 -17.581 -17.819 -17.62 -17.27 -17.368
3.51255 -12.484 -11.979 -13.544 -15.298 -16.402 -17.13 -15.479 -15.501 -16.421 -17.15 -17.582 -17.817 -15.441 -16.69 -17.42 -17.709 -17.841 -16.822 -17.438 -17.726 -17.844 -17.919 -17.38 -17.054 -17.559 -17.833 -17.643 -17.299 -17.343
3.618785 -12.408 -11.795 -13.411 -15.192 -16.33 -17.084 -15.411 -15.402 -16.35 -17.105 -17.558 -17.81 -15.339 -16.628 -17.387 -17.692 -17.836 -16.766 -17.406 -17.709 -17.837 -17.919 -17.35 -17.008 -17.534 -17.845 -17.664 -17.327 -17.314
3.728232 -12.333 -11.6 -13.27 -15.08 -16.252 -17.033 -15.34 -15.296 -16.274 -17.056 -17.531 -17.8 -15.23 -16.562 -17.35 -17.672 -17.828 -16.705 -17.37 -17.69 -17.827 -17.916 -17.316 -16.957 -17.506 -17.855 -17.683 -17.354 -17.282
3.84099 -12.26 -11.395 -13.123 -14.96 -16.168 -16.978 -15.263 -15.182 -16.191 -17.002 -17.5 -17.787 -15.114 -16.489 -17.309 -17.648 -17.817 -16.639 -17.329 -17.667 -17.815 -17.91 -17.278 -16.901 -17.474 -17.862 -17.7 -17.379 -17.246
