web/models/kne.last_good/kappa_0.5_3.0.v1/5/villar_0.2686_0.4843_3.0000.dat
# %ECSV 1.0
# ---
# datatype:
# - {name: time, datatype: float64}
# - {name: swift_uvot_uvw2, datatype: float64}
# - {name: swift_uvot_uvm2, datatype: float64}
# - {name: swift_uvot_uvw1, datatype: float64}
# - {name: swift_uvot_U, datatype: float64}
# - {name: swift_uvot_B, datatype: float64}
# - {name: swift_uvot_V, datatype: float64}
# - {name: swift_uvot_W, datatype: float64}
# - {name: johnson_U, datatype: float64}
# - {name: johnson_B, datatype: float64}
# - {name: johnson_V, datatype: float64}
# - {name: johnson_R, datatype: float64}
# - {name: johnson_I, datatype: float64}
# - {name: sdss_u, datatype: float64}
# - {name: sdss_g, datatype: float64}
# - {name: sdss_r, datatype: float64}
# - {name: sdss_i, datatype: float64}
# - {name: sdss_z, datatype: float64}
# - {name: PS1_g, datatype: float64}
# - {name: PS1_r, datatype: float64}
# - {name: PS1_i, datatype: float64}
# - {name: PS1_z, datatype: float64}
# - {name: PS1_Y, datatype: float64}
# - {name: PS1_w, datatype: float64}
# - {name: ATLAS_c, datatype: float64}
# - {name: ATLAS_o, datatype: float64}
# - {name: ukirt_J, datatype: float64}
# - {name: ukirt_H, datatype: float64}
# - {name: ukirt_K, datatype: float64}
# - {name: Clear, datatype: float64}
# meta: !!omap
# - comment: [kappa = 3.0, type = villar, mass = 0.2685795883840597, velocity = 0.48433333333333334, theta_obs = 0.0]
# schema: astropy-2.0
time swift_uvot_uvw2 swift_uvot_uvm2 swift_uvot_uvw1 swift_uvot_U swift_uvot_B swift_uvot_V swift_uvot_W johnson_U johnson_B johnson_V johnson_R johnson_I sdss_u sdss_g sdss_r sdss_i sdss_z PS1_g PS1_r PS1_i PS1_z PS1_Y PS1_w ATLAS_c ATLAS_o ukirt_J ukirt_H ukirt_K Clear
[from data line 211]
0.537512 -12.528 -12.878 -13.748 -14.962 -15.564 -15.906 -14.702 -15.077 -15.569 -15.911 -16.037 -16.027 -15.051 -15.701 -16.007 -16.061 -16.022 -15.764 -16.017 -16.071 -16.05 -16.038 -15.952 -15.853 -16.033 -15.771 -15.452 -15.006 -15.917
0.553769 -12.496 -12.839 -13.726 -14.958 -15.573 -15.926 -14.706 -15.075 -15.579 -15.93 -16.065 -16.061 -15.048 -15.714 -16.031 -16.092 -16.057 -15.778 -16.041 -16.102 -16.084 -16.074 -15.976 -15.871 -16.06 -15.812 -15.496 -15.053 -15.94
0.570517 -12.465 -12.799 -13.703 -14.953 -15.582 -15.945 -14.709 -15.072 -15.587 -15.95 -16.092 -16.095 -15.044 -15.726 -16.055 -16.122 -16.091 -15.793 -16.065 -16.132 -16.118 -16.11 -16.0 -15.889 -16.087 -15.853 -15.54 -15.1 -15.963
0.587772 -12.433 -12.758 -13.68 -14.946 -15.589 -15.963 -14.712 -15.069 -15.595 -15.968 -16.119 -16.128 -15.04 -15.738 -16.079 -16.152 -16.125 -15.806 -16.089 -16.162 -16.152 -16.146 -16.023 -15.906 -16.113 -15.894 -15.585 -15.147 -15.986
0.605549 -12.4 -12.716 -13.655 -14.939 -15.596 -15.981 -14.714 -15.064 -15.603 -15.986 -16.145 -16.161 -15.034 -15.749 -16.102 -16.181 -16.159 -15.819 -16.112 -16.191 -16.185 -16.182 -16.046 -15.923 -16.139 -15.934 -15.628 -15.193 -16.008
0.623863 -12.367 -12.672 -13.63 -14.931 -15.603 -15.998 -14.715 -15.059 -15.609 -16.004 -16.171 -16.194 -15.028 -15.759 -16.124 -16.21 -16.193 -15.831 -16.134 -16.22 -16.218 -16.217 -16.068 -15.939 -16.164 -15.975 -15.672 -15.24 -16.03
0.642731 -12.333 -12.627 -13.603 -14.923 -15.608 -16.014 -14.716 -15.052 -15.615 -16.021 -16.196 -16.227 -15.021 -15.769 -16.146 -16.238 -16.226 -15.843 -16.156 -16.249 -16.25 -16.252 -16.09 -15.955 -16.189 -16.015 -15.716 -15.286 -16.051
0.66217 -12.3 -12.581 -13.576 -14.913 -15.613 -16.03 -14.717 -15.045 -15.62 -16.037 -16.221 -16.259 -15.013 -15.778 -16.167 -16.266 -16.259 -15.854 -16.178 -16.277 -16.283 -16.286 -16.111 -15.97 -16.214 -16.054 -15.759 -15.333 -16.072
0.682197 -12.265 -12.533 -13.547 -14.902 -15.617 -16.046 -14.717 -15.037 -15.625 -16.053 -16.246 -16.29 -15.004 -15.787 -16.188 -16.294 -16.292 -15.864 -16.199 -16.305 -16.314 -16.321 -16.132 -15.984 -16.238 -16.094 -15.803 -15.379 -16.092
0.70283 -12.231 -12.483 -13.517 -14.89 -15.62 -16.06 -14.716 -15.028 -15.628 -16.068 -16.27 -16.322 -14.994 -15.794 -16.208 -16.321 -16.324 -15.873 -16.219 -16.332 -16.346 -16.355 -16.152 -15.998 -16.261 -16.133 -15.846 -15.425 -16.112
0.724086 -12.196 -12.433 -13.487 -14.877 -15.622 -16.074 -14.715 -15.018 -15.631 -16.083 -16.294 -16.353 -14.982 -15.801 -16.228 -16.348 -16.356 -15.882 -16.239 -16.359 -16.377 -16.388 -16.172 -16.011 -16.284 -16.172 -15.888 -15.471 -16.131
0.745986 -12.161 -12.38 -13.455 -14.863 -15.624 -16.088 -14.713 -15.006 -15.633 -16.097 -16.317 -16.383 -14.97 -15.807 -16.247 -16.374 -16.387 -15.891 -16.259 -16.386 -16.408 -16.421 -16.191 -16.024 -16.307 -16.211 -15.931 -15.517 -16.15
0.768548 -12.126 -12.327 -13.422 -14.848 -15.625 -16.101 -14.71 -14.994 -15.634 -16.11 -16.339 -16.413 -14.957 -15.813 -16.266 -16.4 -16.418 -15.898 -16.278 -16.412 -16.438 -16.454 -16.21 -16.036 -16.329 -16.25 -15.974 -15.562 -16.169
0.791792 -12.091 -12.271 -13.388 -14.832 -15.625 -16.113 -14.707 -14.981 -15.634 -16.122 -16.361 -16.443 -14.943 -15.817 -16.284 -16.425 -16.449 -15.905 -16.296 -16.437 -16.468 -16.487 -16.228 -16.047 -16.35 -16.288 -16.016 -15.608 -16.187
0.815739 -12.056 -12.214 -13.353 -14.815 -15.623 -16.124 -14.703 -14.967 -15.633 -16.134 -16.383 -16.472 -14.928 -15.821 -16.301 -16.45 -16.479 -15.911 -16.313 -16.462 -16.497 -16.519 -16.246 -16.057 -16.371 -16.326 -16.058 -15.653 -16.204
0.840411 -12.021 -12.156 -13.316 -14.797 -15.622 -16.135 -14.699 -14.951 -15.632 -16.145 -16.404 -16.501 -14.911 -15.824 -16.318 -16.474 -16.509 -15.916 -16.33 -16.487 -16.526 -16.551 -16.263 -16.067 -16.391 -16.363 -16.1 -15.698 -16.221
0.865828 -11.986 -12.096 -13.279 -14.778 -15.619 -16.144 -14.694 -14.935 -15.629 -16.155 -16.424 -16.53 -14.894 -15.826 -16.334 -16.498 -16.539 -15.92 -16.347 -16.511 -16.555 -16.582 -16.279 -16.076 -16.411 -16.401 -16.141 -15.743 -16.238
0.892015 -11.951 -12.034 -13.24 -14.757 -15.615 -16.154 -14.688 -14.917 -15.626 -16.165 -16.444 -16.558 -14.875 -15.827 -16.349 -16.521 -16.568 -15.924 -16.362 -16.534 -16.583 -16.614 -16.295 -16.085 -16.431 -16.438 -16.183 -15.788 -16.253
0.918993 -11.917 -11.97 -13.2 -14.735 -15.61 -16.162 -14.682 -14.899 -15.622 -16.174 -16.463 -16.585 -14.855 -15.828 -16.364 -16.544 -16.596 -15.926 -16.377 -16.557 -16.611 -16.644 -16.311 -16.092 -16.449 -16.475 -16.224 -15.833 -16.269
0.946787 -11.883 -11.905 -13.159 -14.712 -15.604 -16.169 -14.675 -14.879 -15.617 -16.182 -16.482 -16.612 -14.834 -15.827 -16.378 -16.566 -16.624 -15.928 -16.392 -16.58 -16.638 -16.675 -16.325 -16.099 -16.467 -16.511 -16.265 -15.877 -16.283
0.975422 -11.849 -11.838 -13.117 -14.688 -15.598 -16.176 -14.667 -14.857 -15.61 -16.189 -16.5 -16.639 -14.811 -15.826 -16.392 -16.588 -16.652 -15.929 -16.406 -16.602 -16.665 -16.704 -16.339 -16.105 -16.485 -16.547 -16.306 -15.921 -16.298
1.004923 -11.816 -11.769 -13.073 -14.662 -15.59 -16.182 -14.658 -14.835 -15.603 -16.196 -16.517 -16.665 -14.788 -15.823 -16.404 -16.609 -16.679 -15.929 -16.419 -16.623 -16.691 -16.734 -16.353 -16.11 -16.501 -16.583 -16.346 -15.965 -16.311
1.035317 -11.783 -11.699 -13.028 -14.636 -15.581 -16.187 -14.649 -14.811 -15.595 -16.201 -16.534 -16.691 -14.763 -15.82 -16.416 -16.629 -16.706 -15.929 -16.431 -16.644 -16.717 -16.763 -16.366 -16.115 -16.517 -16.619 -16.386 -16.009 -16.324
1.066629 -11.751 -11.626 -12.982 -14.607 -15.571 -16.191 -14.639 -14.786 -15.585 -16.206 -16.55 -16.716 -14.737 -15.816 -16.427 -16.649 -16.732 -15.927 -16.442 -16.664 -16.742 -16.791 -16.378 -16.118 -16.533 -16.654 -16.426 -16.053 -16.336
1.098888 -11.72 -11.551 -12.934 -14.578 -15.56 -16.195 -14.628 -14.76 -15.575 -16.21 -16.566 -16.74 -14.709 -15.81 -16.438 -16.668 -16.758 -15.924 -16.453 -16.683 -16.767 -16.819 -16.389 -16.121 -16.548 -16.689 -16.466 -16.097 -16.348
1.132124 -11.69 -11.475 -12.885 -14.547 -15.548 -16.197 -14.617 -14.732 -15.563 -16.213 -16.581 -16.765 -14.68 -15.804 -16.447 -16.687 -16.783 -15.921 -16.463 -16.702 -16.791 -16.847 -16.4 -16.123 -16.562 -16.723 -16.505 -16.14 -16.359
1.166364 -11.66 -11.396 -12.835 -14.514 -15.534 -16.198 -14.604 -14.703 -15.551 -16.215 -16.595 -16.788 -14.65 -15.796 -16.456 -16.705 -16.807 -15.916 -16.472 -16.72 -16.814 -16.874 -16.41 -16.124 -16.575 -16.757 -16.544 -16.183 -16.37
1.20164 -11.632 -11.316 -12.783 -14.48 -15.52 -16.199 -14.591 -14.673 -15.537 -16.216 -16.608 -16.811 -14.618 -15.788 -16.464 -16.722 -16.831 -15.911 -16.481 -16.738 -16.837 -16.901 -16.419 -16.124 -16.587 -16.791 -16.583 -16.226 -16.379
1.237983 -11.604 -11.233 -12.73 -14.445 -15.504 -16.198 -14.577 -14.641 -15.522 -16.217 -16.62 -16.833 -14.584 -15.778 -16.471 -16.738 -16.855 -15.904 -16.488 -16.755 -16.86 -16.927 -16.427 -16.123 -16.599 -16.824 -16.622 -16.269 -16.389
1.275425 -11.578 -11.148 -12.675 -14.408 -15.487 -16.197 -14.562 -14.607 -15.505 -16.216 -16.632 -16.855 -14.549 -15.768 -16.477 -16.754 -16.878 -15.896 -16.495 -16.771 -16.882 -16.953 -16.435 -16.121 -16.61 -16.857 -16.66 -16.311 -16.397
1.313999 -11.553 -11.061 -12.619 -14.369 -15.469 -16.194 -14.546 -14.572 -15.488 -16.214 -16.643 -16.876 -14.513 -15.756 -16.483 -16.769 -16.9 -15.888 -16.501 -16.786 -16.903 -16.978 -16.442 -16.118 -16.621 -16.889 -16.698 -16.353 -16.405
1.35374 -11.529 -10.972 -12.562 -14.329 -15.449 -16.191 -14.529 -14.536 -15.469 -16.211 -16.653 -16.896 -14.475 -15.743 -16.487 -16.783 -16.921 -15.878 -16.505 -16.801 -16.923 -17.002 -16.448 -16.114 -16.63 -16.922 -16.736 -16.395 -16.412
1.394683 -11.506 -10.881 -12.503 -14.287 -15.428 -16.186 -14.511 -14.498 -15.449 -16.207 -16.663 -16.916 -14.435 -15.728 -16.49 -16.797 -16.942 -15.867 -16.509 -16.815 -16.943 -17.026 -16.453 -16.109 -16.639 -16.953 -16.773 -16.437 -16.418
1.436864 -11.485 -10.787 -12.442 -14.243 -15.406 -16.18 -14.492 -14.458 -15.427 -16.202 -16.671 -16.935 -14.393 -15.713 -16.493 -16.81 -16.963 -15.855 -16.512 -16.828 -16.963 -17.049 -16.457 -16.103 -16.646 -16.984 -16.81 -16.479 -16.423
1.480321 -11.466 -10.691 -12.38 -14.198 -15.382 -16.173 -14.472 -14.416 -15.404 -16.196 -16.679 -16.954 -14.35 -15.696 -16.494 -16.822 -16.982 -15.841 -16.514 -16.84 -16.981 -17.072 -16.461 -16.096 -16.653 -17.015 -16.846 -16.52 -16.428
1.525092 -11.447 -10.592 -12.316 -14.151 -15.357 -16.165 -14.451 -14.373 -15.38 -16.188 -16.686 -16.972 -14.305 -15.677 -16.495 -16.833 -17.001 -15.827 -16.515 -16.851 -16.999 -17.094 -16.464 -16.088 -16.659 -17.045 -16.883 -16.561 -16.432
1.571218 -11.431 -10.491 -12.25 -14.102 -15.331 -16.155 -14.429 -14.328 -15.354 -16.18 -16.692 -16.989 -14.258 -15.658 -16.494 -16.843 -17.02 -15.811 -16.515 -16.862 -17.016 -17.115 -16.465 -16.078 -16.664 -17.075 -16.918 -16.602 -16.435
1.618738 -11.415 -10.388 -12.183 -14.051 -15.302 -16.145 -14.406 -14.281 -15.327 -16.17 -16.696 -17.005 -14.209 -15.637 -16.492 -16.852 -17.037 -15.794 -16.514 -16.872 -17.032 -17.136 -16.466 -16.068 -16.668 -17.104 -16.954 -16.642 -16.437
1.667696 -11.402 -10.281 -12.115 -13.998 -15.272 -16.133 -14.382 -14.232 -15.298 -16.159 -16.7 -17.02 -14.158 -15.614 -16.489 -16.86 -17.054 -15.776 -16.512 -16.88 -17.048 -17.156 -16.465 -16.056 -16.671 -17.133 -16.989 -16.682 -16.439
1.718134 -11.389 -10.173 -12.044 -13.943 -15.241 -16.119 -14.357 -14.181 -15.267 -16.147 -16.703 -17.035 -14.106 -15.59 -16.485 -16.868 -17.07 -15.756 -16.509 -16.888 -17.063 -17.176 -16.464 -16.043 -16.673 -17.161 -17.024 -16.722 -16.439
1.770098 -11.378 -10.062 -11.972 -13.885 -15.208 -16.105 -14.33 -14.128 -15.235 -16.133 -16.705 -17.049 -14.051 -15.565 -16.48 -16.874 -17.085 -15.735 -16.504 -16.895 -17.076 -17.194 -16.462 -16.028 -16.674 -17.188 -17.058 -16.762 -16.439
1.823633 -11.369 -9.948 -11.898 -13.826 -15.173 -16.088 -14.303 -14.073 -15.201 -16.118 -16.706 -17.062 -13.994 -15.538 -16.473 -16.879 -17.099 -15.712 -16.499 -16.901 -17.089 -17.212 -16.458 -16.013 -16.674 -17.215 -17.092 -16.801 -16.438
1.878788 -11.361 -9.831 -11.822 -13.765 -15.136 -16.071 -14.274 -14.016 -15.166 -16.101 -16.705 -17.074 -13.935 -15.509 -16.466 -16.884 -17.112 -15.688 -16.492 -16.906 -17.102 -17.229 -16.454 -15.996 -16.672 -17.242 -17.125 -16.84 -16.436
1.93561 -11.354 -9.712 -11.744 -13.701 -15.098 -16.052 -14.243 -13.956 -15.128 -16.083 -16.704 -17.085 -13.873 -15.478 -16.457 -16.887 -17.125 -15.663 -16.483 -16.91 -17.113 -17.246 -16.448 -15.977 -16.67 -17.267 -17.158 -16.878 -16.432
1.994152 -11.349 -9.59 -11.665 -13.635 -15.057 -16.031 -14.212 -13.895 -15.089 -16.064 -16.701 -17.095 -13.809 -15.446 -16.446 -16.889 -17.137 -15.636 -16.474 -16.912 -17.123 -17.261 -16.441 -15.957 -16.666 -17.292 -17.19 -16.916 -16.428
2.054463 -11.344 -9.465 -11.583 -13.566 -15.015 -16.009 -14.179 -13.831 -15.048 -16.043 -16.697 -17.105 -13.743 -15.412 -16.434 -16.89 -17.147 -15.607 -16.463 -16.914 -17.132 -17.276 -16.433 -15.935 -16.661 -17.317 -17.222 -16.954 -16.423
2.116599 -11.341 -9.338 -11.5 -13.495 -14.97 -15.985 -14.144 -13.764 -15.005 -16.02 -16.692 -17.113 -13.674 -15.376 -16.421 -16.89 -17.157 -15.577 -16.451 -16.914 -17.141 -17.289 -16.424 -15.912 -16.655 -17.341 -17.254 -16.991 -16.417
2.180614 -11.339 -9.208 -11.414 -13.421 -14.924 -15.959 -14.108 -13.695 -14.959 -15.995 -16.686 -17.12 -13.603 -15.339 -16.406 -16.889 -17.165 -15.545 -16.437 -16.914 -17.148 -17.302 -16.413 -15.887 -16.648 -17.364 -17.284 -17.028 -16.41
2.246566 -11.338 -9.075 -11.326 -13.344 -14.875 -15.932 -14.071 -13.624 -14.912 -15.969 -16.678 -17.126 -13.529 -15.299 -16.39 -16.886 -17.173 -15.511 -16.422 -16.911 -17.154 -17.314 -16.401 -15.861 -16.639 -17.386 -17.315 -17.065 -16.401
2.314511 -11.337 -8.94 -11.237 -13.265 -14.824 -15.902 -14.032 -13.549 -14.862 -15.941 -16.669 -17.131 -13.452 -15.257 -16.372 -16.882 -17.179 -15.476 -16.405 -16.908 -17.159 -17.325 -16.388 -15.833 -16.629 -17.407 -17.344 -17.101 -16.392
2.384512 -11.338 -8.803 -11.145 -13.183 -14.77 -15.871 -13.991 -13.472 -14.811 -15.911 -16.658 -17.135 -13.372 -15.213 -16.352 -16.876 -17.185 -15.438 -16.386 -16.903 -17.163 -17.335 -16.373 -15.803 -16.617 -17.428 -17.373 -17.137 -16.381
2.45663 -11.339 -8.664 -11.05 -13.097 -14.715 -15.838 -13.949 -13.392 -14.756 -15.879 -16.646 -17.138 -13.289 -15.167 -16.33 -16.869 -17.189 -15.399 -16.366 -16.897 -17.165 -17.343 -16.356 -15.771 -16.603 -17.448 -17.402 -17.172 -16.369
2.530929 -11.34 -8.522 -10.954 -13.009 -14.656 -15.802 -13.905 -13.309 -14.699 -15.846 -16.632 -17.139 -13.203 -15.118 -16.307 -16.861 -17.192 -15.358 -16.344 -16.889 -17.167 -17.351 -16.338 -15.737 -16.589 -17.467 -17.43 -17.207 -16.356
2.607475 -11.342 -8.379 -10.855 -12.917 -14.595 -15.765 -13.859 -13.222 -14.64 -15.81 -16.617 -17.14 -13.114 -15.067 -16.282 -16.851 -17.193 -15.315 -16.32 -16.88 -17.167 -17.358 -16.319 -15.701 -16.572 -17.485 -17.457 -17.241 -16.342
2.686337 -11.345 -8.235 -10.753 -12.822 -14.531 -15.725 -13.811 -13.133 -14.578 -15.771 -16.6 -17.138 -13.022 -15.014 -16.255 -16.839 -17.193 -15.27 -16.295 -16.869 -17.165 -17.363 -16.297 -15.663 -16.554 -17.502 -17.483 -17.275 -16.326
2.767583 -11.348 -8.09 -10.65 -12.723 -14.465 -15.683 -13.761 -13.04 -14.513 -15.731 -16.581 -17.136 -12.926 -14.958 -16.226 -16.826 -17.192 -15.223 -16.267 -16.857 -17.162 -17.367 -16.274 -15.623 -16.534 -17.518 -17.509 -17.308 -16.309
2.851287 -11.351 -7.944 -10.543 -12.621 -14.395 -15.638 -13.709 -12.943 -14.446 -15.688 -16.56 -17.131 -12.826 -14.899 -16.194 -16.811 -17.19 -15.173 -16.238 -16.843 -17.158 -17.37 -16.249 -15.58 -16.512 -17.533 -17.534 -17.341 -16.29
2.937522 -11.354 -7.799 -10.434 -12.515 -14.322 -15.591 -13.655 -12.843 -14.375 -15.642 -16.538 -17.126 -12.722 -14.838 -16.161 -16.794 -17.185 -15.122 -16.206 -16.827 -17.152 -17.371 -16.223 -15.535 -16.488 -17.547 -17.558 -17.373 -16.27
3.026365 -11.357 -7.655 -10.322 -12.404 -14.246 -15.541 -13.599 -12.738 -14.301 -15.594 -16.513 -17.118 -12.615 -14.773 -16.125 -16.775 -17.179 -15.068 -16.172 -16.809 -17.144 -17.371 -16.194 -15.488 -16.462 -17.56 -17.581 -17.404 -16.248
3.117896 -11.36 -7.513 -10.207 -12.29 -14.167 -15.488 -13.54 -12.63 -14.224 -15.544 -16.486 -17.109 -12.503 -14.705 -16.086 -16.754 -17.172 -15.012 -16.136 -16.789 -17.135 -17.369 -16.163 -15.438 -16.434 -17.572 -17.603 -17.435 -16.225
3.212194 -11.363 -7.375 -10.089 -12.171 -14.084 -15.432 -13.479 -12.517 -14.143 -15.49 -16.458 -17.099 -12.387 -14.634 -16.045 -16.731 -17.163 -14.953 -16.097 -16.767 -17.124 -17.366 -16.13 -15.385 -16.403 -17.582 -17.625 -17.465 -16.2
3.309345 -11.365 -7.24 -9.967 -12.047 -13.997 -15.374 -13.416 -12.4 -14.059 -15.434 -16.426 -17.086 -12.266 -14.56 -16.002 -16.706 -17.152 -14.892 -16.056 -16.743 -17.111 -17.361 -16.094 -15.329 -16.371 -17.592 -17.645 -17.494 -16.174
3.409434 -11.368 -7.11 -9.843 -11.919 -13.907 -15.312 -13.349 -12.278 -13.971 -15.374 -16.393 -17.071 -12.14 -14.482 -15.955 -16.679 -17.138 -14.828 -16.012 -16.716 -17.096 -17.354 -16.056 -15.271 -16.335 -17.599 -17.665 -17.523 -16.145
3.51255 -11.369 -6.987 -9.715 -11.785 -13.812 -15.246 -13.28 -12.151 -13.879 -15.311 -16.356 -17.055 -12.01 -14.401 -15.906 -16.648 -17.123 -14.762 -15.965 -16.688 -17.079 -17.346 -16.016 -15.209 -16.298 -17.606 -17.683 -17.55 -16.115
3.618785 -11.37 -6.871 -9.583 -11.646 -13.713 -15.177 -13.208 -12.019 -13.782 -15.244 -16.318 -17.036 -11.874 -14.315 -15.853 -16.616 -17.106 -14.693 -15.916 -16.656 -17.059 -17.335 -15.973 -15.144 -16.257 -17.61 -17.7 -17.577 -16.083
3.728232 -11.371 -6.764 -9.447 -11.502 -13.609 -15.105 -13.133 -11.882 -13.682 -15.174 -16.276 -17.015 -11.732 -14.225 -15.798 -16.581 -17.086 -14.621 -15.863 -16.622 -17.038 -17.323 -15.927 -15.075 -16.214 -17.614 -17.716 -17.603 -16.049
