web/models/kne.last_good/kappa_0.5_3.0.v1/5/villar_0.0120_0.1240_3.0000.dat
# %ECSV 1.0
# ---
# datatype:
# - {name: time, datatype: float64}
# - {name: swift_uvot_uvw2, datatype: float64}
# - {name: swift_uvot_uvm2, datatype: float64}
# - {name: swift_uvot_uvw1, datatype: float64}
# - {name: swift_uvot_U, datatype: float64}
# - {name: swift_uvot_B, datatype: float64}
# - {name: swift_uvot_V, datatype: float64}
# - {name: swift_uvot_W, datatype: float64}
# - {name: johnson_U, datatype: float64}
# - {name: johnson_B, datatype: float64}
# - {name: johnson_V, datatype: float64}
# - {name: johnson_R, datatype: float64}
# - {name: johnson_I, datatype: float64}
# - {name: sdss_u, datatype: float64}
# - {name: sdss_g, datatype: float64}
# - {name: sdss_r, datatype: float64}
# - {name: sdss_i, datatype: float64}
# - {name: sdss_z, datatype: float64}
# - {name: PS1_g, datatype: float64}
# - {name: PS1_r, datatype: float64}
# - {name: PS1_i, datatype: float64}
# - {name: PS1_z, datatype: float64}
# - {name: PS1_Y, datatype: float64}
# - {name: PS1_w, datatype: float64}
# - {name: ATLAS_c, datatype: float64}
# - {name: ATLAS_o, datatype: float64}
# - {name: ukirt_J, datatype: float64}
# - {name: ukirt_H, datatype: float64}
# - {name: ukirt_K, datatype: float64}
# - {name: Clear, datatype: float64}
# meta: !!omap
# - comment: [kappa = 3.0, type = villar, mass = 0.012011244339858356, velocity = 0.124, theta_obs = 0.0]
# schema: astropy-2.0
time swift_uvot_uvw2 swift_uvot_uvm2 swift_uvot_uvw1 swift_uvot_U swift_uvot_B swift_uvot_V swift_uvot_W johnson_U johnson_B johnson_V johnson_R johnson_I sdss_u sdss_g sdss_r sdss_i sdss_z PS1_g PS1_r PS1_i PS1_z PS1_Y PS1_w ATLAS_c ATLAS_o ukirt_J ukirt_H ukirt_K Clear
[from data line 286]
5.02233 -6.915 -1.699 0.057 -0.733 -4.492 -7.199 -5.865 -1.393 -4.741 -7.411 -9.712 -11.259 -1.056 -5.687 -8.591 -10.205 -11.361 -8.326 -9.122 -10.375 -11.251 -11.96 -9.259 -7.452 -9.58 -12.831 -13.48 -13.804 -10.411
5.174227 -6.758 -1.542 0.777 0.202 -3.752 -6.597 -5.468 -0.49 -4.03 -6.832 -9.28 -10.919 -0.13 -5.017 -8.075 -9.786 -11.021 -8.119 -8.749 -9.991 -10.911 -11.677 -8.818 -6.896 -9.138 -12.603 -13.32 -13.699 -10.171
5.330718 -6.586 -1.371 1.557 1.227 -2.941 -5.936 -5.07 0.5 -3.251 -6.197 -8.805 -10.545 0.886 -4.282 -7.506 -9.324 -10.644 -7.911 -8.37 -9.577 -10.537 -11.367 -8.334 -6.286 -8.653 -12.349 -13.139 -13.578 -9.923
5.491942 -6.398 -1.182 2.405 2.351 -2.05 -5.208 -4.681 1.587 -2.398 -5.498 -8.283 -10.13 2.001 -3.475 -6.879 -8.813 -10.227 -7.698 -7.994 -9.131 -10.128 -11.031 -7.802 -5.616 -8.119 -12.065 -12.936 -13.442 -9.666
5.658042 -6.191 -0.975 3.33 3.589 -1.068 -4.403 -4.304 2.782 -1.46 -4.728 -7.707 -9.672 3.228 -2.585 -6.186 -8.248 -9.764 -7.476 -7.626 -8.657 -9.682 -10.666 -7.214 -4.878 -7.529 -11.747 -12.708 -13.286 -9.4
5.829166 -5.963 -0.748 4.34 4.953 0.015 -3.513 -3.943 4.101 -0.428 -3.878 -7.071 -9.164 4.581 -1.602 -5.418 -7.62 -9.249 -7.239 -7.269 -8.159 -9.198 -10.272 -6.566 -4.063 -6.877 -11.391 -12.452 -13.11 -9.123
6.005465 -5.712 -0.497 5.448 6.462 1.214 -2.526 -3.595 5.559 0.711 -2.939 -6.367 -8.6 6.078 -0.515 -4.567 -6.922 -8.675 -6.982 -6.922 -7.645 -8.676 -9.851 -5.847 -3.161 -6.155 -10.993 -12.162 -12.91 -8.832
6.187096 -5.435 -0.219 6.664 8.134 2.543 -1.429 -3.252 7.176 1.971 -1.897 -5.587 -7.974 7.737 0.691 -3.62 -6.144 -8.035 -6.702 -6.58 -7.126 -8.119 -9.403 -5.05 -2.161 -5.354 -10.545 -11.836 -12.683 -8.524
6.37422 -5.17 0.045 7.568 9.355 3.529 -0.601 -2.96 8.359 2.907 -1.109 -4.979 -7.469 8.948 1.593 -2.895 -5.534 -7.52 -6.437 -6.288 -6.728 -7.68 -9.034 -4.428 -1.4 -4.729 -10.161 -11.535 -12.449 -8.245
6.567004 -4.96 0.255 7.778 9.565 3.739 -0.391 -2.75 8.569 3.117 -0.899 -4.769 -7.259 9.158 1.803 -2.685 -5.324 -7.31 -6.227 -6.078 -6.518 -7.47 -8.824 -4.218 -1.19 -4.519 -9.951 -11.325 -12.239 -8.035
6.765619 -4.737 0.478 8.001 9.788 3.962 -0.168 -2.527 8.792 3.34 -0.676 -4.546 -7.036 9.381 2.026 -2.462 -5.101 -7.087 -6.004 -5.854 -6.294 -7.247 -8.601 -3.995 -0.967 -4.296 -9.728 -11.102 -12.016 -7.812
6.97024 -4.5 0.715 8.238 10.025 4.199 0.069 -2.29 9.029 3.577 -0.439 -4.309 -6.799 9.618 2.263 -2.225 -4.864 -6.85 -5.767 -5.618 -6.058 -7.01 -8.364 -3.758 -0.73 -4.059 -9.491 -10.865 -11.779 -7.575
7.181051 -4.249 0.967 8.489 10.276 4.45 0.321 -2.038 9.28 3.828 -0.188 -4.057 -6.547 9.87 2.514 -1.973 -4.612 -6.599 -5.516 -5.366 -5.806 -6.759 -8.113 -3.506 -0.478 -3.808 -9.239 -10.613 -11.528 -7.324
7.398237 -3.982 1.234 8.756 10.543 4.717 0.588 -1.771 9.547 4.096 0.08 -3.79 -6.28 10.137 2.782 -1.706 -4.345 -6.332 -5.248 -5.099 -5.539 -6.492 -7.846 -3.239 -0.211 -3.54 -8.972 -10.346 -11.261 -7.057
7.621991 -3.698 1.518 9.04 10.827 5.001 0.871 -1.488 9.831 4.379 0.363 -3.506 -5.997 10.421 3.065 -1.422 -4.062 -6.048 -4.965 -4.815 -5.255 -6.208 -7.562 -2.955 0.072 -3.257 -8.689 -10.063 -10.977 -6.773
7.852513 -3.397 1.819 9.341 11.128 5.302 1.172 -1.187 10.132 4.68 0.664 -3.205 -5.696 10.722 3.366 -1.121 -3.761 -5.747 -4.664 -4.514 -4.954 -5.907 -7.261 -2.654 0.373 -2.956 -8.387 -9.761 -10.676 -6.472
8.090007 -3.077 2.138 9.661 11.448 5.622 1.492 -0.867 10.452 5.0 0.984 -2.886 -5.376 11.041 3.686 -0.802 -3.441 -5.427 -4.344 -4.195 -4.635 -5.587 -6.941 -2.335 0.693 -2.636 -8.068 -9.442 -10.356 -6.152
8.334684 -2.738 2.477 10.0 11.787 5.961 1.831 -0.528 10.791 5.339 1.323 -2.546 -5.037 11.381 4.025 -0.462 -3.102 -5.088 -4.005 -3.855 -4.295 -5.248 -6.602 -1.995 1.032 -2.297 -7.729 -9.103 -10.017 -5.813
8.586761 -2.378 2.838 10.36 12.147 6.321 2.191 -0.167 11.151 5.699 1.683 -2.186 -4.677 11.741 4.385 -0.102 -2.742 -4.728 -3.645 -3.495 -3.935 -4.888 -6.242 -1.635 1.392 -1.937 -7.368 -8.742 -9.657 -5.453
8.846461 -1.996 3.22 10.742 12.529 6.703 2.574 0.215 11.533 6.082 2.065 -1.804 -4.294 12.123 4.767 0.28 -2.359 -4.346 -3.263 -3.113 -3.553 -4.506 -5.86 -1.253 1.775 -1.555 -6.986 -8.36 -9.275 -5.071
9.114017 -1.59 3.626 11.148 12.935 7.109 2.979 0.621 11.939 6.487 2.471 -1.398 -3.889 12.529 5.173 0.686 -1.954 -3.94 -2.857 -2.707 -3.147 -4.1 -5.454 -0.847 2.18 -1.149 -6.58 -7.954 -8.869 -4.665
9.389664 -1.159 4.056 11.579 13.366 7.54 3.41 1.051 12.37 6.918 2.902 -0.967 -3.458 12.959 5.604 1.116 -1.523 -3.509 -2.426 -2.276 -2.716 -3.669 -5.023 -0.417 2.611 -0.718 -6.15 -7.524 -8.438 -4.234
9.673648 -0.702 4.513 12.036 13.823 7.997 3.867 1.508 12.827 7.375 3.359 -0.51 -3.001 13.417 6.061 1.574 -1.066 -3.052 -1.969 -1.819 -2.259 -3.212 -4.566 0.041 3.068 -0.261 -5.693 -7.067 -7.981 -3.777
9.966221 -0.217 4.999 12.521 14.308 8.482 4.353 1.994 13.312 7.86 3.844 -0.025 -2.516 13.902 6.546 2.059 -0.58 -2.567 -1.484 -1.334 -1.774 -2.727 -4.081 0.526 3.553 0.224 -5.207 -6.581 -7.496 -3.292
10.267642 0.298 5.514 13.036 14.823 8.997 4.868 2.509 13.827 8.375 4.359 0.49 -2.001 14.417 7.061 2.574 -0.065 -2.052 -0.969 -0.819 -1.259 -2.212 -3.566 1.041 4.068 0.739 -4.692 -6.066 -6.981 -2.777
10.57818 0.845 6.06 13.583 15.37 9.544 5.414 3.055 14.374 8.922 4.906 1.037 -1.454 14.963 7.608 3.12 0.481 -1.505 -0.422 -0.272 -0.712 -1.665 -3.019 1.587 4.615 1.286 -4.146 -5.52 -6.434 -2.23
10.89811 1.425 6.641 14.163 15.95 10.124 5.994 3.635 14.954 9.502 5.486 1.617 -0.874 15.544 8.188 3.701 1.061 -0.925 0.158 0.308 -0.132 -1.085 -2.439 2.168 5.195 1.866 -3.565 -4.94 -5.854 -1.65
11.227716 2.041 7.256 14.779 16.566 10.74 6.61 4.251 15.57 10.118 6.102 2.233 -0.258 16.16 8.804 4.317 1.677 -0.309 0.774 0.924 0.484 -0.469 -1.823 2.783 5.811 2.482 -2.95 -4.324 -5.238 -1.034
11.56729 2.694 7.91 15.432 17.22 11.394 7.264 4.905 16.223 10.772 6.756 2.886 0.396 16.813 9.458 4.97 2.331 0.345 1.428 1.577 1.137 0.185 -1.17 3.437 6.465 3.136 -2.296 -3.67 -4.584 -0.381
11.917135 3.388 8.604 16.126 17.913 12.087 7.958 5.599 16.917 11.465 7.449 3.58 1.09 17.507 10.151 5.664 3.025 1.038 2.121 2.271 1.831 0.878 -0.476 4.131 7.159 3.829 -1.602 -2.976 -3.891 0.313
12.277561 4.125 9.34 16.863 18.65 12.824 8.694 6.335 17.654 12.202 8.186 4.316 1.826 18.243 10.888 6.4 3.761 1.775 2.858 3.007 2.567 1.615 0.261 4.867 7.895 4.566 -0.866 -2.24 -3.154 1.05
12.648887 4.906 10.122 17.644 19.431 13.605 9.476 7.117 18.435 12.983 8.967 5.098 2.608 19.025 11.669 7.182 4.543 2.556 3.639 3.789 3.349 2.396 1.042 5.649 8.677 5.347 -0.084 -1.458 -2.373 1.831
13.031444 5.736 10.951 18.474 20.261 14.435 10.305 7.946 19.265 13.813 9.797 5.928 3.437 19.855 12.499 8.012 5.372 3.386 4.469 4.619 4.179 3.226 1.872 6.478 9.506 6.177 0.745 -0.629 -1.543 2.661
13.425571 6.616 11.832 19.354 21.141 15.315 11.186 8.827 20.145 14.694 10.678 6.808 4.318 20.735 13.38 8.892 6.253 4.267 5.35 5.499 5.059 4.106 2.752 7.359 10.387 7.058 1.626 0.252 -0.662 3.541
13.831619 7.551 12.767 20.289 22.076 16.25 12.12 9.761 21.08 15.628 11.612 7.743 5.252 21.67 14.314 9.827 7.187 5.201 6.284 6.434 5.994 5.041 3.687 8.294 11.321 7.992 2.561 1.186 0.272 4.476
14.249947 8.543 13.759 21.281 23.068 17.242 13.112 10.753 22.072 16.62 12.604 8.735 6.244 22.662 15.306 10.819 8.179 6.193 7.276 7.426 6.986 6.033 4.679 9.286 12.313 8.984 3.553 2.178 1.264 5.468
14.680926 9.596 14.811 22.334 24.121 18.295 14.165 11.806 23.125 17.673 13.657 9.788 7.297 23.715 16.359 11.872 9.232 7.246 8.329 8.479 8.039 7.086 5.732 10.339 13.366 10.037 4.605 3.231 2.317 6.521
15.124941 10.713 15.929 23.451 25.239 19.413 15.283 12.924 24.242 18.791 14.775 10.905 8.415 24.832 17.477 12.989 10.35 8.364 9.447 9.596 9.156 8.204 6.849 11.456 14.484 11.155 5.723 4.349 3.435 7.638
15.582385 11.9 17.115 24.638 26.425 20.599 16.469 14.11 25.429 19.977 15.961 12.091 9.601 26.018 18.663 14.175 11.536 9.55 10.633 10.782 10.342 9.39 8.036 12.642 15.67 12.341 6.909 5.535 4.621 8.825
16.053663 13.159 18.374 25.897 27.684 21.858 17.728 15.369 26.688 21.236 17.22 13.35 10.86 27.277 19.922 15.434 12.795 10.809 11.892 12.041 11.601 10.649 9.295 13.901 16.929 13.6 8.168 6.794 5.88 10.084
16.539195 14.495 19.711 27.233 29.02 23.194 19.064 16.705 28.024 22.572 18.556 14.687 12.196 28.614 21.258 16.771 14.131 12.145 13.228 13.378 12.938 11.985 10.631 15.238 18.265 14.936 9.505 8.13 7.216 11.42
17.039412 15.913 21.129 28.651 30.438 24.612 20.483 18.124 29.442 23.991 19.975 16.105 13.615 30.032 22.677 18.189 15.55 13.563 14.647 14.796 14.356 13.403 12.049 16.656 19.684 16.355 10.923 9.549 8.634 12.838
17.554757 17.419 22.634 30.157 31.944 26.118 21.988 19.629 30.948 25.496 21.48 17.611 15.12 31.538 24.182 19.695 17.055 15.069 16.152 16.302 15.862 14.909 13.555 18.161 21.189 17.86 12.428 11.054 10.14 14.344
18.085689 19.017 24.232 31.755 33.542 27.716 23.586 21.227 32.546 27.094 23.078 19.209 16.718 33.135 25.78 21.292 18.653 16.667 17.75 17.9 17.46 16.507 15.153 19.759 22.787 19.458 14.026 12.652 11.738 15.942
18.632678 20.713 25.928 33.451 35.238 29.412 25.282 22.923 34.242 28.79 24.774 20.905 18.414 34.831 27.476 22.988 20.349 18.363 19.446 19.596 19.156 18.203 16.849 21.455 24.483 21.154 15.722 14.348 13.434 17.638
19.196211 22.513 27.729 35.251 37.038 31.212 27.082 24.723 36.042 30.59 26.574 22.705 20.214 36.632 29.276 24.789 22.149 20.163 21.246 21.396 20.956 20.003 18.649 23.256 26.283 22.954 17.522 16.148 15.234 19.438
19.776787 24.424 29.639 37.162 38.949 33.123 28.993 26.634 37.953 32.501 28.485 24.615 22.125 38.542 31.187 26.699 24.06 22.074 23.157 23.306 22.866 21.914 20.56 25.166 28.194 24.865 19.433 18.059 17.145 21.349
20.374923 26.452 31.667 39.19 40.977 35.151 31.021 28.662 39.981 34.529 30.513 26.643 24.153 40.57 33.215 28.727 26.088 24.102 25.185 25.335 24.894 23.942 22.588 27.194 30.222 26.893 21.461 20.087 19.173 23.377
20.991149 28.604 33.82 41.342 43.129 37.303 33.174 30.815 42.133 36.681 32.665 28.796 26.306 42.723 35.367 30.88 28.241 26.254 27.337 27.487 27.047 26.094 24.74 29.347 32.375 29.045 23.614 22.24 21.325 25.529
21.626011 30.889 36.105 43.627 45.414 39.588 35.458 33.099 44.418 38.966 34.95 31.081 28.59 45.008 37.652 33.165 30.525 28.539 29.622 29.772 29.332 28.379 27.025 31.632 34.659 31.33 25.899 24.524 23.61 27.814
22.280075 33.314 38.53 46.052 47.839 42.013 37.883 35.524 46.843 41.391 37.375 33.506 31.015 47.433 40.077 35.59 32.95 30.964 32.047 32.197 31.757 30.804 29.45 34.057 37.084 33.755 28.324 26.95 26.035 30.239
22.953921 35.888 41.104 48.626 50.413 44.587 40.457 38.098 49.417 43.965 39.949 36.08 33.589 50.007 42.651 38.164 35.524 33.538 34.621 34.771 34.331 33.378 32.024 36.631 39.658 36.329 30.897 29.523 28.609 32.813
23.648147 38.62 43.835 51.358 53.145 47.319 43.189 40.83 52.149 46.697 42.681 38.812 36.321 52.739 45.383 40.896 38.256 36.27 37.353 37.503 37.063 36.11 34.756 39.363 42.39 39.061 33.629 32.255 31.341 35.545
24.363369 41.52 46.735 54.258 56.045 50.219 46.089 43.73 55.049 49.597 45.581 41.711 39.221 55.638 48.283 43.795 41.156 39.17 40.253 40.402 39.962 39.01 37.656 42.262 45.29 41.961 36.529 35.155 34.241 38.445
25.100222 44.597 49.813 57.335 59.123 53.297 49.167 46.808 58.126 52.675 48.659 44.789 42.299 58.716 51.361 46.873 44.234 42.248 43.331 43.48 43.04 42.088 40.733 45.34 48.368 45.039 39.607 38.233 37.319 41.522
25.859362 47.864 53.08 60.602 62.389 56.563 52.434 50.075 61.393 55.941 51.925 48.056 45.566 61.983 54.627 50.14 47.501 45.514 46.597 46.747 46.307 45.354 44.0 48.607 51.634 48.305 42.874 41.5 40.585 44.789
26.64146 51.331 56.547 64.069 65.857 60.031 55.901 53.542 64.861 59.409 55.393 51.523 49.033 65.45 58.095 53.607 50.968 48.982 50.065 50.214 49.774 48.822 47.468 52.074 55.102 51.773 46.341 44.967 44.053 48.257
27.447213 55.012 60.227 67.75 69.537 63.711 59.581 57.222 68.541 63.089 59.073 55.204 52.713 69.131 61.775 57.288 54.648 52.662 53.745 53.895 53.455 52.502 51.148 55.754 58.782 55.453 50.021 48.647 47.733 51.937
28.277335 58.918 64.134 71.656 73.443 67.617 63.487 61.129 72.447 66.995 62.979 59.11 56.619 73.037 65.681 61.194 58.554 56.568 57.651 57.801 57.361 56.408 55.054 59.661 62.688 59.359 53.928 52.554 51.639 55.843
29.132564 63.064 68.28 75.802 77.589 71.763 67.634 65.275 76.593 71.141 67.125 63.256 60.766 77.183 69.827 65.34 62.701 60.714 61.797 61.947 61.507 60.554 59.2 63.807 66.834 63.505 58.074 56.7 55.785 59.989
30.013659 67.465 72.68 80.203 81.99 76.164 72.034 69.675 80.994 75.542 71.526 67.657 65.166 81.584 74.228 69.741 67.101 65.115 66.198 66.348 65.908 64.955 63.601 68.207 71.235 67.906 62.474 61.1 60.186 64.39
30.921401 72.136 77.351 84.874 86.661 80.835 76.705 74.346 85.665 80.213 76.197 72.328 69.837 86.254 78.899 74.412 71.772 69.786 70.869 71.019 70.579 69.626 68.272 72.878 75.906 72.577 67.145 65.771 64.857 69.061
31.856598 77.093 82.309 89.831 91.619 85.793 81.663 79.304 90.622 85.171 81.155 77.285 74.795 91.212 83.857 79.369 76.73 74.744 75.827 75.976 75.536 74.584 73.229 77.836 80.864 77.535 72.103 70.729 69.815 74.019
32.820079 82.356 87.571 95.094 96.881 91.055 86.925 84.566 95.885 90.433 86.417 82.547 80.057 96.474 89.119 84.631 81.992 80.006 81.089 81.238 80.798 79.846 78.492 83.098 86.126 82.797 77.365 75.991 75.077 79.281
33.8127 87.941 93.156 100.679 102.466 96.64 92.51 90.151 101.47 96.018 92.002 88.133 85.642 102.06 94.704 90.217 87.577 85.591 86.674 86.824 86.384 85.431 84.077 88.684 91.711 88.382 82.95 81.576 80.662 84.866
34.835342 93.869 99.085 106.607 108.394 102.568 98.438 96.08 107.398 101.946 97.93 94.061 91.57 107.988 100.632 96.145 93.506 91.519 92.602 92.752 92.312 91.359 90.005 94.612 97.639 94.31 88.879 87.505 86.59 90.794
35.888913 100.161 105.377 112.899 114.686 108.86 104.731 102.372 113.69 108.239 104.222 100.353 97.863 114.28 106.924 102.437 99.798 97.811 98.894 99.044 98.604 97.651 96.297 100.904 103.932 100.603 95.171 93.797 92.882 97.086
36.974349 106.84 112.055 119.578 121.365 115.539 111.409 109.05 120.369 114.917 110.901 107.032 104.541 120.959 113.603 109.116 106.476 104.49 105.573 105.723 105.283 104.33 102.976 107.583 110.61 107.281 101.849 100.475 99.561 103.765
38.092613 113.929 119.144 126.666 128.454 122.628 118.498 116.139 127.458 122.006 117.99 114.12 111.63 128.047 120.692 116.204 113.565 111.579 112.662 112.811 112.371 111.419 110.065 114.671 117.699 114.37 108.938 107.564 106.65 110.854
39.244698 121.452 126.668 134.19 135.978 130.152 126.022 123.663 134.981 129.53 125.514 121.644 119.154 135.571 128.216 123.728 121.089 119.103 120.186 120.335 119.895 118.943 117.588 122.195 125.223 121.894 116.462 115.088 114.174 118.378
40.431627 129.438 134.654 142.176 143.964 138.138 134.008 131.649 142.967 137.516 133.5 129.63 127.14 143.557 136.202 131.714 129.075 127.089 128.172 128.321 127.881 126.929 125.574 130.181 133.209 129.88 124.448 123.074 122.16 126.363
41.654454 137.915 143.13 150.653 152.44 146.614 142.484 140.125 151.444 145.992 141.976 138.106 135.616 152.033 144.678 140.19 137.551 135.565 136.648 136.798 136.358 135.405 134.051 138.657 141.685 138.356 132.924 131.55 130.636 134.84
42.914265 146.911 152.127 159.649 161.437 155.611 151.481 149.122 160.44 154.989 150.973 147.103 144.613 161.03 153.675 149.187 146.548 144.562 145.645 145.794 145.354 144.402 143.047 147.654 150.682 147.353 141.921 140.547 139.633 143.837
44.212178 156.461 161.676 169.199 170.986 165.16 161.03 158.671 169.99 164.538 160.522 156.652 154.162 170.579 163.224 158.736 156.097 154.111 155.194 155.344 154.904 153.951 152.597 157.203 160.231 156.902 151.47 150.096 149.182 153.386
45.549345 166.596 171.812 179.334 181.121 175.295 171.166 168.807 180.125 174.673 170.657 166.788 164.298 180.715 173.359 168.872 166.233 164.246 165.329 165.479 165.039 164.086 162.732 167.339 170.367 167.037 161.606 160.232 159.317 163.521
46.926954 177.354 182.57 190.092 191.879 186.053 181.924 179.565 190.883 185.431 181.415 177.546 175.056 191.473 184.117 179.63 176.991 175.004 176.087 176.237 175.797 174.844 173.49 178.097 181.124 177.795 172.364 170.99 170.075 174.279
