web/models/kne.last_good/kappa_0.5_3.0.v1/5/villar_0.1173_0.3747_3.0000.dat
# %ECSV 1.0
# ---
# datatype:
# - {name: time, datatype: float64}
# - {name: swift_uvot_uvw2, datatype: float64}
# - {name: swift_uvot_uvm2, datatype: float64}
# - {name: swift_uvot_uvw1, datatype: float64}
# - {name: swift_uvot_U, datatype: float64}
# - {name: swift_uvot_B, datatype: float64}
# - {name: swift_uvot_V, datatype: float64}
# - {name: swift_uvot_W, datatype: float64}
# - {name: johnson_U, datatype: float64}
# - {name: johnson_B, datatype: float64}
# - {name: johnson_V, datatype: float64}
# - {name: johnson_R, datatype: float64}
# - {name: johnson_I, datatype: float64}
# - {name: sdss_u, datatype: float64}
# - {name: sdss_g, datatype: float64}
# - {name: sdss_r, datatype: float64}
# - {name: sdss_i, datatype: float64}
# - {name: sdss_z, datatype: float64}
# - {name: PS1_g, datatype: float64}
# - {name: PS1_r, datatype: float64}
# - {name: PS1_i, datatype: float64}
# - {name: PS1_z, datatype: float64}
# - {name: PS1_Y, datatype: float64}
# - {name: PS1_w, datatype: float64}
# - {name: ATLAS_c, datatype: float64}
# - {name: ATLAS_o, datatype: float64}
# - {name: ukirt_J, datatype: float64}
# - {name: ukirt_H, datatype: float64}
# - {name: ukirt_K, datatype: float64}
# - {name: Clear, datatype: float64}
# meta: !!omap
# - comment: [kappa = 3.0, type = villar, mass = 0.11727632184323686, velocity = 0.3746666666666667, theta_obs = 0.0]
# schema: astropy-2.0
time swift_uvot_uvw2 swift_uvot_uvm2 swift_uvot_uvw1 swift_uvot_U swift_uvot_B swift_uvot_V swift_uvot_W johnson_U johnson_B johnson_V johnson_R johnson_I sdss_u sdss_g sdss_r sdss_i sdss_z PS1_g PS1_r PS1_i PS1_z PS1_Y PS1_w ATLAS_c ATLAS_o ukirt_J ukirt_H ukirt_K Clear
[from data line 213]
0.570517 -11.83 -12.158 -13.076 -14.339 -14.979 -15.35 -14.102 -14.461 -14.985 -15.356 -15.504 -15.513 -14.432 -15.127 -15.465 -15.537 -15.509 -15.194 -15.475 -15.547 -15.536 -15.53 -15.41 -15.294 -15.499 -15.277 -14.967 -14.528 -15.372
0.587772 -11.797 -12.115 -13.051 -14.332 -14.986 -15.368 -14.104 -14.456 -14.992 -15.374 -15.531 -15.546 -14.426 -15.138 -15.488 -15.566 -15.543 -15.207 -15.498 -15.576 -15.569 -15.565 -15.432 -15.311 -15.524 -15.317 -15.01 -14.575 -15.394
0.605549 -11.764 -12.071 -13.025 -14.324 -14.992 -15.385 -14.105 -14.45 -14.999 -15.391 -15.556 -15.578 -14.42 -15.148 -15.51 -15.595 -15.577 -15.219 -15.52 -15.605 -15.602 -15.6 -15.454 -15.327 -15.55 -15.357 -15.054 -14.621 -15.416
0.623863 -11.73 -12.026 -12.999 -14.315 -14.997 -15.401 -14.106 -14.444 -15.004 -15.408 -15.582 -15.611 -14.413 -15.158 -15.532 -15.623 -15.61 -15.231 -15.542 -15.634 -15.634 -15.635 -15.476 -15.342 -15.575 -15.397 -15.098 -14.668 -15.437
0.642731 -11.696 -11.979 -12.971 -14.305 -15.002 -15.417 -14.106 -14.436 -15.009 -15.424 -15.607 -15.643 -14.404 -15.166 -15.553 -15.651 -15.643 -15.242 -15.564 -15.662 -15.666 -15.67 -15.497 -15.357 -15.599 -15.437 -15.141 -14.714 -15.458
0.66217 -11.661 -11.931 -12.942 -14.294 -15.006 -15.432 -14.106 -14.428 -15.013 -15.44 -15.631 -15.674 -14.395 -15.175 -15.574 -15.678 -15.675 -15.252 -15.585 -15.69 -15.698 -15.704 -15.518 -15.371 -15.623 -15.476 -15.184 -14.76 -15.478
0.682197 -11.626 -11.881 -12.912 -14.281 -15.009 -15.447 -14.105 -14.419 -15.017 -15.455 -15.655 -15.705 -14.385 -15.182 -15.594 -15.706 -15.707 -15.261 -15.605 -15.717 -15.729 -15.738 -15.538 -15.385 -15.646 -15.515 -15.227 -14.806 -15.498
0.70283 -11.591 -11.83 -12.881 -14.268 -15.011 -15.461 -14.104 -14.408 -15.019 -15.469 -15.678 -15.736 -14.373 -15.189 -15.614 -15.732 -15.739 -15.27 -15.625 -15.744 -15.76 -15.771 -15.558 -15.398 -15.669 -15.554 -15.27 -14.852 -15.517
0.724086 -11.555 -11.777 -12.848 -14.254 -15.012 -15.474 -14.101 -14.397 -15.021 -15.483 -15.701 -15.767 -14.361 -15.195 -15.633 -15.758 -15.771 -15.278 -15.644 -15.77 -15.791 -15.804 -15.577 -15.41 -15.691 -15.593 -15.313 -14.897 -15.536
0.745986 -11.52 -11.723 -12.815 -14.239 -15.013 -15.487 -14.099 -14.384 -15.022 -15.496 -15.724 -15.797 -14.347 -15.2 -15.651 -15.784 -15.801 -15.285 -15.663 -15.796 -15.821 -15.837 -15.595 -15.422 -15.713 -15.631 -15.355 -14.943 -15.554
0.768548 -11.484 -11.667 -12.78 -14.222 -15.012 -15.498 -14.095 -14.37 -15.021 -15.508 -15.746 -15.826 -14.333 -15.204 -15.669 -15.809 -15.832 -15.291 -15.68 -15.821 -15.851 -15.87 -15.613 -15.433 -15.734 -15.67 -15.397 -14.988 -15.572
0.791792 -11.448 -11.609 -12.745 -14.205 -15.011 -15.509 -14.091 -14.356 -15.02 -15.519 -15.767 -15.855 -14.317 -15.207 -15.686 -15.833 -15.862 -15.297 -15.698 -15.846 -15.88 -15.902 -15.63 -15.443 -15.755 -15.707 -15.439 -15.033 -15.589
0.815739 -11.412 -11.55 -12.708 -14.186 -15.008 -15.52 -14.086 -14.34 -15.018 -15.53 -15.787 -15.884 -14.3 -15.21 -15.702 -15.858 -15.892 -15.301 -15.714 -15.87 -15.909 -15.933 -15.647 -15.452 -15.775 -15.745 -15.481 -15.078 -15.605
0.840411 -11.376 -11.489 -12.669 -14.166 -15.005 -15.529 -14.08 -14.323 -15.016 -15.54 -15.808 -15.912 -14.282 -15.211 -15.718 -15.881 -15.921 -15.305 -15.73 -15.894 -15.937 -15.964 -15.663 -15.461 -15.795 -15.782 -15.522 -15.123 -15.621
0.865828 -11.341 -11.426 -12.63 -14.145 -15.0 -15.538 -14.074 -14.304 -15.012 -15.549 -15.827 -15.94 -14.262 -15.212 -15.733 -15.904 -15.949 -15.308 -15.746 -15.917 -15.965 -15.995 -15.679 -15.469 -15.813 -15.819 -15.563 -15.168 -15.637
0.892015 -11.305 -11.362 -12.589 -14.122 -14.995 -15.546 -14.067 -14.285 -15.007 -15.558 -15.846 -15.967 -14.242 -15.212 -15.747 -15.926 -15.978 -15.311 -15.76 -15.94 -15.992 -16.026 -15.694 -15.476 -15.832 -15.855 -15.604 -15.212 -15.652
0.918993 -11.27 -11.295 -12.547 -14.098 -14.989 -15.553 -14.059 -14.264 -15.001 -15.565 -15.864 -15.994 -14.22 -15.211 -15.761 -15.948 -16.005 -15.312 -15.774 -15.962 -16.019 -16.056 -15.708 -15.482 -15.849 -15.892 -15.645 -15.257 -15.666
0.946787 -11.235 -11.227 -12.503 -14.073 -14.981 -15.559 -14.051 -14.242 -14.994 -15.572 -15.882 -16.02 -14.196 -15.209 -15.773 -15.969 -16.033 -15.312 -15.787 -15.983 -16.045 -16.085 -15.721 -15.488 -15.866 -15.928 -15.685 -15.301 -15.679
0.975422 -11.2 -11.156 -12.458 -14.046 -14.972 -15.564 -14.041 -14.219 -14.986 -15.578 -15.898 -16.046 -14.172 -15.206 -15.786 -15.99 -16.059 -15.312 -15.8 -16.004 -16.071 -16.114 -15.734 -15.492 -15.882 -15.963 -15.726 -15.345 -15.692
1.004923 -11.166 -11.084 -12.412 -14.018 -14.963 -15.568 -14.031 -14.194 -14.977 -15.583 -15.915 -16.071 -14.146 -15.201 -15.797 -16.01 -16.086 -15.31 -15.811 -16.024 -16.097 -16.143 -15.746 -15.496 -15.898 -15.998 -15.765 -15.388 -15.705
1.035317 -11.133 -11.009 -12.364 -13.989 -14.952 -15.572 -14.02 -14.168 -14.966 -15.586 -15.93 -16.095 -14.118 -15.196 -15.807 -16.029 -16.111 -15.308 -15.822 -16.043 -16.121 -16.171 -15.758 -15.499 -15.913 -16.033 -15.805 -15.432 -15.716
1.066629 -11.1 -10.933 -12.315 -13.958 -14.94 -15.574 -14.008 -14.14 -14.955 -15.59 -15.945 -16.119 -14.089 -15.19 -15.817 -16.047 -16.136 -15.304 -15.832 -16.062 -16.145 -16.198 -15.768 -15.5 -15.927 -16.067 -15.844 -15.475 -15.727
1.098888 -11.068 -10.854 -12.264 -13.926 -14.926 -15.575 -13.995 -14.111 -14.942 -15.592 -15.959 -16.143 -14.059 -15.182 -15.826 -16.065 -16.161 -15.299 -15.841 -16.08 -16.169 -16.225 -15.778 -15.501 -15.94 -16.101 -15.883 -15.518 -15.738
1.132124 -11.037 -10.773 -12.212 -13.891 -14.912 -15.576 -13.981 -14.08 -14.928 -15.593 -15.972 -16.166 -14.027 -15.174 -15.833 -16.082 -16.185 -15.294 -15.85 -16.098 -16.192 -16.252 -15.787 -15.501 -15.952 -16.135 -15.922 -15.561 -15.747
1.166364 -11.007 -10.69 -12.158 -13.856 -14.896 -15.575 -13.967 -14.048 -14.913 -15.593 -15.984 -16.188 -13.993 -15.164 -15.84 -16.099 -16.208 -15.287 -15.857 -16.114 -16.214 -16.278 -15.795 -15.5 -15.964 -16.168 -15.96 -15.603 -15.756
1.20164 -10.978 -10.605 -12.103 -13.818 -14.879 -15.573 -13.951 -14.014 -14.896 -15.592 -15.996 -16.209 -13.958 -15.153 -15.846 -16.114 -16.231 -15.279 -15.863 -16.13 -16.236 -16.303 -15.803 -15.498 -15.975 -16.201 -15.999 -15.646 -15.764
1.237983 -10.95 -10.517 -12.046 -13.779 -14.86 -15.57 -13.934 -13.979 -14.878 -15.589 -16.007 -16.23 -13.921 -15.141 -15.851 -16.129 -16.253 -15.27 -15.869 -16.145 -16.257 -16.328 -15.809 -15.495 -15.985 -16.233 -16.036 -15.688 -15.771
1.275425 -10.923 -10.426 -11.987 -13.738 -14.84 -15.566 -13.917 -13.942 -14.859 -15.586 -16.017 -16.25 -13.882 -15.127 -15.855 -16.143 -16.274 -15.259 -15.873 -16.16 -16.277 -16.352 -15.815 -15.49 -15.994 -16.265 -16.074 -15.729 -15.778
1.313999 -10.897 -10.334 -11.927 -13.696 -14.818 -15.561 -13.898 -13.903 -14.838 -15.582 -16.025 -16.27 -13.841 -15.112 -15.858 -16.156 -16.295 -15.248 -15.877 -16.173 -16.296 -16.376 -15.819 -15.485 -16.002 -16.296 -16.111 -15.771 -15.783
1.35374 -10.873 -10.238 -11.864 -13.651 -14.795 -15.555 -13.878 -13.862 -14.816 -15.576 -16.033 -16.288 -13.799 -15.096 -15.86 -16.168 -16.315 -15.235 -15.879 -16.186 -16.315 -16.398 -15.823 -15.478 -16.009 -16.327 -16.147 -15.812 -15.788
1.394683 -10.85 -10.14 -11.8 -13.605 -14.77 -15.547 -13.857 -13.819 -14.792 -15.569 -16.04 -16.306 -13.755 -15.078 -15.861 -16.179 -16.334 -15.221 -15.881 -16.198 -16.333 -16.421 -15.826 -15.47 -16.015 -16.357 -16.183 -15.853 -15.792
1.436864 -10.829 -10.039 -11.735 -13.556 -14.744 -15.538 -13.835 -13.775 -14.766 -15.561 -16.046 -16.323 -13.708 -15.059 -15.861 -16.19 -16.352 -15.205 -15.881 -16.208 -16.351 -16.442 -15.828 -15.461 -16.02 -16.387 -16.219 -15.894 -15.795
1.480321 -10.808 -9.936 -11.667 -13.505 -14.716 -15.527 -13.811 -13.728 -14.739 -15.551 -16.051 -16.34 -13.66 -15.038 -15.859 -16.199 -16.37 -15.188 -15.88 -16.218 -16.367 -16.463 -15.828 -15.45 -16.025 -16.416 -16.254 -15.934 -15.797
1.525092 -10.79 -9.829 -11.597 -13.452 -14.687 -15.516 -13.786 -13.679 -14.71 -15.54 -16.055 -16.355 -13.609 -15.016 -15.856 -16.208 -16.386 -15.17 -15.878 -16.227 -16.382 -16.483 -15.828 -15.439 -16.028 -16.444 -16.289 -15.974 -15.798
1.571218 -10.772 -9.72 -11.526 -13.397 -14.655 -15.502 -13.76 -13.628 -14.68 -15.528 -16.058 -16.37 -13.556 -14.991 -15.852 -16.215 -16.402 -15.15 -15.874 -16.235 -16.397 -16.502 -15.826 -15.425 -16.029 -16.472 -16.324 -16.013 -15.798
1.618738 -10.756 -9.608 -11.452 -13.34 -14.622 -15.487 -13.733 -13.575 -14.648 -15.514 -16.06 -16.383 -13.501 -14.966 -15.847 -16.221 -16.417 -15.128 -15.87 -16.241 -16.411 -16.521 -15.824 -15.411 -16.03 -16.5 -16.358 -16.053 -15.798
1.667696 -10.742 -9.492 -11.377 -13.28 -14.586 -15.471 -13.704 -13.52 -14.613 -15.499 -16.06 -16.396 -13.444 -14.938 -15.84 -16.226 -16.431 -15.105 -15.864 -16.247 -16.424 -16.538 -15.82 -15.395 -16.03 -16.526 -16.391 -16.092 -15.796
1.718134 -10.729 -9.374 -11.299 -13.218 -14.549 -15.453 -13.674 -13.462 -14.577 -15.482 -16.059 -16.408 -13.384 -14.909 -15.832 -16.23 -16.444 -15.081 -15.856 -16.251 -16.435 -16.555 -15.815 -15.377 -16.028 -16.552 -16.424 -16.13 -15.793
1.770098 -10.717 -9.252 -11.219 -13.153 -14.51 -15.433 -13.642 -13.402 -14.539 -15.463 -16.057 -16.418 -13.321 -14.878 -15.822 -16.233 -16.456 -15.054 -15.847 -16.255 -16.446 -16.571 -15.808 -15.357 -16.025 -16.577 -16.457 -16.168 -15.789
1.823633 -10.707 -9.127 -11.137 -13.085 -14.468 -15.411 -13.609 -13.339 -14.498 -15.442 -16.054 -16.428 -13.256 -14.845 -15.811 -16.234 -16.467 -15.026 -15.837 -16.257 -16.456 -16.586 -15.8 -15.336 -16.02 -16.602 -16.489 -16.206 -15.783
1.878788 -10.697 -8.999 -11.052 -13.015 -14.424 -15.388 -13.574 -13.273 -14.456 -15.42 -16.049 -16.437 -13.188 -14.809 -15.798 -16.235 -16.477 -14.996 -15.825 -16.257 -16.464 -16.6 -15.791 -15.314 -16.015 -16.626 -16.52 -16.243 -15.777
1.93561 -10.69 -8.867 -10.965 -12.942 -14.378 -15.363 -13.538 -13.204 -14.411 -15.396 -16.043 -16.444 -13.118 -14.772 -15.783 -16.233 -16.486 -14.964 -15.812 -16.257 -16.472 -16.612 -15.78 -15.289 -16.007 -16.649 -16.551 -16.28 -15.769
1.994152 -10.683 -8.732 -10.876 -12.866 -14.33 -15.336 -13.499 -13.133 -14.364 -15.37 -16.035 -16.45 -13.044 -14.732 -15.767 -16.231 -16.493 -14.93 -15.796 -16.255 -16.478 -16.624 -15.768 -15.263 -15.998 -16.671 -16.581 -16.316 -15.76
2.054463 -10.677 -8.594 -10.784 -12.786 -14.279 -15.306 -13.459 -13.059 -14.314 -15.342 -16.026 -16.455 -12.967 -14.69 -15.749 -16.226 -16.5 -14.894 -15.779 -16.251 -16.483 -16.635 -15.754 -15.234 -15.988 -16.692 -16.61 -16.352 -15.75
2.116599 -10.672 -8.452 -10.689 -12.703 -14.225 -15.275 -13.417 -12.981 -14.262 -15.312 -16.015 -16.459 -12.887 -14.646 -15.729 -16.221 -16.505 -14.856 -15.761 -16.246 -16.486 -16.644 -15.739 -15.204 -15.976 -16.713 -16.639 -16.387 -15.738
2.180614 -10.668 -8.308 -10.592 -12.617 -14.168 -15.241 -13.373 -12.9 -14.207 -15.279 -16.002 -16.461 -12.803 -14.599 -15.707 -16.213 -16.508 -14.816 -15.74 -16.24 -16.488 -16.653 -15.722 -15.171 -15.962 -16.732 -16.667 -16.422 -15.725
2.246566 -10.664 -8.16 -10.491 -12.527 -14.109 -15.205 -13.327 -12.816 -14.149 -15.245 -15.988 -16.462 -12.716 -14.55 -15.683 -16.204 -16.511 -14.773 -15.717 -16.231 -16.489 -16.66 -15.703 -15.136 -15.946 -16.751 -16.694 -16.456 -15.71
2.314511 -10.662 -8.008 -10.388 -12.434 -14.046 -15.166 -13.279 -12.728 -14.088 -15.208 -15.971 -16.461 -12.625 -14.497 -15.657 -16.194 -16.511 -14.729 -15.692 -16.221 -16.488 -16.665 -15.682 -15.099 -15.929 -16.768 -16.721 -16.49 -15.694
2.384512 -10.659 -7.855 -10.282 -12.337 -13.981 -15.125 -13.228 -12.636 -14.024 -15.168 -15.953 -16.459 -12.531 -14.442 -15.629 -16.181 -16.511 -14.681 -15.665 -16.209 -16.486 -16.67 -15.659 -15.059 -15.909 -16.784 -16.746 -16.523 -15.676
2.45663 -10.657 -7.698 -10.173 -12.235 -13.912 -15.081 -13.175 -12.54 -13.957 -15.126 -15.932 -16.455 -12.432 -14.384 -15.598 -16.166 -16.508 -14.632 -15.636 -16.195 -16.482 -16.672 -15.634 -15.017 -15.887 -16.799 -16.771 -16.555 -15.657
2.530929 -10.656 -7.54 -10.06 -12.129 -13.84 -15.034 -13.12 -12.44 -13.886 -15.081 -15.91 -16.449 -12.329 -14.323 -15.564 -16.15 -16.504 -14.579 -15.605 -16.18 -16.476 -16.674 -15.607 -14.972 -15.864 -16.813 -16.795 -16.587 -15.636
2.607475 -10.654 -7.38 -9.944 -12.019 -13.764 -14.984 -13.062 -12.336 -13.812 -15.032 -15.885 -16.441 -12.221 -14.258 -15.529 -16.131 -16.498 -14.524 -15.57 -16.162 -16.468 -16.673 -15.578 -14.924 -15.837 -16.826 -16.818 -16.618 -15.613
2.686337 -10.653 -7.219 -9.825 -11.904 -13.684 -14.931 -13.001 -12.227 -13.734 -14.981 -15.858 -16.432 -12.109 -14.19 -15.49 -16.109 -16.49 -14.466 -15.534 -16.141 -16.458 -16.671 -15.546 -14.874 -15.809 -16.837 -16.84 -16.648 -15.588
2.767583 -10.651 -7.059 -9.702 -11.783 -13.6 -14.875 -12.938 -12.113 -13.653 -14.927 -15.828 -16.421 -11.992 -14.118 -15.448 -16.086 -16.48 -14.405 -15.494 -16.119 -16.447 -16.667 -15.512 -14.82 -15.778 -16.847 -16.86 -16.677 -15.561
2.851287 -10.65 -6.899 -9.575 -11.658 -13.511 -14.815 -12.871 -11.994 -13.567 -14.869 -15.796 -16.407 -11.869 -14.042 -15.404 -16.06 -16.469 -14.341 -15.452 -16.094 -16.433 -16.662 -15.475 -14.763 -15.744 -16.856 -16.88 -16.706 -15.532
2.937522 -10.647 -6.741 -9.444 -11.527 -13.419 -14.751 -12.801 -11.869 -13.477 -14.808 -15.761 -16.391 -11.741 -13.962 -15.356 -16.031 -16.454 -14.274 -15.406 -16.066 -16.417 -16.654 -15.435 -14.702 -15.707 -16.862 -16.899 -16.734 -15.501
3.026365 -10.645 -6.587 -9.308 -11.39 -13.321 -14.684 -12.728 -11.739 -13.382 -14.743 -15.723 -16.373 -11.607 -13.878 -15.304 -15.999 -16.438 -14.203 -15.357 -16.036 -16.398 -16.644 -15.393 -14.638 -15.668 -16.868 -16.916 -16.76 -15.468
3.117896 -10.642 -6.437 -9.169 -11.247 -13.219 -14.612 -12.652 -11.603 -13.282 -14.673 -15.681 -16.352 -11.467 -13.789 -15.249 -15.965 -16.419 -14.129 -15.305 -16.002 -16.377 -16.632 -15.347 -14.57 -15.625 -16.871 -16.932 -16.786 -15.432
3.212194 -10.638 -6.294 -9.024 -11.097 -13.111 -14.536 -12.571 -11.461 -13.177 -14.6 -15.637 -16.329 -11.32 -13.696 -15.191 -15.927 -16.397 -14.052 -15.249 -15.966 -16.353 -16.618 -15.298 -14.497 -15.579 -16.873 -16.946 -16.811 -15.394
3.309345 -10.633 -6.159 -8.875 -10.94 -12.998 -14.456 -12.487 -11.312 -13.067 -14.522 -15.589 -16.303 -11.167 -13.597 -15.128 -15.886 -16.373 -13.971 -15.19 -15.926 -16.326 -16.601 -15.245 -14.421 -15.529 -16.872 -16.959 -16.834 -15.353
3.409434 -10.627 -6.033 -8.72 -10.776 -12.878 -14.37 -12.399 -11.155 -12.95 -14.439 -15.537 -16.274 -11.006 -13.493 -15.061 -15.841 -16.345 -13.886 -15.126 -15.883 -16.297 -16.581 -15.189 -14.34 -15.476 -16.87 -16.97 -16.856 -15.309
3.51255 -10.62 -5.917 -8.56 -10.604 -12.753 -14.279 -12.306 -10.991 -12.828 -14.351 -15.482 -16.241 -10.837 -13.383 -14.989 -15.793 -16.315 -13.798 -15.058 -15.836 -16.264 -16.559 -15.129 -14.254 -15.418 -16.865 -16.98 -16.877 -15.263
3.618785 -10.612 -5.812 -8.395 -10.424 -12.62 -14.183 -12.209 -10.819 -12.699 -14.258 -15.422 -16.206 -10.66 -13.267 -14.913 -15.74 -16.281 -13.706 -14.986 -15.785 -16.227 -16.533 -15.065 -14.163 -15.357 -16.858 -16.988 -16.897 -15.214
3.728232 -10.602 -5.718 -8.223 -10.235 -12.481 -14.081 -12.107 -10.639 -12.564 -14.159 -15.358 -16.166 -10.475 -13.144 -14.831 -15.684 -16.243 -13.609 -14.909 -15.731 -16.187 -16.505 -14.996 -14.066 -15.29 -16.848 -16.994 -16.915 -15.162
3.84099 -10.591 -5.636 -8.044 -10.036 -12.334 -13.972 -12.0 -10.449 -12.42 -14.054 -15.289 -16.123 -10.28 -13.014 -14.744 -15.622 -16.202 -13.509 -14.827 -15.671 -16.143 -16.473 -14.922 -13.964 -15.219 -16.836 -16.998 -16.932 -15.106
3.957158 -10.578 -5.563 -7.859 -9.827 -12.178 -13.857 -11.888 -10.25 -12.27 -13.942 -15.215 -16.076 -10.074 -12.877 -14.651 -15.556 -16.156 -13.405 -14.74 -15.607 -16.095 -16.437 -14.844 -13.855 -15.143 -16.82 -16.999 -16.947 -15.048
