web/models/kne.last_good/kappa_0.5_3.0.v1/5/villar_0.3304_0.0300_0.5000.dat
# %ECSV 1.0
# ---
# datatype:
# - {name: time, datatype: float64}
# - {name: swift_uvot_uvw2, datatype: float64}
# - {name: swift_uvot_uvm2, datatype: float64}
# - {name: swift_uvot_uvw1, datatype: float64}
# - {name: swift_uvot_U, datatype: float64}
# - {name: swift_uvot_B, datatype: float64}
# - {name: swift_uvot_V, datatype: float64}
# - {name: swift_uvot_W, datatype: float64}
# - {name: johnson_U, datatype: float64}
# - {name: johnson_B, datatype: float64}
# - {name: johnson_V, datatype: float64}
# - {name: johnson_R, datatype: float64}
# - {name: johnson_I, datatype: float64}
# - {name: sdss_u, datatype: float64}
# - {name: sdss_g, datatype: float64}
# - {name: sdss_r, datatype: float64}
# - {name: sdss_i, datatype: float64}
# - {name: sdss_z, datatype: float64}
# - {name: PS1_g, datatype: float64}
# - {name: PS1_r, datatype: float64}
# - {name: PS1_i, datatype: float64}
# - {name: PS1_z, datatype: float64}
# - {name: PS1_Y, datatype: float64}
# - {name: PS1_w, datatype: float64}
# - {name: ATLAS_c, datatype: float64}
# - {name: ATLAS_o, datatype: float64}
# - {name: ukirt_J, datatype: float64}
# - {name: ukirt_H, datatype: float64}
# - {name: ukirt_K, datatype: float64}
# - {name: Clear, datatype: float64}
# meta: !!omap
# - comment: [kappa = 0.5, type = villar, mass = 0.33039895931513485, velocity = 0.030000000000000027, theta_obs = 0.0]
# schema: astropy-2.0
time swift_uvot_uvw2 swift_uvot_uvm2 swift_uvot_uvw1 swift_uvot_U swift_uvot_B swift_uvot_V swift_uvot_W johnson_U johnson_B johnson_V johnson_R johnson_I sdss_u sdss_g sdss_r sdss_i sdss_z PS1_g PS1_r PS1_i PS1_z PS1_Y PS1_w ATLAS_c ATLAS_o ukirt_J ukirt_H ukirt_K Clear
[from data line 152]
0.092665 -12.154 -11.881 -11.725 -11.258 -10.88 -10.481 -11.57 -11.201 -10.876 -10.47 -10.069 -9.605 -11.211 -10.753 -10.247 -9.88 -9.537 -10.76 -10.322 -9.98 -9.794 -9.916 -10.317 -10.556 -10.098 -8.855 -8.304 -7.669 -10.402
0.095467 -12.196 -11.926 -11.771 -11.306 -10.93 -10.532 -11.616 -11.25 -10.926 -10.521 -10.12 -9.658 -11.26 -10.803 -10.299 -9.932 -9.589 -10.81 -10.372 -10.031 -9.844 -9.962 -10.368 -10.606 -10.149 -8.908 -8.357 -7.722 -10.452
0.098355 -12.237 -11.97 -11.817 -11.355 -10.98 -10.583 -11.662 -11.299 -10.976 -10.572 -10.172 -9.71 -11.309 -10.853 -10.35 -9.984 -9.642 -10.859 -10.422 -10.081 -9.893 -10.008 -10.419 -10.657 -10.201 -8.961 -8.41 -7.776 -10.503
0.101329 -12.278 -12.015 -11.863 -11.404 -11.03 -10.634 -11.707 -11.348 -11.026 -10.623 -10.223 -9.762 -11.358 -10.903 -10.401 -10.036 -9.694 -10.909 -10.472 -10.131 -9.943 -10.054 -10.47 -10.708 -10.252 -9.014 -8.464 -7.829 -10.554
0.104394 -12.319 -12.06 -11.908 -11.452 -11.08 -10.685 -11.753 -11.396 -11.076 -10.674 -10.275 -9.814 -11.407 -10.954 -10.453 -10.088 -9.746 -10.958 -10.522 -10.182 -9.992 -10.1 -10.521 -10.758 -10.304 -9.067 -8.517 -7.883 -10.605
0.107551 -12.36 -12.104 -11.954 -11.501 -11.13 -10.736 -11.798 -11.445 -11.126 -10.725 -10.326 -9.866 -11.455 -11.004 -10.504 -10.14 -9.798 -11.008 -10.573 -10.232 -10.041 -10.146 -10.572 -10.809 -10.355 -9.12 -8.57 -7.936 -10.655
0.110804 -12.4 -12.148 -11.999 -11.549 -11.179 -10.786 -11.844 -11.494 -11.175 -10.775 -10.378 -9.919 -11.504 -11.054 -10.555 -10.191 -9.851 -11.057 -10.623 -10.282 -10.091 -10.192 -10.623 -10.859 -10.407 -9.172 -8.623 -7.99 -10.706
0.114155 -12.441 -12.192 -12.045 -11.597 -11.229 -10.837 -11.889 -11.542 -11.225 -10.826 -10.429 -9.971 -11.552 -11.104 -10.606 -10.243 -9.903 -11.106 -10.673 -10.332 -10.14 -10.239 -10.674 -10.91 -10.458 -9.225 -8.676 -8.043 -10.756
0.117608 -12.482 -12.236 -12.09 -11.645 -11.278 -10.888 -11.934 -11.591 -11.275 -10.877 -10.481 -10.023 -11.601 -11.154 -10.657 -10.295 -9.955 -11.156 -10.723 -10.383 -10.19 -10.285 -10.724 -10.96 -10.509 -9.278 -8.73 -8.097 -10.807
0.121165 -12.522 -12.28 -12.135 -11.694 -11.328 -10.938 -11.979 -11.639 -11.324 -10.927 -10.532 -10.075 -11.649 -11.204 -10.708 -10.346 -10.007 -11.205 -10.773 -10.433 -10.239 -10.331 -10.775 -11.011 -10.561 -9.331 -8.783 -8.15 -10.857
0.124829 -12.562 -12.324 -12.18 -11.742 -11.377 -10.989 -12.024 -11.687 -11.374 -10.978 -10.583 -10.127 -11.697 -11.253 -10.759 -10.398 -10.059 -11.254 -10.823 -10.483 -10.288 -10.377 -10.826 -11.061 -10.612 -9.384 -8.836 -8.204 -10.908
0.128605 -12.602 -12.368 -12.225 -11.79 -11.427 -11.039 -12.069 -11.736 -11.423 -11.029 -10.635 -10.179 -11.746 -11.303 -10.81 -10.45 -10.111 -11.303 -10.873 -10.533 -10.338 -10.423 -10.876 -11.111 -10.663 -9.436 -8.889 -8.257 -10.958
0.132494 -12.642 -12.411 -12.269 -11.838 -11.476 -11.09 -12.114 -11.784 -11.472 -11.079 -10.686 -10.231 -11.794 -11.353 -10.861 -10.501 -10.163 -11.352 -10.923 -10.583 -10.387 -10.469 -10.927 -11.161 -10.714 -9.489 -8.942 -8.311 -11.008
0.136502 -12.682 -12.455 -12.314 -11.885 -11.526 -11.14 -12.158 -11.832 -11.522 -11.129 -10.737 -10.283 -11.842 -11.403 -10.912 -10.553 -10.215 -11.401 -10.973 -10.634 -10.437 -10.516 -10.978 -11.211 -10.765 -9.542 -8.995 -8.364 -11.059
0.14063 -12.722 -12.498 -12.359 -11.933 -11.575 -11.19 -12.203 -11.88 -11.571 -11.18 -10.788 -10.334 -11.89 -11.452 -10.963 -10.604 -10.267 -11.45 -11.023 -10.684 -10.486 -10.562 -11.028 -11.262 -10.816 -9.594 -9.048 -8.417 -11.109
0.144883 -12.761 -12.541 -12.403 -11.981 -11.624 -11.241 -12.247 -11.928 -11.62 -11.23 -10.839 -10.386 -11.938 -11.502 -11.014 -10.656 -10.319 -11.499 -11.073 -10.734 -10.535 -10.608 -11.079 -11.312 -10.868 -9.647 -9.101 -8.471 -11.159
0.149265 -12.8 -12.584 -12.447 -12.028 -11.673 -11.291 -12.291 -11.975 -11.669 -11.28 -10.89 -10.438 -11.985 -11.551 -11.065 -10.707 -10.371 -11.548 -11.122 -10.784 -10.585 -10.654 -11.129 -11.362 -10.919 -9.7 -9.154 -8.524 -11.209
0.15378 -12.84 -12.627 -12.491 -12.076 -11.722 -11.341 -12.335 -12.023 -11.718 -11.331 -10.941 -10.49 -12.033 -11.601 -11.115 -10.759 -10.423 -11.597 -11.172 -10.834 -10.634 -10.701 -11.179 -11.411 -10.97 -9.752 -9.207 -8.577 -11.259
0.15843 -12.879 -12.67 -12.535 -12.123 -11.771 -11.391 -12.379 -12.071 -11.767 -11.381 -10.992 -10.542 -12.081 -11.65 -11.166 -10.81 -10.475 -11.646 -11.222 -10.884 -10.684 -10.747 -11.23 -11.461 -11.02 -9.805 -9.26 -8.631 -11.309
0.163222 -12.918 -12.712 -12.579 -12.171 -11.82 -11.441 -12.423 -12.118 -11.816 -11.431 -11.043 -10.593 -12.128 -11.699 -11.217 -10.861 -10.527 -11.695 -11.272 -10.934 -10.733 -10.793 -11.28 -11.511 -11.071 -9.857 -9.313 -8.684 -11.359
0.168159 -12.957 -12.755 -12.623 -12.218 -11.869 -11.491 -12.467 -12.166 -11.865 -11.481 -11.094 -10.645 -12.176 -11.748 -11.267 -10.912 -10.578 -11.743 -11.321 -10.984 -10.782 -10.84 -11.33 -11.561 -11.122 -9.91 -9.366 -8.737 -11.409
0.173245 -12.995 -12.797 -12.666 -12.265 -11.917 -11.541 -12.511 -12.213 -11.914 -11.531 -11.145 -10.696 -12.223 -11.798 -11.318 -10.964 -10.63 -11.792 -11.371 -11.034 -10.832 -10.886 -11.38 -11.611 -11.173 -9.962 -9.419 -8.791 -11.459
0.178484 -13.034 -12.839 -12.71 -12.312 -11.966 -11.591 -12.554 -12.261 -11.962 -11.581 -11.196 -10.748 -12.27 -11.847 -11.368 -11.015 -10.682 -11.841 -11.421 -11.084 -10.881 -10.933 -11.43 -11.66 -11.224 -10.015 -9.472 -8.844 -11.509
0.183882 -13.072 -12.881 -12.753 -12.359 -12.015 -11.641 -12.598 -12.308 -12.011 -11.631 -11.247 -10.8 -12.318 -11.896 -11.419 -11.066 -10.734 -11.889 -11.47 -11.134 -10.93 -10.979 -11.48 -11.71 -11.274 -10.067 -9.525 -8.897 -11.558
0.189444 -13.11 -12.923 -12.796 -12.406 -12.063 -11.691 -12.641 -12.355 -12.059 -11.681 -11.297 -10.851 -12.365 -11.945 -11.469 -11.117 -10.785 -11.938 -11.52 -11.184 -10.98 -11.025 -11.53 -11.759 -11.325 -10.12 -9.578 -8.95 -11.608
0.195173 -13.148 -12.965 -12.84 -12.453 -12.112 -11.741 -12.684 -12.402 -12.108 -11.73 -11.348 -10.903 -12.412 -11.994 -11.519 -11.168 -10.837 -11.986 -11.569 -11.234 -11.029 -11.072 -11.58 -11.809 -11.376 -10.172 -9.631 -9.003 -11.658
0.201076 -13.186 -13.006 -12.882 -12.499 -12.16 -11.791 -12.727 -12.449 -12.156 -11.78 -11.399 -10.954 -12.459 -12.042 -11.57 -11.219 -10.888 -12.035 -11.619 -11.283 -11.078 -11.118 -11.63 -11.858 -11.426 -10.225 -9.683 -9.057 -11.707
0.207158 -13.224 -13.047 -12.925 -12.546 -12.208 -11.84 -12.77 -12.496 -12.205 -11.83 -11.449 -11.006 -12.506 -12.091 -11.62 -11.27 -10.94 -12.083 -11.668 -11.333 -11.128 -11.165 -11.68 -11.907 -11.477 -10.277 -9.736 -9.11 -11.757
0.213423 -13.261 -13.089 -12.968 -12.592 -12.257 -11.89 -12.813 -12.543 -12.253 -11.879 -11.5 -11.057 -12.552 -12.14 -11.67 -11.321 -10.991 -12.131 -11.717 -11.383 -11.177 -11.212 -11.73 -11.957 -11.527 -10.329 -9.789 -9.163 -11.806
0.219878 -13.299 -13.13 -13.01 -12.639 -12.305 -11.939 -12.855 -12.589 -12.301 -11.929 -11.55 -11.108 -12.599 -12.189 -11.72 -11.372 -11.043 -12.179 -11.767 -11.433 -11.226 -11.258 -11.78 -12.006 -11.578 -10.382 -9.842 -9.216 -11.856
0.226528 -13.336 -13.17 -13.053 -12.685 -12.353 -11.989 -12.898 -12.636 -12.349 -11.978 -11.601 -11.16 -12.646 -12.237 -11.77 -11.423 -11.094 -12.228 -11.816 -11.483 -11.276 -11.305 -11.829 -12.055 -11.628 -10.434 -9.894 -9.269 -11.905
0.233379 -13.373 -13.211 -13.095 -12.731 -12.401 -12.038 -12.94 -12.683 -12.397 -12.028 -11.651 -11.211 -12.692 -12.286 -11.82 -11.474 -11.146 -12.276 -11.865 -11.532 -11.325 -11.351 -11.879 -12.104 -11.678 -10.486 -9.947 -9.322 -11.954
0.240437 -13.41 -13.252 -13.137 -12.777 -12.449 -12.088 -12.982 -12.729 -12.445 -12.077 -11.701 -11.262 -12.738 -12.334 -11.87 -11.525 -11.197 -12.324 -11.915 -11.582 -11.374 -11.398 -11.929 -12.153 -11.729 -10.538 -10.0 -9.375 -12.003
0.247709 -13.447 -13.292 -13.179 -12.823 -12.497 -12.137 -13.024 -12.775 -12.493 -12.126 -11.752 -11.313 -12.785 -12.382 -11.92 -11.575 -11.248 -12.372 -11.964 -11.632 -11.424 -11.445 -11.978 -12.202 -11.779 -10.59 -10.052 -9.428 -12.053
0.255201 -13.483 -13.332 -13.221 -12.869 -12.545 -12.186 -13.066 -12.821 -12.541 -12.176 -11.802 -11.364 -12.831 -12.431 -11.97 -11.626 -11.3 -12.42 -12.013 -11.681 -11.473 -11.491 -12.027 -12.251 -11.829 -10.643 -10.105 -9.481 -12.102
0.262919 -13.519 -13.372 -13.262 -12.915 -12.592 -12.235 -13.108 -12.868 -12.588 -12.225 -11.852 -11.415 -12.877 -12.479 -12.02 -11.677 -11.351 -12.467 -12.062 -11.731 -11.522 -11.538 -12.077 -12.3 -11.879 -10.695 -10.158 -9.535 -12.151
0.270871 -13.556 -13.412 -13.304 -12.96 -12.64 -12.284 -13.15 -12.914 -12.636 -12.274 -11.902 -11.466 -12.923 -12.527 -12.069 -11.727 -11.402 -12.515 -12.111 -11.78 -11.571 -11.585 -12.126 -12.349 -11.929 -10.747 -10.21 -9.588 -12.2
0.279064 -13.592 -13.452 -13.345 -13.006 -12.687 -12.333 -13.191 -12.959 -12.684 -12.323 -11.952 -11.517 -12.969 -12.575 -12.119 -11.778 -11.453 -12.563 -12.16 -11.83 -11.621 -11.631 -12.175 -12.397 -11.979 -10.799 -10.263 -9.641 -12.248
0.287504 -13.627 -13.491 -13.386 -13.051 -12.735 -12.382 -13.233 -13.005 -12.731 -12.372 -12.002 -11.568 -13.014 -12.623 -12.169 -11.828 -11.504 -12.611 -12.209 -11.88 -11.67 -11.678 -12.225 -12.446 -12.029 -10.851 -10.315 -9.693 -12.297
0.296199 -13.663 -13.53 -13.427 -13.097 -12.782 -12.431 -13.274 -13.051 -12.778 -12.421 -12.052 -11.619 -13.06 -12.671 -12.218 -11.879 -11.555 -12.658 -12.258 -11.929 -11.719 -11.725 -12.274 -12.494 -12.079 -10.903 -10.368 -9.746 -12.346
0.305157 -13.698 -13.569 -13.468 -13.142 -12.829 -12.48 -13.315 -13.096 -12.826 -12.47 -12.102 -11.67 -13.106 -12.718 -12.268 -11.929 -11.607 -12.706 -12.307 -11.978 -11.768 -11.772 -12.323 -12.543 -12.129 -10.955 -10.42 -9.799 -12.395
0.314387 -13.733 -13.608 -13.509 -13.187 -12.877 -12.529 -13.356 -13.142 -12.873 -12.518 -12.152 -11.721 -13.151 -12.766 -12.317 -11.979 -11.658 -12.753 -12.355 -12.028 -11.817 -11.819 -12.372 -12.591 -12.179 -11.007 -10.473 -9.852 -12.443
0.323895 -13.768 -13.647 -13.549 -13.232 -12.924 -12.577 -13.397 -13.187 -12.92 -12.567 -12.202 -11.772 -13.196 -12.814 -12.367 -12.03 -11.708 -12.8 -12.404 -12.077 -11.866 -11.865 -12.421 -12.64 -12.228 -11.059 -10.525 -9.905 -12.492
0.333691 -13.803 -13.685 -13.589 -13.277 -12.971 -12.626 -13.437 -13.232 -12.967 -12.616 -12.251 -11.823 -13.242 -12.861 -12.416 -12.08 -11.759 -12.848 -12.453 -12.127 -11.916 -11.912 -12.47 -12.688 -12.278 -11.111 -10.578 -9.958 -12.54
0.343783 -13.838 -13.724 -13.629 -13.322 -13.018 -12.675 -13.478 -13.278 -13.014 -12.664 -12.301 -11.873 -13.287 -12.909 -12.465 -12.13 -11.81 -12.895 -12.502 -12.176 -11.965 -11.959 -12.518 -12.736 -12.328 -11.162 -10.63 -10.011 -12.589
0.354181 -13.872 -13.762 -13.669 -13.366 -13.064 -12.723 -13.518 -13.323 -13.061 -12.713 -12.351 -11.924 -13.332 -12.956 -12.515 -12.18 -11.861 -12.942 -12.55 -12.225 -12.014 -12.006 -12.567 -12.784 -12.377 -11.214 -10.682 -10.064 -12.637
0.364893 -13.906 -13.8 -13.709 -13.411 -13.111 -12.771 -13.558 -13.367 -13.107 -12.761 -12.4 -11.975 -13.376 -13.003 -12.564 -12.23 -11.912 -12.989 -12.599 -12.274 -12.063 -12.053 -12.616 -12.832 -12.427 -11.266 -10.735 -10.116 -12.685
0.375929 -13.94 -13.837 -13.749 -13.455 -13.158 -12.82 -13.598 -13.412 -13.154 -12.81 -12.45 -12.025 -13.421 -13.051 -12.613 -12.28 -11.963 -13.036 -12.647 -12.324 -12.112 -12.1 -12.664 -12.88 -12.476 -11.318 -10.787 -10.169 -12.733
0.387298 -13.973 -13.875 -13.788 -13.499 -13.204 -12.868 -13.638 -13.457 -13.201 -12.858 -12.499 -12.076 -13.466 -13.098 -12.662 -12.33 -12.013 -13.083 -12.696 -12.373 -12.161 -12.147 -12.713 -12.928 -12.526 -11.369 -10.839 -10.222 -12.781
0.399012 -14.007 -13.912 -13.827 -13.543 -13.251 -12.916 -13.677 -13.501 -13.247 -12.906 -12.549 -12.126 -13.51 -13.145 -12.711 -12.38 -12.064 -13.13 -12.744 -12.422 -12.21 -12.194 -12.761 -12.976 -12.575 -11.421 -10.892 -10.275 -12.829
0.41108 -14.04 -13.949 -13.866 -13.587 -13.297 -12.964 -13.717 -13.546 -13.293 -12.954 -12.598 -12.177 -13.554 -13.192 -12.759 -12.43 -12.114 -13.176 -12.792 -12.471 -12.259 -12.241 -12.81 -13.023 -12.624 -11.473 -10.944 -10.327 -12.877
0.423513 -14.073 -13.986 -13.905 -13.631 -13.343 -13.012 -13.756 -13.59 -13.34 -13.002 -12.647 -12.227 -13.599 -13.238 -12.808 -12.48 -12.165 -13.223 -12.84 -12.52 -12.308 -12.287 -12.858 -13.071 -12.673 -11.524 -10.996 -10.38 -12.925
0.436321 -14.106 -14.022 -13.944 -13.675 -13.389 -13.06 -13.795 -13.634 -13.386 -13.05 -12.696 -12.277 -13.643 -13.285 -12.857 -12.53 -12.215 -13.27 -12.889 -12.569 -12.357 -12.334 -12.906 -13.118 -12.722 -11.576 -11.048 -10.433 -12.973
0.449518 -14.138 -14.058 -13.982 -13.719 -13.435 -13.108 -13.834 -13.678 -13.432 -13.098 -12.746 -12.328 -13.687 -13.332 -12.906 -12.579 -12.266 -13.316 -12.937 -12.618 -12.405 -12.381 -12.954 -13.166 -12.771 -11.627 -11.1 -10.485 -13.021
0.463113 -14.17 -14.094 -14.02 -13.762 -13.481 -13.156 -13.873 -13.722 -13.478 -13.146 -12.795 -12.378 -13.73 -13.378 -12.954 -12.629 -12.316 -13.362 -12.985 -12.667 -12.454 -12.428 -13.002 -13.213 -12.82 -11.679 -11.152 -10.538 -13.068
0.47712 -14.202 -14.13 -14.058 -13.805 -13.527 -13.203 -13.911 -13.766 -13.523 -13.193 -12.844 -12.428 -13.774 -13.425 -13.003 -12.678 -12.367 -13.409 -13.033 -12.715 -12.503 -12.475 -13.05 -13.26 -12.869 -11.73 -11.205 -10.591 -13.116
0.49155 -14.234 -14.166 -14.096 -13.848 -13.573 -13.251 -13.95 -13.809 -13.569 -13.241 -12.893 -12.478 -13.818 -13.471 -13.051 -12.728 -12.417 -13.455 -13.081 -12.764 -12.552 -12.522 -13.098 -13.307 -12.918 -11.782 -11.257 -10.643 -13.163
0.506416 -14.266 -14.201 -14.133 -13.891 -13.618 -13.299 -13.988 -13.853 -13.615 -13.289 -12.941 -12.528 -13.861 -13.517 -13.099 -12.777 -12.467 -13.501 -13.128 -12.813 -12.601 -12.569 -13.146 -13.354 -12.967 -11.833 -11.309 -10.696 -13.21
0.521733 -14.297 -14.236 -14.171 -13.934 -13.664 -13.346 -14.026 -13.896 -13.66 -13.336 -12.99 -12.578 -13.904 -13.563 -13.148 -12.827 -12.517 -13.547 -13.176 -12.862 -12.649 -12.616 -13.194 -13.401 -13.016 -11.885 -11.361 -10.748 -13.258
0.537512 -14.328 -14.271 -14.208 -13.977 -13.709 -13.393 -14.064 -13.939 -13.705 -13.383 -13.039 -12.628 -13.947 -13.609 -13.196 -12.876 -12.567 -13.593 -13.224 -12.91 -12.698 -12.663 -13.241 -13.448 -13.064 -11.936 -11.412 -10.801 -13.305
0.553769 -14.358 -14.306 -14.245 -14.019 -13.754 -13.44 -14.101 -13.982 -13.751 -13.431 -13.087 -12.678 -13.99 -13.655 -13.244 -12.925 -12.617 -13.639 -13.272 -12.959 -12.747 -12.71 -13.289 -13.495 -13.113 -11.987 -11.464 -10.853 -13.352
0.570517 -14.389 -14.34 -14.281 -14.062 -13.799 -13.488 -14.139 -14.025 -13.796 -13.478 -13.136 -12.728 -14.033 -13.701 -13.292 -12.975 -12.667 -13.684 -13.319 -13.007 -12.795 -12.757 -13.336 -13.542 -13.161 -12.038 -11.516 -10.906 -13.399
0.587772 -14.419 -14.374 -14.318 -14.104 -13.844 -13.535 -14.176 -14.068 -13.841 -13.525 -13.184 -12.778 -14.076 -13.747 -13.34 -13.024 -12.717 -13.73 -13.367 -13.056 -12.844 -12.804 -13.384 -13.588 -13.21 -12.089 -11.568 -10.958 -13.446
0.605549 -14.449 -14.408 -14.354 -14.146 -13.889 -13.582 -14.213 -14.11 -13.885 -13.572 -13.233 -12.827 -14.118 -13.792 -13.388 -13.073 -12.767 -13.775 -13.414 -13.104 -12.892 -12.851 -13.431 -13.635 -13.258 -12.141 -11.62 -11.01 -13.492
0.623863 -14.478 -14.441 -14.39 -14.188 -13.934 -13.628 -14.25 -14.152 -13.93 -13.619 -13.281 -12.877 -14.16 -13.838 -13.436 -13.122 -12.817 -13.821 -13.461 -13.153 -12.941 -12.898 -13.478 -13.681 -13.306 -12.192 -11.672 -11.063 -13.539
0.642731 -14.507 -14.474 -14.426 -14.23 -13.978 -13.675 -14.286 -14.195 -13.975 -13.665 -13.329 -12.926 -14.203 -13.883 -13.483 -13.17 -12.867 -13.866 -13.508 -13.201 -12.989 -12.945 -13.525 -13.727 -13.354 -12.243 -11.723 -11.115 -13.586
0.66217 -14.536 -14.507 -14.461 -14.271 -14.023 -13.722 -14.323 -14.237 -14.019 -13.712 -13.378 -12.976 -14.245 -13.928 -13.531 -13.219 -12.917 -13.911 -13.556 -13.249 -13.038 -12.991 -13.572 -13.773 -13.402 -12.294 -11.775 -11.167 -13.632
