web/models/grb/onaxis/2/grb_0.0000_3.7276_0.0025119.dat
# %ECSV 1.0
# ---
# datatype:
# - {name: time, datatype: float64}
# - {name: swift_uvot_uvw2, datatype: float64}
# - {name: swift_uvot_uvm2, datatype: float64}
# - {name: swift_uvot_uvw1, datatype: float64}
# - {name: swift_uvot_U, datatype: float64}
# - {name: swift_uvot_B, datatype: float64}
# - {name: swift_uvot_V, datatype: float64}
# - {name: swift_uvot_W, datatype: float64}
# - {name: johnson_U, datatype: float64}
# - {name: johnson_B, datatype: float64}
# - {name: johnson_V, datatype: float64}
# - {name: johnson_R, datatype: float64}
# - {name: johnson_I, datatype: float64}
# - {name: sdss_u, datatype: float64}
# - {name: sdss_g, datatype: float64}
# - {name: sdss_r, datatype: float64}
# - {name: sdss_i, datatype: float64}
# - {name: sdss_z, datatype: float64}
# - {name: PS1_g, datatype: float64}
# - {name: PS1_r, datatype: float64}
# - {name: PS1_i, datatype: float64}
# - {name: PS1_z, datatype: float64}
# - {name: PS1_Y, datatype: float64}
# - {name: ukirt_J, datatype: float64}
# - {name: ukirt_H, datatype: float64}
# - {name: ukirt_K, datatype: float64}
# meta: !!omap
# - comment: [E = 0.0016176451642579408, Eta0 = 8.02, GammaB = 12.0, dL = 0.012188, epsb = 6.760829753919819e-06, epse = 0.1, n = 0.0025118864315095794,
#     p = 2.15, theta_obs = 0.0, xiN = 1.0, z = 0.0, type = grb, E_kiso = 3.7275937203149416]
# schema: astropy-2.0
time swift_uvot_uvw2 swift_uvot_uvm2 swift_uvot_uvw1 swift_uvot_U swift_uvot_B swift_uvot_V swift_uvot_W johnson_U johnson_B johnson_V johnson_R johnson_I sdss_u sdss_g sdss_r sdss_i sdss_z PS1_g PS1_r PS1_i PS1_z PS1_Y ukirt_J ukirt_H ukirt_K
[from data line 375]
76.2199 6.669 6.719 6.644 6.451 6.308 6.169 6.53 6.428 6.306 6.164 6.024 5.875 6.433 6.261 6.089 5.968 5.858 6.197 6.055 5.935 5.836 5.667 5.646 5.476 5.286
78.0586 6.706 6.756 6.681 6.488 6.345 6.206 6.567 6.466 6.343 6.201 6.061 5.912 6.471 6.298 6.126 6.005 5.895 6.234 6.092 5.972 5.873 5.705 5.683 5.513 5.323
79.9416 6.743 6.793 6.718 6.525 6.383 6.243 6.604 6.503 6.38 6.238 6.098 5.949 6.508 6.335 6.163 6.042 5.932 6.271 6.129 6.009 5.91 5.742 5.72 5.551 5.36
81.87 6.78 6.83 6.755 6.562 6.42 6.281 6.641 6.54 6.417 6.275 6.135 5.986 6.545 6.372 6.2 6.08 5.969 6.308 6.166 6.046 5.947 5.779 5.757 5.588 5.397
83.845 6.817 6.866 6.791 6.598 6.456 6.317 6.678 6.576 6.453 6.312 6.171 6.023 6.581 6.408 6.237 6.116 6.005 6.345 6.202 6.082 5.983 5.815 5.793 5.624 5.434
85.8676 6.853 6.902 6.827 6.634 6.492 6.353 6.713 6.612 6.489 6.348 6.207 6.058 6.617 6.444 6.272 6.152 6.041 6.381 6.238 6.118 6.019 5.851 5.829 5.66 5.469
87.939 6.888 6.938 6.863 6.67 6.528 6.389 6.749 6.648 6.525 6.383 6.243 6.094 6.653 6.48 6.308 6.188 6.077 6.416 6.274 6.154 6.055 5.887 5.865 5.696 5.505
90.0604 6.924 6.974 6.899 6.706 6.564 6.425 6.785 6.684 6.561 6.419 6.279 6.13 6.689 6.516 6.344 6.224 6.113 6.452 6.31 6.19 6.091 5.923 5.901 5.732 5.541
92.2329 6.96 7.01 6.935 6.742 6.6 6.46 6.821 6.72 6.597 6.455 6.315 6.166 6.725 6.552 6.38 6.26 6.149 6.488 6.346 6.226 6.127 5.959 5.937 5.768 5.577
94.4579 6.996 7.046 6.971 6.778 6.636 6.496 6.857 6.756 6.633 6.491 6.351 6.202 6.761 6.588 6.416 6.295 6.185 6.524 6.382 6.262 6.163 5.995 5.973 5.804 5.613
96.7365 7.032 7.082 7.007 6.814 6.671 6.532 6.893 6.791 6.669 6.527 6.387 6.238 6.796 6.624 6.452 6.331 6.221 6.56 6.418 6.298 6.199 6.03 6.009 5.839 5.649
99.0701 7.068 7.118 7.043 6.85 6.707 6.568 6.929 6.827 6.705 6.563 6.423 6.274 6.832 6.66 6.488 6.367 6.257 6.596 6.454 6.334 6.235 6.066 6.045 5.875 5.685
101.4599 7.104 7.153 7.079 6.886 6.743 6.604 6.965 6.863 6.741 6.599 6.459 6.31 6.868 6.696 6.524 6.403 6.293 6.632 6.489 6.37 6.271 6.102 6.081 5.911 5.721
103.9075 7.14 7.189 7.115 6.922 6.779 6.64 7.001 6.899 6.777 6.635 6.494 6.346 6.904 6.732 6.56 6.439 6.328 6.668 6.525 6.406 6.306 6.138 6.117 5.947 5.757
106.4141 7.176 7.226 7.151 6.958 6.816 6.677 7.037 6.936 6.813 6.671 6.531 6.382 6.941 6.768 6.596 6.476 6.365 6.704 6.562 6.442 6.343 6.175 6.153 5.984 5.793
108.9811 7.213 7.262 7.188 6.995 6.852 6.713 7.074 6.972 6.85 6.708 6.568 6.419 6.977 6.805 6.633 6.512 6.402 6.741 6.598 6.479 6.38 6.211 6.19 6.02 5.83
111.6101 7.25 7.299 7.224 7.031 6.889 6.75 7.111 7.009 6.886 6.745 6.604 6.456 7.014 6.841 6.669 6.549 6.438 6.778 6.635 6.515 6.416 6.248 6.226 6.057 5.867
114.3025 7.286 7.336 7.261 7.068 6.925 6.786 7.147 7.045 6.923 6.781 6.641 6.492 7.051 6.878 6.706 6.585 6.475 6.814 6.672 6.552 6.453 6.284 6.263 6.093 5.903
117.0598 7.323 7.372 7.297 7.104 6.962 6.823 7.184 7.082 6.96 6.818 6.677 6.529 7.087 6.914 6.743 6.622 6.511 6.851 6.708 6.588 6.489 6.321 6.299 6.13 5.94
119.8836 7.359 7.409 7.334 7.141 6.999 6.859 7.22 7.119 6.996 6.854 6.714 6.565 7.124 6.951 6.779 6.659 6.548 6.887 6.745 6.625 6.526 6.358 6.336 6.167 5.976
122.7756 7.396 7.445 7.371 7.178 7.035 6.896 7.257 7.155 7.033 6.891 6.75 6.602 7.16 6.988 6.816 6.695 6.584 6.924 6.781 6.662 6.562 6.394 6.373 6.203 6.013
125.7373 7.433 7.482 7.407 7.214 7.072 6.933 7.293 7.192 7.069 6.927 6.787 6.638 7.197 7.024 6.852 6.732 6.621 6.96 6.818 6.698 6.599 6.431 6.409 6.24 6.049
128.7705 7.469 7.519 7.444 7.251 7.108 6.969 7.33 7.228 7.106 6.964 6.824 6.675 7.233 7.061 6.889 6.768 6.658 6.997 6.855 6.735 6.636 6.467 6.446 6.276 6.086
131.8769 7.506 7.555 7.48 7.287 7.145 7.006 7.367 7.265 7.142 7.001 6.86 6.712 7.27 7.097 6.926 6.805 6.694 7.034 6.891 6.771 6.672 6.504 6.482 6.313 6.123
135.0582 7.54 7.589 7.514 7.321 7.179 7.04 7.401 7.299 7.177 7.035 6.894 6.746 7.304 7.131 6.96 6.839 6.728 7.068 6.925 6.805 6.706 6.538 6.516 6.347 6.157
138.3162 7.574 7.623 7.548 7.355 7.213 7.074 7.435 7.333 7.211 7.069 6.928 6.78 7.338 7.165 6.994 6.873 6.762 7.102 6.959 6.839 6.74 6.572 6.55 6.381 6.191
141.6528 7.608 7.657 7.582 7.389 7.247 7.108 7.469 7.367 7.245 7.103 6.962 6.814 7.372 7.199 7.028 6.907 6.796 7.136 6.993 6.873 6.774 6.606 6.584 6.415 6.225
145.0699 7.642 7.691 7.616 7.423 7.281 7.142 7.503 7.401 7.279 7.137 6.996 6.848 7.406 7.233 7.062 6.941 6.83 7.17 7.027 6.907 6.808 6.64 6.618 6.449 6.259
148.5695 7.676 7.725 7.65 7.457 7.315 7.176 7.537 7.435 7.313 7.171 7.03 6.882 7.44 7.267 7.096 6.975 6.864 7.204 7.061 6.941 6.842 6.674 6.652 6.483 6.293
152.1534 7.71 7.759 7.684 7.491 7.349 7.21 7.571 7.469 7.347 7.205 7.064 6.916 7.474 7.301 7.13 7.009 6.898 7.238 7.095 6.975 6.876 6.708 6.686 6.517 6.327
155.8238 7.744 7.793 7.718 7.525 7.383 7.244 7.605 7.503 7.381 7.239 7.098 6.95 7.508 7.335 7.164 7.043 6.932 7.272 7.129 7.009 6.91 6.742 6.72 6.551 6.361
159.5828 7.778 7.827 7.752 7.559 7.417 7.278 7.639 7.537 7.415 7.273 7.132 6.984 7.542 7.37 7.198 7.077 6.966 7.306 7.163 7.043 6.944 6.776 6.754 6.585 6.395
163.4324 7.812 7.861 7.786 7.593 7.451 7.312 7.673 7.571 7.449 7.307 7.166 7.018 7.576 7.404 7.232 7.111 7.0 7.34 7.197 7.077 6.978 6.81 6.788 6.619 6.429
167.375 7.845 7.895 7.82 7.627 7.485 7.345 7.706 7.605 7.482 7.34 7.2 7.051 7.61 7.437 7.265 7.145 7.034 7.373 7.231 7.111 7.012 6.844 6.822 6.653 6.462
171.4126 7.876 7.926 7.851 7.658 7.515 7.376 7.737 7.636 7.513 7.371 7.231 7.082 7.641 7.468 7.296 7.175 7.065 7.404 7.262 7.142 7.043 6.875 6.853 6.683 6.493
175.5476 7.907 7.957 7.882 7.689 7.546 7.407 7.768 7.666 7.544 7.402 7.262 7.113 7.671 7.499 7.327 7.206 7.096 7.435 7.293 7.173 7.074 6.905 6.884 6.714 6.524
179.7823 7.938 7.988 7.913 7.72 7.577 7.438 7.799 7.697 7.575 7.433 7.293 7.144 7.702 7.53 7.358 7.237 7.127 7.466 7.323 7.204 7.105 6.936 6.915 6.745 6.555
184.1193 7.969 8.018 7.944 7.751 7.608 7.469 7.83 7.728 7.606 7.464 7.323 7.175 7.733 7.561 7.389 7.268 7.158 7.497 7.354 7.235 7.136 6.967 6.946 6.776 6.586
188.5608 8.0 8.049 7.975 7.782 7.639 7.5 7.861 7.759 7.637 7.495 7.354 7.206 7.764 7.592 7.42 7.299 7.188 7.528 7.385 7.265 7.166 6.998 6.976 6.807 6.617
193.1095 8.031 8.08 8.005 7.812 7.67 7.531 7.892 7.79 7.668 7.526 7.385 7.237 7.795 7.623 7.451 7.33 7.219 7.559 7.416 7.296 7.197 7.029 7.007 6.838 6.648
197.7679 8.062 8.111 8.036 7.843 7.701 7.562 7.923 7.821 7.699 7.557 7.416 7.268 7.826 7.653 7.482 7.361 7.25 7.59 7.447 7.327 7.228 7.06 7.038 6.869 6.679
202.5387 8.093 8.142 8.067 7.874 7.732 7.593 7.954 7.852 7.729 7.588 7.447 7.299 7.857 7.684 7.513 7.392 7.281 7.621 7.478 7.358 7.259 7.091 7.069 6.9 6.71
207.4245 8.124 8.173 8.098 7.905 7.763 7.624 7.984 7.883 7.76 7.619 7.478 7.329 7.888 7.715 7.543 7.423 7.312 7.652 7.509 7.389 7.29 7.122 7.1 6.931 6.74
212.4283 8.155 8.204 8.129 7.936 7.794 7.655 8.015 7.914 7.791 7.649 7.509 7.36 7.919 7.746 7.574 7.454 7.343 7.682 7.54 7.42 7.321 7.153 7.131 6.962 6.771
217.5527 8.186 8.235 8.16 7.967 7.825 7.686 8.047 7.945 7.822 7.681 7.54 7.392 7.95 7.777 7.605 7.485 7.374 7.714 7.571 7.451 7.352 7.184 7.162 6.993 6.803
222.8008 8.217 8.266 8.191 7.998 7.856 7.717 8.078 7.976 7.854 7.712 7.571 7.423 7.981 7.808 7.637 7.516 7.405 7.745 7.602 7.482 7.383 7.215 7.193 7.024 6.834
228.1754 8.248 8.297 8.222 8.029 7.887 7.748 8.109 8.007 7.885 7.743 7.602 7.454 8.012 7.839 7.668 7.547 7.436 7.776 7.633 7.513 7.414 7.246 7.224 7.055 6.865
233.6797 8.279 8.328 8.253 8.061 7.918 7.779 8.14 8.038 7.916 7.774 7.633 7.485 8.043 7.871 7.699 7.578 7.467 7.807 7.664 7.544 7.445 7.277 7.255 7.086 6.896
239.3168 8.31 8.359 8.285 8.092 7.949 7.81 8.171 8.069 7.947 7.805 7.664 7.516 8.074 7.902 7.73 7.609 7.498 7.838 7.695 7.576 7.477 7.308 7.287 7.117 6.927
245.0899 8.341 8.391 8.316 8.123 7.98 7.841 8.202 8.1 7.978 7.836 7.696 7.547 8.105 7.933 7.761 7.64 7.53 7.869 7.726 7.607 7.508 7.339 7.318 7.148 6.958
251.0022 8.372 8.422 8.347 8.154 8.011 7.872 8.233 8.131 8.009 7.867 7.727 7.578 8.136 7.964 7.792 7.671 7.561 7.9 7.758 7.638 7.539 7.37 7.349 7.179 6.989
257.0572 8.403 8.453 8.378 8.185 8.042 7.903 8.264 8.163 8.04 7.898 7.758 7.609 8.168 7.995 7.823 7.702 7.592 7.931 7.789 7.669 7.57 7.402 7.38 7.21 7.02
263.2582 8.434 8.484 8.409 8.216 8.074 7.934 8.295 8.194 8.071 7.929 7.789 7.64 8.199 8.026 7.854 7.733 7.623 7.962 7.82 7.7 7.601 7.433 7.411 7.242 7.051
269.6088 8.472 8.521 8.446 8.253 8.111 7.972 8.333 8.231 8.109 7.967 7.826 7.678 8.236 8.063 7.892 7.771 7.66 8.0 7.857 7.737 7.638 7.47 7.448 7.279 7.089
276.1126 8.517 8.566 8.491 8.299 8.156 8.017 8.378 8.276 8.154 8.012 7.871 7.723 8.281 8.109 7.937 7.816 7.705 8.045 7.902 7.782 7.683 7.515 7.493 7.324 7.134
282.7734 8.562 8.611 8.537 8.344 8.201 8.062 8.423 8.321 8.199 8.057 7.916 7.768 8.326 8.154 7.982 7.861 7.751 8.09 7.947 7.828 7.729 7.56 7.539 7.369 7.179
289.5947 8.607 8.657 8.582 8.389 8.246 8.107 8.468 8.366 8.244 8.102 7.962 7.813 8.371 8.199 8.027 7.906 7.796 8.135 7.993 7.873 7.774 7.605 7.584 7.414 7.224
296.5807 8.652 8.702 8.627 8.434 8.292 8.152 8.513 8.412 8.289 8.147 8.007 7.858 8.417 8.244 8.072 7.951 7.841 8.18 8.038 7.918 7.819 7.651 7.629 7.46 7.269
303.7351 8.697 8.747 8.672 8.479 8.337 8.198 8.558 8.457 8.334 8.192 8.052 7.903 8.462 8.289 8.117 7.997 7.886 8.225 8.083 7.963 7.864 7.696 7.674 7.505 7.314
311.0622 8.743 8.792 8.717 8.524 8.382 8.243 8.604 8.502 8.379 8.238 8.097 7.949 8.507 8.334 8.162 8.042 7.931 8.271 8.128 8.008 7.909 7.741 7.719 7.55 7.359
318.566 8.788 8.837 8.762 8.569 8.427 8.288 8.649 8.547 8.425 8.283 8.142 7.994 8.552 8.379 8.208 8.087 7.976 8.316 8.173 8.053 7.954 7.786 7.764 7.595 7.405
326.2508 8.833 8.882 8.807 8.615 8.472 8.333 8.694 8.592 8.47 8.328 8.187 8.039 8.597 8.425 8.253 8.132 8.021 8.361 8.218 8.098 7.999 7.831 7.809 7.64 7.45
334.121 8.878 8.927 8.853 8.66 8.517 8.378 8.739 8.637 8.515 8.373 8.233 8.084 8.642 8.47 8.298 8.177 8.067 8.406 8.263 8.144 8.045 7.876 7.855 7.685 7.495
342.181 8.939 8.988 8.913 8.72 8.578 8.439 8.8 8.698 8.576 8.434 8.293 8.145 8.703 8.53 8.359 8.238 8.127 8.467 8.324 8.204 8.105 7.937 7.915 7.746 7.556
350.4355 9.01 9.06 8.985 8.792 8.649 8.51 8.871 8.769 8.647 8.505 8.365 8.216 8.774 8.602 8.43 8.309 8.199 8.538 8.395 8.276 8.177 8.008 7.987 7.817 7.627
358.8891 9.081 9.131 9.056 8.863 8.721 8.582 8.942 8.841 8.718 8.576 8.436 8.287 8.846 8.673 8.501 8.381 8.27 8.609 8.467 8.347 8.248 8.08 8.058 7.889 7.698
367.5467 9.153 9.202 9.127 8.935 8.792 8.653 9.014 8.912 8.79 8.648 8.507 8.359 8.917 8.745 8.573 8.452 8.341 8.681 8.538 8.418 8.319 8.151 8.129 7.96 7.77
376.4131 9.224 9.274 9.199 9.006 8.864 8.724 9.085 8.984 8.861 8.719 8.579 8.43 8.989 8.816 8.644 8.523 8.413 8.752 8.61 8.49 8.391 8.223 8.201 8.032 7.841
385.4933 9.296 9.345 9.27 9.077 8.935 8.796 9.157 9.055 8.932 8.791 8.65 8.502 9.06 8.887 8.716 8.595 8.484 8.824 8.681 8.561 8.462 8.294 8.272 8.103 7.913
394.7926 9.367 9.416 9.342 9.149 9.006 8.867 9.228 9.126 9.004 8.862 8.722 8.573 9.131 8.959 8.787 8.666 8.556 8.895 8.752 8.633 8.534 8.365 8.344 8.174 7.984
404.3163 9.438 9.488 9.413 9.22 9.078 8.939 9.299 9.198 9.075 8.933 8.793 8.644 9.203 9.03 8.858 8.738 8.627 8.966 8.824 8.704 8.605 8.437 8.415 8.246 8.055
414.0697 9.51 9.559 9.484 9.291 9.149 9.01 9.371 9.269 9.147 9.005 8.864 8.716 9.274 9.102 8.93 8.809 8.698 9.038 8.895 8.775 8.676 8.508 8.486 8.317 8.127
424.0583 9.581 9.631 9.556 9.363 9.22 9.081 9.442 9.34 9.218 9.076 8.936 8.787 9.346 9.173 9.001 8.88 8.77 9.109 8.967 8.847 8.748 8.579 8.558 8.388 8.198
434.2879 9.678 9.727 9.652 9.459 9.317 9.178 9.539 9.437 9.315 9.173 9.032 8.884 9.442 9.269 9.098 8.977 8.866 9.206 9.063 8.943 8.844 8.676 8.654 8.485 8.295
444.7643 9.783 9.833 9.758 9.565 9.423 9.283 9.644 9.543 9.42 9.278 9.138 8.989 9.548 9.375 9.203 9.082 8.972 9.311 9.169 9.049 8.95 8.782 8.76 8.591 8.4
455.4934 9.889 9.938 9.864 9.671 9.528 9.389 9.75 9.648 9.526 9.384 9.243 9.095 9.653 9.481 9.309 9.188 9.077 9.417 9.274 9.154 9.055 8.887 8.865 8.696 8.506
466.4814 9.994 10.044 9.969 9.776 9.634 9.495 9.855 9.754 9.631 9.489 9.349 9.2 9.759 9.586 9.414 9.294 9.183 9.522 9.38 9.26 9.161 8.993 8.971 8.802 8.611
477.7344 10.1 10.15 10.075 9.882 9.739 9.6 9.961 9.859 9.737 9.595 9.455 9.306 9.864 9.692 9.52 9.399 9.289 9.628 9.485 9.366 9.267 9.098 9.077 8.907 8.717
489.2588 10.206 10.255 10.18 9.987 9.845 9.706 10.067 9.965 9.843 9.701 9.56 9.412 9.97 9.797 9.626 9.505 9.394 9.734 9.591 9.471 9.372 9.204 9.182 9.013 8.823
501.0613 10.311 10.361 10.286 10.093 9.95 9.811 10.172 10.071 9.948 9.806 9.666 9.517 10.076 9.903 9.731 9.61 9.5 9.839 9.697 9.577 9.478 9.31 9.288 9.118 8.928
513.1485 10.417 10.466 10.391 10.198 10.056 9.917 10.278 10.176 10.054 9.912 9.771 9.623 10.181 10.009 9.837 9.716 9.605 9.945 9.802 9.682 9.583 9.415 9.393 9.224 9.034
525.5272 10.522 10.572 10.497 10.304 10.162 10.023 10.383 10.282 10.159 10.017 9.877 9.728 10.287 10.114 9.942 9.822 9.711 10.05 9.908 9.788 9.689 9.521 9.499 9.33 9.139
538.2046 10.628 10.677 10.603 10.41 10.267 10.128 10.489 10.387 10.265 10.123 9.982 9.834 10.392 10.22 10.048 9.927 9.817 10.156 10.013 9.894 9.795 9.626 9.605 9.435 9.245
551.1878 10.792 10.841 10.766 10.573 10.431 10.292 10.653 10.551 10.428 10.287 10.146 9.998 10.556 10.383 10.211 10.091 9.98 10.32 10.177 10.057 9.958 9.79 9.768 9.599 9.408
564.4842 10.963 11.013 10.938 10.745 10.602 10.463 10.824 10.723 10.6 10.458 10.318 10.169 10.728 10.555 10.383 10.262 10.152 10.491 10.349 10.229 10.13 9.962 9.94 9.771 9.58
578.1013 11.135 11.184 11.11 10.917 10.774 10.635 10.996 10.894 10.772 10.63 10.489 10.341 10.899 10.727 10.555 10.434 10.323 10.663 10.52 10.4 10.301 10.133 10.111 9.942 9.752
592.0469 11.307 11.356 11.281 11.088 10.946 10.807 11.168 11.066 10.943 10.802 10.661 10.512 11.071 10.898 10.726 10.606 10.495 10.835 10.692 10.572 10.473 10.305 10.283 10.114 9.923
606.329 11.478 11.528 11.453 11.26 11.117 10.978 11.339 11.238 11.115 10.973 10.833 10.684 11.243 11.07 10.898 10.777 10.667 11.006 10.864 10.744 10.645 10.477 10.455 10.285 10.095
620.9555 11.65 11.699 11.625 11.432 11.289 11.15 11.511 11.409 11.287 11.145 11.004 10.856 11.414 11.242 11.07 10.949 10.838 11.178 11.035 10.915 10.816 10.648 10.626 10.457 10.267
635.9349 11.822 11.871 11.796 11.603 11.461 11.322 11.682 11.581 11.458 11.317 11.176 11.027 11.586 11.413 11.241 11.121 11.01 11.35 11.207 11.087 10.988 10.82 10.798 10.629 10.438
651.2757 11.993 12.043 11.968 11.775 11.632 11.493 11.854 11.752 11.63 11.488 11.348 11.199 11.758 11.585 11.413 11.292 11.182 11.521 11.379 11.259 11.16 10.991 10.97 10.8 10.61
666.9865 12.165 12.214 12.139 11.947 11.804 11.665 12.026 11.924 11.802 11.66 11.519 11.371 11.929 11.757 11.585 11.464 11.353 11.693 11.55 11.43 11.331 11.163 11.141 10.972 10.782
683.0763 12.34 12.389 12.315 12.122 11.979 11.84 12.201 12.099 11.977 11.835 11.694 11.546 12.104 11.932 11.76 11.639 11.528 11.868 11.725 11.606 11.506 11.338 11.317 11.147 10.957
699.5543 12.675 12.724 12.649 12.456 12.314 12.175 12.536 12.434 12.312 12.17 12.029 11.881 12.439 12.266 12.095 11.974 11.863 12.203 12.06 11.94 11.841 11.673 11.651 11.482 11.292
716.4297 13.01 13.059 12.984 12.791 12.649 12.51 12.871 12.769 12.646 12.505 12.364 12.216 12.774 12.601 12.429 12.309 12.198 12.538 12.395 12.275 12.176 12.008 11.986 11.817 11.626
733.7123 13.344 13.394 13.319 13.126 12.984 12.845 13.205 13.104 12.981 12.839 12.699 12.55 13.109 12.936 12.764 12.644 12.533 12.872 12.73 12.61 12.511 12.343 12.321 12.152 11.961
751.4117 13.679 13.729 13.654 13.461 13.318 13.179 13.54 13.439 13.316 13.174 13.034 12.885 13.444 13.271 13.099 12.978 12.868 13.207 13.065 12.945 12.846 12.678 12.656 12.486 12.296
769.5381 14.014 14.064 13.989 13.796 13.653 13.514 13.875 13.773 13.651 13.509 13.369 13.22 13.778 13.606 13.434 13.313 13.203 13.542 13.399 13.28 13.181 13.012 12.991 12.821 12.631
788.1018 14.349 14.398 14.324 14.131 13.988 13.849 14.21 14.108 13.986 13.844 13.703 13.555 14.113 13.941 13.769 13.648 13.537 13.877 13.734 13.614 13.515 13.347 13.325 13.156 12.966
