web/models/grb/onaxis/2/grb_0.0000_0.0193_0.0000040.dat
# %ECSV 1.0
# ---
# datatype:
# - {name: time, datatype: float64}
# - {name: swift_uvot_uvw2, datatype: float64}
# - {name: swift_uvot_uvm2, datatype: float64}
# - {name: swift_uvot_uvw1, datatype: float64}
# - {name: swift_uvot_U, datatype: float64}
# - {name: swift_uvot_B, datatype: float64}
# - {name: swift_uvot_V, datatype: float64}
# - {name: swift_uvot_W, datatype: float64}
# - {name: johnson_U, datatype: float64}
# - {name: johnson_B, datatype: float64}
# - {name: johnson_V, datatype: float64}
# - {name: johnson_R, datatype: float64}
# - {name: johnson_I, datatype: float64}
# - {name: sdss_u, datatype: float64}
# - {name: sdss_g, datatype: float64}
# - {name: sdss_r, datatype: float64}
# - {name: sdss_i, datatype: float64}
# - {name: sdss_z, datatype: float64}
# - {name: PS1_g, datatype: float64}
# - {name: PS1_r, datatype: float64}
# - {name: PS1_i, datatype: float64}
# - {name: PS1_z, datatype: float64}
# - {name: PS1_Y, datatype: float64}
# - {name: PS1_w, datatype: float64}
# - {name: ATLAS_c, datatype: float64}
# - {name: ATLAS_o, datatype: float64}
# - {name: ukirt_J, datatype: float64}
# - {name: ukirt_H, datatype: float64}
# - {name: ukirt_K, datatype: float64}
# - {name: Clear, datatype: float64}
# meta: !!omap
# - comment: [E = 8.378552168254813e-06, Eta0 = 8.02, GammaB = 12.0, dL = 0.012188, epsb = 6.760829753919819e-06, epse = 0.1, n = 3.981071705534969e-06,
#     p = 2.15, theta_obs = 0.0, xiN = 1.0, z = 0.0, type = grb, E_kiso = 0.019306977288832496]
# schema: astropy-2.0
time swift_uvot_uvw2 swift_uvot_uvm2 swift_uvot_uvw1 swift_uvot_U swift_uvot_B swift_uvot_V swift_uvot_W johnson_U johnson_B johnson_V johnson_R johnson_I sdss_u sdss_g sdss_r sdss_i sdss_z PS1_g PS1_r PS1_i PS1_z PS1_Y PS1_w ATLAS_c ATLAS_o ukirt_J ukirt_H ukirt_K Clear
[from data line 420]
222.8008 18.918 18.967 18.892 18.699 18.557 18.418 18.778 18.677 18.554 18.412 18.272 18.123 18.682 18.509 18.337 18.217 18.106 18.445 18.303 18.183 18.084 17.916 18.34 18.435 18.282 17.894 17.725 17.534 18.249
228.1754 18.952 19.001 18.926 18.733 18.591 18.452 18.812 18.711 18.588 18.446 18.306 18.157 18.716 18.543 18.371 18.251 18.14 18.479 18.337 18.217 18.118 17.95 18.374 18.469 18.316 17.928 17.759 17.568 18.283
233.6797 18.986 19.035 18.96 18.767 18.625 18.486 18.846 18.745 18.622 18.481 18.34 18.191 18.75 18.577 18.405 18.285 18.174 18.514 18.371 18.251 18.152 17.984 18.408 18.503 18.35 17.962 17.793 17.602 18.317
239.3168 19.02 19.069 18.994 18.801 18.659 18.52 18.88 18.779 18.656 18.515 18.374 18.225 18.784 18.611 18.439 18.319 18.208 18.548 18.405 18.285 18.186 18.018 18.442 18.537 18.384 17.996 17.827 17.636 18.351
245.0899 19.054 19.103 19.028 18.835 18.693 18.554 18.915 18.813 18.69 18.549 18.408 18.26 18.818 18.645 18.473 18.353 18.242 18.582 18.439 18.319 18.22 18.052 18.476 18.571 18.418 18.03 17.861 17.67 18.385
251.0022 19.086 19.135 19.06 18.867 18.725 18.586 18.947 18.845 18.723 18.581 18.44 18.292 18.85 18.677 18.506 18.385 18.274 18.614 18.471 18.351 18.252 18.084 18.508 18.603 18.45 18.062 17.893 17.703 18.418
257.0572 19.117 19.166 19.091 18.898 18.756 18.617 18.978 18.876 18.753 18.612 18.471 18.323 18.881 18.708 18.537 18.416 18.305 18.645 18.502 18.382 18.283 18.115 18.539 18.634 18.481 18.093 17.924 17.734 18.449
263.2582 19.148 19.197 19.122 18.929 18.787 18.648 19.008 18.907 18.784 18.643 18.502 18.353 18.912 18.739 18.567 18.447 18.336 18.676 18.533 18.413 18.314 18.146 18.57 18.665 18.512 18.124 17.955 17.764 18.479
269.6088 19.178 19.228 19.153 18.96 18.818 18.679 19.039 18.938 18.815 18.673 18.533 18.384 18.943 18.77 18.598 18.478 18.367 18.706 18.564 18.444 18.345 18.177 18.601 18.696 18.543 18.155 17.986 17.795 18.51
276.1126 19.209 19.259 19.184 18.991 18.849 18.71 19.07 18.969 18.846 18.704 18.564 18.415 18.974 18.801 18.629 18.509 18.398 18.737 18.595 18.475 18.376 18.208 18.632 18.727 18.574 18.186 18.017 17.826 18.541
282.7734 19.24 19.29 19.215 19.022 18.88 18.74 19.101 19.0 18.877 18.735 18.595 18.446 19.005 18.832 18.66 18.539 18.429 18.768 18.626 18.506 18.407 18.239 18.662 18.758 18.605 18.217 18.048 17.857 18.572
289.5947 19.271 19.321 19.246 19.053 18.91 18.771 19.132 19.03 18.908 18.766 18.626 18.477 19.036 18.863 18.691 18.57 18.46 18.799 18.657 18.537 18.438 18.269 18.693 18.789 18.636 18.248 18.078 17.888 18.603
296.5807 19.302 19.352 19.277 19.084 18.941 18.802 19.163 19.061 18.939 18.797 18.657 18.508 19.066 18.894 18.722 18.601 18.491 18.83 18.688 18.568 18.469 18.3 18.724 18.819 18.667 18.279 18.109 17.919 18.634
303.7351 19.333 19.382 19.308 19.115 18.972 18.833 19.194 19.092 18.97 18.828 18.688 18.539 19.097 18.925 18.753 18.632 18.522 18.861 18.718 18.599 18.5 18.331 18.755 18.85 18.698 18.31 18.14 17.95 18.665
311.0622 19.364 19.413 19.339 19.146 19.003 18.864 19.225 19.123 19.001 18.859 18.718 18.57 19.128 18.956 18.784 18.663 18.552 18.892 18.749 18.63 18.53 18.362 18.786 18.881 18.728 18.341 18.171 17.981 18.696
318.566 19.395 19.444 19.37 19.177 19.034 18.895 19.256 19.154 19.032 18.89 18.749 18.601 19.159 18.987 18.815 18.694 18.584 18.923 18.78 18.661 18.562 18.393 18.817 18.912 18.76 18.372 18.202 18.012 18.727
326.2508 19.426 19.476 19.401 19.208 19.065 18.926 19.287 19.185 19.063 18.921 18.781 18.632 19.19 19.018 18.846 18.725 18.615 18.954 18.811 18.692 18.593 18.424 18.848 18.943 18.791 18.403 18.233 18.043 18.758
334.121 19.457 19.507 19.432 19.239 19.096 18.957 19.318 19.216 19.094 18.952 18.812 18.663 19.221 19.049 18.877 18.756 18.646 18.985 18.843 18.723 18.624 18.455 18.879 18.974 18.822 18.434 18.264 18.074 18.789
342.181 19.488 19.538 19.463 19.27 19.128 18.988 19.349 19.248 19.125 18.983 18.843 18.694 19.253 19.08 18.908 18.787 18.677 19.016 18.874 18.754 18.655 18.487 18.91 19.006 18.853 18.465 18.296 18.105 18.82
350.4355 19.519 19.569 19.494 19.301 19.159 19.019 19.38 19.279 19.156 19.014 18.874 18.725 19.284 19.111 18.939 18.819 18.708 19.047 18.905 18.785 18.686 18.518 18.941 19.037 18.884 18.496 18.327 18.136 18.851
358.8891 19.55 19.6 19.525 19.332 19.19 19.051 19.411 19.31 19.187 19.045 18.905 18.756 19.315 19.142 18.97 18.85 18.739 19.078 18.936 18.816 18.717 18.549 18.973 19.068 18.915 18.527 18.358 18.167 18.882
367.5467 19.582 19.631 19.556 19.363 19.221 19.082 19.442 19.341 19.218 19.076 18.936 18.787 19.346 19.173 19.001 18.881 18.77 19.109 18.967 18.847 18.748 18.58 19.004 19.099 18.946 18.558 18.389 18.198 18.913
376.4131 19.613 19.662 19.587 19.394 19.252 19.113 19.474 19.372 19.249 19.108 18.967 18.819 19.377 19.204 19.032 18.912 18.801 19.141 18.998 18.878 18.779 18.611 19.035 19.13 18.977 18.589 18.42 18.23 18.945
385.4933 19.644 19.693 19.618 19.425 19.283 19.144 19.505 19.403 19.281 19.139 18.998 18.85 19.408 19.235 19.064 18.943 18.832 19.172 19.029 18.909 18.81 18.642 19.066 19.161 19.008 18.62 18.451 18.261 18.976
394.7926 19.675 19.724 19.649 19.456 19.314 19.175 19.536 19.434 19.312 19.17 19.029 18.881 19.439 19.267 19.095 18.974 18.863 19.203 19.06 18.94 18.841 18.673 19.097 19.192 19.039 18.651 18.482 18.292 19.007
404.3163 19.718 19.768 19.693 19.5 19.358 19.219 19.579 19.478 19.355 19.213 19.073 18.924 19.483 19.31 19.138 19.018 18.907 19.246 19.104 18.984 18.885 18.717 19.141 19.236 19.083 18.695 18.526 18.335 19.05
414.0697 19.764 19.813 19.738 19.545 19.403 19.264 19.624 19.523 19.4 19.258 19.118 18.969 19.528 19.355 19.183 19.063 18.952 19.291 19.149 19.029 18.93 18.762 19.186 19.281 19.128 18.74 18.571 18.38 19.095
424.0583 19.809 19.858 19.783 19.59 19.448 19.309 19.67 19.568 19.446 19.304 19.163 19.015 19.573 19.4 19.229 19.108 18.997 19.337 19.194 19.074 18.975 18.807 19.231 19.326 19.173 18.785 18.616 18.426 19.141
434.2879 19.854 19.903 19.828 19.635 19.493 19.354 19.715 19.613 19.491 19.349 19.208 19.06 19.618 19.446 19.274 19.153 19.042 19.382 19.239 19.119 19.02 18.852 19.276 19.371 19.218 18.83 18.661 18.471 19.186
444.7643 19.899 19.948 19.874 19.681 19.538 19.399 19.76 19.658 19.536 19.394 19.253 19.105 19.663 19.491 19.319 19.198 19.087 19.427 19.284 19.165 19.066 18.897 19.321 19.416 19.264 18.876 18.706 18.516 19.231
455.4934 19.944 19.994 19.919 19.726 19.583 19.444 19.805 19.703 19.581 19.439 19.299 19.15 19.708 19.536 19.364 19.243 19.133 19.472 19.33 19.21 19.111 18.942 19.366 19.461 19.309 18.921 18.751 18.561 19.276
466.4814 19.989 20.039 19.964 19.771 19.629 19.489 19.85 19.749 19.626 19.484 19.344 19.195 19.754 19.581 19.409 19.288 19.178 19.517 19.375 19.255 19.156 18.988 19.411 19.507 19.354 18.966 18.797 18.606 19.321
477.7344 20.034 20.084 20.009 19.816 19.674 19.535 19.895 19.794 19.671 19.529 19.389 19.24 19.799 19.626 19.454 19.334 19.223 19.562 19.42 19.3 19.201 19.033 19.457 19.552 19.399 19.011 18.842 18.651 19.366
489.2588 20.08 20.129 20.054 19.861 19.719 19.58 19.94 19.839 19.716 19.575 19.434 19.285 19.844 19.671 19.499 19.379 19.268 19.608 19.465 19.345 19.246 19.078 19.502 19.597 19.444 19.056 18.887 18.696 19.411
501.0613 20.126 20.175 20.1 19.907 19.765 19.626 19.986 19.885 19.762 19.621 19.48 19.331 19.89 19.717 19.545 19.425 19.314 19.653 19.511 19.391 19.292 19.124 19.548 19.643 19.49 19.102 18.933 18.742 19.457
513.1485 20.197 20.246 20.172 19.979 19.836 19.697 20.058 19.956 19.834 19.692 19.551 19.403 19.961 19.789 19.617 19.496 19.385 19.725 19.582 19.462 19.363 19.195 19.619 19.714 19.561 19.173 19.004 18.814 19.529
525.5272 20.268 20.318 20.243 20.05 19.908 19.768 20.129 20.028 19.905 19.763 19.623 19.474 20.033 19.86 19.688 19.567 19.457 19.796 19.654 19.534 19.435 19.267 19.69 19.786 19.633 19.245 19.076 18.885 19.6
538.2046 20.34 20.389 20.314 20.121 19.979 19.84 20.201 20.099 19.977 19.835 19.694 19.546 20.104 19.931 19.76 19.639 19.528 19.868 19.725 19.605 19.506 19.338 19.762 19.857 19.704 19.316 19.147 18.957 19.672
551.1878 20.411 20.461 20.386 20.193 20.05 19.911 20.272 20.17 20.048 19.906 19.766 19.617 20.175 20.003 19.831 19.71 19.6 19.939 19.796 19.677 19.578 19.409 19.833 19.928 19.776 19.388 19.218 19.028 19.743
564.4842 20.482 20.532 20.457 20.264 20.122 19.983 20.343 20.242 20.119 19.977 19.837 19.688 20.247 20.074 19.902 19.782 19.671 20.01 19.868 19.748 19.649 19.481 19.905 20.0 19.847 19.459 19.29 19.099 19.814
578.1013 20.554 20.603 20.528 20.336 20.193 20.054 20.415 20.313 20.191 20.049 19.908 19.76 20.318 20.146 19.974 19.853 19.742 20.082 19.939 19.819 19.72 19.552 19.976 20.071 19.918 19.53 19.361 19.171 19.886
592.0469 20.625 20.675 20.6 20.407 20.265 20.125 20.486 20.385 20.262 20.12 19.98 19.831 20.39 20.217 20.045 19.924 19.814 20.153 20.011 19.891 19.792 19.624 20.047 20.143 19.99 19.602 19.433 19.242 19.957
606.329 20.697 20.746 20.671 20.478 20.336 20.197 20.558 20.456 20.333 20.192 20.051 19.903 20.461 20.288 20.117 19.996 19.885 20.225 20.082 19.962 19.863 19.695 20.119 20.214 20.061 19.673 19.504 19.314 20.029
620.9555 20.768 20.818 20.743 20.55 20.407 20.268 20.629 20.527 20.405 20.263 20.123 19.974 20.532 20.36 20.188 20.067 19.957 20.296 20.153 20.034 19.935 19.766 20.19 20.285 20.133 19.745 19.575 19.385 20.1
635.9349 20.845 20.895 20.82 20.627 20.485 20.346 20.706 20.605 20.482 20.34 20.2 20.051 20.61 20.437 20.265 20.145 20.034 20.373 20.231 20.111 20.012 19.844 20.268 20.363 20.21 19.822 19.653 19.462 20.177
651.2757 20.951 21.0 20.926 20.733 20.59 20.451 20.812 20.71 20.588 20.446 20.305 20.157 20.715 20.543 20.371 20.25 20.14 20.479 20.336 20.217 20.118 19.949 20.373 20.468 20.316 19.928 19.758 19.568 20.283
666.9865 21.057 21.106 21.031 20.838 20.696 20.557 20.918 20.816 20.693 20.552 20.411 20.263 20.821 20.648 20.476 20.356 20.245 20.585 20.442 20.322 20.223 20.055 20.479 20.574 20.421 20.033 19.864 19.673 20.388
683.0763 21.162 21.212 21.137 20.944 20.801 20.662 21.023 20.921 20.799 20.657 20.517 20.368 20.926 20.754 20.582 20.461 20.351 20.69 20.548 20.428 20.329 20.16 20.584 20.68 20.527 20.139 19.969 19.779 20.494
699.5543 21.268 21.317 21.242 21.049 20.907 20.768 21.129 21.027 20.905 20.763 20.622 20.474 21.032 20.859 20.688 20.567 20.456 20.796 20.653 20.533 20.434 20.266 20.69 20.785 20.632 20.244 20.075 19.885 20.6
716.4297 21.373 21.423 21.348 21.155 21.013 20.873 21.234 21.133 21.01 20.868 20.728 20.579 21.138 20.965 20.793 20.673 20.562 20.901 20.759 20.639 20.54 20.372 20.795 20.891 20.738 20.35 20.181 19.99 20.705
733.7123 21.479 21.528 21.454 21.261 21.118 20.979 21.34 21.238 21.116 20.974 20.833 20.685 21.243 21.071 20.899 20.778 20.667 21.007 20.864 20.745 20.645 20.477 20.901 20.996 20.843 20.456 20.286 20.096 20.811
751.4117 21.585 21.634 21.559 21.366 21.224 21.085 21.445 21.344 21.221 21.079 20.939 20.79 21.349 21.176 21.004 20.884 20.773 21.112 20.97 20.85 20.751 20.583 21.007 21.102 20.949 20.561 20.392 20.201 20.916
769.5381 21.69 21.74 21.665 21.472 21.329 21.19 21.551 21.449 21.327 21.185 21.045 20.896 21.454 21.282 21.11 20.989 20.879 21.218 21.076 20.956 20.857 20.688 21.112 21.207 21.055 20.667 20.497 20.307 21.022
788.1018 21.796 21.845 21.77 21.577 21.435 21.296 21.657 21.555 21.433 21.291 21.15 21.002 21.56 21.387 21.216 21.095 20.984 21.324 21.181 21.061 20.962 20.794 21.218 21.313 21.16 20.772 20.603 20.413 21.128
807.1133 21.922 21.972 21.897 21.704 21.562 21.422 21.783 21.682 21.559 21.417 21.277 21.128 21.687 21.514 21.342 21.221 21.111 21.45 21.308 21.188 21.089 20.921 21.344 21.44 21.287 20.899 20.73 20.539 21.254
826.5834 22.094 22.143 22.069 21.876 21.733 21.594 21.955 21.853 21.731 21.589 21.448 21.3 21.858 21.686 21.514 21.393 21.283 21.622 21.479 21.36 21.261 21.092 21.516 21.611 21.459 21.071 20.901 20.711 21.426
846.5232 22.266 22.315 22.24 22.047 21.905 21.766 22.127 22.025 21.902 21.761 21.62 21.472 22.03 21.857 21.686 21.565 21.454 21.794 21.651 21.531 21.432 21.264 21.688 21.783 21.63 21.242 21.073 20.883 21.598
866.944 22.437 22.487 22.412 22.219 22.077 21.937 22.298 22.197 22.074 21.932 21.792 21.643 22.202 22.029 21.857 21.736 21.626 21.965 21.823 21.703 21.604 21.436 21.859 21.955 21.802 21.414 21.245 21.054 21.769
887.8575 22.609 22.658 22.584 22.391 22.248 22.109 22.47 22.368 22.246 22.104 21.963 21.815 22.373 22.201 22.029 21.908 21.797 22.137 21.994 21.875 21.775 21.607 22.031 22.126 21.973 21.586 21.416 21.226 21.941
909.2754 22.781 22.83 22.755 22.562 22.42 22.281 22.642 22.54 22.417 22.276 22.135 21.987 22.545 22.372 22.2 22.08 21.969 22.309 22.166 22.046 21.947 21.779 22.203 22.298 22.145 21.757 21.588 21.398 22.113
931.21 22.952 23.002 22.927 22.734 22.592 22.452 22.813 22.712 22.589 22.447 22.307 22.158 22.717 22.544 22.372 22.251 22.141 22.48 22.338 22.218 22.119 21.951 22.374 22.47 22.317 21.929 21.76 21.569 22.284
953.6737 23.124 23.173 23.099 22.906 22.763 22.624 22.985 22.883 22.761 22.619 22.478 22.33 22.888 22.716 22.544 22.423 22.312 22.652 22.509 22.39 22.29 22.122 22.546 22.641 22.488 22.101 21.931 21.741 22.456
976.6793 23.296 23.345 23.27 23.077 22.935 22.796 23.157 23.055 22.932 22.791 22.65 22.502 23.06 22.887 22.715 22.595 22.484 22.824 22.681 22.561 22.462 22.294 22.718 22.813 22.66 22.272 22.103 21.912 22.627
1000.2399 23.467 23.517 23.442 23.249 23.107 22.967 23.328 23.227 23.104 22.962 22.822 22.673 23.232 23.059 22.887 22.766 22.656 22.995 22.853 22.733 22.634 22.466 22.889 22.985 22.832 22.444 22.275 22.084 22.799
1024.3688 23.714 23.764 23.689 23.496 23.353 23.214 23.575 23.473 23.351 23.209 23.069 22.92 23.478 23.306 23.134 23.013 22.903 23.242 23.1 22.98 22.881 22.712 23.136 23.231 23.079 22.691 22.521 22.331 23.046
1049.0798 24.049 24.098 24.024 23.831 23.688 23.549 23.91 23.808 23.686 23.544 23.403 23.255 23.813 23.641 23.469 23.348 23.238 23.577 23.434 23.315 23.216 23.047 23.471 23.566 23.414 23.026 22.856 22.666 23.381
1074.3869 24.384 24.433 24.358 24.165 24.023 23.884 24.245 24.143 24.021 23.879 23.738 23.59 24.148 23.976 23.804 23.683 23.572 23.912 23.769 23.649 23.55 23.382 23.806 23.901 23.748 23.36 23.191 23.001 23.716
1100.3045 24.719 24.768 24.693 24.5 24.358 24.219 24.58 24.478 24.355 24.214 24.073 23.925 24.483 24.31 24.139 24.018 23.907 24.247 24.104 23.984 23.885 23.717 24.141 24.236 24.083 23.695 23.526 23.336 24.051
1126.8473 25.053 25.103 25.028 24.835 24.693 24.554 24.914 24.813 24.69 24.548 24.408 24.259 24.818 24.645 24.473 24.353 24.242 24.581 24.439 24.319 24.22 24.052 24.476 24.571 24.418 24.03 23.861 23.67 24.385
1154.0304 25.388 25.438 25.363 25.17 25.028 24.888 25.249 25.148 25.025 24.883 24.743 24.594 25.153 24.98 24.808 24.687 24.577 24.916 24.774 24.654 24.555 24.387 24.81 24.906 24.753 24.365 24.196 24.005 24.72
1181.8693 25.723 25.773 25.698 25.505 25.362 25.223 25.584 25.482 25.36 25.218 25.078 24.929 25.487 25.315 25.143 25.022 24.912 25.251 25.109 24.989 24.89 24.721 25.145 25.24 25.088 24.7 24.53 24.34 25.055
1210.3797 26.058 26.107 26.033 25.84 25.697 25.558 25.919 25.817 25.695 25.553 25.412 25.264 25.822 25.65 25.478 25.357 25.246 25.586 25.443 25.324 25.225 25.056 25.48 25.575 25.422 25.035 24.865 24.675 25.39
1239.5778 26.393 26.442 26.367 26.174 26.032 25.893 26.254 26.152 26.03 25.888 25.747 25.599 26.157 25.984 25.813 25.692 25.581 25.921 25.778 25.658 25.559 25.391 25.815 25.91 25.757 25.369 25.2 25.01 25.725
1269.4803 26.728 26.777 26.702 26.509 26.367 26.228 26.589 26.487 26.364 26.223 26.082 25.934 26.492 26.319 26.147 26.027 25.916 26.256 26.113 25.993 25.894 25.726 26.15 26.245 26.092 25.704 25.535 25.345 26.06
1300.1042 27.062 27.112 27.037 26.844 26.702 26.563 26.923 26.822 26.699 26.557 26.417 26.268 26.827 26.654 26.482 26.362 26.251 26.59 26.448 26.328 26.229 26.061 26.485 26.58 26.427 26.039 25.87 25.679 26.394
1331.4668 27.397 27.447 27.372 27.179 27.037 26.897 27.258 27.157 27.034 26.892 26.752 26.603 27.162 26.989 26.817 26.696 26.586 26.925 26.783 26.663 26.564 26.396 26.819 26.915 26.762 26.374 26.205 26.014 26.729
