web/models/grb/onaxis/2/grb_0.0000_10.0000_10.0000000.dat
# %ECSV 1.0
# ---
# datatype:
# - {name: time, datatype: float64}
# - {name: swift_uvot_uvw2, datatype: float64}
# - {name: swift_uvot_uvm2, datatype: float64}
# - {name: swift_uvot_uvw1, datatype: float64}
# - {name: swift_uvot_U, datatype: float64}
# - {name: swift_uvot_B, datatype: float64}
# - {name: swift_uvot_V, datatype: float64}
# - {name: swift_uvot_W, datatype: float64}
# - {name: johnson_U, datatype: float64}
# - {name: johnson_B, datatype: float64}
# - {name: johnson_V, datatype: float64}
# - {name: johnson_R, datatype: float64}
# - {name: johnson_I, datatype: float64}
# - {name: sdss_u, datatype: float64}
# - {name: sdss_g, datatype: float64}
# - {name: sdss_r, datatype: float64}
# - {name: sdss_i, datatype: float64}
# - {name: sdss_z, datatype: float64}
# - {name: PS1_g, datatype: float64}
# - {name: PS1_r, datatype: float64}
# - {name: PS1_i, datatype: float64}
# - {name: PS1_z, datatype: float64}
# - {name: PS1_Y, datatype: float64}
# - {name: PS1_w, datatype: float64}
# - {name: ATLAS_c, datatype: float64}
# - {name: ATLAS_o, datatype: float64}
# - {name: ukirt_J, datatype: float64}
# - {name: ukirt_H, datatype: float64}
# - {name: ukirt_K, datatype: float64}
# - {name: Clear, datatype: float64}
# meta: !!omap
# - comment: [E = 0.0043396498804093575, Eta0 = 8.02, GammaB = 12.0, dL = 0.012188, epsb = 6.760829753919819e-06, epse = 0.1, n = 10.0,
#     p = 2.15, theta_obs = 0.0, xiN = 1.0, z = 0.0, type = grb, E_kiso = 10.0]
# schema: astropy-2.0
time swift_uvot_uvw2 swift_uvot_uvm2 swift_uvot_uvw1 swift_uvot_U swift_uvot_B swift_uvot_V swift_uvot_W johnson_U johnson_B johnson_V johnson_R johnson_I sdss_u sdss_g sdss_r sdss_i sdss_z PS1_g PS1_r PS1_i PS1_z PS1_Y PS1_w ATLAS_c ATLAS_o ukirt_J ukirt_H ukirt_K Clear
[from data line 140]
0.2814 -7.731 -7.682 -7.757 -7.95 -8.092 -8.231 -7.87 -7.972 -8.095 -8.236 -8.377 -8.526 -7.967 -8.14 -8.312 -8.432 -8.543 -8.203 -8.346 -8.466 -8.565 -8.733 -8.309 -8.214 -8.367 -8.755 -8.924 -9.115 -8.4
0.2882 -7.673 -7.624 -7.698 -7.891 -8.034 -8.173 -7.812 -7.914 -8.036 -8.178 -8.319 -8.467 -7.909 -8.081 -8.253 -8.374 -8.485 -8.145 -8.288 -8.408 -8.507 -8.675 -8.251 -8.156 -8.309 -8.697 -8.866 -9.056 -8.341
0.2951 -7.615 -7.565 -7.64 -7.833 -7.976 -8.115 -7.754 -7.856 -7.978 -8.12 -8.26 -8.409 -7.85 -8.023 -8.195 -8.316 -8.426 -8.087 -8.229 -8.349 -8.448 -8.617 -8.193 -8.097 -8.25 -8.638 -8.808 -8.998 -8.283
0.3022 -7.556 -7.507 -7.582 -7.775 -7.917 -8.056 -7.696 -7.797 -7.92 -8.062 -8.202 -8.351 -7.792 -7.965 -8.137 -8.257 -8.368 -8.029 -8.171 -8.291 -8.39 -8.558 -8.134 -8.039 -8.192 -8.58 -8.749 -8.94 -8.225
0.3095 -7.498 -7.449 -7.524 -7.717 -7.859 -7.998 -7.637 -7.739 -7.861 -8.003 -8.144 -8.292 -7.734 -7.906 -8.078 -8.199 -8.31 -7.97 -8.113 -8.233 -8.332 -8.5 -8.076 -7.981 -8.134 -8.522 -8.691 -8.881 -8.166
0.317 -7.44 -7.39 -7.465 -7.658 -7.801 -7.94 -7.579 -7.681 -7.803 -7.945 -8.085 -8.234 -7.676 -7.848 -8.02 -8.141 -8.251 -7.912 -8.054 -8.174 -8.273 -8.442 -8.018 -7.923 -8.075 -8.463 -8.633 -8.823 -8.108
0.3247 -7.382 -7.332 -7.407 -7.6 -7.742 -7.881 -7.521 -7.622 -7.745 -7.887 -8.027 -8.176 -7.617 -7.79 -7.962 -8.082 -8.193 -7.854 -7.996 -8.116 -8.215 -8.383 -7.959 -7.864 -8.017 -8.405 -8.574 -8.765 -8.05
0.3325 -7.323 -7.274 -7.349 -7.542 -7.684 -7.823 -7.462 -7.564 -7.686 -7.828 -7.969 -8.117 -7.559 -7.731 -7.903 -8.024 -8.135 -7.795 -7.938 -8.058 -8.157 -8.325 -7.901 -7.806 -7.959 -8.347 -8.516 -8.706 -7.991
0.3405 -7.265 -7.215 -7.29 -7.483 -7.626 -7.765 -7.404 -7.506 -7.628 -7.77 -7.91 -8.059 -7.501 -7.673 -7.845 -7.966 -8.076 -7.737 -7.879 -7.999 -8.098 -8.267 -7.843 -7.748 -7.9 -8.288 -8.458 -8.648 -7.933
0.3487 -7.211 -7.162 -7.236 -7.429 -7.572 -7.711 -7.35 -7.452 -7.574 -7.716 -7.857 -8.005 -7.447 -7.619 -7.791 -7.912 -8.022 -7.683 -7.826 -7.945 -8.044 -8.213 -7.789 -7.694 -7.846 -8.234 -8.404 -8.594 -7.879
0.3571 -7.157 -7.108 -7.183 -7.376 -7.518 -7.657 -7.296 -7.398 -7.52 -7.662 -7.803 -7.951 -7.393 -7.565 -7.737 -7.858 -7.969 -7.629 -7.772 -7.892 -7.991 -8.159 -7.735 -7.64 -7.793 -8.181 -8.35 -8.54 -7.825
0.3657 -7.103 -7.054 -7.129 -7.322 -7.464 -7.603 -7.242 -7.344 -7.466 -7.608 -7.749 -7.897 -7.339 -7.512 -7.683 -7.804 -7.915 -7.575 -7.718 -7.838 -7.937 -8.105 -7.681 -7.586 -7.739 -8.127 -8.296 -8.486 -7.771
0.3746 -7.049 -7.0 -7.075 -7.268 -7.41 -7.549 -7.189 -7.29 -7.413 -7.555 -7.695 -7.844 -7.285 -7.458 -7.63 -7.75 -7.861 -7.522 -7.664 -7.784 -7.883 -8.051 -7.627 -7.532 -7.685 -8.073 -8.242 -8.433 -7.718
0.3836 -6.996 -6.946 -7.021 -7.214 -7.356 -7.496 -7.135 -7.236 -7.359 -7.501 -7.641 -7.79 -7.231 -7.404 -7.576 -7.696 -7.807 -7.468 -7.61 -7.73 -7.829 -7.997 -7.573 -7.478 -7.631 -8.019 -8.188 -8.379 -7.664
0.3929 -6.942 -6.892 -6.967 -7.16 -7.303 -7.442 -7.081 -7.183 -7.305 -7.447 -7.587 -7.736 -7.177 -7.35 -7.522 -7.643 -7.753 -7.414 -7.556 -7.676 -7.775 -7.944 -7.52 -7.424 -7.577 -7.965 -8.135 -8.325 -7.61
0.4023 -6.888 -6.838 -6.913 -7.106 -7.249 -7.388 -7.027 -7.129 -7.251 -7.393 -7.533 -7.682 -7.124 -7.296 -7.468 -7.589 -7.699 -7.36 -7.503 -7.622 -7.721 -7.89 -7.466 -7.371 -7.523 -7.911 -8.081 -8.271 -7.556
0.412 -6.834 -6.785 -6.859 -7.052 -7.195 -7.334 -6.973 -7.075 -7.197 -7.339 -7.48 -7.628 -7.07 -7.242 -7.414 -7.535 -7.646 -7.306 -7.449 -7.569 -7.668 -7.836 -7.412 -7.317 -7.47 -7.858 -8.027 -8.217 -7.502
0.422 -6.78 -6.731 -6.806 -6.999 -7.141 -7.28 -6.919 -7.021 -7.143 -7.285 -7.426 -7.574 -7.016 -7.189 -7.36 -7.481 -7.592 -7.252 -7.395 -7.515 -7.614 -7.782 -7.358 -7.263 -7.416 -7.804 -7.973 -8.163 -7.448
0.4322 -6.726 -6.677 -6.752 -6.945 -7.087 -7.226 -6.865 -6.967 -7.089 -7.231 -7.372 -7.52 -6.962 -7.135 -7.306 -7.427 -7.538 -7.198 -7.341 -7.461 -7.56 -7.728 -7.304 -7.209 -7.362 -7.75 -7.919 -8.109 -7.394
0.4426 -6.672 -6.622 -6.697 -6.89 -7.033 -7.172 -6.811 -6.913 -7.035 -7.177 -7.317 -7.466 -6.908 -7.08 -7.252 -7.373 -7.483 -7.144 -7.286 -7.406 -7.505 -7.674 -7.25 -7.155 -7.307 -7.695 -7.865 -8.055 -7.34
0.4533 -6.617 -6.568 -6.643 -6.836 -6.978 -7.117 -6.756 -6.858 -6.981 -7.122 -7.263 -7.412 -6.853 -7.026 -7.198 -7.318 -7.429 -7.089 -7.232 -7.352 -7.451 -7.619 -7.195 -7.1 -7.253 -7.641 -7.81 -8.001 -7.286
0.4642 -6.563 -6.514 -6.588 -6.781 -6.924 -7.063 -6.702 -6.804 -6.926 -7.068 -7.208 -7.357 -6.799 -6.971 -7.143 -7.264 -7.374 -7.035 -7.178 -7.297 -7.396 -7.565 -7.141 -7.046 -7.198 -7.586 -7.756 -7.946 -7.231
0.4754 -6.509 -6.459 -6.534 -6.727 -6.869 -7.008 -6.648 -6.749 -6.872 -7.014 -7.154 -7.303 -6.744 -6.917 -7.089 -7.209 -7.32 -6.981 -7.123 -7.243 -7.342 -7.51 -7.086 -6.991 -7.144 -7.532 -7.701 -7.892 -7.177
0.4869 -6.454 -6.405 -6.479 -6.672 -6.815 -6.954 -6.593 -6.695 -6.817 -6.959 -7.1 -7.248 -6.69 -6.862 -7.034 -7.155 -7.266 -6.926 -7.069 -7.189 -7.288 -7.456 -7.032 -6.937 -7.09 -7.478 -7.647 -7.837 -7.122
0.4986 -6.4 -6.35 -6.425 -6.618 -6.76 -6.9 -6.539 -6.64 -6.763 -6.905 -7.045 -7.194 -6.635 -6.808 -6.98 -7.1 -7.211 -6.872 -7.014 -7.134 -7.233 -7.401 -6.978 -6.882 -7.035 -7.423 -7.592 -7.783 -7.068
0.5106 -6.345 -6.296 -6.371 -6.564 -6.706 -6.845 -6.484 -6.586 -6.708 -6.85 -6.991 -7.139 -6.581 -6.753 -6.925 -7.046 -7.157 -6.817 -6.96 -7.08 -7.179 -7.347 -6.923 -6.828 -6.981 -7.369 -7.538 -7.728 -7.013
0.523 -6.291 -6.241 -6.316 -6.509 -6.651 -6.791 -6.43 -6.531 -6.654 -6.796 -6.936 -7.085 -6.526 -6.699 -6.871 -6.992 -7.102 -6.763 -6.905 -7.025 -7.124 -7.292 -6.869 -6.773 -6.926 -7.314 -7.483 -7.674 -6.959
0.5356 -6.236 -6.187 -6.262 -6.455 -6.597 -6.736 -6.375 -6.477 -6.599 -6.741 -6.882 -7.03 -6.472 -6.645 -6.816 -6.937 -7.048 -6.708 -6.851 -6.971 -7.07 -7.238 -6.814 -6.719 -6.872 -7.26 -7.429 -7.619 -6.904
0.5485 -6.183 -6.133 -6.208 -6.401 -6.543 -6.683 -6.322 -6.423 -6.546 -6.688 -6.828 -6.977 -6.418 -6.591 -6.763 -6.883 -6.994 -6.655 -6.797 -6.917 -7.016 -7.184 -6.761 -6.665 -6.818 -7.206 -7.375 -7.566 -6.851
0.5617 -6.131 -6.082 -6.156 -6.349 -6.492 -6.631 -6.27 -6.372 -6.494 -6.636 -6.777 -6.925 -6.367 -6.539 -6.711 -6.832 -6.942 -6.603 -6.746 -6.865 -6.964 -7.133 -6.709 -6.614 -6.766 -7.154 -7.324 -7.514 -6.799
0.5753 -6.079 -6.03 -6.105 -6.298 -6.44 -6.579 -6.218 -6.32 -6.443 -6.584 -6.725 -6.873 -6.315 -6.488 -6.66 -6.78 -6.891 -6.551 -6.694 -6.814 -6.913 -7.081 -6.657 -6.562 -6.715 -7.103 -7.272 -7.462 -6.747
0.5891 -6.028 -5.978 -6.053 -6.246 -6.389 -6.528 -6.167 -6.269 -6.391 -6.533 -6.673 -6.822 -6.263 -6.436 -6.608 -6.729 -6.839 -6.5 -6.642 -6.762 -6.861 -7.029 -6.606 -6.51 -6.663 -7.051 -7.221 -7.411 -6.696
0.6034 -5.976 -5.927 -6.002 -6.194 -6.337 -6.476 -6.115 -6.217 -6.339 -6.481 -6.622 -6.77 -6.212 -6.384 -6.556 -6.677 -6.788 -6.448 -6.591 -6.711 -6.81 -6.978 -6.554 -6.459 -6.612 -7.0 -7.169 -7.359 -6.644
0.6179 -5.925 -5.875 -5.95 -6.143 -6.285 -6.424 -6.064 -6.165 -6.288 -6.43 -6.57 -6.719 -6.16 -6.333 -6.505 -6.625 -6.736 -6.397 -6.539 -6.659 -6.758 -6.926 -6.502 -6.407 -6.56 -6.948 -7.117 -7.308 -6.593
0.6328 -5.873 -5.823 -5.898 -6.091 -6.234 -6.373 -6.012 -6.114 -6.236 -6.378 -6.518 -6.667 -6.109 -6.281 -6.453 -6.574 -6.684 -6.345 -6.488 -6.607 -6.706 -6.875 -6.451 -6.356 -6.508 -6.896 -7.066 -7.256 -6.541
0.6481 -5.821 -5.772 -5.847 -6.04 -6.182 -6.321 -5.96 -6.062 -6.184 -6.326 -6.467 -6.615 -6.057 -6.23 -6.401 -6.522 -6.633 -6.293 -6.436 -6.556 -6.655 -6.823 -6.399 -6.304 -6.457 -6.845 -7.014 -7.204 -6.489
0.6637 -5.77 -5.72 -5.795 -5.988 -6.13 -6.27 -5.909 -6.01 -6.133 -6.275 -6.415 -6.564 -6.005 -6.178 -6.35 -6.47 -6.581 -6.242 -6.384 -6.504 -6.603 -6.771 -6.348 -6.252 -6.405 -6.793 -6.962 -7.153 -6.438
0.6797 -5.718 -5.669 -5.743 -5.936 -6.079 -6.218 -5.857 -5.959 -6.081 -6.223 -6.364 -6.512 -5.954 -6.126 -6.298 -6.419 -6.53 -6.19 -6.333 -6.452 -6.551 -6.72 -6.296 -6.201 -6.354 -6.741 -6.911 -7.101 -6.386
0.6961 -5.667 -5.618 -5.693 -5.886 -6.028 -6.167 -5.806 -5.908 -6.031 -6.172 -6.313 -6.461 -5.903 -6.076 -6.247 -6.368 -6.479 -6.139 -6.282 -6.402 -6.501 -6.669 -6.245 -6.15 -6.303 -6.691 -6.86 -7.05 -6.335
0.7129 -5.618 -5.569 -5.643 -5.836 -5.979 -6.118 -5.757 -5.859 -5.981 -6.123 -6.264 -6.412 -5.854 -6.026 -6.198 -6.319 -6.429 -6.09 -6.233 -6.352 -6.451 -6.62 -6.196 -6.101 -6.253 -6.641 -6.811 -7.001 -6.286
0.7301 -5.569 -5.519 -5.594 -5.787 -5.929 -6.068 -5.708 -5.809 -5.932 -6.074 -6.214 -6.363 -5.804 -5.977 -6.149 -6.269 -6.38 -6.041 -6.183 -6.303 -6.402 -6.57 -6.146 -6.051 -6.204 -6.592 -6.761 -6.952 -6.237
0.7477 -5.519 -5.47 -5.545 -5.738 -5.88 -6.019 -5.658 -5.76 -5.882 -6.024 -6.165 -6.313 -5.755 -5.928 -6.099 -6.22 -6.331 -5.991 -6.134 -6.254 -6.353 -6.521 -6.097 -6.002 -6.155 -6.543 -6.712 -6.902 -6.187
0.7658 -5.47 -5.42 -5.495 -5.688 -5.831 -5.97 -5.609 -5.711 -5.833 -5.975 -6.115 -6.264 -5.706 -5.878 -6.05 -6.171 -6.281 -5.942 -6.084 -6.204 -6.303 -6.472 -6.048 -5.953 -6.105 -6.493 -6.663 -6.853 -6.138
0.7842 -5.42 -5.371 -5.446 -5.639 -5.781 -5.92 -5.56 -5.661 -5.784 -5.926 -6.066 -6.215 -5.656 -5.829 -6.001 -6.121 -6.232 -5.893 -6.035 -6.155 -6.254 -6.422 -5.998 -5.903 -6.056 -6.444 -6.613 -6.804 -6.089
0.8032 -5.371 -5.322 -5.397 -5.589 -5.732 -5.871 -5.51 -5.612 -5.734 -5.876 -6.017 -6.165 -5.607 -5.779 -5.951 -6.072 -6.183 -5.843 -5.986 -6.106 -6.205 -6.373 -5.949 -5.854 -6.007 -6.395 -6.564 -6.754 -6.039
0.8225 -5.322 -5.272 -5.347 -5.54 -5.682 -5.822 -5.461 -5.562 -5.685 -5.827 -5.967 -6.116 -5.557 -5.73 -5.902 -6.023 -6.133 -5.794 -5.936 -6.056 -6.155 -6.323 -5.9 -5.804 -5.957 -6.345 -6.514 -6.705 -5.99
0.8424 -5.272 -5.223 -5.298 -5.491 -5.633 -5.772 -5.411 -5.513 -5.636 -5.777 -5.918 -6.066 -5.508 -5.681 -5.852 -5.973 -6.084 -5.744 -5.887 -6.007 -6.106 -6.274 -5.85 -5.755 -5.908 -6.296 -6.465 -6.655 -5.94
0.8627 -5.223 -5.174 -5.248 -5.441 -5.584 -5.723 -5.362 -5.464 -5.586 -5.728 -5.868 -6.017 -5.459 -5.631 -5.803 -5.924 -6.034 -5.695 -5.838 -5.957 -6.056 -6.225 -5.801 -5.706 -5.858 -6.246 -6.416 -6.606 -5.891
0.8835 -5.173 -5.124 -5.199 -5.392 -5.534 -5.673 -5.312 -5.414 -5.536 -5.678 -5.819 -5.967 -5.409 -5.582 -5.753 -5.874 -5.985 -5.645 -5.788 -5.908 -6.007 -6.175 -5.751 -5.656 -5.809 -6.197 -6.366 -6.556 -5.841
0.9048 -5.123 -5.074 -5.149 -5.342 -5.484 -5.623 -5.262 -5.364 -5.486 -5.628 -5.769 -5.917 -5.359 -5.532 -5.703 -5.824 -5.935 -5.595 -5.738 -5.858 -5.957 -6.125 -5.701 -5.606 -5.759 -6.147 -6.316 -6.506 -5.791
0.9266 -5.073 -5.024 -5.099 -5.292 -5.434 -5.573 -5.212 -5.314 -5.436 -5.578 -5.719 -5.867 -5.309 -5.482 -5.653 -5.774 -5.885 -5.545 -5.688 -5.808 -5.907 -6.075 -5.651 -5.556 -5.709 -6.097 -6.266 -6.456 -5.741
0.949 -5.023 -4.974 -5.049 -5.242 -5.384 -5.523 -5.162 -5.264 -5.386 -5.528 -5.669 -5.817 -5.259 -5.432 -5.603 -5.724 -5.835 -5.495 -5.638 -5.758 -5.857 -6.025 -5.601 -5.506 -5.659 -6.047 -6.216 -6.406 -5.691
0.9719 -4.973 -4.924 -4.999 -5.192 -5.334 -5.473 -5.112 -5.214 -5.336 -5.478 -5.619 -5.767 -5.209 -5.382 -5.553 -5.674 -5.785 -5.445 -5.588 -5.708 -5.807 -5.975 -5.551 -5.456 -5.609 -5.997 -6.166 -6.356 -5.641
0.9953 -4.923 -4.874 -4.949 -5.142 -5.284 -5.423 -5.062 -5.164 -5.286 -5.428 -5.569 -5.717 -5.159 -5.331 -5.503 -5.624 -5.735 -5.395 -5.538 -5.658 -5.757 -5.925 -5.501 -5.406 -5.559 -5.947 -6.116 -6.306 -5.591
1.0194 -4.873 -4.824 -4.899 -5.092 -5.234 -5.373 -5.012 -5.114 -5.236 -5.378 -5.519 -5.667 -5.109 -5.281 -5.453 -5.574 -5.685 -5.345 -5.488 -5.608 -5.707 -5.875 -5.451 -5.356 -5.509 -5.897 -6.066 -6.256 -5.541
1.0439 -4.823 -4.774 -4.849 -5.042 -5.184 -5.323 -4.962 -5.064 -5.186 -5.328 -5.469 -5.617 -5.059 -5.231 -5.403 -5.524 -5.635 -5.295 -5.438 -5.558 -5.657 -5.825 -5.401 -5.306 -5.459 -5.847 -6.016 -6.206 -5.491
1.0691 -4.773 -4.724 -4.799 -4.992 -5.134 -5.273 -4.912 -5.014 -5.136 -5.278 -5.419 -5.567 -5.009 -5.181 -5.353 -5.474 -5.585 -5.245 -5.388 -5.508 -5.607 -5.775 -5.351 -5.256 -5.409 -5.797 -5.966 -6.156 -5.441
1.0949 -4.723 -4.674 -4.749 -4.942 -5.084 -5.223 -4.862 -4.964 -5.086 -5.228 -5.369 -5.517 -4.959 -5.131 -5.303 -5.424 -5.535 -5.195 -5.338 -5.458 -5.557 -5.725 -5.301 -5.206 -5.359 -5.747 -5.916 -6.106 -5.391
1.1213 -4.675 -4.626 -4.701 -4.894 -5.036 -5.175 -4.815 -4.916 -5.039 -5.181 -5.321 -5.47 -4.911 -5.084 -5.256 -5.376 -5.487 -5.148 -5.29 -5.41 -5.509 -5.677 -5.253 -5.158 -5.311 -5.699 -5.868 -6.059 -5.344
1.1484 -4.629 -4.579 -4.654 -4.847 -4.989 -5.129 -4.768 -4.869 -4.992 -5.134 -5.274 -5.423 -4.864 -5.037 -5.209 -5.33 -5.44 -5.101 -5.243 -5.363 -5.462 -5.63 -5.207 -5.111 -5.264 -5.652 -5.821 -6.012 -5.297
1.1761 -4.582 -4.532 -4.607 -4.8 -4.943 -5.082 -4.721 -4.823 -4.945 -5.087 -5.227 -5.376 -4.818 -4.99 -5.162 -5.283 -5.393 -5.054 -5.197 -5.316 -5.415 -5.584 -5.16 -5.065 -5.217 -5.605 -5.775 -5.965 -5.25
1.2044 -4.535 -4.486 -4.561 -4.754 -4.896 -5.035 -4.674 -4.776 -4.898 -5.04 -5.181 -5.329 -4.771 -4.943 -5.115 -5.236 -5.347 -5.007 -5.15 -5.27 -5.369 -5.537 -5.113 -5.018 -5.171 -5.559 -5.728 -5.918 -5.203
1.2335 -4.488 -4.439 -4.514 -4.707 -4.849 -4.988 -4.627 -4.729 -4.852 -4.993 -5.134 -5.282 -4.724 -4.897 -5.069 -5.189 -5.3 -4.96 -5.103 -5.223 -5.322 -5.49 -5.066 -4.971 -5.124 -5.512 -5.681 -5.872 -5.157
1.2633 -4.442 -4.392 -4.467 -4.66 -4.802 -4.942 -4.581 -4.682 -4.805 -4.947 -5.087 -5.236 -4.677 -4.85 -5.022 -5.142 -5.253 -4.914 -5.056 -5.176 -5.275 -5.443 -5.02 -4.924 -5.077 -5.465 -5.634 -5.825 -5.11
1.2937 -4.395 -4.345 -4.42 -4.613 -4.756 -4.895 -4.534 -4.636 -4.758 -4.9 -5.04 -5.189 -4.631 -4.803 -4.975 -5.096 -5.206 -4.867 -5.009 -5.129 -5.228 -5.397 -4.973 -4.878 -5.03 -5.418 -5.588 -5.778 -5.063
1.3249 -4.348 -4.299 -4.373 -4.566 -4.709 -4.848 -4.487 -4.589 -4.711 -4.853 -4.994 -5.142 -4.584 -4.756 -4.928 -5.049 -5.16 -4.82 -4.963 -5.083 -5.182 -5.35 -4.926 -4.831 -4.984 -5.372 -5.541 -5.731 -5.016
1.3569 -4.301 -4.252 -4.327 -4.52 -4.662 -4.801 -4.44 -4.542 -4.664 -4.806 -4.947 -5.095 -4.537 -4.71 -4.881 -5.002 -5.113 -4.773 -4.916 -5.036 -5.135 -5.303 -4.879 -4.784 -4.937 -5.325 -5.494 -5.684 -4.969
1.3896 -4.255 -4.205 -4.28 -4.473 -4.615 -4.754 -4.394 -4.495 -4.618 -4.76 -4.9 -5.049 -4.49 -4.663 -4.835 -4.955 -5.066 -4.727 -4.869 -4.989 -5.088 -5.256 -4.832 -4.737 -4.89 -5.278 -5.447 -5.638 -4.923
1.4232 -4.208 -4.159 -4.234 -4.427 -4.569 -4.708 -4.348 -4.449 -4.572 -4.714 -4.854 -5.003 -4.444 -4.617 -4.789 -4.909 -5.02 -4.681 -4.823 -4.943 -5.042 -5.21 -4.786 -4.691 -4.844 -5.232 -5.401 -5.592 -4.877
1.4575 -4.163 -4.113 -4.188 -4.381 -4.523 -4.662 -4.302 -4.403 -4.526 -4.668 -4.808 -4.957 -4.398 -4.571 -4.743 -4.863 -4.974 -4.635 -4.777 -4.897 -4.996 -5.164 -4.74 -4.645 -4.798 -5.186 -5.355 -5.546 -4.831
1.4927 -4.117 -4.067 -4.142 -4.335 -4.477 -4.616 -4.256 -4.357 -4.48 -4.622 -4.762 -4.911 -4.352 -4.525 -4.697 -4.817 -4.928 -4.589 -4.731 -4.851 -4.95 -5.118 -4.694 -4.599 -4.752 -5.14 -5.309 -5.5 -4.785
1.5287 -4.071 -4.021 -4.096 -4.289 -4.431 -4.571 -4.21 -4.311 -4.434 -4.576 -4.716 -4.865 -4.306 -4.479 -4.651 -4.771 -4.882 -4.543 -4.685 -4.805 -4.904 -5.072 -4.649 -4.553 -4.706 -5.094 -5.263 -5.454 -4.739
1.5655 -4.025 -3.975 -4.05 -4.243 -4.385 -4.525 -4.164 -4.265 -4.388 -4.53 -4.67 -4.819 -4.26 -4.433 -4.605 -4.726 -4.836 -4.497 -4.639 -4.759 -4.858 -5.026 -4.603 -4.507 -4.66 -5.048 -5.217 -5.408 -4.693
1.6033 -3.979 -3.929 -4.004 -4.197 -4.339 -4.479 -4.118 -4.219 -4.342 -4.484 -4.624 -4.773 -4.214 -4.387 -4.559 -4.68 -4.79 -4.451 -4.593 -4.713 -4.812 -4.98 -4.557 -4.461 -4.614 -5.002 -5.171 -5.362 -4.647
1.642 -3.933 -3.883 -3.958 -4.151 -4.294 -4.433 -4.072 -4.174 -4.296 -4.438 -4.578 -4.727 -4.168 -4.341 -4.513 -4.634 -4.744 -4.405 -4.547 -4.667 -4.766 -4.935 -4.511 -4.415 -4.568 -4.956 -5.126 -5.316 -4.601
1.6816 -3.887 -3.837 -3.912 -4.105 -4.248 -4.387 -4.026 -4.128 -4.25 -4.392 -4.532 -4.681 -4.123 -4.295 -4.467 -4.588 -4.698 -4.359 -4.501 -4.621 -4.72 -4.889 -4.465 -4.37 -4.522 -4.91 -5.08 -5.27 -4.555
