web/models/grb/onaxis/2/grb_0.0000_26.8270_0.0000631.dat
# %ECSV 1.0
# ---
# datatype:
# - {name: time, datatype: float64}
# - {name: swift_uvot_uvw2, datatype: float64}
# - {name: swift_uvot_uvm2, datatype: float64}
# - {name: swift_uvot_uvw1, datatype: float64}
# - {name: swift_uvot_U, datatype: float64}
# - {name: swift_uvot_B, datatype: float64}
# - {name: swift_uvot_V, datatype: float64}
# - {name: swift_uvot_W, datatype: float64}
# - {name: johnson_U, datatype: float64}
# - {name: johnson_B, datatype: float64}
# - {name: johnson_V, datatype: float64}
# - {name: johnson_R, datatype: float64}
# - {name: johnson_I, datatype: float64}
# - {name: sdss_u, datatype: float64}
# - {name: sdss_g, datatype: float64}
# - {name: sdss_r, datatype: float64}
# - {name: sdss_i, datatype: float64}
# - {name: sdss_z, datatype: float64}
# - {name: PS1_g, datatype: float64}
# - {name: PS1_r, datatype: float64}
# - {name: PS1_i, datatype: float64}
# - {name: PS1_z, datatype: float64}
# - {name: PS1_Y, datatype: float64}
# - {name: PS1_w, datatype: float64}
# - {name: ATLAS_c, datatype: float64}
# - {name: ATLAS_o, datatype: float64}
# - {name: ukirt_J, datatype: float64}
# - {name: ukirt_H, datatype: float64}
# - {name: ukirt_K, datatype: float64}
# - {name: Clear, datatype: float64}
# meta: !!omap
# - comment: [E = 0.011641960487160343, Eta0 = 8.02, GammaB = 12.0, dL = 0.012188, epsb = 6.760829753919819e-06, epse = 0.1, n = 6.309573444801929e-05,
#     p = 2.15, theta_obs = 0.0, xiN = 1.0, z = 0.0, type = grb, E_kiso = 26.826957952797247]
# schema: astropy-2.0
time swift_uvot_uvw2 swift_uvot_uvm2 swift_uvot_uvw1 swift_uvot_U swift_uvot_B swift_uvot_V swift_uvot_W johnson_U johnson_B johnson_V johnson_R johnson_I sdss_u sdss_g sdss_r sdss_i sdss_z PS1_g PS1_r PS1_i PS1_z PS1_Y PS1_w ATLAS_c ATLAS_o ukirt_J ukirt_H ukirt_K Clear
[from data line 400]
138.3162 5.447 5.496 5.421 5.228 5.086 4.947 5.308 5.206 5.083 4.942 4.801 4.652 5.211 5.038 4.866 4.746 4.635 4.975 4.832 4.712 4.613 4.445 4.869 4.964 4.811 4.423 4.254 4.063 4.778
141.6528 5.489 5.539 5.464 5.271 5.129 4.989 5.35 5.249 5.126 4.984 4.844 4.695 5.254 5.081 4.909 4.789 4.678 5.017 4.875 4.755 4.656 4.488 4.911 5.007 4.854 4.466 4.297 4.106 4.821
145.0699 5.532 5.582 5.507 5.314 5.171 5.032 5.393 5.291 5.169 5.027 4.887 4.738 5.296 5.124 4.952 4.831 4.721 5.06 4.917 4.798 4.699 4.53 4.954 5.049 4.897 4.509 4.339 4.149 4.864
148.5695 5.575 5.624 5.549 5.357 5.214 5.075 5.436 5.334 5.212 5.07 4.929 4.781 5.339 5.167 4.995 4.874 4.763 5.103 4.96 4.84 4.741 4.573 4.997 5.092 4.939 4.551 4.382 4.192 4.907
152.1534 5.618 5.667 5.592 5.399 5.257 5.118 5.479 5.377 5.254 5.113 4.972 4.824 5.382 5.209 5.037 4.917 4.806 5.146 5.003 4.883 4.784 4.616 5.04 5.135 4.982 4.594 4.425 4.235 4.95
155.8238 5.66 5.71 5.635 5.442 5.3 5.16 5.521 5.42 5.297 5.155 5.015 4.866 5.425 5.252 5.08 4.96 4.849 5.188 5.046 4.926 4.827 4.659 5.082 5.178 5.025 4.637 4.468 4.277 4.992
159.5828 5.703 5.753 5.678 5.485 5.342 5.203 5.564 5.462 5.34 5.198 5.058 4.909 5.467 5.295 5.123 5.002 4.892 5.231 5.089 4.969 4.87 4.701 5.125 5.22 5.068 4.68 4.51 4.32 5.035
163.4324 5.746 5.795 5.72 5.528 5.385 5.246 5.607 5.505 5.383 5.241 5.1 4.952 5.51 5.338 5.166 5.045 4.934 5.274 5.131 5.011 4.912 4.744 5.168 5.263 5.11 4.722 4.553 4.363 5.078
167.375 5.789 5.838 5.763 5.57 5.428 5.289 5.65 5.548 5.425 5.284 5.143 4.995 5.553 5.38 5.209 5.088 4.977 5.317 5.174 5.054 4.955 4.787 5.211 5.306 5.153 4.765 4.596 4.406 5.121
171.4126 5.833 5.883 5.808 5.615 5.473 5.333 5.694 5.593 5.47 5.328 5.188 5.039 5.598 5.425 5.253 5.132 5.022 5.361 5.219 5.099 5.0 4.832 5.255 5.351 5.198 4.81 4.641 4.45 5.165
175.5476 5.878 5.928 5.853 5.66 5.517 5.378 5.739 5.637 5.515 5.373 5.233 5.084 5.642 5.47 5.298 5.177 5.067 5.406 5.264 5.144 5.045 4.876 5.3 5.395 5.243 4.855 4.685 4.495 5.21
179.7823 5.923 5.972 5.898 5.705 5.562 5.423 5.784 5.682 5.56 5.418 5.277 5.129 5.687 5.515 5.343 5.222 5.112 5.451 5.308 5.189 5.09 4.921 5.345 5.44 5.288 4.9 4.73 4.54 5.255
184.1193 5.968 6.017 5.942 5.75 5.607 5.468 5.829 5.727 5.605 5.463 5.322 5.174 5.732 5.56 5.388 5.267 5.156 5.496 5.353 5.233 5.134 4.966 5.39 5.485 5.332 4.944 4.775 4.585 5.3
188.5608 6.013 6.062 5.987 5.794 5.652 5.513 5.874 5.772 5.65 5.508 5.367 5.219 5.777 5.604 5.433 5.312 5.201 5.541 5.398 5.278 5.179 5.011 5.435 5.53 5.377 4.989 4.82 4.63 5.345
193.1095 6.058 6.107 6.032 5.839 5.697 5.558 5.918 5.817 5.694 5.553 5.412 5.263 5.822 5.649 5.477 5.357 5.246 5.586 5.443 5.323 5.224 5.056 5.48 5.575 5.422 5.034 4.865 4.674 5.389
197.7679 6.102 6.152 6.077 5.884 5.742 5.603 5.963 5.862 5.739 5.597 5.457 5.308 5.867 5.694 5.522 5.402 5.291 5.63 5.488 5.368 5.269 5.101 5.525 5.62 5.467 5.079 4.91 4.719 5.434
202.5387 6.147 6.197 6.122 5.929 5.787 5.647 6.008 5.907 5.784 5.642 5.502 5.353 5.912 5.739 5.567 5.446 5.336 5.675 5.533 5.413 5.314 5.146 5.569 5.665 5.512 5.124 4.955 4.764 5.479
207.4245 6.192 6.242 6.167 5.974 5.831 5.692 6.053 5.951 5.829 5.687 5.547 5.398 5.956 5.784 5.612 5.491 5.381 5.72 5.578 5.458 5.359 5.19 5.614 5.709 5.557 5.169 4.999 4.809 5.524
212.4283 6.237 6.286 6.211 6.018 5.876 5.737 6.098 5.996 5.874 5.732 5.591 5.443 6.001 5.829 5.657 5.536 5.425 5.765 5.622 5.502 5.403 5.235 5.659 5.754 5.601 5.213 5.044 4.854 5.569
217.5527 6.278 6.327 6.252 6.059 5.917 5.778 6.139 6.037 5.915 5.773 5.632 5.484 6.042 5.87 5.698 5.577 5.466 5.806 5.663 5.543 5.444 5.276 5.7 5.795 5.642 5.254 5.085 4.895 5.61
222.8008 6.319 6.368 6.293 6.101 5.958 5.819 6.18 6.078 5.956 5.814 5.673 5.525 6.083 5.911 5.739 5.618 5.507 5.847 5.704 5.584 5.485 5.317 5.741 5.836 5.683 5.295 5.126 4.936 5.651
228.1754 6.36 6.409 6.334 6.142 5.999 5.86 6.221 6.119 5.997 5.855 5.714 5.566 6.124 5.952 5.78 5.659 5.548 5.888 5.745 5.625 5.526 5.358 5.782 5.877 5.724 5.336 5.167 4.977 5.692
233.6797 6.401 6.45 6.375 6.183 6.04 5.901 6.262 6.16 6.038 5.896 5.755 5.607 6.165 5.993 5.821 5.7 5.589 5.929 5.786 5.666 5.567 5.399 5.823 5.918 5.765 5.377 5.208 5.018 5.733
239.3168 6.442 6.491 6.416 6.224 6.081 5.942 6.303 6.201 6.079 5.937 5.796 5.648 6.206 6.034 5.862 5.741 5.63 5.97 5.827 5.707 5.608 5.44 5.864 5.959 5.806 5.418 5.249 5.059 5.774
245.0899 6.483 6.532 6.457 6.265 6.122 5.983 6.344 6.242 6.12 5.978 5.837 5.689 6.247 6.075 5.903 5.782 5.671 6.011 5.868 5.748 5.649 5.481 5.905 6.0 5.847 5.459 5.29 5.1 5.815
251.0022 6.524 6.573 6.498 6.306 6.163 6.024 6.385 6.283 6.161 6.019 5.878 5.73 6.288 6.116 5.944 5.823 5.712 6.052 5.909 5.789 5.69 5.522 5.946 6.041 5.888 5.5 5.331 5.141 5.856
257.0572 6.565 6.614 6.54 6.347 6.204 6.065 6.426 6.324 6.202 6.06 5.919 5.771 6.329 6.157 5.985 5.864 5.753 6.093 5.95 5.83 5.731 5.563 5.987 6.082 5.929 5.541 5.372 5.182 5.897
263.2582 6.606 6.655 6.581 6.388 6.245 6.106 6.467 6.365 6.243 6.101 5.96 5.812 6.37 6.198 6.026 5.905 5.794 6.134 5.991 5.871 5.772 5.604 6.028 6.123 5.97 5.582 5.413 5.223 5.938
269.6088 6.646 6.696 6.621 6.428 6.286 6.147 6.507 6.406 6.283 6.141 6.001 5.852 6.411 6.238 6.066 5.946 5.835 6.174 6.032 5.912 5.813 5.645 6.069 6.164 6.011 5.623 5.454 5.263 5.978
276.1126 6.685 6.734 6.659 6.467 6.324 6.185 6.546 6.444 6.322 6.18 6.039 5.891 6.449 6.277 6.105 5.984 5.873 6.213 6.07 5.95 5.851 5.683 6.107 6.202 6.049 5.661 5.492 5.302 6.017
282.7734 6.723 6.773 6.698 6.505 6.363 6.223 6.584 6.483 6.36 6.218 6.078 5.929 6.488 6.315 6.143 6.022 5.912 6.251 6.109 5.989 5.89 5.722 6.145 6.241 6.088 5.7 5.531 5.34 6.055
289.5947 6.762 6.811 6.736 6.543 6.401 6.262 6.623 6.521 6.399 6.257 6.116 5.968 6.526 6.353 6.182 6.061 5.95 6.29 6.147 6.027 5.928 5.76 6.184 6.279 6.126 5.738 5.569 5.379 6.094
296.5807 6.8 6.85 6.775 6.582 6.439 6.3 6.661 6.559 6.437 6.295 6.155 6.006 6.564 6.392 6.22 6.099 5.989 6.328 6.186 6.066 5.967 5.798 6.222 6.318 6.165 5.777 5.607 5.417 6.132
303.7351 6.839 6.888 6.813 6.62 6.478 6.339 6.7 6.598 6.475 6.334 6.193 6.045 6.603 6.43 6.258 6.138 6.027 6.367 6.224 6.104 6.005 5.837 6.261 6.356 6.203 5.815 5.646 5.456 6.171
311.0622 6.877 6.927 6.852 6.659 6.516 6.377 6.738 6.636 6.514 6.372 6.232 6.083 6.641 6.469 6.297 6.176 6.066 6.405 6.262 6.143 6.044 5.875 6.299 6.394 6.242 5.854 5.684 5.494 6.209
318.566 6.916 6.965 6.89 6.697 6.555 6.416 6.776 6.675 6.552 6.41 6.27 6.121 6.68 6.507 6.335 6.215 6.104 6.443 6.301 6.181 6.082 5.914 6.338 6.433 6.28 5.892 5.723 5.532 6.247
326.2508 6.954 7.003 6.929 6.736 6.593 6.454 6.815 6.713 6.591 6.449 6.308 6.16 6.718 6.546 6.374 6.253 6.142 6.482 6.339 6.22 6.12 5.952 6.376 6.471 6.318 5.931 5.761 5.571 6.286
334.121 6.992 7.042 6.967 6.774 6.632 6.492 6.853 6.752 6.629 6.487 6.347 6.198 6.757 6.584 6.412 6.292 6.181 6.52 6.378 6.258 6.159 5.991 6.415 6.51 6.357 5.969 5.8 5.609 6.324
342.181 7.032 7.081 7.007 6.814 6.671 6.532 6.893 6.791 6.669 6.527 6.386 6.238 6.796 6.624 6.452 6.331 6.221 6.56 6.417 6.298 6.199 6.03 6.454 6.549 6.397 6.009 5.839 5.649 6.364
350.4355 7.074 7.123 7.049 6.856 6.713 6.574 6.935 6.833 6.711 6.569 6.428 6.28 6.838 6.666 6.494 6.373 6.262 6.602 6.459 6.34 6.24 6.072 6.496 6.591 6.438 6.051 5.881 5.691 6.406
358.8891 7.116 7.165 7.091 6.898 6.755 6.616 6.977 6.875 6.753 6.611 6.47 6.322 6.88 6.708 6.536 6.415 6.304 6.644 6.501 6.381 6.282 6.114 6.538 6.633 6.48 6.092 5.923 5.733 6.448
367.5467 7.158 7.207 7.133 6.94 6.797 6.658 7.019 6.917 6.795 6.653 6.512 6.364 6.922 6.75 6.578 6.457 6.346 6.686 6.543 6.423 6.324 6.156 6.58 6.675 6.522 6.134 5.965 5.775 6.49
376.4131 7.2 7.249 7.174 6.982 6.839 6.7 7.061 6.959 6.837 6.695 6.554 6.406 6.964 6.792 6.62 6.499 6.388 6.728 6.585 6.465 6.366 6.198 6.622 6.717 6.564 6.176 6.007 5.817 6.532
385.4933 7.242 7.291 7.216 7.024 6.881 6.742 7.103 7.001 6.879 6.737 6.596 6.448 7.006 6.834 6.662 6.541 6.43 6.77 6.627 6.507 6.408 6.24 6.664 6.759 6.606 6.218 6.049 5.859 6.574
394.7926 7.284 7.333 7.258 7.065 6.923 6.784 7.145 7.043 6.921 6.779 6.638 6.49 7.048 6.876 6.704 6.583 6.472 6.812 6.669 6.549 6.45 6.282 6.706 6.801 6.648 6.26 6.091 5.901 6.616
404.3163 7.326 7.375 7.3 7.107 6.965 6.826 7.187 7.085 6.963 6.821 6.68 6.532 7.09 6.918 6.746 6.625 6.514 6.854 6.711 6.591 6.492 6.324 6.748 6.843 6.69 6.302 6.133 5.943 6.658
414.0697 7.368 7.417 7.342 7.149 7.007 6.868 7.229 7.127 7.005 6.863 6.722 6.574 7.132 6.959 6.788 6.667 6.556 6.896 6.753 6.633 6.534 6.366 6.79 6.885 6.732 6.344 6.175 5.985 6.7
424.0583 7.41 7.459 7.384 7.191 7.049 6.91 7.271 7.169 7.047 6.905 6.764 6.616 7.174 7.001 6.83 6.709 6.598 6.938 6.795 6.675 6.576 6.408 6.832 6.927 6.774 6.386 6.217 6.027 6.742
434.2879 7.449 7.499 7.424 7.231 7.089 6.95 7.31 7.209 7.086 6.944 6.804 6.655 7.214 7.041 6.869 6.749 6.638 6.977 6.835 6.715 6.616 6.448 6.872 6.967 6.814 6.426 6.257 6.066 6.781
444.7643 7.487 7.536 7.461 7.268 7.126 6.987 7.347 7.246 7.123 6.981 6.841 6.692 7.251 7.078 6.906 6.786 6.675 7.014 6.872 6.752 6.653 6.485 6.909 7.004 6.851 6.463 6.294 6.103 6.818
455.4934 7.524 7.573 7.498 7.305 7.163 7.024 7.385 7.283 7.16 7.019 6.878 6.729 7.288 7.115 6.943 6.823 6.712 7.052 6.909 6.789 6.69 6.522 6.946 7.041 6.888 6.5 6.331 6.14 6.855
466.4814 7.561 7.61 7.535 7.342 7.2 7.061 7.422 7.32 7.198 7.056 6.915 6.767 7.325 7.152 6.981 6.86 6.749 7.089 6.946 6.826 6.727 6.559 6.983 7.078 6.925 6.537 6.368 6.178 6.893
477.7344 7.598 7.647 7.572 7.379 7.237 7.098 7.459 7.357 7.235 7.093 6.952 6.804 7.362 7.189 7.018 6.897 6.786 7.126 6.983 6.863 6.764 6.596 7.02 7.115 6.962 6.574 6.405 6.215 6.93
489.2588 7.635 7.684 7.609 7.416 7.274 7.135 7.496 7.394 7.272 7.13 6.989 6.841 7.399 7.227 7.055 6.934 6.823 7.163 7.02 6.9 6.801 6.633 7.057 7.152 6.999 6.611 6.442 6.252 6.967
501.0613 7.672 7.721 7.647 7.454 7.311 7.172 7.533 7.431 7.309 7.167 7.026 6.878 7.436 7.264 7.092 6.971 6.86 7.2 7.057 6.937 6.838 6.67 7.094 7.189 7.036 6.648 6.479 6.289 7.004
513.1485 7.709 7.758 7.684 7.491 7.348 7.209 7.57 7.468 7.346 7.204 7.063 6.915 7.473 7.301 7.129 7.008 6.898 7.237 7.094 6.975 6.876 6.707 7.131 7.226 7.074 6.686 6.516 6.326 7.041
525.5272 7.746 7.796 7.721 7.528 7.385 7.246 7.607 7.505 7.383 7.241 7.101 6.952 7.51 7.338 7.166 7.045 6.935 7.274 7.131 7.012 6.913 6.744 7.168 7.263 7.111 6.723 6.553 6.363 7.078
538.2046 7.783 7.833 7.758 7.565 7.422 7.283 7.644 7.542 7.42 7.278 7.138 6.989 7.547 7.375 7.203 7.082 6.972 7.311 7.169 7.049 6.95 6.781 7.205 7.3 7.148 6.76 6.59 6.4 7.115
551.1878 7.82 7.869 7.794 7.601 7.459 7.32 7.68 7.579 7.456 7.315 7.174 7.025 7.584 7.411 7.239 7.119 7.008 7.347 7.205 7.085 6.986 6.818 7.242 7.337 7.184 6.796 6.627 6.436 7.151
564.4842 7.855 7.905 7.83 7.637 7.495 7.356 7.716 7.615 7.492 7.35 7.21 7.061 7.62 7.447 7.275 7.155 7.044 7.383 7.241 7.121 7.022 6.854 7.278 7.373 7.22 6.832 6.663 6.472 7.187
578.1013 7.891 7.941 7.866 7.673 7.531 7.392 7.752 7.651 7.528 7.386 7.246 7.097 7.656 7.483 7.311 7.191 7.08 7.419 7.277 7.157 7.058 6.89 7.314 7.409 7.256 6.868 6.699 6.508 7.223
592.0469 7.927 7.977 7.902 7.709 7.567 7.427 7.788 7.687 7.564 7.422 7.282 7.133 7.692 7.519 7.347 7.226 7.116 7.455 7.313 7.193 7.094 6.926 7.349 7.445 7.292 6.904 6.735 6.544 7.259
606.329 7.963 8.013 7.938 7.745 7.602 7.463 7.824 7.722 7.6 7.458 7.318 7.169 7.728 7.555 7.383 7.262 7.152 7.491 7.349 7.229 7.13 6.962 7.385 7.481 7.328 6.94 6.77 6.58 7.295
620.9555 7.999 8.049 7.974 7.781 7.638 7.499 7.86 7.758 7.636 7.494 7.354 7.205 7.763 7.591 7.419 7.298 7.188 7.527 7.385 7.265 7.166 6.997 7.421 7.516 7.364 6.976 6.806 6.616 7.331
635.9349 8.035 8.085 8.01 7.817 7.674 7.535 7.896 7.794 7.672 7.53 7.39 7.241 7.799 7.627 7.455 7.334 7.224 7.563 7.42 7.301 7.202 7.033 7.457 7.552 7.4 7.012 6.842 6.652 7.367
651.2757 8.071 8.12 8.046 7.853 7.71 7.571 7.932 7.83 7.708 7.566 7.425 7.277 7.835 7.663 7.491 7.37 7.26 7.599 7.456 7.337 7.238 7.069 7.493 7.588 7.436 7.048 6.878 6.688 7.403
666.9865 8.107 8.156 8.082 7.889 7.746 7.607 7.968 7.866 7.744 7.602 7.461 7.313 7.871 7.699 7.527 7.406 7.295 7.635 7.492 7.372 7.273 7.105 7.529 7.624 7.471 7.083 6.914 6.724 7.439
683.0763 8.143 8.192 8.117 7.924 7.782 7.643 8.004 7.902 7.78 7.638 7.497 7.349 7.907 7.735 7.563 7.442 7.331 7.671 7.528 7.408 7.309 7.141 7.565 7.66 7.507 7.119 6.95 6.76 7.475
699.5543 8.179 8.229 8.154 7.961 7.819 7.679 8.04 7.939 7.816 7.674 7.534 7.385 7.944 7.771 7.599 7.478 7.368 7.707 7.565 7.445 7.346 7.178 7.601 7.697 7.544 7.156 6.987 6.796 7.511
716.4297 8.216 8.265 8.19 7.998 7.855 7.716 8.077 7.975 7.853 7.711 7.57 7.422 7.98 7.808 7.636 7.515 7.404 7.744 7.601 7.481 7.382 7.214 7.638 7.733 7.58 7.192 7.023 6.833 7.548
733.7123 8.252 8.302 8.227 8.034 7.892 7.753 8.113 8.012 7.889 7.747 7.607 7.458 8.017 7.844 7.672 7.552 7.441 7.78 7.638 7.518 7.419 7.251 7.675 7.77 7.617 7.229 7.06 6.869 7.584
751.4117 8.289 8.338 8.264 8.071 7.928 7.789 8.15 8.048 7.926 7.784 7.644 7.495 8.053 7.881 7.709 7.588 7.478 7.817 7.674 7.555 7.456 7.287 7.711 7.806 7.654 7.266 7.096 6.906 7.621
769.5381 8.326 8.375 8.3 8.107 7.965 7.826 8.187 8.085 7.962 7.821 7.68 7.532 8.09 7.917 7.745 7.625 7.514 7.854 7.711 7.591 7.492 7.324 7.748 7.843 7.69 7.302 7.133 6.942 7.657
788.1018 8.362 8.412 8.337 8.144 8.001 7.862 8.223 8.121 7.999 7.857 7.717 7.568 8.126 7.954 7.782 7.661 7.551 7.89 7.748 7.628 7.529 7.36 7.784 7.88 7.727 7.339 7.169 6.979 7.694
807.1133 8.399 8.448 8.373 8.18 8.038 7.899 8.26 8.158 8.036 7.894 7.753 7.605 8.163 7.99 7.819 7.698 7.587 7.927 7.784 7.664 7.565 7.397 7.821 7.916 7.763 7.375 7.206 7.016 7.731
826.5834 8.435 8.485 8.41 8.217 8.075 7.935 8.296 8.195 8.072 7.93 7.79 7.641 8.2 8.027 7.855 7.735 7.624 7.963 7.821 7.701 7.602 7.434 7.857 7.953 7.8 7.412 7.243 7.052 7.767
846.5232 8.472 8.521 8.447 8.254 8.111 7.972 8.333 8.231 8.109 7.967 7.826 7.678 8.236 8.064 7.892 7.771 7.66 8.0 7.857 7.737 7.638 7.47 7.894 7.989 7.836 7.449 7.279 7.089 7.804
866.944 8.509 8.558 8.483 8.29 8.148 8.009 8.369 8.268 8.145 8.003 7.863 7.714 8.273 8.1 7.928 7.808 7.697 8.036 7.894 7.774 7.675 7.507 7.931 8.026 7.873 7.485 7.316 7.125 7.84
887.8575 8.543 8.592 8.517 8.324 8.182 8.043 8.404 8.302 8.18 8.038 7.897 7.749 8.307 8.134 7.963 7.842 7.731 8.071 7.928 7.808 7.709 7.541 7.965 8.06 7.907 7.519 7.35 7.16 7.875
909.2754 8.577 8.626 8.551 8.358 8.216 8.077 8.438 8.336 8.214 8.072 7.931 7.783 8.341 8.169 7.997 7.876 7.765 8.105 7.962 7.842 7.743 7.575 7.999 8.094 7.941 7.553 7.384 7.194 7.909
931.21 8.611 8.66 8.585 8.392 8.25 8.111 8.472 8.37 8.248 8.106 7.965 7.817 8.375 8.203 8.031 7.91 7.799 8.139 7.996 7.876 7.777 7.609 8.033 8.128 7.975 7.587 7.418 7.228 7.943
953.6737 8.645 8.694 8.619 8.426 8.284 8.145 8.506 8.404 8.282 8.14 7.999 7.851 8.409 8.237 8.065 7.944 7.833 8.173 8.03 7.91 7.811 7.643 8.067 8.162 8.009 7.621 7.452 7.262 7.977
976.6793 8.679 8.728 8.653 8.461 8.318 8.179 8.54 8.438 8.316 8.174 8.033 7.885 8.443 8.271 8.099 7.978 7.867 8.207 8.064 7.944 7.845 7.677 8.101 8.196 8.043 7.655 7.486 7.296 8.011
1000.2399 8.713 8.762 8.687 8.495 8.352 8.213 8.574 8.472 8.35 8.208 8.067 7.919 8.477 8.305 8.133 8.012 7.901 8.241 8.098 7.978 7.879 7.711 8.135 8.23 8.077 7.689 7.52 7.33 8.045
1024.3688 8.747 8.796 8.722 8.529 8.386 8.247 8.608 8.506 8.384 8.242 8.101 7.953 8.511 8.339 8.167 8.046 7.935 8.275 8.132 8.012 7.913 7.745 8.169 8.264 8.111 7.723 7.554 7.364 8.079
1049.0798 8.781 8.83 8.756 8.563 8.42 8.281 8.642 8.54 8.418 8.276 8.135 7.987 8.545 8.373 8.201 8.08 7.969 8.309 8.166 8.046 7.947 7.779 8.203 8.298 8.145 7.757 7.588 7.398 8.113
1074.3869 8.815 8.864 8.79 8.597 8.454 8.315 8.676 8.574 8.452 8.31 8.169 8.021 8.579 8.407 8.235 8.114 8.003 8.343 8.2 8.081 7.981 7.813 8.237 8.332 8.179 7.792 7.622 7.432 8.147
1100.3045 8.849 8.898 8.823 8.63 8.488 8.349 8.71 8.608 8.486 8.344 8.203 8.055 8.613 8.441 8.269 8.148 8.037 8.377 8.234 8.114 8.015 7.847 8.271 8.366 8.213 7.825 7.656 7.466 8.181
