web/models/grb/onaxis/6/grb_0.0000_0.0518_0.0398107.dat
# %ECSV 1.0
# ---
# datatype:
# - {name: time, datatype: float64}
# - {name: swift_uvot_uvw2, datatype: float64}
# - {name: swift_uvot_uvm2, datatype: float64}
# - {name: swift_uvot_uvw1, datatype: float64}
# - {name: swift_uvot_U, datatype: float64}
# - {name: swift_uvot_B, datatype: float64}
# - {name: swift_uvot_V, datatype: float64}
# - {name: swift_uvot_W, datatype: float64}
# - {name: johnson_U, datatype: float64}
# - {name: johnson_B, datatype: float64}
# - {name: johnson_V, datatype: float64}
# - {name: johnson_R, datatype: float64}
# - {name: johnson_I, datatype: float64}
# - {name: sdss_u, datatype: float64}
# - {name: sdss_g, datatype: float64}
# - {name: sdss_r, datatype: float64}
# - {name: sdss_i, datatype: float64}
# - {name: sdss_z, datatype: float64}
# - {name: PS1_g, datatype: float64}
# - {name: PS1_r, datatype: float64}
# - {name: PS1_i, datatype: float64}
# - {name: PS1_z, datatype: float64}
# - {name: PS1_Y, datatype: float64}
# - {name: PS1_w, datatype: float64}
# - {name: ATLAS_c, datatype: float64}
# - {name: ATLAS_o, datatype: float64}
# - {name: ukirt_J, datatype: float64}
# - {name: ukirt_H, datatype: float64}
# - {name: ukirt_K, datatype: float64}
# - {name: Clear, datatype: float64}
# meta: !!omap
# - comment: [E = 2.247710667230903e-05, Eta0 = 8.02, GammaB = 12.0, dL = 0.012188, epsb = 6.760829753919819e-06, epse = 0.1, n = 0.03981071705534969,
#     p = 2.15, theta_obs = 0.0, xiN = 1.0, z = 0.0, type = grb, E_kiso = 0.05179474679231213]
# schema: astropy-2.0
time swift_uvot_uvw2 swift_uvot_uvm2 swift_uvot_uvw1 swift_uvot_U swift_uvot_B swift_uvot_V swift_uvot_W johnson_U johnson_B johnson_V johnson_R johnson_I sdss_u sdss_g sdss_r sdss_i sdss_z PS1_g PS1_r PS1_i PS1_z PS1_Y PS1_w ATLAS_c ATLAS_o ukirt_J ukirt_H ukirt_K Clear
[from data line 417]
207.4245 30.839 30.888 30.813 30.62 30.478 30.339 30.7 30.598 30.475 30.334 30.193 30.045 30.603 30.43 30.258 30.138 30.027 30.367 30.224 30.104 30.005 29.837 30.261 30.356 30.203 29.815 29.646 29.456 30.171
212.4283 31.173 31.223 31.148 30.955 30.813 30.674 31.034 30.933 30.81 30.668 30.528 30.379 30.938 30.765 30.593 30.473 30.362 30.701 30.559 30.439 30.34 30.172 30.596 30.691 30.538 30.15 29.981 29.79 30.505
217.5527 31.508 31.558 31.483 31.29 31.148 31.008 31.369 31.268 31.145 31.003 30.863 30.714 31.273 31.1 30.928 30.807 30.697 31.036 30.894 30.774 30.675 30.507 30.93 31.026 30.873 30.485 30.316 30.125 30.84
222.8008 31.843 31.893 31.818 31.625 31.482 31.343 31.704 31.602 31.48 31.338 31.198 31.049 31.607 31.435 31.263 31.142 31.032 31.371 31.229 31.109 31.01 30.841 31.265 31.36 31.208 30.82 30.65 30.46 31.175
228.1754 32.178 32.227 32.153 31.96 31.817 31.678 32.039 31.937 31.815 31.673 31.532 31.384 31.942 31.77 31.598 31.477 31.366 31.706 31.563 31.444 31.344 31.176 31.6 31.695 31.542 31.155 30.985 30.795 31.51
233.6797 32.513 32.562 32.487 32.294 32.152 32.013 32.374 32.272 32.15 32.008 31.867 31.719 32.277 32.104 31.933 31.812 31.701 32.041 31.898 31.778 31.679 31.511 31.935 32.03 31.877 31.489 31.32 31.13 31.845
239.3168 32.848 32.897 32.822 32.629 32.487 32.348 32.709 32.607 32.484 32.343 32.202 32.054 32.612 32.439 32.267 32.147 32.036 32.376 32.233 32.113 32.014 31.846 32.27 32.365 32.212 31.824 31.655 31.464 32.179
245.0899 33.182 33.232 33.157 32.964 32.822 32.683 33.043 32.942 32.819 32.677 32.537 32.388 32.947 32.774 32.602 32.482 32.371 32.71 32.568 32.448 32.349 32.181 32.605 32.7 32.547 32.159 31.99 31.799 32.514
251.0022 33.517 33.567 33.492 33.299 33.156 33.017 33.378 33.277 33.154 33.012 32.872 32.723 33.282 33.109 32.937 32.816 32.706 33.045 32.903 32.783 32.684 32.516 32.939 33.035 32.882 32.494 32.324 32.134 32.849
257.0572 33.852 33.902 33.827 33.634 33.491 33.352 33.713 33.611 33.489 33.347 33.207 33.058 33.616 33.444 33.272 33.151 33.041 33.38 33.237 33.118 33.019 32.85 33.274 33.369 33.217 32.829 32.659 32.469 33.184
263.2582 34.187 34.236 34.162 33.969 33.826 33.687 34.048 33.946 33.824 33.682 33.541 33.393 33.951 33.779 33.607 33.486 33.375 33.715 33.572 33.452 33.353 33.185 33.609 33.704 33.551 33.163 32.994 32.804 33.519
269.6088 34.522 34.571 34.496 34.303 34.161 34.022 34.383 34.281 34.159 34.017 33.876 33.728 34.286 34.113 33.942 33.821 33.71 34.05 33.907 33.787 33.688 33.52 33.944 34.039 33.886 33.498 33.329 33.139 33.854
276.1126 34.857 34.906 34.831 34.638 34.496 34.357 34.717 34.616 34.493 34.352 34.211 34.062 34.621 34.448 34.276 34.156 34.045 34.385 34.242 34.122 34.023 33.855 34.279 34.374 34.221 33.833 33.664 33.473 34.188
282.7734 35.191 35.241 35.166 34.973 34.831 34.691 35.052 34.951 34.828 34.686 34.546 34.397 34.956 34.783 34.611 34.491 34.38 34.719 34.577 34.457 34.358 34.19 34.614 34.709 34.556 34.168 33.999 33.808 34.523
289.5947 35.526 35.576 35.501 35.308 35.165 35.026 35.387 35.285 35.163 35.021 34.881 34.732 35.291 35.118 34.946 34.825 34.715 35.054 34.912 34.792 34.693 34.524 34.948 35.044 34.891 34.503 34.333 34.143 34.858
296.5807 35.861 35.91 35.836 35.643 35.5 35.361 35.722 35.62 35.498 35.356 35.216 35.067 35.625 35.453 35.281 35.16 35.05 35.389 35.246 35.127 35.028 34.859 35.283 35.378 35.226 34.838 34.668 34.478 35.193
303.7351 36.196 36.245 36.17 35.978 35.835 35.696 36.057 35.955 35.833 35.691 35.55 35.402 35.96 35.788 35.616 35.495 35.384 35.724 35.581 35.461 35.362 35.194 35.618 35.713 35.56 35.172 35.003 34.813 35.528
311.0622 36.531 36.58 36.505 36.312 36.17 36.031 36.392 36.29 36.168 36.026 35.885 35.737 36.295 36.122 35.951 35.83 35.719 36.059 35.916 35.796 35.697 35.529 35.953 36.048 35.895 35.507 35.338 35.148 35.863
318.566 36.866 36.915 36.84 36.647 36.505 36.366 36.726 36.625 36.502 36.36 36.22 36.071 36.63 36.457 36.285 36.165 36.054 36.393 36.251 36.131 36.032 35.864 36.288 36.383 36.23 35.842 35.673 35.482 36.197
326.2508 37.2 37.25 37.175 36.982 36.84 36.7 37.061 36.96 36.837 36.695 36.555 36.406 36.965 36.792 36.62 36.5 36.389 36.728 36.586 36.466 36.367 36.199 36.622 36.718 36.565 36.177 36.008 35.817 36.532
334.121 37.535 37.585 37.51 37.317 37.174 37.035 37.396 37.294 37.172 37.03 36.89 36.741 37.299 37.127 36.955 36.834 36.724 37.063 36.921 36.801 36.702 36.533 36.957 37.052 36.9 36.512 36.342 36.152 36.867
342.181 37.87 37.919 37.845 37.652 37.509 37.37 37.731 37.629 37.507 37.365 37.224 37.076 37.634 37.462 37.29 37.169 37.059 37.398 37.255 37.136 37.037 36.868 37.292 37.387 37.235 36.847 36.677 36.487 37.202
350.4355 38.205 38.254 38.179 37.986 37.844 37.705 38.066 37.964 37.842 37.7 37.559 37.411 37.969 37.797 37.625 37.504 37.393 37.733 37.59 37.47 37.371 37.203 37.627 37.722 37.569 37.181 37.012 36.822 37.537
358.8891 38.54 38.589 38.514 38.321 38.179 38.04 38.401 38.299 38.176 38.035 37.894 37.746 38.304 38.131 37.96 37.839 37.728 38.068 37.925 37.805 37.706 37.538 37.962 38.057 37.904 37.516 37.347 37.157 37.872
367.5467 38.874 38.924 38.849 38.656 38.514 38.375 38.735 38.634 38.511 38.369 38.229 38.08 38.639 38.466 38.294 38.174 38.063 38.402 38.26 38.14 38.041 37.873 38.297 38.392 38.239 37.851 37.682 37.491 38.206
376.4131 39.209 39.259 39.184 38.991 38.849 38.709 39.07 38.969 38.846 38.704 38.564 38.415 38.974 38.801 38.629 38.508 38.398 38.737 38.595 38.475 38.376 38.208 38.631 38.727 38.574 38.186 38.017 37.826 38.541
385.4933 39.544 39.594 39.519 39.326 39.183 39.044 39.405 39.303 39.181 39.039 38.899 38.75 39.308 39.136 38.964 38.843 38.733 39.072 38.93 38.81 38.711 38.542 38.966 39.061 38.909 38.521 38.351 38.161 38.876
394.7926 39.879 39.928 39.854 39.661 39.518 39.379 39.74 39.638 39.516 39.374 39.233 39.085 39.643 39.471 39.299 39.178 39.067 39.407 39.264 39.145 39.046 38.877 39.301 39.396 39.243 38.856 38.686 38.496 39.211
404.3163 40.214 40.263 40.188 39.995 39.853 39.714 40.075 39.973 39.851 39.709 39.568 39.42 39.978 39.805 39.634 39.513 39.402 39.742 39.599 39.479 39.38 39.212 39.636 39.731 39.578 39.19 39.021 38.831 39.546
414.0697 40.549 40.598 40.523 40.33 40.188 40.049 40.41 40.308 40.185 40.044 39.903 39.755 40.313 40.14 39.968 39.848 39.737 40.077 39.934 39.814 39.715 39.547 39.971 40.066 39.913 39.525 39.356 39.166 39.881
424.0583 40.883 40.933 40.858 40.665 40.523 40.384 40.744 40.643 40.52 40.378 40.238 40.089 40.648 40.475 40.303 40.183 40.072 40.411 40.269 40.149 40.05 39.882 40.306 40.401 40.248 39.86 39.691 39.5 40.215
434.2879 41.218 41.268 41.193 41.0 40.858 40.718 41.079 40.978 40.855 40.713 40.573 40.424 40.983 40.81 40.638 40.517 40.407 40.746 40.604 40.484 40.385 40.217 40.64 40.736 40.583 40.195 40.026 39.835 40.55
444.7643 41.553 41.603 41.528 41.335 41.192 41.053 41.414 41.312 41.19 41.048 40.908 40.759 41.317 41.145 40.973 40.852 40.742 41.081 40.938 40.819 40.72 40.551 40.975 41.07 40.918 40.53 40.36 40.17 40.885
455.4934 41.888 41.937 41.863 41.67 41.527 41.388 41.749 41.647 41.525 41.383 41.242 41.094 41.652 41.48 41.308 41.187 41.076 41.416 41.273 41.153 41.054 40.886 41.31 41.405 41.252 40.864 40.695 40.505 41.22
466.4814 42.223 42.272 42.197 42.004 41.862 41.723 42.084 41.982 41.86 41.718 41.577 41.429 41.987 41.814 41.643 41.522 41.411 41.751 41.608 41.488 41.389 41.221 41.645 41.74 41.587 41.199 41.03 40.84 41.555
477.7344 42.558 42.607 42.532 42.339 42.197 42.058 42.418 42.317 42.194 42.053 41.912 41.763 42.322 42.149 41.977 41.857 41.746 42.086 41.943 41.823 41.724 41.556 41.98 42.075 41.922 41.534 41.365 41.174 41.889
489.2588 42.892 42.942 42.867 42.674 42.532 42.393 42.753 42.652 42.529 42.387 42.247 42.098 42.657 42.484 42.312 42.192 42.081 42.42 42.278 42.158 42.059 41.891 42.315 42.41 42.257 41.869 41.7 41.509 42.224
501.0613 43.227 43.277 43.202 43.009 42.866 42.727 43.088 42.986 42.864 42.722 42.582 42.433 42.992 42.819 42.647 42.526 42.416 42.755 42.613 42.493 42.394 42.226 42.649 42.745 42.592 42.204 42.034 41.844 42.559
513.1485 43.562 43.612 43.537 43.344 43.201 43.062 43.423 43.321 43.199 43.057 42.917 42.768 43.326 43.154 42.982 42.861 42.751 43.09 42.947 42.828 42.729 42.56 42.984 43.079 42.927 42.539 42.369 42.179 42.894
525.5272 43.897 43.946 43.871 43.679 43.536 43.397 43.758 43.656 43.534 43.392 43.251 43.103 43.661 43.489 43.317 43.196 43.085 43.425 43.282 43.162 43.063 42.895 43.319 43.414 43.261 42.873 42.704 42.514 43.229
538.2046 44.232 44.281 44.206 44.013 43.871 43.732 44.093 43.991 43.869 43.727 43.586 43.438 43.996 43.823 43.652 43.531 43.42 43.76 43.617 43.497 43.398 43.23 43.654 43.749 43.596 43.208 43.039 42.849 43.564
551.1878 44.567 44.616 44.541 44.348 44.206 44.067 44.427 44.326 44.203 44.061 43.921 43.772 44.331 44.158 43.986 43.866 43.755 44.094 43.952 43.832 43.733 43.565 43.989 44.084 43.931 43.543 43.374 43.183 43.898
564.4842 44.901 44.951 44.876 44.683 44.541 44.401 44.762 44.661 44.538 44.396 44.256 44.107 44.666 44.493 44.321 44.201 44.09 44.429 44.287 44.167 44.068 43.9 44.323 44.419 44.266 43.878 43.709 43.518 44.233
578.1013 45.236 45.286 45.211 45.018 44.875 44.736 45.097 44.995 44.873 44.731 44.591 44.442 45.0 44.828 44.656 44.535 44.425 44.764 44.622 44.502 44.403 44.234 44.658 44.754 44.601 44.213 44.043 43.853 44.568
592.0469 45.571 45.62 45.546 45.353 45.21 45.071 45.432 45.33 45.208 45.066 44.925 44.777 45.335 45.163 44.991 44.87 44.76 45.099 44.956 44.837 44.738 44.569 44.993 45.088 44.936 44.548 44.378 44.188 44.903
606.329 45.906 45.955 45.88 45.687 45.545 45.406 45.767 45.665 45.543 45.401 45.26 45.112 45.67 45.498 45.326 45.205 45.094 45.434 45.291 45.171 45.072 44.904 45.328 45.423 45.27 44.882 44.713 44.523 45.238
620.9555 46.241 46.29 46.215 46.022 45.88 45.741 46.102 46.0 45.878 45.736 45.595 45.447 46.005 45.832 45.661 45.54 45.429 45.769 45.626 45.506 45.407 45.239 45.663 45.758 45.605 45.217 45.048 44.858 45.573
635.9349 46.576 46.625 46.55 46.357 46.215 46.076 46.436 46.335 46.212 46.07 45.93 45.781 46.34 46.167 45.995 45.875 45.764 46.103 45.961 45.841 45.742 45.574 45.998 46.093 45.94 45.552 45.383 45.192 45.907
651.2757 46.91 46.96 46.885 46.692 46.55 46.41 46.771 46.67 46.547 46.405 46.265 46.116 46.675 46.502 46.33 46.209 46.099 46.438 46.296 46.176 46.077 45.909 46.332 46.428 46.275 45.887 45.718 45.527 46.242
666.9865 47.245 47.295 47.22 47.027 46.884 46.745 47.106 47.004 46.882 46.74 46.6 46.451 47.009 46.837 46.665 46.544 46.434 46.773 46.631 46.511 46.412 46.243 46.667 46.762 46.61 46.222 46.052 45.862 46.577
683.0763 47.58 47.629 47.555 47.362 47.219 47.08 47.441 47.339 47.217 47.075 46.934 46.786 47.344 47.172 47.0 46.879 46.769 47.108 46.965 46.846 46.747 46.578 47.002 47.097 46.945 46.557 46.387 46.197 46.912
699.5543 47.915 47.964 47.889 47.696 47.554 47.415 47.776 47.674 47.552 47.41 47.269 47.121 47.679 47.507 47.335 47.214 47.103 47.443 47.3 47.18 47.081 46.913 47.337 47.432 47.279 46.891 46.722 46.532 47.247
716.4297 48.25 48.299 48.224 48.031 47.889 47.75 48.111 48.009 47.886 47.745 47.604 47.456 48.014 47.841 47.669 47.549 47.438 47.778 47.635 47.515 47.416 47.248 47.672 47.767 47.614 47.226 47.057 46.867 47.582
733.7123 48.584 48.634 48.559 48.366 48.224 48.085 48.445 48.344 48.221 48.079 47.939 47.79 48.349 48.176 48.004 47.884 47.773 48.112 47.97 47.85 47.751 47.583 48.007 48.102 47.949 47.561 47.392 47.201 47.916
751.4117 48.919 48.969 48.894 48.701 48.559 48.419 48.78 48.679 48.556 48.414 48.274 48.125 48.684 48.511 48.339 48.218 48.108 48.447 48.305 48.185 48.086 47.918 48.341 48.437 48.284 47.896 47.727 47.536 48.251
769.5381 49.254 49.304 49.229 49.036 48.893 48.754 49.115 49.013 48.891 48.749 48.609 48.46 49.018 48.846 48.674 48.553 48.443 48.782 48.64 48.52 48.421 48.252 48.676 48.771 48.619 48.231 48.061 47.871 48.586
788.1018 49.589 49.638 49.564 49.371 49.228 49.089 49.45 49.348 49.226 49.084 48.943 48.795 49.353 49.181 49.009 48.888 48.777 49.117 48.974 48.855 48.755 48.587 49.011 49.106 48.953 48.566 48.396 48.206 48.921
807.1133 49.924 49.973 49.898 49.705 49.563 49.424 49.785 49.683 49.561 49.419 49.278 49.13 49.688 49.515 49.344 49.223 49.112 49.452 49.309 49.189 49.09 48.922 49.346 49.441 49.288 48.9 48.731 48.541 49.256
826.5834 50.259 50.308 50.233 50.04 49.898 49.759 50.12 50.018 49.895 49.754 49.613 49.465 50.023 49.85 49.678 49.558 49.447 49.787 49.644 49.524 49.425 49.257 49.681 49.776 49.623 49.235 49.066 48.875 49.59
846.5232 50.593 50.643 50.568 50.375 50.233 50.094 50.454 50.353 50.23 50.088 49.948 49.799 50.358 50.185 50.013 49.893 49.782 50.121 49.979 49.859 49.76 49.592 50.016 50.111 49.958 49.57 49.401 49.21 49.925
866.944 50.928 50.978 50.903 50.71 50.567 50.428 50.789 50.688 50.565 50.423 50.283 50.134 50.693 50.52 50.348 50.227 50.117 50.456 50.314 50.194 50.095 49.927 50.35 50.446 50.293 49.905 49.735 49.545 50.26
887.8575 51.263 51.313 51.238 51.045 50.902 50.763 51.124 51.022 50.9 50.758 50.618 50.469 51.027 50.855 50.683 50.562 50.452 50.791 50.648 50.529 50.43 50.261 50.685 50.78 50.628 50.24 50.07 49.88 50.595
909.2754 51.598 51.647 51.573 51.38 51.237 51.098 51.459 51.357 51.235 51.093 50.952 50.804 51.362 51.19 51.018 50.897 50.786 51.126 50.983 50.863 50.764 50.596 51.02 51.115 50.962 50.574 50.405 50.215 50.93
931.21 51.933 51.982 51.907 51.714 51.572 51.433 51.794 51.692 51.57 51.428 51.287 51.139 51.697 51.524 51.353 51.232 51.121 51.461 51.318 51.198 51.099 50.931 51.355 51.45 51.297 50.909 50.74 50.55 51.265
953.6737 52.268 52.317 52.242 52.049 51.907 51.768 52.128 52.027 51.904 51.763 51.622 51.473 52.032 51.859 51.687 51.567 51.456 51.796 51.653 51.533 51.434 51.266 51.69 51.785 51.632 51.244 51.075 50.884 51.599
976.6793 52.602 52.652 52.577 52.384 52.242 52.102 52.463 52.362 52.239 52.097 51.957 51.808 52.367 52.194 52.022 51.902 51.791 52.13 51.988 51.868 51.769 51.601 52.025 52.12 51.967 51.579 51.41 51.219 51.934
1000.2399 52.937 52.987 52.912 52.719 52.576 52.437 52.798 52.696 52.574 52.432 52.292 52.143 52.702 52.529 52.357 52.236 52.126 52.465 52.323 52.203 52.104 51.935 52.359 52.455 52.302 51.914 51.744 51.554 52.269
1024.3688 53.272 53.321 53.247 53.054 52.911 52.772 53.133 53.031 52.909 52.767 52.627 52.478 53.036 52.864 52.692 52.571 52.461 52.8 52.657 52.538 52.439 52.27 52.694 52.789 52.637 52.249 52.079 51.889 52.604
1049.0798 53.607 53.656 53.581 53.389 53.246 53.107 53.468 53.366 53.244 53.102 52.961 52.813 53.371 53.199 53.027 52.906 52.795 53.135 52.992 52.872 52.773 52.605 53.029 53.124 52.971 52.583 52.414 52.224 52.939
1074.3869 53.942 53.991 53.916 53.723 53.581 53.442 53.803 53.701 53.579 53.437 53.296 53.148 53.706 53.533 53.362 53.241 53.13 53.47 53.327 53.207 53.108 52.94 53.364 53.459 53.306 52.918 52.749 52.559 53.274
1100.3045 54.277 54.326 54.251 54.058 53.916 53.777 54.137 54.036 53.913 53.771 53.631 53.482 54.041 53.868 53.696 53.576 53.465 53.804 53.662 53.542 53.443 53.275 53.699 53.794 53.641 53.253 53.084 52.893 53.608
1126.8473 54.611 54.661 54.586 54.393 54.251 54.111 54.472 54.371 54.248 54.106 53.966 53.817 54.376 54.203 54.031 53.911 53.8 54.139 53.997 53.877 53.778 53.61 54.033 54.129 53.976 53.588 53.419 53.228 53.943
1154.0304 54.946 54.996 54.921 54.728 54.585 54.446 54.807 54.705 54.583 54.441 54.301 54.152 54.71 54.538 54.366 54.245 54.135 54.474 54.332 54.212 54.113 53.944 54.368 54.463 54.311 53.923 53.753 53.563 54.278
1181.8693 55.281 55.33 55.256 55.063 54.92 54.781 55.142 55.04 54.918 54.776 54.635 54.487 55.045 54.873 54.701 54.58 54.47 54.809 54.666 54.547 54.448 54.279 54.703 54.798 54.646 54.258 54.088 53.898 54.613
1210.3797 55.616 55.665 55.59 55.397 55.255 55.116 55.477 55.375 55.253 55.111 54.97 54.822 55.38 55.208 55.036 54.915 54.804 55.144 55.001 54.881 54.782 54.614 55.038 55.133 54.98 54.592 54.423 54.233 54.948
1239.5778 55.951 56.0 55.925 55.732 55.59 55.451 55.812 55.71 55.587 55.446 55.305 55.157 55.715 55.542 55.371 55.25 55.139 55.479 55.336 55.216 55.117 54.949 55.373 55.468 55.315 54.927 54.758 54.568 55.283
