web/models/grb/onaxis/6/grb_0.0000_1.0000_0.0000398.dat
# %ECSV 1.0
# ---
# datatype:
# - {name: time, datatype: float64}
# - {name: swift_uvot_uvw2, datatype: float64}
# - {name: swift_uvot_uvm2, datatype: float64}
# - {name: swift_uvot_uvw1, datatype: float64}
# - {name: swift_uvot_U, datatype: float64}
# - {name: swift_uvot_B, datatype: float64}
# - {name: swift_uvot_V, datatype: float64}
# - {name: swift_uvot_W, datatype: float64}
# - {name: johnson_U, datatype: float64}
# - {name: johnson_B, datatype: float64}
# - {name: johnson_V, datatype: float64}
# - {name: johnson_R, datatype: float64}
# - {name: johnson_I, datatype: float64}
# - {name: sdss_u, datatype: float64}
# - {name: sdss_g, datatype: float64}
# - {name: sdss_r, datatype: float64}
# - {name: sdss_i, datatype: float64}
# - {name: sdss_z, datatype: float64}
# - {name: PS1_g, datatype: float64}
# - {name: PS1_r, datatype: float64}
# - {name: PS1_i, datatype: float64}
# - {name: PS1_z, datatype: float64}
# - {name: PS1_Y, datatype: float64}
# - {name: PS1_w, datatype: float64}
# - {name: ATLAS_c, datatype: float64}
# - {name: ATLAS_o, datatype: float64}
# - {name: ukirt_J, datatype: float64}
# - {name: ukirt_H, datatype: float64}
# - {name: ukirt_K, datatype: float64}
# - {name: Clear, datatype: float64}
# meta: !!omap
# - comment: [E = 0.00043396498804093575, Eta0 = 8.02, GammaB = 12.0, dL = 0.012188, epsb = 6.760829753919819e-06, epse = 0.1, n = 3.9810717055349695e-05,
#     p = 2.15, theta_obs = 0.0, xiN = 1.0, z = 0.0, type = grb, E_kiso = 1.0]
# schema: astropy-2.0
time swift_uvot_uvw2 swift_uvot_uvm2 swift_uvot_uvw1 swift_uvot_U swift_uvot_B swift_uvot_V swift_uvot_W johnson_U johnson_B johnson_V johnson_R johnson_I sdss_u sdss_g sdss_r sdss_i sdss_z PS1_g PS1_r PS1_i PS1_z PS1_Y PS1_w ATLAS_c ATLAS_o ukirt_J ukirt_H ukirt_K Clear
[from data line 417]
207.4245 11.732 11.781 11.707 11.514 11.371 11.232 11.593 11.491 11.369 11.227 11.086 10.938 11.496 11.324 11.152 11.031 10.921 11.26 11.117 10.998 10.899 10.73 11.154 11.249 11.097 10.709 10.539 10.349 11.064
212.4283 11.769 11.818 11.743 11.551 11.408 11.269 11.63 11.528 11.406 11.264 11.123 10.975 11.533 11.361 11.189 11.068 10.957 11.297 11.154 11.034 10.935 10.767 11.191 11.286 11.133 10.745 10.576 10.386 11.101
217.5527 11.805 11.854 11.779 11.586 11.444 11.305 11.666 11.564 11.442 11.3 11.159 11.011 11.569 11.397 11.225 11.104 10.993 11.333 11.19 11.07 10.971 10.803 11.227 11.322 11.169 10.781 10.612 10.422 11.137
222.8008 11.841 11.89 11.815 11.622 11.48 11.341 11.702 11.6 11.478 11.336 11.195 11.047 11.605 11.432 11.261 11.14 11.029 11.369 11.226 11.106 11.007 10.839 11.263 11.358 11.205 10.817 10.648 10.458 11.173
228.1754 11.877 11.926 11.851 11.658 11.516 11.377 11.738 11.636 11.513 11.372 11.231 11.083 11.641 11.468 11.297 11.176 11.065 11.405 11.262 11.142 11.043 10.875 11.299 11.394 11.241 10.853 10.684 10.494 11.209
233.6797 11.913 11.962 11.887 11.694 11.552 11.413 11.773 11.672 11.549 11.408 11.267 11.118 11.677 11.504 11.332 11.212 11.101 11.441 11.298 11.178 11.079 10.911 11.335 11.43 11.277 10.889 10.72 10.529 11.244
239.3168 11.949 11.998 11.923 11.73 11.588 11.449 11.809 11.708 11.585 11.443 11.303 11.154 11.713 11.54 11.368 11.248 11.137 11.476 11.334 11.214 11.115 10.947 11.371 11.466 11.313 10.925 10.756 10.565 11.28
245.0899 11.984 12.034 11.959 11.766 11.624 11.485 11.845 11.744 11.621 11.479 11.339 11.19 11.749 11.576 11.404 11.284 11.173 11.512 11.37 11.25 11.151 10.983 11.407 11.502 11.349 10.961 10.792 10.601 11.316
251.0022 12.02 12.07 11.995 11.802 11.66 11.52 11.881 11.78 11.657 11.515 11.375 11.226 11.785 11.612 11.44 11.32 11.209 11.548 11.406 11.286 11.187 11.019 11.442 11.538 11.385 10.997 10.828 10.637 11.352
257.0572 12.056 12.106 12.031 11.838 11.696 11.556 11.917 11.816 11.693 11.551 11.411 11.262 11.821 11.648 11.476 11.355 11.245 11.584 11.442 11.322 11.223 11.055 11.478 11.574 11.421 11.033 10.864 10.673 11.388
263.2582 12.092 12.142 12.067 11.874 11.731 11.592 11.953 11.851 11.729 11.587 11.447 11.298 11.856 11.684 11.512 11.391 11.281 11.62 11.478 11.358 11.259 11.09 11.514 11.61 11.457 11.069 10.899 10.709 11.424
269.6088 12.128 12.178 12.103 11.91 11.768 11.628 11.989 11.888 11.765 11.623 11.483 11.334 11.893 11.72 11.548 11.427 11.317 11.656 11.514 11.394 11.295 11.127 11.55 11.646 11.493 11.105 10.936 10.745 11.46
276.1126 12.165 12.214 12.14 11.947 11.804 11.665 12.026 11.924 11.802 11.66 11.519 11.371 11.929 11.757 11.585 11.464 11.353 11.693 11.55 11.43 11.331 11.163 11.587 11.682 11.529 11.141 10.972 10.782 11.497
282.7734 12.201 12.251 12.176 11.983 11.841 11.702 12.062 11.961 11.838 11.696 11.556 11.407 11.966 11.793 11.621 11.501 11.39 11.729 11.587 11.467 11.368 11.2 11.624 11.719 11.566 11.178 11.009 10.818 11.533
289.5947 12.238 12.288 12.213 12.02 11.877 11.738 12.099 11.997 11.875 11.733 11.593 11.444 12.002 11.83 11.658 11.537 11.427 11.766 11.623 11.504 11.405 11.236 11.66 11.755 11.603 11.215 11.045 10.855 11.57
296.5807 12.275 12.324 12.249 12.056 11.914 11.775 12.136 12.034 11.911 11.77 11.629 11.481 12.039 11.866 11.695 11.574 11.463 11.803 11.66 11.54 11.441 11.273 11.697 11.792 11.639 11.251 11.082 10.892 11.607
303.7351 12.311 12.361 12.286 12.093 11.95 11.811 12.172 12.071 11.948 11.806 11.666 11.517 12.076 11.903 11.731 11.61 11.5 11.839 11.697 11.577 11.478 11.31 11.733 11.829 11.676 11.288 11.118 10.928 11.643
311.0622 12.348 12.397 12.322 12.129 11.987 11.848 12.209 12.107 11.985 11.843 11.702 11.554 12.112 11.94 11.768 11.647 11.536 11.876 11.733 11.613 11.514 11.346 11.77 11.865 11.712 11.324 11.155 10.965 11.68
318.566 12.384 12.434 12.359 12.166 12.024 11.885 12.245 12.144 12.021 11.879 11.739 11.59 12.149 11.976 11.804 11.684 11.573 11.912 11.77 11.65 11.551 11.383 11.807 11.902 11.749 11.361 11.192 11.001 11.716
326.2508 12.421 12.47 12.396 12.203 12.06 11.921 12.282 12.18 12.058 11.916 11.775 11.627 12.185 12.013 11.841 11.72 11.61 11.949 11.806 11.687 11.588 11.419 11.843 11.938 11.786 11.398 11.228 11.038 11.753
334.121 12.458 12.507 12.432 12.239 12.097 11.958 12.318 12.217 12.094 11.953 11.812 11.663 12.222 12.049 11.877 11.757 11.646 11.986 11.843 11.723 11.624 11.456 11.88 11.975 11.822 11.434 11.265 11.074 11.789
342.181 12.493 12.542 12.468 12.275 12.132 11.993 12.354 12.252 12.13 11.988 11.847 11.699 12.257 12.085 11.913 11.792 11.681 12.021 11.878 11.759 11.66 11.491 11.915 12.01 11.857 11.47 11.3 11.11 11.825
350.4355 12.527 12.576 12.502 12.309 12.166 12.027 12.388 12.286 12.164 12.022 11.881 11.733 12.291 12.119 11.947 11.826 11.716 12.055 11.912 11.793 11.694 11.525 11.949 12.044 11.892 11.504 11.334 11.144 11.859
358.8891 12.561 12.61 12.536 12.343 12.2 12.061 12.422 12.32 12.198 12.056 11.915 11.767 12.325 12.153 11.981 11.86 11.75 12.089 11.946 11.827 11.728 11.559 11.983 12.078 11.926 11.538 11.368 11.178 11.893
367.5467 12.595 12.644 12.57 12.377 12.234 12.095 12.456 12.354 12.232 12.09 11.95 11.801 12.359 12.187 12.015 11.894 11.784 12.123 11.98 11.861 11.762 11.593 12.017 12.112 11.96 11.572 11.402 11.212 11.927
376.4131 12.629 12.678 12.604 12.411 12.268 12.129 12.49 12.388 12.266 12.124 11.984 11.835 12.393 12.221 12.049 11.928 11.818 12.157 12.014 11.895 11.796 11.627 12.051 12.146 11.994 11.606 11.436 11.246 11.961
385.4933 12.663 12.713 12.638 12.445 12.302 12.163 12.524 12.422 12.3 12.158 12.018 11.869 12.427 12.255 12.083 11.962 11.852 12.191 12.048 11.929 11.83 11.661 12.085 12.18 12.028 11.64 11.47 11.28 11.995
394.7926 12.697 12.747 12.672 12.479 12.336 12.197 12.558 12.456 12.334 12.192 12.052 11.903 12.461 12.289 12.117 11.996 11.886 12.225 12.082 11.963 11.864 11.695 12.119 12.214 12.062 11.674 11.504 11.314 12.029
404.3163 12.731 12.781 12.706 12.513 12.37 12.231 12.592 12.49 12.368 12.226 12.086 11.937 12.495 12.323 12.151 12.03 11.92 12.259 12.116 11.997 11.898 11.729 12.153 12.248 12.096 11.708 11.538 11.348 12.063
414.0697 12.765 12.815 12.74 12.547 12.404 12.265 12.626 12.524 12.402 12.26 12.12 11.971 12.529 12.357 12.185 12.064 11.954 12.293 12.151 12.031 11.932 11.763 12.187 12.282 12.13 11.742 11.572 11.382 12.097
424.0583 12.799 12.849 12.774 12.581 12.438 12.299 12.66 12.558 12.436 12.294 12.154 12.005 12.563 12.391 12.219 12.098 11.988 12.327 12.185 12.065 11.966 11.797 12.221 12.316 12.164 11.776 11.606 11.416 12.131
434.2879 12.831 12.881 12.806 12.613 12.471 12.331 12.692 12.591 12.468 12.326 12.186 12.037 12.596 12.423 12.251 12.13 12.02 12.359 12.217 12.097 11.998 11.83 12.253 12.349 12.196 11.808 11.639 11.448 12.163
444.7643 12.862 12.912 12.837 12.644 12.501 12.362 12.723 12.621 12.499 12.357 12.217 12.068 12.626 12.454 12.282 12.161 12.051 12.39 12.248 12.128 12.029 11.86 12.284 12.38 12.227 11.839 11.669 11.479 12.194
455.4934 12.893 12.943 12.868 12.675 12.532 12.393 12.754 12.652 12.53 12.388 12.248 12.099 12.657 12.485 12.313 12.192 12.082 12.421 12.279 12.159 12.06 11.891 12.315 12.41 12.258 11.87 11.7 11.51 12.225
466.4814 12.924 12.973 12.899 12.706 12.563 12.424 12.785 12.683 12.561 12.419 12.279 12.13 12.688 12.516 12.344 12.223 12.113 12.452 12.309 12.19 12.091 11.922 12.346 12.441 12.289 11.901 11.731 11.541 12.256
477.7344 12.955 13.004 12.93 12.737 12.594 12.455 12.816 12.714 12.592 12.45 12.309 12.161 12.719 12.547 12.375 12.254 12.143 12.483 12.34 12.221 12.121 11.953 12.377 12.472 12.319 11.932 11.762 11.572 12.287
489.2588 12.986 13.035 12.96 12.767 12.625 12.486 12.847 12.745 12.623 12.481 12.34 12.192 12.75 12.578 12.406 12.285 12.174 12.514 12.371 12.251 12.152 11.984 12.408 12.503 12.35 11.962 11.793 11.603 12.318
501.0613 13.017 13.066 12.991 12.798 12.656 12.517 12.878 12.776 12.654 12.512 12.371 12.223 12.781 12.608 12.437 12.316 12.205 12.545 12.402 12.282 12.183 12.015 12.439 12.534 12.381 11.993 11.824 11.634 12.349
513.1485 13.048 13.097 13.022 12.829 12.687 12.548 12.909 12.807 12.685 12.543 12.402 12.254 12.812 12.639 12.468 12.347 12.236 12.576 12.433 12.313 12.214 12.046 12.47 12.565 12.412 12.024 11.855 11.665 12.38
525.5272 13.079 13.128 13.053 12.86 12.718 12.579 12.94 12.838 12.715 12.574 12.433 12.284 12.843 12.67 12.498 12.378 12.267 12.607 12.464 12.344 12.245 12.077 12.501 12.596 12.443 12.055 11.886 11.695 12.41
538.2046 13.11 13.159 13.084 12.891 12.749 12.61 12.97 12.869 12.746 12.604 12.464 12.315 12.874 12.701 12.529 12.409 12.298 12.637 12.495 12.375 12.276 12.108 12.532 12.627 12.474 12.086 11.917 11.726 12.441
551.1878 13.141 13.19 13.115 12.922 12.78 12.641 13.001 12.9 12.777 12.636 12.495 12.346 12.905 12.732 12.56 12.44 12.329 12.669 12.526 12.406 12.307 12.139 12.563 12.658 12.505 12.117 11.948 11.757 12.472
564.4842 13.172 13.221 13.146 12.953 12.811 12.672 13.033 12.931 12.808 12.667 12.526 12.378 12.936 12.763 12.592 12.471 12.36 12.7 12.557 12.437 12.338 12.17 12.594 12.689 12.536 12.148 11.979 11.789 12.504
578.1013 13.203 13.252 13.177 12.984 12.842 12.703 13.064 12.962 12.84 12.698 12.557 12.409 12.967 12.794 12.623 12.502 12.391 12.731 12.588 12.468 12.369 12.201 12.625 12.72 12.567 12.179 12.01 11.82 12.535
592.0469 13.234 13.283 13.208 13.015 12.873 12.734 13.095 12.993 12.871 12.729 12.588 12.44 12.998 12.826 12.654 12.533 12.422 12.762 12.619 12.499 12.4 12.232 12.656 12.751 12.598 12.21 12.041 11.851 12.566
606.329 13.265 13.314 13.24 13.047 12.904 12.765 13.126 13.024 12.902 12.76 12.619 12.471 13.029 12.857 12.685 12.564 12.453 12.793 12.65 12.53 12.431 12.263 12.687 12.782 12.629 12.241 12.072 11.882 12.597
620.9555 13.296 13.345 13.271 13.078 12.935 12.796 13.157 13.055 12.933 12.791 12.65 12.502 13.06 12.888 12.716 12.595 12.485 12.824 12.681 12.562 12.463 12.294 12.718 12.813 12.661 12.273 12.103 11.913 12.628
635.9349 13.327 13.377 13.302 13.109 12.966 12.827 13.188 13.086 12.964 12.822 12.682 12.533 13.091 12.919 12.747 12.626 12.516 12.855 12.712 12.593 12.494 12.325 12.749 12.844 12.692 12.304 12.134 11.944 12.659
651.2757 13.358 13.408 13.333 13.14 12.997 12.858 13.219 13.117 12.995 12.853 12.713 12.564 13.122 12.95 12.778 12.657 12.547 12.886 12.744 12.624 12.525 12.356 12.78 12.875 12.723 12.335 12.165 11.975 12.69
666.9865 13.389 13.439 13.364 13.171 13.029 12.889 13.25 13.149 13.026 12.884 12.744 12.595 13.154 12.981 12.809 12.688 12.578 12.917 12.775 12.655 12.556 12.388 12.811 12.907 12.754 12.366 12.197 12.006 12.721
683.0763 13.42 13.47 13.395 13.202 13.06 12.92 13.281 13.18 13.057 12.915 12.775 12.626 13.185 13.012 12.84 12.72 12.609 12.948 12.806 12.686 12.587 12.419 12.842 12.938 12.785 12.397 12.228 12.037 12.752
699.5543 13.464 13.513 13.439 13.246 13.103 12.964 13.325 13.223 13.101 12.959 12.818 12.67 13.228 13.056 12.884 12.763 12.652 12.992 12.849 12.73 12.63 12.462 12.886 12.981 12.828 12.441 12.271 12.081 12.796
716.4297 13.509 13.559 13.484 13.291 13.148 13.009 13.37 13.268 13.146 13.004 12.864 12.715 13.273 13.101 12.929 12.808 12.698 13.037 12.894 12.775 12.676 12.507 12.931 13.026 12.874 12.486 12.316 12.126 12.841
733.7123 13.554 13.604 13.529 13.336 13.193 13.054 13.415 13.314 13.191 13.049 12.909 12.76 13.319 13.146 12.974 12.853 12.743 13.082 12.94 12.82 12.721 12.553 12.976 13.072 12.919 12.531 12.361 12.171 12.886
751.4117 13.599 13.649 13.574 13.381 13.239 13.099 13.46 13.359 13.236 13.094 12.954 12.805 13.364 13.191 13.019 12.899 12.788 13.127 12.985 12.865 12.766 12.598 13.022 13.117 12.964 12.576 12.407 12.216 12.931
769.5381 13.645 13.694 13.619 13.426 13.284 13.145 13.505 13.404 13.281 13.139 12.999 12.85 13.409 13.236 13.064 12.944 12.833 13.172 13.03 12.91 12.811 12.643 13.067 13.162 13.009 12.621 12.452 12.261 12.976
788.1018 13.69 13.739 13.664 13.471 13.329 13.19 13.551 13.449 13.327 13.185 13.044 12.896 13.454 13.281 13.11 12.989 12.878 13.218 13.075 12.955 12.856 12.688 13.112 13.207 13.054 12.666 12.497 12.307 13.022
807.1133 13.735 13.784 13.709 13.516 13.374 13.235 13.596 13.494 13.372 13.23 13.089 12.941 13.499 13.327 13.155 13.034 12.923 13.263 13.12 13.0 12.901 12.733 13.157 13.252 13.099 12.711 12.542 12.352 13.067
826.5834 13.78 13.829 13.755 13.562 13.419 13.28 13.641 13.539 13.417 13.275 13.134 12.986 13.544 13.372 13.2 13.079 12.968 13.308 13.165 13.046 12.947 12.778 13.202 13.297 13.144 12.757 12.587 12.397 13.112
846.5232 13.825 13.875 13.8 13.607 13.464 13.325 13.686 13.584 13.462 13.32 13.18 13.031 13.589 13.417 13.245 13.124 13.014 13.353 13.211 13.091 12.992 12.823 13.247 13.342 13.19 12.802 12.632 12.442 13.157
866.944 13.871 13.921 13.846 13.653 13.51 13.371 13.732 13.63 13.508 13.366 13.226 13.077 13.635 13.463 13.291 13.17 13.06 13.399 13.257 13.137 13.038 12.869 13.293 13.388 13.236 12.848 12.678 12.488 13.203
887.8575 13.943 13.992 13.917 13.724 13.582 13.443 13.803 13.702 13.579 13.437 13.297 13.148 13.707 13.534 13.362 13.242 13.131 13.47 13.328 13.208 13.109 12.941 13.365 13.46 13.307 12.919 12.75 12.559 13.274
909.2754 14.014 14.063 13.988 13.796 13.653 13.514 13.875 13.773 13.651 13.509 13.368 13.22 13.778 13.606 13.434 13.313 13.202 13.542 13.399 13.279 13.18 13.012 13.436 13.531 13.378 12.99 12.821 12.631 13.346
931.21 14.085 14.135 14.06 13.867 13.725 13.585 13.946 13.845 13.722 13.58 13.44 13.291 13.85 13.677 13.505 13.384 13.274 13.613 13.471 13.351 13.252 13.084 13.507 13.603 13.45 13.062 12.893 12.702 13.417
953.6737 14.157 14.206 14.131 13.938 13.796 13.657 14.018 13.916 13.794 13.652 13.511 13.363 13.921 13.748 13.577 13.456 13.345 13.685 13.542 13.422 13.323 13.155 13.579 13.674 13.521 13.133 12.964 12.774 13.489
976.6793 14.228 14.278 14.203 14.01 13.867 13.728 14.089 13.987 13.865 13.723 13.583 13.434 13.992 13.82 13.648 13.527 13.417 13.756 13.613 13.494 13.395 13.226 13.65 13.745 13.593 13.205 13.035 12.845 13.56
1000.2399 14.299 14.349 14.274 14.081 13.939 13.8 14.16 14.059 13.936 13.794 13.654 13.505 14.064 13.891 13.719 13.599 13.488 13.827 13.685 13.565 13.466 13.298 13.722 13.817 13.664 13.276 13.107 12.916 13.631
1024.3688 14.371 14.42 14.345 14.152 14.01 13.871 14.232 14.13 14.008 13.866 13.725 13.577 14.135 13.963 13.791 13.67 13.559 13.899 13.756 13.636 13.537 13.369 13.793 13.888 13.735 13.347 13.178 12.988 13.703
1049.0798 14.442 14.492 14.417 14.224 14.081 13.942 14.303 14.201 14.079 13.937 13.797 13.648 14.207 14.034 13.862 13.741 13.631 13.97 13.828 13.708 13.609 13.441 13.864 13.96 13.807 13.419 13.249 13.059 13.774
1074.3869 14.514 14.563 14.488 14.295 14.153 14.014 14.375 14.273 14.15 14.009 13.868 13.72 14.278 14.105 13.933 13.813 13.702 14.042 13.899 13.779 13.68 13.512 13.936 14.031 13.878 13.49 13.321 13.131 13.846
1100.3045 14.591 14.64 14.566 14.373 14.23 14.091 14.452 14.35 14.228 14.086 13.945 13.797 14.355 14.183 14.011 13.89 13.78 14.119 13.976 13.857 13.758 13.589 14.013 14.108 13.956 13.568 13.398 13.208 13.923
1126.8473 14.697 14.746 14.671 14.478 14.336 14.197 14.558 14.456 14.333 14.192 14.051 13.903 14.461 14.288 14.116 13.996 13.885 14.225 14.082 13.962 13.863 13.695 14.119 14.214 14.061 13.673 13.504 13.313 14.028
1154.0304 14.802 14.852 14.777 14.584 14.441 14.302 14.663 14.561 14.439 14.297 14.157 14.008 14.566 14.394 14.222 14.101 13.991 14.33 14.188 14.068 13.969 13.8 14.224 14.319 14.167 13.779 13.609 13.419 14.134
1181.8693 14.908 14.957 14.882 14.689 14.547 14.408 14.769 14.667 14.545 14.403 14.262 14.114 14.672 14.499 14.328 14.207 14.096 14.436 14.293 14.173 14.074 13.906 14.33 14.425 14.272 13.884 13.715 13.525 14.24
1210.3797 15.013 15.063 14.988 14.795 14.653 14.513 14.874 14.773 14.65 14.508 14.368 14.219 14.778 14.605 14.433 14.313 14.202 14.541 14.399 14.279 14.18 14.012 14.435 14.531 14.378 13.99 13.821 13.63 14.345
