web/models/grb/onaxis/6/grb_0.0000_0.2683_0.0006310.dat
# %ECSV 1.0
# ---
# datatype:
# - {name: time, datatype: float64}
# - {name: swift_uvot_uvw2, datatype: float64}
# - {name: swift_uvot_uvm2, datatype: float64}
# - {name: swift_uvot_uvw1, datatype: float64}
# - {name: swift_uvot_U, datatype: float64}
# - {name: swift_uvot_B, datatype: float64}
# - {name: swift_uvot_V, datatype: float64}
# - {name: swift_uvot_W, datatype: float64}
# - {name: johnson_U, datatype: float64}
# - {name: johnson_B, datatype: float64}
# - {name: johnson_V, datatype: float64}
# - {name: johnson_R, datatype: float64}
# - {name: johnson_I, datatype: float64}
# - {name: sdss_u, datatype: float64}
# - {name: sdss_g, datatype: float64}
# - {name: sdss_r, datatype: float64}
# - {name: sdss_i, datatype: float64}
# - {name: sdss_z, datatype: float64}
# - {name: PS1_g, datatype: float64}
# - {name: PS1_r, datatype: float64}
# - {name: PS1_i, datatype: float64}
# - {name: PS1_z, datatype: float64}
# - {name: PS1_Y, datatype: float64}
# - {name: ukirt_J, datatype: float64}
# - {name: ukirt_H, datatype: float64}
# - {name: ukirt_K, datatype: float64}
# meta: !!omap
# - comment: [E = 0.00011641960487160349, Eta0 = 8.02, GammaB = 12.0, dL = 0.012188, epsb = 6.760829753919819e-06, epse = 0.1, n = 0.000630957344480193,
#     p = 2.15, theta_obs = 0.0, xiN = 1.0, z = 0.0, type = grb, E_kiso = 0.2682695795279726]
# schema: astropy-2.0
time swift_uvot_uvw2 swift_uvot_uvm2 swift_uvot_uvw1 swift_uvot_U swift_uvot_B swift_uvot_V swift_uvot_W johnson_U johnson_B johnson_V johnson_R johnson_I sdss_u sdss_g sdss_r sdss_i sdss_z PS1_g PS1_r PS1_i PS1_z PS1_Y ukirt_J ukirt_H ukirt_K
[from data line 385]
96.7365 11.696 11.746 11.671 11.478 11.336 11.197 11.557 11.456 11.333 11.191 11.051 10.902 11.461 11.288 11.116 10.996 10.885 11.224 11.082 10.962 10.863 10.695 10.673 10.504 10.313
99.0701 11.73 11.78 11.705 11.512 11.37 11.231 11.591 11.49 11.367 11.225 11.085 10.936 11.495 11.322 11.15 11.03 10.919 11.258 11.116 10.996 10.897 10.729 10.707 10.538 10.347
101.4599 11.764 11.814 11.739 11.546 11.404 11.265 11.625 11.524 11.401 11.259 11.119 10.97 11.529 11.356 11.184 11.064 10.953 11.292 11.15 11.03 10.931 10.763 10.741 10.572 10.381
103.9075 11.798 11.848 11.773 11.58 11.438 11.299 11.659 11.558 11.435 11.293 11.153 11.004 11.563 11.39 11.218 11.098 10.987 11.326 11.184 11.064 10.965 10.797 10.775 10.606 10.415
106.4141 11.833 11.882 11.807 11.614 11.472 11.333 11.693 11.592 11.469 11.327 11.187 11.038 11.597 11.424 11.252 11.132 11.021 11.36 11.218 11.098 10.999 10.831 10.809 10.64 10.449
108.9811 11.867 11.916 11.841 11.648 11.506 11.367 11.727 11.626 11.503 11.361 11.221 11.072 11.631 11.458 11.286 11.166 11.055 11.394 11.252 11.132 11.033 10.865 10.843 10.674 10.483
111.6101 11.899 11.948 11.873 11.68 11.538 11.399 11.759 11.658 11.535 11.394 11.253 11.104 11.663 11.49 11.318 11.198 11.087 11.427 11.284 11.164 11.065 10.897 10.875 10.706 10.515
114.3025 11.929 11.979 11.904 11.711 11.569 11.43 11.79 11.689 11.566 11.424 11.284 11.135 11.694 11.521 11.349 11.229 11.118 11.457 11.315 11.195 11.096 10.928 10.906 10.737 10.546
117.0598 11.96 12.01 11.935 11.742 11.6 11.46 11.821 11.72 11.597 11.455 11.315 11.166 11.725 11.552 11.38 11.26 11.149 11.488 11.346 11.226 11.127 10.959 10.937 10.768 10.577
119.8836 11.991 12.041 11.966 11.773 11.631 11.491 11.852 11.751 11.628 11.486 11.346 11.197 11.756 11.583 11.411 11.29 11.18 11.519 11.377 11.257 11.158 10.99 10.968 10.799 10.608
122.7756 12.022 12.072 11.997 11.804 11.661 11.522 11.883 11.781 11.659 11.517 11.377 11.228 11.787 11.614 11.442 11.321 11.211 11.55 11.408 11.288 11.189 11.02 10.999 10.829 10.639
125.7373 12.053 12.103 12.028 11.835 11.692 11.553 11.914 11.812 11.69 11.548 11.408 11.259 11.817 11.645 11.473 11.352 11.242 11.581 11.439 11.319 11.22 11.051 11.03 10.86 10.67
128.7705 12.084 12.133 12.059 11.866 11.723 11.584 11.945 11.843 11.721 11.579 11.439 11.29 11.848 11.676 11.504 11.383 11.273 11.612 11.469 11.35 11.251 11.082 11.061 10.891 10.701
131.8769 12.115 12.164 12.09 11.897 11.754 11.615 11.976 11.874 11.752 11.61 11.469 11.321 11.879 11.707 11.535 11.414 11.303 11.643 11.5 11.381 11.281 11.113 11.092 10.922 10.732
135.0582 12.146 12.195 12.12 11.928 11.785 11.646 12.007 11.905 11.783 11.641 11.5 11.352 11.91 11.738 11.566 11.445 11.334 11.674 11.531 11.411 11.312 11.144 11.122 10.953 10.763
138.3162 12.177 12.226 12.151 11.958 11.816 11.677 12.038 11.936 11.814 11.672 11.531 11.383 11.941 11.768 11.597 11.476 11.365 11.705 11.562 11.442 11.343 11.175 11.153 10.984 10.794
141.6528 12.208 12.257 12.182 11.989 11.847 11.708 12.069 11.967 11.845 11.703 11.562 11.414 11.972 11.8 11.628 11.507 11.396 11.736 11.593 11.473 11.374 11.206 11.184 11.015 10.825
145.0699 12.239 12.288 12.214 12.021 11.878 11.739 12.1 11.998 11.876 11.734 11.593 11.445 12.003 11.831 11.659 11.538 11.427 11.767 11.624 11.504 11.405 11.237 11.215 11.046 10.856
148.5695 12.27 12.319 12.245 12.052 11.909 11.77 12.131 12.029 11.907 11.765 11.624 11.476 12.034 11.862 11.69 11.569 11.459 11.798 11.655 11.536 11.437 11.268 11.247 11.077 10.887
152.1534 12.301 12.351 12.276 12.083 11.94 11.801 12.162 12.06 11.938 11.796 11.656 11.507 12.065 11.893 11.721 11.6 11.49 11.829 11.686 11.567 11.468 11.299 11.278 11.108 10.918
155.8238 12.332 12.382 12.307 12.114 11.971 11.832 12.193 12.091 11.969 11.827 11.687 11.538 12.096 11.924 11.752 11.631 11.521 11.86 11.718 11.598 11.499 11.33 11.309 11.139 10.949
159.5828 12.363 12.413 12.338 12.145 12.003 11.863 12.224 12.123 12.0 11.858 11.718 11.569 12.128 11.955 11.783 11.662 11.552 11.891 11.749 11.629 11.53 11.362 11.34 11.171 10.98
163.4324 12.394 12.444 12.369 12.176 12.034 11.894 12.255 12.154 12.031 11.889 11.749 11.6 12.159 11.986 11.814 11.694 11.583 11.922 11.78 11.66 11.561 11.393 11.371 11.202 11.011
167.375 12.425 12.475 12.4 12.207 12.065 11.926 12.286 12.185 12.062 11.92 11.78 11.631 12.19 12.017 11.845 11.725 11.614 11.953 11.811 11.691 11.592 11.424 11.402 11.233 11.042
171.4126 12.457 12.506 12.431 12.238 12.096 11.957 12.317 12.216 12.093 11.952 11.811 11.662 12.221 12.048 11.876 11.756 11.645 11.984 11.842 11.722 11.623 11.455 11.433 11.264 11.073
175.5476 12.488 12.537 12.462 12.269 12.127 11.988 12.349 12.247 12.124 11.983 11.842 11.694 12.252 12.079 11.907 11.787 11.676 12.016 11.873 11.753 11.654 11.486 11.464 11.295 11.105
179.7823 12.532 12.581 12.506 12.313 12.171 12.032 12.393 12.291 12.169 12.027 11.886 11.738 12.296 12.123 11.952 11.831 11.72 12.06 11.917 11.797 11.698 11.53 11.508 11.339 11.149
184.1193 12.577 12.626 12.552 12.359 12.216 12.077 12.438 12.336 12.214 12.072 11.931 11.783 12.341 12.169 11.997 11.876 11.765 12.105 11.962 11.842 11.743 11.575 11.553 11.384 11.194
188.5608 12.622 12.672 12.597 12.404 12.261 12.122 12.483 12.381 12.259 12.117 11.977 11.828 12.386 12.214 12.042 11.921 11.811 12.15 12.007 11.888 11.789 11.62 11.599 11.429 11.239
193.1095 12.667 12.717 12.642 12.449 12.306 12.167 12.528 12.426 12.304 12.162 12.022 11.873 12.432 12.259 12.087 11.966 11.856 12.195 12.053 11.933 11.834 11.665 11.644 11.474 11.284
197.7679 12.712 12.762 12.687 12.494 12.352 12.212 12.573 12.472 12.349 12.207 12.067 11.918 12.477 12.304 12.132 12.012 11.901 12.24 12.098 11.978 11.879 11.711 11.689 11.52 11.329
202.5387 12.758 12.807 12.732 12.539 12.397 12.258 12.618 12.517 12.394 12.252 12.112 11.963 12.522 12.349 12.177 12.057 11.946 12.285 12.143 12.023 11.924 11.756 11.734 11.565 11.374
207.4245 12.803 12.852 12.777 12.584 12.442 12.303 12.664 12.562 12.439 12.298 12.157 12.009 12.567 12.394 12.223 12.102 11.991 12.331 12.188 12.068 11.969 11.801 11.779 11.61 11.42
212.4283 12.848 12.897 12.822 12.629 12.487 12.348 12.709 12.607 12.485 12.343 12.202 12.054 12.612 12.44 12.268 12.147 12.036 12.376 12.233 12.113 12.014 11.846 11.824 11.655 11.465
217.5527 12.893 12.942 12.868 12.675 12.532 12.393 12.754 12.652 12.53 12.388 12.247 12.099 12.657 12.485 12.313 12.192 12.081 12.421 12.278 12.159 12.059 11.891 11.87 11.7 11.51
222.8008 12.94 12.989 12.915 12.722 12.579 12.44 12.801 12.699 12.577 12.435 12.294 12.146 12.704 12.532 12.36 12.239 12.128 12.468 12.325 12.206 12.106 11.938 11.917 11.747 11.557
228.1754 13.011 13.061 12.986 12.793 12.651 12.511 12.872 12.771 12.648 12.506 12.366 12.217 12.776 12.603 12.431 12.311 12.2 12.539 12.397 12.277 12.178 12.01 11.988 11.819 11.628
233.6797 13.083 13.132 13.057 12.864 12.722 12.583 12.944 12.842 12.72 12.578 12.437 12.289 12.847 12.674 12.503 12.382 12.271 12.611 12.468 12.348 12.249 12.081 12.059 11.89 11.7
239.3168 13.154 13.204 13.129 12.936 12.793 12.654 13.015 12.913 12.791 12.649 12.509 12.36 12.918 12.746 12.574 12.453 12.343 12.682 12.54 12.42 12.321 12.152 12.131 11.961 11.771
245.0899 13.226 13.275 13.2 13.007 12.865 12.726 13.086 12.985 12.862 12.72 12.58 12.431 12.99 12.817 12.645 12.525 12.414 12.753 12.611 12.491 12.392 12.224 12.202 12.033 11.842
251.0022 13.297 13.346 13.272 13.079 12.936 12.797 13.158 13.056 12.934 12.792 12.651 12.503 13.061 12.889 12.717 12.596 12.485 12.825 12.682 12.562 12.463 12.295 12.273 12.104 11.914
257.0572 13.368 13.418 13.343 13.15 13.008 12.868 13.229 13.128 13.005 12.863 12.723 12.574 13.133 12.96 12.788 12.667 12.557 12.896 12.754 12.634 12.535 12.367 12.345 12.176 11.985
263.2582 13.44 13.489 13.414 13.221 13.079 12.94 13.301 13.199 13.077 12.935 12.794 12.646 13.204 13.031 12.86 12.739 12.628 12.968 12.825 12.705 12.606 12.438 12.416 12.247 12.057
269.6088 13.511 13.561 13.486 13.293 13.15 13.011 13.372 13.27 13.148 13.006 12.866 12.717 13.275 13.103 12.931 12.81 12.7 13.039 12.896 12.777 12.678 12.509 12.488 12.318 12.128
276.1126 13.582 13.632 13.557 13.364 13.222 13.083 13.443 13.342 13.219 13.077 12.937 12.788 13.347 13.174 13.002 12.882 12.771 13.11 12.968 12.848 12.749 12.581 12.559 12.39 12.199
282.7734 13.661 13.711 13.636 13.443 13.3 13.161 13.522 13.42 13.298 13.156 13.016 12.867 13.425 13.253 13.081 12.96 12.85 13.189 13.047 12.927 12.828 12.659 12.638 12.468 12.278
289.5947 13.767 13.816 13.741 13.548 13.406 13.267 13.628 13.526 13.404 13.262 13.121 12.973 13.531 13.358 13.187 13.066 12.955 13.295 13.152 13.032 12.933 12.765 12.743 12.574 12.384
296.5807 13.872 13.922 13.847 13.654 13.512 13.372 13.733 13.632 13.509 13.367 13.227 13.078 13.637 13.464 13.292 13.172 13.061 13.4 13.258 13.138 13.039 12.871 12.849 12.68 12.489
303.7351 13.978 14.027 13.953 13.76 13.617 13.478 13.839 13.737 13.615 13.473 13.332 13.184 13.742 13.57 13.398 13.277 13.166 13.506 13.363 13.244 13.144 12.976 12.955 12.785 12.595
311.0622 14.084 14.133 14.058 13.865 13.723 13.584 13.944 13.843 13.72 13.578 13.438 13.289 13.848 13.675 13.503 13.383 13.272 13.611 13.469 13.349 13.25 13.082 13.06 12.891 12.7
318.566 14.189 14.239 14.164 13.971 13.828 13.689 14.05 13.948 13.826 13.684 13.544 13.395 13.953 13.781 13.609 13.488 13.378 13.717 13.575 13.455 13.356 13.187 13.166 12.996 12.806
326.2508 14.295 14.344 14.269 14.076 13.934 13.795 14.156 14.054 13.932 13.79 13.649 13.501 14.059 13.886 13.715 13.594 13.483 13.823 13.68 13.56 13.461 13.293 13.271 13.102 12.912
334.121 14.4 14.45 14.375 14.182 14.04 13.9 14.261 14.16 14.037 13.895 13.755 13.606 14.165 13.992 13.82 13.699 13.589 13.928 13.786 13.666 13.567 13.399 13.377 13.208 13.017
342.181 14.506 14.555 14.48 14.288 14.145 14.006 14.367 14.265 14.143 14.001 13.86 13.712 14.27 14.098 13.926 13.805 13.694 14.034 13.891 13.771 13.672 13.504 13.482 13.313 13.123
350.4355 14.611 14.661 14.586 14.393 14.251 14.112 14.472 14.371 14.248 14.106 13.966 13.817 14.376 14.203 14.031 13.911 13.8 14.139 13.997 13.877 13.778 13.61 13.588 13.419 13.228
358.8891 14.741 14.79 14.715 14.522 14.38 14.241 14.602 14.5 14.378 14.236 14.095 13.947 14.505 14.332 14.161 14.04 13.929 14.269 14.126 14.006 13.907 13.739 13.717 13.548 13.358
367.5467 14.912 14.962 14.887 14.694 14.552 14.412 14.773 14.672 14.549 14.407 14.267 14.118 14.677 14.504 14.332 14.211 14.101 14.44 14.298 14.178 14.079 13.911 13.889 13.72 13.529
376.4131 15.084 15.133 15.059 14.866 14.723 14.584 14.945 14.843 14.721 14.579 14.438 14.29 14.848 14.676 14.504 14.383 14.273 14.612 14.469 14.35 14.251 14.082 14.061 13.891 13.701
385.4933 15.256 15.305 15.23 15.037 14.895 14.756 15.117 15.015 14.892 14.751 14.61 14.462 15.02 14.847 14.676 14.555 14.444 14.784 14.641 14.521 14.422 14.254 14.232 14.063 13.873
394.7926 15.427 15.477 15.402 15.209 15.067 14.927 15.288 15.187 15.064 14.922 14.782 14.633 15.192 15.019 14.847 14.726 14.616 14.955 14.813 14.693 14.594 14.426 14.404 14.235 14.044
404.3163 15.599 15.648 15.574 15.381 15.238 15.099 15.46 15.358 15.236 15.094 14.953 14.805 15.363 15.191 15.019 14.898 14.787 15.127 14.984 14.865 14.766 14.597 14.576 14.406 14.216
414.0697 15.771 15.82 15.745 15.552 15.41 15.271 15.632 15.53 15.407 15.266 15.125 14.977 15.535 15.362 15.19 15.07 14.959 15.299 15.156 15.036 14.937 14.769 14.747 14.578 14.388
424.0583 15.942 15.992 15.917 15.724 15.582 15.442 15.803 15.702 15.579 15.437 15.297 15.148 15.707 15.534 15.362 15.241 15.131 15.47 15.328 15.208 15.109 14.941 14.919 14.75 14.559
434.2879 16.114 16.163 16.089 15.896 15.753 15.614 15.975 15.873 15.751 15.609 15.468 15.32 15.878 15.706 15.534 15.413 15.302 15.642 15.499 15.38 15.28 15.112 15.091 14.921 14.731
444.7643 16.286 16.335 16.26 16.067 15.925 15.786 16.147 16.045 15.922 15.781 15.64 15.492 16.05 15.877 15.705 15.585 15.474 15.814 15.671 15.551 15.452 15.284 15.262 15.093 14.903
455.4934 16.539 16.588 16.514 16.321 16.178 16.039 16.4 16.298 16.176 16.034 15.893 15.745 16.303 16.131 15.959 15.838 15.727 16.067 15.924 15.805 15.705 15.537 15.516 15.346 15.156
466.4814 16.874 16.923 16.848 16.655 16.513 16.374 16.735 16.633 16.511 16.369 16.228 16.08 16.638 16.465 16.294 16.173 16.062 16.402 16.259 16.139 16.04 15.872 15.85 15.681 15.491
477.7344 17.209 17.258 17.183 16.99 16.848 16.709 17.07 16.968 16.845 16.704 16.563 16.415 16.973 16.8 16.628 16.508 16.397 16.737 16.594 16.474 16.375 16.207 16.185 16.016 15.825
489.2588 17.543 17.593 17.518 17.325 17.183 17.044 17.404 17.303 17.18 17.038 16.898 16.749 17.308 17.135 16.963 16.843 16.732 17.071 16.929 16.809 16.71 16.542 16.52 16.351 16.16
501.0613 17.878 17.928 17.853 17.66 17.517 17.378 17.739 17.638 17.515 17.373 17.233 17.084 17.643 17.47 17.298 17.177 17.067 17.406 17.264 17.144 17.045 16.877 16.855 16.685 16.495
513.1485 18.213 18.263 18.188 17.995 17.852 17.713 18.074 17.972 17.85 17.708 17.568 17.419 17.977 17.805 17.633 17.512 17.402 17.741 17.598 17.479 17.38 17.211 17.19 17.02 16.83
525.5272 18.548 18.597 18.523 18.33 18.187 18.048 18.409 18.307 18.185 18.043 17.902 17.754 18.312 18.14 17.968 17.847 17.736 18.076 17.933 17.813 17.714 17.546 17.524 17.355 17.165
538.2046 18.883 18.932 18.857 18.664 18.522 18.383 18.744 18.642 18.52 18.378 18.237 18.089 18.647 18.474 18.303 18.182 18.071 18.411 18.268 18.148 18.049 17.881 17.859 17.69 17.5
551.1878 19.218 19.267 19.192 18.999 18.857 18.718 19.078 18.977 18.854 18.713 18.572 18.423 18.982 18.809 18.637 18.517 18.406 18.746 18.603 18.483 18.384 18.216 18.194 18.025 17.834
564.4842 19.552 19.602 19.527 19.334 19.192 19.052 19.413 19.312 19.189 19.047 18.907 18.758 19.317 19.144 18.972 18.852 18.741 19.08 18.938 18.818 18.719 18.551 18.529 18.36 18.169
578.1013 19.887 19.937 19.862 19.669 19.526 19.387 19.748 19.646 19.524 19.382 19.242 19.093 19.651 19.479 19.307 19.186 19.076 19.415 19.273 19.153 19.054 18.885 18.864 18.694 18.504
592.0469 20.222 20.271 20.197 20.004 19.861 19.722 20.083 19.981 19.859 19.717 19.577 19.428 19.986 19.814 19.642 19.521 19.411 19.75 19.607 19.488 19.389 19.22 19.199 19.029 18.839
606.329 20.557 20.606 20.531 20.339 20.196 20.057 20.418 20.316 20.194 20.052 19.911 19.763 20.321 20.149 19.977 19.856 19.745 20.085 19.942 19.822 19.723 19.555 19.533 19.364 19.174
620.9555 20.892 20.941 20.866 20.673 20.531 20.392 20.753 20.651 20.529 20.387 20.246 20.098 20.656 20.483 20.312 20.191 20.08 20.42 20.277 20.157 20.058 19.89 19.868 19.699 19.509
635.9349 21.227 21.276 21.201 21.008 20.866 20.727 21.087 20.986 20.863 20.721 20.581 20.432 20.991 20.818 20.646 20.526 20.415 20.754 20.612 20.492 20.393 20.225 20.203 20.034 19.843
651.2757 21.561 21.611 21.536 21.343 21.201 21.061 21.422 21.321 21.198 21.056 20.916 20.767 21.326 21.153 20.981 20.861 20.75 21.089 20.947 20.827 20.728 20.56 20.538 20.369 20.178
666.9865 21.896 21.946 21.871 21.678 21.535 21.396 21.757 21.655 21.533 21.391 21.251 21.102 21.66 21.488 21.316 21.195 21.085 21.424 21.282 21.162 21.063 20.894 20.873 20.703 20.513
683.0763 22.231 22.28 22.206 22.013 21.87 21.731 22.092 21.99 21.868 21.726 21.585 21.437 21.995 21.823 21.651 21.53 21.42 21.759 21.616 21.497 21.398 21.229 21.208 21.038 20.848
699.5543 22.566 22.615 22.54 22.347 22.205 22.066 22.427 22.325 22.203 22.061 21.92 21.772 22.33 22.158 21.986 21.865 21.754 22.094 21.951 21.831 21.732 21.564 21.542 21.373 21.183
716.4297 22.901 22.95 22.875 22.682 22.54 22.401 22.762 22.66 22.537 22.396 22.255 22.107 22.665 22.492 22.321 22.2 22.089 22.429 22.286 22.166 22.067 21.899 21.877 21.708 21.518
733.7123 23.235 23.285 23.21 23.017 22.875 22.736 23.096 22.995 22.872 22.73 22.59 22.441 23.0 22.827 22.655 22.535 22.424 22.763 22.621 22.501 22.402 22.234 22.212 22.043 21.852
751.4117 23.57 23.62 23.545 23.352 23.21 23.07 23.431 23.33 23.207 23.065 22.925 22.776 23.335 23.162 22.99 22.869 22.759 23.098 22.956 22.836 22.737 22.569 22.547 22.378 22.187
