web/models/grb/onaxis/6/grb_0.0000_0.0518_0.0003981.dat
# %ECSV 1.0
# ---
# datatype:
# - {name: time, datatype: float64}
# - {name: swift_uvot_uvw2, datatype: float64}
# - {name: swift_uvot_uvm2, datatype: float64}
# - {name: swift_uvot_uvw1, datatype: float64}
# - {name: swift_uvot_U, datatype: float64}
# - {name: swift_uvot_B, datatype: float64}
# - {name: swift_uvot_V, datatype: float64}
# - {name: swift_uvot_W, datatype: float64}
# - {name: johnson_U, datatype: float64}
# - {name: johnson_B, datatype: float64}
# - {name: johnson_V, datatype: float64}
# - {name: johnson_R, datatype: float64}
# - {name: johnson_I, datatype: float64}
# - {name: sdss_u, datatype: float64}
# - {name: sdss_g, datatype: float64}
# - {name: sdss_r, datatype: float64}
# - {name: sdss_i, datatype: float64}
# - {name: sdss_z, datatype: float64}
# - {name: PS1_g, datatype: float64}
# - {name: PS1_r, datatype: float64}
# - {name: PS1_i, datatype: float64}
# - {name: PS1_z, datatype: float64}
# - {name: PS1_Y, datatype: float64}
# - {name: PS1_w, datatype: float64}
# - {name: ATLAS_c, datatype: float64}
# - {name: ATLAS_o, datatype: float64}
# - {name: ukirt_J, datatype: float64}
# - {name: ukirt_H, datatype: float64}
# - {name: ukirt_K, datatype: float64}
# - {name: Clear, datatype: float64}
# meta: !!omap
# - comment: [E = 2.247710667230903e-05, Eta0 = 8.02, GammaB = 12.0, dL = 0.012188, epsb = 6.760829753919819e-06, epse = 0.1, n = 0.00039810717055349735,
#     p = 2.15, theta_obs = 0.0, xiN = 1.0, z = 0.0, type = grb, E_kiso = 0.05179474679231213]
# schema: astropy-2.0
time swift_uvot_uvw2 swift_uvot_uvm2 swift_uvot_uvw1 swift_uvot_U swift_uvot_B swift_uvot_V swift_uvot_W johnson_U johnson_B johnson_V johnson_R johnson_I sdss_u sdss_g sdss_r sdss_i sdss_z PS1_g PS1_r PS1_i PS1_z PS1_Y PS1_w ATLAS_c ATLAS_o ukirt_J ukirt_H ukirt_K Clear
[from data line 89]
0.0834 1.293 1.342 1.267 1.075 0.932 0.793 1.154 1.052 0.93 0.788 0.647 0.499 1.057 0.885 0.713 0.592 0.481 0.821 0.678 0.558 0.459 0.291 0.715 0.81 0.657 0.269 0.1 -0.09 0.625
0.0854 1.312 1.361 1.286 1.093 0.951 0.812 1.173 1.071 0.949 0.807 0.666 0.518 1.076 0.904 0.732 0.611 0.5 0.84 0.697 0.577 0.478 0.31 0.734 0.829 0.676 0.288 0.119 -0.071 0.644
0.0875 1.331 1.38 1.305 1.112 0.97 0.831 1.192 1.09 0.968 0.826 0.685 0.537 1.095 0.922 0.751 0.63 0.519 0.859 0.716 0.596 0.497 0.329 0.753 0.848 0.695 0.307 0.138 -0.052 0.663
0.0896 1.35 1.399 1.324 1.131 0.989 0.85 1.211 1.109 0.986 0.845 0.704 0.556 1.114 0.941 0.77 0.649 0.538 0.878 0.735 0.615 0.516 0.348 0.772 0.867 0.714 0.326 0.157 -0.033 0.682
0.0918 1.369 1.418 1.343 1.15 1.008 0.869 1.229 1.128 1.005 0.864 0.723 0.574 1.133 0.96 0.788 0.668 0.557 0.897 0.754 0.634 0.535 0.367 0.791 0.886 0.733 0.345 0.176 -0.015 0.7
0.094 1.387 1.437 1.362 1.169 1.027 0.888 1.248 1.147 1.024 0.882 0.742 0.593 1.152 0.979 0.807 0.687 0.576 0.915 0.773 0.653 0.554 0.386 0.81 0.905 0.752 0.364 0.195 0.004 0.719
0.0963 1.406 1.456 1.381 1.188 1.046 0.907 1.267 1.166 1.043 0.901 0.761 0.612 1.171 0.998 0.826 0.706 0.595 0.934 0.792 0.672 0.573 0.405 0.829 0.924 0.771 0.383 0.214 0.023 0.738
0.0986 1.425 1.475 1.4 1.207 1.065 0.925 1.286 1.185 1.062 0.92 0.78 0.631 1.19 1.017 0.845 0.724 0.614 0.953 0.811 0.691 0.592 0.424 0.847 0.943 0.79 0.402 0.233 0.042 0.757
0.101 1.444 1.494 1.419 1.226 1.083 0.944 1.305 1.204 1.081 0.939 0.799 0.65 1.209 1.036 0.864 0.743 0.633 0.972 0.83 0.71 0.611 0.443 0.866 0.962 0.809 0.421 0.251 0.061 0.776
0.1034 1.464 1.513 1.438 1.245 1.103 0.964 1.324 1.223 1.1 0.959 0.818 0.669 1.228 1.055 0.883 0.763 0.652 0.992 0.849 0.729 0.63 0.462 0.886 0.981 0.828 0.44 0.271 0.08 0.795
0.1059 1.484 1.534 1.459 1.266 1.124 0.985 1.345 1.244 1.121 0.979 0.839 0.69 1.249 1.076 0.904 0.784 0.673 1.012 0.87 0.75 0.651 0.483 0.907 1.002 0.849 0.461 0.292 0.101 0.816
0.1084 1.505 1.555 1.48 1.287 1.145 1.005 1.366 1.265 1.142 1.0 0.86 0.711 1.27 1.097 0.925 0.805 0.694 1.033 0.891 0.771 0.672 0.504 0.927 1.023 0.87 0.482 0.313 0.122 0.837
0.1111 1.526 1.576 1.501 1.308 1.166 1.026 1.387 1.286 1.163 1.021 0.881 0.732 1.291 1.118 0.946 0.825 0.715 1.054 0.912 0.792 0.693 0.525 0.948 1.044 0.891 0.503 0.334 0.143 0.858
0.1137 1.547 1.597 1.522 1.329 1.186 1.047 1.408 1.306 1.184 1.042 0.902 0.753 1.311 1.139 0.967 0.846 0.736 1.075 0.933 0.813 0.714 0.545 0.969 1.065 0.912 0.524 0.354 0.164 0.879
0.1165 1.568 1.618 1.543 1.35 1.207 1.068 1.429 1.327 1.205 1.063 0.923 0.774 1.332 1.16 0.988 0.867 0.757 1.096 0.953 0.834 0.735 0.566 0.99 1.085 0.933 0.545 0.375 0.185 0.9
0.1193 1.589 1.638 1.564 1.371 1.228 1.089 1.45 1.348 1.226 1.084 0.943 0.795 1.353 1.181 1.009 0.888 0.778 1.117 0.974 0.855 0.756 0.587 1.011 1.106 0.954 0.566 0.396 0.206 0.921
0.1222 1.61 1.659 1.585 1.392 1.249 1.11 1.471 1.369 1.247 1.105 0.964 0.816 1.374 1.202 1.03 0.909 0.798 1.138 0.995 0.875 0.776 0.608 1.032 1.127 0.974 0.586 0.417 0.227 0.942
0.1251 1.631 1.68 1.605 1.412 1.27 1.131 1.492 1.39 1.268 1.126 0.985 0.837 1.395 1.223 1.051 0.93 0.819 1.159 1.016 0.896 0.797 0.629 1.053 1.148 0.995 0.607 0.438 0.248 0.963
0.1281 1.652 1.701 1.626 1.433 1.291 1.152 1.513 1.411 1.289 1.147 1.006 0.858 1.416 1.243 1.072 0.951 0.84 1.18 1.037 0.917 0.818 0.65 1.074 1.169 1.016 0.628 0.459 0.269 0.984
0.1312 1.676 1.725 1.65 1.457 1.315 1.176 1.537 1.435 1.313 1.171 1.03 0.882 1.44 1.267 1.096 0.975 0.864 1.204 1.061 0.941 0.842 0.674 1.098 1.193 1.04 0.652 0.483 0.293 1.008
0.1344 1.706 1.755 1.68 1.487 1.345 1.206 1.567 1.465 1.343 1.201 1.06 0.912 1.47 1.298 1.126 1.005 0.894 1.234 1.091 0.971 0.872 0.704 1.128 1.223 1.07 0.682 0.513 0.323 1.038
0.1376 1.736 1.785 1.711 1.518 1.375 1.236 1.597 1.495 1.373 1.231 1.09 0.942 1.5 1.328 1.156 1.035 0.924 1.264 1.121 1.001 0.902 0.734 1.158 1.253 1.1 0.712 0.543 0.353 1.068
0.141 1.766 1.815 1.741 1.548 1.405 1.266 1.627 1.525 1.403 1.261 1.12 0.972 1.53 1.358 1.186 1.065 0.955 1.294 1.151 1.032 0.933 0.764 1.188 1.283 1.131 0.743 0.573 0.383 1.098
0.1444 1.796 1.846 1.771 1.578 1.435 1.296 1.657 1.555 1.433 1.291 1.151 1.002 1.56 1.388 1.216 1.095 0.985 1.324 1.181 1.062 0.963 0.794 1.218 1.313 1.161 0.773 0.603 0.413 1.128
0.1478 1.826 1.876 1.801 1.608 1.465 1.326 1.687 1.585 1.463 1.321 1.181 1.032 1.59 1.418 1.246 1.125 1.015 1.354 1.212 1.092 0.993 0.824 1.248 1.343 1.191 0.803 0.633 0.443 1.158
0.1514 1.856 1.906 1.831 1.638 1.495 1.356 1.717 1.615 1.493 1.351 1.211 1.062 1.621 1.448 1.276 1.155 1.045 1.384 1.242 1.122 1.023 0.854 1.278 1.374 1.221 0.833 0.663 0.473 1.188
0.1551 1.886 1.936 1.861 1.668 1.526 1.386 1.747 1.646 1.523 1.381 1.241 1.092 1.651 1.478 1.306 1.185 1.075 1.414 1.272 1.152 1.053 0.885 1.308 1.404 1.251 0.863 0.694 0.503 1.218
0.1588 1.916 1.966 1.891 1.698 1.556 1.416 1.777 1.676 1.553 1.411 1.271 1.122 1.681 1.508 1.336 1.216 1.105 1.444 1.302 1.182 1.083 0.915 1.338 1.434 1.281 0.893 0.724 0.533 1.248
0.1626 1.946 1.996 1.921 1.728 1.586 1.447 1.807 1.706 1.583 1.441 1.301 1.152 1.711 1.538 1.366 1.246 1.135 1.474 1.332 1.212 1.113 0.945 1.369 1.464 1.311 0.923 0.754 0.563 1.278
0.1666 1.98 2.03 1.955 1.762 1.62 1.48 1.841 1.74 1.617 1.475 1.335 1.186 1.745 1.572 1.4 1.28 1.169 1.508 1.366 1.246 1.147 0.979 1.402 1.498 1.345 0.957 0.788 0.597 1.312
0.1706 2.018 2.068 1.993 1.8 1.658 1.518 1.879 1.778 1.655 1.513 1.373 1.224 1.783 1.61 1.438 1.318 1.207 1.546 1.404 1.284 1.185 1.017 1.44 1.536 1.383 0.995 0.826 0.635 1.35
0.1747 2.056 2.106 2.031 1.838 1.696 1.557 1.917 1.816 1.693 1.551 1.411 1.262 1.821 1.648 1.476 1.356 1.245 1.584 1.442 1.322 1.223 1.055 1.479 1.574 1.421 1.033 0.864 0.673 1.388
0.1789 2.094 2.144 2.069 1.876 1.734 1.595 1.955 1.854 1.731 1.589 1.449 1.3 1.859 1.686 1.514 1.394 1.283 1.622 1.48 1.36 1.261 1.093 1.517 1.612 1.459 1.071 0.902 0.711 1.426
0.1832 2.132 2.182 2.107 1.914 1.772 1.633 1.993 1.892 1.769 1.627 1.487 1.338 1.897 1.724 1.552 1.432 1.321 1.66 1.518 1.398 1.299 1.131 1.555 1.65 1.497 1.109 0.94 0.749 1.464
0.1876 2.17 2.22 2.145 1.952 1.81 1.671 2.031 1.93 1.807 1.665 1.525 1.376 1.935 1.762 1.59 1.47 1.359 1.698 1.556 1.436 1.337 1.169 1.593 1.688 1.535 1.147 0.978 0.787 1.502
0.1922 2.208 2.258 2.183 1.99 1.848 1.709 2.069 1.968 1.845 1.703 1.563 1.414 1.973 1.8 1.628 1.508 1.397 1.736 1.594 1.474 1.375 1.207 1.631 1.726 1.573 1.185 1.016 0.825 1.54
0.1968 2.246 2.296 2.221 2.028 1.886 1.747 2.107 2.006 1.883 1.741 1.601 1.452 2.011 1.838 1.666 1.546 1.435 1.774 1.632 1.512 1.413 1.245 1.669 1.764 1.611 1.223 1.054 0.863 1.578
0.2015 2.285 2.334 2.259 2.066 1.924 1.785 2.145 2.044 1.921 1.779 1.639 1.49 2.049 1.876 1.704 1.584 1.473 1.812 1.67 1.55 1.451 1.283 1.707 1.802 1.649 1.261 1.092 0.901 1.616
0.2064 2.323 2.372 2.297 2.104 1.962 1.823 2.183 2.082 1.959 1.817 1.677 1.528 2.087 1.914 1.742 1.622 1.511 1.85 1.708 1.588 1.489 1.321 1.745 1.84 1.687 1.299 1.13 0.939 1.654
0.2114 2.362 2.411 2.336 2.143 2.001 1.862 2.223 2.121 1.999 1.857 1.716 1.568 2.126 1.953 1.782 1.661 1.55 1.89 1.747 1.627 1.528 1.36 1.784 1.879 1.726 1.338 1.169 0.979 1.694
0.2165 2.401 2.451 2.376 2.183 2.041 1.902 2.262 2.161 2.038 1.896 1.756 1.607 2.166 1.993 1.821 1.701 1.59 1.929 1.787 1.667 1.568 1.4 1.824 1.919 1.766 1.378 1.209 1.018 1.733
0.2217 2.441 2.491 2.416 2.223 2.081 1.941 2.302 2.201 2.078 1.936 1.796 1.647 2.206 2.033 1.861 1.74 1.63 1.969 1.827 1.707 1.608 1.44 1.863 1.959 1.806 1.418 1.249 1.058 1.773
0.2271 2.481 2.531 2.456 2.263 2.12 1.981 2.342 2.24 2.118 1.976 1.836 1.687 2.245 2.073 1.901 1.78 1.67 2.009 1.867 1.747 1.648 1.479 1.903 1.998 1.846 1.458 1.288 1.098 1.813
0.2325 2.521 2.57 2.496 2.303 2.16 2.021 2.382 2.28 2.158 2.016 1.875 1.727 2.285 2.113 1.941 1.82 1.709 2.049 1.906 1.786 1.687 1.519 1.943 2.038 1.885 1.498 1.328 1.138 1.853
0.2381 2.561 2.61 2.535 2.342 2.2 2.061 2.422 2.32 2.198 2.056 1.915 1.767 2.325 2.152 1.981 1.86 1.749 2.089 1.946 1.826 1.727 1.559 1.983 2.078 1.925 1.537 1.368 1.178 1.893
0.2439 2.601 2.65 2.575 2.382 2.24 2.101 2.461 2.36 2.237 2.096 1.955 1.806 2.365 2.192 2.02 1.9 1.789 2.129 1.986 1.866 1.767 1.599 2.023 2.118 1.965 1.577 1.408 1.217 1.932
0.2498 2.64 2.69 2.615 2.422 2.28 2.14 2.501 2.4 2.277 2.135 1.995 1.846 2.405 2.232 2.06 1.94 1.829 2.168 2.026 1.906 1.807 1.639 2.062 2.158 2.005 1.617 1.448 1.257 1.972
0.2558 2.68 2.73 2.655 2.462 2.319 2.18 2.541 2.439 2.317 2.175 2.035 1.886 2.444 2.272 2.1 1.979 1.869 2.208 2.066 1.946 1.847 1.678 2.102 2.198 2.045 1.657 1.487 1.297 2.012
0.262 2.72 2.769 2.695 2.502 2.359 2.22 2.581 2.479 2.357 2.215 2.074 1.926 2.484 2.312 2.14 2.019 1.909 2.248 2.105 1.986 1.887 1.718 2.142 2.237 2.085 1.697 1.527 1.337 2.052
0.2683 2.767 2.817 2.742 2.549 2.406 2.267 2.628 2.526 2.404 2.262 2.122 1.973 2.532 2.359 2.187 2.066 1.956 2.295 2.153 2.033 1.934 1.765 2.189 2.285 2.132 1.744 1.574 1.384 2.099
0.2748 2.817 2.866 2.791 2.598 2.456 2.317 2.678 2.576 2.453 2.312 2.171 2.023 2.581 2.408 2.237 2.116 2.005 2.345 2.202 2.082 1.983 1.815 2.239 2.334 2.181 1.793 1.624 1.434 2.149
0.2814 2.866 2.916 2.841 2.648 2.505 2.366 2.727 2.625 2.503 2.361 2.221 2.072 2.63 2.458 2.286 2.165 2.055 2.394 2.251 2.132 2.033 1.864 2.288 2.383 2.231 1.843 1.673 1.483 2.198
0.2882 2.916 2.965 2.89 2.697 2.555 2.416 2.776 2.675 2.552 2.41 2.27 2.121 2.68 2.507 2.335 2.215 2.104 2.443 2.301 2.181 2.082 1.914 2.338 2.433 2.28 1.892 1.723 1.532 2.247
0.2951 2.965 3.014 2.94 2.747 2.604 2.465 2.826 2.724 2.602 2.46 2.319 2.171 2.729 2.557 2.385 2.264 2.153 2.493 2.35 2.231 2.131 1.963 2.387 2.482 2.329 1.942 1.772 1.582 2.297
0.3022 3.014 3.064 2.989 2.796 2.654 2.514 2.875 2.774 2.651 2.509 2.369 2.22 2.779 2.606 2.434 2.314 2.203 2.542 2.4 2.28 2.181 2.013 2.437 2.532 2.379 1.991 1.822 1.631 2.346
0.3095 3.064 3.113 3.038 2.845 2.703 2.564 2.925 2.823 2.701 2.559 2.418 2.27 2.828 2.656 2.484 2.363 2.252 2.592 2.449 2.329 2.23 2.062 2.486 2.581 2.428 2.04 1.871 1.681 2.396
0.317 3.113 3.163 3.088 2.895 2.752 2.613 2.974 2.873 2.75 2.608 2.468 2.319 2.878 2.705 2.533 2.412 2.302 2.641 2.499 2.379 2.28 2.112 2.535 2.631 2.478 2.09 1.92 1.73 2.445
0.3247 3.163 3.212 3.137 2.944 2.802 2.663 3.024 2.922 2.8 2.658 2.517 2.369 2.927 2.754 2.583 2.462 2.351 2.691 2.548 2.428 2.329 2.161 2.585 2.68 2.527 2.139 1.97 1.78 2.495
0.3325 3.212 3.262 3.187 2.994 2.851 2.712 3.073 2.971 2.849 2.707 2.567 2.418 2.976 2.804 2.632 2.511 2.401 2.74 2.598 2.478 2.379 2.21 2.634 2.729 2.577 2.189 2.019 1.829 2.544
0.3405 3.268 3.318 3.243 3.05 2.907 2.768 3.129 3.027 2.905 2.763 2.623 2.474 3.033 2.86 2.688 2.567 2.457 2.796 2.654 2.534 2.435 2.266 2.69 2.786 2.633 2.245 2.075 1.885 2.6
0.3487 3.325 3.374 3.3 3.107 2.964 2.825 3.186 3.084 2.962 2.82 2.679 2.531 3.089 2.917 2.745 2.624 2.513 2.853 2.71 2.591 2.491 2.323 2.747 2.842 2.689 2.302 2.132 1.942 2.657
0.3571 3.382 3.431 3.356 3.163 3.021 2.882 3.243 3.141 3.019 2.877 2.736 2.588 3.146 2.973 2.802 2.681 2.57 2.91 2.767 2.647 2.548 2.38 2.804 2.899 2.746 2.358 2.189 1.999 2.714
0.3657 3.438 3.488 3.413 3.22 3.078 2.939 3.299 3.198 3.075 2.933 2.793 2.644 3.203 3.03 2.858 2.738 2.627 2.966 2.824 2.704 2.605 2.437 2.861 2.956 2.803 2.415 2.246 2.055 2.77
0.3746 3.495 3.545 3.47 3.277 3.134 2.995 3.356 3.254 3.132 2.99 2.85 2.701 3.259 3.087 2.915 2.794 2.684 3.023 2.881 2.761 2.662 2.493 2.917 3.013 2.86 2.472 2.302 2.112 2.827
0.3836 3.552 3.601 3.527 3.334 3.191 3.052 3.413 3.311 3.189 3.047 2.906 2.758 3.316 3.144 2.972 2.851 2.74 3.08 2.937 2.818 2.718 2.55 2.974 3.069 2.916 2.529 2.359 2.169 2.884
0.3929 3.609 3.658 3.583 3.39 3.248 3.109 3.47 3.368 3.246 3.104 2.963 2.815 3.373 3.2 3.029 2.908 2.797 3.137 2.994 2.874 2.775 2.607 3.031 3.126 2.973 2.585 2.416 2.226 2.941
0.4023 3.665 3.715 3.64 3.447 3.305 3.166 3.526 3.425 3.302 3.16 3.02 2.871 3.43 3.257 3.085 2.965 2.854 3.193 3.051 2.931 2.832 2.664 3.088 3.183 3.03 2.642 2.473 2.282 2.997
0.412 3.722 3.772 3.697 3.504 3.361 3.222 3.583 3.481 3.359 3.217 3.077 2.928 3.486 3.314 3.142 3.021 2.911 3.25 3.108 2.988 2.889 2.72 3.144 3.239 3.087 2.699 2.529 2.339 3.054
0.422 3.779 3.828 3.753 3.56 3.418 3.279 3.64 3.538 3.416 3.274 3.133 2.985 3.543 3.37 3.199 3.078 2.967 3.307 3.164 3.044 2.945 2.777 3.201 3.296 3.143 2.755 2.586 2.396 3.111
0.4322 3.833 3.882 3.807 3.614 3.472 3.333 3.694 3.592 3.47 3.328 3.187 3.039 3.597 3.425 3.253 3.132 3.021 3.361 3.218 3.098 2.999 2.831 3.255 3.35 3.197 2.809 2.64 2.45 3.165
0.4426 3.887 3.936 3.861 3.669 3.526 3.387 3.748 3.646 3.524 3.382 3.241 3.093 3.651 3.479 3.307 3.186 3.075 3.415 3.272 3.152 3.053 2.885 3.309 3.404 3.251 2.863 2.694 2.504 3.219
0.4533 3.941 3.99 3.916 3.723 3.58 3.441 3.802 3.7 3.578 3.436 3.295 3.147 3.705 3.533 3.361 3.24 3.129 3.469 3.326 3.206 3.107 2.939 3.363 3.458 3.305 2.917 2.748 2.558 3.273
0.4642 3.995 4.044 3.97 3.777 3.634 3.495 3.856 3.754 3.632 3.49 3.349 3.201 3.759 3.587 3.415 3.294 3.183 3.523 3.38 3.261 3.162 2.993 3.417 3.512 3.359 2.972 2.802 2.612 3.327
0.4754 4.049 4.098 4.024 3.831 3.688 3.549 3.91 3.808 3.686 3.544 3.403 3.255 3.813 3.641 3.469 3.348 3.238 3.577 3.434 3.315 3.216 3.047 3.471 3.566 3.414 3.026 2.856 2.666 3.381
0.4869 4.103 4.153 4.078 3.885 3.742 3.603 3.964 3.862 3.74 3.598 3.458 3.309 3.867 3.695 3.523 3.402 3.292 3.631 3.488 3.369 3.27 3.101 3.525 3.62 3.468 3.08 2.91 2.72 3.435
0.4986 4.157 4.207 4.132 3.939 3.796 3.657 4.018 3.916 3.794 3.652 3.512 3.363 3.921 3.749 3.577 3.456 3.346 3.685 3.542 3.423 3.324 3.155 3.579 3.674 3.522 3.134 2.964 2.774 3.489
0.5106 4.211 4.261 4.186 3.993 3.85 3.711 4.072 3.97 3.848 3.706 3.566 3.417 3.975 3.803 3.631 3.51 3.4 3.739 3.597 3.477 3.378 3.209 3.633 3.728 3.576 3.188 3.018 2.828 3.543
0.523 4.265 4.315 4.24 4.047 3.904 3.765 4.126 4.024 3.902 3.76 3.62 3.471 4.029 3.857 3.685 3.564 3.454 3.793 3.651 3.531 3.432 3.263 3.687 3.783 3.63 3.242 3.072 2.882 3.597
0.5356 4.319 4.368 4.293 4.1 3.958 3.819 4.18 4.078 3.955 3.814 3.673 3.525 4.083 3.91 3.738 3.618 3.507 3.847 3.704 3.584 3.485 3.317 3.741 3.836 3.683 3.295 3.126 2.935 3.65
0.5485 4.369 4.419 4.344 4.151 4.009 3.87 4.23 4.129 4.006 3.864 3.724 3.575 4.134 3.961 3.789 3.669 3.558 3.897 3.755 3.635 3.536 3.368 3.792 3.887 3.734 3.346 3.177 2.986 3.701
0.5617 4.42 4.47 4.395 4.202 4.059 3.92 4.281 4.179 4.057 3.915 3.775 3.626 4.184 4.012 3.84 3.719 3.609 3.948 3.806 3.686 3.587 3.418 3.842 3.938 3.785 3.397 3.227 3.037 3.752
0.5753 4.471 4.52 4.446 4.253 4.11 3.971 4.332 4.23 4.108 3.966 3.825 3.677 4.235 4.063 3.891 3.77 3.66 3.999 3.856 3.737 3.638 3.469 3.893 3.988 3.836 3.448 3.278 3.088 3.803
0.5891 4.522 4.571 4.496 4.303 4.161 4.022 4.383 4.281 4.159 4.017 3.876 3.728 4.286 4.113 3.942 3.821 3.71 4.05 3.907 3.787 3.688 3.52 3.944 4.039 3.886 3.498 3.329 3.139 3.854
0.6034 4.573 4.622 4.547 4.354 4.212 4.073 4.433 4.332 4.209 4.068 3.927 3.778 4.337 4.164 3.992 3.872 3.761 4.101 3.958 3.838 3.739 3.571 3.995 4.09 3.937 3.549 3.38 3.189 3.904
0.6179 4.623 4.673 4.598 4.405 4.263 4.123 4.484 4.383 4.26 4.118 3.978 3.829 4.388 4.215 4.043 3.923 3.812 4.151 4.009 3.889 3.79 3.622 4.045 4.141 3.988 3.6 3.431 3.24 3.955
0.6328 4.674 4.724 4.649 4.456 4.313 4.174 4.535 4.433 4.311 4.169 4.029 3.88 4.438 4.266 4.094 3.973 3.863 4.202 4.06 3.94 3.841 3.672 4.096 4.191 4.039 3.651 3.481 3.291 4.006
0.6481 4.725 4.774 4.7 4.507 4.364 4.225 4.586 4.484 4.362 4.22 4.079 3.931 4.489 4.317 4.145 4.024 3.913 4.253 4.11 3.991 3.891 3.723 4.147 4.242 4.089 3.702 3.532 3.342 4.057
0.6637 4.776 4.825 4.75 4.557 4.415 4.276 4.637 4.535 4.413 4.271 4.13 3.982 4.54 4.367 4.196 4.075 3.964 4.304 4.161 4.041 3.942 3.774 4.198 4.293 4.14 3.752 3.583 3.393 4.108
0.6797 4.829 4.878 4.803 4.61 4.468 4.329 4.689 4.588 4.465 4.324 4.183 4.034 4.593 4.42 4.248 4.128 4.017 4.357 4.214 4.094 3.995 3.827 4.251 4.346 4.193 3.805 3.636 3.445 4.16
