web/models/grb/onaxis/6/grb_0.0000_2.6827_0.0251189.dat
# %ECSV 1.0
# ---
# datatype:
# - {name: time, datatype: float64}
# - {name: swift_uvot_uvw2, datatype: float64}
# - {name: swift_uvot_uvm2, datatype: float64}
# - {name: swift_uvot_uvw1, datatype: float64}
# - {name: swift_uvot_U, datatype: float64}
# - {name: swift_uvot_B, datatype: float64}
# - {name: swift_uvot_V, datatype: float64}
# - {name: swift_uvot_W, datatype: float64}
# - {name: johnson_U, datatype: float64}
# - {name: johnson_B, datatype: float64}
# - {name: johnson_V, datatype: float64}
# - {name: johnson_R, datatype: float64}
# - {name: johnson_I, datatype: float64}
# - {name: sdss_u, datatype: float64}
# - {name: sdss_g, datatype: float64}
# - {name: sdss_r, datatype: float64}
# - {name: sdss_i, datatype: float64}
# - {name: sdss_z, datatype: float64}
# - {name: PS1_g, datatype: float64}
# - {name: PS1_r, datatype: float64}
# - {name: PS1_i, datatype: float64}
# - {name: PS1_z, datatype: float64}
# - {name: PS1_Y, datatype: float64}
# - {name: ukirt_J, datatype: float64}
# - {name: ukirt_H, datatype: float64}
# - {name: ukirt_K, datatype: float64}
# meta: !!omap
# - comment: [E = 0.0011641960487160344, Eta0 = 8.02, GammaB = 12.0, dL = 0.012188, epsb = 6.760829753919819e-06, epse = 0.1, n = 0.025118864315095822,
#     p = 2.15, theta_obs = 0.0, xiN = 1.0, z = 0.0, type = grb, E_kiso = 2.6826957952797246]
# schema: astropy-2.0
time swift_uvot_uvw2 swift_uvot_uvm2 swift_uvot_uvw1 swift_uvot_U swift_uvot_B swift_uvot_V swift_uvot_W johnson_U johnson_B johnson_V johnson_R johnson_I sdss_u sdss_g sdss_r sdss_i sdss_z PS1_g PS1_r PS1_i PS1_z PS1_Y ukirt_J ukirt_H ukirt_K
[from data line 377]
79.9416 6.413 6.462 6.388 6.195 6.052 5.913 6.274 6.172 6.05 5.908 5.767 5.619 6.177 6.005 5.833 5.712 5.602 5.941 5.798 5.679 5.58 5.411 5.39 5.22 5.03
81.87 6.444 6.493 6.419 6.226 6.083 5.944 6.305 6.203 6.081 5.939 5.798 5.65 6.208 6.036 5.864 5.743 5.632 5.972 5.829 5.709 5.61 5.442 5.42 5.251 5.061
83.845 6.475 6.524 6.449 6.256 6.114 5.975 6.336 6.234 6.112 5.97 5.829 5.681 6.239 6.067 5.895 5.774 5.663 6.003 5.86 5.74 5.641 5.473 5.451 5.282 5.092
85.8676 6.506 6.555 6.48 6.287 6.145 6.006 6.367 6.265 6.143 6.001 5.86 5.712 6.27 6.097 5.926 5.805 5.694 6.034 5.891 5.771 5.672 5.504 5.482 5.313 5.123
87.939 6.537 6.586 6.511 6.318 6.176 6.037 6.398 6.296 6.174 6.032 5.891 5.743 6.301 6.128 5.957 5.836 5.725 6.065 5.922 5.802 5.703 5.535 5.513 5.344 5.154
90.0604 6.568 6.617 6.542 6.349 6.207 6.068 6.429 6.327 6.205 6.063 5.922 5.774 6.332 6.159 5.988 5.867 5.756 6.096 5.953 5.833 5.734 5.566 5.544 5.375 5.185
92.2329 6.599 6.648 6.573 6.38 6.238 6.099 6.46 6.358 6.236 6.094 5.953 5.805 6.363 6.191 6.019 5.898 5.787 6.127 5.984 5.864 5.765 5.597 5.575 5.406 5.216
94.4579 6.63 6.679 6.605 6.412 6.269 6.13 6.491 6.389 6.267 6.125 5.984 5.836 6.394 6.222 6.05 5.929 5.818 6.158 6.015 5.896 5.796 5.628 5.607 5.437 5.247
96.7365 6.661 6.71 6.636 6.443 6.3 6.161 6.522 6.42 6.298 6.156 6.016 5.867 6.425 6.253 6.081 5.96 5.85 6.189 6.046 5.927 5.828 5.659 5.638 5.468 5.278
99.0701 6.692 6.742 6.667 6.474 6.331 6.192 6.553 6.451 6.329 6.187 6.047 5.898 6.456 6.284 6.112 5.991 5.881 6.22 6.078 5.958 5.859 5.69 5.669 5.499 5.309
101.4599 6.723 6.773 6.698 6.505 6.362 6.223 6.584 6.482 6.36 6.218 6.078 5.929 6.488 6.315 6.143 6.022 5.912 6.251 6.109 5.989 5.89 5.721 5.7 5.53 5.34
103.9075 6.754 6.804 6.729 6.536 6.394 6.254 6.615 6.514 6.391 6.249 6.109 5.96 6.519 6.346 6.174 6.053 5.943 6.282 6.14 6.02 5.921 5.753 5.731 5.562 5.371
106.4141 6.785 6.835 6.76 6.567 6.425 6.286 6.646 6.545 6.422 6.28 6.14 5.991 6.55 6.377 6.205 6.085 5.974 6.313 6.171 6.051 5.952 5.784 5.762 5.593 5.402
108.9811 6.816 6.866 6.791 6.598 6.456 6.317 6.677 6.576 6.453 6.311 6.171 6.022 6.581 6.408 6.236 6.116 6.005 6.344 6.202 6.082 5.983 5.815 5.793 5.624 5.433
111.6101 6.851 6.901 6.826 6.633 6.49 6.351 6.712 6.61 6.488 6.346 6.206 6.057 6.615 6.443 6.271 6.15 6.04 6.379 6.236 6.117 6.018 5.849 5.828 5.658 5.468
114.3025 6.896 6.946 6.871 6.678 6.535 6.396 6.757 6.655 6.533 6.391 6.251 6.102 6.66 6.488 6.316 6.195 6.085 6.424 6.282 6.162 6.063 5.894 5.873 5.703 5.513
117.0598 6.941 6.991 6.916 6.723 6.581 6.441 6.802 6.701 6.578 6.436 6.296 6.147 6.706 6.533 6.361 6.241 6.13 6.469 6.327 6.207 6.108 5.94 5.918 5.749 5.558
119.8836 6.986 7.036 6.961 6.768 6.626 6.487 6.847 6.746 6.623 6.481 6.341 6.192 6.751 6.578 6.406 6.286 6.175 6.514 6.372 6.252 6.153 5.985 5.963 5.794 5.603
122.7756 7.032 7.081 7.006 6.813 6.671 6.532 6.893 6.791 6.668 6.527 6.386 6.238 6.796 6.623 6.452 6.331 6.22 6.56 6.417 6.297 6.198 6.03 6.008 5.839 5.649
125.7373 7.077 7.126 7.051 6.858 6.716 6.577 6.938 6.836 6.714 6.572 6.431 6.283 6.841 6.668 6.497 6.376 6.265 6.605 6.462 6.342 6.243 6.075 6.053 5.884 5.694
128.7705 7.122 7.171 7.097 6.904 6.761 6.622 6.983 6.881 6.759 6.617 6.476 6.328 6.886 6.714 6.542 6.421 6.31 6.65 6.507 6.387 6.288 6.12 6.098 5.929 5.739
131.8769 7.167 7.217 7.142 6.949 6.806 6.667 7.028 6.926 6.804 6.662 6.522 6.373 6.931 6.759 6.587 6.466 6.356 6.695 6.552 6.433 6.334 6.165 6.144 5.974 5.784
135.0582 7.212 7.262 7.187 6.994 6.851 6.712 7.073 6.971 6.849 6.707 6.567 6.418 6.977 6.804 6.632 6.511 6.401 6.74 6.598 6.478 6.379 6.21 6.189 6.019 5.829
138.3162 7.257 7.307 7.232 7.039 6.897 6.757 7.118 7.017 6.894 6.752 6.612 6.463 7.022 6.849 6.677 6.557 6.446 6.785 6.643 6.523 6.424 6.256 6.234 6.065 5.874
141.6528 7.313 7.362 7.287 7.094 6.952 6.813 7.174 7.072 6.95 6.808 6.667 6.519 7.077 6.904 6.733 6.612 6.501 6.841 6.698 6.578 6.479 6.311 6.289 6.12 5.93
145.0699 7.384 7.434 7.359 7.166 7.023 6.884 7.245 7.143 7.021 6.879 6.739 6.59 7.148 6.976 6.804 6.683 6.573 6.912 6.77 6.65 6.551 6.382 6.361 6.191 6.001
148.5695 7.456 7.505 7.43 7.237 7.095 6.956 7.316 7.215 7.092 6.951 6.81 6.661 7.22 7.047 6.875 6.755 6.644 6.984 6.841 6.721 6.622 6.454 6.432 6.263 6.072
152.1534 7.527 7.576 7.502 7.309 7.166 7.027 7.388 7.286 7.164 7.022 6.881 6.733 7.291 7.119 6.947 6.826 6.715 7.055 6.912 6.793 6.693 6.525 6.504 6.334 6.144
155.8238 7.598 7.648 7.573 7.38 7.238 7.098 7.459 7.358 7.235 7.093 6.953 6.804 7.363 7.19 7.018 6.897 6.787 7.126 6.984 6.864 6.765 6.597 6.575 6.406 6.215
159.5828 7.67 7.719 7.644 7.451 7.309 7.17 7.531 7.429 7.307 7.165 7.024 6.876 7.434 7.261 7.09 6.969 6.858 7.198 7.055 6.935 6.836 6.668 6.646 6.477 6.287
163.4324 7.741 7.791 7.716 7.523 7.38 7.241 7.602 7.5 7.378 7.236 7.096 6.947 7.505 7.333 7.161 7.04 6.93 7.269 7.126 7.007 6.908 6.739 6.718 6.548 6.358
167.375 7.813 7.862 7.787 7.594 7.452 7.313 7.673 7.572 7.449 7.307 7.167 7.018 7.577 7.404 7.232 7.112 7.001 7.34 7.198 7.078 6.979 6.811 6.789 6.62 6.429
171.4126 7.884 7.933 7.858 7.666 7.523 7.384 7.745 7.643 7.521 7.379 7.238 7.09 7.648 7.476 7.304 7.183 7.072 7.412 7.269 7.149 7.05 6.882 6.86 6.691 6.501
175.5476 7.955 8.005 7.93 7.737 7.595 7.455 7.816 7.715 7.592 7.45 7.31 7.161 7.72 7.547 7.375 7.254 7.144 7.483 7.341 7.221 7.122 6.954 6.932 6.763 6.572
179.7823 8.045 8.094 8.02 7.827 7.684 7.545 7.906 7.804 7.682 7.54 7.399 7.251 7.809 7.637 7.465 7.344 7.233 7.573 7.43 7.31 7.211 7.043 7.021 6.852 6.662
184.1193 8.151 8.2 8.125 7.932 7.79 7.651 8.011 7.91 7.787 7.645 7.505 7.356 7.915 7.742 7.57 7.45 7.339 7.678 7.536 7.416 7.317 7.149 7.127 6.958 6.767
188.5608 8.256 8.306 8.231 8.038 7.895 7.756 8.117 8.015 7.893 7.751 7.611 7.462 8.02 7.848 7.676 7.555 7.445 7.784 7.641 7.522 7.423 7.254 7.233 7.063 6.873
193.1095 8.362 8.411 8.336 8.143 8.001 7.862 8.223 8.121 7.999 7.857 7.716 7.568 8.126 7.953 7.782 7.661 7.55 7.89 7.747 7.627 7.528 7.36 7.338 7.169 6.979
197.7679 8.467 8.517 8.442 8.249 8.107 7.967 8.328 8.227 8.104 7.962 7.822 7.673 8.232 8.059 7.887 7.766 7.656 7.995 7.853 7.733 7.634 7.466 7.444 7.275 7.084
202.5387 8.573 8.622 8.547 8.355 8.212 8.073 8.434 8.332 8.21 8.068 7.927 7.779 8.337 8.165 7.993 7.872 7.761 8.101 7.958 7.838 7.739 7.571 7.549 7.38 7.19
207.4245 8.678 8.728 8.653 8.46 8.318 8.179 8.539 8.438 8.315 8.173 8.033 7.884 8.443 8.27 8.098 7.978 7.867 8.206 8.064 7.944 7.845 7.677 7.655 7.486 7.295
212.4283 8.784 8.833 8.759 8.566 8.423 8.284 8.645 8.543 8.421 8.279 8.139 7.99 8.548 8.376 8.204 8.083 7.973 8.312 8.169 8.05 7.951 7.782 7.761 7.591 7.401
217.5527 8.89 8.939 8.864 8.671 8.529 8.39 8.751 8.649 8.526 8.385 8.244 8.096 8.654 8.481 8.309 8.189 8.078 8.418 8.275 8.155 8.056 7.888 7.866 7.697 7.507
222.8008 8.995 9.045 8.97 8.777 8.634 8.495 8.856 8.754 8.632 8.49 8.35 8.201 8.76 8.587 8.415 8.294 8.184 8.523 8.381 8.261 8.162 7.993 7.972 7.802 7.612
228.1754 9.146 9.195 9.12 8.927 8.785 8.646 9.006 8.905 8.782 8.64 8.5 8.351 8.91 8.737 8.565 8.445 8.334 8.673 8.531 8.411 8.312 8.144 8.122 7.953 7.762
233.6797 9.317 9.367 9.292 9.099 8.956 8.817 9.178 9.076 8.954 8.812 8.672 8.523 9.081 8.909 8.737 8.616 8.506 8.845 8.703 8.583 8.484 8.315 8.294 8.124 7.934
239.3168 9.489 9.538 9.463 9.271 9.128 8.989 9.35 9.248 9.126 8.984 8.843 8.695 9.253 9.081 8.909 8.788 8.677 9.017 8.874 8.754 8.655 8.487 8.465 8.296 8.106
245.0899 9.661 9.71 9.635 9.442 9.3 9.161 9.521 9.42 9.297 9.155 9.015 8.866 9.425 9.252 9.08 8.96 8.849 9.188 9.046 8.926 8.827 8.659 8.637 8.468 8.277
251.0022 9.832 9.882 9.807 9.614 9.471 9.332 9.693 9.591 9.469 9.327 9.187 9.038 9.596 9.424 9.252 9.131 9.021 9.36 9.218 9.098 8.999 8.83 8.809 8.639 8.449
257.0572 10.004 10.053 9.978 9.785 9.643 9.504 9.865 9.763 9.641 9.499 9.358 9.21 9.768 9.596 9.424 9.303 9.192 9.532 9.389 9.269 9.17 9.002 8.98 8.811 8.621
263.2582 10.175 10.225 10.15 9.957 9.815 9.676 10.036 9.935 9.812 9.67 9.53 9.381 9.94 9.767 9.595 9.475 9.364 9.703 9.561 9.441 9.342 9.174 9.152 8.983 8.792
269.6088 10.347 10.397 10.322 10.129 9.986 9.847 10.208 10.106 9.984 9.842 9.702 9.553 10.111 9.939 9.767 9.646 9.536 9.875 9.733 9.613 9.514 9.345 9.324 9.154 8.964
276.1126 10.519 10.568 10.493 10.3 10.158 10.019 10.38 10.278 10.156 10.014 9.873 9.725 10.283 10.111 9.939 9.818 9.707 10.047 9.904 9.784 9.685 9.517 9.495 9.326 9.136
282.7734 10.69 10.74 10.665 10.472 10.33 10.191 10.551 10.45 10.327 10.185 10.045 9.896 10.455 10.282 10.11 9.99 9.879 10.218 10.076 9.956 9.857 9.689 9.667 9.498 9.307
289.5947 10.996 11.045 10.971 10.778 10.635 10.496 10.857 10.755 10.633 10.491 10.35 10.202 10.76 10.588 10.416 10.295 10.184 10.524 10.381 10.262 10.162 9.994 9.973 9.803 9.613
296.5807 11.331 11.38 11.305 11.112 10.97 10.831 11.192 11.09 10.968 10.826 10.685 10.537 11.095 10.922 10.751 10.63 10.519 10.859 10.716 10.596 10.497 10.329 10.307 10.138 9.948
303.7351 11.666 11.715 11.64 11.447 11.305 11.166 11.527 11.425 11.302 11.161 11.02 10.872 11.43 11.257 11.085 10.965 10.854 11.194 11.051 10.931 10.832 10.664 10.642 10.473 10.282
311.0622 12.0 12.05 11.975 11.782 11.64 11.501 11.861 11.76 11.637 11.495 11.355 11.206 11.765 11.592 11.42 11.3 11.189 11.528 11.386 11.266 11.167 10.999 10.977 10.808 10.617
318.566 12.335 12.385 12.31 12.117 11.974 11.835 12.196 12.095 11.972 11.83 11.69 11.541 12.1 11.927 11.755 11.634 11.524 11.863 11.721 11.601 11.502 11.334 11.312 11.142 10.952
326.2508 12.67 12.72 12.645 12.452 12.309 12.17 12.531 12.429 12.307 12.165 12.025 11.876 12.434 12.262 12.09 11.969 11.859 12.198 12.055 11.936 11.837 11.668 11.647 11.477 11.287
334.121 13.005 13.054 12.98 12.787 12.644 12.505 12.866 12.764 12.642 12.5 12.359 12.211 12.769 12.597 12.425 12.304 12.193 12.533 12.39 12.27 12.171 12.003 11.981 11.812 11.622
342.181 13.34 13.389 13.314 13.121 12.979 12.84 13.201 13.099 12.977 12.835 12.694 12.546 13.104 12.931 12.76 12.639 12.528 12.868 12.725 12.605 12.506 12.338 12.316 12.147 11.957
350.4355 13.675 13.724 13.649 13.456 13.314 13.175 13.535 13.434 13.311 13.17 13.029 12.88 13.439 13.266 13.094 12.974 12.863 13.203 13.06 12.94 12.841 12.673 12.651 12.482 12.291
358.8891 14.009 14.059 13.984 13.791 13.649 13.51 13.87 13.769 13.646 13.504 13.364 13.215 13.774 13.601 13.429 13.309 13.198 13.537 13.395 13.275 13.176 13.008 12.986 12.817 12.626
367.5467 14.344 14.394 14.319 14.126 13.983 13.844 14.205 14.103 13.981 13.839 13.699 13.55 14.109 13.936 13.764 13.643 13.533 13.872 13.73 13.61 13.511 13.342 13.321 13.151 12.961
376.4131 14.679 14.728 14.654 14.461 14.318 14.179 14.54 14.438 14.316 14.174 14.034 13.885 14.443 14.271 14.099 13.978 13.868 14.207 14.064 13.945 13.846 13.677 13.656 13.486 13.296
385.4933 15.014 15.063 14.988 14.796 14.653 14.514 14.875 14.773 14.651 14.509 14.368 14.22 14.778 14.606 14.434 14.313 14.202 14.542 14.399 14.279 14.18 14.012 13.99 13.821 13.631
394.7926 15.349 15.398 15.323 15.13 14.988 14.849 15.21 15.108 14.986 14.844 14.703 14.555 15.113 14.94 14.769 14.648 14.537 14.877 14.734 14.614 14.515 14.347 14.325 14.156 13.966
404.3163 15.684 15.733 15.658 15.465 15.323 15.184 15.544 15.443 15.32 15.178 15.038 14.889 15.448 15.275 15.103 14.983 14.872 15.211 15.069 14.949 14.85 14.682 14.66 14.491 14.3
414.0697 16.018 16.068 15.993 15.8 15.658 15.518 15.879 15.778 15.655 15.513 15.373 15.224 15.783 15.61 15.438 15.318 15.207 15.546 15.404 15.284 15.185 15.017 14.995 14.826 14.635
424.0583 16.353 16.403 16.328 16.135 15.992 15.853 16.214 16.112 15.99 15.848 15.708 15.559 16.117 15.945 15.773 15.652 15.542 15.881 15.739 15.619 15.52 15.351 15.33 15.16 14.97
434.2879 16.688 16.737 16.663 16.47 16.327 16.188 16.549 16.447 16.325 16.183 16.042 15.894 16.452 16.28 16.108 15.987 15.877 16.216 16.073 15.954 15.855 15.686 15.665 15.495 15.305
444.7643 17.023 17.072 16.997 16.804 16.662 16.523 16.884 16.782 16.66 16.518 16.377 16.229 16.787 16.615 16.443 16.322 16.211 16.551 16.408 16.288 16.189 16.021 15.999 15.83 15.64
455.4934 17.358 17.407 17.332 17.139 16.997 16.858 17.219 17.117 16.994 16.853 16.712 16.564 17.122 16.949 16.778 16.657 16.546 16.886 16.743 16.623 16.524 16.356 16.334 16.165 15.975
466.4814 17.692 17.742 17.667 17.474 17.332 17.193 17.553 17.452 17.329 17.187 17.047 16.898 17.457 17.284 17.112 16.992 16.881 17.22 17.078 16.958 16.859 16.691 16.669 16.5 16.309
477.7344 18.027 18.077 18.002 17.809 17.667 17.527 17.888 17.787 17.664 17.522 17.382 17.233 17.792 17.619 17.447 17.326 17.216 17.555 17.413 17.293 17.194 17.026 17.004 16.835 16.644
489.2588 18.362 18.412 18.337 18.144 18.001 17.862 18.223 18.121 17.999 17.857 17.717 17.568 18.126 17.954 17.782 17.661 17.551 17.89 17.748 17.628 17.529 17.36 17.339 17.169 16.979
501.0613 18.697 18.746 18.672 18.479 18.336 18.197 18.558 18.456 18.334 18.192 18.051 17.903 18.461 18.289 18.117 17.996 17.885 18.225 18.082 17.963 17.864 17.695 17.674 17.504 17.314
513.1485 19.032 19.081 19.006 18.813 18.671 18.532 18.893 18.791 18.669 18.527 18.386 18.238 18.796 18.624 18.452 18.331 18.22 18.56 18.417 18.297 18.198 18.03 18.008 17.839 17.649
525.5272 19.367 19.416 19.341 19.148 19.006 18.867 19.228 19.126 19.003 18.862 18.721 18.573 19.131 18.958 18.786 18.666 18.555 18.895 18.752 18.632 18.533 18.365 18.343 18.174 17.984
538.2046 19.701 19.751 19.676 19.483 19.341 19.202 19.562 19.461 19.338 19.196 19.056 18.907 19.466 19.293 19.121 19.001 18.89 19.229 19.087 18.967 18.868 18.7 18.678 18.509 18.318
551.1878 20.036 20.086 20.011 19.818 19.676 19.536 19.897 19.796 19.673 19.531 19.391 19.242 19.801 19.628 19.456 19.335 19.225 19.564 19.422 19.302 19.203 19.035 19.013 18.844 18.653
564.4842 20.371 20.421 20.346 20.153 20.01 19.871 20.232 20.13 20.008 19.866 19.726 19.577 20.135 19.963 19.791 19.67 19.56 19.899 19.756 19.637 19.538 19.369 19.348 19.178 18.988
578.1013 20.706 20.755 20.681 20.488 20.345 20.206 20.567 20.465 20.343 20.201 20.06 19.912 20.47 20.298 20.126 20.005 19.894 20.234 20.091 19.971 19.872 19.704 19.682 19.513 19.323
592.0469 21.041 21.09 21.015 20.822 20.68 20.541 20.902 20.8 20.678 20.536 20.395 20.247 20.805 20.632 20.461 20.34 20.229 20.569 20.426 20.306 20.207 20.039 20.017 19.848 19.658
606.329 21.376 21.425 21.35 21.157 21.015 20.876 21.237 21.135 21.012 20.871 20.73 20.581 21.14 20.967 20.795 20.675 20.564 20.904 20.761 20.641 20.542 20.374 20.352 20.183 19.992
620.9555 21.71 21.76 21.685 21.492 21.35 21.211 21.571 21.47 21.347 21.205 21.065 20.916 21.475 21.302 21.13 21.01 20.899 21.238 21.096 20.976 20.877 20.709 20.687 20.518 20.327
635.9349 22.045 22.095 22.02 21.827 21.684 21.545 21.906 21.804 21.682 21.54 21.4 21.251 21.81 21.637 21.465 21.344 21.234 21.573 21.431 21.311 21.212 21.044 21.022 20.852 20.662
651.2757 22.38 22.43 22.355 22.162 22.019 21.88 22.241 22.139 22.017 21.875 21.735 21.586 22.144 21.972 21.8 21.679 21.569 21.908 21.765 21.646 21.547 21.378 21.357 21.187 20.997
666.9865 22.715 22.764 22.689 22.497 22.354 22.215 22.576 22.474 22.352 22.21 22.069 21.921 22.479 22.307 22.135 22.014 21.903 22.243 22.1 21.98 21.881 21.713 21.691 21.522 21.332
683.0763 23.05 23.099 23.024 22.831 22.689 22.55 22.911 22.809 22.687 22.545 22.404 22.256 22.814 22.641 22.47 22.349 22.238 22.578 22.435 22.315 22.216 22.048 22.026 21.857 21.667
699.5543 23.385 23.434 23.359 23.166 23.024 22.885 23.245 23.144 23.021 22.88 22.739 22.59 23.149 22.976 22.804 22.684 22.573 22.912 22.77 22.65 22.551 22.383 22.361 22.192 22.001
716.4297 23.719 23.769 23.694 23.501 23.359 23.219 23.58 23.479 23.356 23.214 23.074 22.925 23.484 23.311 23.139 23.019 22.908 23.247 23.105 22.985 22.886 22.718 22.696 22.527 22.336
733.7123 24.054 24.104 24.029 23.836 23.693 23.554 23.915 23.813 23.691 23.549 23.409 23.26 23.818 23.646 23.474 23.353 23.243 23.582 23.44 23.32 23.221 23.052 23.031 22.861 22.671
751.4117 24.389 24.438 24.364 24.171 24.028 23.889 24.25 24.148 24.026 23.884 23.744 23.595 24.153 23.981 23.809 23.688 23.578 23.917 23.774 23.655 23.556 23.387 23.366 23.196 23.006
