web/models/grb/onaxis/6/grb_0.0000_1.0000_0.0000010.dat
# %ECSV 1.0
# ---
# datatype:
# - {name: time, datatype: float64}
# - {name: swift_uvot_uvw2, datatype: float64}
# - {name: swift_uvot_uvm2, datatype: float64}
# - {name: swift_uvot_uvw1, datatype: float64}
# - {name: swift_uvot_U, datatype: float64}
# - {name: swift_uvot_B, datatype: float64}
# - {name: swift_uvot_V, datatype: float64}
# - {name: swift_uvot_W, datatype: float64}
# - {name: johnson_U, datatype: float64}
# - {name: johnson_B, datatype: float64}
# - {name: johnson_V, datatype: float64}
# - {name: johnson_R, datatype: float64}
# - {name: johnson_I, datatype: float64}
# - {name: sdss_u, datatype: float64}
# - {name: sdss_g, datatype: float64}
# - {name: sdss_r, datatype: float64}
# - {name: sdss_i, datatype: float64}
# - {name: sdss_z, datatype: float64}
# - {name: PS1_g, datatype: float64}
# - {name: PS1_r, datatype: float64}
# - {name: PS1_i, datatype: float64}
# - {name: PS1_z, datatype: float64}
# - {name: PS1_Y, datatype: float64}
# - {name: PS1_w, datatype: float64}
# - {name: ATLAS_c, datatype: float64}
# - {name: ATLAS_o, datatype: float64}
# - {name: ukirt_J, datatype: float64}
# - {name: ukirt_H, datatype: float64}
# - {name: ukirt_K, datatype: float64}
# - {name: Clear, datatype: float64}
# meta: !!omap
# - comment: [E = 0.00043396498804093575, Eta0 = 8.02, GammaB = 12.0, dL = 0.012188, epsb = 6.760829753919819e-06, epse = 0.1, n = 1e-06,
#     p = 2.15, theta_obs = 0.0, xiN = 1.0, z = 0.0, type = grb, E_kiso = 1.0]
# schema: astropy-2.0
time swift_uvot_uvw2 swift_uvot_uvm2 swift_uvot_uvw1 swift_uvot_U swift_uvot_B swift_uvot_V swift_uvot_W johnson_U johnson_B johnson_V johnson_R johnson_I sdss_u sdss_g sdss_r sdss_i sdss_z PS1_g PS1_r PS1_i PS1_z PS1_Y PS1_w ATLAS_c ATLAS_o ukirt_J ukirt_H ukirt_K Clear
[from data line 360]
53.3072 10.034 10.084 10.009 9.816 9.674 9.534 9.895 9.794 9.671 9.529 9.389 9.24 9.799 9.626 9.454 9.333 9.223 9.562 9.42 9.3 9.201 9.033 9.456 9.552 9.399 9.011 8.842 8.651 9.366
54.5931 10.089 10.138 10.063 9.87 9.728 9.589 9.949 9.848 9.725 9.583 9.443 9.294 9.853 9.68 9.508 9.388 9.277 9.616 9.474 9.354 9.255 9.087 9.511 9.606 9.453 9.065 8.896 8.705 9.42
55.9101 10.14 10.19 10.115 9.922 9.779 9.64 10.001 9.899 9.777 9.635 9.495 9.346 9.904 9.732 9.56 9.439 9.329 9.668 9.526 9.406 9.307 9.138 9.562 9.657 9.505 9.117 8.947 8.757 9.472
57.2588 10.192 10.241 10.166 9.973 9.831 9.692 10.053 9.951 9.829 9.687 9.546 9.398 9.956 9.783 9.612 9.491 9.38 9.72 9.577 9.457 9.358 9.19 9.614 9.709 9.556 9.168 8.999 8.809 9.524
58.6401 10.243 10.293 10.218 10.025 9.883 9.743 10.104 10.003 9.88 9.738 9.598 9.449 10.008 9.835 9.663 9.543 9.432 9.771 9.629 9.509 9.41 9.242 9.665 9.761 9.608 9.22 9.051 8.86 9.575
60.0546 10.295 10.344 10.27 10.077 9.934 9.795 10.156 10.054 9.932 9.79 9.649 9.501 10.059 9.887 9.715 9.594 9.484 9.823 9.68 9.561 9.462 9.293 9.717 9.812 9.66 9.272 9.102 8.912 9.627
61.5034 10.347 10.396 10.321 10.128 9.986 9.847 10.208 10.106 9.983 9.842 9.701 9.553 10.111 9.938 9.766 9.646 9.535 9.875 9.732 9.612 9.513 9.345 9.769 9.864 9.711 9.323 9.154 8.964 9.679
62.987 10.398 10.448 10.373 10.18 10.037 9.898 10.259 10.157 10.035 9.893 9.753 9.604 10.163 9.99 9.818 9.697 9.587 9.926 9.784 9.664 9.565 9.397 9.82 9.916 9.763 9.375 9.205 9.015 9.73
64.5065 10.45 10.499 10.424 10.232 10.089 9.95 10.311 10.209 10.087 9.945 9.804 9.656 10.214 10.042 9.87 9.749 9.638 9.978 9.835 9.715 9.616 9.448 9.872 9.967 9.814 9.426 9.257 9.067 9.782
66.0626 10.501 10.551 10.476 10.283 10.141 10.002 10.362 10.261 10.138 9.996 9.856 9.707 10.266 10.093 9.921 9.801 9.69 10.029 9.887 9.767 9.668 9.5 9.924 10.019 9.866 9.478 9.309 9.118 9.833
67.6562 10.553 10.603 10.528 10.335 10.192 10.053 10.414 10.312 10.19 10.048 9.908 9.759 10.317 10.145 9.973 9.852 9.742 10.081 9.938 9.819 9.72 9.551 9.975 10.07 9.918 9.53 9.36 9.17 9.885
69.2883 10.604 10.654 10.579 10.386 10.243 10.104 10.465 10.363 10.241 10.099 9.959 9.81 10.369 10.196 10.024 9.903 9.793 10.132 9.99 9.87 9.771 9.602 10.026 10.122 9.969 9.581 9.411 9.221 9.936
70.9597 10.654 10.703 10.628 10.435 10.293 10.154 10.515 10.413 10.29 10.149 10.008 9.859 10.418 10.245 10.073 9.953 9.842 10.182 10.039 9.919 9.82 9.652 10.076 10.171 10.018 9.63 9.461 9.27 9.985
72.6715 10.703 10.752 10.678 10.485 10.342 10.203 10.564 10.462 10.34 10.198 10.057 9.909 10.467 10.295 10.123 10.002 9.891 10.231 10.088 9.969 9.87 9.701 10.125 10.22 10.067 9.68 9.51 9.32 10.035
74.4246 10.752 10.802 10.727 10.534 10.392 10.252 10.613 10.512 10.389 10.247 10.107 9.958 10.517 10.344 10.172 10.052 9.941 10.28 10.138 10.018 9.919 9.751 10.174 10.27 10.117 9.729 9.56 9.369 10.084
76.2199 10.802 10.851 10.776 10.583 10.441 10.302 10.663 10.561 10.439 10.297 10.156 10.008 10.566 10.393 10.222 10.101 9.99 10.33 10.187 10.067 9.968 9.8 10.224 10.319 10.166 9.778 9.609 9.419 10.134
78.0586 10.851 10.901 10.826 10.633 10.49 10.351 10.712 10.61 10.488 10.346 10.206 10.057 10.615 10.443 10.271 10.15 10.04 10.379 10.236 10.117 10.018 9.849 10.273 10.368 10.216 9.828 9.658 9.468 10.183
79.9416 10.9 10.95 10.875 10.682 10.54 10.401 10.761 10.66 10.537 10.395 10.255 10.106 10.665 10.492 10.32 10.2 10.089 10.428 10.286 10.166 10.067 9.899 10.323 10.418 10.265 9.877 9.708 9.517 10.232
81.87 10.95 10.999 10.924 10.731 10.589 10.45 10.811 10.709 10.587 10.445 10.304 10.156 10.714 10.542 10.37 10.249 10.138 10.478 10.335 10.215 10.116 9.948 10.372 10.467 10.314 9.926 9.757 9.567 10.282
83.845 10.999 11.049 10.974 10.781 10.638 10.499 10.86 10.758 10.636 10.494 10.354 10.205 10.764 10.591 10.419 10.298 10.188 10.527 10.385 10.265 10.166 9.997 10.421 10.517 10.364 9.976 9.806 9.616 10.331
85.8676 11.049 11.098 11.023 10.83 10.688 10.549 10.91 10.808 10.685 10.544 10.403 10.255 10.813 10.64 10.468 10.348 10.237 10.577 10.434 10.314 10.215 10.047 10.471 10.566 10.413 10.025 9.856 9.665 10.38
87.939 11.098 11.148 11.073 10.88 10.737 10.598 10.959 10.857 10.735 10.593 10.453 10.304 10.862 10.69 10.518 10.397 10.287 10.626 10.484 10.364 10.265 10.096 10.52 10.616 10.463 10.075 9.905 9.715 10.43
90.0604 11.148 11.198 11.123 10.93 10.787 10.648 11.009 10.907 10.785 10.643 10.503 10.354 10.913 10.74 10.568 10.447 10.337 10.676 10.534 10.414 10.315 10.146 10.57 10.666 10.513 10.125 9.955 9.765 10.48
92.2329 11.198 11.248 11.173 10.98 10.837 10.698 11.059 10.957 10.835 10.693 10.553 10.404 10.963 10.79 10.618 10.497 10.387 10.726 10.584 10.464 10.365 10.196 10.62 10.716 10.563 10.175 10.005 9.815 10.53
94.4579 11.248 11.298 11.223 11.03 10.887 10.748 11.109 11.007 10.885 10.743 10.603 10.454 11.013 10.84 10.668 10.547 10.437 10.776 10.634 10.514 10.415 10.246 10.67 10.766 10.613 10.225 10.055 9.865 10.58
96.7365 11.298 11.348 11.273 11.08 10.937 10.798 11.159 11.057 10.935 10.793 10.653 10.504 11.063 10.89 10.718 10.597 10.487 10.826 10.684 10.564 10.465 10.297 10.72 10.816 10.663 10.275 10.105 9.915 10.63
99.0701 11.348 11.398 11.323 11.13 10.987 10.848 11.209 11.108 10.985 10.843 10.703 10.554 11.113 10.94 10.768 10.647 10.537 10.876 10.734 10.614 10.515 10.347 10.77 10.866 10.713 10.325 10.155 9.965 10.68
101.4599 11.398 11.448 11.373 11.18 11.037 10.898 11.259 11.158 11.035 10.893 10.753 10.604 11.163 10.99 10.818 10.697 10.587 10.926 10.784 10.664 10.565 10.397 10.82 10.916 10.763 10.375 10.205 10.015 10.73
103.9075 11.448 11.498 11.423 11.23 11.087 10.948 11.309 11.208 11.085 10.943 10.803 10.654 11.213 11.04 10.868 10.747 10.637 10.976 10.834 10.714 10.615 10.447 10.87 10.966 10.813 10.425 10.255 10.065 10.78
106.4141 11.498 11.548 11.473 11.28 11.137 10.998 11.359 11.258 11.135 10.993 10.853 10.704 11.263 11.09 10.918 10.797 10.687 11.026 10.884 10.764 10.665 10.497 10.92 11.016 10.863 10.475 10.306 10.115 10.83
108.9811 11.548 11.598 11.523 11.33 11.188 11.048 11.409 11.308 11.185 11.043 10.903 10.754 11.313 11.14 10.968 10.847 10.737 11.076 10.934 10.814 10.715 10.547 10.97 11.066 10.913 10.525 10.356 10.165 10.88
111.6101 11.597 11.646 11.571 11.378 11.236 11.097 11.458 11.356 11.233 11.092 10.951 10.803 11.361 11.188 11.016 10.896 10.785 11.125 10.982 10.862 10.763 10.595 11.019 11.114 10.961 10.573 10.404 10.214 10.929
114.3025 11.643 11.693 11.618 11.425 11.283 11.144 11.504 11.403 11.28 11.138 10.998 10.849 11.408 11.235 11.063 10.943 10.832 11.171 11.029 10.909 10.81 10.642 11.066 11.161 11.008 10.62 10.451 10.26 10.975
117.0598 11.69 11.74 11.665 11.472 11.329 11.19 11.551 11.449 11.327 11.185 11.045 10.896 11.454 11.282 11.11 10.989 10.879 11.218 11.076 10.956 10.857 10.688 11.112 11.207 11.055 10.667 10.497 10.307 11.022
119.8836 11.737 11.786 11.712 11.519 11.376 11.237 11.598 11.496 11.374 11.232 11.091 10.943 11.501 11.329 11.157 11.036 10.925 11.265 11.122 11.002 10.903 10.735 11.159 11.254 11.101 10.713 10.544 10.354 11.069
122.7756 11.784 11.833 11.758 11.565 11.423 11.284 11.645 11.543 11.421 11.279 11.138 10.99 11.548 11.375 11.204 11.083 10.972 11.312 11.169 11.049 10.95 10.782 11.206 11.301 11.148 10.76 10.591 10.401 11.116
125.7373 11.83 11.88 11.805 11.612 11.47 11.331 11.691 11.59 11.467 11.325 11.185 11.036 11.595 11.422 11.25 11.13 11.019 11.358 11.216 11.096 10.997 10.829 11.253 11.348 11.195 10.807 10.638 10.447 11.162
128.7705 11.877 11.927 11.852 11.659 11.516 11.377 11.738 11.636 11.514 11.372 11.232 11.083 11.642 11.469 11.297 11.176 11.066 11.405 11.263 11.143 11.044 10.875 11.299 11.395 11.242 10.854 10.684 10.494 11.209
131.8769 11.924 11.973 11.899 11.706 11.563 11.424 11.785 11.683 11.561 11.419 11.278 11.13 11.688 11.516 11.344 11.223 11.113 11.452 11.309 11.19 11.091 10.922 11.346 11.441 11.289 10.901 10.731 10.541 11.256
135.0582 11.971 12.02 11.945 11.752 11.61 11.471 11.832 11.73 11.608 11.466 11.325 11.177 11.735 11.562 11.391 11.27 11.159 11.499 11.356 11.236 11.137 10.969 11.393 11.488 11.335 10.947 10.778 10.588 11.303
138.3162 12.018 12.067 11.992 11.799 11.657 11.518 11.878 11.777 11.654 11.512 11.372 11.223 11.782 11.609 11.437 11.317 11.206 11.545 11.403 11.283 11.184 11.016 11.44 11.535 11.382 10.994 10.825 10.634 11.349
141.6528 12.064 12.113 12.038 11.845 11.703 11.564 11.925 11.823 11.701 11.559 11.418 11.27 11.828 11.655 11.484 11.363 11.252 11.592 11.449 11.329 11.23 11.062 11.486 11.581 11.428 11.04 10.871 10.681 11.396
145.0699 12.11 12.159 12.084 11.891 11.749 11.61 11.971 11.869 11.747 11.605 11.464 11.316 11.874 11.701 11.53 11.409 11.298 11.638 11.495 11.375 11.276 11.108 11.532 11.627 11.474 11.086 10.917 10.727 11.442
148.5695 12.156 12.205 12.13 11.937 11.795 11.656 12.017 11.915 11.792 11.651 11.51 11.362 11.92 11.747 11.576 11.455 11.344 11.684 11.541 11.421 11.322 11.154 11.578 11.673 11.52 11.132 10.963 10.773 11.488
152.1534 12.202 12.251 12.176 11.983 11.841 11.702 12.063 11.961 11.838 11.697 11.556 11.408 11.966 11.793 11.621 11.501 11.39 11.73 11.587 11.467 11.368 11.2 11.624 11.719 11.566 11.178 11.009 10.819 11.534
155.8238 12.248 12.297 12.222 12.029 11.887 11.748 12.108 12.007 11.884 11.743 11.602 11.453 12.012 11.839 11.667 11.547 11.436 11.776 11.633 11.513 11.414 11.246 11.67 11.765 11.612 11.224 11.055 10.864 11.579
159.5828 12.294 12.343 12.268 12.075 11.933 11.794 12.154 12.053 11.93 11.788 11.648 11.499 12.058 11.885 11.713 11.593 11.482 11.821 11.679 11.559 11.46 11.292 11.716 11.811 11.658 11.27 11.101 10.91 11.625
163.4324 12.339 12.389 12.314 12.121 11.979 11.84 12.2 12.099 11.976 11.834 11.694 11.545 12.104 11.931 11.759 11.639 11.528 11.867 11.725 11.605 11.506 11.338 11.762 11.857 11.704 11.316 11.147 10.956 11.671
167.375 12.385 12.435 12.36 12.167 12.025 11.886 12.246 12.145 12.022 11.88 11.74 11.591 12.15 11.977 11.805 11.685 11.574 11.913 11.771 11.651 11.552 11.384 11.808 11.903 11.75 11.362 11.193 11.002 11.717
171.4126 12.431 12.481 12.406 12.213 12.071 11.931 12.292 12.191 12.068 11.926 11.786 11.637 12.196 12.023 11.851 11.731 11.62 11.959 11.817 11.697 11.598 11.43 11.853 11.949 11.796 11.408 11.239 11.048 11.763
175.5476 12.477 12.527 12.452 12.259 12.117 11.977 12.338 12.237 12.114 11.972 11.832 11.683 12.242 12.069 11.897 11.776 11.666 12.005 11.863 11.743 11.644 11.476 11.899 11.995 11.842 11.454 11.285 11.094 11.809
179.7823 12.521 12.57 12.495 12.302 12.16 12.021 12.382 12.28 12.158 12.016 11.875 11.727 12.285 12.112 11.941 11.82 11.709 12.049 11.906 11.786 11.687 11.519 11.943 12.038 11.885 11.497 11.328 11.138 11.853
184.1193 12.563 12.613 12.538 12.345 12.203 12.064 12.424 12.323 12.2 12.058 11.918 11.769 12.328 12.155 11.983 11.863 11.752 12.091 11.949 11.829 11.73 11.562 11.986 12.081 11.928 11.54 11.371 11.18 11.895
188.5608 12.606 12.656 12.581 12.388 12.245 12.106 12.467 12.366 12.243 12.101 11.961 11.812 12.371 12.198 12.026 11.905 11.795 12.134 11.992 11.872 11.773 11.605 12.028 12.124 11.971 11.583 11.413 11.223 11.938
193.1095 12.649 12.698 12.624 12.431 12.288 12.149 12.51 12.408 12.286 12.144 12.003 11.855 12.413 12.241 12.069 11.948 11.838 12.177 12.034 11.915 11.816 11.647 12.071 12.166 12.014 11.626 11.456 11.266 11.981
197.7679 12.692 12.741 12.666 12.473 12.331 12.192 12.553 12.451 12.329 12.187 12.046 11.898 12.456 12.283 12.112 11.991 11.88 12.22 12.077 11.957 11.858 11.69 12.114 12.209 12.056 11.668 11.499 11.309 12.024
202.5387 12.735 12.784 12.709 12.516 12.374 12.235 12.595 12.494 12.371 12.229 12.089 11.94 12.499 12.326 12.154 12.034 11.923 12.262 12.12 12.0 11.901 11.733 12.157 12.252 12.099 11.711 11.542 11.351 12.066
207.4245 12.777 12.827 12.752 12.559 12.417 12.277 12.638 12.537 12.414 12.272 12.132 11.983 12.542 12.369 12.197 12.076 11.966 12.305 12.163 12.043 11.944 11.776 12.199 12.295 12.142 11.754 11.585 11.394 12.109
212.4283 12.82 12.869 12.795 12.602 12.459 12.32 12.681 12.579 12.457 12.315 12.175 12.026 12.584 12.412 12.24 12.119 12.009 12.348 12.205 12.086 11.987 11.818 12.242 12.337 12.185 11.797 11.627 11.437 12.152
217.5527 12.863 12.912 12.837 12.644 12.502 12.363 12.724 12.622 12.5 12.358 12.217 12.069 12.627 12.454 12.283 12.162 12.051 12.391 12.248 12.128 12.029 11.861 12.285 12.38 12.227 11.839 11.67 11.48 12.195
222.8008 12.906 12.955 12.88 12.687 12.545 12.406 12.766 12.665 12.542 12.401 12.26 12.111 12.67 12.497 12.325 12.205 12.094 12.434 12.291 12.171 12.072 11.904 12.328 12.423 12.27 11.882 11.713 11.522 12.237
228.1754 12.95 13.0 12.925 12.732 12.59 12.45 12.811 12.71 12.587 12.445 12.305 12.156 12.715 12.542 12.37 12.249 12.139 12.478 12.336 12.216 12.117 11.949 12.372 12.468 12.315 11.927 11.758 11.567 12.282
233.6797 12.995 13.045 12.97 12.777 12.634 12.495 12.856 12.754 12.632 12.49 12.35 12.201 12.759 12.587 12.415 12.294 12.184 12.523 12.381 12.261 12.162 11.993 12.417 12.512 12.36 11.972 11.802 11.612 12.327
239.3168 13.04 13.089 13.015 12.822 12.679 12.54 12.901 12.799 12.677 12.535 12.394 12.246 12.804 12.632 12.46 12.339 12.229 12.568 12.425 12.306 12.207 12.038 12.462 12.557 12.405 12.017 11.847 11.657 12.372
245.0899 13.085 13.134 13.059 12.866 12.724 12.585 12.946 12.844 12.722 12.58 12.439 12.291 12.849 12.677 12.505 12.384 12.273 12.613 12.47 12.35 12.251 12.083 12.507 12.602 12.449 12.061 11.892 11.702 12.417
251.0022 13.13 13.179 13.104 12.911 12.769 12.63 12.991 12.889 12.767 12.625 12.484 12.336 12.894 12.721 12.55 12.429 12.318 12.658 12.515 12.395 12.296 12.128 12.552 12.647 12.494 12.106 11.937 11.747 12.462
257.0572 13.175 13.224 13.149 12.956 12.814 12.675 13.035 12.934 12.811 12.67 12.529 12.38 12.939 12.766 12.594 12.474 12.363 12.703 12.56 12.44 12.341 12.173 12.597 12.692 12.539 12.151 11.982 11.791 12.506
263.2582 13.219 13.269 13.194 13.001 12.859 12.72 13.08 12.979 12.856 12.714 12.574 12.425 12.984 12.811 12.639 12.519 12.408 12.747 12.605 12.485 12.386 12.218 12.642 12.737 12.584 12.196 12.027 11.836 12.551
269.6088 13.264 13.314 13.239 13.046 12.904 12.764 13.125 13.024 12.901 12.759 12.619 12.47 13.029 12.856 12.684 12.563 12.453 12.792 12.65 12.53 12.431 12.263 12.686 12.782 12.629 12.241 12.072 11.881 12.596
276.1126 13.309 13.359 13.284 13.091 12.948 12.809 13.17 13.068 12.946 12.804 12.664 12.515 13.073 12.901 12.729 12.608 12.498 12.837 12.695 12.575 12.476 12.307 12.731 12.826 12.674 12.286 12.116 11.926 12.641
282.7734 13.354 13.403 13.328 13.135 12.993 12.854 13.215 13.113 12.991 12.849 12.708 12.56 13.118 12.945 12.774 12.653 12.542 12.882 12.739 12.619 12.52 12.352 12.776 12.871 12.718 12.33 12.161 11.971 12.686
289.5947 13.395 13.444 13.369 13.176 13.034 12.895 13.256 13.154 13.032 12.89 12.749 12.601 13.159 12.986 12.815 12.694 12.583 12.923 12.78 12.66 12.561 12.393 12.817 12.912 12.759 12.371 12.202 12.012 12.727
296.5807 13.436 13.485 13.41 13.217 13.075 12.936 13.297 13.195 13.073 12.931 12.79 12.642 13.2 13.027 12.856 12.735 12.624 12.964 12.821 12.701 12.602 12.434 12.858 12.953 12.8 12.412 12.243 12.053 12.768
303.7351 13.477 13.526 13.451 13.258 13.116 12.977 13.338 13.236 13.114 12.972 12.831 12.683 13.241 13.068 12.897 12.776 12.665 13.005 12.862 12.742 12.643 12.475 12.899 12.994 12.841 12.453 12.284 12.094 12.809
311.0622 13.518 13.567 13.492 13.299 13.157 13.018 13.379 13.277 13.155 13.013 12.872 12.724 13.282 13.109 12.938 12.817 12.706 13.046 12.903 12.783 12.684 12.516 12.94 13.035 12.882 12.494 12.325 12.135 12.85
318.566 13.559 13.608 13.533 13.34 13.198 13.059 13.42 13.318 13.196 13.054 12.913 12.765 13.323 13.15 12.979 12.858 12.747 13.087 12.944 12.824 12.725 12.557 12.981 13.076 12.923 12.535 12.366 12.176 12.891
326.2508 13.6 13.649 13.574 13.381 13.239 13.1 13.461 13.359 13.237 13.095 12.954 12.806 13.364 13.191 13.02 12.899 12.788 13.128 12.985 12.865 12.766 12.598 13.022 13.117 12.964 12.576 12.407 12.217 12.932
334.121 13.641 13.69 13.615 13.422 13.28 13.141 13.502 13.4 13.278 13.136 12.995 12.847 13.405 13.232 13.061 12.94 12.829 13.169 13.026 12.906 12.807 12.639 13.063 13.158 13.005 12.617 12.448 12.258 12.973
