web/models/grb/onaxis/6/grb_0.0000_0.0268_0.0001000.dat
# %ECSV 1.0
# ---
# datatype:
# - {name: time, datatype: float64}
# - {name: swift_uvot_uvw2, datatype: float64}
# - {name: swift_uvot_uvm2, datatype: float64}
# - {name: swift_uvot_uvw1, datatype: float64}
# - {name: swift_uvot_U, datatype: float64}
# - {name: swift_uvot_B, datatype: float64}
# - {name: swift_uvot_V, datatype: float64}
# - {name: swift_uvot_W, datatype: float64}
# - {name: johnson_U, datatype: float64}
# - {name: johnson_B, datatype: float64}
# - {name: johnson_V, datatype: float64}
# - {name: johnson_R, datatype: float64}
# - {name: johnson_I, datatype: float64}
# - {name: sdss_u, datatype: float64}
# - {name: sdss_g, datatype: float64}
# - {name: sdss_r, datatype: float64}
# - {name: sdss_i, datatype: float64}
# - {name: sdss_z, datatype: float64}
# - {name: PS1_g, datatype: float64}
# - {name: PS1_r, datatype: float64}
# - {name: PS1_i, datatype: float64}
# - {name: PS1_z, datatype: float64}
# - {name: PS1_Y, datatype: float64}
# - {name: PS1_w, datatype: float64}
# - {name: ATLAS_c, datatype: float64}
# - {name: ATLAS_o, datatype: float64}
# - {name: ukirt_J, datatype: float64}
# - {name: ukirt_H, datatype: float64}
# - {name: ukirt_K, datatype: float64}
# - {name: Clear, datatype: float64}
# meta: !!omap
# - comment: [E = 1.164196048716035e-05, Eta0 = 8.02, GammaB = 12.0, dL = 0.012188, epsb = 6.760829753919819e-06, epse = 0.1, n = 0.0001,
#     p = 2.15, theta_obs = 0.0, xiN = 1.0, z = 0.0, type = grb, E_kiso = 0.02682695795279726]
# schema: astropy-2.0
time swift_uvot_uvw2 swift_uvot_uvm2 swift_uvot_uvw1 swift_uvot_U swift_uvot_B swift_uvot_V swift_uvot_W johnson_U johnson_B johnson_V johnson_R johnson_I sdss_u sdss_g sdss_r sdss_i sdss_z PS1_g PS1_r PS1_i PS1_z PS1_Y PS1_w ATLAS_c ATLAS_o ukirt_J ukirt_H ukirt_K Clear
[from data line 423]
239.3168 17.689 17.738 17.663 17.471 17.328 17.189 17.55 17.448 17.326 17.184 17.043 16.895 17.453 17.281 17.109 16.988 16.877 17.217 17.074 16.954 16.855 16.687 17.111 17.206 17.053 16.665 16.496 16.306 17.021
245.0899 17.783 17.832 17.757 17.564 17.422 17.283 17.644 17.542 17.419 17.278 17.137 16.989 17.547 17.374 17.202 17.082 16.971 17.311 17.168 17.048 16.949 16.781 17.205 17.3 17.147 16.759 16.59 16.4 17.115
251.0022 17.888 17.938 17.863 17.67 17.527 17.388 17.749 17.647 17.525 17.383 17.243 17.094 17.653 17.48 17.308 17.187 17.077 17.416 17.274 17.154 17.055 16.886 17.31 17.406 17.253 16.865 16.695 16.505 17.22
257.0572 17.994 18.043 17.968 17.775 17.633 17.494 17.855 17.753 17.631 17.489 17.348 17.2 17.758 17.586 17.414 17.293 17.182 17.522 17.379 17.259 17.16 16.992 17.416 17.511 17.358 16.97 16.801 16.611 17.326
263.2582 18.099 18.149 18.074 17.881 17.739 17.599 17.96 17.859 17.736 17.594 17.454 17.305 17.864 17.691 17.519 17.399 17.288 17.627 17.485 17.365 17.266 17.098 17.522 17.617 17.464 17.076 16.907 16.716 17.431
269.6088 18.205 18.254 18.18 17.987 17.844 17.705 18.066 17.964 17.842 17.7 17.559 17.411 17.969 17.797 17.625 17.504 17.393 17.733 17.59 17.471 17.372 17.203 17.627 17.722 17.57 17.182 17.012 16.822 17.537
276.1126 18.311 18.36 18.285 18.092 17.95 17.811 18.171 18.07 17.947 17.806 17.665 17.516 18.075 17.902 17.73 17.61 17.499 17.839 17.696 17.576 17.477 17.309 17.733 17.828 17.675 17.287 17.118 16.927 17.642
282.7734 18.416 18.466 18.391 18.198 18.055 17.916 18.277 18.175 18.053 17.911 17.771 17.622 18.18 18.008 17.836 17.715 17.605 17.944 17.802 17.682 17.583 17.414 17.838 17.933 17.781 17.393 17.223 17.033 17.748
289.5947 18.522 18.571 18.496 18.303 18.161 18.022 18.383 18.281 18.159 18.017 17.876 17.728 18.286 18.113 17.942 17.821 17.71 18.05 17.907 17.787 17.688 17.52 17.944 18.039 17.886 17.498 17.329 17.139 17.854
296.5807 18.627 18.677 18.602 18.409 18.267 18.127 18.488 18.387 18.264 18.122 17.982 17.833 18.392 18.219 18.047 17.926 17.816 18.155 18.013 17.893 17.794 17.626 18.049 18.145 17.992 17.604 17.435 17.244 17.959
303.7351 18.733 18.782 18.708 18.515 18.372 18.233 18.594 18.492 18.37 18.228 18.087 17.939 18.497 18.325 18.153 18.032 17.921 18.261 18.118 17.998 17.899 17.731 18.155 18.25 18.097 17.709 17.54 17.35 18.065
311.0622 18.891 18.941 18.866 18.673 18.53 18.391 18.752 18.65 18.528 18.386 18.246 18.097 18.655 18.483 18.311 18.19 18.08 18.419 18.277 18.157 18.058 17.889 18.313 18.408 18.256 17.868 17.698 17.508 18.223
318.566 19.063 19.112 19.037 18.844 18.702 18.563 18.924 18.822 18.7 18.558 18.417 18.269 18.827 18.655 18.483 18.362 18.251 18.591 18.448 18.328 18.229 18.061 18.485 18.58 18.427 18.039 17.87 17.68 18.395
326.2508 19.235 19.284 19.209 19.016 18.874 18.735 19.095 18.994 18.871 18.729 18.589 18.44 18.999 18.826 18.654 18.534 18.423 18.762 18.62 18.5 18.401 18.233 18.657 18.752 18.599 18.211 18.042 17.851 18.566
334.121 19.406 19.456 19.381 19.188 19.045 18.906 19.267 19.165 19.043 18.901 18.761 18.612 19.17 18.998 18.826 18.705 18.595 18.934 18.792 18.672 18.573 18.404 18.828 18.923 18.771 18.383 18.213 18.023 18.738
342.181 19.578 19.627 19.552 19.359 19.217 19.078 19.439 19.337 19.215 19.073 18.932 18.784 19.342 19.17 18.998 18.877 18.766 19.106 18.963 18.843 18.744 18.576 19.0 19.095 18.942 18.554 18.385 18.195 18.91
350.4355 19.749 19.799 19.724 19.531 19.389 19.25 19.61 19.509 19.386 19.244 19.104 18.955 19.514 19.341 19.169 19.049 18.938 19.277 19.135 19.015 18.916 18.748 19.172 19.267 19.114 18.726 18.557 18.366 19.081
358.8891 19.921 19.971 19.896 19.703 19.56 19.421 19.782 19.68 19.558 19.416 19.276 19.127 19.685 19.513 19.341 19.22 19.11 19.449 19.307 19.187 19.088 18.919 19.343 19.438 19.286 18.898 18.728 18.538 19.253
367.5467 20.093 20.142 20.067 19.874 19.732 19.593 19.954 19.852 19.73 19.588 19.447 19.299 19.857 19.685 19.513 19.392 19.281 19.621 19.478 19.358 19.259 19.091 19.515 19.61 19.457 19.069 18.9 18.71 19.425
376.4131 20.264 20.314 20.239 20.046 19.904 19.765 20.125 20.024 19.901 19.759 19.619 19.47 20.029 19.856 19.684 19.564 19.453 19.792 19.65 19.53 19.431 19.263 19.687 19.782 19.629 19.241 19.072 18.881 19.596
385.4933 20.436 20.486 20.411 20.218 20.075 19.936 20.297 20.195 20.073 19.931 19.791 19.642 20.2 20.028 19.856 19.735 19.625 19.964 19.822 19.702 19.603 19.434 19.858 19.953 19.801 19.413 19.243 19.053 19.768
394.7926 20.761 20.811 20.736 20.543 20.4 20.261 20.622 20.52 20.398 20.256 20.116 19.967 20.526 20.353 20.181 20.06 19.95 20.289 20.147 20.027 19.928 19.759 20.183 20.279 20.126 19.738 19.568 19.378 20.093
404.3163 21.096 21.145 21.071 20.878 20.735 20.596 20.957 20.855 20.733 20.591 20.451 20.302 20.86 20.688 20.516 20.395 20.285 20.624 20.481 20.362 20.263 20.094 20.518 20.613 20.461 20.073 19.903 19.713 20.428
414.0697 21.431 21.48 21.405 21.213 21.07 20.931 21.292 21.19 21.068 20.926 20.785 20.637 21.195 21.023 20.851 20.73 20.619 20.959 20.816 20.696 20.597 20.429 20.853 20.948 20.795 20.407 20.238 20.048 20.763
424.0583 21.766 21.815 21.74 21.547 21.405 21.266 21.627 21.525 21.403 21.261 21.12 20.972 21.53 21.357 21.186 21.065 20.954 21.294 21.151 21.031 20.932 20.764 21.188 21.283 21.13 20.742 20.573 20.383 21.098
434.2879 22.101 22.15 22.075 21.882 21.74 21.601 21.961 21.86 21.737 21.595 21.455 21.306 21.865 21.692 21.52 21.4 21.289 21.628 21.486 21.366 21.267 21.099 21.523 21.618 21.465 21.077 20.908 20.717 21.432
444.7643 22.435 22.485 22.41 22.217 22.075 21.935 22.296 22.195 22.072 21.93 21.79 21.641 22.2 22.027 21.855 21.735 21.624 21.963 21.821 21.701 21.602 21.434 21.857 21.953 21.8 21.412 21.243 21.052 21.767
455.4934 22.77 22.82 22.745 22.552 22.409 22.27 22.631 22.529 22.407 22.265 22.125 21.976 22.534 22.362 22.19 22.069 21.959 22.298 22.156 22.036 21.937 21.768 22.192 22.287 22.135 21.747 21.577 21.387 22.102
466.4814 23.105 23.154 23.08 22.887 22.744 22.605 22.966 22.864 22.742 22.6 22.459 22.311 22.869 22.697 22.525 22.404 22.294 22.633 22.49 22.371 22.272 22.103 22.527 22.622 22.47 22.082 21.912 21.722 22.437
477.7344 23.44 23.489 23.414 23.221 23.079 22.94 23.301 23.199 23.077 22.935 22.794 22.646 23.204 23.032 22.86 22.739 22.628 22.968 22.825 22.705 22.606 22.438 22.862 22.957 22.804 22.416 22.247 22.057 22.772
489.2588 23.775 23.824 23.749 23.556 23.414 23.275 23.636 23.534 23.411 23.27 23.129 22.981 23.539 23.366 23.195 23.074 22.963 23.303 23.16 23.04 22.941 22.773 23.197 23.292 23.139 22.751 22.582 22.392 23.107
501.0613 24.109 24.159 24.084 23.891 23.749 23.61 23.97 23.869 23.746 23.604 23.464 23.315 23.874 23.701 23.529 23.409 23.298 23.637 23.495 23.375 23.276 23.108 23.532 23.627 23.474 23.086 22.917 22.726 23.441
513.1485 24.444 24.494 24.419 24.226 24.084 23.944 24.305 24.204 24.081 23.939 23.799 23.65 24.209 24.036 23.864 23.743 23.633 23.972 23.83 23.71 23.611 23.443 23.866 23.962 23.809 23.421 23.252 23.061 23.776
525.5272 24.779 24.829 24.754 24.561 24.418 24.279 24.64 24.538 24.416 24.274 24.134 23.985 24.543 24.371 24.199 24.078 23.968 24.307 24.165 24.045 23.946 23.777 24.201 24.296 24.144 23.756 23.586 23.396 24.111
538.2046 25.114 25.163 25.089 24.896 24.753 24.614 24.975 24.873 24.751 24.609 24.468 24.32 24.878 24.706 24.534 24.413 24.302 24.642 24.499 24.38 24.281 24.112 24.536 24.631 24.478 24.091 23.921 23.731 24.446
551.1878 25.449 25.498 25.423 25.23 25.088 24.949 25.31 25.208 25.086 24.944 24.803 24.655 25.213 25.041 24.869 24.748 24.637 24.977 24.834 24.714 24.615 24.447 24.871 24.966 24.813 24.425 24.256 24.066 24.781
564.4842 25.784 25.833 25.758 25.565 25.423 25.284 25.645 25.543 25.42 25.279 25.138 24.99 25.548 25.375 25.203 25.083 24.972 25.312 25.169 25.049 24.95 24.782 25.206 25.301 25.148 24.76 24.591 24.401 25.116
578.1013 26.118 26.168 26.093 25.9 25.758 25.619 25.979 25.878 25.755 25.613 25.473 25.324 25.883 25.71 25.538 25.418 25.307 25.646 25.504 25.384 25.285 25.117 25.541 25.636 25.483 25.095 24.926 24.735 25.45
592.0469 26.453 26.503 26.428 26.235 26.093 25.953 26.314 26.213 26.09 25.948 25.808 25.659 26.218 26.045 25.873 25.752 25.642 25.981 25.839 25.719 25.62 25.452 25.875 25.971 25.818 25.43 25.261 25.07 25.785
606.329 26.788 26.838 26.763 26.57 26.427 26.288 26.649 26.547 26.425 26.283 26.143 25.994 26.552 26.38 26.208 26.087 25.977 26.316 26.173 26.054 25.955 25.786 26.21 26.305 26.153 25.765 25.595 25.405 26.12
620.9555 27.123 27.172 27.098 26.905 26.762 26.623 26.984 26.882 26.76 26.618 26.477 26.329 26.887 26.715 26.543 26.422 26.311 26.651 26.508 26.388 26.289 26.121 26.545 26.64 26.487 26.099 25.93 25.74 26.455
635.9349 27.458 27.507 27.432 27.239 27.097 26.958 27.319 27.217 27.095 26.953 26.812 26.664 27.222 27.049 26.878 26.757 26.646 26.986 26.843 26.723 26.624 26.456 26.88 26.975 26.822 26.434 26.265 26.075 26.79
651.2757 27.793 27.842 27.767 27.574 27.432 27.293 27.654 27.552 27.429 27.288 27.147 26.998 27.557 27.384 27.212 27.092 26.981 27.321 27.178 27.058 26.959 26.791 27.215 27.31 27.157 26.769 26.6 26.409 27.124
666.9865 28.127 28.177 28.102 27.909 27.767 27.628 27.988 27.887 27.764 27.622 27.482 27.333 27.892 27.719 27.547 27.427 27.316 27.655 27.513 27.393 27.294 27.126 27.55 27.645 27.492 27.104 26.935 26.744 27.459
683.0763 28.462 28.512 28.437 28.244 28.101 27.962 28.323 28.221 28.099 27.957 27.817 27.668 28.227 28.054 27.882 27.761 27.651 27.99 27.848 27.728 27.629 27.461 27.884 27.98 27.827 27.439 27.269 27.079 27.794
699.5543 28.797 28.847 28.772 28.579 28.436 28.297 28.658 28.556 28.434 28.292 28.152 28.003 28.561 28.389 28.217 28.096 27.986 28.325 28.182 28.063 27.964 27.795 28.219 28.314 28.162 27.774 27.604 27.414 28.129
716.4297 29.132 29.181 29.106 28.914 28.771 28.632 28.993 28.891 28.769 28.627 28.486 28.338 28.896 28.724 28.552 28.431 28.32 28.66 28.517 28.397 28.298 28.13 28.554 28.649 28.496 28.108 27.939 27.749 28.464
733.7123 29.467 29.516 29.441 29.248 29.106 28.967 29.328 29.226 29.104 28.962 28.821 28.673 29.231 29.058 28.887 28.766 28.655 28.995 28.852 28.732 28.633 28.465 28.889 28.984 28.831 28.443 28.274 28.084 28.799
751.4117 29.802 29.851 29.776 29.583 29.441 29.302 29.662 29.561 29.438 29.297 29.156 29.007 29.566 29.393 29.221 29.101 28.99 29.329 29.187 29.067 28.968 28.8 29.224 29.319 29.166 28.778 28.609 28.418 29.133
769.5381 30.136 30.186 30.111 29.918 29.776 29.636 29.997 29.896 29.773 29.631 29.491 29.342 29.901 29.728 29.556 29.436 29.325 29.664 29.522 29.402 29.303 29.135 29.558 29.654 29.501 29.113 28.944 28.753 29.468
788.1018 30.471 30.521 30.446 30.253 30.11 29.971 30.332 30.23 30.108 29.966 29.826 29.677 30.235 30.063 29.891 29.77 29.66 29.999 29.857 29.737 29.638 29.469 29.893 29.989 29.836 29.448 29.278 29.088 29.803
807.1133 30.806 30.855 30.781 30.588 30.445 30.306 30.667 30.565 30.443 30.301 30.161 30.012 30.57 30.398 30.226 30.105 29.995 30.334 30.191 30.072 29.973 29.804 30.228 30.323 30.171 29.783 29.613 29.423 30.138
826.5834 31.141 31.19 31.115 30.922 30.78 30.641 31.002 30.9 30.778 30.636 30.495 30.347 30.905 30.733 30.561 30.44 30.329 30.669 30.526 30.406 30.307 30.139 30.563 30.658 30.505 30.117 29.948 29.758 30.473
846.5232 31.476 31.525 31.45 31.257 31.115 30.976 31.337 31.235 31.113 30.971 30.83 30.682 31.24 31.067 30.896 30.775 30.664 31.004 30.861 30.741 30.642 30.474 30.898 30.993 30.84 30.452 30.283 30.093 30.808
866.944 31.811 31.86 31.785 31.592 31.45 31.311 31.671 31.57 31.447 31.305 31.165 31.016 31.575 31.402 31.23 31.11 30.999 31.338 31.196 31.076 30.977 30.809 31.233 31.328 31.175 30.787 30.618 30.427 31.142
887.8575 32.145 32.195 32.12 31.927 31.785 31.645 32.006 31.905 31.782 31.64 31.5 31.351 31.91 31.737 31.565 31.444 31.334 31.673 31.531 31.411 31.312 31.144 31.567 31.663 31.51 31.122 30.953 30.762 31.477
909.2754 32.48 32.53 32.455 32.262 32.119 31.98 32.341 32.239 32.117 31.975 31.835 31.686 32.244 32.072 31.9 31.779 31.669 32.008 31.866 31.746 31.647 31.478 31.902 31.997 31.845 31.457 31.287 31.097 31.812
931.21 32.815 32.864 32.79 32.597 32.454 32.315 32.676 32.574 32.452 32.31 32.169 32.021 32.579 32.407 32.235 32.114 32.004 32.343 32.2 32.081 31.982 31.813 32.237 32.332 32.18 31.792 31.622 31.432 32.147
953.6737 33.15 33.199 33.124 32.931 32.789 32.65 33.011 32.909 32.787 32.645 32.504 32.356 32.914 32.742 32.57 32.449 32.338 32.678 32.535 32.415 32.316 32.148 32.572 32.667 32.514 32.126 31.957 31.767 32.482
976.6793 33.485 33.534 33.459 33.266 33.124 32.985 33.346 33.244 33.121 32.98 32.839 32.691 33.249 33.076 32.905 32.784 32.673 33.013 32.87 32.75 32.651 32.483 32.907 33.002 32.849 32.461 32.292 32.102 32.817
1000.2399 33.819 33.869 33.794 33.601 33.459 33.32 33.68 33.579 33.456 33.314 33.174 33.025 33.584 33.411 33.239 33.119 33.008 33.347 33.205 33.085 32.986 32.818 33.242 33.337 33.184 32.796 32.627 32.436 33.151
1024.3688 34.154 34.204 34.129 33.936 33.794 33.654 34.015 33.914 33.791 33.649 33.509 33.36 33.919 33.746 33.574 33.453 33.343 33.682 33.54 33.42 33.321 33.153 33.576 33.672 33.519 33.131 32.962 32.771 33.486
1049.0798 34.489 34.539 34.464 34.271 34.128 33.989 34.35 34.248 34.126 33.984 33.844 33.695 34.253 34.081 33.909 33.788 33.678 34.017 33.875 33.755 33.656 33.487 33.911 34.006 33.854 33.466 33.296 33.106 33.821
1074.3869 34.824 34.873 34.799 34.606 34.463 34.324 34.685 34.583 34.461 34.319 34.178 34.03 34.588 34.416 34.244 34.123 34.012 34.352 34.209 34.09 33.99 33.822 34.246 34.341 34.188 33.801 33.631 33.441 34.156
1100.3045 35.159 35.208 35.133 34.94 34.798 34.659 35.02 34.918 34.796 34.654 34.513 34.365 34.923 34.75 34.579 34.458 34.347 34.687 34.544 34.424 34.325 34.157 34.581 34.676 34.523 34.135 33.966 33.776 34.491
1126.8473 35.494 35.543 35.468 35.275 35.133 34.994 35.355 35.253 35.13 34.989 34.848 34.7 35.258 35.085 34.913 34.793 34.682 35.022 34.879 34.759 34.66 34.492 34.916 35.011 34.858 34.47 34.301 34.11 34.825
1154.0304 35.828 35.878 35.803 35.61 35.468 35.329 35.689 35.588 35.465 35.323 35.183 35.034 35.593 35.42 35.248 35.128 35.017 35.356 35.214 35.094 34.995 34.827 35.251 35.346 35.193 34.805 34.636 34.445 35.16
1181.8693 36.163 36.213 36.138 35.945 35.802 35.663 36.024 35.923 35.8 35.658 35.518 35.369 35.928 35.755 35.583 35.462 35.352 35.691 35.549 35.429 35.33 35.162 35.585 35.681 35.528 35.14 34.97 34.78 35.495
1210.3797 36.498 36.548 36.473 36.28 36.137 35.998 36.359 36.257 36.135 35.993 35.853 35.704 36.262 36.09 35.918 35.797 35.687 36.026 35.883 35.764 35.665 35.496 35.92 36.015 35.863 35.475 35.305 35.115 35.83
1239.5778 36.833 36.882 36.808 36.615 36.472 36.333 36.694 36.592 36.47 36.328 36.187 36.039 36.597 36.425 36.253 36.132 36.021 36.361 36.218 36.098 35.999 35.831 36.255 36.35 36.197 35.809 35.64 35.45 36.165
1269.4803 37.168 37.217 37.142 36.949 36.807 36.668 37.029 36.927 36.805 36.663 36.522 36.374 36.932 36.759 36.588 36.467 36.356 36.696 36.553 36.433 36.334 36.166 36.59 36.685 36.532 36.144 35.975 35.785 36.5
1300.1042 37.503 37.552 37.477 37.284 37.142 37.003 37.363 37.262 37.139 36.998 36.857 36.708 37.267 37.094 36.922 36.802 36.691 37.031 36.888 36.768 36.669 36.501 36.925 37.02 36.867 36.479 36.31 36.119 36.834
1331.4668 37.837 37.887 37.812 37.619 37.477 37.338 37.698 37.597 37.474 37.332 37.192 37.043 37.602 37.429 37.257 37.137 37.026 37.365 37.223 37.103 37.004 36.836 37.26 37.355 37.202 36.814 36.645 36.454 37.169
1363.586 38.172 38.222 38.147 37.954 37.811 37.672 38.033 37.931 37.809 37.667 37.527 37.378 37.937 37.764 37.592 37.471 37.361 37.7 37.558 37.438 37.339 37.17 37.594 37.69 37.537 37.149 36.979 36.789 37.504
1396.48 38.507 38.556 38.482 38.289 38.146 38.007 38.368 38.266 38.144 38.002 37.862 37.713 38.271 38.099 37.927 37.806 37.696 38.035 37.892 37.773 37.674 37.505 37.929 38.024 37.872 37.484 37.314 37.124 37.839
