web/models/grb/onaxis/12/grb_0.0000_51.7947_6.3095734.dat
# %ECSV 1.0
# ---
# datatype:
# - {name: time, datatype: float64}
# - {name: swift_uvot_uvw2, datatype: float64}
# - {name: swift_uvot_uvm2, datatype: float64}
# - {name: swift_uvot_uvw1, datatype: float64}
# - {name: swift_uvot_U, datatype: float64}
# - {name: swift_uvot_B, datatype: float64}
# - {name: swift_uvot_V, datatype: float64}
# - {name: swift_uvot_W, datatype: float64}
# - {name: johnson_U, datatype: float64}
# - {name: johnson_B, datatype: float64}
# - {name: johnson_V, datatype: float64}
# - {name: johnson_R, datatype: float64}
# - {name: johnson_I, datatype: float64}
# - {name: sdss_u, datatype: float64}
# - {name: sdss_g, datatype: float64}
# - {name: sdss_r, datatype: float64}
# - {name: sdss_i, datatype: float64}
# - {name: sdss_z, datatype: float64}
# - {name: PS1_g, datatype: float64}
# - {name: PS1_r, datatype: float64}
# - {name: PS1_i, datatype: float64}
# - {name: PS1_z, datatype: float64}
# - {name: PS1_Y, datatype: float64}
# - {name: ukirt_J, datatype: float64}
# - {name: ukirt_H, datatype: float64}
# - {name: ukirt_K, datatype: float64}
# meta: !!omap
# - comment: [E = 0.022477106672309028, Eta0 = 8.02, GammaB = 12.0, dL = 0.012188, epsb = 6.760829753919819e-06, epse = 0.1, n = 6.30957344480193,
#     p = 2.15, theta_obs = 0.0, xiN = 1.0, z = 0.0, type = grb, E_kiso = 51.794746792312125]
# schema: astropy-2.0
time swift_uvot_uvw2 swift_uvot_uvm2 swift_uvot_uvw1 swift_uvot_U swift_uvot_B swift_uvot_V swift_uvot_W johnson_U johnson_B johnson_V johnson_R johnson_I sdss_u sdss_g sdss_r sdss_i sdss_z PS1_g PS1_r PS1_i PS1_z PS1_Y ukirt_J ukirt_H ukirt_K
[from data line 245]
3.4378 -5.253 -5.204 -5.278 -5.471 -5.614 -5.753 -5.392 -5.494 -5.616 -5.758 -5.899 -6.047 -5.489 -5.661 -5.833 -5.954 -6.065 -5.725 -5.868 -5.987 -6.086 -6.255 -6.276 -6.446 -6.636
3.5208 -5.207 -5.158 -5.232 -5.425 -5.568 -5.707 -5.346 -5.448 -5.57 -5.712 -5.853 -6.001 -5.443 -5.615 -5.787 -5.908 -6.019 -5.679 -5.822 -5.942 -6.041 -6.209 -6.231 -6.4 -6.59
3.6057 -5.163 -5.113 -5.188 -5.381 -5.524 -5.663 -5.302 -5.404 -5.526 -5.668 -5.808 -5.957 -5.399 -5.571 -5.743 -5.864 -5.974 -5.635 -5.777 -5.897 -5.996 -6.165 -6.186 -6.356 -6.546
3.6927 -5.12 -5.071 -5.146 -5.338 -5.481 -5.62 -5.259 -5.361 -5.483 -5.625 -5.766 -5.914 -5.356 -5.528 -5.7 -5.821 -5.932 -5.592 -5.735 -5.855 -5.954 -6.122 -6.144 -6.313 -6.503
3.7818 -5.077 -5.028 -5.103 -5.296 -5.438 -5.577 -5.216 -5.318 -5.441 -5.582 -5.723 -5.871 -5.313 -5.486 -5.658 -5.778 -5.889 -5.549 -5.692 -5.812 -5.911 -6.079 -6.101 -6.27 -6.46
3.873 -5.035 -4.985 -5.06 -5.253 -5.395 -5.535 -5.174 -5.275 -5.398 -5.54 -5.68 -5.829 -5.27 -5.443 -5.615 -5.735 -5.846 -5.507 -5.649 -5.769 -5.868 -6.036 -6.058 -6.227 -6.418
3.9664 -4.992 -4.942 -5.017 -5.21 -5.353 -5.492 -5.131 -5.233 -5.355 -5.497 -5.637 -5.786 -5.228 -5.4 -5.572 -5.693 -5.803 -5.464 -5.606 -5.726 -5.825 -5.994 -6.015 -6.185 -6.375
4.0621 -4.949 -4.9 -4.975 -5.167 -5.31 -5.449 -5.088 -5.19 -5.312 -5.454 -5.595 -5.743 -5.185 -5.357 -5.529 -5.65 -5.761 -5.421 -5.564 -5.684 -5.783 -5.951 -5.973 -6.142 -6.332
4.1601 -4.906 -4.857 -4.932 -5.125 -5.267 -5.406 -5.045 -5.147 -5.27 -5.411 -5.552 -5.7 -5.142 -5.315 -5.486 -5.607 -5.718 -5.378 -5.521 -5.641 -5.74 -5.908 -5.93 -6.099 -6.289
4.2604 -4.864 -4.814 -4.889 -5.082 -5.224 -5.363 -5.003 -5.104 -5.227 -5.369 -5.509 -5.658 -5.099 -5.272 -5.444 -5.564 -5.675 -5.336 -5.478 -5.598 -5.697 -5.865 -5.887 -6.056 -6.247
4.3632 -4.821 -4.771 -4.846 -5.039 -5.182 -5.321 -4.96 -5.062 -5.184 -5.326 -5.466 -5.615 -5.057 -5.229 -5.401 -5.522 -5.632 -5.293 -5.435 -5.555 -5.654 -5.823 -5.844 -6.014 -6.204
4.4685 -4.778 -4.729 -4.803 -4.996 -5.139 -5.278 -4.917 -5.019 -5.141 -5.283 -5.424 -5.572 -5.014 -5.186 -5.358 -5.479 -5.59 -5.25 -5.393 -5.513 -5.612 -5.78 -5.802 -5.971 -6.161
4.5763 -4.734 -4.684 -4.759 -4.952 -5.095 -5.234 -4.873 -4.975 -5.097 -5.239 -5.379 -5.528 -4.97 -5.142 -5.314 -5.435 -5.545 -5.206 -5.348 -5.468 -5.567 -5.736 -5.757 -5.927 -6.117
4.6867 -4.689 -4.64 -4.714 -4.907 -5.05 -5.189 -4.828 -4.93 -5.052 -5.194 -5.335 -5.483 -4.925 -5.097 -5.269 -5.39 -5.5 -5.161 -5.304 -5.423 -5.522 -5.691 -5.712 -5.882 -6.072
4.7997 -4.644 -4.595 -4.67 -4.862 -5.005 -5.144 -4.783 -4.885 -5.007 -5.149 -5.29 -5.438 -4.88 -5.052 -5.224 -5.345 -5.456 -5.116 -5.259 -5.379 -5.478 -5.646 -5.668 -5.837 -6.027
4.9155 -4.599 -4.55 -4.625 -4.818 -4.96 -5.099 -4.738 -4.84 -4.962 -5.104 -5.245 -5.393 -4.835 -5.008 -5.179 -5.3 -5.411 -5.071 -5.214 -5.334 -5.433 -5.601 -5.623 -5.792 -5.982
5.0341 -4.554 -4.505 -4.58 -4.773 -4.915 -5.054 -4.694 -4.795 -4.918 -5.059 -5.2 -5.349 -4.79 -4.963 -5.135 -5.255 -5.366 -5.026 -5.169 -5.289 -5.388 -5.556 -5.578 -5.747 -5.938
5.1555 -4.51 -4.46 -4.535 -4.728 -4.87 -5.009 -4.649 -4.75 -4.873 -5.015 -5.155 -5.304 -4.745 -4.918 -5.09 -5.21 -5.321 -4.982 -5.124 -5.244 -5.343 -5.511 -5.533 -5.702 -5.893
5.2799 -4.465 -4.415 -4.49 -4.683 -4.825 -4.965 -4.604 -4.705 -4.828 -4.97 -5.11 -5.259 -4.7 -4.873 -5.045 -5.166 -5.276 -4.937 -5.079 -5.199 -5.298 -5.466 -5.488 -5.657 -5.848
5.4072 -4.42 -4.37 -4.445 -4.638 -4.781 -4.92 -4.559 -4.661 -4.783 -4.925 -5.065 -5.214 -4.656 -4.828 -5.0 -5.121 -5.231 -4.892 -5.034 -5.154 -5.253 -5.422 -5.443 -5.613 -5.803
5.5377 -4.375 -4.326 -4.4 -4.593 -4.736 -4.875 -4.514 -4.616 -4.738 -4.88 -5.021 -5.169 -4.611 -4.783 -4.955 -5.076 -5.186 -4.847 -4.99 -5.109 -5.208 -5.377 -5.398 -5.568 -5.758
5.6713 -4.33 -4.281 -4.356 -4.548 -4.691 -4.83 -4.469 -4.571 -4.693 -4.835 -4.976 -5.124 -4.566 -4.738 -4.91 -5.031 -5.142 -4.802 -4.945 -5.065 -5.164 -5.332 -5.354 -5.523 -5.713
5.8081 -4.289 -4.239 -4.314 -4.507 -4.649 -4.788 -4.428 -4.529 -4.652 -4.794 -4.934 -5.083 -4.524 -4.697 -4.869 -4.989 -5.1 -4.761 -4.903 -5.023 -5.122 -5.29 -5.312 -5.481 -5.672
5.9482 -4.248 -4.198 -4.273 -4.466 -4.608 -4.747 -4.387 -4.488 -4.611 -4.753 -4.893 -5.042 -4.483 -4.656 -4.828 -4.948 -5.059 -4.72 -4.862 -4.982 -5.081 -5.249 -5.271 -5.44 -5.631
6.0917 -4.207 -4.157 -4.232 -4.425 -4.567 -4.706 -4.346 -4.447 -4.57 -4.712 -4.852 -5.001 -4.442 -4.615 -4.787 -4.907 -5.018 -4.679 -4.821 -4.941 -5.04 -5.208 -5.23 -5.399 -5.59
6.2386 -4.165 -4.116 -4.191 -4.384 -4.526 -4.665 -4.305 -4.406 -4.529 -4.671 -4.811 -4.96 -4.401 -4.574 -4.746 -4.866 -4.977 -4.638 -4.78 -4.9 -4.999 -5.167 -5.189 -5.358 -5.549
6.3891 -4.124 -4.075 -4.15 -4.343 -4.485 -4.624 -4.264 -4.365 -4.488 -4.63 -4.77 -4.919 -4.36 -4.533 -4.705 -4.825 -4.936 -4.597 -4.739 -4.859 -4.958 -5.126 -5.148 -5.317 -5.508
6.5433 -4.083 -4.034 -4.109 -4.302 -4.444 -4.583 -4.223 -4.324 -4.447 -4.589 -4.729 -4.878 -4.319 -4.492 -4.664 -4.784 -4.895 -4.556 -4.698 -4.818 -4.917 -5.085 -5.107 -5.276 -5.467
6.7011 -4.042 -3.993 -4.068 -4.261 -4.403 -4.542 -4.182 -4.283 -4.406 -4.548 -4.688 -4.837 -4.278 -4.451 -4.623 -4.743 -4.854 -4.515 -4.657 -4.777 -4.876 -5.044 -5.066 -5.235 -5.426
6.8627 -4.001 -3.952 -4.027 -4.22 -4.362 -4.501 -4.141 -4.242 -4.365 -4.507 -4.647 -4.796 -4.237 -4.41 -4.582 -4.702 -4.813 -4.474 -4.616 -4.736 -4.835 -5.003 -5.025 -5.194 -5.385
7.0283 -3.96 -3.911 -3.986 -4.179 -4.321 -4.46 -4.1 -4.201 -4.324 -4.465 -4.606 -4.755 -4.196 -4.369 -4.541 -4.661 -4.772 -4.433 -4.575 -4.695 -4.794 -4.962 -4.984 -5.153 -5.344
7.1978 -3.919 -3.87 -3.945 -4.138 -4.28 -4.419 -4.059 -4.16 -4.283 -4.424 -4.565 -4.714 -4.155 -4.328 -4.5 -4.62 -4.731 -4.391 -4.534 -4.654 -4.753 -4.921 -4.943 -5.112 -5.303
7.3715 -3.881 -3.832 -3.906 -4.099 -4.242 -4.381 -4.02 -4.122 -4.244 -4.386 -4.526 -4.675 -4.117 -4.289 -4.461 -4.582 -4.692 -4.353 -4.496 -4.615 -4.714 -4.883 -4.904 -5.074 -5.264
7.5493 -3.843 -3.793 -3.868 -4.061 -4.203 -4.342 -3.982 -4.083 -4.206 -4.348 -4.488 -4.637 -4.078 -4.251 -4.423 -4.543 -4.654 -4.315 -4.457 -4.577 -4.676 -4.844 -4.866 -5.035 -5.226
7.7314 -3.804 -3.755 -3.829 -4.022 -4.165 -4.304 -3.943 -4.045 -4.167 -4.309 -4.45 -4.598 -4.04 -4.212 -4.384 -4.505 -4.616 -4.276 -4.419 -4.539 -4.638 -4.806 -4.828 -4.997 -5.187
7.9179 -3.766 -3.716 -3.791 -3.984 -4.126 -4.266 -3.905 -4.006 -4.129 -4.271 -4.411 -4.56 -4.001 -4.174 -4.346 -4.466 -4.577 -4.238 -4.38 -4.5 -4.599 -4.767 -4.789 -4.958 -5.149
8.1089 -3.727 -3.678 -3.753 -3.946 -4.088 -4.227 -3.866 -3.968 -4.09 -4.232 -4.373 -4.521 -3.963 -4.136 -4.307 -4.428 -4.539 -4.199 -4.342 -4.462 -4.561 -4.729 -4.751 -4.92 -5.11
8.3045 -3.689 -3.639 -3.714 -3.907 -4.05 -4.189 -3.828 -3.93 -4.052 -4.194 -4.334 -4.483 -3.924 -4.097 -4.269 -4.39 -4.5 -4.161 -4.303 -4.423 -4.522 -4.691 -4.712 -4.882 -5.072
8.5049 -3.65 -3.601 -3.676 -3.869 -4.011 -4.15 -3.789 -3.891 -4.014 -4.155 -4.296 -4.444 -3.886 -4.059 -4.23 -4.351 -4.462 -4.122 -4.265 -4.385 -4.484 -4.652 -4.674 -4.843 -5.033
8.71 -3.612 -3.562 -3.637 -3.83 -3.973 -4.112 -3.751 -3.853 -3.975 -4.117 -4.257 -4.406 -3.848 -4.02 -4.192 -4.313 -4.423 -4.084 -4.227 -4.346 -4.445 -4.614 -4.635 -4.805 -4.995
8.9201 -3.573 -3.524 -3.599 -3.792 -3.934 -4.073 -3.713 -3.814 -3.937 -4.079 -4.219 -4.368 -3.809 -3.982 -4.154 -4.274 -4.385 -4.046 -4.188 -4.308 -4.407 -4.575 -4.597 -4.766 -4.957
9.1353 -3.535 -3.485 -3.56 -3.753 -3.895 -4.034 -3.674 -3.775 -3.898 -4.04 -4.18 -4.329 -3.77 -3.943 -4.115 -4.235 -4.346 -4.007 -4.149 -4.269 -4.368 -4.536 -4.558 -4.727 -4.918
9.3557 -3.493 -3.443 -3.518 -3.711 -3.853 -3.992 -3.632 -3.733 -3.856 -3.998 -4.138 -4.287 -3.728 -3.901 -4.073 -4.193 -4.304 -3.965 -4.107 -4.227 -4.326 -4.494 -4.516 -4.685 -4.876
9.5814 -3.451 -3.401 -3.476 -3.669 -3.811 -3.951 -3.59 -3.691 -3.814 -3.956 -4.096 -4.245 -3.686 -3.859 -4.031 -4.151 -4.262 -3.923 -4.065 -4.185 -4.284 -4.452 -4.474 -4.643 -4.834
9.8125 -3.409 -3.359 -3.434 -3.627 -3.769 -3.909 -3.548 -3.649 -3.772 -3.914 -4.054 -4.203 -3.644 -3.817 -3.989 -4.109 -4.22 -3.881 -4.023 -4.143 -4.242 -4.41 -4.432 -4.601 -4.792
10.0492 -3.367 -3.317 -3.392 -3.585 -3.727 -3.867 -3.506 -3.607 -3.73 -3.872 -4.012 -4.161 -3.602 -3.775 -3.947 -4.068 -4.178 -3.839 -3.981 -4.101 -4.2 -4.368 -4.39 -4.559 -4.75
10.2917 -3.325 -3.275 -3.35 -3.543 -3.685 -3.825 -3.464 -3.565 -3.688 -3.83 -3.97 -4.119 -3.56 -3.733 -3.905 -4.026 -4.136 -3.797 -3.939 -4.059 -4.158 -4.326 -4.348 -4.517 -4.708
10.5399 -3.283 -3.233 -3.308 -3.501 -3.643 -3.783 -3.422 -3.523 -3.646 -3.788 -3.928 -4.077 -3.518 -3.691 -3.863 -3.984 -4.094 -3.755 -3.897 -4.017 -4.116 -4.284 -4.306 -4.475 -4.666
10.7942 -3.241 -3.191 -3.266 -3.459 -3.602 -3.741 -3.38 -3.481 -3.604 -3.746 -3.886 -4.035 -3.476 -3.649 -3.821 -3.942 -4.052 -3.713 -3.855 -3.975 -4.074 -4.242 -4.264 -4.434 -4.624
11.0546 -3.199 -3.149 -3.224 -3.417 -3.56 -3.699 -3.338 -3.44 -3.562 -3.704 -3.844 -3.993 -3.434 -3.607 -3.779 -3.9 -4.01 -3.671 -3.813 -3.933 -4.032 -4.201 -4.222 -4.392 -4.582
11.3212 -3.157 -3.107 -3.182 -3.375 -3.518 -3.657 -3.296 -3.398 -3.52 -3.662 -3.802 -3.951 -3.393 -3.565 -3.737 -3.858 -3.968 -3.629 -3.771 -3.891 -3.99 -4.159 -4.18 -4.35 -4.54
11.5943 -3.116 -3.067 -3.142 -3.334 -3.477 -3.616 -3.255 -3.357 -3.479 -3.621 -3.762 -3.91 -3.352 -3.524 -3.696 -3.817 -3.928 -3.588 -3.731 -3.851 -3.95 -4.118 -4.14 -4.309 -4.499
11.874 -3.079 -3.03 -3.104 -3.297 -3.44 -3.579 -3.218 -3.32 -3.442 -3.584 -3.725 -3.873 -3.315 -3.487 -3.659 -3.78 -3.891 -3.551 -3.694 -3.814 -3.913 -4.081 -4.102 -4.272 -4.462
12.1605 -3.042 -2.993 -3.067 -3.26 -3.403 -3.542 -3.181 -3.283 -3.405 -3.547 -3.688 -3.836 -3.278 -3.45 -3.622 -3.743 -3.853 -3.514 -3.657 -3.776 -3.875 -4.044 -4.065 -4.235 -4.425
12.4538 -3.005 -2.955 -3.03 -3.223 -3.366 -3.505 -3.144 -3.246 -3.368 -3.51 -3.65 -3.799 -3.241 -3.413 -3.585 -3.706 -3.816 -3.477 -3.62 -3.739 -3.838 -4.007 -4.028 -4.198 -4.388
12.7542 -2.968 -2.918 -2.993 -3.186 -3.329 -3.468 -3.107 -3.209 -3.331 -3.473 -3.613 -3.762 -3.204 -3.376 -3.548 -3.669 -3.779 -3.44 -3.582 -3.702 -3.801 -3.97 -3.991 -4.161 -4.351
13.0619 -2.931 -2.881 -2.956 -3.149 -3.291 -3.431 -3.07 -3.171 -3.294 -3.436 -3.576 -3.725 -3.166 -3.339 -3.511 -3.632 -3.742 -3.403 -3.545 -3.665 -3.764 -3.932 -3.954 -4.123 -4.314
13.377 -2.894 -2.844 -2.919 -3.112 -3.254 -3.394 -3.033 -3.134 -3.257 -3.399 -3.539 -3.688 -3.129 -3.302 -3.474 -3.594 -3.705 -3.366 -3.508 -3.628 -3.727 -3.895 -3.917 -4.086 -4.277
13.6997 -2.857 -2.807 -2.882 -3.075 -3.217 -3.356 -2.996 -3.097 -3.22 -3.362 -3.502 -3.651 -3.092 -3.265 -3.437 -3.557 -3.668 -3.329 -3.471 -3.591 -3.69 -3.858 -3.88 -4.049 -4.24
14.0302 -2.819 -2.77 -2.845 -3.038 -3.18 -3.319 -2.959 -3.06 -3.183 -3.325 -3.465 -3.614 -3.055 -3.228 -3.4 -3.52 -3.631 -3.292 -3.434 -3.554 -3.653 -3.821 -3.843 -4.012 -4.203
14.3686 -2.782 -2.733 -2.808 -3.001 -3.143 -3.282 -2.921 -3.023 -3.146 -3.287 -3.428 -3.576 -3.018 -3.191 -3.363 -3.483 -3.594 -3.254 -3.397 -3.517 -3.616 -3.784 -3.806 -3.975 -4.166
14.7153 -2.746 -2.696 -2.771 -2.964 -3.107 -3.246 -2.885 -2.987 -3.109 -3.251 -3.391 -3.54 -2.981 -3.154 -3.326 -3.447 -3.557 -3.218 -3.36 -3.48 -3.579 -3.748 -3.769 -3.939 -4.129
15.0702 -2.71 -2.66 -2.735 -2.928 -3.071 -3.21 -2.849 -2.951 -3.073 -3.215 -3.355 -3.504 -2.946 -3.118 -3.29 -3.411 -3.521 -3.182 -3.324 -3.444 -3.543 -3.712 -3.733 -3.903 -4.093
15.4338 -2.674 -2.624 -2.699 -2.892 -3.035 -3.174 -2.813 -2.915 -3.037 -3.179 -3.319 -3.468 -2.91 -3.082 -3.254 -3.375 -3.485 -3.146 -3.289 -3.408 -3.507 -3.676 -3.697 -3.867 -4.057
15.8061 -2.638 -2.589 -2.663 -2.856 -2.999 -3.138 -2.777 -2.879 -3.001 -3.143 -3.284 -3.432 -2.874 -3.046 -3.218 -3.339 -3.449 -3.11 -3.253 -3.372 -3.471 -3.64 -3.661 -3.831 -4.021
16.1874 -2.602 -2.553 -2.627 -2.82 -2.963 -3.102 -2.741 -2.843 -2.965 -3.107 -3.248 -3.396 -2.838 -3.01 -3.182 -3.303 -3.414 -3.074 -3.217 -3.337 -3.436 -3.604 -3.626 -3.795 -3.985
16.5779 -2.566 -2.517 -2.592 -2.785 -2.927 -3.066 -2.705 -2.807 -2.929 -3.071 -3.212 -3.36 -2.802 -2.974 -3.146 -3.267 -3.378 -3.038 -3.181 -3.301 -3.4 -3.568 -3.59 -3.759 -3.949
16.9778 -2.53 -2.481 -2.556 -2.749 -2.891 -3.03 -2.669 -2.771 -2.893 -3.035 -3.176 -3.324 -2.766 -2.939 -3.11 -3.231 -3.342 -3.002 -3.145 -3.265 -3.364 -3.532 -3.554 -3.723 -3.913
17.3873 -2.494 -2.445 -2.52 -2.713 -2.855 -2.994 -2.633 -2.735 -2.857 -2.999 -3.14 -3.288 -2.73 -2.903 -3.074 -3.195 -3.306 -2.966 -3.109 -3.229 -3.328 -3.496 -3.518 -3.687 -3.877
17.8068 -2.458 -2.409 -2.484 -2.677 -2.819 -2.958 -2.597 -2.699 -2.822 -2.963 -3.104 -3.252 -2.694 -2.867 -3.039 -3.159 -3.27 -2.93 -3.073 -3.193 -3.292 -3.46 -3.482 -3.651 -3.842
18.2363 -2.422 -2.373 -2.448 -2.641 -2.783 -2.922 -2.562 -2.663 -2.786 -2.928 -3.068 -3.217 -2.658 -2.831 -3.003 -3.123 -3.234 -2.895 -3.037 -3.157 -3.256 -3.424 -3.446 -3.615 -3.806
18.6762 -2.386 -2.337 -2.412 -2.605 -2.747 -2.886 -2.525 -2.627 -2.749 -2.891 -3.032 -3.18 -2.622 -2.794 -2.966 -3.087 -3.198 -2.858 -3.001 -3.121 -3.22 -3.388 -3.41 -3.579 -3.769
19.1268 -2.35 -2.3 -2.375 -2.568 -2.71 -2.849 -2.489 -2.59 -2.713 -2.855 -2.995 -3.144 -2.585 -2.758 -2.93 -3.05 -3.161 -2.822 -2.964 -3.084 -3.183 -3.351 -3.373 -3.542 -3.733
19.5882 -2.313 -2.264 -2.338 -2.531 -2.674 -2.813 -2.452 -2.554 -2.676 -2.818 -2.959 -3.107 -2.549 -2.721 -2.893 -3.014 -3.125 -2.785 -2.928 -3.047 -3.146 -3.315 -3.336 -3.506 -3.696
20.0607 -2.276 -2.227 -2.302 -2.495 -2.637 -2.776 -2.416 -2.517 -2.64 -2.781 -2.922 -3.071 -2.512 -2.685 -2.857 -2.977 -3.088 -2.748 -2.891 -3.011 -3.11 -3.278 -3.3 -3.469 -3.66
20.5446 -2.24 -2.19 -2.265 -2.458 -2.601 -2.74 -2.379 -2.481 -2.603 -2.745 -2.885 -3.034 -2.476 -2.648 -2.82 -2.941 -3.051 -2.712 -2.854 -2.974 -3.073 -3.242 -3.263 -3.433 -3.623
21.0402 -2.203 -2.154 -2.229 -2.422 -2.564 -2.703 -2.342 -2.444 -2.566 -2.708 -2.849 -2.997 -2.439 -2.612 -2.783 -2.904 -3.015 -2.675 -2.818 -2.938 -3.037 -3.205 -3.227 -3.396 -3.586
21.5478 -2.167 -2.117 -2.192 -2.385 -2.527 -2.667 -2.306 -2.407 -2.53 -2.672 -2.812 -2.961 -2.402 -2.575 -2.747 -2.868 -2.978 -2.639 -2.781 -2.901 -3.0 -3.168 -3.19 -3.359 -3.55
22.0676 -2.13 -2.081 -2.156 -2.348 -2.491 -2.63 -2.269 -2.371 -2.493 -2.635 -2.776 -2.924 -2.366 -2.538 -2.71 -2.831 -2.942 -2.602 -2.745 -2.865 -2.964 -3.132 -3.154 -3.323 -3.513
22.5999 -2.094 -2.044 -2.119 -2.312 -2.454 -2.593 -2.233 -2.334 -2.457 -2.599 -2.739 -2.888 -2.329 -2.502 -2.674 -2.794 -2.905 -2.566 -2.708 -2.828 -2.927 -3.095 -3.117 -3.286 -3.477
23.1451 -2.057 -2.008 -2.082 -2.275 -2.418 -2.557 -2.196 -2.298 -2.42 -2.562 -2.702 -2.851 -2.293 -2.465 -2.637 -2.758 -2.868 -2.529 -2.672 -2.791 -2.89 -3.059 -3.08 -3.25 -3.44
23.7034 -2.022 -1.973 -2.048 -2.241 -2.383 -2.522 -2.161 -2.263 -2.385 -2.527 -2.668 -2.816 -2.258 -2.43 -2.602 -2.723 -2.834 -2.494 -2.637 -2.757 -2.856 -3.024 -3.046 -3.215 -3.405
24.2752 -1.988 -1.939 -2.014 -2.206 -2.349 -2.488 -2.127 -2.229 -2.351 -2.493 -2.634 -2.782 -2.224 -2.396 -2.568 -2.689 -2.8 -2.46 -2.603 -2.723 -2.822 -2.99 -3.012 -3.181 -3.371
24.8608 -1.954 -1.905 -1.98 -2.172 -2.315 -2.454 -2.093 -2.195 -2.317 -2.459 -2.6 -2.748 -2.19 -2.362 -2.534 -2.655 -2.766 -2.426 -2.569 -2.689 -2.788 -2.956 -2.978 -3.147 -3.337
25.4606 -1.92 -1.871 -1.945 -2.138 -2.281 -2.42 -2.059 -2.161 -2.283 -2.425 -2.566 -2.714 -2.156 -2.328 -2.5 -2.621 -2.732 -2.392 -2.535 -2.655 -2.754 -2.922 -2.944 -3.113 -3.303
26.0748 -1.886 -1.837 -1.911 -2.104 -2.247 -2.386 -2.025 -2.127 -2.249 -2.391 -2.532 -2.68 -2.122 -2.294 -2.466 -2.587 -2.698 -2.358 -2.501 -2.621 -2.72 -2.888 -2.91 -3.079 -3.269
26.7038 -1.852 -1.803 -1.877 -2.07 -2.213 -2.352 -1.991 -2.093 -2.215 -2.357 -2.498 -2.646 -2.088 -2.26 -2.432 -2.553 -2.664 -2.324 -2.467 -2.586 -2.686 -2.854 -2.875 -3.045 -3.235
27.3479 -1.818 -1.769 -1.843 -2.036 -2.179 -2.318 -1.957 -2.059 -2.181 -2.323 -2.464 -2.612 -2.054 -2.226 -2.398 -2.519 -2.63 -2.29 -2.433 -2.552 -2.652 -2.82 -2.841 -3.011 -3.201
