web/models/grb/onaxis/12/grb_0.0000_0.3728_0.0003981.dat
# %ECSV 1.0
# ---
# datatype:
# - {name: time, datatype: float64}
# - {name: swift_uvot_uvw2, datatype: float64}
# - {name: swift_uvot_uvm2, datatype: float64}
# - {name: swift_uvot_uvw1, datatype: float64}
# - {name: swift_uvot_U, datatype: float64}
# - {name: swift_uvot_B, datatype: float64}
# - {name: swift_uvot_V, datatype: float64}
# - {name: swift_uvot_W, datatype: float64}
# - {name: johnson_U, datatype: float64}
# - {name: johnson_B, datatype: float64}
# - {name: johnson_V, datatype: float64}
# - {name: johnson_R, datatype: float64}
# - {name: johnson_I, datatype: float64}
# - {name: sdss_u, datatype: float64}
# - {name: sdss_g, datatype: float64}
# - {name: sdss_r, datatype: float64}
# - {name: sdss_i, datatype: float64}
# - {name: sdss_z, datatype: float64}
# - {name: PS1_g, datatype: float64}
# - {name: PS1_r, datatype: float64}
# - {name: PS1_i, datatype: float64}
# - {name: PS1_z, datatype: float64}
# - {name: PS1_Y, datatype: float64}
# - {name: PS1_w, datatype: float64}
# - {name: ATLAS_c, datatype: float64}
# - {name: ATLAS_o, datatype: float64}
# - {name: ukirt_J, datatype: float64}
# - {name: ukirt_H, datatype: float64}
# - {name: ukirt_K, datatype: float64}
# - {name: Clear, datatype: float64}
# meta: !!omap
# - comment: [E = 0.000161764516425794, Eta0 = 8.02, GammaB = 12.0, dL = 0.012188, epsb = 6.760829753919819e-06, epse = 0.1, n = 0.00039810717055349735,
#     p = 2.15, theta_obs = 0.0, xiN = 1.0, z = 0.0, type = grb, E_kiso = 0.372759372031494]
# schema: astropy-2.0
time swift_uvot_uvw2 swift_uvot_uvm2 swift_uvot_uvw1 swift_uvot_U swift_uvot_B swift_uvot_V swift_uvot_W johnson_U johnson_B johnson_V johnson_R johnson_I sdss_u sdss_g sdss_r sdss_i sdss_z PS1_g PS1_r PS1_i PS1_z PS1_Y PS1_w ATLAS_c ATLAS_o ukirt_J ukirt_H ukirt_K Clear
[from data line 244]
3.3569 4.986 5.036 4.961 4.768 4.626 4.487 4.847 4.746 4.623 4.481 4.341 4.192 4.751 4.578 4.406 4.286 4.175 4.514 4.372 4.252 4.153 3.985 4.409 4.504 4.351 3.963 3.794 3.603 4.318
3.4378 5.04 5.09 5.015 4.822 4.68 4.54 4.901 4.8 4.677 4.535 4.395 4.246 4.805 4.632 4.46 4.339 4.229 4.568 4.426 4.306 4.207 4.039 4.462 4.558 4.405 4.017 3.848 3.657 4.372
3.5208 5.094 5.144 5.069 4.876 4.733 4.594 4.955 4.853 4.731 4.589 4.449 4.3 4.858 4.686 4.514 4.393 4.283 4.622 4.48 4.36 4.261 4.092 4.516 4.611 4.459 4.071 3.901 3.711 4.426
3.6057 5.148 5.197 5.123 4.93 4.787 4.648 5.009 4.907 4.785 4.643 4.502 4.354 4.912 4.74 4.568 4.447 4.336 4.676 4.533 4.414 4.314 4.146 4.57 4.665 4.512 4.125 3.955 3.765 4.48
3.6927 5.202 5.251 5.176 4.983 4.841 4.702 5.063 4.961 4.839 4.697 4.556 4.408 4.966 4.794 4.622 4.501 4.39 4.73 4.587 4.467 4.368 4.2 4.624 4.719 4.566 4.178 4.009 3.819 4.534
3.7818 5.256 5.305 5.23 5.037 4.895 4.756 5.117 5.015 4.892 4.751 4.61 4.462 5.02 4.847 4.676 4.555 4.444 4.784 4.641 4.521 4.422 4.254 4.678 4.773 4.62 4.232 4.063 3.873 4.588
3.873 5.309 5.359 5.284 5.091 4.949 4.81 5.17 5.069 4.946 4.804 4.664 4.515 5.074 4.901 4.729 4.609 4.498 4.837 4.695 4.575 4.476 4.308 4.732 4.827 4.674 4.286 4.117 3.926 4.641
3.9664 5.363 5.413 5.338 5.145 5.003 4.863 5.224 5.123 5.0 4.858 4.718 4.569 5.128 4.955 4.783 4.663 4.552 4.891 4.749 4.629 4.53 4.362 4.785 4.881 4.728 4.34 4.171 3.98 4.695
4.0621 5.417 5.467 5.392 5.199 5.056 4.917 5.278 5.176 5.054 4.912 4.772 4.623 5.181 5.009 4.837 4.716 4.606 4.945 4.803 4.683 4.584 4.415 4.839 4.934 4.782 4.394 4.224 4.034 4.749
4.1601 5.471 5.52 5.446 5.253 5.11 4.971 5.332 5.23 5.108 4.966 4.826 4.677 5.235 5.063 4.891 4.77 4.66 4.999 4.856 4.737 4.638 4.469 4.893 4.988 4.836 4.448 4.278 4.088 4.803
4.2604 5.525 5.575 5.5 5.307 5.164 5.025 5.386 5.284 5.162 5.02 4.88 4.731 5.289 5.117 4.945 4.824 4.714 5.053 4.911 4.791 4.692 4.523 4.947 5.042 4.89 4.502 4.332 4.142 4.857
4.3632 5.58 5.629 5.554 5.361 5.219 5.08 5.441 5.339 5.216 5.075 4.934 4.786 5.344 5.171 4.999 4.879 4.768 5.108 4.965 4.845 4.746 4.578 5.002 5.097 4.944 4.556 4.387 4.196 4.911
4.4685 5.634 5.683 5.609 5.416 5.273 5.134 5.495 5.393 5.271 5.129 4.989 4.84 5.398 5.226 5.054 4.933 4.823 5.162 5.019 4.9 4.801 4.632 5.056 5.151 4.999 4.611 4.441 4.251 4.966
4.5763 5.688 5.738 5.663 5.47 5.328 5.189 5.549 5.448 5.325 5.183 5.043 4.894 5.453 5.28 5.108 4.988 4.877 5.216 5.074 4.954 4.855 4.687 5.111 5.206 5.053 4.665 4.496 4.305 5.02
4.6867 5.743 5.792 5.718 5.525 5.382 5.243 5.604 5.502 5.38 5.238 5.097 4.949 5.507 5.335 5.163 5.042 4.931 5.271 5.128 5.009 4.909 4.741 5.165 5.26 5.107 4.72 4.55 4.36 5.075
4.7997 5.797 5.847 5.772 5.579 5.437 5.297 5.658 5.557 5.434 5.292 5.152 5.003 5.562 5.389 5.217 5.097 4.986 5.325 5.183 5.063 4.964 4.796 5.22 5.315 5.162 4.774 4.605 4.414 5.129
4.9155 5.852 5.901 5.826 5.633 5.491 5.352 5.713 5.611 5.489 5.347 5.206 5.058 5.616 5.444 5.272 5.151 5.04 5.38 5.237 5.117 5.018 4.85 5.274 5.369 5.216 4.828 4.659 4.469 5.184
5.0341 5.906 5.956 5.881 5.688 5.546 5.406 5.767 5.666 5.543 5.401 5.261 5.112 5.671 5.498 5.326 5.205 5.095 5.434 5.292 5.172 5.073 4.905 5.328 5.424 5.271 4.883 4.714 4.523 5.238
5.1555 5.961 6.01 5.935 5.742 5.6 5.461 5.822 5.72 5.598 5.456 5.315 5.167 5.725 5.552 5.381 5.26 5.149 5.489 5.346 5.226 5.127 4.959 5.383 5.478 5.325 4.937 4.768 4.578 5.293
5.2799 6.015 6.065 5.99 5.797 5.654 5.515 5.876 5.774 5.652 5.51 5.37 5.221 5.779 5.607 5.435 5.314 5.204 5.543 5.401 5.281 5.182 5.013 5.437 5.532 5.38 4.992 4.822 4.632 5.347
5.4072 6.068 6.117 6.043 5.85 5.707 5.568 5.929 5.827 5.705 5.563 5.422 5.274 5.832 5.66 5.488 5.367 5.256 5.596 5.453 5.333 5.234 5.066 5.49 5.585 5.432 5.044 4.875 4.685 5.4
5.5377 6.12 6.169 6.094 5.901 5.759 5.62 5.98 5.879 5.756 5.615 5.474 5.325 5.884 5.711 5.539 5.419 5.308 5.648 5.505 5.385 5.286 5.118 5.542 5.637 5.484 5.096 4.927 4.736 5.451
5.6713 6.171 6.221 6.146 5.953 5.81 5.671 6.032 5.93 5.808 5.666 5.526 5.377 5.935 5.763 5.591 5.47 5.36 5.699 5.557 5.437 5.338 5.169 5.593 5.688 5.536 5.148 4.978 4.788 5.503
5.8081 6.223 6.272 6.197 6.004 5.862 5.723 6.084 5.982 5.86 5.718 5.577 5.429 5.987 5.814 5.643 5.522 5.411 5.751 5.608 5.488 5.389 5.221 5.645 5.74 5.587 5.199 5.03 4.84 5.555
5.9482 6.274 6.324 6.249 6.056 5.914 5.775 6.135 6.034 5.911 5.769 5.629 5.48 6.039 5.866 5.694 5.574 5.463 5.802 5.66 5.54 5.441 5.273 5.697 5.792 5.639 5.251 5.082 4.891 5.606
6.0917 6.326 6.375 6.301 6.108 5.965 5.826 6.187 6.085 5.963 5.821 5.681 5.532 6.09 5.918 5.746 5.625 5.515 5.854 5.711 5.592 5.493 5.324 5.748 5.843 5.691 5.303 5.133 4.943 5.658
6.2386 6.378 6.427 6.352 6.159 6.017 5.878 6.239 6.137 6.014 5.873 5.732 5.584 6.142 5.969 5.798 5.677 5.566 5.906 5.763 5.643 5.544 5.376 5.8 5.895 5.742 5.354 5.185 4.995 5.71
6.3891 6.429 6.479 6.404 6.211 6.069 5.929 6.29 6.189 6.066 5.924 5.784 5.635 6.194 6.021 5.849 5.728 5.618 5.957 5.815 5.695 5.596 5.428 5.851 5.947 5.794 5.406 5.237 5.046 5.761
6.5433 6.481 6.53 6.455 6.263 6.12 5.981 6.342 6.24 6.118 5.976 5.835 5.687 6.245 6.073 5.901 5.78 5.669 6.009 5.866 5.746 5.647 5.479 5.903 5.998 5.845 5.457 5.288 5.098 5.813
6.7011 6.533 6.582 6.507 6.314 6.172 6.033 6.393 6.292 6.169 6.027 5.887 5.738 6.297 6.124 5.952 5.832 5.721 6.06 5.918 5.798 5.699 5.531 5.955 6.05 5.897 5.509 5.34 5.149 5.864
6.8627 6.582 6.632 6.557 6.364 6.222 6.083 6.443 6.342 6.219 6.077 5.937 5.788 6.347 6.174 6.002 5.882 5.771 6.11 5.968 5.848 5.749 5.581 6.005 6.1 5.947 5.559 5.39 5.199 5.914
7.0283 6.632 6.681 6.606 6.413 6.271 6.132 6.493 6.391 6.269 6.127 5.986 5.838 6.396 6.224 6.052 5.931 5.82 6.16 6.017 5.897 5.798 5.63 6.054 6.149 5.996 5.608 5.439 5.249 5.964
7.1978 6.681 6.731 6.656 6.463 6.32 6.181 6.542 6.44 6.318 6.176 6.036 5.887 6.446 6.273 6.101 5.98 5.87 6.209 6.067 5.947 5.848 5.679 6.103 6.199 6.046 5.658 5.488 5.298 6.013
7.3715 6.731 6.78 6.705 6.512 6.37 6.231 6.592 6.49 6.367 6.226 6.085 5.937 6.495 6.322 6.15 6.03 5.919 6.259 6.116 5.996 5.897 5.729 6.153 6.248 6.095 5.707 5.538 5.347 6.062
7.5493 6.78 6.829 6.755 6.562 6.419 6.28 6.641 6.539 6.417 6.275 6.134 5.986 6.544 6.372 6.2 6.079 5.968 6.308 6.165 6.046 5.947 5.778 6.202 6.297 6.144 5.757 5.587 5.397 6.112
7.7314 6.829 6.879 6.804 6.611 6.469 6.329 6.69 6.589 6.466 6.324 6.184 6.035 6.594 6.421 6.249 6.129 6.018 6.357 6.215 6.095 5.996 5.828 6.251 6.347 6.194 5.806 5.637 5.446 6.161
7.9179 6.879 6.928 6.853 6.66 6.518 6.379 6.74 6.638 6.516 6.374 6.233 6.085 6.643 6.47 6.299 6.178 6.067 6.407 6.264 6.144 6.045 5.877 6.301 6.396 6.243 5.855 5.686 5.496 6.211
8.1089 6.928 6.978 6.903 6.71 6.567 6.428 6.789 6.687 6.565 6.423 6.283 6.134 6.692 6.52 6.348 6.227 6.117 6.456 6.313 6.194 6.095 5.926 6.35 6.445 6.293 5.905 5.735 5.545 6.26
8.3045 6.977 7.027 6.952 6.759 6.617 6.478 6.838 6.737 6.614 6.472 6.332 6.183 6.742 6.569 6.397 6.277 6.166 6.505 6.363 6.243 6.144 5.976 6.4 6.495 6.342 5.954 5.785 5.594 6.309
8.5049 7.027 7.076 7.001 6.808 6.666 6.527 6.888 6.786 6.664 6.522 6.381 6.233 6.791 6.619 6.447 6.326 6.215 6.555 6.412 6.292 6.193 6.025 6.449 6.544 6.391 6.003 5.834 5.644 6.359
8.71 7.077 7.126 7.051 6.858 6.716 6.577 6.938 6.836 6.714 6.572 6.431 6.283 6.841 6.668 6.497 6.376 6.265 6.605 6.462 6.342 6.243 6.075 6.499 6.594 6.441 6.053 5.884 5.694 6.409
8.9201 7.127 7.176 7.101 6.908 6.766 6.627 6.988 6.886 6.764 6.622 6.481 6.333 6.891 6.719 6.547 6.426 6.315 6.655 6.512 6.392 6.293 6.125 6.549 6.644 6.491 6.103 5.934 5.744 6.459
9.1353 7.177 7.226 7.151 6.958 6.816 6.677 7.038 6.936 6.814 6.672 6.531 6.383 6.941 6.769 6.597 6.476 6.365 6.705 6.562 6.442 6.343 6.175 6.599 6.694 6.541 6.153 5.984 5.794 6.509
9.3557 7.227 7.276 7.201 7.008 6.866 6.727 7.088 6.986 6.864 6.722 6.581 6.433 6.991 6.819 6.647 6.526 6.415 6.755 6.612 6.492 6.393 6.225 6.649 6.744 6.591 6.203 6.034 5.844 6.559
9.5814 7.277 7.326 7.251 7.058 6.916 6.777 7.138 7.036 6.914 6.772 6.631 6.483 7.041 6.869 6.697 6.576 6.465 6.805 6.662 6.542 6.443 6.275 6.699 6.794 6.641 6.253 6.084 5.894 6.609
9.8125 7.327 7.376 7.301 7.108 6.966 6.827 7.188 7.086 6.964 6.822 6.681 6.533 7.091 6.919 6.747 6.626 6.515 6.855 6.712 6.592 6.493 6.325 6.749 6.844 6.691 6.303 6.134 5.944 6.659
10.0492 7.377 7.426 7.351 7.158 7.016 6.877 7.238 7.136 7.014 6.872 6.731 6.583 7.141 6.969 6.797 6.676 6.565 6.905 6.762 6.642 6.543 6.375 6.799 6.894 6.741 6.353 6.184 5.994 6.709
10.2917 7.427 7.476 7.401 7.208 7.066 6.927 7.288 7.186 7.064 6.922 6.781 6.633 7.191 7.019 6.847 6.726 6.615 6.955 6.812 6.692 6.593 6.425 6.849 6.944 6.791 6.403 6.234 6.044 6.759
10.5399 7.477 7.526 7.451 7.258 7.116 6.977 7.338 7.236 7.114 6.972 6.831 6.683 7.241 7.069 6.897 6.776 6.665 7.005 6.862 6.742 6.643 6.475 6.899 6.994 6.841 6.453 6.284 6.094 6.809
10.7942 7.527 7.576 7.501 7.308 7.166 7.027 7.388 7.286 7.164 7.022 6.881 6.733 7.291 7.118 6.947 6.826 6.715 7.055 6.912 6.792 6.693 6.525 6.949 7.044 6.891 6.503 6.334 6.144 6.859
11.0546 7.574 7.623 7.548 7.355 7.213 7.074 7.434 7.333 7.21 7.068 6.928 6.779 7.338 7.165 6.993 6.873 6.762 7.101 6.959 6.839 6.74 6.572 6.996 7.091 6.938 6.55 6.381 6.19 6.905
11.3212 7.62 7.67 7.595 7.402 7.26 7.12 7.481 7.38 7.257 7.115 6.975 6.826 7.385 7.212 7.04 6.919 6.809 7.148 7.006 6.886 6.787 6.619 7.042 7.138 6.985 6.597 6.428 6.237 6.952
11.5943 7.667 7.717 7.642 7.449 7.306 7.167 7.528 7.426 7.304 7.162 7.022 6.873 7.431 7.259 7.087 6.966 6.856 7.195 7.052 6.933 6.834 6.665 7.089 7.184 7.032 6.644 6.474 6.284 6.999
11.874 7.714 7.763 7.688 7.495 7.353 7.214 7.575 7.473 7.351 7.209 7.068 6.92 7.478 7.306 7.134 7.013 6.902 7.242 7.099 6.979 6.88 6.712 7.136 7.231 7.078 6.69 6.521 6.331 7.046
12.1605 7.761 7.81 7.735 7.542 7.4 7.261 7.622 7.52 7.397 7.256 7.115 6.966 7.525 7.352 7.18 7.06 6.949 7.289 7.146 7.026 6.927 6.759 7.183 7.278 7.125 6.737 6.568 6.377 7.092
12.4538 7.807 7.857 7.782 7.589 7.447 7.307 7.668 7.567 7.444 7.302 7.162 7.013 7.572 7.399 7.227 7.107 6.996 7.335 7.193 7.073 6.974 6.806 7.229 7.325 7.172 6.784 6.615 6.424 7.139
12.7542 7.854 7.904 7.829 7.636 7.493 7.354 7.715 7.613 7.491 7.349 7.209 7.06 7.618 7.446 7.274 7.153 7.043 7.382 7.24 7.12 7.021 6.852 7.276 7.371 7.219 6.831 6.661 6.471 7.186
13.0619 7.901 7.95 7.875 7.683 7.54 7.401 7.762 7.66 7.538 7.396 7.255 7.107 7.665 7.493 7.321 7.2 7.089 7.429 7.286 7.166 7.067 6.899 7.323 7.418 7.265 6.877 6.708 6.518 7.233
13.377 7.948 7.997 7.922 7.729 7.587 7.448 7.809 7.707 7.584 7.443 7.302 7.154 7.712 7.539 7.368 7.247 7.136 7.476 7.333 7.213 7.114 6.946 7.37 7.465 7.312 6.924 6.755 6.565 7.28
13.6997 7.994 8.044 7.969 7.776 7.634 7.494 7.855 7.754 7.631 7.489 7.349 7.2 7.759 7.586 7.414 7.293 7.183 7.522 7.38 7.26 7.161 6.993 7.416 7.512 7.359 6.971 6.802 6.611 7.326
14.0302 8.04 8.09 8.015 7.822 7.679 7.54 7.901 7.799 7.677 7.535 7.395 7.246 7.805 7.632 7.46 7.339 7.229 7.568 7.426 7.306 7.207 7.039 7.462 7.558 7.405 7.017 6.847 6.657 7.372
14.3686 8.086 8.136 8.061 7.868 7.725 7.586 7.947 7.845 7.723 7.581 7.441 7.292 7.85 7.678 7.506 7.385 7.275 7.614 7.472 7.352 7.253 7.084 7.508 7.604 7.451 7.063 6.893 6.703 7.418
14.7153 8.132 8.182 8.107 7.914 7.771 7.632 7.993 7.891 7.769 7.627 7.487 7.338 7.896 7.724 7.552 7.431 7.321 7.66 7.518 7.398 7.299 7.13 7.554 7.649 7.497 7.109 6.939 6.749 7.464
15.0702 8.178 8.228 8.153 7.96 7.817 7.678 8.039 7.937 7.815 7.673 7.533 7.384 7.942 7.77 7.598 7.477 7.367 7.706 7.563 7.444 7.345 7.176 7.6 7.695 7.543 7.155 6.985 6.795 7.51
15.4338 8.224 8.273 8.199 8.006 7.863 7.724 8.085 7.983 7.861 7.719 7.579 7.43 7.988 7.816 7.644 7.523 7.413 7.752 7.609 7.49 7.391 7.222 7.646 7.741 7.589 7.201 7.031 6.841 7.556
15.8061 8.27 8.319 8.245 8.052 7.909 7.77 8.131 8.029 7.907 7.765 7.624 7.476 8.034 7.862 7.69 7.569 7.459 7.798 7.655 7.536 7.437 7.268 7.692 7.787 7.635 7.247 7.077 6.887 7.602
16.1874 8.316 8.365 8.291 8.098 7.955 7.816 8.177 8.075 7.953 7.811 7.67 7.522 8.08 7.908 7.736 7.615 7.504 7.844 7.701 7.582 7.482 7.314 7.738 7.833 7.68 7.293 7.123 6.933 7.648
16.5779 8.362 8.411 8.337 8.144 8.001 7.862 8.223 8.121 7.999 7.857 7.716 7.568 8.126 7.954 7.782 7.661 7.55 7.89 7.747 7.627 7.528 7.36 7.784 7.879 7.726 7.338 7.169 6.979 7.694
16.9778 8.408 8.457 8.382 8.19 8.047 7.908 8.269 8.167 8.045 7.903 7.762 7.614 8.172 8.0 7.828 7.707 7.596 7.936 7.793 7.673 7.574 7.406 7.83 7.925 7.772 7.384 7.215 7.025 7.74
17.3873 8.453 8.502 8.427 8.234 8.092 7.953 8.314 8.212 8.09 7.948 7.807 7.659 8.217 8.045 7.873 7.752 7.641 7.981 7.838 7.718 7.619 7.451 7.875 7.97 7.817 7.429 7.26 7.07 7.785
17.8068 8.496 8.545 8.47 8.277 8.135 7.996 8.356 8.255 8.132 7.991 7.85 7.701 8.26 8.087 7.915 7.795 7.684 8.024 7.881 7.761 7.662 7.494 7.918 8.013 7.86 7.472 7.303 7.112 7.827
18.2363 8.538 8.588 8.513 8.32 8.178 8.038 8.399 8.298 8.175 8.033 7.893 7.744 8.303 8.13 7.958 7.837 7.727 8.066 7.924 7.804 7.705 7.537 7.96 8.056 7.903 7.515 7.346 7.155 7.87
18.6762 8.581 8.631 8.556 8.363 8.22 8.081 8.442 8.34 8.218 8.076 7.936 7.787 8.345 8.173 8.001 7.88 7.77 8.109 7.966 7.847 7.748 7.579 8.003 8.098 7.946 7.558 7.388 7.198 7.913
19.1268 8.624 8.673 8.598 8.405 8.263 8.124 8.485 8.383 8.261 8.119 7.978 7.83 8.388 8.216 8.044 7.923 7.812 8.152 8.009 7.889 7.79 7.622 8.046 8.141 7.988 7.6 7.431 7.241 7.956
19.5882 8.667 8.716 8.641 8.448 8.306 8.167 8.528 8.426 8.303 8.162 8.021 7.872 8.431 8.258 8.086 7.966 7.855 8.195 8.052 7.932 7.833 7.665 8.089 8.184 8.031 7.643 7.474 7.283 7.998
20.0607 8.709 8.759 8.684 8.491 8.349 8.209 8.57 8.469 8.346 8.204 8.064 7.915 8.474 8.301 8.129 8.009 7.898 8.237 8.095 7.975 7.876 7.708 8.131 8.227 8.074 7.686 7.517 7.326 8.041
20.5446 8.752 8.802 8.727 8.534 8.391 8.252 8.613 8.511 8.389 8.247 8.107 7.958 8.516 8.344 8.172 8.051 7.941 8.28 8.137 8.018 7.919 7.75 8.174 8.269 8.117 7.729 7.559 7.369 8.084
21.0402 8.795 8.844 8.769 8.577 8.434 8.295 8.656 8.554 8.432 8.29 8.149 8.001 8.559 8.387 8.215 8.094 7.983 8.323 8.18 8.06 7.961 7.793 8.217 8.312 8.159 7.771 7.602 7.412 8.127
21.5478 8.838 8.887 8.812 8.619 8.477 8.338 8.699 8.597 8.474 8.333 8.192 8.044 8.602 8.429 8.257 8.137 8.026 8.366 8.223 8.103 8.004 7.836 8.26 8.355 8.202 7.814 7.645 7.455 8.17
22.0676 8.881 8.931 8.856 8.663 8.521 8.381 8.742 8.641 8.518 8.376 8.236 8.087 8.646 8.473 8.301 8.18 8.07 8.409 8.267 8.147 8.048 7.88 8.303 8.399 8.246 7.858 7.689 7.498 8.213
22.5999 8.926 8.976 8.901 8.708 8.565 8.426 8.787 8.685 8.563 8.421 8.281 8.132 8.69 8.518 8.346 8.225 8.115 8.454 8.312 8.192 8.093 7.924 8.348 8.444 8.291 7.903 7.733 7.543 8.258
23.1451 8.971 9.02 8.946 8.753 8.61 8.471 8.832 8.73 8.608 8.466 8.326 8.177 8.735 8.563 8.391 8.27 8.16 8.499 8.356 8.237 8.138 7.969 8.393 8.488 8.336 7.948 7.778 7.588 8.303
23.7034 9.016 9.065 8.991 8.798 8.655 8.516 8.877 8.775 8.653 8.511 8.37 8.222 8.78 8.608 8.436 8.315 8.204 8.544 8.401 8.281 8.182 8.014 8.438 8.533 8.38 7.992 7.823 7.633 8.348
24.2752 9.061 9.11 9.035 8.842 8.7 8.561 8.922 8.82 8.698 8.556 8.415 8.267 8.825 8.652 8.481 8.36 8.249 8.589 8.446 8.326 8.227 8.059 8.483 8.578 8.425 8.037 7.868 7.678 8.393
24.8608 9.106 9.155 9.08 8.887 8.745 8.606 8.967 8.865 8.742 8.601 8.46 8.312 8.87 8.697 8.525 8.405 8.294 8.634 8.491 8.371 8.272 8.104 8.528 8.623 8.47 8.082 7.913 7.723 8.438
25.4606 9.15 9.2 9.125 8.932 8.79 8.651 9.011 8.91 8.787 8.645 8.505 8.356 8.915 8.742 8.57 8.45 8.339 8.678 8.536 8.416 8.317 8.149 8.573 8.668 8.515 8.127 7.958 7.767 8.482
26.0748 9.195 9.245 9.17 8.977 8.835 8.695 9.056 8.955 8.832 8.69 8.55 8.401 8.96 8.787 8.615 8.494 8.384 8.723 8.581 8.461 8.362 8.194 8.617 8.713 8.56 8.172 8.003 7.812 8.527
26.7038 9.24 9.29 9.215 9.022 8.879 8.74 9.101 8.999 8.877 8.735 8.595 8.446 9.004 8.832 8.66 8.539 8.429 8.768 8.626 8.506 8.407 8.238 8.662 8.758 8.605 8.217 8.047 7.857 8.572
27.3479 9.285 9.334 9.26 9.067 8.924 8.785 9.146 9.044 8.922 8.78 8.64 8.491 9.049 8.877 8.705 8.584 8.474 8.813 8.67 8.551 8.452 8.283 8.707 8.802 8.65 8.262 8.092 7.902 8.617
