web/models/grb/onaxis/12/grb_0.0000_0.1931_0.0010000.dat
# %ECSV 1.0
# ---
# datatype:
# - {name: time, datatype: float64}
# - {name: swift_uvot_uvw2, datatype: float64}
# - {name: swift_uvot_uvm2, datatype: float64}
# - {name: swift_uvot_uvw1, datatype: float64}
# - {name: swift_uvot_U, datatype: float64}
# - {name: swift_uvot_B, datatype: float64}
# - {name: swift_uvot_V, datatype: float64}
# - {name: swift_uvot_W, datatype: float64}
# - {name: johnson_U, datatype: float64}
# - {name: johnson_B, datatype: float64}
# - {name: johnson_V, datatype: float64}
# - {name: johnson_R, datatype: float64}
# - {name: johnson_I, datatype: float64}
# - {name: sdss_u, datatype: float64}
# - {name: sdss_g, datatype: float64}
# - {name: sdss_r, datatype: float64}
# - {name: sdss_i, datatype: float64}
# - {name: sdss_z, datatype: float64}
# - {name: PS1_g, datatype: float64}
# - {name: PS1_r, datatype: float64}
# - {name: PS1_i, datatype: float64}
# - {name: PS1_z, datatype: float64}
# - {name: PS1_Y, datatype: float64}
# - {name: PS1_w, datatype: float64}
# - {name: ATLAS_c, datatype: float64}
# - {name: ATLAS_o, datatype: float64}
# - {name: ukirt_J, datatype: float64}
# - {name: ukirt_H, datatype: float64}
# - {name: ukirt_K, datatype: float64}
# - {name: Clear, datatype: float64}
# meta: !!omap
# - comment: [E = 8.378552168254816e-05, Eta0 = 8.02, GammaB = 12.0, dL = 0.012188, epsb = 6.760829753919819e-06, epse = 0.1, n = 0.001,
#     p = 2.15, theta_obs = 0.0, xiN = 1.0, z = 0.0, type = grb, E_kiso = 0.19306977288832505]
# schema: astropy-2.0
time swift_uvot_uvw2 swift_uvot_uvm2 swift_uvot_uvw1 swift_uvot_U swift_uvot_B swift_uvot_V swift_uvot_W johnson_U johnson_B johnson_V johnson_R johnson_I sdss_u sdss_g sdss_r sdss_i sdss_z PS1_g PS1_r PS1_i PS1_z PS1_Y PS1_w ATLAS_c ATLAS_o ukirt_J ukirt_H ukirt_K Clear
[from data line 337]
30.8096 10.305 10.355 10.28 10.087 9.944 9.805 10.166 10.065 9.942 9.8 9.66 9.511 10.07 9.897 9.725 9.604 9.494 9.833 9.691 9.571 9.472 9.304 9.727 9.823 9.67 9.282 9.112 8.922 9.637
31.5528 10.347 10.397 10.322 10.129 9.986 9.847 10.208 10.106 9.984 9.842 9.702 9.553 10.112 9.939 9.767 9.646 9.536 9.875 9.733 9.613 9.514 9.345 9.769 9.865 9.712 9.324 9.154 8.964 9.679
32.3139 10.389 10.439 10.364 10.171 10.028 9.889 10.25 10.148 10.026 9.884 9.744 9.595 10.153 9.981 9.809 9.688 9.578 9.917 9.775 9.655 9.556 9.387 9.811 9.907 9.754 9.366 9.196 9.006 9.721
33.0935 10.431 10.48 10.405 10.212 10.07 9.931 10.292 10.19 10.067 9.926 9.785 9.637 10.195 10.022 9.85 9.73 9.619 9.959 9.816 9.696 9.597 9.429 9.853 9.948 9.795 9.407 9.238 9.048 9.763
33.8918 10.468 10.517 10.442 10.249 10.107 9.968 10.329 10.227 10.105 9.963 9.822 9.674 10.232 10.059 9.888 9.767 9.656 9.996 9.853 9.733 9.634 9.466 9.89 9.985 9.832 9.444 9.275 9.085 9.8
34.7093 10.505 10.554 10.479 10.286 10.144 10.005 10.366 10.264 10.142 10.0 9.859 9.711 10.269 10.097 9.925 9.804 9.693 10.033 9.89 9.77 9.671 9.503 9.927 10.022 9.869 9.481 9.312 9.122 9.837
35.5466 10.542 10.591 10.516 10.324 10.181 10.042 10.403 10.301 10.179 10.037 9.896 9.748 10.306 10.134 9.962 9.841 9.73 10.07 9.927 9.807 9.708 9.54 9.964 10.059 9.906 9.518 9.349 9.159 9.874
36.4041 10.579 10.628 10.554 10.361 10.218 10.079 10.44 10.338 10.216 10.074 9.933 9.785 10.343 10.171 9.999 9.878 9.767 10.107 9.964 9.845 9.746 9.577 10.001 10.096 9.943 9.556 9.386 9.196 9.911
37.2823 10.616 10.665 10.591 10.398 10.255 10.116 10.477 10.375 10.253 10.111 9.971 9.822 10.38 10.208 10.036 9.915 9.805 10.144 10.001 9.882 9.783 9.614 10.038 10.133 9.981 9.593 9.423 9.233 9.948
38.1817 10.653 10.703 10.628 10.435 10.292 10.153 10.514 10.412 10.29 10.148 10.008 9.859 10.417 10.245 10.073 9.952 9.842 10.181 10.039 9.919 9.82 9.651 10.075 10.17 10.018 9.63 9.46 9.27 9.985
39.1028 10.69 10.74 10.665 10.472 10.329 10.19 10.551 10.449 10.327 10.185 10.045 9.896 10.455 10.282 10.11 9.989 9.879 10.218 10.076 9.956 9.857 9.688 10.112 10.208 10.055 9.667 9.497 9.307 10.022
40.046 10.727 10.777 10.702 10.509 10.367 10.227 10.588 10.487 10.364 10.222 10.082 9.933 10.492 10.319 10.147 10.026 9.916 10.255 10.113 9.993 9.894 9.726 10.149 10.245 10.092 9.704 9.535 9.344 10.059
41.0121 10.764 10.814 10.739 10.546 10.404 10.264 10.625 10.524 10.401 10.259 10.119 9.97 10.529 10.356 10.184 10.064 9.953 10.292 10.15 10.03 9.931 9.763 10.187 10.282 10.129 9.741 9.572 9.381 10.096
42.0014 10.801 10.851 10.776 10.583 10.44 10.301 10.662 10.56 10.438 10.296 10.156 10.007 10.565 10.393 10.221 10.1 9.99 10.329 10.187 10.067 9.968 9.799 10.223 10.318 10.166 9.778 9.608 9.418 10.133
43.0146 10.837 10.887 10.812 10.619 10.476 10.337 10.698 10.596 10.474 10.332 10.192 10.043 10.601 10.429 10.257 10.136 10.026 10.365 10.222 10.103 10.004 9.835 10.259 10.354 10.202 9.814 9.644 9.454 10.169
44.0523 10.873 10.922 10.848 10.655 10.512 10.373 10.734 10.632 10.51 10.368 10.227 10.079 10.637 10.465 10.293 10.172 10.062 10.401 10.258 10.139 10.04 9.871 10.295 10.39 10.238 9.85 9.68 9.49 10.205
45.1149 10.909 10.958 10.884 10.691 10.548 10.409 10.77 10.668 10.546 10.404 10.263 10.115 10.673 10.501 10.329 10.208 10.097 10.437 10.294 10.175 10.075 9.907 10.331 10.426 10.273 9.886 9.716 9.526 10.241
46.2033 10.945 10.994 10.919 10.727 10.584 10.445 10.806 10.704 10.582 10.44 10.299 10.151 10.709 10.537 10.365 10.244 10.133 10.473 10.33 10.21 10.111 9.943 10.367 10.462 10.309 9.921 9.752 9.562 10.277
47.3178 10.981 11.03 10.955 10.762 10.62 10.481 10.842 10.74 10.618 10.476 10.335 10.187 10.745 10.572 10.401 10.28 10.169 10.509 10.366 10.246 10.147 9.979 10.403 10.498 10.345 9.957 9.788 9.598 10.313
48.4593 11.017 11.066 10.991 10.798 10.656 10.517 10.878 10.776 10.654 10.512 10.371 10.223 10.781 10.608 10.437 10.316 10.205 10.545 10.402 10.282 10.183 10.015 10.439 10.534 10.381 9.993 9.824 9.634 10.349
49.6283 11.053 11.102 11.027 10.834 10.692 10.553 10.914 10.812 10.689 10.548 10.407 10.259 10.817 10.644 10.472 10.352 10.241 10.581 10.438 10.318 10.219 10.051 10.475 10.57 10.417 10.029 9.86 9.67 10.385
50.8255 11.089 11.138 11.063 10.87 10.728 10.589 10.949 10.848 10.725 10.584 10.443 10.294 10.853 10.68 10.508 10.388 10.277 10.617 10.474 10.354 10.255 10.087 10.511 10.606 10.453 10.065 9.896 9.705 10.42
52.0515 11.124 11.174 11.099 10.906 10.764 10.625 10.985 10.884 10.761 10.619 10.479 10.33 10.889 10.716 10.544 10.424 10.313 10.652 10.51 10.39 10.291 10.123 10.547 10.642 10.489 10.101 9.932 9.741 10.456
53.3072 11.161 11.21 11.135 10.942 10.8 10.661 11.022 10.92 10.797 10.656 10.515 10.367 10.925 10.752 10.581 10.46 10.349 10.689 10.546 10.426 10.327 10.159 10.583 10.678 10.525 10.137 9.968 9.778 10.493
54.5931 11.197 11.247 11.172 10.979 10.836 10.697 11.058 10.957 10.834 10.692 10.552 10.403 10.962 10.789 10.617 10.496 10.386 10.725 10.583 10.463 10.364 10.196 10.619 10.715 10.562 10.174 10.004 9.814 10.529
55.9101 11.234 11.283 11.208 11.015 10.873 10.734 11.095 10.993 10.871 10.729 10.588 10.44 10.998 10.826 10.654 10.533 10.422 10.762 10.619 10.499 10.4 10.232 10.656 10.751 10.598 10.21 10.041 9.851 10.566
57.2588 11.27 11.32 11.245 11.052 10.91 10.771 11.131 11.03 10.907 10.765 10.625 10.476 11.035 10.862 10.69 10.57 10.459 10.798 10.656 10.536 10.437 10.269 10.693 10.788 10.635 10.247 10.078 9.887 10.602
58.6401 11.307 11.356 11.282 11.089 10.946 10.807 11.168 11.066 10.944 10.802 10.661 10.513 11.071 10.899 10.727 10.606 10.496 10.835 10.692 10.573 10.474 10.305 10.729 10.824 10.672 10.284 10.114 9.924 10.639
60.0546 11.344 11.393 11.318 11.125 10.983 10.844 11.204 11.103 10.98 10.839 10.698 10.549 11.108 10.935 10.763 10.643 10.532 10.872 10.729 10.609 10.51 10.342 10.766 10.861 10.708 10.32 10.151 9.96 10.675
61.5034 11.38 11.43 11.355 11.162 11.019 10.88 11.241 11.139 11.017 10.875 10.735 10.586 11.144 10.972 10.8 10.679 10.569 10.908 10.766 10.646 10.547 10.378 10.802 10.897 10.745 10.357 10.187 9.997 10.712
62.987 11.417 11.466 11.391 11.198 11.056 10.917 11.278 11.176 11.054 10.912 10.771 10.623 11.181 11.008 10.837 10.716 10.605 10.945 10.802 10.682 10.583 10.415 10.839 10.934 10.781 10.393 10.224 10.034 10.749
64.5065 11.453 11.503 11.428 11.235 11.093 10.953 11.314 11.213 11.09 10.948 10.808 10.659 11.218 11.045 10.873 10.752 10.642 10.981 10.839 10.719 10.62 10.452 10.875 10.971 10.818 10.43 10.261 10.07 10.785
66.0626 11.49 11.539 11.465 11.272 11.129 10.99 11.351 11.249 11.127 10.985 10.844 10.696 11.254 11.082 10.91 10.789 10.678 11.018 10.875 10.755 10.656 10.488 10.912 11.007 10.854 10.466 10.297 10.107 10.822
67.6562 11.525 11.575 11.5 11.307 11.164 11.025 11.386 11.284 11.162 11.02 10.88 10.731 11.289 11.117 10.945 10.824 10.714 11.053 10.91 10.791 10.692 10.523 10.947 11.042 10.89 10.502 10.332 10.142 10.857
69.2883 11.559 11.609 11.534 11.341 11.198 11.059 11.42 11.318 11.196 11.054 10.914 10.765 11.323 11.151 10.979 10.858 10.748 11.087 10.945 10.825 10.726 10.557 10.981 11.076 10.924 10.536 10.366 10.176 10.891
70.9597 11.593 11.643 11.568 11.375 11.232 11.093 11.454 11.352 11.23 11.088 10.948 10.799 11.357 11.185 11.013 10.892 10.782 11.121 10.979 10.859 10.76 10.591 11.015 11.11 10.958 10.57 10.4 10.21 10.925
72.6715 11.627 11.677 11.602 11.409 11.266 11.127 11.488 11.386 11.264 11.122 10.982 10.833 11.391 11.219 11.047 10.926 10.816 11.155 11.013 10.893 10.794 10.625 11.049 11.144 10.992 10.604 10.434 10.244 10.959
74.4246 11.661 11.711 11.636 11.443 11.3 11.161 11.522 11.42 11.298 11.156 11.016 10.867 11.425 11.253 11.081 10.96 10.85 11.189 11.047 10.927 10.828 10.659 11.083 11.178 11.026 10.638 10.468 10.278 10.993
76.2199 11.695 11.745 11.67 11.477 11.334 11.195 11.556 11.454 11.332 11.19 11.05 10.901 11.459 11.287 11.115 10.994 10.884 11.223 11.081 10.961 10.862 10.693 11.117 11.213 11.06 10.672 10.502 10.312 11.027
78.0586 11.729 11.779 11.704 11.511 11.368 11.229 11.59 11.488 11.366 11.224 11.084 10.935 11.494 11.321 11.149 11.028 10.918 11.257 11.115 10.995 10.896 10.727 11.151 11.247 11.094 10.706 10.536 10.346 11.061
79.9416 11.763 11.813 11.738 11.545 11.402 11.263 11.624 11.523 11.4 11.258 11.118 10.969 11.528 11.355 11.183 11.062 10.952 11.291 11.149 11.029 10.93 10.762 11.185 11.281 11.128 10.74 10.57 10.38 11.095
81.87 11.797 11.847 11.772 11.579 11.436 11.297 11.658 11.557 11.434 11.292 11.152 11.003 11.562 11.389 11.217 11.096 10.986 11.325 11.183 11.063 10.964 10.796 11.219 11.315 11.162 10.774 10.605 10.414 11.129
83.845 11.831 11.881 11.806 11.613 11.471 11.331 11.692 11.591 11.468 11.326 11.186 11.037 11.596 11.423 11.251 11.13 11.02 11.359 11.217 11.097 10.998 10.83 11.253 11.349 11.196 10.808 10.639 10.448 11.163
85.8676 11.863 11.913 11.838 11.645 11.502 11.363 11.724 11.622 11.5 11.358 11.218 11.069 11.627 11.455 11.283 11.162 11.052 11.391 11.249 11.129 11.03 10.861 11.285 11.38 11.228 10.84 10.67 10.48 11.195
87.939 11.894 11.944 11.869 11.676 11.533 11.394 11.755 11.653 11.531 11.389 11.249 11.1 11.658 11.486 11.314 11.193 11.083 11.422 11.279 11.16 11.061 10.892 11.316 11.411 11.259 10.871 10.701 10.511 11.226
90.0604 11.925 11.974 11.9 11.707 11.564 11.425 11.786 11.684 11.562 11.42 11.279 11.131 11.689 11.517 11.345 11.224 11.114 11.453 11.31 11.191 11.092 10.923 11.347 11.442 11.29 10.902 10.732 10.542 11.257
92.2329 11.956 12.005 11.931 11.738 11.595 11.456 11.817 11.715 11.593 11.451 11.31 11.162 11.72 11.548 11.376 11.255 11.144 11.484 11.341 11.221 11.122 10.954 11.378 11.473 11.32 10.932 10.763 10.573 11.288
94.4579 11.987 12.036 11.961 11.768 11.626 11.487 11.848 11.746 11.624 11.482 11.341 11.193 11.751 11.579 11.407 11.286 11.175 11.515 11.372 11.252 11.153 10.985 11.409 11.504 11.351 10.963 10.794 10.604 11.319
96.7365 12.018 12.067 11.992 11.799 11.657 11.518 11.879 11.777 11.655 11.513 11.372 11.224 11.782 11.609 11.438 11.317 11.206 11.546 11.403 11.283 11.184 11.016 11.44 11.535 11.382 10.994 10.825 10.635 11.35
99.0701 12.049 12.098 12.023 11.83 11.688 11.549 11.91 11.808 11.685 11.544 11.403 11.255 11.813 11.64 11.469 11.348 11.237 11.577 11.434 11.314 11.215 11.047 11.471 11.566 11.413 11.025 10.856 10.666 11.381
101.4599 12.08 12.129 12.054 11.861 11.719 11.58 11.94 11.839 11.716 11.575 11.434 11.285 11.844 11.671 11.499 11.379 11.268 11.608 11.465 11.345 11.246 11.078 11.502 11.597 11.444 11.056 10.887 10.696 11.411
103.9075 12.11 12.16 12.085 11.892 11.75 11.611 11.971 11.87 11.747 11.605 11.465 11.316 11.875 11.702 11.53 11.41 11.299 11.638 11.496 11.376 11.277 11.109 11.533 11.628 11.475 11.087 10.918 10.727 11.442
106.4141 12.141 12.191 12.116 11.923 11.781 11.642 12.002 11.901 11.778 11.636 11.496 11.347 11.906 11.733 11.561 11.441 11.33 11.669 11.527 11.407 11.308 11.14 11.564 11.659 11.506 11.118 10.949 10.758 11.473
108.9811 12.172 12.222 12.147 11.954 11.812 11.673 12.033 11.932 11.809 11.667 11.527 11.378 11.937 11.764 11.592 11.472 11.361 11.7 11.558 11.438 11.339 11.171 11.595 11.69 11.537 11.149 10.98 10.789 11.504
111.6101 12.204 12.253 12.178 11.985 11.843 11.704 12.064 11.963 11.84 11.699 11.558 11.409 11.968 11.795 11.623 11.503 11.392 11.732 11.589 11.469 11.37 11.202 11.626 11.721 11.568 11.18 11.011 10.82 11.535
114.3025 12.235 12.284 12.209 12.016 11.874 11.735 12.096 11.994 11.871 11.73 11.589 11.441 11.999 11.826 11.654 11.534 11.423 11.763 11.62 11.5 11.401 11.233 11.657 11.752 11.599 11.211 11.042 10.852 11.567
117.0598 12.266 12.315 12.24 12.047 11.905 11.766 12.127 12.025 11.903 11.761 11.62 11.472 12.03 11.857 11.686 11.565 11.454 11.794 11.651 11.531 11.432 11.264 11.688 11.783 11.63 11.242 11.073 10.883 11.598
119.8836 12.297 12.346 12.271 12.078 11.936 11.797 12.158 12.056 11.934 11.792 11.651 11.503 12.061 11.889 11.717 11.596 11.485 11.825 11.682 11.562 11.463 11.295 11.719 11.814 11.661 11.273 11.104 10.914 11.629
122.7756 12.328 12.377 12.303 12.11 11.967 11.828 12.189 12.087 11.965 11.823 11.682 11.534 12.092 11.92 11.748 11.627 11.516 11.856 11.713 11.593 11.494 11.326 11.75 11.845 11.692 11.304 11.135 10.945 11.66
125.7373 12.359 12.408 12.334 12.141 11.998 11.859 12.22 12.118 11.996 11.854 11.713 11.565 12.123 11.951 11.779 11.658 11.548 11.887 11.744 11.625 11.526 11.357 11.781 11.876 11.724 11.336 11.166 10.976 11.691
128.7705 12.39 12.44 12.365 12.172 12.029 11.89 12.251 12.149 12.027 11.885 11.745 11.596 12.154 11.982 11.81 11.689 11.579 11.918 11.775 11.656 11.557 11.388 11.812 11.907 11.755 11.367 11.197 11.007 11.722
131.8769 12.421 12.471 12.396 12.203 12.06 11.921 12.282 12.18 12.058 11.916 11.776 11.627 12.185 12.013 11.841 11.72 11.61 11.949 11.807 11.687 11.588 11.419 11.843 11.938 11.786 11.398 11.228 11.038 11.753
135.0582 12.452 12.502 12.427 12.234 12.091 11.952 12.313 12.212 12.089 11.947 11.807 11.658 12.217 12.044 11.872 11.751 11.641 11.98 11.838 11.718 11.619 11.451 11.874 11.97 11.817 11.429 11.26 11.069 11.784
138.3162 12.497 12.546 12.472 12.279 12.136 11.997 12.358 12.256 12.134 11.992 11.851 11.703 12.261 12.089 11.917 11.796 11.685 12.025 11.882 11.763 11.663 11.495 11.919 12.014 11.861 11.474 11.304 11.114 11.829
141.6528 12.542 12.592 12.517 12.324 12.181 12.042 12.403 12.301 12.179 12.037 11.897 11.748 12.306 12.134 11.962 11.841 11.731 12.07 11.927 11.808 11.709 11.54 11.964 12.059 11.907 11.519 11.349 11.159 11.874
145.0699 12.587 12.637 12.562 12.369 12.226 12.087 12.448 12.347 12.224 12.082 11.942 11.793 12.352 12.179 12.007 11.886 11.776 12.115 11.973 11.853 11.754 11.586 12.009 12.105 11.952 11.564 11.394 11.204 11.919
148.5695 12.632 12.682 12.607 12.414 12.272 12.133 12.493 12.392 12.269 12.127 11.987 11.838 12.397 12.224 12.052 11.932 11.821 12.16 12.018 11.898 11.799 11.631 12.055 12.15 11.997 11.609 11.44 11.249 11.964
152.1534 12.678 12.727 12.652 12.459 12.317 12.178 12.538 12.437 12.314 12.173 12.032 11.883 12.442 12.269 12.097 11.977 11.866 12.205 12.063 11.943 11.844 11.676 12.1 12.195 12.042 11.654 11.485 11.294 12.009
155.8238 12.723 12.772 12.697 12.504 12.362 12.223 12.584 12.482 12.36 12.218 12.077 11.929 12.487 12.314 12.143 12.022 11.911 12.251 12.108 11.988 11.889 11.721 12.145 12.24 12.087 11.699 11.53 11.34 12.055
159.5828 12.768 12.817 12.742 12.549 12.407 12.268 12.629 12.527 12.405 12.263 12.122 11.974 12.532 12.36 12.188 12.067 11.956 12.296 12.153 12.033 11.934 11.766 12.19 12.285 12.132 11.744 11.575 11.385 12.1
163.4324 12.813 12.862 12.788 12.595 12.452 12.313 12.674 12.572 12.45 12.308 12.167 12.019 12.577 12.405 12.233 12.112 12.002 12.341 12.198 12.079 11.98 11.811 12.235 12.33 12.178 11.79 11.62 11.43 12.145
167.375 12.858 12.908 12.833 12.64 12.497 12.358 12.719 12.617 12.495 12.353 12.213 12.064 12.622 12.45 12.278 12.157 12.047 12.386 12.244 12.124 12.025 11.856 12.28 12.375 12.223 11.835 11.665 11.475 12.19
171.4126 12.906 12.956 12.881 12.688 12.545 12.406 12.767 12.665 12.543 12.401 12.261 12.112 12.67 12.498 12.326 12.205 12.095 12.434 12.292 12.172 12.073 11.904 12.328 12.424 12.271 11.883 11.713 11.523 12.238
175.5476 12.978 13.027 12.952 12.759 12.617 12.478 12.838 12.737 12.614 12.473 12.332 12.183 12.742 12.569 12.397 12.277 12.166 12.506 12.363 12.243 12.144 11.976 12.4 12.495 12.342 11.954 11.785 11.594 12.309
179.7823 13.049 13.098 13.024 12.831 12.688 12.549 12.91 12.808 12.686 12.544 12.403 12.255 12.813 12.641 12.469 12.348 12.237 12.577 12.434 12.315 12.216 12.047 12.471 12.566 12.413 12.026 11.856 11.666 12.381
184.1193 13.12 13.17 13.095 12.902 12.76 12.62 12.981 12.88 12.757 12.615 12.475 12.326 12.885 12.712 12.54 12.42 12.309 12.648 12.506 12.386 12.287 12.119 12.542 12.638 12.485 12.097 11.928 11.737 12.452
188.5608 13.192 13.241 13.166 12.973 12.831 12.692 13.053 12.951 12.829 12.687 12.546 12.398 12.956 12.783 12.612 12.491 12.38 12.72 12.577 12.457 12.358 12.19 12.614 12.709 12.556 12.168 11.999 11.809 12.524
