web/models/grb/onaxis/12/grb_0.0000_138.9495_0.0063096.dat
# %ECSV 1.0
# ---
# datatype:
# - {name: time, datatype: float64}
# - {name: swift_uvot_uvw2, datatype: float64}
# - {name: swift_uvot_uvm2, datatype: float64}
# - {name: swift_uvot_uvw1, datatype: float64}
# - {name: swift_uvot_U, datatype: float64}
# - {name: swift_uvot_B, datatype: float64}
# - {name: swift_uvot_V, datatype: float64}
# - {name: swift_uvot_W, datatype: float64}
# - {name: johnson_U, datatype: float64}
# - {name: johnson_B, datatype: float64}
# - {name: johnson_V, datatype: float64}
# - {name: johnson_R, datatype: float64}
# - {name: johnson_I, datatype: float64}
# - {name: sdss_u, datatype: float64}
# - {name: sdss_g, datatype: float64}
# - {name: sdss_r, datatype: float64}
# - {name: sdss_i, datatype: float64}
# - {name: sdss_z, datatype: float64}
# - {name: PS1_g, datatype: float64}
# - {name: PS1_r, datatype: float64}
# - {name: PS1_i, datatype: float64}
# - {name: PS1_z, datatype: float64}
# - {name: PS1_Y, datatype: float64}
# - {name: ukirt_J, datatype: float64}
# - {name: ukirt_H, datatype: float64}
# - {name: ukirt_K, datatype: float64}
# meta: !!omap
# - comment: [E = 0.06029923955985733, Eta0 = 8.02, GammaB = 12.0, dL = 0.012188, epsb = 6.760829753919819e-06, epse = 0.1, n = 0.00630957344480193,
#     p = 2.15, theta_obs = 0.0, xiN = 1.0, z = 0.0, type = grb, E_kiso = 138.9495494373139]
# schema: astropy-2.0
time swift_uvot_uvw2 swift_uvot_uvm2 swift_uvot_uvw1 swift_uvot_U swift_uvot_B swift_uvot_V swift_uvot_W johnson_U johnson_B johnson_V johnson_R johnson_I sdss_u sdss_g sdss_r sdss_i sdss_z PS1_g PS1_r PS1_i PS1_z PS1_Y ukirt_J ukirt_H ukirt_K
[from data line 339]
32.3139 -1.178 -1.129 -1.204 -1.397 -1.539 -1.678 -1.317 -1.419 -1.541 -1.683 -1.824 -1.972 -1.414 -1.587 -1.758 -1.879 -1.99 -1.65 -1.793 -1.913 -2.012 -2.18 -2.202 -2.371 -2.561
33.0935 -1.131 -1.082 -1.157 -1.35 -1.492 -1.631 -1.271 -1.372 -1.495 -1.636 -1.777 -1.926 -1.367 -1.54 -1.712 -1.832 -1.943 -1.603 -1.746 -1.866 -1.965 -2.133 -2.155 -2.324 -2.515
33.8918 -1.085 -1.035 -1.11 -1.303 -1.445 -1.585 -1.224 -1.325 -1.448 -1.59 -1.73 -1.879 -1.32 -1.493 -1.665 -1.786 -1.896 -1.557 -1.699 -1.819 -1.918 -2.086 -2.108 -2.277 -2.468
34.7093 -1.038 -0.988 -1.063 -1.256 -1.399 -1.538 -1.177 -1.279 -1.401 -1.543 -1.683 -1.832 -1.274 -1.446 -1.618 -1.739 -1.849 -1.51 -1.653 -1.772 -1.871 -2.04 -2.061 -2.231 -2.421
35.5466 -0.991 -0.942 -1.017 -1.21 -1.352 -1.491 -1.13 -1.232 -1.354 -1.496 -1.637 -1.785 -1.227 -1.399 -1.571 -1.692 -1.803 -1.463 -1.606 -1.726 -1.825 -1.993 -2.015 -2.184 -2.374
36.4041 -0.944 -0.895 -0.97 -1.163 -1.305 -1.444 -1.083 -1.185 -1.308 -1.449 -1.59 -1.738 -1.18 -1.353 -1.525 -1.645 -1.756 -1.416 -1.559 -1.679 -1.778 -1.946 -1.968 -2.137 -2.327
37.2823 -0.898 -0.848 -0.923 -1.116 -1.258 -1.398 -1.037 -1.138 -1.261 -1.403 -1.543 -1.692 -1.133 -1.306 -1.478 -1.598 -1.709 -1.37 -1.512 -1.632 -1.731 -1.899 -1.921 -2.09 -2.281
38.1817 -0.851 -0.801 -0.876 -1.069 -1.212 -1.351 -0.99 -1.092 -1.214 -1.356 -1.496 -1.645 -1.087 -1.259 -1.431 -1.552 -1.662 -1.323 -1.465 -1.585 -1.684 -1.853 -1.874 -2.044 -2.234
39.1028 -0.804 -0.755 -0.829 -1.022 -1.165 -1.304 -0.943 -1.045 -1.167 -1.309 -1.45 -1.598 -1.04 -1.212 -1.384 -1.505 -1.616 -1.276 -1.419 -1.539 -1.638 -1.806 -1.828 -1.997 -2.187
40.046 -0.758 -0.709 -0.784 -0.976 -1.119 -1.258 -0.897 -0.999 -1.121 -1.263 -1.404 -1.552 -0.994 -1.166 -1.338 -1.459 -1.57 -1.23 -1.373 -1.493 -1.592 -1.76 -1.782 -1.951 -2.141
41.0121 -0.712 -0.663 -0.738 -0.931 -1.073 -1.212 -0.851 -0.953 -1.075 -1.217 -1.358 -1.506 -0.948 -1.12 -1.292 -1.413 -1.524 -1.184 -1.327 -1.447 -1.546 -1.714 -1.736 -1.905 -2.095
42.0014 -0.666 -0.617 -0.692 -0.885 -1.027 -1.166 -0.805 -0.907 -1.029 -1.171 -1.312 -1.46 -0.902 -1.075 -1.246 -1.367 -1.478 -1.138 -1.281 -1.401 -1.5 -1.668 -1.69 -1.859 -2.049
43.0146 -0.62 -0.571 -0.646 -0.839 -0.981 -1.12 -0.759 -0.861 -0.983 -1.125 -1.266 -1.414 -0.856 -1.029 -1.2 -1.321 -1.432 -1.092 -1.235 -1.355 -1.454 -1.622 -1.644 -1.813 -2.003
44.0523 -0.574 -0.525 -0.6 -0.793 -0.935 -1.074 -0.713 -0.815 -0.938 -1.079 -1.22 -1.368 -0.81 -0.983 -1.154 -1.275 -1.386 -1.046 -1.189 -1.309 -1.408 -1.576 -1.598 -1.767 -1.957
45.1149 -0.528 -0.479 -0.554 -0.747 -0.889 -1.028 -0.667 -0.769 -0.892 -1.033 -1.174 -1.322 -0.764 -0.937 -1.109 -1.229 -1.34 -1.0 -1.143 -1.263 -1.362 -1.53 -1.552 -1.721 -1.911
46.2033 -0.482 -0.433 -0.508 -0.701 -0.843 -0.982 -0.622 -0.723 -0.846 -0.987 -1.128 -1.277 -0.718 -0.891 -1.063 -1.183 -1.294 -0.954 -1.097 -1.217 -1.316 -1.484 -1.506 -1.675 -1.866
47.3178 -0.436 -0.387 -0.462 -0.655 -0.797 -0.936 -0.576 -0.677 -0.8 -0.942 -1.082 -1.231 -0.672 -0.845 -1.017 -1.137 -1.248 -0.909 -1.051 -1.171 -1.27 -1.438 -1.46 -1.629 -1.82
48.4593 -0.391 -0.341 -0.416 -0.609 -0.751 -0.89 -0.53 -0.631 -0.754 -0.896 -1.036 -1.185 -0.626 -0.799 -0.971 -1.091 -1.202 -0.863 -1.005 -1.125 -1.224 -1.392 -1.414 -1.583 -1.774
49.6283 -0.345 -0.296 -0.37 -0.563 -0.706 -0.845 -0.484 -0.586 -0.708 -0.85 -0.991 -1.139 -0.581 -0.753 -0.925 -1.046 -1.157 -0.817 -0.96 -1.08 -1.179 -1.347 -1.369 -1.538 -1.728
50.8255 -0.302 -0.253 -0.328 -0.521 -0.663 -0.802 -0.441 -0.543 -0.665 -0.807 -0.948 -1.096 -0.538 -0.711 -0.882 -1.003 -1.114 -0.774 -0.917 -1.037 -1.136 -1.304 -1.326 -1.495 -1.685
52.0515 -0.26 -0.21 -0.285 -0.478 -0.62 -0.759 -0.399 -0.5 -0.623 -0.765 -0.905 -1.054 -0.495 -0.668 -0.84 -0.96 -1.071 -0.732 -0.874 -0.994 -1.093 -1.261 -1.283 -1.452 -1.643
53.3072 -0.217 -0.167 -0.242 -0.435 -0.578 -0.717 -0.356 -0.458 -0.58 -0.722 -0.862 -1.011 -0.453 -0.625 -0.797 -0.918 -1.028 -0.689 -0.831 -0.951 -1.05 -1.219 -1.24 -1.41 -1.6
54.5931 -0.174 -0.125 -0.199 -0.392 -0.535 -0.674 -0.313 -0.415 -0.537 -0.679 -0.82 -0.968 -0.41 -0.582 -0.754 -0.875 -0.986 -0.646 -0.789 -0.908 -1.008 -1.176 -1.197 -1.367 -1.557
55.9101 -0.131 -0.082 -0.157 -0.35 -0.492 -0.631 -0.27 -0.372 -0.494 -0.636 -0.777 -0.925 -0.367 -0.54 -0.711 -0.832 -0.943 -0.603 -0.746 -0.866 -0.965 -1.133 -1.155 -1.324 -1.514
57.2588 -0.089 -0.039 -0.114 -0.307 -0.449 -0.588 -0.228 -0.329 -0.452 -0.594 -0.734 -0.883 -0.324 -0.497 -0.669 -0.789 -0.9 -0.561 -0.703 -0.823 -0.922 -1.09 -1.112 -1.281 -1.472
58.6401 -0.046 0.004 -0.071 -0.264 -0.407 -0.546 -0.185 -0.287 -0.409 -0.551 -0.691 -0.84 -0.281 -0.454 -0.626 -0.747 -0.857 -0.518 -0.66 -0.78 -0.879 -1.048 -1.069 -1.239 -1.429
60.0546 -0.003 0.046 -0.028 -0.221 -0.364 -0.503 -0.142 -0.244 -0.366 -0.508 -0.649 -0.797 -0.239 -0.411 -0.583 -0.704 -0.814 -0.475 -0.618 -0.737 -0.836 -1.005 -1.026 -1.196 -1.386
61.5034 0.04 0.089 0.014 -0.179 -0.321 -0.46 -0.099 -0.201 -0.323 -0.465 -0.606 -0.754 -0.196 -0.369 -0.54 -0.661 -0.772 -0.432 -0.575 -0.695 -0.794 -0.962 -0.984 -1.153 -1.343
62.987 0.083 0.133 0.058 -0.135 -0.278 -0.417 -0.056 -0.158 -0.28 -0.422 -0.562 -0.711 -0.153 -0.325 -0.497 -0.618 -0.728 -0.389 -0.531 -0.651 -0.75 -0.919 -0.94 -1.11 -1.3
64.5065 0.128 0.177 0.103 -0.09 -0.233 -0.372 -0.011 -0.113 -0.235 -0.377 -0.518 -0.666 -0.108 -0.28 -0.452 -0.573 -0.683 -0.344 -0.487 -0.606 -0.705 -0.874 -0.895 -1.065 -1.255
66.0626 0.173 0.222 0.147 -0.046 -0.188 -0.327 0.034 -0.068 -0.19 -0.332 -0.473 -0.621 -0.063 -0.235 -0.407 -0.528 -0.639 -0.299 -0.442 -0.562 -0.661 -0.829 -0.851 -1.02 -1.21
67.6562 0.218 0.267 0.192 -0.001 -0.143 -0.282 0.079 -0.023 -0.145 -0.287 -0.428 -0.576 -0.018 -0.191 -0.362 -0.483 -0.594 -0.254 -0.397 -0.517 -0.616 -0.784 -0.806 -0.975 -1.165
69.2883 0.263 0.312 0.237 0.044 -0.098 -0.237 0.123 0.022 -0.101 -0.242 -0.383 -0.532 0.027 -0.146 -0.318 -0.438 -0.549 -0.209 -0.352 -0.472 -0.571 -0.739 -0.761 -0.93 -1.121
70.9597 0.307 0.357 0.282 0.089 -0.053 -0.192 0.168 0.067 -0.056 -0.198 -0.338 -0.487 0.072 -0.101 -0.273 -0.393 -0.504 -0.165 -0.307 -0.427 -0.526 -0.694 -0.716 -0.885 -1.076
72.6715 0.352 0.402 0.327 0.134 -0.008 -0.148 0.213 0.112 -0.011 -0.153 -0.293 -0.442 0.117 -0.056 -0.228 -0.349 -0.459 -0.12 -0.262 -0.382 -0.481 -0.649 -0.671 -0.84 -1.031
74.4246 0.397 0.447 0.372 0.179 0.036 -0.103 0.258 0.156 0.034 -0.108 -0.248 -0.397 0.161 -0.011 -0.183 -0.304 -0.414 -0.075 -0.217 -0.337 -0.436 -0.605 -0.626 -0.796 -0.986
76.2199 0.442 0.491 0.417 0.224 0.081 -0.058 0.303 0.201 0.079 -0.063 -0.204 -0.352 0.206 0.034 -0.138 -0.259 -0.369 -0.03 -0.173 -0.292 -0.391 -0.56 -0.581 -0.751 -0.941
78.0586 0.487 0.536 0.461 0.268 0.126 -0.013 0.348 0.246 0.124 -0.018 -0.159 -0.307 0.251 0.079 -0.093 -0.214 -0.325 0.015 -0.128 -0.248 -0.347 -0.515 -0.537 -0.706 -0.896
79.9416 0.53 0.579 0.505 0.312 0.169 0.03 0.391 0.289 0.167 0.025 -0.116 -0.264 0.294 0.122 -0.05 -0.171 -0.281 0.058 -0.085 -0.204 -0.303 -0.472 -0.493 -0.663 -0.853
81.87 0.571 0.62 0.546 0.353 0.21 0.071 0.432 0.33 0.208 0.066 -0.075 -0.223 0.335 0.163 -0.009 -0.13 -0.24 0.099 -0.044 -0.163 -0.262 -0.431 -0.452 -0.622 -0.812
83.845 0.612 0.661 0.587 0.394 0.251 0.112 0.473 0.371 0.249 0.107 -0.034 -0.182 0.376 0.204 0.032 -0.089 -0.199 0.14 -0.003 -0.122 -0.221 -0.39 -0.411 -0.581 -0.771
85.8676 0.653 0.702 0.628 0.435 0.292 0.153 0.514 0.412 0.29 0.148 0.007 -0.141 0.417 0.245 0.073 -0.048 -0.158 0.181 0.038 -0.081 -0.18 -0.349 -0.37 -0.54 -0.73
87.939 0.694 0.743 0.669 0.476 0.333 0.194 0.555 0.453 0.331 0.189 0.049 -0.1 0.458 0.286 0.114 -0.007 -0.117 0.222 0.079 -0.04 -0.139 -0.308 -0.329 -0.499 -0.689
90.0604 0.735 0.784 0.71 0.517 0.374 0.235 0.596 0.494 0.372 0.23 0.09 -0.059 0.499 0.327 0.155 0.034 -0.076 0.263 0.12 0.001 -0.098 -0.267 -0.288 -0.458 -0.648
92.2329 0.776 0.825 0.751 0.558 0.415 0.276 0.637 0.535 0.413 0.271 0.131 -0.018 0.54 0.368 0.196 0.075 -0.035 0.304 0.161 0.042 -0.057 -0.226 -0.247 -0.417 -0.607
94.4579 0.817 0.866 0.792 0.599 0.456 0.317 0.678 0.576 0.454 0.312 0.172 0.023 0.581 0.409 0.237 0.116 0.006 0.345 0.202 0.083 -0.016 -0.185 -0.206 -0.376 -0.566
96.7365 0.858 0.908 0.833 0.64 0.497 0.358 0.719 0.617 0.495 0.353 0.213 0.064 0.622 0.45 0.278 0.157 0.047 0.386 0.243 0.124 0.025 -0.144 -0.165 -0.335 -0.525
99.0701 0.899 0.949 0.874 0.681 0.538 0.399 0.76 0.658 0.536 0.394 0.254 0.105 0.663 0.491 0.319 0.198 0.088 0.427 0.284 0.165 0.066 -0.103 -0.124 -0.294 -0.484
101.4599 0.939 0.988 0.913 0.72 0.578 0.439 0.799 0.698 0.575 0.434 0.293 0.144 0.703 0.53 0.358 0.238 0.127 0.467 0.324 0.204 0.105 -0.063 -0.085 -0.254 -0.445
103.9075 0.977 1.026 0.952 0.759 0.616 0.477 0.838 0.736 0.614 0.472 0.331 0.183 0.741 0.569 0.397 0.276 0.166 0.505 0.362 0.243 0.144 -0.025 -0.046 -0.216 -0.406
106.4141 1.015 1.065 0.99 0.797 0.655 0.516 0.876 0.775 0.652 0.51 0.37 0.221 0.78 0.607 0.435 0.315 0.204 0.543 0.401 0.281 0.182 0.014 -0.008 -0.177 -0.368
108.9811 1.054 1.103 1.028 0.836 0.693 0.554 0.915 0.813 0.691 0.549 0.408 0.26 0.818 0.646 0.474 0.353 0.242 0.582 0.439 0.319 0.22 0.052 0.03 -0.139 -0.329
111.6101 1.092 1.142 1.067 0.874 0.732 0.592 0.953 0.852 0.729 0.587 0.447 0.298 0.857 0.684 0.512 0.391 0.281 0.62 0.478 0.358 0.259 0.091 0.069 -0.1 -0.291
114.3025 1.131 1.18 1.105 0.912 0.77 0.631 0.992 0.89 0.768 0.626 0.485 0.337 0.895 0.722 0.551 0.43 0.319 0.659 0.516 0.396 0.297 0.129 0.107 -0.062 -0.252
117.0598 1.169 1.219 1.144 0.951 0.808 0.669 1.03 0.928 0.806 0.664 0.524 0.375 0.933 0.761 0.589 0.468 0.358 0.697 0.555 0.435 0.336 0.167 0.146 -0.024 -0.214
119.8836 1.208 1.257 1.182 0.989 0.847 0.708 1.069 0.967 0.844 0.703 0.562 0.414 0.972 0.799 0.627 0.507 0.396 0.736 0.593 0.473 0.374 0.206 0.184 0.015 -0.175
122.7756 1.246 1.296 1.221 1.028 0.885 0.746 1.107 1.005 0.883 0.741 0.601 0.452 1.01 0.838 0.666 0.545 0.435 0.774 0.631 0.512 0.413 0.244 0.223 0.053 -0.137
125.7373 1.285 1.334 1.259 1.066 0.924 0.785 1.145 1.044 0.921 0.779 0.639 0.49 1.049 0.876 0.704 0.584 0.473 0.812 0.67 0.55 0.451 0.283 0.261 0.092 -0.099
128.7705 1.326 1.375 1.3 1.107 0.965 0.826 1.186 1.085 0.962 0.82 0.68 0.531 1.09 0.917 0.745 0.625 0.514 0.853 0.711 0.591 0.492 0.324 0.302 0.133 -0.058
131.8769 1.367 1.417 1.342 1.149 1.007 0.868 1.228 1.127 1.004 0.862 0.722 0.573 1.132 0.959 0.787 0.667 0.556 0.895 0.753 0.633 0.534 0.366 0.344 0.175 -0.016
135.0582 1.409 1.459 1.384 1.191 1.049 0.91 1.27 1.169 1.046 0.904 0.764 0.615 1.174 1.001 0.829 0.709 0.598 0.937 0.795 0.675 0.576 0.408 0.386 0.217 0.026
138.3162 1.451 1.501 1.426 1.233 1.091 0.952 1.312 1.211 1.088 0.946 0.806 0.657 1.216 1.043 0.871 0.751 0.64 0.979 0.837 0.717 0.618 0.45 0.428 0.259 0.068
141.6528 1.493 1.543 1.468 1.275 1.133 0.994 1.354 1.253 1.13 0.988 0.848 0.699 1.258 1.085 0.913 0.793 0.682 1.021 0.879 0.759 0.66 0.492 0.47 0.301 0.11
145.0699 1.535 1.585 1.51 1.317 1.175 1.036 1.396 1.295 1.172 1.03 0.89 0.741 1.3 1.127 0.955 0.835 0.724 1.063 0.921 0.801 0.702 0.534 0.512 0.343 0.152
148.5695 1.577 1.627 1.552 1.359 1.217 1.077 1.438 1.337 1.214 1.072 0.932 0.783 1.342 1.169 0.997 0.877 0.766 1.105 0.963 0.843 0.744 0.576 0.554 0.385 0.194
152.1534 1.619 1.669 1.594 1.401 1.259 1.119 1.48 1.379 1.256 1.114 0.974 0.825 1.384 1.211 1.039 0.919 0.808 1.147 1.005 0.885 0.786 0.618 0.596 0.427 0.236
155.8238 1.661 1.711 1.636 1.443 1.301 1.161 1.522 1.421 1.298 1.156 1.016 0.867 1.426 1.253 1.081 0.96 0.85 1.189 1.047 0.927 0.828 0.66 0.638 0.469 0.278
159.5828 1.703 1.753 1.678 1.485 1.343 1.203 1.564 1.463 1.34 1.198 1.058 0.909 1.468 1.295 1.123 1.002 0.892 1.231 1.089 0.969 0.87 0.702 0.68 0.511 0.32
163.4324 1.741 1.79 1.716 1.523 1.38 1.241 1.602 1.5 1.378 1.236 1.095 0.947 1.505 1.333 1.161 1.04 0.93 1.269 1.126 1.007 0.908 0.739 0.718 0.548 0.358
167.375 1.778 1.828 1.753 1.56 1.417 1.278 1.639 1.537 1.415 1.273 1.133 0.984 1.542 1.37 1.198 1.077 0.967 1.306 1.163 1.044 0.945 0.776 0.755 0.585 0.395
171.4126 1.815 1.865 1.79 1.597 1.454 1.315 1.676 1.574 1.452 1.31 1.17 1.021 1.579 1.407 1.235 1.114 1.004 1.343 1.201 1.081 0.982 0.813 0.792 0.622 0.432
175.5476 1.852 1.902 1.827 1.634 1.491 1.352 1.713 1.612 1.489 1.347 1.207 1.058 1.617 1.444 1.272 1.151 1.041 1.38 1.238 1.118 1.019 0.851 0.829 0.659 0.469
179.7823 1.889 1.939 1.864 1.671 1.529 1.389 1.75 1.649 1.526 1.384 1.244 1.095 1.654 1.481 1.309 1.189 1.078 1.417 1.275 1.155 1.056 0.888 0.866 0.697 0.506
184.1193 1.926 1.976 1.901 1.708 1.566 1.427 1.787 1.686 1.563 1.421 1.281 1.132 1.691 1.518 1.346 1.226 1.115 1.454 1.312 1.192 1.093 0.925 0.903 0.734 0.543
188.5608 1.964 2.013 1.938 1.745 1.603 1.464 1.824 1.723 1.6 1.458 1.318 1.169 1.728 1.555 1.383 1.263 1.152 1.491 1.349 1.229 1.13 0.962 0.94 0.771 0.58
193.1095 2.001 2.05 1.975 1.782 1.64 1.501 1.862 1.76 1.637 1.496 1.355 1.207 1.765 1.592 1.42 1.3 1.189 1.529 1.386 1.266 1.167 0.999 0.977 0.808 0.617
197.7679 2.038 2.087 2.012 1.819 1.677 1.538 1.899 1.797 1.675 1.533 1.392 1.244 1.802 1.629 1.458 1.337 1.226 1.566 1.423 1.303 1.204 1.036 1.014 0.845 0.655
202.5387 2.075 2.124 2.049 1.856 1.714 1.575 1.936 1.834 1.712 1.57 1.429 1.281 1.839 1.666 1.495 1.374 1.263 1.603 1.46 1.34 1.241 1.073 1.051 0.882 0.692
207.4245 2.111 2.16 2.085 1.892 1.75 1.611 1.972 1.87 1.748 1.606 1.465 1.317 1.875 1.702 1.531 1.41 1.299 1.639 1.496 1.376 1.277 1.109 1.087 0.918 0.728
212.4283 2.147 2.196 2.121 1.928 1.786 1.647 2.008 1.906 1.783 1.642 1.501 1.352 1.911 1.738 1.566 1.446 1.335 1.675 1.532 1.412 1.313 1.145 1.123 0.954 0.763
217.5527 2.183 2.232 2.157 1.964 1.822 1.683 2.043 1.942 1.819 1.677 1.537 1.388 1.947 1.774 1.602 1.482 1.371 1.71 1.568 1.448 1.349 1.181 1.159 0.99 0.799
222.8008 2.218 2.268 2.193 2.0 1.858 1.719 2.079 1.978 1.855 1.713 1.573 1.424 1.983 1.81 1.638 1.518 1.407 1.746 1.604 1.484 1.385 1.217 1.195 1.026 0.835
228.1754 2.254 2.304 2.229 2.036 1.894 1.754 2.115 2.014 1.891 1.749 1.609 1.46 2.019 1.846 1.674 1.554 1.443 1.782 1.64 1.52 1.421 1.253 1.231 1.062 0.871
233.6797 2.29 2.34 2.265 2.072 1.93 1.79 2.151 2.05 1.927 1.785 1.645 1.496 2.055 1.882 1.71 1.589 1.479 1.818 1.676 1.556 1.457 1.289 1.267 1.098 0.907
239.3168 2.326 2.376 2.301 2.108 1.965 1.826 2.187 2.085 1.963 1.821 1.681 1.532 2.09 1.918 1.746 1.625 1.515 1.854 1.712 1.592 1.493 1.324 1.303 1.133 0.943
245.0899 2.362 2.412 2.337 2.144 2.001 1.862 2.223 2.121 1.999 1.857 1.717 1.568 2.126 1.954 1.782 1.661 1.551 1.89 1.748 1.628 1.529 1.36 1.339 1.169 0.979
251.0022 2.398 2.448 2.373 2.18 2.037 1.898 2.259 2.157 2.035 1.893 1.753 1.604 2.162 1.99 1.818 1.697 1.587 1.926 1.783 1.664 1.565 1.396 1.375 1.205 1.015
257.0572 2.434 2.484 2.409 2.216 2.073 1.934 2.295 2.193 2.071 1.929 1.789 1.64 2.198 2.026 1.854 1.733 1.623 1.962 1.819 1.7 1.601 1.432 1.411 1.241 1.051
263.2582 2.471 2.52 2.445 2.252 2.11 1.971 2.332 2.23 2.107 1.966 1.825 1.677 2.235 2.062 1.891 1.77 1.659 1.999 1.856 1.736 1.637 1.469 1.447 1.278 1.088
269.6088 2.507 2.557 2.482 2.289 2.146 2.007 2.368 2.267 2.144 2.002 1.862 1.713 2.272 2.099 1.927 1.806 1.696 2.035 1.893 1.773 1.674 1.506 1.484 1.314 1.124
276.1126 2.544 2.593 2.518 2.325 2.183 2.044 2.405 2.303 2.181 2.039 1.898 1.75 2.308 2.136 1.964 1.843 1.732 2.072 1.929 1.809 1.71 1.542 1.52 1.351 1.161
282.7734 2.58 2.63 2.555 2.362 2.22 2.081 2.441 2.34 2.217 2.075 1.935 1.786 2.345 2.172 2.0 1.88 1.769 2.108 1.966 1.846 1.747 1.579 1.557 1.388 1.197
289.5947 2.617 2.666 2.592 2.399 2.256 2.117 2.478 2.376 2.254 2.112 1.971 1.823 2.381 2.209 2.037 1.916 1.806 2.145 2.002 1.883 1.784 1.615 1.594 1.424 1.234
296.5807 2.654 2.703 2.628 2.435 2.293 2.154 2.514 2.413 2.29 2.149 2.008 1.859 2.418 2.245 2.073 1.953 1.842 2.182 2.039 1.919 1.82 1.652 1.63 1.461 1.27
303.7351 2.69 2.74 2.665 2.472 2.329 2.19 2.551 2.449 2.327 2.185 2.045 1.896 2.454 2.282 2.11 1.989 1.879 2.218 2.076 1.956 1.857 1.688 1.667 1.497 1.307
