web/models/grb/onaxis/20/grb_0.0000_719.6857_0.1000000.dat
# %ECSV 1.0
# ---
# datatype:
# - {name: time, datatype: float64}
# - {name: swift_uvot_uvw2, datatype: float64}
# - {name: swift_uvot_uvm2, datatype: float64}
# - {name: swift_uvot_uvw1, datatype: float64}
# - {name: swift_uvot_U, datatype: float64}
# - {name: swift_uvot_B, datatype: float64}
# - {name: swift_uvot_V, datatype: float64}
# - {name: swift_uvot_W, datatype: float64}
# - {name: johnson_U, datatype: float64}
# - {name: johnson_B, datatype: float64}
# - {name: johnson_V, datatype: float64}
# - {name: johnson_R, datatype: float64}
# - {name: johnson_I, datatype: float64}
# - {name: sdss_u, datatype: float64}
# - {name: sdss_g, datatype: float64}
# - {name: sdss_r, datatype: float64}
# - {name: sdss_i, datatype: float64}
# - {name: sdss_z, datatype: float64}
# - {name: PS1_g, datatype: float64}
# - {name: PS1_r, datatype: float64}
# - {name: PS1_i, datatype: float64}
# - {name: PS1_z, datatype: float64}
# - {name: PS1_Y, datatype: float64}
# - {name: PS1_w, datatype: float64}
# - {name: ATLAS_c, datatype: float64}
# - {name: ATLAS_o, datatype: float64}
# - {name: ukirt_J, datatype: float64}
# - {name: ukirt_H, datatype: float64}
# - {name: ukirt_K, datatype: float64}
# - {name: Clear, datatype: float64}
# meta: !!omap
# - comment: [E = 0.31231838447717747, Eta0 = 8.02, GammaB = 12.0, dL = 0.012188, epsb = 6.760829753919819e-06, epse = 0.1, n = 0.1, p
#       = 2.15, theta_obs = 0.0, xiN = 1.0, z = 0.0, type = grb, E_kiso = 719.6856730011514]
# schema: astropy-2.0
time swift_uvot_uvw2 swift_uvot_uvm2 swift_uvot_uvw1 swift_uvot_U swift_uvot_B swift_uvot_V swift_uvot_W johnson_U johnson_B johnson_V johnson_R johnson_I sdss_u sdss_g sdss_r sdss_i sdss_z PS1_g PS1_r PS1_i PS1_z PS1_Y PS1_w ATLAS_c ATLAS_o ukirt_J ukirt_H ukirt_K Clear
[from data line 429]
276.1126 -1.055 -1.006 -1.081 -1.274 -1.416 -1.555 -1.194 -1.296 -1.418 -1.56 -1.701 -1.849 -1.291 -1.463 -1.635 -1.756 -1.867 -1.527 -1.67 -1.79 -1.889 -2.057 -1.633 -1.538 -1.691 -2.079 -2.248 -2.438 -1.723
282.7734 -1.021 -0.972 -1.047 -1.24 -1.382 -1.521 -1.16 -1.262 -1.385 -1.526 -1.667 -1.815 -1.257 -1.43 -1.602 -1.722 -1.833 -1.493 -1.636 -1.756 -1.855 -2.023 -1.599 -1.504 -1.657 -2.045 -2.214 -2.405 -1.69
289.5947 -0.99 -0.941 -1.016 -1.209 -1.351 -1.49 -1.13 -1.231 -1.354 -1.496 -1.636 -1.785 -1.226 -1.399 -1.571 -1.691 -1.802 -1.463 -1.605 -1.725 -1.824 -1.992 -1.568 -1.473 -1.626 -2.014 -2.183 -2.374 -1.659
296.5807 -0.96 -0.91 -0.985 -1.178 -1.32 -1.459 -1.099 -1.2 -1.323 -1.465 -1.605 -1.754 -1.195 -1.368 -1.54 -1.66 -1.771 -1.432 -1.574 -1.694 -1.793 -1.961 -1.537 -1.442 -1.595 -1.983 -2.152 -2.343 -1.628
303.7351 -0.929 -0.879 -0.954 -1.147 -1.289 -1.429 -1.068 -1.169 -1.292 -1.434 -1.574 -1.723 -1.164 -1.337 -1.509 -1.63 -1.74 -1.401 -1.543 -1.663 -1.762 -1.93 -1.507 -1.411 -1.564 -1.952 -2.121 -2.312 -1.597
311.0622 -0.898 -0.848 -0.923 -1.116 -1.259 -1.398 -1.037 -1.138 -1.261 -1.403 -1.543 -1.692 -1.133 -1.306 -1.478 -1.599 -1.709 -1.37 -1.512 -1.632 -1.731 -1.899 -1.476 -1.38 -1.533 -1.921 -2.091 -2.281 -1.566
318.566 -0.867 -0.817 -0.892 -1.085 -1.228 -1.367 -1.006 -1.108 -1.23 -1.372 -1.512 -1.661 -1.103 -1.275 -1.447 -1.568 -1.678 -1.339 -1.481 -1.601 -1.7 -1.869 -1.445 -1.35 -1.502 -1.89 -2.06 -2.25 -1.535
326.2508 -0.836 -0.786 -0.861 -1.054 -1.197 -1.336 -0.975 -1.077 -1.199 -1.341 -1.481 -1.63 -1.072 -1.244 -1.416 -1.537 -1.647 -1.308 -1.451 -1.57 -1.669 -1.838 -1.414 -1.319 -1.471 -1.859 -2.029 -2.219 -1.504
334.121 -0.805 -0.756 -0.83 -1.023 -1.166 -1.305 -0.944 -1.046 -1.168 -1.31 -1.451 -1.599 -1.041 -1.213 -1.385 -1.506 -1.616 -1.277 -1.42 -1.539 -1.638 -1.807 -1.383 -1.288 -1.44 -1.828 -1.998 -2.188 -1.473
342.181 -0.774 -0.725 -0.799 -0.992 -1.135 -1.274 -0.913 -1.015 -1.137 -1.279 -1.42 -1.568 -1.01 -1.182 -1.354 -1.475 -1.586 -1.246 -1.389 -1.509 -1.608 -1.776 -1.352 -1.257 -1.41 -1.798 -1.967 -2.157 -1.442
350.4355 -0.743 -0.694 -0.769 -0.962 -1.104 -1.243 -0.882 -0.984 -1.106 -1.248 -1.389 -1.537 -0.979 -1.151 -1.323 -1.444 -1.555 -1.215 -1.358 -1.478 -1.577 -1.745 -1.321 -1.226 -1.379 -1.767 -1.936 -2.126 -1.411
358.8891 -0.712 -0.663 -0.738 -0.931 -1.073 -1.212 -0.851 -0.953 -1.075 -1.217 -1.358 -1.506 -0.948 -1.121 -1.292 -1.413 -1.524 -1.184 -1.327 -1.447 -1.546 -1.714 -1.29 -1.195 -1.348 -1.736 -1.905 -2.095 -1.38
367.5467 -0.681 -0.632 -0.707 -0.899 -1.042 -1.181 -0.82 -0.922 -1.044 -1.186 -1.327 -1.475 -0.917 -1.089 -1.261 -1.382 -1.493 -1.153 -1.296 -1.416 -1.515 -1.683 -1.259 -1.164 -1.317 -1.705 -1.874 -2.064 -1.349
376.4131 -0.65 -0.601 -0.675 -0.868 -1.011 -1.15 -0.789 -0.891 -1.013 -1.155 -1.296 -1.444 -0.886 -1.058 -1.23 -1.351 -1.462 -1.122 -1.265 -1.384 -1.484 -1.652 -1.228 -1.133 -1.286 -1.673 -1.843 -2.033 -1.318
385.4933 -0.619 -0.57 -0.644 -0.837 -0.98 -1.119 -0.758 -0.86 -0.982 -1.124 -1.264 -1.413 -0.855 -1.027 -1.199 -1.32 -1.43 -1.091 -1.234 -1.353 -1.452 -1.621 -1.197 -1.102 -1.254 -1.642 -1.812 -2.002 -1.287
394.7926 -0.588 -0.538 -0.613 -0.806 -0.949 -1.088 -0.727 -0.829 -0.951 -1.093 -1.233 -1.382 -0.824 -0.996 -1.168 -1.289 -1.399 -1.06 -1.202 -1.322 -1.421 -1.59 -1.166 -1.071 -1.223 -1.611 -1.781 -1.971 -1.256
404.3163 -0.557 -0.507 -0.582 -0.775 -0.918 -1.057 -0.696 -0.798 -0.92 -1.062 -1.202 -1.351 -0.792 -0.965 -1.137 -1.258 -1.368 -1.029 -1.171 -1.291 -1.39 -1.559 -1.135 -1.039 -1.192 -1.58 -1.75 -1.94 -1.225
414.0697 -0.526 -0.476 -0.551 -0.744 -0.886 -1.026 -0.665 -0.766 -0.889 -1.031 -1.171 -1.32 -0.761 -0.934 -1.106 -1.227 -1.337 -0.998 -1.14 -1.26 -1.359 -1.527 -1.104 -1.008 -1.161 -1.549 -1.718 -1.909 -1.194
424.0583 -0.495 -0.445 -0.52 -0.713 -0.855 -0.994 -0.634 -0.735 -0.858 -1.0 -1.14 -1.289 -0.73 -0.903 -1.075 -1.195 -1.306 -0.967 -1.109 -1.229 -1.328 -1.496 -1.072 -0.977 -1.13 -1.518 -1.687 -1.878 -1.163
434.2879 -0.464 -0.414 -0.489 -0.682 -0.824 -0.963 -0.603 -0.704 -0.827 -0.969 -1.109 -1.258 -0.699 -0.872 -1.044 -1.164 -1.275 -0.936 -1.078 -1.198 -1.297 -1.465 -1.041 -0.946 -1.099 -1.487 -1.656 -1.847 -1.132
444.7643 -0.432 -0.383 -0.458 -0.651 -0.793 -0.932 -0.572 -0.673 -0.796 -0.937 -1.078 -1.227 -0.668 -0.841 -1.013 -1.133 -1.244 -0.904 -1.047 -1.167 -1.266 -1.434 -1.01 -0.915 -1.068 -1.456 -1.625 -1.816 -1.101
455.4934 -0.396 -0.347 -0.422 -0.615 -0.757 -0.896 -0.535 -0.637 -0.759 -0.901 -1.042 -1.19 -0.632 -0.804 -0.976 -1.097 -1.208 -0.868 -1.011 -1.131 -1.23 -1.398 -0.974 -0.879 -1.032 -1.42 -1.589 -1.779 -1.064
466.4814 -0.351 -0.302 -0.376 -0.569 -0.712 -0.851 -0.49 -0.592 -0.714 -0.856 -0.997 -1.145 -0.587 -0.759 -0.931 -1.052 -1.162 -0.823 -0.966 -1.085 -1.184 -1.353 -0.929 -0.834 -0.986 -1.374 -1.544 -1.734 -1.019
477.7344 -0.306 -0.256 -0.331 -0.524 -0.667 -0.806 -0.445 -0.547 -0.669 -0.811 -0.951 -1.1 -0.542 -0.714 -0.886 -1.007 -1.117 -0.778 -0.92 -1.04 -1.139 -1.308 -0.884 -0.789 -0.941 -1.329 -1.499 -1.689 -0.974
489.2588 -0.261 -0.211 -0.286 -0.479 -0.621 -0.761 -0.4 -0.501 -0.624 -0.766 -0.906 -1.055 -0.496 -0.669 -0.841 -0.962 -1.072 -0.733 -0.875 -0.995 -1.094 -1.262 -0.839 -0.743 -0.896 -1.284 -1.453 -1.644 -0.929
501.0613 -0.216 -0.166 -0.241 -0.434 -0.576 -0.715 -0.355 -0.456 -0.579 -0.721 -0.861 -1.01 -0.451 -0.624 -0.796 -0.916 -1.027 -0.688 -0.83 -0.95 -1.049 -1.217 -0.793 -0.698 -0.851 -1.239 -1.408 -1.599 -0.884
513.1485 -0.17 -0.121 -0.196 -0.389 -0.531 -0.67 -0.31 -0.411 -0.534 -0.675 -0.816 -0.965 -0.406 -0.579 -0.751 -0.871 -0.982 -0.642 -0.785 -0.905 -1.004 -1.172 -0.748 -0.653 -0.806 -1.194 -1.363 -1.554 -0.839
525.5272 -0.125 -0.076 -0.151 -0.344 -0.486 -0.625 -0.264 -0.366 -0.488 -0.63 -0.771 -0.919 -0.361 -0.534 -0.705 -0.826 -0.937 -0.597 -0.74 -0.86 -0.959 -1.127 -0.703 -0.608 -0.761 -1.149 -1.318 -1.508 -0.793
538.2046 -0.08 -0.031 -0.106 -0.298 -0.441 -0.58 -0.219 -0.321 -0.443 -0.585 -0.726 -0.874 -0.316 -0.488 -0.66 -0.781 -0.892 -0.552 -0.695 -0.815 -0.914 -1.082 -0.658 -0.563 -0.716 -1.104 -1.273 -1.463 -0.748
551.1878 -0.035 0.014 -0.06 -0.253 -0.396 -0.535 -0.174 -0.276 -0.398 -0.54 -0.681 -0.829 -0.271 -0.443 -0.615 -0.736 -0.846 -0.507 -0.65 -0.769 -0.868 -1.037 -0.613 -0.518 -0.67 -1.058 -1.228 -1.418 -0.703
564.4842 0.01 0.06 -0.015 -0.208 -0.351 -0.49 -0.129 -0.231 -0.353 -0.495 -0.635 -0.784 -0.226 -0.398 -0.57 -0.691 -0.801 -0.462 -0.604 -0.724 -0.823 -0.992 -0.568 -0.473 -0.625 -1.013 -1.183 -1.373 -0.658
578.1013 0.069 0.118 0.043 -0.15 -0.292 -0.431 -0.07 -0.172 -0.294 -0.436 -0.577 -0.725 -0.167 -0.34 -0.511 -0.632 -0.743 -0.403 -0.546 -0.666 -0.765 -0.933 -0.509 -0.414 -0.567 -0.955 -1.124 -1.314 -0.599
592.0469 0.14 0.19 0.115 -0.078 -0.221 -0.36 0.001 -0.101 -0.223 -0.365 -0.505 -0.654 -0.096 -0.268 -0.44 -0.561 -0.671 -0.332 -0.474 -0.594 -0.693 -0.862 -0.438 -0.343 -0.495 -0.883 -1.053 -1.243 -0.528
606.329 0.212 0.261 0.186 -0.007 -0.149 -0.288 0.072 -0.029 -0.152 -0.294 -0.434 -0.583 -0.024 -0.197 -0.369 -0.489 -0.6 -0.261 -0.403 -0.523 -0.622 -0.79 -0.366 -0.271 -0.424 -0.812 -0.981 -1.172 -0.457
620.9555 0.283 0.332 0.258 0.065 -0.078 -0.217 0.144 0.042 -0.08 -0.222 -0.363 -0.511 0.047 -0.125 -0.297 -0.418 -0.529 -0.189 -0.332 -0.452 -0.551 -0.719 -0.295 -0.2 -0.353 -0.741 -0.91 -1.1 -0.385
635.9349 0.354 0.404 0.329 0.136 -0.006 -0.146 0.215 0.114 -0.009 -0.151 -0.291 -0.44 0.119 -0.054 -0.226 -0.347 -0.457 -0.118 -0.26 -0.38 -0.479 -0.647 -0.224 -0.128 -0.281 -0.669 -0.838 -1.029 -0.314
651.2757 0.426 0.475 0.4 0.207 0.065 -0.074 0.287 0.185 0.063 -0.079 -0.22 -0.368 0.19 0.017 -0.154 -0.275 -0.386 -0.046 -0.189 -0.309 -0.408 -0.576 -0.152 -0.057 -0.21 -0.598 -0.767 -0.957 -0.242
666.9865 0.497 0.547 0.472 0.279 0.136 -0.003 0.358 0.256 0.134 -0.008 -0.148 -0.297 0.261 0.089 -0.083 -0.204 -0.314 0.025 -0.118 -0.237 -0.336 -0.505 -0.081 0.014 -0.138 -0.526 -0.696 -0.886 -0.171
683.0763 0.568 0.618 0.543 0.35 0.208 0.069 0.429 0.328 0.205 0.063 -0.077 -0.226 0.333 0.16 -0.012 -0.132 -0.243 0.096 -0.046 -0.166 -0.265 -0.433 -0.009 0.086 -0.067 -0.455 -0.624 -0.815 -0.1
699.5543 0.64 0.689 0.614 0.422 0.279 0.14 0.501 0.399 0.277 0.135 -0.006 -0.154 0.404 0.232 0.06 -0.061 -0.172 0.168 0.025 -0.095 -0.194 -0.362 0.062 0.157 0.004 -0.384 -0.553 -0.743 -0.028
716.4297 0.711 0.761 0.686 0.493 0.35 0.211 0.572 0.471 0.348 0.206 0.066 -0.083 0.476 0.303 0.131 0.01 -0.1 0.239 0.097 -0.023 -0.122 -0.29 0.133 0.229 0.076 -0.312 -0.482 -0.672 0.043
733.7123 0.805 0.854 0.78 0.587 0.444 0.305 0.666 0.564 0.442 0.3 0.16 0.011 0.569 0.397 0.225 0.104 -0.006 0.333 0.19 0.071 -0.028 -0.197 0.227 0.322 0.17 -0.218 -0.388 -0.578 0.137
751.4117 0.911 0.96 0.885 0.692 0.55 0.411 0.772 0.67 0.547 0.406 0.265 0.117 0.675 0.502 0.33 0.21 0.099 0.439 0.296 0.176 0.077 -0.091 0.333 0.428 0.275 -0.113 -0.282 -0.472 0.243
769.5381 1.016 1.066 0.991 0.798 0.655 0.516 0.877 0.775 0.653 0.511 0.371 0.222 0.781 0.608 0.436 0.315 0.205 0.544 0.402 0.282 0.183 0.014 0.438 0.534 0.381 -0.007 -0.177 -0.367 0.348
788.1018 1.122 1.171 1.096 0.903 0.761 0.622 0.983 0.881 0.759 0.617 0.476 0.328 0.886 0.714 0.542 0.421 0.31 0.65 0.507 0.387 0.288 0.12 0.544 0.639 0.486 0.098 -0.071 -0.261 0.454
807.1133 1.227 1.277 1.202 1.009 0.867 0.728 1.088 0.987 0.864 0.722 0.582 0.433 0.992 0.819 0.647 0.527 0.416 0.755 0.613 0.493 0.394 0.226 0.65 0.745 0.592 0.204 0.035 -0.156 0.559
826.5834 1.333 1.382 1.308 1.115 0.972 0.833 1.194 1.092 0.97 0.828 0.687 0.539 1.097 0.925 0.753 0.632 0.522 0.861 0.718 0.599 0.5 0.331 0.755 0.85 0.698 0.31 0.14 -0.05 0.665
846.5232 1.439 1.488 1.413 1.22 1.078 0.939 1.299 1.198 1.075 0.934 0.793 0.644 1.203 1.03 0.858 0.738 0.627 0.967 0.824 0.704 0.605 0.437 0.861 0.956 0.803 0.415 0.246 0.055 0.77
866.944 1.544 1.594 1.519 1.326 1.183 1.044 1.405 1.303 1.181 1.039 0.899 0.75 1.308 1.136 0.964 0.843 0.733 1.072 0.93 0.81 0.711 0.542 0.966 1.061 0.909 0.521 0.351 0.161 0.876
887.8575 1.65 1.699 1.624 1.431 1.289 1.15 1.511 1.409 1.287 1.145 1.004 0.856 1.414 1.241 1.07 0.949 0.838 1.178 1.035 0.915 0.816 0.648 1.072 1.167 1.014 0.626 0.457 0.267 0.982
909.2754 1.755 1.805 1.73 1.537 1.395 1.255 1.616 1.515 1.392 1.25 1.11 0.961 1.52 1.347 1.175 1.054 0.944 1.283 1.141 1.021 0.922 0.754 1.177 1.273 1.12 0.732 0.563 0.372 1.087
931.21 1.914 1.963 1.888 1.695 1.553 1.414 1.775 1.673 1.55 1.409 1.268 1.12 1.678 1.505 1.334 1.213 1.102 1.442 1.299 1.179 1.08 0.912 1.336 1.431 1.278 0.89 0.721 0.531 1.246
953.6737 2.085 2.135 2.06 1.867 1.725 1.585 1.946 1.845 1.722 1.58 1.44 1.291 1.85 1.677 1.505 1.384 1.274 1.613 1.471 1.351 1.252 1.084 1.507 1.603 1.45 1.062 0.893 0.702 1.417
976.6793 2.257 2.306 2.232 2.039 1.896 1.757 2.118 2.016 1.894 1.752 1.611 1.463 2.021 1.849 1.677 1.556 1.446 1.785 1.642 1.523 1.424 1.255 1.679 1.774 1.622 1.234 1.064 0.874 1.589
1000.2399 2.429 2.478 2.403 2.21 2.068 1.929 2.29 2.188 2.065 1.924 1.783 1.635 2.193 2.02 1.849 1.728 1.617 1.957 1.814 1.694 1.595 1.427 1.851 1.946 1.793 1.405 1.236 1.046 1.761
1024.3688 2.6 2.65 2.575 2.382 2.24 2.1 2.461 2.36 2.237 2.095 1.955 1.806 2.365 2.192 2.02 1.899 1.789 2.128 1.986 1.866 1.767 1.599 2.022 2.118 1.965 1.577 1.408 1.217 1.932
1049.0798 2.772 2.821 2.747 2.554 2.411 2.272 2.633 2.531 2.409 2.267 2.126 1.978 2.536 2.364 2.192 2.071 1.96 2.3 2.157 2.038 1.939 1.77 2.194 2.289 2.136 1.749 1.579 1.389 2.104
1074.3869 2.944 2.993 2.918 2.725 2.583 2.444 2.805 2.703 2.58 2.439 2.298 2.15 2.708 2.535 2.363 2.243 2.132 2.472 2.329 2.209 2.11 1.942 2.366 2.461 2.308 1.92 1.751 1.561 2.276
1100.3045 3.115 3.165 3.09 2.897 2.755 2.615 2.976 2.875 2.752 2.61 2.47 2.321 2.88 2.707 2.535 2.414 2.304 2.643 2.501 2.381 2.282 2.114 2.537 2.633 2.48 2.092 1.923 1.732 2.447
1126.8473 3.287 3.336 3.262 3.069 2.926 2.787 3.148 3.046 2.924 2.782 2.641 2.493 3.051 2.879 2.707 2.586 2.475 2.815 2.672 2.553 2.453 2.285 2.709 2.804 2.651 2.264 2.094 1.904 2.619
1154.0304 3.459 3.508 3.433 3.24 3.098 2.959 3.32 3.218 3.095 2.954 2.813 2.665 3.223 3.05 2.878 2.758 2.647 2.987 2.844 2.724 2.625 2.457 2.881 2.976 2.823 2.435 2.266 2.076 2.791
1181.8693 3.784 3.833 3.758 3.566 3.423 3.284 3.645 3.543 3.421 3.279 3.138 2.99 3.548 3.376 3.204 3.083 2.972 3.312 3.169 3.049 2.95 2.782 3.206 3.301 3.148 2.76 2.591 2.401 3.116
1210.3797 4.119 4.168 4.093 3.9 3.758 3.619 3.98 3.878 3.756 3.614 3.473 3.325 3.883 3.71 3.539 3.418 3.307 3.647 3.504 3.384 3.285 3.117 3.541 3.636 3.483 3.095 2.926 2.736 3.451
1239.5778 4.454 4.503 4.428 4.235 4.093 3.954 4.314 4.213 4.09 3.948 3.808 3.659 4.218 4.045 3.873 3.753 3.642 3.981 3.839 3.719 3.62 3.452 3.876 3.971 3.818 3.43 3.261 3.07 3.785
1269.4803 4.788 4.838 4.763 4.57 4.428 4.288 4.649 4.548 4.425 4.283 4.143 3.994 4.553 4.38 4.208 4.088 3.977 4.316 4.174 4.054 3.955 3.787 4.21 4.306 4.153 3.765 3.596 3.405 4.12
1300.1042 5.123 5.173 5.098 4.905 4.762 4.623 4.984 4.882 4.76 4.618 4.478 4.329 4.887 4.715 4.543 4.422 4.312 4.651 4.509 4.389 4.29 4.121 4.545 4.64 4.488 4.1 3.93 3.74 4.455
1331.4668 5.458 5.507 5.433 5.24 5.097 4.958 5.319 5.217 5.095 4.953 4.812 4.664 5.222 5.05 4.878 4.757 4.647 4.986 4.843 4.724 4.625 4.456 4.88 4.975 4.823 4.435 4.265 4.075 4.79
1363.586 5.793 5.842 5.767 5.574 5.432 5.293 5.654 5.552 5.43 5.288 5.147 4.999 5.557 5.385 5.213 5.092 4.981 5.321 5.178 5.058 4.959 4.791 5.215 5.31 5.157 4.769 4.6 4.41 5.125
1396.48 6.128 6.177 6.102 5.909 5.767 5.628 5.989 5.887 5.764 5.623 5.482 5.334 5.892 5.719 5.548 5.427 5.316 5.656 5.513 5.393 5.294 5.126 5.55 5.645 5.492 5.104 4.935 4.745 5.46
1430.1675 6.462 6.512 6.437 6.244 6.102 5.963 6.323 6.222 6.099 5.957 5.817 5.668 6.227 6.054 5.882 5.762 5.651 5.99 5.848 5.728 5.629 5.461 5.885 5.98 5.827 5.439 5.27 5.079 5.794
1464.6676 6.797 6.847 6.772 6.579 6.437 6.297 6.658 6.557 6.434 6.292 6.152 6.003 6.562 6.389 6.217 6.096 5.986 6.325 6.183 6.063 5.964 5.796 6.219 6.315 6.162 5.774 5.605 5.414 6.129
1500.0 7.132 7.182 7.107 6.914 6.771 6.632 6.993 6.891 6.769 6.627 6.487 6.338 6.896 6.724 6.552 6.431 6.321 6.66 6.518 6.398 6.299 6.13 6.554 6.649 6.497 6.109 5.939 5.749 6.464
