web/models/grb/onaxis/20/grb_0.0000_2.6827_0.0000398.dat
# %ECSV 1.0
# ---
# datatype:
# - {name: time, datatype: float64}
# - {name: swift_uvot_uvw2, datatype: float64}
# - {name: swift_uvot_uvm2, datatype: float64}
# - {name: swift_uvot_uvw1, datatype: float64}
# - {name: swift_uvot_U, datatype: float64}
# - {name: swift_uvot_B, datatype: float64}
# - {name: swift_uvot_V, datatype: float64}
# - {name: swift_uvot_W, datatype: float64}
# - {name: johnson_U, datatype: float64}
# - {name: johnson_B, datatype: float64}
# - {name: johnson_V, datatype: float64}
# - {name: johnson_R, datatype: float64}
# - {name: johnson_I, datatype: float64}
# - {name: sdss_u, datatype: float64}
# - {name: sdss_g, datatype: float64}
# - {name: sdss_r, datatype: float64}
# - {name: sdss_i, datatype: float64}
# - {name: sdss_z, datatype: float64}
# - {name: PS1_g, datatype: float64}
# - {name: PS1_r, datatype: float64}
# - {name: PS1_i, datatype: float64}
# - {name: PS1_z, datatype: float64}
# - {name: PS1_Y, datatype: float64}
# - {name: ukirt_J, datatype: float64}
# - {name: ukirt_H, datatype: float64}
# - {name: ukirt_K, datatype: float64}
# meta: !!omap
# - comment: [E = 0.0011641960487160344, Eta0 = 8.02, GammaB = 12.0, dL = 0.012188, epsb = 6.760829753919819e-06, epse = 0.1, n = 3.9810717055349695e-05,
#     p = 2.15, theta_obs = 0.0, xiN = 1.0, z = 0.0, type = grb, E_kiso = 2.6826957952797246]
# schema: astropy-2.0
time swift_uvot_uvw2 swift_uvot_uvm2 swift_uvot_uvw1 swift_uvot_U swift_uvot_B swift_uvot_V swift_uvot_W johnson_U johnson_B johnson_V johnson_R johnson_I sdss_u sdss_g sdss_r sdss_i sdss_z PS1_g PS1_r PS1_i PS1_z PS1_Y ukirt_J ukirt_H ukirt_K
[from data line 473]
788.1018 12.106 12.156 12.081 11.888 11.746 11.607 11.967 11.866 11.743 11.601 11.461 11.312 11.871 11.698 11.526 11.406 11.295 11.634 11.492 11.372 11.273 11.105 11.083 10.914 10.723
807.1133 12.138 12.187 12.112 11.919 11.777 11.638 11.998 11.897 11.774 11.632 11.492 11.343 11.902 11.729 11.557 11.437 11.326 11.665 11.523 11.403 11.304 11.136 11.114 10.945 10.754
826.5834 12.169 12.218 12.143 11.95 11.808 11.669 12.03 11.928 11.805 11.664 11.523 11.375 11.933 11.76 11.588 11.468 11.357 11.697 11.554 11.434 11.335 11.167 11.145 10.976 10.786
846.5232 12.2 12.249 12.174 11.981 11.839 11.7 12.061 11.959 11.837 11.695 11.554 11.406 11.964 11.791 11.62 11.499 11.388 11.728 11.585 11.465 11.366 11.198 11.176 11.007 10.817
866.944 12.231 12.28 12.205 12.012 11.87 11.731 12.092 11.99 11.868 11.726 11.585 11.437 11.995 11.823 11.651 11.53 11.419 11.759 11.616 11.496 11.397 11.229 11.207 11.038 10.848
887.8575 12.262 12.311 12.236 12.044 11.901 11.762 12.123 12.021 11.899 11.757 11.616 11.468 12.026 11.854 11.682 11.561 11.45 11.79 11.647 11.527 11.428 11.26 11.238 11.069 10.879
909.2754 12.293 12.342 12.268 12.075 11.932 11.793 12.154 12.052 11.93 11.788 11.647 11.499 12.057 11.885 11.713 11.592 11.481 11.821 11.678 11.559 11.46 11.291 11.27 11.1 10.91
931.21 12.324 12.374 12.299 12.106 11.963 11.824 12.185 12.083 11.961 11.819 11.679 11.53 12.088 11.916 11.744 11.623 11.513 11.852 11.709 11.59 11.491 11.322 11.301 11.131 10.941
953.6737 12.356 12.406 12.331 12.138 11.996 11.857 12.217 12.116 11.993 11.851 11.711 11.562 12.121 11.948 11.776 11.656 11.545 11.884 11.742 11.622 11.523 11.355 11.333 11.164 10.973
976.6793 12.402 12.451 12.376 12.183 12.041 11.902 12.262 12.161 12.038 11.897 11.756 11.607 12.166 11.993 11.821 11.701 11.59 11.93 11.787 11.667 11.568 11.4 11.378 11.209 11.018
1000.2399 12.447 12.496 12.421 12.228 12.086 11.947 12.308 12.206 12.084 11.942 11.801 11.653 12.211 12.038 11.867 11.746 11.635 11.975 11.832 11.712 11.613 11.445 11.423 11.254 11.064
1024.3688 12.492 12.541 12.466 12.274 12.131 11.992 12.353 12.251 12.129 11.987 11.846 11.698 12.256 12.084 11.912 11.791 11.68 12.02 11.877 11.757 11.658 11.49 11.468 11.299 11.109
1049.0798 12.537 12.586 12.512 12.319 12.176 12.037 12.398 12.296 12.174 12.032 11.891 11.743 12.301 12.129 11.957 11.836 11.726 12.065 11.922 11.803 11.704 11.535 11.514 11.344 11.154
1074.3869 12.582 12.632 12.557 12.364 12.221 12.082 12.443 12.341 12.219 12.077 11.937 11.788 12.346 12.174 12.002 11.881 11.771 12.11 11.968 11.848 11.749 11.58 11.559 11.389 11.199
1100.3045 12.627 12.677 12.602 12.409 12.267 12.127 12.488 12.387 12.264 12.122 11.982 11.833 12.392 12.219 12.047 11.926 11.816 12.155 12.013 11.893 11.794 11.626 11.604 11.435 11.244
1126.8473 12.672 12.722 12.647 12.454 12.312 12.173 12.533 12.432 12.309 12.167 12.027 11.878 12.437 12.264 12.092 11.972 11.861 12.2 12.058 11.938 11.839 11.671 11.649 11.48 11.289
1154.0304 12.718 12.767 12.692 12.499 12.357 12.218 12.579 12.477 12.354 12.213 12.072 11.923 12.482 12.309 12.137 12.017 11.906 12.246 12.103 11.983 11.884 11.716 11.694 11.525 11.334
1181.8693 12.763 12.812 12.737 12.544 12.402 12.263 12.624 12.522 12.4 12.258 12.117 11.969 12.527 12.354 12.183 12.062 11.951 12.291 12.148 12.028 11.929 11.761 11.739 11.57 11.38
1210.3797 12.814 12.863 12.789 12.596 12.453 12.314 12.675 12.573 12.451 12.309 12.168 12.02 12.578 12.406 12.234 12.113 12.003 12.342 12.199 12.08 11.981 11.812 11.791 11.621 11.431
1239.5778 12.885 12.935 12.86 12.667 12.525 12.385 12.746 12.645 12.522 12.38 12.24 12.091 12.65 12.477 12.305 12.185 12.074 12.413 12.271 12.151 12.052 11.884 11.862 11.693 11.502
1269.4803 12.957 13.006 12.931 12.738 12.596 12.457 12.818 12.716 12.594 12.452 12.311 12.163 12.721 12.548 12.377 12.256 12.145 12.485 12.342 12.222 12.123 11.955 11.933 11.764 11.574
1300.1042 13.028 13.078 13.003 12.81 12.667 12.528 12.889 12.787 12.665 12.523 12.383 12.234 12.792 12.62 12.448 12.327 12.217 12.556 12.414 12.294 12.195 12.026 12.005 11.835 11.645
1331.4668 13.1 13.149 13.074 12.881 12.739 12.6 12.96 12.859 12.736 12.595 12.454 12.305 12.864 12.691 12.519 12.399 12.288 12.627 12.485 12.365 12.266 12.098 12.076 11.907 11.716
1363.586 13.171 13.22 13.146 12.953 12.81 12.671 13.032 12.93 12.808 12.666 12.525 12.377 12.935 12.763 12.591 12.47 12.359 12.699 12.556 12.436 12.337 12.169 12.147 11.978 11.788
1396.48 13.242 13.292 13.217 13.024 12.882 12.742 13.103 13.002 12.879 12.737 12.597 12.448 13.007 12.834 12.662 12.541 12.431 12.77 12.628 12.508 12.409 12.241 12.219 12.05 11.859
1430.1675 13.314 13.363 13.288 13.095 12.953 12.814 13.175 13.073 12.951 12.809 12.668 12.52 13.078 12.905 12.734 12.613 12.502 12.842 12.699 12.579 12.48 12.312 12.29 12.121 11.931
1464.6676 13.385 13.435 13.36 13.167 13.024 12.885 13.246 13.144 13.022 12.88 12.74 12.591 13.149 12.977 12.805 12.684 12.574 12.913 12.77 12.651 12.552 12.383 12.362 12.192 12.002
1500.0 13.456 13.506 13.431 13.238 13.096 12.957 13.317 13.216 13.093 12.951 12.811 12.662 13.221 13.048 12.876 12.756 12.645 12.984 12.842 12.722 12.623 12.455 12.433 12.264 12.073
