web/models/kne.last_good/kappa_0.5_3.0.v1/35/villar_0.0065_0.2963_3.0000.dat
# %ECSV 1.0
# ---
# datatype:
# - {name: time, datatype: float64}
# - {name: swift_uvot_uvw2, datatype: float64}
# - {name: swift_uvot_uvm2, datatype: float64}
# - {name: swift_uvot_uvw1, datatype: float64}
# - {name: swift_uvot_U, datatype: float64}
# - {name: swift_uvot_B, datatype: float64}
# - {name: swift_uvot_V, datatype: float64}
# - {name: swift_uvot_W, datatype: float64}
# - {name: johnson_U, datatype: float64}
# - {name: johnson_B, datatype: float64}
# - {name: johnson_V, datatype: float64}
# - {name: johnson_R, datatype: float64}
# - {name: johnson_I, datatype: float64}
# - {name: sdss_u, datatype: float64}
# - {name: sdss_g, datatype: float64}
# - {name: sdss_r, datatype: float64}
# - {name: sdss_i, datatype: float64}
# - {name: sdss_z, datatype: float64}
# - {name: PS1_g, datatype: float64}
# - {name: PS1_r, datatype: float64}
# - {name: PS1_i, datatype: float64}
# - {name: PS1_z, datatype: float64}
# - {name: PS1_Y, datatype: float64}
# - {name: PS1_w, datatype: float64}
# - {name: ATLAS_c, datatype: float64}
# - {name: ATLAS_o, datatype: float64}
# - {name: ukirt_J, datatype: float64}
# - {name: ukirt_H, datatype: float64}
# - {name: ukirt_K, datatype: float64}
# - {name: Clear, datatype: float64}
# meta: !!omap
# - comment: [kappa = 3.0, type = villar, mass = 0.006451950121499907, velocity = 0.29633333333333334, theta_obs = 0.0]
# schema: astropy-2.0
time swift_uvot_uvw2 swift_uvot_uvm2 swift_uvot_uvw1 swift_uvot_U swift_uvot_B swift_uvot_V swift_uvot_W johnson_U johnson_B johnson_V johnson_R johnson_I sdss_u sdss_g sdss_r sdss_i sdss_z PS1_g PS1_r PS1_i PS1_z PS1_Y PS1_w ATLAS_c ATLAS_o ukirt_J ukirt_H ukirt_K Clear
[from data line 289]
5.491942 3.308 8.523 16.046 17.833 12.007 7.877 5.518 16.837 11.385 7.369 3.5 1.009 17.426 10.071 5.584 2.944 0.958 2.041 2.191 1.751 0.798 -0.556 4.05 7.078 3.749 -1.683 -3.057 -3.971 0.233
5.658042 4.003 9.219 16.741 18.529 12.703 8.573 6.214 17.533 12.081 8.065 4.195 1.705 18.122 10.767 6.279 3.64 1.654 2.737 2.886 2.446 1.494 0.14 4.746 7.774 4.445 -0.987 -2.361 -3.275 0.929
5.829166 4.742 9.958 17.48 19.267 13.441 9.311 6.953 18.271 12.819 8.803 4.934 2.443 18.861 11.505 7.018 4.378 2.392 3.475 3.625 3.185 2.232 0.878 5.485 8.512 5.183 -0.248 -1.622 -2.537 1.667
6.005465 5.526 10.741 18.264 20.051 14.225 10.095 7.736 19.055 13.603 9.587 5.718 3.227 19.645 12.289 7.802 5.162 3.176 4.259 4.409 3.969 3.016 1.662 6.269 9.296 5.967 0.535 -0.839 -1.753 2.451
6.187096 6.358 11.573 19.096 20.883 15.057 10.927 8.568 19.887 14.435 10.419 6.55 4.059 20.477 13.121 8.634 5.994 4.008 5.091 5.241 4.801 3.848 2.494 7.101 10.128 6.799 1.367 -0.007 -0.921 3.283
6.37422 7.241 12.457 19.979 21.766 15.94 11.81 9.451 20.77 15.318 11.302 7.433 4.942 21.36 14.004 9.517 6.877 4.891 5.974 6.124 5.684 4.731 3.377 7.984 11.011 7.682 2.251 0.876 -0.038 4.166
6.567004 8.178 13.394 20.916 22.703 16.877 12.748 10.389 21.707 16.255 12.239 8.37 5.88 22.297 14.941 10.454 7.815 5.828 6.911 7.061 6.621 5.668 4.314 8.921 11.949 8.619 3.188 1.814 0.899 5.103
6.765619 9.173 14.389 21.911 23.698 17.872 13.742 11.384 22.702 17.25 13.234 9.365 6.874 23.292 15.936 11.449 8.809 6.823 7.906 8.056 7.616 6.663 5.309 9.916 12.943 9.614 4.183 2.809 1.894 6.098
6.97024 10.229 15.445 22.967 24.754 18.928 14.798 12.439 23.758 18.306 14.29 10.421 7.93 24.348 16.992 12.505 9.865 7.879 8.962 9.112 8.672 7.719 6.365 10.972 13.999 10.67 5.239 3.865 2.95 7.154
7.181051 11.35 16.565 24.088 25.875 20.049 15.919 13.56 24.879 19.427 15.411 11.542 9.051 25.468 18.113 13.626 10.986 9.0 10.083 10.233 9.793 8.84 7.486 12.092 15.12 11.791 6.359 4.985 4.071 8.275
7.398237 12.539 17.755 25.277 27.064 21.238 17.109 14.75 26.068 20.617 16.601 12.731 10.241 26.658 19.303 14.815 12.176 10.19 11.273 11.422 10.982 10.029 8.675 13.282 16.31 12.981 7.549 6.175 5.26 9.464
7.621991 13.802 19.018 26.54 28.327 22.501 18.371 16.012 27.331 21.879 17.863 13.994 11.503 27.921 20.565 16.078 13.438 11.452 12.535 12.685 12.245 11.292 9.938 14.545 17.572 14.243 8.812 7.438 6.523 10.727
7.852513 15.142 20.358 27.88 29.667 23.841 19.712 17.353 28.671 23.219 19.203 15.334 12.844 29.261 21.905 17.418 14.779 12.792 13.875 14.025 13.585 12.632 11.278 15.885 18.912 15.583 10.152 8.778 7.863 12.067
8.090007 16.565 21.78 29.303 31.09 25.264 21.134 18.775 30.094 24.642 20.626 16.756 14.266 30.683 23.328 18.84 16.201 14.215 15.298 15.447 15.007 14.055 12.701 17.307 20.335 17.006 11.574 10.2 9.286 13.49
8.334684 18.074 23.29 30.812 32.599 26.773 22.644 20.285 31.603 26.152 22.136 18.266 15.776 32.193 24.838 20.35 17.711 15.725 16.808 16.957 16.517 15.565 14.21 18.817 21.845 18.516 13.084 11.71 10.796 14.999
8.586761 19.677 24.892 32.415 34.202 28.376 24.246 21.887 33.206 27.754 23.738 19.869 17.378 33.796 26.44 21.953 19.313 17.327 18.41 18.56 18.12 17.167 15.813 20.42 23.447 20.118 14.686 13.312 12.398 16.602
8.846461 21.378 26.593 34.116 35.903 30.077 25.947 23.588 34.907 29.455 25.439 21.57 19.079 35.497 28.141 23.654 21.014 19.028 20.111 20.261 19.821 18.868 17.514 22.12 25.148 21.819 16.387 15.013 14.099 18.303
9.114017 23.183 28.399 35.921 37.708 31.882 27.753 25.394 36.712 31.26 27.244 23.375 20.884 37.302 29.946 25.459 22.82 20.833 21.916 22.066 21.626 20.673 19.319 23.926 26.953 23.624 18.193 16.819 15.904 20.108
9.389664 25.099 30.315 37.837 39.624 33.798 29.669 27.31 38.628 33.177 29.16 25.291 22.801 39.218 31.862 27.375 24.736 22.749 23.832 23.982 23.542 22.589 21.235 25.842 28.87 25.541 20.109 18.735 17.82 22.024
9.673648 27.133 32.349 39.871 41.658 35.832 31.703 29.344 40.662 35.21 31.194 27.325 24.835 41.252 33.896 29.409 26.77 24.783 25.866 26.016 25.576 24.623 23.269 27.876 30.903 27.574 22.143 20.769 19.854 24.058
9.966221 29.292 34.507 42.03 43.817 37.991 33.861 31.502 42.821 37.369 33.353 29.484 26.993 43.411 36.055 31.568 28.928 26.942 28.025 28.175 27.735 26.782 25.428 30.035 33.062 29.733 24.301 22.927 22.013 26.217
10.267642 31.583 36.799 44.321 46.108 40.282 36.153 33.794 45.112 39.66 35.644 31.775 29.285 45.702 38.346 33.859 31.22 29.233 30.316 30.466 30.026 29.073 27.719 32.326 35.353 32.024 26.593 25.219 24.304 28.508
10.57818 34.015 39.231 46.753 48.54 42.714 38.585 36.226 47.544 42.092 38.076 34.207 31.717 48.134 40.778 36.291 33.652 31.665 32.748 32.898 32.458 31.505 30.151 34.758 37.785 34.456 29.025 27.651 26.736 30.94
10.89811 36.596 41.812 49.334 51.122 45.296 41.166 38.807 50.125 44.674 40.658 36.788 34.298 50.715 43.36 38.872 36.233 34.247 35.33 35.479 35.039 34.087 32.732 37.339 40.367 37.038 31.606 30.232 29.318 33.522
11.227716 39.336 44.552 52.074 53.861 48.035 43.906 41.547 52.865 47.414 43.397 39.528 37.038 53.455 46.1 41.612 38.973 36.986 38.069 38.219 37.779 36.826 35.472 40.079 43.107 39.778 34.346 32.972 32.057 36.261
11.56729 42.244 47.46 54.982 56.769 50.943 46.814 44.455 55.773 50.322 46.306 42.436 39.946 56.363 49.008 44.52 41.881 39.895 40.978 41.127 40.687 39.734 38.38 42.987 46.015 42.686 37.254 35.88 34.965 39.169
11.917135 45.331 50.547 58.069 59.856 54.03 49.9 47.541 58.86 53.408 49.392 45.523 43.032 59.45 52.094 47.607 44.967 42.981 44.064 44.214 43.774 42.821 41.467 46.074 49.101 45.772 40.341 38.966 38.052 42.256
12.277561 48.607 53.823 61.345 63.132 57.306 53.177 50.818 62.136 56.684 52.668 48.799 46.308 62.726 55.37 50.883 48.244 46.257 47.34 47.49 47.05 46.097 44.743 49.35 52.377 49.048 43.617 42.243 41.328 45.532
12.648887 52.084 57.3 64.822 66.61 60.784 56.654 54.295 65.613 60.162 56.146 52.276 49.786 66.203 58.848 54.36 51.721 49.735 50.818 50.967 50.527 49.575 48.22 52.827 55.855 52.526 47.094 45.72 44.806 49.009
13.031444 55.775 60.991 68.513 70.3 64.474 60.345 57.986 69.304 63.853 59.836 55.967 53.477 69.894 62.538 58.051 55.412 53.425 54.508 54.658 54.218 53.265 51.911 56.518 59.546 56.216 50.785 49.411 48.496 52.7
13.425571 59.693 64.908 72.431 74.218 68.392 64.262 61.903 73.222 67.77 63.754 59.885 57.394 73.811 66.456 61.968 59.329 57.343 58.426 58.576 58.136 57.183 55.829 60.435 63.463 60.134 54.702 53.328 52.414 56.618
13.831619 63.851 69.066 76.589 78.376 72.55 68.42 66.061 77.38 71.928 67.912 64.043 61.552 77.969 70.614 66.126 63.487 61.501 62.584 62.734 62.294 61.341 59.987 64.593 67.621 64.292 58.86 57.486 56.572 60.776
14.249947 68.264 73.48 81.002 82.789 76.963 72.833 70.475 81.793 76.341 72.325 68.456 65.965 82.383 75.027 70.54 67.9 65.914 66.997 67.147 66.707 65.754 64.4 69.007 72.034 68.705 63.274 61.9 60.985 65.189
14.680926 72.948 78.164 85.686 87.473 81.647 77.518 75.159 86.477 81.026 77.01 73.14 70.65 87.067 79.712 75.224 72.585 70.599 71.682 71.831 71.391 70.438 69.084 73.691 76.719 73.39 67.958 66.584 65.669 69.873
15.124941 77.92 83.136 90.658 92.445 86.619 82.49 80.131 91.449 85.998 81.981 78.112 75.622 92.039 84.683 80.196 77.557 75.57 76.653 76.803 76.363 75.41 74.056 78.663 81.691 78.362 72.93 71.556 70.641 74.845
15.582385 83.197 88.413 95.935 97.723 91.897 87.767 85.408 96.727 91.275 87.259 83.389 80.899 97.316 89.961 85.473 82.834 80.848 81.931 82.08 81.64 80.688 79.334 83.94 86.968 83.639 78.207 76.833 75.919 80.123
16.053663 88.799 94.014 101.537 103.324 97.498 93.368 91.009 102.328 96.876 92.86 88.991 86.5 102.918 95.562 91.075 88.435 86.449 87.532 87.682 87.242 86.289 84.935 89.541 92.569 89.24 83.808 82.434 81.52 85.724
16.539195 94.744 99.96 107.482 109.269 103.443 99.313 96.955 108.273 102.821 98.805 94.936 92.445 108.863 101.507 97.02 94.38 92.394 93.477 93.627 93.187 92.234 90.88 95.487 98.514 95.185 89.754 88.38 87.465 91.669
17.039412 101.054 106.27 113.792 115.579 109.753 105.624 103.265 114.583 109.132 105.115 101.246 98.756 115.173 107.818 103.33 100.691 98.704 99.787 99.937 99.497 98.544 97.19 101.797 104.825 101.496 96.064 94.69 93.775 97.979
17.554757 107.752 112.968 120.49 122.277 116.451 112.321 109.963 121.281 115.829 111.813 107.944 105.453 121.871 114.515 110.028 107.388 105.402 106.485 106.635 106.195 105.242 103.888 108.495 111.522 108.193 102.762 101.388 100.473 104.677
18.085689 114.861 120.077 127.599 129.386 123.56 119.43 117.072 128.39 122.938 118.922 115.053 112.562 128.98 121.624 117.137 114.497 112.511 113.594 113.744 113.304 112.351 110.997 115.604 118.631 115.302 109.871 108.497 107.582 111.786
18.632678 122.407 127.622 135.145 136.932 131.106 126.976 124.617 135.936 130.484 126.468 122.598 120.108 136.525 129.17 124.682 122.043 120.057 121.14 121.289 120.849 119.897 118.543 123.149 126.177 122.848 117.416 116.042 115.128 119.332
19.196211 130.415 135.631 143.153 144.941 139.115 134.985 132.626 143.944 138.493 134.477 130.607 128.117 144.534 137.179 132.691 130.052 128.066 129.149 129.298 128.858 127.906 126.551 131.158 134.186 130.857 125.425 124.051 123.137 127.34
19.776787 138.916 144.132 151.654 153.441 147.615 143.485 141.127 152.445 146.993 142.977 139.108 136.617 153.035 145.679 141.192 138.552 136.566 137.649 137.799 137.359 136.406 135.052 139.659 142.686 139.357 133.926 132.552 131.637 135.841
20.374923 147.939 153.154 160.677 162.464 156.638 152.508 150.149 161.468 156.016 152.0 148.13 145.64 162.057 154.702 150.214 147.575 145.589 146.672 146.821 146.381 145.429 144.075 148.681 151.709 148.38 142.948 141.574 140.66 144.864
20.991149 157.515 162.731 170.253 172.04 166.214 162.085 159.726 171.044 165.592 161.576 157.707 155.217 171.634 164.278 159.791 157.152 155.165 156.248 156.398 155.958 155.005 153.651 158.258 161.286 157.956 152.525 151.151 150.236 154.44
21.626011 167.68 172.895 180.418 182.205 176.379 172.249 169.89 181.209 175.757 171.741 167.872 165.381 181.799 174.443 169.956 167.316 165.33 166.413 166.563 166.123 165.17 163.816 168.422 171.45 168.121 162.689 161.315 160.401 164.605
22.280075 178.469 183.684 191.207 192.994 187.168 183.038 180.679 191.998 186.546 182.53 178.66 176.17 192.587 185.232 180.744 178.105 176.119 177.202 177.351 176.911 175.959 174.605 179.211 182.239 178.91 173.478 172.104 171.19 175.394
22.953921 189.92 195.135 202.658 204.445 198.619 194.489 192.13 203.449 197.997 193.981 190.112 187.621 204.039 196.683 192.196 189.556 187.57 188.653 188.803 188.363 187.41 186.056 190.663 193.69 190.361 184.929 183.555 182.641 186.845
23.648147 202.074 207.29 214.812 216.599 210.773 206.644 204.285 215.603 210.152 206.135 202.266 199.776 216.193 208.837 204.35 201.711 199.724 200.807 200.957 200.517 199.564 198.21 202.817 205.845 202.515 197.084 195.71 194.795 198.999
24.363369 214.975 220.191 227.713 229.5 223.674 219.544 217.185 228.504 223.052 219.036 215.167 212.676 229.094 221.738 217.251 214.611 212.625 213.708 213.858 213.418 212.465 211.111 215.718 218.745 215.416 209.985 208.611 207.696 211.9
25.100222 228.668 233.883 241.406 243.193 237.367 233.237 230.878 242.197 236.745 232.729 228.86 226.369 242.787 235.431 230.944 228.304 226.318 227.401 227.551 227.111 226.158 224.804 229.41 232.438 229.109 223.677 222.303 221.389 225.593
25.859362 243.201 248.417 255.939 257.727 251.901 247.771 245.412 256.73 251.279 247.263 243.393 240.903 257.32 249.965 245.477 242.838 240.852 241.935 242.084 241.644 240.692 239.337 243.944 246.972 243.643 238.211 236.837 235.923 240.127
26.64146 258.627 263.843 271.365 273.153 267.327 263.197 260.838 272.157 266.705 262.689 258.819 256.329 272.746 265.391 260.903 258.264 256.278 257.361 257.51 257.07 256.118 254.764 259.37 262.398 259.069 253.637 252.263 251.349 255.553
27.447213 275.001 280.216 287.739 289.526 283.7 279.57 277.211 288.53 283.078 279.062 275.193 272.702 289.12 281.764 277.277 274.637 272.651 273.734 273.884 273.444 272.491 271.137 275.743 278.771 275.442 270.01 268.636 267.722 271.926
28.277335 292.379 297.595 305.117 306.905 301.079 296.949 294.59 305.908 300.457 296.441 292.571 290.081 306.498 299.143 294.655 292.016 290.03 291.113 291.262 290.822 289.87 288.515 293.122 296.15 292.821 287.389 286.015 285.101 289.304
29.132564 310.825 316.041 323.563 325.35 319.524 315.395 313.036 324.354 318.902 314.886 311.017 308.527 324.944 317.588 313.101 310.462 308.475 309.558 309.708 309.268 308.315 306.961 311.568 314.596 311.266 305.835 304.461 303.546 307.75
30.013659 330.404 335.619 343.142 344.929 339.103 334.973 332.614 343.933 338.481 334.465 330.595 328.105 344.522 337.167 332.679 330.04 328.054 329.137 329.286 328.846 327.894 326.54 331.146 334.174 330.845 325.413 324.039 323.125 327.329
30.921401 351.184 356.4 363.922 365.709 359.883 355.754 353.395 364.713 359.261 355.245 351.376 348.886 365.303 357.947 353.46 350.821 348.834 349.917 350.067 349.627 348.674 347.32 351.927 354.954 351.625 346.194 344.82 343.905 348.109
31.856598 373.241 378.456 385.979 387.766 381.94 377.81 375.451 386.77 381.318 377.302 373.432 370.942 387.359 380.004 375.516 372.877 370.891 371.974 372.124 371.684 370.731 369.377 373.983 377.011 373.682 368.25 366.876 365.962 370.166
32.820079 396.652 401.867 409.39 411.177 405.351 401.221 398.862 410.181 404.729 400.713 396.843 394.353 410.77 403.415 398.927 396.288 394.302 395.385 395.534 395.094 394.142 392.788 397.394 400.422 397.093 391.661 390.287 389.373 393.577
33.8127 421.5 426.716 434.238 436.025 430.199 426.069 423.711 435.029 429.577 425.561 421.692 419.201 435.619 428.263 423.776 421.136 419.15 420.233 420.383 419.943 418.99 417.636 422.243 425.27 421.941 416.51 415.136 414.221 418.425
34.835342 447.874 453.09 460.612 462.399 456.573 452.444 450.085 461.403 455.951 451.935 448.066 445.576 461.993 454.637 450.15 447.511 445.524 446.607 446.757 446.317 445.364 444.01 448.617 451.645 448.315 442.884 441.51 440.595 444.799
35.888913 475.868 481.083 488.606 490.393 484.567 480.437 478.078 489.397 483.945 479.929 476.06 473.569 489.987 482.631 478.144 475.504 473.518 474.601 474.751 474.311 473.358 472.004 476.61 479.638 476.309 470.877 469.503 468.589 472.793
36.974349 505.58 510.796 518.318 520.106 514.28 510.15 507.791 519.109 513.658 509.642 505.772 503.282 519.699 512.344 507.856 505.217 503.231 504.314 504.463 504.023 503.071 501.716 506.323 509.351 506.022 500.59 499.216 498.302 502.505
38.092613 537.117 542.333 549.855 551.643 545.817 541.687 539.328 550.646 545.195 541.179 537.309 534.819 551.236 543.881 539.393 536.754 534.768 535.851 536.0 535.56 534.608 533.253 537.86 540.888 537.559 532.127 530.753 529.839 534.042
39.244698 570.591 575.806 583.329 585.116 579.29 575.16 572.801 584.12 578.668 574.652 570.783 568.292 584.71 577.354 572.867 570.227 568.241 569.324 569.474 569.034 568.081 566.727 571.334 574.361 571.032 565.6 564.226 563.312 567.516
40.431627 606.12 611.335 618.858 620.645 614.819 610.689 608.33 619.649 614.197 610.181 606.312 603.821 620.238 612.883 608.396 605.756 603.77 604.853 605.003 604.563 603.61 602.256 606.862 609.89 606.561 601.129 599.755 598.841 603.045
41.654454 643.83 649.046 656.568 658.355 652.529 648.4 646.041 657.359 651.907 647.891 644.022 641.532 657.949 650.593 646.106 643.467 641.48 642.563 642.713 642.273 641.32 639.966 644.573 647.601 644.271 638.84 637.466 636.551 640.755
42.914265 683.856 689.072 696.594 698.381 692.555 688.426 686.067 697.385 691.933 687.917 684.048 681.558 697.975 690.619 686.132 683.493 681.506 682.589 682.739 682.299 681.346 679.992 684.599 687.627 684.297 678.866 677.492 676.577 680.781
44.212178 726.34 731.556 739.078 740.865 735.039 730.909 728.55 739.869 734.417 730.401 726.532 724.041 740.459 733.103 728.616 725.976 723.99 725.073 725.223 724.783 723.83 722.476 727.083 730.11 726.781 721.35 719.975 719.061 723.265
45.549345 771.432 776.648 784.17 785.961 780.131 776.002 773.643 784.962 779.51 775.494 771.624 769.134 785.552 778.196 773.708 771.069 769.082 770.166 770.315 769.875 768.922 767.568 772.175 775.203 771.874 766.442 765.068 764.153 768.357
