web/models/kne.last_good/kappa_0.5_3.0.v1/35/villar_0.2686_0.0927_3.0000.dat
# %ECSV 1.0
# ---
# datatype:
# - {name: time, datatype: float64}
# - {name: swift_uvot_uvw2, datatype: float64}
# - {name: swift_uvot_uvm2, datatype: float64}
# - {name: swift_uvot_uvw1, datatype: float64}
# - {name: swift_uvot_U, datatype: float64}
# - {name: swift_uvot_B, datatype: float64}
# - {name: swift_uvot_V, datatype: float64}
# - {name: swift_uvot_W, datatype: float64}
# - {name: johnson_U, datatype: float64}
# - {name: johnson_B, datatype: float64}
# - {name: johnson_V, datatype: float64}
# - {name: johnson_R, datatype: float64}
# - {name: johnson_I, datatype: float64}
# - {name: sdss_u, datatype: float64}
# - {name: sdss_g, datatype: float64}
# - {name: sdss_r, datatype: float64}
# - {name: sdss_i, datatype: float64}
# - {name: sdss_z, datatype: float64}
# - {name: PS1_g, datatype: float64}
# - {name: PS1_r, datatype: float64}
# - {name: PS1_i, datatype: float64}
# - {name: PS1_z, datatype: float64}
# - {name: PS1_Y, datatype: float64}
# - {name: PS1_w, datatype: float64}
# - {name: ATLAS_c, datatype: float64}
# - {name: ATLAS_o, datatype: float64}
# - {name: ukirt_J, datatype: float64}
# - {name: ukirt_H, datatype: float64}
# - {name: ukirt_K, datatype: float64}
# - {name: Clear, datatype: float64}
# meta: !!omap
# - comment: [kappa = 3.0, type = villar, mass = 0.2685795883840597, velocity = 0.09266666666666673, theta_obs = 0.0]
# schema: astropy-2.0
time swift_uvot_uvw2 swift_uvot_uvm2 swift_uvot_uvw1 swift_uvot_U swift_uvot_B swift_uvot_V swift_uvot_W johnson_U johnson_B johnson_V johnson_R johnson_I sdss_u sdss_g sdss_r sdss_i sdss_z PS1_g PS1_r PS1_i PS1_z PS1_Y PS1_w ATLAS_c ATLAS_o ukirt_J ukirt_H ukirt_K Clear
[from data line 353]
36.974349 -7.369 -2.154 5.369 7.156 1.33 -2.8 -5.159 6.16 0.708 -3.308 -7.178 -9.668 6.749 -0.606 -5.094 -7.733 -9.719 -8.636 -8.487 -8.927 -9.879 -11.233 -6.627 -3.599 -6.928 -12.36 -13.734 -14.648 -10.444
38.092613 -7.133 -1.917 5.605 7.392 1.566 -2.564 -4.922 6.396 0.944 -3.072 -6.941 -9.432 6.986 -0.37 -4.857 -7.497 -9.483 -8.4 -8.25 -8.69 -9.643 -10.997 -6.39 -3.363 -6.692 -12.123 -13.497 -14.412 -10.208
39.244698 -6.882 -1.666 5.856 7.643 1.817 -2.313 -4.671 6.647 1.195 -2.821 -6.69 -9.181 7.237 -0.119 -4.606 -7.245 -9.232 -8.149 -7.999 -8.439 -9.392 -10.746 -6.139 -3.112 -6.441 -11.872 -13.246 -14.161 -9.957
40.431627 -6.615 -1.4 6.123 7.91 2.084 -2.046 -4.405 6.914 1.462 -2.554 -6.424 -8.914 7.503 0.148 -4.34 -6.979 -8.965 -7.882 -7.732 -8.173 -9.125 -10.479 -5.873 -2.845 -6.174 -11.606 -12.98 -13.894 -9.69
41.654454 -6.332 -1.117 6.406 8.193 2.367 -1.763 -4.122 7.197 1.745 -2.271 -6.141 -8.631 7.786 0.431 -4.057 -6.696 -8.682 -7.599 -7.449 -7.889 -8.842 -10.196 -5.59 -2.562 -5.891 -11.323 -12.697 -13.611 -9.407
42.914265 -6.032 -0.816 6.706 8.493 2.667 -1.462 -3.821 7.497 2.045 -1.971 -5.84 -8.33 8.087 0.731 -3.756 -6.395 -8.382 -7.299 -7.149 -7.589 -8.542 -9.896 -5.289 -2.261 -5.591 -11.022 -12.396 -13.311 -9.107
44.212178 -5.713 -0.497 7.025 8.812 2.986 -1.143 -3.502 7.816 2.364 -1.652 -5.521 -8.011 8.406 1.05 -3.437 -6.076 -8.063 -6.98 -6.83 -7.27 -8.223 -9.577 -4.97 -1.942 -5.272 -10.703 -12.077 -12.992 -8.788
45.549345 -5.374 -0.159 7.364 9.151 3.325 -0.805 -3.164 8.155 2.703 -1.313 -5.182 -7.673 8.745 1.389 -3.098 -5.738 -7.724 -6.641 -6.491 -6.931 -7.884 -9.238 -4.632 -1.604 -4.933 -10.365 -11.739 -12.653 -8.449
46.926954 -5.015 0.201 7.723 9.51 3.684 -0.445 -2.804 8.514 3.063 -0.954 -4.823 -7.313 9.104 1.748 -2.739 -5.378 -7.365 -6.282 -6.132 -6.572 -7.525 -8.879 -4.272 -1.244 -4.574 -10.005 -11.379 -12.294 -8.09
48.346227 -4.633 0.582 8.105 9.892 4.066 -0.064 -2.423 8.896 3.444 -0.572 -4.441 -6.932 9.486 2.13 -2.357 -4.997 -6.983 -5.9 -5.75 -6.19 -7.143 -8.497 -3.891 -0.863 -4.192 -9.624 -10.998 -11.912 -7.708
49.808426 -4.228 0.987 8.51 10.297 4.471 0.341 -2.018 9.301 3.849 -0.167 -4.036 -6.527 9.891 2.535 -1.952 -4.592 -6.578 -5.495 -5.345 -5.785 -6.738 -8.092 -3.486 -0.458 -3.787 -9.219 -10.593 -11.507 -7.303
51.314848 -3.798 1.417 8.94 10.727 4.901 0.771 -1.588 9.731 4.279 0.263 -3.606 -6.097 10.32 2.965 -1.523 -4.162 -6.148 -5.065 -4.915 -5.355 -6.308 -7.662 -3.056 -0.028 -3.357 -8.789 -10.163 -11.077 -6.873
52.86683 -3.342 1.874 9.396 11.183 5.357 1.227 -1.131 10.187 4.735 0.719 -3.15 -5.641 10.777 3.421 -1.066 -3.706 -5.692 -4.609 -4.459 -4.899 -5.852 -7.206 -2.599 0.428 -2.901 -8.332 -9.706 -10.621 -6.417
54.465752 -2.858 2.358 9.88 11.667 5.841 1.712 -0.647 10.671 5.22 1.204 -2.666 -5.156 11.261 3.906 -0.582 -3.221 -5.207 -4.124 -3.975 -4.415 -5.367 -6.722 -2.115 0.913 -2.416 -7.848 -9.222 -10.136 -5.933
56.113031 -2.344 2.872 10.394 12.182 6.356 2.226 -0.133 11.185 5.734 1.718 -2.152 -4.642 11.775 4.42 -0.068 -2.707 -4.693 -3.61 -3.461 -3.901 -4.853 -6.208 -1.601 1.427 -1.902 -7.334 -8.708 -9.622 -5.419
57.810132 -1.798 3.418 10.94 12.727 6.901 2.771 0.413 11.731 6.279 2.263 -1.606 -4.097 12.321 4.965 0.478 -2.161 -4.148 -3.065 -2.915 -3.355 -4.308 -5.662 -1.055 1.972 -1.357 -6.788 -8.162 -9.077 -4.873
59.55856 -1.219 3.997 11.519 13.306 7.48 3.351 0.992 12.31 6.858 2.842 -1.027 -3.517 12.9 5.544 1.057 -1.582 -3.569 -2.486 -2.336 -2.776 -3.729 -5.083 -0.476 2.552 -0.778 -6.209 -7.583 -8.498 -4.294
61.359868 -0.604 4.612 12.134 13.921 8.095 3.965 1.606 12.925 7.473 3.457 -0.412 -2.903 13.515 6.159 1.672 -0.968 -2.954 -1.871 -1.721 -2.161 -3.114 -4.468 0.139 3.166 -0.163 -5.595 -6.969 -7.883 -3.679
63.215655 0.048 5.264 12.786 14.573 8.747 4.618 2.259 13.577 8.126 4.11 0.24 -2.25 14.167 6.812 2.324 -0.315 -2.301 -1.218 -1.069 -1.509 -2.461 -3.816 0.791 3.819 0.49 -4.942 -6.316 -7.23 -3.027
65.127569 0.741 5.956 13.479 15.266 9.44 5.31 2.951 14.27 8.818 4.802 0.933 -1.558 14.86 7.504 3.017 0.377 -1.609 -0.526 -0.376 -0.816 -1.769 -3.123 1.484 4.511 1.182 -4.25 -5.624 -6.538 -2.334
67.097308 1.476 6.692 14.214 16.001 10.175 6.045 3.686 15.005 9.553 5.537 1.668 -0.823 15.595 8.239 3.752 1.112 -0.874 0.209 0.359 -0.081 -1.034 -2.388 2.219 5.246 1.917 -3.515 -4.889 -5.803 -1.599
69.126621 2.256 7.472 14.994 16.781 10.955 6.826 4.467 15.785 10.333 6.317 2.448 -0.043 16.375 9.019 4.532 1.893 -0.094 0.989 1.139 0.699 -0.254 -1.608 2.999 6.026 2.697 -2.734 -4.108 -5.023 -0.819
71.217308 3.084 8.3 15.822 17.609 11.783 7.654 5.295 16.613 11.161 7.145 3.276 0.786 17.203 9.847 5.36 2.721 0.734 1.817 1.967 1.527 0.574 -0.78 3.827 6.854 3.525 -1.906 -3.28 -4.195 0.009
73.371227 3.963 9.179 16.701 18.488 12.662 8.533 6.174 17.492 12.04 8.024 4.155 1.664 18.082 10.726 6.239 3.6 1.613 2.696 2.846 2.406 1.453 0.099 4.706 7.733 4.404 -1.027 -2.401 -3.316 0.888
75.59029 4.896 10.112 17.634 19.421 13.595 9.465 7.106 18.425 12.973 8.957 5.088 2.597 19.015 11.659 7.172 4.532 2.546 3.629 3.779 3.339 2.386 1.032 5.639 8.666 5.337 -0.094 -1.468 -2.383 1.821
77.876467 5.886 11.102 18.624 20.411 14.585 10.456 8.097 19.415 13.963 9.947 6.078 3.588 20.005 12.649 8.162 5.523 3.536 4.619 4.769 4.329 3.376 2.022 6.629 9.656 6.327 0.896 -0.478 -1.393 2.811
80.231787 6.937 12.153 19.675 21.462 15.636 11.507 9.148 20.466 15.014 10.998 7.129 4.639 21.056 13.7 9.213 6.574 4.587 5.67 5.82 5.38 4.427 3.073 7.68 10.707 7.378 1.947 0.573 -0.342 3.862
82.658343 8.053 13.268 20.791 22.578 16.752 12.622 10.263 21.582 16.13 12.114 8.244 5.754 22.171 14.816 10.328 7.689 5.703 6.786 6.936 6.495 5.543 4.189 8.795 11.823 8.494 3.062 1.688 0.774 4.978
85.158288 9.237 14.452 21.975 23.762 17.936 13.806 11.447 22.766 17.314 13.298 9.428 6.938 23.355 16.0 11.512 8.873 6.887 7.97 8.12 7.68 6.727 5.373 9.979 13.007 9.678 4.246 2.872 1.958 6.162
87.733843 10.493 15.709 23.231 25.018 19.192 15.063 12.704 24.022 18.571 14.555 10.685 8.195 24.612 17.257 12.769 10.13 8.144 9.227 9.376 8.936 7.984 6.629 11.236 14.264 10.935 5.503 4.129 3.215 7.418
90.387293 11.827 17.043 24.565 26.352 20.526 16.397 14.038 25.356 19.905 15.888 12.019 9.529 25.946 18.59 14.103 11.464 9.477 10.56 10.71 10.27 9.317 7.963 12.57 15.598 12.268 6.837 5.463 4.548 8.752
93.120995 13.243 18.459 25.981 27.768 21.942 17.812 15.454 26.772 21.32 17.304 13.435 10.944 27.362 20.006 15.519 12.879 10.893 11.976 12.126 11.686 10.733 9.379 13.986 17.013 13.684 8.253 6.879 5.964 10.168
95.937376 14.746 19.961 27.484 29.271 23.445 19.315 16.956 28.275 22.823 18.807 14.938 12.447 28.864 21.509 17.021 14.382 12.396 13.479 13.629 13.189 12.236 10.882 15.488 18.516 15.187 9.755 8.381 7.467 11.671
98.838937 16.341 21.556 29.079 30.866 25.04 20.91 18.551 29.87 24.418 20.402 16.533 14.042 30.459 23.104 18.616 15.977 13.991 15.074 15.224 14.784 13.831 12.477 17.083 20.111 16.782 11.35 9.976 9.062 13.266
101.828253 18.034 23.249 30.772 32.559 26.733 22.603 20.244 31.563 26.111 22.095 18.225 15.735 32.152 24.797 20.309 17.67 15.684 16.767 16.916 16.476 15.524 14.17 18.776 21.804 18.475 13.043 11.669 10.755 14.959
104.907979 19.83 25.046 32.568 34.356 28.53 24.4 22.041 33.359 27.908 23.892 20.022 17.532 33.949 26.594 22.106 19.467 17.481 18.564 18.713 18.273 17.321 15.967 20.573 23.601 20.272 14.84 13.466 12.552 16.756
108.080849 21.738 26.953 34.476 36.263 30.437 26.307 23.948 35.267 29.815 25.799 21.93 19.439 35.856 28.501 24.013 21.374 19.388 20.471 20.621 20.181 19.228 17.874 22.48 25.508 22.179 16.747 15.373 14.459 18.663
111.349681 23.762 28.978 36.5 38.287 32.461 28.331 25.973 37.291 31.839 27.823 23.954 21.463 37.881 30.525 26.038 23.398 21.412 22.495 22.645 22.205 21.252 19.898 24.505 27.532 24.203 18.772 17.398 16.483 20.687
114.717376 25.911 31.126 38.649 40.436 34.61 30.48 28.121 39.44 33.988 29.972 26.102 23.612 40.029 32.674 28.186 25.547 23.561 24.644 24.793 24.353 23.401 22.047 26.653 29.681 26.352 20.92 19.546 18.632 22.836
118.186925 28.191 33.407 40.929 42.716 36.89 32.761 30.402 41.72 36.268 32.252 28.383 25.893 42.31 34.954 30.467 27.828 25.841 26.924 27.074 26.634 25.681 24.327 28.934 31.962 28.632 23.201 21.827 20.912 25.116
121.761408 30.612 35.827 43.35 45.137 39.311 35.181 32.822 44.141 38.689 34.673 30.804 28.313 44.73 37.375 32.888 30.248 28.262 29.345 29.495 29.055 28.102 26.748 31.354 34.382 31.053 25.621 24.247 23.333 27.537
125.443999 33.181 38.397 45.919 47.706 41.88 37.75 35.391 46.71 41.258 37.242 33.373 30.882 47.3 39.944 35.457 32.817 30.831 31.914 32.064 31.624 30.671 29.317 33.924 36.951 33.622 28.191 26.817 25.902 30.106
129.237967 35.908 41.124 48.646 50.433 44.607 40.477 38.118 49.437 43.985 39.969 36.1 33.609 50.027 42.671 38.184 35.544 33.558 34.641 34.791 34.351 33.398 32.044 36.651 39.678 36.349 30.918 29.543 28.629 32.833
133.146681 38.802 44.018 51.54 53.327 47.501 43.372 41.013 52.331 46.88 42.864 38.994 36.504 52.921 45.566 41.078 38.439 36.453 37.536 37.685 37.245 36.293 34.938 39.545 42.573 39.244 33.812 32.438 31.524 35.727
137.173612 41.874 47.09 54.612 56.4 50.574 46.444 44.085 55.403 49.952 45.936 42.066 39.576 55.993 48.638 44.15 41.511 39.525 40.608 40.757 40.317 39.365 38.011 42.617 45.645 42.316 36.884 35.51 34.596 38.8
141.322334 45.135 50.351 57.873 59.66 53.834 49.705 47.346 58.664 53.213 49.196 45.327 42.837 59.254 51.898 47.411 44.772 42.785 43.868 44.018 43.578 42.625 41.271 45.878 48.906 45.576 40.145 38.771 37.856 42.06
145.596532 48.596 53.812 61.334 63.121 57.295 53.166 50.807 62.125 56.674 52.657 48.788 46.298 62.715 55.359 50.872 48.233 46.246 47.329 47.479 47.039 46.086 44.732 49.339 52.367 49.037 43.606 42.232 41.317 45.521
150.0 52.27 57.485 65.008 66.795 60.969 56.839 54.48 65.799 60.347 56.331 52.462 49.971 66.389 59.033 54.546 51.906 49.92 51.003 51.153 50.713 49.76 48.406 53.012 56.04 52.711 47.279 45.905 44.991 49.195
