web/models/kne.last_good/kappa_0.5_3.0.v1/35/villar_0.0224_0.2180_3.0000.dat
# %ECSV 1.0
# ---
# datatype:
# - {name: time, datatype: float64}
# - {name: swift_uvot_uvw2, datatype: float64}
# - {name: swift_uvot_uvm2, datatype: float64}
# - {name: swift_uvot_uvw1, datatype: float64}
# - {name: swift_uvot_U, datatype: float64}
# - {name: swift_uvot_B, datatype: float64}
# - {name: swift_uvot_V, datatype: float64}
# - {name: swift_uvot_W, datatype: float64}
# - {name: johnson_U, datatype: float64}
# - {name: johnson_B, datatype: float64}
# - {name: johnson_V, datatype: float64}
# - {name: johnson_R, datatype: float64}
# - {name: johnson_I, datatype: float64}
# - {name: sdss_u, datatype: float64}
# - {name: sdss_g, datatype: float64}
# - {name: sdss_r, datatype: float64}
# - {name: sdss_i, datatype: float64}
# - {name: sdss_z, datatype: float64}
# - {name: PS1_g, datatype: float64}
# - {name: PS1_r, datatype: float64}
# - {name: PS1_i, datatype: float64}
# - {name: PS1_z, datatype: float64}
# - {name: PS1_Y, datatype: float64}
# - {name: PS1_w, datatype: float64}
# - {name: ATLAS_c, datatype: float64}
# - {name: ATLAS_o, datatype: float64}
# - {name: ukirt_J, datatype: float64}
# - {name: ukirt_H, datatype: float64}
# - {name: ukirt_K, datatype: float64}
# - {name: Clear, datatype: float64}
# meta: !!omap
# - comment: [kappa = 3.0, type = villar, mass = 0.022360679775100388, velocity = 0.21800000000000003, theta_obs = 0.0]
# schema: astropy-2.0
time swift_uvot_uvw2 swift_uvot_uvm2 swift_uvot_uvw1 swift_uvot_U swift_uvot_B swift_uvot_V swift_uvot_W johnson_U johnson_B johnson_V johnson_R johnson_I sdss_u sdss_g sdss_r sdss_i sdss_z PS1_g PS1_r PS1_i PS1_z PS1_Y PS1_w ATLAS_c ATLAS_o ukirt_J ukirt_H ukirt_K Clear
[from data line 360]
45.549345 156.295 161.51 169.033 170.82 164.994 160.864 158.505 169.824 164.372 160.356 156.487 153.996 170.413 163.058 158.57 155.931 153.945 155.028 155.178 154.738 153.785 152.431 157.037 160.065 156.736 151.304 149.93 149.016 153.22
46.926954 166.454 171.67 179.192 180.979 175.153 171.023 168.665 179.983 174.531 170.515 166.646 164.155 180.573 173.217 168.73 166.09 164.104 165.187 165.337 164.897 163.944 162.59 167.197 170.224 166.895 161.464 160.09 159.175 163.379
48.346227 177.237 182.453 189.975 191.762 185.936 181.807 179.448 190.766 185.314 181.298 177.429 174.939 191.356 184.0 179.513 176.874 174.887 175.97 176.12 175.68 174.727 173.373 177.98 181.008 177.678 172.247 170.873 169.958 174.162
49.808426 188.682 193.898 201.42 203.208 197.382 193.252 190.893 202.211 196.76 192.744 188.874 186.384 202.801 195.446 190.958 188.319 186.333 187.416 187.565 187.125 186.173 184.819 189.425 192.453 189.124 183.692 182.318 181.404 185.608
51.314848 200.831 206.046 213.569 215.356 209.53 205.4 203.041 214.36 208.908 204.892 201.022 198.532 214.949 207.594 203.106 200.467 198.481 199.564 199.713 199.273 198.321 196.967 201.573 204.601 201.272 195.84 194.466 193.552 197.756
52.86683 213.725 218.94 226.463 228.25 222.424 218.294 215.935 227.254 221.802 217.786 213.916 211.426 227.843 220.488 216.0 213.361 211.375 212.458 212.607 212.167 211.215 209.861 214.467 217.495 214.166 208.734 207.36 206.446 210.65
54.465752 227.41 232.626 240.148 241.935 236.109 231.98 229.621 240.939 235.488 231.471 227.602 225.112 241.529 234.173 229.686 227.047 225.06 226.143 226.293 225.853 224.9 223.546 228.153 231.181 227.852 222.42 221.046 220.131 224.335
56.113031 241.936 247.152 254.674 256.461 250.635 246.506 244.147 255.465 250.014 245.998 242.128 239.638 256.055 248.7 244.212 241.573 239.587 240.67 240.819 240.379 239.427 238.072 242.679 245.707 242.378 236.946 235.572 234.658 238.861
57.810132 257.354 262.57 270.092 271.88 266.054 261.924 259.565 270.883 265.432 261.416 257.546 255.056 271.473 264.118 259.63 256.991 255.005 256.088 256.237 255.797 254.845 253.49 258.097 261.125 257.796 252.364 250.99 250.076 254.279
59.55856 273.719 278.935 286.457 288.244 282.418 278.289 275.93 287.248 281.796 277.78 273.911 271.421 287.838 280.482 275.995 273.356 271.369 272.452 272.602 272.162 271.209 269.855 274.462 277.489 274.16 268.729 267.355 266.44 270.644
61.359868 291.089 296.304 303.827 305.614 299.788 295.658 293.299 304.618 299.166 295.15 291.281 288.79 305.207 297.852 293.364 290.725 288.739 289.822 289.972 289.532 288.579 287.225 291.831 294.859 291.53 286.098 284.724 283.81 288.014
63.215655 309.525 314.74 322.263 324.05 318.224 314.094 311.735 323.054 317.602 313.586 309.717 307.226 323.644 316.288 311.801 309.161 307.175 308.258 308.408 307.968 307.015 305.661 310.268 313.295 309.966 304.534 303.16 302.246 306.45
65.127569 329.093 334.309 341.831 343.618 337.792 333.662 331.304 342.622 337.17 333.154 329.285 326.794 343.212 335.856 331.369 328.73 326.743 327.826 327.976 327.536 326.583 325.229 329.836 332.863 329.534 324.103 322.729 321.814 326.018
67.097308 349.863 355.078 362.601 364.388 358.562 354.432 352.073 363.392 357.94 353.924 350.055 347.564 363.982 356.626 352.139 349.499 347.513 348.596 348.746 348.306 347.353 345.999 350.605 353.633 350.304 344.872 343.498 342.584 346.788
69.126621 371.908 377.123 384.646 386.433 380.607 376.477 374.118 385.437 379.985 375.969 372.1 369.609 386.027 378.671 374.184 371.544 369.558 370.641 370.791 370.351 369.398 368.044 372.651 375.678 372.349 366.917 365.543 364.629 368.833
71.217308 395.307 400.522 408.045 409.832 404.006 399.876 397.517 408.836 403.384 399.368 395.498 393.008 409.425 402.07 397.582 394.943 392.957 394.04 394.189 393.749 392.797 391.443 396.049 399.077 395.748 390.316 388.942 388.028 392.232
73.371227 420.142 425.358 432.88 434.667 428.841 424.711 422.353 433.671 428.219 424.203 420.334 417.843 434.261 426.905 422.418 419.779 417.792 418.875 419.025 418.585 417.632 416.278 420.885 423.912 420.583 415.152 413.778 412.863 417.067
75.59029 446.502 451.718 459.24 461.028 455.202 451.072 448.713 460.032 454.58 450.564 446.694 444.204 460.621 453.266 448.778 446.139 444.153 445.236 445.385 444.945 443.993 442.639 447.245 450.273 446.944 441.512 440.138 439.224 443.428
77.876467 474.482 479.697 487.22 489.007 483.181 479.051 476.692 488.011 482.559 478.543 474.673 472.183 488.6 481.245 476.757 474.118 472.132 473.215 473.364 472.924 471.972 470.618 475.224 478.252 474.923 469.491 468.117 467.203 471.407
80.231787 504.179 509.394 516.917 518.704 512.878 508.748 506.389 517.708 512.256 508.24 504.37 501.88 518.297 510.942 506.454 503.815 501.829 502.912 503.062 502.622 501.669 500.315 504.921 507.949 504.62 499.188 497.814 496.9 501.104
82.658343 535.699 540.915 548.437 550.224 544.398 540.269 537.91 549.228 543.777 539.76 535.891 533.401 549.818 542.462 537.975 535.336 533.349 534.432 534.582 534.142 533.189 531.835 536.442 539.47 536.14 530.709 529.335 528.42 532.624
85.158288 569.155 574.371 581.893 583.68 577.854 573.725 571.366 582.684 577.233 573.217 569.347 566.857 583.274 575.919 571.431 568.792 566.806 567.889 568.038 567.598 566.645 565.291 569.898 572.926 569.597 564.165 562.791 561.876 566.08
87.733843 604.666 609.881 617.404 619.191 613.365 609.235 606.876 618.195 612.743 608.727 604.858 602.367 618.784 611.429 606.941 604.302 602.316 603.399 603.549 603.109 602.156 600.802 605.408 608.436 605.107 599.675 598.301 597.387 601.591
90.387293 642.356 647.572 655.094 656.882 651.056 646.926 644.567 655.886 650.434 646.418 642.548 640.058 656.475 649.12 644.632 641.993 640.007 641.09 641.239 640.799 639.847 638.493 643.099 646.127 642.798 637.366 635.992 635.078 639.282
93.120995 682.362 687.577 695.1 696.887 691.061 686.931 684.572 695.891 690.439 686.423 682.553 680.063 696.48 689.125 684.637 681.998 680.012 681.095 681.245 680.805 679.852 678.498 683.104 686.132 682.803 677.371 675.997 675.083 679.287
95.937376 724.823 730.039 737.561 739.348 733.522 729.393 727.034 738.352 732.901 728.885 725.015 722.525 738.942 731.587 727.099 724.46 722.473 723.557 723.706 723.266 722.313 720.959 725.566 728.594 725.265 719.833 718.459 717.544 721.748
98.838937 769.892 775.108 782.63 784.417 778.591 774.462 772.103 783.421 777.97 773.953 770.084 767.594 784.011 776.655 772.168 769.529 767.542 768.625 768.775 768.335 767.382 766.028 770.635 773.663 770.333 764.902 763.528 762.613 766.817
101.828253 nan nan nan nan nan nan nan nan nan nan nan nan nan nan nan nan nan nan nan nan nan nan nan nan nan nan nan nan nan
104.907979 nan nan nan nan nan nan nan nan nan nan nan nan nan nan nan nan nan nan nan nan nan nan nan nan nan nan nan nan nan
108.080849 nan nan nan nan nan nan nan nan nan nan nan nan nan nan nan nan nan nan nan nan nan nan nan nan nan nan nan nan nan
111.349681 nan nan nan nan nan nan nan nan nan nan nan nan nan nan nan nan nan nan nan nan nan nan nan nan nan nan nan nan nan
114.717376 nan nan nan nan nan nan nan nan nan nan nan nan nan nan nan nan nan nan nan nan nan nan nan nan nan nan nan nan nan
118.186925 nan nan nan nan nan nan nan nan nan nan nan nan nan nan nan nan nan nan nan nan nan nan nan nan nan nan nan nan nan
121.761408 nan nan nan nan nan nan nan nan nan nan nan nan nan nan nan nan nan nan nan nan nan nan nan nan nan nan nan nan nan
125.443999 nan nan nan nan nan nan nan nan nan nan nan nan nan nan nan nan nan nan nan nan nan nan nan nan nan nan nan nan nan
129.237967 nan nan nan nan nan nan nan nan nan nan nan nan nan nan nan nan nan nan nan nan nan nan nan nan nan nan nan nan nan
133.146681 nan nan nan nan nan nan nan nan nan nan nan nan nan nan nan nan nan nan nan nan nan nan nan nan nan nan nan nan nan
137.173612 nan nan nan nan nan nan nan nan nan nan nan nan nan nan nan nan nan nan nan nan nan nan nan nan nan nan nan nan nan
141.322334 nan nan nan nan nan nan nan nan nan nan nan nan nan nan nan nan nan nan nan nan nan nan nan nan nan nan nan nan nan
145.596532 nan nan nan nan nan nan nan nan nan nan nan nan nan nan nan nan nan nan nan nan nan nan nan nan nan nan nan nan nan
150.0 nan nan nan nan nan nan nan nan nan nan nan nan nan nan nan nan nan nan nan nan nan nan nan nan nan nan nan nan nan
