web/models/kne.last_good/kappa_0.5_3.0.v1/35/villar_0.0012_0.0927_3.0000.dat
# %ECSV 1.0
# ---
# datatype:
# - {name: time, datatype: float64}
# - {name: swift_uvot_uvw2, datatype: float64}
# - {name: swift_uvot_uvm2, datatype: float64}
# - {name: swift_uvot_uvw1, datatype: float64}
# - {name: swift_uvot_U, datatype: float64}
# - {name: swift_uvot_B, datatype: float64}
# - {name: swift_uvot_V, datatype: float64}
# - {name: swift_uvot_W, datatype: float64}
# - {name: johnson_U, datatype: float64}
# - {name: johnson_B, datatype: float64}
# - {name: johnson_V, datatype: float64}
# - {name: johnson_R, datatype: float64}
# - {name: johnson_I, datatype: float64}
# - {name: sdss_u, datatype: float64}
# - {name: sdss_g, datatype: float64}
# - {name: sdss_r, datatype: float64}
# - {name: sdss_i, datatype: float64}
# - {name: sdss_z, datatype: float64}
# - {name: PS1_g, datatype: float64}
# - {name: PS1_r, datatype: float64}
# - {name: PS1_i, datatype: float64}
# - {name: PS1_z, datatype: float64}
# - {name: PS1_Y, datatype: float64}
# - {name: PS1_w, datatype: float64}
# - {name: ATLAS_c, datatype: float64}
# - {name: ATLAS_o, datatype: float64}
# - {name: ukirt_J, datatype: float64}
# - {name: ukirt_H, datatype: float64}
# - {name: ukirt_K, datatype: float64}
# - {name: Clear, datatype: float64}
# meta: !!omap
# - comment: [kappa = 3.0, type = villar, mass = 0.0012301715156502338, velocity = 0.09266666666666673, theta_obs = 0.0]
# schema: astropy-2.0
time swift_uvot_uvw2 swift_uvot_uvm2 swift_uvot_uvw1 swift_uvot_U swift_uvot_B swift_uvot_V swift_uvot_W johnson_U johnson_B johnson_V johnson_R johnson_I sdss_u sdss_g sdss_r sdss_i sdss_z PS1_g PS1_r PS1_i PS1_z PS1_Y PS1_w ATLAS_c ATLAS_o ukirt_J ukirt_H ukirt_K Clear
[from data line 222]
0.745986 -7.03 -6.729 -8.188 -9.881 -10.915 -11.59 -9.986 -10.072 -10.932 -11.607 -11.996 -12.196 -10.018 -11.182 -11.853 -12.109 -12.216 -11.304 -11.87 -12.124 -12.222 -12.285 -11.808 -11.515 -11.975 -12.173 -11.964 -11.606 -11.768
0.768548 -6.959 -6.576 -8.079 -9.798 -10.861 -11.558 -9.934 -9.994 -10.879 -11.577 -11.983 -12.198 -9.937 -11.137 -11.833 -12.102 -12.22 -11.263 -11.85 -12.118 -12.225 -12.293 -11.789 -11.483 -11.962 -12.191 -11.99 -11.638 -11.751
0.791792 -6.888 -6.415 -7.964 -9.709 -10.802 -11.523 -9.878 -9.911 -10.821 -11.543 -11.968 -12.198 -9.852 -11.087 -11.809 -12.093 -12.221 -11.218 -11.827 -12.11 -12.225 -12.298 -11.768 -11.447 -11.946 -12.208 -12.015 -11.669 -11.73
0.815739 -6.818 -6.245 -7.842 -9.614 -10.739 -11.484 -9.819 -9.821 -10.759 -11.504 -11.95 -12.195 -9.76 -11.033 -11.782 -12.081 -12.22 -11.17 -11.801 -12.098 -12.222 -12.302 -11.743 -11.407 -11.926 -12.223 -12.038 -11.699 -11.707
0.840411 -6.749 -6.067 -7.714 -9.512 -10.67 -11.44 -9.755 -9.725 -10.691 -11.462 -11.928 -12.19 -9.661 -10.975 -11.751 -12.066 -12.217 -11.116 -11.771 -12.084 -12.217 -12.303 -11.715 -11.363 -11.903 -12.236 -12.06 -11.728 -11.681
0.865828 -6.681 -5.878 -7.579 -9.403 -10.595 -11.392 -9.687 -9.623 -10.618 -11.415 -11.903 -12.182 -9.556 -10.911 -11.716 -12.047 -12.211 -11.058 -11.737 -12.066 -12.209 -12.301 -11.684 -11.315 -11.877 -12.247 -12.081 -11.756 -11.651
0.892015 -6.615 -5.68 -7.437 -9.287 -10.515 -11.339 -9.614 -9.513 -10.539 -11.363 -11.874 -12.171 -9.444 -10.842 -11.677 -12.025 -12.202 -10.995 -11.698 -12.045 -12.198 -12.297 -11.648 -11.262 -11.847 -12.256 -12.1 -11.783 -11.618
0.918993 -6.55 -5.47 -7.287 -9.163 -10.428 -11.281 -9.535 -9.396 -10.453 -11.307 -11.841 -12.157 -9.323 -10.767 -11.633 -12.0 -12.189 -10.926 -11.656 -12.02 -12.184 -12.29 -11.608 -11.204 -11.813 -12.263 -12.117 -11.808 -11.581
0.946787 -6.487 -5.249 -7.129 -9.031 -10.334 -11.217 -9.452 -9.27 -10.361 -11.244 -11.804 -12.139 -9.194 -10.685 -11.585 -11.97 -12.174 -10.852 -11.608 -11.991 -12.166 -12.28 -11.564 -11.14 -11.774 -12.267 -12.132 -11.831 -11.54
0.975422 -6.427 -5.016 -6.962 -8.889 -10.233 -11.147 -9.362 -9.135 -10.262 -11.176 -11.763 -12.117 -9.056 -10.597 -11.531 -11.936 -12.154 -10.771 -11.556 -11.957 -12.145 -12.267 -11.516 -11.071 -11.731 -12.269 -12.145 -11.854 -11.495
1.004923 -6.368 -4.77 -6.786 -8.737 -10.124 -11.071 -9.267 -8.991 -10.155 -11.102 -11.716 -12.092 -8.909 -10.502 -11.471 -11.897 -12.131 -10.684 -11.498 -11.919 -12.12 -12.25 -11.462 -10.996 -11.682 -12.268 -12.156 -11.874 -11.445
1.035317 -6.31 -4.511 -6.601 -8.575 -10.007 -10.987 -9.164 -8.837 -10.039 -11.02 -11.664 -12.062 -8.751 -10.399 -11.406 -11.853 -12.104 -10.59 -11.434 -11.877 -12.09 -12.23 -11.402 -10.913 -11.628 -12.264 -12.165 -11.893 -11.39
1.066629 -6.255 -4.239 -6.405 -8.401 -9.88 -10.896 -9.055 -8.671 -9.914 -10.932 -11.606 -12.028 -8.581 -10.287 -11.333 -11.804 -12.072 -10.488 -11.363 -11.828 -12.056 -12.205 -11.337 -10.824 -11.569 -12.257 -12.171 -11.909 -11.33
1.098888 -6.2 -3.952 -6.198 -8.215 -9.743 -10.797 -8.938 -8.494 -9.78 -10.835 -11.542 -11.989 -8.399 -10.166 -11.254 -11.749 -12.035 -10.377 -11.286 -11.774 -12.016 -12.176 -11.265 -10.726 -11.503 -12.246 -12.174 -11.924 -11.265
1.132124 -6.147 -3.651 -5.98 -8.015 -9.595 -10.689 -8.812 -8.303 -9.635 -10.729 -11.471 -11.944 -8.204 -10.035 -11.167 -11.687 -11.993 -10.259 -11.201 -11.714 -11.971 -12.142 -11.186 -10.621 -11.43 -12.232 -12.175 -11.936 -11.194
1.166364 -6.094 -3.337 -5.75 -7.801 -9.436 -10.572 -8.678 -8.099 -9.478 -10.615 -11.393 -11.893 -7.995 -9.894 -11.072 -11.619 -11.945 -10.13 -11.108 -11.647 -11.92 -12.102 -11.1 -10.506 -11.349 -12.213 -12.172 -11.946 -11.116
1.20164 -6.041 -3.011 -5.506 -7.572 -9.264 -10.444 -8.535 -7.879 -9.309 -10.49 -11.307 -11.836 -7.77 -9.741 -10.967 -11.543 -11.891 -9.992 -11.006 -11.573 -11.863 -12.057 -11.006 -10.381 -11.261 -12.19 -12.166 -11.954 -11.032
1.237983 -5.987 -2.675 -5.249 -7.325 -9.078 -10.305 -8.381 -7.643 -9.127 -10.354 -11.212 -11.773 -7.528 -9.575 -10.853 -11.459 -11.83 -9.843 -10.895 -11.49 -11.799 -12.006 -10.904 -10.246 -11.164 -12.162 -12.156 -11.958 -10.94
1.275425 -5.933 -2.333 -4.978 -7.059 -8.877 -10.154 -8.216 -7.389 -8.93 -10.206 -11.108 -11.701 -7.268 -9.396 -10.728 -11.366 -11.761 -9.683 -10.774 -11.399 -11.727 -11.949 -10.792 -10.099 -11.058 -12.129 -12.143 -11.96 -10.841
1.313999 -5.876 -1.991 -4.691 -6.774 -8.66 -9.989 -8.04 -7.115 -8.718 -10.045 -10.994 -11.622 -6.988 -9.202 -10.591 -11.264 -11.685 -9.512 -10.641 -11.299 -11.647 -11.884 -10.669 -9.939 -10.941 -12.09 -12.124 -11.958 -10.734
1.35374 -5.817 -1.658 -4.387 -6.466 -8.426 -9.81 -7.85 -6.821 -8.488 -9.87 -10.869 -11.534 -6.686 -8.992 -10.442 -11.151 -11.6 -9.327 -10.496 -11.188 -11.558 -11.811 -10.536 -9.766 -10.813 -12.045 -12.102 -11.953 -10.618
1.394683 -5.756 -1.342 -4.066 -6.135 -8.172 -9.614 -7.647 -6.503 -8.239 -9.679 -10.732 -11.436 -6.36 -8.764 -10.278 -11.026 -11.505 -9.13 -10.339 -11.066 -11.46 -11.729 -10.391 -9.578 -10.673 -11.993 -12.073 -11.944 -10.493
1.436864 -5.69 -1.053 -3.726 -5.777 -7.897 -9.402 -7.43 -6.16 -7.97 -9.472 -10.582 -11.327 -6.008 -8.517 -10.1 -10.889 -11.4 -8.919 -10.167 -10.931 -11.35 -11.638 -10.232 -9.373 -10.52 -11.934 -12.04 -11.93 -10.358
1.480321 -5.62 -0.8 -3.366 -5.391 -7.599 -9.17 -7.196 -5.788 -7.679 -9.246 -10.418 -11.207 -5.628 -8.249 -9.905 -10.738 -11.283 -8.694 -9.979 -10.783 -11.229 -11.537 -10.059 -9.151 -10.352 -11.866 -12.0 -11.912 -10.213
1.525092 -5.545 -0.584 -2.983 -4.973 -7.275 -8.917 -6.945 -5.387 -7.363 -8.999 -10.238 -11.074 -5.217 -7.958 -9.691 -10.572 -11.153 -8.455 -9.775 -10.621 -11.094 -11.425 -9.871 -8.91 -10.168 -11.789 -11.953 -11.889 -10.056
1.571218 -5.464 -0.403 -2.577 -4.521 -6.924 -8.642 -6.676 -4.952 -7.02 -8.731 -10.041 -10.927 -4.771 -7.641 -9.457 -10.389 -11.009 -8.204 -9.552 -10.442 -10.946 -11.3 -9.665 -8.646 -9.967 -11.703 -11.898 -11.86 -9.889
1.618738 -5.377 -0.249 -2.145 -4.03 -6.542 -8.34 -6.387 -4.48 -6.647 -8.437 -9.824 -10.765 -4.288 -7.296 -9.201 -10.188 -10.851 -7.94 -9.31 -10.246 -10.782 -11.162 -9.44 -8.36 -9.746 -11.605 -11.836 -11.825 -9.709
1.667696 -5.282 -0.114 -1.684 -3.497 -6.126 -8.011 -6.078 -3.967 -6.241 -8.117 -9.587 -10.586 -3.762 -6.921 -8.921 -9.966 -10.674 -7.666 -9.047 -10.03 -10.6 -11.008 -9.195 -8.048 -9.504 -11.495 -11.764 -11.783 -9.517
1.718134 -5.18 0.013 -1.191 -2.918 -5.672 -7.65 -5.745 -3.41 -5.8 -7.766 -9.327 -10.388 -3.19 -6.511 -8.613 -9.722 -10.48 -7.384 -8.761 -9.792 -10.399 -10.839 -8.926 -7.707 -9.239 -11.372 -11.682 -11.734 -9.313
1.770098 -5.068 0.137 -0.664 -2.287 -5.177 -7.255 -5.39 -2.802 -5.319 -7.382 -9.042 -10.169 -2.567 -6.064 -8.276 -9.452 -10.264 -7.098 -8.451 -9.531 -10.178 -10.651 -8.632 -7.334 -8.948 -11.234 -11.588 -11.676 -9.096
1.823633 -4.946 0.265 -0.098 -1.599 -4.636 -6.822 -5.01 -2.138 -4.793 -6.961 -8.728 -9.928 -1.887 -5.574 -7.904 -9.155 -10.025 -6.813 -8.116 -9.244 -9.933 -10.444 -8.31 -6.926 -8.628 -11.079 -11.482 -11.609 -8.866
1.878788 -4.813 0.401 0.512 -0.847 -4.043 -6.345 -4.607 -1.413 -4.219 -6.499 -8.383 -9.66 -1.144 -5.038 -7.496 -8.827 -9.759 -6.532 -7.755 -8.929 -9.662 -10.215 -7.956 -6.48 -8.276 -10.905 -11.362 -11.532 -8.623
1.93561 -4.667 0.548 1.17 -0.024 -3.393 -5.82 -4.181 -0.619 -3.59 -5.992 -8.003 -9.364 -0.329 -4.449 -7.046 -8.464 -9.465 -6.259 -7.37 -8.583 -9.362 -9.962 -7.568 -5.99 -7.889 -10.711 -11.226 -11.443 -8.369
1.994152 -4.508 0.708 1.883 0.879 -2.679 -5.242 -3.736 0.253 -2.9 -5.433 -7.585 -9.036 0.565 -3.802 -6.548 -8.061 -9.138 -5.997 -6.961 -8.203 -9.031 -9.683 -7.14 -5.451 -7.462 -10.493 -11.073 -11.342 -8.103
2.054463 -4.334 0.882 2.656 1.873 -1.893 -4.603 -3.276 1.212 -2.142 -4.816 -7.123 -8.673 1.549 -3.09 -5.999 -7.616 -8.775 -5.743 -6.534 -7.787 -8.665 -9.375 -6.669 -4.858 -6.99 -10.248 -10.899 -11.225 -7.827
2.116599 -4.143 1.073 3.499 2.967 -1.025 -3.897 -2.81 2.269 -1.308 -4.136 -6.612 -8.269 2.633 -2.304 -5.39 -7.12 -8.37 -5.496 -6.095 -7.333 -8.26 -9.037 -6.148 -4.204 -6.468 -9.974 -10.703 -11.093 -7.541
2.180614 -3.932 1.283 4.419 4.175 -0.066 -3.113 -2.348 3.436 -0.388 -3.382 -6.046 -7.82 3.831 -1.434 -4.714 -6.569 -7.919 -5.248 -5.653 -6.841 -7.814 -8.666 -5.572 -3.481 -5.891 -9.665 -10.481 -10.941 -7.246
2.246566 -3.701 1.515 5.427 5.513 0.997 -2.242 -1.901 4.73 0.629 -2.547 -5.419 -7.32 5.158 -0.47 -3.963 -5.955 -7.415 -4.993 -5.219 -6.311 -7.323 -8.262 -4.933 -2.679 -5.249 -9.318 -10.231 -10.769 -6.94
2.314511 -3.446 1.77 6.534 6.999 2.177 -1.271 -1.475 6.165 1.756 -1.619 -4.723 -6.763 6.631 0.602 -3.125 -5.269 -6.851 -4.724 -4.799 -5.75 -6.786 -7.822 -4.223 -1.789 -4.536 -8.928 -9.947 -10.572 -6.624
2.384512 -3.163 2.052 7.754 8.652 3.493 -0.187 -1.069 7.764 3.008 -0.586 -3.947 -6.141 8.272 1.795 -2.189 -4.5 -6.218 -4.435 -4.396 -5.166 -6.202 -7.349 -3.432 -0.797 -3.741 -8.486 -9.625 -10.347 -6.293
2.45663 -2.85 2.366 9.102 10.499 4.962 1.026 -0.675 9.55 4.401 0.567 -3.082 -5.444 10.104 3.13 -1.141 -3.638 -5.508 -4.118 -4.003 -4.576 -5.577 -6.844 -2.547 0.31 -2.851 -7.988 -9.259 -10.09 -5.944
2.530929 -2.541 2.675 10.197 11.985 6.159 2.029 -0.33 10.988 5.537 1.521 -2.349 -4.839 11.578 4.223 -0.265 -2.904 -4.89 -3.807 -3.658 -4.098 -5.05 -6.405 -1.798 1.23 -2.099 -7.531 -8.905 -9.819 -5.616
2.607475 -2.299 2.917 10.439 12.226 6.4 2.271 -0.088 11.23 5.779 1.763 -2.107 -4.597 11.82 4.465 -0.023 -2.662 -4.648 -3.565 -3.416 -3.856 -4.808 -6.163 -1.556 1.472 -1.857 -7.289 -8.663 -9.577 -5.374
2.686337 -2.042 3.174 10.696 12.483 6.657 2.528 0.169 11.487 6.036 2.019 -1.85 -4.34 12.077 4.721 0.234 -2.405 -4.392 -3.309 -3.159 -3.599 -4.552 -5.906 -1.299 1.729 -1.6 -7.032 -8.406 -9.321 -5.117
2.767583 -1.769 3.447 10.969 12.756 6.93 2.8 0.442 11.76 6.308 2.292 -1.577 -4.068 12.35 4.994 0.507 -2.132 -4.119 -3.036 -2.886 -3.326 -4.279 -5.633 -1.026 2.001 -1.328 -6.759 -8.133 -9.048 -4.844
2.851287 -1.479 3.736 11.259 13.046 7.22 3.09 0.731 12.05 6.598 2.582 -1.288 -3.778 12.639 5.284 0.796 -1.843 -3.829 -2.746 -2.596 -3.036 -3.989 -5.343 -0.737 2.291 -1.038 -6.47 -7.844 -8.758 -4.554
2.937522 -1.172 4.044 11.566 13.353 7.527 3.398 1.039 12.357 6.905 2.889 -0.98 -3.47 12.947 5.591 1.104 -1.535 -3.522 -2.439 -2.289 -2.729 -3.682 -5.036 -0.429 2.598 -0.731 -6.162 -7.536 -8.451 -4.247
3.026365 -0.846 4.37 11.892 13.68 7.854 3.724 1.365 12.683 7.232 3.216 -0.654 -3.144 13.273 5.918 1.43 -1.209 -3.195 -2.112 -1.963 -2.403 -3.355 -4.71 -0.103 2.925 -0.404 -5.836 -7.21 -8.124 -3.92
3.117896 -0.499 4.717 12.239 14.026 8.2 4.07 1.711 13.03 7.578 3.562 -0.307 -2.798 13.62 6.264 1.777 -0.863 -2.849 -1.766 -1.616 -2.056 -3.009 -4.363 0.244 3.271 -0.058 -5.489 -6.864 -7.778 -3.574
3.212194 -0.131 5.084 12.607 14.394 8.568 4.438 2.079 13.398 7.946 3.93 0.06 -2.43 13.987 6.632 2.144 -0.495 -2.481 -1.398 -1.248 -1.688 -2.641 -3.995 0.611 3.639 0.31 -5.122 -6.496 -7.41 -3.206
3.309345 0.259 5.475 12.997 14.784 8.958 4.828 2.47 13.788 8.336 4.32 0.451 -2.04 14.378 7.022 2.535 -0.105 -2.091 -1.008 -0.858 -1.298 -2.251 -3.605 1.002 4.029 0.7 -4.731 -6.105 -7.02 -2.816
3.409434 0.673 5.889 13.411 15.198 9.372 5.243 2.884 14.202 8.751 4.735 0.865 -1.625 14.792 7.437 2.949 0.31 -1.676 -0.593 -0.444 -0.884 -1.837 -3.191 1.416 4.444 1.115 -4.317 -5.691 -6.605 -2.402
3.51255 1.113 6.329 13.851 15.638 9.812 5.683 3.324 14.642 9.19 5.174 1.305 -1.185 15.232 7.876 3.389 0.75 -1.237 -0.154 -0.004 -0.444 -1.397 -2.751 1.856 4.883 1.554 -3.877 -5.251 -6.166 -1.962
3.618785 1.58 6.796 14.318 16.105 10.279 6.149 3.79 15.109 9.657 5.641 1.772 -0.719 15.699 8.343 3.856 1.216 -0.77 0.313 0.463 0.023 -0.93 -2.284 2.323 5.35 2.021 -3.411 -4.785 -5.699 -1.495
3.728232 2.075 7.291 14.813 16.6 10.774 6.645 4.286 15.604 10.153 6.137 2.267 -0.223 16.194 8.839 4.351 1.712 -0.274 0.809 0.958 0.518 -0.434 -1.789 2.818 5.846 2.517 -2.915 -4.289 -5.203 -1.0
3.84099 2.601 7.817 15.339 17.126 11.3 7.171 4.812 16.13 10.679 6.662 2.793 0.303 16.72 9.364 4.877 2.238 0.251 1.334 1.484 1.044 0.091 -1.263 3.344 6.372 3.042 -2.389 -3.763 -4.678 -0.474
3.957158 3.159 8.375 15.897 17.685 11.859 7.729 5.37 16.688 11.237 7.221 3.351 0.861 17.278 9.923 5.435 2.796 0.81 1.893 2.042 1.602 0.65 -0.705 3.902 6.93 3.601 -1.831 -3.205 -4.119 0.084
4.07684 3.752 8.967 16.49 18.277 12.451 8.321 5.962 17.281 11.829 7.813 3.944 1.453 17.871 10.515 6.028 3.388 1.402 2.485 2.635 2.195 1.242 -0.112 4.495 7.522 4.193 -1.239 -2.613 -3.527 0.677
4.200141 4.381 9.596 17.119 18.906 13.08 8.95 6.591 17.91 12.458 8.442 4.573 2.082 18.499 11.144 6.656 4.017 2.031 3.114 3.264 2.824 1.871 0.517 5.123 8.151 4.822 -0.61 -1.984 -2.898 1.306
4.327172 5.048 10.264 17.786 19.573 13.747 9.618 7.259 18.577 13.125 9.109 5.24 2.75 19.167 11.811 7.324 4.685 2.698 3.781 3.931 3.491 2.538 1.184 5.791 8.818 5.489 0.058 -1.316 -2.231 1.973
4.458044 5.757 10.972 18.495 20.282 14.456 10.326 7.967 19.286 13.834 9.818 5.948 3.458 19.875 12.52 8.032 5.393 3.407 4.49 4.639 4.199 3.247 1.893 6.499 9.527 6.198 0.766 -0.608 -1.522 2.682
4.592874 6.508 11.724 19.246 21.034 15.208 11.078 8.719 20.038 14.586 10.57 6.7 4.21 20.627 13.272 8.784 6.145 4.159 5.242 5.391 4.951 3.999 2.645 7.251 10.279 6.95 1.518 0.144 -0.77 3.434
4.731783 7.307 12.522 20.045 21.832 16.006 11.876 9.517 20.836 15.384 11.368 7.498 5.008 21.425 14.07 9.582 6.943 4.957 6.04 6.189 5.749 4.797 3.443 8.049 11.077 7.748 2.316 0.942 0.028 4.232
4.874892 8.154 13.369 20.892 22.679 16.853 12.723 10.364 21.683 16.231 12.215 8.346 5.855 22.272 14.917 10.429 7.79 5.804 6.887 7.037 6.597 5.644 4.29 8.896 11.924 8.595 3.163 1.789 0.875 5.079
5.02233 9.053 14.268 21.791 23.578 17.752 13.622 11.263 22.582 17.13 13.114 9.245 6.754 23.172 15.816 11.329 8.689 6.703 7.786 7.936 7.496 6.543 5.189 9.795 12.823 9.494 4.062 2.688 1.774 5.978
5.174227 10.007 15.223 22.745 24.532 18.706 14.577 12.218 23.536 18.084 14.068 10.199 7.709 24.126 16.77 12.283 9.644 7.657 8.74 8.89 8.45 7.497 6.143 10.75 13.777 10.448 5.017 3.643 2.728 6.932
5.330718 11.02 16.236 23.758 25.545 19.719 15.59 13.231 24.549 19.097 15.081 11.212 8.721 25.139 17.783 13.296 10.657 8.67 9.753 9.903 9.463 8.51 7.156 11.763 14.79 11.461 6.03 4.656 3.741 7.945
5.491942 12.095 17.311 24.833 26.62 20.794 16.665 14.306 25.624 20.173 16.156 12.287 9.797 26.214 18.858 14.371 11.732 9.745 10.828 10.978 10.538 9.585 8.231 12.838 15.866 12.536 7.105 5.731 4.816 9.02
5.658042 13.236 18.452 25.974 27.761 21.935 17.806 15.447 26.765 21.314 17.298 13.428 10.938 27.355 20.0 15.512 12.873 10.887 11.97 12.119 11.679 10.727 9.372 13.979 17.007 13.678 8.246 6.872 5.958 10.161
5.829166 14.448 19.663 27.186 28.973 23.147 19.017 16.658 27.977 22.525 18.509 14.639 12.149 28.566 21.211 16.723 14.084 12.098 13.181 13.33 12.89 11.938 10.584 15.19 18.218 14.889 9.457 8.083 7.169 11.373
6.005465 15.733 20.949 28.471 30.258 24.432 20.303 17.944 29.262 23.81 19.794 15.925 13.435 29.852 22.496 18.009 15.37 13.383 14.466 14.616 14.176 13.223 11.869 16.476 19.503 16.174 10.743 9.369 8.454 12.658
6.187096 17.098 22.313 29.836 31.623 25.797 21.667 19.308 30.627 25.175 21.159 17.289 14.799 31.216 23.861 19.373 16.734 14.748 15.831 15.981 15.541 14.588 13.234 17.84 20.868 17.539 12.107 10.733 9.819 14.023
6.37422 18.546 23.762 31.284 33.071 27.245 23.115 20.757 32.075 26.623 22.607 18.738 16.247 32.665 25.309 20.822 18.182 16.196 17.279 17.429 16.989 16.036 14.682 19.289 22.316 18.987 13.556 12.182 11.267 15.471
6.567004 20.083 25.299 32.821 34.608 28.782 24.653 22.294 33.612 28.161 24.144 20.275 17.785 34.202 26.846 22.359 19.72 17.733 18.816 18.966 18.526 17.573 16.219 20.826 23.854 20.524 15.093 13.719 12.804 17.008
6.765619 21.715 26.93 34.453 36.24 30.414 26.284 23.925 35.244 29.792 25.776 21.907 19.416 35.834 28.478 23.991 21.351 19.365 20.448 20.598 20.158 19.205 17.851 22.458 25.485 22.156 16.724 15.35 14.436 18.64
