web/models/kne/34/Metzger_0.004482_0.386552_0.450000.dat
# %ECSV 0.9
# ---
# datatype:
# - {name: time, datatype: float64}
# - {name: sdss_u, datatype: float64}
# - {name: sdss_g, datatype: float64}
# - {name: sdss_r, datatype: float64}
# - {name: sdss_i, datatype: float64}
# - {name: sdss_z, datatype: float64}
# - {name: PS1_y, datatype: float64}
# - {name: ukirt_J, datatype: float64}
# - {name: ukirt_H, datatype: float64}
# - {name: ukirt_K, datatype: float64}
# - {name: johnson_U, datatype: float64}
# - {name: johnson_B, datatype: float64}
# - {name: johnson_V, datatype: float64}
# - {name: johnson_R, datatype: float64}
# - {name: johnson_I, datatype: float64}
# - {name: Clear, datatype: float64}
# meta: !!omap
# - comment: [vej = 0.38655172413793104, mej = 0.004482037834891008, Ye = 0.45, redshift = 0.0]
# schema: astropy-2.0
time sdss_u sdss_g sdss_r sdss_i sdss_z PS1_y ukirt_J ukirt_H ukirt_K johnson_U johnson_B johnson_V johnson_R johnson_I Clear
[from data line 1608]
80.500000 nan 542.657222 416.787727 336.536046 287.422080 256.618535 194.000258 137.988749 100.904550 717.422316 598.034991 469.655914 401.453802 282.468158 411.743905
80.550000 nan 542.986975 417.044345 336.745959 287.603366 256.781842 194.126943 138.082539 100.976440 717.853464 598.396888 469.943265 401.701501 282.646553 411.997590
80.600000 nan 543.316718 417.300956 336.955866 287.784646 256.945145 194.253624 138.176328 101.048328 718.284598 598.758774 470.230608 401.949194 282.824944 412.251267
80.650000 nan 543.646451 417.557559 337.165767 287.965921 257.108444 194.380302 138.270113 101.120214 718.715719 599.120649 470.517941 402.196879 283.003329 412.504937
80.700000 nan 543.976173 417.814154 337.375661 288.147191 257.271737 194.506976 138.363897 101.192099 719.146827 599.482512 470.805267 402.444557 283.181709 412.758600
80.750000 nan 544.305886 418.070742 337.585550 288.328456 257.435027 194.633647 138.457678 101.263983 719.577922 599.844365 471.092583 402.692227 283.360084 413.012254
80.800000 nan 544.635588 418.327322 337.795432 288.509715 257.598311 194.760315 138.551457 101.335864 720.009003 600.206206 471.379891 402.939890 283.538455 413.265902
80.850000 nan 544.965281 418.583895 338.005309 288.690970 257.761591 194.886979 138.645234 101.407744 720.440071 600.568036 471.667190 403.187546 283.716820 413.519541
80.900000 nan 545.294963 418.840459 338.215179 288.872219 257.924867 195.013640 138.739008 101.479623 720.871125 600.929856 471.954481 403.435194 283.895180 413.773174
80.950000 nan 545.624636 419.097017 338.425043 289.053463 258.088138 195.140298 138.832781 101.551500 721.302166 601.291664 472.241763 403.682835 284.073535 414.026798
81.000000 nan 545.954299 419.353566 338.634901 289.234702 258.251404 195.266952 138.926550 101.623376 721.733194 601.653461 472.529036 403.930469 284.251885 414.280416
81.050000 nan 546.283951 419.610108 338.844753 289.415936 258.414666 195.393603 139.020318 101.695249 722.164209 602.015247 472.816301 404.178096 284.430230 414.534025
81.100000 nan 546.613594 419.866643 339.054599 289.597165 258.577923 195.520251 139.114083 101.767122 722.595210 602.377023 473.103557 404.425715 284.608570 414.787628
81.150000 nan 546.943227 420.123170 339.264439 289.778389 258.741176 195.646895 139.207846 101.838993 723.026198 602.738787 473.390804 404.673327 284.786904 415.041222
81.200000 nan 547.272849 420.379689 339.474273 289.959607 258.904424 195.773536 139.301607 101.910862 723.457173 603.100540 473.678043 404.920931 284.965234 415.294810
81.250000 nan 547.602462 420.636201 339.684101 290.140821 259.067668 195.900174 139.395366 101.982729 723.888134 603.462282 473.965274 405.168529 285.143559 415.548389
81.300000 nan 547.932065 420.892705 339.893923 290.322029 259.230907 196.026808 139.489122 102.054596 724.319083 603.824013 474.252496 405.416119 285.321879 415.801962
81.350000 nan 548.261658 421.149202 340.103739 290.503232 259.394142 196.153439 139.582876 102.126460 724.750018 604.185734 474.539709 405.663702 285.500194 416.055527
81.400000 nan 548.591241 421.405691 340.313549 290.684430 259.557372 196.280066 139.676628 102.198323 725.180940 604.547443 474.826914 405.911277 285.678503 416.309084
81.450000 nan 548.920814 421.662173 340.523352 290.865623 259.720598 196.406691 139.770377 102.270185 725.611848 604.909141 475.114110 406.158845 285.856808 416.562634
81.500000 nan 549.250377 421.918647 340.733150 291.046811 259.883819 196.533312 139.864124 102.342044 726.042744 605.270828 475.401298 406.406406 286.035108 416.816177
81.550000 nan 549.579930 422.175113 340.942942 291.227994 260.047036 196.659929 139.957869 102.413903 726.473626 605.632505 475.688477 406.653960 286.213403 417.069712
81.600000 nan 549.909474 422.431572 341.152727 291.409171 260.210248 196.786543 140.051612 102.485760 726.904495 605.994170 475.975648 406.901507 286.391692 417.323239
81.650000 nan 550.239007 422.688024 341.362507 291.590344 260.373455 196.913154 140.145352 102.557615 727.335351 606.355825 476.262810 407.149046 286.569977 417.576760
81.700000 nan 550.568531 422.944468 341.572281 291.771512 260.536658 197.039762 140.239090 102.629468 727.766194 606.717468 476.549964 407.396578 286.748257 417.830272
81.750000 nan 550.898045 423.200904 341.782048 291.952674 260.699857 197.166366 140.332826 102.701321 728.197023 607.079101 476.837109 407.644103 286.926532 418.083778
81.800000 nan 551.227548 423.457333 341.991810 292.133831 260.863051 197.292967 140.426560 102.773171 728.627840 607.440723 477.124245 407.891621 287.104802 418.337276
81.850000 nan 551.557042 423.713754 342.201565 292.314984 261.026241 197.419565 140.520291 102.845020 729.058643 607.802334 477.411374 408.139131 287.283066 418.590766
81.900000 nan 551.886527 423.970168 342.411315 292.496131 261.189426 197.546159 140.614020 102.916868 729.489434 608.163934 477.698493 408.386635 287.461326 418.844249
81.950000 nan 552.216001 424.226575 342.621059 292.677273 261.352606 197.672750 140.707747 102.988714 729.920211 608.525523 477.985604 408.634131 287.639581 419.097725
82.000000 nan 552.545465 424.482974 342.830796 292.858410 261.515782 197.799338 140.801472 103.060558 730.350975 608.887101 478.272707 408.881619 287.817831 419.351194
82.050000 nan 552.874920 424.739365 343.040528 293.039542 261.678954 197.925922 140.895194 103.132401 730.781726 609.248669 478.559801 409.129101 287.996076 419.604655
82.100000 nan 553.204365 424.995749 343.250254 293.220669 261.842121 198.052504 140.988914 103.204242 731.212464 609.610225 478.846887 409.376576 288.174316 419.858108
82.150000 nan 553.533800 425.252126 343.459974 293.401791 262.005284 198.179081 141.082632 103.276082 731.643189 609.971771 479.133965 409.624043 288.352551 420.111555
82.200000 nan 553.863225 425.508495 343.669687 293.582908 262.168442 198.305656 141.176348 103.347920 732.073901 610.333306 479.421034 409.871503 288.530781 420.364993
82.250000 nan 554.192641 425.764857 343.879395 293.764020 262.331596 198.432227 141.270061 103.419757 732.504599 610.694830 479.708094 410.118956 288.709006 420.618425
82.300000 nan 554.522046 426.021211 344.089097 293.945127 262.494745 198.558795 141.363772 103.491592 732.935285 611.056344 479.995146 410.366402 288.887226 420.871849
82.350000 nan 554.851442 426.277557 344.298793 294.126228 262.657890 198.685360 141.457481 103.563426 733.365958 611.417846 480.282190 410.613840 289.065442 421.125266
82.400000 nan 555.180828 426.533897 344.508483 294.307325 262.821031 198.811921 141.551188 103.635258 733.796618 611.779338 480.569225 410.861272 289.243652 421.378676
82.450000 nan 555.510205 426.790229 344.718167 294.488417 262.984166 198.938479 141.644892 103.707088 734.227264 612.140819 480.856252 411.108696 289.421857 421.632078
82.500000 nan 555.839571 427.046553 344.927845 294.669504 263.147298 199.065034 141.738594 103.778917 734.657898 612.502289 481.143270 411.356113 289.600058 421.885472
82.550000 nan 556.168928 427.302870 345.137517 294.850585 263.310425 199.191586 141.832294 103.850745 735.088519 612.863748 481.430280 411.603523 289.778253 422.138860
82.600000 nan 556.498275 427.559180 345.347184 295.031662 263.473548 199.318134 141.925992 103.922571 735.519127 613.225197 481.717282 411.850926 289.956444 422.392240
82.650000 nan 556.827612 427.815482 345.556844 295.212733 263.636666 199.444679 142.019688 103.994395 735.949721 613.586634 482.004275 412.098322 290.134629 422.645613
82.700000 nan 557.156940 428.071777 345.766498 295.393800 263.799779 199.571220 142.113381 104.066218 736.380303 613.948061 482.291260 412.345711 290.312810 422.898979
82.750000 nan 557.486258 428.328064 345.976147 295.574862 263.962889 199.697759 142.207072 104.138039 736.810872 614.309478 482.578236 412.593092 290.490986 423.152337
82.800000 nan 557.815566 428.584344 346.185789 295.755918 264.125994 199.824294 142.300761 104.209859 737.241428 614.670883 482.865204 412.840467 290.669157 423.405688
82.850000 nan 558.144865 428.840617 346.395426 295.936970 264.289094 199.950826 142.394447 104.281677 737.671971 615.032278 483.152164 413.087834 290.847323 423.659031
82.900000 nan 558.474153 429.096882 346.605057 296.118017 264.452190 200.077354 142.488132 104.353494 738.102501 615.393662 483.439115 413.335194 291.025484 423.912368
82.950000 nan 558.803432 429.353140 346.814682 296.299058 264.615281 200.203880 142.581814 104.425309 738.533019 615.755036 483.726058 413.582548 291.203640 424.165697
83.000000 nan 559.132702 429.609390 347.024301 296.480095 264.778369 200.330402 142.675494 104.497123 inf 616.116398 484.012993 413.829894 291.381791 424.419019
83.050000 nan 559.461962 429.865633 347.233914 296.661127 264.941451 200.456921 142.769172 104.568935 nan 616.477751 484.299919 414.077233 291.559938 424.672333
83.100000 nan 559.791212 430.121869 347.443521 296.842153 265.104530 200.583436 142.862847 104.640745 nan 616.839092 484.586837 414.324565 291.738079 424.925640
83.150000 nan 560.120452 430.378098 347.653122 297.023175 265.267604 200.709949 142.956520 104.712555 nan 617.200423 484.873747 414.571889 291.916216 425.178940
83.200000 nan 560.449683 430.634319 347.862718 297.204192 265.430673 200.836458 143.050191 104.784362 nan 617.561743 485.160648 414.819207 292.094348 425.432233
83.250000 nan 560.778904 430.890532 348.072307 297.385203 265.593738 200.962964 143.143860 104.856168 nan 617.923052 485.447541 415.066518 292.272474 425.685519
83.300000 nan 561.108115 431.146739 348.281891 297.566210 265.756799 201.089466 143.237527 104.927973 nan 618.284351 485.734426 415.313821 292.450596 425.938797
83.350000 nan 561.437317 431.402938 348.491469 297.747212 265.919855 201.215965 143.331191 104.999776 nan 618.645639 486.021303 415.561118 292.628714 426.192068
83.400000 nan 561.766509 431.659130 348.701041 297.928209 266.082907 201.342461 143.424854 105.071577 nan 619.006916 486.308171 415.808408 292.806826 426.445332
83.450000 nan 562.095692 431.915314 348.910607 298.109201 266.245955 201.468954 143.518514 105.143377 nan 619.368183 486.595031 416.055690 292.984933 426.698588
83.500000 nan 562.424865 432.171491 349.120167 298.290188 266.408998 201.595444 143.612171 105.215176 nan 619.729439 486.881882 416.302966 293.163036 426.951837
83.550000 nan 562.754028 432.427661 349.329722 298.471170 266.572036 201.721930 143.705827 105.286973 nan 620.090685 487.168725 416.550234 293.341133 427.205080
83.600000 nan 563.083182 432.683823 349.539270 298.652147 266.735071 201.848413 143.799480 105.358768 nan 620.451919 487.455560 416.797495 293.519226 427.458314
83.650000 nan 563.412326 432.939978 349.748813 298.833119 266.898101 201.974893 143.893132 105.430562 nan 620.813144 487.742387 417.044750 293.697314 427.711542
83.700000 nan 563.741461 433.196126 349.958350 299.014086 267.061126 202.101370 143.986781 105.502354 nan 621.174358 488.029206 417.291997 293.875397 427.964763
83.750000 nan 564.070586 433.452267 350.167881 299.195048 267.224148 202.227843 144.080427 105.574145 nan 621.535561 488.316016 417.539238 294.053475 428.217976
83.800000 nan 564.399701 433.708400 350.377406 299.376006 267.387164 202.354314 144.174072 105.645934 nan 621.896753 488.602818 417.786471 294.231549 428.471182
83.850000 nan 564.728807 433.964526 350.586926 299.556958 267.550177 202.480781 144.267714 105.717722 nan 622.257935 488.889612 418.033697 294.409618 428.724381
83.900000 nan 565.057903 434.220645 350.796440 299.737906 267.713185 202.607244 144.361355 105.789509 nan 622.619107 489.176397 418.280917 294.587681 428.977572
83.950000 nan 565.386990 434.476756 351.005947 299.918848 267.876189 202.733705 144.454993 105.861293 nan 622.980268 489.463175 418.528129 294.765740 429.230757
84.000000 nan 565.716068 434.732861 351.215449 300.099786 268.039188 202.860162 144.548628 105.933077 nan 623.341418 489.749944 418.775334 294.943794 429.483934
84.050000 nan 566.045135 434.988958 351.424946 300.280719 268.202183 202.986616 144.642262 106.004858 nan 623.702558 490.036705 419.022533 295.121844 429.737105
84.100000 nan 566.374193 435.245047 351.634436 300.461646 268.365174 203.113067 144.735893 106.076639 nan 624.063687 490.323457 419.269724 295.299888 429.990268
84.150000 nan 566.703242 435.501130 351.843921 300.642569 268.528160 203.239515 144.829523 106.148418 nan 624.424806 490.610202 419.516909 295.477928 430.243424
84.200000 nan 567.032281 435.757205 352.053399 300.823487 268.691142 203.365960 144.923150 106.220195 nan 624.785915 490.896938 419.764086 295.655962 430.496572
84.250000 nan 567.361311 436.013273 352.262872 301.004400 268.854120 203.492401 145.016775 106.291971 nan 625.147012 491.183666 420.011257 295.833993 430.749714
84.300000 nan 567.690331 436.269334 352.472340 301.185309 269.017093 203.618839 145.110397 106.363745 nan 625.508100 491.470386 420.258420 296.012018 431.002848
84.350000 nan 568.019342 436.525387 352.681801 301.366212 269.180062 203.745274 145.204018 106.435518 nan 625.869177 491.757098 420.505577 296.190038 431.255976
84.400000 nan 568.348343 436.781434 352.891257 301.547110 269.343027 203.871706 145.297636 106.507289 nan 626.230243 492.043802 420.752727 296.368054 431.509096
84.450000 nan 568.677335 437.037473 353.100707 301.728004 269.505987 203.998134 145.391252 106.579059 nan 626.591299 492.330497 420.999869 296.546065 431.762209
84.500000 nan 569.006317 437.293505 353.310151 301.908893 269.668943 204.124559 145.484866 106.650827 nan 626.952344 492.617184 421.247005 296.724071 432.015315
84.550000 nan 569.335290 437.549529 353.519589 302.089776 269.831895 204.250981 145.578478 106.722594 nan 627.313379 492.903863 421.494134 296.902072 432.268414
84.600000 nan 569.664253 437.805547 353.729022 302.270655 269.994843 204.377400 145.672088 106.794359 nan 627.674404 493.190534 421.741256 297.080068 432.521505
84.650000 nan 569.993207 438.061557 353.938449 302.451529 270.157786 204.503816 145.765695 106.866123 nan 628.035418 493.477197 421.988371 297.258060 432.774590
84.700000 nan 570.322151 438.317560 354.147870 302.632399 270.320724 204.630229 145.859300 106.937885 nan 628.396421 493.763852 422.235479 297.436047 433.027667
84.750000 nan 570.651086 438.573556 354.357285 302.813263 270.483659 204.756638 145.952904 107.009646 nan 628.757415 494.050498 422.482580 297.614029 433.280738
84.800000 nan 570.980012 438.829545 354.566695 302.994122 270.646589 204.883044 146.046505 107.081405 nan 629.118397 494.337137 422.729675 297.792006 433.533801
84.850000 nan 571.308928 439.085526 354.776099 303.174977 270.809515 205.009447 146.140103 107.153163 nan 629.479370 494.623767 422.976762 297.969979 433.786857
84.900000 nan 571.637835 439.341501 354.985497 303.355827 270.972436 205.135847 146.233700 107.224919 nan 629.840332 494.910389 423.223843 298.147947 434.039907
84.950000 nan 571.966732 439.597468 355.194890 303.536671 271.135353 205.262244 146.327294 107.296674 nan 630.201284 495.197003 423.470916 298.325910 434.292949
85.000000 nan 572.295620 439.853428 355.404276 303.717512 271.298266 205.388637 146.420887 107.368427 nan 630.562225 495.483609 423.717983 298.503868 434.545984
85.050000 nan 572.624499 440.109381 355.613657 303.898347 271.461175 205.515027 146.514477 107.440179 nan 630.923156 495.770207 423.965043 298.681821 434.799012
85.100000 nan 572.953368 440.365327 355.823033 304.079177 271.624079 205.641414 146.608065 107.511929 nan 631.284076 496.056797 424.212096 298.859770 435.052033
85.150000 nan 573.282227 440.621265 356.032402 304.260003 271.786979 205.767798 146.701650 107.583678 nan 631.644986 496.343379 424.459142 299.037714 435.305047
85.200000 nan 573.611078 440.877197 356.241766 304.440823 271.949875 205.894179 146.795234 107.655425 nan 632.005886 496.629952 424.706181 299.215654 435.558053
85.250000 nan 573.939919 441.133121 356.451124 304.621639 272.112767 206.020557 146.888816 107.727171 nan 632.366775 496.916518 424.953214 299.393588 435.811053
