web/models/kne/34/Metzger_0.005553_0.451379_0.100000.dat
# %ECSV 0.9
# ---
# datatype:
# - {name: time, datatype: float64}
# - {name: sdss_u, datatype: float64}
# - {name: sdss_g, datatype: float64}
# - {name: sdss_r, datatype: float64}
# - {name: sdss_i, datatype: float64}
# - {name: sdss_z, datatype: float64}
# - {name: PS1_y, datatype: float64}
# - {name: ukirt_J, datatype: float64}
# - {name: ukirt_H, datatype: float64}
# - {name: ukirt_K, datatype: float64}
# - {name: johnson_U, datatype: float64}
# - {name: johnson_B, datatype: float64}
# - {name: johnson_V, datatype: float64}
# - {name: johnson_R, datatype: float64}
# - {name: johnson_I, datatype: float64}
# - {name: Clear, datatype: float64}
# meta: !!omap
# - comment: [vej = 0.4513793103448276, mej = 0.00555320171962985, Ye = 0.1, redshift = 0.0]
# schema: astropy-2.0
time sdss_u sdss_g sdss_r sdss_i sdss_z PS1_y ukirt_J ukirt_H ukirt_K johnson_U johnson_B johnson_V johnson_R johnson_I Clear
[from data line 591]
29.650000 285.872125 205.313685 154.362096 121.954664 102.166369 89.779136 64.676856 42.361625 27.712359 276.211010 227.763486 175.748106 148.164173 100.172837 152.323135
29.700000 286.359539 205.674351 154.642289 122.183465 102.363670 89.956656 64.814077 42.462651 27.789287 276.683246 228.159522 176.062116 148.434552 100.366959 152.600101
29.750000 286.846892 206.034973 154.922450 122.412241 102.560949 90.134156 64.951285 42.563670 27.866210 277.155423 228.555509 176.376088 148.704901 100.561059 152.877034
29.800000 287.334183 206.395552 155.202577 122.640990 102.758208 90.311638 65.088480 42.664680 27.943128 277.627540 228.951448 176.690023 148.975218 100.755138 153.153935
29.850000 287.821414 206.756087 155.482672 122.869714 102.955445 90.489101 65.225662 42.765682 28.020042 278.099599 229.347338 177.003920 149.245503 100.949196 153.430803
29.900000 288.308583 207.116578 155.762734 123.098413 103.152660 90.666546 65.362831 42.866676 28.096950 278.571598 229.743179 177.317781 149.515757 101.143234 153.707640
29.950000 288.795692 207.477026 156.042764 123.327086 103.349854 90.843972 65.499987 42.967661 28.173854 279.043539 230.138972 177.631604 149.785980 101.337250 153.984444
30.000000 289.282740 207.837430 156.322761 123.555733 103.547028 91.021379 65.637129 43.068639 28.250752 279.515422 230.534717 177.945390 150.056172 101.531246 154.261216
30.050000 289.769728 208.197791 156.602726 123.784355 103.744180 91.198768 65.774259 43.169608 28.327646 279.987246 230.930414 178.259139 150.326333 101.725221 154.537957
30.100000 290.256656 208.558109 156.882659 124.012952 103.941310 91.376139 65.911376 43.270569 28.404535 280.459012 231.326063 178.572852 150.596463 101.919176 154.814665
30.150000 290.743523 208.918384 157.162559 124.241524 104.138420 91.553491 66.048479 43.371522 28.481419 280.930720 231.721665 178.886527 150.866562 102.113110 155.091342
30.200000 291.230331 209.278616 157.442427 124.470070 104.335509 91.730825 66.185570 43.472467 28.558299 281.402370 232.117218 179.200166 151.136630 102.307023 155.367987
30.250000 291.717079 209.638806 157.722264 124.698591 104.532577 91.908140 66.322648 43.573404 28.635173 281.873963 232.512724 179.513768 151.406667 102.500915 155.644600
30.300000 292.203767 209.998952 158.002068 124.927087 104.729624 92.085437 66.459713 43.674333 28.712043 282.345497 232.908183 179.827334 151.676674 102.694788 155.921182
30.350000 292.690395 210.359056 158.281840 125.155558 104.926650 92.262716 66.596765 43.775254 28.788908 282.816975 233.303594 180.140864 151.946650 102.888639 156.197732
30.400000 293.176965 210.719117 158.561581 125.384004 105.123655 92.439977 66.733804 43.876167 28.865768 283.288395 233.698958 180.454357 152.216596 103.082471 156.474251
30.450000 293.663475 211.079137 158.841290 125.612425 105.320640 92.617220 66.870831 43.977072 28.942623 283.759757 234.094275 180.767814 152.486511 103.276282 156.750739
30.500000 294.149926 211.439113 159.120967 125.840821 105.517604 92.794445 67.007845 44.077969 29.019473 284.231063 234.489545 181.081235 152.756396 103.470073 157.027196
30.550000 294.636318 211.799048 159.400613 126.069192 105.714547 92.971651 67.144846 44.178858 29.096319 284.702312 234.884768 181.394620 153.026251 103.663843 157.303621
30.600000 295.122652 212.158940 159.680227 126.297539 105.911470 93.148840 67.281834 44.279739 29.173160 285.173504 235.279945 181.707969 153.296075 103.857594 157.580015
30.650000 295.608927 212.518791 159.959809 126.525860 106.108372 93.326010 67.418809 44.380612 29.249996 285.644639 235.675075 182.021282 153.565870 104.051324 157.856378
30.700000 296.095143 212.878600 160.239361 126.754158 106.305253 93.503163 67.555772 44.481477 29.326827 286.115719 236.070158 182.334559 153.835634 104.245034 158.132711
30.750000 296.581301 213.238366 160.518881 126.982430 106.502114 93.680298 67.692723 44.582334 29.403654 286.586741 236.465195 182.647800 154.105368 104.438724 158.409012
30.800000 297.067401 213.598092 160.798370 127.210679 106.698955 93.857415 67.829661 44.683184 29.480475 287.057708 236.860186 182.961006 154.375073 104.632395 158.685283
30.850000 297.553443 213.957775 161.077828 127.438902 106.895775 94.034514 67.966586 44.784025 29.557292 287.528618 237.255131 183.274177 154.644747 104.826045 158.961523
30.900000 298.039428 214.317418 161.357254 127.667102 107.092575 94.211596 68.103498 44.884859 29.634105 287.999473 237.650029 183.587312 154.914392 105.019675 159.237732
30.950000 298.525354 214.677018 161.636650 127.895277 107.289355 94.388659 68.240399 44.985685 29.710912 288.470272 238.044882 183.900412 155.184007 105.213286 159.513911
31.000000 299.011223 215.036578 161.916015 128.123428 107.486115 94.565706 68.377286 45.086503 29.787715 288.941015 238.439689 184.213476 155.453592 105.406876 159.790060
31.050000 299.497034 215.396096 162.195349 128.351554 107.682854 94.742734 68.514162 45.187313 29.864514 289.411703 238.834450 184.526506 155.723148 105.600447 160.066178
31.100000 299.982788 215.755574 162.474653 128.579656 107.879573 94.919745 68.651024 45.288116 29.941307 289.882335 239.229165 184.839500 155.992674 105.793998 160.342265
31.150000 300.468485 216.115010 162.753925 128.807735 108.076273 95.096738 68.787875 45.388910 30.018096 290.352912 239.623835 185.152459 156.262171 105.987530 160.618323
31.200000 300.954125 216.474406 163.033167 129.035789 108.272952 95.273714 68.924713 45.489697 30.094880 290.823434 240.018460 185.465384 156.531639 106.181042 160.894350
31.250000 301.439708 216.833761 163.312379 129.263819 108.469611 95.450673 69.061539 45.590476 30.171659 291.293902 240.413039 185.778273 156.801077 106.374534 161.170347
31.300000 301.925235 217.193075 163.591560 129.491826 108.666250 95.627613 69.198352 45.691248 30.248434 291.764314 240.807574 186.091128 157.070486 106.568007 161.446314
31.350000 302.410705 217.552348 163.870711 129.719808 108.862870 95.804537 69.335153 45.792012 30.325204 292.234672 241.202063 186.403948 157.339866 106.761460 161.722251
31.400000 302.896118 217.911582 164.149831 129.947767 109.059469 95.981443 69.471942 45.892768 30.401970 292.704975 241.596507 186.716734 157.609217 106.954894 161.998158
31.450000 303.381475 218.270774 164.428921 130.175702 109.256049 96.158332 69.608719 45.993516 30.478731 293.175223 241.990907 187.029485 157.878539 107.148309 162.274036
31.500000 303.866776 218.629927 164.707981 130.403613 109.452609 96.335204 69.745483 46.094257 30.555487 293.645418 242.385262 187.342201 158.147832 107.341704 162.549883
31.550000 304.352020 218.989039 164.987011 130.631500 109.649149 96.512058 69.882235 46.194990 30.632239 294.115558 242.779572 187.654884 158.417096 107.535079 162.825701
31.600000 304.837209 219.348112 165.266011 130.859364 109.845670 96.688896 70.018975 46.295716 30.708986 294.585644 243.173838 187.967532 158.686332 107.728436 163.101490
31.650000 305.322342 219.707144 165.544981 131.087205 110.042171 96.865716 70.155703 46.396433 30.785728 295.055677 243.568059 188.280146 158.955538 107.921773 163.377249
31.700000 305.807420 220.066136 165.823921 131.315022 110.238652 97.042519 70.292419 46.497144 30.862466 295.525655 243.962236 188.592726 159.224716 108.115091 163.652978
31.750000 306.292441 220.425089 166.102832 131.542815 110.435114 97.219305 70.429123 46.597846 30.939199 295.995580 244.356369 188.905272 159.493866 108.308391 163.928678
31.800000 306.777408 220.784002 166.381712 131.770585 110.631557 97.396073 70.565815 46.698541 31.015928 296.465452 244.750458 189.217784 159.762987 108.501670 164.204348
31.850000 307.262319 221.142875 166.660563 131.998332 110.827980 97.572825 70.702495 46.799229 31.092652 296.935270 245.144503 189.530262 160.032079 108.694931 164.479990
31.900000 307.747175 221.501709 166.939384 132.226055 111.024383 97.749560 70.839162 46.899909 31.169371 297.405035 245.538504 189.842706 160.301143 108.888173 164.755602
31.950000 308.231976 221.860503 167.218176 132.453756 111.220767 97.926278 70.975818 47.000582 31.246086 297.874747 245.932461 190.155117 160.570179 109.081396 165.031185
32.000000 308.716723 222.219258 167.496938 132.681433 111.417132 98.102979 71.112462 47.101247 31.322796 298.344405 246.326374 190.467494 160.839186 109.274600 165.306738
32.050000 309.201414 222.577974 167.775671 132.909087 111.613478 98.279664 71.249094 47.201904 31.399502 298.814011 246.720244 190.779837 161.108165 109.467785 165.582263
32.100000 309.686051 222.936651 168.054375 133.136718 111.809804 98.456331 71.385714 47.302554 31.476203 299.283564 247.114071 191.092147 161.377117 109.660952 165.857759
32.150000 310.170634 223.295289 168.333049 133.364326 112.006112 98.632982 71.522322 47.403197 31.552900 299.753065 247.507854 191.404424 161.646040 109.854099 166.133226
32.200000 310.655162 223.653887 168.611694 133.591911 112.202400 98.809616 71.658918 47.503832 31.629592 300.222513 247.901594 191.716667 161.914935 110.047228 166.408665
32.250000 311.139636 224.012447 168.890310 133.819473 112.398669 98.986233 71.795503 47.604459 31.706280 300.691909 248.295291 192.028878 162.183802 110.240338 166.684074
32.300000 311.624056 224.370968 169.168897 134.047012 112.594919 99.162834 71.932075 47.705080 31.782963 301.161252 248.688945 192.341055 162.452641 110.433429 166.959455
32.350000 312.108422 224.729451 169.447455 134.274528 112.791150 99.339418 72.068636 47.805692 31.859642 301.630543 249.082555 192.653199 162.721452 110.626502 167.234807
32.400000 312.592734 225.087894 169.725984 134.502022 112.987362 99.515985 72.205186 47.906298 31.936316 302.099783 249.476123 192.965310 162.990236 110.819556 167.510131
32.450000 313.076992 225.446300 170.004484 134.729493 113.183555 99.692536 72.341723 48.006896 32.012986 302.568970 249.869649 193.277388 163.258992 111.012592 167.785426
32.500000 313.561197 225.804667 170.282956 134.956941 113.379729 99.869070 72.478249 48.107487 32.089651 303.038106 250.263131 193.589433 163.527720 111.205609 168.060693
32.550000 314.045349 226.162995 170.561398 135.184367 113.575885 100.045588 72.614763 48.208070 32.166311 303.507190 250.656571 193.901445 163.796421 111.398608 168.335932
32.600000 314.529447 226.521285 170.839812 135.411770 113.772022 100.222090 72.751265 48.308646 32.242968 303.976222 251.049969 194.213425 164.065095 111.591588 168.611142
32.650000 315.013491 226.879538 171.118198 135.639151 113.968139 100.398575 72.887756 48.409215 32.319619 304.445203 251.443324 194.525372 164.333740 111.784550 168.886324
32.700000 315.497483 227.237752 171.396555 135.866509 114.164239 100.575043 73.024235 48.509776 32.396267 304.914133 251.836637 194.837287 164.602359 111.977494 169.161478
32.750000 315.981422 227.595928 171.674883 136.093845 114.360319 100.751496 73.160703 48.610330 32.472910 305.383012 252.229908 195.149169 164.870950 112.170419 169.436604
32.800000 316.465308 227.954066 171.953183 136.321159 114.556381 100.927932 73.297159 48.710877 32.549548 305.851840 252.623137 195.461019 165.139514 112.363326 169.711702
32.850000 316.949141 228.312166 172.231455 136.548450 114.752424 101.104351 73.433604 48.811417 32.626182 306.320616 253.016324 195.772836 165.408051 112.556215 169.986771
32.900000 317.432922 228.670229 172.509698 136.775719 114.948449 101.280755 73.570037 48.911949 32.702812 306.789342 253.409468 196.084622 165.676561 112.749086 170.261813
32.950000 317.916650 229.028254 172.787913 137.002966 115.144455 101.457142 73.706459 49.012474 32.779437 307.258017 253.802572 196.396375 165.945043 112.941938 170.536827
33.000000 318.400326 229.386242 173.066100 137.230190 115.340443 101.633513 73.842869 49.112992 32.856058 307.726642 254.195633 196.708096 166.213499 113.134773 170.811814
33.050000 318.883950 229.744192 173.344259 137.457393 115.536412 101.809869 73.979268 49.213502 32.932674 308.195216 254.588653 197.019785 166.481927 113.327589 171.086772
33.100000 319.367521 230.102104 173.622390 137.684573 115.732363 101.986208 74.115655 49.314006 33.009286 308.663740 254.981631 197.331442 166.750329 113.520387 171.361703
33.150000 319.851041 230.459980 173.900493 137.911732 115.928296 102.162530 74.252031 49.414502 33.085893 309.132213 255.374568 197.643067 167.018704 113.713168 171.636607
33.200000 320.334509 230.817818 174.178568 138.138868 116.124210 102.338837 74.388395 49.514991 33.162497 309.600637 255.767464 197.954660 167.287052 113.905930 171.911483
33.250000 320.817925 231.175619 174.456615 138.365983 116.320106 102.515128 74.524749 49.615473 33.239095 310.069010 256.160319 198.266222 167.555374 114.098674 172.186331
33.300000 321.301289 231.533383 174.734635 138.593076 116.515984 102.691403 74.661091 49.715948 33.315690 310.537334 256.553132 198.577752 167.823669 114.291401 172.461152
33.350000 321.784602 231.891110 175.012626 138.820147 116.711843 102.867662 74.797421 49.816415 33.392280 311.005608 256.945904 198.889250 168.091937 114.484110 172.735946
33.400000 322.267863 232.248800 175.290590 139.047196 116.907685 103.043905 74.933741 49.916876 33.468866 311.473832 257.338636 199.200717 168.360179 114.676801 173.010712
33.450000 322.751073 232.606454 175.568527 139.274223 117.103508 103.220133 75.070049 50.017329 33.545447 311.942006 257.731326 199.512152 168.628394 114.869474 173.285451
33.500000 323.234232 232.964070 175.846436 139.501229 117.299313 103.396344 75.206346 50.117776 33.622024 312.410132 258.123976 199.823556 168.896583 115.062130 173.560163
33.550000 323.717340 233.321650 176.124317 139.728213 117.495100 103.572540 75.342632 50.218215 33.698597 312.878207 258.516586 200.134928 169.164745 115.254768 173.834848
33.600000 324.200397 233.679194 176.402171 139.955176 117.690870 103.748720 75.478906 50.318647 33.775165 313.346234 258.909154 200.446270 169.432881 115.447388 174.109506
33.650000 324.683403 234.036701 176.679998 140.182117 117.886621 103.924884 75.615170 50.419072 33.851729 313.814211 259.301682 200.757580 169.700991 115.639991 174.384137
33.700000 325.166358 234.394171 176.957798 140.409037 118.082354 104.101033 75.751422 50.519490 33.928289 314.282140 259.694170 201.068859 169.969075 115.832576 174.658740
33.750000 325.649263 234.751606 177.235570 140.635935 118.278070 104.277166 75.887663 50.619901 34.004844 314.750020 260.086618 201.380107 170.237133 116.025143 174.933318
33.800000 326.132117 235.109004 177.513315 140.862812 118.473767 104.453283 76.023893 50.720305 34.081395 315.217850 260.479025 201.691324 170.505164 116.217693 175.207868
33.850000 326.614921 235.466366 177.791033 141.089667 118.669447 104.629384 76.160112 50.820702 34.157942 315.685632 260.871392 202.002510 170.773170 116.410226 175.482391
33.900000 327.097675 235.823692 178.068723 141.316501 118.865109 104.805471 76.296320 50.921092 34.234485 316.153366 261.263719 202.313665 171.041150 116.602741 175.756888
33.950000 327.580378 236.180981 178.346387 141.543314 119.060753 104.981541 76.432517 51.021475 34.311023 316.621051 261.656006 202.624790 171.309103 116.795239 176.031358
34.000000 328.063032 236.538235 178.624024 141.770106 119.256380 105.157596 76.568703 51.121852 34.387557 317.088688 262.048254 202.935884 171.577031 116.987720 176.305802
34.050000 328.545635 236.895454 178.901634 141.996876 119.451989 105.333636 76.704878 51.222221 34.464087 317.556276 262.440461 203.246947 171.844933 117.180183 176.580219
34.100000 329.028189 237.252636 179.179217 142.223626 119.647580 105.509660 76.841042 51.322583 34.540612 318.023817 262.832629 203.557979 172.112810 117.372629 176.854609
34.150000 329.510693 237.609783 179.456774 142.450354 119.843154 105.685669 76.977195 51.422938 34.617133 318.491309 263.224757 203.868981 172.380660 117.565057 177.128974
34.200000 329.993147 237.966894 179.734304 142.677061 120.038710 105.861663 77.113337 51.523287 34.693650 318.958754 263.616846 204.179953 172.648485 117.757469 177.403311
