web/models/kne/34/Metzger_0.030838_0.354138_0.450000.dat
# %ECSV 0.9
# ---
# datatype:
# - {name: time, datatype: float64}
# - {name: sdss_u, datatype: float64}
# - {name: sdss_g, datatype: float64}
# - {name: sdss_r, datatype: float64}
# - {name: sdss_i, datatype: float64}
# - {name: sdss_z, datatype: float64}
# - {name: PS1_y, datatype: float64}
# - {name: ukirt_J, datatype: float64}
# - {name: ukirt_H, datatype: float64}
# - {name: ukirt_K, datatype: float64}
# - {name: johnson_U, datatype: float64}
# - {name: johnson_B, datatype: float64}
# - {name: johnson_V, datatype: float64}
# - {name: johnson_R, datatype: float64}
# - {name: johnson_I, datatype: float64}
# - {name: Clear, datatype: float64}
# meta: !!omap
# - comment: [vej = 0.35413793103448277, mej = 0.030838049338899946, Ye = 0.45, redshift = 0.0]
# schema: astropy-2.0
time sdss_u sdss_g sdss_r sdss_i sdss_z PS1_y ukirt_J ukirt_H ukirt_K johnson_U johnson_B johnson_V johnson_R johnson_I Clear
[from data line 501]
25.150000 126.843339 87.557980 62.810985 47.138392 37.607554 31.661933 19.681901 9.152868 2.350835 122.124704 98.490322 73.185239 59.808629 36.649501 61.823057
25.200000 127.123117 87.764433 62.970884 47.268559 37.719499 31.762434 19.759089 9.209117 2.393143 122.395702 98.717237 73.364701 59.962851 36.759606 61.981088
25.250000 127.402857 87.970861 63.130764 47.398714 37.831433 31.862926 19.836272 9.265364 2.435451 122.666663 98.944122 73.544142 60.117055 36.869701 62.139102
25.300000 127.682560 88.177262 63.290626 47.528855 37.943357 31.963409 19.913451 9.321611 2.477761 122.937587 99.170979 73.723561 60.271242 36.979786 62.297097
25.350000 127.962225 88.383638 63.450470 47.658983 38.055270 32.063884 19.990624 9.377855 2.520071 123.208476 99.397807 73.902959 60.425411 37.089861 62.455075
25.400000 128.241853 88.589989 63.610296 47.789097 38.167174 32.164351 20.067793 9.434099 2.562382 123.479329 99.624605 74.082335 60.579564 37.199926 62.613035
25.450000 128.521443 88.796313 63.770104 47.919199 38.279067 32.264809 20.144958 9.490341 2.604695 123.750145 99.851375 74.261691 60.733699 37.309980 62.770977
25.500000 128.800996 89.002613 63.929894 48.049287 38.390949 32.365259 20.222117 9.546582 2.647008 124.020926 100.078117 74.441025 60.887818 37.420025 62.928902
25.550000 129.080512 89.208887 64.089667 48.179362 38.502822 32.465700 20.299272 9.602822 2.689322 124.291672 100.304829 74.620338 61.041919 37.530060 63.086809
25.600000 129.359991 89.415136 64.249421 48.309424 38.614684 32.566133 20.376423 9.659060 2.731637 124.562381 100.531513 74.799631 61.196004 37.640085 63.244699
25.650000 129.639434 89.621359 64.409158 48.439473 38.726536 32.666558 20.453568 9.715297 2.773953 124.833056 100.758169 74.978902 61.350071 37.750100 63.402571
25.700000 129.918839 89.827558 64.568876 48.569508 38.838378 32.766974 20.530709 9.771532 2.816269 125.103695 100.984796 75.158153 61.504122 37.860105 63.560425
25.750000 130.198208 90.033731 64.728577 48.699531 38.950210 32.867382 20.607846 9.827766 2.858587 125.374298 101.211395 75.337383 61.658156 37.970101 63.718262
25.800000 130.477541 90.239880 64.888261 48.829541 39.062031 32.967782 20.684977 9.883999 2.900905 125.644867 101.437966 75.516592 61.812173 38.080086 63.876082
25.850000 130.756837 90.446004 65.047927 48.959538 39.173843 33.068173 20.762104 9.940231 2.943225 125.915401 101.664509 75.695780 61.966173 38.190062 64.033885
25.900000 131.036097 90.652102 65.207575 49.089522 39.285644 33.168556 20.839227 9.996461 2.985545 126.185899 101.891024 75.874948 62.120157 38.300028 64.191670
25.950000 131.315320 90.858176 65.367206 49.219493 39.397436 33.268931 20.916345 10.052690 3.027866 126.456363 102.117511 76.054095 62.274124 38.409985 64.349438
26.000000 131.594508 91.064226 65.526819 49.349451 39.509217 33.369297 20.993458 10.108917 3.070187 126.726793 102.343970 76.233222 62.428075 38.519931 64.507189
26.050000 131.873659 91.270251 65.686415 49.479397 39.620989 33.469656 21.070567 10.165143 3.112510 126.997187 102.570401 76.412328 62.582009 38.629868 64.664923
26.100000 132.152775 91.476251 65.845994 49.609330 39.732751 33.570006 21.147671 10.221368 3.154833 127.267547 102.796804 76.591415 62.735927 38.739795 64.822639
26.150000 132.431855 91.682227 66.005555 49.739250 39.844502 33.670348 21.224770 10.277591 3.197157 127.537873 103.023180 76.770480 62.889828 38.849713 64.980339
26.200000 132.710900 91.888178 66.165099 49.869157 39.956244 33.770682 21.301865 10.333814 3.239482 127.808164 103.249528 76.949526 63.043713 38.959621 65.138022
26.250000 132.989908 92.094105 66.324626 49.999052 40.067976 33.871008 21.378956 10.390034 3.281808 128.078422 103.475849 77.128551 63.197581 39.069519 65.295688
26.300000 133.268882 92.300008 66.484136 50.128934 40.179698 33.971326 21.456042 10.446254 3.324135 128.348645 103.702143 77.307556 63.351434 39.179408 65.453336
26.350000 133.547820 92.505886 66.643628 50.258803 40.291410 34.071635 21.533123 10.502472 3.366462 128.618834 103.928409 77.486541 63.505270 39.289287 65.610969
26.400000 133.826723 92.711741 66.803104 50.388660 40.403113 34.171937 21.610200 10.558688 3.408790 128.888989 104.154648 77.665506 63.659089 39.399157 65.768584
26.450000 134.105590 92.917571 66.962562 50.518504 40.514805 34.272230 21.687272 10.614904 3.451119 129.159111 104.380860 77.844451 63.812893 39.509018 65.926183
26.500000 134.384423 93.123378 67.122004 50.648336 40.626488 34.372516 21.764340 10.671118 3.493448 129.429198 104.607045 78.023376 63.966680 39.618868 66.083764
26.550000 134.663221 93.329160 67.281429 50.778156 40.738162 34.472793 21.841403 10.727330 3.535778 129.699252 104.833202 78.202281 64.120452 39.728710 66.241330
26.600000 134.941984 93.534919 67.440836 50.907963 40.849825 34.573063 21.918462 10.783541 3.578109 129.969273 105.059333 78.381167 64.274207 39.838542 66.398878
26.650000 135.220712 93.740654 67.600227 51.037757 40.961479 34.673324 21.995516 10.839751 3.620441 130.239260 105.285437 78.560033 64.427947 39.948364 66.556410
26.700000 135.499406 93.946365 67.759601 51.167540 41.073123 34.773578 22.072566 10.895960 3.662773 130.509214 105.511515 78.738879 64.581670 40.058177 66.713926
26.750000 135.778065 94.152053 67.918959 51.297310 41.184758 34.873824 22.149611 10.952167 3.705106 130.779135 105.737565 78.917705 64.735378 40.167981 66.871425
26.800000 136.056689 94.357717 68.078299 51.427067 41.296383 34.974062 22.226652 11.008372 3.747440 131.049022 105.963589 79.096512 64.889070 40.277776 67.028908
26.850000 136.335280 94.563357 68.237624 51.556812 41.407998 35.074291 22.303688 11.064577 3.789775 131.318877 106.189587 79.275299 65.042745 40.387561 67.186374
26.900000 136.613836 94.768974 68.396931 51.686546 41.519604 35.174513 22.380720 11.120780 3.832110 131.588699 106.415558 79.454067 65.196406 40.497337 67.343824
26.950000 136.892358 94.974568 68.556222 51.816267 41.631200 35.274728 22.457748 11.176981 3.874445 131.858487 106.641503 79.632815 65.350050 40.607103 67.501258
27.000000 137.170846 95.180138 68.715496 51.945975 41.742787 35.374934 22.534771 11.233182 3.916782 132.128243 106.867421 79.811544 65.503679 40.716861 67.658676
27.050000 137.449300 95.385685 68.874754 52.075672 41.854364 35.475132 22.611789 11.289381 3.959119 132.397967 107.093313 79.990254 65.657292 40.826609 67.816077
27.100000 137.727720 95.591209 69.033996 52.205356 41.965932 35.575323 22.688804 11.345578 4.001457 132.667658 107.319179 80.168944 65.810889 40.936348 67.973462
27.150000 138.006106 95.796710 69.193221 52.335029 42.077490 35.675506 22.765814 11.401774 4.043795 132.937316 107.545019 80.347615 65.964471 41.046078 68.130831
27.200000 138.284459 96.002187 69.352429 52.464689 42.189039 35.775681 22.842819 11.457969 4.086134 133.206942 107.770833 80.526267 66.118038 41.155798 68.288184
27.250000 138.562778 96.207642 69.511622 52.594337 42.300579 35.875848 22.919820 11.514162 4.128474 133.476536 107.996621 80.704900 66.271588 41.265510 68.445521
27.300000 138.841064 96.413074 69.670798 52.723974 42.412109 35.976008 22.996817 11.570354 4.170814 133.746097 108.222383 80.883514 66.425124 41.375212 68.602842
27.350000 139.119317 96.618483 69.829958 52.853598 42.523630 36.076160 23.073809 11.626545 4.213155 134.015626 108.448119 81.062109 66.578644 41.484905 68.760147
27.400000 139.397536 96.823869 69.989102 52.983211 42.635141 36.176304 23.150797 11.682734 4.255497 134.285124 108.673829 81.240685 66.732149 41.594590 68.917436
27.450000 139.675722 97.029232 70.148229 53.112811 42.746643 36.276441 23.227780 11.738922 4.297839 134.554589 108.899514 81.419241 66.885638 41.704265 69.074709
27.500000 139.953875 97.234573 70.307341 53.242400 42.858136 36.376570 23.304759 11.795108 4.340181 134.824023 109.125173 81.597780 67.039112 41.813931 69.231967
27.550000 140.231994 97.439891 70.466437 53.371977 42.969620 36.476691 23.381734 11.851294 4.382525 135.093424 109.350807 81.776299 67.192571 41.923588 69.389208
27.600000 140.510081 97.645186 70.625516 53.501542 43.081094 36.576804 23.458705 11.907477 4.424869 135.362795 109.576415 81.954799 67.346015 42.033236 69.546434
27.650000 140.788135 97.850459 70.784580 53.631095 43.192560 36.676910 23.535671 11.963660 4.467213 135.632133 109.801998 82.133281 67.499443 42.142876 69.703644
27.700000 141.066157 98.055710 70.943627 53.760636 43.304016 36.777009 23.612633 12.019840 4.509558 135.901440 110.027556 82.311744 67.652857 42.252506 69.860839
27.750000 141.344146 98.260938 71.102659 53.890166 43.415462 36.877100 23.689590 12.076020 4.551904 136.170716 110.253088 82.490189 67.806255 42.362127 70.018018
27.800000 141.622102 98.466143 71.261675 54.019684 43.526900 36.977183 23.766543 12.132198 4.594250 136.439960 110.478595 82.668615 67.959638 42.471740 70.175181
27.850000 141.900026 98.671327 71.420675 54.149191 43.638329 37.077259 23.843492 12.188375 4.636596 136.709173 110.704077 82.847022 68.113006 42.581343 70.332329
27.900000 142.177917 98.876488 71.579660 54.278685 43.749748 37.177327 23.920437 12.244550 4.678943 136.978355 110.929534 83.025411 68.266359 42.690938 70.489461
27.950000 142.455776 99.081627 71.738628 54.408169 43.861158 37.277388 23.997377 12.300724 4.721291 137.247506 111.154966 83.203781 68.419698 42.800524 70.646578
28.000000 142.733603 99.286744 71.897581 54.537640 43.972560 37.377441 24.074313 12.356897 4.763639 137.516626 111.380373 83.382134 68.573021 42.910101 70.803679
28.050000 143.011398 99.491839 72.056518 54.667100 44.083952 37.477487 24.151245 12.413068 4.805988 137.785715 111.605756 83.560467 68.726330 43.019669 70.960765
28.100000 143.289160 99.696912 72.215440 54.796549 44.195335 37.577525 24.228172 12.469237 4.848337 138.054773 111.831113 83.738783 68.879623 43.129229 71.117836
28.150000 143.566891 99.901963 72.374346 54.925986 44.306709 37.677556 24.305096 12.525406 4.890687 138.323800 112.056446 83.917080 69.032902 43.238779 71.274891
28.200000 143.844590 100.106993 72.533237 55.055411 44.418074 37.777579 24.382015 12.581573 4.933037 138.592797 112.281754 84.095359 69.186167 43.348321 71.431931
28.250000 144.122257 100.312000 72.692112 55.184825 44.529430 37.877595 24.458929 12.637738 4.975388 138.861763 112.507037 84.273620 69.339416 43.457855 71.588956
28.300000 144.399893 100.516986 72.850972 55.314228 44.640778 37.977603 24.535840 12.693902 5.017740 139.130698 112.732296 84.451863 69.492651 43.567379 71.745966
28.350000 144.677497 100.721950 73.009816 55.443619 44.752116 38.077605 24.612746 12.750065 5.060091 139.399604 112.957531 84.630088 69.645871 43.676895 71.902960
28.400000 144.955069 100.926892 73.168645 55.572999 44.863445 38.177598 24.689648 12.806226 5.102443 139.668478 113.182741 84.808295 69.799077 43.786402 72.059940
28.450000 145.232610 101.131813 73.327459 55.702368 44.974766 38.277585 24.766546 12.862386 5.144796 139.937323 113.407927 84.986484 69.952268 43.895901 72.216904
28.500000 145.510120 101.336712 73.486257 55.831725 45.086077 38.377564 24.843439 12.918545 5.187149 140.206138 113.633088 85.164654 70.105444 44.005391 72.373853
28.550000 145.787598 101.541590 73.645040 55.961071 45.197380 38.477536 24.920329 12.974702 5.229503 140.474922 113.858225 85.342808 70.258606 44.114872 72.530788
28.600000 146.065045 101.746446 73.803808 56.090406 45.308674 38.577500 24.997214 13.030858 5.271857 140.743676 114.083338 85.520943 70.411753 44.224345 72.687707
28.650000 146.342461 101.951281 73.962561 56.219729 45.419959 38.677458 25.074095 13.087012 5.314211 141.012401 114.308427 85.699060 70.564886 44.333809 72.844611
28.700000 146.619846 102.156094 74.121298 56.349041 45.531236 38.777408 25.150972 13.143165 5.356566 141.281095 114.533493 85.877160 70.718005 44.443265 73.001501
28.750000 146.897200 102.360887 74.280020 56.478342 45.642503 38.877350 25.227844 13.199316 5.398922 141.549760 114.758534 86.055242 70.871109 44.552712 73.158375
28.800000 147.174523 102.565658 74.438728 56.607632 45.753762 38.977286 25.304713 13.255466 5.441277 141.818395 114.983551 86.233306 71.024199 44.662151 73.315235
28.850000 147.451816 102.770408 74.597420 56.736911 45.865012 39.077214 25.381577 13.311615 5.483634 142.087000 115.208544 86.411353 71.177275 44.771581 73.472080
28.900000 147.729077 102.975137 74.756097 56.866179 45.976254 39.177135 25.458437 13.367762 5.525990 142.355576 115.433514 86.589382 71.330337 44.881002 73.628910
28.950000 148.006308 103.179845 74.914760 56.995436 46.087486 39.277049 25.535293 13.423908 5.568347 142.624122 115.658459 86.767394 71.483384 44.990416 73.785726
29.000000 148.283509 103.384532 75.073407 57.124681 46.198710 39.376955 25.612145 13.480052 5.610705 142.892639 115.883382 86.945388 71.636417 45.099820 73.942527
29.050000 148.560679 103.589197 75.232040 57.253916 46.309926 39.476855 25.688993 13.536195 5.653062 143.161127 116.108280 87.123365 71.789436 45.209217 74.099313
29.100000 148.837818 103.793842 75.390657 57.383139 46.421133 39.576747 25.765836 13.592337 5.695421 143.429585 116.333155 87.301324 71.942441 45.318605 74.256084
29.150000 149.114928 103.998467 75.549260 57.512352 46.532331 39.676632 25.842676 13.648477 5.737779 143.698014 116.558007 87.479266 72.095431 45.427984 74.412841
29.200000 149.392007 104.203070 75.707848 57.641554 46.643520 39.776510 25.919511 13.704616 5.780138 143.966414 116.782835 87.657191 72.248408 45.537355 74.569584
29.250000 149.669056 104.407653 75.866422 57.770744 46.754701 39.876381 25.996342 13.760753 5.822497 144.234785 117.007640 87.835099 72.401371 45.646718 74.726312
29.300000 149.946075 104.612215 76.024980 57.899924 46.865874 39.976245 26.073170 13.816889 5.864857 144.503128 117.232421 88.012989 72.554319 45.756073 74.883025
29.350000 150.223063 104.816756 76.183524 58.029093 46.977037 40.076102 26.149993 13.873024 5.907217 144.771441 117.457179 88.190862 72.707254 45.865419 75.039724
29.400000 150.500022 105.021277 76.342053 58.158251 47.088193 40.175951 26.226811 13.929157 5.949578 145.039725 117.681914 88.368718 72.860175 45.974757 75.196409
29.450000 150.776951 105.225777 76.500568 58.287398 47.199339 40.275794 26.303626 13.985288 5.991938 145.307981 117.906626 88.546557 73.013082 46.084087 75.353079
29.500000 151.053851 105.430257 76.659068 58.416535 47.310478 40.375630 26.380437 14.041418 6.034300 145.576208 118.131315 88.724379 73.165975 46.193408 75.509735
29.550000 151.330720 105.634716 76.817554 58.545661 47.421608 40.475458 26.457244 14.097547 6.076661 145.844406 118.355981 88.902183 73.318854 46.302721 75.666377
29.600000 151.607560 105.839155 76.976025 58.674776 47.532729 40.575280 26.534046 14.153674 6.119023 146.112576 118.580623 89.079971 73.471719 46.412026 75.823004
29.650000 151.884370 106.043574 77.134481 58.803880 47.643842 40.675094 26.610845 14.209800 6.161385 146.380717 118.805243 89.257742 73.624571 46.521323 75.979617
29.700000 152.161151 106.247972 77.292924 58.932973 47.754946 40.774902 26.687639 14.265925 6.203747 146.648830 119.029840 89.435496 73.777409 46.630612 76.136216
29.750000 152.437903 106.452350 77.451351 59.062056 47.866043 40.874702 26.764430 14.322048 6.246110 146.916915 119.254415 89.613233 73.930233 46.739892 76.292801
29.800000 152.714625 106.656708 77.609765 59.191128 47.977130 40.974496 26.841216 14.378170 6.288473 147.184971 119.478966 89.790953 74.083044 46.849164 76.449371
29.850000 152.991317 106.861046 77.768164 59.320190 48.088210 41.074283 26.917998 14.434290 6.330837 147.453000 119.703495 89.968657 74.235841 46.958428 76.605928
29.900000 153.267981 107.065364 77.926549 59.449241 48.199281 41.174063 26.994777 14.490409 6.373200 147.721000 119.928001 90.146344 74.388624 47.067684 76.762470
29.950000 153.544616 107.269661 78.084919 59.578281 48.310343 41.273835 27.071551 14.546526 6.415564 147.988972 120.152485 90.324014 74.541394 47.176932 76.918999
