web/models/kne/34/Metzger_0.001535_0.127241_0.450000.dat
# %ECSV 0.9
# ---
# datatype:
# - {name: time, datatype: float64}
# - {name: sdss_u, datatype: float64}
# - {name: sdss_g, datatype: float64}
# - {name: sdss_r, datatype: float64}
# - {name: sdss_i, datatype: float64}
# - {name: sdss_z, datatype: float64}
# - {name: PS1_y, datatype: float64}
# - {name: ukirt_J, datatype: float64}
# - {name: ukirt_H, datatype: float64}
# - {name: ukirt_K, datatype: float64}
# - {name: johnson_U, datatype: float64}
# - {name: johnson_B, datatype: float64}
# - {name: johnson_V, datatype: float64}
# - {name: johnson_R, datatype: float64}
# - {name: johnson_I, datatype: float64}
# - {name: Clear, datatype: float64}
# meta: !!omap
# - comment: [vej = 0.12724137931034482, mej = 0.0015350971392881912, Ye = 0.45, redshift = 0.0]
# schema: astropy-2.0
time sdss_u sdss_g sdss_r sdss_i sdss_z PS1_y ukirt_J ukirt_H ukirt_K johnson_U johnson_B johnson_V johnson_R johnson_I Clear
[from data line 1069]
53.550000 358.580627 259.635009 197.009262 157.146451 132.788454 117.531481 86.583232 59.017245 40.872032 346.717634 287.215844 223.301014 189.387712 130.333616 194.502066
53.600000 358.913722 259.881608 197.200944 157.303062 132.923568 117.653095 86.677346 59.086658 40.925001 347.040372 287.486581 223.515773 189.572697 130.466561 194.691545
53.650000 359.246803 260.128197 197.392619 157.459667 133.058677 117.774706 86.771458 59.156071 40.977968 347.363096 287.757306 223.730524 189.757675 130.599500 194.881017
53.700000 359.579870 260.374776 197.584285 157.616266 133.193782 117.896312 86.865566 59.225481 41.030935 347.685805 288.028020 223.945266 189.942645 130.732435 195.070482
53.750000 359.912921 260.621344 197.775944 157.772859 133.328881 118.017914 86.959671 59.294890 41.083900 348.008500 288.298721 224.159999 190.127608 130.865365 195.259938
53.800000 360.245958 260.867902 197.967596 157.929446 133.463976 118.139511 87.053774 59.364297 41.136865 348.331181 288.569411 224.374723 190.312564 130.998290 195.449387
53.850000 360.578980 261.114449 198.159239 158.086027 133.599066 118.261104 87.147874 59.433702 41.189829 348.653847 288.840089 224.589439 190.497512 131.131210 195.638829
53.900000 360.911987 261.360985 198.350875 158.242602 133.734150 118.382693 87.241971 59.503106 41.242792 348.976500 289.110756 224.804145 190.682453 131.264125 195.828263
53.950000 361.244979 261.607511 198.542503 158.399171 133.869230 118.504278 87.336065 59.572508 41.295755 349.299138 289.381411 225.018843 190.867387 131.397036 196.017689
54.000000 361.577957 261.854027 198.734124 158.555734 134.004305 118.625859 87.430156 59.641909 41.348716 349.621761 289.652055 225.233531 191.052313 131.529941 196.207108
54.050000 361.910920 262.100533 198.925736 158.712291 134.139375 118.747435 87.524244 59.711307 41.401677 349.944371 289.922687 225.448211 191.237232 131.662842 196.396519
54.100000 362.243869 262.347028 199.117341 158.868842 134.274440 118.869007 87.618329 59.780704 41.454637 350.266967 290.193307 225.662882 191.422143 131.795738 196.585922
54.150000 362.576802 262.593512 199.308939 159.025387 134.409500 118.990575 87.712412 59.850100 41.507595 350.589548 290.463915 225.877544 191.607047 131.928630 196.775318
54.200000 362.909722 262.839986 199.500528 159.181926 134.544556 119.112139 87.806491 59.919494 41.560553 350.912116 290.734513 226.092198 191.791944 132.061516 196.964706
54.250000 363.242626 263.086450 199.692110 159.338459 134.679606 119.233698 87.900568 59.988886 41.613511 351.234669 291.005098 226.306842 191.976833 132.194398 197.154087
54.300000 363.575516 263.332904 199.883685 159.494987 134.814652 119.355253 87.994641 60.058276 41.666467 351.557208 291.275672 226.521478 192.161715 132.327275 197.343460
54.350000 363.908392 263.579347 200.075252 159.651508 134.949692 119.476804 88.088712 60.127665 41.719422 351.879733 291.546235 226.736105 192.346590 132.460147 197.532826
54.400000 364.241252 263.825780 200.266811 159.808024 135.084728 119.598351 88.182780 60.197052 41.772377 352.202244 291.816786 226.950723 192.531457 132.593015 197.722184
54.450000 364.574099 264.072202 200.458362 159.964533 135.219759 119.719893 88.276846 60.266438 41.825331 352.524741 292.087325 227.165333 192.716317 132.725877 197.911535
54.500000 364.906930 264.318615 200.649906 160.121037 135.354785 119.841432 88.370908 60.335821 41.878284 352.847224 292.357853 227.379933 192.901170 132.858735 198.100878
54.550000 365.239748 264.565016 200.841442 160.277534 135.489806 119.962966 88.464967 60.405204 41.931236 353.169693 292.628370 227.594525 193.086015 132.991588 198.290213
54.600000 365.572550 264.811408 201.032971 160.434026 135.624823 120.084496 88.559024 60.474584 41.984187 353.492148 292.898875 227.809109 193.270854 133.124437 198.479541
54.650000 365.905338 265.057789 201.224491 160.590512 135.759834 120.206021 88.653078 60.543963 42.037137 353.814589 293.169368 228.023683 193.455684 133.257280 198.668862
54.700000 366.238112 265.304161 201.416005 160.746992 135.894841 120.327543 88.747129 60.613340 42.090087 354.137016 293.439851 228.238249 193.640508 133.390119 198.858175
54.750000 366.570872 265.550521 201.607511 160.903466 136.029843 120.449060 88.841177 60.682716 42.143036 354.459429 293.710321 228.452806 193.825324 133.522954 199.047481
54.800000 366.903616 265.796872 201.799009 161.059934 136.164839 120.570573 88.935222 60.752090 42.195983 354.781828 293.980781 228.667355 194.010134 133.655783 199.236779
54.850000 367.236347 266.043212 201.990499 161.216397 136.299832 120.692082 89.029264 60.821462 42.248930 355.104213 294.251229 228.881894 194.194935 133.788608 199.426070
54.900000 367.569063 266.289542 202.181983 161.372853 136.434819 120.813587 89.123304 60.890833 42.301876 355.426584 294.521665 229.096425 194.379730 133.921428 199.615353
54.950000 367.901765 266.535862 202.373458 161.529304 136.569801 120.935088 89.217340 60.960201 42.354822 355.748942 294.792090 229.310948 194.564517 134.054243 199.804629
55.000000 368.234452 266.782172 202.564926 161.685749 136.704779 121.056584 89.311374 61.029569 42.407766 356.071285 295.062504 229.525461 194.749298 134.187054 199.993897
55.050000 368.567125 267.028472 202.756386 161.842188 136.839752 121.178076 89.405405 61.098934 42.460709 356.393615 295.332907 229.739966 194.934071 134.319859 200.183158
55.100000 368.899783 267.274761 202.947839 161.998621 136.974720 121.299565 89.499433 61.168298 42.513652 356.715931 295.603298 229.954463 195.118836 134.452661 200.372411
55.150000 369.232428 267.521040 203.139285 162.155048 137.109683 121.421049 89.593459 61.237661 42.566594 357.038233 295.873678 230.168951 195.303595 134.585457 200.561657
55.200000 369.565058 267.767309 203.330723 162.311469 137.244642 121.542528 89.687481 61.307021 42.619535 357.360521 296.144046 230.383430 195.488346 134.718249 200.750896
55.250000 369.897673 268.013568 203.522153 162.467885 137.379595 121.664004 89.781501 61.376381 42.672475 357.682795 296.414403 230.597900 195.673090 134.851036 200.940127
55.300000 370.230275 268.259817 203.713576 162.624295 137.514544 121.785476 89.875518 61.445738 42.725414 358.005056 296.684749 230.812362 195.857827 134.983818 201.129351
55.350000 370.562862 268.506056 203.904991 162.780699 137.649488 121.906943 89.969532 61.515094 42.778353 358.327303 296.955084 231.026816 196.042557 135.116596 201.318567
55.400000 370.895435 268.752284 204.096399 162.937097 137.784427 122.028406 90.063543 61.584448 42.831290 358.649536 297.225407 231.241260 196.227280 135.249369 201.507777
55.450000 371.227994 268.998503 204.287799 163.093489 137.919362 122.149865 90.157551 61.653800 42.884227 358.971755 297.495719 231.455696 196.411995 135.382137 201.696978
55.500000 371.560538 269.244711 204.479192 163.249876 138.054292 122.271320 90.251557 61.723151 42.937163 359.293961 297.766020 231.670124 196.596704 135.514901 201.886173
55.550000 371.893068 269.490909 204.670578 163.406256 138.189217 122.392771 90.345559 61.792500 42.990098 359.616153 298.036310 231.884543 196.781405 135.647660 202.075360
55.600000 372.225584 269.737098 204.861956 163.562631 138.324137 122.514218 90.439559 61.861848 43.043032 359.938331 298.306588 232.098953 196.966099 135.780414 202.264539
55.650000 372.558086 269.983276 205.053326 163.719001 138.459052 122.635661 90.533556 61.931194 43.095965 360.260496 298.576856 232.313355 197.150786 135.913164 202.453711
55.700000 372.890574 270.229444 205.244689 163.875364 138.593963 122.757099 90.627551 62.000538 43.148897 360.582647 298.847112 232.527749 197.335466 136.045909 202.642876
55.750000 373.223048 270.475602 205.436045 164.031722 138.728869 122.878534 90.721542 62.069881 43.201829 360.904784 299.117357 232.742134 197.520138 136.178650 202.832034
55.800000 373.555507 270.721750 205.627393 164.188073 138.863770 122.999964 90.815531 62.139222 43.254759 361.226908 299.387590 232.956510 197.704804 136.311385 203.021184
55.850000 373.887953 270.967888 205.818734 164.344420 138.998666 123.121390 90.909517 62.208561 43.307689 361.549018 299.657813 233.170878 197.889463 136.444116 203.210327
55.900000 374.220384 271.214016 206.010067 164.500760 139.133558 123.242812 91.003500 62.277899 43.360618 361.871114 299.928024 233.385237 198.074114 136.576843 203.399463
55.950000 374.552801 271.460134 206.201394 164.657095 139.268445 123.364230 91.097480 62.347235 43.413546 362.193197 300.198224 233.599588 198.258758 136.709565 203.588591
56.000000 374.885205 271.706242 206.392712 164.813423 139.403327 123.485644 91.191457 62.416570 43.466474 362.515266 300.468414 233.813930 198.443395 136.842282 203.777712
56.050000 375.217594 271.952340 206.584023 164.969747 139.538205 123.607054 91.285432 62.485903 43.519400 362.837322 300.738592 234.028264 198.628026 136.974995 203.966826
56.100000 375.549969 272.198428 206.775327 165.126064 139.673078 123.728460 91.379404 62.555234 43.572325 363.159364 301.008759 234.242590 198.812649 137.107703 204.155933
56.150000 375.882330 272.444507 206.966624 165.282376 139.807946 123.849861 91.473373 62.624563 43.625250 363.481393 301.278915 234.456907 198.997265 137.240406 204.345032
56.200000 376.214677 272.690575 207.157913 165.438682 139.942809 123.971259 91.567339 62.693891 43.678174 363.803408 301.549059 234.671215 199.181874 137.373105 204.534124
56.250000 376.547010 272.936633 207.349195 165.594982 140.077668 124.092652 91.661303 62.763218 43.731097 364.125410 301.819193 234.885515 199.366476 137.505799 204.723209
56.300000 376.879329 273.182682 207.540469 165.751276 140.212522 124.214042 91.755264 62.832543 43.784019 364.447398 302.089316 235.099807 199.551071 137.638489 204.912286
56.350000 377.211635 273.428720 207.731736 165.907565 140.347371 124.335427 91.849222 62.901866 43.836940 364.769373 302.359427 235.314090 199.735659 137.771173 205.101357
56.400000 377.543926 273.674749 207.922996 166.063848 140.482216 124.456808 91.943177 62.971187 43.889861 365.091334 302.629528 235.528365 199.920239 137.903854 205.290420
56.450000 377.876203 273.920767 208.114248 166.220126 140.617055 124.578186 92.037129 63.040507 43.942780 365.413282 302.899618 235.742632 200.104813 138.036530 205.479475
56.500000 378.208467 274.166776 208.305493 166.376398 140.751891 124.699559 92.131079 63.109825 43.995699 365.735216 303.169696 235.956890 200.289380 138.169201 205.668524
56.550000 378.540716 274.412775 208.496731 166.532664 140.886721 124.820928 92.225026 63.179142 44.048617 366.057137 303.439764 236.171139 200.473940 138.301867 205.857565
56.600000 378.872952 274.658764 208.687962 166.688924 141.021547 124.942293 92.318970 63.248457 44.101534 366.379045 303.709821 236.385381 200.658493 138.434530 206.046600
56.650000 379.205174 274.904743 208.879185 166.845179 141.156368 125.063654 92.412911 63.317770 44.154450 366.700939 303.979866 236.599614 200.843039 138.567187 206.235627
56.700000 379.537382 275.150713 209.070401 167.001428 141.291185 125.185011 92.506850 63.387082 44.207365 367.022820 304.249901 236.813838 201.027577 138.699840 206.424646
56.750000 379.869576 275.396672 209.261609 167.157671 141.425997 125.306364 92.600785 63.456392 44.260279 367.344687 304.519925 237.028054 201.212109 138.832488 206.613659
56.800000 380.201756 275.642622 209.452811 167.313909 141.560804 125.427713 92.694718 63.525700 44.313193 367.666542 304.789938 237.242262 201.396634 138.965132 206.802665
56.850000 380.533923 275.888562 209.644005 167.470141 141.695606 125.549058 92.788649 63.595007 44.366105 367.988382 305.059939 237.456462 201.581152 139.097771 206.991663
56.900000 380.866076 276.134492 209.835192 167.626368 141.830404 125.670399 92.882576 63.664313 44.419017 368.310210 305.329930 237.670653 201.765663 139.230406 207.180654
56.950000 381.198215 276.380413 210.026371 167.782589 141.965197 125.791736 92.976501 63.733616 44.471928 368.632024 305.599911 237.884836 201.950167 139.363036 207.369638
57.000000 381.530340 276.626323 210.217544 167.938804 142.099986 125.913068 93.070423 63.802918 44.524838 368.953825 305.869880 238.099010 202.134665 139.495662 207.558615
57.050000 381.862451 276.872224 210.408709 168.095013 142.234770 126.034397 93.164342 63.872219 44.577747 369.275613 306.139838 238.313177 202.319155 139.628283 207.747585
57.100000 382.194549 277.118115 210.599866 168.251217 142.369549 126.155722 93.258259 63.941517 44.630656 369.597387 306.409786 238.527335 202.503638 139.760899 207.936547
57.150000 382.526633 277.363997 210.791017 168.407416 142.504324 126.277043 93.352172 64.010815 44.683563 369.919148 306.679722 238.741484 202.688115 139.893511 208.125503
57.200000 382.858703 277.609868 210.982161 168.563608 142.639094 126.398360 93.446083 64.080110 44.736470 370.240896 306.949648 238.955626 202.872584 140.026119 208.314451
57.250000 383.190760 277.855730 211.173297 168.719796 142.773859 126.519672 93.539992 64.149404 44.789376 370.562631 307.219563 239.169759 203.057047 140.158722 208.503392
57.300000 383.522803 278.101582 211.364426 168.875977 142.908620 126.640981 93.633897 64.218696 44.842281 370.884353 307.489467 239.383884 203.241502 140.291320 208.692326
57.350000 383.854832 278.347425 211.555548 169.032153 143.043377 126.762286 93.727800 64.287987 44.895185 371.206061 307.759361 239.598000 203.425951 140.423914 208.881253
57.400000 384.186848 278.593258 211.746662 169.188323 143.178128 126.883587 93.821700 64.357276 44.948088 371.527756 308.029243 239.812109 203.610393 140.556504 209.070173
57.450000 384.518850 278.839081 211.937770 169.344488 143.312875 127.004884 93.915597 64.426564 45.000990 371.849439 308.299115 240.026209 203.794828 140.689089 209.259086
57.500000 384.850839 279.084894 212.128870 169.500647 143.447618 127.126176 94.009492 64.495850 45.053892 372.171107 308.568976 240.240301 203.979256 140.821669 209.447992
57.550000 385.182813 279.330698 212.319963 169.656801 143.582355 127.247465 94.103384 64.565134 45.106792 372.492763 308.838826 240.454385 204.163677 140.954245 209.636891
57.600000 385.514775 279.576492 212.511049 169.812949 143.717089 127.368750 94.197273 64.634417 45.159692 372.814406 309.108666 240.668460 204.348092 141.086816 209.825782
57.650000 385.846722 279.822277 212.702128 169.969092 143.851817 127.490031 94.291159 64.703698 45.212591 373.136036 309.378495 240.882528 204.532499 141.219383 210.014667
57.700000 386.178657 280.068052 212.893199 170.125229 143.986541 127.611308 94.385043 64.772977 45.265489 373.457652 309.648313 241.096587 204.716900 141.351946 210.203544
57.750000 386.510577 280.313817 213.084264 170.281360 144.121261 127.732581 94.478924 64.842255 45.318386 373.779256 309.918120 241.310638 204.901294 141.484504 210.392415
57.800000 386.842484 280.559572 213.275321 170.437486 144.255976 127.853850 94.572802 64.911532 45.371283 374.100846 310.187916 241.524681 205.085681 141.617057 210.581278
57.850000 387.174378 280.805318 213.466371 170.593606 144.390686 127.975115 94.666678 64.980806 45.424178 374.422423 310.457702 241.738715 205.270062 141.749606 210.770135
57.900000 387.506258 281.051055 213.657415 170.749721 144.525392 128.096376 94.760551 65.050079 45.477073 374.743988 310.727478 241.952742 205.454435 141.882151 210.958984
57.950000 387.838124 281.296782 213.848451 170.905830 144.660093 128.217633 94.854421 65.119351 45.529967 375.065539 310.997242 242.166760 205.638802 142.014691 211.147827
58.000000 388.169978 281.542499 214.039479 171.061934 144.794790 128.338886 94.948288 65.188621 45.582860 375.387077 311.266996 242.380770 205.823161 142.147227 211.336662
58.050000 388.501817 281.788206 214.230501 171.218032 144.929482 128.460136 95.042153 65.257889 45.635752 375.708603 311.536739 242.594772 206.007515 142.279758 211.525491
58.100000 388.833644 282.033905 214.421516 171.374125 145.064170 128.581381 95.136015 65.327156 45.688643 376.030115 311.806472 242.808766 206.191861 142.412285 211.714312
