web/models/kne/34/mosfit_kn_0.001230_0.2180_3.6500.dat
# %ECSV 1.0
# ---
# datatype:
# - {name: time, datatype: float64}
# - {name: PS1_g, datatype: float64}
# - {name: PS1_i, datatype: float64}
# - {name: PS1_r, datatype: float64}
# - {name: PS1_w, datatype: float64}
# - {name: PS1_y, datatype: float64}
# - {name: PS1_z, datatype: float64}
# - {name: swift_uvot_B, datatype: float64}
# - {name: swift_uvot_U, datatype: float64}
# - {name: swift_uvot_uvm2, datatype: float64}
# - {name: swift_uvot_uvw1, datatype: float64}
# - {name: swift_uvot_uvw2, datatype: float64}
# - {name: swift_uvot_V, datatype: float64}
# - {name: johnson_B, datatype: float64}
# - {name: johnson_I, datatype: float64}
# - {name: johnson_R, datatype: float64}
# - {name: johnson_U, datatype: float64}
# - {name: johnson_V, datatype: float64}
# - {name: sdss_g, datatype: float64}
# - {name: sdss_i, datatype: float64}
# - {name: sdss_r, datatype: float64}
# - {name: sdss_u, datatype: float64}
# - {name: sdss_z, datatype: float64}
# - {name: ATLAS_c, datatype: float64}
# - {name: ATLAS_o, datatype: float64}
# - {name: ukirt_H, datatype: float64}
# - {name: ukirt_J, datatype: float64}
# - {name: ukirt_K, datatype: float64}
# - {name: Clear, datatype: float64}
# meta: !!omap
# - comment: [kappa = 3.65, type = rprocess, mass = 0.0012301715156502338, velocity = 0.21800000000000003, theta_obs = 0.0, tfloor = 1000.0]
# schema: astropy-2.0
time PS1_g PS1_i PS1_r PS1_w PS1_y PS1_z swift_uvot_B swift_uvot_U swift_uvot_uvm2 swift_uvot_uvw1 swift_uvot_uvw2 swift_uvot_V johnson_B johnson_I johnson_R johnson_U johnson_V sdss_g sdss_i sdss_r sdss_u sdss_z ATLAS_c ATLAS_o ukirt_H ukirt_J ukirt_K Clear
[from data line 58]
3.5470941883767533 9.220866568728834 0.3390377555295565 3.8141085335673885 1.8461847220634198 -3.1841522929957122 -1.766476328148574 12.76077314529332 19.41971724318823 33.308312547217405 15.38529977526279 17.898316281742442 7.180383261599618 11.55683582832713 -1.2144755508923941 1.7555572158326058 18.38871606393648 6.225360926430866 10.03340667004327 0.4202937076425428 4.0425971930638305 19.920822773363067 -2.3399039401705757 5.793185103310048 1.3407725787002533 -8.133139670911207 -5.983650375421517 -9.49342835138438 -0.4397093216979364
3.6072144288577155 9.263399540237316 0.3815707270380386 3.8566415050758707 1.888717693571902 -3.14161932148723 -1.723943356640092 12.803306116801803 19.462250214696716 33.35084551872588 15.427832746771273 17.940849253250924 7.2229162331081005 11.599368799835613 -1.171942579383912 1.798090187341088 18.431249035444964 6.267893897939348 10.075939641551752 0.46282667915102493 4.085130164572313 19.96335574487155 -2.2973709686620936 5.835718074818512 1.3833055502087355 -8.090606699402725 -5.941117403913035 -9.450895379875897 -0.3971763501894543
3.6673346693386772 9.305150184589213 0.42332137138991754 3.8983921494277674 1.9304683379237808 -3.0998686771353334 -1.682192712288213 12.8450567611537 19.504000859048602 33.39259616307778 15.46958339112317 17.98259989760282 7.264666877459997 11.641119444187492 -1.1301919350320153 1.8398408316929669 18.47299967979686 6.309644542291244 10.117690285903649 0.5045773235029216 4.126880808924209 20.005106389223428 -2.255620324310197 5.877468719170409 1.4250561945606322 -8.048856055050829 -5.899366759561138 -9.409144735524 -0.3554257058375576
3.727454909819639 9.346168508956012 0.4643396957567347 3.9394104737945668 1.971486662290598 -3.058850352768534 -1.6411743879213958 12.886075085520499 19.545019183415413 33.43361448744458 15.510601715489969 18.02361822196962 7.305685201826797 11.682137768554309 -1.089173610665216 1.880859156059784 18.51401800416366 6.350662866658044 10.158708610270448 0.545595647869721 4.167899133291009 20.046124713590245 -2.2146019999433975 5.918487043537226 1.4660745189274316 -8.00783773068403 -5.858348435194339 -9.368126411157201 -0.3144073814707582
3.787575150300601 9.386452517759452 0.5046237045601742 3.9796944825980063 2.0117706710940375 -3.0185663439650945 -1.6008903791179563 12.926359094323939 19.585303192218852 33.47389849624802 15.550885724293408 18.06390223077306 7.345969210630236 11.722421777357749 -1.0488896018617764 1.9211431648632236 18.5543020129671 6.390946875461483 10.198992619073906 0.5858796566731606 4.208183142094448 20.086408722393685 -2.174317991139958 5.958771052340666 1.506358527730871 -7.9675537218805905 -5.818064426390899 -9.327842402353761 -0.2741233726673187
3.847695390781563 9.426054289408867 0.5442254762095899 4.019296254247422 2.0513724427434354 -2.978964572315679 -1.5612886074685406 12.965960865973354 19.624904963868268 33.513500267897435 15.590487495942824 18.103504002422476 7.385570982279652 11.762023549007164 -1.0092878302123607 1.9607449365126393 18.593903784616515 6.430548647110899 10.238594390723303 0.6254814283225762 4.247784913743864 20.126010494043083 -2.1347162194905422 5.9983728239900636 1.5459602993802868 -7.927951950231175 -5.7784626547414835 -9.288240630704346 -0.23452160101790298
3.9078156312625247 9.4650008192216 0.5831720060223233 4.058242784060155 2.090318972556169 -2.9400180425029454 -1.5223420776558072 13.004907395786088 19.663851493681 33.55244679771017 15.629434025755558 18.14245053223521 7.424517512092385 11.800970078819898 -0.9703413003996273 1.9996914663253726 18.63285031442925 6.469495176923632 10.277540920536037 0.6644279581353096 4.286731443556597 20.164957023855816 -2.095769689677809 6.037319353802797 1.5849068291930202 -7.889005420418441 -5.73951612492875 -9.249294100891612 -0.1955750712051696
3.967935871743487 9.50331732091568 0.6214885077164034 4.0965592857542354 2.1286354742502667 -2.9017015408088653 -1.4840255759617271 13.043223897480168 19.702167995375078 33.59076329940425 15.667750527449638 18.18076703392929 7.462834013786465 11.839286580513978 -0.9320247987055472 2.0380079680194525 18.67116681612333 6.5078116786177125 10.315857422230117 0.7027444598293897 4.325047945250677 20.203273525549903 -2.057453187983729 6.075635855496877 1.6232233308871002 -7.850688918724361 -5.70119962323467 -9.210977599197532 -0.15725856951108952
4.028056112224449 9.54102705279288 0.6591982395936036 4.134269017631453 2.166345206127467 -2.8639918089316474 -1.446315844084527 13.080933629357368 19.73987772725229 33.62847303128146 15.705460259326838 18.21847676580649 7.500543745663683 11.876996312391178 -0.894315066828347 2.0757176998966527 18.708876548000546 6.54552141049493 10.353567154107335 0.7404541917065899 4.3627576771278775 20.240983257427114 -2.0197434561065286 6.113345587374095 1.6609330627643004 -7.812979186847143 -5.663489891357452 -9.173267867320332 -0.11954883763387159
4.0881763527054105 9.578152152871056 0.6963233396717783 4.17139411770961 2.2034703062056415 -2.8268667088534905 -1.4091907440063522 13.118058729435543 19.777002827330456 33.66559813135964 15.742585359405012 18.255601865884664 7.53766884574184 11.914121412469353 -0.8571899667501723 2.1128427999748274 18.746001648078703 6.582646510573105 10.39069225418551 0.7775792917847646 4.399882777206052 20.278108357505282 -1.982618356028354 6.15047068745227 1.6980581628424751 -7.7758540867689865 -5.626364791279295 -9.136142767242157 -0.08242373755571464
4.148296593186372 9.61471369756394 0.7328848843646618 4.207955662402494 2.240031850898525 -2.790305164160607 -1.3726291993134687 13.154620274128426 19.813564372023336 33.70215967605251 15.779146904097896 18.292163410577547 7.574230390434724 11.950682957162236 -0.8206284220572888 2.149404344667711 18.782563192771587 6.619208055265971 10.427253798878375 0.8141408364776481 4.436444321898936 20.314669902198162 -1.9460568113354704 6.187032232145153 1.7346197075353587 -7.739292542076103 -5.589803246586412 -9.099581222549274 -0.04586219286283111
4.208416833667335 9.650731092740674 0.7689022795413969 4.243973057579247 2.27604924607526 -2.754287768983854 -1.3366118041367336 13.190637669305161 19.849581767200082 33.73817707122925 15.815164299274631 18.328180805754283 7.6102477856114765 11.986700352338971 -0.7846110268805537 2.185421739844446 18.81858058794834 6.655225450442724 10.463271194055128 0.850158231654401 4.472461717075671 20.350687297374908 -1.9100394161587175 6.223049627321888 1.7706371027120937 -7.70327514689935 -5.553785851409659 -9.063563827372521 -0.009844797686078266
4.268537074148297 9.686223052633078 0.8043942394337833 4.279465017471633 2.3115412059676466 -2.7187958090914677 -1.3011198442443472 13.226129629197565 19.88507372709247 33.77366903112165 15.850656259167035 18.363672765646687 7.645739745503863 12.022192312231358 -0.7491190669881496 2.2209136997368324 18.854072547840726 6.69071741033511 10.498763153947515 0.8856501915467874 4.507953676968075 20.386179257267294 -1.8745474562663311 6.258541587214275 1.806129062604498 -7.667783187006964 -5.518293891517272 -9.028071867480135 0.02564716220630814
4.328657314629258 9.721207264905054 0.8393784517057767 4.3144492297436265 2.34652541823964 -2.683811596819492 -1.2661356319723538 13.261113841469541 19.92005793936446 33.808653243393636 15.885640471439011 18.398656977918662 7.680723957775839 12.057176524503351 -0.7141348547161739 2.255897912008826 18.88905676011272 6.725701622607104 10.533747366219508 0.920634403818763 4.542937889240051 20.421163469539287 -1.8395632439943554 6.293525799486268 1.8411132748764736 -7.63279897473497 -5.483309679245279 -8.993087655208159 0.06063137447828382
4.38877755511022 9.755700581321634 0.8738717681223385 4.348942546160188 2.3810187346562017 -2.6493182804029125 -1.231642315555792 13.295607157886103 19.954551255781023 33.843146559810194 15.920133787855573 18.433150294335224 7.715217274192418 12.091669840919913 -0.6796415382996122 2.2903912284253876 18.92355007652928 6.760194939023665 10.56824068263607 0.9551277202353425 4.577431205656612 20.45565678595585 -1.805069927577776 6.32801911590283 1.8756065912930353 -7.5983056583184085 -5.448816362828717 -8.95859433879158 0.0951246908948633
4.448897795591182 9.789752272603618 0.9079234594043406 4.38299423744219 2.415070425938204 -2.615266589120928 -1.19759062427379 13.329658849168105 19.988602947063026 33.877198251092196 15.954185479137575 18.467201985617226 7.7492689654744025 12.125721532201915 -0.64558984701761 2.3244429197073897 18.957601767811283 6.7942466303056674 10.602292373918072 0.9891794115173269 4.611482896938615 20.48970847723785 -1.7710182362957916 6.362070807184832 1.9096582825750374 -7.564253967036406 -5.414764671546715 -8.924542647509595 0.12917638217684768
4.509018036072144 9.823296964156967 0.9414681509576894 4.4165389289955215 2.448615117491535 -2.5817218975675793 -1.164045932720441 13.363203540721454 20.022147638616367 33.910742942645534 15.987730170690924 18.500746677170564 7.782813657027751 12.159266223755246 -0.6120451554642612 2.3579876112607208 18.991146459364614 6.8277913218589985 10.635837065471403 1.0227241030706757 4.645027588491963 20.523253168791193 -1.7374735447424428 6.395615498738163 1.9432029741283863 -7.530709275483075 -5.381219979993384 -8.890997955956246 0.1627210737301965
4.569138276553106 9.856403123317943 0.9745743101186655 4.449645088156515 2.4817212766525287 -2.5486157384066033 -1.130939773559465 13.39630969988243 20.05525379777735 33.94384910180652 16.0208363298519 18.53385283633155 7.815919816188727 12.19237238291624 -0.5789389963032852 2.3910937704217146 19.02425261852559 6.860897481019992 10.668943224632397 1.0558302622316518 4.678133747652939 20.556359327952176 -1.7043673855814667 6.428721657899157 1.9763091332893623 -7.4976031163220815 -5.34811382083239 -8.85789179679527 0.19582723289117254
4.629258517034068 9.889082420539879 1.0072536073405836 4.482324385378433 2.514400573874447 -2.5159364411846674 -1.098260476337547 13.428988997104348 20.08793309499927 33.97652839902844 16.053515627073818 18.566532133553476 7.848599113410663 12.225051680138158 -0.5462596990813671 2.4237730676436327 19.056931915747526 6.89357677824191 10.701622521854315 1.0885095594535876 4.7108130448748575 20.589038625174094 -1.6716880883595309 6.461400955121075 2.0089884305112804 -7.4649238191001634 -5.315434523610472 -8.825212499573334 0.2285065301131084
4.68937875751503 9.921347031066414 1.0395182178671192 4.514588995904969 2.5466651844009824 -2.483671830658132 -1.0659958658110114 13.461253607630884 20.120197705525804 34.00879300955498 16.085780237600353 18.598796744080015 7.880863723937199 12.257316290664694 -0.5139950885548314 2.4560376781701683 19.089196526274062 6.925841388768446 10.73388713238085 1.1207741699801232 4.743077655401393 20.62130323570063 -1.6394234778329952 6.4936655656476105 2.041253041037816 -7.432659208573628 -5.2831699130839365 -8.792947889046799 0.260771140639644
4.749498997995992 9.95320909559453 1.0713802823952356 4.5464510604330854 2.578527248929099 -2.4518097661300153 -1.034133801282895 13.493115672159 20.15205977005392 34.0406550740831 16.117642302128488 18.63065880860813 7.912725788465315 12.28917835519281 -0.482133024026715 2.4878997426982847 19.12105859080218 6.9577034532965625 10.765749196908967 1.1526362345082397 4.774939719929527 20.653165300228746 -1.6075614133048788 6.525527630175727 2.0731151055659502 -7.400797144045511 -5.25130784855582 -8.761085824518682 0.2926332051677605
4.809619238476953 9.984680953300646 1.1028521401013514 4.577922918139201 2.6099991066352146 -2.4203379084238996 -1.0026619435767792 13.524587529865133 20.183531627760036 34.07212693178922 16.149114159834603 18.662130666314244 7.944197646171431 12.320650212898926 -0.4506611663205815 2.5193716004044004 19.152530448508294 6.989175311002678 10.797221054615083 1.1841080922143554 4.806411577635643 20.684637157934862 -1.576089555598763 6.556999487881843 2.104586963272066 -7.369325286339396 -5.219835990849704 -8.729613966812567 0.3241050628738762
4.869739478957916 10.015774579924273 1.1339457667249775 4.609016544762827 2.6410927332588408 -2.3892442818002735 -0.971568316953153 13.555681156488742 20.214625254383662 34.103220558412836 16.18020778645821 18.693224292937874 7.975291272795057 12.351743839522552 -0.41956753969697314 2.5504652270280266 19.18362407513192 7.020268937626304 10.828314681238709 1.2152017188379816 4.8375052042592515 20.715730784558488 -1.544995928975137 6.588093114505469 2.135680589895692 -7.3382316597157695 -5.188742364226078 -8.69852034018894 0.35519868949750233
4.929859719438878 10.04650168891958 1.164672875720285 4.639743653758135 2.6718198422541484 -2.358517172804966 -0.9408412079578454 13.586408265484067 20.245352363378977 34.13394766740815 16.210934895453537 18.72395140193318 8.006018381790366 12.38247094851786 -0.38884043070164775 2.581192336023334 19.214351184127228 7.050996046621612 10.859041790234016 1.2459288278332892 4.868232313254577 20.746457893553803 -1.5142688199798293 6.6188202235007765 2.1664076988909997 -7.307504550720462 -5.1580152552307705 -8.667793231193633 0.38592579849280995
4.98997995991984 10.076873914808893 1.1950451016095975 4.670115879647447 2.702192068143461 -2.3281449469156534 -0.910468982068533 13.61678049137338 20.275724589268293 34.16431989329747 16.24130712134285 18.75432362782249 8.036390607679678 12.412843174407172 -0.3584682048123353 2.6115645619126466 19.24472341001654 7.081368272510924 10.889414016123329 1.2763010537226016 4.898604539143889 20.77683011944312 -1.4838965940905169 6.649192449390089 2.196779924780312 -7.2771323248311495 -5.127643029341458 -8.63742100530432 0.4162980243821224
5.050100200400801 10.106902251630068 1.2250734384307727 4.7001442164686225 2.732220404964636 -2.2981166100944783 -0.8804406452473579 13.646808828194537 20.305752926089458 34.19434823011863 16.271335458164007 18.784351964643665 8.066418944500853 12.442871511228347 -0.32843986799117797 2.6415928987338217 19.274751746837715 7.1113966093320995 10.919442352944504 1.3063293905437767 4.928632875965047 20.806858456264283 -1.4538682572693418 6.679220786211264 2.2268082616014695 -7.247103988009974 -5.097614692520283 -8.607392668483145 0.4463263612032975
5.110220440881763 10.136597737863529 1.2547689246642513 4.729839702702083 2.7619158911980968 -2.2684211238610175 -0.8507451590138793 13.676504314428016 20.335448412322926 34.2240437163521 16.301030944397485 18.81404745087713 8.096114430734314 12.472566997461826 -0.29874438175769935 2.6712883849672826 19.304447233071176 7.14109209556556 10.949137839177965 1.3360248767772376 4.958328362198525 20.83655394249775 -1.424172771035881 6.708916272444725 2.256503747834948 -7.2174085017765135 -5.067919206286822 -8.577697182249684 0.47602184743675835
5.170340681362725 10.165970868499024 1.2841420552997285 4.759212833337578 2.7912890218335917 -2.2390479932255225 -0.8213720283784021 13.705877445063493 20.364821542958413 34.2534168469876 16.33040407503298 18.84342058151262 8.125487561369809 12.501940128097303 -0.2693712511222044 2.7006615156027776 19.33382036370667 7.170465226201055 10.97851096981346 1.3653980074127325 4.98770149283402 20.86592707313324 -1.394799640400386 6.73828940308022 2.285876878470443 -7.1880353711410185 -5.038546075651327 -8.54832405161419 0.5053949780722533
