web/models/kne/34/mosfit_kn_0.218327_0.3120_3.6500.dat
# %ECSV 1.0
# ---
# datatype:
# - {name: time, datatype: float64}
# - {name: PS1_g, datatype: float64}
# - {name: PS1_i, datatype: float64}
# - {name: PS1_r, datatype: float64}
# - {name: PS1_w, datatype: float64}
# - {name: PS1_y, datatype: float64}
# - {name: PS1_z, datatype: float64}
# - {name: swift_uvot_B, datatype: float64}
# - {name: swift_uvot_U, datatype: float64}
# - {name: swift_uvot_uvm2, datatype: float64}
# - {name: swift_uvot_uvw1, datatype: float64}
# - {name: swift_uvot_uvw2, datatype: float64}
# - {name: swift_uvot_V, datatype: float64}
# - {name: johnson_B, datatype: float64}
# - {name: johnson_I, datatype: float64}
# - {name: johnson_R, datatype: float64}
# - {name: johnson_U, datatype: float64}
# - {name: johnson_V, datatype: float64}
# - {name: sdss_g, datatype: float64}
# - {name: sdss_i, datatype: float64}
# - {name: sdss_r, datatype: float64}
# - {name: sdss_u, datatype: float64}
# - {name: sdss_z, datatype: float64}
# - {name: ATLAS_c, datatype: float64}
# - {name: ATLAS_o, datatype: float64}
# - {name: ukirt_H, datatype: float64}
# - {name: ukirt_J, datatype: float64}
# - {name: ukirt_K, datatype: float64}
# - {name: Clear, datatype: float64}
# meta: !!omap
# - comment: [kappa = 3.65, type = rprocess, mass = 0.21832694463104688, velocity = 0.312, theta_obs = 0.0, tfloor = 1000.0]
# schema: astropy-2.0
time PS1_g PS1_i PS1_r PS1_w PS1_y PS1_z swift_uvot_B swift_uvot_U swift_uvot_uvm2 swift_uvot_uvw1 swift_uvot_uvw2 swift_uvot_V johnson_B johnson_I johnson_R johnson_U johnson_V sdss_g sdss_i sdss_r sdss_u sdss_z ATLAS_c ATLAS_o ukirt_H ukirt_J ukirt_K Clear
[from data line 57]
3.4869739478957915 -12.630125493806403 -15.044412207545665 -14.158832768170093 -14.187652974106513 -15.772770394855584 -15.507912662406778 -11.624623659735366 -10.472035751699611 -5.073557492518044 -8.499956054279103 -6.526686649760517 -13.38455968095267 -11.758208176336765 -15.708267260559456 -14.63996052034829 -10.63261818317254 -13.490912420873629 -12.401090242850596 -15.030401470084982 -14.140372833400594 -9.72171916490769 -15.587849856902611 -13.34748822252589 -14.614272943687006 -16.352299752889575 -16.192834256113784 -16.30419033009369 -14.541910140354712
3.5470941883767533 -12.613143182506779 -15.045692781810782 -14.152780125241868 -14.184572450360182 -15.781614534228776 -15.513758899687282 -11.601058338207892 -10.433736818166466 -5.003215653801319 -8.464321998881097 -6.491595579854636 -13.372146847817998 -11.736032331529195 -15.711778042251307 -14.63656740830934 -10.596660753665603 -13.479564125391013 -12.382480973642487 -15.031480446500272 -14.134026382460263 -9.684506002810718 -15.59462210237637 -13.336698664256748 -14.612482782427794 -16.372062619006705 -16.207627073227933 -16.32729837736276 -14.542891961620974
3.6072144288577155 -12.596289517489225 -15.04684246934227 -14.146699514274168 -14.181449955909109 -15.790225277214613 -15.51941154595525 -11.57770906132238 -10.395859700545191 -4.9337916805891195 -8.429274242915206 -6.457125480488898 -13.359789195011437 -11.714061675668933 -15.7151285228903 -14.633117548969025 -10.561090078396884 -13.468262092153116 -12.364023042563499 -15.03243130641648 -14.127654089186787 -9.647693961918922 -15.601190032466459 -13.325963446557765 -14.610614932237826 -16.39145228631271 -16.222109884474918 -16.349991773638678 -14.543786357169353
3.6673346693386772 -12.579554760274121 -15.047861984267428 -14.14058752802358 -14.178282427259745 -15.798607413792247 -15.524873811577677 -11.554562599488218 -10.358382845029013 -4.8652440673084945 -8.394782786253181 -6.4232429140770755 -13.347479983727013 -11.692283426137887 -15.718320589167718 -14.629608703999015 -10.525886043748553 -13.456999949026416 -12.34570579849466 -15.033254654078547 -14.121252463758367 -9.611262356973231 -15.607557286801708 -13.315275762708456 -14.608667962455488 -16.41047907182363 -16.236290509985984 -16.37228248029087 -14.544592012958653
3.727454909819639 -12.562912059072087 -15.048740346466296 -14.134426882058797 -14.17505393110039 -15.806756307426308 -15.53013857822748 -11.531586631078802 -10.321261224045895 -4.797498482614951 -8.360795832540777 -6.389893170354565 -13.33519668201734 -11.670666153363175 -15.721345104975015 -14.626025580412449 -10.491005748037551 -13.445755869580152 -12.327500992581566 -15.033939339166373 -14.114804043992955 -9.575167328363765 -15.613717460562206 -13.304613586755636 -14.606627873102838 -16.42914717242673 -16.25016914309029 -16.39417735603933 -14.545296004095167
3.787575150300601 -12.546403504353822 -15.04951194108692 -14.128255124707092 -14.171799493555852 -15.814702917311294 -15.535238196955383 -11.50882628505575 -10.284546291954069 -4.730618366455899 -8.327354359244517 -6.357113724511073 -13.322979814233548 -11.649254066546305 -15.724235416949519 -14.62240426641338 -10.456499749858896 -13.434569696842987 -12.309451419376227 -15.034519836931874 -14.108346583497813 -9.539460104095916 -15.619702418390293 -13.29401581844488 -14.604529975187877 -16.447482263442158 -16.26377388240785 -16.415700409553132 -14.545931103913574
3.847695390781563 -12.530000613196606 -15.050164075232821 -14.122053282875022 -14.168501620728637 -15.82244088756271 -15.54016382914197 -11.48624761071461 -10.24819145071243 -4.664528118611211 -8.294405987972997 -6.324849800406604 -13.310805158082879 -11.628014133337693 -15.726980676852744 -14.618727801644066 -10.422323555602954 -13.423417932087387 -12.291527204431176 -15.034983284566366 -14.10186092447029 -9.504095223993954 -15.625504040816764 -13.283458833921031 -14.60235860619445 -16.465486847484346 -16.277103213901842 -16.436856816986097 -14.546482868428399
3.9078156312625247 -12.513702749938034 -15.050702223794481 -14.115824435849547 -14.16516332000958 -15.829978026610991 -15.544922386854552 -11.463847989887832 -10.212189245389638 -4.599208279243004 -8.261936242415882 -6.293084406428914 -13.298673911119476 -11.606943919772238 -15.729587023799027 -14.614999870952829 -10.388470571318209 -13.412301933847298 -12.273727182670875 -15.035335093753694 -14.095350116337269 -9.469065791509585 -15.631129469279248 -13.272943582733348 -14.600117902069467 -16.483171816306342 -16.290166641302743 -16.457658374198246 -14.546955211547843
3.967935871743487 -12.497525820797772 -15.051142562999047 -14.109584708715275 -14.161799689058014 -15.837330425492286 -15.54953002386343 -11.441643454130201 -10.176555587993388 -4.5346729743721275 -8.229953127450909 -6.26182298316451 -13.28660235472497 -11.586059190277517 -15.732070584238055 -14.611236347461187 -10.354956820565075 -13.401237799193593 -12.256067251458322 -15.035591441940248 -14.088830349539716 -9.434387931219366 -15.63659478925512 -13.262485570049733 -14.597823675382067 -16.500552848396538 -16.302980046644553 -16.478120591243798 -14.547362835246673
4.028056112224449 -12.481463730399067 -15.051486429171899 -14.103332504994146 -14.158409383805708 -15.844502322288374 -15.553989853931434 -11.419625428134783 -10.141275994981598 -4.470893517609372 -8.198436118381487 -6.231042929339278 -13.274586527399592 -11.565351679160688 -15.734433528231985 -14.607436458025138 -10.321768841625005 -13.390221822051005 -12.238540666955391 -15.035753587183827 -14.082299970125316 -9.400047776988014 -15.641903418371701 -13.252080780777487 -14.595475729455245 -16.517638112231992 -16.31554982348245 -16.498252803325904 -14.547705641857753
4.0881763527054105 -12.465513728956985 -15.051737137849361 -14.097068753301283 -14.15499340731973 -15.851499377008196 -15.558306632534507 -11.3977891661511 -10.10634091261176 -4.407848597146187 -8.167369743686077 -6.200726823987587 -13.262625459305301 -11.54481685616338 -15.736679841496663 -14.603601765640814 -10.288897923874913 -13.379253215244143 -12.221144152095924 -15.035824781638922 -14.075759868678581 -9.36603630333444 -15.647060349679531 -13.241728101070827 -14.593076087727681 -16.53443640450655 -16.32788335434105 -16.518064731897276 -14.54798559555078
4.148296593186372 -12.449685219337745 -15.051905842468187 -14.090803952392967 -14.151561619599615 -15.858333299499101 -15.562491874244149 -11.376143633952484 -10.071757984858873 -4.345541634695212 -8.136755029848413 -6.1708737062207355 -13.250729258498819 -11.52446356626291 -15.738820819538734 -14.599742767025987 -10.256352001123396 -13.36834201238881 -12.20388696714826 -15.035816162973283 -14.069220576888242 -9.332361428416753 -15.652077114673801 -13.231437098545662 -14.59063532907841 -16.550959985107557 -16.33999266268045 -16.53756876755393 -14.548212552108577
4.208416833667335 -12.433963686942118 -15.051987618016973 -14.084529367326866 -14.148106080083664 -15.86500299584202 -15.566542987410461 -11.35467102051581 -10.03750173655403 -4.283929397485713 -8.10656215774138 -6.141452294615725 -13.23888603010473 -11.504274521445431 -15.740852649254428 -14.595851914861193 -10.224106882764776 -13.357476734232028 -12.186753754254571 -15.035722703321674 -14.06267325556545 -9.298998388154853 -15.656951549244127 -13.221196156478978 -14.588146687133268 -16.567213081953383 -16.351879565561944 -16.556770738033265 -14.548380378546195
4.268537074148297 -12.418372949752605 -15.05200277452973 -14.078266763694458 -14.144647055883706 -15.871527155465532 -15.57047932957854 -11.333396605170282 -10.003600374963248 -4.223045056464925 -8.076811943194553 -6.1124814455931045 -13.227118985485113 -11.484274470662545 -15.74279513969395 -14.591950197350709 -10.19219039051552 -13.346680204522395 -12.169768657552122 -15.035564754912194 -14.056139789477129 -9.265975352792886 -15.661702759204275 -13.211027467633425 -14.585630772576827 -16.583211786698634 -16.36356135139854 -16.575685899240145 -14.54850816492348
4.328657314629258 -12.402927551672338 -15.051965286943716 -14.072030388712093 -14.141197830416594 -15.877919360426294 -15.574314662812814 -11.31233532234755 -9.970069387043257 -4.162903972361359 -8.047513326181548 -6.083968388781823 -13.215442781361332 -11.464478055905069 -15.744662128018387 -14.58805152686524 -10.160617998429153 -13.33596687367862 -12.152946284515238 -15.035356302204335 -14.049634494202454 -9.23330793676012 -15.666344408069897 -13.200944972608077 -14.583101382782022 -16.598968870705338 -16.375051174082955 -16.594326736286607 -14.54860869525163
4.38877755511022 -12.387587317781534 -15.051852633180065 -14.065790658925756 -14.137731201708412 -15.884164308802529 -15.578030836445933 -11.291440736095197 -9.93684813817941 -4.103413974650432 -8.018604490793031 -6.055850658788241 -13.203821799174673 -11.44484005758667 -15.74643321044353 -14.584128762878585 -10.129331371732999 -13.325302064594416 -12.136244894672839 -15.035074630259277 -14.043127533467743 -9.200936645251847 -15.67085920391758 -13.190914257816999 -14.580532885417377 -16.614479322706398 -16.386339345693397 -16.61269137191297 -14.548658487103818
4.448897795591182 -12.372367934708066 -15.051679196439327 -14.05956252015704 -14.134261113160758 -15.890275701898968 -15.58164184421754 -11.270729171945828 -9.90395409278852 -4.0445937852513785 -7.990096845048313 -6.028138167808418 -13.1922716318286 -11.425376473339671 -15.74812254887566 -14.580196430151357 -10.098347861783285 -13.314701135310328 -12.119680302564344 -15.034734139576855 -14.036633928231232 -9.168879011827755 -15.675261010644839 -13.180950193791965 -14.577939632354155 -16.629755637169335 -16.397438922443044 -16.63079189578791 -14.548670855389485
4.509018036072144 -12.357277683790464 -15.051454289106552 -14.053354906814377 -14.130795938487797 -15.896263148322252 -15.585157197782937 -11.250208695746934 -9.87139456622879 -3.9864479600297846 -7.961992442110901 -6.0008316856945 -13.18080103312407 -11.406095235871895 -15.749739524306314 -14.576263399385098 -10.067674965867976 -13.304172752804513 -12.103260708592725 -15.034344133837312 -14.030162646373814 -9.137142548436614 -15.679559333289124 -13.171061066021377 -14.575330530945347 -16.64480764473662 -16.408359645415036 -16.6486381740321 -14.54865409105178
4.569138276553106 -12.342318986141567 -15.05118318386419 -14.047171979392417 -14.127339636880603 -15.902132982392665 -15.588582829372033 -11.229880843587978 -9.839168868823283 -3.9289699383356718 -7.934286057492415 -5.973924893918813 -13.169413333691129 -11.386997904644684 -15.751289705300088 -14.57233405074157 -10.037312405331626 -13.293720279565127 -12.086988289841507 -15.033909856688616 -14.023717848299437 -9.105726858605632 -15.6837601948307 -13.161249946633102 -14.572710162402949 -16.65964302416899 -16.41910859197104 -16.666238267430572 -14.548612502556715
4.629258517034068 -12.327471854566507 -15.050856127966252 -14.040999899174622 -14.12387957952319 -15.907879607263045 -15.591911507378722 -11.209722035928593 -9.807245210826121 -3.8721094172823483 -7.906943938172031 -5.947383444445919 -13.158091239129199 -11.368061553149541 -15.752764553641374 -14.568395909244025 -10.007229735115299 -13.283326930912851 -12.070842154155379 -15.03342144417422 -14.017285560892638 -9.074600845508787 -15.687856847254125 -13.151500105685958 -14.570066913864377 -16.674262051475136 -16.429683372124142 -16.683594232023818 -14.548535544164167
4.68937875751503 -12.312759916682143 -15.050492198226912 -14.034859606883039 -14.120435190752296 -15.913520077543168 -15.59516111022953 -11.189757709422611 -9.775652795204088 -3.81590252229046 -7.879988920860583 -5.921228851578974 -13.146857470331874 -11.349311035726636 -15.754182528587013 -14.564469014186773 -9.977455625739939 -13.273014998331918 -12.054846346422483 -15.032898026063268 -14.0108868531488 -9.04379358637323 -15.691866873274929 -13.141833253831834 -14.567420370947826 -16.68867863855899 -16.44009934078781 -16.700718979971715 -14.548441293418382
4.749498997995992 -12.298165251790056 -15.050082747945925 -14.028738752873853 -14.116995218224737 -15.919049513004921 -15.598325276190259 -11.169966688569268 -9.744363008489962 -3.7603038576429375 -7.853390623793786 -5.895430253647781 -13.135696547128301 -11.33072576680011 -15.755536083927215 -14.560542249900081 -9.947962681848665 -13.262769462309725 -12.03898212597112 -15.032330854855509 -14.004509253924109 -9.013277095684753 -15.69578434903553 -13.132234421013731 -14.564760199694504 -16.70289322690422 -16.45035452373266 -16.717614565258604 -14.54832038568096
4.809619238476953 -12.283692737507721 -15.049634150166824 -14.022643137127275 -14.11356512975697 -15.924474803845179 -15.601410706921097 -11.150353437007123 -9.713379177324661 -3.7053133520111308 -7.8271483303167955 -5.869986095882766 -13.124613892783945 -11.312310150610369 -15.75683172964813 -14.55662145922097 -9.918754460150431 -13.252595713088835 -12.023254246020993 -15.031726289134895 -13.998158579690685 -8.983054896494593 -15.69961600430231 -13.12270871516855 -14.562092333001075 -16.716913287781413 -16.460456137089814 -16.734288610013316 -14.548178373919924
4.869739478957916 -12.269363585385733 -15.049163517542965 -14.016591551068451 -14.110162330958378 -15.929811238793956 -15.604433435016478 -11.130940801420525 -9.682727547870105 -3.650963432643855 -7.8012824371520395 -5.844915678631558 -13.113629910103885 -11.294086497321313 -15.758086020140968 -14.552724609481864 -9.889856727510093 -13.242513758273498 -12.007684294409309 -15.031101489251224 -13.991853739802238 -8.95315312590757 -15.703377602425093 -13.113275608201906 -14.559434329789163 -16.730751267270044 -16.470417932610655 -16.750752653924575 -14.548031440943774
4.929859719438878 -12.255155312920003 -15.048658820011465 -14.01056778234695 -14.106772022485696 -15.935051064639492 -15.607384019977886 -11.111702593363095 -9.652373529428253 -3.59720082355276 -7.77575766850731 -5.820183525410933 -13.10272481551386 -11.276029334108507 -15.75928817951911 -14.548836930450523 -9.86123625406271 -13.232504368775116 -11.992248861857533 -15.03044431088238 -13.985578372940122 -8.923537868348905 -15.707060210604862 -13.103916026340556 -14.556772313881368 -16.744405505342407 -16.480235481509755 -16.767006891251746 -14.547866990521516
4.98997995991984 -12.241086491874302 -15.048135202930872 -14.004588382051484 -14.103409534623275 -15.940207891586198 -15.610276699928018 -11.092658765814509 -9.622339926998489 -3.544053396871141 -7.750591498974426 -5.79580617102302 -13.091916524458089 -11.25815814317534 -15.760452881262623 -14.544974261806988 -9.832915447682701 -13.222585114162813 -11.976966835718539 -15.029769939438271 -13.979349133742094 -8.89423184956776 -15.71067783599812 -13.094647055148325 -14.554121780058757 -16.75788720137225 -16.48992109145194 -16.783061749398996 -14.547699303267656
5.050100200400801 -12.227125943469659 -15.047574645245945 -13.998630053841019 -14.100053576386742 -15.94526912239008 -15.613096731210767 -11.073773425458999 -9.592580241965223 -3.491451447622718 -7.725738227570478 -5.7717379950905325 -13.081177187588093 -11.240438001919951 -15.761563701231644 -14.541115193265021 -9.804849508078519 -13.212728891712258 -11.961805867095539 -15.029060209249465 -13.973142522112934 -8.865189378467218 -15.714216393228817 -13.085441916469218 -14.551462459020783 -16.77119155172704 -16.49946641361762 -16.798914807697823 -14.547509959461475
