web/models/kne/34/mosfit_kn_0.500000_0.2493_10.0000.dat
# %ECSV 1.0
# ---
# datatype:
# - {name: time, datatype: float64}
# - {name: PS1_g, datatype: float64}
# - {name: PS1_i, datatype: float64}
# - {name: PS1_r, datatype: float64}
# - {name: PS1_w, datatype: float64}
# - {name: PS1_y, datatype: float64}
# - {name: PS1_z, datatype: float64}
# - {name: swift_uvot_B, datatype: float64}
# - {name: swift_uvot_U, datatype: float64}
# - {name: swift_uvot_uvm2, datatype: float64}
# - {name: swift_uvot_uvw1, datatype: float64}
# - {name: swift_uvot_uvw2, datatype: float64}
# - {name: swift_uvot_V, datatype: float64}
# - {name: johnson_B, datatype: float64}
# - {name: johnson_I, datatype: float64}
# - {name: johnson_R, datatype: float64}
# - {name: johnson_U, datatype: float64}
# - {name: johnson_V, datatype: float64}
# - {name: sdss_g, datatype: float64}
# - {name: sdss_i, datatype: float64}
# - {name: sdss_r, datatype: float64}
# - {name: sdss_u, datatype: float64}
# - {name: sdss_z, datatype: float64}
# - {name: ATLAS_c, datatype: float64}
# - {name: ATLAS_o, datatype: float64}
# - {name: ukirt_H, datatype: float64}
# - {name: ukirt_J, datatype: float64}
# - {name: ukirt_K, datatype: float64}
# - {name: Clear, datatype: float64}
# meta: !!omap
# - comment: [kappa = 10.0, type = rprocess, mass = 0.5000000000045836, velocity = 0.24933333333333338, theta_obs = 0.0, tfloor = 1000.0]
# schema: astropy-2.0
time PS1_g PS1_i PS1_r PS1_w PS1_y PS1_z swift_uvot_B swift_uvot_U swift_uvot_uvm2 swift_uvot_uvw1 swift_uvot_uvw2 swift_uvot_V johnson_B johnson_I johnson_R johnson_U johnson_V sdss_g sdss_i sdss_r sdss_u sdss_z ATLAS_c ATLAS_o ukirt_H ukirt_J ukirt_K Clear
[from data line 57]
3.4869739478957915 -15.000846332895375 -16.44394661770665 -15.945713051200539 -15.863527284310148 -16.778861066499235 -16.668696971725172 -14.335910887425769 -13.963171328839543 -10.328362037011253 -12.17455431989217 -10.303025713598494 -15.49882908106736 -14.408028857410255 -16.99284967466187 -16.29806089393312 -13.99582969547443 -15.557278319229491 -14.857711249323309 -16.440470598576162 -15.939860311312053 -13.146556353784558 -16.7029679647416 -15.41011793971263 -16.190725030919246 -16.802636864984986 -16.895530873906797 -16.585962781492643 -16.02188403100609
3.5470941883767533 -15.106162897415398 -16.52599112769094 -16.036956296737674 -15.953381020996016 -16.851726702446275 -16.74514008835624 -14.449152807621736 -14.095067435585591 -10.504014865697794 -12.318845789325099 -10.45466988932628 -15.597653058115572 -14.520079500653477 -17.07223518704045 -16.386507343813268 -14.12455773716702 -15.655153581988229 -14.965072594154591 -16.522761892656117 -16.031333326433508 -13.276637447769453 -16.778402743383722 -15.508583841480732 -16.27732146151894 -16.862833948518606 -16.961467612927503 -16.642350126963002 -16.107582323626275
3.6072144288577155 -15.211947725050745 -16.608131637295127 -16.128437616432265 -16.043518237921717 -16.924555343226384 -16.82159648794393 -14.562978409060047 -14.227847625962369 -10.681330008783586 -12.46458735803115 -10.60819785600238 -15.696823575499465 -14.632707361262337 -17.15167914031107 -16.475160218252764 -14.254113138145456 -15.75336925417316 -15.07293437673086 -16.605152804315324 -16.123044656609142 -13.40756170332547 -16.85383877417033 -15.607434641433144 -16.364100700282762 -16.922824419162335 -17.02727412941721 -16.69848090856355 -16.193526215427383
3.6673346693386772 -15.318140162713192 -16.690335793490174 -16.220113157639187 -16.133900269764627 -16.997326550306298 -16.898041021137118 -14.677316908844269 -14.361418861886293 -10.860165543236885 -12.611684798473295 -10.763525225209513 -15.796286983850003 -14.745843598539622 -17.231152665756213 -16.56397959303976 -14.384406348822242 -15.85187320811787 -15.181233446569689 -16.687610661462013 -16.214950020219625 -13.539237676244262 -16.92925231373641 -15.706619216080586 -16.45102539473136 -16.982604808713614 -17.092939266265006 -16.754356758171372 -16.279683574112198
3.727454909819639 -15.424658741473873 -16.772557253783358 -16.311922398710923 -16.224471872915984 -17.070008525769218 -16.974436162836906 -14.792074446142404 -14.49565958207888 -11.04033788832551 -12.760009516230184 -10.92052964765401 -15.895970807658799 -14.859396571585947 -17.31061366131333 -16.652909622023355 -14.515320247967722 -15.950594718086125 -15.289885241869374 -16.770088731542057 -16.306988417684227 -13.671545985841487 -17.004607516766512 -15.806067498241845 -16.53804278549913 -17.042163833607496 -17.158442449969353 -16.80997254769524 -16.366006774752968
3.787575150300601 -15.531456917600526 -16.854772428177736 -16.403832391102675 -16.315204465814315 -17.14258738737824 -17.050764194381323 -14.907196270536602 -14.630497122168347 -11.221735106741914 -12.909486854045067 -11.079145697432743 -15.995834150364534 -14.973313081145715 -17.39004137254516 -16.7419205228783 -14.64678496467701 -16.049494109446055 -15.398841198755768 -16.852563164341632 -16.39912655418616 -13.804415229690417 -17.079887803257954 -15.905740677798086 -16.625125193291925 -17.101501392558195 -17.223777343589468 -16.86533229851292 -16.45247260376383
3.847695390781563 -15.638457669764705 -16.93693741079148 -16.495785878264684 -16.40604538427784 -17.215032868267475 -17.126989490268496 -15.02259376515416 -14.765816826273674 -11.404183797283366 -13.059992308711248 -11.239253059838926 -16.09580857403926 -15.087506501490292 -17.46939586169174 -16.830959344007514 -14.778690048382927 -16.148504523872354 -15.50802138747251 -16.934989687753674 -16.491306747688323 -13.937732871439437 -17.15505910141747 -16.00557229911267 -16.712222543613215 -17.16060632923394 -17.28892414521127 -16.920430569395904 -16.539035418964172
3.9078156312625247 -15.745608195516443 -17.01902403131875 -16.587744702738263 -16.496960368227 -17.287327053517956 -17.20309010123275 -15.138205459835483 -14.90153801016504 -11.587560342585913 -13.211438514558722 -11.400770274433473 -16.195847542858825 -15.201916876179634 -17.54865194301089 -16.919991169268346 -14.910957876645707 -16.24758062923156 -15.617370845489589 -17.017339856031164 -16.583490510135857 -14.071419715644371 -17.230100634759378 -16.105517544635166 -16.799302106199328 -17.219475113473713 -17.353872823476024 -16.97526811717388 -16.62566638860957
3.967935871743487 -15.852853143306245 -17.101002235584453 -16.67966857782563 -16.587912790353023 -17.359450350166785 -17.27904232719176 -15.253967161545027 -15.03757675302964 -11.77173639870944 -13.36373274601808 -11.56360888920917 -16.295902230528327 -15.31648150205385 -17.627782602099835 -17.008978973597 -15.043507700637353 -16.346674789222778 -15.726832006235458 -17.099583333787614 -16.675637233006526 -14.205393428453643 -17.304989886385993 -16.20552912717777 -16.886329069830044 -17.27810274886776 -17.418611788506855 -17.029844288388404 -16.71233431589558
4.028056112224449 -15.960138189393245 -17.182842455587846 -16.771517934529072 -16.6788664397553 -17.43138338245691 -17.354822797238416 -15.369815939858189 -15.173850848072892 -11.956586127197543 -13.51678262252495 -11.727679553748004 -16.395924757760138 -15.431138856245127 -17.706761228724137 -17.09788632816385 -15.176260430959207 -16.44574025388351 -15.836348381823395 -17.181690278818298 -16.767707045432303 -14.339573392295186 -17.379704627527666 -16.305560516542652 -16.973269152155 -17.336484016180954 -17.48312943038684 -17.084158067388767 -16.799008210788493
4.0881763527054105 -16.067411509053837 -17.26451659127621 -16.863255096413976 -16.769786679280863 -17.50310778240255 -17.430409334354362 -15.485691761945787 -15.310281827643983 -12.141989155623246 -13.670498520690817 -11.892894611714397 -16.495869523470603 -15.545830209869717 -17.78556254355805 -17.18667852015382 -15.309140595385824 -16.544732473393108 -15.945866077018174 -17.2636323290285 -16.859661993026815 -14.473882690544162 -17.45422376205145 -16.40556727273145 -17.06008968145717 -17.39461400407913 -17.547414767327982 -17.138208529635804 -16.885658364894756
4.148296593186372 -16.174620564584306 -17.345995904144385 -16.95484173909321 -16.860637941160608 -17.57460451270692 -17.50577911154144 -15.601533907865186 -15.44679048789007 -12.327823988818508 -13.82478842421289 -12.059162432089131 -16.59569030869979 -15.66049609630188 -17.86416061595035 -17.275320141156485 -15.442072017155485 -16.64360624428967 -16.055330480126173 -17.34538048448071 -16.951463487629468 -14.608243723455363 -17.52852552905738 -16.505504149786834 -17.146757270138018 -17.452487020663728 -17.611456090455135 -17.191993930468442 -16.972254031848646
4.208416833667335 -16.281721722675435 -17.427257367383753 -17.04624652396337 -16.951391272778604 -17.645858949859736 -17.58091422626869 -15.717291682280987 -15.583310222089413 -12.513987612164893 -13.979573608527591 -12.226404619372303 -16.69534895406158 -15.775086876076937 -17.9425348486262 -17.363782349410368 -15.574990693923667 -16.742324268347716 -16.164696166547046 -17.426911491676673 -17.043079967780113 -14.742591267657179 -17.6025929423243 -16.60533379340416 -17.233244826658733 -17.51009995028191 -17.675245101958055 -17.245514544596375 -17.058770434939667
4.268537074148297 -16.388665848892376 -17.50827417772955 -17.1374336786708 -17.04201306127283 -17.716853304013753 -17.65579337986466 -15.83290835738427 -15.719767010931012 -12.700366058253415 -14.134765316963307 -12.394530400571927 -16.79480236500786 -15.889546906813997 -18.020661040470564 -17.45203201522471 -15.707825471781735 -16.84084434026191 -16.273912062011426 -17.5081983040287 -17.13447543767149 -14.876852876102422 -17.67640567432551 -16.705013728245444 -17.31952107844741 -17.5674472800177 -17.738770761149976 -17.2987684752875 -17.145178306489548
4.328657314629258 -16.495409995272556 -17.589023468682985 -17.228372271338497 -17.132474204190995 -17.78757279179846 -17.73039864763417 -15.94833419138051 -15.856095630772682 -12.88685824491115 -14.290283828509978 -12.56345757912943 -16.8940130553196 -16.00382738321191 -18.09851865544457 -17.540040543470774 -15.840513700418139 -16.93912974701872 -16.382933478306825 -17.58921783657911 -17.2256187738188 -15.010964752713 -17.749946662235523 -16.804506927559277 -17.405559090278206 -17.624525174049626 -17.802024308648594 -17.351755099766844 -17.231452405339454
4.38877755511022 -16.601914666250508 -17.669484516344678 -17.31903404634286 -17.22274798916054 -17.858004209881333 -17.804713909257668 -16.06352337537925 -15.992235843711633 -13.073370382069477 -14.446054140365394 -12.733107854797744 -16.992946678278013 -16.11788333114456 -18.176089134923565 -17.627781821212977 -15.972997552642589 -17.03714683658951 -16.49171929653475 -17.669949161945873 -17.316481551934224 -15.144868017815867 -17.823200578577723 -16.90377935255519 -17.491334285469264 -17.681330554068598 -17.86499811701571 -17.404474302384752 -17.317569559116333
4.448897795591182 -16.708111785011912 -17.749617602753478 -17.409368023642582 -17.3127848148569 -17.928118985783055 -17.87870627875389 -16.178398370920217 -16.128087960987028 -13.25975040330475 -14.601953201672764 -12.903348043700053 -17.09154317121466 -16.231638414472126 -18.253335967567594 -17.715208033665448 -16.105181122339147 -17.134836542198194 -16.600198978962553 -17.75035226080778 -17.40701256373182 -15.278465214729984 -17.89613570335776 -17.002770932027715 -17.576801080747266 -17.737849834460576 -17.92767185246751 -17.456916914851274 -17.40348510706866
4.509018036072144 -16.814019027325013 -17.829439481998417 -17.499391174827803 -17.40260245459078 -17.99793371028935 -17.95239241622072 -16.292977178977985 -16.263671393502435 -13.446021900515625 -14.757998553737366 -13.074200254912366 -17.189819746888332 -16.345110540157787 -18.330275853568 -17.802336010405508 -16.237083501705946 -17.232216025827874 -16.708390306373015 -17.83044389052904 -17.497228785162804 -15.41177549221624 -17.968768661139034 -17.10149916350092 -17.661976313213863 -17.79409919593817 -17.990061919015687 -17.509098915863724 -17.489217030749273
4.569138276553106 -16.919573081159367 -17.90891334208185 -17.589056192503527 -17.492154483930236 -18.06742189620211 -18.02574184971725 -16.407187718136466 -16.39889339219799 -13.6320429518168 -14.914073563386516 -13.245535985311538 -17.28772068509259 -16.458228675859225 -18.406874946410376 -17.88912132365499 -16.3686155018378 -17.32923044463085 -16.816227671731756 -17.910186959567067 -17.587082716396747 -15.544708248354606 -18.04107004384239 -17.199908054108022 -17.746817602364295 -17.850065927957118 -18.052149408600577 -17.56101164485592 -17.574723352382673
4.629258517034068 -17.02473908241826 -17.988021027606216 -17.678338280401498 -17.581416618088728 -18.136571890960447 -18.098740427039264 -16.520989653280573 -16.533700819926036 -13.817729992244757 -15.070107747247885 -13.417276784376572 -17.385215923865644 -16.570953076535705 -18.483116952664364 -17.975540923345534 -16.499726190350643 -17.42585024499659 -16.923674774758908 -17.98956313583865 -17.676549454297028 -15.677211688117367 -18.113026351771744 -17.297967260064286 -17.831303185000085 -17.905746919121516 -18.113927383391335 -17.612654469018874 -17.65998257593214
4.68937875751503 -17.12948942099164 -18.066749063912813 -17.767218348311662 -17.670370043854486 -18.205375686408445 -18.1713780460675 -16.63435078945958 -16.66805073860207 -14.003014472820666 -15.226042091468539 -13.589355881016928 -17.482281956223204 -16.68325199797039 -18.55898995938673 -18.06157714724008 -16.63037448938705 -17.52205231727833 -17.030702795456243 -18.06855879581077 -17.765609830127254 -15.809244025345706 -18.18462801991947 -17.3956529088691 -17.915416472904635 -17.9611412580855 -18.17539176020933 -17.664028521628016 -17.744978183461946
4.749498997995992 -17.233789730559153 -18.14507940325619 -17.855671901660912 -17.75899031324533 -18.273821482323047 -18.24364051575058 -16.747231484312028 -16.80189098376159 -14.187814141539569 -15.381805799408248 -13.761692077640454 -17.578889219975828 -16.79508630703705 -18.634477703411704 -18.147207134084706 -16.760510425515857 -17.617807546109404 -17.13727596733923 -18.147155721681703 -17.854239265201173 -15.94075447794685 -18.25586146945607 -17.49293488785213 -17.99913581904823 -18.01624525739715 -18.236535220421963 -17.715132464014115 -17.829688259534127
4.809619238476953 -17.337612832033056 -18.22299864045574 -17.94368010208153 -17.84725841813959 -18.341901098910327 -18.315517665021925 -16.859600154850273 -16.935179480890366 -14.372061606739916 -15.53733957423539 -13.934215982958008 -17.675014644908284 -16.906424796627263 -18.709568268366443 -18.232413368566764 -16.89009377411444 -17.71309320130729 -17.24336593449058 -18.225340365665623 -17.942418863983782 -16.071702163245263 -18.326717028701562 -17.589789505680944 -18.082444713261463 -18.07105743173636 -18.29735328985363 -17.765966734462065 -17.91409584700192
4.869739478957916 -17.44093639056958 -18.300496472605232 -18.03122791143334 -17.935158965796827 -18.409608749564228 -18.38700199383707 -16.971430663215063 -17.067880984748065 -14.555699543193285 -15.692591866847234 -14.10686594308109 -17.770639538149712 -17.017241610017354 -18.784252634883362 -18.317181919159832 -17.019090909853684 -17.807890854110223 -17.34894933803563 -18.303102301279903 -18.030133550910694 -16.20205290294651 -18.397187618077258 -17.686197380126085 -18.165330082460436 -18.12557770061916 -18.357843346662293 -17.816532880231378 -17.998187258859186
4.929859719438878 -17.54372849953654 -18.377556160092023 -18.11829265511161 -18.02266867905754 -18.47693335128909 -18.458080269964707 -17.08268629276746 -17.199947110820233 -14.73865110038425 -15.847494695841302 -14.27956060996657 -17.86573662117122 -17.127500409752482 -18.858515673200788 -18.401491527621616 -17.14745553798971 -17.902173571280336 -17.453992973151173 -18.38042463448316 -18.117360601863748 -16.33175969817529 -18.467260538721586 -17.782130330404673 -18.247771736119223 -18.17980219239034 -18.417998296299345 -17.866829109646197 -18.081941299184976
4.98997995991984 -17.645968896954898 -18.45416856730333 -18.204860854989864 -18.109773334374584 -18.543869846562817 -18.528745899406065 -17.19334332636561 -17.331345709912576 -14.92086343012469 -16.00199934541724 -14.452239526029608 -17.96028910541254 -17.237177676074772 -18.932349402673687 -18.48532967154502 -17.275157039607063 -17.995924762108558 -17.558475633207937 -18.45729811773598 -18.204086523020067 -16.460791449953724 -18.536929561799234 -17.877570675627155 -18.329757906250457 -18.23373090671209 -18.47781589034753 -17.916856857750073 -18.165345145728296
5.050100200400801 -17.74763297829942 -18.53032158286819 -18.29091554547638 -18.19645500789589 -18.610410674221196 -18.598989606011607 -17.30337327660034 -17.462038725155562 -15.102274873472691 -16.1560495415503 -14.624832695606237 -18.05427631616728 -17.346245150696177 -19.005743001413375 -18.568680463630304 -17.40215910454226 -18.08912397635744 -17.662371649208968 -18.53371051493351 -18.29029433165271 -16.58911130808436 -18.60618582076558 -17.972496698014755 -18.411273541376172 -18.287361950080655 -18.53729171030725 -17.966615851162896 -18.248382395131788
