web/models/kne/34/mosfit_kn_0.268580_0.3590_3.6500.dat
# %ECSV 1.0
# ---
# datatype:
# - {name: time, datatype: float64}
# - {name: PS1_g, datatype: float64}
# - {name: PS1_i, datatype: float64}
# - {name: PS1_r, datatype: float64}
# - {name: PS1_w, datatype: float64}
# - {name: PS1_y, datatype: float64}
# - {name: PS1_z, datatype: float64}
# - {name: swift_uvot_B, datatype: float64}
# - {name: swift_uvot_U, datatype: float64}
# - {name: swift_uvot_uvm2, datatype: float64}
# - {name: swift_uvot_uvw1, datatype: float64}
# - {name: swift_uvot_uvw2, datatype: float64}
# - {name: swift_uvot_V, datatype: float64}
# - {name: johnson_B, datatype: float64}
# - {name: johnson_I, datatype: float64}
# - {name: johnson_R, datatype: float64}
# - {name: johnson_U, datatype: float64}
# - {name: johnson_V, datatype: float64}
# - {name: sdss_g, datatype: float64}
# - {name: sdss_i, datatype: float64}
# - {name: sdss_r, datatype: float64}
# - {name: sdss_u, datatype: float64}
# - {name: sdss_z, datatype: float64}
# - {name: ATLAS_c, datatype: float64}
# - {name: ATLAS_o, datatype: float64}
# - {name: ukirt_H, datatype: float64}
# - {name: ukirt_J, datatype: float64}
# - {name: ukirt_K, datatype: float64}
# - {name: Clear, datatype: float64}
# meta: !!omap
# - comment: [kappa = 3.65, type = rprocess, mass = 0.2685795883840597, velocity = 0.359, theta_obs = 0.0, tfloor = 1000.0]
# schema: astropy-2.0
time PS1_g PS1_i PS1_r PS1_w PS1_y PS1_z swift_uvot_B swift_uvot_U swift_uvot_uvm2 swift_uvot_uvw1 swift_uvot_uvw2 swift_uvot_V johnson_B johnson_I johnson_R johnson_U johnson_V sdss_g sdss_i sdss_r sdss_u sdss_z ATLAS_c ATLAS_o ukirt_H ukirt_J ukirt_K Clear
[from data line 423]
25.490981963927855 -15.422037852779713 -18.45169933287938 -17.318424079699994 -17.462167848658456 -19.437443205039937 -19.070113581347847 -14.191401000068897 -12.540112115897983 -6.085458986395838 -10.761045728695269 -8.819573492931262 -16.325828145861305 -14.376924793674405 -19.19193043389119 -17.8943640567707 -12.77874480322697 -16.471637916040184 -15.137947798751998 -18.430851923383607 -17.288915721088234 -11.823596998758337 -19.182626196817463 -16.355488515139047 -17.923509766908108 -20.393005418560236 -20.06213459246819 -20.46091829626732 -17.95982897854863
25.551102204408817 -15.406351434027012 -18.442960436494147 -17.30688311217275 -17.452085093813086 -19.431636802109526 -19.06313450421507 -14.173135694946765 -12.516187887546852 -6.049896664623325 -10.740378424165105 -8.799321378230477 -16.31177590714761 -14.359307417887702 -19.184067645444973 -17.88395613907004 -12.755693688947034 -16.45807445751927 -15.121637188517703 -18.422035440783517 -17.277236589237024 -11.800023842265404 -19.176031096503756 -16.342325312651127 -17.91372790214794 -20.391533596789998 -20.058684356799397 -20.460793660161066 -17.95143754416257
25.61122244488978 -15.404765602241905 -18.443608521857726 -17.3066301952308 -17.452301753648953 -19.433227918097806 -19.064348488109797 -14.170720477794678 -12.51195294675421 -6.041921001631965 -10.737195159214163 -8.79627149148638 -16.31071529627753 -14.357100834441855 -19.184997498659932 -17.884067848626596 -12.751739461566427 -16.45717122055952 -15.119850641511778 -18.42265857759978 -17.276939183553264 -11.795901651719074 -19.177368622048334 -16.34155117743786 -17.914040933539805 -20.394518853245845 -20.061033280823057 -20.46421226150279 -17.952198356563347
25.67134268537074 -15.403151728847337 -18.444233846548546 -17.30635237795589 -17.452494964929475 -19.434798557353705 -19.065541070287395 -14.168275177296625 -12.507683550116422 -6.033902728116714 -10.73398208672982 -8.793192050113582 -16.3096277703188 -14.354864806180373 -19.18590528791154 -17.88415566828186 -12.747751427839209 -16.456241543512316 -15.118035572693458 -18.423258894108407 -17.27661674152321 -11.79174520655435 -19.178685075602644 -16.340751103717857 -17.91433056049879 -20.397487120097054 -20.063363618240206 -20.467614979970673 -17.95293716422183
25.7314629258517 -15.25208530368932 -18.345287046398404 -17.186381355120552 -17.34358353545554 -19.357870210443906 -18.97980366805152 -13.997833630851357 -12.294764214779086 -5.733919854827135 -10.546253257748575 -8.608552523973788 -16.17078020193323 -14.189335449554154 -19.093541765841923 -17.772737291568596 -12.541377226502163 -16.321097260490106 -14.962284512488129 -18.323729823788444 -17.155598316112215 -11.581436596075374 -19.095841567839535 -16.208678575251394 -17.80761198563109 -20.353143752017356 -20.004145749947728 -20.433407091302 -17.856769350667268
25.791583166332664 -15.094062219830846 -18.24165111194276 -17.060801351047292 -17.22973755211619 -19.277241295061742 -18.889963528703007 -13.819546376700497 -12.072109735088219 -5.420816362071082 -10.351087642526036 -8.416554670345334 -16.025441825411725 -14.016258481543677 -18.99679303098508 -17.656168353729147 -12.325545155888957 -16.17968321702278 -14.799369743934623 -18.219485946663294 -17.028907554969592 -11.361469476976609 -19.009043040937765 -16.070580842163054 -17.69595182426416 -20.306625934933283 -19.942053793608245 -20.39751265988947 -17.756311085804004
25.851703406813627 -14.933059318353177 -18.135972413544206 -16.93279554213639 -17.113866056005875 -19.194997134323977 -18.798330041032738 -13.637882658167168 -11.845270526538183 -5.102395750003253 -10.15342280860267 -8.222035195741174 -15.877274125419689 -13.839983570764506 -18.89813834152798 -17.537419791342643 -12.105638756976155 -16.035570648470735 -14.633387553747657 -18.113188515276235 -16.89975326999905 -11.137326063216886 -18.92052645846025 -15.929955212257543 -17.582200286501557 -20.259191989369857 -19.878723498869668 -20.36093365430364 -17.654150556580852
25.91182364729459 -14.779097423793388 -18.034935564363632 -16.810395543663947 -17.00325707557658 -19.11640705485528 -18.71073988901971 -13.464111842377335 -11.628241471845744 -4.7981630602986085 -9.96540262370294 -8.036935761065788 -15.735527383849679 -13.671451938016318 -18.803837847094773 -17.423961851144202 -11.895235776067008 -15.89776318643471 -14.474659231415448 -18.01155950480565 -16.776237116552082 -10.922840960826026 -18.835939677679843 -15.795588006024577 -17.47352514448208 -20.214005605529014 -19.818280337742387 -20.326176632019394 -17.556744077879536
25.97194388777555 -14.775530330950737 -18.03422943094585 -16.808534475449495 -17.002038411127867 -19.116915099035907 -18.71076092611995 -13.45947272944641 -11.621262784271131 -4.786481821274793 -9.960021876347565 -8.031710172345083 -15.73261885089271 -13.667098385717974 -18.80349632816567 -17.422586573111733 -11.888615115606253 -15.895069276693262 -14.470834396539018 -18.010821354517468 -16.774315226613208 -10.915998833210754 -18.836123670652487 -15.793082928206097 -17.472408459165578 -20.21632217778263 -19.819770810759607 -20.329058227762214 -17.556241473899785
26.03206412825651 -14.771257016276191 -18.03304799985492 -16.806104875938495 -17.000303641549017 -19.117045937223498 -18.71036539186603 -13.454040726936498 -11.613302231272105 -4.7734404669205 -9.953791631151319 -8.02564727941608 -15.72905705101488 -13.661975264025003 -18.802708995484842 -17.42068225316934 -11.881041470716386 -15.89173961743837 -14.466282526400356 -18.009605321586726 -16.771819840143518 -10.90818575315236 -18.83590431495355 -15.789957669672745 -17.470783609005398 -20.21840784455337 -19.820963542826817 -20.331754667114726 -17.555280834552143
26.092184368737474 -14.747580222137362 -18.018913217619588 -16.78811798066217 -16.984464847170617 -19.106961591214464 -18.698656214496747 -13.426787141440954 -11.578244274637157 -4.722711053915066 -9.924095773587354 -7.996465707984285 -15.707574781167423 -13.63567670596549 -18.789790811696527 -17.404318273755017 -11.84717745735399 -15.870975039127815 -14.441746005878784 -17.99536374837773 -16.753629550069835 -10.873582204040222 -18.824739306670093 -15.769826039659005 -17.455282142908626 -20.21435850796013 -19.81415745524636 -20.329591199822318 -17.541832903317953
26.152304609218437 -14.610897136933385 -17.929335589400655 -16.679522164275742 -16.88655581255368 -19.03739215552468 -18.621057496877942 -13.272426754449526 -11.38533679926974 -4.452631489381161 -9.758141398773486 -7.83299962788146 -15.581696272679554 -13.486070283799151 -18.706226855533423 -17.303774673433622 -11.660161665345267 -15.7486677095439 -14.300817384085356 -17.90525883738935 -16.64402154595729 -10.68290226599462 -18.749837051338982 -15.650690212090073 -17.358996908767317 -20.174628258886514 -19.760795686910626 -20.299191375063184 -17.455765937125207
26.2124248496994 -14.473057084210357 -17.83894370177732 -16.56997106183697 -16.78790579491297 -18.967174883108058 -18.54273913032891 -13.116747595306421 -11.190796758880506 -4.180683196705018 -9.59154116391117 -7.668814942117436 -15.454691050266806 -13.335245939825494 -18.621905360684778 -17.202402610748806 -11.471552489723209 -15.625307228280468 -14.158698625742367 -17.814335691002885 -16.53343730264554 -10.490579962081554 -18.67425175611439 -15.530601803168604 -17.26191444932118 -20.134544468793077 -19.70694400685554 -20.26854014648499 -17.369109522125488
26.27254509018036 -14.334221874664745 -17.7478451085271 -16.459594350843307 -16.688632059171233 -18.896394101970433 -18.46379468969621 -12.959931754946378 -10.994849793199926 -3.9071897613910904 -9.424477146274306 -7.504081701009206 -15.326708114877114 -13.183381696870565 -18.536927078875866 -17.10032404951899 -11.281569159217188 -15.501039621022128 -14.01555644039469 -17.722702493749747 -16.422007452156375 -10.296838433129913 -18.598074233421862 -15.409702852126426 -17.16415113425329 -20.094157146023473 -19.65266814903705 -20.237676963223677 -17.281967701497862
26.33266533066132 -14.215812160441068 -17.670357746399876 -16.365579028396198 -16.604241069053405 -18.83634022265751 -18.39673204453513 -12.826082100966502 -10.827427566870682 -3.673558200719625 -9.28241213226805 -7.363930219702976 -15.21756329632953 -13.0538306369059 -18.464696673269867 -17.01347794683833 -11.119256991094463 -15.395118629244278 -13.893452795475678 -17.644756768337473 -16.327078405235902 -10.131286662914274 -18.533397313572753 -15.30672951764572 -17.081003411292066 -20.060218396621 -19.606794462537067 -20.211929793828812 -17.2080284415396
26.392785571142284 -14.165312215003834 -17.638241922710183 -16.326037641742968 -16.569054823228093 -18.812060989407247 -18.3693010698083 -12.768638142970687 -10.754893092665956 -3.571360513774116 -9.221444069921887 -7.3037952929408725 -15.171214154706664 -12.998333995148762 -18.4349455806004 -16.97717404648599 -11.049017572659594 -15.350229489989873 -13.84129285354291 -17.61243501057587 -16.287123261199046 -10.059586521799257 -18.507042256141872 -15.263182263229726 -17.04636059686452 -20.047689086685804 -19.58889488273078 -20.20308852779738 -17.177552941187653
26.452905811623246 -14.075324606049477 -17.579713141878504 -16.25480164214906 -16.505316009867297 -18.766948791308344 -18.318791226197852 -12.666757000035293 -10.627177236718719 -3.3930021180640884 -9.113766551989215 -7.19750407080037 -15.088313115548068 -12.899808414497492 -18.38046771362195 -16.911502174038546 -10.925228229118755 -15.26984370289284 -13.748463929606487 -17.553553817333327 -16.215174546951143 -9.933289926702766 -18.458379483232772 -15.185117718155627 -16.983530455074067 -20.02270868729292 -19.554712731511366 -20.18443053295877 -17.1218970667654
26.51302605210421 -13.963840150375777 -17.50678550479206 -16.166298693853314 -16.426077823626457 -18.71047613400954 -18.255695575611295 -12.540676812086524 -10.469412773337385 -3.173371245816237 -8.98097611032048 -7.066343018059275 -14.985486352424797 -12.777881095301144 -18.31251251700068 -16.82986045325458 -10.772275032499412 -15.170128888159978 -13.633495831375004 -17.480194230633952 -16.125790011495766 -9.77725061230835 -18.397557934455833 -15.088290290398962 -16.905370156452584 -19.99095332559685 -19.511658753912506 -20.16044361185505 -17.052603035853586
26.573146292585168 -13.760039788490737 -17.37205294302269 -16.00366335580686 -16.28024395491188 -18.60524990660272 -18.13858516064748 -12.310680175181698 -10.182602519380541 -2.7763001392372493 -8.740006213791549 -6.828092394706683 -14.797119043515032 -12.555434451672735 -18.18670775945436 -16.679630949991317 -10.494080776172147 -14.987416816026718 -13.423451785761138 -17.344687883926806 -15.961553342997128 -9.493492070418643 -18.28454952379472 -14.91086439068729 -16.76137182259353 -19.93012063324366 -19.430530709133702 -20.11357974318583 -16.924684392663227
26.63326653306613 -13.592854884737573 -17.261757693294726 -15.870383386552582 -16.16099638301078 -18.519286482309436 -18.042813871981682 -12.121870214192693 -9.946941423425582 -2.4503662248523232 -8.543125918627297 -6.6332519251272295 -14.642574043145704 -12.3729502876126 -18.083785753079972 -16.55668081822749 -10.265514822932797 -14.837608136969072 -13.251120969750243 -17.233755308851038 -15.826933166895376 -9.260308410410723 -18.192184343026394 -14.765516400763001 -16.643547906005196 -19.88083342012105 -19.364474068571926 -20.075848611794807 -16.82029021223837
26.693386773547093 -13.467537701782106 -17.17945168230745 -15.770699061226097 -16.072034445565695 -18.45539272601533 -17.97149370504652 -11.980175482329873 -9.769791985701541 -2.2052971499549683 -8.395886007152207 -6.48743014802163 -14.526770659855554 -12.236102415008808 -18.00706588290088 -16.46487338193345 -10.093729116297744 -14.725432782126367 -13.12191143197209 -17.150967494086533 -15.72622291936593 -9.085010942588081 -18.12345579500395 -14.656775456231728 -16.55561159051736 -19.844733188340587 -19.315664620495596 -20.048514922878123 -16.742615487098398
26.753507014028056 -13.360551150515825 -17.1093944594827 -15.685720424790883 -15.996338369036085 -18.401155121249975 -17.910872220567047 -11.85910828179389 -9.618260609408171 -1.9956788723850165 -8.27042718264659 -6.3631016695189615 -14.427923753482325 -12.119240916737763 -17.94181283727629 -16.386704037525146 -9.946802939065204 -14.629733427197563 -13.011581702244559 -17.08049664075242 -15.640354762601518 -8.935055521540942 -18.065070787291173 -14.564066326951597 -16.480762441193733 -19.814402675446466 -19.27440127796345 -20.0257314095473 -16.67664957712038
26.81362725450902 -13.34978277955507 -17.10378807017772 -15.67802829589592 -15.98994930766569 -18.39776078546782 -17.906584994554056 -11.846370341442213 -9.601262704249116 -1.9705784892204141 -8.257102007545285 -6.349927987494709 -14.4182910314433 -12.10709410383068 -17.936878556099327 -16.379967118137763 -9.930448753896385 -14.620543070288024 -13.000345934489133 -17.07483243824285 -15.632537660510497 -8.918276878124534 -18.061097009704383 -14.555296943976366 -16.474489338245952 -19.814353246891493 -19.272822152935642 -20.026738363643602 -16.671623448000492
26.873747494989978 -13.33839059473025 -17.09775967767893 -15.66983261520896 -15.983109071568489 -18.394031130601824 -17.901927398945574 -11.83293123042229 -9.583396645119127 -1.944297584761439 -8.24305954221062 -6.336041235703171 -14.408078348196291 -12.094270076568193 -17.93154869851626 -16.37276487746866 -9.913251584467943 -14.610790671297751 -12.988468057274662 -17.068743973460325 -15.624211955703604 -8.900638388747772 -18.056765333721483 -14.545982749470916 -16.46776897147605 -19.814100089874685 -19.27097910662665 -20.027583267410428 -16.666200166419927
26.93386773547094 -13.30215037170369 -17.075076704932446 -15.641671692020385 -15.95838058990422 -18.377159246831347 -17.88270945381303 -11.79151569091766 -9.530789786749327 -1.8704418199194022 -8.200149884736394 -6.293517392300604 -14.374816897259645 -12.054413035190596 -17.91063198932162 -16.34711895065995 -9.862335395995078 -14.578695451480018 -12.951000121288931 -17.045909170565015 -15.595721640915361 -8.848605529203741 -18.038372151638935 -14.514998605527474 -16.443340654220986 -19.806018937945847 -19.258877672323127 -20.022279232495826 -16.645056452387408
26.993987975951903 -13.120095629299353 -16.95464658202601 -15.496341212027094 -15.828768177788941 -18.283159761406527 -17.778034385469947 -11.585907740889613 -9.274275616513705 -1.5177036571329543 -7.988297570129657 -6.083277197843223 -14.206257778878594 -11.855958696711046 -17.798242693104342 -16.21329326901271 -9.613506750926419 -14.415488861445061 -12.763362998439867 -16.92478901631098 -15.448880411743637 -8.594679207690579 -17.937463860803167 -14.35690449227037 -16.315042903097776 -19.752044138334362 -19.18659725549004 -19.98095853801146 -16.53179866987985
27.054108216432866 -12.933963209005839 -16.831419472691653 -15.347696156273312 -15.696359990172706 -18.186939318426347 -17.67089732524786 -11.37568491376226 -9.012027693008253 -1.1578497237871792 -7.772595708229861 -5.86897771687639 -14.03382726081609 -11.653155613696601 -17.68324406774297 -16.076515606473613 -9.359105728069938 -14.248609382098428 -12.571529239835968 -16.800857770146216 -15.298670495375717 -8.335037859811738 -17.834202019791512 -14.19534577867692 -16.18389554000821 -19.696790278869486 -19.112605377236846 -19.938672881925164 -16.416185401765357
