web/models/kne/34/mosfit_kn_0.002290_0.3433_10.0000.dat
# %ECSV 1.0
# ---
# datatype:
# - {name: time, datatype: float64}
# - {name: PS1_g, datatype: float64}
# - {name: PS1_i, datatype: float64}
# - {name: PS1_r, datatype: float64}
# - {name: PS1_w, datatype: float64}
# - {name: PS1_y, datatype: float64}
# - {name: PS1_z, datatype: float64}
# - {name: swift_uvot_B, datatype: float64}
# - {name: swift_uvot_U, datatype: float64}
# - {name: swift_uvot_uvm2, datatype: float64}
# - {name: swift_uvot_uvw1, datatype: float64}
# - {name: swift_uvot_uvw2, datatype: float64}
# - {name: swift_uvot_V, datatype: float64}
# - {name: johnson_B, datatype: float64}
# - {name: johnson_I, datatype: float64}
# - {name: johnson_R, datatype: float64}
# - {name: johnson_U, datatype: float64}
# - {name: johnson_V, datatype: float64}
# - {name: sdss_g, datatype: float64}
# - {name: sdss_i, datatype: float64}
# - {name: sdss_r, datatype: float64}
# - {name: sdss_u, datatype: float64}
# - {name: sdss_z, datatype: float64}
# - {name: ATLAS_c, datatype: float64}
# - {name: ATLAS_o, datatype: float64}
# - {name: ukirt_H, datatype: float64}
# - {name: ukirt_J, datatype: float64}
# - {name: ukirt_K, datatype: float64}
# - {name: Clear, datatype: float64}
# meta: !!omap
# - comment: [kappa = 10.0, type = rprocess, mass = 0.0022901433483143324, velocity = 0.3433333333333334, theta_obs = 0.0, tfloor = 1000.0]
# schema: astropy-2.0
time PS1_g PS1_i PS1_r PS1_w PS1_y PS1_z swift_uvot_B swift_uvot_U swift_uvot_uvm2 swift_uvot_uvw1 swift_uvot_uvw2 swift_uvot_V johnson_B johnson_I johnson_R johnson_U johnson_V sdss_g sdss_i sdss_r sdss_u sdss_z ATLAS_c ATLAS_o ukirt_H ukirt_J ukirt_K Clear
[from data line 236]
14.248496993987976 13.652759796679597 4.7709309834803015 8.246001761518151 6.278077950014165 1.2477409349550506 2.665416899802171 17.192666373244066 23.851610471138986 37.74020577516816 19.817193003213543 22.330209509693194 11.612276489550382 15.988729056277876 3.217417677058351 6.187450443783351 22.820609291887237 10.657254154381627 14.465299897994033 4.852186935593306 8.474490421014576 24.352716001313812 2.091989287780187 10.225078331260793 5.772665806650998 -3.7012464429604455 -1.5517571474707545 -5.061535123433616 3.9921839062528264
14.308617234468937 13.670903348729269 4.789074535529991 8.264145313567823 6.296221502063855 1.2658844870047226 2.6835604518518608 17.210809925293756 23.86975402318867 37.75834932721785 19.835336555263225 22.348353061742877 11.630420041600054 16.006872608327566 3.2355612291080407 6.20559399583304 22.838752843936923 10.6753977064313 14.483443450043723 4.870330487642978 8.492633973064265 24.370859553363495 2.110132839829859 10.243221883310483 5.790809358700688 -3.6831028909107735 -1.5336135954210826 -5.043391571383944 4.010327458302498
14.3687374749499 13.688991068448004 4.807162255248727 8.282233033286577 6.31430922178259 1.283972206723476 2.7016481715705964 17.22889764501249 23.887841742907412 37.776437046936586 19.853424274981972 22.366440781461613 11.64850776131879 16.0249603280463 3.2536489488267764 6.223681715551776 22.85684056365566 10.693485426150053 14.501531169762458 4.888418207361713 8.510721692783001 24.388947273082238 2.128220559548595 10.261309603029218 5.808897078419424 -3.66501517119202 -1.515525875702329 -5.025303851665209 4.028415178021234
14.428857715430862 13.707023230706703 4.825194417507426 8.300265195545276 6.332341384041289 1.302004368982157 2.719680333829295 17.24692980727119 23.905873905166104 37.794469209195285 19.87145643724066 22.38447294372031 11.666539923577488 16.042992490305 3.271681111085475 6.241713877810475 22.874872725914358 10.711517588408752 14.519563332021157 4.906450369620412 8.5287538550417 24.40697943534093 2.1462527218072935 10.279341765287917 5.826929240678123 -3.6469830089333213 -1.4974937134436304 -5.00727168940651 4.046447340279933
14.488977955911823 13.72500011393388 4.843171300734586 8.318242078772435 6.350318267268449 1.3199812522093346 2.737657217056455 17.264906690498368 23.92385078839327 37.812446092422455 19.889433320467827 22.40244982694748 11.684516806804666 16.06096937353216 3.2896579943126527 6.259690761037635 22.89284960914153 10.729494471635912 14.537540215248317 4.92442725284759 8.546730738268877 24.424956318568096 2.164229605034471 10.297318648515077 5.8449061239053 -3.6290061257061614 -1.4795168302164705 -4.989294806179332 4.06442422350711
14.549098196392785 13.742921984549099 4.861093171349822 8.336163949387654 6.368240137883667 1.337903122824553 2.7555790876716912 17.282828561113586 23.9417726590085 37.830367963037666 19.907355191083045 22.420371697562697 11.702438677419885 16.07889124414738 3.307579864927871 6.277612631652853 22.910771479756747 10.74741634225113 14.555462085863535 4.942349123462808 8.564652608884096 24.442878189183325 2.1821514756496896 10.315240519130295 5.862827994520519 -3.611084255090943 -1.461594959601252 -4.971372935564114 4.082346094122329
14.609218436873746 13.760789090062726 4.878960276863449 8.35403105490128 6.386107243397312 1.35577022833818 2.7734461931853183 17.300695666627213 23.959639764522123 37.848235068551304 19.925222296596683 22.438238803076334 11.720305782933512 16.096758349661023 3.325446970441498 6.295479737166498 22.928638585270384 10.765283447764757 14.57332919137718 4.960216228976435 8.582519714397723 24.46074529469695 2.2000185811633166 10.33310762464394 5.880695100034146 -3.593217149577316 -1.443727854087625 -4.953505830050487 4.100213199635956
14.669338677354709 13.778601705533777 4.8967728923345 8.37184367037235 6.403919858868363 1.373582843809249 2.7912588086563694 17.318508282098264 23.977452379993185 37.866047684022355 19.943034912067734 22.456051418547386 11.738118398404563 16.114570965132074 3.3432595859125493 6.313292352637549 22.946451200741436 10.783096063235826 14.591141806848231 4.978028844447486 8.600332329868774 24.47855791016801 2.217831196634368 10.350920240114991 5.898507715505197 -3.575404534106247 -1.4259152386165561 -4.935693214579436 4.118025815107007
14.729458917835672 13.796360103463954 4.9145312902646765 8.389602068302509 6.42167825679854 1.3913412417394078 2.809017206586546 17.33626668002844 23.995210777923354 37.883806081952535 19.96079330999791 22.473809816477562 11.75587679633474 16.13232936306225 3.361017983842726 6.331050750567726 22.96420959867161 10.800854461165985 14.608900204778408 4.995787242377663 8.61809072779895 24.49631630809818 2.2355895945645443 10.368678638045168 5.916266113435373 -3.5576461361760883 -1.4081568406863973 -4.917934816649259 4.135784213037184
14.789579158316633 13.814064547841571 4.932235734642294 8.407306512680144 6.439382701176157 1.4090456861170253 2.8267216509641635 17.35397112440606 24.01291522230098 37.90151052633015 19.978497754375528 22.49151426085518 11.773581240712357 16.15003380743987 3.3787224282203434 6.348755194945343 22.98191404304923 10.81855890554362 14.626604649156025 5.01349168675528 8.635795172176568 24.514020752475805 2.253294038942162 10.386383082422785 5.933970557812991 -3.539941691798453 -1.390452396308762 -4.900230372271642 4.153488657414801
14.849699398797595 13.83171530124729 4.949886488048012 8.424957266085862 6.457033454581875 1.4266964395227433 2.8443724043698815 17.371621877811776 24.030565975706697 37.91916127973587 19.996148507781246 22.509165014260898 11.791231994118075 16.167684560845586 3.3963731816260614 6.366405948351061 22.999564796454948 10.836209658949338 14.644255402561743 5.031142440160998 8.653445925582286 24.531671505881523 2.27094479234788 10.404033835828503 5.951621311218709 -3.522290938392735 -1.372801642903044 -4.882579618865924 4.171139410820519
14.909819639278556 13.849312607471873 4.967483794272596 8.442554572310428 6.474630760806441 1.444293745747327 2.8619697105944653 17.38921918403636 24.048163281931274 37.93675858596044 20.01374581400583 22.52676232048548 11.808829300342659 16.18528186707017 3.413970487850645 6.384003254575645 23.01716210267952 10.853806965173904 14.66185270878631 5.048739746385582 8.67104323180687 24.5492688121061 2.2885420985724636 10.42163114205307 5.969218617443293 -3.504693632168169 -1.355204336678478 -4.86498231264134 4.188736717045103
14.969939879759519 13.866858722526612 4.985029909327334 8.460100687365184 6.4921768758611975 1.4618398608020833 2.8795158256492037 17.4067652990911 24.06570939698602 37.95430470101519 20.031291929060576 22.544308435540227 11.826375415397415 16.20282798212491 3.4315166029053836 6.401549369630383 23.03470821773427 10.87135308022866 14.679398823841066 5.066285861440321 8.688589346861608 24.566814927160845 2.30608821362722 10.439177257107826 5.986764732498031 -3.4871475171134128 -1.3376582216237218 -4.847436197586584 4.206282832099859
15.03006012024048 13.88434903094021 5.002520217740916 8.477590995778765 6.509667184274779 1.4793301692156646 2.897006134062785 17.424255607504698 24.0831997053996 37.97179500942878 20.04878223747416 22.561798743953812 11.843865723810996 16.22031829053849 3.4490069113189827 6.419039678043965 23.05219852614786 10.888843388642242 14.696889132254647 5.08377616985392 8.706079655275207 24.584305235574426 2.323578522040801 10.456667565521407 6.00425504091163 -3.4696572086998314 -1.3201679132101405 -4.829945889173002 4.22377314051344
15.090180360721442 13.901787099124707 5.01995828592543 8.495029063963262 6.527105252459275 1.4967682374001612 2.9144442022472994 17.441693675689194 24.100637773584104 37.98923307761328 20.066220305658657 22.57923681213831 11.861303791995493 16.237756358722987 3.4664449795034793 6.436477746228461 23.069636594332355 10.906281456826738 14.714327200439143 5.101214238038416 8.723517723459704 24.60174330375893 2.3410165902252977 10.474105633705904 6.021693109096127 -3.452219140515335 -1.302729845025644 -4.812507820988506 4.241211208697937
15.150300601202405 13.919172995823974 5.037344182624697 8.512414960662529 6.544491149158542 1.514154134099428 2.931830098946566 17.45907957238846 24.11802367028337 38.006618974312545 20.083606202357924 22.596622708837575 11.87868968869476 16.255142255422253 3.483830876202746 6.453863642927728 23.08702249103162 10.923667353526005 14.73171309713841 5.118600134737683 8.74090362015897 24.619129200458197 2.3584024869245646 10.49149153040517 6.039079005795394 -3.434833243816068 -1.285343948326377 -4.795121924289239 4.258597105397204
15.210420841683366 13.936506864739862 5.054678051540584 8.529748829578416 6.56182501807443 1.5314880030153155 2.9491639678624537 17.47641344130435 24.135357539199262 38.023952843228436 20.100940071273808 22.61395657775346 11.896023557610647 16.27247612433814 3.5011647451186336 6.471197511843616 23.10435635994751 10.941001222441892 14.749046966054298 5.135934003653571 8.758237489074858 24.636463069374088 2.375736355840452 10.508825399321058 6.056412874711281 -3.4174993749001805 -1.2680100794104896 -4.777788055373351 4.275930974313091
15.270541082164328 13.95378890185901 5.071960088659733 8.547030866697565 6.579107055193578 1.548770040134464 2.966446004981602 17.493695478423497 24.152639576318407 38.04123488034758 20.118222108392967 22.63123861487262 11.913305594729795 16.289758161457307 3.518446782237782 6.488479548962782 23.121638397066658 10.95828325956104 14.766329003173446 5.153216040772719 8.775519526194007 24.653745106493233 2.3930183929596005 10.526107436440206 6.0736949118304295 -3.400217337781032 -1.2507280422913412 -4.760506018254203 4.29321301143224
15.33066132264529 13.97101934297078 5.089190529771503 8.564261307809335 6.596337496305367 1.5660004812462347 2.983676446093373 17.510925919535268 24.169870017430178 38.05846532145935 20.135452549504738 22.64846905598439 11.930536035841566 16.306988602569078 3.535677223349553 6.5057099900745525 23.13886883817844 10.975513700672812 14.783559444285217 5.17044648188449 8.792749967305777 24.670975547605003 2.4102488340713712 10.543337877551995 6.0909253529422 -3.3829868966692613 -1.2334976011795704 -4.743275577142432 4.3104434525440105
15.390781563126252 13.988198419796056 5.106369606596779 8.581440384634629 6.613516573130642 1.583179558071528 3.0008555229186484 17.528104996360543 24.187049094255464 38.07564439828464 20.152631626330013 22.665648132809665 11.947715112666842 16.324167679394353 3.5528563001748283 6.522889066899828 23.15604791500371 10.992692777498105 14.80073852111051 5.187625558709765 8.809929044131053 24.68815462443029 2.427427910896647 10.56051695437727 6.108104429767476 -3.365807819843968 -1.2163185243542771 -4.726096500317157 4.327622529369286
15.450901803607215 14.00532637145318 5.123497558253902 8.598568336291734 6.630644524787748 1.6003075097286334 3.0179834745757717 17.545232948017667 24.20417704591258 38.09277234994175 20.169759577987136 22.682776084466788 11.964843064323965 16.341295631051477 3.5699842518319516 6.540017018556951 23.173175866660827 11.00982072915521 14.817866472767616 5.2047535103668885 8.827056995788176 24.705282576087406 2.44455586255377 10.577644906034376 6.125232381424599 -3.3486798681868626 -1.1991905726971717 -4.7089685486600334 4.344750481026409
15.511022044088175 14.022403437977307 5.1405746247780115 8.615645402815861 6.647721591311875 1.6173845762527606 3.035060541099881 17.562310014541776 24.221254112436696 38.10984941646588 20.186836644511256 22.699853150990908 11.981920130848092 16.358372697575586 3.587061318356061 6.557094085081061 23.190252933184954 11.026897795679337 14.834943539291743 5.221830576891016 8.844134062312303 24.722359642611522 2.461632929077897 10.594721972558503 6.142309447948726 -3.3316028016627355 -1.1821135061730446 -4.691891482135906 4.361827547550536
15.571142284569138 14.039429862410309 5.157601049211031 8.632671827248863 6.664748015744895 1.6344110006857626 3.052086965532901 17.579336438974796 24.23828053686971 38.12687584089889 20.203863068944266 22.716879575423917 11.998946555281094 16.375399122008606 3.6040877427890807 6.5741205095140804 23.207279357617963 11.04392422011234 14.851969963724763 5.238857001324018 8.861160486745305 24.739386067044535 2.478659353510899 10.611748396991523 6.159335872381728 -3.3145763772297334 -1.1650870817400425 -4.674865057702904 4.378853971983538
15.631262525050099 14.056405904590576 5.174577091391281 8.649647869429131 6.681724057925145 1.6513870428660304 3.069063007713151 17.596312481155046 24.255256579049966 38.14385188307914 20.220839111124523 22.733855617604174 12.015922597461362 16.392375164188856 3.621063784969331 6.5910965516943305 23.224255399798217 11.060900262292607 14.868946005905013 5.2558330435042855 8.878136528925555 24.756362109224792 2.495635395691167 10.628724439171773 6.176311914561996 -3.2976003350494656 -1.1481110395597747 -4.6578890155226365 4.395830014163806
15.691382765531062 14.073331802525058 5.19150298932578 8.666573767363612 6.698649955859626 1.6683129408005115 3.0859889056476497 17.613238379089545 24.272182476984455 38.16077778101363 20.237765009059014 22.75078151553866 12.032848495395843 16.409301062123355 3.6379896829038296 6.608022449628812 23.241181297732705 11.077826160227088 14.885871903839494 5.2727589414387666 8.895062426860054 24.77328800715928 2.512561293625648 10.645650337106254 6.193237812496477 -3.2806744371149845 -1.1311851416252936 -4.640963117588155 4.412755912098287
15.751503006012024 14.090207802599082 5.2083789893998045 8.683449767437637 6.715525955933668 1.6851889408745357 3.102864905721674 17.63011437916357 24.289058477058482 38.17765378108766 20.25464100913304 22.76765751561269 12.049724495469867 16.42617706219738 3.654865682977854 6.624898449702854 23.258057297806737 11.094702160301113 14.902747903913536 5.289634941512791 8.911938426934078 24.790164007233308 2.5294372936996723 10.662526337180296 6.210113812570501 -3.2637984370409603 -1.1143091415512694 -4.624087117514131 4.429631912172312
15.811623246492985 14.107034138391334 5.225205325192039 8.70027610322989 6.732352291725903 1.7020152766667884 3.119691241513909 17.646940714955804 24.305884812850724 38.194480116879895 20.27146734492528 22.784483851404932 12.06655083126212 16.443003397989614 3.6716920187700888 6.6417247854950885 23.274883633598982 11.111528496093365 14.91957423970577 5.3064612773050435 8.928764762726313 24.80699034302555 2.546263629491925 10.67935267297253 6.226940148362754 -3.2469721012487076 -1.0974828057590167 -4.6072607817218785 4.446458247964564
15.871743486973948 14.123811057104199 5.241982243904921 8.717053021942753 6.7491292104387846 1.7187921953796526 3.1364681602267908 17.663717633668686 24.3226617315636 38.21125703559277 20.288244263638155 22.801260770117807 12.083327749974984 16.459780316702496 3.6884689374829707 6.65850170420797 23.291660552311846 11.12830541480623 14.936351158418635 5.323238196017908 8.945541681439195 24.823767261738425 2.563040548204789 10.696129591685395 6.243717067075618 -3.2301951825358435 -1.0807058870461526 -4.590483863009014 4.463235166677428
