web/models/kne/34/mosfit_kn_0.006452_0.1240_0.5000.dat
# %ECSV 1.0
# ---
# datatype:
# - {name: time, datatype: float64}
# - {name: PS1_g, datatype: float64}
# - {name: PS1_i, datatype: float64}
# - {name: PS1_r, datatype: float64}
# - {name: PS1_w, datatype: float64}
# - {name: PS1_y, datatype: float64}
# - {name: PS1_z, datatype: float64}
# - {name: swift_uvot_B, datatype: float64}
# - {name: swift_uvot_U, datatype: float64}
# - {name: swift_uvot_uvm2, datatype: float64}
# - {name: swift_uvot_uvw1, datatype: float64}
# - {name: swift_uvot_uvw2, datatype: float64}
# - {name: swift_uvot_V, datatype: float64}
# - {name: johnson_B, datatype: float64}
# - {name: johnson_I, datatype: float64}
# - {name: johnson_R, datatype: float64}
# - {name: johnson_U, datatype: float64}
# - {name: johnson_V, datatype: float64}
# - {name: sdss_g, datatype: float64}
# - {name: sdss_i, datatype: float64}
# - {name: sdss_r, datatype: float64}
# - {name: sdss_u, datatype: float64}
# - {name: sdss_z, datatype: float64}
# - {name: ATLAS_c, datatype: float64}
# - {name: ATLAS_o, datatype: float64}
# - {name: ukirt_H, datatype: float64}
# - {name: ukirt_J, datatype: float64}
# - {name: ukirt_K, datatype: float64}
# - {name: Clear, datatype: float64}
# meta: !!omap
# - comment: [kappa = 0.5, type = rprocess, mass = 0.006451950121499907, velocity = 0.12399999999999999, theta_obs = 0.0, tfloor = 1000.0]
# schema: astropy-2.0
time PS1_g PS1_i PS1_r PS1_w PS1_y PS1_z swift_uvot_B swift_uvot_U swift_uvot_uvm2 swift_uvot_uvw1 swift_uvot_uvw2 swift_uvot_V johnson_B johnson_I johnson_R johnson_U johnson_V sdss_g sdss_i sdss_r sdss_u sdss_z ATLAS_c ATLAS_o ukirt_H ukirt_J ukirt_K Clear
[from data line 57]
3.4869739478957915 -5.384140048101358 -9.542037586000909 -7.953087833463783 -8.370932637439186 -11.009636100515898 -10.44820045157099 -3.72563624461658 -1.1459265582469234 7.105621026996968 -0.10867189009829259 1.7918420170392548 -6.5399623966015 -4.0350893061971895 -10.42814570282194 -8.732376914070283 -1.5255305874435376 -6.7786751203401225 -4.99807262614576 -9.508564377649833 -7.897342439245776 -0.4793785445866128 -10.627875118376657 -6.748451486449376 -8.862899110899267 -12.690221744555517 -12.027930543235586 -12.986321926332545 -9.161340464009218
3.5470941883767533 -5.154100147913141 -9.39957156386745 -7.775246352949097 -8.217021511196148 -10.904944655067492 -10.328177664777947 -3.461729576140736 -0.8091334104875967 7.573559573489576 0.1569896616256199 2.057461127077446 -6.328470146129004 -3.7823934132846877 -10.297283795818803 -8.57199231575165 -1.1996958630076127 -6.57557636371038 -4.7600766887998525 -9.365121196817459 -7.717155612909341 -0.14598005497497013 -10.51347526238727 -6.553433089562883 -8.710222322844388 -12.643325119644773 -11.954591663492325 -12.9578377812083 -9.03153047869905
3.6072144288577155 -4.924908976299207 -9.25736648207657 -7.597908686394703 -8.063766326367006 -10.800300341201563 -10.208272956714737 -3.198821633851817 -0.4737094467843759 8.038005007795604 0.42031853442244627 2.321254543222239 -6.117573841632045 -3.5308479617806516 -10.16664193797861 -8.412237924804515 -0.8751714170930857 -6.373191812483651 -4.522978882977764 -9.221946680966138 -7.537446336855993 0.1861247463262572 -10.399215111229019 -6.359223710802091 -8.558080553921013 -12.596268422691972 -11.881187081309788 -12.929155925303169 -8.90239204959764
3.6673346693386772 -4.69648906981007 -9.115381472833679 -7.421020123835991 -7.911105073351461 -10.695675033347651 -10.088453381322129 -2.9368253279349608 -0.13953957247894144 8.499146311947424 0.6814936220764527 2.583393842609191 -5.907209425743674 -3.280365690378883 -10.036182838813705 -8.25306224115866 -0.551848710398588 -6.171458585669975 -4.286698858069542 -9.078999677579667 -7.358160195035204 0.5170454591899265 -10.285063131087195 -6.1657511918970265 -8.406422490553673 -12.549037957615264 -11.8076970480128 -12.900266037544926 -8.773866578036937
3.727454909819639 -4.4687395803465435 -8.973559332730083 -7.244506701078244 -7.758959854604157 -10.591027552790582 -9.968671568809562 -2.675627134519206 0.19352376603398747 8.957214983493934 0.9407095724250962 2.8440661578381534 -5.6972905464610095 -3.0308341801925605 -9.905853912637578 -8.094396298609638 -0.229587524233683 -5.970292465593443 -4.051132216995743 -8.936222616032907 -7.179223238626982 0.8469241381111736 -10.170973935243275 -5.972923508021903 -8.255180086502314 -12.501612420797377 -11.734091685316733 -12.871151980056473 -8.645882106413048
3.787575150300601 -4.241681933787724 -8.831924669463938 -7.06839253302098 -7.607340536057521 -10.486381226159516 -9.848951673503663 -2.415251293515129 0.5254566052328438 9.412212406357373 1.1980153758883287 3.1033119685010715 -5.487844422581365 -2.7822735121151294 -9.7756790512993 -7.936261032543144 0.09158603316449254 -5.76971885390616 -3.816300499761489 -8.793640182358935 -7.000660677723332 1.1757330432086732 -10.056971058712918 -5.780755011976044 -8.10437183205952 -12.454008704342046 -11.66039131830649 -12.841827430516444 -8.51844351029765
3.847695390781563 -4.015217901022137 -8.690421026974295 -6.89260502859435 -7.456172290790626 -10.381695194129712 -9.729246767753086 -2.155587122902559 0.8564022667231621 9.86436366843298 1.4535863089052907 3.361298524817592 -5.278786338433055 -2.5345743060486687 -9.645606317765544 -7.778588905038569 0.4118083826489706 -5.569655312036674 -3.582102063814556 -8.651195566287146 -6.82239986982637 1.5036104979166787 -9.943009585374103 -5.589156599304204 -7.953931199443431 -12.406205801485422 -11.586566318419445 -12.812276619449959 -8.391482236234236
3.9078156312625247 -3.789306161790229 -8.54902980737755 -6.717117089472016 -7.305421354430539 -10.276958378373102 -9.609542970862623 -1.896588039561361 1.1864241210816397 10.313786529526002 1.7075272468981244 3.618122261453266 -5.070084270495159 -2.2876888959296022 -9.515619151426613 -7.621354109612082 0.7311384778338837 -5.370070300820282 -3.3484938930962826 -8.508870024084558 -6.64441414940967 1.8306157732899209 -9.829076451425465 -5.398088804653796 -7.80383186159014 -12.358200335444847 -11.512610219523312 -12.78249755744646 -8.264965810277403
3.967935871743487 -3.5639078673075097 -8.407733652286726 -6.541903301180696 -7.155056162943438 -10.172160554148704 -9.489827393883434 -1.638210207618932 1.515581826776007 10.760593721599282 1.959934556587442 3.873871005780846 -4.861708177757163 -2.0415723623046884 -9.385702124076804 -7.464532424728046 1.0496318001849114 -5.170934257846722 -3.1154355409750423 -8.36664606198335 -6.466678524120759 2.1568046492982162 -9.715159559832234 -5.20751455575704 -7.6540490846094755 -12.309989439329685 -11.438517196865321 -12.7524886904642 -8.138863938358547
4.028056112224449 -3.338990816044163 -8.266519287675997 -6.366943318404772 -7.005050267854465 -10.067294604281027 -9.37009063717726 -1.3804172514064306 1.8439254905943516 11.204885280188353 2.210892229097095 4.128620091046141 -4.65363392746107 -1.796187033898548 -9.25584359921259 -7.308104288600863 1.3673346837016775 -4.972223362633554 -2.8828934282468843 -8.224510295918499 -6.289173104274877 2.4822236097624817 -9.601250180099008 -5.017402764397101 -7.5045626878066685 -12.261572072630782 -11.36428381340213 -12.722249913715798 -8.013151005826007
4.0881763527054105 -3.1145260681869757 -8.125375267233554 -6.192219155991889 -6.855379885398136 -9.962354740011357 -9.250324818405318 -1.1231764426167345 2.1715004213664635 11.646754927503014 2.4604762902023585 4.382436818663319 -4.4458401582911415 -1.5514988176059712 -9.12603362230363 -7.152052312684874 1.6842889223112745 -4.77391650573139 -2.6508373557149945 -8.082451182522963 -6.1118803649080355 2.8069145441390475 -9.487341046927185 -4.827725373476444 -7.355354650700292 -12.21294796007818 -11.289907631161887 -12.691781739848976 -7.887803919673075
4.148296593186372 -2.890487781054123 -7.984291884478996 -6.0177150729894535 -6.706023741911604 -9.857336436120079 -9.130523499941745 -0.866458518041241 2.498347371321721 12.086290421930205 2.7087555397252143 4.635381213695023 -4.238308146722425 -1.307477013359865 -8.99626383891767 -6.996361166550849 2.0005319980116165 -4.575995151472456 -2.4192403334104284 -7.940458930520968 -5.934785030933973 3.130914976186503 -9.373426287907733 -4.638457196786447 -7.20640900199653 -12.164117544699964 -11.21538715703547 -12.66108525683446 -7.762801950877414
4.208416833667335 -2.6668529829574084 -7.843261041576142 -5.8434174057074095 -6.556962879791168 -9.752236331833224 -9.010681578196671 -0.610237427474295 2.824502863103664 12.523574005782493 2.9557922846082545 4.887506769155344 -4.031021613974091 -1.0640940631847189 -8.866527372455934 -6.841017417266564 2.3160973927161055 -4.378443144327215 -2.188078346518303 -7.7985253685919 -5.757873910435389 3.454258378594748 -9.259501314811658 -4.449575707275741 -7.057711664913633 -12.115081922251052 -11.140721762771884 -12.63016207226469 -7.638126545169044
4.268537074148297 -2.443600782073805 -7.7022757343426385 -5.669313943797594 -6.408180068074376 -9.647051827833799 -8.890794836058777 -0.35448944396081145 3.150000308709977 12.958683872995135 3.2016436213545956 5.138861749072859 -3.8239660021006587 -0.8213246928023248 -8.736818343373304 -6.68600895564832 2.631015668970249 -4.181246007353587 -1.9573295397296242 -7.656643427440102 -5.58113526479092 3.776975274302039 -9.14556239159749 -4.261060339331451 -6.909249903913537 -12.065842598138994 -11.065911369671307 -12.599014121082044 -7.51376079477323
4.328657314629258 -2.220712699782119 -7.561330295586064 -5.495394211937175 -6.259660012187727 -9.54178128327758 -8.770860160123348 -0.09919354191857294 3.4748695513383687 13.391693554055465 3.446361432656247 5.389489182456547 -3.6171288005980644 -0.5791462659827433 -8.607132097108352 -6.53132524609853 2.9453140206543504 -3.9843912494215035 -1.7269745593592134 -7.5148073841850405 -5.404559095603343 4.099092773977269 -9.031606841521445 -4.072892763886671 -6.7610125654885245 -12.01640159882169 -10.99095659997772 -12.567643748534623 -7.38968960371027
4.38877755511022 -1.9981718377973046 -7.420419848566464 -5.321648809952997 -6.111388742094626 -9.436423587458478 -8.650875064892904 0.1556695403497777 3.7991380422647403 13.822673430010482 3.6899936062191334 5.639428103239169 -3.410498779884173 -0.3375378835957615 -8.47746469402048 -6.376956723305203 3.259017410533136 -3.787867625144263 -1.4969956949154906 -7.373012312762608 -5.228136477780403 4.420635736430718 -8.91763258873624 -3.885056157925586 -6.612989495885362 -11.966761216021949 -10.915858443059017 -12.536053509440118 -7.26589914493367
4.448897795591182 -1.7758753506815061 -7.279481060045665 -5.1479987995167065 -5.963291873562326 -9.330931230640793 -8.530785689681384 0.4102160368477648 4.122953669345417 14.251849960180852 3.932678805378789 5.888810722845999 -3.2039839454360868 -0.09638632846027334 -8.34775756875364 -6.222830994457287 3.5722677173980233 -3.5915866679003345 -1.2672867756333162 -7.231194531967056 -5.051788004831277 4.741748653623077 -8.803588263144118 -3.697459741479854 -6.465109898722883 -11.916896410715799 -10.840581829332992 -12.50422484244911 -7.142323652510498
4.509018036072144 -1.554012541239782 -7.138648136949062 -4.974600787011294 -5.8155012253304506 -9.22541309260632 -8.410711506255222 0.6642326335536886 4.446054228409295 14.678917484607773 4.17423832727879 6.137444027717983 -2.997765995574036 0.14410761842201197 -8.218136655176675 -6.069088504033567 3.884809079736289 -3.3957216996675728 -1.0380423902112668 -7.089488919924651 -4.875672938632061 5.062169165671229 -8.689588805210882 -3.51026472395084 -6.317508664597291 -11.86687405053737 -10.765213033758767 -12.47221020928931 -7.0190751624456915
4.569138276553106 -1.3324419514017194 -6.997831136545862 -4.801344337386038 -5.667915471848595 -9.11980042209219 -8.29057519087657 0.9178791490099669 4.7686414623403195 15.104172374506174 4.414849372539145 6.3854997867993255 -2.79171642007275 0.38409865857308717 -8.088518484357571 -5.91562831743919 4.196835787427673 -3.2001493016285893 -0.8091166454086007 -6.947805051412512 -4.699679938178303 5.382095416171371 -8.575560308998877 -3.323347250258575 -6.170087569535685 -11.816656494971374 -10.689700402648404 -12.439981301581112 -6.89606485269012
4.629258517034068 -1.1111545039122461 -6.857029493211844 -4.628225659915692 -5.520526831612624 -9.01409517536866 -8.170377806373192 1.1711660838793037 5.090731238257646 15.527669251255102 4.65454449579056 6.6330017472579925 -2.585830616336289 0.6235991367361178 -7.958903058486185 -5.76244592790711 4.508361880167929 -3.004864630053132 -0.580499939672432 -6.806142341571633 -4.523805704819015 5.701541195644655 -8.46150409366972 -3.136697731777627 -6.022841580483345 -11.766247633685685 -10.614047126514821 -12.40754191155533 -6.773284644225477
4.68937875751503 -0.8901410169329615 -6.716242358629145 -4.455240727613656 -5.3733275742075115 -8.908299008354739 -8.050120117095165 1.4241040683924389 5.412339432917754 15.94946250503616 4.893355120330547 6.8799725798610964 -2.3801037352402092 0.8626214858475618 -7.829290095446445 -5.609536597544705 4.819401478104968 -2.8098626061226435 -0.35218257607054326 -6.6644999227976776 -4.348046689566711 6.020520396654696 -8.347421185547983 -2.950306588397602 -5.875765501336421 -11.715651123937183 -10.53825611714103 -12.374895647485234 -6.650726577483219
4.749498997995992 -0.6693912317628836 -6.575467951755556 -4.282384499548542 -5.226309327601832 -8.802412763961875 -7.929802019669161 1.6767049585032445 5.733483305713705 16.369607982765825 5.13131269438686 7.126435081953165 -2.1745297739788976 1.1011792665517601 -7.699678422870654 -5.456894661373142 5.129970109510314 -2.6151370521367463 -0.12415376102476117 -6.522875991380914 -4.17239830456424 6.33904837224275 -8.233311773358789 -2.764163407063567 -5.728853296390941 -11.664870089468769 -10.462329610772903 -12.342045701087725 -6.528382213266468
4.809619238476953 -0.44889602153949326 -6.4347050650059145 -4.109652710440219 -5.079464623385945 -8.696437668840513 -7.809423867904091 1.9289793432220292 6.054178404851065 16.788158941768994 5.3684464288681255 7.372409853572442 -1.9691036550309817 1.3392847971809692 -7.5700673855223775 -5.304515140506461 5.440081707049636 -2.420682675555203 0.10359612270393725 -6.381269321254859 -3.996856737488983 6.657138861210594 -8.11917647833658 -2.5782588386203464 -5.582099649180616 -11.613907823681105 -10.386270097354744 -12.308995389730375 -6.406243956313791
4.869739478957916 -0.22864610105170158 -6.29395219845696 -3.937040835865755 -4.932785980502814 -8.59037464983949 -7.688985714225929 2.180937999368319 6.374440385119815 17.205168330549046 5.6047847729659495 7.617916823857925 -1.7638200210306756 1.576950536396527 -7.440456037624133 -5.152392812171176 5.749750367461608 -2.2264939190181616 0.33107684453531405 -6.2396783937380285 -3.82141790268955 6.974805788218781 -8.005015627428698 -2.3925834821513448 -5.435499060510374 -11.562767388234166 -10.310079791088798 -12.275747846229857 -6.284304263442841
4.929859719438878 -0.008631877884965888 -6.15320746674783 -3.764543978195256 -4.786265793690063 -8.484224262629052 -7.568487229467813 2.4325920587573338 6.694285223414997 17.620689003176665 5.840355649798035 7.8629755031597846 -1.5586730999191836 1.814189240456315 -7.31084305682944 -5.000522110346666 6.058990557224025 -2.03256483306333 0.5582984796858348 -6.098101303931109 -3.6460773255073597 7.2920634739087475 -7.890829177080683 -2.2071277529055955 -5.289045749470915 -11.511451571575753 -10.233760576085443 -12.242305986629221 -6.1625555446788205
4.98997995991984 0.21115481918448253 -6.012469779883283 -3.592158267915142 -4.639897539686313 -8.37798763105555 -7.447928742621279 2.68395105732412 7.013726796469726 18.03477057934163 6.075184690387463 8.107603157923965 -1.353658334472503 2.0510121134446417 -7.181227847242929 -4.848898383306708 6.367814761564901 -1.8388906266808445 0.7852696307093687 -5.956536947323627 -3.4708315638114584 7.608924227069931 -7.776617708568434 -2.021883364160235 -5.142734870874062 -11.459963440850307 -10.157314735621357 -12.208672935204222 -6.040991193123553
5.050100200400801 0.4307232578255338 -5.871737142123088 -3.4198788365770483 -4.4936740031998035 -8.271665100069985 -7.327309747150856 2.935025774965742 7.332780422823539 18.447463919600896 6.309297972238497 8.35181765325991 -1.1487700214183973 2.287431499990507 -7.05160895215701 -4.697516077975277 6.676236915273879 -1.6454654207091555 1.0120000191081324 -5.8149833101630755 -3.2956761521784017 7.925401856677752 -7.662380998604643 -1.83684115822782 -4.996560752718384 -11.408305551625586 -10.080743908637631 -12.174851415062571 -5.919604061294734
5.110220440881763 0.6500810930685752 -5.731008498026711 -3.2477020093987363 -4.347589171651851 -8.165257702949233 -7.2066305257015095 3.185825178210803 7.65145906172318 18.85881624539889 6.542719200005855 8.595634531794666 -0.9440038627770811 2.5234579883007195 -6.921985777851748 -4.546370704469116 6.984268715786495 -1.452284673834343 1.238497697566654 -5.673439324567244 -3.120607826265136 8.241507895859677 -7.548119573953596 -1.651993431328016 -4.850518800308521 -11.35648080975839 -10.004050228180235 -12.140844411936714 -5.798388080389021
