web/models/kne/34/villar_0.0224_0.4373_1.0000.dat
# %ECSV 1.0
# ---
# datatype:
# - {name: time, datatype: float64}
# - {name: swift_uvot_uvw2, datatype: float64}
# - {name: swift_uvot_uvm2, datatype: float64}
# - {name: swift_uvot_uvw1, datatype: float64}
# - {name: swift_uvot_U, datatype: float64}
# - {name: swift_uvot_B, datatype: float64}
# - {name: swift_uvot_V, datatype: float64}
# - {name: swift_uvot_W, datatype: float64}
# - {name: johnson_U, datatype: float64}
# - {name: johnson_B, datatype: float64}
# - {name: johnson_V, datatype: float64}
# - {name: johnson_R, datatype: float64}
# - {name: johnson_I, datatype: float64}
# - {name: sdss_u, datatype: float64}
# - {name: sdss_g, datatype: float64}
# - {name: sdss_r, datatype: float64}
# - {name: sdss_i, datatype: float64}
# - {name: sdss_z, datatype: float64}
# - {name: PS1_g, datatype: float64}
# - {name: PS1_r, datatype: float64}
# - {name: PS1_i, datatype: float64}
# - {name: PS1_z, datatype: float64}
# - {name: PS1_Y, datatype: float64}
# - {name: PS1_w, datatype: float64}
# - {name: ATLAS_c, datatype: float64}
# - {name: ATLAS_o, datatype: float64}
# - {name: ukirt_J, datatype: float64}
# - {name: ukirt_H, datatype: float64}
# - {name: ukirt_K, datatype: float64}
# - {name: Clear, datatype: float64}
# meta: !!omap
# - comment: [kappa = 1.0, type = villar, mass = 0.022360679775100388, velocity = 0.43733333333333335, theta_obs = 0.0]
# schema: astropy-2.0
time swift_uvot_uvw2 swift_uvot_uvm2 swift_uvot_uvw1 swift_uvot_U swift_uvot_B swift_uvot_V swift_uvot_W johnson_U johnson_B johnson_V johnson_R johnson_I sdss_u sdss_g sdss_r sdss_i sdss_z PS1_g PS1_r PS1_i PS1_z PS1_Y PS1_w ATLAS_c ATLAS_o ukirt_J ukirt_H ukirt_K Clear
0.001 nan nan nan nan nan nan nan nan nan nan nan nan nan nan nan nan nan nan nan nan nan nan nan nan nan nan nan nan nan
0.00103 -5.216 -5.303 -5.344 -5.349 -5.196 -4.967 -5.251 -5.331 -5.193 -4.959 -4.674 -4.316 -5.336 -5.126 -4.808 -4.537 -4.263 -5.112 -4.824 -4.554 -4.355 -4.28 -4.831 -5.003 -4.695 -3.682 -3.186 -2.598 -4.875
0.001061 -5.952 -5.97 -5.956 -5.84 -5.627 -5.353 -5.831 -5.811 -5.624 -5.344 -5.028 -4.642 -5.818 -5.541 -5.174 -4.877 -4.586 -5.525 -5.194 -4.901 -4.693 -4.632 -5.208 -5.399 -5.051 -3.978 -3.468 -2.868 -5.262
0.001094 -6.354 -6.335 -6.295 -6.121 -5.88 -5.584 -6.159 -6.087 -5.876 -5.575 -5.244 -4.846 -6.095 -5.787 -5.396 -5.087 -4.787 -5.77 -5.419 -5.116 -4.905 -4.855 -5.436 -5.635 -5.268 -4.167 -3.65 -3.044 -5.494
0.001127 -6.632 -6.589 -6.534 -6.323 -6.065 -5.757 -6.393 -6.287 -6.061 -5.747 -5.407 -5.001 -6.295 -5.968 -5.562 -5.247 -4.941 -5.951 -5.589 -5.278 -5.067 -5.026 -5.606 -5.81 -5.432 -4.314 -3.793 -3.183 -5.668
0.001161 -6.846 -6.786 -6.721 -6.485 -6.215 -5.898 -6.576 -6.447 -6.212 -5.888 -5.542 -5.131 -6.456 -6.115 -5.7 -5.379 -5.07 -6.099 -5.728 -5.414 -5.202 -5.168 -5.746 -5.953 -5.568 -4.437 -3.913 -3.301 -5.81
0.001196 -7.022 -6.95 -6.877 -6.623 -6.344 -6.02 -6.73 -6.583 -6.341 -6.01 -5.66 -5.244 -6.592 -6.242 -5.819 -5.495 -5.183 -6.226 -5.85 -5.532 -5.32 -5.292 -5.867 -6.077 -5.686 -4.547 -4.021 -3.407 -5.933
0.001232 -7.173 -7.09 -7.012 -6.744 -6.459 -6.13 -6.864 -6.703 -6.455 -6.12 -5.766 -5.348 -6.712 -6.355 -5.927 -5.6 -5.286 -6.339 -5.958 -5.639 -5.427 -5.404 -5.976 -6.188 -5.792 -4.646 -4.119 -3.503 -6.043
0.001269 -7.306 -7.215 -7.132 -6.854 -6.563 -6.231 -6.983 -6.812 -6.56 -6.22 -5.864 -5.443 -6.821 -6.458 -6.026 -5.696 -5.381 -6.443 -6.058 -5.737 -5.525 -5.507 -6.076 -6.289 -5.89 -4.739 -4.21 -3.594 -6.144
0.001308 -7.426 -7.328 -7.242 -6.954 -6.66 -6.324 -7.092 -6.912 -6.656 -6.314 -5.956 -5.533 -6.921 -6.554 -6.118 -5.787 -5.47 -6.539 -6.152 -5.829 -5.617 -5.602 -6.169 -6.384 -5.982 -4.827 -4.297 -3.679 -6.237
0.001347 -7.535 -7.432 -7.343 -7.048 -6.751 -6.412 -7.192 -7.005 -6.747 -6.402 -6.042 -5.618 -7.014 -6.643 -6.205 -5.873 -5.555 -6.629 -6.24 -5.916 -5.704 -5.693 -6.257 -6.473 -6.069 -4.91 -4.379 -3.761 -6.326
0.001388 -7.636 -7.528 -7.437 -7.137 -6.837 -6.496 -7.286 -7.094 -6.833 -6.486 -6.125 -5.699 -7.103 -6.729 -6.288 -5.955 -5.636 -6.714 -6.323 -5.999 -5.787 -5.778 -6.341 -6.557 -6.151 -4.99 -4.458 -3.84 -6.41
0.00143 -7.73 -7.619 -7.526 -7.221 -6.919 -6.577 -7.374 -7.177 -6.915 -6.567 -6.204 -5.777 -7.186 -6.81 -6.368 -6.033 -5.714 -6.796 -6.404 -6.079 -5.867 -5.86 -6.421 -6.638 -6.231 -5.067 -4.535 -3.916 -6.491
0.001473 -7.819 -7.704 -7.61 -7.302 -6.998 -6.654 -7.458 -7.258 -6.994 -6.644 -6.281 -5.853 -7.267 -6.889 -6.445 -6.11 -5.79 -6.875 -6.481 -6.156 -5.944 -5.939 -6.498 -6.716 -6.307 -5.142 -4.609 -3.99 -6.568
0.001518 -7.903 -7.786 -7.691 -7.379 -7.074 -6.729 -7.538 -7.335 -7.07 -6.719 -6.355 -5.927 -7.344 -6.964 -6.52 -6.184 -5.863 -6.951 -6.556 -6.23 -6.019 -6.015 -6.573 -6.791 -6.382 -5.215 -4.682 -4.062 -6.644
0.001564 -7.983 -7.864 -7.768 -7.454 -7.148 -6.802 -7.616 -7.41 -7.144 -6.792 -6.428 -5.998 -7.419 -7.038 -6.592 -6.256 -5.935 -7.024 -6.629 -6.303 -6.092 -6.089 -6.646 -6.864 -6.454 -5.286 -4.753 -4.133 -6.717
0.001611 -8.06 -7.94 -7.842 -7.527 -7.219 -6.874 -7.69 -7.482 -7.216 -6.863 -6.498 -6.069 -7.491 -7.11 -6.663 -6.326 -6.005 -7.096 -6.7 -6.374 -6.163 -6.161 -6.717 -6.935 -6.525 -5.356 -4.823 -4.203 -6.788
0.00166 -8.133 -8.012 -7.914 -7.598 -7.289 -6.943 -7.762 -7.553 -7.286 -6.933 -6.567 -6.138 -7.562 -7.179 -6.732 -6.395 -6.074 -7.166 -6.77 -6.443 -6.232 -6.231 -6.786 -7.005 -6.594 -5.424 -4.891 -4.271 -6.857
0.00171 -8.204 -8.082 -7.984 -7.666 -7.358 -7.011 -7.832 -7.622 -7.354 -7.001 -6.635 -6.205 -7.631 -7.248 -6.8 -6.463 -6.142 -7.234 -6.838 -6.511 -6.3 -6.3 -6.854 -7.073 -6.662 -5.492 -4.958 -4.338 -6.926
0.001761 -8.273 -8.151 -8.052 -7.734 -7.425 -7.078 -7.9 -7.689 -7.421 -7.068 -6.702 -6.272 -7.698 -7.315 -6.867 -6.53 -6.208 -7.301 -6.905 -6.578 -6.367 -6.367 -6.921 -7.14 -6.729 -5.558 -5.025 -4.405 -6.992
0.001815 -8.34 -8.217 -8.119 -7.8 -7.491 -7.144 -7.966 -7.755 -7.487 -7.134 -6.768 -6.338 -7.764 -7.381 -6.933 -6.595 -6.274 -7.367 -6.971 -6.643 -6.433 -6.433 -6.987 -7.206 -6.794 -5.624 -5.09 -4.47 -7.058
0.00187 -8.405 -8.282 -8.183 -7.865 -7.556 -7.209 -8.031 -7.82 -7.552 -7.198 -6.832 -6.402 -7.829 -7.445 -6.998 -6.66 -6.339 -7.432 -7.035 -6.708 -6.497 -6.497 -7.052 -7.271 -6.859 -5.689 -5.155 -4.535 -7.123
0.001926 -8.468 -8.345 -8.247 -7.928 -7.619 -7.272 -8.094 -7.883 -7.616 -7.262 -6.896 -6.466 -7.892 -7.509 -7.062 -6.724 -6.403 -7.496 -7.099 -6.772 -6.561 -6.561 -7.116 -7.335 -6.923 -5.753 -5.219 -4.599 -7.187
0.001984 -8.529 -8.407 -8.309 -7.991 -7.682 -7.335 -8.156 -7.946 -7.678 -7.325 -6.959 -6.53 -7.955 -7.572 -7.125 -6.787 -6.466 -7.559 -7.162 -6.835 -6.624 -6.624 -7.179 -7.398 -6.986 -5.816 -5.282 -4.662 -7.25
0.002044 -8.589 -8.468 -8.37 -8.053 -7.744 -7.398 -8.217 -8.008 -7.74 -7.387 -7.022 -6.592 -8.017 -7.634 -7.187 -6.85 -6.529 -7.621 -7.224 -6.897 -6.687 -6.686 -7.241 -7.46 -7.049 -5.879 -5.345 -4.725 -7.312
0.002106 -8.648 -8.527 -8.43 -8.113 -7.805 -7.459 -8.277 -8.069 -7.802 -7.449 -7.084 -6.654 -8.078 -7.695 -7.249 -6.912 -6.591 -7.682 -7.286 -6.959 -6.748 -6.747 -7.303 -7.521 -7.11 -5.941 -5.408 -4.788 -7.374
0.00217 -8.706 -8.586 -8.489 -8.173 -7.866 -7.52 -8.336 -8.129 -7.862 -7.51 -7.145 -6.715 -8.138 -7.756 -7.31 -6.973 -6.652 -7.743 -7.347 -7.02 -6.809 -6.807 -7.364 -7.582 -7.172 -6.003 -5.469 -4.849 -7.434
0.002236 -8.762 -8.643 -8.547 -8.233 -7.926 -7.581 -8.394 -8.188 -7.922 -7.57 -7.205 -6.776 -8.197 -7.816 -7.37 -7.034 -6.713 -7.803 -7.407 -7.081 -6.87 -6.867 -7.424 -7.642 -7.232 -6.064 -5.531 -4.911 -7.495
0.002303 -8.818 -8.7 -8.604 -8.291 -7.985 -7.64 -8.452 -8.247 -7.981 -7.63 -7.266 -6.837 -8.256 -7.876 -7.43 -7.094 -6.773 -7.862 -7.467 -7.141 -6.93 -6.927 -7.484 -7.702 -7.292 -6.125 -5.592 -4.972 -7.554
0.002373 -8.872 -8.756 -8.66 -8.349 -8.044 -7.7 -8.508 -8.305 -8.04 -7.689 -7.325 -6.897 -8.314 -7.934 -7.49 -7.154 -6.833 -7.921 -7.526 -7.2 -6.989 -6.985 -7.543 -7.761 -7.352 -6.185 -5.652 -5.033 -7.614
0.002445 -8.926 -8.811 -8.716 -8.407 -8.102 -7.758 -8.564 -8.362 -8.098 -7.748 -7.384 -6.956 -8.371 -7.993 -7.549 -7.213 -6.893 -7.979 -7.585 -7.259 -7.048 -7.043 -7.602 -7.82 -7.411 -6.245 -5.712 -5.093 -7.672
0.002519 -8.979 -8.865 -8.771 -8.463 -8.16 -7.817 -8.619 -8.419 -8.156 -7.806 -7.443 -7.015 -8.428 -8.051 -7.607 -7.272 -6.952 -8.037 -7.643 -7.318 -7.107 -7.101 -7.66 -7.878 -7.47 -6.305 -5.772 -5.153 -7.73
0.002595 -9.031 -8.919 -8.825 -8.52 -8.217 -7.874 -8.674 -8.476 -8.213 -7.864 -7.502 -7.074 -8.485 -8.108 -7.665 -7.331 -7.011 -8.094 -7.701 -7.376 -7.165 -7.158 -7.718 -7.936 -7.528 -6.364 -5.832 -5.213 -7.788
0.002673 -9.082 -8.971 -8.879 -8.575 -8.273 -7.932 -8.727 -8.532 -8.27 -7.922 -7.56 -7.133 -8.541 -8.165 -7.723 -7.389 -7.07 -8.151 -7.759 -7.434 -7.223 -7.215 -7.776 -7.993 -7.586 -6.423 -5.891 -5.272 -7.846
0.002754 -9.132 -9.024 -8.932 -8.631 -8.33 -7.989 -8.781 -8.587 -8.326 -7.979 -7.617 -7.191 -8.596 -8.222 -7.781 -7.447 -7.128 -8.207 -7.816 -7.491 -7.28 -7.271 -7.833 -8.05 -7.644 -6.481 -5.95 -5.331 -7.903
0.002837 -9.182 -9.075 -8.984 -8.686 -8.386 -8.046 -8.833 -8.642 -8.382 -8.036 -7.674 -7.249 -8.651 -8.278 -7.838 -7.504 -7.186 -8.263 -7.873 -7.549 -7.337 -7.327 -7.89 -8.106 -7.701 -6.54 -6.009 -5.39 -7.959
0.002923 -9.231 -9.126 -9.036 -8.74 -8.441 -8.102 -8.886 -8.697 -8.437 -8.092 -7.731 -7.306 -8.706 -8.334 -7.895 -7.562 -7.243 -8.319 -7.929 -7.605 -7.394 -7.383 -7.947 -8.163 -7.758 -6.598 -6.067 -5.449 -8.016
0.003012 -9.28 -9.177 -9.088 -8.794 -8.496 -8.158 -8.937 -8.751 -8.493 -8.148 -7.788 -7.364 -8.76 -8.389 -7.951 -7.619 -7.301 -8.375 -7.986 -7.662 -7.45 -7.438 -8.003 -8.218 -7.815 -6.656 -6.125 -5.507 -8.072
0.003103 -9.328 -9.227 -9.139 -8.848 -8.551 -8.214 -8.988 -8.805 -8.548 -8.204 -7.845 -7.421 -8.814 -8.444 -8.007 -7.675 -7.358 -8.43 -8.041 -7.718 -7.506 -7.493 -8.059 -8.274 -7.871 -6.714 -6.183 -5.566 -8.127
0.003196 -9.375 -9.276 -9.189 -8.901 -8.606 -8.27 -9.039 -8.858 -8.602 -8.259 -7.901 -7.477 -8.867 -8.499 -8.063 -7.732 -7.415 -8.484 -8.097 -7.774 -7.562 -7.548 -8.114 -8.329 -7.927 -6.771 -6.241 -5.624 -8.183
0.003293 -9.422 -9.325 -9.239 -8.954 -8.66 -8.325 -9.089 -8.911 -8.656 -8.315 -7.957 -7.534 -8.92 -8.554 -8.119 -7.788 -7.471 -8.539 -8.152 -7.83 -7.618 -7.603 -8.17 -8.384 -7.983 -6.828 -6.298 -5.681 -8.238
0.003393 -9.468 -9.373 -9.289 -9.006 -8.714 -8.38 -9.139 -8.964 -8.71 -8.37 -8.012 -7.59 -8.973 -8.608 -8.174 -7.844 -7.528 -8.593 -8.207 -7.885 -7.673 -7.657 -8.225 -8.439 -8.038 -6.885 -6.356 -5.739 -8.293
0.003495 -9.514 -9.421 -9.338 -9.058 -8.768 -8.434 -9.189 -9.017 -8.764 -8.424 -8.068 -7.646 -9.025 -8.662 -8.229 -7.9 -7.584 -8.647 -8.262 -7.941 -7.729 -7.711 -8.28 -8.493 -8.094 -6.942 -6.413 -5.796 -8.347
0.003601 -9.559 -9.469 -9.387 -9.11 -8.821 -8.489 -9.238 -9.069 -8.817 -8.479 -8.123 -7.702 -9.077 -8.716 -8.284 -7.955 -7.64 -8.7 -8.317 -7.996 -7.784 -7.765 -8.334 -8.548 -8.149 -6.999 -6.47 -5.854 -8.402
0.00371 -9.603 -9.516 -9.435 -9.162 -8.874 -8.543 -9.286 -9.121 -8.87 -8.533 -8.178 -7.758 -9.129 -8.769 -8.339 -8.011 -7.696 -8.754 -8.371 -8.051 -7.838 -7.818 -8.389 -8.601 -8.204 -7.055 -6.527 -5.911 -8.456
0.003822 -9.648 -9.563 -9.483 -9.213 -8.927 -8.597 -9.335 -9.172 -8.923 -8.587 -8.233 -7.813 -9.181 -8.822 -8.393 -8.066 -7.751 -8.807 -8.425 -8.105 -7.893 -7.871 -8.443 -8.655 -8.259 -7.111 -6.583 -5.968 -8.51
0.003938 -9.691 -9.609 -9.531 -9.264 -8.979 -8.651 -9.383 -9.223 -8.975 -8.641 -8.287 -7.869 -9.232 -8.875 -8.448 -8.121 -7.807 -8.859 -8.479 -8.16 -7.947 -7.924 -8.497 -8.709 -8.313 -7.168 -6.64 -6.025 -8.563
0.004057 -9.735 -9.655 -9.578 -9.315 -9.032 -8.704 -9.43 -9.274 -9.028 -8.694 -8.342 -7.924 -9.283 -8.928 -8.502 -8.175 -7.862 -8.912 -8.533 -8.214 -8.002 -7.977 -8.55 -8.762 -8.367 -7.223 -6.696 -6.081 -8.617
0.00418 -9.778 -9.7 -9.625 -9.365 -9.084 -8.757 -9.478 -9.325 -9.08 -8.747 -8.396 -7.979 -9.333 -8.98 -8.556 -8.23 -7.917 -8.964 -8.586 -8.268 -8.056 -8.03 -8.604 -8.815 -8.422 -7.279 -6.753 -6.138 -8.67
0.004306 -9.82 -9.745 -9.672 -9.415 -9.135 -8.811 -9.524 -9.375 -9.132 -8.801 -8.45 -8.033 -9.384 -9.033 -8.609 -8.284 -7.972 -9.017 -8.64 -8.322 -8.109 -8.083 -8.657 -8.868 -8.476 -7.335 -6.809 -6.194 -8.723
0.004436 -9.862 -9.79 -9.718 -9.465 -9.187 -8.863 -9.571 -9.425 -9.183 -8.853 -8.504 -8.088 -9.434 -9.085 -8.663 -8.339 -8.027 -9.069 -8.693 -8.375 -8.163 -8.135 -8.71 -8.92 -8.529 -7.391 -6.865 -6.251 -8.776
0.00457 -9.904 -9.834 -9.764 -9.515 -9.238 -8.916 -9.617 -9.475 -9.235 -8.906 -8.557 -8.143 -9.484 -9.136 -8.716 -8.393 -8.081 -9.12 -8.746 -8.429 -8.217 -8.187 -8.763 -8.973 -8.583 -7.446 -6.92 -6.307 -8.828
0.004709 -9.945 -9.878 -9.809 -9.564 -9.29 -8.969 -9.663 -9.525 -9.286 -8.959 -8.611 -8.197 -9.533 -9.188 -8.769 -8.446 -8.136 -9.172 -8.798 -8.482 -8.27 -8.24 -8.816 -9.025 -8.636 -7.501 -6.976 -6.363 -8.881
0.004851 -9.986 -9.922 -9.854 -9.613 -9.34 -9.021 -9.709 -9.574 -9.337 -9.011 -8.664 -8.251 -9.583 -9.239 -8.822 -8.5 -8.19 -9.223 -8.851 -8.536 -8.323 -8.292 -8.869 -9.077 -8.69 -7.556 -7.032 -6.419 -8.933
0.004998 -10.026 -9.965 -9.899 -9.662 -9.391 -9.073 -9.754 -9.624 -9.387 -9.063 -8.717 -8.305 -9.632 -9.291 -8.875 -8.554 -8.244 -9.274 -8.903 -8.589 -8.377 -8.343 -8.921 -9.129 -8.743 -7.611 -7.087 -6.475 -8.985
0.005149 -10.066 -10.008 -9.944 -9.711 -9.442 -9.125 -9.799 -9.673 -9.438 -9.115 -8.77 -8.359 -9.681 -9.342 -8.928 -8.607 -8.298 -9.325 -8.956 -8.642 -8.43 -8.395 -8.973 -9.18 -8.796 -7.666 -7.143 -6.531 -9.037
0.005305 -10.106 -10.05 -9.988 -9.759 -9.492 -9.177 -9.844 -9.721 -9.488 -9.167 -8.823 -8.413 -9.73 -9.393 -8.98 -8.661 -8.352 -9.376 -9.008 -8.694 -8.482 -8.447 -9.025 -9.232 -8.848 -7.721 -7.198 -6.586 -9.089
0.005465 -10.145 -10.093 -10.032 -9.807 -9.542 -9.229 -9.889 -9.77 -9.539 -9.219 -8.876 -8.466 -9.778 -9.443 -9.032 -8.714 -8.406 -9.427 -9.06 -8.747 -8.535 -8.498 -9.077 -9.283 -8.901 -7.776 -7.253 -6.642 -9.14
0.00563 -10.184 -10.135 -10.076 -9.855 -9.592 -9.28 -9.933 -9.818 -9.588 -9.27 -8.928 -8.52 -9.826 -9.494 -9.084 -8.767 -8.46 -9.477 -9.112 -8.8 -8.588 -8.549 -9.129 -9.334 -8.954 -7.83 -7.308 -6.697 -9.191
0.005801 -10.222 -10.176 -10.119 -9.903 -9.642 -9.331 -9.977 -9.866 -9.638 -9.322 -8.981 -8.573 -9.874 -9.544 -9.136 -8.82 -8.513 -9.527 -9.163 -8.852 -8.64 -8.601 -9.181 -9.385 -9.006 -7.885 -7.363 -6.753 -9.243
0.005976 -10.261 -10.217 -10.162 -9.95 -9.692 -9.383 -10.02 -9.914 -9.688 -9.373 -9.033 -8.627 -9.922 -9.594 -9.188 -8.872 -8.567 -9.577 -9.215 -8.904 -8.693 -8.652 -9.232 -9.436 -9.058 -7.939 -7.418 -6.808 -9.294
0.006157 -10.298 -10.258 -10.205 -9.997 -9.741 -9.434 -10.064 -9.962 -9.737 -9.424 -9.085 -8.68 -9.97 -9.644 -9.24 -8.925 -8.62 -9.627 -9.266 -8.956 -8.745 -8.703 -9.283 -9.487 -9.11 -7.993 -7.473 -6.863 -9.345
0.006343 -10.336 -10.299 -10.247 -10.044 -9.79 -9.485 -10.107 -10.009 -9.786 -9.475 -9.137 -8.733 -10.017 -9.694 -9.292 -8.978 -8.673 -9.677 -9.317 -9.009 -8.797 -8.754 -9.334 -9.537 -9.162 -8.047 -7.527 -6.918 -9.395
0.006535 -10.373 -10.339 -10.289 -10.091 -9.839 -9.535 -10.15 -10.056 -9.836 -9.525 -9.189 -8.786 -10.064 -9.743 -9.343 -9.03 -8.726 -9.727 -9.368 -9.06 -8.849 -8.805 -9.385 -9.588 -9.214 -8.102 -7.582 -6.973 -9.446
0.006732 -10.41 -10.379 -10.331 -10.138 -9.888 -9.586 -10.192 -10.103 -9.884 -9.576 -9.241 -8.838 -10.111 -9.793 -9.394 -9.082 -8.779 -9.776 -9.419 -9.112 -8.901 -8.855 -9.436 -9.638 -9.266 -8.155 -7.636 -7.028 -9.496
0.006936 -10.446 -10.418 -10.373 -10.184 -9.937 -9.636 -10.235 -10.15 -9.933 -9.627 -9.292 -8.891 -10.158 -9.842 -9.446 -9.134 -8.832 -9.825 -9.47 -9.164 -8.953 -8.906 -9.487 -9.688 -9.317 -8.209 -7.691 -7.083 -9.547
0.007146 -10.482 -10.458 -10.414 -10.23 -9.985 -9.686 -10.277 -10.197 -9.982 -9.677 -9.344 -8.944 -10.204 -9.891 -9.497 -9.186 -8.885 -9.874 -9.521 -9.215 -9.005 -8.957 -9.538 -9.738 -9.369 -8.263 -7.745 -7.138 -9.597
0.007362 -10.518 -10.496 -10.455 -10.276 -10.034 -9.737 -10.318 -10.243 -10.03 -9.727 -9.395 -8.996 -10.251 -9.94 -9.548 -9.238 -8.937 -9.923 -9.572 -9.267 -9.056 -9.007 -9.588 -9.787 -9.42 -8.317 -7.8 -7.193 -9.647
0.007585 -10.553 -10.535 -10.496 -10.322 -10.082 -9.787 -10.36 -10.289 -10.078 -9.777 -9.447 -9.049 -10.297 -9.989 -9.598 -9.29 -8.99 -9.972 -9.622 -9.318 -9.108 -9.057 -9.638 -9.837 -9.471 -8.37 -7.854 -7.248 -9.697
0.007814 -10.588 -10.573 -10.536 -10.368 -10.13 -9.836 -10.401 -10.335 -10.126 -9.827 -9.498 -9.101 -10.343 -10.038 -9.649 -9.342 -9.042 -10.021 -9.672 -9.37 -9.159 -9.108 -9.688 -9.886 -9.522 -8.424 -7.908 -7.302 -9.746
0.00805 -10.623 -10.611 -10.577 -10.413 -10.178 -9.886 -10.442 -10.381 -10.174 -9.877 -9.549 -9.153 -10.388 -10.086 -9.7 -9.393 -9.095 -10.069 -9.723 -9.421 -9.21 -9.158 -9.739 -9.936 -9.573 -8.477 -7.962 -7.357 -9.796
0.008294 -10.657 -10.649 -10.616 -10.458 -10.225 -9.936 -10.483 -10.426 -10.222 -9.926 -9.6 -9.205 -10.434 -10.134 -9.75 -9.445 -9.147 -10.117 -9.773 -9.472 -9.262 -9.208 -9.788 -9.985 -9.624 -8.531 -8.016 -7.411 -9.845
0.008545 -10.691 -10.686 -10.656 -10.503 -10.273 -9.985 -10.524 -10.472 -10.269 -9.976 -9.65 -9.257 -10.479 -10.183 -9.8 -9.496 -9.199 -10.166 -9.823 -9.523 -9.313 -9.258 -9.838 -10.034 -9.675 -8.584 -8.07 -7.466 -9.895
0.008803 -10.725 -10.723 -10.695 -10.548 -10.32 -10.034 -10.564 -10.517 -10.316 -10.025 -9.701 -9.309 -10.524 -10.231 -9.85 -9.548 -9.251 -10.214 -9.872 -9.573 -9.364 -9.308 -9.888 -10.083 -9.725 -8.637 -8.124 -7.52 -9.944
0.009069 -10.758 -10.76 -10.734 -10.592 -10.367 -10.084 -10.604 -10.562 -10.364 -10.074 -9.752 -9.361 -10.569 -10.278 -9.9 -9.599 -9.303 -10.261 -9.922 -9.624 -9.415 -9.358 -9.937 -10.131 -9.776 -8.69 -8.177 -7.574 -9.993
0.009344 -10.791 -10.796 -10.773 -10.637 -10.414 -10.133 -10.644 -10.607 -10.411 -10.123 -9.802 -9.412 -10.614 -10.326 -9.95 -9.65 -9.355 -10.309 -9.972 -9.675 -9.466 -9.408 -9.987 -10.18 -9.826 -8.743 -8.231 -7.629 -10.042
