web/models/linear/72/-18_429_1_713.dat
# %ECSV 1.0
# ---
# datatype:
# - {name: time, datatype: float64}
# - {name: swift_uvot_uvw2, datatype: float64}
# - {name: swift_uvot_uvm2, datatype: float64}
# - {name: swift_uvot_uvw1, datatype: float64}
# - {name: swift_uvot_U, datatype: float64}
# - {name: swift_uvot_B, datatype: float64}
# - {name: swift_uvot_V, datatype: float64}
# - {name: swift_uvot_W, datatype: float64}
# - {name: johnson_U, datatype: float64}
# - {name: johnson_B, datatype: float64}
# - {name: johnson_V, datatype: float64}
# - {name: johnson_R, datatype: float64}
# - {name: johnson_I, datatype: float64}
# - {name: sdss_u, datatype: float64}
# - {name: sdss_g, datatype: float64}
# - {name: sdss_r, datatype: float64}
# - {name: sdss_i, datatype: float64}
# - {name: sdss_z, datatype: float64}
# - {name: PS1_g, datatype: float64}
# - {name: PS1_r, datatype: float64}
# - {name: PS1_i, datatype: float64}
# - {name: PS1_z, datatype: float64}
# - {name: PS1_Y, datatype: float64}
# - {name: PS1_w, datatype: float64}
# - {name: ATLAS_c, datatype: float64}
# - {name: ATLAS_o, datatype: float64}
# - {name: ukirt_J, datatype: float64}
# - {name: ukirt_H, datatype: float64}
# - {name: ukirt_K, datatype: float64}
# - {name: Clear, datatype: float64}
# meta: !!omap
# - comment: [M=-18.42857142857143, dM=1.7126240426614048]
# schema: astropy-2.0
time swift_uvot_uvw2 swift_uvot_uvm2 swift_uvot_uvw1 swift_uvot_U swift_uvot_B swift_uvot_V swift_uvot_W johnson_U johnson_B johnson_V johnson_R johnson_I sdss_u sdss_g sdss_r sdss_i sdss_z PS1_g PS1_r PS1_i PS1_z PS1_Y PS1_w ATLAS_c ATLAS_o ukirt_J ukirt_H ukirt_K Clear
0.0 -18.42857142857143 -18.42857142857143 -18.42857142857143 -18.42857142857143 -18.42857142857143 -18.42857142857143 -18.42857142857143 -18.42857142857143 -18.42857142857143 -18.42857142857143 -18.42857142857143 -18.42857142857143 -18.42857142857143 -18.42857142857143 -18.42857142857143 -18.42857142857143 -18.42857142857143 -18.42857142857143 -18.42857142857143 -18.42857142857143 -18.42857142857143 -18.42857142857143 -18.42857142857143 -18.42857142857143 -18.42857142857143 -18.42857142857143 -18.42857142857143 -18.42857142857143 -18.42857142857143
0.07537688442211055 -18.299479164049213 -18.299479164049213 -18.299479164049213 -18.299479164049213 -18.299479164049213 -18.299479164049213 -18.299479164049213 -18.299479164049213 -18.299479164049213 -18.299479164049213 -18.299479164049213 -18.299479164049213 -18.299479164049213 -18.299479164049213 -18.299479164049213 -18.299479164049213 -18.299479164049213 -18.299479164049213 -18.299479164049213 -18.299479164049213 -18.299479164049213 -18.299479164049213 -18.299479164049213 -18.299479164049213 -18.299479164049213 -18.299479164049213 -18.299479164049213 -18.299479164049213 -18.299479164049213
0.1507537688442211 -18.170386899527 -18.170386899527 -18.170386899527 -18.170386899527 -18.170386899527 -18.170386899527 -18.170386899527 -18.170386899527 -18.170386899527 -18.170386899527 -18.170386899527 -18.170386899527 -18.170386899527 -18.170386899527 -18.170386899527 -18.170386899527 -18.170386899527 -18.170386899527 -18.170386899527 -18.170386899527 -18.170386899527 -18.170386899527 -18.170386899527 -18.170386899527 -18.170386899527 -18.170386899527 -18.170386899527 -18.170386899527 -18.170386899527
0.22613065326633164 -18.041294635004782 -18.041294635004782 -18.041294635004782 -18.041294635004782 -18.041294635004782 -18.041294635004782 -18.041294635004782 -18.041294635004782 -18.041294635004782 -18.041294635004782 -18.041294635004782 -18.041294635004782 -18.041294635004782 -18.041294635004782 -18.041294635004782 -18.041294635004782 -18.041294635004782 -18.041294635004782 -18.041294635004782 -18.041294635004782 -18.041294635004782 -18.041294635004782 -18.041294635004782 -18.041294635004782 -18.041294635004782 -18.041294635004782 -18.041294635004782 -18.041294635004782 -18.041294635004782
0.3015075376884422 -17.912202370482564 -17.912202370482564 -17.912202370482564 -17.912202370482564 -17.912202370482564 -17.912202370482564 -17.912202370482564 -17.912202370482564 -17.912202370482564 -17.912202370482564 -17.912202370482564 -17.912202370482564 -17.912202370482564 -17.912202370482564 -17.912202370482564 -17.912202370482564 -17.912202370482564 -17.912202370482564 -17.912202370482564 -17.912202370482564 -17.912202370482564 -17.912202370482564 -17.912202370482564 -17.912202370482564 -17.912202370482564 -17.912202370482564 -17.912202370482564 -17.912202370482564 -17.912202370482564
0.37688442211055273 -17.783110105960347 -17.783110105960347 -17.783110105960347 -17.783110105960347 -17.783110105960347 -17.783110105960347 -17.783110105960347 -17.783110105960347 -17.783110105960347 -17.783110105960347 -17.783110105960347 -17.783110105960347 -17.783110105960347 -17.783110105960347 -17.783110105960347 -17.783110105960347 -17.783110105960347 -17.783110105960347 -17.783110105960347 -17.783110105960347 -17.783110105960347 -17.783110105960347 -17.783110105960347 -17.783110105960347 -17.783110105960347 -17.783110105960347 -17.783110105960347 -17.783110105960347 -17.783110105960347
0.4522613065326633 -17.654017841438133 -17.654017841438133 -17.654017841438133 -17.654017841438133 -17.654017841438133 -17.654017841438133 -17.654017841438133 -17.654017841438133 -17.654017841438133 -17.654017841438133 -17.654017841438133 -17.654017841438133 -17.654017841438133 -17.654017841438133 -17.654017841438133 -17.654017841438133 -17.654017841438133 -17.654017841438133 -17.654017841438133 -17.654017841438133 -17.654017841438133 -17.654017841438133 -17.654017841438133 -17.654017841438133 -17.654017841438133 -17.654017841438133 -17.654017841438133 -17.654017841438133 -17.654017841438133
0.5276381909547738 -17.524925576915916 -17.524925576915916 -17.524925576915916 -17.524925576915916 -17.524925576915916 -17.524925576915916 -17.524925576915916 -17.524925576915916 -17.524925576915916 -17.524925576915916 -17.524925576915916 -17.524925576915916 -17.524925576915916 -17.524925576915916 -17.524925576915916 -17.524925576915916 -17.524925576915916 -17.524925576915916 -17.524925576915916 -17.524925576915916 -17.524925576915916 -17.524925576915916 -17.524925576915916 -17.524925576915916 -17.524925576915916 -17.524925576915916 -17.524925576915916 -17.524925576915916 -17.524925576915916
0.6030150753768844 -17.395833312393698 -17.395833312393698 -17.395833312393698 -17.395833312393698 -17.395833312393698 -17.395833312393698 -17.395833312393698 -17.395833312393698 -17.395833312393698 -17.395833312393698 -17.395833312393698 -17.395833312393698 -17.395833312393698 -17.395833312393698 -17.395833312393698 -17.395833312393698 -17.395833312393698 -17.395833312393698 -17.395833312393698 -17.395833312393698 -17.395833312393698 -17.395833312393698 -17.395833312393698 -17.395833312393698 -17.395833312393698 -17.395833312393698 -17.395833312393698 -17.395833312393698 -17.395833312393698
0.6783919597989949 -17.266741047871484 -17.266741047871484 -17.266741047871484 -17.266741047871484 -17.266741047871484 -17.266741047871484 -17.266741047871484 -17.266741047871484 -17.266741047871484 -17.266741047871484 -17.266741047871484 -17.266741047871484 -17.266741047871484 -17.266741047871484 -17.266741047871484 -17.266741047871484 -17.266741047871484 -17.266741047871484 -17.266741047871484 -17.266741047871484 -17.266741047871484 -17.266741047871484 -17.266741047871484 -17.266741047871484 -17.266741047871484 -17.266741047871484 -17.266741047871484 -17.266741047871484 -17.266741047871484
0.7537688442211055 -17.137648783349267 -17.137648783349267 -17.137648783349267 -17.137648783349267 -17.137648783349267 -17.137648783349267 -17.137648783349267 -17.137648783349267 -17.137648783349267 -17.137648783349267 -17.137648783349267 -17.137648783349267 -17.137648783349267 -17.137648783349267 -17.137648783349267 -17.137648783349267 -17.137648783349267 -17.137648783349267 -17.137648783349267 -17.137648783349267 -17.137648783349267 -17.137648783349267 -17.137648783349267 -17.137648783349267 -17.137648783349267 -17.137648783349267 -17.137648783349267 -17.137648783349267 -17.137648783349267
0.829145728643216 -17.00855651882705 -17.00855651882705 -17.00855651882705 -17.00855651882705 -17.00855651882705 -17.00855651882705 -17.00855651882705 -17.00855651882705 -17.00855651882705 -17.00855651882705 -17.00855651882705 -17.00855651882705 -17.00855651882705 -17.00855651882705 -17.00855651882705 -17.00855651882705 -17.00855651882705 -17.00855651882705 -17.00855651882705 -17.00855651882705 -17.00855651882705 -17.00855651882705 -17.00855651882705 -17.00855651882705 -17.00855651882705 -17.00855651882705 -17.00855651882705 -17.00855651882705 -17.00855651882705
0.9045226130653266 -16.879464254304832 -16.879464254304832 -16.879464254304832 -16.879464254304832 -16.879464254304832 -16.879464254304832 -16.879464254304832 -16.879464254304832 -16.879464254304832 -16.879464254304832 -16.879464254304832 -16.879464254304832 -16.879464254304832 -16.879464254304832 -16.879464254304832 -16.879464254304832 -16.879464254304832 -16.879464254304832 -16.879464254304832 -16.879464254304832 -16.879464254304832 -16.879464254304832 -16.879464254304832 -16.879464254304832 -16.879464254304832 -16.879464254304832 -16.879464254304832 -16.879464254304832 -16.879464254304832
0.9798994974874371 -16.750371989782618 -16.750371989782618 -16.750371989782618 -16.750371989782618 -16.750371989782618 -16.750371989782618 -16.750371989782618 -16.750371989782618 -16.750371989782618 -16.750371989782618 -16.750371989782618 -16.750371989782618 -16.750371989782618 -16.750371989782618 -16.750371989782618 -16.750371989782618 -16.750371989782618 -16.750371989782618 -16.750371989782618 -16.750371989782618 -16.750371989782618 -16.750371989782618 -16.750371989782618 -16.750371989782618 -16.750371989782618 -16.750371989782618 -16.750371989782618 -16.750371989782618 -16.750371989782618
1.0552763819095476 -16.6212797252604 -16.6212797252604 -16.6212797252604 -16.6212797252604 -16.6212797252604 -16.6212797252604 -16.6212797252604 -16.6212797252604 -16.6212797252604 -16.6212797252604 -16.6212797252604 -16.6212797252604 -16.6212797252604 -16.6212797252604 -16.6212797252604 -16.6212797252604 -16.6212797252604 -16.6212797252604 -16.6212797252604 -16.6212797252604 -16.6212797252604 -16.6212797252604 -16.6212797252604 -16.6212797252604 -16.6212797252604 -16.6212797252604 -16.6212797252604 -16.6212797252604 -16.6212797252604
1.1306532663316582 -16.492187460738183 -16.492187460738183 -16.492187460738183 -16.492187460738183 -16.492187460738183 -16.492187460738183 -16.492187460738183 -16.492187460738183 -16.492187460738183 -16.492187460738183 -16.492187460738183 -16.492187460738183 -16.492187460738183 -16.492187460738183 -16.492187460738183 -16.492187460738183 -16.492187460738183 -16.492187460738183 -16.492187460738183 -16.492187460738183 -16.492187460738183 -16.492187460738183 -16.492187460738183 -16.492187460738183 -16.492187460738183 -16.492187460738183 -16.492187460738183 -16.492187460738183 -16.492187460738183
1.2060301507537687 -16.36309519621597 -16.36309519621597 -16.36309519621597 -16.36309519621597 -16.36309519621597 -16.36309519621597 -16.36309519621597 -16.36309519621597 -16.36309519621597 -16.36309519621597 -16.36309519621597 -16.36309519621597 -16.36309519621597 -16.36309519621597 -16.36309519621597 -16.36309519621597 -16.36309519621597 -16.36309519621597 -16.36309519621597 -16.36309519621597 -16.36309519621597 -16.36309519621597 -16.36309519621597 -16.36309519621597 -16.36309519621597 -16.36309519621597 -16.36309519621597 -16.36309519621597 -16.36309519621597
1.2814070351758793 -16.23400293169375 -16.23400293169375 -16.23400293169375 -16.23400293169375 -16.23400293169375 -16.23400293169375 -16.23400293169375 -16.23400293169375 -16.23400293169375 -16.23400293169375 -16.23400293169375 -16.23400293169375 -16.23400293169375 -16.23400293169375 -16.23400293169375 -16.23400293169375 -16.23400293169375 -16.23400293169375 -16.23400293169375 -16.23400293169375 -16.23400293169375 -16.23400293169375 -16.23400293169375 -16.23400293169375 -16.23400293169375 -16.23400293169375 -16.23400293169375 -16.23400293169375 -16.23400293169375
1.3567839195979898 -16.104910667171534 -16.104910667171534 -16.104910667171534 -16.104910667171534 -16.104910667171534 -16.104910667171534 -16.104910667171534 -16.104910667171534 -16.104910667171534 -16.104910667171534 -16.104910667171534 -16.104910667171534 -16.104910667171534 -16.104910667171534 -16.104910667171534 -16.104910667171534 -16.104910667171534 -16.104910667171534 -16.104910667171534 -16.104910667171534 -16.104910667171534 -16.104910667171534 -16.104910667171534 -16.104910667171534 -16.104910667171534 -16.104910667171534 -16.104910667171534 -16.104910667171534 -16.104910667171534
1.4321608040201004 -15.975818402649319 -15.975818402649319 -15.975818402649319 -15.975818402649319 -15.975818402649319 -15.975818402649319 -15.975818402649319 -15.975818402649319 -15.975818402649319 -15.975818402649319 -15.975818402649319 -15.975818402649319 -15.975818402649319 -15.975818402649319 -15.975818402649319 -15.975818402649319 -15.975818402649319 -15.975818402649319 -15.975818402649319 -15.975818402649319 -15.975818402649319 -15.975818402649319 -15.975818402649319 -15.975818402649319 -15.975818402649319 -15.975818402649319 -15.975818402649319 -15.975818402649319 -15.975818402649319
1.507537688442211 -15.846726138127103 -15.846726138127103 -15.846726138127103 -15.846726138127103 -15.846726138127103 -15.846726138127103 -15.846726138127103 -15.846726138127103 -15.846726138127103 -15.846726138127103 -15.846726138127103 -15.846726138127103 -15.846726138127103 -15.846726138127103 -15.846726138127103 -15.846726138127103 -15.846726138127103 -15.846726138127103 -15.846726138127103 -15.846726138127103 -15.846726138127103 -15.846726138127103 -15.846726138127103 -15.846726138127103 -15.846726138127103 -15.846726138127103 -15.846726138127103 -15.846726138127103 -15.846726138127103
1.5829145728643215 -15.717633873604886 -15.717633873604886 -15.717633873604886 -15.717633873604886 -15.717633873604886 -15.717633873604886 -15.717633873604886 -15.717633873604886 -15.717633873604886 -15.717633873604886 -15.717633873604886 -15.717633873604886 -15.717633873604886 -15.717633873604886 -15.717633873604886 -15.717633873604886 -15.717633873604886 -15.717633873604886 -15.717633873604886 -15.717633873604886 -15.717633873604886 -15.717633873604886 -15.717633873604886 -15.717633873604886 -15.717633873604886 -15.717633873604886 -15.717633873604886 -15.717633873604886 -15.717633873604886
1.658291457286432 -15.588541609082668 -15.588541609082668 -15.588541609082668 -15.588541609082668 -15.588541609082668 -15.588541609082668 -15.588541609082668 -15.588541609082668 -15.588541609082668 -15.588541609082668 -15.588541609082668 -15.588541609082668 -15.588541609082668 -15.588541609082668 -15.588541609082668 -15.588541609082668 -15.588541609082668 -15.588541609082668 -15.588541609082668 -15.588541609082668 -15.588541609082668 -15.588541609082668 -15.588541609082668 -15.588541609082668 -15.588541609082668 -15.588541609082668 -15.588541609082668 -15.588541609082668 -15.588541609082668
1.7336683417085426 -15.459449344560452 -15.459449344560452 -15.459449344560452 -15.459449344560452 -15.459449344560452 -15.459449344560452 -15.459449344560452 -15.459449344560452 -15.459449344560452 -15.459449344560452 -15.459449344560452 -15.459449344560452 -15.459449344560452 -15.459449344560452 -15.459449344560452 -15.459449344560452 -15.459449344560452 -15.459449344560452 -15.459449344560452 -15.459449344560452 -15.459449344560452 -15.459449344560452 -15.459449344560452 -15.459449344560452 -15.459449344560452 -15.459449344560452 -15.459449344560452 -15.459449344560452 -15.459449344560452
1.809045226130653 -15.330357080038237 -15.330357080038237 -15.330357080038237 -15.330357080038237 -15.330357080038237 -15.330357080038237 -15.330357080038237 -15.330357080038237 -15.330357080038237 -15.330357080038237 -15.330357080038237 -15.330357080038237 -15.330357080038237 -15.330357080038237 -15.330357080038237 -15.330357080038237 -15.330357080038237 -15.330357080038237 -15.330357080038237 -15.330357080038237 -15.330357080038237 -15.330357080038237 -15.330357080038237 -15.330357080038237 -15.330357080038237 -15.330357080038237 -15.330357080038237 -15.330357080038237 -15.330357080038237
1.8844221105527637 -15.20126481551602 -15.20126481551602 -15.20126481551602 -15.20126481551602 -15.20126481551602 -15.20126481551602 -15.20126481551602 -15.20126481551602 -15.20126481551602 -15.20126481551602 -15.20126481551602 -15.20126481551602 -15.20126481551602 -15.20126481551602 -15.20126481551602 -15.20126481551602 -15.20126481551602 -15.20126481551602 -15.20126481551602 -15.20126481551602 -15.20126481551602 -15.20126481551602 -15.20126481551602 -15.20126481551602 -15.20126481551602 -15.20126481551602 -15.20126481551602 -15.20126481551602 -15.20126481551602
1.9597989949748742 -15.072172550993804 -15.072172550993804 -15.072172550993804 -15.072172550993804 -15.072172550993804 -15.072172550993804 -15.072172550993804 -15.072172550993804 -15.072172550993804 -15.072172550993804 -15.072172550993804 -15.072172550993804 -15.072172550993804 -15.072172550993804 -15.072172550993804 -15.072172550993804 -15.072172550993804 -15.072172550993804 -15.072172550993804 -15.072172550993804 -15.072172550993804 -15.072172550993804 -15.072172550993804 -15.072172550993804 -15.072172550993804 -15.072172550993804 -15.072172550993804 -15.072172550993804 -15.072172550993804
