web/models/linear/72/-18_429_1_075.dat
# %ECSV 1.0
# ---
# datatype:
# - {name: time, datatype: float64}
# - {name: swift_uvot_uvw2, datatype: float64}
# - {name: swift_uvot_uvm2, datatype: float64}
# - {name: swift_uvot_uvw1, datatype: float64}
# - {name: swift_uvot_U, datatype: float64}
# - {name: swift_uvot_B, datatype: float64}
# - {name: swift_uvot_V, datatype: float64}
# - {name: swift_uvot_W, datatype: float64}
# - {name: johnson_U, datatype: float64}
# - {name: johnson_B, datatype: float64}
# - {name: johnson_V, datatype: float64}
# - {name: johnson_R, datatype: float64}
# - {name: johnson_I, datatype: float64}
# - {name: sdss_u, datatype: float64}
# - {name: sdss_g, datatype: float64}
# - {name: sdss_r, datatype: float64}
# - {name: sdss_i, datatype: float64}
# - {name: sdss_z, datatype: float64}
# - {name: PS1_g, datatype: float64}
# - {name: PS1_r, datatype: float64}
# - {name: PS1_i, datatype: float64}
# - {name: PS1_z, datatype: float64}
# - {name: PS1_Y, datatype: float64}
# - {name: PS1_w, datatype: float64}
# - {name: ATLAS_c, datatype: float64}
# - {name: ATLAS_o, datatype: float64}
# - {name: ukirt_J, datatype: float64}
# - {name: ukirt_H, datatype: float64}
# - {name: ukirt_K, datatype: float64}
# - {name: Clear, datatype: float64}
# meta: !!omap
# - comment: [M=-18.42857142857143, dM=1.0753706008311428]
# schema: astropy-2.0
time swift_uvot_uvw2 swift_uvot_uvm2 swift_uvot_uvw1 swift_uvot_U swift_uvot_B swift_uvot_V swift_uvot_W johnson_U johnson_B johnson_V johnson_R johnson_I sdss_u sdss_g sdss_r sdss_i sdss_z PS1_g PS1_r PS1_i PS1_z PS1_Y PS1_w ATLAS_c ATLAS_o ukirt_J ukirt_H ukirt_K Clear
[from data line 82]
6.180904522613065 -11.781808418409092 -11.781808418409092 -11.781808418409092 -11.781808418409092 -11.781808418409092 -11.781808418409092 -11.781808418409092 -11.781808418409092 -11.781808418409092 -11.781808418409092 -11.781808418409092 -11.781808418409092 -11.781808418409092 -11.781808418409092 -11.781808418409092 -11.781808418409092 -11.781808418409092 -11.781808418409092 -11.781808418409092 -11.781808418409092 -11.781808418409092 -11.781808418409092 -11.781808418409092 -11.781808418409092 -11.781808418409092 -11.781808418409092 -11.781808418409092 -11.781808418409092 -11.781808418409092
6.256281407035175 -11.700750332919307 -11.700750332919307 -11.700750332919307 -11.700750332919307 -11.700750332919307 -11.700750332919307 -11.700750332919307 -11.700750332919307 -11.700750332919307 -11.700750332919307 -11.700750332919307 -11.700750332919307 -11.700750332919307 -11.700750332919307 -11.700750332919307 -11.700750332919307 -11.700750332919307 -11.700750332919307 -11.700750332919307 -11.700750332919307 -11.700750332919307 -11.700750332919307 -11.700750332919307 -11.700750332919307 -11.700750332919307 -11.700750332919307 -11.700750332919307 -11.700750332919307 -11.700750332919307
6.331658291457286 -11.619692247429523 -11.619692247429523 -11.619692247429523 -11.619692247429523 -11.619692247429523 -11.619692247429523 -11.619692247429523 -11.619692247429523 -11.619692247429523 -11.619692247429523 -11.619692247429523 -11.619692247429523 -11.619692247429523 -11.619692247429523 -11.619692247429523 -11.619692247429523 -11.619692247429523 -11.619692247429523 -11.619692247429523 -11.619692247429523 -11.619692247429523 -11.619692247429523 -11.619692247429523 -11.619692247429523 -11.619692247429523 -11.619692247429523 -11.619692247429523 -11.619692247429523 -11.619692247429523
6.407035175879397 -11.538634161939736 -11.538634161939736 -11.538634161939736 -11.538634161939736 -11.538634161939736 -11.538634161939736 -11.538634161939736 -11.538634161939736 -11.538634161939736 -11.538634161939736 -11.538634161939736 -11.538634161939736 -11.538634161939736 -11.538634161939736 -11.538634161939736 -11.538634161939736 -11.538634161939736 -11.538634161939736 -11.538634161939736 -11.538634161939736 -11.538634161939736 -11.538634161939736 -11.538634161939736 -11.538634161939736 -11.538634161939736 -11.538634161939736 -11.538634161939736 -11.538634161939736 -11.538634161939736
6.482412060301507 -11.457576076449953 -11.457576076449953 -11.457576076449953 -11.457576076449953 -11.457576076449953 -11.457576076449953 -11.457576076449953 -11.457576076449953 -11.457576076449953 -11.457576076449953 -11.457576076449953 -11.457576076449953 -11.457576076449953 -11.457576076449953 -11.457576076449953 -11.457576076449953 -11.457576076449953 -11.457576076449953 -11.457576076449953 -11.457576076449953 -11.457576076449953 -11.457576076449953 -11.457576076449953 -11.457576076449953 -11.457576076449953 -11.457576076449953 -11.457576076449953 -11.457576076449953 -11.457576076449953
6.557788944723617 -11.376517990960169 -11.376517990960169 -11.376517990960169 -11.376517990960169 -11.376517990960169 -11.376517990960169 -11.376517990960169 -11.376517990960169 -11.376517990960169 -11.376517990960169 -11.376517990960169 -11.376517990960169 -11.376517990960169 -11.376517990960169 -11.376517990960169 -11.376517990960169 -11.376517990960169 -11.376517990960169 -11.376517990960169 -11.376517990960169 -11.376517990960169 -11.376517990960169 -11.376517990960169 -11.376517990960169 -11.376517990960169 -11.376517990960169 -11.376517990960169 -11.376517990960169 -11.376517990960169
6.633165829145728 -11.295459905470384 -11.295459905470384 -11.295459905470384 -11.295459905470384 -11.295459905470384 -11.295459905470384 -11.295459905470384 -11.295459905470384 -11.295459905470384 -11.295459905470384 -11.295459905470384 -11.295459905470384 -11.295459905470384 -11.295459905470384 -11.295459905470384 -11.295459905470384 -11.295459905470384 -11.295459905470384 -11.295459905470384 -11.295459905470384 -11.295459905470384 -11.295459905470384 -11.295459905470384 -11.295459905470384 -11.295459905470384 -11.295459905470384 -11.295459905470384 -11.295459905470384 -11.295459905470384
6.708542713567839 -11.214401819980598 -11.214401819980598 -11.214401819980598 -11.214401819980598 -11.214401819980598 -11.214401819980598 -11.214401819980598 -11.214401819980598 -11.214401819980598 -11.214401819980598 -11.214401819980598 -11.214401819980598 -11.214401819980598 -11.214401819980598 -11.214401819980598 -11.214401819980598 -11.214401819980598 -11.214401819980598 -11.214401819980598 -11.214401819980598 -11.214401819980598 -11.214401819980598 -11.214401819980598 -11.214401819980598 -11.214401819980598 -11.214401819980598 -11.214401819980598 -11.214401819980598 -11.214401819980598
6.783919597989949 -11.133343734490815 -11.133343734490815 -11.133343734490815 -11.133343734490815 -11.133343734490815 -11.133343734490815 -11.133343734490815 -11.133343734490815 -11.133343734490815 -11.133343734490815 -11.133343734490815 -11.133343734490815 -11.133343734490815 -11.133343734490815 -11.133343734490815 -11.133343734490815 -11.133343734490815 -11.133343734490815 -11.133343734490815 -11.133343734490815 -11.133343734490815 -11.133343734490815 -11.133343734490815 -11.133343734490815 -11.133343734490815 -11.133343734490815 -11.133343734490815 -11.133343734490815 -11.133343734490815
6.859296482412059 -11.05228564900103 -11.05228564900103 -11.05228564900103 -11.05228564900103 -11.05228564900103 -11.05228564900103 -11.05228564900103 -11.05228564900103 -11.05228564900103 -11.05228564900103 -11.05228564900103 -11.05228564900103 -11.05228564900103 -11.05228564900103 -11.05228564900103 -11.05228564900103 -11.05228564900103 -11.05228564900103 -11.05228564900103 -11.05228564900103 -11.05228564900103 -11.05228564900103 -11.05228564900103 -11.05228564900103 -11.05228564900103 -11.05228564900103 -11.05228564900103 -11.05228564900103 -11.05228564900103
6.93467336683417 -10.971227563511246 -10.971227563511246 -10.971227563511246 -10.971227563511246 -10.971227563511246 -10.971227563511246 -10.971227563511246 -10.971227563511246 -10.971227563511246 -10.971227563511246 -10.971227563511246 -10.971227563511246 -10.971227563511246 -10.971227563511246 -10.971227563511246 -10.971227563511246 -10.971227563511246 -10.971227563511246 -10.971227563511246 -10.971227563511246 -10.971227563511246 -10.971227563511246 -10.971227563511246 -10.971227563511246 -10.971227563511246 -10.971227563511246 -10.971227563511246 -10.971227563511246 -10.971227563511246
7.010050251256281 -10.890169478021459 -10.890169478021459 -10.890169478021459 -10.890169478021459 -10.890169478021459 -10.890169478021459 -10.890169478021459 -10.890169478021459 -10.890169478021459 -10.890169478021459 -10.890169478021459 -10.890169478021459 -10.890169478021459 -10.890169478021459 -10.890169478021459 -10.890169478021459 -10.890169478021459 -10.890169478021459 -10.890169478021459 -10.890169478021459 -10.890169478021459 -10.890169478021459 -10.890169478021459 -10.890169478021459 -10.890169478021459 -10.890169478021459 -10.890169478021459 -10.890169478021459 -10.890169478021459
7.085427135678391 -10.809111392531676 -10.809111392531676 -10.809111392531676 -10.809111392531676 -10.809111392531676 -10.809111392531676 -10.809111392531676 -10.809111392531676 -10.809111392531676 -10.809111392531676 -10.809111392531676 -10.809111392531676 -10.809111392531676 -10.809111392531676 -10.809111392531676 -10.809111392531676 -10.809111392531676 -10.809111392531676 -10.809111392531676 -10.809111392531676 -10.809111392531676 -10.809111392531676 -10.809111392531676 -10.809111392531676 -10.809111392531676 -10.809111392531676 -10.809111392531676 -10.809111392531676 -10.809111392531676
7.160804020100501 -10.728053307041892 -10.728053307041892 -10.728053307041892 -10.728053307041892 -10.728053307041892 -10.728053307041892 -10.728053307041892 -10.728053307041892 -10.728053307041892 -10.728053307041892 -10.728053307041892 -10.728053307041892 -10.728053307041892 -10.728053307041892 -10.728053307041892 -10.728053307041892 -10.728053307041892 -10.728053307041892 -10.728053307041892 -10.728053307041892 -10.728053307041892 -10.728053307041892 -10.728053307041892 -10.728053307041892 -10.728053307041892 -10.728053307041892 -10.728053307041892 -10.728053307041892 -10.728053307041892
7.236180904522612 -10.646995221552107 -10.646995221552107 -10.646995221552107 -10.646995221552107 -10.646995221552107 -10.646995221552107 -10.646995221552107 -10.646995221552107 -10.646995221552107 -10.646995221552107 -10.646995221552107 -10.646995221552107 -10.646995221552107 -10.646995221552107 -10.646995221552107 -10.646995221552107 -10.646995221552107 -10.646995221552107 -10.646995221552107 -10.646995221552107 -10.646995221552107 -10.646995221552107 -10.646995221552107 -10.646995221552107 -10.646995221552107 -10.646995221552107 -10.646995221552107 -10.646995221552107 -10.646995221552107
7.311557788944723 -10.56593713606232 -10.56593713606232 -10.56593713606232 -10.56593713606232 -10.56593713606232 -10.56593713606232 -10.56593713606232 -10.56593713606232 -10.56593713606232 -10.56593713606232 -10.56593713606232 -10.56593713606232 -10.56593713606232 -10.56593713606232 -10.56593713606232 -10.56593713606232 -10.56593713606232 -10.56593713606232 -10.56593713606232 -10.56593713606232 -10.56593713606232 -10.56593713606232 -10.56593713606232 -10.56593713606232 -10.56593713606232 -10.56593713606232 -10.56593713606232 -10.56593713606232 -10.56593713606232
7.3869346733668335 -10.484879050572538 -10.484879050572538 -10.484879050572538 -10.484879050572538 -10.484879050572538 -10.484879050572538 -10.484879050572538 -10.484879050572538 -10.484879050572538 -10.484879050572538 -10.484879050572538 -10.484879050572538 -10.484879050572538 -10.484879050572538 -10.484879050572538 -10.484879050572538 -10.484879050572538 -10.484879050572538 -10.484879050572538 -10.484879050572538 -10.484879050572538 -10.484879050572538 -10.484879050572538 -10.484879050572538 -10.484879050572538 -10.484879050572538 -10.484879050572538 -10.484879050572538 -10.484879050572538
7.462311557788944 -10.403820965082753 -10.403820965082753 -10.403820965082753 -10.403820965082753 -10.403820965082753 -10.403820965082753 -10.403820965082753 -10.403820965082753 -10.403820965082753 -10.403820965082753 -10.403820965082753 -10.403820965082753 -10.403820965082753 -10.403820965082753 -10.403820965082753 -10.403820965082753 -10.403820965082753 -10.403820965082753 -10.403820965082753 -10.403820965082753 -10.403820965082753 -10.403820965082753 -10.403820965082753 -10.403820965082753 -10.403820965082753 -10.403820965082753 -10.403820965082753 -10.403820965082753 -10.403820965082753
7.537688442211055 -10.322762879592968 -10.322762879592968 -10.322762879592968 -10.322762879592968 -10.322762879592968 -10.322762879592968 -10.322762879592968 -10.322762879592968 -10.322762879592968 -10.322762879592968 -10.322762879592968 -10.322762879592968 -10.322762879592968 -10.322762879592968 -10.322762879592968 -10.322762879592968 -10.322762879592968 -10.322762879592968 -10.322762879592968 -10.322762879592968 -10.322762879592968 -10.322762879592968 -10.322762879592968 -10.322762879592968 -10.322762879592968 -10.322762879592968 -10.322762879592968 -10.322762879592968 -10.322762879592968
7.613065326633166 -10.241704794103184 -10.241704794103184 -10.241704794103184 -10.241704794103184 -10.241704794103184 -10.241704794103184 -10.241704794103184 -10.241704794103184 -10.241704794103184 -10.241704794103184 -10.241704794103184 -10.241704794103184 -10.241704794103184 -10.241704794103184 -10.241704794103184 -10.241704794103184 -10.241704794103184 -10.241704794103184 -10.241704794103184 -10.241704794103184 -10.241704794103184 -10.241704794103184 -10.241704794103184 -10.241704794103184 -10.241704794103184 -10.241704794103184 -10.241704794103184 -10.241704794103184 -10.241704794103184
7.688442211055276 -10.160646708613399 -10.160646708613399 -10.160646708613399 -10.160646708613399 -10.160646708613399 -10.160646708613399 -10.160646708613399 -10.160646708613399 -10.160646708613399 -10.160646708613399 -10.160646708613399 -10.160646708613399 -10.160646708613399 -10.160646708613399 -10.160646708613399 -10.160646708613399 -10.160646708613399 -10.160646708613399 -10.160646708613399 -10.160646708613399 -10.160646708613399 -10.160646708613399 -10.160646708613399 -10.160646708613399 -10.160646708613399 -10.160646708613399 -10.160646708613399 -10.160646708613399 -10.160646708613399
7.763819095477386 -10.079588623123614 -10.079588623123614 -10.079588623123614 -10.079588623123614 -10.079588623123614 -10.079588623123614 -10.079588623123614 -10.079588623123614 -10.079588623123614 -10.079588623123614 -10.079588623123614 -10.079588623123614 -10.079588623123614 -10.079588623123614 -10.079588623123614 -10.079588623123614 -10.079588623123614 -10.079588623123614 -10.079588623123614 -10.079588623123614 -10.079588623123614 -10.079588623123614 -10.079588623123614 -10.079588623123614 -10.079588623123614 -10.079588623123614 -10.079588623123614 -10.079588623123614 -10.079588623123614
7.839195979899497 -9.99853053763383 -9.99853053763383 -9.99853053763383 -9.99853053763383 -9.99853053763383 -9.99853053763383 -9.99853053763383 -9.99853053763383 -9.99853053763383 -9.99853053763383 -9.99853053763383 -9.99853053763383 -9.99853053763383 -9.99853053763383 -9.99853053763383 -9.99853053763383 -9.99853053763383 -9.99853053763383 -9.99853053763383 -9.99853053763383 -9.99853053763383 -9.99853053763383 -9.99853053763383 -9.99853053763383 -9.99853053763383 -9.99853053763383 -9.99853053763383 -9.99853053763383 -9.99853053763383
7.914572864321608 -9.917472452144045 -9.917472452144045 -9.917472452144045 -9.917472452144045 -9.917472452144045 -9.917472452144045 -9.917472452144045 -9.917472452144045 -9.917472452144045 -9.917472452144045 -9.917472452144045 -9.917472452144045 -9.917472452144045 -9.917472452144045 -9.917472452144045 -9.917472452144045 -9.917472452144045 -9.917472452144045 -9.917472452144045 -9.917472452144045 -9.917472452144045 -9.917472452144045 -9.917472452144045 -9.917472452144045 -9.917472452144045 -9.917472452144045 -9.917472452144045 -9.917472452144045 -9.917472452144045
7.989949748743718 -9.83641436665426 -9.83641436665426 -9.83641436665426 -9.83641436665426 -9.83641436665426 -9.83641436665426 -9.83641436665426 -9.83641436665426 -9.83641436665426 -9.83641436665426 -9.83641436665426 -9.83641436665426 -9.83641436665426 -9.83641436665426 -9.83641436665426 -9.83641436665426 -9.83641436665426 -9.83641436665426 -9.83641436665426 -9.83641436665426 -9.83641436665426 -9.83641436665426 -9.83641436665426 -9.83641436665426 -9.83641436665426 -9.83641436665426 -9.83641436665426 -9.83641436665426 -9.83641436665426
8.065326633165828 -9.755356281164476 -9.755356281164476 -9.755356281164476 -9.755356281164476 -9.755356281164476 -9.755356281164476 -9.755356281164476 -9.755356281164476 -9.755356281164476 -9.755356281164476 -9.755356281164476 -9.755356281164476 -9.755356281164476 -9.755356281164476 -9.755356281164476 -9.755356281164476 -9.755356281164476 -9.755356281164476 -9.755356281164476 -9.755356281164476 -9.755356281164476 -9.755356281164476 -9.755356281164476 -9.755356281164476 -9.755356281164476 -9.755356281164476 -9.755356281164476 -9.755356281164476 -9.755356281164476
