web/models/linear/18/-13_469_1_075.dat
# %ECSV 1.0
# ---
# datatype:
# - {name: time, datatype: float64}
# - {name: swift_uvot_uvw2, datatype: float64}
# - {name: swift_uvot_uvm2, datatype: float64}
# - {name: swift_uvot_uvw1, datatype: float64}
# - {name: swift_uvot_U, datatype: float64}
# - {name: swift_uvot_B, datatype: float64}
# - {name: swift_uvot_V, datatype: float64}
# - {name: swift_uvot_W, datatype: float64}
# - {name: johnson_U, datatype: float64}
# - {name: johnson_B, datatype: float64}
# - {name: johnson_V, datatype: float64}
# - {name: johnson_R, datatype: float64}
# - {name: johnson_I, datatype: float64}
# - {name: sdss_u, datatype: float64}
# - {name: sdss_g, datatype: float64}
# - {name: sdss_r, datatype: float64}
# - {name: sdss_i, datatype: float64}
# - {name: sdss_z, datatype: float64}
# - {name: PS1_g, datatype: float64}
# - {name: PS1_r, datatype: float64}
# - {name: PS1_i, datatype: float64}
# - {name: PS1_z, datatype: float64}
# - {name: PS1_Y, datatype: float64}
# - {name: PS1_w, datatype: float64}
# - {name: ATLAS_c, datatype: float64}
# - {name: ATLAS_o, datatype: float64}
# - {name: ukirt_J, datatype: float64}
# - {name: ukirt_H, datatype: float64}
# - {name: ukirt_K, datatype: float64}
# - {name: Clear, datatype: float64}
# meta: !!omap
# - comment: [M=-13.46938775510204, dM=1.0753706008311428]
# schema: astropy-2.0
time swift_uvot_uvw2 swift_uvot_uvm2 swift_uvot_uvw1 swift_uvot_U swift_uvot_B swift_uvot_V swift_uvot_W johnson_U johnson_B johnson_V johnson_R johnson_I sdss_u sdss_g sdss_r sdss_i sdss_z PS1_g PS1_r PS1_i PS1_z PS1_Y PS1_w ATLAS_c ATLAS_o ukirt_J ukirt_H ukirt_K Clear
[from data line 139]
10.477386934673365 -2.2023138720219784 -2.2023138720219784 -2.2023138720219784 -2.2023138720219784 -2.2023138720219784 -2.2023138720219784 -2.2023138720219784 -2.2023138720219784 -2.2023138720219784 -2.2023138720219784 -2.2023138720219784 -2.2023138720219784 -2.2023138720219784 -2.2023138720219784 -2.2023138720219784 -2.2023138720219784 -2.2023138720219784 -2.2023138720219784 -2.2023138720219784 -2.2023138720219784 -2.2023138720219784 -2.2023138720219784 -2.2023138720219784 -2.2023138720219784 -2.2023138720219784 -2.2023138720219784 -2.2023138720219784 -2.2023138720219784 -2.2023138720219784
10.552763819095476 -2.1212557865321937 -2.1212557865321937 -2.1212557865321937 -2.1212557865321937 -2.1212557865321937 -2.1212557865321937 -2.1212557865321937 -2.1212557865321937 -2.1212557865321937 -2.1212557865321937 -2.1212557865321937 -2.1212557865321937 -2.1212557865321937 -2.1212557865321937 -2.1212557865321937 -2.1212557865321937 -2.1212557865321937 -2.1212557865321937 -2.1212557865321937 -2.1212557865321937 -2.1212557865321937 -2.1212557865321937 -2.1212557865321937 -2.1212557865321937 -2.1212557865321937 -2.1212557865321937 -2.1212557865321937 -2.1212557865321937 -2.1212557865321937
10.628140703517587 -2.040197701042409 -2.040197701042409 -2.040197701042409 -2.040197701042409 -2.040197701042409 -2.040197701042409 -2.040197701042409 -2.040197701042409 -2.040197701042409 -2.040197701042409 -2.040197701042409 -2.040197701042409 -2.040197701042409 -2.040197701042409 -2.040197701042409 -2.040197701042409 -2.040197701042409 -2.040197701042409 -2.040197701042409 -2.040197701042409 -2.040197701042409 -2.040197701042409 -2.040197701042409 -2.040197701042409 -2.040197701042409 -2.040197701042409 -2.040197701042409 -2.040197701042409 -2.040197701042409
10.703517587939697 -1.9591396155526244 -1.9591396155526244 -1.9591396155526244 -1.9591396155526244 -1.9591396155526244 -1.9591396155526244 -1.9591396155526244 -1.9591396155526244 -1.9591396155526244 -1.9591396155526244 -1.9591396155526244 -1.9591396155526244 -1.9591396155526244 -1.9591396155526244 -1.9591396155526244 -1.9591396155526244 -1.9591396155526244 -1.9591396155526244 -1.9591396155526244 -1.9591396155526244 -1.9591396155526244 -1.9591396155526244 -1.9591396155526244 -1.9591396155526244 -1.9591396155526244 -1.9591396155526244 -1.9591396155526244 -1.9591396155526244 -1.9591396155526244
10.778894472361808 -1.8780815300628397 -1.8780815300628397 -1.8780815300628397 -1.8780815300628397 -1.8780815300628397 -1.8780815300628397 -1.8780815300628397 -1.8780815300628397 -1.8780815300628397 -1.8780815300628397 -1.8780815300628397 -1.8780815300628397 -1.8780815300628397 -1.8780815300628397 -1.8780815300628397 -1.8780815300628397 -1.8780815300628397 -1.8780815300628397 -1.8780815300628397 -1.8780815300628397 -1.8780815300628397 -1.8780815300628397 -1.8780815300628397 -1.8780815300628397 -1.8780815300628397 -1.8780815300628397 -1.8780815300628397 -1.8780815300628397 -1.8780815300628397
10.854271356783919 -1.797023444573055 -1.797023444573055 -1.797023444573055 -1.797023444573055 -1.797023444573055 -1.797023444573055 -1.797023444573055 -1.797023444573055 -1.797023444573055 -1.797023444573055 -1.797023444573055 -1.797023444573055 -1.797023444573055 -1.797023444573055 -1.797023444573055 -1.797023444573055 -1.797023444573055 -1.797023444573055 -1.797023444573055 -1.797023444573055 -1.797023444573055 -1.797023444573055 -1.797023444573055 -1.797023444573055 -1.797023444573055 -1.797023444573055 -1.797023444573055 -1.797023444573055 -1.797023444573055
10.92964824120603 -1.7159653590832704 -1.7159653590832704 -1.7159653590832704 -1.7159653590832704 -1.7159653590832704 -1.7159653590832704 -1.7159653590832704 -1.7159653590832704 -1.7159653590832704 -1.7159653590832704 -1.7159653590832704 -1.7159653590832704 -1.7159653590832704 -1.7159653590832704 -1.7159653590832704 -1.7159653590832704 -1.7159653590832704 -1.7159653590832704 -1.7159653590832704 -1.7159653590832704 -1.7159653590832704 -1.7159653590832704 -1.7159653590832704 -1.7159653590832704 -1.7159653590832704 -1.7159653590832704 -1.7159653590832704 -1.7159653590832704 -1.7159653590832704
11.00502512562814 -1.634907273593484 -1.634907273593484 -1.634907273593484 -1.634907273593484 -1.634907273593484 -1.634907273593484 -1.634907273593484 -1.634907273593484 -1.634907273593484 -1.634907273593484 -1.634907273593484 -1.634907273593484 -1.634907273593484 -1.634907273593484 -1.634907273593484 -1.634907273593484 -1.634907273593484 -1.634907273593484 -1.634907273593484 -1.634907273593484 -1.634907273593484 -1.634907273593484 -1.634907273593484 -1.634907273593484 -1.634907273593484 -1.634907273593484 -1.634907273593484 -1.634907273593484 -1.634907273593484
11.08040201005025 -1.553849188103701 -1.553849188103701 -1.553849188103701 -1.553849188103701 -1.553849188103701 -1.553849188103701 -1.553849188103701 -1.553849188103701 -1.553849188103701 -1.553849188103701 -1.553849188103701 -1.553849188103701 -1.553849188103701 -1.553849188103701 -1.553849188103701 -1.553849188103701 -1.553849188103701 -1.553849188103701 -1.553849188103701 -1.553849188103701 -1.553849188103701 -1.553849188103701 -1.553849188103701 -1.553849188103701 -1.553849188103701 -1.553849188103701 -1.553849188103701 -1.553849188103701 -1.553849188103701
11.15577889447236 -1.4727911026139164 -1.4727911026139164 -1.4727911026139164 -1.4727911026139164 -1.4727911026139164 -1.4727911026139164 -1.4727911026139164 -1.4727911026139164 -1.4727911026139164 -1.4727911026139164 -1.4727911026139164 -1.4727911026139164 -1.4727911026139164 -1.4727911026139164 -1.4727911026139164 -1.4727911026139164 -1.4727911026139164 -1.4727911026139164 -1.4727911026139164 -1.4727911026139164 -1.4727911026139164 -1.4727911026139164 -1.4727911026139164 -1.4727911026139164 -1.4727911026139164 -1.4727911026139164 -1.4727911026139164 -1.4727911026139164 -1.4727911026139164
11.231155778894472 -1.3917330171241318 -1.3917330171241318 -1.3917330171241318 -1.3917330171241318 -1.3917330171241318 -1.3917330171241318 -1.3917330171241318 -1.3917330171241318 -1.3917330171241318 -1.3917330171241318 -1.3917330171241318 -1.3917330171241318 -1.3917330171241318 -1.3917330171241318 -1.3917330171241318 -1.3917330171241318 -1.3917330171241318 -1.3917330171241318 -1.3917330171241318 -1.3917330171241318 -1.3917330171241318 -1.3917330171241318 -1.3917330171241318 -1.3917330171241318 -1.3917330171241318 -1.3917330171241318 -1.3917330171241318 -1.3917330171241318 -1.3917330171241318
11.306532663316581 -1.310674931634349 -1.310674931634349 -1.310674931634349 -1.310674931634349 -1.310674931634349 -1.310674931634349 -1.310674931634349 -1.310674931634349 -1.310674931634349 -1.310674931634349 -1.310674931634349 -1.310674931634349 -1.310674931634349 -1.310674931634349 -1.310674931634349 -1.310674931634349 -1.310674931634349 -1.310674931634349 -1.310674931634349 -1.310674931634349 -1.310674931634349 -1.310674931634349 -1.310674931634349 -1.310674931634349 -1.310674931634349 -1.310674931634349 -1.310674931634349 -1.310674931634349 -1.310674931634349
11.381909547738692 -1.2296168461445625 -1.2296168461445625 -1.2296168461445625 -1.2296168461445625 -1.2296168461445625 -1.2296168461445625 -1.2296168461445625 -1.2296168461445625 -1.2296168461445625 -1.2296168461445625 -1.2296168461445625 -1.2296168461445625 -1.2296168461445625 -1.2296168461445625 -1.2296168461445625 -1.2296168461445625 -1.2296168461445625 -1.2296168461445625 -1.2296168461445625 -1.2296168461445625 -1.2296168461445625 -1.2296168461445625 -1.2296168461445625 -1.2296168461445625 -1.2296168461445625 -1.2296168461445625 -1.2296168461445625 -1.2296168461445625 -1.2296168461445625
11.457286432160803 -1.1485587606547778 -1.1485587606547778 -1.1485587606547778 -1.1485587606547778 -1.1485587606547778 -1.1485587606547778 -1.1485587606547778 -1.1485587606547778 -1.1485587606547778 -1.1485587606547778 -1.1485587606547778 -1.1485587606547778 -1.1485587606547778 -1.1485587606547778 -1.1485587606547778 -1.1485587606547778 -1.1485587606547778 -1.1485587606547778 -1.1485587606547778 -1.1485587606547778 -1.1485587606547778 -1.1485587606547778 -1.1485587606547778 -1.1485587606547778 -1.1485587606547778 -1.1485587606547778 -1.1485587606547778 -1.1485587606547778 -1.1485587606547778
11.532663316582914 -1.0675006751649931 -1.0675006751649931 -1.0675006751649931 -1.0675006751649931 -1.0675006751649931 -1.0675006751649931 -1.0675006751649931 -1.0675006751649931 -1.0675006751649931 -1.0675006751649931 -1.0675006751649931 -1.0675006751649931 -1.0675006751649931 -1.0675006751649931 -1.0675006751649931 -1.0675006751649931 -1.0675006751649931 -1.0675006751649931 -1.0675006751649931 -1.0675006751649931 -1.0675006751649931 -1.0675006751649931 -1.0675006751649931 -1.0675006751649931 -1.0675006751649931 -1.0675006751649931 -1.0675006751649931 -1.0675006751649931 -1.0675006751649931
11.608040201005025 -0.9864425896752085 -0.9864425896752085 -0.9864425896752085 -0.9864425896752085 -0.9864425896752085 -0.9864425896752085 -0.9864425896752085 -0.9864425896752085 -0.9864425896752085 -0.9864425896752085 -0.9864425896752085 -0.9864425896752085 -0.9864425896752085 -0.9864425896752085 -0.9864425896752085 -0.9864425896752085 -0.9864425896752085 -0.9864425896752085 -0.9864425896752085 -0.9864425896752085 -0.9864425896752085 -0.9864425896752085 -0.9864425896752085 -0.9864425896752085 -0.9864425896752085 -0.9864425896752085 -0.9864425896752085 -0.9864425896752085 -0.9864425896752085
11.683417085427134 -0.9053845041854238 -0.9053845041854238 -0.9053845041854238 -0.9053845041854238 -0.9053845041854238 -0.9053845041854238 -0.9053845041854238 -0.9053845041854238 -0.9053845041854238 -0.9053845041854238 -0.9053845041854238 -0.9053845041854238 -0.9053845041854238 -0.9053845041854238 -0.9053845041854238 -0.9053845041854238 -0.9053845041854238 -0.9053845041854238 -0.9053845041854238 -0.9053845041854238 -0.9053845041854238 -0.9053845041854238 -0.9053845041854238 -0.9053845041854238 -0.9053845041854238 -0.9053845041854238 -0.9053845041854238 -0.9053845041854238 -0.9053845041854238
11.758793969849245 -0.8243264186956392 -0.8243264186956392 -0.8243264186956392 -0.8243264186956392 -0.8243264186956392 -0.8243264186956392 -0.8243264186956392 -0.8243264186956392 -0.8243264186956392 -0.8243264186956392 -0.8243264186956392 -0.8243264186956392 -0.8243264186956392 -0.8243264186956392 -0.8243264186956392 -0.8243264186956392 -0.8243264186956392 -0.8243264186956392 -0.8243264186956392 -0.8243264186956392 -0.8243264186956392 -0.8243264186956392 -0.8243264186956392 -0.8243264186956392 -0.8243264186956392 -0.8243264186956392 -0.8243264186956392 -0.8243264186956392 -0.8243264186956392
11.834170854271356 -0.7432683332058545 -0.7432683332058545 -0.7432683332058545 -0.7432683332058545 -0.7432683332058545 -0.7432683332058545 -0.7432683332058545 -0.7432683332058545 -0.7432683332058545 -0.7432683332058545 -0.7432683332058545 -0.7432683332058545 -0.7432683332058545 -0.7432683332058545 -0.7432683332058545 -0.7432683332058545 -0.7432683332058545 -0.7432683332058545 -0.7432683332058545 -0.7432683332058545 -0.7432683332058545 -0.7432683332058545 -0.7432683332058545 -0.7432683332058545 -0.7432683332058545 -0.7432683332058545 -0.7432683332058545 -0.7432683332058545 -0.7432683332058545
11.909547738693465 -0.6622102477160716 -0.6622102477160716 -0.6622102477160716 -0.6622102477160716 -0.6622102477160716 -0.6622102477160716 -0.6622102477160716 -0.6622102477160716 -0.6622102477160716 -0.6622102477160716 -0.6622102477160716 -0.6622102477160716 -0.6622102477160716 -0.6622102477160716 -0.6622102477160716 -0.6622102477160716 -0.6622102477160716 -0.6622102477160716 -0.6622102477160716 -0.6622102477160716 -0.6622102477160716 -0.6622102477160716 -0.6622102477160716 -0.6622102477160716 -0.6622102477160716 -0.6622102477160716 -0.6622102477160716 -0.6622102477160716 -0.6622102477160716
11.984924623115576 -0.5811521622262852 -0.5811521622262852 -0.5811521622262852 -0.5811521622262852 -0.5811521622262852 -0.5811521622262852 -0.5811521622262852 -0.5811521622262852 -0.5811521622262852 -0.5811521622262852 -0.5811521622262852 -0.5811521622262852 -0.5811521622262852 -0.5811521622262852 -0.5811521622262852 -0.5811521622262852 -0.5811521622262852 -0.5811521622262852 -0.5811521622262852 -0.5811521622262852 -0.5811521622262852 -0.5811521622262852 -0.5811521622262852 -0.5811521622262852 -0.5811521622262852 -0.5811521622262852 -0.5811521622262852 -0.5811521622262852 -0.5811521622262852
12.060301507537687 -0.5000940767365005 -0.5000940767365005 -0.5000940767365005 -0.5000940767365005 -0.5000940767365005 -0.5000940767365005 -0.5000940767365005 -0.5000940767365005 -0.5000940767365005 -0.5000940767365005 -0.5000940767365005 -0.5000940767365005 -0.5000940767365005 -0.5000940767365005 -0.5000940767365005 -0.5000940767365005 -0.5000940767365005 -0.5000940767365005 -0.5000940767365005 -0.5000940767365005 -0.5000940767365005 -0.5000940767365005 -0.5000940767365005 -0.5000940767365005 -0.5000940767365005 -0.5000940767365005 -0.5000940767365005 -0.5000940767365005 -0.5000940767365005
12.135678391959798 -0.41903599124671587 -0.41903599124671587 -0.41903599124671587 -0.41903599124671587 -0.41903599124671587 -0.41903599124671587 -0.41903599124671587 -0.41903599124671587 -0.41903599124671587 -0.41903599124671587 -0.41903599124671587 -0.41903599124671587 -0.41903599124671587 -0.41903599124671587 -0.41903599124671587 -0.41903599124671587 -0.41903599124671587 -0.41903599124671587 -0.41903599124671587 -0.41903599124671587 -0.41903599124671587 -0.41903599124671587 -0.41903599124671587 -0.41903599124671587 -0.41903599124671587 -0.41903599124671587 -0.41903599124671587 -0.41903599124671587 -0.41903599124671587
12.21105527638191 -0.3379779057569312 -0.3379779057569312 -0.3379779057569312 -0.3379779057569312 -0.3379779057569312 -0.3379779057569312 -0.3379779057569312 -0.3379779057569312 -0.3379779057569312 -0.3379779057569312 -0.3379779057569312 -0.3379779057569312 -0.3379779057569312 -0.3379779057569312 -0.3379779057569312 -0.3379779057569312 -0.3379779057569312 -0.3379779057569312 -0.3379779057569312 -0.3379779057569312 -0.3379779057569312 -0.3379779057569312 -0.3379779057569312 -0.3379779057569312 -0.3379779057569312 -0.3379779057569312 -0.3379779057569312 -0.3379779057569312 -0.3379779057569312
12.286432160804019 -0.25691982026714655 -0.25691982026714655 -0.25691982026714655 -0.25691982026714655 -0.25691982026714655 -0.25691982026714655 -0.25691982026714655 -0.25691982026714655 -0.25691982026714655 -0.25691982026714655 -0.25691982026714655 -0.25691982026714655 -0.25691982026714655 -0.25691982026714655 -0.25691982026714655 -0.25691982026714655 -0.25691982026714655 -0.25691982026714655 -0.25691982026714655 -0.25691982026714655 -0.25691982026714655 -0.25691982026714655 -0.25691982026714655 -0.25691982026714655 -0.25691982026714655 -0.25691982026714655 -0.25691982026714655 -0.25691982026714655 -0.25691982026714655
12.36180904522613 -0.1758617347773619 -0.1758617347773619 -0.1758617347773619 -0.1758617347773619 -0.1758617347773619 -0.1758617347773619 -0.1758617347773619 -0.1758617347773619 -0.1758617347773619 -0.1758617347773619 -0.1758617347773619 -0.1758617347773619 -0.1758617347773619 -0.1758617347773619 -0.1758617347773619 -0.1758617347773619 -0.1758617347773619 -0.1758617347773619 -0.1758617347773619 -0.1758617347773619 -0.1758617347773619 -0.1758617347773619 -0.1758617347773619 -0.1758617347773619 -0.1758617347773619 -0.1758617347773619 -0.1758617347773619 -0.1758617347773619 -0.1758617347773619
