web/models/linear/18/-13_469_0_921.dat
# %ECSV 1.0
# ---
# datatype:
# - {name: time, datatype: float64}
# - {name: sdss_u, datatype: float64}
# - {name: sdss_g, datatype: float64}
# - {name: sdss_r, datatype: float64}
# - {name: sdss_i, datatype: float64}
# - {name: sdss_z, datatype: float64}
# - {name: Clear, datatype: float64}
# - {name: johnson_B, datatype: float64}
# - {name: johnson_V, datatype: float64}
# - {name: johnson_R, datatype: float64}
# - {name: johnson_I, datatype: float64}
# - {name: ukirt_J, datatype: float64}
# - {name: ukirt_H, datatype: float64}
# - {name: ukirt_K, datatype: float64}
# meta: !!omap
# - comment: [M=-13.46938775510204, dM=0.9208527728773267]
# schema: astropy-2.0
time sdss_u sdss_g sdss_r sdss_i sdss_z Clear johnson_B johnson_V johnson_R johnson_I ukirt_J ukirt_H ukirt_K
[from data line 179]
13.492462311557787 -1.0448164225612278 -1.0448164225612278 -1.0448164225612278 -1.0448164225612278 -1.0448164225612278 -1.0448164225612278 -1.0448164225612278 -1.0448164225612278 -1.0448164225612278 -1.0448164225612278 -1.0448164225612278 -1.0448164225612278 -1.0448164225612278
13.567839195979898 -0.9754054095302731 -0.9754054095302731 -0.9754054095302731 -0.9754054095302731 -0.9754054095302731 -0.9754054095302731 -0.9754054095302731 -0.9754054095302731 -0.9754054095302731 -0.9754054095302731 -0.9754054095302731 -0.9754054095302731 -0.9754054095302731
13.64321608040201 -0.9059943964993185 -0.9059943964993185 -0.9059943964993185 -0.9059943964993185 -0.9059943964993185 -0.9059943964993185 -0.9059943964993185 -0.9059943964993185 -0.9059943964993185 -0.9059943964993185 -0.9059943964993185 -0.9059943964993185 -0.9059943964993185
13.718592964824118 -0.8365833834683656 -0.8365833834683656 -0.8365833834683656 -0.8365833834683656 -0.8365833834683656 -0.8365833834683656 -0.8365833834683656 -0.8365833834683656 -0.8365833834683656 -0.8365833834683656 -0.8365833834683656 -0.8365833834683656 -0.8365833834683656
13.79396984924623 -0.7671723704374109 -0.7671723704374109 -0.7671723704374109 -0.7671723704374109 -0.7671723704374109 -0.7671723704374109 -0.7671723704374109 -0.7671723704374109 -0.7671723704374109 -0.7671723704374109 -0.7671723704374109 -0.7671723704374109 -0.7671723704374109
13.86934673366834 -0.6977613574064563 -0.6977613574064563 -0.6977613574064563 -0.6977613574064563 -0.6977613574064563 -0.6977613574064563 -0.6977613574064563 -0.6977613574064563 -0.6977613574064563 -0.6977613574064563 -0.6977613574064563 -0.6977613574064563 -0.6977613574064563
13.944723618090451 -0.6283503443755016 -0.6283503443755016 -0.6283503443755016 -0.6283503443755016 -0.6283503443755016 -0.6283503443755016 -0.6283503443755016 -0.6283503443755016 -0.6283503443755016 -0.6283503443755016 -0.6283503443755016 -0.6283503443755016 -0.6283503443755016
14.020100502512562 -0.5589393313445452 -0.5589393313445452 -0.5589393313445452 -0.5589393313445452 -0.5589393313445452 -0.5589393313445452 -0.5589393313445452 -0.5589393313445452 -0.5589393313445452 -0.5589393313445452 -0.5589393313445452 -0.5589393313445452 -0.5589393313445452
14.095477386934672 -0.48952831831359234 -0.48952831831359234 -0.48952831831359234 -0.48952831831359234 -0.48952831831359234 -0.48952831831359234 -0.48952831831359234 -0.48952831831359234 -0.48952831831359234 -0.48952831831359234 -0.48952831831359234 -0.48952831831359234 -0.48952831831359234
14.170854271356783 -0.4201173052826377 -0.4201173052826377 -0.4201173052826377 -0.4201173052826377 -0.4201173052826377 -0.4201173052826377 -0.4201173052826377 -0.4201173052826377 -0.4201173052826377 -0.4201173052826377 -0.4201173052826377 -0.4201173052826377 -0.4201173052826377
14.246231155778894 -0.35070629225168304 -0.35070629225168304 -0.35070629225168304 -0.35070629225168304 -0.35070629225168304 -0.35070629225168304 -0.35070629225168304 -0.35070629225168304 -0.35070629225168304 -0.35070629225168304 -0.35070629225168304 -0.35070629225168304 -0.35070629225168304
14.321608040201003 -0.28129527922073017 -0.28129527922073017 -0.28129527922073017 -0.28129527922073017 -0.28129527922073017 -0.28129527922073017 -0.28129527922073017 -0.28129527922073017 -0.28129527922073017 -0.28129527922073017 -0.28129527922073017 -0.28129527922073017 -0.28129527922073017
14.396984924623114 -0.21188426618977552 -0.21188426618977552 -0.21188426618977552 -0.21188426618977552 -0.21188426618977552 -0.21188426618977552 -0.21188426618977552 -0.21188426618977552 -0.21188426618977552 -0.21188426618977552 -0.21188426618977552 -0.21188426618977552 -0.21188426618977552
14.472361809045225 -0.14247325315882087 -0.14247325315882087 -0.14247325315882087 -0.14247325315882087 -0.14247325315882087 -0.14247325315882087 -0.14247325315882087 -0.14247325315882087 -0.14247325315882087 -0.14247325315882087 -0.14247325315882087 -0.14247325315882087 -0.14247325315882087
14.547738693467336 -0.07306224012786622 -0.07306224012786622 -0.07306224012786622 -0.07306224012786622 -0.07306224012786622 -0.07306224012786622 -0.07306224012786622 -0.07306224012786622 -0.07306224012786622 -0.07306224012786622 -0.07306224012786622 -0.07306224012786622 -0.07306224012786622
14.623115577889447 -0.003651227096911569 -0.003651227096911569 -0.003651227096911569 -0.003651227096911569 -0.003651227096911569 -0.003651227096911569 -0.003651227096911569 -0.003651227096911569 -0.003651227096911569 -0.003651227096911569 -0.003651227096911569 -0.003651227096911569 -0.003651227096911569
14.698492462311556 0.0657597859340413 0.0657597859340413 0.0657597859340413 0.0657597859340413 0.0657597859340413 0.0657597859340413 0.0657597859340413 0.0657597859340413 0.0657597859340413 0.0657597859340413 0.0657597859340413 0.0657597859340413 0.0657597859340413
14.773869346733667 0.13517079896499595 0.13517079896499595 0.13517079896499595 0.13517079896499595 0.13517079896499595 0.13517079896499595 0.13517079896499595 0.13517079896499595 0.13517079896499595 0.13517079896499595 0.13517079896499595 0.13517079896499595 0.13517079896499595
14.849246231155778 0.2045818119959506 0.2045818119959506 0.2045818119959506 0.2045818119959506 0.2045818119959506 0.2045818119959506 0.2045818119959506 0.2045818119959506 0.2045818119959506 0.2045818119959506 0.2045818119959506 0.2045818119959506 0.2045818119959506
14.924623115577887 0.2739928250269035 0.2739928250269035 0.2739928250269035 0.2739928250269035 0.2739928250269035 0.2739928250269035 0.2739928250269035 0.2739928250269035 0.2739928250269035 0.2739928250269035 0.2739928250269035 0.2739928250269035 0.2739928250269035
15.0 0.3434038380578599 0.3434038380578599 0.3434038380578599 0.3434038380578599 0.3434038380578599 0.3434038380578599 0.3434038380578599 0.3434038380578599 0.3434038380578599 0.3434038380578599 0.3434038380578599 0.3434038380578599 0.3434038380578599
