web/models/linear/18/-13_469_1_713.dat
# %ECSV 1.0
# ---
# datatype:
# - {name: time, datatype: float64}
# - {name: swift_uvot_uvw2, datatype: float64}
# - {name: swift_uvot_uvm2, datatype: float64}
# - {name: swift_uvot_uvw1, datatype: float64}
# - {name: swift_uvot_U, datatype: float64}
# - {name: swift_uvot_B, datatype: float64}
# - {name: swift_uvot_V, datatype: float64}
# - {name: swift_uvot_W, datatype: float64}
# - {name: johnson_U, datatype: float64}
# - {name: johnson_B, datatype: float64}
# - {name: johnson_V, datatype: float64}
# - {name: johnson_R, datatype: float64}
# - {name: johnson_I, datatype: float64}
# - {name: sdss_u, datatype: float64}
# - {name: sdss_g, datatype: float64}
# - {name: sdss_r, datatype: float64}
# - {name: sdss_i, datatype: float64}
# - {name: sdss_z, datatype: float64}
# - {name: PS1_g, datatype: float64}
# - {name: PS1_r, datatype: float64}
# - {name: PS1_i, datatype: float64}
# - {name: PS1_z, datatype: float64}
# - {name: PS1_Y, datatype: float64}
# - {name: PS1_w, datatype: float64}
# - {name: ATLAS_c, datatype: float64}
# - {name: ATLAS_o, datatype: float64}
# - {name: ukirt_J, datatype: float64}
# - {name: ukirt_H, datatype: float64}
# - {name: ukirt_K, datatype: float64}
# - {name: Clear, datatype: float64}
# meta: !!omap
# - comment: [M=-13.46938775510204, dM=1.7126240426614048]
# schema: astropy-2.0
time swift_uvot_uvw2 swift_uvot_uvm2 swift_uvot_uvw1 swift_uvot_U swift_uvot_B swift_uvot_V swift_uvot_W johnson_U johnson_B johnson_V johnson_R johnson_I sdss_u sdss_g sdss_r sdss_i sdss_z PS1_g PS1_r PS1_i PS1_z PS1_Y PS1_w ATLAS_c ATLAS_o ukirt_J ukirt_H ukirt_K Clear
[from data line 84]
6.331658291457286 -2.6256375352358603 -2.6256375352358603 -2.6256375352358603 -2.6256375352358603 -2.6256375352358603 -2.6256375352358603 -2.6256375352358603 -2.6256375352358603 -2.6256375352358603 -2.6256375352358603 -2.6256375352358603 -2.6256375352358603 -2.6256375352358603 -2.6256375352358603 -2.6256375352358603 -2.6256375352358603 -2.6256375352358603 -2.6256375352358603 -2.6256375352358603 -2.6256375352358603 -2.6256375352358603 -2.6256375352358603 -2.6256375352358603 -2.6256375352358603 -2.6256375352358603 -2.6256375352358603 -2.6256375352358603 -2.6256375352358603 -2.6256375352358603
6.407035175879397 -2.496545270713643 -2.496545270713643 -2.496545270713643 -2.496545270713643 -2.496545270713643 -2.496545270713643 -2.496545270713643 -2.496545270713643 -2.496545270713643 -2.496545270713643 -2.496545270713643 -2.496545270713643 -2.496545270713643 -2.496545270713643 -2.496545270713643 -2.496545270713643 -2.496545270713643 -2.496545270713643 -2.496545270713643 -2.496545270713643 -2.496545270713643 -2.496545270713643 -2.496545270713643 -2.496545270713643 -2.496545270713643 -2.496545270713643 -2.496545270713643 -2.496545270713643 -2.496545270713643
6.482412060301507 -2.367453006191427 -2.367453006191427 -2.367453006191427 -2.367453006191427 -2.367453006191427 -2.367453006191427 -2.367453006191427 -2.367453006191427 -2.367453006191427 -2.367453006191427 -2.367453006191427 -2.367453006191427 -2.367453006191427 -2.367453006191427 -2.367453006191427 -2.367453006191427 -2.367453006191427 -2.367453006191427 -2.367453006191427 -2.367453006191427 -2.367453006191427 -2.367453006191427 -2.367453006191427 -2.367453006191427 -2.367453006191427 -2.367453006191427 -2.367453006191427 -2.367453006191427 -2.367453006191427
6.557788944723617 -2.2383607416692115 -2.2383607416692115 -2.2383607416692115 -2.2383607416692115 -2.2383607416692115 -2.2383607416692115 -2.2383607416692115 -2.2383607416692115 -2.2383607416692115 -2.2383607416692115 -2.2383607416692115 -2.2383607416692115 -2.2383607416692115 -2.2383607416692115 -2.2383607416692115 -2.2383607416692115 -2.2383607416692115 -2.2383607416692115 -2.2383607416692115 -2.2383607416692115 -2.2383607416692115 -2.2383607416692115 -2.2383607416692115 -2.2383607416692115 -2.2383607416692115 -2.2383607416692115 -2.2383607416692115 -2.2383607416692115 -2.2383607416692115
6.633165829145728 -2.109268477146994 -2.109268477146994 -2.109268477146994 -2.109268477146994 -2.109268477146994 -2.109268477146994 -2.109268477146994 -2.109268477146994 -2.109268477146994 -2.109268477146994 -2.109268477146994 -2.109268477146994 -2.109268477146994 -2.109268477146994 -2.109268477146994 -2.109268477146994 -2.109268477146994 -2.109268477146994 -2.109268477146994 -2.109268477146994 -2.109268477146994 -2.109268477146994 -2.109268477146994 -2.109268477146994 -2.109268477146994 -2.109268477146994 -2.109268477146994 -2.109268477146994 -2.109268477146994
6.708542713567839 -1.9801762126247784 -1.9801762126247784 -1.9801762126247784 -1.9801762126247784 -1.9801762126247784 -1.9801762126247784 -1.9801762126247784 -1.9801762126247784 -1.9801762126247784 -1.9801762126247784 -1.9801762126247784 -1.9801762126247784 -1.9801762126247784 -1.9801762126247784 -1.9801762126247784 -1.9801762126247784 -1.9801762126247784 -1.9801762126247784 -1.9801762126247784 -1.9801762126247784 -1.9801762126247784 -1.9801762126247784 -1.9801762126247784 -1.9801762126247784 -1.9801762126247784 -1.9801762126247784 -1.9801762126247784 -1.9801762126247784 -1.9801762126247784
6.783919597989949 -1.8510839481025627 -1.8510839481025627 -1.8510839481025627 -1.8510839481025627 -1.8510839481025627 -1.8510839481025627 -1.8510839481025627 -1.8510839481025627 -1.8510839481025627 -1.8510839481025627 -1.8510839481025627 -1.8510839481025627 -1.8510839481025627 -1.8510839481025627 -1.8510839481025627 -1.8510839481025627 -1.8510839481025627 -1.8510839481025627 -1.8510839481025627 -1.8510839481025627 -1.8510839481025627 -1.8510839481025627 -1.8510839481025627 -1.8510839481025627 -1.8510839481025627 -1.8510839481025627 -1.8510839481025627 -1.8510839481025627 -1.8510839481025627
6.859296482412059 -1.721991683580347 -1.721991683580347 -1.721991683580347 -1.721991683580347 -1.721991683580347 -1.721991683580347 -1.721991683580347 -1.721991683580347 -1.721991683580347 -1.721991683580347 -1.721991683580347 -1.721991683580347 -1.721991683580347 -1.721991683580347 -1.721991683580347 -1.721991683580347 -1.721991683580347 -1.721991683580347 -1.721991683580347 -1.721991683580347 -1.721991683580347 -1.721991683580347 -1.721991683580347 -1.721991683580347 -1.721991683580347 -1.721991683580347 -1.721991683580347 -1.721991683580347 -1.721991683580347
6.93467336683417 -1.5928994190581296 -1.5928994190581296 -1.5928994190581296 -1.5928994190581296 -1.5928994190581296 -1.5928994190581296 -1.5928994190581296 -1.5928994190581296 -1.5928994190581296 -1.5928994190581296 -1.5928994190581296 -1.5928994190581296 -1.5928994190581296 -1.5928994190581296 -1.5928994190581296 -1.5928994190581296 -1.5928994190581296 -1.5928994190581296 -1.5928994190581296 -1.5928994190581296 -1.5928994190581296 -1.5928994190581296 -1.5928994190581296 -1.5928994190581296 -1.5928994190581296 -1.5928994190581296 -1.5928994190581296 -1.5928994190581296 -1.5928994190581296
7.010050251256281 -1.4638071545359121 -1.4638071545359121 -1.4638071545359121 -1.4638071545359121 -1.4638071545359121 -1.4638071545359121 -1.4638071545359121 -1.4638071545359121 -1.4638071545359121 -1.4638071545359121 -1.4638071545359121 -1.4638071545359121 -1.4638071545359121 -1.4638071545359121 -1.4638071545359121 -1.4638071545359121 -1.4638071545359121 -1.4638071545359121 -1.4638071545359121 -1.4638071545359121 -1.4638071545359121 -1.4638071545359121 -1.4638071545359121 -1.4638071545359121 -1.4638071545359121 -1.4638071545359121 -1.4638071545359121 -1.4638071545359121 -1.4638071545359121
7.085427135678391 -1.3347148900136965 -1.3347148900136965 -1.3347148900136965 -1.3347148900136965 -1.3347148900136965 -1.3347148900136965 -1.3347148900136965 -1.3347148900136965 -1.3347148900136965 -1.3347148900136965 -1.3347148900136965 -1.3347148900136965 -1.3347148900136965 -1.3347148900136965 -1.3347148900136965 -1.3347148900136965 -1.3347148900136965 -1.3347148900136965 -1.3347148900136965 -1.3347148900136965 -1.3347148900136965 -1.3347148900136965 -1.3347148900136965 -1.3347148900136965 -1.3347148900136965 -1.3347148900136965 -1.3347148900136965 -1.3347148900136965 -1.3347148900136965
7.160804020100501 -1.2056226254914808 -1.2056226254914808 -1.2056226254914808 -1.2056226254914808 -1.2056226254914808 -1.2056226254914808 -1.2056226254914808 -1.2056226254914808 -1.2056226254914808 -1.2056226254914808 -1.2056226254914808 -1.2056226254914808 -1.2056226254914808 -1.2056226254914808 -1.2056226254914808 -1.2056226254914808 -1.2056226254914808 -1.2056226254914808 -1.2056226254914808 -1.2056226254914808 -1.2056226254914808 -1.2056226254914808 -1.2056226254914808 -1.2056226254914808 -1.2056226254914808 -1.2056226254914808 -1.2056226254914808 -1.2056226254914808 -1.2056226254914808
7.236180904522612 -1.0765303609692634 -1.0765303609692634 -1.0765303609692634 -1.0765303609692634 -1.0765303609692634 -1.0765303609692634 -1.0765303609692634 -1.0765303609692634 -1.0765303609692634 -1.0765303609692634 -1.0765303609692634 -1.0765303609692634 -1.0765303609692634 -1.0765303609692634 -1.0765303609692634 -1.0765303609692634 -1.0765303609692634 -1.0765303609692634 -1.0765303609692634 -1.0765303609692634 -1.0765303609692634 -1.0765303609692634 -1.0765303609692634 -1.0765303609692634 -1.0765303609692634 -1.0765303609692634 -1.0765303609692634 -1.0765303609692634 -1.0765303609692634
7.311557788944723 -0.9474380964470459 -0.9474380964470459 -0.9474380964470459 -0.9474380964470459 -0.9474380964470459 -0.9474380964470459 -0.9474380964470459 -0.9474380964470459 -0.9474380964470459 -0.9474380964470459 -0.9474380964470459 -0.9474380964470459 -0.9474380964470459 -0.9474380964470459 -0.9474380964470459 -0.9474380964470459 -0.9474380964470459 -0.9474380964470459 -0.9474380964470459 -0.9474380964470459 -0.9474380964470459 -0.9474380964470459 -0.9474380964470459 -0.9474380964470459 -0.9474380964470459 -0.9474380964470459 -0.9474380964470459 -0.9474380964470459 -0.9474380964470459
7.3869346733668335 -0.8183458319248302 -0.8183458319248302 -0.8183458319248302 -0.8183458319248302 -0.8183458319248302 -0.8183458319248302 -0.8183458319248302 -0.8183458319248302 -0.8183458319248302 -0.8183458319248302 -0.8183458319248302 -0.8183458319248302 -0.8183458319248302 -0.8183458319248302 -0.8183458319248302 -0.8183458319248302 -0.8183458319248302 -0.8183458319248302 -0.8183458319248302 -0.8183458319248302 -0.8183458319248302 -0.8183458319248302 -0.8183458319248302 -0.8183458319248302 -0.8183458319248302 -0.8183458319248302 -0.8183458319248302 -0.8183458319248302 -0.8183458319248302
7.462311557788944 -0.6892535674026146 -0.6892535674026146 -0.6892535674026146 -0.6892535674026146 -0.6892535674026146 -0.6892535674026146 -0.6892535674026146 -0.6892535674026146 -0.6892535674026146 -0.6892535674026146 -0.6892535674026146 -0.6892535674026146 -0.6892535674026146 -0.6892535674026146 -0.6892535674026146 -0.6892535674026146 -0.6892535674026146 -0.6892535674026146 -0.6892535674026146 -0.6892535674026146 -0.6892535674026146 -0.6892535674026146 -0.6892535674026146 -0.6892535674026146 -0.6892535674026146 -0.6892535674026146 -0.6892535674026146 -0.6892535674026146 -0.6892535674026146
7.537688442211055 -0.5601613028803971 -0.5601613028803971 -0.5601613028803971 -0.5601613028803971 -0.5601613028803971 -0.5601613028803971 -0.5601613028803971 -0.5601613028803971 -0.5601613028803971 -0.5601613028803971 -0.5601613028803971 -0.5601613028803971 -0.5601613028803971 -0.5601613028803971 -0.5601613028803971 -0.5601613028803971 -0.5601613028803971 -0.5601613028803971 -0.5601613028803971 -0.5601613028803971 -0.5601613028803971 -0.5601613028803971 -0.5601613028803971 -0.5601613028803971 -0.5601613028803971 -0.5601613028803971 -0.5601613028803971 -0.5601613028803971 -0.5601613028803971
7.613065326633166 -0.43106903835818144 -0.43106903835818144 -0.43106903835818144 -0.43106903835818144 -0.43106903835818144 -0.43106903835818144 -0.43106903835818144 -0.43106903835818144 -0.43106903835818144 -0.43106903835818144 -0.43106903835818144 -0.43106903835818144 -0.43106903835818144 -0.43106903835818144 -0.43106903835818144 -0.43106903835818144 -0.43106903835818144 -0.43106903835818144 -0.43106903835818144 -0.43106903835818144 -0.43106903835818144 -0.43106903835818144 -0.43106903835818144 -0.43106903835818144 -0.43106903835818144 -0.43106903835818144 -0.43106903835818144 -0.43106903835818144 -0.43106903835818144
7.688442211055276 -0.3019767738359658 -0.3019767738359658 -0.3019767738359658 -0.3019767738359658 -0.3019767738359658 -0.3019767738359658 -0.3019767738359658 -0.3019767738359658 -0.3019767738359658 -0.3019767738359658 -0.3019767738359658 -0.3019767738359658 -0.3019767738359658 -0.3019767738359658 -0.3019767738359658 -0.3019767738359658 -0.3019767738359658 -0.3019767738359658 -0.3019767738359658 -0.3019767738359658 -0.3019767738359658 -0.3019767738359658 -0.3019767738359658 -0.3019767738359658 -0.3019767738359658 -0.3019767738359658 -0.3019767738359658 -0.3019767738359658 -0.3019767738359658
7.763819095477386 -0.1728845093137501 -0.1728845093137501 -0.1728845093137501 -0.1728845093137501 -0.1728845093137501 -0.1728845093137501 -0.1728845093137501 -0.1728845093137501 -0.1728845093137501 -0.1728845093137501 -0.1728845093137501 -0.1728845093137501 -0.1728845093137501 -0.1728845093137501 -0.1728845093137501 -0.1728845093137501 -0.1728845093137501 -0.1728845093137501 -0.1728845093137501 -0.1728845093137501 -0.1728845093137501 -0.1728845093137501 -0.1728845093137501 -0.1728845093137501 -0.1728845093137501 -0.1728845093137501 -0.1728845093137501 -0.1728845093137501 -0.1728845093137501
7.839195979899497 -0.04379224479153265 -0.04379224479153265 -0.04379224479153265 -0.04379224479153265 -0.04379224479153265 -0.04379224479153265 -0.04379224479153265 -0.04379224479153265 -0.04379224479153265 -0.04379224479153265 -0.04379224479153265 -0.04379224479153265 -0.04379224479153265 -0.04379224479153265 -0.04379224479153265 -0.04379224479153265 -0.04379224479153265 -0.04379224479153265 -0.04379224479153265 -0.04379224479153265 -0.04379224479153265 -0.04379224479153265 -0.04379224479153265 -0.04379224479153265 -0.04379224479153265 -0.04379224479153265 -0.04379224479153265 -0.04379224479153265 -0.04379224479153265
7.914572864321608 0.0853000197306848 0.0853000197306848 0.0853000197306848 0.0853000197306848 0.0853000197306848 0.0853000197306848 0.0853000197306848 0.0853000197306848 0.0853000197306848 0.0853000197306848 0.0853000197306848 0.0853000197306848 0.0853000197306848 0.0853000197306848 0.0853000197306848 0.0853000197306848 0.0853000197306848 0.0853000197306848 0.0853000197306848 0.0853000197306848 0.0853000197306848 0.0853000197306848 0.0853000197306848 0.0853000197306848 0.0853000197306848 0.0853000197306848 0.0853000197306848 0.0853000197306848 0.0853000197306848
7.989949748743718 0.21439228425290047 0.21439228425290047 0.21439228425290047 0.21439228425290047 0.21439228425290047 0.21439228425290047 0.21439228425290047 0.21439228425290047 0.21439228425290047 0.21439228425290047 0.21439228425290047 0.21439228425290047 0.21439228425290047 0.21439228425290047 0.21439228425290047 0.21439228425290047 0.21439228425290047 0.21439228425290047 0.21439228425290047 0.21439228425290047 0.21439228425290047 0.21439228425290047 0.21439228425290047 0.21439228425290047 0.21439228425290047 0.21439228425290047 0.21439228425290047 0.21439228425290047 0.21439228425290047
8.065326633165828 0.34348454877511614 0.34348454877511614 0.34348454877511614 0.34348454877511614 0.34348454877511614 0.34348454877511614 0.34348454877511614 0.34348454877511614 0.34348454877511614 0.34348454877511614 0.34348454877511614 0.34348454877511614 0.34348454877511614 0.34348454877511614 0.34348454877511614 0.34348454877511614 0.34348454877511614 0.34348454877511614 0.34348454877511614 0.34348454877511614 0.34348454877511614 0.34348454877511614 0.34348454877511614 0.34348454877511614 0.34348454877511614 0.34348454877511614 0.34348454877511614 0.34348454877511614 0.34348454877511614
8.140703517587939 0.4725768132973336 0.4725768132973336 0.4725768132973336 0.4725768132973336 0.4725768132973336 0.4725768132973336 0.4725768132973336 0.4725768132973336 0.4725768132973336 0.4725768132973336 0.4725768132973336 0.4725768132973336 0.4725768132973336 0.4725768132973336 0.4725768132973336 0.4725768132973336 0.4725768132973336 0.4725768132973336 0.4725768132973336 0.4725768132973336 0.4725768132973336 0.4725768132973336 0.4725768132973336 0.4725768132973336 0.4725768132973336 0.4725768132973336 0.4725768132973336 0.4725768132973336 0.4725768132973336
8.21608040201005 0.601669077819551 0.601669077819551 0.601669077819551 0.601669077819551 0.601669077819551 0.601669077819551 0.601669077819551 0.601669077819551 0.601669077819551 0.601669077819551 0.601669077819551 0.601669077819551 0.601669077819551 0.601669077819551 0.601669077819551 0.601669077819551 0.601669077819551 0.601669077819551 0.601669077819551 0.601669077819551 0.601669077819551 0.601669077819551 0.601669077819551 0.601669077819551 0.601669077819551 0.601669077819551 0.601669077819551 0.601669077819551 0.601669077819551
