web/models/kne/24/Metzger_0.212177_0.159655_0.450000.dat
# %ECSV 0.9
# ---
# datatype:
# - {name: time, datatype: float64}
# - {name: sdss_u, datatype: float64}
# - {name: sdss_g, datatype: float64}
# - {name: sdss_r, datatype: float64}
# - {name: sdss_i, datatype: float64}
# - {name: sdss_z, datatype: float64}
# - {name: PS1_y, datatype: float64}
# - {name: ukirt_J, datatype: float64}
# - {name: ukirt_H, datatype: float64}
# - {name: ukirt_K, datatype: float64}
# - {name: johnson_U, datatype: float64}
# - {name: johnson_B, datatype: float64}
# - {name: johnson_V, datatype: float64}
# - {name: johnson_R, datatype: float64}
# - {name: johnson_I, datatype: float64}
# - {name: Clear, datatype: float64}
# meta: !!omap
# - comment: [vej = 0.1596551724137931, mej = 0.2121769878034849, Ye = 0.45, redshift = 0.0]
# schema: astropy-2.0
time sdss_u sdss_g sdss_r sdss_i sdss_z PS1_y ukirt_J ukirt_H ukirt_K johnson_U johnson_B johnson_V johnson_R johnson_I Clear
[from data line 895]
44.850000 78.648287 51.923340 35.151046 24.571274 18.162033 14.176752 6.190143 -0.752061 -5.165988 75.433770 59.350636 42.174153 33.121179 17.519102 34.482973
44.900000 78.758124 52.004204 35.213513 24.621994 18.205552 14.215749 6.219928 -0.730550 -5.149986 75.540138 59.439585 42.244351 33.181404 17.561894 34.544703
44.950000 78.867954 52.085062 35.275978 24.672712 18.249070 14.254745 6.249713 -0.709038 -5.133983 75.646498 59.528528 42.314545 33.241625 17.604684 34.606429
45.000000 78.977776 52.165915 35.338439 24.723427 18.292585 14.293740 6.279497 -0.687526 -5.117978 75.752851 59.617465 42.384734 33.301843 17.647473 34.668152
45.050000 79.087589 52.246763 35.400896 24.774140 18.336099 14.332733 6.309281 -0.666014 -5.101973 75.859196 59.706396 42.454920 33.362058 17.690261 34.729872
45.100000 79.197396 52.327606 35.463350 24.824850 18.379612 14.371725 6.339065 -0.644501 -5.085967 75.965534 59.795321 42.525102 33.422270 17.733046 34.791589
45.150000 79.307194 52.408444 35.525801 24.875559 18.423123 14.410716 6.368848 -0.622987 -5.069960 76.071864 59.884241 42.595279 33.482478 17.775831 34.853302
45.200000 79.416984 52.489277 35.588249 24.926265 18.466632 14.449706 6.398631 -0.601474 -5.053952 76.178187 59.973154 42.665453 33.542684 17.818614 34.915012
45.250000 79.526767 52.570105 35.650693 24.976969 18.510140 14.488695 6.428414 -0.579959 -5.037943 76.284502 60.062062 42.735622 33.602886 17.861395 34.976719
45.300000 79.636543 52.650928 35.713134 25.027670 18.553646 14.527682 6.458197 -0.558445 -5.021933 76.390811 60.150964 42.805787 33.663085 17.904175 35.038423
45.350000 79.746310 52.731746 35.775571 25.078370 18.597151 14.566668 6.487979 -0.536930 -5.005922 76.497111 60.239861 42.875949 33.723281 17.946953 35.100123
45.400000 79.856070 52.812559 35.838005 25.129067 18.640654 14.605654 6.517761 -0.515414 -4.989910 76.603405 60.328752 42.946106 33.783474 17.989730 35.161820
45.450000 79.965822 52.893366 35.900436 25.179762 18.684155 14.644638 6.547542 -0.493898 -4.973897 76.709691 60.417636 43.016259 33.843664 18.032505 35.223514
45.500000 80.075567 52.974169 35.962864 25.230454 18.727655 14.683621 6.577323 -0.472382 -4.957883 76.815970 60.506516 43.086409 33.903851 18.075279 35.285204
45.550000 80.185304 53.054967 36.025288 25.281145 18.771154 14.722602 6.607104 -0.450865 -4.941869 76.922241 60.595389 43.156554 33.964034 18.118051 35.346892
45.600000 80.295033 53.135760 36.087709 25.331833 18.814650 14.761583 6.636885 -0.429347 -4.925853 77.028506 60.684257 43.226695 34.024215 18.160822 35.408576
45.650000 80.404755 53.216548 36.150127 25.382519 18.858146 14.800562 6.666665 -0.407830 -4.909837 77.134763 60.773119 43.296833 34.084393 18.203591 35.470257
45.700000 80.514470 53.297332 36.212541 25.433203 18.901639 14.839541 6.696445 -0.386311 -4.893819 77.241013 60.861976 43.366966 34.144567 18.246359 35.531935
45.750000 80.624177 53.378110 36.274953 25.483885 18.945131 14.878518 6.726225 -0.364793 -4.877800 77.347255 60.950827 43.437096 34.204739 18.289126 35.593609
45.800000 80.733876 53.458883 36.337361 25.534564 18.988622 14.917494 6.756004 -0.343274 -4.861781 77.453491 61.039672 43.507221 34.264907 18.331891 35.655281
45.850000 80.843568 53.539652 36.399765 25.585242 19.032111 14.956469 6.785783 -0.321754 -4.845761 77.559719 61.128512 43.577343 34.325072 18.374654 35.716949
45.900000 80.953252 53.620415 36.462167 25.635917 19.075599 14.995443 6.815562 -0.300234 -4.829739 77.665940 61.217346 43.647460 34.385235 18.417416 35.778614
45.950000 81.062929 53.701174 36.524565 25.686590 19.119085 15.034415 6.845341 -0.278714 -4.813717 77.772154 61.306174 43.717574 34.445394 18.460177 35.840276
46.000000 81.172599 53.781928 36.586960 25.737261 19.162569 15.073387 6.875119 -0.257193 -4.797694 77.878361 61.394997 43.787684 34.505550 18.502936 35.901935
46.050000 81.282261 53.862677 36.649352 25.787929 19.206052 15.112357 6.904897 -0.235672 -4.781670 77.984561 61.483815 43.857790 34.565704 18.545693 35.963590
46.100000 81.391916 53.943421 36.711741 25.838596 19.249534 15.151327 6.934674 -0.214150 -4.765645 78.090753 61.572627 43.927892 34.625854 18.588449 36.025243
46.150000 81.501563 54.024161 36.774127 25.889260 19.293014 15.190295 6.964452 -0.192628 -4.749619 78.196939 61.661433 43.997990 34.686001 18.631204 36.086892
46.200000 81.611203 54.104895 36.836509 25.939922 19.336492 15.229262 6.994229 -0.171105 -4.733592 78.303118 61.750234 44.068085 34.746146 18.673957 36.148538
46.250000 81.720836 54.185625 36.898888 25.990582 19.379969 15.268228 7.024006 -0.149582 -4.717564 78.409289 61.839029 44.138175 34.806287 18.716709 36.210182
46.300000 81.830461 54.266350 36.961264 26.041240 19.423445 15.307193 7.053782 -0.128058 -4.701536 78.515454 61.927819 44.208262 34.866426 18.759460 36.271822
46.350000 81.940079 54.347070 37.023637 26.091896 19.466919 15.346157 7.083558 -0.106535 -4.685506 78.621611 62.016603 44.278345 34.926561 18.802209 36.333459
46.400000 82.049690 54.427786 37.086007 26.142550 19.510391 15.385119 7.113334 -0.085010 -4.669476 78.727762 62.105382 44.348424 34.986694 18.844956 36.395093
46.450000 82.159293 54.508497 37.148374 26.193202 19.553862 15.424081 7.143110 -0.063485 -4.653444 78.833905 62.194156 44.418499 35.046823 18.887702 36.456724
46.500000 82.268890 54.589203 37.210737 26.243851 19.597332 15.463042 7.172885 -0.041960 -4.637412 78.940042 62.282924 44.488571 35.106950 18.930447 36.518351
46.550000 82.378479 54.669904 37.273097 26.294498 19.640800 15.502001 7.202660 -0.020434 -4.621379 79.046172 62.371686 44.558639 35.167074 18.973190 36.579976
46.600000 82.488061 54.750601 37.335455 26.345144 19.684266 15.540960 7.232435 0.001092 -4.605344 79.152295 62.460444 44.628702 35.227195 19.015932 36.641598
46.650000 82.597635 54.831293 37.397809 26.395787 19.727731 15.579917 7.262209 0.022618 -4.589309 79.258411 62.549195 44.698763 35.287313 19.058673 36.703216
46.700000 82.707203 54.911980 37.460160 26.446428 19.771195 15.618873 7.291983 0.044145 -4.573273 79.364520 62.637942 44.768819 35.347428 19.101412 36.764832
46.750000 82.816763 54.992663 37.522508 26.497067 19.814657 15.657828 7.321757 0.065673 -4.557236 79.470622 62.726683 44.838872 35.407540 19.144150 36.826445
46.800000 82.926316 55.073341 37.584853 26.547704 19.858118 15.696782 7.351531 0.087200 -4.541199 79.576717 62.815419 44.908920 35.467649 19.186886 36.888054
46.850000 83.035862 55.154014 37.647195 26.598339 19.901577 15.735735 7.381304 0.108729 -4.525160 79.682806 62.904149 44.978966 35.527755 19.229621 36.949661
46.900000 83.145401 55.234683 37.709533 26.648972 19.945035 15.774687 7.411077 0.130257 -4.509120 79.788887 62.992874 45.049007 35.587859 19.272354 37.011264
46.950000 83.254933 55.315347 37.771869 26.699603 19.988492 15.813638 7.440850 0.151787 -4.493080 79.894962 63.081594 45.119045 35.647959 19.315086 37.072865
47.000000 83.364458 55.396006 37.834202 26.750232 20.031946 15.852588 7.470622 0.173316 -4.477038 80.001030 63.170308 45.189079 35.708057 19.357817 37.134463
47.050000 83.473975 55.476661 37.896531 26.800858 20.075400 15.891537 7.500395 0.194846 -4.460996 80.107092 63.259018 45.259109 35.768152 19.400547 37.196057
47.100000 83.583486 55.557312 37.958858 26.851483 20.118852 15.930485 7.530167 0.216376 -4.444953 80.213146 63.347722 45.329136 35.828244 19.443275 37.257649
47.150000 83.692990 55.637957 38.021182 26.902106 20.162303 15.969431 7.559938 0.237907 -4.428909 80.319194 63.436420 45.399158 35.888333 19.486001 37.319238
47.200000 83.802486 55.718598 38.083502 26.952726 20.205752 16.008377 7.589710 0.259439 -4.412864 80.425235 63.525114 45.469178 35.948420 19.528727 37.380823
47.250000 83.911976 55.799235 38.145820 27.003345 20.249200 16.047322 7.619481 0.280970 -4.396818 80.531270 63.613802 45.539193 36.008503 19.571451 37.442406
47.300000 84.021459 55.879867 38.208134 27.053961 20.292646 16.086265 7.649252 0.302502 -4.380771 80.637298 63.702485 45.609205 36.068584 19.614173 37.503986
47.350000 84.130934 55.960494 38.270446 27.104576 20.336091 16.125208 7.679022 0.324035 -4.364723 80.743319 63.791162 45.679213 36.128662 19.656894 37.565563
47.400000 84.240403 56.041117 38.332754 27.155188 20.379535 16.164149 7.708793 0.345568 -4.348675 80.849333 63.879835 45.749218 36.188737 19.699614 37.627137
47.450000 84.349865 56.121736 38.395060 27.205799 20.422977 16.203090 7.738563 0.367101 -4.332625 80.955341 63.968502 45.819219 36.248809 19.742333 37.688708
47.500000 84.459320 56.202350 38.457362 27.256407 20.466418 16.242029 7.768333 0.388635 -4.316575 81.061342 64.057164 45.889217 36.308879 19.785050 37.750276
47.550000 84.568768 56.282959 38.519662 27.307014 20.509857 16.280968 7.798102 0.410169 -4.300524 81.167337 64.145821 45.959210 36.368946 19.827766 37.811841
47.600000 84.678209 56.363564 38.581958 27.357618 20.553295 16.319905 7.827872 0.431704 -4.284472 81.273325 64.234473 46.029201 36.429010 19.870480 37.873403
47.650000 84.787643 56.444165 38.644252 27.408221 20.596732 16.358842 7.857641 0.453239 -4.268419 81.379306 64.323120 46.099187 36.489071 19.913193 37.934963
47.700000 84.897071 56.524761 38.706543 27.458821 20.640167 16.397777 7.887410 0.474775 -4.252365 81.485281 64.411761 46.169170 36.549129 19.955905 37.996519
47.750000 85.006491 56.605352 38.768831 27.509420 20.683601 16.436711 7.917178 0.496311 -4.236310 81.591249 64.500398 46.239150 36.609185 19.998616 38.058073
47.800000 85.115905 56.685939 38.831115 27.560017 20.727033 16.475645 7.946946 0.517847 -4.220255 81.697211 64.589029 46.309125 36.669238 20.041325 38.119624
47.850000 85.225312 56.766522 38.893397 27.610611 20.770464 16.514577 7.976714 0.539384 -4.204198 81.803166 64.677655 46.379098 36.729288 20.084033 38.181172
47.900000 85.334712 56.847100 38.955676 27.661204 20.813894 16.553508 8.006482 0.560921 -4.188141 81.909115 64.766277 46.449067 36.789336 20.126739 38.242717
47.950000 85.444106 56.927674 39.017952 27.711795 20.857322 16.592439 8.036250 0.582459 -4.172083 82.015057 64.854893 46.519032 36.849380 20.169445 38.304259
48.000000 85.553492 57.008243 39.080226 27.762383 20.900749 16.631368 8.066017 0.603997 -4.156024 82.120993 64.943504 46.588993 36.909422 20.212149 38.365798
48.050000 85.662872 57.088809 39.142496 27.812970 20.944174 16.670296 8.095784 0.625535 -4.139964 82.226922 65.032110 46.658952 36.969462 20.254851 38.427335
48.100000 85.772246 57.169369 39.204763 27.863555 20.987599 16.709224 8.125551 0.647074 -4.123903 82.332845 65.120711 46.728906 37.029498 20.297553 38.488868
48.150000 85.881612 57.249926 39.267028 27.914138 21.031021 16.748150 8.155317 0.668613 -4.107842 82.438762 65.209307 46.798857 37.089532 20.340253 38.550399
48.200000 85.990972 57.330477 39.329289 27.964719 21.074443 16.787075 8.185083 0.690153 -4.091779 82.544672 65.297898 46.868805 37.149563 20.382951 38.611927
48.250000 86.100325 57.411025 39.391548 28.015298 21.117863 16.826000 8.214849 0.711693 -4.075716 82.650576 65.386484 46.938749 37.209592 20.425649 38.673452
48.300000 86.209671 57.491568 39.453804 28.065875 21.161282 16.864923 8.244615 0.733234 -4.059652 82.756473 65.475064 47.008690 37.269618 20.468345 38.734975
48.350000 86.319011 57.572107 39.516057 28.116450 21.204699 16.903846 8.274381 0.754774 -4.043587 82.862364 65.563640 47.078627 37.329641 20.511040 38.796494
48.400000 86.428345 57.652642 39.578307 28.167024 21.248115 16.942767 8.304146 0.776316 -4.027521 82.968248 65.652211 47.148561 37.389661 20.553733 38.858011
48.450000 86.537671 57.733172 39.640555 28.217595 21.291530 16.981687 8.333911 0.797858 -4.011454 83.074126 65.740778 47.218491 37.449679 20.596426 38.919525
48.500000 86.646991 57.813698 39.702799 28.268165 21.334943 17.020607 8.363676 0.819400 -3.995387 83.179998 65.829339 47.288418 37.509694 20.639117 38.981036
48.550000 86.756305 57.894220 39.765041 28.318732 21.378356 17.059525 8.393440 0.840942 -3.979318 83.285864 65.917895 47.358341 37.569706 20.681806 39.042545
48.600000 86.865611 57.974737 39.827279 28.369298 21.421766 17.098443 8.423205 0.862485 -3.963249 83.391723 66.006446 47.428261 37.629716 20.724495 39.104050
48.650000 86.974912 58.055250 39.889515 28.419862 21.465176 17.137359 8.452969 0.884029 -3.947179 83.497576 66.094992 47.498177 37.689723 20.767182 39.165553
48.700000 87.084205 58.135759 39.951749 28.470424 21.508584 17.176275 8.482732 0.905573 -3.931108 83.603423 66.183534 47.568090 37.749728 20.809868 39.227054
48.750000 87.193493 58.216264 40.013979 28.520984 21.551991 17.215190 8.512496 0.927117 -3.915036 83.709263 66.272070 47.638000 37.809730 20.852553 39.288551
48.800000 87.302773 58.296764 40.076207 28.571542 21.595396 17.254103 8.542259 0.948661 -3.898963 83.815098 66.360602 47.707906 37.869729 20.895236 39.350046
48.850000 87.412047 58.377261 40.138431 28.622098 21.638800 17.293016 8.572022 0.970207 -3.882890 83.920926 66.449129 47.777809 37.929726 20.937918 39.411538
48.900000 87.521315 58.457752 40.200653 28.672652 21.682203 17.331928 8.601785 0.991752 -3.866815 84.026747 66.537651 47.847708 37.989720 20.980599 39.473027
48.950000 87.630576 58.538240 40.262872 28.723205 21.725605 17.370838 8.631548 1.013298 -3.850740 84.132563 66.626168 47.917604 38.049711 21.023279 39.534513
49.000000 87.739831 58.618724 40.325089 28.773756 21.769005 17.409748 8.661310 1.034844 -3.834664 84.238372 66.714680 47.987497 38.109700 21.065957 39.595997
49.050000 87.849079 58.699203 40.387303 28.824304 21.812404 17.448657 8.691072 1.056391 -3.818587 84.344176 66.803188 48.057386 38.169686 21.108634 39.657478
49.100000 87.958321 58.779678 40.449513 28.874851 21.855801 17.487565 8.720834 1.077938 -3.802510 84.449973 66.891690 48.127272 38.229670 21.151310 39.718956
49.150000 88.067557 58.860149 40.511722 28.925396 21.899198 17.526472 8.750596 1.099485 -3.786431 84.555763 66.980188 48.197155 38.289651 21.193985 39.780432
49.200000 88.176786 58.940616 40.573927 28.975940 21.942593 17.565378 8.780357 1.121033 -3.770352 84.661548 67.068681 48.267034 38.349629 21.236658 39.841905
49.250000 88.286008 59.021078 40.636130 29.026481 21.985987 17.604283 8.810118 1.142581 -3.754272 84.767327 67.157169 48.336910 38.409605 21.279331 39.903375
49.300000 88.395225 59.101537 40.698329 29.077021 22.029379 17.643187 8.839879 1.164130 -3.738191 84.873099 67.245653 48.406783 38.469578 21.322002 39.964843
49.350000 88.504435 59.181991 40.760527 29.127558 22.072770 17.682090 8.869640 1.185679 -3.722109 84.978866 67.334132 48.476652 38.529549 21.364671 40.026308
49.400000 88.613638 59.262441 40.822721 29.178094 22.116160 17.720993 8.899401 1.207229 -3.706026 85.084626 67.422606 48.546518 38.589517 21.407340 40.087770
49.450000 88.722836 59.342888 40.884913 29.228628 22.159549 17.759894 8.929161 1.228779 -3.689943 85.190381 67.511075 48.616380 38.649483 21.450007 40.149229
49.500000 88.832027 59.423329 40.947102 29.279161 22.202936 17.798794 8.958921 1.250329 -3.673859 85.296129 67.599539 48.686240 38.709446 21.492673 40.210686
49.550000 88.941211 59.503767 41.009288 29.329691 22.246322 17.837694 8.988681 1.271880 -3.657774 85.401871 67.687999 48.756096 38.769407 21.535338 40.272140
49.600000 89.050390 59.584201 41.071472 29.380220 22.289707 17.876592 9.018440 1.293431 -3.641688 85.507607 67.776454 48.825948 38.829365 21.578002 40.333592
49.650000 89.159562 59.664631 41.133652 29.430746 22.333091 17.915490 9.048200 1.314982 -3.625601 85.613337 67.864905 48.895798 38.889320 21.620664 40.395041
49.700000 89.268727 59.745056 41.195831 29.481271 22.376473 17.954387 9.077959 1.336534 -3.609513 85.719061 67.953350 48.965644 38.949273 21.663325 40.456487
49.750000 89.377887 59.825478 41.258006 29.531795 22.419854 17.993283 9.107718 1.358086 -3.593425 85.824780 68.041791 49.035487 39.009224 21.705986 40.517931
49.800000 89.487040 59.905895 41.320179 29.582316 22.463234 18.032177 9.137476 1.379639 -3.577336 85.930492 68.130228 49.105326 39.069172 21.748644 40.579372
