web/models/kne/24/Metzger_0.016214_0.143448_0.100000.dat
# %ECSV 0.9
# ---
# datatype:
# - {name: time, datatype: float64}
# - {name: sdss_u, datatype: float64}
# - {name: sdss_g, datatype: float64}
# - {name: sdss_r, datatype: float64}
# - {name: sdss_i, datatype: float64}
# - {name: sdss_z, datatype: float64}
# - {name: PS1_y, datatype: float64}
# - {name: ukirt_J, datatype: float64}
# - {name: ukirt_H, datatype: float64}
# - {name: ukirt_K, datatype: float64}
# - {name: johnson_U, datatype: float64}
# - {name: johnson_B, datatype: float64}
# - {name: johnson_V, datatype: float64}
# - {name: johnson_R, datatype: float64}
# - {name: johnson_I, datatype: float64}
# - {name: Clear, datatype: float64}
# meta: !!omap
# - comment: [vej = 0.14344827586206896, mej = 0.016213736300560038, Ye = 0.1, redshift = 0.0]
# schema: astropy-2.0
time sdss_u sdss_g sdss_r sdss_i sdss_z PS1_y ukirt_J ukirt_H ukirt_K johnson_U johnson_B johnson_V johnson_R johnson_I Clear
[from data line 2034]
101.800000 385.569924 279.229563 211.908837 169.047708 142.851921 126.440829 93.141516 63.463840 43.912668 372.821406 308.873939 240.173524 203.714749 140.211561 209.213332
101.850000 385.760798 279.370897 212.018717 169.137501 142.929402 126.510578 93.195514 63.503691 43.943100 373.006348 309.029097 240.296622 203.820794 140.287799 209.321950
101.900000 385.951668 279.512228 212.128595 169.227293 143.006881 126.580325 93.249511 63.543541 43.973532 373.191286 309.184252 240.419717 203.926836 140.364035 209.430566
101.950000 386.142534 279.653556 212.238471 169.317082 143.084359 126.650072 93.303508 63.583391 44.003963 373.376219 309.339404 240.542809 204.032876 140.440271 209.539180
102.000000 386.333396 279.794880 212.348344 169.406870 143.161836 126.719817 93.357503 63.623241 44.034394 373.561149 309.494552 240.665900 204.138914 140.516505 209.647793
102.050000 386.524254 279.936203 212.458216 169.496657 143.239311 126.789561 93.411498 63.663090 44.064825 373.746075 309.649697 240.788987 204.244950 140.592737 209.756403
102.100000 386.715108 280.077522 212.568085 169.586441 143.316785 126.859304 93.465493 63.702939 44.095256 373.930997 309.804840 240.912072 204.350985 140.668968 209.865010
102.150000 386.905958 280.218838 212.677952 169.676224 143.394258 126.929046 93.519486 63.742787 44.125686 374.115915 309.959978 241.035155 204.457017 140.745198 209.973616
102.200000 387.096804 280.360152 212.787817 169.766006 143.471729 126.998787 93.573478 63.782635 44.156117 374.300830 310.115114 241.158236 204.563047 140.821427 210.082220
102.250000 387.287645 280.501462 212.897680 169.855786 143.549199 127.068526 93.627470 63.822482 44.186547 374.485740 310.270247 241.281314 204.669075 140.897654 210.190822
102.300000 387.478483 280.642770 213.007541 169.945564 143.626668 127.138265 93.681461 63.862329 44.216976 374.670646 310.425376 241.404389 204.775101 140.973880 210.299421
102.350000 387.669316 280.784075 213.117400 170.035340 143.704135 127.208002 93.735451 63.902175 44.247406 374.855549 310.580502 241.527462 204.881124 141.050105 210.408018
102.400000 387.860146 280.925377 213.227256 170.125115 143.781601 127.277738 93.789441 63.942021 44.277835 375.040447 310.735625 241.650533 204.987146 141.126328 210.516614
102.450000 388.050971 281.066676 213.337111 170.214888 143.859066 127.347473 93.843429 63.981867 44.308264 375.225342 310.890744 241.773601 205.093166 141.202550 210.625207
102.500000 388.241792 281.207972 213.446963 170.304660 143.936529 127.417206 93.897417 64.021712 44.338693 375.410232 311.045861 241.896667 205.199184 141.278771 210.733798
102.550000 388.432610 281.349265 213.556813 170.394429 144.013991 127.486939 93.951404 64.061557 44.369122 375.595119 311.200974 242.019730 205.305200 141.354990 210.842387
102.600000 388.623423 281.490556 213.666661 170.484198 144.091451 127.556670 94.005390 64.101401 44.399550 375.780002 311.356084 242.142791 205.411214 141.431208 210.950974
102.650000 388.814232 281.631843 213.776507 170.573964 144.168910 127.626400 94.059375 64.141244 44.429978 375.964881 311.511191 242.265849 205.517225 141.507425 211.059559
102.700000 389.005038 281.773128 213.886351 170.663729 144.246368 127.696129 94.113360 64.181088 44.460406 376.149756 311.666295 242.388905 205.623235 141.583641 211.168142
102.750000 389.195839 281.914410 213.996193 170.753493 144.323825 127.765857 94.167344 64.220930 44.490834 376.334627 311.821395 242.511959 205.729243 141.659855 211.276722
102.800000 389.386636 282.055689 214.106032 170.843254 144.401280 127.835584 94.221327 64.260773 44.521262 376.519495 311.976492 242.635010 205.835248 141.736067 211.385301
102.850000 389.577429 282.196965 214.215870 170.933014 144.478733 127.905309 94.275309 64.300615 44.551689 376.704358 312.131587 242.758059 205.941252 141.812279 211.493878
102.900000 389.768218 282.338238 214.325705 171.022773 144.556186 127.975034 94.329291 64.340456 44.582116 376.889218 312.286678 242.881105 206.047254 141.888489 211.602452
102.950000 389.959003 282.479509 214.435538 171.112530 144.633637 128.044757 94.383271 64.380297 44.612543 377.074073 312.441765 243.004149 206.153253 141.964698 211.711024
103.000000 390.149784 282.620777 214.545370 171.202285 144.711087 128.114479 94.437251 64.420138 44.642969 377.258925 312.596850 243.127190 206.259251 142.040905 211.819595
103.050000 390.340561 282.762041 214.655199 171.292038 144.788535 128.184200 94.491230 64.459978 44.673395 377.443773 312.751931 243.250229 206.365246 142.117112 211.928163
103.100000 390.531334 282.903303 214.765026 171.381790 144.865982 128.253920 94.545209 64.499817 44.703821 377.628617 312.907010 243.373266 206.471240 142.193317 212.036729
103.150000 390.722103 283.044562 214.874851 171.471540 144.943428 128.323638 94.599186 64.539656 44.734247 377.813457 313.062085 243.496300 206.577232 142.269520 212.145293
103.200000 390.912868 283.185819 214.984673 171.561289 145.020872 128.393356 94.653163 64.579495 44.764673 377.998293 313.217157 243.619332 206.683221 142.345722 212.253855
103.250000 391.103629 283.327072 215.094494 171.651036 145.098315 128.463072 94.707139 64.619333 44.795098 378.183126 313.372225 243.742361 206.789209 142.421923 212.362415
103.300000 391.294386 283.468323 215.204312 171.740781 145.175757 128.532787 94.761114 64.659171 44.825523 378.367954 313.527291 243.865388 206.895194 142.498123 212.470973
103.350000 391.485139 283.609570 215.314129 171.830525 145.253197 128.602501 94.815088 64.699008 44.855948 378.552779 313.682353 243.988413 207.001178 142.574321 212.579529
103.400000 391.675888 283.750815 215.423943 171.920267 145.330636 128.672214 94.869062 64.738845 44.886373 378.737600 313.837413 244.111435 207.107159 142.650519 212.688082
103.450000 391.866633 283.892057 215.533756 172.010008 145.408074 128.741925 94.923035 64.778682 44.916798 378.922417 313.992469 244.234455 207.213139 142.726714 212.796634
103.500000 392.057374 284.033296 215.643566 172.099747 145.485510 128.811636 94.977007 64.818518 44.947222 379.107230 314.147522 244.357472 207.319116 142.802909 212.905184
103.550000 392.248111 284.174533 215.753374 172.189484 145.562945 128.881345 95.030978 64.858353 44.977646 379.292039 314.302571 244.480487 207.425092 142.879102 213.013731
103.600000 392.438844 284.315766 215.863180 172.279219 145.640379 128.951053 95.084948 64.898188 45.008070 379.476845 314.457618 244.603500 207.531065 142.955294 213.122277
103.650000 392.629573 284.456997 215.972984 172.368953 145.717812 129.020760 95.138918 64.938023 45.038493 379.661646 314.612661 244.726510 207.637037 143.031484 213.230820
103.700000 392.820298 284.598225 216.082785 172.458686 145.795243 129.090466 95.192887 64.977857 45.068916 379.846444 314.767702 244.849518 207.743006 143.107673 213.339361
103.750000 393.011019 284.739450 216.192585 172.548417 145.872672 129.160171 95.246855 65.017691 45.099339 380.031238 314.922739 244.972523 207.848974 143.183861 213.447901
103.800000 393.201736 284.880672 216.302383 172.638146 145.950101 129.229874 95.300822 65.057524 45.129762 380.216028 315.077773 245.095526 207.954939 143.260048 213.556438
103.850000 393.392450 285.021892 216.412178 172.727873 146.027528 129.299577 95.354789 65.097357 45.160185 380.400814 315.232804 245.218527 208.060903 143.336233 213.664973
103.900000 393.583159 285.163108 216.521972 172.817599 146.104953 129.369278 95.408755 65.137189 45.190607 380.585597 315.387832 245.341525 208.166864 143.412417 213.773506
103.950000 393.773864 285.304322 216.631763 172.907323 146.182378 129.438978 95.462720 65.177021 45.221029 380.770375 315.542856 245.464521 208.272824 143.488600 213.882037
104.000000 393.964565 285.445533 216.741552 172.997046 146.259801 129.508677 95.516684 65.216853 45.251451 380.955150 315.697878 245.587514 208.378781 143.564781 213.990566
104.050000 394.155262 285.586741 216.851340 173.086767 146.337223 129.578375 95.570647 65.256684 45.281873 381.139921 315.852896 245.710505 208.484737 143.640962 214.099093
104.100000 394.345956 285.727947 216.961125 173.176487 146.414643 129.648072 95.624610 65.296514 45.312294 381.324688 316.007911 245.833494 208.590690 143.717140 214.207618
104.150000 394.536645 285.869149 217.070908 173.266205 146.492062 129.717767 95.678572 65.336344 45.342716 381.509451 316.162923 245.956480 208.696642 143.793318 214.316141
104.200000 394.727330 286.010349 217.180689 173.355921 146.569480 129.787462 95.732533 65.376174 45.373137 381.694210 316.317932 246.079464 208.802591 143.869494 214.424662
104.250000 394.918012 286.151546 217.290468 173.445635 146.646896 129.857155 95.786493 65.416003 45.403557 381.878966 316.472938 246.202445 208.908539 143.945669 214.533180
104.300000 395.108689 286.292740 217.400245 173.535348 146.724311 129.926847 95.840453 65.455832 45.433978 382.063718 316.627941 246.325424 209.014484 144.021843 214.641697
104.350000 395.299363 286.433932 217.510019 173.625060 146.801725 129.996538 95.894411 65.495660 45.464398 382.248466 316.782941 246.448401 209.120428 144.098015 214.750212
104.400000 395.490032 286.575120 217.619792 173.714770 146.879138 130.066228 95.948369 65.535488 45.494818 382.433210 316.937937 246.571375 209.226370 144.174186 214.858724
104.450000 395.680698 286.716306 217.729563 173.804478 146.956549 130.135916 96.002326 65.575316 45.525238 382.617950 317.092930 246.694347 209.332309 144.250356 214.967235
104.500000 395.871359 286.857489 217.839331 173.894184 147.033959 130.205604 96.056283 65.615143 45.555658 382.802687 317.247921 246.817317 209.438247 144.326524 215.075744
104.550000 396.062017 286.998669 217.949098 173.983889 147.111367 130.275290 96.110239 65.654969 45.586077 382.987420 317.402908 246.940284 209.544182 144.402692 215.184250
104.600000 396.252671 287.139846 218.058862 174.073593 147.188774 130.344976 96.164193 65.694795 45.616496 383.172149 317.557892 247.063249 209.650116 144.478857 215.292755
104.650000 396.443321 287.281021 218.168624 174.163295 147.266180 130.414660 96.218147 65.734621 45.646915 383.356874 317.712873 247.186211 209.756048 144.555022 215.401257
104.700000 396.633967 287.422193 218.278385 174.252995 147.343585 130.484343 96.272101 65.774446 45.677334 383.541595 317.867850 247.309171 209.861978 144.631185 215.509757
104.750000 396.824609 287.563362 218.388143 174.342693 147.420988 130.554025 96.326053 65.814271 45.707752 383.726313 318.022825 247.432129 209.967905 144.707347 215.618256
104.800000 397.015247 287.704528 218.497899 174.432390 147.498390 130.623705 96.380005 65.854095 45.738171 383.911026 318.177797 247.555084 210.073831 144.783508 215.726752
104.850000 397.205881 287.845691 218.607653 174.522086 147.575790 130.693385 96.433956 65.893919 45.768589 384.095736 318.332765 247.678037 210.179755 144.859668 215.835246
104.900000 397.396511 287.986852 218.717405 174.611780 147.653190 130.763063 96.487906 65.933742 45.799006 384.280442 318.487730 247.800988 210.285677 144.935826 215.943739
104.950000 397.587137 288.128010 218.827155 174.701472 147.730588 130.832741 96.541856 65.973565 45.829424 384.465145 318.642693 247.923936 210.391597 145.011983 216.052229
105.000000 397.777760 288.269165 218.936903 174.791162 147.807984 130.902417 96.595804 66.013388 45.859841 384.649843 318.797652 248.046882 210.497515 145.088138 216.160717
105.050000 397.968378 288.410317 219.046649 174.880851 147.885380 130.972092 96.649752 66.053210 45.890258 384.834538 318.952608 248.169826 210.603431 145.164293 216.269203
105.100000 398.158993 288.551467 219.156393 174.970539 147.962774 131.041766 96.703699 66.093031 45.920675 385.019229 319.107561 248.292767 210.709345 145.240446 216.377687
105.150000 398.349603 288.692613 219.266134 175.060225 148.040166 131.111438 96.757646 66.132852 45.951092 385.203917 319.262511 248.415706 210.815257 145.316597 216.486170
105.200000 398.540210 288.833757 219.375874 175.149909 148.117558 131.181110 96.811591 66.172673 45.981508 385.388600 319.417458 248.538642 210.921167 145.392748 216.594650
105.250000 398.730813 288.974898 219.485612 175.239591 148.194948 131.250781 96.865536 66.212493 46.011924 385.573280 319.572401 248.661576 211.027075 145.468897 216.703128
105.300000 398.921412 289.116037 219.595347 175.329273 148.272337 131.320450 96.919480 66.252313 46.042340 385.757956 319.727342 248.784508 211.132981 145.545045 216.811604
105.350000 399.112007 289.257173 219.705081 175.418952 148.349724 131.390118 96.973424 66.292132 46.072756 385.942628 319.882279 248.907437 211.238885 145.621192 216.920078
105.400000 399.302598 289.398305 219.814812 175.508630 148.427111 131.459785 97.027366 66.331951 46.103171 386.127297 320.037214 249.030365 211.344787 145.697337 217.028550
105.450000 399.493185 289.539436 219.924542 175.598306 148.504495 131.529451 97.081308 66.371770 46.133586 386.311961 320.192145 249.153289 211.450687 145.773481 217.137020
105.500000 399.683768 289.680563 220.034269 175.687981 148.581879 131.599116 97.135249 66.411588 46.164001 386.496622 320.347074 249.276212 211.556586 145.849624 217.245488
105.550000 399.874348 289.821688 220.143995 175.777654 148.659261 131.668780 97.189189 66.451405 46.194416 386.681279 320.501999 249.399132 211.662482 145.925766 217.353954
105.600000 400.064923 289.962809 220.253718 175.867325 148.736642 131.738442 97.243128 66.491223 46.224831 386.865933 320.656921 249.522049 211.768376 146.001906 217.462418
105.650000 400.255495 290.103928 220.363439 175.956995 148.814022 131.808104 97.297067 66.531039 46.255245 387.050582 320.811840 249.644965 211.874269 146.078045 217.570880
105.700000 400.446062 290.245045 220.473158 176.046664 148.891400 131.877764 97.351005 66.570855 46.285659 387.235228 320.966756 249.767878 211.980159 146.154182 217.679340
105.750000 400.636626 290.386158 220.582876 176.136331 148.968777 131.947423 97.404942 66.610671 46.316073 387.419870 321.121669 249.890788 212.086048 146.230319 217.787798
105.800000 400.827186 290.527269 220.692591 176.225996 149.046153 132.017082 97.458878 66.650487 46.346486 387.604509 321.276579 250.013697 212.191934 146.306454 217.896254
105.850000 401.017742 290.668377 220.802304 176.315659 149.123528 132.086739 97.512814 66.690302 46.376900 387.789144 321.431486 250.136603 212.297819 146.382588 218.004708
105.900000 401.208295 290.809483 220.912015 176.405321 149.200901 132.156394 97.566749 66.730116 46.407313 387.973774 321.586389 250.259506 212.403702 146.458721 218.113160
105.950000 401.398843 290.950585 221.021724 176.494982 149.278273 132.226049 97.620683 66.769930 46.437726 388.158402 321.741290 250.382408 212.509582 146.534852 218.221609
106.000000 401.589388 291.091685 221.131431 176.584641 149.355643 132.295703 97.674616 66.809744 46.468138 388.343025 321.896188 250.505307 212.615461 146.610982 218.330057
106.050000 401.779928 291.232782 221.241136 176.674298 149.433013 132.365355 97.728549 66.849557 46.498551 388.527645 322.051082 250.628203 212.721338 146.687111 218.438503
106.100000 401.970465 291.373876 221.350839 176.763954 149.510380 132.435007 97.782480 66.889369 46.528963 388.712261 322.205974 250.751098 212.827213 146.763238 218.546947
106.150000 402.160998 291.514968 221.460540 176.853608 149.587747 132.504657 97.836411 66.929182 46.559375 388.896873 322.360862 250.873990 212.933086 146.839365 218.655389
106.200000 402.351527 291.656057 221.570239 176.943261 149.665113 132.574306 97.890342 66.968993 46.589787 389.081482 322.515747 250.996879 213.038957 146.915490 218.763829
106.250000 402.542052 291.797143 221.679936 177.032912 149.742477 132.643954 97.944271 67.008805 46.620198 389.266087 322.670630 251.119767 213.144826 146.991613 218.872267
106.300000 402.732573 291.938226 221.789631 177.122561 149.819839 132.713601 97.998200 67.048616 46.650610 389.450688 322.825509 251.242652 213.250693 147.067736 218.980703
106.350000 402.923091 292.079307 221.899324 177.212209 149.897201 132.783246 98.052128 67.088426 46.681021 389.635285 322.980385 251.365534 213.356558 147.143857 219.089137
