web/models/kne/24/Metzger_0.008525_0.402759_0.100000.dat
# %ECSV 0.9
# ---
# datatype:
# - {name: time, datatype: float64}
# - {name: sdss_u, datatype: float64}
# - {name: sdss_g, datatype: float64}
# - {name: sdss_r, datatype: float64}
# - {name: sdss_i, datatype: float64}
# - {name: sdss_z, datatype: float64}
# - {name: PS1_y, datatype: float64}
# - {name: ukirt_J, datatype: float64}
# - {name: ukirt_H, datatype: float64}
# - {name: ukirt_K, datatype: float64}
# - {name: johnson_U, datatype: float64}
# - {name: johnson_B, datatype: float64}
# - {name: johnson_V, datatype: float64}
# - {name: johnson_R, datatype: float64}
# - {name: johnson_I, datatype: float64}
# - {name: Clear, datatype: float64}
# meta: !!omap
# - comment: [vej = 0.4027586206896552, mej = 0.008524704073694048, Ye = 0.1, redshift = 0.0]
# schema: astropy-2.0
time sdss_u sdss_g sdss_r sdss_i sdss_z PS1_y ukirt_J ukirt_H ukirt_K johnson_U johnson_B johnson_V johnson_R johnson_I Clear
[from data line 2921]
146.150000 nan nan 647.395151 525.140696 450.281536 403.310191 307.756380 222.162691 165.382721 nan nan 727.901745 624.040671 442.728667 639.713342
146.200000 nan nan 647.612518 525.318574 450.435210 403.448664 307.863888 222.242388 165.443901 nan nan 728.145096 624.250497 442.879897 639.928229
146.250000 nan nan 647.829882 525.496450 450.588881 403.587135 307.971396 222.322084 165.505080 nan nan 728.388444 624.460321 443.031125 640.143113
146.300000 nan nan 648.047242 525.674322 450.742550 403.725604 308.078901 222.401778 165.566258 nan nan 728.631788 624.670141 443.182350 640.357993
146.350000 nan nan 648.264600 525.852192 450.896216 403.864071 308.186405 222.481472 165.627435 nan nan 728.875129 624.879958 443.333574 640.572871
146.400000 nan nan 648.481954 526.030060 451.049881 404.002536 308.293908 222.561164 165.688612 nan nan 729.118465 625.089772 443.484795 640.787745
146.450000 nan nan 648.699305 526.207925 451.203543 404.141000 308.401409 222.640856 165.749788 nan nan 729.361799 625.299583 443.636014 641.002616
146.500000 nan nan 648.916652 526.385787 451.357203 404.279461 308.508909 222.720547 165.810963 nan nan 729.605128 625.509391 443.787231 641.217484
146.550000 nan nan 649.133997 526.563647 451.510861 404.417920 308.616407 222.800236 165.872137 nan nan 729.848454 625.719195 443.938446 641.432348
146.600000 nan nan 649.351338 526.741504 451.664517 404.556378 308.723904 222.879925 165.933311 nan nan 730.091777 625.928997 444.089658 641.647210
146.650000 nan nan 649.568676 526.919358 451.818170 404.694833 308.831399 222.959612 165.994484 nan nan 730.335095 626.138796 444.240869 641.862068
146.700000 nan nan 649.786011 527.097210 451.971822 404.833287 308.938893 223.039298 166.055656 nan nan 730.578410 626.348591 444.392077 642.076923
146.750000 nan nan 650.003343 527.275060 452.125471 404.971738 309.046386 223.118984 166.116828 nan nan 730.821722 626.558383 444.543283 642.291775
146.800000 nan nan 650.220671 527.452906 452.279118 405.110188 309.153876 223.198668 166.177999 nan nan 731.065030 626.768173 444.694487 642.506624
146.850000 nan nan 650.437996 527.630751 452.432762 405.248635 309.261366 223.278352 166.239169 nan nan 731.308334 626.977959 444.845689 642.721469
146.900000 nan nan 650.655318 527.808592 452.586405 405.387081 309.368854 223.358034 166.300338 nan nan 731.551635 627.187742 444.996889 642.936312
146.950000 nan nan 650.872637 527.986431 452.740045 405.525525 309.476340 223.437715 166.361507 nan nan 731.794932 627.397522 445.148086 643.151151
147.000000 nan nan 651.089953 528.164268 452.893683 405.663966 309.583826 223.517395 166.422675 nan nan 732.038225 627.607299 445.299281 643.365987
147.050000 nan nan 651.307265 528.342102 453.047319 405.802406 309.691309 223.597075 166.483842 nan nan 732.281515 627.817073 445.450475 643.580820
147.100000 nan nan 651.524574 528.519933 453.200953 405.940844 309.798791 223.676753 166.545008 nan nan 732.524801 628.026844 445.601666 643.795650
147.150000 nan nan 651.741880 528.697762 453.354585 406.079280 309.906272 223.756430 166.606174 nan nan 732.768084 628.236611 445.752854 644.010477
147.200000 nan nan 651.959183 528.875588 453.508214 406.217714 310.013751 223.836106 166.667339 nan nan 733.011363 628.446376 445.904041 644.225300
147.250000 nan nan 652.176483 529.053412 453.661841 406.356146 310.121229 223.915782 166.728503 nan nan 733.254638 628.656137 446.055226 644.440120
147.300000 nan nan 652.393779 529.231233 453.815466 406.494576 310.228705 223.995456 166.789667 nan nan 733.497910 628.865896 446.206408 644.654937
147.350000 nan nan 652.611072 529.409051 453.969089 406.633004 310.336180 224.075129 166.850830 nan nan 733.741178 629.075651 446.357589 644.869751
147.400000 nan nan 652.828362 529.586867 454.122710 406.771430 310.443654 224.154801 166.911992 nan nan 733.984442 629.285404 446.508767 645.084562
147.450000 nan nan 653.045649 529.764680 454.276328 406.909854 310.551126 224.234472 166.973153 nan nan 734.227703 629.495153 446.659943 645.299370
147.500000 nan nan 653.262933 529.942491 454.429944 407.048277 310.658596 224.314142 167.034314 nan nan 734.470961 629.704899 446.811116 645.514175
147.550000 nan nan 653.480213 530.120299 454.583558 407.186697 310.766065 224.393811 167.095474 nan nan 734.714215 629.914642 446.962288 645.728976
147.600000 nan nan 653.697491 530.298105 454.737170 407.325115 310.873533 224.473479 167.156633 nan nan 734.957465 630.124382 447.113458 645.943774
147.650000 nan nan 653.914765 530.475908 454.890780 407.463532 310.980999 224.553146 167.217791 nan nan 735.200711 630.334119 447.264625 646.158569
147.700000 nan nan 654.132036 530.653709 455.044387 407.601946 311.088463 224.632812 167.278949 nan nan 735.443954 630.543853 447.415790 646.373361
147.750000 nan nan 654.349303 530.831507 455.197993 407.740359 311.195927 224.712477 167.340106 nan nan 735.687194 630.753584 447.566954 646.588150
147.800000 nan nan 654.566568 531.009302 455.351596 407.878770 311.303388 224.792141 167.401262 nan nan 735.930430 630.963312 447.718115 646.802936
147.850000 nan nan 654.783829 531.187095 455.505197 408.017178 311.410849 224.871804 167.462418 nan nan 736.173662 631.173037 447.869273 647.017719
147.900000 nan nan 655.001088 531.364885 455.658796 408.155585 311.518308 224.951466 167.523573 nan nan 736.416890 631.382758 448.020430 647.232498
147.950000 nan nan 655.218343 531.542673 455.812392 408.293990 311.625765 225.031127 167.584727 nan nan 736.660115 631.592477 448.171585 647.447274
148.000000 nan nan 655.435594 531.720458 455.965987 408.432393 311.733221 225.110787 167.645880 nan nan 736.903337 631.802193 448.322737 647.662047
148.050000 nan nan 655.652843 531.898241 456.119579 408.570794 311.840676 225.190446 167.707033 nan nan 737.146555 632.011905 448.473887 647.876817
148.100000 nan nan 655.870089 532.076021 456.273169 408.709193 311.948129 225.270104 167.768185 nan nan 737.389769 632.221615 448.625036 648.091584
148.150000 nan nan 656.087331 532.253798 456.426757 408.847590 312.055580 225.349761 167.829336 nan nan 737.632980 632.431321 448.776182 648.306348
148.200000 nan nan 656.304570 532.431573 456.580343 408.985985 312.163030 225.429417 167.890486 nan nan 737.876187 632.641024 448.927326 648.521109
148.250000 nan nan 656.521806 532.609346 456.733927 409.124378 312.270479 225.509072 167.951636 nan nan 738.119391 632.850725 449.078467 648.735866
148.300000 nan nan 656.739039 532.787116 456.887508 409.262769 312.377926 225.588726 168.012785 nan nan 738.362591 633.060422 449.229607 648.950621
148.350000 nan nan 656.956269 532.964883 457.041087 409.401159 312.485372 225.668378 168.073934 nan nan 738.605787 633.270116 449.380745 649.165372
148.400000 nan nan 657.173495 533.142648 457.194665 409.539546 312.592817 225.748030 168.135081 nan nan inf 633.479807 449.531880 649.380120
148.450000 nan nan 657.390719 533.320410 457.348239 409.677931 312.700259 225.827681 168.196228 nan nan nan 633.689496 449.683013 649.594865
148.500000 nan nan 657.607939 533.498170 457.501812 409.816315 312.807701 225.907331 168.257374 nan nan nan 633.899181 449.834144 649.809607
148.550000 nan nan 657.825156 533.675927 457.655383 409.954697 312.915141 225.986980 168.318520 nan nan nan 634.108863 449.985273 650.024346
148.600000 nan nan 658.042370 533.853681 457.808951 410.093076 313.022580 226.066627 168.379664 nan nan nan 634.318542 450.136400 650.239081
148.650000 nan nan 658.259580 534.031433 457.962518 410.231454 313.130017 226.146274 168.440808 nan nan nan 634.528218 450.287525 650.453814
148.700000 nan nan 658.476788 534.209183 458.116082 410.369830 313.237452 226.225920 168.501952 nan nan nan 634.737891 450.438648 650.668543
148.750000 nan nan 658.693992 534.386930 458.269644 410.508204 313.344887 226.305565 168.563094 nan nan nan 634.947560 450.589768 650.883269
148.800000 nan nan 658.911194 534.564674 458.423203 410.646576 313.452320 226.385209 168.624236 nan nan nan 635.157227 450.740886 651.097993
148.850000 nan nan 659.128392 534.742416 458.576761 410.784946 313.559751 226.464851 168.685377 nan nan nan 635.366891 450.892003 651.312713
148.900000 nan nan 659.345587 534.920156 458.730317 410.923314 313.667181 226.544493 168.746517 nan nan nan 635.576552 451.043117 651.527430
148.950000 nan nan 659.562778 535.097893 458.883870 411.061680 313.774609 226.624134 168.807657 nan nan nan 635.786210 451.194229 651.742143
149.000000 nan nan 659.779967 535.275627 459.037421 411.200045 313.882037 226.703774 168.868796 nan nan nan 635.995864 451.345339 651.956854
149.050000 nan nan 659.997153 535.453359 459.190970 411.338407 313.989462 226.783412 168.929934 nan nan nan 636.205516 451.496447 652.171562
149.100000 nan nan 660.214335 535.631088 459.344517 411.476767 314.096886 226.863050 168.991072 nan nan nan 636.415165 451.647552 652.386266
149.150000 nan nan 660.431514 535.808815 459.498062 411.615126 314.204309 226.942687 169.052209 nan nan nan 636.624811 451.798656 652.600968
149.200000 nan nan 660.648690 535.986539 459.651604 411.753483 314.311730 227.022322 169.113345 nan nan nan 636.834453 451.949757 652.815666
149.250000 nan nan 660.865863 536.164261 459.805144 411.891837 314.419150 227.101957 169.174480 nan nan nan 637.044093 452.100857 653.030361
149.300000 nan nan 661.083033 536.341980 459.958683 412.030190 314.526569 227.181591 169.235615 nan nan nan 637.253729 452.251954 653.245053
149.350000 nan nan 661.300200 536.519696 460.112219 412.168541 314.633986 227.261224 169.296749 nan nan nan 637.463363 452.403049 653.459742
149.400000 nan nan 661.517363 536.697410 460.265753 412.306890 314.741401 227.340855 169.357882 nan nan nan 637.672993 452.554142 653.674428
149.450000 nan nan 661.734524 536.875122 460.419285 412.445237 314.848816 227.420486 169.419015 nan nan nan 637.882621 452.705233 653.889111
149.500000 nan nan 661.951681 537.052831 460.572814 412.583582 314.956228 227.500116 169.480146 nan nan nan 638.092245 452.856321 654.103791
149.550000 nan nan 662.168835 537.230537 460.726342 412.721925 315.063640 227.579744 169.541277 nan nan nan 638.301867 453.007408 654.318467
149.600000 nan nan 662.385986 537.408241 460.879867 412.860267 315.171049 227.659372 169.602408 nan nan nan 638.511485 453.158493 654.533141
149.650000 nan nan 662.603134 537.585943 461.033390 412.998606 315.278458 227.738999 169.663537 nan nan nan 638.721101 453.309575 654.747811
149.700000 nan nan 662.820279 537.763642 461.186911 413.136944 315.385865 227.818624 169.724666 nan nan nan 638.930713 453.460655 654.962479
149.750000 nan nan 663.037420 537.941338 461.340430 413.275279 315.493270 227.898249 169.785795 nan nan nan 639.140323 453.611734 655.177143
149.800000 nan nan 663.254559 538.119032 461.493947 413.413613 315.600674 227.977873 169.846922 nan nan nan 639.349929 453.762810 655.391804
149.850000 nan nan 663.471694 538.296724 461.647462 413.551945 315.708077 228.057495 169.908049 nan nan nan 639.559533 453.913884 655.606462
149.900000 nan nan 663.688826 538.474413 461.800974 413.690275 315.815478 228.137117 169.969175 nan nan nan 639.769133 454.064956 655.821117
149.950000 nan nan 663.905955 538.652099 461.954484 413.828603 315.922878 228.216738 170.030300 nan nan nan 639.978730 454.216025 656.035769
150.000000 nan nan 664.123084 538.829785 462.107995 413.966931 316.030278 228.296358 170.091426 nan nan nan 640.188328 454.367095 656.250421
