web/models/kne/24/Metzger_0.001000_0.127241_0.100000.dat
# %ECSV 0.9
# ---
# datatype:
# - {name: time, datatype: float64}
# - {name: sdss_u, datatype: float64}
# - {name: sdss_g, datatype: float64}
# - {name: sdss_r, datatype: float64}
# - {name: sdss_i, datatype: float64}
# - {name: sdss_z, datatype: float64}
# - {name: PS1_y, datatype: float64}
# - {name: ukirt_J, datatype: float64}
# - {name: ukirt_H, datatype: float64}
# - {name: ukirt_K, datatype: float64}
# - {name: johnson_U, datatype: float64}
# - {name: johnson_B, datatype: float64}
# - {name: johnson_V, datatype: float64}
# - {name: johnson_R, datatype: float64}
# - {name: johnson_I, datatype: float64}
# - {name: Clear, datatype: float64}
# meta: !!omap
# - comment: [vej = 0.12724137931034482, mej = 0.001, Ye = 0.1, redshift = 0.0]
# schema: astropy-2.0
time sdss_u sdss_g sdss_r sdss_i sdss_z PS1_y ukirt_J ukirt_H ukirt_K johnson_U johnson_B johnson_V johnson_R johnson_I Clear
[from data line 1619]
81.050000 604.086361 441.542789 338.538217 272.888587 232.724808 207.541916 156.373510 110.646096 80.409032 584.607470 486.870952 381.798053 325.992597 228.674396 334.411478
81.100000 604.450237 441.812402 338.747982 273.060131 232.872925 207.675321 156.476945 110.722612 80.467626 584.960058 487.166869 382.032967 326.195063 228.820148 334.618842
81.150000 604.814103 442.082008 338.957740 273.231670 233.021037 207.808722 156.580378 110.799127 80.526219 585.312636 487.462779 382.267875 326.397524 228.965896 334.826200
81.200000 605.177959 442.351606 339.167494 273.403205 233.169147 207.942120 156.683808 110.875640 80.584811 585.665205 487.758680 382.502776 326.599979 229.111640 335.033553
81.250000 605.541806 442.621197 339.377241 273.574736 233.317253 208.075515 156.787236 110.952152 80.643403 586.017764 488.054574 382.737672 326.802429 229.257381 335.240901
81.300000 605.905642 442.890781 339.586984 273.746262 233.465355 208.208907 156.890661 111.028662 80.701993 586.370313 488.350459 382.972561 327.004874 229.403119 335.448243
81.350000 606.269467 443.160357 339.796721 273.917784 233.613453 208.342296 156.994085 111.105171 80.760582 586.722852 488.646336 383.207443 327.207314 229.548853 335.655580
81.400000 606.633283 443.429926 340.006452 274.089301 233.761548 208.475681 157.097506 111.181679 80.819170 587.075382 488.942206 383.442320 327.409748 229.694583 335.862911
81.450000 606.997089 443.699488 340.216178 274.260815 233.909639 208.609064 157.200924 111.258184 80.877758 587.427902 489.238067 383.677191 327.612177 229.840310 336.070237
81.500000 607.360885 443.969043 340.425898 274.432324 234.057727 208.742443 157.304341 111.334689 80.936344 587.780413 489.533920 383.912055 327.814601 229.986033 336.277558
81.550000 607.724671 444.238591 340.635613 274.603828 234.205811 208.875819 157.407755 111.411192 80.994929 588.132913 489.829765 384.146913 328.017020 230.131753 336.484873
81.600000 608.088447 444.508131 340.845323 274.775329 234.353891 209.009191 157.511167 111.487693 81.053514 588.485404 490.125603 384.381765 328.219433 230.277469 336.692183
81.650000 608.452212 444.777664 341.055027 274.946825 234.501968 209.142561 157.614576 111.564193 81.112097 588.837886 490.421432 384.616610 328.421841 230.423181 336.899488
81.700000 608.815968 445.047190 341.264726 275.118316 234.650041 209.275927 157.717983 111.640691 81.170680 589.190357 490.717253 384.851450 328.624244 230.568890 337.106787
81.750000 609.179714 445.316709 341.474419 275.289804 234.798110 209.409291 157.821388 111.717188 81.229261 589.542820 491.013066 385.086283 328.826642 230.714596 337.314080
81.800000 609.543450 445.586221 341.684107 275.461287 234.946176 209.542651 157.924791 111.793683 81.287842 589.895272 491.308872 385.321110 329.029035 230.860298 337.521369
81.850000 609.907175 445.855725 341.893790 275.632766 235.094238 209.676007 158.028191 111.870177 81.346421 590.247715 491.604669 385.555931 329.231422 231.005996 337.728652
81.900000 610.270891 446.125222 342.103467 275.804240 235.242297 209.809361 158.131589 111.946670 81.405000 590.600148 491.900458 385.790746 329.433804 231.151691 337.935930
81.950000 610.634597 446.394712 342.313138 275.975711 235.390352 209.942712 158.234985 112.023161 81.463578 590.952571 492.196240 386.025554 329.636181 231.297382 338.143202
82.000000 610.998293 446.664195 342.522804 276.147177 235.538404 210.076059 158.338379 112.099650 81.522154 591.304985 492.492013 386.260357 329.838553 231.443070 338.350469
82.050000 611.361979 446.933671 342.732465 276.318638 235.686452 210.209403 158.441770 112.176138 81.580730 591.657389 492.787779 386.495153 330.040919 231.588755 338.557731
82.100000 611.725655 447.203139 342.942121 276.490096 235.834496 210.342744 158.545159 112.252625 81.639305 592.009784 493.083536 386.729943 330.243281 231.734435 338.764987
82.150000 612.089321 447.472600 343.151771 276.661549 235.982537 210.476082 158.648546 112.329110 81.697879 592.362169 493.379286 386.964727 330.445637 231.880113 338.972238
82.200000 612.452977 447.742055 343.361415 276.832998 236.130574 210.609417 158.751930 112.405593 81.756452 592.714544 493.675028 387.199505 330.647988 232.025786 339.179484
82.250000 612.816624 448.011502 343.571054 277.004442 236.278607 210.742749 158.855312 112.482075 81.815024 593.066910 493.970761 387.434277 330.850334 232.171457 339.386724
82.300000 613.180260 448.280941 343.780688 277.175882 236.426637 210.876077 158.958692 112.558556 81.873595 593.419266 494.266487 387.669043 331.052674 232.317123 339.593959
82.350000 613.543886 448.550374 343.990316 277.347318 236.574664 211.009402 159.062070 112.635035 81.932165 593.771613 494.562205 387.903802 331.255010 232.462787 339.801189
82.400000 613.907503 448.819800 344.199939 277.518750 236.722687 211.142724 159.165445 112.711512 81.990734 594.123950 494.857915 388.138556 331.457340 232.608446 340.008413
82.450000 614.271110 449.089218 344.409557 277.690178 236.870706 211.276044 159.268818 112.787988 82.049302 594.476278 495.153617 388.373303 331.659665 232.754102 340.215632
82.500000 614.634706 449.358630 344.619169 277.861601 237.018721 211.409359 159.372189 112.864463 82.107869 594.828596 495.449312 388.608044 331.861985 232.899755 340.422846
82.550000 614.998293 449.628034 344.828776 278.033020 237.166734 211.542672 159.475557 112.940936 82.166436 595.180904 495.744998 388.842779 332.064300 233.045404 340.630055
82.600000 615.361870 449.897431 345.038378 278.204435 237.314742 211.675982 159.578924 113.017408 82.225001 595.533203 496.040676 389.077508 332.266610 233.191050 340.837258
82.650000 615.725437 450.166821 345.247974 278.375845 237.462747 211.809288 159.682288 113.093878 82.283565 595.885492 496.336347 389.312231 332.468914 233.336692 341.044456
82.700000 616.088995 450.436204 345.457565 278.547251 237.610748 211.942591 159.785649 113.170347 82.342129 596.237772 496.632010 389.546948 332.671213 233.482331 341.251648
82.750000 616.452542 450.705579 345.667150 278.718654 237.758746 212.075892 159.889009 113.246814 82.400691 596.590043 496.927665 389.781658 332.873508 233.627966 341.458836
82.800000 616.816080 450.974948 345.876730 278.890051 237.906741 212.209189 159.992366 113.323280 82.459252 596.942303 497.223312 390.016363 333.075797 233.773598 341.666018
82.850000 617.179608 451.244310 346.086305 279.061445 238.054731 212.342483 160.095721 113.399744 82.517813 597.294555 497.518951 390.251062 333.278081 233.919226 341.873195
82.900000 617.543126 451.513664 346.295875 279.232834 238.202718 212.475773 160.199074 113.476207 82.576373 597.646797 497.814582 390.485754 333.480359 234.064851 342.080366
82.950000 617.906634 451.783012 346.505439 279.404219 238.350702 212.609061 160.302424 113.552668 82.634931 597.999029 498.110205 390.720440 333.682633 234.210472 342.287532
83.000000 618.270132 452.052352 346.714997 279.575600 238.498682 212.742346 160.405773 113.629128 82.693489 598.351252 498.405821 390.955121 333.884902 234.356090 342.494693
83.050000 618.633621 452.321685 346.924551 279.746977 238.646659 212.875627 160.509119 113.705587 82.752046 598.703465 498.701429 391.189795 334.087165 234.501704 342.701849
83.100000 618.997100 452.591012 347.134099 279.918349 238.794632 213.008905 160.612462 113.782044 82.810601 599.055669 498.997029 391.424463 334.289423 234.647315 342.908999
83.150000 619.360569 452.860331 347.343642 280.089717 238.942601 213.142181 160.715804 113.858499 82.869156 599.407864 499.292621 391.659125 334.491677 234.792923 343.116145
83.200000 619.724028 453.129643 347.553179 280.261081 239.090567 213.275453 160.819143 113.934953 82.927710 599.760049 499.588205 391.893781 334.693925 234.938526 343.323285
83.250000 620.087477 453.398948 347.762711 280.432441 239.238529 213.408722 160.922480 114.011406 82.986263 600.112224 499.883782 392.128431 334.896168 235.084127 343.530419
83.300000 620.450917 453.668246 347.972238 280.603797 239.386488 213.541988 161.025815 114.087857 83.044815 600.464391 500.179351 392.363075 335.098406 235.229724 343.737549
83.350000 620.814347 453.937537 348.181759 280.775148 239.534444 213.675250 161.129147 114.164306 83.103366 600.816547 500.474912 392.597713 335.300638 235.375317 343.944673
83.400000 621.177767 454.206821 348.391276 280.946495 239.682395 213.808510 161.232478 114.240754 83.161916 601.168695 500.770465 392.832345 335.502866 235.520907 344.151792
83.450000 621.541178 454.476098 348.600786 281.117838 239.830344 213.941767 161.335806 114.317201 83.220465 601.520832 501.066010 393.066971 335.705089 235.666494 344.358906
83.500000 621.904578 454.745368 348.810292 281.289177 239.978288 214.075020 161.439131 114.393646 83.279013 601.872961 501.361548 393.301591 335.907306 235.812077 344.566014
83.550000 622.267969 455.014631 349.019792 281.460511 240.126230 214.208271 161.542455 114.470090 83.337561 602.225080 501.657078 393.536205 336.109519 235.957657 344.773118
83.600000 622.631350 455.283887 349.229287 281.631842 240.274167 214.341518 161.645776 114.546532 83.396107 602.577190 501.952600 393.770813 336.311726 236.103233 344.980216
83.650000 622.994722 455.553136 349.438777 281.803168 240.422102 214.474762 161.749095 114.622973 83.454652 602.929290 502.248114 394.005415 336.513928 236.248806 345.187308
83.700000 623.358084 455.822378 349.648261 281.974490 240.570032 214.608003 161.852412 114.699413 83.513197 603.281381 502.543620 394.240011 336.716125 236.394375 345.394396
83.750000 623.721436 456.091612 349.857741 282.145808 240.717959 214.741241 161.955727 114.775851 83.571740 603.633462 502.839119 394.474600 336.918318 236.539941 345.601479
83.800000 624.084778 456.360840 350.067215 282.317121 240.865883 214.874476 162.059039 114.852287 83.630283 603.985535 503.134610 394.709184 337.120505 236.685504 345.808556
83.850000 624.448111 456.630061 350.276683 282.488431 241.013803 215.007708 162.162350 114.928722 83.688824 604.337597 503.430094 394.943762 337.322687 236.831063 346.015628
83.900000 624.811434 456.899275 350.486146 282.659736 241.161720 215.140937 162.265658 115.005156 83.747365 604.689651 503.725569 395.178334 337.524864 236.976618 346.222695
83.950000 625.174748 457.168482 350.695605 282.831037 241.309633 215.274162 162.368963 115.081588 83.805905 605.041695 504.021037 395.412900 337.727035 237.122170 346.429756
84.000000 625.538051 457.437682 350.905057 283.002334 241.457543 215.407385 162.472267 115.158018 83.864443 605.393730 504.316497 395.647460 337.929202 237.267719 346.636813
84.050000 625.901346 457.706875 351.114505 283.173627 241.605449 215.540605 162.575568 115.234448 83.922981 605.745755 504.611950 395.882014 338.131364 237.413264 346.843864
84.100000 626.264630 457.976061 351.323947 283.344915 241.753351 215.673821 162.678867 115.310875 83.981518 606.097771 504.907394 396.116562 338.333521 237.558806 347.050910
84.150000 626.627905 458.245240 351.533384 283.516200 241.901251 215.807034 162.782164 115.387302 84.040054 606.449778 505.202831 396.351104 338.535673 237.704345 347.257951
84.200000 626.991170 458.514413 351.742816 283.687480 242.049146 215.940245 162.885459 115.463727 84.098589 606.801776 505.498261 396.585640 338.737819 237.849880 347.464987
84.250000 627.354426 458.783578 351.952243 283.858756 242.197038 216.073452 162.988751 115.540150 84.157123 607.153764 505.793682 396.820170 338.939961 237.995411 347.672017
84.300000 627.717671 459.052736 352.161664 284.030028 242.344927 216.206656 163.092041 115.616572 84.215656 607.505743 506.089096 397.054694 339.142097 238.140940 347.879042
84.350000 628.080908 459.321888 352.371080 284.201296 242.492812 216.339857 163.195329 115.692992 84.274188 607.857712 506.384502 397.289212 339.344229 238.286464 348.086063
84.400000 628.444134 459.591032 352.580491 284.372560 242.640694 216.473055 163.298615 115.769412 84.332719 608.209672 506.679901 397.523725 339.546356 238.431986 348.293078
84.450000 628.807352 459.860169 352.789897 284.543819 242.788572 216.606250 163.401899 115.845829 84.391250 608.561623 506.975292 397.758231 339.748477 238.577504 348.500088
84.500000 629.170559 460.129300 352.999297 284.715075 242.936447 216.739442 163.505180 115.922245 84.449779 608.913565 507.270675 397.992731 339.950594 238.723018 348.707092
84.550000 629.533757 460.398424 353.208692 284.886326 243.084319 216.872631 163.608459 115.998660 84.508308 609.265498 507.566051 398.227226 340.152705 238.868529 348.914092
84.600000 629.896945 460.667540 353.418082 285.057573 243.232186 217.005817 163.711736 116.075073 84.566835 609.617421 507.861418 398.461714 340.354812 239.014037 349.121086
84.650000 630.260124 460.936650 353.627467 285.228816 243.380051 217.139000 163.815011 116.151485 84.625362 609.969335 508.156779 398.696197 340.556913 239.159541 349.328076
84.700000 630.623293 461.205753 353.836847 285.400055 243.527912 217.272179 163.918283 116.227896 84.683887 610.321240 508.452131 398.930673 340.759010 239.305042 349.535060
84.750000 630.986453 461.474849 354.046221 285.571290 243.675769 217.405356 164.021554 116.304305 84.742412 610.673135 508.747476 399.165144 340.961101 239.450540 349.742039
84.800000 631.349603 461.743938 354.255590 285.742520 243.823623 217.538530 164.124822 116.380712 84.800936 611.025021 509.042814 399.399609 341.163188 239.596034 349.949013
84.850000 631.712744 462.013021 354.464954 285.913747 243.971474 217.671700 164.228088 116.457118 84.859458 611.376898 509.338143 399.634068 341.365269 239.741525 350.155981
84.900000 632.075875 462.282096 354.674313 286.084969 244.119321 217.804868 164.331352 116.533523 84.917980 611.728766 509.633466 399.868521 341.567346 239.887012 350.362945
84.950000 632.438996 462.551165 354.883666 286.256187 244.267164 217.938032 164.434613 116.609926 84.976501 612.080625 509.928780 400.102968 341.769417 240.032496 350.569903
85.000000 632.802108 462.820226 355.093015 286.427402 244.415004 218.071194 164.537872 116.686328 85.035021 612.432474 510.224087 400.337409 341.971484 240.177977 350.776857
85.050000 633.165211 463.089281 355.302358 286.598612 244.562841 218.204352 164.641130 116.762728 85.093540 612.784314 510.519386 400.571845 342.173545 240.323454 350.983805
85.100000 633.528304 463.358329 355.511696 286.769818 244.710674 218.337507 164.744385 116.839127 85.152058 613.136145 510.814678 400.806274 342.375602 240.468928 351.190748
85.150000 633.891387 463.627370 355.721029 286.941019 244.858504 218.470660 164.847637 116.915524 85.210576 613.487967 511.109962 401.040698 342.577653 240.614398 351.397686
85.200000 634.254461 463.896404 355.930357 287.112217 245.006331 218.603809 164.950888 116.991920 85.269092 613.839780 511.405238 401.275116 342.779700 240.759865 351.604619
85.250000 634.617526 464.165432 356.139679 287.283411 245.154154 218.736955 165.054136 117.068315 85.327607 614.191583 511.700507 401.509527 342.981742 240.905329 351.811547
85.300000 634.980581 464.434452 356.348996 287.454600 245.301973 218.870099 165.157382 117.144708 85.386122 614.543378 511.995769 401.743933 343.183779 241.050789 352.018470
85.350000 635.343626 464.703466 356.558309 287.625786 245.449789 219.003239 165.260627 117.221100 85.444635 614.895163 512.291022 401.978333 343.385810 241.196246 352.225387
85.400000 635.706662 464.972473 356.767616 287.796967 245.597602 219.136376 165.363868 117.297490 85.503148 615.246939 512.586269 402.212728 343.587837 241.341700 352.432300
85.450000 636.069689 465.241473 356.976918 287.968145 245.745411 219.269510 165.467108 117.373879 85.561659 615.598706 512.881507 402.447116 343.789859 241.487150 352.639207
85.500000 636.432706 465.510466 357.186214 288.139318 245.893217 219.402641 165.570345 117.450266 85.620170 615.950463 513.176738 402.681499 343.991876 241.632597 352.846110
85.550000 636.795714 465.779453 357.395506 288.310487 246.041019 219.535770 165.673581 117.526652 85.678680 616.302212 513.471962 402.915875 344.193888 241.778040 353.053007
