web/models/kne/24/Metzger_0.212177_0.062414_0.100000.dat
# %ECSV 0.9
# ---
# datatype:
# - {name: time, datatype: float64}
# - {name: sdss_u, datatype: float64}
# - {name: sdss_g, datatype: float64}
# - {name: sdss_r, datatype: float64}
# - {name: sdss_i, datatype: float64}
# - {name: sdss_z, datatype: float64}
# - {name: PS1_y, datatype: float64}
# - {name: ukirt_J, datatype: float64}
# - {name: ukirt_H, datatype: float64}
# - {name: ukirt_K, datatype: float64}
# - {name: johnson_U, datatype: float64}
# - {name: johnson_B, datatype: float64}
# - {name: johnson_V, datatype: float64}
# - {name: johnson_R, datatype: float64}
# - {name: johnson_I, datatype: float64}
# - {name: Clear, datatype: float64}
# meta: !!omap
# - comment: [vej = 0.06241379310344827, mej = 0.2121769878034849, Ye = 0.1, redshift = 0.0]
# schema: astropy-2.0
time sdss_u sdss_g sdss_r sdss_i sdss_z PS1_y ukirt_J ukirt_H ukirt_K johnson_U johnson_B johnson_V johnson_R johnson_I Clear
[from data line 2507]
125.450000 145.198435 101.214946 73.485073 55.907547 45.209099 38.530227 25.056485 13.185825 5.490539 139.917195 113.458325 85.112799 70.118964 44.133177 72.377505
125.500000 145.269470 101.267424 73.525768 55.940717 45.237657 38.555889 25.076247 13.200287 5.501473 139.986008 113.515981 85.158445 70.158222 44.161270 72.417728
125.550000 145.340499 101.319897 73.566459 55.973885 45.266214 38.581549 25.096007 13.214749 5.512406 140.054816 113.573632 85.204088 70.197477 44.189361 72.457947
125.600000 145.411523 101.372366 73.607148 56.007050 45.294768 38.607207 25.115766 13.229209 5.523338 140.123618 113.631279 85.249727 70.236729 44.217449 72.498163
125.650000 145.482541 101.424831 73.647834 56.040213 45.323320 38.632863 25.135523 13.243668 5.534270 140.192414 113.688921 85.295363 70.275978 44.245536 72.538376
125.700000 145.553554 101.477292 73.688516 56.073373 45.351869 38.658518 25.155280 13.258127 5.545201 140.261205 113.746559 85.340995 70.315225 44.273620 72.578586
125.750000 145.624560 101.529749 73.729195 56.106531 45.380417 38.684170 25.175034 13.272584 5.556132 140.329990 113.804192 85.386623 70.354468 44.301702 72.618793
125.800000 145.695562 101.582201 73.769871 56.139687 45.408963 38.709821 25.194788 13.287041 5.567062 140.398770 113.861821 85.432248 70.393708 44.329782 72.658997
125.850000 145.766557 101.634650 73.810544 56.172839 45.437506 38.735470 25.214540 13.301497 5.577991 140.467545 113.919445 85.477869 70.432945 44.357861 72.699197
125.900000 145.837547 101.687094 73.851214 56.205990 45.466047 38.761117 25.234290 13.315951 5.588920 140.536314 113.977065 85.523487 70.472179 44.385937 72.739395
125.950000 145.908531 101.739535 73.891881 56.239138 45.494587 38.786762 25.254040 13.330405 5.599848 140.605077 114.034680 85.569101 70.511410 44.414011 72.779590
126.000000 145.979510 101.791971 73.932545 56.272283 45.523124 38.812405 25.273788 13.344858 5.610776 140.673835 114.092291 85.614712 70.550638 44.442083 72.819781
126.050000 146.050482 101.844403 73.973205 56.305426 45.551659 38.838046 25.293534 13.359310 5.621702 140.742588 114.149897 85.660319 70.589863 44.470152 72.859969
126.100000 146.121450 101.896831 74.013863 56.338566 45.580192 38.863686 25.313279 13.373761 5.632628 140.811335 114.207498 85.705923 70.629085 44.498220 72.900155
126.150000 146.192411 101.949255 74.054517 56.371704 45.608722 38.889323 25.333023 13.388211 5.643554 140.880077 114.265095 85.751523 70.668304 44.526286 72.940337
126.200000 146.263367 102.001675 74.095168 56.404840 45.637251 38.914959 25.352765 13.402660 5.654479 140.948813 114.322688 85.797120 70.707520 44.554349 72.980516
126.250000 146.334318 102.054091 74.135816 56.437972 45.665778 38.940593 25.372506 13.417108 5.665403 141.017544 114.380275 85.842713 70.746733 44.582411 73.020692
126.300000 146.405262 102.106503 74.176461 56.471103 45.694302 38.966225 25.392246 13.431555 5.676327 141.086269 114.437859 85.888303 70.785943 44.610471 73.060865
126.350000 146.476201 102.158910 74.217103 56.504231 45.722825 38.991855 25.411984 13.446002 5.687249 141.154989 114.495438 85.933889 70.825150 44.638528 73.101035
126.400000 146.547135 102.211314 74.257741 56.537356 45.751345 39.017483 25.431721 13.460447 5.698172 141.223703 114.553012 85.979471 70.864354 44.666583 73.141202
126.450000 146.618063 102.263713 74.298377 56.570479 45.779863 39.043109 25.451457 13.474891 5.709093 141.292413 114.610582 86.025050 70.903555 44.694637 73.181366
126.500000 146.688985 102.316108 74.339010 56.603600 45.808379 39.068734 25.471191 13.489335 5.720014 141.361116 114.668147 86.070626 70.942753 44.722688 73.221526
126.550000 146.759901 102.368500 74.379639 56.636718 45.836893 39.094357 25.490924 13.503778 5.730935 141.429814 114.725708 86.116198 70.981948 44.750737 73.261684
126.600000 146.830812 102.420887 74.420265 56.669833 45.865405 39.119977 25.510655 13.518219 5.741855 141.498507 114.783264 86.161766 71.021140 44.778784 73.301838
126.650000 146.901718 102.473270 74.460888 56.702946 45.893915 39.145596 25.530385 13.532660 5.752774 141.567194 114.840816 86.207331 71.060329 44.806829 73.341990
126.700000 146.972617 102.525649 74.501508 56.736057 45.922422 39.171214 25.550114 13.547100 5.763692 141.635876 114.898364 86.252892 71.099515 44.834872 73.382138
126.750000 147.043511 102.578024 74.542125 56.769165 45.950928 39.196829 25.569841 13.561539 5.774610 141.704552 114.955906 86.298450 71.138698 44.862913 73.422284
126.800000 147.114400 102.630395 74.582739 56.802271 45.979431 39.222442 25.589567 13.575976 5.785527 141.773223 115.013445 86.344005 71.177878 44.890952 73.462426
126.850000 145.577053 101.500162 73.710987 56.095590 45.373930 38.680480 25.177042 13.279710 5.566665 140.284628 113.769605 85.363634 70.337647 44.295665 72.601042
126.900000 145.647258 101.552027 73.751207 56.128373 45.402154 38.705842 25.196573 13.294003 5.577471 140.352638 113.826588 85.408747 70.376447 44.323429 72.640794
126.950000 145.717459 101.603888 73.791424 56.161153 45.430377 38.731202 25.216102 13.308295 5.588276 140.420642 113.883566 85.453856 70.415243 44.351191 72.680544
127.000000 145.787654 101.655744 73.831637 56.193931 45.458597 38.756561 25.235630 13.322586 5.599080 140.488641 113.940540 85.498963 70.454037 44.378952 72.720290
127.050000 145.857843 101.707597 73.871847 56.226707 45.486816 38.781917 25.255156 13.336876 5.609884 140.556634 113.997510 85.544065 70.492828 44.406710 72.760034
127.100000 145.928027 101.759445 73.912055 56.259480 45.515032 38.807272 25.274682 13.351165 5.620687 140.624622 114.054475 85.589165 70.531616 44.434466 72.799774
127.150000 145.998205 101.811290 73.952259 56.292250 45.543246 38.832625 25.294206 13.365454 5.631490 140.692605 114.111435 85.634260 70.570400 44.462220 72.839511
127.200000 146.068377 101.863130 73.992460 56.325019 45.571458 38.857976 25.313728 13.379741 5.642292 140.760582 114.168391 85.679353 70.609182 44.489973 72.879246
127.250000 146.138544 101.914967 74.032659 56.357784 45.599668 38.883325 25.333249 13.394028 5.653093 140.828554 114.225343 85.724441 70.647961 44.517723 72.918977
127.300000 146.208706 101.966799 74.072854 56.390548 45.627876 38.908672 25.352769 13.408313 5.663894 140.896521 114.282290 85.769527 70.686737 44.545471 72.958706
127.350000 146.278862 102.018628 74.113046 56.423308 45.656082 38.934018 25.372287 13.422598 5.674694 140.964483 114.339233 85.814609 70.725510 44.573217 72.998431
127.400000 146.349013 102.070452 74.153235 56.456067 45.684286 38.959361 25.391805 13.436882 5.685494 141.032439 114.396172 85.859687 70.764280 44.600961 73.038153
127.450000 146.419158 102.122272 74.193421 56.488823 45.712488 38.984703 25.411320 13.451165 5.696292 141.100389 114.453106 85.904762 70.803048 44.628703 73.077873
127.500000 146.489297 102.174089 74.233604 56.521576 45.740688 39.010043 25.430835 13.465447 5.707091 141.168335 114.510035 85.949834 70.841812 44.656443 73.117589
127.550000 146.559431 102.225901 74.273784 56.554328 45.768885 39.035381 25.450348 13.479728 5.717888 141.236275 114.566961 85.994902 70.880573 44.684182 73.157302
127.600000 146.629560 102.277710 74.313961 56.587076 45.797081 39.060718 25.469860 13.494008 5.728685 141.304209 114.623881 86.039967 70.919332 44.711918 73.197013
127.650000 146.699683 102.329514 74.354134 56.619822 45.825275 39.086052 25.489370 13.508287 5.739481 141.372139 114.680798 86.085028 70.958087 44.739652 73.236720
127.700000 146.769801 102.381315 74.394305 56.652566 45.853466 39.111385 25.508879 13.522566 5.750277 141.440063 114.737710 86.130086 70.996840 44.767384 73.276424
127.750000 146.839913 102.433111 74.434473 56.685308 45.881656 39.136716 25.528387 13.536843 5.761072 141.507981 114.794617 86.175140 71.035589 44.795114 73.316126
127.800000 146.910019 102.484904 74.474638 56.718047 45.909843 39.162045 25.547893 13.551119 5.771867 141.575895 114.851520 86.220191 71.074336 44.822842 73.355824
127.850000 146.980120 102.536692 74.514799 56.750783 45.938029 39.187372 25.567398 13.565395 5.782661 141.643803 114.908419 86.265239 71.113080 44.850568 73.395519
127.900000 147.050216 102.588477 74.554958 56.783517 45.966212 39.212698 25.586902 13.579670 5.793454 141.711706 114.965313 86.310283 71.151821 44.878291 73.435212
127.950000 147.120306 102.640257 74.595114 56.816249 45.994393 39.238022 25.606404 13.593944 5.804246 141.779603 115.022203 86.355324 71.190559 44.906013 73.474901
128.000000 147.190390 102.692034 74.635266 56.848978 46.022572 39.263343 25.625905 13.608216 5.815038 141.847495 115.079088 86.400361 71.229294 44.933733 73.514588
128.050000 147.260469 102.743806 74.675416 56.881705 46.050750 39.288663 25.645405 13.622488 5.825830 141.915382 115.135970 86.445395 71.268026 44.961451 73.554271
128.100000 147.330543 102.795575 74.715562 56.914430 46.078925 39.313982 25.664903 13.636759 5.836620 141.983264 115.192846 86.490425 71.306756 44.989167 73.593951
128.150000 147.400611 102.847339 74.755706 56.947152 46.107098 39.339298 25.684401 13.651030 5.847411 142.051140 115.249719 86.535452 71.345482 45.016881 73.633629
128.200000 147.470674 102.899100 74.795846 56.979871 46.135269 39.364613 25.703896 13.665299 5.858200 142.119011 115.306586 86.580475 71.384205 45.044593 73.673303
128.250000 147.540731 102.950857 74.835984 57.012589 46.163438 39.389925 25.723391 13.679567 5.868989 142.186877 115.363450 86.625496 71.422926 45.072303 73.712975
128.300000 147.610783 103.002609 74.876118 57.045303 46.191605 39.415236 25.742884 13.693835 5.879777 142.254737 115.420309 86.670512 71.461644 45.100011 73.752643
128.350000 147.680829 103.054358 74.916250 57.078016 46.219770 39.440546 25.762375 13.708101 5.890565 142.322592 115.477164 86.715526 71.500358 45.127717 73.792309
128.400000 147.750870 103.106103 74.956378 57.110726 46.247933 39.465853 25.781866 13.722367 5.901352 142.390442 115.534014 86.760535 71.539070 45.155421 73.831971
128.450000 147.820905 103.157843 74.996504 57.143433 46.276094 39.491159 25.801355 13.736632 5.912138 142.458287 115.590860 86.805542 71.577779 45.183122 73.871631
128.500000 147.890935 103.209580 75.036626 57.176138 46.304253 39.516462 25.820842 13.750895 5.922924 142.526126 115.647702 86.850545 71.616485 45.210822 73.911287
128.550000 147.960960 103.261313 75.076745 57.208841 46.332409 39.541764 25.840329 13.765158 5.933709 142.593960 115.704539 86.895545 71.655188 45.238520 73.950941
128.600000 148.030979 103.313042 75.116862 57.241542 46.360564 39.567065 25.859814 13.779420 5.944494 142.661789 115.761372 86.940541 71.693889 45.266216 73.990591
128.650000 148.100992 103.364767 75.156975 57.274240 46.388717 39.592363 25.879298 13.793681 5.955277 142.729613 115.818200 86.985534 71.732586 45.293910 74.030239
128.700000 148.171001 103.416488 75.197085 57.306935 46.416868 39.617659 25.898780 13.807942 5.966061 142.797431 115.875024 87.030523 71.771280 45.321602 74.069884
128.750000 148.241003 103.468205 75.237193 57.339628 46.445016 39.642954 25.918261 13.822201 5.976843 142.865244 115.931844 87.075509 71.809972 45.349292 74.109525
128.800000 148.311001 103.519918 75.277297 57.372319 46.473163 39.668247 25.937741 13.836459 5.987625 142.933052 115.988660 87.120492 71.848661 45.376980 74.149164
128.850000 148.380993 103.571627 75.317399 57.405007 46.501308 39.693538 25.957219 13.850717 5.998407 143.000854 116.045471 87.165471 71.887347 45.404666 74.188800
128.900000 148.450979 103.623333 75.357497 57.437693 46.529450 39.718828 25.976696 13.864973 6.009188 143.068651 116.102277 87.210447 71.926029 45.432350 74.228433
128.950000 148.520960 103.675034 75.397592 57.470377 46.557591 39.744115 25.996172 13.879229 6.019968 143.136443 116.159080 87.255419 71.964710 45.460032 74.268063
129.000000 148.590936 103.726731 75.437685 57.503058 46.585729 39.769401 26.015647 13.893484 6.030748 143.204230 116.215878 87.300388 72.003387 45.487712 74.307689
129.050000 148.660906 103.778425 75.477774 57.535737 46.613866 39.794685 26.035120 13.907738 6.041527 143.272012 116.272671 87.345354 72.042061 45.515389 74.347313
129.100000 148.730871 103.830114 75.517860 57.568413 46.642000 39.819967 26.054592 13.921991 6.052305 143.339788 116.329461 87.390316 72.080732 45.543065 74.386934
129.150000 148.800830 103.881800 75.557944 57.601087 46.670133 39.845248 26.074062 13.936243 6.063083 143.407559 116.386246 87.435275 72.119401 45.570739 74.426552
129.200000 148.870784 103.933481 75.598024 57.633759 46.698263 39.870526 26.093531 13.950494 6.073860 143.475325 116.443026 87.480230 72.158067 45.598411 74.466168
129.250000 148.940732 103.985159 75.638102 57.666428 46.726392 39.895803 26.112999 13.964745 6.084636 143.543085 116.499803 87.525183 72.196729 45.626082 74.505780
129.300000 149.010676 104.036833 75.678176 57.699095 46.754518 39.921078 26.132466 13.978994 6.095412 143.610841 116.556575 87.570131 72.235389 45.653750 74.545389
129.350000 149.080613 104.088503 75.718247 57.731759 46.782642 39.946352 26.151931 13.993243 6.106187 143.678591 116.613342 87.615077 72.274046 45.681416 74.584995
129.400000 149.150546 104.140169 75.758316 57.764421 46.810765 39.971623 26.171395 14.007490 6.116962 143.746336 116.670105 87.660019 72.312701 45.709080 74.624599
129.450000 149.220473 104.191831 75.798381 57.797081 46.838885 39.996893 26.190858 14.021737 6.127736 143.814076 116.726864 87.704957 72.351352 45.736742 74.664199
129.500000 149.290394 104.243489 75.838444 57.829738 46.867003 40.022161 26.210319 14.035983 6.138510 143.881810 116.783619 87.749893 72.390000 45.764402 74.703796
129.550000 149.360310 104.295143 75.878504 57.862393 46.895120 40.047427 26.229779 14.050228 6.149282 143.949539 116.840369 87.794824 72.428646 45.792060 74.743391
129.600000 149.430221 104.346793 75.918560 57.895046 46.923234 40.072691 26.249237 14.064472 6.160055 144.017264 116.897115 87.839753 72.467289 45.819716 74.782982
129.650000 149.500127 104.398440 75.958614 57.927696 46.951346 40.097954 26.268695 14.078715 6.170826 144.084983 116.953857 87.884678 72.505929 45.847371 74.822571
129.700000 149.570027 104.450082 75.998664 57.960344 46.979457 40.123215 26.288151 14.092957 6.181597 144.152696 117.010594 87.929600 72.544566 45.875023 74.862157
129.750000 149.639921 104.501721 76.038712 57.992989 47.007565 40.148474 26.307606 14.107199 6.192368 144.220405 117.067327 87.974518 72.583200 45.902673 74.901739
129.800000 149.709811 104.553356 76.078757 58.025632 47.035671 40.173731 26.327059 14.121439 6.203137 144.288108 117.124056 88.019433 72.621831 45.930322 74.941319
129.850000 149.779695 104.604987 76.118798 58.058273 47.063776 40.198986 26.346511 14.135679 6.213906 144.355806 117.180781 88.064345 72.660460 45.957968 74.980896
129.900000 149.849573 104.656613 76.158837 58.090911 47.091878 40.224240 26.365962 14.149918 6.224675 144.423499 117.237501 88.109254 72.699085 45.985612 75.020470
129.950000 149.919447 104.708236 76.198873 58.123547 47.119978 40.249492 26.385411 14.164156 6.235443 144.491187 117.294217 88.154159 72.737708 46.013255 75.060041
130.000000 149.989315 104.759856 76.238906 58.156181 47.148077 40.274742 26.404860 14.178393 6.246210 144.558870 117.350928 88.199060 72.776328 46.040895 75.099609
130.050000 150.059177 104.811471 76.278936 58.188812 47.176173 40.299991 26.424306 14.192629 6.256977 144.626547 117.407635 88.243959 72.814945 46.068534 75.139175
130.100000 150.129034 104.863082 76.318963 58.221441 47.204267 40.325237 26.443752 14.206864 6.267743 144.694219 117.464338 88.288854 72.853560 46.096170 75.178737
130.150000 150.198886 104.914690 76.358987 58.254067 47.232359 40.350482 26.463196 14.221098 6.278509 144.761886 117.521037 88.333745 72.892171 46.123805 75.218296
130.200000 150.268733 104.966293 76.399008 58.286692 47.260450 40.375725 26.482639 14.235331 6.289274 144.829548 117.577732 88.378634 72.930780 46.151437 75.257853
130.250000 150.338574 105.017893 76.439026 58.319313 47.288538 40.400966 26.502081 14.249564 6.300038 144.897205 117.634422 88.423519 72.969385 46.179068 75.297406
