web/models/kne/24/Metzger_0.001902_0.062414_0.100000.dat
# %ECSV 0.9
# ---
# datatype:
# - {name: time, datatype: float64}
# - {name: sdss_u, datatype: float64}
# - {name: sdss_g, datatype: float64}
# - {name: sdss_r, datatype: float64}
# - {name: sdss_i, datatype: float64}
# - {name: sdss_z, datatype: float64}
# - {name: PS1_y, datatype: float64}
# - {name: ukirt_J, datatype: float64}
# - {name: ukirt_H, datatype: float64}
# - {name: ukirt_K, datatype: float64}
# - {name: johnson_U, datatype: float64}
# - {name: johnson_B, datatype: float64}
# - {name: johnson_V, datatype: float64}
# - {name: johnson_R, datatype: float64}
# - {name: johnson_I, datatype: float64}
# - {name: Clear, datatype: float64}
# meta: !!omap
# - comment: [vej = 0.06241379310344827, mej = 0.0019019705740394193, Ye = 0.1, redshift = 0.0]
# schema: astropy-2.0
time sdss_u sdss_g sdss_r sdss_i sdss_z PS1_y ukirt_J ukirt_H ukirt_K johnson_U johnson_B johnson_V johnson_R johnson_I Clear
[from data line 1090]
54.600000 232.639336 166.587833 124.846809 98.321449 82.138513 72.015421 51.525436 33.352896 21.461828 224.715437 184.989401 142.362334 119.772085 80.508939 123.177272
54.650000 232.858675 166.750047 124.972753 98.424231 82.227098 72.095091 51.586943 33.398090 21.496160 224.927935 185.167556 142.503519 119.893606 80.596091 123.301762
54.700000 233.078005 166.912254 125.098693 98.527010 82.315680 72.174758 51.648449 33.443284 21.530493 225.140424 185.345704 142.644700 120.015123 80.683240 123.426247
54.750000 233.297325 167.074455 125.224629 98.629785 82.404260 72.254422 51.709953 33.488477 21.564826 225.352905 185.523844 142.785875 120.136636 80.770386 123.550728
54.800000 233.516637 167.236650 125.350560 98.732557 82.492837 72.334085 51.771456 33.533669 21.599159 225.565377 185.701978 142.927044 120.258145 80.857530 123.675204
54.850000 233.735940 167.398838 125.476486 98.835326 82.581412 72.413746 51.832958 33.578861 21.633492 225.777840 185.880104 143.068209 120.379650 80.944672 123.799677
54.900000 233.955233 167.561021 125.602408 98.938091 82.669983 72.493404 51.894459 33.624053 21.667825 225.990294 186.058224 143.209369 120.501150 81.031811 123.924144
54.950000 234.174517 167.723197 125.728326 99.040854 82.758553 72.573060 51.955958 33.669244 21.702158 226.202740 186.236336 143.350523 120.622646 81.118947 124.048608
55.000000 234.393793 167.885367 125.854239 99.143612 82.847119 72.652714 52.017456 33.714434 21.736491 226.415177 186.414442 143.491672 120.744138 81.206081 124.173067
55.050000 234.613059 168.047530 125.980148 99.246368 82.935683 72.732366 52.078952 33.759624 21.770824 226.627605 186.592540 143.632816 120.865625 81.293213 124.297521
55.100000 234.832317 168.209688 126.106052 99.349120 83.024244 72.812015 52.140448 33.804814 21.805158 226.840025 186.770632 143.773954 120.987108 81.380341 124.421971
55.150000 235.051565 168.371839 126.231952 99.451869 83.112803 72.891663 52.201942 33.850003 21.839491 227.052436 186.948716 143.915088 121.108588 81.467467 124.546417
55.200000 235.270805 168.533984 126.357847 99.554614 83.201359 72.971308 52.263434 33.895191 21.873824 227.264838 187.126794 144.056216 121.230062 81.554591 124.670859
55.250000 235.490035 168.696123 126.483738 99.657357 83.289913 73.050951 52.324926 33.940379 21.908157 227.477232 187.304864 144.197339 121.351533 81.641712 124.795296
55.300000 235.709257 168.858256 126.609625 99.760095 83.378463 73.130591 52.386416 33.985567 21.942490 227.689617 187.482928 144.338457 121.472999 81.728831 124.919728
55.350000 235.928470 169.020382 126.735507 99.862831 83.467012 73.210230 52.447905 34.030754 21.976823 227.901994 187.660985 144.479570 121.594462 81.815947 125.044157
55.400000 236.147673 169.182503 126.861384 99.965563 83.555557 73.289867 52.509392 34.075940 22.011157 228.114362 187.839034 144.620678 121.715920 81.903060 125.168581
55.450000 236.366868 169.344617 126.987258 100.068293 83.644100 73.369501 52.570878 34.121126 22.045490 228.326721 188.017077 144.761780 121.837374 81.990171 125.293001
55.500000 236.586054 169.506725 127.113127 100.171018 83.732641 73.449133 52.632363 34.166312 22.079823 228.539072 188.195113 144.902878 121.958823 82.077280 125.417416
55.550000 236.805231 169.668827 127.238991 100.273741 83.821178 73.528763 52.693847 34.211496 22.114156 228.751414 188.373142 145.043970 122.080269 82.164385 125.541827
55.600000 237.024399 169.830923 127.364851 100.376460 83.909714 73.608391 52.755329 34.256681 22.148490 228.963748 188.551164 145.185057 122.201710 82.251489 125.666234
55.650000 237.243558 169.993012 127.490707 100.479176 83.998246 73.688016 52.816810 34.301865 22.182823 229.176073 188.729179 145.326139 122.323147 82.338590 125.790636
55.700000 237.462708 170.155096 127.616558 100.581888 84.086776 73.767640 52.878290 34.347048 22.217156 229.388389 188.907188 145.467216 122.444580 82.425688 125.915034
55.750000 237.681850 170.317173 127.742405 100.684598 84.175304 73.847261 52.939769 34.392231 22.251489 229.600697 189.085189 145.608288 122.566009 82.512784 126.039428
55.800000 237.900983 170.479244 127.868248 100.787304 84.263828 73.926880 53.001246 34.437413 22.285823 229.812997 189.263183 145.749354 122.687433 82.599877 126.163817
55.850000 238.120106 170.641309 127.994086 100.890007 84.352351 74.006497 53.062722 34.482595 22.320156 230.025288 189.441171 145.890416 122.808854 82.686968 126.288203
55.900000 238.339221 170.803368 128.119920 100.992706 84.440870 74.086112 53.124196 34.527776 22.354489 230.237570 189.619152 146.031472 122.930270 82.774056 126.412583
55.950000 238.558327 170.965421 128.245749 101.095403 84.529387 74.165724 53.185669 34.572957 22.388823 230.449844 189.797126 146.172524 123.051682 82.861141 126.536960
56.000000 238.777425 171.127468 128.371574 101.198096 84.617902 74.245335 53.247141 34.618138 22.423156 230.662110 189.975093 146.313570 123.173090 82.948225 126.661332
56.050000 238.996513 171.289509 128.497395 101.300785 84.706414 74.324943 53.308612 34.663317 22.457489 230.874366 190.153053 146.454611 123.294494 83.035305 126.785700
56.100000 239.215593 171.451544 128.623211 101.403472 84.794923 74.404549 53.370081 34.708497 22.491823 231.086615 190.331006 146.595647 123.415893 83.122383 126.910064
56.150000 239.434664 171.613572 128.749023 101.506155 84.883430 74.484153 53.431550 34.753675 22.526156 231.298855 190.508953 146.736678 123.537289 83.209459 127.034423
56.200000 239.653726 171.775595 128.874831 101.608835 84.971934 74.563755 53.493016 34.798854 22.560489 231.511087 190.686893 146.877704 123.658680 83.296532 127.158778
56.250000 239.872779 171.937611 129.000634 101.711512 85.060435 74.643355 53.554482 34.844031 22.594822 231.723310 190.864825 147.018725 123.780067 83.383603 127.283129
56.300000 240.091824 172.099622 129.126433 101.814185 85.148935 74.722952 53.615946 34.889209 22.629156 231.935525 191.042752 147.159741 123.901450 83.470671 127.407476
56.350000 240.310860 172.261626 129.252228 101.916856 85.237431 74.802547 53.677409 34.934385 22.663489 232.147731 191.220671 147.300752 124.022829 83.557737 127.531818
56.400000 240.529887 172.423624 129.378018 102.019523 85.325925 74.882141 53.738871 34.979561 22.697822 232.359929 191.398583 147.441757 124.144204 83.644800 127.656156
56.450000 240.748905 172.585617 129.503804 102.122187 85.414416 74.961732 53.800331 35.024737 22.732156 232.572118 191.576489 147.582758 124.265575 83.731860 127.780490
56.500000 240.967915 172.747603 129.629586 102.224847 85.502905 75.041321 53.861790 35.069912 22.766489 232.784299 191.754388 147.723754 124.386942 83.818918 127.904820
56.550000 241.186916 172.909583 129.755363 102.327505 85.591391 75.120908 53.923248 35.115087 22.800822 232.996472 191.932280 147.864744 124.508304 83.905974 128.029145
56.600000 241.405908 173.071557 129.881136 102.430159 85.679875 75.200492 53.984705 35.160261 22.835156 233.208636 192.110166 148.005730 124.629663 83.993027 128.153466
56.650000 241.624892 173.233526 130.006905 102.532810 85.768356 75.280075 54.046160 35.205434 22.869489 233.420792 192.288044 148.146711 124.751017 84.080078 128.277783
56.700000 241.843867 173.395488 130.132669 102.635457 85.856834 75.359655 54.107614 35.250608 22.903822 233.632940 192.465916 148.287686 124.872367 84.167126 128.402095
56.750000 242.062833 173.557444 130.258429 102.738102 85.945310 75.439233 54.169066 35.295780 22.938155 233.845079 192.643781 148.428657 124.993713 84.254172 128.526404
56.800000 242.281791 173.719394 130.384185 102.840743 86.033784 75.518810 54.230518 35.340952 22.972489 234.057210 192.821640 148.569622 125.115055 84.341215 128.650708
56.850000 242.500739 173.881339 130.509937 102.943381 86.122255 75.598384 54.291968 35.386124 23.006822 234.269333 192.999491 148.710583 125.236393 84.428256 128.775008
56.900000 242.719680 174.043277 130.635684 103.046016 86.210723 75.677956 54.353417 35.431295 23.041155 234.481447 193.177336 148.851538 125.357727 84.515294 128.899303
56.950000 242.938611 174.205209 130.761427 103.148648 86.299189 75.757525 54.414864 35.476465 23.075488 234.693553 193.355175 148.992489 125.479057 84.602330 129.023595
57.000000 243.157534 174.367135 130.887166 103.251276 86.387652 75.837093 54.476311 35.521635 23.109821 234.905651 193.533006 149.133434 125.600383 84.689363 129.147882
57.050000 243.376449 174.529056 131.012900 103.353902 86.476113 75.916658 54.537756 35.566804 23.144155 235.117740 193.710831 149.274375 125.721704 84.776394 129.272165
57.100000 243.595355 174.690970 131.138630 103.456524 86.564571 75.996222 54.599199 35.611973 23.178488 235.329821 193.888649 149.415311 125.843022 84.863422 129.396444
57.150000 243.814252 174.852879 131.264356 103.559143 86.653027 76.075783 54.660642 35.657142 23.212821 235.541894 194.066461 149.556241 125.964336 84.950448 129.520719
57.200000 244.033141 175.014781 131.390078 103.661758 86.741480 76.155342 54.722083 35.702309 23.247154 235.753958 194.244266 149.697167 126.085645 85.037472 129.644989
57.250000 244.252021 175.176678 131.515795 103.764371 86.829931 76.234899 54.783523 35.747477 23.281487 235.966015 194.422064 149.838088 126.206951 85.124493 129.769256
57.300000 244.470892 175.338569 131.641508 103.866980 86.918379 76.314454 54.844961 35.792644 23.315820 236.178063 194.599855 149.979003 126.328252 85.211511 129.893518
57.350000 244.689755 175.500453 131.767217 103.969586 87.006824 76.394007 54.906399 35.837810 23.350153 236.390102 194.777640 150.119914 126.449549 85.298527 130.017776
57.400000 244.908609 175.662332 131.892922 104.072189 87.095267 76.473558 54.967835 35.882976 23.384486 236.602134 194.955418 150.260820 126.570843 85.385541 130.142029
57.450000 245.127455 175.824205 132.018622 104.174789 87.183708 76.553106 55.029269 35.928141 23.418819 236.814157 195.133190 150.401721 126.692132 85.472552 130.266279
57.500000 245.346293 175.986072 132.144318 104.277386 87.272146 76.632653 55.090703 35.973306 23.453152 237.026172 195.310954 150.542617 126.813417 85.559561 130.390524
57.550000 245.565121 176.147933 132.270010 104.379979 87.360581 76.712197 55.152135 36.018470 23.487485 237.238179 195.488713 150.683508 126.934698 85.646567 130.514765
57.600000 245.783942 176.309789 132.395698 104.482569 87.449014 76.791739 55.213566 36.063633 23.521818 237.450178 195.666464 150.824394 127.055975 85.733571 130.639002
57.650000 246.002754 176.471638 132.521382 104.585157 87.537445 76.871280 55.274996 36.108797 23.556151 237.662168 195.844209 150.965275 127.177249 85.820572 130.763235
57.700000 246.221557 176.633481 132.647061 104.687741 87.625873 76.950818 55.336424 36.153959 23.590484 237.874151 196.021948 151.106151 127.298518 85.907571 130.887464
57.750000 246.440352 176.795319 132.772736 104.790321 87.714298 77.030354 55.397851 36.199121 23.624817 238.086125 196.199680 151.247023 127.419783 85.994568 131.011689
57.800000 246.659138 176.957151 132.898407 104.892899 87.802721 77.109887 55.459277 36.244283 23.659149 238.298091 196.377405 151.387889 127.541044 86.081562 131.135909
57.850000 246.877916 177.118977 133.024073 104.995474 87.891141 77.189419 55.520702 36.289444 23.693482 238.510049 196.555123 151.528751 127.662301 86.168553 131.260126
57.900000 247.096685 177.280797 133.149736 105.098045 87.979559 77.268949 55.582125 36.334604 23.727815 238.721998 196.732835 151.669607 127.783554 86.255542 131.384338
57.950000 247.315446 177.442611 133.275394 105.200613 88.067975 77.348476 55.643547 36.379764 23.762148 238.933940 196.910541 151.810459 127.904803 86.342529 131.508546
58.000000 247.534199 177.604419 133.401048 105.303178 88.156388 77.428002 55.704968 36.424924 23.796480 239.145873 197.088240 151.951306 128.026048 86.429513 131.632750
58.050000 247.752943 177.766222 133.526698 105.405740 88.244798 77.507525 55.766388 36.470083 23.830813 239.357799 197.265932 152.092148 128.147290 86.516495 131.756949
58.100000 247.971679 177.928018 133.652343 105.508299 88.333206 77.587047 55.827806 36.515241 23.865145 239.569716 197.443618 152.232985 128.268527 86.603475 131.881145
58.150000 248.190406 178.089809 133.777985 105.610855 88.421612 77.666566 55.889223 36.560399 23.899478 239.781625 197.621297 152.373817 128.389760 86.690452 132.005337
58.200000 248.409125 178.251594 133.903622 105.713407 88.510014 77.746083 55.950638 36.605556 23.933811 239.993526 197.798970 152.514645 128.510989 86.777426 132.129524
58.250000 248.627835 178.413373 134.029255 105.815957 88.598415 77.825598 56.012053 36.650713 23.968143 240.205419 197.976636 152.655467 128.632214 86.864398 132.253707
58.300000 248.846537 178.575147 134.154884 105.918503 88.686813 77.905111 56.073466 36.695869 24.002476 240.417304 198.154296 152.796285 128.753435 86.951368 132.377887
58.350000 249.065231 178.736914 134.280509 106.021046 88.775208 77.984622 56.134878 36.741025 24.036808 240.629180 198.331949 152.937098 128.874653 87.038335 132.502062
58.400000 249.283916 178.898676 134.406130 106.123586 88.863601 78.064130 56.196289 36.786180 24.071140 240.841049 198.509595 153.077906 128.995866 87.125300 132.626233
58.450000 249.502593 179.060432 134.531746 106.226123 88.951992 78.143637 56.257698 36.831335 24.105473 241.052910 198.687235 153.218709 129.117075 87.212263 132.750400
58.500000 249.721262 179.222182 134.657358 106.328657 89.040380 78.223142 56.319106 36.876489 24.139805 241.264762 198.864869 153.359507 129.238281 87.299223 132.874563
58.550000 249.939922 179.383927 134.782966 106.431187 89.128766 78.302644 56.380513 36.921643 24.174137 241.476607 199.042496 153.500300 129.359482 87.386180 132.998721
58.600000 250.158574 179.545665 134.908570 106.533715 89.217149 78.382145 56.441919 36.966796 24.208469 241.688443 199.220117 153.641089 129.480680 87.473136 133.122876
58.650000 250.377218 179.707398 135.034170 106.636239 89.305529 78.461643 56.503323 37.011948 24.242802 241.900272 199.397731 153.781873 129.601873 87.560088 133.247027
58.700000 250.595853 179.869125 135.159766 106.738761 89.393907 78.541140 56.564726 37.057101 24.277134 242.112093 199.575338 153.922652 129.723063 87.647039 133.371173
58.750000 250.814480 180.030847 135.285357 106.841279 89.482283 78.620634 56.626128 37.102252 24.311466 242.323905 199.752940 154.063426 129.844248 87.733987 133.495316
58.800000 251.033099 180.192562 135.410945 106.943794 89.570656 78.700126 56.687529 37.147403 24.345798 242.535710 199.930534 154.204195 129.965430 87.820932 133.619454
58.850000 251.251709 180.354272 135.536528 107.046306 89.659027 78.779616 56.748928 37.192553 24.380130 242.747506 200.108123 154.344960 130.086608 87.907876 133.743588
58.900000 251.470311 180.515976 135.662107 107.148815 89.747395 78.859104 56.810326 37.237703 24.414462 242.959295 200.285704 154.485719 130.207782 87.994816 133.867718
58.950000 251.688905 180.677675 135.787682 107.251321 89.835761 78.938590 56.871723 37.282853 24.448794 243.171075 200.463280 154.626474 130.328952 88.081755 133.991845
59.000000 251.907491 180.839368 135.913253 107.353824 89.924125 79.018074 56.933118 37.328002 24.483125 243.382848 200.640849 154.767224 130.450118 88.168691 134.115967
59.050000 252.126068 181.001055 136.038820 107.456323 90.012486 79.097556 56.994513 37.373150 24.517457 243.594613 200.818411 154.907970 130.571280 88.255625 134.240085
59.100000 252.344637 181.162736 136.164383 107.558820 90.100844 79.177036 57.055906 37.418298 24.551789 243.806369 200.995967 155.048710 130.692438 88.342556 134.364199
59.150000 252.563198 181.324411 136.289942 107.661314 90.189200 79.256514 57.117298 37.463445 24.586121 244.018118 201.173517 155.189446 130.813592 88.429485 134.488309
59.200000 252.781751 181.486081 136.415496 107.763804 90.277554 79.335989 57.178688 37.508592 24.620452 244.229859 201.351060 155.330177 130.934743 88.516411 134.612415
59.250000 253.000295 181.647745 136.541046 107.866291 90.365905 79.415463 57.240077 37.553738 24.654784 244.441592 201.528597 155.470903 131.055889 88.603335 134.736517
