web/models/kne/24/Metzger_0.001000_0.030000_0.100000.dat
# %ECSV 0.9
# ---
# datatype:
# - {name: time, datatype: float64}
# - {name: sdss_u, datatype: float64}
# - {name: sdss_g, datatype: float64}
# - {name: sdss_r, datatype: float64}
# - {name: sdss_i, datatype: float64}
# - {name: sdss_z, datatype: float64}
# - {name: PS1_y, datatype: float64}
# - {name: ukirt_J, datatype: float64}
# - {name: ukirt_H, datatype: float64}
# - {name: ukirt_K, datatype: float64}
# - {name: johnson_U, datatype: float64}
# - {name: johnson_B, datatype: float64}
# - {name: johnson_V, datatype: float64}
# - {name: johnson_R, datatype: float64}
# - {name: johnson_I, datatype: float64}
# - {name: Clear, datatype: float64}
# meta: !!omap
# - comment: [vej = 0.03, mej = 0.001, Ye = 0.1, redshift = 0.0]
# schema: astropy-2.0
time sdss_u sdss_g sdss_r sdss_i sdss_z PS1_y ukirt_J ukirt_H ukirt_K johnson_U johnson_B johnson_V johnson_R johnson_I Clear
[from data line 2043]
102.250000 352.125521 255.293556 194.009783 155.003986 131.171288 116.244199 85.967959 59.005559 41.262215 340.515640 282.284566 219.737607 186.551882 128.769479 191.556411
102.300000 352.298742 255.421794 194.109460 155.085425 131.241547 116.307438 86.016896 59.041650 41.289753 340.683475 282.425357 219.849287 186.648077 128.838610 191.654944
102.350000 352.471960 255.550030 194.209137 155.166863 131.311805 116.370676 86.065832 59.077742 41.317292 340.851306 282.566145 219.960964 186.744271 128.907740 191.753474
102.400000 352.645174 255.678263 194.308811 155.248299 131.382063 116.433913 86.114768 59.113832 41.344831 341.019134 282.706931 220.072640 186.840463 128.976868 191.852004
102.450000 352.818385 255.806494 194.408484 155.329734 131.452319 116.497149 86.163703 59.149923 41.372369 341.186958 282.847714 220.184314 186.936653 129.045996 191.950531
102.500000 352.991593 255.934723 194.508155 155.411168 131.522574 116.560384 86.212638 59.186013 41.399908 341.354780 282.988494 220.295985 187.032842 129.115123 192.049057
102.550000 353.164798 256.062949 194.607825 155.492600 131.592829 116.623618 86.261572 59.222103 41.427446 341.522598 283.129272 220.407655 187.129029 129.184249 192.147581
102.600000 353.337999 256.191173 194.707493 155.574032 131.663082 116.686852 86.310506 59.258193 41.454984 341.690413 283.270047 220.519323 187.225214 129.253374 192.246104
102.650000 353.511197 256.319395 194.807159 155.655462 131.733334 116.750084 86.359439 59.294282 41.482522 341.858225 283.410820 220.630989 187.321398 129.322497 192.344624
102.700000 353.684392 256.447615 194.906824 155.736890 131.803585 116.813316 86.408372 59.330371 41.510060 342.026034 283.551590 220.742653 187.417581 129.391620 192.443144
102.750000 353.857583 256.575832 195.006487 155.818318 131.873835 116.876547 86.457303 59.366460 41.537598 342.193840 283.692357 220.854315 187.513761 129.460742 192.541661
102.800000 354.030771 256.704047 195.106148 155.899744 131.944084 116.939777 86.506235 59.402549 41.565136 342.361643 283.833122 220.965975 187.609940 129.529863 192.640177
102.850000 354.203956 256.832260 195.205807 155.981168 132.014332 117.003006 86.555165 59.438637 41.592674 342.529442 283.973885 221.077633 187.706118 129.598982 192.738692
102.900000 354.377138 256.960470 195.305465 156.062592 132.084579 117.066234 86.604096 59.474725 41.620211 342.697239 284.114645 221.189290 187.802294 129.668101 192.837204
102.950000 354.550316 257.088679 195.405121 156.144014 132.154825 117.129462 86.653025 59.510812 41.647749 342.865032 284.255402 221.300944 187.898468 129.737219 192.935715
103.000000 354.723491 257.216884 195.504776 156.225435 132.225070 117.192688 86.701954 59.546900 41.675286 343.032822 284.396157 221.412596 187.994641 129.806336 193.034225
103.050000 354.896663 257.345088 195.604429 156.306855 132.295314 117.255914 86.750883 59.582987 41.702823 343.200609 284.536909 221.524247 188.090812 129.875451 193.132732
103.100000 355.069832 257.473289 195.704080 156.388273 132.365557 117.319138 86.799811 59.619074 41.730360 343.368392 284.677659 221.635895 188.186982 129.944566 193.231238
103.150000 355.242997 257.601488 195.803729 156.469691 132.435799 117.382362 86.848738 59.655160 41.757897 343.536173 284.818406 221.747542 188.283150 130.013680 193.329743
103.200000 355.416159 257.729685 195.903377 156.551107 132.506040 117.445585 86.897665 59.691246 41.785434 343.703950 284.959150 221.859187 188.379316 130.082792 193.428246
103.250000 355.589318 257.857879 196.003023 156.632521 132.576279 117.508807 86.946591 59.727332 41.812971 343.871725 285.099892 221.970830 188.475481 130.151904 193.526747
103.300000 355.762474 257.986072 196.102668 156.713935 132.646518 117.572028 86.995517 59.763418 41.840508 344.039496 285.240632 222.082471 188.571644 130.221015 193.625246
103.350000 355.935626 258.114261 196.202311 156.795347 132.716756 117.635249 87.044442 59.799503 41.868044 344.207264 285.381368 222.194109 188.667806 130.290125 193.723744
103.400000 356.108775 258.242449 196.301952 156.876757 132.786993 117.698468 87.093366 59.835588 41.895581 344.375029 285.522103 222.305747 188.763966 130.359233 193.822240
103.450000 356.281921 258.370634 196.401592 156.958167 132.857228 117.761687 87.142290 59.871673 41.923117 344.542791 285.662835 222.417382 188.860125 130.428341 193.920735
103.500000 356.455064 258.498817 196.501229 157.039575 132.927463 117.824904 87.191213 59.907757 41.950654 344.710550 285.803564 222.529015 188.956281 130.497448 194.019228
103.550000 356.628203 258.626998 196.600866 157.120982 132.997697 117.888121 87.240136 59.943841 41.978190 344.878305 285.944291 222.640646 189.052437 130.566553 194.117719
103.600000 356.801339 258.755177 196.700500 157.202388 133.067929 117.951337 87.289058 59.979925 42.005726 345.046058 286.085015 222.752276 189.148590 130.635658 194.216209
103.650000 356.974472 258.883353 196.800133 157.283793 133.138161 118.014552 87.337980 60.016008 42.033262 345.213807 286.225736 222.863903 189.244743 130.704762 194.314697
103.700000 357.147602 259.011527 196.899764 157.365196 133.208391 118.077766 87.386901 60.052092 42.060798 345.381553 286.366455 222.975528 189.340893 130.773864 194.413183
103.750000 357.320728 259.139699 196.999394 157.446598 133.278621 118.140979 87.435822 60.088175 42.088333 345.549296 286.507172 223.087152 189.437042 130.842966 194.511668
103.800000 357.493852 259.267868 197.099022 157.527999 133.348849 118.204192 87.484742 60.124257 42.115869 345.717036 286.647886 223.198774 189.533189 130.912067 194.610151
103.850000 357.666972 259.396035 197.198648 157.609398 133.419077 118.267403 87.533661 60.160340 42.143404 345.884773 286.788598 223.310394 189.629335 130.981166 194.708633
103.900000 357.840088 259.524200 197.298273 157.690796 133.489303 118.330614 87.582580 60.196422 42.170940 346.052507 286.929306 223.422012 189.725480 131.050265 194.807113
103.950000 358.013202 259.652363 197.397896 157.772193 133.559529 118.393824 87.631498 60.232504 42.198475 346.220237 287.070013 223.533628 189.821622 131.119363 194.905591
104.000000 358.186312 259.780523 197.497517 157.853589 133.629753 118.457033 87.680416 60.268585 42.226010 346.387965 287.210717 223.645242 189.917763 131.188459 195.004068
104.050000 358.359419 259.908681 197.597137 157.934983 133.699976 118.520241 87.729333 60.304666 42.253545 346.555689 287.351418 223.756854 190.013903 131.257555 195.102543
104.100000 358.532523 260.036837 197.696755 158.016376 133.770199 118.583448 87.778249 60.340747 42.281080 346.723411 287.492117 223.868464 190.110041 131.326650 195.201016
104.150000 358.705624 260.164991 197.796371 158.097768 133.840420 118.646654 87.827165 60.376828 42.308615 346.891129 287.632813 223.980072 190.206177 131.395743 195.299488
104.200000 358.878721 260.293142 197.895986 158.179159 133.910640 118.709860 87.876081 60.412908 42.336150 347.058844 287.773507 224.091679 190.302312 131.464836 195.397958
104.250000 359.051816 260.421291 197.995599 158.260548 133.980860 118.773064 87.924996 60.448988 42.363685 347.226556 287.914198 224.203283 190.398445 131.533928 195.496427
104.300000 359.224907 260.549438 198.095211 158.341936 134.051078 118.836268 87.973910 60.485068 42.391219 347.394265 288.054887 224.314886 190.494577 131.603018 195.594894
104.350000 359.397994 260.677583 198.194820 158.423323 134.121295 118.899471 88.022824 60.521147 42.418754 347.561971 288.195573 224.426487 190.590707 131.672108 195.693359
104.400000 359.571079 260.805725 198.294428 158.504709 134.191512 118.962673 88.071737 60.557227 42.446288 347.729674 288.336257 224.538086 190.686835 131.741197 195.791823
104.450000 359.744160 260.933865 198.394035 158.586093 134.261727 119.025874 88.120649 60.593305 42.473822 347.897373 288.476938 224.649683 190.782962 131.810285 195.890285
104.500000 359.917239 261.062003 198.493640 158.667476 134.331941 119.089074 88.169561 60.629384 42.501356 348.065070 288.617617 224.761278 190.879088 131.879371 195.988745
104.550000 360.090314 261.190139 198.593243 158.748858 134.402154 119.152274 88.218473 60.665462 42.528890 348.232763 288.758293 224.872871 190.975211 131.948457 196.087204
104.600000 360.263385 261.318272 198.692845 158.830238 134.472366 119.215472 88.267384 60.701540 42.556424 348.400454 288.898967 224.984462 191.071334 132.017542 196.185661
104.650000 360.436454 261.446403 198.792445 158.911618 134.542577 119.278670 88.316294 60.737618 42.583958 348.568141 289.039638 225.096052 191.167454 132.086626 196.284117
104.700000 360.609519 261.574532 198.892043 158.992996 134.612788 119.341867 88.365204 60.773695 42.611491 348.735825 289.180306 225.207639 191.263573 132.155708 196.382571
104.750000 360.782582 261.702658 198.991640 159.074373 134.682997 119.405063 88.414113 60.809773 42.639025 348.903506 289.320973 225.319225 191.359691 132.224790 196.481023
104.800000 360.955641 261.830783 199.091235 159.155748 134.753205 119.468258 88.463022 60.845849 42.666558 349.071184 289.461636 225.430808 191.455807 132.293871 196.579474
104.850000 361.128696 261.958905 199.190828 159.237123 134.823412 119.531452 88.511930 60.881926 42.694092 349.238859 289.602297 225.542390 191.551921 132.362951 196.677923
104.900000 361.301749 262.087025 199.290420 159.318496 134.893618 119.594645 88.560837 60.918002 42.721625 349.406531 289.742956 225.653970 191.648034 132.432029 196.776371
104.950000 361.474798 262.215143 199.390010 159.399867 134.963823 119.657837 88.609744 60.954078 42.749158 349.574200 289.883612 225.765548 191.744145 132.501107 196.874817
105.000000 361.647845 262.343258 199.489598 159.481238 135.034027 119.721029 88.658651 60.990154 42.776691 349.741866 290.024266 225.877124 191.840255 132.570184 196.973261
105.050000 361.820888 262.471371 199.589185 159.562607 135.104230 119.784220 88.707556 61.026229 42.804224 349.909528 290.164917 225.988698 191.936363 132.639260 197.071704
105.100000 361.993928 262.599482 199.688771 159.643975 135.174432 119.847410 88.756462 61.062304 42.831757 350.077188 290.305565 226.100271 192.032470 132.708335 197.170145
105.150000 362.166964 262.727591 199.788354 159.725342 135.244633 119.910599 88.805366 61.098379 42.859289 350.244844 290.446211 226.211841 192.128575 132.777409 197.268584
105.200000 362.339998 262.855697 199.887936 159.806708 135.314833 119.973787 88.854271 61.134454 42.886822 350.412498 290.586855 226.323410 192.224679 132.846481 197.367022
105.250000 362.513028 262.983802 199.987516 159.888072 135.385032 120.036974 88.903174 61.170528 42.914354 350.580148 290.727496 226.434977 192.320780 132.915553 197.465458
105.300000 362.686055 263.111904 200.087095 159.969435 135.455230 120.100160 88.952077 61.206602 42.941887 350.747796 290.868135 226.546542 192.416881 132.984624 197.563893
105.350000 362.859079 263.240003 200.186672 160.050797 135.525427 120.163346 89.000980 61.242675 42.969419 350.915440 291.008771 226.658104 192.512980 133.053694 197.662326
105.400000 363.032100 263.368101 200.286248 160.132158 135.595623 120.226531 89.049882 61.278749 42.996951 351.083081 291.149404 226.769666 192.609077 133.122763 197.760758
105.450000 363.205118 263.496196 200.385822 160.213517 135.665818 120.289714 89.098783 61.314822 43.024483 351.250719 291.290035 226.881225 192.705173 133.191831 197.859188
105.500000 363.378132 263.624289 200.485394 160.294875 135.736012 120.352897 89.147684 61.350894 43.052015 351.418355 291.430664 226.992782 192.801267 133.260898 197.957616
105.550000 363.551144 263.752380 200.584964 160.376232 135.806205 120.416079 89.196584 61.386967 43.079546 351.585987 291.571290 227.104338 192.897359 133.329964 198.056042
105.600000 363.724152 263.880469 200.684533 160.457588 135.876397 120.479261 89.245484 61.423039 43.107078 351.753616 291.711914 227.215891 192.993451 133.399029 198.154468
105.650000 363.897157 264.008555 200.784101 160.538942 135.946588 120.542441 89.294383 61.459111 43.134610 351.921242 291.852535 227.327443 193.089540 133.468093 198.252891
105.700000 364.070159 264.136640 200.883666 160.620295 136.016778 120.605620 89.343281 61.495183 43.162141 352.088864 291.993154 227.438993 193.185628 133.537156 198.351313
105.750000 364.243157 264.264722 200.983230 160.701647 136.086967 120.668799 89.392179 61.531254 43.189672 352.256484 292.133770 227.550541 193.281714 133.606218 198.449733
105.800000 364.416153 264.392801 201.082793 160.782998 136.157155 120.731977 89.441077 61.567325 43.217204 352.424101 292.274384 227.662087 193.377799 133.675279 198.548152
105.850000 364.589145 264.520879 201.182354 160.864347 136.227342 120.795154 89.489973 61.603396 43.244735 352.591715 292.414995 227.773631 193.473883 133.744339 198.646569
105.900000 364.762134 264.648954 201.281913 160.945695 136.297528 120.858330 89.538870 61.639466 43.272266 352.759326 292.555604 227.885173 193.569964 133.813398 198.744984
105.950000 364.935120 264.777027 201.381471 161.027042 136.367712 120.921505 89.587765 61.675536 43.299797 352.926933 292.696210 227.996714 193.666045 133.882456 198.843398
106.000000 365.108103 264.905098 201.481027 161.108388 136.437896 120.984680 89.636661 61.711606 43.327327 353.094538 292.836814 228.108252 193.762123 133.951513 198.941811
106.050000 365.281083 265.033167 201.580581 161.189732 136.508079 121.047853 89.685555 61.747675 43.354858 353.262140 292.977415 228.219789 193.858200 134.020569 199.040221
106.100000 365.454060 265.161234 201.680134 161.271076 136.578261 121.111026 89.734449 61.783745 43.382388 353.429738 293.118014 228.331324 193.954276 134.089625 199.138630
106.150000 365.627033 265.289298 201.779685 161.352418 136.648442 121.174197 89.783343 61.819814 43.409919 353.597334 293.258611 228.442857 194.050350 134.158679 199.237038
106.200000 365.800003 265.417360 201.879234 161.433758 136.718622 121.237368 89.832236 61.855882 43.437449 353.764926 293.399205 228.554388 194.146423 134.227732 199.335444
106.250000 365.972970 265.545420 201.978782 161.515098 136.788801 121.300538 89.881128 61.891951 43.464979 353.932516 293.539796 228.665917 194.242494 134.296784 199.433848
106.300000 366.145934 265.673478 202.078329 161.596436 136.858979 121.363708 89.930020 61.928019 43.492509 354.100102 293.680385 228.777445 194.338563 134.365836 199.532251
106.350000 366.318895 265.801533 202.177873 161.677773 136.929156 121.426876 89.978911 61.964087 43.520039 354.267686 293.820972 228.888970 194.434631 134.434886 199.630652
106.400000 366.491853 265.929586 202.277416 161.759109 136.999331 121.490044 90.027802 62.000154 43.547569 354.435266 293.961556 229.000494 194.530697 134.503935 199.729052
106.450000 366.664808 266.057637 202.376958 161.840444 137.069506 121.553210 90.076692 62.036221 43.575099 354.602843 294.102137 229.112016 194.626762 134.572983 199.827450
106.500000 366.837759 266.185686 202.476498 161.921777 137.139680 121.616376 90.125582 62.072288 43.602629 354.770418 294.242717 229.223536 194.722825 134.642031 199.925846
106.550000 367.010708 266.313733 202.576036 162.003109 137.209853 121.679541 90.174471 62.108355 43.630158 354.937989 294.383293 229.335054 194.818887 134.711077 200.024241
106.600000 367.183653 266.441777 202.675573 162.084440 137.280025 121.742705 90.223359 62.144421 43.657687 355.105557 294.523868 229.446570 194.914947 134.780123 200.122634
106.650000 367.356595 266.569820 202.775108 162.165770 137.350196 121.805868 90.272247 62.180487 43.685217 355.273123 294.664439 229.558085 195.011006 134.849167 200.221026
106.700000 367.529534 266.697860 202.874641 162.247098 137.420366 121.869031 90.321134 62.216553 43.712746 355.440685 294.805009 229.669597 195.107063 134.918210 200.319416
106.750000 367.702470 266.825898 202.974173 162.328426 137.490535 121.932192 90.370021 62.252619 43.740275 355.608244 294.945576 229.781108 195.203119 134.987253 200.417804
