web/models/kne/24/Metzger_0.262885_0.386552_0.450000.dat
# %ECSV 0.9
# ---
# datatype:
# - {name: time, datatype: float64}
# - {name: sdss_u, datatype: float64}
# - {name: sdss_g, datatype: float64}
# - {name: sdss_r, datatype: float64}
# - {name: sdss_i, datatype: float64}
# - {name: sdss_z, datatype: float64}
# - {name: PS1_y, datatype: float64}
# - {name: ukirt_J, datatype: float64}
# - {name: ukirt_H, datatype: float64}
# - {name: ukirt_K, datatype: float64}
# - {name: johnson_U, datatype: float64}
# - {name: johnson_B, datatype: float64}
# - {name: johnson_V, datatype: float64}
# - {name: johnson_R, datatype: float64}
# - {name: johnson_I, datatype: float64}
# - {name: Clear, datatype: float64}
# meta: !!omap
# - comment: [vej = 0.38655172413793104, mej = 0.2628852448240983, Ye = 0.45, redshift = 0.0]
# schema: astropy-2.0
time sdss_u sdss_g sdss_r sdss_i sdss_z PS1_y ukirt_J ukirt_H ukirt_K johnson_U johnson_B johnson_V johnson_R johnson_I Clear
[from data line 2600]
130.100000 404.899171 292.875057 221.945673 176.779974 149.171623 131.873451 96.767062 65.466298 44.834477 391.470019 324.105512 251.726799 213.311521 146.388667 219.105429
130.150000 405.056320 292.991430 222.036157 176.853925 149.235440 131.930904 96.811550 65.499142 44.859568 391.622286 324.233264 251.828162 213.398847 146.451460 219.194874
130.200000 405.213466 293.107801 222.126639 176.927875 149.299255 131.988355 96.856038 65.531985 44.884659 391.774549 324.361014 251.929523 213.486173 146.514253 219.284318
130.250000 405.370610 293.224170 222.217120 177.001823 149.363070 132.045806 96.900525 65.564829 44.909750 391.926810 324.488761 252.030883 213.573497 146.577045 219.373761
130.300000 405.527751 293.340537 222.307600 177.075770 149.426884 132.103257 96.945012 65.597672 44.934841 392.079069 324.616507 252.132241 213.660820 146.639836 219.463202
130.350000 405.684890 293.456903 222.398078 177.149716 149.490697 132.160706 96.989498 65.630515 44.959931 392.231324 324.744250 252.233598 213.748141 146.702626 219.552642
130.400000 405.842025 293.573266 222.488555 177.223662 149.554509 132.218155 97.033984 65.663357 44.985022 392.383578 324.871991 252.334953 213.835461 146.765415 219.642081
130.450000 405.999159 293.689628 222.579031 177.297606 149.618321 132.275603 97.078469 65.696199 45.010112 392.535829 324.999730 252.436306 213.922780 146.828203 219.731518
130.500000 406.156289 293.805988 222.669505 177.371549 149.682131 132.333050 97.122953 65.729041 45.035202 392.688077 325.127467 252.537658 214.010098 146.890991 219.820954
130.550000 406.313417 293.922346 222.759978 177.445490 149.745940 132.390496 97.167437 65.761883 45.060292 392.840322 325.255202 252.639008 214.097414 146.953778 219.910389
130.600000 406.470542 294.038702 222.850449 177.519431 149.809749 132.447942 97.211921 65.794724 45.085382 392.992565 325.382935 252.740357 214.184729 147.016563 219.999822
130.650000 406.627665 294.155056 222.940919 177.593371 149.873557 132.505387 97.256404 65.827565 45.110472 393.144806 325.510666 252.841704 214.272042 147.079348 220.089254
130.700000 406.784785 294.271408 223.031388 177.667310 149.937363 132.562831 97.300886 65.860405 45.135561 393.297044 325.638395 252.943050 214.359354 147.142132 220.178684
130.750000 406.941902 294.387758 223.121855 177.741247 150.001169 132.620274 97.345368 65.893246 45.160650 393.449279 325.766121 253.044393 214.446665 147.204915 220.268113
130.800000 407.099017 294.504107 223.212320 177.815184 150.064974 132.677716 97.389850 65.926086 45.185739 393.601512 325.893846 253.145736 214.533974 147.267697 220.357541
130.850000 407.256129 294.620454 223.302785 177.889119 150.128778 132.735158 97.434331 65.958925 45.210828 393.753743 326.021568 253.247076 214.621282 147.330479 220.446967
130.900000 407.413238 294.736798 223.393248 177.963053 150.192581 132.792599 97.478811 65.991765 45.235917 393.905970 326.149288 253.348415 214.708589 147.393259 220.536392
130.950000 407.570345 294.853141 223.483709 178.036986 150.256384 132.850039 97.523291 66.024604 45.261006 394.058196 326.277007 253.449753 214.795895 147.456039 220.625815
131.000000 407.727449 294.969482 223.574169 178.110918 150.320185 132.907479 97.567770 66.057442 45.286094 394.210418 326.404723 253.551089 214.883199 147.518817 220.715237
131.050000 407.884550 295.085821 223.664628 178.184850 150.383986 132.964917 97.612249 66.090281 45.311182 394.362638 326.532437 253.652423 214.970501 147.581595 220.804658
131.100000 408.041649 295.202159 223.755086 178.258780 150.447785 133.022355 97.656727 66.123119 45.336271 394.514856 326.660149 253.753756 215.057803 147.644372 220.894077
131.150000 408.198745 295.318494 223.845542 178.332708 150.511584 133.079792 97.701205 66.155957 45.361359 394.667071 326.787859 253.855087 215.145103 147.707148 220.983495
131.200000 408.355839 295.434827 223.935996 178.406636 150.575382 133.137228 97.745682 66.188794 45.386446 394.819284 326.915566 253.956416 215.232402 147.769924 221.072912
131.250000 408.512930 295.551159 224.026450 178.480563 150.639179 133.194664 97.790158 66.221631 45.411534 394.971494 327.043272 254.057744 215.319699 147.832698 221.162327
131.300000 408.670018 295.667489 224.116901 178.554489 150.702975 133.252099 97.834635 66.254468 45.436621 395.123701 327.170976 254.159071 215.406995 147.895472 221.251741
131.350000 408.827104 295.783817 224.207352 178.628413 150.766770 133.309533 97.879110 66.287305 45.461709 395.275906 327.298677 254.260395 215.494290 147.958244 221.341154
131.400000 408.984187 295.900143 224.297801 178.702337 150.830564 133.366966 97.923585 66.320141 45.486796 395.428108 327.426377 254.361718 215.581584 148.021016 221.430565
131.450000 409.141267 296.016467 224.388249 178.776259 150.894358 133.424398 97.968060 66.352977 45.511883 395.580308 327.554074 254.463040 215.668876 148.083787 221.519975
131.500000 409.298345 296.132789 224.478695 178.850180 150.958150 133.481830 98.012534 66.385812 45.536969 395.732505 327.681770 254.564360 215.756167 148.146557 221.609383
131.550000 409.455420 296.249110 224.569140 178.924101 151.021942 133.539261 98.057007 66.418648 45.562056 395.884700 327.809463 254.665678 215.843456 148.209326 221.698791
131.600000 409.612493 296.365428 224.659584 178.998020 151.085733 133.596691 98.101480 66.451483 45.587142 396.036892 327.937154 254.766995 215.930744 148.272094 221.788196
131.650000 409.769563 296.481745 224.750026 179.071938 151.149523 133.654121 98.145953 66.484317 45.612229 396.189082 328.064843 254.868310 216.018031 148.334862 221.877601
131.700000 409.926630 296.598060 224.840466 179.145855 151.213312 133.711549 98.190424 66.517152 45.637315 396.341269 328.192530 254.969624 216.105317 148.397628 221.967004
131.750000 410.083695 296.714373 224.930906 179.219771 151.277100 133.768977 98.234896 66.549986 45.662401 396.493454 328.320215 255.070936 216.192601 148.460394 222.056405
131.800000 410.240757 296.830684 225.021344 179.293686 151.340887 133.826404 98.279367 66.582819 45.687486 396.645636 328.447898 255.172247 216.279884 148.523159 222.145806
131.850000 410.397816 296.946993 225.111781 179.367600 151.404673 133.883830 98.323837 66.615653 45.712572 396.797816 328.575579 255.273556 216.367165 148.585923 222.235205
131.900000 410.554873 297.063301 225.202216 179.441512 151.468459 133.941256 98.368307 66.648486 45.737657 396.949993 328.703258 255.374863 216.454446 148.648686 222.324602
131.950000 410.711928 297.179606 225.292650 179.515424 151.532243 133.998681 98.412776 66.681319 45.762743 397.102167 328.830934 255.476169 216.541724 148.711448 222.413998
132.000000 410.868979 297.295910 225.383082 179.589335 151.596027 134.056105 98.457245 66.714151 45.787828 397.254340 328.958609 255.577473 216.629002 148.774209 222.503393
132.050000 411.026028 297.412212 225.473513 179.663244 151.659809 134.113528 98.501713 66.746983 45.812913 397.406509 329.086281 255.678775 216.716278 148.836970 222.592787
132.100000 411.183075 297.528512 225.563943 179.737153 151.723591 134.170950 98.546180 66.779815 45.837997 397.558676 329.213952 255.780076 216.803553 148.899729 222.682179
132.150000 411.340119 297.644810 225.654372 179.811060 151.787372 134.228372 98.590648 66.812647 45.863082 397.710841 329.341620 255.881376 216.890827 148.962488 222.771570
132.200000 411.497160 297.761106 225.744799 179.884966 151.851153 134.285793 98.635114 66.845478 45.888166 397.863003 329.469287 255.982674 216.978099 149.025246 222.860959
132.250000 411.654198 297.877401 225.835224 179.958872 151.914932 134.343213 98.679580 66.878309 45.913251 398.015162 329.596951 256.083970 217.065370 149.088003 222.950347
132.300000 411.811234 297.993693 225.925649 180.032776 151.978710 134.400633 98.724046 66.911139 45.938335 398.167319 329.724613 256.185265 217.152640 149.150759 223.039734
132.350000 411.968268 298.109984 226.016071 180.106679 152.042488 134.458051 98.768511 66.943970 45.963419 398.319473 329.852273 256.286558 217.239909 149.213515 223.129119
132.400000 412.125299 298.226273 226.106493 180.180581 152.106264 134.515469 98.812975 66.976800 45.988502 398.471625 329.979932 256.387849 217.327176 149.276269 223.218503
132.450000 412.282327 298.342560 226.196913 180.254482 152.170040 134.572886 98.857439 67.009629 46.013586 398.623775 330.107588 256.489139 217.414441 149.339023 223.307886
132.500000 412.439352 298.458845 226.287332 180.328382 152.233815 134.630303 98.901903 67.042459 46.038669 398.775922 330.235242 256.590428 217.501706 149.401775 223.397267
132.550000 412.596375 298.575128 226.377749 180.402281 152.297589 134.687718 98.946366 67.075288 46.063753 398.928066 330.362894 256.691715 217.588969 149.464527 223.486647
132.600000 412.753396 298.691410 226.468165 180.476179 152.361362 134.745133 98.990828 67.108117 46.088836 399.080208 330.490544 256.793000 217.676231 149.527278 223.576026
132.650000 412.910414 298.807689 226.558580 180.550075 152.425134 134.802547 99.035290 67.140945 46.113919 399.232347 330.618191 256.894284 217.763491 149.590028 223.665403
132.700000 413.067429 298.923967 226.648993 180.623971 152.488905 134.859960 99.079751 67.173773 46.139001 399.384484 330.745837 256.995566 217.850751 149.652778 223.754779
132.750000 413.224442 299.040243 226.739405 180.697866 152.552676 134.917373 99.124212 67.206601 46.164084 399.536619 330.873481 257.096846 217.938008 149.715526 223.844154
132.800000 413.381452 299.156517 226.829816 180.771759 152.616445 134.974785 99.168673 67.239428 46.189166 399.688751 331.001123 257.198125 218.025265 149.778274 223.933527
132.850000 413.538459 299.272790 226.920225 180.845652 152.680214 135.032196 99.213132 67.272256 46.214249 399.840880 331.128762 257.299403 218.112520 149.841020 224.022899
132.900000 413.695464 299.389060 227.010633 180.919543 152.743982 135.089606 99.257592 67.305083 46.239331 399.993007 331.256400 257.400679 218.199774 149.903766 224.112269
132.950000 413.852466 299.505329 227.101039 180.993433 152.807749 135.147016 99.302050 67.337909 46.264413 400.145131 331.384035 257.501953 218.287027 149.966511 224.201638
133.000000 414.009466 299.621595 227.191444 181.067323 152.871515 135.204424 99.346509 67.370735 46.289494 400.297253 331.511669 257.603226 218.374278 150.029255 224.291006
133.050000 414.166463 299.737860 227.281848 181.141211 152.935280 135.261832 99.390966 67.403561 46.314576 400.449373 331.639300 257.704497 218.461528 150.091999 224.380373
133.100000 414.323458 299.854123 227.372251 181.215098 152.999044 135.319240 99.435423 67.436387 46.339657 400.601490 331.766930 257.805767 218.548777 150.154741 224.469738
133.150000 414.480450 299.970385 227.462652 181.288984 153.062808 135.376646 99.479880 67.469212 46.364739 400.753604 331.894557 257.907035 218.636025 150.217483 224.559102
133.200000 414.637439 300.086644 227.553051 181.362869 153.126570 135.434052 99.524336 67.502037 46.389820 400.905716 332.022182 258.008301 218.723271 150.280223 224.648464
133.250000 414.794426 300.202902 227.643449 181.436753 153.190332 135.491457 99.568792 67.534862 46.414901 401.057825 332.149806 258.109566 218.810515 150.342963 224.737825
133.300000 414.951410 300.319157 227.733846 181.510636 153.254093 135.548861 99.613247 67.567687 46.439981 401.209932 332.277427 258.210830 218.897759 150.405702 224.827185
133.350000 415.108392 300.435411 227.824242 181.584518 153.317853 135.606264 99.657702 67.600511 46.465062 401.362037 332.405046 258.312091 218.985001 150.468440 224.916543
133.400000 415.265371 300.551663 227.914636 181.658399 153.381612 135.663667 99.702156 67.633334 46.490142 401.514139 332.532663 258.413352 219.072242 150.531177 225.005900
133.450000 415.422347 300.667914 228.005029 181.732278 153.445370 135.721069 99.746609 67.666158 46.515222 401.666238 332.660278 258.514610 219.159482 150.593914 225.095256
133.500000 415.579321 300.784162 228.095421 181.806157 153.509127 135.778470 99.791062 67.698981 46.540303 401.818335 332.787891 258.615868 219.246720 150.656649 225.184611
133.550000 415.736293 300.900409 228.185811 181.880035 153.572884 135.835870 99.835515 67.731804 46.565382 401.970430 332.915503 258.717123 219.333957 150.719384 225.273964
133.600000 415.893261 301.016654 228.276199 181.953911 153.636639 135.893270 99.879967 67.764627 46.590462 402.122522 333.043112 258.818377 219.421193 150.782118 225.363315
133.650000 416.050228 301.132896 228.366587 182.027787 153.700394 135.950669 99.924418 67.797449 46.615542 402.274612 333.170718 258.919630 219.508427 150.844851 225.452666
133.700000 416.207191 301.249138 228.456973 182.101661 153.764148 136.008067 99.968869 67.830271 46.640621 402.426699 333.298323 259.020881 219.595660 150.907583 225.542015
133.750000 416.364152 301.365377 228.547358 182.175535 153.827901 136.065464 100.013319 67.863092 46.665700 402.578783 333.425926 259.122130 219.682892 150.970315 225.631363
133.800000 416.521111 301.481614 228.637741 182.249407 153.891653 136.122861 100.057769 67.895914 46.690779 402.730865 333.553527 259.223378 219.770123 151.033045 225.720709
133.850000 416.678067 301.597850 228.728123 182.323278 153.955404 136.180257 100.102219 67.928735 46.715858 402.882945 333.681126 259.324624 219.857352 151.095775 225.810054
133.900000 416.835020 301.714084 228.818504 182.397148 154.019154 136.237652 100.146668 67.961556 46.740937 403.035022 333.808723 259.425869 219.944580 151.158503 225.899398
133.950000 416.991971 301.830316 228.908883 182.471018 154.082904 136.295046 100.191116 67.994376 46.766016 403.187097 333.936318 259.527112 220.031807 151.221231 225.988740
134.000000 417.148919 301.946546 228.999261 182.544886 154.146652 136.352440 100.235564 68.027196 46.791094 403.339169 334.063910 259.628354 220.119032 151.283958 226.078081
134.050000 417.305865 302.062774 229.089638 182.618753 154.210400 136.409833 100.280011 68.060016 46.816172 403.491239 334.191501 259.729594 220.206256 151.346684 226.167421
134.100000 417.462808 302.179001 229.180013 182.692619 154.274147 136.467225 100.324458 68.092835 46.841250 403.643306 334.319090 259.830832 220.293479 151.409410 226.256759
134.150000 417.619749 302.295226 229.270387 182.766484 154.337893 136.524616 100.368904 68.125654 46.866328 403.795371 334.446677 259.932069 220.380700 151.472134 226.346096
134.200000 417.776687 302.411448 229.360759 182.840348 154.401638 136.582007 100.413350 68.158473 46.891406 403.947434 334.574261 260.033305 220.467920 151.534858 226.435432
134.250000 417.933622 302.527670 229.451130 182.914211 154.465382 136.639397 100.457795 68.191292 46.916483 404.099493 334.701844 260.134539 220.555139 151.597581 226.524766
134.300000 418.090555 302.643889 229.541500 182.988072 154.529126 136.696786 100.502240 68.224110 46.941561 404.251551 334.829424 260.235771 220.642357 151.660303 226.614099
134.350000 418.247486 302.760106 229.631869 183.061933 154.592868 136.754174 100.546684 68.256928 46.966638 404.403606 334.957003 260.337002 220.729573 151.723024 226.703431
134.400000 418.404413 302.876322 229.722236 183.135793 154.656610 136.811562 100.591128 68.289746 46.991715 404.555658 335.084580 260.438231 220.816788 151.785744 226.792762
134.450000 418.561339 302.992536 229.812602 183.209652 154.720351 136.868949 100.635571 68.322563 47.016792 404.707708 335.212154 260.539459 220.904002 151.848463 226.882091
134.500000 418.718261 303.108748 229.902966 183.283509 154.784091 136.926335 100.680013 68.355380 47.041869 404.859756 335.339727 260.640685 220.991214 151.911182 226.971418
134.550000 418.875182 303.224958 229.993329 183.357366 154.847830 136.983720 100.724455 68.388197 47.066945 405.011801 335.467297 260.741909 221.078425 151.973900 227.060745
134.600000 419.032099 303.341166 230.083691 183.431221 154.911568 137.041105 100.768897 68.421013 47.092022 405.163844 335.594866 260.843133 221.165635 152.036617 227.150070
