web/models/kne/24/mosfit_kn_0.001000_0.4217_10.0000.dat
# %ECSV 1.0
# ---
# datatype:
# - {name: time, datatype: float64}
# - {name: PS1_g, datatype: float64}
# - {name: PS1_i, datatype: float64}
# - {name: PS1_r, datatype: float64}
# - {name: PS1_w, datatype: float64}
# - {name: PS1_y, datatype: float64}
# - {name: PS1_z, datatype: float64}
# - {name: swift_uvot_B, datatype: float64}
# - {name: swift_uvot_U, datatype: float64}
# - {name: swift_uvot_uvm2, datatype: float64}
# - {name: swift_uvot_uvw1, datatype: float64}
# - {name: swift_uvot_uvw2, datatype: float64}
# - {name: swift_uvot_V, datatype: float64}
# - {name: johnson_B, datatype: float64}
# - {name: johnson_I, datatype: float64}
# - {name: johnson_R, datatype: float64}
# - {name: johnson_U, datatype: float64}
# - {name: johnson_V, datatype: float64}
# - {name: sdss_g, datatype: float64}
# - {name: sdss_i, datatype: float64}
# - {name: sdss_r, datatype: float64}
# - {name: sdss_u, datatype: float64}
# - {name: sdss_z, datatype: float64}
# - {name: ATLAS_c, datatype: float64}
# - {name: ATLAS_o, datatype: float64}
# - {name: ukirt_H, datatype: float64}
# - {name: ukirt_J, datatype: float64}
# - {name: ukirt_K, datatype: float64}
# - {name: Clear, datatype: float64}
# meta: !!omap
# - comment: [kappa = 10.0, type = rprocess, mass = 0.001, velocity = 0.4216666666666667, theta_obs = 0.0, tfloor = 1000.0]
# schema: astropy-2.0
time PS1_g PS1_i PS1_r PS1_w PS1_y PS1_z swift_uvot_B swift_uvot_U swift_uvot_uvm2 swift_uvot_uvw1 swift_uvot_uvw2 swift_uvot_V johnson_B johnson_I johnson_R johnson_U johnson_V sdss_g sdss_i sdss_r sdss_u sdss_z ATLAS_c ATLAS_o ukirt_H ukirt_J ukirt_K Clear
[from data line 58]
3.5470941883767533 10.695289662843805 1.8134608496445281 5.28853162768236 3.3206078161783914 -1.7097291988807406 -0.2920532340336024 14.235196239408292 20.894140337303206 34.78273564133239 16.859722869377762 19.372739375857414 8.654806355714591 13.031258922442102 0.2599475432225775 3.2299803099475772 19.86313915805146 7.699784020545837 11.50782976415826 1.8947168017575144 5.517020287178802 21.39524586747803 -0.865480846055604 7.2676081974250195 2.815195672815225 -6.658716576796237 -4.509227281306545 -8.019005257269407 1.0347137724170352
3.6072144288577155 10.752606108126805 1.870777294927528 5.345848072965378 3.3779242614613914 -1.6524127535977406 -0.23473678875060244 14.292512684691292 20.951456782586213 34.84005208661539 16.917039314660762 19.430055821140414 8.71212280099759 13.088575367725102 0.31726398850557747 3.287296755230577 19.92045560333446 7.757100465828855 11.56514620944126 1.9520332470405144 5.574336732461802 21.45256231276104 -0.8081644007726041 7.3249246427080195 2.872512118098225 -6.601400131513219 -4.4519108360235276 -7.9616888119864075 1.0920302177000352
3.6673346693386772 10.809111871129407 1.9272830579301292 5.402353835967961 3.4344300244639925 -1.5959069905951395 -0.17823102574800131 14.349018447693894 21.007962545588803 34.89655784961798 16.973545077663363 19.486561584143015 8.768628564000192 13.145081130727704 0.3737697515081786 3.3438025182331783 19.976961366337054 7.813606228831438 11.621651972443843 2.0085390100431155 5.630842495464403 21.50906807576363 -0.751658637770003 7.381430405710603 2.929017881100826 -6.5448943685106356 -4.395405073020944 -7.905183048983806 1.1485359807026363
3.727454909819639 10.864888912731612 1.9830600995323344 5.458130877570184 3.4902070660661977 -1.5401299489929166 -0.12245398414579611 14.404795489296099 21.06373958719102 34.95233489122019 17.02932211926557 19.542338625745227 8.824405605602415 13.200858172329909 0.4295467931103838 3.3995795598353835 20.03273840793927 7.869383270433661 11.677429014046066 2.0643160516453207 5.686619537066608 21.564845117365845 -0.69588159616778 7.437207447312826 2.9847949227030313 -6.489117326908413 -4.339628031418721 -7.8494060073815834 1.2043130223048593
3.787575150300601 10.919954648058745 2.0381258348594677 5.5131966128973176 3.545272801393331 -1.4850642136657832 -0.06738824881866279 14.459861224623232 21.118805322518153 35.00740062654732 17.084387854592702 19.59740436107236 8.879471340929548 13.255923907657042 0.4846125284375171 3.454645295162517 20.087804143266403 7.924449005760795 11.732494749373199 2.119381786972472 5.741685272393742 21.61991085269298 -0.6408158608406467 7.492273182639959 3.0398606580301646 -6.434051591581279 -4.284562296091588 -7.79434027205445 1.2593787576319926
3.847695390781563 10.97438129263038 2.0925524794310846 5.567623257468934 3.599699445964948 -1.4306375690941664 -0.012961604247045955 14.514287869194849 21.17323196708977 35.06182727111895 17.138814499164337 19.65183100564398 8.933897985501165 13.310350552228659 0.5390391730091517 3.5090719397341337 20.142230787838027 7.978875650332411 11.786921393944816 2.1738084315440886 5.796111916965376 21.674337497264595 -0.5863892162690298 7.546699827211576 3.094287302601799 -6.379624947009662 -4.230135651519971 -7.739913627482833 1.3138054022036094
3.9078156312625247 11.028208883186519 2.1463800699872415 5.6214508480250736 3.6535270365211048 -1.3768099785380272 0.04086598630911098 14.568115459751006 21.227059557645916 35.1156548616751 17.192642089720476 19.705658596200127 8.987725576057304 13.364178142784816 0.5928667635652909 3.5628995302902906 20.196058378394177 8.03270324088855 11.840748984500973 2.227636022100228 5.8499395075215155 21.72816508782074 -0.5325616257128907 7.600527417767733 3.1481148931579384 -6.325797356453523 -4.176308060963832 -7.686086036926694 1.3676329927597486
3.967935871743487 11.081472554244431 2.199643741045154 5.674714519083004 3.7067907075790174 -1.3235463074800968 0.09412965736702361 14.621379130808918 21.28032322870384 35.16891853273301 17.24590576077839 19.75892226725804 9.040989247115235 13.417441813842728 0.6461304346232035 3.6161632013482032 20.24932204945209 8.08596691194648 11.894012655558885 2.2808996931581405 5.903203178579428 21.781428758878665 -0.47929795465497804 7.6537910888256455 3.201378564215851 -6.272533685395593 -4.1230443899059015 -7.6328223658687815 1.4208966638176612
4.028056112224449 11.13420307128834 2.2523742580890627 5.7274450361269125 3.759521224622926 -1.2708157904361883 0.14686017441093213 14.674109647852827 21.333053745747748 35.22164904977692 17.298636277822297 19.81165278430196 9.093719764159143 13.470172330886637 0.698860951667112 3.6688937183921118 20.302052566495995 8.138697428990389 11.946743172602794 2.3336302102020667 5.955933695623337 21.834159275922573 -0.42656743761105176 7.706521605869554 3.2541090812597595 -6.219803168351684 -4.070313872861993 -7.580091848824855 1.4736271808615875
4.0881763527054105 11.186426526019968 2.304597712820673 5.779668490858523 3.811744679354536 -1.218592335704578 0.1990836291425424 14.726333102584437 21.385277200479358 35.27387250450854 17.350859732553925 19.86387623903357 9.145943218890753 13.522395785618247 0.7510844063987223 3.721117173123722 20.354276021227616 8.190920883721999 11.998966627334404 2.385853664933677 6.008157150354965 21.886382730654184 -0.3743439828794415 7.758745060601164 3.3063325359913875 -6.167579713620074 -4.018090418130383 -7.527868394093245 1.5258506355931978
4.148296593186372 11.238166355194945 2.35633754199565 5.8314083200335 3.8634845085295133 -1.166852506529601 0.2508234583175195 14.778072931759414 21.437017029654335 35.325612333683516 17.402599561728902 19.915616068208546 9.19768304806573 13.574135614793224 0.8028242355737172 3.772857002298699 20.406015850402593 8.242660712896976 12.050706456509381 2.437593494108654 6.059896979529942 21.93812255982916 -0.3226041537044644 7.810484889776141 3.3580723651663646 -6.115839884445097 -3.9663505889554056 -7.476128564918268 1.5775904647681749
4.208416833667335 11.289442500860414 2.4076136876611365 5.8826844656989685 3.9147606541949997 -1.1155763608641323 0.30209960398300595 14.8293490774249 21.48829317531981 35.376888479348985 17.45387570739437 19.966892213874022 9.2489591937312 13.62541176045871 0.8541003812391859 3.8241331479641856 20.45729199606806 8.293936858562445 12.10198260217485 2.488869639774123 6.1111731251954104 21.989398705494636 -0.2713280080389957 7.86176103544161 3.4093485108318333 -6.064563738779628 -3.915074443289937 -7.424852419252799 1.6288666104336436
4.268537074148297 11.34027358081184 2.458444767612562 5.933515545650412 3.9655917341464253 -1.0647452809127067 0.3529306839344315 14.880180157376326 21.53912425527124 35.42771955930042 17.504706787345796 20.017723293825448 9.299790273682625 13.676242840410136 0.9049314611906114 3.874964227915611 20.508123076019494 8.344767938513888 12.152813682126293 2.5397007197255483 6.162004205146836 22.040229785446066 -0.22049692808757015 7.912592115393053 3.460179590783259 -6.013732658828185 -3.8642433633384936 -7.374021339301374 1.679697690385069
4.328657314629258 11.390675437473572 2.5088466242742946 5.983917402312127 4.01599359080814 -1.0143434242509741 0.4033325405961641 14.930582014038059 21.58952611193297 35.47812141596214 17.55510864400753 20.068125150487173 9.350192130344357 13.726644697071851 0.955333317852344 3.925366084577326 20.55852493268122 8.395169795175603 12.203215538788008 2.590102576387281 6.212406061808569 22.090631642107795 -0.17009507142583757 7.962993972054768 3.5105814474449915 -5.96333080216647 -3.813841506676779 -7.323619482639641 1.7300995470468017
4.38877755511022 11.440662026162212 2.5588332129629343 6.033903991000766 4.06598017949678 -0.9643568355623344 0.4533191292848038 14.980568602726699 21.63951270062161 35.52810800465078 17.60509523269617 20.11811173917582 9.400178719032997 13.776631285760509 1.0053199065409837 3.9753526732659834 20.60851152136986 8.445156383864242 12.253202127476648 2.6400891650759206 6.262392650497208 22.140618230796434 -0.12010848273719787 8.012980560743408 3.560568036133631 -5.9133442134778305 -3.763854917988139 -7.273632893951001 1.7800861357354414
4.448897795591182 11.490285857012434 2.6084570438131394 6.083527821850989 4.115604010347003 -0.9147330047121116 0.5029429601350088 15.030192433576904 21.689136531471824 35.577731835501005 17.65471906354639 20.167735570026036 9.44980254988322 13.826255116610714 1.0549437373911887 4.0249765041161885 20.658135352220082 8.494780214714465 12.30282595832687 2.6897129959261434 6.312016481347431 22.19024206164665 -0.07048465188697506 8.06260439159363 3.610191866983854 -5.863720382627608 -3.7142310871379163 -7.2240090631007785 1.8297099665856642
4.509018036072144 11.539464557427781 2.6576357442285037 6.1327065222663535 4.164782710762367 -0.865554304296765 0.5521216605503732 15.079371133992268 21.738315231887178 35.62691053591636 17.703897763961738 20.21691427044139 9.498981250298566 13.875433817026078 1.104122437806553 4.074155204531553 20.70731405263544 8.54395891512983 12.352004658742235 2.73889169634149 6.361195181762778 22.239420762062004 -0.021305951471628504 8.111783092008995 3.6593705673992005 -5.814541682212243 -3.6650523867225697 -7.174830362685432 1.8788886670010108
4.569138276553106 11.588268473638763 2.706439660439468 6.181510438477318 4.213586626973331 -0.8167503880857829 0.6009255767613375 15.128175050203232 21.787119148098153 35.67571445212733 17.75270168017272 20.26571818665236 9.547785166509549 13.924237733237042 1.1529263540175174 4.122959120742517 20.75611796884641 8.592762831340794 12.4008085749532 2.787695612552472 6.40999909797376 22.28822467827298 0.02749796473935362 8.16058700821996 3.7081744836101826 -5.765737766001279 -3.6162484705115876 -7.12602644647445 1.9276925832119929
4.629258517034068 11.636705293590541 2.754876480391264 6.229947258429096 4.262023446925127 -0.7683135681340048 0.6493623967131334 15.176611870155028 21.83555596804994 35.72415127207911 17.801138500124498 20.31415500660415 9.596221986461327 13.972674553188838 1.2013631739693134 4.171395940694313 20.80455478879819 8.641199651292572 12.449245394904978 2.8361324325042503 6.458435917925538 22.336661498224764 0.0759347846911318 8.209023828171738 3.756611303561961 -5.717300946049501 -3.5678116505598094 -7.077589626522672 1.976129403163771
4.68937875751503 11.684782182716535 2.802953369517258 6.278024147555108 4.310100336051121 -0.7202366790080106 0.6974392858391276 15.224688759281022 21.883632857175943 35.77222816120511 17.849215389250492 20.362231895730144 9.644298875587321 14.020751442314833 1.2494400630953075 4.219472829820307 20.852631677924194 8.689276540418584 12.49732228403099 2.8842093216302445 6.506512807051532 22.38473838735077 0.12401167381712597 8.25710071729775 3.804688192687955 -5.669224056923489 -3.5197347614337975 -7.0295127373966775 2.0242062922897652
4.749498997995992 11.732505921964549 2.8506771087652716 6.325747886803121 4.357824075299135 -0.6725129397599794 0.745163025087141 15.272412498529036 21.931356596423957 35.81995190045313 17.896939128498506 20.409955634978164 9.692022614835352 14.068475181562846 1.297163802343321 4.267196569068321 20.900355417172207 8.737000279666598 12.545046023279003 2.9319330608782757 6.5542365462995456 22.432462126598782 0.17173541306515716 8.304824456545763 3.8524119319359684 -5.621500317675475 -3.472011022185784 -6.981788998148646 2.0719300315377964
4.809619238476953 11.77988348670775 2.8980546735084722 6.373125451546322 4.4052016400423355 -0.6251353750167787 0.7925405898303417 15.319790063272237 21.978734161167157 35.86732946519633 17.944316693241706 20.457333199721358 9.739400179578535 14.115852746306047 1.3445413670865216 4.314574133811521 20.947732981915408 8.784377844409798 12.592423588022204 2.9793106256214585 6.601614111042746 22.479839691341983 0.21911297780834005 8.352202021288964 3.899789496679169 -5.574122752932275 -3.4246334574425834 -6.934411433405463 2.1193075962809793
4.869739478957916 11.826920920705497 2.9450921075062197 6.4201628855440696 4.452239074040083 -0.5780979410190312 0.8395780238280892 15.366827497269984 22.025771595164905 35.91436689919408 17.991354127239454 20.504370633719105 9.7864376135763 14.162890180303794 1.3915788010842691 4.361611567809269 20.994770415913152 8.831415278407546 12.639461022019951 3.026348059619206 6.648651545040494 22.52687712533973 0.26615041180608756 8.399239455286711 3.9468269306769166 -5.527085318934527 -3.377596023444836 -6.887373999407716 2.166345030278727
4.929859719438878 11.87362426202382 2.9917954488245435 6.466866226862393 4.498942415358407 -0.5313945997007075 0.886281365146413 15.413530838588308 22.07247493648323 35.9610702405124 18.038057468557778 20.551073975037436 9.833140954894624 14.209593521622118 1.438282142402593 4.408314909127593 21.04147375723148 8.87811861972587 12.686164363338275 3.07305140093753 6.6953548863588175 22.573580466658054 0.3128537531244291 8.445942796605035 3.9935302719952404 -5.4803819776162035 -3.330892682126512 -6.840670658089374 2.2130483715970684
4.98997995991984 11.919999194119857 3.038170380920562 6.513241158958412 4.545317347454425 -0.4850196676046892 0.9326562972424313 15.459905770684326 22.118849868579247 36.00744517260842 18.084432400653796 20.597448907133458 9.879515886990642 14.255968453718136 1.4846570744986112 4.454689841223611 21.087848689327505 8.924493551821888 12.732539295434293 3.119426333033566 6.741729818454836 22.619955398754072 0.3592286852204474 8.492317728701053 4.039905204091276 -5.434007045520185 -3.284517750030494 -6.794295725993356 2.2594233036930866
5.050100200400801 11.966050636337311 3.084221823138016 6.559292601175866 4.591368789671879 -0.4389682253872351 0.9787077394598853 15.50595721290178 22.1649013107967 36.05349661482588 18.130483842871268 20.643500349350912 9.925567329208096 14.30201989593559 1.5307085167160652 4.500741283441065 21.13390013154496 8.970544994039342 12.778590737651747 3.16547777525102 6.787781260672308 22.666006840971527 0.4052801274379014 8.538369170918507 4.0859566463087305 -5.387955603302731 -3.23846630781304 -6.748244283775902 2.3054747459105407
5.110220440881763 12.011783878042337 3.1299550648430596 6.605025842880892 4.637102031376923 -0.3932349836822091 1.024440981164929 15.551690454606824 22.210634552501737 36.09922985653092 18.176217084576294 20.689233591055945 9.971300570913122 14.347753137640634 1.576441758421109 4.546474525146109 21.17963337324999 9.016278235744386 12.824323979356791 3.211211016956046 6.833514502377334 22.711740082676563 0.45101336914292744 8.584102412623551 4.1316898880137565 -5.342222361597705 -3.1927330661080138 -6.702511042070876 2.3512079876155667
5.170340681362725 12.057203309338185 3.1753744961388897 6.6504452741767395 4.682521462672753 -0.3478155523863613 1.0698604124607591 15.597109885902654 22.256053983797575 36.14464928782676 18.22163651587214 20.734653022351782 10.01672000220897 14.393172568936464 1.621861189716939 4.591893956441939 21.225052804545832 9.061697667040216 12.869743410652621 3.2566304482518937 6.878933933673181 22.7571595139724 0.49643280043877525 8.629521843919381 4.177109319309604 -5.296802930301857 -3.147313634812166 -6.657091610775028 2.3966274189114145
5.2304609218436875 12.10231339991859 3.220484586719312 6.695555364757162 4.727631553253175 -0.3027054618059566 1.1149705030411816 15.642219976483076 22.301164074377997 36.18975937840717 18.266746606452546 20.779763112932198 10.061830092789375 14.438282659516886 1.6669712802973615 4.637004047022361 21.270162895126248 9.106807757620638 12.914853501233043 3.3017405388322985 6.924044024253586 22.802269604552823 0.54154289101918 8.674631934499804 4.222219409890009 -5.251692839721435 -3.1022035442317435 -6.6119815201946235 2.4417375094918192
