web/models/kne/24/mosfit_kn_0.033839_0.2650_10.0000.dat
# %ECSV 1.0
# ---
# datatype:
# - {name: time, datatype: float64}
# - {name: PS1_g, datatype: float64}
# - {name: PS1_i, datatype: float64}
# - {name: PS1_r, datatype: float64}
# - {name: PS1_w, datatype: float64}
# - {name: PS1_y, datatype: float64}
# - {name: PS1_z, datatype: float64}
# - {name: swift_uvot_B, datatype: float64}
# - {name: swift_uvot_U, datatype: float64}
# - {name: swift_uvot_uvm2, datatype: float64}
# - {name: swift_uvot_uvw1, datatype: float64}
# - {name: swift_uvot_uvw2, datatype: float64}
# - {name: swift_uvot_V, datatype: float64}
# - {name: johnson_B, datatype: float64}
# - {name: johnson_I, datatype: float64}
# - {name: johnson_R, datatype: float64}
# - {name: johnson_U, datatype: float64}
# - {name: johnson_V, datatype: float64}
# - {name: sdss_g, datatype: float64}
# - {name: sdss_i, datatype: float64}
# - {name: sdss_r, datatype: float64}
# - {name: sdss_u, datatype: float64}
# - {name: sdss_z, datatype: float64}
# - {name: ATLAS_c, datatype: float64}
# - {name: ATLAS_o, datatype: float64}
# - {name: ukirt_H, datatype: float64}
# - {name: ukirt_J, datatype: float64}
# - {name: ukirt_K, datatype: float64}
# - {name: Clear, datatype: float64}
# meta: !!omap
# - comment: [kappa = 10.0, type = rprocess, mass = 0.03383890769761434, velocity = 0.265, theta_obs = 0.0, tfloor = 1000.0]
# schema: astropy-2.0
time PS1_g PS1_i PS1_r PS1_w PS1_y PS1_z swift_uvot_B swift_uvot_U swift_uvot_uvm2 swift_uvot_uvw1 swift_uvot_uvw2 swift_uvot_V johnson_B johnson_I johnson_R johnson_U johnson_V sdss_g sdss_i sdss_r sdss_u sdss_z ATLAS_c ATLAS_o ukirt_H ukirt_J ukirt_K Clear
[from data line 57]
3.4869739478957915 -6.649522074111225 -10.933174184864694 -9.29342754194229 -9.745735499845427 -12.455029039379344 -11.871567685881299 -4.9423615469668745 -2.2579505800758426 6.181526590441579 -1.3232993736763805 0.5773136367615419 -7.831937767379807 -5.267984882786813 -11.835957342096972 -10.097861382440094 -2.653295210411113 -8.082758549874887 -6.252028634937297 -10.898298153481747 -9.234300961498239 -1.5962603842559808 -12.059335544319758 -8.06418589329187 -10.239438353915418 -14.218664566862616 -13.518376259453946 -14.541232088012864 -10.57080843440497
3.5470941883767533 -6.550500443110803 -10.87871503291682 -9.220970755640483 -9.68564666915361 -12.419815909012026 -11.82853360377905 -4.826059442619136 -2.1044871090037987 6.400962907240417 -1.2069102653904902 0.6939913273052558 -7.742275857923258 -5.157526302714611 -11.787425623349101 -10.034436694893227 -2.5054170607673076 -7.997474598974407 -6.148956098177667 -10.843342488646659 -9.16062505005856 -1.4444921889395168 -12.019199058388192 -7.983104441634055 -10.179909067586763 -14.212970960629539 -13.499176657759085 -14.544960248466515 -10.523091999792964
3.6072144288577155 -6.4511759526082635 -10.82382122691671 -9.148134223024211 -9.625220102439194 -12.384120974747574 -11.785032772757571 -4.70948622013455 -1.9508315453171219 6.62007110558388 -1.0905779397181266 0.8107439594205847 -7.652250803912602 -5.046838298150366 -11.738451211763909 -9.970669120935149 -2.3573346821028385 -7.911860276520792 -6.045591732387727 -10.787953978552984 -9.086562177210062 -1.2925139329215263 -11.978602763235475 -7.901716535382732 -10.120013085206931 -14.20675372538957 -13.479472587757575 -14.548158622346852 -10.47504660522721
3.6673346693386772 -6.351533925388875 -10.768490191552686 -9.074910602969144 -9.564449694877588 -12.347946509616694 -11.741065535211508 -4.5926230712017455 -1.7969552753454108 6.8388999315609995 -0.9742726375249684 0.9276004883044178 -7.561851163898823 -4.935903084381689 -11.689032989331551 -9.906553318611213 -2.2090212389800645 -7.8259050864176745 -5.94191981640126 -10.732129929716159 -9.01210482382563 -1.1402979753785836 -11.937547687894767 -7.820011223717778 -10.059745711514445 -14.200021957738949 -13.459270095392933 -14.550838331924448 -10.426668706687732
3.727454909819639 -6.251480325530512 -10.712665553198288 -9.00122843329525 -9.503272604421866 -12.311252067012664 -11.69658499877647 -4.475361847757632 -1.6427189402247853 7.057645845047397 -0.8578767116757464 1.0446782583427496 -7.470991397806135 -4.824617065585656 -11.639119470758523 -9.842025195768482 -2.060342360698997 -7.739527082844082 -5.8378429432101875 -10.675813566289065 -8.937180616896594 -0.9877068537023703 -11.8959893367804 -7.737908657351493 -9.999045708155485 -14.192759131908248 -13.438541780185814 -14.55299035585506 -10.377905273266812
3.787575150300601 -6.151078520660924 -10.656396557056915 -8.92714277727384 -9.441738042655832 -12.274080444961779 -11.65163661510313 -4.357771912805229 -1.4882039387021526 7.276208620697433 -0.74144998419797 1.1619164948517704 -7.379732545088438 -4.713047251485779 -11.58875788563271 -9.777136565106776 -1.9113779279902876 -7.652785723223354 -5.733425817854343 -10.619054307281193 -8.861845145533298 -0.8348219077342023 -11.85397216235522 -7.655465468351075 -9.937963249009503 -14.184997603197258 -13.417324843208077 -14.554643572445832 -10.3288008790169
3.847695390781563 -6.050274645939151 -10.599653206978648 -8.85261411519787 -9.379811485566432 -12.236411648227499 -11.606196344289419 -4.2397905918905385 -1.3333278504038402 7.494707117583698 -0.6249216654662777 1.279385671733039 -7.288026276117148 -4.601133791608522 -11.537921309127032 -9.711852567399816 -1.7620487737406099 -7.565634981332463 -5.628612455753501 -10.561821908031046 -8.786058339896794 -0.6815620529904187 -11.811473648964572 -7.572636531818322 -9.876465122765694 -14.17673227364739 -13.39560743733898 -14.555797518331131 -10.279327074872526
3.9078156312625247 -5.949042602371168 -10.542423891394677 -8.7776250985665 -9.317478068670528 -12.198240028166758 -11.560256130532558 -4.121386593428485 -1.1780474426014107 7.713207002474946 -0.5082529654520402 1.3971242461301228 -7.1958500276855135 -4.488847027084727 -11.486599961418655 -9.646158655388863 -1.6123137409905763 -7.478053707559337 -5.52337548993485 -10.504104613082408 -8.709802550170611 -0.5278850201433372 -11.768486667012716 -7.489400760536995 -9.814537607865521 -14.167966228890306 -13.373388717601616 -14.556457951403983 -10.2294725099466
3.967935871743487 -5.847381941040304 -10.484714000863367 -8.702178869814805 -9.254741038350254 -12.159573208091814 -11.513822706221628 -4.002557626059061 -1.0223557044426277 7.931725102735602 -0.39143439433658456 1.5151412435340785 -7.103205070990033 -4.376185149759401 -11.434799914033295 -9.5800590031942 -1.4621668046864333 -7.3900437263997505 -5.417713989419735 -10.445907765222646 -8.633080856162696 -0.373784428687447 -11.725018310306972 -7.405759239391081 -9.752184958065637 -14.158710107697308 -13.350678007354302 -14.556636355705946 -10.17924154460129
4.028056112224449 -5.7452936902091345 -10.426529668827555 -8.626279608117766 -9.191604533392166 -12.120419246486698 -11.466903362193861 -3.883303147177709 -0.8662479794142184 8.150274813632784 -0.27445864043878343 1.6334435062689292 -7.010093983977577 -4.263148020237345 -11.382527888199771 -9.513558690478725 -1.3116041988439275 -7.301608111097743 -5.311628566499937 -10.38723745828042 -8.555897390862253 -0.21925621410284535 -11.681076189260242 -7.3217142638566735 -9.689412271029454 -14.14897453034026 -13.327484817803297 -14.556344054114108 -10.128639252655525
4.0881763527054105 -5.642757206760969 -10.367862176007527 -8.549913886882337 -9.12805714709581 -12.08077431603149 -11.419492289875937 -3.763598258950803 -0.7096895161170378 8.368909234099334 -0.15729487703863354 1.752061640367121 -6.916499042736153 -4.149712143341379 -11.329776677749212 -9.446646687787005 -1.1605929227621492 -7.212730387421879 -5.2050975404898026 -10.328084858022688 -8.478238475331246 -0.06426644918914093 -11.636655287887638 -7.237249301959832 -9.626209111645352 -14.138762843911666 -13.303809275877663 -14.555586581001874 -10.07765714615914
4.148296593186372 -5.539761174556457 -10.30870885724271 -8.473075653231223 -9.06409398335466 -12.040639237073538 -11.371588898549199 -3.643428649911896 -0.5526588747616221 8.587663343877626 -0.03992320480170575 1.8710152966318963 -6.822411151425432 -4.035864191920119 -11.276544698578796 -9.379318688235003 -1.0091128747519318 -7.123402398252627 -5.098108854820875 -10.268447220830588 -8.400097891461815 0.09120561373194391 -11.59175559984881 -7.1523558525754005 -9.562571482933286 -14.128080899883757 -13.27965499253139 -14.554371292325586 -10.026292357729165
4.208416833667335 -5.436250463328083 -10.24903726527091 -8.395723412421496 -8.999678932816693 -11.99999114867321 -11.323166419099167 -3.5227306730344763 -0.39507344969980074 8.806652775573284 0.07772414142408524 1.9903726179500194 -6.727780212260417 -3.9215435921386583 -11.222802491264112 -9.311538059256883 -0.8570845677077731 -7.0335765625067355 -4.990605360036557 -10.208291866476333 -8.321433550366919 0.24724140608439527 -11.54635192115908 -7.066987456690246 -9.498464229644998 -14.116920356315797 -13.255007044961696 -14.552694407394478 -9.974514896913504
4.268537074148297 -5.33233235290659 -10.1889243327064 -8.317946434781405 -8.934891043064006 -11.958893564423416 -11.27429385748135 -3.401623872947371 -0.23707844510020926 9.025691125336138 0.19553513074857465 2.1100198743928513 -6.632707785813648 -3.806865255869067 -11.168622806603185 -9.243387364393946 -0.7046495994062528 -6.943351153390364 -4.88269714630281 -10.147696079798223 -8.242335713413986 0.40369643123117527 -11.50051117505507 -6.981238139050419 -9.433966951746378 -14.105323598647919 -13.22991754146713 -14.550591409358818 -9.922394659498437
4.328657314629258 -5.227888770565574 -10.128294742933583 -8.239652259499817 -8.869649314020212 -11.917289484710896 -11.224906731195574 -3.279973755804014 -0.0785034789611847 9.24500966109672 0.3136461260672623 2.2300947206428003 -6.537084846488217 -3.69170076361748 -11.113936046066499 -9.174783477601995 -0.5516432540150727 -6.852621931477533 -4.774262292333837 -10.086584090351973 -8.162710709725758 0.5607392111005183 -11.454171851742565 -6.895006889978905 -9.368999667617537 -14.09326173351097 -13.204344791913483 -14.548042344905026 -9.86986262867509
4.38877755511022 -5.123022697477868 -10.067222192048213 -8.160926484957205 -8.804029453949092 -11.875239653424607 -11.175071087285797 -3.1578951478512804 0.08051183453233102 9.464429457403082 0.4319494413876872 2.35048767874433 -6.441008877725445 -3.5761604265822773 -11.05881186498727 -9.105805481593158 -0.39820166209444385 -6.761483182498329 -4.66540649264525 -10.025029934269014 -8.082645102409707 0.7182308071081778 -11.407397981656668 -6.8083838739313585 -9.303638606366427 -14.080775099373904 -13.178338524343117 -14.545080879412671 -9.816985660330442
4.448897795591182 -5.017582174023687 -10.005608087180686 -8.08164910140416 -8.737926327334389 -11.832668431898838 -11.124701893416855 -3.035215442830622 0.24018502466498526 9.684242815636527 0.5506174847996097 2.4713732914318745 -6.344339005607858 -3.4600794659357565 -11.003158857863255 -9.036345251326427 -0.2441143275275447 -6.669800157151859 -4.555972970951778 -9.962934449795391 -8.00201731693793 0.8763865535449611 -11.360108296755502 -6.721238757991728 -9.237779618529327 -14.067823462841298 -13.15184237103855 -14.54167808888556 -9.763673826980153
4.509018036072144 -4.911635376307739 -9.943502296995437 -8.001877452593416 -8.67139076719198 -11.789617517759154 -11.073844189684419 -2.912010326249127 0.4004248951599545 9.90433433842561 0.6695802068342798 2.5926802867777856 -6.247140083522862 -3.343530731361501 -10.947024352225114 -8.966456103887783 -0.0894703602527901 -6.577635786126412 -4.4460316161331725 -9.900347725325975 -7.920885318335209 1.035115562394342 -11.31234660249012 -6.633631524475678 -9.171474068216874 -14.054435579012575 -13.124891062513749 -14.53785846421791 -9.709972348691185
4.569138276553106 -4.805111827384163 -9.880860894626782 -7.921557008572204 -8.60437528413378 -11.74605431193136 -11.022460731289438 -2.7881991706971396 0.5613344476168616 10.124844238324574 0.7889194190307163 2.7144915995864207 -6.149347265008978 -3.2264375566721744 -10.890367988921554 -8.896089579580615 0.06582960614438316 -6.4849284427483385 -4.335509576886416 -9.837225561539977 -7.839193808166822 1.1945195995956226 -11.264077585185639 -6.5455022674935215 -9.104675216575053 -14.040596260716923 -13.097461506384851 -14.533612344026066 -9.655841252867354
4.629258517034068 -4.697996712998318 -9.817677389929269 -7.840678022838983 -8.536871762490694 -11.701975740571822 -10.970547034564682 -2.6637641652004183 0.7229385061436313 10.345809374057314 0.9086554387596206 2.8368278342676914 -6.05094769381487 -3.108783395177856 -10.833184374515216 -8.825237973324349 0.22180907813203599 -6.391666458937785 -4.224391325047847 -9.77356139663538 -7.7569328248354275 1.3546228937194726 -11.215297426755768 -6.45683917612395 -9.037375567189354 -14.026307567369487 -13.069553471771618 -14.528943359617779 -9.601274660940149
4.68937875751503 -4.59038867391957 -9.754021847461214 -7.759322163021469 -8.468952252475201 -11.657439237283764 -10.91816570636718 -2.5388155051831793 0.885102649347669 10.567057781737997 1.0286845151170003 2.9595832455241013 -5.952034660022421 -2.99067397714714 -10.775539626743928 -8.753976534180723 0.37833704817008107 -6.297939971927719 -4.112778150041105 -9.709425626923363 -7.674184987289898 1.515291687773228 -11.166066759906776 -6.36772838171753 -8.969647608489666 -14.011607034740619 -13.041213646437251 -14.523882532510884 -9.546335977525349
4.749498997995992 -4.482185986846385 -9.689828787040593 -7.677409444821546 -8.40054696037459 -11.612394887392057 -10.865260437352138 -2.4132374507995378 1.0479732593293003 10.788785682629328 1.149121550661008 3.0828746798591458 -5.852513921682381 -2.8719991562958076 -10.71737318007121 -8.682233715669405 0.5355550064076443 -6.203659215337233 -4.000565070716586 -9.644752395504224 -7.5908692142466805 1.6766708231532768 -11.116331941641135 -6.27808292082257 -8.901422256480984 -13.996468845697654 -13.012405251752524 -14.518411743324718 -9.4909658948154
4.809619238476953 -4.373375711796239 -9.6250925932811 -7.5949313986994405 -8.331648868001658 -11.56684007182129 -10.811827364616224 -2.2870144320556305 1.2115721053472763 11.011025436783829 1.269984058923726 3.206719973038862 -5.752374258764388 -2.752744541204923 -10.658680392246335 -8.610002941206087 0.6934835258824524 -6.108814107032374 -3.8877385244483875 -9.579536027385451 -7.506976840675623 1.8387815241772287 -11.066089728490613 -6.187892506372883 -8.83269304212897 -13.980894906298891 -12.983128180741941 -14.512534280001963 -9.435159403986724
4.869739478957916 -4.263917351592017 -9.559788889624041 -7.511857254964003 -8.262231428187405 -11.52075724454427 -10.757846119702066 -2.1600998332850727 1.3759594845440406 11.233859473748865 1.391319239152971 3.3311673273526456 -5.65157860179512 -2.6328661322161513 -10.599439073563055 -8.537257433189904 0.8521805687945229 -6.013369815311813 -3.7742565900894576 -9.513751991313821 -7.422476611344511 2.0016832529185713 -11.015321023698714 -6.097123046988777 -8.763433976918105 -13.964878213683656 -12.953370667332818 -14.506246471998539 -9.378894617434561
4.929859719438878 -4.153903111202251 -9.493982952482387 -7.428263220615179 -8.19236176556716 -11.474199774498075 -10.703374949115858 -2.0325967582830904 1.541009435367329 11.457127109932511 1.513029931386836 3.4561175177045347 -5.5502141381285 -2.5124627827055375 -10.539710776600312 -8.464067314341516 1.0115233885623875 -5.917410545801151 -3.6602139716925564 -9.447465877377947 -7.337445639196503 2.165250662807967 -10.96408221357942 -6.0058549351052015 -8.693712576696555 -13.948453371290464 -12.923175945630872 -14.49957677067255 -9.32223049737786
4.98997995991984 -4.043264990176922 -9.427631594380301 -7.344096215054314 -8.12199375511625 -11.427135093901395 -10.648376903650885 -1.9044276423186013 1.7068205857530219 11.680960720456422 1.6351929315757023 3.581648948991113 -5.448217989868874 -2.3914609433567198 -10.479455697883974 -8.390385547611771 1.1716071571904574 -5.820876730877413 -3.545540453232352 -9.380634249341444 -7.251830075077876 2.3295812598377985 -10.912338261308854 -5.914030277425795 -8.62348327548899 -13.931604297345428 -12.89252045377683 -14.492514350707635 -9.265128188383471
5.050100200400801 -3.9319537178159614 -9.360704170607903 -7.259318195786939 -8.05109449305597 -11.379540492968694 -10.592825988423886 -1.7755360752764482 1.8734652036800628 11.905457734465227 1.757864241050378 3.7078189778437545 -5.345544755233516 -2.2698073235204537 -10.418645740870229 -8.316178790733908 1.3325014681373726 -5.723725610610175 -3.4301851127163374 -9.313226282453915 -7.165591293010518 2.4947464076342563 -10.860064662575208 -5.821607353594498 -8.552713677200448 -13.914320610882845 -12.86138823233017 -14.485052749957655 -9.207560278691247
5.110220440881763 -3.820045308047515 -9.293254733130016 -7.173992140540637 -7.97971942701194 -11.331460281575634 -10.536770501882913 -1.6460070036676833 2.040839680357198 12.130486834794368 1.880964073284304 3.834545977765146 -5.242266411770687 -2.147583380743154 -10.357331913643659 -8.24150506763986 1.4941052950743727 -5.626026767439602 -3.314226011343564 -9.2452962884248 -7.0787930214856765 2.6606429484303185 -10.807308214657763 -5.728652467082682 -8.481459604363017 -13.896631244431388 -12.829815293554548 -14.477215842515177 -9.149575528754923
