web/models/kne/24/mosfit_kn_0.268580_0.1710_10.0000.dat
# %ECSV 1.0
# ---
# datatype:
# - {name: time, datatype: float64}
# - {name: PS1_g, datatype: float64}
# - {name: PS1_i, datatype: float64}
# - {name: PS1_r, datatype: float64}
# - {name: PS1_w, datatype: float64}
# - {name: PS1_y, datatype: float64}
# - {name: PS1_z, datatype: float64}
# - {name: swift_uvot_B, datatype: float64}
# - {name: swift_uvot_U, datatype: float64}
# - {name: swift_uvot_uvm2, datatype: float64}
# - {name: swift_uvot_uvw1, datatype: float64}
# - {name: swift_uvot_uvw2, datatype: float64}
# - {name: swift_uvot_V, datatype: float64}
# - {name: johnson_B, datatype: float64}
# - {name: johnson_I, datatype: float64}
# - {name: johnson_R, datatype: float64}
# - {name: johnson_U, datatype: float64}
# - {name: johnson_V, datatype: float64}
# - {name: sdss_g, datatype: float64}
# - {name: sdss_i, datatype: float64}
# - {name: sdss_r, datatype: float64}
# - {name: sdss_u, datatype: float64}
# - {name: sdss_z, datatype: float64}
# - {name: ATLAS_c, datatype: float64}
# - {name: ATLAS_o, datatype: float64}
# - {name: ukirt_H, datatype: float64}
# - {name: ukirt_J, datatype: float64}
# - {name: ukirt_K, datatype: float64}
# - {name: Clear, datatype: float64}
# meta: !!omap
# - comment: [kappa = 10.0, type = rprocess, mass = 0.2685795883840597, velocity = 0.17100000000000004, theta_obs = 0.0, tfloor = 1000.0]
# schema: astropy-2.0
time PS1_g PS1_i PS1_r PS1_w PS1_y PS1_z swift_uvot_B swift_uvot_U swift_uvot_uvm2 swift_uvot_uvw1 swift_uvot_uvw2 swift_uvot_V johnson_B johnson_I johnson_R johnson_U johnson_V sdss_g sdss_i sdss_r sdss_u sdss_z ATLAS_c ATLAS_o ukirt_H ukirt_J ukirt_K Clear
[from data line 85]
5.170340681362725 -9.400332097521833 -12.745391610190104 -11.484829111692285 -11.69796216991827 -13.864764716864872 -13.443886533276821 -8.051857051941209 -6.142968116343859 0.8332079144374456 -4.531352552451011 -2.607577755482605 -10.377216116804064 -8.26821620344273 -13.52568710924703 -12.113662066316888 -6.421120954425962 -10.546226560825962 -9.087852031469321 -12.721016808088876 -11.448750520435294 -5.441781035336479 -13.574197391542526 -10.450075414380304 -12.171291019939439 -15.01889792830626 -14.597345354930782 -15.148749031852907 -12.273893345074196
5.2304609218436875 -9.379698359449087 -12.739949665344046 -11.473252653287513 -11.689885604498595 -13.865783676397871 -13.44231076770793 -8.025509306844054 -6.104175648608532 0.8967614890332571 -4.501561080525516 -2.5785529894483292 -10.36004801891431 -8.243427570490617 -13.522189680138574 -12.104709203087467 -6.38422716298437 -10.530228812455372 -9.065848191353663 -12.715404757474573 -11.436842310173976 -5.403696804069487 -13.573497899643296 -10.435130758738271 -12.163711584191592 -15.029570367163295 -14.603607016494935 -15.162443976517997 -12.269661471395636
5.290581162324649 -9.359179617851456 -12.734485377959235 -11.461709063881944 -11.681823890632312 -13.866723950739726 -13.440678436696647 -7.99932489360006 -6.065655612815313 0.9597855108379223 -4.472038483097123 -2.5497802805975343 -10.342958727580111 -8.218794913798963 -13.518653635094743 -12.095772440826355 -6.347588304206042 -10.514304140585667 -9.043971506913984 -12.709771890238635 -11.424968592800901 -5.365876011590789 -13.57273564699181 -10.4202573665882 -12.156135798059218 -15.040084561843422 -14.609746597609623 -15.175956788853798 -12.26541625547716
5.350701402805611 -9.338788047159952 -12.729009146200294 -11.450209473981179 -11.67378729151281 -13.867595108038362 -13.438999456355365 -7.973316763261905 -6.027422502234412 1.0222634169122786 -4.442795217746784 -2.521270050005476 -10.325960162931828 -8.19433082122693 -13.515089105247934 -12.086862420283577 -6.311218672419685 -10.49846420238447 -9.022234320662115 -12.704128625574178 -11.413140576922505 -5.328333157100982 -13.57192040042344 -10.405466503682437 -12.148574120995033 -15.050448695766715 -14.615772922198234 -15.189295189893793 -12.261167305074903
5.410821643286573 -9.318532818968954 -12.723529290313103 -11.438762562170446 -11.665783836537713 -13.868405032987354 -13.437281900881253 -7.947494515223506 -5.989486701341686 1.0841842659516638 -4.413838237498755 -2.493029280317017 -10.309061452305663 -8.170044623514134 -13.511504262425078 -12.077987489476271 -6.275128567961758 -10.482717933034598 -9.000645888775374 -12.698483294352751 -11.401366998964182 -5.291078673151279 -13.571060138175586 -10.39076678104875 -12.1410348045419 -15.060669859229755 -14.621693451202463 -15.202465992348325 -12.256922229799887
5.4709418837675345 -9.298414664785124 -12.718048421317683 -11.427370194375417 -11.657815387843709 -13.869157065251727 -13.43552883143003 -7.921858277954722 -5.951846884281604 1.145553255212712 -4.385164521985239 -2.4650551284175957 -10.292263900932348 -8.14593646603543 -13.507901920083391 -12.069149660691629 -6.239316921097419 -10.467066659639508 -8.979206780784743 -12.692838487587501 -11.389649721840645 -5.254111406161144 -13.570157984379652 -10.37615940043466 -12.133520012529253 -15.070752341767438 -14.627512047544434 -15.215473755127514 -12.252683170134198
5.531062124248497 -9.278411945903908 -12.712554131118434 -11.416016247752214 -11.649867562322171 -13.869842659578353 -13.433730163788713 -7.896383032838062 -5.914470545250214 1.2064186357685154 -4.356744534242694 -2.437318587825 -10.27554810366561 -8.12198212389449 -13.50427081806884 -12.060334249931898 -6.203752399113959 -10.45149158121477 -8.957894532205426 -12.687181694786549 -11.377972454484695 -5.217399355791326 -13.569204347602906 -10.361625973589632 -12.126015877944951 -15.080693247266087 -14.633223240613622 -15.228317326250147 -12.24843790509004
5.591182364729459 -9.258515701499643 -12.707042412171692 -11.40469472662037 -11.641935133175636 -13.870459854636756 -13.431883126803008 -7.871058044613203 -5.877342963422301 1.26680388031376 -4.328564092475418 -2.4098057981013485 -10.258906352928367 -8.098171221545417 -13.50060755048598 -12.051535966682849 -6.168420918814618 -10.435985268270398 -8.936699741948413 -12.68150885385877 -11.366329125275136 -5.180928104488967 -13.568196704075142 -10.347159195731894 -12.118517541478973 -15.090493553598506 -14.638826671735108 -15.240998580016852 -12.244182293845807
5.651302605210421 -9.238745518514744 -12.701528273917475 -11.39342250115348 -11.634033505561607 -13.87102164725837 -13.430001539080276 -7.845904720103106 -5.840489378611888 1.3266770766454679 -4.300643134904458 -2.382536584925979 -10.242357329084896 -8.07452452582757 -13.49692650460111 -12.042770717934161 -6.133347166775362 -10.420565929320238 -8.915642416878224 -12.675835026408198 -11.354736740841442 -5.1447227582408495 -13.567148564571312 -10.332776718157337 -12.11104048096141 -15.100163118713997 -14.644333639911496 -15.253526364528243 -12.23993039629482
5.7114228456913825 -9.219118695942132 -12.69602514170673 -11.382214572895553 -11.626176375159982 -13.871539749366004 -13.428097814409519 -7.820941914397724 -5.803931904615283 1.3860106090014819 -4.272998896558047 -2.355528126476226 -10.225917586914417 -8.05106032006583 -13.4932405731663 -12.034052659303207 -6.0985527909841615 -10.405249698450712 -8.894740212476346 -12.670173682032928 -11.343210424505639 -5.108805330358734 -13.566072074664994 -10.318494165176801 -12.103598487613763 -15.10971096100922 -14.649754401081035 -15.265908827208124 -12.235694738757363
5.771543086172344 -9.199592628848627 -12.690506335258078 -11.371037840282465 -11.6183340499237 -13.87199421068761 -13.426149307730508 -7.796121094506186 -5.767609010584387 1.444892400479671 -4.245577584585387 -2.3287274649244547 -10.209548238876522 -8.027731607354841 -13.48952509219685 -12.025351340805958 -6.06397826535429 -10.389998847362703 -8.873949092187914 -12.664497962875902 -11.331716748619058 -5.0731150832095295 -13.564945482550463 -10.304274758295087 -12.096162536601032 -15.119127104590056 -14.655074426675066 -15.278139099006028 -12.2314495445697
5.831663326653306 -9.1802105121028 -12.685002479225425 -11.359928015899126 -11.610538892118427 -13.872410238240143 -13.424183417329232 -7.771490292783262 -5.731579124783774 1.5032444769688675 -4.218427405557765 -2.3021823743560286 -10.193289767700115 -8.00458493064568 -13.485809036238596 -12.01670010100176 -6.029680465255975 -10.374852749693451 -8.85331339235833 -12.6588386351772 -11.32029174233704 -5.037709946830731 -13.563795410322914 -10.290156736087521 -12.088764818155582 -15.128428513234674 -14.660314454168686 -15.290231531397216 -12.227223784502517
5.891783567134269 -9.160955156695003 -12.679503775081571 -11.348872326058235 -11.602779535336811 -13.872781129052587 -13.42219220663857 -7.74702961126157 -5.695816354141314 1.561105330779779 -4.191524981910852 -2.2758699385295986 -10.177126769077251 -7.981601029805251 -13.482083526830213 -12.008087320554985 -5.995634435552574 -10.35979648646771 -8.832815262617828 -12.653185818355315 -11.30892249659567 -5.002564430283094 -13.562614316751525 -10.276125518034291 -12.081394368682421 -15.137613014584282 -14.665470246216914 -15.30218535111741 -12.22300782891347
5.95190380761523 -9.14183445194789 -12.6740171412413 -11.337878091015057 -11.595062723084943 -13.873113332645808 -13.42018232537832 -7.722747389518584 -5.660329908668373 1.6184648816440879 -4.164876779133415 -2.2497967220158297 -10.161067030952726 -7.958787992785442 -13.478355326424236 -11.999519997557375 -5.961849279900903 -10.344837664037241 -8.812462685968487 -12.647546442402007 -11.297616385118765 -4.9676877668072095 -13.56140875661172 -10.262188437151458 -12.07405808753192 -15.146686242717578 -14.67054781529299 -15.314005912806808 -12.218808013302436
6.012024048096192 -9.122812532441191 -12.668520180954062 -11.326917482322845 -11.587363540626487 -13.873390149085623 -13.418134791458751 -7.698602741314025 -5.62506790233936 1.6753972716043437 -4.138437650178872 -2.2239182808711564 -10.145077821795933 -7.9361062459887535 -13.474603746370672 -11.990972560159687 -5.928274806931572 -10.329944541112555 -8.79221858569288 -12.641897960340991 -11.286345300869964 -4.93302873570606 -13.56016050685886 -10.248314572071013 -12.066731608412393 -15.15563995058551 -14.675535055746634 -15.325687604308412 -12.214602748655032
6.072144288577154 -9.10388761631296 -12.663013241214731 -11.31598999551656 -11.579681695901467 -13.873612786342946 -13.41605047625535 -7.674593151024399 -5.590026133007466 1.7319107120274397 -4.11220293055969 -2.1982301643345923 -10.129157939240827 -7.913553375731709 -13.470829381506022 -11.982444753531436 -5.894907093329753 -10.315115997959603 -8.772080992802245 -12.636240695946377 -11.275108717848603 -4.898583288305325 -13.558870531845013 -10.23450278718796 -12.059414858483812 -15.164476542761541 -14.680433830153826 -15.337233186112316 -12.210392155038665
6.132264529058116 -9.08510349651566 -12.657527115473037 -11.305131683876848 -11.572049789804879 -13.873806438330547 -13.413956838653771 -7.6507674121330735 -5.555264148691794 1.7879254821666608 -4.08622176287345 -2.1727811292826824 -10.11334837016981 -7.8911766302491095 -13.46706131898274 -11.973970169938639 -5.861804078102423 -10.300391870027637 -8.752094880459325 -12.630605588905386 -11.263943017163616 -4.86441045473061 -13.557565486640932 -10.22079175302693 -12.05214024756792 -15.173212694562658 -14.68526471308717 -15.34865663347073 -12.206205328459454
6.192384769539078 -9.066429201029713 -12.652042538534971 -11.294318560856933 -11.564446371888 -13.873956792116662 -13.41183758173461 -7.6270901879087125 -5.520737051481639 1.8435058206067518 -4.060455141656796 -2.1475327900922134 -10.097620865576673 -7.868941814640408 -13.463281778541127 -11.9655267852274 -5.828922336128823 -10.28574476973702 -8.732228223761034 -12.624973243440838 -11.252823969910235 -4.830465914803934 -13.556229734381109 -10.207154796399767 -12.04488679950634 -15.181841442097316 -14.690017385911903 -15.359953273368346 -12.202023710689858
6.25250501002004 -9.047839249758258 -12.646543869653133 -11.283531018153443 -11.556853952278523 -13.874052366961767 -13.40967955849866 -7.603532332941319 -5.486407661746853 1.898705176238093 -4.034870750549064 -2.122453350776808 -10.08195223803095 -7.846820739389674 -13.45947636649565 -11.957096636861 -5.796225926756897 -10.271152231318206 -8.712454657941908 -12.61932790911537 -11.241731765018237 -4.796712977185624 -13.554850681885195 -10.193570043599856 -12.037637431082935 -15.190357474063646 -14.694683721375144 -15.37111971691102 -12.197832237376112
6.312625250501002 -9.02937916462001 -12.641062940232057 -11.27280642534993 -11.549306283641858 -13.87411910063209 -13.407511090276554 -7.580144631266946 -5.4523380886225326 1.9534401881197434 -4.009519897500127 -2.097593734405233 -10.066385049113961 -7.824862564424183 -13.455675118503596 -11.948714505488944 -5.763775262528654 -10.25665560552543 -8.692820947514264 -12.61370157122915 -11.2307041163354 -4.763213201748684 -13.553455804843555 -10.180077630528892 -12.030425680541494 -15.198777767130714 -14.699284797489225 -15.382170101102178 -12.193660977137615
6.372745490981964 -9.011029855509296 -12.63558830816077 -11.262130257488074 -11.54179043559079 -13.874148776565995 -13.405322670422919 -7.556905156566077 -5.418500173500398 2.007751781406186 -3.984377908799743 -2.0729297113286935 -10.050902009223492 -7.803046081530475 -13.451867556881602 -11.94036711991669 -5.731543149511335 -10.24223814602175 -8.673307315633885 -12.608082702479297 -11.219726346439689 -4.72993881951238 -13.55203602076914 -10.166661240927155 -12.023238959600473 -15.207098870686671 -14.703814989107292 -15.39310245645522 -12.18949886023454
6.432865731462925 -8.992763828773072 -12.630102863322623 -11.251481215914065 -11.53428740402477 -13.874128684031799 -13.403099824031326 -7.533782533003094 -5.384854049178571 2.0616968695345657 -3.959410413080526 -2.0484274351902907 -10.035478024040476 -7.781340949543875 -13.44803789289471 -11.932034944753244 -5.699491025723031 -10.227875538431482 -8.653885334050653 -12.602454076889362 -11.208776937239353 -4.6968504672489075 -13.550577445881533 -10.15329721921761 -12.016058662216391 -15.21531461779826 -14.708265141537707 -15.403912659172503 -12.185329469582271
6.492985971943887 -8.974625899683275 -12.624637861211614 -11.240896040842046 -11.5268303379154 -13.874084240366216 -13.40087033015772 -7.510826790207058 -5.351460967401369 2.115193205775136 -3.93466795337936 -2.024137102595883 -10.020154981287359 -7.759795580144843 -13.444215602126832 -11.923752145971608 -5.6676784614505955 -10.213608464044766 -8.634601048882828 -12.596847102307205 -11.19789297157288 -4.664008854188673 -13.549107019329725 -10.140025039431979 -12.008917726225707 -15.223441544913513 -14.71265585581145 -15.414614430215144 -12.181182299396642
6.55310621242485 -8.956594285117383 -12.619179944396208 -11.230357976758203 -11.51940430689228 -13.874005652431212 -13.398622967717788 -7.488013003945727 -5.318289122837516 2.16828651589761 -3.9101229803278232 -2.000031621340955 -10.004913057945235 -7.738385870616135 -13.440388395875768 -11.915503380346834 -5.6360747115248095 -10.199417719875663 -8.615431919269554 -12.591248327329101 -11.187057519572523 -4.631382591071205 -13.547613995125207 -10.126826011931573 -12.001801562314345 -15.231475147987897 -14.716980213558076 -15.425204914076447 -12.177044500962104
6.613226452905812 -8.938639965157051 -12.613710870461574 -11.219844432528383 -11.511989155828886 -13.873879252571761 -13.396342232623208 -7.465308111692127 -5.285296626953375 2.221036261019031 -3.885739636433527 -1.9760756499249719 -9.989725705588512 -7.717079857368411 -13.436539408280563 -11.90726791256208 -5.6046392403360485 -10.185277584879946 -8.596347954319565 -12.585639389207284 -11.176247757138622 -4.5989303020543915 -13.54608348916722 -10.113675130597652 -11.994690400525343 -15.239408582106964 -14.721228253923664 -15.435679399944425 -12.172898629915867
6.673346693386773 -8.92082087504722 -12.608270588690775 -11.209402629916951 -11.50462740812392 -13.873737257078584 -13.39406346753007 -7.442776949601956 -5.252563190179895 2.273334784930385 -3.8615838592804503 -1.9523346606685652 -9.974646955410062 -7.695940253470631 -13.432706233078388 -11.89908957261321 -5.573449523787179 -10.171240505462416 -8.57740872070785 -12.580060439089067 -11.165511355292779 -4.566730964985517 -13.544549735915865 -10.10062328005434 -11.987626446578616 -15.247262320101026 -14.725425823184091 -15.446054641463805 -12.168782390074462
6.733466933867735 -8.903096395691197 -12.60283302702609 -11.19900062462552 -11.497290504419695 -13.873559783939573 -13.391764302252831 -7.420373418506872 -5.220030778975389 2.325263637335408 -3.83760633639973 -1.928759985684557 -9.959639490874974 -7.674922485969965 -13.4288646650296 -11.890938964760515 -5.542449350575211 -10.157270312038163 -8.55857228706805 -12.57448524231652 -11.154816046240157 -4.534727219485237 -13.542991212962985 -10.087635312298904 -11.980581610345311 -15.255025743624323 -14.729558070686613 -15.456322924739696 -12.16467092582155
6.793587174348697 -8.885449944862618 -12.597388172925363 -11.188625754662116 -11.489967210866663 -13.873339600412997 -13.389436390117151 -7.39807848585465 -5.187674993585389 2.376858051112653 -3.813786016366478 -1.905330926044527 -9.944688256094231 -7.654008166567902 -13.425005525511892 -11.882804532284148 -5.511615147925799 -10.143352435151465 -8.539821480308003 -12.568903713102273 -11.144149031372201 -4.502894989487594 -13.54139994509751 -10.074697060159448 -11.973544921999846 -15.262695746821958 -14.733620006797244 -15.466482430613764 -12.160554629382716
