web/models/kne/24/mosfit_kn_0.077496_0.3747_10.0000.dat
# %ECSV 1.0
# ---
# datatype:
# - {name: time, datatype: float64}
# - {name: PS1_g, datatype: float64}
# - {name: PS1_i, datatype: float64}
# - {name: PS1_r, datatype: float64}
# - {name: PS1_w, datatype: float64}
# - {name: PS1_y, datatype: float64}
# - {name: PS1_z, datatype: float64}
# - {name: swift_uvot_B, datatype: float64}
# - {name: swift_uvot_U, datatype: float64}
# - {name: swift_uvot_uvm2, datatype: float64}
# - {name: swift_uvot_uvw1, datatype: float64}
# - {name: swift_uvot_uvw2, datatype: float64}
# - {name: swift_uvot_V, datatype: float64}
# - {name: johnson_B, datatype: float64}
# - {name: johnson_I, datatype: float64}
# - {name: johnson_R, datatype: float64}
# - {name: johnson_U, datatype: float64}
# - {name: johnson_V, datatype: float64}
# - {name: sdss_g, datatype: float64}
# - {name: sdss_i, datatype: float64}
# - {name: sdss_r, datatype: float64}
# - {name: sdss_u, datatype: float64}
# - {name: sdss_z, datatype: float64}
# - {name: ATLAS_c, datatype: float64}
# - {name: ATLAS_o, datatype: float64}
# - {name: ukirt_H, datatype: float64}
# - {name: ukirt_J, datatype: float64}
# - {name: ukirt_K, datatype: float64}
# - {name: Clear, datatype: float64}
# meta: !!omap
# - comment: [kappa = 10.0, type = rprocess, mass = 0.07749594937791414, velocity = 0.3746666666666667, theta_obs = 0.0, tfloor = 1000.0]
# schema: astropy-2.0
time PS1_g PS1_i PS1_r PS1_w PS1_y PS1_z swift_uvot_B swift_uvot_U swift_uvot_uvm2 swift_uvot_uvw1 swift_uvot_uvw2 swift_uvot_V johnson_B johnson_I johnson_R johnson_U johnson_V sdss_g sdss_i sdss_r sdss_u sdss_z ATLAS_c ATLAS_o ukirt_H ukirt_J ukirt_K Clear
[from data line 144]
8.71743486973948 3.1573884347997527 -5.161493791281906 -1.908299794729853 -3.6760078889358994 -8.440308744975766 -7.126683244701368 6.471046002772941 12.631236745094387 25.949095346215675 9.284050958602208 11.676210698804447 1.2153200347157587 5.399942498151141 -6.63199204460141 -3.7814630044776125 11.686613216533555 0.3738578221174851 3.9201205777868786 -5.08514410574918 -1.7039193504284533 13.154104857119489 -7.64312872398575 -0.013288393549917288 -4.180346371550794 -12.990987104095558 -11.021458710757058 -14.220626724883656 -5.767191426753904
8.77755511022044 3.290404878639581 -5.075568710001175 -1.8037854949752052 -3.5881633914589273 -8.374847743531557 -7.052531478168138 6.622992527468775 12.824810361252084 26.19092385405604 9.42062850622019 11.822605607809408 1.3400745966899017 5.540994787000898 -6.55298343948446 -3.6921620070145282 11.87306349096924 0.48939490104484196 4.057320876727051 -4.9987982653602 -1.5974105878738598 13.345905669028912 -7.57363629767962 0.09828966564747077 -4.092576845456879 -12.95880647403086 -10.974227366793786 -14.199362660391051 -5.695499474832815
8.837675350701403 3.424045175515573 -4.9891814273613555 -1.6987505921570012 -3.4998708991135707 -8.308990932333558 -6.977951557715496 6.775627423846292 13.019233270863282 26.43366590213326 9.55776397678246 11.969649336785185 1.465430638501892 5.6826570778111005 -6.473541618293438 -3.6024477869504006 12.060319866731113 0.6054496768479314 4.195156329249414 -4.911990646714646 -1.4903700457156965 13.538541226306826 -7.503751371044647 0.21040618668390465 -4.004362268957475 -12.926352092640021 -10.926669714873858 -14.177864936995606 -5.623440348844202
8.897795591182364 3.5585413157517998 -4.902174332167224 -1.5930081585381295 -3.4109697224168833 -8.242612923469483 -6.902804360688268 6.9292124874518 13.214833056489148 26.677726245879047 9.695695282811378 12.117595009209815 1.5916069938322395 5.8251737026039905 -6.3935199281143715 -3.5121579013177433 12.248698395205427 0.7222257981262838 4.333865452959795 -4.824563010342686 -1.382607662730564 13.732336098569373 -7.433342471302229 0.32325935492815816 -3.9155421249427924 -12.893551028122141 -10.878689130419852 -14.156077794611742 -5.5508790618065795
8.957915831663327 3.693681005720588 -4.814692686743367 -1.4867299376876097 -3.3216077213030815 -8.175829768000948 -6.827218311096814 7.083508387038354 13.411311094080975 26.922738948821628 9.834205694444211 12.266211378961934 1.718402996076349 5.968320755778397 -6.313053797970563 -3.421442659100376 12.437910390821123 0.8395353122629092 4.4732299298255995 -4.736661246113041 -1.2742980571480444 13.926994007637816 -7.362531599438409 0.4366674988441943 -3.8262642076409747 -12.860471816415211 -10.830375656055969 -14.13405414852816 -5.477940564957713
9.018036072144287 3.8296353162588836 -4.726620384887621 -1.3797781779865304 -3.2316665355072693 -8.108549140710384 -6.751090927106365 7.238708193436513 13.608909105195366 27.169002836152 9.97347062318589 12.415685100830554 1.845979973251992 6.11227827229429 -6.232035237141239 -3.330182608115611 12.62818894846913 0.9575280738513416 4.613425625721064 -4.648168796679926 -1.1653011606818353 14.12275437703057 -7.291222039387026 0.5507767041979328 -3.7364102997440796 -12.827060878106947 -10.781658223656814 -14.111753094172455 -5.404525584031656
9.07815631262525 3.9664068859955037 -4.637956138630948 -1.272151100314538 -3.141144773050506 -8.040770242804474 -6.674421151608705 7.3948149937973975 13.80763140287117 27.416524550504754 10.113493131397906 12.566019201184787 1.9743402162658505 6.2570487761652025 -6.15046319003116 -3.2383768551280427 12.819537894581757 1.0762054790737732 4.754455214748816 -4.559084399209343 -1.0556151563092797 14.319621252857129 -7.219413165080635 0.6655890524182517 -3.645979061028779 -12.793318255776745 -10.732536524310204 -14.089174915634002 -5.330633381847711
9.138276553106213 4.103861724184661 -4.548791815920126 -1.1639572097985784 -3.0501358496118414 -7.972566563735626 -6.5972902530710975 7.5516777741582155 14.007289663175335 27.665074117378193 10.254136819195274 12.717067848098292 2.103356979683137 6.402490989977277 -6.068423341083849 -3.1461204190987617 13.011775106409196 1.1954487064111798 4.8961808969044895 -4.469500324184974 -0.945350378112213 14.517407731837846 -7.147182259007554 0.7809898547080252 -3.5550638719963423 -12.759287511809523 -10.683067667586597 -14.066353324534225 -5.256342968344185
9.198396793587174 4.24221470340882 -4.458981403635018 -1.055023394965584 -2.958491057758703 -7.903821885020452 -6.519569275158599 7.709538987655201 14.20818737878232 27.91502574633878 10.395621493528235 12.869065317296378 2.2332329872213093 6.54883086252045 -5.985779866779747 -3.0532633223464716 13.205193223900629 1.3154459460313308 5.038823549967617 -4.379269996435102 -0.8343307854929805 14.716414425406725 -7.074407640309666 0.8971626021459578 -3.463516203748984 -12.72490103551627 -10.633162110119637 -14.043236620008075 -5.181529651062355
9.258517034068136 4.381245039161605 -4.3686759426392285 -0.945528207684383 -2.866364007747446 -7.834656888237248 -6.441391787794775 7.868149727366757 14.41001382216255 28.165999232709883 10.53772226988741 13.02177124192189 2.363759515692691 6.69583582615752 -5.902673540981499 -2.9599614195499173 13.399491996213769 1.4360020746173088 5.182156140560554 -4.288545096733767 -0.7227379520471189 14.916333110640725 -7.001216061002022 1.0139184452033057 -3.371489570203181 -12.69023002166321 -10.582913425141312 -14.019879730805512 -5.106323031321747
9.318637274549097 4.5211113553954085 -4.27776775443558 -0.8353439362460158 -2.7736450370663057 -7.7649859091454765 -6.362662696296528 8.027688996746718 14.612993180812595 28.4182712042471 10.680601435486583 13.175358579790327 2.495086175469214 6.843672563809392 -5.819004239193371 -2.8661042932901397 13.594887482552707 1.5572557179982052 5.326341706278868 -4.197217543610154 -0.610442001232645 15.117385773085505 -6.92751791722479 1.1313927931157863 -3.2788744537784353 -12.65522474375018 -10.532255680400906 -13.99624468445827 -5.030631295962724
9.37875751503006 4.661790406475621 -4.186273167531844 -0.7244896699474523 -2.6803506753260287 -7.694822180958809 -6.283396502799281 8.188130675864496 14.81709321669161 28.671803388741058 10.82423568455308 13.329802156516731 2.627190810582671 6.99231637175966 -5.734787300810292 -2.771709159661609 13.791348232182148 1.6791855117974943 5.471356300658048 -4.105303763374302 -0.49746234477337836 15.319540226004964 -6.853327307564552 1.2495656251742915 -3.185687411774918 -12.619893416162869 -10.481199383549418 -13.972338015461164 -4.954468760523447
9.438877755511022 4.761318619361248 -4.1205101938380295 -0.6454394158001975 -2.613363227304184 -7.643700242363298 -6.22602427751616 8.301225195925735 14.960169293820638 28.848764597849815 10.925751825895205 13.438768332374856 2.7208353122320323 7.097287878959545 -5.67402350025998 -2.7039907335349804 13.929168114568895 1.7658129770632793 5.573858720675684 -4.039254241725043 -0.41695075630375555 15.461274823995463 -6.799451889538162 1.333637153942444 -3.1187753706673327 -12.592687620278793 -10.443198324789103 -13.952976300751965 -4.8992572710655224
9.498997995991983 4.770434396809744 -4.111394416389533 -0.6363236383516835 -2.60424744985567 -7.634584464914784 -6.216908500067664 8.310340973374231 14.969285071269152 28.85788037529832 10.934867603343701 13.447884109823352 2.7299510896805463 7.106403656408041 -5.664907722811484 -2.694874956086484 13.93828389201741 1.7749287545117933 5.582974498124198 -4.030138464276547 -0.4078349788552593 15.470390601443977 -6.7903361120896655 1.342752931390958 -3.1096595932188364 -12.58357184283028 -10.434082547340589 -13.943860523303469 -4.8901414936170085
9.559118236472946 4.779611035524809 -4.102217777674468 -0.6271469996366186 -2.595070811140605 -7.625407826199737 -6.207731861352599 8.319517612089296 14.978461709984217 28.867057014013387 10.944044242058766 13.457060748538417 2.7391277283955935 7.115580295123106 -5.655731084096419 -2.6856983173714193 13.947460530732457 1.7841053932268582 5.592151136839263 -4.020961825561482 -0.3986583401401944 15.479567240159042 -6.781159473374601 1.351929570106023 -3.1004829545037715 -12.574395204115214 -10.424905908625542 -13.934683884588404 -4.880964854901961
9.619238476953907 4.788868015105692 -4.092960798093586 -0.6178900200557358 -2.5858138315597223 -7.616150846618854 -6.198474881771716 8.328774591670179 14.9877186895651 28.87631399359427 10.953301221639649 13.4663177281193 2.7483847079764763 7.124837274703989 -5.646474104515536 -2.6764413377905365 13.956717510313357 1.793362372807741 5.601408116420146 -4.011704845980599 -0.3894013605593116 15.488824219739925 -6.771902493793718 1.3611865496869058 -3.0912259749228888 -12.565138224534332 -10.415648929044641 -13.925426905007521 -4.8717078753210785
9.67935871743487 4.798208887481579 -4.083619925717699 -0.6085491476798488 -2.5764729591838353 -7.60680997424295 -6.189134009395829 8.338115464046066 14.997059561940986 28.885654865970157 10.962642094015536 13.475658600495187 2.757725580352381 7.134178147079876 -5.637133232139649 -2.6671004654146495 13.966058382689244 1.802703245183628 5.610748988796033 -4.002363973604712 -0.38006048818342464 15.498165092115812 -6.762561621417831 1.3705274220627928 -3.0818851025470018 -12.555797352158445 -10.406308056668754 -13.916086032631634 -4.8623670029451915
9.739478957915832 4.807615902844642 -4.074212910354635 -0.5991421323167856 -2.567065943820772 -7.597402958879904 -6.179726994032766 8.347522479409129 15.00646657730405 28.895061881333216 10.972049109378599 13.48506561585825 2.7671325957154265 7.143585162442939 -5.627726216776586 -2.6576934500515863 13.97546539805229 1.8121102605466912 5.620156004159096 -3.992956958241649 -0.37065347282036143 15.507572107478875 -6.753154606054768 1.379934437425856 -3.0724780871839386 -12.546390336795382 -10.396901041305691 -13.906679017268571 -4.852959987582128
9.799599198396793 4.817112802160004 -4.064716011039273 -0.5896452330014412 -2.5575690445054278 -7.587906059564542 -6.170230094717404 8.357019378724491 15.015963476619394 28.90455878064857 10.981546008693961 13.494562515173612 2.7766294950307886 7.153082061758301 -5.618229317461224 -2.648196550736242 13.984962297367652 1.8216071598620356 5.62965290347444 -3.983460058926287 -0.3611565735049993 15.51706900679422 -6.7436577067394055 1.3894313367412003 -3.0629811878685764 -12.536893437480037 -10.387404141990347 -13.897182117953209 -4.843463088266766
9.859719438877756 4.826672833774577 -4.0551559794247005 -0.5800852013868685 -2.5480090128908373 -7.578346027949969 -6.160670063102831 8.366579410339064 15.025523508233984 28.914118812263144 10.991106040308534 13.504122546788185 2.7861895266453613 7.162642093372874 -5.608669285846651 -2.6386365191216514 13.994522328982224 1.8311671914766083 5.639212935089013 -3.973900027311714 -0.35159654189042655 15.52662903840881 -6.734097675124833 1.3989913683557909 -3.0534211562540037 -12.527333405865464 -10.377844110375774 -13.887622086338636 -4.833903056652193
9.919839679358716 4.836310334801297 -4.04551847839798 -0.5704477003601482 -2.538371511864135 -7.568708526923249 -6.151032562076111 8.376216911365784 15.035161009260687 28.923756313289864 11.000743541335254 13.513760047814905 2.7958270276720816 7.172279594399594 -5.599031784819931 -2.628999018094949 14.004159830008945 1.8408046925033286 5.648850436115733 -3.964262526284994 -0.3419590408637063 15.536266539435513 -6.7244601740981125 1.4086288693824933 -3.0437836552272834 -12.517695904838744 -10.368206609349054 -13.877984585311916 -4.824265555625473
9.97995991983968 4.846036778903695 -4.035792034295582 -0.5607212562577502 -2.528645067761719 -7.558982082820851 -6.141306117973713 8.385943355468182 15.044887453363103 28.933482757392262 11.010469985437652 13.523486491917303 2.8055534717744797 7.182006038501992 -5.589305340717533 -2.619272573992533 14.013886274111343 1.8505311366057267 5.658576880218131 -3.954536082182596 -0.33223259676130823 15.545992983537928 -6.714733729995714 1.4183553134849092 -3.0340572111248854 -12.507969460736346 -10.358480165246656 -13.868258141209518 -4.814539111523075
10.040080160320642 4.85582173260962 -4.0260070805896575 -0.5509363025518077 -2.5188601140557942 -7.5491971291149085 -6.131521164267788 8.395728309174107 15.054672407069027 28.943267711098198 11.020254939143577 13.533271445623228 2.815338425480422 7.191790992207917 -5.579520387011608 -2.6094876202866084 14.023671227817285 1.8603160903116691 5.668361833924074 -3.9447511284766534 -0.32244764305538354 15.555777937243853 -6.704948776289772 1.4281402671908339 -3.0242722574189607 -12.498184507030404 -10.348695211540713 -13.858473187503575 -4.804754157817133
10.100200400801603 4.865683001623111 -4.016145811576184 -0.5410750335383341 -2.5089988450423206 -7.539335860101435 -6.121659895254314 8.40558957818758 15.064533676082501 28.95312898011168 11.030116208157068 13.543132714636702 2.8251996944938957 7.2016522612213905 -5.5696591179981345 -2.599626351273135 14.033532496830759 1.8701773593251427 5.678223102937547 -3.93488985946318 -0.3125863740419099 15.565639206257327 -6.695087507276298 1.4380015362043075 -3.0144109884054693 -12.48832323801693 -10.33883394252724 -13.848611918490102 -4.794892888803659
10.160320641282565 4.875624060938151 -4.006204752261127 -0.5311339742232768 -2.4990577857272633 -7.529394800786378 -6.111718835939257 8.415530637502638 15.074474735397558 28.96307003942673 11.040057267472108 13.553073773951759 2.835140753808953 7.211593320536448 -5.559718058683077 -2.5896852919580775 14.043473556145816 1.8801184186402 5.688164162252605 -3.9249488001481403 -0.30264531472685263 15.575580265572384 -6.685146447961259 1.4479425955193648 -3.0044699290904298 -12.478382178701873 -10.328892883212182 -13.838670859175062 -4.784951829488602
10.220440881763526 4.885628830168542 -3.9961999830307526 -0.5211292049929028 -2.4890530164968894 -7.519390031556004 -6.101714066708883 8.425535406733012 15.084479504627932 28.9730748086571 11.050062036702482 13.563078543182133 2.845145523039327 7.221598089766822 -5.549713289452703 -2.5796805227277035 14.05347832537619 1.890123187870574 5.698168931482979 -3.9149440309177486 -0.29264054549647867 15.585585034802758 -6.675141678730867 1.4579473647497387 -2.994465159860038 -12.468377409471499 -10.318888113981808 -13.82866608994467 -4.774947060258228
10.280561122244489 4.895716972793807 -3.9861118404054885 -0.5110410623676387 -2.4789648738716252 -7.5093018889307395 -6.091625924083601 8.435623549358294 15.094567647253196 28.983162951282374 11.060150179327763 13.573166685807415 2.855233665664591 7.231686232392086 -5.539625146827421 -2.5695923801024394 14.063566468001454 1.9002113304958381 5.708257074108243 -3.9048558882924844 -0.28255240287119676 15.595673177428022 -6.665053536105603 1.4680355073750029 -2.984377017234774 -12.458289266846235 -10.308799971356544 -13.818577947319406 -4.764858917632964
10.34068136272545 4.9058677971689235 -3.975961016030354 -0.5008902379925217 -2.4688140494964905 -7.4991510645556225 -6.081475099708484 8.44577437373341 15.104718471628331 28.99331377565749 11.07030100370288 13.583317510182532 2.865384490039708 7.241837056767221 -5.529474322452304 -2.5594415557273047 14.073717292376571 1.910362154870955 5.71840789848336 -3.8947050639173675 -0.2724015784960798 15.605824001803157 -6.654902711730486 1.4781863317501198 -2.974226192859657 -12.448138442471118 -10.298649146981427 -13.80842712294429 -4.754708093257847
