web/models/kne/24/villar_0.0043_0.1397_10.0000.dat
# %ECSV 1.0
# ---
# datatype:
# - {name: time, datatype: float64}
# - {name: swift_uvot_uvw2, datatype: float64}
# - {name: swift_uvot_uvm2, datatype: float64}
# - {name: swift_uvot_uvw1, datatype: float64}
# - {name: swift_uvot_U, datatype: float64}
# - {name: swift_uvot_B, datatype: float64}
# - {name: swift_uvot_V, datatype: float64}
# - {name: swift_uvot_W, datatype: float64}
# - {name: johnson_U, datatype: float64}
# - {name: johnson_B, datatype: float64}
# - {name: johnson_V, datatype: float64}
# - {name: johnson_R, datatype: float64}
# - {name: johnson_I, datatype: float64}
# - {name: sdss_u, datatype: float64}
# - {name: sdss_g, datatype: float64}
# - {name: sdss_r, datatype: float64}
# - {name: sdss_i, datatype: float64}
# - {name: sdss_z, datatype: float64}
# - {name: PS1_g, datatype: float64}
# - {name: PS1_r, datatype: float64}
# - {name: PS1_i, datatype: float64}
# - {name: PS1_z, datatype: float64}
# - {name: PS1_Y, datatype: float64}
# - {name: PS1_w, datatype: float64}
# - {name: ATLAS_c, datatype: float64}
# - {name: ATLAS_o, datatype: float64}
# - {name: ukirt_J, datatype: float64}
# - {name: ukirt_H, datatype: float64}
# - {name: ukirt_K, datatype: float64}
# - {name: Clear, datatype: float64}
# meta: !!omap
# - comment: [kappa = 10.0, type = villar, mass = 0.004263435211354371, velocity = 0.13966666666666672, theta_obs = 0.0]
# schema: astropy-2.0
time swift_uvot_uvw2 swift_uvot_uvm2 swift_uvot_uvw1 swift_uvot_U swift_uvot_B swift_uvot_V swift_uvot_W johnson_U johnson_B johnson_V johnson_R johnson_I sdss_u sdss_g sdss_r sdss_i sdss_z PS1_g PS1_r PS1_i PS1_z PS1_Y PS1_w ATLAS_c ATLAS_o ukirt_J ukirt_H ukirt_K Clear
[from data line 152]
0.092665 -9.169 -9.515 -9.917 -10.55 -10.751 -10.787 -10.196 -10.594 -10.75 -10.783 -10.683 -10.486 -10.588 -10.774 -10.746 -10.623 -10.456 -10.791 -10.753 -10.63 -10.508 -10.441 -10.718 -10.773 -10.693 -10.026 -9.611 -9.089 -10.713
0.095467 -9.164 -9.513 -9.924 -10.571 -10.779 -10.821 -10.215 -10.616 -10.778 -10.818 -10.722 -10.529 -10.609 -10.804 -10.783 -10.664 -10.499 -10.822 -10.791 -10.671 -10.55 -10.485 -10.754 -10.807 -10.732 -10.073 -9.66 -9.139 -10.749
0.098355 -9.158 -9.51 -9.93 -10.59 -10.807 -10.855 -10.233 -10.637 -10.806 -10.852 -10.761 -10.571 -10.63 -10.835 -10.82 -10.704 -10.542 -10.854 -10.828 -10.712 -10.593 -10.528 -10.79 -10.84 -10.771 -10.12 -9.709 -9.19 -10.784
0.101329 -9.151 -9.507 -9.936 -10.609 -10.835 -10.889 -10.251 -10.658 -10.834 -10.886 -10.8 -10.614 -10.65 -10.865 -10.857 -10.745 -10.585 -10.884 -10.865 -10.752 -10.636 -10.572 -10.826 -10.873 -10.809 -10.166 -9.758 -9.24 -10.819
0.104394 -9.143 -9.503 -9.941 -10.628 -10.862 -10.923 -10.269 -10.678 -10.861 -10.92 -10.838 -10.656 -10.67 -10.894 -10.894 -10.785 -10.628 -10.915 -10.901 -10.793 -10.678 -10.615 -10.862 -10.906 -10.847 -10.213 -9.806 -9.29 -10.854
0.107551 -9.135 -9.498 -9.945 -10.646 -10.889 -10.957 -10.286 -10.698 -10.888 -10.953 -10.877 -10.699 -10.69 -10.923 -10.93 -10.825 -10.671 -10.945 -10.938 -10.833 -10.72 -10.658 -10.898 -10.938 -10.885 -10.259 -9.855 -9.34 -10.889
0.110804 -9.127 -9.492 -9.949 -10.664 -10.915 -10.99 -10.303 -10.717 -10.915 -10.987 -10.915 -10.741 -10.708 -10.952 -10.966 -10.865 -10.714 -10.975 -10.974 -10.873 -10.762 -10.701 -10.933 -10.97 -10.923 -10.306 -9.903 -9.39 -10.923
0.114155 -9.117 -9.486 -9.953 -10.681 -10.941 -11.022 -10.32 -10.736 -10.941 -11.02 -10.953 -10.783 -10.727 -10.981 -11.002 -10.905 -10.756 -11.004 -11.01 -10.912 -10.804 -10.744 -10.968 -11.002 -10.96 -10.352 -9.951 -9.44 -10.957
0.117608 -9.107 -9.478 -9.956 -10.698 -10.967 -11.055 -10.336 -10.754 -10.967 -11.052 -10.99 -10.824 -10.745 -11.009 -11.037 -10.944 -10.798 -11.033 -11.045 -10.952 -10.846 -10.787 -11.003 -11.033 -10.998 -10.398 -10.0 -9.49 -10.991
0.121165 -9.097 -9.47 -9.958 -10.714 -10.993 -11.087 -10.353 -10.772 -10.992 -11.085 -11.027 -10.866 -10.762 -11.037 -11.073 -10.984 -10.84 -11.062 -11.081 -10.991 -10.887 -10.829 -11.037 -11.064 -11.035 -10.444 -10.048 -9.54 -11.025
0.124829 -9.085 -9.462 -9.959 -10.73 -11.017 -11.119 -10.368 -10.789 -11.017 -11.117 -11.065 -10.907 -10.779 -11.064 -11.108 -11.023 -10.882 -11.091 -11.116 -11.03 -10.929 -10.872 -11.071 -11.095 -11.071 -10.49 -10.096 -9.59 -11.058
0.128605 -9.073 -9.452 -9.96 -10.745 -11.042 -11.151 -10.384 -10.806 -11.042 -11.148 -11.101 -10.948 -10.796 -11.091 -11.143 -11.061 -10.924 -11.119 -11.15 -11.069 -10.97 -10.914 -11.105 -11.126 -11.108 -10.536 -10.144 -9.64 -11.091
0.132494 -9.061 -9.442 -9.961 -10.76 -11.066 -11.182 -10.399 -10.822 -11.066 -11.18 -11.138 -10.989 -10.812 -11.118 -11.177 -11.1 -10.966 -11.147 -11.185 -11.108 -11.011 -10.956 -11.139 -11.156 -11.144 -10.582 -10.192 -9.689 -11.124
0.136502 -9.047 -9.431 -9.96 -10.774 -11.09 -11.213 -10.414 -10.838 -11.09 -11.211 -11.175 -11.03 -10.827 -11.144 -11.212 -11.139 -11.007 -11.174 -11.219 -11.146 -11.052 -10.998 -11.173 -11.186 -11.18 -10.627 -10.24 -9.739 -11.156
0.14063 -9.033 -9.419 -9.959 -10.788 -11.113 -11.243 -10.428 -10.854 -11.114 -11.242 -11.211 -11.071 -10.842 -11.17 -11.246 -11.177 -11.048 -11.201 -11.253 -11.184 -11.092 -11.04 -11.206 -11.215 -11.216 -10.673 -10.287 -9.788 -11.189
0.144883 -9.019 -9.406 -9.958 -10.801 -11.136 -11.274 -10.443 -10.868 -11.136 -11.272 -11.247 -11.111 -10.856 -11.196 -11.279 -11.215 -11.089 -11.228 -11.287 -11.222 -11.133 -11.082 -11.239 -11.245 -11.252 -10.718 -10.335 -9.838 -11.221
0.149265 -9.003 -9.392 -9.955 -10.813 -11.158 -11.304 -10.456 -10.883 -11.159 -11.302 -11.282 -11.151 -10.87 -11.221 -11.313 -11.252 -11.13 -11.254 -11.32 -11.26 -11.173 -11.123 -11.271 -11.274 -11.287 -10.763 -10.382 -9.887 -11.252
0.15378 -8.988 -9.378 -9.952 -10.825 -11.18 -11.333 -10.47 -10.896 -11.181 -11.332 -11.318 -11.191 -10.883 -11.246 -11.346 -11.29 -11.171 -11.28 -11.354 -11.298 -11.213 -11.165 -11.304 -11.302 -11.322 -10.809 -10.43 -9.937 -11.284
0.15843 -8.971 -9.363 -9.949 -10.836 -11.202 -11.362 -10.483 -10.91 -11.203 -11.362 -11.353 -11.231 -10.896 -11.27 -11.379 -11.327 -11.211 -11.305 -11.386 -11.335 -11.253 -11.206 -11.336 -11.33 -11.357 -10.853 -10.477 -9.986 -11.315
0.163222 -8.954 -9.347 -9.944 -10.847 -11.223 -11.391 -10.496 -10.922 -11.224 -11.391 -11.387 -11.271 -10.908 -11.294 -11.411 -11.364 -11.251 -11.33 -11.419 -11.372 -11.292 -11.247 -11.367 -11.358 -11.391 -10.898 -10.524 -10.035 -11.346
0.168159 -8.936 -9.329 -9.939 -10.857 -11.243 -11.42 -10.508 -10.934 -11.245 -11.419 -11.422 -11.31 -10.919 -11.318 -11.443 -11.401 -11.291 -11.355 -11.451 -11.409 -11.332 -11.288 -11.399 -11.385 -11.425 -10.943 -10.572 -10.084 -11.377
0.173245 -8.917 -9.311 -9.934 -10.867 -11.263 -11.448 -10.52 -10.945 -11.265 -11.448 -11.456 -11.349 -10.93 -11.341 -11.475 -11.437 -11.331 -11.379 -11.483 -11.445 -11.371 -11.328 -11.43 -11.413 -11.459 -10.987 -10.619 -10.133 -11.407
0.178484 -8.898 -9.292 -9.927 -10.876 -11.283 -11.476 -10.532 -10.956 -11.285 -11.476 -11.49 -11.388 -10.94 -11.363 -11.507 -11.474 -11.371 -11.403 -11.515 -11.482 -11.41 -11.369 -11.461 -11.439 -11.493 -11.032 -10.665 -10.182 -11.437
0.183882 -8.878 -9.273 -9.92 -10.884 -11.302 -11.503 -10.543 -10.967 -11.304 -11.503 -11.524 -11.427 -10.95 -11.385 -11.538 -11.51 -11.41 -11.427 -11.546 -11.518 -11.449 -11.409 -11.491 -11.466 -11.526 -11.076 -10.712 -10.231 -11.467
0.189444 -8.857 -9.252 -9.912 -10.892 -11.321 -11.53 -10.554 -10.976 -11.323 -11.531 -11.557 -11.466 -10.959 -11.407 -11.569 -11.545 -11.449 -11.45 -11.577 -11.553 -11.487 -11.449 -11.521 -11.491 -11.559 -11.12 -10.759 -10.28 -11.496
0.195173 -8.836 -9.23 -9.903 -10.899 -11.339 -11.557 -10.565 -10.985 -11.341 -11.557 -11.59 -11.504 -10.968 -11.428 -11.599 -11.581 -11.488 -11.472 -11.607 -11.589 -11.526 -11.489 -11.551 -11.517 -11.592 -11.164 -10.806 -10.328 -11.525
0.201076 -8.814 -9.207 -9.894 -10.905 -11.356 -11.583 -10.575 -10.993 -11.359 -11.584 -11.623 -11.542 -10.975 -11.449 -11.629 -11.616 -11.527 -11.494 -11.638 -11.624 -11.564 -11.529 -11.581 -11.542 -11.624 -11.208 -10.852 -10.377 -11.554
0.207158 -8.791 -9.184 -9.883 -10.911 -11.373 -11.609 -10.584 -11.001 -11.376 -11.61 -11.656 -11.58 -10.982 -11.47 -11.659 -11.651 -11.566 -11.516 -11.667 -11.659 -11.602 -11.568 -11.61 -11.567 -11.656 -11.251 -10.898 -10.425 -11.582
0.213423 -8.768 -9.159 -9.872 -10.916 -11.39 -11.634 -10.594 -11.008 -11.393 -11.635 -11.688 -11.617 -10.989 -11.489 -11.689 -11.685 -11.604 -11.537 -11.697 -11.694 -11.639 -11.608 -11.639 -11.591 -11.688 -11.295 -10.945 -10.474 -11.61
0.219878 -8.744 -9.133 -9.861 -10.92 -11.406 -11.659 -10.603 -11.015 -11.409 -11.66 -11.719 -11.654 -10.995 -11.509 -11.718 -11.719 -11.642 -11.558 -11.726 -11.728 -11.677 -11.647 -11.667 -11.615 -11.719 -11.338 -10.991 -10.522 -11.638
0.226528 -8.719 -9.106 -9.848 -10.924 -11.421 -11.683 -10.611 -11.02 -11.425 -11.685 -11.751 -11.692 -11.0 -11.527 -11.746 -11.753 -11.68 -11.578 -11.755 -11.762 -11.714 -11.686 -11.695 -11.638 -11.75 -11.381 -11.037 -10.57 -11.665
0.233379 -8.694 -9.078 -9.834 -10.927 -11.436 -11.707 -10.619 -11.025 -11.44 -11.709 -11.782 -11.728 -11.004 -11.546 -11.775 -11.787 -11.717 -11.598 -11.783 -11.796 -11.751 -11.724 -11.723 -11.661 -11.781 -11.424 -11.082 -10.618 -11.692
0.240437 -8.668 -9.049 -9.82 -10.929 -11.451 -11.731 -10.627 -11.03 -11.454 -11.733 -11.813 -11.765 -11.008 -11.564 -11.802 -11.82 -11.754 -11.617 -11.811 -11.829 -11.787 -11.763 -11.75 -11.684 -11.812 -11.467 -11.128 -10.667 -11.719
0.247709 -8.641 -9.019 -9.805 -10.93 -11.464 -11.754 -10.634 -11.033 -11.468 -11.757 -11.843 -11.801 -11.011 -11.581 -11.83 -11.853 -11.791 -11.635 -11.839 -11.863 -11.824 -11.801 -11.777 -11.706 -11.842 -11.51 -11.174 -10.714 -11.745
0.255201 -8.614 -8.988 -9.789 -10.931 -11.477 -11.776 -10.641 -11.036 -11.481 -11.78 -11.873 -11.837 -11.013 -11.597 -11.857 -11.886 -11.828 -11.654 -11.866 -11.895 -11.86 -11.839 -11.804 -11.727 -11.871 -11.552 -11.219 -10.762 -11.771
0.262919 -8.587 -8.956 -9.772 -10.931 -11.49 -11.799 -10.647 -11.038 -11.494 -11.802 -11.903 -11.873 -11.014 -11.613 -11.884 -11.918 -11.865 -11.671 -11.893 -11.928 -11.895 -11.877 -11.83 -11.748 -11.9 -11.594 -11.264 -10.81 -11.797
0.270871 -8.558 -8.922 -9.755 -10.93 -11.502 -11.82 -10.653 -11.039 -11.506 -11.824 -11.932 -11.908 -11.015 -11.629 -11.91 -11.95 -11.901 -11.688 -11.919 -11.96 -11.931 -11.914 -11.856 -11.769 -11.929 -11.636 -11.309 -10.858 -11.822
0.279064 -8.529 -8.888 -9.736 -10.928 -11.513 -11.841 -10.658 -11.04 -11.518 -11.845 -11.961 -11.943 -11.015 -11.644 -11.936 -11.982 -11.937 -11.705 -11.945 -11.992 -11.966 -11.951 -11.882 -11.789 -11.958 -11.678 -11.354 -10.905 -11.847
0.287504 -8.5 -8.852 -9.716 -10.926 -11.523 -11.862 -10.663 -11.04 -11.528 -11.866 -11.99 -11.978 -11.014 -11.658 -11.961 -12.013 -11.972 -11.721 -11.971 -12.023 -12.001 -11.988 -11.907 -11.809 -11.986 -11.72 -11.399 -10.953 -11.871
0.296199 -8.47 -8.815 -9.696 -10.922 -11.533 -11.882 -10.667 -11.039 -11.538 -11.887 -12.018 -12.013 -11.012 -11.672 -11.986 -12.044 -12.008 -11.736 -11.996 -12.054 -12.036 -12.025 -11.931 -11.828 -12.014 -11.761 -11.444 -11.0 -11.895
0.305157 -8.439 -8.777 -9.675 -10.918 -11.542 -11.901 -10.671 -11.037 -11.548 -11.906 -12.046 -12.047 -11.009 -11.685 -12.011 -12.075 -12.043 -11.751 -12.02 -12.085 -12.07 -12.061 -11.955 -11.846 -12.041 -11.802 -11.489 -11.047 -11.919
0.314387 -8.408 -8.737 -9.652 -10.913 -11.551 -11.92 -10.675 -11.034 -11.557 -11.926 -12.073 -12.081 -11.006 -11.698 -12.035 -12.105 -12.077 -11.765 -12.044 -12.115 -12.104 -12.098 -11.979 -11.864 -12.068 -11.843 -11.533 -11.094 -11.942
0.323895 -8.377 -8.696 -9.629 -10.907 -11.559 -11.939 -10.678 -11.031 -11.565 -11.945 -12.1 -12.114 -11.001 -11.71 -12.058 -12.135 -12.112 -11.779 -12.068 -12.145 -12.138 -12.133 -12.002 -11.882 -12.094 -11.884 -11.577 -11.141 -11.964
0.333691 -8.345 -8.654 -9.605 -10.9 -11.566 -11.957 -10.68 -11.026 -11.572 -11.963 -12.127 -12.147 -10.996 -11.721 -12.081 -12.164 -12.146 -11.792 -12.091 -12.175 -12.171 -12.169 -12.025 -11.899 -12.12 -11.925 -11.621 -11.188 -11.987
0.343783 -8.312 -8.611 -9.579 -10.892 -11.572 -11.974 -10.682 -11.021 -11.579 -11.98 -12.153 -12.18 -10.99 -11.731 -12.103 -12.193 -12.179 -11.804 -12.114 -12.204 -12.204 -12.204 -12.048 -11.915 -12.146 -11.965 -11.665 -11.234 -12.009
0.354181 -8.279 -8.566 -9.553 -10.883 -11.578 -11.991 -10.683 -11.015 -11.585 -11.997 -12.178 -12.213 -10.983 -11.741 -12.125 -12.222 -12.213 -11.816 -12.136 -12.233 -12.236 -12.239 -12.069 -11.931 -12.171 -12.005 -11.709 -11.281 -12.03
0.364893 -8.246 -8.519 -9.526 -10.874 -11.583 -12.007 -10.684 -11.007 -11.59 -12.014 -12.203 -12.245 -10.975 -11.75 -12.147 -12.25 -12.246 -11.827 -12.158 -12.261 -12.269 -12.274 -12.091 -11.946 -12.195 -12.045 -11.752 -11.327 -12.051
0.375929 -8.213 -8.472 -9.497 -10.863 -11.587 -12.022 -10.684 -10.999 -11.594 -12.03 -12.228 -12.276 -10.966 -11.759 -12.168 -12.278 -12.278 -11.837 -12.179 -12.289 -12.301 -12.308 -12.112 -11.96 -12.219 -12.085 -11.796 -11.374 -12.072
0.387298 -8.179 -8.422 -9.468 -10.851 -11.59 -12.037 -10.683 -10.99 -11.598 -12.045 -12.252 -12.308 -10.956 -11.766 -12.188 -12.305 -12.311 -11.847 -12.199 -12.316 -12.332 -12.342 -12.132 -11.974 -12.243 -12.124 -11.839 -11.42 -12.092
0.399012 -8.145 -8.372 -9.437 -10.838 -11.592 -12.051 -10.682 -10.98 -11.601 -12.059 -12.276 -12.339 -10.944 -11.773 -12.208 -12.332 -12.343 -11.856 -12.219 -12.343 -12.363 -12.376 -12.152 -11.987 -12.266 -12.163 -11.882 -11.466 -12.111
0.41108 -8.111 -8.32 -9.406 -10.824 -11.594 -12.064 -10.681 -10.969 -11.603 -12.073 -12.299 -12.369 -10.932 -11.78 -12.227 -12.358 -12.374 -11.864 -12.239 -12.37 -12.394 -12.409 -12.171 -12.0 -12.288 -12.202 -11.924 -11.512 -12.13
0.423513 -8.077 -8.266 -9.373 -10.809 -11.595 -12.077 -10.678 -10.957 -11.604 -12.087 -12.321 -12.4 -10.919 -11.785 -12.246 -12.384 -12.405 -11.872 -12.258 -12.396 -12.424 -12.442 -12.19 -12.012 -12.311 -12.241 -11.967 -11.557 -12.149
0.436321 -8.042 -8.211 -9.339 -10.793 -11.594 -12.089 -10.675 -10.944 -11.604 -12.099 -12.343 -12.429 -10.905 -11.79 -12.264 -12.409 -12.436 -11.878 -12.276 -12.421 -12.454 -12.475 -12.208 -12.023 -12.332 -12.279 -12.009 -11.603 -12.167
0.449518 -8.008 -8.154 -9.304 -10.776 -11.593 -12.1 -10.672 -10.929 -11.603 -12.111 -12.365 -12.459 -10.89 -11.793 -12.281 -12.434 -12.466 -11.884 -12.293 -12.446 -12.484 -12.507 -12.226 -12.033 -12.353 -12.317 -12.051 -11.648 -12.184
0.463113 -7.974 -8.095 -9.268 -10.758 -11.591 -12.111 -10.668 -10.914 -11.602 -12.122 -12.386 -12.488 -10.873 -11.796 -12.298 -12.458 -12.496 -11.889 -12.31 -12.471 -12.513 -12.539 -12.243 -12.043 -12.373 -12.355 -12.093 -11.693 -12.201
0.47712 -7.939 -8.035 -9.23 -10.738 -11.588 -12.121 -10.663 -10.897 -11.599 -12.132 -12.406 -12.516 -10.855 -11.798 -12.314 -12.482 -12.526 -11.894 -12.327 -12.495 -12.541 -12.57 -12.259 -12.052 -12.393 -12.392 -12.135 -11.738 -12.217
0.49155 -7.905 -7.973 -9.191 -10.718 -11.584 -12.13 -10.657 -10.879 -11.596 -12.142 -12.426 -12.544 -10.837 -11.799 -12.329 -12.505 -12.554 -11.897 -12.342 -12.518 -12.569 -12.602 -12.275 -12.06 -12.412 -12.429 -12.176 -11.783 -12.233
0.506416 -7.871 -7.909 -9.151 -10.696 -11.579 -12.138 -10.651 -10.861 -11.591 -12.15 -12.445 -12.572 -10.816 -11.8 -12.344 -12.528 -12.583 -11.9 -12.357 -12.541 -12.597 -12.632 -12.291 -12.068 -12.431 -12.466 -12.217 -11.828 -12.249
0.521733 -7.838 -7.843 -9.11 -10.672 -11.573 -12.145 -10.643 -10.84 -11.586 -12.158 -12.464 -12.599 -10.795 -11.799 -12.358 -12.55 -12.611 -11.901 -12.371 -12.564 -12.624 -12.662 -12.305 -12.075 -12.449 -12.502 -12.258 -11.872 -12.263
0.537512 -7.805 -7.776 -9.067 -10.648 -11.566 -12.152 -10.635 -10.819 -11.579 -12.165 -12.482 -12.625 -10.772 -11.797 -12.371 -12.571 -12.639 -11.902 -12.385 -12.585 -12.651 -12.692 -12.319 -12.081 -12.466 -12.538 -12.299 -11.917 -12.277
0.553769 -7.772 -7.707 -9.023 -10.622 -11.558 -12.158 -10.627 -10.796 -11.572 -12.172 -12.499 -12.651 -10.748 -11.795 -12.383 -12.592 -12.666 -11.902 -12.398 -12.606 -12.677 -12.722 -12.332 -12.086 -12.482 -12.574 -12.339 -11.961 -12.291
0.570517 -7.74 -7.635 -8.978 -10.595 -11.549 -12.162 -10.617 -10.772 -11.563 -12.177 -12.516 -12.677 -10.723 -11.791 -12.395 -12.612 -12.692 -11.901 -12.41 -12.627 -12.702 -12.75 -12.345 -12.09 -12.498 -12.61 -12.38 -12.005 -12.303
0.587772 -7.709 -7.562 -8.931 -10.566 -11.539 -12.166 -10.607 -10.746 -11.553 -12.182 -12.531 -12.702 -10.696 -11.786 -12.406 -12.632 -12.718 -11.899 -12.421 -12.647 -12.728 -12.779 -12.357 -12.093 -12.513 -12.645 -12.419 -12.048 -12.316
0.605549 -7.678 -7.487 -8.883 -10.536 -11.527 -12.169 -10.596 -10.72 -11.542 -12.185 -12.547 -12.726 -10.668 -11.78 -12.416 -12.651 -12.743 -11.896 -12.431 -12.666 -12.752 -12.807 -12.368 -12.095 -12.528 -12.679 -12.459 -12.092 -12.327
0.623863 -7.648 -7.409 -8.833 -10.504 -11.515 -12.171 -10.584 -10.691 -11.53 -12.188 -12.561 -12.75 -10.638 -11.774 -12.425 -12.669 -12.768 -11.892 -12.441 -12.685 -12.776 -12.834 -12.378 -12.097 -12.542 -12.714 -12.498 -12.135 -12.338
0.642731 -7.619 -7.329 -8.782 -10.471 -11.501 -12.172 -10.571 -10.661 -11.517 -12.189 -12.575 -12.773 -10.607 -11.766 -12.433 -12.687 -12.793 -11.887 -12.45 -12.702 -12.799 -12.861 -12.388 -12.097 -12.555 -12.747 -12.537 -12.178 -12.348
0.66217 -7.591 -7.248 -8.73 -10.436 -11.485 -12.172 -10.557 -10.63 -11.502 -12.19 -12.587 -12.795 -10.574 -11.756 -12.441 -12.703 -12.816 -11.881 -12.458 -12.719 -12.822 -12.887 -12.396 -12.097 -12.567 -12.781 -12.576 -12.221 -12.357
