web/models/kne/24/villar_0.0630_0.3903_1.0000.dat
# %ECSV 1.0
# ---
# datatype:
# - {name: time, datatype: float64}
# - {name: swift_uvot_uvw2, datatype: float64}
# - {name: swift_uvot_uvm2, datatype: float64}
# - {name: swift_uvot_uvw1, datatype: float64}
# - {name: swift_uvot_U, datatype: float64}
# - {name: swift_uvot_B, datatype: float64}
# - {name: swift_uvot_V, datatype: float64}
# - {name: swift_uvot_W, datatype: float64}
# - {name: johnson_U, datatype: float64}
# - {name: johnson_B, datatype: float64}
# - {name: johnson_V, datatype: float64}
# - {name: johnson_R, datatype: float64}
# - {name: johnson_I, datatype: float64}
# - {name: sdss_u, datatype: float64}
# - {name: sdss_g, datatype: float64}
# - {name: sdss_r, datatype: float64}
# - {name: sdss_i, datatype: float64}
# - {name: sdss_z, datatype: float64}
# - {name: PS1_g, datatype: float64}
# - {name: PS1_r, datatype: float64}
# - {name: PS1_i, datatype: float64}
# - {name: PS1_z, datatype: float64}
# - {name: PS1_Y, datatype: float64}
# - {name: PS1_w, datatype: float64}
# - {name: ATLAS_c, datatype: float64}
# - {name: ATLAS_o, datatype: float64}
# - {name: ukirt_J, datatype: float64}
# - {name: ukirt_H, datatype: float64}
# - {name: ukirt_K, datatype: float64}
# - {name: Clear, datatype: float64}
# meta: !!omap
# - comment: [kappa = 1.0, type = villar, mass = 0.06299605249512866, velocity = 0.3903333333333333, theta_obs = 0.0]
# schema: astropy-2.0
time swift_uvot_uvw2 swift_uvot_uvm2 swift_uvot_uvw1 swift_uvot_U swift_uvot_B swift_uvot_V swift_uvot_W johnson_U johnson_B johnson_V johnson_R johnson_I sdss_u sdss_g sdss_r sdss_i sdss_z PS1_g PS1_r PS1_i PS1_z PS1_Y PS1_w ATLAS_c ATLAS_o ukirt_J ukirt_H ukirt_K Clear
[from data line 280]
4.200141 -8.149 -2.934 1.066 1.191 -3.357 -6.617 -6.329 0.402 -3.73 -6.927 -9.822 -11.738 0.834 -4.835 -8.352 -10.359 -11.832 -9.439 -9.647 -10.727 -11.742 -12.691 -9.335 -7.063 -9.651 -13.753 -14.676 -15.223 -11.381
4.327172 -7.927 -2.711 2.053 2.518 -2.303 -5.752 -5.956 1.685 -2.724 -6.1 -9.203 -11.244 2.151 -3.879 -7.606 -9.75 -11.332 -9.205 -9.28 -10.231 -11.266 -12.303 -8.704 -6.27 -9.017 -13.408 -14.428 -15.053 -11.105
4.458044 -7.682 -2.466 3.135 3.986 -1.137 -4.793 -5.598 3.104 -1.615 -5.185 -8.519 -10.696 3.607 -2.821 -6.778 -9.072 -10.775 -8.953 -8.925 -9.715 -10.752 -11.887 -8.005 -5.392 -8.314 -13.022 -14.148 -14.86 -10.816
4.592874 -7.411 -2.195 4.322 5.612 0.155 -3.726 -5.25 4.676 -0.389 -4.172 -7.76 -10.087 5.22 -1.649 -5.858 -8.316 -10.154 -8.679 -8.577 -9.19 -10.201 -11.443 -7.229 -4.42 -7.535 -12.589 -13.832 -14.64 -10.511
4.731783 -7.111 -1.895 5.63 7.419 1.592 -2.538 -4.9 6.423 0.97 -3.047 -6.917 -9.408 7.013 -0.344 -4.833 -7.473 -9.459 -8.378 -8.228 -8.667 -9.62 -10.974 -6.366 -3.338 -6.668 -12.101 -13.475 -14.39 -10.186
4.874892 -6.778 -1.563 7.077 9.434 3.194 -1.211 -4.539 8.37 2.48 -1.795 -5.98 -8.651 9.011 1.11 -3.687 -6.528 -8.682 -8.044 -7.867 -8.156 -9.018 -10.484 -5.404 -2.132 -5.701 -11.551 -13.072 -14.105 -9.835
5.02233 -6.408 -1.192 8.682 11.687 4.985 0.276 -4.153 10.547 4.164 -0.397 -4.934 -7.805 11.245 2.737 -2.402 -5.469 -7.808 -7.674 -7.481 -7.658 -8.408 -9.975 -4.326 -0.782 -4.618 -10.93 -12.614 -13.781 -9.453
5.174227 -5.994 -0.779 10.47 14.214 6.995 1.947 -3.731 12.989 6.047 1.166 -3.764 -6.857 13.75 4.563 -0.958 -4.276 -6.826 -7.26 -7.06 -7.162 -7.801 -9.449 -3.117 0.732 -3.404 -10.226 -12.094 -13.41 -9.032
5.330718 -5.531 -0.315 12.471 17.06 9.258 3.831 -3.265 15.737 8.159 2.919 -2.452 -5.792 16.569 6.62 0.67 -2.929 -5.716 -6.797 -6.594 -6.652 -7.199 -8.9 -1.755 2.437 -2.037 -9.427 -11.502 -12.986 -8.565
5.491942 -5.01 0.206 14.721 20.277 11.814 5.962 -2.742 18.841 10.537 4.891 -0.977 -4.592 19.753 8.943 2.513 -1.404 -4.461 -6.276 -6.071 -6.108 -6.59 -8.321 -0.215 4.364 -0.493 -8.517 -10.826 -12.499 -8.041
5.658042 -4.422 0.794 17.263 23.927 14.714 8.382 -2.154 22.361 13.226 7.117 0.688 -3.238 23.363 11.579 4.606 0.33 -3.036 -5.687 -5.483 -5.509 -5.954 -7.697 1.532 6.552 1.258 -7.478 -10.052 -11.94 -7.452
5.829166 -3.755 1.461 20.15 28.086 18.017 11.141 -1.486 26.368 16.277 9.636 2.572 -1.704 27.472 14.581 6.992 2.307 -1.414 -5.02 -4.816 -4.839 -5.264 -7.011 3.523 9.044 3.253 -6.286 -9.163 -11.294 -6.784
6.005465 -2.995 2.22 23.445 32.845 21.796 14.299 -0.727 30.948 19.756 12.499 4.713 0.039 32.17 18.015 9.723 4.573 0.439 -4.261 -4.056 -4.078 -4.495 -6.242 5.801 11.896 5.534 -4.914 -8.139 -10.546 -6.025
6.187096 -2.294 2.922 26.157 36.723 24.894 16.906 -0.025 34.68 22.609 14.857 6.501 1.514 35.994 20.839 11.992 6.472 2.006 -3.559 -3.354 -3.376 -3.791 -5.537 7.71 14.261 7.445 -3.72 -7.221 -9.847 -5.323
6.37422 -1.936 3.279 26.514 37.08 25.252 17.264 0.332 35.037 22.966 15.215 6.858 1.871 36.351 21.197 12.349 6.829 2.364 -3.202 -2.997 -3.019 -3.434 -5.18 8.067 14.619 7.802 -3.363 -6.864 -9.489 -4.966
6.567004 -1.557 3.659 26.894 37.46 25.631 17.643 0.711 35.417 23.345 15.594 7.237 2.251 36.731 21.576 12.728 7.209 2.743 -2.823 -2.618 -2.639 -3.055 -4.8 8.446 14.998 8.181 -2.984 -6.484 -9.11 -4.586
6.765619 -1.154 4.061 27.296 37.862 26.034 18.045 1.114 35.819 23.748 15.997 7.64 2.653 37.133 21.979 13.131 7.611 3.146 -2.42 -2.215 -2.237 -2.652 -4.398 8.849 15.401 8.584 -2.581 -6.082 -8.707 -4.184
6.97024 -0.727 4.489 27.724 38.29 26.461 18.473 1.541 36.246 24.175 16.424 8.067 3.081 37.561 22.406 13.558 8.038 3.573 -1.993 -1.788 -1.809 -2.225 -3.971 9.276 15.828 9.011 -2.154 -5.654 -8.28 -3.756
7.181051 -0.273 4.942 28.177 38.743 26.915 18.926 1.995 36.7 24.629 16.878 8.521 3.534 38.014 22.86 14.012 8.492 4.026 -1.539 -1.334 -1.356 -1.771 -3.517 9.73 16.282 9.465 -1.7 -5.201 -7.827 -3.303
7.398237 0.208 5.424 28.659 39.225 27.396 19.408 2.476 37.181 25.11 17.359 9.002 4.016 38.496 23.341 14.493 8.973 4.508 -1.058 -0.853 -0.874 -1.29 -3.035 10.211 16.763 9.946 -1.219 -4.719 -7.345 -2.821
7.621991 0.719 5.935 29.17 39.736 27.907 19.919 2.987 37.693 25.621 17.87 9.513 4.527 39.007 23.852 15.004 9.484 5.019 -0.547 -0.342 -0.363 -0.779 -2.524 10.722 17.274 10.457 -0.708 -4.208 -6.834 -2.31
7.852513 1.261 6.477 29.712 40.278 28.449 20.461 3.53 38.235 26.164 18.412 10.056 5.069 39.549 24.394 15.547 10.027 5.561 -0.004 0.201 0.179 -0.236 -1.982 11.265 17.816 11.0 -0.165 -3.666 -6.292 -1.768
8.090007 1.837 7.053 30.288 40.854 29.025 21.037 4.106 38.811 26.739 18.988 10.632 5.645 40.125 24.97 16.122 10.603 6.137 0.572 0.776 0.755 0.339 -1.406 11.841 18.392 11.575 0.41 -3.09 -5.716 -1.192
8.334684 2.448 7.664 30.899 41.465 29.636 21.648 4.717 39.422 27.35 19.599 11.243 6.256 40.736 25.581 16.733 11.214 6.748 1.183 1.387 1.366 0.951 -0.795 12.452 19.003 12.186 1.022 -2.479 -5.105 -0.581
8.586761 3.097 8.312 31.547 42.113 30.285 22.296 5.365 40.07 27.999 20.248 11.891 6.904 41.384 26.23 17.382 11.862 7.397 1.831 2.036 2.014 1.599 -0.147 13.1 19.652 12.835 1.67 -1.831 -4.456 0.067
8.846461 3.785 9.001 32.236 42.802 30.973 22.985 6.054 40.759 28.687 20.936 12.58 7.593 42.073 26.918 18.07 12.551 8.085 2.52 2.724 2.703 2.287 0.542 13.789 20.34 13.523 2.358 -1.142 -3.768 0.756
9.114017 4.516 9.731 32.966 43.532 31.704 23.715 6.784 41.489 29.418 21.667 13.31 8.323 42.803 27.649 18.801 13.281 8.816 3.25 3.455 3.433 3.018 1.272 14.519 21.071 14.254 3.089 -0.412 -3.037 1.486
9.389664 5.291 10.507 33.742 44.308 32.479 24.491 7.56 42.265 30.194 22.442 14.086 9.099 43.579 28.424 19.576 14.057 9.591 4.026 4.23 4.209 3.794 2.048 15.295 21.846 15.029 3.865 0.364 -2.262 2.262
9.673648 6.114 11.33 34.565 45.131 33.302 25.314 8.383 43.088 31.017 23.265 14.909 9.922 44.402 29.247 20.4 14.88 10.414 4.849 5.054 5.032 4.617 2.871 16.118 22.669 15.853 4.688 1.187 -1.439 3.085
9.966221 6.988 12.204 35.439 46.005 34.176 26.188 9.257 43.962 31.89 24.139 15.783 10.796 45.276 30.121 21.273 15.754 11.288 5.723 5.927 5.906 5.49 3.745 16.992 23.543 16.726 5.561 2.061 -0.565 3.959
10.267642 7.915 13.131 36.366 46.932 35.103 27.115 10.184 44.889 32.818 25.066 16.71 11.723 46.203 31.048 22.201 16.681 12.215 6.65 6.855 6.833 6.418 4.672 17.919 24.47 17.654 6.489 2.988 0.362 4.886
10.57818 8.9 14.115 37.35 47.916 36.088 28.099 11.168 45.873 33.802 26.051 17.694 12.707 47.187 32.033 23.185 17.665 13.2 7.634 7.839 7.817 7.402 5.656 18.903 25.455 18.638 7.473 3.972 1.347 5.87
10.89811 9.944 15.16 38.395 48.961 37.132 29.144 12.213 46.918 34.847 27.095 18.739 13.752 48.232 33.077 24.23 18.71 14.244 8.679 8.884 8.862 8.447 6.701 19.948 26.499 19.683 8.518 5.017 2.391 6.915
11.227716 11.053 16.269 39.504 50.07 38.241 30.253 13.322 48.027 35.956 28.204 19.848 14.861 49.341 34.186 25.338 19.819 15.353 9.788 9.992 9.971 9.556 7.81 21.057 27.608 20.791 9.627 6.126 3.5 8.024
11.56729 12.23 17.446 40.681 51.247 39.418 31.43 14.499 49.204 37.133 29.381 21.025 16.038 50.518 35.363 26.515 20.996 16.53 10.965 11.169 11.148 10.733 8.987 22.234 28.785 21.968 10.804 7.303 4.677 9.201
11.917135 13.479 18.695 41.93 52.496 40.667 32.679 15.748 50.453 38.382 30.63 22.274 17.287 51.767 36.612 27.765 22.245 17.779 12.214 12.419 12.397 11.982 10.236 23.483 30.034 23.218 12.053 8.552 5.926 10.45
12.277561 14.805 20.021 43.256 53.822 41.993 34.005 17.074 51.779 39.708 31.956 23.6 18.613 53.093 37.938 29.091 23.571 19.105 13.54 13.745 13.723 13.308 11.562 24.809 31.36 24.543 13.379 9.878 7.252 11.776
12.648887 16.213 21.428 44.663 55.229 43.401 35.412 18.481 53.186 41.115 33.364 25.007 20.02 54.5 39.346 30.498 24.978 20.513 14.947 15.152 15.13 14.715 12.969 26.216 32.768 25.951 14.786 11.285 8.66 13.183
13.031444 17.706 22.922 46.157 56.723 44.894 36.906 19.975 54.68 42.609 34.857 26.501 21.514 55.994 40.839 31.992 26.472 22.006 16.441 16.646 16.624 16.209 14.463 27.71 34.261 27.445 16.28 12.779 10.153 14.677
13.425571 19.292 24.508 47.742 58.309 46.48 38.492 21.56 56.265 44.194 36.443 28.086 23.099 57.579 42.425 33.577 28.057 23.592 18.026 18.231 18.21 17.794 16.048 29.295 35.847 29.03 17.865 14.365 11.739 16.262
13.831619 20.975 26.19 49.425 59.991 48.163 40.174 23.243 57.948 45.877 38.126 29.769 24.782 59.262 44.108 35.26 29.74 25.275 19.709 19.914 19.892 19.477 17.731 30.978 37.53 30.713 19.548 16.047 13.422 17.945
14.249947 22.761 27.977 51.211 61.778 49.949 41.961 25.029 59.734 47.663 39.912 31.555 26.568 61.048 45.894 37.046 31.526 27.061 21.495 21.7 21.679 21.263 19.517 32.764 39.316 32.499 21.334 17.834 15.208 19.731
14.680926 24.657 29.872 53.107 63.673 51.845 43.856 26.925 61.63 49.559 41.808 33.451 28.464 62.944 47.79 38.942 33.422 28.957 23.391 23.596 23.574 23.159 21.413 34.66 41.212 34.395 23.23 19.729 17.104 21.627
15.124941 26.669 31.885 55.119 65.686 53.857 45.869 28.937 63.642 51.571 43.82 35.463 30.476 64.956 49.802 40.954 35.434 30.969 25.403 25.608 25.587 25.171 23.425 36.672 43.224 36.407 25.242 21.742 19.116 23.64
15.582385 28.805 34.02 57.255 67.821 55.993 48.004 31.073 65.778 53.707 45.956 37.599 32.612 67.092 51.938 43.09 37.57 33.105 27.539 27.744 27.722 27.307 25.561 38.808 45.36 38.543 27.378 23.877 21.252 25.775
16.053663 31.072 36.287 59.522 70.088 58.26 50.271 33.34 68.045 55.974 48.223 39.866 34.879 69.359 54.205 45.357 39.837 35.372 29.806 30.011 29.989 29.574 27.828 41.075 47.627 40.81 29.645 26.144 23.519 28.042
16.539195 33.478 38.694 61.928 72.494 60.666 52.678 35.746 70.451 58.38 50.629 42.272 37.285 71.765 56.611 47.763 42.243 37.778 32.212 32.417 32.396 31.98 30.234 43.481 50.033 43.216 32.051 28.551 25.925 30.448
17.039412 36.032 41.247 64.482 75.048 63.22 55.231 38.3 73.005 60.934 53.183 44.826 39.839 74.319 59.165 50.317 44.797 40.332 34.766 34.971 34.949 34.534 32.788 46.035 52.587 45.77 34.605 31.104 28.479 33.002
17.554757 38.742 43.958 67.193 77.759 65.93 57.942 41.011 75.716 63.645 55.893 47.537 42.55 77.03 61.875 53.028 47.508 43.042 37.477 37.682 37.66 37.245 35.499 48.746 55.297 48.481 37.316 33.815 31.189 35.713
18.085689 41.62 46.835 70.07 80.636 68.808 60.819 43.888 78.593 66.522 58.771 50.414 45.427 79.907 64.753 55.905 50.385 45.919 40.354 40.559 40.537 40.122 38.376 51.623 58.175 51.358 40.193 36.692 34.066 38.59
18.632678 44.673 49.889 73.124 83.69 71.861 63.873 46.942 81.647 69.576 61.824 53.468 48.481 82.961 67.806 58.959 53.439 48.973 43.408 43.613 43.591 43.176 41.43 54.677 61.228 54.412 43.247 39.746 37.12 41.644
19.196211 47.915 53.13 76.365 86.931 75.103 67.114 50.183 84.888 72.817 65.066 56.709 51.722 86.202 71.048 62.2 56.68 52.215 46.649 46.854 46.832 46.417 44.671 57.918 64.47 57.653 46.488 42.987 40.362 44.885
19.776787 51.355 56.571 79.806 90.372 78.543 70.555 53.624 88.329 76.257 68.506 60.15 55.163 89.643 74.488 65.64 60.121 55.655 50.09 50.294 50.273 49.857 48.112 61.359 67.91 61.093 49.928 46.428 43.802 48.326
20.374923 55.007 60.222 83.457 94.023 82.195 74.206 57.275 91.98 79.909 72.158 63.801 58.814 93.294 78.14 69.292 63.772 59.307 53.741 53.946 53.924 53.509 51.763 65.01 71.562 64.745 53.58 50.079 47.454 51.977
20.991149 58.883 64.098 87.333 97.899 86.071 78.082 61.151 95.856 83.785 76.034 67.677 62.69 97.17 82.016 73.168 67.648 63.182 57.617 57.822 57.8 57.385 55.639 68.886 75.437 68.621 57.456 53.955 51.329 55.853
21.626011 62.996 68.212 91.447 102.013 90.184 82.196 65.265 99.97 87.899 80.147 71.791 66.804 101.284 86.129 77.282 71.762 67.296 61.731 61.936 61.914 61.499 59.753 73.0 79.551 72.735 61.57 58.069 55.443 59.967
22.280075 67.363 72.578 95.813 106.379 94.551 86.563 69.631 104.336 92.265 84.514 76.157 71.17 105.65 90.496 81.648 76.128 71.663 66.097 66.302 66.28 65.865 64.119 77.366 83.918 77.101 65.936 62.436 59.81 64.333
22.953921 71.997 77.213 100.448 111.014 99.185 91.197 74.266 108.971 96.9 89.148 80.792 75.805 110.285 95.13 86.283 80.763 76.297 70.732 70.937 70.915 70.5 68.754 82.001 88.552 81.736 70.571 67.07 64.444 68.968
23.648147 76.916 82.132 105.367 115.933 104.105 96.116 79.185 113.89 101.819 94.067 85.711 80.724 115.204 100.05 91.202 85.682 81.216 75.651 75.856 75.834 75.419 73.673 86.92 93.471 86.655 75.49 71.989 69.363 73.887
24.363369 82.138 87.353 110.588 121.154 109.326 101.337 84.406 119.111 107.04 99.289 90.932 85.945 120.425 105.271 96.423 90.903 86.437 80.872 81.077 81.055 80.64 78.894 92.141 98.693 91.876 80.711 77.21 74.585 79.108
25.100222 87.679 92.895 116.13 126.696 114.867 106.879 89.948 124.653 112.582 104.83 96.474 91.487 125.967 110.812 101.965 96.445 91.979 86.414 86.619 86.597 86.182 84.436 97.683 104.234 97.418 86.253 82.752 80.126 84.65
25.859362 93.561 98.777 122.012 132.578 120.749 112.761 95.83 130.535 118.464 110.712 102.356 97.369 131.849 116.694 107.847 102.327 97.861 92.296 92.501 92.479 92.064 90.318 103.565 110.116 103.3 92.135 88.634 86.008 90.532
26.64146 99.805 105.02 128.255 138.821 126.993 119.004 102.073 136.778 124.707 116.956 108.599 103.612 138.092 122.938 114.09 108.57 104.105 98.539 98.744 98.722 98.307 96.561 109.808 116.36 109.543 98.378 94.877 92.252 96.775
27.447213 106.431 111.647 134.882 145.448 133.619 125.631 108.7 143.405 131.334 123.582 115.226 110.239 144.719 129.564 120.716 115.197 110.731 105.166 105.37 105.349 104.934 103.188 116.435 122.986 116.169 105.005 101.504 98.878 103.402
28.277335 113.465 118.68 141.915 152.481 140.653 132.664 115.733 150.438 138.367 130.616 122.259 117.272 151.752 136.598 127.75 122.23 117.765 112.199 112.404 112.382 111.967 110.221 123.468 130.02 123.203 112.038 108.537 105.912 110.435
29.132564 120.93 126.146 149.381 159.947 148.118 140.13 123.199 157.904 145.832 138.081 129.725 124.738 159.218 144.063 135.215 129.696 125.23 119.665 119.869 119.848 119.432 117.687 130.934 137.485 130.668 119.503 116.003 113.377 117.901
30.013659 128.854 134.07 157.304 167.87 156.042 148.054 131.122 165.827 153.756 146.005 137.648 132.661 167.141 151.987 143.139 137.619 133.154 127.588 127.793 127.772 127.356 125.61 138.857 145.409 138.592 127.427 123.927 121.301 125.824
30.921401 137.264 142.48 165.715 176.281 164.452 156.464 139.533 174.238 162.166 154.415 146.059 141.072 175.552 160.397 151.549 146.03 141.564 135.999 136.203 136.182 135.767 134.021 147.268 153.819 147.002 135.837 132.337 129.711 134.235
31.856598 146.191 151.407 174.641 185.207 173.379 165.391 148.459 183.164 171.093 163.342 154.985 149.998 184.478 169.324 160.476 154.956 150.491 144.925 145.13 145.109 144.693 142.947 156.194 162.746 155.929 144.764 141.264 138.638 143.161
32.820079 155.666 160.881 184.116 194.682 182.854 174.865 157.934 192.639 180.568 172.817 164.46 159.473 193.953 178.799 169.951 164.431 159.966 154.4 154.605 154.583 154.168 152.422 165.669 172.221 165.404 154.239 150.738 148.113 152.636
33.8127 165.722 170.938 194.173 204.739 192.91 184.922 167.991 202.696 190.625 182.873 174.517 169.53 204.01 188.855 180.008 174.488 170.022 164.457 164.662 164.64 164.225 162.479 175.726 182.277 175.46 164.296 160.795 158.169 162.693
34.835342 176.396 181.612 204.847 215.413 203.585 195.596 178.665 213.37 201.299 193.547 185.191 180.204 214.684 199.53 190.682 185.162 180.696 175.131 175.336 175.314 174.899 173.153 186.4 192.951 186.135 174.97 171.469 168.843 173.367
35.888913 187.726 192.942 216.177 226.743 214.914 206.926 189.994 224.7 212.628 204.877 196.52 191.534 226.014 210.859 202.011 196.491 192.026 186.46 186.665 186.644 186.228 184.483 197.729 204.281 197.464 186.299 182.799 180.173 184.697
36.974349 199.751 204.967 228.202 238.768 226.939 218.951 202.02 236.725 224.654 216.902 208.546 203.559 238.039 222.884 214.037 208.517 204.051 198.486 198.69 198.669 198.254 196.508 209.755 216.306 209.489 198.325 194.824 192.198 196.722
38.092613 212.515 217.731 240.965 251.532 239.703 231.715 214.783 249.488 237.417 229.666 221.309 216.322 250.802 235.648 226.8 221.28 216.815 211.249 211.454 211.433 211.017 209.271 222.518 229.07 222.253 211.088 207.588 204.962 209.486
