web/models/kne/24/villar_0.0224_0.2650_10.0000.dat
# %ECSV 1.0
# ---
# datatype:
# - {name: time, datatype: float64}
# - {name: swift_uvot_uvw2, datatype: float64}
# - {name: swift_uvot_uvm2, datatype: float64}
# - {name: swift_uvot_uvw1, datatype: float64}
# - {name: swift_uvot_U, datatype: float64}
# - {name: swift_uvot_B, datatype: float64}
# - {name: swift_uvot_V, datatype: float64}
# - {name: swift_uvot_W, datatype: float64}
# - {name: johnson_U, datatype: float64}
# - {name: johnson_B, datatype: float64}
# - {name: johnson_V, datatype: float64}
# - {name: johnson_R, datatype: float64}
# - {name: johnson_I, datatype: float64}
# - {name: sdss_u, datatype: float64}
# - {name: sdss_g, datatype: float64}
# - {name: sdss_r, datatype: float64}
# - {name: sdss_i, datatype: float64}
# - {name: sdss_z, datatype: float64}
# - {name: PS1_g, datatype: float64}
# - {name: PS1_r, datatype: float64}
# - {name: PS1_i, datatype: float64}
# - {name: PS1_z, datatype: float64}
# - {name: PS1_Y, datatype: float64}
# - {name: PS1_w, datatype: float64}
# - {name: ATLAS_c, datatype: float64}
# - {name: ATLAS_o, datatype: float64}
# - {name: ukirt_J, datatype: float64}
# - {name: ukirt_H, datatype: float64}
# - {name: ukirt_K, datatype: float64}
# - {name: Clear, datatype: float64}
# meta: !!omap
# - comment: [kappa = 10.0, type = villar, mass = 0.022360679775100388, velocity = 0.265, theta_obs = 0.0]
# schema: astropy-2.0
time swift_uvot_uvw2 swift_uvot_uvm2 swift_uvot_uvw1 swift_uvot_U swift_uvot_B swift_uvot_V swift_uvot_W johnson_U johnson_B johnson_V johnson_R johnson_I sdss_u sdss_g sdss_r sdss_i sdss_z PS1_g PS1_r PS1_i PS1_z PS1_Y PS1_w ATLAS_c ATLAS_o ukirt_J ukirt_H ukirt_K Clear
[from data line 358]
42.914265 44.293 47.153 44.709 42.651 40.995 39.843 41.743 42.35 40.952 39.799 39.006 38.495 42.456 40.53 39.334 38.776 38.442 40.288 39.297 38.747 38.468 38.281 39.302 39.908 39.05 38.162 38.197 38.417 39.282
44.212178 47.582 50.442 47.997 45.94 44.284 43.131 45.031 45.639 44.24 43.088 42.295 41.783 45.745 43.819 42.623 42.065 41.731 43.577 42.585 42.036 41.756 41.57 42.59 43.196 42.339 41.451 41.485 41.706 42.571
45.549345 51.073 53.932 51.488 49.431 47.775 46.622 48.522 49.129 47.731 46.578 45.785 45.274 49.236 47.31 46.113 45.555 45.221 47.067 46.076 45.527 45.247 45.06 46.081 46.687 45.83 44.941 44.976 45.197 46.061
46.926954 54.777 57.637 55.193 53.136 51.48 50.327 52.227 52.834 51.436 50.283 49.49 48.979 52.941 51.014 49.818 49.26 48.926 50.772 49.781 49.232 48.952 48.765 49.786 50.392 49.534 48.646 48.681 48.901 49.766
48.346227 58.71 61.57 59.125 57.068 55.412 54.259 56.159 56.767 55.368 54.215 53.423 52.911 56.873 54.947 53.751 53.193 52.858 54.705 53.713 53.164 52.884 52.698 53.718 54.324 53.467 52.579 52.613 52.834 53.699
49.808426 62.884 65.744 63.299 61.242 59.586 58.433 60.333 60.941 59.542 58.389 57.597 57.085 61.047 59.121 57.925 57.366 57.032 58.879 57.887 57.338 57.058 56.871 57.892 58.498 57.641 56.752 56.787 57.008 57.873
51.314848 67.314 70.174 67.729 65.672 64.016 62.863 64.763 65.371 63.972 62.819 62.027 61.515 65.477 63.551 62.355 61.797 61.462 63.309 62.317 61.768 61.488 61.302 62.322 62.928 62.071 61.183 61.217 61.438 62.303
52.86683 72.016 74.876 72.431 70.374 68.718 67.565 69.465 70.073 68.674 67.522 66.729 66.217 70.179 68.253 67.057 66.499 66.165 68.011 67.019 66.47 66.19 66.004 67.024 67.63 66.773 65.885 65.919 66.14 67.005
54.465752 77.007 79.867 77.422 75.365 73.709 72.556 74.456 75.064 73.665 72.512 71.72 71.208 75.17 73.244 72.048 71.49 71.156 73.002 72.01 71.461 71.181 70.995 72.015 72.621 71.764 70.876 70.91 71.131 71.996
56.113031 82.304 85.164 82.72 80.662 79.006 77.854 79.753 80.361 78.963 77.81 77.017 76.506 80.467 78.541 77.345 76.787 76.453 78.299 77.308 76.758 76.478 76.292 77.312 77.919 77.061 76.173 76.208 76.428 77.293
57.810132 87.927 90.787 88.342 86.285 84.629 83.476 85.376 85.984 84.585 83.432 82.64 82.128 86.09 84.164 82.968 82.41 82.075 83.922 82.93 82.381 82.101 81.915 82.935 83.541 82.684 81.796 81.83 82.051 82.916
59.55856 93.895 96.755 94.31 92.253 90.597 89.444 91.344 91.952 90.553 89.4 88.608 88.096 92.058 90.132 88.936 88.377 88.043 89.89 88.898 88.349 88.069 87.883 88.903 89.509 88.652 87.764 87.798 88.019 88.884
61.359868 100.229 103.089 100.644 98.587 96.931 95.778 97.678 98.286 96.887 95.735 94.942 94.43 98.392 96.466 95.27 94.712 94.378 96.224 95.232 94.683 94.403 94.217 95.237 95.843 94.986 94.098 94.132 94.353 95.218
63.215655 106.952 109.812 107.368 105.31 103.654 102.502 104.402 105.009 103.611 102.458 101.665 101.154 105.115 103.189 101.993 101.435 101.101 102.947 101.956 101.406 101.127 100.94 101.961 102.567 101.709 100.821 100.856 101.076 101.941
65.127569 114.088 116.948 114.504 112.447 110.791 109.638 111.538 112.145 110.747 109.594 108.801 108.29 112.252 110.325 109.129 108.571 108.237 110.083 109.092 108.543 108.263 108.076 109.097 109.703 108.845 107.957 107.992 108.212 109.077
67.097308 121.663 124.523 122.078 120.021 118.365 117.212 119.112 119.72 118.321 117.168 116.376 115.864 119.826 117.9 116.704 116.145 115.811 117.658 116.666 116.117 115.837 115.651 116.671 117.277 116.42 115.532 115.566 115.787 116.652
69.126621 129.702 132.562 130.118 128.06 126.404 125.251 127.151 127.759 126.36 125.208 124.415 123.903 127.865 125.939 124.743 124.185 123.851 125.697 124.706 124.156 123.876 123.69 124.71 125.316 124.459 123.571 123.605 123.826 124.691
71.217308 138.235 141.095 138.651 136.593 134.937 133.784 135.684 136.292 134.893 133.741 132.948 132.436 136.398 134.472 133.276 132.718 132.384 134.23 133.239 132.689 132.409 132.223 133.243 133.849 132.992 132.104 132.138 132.359 133.224
73.371227 147.292 150.152 147.708 145.65 143.994 142.841 144.741 145.349 143.95 142.798 142.005 141.493 145.455 143.529 142.333 141.775 141.441 143.287 142.296 141.746 141.466 141.28 142.3 142.906 142.049 141.161 141.195 141.416 142.281
75.59029 156.905 159.765 157.321 155.263 153.607 152.455 154.354 154.962 153.564 152.411 151.618 151.106 155.068 153.142 151.946 151.388 151.054 152.9 151.909 151.359 151.079 150.893 151.913 152.52 151.662 150.774 150.809 151.029 151.894
77.876467 167.109 169.969 167.524 165.467 163.811 162.658 164.558 165.165 163.767 162.614 161.821 161.31 165.272 163.346 162.149 161.591 161.257 163.103 162.112 161.563 161.283 161.096 162.117 162.723 161.866 160.977 161.012 161.233 162.098
80.231787 177.938 180.798 178.354 176.297 174.641 173.488 175.388 175.995 174.597 173.444 172.651 172.14 176.102 174.175 172.979 172.421 172.087 173.933 172.942 172.393 172.113 171.926 172.947 173.553 172.695 171.807 171.842 172.062 172.927
82.658343 189.433 192.293 189.849 187.792 186.135 184.983 186.883 187.49 186.092 184.939 184.146 183.635 187.596 185.67 184.474 183.916 183.582 185.428 184.437 183.887 183.608 183.421 184.442 185.048 184.19 183.302 183.337 183.557 184.422
85.158288 201.634 204.494 202.05 199.992 198.336 197.183 199.083 199.691 198.292 197.14 196.347 195.835 199.797 197.871 196.675 196.117 195.783 197.629 196.638 196.088 195.808 195.622 196.642 197.248 196.391 195.503 195.537 195.758 196.623
87.733843 214.584 217.444 214.999 212.942 211.286 210.133 212.033 212.641 211.242 210.09 209.297 208.785 212.747 210.821 209.625 209.067 208.733 210.579 209.587 209.038 208.758 208.572 209.592 210.198 209.341 208.453 208.487 208.708 209.573
90.387293 228.329 231.189 228.744 226.687 225.031 223.878 225.778 226.386 224.987 223.835 223.042 222.53 226.492 224.566 223.37 222.812 222.478 224.324 223.332 222.783 222.503 222.317 223.337 223.943 223.086 222.198 222.232 222.453 223.318
93.120995 242.918 245.778 243.333 241.276 239.62 238.467 240.367 240.975 239.576 238.424 237.631 237.119 241.081 239.155 237.959 237.401 237.067 238.913 237.921 237.372 237.092 236.906 237.926 238.532 237.675 236.787 236.821 237.042 237.907
95.937376 258.403 261.263 258.818 256.761 255.105 253.952 255.852 256.46 255.061 253.908 253.116 252.604 256.566 254.64 253.444 252.886 252.552 254.398 253.406 252.857 252.577 252.391 253.411 254.017 253.16 252.272 252.306 252.527 253.392
98.838937 274.839 277.699 275.254 273.197 271.541 270.388 272.288 272.895 271.497 270.344 269.551 269.04 273.002 271.076 269.879 269.321 268.987 270.833 269.842 269.293 269.013 268.826 269.847 270.453 269.596 268.707 268.742 268.963 269.828
101.828253 292.283 295.143 292.699 290.642 288.986 287.833 289.733 290.34 288.942 287.789 286.996 286.485 290.447 288.52 287.324 286.766 286.432 288.278 287.287 286.738 286.458 286.271 287.292 287.898 287.04 286.152 286.187 286.408 287.272
104.907979 310.8 313.659 311.215 309.158 307.502 306.349 308.249 308.856 307.458 306.305 305.512 305.001 308.963 307.037 305.84 305.282 304.948 306.794 305.803 305.254 304.974 304.787 305.808 306.414 305.557 304.668 304.703 304.924 305.788
108.080849 330.453 333.312 330.868 328.811 327.155 326.002 327.902 328.509 327.111 325.958 325.165 324.654 328.616 326.69 325.493 324.935 324.601 326.447 325.456 324.907 324.627 324.44 325.461 326.067 325.21 324.321 324.356 324.577 325.441
111.349681 351.312 354.172 351.728 349.67 348.014 346.862 348.762 349.369 347.971 346.818 346.025 345.514 349.475 347.549 346.353 345.795 345.461 347.307 346.316 345.766 345.487 345.3 346.32 346.927 346.069 345.181 345.216 345.436 346.301
114.717376 373.453 376.313 373.868 371.811 370.155 369.002 370.902 371.51 370.111 368.959 368.166 367.654 371.616 369.69 368.494 367.936 367.602 369.448 368.456 367.907 367.627 367.441 368.461 369.067 368.21 367.322 367.356 367.577 368.442
118.186925 396.953 399.813 397.369 395.311 393.655 392.502 394.402 395.01 393.611 392.459 391.666 391.154 395.116 393.19 391.994 391.436 391.102 392.948 391.957 391.407 391.127 390.941 391.961 392.567 391.71 390.822 390.856 391.077 391.942
121.761408 421.896 424.756 422.312 420.254 418.598 417.446 419.345 419.953 418.555 417.402 416.609 416.098 420.059 418.133 416.937 416.379 416.045 417.891 416.9 416.35 416.07 415.884 416.904 417.511 416.653 415.765 415.8 416.02 416.885
125.443999 448.371 451.231 448.786 446.729 445.073 443.92 445.82 446.428 445.029 443.876 443.084 442.572 446.534 444.608 443.412 442.854 442.52 444.366 443.374 442.825 442.545 442.359 443.379 443.985 443.128 442.24 442.274 442.495 443.36
129.237967 476.471 479.331 476.887 474.829 473.173 472.021 473.92 474.528 473.13 471.977 471.184 470.673 474.634 472.708 471.512 470.954 470.62 472.466 471.475 470.925 470.645 470.459 471.479 472.086 471.228 470.34 470.375 470.595 471.46
133.146681 506.297 509.157 506.713 504.655 502.999 501.846 503.746 504.354 502.955 501.803 501.01 500.498 504.46 502.534 501.338 500.78 500.446 502.292 501.301 500.751 500.471 500.285 501.305 501.911 501.054 500.166 500.2 500.421 501.286
137.173612 537.954 540.814 538.37 536.312 534.656 533.504 535.403 536.011 534.613 533.46 532.667 532.156 536.117 534.191 532.995 532.437 532.103 533.949 532.958 532.408 532.128 531.942 532.962 533.569 532.711 531.823 531.858 532.078 532.943
141.322334 571.555 574.415 571.971 569.914 568.257 567.105 569.005 569.612 568.214 567.061 566.268 565.757 569.718 567.792 566.596 566.038 565.704 567.55 566.559 566.009 565.73 565.543 566.564 567.17 566.312 565.424 565.459 565.679 566.544
145.596532 607.22 610.08 607.635 605.578 603.922 602.769 604.669 605.277 603.878 602.725 601.933 601.421 605.383 603.457 602.261 601.702 601.368 603.215 602.223 601.674 601.394 601.207 602.228 602.834 601.977 601.088 601.123 601.344 602.209
150.0 645.074 647.934 645.489 643.432 641.776 640.623 642.523 643.131 641.732 640.579 639.787 639.275 643.237 641.311 640.115 639.557 639.222 641.069 640.077 639.528 639.248 639.062 640.082 640.688 639.831 638.943 638.977 639.198 640.063
