web/models/linear/14/-13_102_0_789.dat
# %ECSV 1.0
# ---
# datatype:
# - {name: time, datatype: float64}
# - {name: swift_uvot_uvw2, datatype: float64}
# - {name: swift_uvot_uvm2, datatype: float64}
# - {name: swift_uvot_uvw1, datatype: float64}
# - {name: swift_uvot_U, datatype: float64}
# - {name: swift_uvot_B, datatype: float64}
# - {name: swift_uvot_V, datatype: float64}
# - {name: swift_uvot_W, datatype: float64}
# - {name: johnson_U, datatype: float64}
# - {name: johnson_B, datatype: float64}
# - {name: johnson_V, datatype: float64}
# - {name: johnson_R, datatype: float64}
# - {name: johnson_I, datatype: float64}
# - {name: sdss_u, datatype: float64}
# - {name: sdss_g, datatype: float64}
# - {name: sdss_r, datatype: float64}
# - {name: sdss_i, datatype: float64}
# - {name: sdss_z, datatype: float64}
# - {name: PS1_g, datatype: float64}
# - {name: PS1_r, datatype: float64}
# - {name: PS1_i, datatype: float64}
# - {name: PS1_z, datatype: float64}
# - {name: PS1_Y, datatype: float64}
# - {name: PS1_w, datatype: float64}
# - {name: ATLAS_c, datatype: float64}
# - {name: ATLAS_o, datatype: float64}
# - {name: ukirt_J, datatype: float64}
# - {name: ukirt_H, datatype: float64}
# - {name: ukirt_K, datatype: float64}
# - {name: Clear, datatype: float64}
# meta: !!omap
# - comment: [M=-13.10204081632653, dM=0.7885372992905649]
# schema: astropy-2.0
time swift_uvot_uvw2 swift_uvot_uvm2 swift_uvot_uvw1 swift_uvot_U swift_uvot_B swift_uvot_V swift_uvot_W johnson_U johnson_B johnson_V johnson_R johnson_I sdss_u sdss_g sdss_r sdss_i sdss_z PS1_g PS1_r PS1_i PS1_z PS1_Y PS1_w ATLAS_c ATLAS_o ukirt_J ukirt_H ukirt_K Clear
[from data line 55]
4.14572864321608 -9.832979148413385 -9.832979148413385 -9.832979148413385 -9.832979148413385 -9.832979148413385 -9.832979148413385 -9.832979148413385 -9.832979148413385 -9.832979148413385 -9.832979148413385 -9.832979148413385 -9.832979148413385 -9.832979148413385 -9.832979148413385 -9.832979148413385 -9.832979148413385 -9.832979148413385 -9.832979148413385 -9.832979148413385 -9.832979148413385 -9.832979148413385 -9.832979148413385 -9.832979148413385 -9.832979148413385 -9.832979148413385 -9.832979148413385 -9.832979148413385 -9.832979148413385 -9.832979148413385
4.221105527638191 -9.773541663542236 -9.773541663542236 -9.773541663542236 -9.773541663542236 -9.773541663542236 -9.773541663542236 -9.773541663542236 -9.773541663542236 -9.773541663542236 -9.773541663542236 -9.773541663542236 -9.773541663542236 -9.773541663542236 -9.773541663542236 -9.773541663542236 -9.773541663542236 -9.773541663542236 -9.773541663542236 -9.773541663542236 -9.773541663542236 -9.773541663542236 -9.773541663542236 -9.773541663542236 -9.773541663542236 -9.773541663542236 -9.773541663542236 -9.773541663542236 -9.773541663542236 -9.773541663542236
4.296482412060302 -9.714104178671088 -9.714104178671088 -9.714104178671088 -9.714104178671088 -9.714104178671088 -9.714104178671088 -9.714104178671088 -9.714104178671088 -9.714104178671088 -9.714104178671088 -9.714104178671088 -9.714104178671088 -9.714104178671088 -9.714104178671088 -9.714104178671088 -9.714104178671088 -9.714104178671088 -9.714104178671088 -9.714104178671088 -9.714104178671088 -9.714104178671088 -9.714104178671088 -9.714104178671088 -9.714104178671088 -9.714104178671088 -9.714104178671088 -9.714104178671088 -9.714104178671088 -9.714104178671088
4.371859296482412 -9.65466669379994 -9.65466669379994 -9.65466669379994 -9.65466669379994 -9.65466669379994 -9.65466669379994 -9.65466669379994 -9.65466669379994 -9.65466669379994 -9.65466669379994 -9.65466669379994 -9.65466669379994 -9.65466669379994 -9.65466669379994 -9.65466669379994 -9.65466669379994 -9.65466669379994 -9.65466669379994 -9.65466669379994 -9.65466669379994 -9.65466669379994 -9.65466669379994 -9.65466669379994 -9.65466669379994 -9.65466669379994 -9.65466669379994 -9.65466669379994 -9.65466669379994 -9.65466669379994
4.447236180904522 -9.595229208928792 -9.595229208928792 -9.595229208928792 -9.595229208928792 -9.595229208928792 -9.595229208928792 -9.595229208928792 -9.595229208928792 -9.595229208928792 -9.595229208928792 -9.595229208928792 -9.595229208928792 -9.595229208928792 -9.595229208928792 -9.595229208928792 -9.595229208928792 -9.595229208928792 -9.595229208928792 -9.595229208928792 -9.595229208928792 -9.595229208928792 -9.595229208928792 -9.595229208928792 -9.595229208928792 -9.595229208928792 -9.595229208928792 -9.595229208928792 -9.595229208928792 -9.595229208928792
4.522613065326633 -9.535791724057644 -9.535791724057644 -9.535791724057644 -9.535791724057644 -9.535791724057644 -9.535791724057644 -9.535791724057644 -9.535791724057644 -9.535791724057644 -9.535791724057644 -9.535791724057644 -9.535791724057644 -9.535791724057644 -9.535791724057644 -9.535791724057644 -9.535791724057644 -9.535791724057644 -9.535791724057644 -9.535791724057644 -9.535791724057644 -9.535791724057644 -9.535791724057644 -9.535791724057644 -9.535791724057644 -9.535791724057644 -9.535791724057644 -9.535791724057644 -9.535791724057644 -9.535791724057644
4.597989949748744 -9.476354239186495 -9.476354239186495 -9.476354239186495 -9.476354239186495 -9.476354239186495 -9.476354239186495 -9.476354239186495 -9.476354239186495 -9.476354239186495 -9.476354239186495 -9.476354239186495 -9.476354239186495 -9.476354239186495 -9.476354239186495 -9.476354239186495 -9.476354239186495 -9.476354239186495 -9.476354239186495 -9.476354239186495 -9.476354239186495 -9.476354239186495 -9.476354239186495 -9.476354239186495 -9.476354239186495 -9.476354239186495 -9.476354239186495 -9.476354239186495 -9.476354239186495 -9.476354239186495
4.673366834170854 -9.416916754315348 -9.416916754315348 -9.416916754315348 -9.416916754315348 -9.416916754315348 -9.416916754315348 -9.416916754315348 -9.416916754315348 -9.416916754315348 -9.416916754315348 -9.416916754315348 -9.416916754315348 -9.416916754315348 -9.416916754315348 -9.416916754315348 -9.416916754315348 -9.416916754315348 -9.416916754315348 -9.416916754315348 -9.416916754315348 -9.416916754315348 -9.416916754315348 -9.416916754315348 -9.416916754315348 -9.416916754315348 -9.416916754315348 -9.416916754315348 -9.416916754315348 -9.416916754315348
4.748743718592964 -9.3574792694442 -9.3574792694442 -9.3574792694442 -9.3574792694442 -9.3574792694442 -9.3574792694442 -9.3574792694442 -9.3574792694442 -9.3574792694442 -9.3574792694442 -9.3574792694442 -9.3574792694442 -9.3574792694442 -9.3574792694442 -9.3574792694442 -9.3574792694442 -9.3574792694442 -9.3574792694442 -9.3574792694442 -9.3574792694442 -9.3574792694442 -9.3574792694442 -9.3574792694442 -9.3574792694442 -9.3574792694442 -9.3574792694442 -9.3574792694442 -9.3574792694442 -9.3574792694442
4.824120603015075 -9.298041784573051 -9.298041784573051 -9.298041784573051 -9.298041784573051 -9.298041784573051 -9.298041784573051 -9.298041784573051 -9.298041784573051 -9.298041784573051 -9.298041784573051 -9.298041784573051 -9.298041784573051 -9.298041784573051 -9.298041784573051 -9.298041784573051 -9.298041784573051 -9.298041784573051 -9.298041784573051 -9.298041784573051 -9.298041784573051 -9.298041784573051 -9.298041784573051 -9.298041784573051 -9.298041784573051 -9.298041784573051 -9.298041784573051 -9.298041784573051 -9.298041784573051 -9.298041784573051
4.899497487437186 -9.238604299701903 -9.238604299701903 -9.238604299701903 -9.238604299701903 -9.238604299701903 -9.238604299701903 -9.238604299701903 -9.238604299701903 -9.238604299701903 -9.238604299701903 -9.238604299701903 -9.238604299701903 -9.238604299701903 -9.238604299701903 -9.238604299701903 -9.238604299701903 -9.238604299701903 -9.238604299701903 -9.238604299701903 -9.238604299701903 -9.238604299701903 -9.238604299701903 -9.238604299701903 -9.238604299701903 -9.238604299701903 -9.238604299701903 -9.238604299701903 -9.238604299701903 -9.238604299701903
4.974874371859296 -9.179166814830756 -9.179166814830756 -9.179166814830756 -9.179166814830756 -9.179166814830756 -9.179166814830756 -9.179166814830756 -9.179166814830756 -9.179166814830756 -9.179166814830756 -9.179166814830756 -9.179166814830756 -9.179166814830756 -9.179166814830756 -9.179166814830756 -9.179166814830756 -9.179166814830756 -9.179166814830756 -9.179166814830756 -9.179166814830756 -9.179166814830756 -9.179166814830756 -9.179166814830756 -9.179166814830756 -9.179166814830756 -9.179166814830756 -9.179166814830756 -9.179166814830756 -9.179166814830756
5.050251256281406 -9.119729329959608 -9.119729329959608 -9.119729329959608 -9.119729329959608 -9.119729329959608 -9.119729329959608 -9.119729329959608 -9.119729329959608 -9.119729329959608 -9.119729329959608 -9.119729329959608 -9.119729329959608 -9.119729329959608 -9.119729329959608 -9.119729329959608 -9.119729329959608 -9.119729329959608 -9.119729329959608 -9.119729329959608 -9.119729329959608 -9.119729329959608 -9.119729329959608 -9.119729329959608 -9.119729329959608 -9.119729329959608 -9.119729329959608 -9.119729329959608 -9.119729329959608 -9.119729329959608
5.125628140703517 -9.060291845088459 -9.060291845088459 -9.060291845088459 -9.060291845088459 -9.060291845088459 -9.060291845088459 -9.060291845088459 -9.060291845088459 -9.060291845088459 -9.060291845088459 -9.060291845088459 -9.060291845088459 -9.060291845088459 -9.060291845088459 -9.060291845088459 -9.060291845088459 -9.060291845088459 -9.060291845088459 -9.060291845088459 -9.060291845088459 -9.060291845088459 -9.060291845088459 -9.060291845088459 -9.060291845088459 -9.060291845088459 -9.060291845088459 -9.060291845088459 -9.060291845088459 -9.060291845088459
5.201005025125628 -9.00085436021731 -9.00085436021731 -9.00085436021731 -9.00085436021731 -9.00085436021731 -9.00085436021731 -9.00085436021731 -9.00085436021731 -9.00085436021731 -9.00085436021731 -9.00085436021731 -9.00085436021731 -9.00085436021731 -9.00085436021731 -9.00085436021731 -9.00085436021731 -9.00085436021731 -9.00085436021731 -9.00085436021731 -9.00085436021731 -9.00085436021731 -9.00085436021731 -9.00085436021731 -9.00085436021731 -9.00085436021731 -9.00085436021731 -9.00085436021731 -9.00085436021731 -9.00085436021731
5.276381909547738 -8.941416875346164 -8.941416875346164 -8.941416875346164 -8.941416875346164 -8.941416875346164 -8.941416875346164 -8.941416875346164 -8.941416875346164 -8.941416875346164 -8.941416875346164 -8.941416875346164 -8.941416875346164 -8.941416875346164 -8.941416875346164 -8.941416875346164 -8.941416875346164 -8.941416875346164 -8.941416875346164 -8.941416875346164 -8.941416875346164 -8.941416875346164 -8.941416875346164 -8.941416875346164 -8.941416875346164 -8.941416875346164 -8.941416875346164 -8.941416875346164 -8.941416875346164 -8.941416875346164
5.351758793969848 -8.881979390475015 -8.881979390475015 -8.881979390475015 -8.881979390475015 -8.881979390475015 -8.881979390475015 -8.881979390475015 -8.881979390475015 -8.881979390475015 -8.881979390475015 -8.881979390475015 -8.881979390475015 -8.881979390475015 -8.881979390475015 -8.881979390475015 -8.881979390475015 -8.881979390475015 -8.881979390475015 -8.881979390475015 -8.881979390475015 -8.881979390475015 -8.881979390475015 -8.881979390475015 -8.881979390475015 -8.881979390475015 -8.881979390475015 -8.881979390475015 -8.881979390475015 -8.881979390475015
5.427135678391959 -8.822541905603867 -8.822541905603867 -8.822541905603867 -8.822541905603867 -8.822541905603867 -8.822541905603867 -8.822541905603867 -8.822541905603867 -8.822541905603867 -8.822541905603867 -8.822541905603867 -8.822541905603867 -8.822541905603867 -8.822541905603867 -8.822541905603867 -8.822541905603867 -8.822541905603867 -8.822541905603867 -8.822541905603867 -8.822541905603867 -8.822541905603867 -8.822541905603867 -8.822541905603867 -8.822541905603867 -8.822541905603867 -8.822541905603867 -8.822541905603867 -8.822541905603867 -8.822541905603867
5.50251256281407 -8.763104420732718 -8.763104420732718 -8.763104420732718 -8.763104420732718 -8.763104420732718 -8.763104420732718 -8.763104420732718 -8.763104420732718 -8.763104420732718 -8.763104420732718 -8.763104420732718 -8.763104420732718 -8.763104420732718 -8.763104420732718 -8.763104420732718 -8.763104420732718 -8.763104420732718 -8.763104420732718 -8.763104420732718 -8.763104420732718 -8.763104420732718 -8.763104420732718 -8.763104420732718 -8.763104420732718 -8.763104420732718 -8.763104420732718 -8.763104420732718 -8.763104420732718 -8.763104420732718
5.57788944723618 -8.70366693586157 -8.70366693586157 -8.70366693586157 -8.70366693586157 -8.70366693586157 -8.70366693586157 -8.70366693586157 -8.70366693586157 -8.70366693586157 -8.70366693586157 -8.70366693586157 -8.70366693586157 -8.70366693586157 -8.70366693586157 -8.70366693586157 -8.70366693586157 -8.70366693586157 -8.70366693586157 -8.70366693586157 -8.70366693586157 -8.70366693586157 -8.70366693586157 -8.70366693586157 -8.70366693586157 -8.70366693586157 -8.70366693586157 -8.70366693586157 -8.70366693586157 -8.70366693586157
5.6532663316582905 -8.644229450990423 -8.644229450990423 -8.644229450990423 -8.644229450990423 -8.644229450990423 -8.644229450990423 -8.644229450990423 -8.644229450990423 -8.644229450990423 -8.644229450990423 -8.644229450990423 -8.644229450990423 -8.644229450990423 -8.644229450990423 -8.644229450990423 -8.644229450990423 -8.644229450990423 -8.644229450990423 -8.644229450990423 -8.644229450990423 -8.644229450990423 -8.644229450990423 -8.644229450990423 -8.644229450990423 -8.644229450990423 -8.644229450990423 -8.644229450990423 -8.644229450990423 -8.644229450990423
5.7286432160804015 -8.584791966119274 -8.584791966119274 -8.584791966119274 -8.584791966119274 -8.584791966119274 -8.584791966119274 -8.584791966119274 -8.584791966119274 -8.584791966119274 -8.584791966119274 -8.584791966119274 -8.584791966119274 -8.584791966119274 -8.584791966119274 -8.584791966119274 -8.584791966119274 -8.584791966119274 -8.584791966119274 -8.584791966119274 -8.584791966119274 -8.584791966119274 -8.584791966119274 -8.584791966119274 -8.584791966119274 -8.584791966119274 -8.584791966119274 -8.584791966119274 -8.584791966119274 -8.584791966119274
5.8040201005025125 -8.525354481248126 -8.525354481248126 -8.525354481248126 -8.525354481248126 -8.525354481248126 -8.525354481248126 -8.525354481248126 -8.525354481248126 -8.525354481248126 -8.525354481248126 -8.525354481248126 -8.525354481248126 -8.525354481248126 -8.525354481248126 -8.525354481248126 -8.525354481248126 -8.525354481248126 -8.525354481248126 -8.525354481248126 -8.525354481248126 -8.525354481248126 -8.525354481248126 -8.525354481248126 -8.525354481248126 -8.525354481248126 -8.525354481248126 -8.525354481248126 -8.525354481248126 -8.525354481248126
5.879396984924623 -8.46591699637698 -8.46591699637698 -8.46591699637698 -8.46591699637698 -8.46591699637698 -8.46591699637698 -8.46591699637698 -8.46591699637698 -8.46591699637698 -8.46591699637698 -8.46591699637698 -8.46591699637698 -8.46591699637698 -8.46591699637698 -8.46591699637698 -8.46591699637698 -8.46591699637698 -8.46591699637698 -8.46591699637698 -8.46591699637698 -8.46591699637698 -8.46591699637698 -8.46591699637698 -8.46591699637698 -8.46591699637698 -8.46591699637698 -8.46591699637698 -8.46591699637698 -8.46591699637698
5.954773869346733 -8.40647951150583 -8.40647951150583 -8.40647951150583 -8.40647951150583 -8.40647951150583 -8.40647951150583 -8.40647951150583 -8.40647951150583 -8.40647951150583 -8.40647951150583 -8.40647951150583 -8.40647951150583 -8.40647951150583 -8.40647951150583 -8.40647951150583 -8.40647951150583 -8.40647951150583 -8.40647951150583 -8.40647951150583 -8.40647951150583 -8.40647951150583 -8.40647951150583 -8.40647951150583 -8.40647951150583 -8.40647951150583 -8.40647951150583 -8.40647951150583 -8.40647951150583 -8.40647951150583
6.030150753768844 -8.347042026634682 -8.347042026634682 -8.347042026634682 -8.347042026634682 -8.347042026634682 -8.347042026634682 -8.347042026634682 -8.347042026634682 -8.347042026634682 -8.347042026634682 -8.347042026634682 -8.347042026634682 -8.347042026634682 -8.347042026634682 -8.347042026634682 -8.347042026634682 -8.347042026634682 -8.347042026634682 -8.347042026634682 -8.347042026634682 -8.347042026634682 -8.347042026634682 -8.347042026634682 -8.347042026634682 -8.347042026634682 -8.347042026634682 -8.347042026634682 -8.347042026634682 -8.347042026634682
6.105527638190955 -8.287604541763534 -8.287604541763534 -8.287604541763534 -8.287604541763534 -8.287604541763534 -8.287604541763534 -8.287604541763534 -8.287604541763534 -8.287604541763534 -8.287604541763534 -8.287604541763534 -8.287604541763534 -8.287604541763534 -8.287604541763534 -8.287604541763534 -8.287604541763534 -8.287604541763534 -8.287604541763534 -8.287604541763534 -8.287604541763534 -8.287604541763534 -8.287604541763534 -8.287604541763534 -8.287604541763534 -8.287604541763534 -8.287604541763534 -8.287604541763534 -8.287604541763534 -8.287604541763534
