web/models/linear/14/-13_102_0_266.dat
# %ECSV 1.0
# ---
# datatype:
# - {name: time, datatype: float64}
# - {name: swift_uvot_uvw2, datatype: float64}
# - {name: swift_uvot_uvm2, datatype: float64}
# - {name: swift_uvot_uvw1, datatype: float64}
# - {name: swift_uvot_U, datatype: float64}
# - {name: swift_uvot_B, datatype: float64}
# - {name: swift_uvot_V, datatype: float64}
# - {name: swift_uvot_W, datatype: float64}
# - {name: johnson_U, datatype: float64}
# - {name: johnson_B, datatype: float64}
# - {name: johnson_V, datatype: float64}
# - {name: johnson_R, datatype: float64}
# - {name: johnson_I, datatype: float64}
# - {name: sdss_u, datatype: float64}
# - {name: sdss_g, datatype: float64}
# - {name: sdss_r, datatype: float64}
# - {name: sdss_i, datatype: float64}
# - {name: sdss_z, datatype: float64}
# - {name: PS1_g, datatype: float64}
# - {name: PS1_r, datatype: float64}
# - {name: PS1_i, datatype: float64}
# - {name: PS1_z, datatype: float64}
# - {name: PS1_Y, datatype: float64}
# - {name: PS1_w, datatype: float64}
# - {name: ATLAS_c, datatype: float64}
# - {name: ATLAS_o, datatype: float64}
# - {name: ukirt_J, datatype: float64}
# - {name: ukirt_H, datatype: float64}
# - {name: ukirt_K, datatype: float64}
# - {name: Clear, datatype: float64}
# meta: !!omap
# - comment: [M=-13.10204081632653, dM=0.26622358501432164]
# schema: astropy-2.0
time swift_uvot_uvw2 swift_uvot_uvm2 swift_uvot_uvw1 swift_uvot_U swift_uvot_B swift_uvot_V swift_uvot_W johnson_U johnson_B johnson_V johnson_R johnson_I sdss_u sdss_g sdss_r sdss_i sdss_z PS1_g PS1_r PS1_i PS1_z PS1_Y PS1_w ATLAS_c ATLAS_o ukirt_J ukirt_H ukirt_K Clear
[from data line 163]
12.286432160804019 -9.831102799442027 -9.831102799442027 -9.831102799442027 -9.831102799442027 -9.831102799442027 -9.831102799442027 -9.831102799442027 -9.831102799442027 -9.831102799442027 -9.831102799442027 -9.831102799442027 -9.831102799442027 -9.831102799442027 -9.831102799442027 -9.831102799442027 -9.831102799442027 -9.831102799442027 -9.831102799442027 -9.831102799442027 -9.831102799442027 -9.831102799442027 -9.831102799442027 -9.831102799442027 -9.831102799442027 -9.831102799442027 -9.831102799442027 -9.831102799442027 -9.831102799442027 -9.831102799442027
12.36180904522613 -9.811035695043962 -9.811035695043962 -9.811035695043962 -9.811035695043962 -9.811035695043962 -9.811035695043962 -9.811035695043962 -9.811035695043962 -9.811035695043962 -9.811035695043962 -9.811035695043962 -9.811035695043962 -9.811035695043962 -9.811035695043962 -9.811035695043962 -9.811035695043962 -9.811035695043962 -9.811035695043962 -9.811035695043962 -9.811035695043962 -9.811035695043962 -9.811035695043962 -9.811035695043962 -9.811035695043962 -9.811035695043962 -9.811035695043962 -9.811035695043962 -9.811035695043962 -9.811035695043962
12.43718592964824 -9.790968590645898 -9.790968590645898 -9.790968590645898 -9.790968590645898 -9.790968590645898 -9.790968590645898 -9.790968590645898 -9.790968590645898 -9.790968590645898 -9.790968590645898 -9.790968590645898 -9.790968590645898 -9.790968590645898 -9.790968590645898 -9.790968590645898 -9.790968590645898 -9.790968590645898 -9.790968590645898 -9.790968590645898 -9.790968590645898 -9.790968590645898 -9.790968590645898 -9.790968590645898 -9.790968590645898 -9.790968590645898 -9.790968590645898 -9.790968590645898 -9.790968590645898 -9.790968590645898
12.51256281407035 -9.770901486247833 -9.770901486247833 -9.770901486247833 -9.770901486247833 -9.770901486247833 -9.770901486247833 -9.770901486247833 -9.770901486247833 -9.770901486247833 -9.770901486247833 -9.770901486247833 -9.770901486247833 -9.770901486247833 -9.770901486247833 -9.770901486247833 -9.770901486247833 -9.770901486247833 -9.770901486247833 -9.770901486247833 -9.770901486247833 -9.770901486247833 -9.770901486247833 -9.770901486247833 -9.770901486247833 -9.770901486247833 -9.770901486247833 -9.770901486247833 -9.770901486247833 -9.770901486247833
12.58793969849246 -9.750834381849769 -9.750834381849769 -9.750834381849769 -9.750834381849769 -9.750834381849769 -9.750834381849769 -9.750834381849769 -9.750834381849769 -9.750834381849769 -9.750834381849769 -9.750834381849769 -9.750834381849769 -9.750834381849769 -9.750834381849769 -9.750834381849769 -9.750834381849769 -9.750834381849769 -9.750834381849769 -9.750834381849769 -9.750834381849769 -9.750834381849769 -9.750834381849769 -9.750834381849769 -9.750834381849769 -9.750834381849769 -9.750834381849769 -9.750834381849769 -9.750834381849769 -9.750834381849769
12.663316582914572 -9.730767277451704 -9.730767277451704 -9.730767277451704 -9.730767277451704 -9.730767277451704 -9.730767277451704 -9.730767277451704 -9.730767277451704 -9.730767277451704 -9.730767277451704 -9.730767277451704 -9.730767277451704 -9.730767277451704 -9.730767277451704 -9.730767277451704 -9.730767277451704 -9.730767277451704 -9.730767277451704 -9.730767277451704 -9.730767277451704 -9.730767277451704 -9.730767277451704 -9.730767277451704 -9.730767277451704 -9.730767277451704 -9.730767277451704 -9.730767277451704 -9.730767277451704 -9.730767277451704
12.738693467336683 -9.71070017305364 -9.71070017305364 -9.71070017305364 -9.71070017305364 -9.71070017305364 -9.71070017305364 -9.71070017305364 -9.71070017305364 -9.71070017305364 -9.71070017305364 -9.71070017305364 -9.71070017305364 -9.71070017305364 -9.71070017305364 -9.71070017305364 -9.71070017305364 -9.71070017305364 -9.71070017305364 -9.71070017305364 -9.71070017305364 -9.71070017305364 -9.71070017305364 -9.71070017305364 -9.71070017305364 -9.71070017305364 -9.71070017305364 -9.71070017305364 -9.71070017305364 -9.71070017305364
12.814070351758794 -9.690633068655575 -9.690633068655575 -9.690633068655575 -9.690633068655575 -9.690633068655575 -9.690633068655575 -9.690633068655575 -9.690633068655575 -9.690633068655575 -9.690633068655575 -9.690633068655575 -9.690633068655575 -9.690633068655575 -9.690633068655575 -9.690633068655575 -9.690633068655575 -9.690633068655575 -9.690633068655575 -9.690633068655575 -9.690633068655575 -9.690633068655575 -9.690633068655575 -9.690633068655575 -9.690633068655575 -9.690633068655575 -9.690633068655575 -9.690633068655575 -9.690633068655575 -9.690633068655575
12.889447236180903 -9.670565964257511 -9.670565964257511 -9.670565964257511 -9.670565964257511 -9.670565964257511 -9.670565964257511 -9.670565964257511 -9.670565964257511 -9.670565964257511 -9.670565964257511 -9.670565964257511 -9.670565964257511 -9.670565964257511 -9.670565964257511 -9.670565964257511 -9.670565964257511 -9.670565964257511 -9.670565964257511 -9.670565964257511 -9.670565964257511 -9.670565964257511 -9.670565964257511 -9.670565964257511 -9.670565964257511 -9.670565964257511 -9.670565964257511 -9.670565964257511 -9.670565964257511 -9.670565964257511
12.964824120603014 -9.650498859859447 -9.650498859859447 -9.650498859859447 -9.650498859859447 -9.650498859859447 -9.650498859859447 -9.650498859859447 -9.650498859859447 -9.650498859859447 -9.650498859859447 -9.650498859859447 -9.650498859859447 -9.650498859859447 -9.650498859859447 -9.650498859859447 -9.650498859859447 -9.650498859859447 -9.650498859859447 -9.650498859859447 -9.650498859859447 -9.650498859859447 -9.650498859859447 -9.650498859859447 -9.650498859859447 -9.650498859859447 -9.650498859859447 -9.650498859859447 -9.650498859859447 -9.650498859859447
13.040201005025125 -9.630431755461382 -9.630431755461382 -9.630431755461382 -9.630431755461382 -9.630431755461382 -9.630431755461382 -9.630431755461382 -9.630431755461382 -9.630431755461382 -9.630431755461382 -9.630431755461382 -9.630431755461382 -9.630431755461382 -9.630431755461382 -9.630431755461382 -9.630431755461382 -9.630431755461382 -9.630431755461382 -9.630431755461382 -9.630431755461382 -9.630431755461382 -9.630431755461382 -9.630431755461382 -9.630431755461382 -9.630431755461382 -9.630431755461382 -9.630431755461382 -9.630431755461382 -9.630431755461382
13.115577889447234 -9.610364651063318 -9.610364651063318 -9.610364651063318 -9.610364651063318 -9.610364651063318 -9.610364651063318 -9.610364651063318 -9.610364651063318 -9.610364651063318 -9.610364651063318 -9.610364651063318 -9.610364651063318 -9.610364651063318 -9.610364651063318 -9.610364651063318 -9.610364651063318 -9.610364651063318 -9.610364651063318 -9.610364651063318 -9.610364651063318 -9.610364651063318 -9.610364651063318 -9.610364651063318 -9.610364651063318 -9.610364651063318 -9.610364651063318 -9.610364651063318 -9.610364651063318 -9.610364651063318
13.190954773869345 -9.590297546665253 -9.590297546665253 -9.590297546665253 -9.590297546665253 -9.590297546665253 -9.590297546665253 -9.590297546665253 -9.590297546665253 -9.590297546665253 -9.590297546665253 -9.590297546665253 -9.590297546665253 -9.590297546665253 -9.590297546665253 -9.590297546665253 -9.590297546665253 -9.590297546665253 -9.590297546665253 -9.590297546665253 -9.590297546665253 -9.590297546665253 -9.590297546665253 -9.590297546665253 -9.590297546665253 -9.590297546665253 -9.590297546665253 -9.590297546665253 -9.590297546665253 -9.590297546665253
13.266331658291456 -9.570230442267189 -9.570230442267189 -9.570230442267189 -9.570230442267189 -9.570230442267189 -9.570230442267189 -9.570230442267189 -9.570230442267189 -9.570230442267189 -9.570230442267189 -9.570230442267189 -9.570230442267189 -9.570230442267189 -9.570230442267189 -9.570230442267189 -9.570230442267189 -9.570230442267189 -9.570230442267189 -9.570230442267189 -9.570230442267189 -9.570230442267189 -9.570230442267189 -9.570230442267189 -9.570230442267189 -9.570230442267189 -9.570230442267189 -9.570230442267189 -9.570230442267189 -9.570230442267189
13.341708542713567 -9.550163337869124 -9.550163337869124 -9.550163337869124 -9.550163337869124 -9.550163337869124 -9.550163337869124 -9.550163337869124 -9.550163337869124 -9.550163337869124 -9.550163337869124 -9.550163337869124 -9.550163337869124 -9.550163337869124 -9.550163337869124 -9.550163337869124 -9.550163337869124 -9.550163337869124 -9.550163337869124 -9.550163337869124 -9.550163337869124 -9.550163337869124 -9.550163337869124 -9.550163337869124 -9.550163337869124 -9.550163337869124 -9.550163337869124 -9.550163337869124 -9.550163337869124 -9.550163337869124
13.417085427135678 -9.53009623347106 -9.53009623347106 -9.53009623347106 -9.53009623347106 -9.53009623347106 -9.53009623347106 -9.53009623347106 -9.53009623347106 -9.53009623347106 -9.53009623347106 -9.53009623347106 -9.53009623347106 -9.53009623347106 -9.53009623347106 -9.53009623347106 -9.53009623347106 -9.53009623347106 -9.53009623347106 -9.53009623347106 -9.53009623347106 -9.53009623347106 -9.53009623347106 -9.53009623347106 -9.53009623347106 -9.53009623347106 -9.53009623347106 -9.53009623347106 -9.53009623347106 -9.53009623347106
13.492462311557787 -9.510029129072995 -9.510029129072995 -9.510029129072995 -9.510029129072995 -9.510029129072995 -9.510029129072995 -9.510029129072995 -9.510029129072995 -9.510029129072995 -9.510029129072995 -9.510029129072995 -9.510029129072995 -9.510029129072995 -9.510029129072995 -9.510029129072995 -9.510029129072995 -9.510029129072995 -9.510029129072995 -9.510029129072995 -9.510029129072995 -9.510029129072995 -9.510029129072995 -9.510029129072995 -9.510029129072995 -9.510029129072995 -9.510029129072995 -9.510029129072995 -9.510029129072995 -9.510029129072995
13.567839195979898 -9.48996202467493 -9.48996202467493 -9.48996202467493 -9.48996202467493 -9.48996202467493 -9.48996202467493 -9.48996202467493 -9.48996202467493 -9.48996202467493 -9.48996202467493 -9.48996202467493 -9.48996202467493 -9.48996202467493 -9.48996202467493 -9.48996202467493 -9.48996202467493 -9.48996202467493 -9.48996202467493 -9.48996202467493 -9.48996202467493 -9.48996202467493 -9.48996202467493 -9.48996202467493 -9.48996202467493 -9.48996202467493 -9.48996202467493 -9.48996202467493 -9.48996202467493 -9.48996202467493
13.64321608040201 -9.469894920276866 -9.469894920276866 -9.469894920276866 -9.469894920276866 -9.469894920276866 -9.469894920276866 -9.469894920276866 -9.469894920276866 -9.469894920276866 -9.469894920276866 -9.469894920276866 -9.469894920276866 -9.469894920276866 -9.469894920276866 -9.469894920276866 -9.469894920276866 -9.469894920276866 -9.469894920276866 -9.469894920276866 -9.469894920276866 -9.469894920276866 -9.469894920276866 -9.469894920276866 -9.469894920276866 -9.469894920276866 -9.469894920276866 -9.469894920276866 -9.469894920276866 -9.469894920276866
13.718592964824118 -9.449827815878802 -9.449827815878802 -9.449827815878802 -9.449827815878802 -9.449827815878802 -9.449827815878802 -9.449827815878802 -9.449827815878802 -9.449827815878802 -9.449827815878802 -9.449827815878802 -9.449827815878802 -9.449827815878802 -9.449827815878802 -9.449827815878802 -9.449827815878802 -9.449827815878802 -9.449827815878802 -9.449827815878802 -9.449827815878802 -9.449827815878802 -9.449827815878802 -9.449827815878802 -9.449827815878802 -9.449827815878802 -9.449827815878802 -9.449827815878802 -9.449827815878802 -9.449827815878802
13.79396984924623 -9.429760711480737 -9.429760711480737 -9.429760711480737 -9.429760711480737 -9.429760711480737 -9.429760711480737 -9.429760711480737 -9.429760711480737 -9.429760711480737 -9.429760711480737 -9.429760711480737 -9.429760711480737 -9.429760711480737 -9.429760711480737 -9.429760711480737 -9.429760711480737 -9.429760711480737 -9.429760711480737 -9.429760711480737 -9.429760711480737 -9.429760711480737 -9.429760711480737 -9.429760711480737 -9.429760711480737 -9.429760711480737 -9.429760711480737 -9.429760711480737 -9.429760711480737 -9.429760711480737
13.86934673366834 -9.409693607082673 -9.409693607082673 -9.409693607082673 -9.409693607082673 -9.409693607082673 -9.409693607082673 -9.409693607082673 -9.409693607082673 -9.409693607082673 -9.409693607082673 -9.409693607082673 -9.409693607082673 -9.409693607082673 -9.409693607082673 -9.409693607082673 -9.409693607082673 -9.409693607082673 -9.409693607082673 -9.409693607082673 -9.409693607082673 -9.409693607082673 -9.409693607082673 -9.409693607082673 -9.409693607082673 -9.409693607082673 -9.409693607082673 -9.409693607082673 -9.409693607082673 -9.409693607082673
13.944723618090451 -9.389626502684608 -9.389626502684608 -9.389626502684608 -9.389626502684608 -9.389626502684608 -9.389626502684608 -9.389626502684608 -9.389626502684608 -9.389626502684608 -9.389626502684608 -9.389626502684608 -9.389626502684608 -9.389626502684608 -9.389626502684608 -9.389626502684608 -9.389626502684608 -9.389626502684608 -9.389626502684608 -9.389626502684608 -9.389626502684608 -9.389626502684608 -9.389626502684608 -9.389626502684608 -9.389626502684608 -9.389626502684608 -9.389626502684608 -9.389626502684608 -9.389626502684608 -9.389626502684608
14.020100502512562 -9.369559398286544 -9.369559398286544 -9.369559398286544 -9.369559398286544 -9.369559398286544 -9.369559398286544 -9.369559398286544 -9.369559398286544 -9.369559398286544 -9.369559398286544 -9.369559398286544 -9.369559398286544 -9.369559398286544 -9.369559398286544 -9.369559398286544 -9.369559398286544 -9.369559398286544 -9.369559398286544 -9.369559398286544 -9.369559398286544 -9.369559398286544 -9.369559398286544 -9.369559398286544 -9.369559398286544 -9.369559398286544 -9.369559398286544 -9.369559398286544 -9.369559398286544 -9.369559398286544
14.095477386934672 -9.34949229388848 -9.34949229388848 -9.34949229388848 -9.34949229388848 -9.34949229388848 -9.34949229388848 -9.34949229388848 -9.34949229388848 -9.34949229388848 -9.34949229388848 -9.34949229388848 -9.34949229388848 -9.34949229388848 -9.34949229388848 -9.34949229388848 -9.34949229388848 -9.34949229388848 -9.34949229388848 -9.34949229388848 -9.34949229388848 -9.34949229388848 -9.34949229388848 -9.34949229388848 -9.34949229388848 -9.34949229388848 -9.34949229388848 -9.34949229388848 -9.34949229388848 -9.34949229388848
14.170854271356783 -9.329425189490415 -9.329425189490415 -9.329425189490415 -9.329425189490415 -9.329425189490415 -9.329425189490415 -9.329425189490415 -9.329425189490415 -9.329425189490415 -9.329425189490415 -9.329425189490415 -9.329425189490415 -9.329425189490415 -9.329425189490415 -9.329425189490415 -9.329425189490415 -9.329425189490415 -9.329425189490415 -9.329425189490415 -9.329425189490415 -9.329425189490415 -9.329425189490415 -9.329425189490415 -9.329425189490415 -9.329425189490415 -9.329425189490415 -9.329425189490415 -9.329425189490415 -9.329425189490415
14.246231155778894 -9.30935808509235 -9.30935808509235 -9.30935808509235 -9.30935808509235 -9.30935808509235 -9.30935808509235 -9.30935808509235 -9.30935808509235 -9.30935808509235 -9.30935808509235 -9.30935808509235 -9.30935808509235 -9.30935808509235 -9.30935808509235 -9.30935808509235 -9.30935808509235 -9.30935808509235 -9.30935808509235 -9.30935808509235 -9.30935808509235 -9.30935808509235 -9.30935808509235 -9.30935808509235 -9.30935808509235 -9.30935808509235 -9.30935808509235 -9.30935808509235 -9.30935808509235 -9.30935808509235
