web/models/linear/49/-16_408_0_016.dat
# %ECSV 1.0
# ---
# datatype:
# - {name: time, datatype: float64}
# - {name: swift_uvot_uvw2, datatype: float64}
# - {name: swift_uvot_uvm2, datatype: float64}
# - {name: swift_uvot_uvw1, datatype: float64}
# - {name: swift_uvot_U, datatype: float64}
# - {name: swift_uvot_B, datatype: float64}
# - {name: swift_uvot_V, datatype: float64}
# - {name: swift_uvot_W, datatype: float64}
# - {name: johnson_U, datatype: float64}
# - {name: johnson_B, datatype: float64}
# - {name: johnson_V, datatype: float64}
# - {name: johnson_R, datatype: float64}
# - {name: johnson_I, datatype: float64}
# - {name: sdss_u, datatype: float64}
# - {name: sdss_g, datatype: float64}
# - {name: sdss_r, datatype: float64}
# - {name: sdss_i, datatype: float64}
# - {name: sdss_z, datatype: float64}
# - {name: PS1_g, datatype: float64}
# - {name: PS1_r, datatype: float64}
# - {name: PS1_i, datatype: float64}
# - {name: PS1_z, datatype: float64}
# - {name: PS1_Y, datatype: float64}
# - {name: PS1_w, datatype: float64}
# - {name: ATLAS_c, datatype: float64}
# - {name: ATLAS_o, datatype: float64}
# - {name: ukirt_J, datatype: float64}
# - {name: ukirt_H, datatype: float64}
# - {name: ukirt_K, datatype: float64}
# - {name: Clear, datatype: float64}
# meta: !!omap
# - comment: [M=-16.408163265306122, dM=0.01631635942893885]
# schema: astropy-2.0
time swift_uvot_uvw2 swift_uvot_uvm2 swift_uvot_uvw1 swift_uvot_U swift_uvot_B swift_uvot_V swift_uvot_W johnson_U johnson_B johnson_V johnson_R johnson_I sdss_u sdss_g sdss_r sdss_i sdss_z PS1_g PS1_r PS1_i PS1_z PS1_Y PS1_w ATLAS_c ATLAS_o ukirt_J ukirt_H ukirt_K Clear
[from data line 109]
8.21608040201005 -16.274106744369867 -16.274106744369867 -16.274106744369867 -16.274106744369867 -16.274106744369867 -16.274106744369867 -16.274106744369867 -16.274106744369867 -16.274106744369867 -16.274106744369867 -16.274106744369867 -16.274106744369867 -16.274106744369867 -16.274106744369867 -16.274106744369867 -16.274106744369867 -16.274106744369867 -16.274106744369867 -16.274106744369867 -16.274106744369867 -16.274106744369867 -16.274106744369867 -16.274106744369867 -16.274106744369867 -16.274106744369867 -16.274106744369867 -16.274106744369867 -16.274106744369867 -16.274106744369867
8.29145728643216 -16.272876868031002 -16.272876868031002 -16.272876868031002 -16.272876868031002 -16.272876868031002 -16.272876868031002 -16.272876868031002 -16.272876868031002 -16.272876868031002 -16.272876868031002 -16.272876868031002 -16.272876868031002 -16.272876868031002 -16.272876868031002 -16.272876868031002 -16.272876868031002 -16.272876868031002 -16.272876868031002 -16.272876868031002 -16.272876868031002 -16.272876868031002 -16.272876868031002 -16.272876868031002 -16.272876868031002 -16.272876868031002 -16.272876868031002 -16.272876868031002 -16.272876868031002 -16.272876868031002
8.36683417085427 -16.271646991692137 -16.271646991692137 -16.271646991692137 -16.271646991692137 -16.271646991692137 -16.271646991692137 -16.271646991692137 -16.271646991692137 -16.271646991692137 -16.271646991692137 -16.271646991692137 -16.271646991692137 -16.271646991692137 -16.271646991692137 -16.271646991692137 -16.271646991692137 -16.271646991692137 -16.271646991692137 -16.271646991692137 -16.271646991692137 -16.271646991692137 -16.271646991692137 -16.271646991692137 -16.271646991692137 -16.271646991692137 -16.271646991692137 -16.271646991692137 -16.271646991692137 -16.271646991692137
8.442211055276381 -16.270417115353272 -16.270417115353272 -16.270417115353272 -16.270417115353272 -16.270417115353272 -16.270417115353272 -16.270417115353272 -16.270417115353272 -16.270417115353272 -16.270417115353272 -16.270417115353272 -16.270417115353272 -16.270417115353272 -16.270417115353272 -16.270417115353272 -16.270417115353272 -16.270417115353272 -16.270417115353272 -16.270417115353272 -16.270417115353272 -16.270417115353272 -16.270417115353272 -16.270417115353272 -16.270417115353272 -16.270417115353272 -16.270417115353272 -16.270417115353272 -16.270417115353272 -16.270417115353272
8.517587939698492 -16.269187239014407 -16.269187239014407 -16.269187239014407 -16.269187239014407 -16.269187239014407 -16.269187239014407 -16.269187239014407 -16.269187239014407 -16.269187239014407 -16.269187239014407 -16.269187239014407 -16.269187239014407 -16.269187239014407 -16.269187239014407 -16.269187239014407 -16.269187239014407 -16.269187239014407 -16.269187239014407 -16.269187239014407 -16.269187239014407 -16.269187239014407 -16.269187239014407 -16.269187239014407 -16.269187239014407 -16.269187239014407 -16.269187239014407 -16.269187239014407 -16.269187239014407 -16.269187239014407
8.592964824120603 -16.267957362675542 -16.267957362675542 -16.267957362675542 -16.267957362675542 -16.267957362675542 -16.267957362675542 -16.267957362675542 -16.267957362675542 -16.267957362675542 -16.267957362675542 -16.267957362675542 -16.267957362675542 -16.267957362675542 -16.267957362675542 -16.267957362675542 -16.267957362675542 -16.267957362675542 -16.267957362675542 -16.267957362675542 -16.267957362675542 -16.267957362675542 -16.267957362675542 -16.267957362675542 -16.267957362675542 -16.267957362675542 -16.267957362675542 -16.267957362675542 -16.267957362675542 -16.267957362675542
8.668341708542712 -16.266727486336677 -16.266727486336677 -16.266727486336677 -16.266727486336677 -16.266727486336677 -16.266727486336677 -16.266727486336677 -16.266727486336677 -16.266727486336677 -16.266727486336677 -16.266727486336677 -16.266727486336677 -16.266727486336677 -16.266727486336677 -16.266727486336677 -16.266727486336677 -16.266727486336677 -16.266727486336677 -16.266727486336677 -16.266727486336677 -16.266727486336677 -16.266727486336677 -16.266727486336677 -16.266727486336677 -16.266727486336677 -16.266727486336677 -16.266727486336677 -16.266727486336677 -16.266727486336677
8.743718592964823 -16.265497609997812 -16.265497609997812 -16.265497609997812 -16.265497609997812 -16.265497609997812 -16.265497609997812 -16.265497609997812 -16.265497609997812 -16.265497609997812 -16.265497609997812 -16.265497609997812 -16.265497609997812 -16.265497609997812 -16.265497609997812 -16.265497609997812 -16.265497609997812 -16.265497609997812 -16.265497609997812 -16.265497609997812 -16.265497609997812 -16.265497609997812 -16.265497609997812 -16.265497609997812 -16.265497609997812 -16.265497609997812 -16.265497609997812 -16.265497609997812 -16.265497609997812 -16.265497609997812
8.819095477386934 -16.264267733658947 -16.264267733658947 -16.264267733658947 -16.264267733658947 -16.264267733658947 -16.264267733658947 -16.264267733658947 -16.264267733658947 -16.264267733658947 -16.264267733658947 -16.264267733658947 -16.264267733658947 -16.264267733658947 -16.264267733658947 -16.264267733658947 -16.264267733658947 -16.264267733658947 -16.264267733658947 -16.264267733658947 -16.264267733658947 -16.264267733658947 -16.264267733658947 -16.264267733658947 -16.264267733658947 -16.264267733658947 -16.264267733658947 -16.264267733658947 -16.264267733658947 -16.264267733658947
8.894472361809044 -16.263037857320082 -16.263037857320082 -16.263037857320082 -16.263037857320082 -16.263037857320082 -16.263037857320082 -16.263037857320082 -16.263037857320082 -16.263037857320082 -16.263037857320082 -16.263037857320082 -16.263037857320082 -16.263037857320082 -16.263037857320082 -16.263037857320082 -16.263037857320082 -16.263037857320082 -16.263037857320082 -16.263037857320082 -16.263037857320082 -16.263037857320082 -16.263037857320082 -16.263037857320082 -16.263037857320082 -16.263037857320082 -16.263037857320082 -16.263037857320082 -16.263037857320082 -16.263037857320082
8.969849246231155 -16.261807980981217 -16.261807980981217 -16.261807980981217 -16.261807980981217 -16.261807980981217 -16.261807980981217 -16.261807980981217 -16.261807980981217 -16.261807980981217 -16.261807980981217 -16.261807980981217 -16.261807980981217 -16.261807980981217 -16.261807980981217 -16.261807980981217 -16.261807980981217 -16.261807980981217 -16.261807980981217 -16.261807980981217 -16.261807980981217 -16.261807980981217 -16.261807980981217 -16.261807980981217 -16.261807980981217 -16.261807980981217 -16.261807980981217 -16.261807980981217 -16.261807980981217 -16.261807980981217
9.045226130653266 -16.260578104642352 -16.260578104642352 -16.260578104642352 -16.260578104642352 -16.260578104642352 -16.260578104642352 -16.260578104642352 -16.260578104642352 -16.260578104642352 -16.260578104642352 -16.260578104642352 -16.260578104642352 -16.260578104642352 -16.260578104642352 -16.260578104642352 -16.260578104642352 -16.260578104642352 -16.260578104642352 -16.260578104642352 -16.260578104642352 -16.260578104642352 -16.260578104642352 -16.260578104642352 -16.260578104642352 -16.260578104642352 -16.260578104642352 -16.260578104642352 -16.260578104642352 -16.260578104642352
9.120603015075377 -16.259348228303487 -16.259348228303487 -16.259348228303487 -16.259348228303487 -16.259348228303487 -16.259348228303487 -16.259348228303487 -16.259348228303487 -16.259348228303487 -16.259348228303487 -16.259348228303487 -16.259348228303487 -16.259348228303487 -16.259348228303487 -16.259348228303487 -16.259348228303487 -16.259348228303487 -16.259348228303487 -16.259348228303487 -16.259348228303487 -16.259348228303487 -16.259348228303487 -16.259348228303487 -16.259348228303487 -16.259348228303487 -16.259348228303487 -16.259348228303487 -16.259348228303487 -16.259348228303487
9.195979899497488 -16.258118351964622 -16.258118351964622 -16.258118351964622 -16.258118351964622 -16.258118351964622 -16.258118351964622 -16.258118351964622 -16.258118351964622 -16.258118351964622 -16.258118351964622 -16.258118351964622 -16.258118351964622 -16.258118351964622 -16.258118351964622 -16.258118351964622 -16.258118351964622 -16.258118351964622 -16.258118351964622 -16.258118351964622 -16.258118351964622 -16.258118351964622 -16.258118351964622 -16.258118351964622 -16.258118351964622 -16.258118351964622 -16.258118351964622 -16.258118351964622 -16.258118351964622 -16.258118351964622
9.271356783919597 -16.25688847562576 -16.25688847562576 -16.25688847562576 -16.25688847562576 -16.25688847562576 -16.25688847562576 -16.25688847562576 -16.25688847562576 -16.25688847562576 -16.25688847562576 -16.25688847562576 -16.25688847562576 -16.25688847562576 -16.25688847562576 -16.25688847562576 -16.25688847562576 -16.25688847562576 -16.25688847562576 -16.25688847562576 -16.25688847562576 -16.25688847562576 -16.25688847562576 -16.25688847562576 -16.25688847562576 -16.25688847562576 -16.25688847562576 -16.25688847562576 -16.25688847562576 -16.25688847562576
9.346733668341708 -16.255658599286896 -16.255658599286896 -16.255658599286896 -16.255658599286896 -16.255658599286896 -16.255658599286896 -16.255658599286896 -16.255658599286896 -16.255658599286896 -16.255658599286896 -16.255658599286896 -16.255658599286896 -16.255658599286896 -16.255658599286896 -16.255658599286896 -16.255658599286896 -16.255658599286896 -16.255658599286896 -16.255658599286896 -16.255658599286896 -16.255658599286896 -16.255658599286896 -16.255658599286896 -16.255658599286896 -16.255658599286896 -16.255658599286896 -16.255658599286896 -16.255658599286896 -16.255658599286896
9.422110552763819 -16.25442872294803 -16.25442872294803 -16.25442872294803 -16.25442872294803 -16.25442872294803 -16.25442872294803 -16.25442872294803 -16.25442872294803 -16.25442872294803 -16.25442872294803 -16.25442872294803 -16.25442872294803 -16.25442872294803 -16.25442872294803 -16.25442872294803 -16.25442872294803 -16.25442872294803 -16.25442872294803 -16.25442872294803 -16.25442872294803 -16.25442872294803 -16.25442872294803 -16.25442872294803 -16.25442872294803 -16.25442872294803 -16.25442872294803 -16.25442872294803 -16.25442872294803 -16.25442872294803
9.497487437185928 -16.253198846609166 -16.253198846609166 -16.253198846609166 -16.253198846609166 -16.253198846609166 -16.253198846609166 -16.253198846609166 -16.253198846609166 -16.253198846609166 -16.253198846609166 -16.253198846609166 -16.253198846609166 -16.253198846609166 -16.253198846609166 -16.253198846609166 -16.253198846609166 -16.253198846609166 -16.253198846609166 -16.253198846609166 -16.253198846609166 -16.253198846609166 -16.253198846609166 -16.253198846609166 -16.253198846609166 -16.253198846609166 -16.253198846609166 -16.253198846609166 -16.253198846609166 -16.253198846609166
9.572864321608039 -16.2519689702703 -16.2519689702703 -16.2519689702703 -16.2519689702703 -16.2519689702703 -16.2519689702703 -16.2519689702703 -16.2519689702703 -16.2519689702703 -16.2519689702703 -16.2519689702703 -16.2519689702703 -16.2519689702703 -16.2519689702703 -16.2519689702703 -16.2519689702703 -16.2519689702703 -16.2519689702703 -16.2519689702703 -16.2519689702703 -16.2519689702703 -16.2519689702703 -16.2519689702703 -16.2519689702703 -16.2519689702703 -16.2519689702703 -16.2519689702703 -16.2519689702703 -16.2519689702703
9.64824120603015 -16.250739093931436 -16.250739093931436 -16.250739093931436 -16.250739093931436 -16.250739093931436 -16.250739093931436 -16.250739093931436 -16.250739093931436 -16.250739093931436 -16.250739093931436 -16.250739093931436 -16.250739093931436 -16.250739093931436 -16.250739093931436 -16.250739093931436 -16.250739093931436 -16.250739093931436 -16.250739093931436 -16.250739093931436 -16.250739093931436 -16.250739093931436 -16.250739093931436 -16.250739093931436 -16.250739093931436 -16.250739093931436 -16.250739093931436 -16.250739093931436 -16.250739093931436 -16.250739093931436
9.72361809045226 -16.24950921759257 -16.24950921759257 -16.24950921759257 -16.24950921759257 -16.24950921759257 -16.24950921759257 -16.24950921759257 -16.24950921759257 -16.24950921759257 -16.24950921759257 -16.24950921759257 -16.24950921759257 -16.24950921759257 -16.24950921759257 -16.24950921759257 -16.24950921759257 -16.24950921759257 -16.24950921759257 -16.24950921759257 -16.24950921759257 -16.24950921759257 -16.24950921759257 -16.24950921759257 -16.24950921759257 -16.24950921759257 -16.24950921759257 -16.24950921759257 -16.24950921759257 -16.24950921759257
9.798994974874372 -16.248279341253706 -16.248279341253706 -16.248279341253706 -16.248279341253706 -16.248279341253706 -16.248279341253706 -16.248279341253706 -16.248279341253706 -16.248279341253706 -16.248279341253706 -16.248279341253706 -16.248279341253706 -16.248279341253706 -16.248279341253706 -16.248279341253706 -16.248279341253706 -16.248279341253706 -16.248279341253706 -16.248279341253706 -16.248279341253706 -16.248279341253706 -16.248279341253706 -16.248279341253706 -16.248279341253706 -16.248279341253706 -16.248279341253706 -16.248279341253706 -16.248279341253706 -16.248279341253706
9.874371859296481 -16.24704946491484 -16.24704946491484 -16.24704946491484 -16.24704946491484 -16.24704946491484 -16.24704946491484 -16.24704946491484 -16.24704946491484 -16.24704946491484 -16.24704946491484 -16.24704946491484 -16.24704946491484 -16.24704946491484 -16.24704946491484 -16.24704946491484 -16.24704946491484 -16.24704946491484 -16.24704946491484 -16.24704946491484 -16.24704946491484 -16.24704946491484 -16.24704946491484 -16.24704946491484 -16.24704946491484 -16.24704946491484 -16.24704946491484 -16.24704946491484 -16.24704946491484 -16.24704946491484
9.949748743718592 -16.245819588575976 -16.245819588575976 -16.245819588575976 -16.245819588575976 -16.245819588575976 -16.245819588575976 -16.245819588575976 -16.245819588575976 -16.245819588575976 -16.245819588575976 -16.245819588575976 -16.245819588575976 -16.245819588575976 -16.245819588575976 -16.245819588575976 -16.245819588575976 -16.245819588575976 -16.245819588575976 -16.245819588575976 -16.245819588575976 -16.245819588575976 -16.245819588575976 -16.245819588575976 -16.245819588575976 -16.245819588575976 -16.245819588575976 -16.245819588575976 -16.245819588575976 -16.245819588575976
10.025125628140703 -16.24458971223711 -16.24458971223711 -16.24458971223711 -16.24458971223711 -16.24458971223711 -16.24458971223711 -16.24458971223711 -16.24458971223711 -16.24458971223711 -16.24458971223711 -16.24458971223711 -16.24458971223711 -16.24458971223711 -16.24458971223711 -16.24458971223711 -16.24458971223711 -16.24458971223711 -16.24458971223711 -16.24458971223711 -16.24458971223711 -16.24458971223711 -16.24458971223711 -16.24458971223711 -16.24458971223711 -16.24458971223711 -16.24458971223711 -16.24458971223711 -16.24458971223711 -16.24458971223711
10.100502512562812 -16.243359835898247 -16.243359835898247 -16.243359835898247 -16.243359835898247 -16.243359835898247 -16.243359835898247 -16.243359835898247 -16.243359835898247 -16.243359835898247 -16.243359835898247 -16.243359835898247 -16.243359835898247 -16.243359835898247 -16.243359835898247 -16.243359835898247 -16.243359835898247 -16.243359835898247 -16.243359835898247 -16.243359835898247 -16.243359835898247 -16.243359835898247 -16.243359835898247 -16.243359835898247 -16.243359835898247 -16.243359835898247 -16.243359835898247 -16.243359835898247 -16.243359835898247 -16.243359835898247
10.175879396984923 -16.24212995955938 -16.24212995955938 -16.24212995955938 -16.24212995955938 -16.24212995955938 -16.24212995955938 -16.24212995955938 -16.24212995955938 -16.24212995955938 -16.24212995955938 -16.24212995955938 -16.24212995955938 -16.24212995955938 -16.24212995955938 -16.24212995955938 -16.24212995955938 -16.24212995955938 -16.24212995955938 -16.24212995955938 -16.24212995955938 -16.24212995955938 -16.24212995955938 -16.24212995955938 -16.24212995955938 -16.24212995955938 -16.24212995955938 -16.24212995955938 -16.24212995955938 -16.24212995955938
