web/models/linear/49/-16_408_0_035.dat
# %ECSV 1.0
# ---
# datatype:
# - {name: time, datatype: float64}
# - {name: sdss_u, datatype: float64}
# - {name: sdss_g, datatype: float64}
# - {name: sdss_r, datatype: float64}
# - {name: sdss_i, datatype: float64}
# - {name: sdss_z, datatype: float64}
# - {name: Clear, datatype: float64}
# - {name: johnson_B, datatype: float64}
# - {name: johnson_V, datatype: float64}
# - {name: johnson_R, datatype: float64}
# - {name: johnson_I, datatype: float64}
# - {name: ukirt_J, datatype: float64}
# - {name: ukirt_H, datatype: float64}
# - {name: ukirt_K, datatype: float64}
# meta: !!omap
# - comment: [M=-16.408163265306122, dM=0.035437498608938814]
# schema: astropy-2.0
time sdss_u sdss_g sdss_r sdss_i sdss_z Clear johnson_B johnson_V johnson_R johnson_I ukirt_J ukirt_H ukirt_K
[from data line 118]
8.894472361809044 -16.09296541335727 -16.09296541335727 -16.09296541335727 -16.09296541335727 -16.09296541335727 -16.09296541335727 -16.09296541335727 -16.09296541335727 -16.09296541335727 -16.09296541335727 -16.09296541335727 -16.09296541335727 -16.09296541335727
8.969849246231155 -16.090294245120415 -16.090294245120415 -16.090294245120415 -16.090294245120415 -16.090294245120415 -16.090294245120415 -16.090294245120415 -16.090294245120415 -16.090294245120415 -16.090294245120415 -16.090294245120415 -16.090294245120415 -16.090294245120415
9.045226130653266 -16.08762307688356 -16.08762307688356 -16.08762307688356 -16.08762307688356 -16.08762307688356 -16.08762307688356 -16.08762307688356 -16.08762307688356 -16.08762307688356 -16.08762307688356 -16.08762307688356 -16.08762307688356 -16.08762307688356
9.120603015075377 -16.084951908646705 -16.084951908646705 -16.084951908646705 -16.084951908646705 -16.084951908646705 -16.084951908646705 -16.084951908646705 -16.084951908646705 -16.084951908646705 -16.084951908646705 -16.084951908646705 -16.084951908646705 -16.084951908646705
9.195979899497488 -16.08228074040985 -16.08228074040985 -16.08228074040985 -16.08228074040985 -16.08228074040985 -16.08228074040985 -16.08228074040985 -16.08228074040985 -16.08228074040985 -16.08228074040985 -16.08228074040985 -16.08228074040985 -16.08228074040985
9.271356783919597 -16.079609572172995 -16.079609572172995 -16.079609572172995 -16.079609572172995 -16.079609572172995 -16.079609572172995 -16.079609572172995 -16.079609572172995 -16.079609572172995 -16.079609572172995 -16.079609572172995 -16.079609572172995 -16.079609572172995
9.346733668341708 -16.07693840393614 -16.07693840393614 -16.07693840393614 -16.07693840393614 -16.07693840393614 -16.07693840393614 -16.07693840393614 -16.07693840393614 -16.07693840393614 -16.07693840393614 -16.07693840393614 -16.07693840393614 -16.07693840393614
9.422110552763819 -16.074267235699285 -16.074267235699285 -16.074267235699285 -16.074267235699285 -16.074267235699285 -16.074267235699285 -16.074267235699285 -16.074267235699285 -16.074267235699285 -16.074267235699285 -16.074267235699285 -16.074267235699285 -16.074267235699285
9.497487437185928 -16.071596067462433 -16.071596067462433 -16.071596067462433 -16.071596067462433 -16.071596067462433 -16.071596067462433 -16.071596067462433 -16.071596067462433 -16.071596067462433 -16.071596067462433 -16.071596067462433 -16.071596067462433 -16.071596067462433
9.572864321608039 -16.06892489922558 -16.06892489922558 -16.06892489922558 -16.06892489922558 -16.06892489922558 -16.06892489922558 -16.06892489922558 -16.06892489922558 -16.06892489922558 -16.06892489922558 -16.06892489922558 -16.06892489922558 -16.06892489922558
9.64824120603015 -16.066253730988723 -16.066253730988723 -16.066253730988723 -16.066253730988723 -16.066253730988723 -16.066253730988723 -16.066253730988723 -16.066253730988723 -16.066253730988723 -16.066253730988723 -16.066253730988723 -16.066253730988723 -16.066253730988723
9.72361809045226 -16.06358256275187 -16.06358256275187 -16.06358256275187 -16.06358256275187 -16.06358256275187 -16.06358256275187 -16.06358256275187 -16.06358256275187 -16.06358256275187 -16.06358256275187 -16.06358256275187 -16.06358256275187 -16.06358256275187
9.798994974874372 -16.060911394515013 -16.060911394515013 -16.060911394515013 -16.060911394515013 -16.060911394515013 -16.060911394515013 -16.060911394515013 -16.060911394515013 -16.060911394515013 -16.060911394515013 -16.060911394515013 -16.060911394515013 -16.060911394515013
9.874371859296481 -16.05824022627816 -16.05824022627816 -16.05824022627816 -16.05824022627816 -16.05824022627816 -16.05824022627816 -16.05824022627816 -16.05824022627816 -16.05824022627816 -16.05824022627816 -16.05824022627816 -16.05824022627816 -16.05824022627816
9.949748743718592 -16.055569058041304 -16.055569058041304 -16.055569058041304 -16.055569058041304 -16.055569058041304 -16.055569058041304 -16.055569058041304 -16.055569058041304 -16.055569058041304 -16.055569058041304 -16.055569058041304 -16.055569058041304 -16.055569058041304
10.025125628140703 -16.05289788980445 -16.05289788980445 -16.05289788980445 -16.05289788980445 -16.05289788980445 -16.05289788980445 -16.05289788980445 -16.05289788980445 -16.05289788980445 -16.05289788980445 -16.05289788980445 -16.05289788980445 -16.05289788980445
10.100502512562812 -16.050226721567594 -16.050226721567594 -16.050226721567594 -16.050226721567594 -16.050226721567594 -16.050226721567594 -16.050226721567594 -16.050226721567594 -16.050226721567594 -16.050226721567594 -16.050226721567594 -16.050226721567594 -16.050226721567594
10.175879396984923 -16.04755555333074 -16.04755555333074 -16.04755555333074 -16.04755555333074 -16.04755555333074 -16.04755555333074 -16.04755555333074 -16.04755555333074 -16.04755555333074 -16.04755555333074 -16.04755555333074 -16.04755555333074 -16.04755555333074
10.251256281407034 -16.044884385093884 -16.044884385093884 -16.044884385093884 -16.044884385093884 -16.044884385093884 -16.044884385093884 -16.044884385093884 -16.044884385093884 -16.044884385093884 -16.044884385093884 -16.044884385093884 -16.044884385093884 -16.044884385093884
10.326633165829145 -16.04221321685703 -16.04221321685703 -16.04221321685703 -16.04221321685703 -16.04221321685703 -16.04221321685703 -16.04221321685703 -16.04221321685703 -16.04221321685703 -16.04221321685703 -16.04221321685703 -16.04221321685703 -16.04221321685703
10.402010050251256 -16.039542048620177 -16.039542048620177 -16.039542048620177 -16.039542048620177 -16.039542048620177 -16.039542048620177 -16.039542048620177 -16.039542048620177 -16.039542048620177 -16.039542048620177 -16.039542048620177 -16.039542048620177 -16.039542048620177
10.477386934673365 -16.036870880383322 -16.036870880383322 -16.036870880383322 -16.036870880383322 -16.036870880383322 -16.036870880383322 -16.036870880383322 -16.036870880383322 -16.036870880383322 -16.036870880383322 -16.036870880383322 -16.036870880383322 -16.036870880383322
10.552763819095476 -16.034199712146467 -16.034199712146467 -16.034199712146467 -16.034199712146467 -16.034199712146467 -16.034199712146467 -16.034199712146467 -16.034199712146467 -16.034199712146467 -16.034199712146467 -16.034199712146467 -16.034199712146467 -16.034199712146467
10.628140703517587 -16.031528543909612 -16.031528543909612 -16.031528543909612 -16.031528543909612 -16.031528543909612 -16.031528543909612 -16.031528543909612 -16.031528543909612 -16.031528543909612 -16.031528543909612 -16.031528543909612 -16.031528543909612 -16.031528543909612
10.703517587939697 -16.028857375672757 -16.028857375672757 -16.028857375672757 -16.028857375672757 -16.028857375672757 -16.028857375672757 -16.028857375672757 -16.028857375672757 -16.028857375672757 -16.028857375672757 -16.028857375672757 -16.028857375672757 -16.028857375672757
10.778894472361808 -16.026186207435902 -16.026186207435902 -16.026186207435902 -16.026186207435902 -16.026186207435902 -16.026186207435902 -16.026186207435902 -16.026186207435902 -16.026186207435902 -16.026186207435902 -16.026186207435902 -16.026186207435902 -16.026186207435902
10.854271356783919 -16.023515039199047 -16.023515039199047 -16.023515039199047 -16.023515039199047 -16.023515039199047 -16.023515039199047 -16.023515039199047 -16.023515039199047 -16.023515039199047 -16.023515039199047 -16.023515039199047 -16.023515039199047 -16.023515039199047
10.92964824120603 -16.020843870962192 -16.020843870962192 -16.020843870962192 -16.020843870962192 -16.020843870962192 -16.020843870962192 -16.020843870962192 -16.020843870962192 -16.020843870962192 -16.020843870962192 -16.020843870962192 -16.020843870962192 -16.020843870962192
11.00502512562814 -16.018172702725337 -16.018172702725337 -16.018172702725337 -16.018172702725337 -16.018172702725337 -16.018172702725337 -16.018172702725337 -16.018172702725337 -16.018172702725337 -16.018172702725337 -16.018172702725337 -16.018172702725337 -16.018172702725337
11.08040201005025 -16.015501534488482 -16.015501534488482 -16.015501534488482 -16.015501534488482 -16.015501534488482 -16.015501534488482 -16.015501534488482 -16.015501534488482 -16.015501534488482 -16.015501534488482 -16.015501534488482 -16.015501534488482 -16.015501534488482
11.15577889447236 -16.012830366251627 -16.012830366251627 -16.012830366251627 -16.012830366251627 -16.012830366251627 -16.012830366251627 -16.012830366251627 -16.012830366251627 -16.012830366251627 -16.012830366251627 -16.012830366251627 -16.012830366251627 -16.012830366251627
11.231155778894472 -16.010159198014772 -16.010159198014772 -16.010159198014772 -16.010159198014772 -16.010159198014772 -16.010159198014772 -16.010159198014772 -16.010159198014772 -16.010159198014772 -16.010159198014772 -16.010159198014772 -16.010159198014772 -16.010159198014772
11.306532663316581 -16.00748802977792 -16.00748802977792 -16.00748802977792 -16.00748802977792 -16.00748802977792 -16.00748802977792 -16.00748802977792 -16.00748802977792 -16.00748802977792 -16.00748802977792 -16.00748802977792 -16.00748802977792 -16.00748802977792
11.381909547738692 -16.004816861541066 -16.004816861541066 -16.004816861541066 -16.004816861541066 -16.004816861541066 -16.004816861541066 -16.004816861541066 -16.004816861541066 -16.004816861541066 -16.004816861541066 -16.004816861541066 -16.004816861541066 -16.004816861541066
11.457286432160803 -16.00214569330421 -16.00214569330421 -16.00214569330421 -16.00214569330421 -16.00214569330421 -16.00214569330421 -16.00214569330421 -16.00214569330421 -16.00214569330421 -16.00214569330421 -16.00214569330421 -16.00214569330421 -16.00214569330421
11.532663316582914 -15.999474525067356 -15.999474525067356 -15.999474525067356 -15.999474525067356 -15.999474525067356 -15.999474525067356 -15.999474525067356 -15.999474525067356 -15.999474525067356 -15.999474525067356 -15.999474525067356 -15.999474525067356 -15.999474525067356
11.608040201005025 -15.996803356830501 -15.996803356830501 -15.996803356830501 -15.996803356830501 -15.996803356830501 -15.996803356830501 -15.996803356830501 -15.996803356830501 -15.996803356830501 -15.996803356830501 -15.996803356830501 -15.996803356830501 -15.996803356830501
11.683417085427134 -15.994132188593646 -15.994132188593646 -15.994132188593646 -15.994132188593646 -15.994132188593646 -15.994132188593646 -15.994132188593646 -15.994132188593646 -15.994132188593646 -15.994132188593646 -15.994132188593646 -15.994132188593646 -15.994132188593646
11.758793969849245 -15.991461020356791 -15.991461020356791 -15.991461020356791 -15.991461020356791 -15.991461020356791 -15.991461020356791 -15.991461020356791 -15.991461020356791 -15.991461020356791 -15.991461020356791 -15.991461020356791 -15.991461020356791 -15.991461020356791
11.834170854271356 -15.988789852119936 -15.988789852119936 -15.988789852119936 -15.988789852119936 -15.988789852119936 -15.988789852119936 -15.988789852119936 -15.988789852119936 -15.988789852119936 -15.988789852119936 -15.988789852119936 -15.988789852119936 -15.988789852119936
11.909547738693465 -15.986118683883081 -15.986118683883081 -15.986118683883081 -15.986118683883081 -15.986118683883081 -15.986118683883081 -15.986118683883081 -15.986118683883081 -15.986118683883081 -15.986118683883081 -15.986118683883081 -15.986118683883081 -15.986118683883081
11.984924623115576 -15.983447515646228 -15.983447515646228 -15.983447515646228 -15.983447515646228 -15.983447515646228 -15.983447515646228 -15.983447515646228 -15.983447515646228 -15.983447515646228 -15.983447515646228 -15.983447515646228 -15.983447515646228 -15.983447515646228
12.060301507537687 -15.980776347409373 -15.980776347409373 -15.980776347409373 -15.980776347409373 -15.980776347409373 -15.980776347409373 -15.980776347409373 -15.980776347409373 -15.980776347409373 -15.980776347409373 -15.980776347409373 -15.980776347409373 -15.980776347409373
12.135678391959798 -15.978105179172518 -15.978105179172518 -15.978105179172518 -15.978105179172518 -15.978105179172518 -15.978105179172518 -15.978105179172518 -15.978105179172518 -15.978105179172518 -15.978105179172518 -15.978105179172518 -15.978105179172518 -15.978105179172518
12.21105527638191 -15.975434010935663 -15.975434010935663 -15.975434010935663 -15.975434010935663 -15.975434010935663 -15.975434010935663 -15.975434010935663 -15.975434010935663 -15.975434010935663 -15.975434010935663 -15.975434010935663 -15.975434010935663 -15.975434010935663
12.286432160804019 -15.972762842698808 -15.972762842698808 -15.972762842698808 -15.972762842698808 -15.972762842698808 -15.972762842698808 -15.972762842698808 -15.972762842698808 -15.972762842698808 -15.972762842698808 -15.972762842698808 -15.972762842698808 -15.972762842698808
12.36180904522613 -15.970091674461953 -15.970091674461953 -15.970091674461953 -15.970091674461953 -15.970091674461953 -15.970091674461953 -15.970091674461953 -15.970091674461953 -15.970091674461953 -15.970091674461953 -15.970091674461953 -15.970091674461953 -15.970091674461953
12.43718592964824 -15.9674205062251 -15.9674205062251 -15.9674205062251 -15.9674205062251 -15.9674205062251 -15.9674205062251 -15.9674205062251 -15.9674205062251 -15.9674205062251 -15.9674205062251 -15.9674205062251 -15.9674205062251 -15.9674205062251
12.51256281407035 -15.964749337988245 -15.964749337988245 -15.964749337988245 -15.964749337988245 -15.964749337988245 -15.964749337988245 -15.964749337988245 -15.964749337988245 -15.964749337988245 -15.964749337988245 -15.964749337988245 -15.964749337988245 -15.964749337988245
12.58793969849246 -15.96207816975139 -15.96207816975139 -15.96207816975139 -15.96207816975139 -15.96207816975139 -15.96207816975139 -15.96207816975139 -15.96207816975139 -15.96207816975139 -15.96207816975139 -15.96207816975139 -15.96207816975139 -15.96207816975139
12.663316582914572 -15.959407001514535 -15.959407001514535 -15.959407001514535 -15.959407001514535 -15.959407001514535 -15.959407001514535 -15.959407001514535 -15.959407001514535 -15.959407001514535 -15.959407001514535 -15.959407001514535 -15.959407001514535 -15.959407001514535
12.738693467336683 -15.95673583327768 -15.95673583327768 -15.95673583327768 -15.95673583327768 -15.95673583327768 -15.95673583327768 -15.95673583327768 -15.95673583327768 -15.95673583327768 -15.95673583327768 -15.95673583327768 -15.95673583327768 -15.95673583327768
12.814070351758794 -15.954064665040825 -15.954064665040825 -15.954064665040825 -15.954064665040825 -15.954064665040825 -15.954064665040825 -15.954064665040825 -15.954064665040825 -15.954064665040825 -15.954064665040825 -15.954064665040825 -15.954064665040825 -15.954064665040825
12.889447236180903 -15.951393496803972 -15.951393496803972 -15.951393496803972 -15.951393496803972 -15.951393496803972 -15.951393496803972 -15.951393496803972 -15.951393496803972 -15.951393496803972 -15.951393496803972 -15.951393496803972 -15.951393496803972 -15.951393496803972
12.964824120603014 -15.948722328567117 -15.948722328567117 -15.948722328567117 -15.948722328567117 -15.948722328567117 -15.948722328567117 -15.948722328567117 -15.948722328567117 -15.948722328567117 -15.948722328567117 -15.948722328567117 -15.948722328567117 -15.948722328567117
13.040201005025125 -15.946051160330262 -15.946051160330262 -15.946051160330262 -15.946051160330262 -15.946051160330262 -15.946051160330262 -15.946051160330262 -15.946051160330262 -15.946051160330262 -15.946051160330262 -15.946051160330262 -15.946051160330262 -15.946051160330262
13.115577889447234 -15.943379992093407 -15.943379992093407 -15.943379992093407 -15.943379992093407 -15.943379992093407 -15.943379992093407 -15.943379992093407 -15.943379992093407 -15.943379992093407 -15.943379992093407 -15.943379992093407 -15.943379992093407 -15.943379992093407
