web/models/linear/49/-16_408_0_041.dat
# %ECSV 1.0
# ---
# datatype:
# - {name: time, datatype: float64}
# - {name: swift_uvot_uvw2, datatype: float64}
# - {name: swift_uvot_uvm2, datatype: float64}
# - {name: swift_uvot_uvw1, datatype: float64}
# - {name: swift_uvot_U, datatype: float64}
# - {name: swift_uvot_B, datatype: float64}
# - {name: swift_uvot_V, datatype: float64}
# - {name: swift_uvot_W, datatype: float64}
# - {name: johnson_U, datatype: float64}
# - {name: johnson_B, datatype: float64}
# - {name: johnson_V, datatype: float64}
# - {name: johnson_R, datatype: float64}
# - {name: johnson_I, datatype: float64}
# - {name: sdss_u, datatype: float64}
# - {name: sdss_g, datatype: float64}
# - {name: sdss_r, datatype: float64}
# - {name: sdss_i, datatype: float64}
# - {name: sdss_z, datatype: float64}
# - {name: PS1_g, datatype: float64}
# - {name: PS1_r, datatype: float64}
# - {name: PS1_i, datatype: float64}
# - {name: PS1_z, datatype: float64}
# - {name: PS1_Y, datatype: float64}
# - {name: PS1_w, datatype: float64}
# - {name: ATLAS_c, datatype: float64}
# - {name: ATLAS_o, datatype: float64}
# - {name: ukirt_J, datatype: float64}
# - {name: ukirt_H, datatype: float64}
# - {name: ukirt_K, datatype: float64}
# - {name: Clear, datatype: float64}
# meta: !!omap
# - comment: [M=-16.408163265306122, dM=0.04138386210422373]
# schema: astropy-2.0
time swift_uvot_uvw2 swift_uvot_uvm2 swift_uvot_uvw1 swift_uvot_U swift_uvot_B swift_uvot_V swift_uvot_W johnson_U johnson_B johnson_V johnson_R johnson_I sdss_u sdss_g sdss_r sdss_i sdss_z PS1_g PS1_r PS1_i PS1_z PS1_Y PS1_w ATLAS_c ATLAS_o ukirt_J ukirt_H ukirt_K Clear
[from data line 28]
2.1105527638190953 -16.320820440764543 -16.320820440764543 -16.320820440764543 -16.320820440764543 -16.320820440764543 -16.320820440764543 -16.320820440764543 -16.320820440764543 -16.320820440764543 -16.320820440764543 -16.320820440764543 -16.320820440764543 -16.320820440764543 -16.320820440764543 -16.320820440764543 -16.320820440764543 -16.320820440764543 -16.320820440764543 -16.320820440764543 -16.320820440764543 -16.320820440764543 -16.320820440764543 -16.320820440764543 -16.320820440764543 -16.320820440764543 -16.320820440764543 -16.320820440764543 -16.320820440764543 -16.320820440764543
2.185929648241206 -16.317701054173774 -16.317701054173774 -16.317701054173774 -16.317701054173774 -16.317701054173774 -16.317701054173774 -16.317701054173774 -16.317701054173774 -16.317701054173774 -16.317701054173774 -16.317701054173774 -16.317701054173774 -16.317701054173774 -16.317701054173774 -16.317701054173774 -16.317701054173774 -16.317701054173774 -16.317701054173774 -16.317701054173774 -16.317701054173774 -16.317701054173774 -16.317701054173774 -16.317701054173774 -16.317701054173774 -16.317701054173774 -16.317701054173774 -16.317701054173774 -16.317701054173774 -16.317701054173774
2.2613065326633164 -16.314581667583003 -16.314581667583003 -16.314581667583003 -16.314581667583003 -16.314581667583003 -16.314581667583003 -16.314581667583003 -16.314581667583003 -16.314581667583003 -16.314581667583003 -16.314581667583003 -16.314581667583003 -16.314581667583003 -16.314581667583003 -16.314581667583003 -16.314581667583003 -16.314581667583003 -16.314581667583003 -16.314581667583003 -16.314581667583003 -16.314581667583003 -16.314581667583003 -16.314581667583003 -16.314581667583003 -16.314581667583003 -16.314581667583003 -16.314581667583003 -16.314581667583003 -16.314581667583003
2.336683417085427 -16.31146228099223 -16.31146228099223 -16.31146228099223 -16.31146228099223 -16.31146228099223 -16.31146228099223 -16.31146228099223 -16.31146228099223 -16.31146228099223 -16.31146228099223 -16.31146228099223 -16.31146228099223 -16.31146228099223 -16.31146228099223 -16.31146228099223 -16.31146228099223 -16.31146228099223 -16.31146228099223 -16.31146228099223 -16.31146228099223 -16.31146228099223 -16.31146228099223 -16.31146228099223 -16.31146228099223 -16.31146228099223 -16.31146228099223 -16.31146228099223 -16.31146228099223 -16.31146228099223
2.4120603015075375 -16.308342894401463 -16.308342894401463 -16.308342894401463 -16.308342894401463 -16.308342894401463 -16.308342894401463 -16.308342894401463 -16.308342894401463 -16.308342894401463 -16.308342894401463 -16.308342894401463 -16.308342894401463 -16.308342894401463 -16.308342894401463 -16.308342894401463 -16.308342894401463 -16.308342894401463 -16.308342894401463 -16.308342894401463 -16.308342894401463 -16.308342894401463 -16.308342894401463 -16.308342894401463 -16.308342894401463 -16.308342894401463 -16.308342894401463 -16.308342894401463 -16.308342894401463 -16.308342894401463
2.487437185929648 -16.30522350781069 -16.30522350781069 -16.30522350781069 -16.30522350781069 -16.30522350781069 -16.30522350781069 -16.30522350781069 -16.30522350781069 -16.30522350781069 -16.30522350781069 -16.30522350781069 -16.30522350781069 -16.30522350781069 -16.30522350781069 -16.30522350781069 -16.30522350781069 -16.30522350781069 -16.30522350781069 -16.30522350781069 -16.30522350781069 -16.30522350781069 -16.30522350781069 -16.30522350781069 -16.30522350781069 -16.30522350781069 -16.30522350781069 -16.30522350781069 -16.30522350781069 -16.30522350781069
2.5628140703517586 -16.30210412121992 -16.30210412121992 -16.30210412121992 -16.30210412121992 -16.30210412121992 -16.30210412121992 -16.30210412121992 -16.30210412121992 -16.30210412121992 -16.30210412121992 -16.30210412121992 -16.30210412121992 -16.30210412121992 -16.30210412121992 -16.30210412121992 -16.30210412121992 -16.30210412121992 -16.30210412121992 -16.30210412121992 -16.30210412121992 -16.30210412121992 -16.30210412121992 -16.30210412121992 -16.30210412121992 -16.30210412121992 -16.30210412121992 -16.30210412121992 -16.30210412121992 -16.30210412121992
2.638190954773869 -16.29898473462915 -16.29898473462915 -16.29898473462915 -16.29898473462915 -16.29898473462915 -16.29898473462915 -16.29898473462915 -16.29898473462915 -16.29898473462915 -16.29898473462915 -16.29898473462915 -16.29898473462915 -16.29898473462915 -16.29898473462915 -16.29898473462915 -16.29898473462915 -16.29898473462915 -16.29898473462915 -16.29898473462915 -16.29898473462915 -16.29898473462915 -16.29898473462915 -16.29898473462915 -16.29898473462915 -16.29898473462915 -16.29898473462915 -16.29898473462915 -16.29898473462915 -16.29898473462915
2.7135678391959797 -16.29586534803838 -16.29586534803838 -16.29586534803838 -16.29586534803838 -16.29586534803838 -16.29586534803838 -16.29586534803838 -16.29586534803838 -16.29586534803838 -16.29586534803838 -16.29586534803838 -16.29586534803838 -16.29586534803838 -16.29586534803838 -16.29586534803838 -16.29586534803838 -16.29586534803838 -16.29586534803838 -16.29586534803838 -16.29586534803838 -16.29586534803838 -16.29586534803838 -16.29586534803838 -16.29586534803838 -16.29586534803838 -16.29586534803838 -16.29586534803838 -16.29586534803838 -16.29586534803838
2.78894472361809 -16.292745961447608 -16.292745961447608 -16.292745961447608 -16.292745961447608 -16.292745961447608 -16.292745961447608 -16.292745961447608 -16.292745961447608 -16.292745961447608 -16.292745961447608 -16.292745961447608 -16.292745961447608 -16.292745961447608 -16.292745961447608 -16.292745961447608 -16.292745961447608 -16.292745961447608 -16.292745961447608 -16.292745961447608 -16.292745961447608 -16.292745961447608 -16.292745961447608 -16.292745961447608 -16.292745961447608 -16.292745961447608 -16.292745961447608 -16.292745961447608 -16.292745961447608 -16.292745961447608
2.8643216080402008 -16.28962657485684 -16.28962657485684 -16.28962657485684 -16.28962657485684 -16.28962657485684 -16.28962657485684 -16.28962657485684 -16.28962657485684 -16.28962657485684 -16.28962657485684 -16.28962657485684 -16.28962657485684 -16.28962657485684 -16.28962657485684 -16.28962657485684 -16.28962657485684 -16.28962657485684 -16.28962657485684 -16.28962657485684 -16.28962657485684 -16.28962657485684 -16.28962657485684 -16.28962657485684 -16.28962657485684 -16.28962657485684 -16.28962657485684 -16.28962657485684 -16.28962657485684 -16.28962657485684
2.9396984924623113 -16.286507188266068 -16.286507188266068 -16.286507188266068 -16.286507188266068 -16.286507188266068 -16.286507188266068 -16.286507188266068 -16.286507188266068 -16.286507188266068 -16.286507188266068 -16.286507188266068 -16.286507188266068 -16.286507188266068 -16.286507188266068 -16.286507188266068 -16.286507188266068 -16.286507188266068 -16.286507188266068 -16.286507188266068 -16.286507188266068 -16.286507188266068 -16.286507188266068 -16.286507188266068 -16.286507188266068 -16.286507188266068 -16.286507188266068 -16.286507188266068 -16.286507188266068 -16.286507188266068
3.015075376884422 -16.283387801675296 -16.283387801675296 -16.283387801675296 -16.283387801675296 -16.283387801675296 -16.283387801675296 -16.283387801675296 -16.283387801675296 -16.283387801675296 -16.283387801675296 -16.283387801675296 -16.283387801675296 -16.283387801675296 -16.283387801675296 -16.283387801675296 -16.283387801675296 -16.283387801675296 -16.283387801675296 -16.283387801675296 -16.283387801675296 -16.283387801675296 -16.283387801675296 -16.283387801675296 -16.283387801675296 -16.283387801675296 -16.283387801675296 -16.283387801675296 -16.283387801675296 -16.283387801675296
3.0904522613065324 -16.280268415084524 -16.280268415084524 -16.280268415084524 -16.280268415084524 -16.280268415084524 -16.280268415084524 -16.280268415084524 -16.280268415084524 -16.280268415084524 -16.280268415084524 -16.280268415084524 -16.280268415084524 -16.280268415084524 -16.280268415084524 -16.280268415084524 -16.280268415084524 -16.280268415084524 -16.280268415084524 -16.280268415084524 -16.280268415084524 -16.280268415084524 -16.280268415084524 -16.280268415084524 -16.280268415084524 -16.280268415084524 -16.280268415084524 -16.280268415084524 -16.280268415084524 -16.280268415084524
3.165829145728643 -16.277149028493756 -16.277149028493756 -16.277149028493756 -16.277149028493756 -16.277149028493756 -16.277149028493756 -16.277149028493756 -16.277149028493756 -16.277149028493756 -16.277149028493756 -16.277149028493756 -16.277149028493756 -16.277149028493756 -16.277149028493756 -16.277149028493756 -16.277149028493756 -16.277149028493756 -16.277149028493756 -16.277149028493756 -16.277149028493756 -16.277149028493756 -16.277149028493756 -16.277149028493756 -16.277149028493756 -16.277149028493756 -16.277149028493756 -16.277149028493756 -16.277149028493756 -16.277149028493756
3.2412060301507535 -16.274029641902985 -16.274029641902985 -16.274029641902985 -16.274029641902985 -16.274029641902985 -16.274029641902985 -16.274029641902985 -16.274029641902985 -16.274029641902985 -16.274029641902985 -16.274029641902985 -16.274029641902985 -16.274029641902985 -16.274029641902985 -16.274029641902985 -16.274029641902985 -16.274029641902985 -16.274029641902985 -16.274029641902985 -16.274029641902985 -16.274029641902985 -16.274029641902985 -16.274029641902985 -16.274029641902985 -16.274029641902985 -16.274029641902985 -16.274029641902985 -16.274029641902985 -16.274029641902985
3.316582914572864 -16.270910255312213 -16.270910255312213 -16.270910255312213 -16.270910255312213 -16.270910255312213 -16.270910255312213 -16.270910255312213 -16.270910255312213 -16.270910255312213 -16.270910255312213 -16.270910255312213 -16.270910255312213 -16.270910255312213 -16.270910255312213 -16.270910255312213 -16.270910255312213 -16.270910255312213 -16.270910255312213 -16.270910255312213 -16.270910255312213 -16.270910255312213 -16.270910255312213 -16.270910255312213 -16.270910255312213 -16.270910255312213 -16.270910255312213 -16.270910255312213 -16.270910255312213 -16.270910255312213
3.3919597989949746 -16.267790868721445 -16.267790868721445 -16.267790868721445 -16.267790868721445 -16.267790868721445 -16.267790868721445 -16.267790868721445 -16.267790868721445 -16.267790868721445 -16.267790868721445 -16.267790868721445 -16.267790868721445 -16.267790868721445 -16.267790868721445 -16.267790868721445 -16.267790868721445 -16.267790868721445 -16.267790868721445 -16.267790868721445 -16.267790868721445 -16.267790868721445 -16.267790868721445 -16.267790868721445 -16.267790868721445 -16.267790868721445 -16.267790868721445 -16.267790868721445 -16.267790868721445 -16.267790868721445
3.467336683417085 -16.264671482130673 -16.264671482130673 -16.264671482130673 -16.264671482130673 -16.264671482130673 -16.264671482130673 -16.264671482130673 -16.264671482130673 -16.264671482130673 -16.264671482130673 -16.264671482130673 -16.264671482130673 -16.264671482130673 -16.264671482130673 -16.264671482130673 -16.264671482130673 -16.264671482130673 -16.264671482130673 -16.264671482130673 -16.264671482130673 -16.264671482130673 -16.264671482130673 -16.264671482130673 -16.264671482130673 -16.264671482130673 -16.264671482130673 -16.264671482130673 -16.264671482130673 -16.264671482130673
3.5427135678391957 -16.2615520955399 -16.2615520955399 -16.2615520955399 -16.2615520955399 -16.2615520955399 -16.2615520955399 -16.2615520955399 -16.2615520955399 -16.2615520955399 -16.2615520955399 -16.2615520955399 -16.2615520955399 -16.2615520955399 -16.2615520955399 -16.2615520955399 -16.2615520955399 -16.2615520955399 -16.2615520955399 -16.2615520955399 -16.2615520955399 -16.2615520955399 -16.2615520955399 -16.2615520955399 -16.2615520955399 -16.2615520955399 -16.2615520955399 -16.2615520955399 -16.2615520955399 -16.2615520955399
3.618090452261306 -16.258432708949133 -16.258432708949133 -16.258432708949133 -16.258432708949133 -16.258432708949133 -16.258432708949133 -16.258432708949133 -16.258432708949133 -16.258432708949133 -16.258432708949133 -16.258432708949133 -16.258432708949133 -16.258432708949133 -16.258432708949133 -16.258432708949133 -16.258432708949133 -16.258432708949133 -16.258432708949133 -16.258432708949133 -16.258432708949133 -16.258432708949133 -16.258432708949133 -16.258432708949133 -16.258432708949133 -16.258432708949133 -16.258432708949133 -16.258432708949133 -16.258432708949133 -16.258432708949133
3.6934673366834168 -16.25531332235836 -16.25531332235836 -16.25531332235836 -16.25531332235836 -16.25531332235836 -16.25531332235836 -16.25531332235836 -16.25531332235836 -16.25531332235836 -16.25531332235836 -16.25531332235836 -16.25531332235836 -16.25531332235836 -16.25531332235836 -16.25531332235836 -16.25531332235836 -16.25531332235836 -16.25531332235836 -16.25531332235836 -16.25531332235836 -16.25531332235836 -16.25531332235836 -16.25531332235836 -16.25531332235836 -16.25531332235836 -16.25531332235836 -16.25531332235836 -16.25531332235836 -16.25531332235836
3.7688442211055273 -16.25219393576759 -16.25219393576759 -16.25219393576759 -16.25219393576759 -16.25219393576759 -16.25219393576759 -16.25219393576759 -16.25219393576759 -16.25219393576759 -16.25219393576759 -16.25219393576759 -16.25219393576759 -16.25219393576759 -16.25219393576759 -16.25219393576759 -16.25219393576759 -16.25219393576759 -16.25219393576759 -16.25219393576759 -16.25219393576759 -16.25219393576759 -16.25219393576759 -16.25219393576759 -16.25219393576759 -16.25219393576759 -16.25219393576759 -16.25219393576759 -16.25219393576759 -16.25219393576759
3.844221105527638 -16.249074549176818 -16.249074549176818 -16.249074549176818 -16.249074549176818 -16.249074549176818 -16.249074549176818 -16.249074549176818 -16.249074549176818 -16.249074549176818 -16.249074549176818 -16.249074549176818 -16.249074549176818 -16.249074549176818 -16.249074549176818 -16.249074549176818 -16.249074549176818 -16.249074549176818 -16.249074549176818 -16.249074549176818 -16.249074549176818 -16.249074549176818 -16.249074549176818 -16.249074549176818 -16.249074549176818 -16.249074549176818 -16.249074549176818 -16.249074549176818 -16.249074549176818 -16.249074549176818
3.9195979899497484 -16.24595516258605 -16.24595516258605 -16.24595516258605 -16.24595516258605 -16.24595516258605 -16.24595516258605 -16.24595516258605 -16.24595516258605 -16.24595516258605 -16.24595516258605 -16.24595516258605 -16.24595516258605 -16.24595516258605 -16.24595516258605 -16.24595516258605 -16.24595516258605 -16.24595516258605 -16.24595516258605 -16.24595516258605 -16.24595516258605 -16.24595516258605 -16.24595516258605 -16.24595516258605 -16.24595516258605 -16.24595516258605 -16.24595516258605 -16.24595516258605 -16.24595516258605 -16.24595516258605
3.994974874371859 -16.242835775995278 -16.242835775995278 -16.242835775995278 -16.242835775995278 -16.242835775995278 -16.242835775995278 -16.242835775995278 -16.242835775995278 -16.242835775995278 -16.242835775995278 -16.242835775995278 -16.242835775995278 -16.242835775995278 -16.242835775995278 -16.242835775995278 -16.242835775995278 -16.242835775995278 -16.242835775995278 -16.242835775995278 -16.242835775995278 -16.242835775995278 -16.242835775995278 -16.242835775995278 -16.242835775995278 -16.242835775995278 -16.242835775995278 -16.242835775995278 -16.242835775995278 -16.242835775995278
