web/models/grb/offaxis/2/grb_0.2967_0.0373_0.0039811.dat
# %ECSV 1.0
# ---
# datatype:
# - {name: time, datatype: float64}
# - {name: swift_uvot_uvw2, datatype: float64}
# - {name: swift_uvot_uvm2, datatype: float64}
# - {name: swift_uvot_uvw1, datatype: float64}
# - {name: swift_uvot_U, datatype: float64}
# - {name: swift_uvot_B, datatype: float64}
# - {name: swift_uvot_V, datatype: float64}
# - {name: swift_uvot_W, datatype: float64}
# - {name: johnson_U, datatype: float64}
# - {name: johnson_B, datatype: float64}
# - {name: johnson_V, datatype: float64}
# - {name: johnson_R, datatype: float64}
# - {name: johnson_I, datatype: float64}
# - {name: sdss_u, datatype: float64}
# - {name: sdss_g, datatype: float64}
# - {name: sdss_r, datatype: float64}
# - {name: sdss_i, datatype: float64}
# - {name: sdss_z, datatype: float64}
# - {name: PS1_g, datatype: float64}
# - {name: PS1_r, datatype: float64}
# - {name: PS1_i, datatype: float64}
# - {name: PS1_z, datatype: float64}
# - {name: PS1_Y, datatype: float64}
# - {name: PS1_w, datatype: float64}
# - {name: ATLAS_c, datatype: float64}
# - {name: ATLAS_o, datatype: float64}
# - {name: ukirt_J, datatype: float64}
# - {name: ukirt_H, datatype: float64}
# - {name: ukirt_K, datatype: float64}
# - {name: Clear, datatype: float64}
# meta: !!omap
# - comment: [E = 1.6176451642579403e-05, Eta0 = 8.02, GammaB = 12.0, dL = 0.012188, epsb = 6.760829753919819e-06, epse = 0.1, n = 0.003981071705534973,
#     p = 2.15, theta_obs = 0.29670597283903605, xiN = 1.0, z = 0.0, type = grb, E_kiso = 0.0372759372031494]
# schema: astropy-2.0
time swift_uvot_uvw2 swift_uvot_uvm2 swift_uvot_uvw1 swift_uvot_U swift_uvot_B swift_uvot_V swift_uvot_W johnson_U johnson_B johnson_V johnson_R johnson_I sdss_u sdss_g sdss_r sdss_i sdss_z PS1_g PS1_r PS1_i PS1_z PS1_Y PS1_w ATLAS_c ATLAS_o ukirt_J ukirt_H ukirt_K Clear
[from data line 181]
0.7477 6.326 6.375 6.3 6.107 5.965 5.826 6.186 6.085 5.962 5.82 5.68 5.531 6.09 5.917 5.745 5.625 5.514 5.853 5.711 5.591 5.492 5.324 5.748 5.843 5.69 5.302 5.133 4.942 5.657
0.7658 6.296 6.345 6.27 6.077 5.935 5.796 6.156 6.055 5.932 5.791 5.65 5.501 6.06 5.887 5.715 5.595 5.484 5.824 5.681 5.561 5.462 5.294 5.718 5.813 5.66 5.272 5.103 4.912 5.627
0.7842 6.266 6.315 6.24 6.047 5.905 5.766 6.127 6.025 5.902 5.761 5.62 5.472 6.03 5.857 5.685 5.565 5.454 5.794 5.651 5.531 5.432 5.264 5.688 5.783 5.63 5.242 5.073 4.883 5.598
0.8032 6.236 6.285 6.21 6.017 5.875 5.736 6.097 5.995 5.873 5.731 5.59 5.442 6.0 5.827 5.656 5.535 5.424 5.764 5.621 5.501 5.402 5.234 5.658 5.753 5.6 5.212 5.043 4.853 5.568
0.8225 6.206 6.255 6.18 5.987 5.845 5.706 6.067 5.965 5.843 5.701 5.56 5.412 5.97 5.797 5.626 5.505 5.394 5.734 5.591 5.471 5.372 5.204 5.628 5.723 5.57 5.182 5.013 4.823 5.538
0.8424 6.176 6.225 6.15 5.957 5.815 5.676 6.037 5.935 5.813 5.671 5.53 5.382 5.94 5.767 5.596 5.475 5.364 5.704 5.561 5.441 5.342 5.174 5.598 5.693 5.54 5.152 4.983 4.793 5.508
0.8627 6.146 6.195 6.12 5.927 5.785 5.646 6.007 5.905 5.783 5.641 5.5 5.352 5.91 5.738 5.566 5.445 5.334 5.674 5.531 5.411 5.312 5.144 5.568 5.663 5.51 5.122 4.953 4.763 5.478
0.8835 6.116 6.165 6.09 5.898 5.755 5.616 5.977 5.875 5.753 5.611 5.47 5.322 5.88 5.708 5.536 5.415 5.304 5.644 5.501 5.381 5.282 5.114 5.538 5.633 5.48 5.092 4.923 4.733 5.448
0.9048 6.086 6.135 6.061 5.868 5.725 5.586 5.947 5.845 5.723 5.581 5.44 5.292 5.85 5.678 5.506 5.385 5.274 5.614 5.471 5.351 5.252 5.084 5.508 5.603 5.45 5.062 4.893 4.703 5.418
0.9266 6.082 6.131 6.057 5.864 5.721 5.582 5.943 5.841 5.719 5.577 5.437 5.288 5.846 5.674 5.502 5.381 5.271 5.61 5.467 5.348 5.249 5.08 5.504 5.599 5.447 5.059 4.889 4.699 5.414
0.949 6.083 6.132 6.057 5.864 5.722 5.583 5.944 5.842 5.719 5.578 5.437 5.288 5.847 5.674 5.502 5.382 5.271 5.611 5.468 5.348 5.249 5.081 5.505 5.6 5.447 5.059 4.89 4.699 5.414
0.9719 6.083 6.133 6.058 5.865 5.722 5.583 5.944 5.842 5.72 5.578 5.438 5.289 5.847 5.675 5.503 5.382 5.272 5.611 5.469 5.349 5.25 5.081 5.505 5.6 5.448 5.06 4.89 4.7 5.415
0.9953 6.084 6.133 6.058 5.865 5.723 5.584 5.945 5.843 5.721 5.579 5.438 5.29 5.848 5.675 5.504 5.383 5.272 5.612 5.469 5.349 5.25 5.082 5.506 5.601 5.448 5.06 4.891 4.701 5.416
1.0194 6.084 6.134 6.059 5.866 5.723 5.584 5.945 5.843 5.721 5.579 5.439 5.29 5.849 5.676 5.504 5.383 5.273 5.612 5.47 5.35 5.251 5.082 5.506 5.602 5.449 5.061 4.891 4.701 5.416
1.0439 6.085 6.134 6.059 5.866 5.724 5.585 5.946 5.844 5.722 5.58 5.439 5.291 5.849 5.676 5.505 5.384 5.273 5.613 5.47 5.35 5.251 5.083 5.507 5.602 5.449 5.061 4.892 4.702 5.417
1.0691 6.085 6.135 6.06 5.867 5.725 5.585 5.946 5.845 5.722 5.58 5.44 5.291 5.85 5.677 5.505 5.384 5.274 5.613 5.471 5.351 5.252 5.084 5.507 5.603 5.45 5.062 4.893 4.702 5.417
1.0949 6.086 6.135 6.06 5.867 5.725 5.586 5.947 5.845 5.723 5.581 5.44 5.292 5.85 5.678 5.506 5.385 5.274 5.614 5.471 5.351 5.252 5.084 5.508 5.603 5.45 5.062 4.893 4.703 5.418
1.1213 6.086 6.136 6.061 5.868 5.726 5.586 5.947 5.846 5.723 5.581 5.441 5.292 5.851 5.678 5.506 5.386 5.275 5.614 5.472 5.352 5.253 5.085 5.509 5.604 5.451 5.063 4.894 4.703 5.418
1.1484 6.087 6.136 6.062 5.869 5.726 5.587 5.948 5.846 5.724 5.582 5.441 5.293 5.851 5.679 5.507 5.386 5.275 5.615 5.472 5.352 5.253 5.085 5.509 5.604 5.451 5.063 4.894 4.704 5.419
1.1761 6.089 6.139 6.064 5.871 5.728 5.589 5.95 5.849 5.726 5.584 5.444 5.295 5.854 5.681 5.509 5.388 5.278 5.617 5.475 5.355 5.256 5.088 5.511 5.607 5.454 5.066 4.896 4.706 5.421
1.2044 6.092 6.141 6.066 5.873 5.731 5.592 5.953 5.851 5.728 5.587 5.446 5.298 5.856 5.683 5.511 5.391 5.28 5.62 5.477 5.357 5.258 5.09 5.514 5.609 5.456 5.068 4.899 4.708 5.423
1.2335 6.094 6.143 6.069 5.876 5.733 5.594 5.955 5.853 5.731 5.589 5.448 5.3 5.858 5.686 5.514 5.393 5.282 5.622 5.479 5.36 5.26 5.092 5.516 5.611 5.458 5.071 4.901 4.711 5.426
1.2633 6.096 6.146 6.071 5.878 5.736 5.596 5.957 5.856 5.733 5.591 5.451 5.302 5.861 5.688 5.516 5.395 5.285 5.624 5.482 5.362 5.263 5.095 5.518 5.614 5.461 5.073 4.904 4.713 5.428
1.2937 6.099 6.148 6.073 5.88 5.738 5.599 5.96 5.858 5.735 5.594 5.453 5.305 5.863 5.69 5.518 5.398 5.287 5.627 5.484 5.364 5.265 5.097 5.521 5.616 5.463 5.075 4.906 4.716 5.431
1.3249 6.101 6.15 6.076 5.883 5.74 5.601 5.962 5.86 5.738 5.596 5.455 5.307 5.865 5.693 5.521 5.4 5.289 5.629 5.486 5.367 5.268 5.099 5.523 5.618 5.466 5.078 4.908 4.718 5.433
1.3569 6.103 6.153 6.078 5.885 5.743 5.603 5.964 5.863 5.74 5.598 5.458 5.309 5.868 5.695 5.523 5.402 5.292 5.631 5.489 5.369 5.27 5.102 5.525 5.621 5.468 5.08 4.911 4.72 5.435
1.3896 6.106 6.155 6.08 5.887 5.745 5.606 5.967 5.865 5.742 5.601 5.46 5.312 5.87 5.697 5.526 5.405 5.294 5.634 5.491 5.371 5.272 5.104 5.528 5.623 5.47 5.082 4.913 4.723 5.438
1.4232 6.108 6.157 6.083 5.89 5.747 5.608 5.969 5.867 5.745 5.603 5.462 5.314 5.872 5.7 5.528 5.407 5.297 5.636 5.493 5.374 5.275 5.106 5.53 5.625 5.473 5.085 4.915 4.725 5.44
1.4575 6.11 6.159 6.084 5.891 5.749 5.61 5.971 5.869 5.747 5.605 5.464 5.316 5.874 5.701 5.53 5.409 5.298 5.638 5.495 5.375 5.276 5.108 5.532 5.627 5.474 5.086 4.917 4.727 5.442
1.4927 6.108 6.158 6.083 5.89 5.747 5.608 5.969 5.867 5.745 5.603 5.463 5.314 5.872 5.7 5.528 5.407 5.297 5.636 5.493 5.374 5.275 5.106 5.53 5.625 5.473 5.085 4.915 4.725 5.44
1.5287 6.106 6.156 6.081 5.888 5.746 5.606 5.967 5.866 5.743 5.601 5.461 5.312 5.871 5.698 5.526 5.405 5.295 5.634 5.492 5.372 5.273 5.105 5.528 5.624 5.471 5.083 4.914 4.723 5.438
1.5655 6.105 6.154 6.079 5.886 5.744 5.605 5.966 5.864 5.741 5.6 5.459 5.311 5.869 5.696 5.524 5.404 5.293 5.633 5.49 5.37 5.271 5.103 5.527 5.622 5.469 5.081 4.912 4.722 5.437
1.6033 6.103 6.152 6.077 5.885 5.742 5.603 5.964 5.862 5.74 5.598 5.457 5.309 5.867 5.695 5.523 5.402 5.291 5.631 5.488 5.368 5.269 5.101 5.525 5.62 5.467 5.079 4.91 4.72 5.435
1.642 6.101 6.151 6.076 5.883 5.74 5.601 5.962 5.86 5.738 5.596 5.456 5.307 5.865 5.693 5.521 5.4 5.29 5.629 5.487 5.367 5.268 5.099 5.523 5.618 5.466 5.078 4.908 4.718 5.433
1.6816 6.099 6.149 6.074 5.881 5.739 5.6 5.96 5.859 5.736 5.594 5.454 5.305 5.864 5.691 5.519 5.399 5.288 5.627 5.485 5.365 5.266 5.098 5.522 5.617 5.464 5.076 4.907 4.716 5.431
1.7222 6.098 6.147 6.072 5.879 5.737 5.598 5.959 5.857 5.735 5.593 5.452 5.304 5.862 5.689 5.518 5.397 5.286 5.626 5.483 5.363 5.264 5.096 5.52 5.615 5.462 5.074 4.905 4.715 5.43
1.7637 6.096 6.145 6.071 5.878 5.735 5.596 5.957 5.855 5.733 5.591 5.45 5.302 5.86 5.688 5.516 5.395 5.285 5.624 5.481 5.362 5.263 5.094 5.518 5.613 5.461 5.073 4.903 4.713 5.428
1.8062 6.094 6.144 6.069 5.876 5.734 5.594 5.955 5.854 5.731 5.589 5.449 5.3 5.859 5.686 5.514 5.393 5.283 5.622 5.48 5.36 5.261 5.093 5.516 5.612 5.459 5.071 4.902 4.711 5.426
1.8498 6.104 6.154 6.079 5.886 5.743 5.604 5.965 5.863 5.741 5.599 5.459 5.31 5.869 5.696 5.524 5.403 5.293 5.632 5.49 5.37 5.271 5.103 5.526 5.622 5.469 5.081 4.911 4.721 5.436
1.8944 6.144 6.193 6.118 5.925 5.783 5.644 6.004 5.903 5.78 5.639 5.498 5.349 5.908 5.735 5.563 5.443 5.332 5.672 5.529 5.409 5.31 5.142 5.566 5.661 5.508 5.12 4.951 4.76 5.475
1.9401 6.183 6.232 6.157 5.965 5.822 5.683 6.044 5.942 5.82 5.678 5.537 5.389 5.947 5.775 5.603 5.482 5.371 5.711 5.568 5.448 5.349 5.181 5.605 5.7 5.547 5.159 4.99 4.8 5.515
1.9869 6.222 6.272 6.197 6.004 5.861 5.722 6.083 5.981 5.859 5.717 5.577 5.428 5.986 5.814 5.642 5.521 5.411 5.75 5.608 5.488 5.389 5.22 5.644 5.74 5.587 5.199 5.029 4.839 5.554
2.0349 6.262 6.311 6.236 6.043 5.901 5.762 6.122 6.021 5.898 5.756 5.616 5.467 6.026 5.853 5.681 5.561 5.45 5.789 5.647 5.527 5.428 5.26 5.684 5.779 5.626 5.238 5.069 4.878 5.593
2.084 6.301 6.35 6.275 6.082 5.94 5.801 6.162 6.06 5.938 5.796 5.655 5.507 6.065 5.893 5.721 5.6 5.489 5.829 5.686 5.566 5.467 5.299 5.723 5.818 5.665 5.277 5.108 4.918 5.633
2.1342 6.34 6.39 6.315 6.122 5.979 5.84 6.201 6.099 5.977 5.835 5.695 5.546 6.104 5.932 5.76 5.639 5.529 5.868 5.726 5.606 5.507 5.338 5.762 5.857 5.705 5.317 5.147 4.957 5.672
2.1857 6.379 6.429 6.354 6.161 6.019 5.88 6.24 6.139 6.016 5.874 5.734 5.585 6.144 5.971 5.799 5.679 5.568 5.907 5.765 5.645 5.546 5.378 5.802 5.897 5.744 5.356 5.187 4.996 5.711
2.2384 6.419 6.468 6.393 6.2 6.058 5.919 6.28 6.178 6.056 5.914 5.773 5.625 6.183 6.011 5.839 5.718 5.607 5.947 5.804 5.684 5.585 5.417 5.841 5.936 5.783 5.395 5.226 5.036 5.751
2.2924 6.458 6.508 6.433 6.24 6.097 5.958 6.319 6.217 6.095 5.953 5.813 5.664 6.222 6.05 5.878 5.757 5.647 5.986 5.844 5.724 5.625 5.456 5.88 5.975 5.823 5.435 5.265 5.075 5.79
2.3477 6.507 6.557 6.482 6.289 6.147 6.008 6.368 6.267 6.144 6.002 5.862 5.713 6.272 6.099 5.927 5.807 5.696 6.035 5.893 5.773 5.674 5.506 5.93 6.025 5.872 5.484 5.315 5.124 5.839
2.4044 6.57 6.62 6.545 6.352 6.209 6.07 6.431 6.329 6.207 6.065 5.925 5.776 6.334 6.162 5.99 5.869 5.759 6.098 5.955 5.836 5.737 5.568 5.992 6.087 5.935 5.547 5.377 5.187 5.902
2.4624 6.633 6.682 6.607 6.414 6.272 6.133 6.494 6.392 6.27 6.128 5.987 5.839 6.397 6.224 6.053 5.932 5.821 6.161 6.018 5.898 5.799 5.631 6.055 6.15 5.997 5.609 5.44 5.25 5.965
2.5218 6.695 6.745 6.67 6.477 6.335 6.196 6.556 6.455 6.332 6.19 6.05 5.901 6.46 6.287 6.115 5.995 5.884 6.223 6.081 5.961 5.862 5.694 6.118 6.213 6.06 5.672 5.503 5.312 6.027
2.5826 6.758 6.808 6.733 6.54 6.397 6.258 6.619 6.517 6.395 6.253 6.113 5.964 6.522 6.35 6.178 6.057 5.947 6.286 6.144 6.024 5.925 5.756 6.18 6.275 6.123 5.735 5.565 5.375 6.09
2.6449 6.821 6.87 6.795 6.602 6.46 6.321 6.682 6.58 6.458 6.316 6.175 6.027 6.585 6.413 6.241 6.12 6.009 6.349 6.206 6.086 5.987 5.819 6.243 6.338 6.185 5.797 5.628 5.438 6.153
2.7087 6.883 6.933 6.858 6.665 6.523 6.384 6.744 6.643 6.52 6.378 6.238 6.089 6.648 6.475 6.303 6.183 6.072 6.411 6.269 6.149 6.05 5.882 6.306 6.401 6.248 5.86 5.691 5.5 6.215
2.7741 6.946 6.996 6.921 6.728 6.585 6.446 6.807 6.705 6.583 6.441 6.301 6.152 6.71 6.538 6.366 6.245 6.135 6.474 6.332 6.212 6.113 5.944 6.368 6.463 6.311 5.923 5.753 5.563 6.278
2.841 7.009 7.058 6.983 6.79 6.648 6.509 6.87 6.768 6.646 6.504 6.363 6.215 6.773 6.601 6.429 6.308 6.197 6.537 6.394 6.274 6.175 6.007 6.431 6.526 6.373 5.985 5.816 5.626 6.341
2.9095 7.072 7.121 7.046 6.853 6.711 6.572 6.932 6.831 6.708 6.566 6.426 6.277 6.836 6.663 6.491 6.371 6.26 6.599 6.457 6.337 6.238 6.07 6.494 6.589 6.436 6.048 5.879 5.688 6.403
2.9797 7.139 7.189 7.114 6.921 6.779 6.639 7.0 6.899 6.776 6.634 6.494 6.345 6.904 6.731 6.559 6.439 6.328 6.667 6.525 6.405 6.306 6.138 6.561 6.657 6.504 6.116 5.947 5.756 6.471
3.0516 7.211 7.261 7.186 6.993 6.85 6.711 7.072 6.97 6.848 6.706 6.566 6.417 6.975 6.803 6.631 6.51 6.4 6.739 6.596 6.477 6.378 6.209 6.633 6.728 6.576 6.188 6.018 5.828 6.543
3.1252 7.283 7.332 7.257 7.064 6.922 6.783 7.144 7.042 6.92 6.778 6.637 6.489 7.047 6.875 6.703 6.582 6.471 6.811 6.668 6.548 6.449 6.281 6.705 6.8 6.647 6.259 6.09 5.9 6.615
3.2006 7.355 7.404 7.329 7.136 6.994 6.855 7.215 7.114 6.991 6.85 6.709 6.56 7.119 6.946 6.774 6.654 6.543 6.882 6.74 6.62 6.521 6.353 6.777 6.872 6.719 6.331 6.162 5.971 6.686
3.2778 7.426 7.476 7.401 7.208 7.066 6.926 7.287 7.186 7.063 6.921 6.781 6.632 7.191 7.018 6.846 6.725 6.615 6.954 6.812 6.692 6.593 6.425 6.848 6.944 6.791 6.403 6.234 6.043 6.758
3.3569 7.498 7.547 7.473 7.28 7.137 6.998 7.359 7.257 7.135 6.993 6.852 6.704 7.262 7.09 6.918 6.797 6.687 7.026 6.883 6.764 6.665 6.496 6.92 7.015 6.863 6.475 6.305 6.115 6.83
3.4378 7.57 7.619 7.544 7.351 7.209 7.07 7.431 7.329 7.207 7.065 6.924 6.776 7.334 7.161 6.99 6.869 6.758 7.098 6.955 6.835 6.736 6.568 6.992 7.087 6.934 6.546 6.377 6.187 6.902
3.5208 7.641 7.691 7.616 7.423 7.281 7.142 7.502 7.401 7.278 7.136 6.996 6.847 7.406 7.233 7.061 6.941 6.83 7.169 7.027 6.907 6.808 6.64 7.064 7.159 7.006 6.618 6.449 6.258 6.973
3.6057 7.713 7.763 7.688 7.495 7.352 7.213 7.574 7.472 7.35 7.208 7.068 6.919 7.477 7.305 7.133 7.012 6.902 7.241 7.099 6.979 6.88 6.711 7.135 7.231 7.078 6.69 6.52 6.33 7.045
3.6927 7.785 7.834 7.76 7.567 7.424 7.285 7.646 7.544 7.422 7.28 7.139 6.991 7.549 7.377 7.205 7.084 6.973 7.313 7.17 7.05 6.951 6.783 7.207 7.302 7.149 6.761 6.592 6.402 7.117
3.7818 7.857 7.907 7.832 7.639 7.496 7.357 7.718 7.616 7.494 7.352 7.212 7.063 7.622 7.449 7.277 7.156 7.046 7.385 7.243 7.123 7.024 6.856 7.279 7.375 7.222 6.834 6.664 6.474 7.189
3.873 7.93 7.979 7.904 7.711 7.569 7.43 7.791 7.689 7.567 7.425 7.284 7.136 7.694 7.521 7.35 7.229 7.118 7.458 7.315 7.195 7.096 6.928 7.352 7.447 7.294 6.906 6.737 6.547 7.262
3.9664 8.002 8.052 7.977 7.784 7.642 7.502 7.863 7.762 7.639 7.497 7.357 7.208 7.767 7.594 7.422 7.301 7.191 7.53 7.388 7.268 7.169 7.001 7.424 7.52 7.367 6.979 6.81 6.619 7.334
4.0621 8.075 8.124 8.049 7.856 7.714 7.575 7.936 7.834 7.712 7.57 7.429 7.281 7.839 7.667 7.495 7.374 7.263 7.603 7.46 7.34 7.241 7.073 7.497 7.592 7.439 7.051 6.882 6.692 7.407
4.1601 8.147 8.197 8.122 7.929 7.787 7.647 8.008 7.907 7.784 7.642 7.502 7.353 7.912 7.739 7.567 7.447 7.336 7.675 7.533 7.413 7.314 7.146 7.569 7.665 7.512 7.124 6.955 6.764 7.479
4.2604 8.22 8.269 8.194 8.002 7.859 7.72 8.081 7.979 7.857 7.715 7.574 7.426 7.984 7.812 7.64 7.519 7.408 7.748 7.605 7.485 7.386 7.218 7.642 7.737 7.584 7.196 7.027 6.837 7.552
4.3632 8.292 8.342 8.267 8.074 7.932 7.793 8.153 8.052 7.929 7.787 7.647 7.498 8.057 7.884 7.712 7.592 7.481 7.82 7.678 7.558 7.459 7.291 7.715 7.81 7.657 7.269 7.1 6.909 7.624
4.4685 8.365 8.414 8.34 8.147 8.004 7.865 8.226 8.124 8.002 7.86 7.719 7.571 8.129 7.957 7.785 7.664 7.553 7.893 7.75 7.631 7.531 7.363 7.787 7.882 7.729 7.342 7.172 6.982 7.697
4.5763 8.437 8.487 8.412 8.219 8.077 7.938 8.298 8.197 8.074 7.932 7.792 7.643 8.202 8.029 7.857 7.737 7.626 7.965 7.823 7.703 7.604 7.436 7.86 7.955 7.802 7.414 7.245 7.054 7.769
4.6867 8.51 8.559 8.485 8.292 8.149 8.01 8.371 8.269 8.147 8.005 7.864 7.716 8.274 8.102 7.93 7.809 7.699 8.038 7.895 7.776 7.677 7.508 7.932 8.027 7.875 7.487 7.317 7.127 7.842
4.7997 8.577 8.626 8.551 8.358 8.216 8.077 8.438 8.336 8.214 8.072 7.931 7.783 8.341 8.168 7.997 7.876 7.765 8.105 7.962 7.842 7.743 7.575 7.999 8.094 7.941 7.553 7.384 7.194 7.909
4.9155 8.642 8.692 8.617 8.424 8.282 8.143 8.503 8.402 8.279 8.137 7.997 7.848 8.407 8.234 8.062 7.942 7.831 8.17 8.028 7.908 7.809 7.641 8.065 8.16 8.007 7.619 7.45 7.259 7.974
5.0341 8.708 8.758 8.683 8.49 8.347 8.208 8.569 8.467 8.345 8.203 8.063 7.914 8.472 8.3 8.128 8.007 7.897 8.236 8.094 7.974 7.875 7.706 8.13 8.225 8.073 7.685 7.515 7.325 8.04
5.1555 8.774 8.823 8.748 8.555 8.413 8.274 8.635 8.533 8.411 8.269 8.128 7.98 8.538 8.366 8.194 8.073 7.962 8.302 8.159 8.039 7.94 7.772 8.196 8.291 8.138 7.75 7.581 7.391 8.106
5.2799 8.84 8.889 8.814 8.621 8.479 8.34 8.7 8.599 8.476 8.335 8.194 8.045 8.604 8.431 8.259 8.139 8.028 8.368 8.225 8.105 8.006 7.838 8.262 8.357 8.204 7.816 7.647 7.456 8.171
5.4072 8.905 8.955 8.88 8.687 8.545 8.405 8.766 8.665 8.542 8.4 8.26 8.111 8.67 8.497 8.325 8.204 8.094 8.433 8.291 8.171 8.072 7.904 8.327 8.423 8.27 7.882 7.713 7.522 8.237
5.5377 8.971 9.02 8.946 8.753 8.61 8.471 8.832 8.73 8.608 8.466 8.325 8.177 8.735 8.563 8.391 8.27 8.16 8.499 8.356 8.237 8.138 7.969 8.393 8.488 8.336 7.948 7.778 7.588 8.303
5.6713 9.037 9.086 9.011 8.818 8.676 8.537 8.898 8.796 8.674 8.532 8.391 8.243 8.801 8.628 8.457 8.336 8.225 8.565 8.422 8.302 8.203 8.035 8.459 8.554 8.401 8.013 7.844 7.654 8.369
5.8081 9.102 9.152 9.077 8.884 8.742 8.603 8.963 8.862 8.739 8.597 8.457 8.308 8.867 8.694 8.522 8.402 8.291 8.63 8.488 8.368 8.269 8.101 8.525 8.62 8.467 8.079 7.91 7.719 8.434
5.9482 9.168 9.218 9.143 8.95 8.807 8.668 9.029 8.927 8.805 8.663 8.523 8.374 8.932 8.76 8.588 8.467 8.357 8.696 8.554 8.434 8.335 8.166 8.59 8.685 8.533 8.145 7.975 7.785 8.5
6.0917 9.224 9.274 9.199 9.006 8.863 8.724 9.085 8.984 8.861 8.719 8.579 8.43 8.989 8.816 8.644 8.523 8.413 8.752 8.61 8.49 8.391 8.223 8.646 8.742 8.589 8.201 8.031 7.841 8.556
