web/models/grb/offaxis/2/grb_0.2967_0.2683_0.0025119.dat
# %ECSV 1.0
# ---
# datatype:
# - {name: time, datatype: float64}
# - {name: swift_uvot_uvw2, datatype: float64}
# - {name: swift_uvot_uvm2, datatype: float64}
# - {name: swift_uvot_uvw1, datatype: float64}
# - {name: swift_uvot_U, datatype: float64}
# - {name: swift_uvot_B, datatype: float64}
# - {name: swift_uvot_V, datatype: float64}
# - {name: swift_uvot_W, datatype: float64}
# - {name: johnson_U, datatype: float64}
# - {name: johnson_B, datatype: float64}
# - {name: johnson_V, datatype: float64}
# - {name: johnson_R, datatype: float64}
# - {name: johnson_I, datatype: float64}
# - {name: sdss_u, datatype: float64}
# - {name: sdss_g, datatype: float64}
# - {name: sdss_r, datatype: float64}
# - {name: sdss_i, datatype: float64}
# - {name: sdss_z, datatype: float64}
# - {name: PS1_g, datatype: float64}
# - {name: PS1_r, datatype: float64}
# - {name: PS1_i, datatype: float64}
# - {name: PS1_z, datatype: float64}
# - {name: PS1_Y, datatype: float64}
# - {name: PS1_w, datatype: float64}
# - {name: ATLAS_c, datatype: float64}
# - {name: ATLAS_o, datatype: float64}
# - {name: ukirt_J, datatype: float64}
# - {name: ukirt_H, datatype: float64}
# - {name: ukirt_K, datatype: float64}
# - {name: Clear, datatype: float64}
# meta: !!omap
# - comment: [E = 0.00011641960487160349, Eta0 = 8.02, GammaB = 12.0, dL = 0.012188, epsb = 6.760829753919819e-06, epse = 0.1, n = 0.0025118864315095794,
#     p = 2.15, theta_obs = 0.29670597283903605, xiN = 1.0, z = 0.0, type = grb, E_kiso = 0.2682695795279726]
# schema: astropy-2.0
time swift_uvot_uvw2 swift_uvot_uvm2 swift_uvot_uvw1 swift_uvot_U swift_uvot_B swift_uvot_V swift_uvot_W johnson_U johnson_B johnson_V johnson_R johnson_I sdss_u sdss_g sdss_r sdss_i sdss_z PS1_g PS1_r PS1_i PS1_z PS1_Y PS1_w ATLAS_c ATLAS_o ukirt_J ukirt_H ukirt_K Clear
0.01 10.273 10.322 10.247 10.054 9.912 9.773 10.134 10.032 9.909 9.768 9.627 9.479 10.037 9.864 9.692 9.572 9.461 9.801 9.658 9.538 9.439 9.271 9.695 9.79 9.637 9.249 9.08 8.889 9.604
0.0102 10.192 10.242 10.167 9.974 9.832 9.692 10.053 9.952 9.829 9.687 9.547 9.398 9.957 9.784 9.612 9.492 9.381 9.72 9.578 9.458 9.359 9.191 9.615 9.71 9.557 9.169 9.0 8.809 9.524
0.0105 10.112 10.162 10.087 9.894 9.751 9.612 9.973 9.871 9.749 9.607 9.467 9.318 9.876 9.704 9.532 9.411 9.301 9.64 9.498 9.378 9.279 9.11 9.534 9.629 9.477 9.089 8.919 8.729 9.444
0.0107 10.032 10.081 10.007 9.814 9.671 9.532 9.893 9.791 9.669 9.527 9.386 9.238 9.796 9.624 9.452 9.331 9.22 9.56 9.417 9.297 9.198 9.03 9.454 9.549 9.396 9.009 8.839 8.649 9.364
0.011 9.952 10.001 9.926 9.733 9.591 9.452 9.813 9.711 9.589 9.447 9.306 9.158 9.716 9.543 9.372 9.251 9.14 9.48 9.337 9.217 9.118 8.95 9.374 9.469 9.316 8.928 8.759 8.569 9.284
0.0113 9.871 9.921 9.846 9.653 9.511 9.372 9.732 9.631 9.508 9.366 9.226 9.077 9.636 9.463 9.291 9.171 9.06 9.399 9.257 9.137 9.038 8.87 9.294 9.389 9.236 8.848 8.679 8.488 9.203
0.0115 9.791 9.841 9.766 9.573 9.43 9.291 9.652 9.551 9.428 9.286 9.146 8.997 9.556 9.383 9.211 9.09 8.98 9.319 9.177 9.057 8.958 8.79 9.213 9.309 9.156 8.768 8.599 8.408 9.123
0.0118 9.728 9.777 9.702 9.509 9.367 9.228 9.589 9.487 9.365 9.223 9.082 8.934 9.492 9.319 9.148 9.027 8.916 9.256 9.113 8.993 8.894 8.726 9.15 9.245 9.092 8.704 8.535 8.345 9.06
0.0121 9.672 9.722 9.647 9.454 9.312 9.172 9.533 9.432 9.309 9.167 9.027 8.878 9.437 9.264 9.092 8.971 8.861 9.2 9.058 8.938 8.839 8.671 9.094 9.19 9.037 8.649 8.48 8.289 9.004
0.0124 9.617 9.666 9.592 9.399 9.256 9.117 9.478 9.376 9.254 9.112 8.971 8.823 9.381 9.209 9.037 8.916 8.805 9.145 9.002 8.883 8.784 8.615 9.039 9.134 8.982 8.594 8.424 8.234 8.949
0.0127 9.562 9.611 9.536 9.343 9.201 9.062 9.423 9.321 9.198 9.057 8.916 8.768 9.326 9.153 8.981 8.861 8.75 9.09 8.947 8.827 8.728 8.56 8.984 9.079 8.926 8.538 8.369 8.179 8.894
0.013 9.506 9.556 9.481 9.288 9.146 9.006 9.367 9.266 9.143 9.001 8.861 8.712 9.271 9.098 8.926 8.805 8.695 9.034 8.892 8.772 8.673 8.505 8.928 9.024 8.871 8.483 8.314 8.123 8.838
0.0133 9.451 9.5 9.426 9.233 9.09 8.951 9.312 9.21 9.088 8.946 8.805 8.657 9.215 9.043 8.871 8.75 8.639 8.979 8.836 8.716 8.617 8.449 8.873 8.968 8.815 8.428 8.258 8.068 8.783
0.0136 9.396 9.445 9.37 9.177 9.035 8.896 9.257 9.155 9.032 8.891 8.75 8.601 9.16 8.987 8.815 8.695 8.584 8.924 8.781 8.661 8.562 8.394 8.818 8.913 8.76 8.372 8.203 8.012 8.727
0.014 9.34 9.39 9.315 9.122 8.979 8.84 9.201 9.1 8.977 8.835 8.695 8.546 9.105 8.932 8.76 8.639 8.529 8.868 8.726 8.606 8.507 8.339 8.762 8.858 8.705 8.317 8.147 7.957 8.672
0.0143 9.285 9.334 9.259 9.067 8.924 8.785 9.146 9.044 8.922 8.78 8.639 8.491 9.049 8.877 8.705 8.584 8.473 8.813 8.67 8.55 8.451 8.283 8.707 8.802 8.649 8.261 8.092 7.902 8.617
0.0146 9.23 9.279 9.204 9.011 8.869 8.73 9.09 8.989 8.866 8.725 8.584 8.435 8.994 8.821 8.649 8.529 8.418 8.758 8.615 8.495 8.396 8.228 8.652 8.747 8.594 8.206 8.037 7.846 8.561
0.015 9.156 9.206 9.131 8.938 8.795 8.656 9.017 8.915 8.793 8.651 8.511 8.362 8.92 8.748 8.576 8.455 8.345 8.684 8.542 8.422 8.323 8.154 8.578 8.674 8.521 8.133 7.963 7.773 8.488
0.0154 9.079 9.128 9.053 8.86 8.718 8.579 8.94 8.838 8.716 8.574 8.433 8.285 8.843 8.67 8.499 8.378 8.267 8.607 8.464 8.344 8.245 8.077 8.501 8.596 8.443 8.055 7.886 7.696 8.411
0.0157 9.001 9.051 8.976 8.783 8.64 8.501 8.862 8.76 8.638 8.496 8.356 8.207 8.765 8.593 8.421 8.3 8.19 8.529 8.387 8.267 8.168 7.999 8.423 8.518 8.366 7.978 7.808 7.618 8.333
0.0161 8.924 8.973 8.898 8.705 8.563 8.424 8.785 8.683 8.56 8.419 8.278 8.13 8.688 8.515 8.343 8.223 8.112 8.452 8.309 8.189 8.09 7.922 8.346 8.441 8.288 7.9 7.731 7.54 8.255
0.0165 8.846 8.896 8.821 8.628 8.485 8.346 8.707 8.605 8.483 8.341 8.201 8.052 8.61 8.438 8.266 8.145 8.035 8.374 8.231 8.112 8.013 7.844 8.268 8.363 8.211 7.823 7.653 7.463 8.178
0.0169 8.769 8.818 8.743 8.55 8.408 8.269 8.629 8.528 8.405 8.263 8.123 7.974 8.533 8.36 8.188 8.068 7.957 8.296 8.154 8.034 7.935 7.767 8.191 8.286 8.133 7.745 7.576 7.385 8.1
0.0173 8.691 8.74 8.666 8.473 8.33 8.191 8.552 8.45 8.328 8.186 8.045 7.897 8.455 8.283 8.111 7.99 7.88 8.219 8.076 7.957 7.858 7.689 8.113 8.208 8.056 7.668 7.498 7.308 8.023
0.0177 8.613 8.663 8.588 8.395 8.253 8.114 8.474 8.373 8.25 8.108 7.968 7.819 8.378 8.205 8.033 7.913 7.802 8.141 7.999 7.879 7.78 7.612 8.036 8.131 7.978 7.59 7.421 7.23 7.945
0.0181 8.536 8.585 8.511 8.318 8.175 8.036 8.397 8.295 8.173 8.031 7.89 7.742 8.3 8.128 7.956 7.835 7.724 8.064 7.921 7.802 7.702 7.534 7.958 8.053 7.9 7.513 7.343 7.153 7.868
0.0186 8.458 8.508 8.433 8.24 8.098 7.959 8.319 8.218 8.095 7.953 7.813 7.664 8.223 8.05 7.878 7.758 7.647 7.986 7.844 7.724 7.625 7.457 7.881 7.976 7.823 7.435 7.266 7.075 7.79
0.019 8.391 8.441 8.366 8.173 8.03 7.891 8.252 8.15 8.028 7.886 7.746 7.597 8.155 7.983 7.811 7.69 7.58 7.919 7.777 7.657 7.558 7.389 7.813 7.908 7.756 7.368 7.198 7.008 7.723
0.0195 8.324 8.374 8.299 8.106 7.964 7.824 8.185 8.084 7.961 7.819 7.679 7.53 8.089 7.916 7.744 7.623 7.513 7.852 7.71 7.59 7.491 7.323 7.746 7.842 7.689 7.301 7.132 6.941 7.656
0.02 8.258 8.307 8.232 8.039 7.897 7.758 8.118 8.017 7.894 7.752 7.612 7.463 8.022 7.849 7.677 7.557 7.446 7.785 7.643 7.523 7.424 7.256 7.68 7.775 7.622 7.234 7.065 6.874 7.589
0.0204 8.191 8.24 8.165 7.972 7.83 7.691 8.052 7.95 7.828 7.686 7.545 7.397 7.955 7.782 7.611 7.49 7.379 7.719 7.576 7.456 7.357 7.189 7.613 7.708 7.555 7.167 6.998 6.808 7.523
0.0209 8.124 8.173 8.099 7.906 7.763 7.624 7.985 7.883 7.761 7.619 7.478 7.33 7.888 7.716 7.544 7.423 7.312 7.652 7.509 7.389 7.29 7.122 7.546 7.641 7.488 7.1 6.931 6.741 7.456
0.0214 8.057 8.107 8.032 7.839 7.696 7.557 7.918 7.816 7.694 7.552 7.412 7.263 7.821 7.649 7.477 7.356 7.246 7.585 7.443 7.323 7.224 7.055 7.479 7.574 7.422 7.034 6.864 6.674 7.389
0.022 7.99 8.04 7.965 7.772 7.63 7.49 7.851 7.75 7.627 7.485 7.345 7.196 7.755 7.582 7.41 7.289 7.179 7.518 7.376 7.256 7.157 6.989 7.412 7.508 7.355 6.967 6.798 6.607 7.322
0.0225 7.924 7.973 7.898 7.705 7.563 7.424 7.784 7.683 7.56 7.418 7.278 7.129 7.688 7.515 7.343 7.223 7.112 7.451 7.309 7.189 7.09 6.922 7.346 7.441 7.288 6.9 6.731 6.54 7.255
0.023 7.857 7.906 7.831 7.638 7.496 7.357 7.718 7.616 7.494 7.352 7.211 7.063 7.621 7.448 7.277 7.156 7.045 7.385 7.242 7.122 7.023 6.855 7.279 7.374 7.221 6.833 6.664 6.474 7.189
0.0236 7.792 7.842 7.767 7.574 7.431 7.292 7.653 7.551 7.429 7.287 7.147 6.998 7.556 7.384 7.212 7.091 6.981 7.32 7.177 7.058 6.959 6.79 7.214 7.309 7.157 6.769 6.599 6.409 7.124
0.0242 7.747 7.797 7.722 7.529 7.387 7.247 7.608 7.507 7.384 7.242 7.102 6.953 7.512 7.339 7.167 7.046 6.936 7.275 7.133 7.013 6.914 6.746 7.169 7.265 7.112 6.724 6.555 6.364 7.079
0.0247 7.702 7.752 7.677 7.484 7.342 7.203 7.563 7.462 7.339 7.197 7.057 6.908 7.467 7.294 7.122 7.002 6.891 7.23 7.088 6.968 6.869 6.701 7.125 7.22 7.067 6.679 6.51 6.319 7.034
0.0253 7.658 7.707 7.632 7.439 7.297 7.158 7.519 7.417 7.295 7.153 7.012 6.864 7.422 7.249 7.078 6.957 6.846 7.186 7.043 6.923 6.824 6.656 7.08 7.175 7.022 6.634 6.465 6.275 6.99
0.0259 7.613 7.662 7.587 7.395 7.252 7.113 7.474 7.372 7.25 7.108 6.967 6.819 7.377 7.205 7.033 6.912 6.801 7.141 6.998 6.878 6.779 6.611 7.035 7.13 6.977 6.589 6.42 6.23 6.945
0.0266 7.568 7.618 7.543 7.35 7.207 7.068 7.429 7.327 7.205 7.063 6.923 6.774 7.332 7.16 6.988 6.867 6.757 7.096 6.953 6.834 6.735 6.566 6.99 7.085 6.933 6.545 6.375 6.185 6.9
0.0272 7.523 7.573 7.498 7.305 7.163 7.023 7.384 7.283 7.16 7.018 6.878 6.729 7.288 7.115 6.943 6.822 6.712 7.051 6.909 6.789 6.69 6.522 6.945 7.041 6.888 6.5 6.331 6.14 6.855
0.0279 7.478 7.528 7.453 7.26 7.118 6.979 7.339 7.238 7.115 6.973 6.833 6.684 7.243 7.07 6.898 6.778 6.667 7.006 6.864 6.744 6.645 6.477 6.901 6.996 6.843 6.455 6.286 6.095 6.81
0.0285 7.434 7.483 7.408 7.215 7.073 6.934 7.295 7.193 7.071 6.929 6.788 6.64 7.198 7.025 6.854 6.733 6.622 6.962 6.819 6.699 6.6 6.432 6.856 6.951 6.798 6.41 6.241 6.051 6.766
0.0292 7.389 7.438 7.364 7.171 7.028 6.889 7.25 7.148 7.026 6.884 6.743 6.595 7.153 6.981 6.809 6.688 6.577 6.917 6.774 6.654 6.555 6.387 6.811 6.906 6.753 6.365 6.196 6.006 6.721
0.0299 7.346 7.395 7.32 7.127 6.985 6.846 7.207 7.105 6.983 6.841 6.7 6.552 7.11 6.938 6.766 6.645 6.534 6.874 6.731 6.611 6.512 6.344 6.768 6.863 6.71 6.322 6.153 5.963 6.678
0.0307 7.308 7.358 7.283 7.09 6.948 6.808 7.169 7.068 6.945 6.803 6.663 6.514 7.073 6.9 6.728 6.607 6.497 6.836 6.694 6.574 6.475 6.307 6.73 6.826 6.673 6.285 6.116 5.925 6.64
0.0314 7.271 7.32 7.245 7.052 6.91 6.771 7.132 7.03 6.908 6.766 6.625 6.477 7.035 6.862 6.691 6.57 6.459 6.799 6.656 6.536 6.437 6.269 6.693 6.788 6.635 6.247 6.078 5.888 6.603
0.0322 7.233 7.283 7.208 7.015 6.872 6.733 7.094 6.992 6.87 6.728 6.588 6.439 6.997 6.825 6.653 6.532 6.422 6.761 6.619 6.499 6.4 6.231 6.655 6.751 6.598 6.21 6.04 5.85 6.565
0.0329 7.196 7.245 7.17 6.977 6.835 6.696 7.057 6.955 6.832 6.691 6.55 6.402 6.96 6.787 6.616 6.495 6.384 6.724 6.581 6.461 6.362 6.194 6.618 6.713 6.56 6.172 6.003 5.813 6.528
0.0337 7.158 7.208 7.133 6.94 6.797 6.658 7.019 6.917 6.795 6.653 6.513 6.364 6.922 6.75 6.578 6.457 6.347 6.686 6.543 6.424 6.325 6.156 6.58 6.675 6.523 6.135 5.965 5.775 6.49
0.0345 7.121 7.17 7.095 6.902 6.76 6.621 6.981 6.88 6.757 6.616 6.475 6.326 6.885 6.712 6.54 6.42 6.309 6.648 6.506 6.386 6.287 6.119 6.543 6.638 6.485 6.097 5.928 5.737 6.452
0.0354 7.083 7.132 7.058 6.865 6.722 6.583 6.944 6.842 6.72 6.578 6.437 6.289 6.847 6.675 6.503 6.382 6.272 6.611 6.468 6.349 6.25 6.081 6.505 6.6 6.448 6.06 5.89 5.7 6.415
0.0362 7.045 7.095 7.02 6.827 6.685 6.546 6.906 6.805 6.682 6.54 6.4 6.251 6.81 6.637 6.465 6.345 6.234 6.573 6.431 6.311 6.212 6.044 6.468 6.563 6.41 6.022 5.853 5.662 6.377
0.0371 7.008 7.057 6.982 6.79 6.647 6.508 6.869 6.767 6.645 6.503 6.362 6.214 6.772 6.6 6.428 6.307 6.196 6.536 6.393 6.273 6.174 6.006 6.43 6.525 6.372 5.984 5.815 5.625 6.34
0.038 6.975 7.024 6.949 6.756 6.614 6.475 6.836 6.734 6.612 6.47 6.329 6.181 6.739 6.566 6.395 6.274 6.163 6.503 6.36 6.24 6.141 5.973 6.397 6.492 6.339 5.951 5.782 5.592 6.307
0.0389 6.949 6.998 6.923 6.73 6.588 6.449 6.81 6.708 6.585 6.444 6.303 6.155 6.713 6.54 6.368 6.248 6.137 6.477 6.334 6.214 6.115 5.947 6.371 6.466 6.313 5.925 5.756 5.566 6.281
0.0398 6.923 6.972 6.897 6.704 6.562 6.423 6.783 6.682 6.559 6.417 6.277 6.128 6.687 6.514 6.342 6.222 6.111 6.45 6.308 6.188 6.089 5.921 6.345 6.44 6.287 5.899 5.73 5.539 6.254
0.0408 6.896 6.946 6.871 6.678 6.536 6.397 6.757 6.656 6.533 6.391 6.251 6.102 6.661 6.488 6.316 6.196 6.085 6.424 6.282 6.162 6.063 5.895 6.319 6.414 6.261 5.873 5.704 5.513 6.228
0.0418 6.87 6.92 6.845 6.652 6.51 6.37 6.731 6.63 6.507 6.365 6.225 6.076 6.635 6.462 6.29 6.169 6.059 6.398 6.256 6.136 6.037 5.869 6.292 6.388 6.235 5.847 5.678 5.487 6.202
0.0428 6.844 6.894 6.819 6.626 6.483 6.344 6.705 6.603 6.481 6.339 6.199 6.05 6.609 6.436 6.264 6.143 6.033 6.372 6.23 6.11 6.011 5.842 6.266 6.362 6.209 5.821 5.651 5.461 6.176
0.0438 6.818 6.868 6.793 6.6 6.457 6.318 6.679 6.577 6.455 6.313 6.173 6.024 6.582 6.41 6.238 6.117 6.007 6.346 6.204 6.084 5.985 5.816 6.24 6.335 6.183 5.795 5.625 5.435 6.15
0.0449 6.792 6.841 6.767 6.574 6.431 6.292 6.653 6.551 6.429 6.287 6.147 5.998 6.556 6.384 6.212 6.091 5.981 6.32 6.177 6.058 5.959 5.79 6.214 6.309 6.157 5.769 5.599 5.409 6.124
0.046 6.766 6.815 6.741 6.548 6.405 6.266 6.627 6.525 6.403 6.261 6.12 5.972 6.53 6.358 6.186 6.065 5.954 6.294 6.151 6.031 5.932 5.764 6.188 6.283 6.13 5.742 5.573 5.383 6.098
0.0471 6.74 6.789 6.714 6.521 6.379 6.24 6.601 6.499 6.377 6.235 6.094 5.946 6.504 6.332 6.16 6.039 5.928 6.268 6.125 6.005 5.906 5.738 6.162 6.257 6.104 5.716 5.547 5.357 6.072
0.0482 6.714 6.764 6.689 6.496 6.353 6.214 6.575 6.474 6.351 6.209 6.069 5.92 6.479 6.306 6.134 6.013 5.903 6.242 6.1 5.98 5.881 5.713 6.136 6.232 6.079 5.691 5.521 5.331 6.046
0.0494 6.689 6.739 6.664 6.471 6.328 6.189 6.55 6.448 6.326 6.184 6.044 5.895 6.453 6.281 6.109 5.988 5.878 6.217 6.075 5.955 5.856 5.687 6.111 6.206 6.054 5.666 5.496 5.306 6.021
0.0506 6.664 6.714 6.639 6.446 6.303 6.164 6.525 6.423 6.301 6.159 6.019 5.87 6.428 6.256 6.084 5.963 5.853 6.192 6.049 5.93 5.831 5.662 6.086 6.181 6.029 5.641 5.471 5.281 5.996
0.0518 6.639 6.688 6.614 6.421 6.278 6.139 6.5 6.398 6.276 6.134 5.993 5.845 6.403 6.231 6.059 5.938 5.828 6.167 6.024 5.905 5.806 5.637 6.061 6.156 6.004 5.616 5.446 5.256 5.971
0.053 6.614 6.663 6.589 6.396 6.253 6.114 6.475 6.373 6.251 6.109 5.968 5.82 6.378 6.206 6.034 5.913 5.802 6.142 5.999 5.879 5.78 5.612 6.036 6.131 5.978 5.59 5.421 5.231 5.946
0.0543 6.589 6.638 6.563 6.37 6.228 6.089 6.45 6.348 6.226 6.084 5.943 5.795 6.353 6.181 6.009 5.888 5.777 6.117 5.974 5.854 5.755 5.587 6.011 6.106 5.953 5.565 5.396 5.206 5.921
0.0556 6.564 6.613 6.538 6.345 6.203 6.064 6.425 6.323 6.201 6.059 5.918 5.77 6.328 6.155 5.984 5.863 5.752 6.092 5.949 5.829 5.73 5.562 5.986 6.081 5.928 5.54 5.371 5.181 5.896
0.057 6.539 6.588 6.513 6.32 6.178 6.039 6.4 6.298 6.176 6.034 5.893 5.745 6.303 6.13 5.959 5.838 5.727 6.067 5.924 5.804 5.705 5.537 5.961 6.056 5.903 5.515 5.346 5.156 5.871
0.0584 6.514 6.563 6.488 6.295 6.153 6.014 6.375 6.273 6.15 6.009 5.868 5.72 6.278 6.105 5.933 5.813 5.702 6.042 5.899 5.779 5.68 5.512 5.936 6.031 5.878 5.49 5.321 5.13 5.845
0.0598 6.489 6.538 6.463 6.27 6.128 5.989 6.349 6.248 6.125 5.983 5.843 5.694 6.253 6.08 5.908 5.788 5.677 6.016 5.874 5.754 5.655 5.487 5.911 6.006 5.853 5.465 5.296 5.105 5.82
0.0612 6.464 6.513 6.438 6.245 6.103 5.964 6.324 6.223 6.1 5.959 5.818 5.669 6.228 6.055 5.883 5.763 5.652 5.992 5.849 5.729 5.63 5.462 5.886 5.981 5.828 5.44 5.271 5.08 5.795
0.0627 6.439 6.488 6.413 6.22 6.078 5.939 6.3 6.198 6.075 5.934 5.793 5.645 6.203 6.03 5.858 5.738 5.627 5.967 5.824 5.704 5.605 5.437 5.861 5.956 5.803 5.415 5.246 5.056 5.771
0.0642 6.414 6.463 6.388 6.195 6.053 5.914 6.275 6.173 6.051 5.909 5.768 5.62 6.178 6.005 5.834 5.713 5.602 5.942 5.799 5.679 5.58 5.412 5.836 5.931 5.778 5.39 5.221 5.031 5.746
0.0657 6.389 6.438 6.363 6.17 6.028 5.889 6.25 6.148 6.026 5.884 5.743 5.595 6.153 5.981 5.809 5.688 5.577 5.917 5.774 5.654 5.555 5.387 5.811 5.906 5.753 5.365 5.196 5.006 5.721
0.0673 6.364 6.413 6.338 6.146 6.003 5.864 6.225 6.123 6.001 5.859 5.718 5.57 6.128 5.956 5.784 5.663 5.552 5.892 5.749 5.629 5.53 5.362 5.786 5.881 5.728 5.34 5.171 4.981 5.696
0.0689 6.339 6.388 6.314 6.121 5.978 5.839 6.2 6.098 5.976 5.834 5.693 5.545 6.103 5.931 5.759 5.638 5.528 5.867 5.724 5.605 5.506 5.337 5.761 5.856 5.704 5.316 5.146 4.956 5.671
0.0706 6.314 6.364 6.289 6.096 5.953 5.814 6.175 6.073 5.951 5.809 5.669 5.52 6.078 5.906 5.734 5.613 5.503 5.842 5.699 5.58 5.481 5.312 5.736 5.831 5.679 5.291 5.121 4.931 5.646
0.0723 6.289 6.339 6.264 6.071 5.928 5.789 6.15 6.048 5.926 5.784 5.644 5.495 6.053 5.881 5.709 5.588 5.478 5.817 5.675 5.555 5.456 5.287 5.711 5.806 5.654 5.266 5.096 4.906 5.621
0.0741 6.264 6.314 6.239 6.046 5.903 5.764 6.125 6.023 5.901 5.759 5.619 5.47 6.029 5.856 5.684 5.563 5.453 5.792 5.65 5.53 5.431 5.263 5.686 5.782 5.629 5.241 5.071 4.881 5.596
0.0758 6.239 6.289 6.214 6.021 5.879 5.739 6.1 5.999 5.876 5.734 5.594 5.445 6.004 5.831 5.659 5.538 5.428 5.767 5.625 5.505 5.406 5.238 5.661 5.757 5.604 5.216 5.047 4.856 5.571
0.0777 6.218 6.268 6.193 6.0 5.857 5.718 6.079 5.977 5.855 5.713 5.573 5.424 5.982 5.81 5.638 5.517 5.407 5.746 5.604 5.484 5.385 5.216 5.64 5.736 5.583 5.195 5.025 4.835 5.55
0.0795 6.198 6.247 6.173 5.98 5.837 5.698 6.059 5.957 5.835 5.693 5.552 5.404 5.962 5.79 5.618 5.497 5.386 5.726 5.583 5.463 5.364 5.196 5.62 5.715 5.562 5.174 5.005 4.815 5.53
0.0815 6.178 6.227 6.152 5.959 5.817 5.678 6.039 5.937 5.814 5.673 5.532 5.384 5.942 5.769 5.598 5.477 5.366 5.706 5.563 5.443 5.344 5.176 5.6 5.695 5.542 5.154 4.985 4.795 5.51
0.0834 6.157 6.207 6.132 5.939 5.797 5.658 6.018 5.917 5.794 5.652 5.512 5.363 5.922 5.749 5.577 5.457 5.346 5.685 5.543 5.423 5.324 5.156 5.58 5.675 5.522 5.134 4.965 4.774 5.489
