web/models/grb/offaxis/2/grb_0.2967_13.8950_6.3095734.dat
# %ECSV 1.0
# ---
# datatype:
# - {name: time, datatype: float64}
# - {name: swift_uvot_uvw2, datatype: float64}
# - {name: swift_uvot_uvm2, datatype: float64}
# - {name: swift_uvot_uvw1, datatype: float64}
# - {name: swift_uvot_U, datatype: float64}
# - {name: swift_uvot_B, datatype: float64}
# - {name: swift_uvot_V, datatype: float64}
# - {name: swift_uvot_W, datatype: float64}
# - {name: johnson_U, datatype: float64}
# - {name: johnson_B, datatype: float64}
# - {name: johnson_V, datatype: float64}
# - {name: johnson_R, datatype: float64}
# - {name: johnson_I, datatype: float64}
# - {name: sdss_u, datatype: float64}
# - {name: sdss_g, datatype: float64}
# - {name: sdss_r, datatype: float64}
# - {name: sdss_i, datatype: float64}
# - {name: sdss_z, datatype: float64}
# - {name: PS1_g, datatype: float64}
# - {name: PS1_r, datatype: float64}
# - {name: PS1_i, datatype: float64}
# - {name: PS1_z, datatype: float64}
# - {name: PS1_Y, datatype: float64}
# - {name: PS1_w, datatype: float64}
# - {name: ATLAS_c, datatype: float64}
# - {name: ATLAS_o, datatype: float64}
# - {name: ukirt_J, datatype: float64}
# - {name: ukirt_H, datatype: float64}
# - {name: ukirt_K, datatype: float64}
# - {name: Clear, datatype: float64}
# meta: !!omap
# - comment: [E = 0.006029923955985727, Eta0 = 8.02, GammaB = 12.0, dL = 0.012188, epsb = 6.760829753919819e-06, epse = 0.1, n = 6.30957344480193,
#     p = 2.15, theta_obs = 0.29670597283903605, xiN = 1.0, z = 0.0, type = grb, E_kiso = 13.894954943731374]
# schema: astropy-2.0
time swift_uvot_uvw2 swift_uvot_uvm2 swift_uvot_uvw1 swift_uvot_U swift_uvot_B swift_uvot_V swift_uvot_W johnson_U johnson_B johnson_V johnson_R johnson_I sdss_u sdss_g sdss_r sdss_i sdss_z PS1_g PS1_r PS1_i PS1_z PS1_Y PS1_w ATLAS_c ATLAS_o ukirt_J ukirt_H ukirt_K Clear
[from data line 472]
769.5381 34.102 34.151 34.076 33.883 33.741 33.602 33.963 33.861 33.739 33.597 33.456 33.308 33.866 33.694 33.522 33.401 33.29 33.63 33.487 33.367 33.268 33.1 33.524 33.619 33.466 33.078 32.909 32.719 33.434
788.1018 34.415 34.465 34.39 34.197 34.055 33.915 34.276 34.175 34.052 33.91 33.77 33.621 34.18 34.007 33.835 33.715 33.604 33.943 33.801 33.681 33.582 33.414 33.838 33.933 33.78 33.392 33.223 33.032 33.747
807.1133 34.729 34.778 34.704 34.511 34.368 34.229 34.59 34.488 34.366 34.224 34.083 33.935 34.493 34.321 34.149 34.028 33.917 34.257 34.114 33.995 33.895 33.727 34.151 34.246 34.093 33.706 33.536 33.346 34.061
826.5834 35.043 35.092 35.017 34.824 34.682 34.543 34.903 34.802 34.679 34.537 34.397 34.248 34.807 34.634 34.462 34.342 34.231 34.57 34.428 34.308 34.209 34.041 34.465 34.56 34.407 34.019 33.85 33.659 34.374
846.5232 35.356 35.406 35.331 35.138 34.995 34.856 35.217 35.115 34.993 34.851 34.711 34.562 35.12 34.948 34.776 34.655 34.545 34.884 34.741 34.622 34.523 34.354 34.778 34.873 34.721 34.333 34.163 33.973 34.688
866.944 35.67 35.719 35.644 35.451 35.309 35.17 35.531 35.429 35.306 35.165 35.024 34.876 35.434 35.261 35.09 34.969 34.858 35.198 35.055 34.935 34.836 34.668 35.092 35.187 35.034 34.646 34.477 34.287 35.002
887.8575 35.983 36.033 35.958 35.765 35.622 35.483 35.844 35.742 35.62 35.478 35.338 35.189 35.748 35.575 35.403 35.282 35.172 35.511 35.369 35.249 35.15 34.981 35.405 35.501 35.348 34.96 34.79 34.6 35.315
909.2754 36.297 36.346 36.271 36.078 35.936 35.797 36.158 36.056 35.934 35.792 35.651 35.503 36.061 35.888 35.717 35.596 35.485 35.825 35.682 35.562 35.463 35.295 35.719 35.814 35.661 35.273 35.104 34.914 35.629
931.21 36.61 36.66 36.585 36.392 36.25 36.11 36.471 36.37 36.247 36.105 35.965 35.816 36.375 36.202 36.03 35.91 35.799 36.138 35.996 35.876 35.777 35.609 36.032 36.128 35.975 35.587 35.418 35.227 35.942
953.6737 36.924 36.973 36.899 36.706 36.563 36.424 36.785 36.683 36.561 36.419 36.278 36.13 36.688 36.516 36.344 36.223 36.112 36.452 36.309 36.189 36.09 35.922 36.346 36.441 36.288 35.9 35.731 35.541 36.256
976.6793 37.237 37.287 37.212 37.019 36.877 36.738 37.098 36.997 36.874 36.732 36.592 36.443 37.002 36.829 36.657 36.537 36.426 36.765 36.623 36.503 36.404 36.236 36.66 36.755 36.602 36.214 36.045 35.854 36.569
1000.2399 37.551 37.601 37.526 37.333 37.19 37.051 37.412 37.31 37.188 37.046 36.906 36.757 37.315 37.143 36.971 36.85 36.74 37.079 36.936 36.817 36.718 36.549 36.973 37.068 36.916 36.528 36.358 36.168 36.883
1024.3688 37.865 37.914 37.839 37.646 37.504 37.365 37.726 37.624 37.501 37.36 37.219 37.071 37.629 37.456 37.284 37.164 37.053 37.393 37.25 37.13 37.031 36.863 37.287 37.382 37.229 36.841 36.672 36.482 37.197
1049.0798 38.178 38.228 38.153 37.96 37.817 37.678 38.039 37.937 37.815 37.673 37.533 37.384 37.942 37.77 37.598 37.477 37.367 37.706 37.564 37.444 37.345 37.176 37.6 37.696 37.543 37.155 36.985 36.795 37.51
1074.3869 38.492 38.541 38.466 38.273 38.131 37.992 38.353 38.251 38.129 37.987 37.846 37.698 38.256 38.083 37.912 37.791 37.68 38.02 37.877 37.757 37.658 37.49 37.914 38.009 37.856 37.468 37.299 37.109 37.824
1100.3045 38.805 38.855 38.78 38.587 38.445 38.305 38.666 38.565 38.442 38.3 38.16 38.011 38.57 38.397 38.225 38.104 37.994 38.333 38.191 38.071 37.972 37.804 38.227 38.323 38.17 37.782 37.613 37.422 38.137
1126.8473 39.119 39.168 39.093 38.901 38.758 38.619 38.98 38.878 38.756 38.614 38.473 38.325 38.883 38.711 38.539 38.418 38.307 38.647 38.504 38.384 38.285 38.117 38.541 38.636 38.483 38.095 37.926 37.736 38.451
1154.0304 39.432 39.482 39.407 39.214 39.072 38.933 39.293 39.192 39.069 38.927 38.787 38.638 39.197 39.024 38.852 38.732 38.621 38.96 38.818 38.698 38.599 38.431 38.855 38.95 38.797 38.409 38.24 38.049 38.764
1181.8693 39.746 39.795 39.721 39.528 39.385 39.246 39.607 39.505 39.383 39.241 39.101 38.952 39.51 39.338 39.166 39.045 38.935 39.274 39.131 39.012 38.913 38.744 39.168 39.263 39.111 38.723 38.553 38.363 39.078
1210.3797 40.06 40.109 40.034 39.841 39.699 39.56 39.921 39.819 39.696 39.555 39.414 39.266 39.824 39.651 39.479 39.359 39.248 39.588 39.445 39.325 39.226 39.058 39.482 39.577 39.424 39.036 38.867 38.676 39.391
1239.5778 40.373 40.423 40.348 40.155 40.012 39.873 40.234 40.132 40.01 39.868 39.728 39.579 40.137 39.965 39.793 39.672 39.562 39.901 39.759 39.639 39.54 39.371 39.795 39.89 39.738 39.35 39.18 38.99 39.705
1269.4803 40.687 40.736 40.661 40.468 40.326 40.187 40.548 40.446 40.324 40.182 40.041 39.893 40.451 40.278 40.107 39.986 39.875 40.215 40.072 39.952 39.853 39.685 40.109 40.204 40.051 39.663 39.494 39.304 40.019
1300.1042 41.0 41.05 40.975 40.782 40.64 40.5 40.861 40.76 40.637 40.495 40.355 40.206 40.765 40.592 40.42 40.299 40.189 40.528 40.386 40.266 40.167 39.999 40.422 40.518 40.365 39.977 39.808 39.617 40.332
1331.4668 41.314 41.363 41.288 41.096 40.953 40.814 41.175 41.073 40.951 40.809 40.668 40.52 41.078 40.906 40.734 40.613 40.502 40.842 40.699 40.579 40.48 40.312 40.736 40.831 40.678 40.29 40.121 39.931 40.646
1363.586 41.627 41.677 41.602 41.409 41.267 41.128 41.488 41.387 41.264 41.122 40.982 40.833 41.392 41.219 41.047 40.927 40.816 41.155 41.013 40.893 40.794 40.626 41.05 41.145 40.992 40.604 40.435 40.244 40.959
1396.48 41.941 41.99 41.916 41.723 41.58 41.441 41.802 41.7 41.578 41.436 41.295 41.147 41.705 41.533 41.361 41.24 41.13 41.469 41.326 41.207 41.108 40.939 41.363 41.458 41.306 40.918 40.748 40.558 41.273
1430.1675 42.255 42.304 42.229 42.036 41.894 41.755 42.115 42.014 41.891 41.75 41.609 41.46 42.019 41.846 41.674 41.554 41.443 41.783 41.64 41.52 41.421 41.253 41.677 41.772 41.619 41.231 41.062 40.871 41.586
1464.6676 42.568 42.618 42.543 42.35 42.207 42.068 42.429 42.327 42.205 42.063 41.923 41.774 42.332 42.16 41.988 41.867 41.757 42.096 41.954 41.834 41.735 41.566 41.99 42.085 41.933 41.545 41.375 41.185 41.9
1500.0 42.882 42.931 42.856 42.663 42.521 42.382 42.743 42.641 42.519 42.377 42.236 42.088 42.646 42.473 42.302 42.181 42.07 42.41 42.267 42.147 42.048 41.88 42.304 42.399 42.246 41.858 41.689 41.499 42.214
