web/models/grb/offaxis/2/grb_0.2967_0.0100_0.3981072.dat
# %ECSV 1.0
# ---
# datatype:
# - {name: time, datatype: float64}
# - {name: swift_uvot_uvw2, datatype: float64}
# - {name: swift_uvot_uvm2, datatype: float64}
# - {name: swift_uvot_uvw1, datatype: float64}
# - {name: swift_uvot_U, datatype: float64}
# - {name: swift_uvot_B, datatype: float64}
# - {name: swift_uvot_V, datatype: float64}
# - {name: swift_uvot_W, datatype: float64}
# - {name: johnson_U, datatype: float64}
# - {name: johnson_B, datatype: float64}
# - {name: johnson_V, datatype: float64}
# - {name: johnson_R, datatype: float64}
# - {name: johnson_I, datatype: float64}
# - {name: sdss_u, datatype: float64}
# - {name: sdss_g, datatype: float64}
# - {name: sdss_r, datatype: float64}
# - {name: sdss_i, datatype: float64}
# - {name: sdss_z, datatype: float64}
# - {name: PS1_g, datatype: float64}
# - {name: PS1_r, datatype: float64}
# - {name: PS1_i, datatype: float64}
# - {name: PS1_z, datatype: float64}
# - {name: PS1_Y, datatype: float64}
# - {name: PS1_w, datatype: float64}
# - {name: ATLAS_c, datatype: float64}
# - {name: ATLAS_o, datatype: float64}
# - {name: ukirt_J, datatype: float64}
# - {name: ukirt_H, datatype: float64}
# - {name: ukirt_K, datatype: float64}
# - {name: Clear, datatype: float64}
# meta: !!omap
# - comment: [E = 4.339649880409358e-06, Eta0 = 8.02, GammaB = 12.0, dL = 0.012188, epsb = 6.760829753919819e-06, epse = 0.1, n = 0.3981071705534969,
#     p = 2.15, theta_obs = 0.29670597283903605, xiN = 1.0, z = 0.0, type = grb, E_kiso = 0.01]
# schema: astropy-2.0
time swift_uvot_uvw2 swift_uvot_uvm2 swift_uvot_uvw1 swift_uvot_U swift_uvot_B swift_uvot_V swift_uvot_W johnson_U johnson_B johnson_V johnson_R johnson_I sdss_u sdss_g sdss_r sdss_i sdss_z PS1_g PS1_r PS1_i PS1_z PS1_Y PS1_w ATLAS_c ATLAS_o ukirt_J ukirt_H ukirt_K Clear
0.01 4.953 5.002 4.927 4.734 4.592 4.453 4.814 4.712 4.59 4.448 4.307 4.159 4.717 4.545 4.373 4.252 4.141 4.481 4.338 4.218 4.119 3.951 4.375 4.47 4.317 3.929 3.76 3.57 4.285
0.0102 4.941 4.991 4.916 4.723 4.58 4.441 4.802 4.7 4.578 4.436 4.296 4.147 4.705 4.533 4.361 4.24 4.13 4.469 4.326 4.207 4.108 3.939 4.363 4.458 4.306 3.918 3.748 3.558 4.273
0.0105 4.929 4.979 4.904 4.711 4.569 4.429 4.79 4.689 4.566 4.424 4.284 4.135 4.694 4.521 4.349 4.229 4.118 4.457 4.315 4.195 4.096 3.928 4.351 4.447 4.294 3.906 3.737 3.546 4.261
0.0107 4.918 4.967 4.892 4.699 4.557 4.418 4.779 4.677 4.554 4.413 4.272 4.124 4.682 4.509 4.337 4.217 4.106 4.446 4.303 4.183 4.084 3.916 4.34 4.435 4.282 3.894 3.725 3.535 4.25
0.011 4.906 4.955 4.88 4.688 4.545 4.406 4.767 4.665 4.543 4.401 4.26 4.112 4.67 4.498 4.326 4.205 4.094 4.434 4.291 4.171 4.072 3.904 4.328 4.423 4.27 3.882 3.713 3.523 4.238
0.0113 4.894 4.944 4.869 4.676 4.533 4.394 4.755 4.653 4.531 4.389 4.249 4.1 4.658 4.486 4.314 4.193 4.083 4.422 4.28 4.16 4.061 3.892 4.316 4.411 4.259 3.871 3.701 3.511 4.226
0.0115 4.882 4.932 4.857 4.664 4.522 4.383 4.743 4.642 4.519 4.377 4.237 4.088 4.647 4.474 4.302 4.182 4.071 4.41 4.268 4.148 4.049 3.881 4.305 4.4 4.247 3.859 3.69 3.499 4.214
0.0118 4.871 4.92 4.845 4.652 4.51 4.371 4.732 4.63 4.508 4.366 4.225 4.077 4.635 4.462 4.291 4.17 4.059 4.399 4.256 4.136 4.037 3.869 4.293 4.388 4.235 3.847 3.678 3.488 4.203
0.0121 4.859 4.908 4.833 4.64 4.498 4.359 4.72 4.618 4.495 4.354 4.213 4.065 4.623 4.45 4.279 4.158 4.047 4.387 4.244 4.124 4.025 3.857 4.281 4.376 4.223 3.835 3.666 3.476 4.191
0.0124 4.846 4.895 4.82 4.627 4.485 4.346 4.707 4.605 4.482 4.341 4.2 4.051 4.61 4.437 4.265 4.145 4.034 4.374 4.231 4.111 4.012 3.844 4.268 4.363 4.21 3.822 3.653 3.462 4.177
0.0127 4.833 4.882 4.807 4.614 4.472 4.333 4.693 4.592 4.469 4.327 4.187 4.038 4.597 4.424 4.252 4.132 4.021 4.36 4.218 4.098 3.999 3.831 4.255 4.35 4.197 3.809 3.64 3.449 4.164
0.013 4.819 4.869 4.794 4.601 4.459 4.32 4.68 4.579 4.456 4.314 4.174 4.025 4.584 4.411 4.239 4.119 4.008 4.347 4.205 4.085 3.986 3.818 4.242 4.337 4.184 3.796 3.627 3.436 4.151
0.0133 4.806 4.856 4.781 4.588 4.446 4.306 4.667 4.566 4.443 4.301 4.161 4.012 4.571 4.398 4.226 4.106 3.995 4.334 4.192 4.072 3.973 3.805 4.229 4.324 4.171 3.783 3.614 3.423 4.138
0.0136 4.793 4.843 4.768 4.575 4.433 4.293 4.654 4.553 4.43 4.288 4.148 3.999 4.558 4.385 4.213 4.092 3.982 4.321 4.179 4.059 3.96 3.792 4.215 4.311 4.158 3.77 3.601 3.41 4.125
0.014 4.78 4.83 4.755 4.562 4.419 4.28 4.641 4.54 4.417 4.275 4.135 3.986 4.545 4.372 4.2 4.079 3.969 4.308 4.166 4.046 3.947 3.779 4.202 4.298 4.145 3.757 3.587 3.397 4.112
0.0143 4.767 4.817 4.742 4.549 4.406 4.267 4.628 4.526 4.404 4.262 4.122 3.973 4.531 4.359 4.187 4.066 3.956 4.295 4.153 4.033 3.934 3.765 4.189 4.284 4.132 3.744 3.574 3.384 4.099
0.0146 4.754 4.804 4.729 4.536 4.393 4.254 4.615 4.513 4.391 4.249 4.109 3.96 4.518 4.346 4.174 4.053 3.943 4.282 4.14 4.02 3.921 3.752 4.176 4.271 4.119 3.731 3.561 3.371 4.086
0.015 4.741 4.79 4.716 4.523 4.38 4.241 4.602 4.5 4.378 4.236 4.096 3.947 4.505 4.333 4.161 4.04 3.93 4.269 4.126 4.007 3.908 3.739 4.163 4.258 4.106 3.718 3.548 3.358 4.073
0.0154 4.727 4.776 4.701 4.508 4.366 4.227 4.588 4.486 4.364 4.222 4.081 3.933 4.491 4.318 4.147 4.026 3.915 4.255 4.112 3.992 3.893 3.725 4.149 4.244 4.091 3.703 3.534 3.344 4.059
0.0157 4.71 4.76 4.685 4.492 4.349 4.21 4.571 4.469 4.347 4.205 4.065 3.916 4.474 4.302 4.13 4.009 3.899 4.238 4.095 3.976 3.877 3.708 4.132 4.227 4.075 3.687 3.517 3.327 4.042
0.0161 4.693 4.743 4.668 4.475 4.333 4.194 4.554 4.453 4.33 4.188 4.048 3.899 4.458 4.285 4.113 3.993 3.882 4.221 4.079 3.959 3.86 3.692 4.116 4.211 4.058 3.67 3.501 3.31 4.025
0.0165 4.677 4.726 4.651 4.458 4.316 4.177 4.538 4.436 4.314 4.172 4.031 3.883 4.441 4.269 4.097 3.976 3.865 4.205 4.062 3.942 3.843 3.675 4.099 4.194 4.041 3.653 3.484 3.294 4.009
0.0169 4.66 4.71 4.635 4.442 4.299 4.16 4.521 4.419 4.297 4.155 4.015 3.866 4.424 4.252 4.08 3.959 3.849 4.188 4.046 3.926 3.827 3.658 4.082 4.178 4.025 3.637 3.467 3.277 3.992
0.0173 4.644 4.693 4.618 4.425 4.283 4.144 4.505 4.403 4.28 4.139 3.998 3.849 4.408 4.235 4.063 3.943 3.832 4.172 4.029 3.909 3.81 3.642 4.066 4.161 4.008 3.62 3.451 3.26 3.975
0.0177 4.627 4.676 4.602 4.409 4.266 4.127 4.488 4.386 4.264 4.122 3.981 3.833 4.391 4.219 4.047 3.926 3.815 4.155 4.012 3.893 3.794 3.625 4.049 4.144 3.991 3.604 3.434 3.244 3.959
0.0181 4.61 4.66 4.585 4.392 4.25 4.11 4.471 4.37 4.247 4.105 3.965 3.816 4.375 4.202 4.03 3.91 3.799 4.138 3.996 3.876 3.777 3.609 4.032 4.128 3.975 3.587 3.418 3.227 3.942
0.0186 4.594 4.643 4.568 4.375 4.233 4.094 4.455 4.353 4.231 4.089 3.948 3.8 4.358 4.185 4.014 3.893 3.782 4.122 3.979 3.859 3.76 3.592 4.016 4.111 3.958 3.57 3.401 3.211 3.926
0.019 4.577 4.627 4.552 4.359 4.216 4.077 4.438 4.336 4.214 4.072 3.932 3.783 4.341 4.169 3.997 3.876 3.766 4.105 3.962 3.843 3.744 3.575 3.999 4.094 3.942 3.554 3.384 3.194 3.909
0.0195 4.562 4.612 4.537 4.344 4.201 4.062 4.423 4.321 4.199 4.057 3.917 3.768 4.326 4.154 3.982 3.861 3.751 4.09 3.948 3.828 3.729 3.56 3.984 4.079 3.927 3.539 3.369 3.179 3.894
0.02 4.549 4.598 4.523 4.33 4.188 4.049 4.41 4.308 4.186 4.044 3.903 3.755 4.313 4.14 3.969 3.848 3.737 4.077 3.934 3.814 3.715 3.547 3.971 4.066 3.913 3.525 3.356 3.166 3.881
0.0204 4.535 4.585 4.51 4.317 4.175 4.036 4.396 4.295 4.172 4.03 3.89 3.741 4.3 4.127 3.955 3.835 3.724 4.063 3.921 3.801 3.702 3.534 3.958 4.053 3.9 3.512 3.343 3.152 3.867
0.0209 4.522 4.571 4.497 4.304 4.161 4.022 4.383 4.281 4.159 4.017 3.876 3.728 4.286 4.114 3.942 3.821 3.711 4.05 3.907 3.788 3.689 3.52 3.944 4.039 3.887 3.499 3.329 3.139 3.854
0.0214 4.509 4.558 4.483 4.29 4.148 4.009 4.37 4.268 4.145 4.004 3.863 3.715 4.273 4.1 3.929 3.808 3.697 4.037 3.894 3.774 3.675 3.507 3.931 4.026 3.873 3.485 3.316 3.126 3.841
0.022 4.495 4.545 4.47 4.277 4.135 3.995 4.356 4.255 4.132 3.99 3.85 3.701 4.26 4.087 3.915 3.794 3.684 4.023 3.881 3.761 3.662 3.494 3.917 4.013 3.86 3.472 3.303 3.112 3.827
0.0225 4.482 4.531 4.457 4.264 4.121 3.982 4.343 4.241 4.119 3.977 3.836 3.688 4.246 4.074 3.902 3.781 3.67 4.01 3.867 3.747 3.648 3.48 3.904 3.999 3.846 3.458 3.289 3.099 3.814
0.023 4.469 4.518 4.443 4.25 4.108 3.969 4.329 4.228 4.105 3.963 3.823 3.674 4.233 4.06 3.888 3.768 3.657 3.996 3.854 3.734 3.635 3.467 3.891 3.986 3.833 3.445 3.276 3.085 3.8
0.0236 4.455 4.505 4.43 4.237 4.094 3.955 4.316 4.214 4.092 3.95 3.81 3.661 4.219 4.047 3.875 3.754 3.644 3.983 3.841 3.721 3.622 3.453 3.877 3.972 3.82 3.432 3.262 3.072 3.787
0.0242 4.442 4.491 4.416 4.223 4.081 3.942 4.303 4.201 4.079 3.937 3.796 3.648 4.206 4.033 3.862 3.741 3.63 3.97 3.827 3.707 3.608 3.44 3.864 3.959 3.806 3.418 3.249 3.059 3.774
0.0247 4.427 4.476 4.401 4.208 4.066 3.927 4.288 4.186 4.063 3.922 3.781 3.633 4.191 4.018 3.846 3.726 3.615 3.955 3.812 3.692 3.593 3.425 3.849 3.944 3.791 3.403 3.234 3.044 3.759
0.0253 4.411 4.46 4.385 4.192 4.05 3.911 4.271 4.17 4.047 3.905 3.765 3.616 4.175 4.002 3.83 3.71 3.599 3.938 3.796 3.676 3.577 3.409 3.833 3.928 3.775 3.387 3.218 3.027 3.742
0.0259 4.394 4.444 4.369 4.176 4.034 3.895 4.255 4.154 4.031 3.889 3.749 3.6 4.159 3.986 3.814 3.694 3.583 3.922 3.78 3.66 3.561 3.393 3.817 3.912 3.759 3.371 3.202 3.011 3.726
0.0266 4.378 4.428 4.353 4.16 4.018 3.878 4.239 4.138 4.015 3.873 3.733 3.584 4.143 3.97 3.798 3.677 3.567 3.906 3.764 3.644 3.545 3.377 3.8 3.896 3.743 3.355 3.186 2.995 3.71
0.0272 4.362 4.412 4.337 4.144 4.001 3.862 4.223 4.121 3.999 3.857 3.717 3.568 4.127 3.954 3.782 3.661 3.551 3.89 3.748 3.628 3.529 3.36 3.784 3.88 3.727 3.339 3.169 2.979 3.694
0.0279 4.346 4.396 4.321 4.128 3.985 3.846 4.207 4.105 3.983 3.841 3.701 3.552 4.11 3.938 3.766 3.645 3.535 3.874 3.732 3.612 3.513 3.344 3.768 3.863 3.711 3.323 3.153 2.963 3.678
0.0285 4.33 4.379 4.305 4.112 3.969 3.83 4.191 4.089 3.967 3.825 3.685 3.536 4.094 3.922 3.75 3.629 3.519 3.858 3.715 3.596 3.497 3.328 3.752 3.847 3.695 3.307 3.137 2.947 3.662
0.0292 4.314 4.363 4.289 4.096 3.953 3.814 4.175 4.073 3.951 3.809 3.668 3.52 4.078 3.906 3.734 3.613 3.502 3.842 3.699 3.579 3.48 3.312 3.736 3.831 3.678 3.29 3.121 2.931 3.646
0.0299 4.298 4.347 4.272 4.079 3.937 3.798 4.159 4.057 3.935 3.793 3.652 3.504 4.062 3.89 3.718 3.597 3.486 3.826 3.683 3.563 3.464 3.296 3.72 3.815 3.662 3.274 3.105 2.915 3.63
0.0307 4.282 4.331 4.256 4.063 3.921 3.782 4.143 4.041 3.919 3.777 3.636 3.488 4.046 3.873 3.702 3.581 3.47 3.81 3.667 3.547 3.448 3.28 3.704 3.799 3.646 3.258 3.089 2.899 3.614
0.0314 4.268 4.318 4.243 4.05 3.908 3.769 4.129 4.028 3.905 3.763 3.623 3.474 4.033 3.86 3.688 3.568 3.457 3.796 3.654 3.534 3.435 3.267 3.691 3.786 3.633 3.245 3.076 2.885 3.6
0.0322 4.256 4.305 4.231 4.038 3.895 3.756 4.117 4.015 3.893 3.751 3.61 3.462 4.02 3.848 3.676 3.555 3.444 3.784 3.641 3.522 3.423 3.254 3.678 3.773 3.62 3.233 3.063 2.873 3.588
0.0329 4.243 4.293 4.218 4.025 3.883 3.744 4.104 4.003 3.88 3.738 3.598 3.449 4.008 3.835 3.663 3.543 3.432 3.771 3.629 3.509 3.41 3.242 3.666 3.761 3.608 3.22 3.051 2.86 3.575
0.0337 4.231 4.28 4.206 4.013 3.87 3.731 4.092 3.99 3.868 3.726 3.585 3.437 3.995 3.823 3.651 3.53 3.419 3.759 3.616 3.496 3.397 3.229 3.653 3.748 3.595 3.207 3.038 2.848 3.563
0.0345 4.218 4.268 4.193 4.0 3.858 3.719 4.079 3.978 3.855 3.713 3.573 3.424 3.983 3.81 3.638 3.518 3.407 3.746 3.604 3.484 3.385 3.217 3.641 3.736 3.583 3.195 3.026 2.835 3.55
0.0354 4.206 4.255 4.18 3.988 3.845 3.706 4.067 3.965 3.843 3.701 3.56 3.412 3.97 3.798 3.626 3.505 3.394 3.734 3.591 3.471 3.372 3.204 3.628 3.723 3.57 3.182 3.013 2.823 3.538
0.0362 4.193 4.243 4.168 3.975 3.833 3.693 4.054 3.953 3.83 3.688 3.548 3.399 3.958 3.785 3.613 3.493 3.382 3.721 3.579 3.459 3.36 3.192 3.615 3.711 3.558 3.17 3.001 2.81 3.525
0.0371 4.181 4.23 4.155 3.963 3.82 3.681 4.042 3.94 3.818 3.676 3.535 3.387 3.945 3.773 3.601 3.48 3.369 3.709 3.566 3.446 3.347 3.179 3.603 3.698 3.545 3.157 2.988 2.798 3.513
0.038 4.168 4.218 4.143 3.95 3.808 3.668 4.029 3.928 3.805 3.663 3.523 3.374 3.933 3.76 3.588 3.468 3.357 3.696 3.554 3.434 3.335 3.167 3.59 3.686 3.533 3.145 2.976 2.785 3.5
0.0389 4.156 4.205 4.13 3.937 3.795 3.656 4.017 3.915 3.793 3.651 3.51 3.362 3.92 3.748 3.576 3.455 3.344 3.684 3.541 3.421 3.322 3.154 3.578 3.673 3.52 3.132 2.963 2.773 3.488
0.0398 4.148 4.198 4.123 3.93 3.788 3.648 4.009 3.908 3.785 3.643 3.503 3.354 3.913 3.74 3.568 3.447 3.337 3.676 3.534 3.414 3.315 3.147 3.57 3.666 3.513 3.125 2.956 2.765 3.48
0.0408 4.141 4.191 4.116 3.923 3.78 3.641 4.002 3.9 3.778 3.636 3.496 3.347 3.905 3.733 3.561 3.44 3.33 3.669 3.526 3.407 3.308 3.139 3.563 3.658 3.506 3.118 2.948 2.758 3.473
0.0418 4.134 4.183 4.108 3.916 3.773 3.634 3.995 3.893 3.771 3.629 3.488 3.34 3.898 3.726 3.554 3.433 3.322 3.662 3.519 3.399 3.3 3.132 3.556 3.651 3.498 3.11 2.941 2.751 3.466
0.0428 4.127 4.176 4.101 3.908 3.766 3.627 3.988 3.886 3.763 3.622 3.481 3.333 3.891 3.718 3.547 3.426 3.315 3.655 3.512 3.392 3.293 3.125 3.549 3.644 3.491 3.103 2.934 2.744 3.459
0.0438 4.119 4.169 4.094 3.901 3.759 3.62 3.98 3.879 3.756 3.614 3.474 3.325 3.884 3.711 3.539 3.419 3.308 3.647 3.505 3.385 3.286 3.118 3.542 3.637 3.484 3.096 2.927 2.736 3.451
0.0449 4.112 4.162 4.087 3.894 3.751 3.612 3.973 3.871 3.749 3.607 3.467 3.318 3.877 3.704 3.532 3.411 3.301 3.64 3.498 3.378 3.279 3.11 3.534 3.63 3.477 3.089 2.919 2.729 3.444
0.046 4.105 4.154 4.08 3.887 3.744 3.605 3.966 3.864 3.742 3.6 3.459 3.311 3.869 3.697 3.525 3.404 3.294 3.633 3.49 3.371 3.272 3.103 3.527 3.622 3.47 3.082 2.912 2.722 3.437
0.0471 4.098 4.147 4.072 3.879 3.737 3.598 3.959 3.857 3.735 3.593 3.452 3.304 3.862 3.689 3.518 3.397 3.286 3.626 3.483 3.363 3.264 3.096 3.52 3.615 3.462 3.074 2.905 2.715 3.43
0.0482 4.091 4.14 4.065 3.872 3.73 3.591 3.951 3.85 3.727 3.586 3.445 3.296 3.855 3.682 3.51 3.39 3.279 3.619 3.476 3.356 3.257 3.089 3.513 3.608 3.455 3.067 2.898 2.707 3.422
0.0494 4.083 4.132 4.058 3.865 3.722 3.583 3.944 3.842 3.72 3.578 3.437 3.289 3.847 3.675 3.503 3.382 3.271 3.611 3.468 3.349 3.249 3.081 3.505 3.6 3.447 3.06 2.89 2.7 3.415
0.0506 4.071 4.12 4.045 3.852 3.71 3.571 3.932 3.83 3.708 3.566 3.425 3.277 3.835 3.662 3.491 3.37 3.259 3.599 3.456 3.336 3.237 3.069 3.493 3.588 3.435 3.047 2.878 2.688 3.403
0.0518 4.058 4.108 4.033 3.84 3.698 3.559 3.919 3.818 3.695 3.553 3.413 3.264 3.823 3.65 3.478 3.358 3.247 3.586 3.444 3.324 3.225 3.057 3.481 3.576 3.423 3.035 2.866 2.675 3.39
0.053 4.046 4.096 4.021 3.828 3.685 3.546 3.907 3.805 3.683 3.541 3.401 3.252 3.811 3.638 3.466 3.345 3.235 3.574 3.432 3.312 3.213 3.044 3.468 3.564 3.411 3.023 2.853 2.663 3.378
0.0543 4.034 4.083 4.009 3.816 3.673 3.534 3.895 3.793 3.671 3.529 3.388 3.24 3.798 3.626 3.454 3.333 3.222 3.562 3.419 3.3 3.201 3.032 3.456 3.551 3.398 3.011 2.841 2.651 3.366
0.0556 4.022 4.071 3.996 3.803 3.661 3.522 3.883 3.781 3.659 3.517 3.376 3.228 3.786 3.613 3.442 3.321 3.21 3.55 3.407 3.287 3.188 3.02 3.444 3.539 3.386 2.998 2.829 2.639 3.354
0.057 4.009 4.059 3.984 3.791 3.649 3.51 3.87 3.769 3.646 3.504 3.364 3.215 3.774 3.601 3.429 3.309 3.198 3.537 3.395 3.275 3.176 3.008 3.432 3.527 3.374 2.986 2.817 2.626 3.341
0.0584 3.997 4.047 3.972 3.779 3.636 3.497 3.858 3.756 3.634 3.492 3.352 3.203 3.762 3.589 3.417 3.296 3.186 3.525 3.383 3.263 3.164 2.995 3.419 3.515 3.362 2.974 2.804 2.614 3.329
0.0598 3.985 4.034 3.96 3.767 3.624 3.485 3.846 3.744 3.622 3.48 3.339 3.191 3.749 3.577 3.405 3.284 3.173 3.513 3.37 3.251 3.152 2.983 3.407 3.502 3.349 2.962 2.792 2.602 3.317
0.0612 3.973 4.022 3.947 3.754 3.612 3.473 3.834 3.732 3.61 3.468 3.327 3.179 3.737 3.564 3.393 3.272 3.161 3.501 3.358 3.238 3.139 2.971 3.395 3.49 3.337 2.949 2.78 2.59 3.305
0.0627 3.962 4.011 3.936 3.743 3.601 3.462 3.823 3.721 3.598 3.457 3.316 3.168 3.726 3.553 3.381 3.261 3.15 3.49 3.347 3.227 3.128 2.96 3.384 3.479 3.326 2.938 2.769 2.579 3.294
0.0642 3.955 4.004 3.929 3.736 3.594 3.455 3.815 3.714 3.591 3.449 3.309 3.16 3.719 3.546 3.374 3.254 3.143 3.482 3.34 3.22 3.121 2.953 3.377 3.472 3.319 2.931 2.762 2.571 3.286
0.0657 3.947 3.997 3.922 3.729 3.587 3.447 3.808 3.707 3.584 3.442 3.302 3.153 3.712 3.539 3.367 3.247 3.136 3.475 3.333 3.213 3.114 2.946 3.37 3.465 3.312 2.924 2.755 2.564 3.279
0.0673 3.94 3.99 3.915 3.722 3.579 3.44 3.801 3.7 3.577 3.435 3.295 3.146 3.705 3.532 3.36 3.239 3.129 3.468 3.326 3.206 3.107 2.939 3.362 3.458 3.305 2.917 2.747 2.557 3.272
0.0689 3.933 3.983 3.908 3.715 3.572 3.433 3.794 3.692 3.57 3.428 3.288 3.139 3.697 3.525 3.353 3.232 3.122 3.461 3.319 3.199 3.1 2.931 3.355 3.45 3.298 2.91 2.74 2.55 3.265
0.0706 3.926 3.975 3.901 3.708 3.565 3.426 3.787 3.685 3.563 3.421 3.28 3.132 3.69 3.518 3.346 3.225 3.115 3.454 3.311 3.192 3.093 2.924 3.348 3.443 3.291 2.903 2.733 2.543 3.258
0.0723 3.919 3.968 3.893 3.701 3.558 3.419 3.78 3.678 3.556 3.414 3.273 3.125 3.683 3.511 3.339 3.218 3.107 3.447 3.304 3.184 3.085 2.917 3.341 3.436 3.283 2.895 2.726 2.536 3.251
0.0741 3.912 3.961 3.886 3.693 3.551 3.412 3.773 3.671 3.549 3.407 3.266 3.118 3.676 3.503 3.332 3.211 3.1 3.44 3.297 3.177 3.078 2.91 3.334 3.429 3.276 2.888 2.719 2.529 3.244
0.0758 3.905 3.954 3.879 3.686 3.544 3.405 3.766 3.664 3.541 3.4 3.259 3.111 3.669 3.496 3.325 3.204 3.093 3.433 3.29 3.17 3.071 2.903 3.327 3.422 3.269 2.881 2.712 2.522 3.237
0.0777 3.898 3.947 3.872 3.679 3.537 3.398 3.758 3.657 3.534 3.392 3.252 3.103 3.662 3.489 3.317 3.197 3.086 3.425 3.283 3.163 3.064 2.896 3.32 3.415 3.262 2.874 2.705 2.514 3.229
0.0795 3.892 3.942 3.867 3.674 3.531 3.392 3.753 3.651 3.529 3.387 3.247 3.098 3.656 3.484 3.312 3.191 3.081 3.42 3.277 3.158 3.059 2.89 3.314 3.409 3.257 2.869 2.699 2.509 3.224
0.0815 3.89 3.939 3.864 3.671 3.529 3.39 3.75 3.649 3.526 3.384 3.244 3.095 3.654 3.481 3.309 3.189 3.078 3.417 3.275 3.155 3.056 2.888 3.312 3.407 3.254 2.866 2.697 2.506 3.221
0.0834 3.887 3.936 3.862 3.669 3.526 3.387 3.748 3.646 3.524 3.382 3.241 3.093 3.651 3.479 3.307 3.186 3.075 3.415 3.272 3.153 3.054 2.885 3.309 3.404 3.251 2.864 2.694 2.504 3.219
