web/models/grb/offaxis/2/grb_0.2967_0.0139_0.3981072.dat
# %ECSV 1.0
# ---
# datatype:
# - {name: time, datatype: float64}
# - {name: swift_uvot_uvw2, datatype: float64}
# - {name: swift_uvot_uvm2, datatype: float64}
# - {name: swift_uvot_uvw1, datatype: float64}
# - {name: swift_uvot_U, datatype: float64}
# - {name: swift_uvot_B, datatype: float64}
# - {name: swift_uvot_V, datatype: float64}
# - {name: swift_uvot_W, datatype: float64}
# - {name: johnson_U, datatype: float64}
# - {name: johnson_B, datatype: float64}
# - {name: johnson_V, datatype: float64}
# - {name: johnson_R, datatype: float64}
# - {name: johnson_I, datatype: float64}
# - {name: sdss_u, datatype: float64}
# - {name: sdss_g, datatype: float64}
# - {name: sdss_r, datatype: float64}
# - {name: sdss_i, datatype: float64}
# - {name: sdss_z, datatype: float64}
# - {name: PS1_g, datatype: float64}
# - {name: PS1_r, datatype: float64}
# - {name: PS1_i, datatype: float64}
# - {name: PS1_z, datatype: float64}
# - {name: PS1_Y, datatype: float64}
# - {name: PS1_w, datatype: float64}
# - {name: ATLAS_c, datatype: float64}
# - {name: ATLAS_o, datatype: float64}
# - {name: ukirt_J, datatype: float64}
# - {name: ukirt_H, datatype: float64}
# - {name: ukirt_K, datatype: float64}
# - {name: Clear, datatype: float64}
# meta: !!omap
# - comment: [E = 6.029923955985726e-06, Eta0 = 8.02, GammaB = 12.0, dL = 0.012188, epsb = 6.760829753919819e-06, epse = 0.1, n = 0.3981071705534969,
#     p = 2.15, theta_obs = 0.29670597283903605, xiN = 1.0, z = 0.0, type = grb, E_kiso = 0.013894954943731374]
# schema: astropy-2.0
time swift_uvot_uvw2 swift_uvot_uvm2 swift_uvot_uvw1 swift_uvot_U swift_uvot_B swift_uvot_V swift_uvot_W johnson_U johnson_B johnson_V johnson_R johnson_I sdss_u sdss_g sdss_r sdss_i sdss_z PS1_g PS1_r PS1_i PS1_z PS1_Y PS1_w ATLAS_c ATLAS_o ukirt_J ukirt_H ukirt_K Clear
[from data line 427]
263.2582 48.028 48.077 48.002 47.809 47.667 47.528 47.889 47.787 47.665 47.523 47.382 47.234 47.792 47.619 47.448 47.327 47.216 47.556 47.413 47.293 47.194 47.026 47.45 47.545 47.392 47.004 46.835 46.645 47.36
269.6088 48.341 48.391 48.316 48.123 47.981 47.841 48.202 48.101 47.978 47.836 47.696 47.547 48.106 47.933 47.761 47.641 47.53 47.869 47.727 47.607 47.508 47.34 47.763 47.859 47.706 47.318 47.149 46.958 47.673
276.1126 48.655 48.704 48.63 48.437 48.294 48.155 48.516 48.414 48.292 48.15 48.009 47.861 48.419 48.247 48.075 47.954 47.843 48.183 48.04 47.92 47.821 47.653 48.077 48.172 48.019 47.631 47.462 47.272 47.987
282.7734 48.968 49.018 48.943 48.75 48.608 48.469 48.829 48.728 48.605 48.463 48.323 48.174 48.733 48.56 48.388 48.268 48.157 48.496 48.354 48.234 48.135 47.967 48.391 48.486 48.333 47.945 47.776 47.585 48.3
289.5947 49.282 49.331 49.257 49.064 48.921 48.782 49.143 49.041 48.919 48.777 48.637 48.488 49.046 48.874 48.702 48.581 48.471 48.81 48.667 48.548 48.449 48.28 48.704 48.799 48.647 48.259 48.089 47.899 48.614
296.5807 49.596 49.645 49.57 49.377 49.235 49.096 49.457 49.355 49.232 49.091 48.95 48.802 49.36 49.187 49.015 48.895 48.784 49.124 48.981 48.861 48.762 48.594 49.018 49.113 48.96 48.572 48.403 48.212 48.927
303.7351 49.909 49.959 49.884 49.691 49.548 49.409 49.77 49.668 49.546 49.404 49.264 49.115 49.673 49.501 49.329 49.208 49.098 49.437 49.295 49.175 49.076 48.907 49.331 49.426 49.274 48.886 48.716 48.526 49.241
311.0622 50.223 50.272 50.197 50.004 49.862 49.723 50.084 49.982 49.86 49.718 49.577 49.429 49.987 49.814 49.643 49.522 49.411 49.751 49.608 49.488 49.389 49.221 49.645 49.74 49.587 49.199 49.03 48.84 49.555
318.566 50.536 50.586 50.511 50.318 50.176 50.036 50.397 50.296 50.173 50.031 49.891 49.742 50.301 50.128 49.956 49.835 49.725 50.064 49.922 49.802 49.703 49.535 49.958 50.054 49.901 49.513 49.344 49.153 49.868
326.2508 50.85 50.899 50.824 50.632 50.489 50.35 50.711 50.609 50.487 50.345 50.204 50.056 50.614 50.442 50.27 50.149 50.038 50.378 50.235 50.115 50.016 49.848 50.272 50.367 50.214 49.826 49.657 49.467 50.182
334.121 51.163 51.213 51.138 50.945 50.803 50.664 51.024 50.923 50.8 50.658 50.518 50.369 50.928 50.755 50.583 50.463 50.352 50.691 50.549 50.429 50.33 50.162 50.586 50.681 50.528 50.14 49.971 49.78 50.495
342.181 51.477 51.526 51.452 51.259 51.116 50.977 51.338 51.236 51.114 50.972 50.831 50.683 51.241 51.069 50.897 50.776 50.666 51.005 50.862 50.743 50.644 50.475 50.899 50.994 50.842 50.454 50.284 50.094 50.809
350.4355 51.791 51.84 51.765 51.572 51.43 51.291 51.652 51.55 51.427 51.286 51.145 50.996 51.555 51.382 51.21 51.09 50.979 51.319 51.176 51.056 50.957 50.789 51.213 51.308 51.155 50.767 50.598 50.407 51.122
358.8891 52.104 52.154 52.079 51.886 51.743 51.604 51.965 51.863 51.741 51.599 51.459 51.31 51.868 51.696 51.524 51.403 51.293 51.632 51.49 51.37 51.271 51.102 51.526 51.621 51.469 51.081 50.911 50.721 51.436
367.5467 52.418 52.467 52.392 52.199 52.057 51.918 52.279 52.177 52.055 51.913 51.772 51.624 52.182 52.009 51.838 51.717 51.606 51.946 51.803 51.683 51.584 51.416 51.84 51.935 51.782 51.394 51.225 51.035 51.75
376.4131 52.731 52.781 52.706 52.513 52.371 52.231 52.592 52.491 52.368 52.226 52.086 51.937 52.496 52.323 52.151 52.03 51.92 52.259 52.117 51.997 51.898 51.73 52.153 52.249 52.096 51.708 51.539 51.348 52.063
385.4933 53.045 53.094 53.019 52.826 52.684 52.545 52.906 52.804 52.682 52.54 52.399 52.251 52.809 52.637 52.465 52.344 52.233 52.573 52.43 52.31 52.211 52.043 52.467 52.562 52.409 52.021 51.852 51.662 52.377
394.7926 53.358 53.408 53.333 53.14 52.998 52.859 53.219 53.118 52.995 52.853 52.713 52.564 53.123 52.95 52.778 52.658 52.547 52.886 52.744 52.624 52.525 52.357 52.781 52.876 52.723 52.335 52.166 51.975 52.69
404.3163 53.672 53.721 53.647 53.454 53.311 53.172 53.533 53.431 53.309 53.167 53.026 52.878 53.436 53.264 53.092 52.971 52.861 53.2 53.057 52.938 52.839 52.67 53.094 53.189 53.037 52.649 52.479 52.289 53.004
414.0697 53.986 54.035 53.96 53.767 53.625 53.486 53.846 53.745 53.622 53.481 53.34 53.191 53.75 53.577 53.405 53.285 53.174 53.514 53.371 53.251 53.152 52.984 53.408 53.503 53.35 52.962 52.793 52.602 53.317
424.0583 54.299 54.349 54.274 54.081 53.938 53.799 54.16 54.058 53.936 53.794 53.654 53.505 54.063 53.891 53.719 53.598 53.488 53.827 53.685 53.565 53.466 53.297 53.721 53.816 53.664 53.276 53.106 52.916 53.631
434.2879 54.613 54.662 54.587 54.394 54.252 54.113 54.474 54.372 54.25 54.108 53.967 53.819 54.377 54.204 54.033 53.912 53.801 54.141 53.998 53.878 53.779 53.611 54.035 54.13 53.977 53.589 53.42 53.23 53.945
444.7643 54.926 54.976 54.901 54.708 54.565 54.426 54.787 54.686 54.563 54.421 54.281 54.132 54.691 54.518 54.346 54.225 54.115 54.454 54.312 54.192 54.093 53.925 54.348 54.444 54.291 53.903 53.733 53.543 54.258
455.4934 55.24 55.289 55.214 55.021 54.879 54.74 55.101 54.999 54.877 54.735 54.594 54.446 55.004 54.832 54.66 54.539 54.428 54.768 54.625 54.505 54.406 54.238 54.662 54.757 54.604 54.216 54.047 53.857 54.572
466.4814 55.553 55.603 55.528 55.335 55.193 55.054 55.414 55.313 55.19 55.048 54.908 54.759 55.318 55.145 54.973 54.853 54.742 55.081 54.939 54.819 54.72 54.552 54.976 55.071 54.918 54.53 54.361 54.17 54.885
477.7344 55.867 55.916 55.842 55.649 55.506 55.367 55.728 55.626 55.504 55.362 55.221 55.073 55.631 55.459 55.287 55.166 55.055 55.395 55.252 55.133 55.033 54.865 55.289 55.384 55.231 54.844 54.674 54.484 55.199
489.2588 56.181 56.23 56.155 55.962 55.82 55.681 56.041 55.94 55.817 55.675 55.535 55.386 55.945 55.772 55.6 55.48 55.369 55.708 55.566 55.446 55.347 55.179 55.603 55.698 55.545 55.157 54.988 54.797 55.512
501.0613 56.494 56.544 56.469 56.276 56.133 55.994 56.355 56.253 56.131 55.989 55.849 55.7 56.258 56.086 55.914 55.793 55.683 56.022 55.879 55.76 55.661 55.492 55.916 56.011 55.859 55.471 55.301 55.111 55.826
513.1485 56.808 56.857 56.782 56.589 56.447 56.308 56.669 56.567 56.444 56.303 56.162 56.014 56.572 56.399 56.228 56.107 55.996 56.336 56.193 56.073 55.974 55.806 56.23 56.325 56.172 55.784 55.615 55.425 56.14
525.5272 57.121 57.171 57.096 56.903 56.76 56.621 56.982 56.88 56.758 56.616 56.476 56.327 56.886 56.713 56.541 56.42 56.31 56.649 56.507 56.387 56.288 56.119 56.543 56.639 56.486 56.098 55.928 55.738 56.453
538.2046 57.435 57.484 57.409 57.216 57.074 56.935 57.296 57.194 57.072 56.93 56.789 56.641 57.199 57.027 56.855 56.734 56.623 56.963 56.82 56.7 56.601 56.433 56.857 56.952 56.799 56.411 56.242 56.052 56.767
551.1878 57.748 57.798 57.723 57.53 57.388 57.248 57.609 57.508 57.385 57.243 57.103 56.954 57.513 57.34 57.168 57.048 56.937 57.276 57.134 57.014 56.915 56.747 57.17 57.266 57.113 56.725 56.556 56.365 57.08
564.4842 58.062 58.111 58.037 57.844 57.701 57.562 57.923 57.821 57.699 57.557 57.416 57.268 57.826 57.654 57.482 57.361 57.25 57.59 57.447 57.327 57.228 57.06 57.484 57.579 57.426 57.038 56.869 56.679 57.394
578.1013 58.375 58.425 58.35 58.157 58.015 57.876 58.236 58.135 58.012 57.87 57.73 57.581 58.14 57.967 57.795 57.675 57.564 57.903 57.761 57.641 57.542 57.374 57.798 57.893 57.74 57.352 57.183 56.992 57.707
592.0469 58.689 58.739 58.664 58.471 58.328 58.189 58.55 58.448 58.326 58.184 58.044 57.895 58.453 58.281 58.109 57.988 57.878 58.217 58.074 57.955 57.856 57.687 58.111 58.206 58.054 57.666 57.496 57.306 58.021
606.329 59.003 59.052 58.977 58.784 58.642 58.503 58.864 58.762 58.639 58.498 58.357 58.209 58.767 58.594 58.422 58.302 58.191 58.531 58.388 58.268 58.169 58.001 58.425 58.52 58.367 57.979 57.81 57.62 58.335
620.9555 59.316 59.366 59.291 59.098 58.955 58.816 59.177 59.075 58.953 58.811 58.671 58.522 59.08 58.908 58.736 58.615 58.505 58.844 58.702 58.582 58.483 58.314 58.738 58.834 58.681 58.293 58.123 57.933 58.648
635.9349 59.63 59.679 59.604 59.411 59.269 59.13 59.491 59.389 59.267 59.125 58.984 58.836 59.394 59.221 59.05 58.929 58.818 59.158 59.015 58.895 58.796 58.628 59.052 59.147 58.994 58.606 58.437 58.247 58.962
651.2757 59.943 59.993 59.918 59.725 59.583 59.443 59.804 59.703 59.58 59.438 59.298 59.149 59.708 59.535 59.363 59.242 59.132 59.471 59.329 59.209 59.11 58.942 59.365 59.461 59.308 58.92 58.751 58.56 59.275
666.9865 60.257 60.306 60.232 60.039 59.896 59.757 60.118 60.016 59.894 59.752 59.611 59.463 60.021 59.849 59.677 59.556 59.445 59.785 59.642 59.522 59.423 59.255 59.679 59.774 59.621 59.233 59.064 58.874 59.589
683.0763 60.57 60.62 60.545 60.352 60.21 60.071 60.431 60.33 60.207 60.065 59.925 59.776 60.335 60.162 59.99 59.87 59.759 60.098 59.956 59.836 59.737 59.569 59.993 60.088 59.935 59.547 59.378 59.187 59.902
699.5543 60.884 60.933 60.859 60.666 60.523 60.384 60.745 60.643 60.521 60.379 60.239 60.09 60.648 60.476 60.304 60.183 60.073 60.412 60.269 60.15 60.051 59.882 60.306 60.401 60.249 59.861 59.691 59.501 60.216
716.4297 61.198 61.247 61.172 60.979 60.837 60.698 61.059 60.957 60.834 60.693 60.552 60.404 60.962 60.789 60.617 60.497 60.386 60.726 60.583 60.463 60.364 60.196 60.62 60.715 60.562 60.174 60.005 59.814 60.529
733.7123 61.511 61.561 61.486 61.293 61.15 61.011 61.372 61.27 61.148 61.006 60.866 60.717 61.275 61.103 60.931 60.81 60.7 61.039 60.897 60.777 60.678 60.509 60.933 61.028 60.876 60.488 60.318 60.128 60.843
751.4117 61.825 61.874 61.799 61.606 61.464 61.325 61.686 61.584 61.462 61.32 61.179 61.031 61.589 61.416 61.245 61.124 61.013 61.353 61.21 61.09 60.991 60.823 61.247 61.342 61.189 60.801 60.632 60.442 61.157
769.5381 62.138 62.188 62.113 61.92 61.778 61.638 61.999 61.898 61.775 61.633 61.493 61.344 61.903 61.73 61.558 61.437 61.327 61.666 61.524 61.404 61.305 61.137 61.56 61.656 61.503 61.115 60.946 60.755 61.47
788.1018 62.452 62.501 62.426 62.234 62.091 61.952 62.313 62.211 62.089 61.947 61.806 61.658 62.216 62.044 61.872 61.751 61.64 61.98 61.837 61.717 61.618 61.45 61.874 61.969 61.816 61.428 61.259 61.069 61.784
807.1133 62.765 62.815 62.74 62.547 62.405 62.266 62.626 62.525 62.402 62.26 62.12 61.971 62.53 62.357 62.185 62.065 61.954 62.293 62.151 62.031 61.932 61.764 62.188 62.283 62.13 61.742 61.573 61.382 62.097
826.5834 63.079 63.128 63.054 62.861 62.718 62.579 62.94 62.838 62.716 62.574 62.433 62.285 62.843 62.671 62.499 62.378 62.268 62.607 62.464 62.345 62.246 62.077 62.501 62.596 62.444 62.056 61.886 61.696 62.411
846.5232 63.393 63.442 63.367 63.174 63.032 62.893 63.253 63.152 63.029 62.888 62.747 62.598 63.157 62.984 62.812 62.692 62.581 62.921 62.778 62.658 62.559 62.391 62.815 62.91 62.757 62.369 62.2 62.009 62.724
866.944 63.706 63.756 63.681 63.488 63.345 63.206 63.567 63.465 63.343 63.201 63.061 62.912 63.47 63.298 63.126 63.005 62.895 63.234 63.092 62.972 62.873 62.704 63.128 63.223 63.071 62.683 62.513 62.323 63.038
887.8575 64.02 64.069 63.994 63.801 63.659 63.52 63.881 63.779 63.657 63.515 63.374 63.226 63.784 63.611 63.44 63.319 63.208 63.548 63.405 63.285 63.186 63.018 63.442 63.537 63.384 62.996 62.827 62.637 63.352
909.2754 64.333 64.383 64.308 64.115 63.973 63.833 64.194 64.093 63.97 63.828 63.688 63.539 64.098 63.925 63.753 63.632 63.522 63.861 63.719 63.599 63.5 63.332 63.755 63.851 63.698 63.31 63.141 62.95 63.665
931.21 64.647 64.696 64.621 64.428 64.286 64.147 64.508 64.406 64.284 64.142 64.001 63.853 64.411 64.239 64.067 63.946 63.835 64.175 64.032 63.912 63.813 63.645 64.069 64.164 64.011 63.623 63.454 63.264 63.979
953.6737 64.96 65.01 64.935 64.742 64.6 64.461 64.821 64.72 64.597 64.455 64.315 64.166 64.725 64.552 64.38 64.26 64.149 64.488 64.346 64.226 64.127 63.959 64.383 64.478 64.325 63.937 63.768 63.577 64.292
976.6793 65.274 65.323 65.249 65.056 64.913 64.774 65.135 65.033 64.911 64.769 64.628 64.48 65.038 64.866 64.694 64.573 64.462 64.802 64.659 64.54 64.441 64.272 64.696 64.791 64.639 64.251 64.081 63.891 64.606
1000.2399 65.588 65.637 65.562 65.369 65.227 65.088 65.448 65.347 65.224 65.083 64.942 64.793 65.352 65.179 65.007 64.887 64.776 65.115 64.973 64.853 64.754 64.586 65.01 65.105 64.952 64.564 64.395 64.204 64.919
1024.3688 65.901 65.951 65.876 65.683 65.54 65.401 65.762 65.66 65.538 65.396 65.256 65.107 65.665 65.493 65.321 65.2 65.09 65.429 65.287 65.167 65.068 64.899 65.323 65.418 65.266 64.878 64.708 64.518 65.233
1049.0798 66.215 66.264 66.189 65.996 65.854 65.715 66.076 65.974 65.852 65.71 65.569 65.421 65.979 65.806 65.635 65.514 65.403 65.743 65.6 65.48 65.381 65.213 65.637 65.732 65.579 65.191 65.022 64.832 65.547
1074.3869 66.528 66.578 66.503 66.31 66.167 66.028 66.389 66.288 66.165 66.023 65.883 65.734 66.293 66.12 65.948 65.827 65.717 66.056 65.914 65.794 65.695 65.527 65.95 66.046 65.893 65.505 65.335 65.145 65.86
1100.3045 66.842 66.891 66.816 66.623 66.481 66.342 66.703 66.601 66.479 66.337 66.196 66.048 66.606 66.434 66.262 66.141 66.03 66.37 66.227 66.107 66.008 65.84 66.264 66.359 66.206 65.818 65.649 65.459 66.174
1126.8473 67.155 67.205 67.13 66.937 66.795 66.655 67.016 66.915 66.792 66.65 66.51 66.361 66.92 66.747 66.575 66.455 66.344 66.683 66.541 66.421 66.322 66.154 66.578 66.673 66.52 66.132 65.963 65.772 66.487
1154.0304 67.469 67.518 67.444 67.251 67.108 66.969 67.33 67.228 67.106 66.964 66.823 66.675 67.233 67.061 66.889 66.768 66.657 66.997 66.854 66.735 66.635 66.467 66.891 66.986 66.833 66.446 66.276 66.086 66.801
1181.8693 67.783 67.832 67.757 67.564 67.422 67.283 67.643 67.542 67.419 67.277 67.137 66.988 67.547 67.374 67.202 67.082 66.971 67.31 67.168 67.048 66.949 66.781 67.205 67.3 67.147 66.759 66.59 66.399 67.114
1210.3797 68.096 68.146 68.071 67.878 67.735 67.596 67.957 67.855 67.733 67.591 67.451 67.302 67.86 67.688 67.516 67.395 67.285 67.624 67.481 67.362 67.263 67.094 67.518 67.613 67.461 67.073 66.903 66.713 67.428
1239.5778 68.41 68.459 68.384 68.191 68.049 67.91 68.271 68.169 68.046 67.905 67.764 67.616 68.174 68.001 67.83 67.709 67.598 67.938 67.795 67.675 67.576 67.408 67.832 67.927 67.774 67.386 67.217 67.027 67.742
1269.4803 68.723 68.773 68.698 68.505 68.362 68.223 68.584 68.482 68.36 68.218 68.078 67.929 68.488 68.315 68.143 68.022 67.912 68.251 68.109 67.989 67.89 67.721 68.145 68.241 68.088 67.7 67.53 67.34 68.055
1300.1042 69.037 69.086 69.011 68.818 68.676 68.537 68.898 68.796 68.674 68.532 68.391 68.243 68.801 68.628 68.457 68.336 68.225 68.565 68.422 68.302 68.203 68.035 68.459 68.554 68.401 68.013 67.844 67.654 68.369
1331.4668 69.35 69.4 69.325 69.132 68.99 68.85 69.211 69.11 68.987 68.845 68.705 68.556 69.115 68.942 68.77 68.65 68.539 68.878 68.736 68.616 68.517 68.349 68.772 68.868 68.715 68.327 68.158 67.967 68.682
1363.586 69.664 69.713 69.639 69.446 69.303 69.164 69.525 69.423 69.301 69.159 69.018 68.87 69.428 69.256 69.084 68.963 68.852 69.192 69.049 68.929 68.83 68.662 69.086 69.181 69.028 68.64 68.471 68.281 68.996
1396.48 69.977 70.027 69.952 69.759 69.617 69.478 69.838 69.737 69.614 69.472 69.332 69.183 69.742 69.569 69.397 69.277 69.166 69.505 69.363 69.243 69.144 68.976 69.4 69.495 69.342 68.954 68.785 68.594 69.309
1430.1675 70.291 70.341 70.266 70.073 69.93 69.791 70.152 70.05 69.928 69.786 69.646 69.497 70.055 69.883 69.711 69.59 69.48 69.819 69.676 69.557 69.458 69.289 69.713 69.808 69.656 69.268 69.098 68.908 69.623
1464.6676 70.605 70.654 70.579 70.386 70.244 70.105 70.466 70.364 70.241 70.1 69.959 69.811 70.369 70.196 70.024 69.904 69.793 70.133 69.99 69.87 69.771 69.603 70.027 70.122 69.969 69.581 69.412 69.222 69.937
1500.0 70.918 70.968 70.893 70.7 70.557 70.418 70.779 70.677 70.555 70.413 70.273 70.124 70.682 70.51 70.338 70.217 70.107 70.446 70.304 70.184 70.085 69.916 70.34 70.436 70.283 69.895 69.725 69.535 70.25
