web/models/grb/offaxis/2/grb_0.2967_1.0000_0.0630957.dat
# %ECSV 1.0
# ---
# datatype:
# - {name: time, datatype: float64}
# - {name: swift_uvot_uvw2, datatype: float64}
# - {name: swift_uvot_uvm2, datatype: float64}
# - {name: swift_uvot_uvw1, datatype: float64}
# - {name: swift_uvot_U, datatype: float64}
# - {name: swift_uvot_B, datatype: float64}
# - {name: swift_uvot_V, datatype: float64}
# - {name: swift_uvot_W, datatype: float64}
# - {name: johnson_U, datatype: float64}
# - {name: johnson_B, datatype: float64}
# - {name: johnson_V, datatype: float64}
# - {name: johnson_R, datatype: float64}
# - {name: johnson_I, datatype: float64}
# - {name: sdss_u, datatype: float64}
# - {name: sdss_g, datatype: float64}
# - {name: sdss_r, datatype: float64}
# - {name: sdss_i, datatype: float64}
# - {name: sdss_z, datatype: float64}
# - {name: PS1_g, datatype: float64}
# - {name: PS1_r, datatype: float64}
# - {name: PS1_i, datatype: float64}
# - {name: PS1_z, datatype: float64}
# - {name: PS1_Y, datatype: float64}
# - {name: ukirt_J, datatype: float64}
# - {name: ukirt_H, datatype: float64}
# - {name: ukirt_K, datatype: float64}
# meta: !!omap
# - comment: [E = 0.00043396498804093575, Eta0 = 8.02, GammaB = 12.0, dL = 0.012188, epsb = 6.760829753919819e-06, epse = 0.1, n = 0.0630957344480193,
#     p = 2.15, theta_obs = 0.29670597283903605, xiN = 1.0, z = 0.0, type = grb, E_kiso = 1.0]
# schema: astropy-2.0
time swift_uvot_uvw2 swift_uvot_uvm2 swift_uvot_uvw1 swift_uvot_U swift_uvot_B swift_uvot_V swift_uvot_W johnson_U johnson_B johnson_V johnson_R johnson_I sdss_u sdss_g sdss_r sdss_i sdss_z PS1_g PS1_r PS1_i PS1_z PS1_Y ukirt_J ukirt_H ukirt_K
[from data line 301]
13.0619 4.611 4.661 4.586 4.393 4.25 4.111 4.472 4.37 4.248 4.106 3.966 3.817 4.375 4.203 4.031 3.91 3.8 4.139 3.997 3.877 3.778 3.609 3.588 3.418 3.228
13.377 4.66 4.709 4.635 4.442 4.299 4.16 4.521 4.419 4.297 4.155 4.014 3.866 4.424 4.252 4.08 3.959 3.849 4.188 4.045 3.926 3.827 3.658 3.637 3.467 3.277
13.6997 4.709 4.758 4.683 4.49 4.348 4.209 4.57 4.468 4.346 4.204 4.063 3.915 4.473 4.301 4.129 4.008 3.897 4.237 4.094 3.974 3.875 3.707 3.685 3.516 3.326
14.0302 4.758 4.807 4.732 4.539 4.397 4.258 4.619 4.517 4.395 4.253 4.112 3.964 4.522 4.349 4.178 4.057 3.946 4.286 4.143 4.023 3.924 3.756 3.734 3.565 3.375
14.3686 4.806 4.856 4.781 4.588 4.446 4.306 4.667 4.566 4.443 4.301 4.161 4.012 4.571 4.398 4.226 4.105 3.995 4.334 4.192 4.072 3.973 3.805 3.783 3.614 3.423
14.7153 4.851 4.901 4.826 4.633 4.49 4.351 4.712 4.61 4.488 4.346 4.206 4.057 4.615 4.443 4.271 4.15 4.04 4.379 4.236 4.117 4.018 3.849 3.828 3.658 3.468
15.0702 4.896 4.945 4.87 4.678 4.535 4.396 4.757 4.655 4.533 4.391 4.25 4.102 4.66 4.488 4.316 4.195 4.084 4.424 4.281 4.161 4.062 3.894 3.872 3.703 3.513
15.4338 4.941 4.99 4.915 4.722 4.58 4.441 4.802 4.7 4.577 4.436 4.295 4.147 4.705 4.532 4.361 4.24 4.129 4.469 4.326 4.206 4.107 3.939 3.917 3.748 3.558
15.8061 4.985 5.035 4.96 4.767 4.625 4.486 4.846 4.745 4.622 4.48 4.34 4.191 4.75 4.577 4.405 4.285 4.174 4.513 4.371 4.251 4.152 3.984 3.962 3.793 3.602
16.1874 5.03 5.08 5.005 4.812 4.669 4.53 4.891 4.79 4.667 4.525 4.385 4.236 4.795 4.622 4.45 4.329 4.219 4.558 4.416 4.296 4.197 4.029 4.007 3.837 3.647
16.5779 5.075 5.124 5.05 4.857 4.714 4.575 4.936 4.834 4.712 4.57 4.43 4.281 4.839 4.667 4.495 4.374 4.264 4.603 4.46 4.341 4.242 4.073 4.052 3.882 3.692
16.9778 5.12 5.169 5.094 4.901 4.759 4.62 4.981 4.879 4.757 4.615 4.474 4.326 4.884 4.712 4.54 4.419 4.308 4.648 4.505 4.385 4.286 4.118 4.096 3.927 3.737
17.3873 5.165 5.214 5.139 4.946 4.804 4.665 5.026 4.924 4.801 4.66 4.519 4.371 4.929 4.756 4.584 4.464 4.353 4.693 4.55 4.43 4.331 4.163 4.141 3.972 3.782
17.8068 5.209 5.259 5.184 4.991 4.849 4.71 5.07 4.969 4.846 4.704 4.564 4.415 4.974 4.801 4.629 4.509 4.398 4.737 4.595 4.475 4.376 4.208 4.186 4.017 3.826
18.2363 5.254 5.303 5.228 5.035 4.893 4.754 5.115 5.013 4.891 4.749 4.608 4.46 5.018 4.845 4.674 4.553 4.442 4.782 4.639 4.519 4.42 4.252 4.23 4.061 3.871
18.6762 5.296 5.346 5.271 5.078 4.936 4.796 5.157 5.056 4.933 4.791 4.651 4.502 5.061 4.888 4.716 4.596 4.485 4.824 4.682 4.562 4.463 4.295 4.273 4.104 3.913
19.1268 5.339 5.388 5.314 5.121 4.978 4.839 5.2 5.098 4.976 4.834 4.694 4.545 5.103 4.931 4.759 4.638 4.528 4.867 4.724 4.605 4.506 4.337 4.316 4.146 3.956
19.5882 5.382 5.431 5.356 5.163 5.021 4.882 5.243 5.141 5.018 4.877 4.736 4.588 5.146 4.973 4.802 4.681 4.57 4.91 4.767 4.647 4.548 4.38 4.358 4.189 3.999
20.0607 5.424 5.474 5.399 5.206 5.064 4.924 5.285 5.184 5.061 4.919 4.779 4.63 5.189 5.016 4.844 4.723 4.613 4.952 4.81 4.69 4.591 4.423 4.401 4.232 4.041
20.5446 5.467 5.516 5.442 5.249 5.106 4.967 5.328 5.226 5.104 4.962 4.821 4.673 5.231 5.059 4.887 4.766 4.655 4.995 4.852 4.733 4.633 4.465 4.444 4.274 4.084
21.0402 5.51 5.559 5.484 5.291 5.149 5.01 5.371 5.269 5.146 5.005 4.864 4.715 5.274 5.101 4.929 4.809 4.698 5.038 4.895 4.775 4.676 4.508 4.486 4.317 4.126
21.5478 5.552 5.602 5.527 5.334 5.191 5.052 5.413 5.311 5.189 5.047 4.907 4.758 5.317 5.144 4.972 4.851 4.741 5.08 4.938 4.818 4.719 4.55 4.529 4.359 4.169
22.0676 5.595 5.644 5.569 5.377 5.234 5.095 5.456 5.354 5.232 5.09 4.949 4.801 5.359 5.187 5.015 4.894 4.783 5.123 4.98 4.86 4.761 4.593 4.571 4.402 4.212
22.5999 5.637 5.687 5.612 5.419 5.277 5.138 5.498 5.397 5.274 5.132 4.992 4.843 5.402 5.229 5.057 4.937 4.826 5.165 5.023 4.903 4.804 4.636 4.614 4.445 4.254
23.1451 5.679 5.729 5.654 5.461 5.319 5.18 5.54 5.439 5.316 5.174 5.034 4.885 5.444 5.271 5.099 4.979 4.868 5.207 5.065 4.945 4.846 4.678 4.656 4.487 4.296
23.7034 5.72 5.77 5.695 5.502 5.359 5.22 5.581 5.479 5.357 5.215 5.075 4.926 5.485 5.312 5.14 5.019 4.909 5.248 5.106 4.986 4.887 4.718 4.697 4.527 4.337
24.2752 5.761 5.81 5.736 5.543 5.4 5.261 5.622 5.52 5.398 5.256 5.115 4.967 5.525 5.353 5.181 5.06 4.949 5.289 5.146 5.027 4.927 4.759 4.738 4.568 4.378
24.8608 5.802 5.851 5.776 5.583 5.441 5.302 5.663 5.561 5.439 5.297 5.156 5.008 5.566 5.393 5.222 5.101 4.99 5.33 5.187 5.067 4.968 4.8 4.778 4.609 4.419
25.4606 5.842 5.892 5.817 5.624 5.482 5.343 5.703 5.602 5.479 5.337 5.197 5.048 5.607 5.434 5.262 5.142 5.031 5.37 5.228 5.108 5.009 4.841 4.819 4.65 4.459
26.0748 5.883 5.933 5.858 5.665 5.522 5.383 5.744 5.642 5.52 5.378 5.238 5.089 5.647 5.475 5.303 5.182 5.072 5.411 5.269 5.149 5.05 4.881 4.86 4.69 4.5
26.7038 5.924 5.973 5.899 5.706 5.563 5.424 5.785 5.683 5.561 5.419 5.278 5.13 5.688 5.516 5.344 5.223 5.112 5.452 5.309 5.19 5.09 4.922 4.901 4.731 4.541
27.3479 5.965 6.014 5.939 5.746 5.604 5.465 5.826 5.724 5.602 5.46 5.319 5.171 5.729 5.556 5.385 5.264 5.153 5.493 5.35 5.23 5.131 4.963 4.941 4.772 4.582
28.0077 6.005 6.055 5.98 5.787 5.645 5.506 5.866 5.765 5.642 5.5 5.36 5.211 5.77 5.597 5.425 5.305 5.194 5.533 5.391 5.271 5.172 5.004 4.982 4.813 4.622
28.6833 6.046 6.096 6.021 5.828 5.685 5.546 5.907 5.805 5.683 5.541 5.401 5.252 5.81 5.638 5.466 5.345 5.235 5.574 5.432 5.312 5.213 5.044 5.023 4.853 4.663
29.3752 6.085 6.134 6.059 5.866 5.724 5.585 5.946 5.844 5.722 5.58 5.439 5.291 5.849 5.676 5.505 5.384 5.273 5.613 5.47 5.35 5.251 5.083 5.061 4.892 4.702
30.0838 6.121 6.171 6.096 5.903 5.76 5.621 5.982 5.88 5.758 5.616 5.476 5.327 5.885 5.713 5.541 5.42 5.31 5.649 5.506 5.387 5.288 5.119 5.098 4.928 4.738
30.8096 6.157 6.207 6.132 5.939 5.797 5.657 6.018 5.917 5.794 5.652 5.512 5.363 5.922 5.749 5.577 5.457 5.346 5.685 5.543 5.423 5.324 5.156 5.134 4.965 4.774
31.5528 6.194 6.243 6.168 5.975 5.833 5.694 6.055 5.953 5.831 5.689 5.548 5.4 5.958 5.785 5.614 5.493 5.382 5.722 5.579 5.459 5.36 5.192 5.17 5.001 4.811
32.3139 6.23 6.279 6.205 6.012 5.869 5.73 6.091 5.989 5.867 5.725 5.584 5.436 5.994 5.822 5.65 5.529 5.419 5.758 5.615 5.496 5.397 5.228 5.207 5.037 4.847
33.0935 6.266 6.316 6.241 6.048 5.906 5.766 6.127 6.026 5.903 5.761 5.621 5.472 6.031 5.858 5.686 5.566 5.455 5.794 5.652 5.532 5.433 5.265 5.243 5.074 4.883
33.8918 6.303 6.352 6.277 6.084 5.942 5.803 6.164 6.062 5.939 5.798 5.657 5.509 6.067 5.894 5.723 5.602 5.491 5.831 5.688 5.568 5.469 5.301 5.279 5.11 4.92
34.7093 6.339 6.388 6.314 6.121 5.978 5.839 6.2 6.098 5.976 5.834 5.693 5.545 6.103 5.931 5.759 5.638 5.528 5.867 5.724 5.605 5.506 5.337 5.316 5.146 4.956
35.5466 6.375 6.425 6.35 6.157 6.015 5.875 6.236 6.135 6.012 5.87 5.73 5.581 6.14 5.967 5.795 5.674 5.564 5.903 5.761 5.641 5.542 5.374 5.352 5.183 4.992
36.4041 6.412 6.461 6.386 6.193 6.051 5.912 6.273 6.171 6.048 5.907 5.766 5.618 6.176 6.003 5.831 5.711 5.6 5.94 5.797 5.677 5.578 5.41 5.388 5.219 5.029
37.2823 6.447 6.496 6.421 6.229 6.086 5.947 6.308 6.206 6.084 5.942 5.801 5.653 6.211 6.039 5.867 5.746 5.635 5.975 5.832 5.712 5.613 5.445 5.423 5.254 5.064
38.1817 6.482 6.531 6.456 6.263 6.121 5.982 6.342 6.241 6.118 5.977 5.836 5.687 6.246 6.073 5.901 5.781 5.67 6.01 5.867 5.747 5.648 5.48 5.458 5.289 5.098
39.1028 6.516 6.566 6.491 6.298 6.155 6.016 6.377 6.276 6.153 6.011 5.871 5.722 6.281 6.108 5.936 5.815 5.705 6.044 5.902 5.782 5.683 5.515 5.493 5.323 5.133
40.046 6.551 6.6 6.526 6.333 6.19 6.051 6.412 6.31 6.188 6.046 5.905 5.757 6.315 6.143 5.971 5.85 5.739 6.079 5.936 5.816 5.717 5.549 5.527 5.358 5.168
41.0121 6.586 6.635 6.56 6.367 6.225 6.086 6.447 6.345 6.222 6.081 5.94 5.791 6.35 6.177 6.005 5.885 5.774 6.114 5.971 5.851 5.752 5.584 5.562 5.393 5.202
42.0014 6.62 6.67 6.595 6.402 6.259 6.12 6.481 6.38 6.257 6.115 5.975 5.826 6.385 6.212 6.04 5.919 5.809 6.148 6.006 5.886 5.787 5.619 5.597 5.428 5.237
43.0146 6.655 6.704 6.63 6.437 6.294 6.155 6.516 6.414 6.292 6.15 6.009 5.861 6.419 6.247 6.075 5.954 5.843 6.183 6.04 5.92 5.821 5.653 5.632 5.462 5.272
44.0523 6.69 6.739 6.664 6.471 6.329 6.19 6.551 6.449 6.326 6.185 6.044 5.896 6.454 6.281 6.109 5.989 5.878 6.218 6.075 5.955 5.856 5.688 5.666 5.497 5.306
45.1149 6.724 6.774 6.699 6.506 6.364 6.224 6.585 6.484 6.361 6.219 6.079 5.93 6.489 6.316 6.144 6.023 5.913 6.252 6.11 5.99 5.891 5.723 5.701 5.532 5.341
46.2033 6.759 6.808 6.734 6.541 6.398 6.259 6.62 6.518 6.396 6.254 6.113 5.965 6.523 6.351 6.179 6.058 5.947 6.287 6.144 6.025 5.925 5.757 5.736 5.566 5.376
47.3178 6.792 6.841 6.767 6.574 6.431 6.292 6.653 6.551 6.429 6.287 6.146 5.998 6.556 6.384 6.212 6.091 5.98 6.32 6.177 6.058 5.958 5.79 5.769 5.599 5.409
48.4593 6.824 6.874 6.799 6.606 6.464 6.325 6.685 6.584 6.461 6.319 6.179 6.03 6.589 6.416 6.244 6.124 6.013 6.352 6.21 6.09 5.991 5.823 5.801 5.632 5.441
49.6283 6.857 6.906 6.832 6.639 6.496 6.357 6.718 6.616 6.494 6.352 6.211 6.063 6.621 6.449 6.277 6.156 6.046 6.385 6.242 6.123 6.024 5.855 5.834 5.664 5.474
50.8255 6.89 6.939 6.864 6.671 6.529 6.39 6.75 6.649 6.526 6.384 6.244 6.095 6.654 6.481 6.309 6.189 6.078 6.417 6.275 6.155 6.056 5.888 5.866 5.697 5.506
52.0515 6.922 6.972 6.897 6.704 6.561 6.422 6.783 6.681 6.559 6.417 6.277 6.128 6.686 6.514 6.342 6.221 6.111 6.45 6.307 6.188 6.089 5.92 5.899 5.729 5.539
53.3072 6.955 7.004 6.929 6.736 6.594 6.455 6.816 6.714 6.591 6.45 6.309 6.16 6.719 6.546 6.374 6.254 6.143 6.483 6.34 6.22 6.121 5.953 5.931 5.762 5.571
54.5931 6.987 7.037 6.962 6.769 6.626 6.487 6.848 6.746 6.624 6.482 6.342 6.193 6.751 6.579 6.407 6.286 6.176 6.515 6.373 6.253 6.154 5.985 5.964 5.794 5.604
55.9101 7.02 7.069 6.994 6.801 6.659 6.52 6.881 6.779 6.656 6.515 6.374 6.226 6.784 6.611 6.44 6.319 6.208 6.548 6.405 6.285 6.186 6.018 5.996 5.827 5.637
57.2588 7.052 7.102 7.027 6.834 6.691 6.552 6.913 6.811 6.689 6.547 6.407 6.258 6.816 6.644 6.472 6.351 6.241 6.58 6.438 6.318 6.219 6.05 6.029 5.859 5.669
58.6401 7.085 7.134 7.059 6.866 6.724 6.585 6.946 6.844 6.722 6.58 6.439 6.291 6.849 6.676 6.505 6.384 6.273 6.613 6.47 6.35 6.251 6.083 6.061 5.892 5.702
60.0546 7.124 7.174 7.099 6.906 6.763 6.624 6.985 6.883 6.761 6.619 6.479 6.33 6.888 6.716 6.544 6.423 6.313 6.652 6.51 6.39 6.291 6.122 6.101 5.931 5.741
61.5034 7.164 7.214 7.139 6.946 6.803 6.664 7.025 6.924 6.801 6.659 6.519 6.37 6.929 6.756 6.584 6.463 6.353 6.692 6.55 6.43 6.331 6.163 6.141 5.971 5.781
62.987 7.204 7.254 7.179 6.986 6.844 6.704 7.065 6.964 6.841 6.699 6.559 6.41 6.969 6.796 6.624 6.503 6.393 6.732 6.59 6.47 6.371 6.203 6.181 6.012 5.821
64.5065 7.244 7.294 7.219 7.026 6.884 6.744 7.105 7.004 6.881 6.739 6.599 6.45 7.009 6.836 6.664 6.544 6.433 6.772 6.63 6.51 6.411 6.243 6.221 6.052 5.861
66.0626 7.284 7.334 7.259 7.066 6.924 6.784 7.145 7.044 6.921 6.779 6.639 6.49 7.049 6.876 6.704 6.584 6.473 6.812 6.67 6.55 6.451 6.283 6.261 6.092 5.901
67.6562 7.324 7.374 7.299 7.106 6.964 6.825 7.185 7.084 6.961 6.819 6.679 6.53 7.089 6.916 6.744 6.624 6.513 6.852 6.71 6.59 6.491 6.323 6.301 6.132 5.941
69.2883 7.364 7.414 7.339 7.146 7.004 6.865 7.225 7.124 7.001 6.859 6.719 6.57 7.129 6.956 6.784 6.664 6.553 6.892 6.75 6.63 6.531 6.363 6.341 6.172 5.981
70.9597 7.405 7.454 7.379 7.186 7.044 6.905 7.265 7.164 7.041 6.899 6.759 6.61 7.169 6.996 6.824 6.704 6.593 6.932 6.79 6.67 6.571 6.403 6.381 6.212 6.021
72.6715 7.445 7.494 7.419 7.226 7.084 6.945 7.305 7.204 7.081 6.94 6.799 6.65 7.209 7.036 6.864 6.744 6.633 6.973 6.83 6.71 6.611 6.443 6.421 6.252 6.061
74.4246 7.487 7.536 7.461 7.268 7.126 6.987 7.347 7.246 7.123 6.982 6.841 6.692 7.251 7.078 6.906 6.786 6.675 7.014 6.872 6.752 6.653 6.485 6.463 6.294 6.103
76.2199 7.554 7.604 7.529 7.336 7.193 7.054 7.415 7.313 7.191 7.049 6.909 6.76 7.318 7.146 6.974 6.853 6.743 7.082 6.939 6.82 6.721 6.552 6.531 6.361 6.171
78.0586 7.622 7.671 7.596 7.403 7.261 7.122 7.483 7.381 7.258 7.117 6.976 6.828 7.386 7.213 7.041 6.921 6.81 7.15 7.007 6.887 6.788 6.62 6.598 6.429 6.239
79.9416 7.689 7.739 7.664 7.471 7.328 7.189 7.55 7.448 7.326 7.184 7.044 6.895 7.453 7.281 7.109 6.988 6.878 7.217 7.075 6.955 6.856 6.687 6.666 6.496 6.306
81.87 7.757 7.806 7.731 7.538 7.396 7.257 7.618 7.516 7.394 7.252 7.111 6.963 7.521 7.348 7.177 7.056 6.945 7.285 7.142 7.022 6.923 6.755 6.733 6.564 6.374
83.845 7.824 7.874 7.799 7.606 7.463 7.324 7.685 7.584 7.461 7.319 7.179 7.03 7.589 7.416 7.244 7.123 7.013 7.352 7.21 7.09 6.991 6.823 6.801 6.631 6.441
85.8676 7.892 7.941 7.866 7.673 7.531 7.392 7.753 7.651 7.529 7.387 7.246 7.098 7.656 7.484 7.312 7.191 7.08 7.42 7.277 7.157 7.058 6.89 6.868 6.699 6.509
87.939 7.959 8.009 7.934 7.741 7.599 7.459 7.82 7.719 7.596 7.454 7.314 7.165 7.724 7.551 7.379 7.259 7.148 7.487 7.345 7.225 7.126 6.958 6.936 6.767 6.576
90.0604 8.027 8.076 8.001 7.809 7.666 7.527 7.888 7.786 7.664 7.522 7.381 7.233 7.791 7.619 7.447 7.326 7.215 7.555 7.412 7.292 7.193 7.025 7.003 6.834 6.644
92.2329 8.094 8.144 8.069 7.876 7.734 7.595 7.955 7.854 7.731 7.589 7.449 7.3 7.859 7.686 7.514 7.394 7.283 7.622 7.48 7.36 7.261 7.093 7.071 6.902 6.711
94.4579 8.169 8.219 8.144 7.951 7.808 7.669 8.03 7.928 7.806 7.664 7.524 7.375 7.933 7.761 7.589 7.468 7.358 7.697 7.555 7.435 7.336 7.167 7.146 6.976 6.786
96.7365 8.271 8.32 8.245 8.052 7.91 7.771 8.131 8.03 7.907 7.765 7.625 7.476 8.035 7.862 7.69 7.57 7.459 7.798 7.656 7.536 7.437 7.269 7.247 7.078 6.887
99.0701 8.372 8.421 8.346 8.153 8.011 7.872 8.233 8.131 8.009 7.867 7.726 7.578 8.136 7.964 7.792 7.671 7.56 7.9 7.757 7.637 7.538 7.37 7.348 7.179 6.989
101.4599 8.473 8.523 8.448 8.255 8.112 7.973 8.334 8.232 8.11 7.968 7.828 7.679 8.237 8.065 7.893 7.772 7.662 8.001 7.859 7.739 7.64 7.471 7.45 7.28 7.09
103.9075 8.575 8.624 8.549 8.356 8.214 8.075 8.435 8.334 8.211 8.069 7.929 7.78 8.339 8.166 7.994 7.874 7.763 8.102 7.96 7.84 7.741 7.573 7.551 7.382 7.191
106.4141 8.676 8.725 8.65 8.457 8.315 8.176 8.537 8.435 8.313 8.171 8.03 7.882 8.44 8.268 8.096 7.975 7.864 8.204 8.061 7.941 7.842 7.674 7.652 7.483 7.293
108.9811 8.777 8.827 8.752 8.559 8.416 8.277 8.638 8.536 8.414 8.272 8.132 7.983 8.541 8.369 8.197 8.076 7.966 8.305 8.163 8.043 7.944 7.775 7.754 7.584 7.394
111.6101 8.879 8.928 8.853 8.66 8.518 8.379 8.739 8.638 8.515 8.373 8.233 8.084 8.643 8.47 8.298 8.178 8.067 8.406 8.264 8.144 8.045 7.877 7.855 7.686 7.495
114.3025 8.98 9.029 8.954 8.761 8.619 8.48 8.841 8.739 8.617 8.475 8.334 8.186 8.744 8.572 8.4 8.279 8.168 8.508 8.365 8.245 8.146 7.978 7.956 7.787 7.597
117.0598 9.081 9.131 9.056 8.863 8.72 8.581 8.942 8.84 8.718 8.576 8.436 8.287 8.845 8.673 8.501 8.38 8.27 8.609 8.467 8.347 8.248 8.079 8.058 7.888 7.698
119.8836 9.205 9.254 9.179 8.986 8.844 8.705 9.066 8.964 8.842 8.7 8.559 8.411 8.969 8.797 8.625 8.504 8.393 8.733 8.59 8.47 8.371 8.203 8.181 8.012 7.822
122.7756 9.369 9.418 9.343 9.15 9.008 8.869 9.23 9.128 9.006 8.864 8.723 8.575 9.133 8.961 8.789 8.668 8.557 8.897 8.754 8.634 8.535 8.367 8.345 8.176 7.986
125.7373 9.533 9.582 9.507 9.315 9.172 9.033 9.394 9.292 9.17 9.028 8.887 8.739 9.297 9.125 8.953 8.832 8.721 9.061 8.918 8.798 8.699 8.531 8.509 8.34 8.15
128.7705 9.697 9.746 9.671 9.479 9.336 9.197 9.558 9.456 9.334 9.192 9.051 8.903 9.461 9.289 9.117 8.996 8.885 9.225 9.082 8.962 8.863 8.695 8.673 8.504 8.314
131.8769 9.861 9.91 9.835 9.643 9.5 9.361 9.722 9.62 9.498 9.356 9.215 9.067 9.625 9.453 9.281 9.16 9.049 9.389 9.246 9.126 9.027 8.859 8.837 8.668 8.478
135.0582 10.025 10.074 9.999 9.807 9.664 9.525 9.886 9.784 9.662 9.52 9.379 9.231 9.789 9.617 9.445 9.324 9.213 9.553 9.41 9.29 9.191 9.023 9.001 8.832 8.642
138.3162 10.189 10.238 10.163 9.971 9.828 9.689 10.05 9.948 9.826 9.684 9.543 9.395 9.953 9.781 9.609 9.488 9.377 9.717 9.574 9.454 9.355 9.187 9.165 8.996 8.806
141.6528 10.353 10.402 10.327 10.135 9.992 9.853 10.214 10.112 9.99 9.848 9.707 9.559 10.117 9.945 9.773 9.652 9.541 9.881 9.738 9.618 9.519 9.351 9.329 9.16 8.97
145.0699 10.517 10.566 10.491 10.299 10.156 10.017 10.378 10.276 10.154 10.012 9.871 9.723 10.281 10.109 9.937 9.816 9.705 10.045 9.902 9.782 9.683 9.515 9.493 9.324 9.134
