web/models/kne.last_good/kappa_0.5_3.0.v1/24/villar_0.0224_0.4217_3.0000.dat
# %ECSV 1.0
# ---
# datatype:
# - {name: time, datatype: float64}
# - {name: swift_uvot_uvw2, datatype: float64}
# - {name: swift_uvot_uvm2, datatype: float64}
# - {name: swift_uvot_uvw1, datatype: float64}
# - {name: swift_uvot_U, datatype: float64}
# - {name: swift_uvot_B, datatype: float64}
# - {name: swift_uvot_V, datatype: float64}
# - {name: swift_uvot_W, datatype: float64}
# - {name: johnson_U, datatype: float64}
# - {name: johnson_B, datatype: float64}
# - {name: johnson_V, datatype: float64}
# - {name: johnson_R, datatype: float64}
# - {name: johnson_I, datatype: float64}
# - {name: sdss_u, datatype: float64}
# - {name: sdss_g, datatype: float64}
# - {name: sdss_r, datatype: float64}
# - {name: sdss_i, datatype: float64}
# - {name: sdss_z, datatype: float64}
# - {name: PS1_g, datatype: float64}
# - {name: PS1_r, datatype: float64}
# - {name: PS1_i, datatype: float64}
# - {name: PS1_z, datatype: float64}
# - {name: PS1_Y, datatype: float64}
# - {name: PS1_w, datatype: float64}
# - {name: ATLAS_c, datatype: float64}
# - {name: ATLAS_o, datatype: float64}
# - {name: ukirt_J, datatype: float64}
# - {name: ukirt_H, datatype: float64}
# - {name: ukirt_K, datatype: float64}
# - {name: Clear, datatype: float64}
# meta: !!omap
# - comment: [kappa = 3.0, type = villar, mass = 0.022360679775100388, velocity = 0.4216666666666667, theta_obs = 0.0]
# schema: astropy-2.0
time swift_uvot_uvw2 swift_uvot_uvm2 swift_uvot_uvw1 swift_uvot_U swift_uvot_B swift_uvot_V swift_uvot_W johnson_U johnson_B johnson_V johnson_R johnson_I sdss_u sdss_g sdss_r sdss_i sdss_z PS1_g PS1_r PS1_i PS1_z PS1_Y PS1_w ATLAS_c ATLAS_o ukirt_J ukirt_H ukirt_K Clear
[from data line 213]
0.570517 -9.599 -9.215 -10.719 -12.438 -13.502 -14.2 -12.575 -12.635 -13.52 -14.218 -14.625 -14.84 -12.578 -13.778 -14.474 -14.744 -14.862 -13.904 -14.491 -14.76 -14.867 -14.935 -14.431 -14.124 -14.604 -14.834 -14.633 -14.28 -14.392
0.587772 -9.572 -9.127 -10.662 -12.399 -13.483 -14.197 -12.558 -12.599 -13.502 -14.216 -14.636 -14.861 -12.541 -13.765 -14.479 -14.759 -14.884 -13.895 -14.497 -14.775 -14.888 -14.96 -14.437 -14.121 -14.614 -14.866 -14.67 -14.323 -14.4
0.605549 -9.546 -9.037 -10.604 -12.358 -13.464 -14.193 -12.541 -12.562 -13.483 -14.213 -14.646 -14.881 -12.502 -13.752 -14.483 -14.773 -14.905 -13.885 -14.502 -14.79 -14.908 -14.984 -14.443 -14.117 -14.623 -14.898 -14.708 -14.364 -14.406
0.623863 -9.521 -8.945 -10.543 -12.316 -13.442 -14.188 -12.522 -12.523 -13.462 -14.208 -14.655 -14.901 -12.462 -13.737 -14.486 -14.786 -14.926 -13.873 -14.505 -14.803 -14.928 -15.007 -14.448 -14.111 -14.631 -14.929 -14.745 -14.406 -14.412
0.642731 -9.497 -8.849 -10.481 -12.271 -13.419 -14.181 -12.502 -12.483 -13.439 -14.203 -14.663 -14.919 -12.419 -13.721 -14.488 -14.798 -14.946 -13.86 -14.507 -14.816 -14.946 -15.03 -14.452 -14.105 -14.638 -14.96 -14.781 -14.447 -14.417
0.66217 -9.474 -8.751 -10.417 -12.224 -13.394 -14.173 -12.481 -12.44 -13.415 -14.196 -14.669 -14.937 -12.375 -13.703 -14.489 -14.809 -14.965 -13.846 -14.509 -14.827 -14.964 -15.052 -14.454 -14.097 -14.644 -14.99 -14.817 -14.488 -14.421
0.682197 -9.453 -8.65 -10.351 -12.175 -13.367 -14.164 -12.459 -12.395 -13.39 -14.187 -14.675 -14.954 -12.328 -13.683 -14.488 -14.819 -14.983 -13.83 -14.509 -14.838 -14.981 -15.074 -14.456 -14.087 -14.649 -15.02 -14.853 -14.528 -14.423
0.70283 -9.433 -8.545 -10.283 -12.124 -13.339 -14.153 -12.435 -12.348 -13.362 -14.177 -14.68 -14.97 -12.279 -13.662 -14.486 -14.828 -15.0 -13.813 -14.507 -14.848 -14.997 -15.094 -14.456 -14.076 -14.653 -15.049 -14.888 -14.569 -14.425
0.724086 -9.414 -8.438 -10.212 -12.07 -13.309 -14.141 -12.41 -12.298 -13.333 -14.166 -14.684 -14.985 -12.228 -13.639 -14.483 -14.837 -15.017 -13.794 -14.505 -14.856 -15.013 -15.114 -14.455 -14.064 -14.656 -15.077 -14.923 -14.608 -14.426
0.745986 -9.397 -8.327 -10.14 -12.014 -13.277 -14.127 -12.383 -12.246 -13.302 -14.153 -14.686 -15.0 -12.174 -13.614 -14.479 -14.843 -15.032 -13.773 -14.501 -14.863 -15.027 -15.133 -14.453 -14.05 -14.657 -15.105 -14.957 -14.648 -14.426
0.768548 -9.38 -8.213 -10.065 -11.956 -13.242 -14.111 -12.355 -12.192 -13.268 -14.138 -14.687 -15.013 -12.118 -13.588 -14.472 -14.849 -15.047 -13.751 -14.496 -14.87 -15.04 -15.151 -14.45 -14.035 -14.657 -15.132 -14.991 -14.687 -14.424
0.791792 -9.366 -8.096 -9.988 -11.895 -13.206 -14.094 -12.325 -12.135 -13.233 -14.122 -14.687 -15.025 -12.059 -13.559 -14.465 -14.854 -15.06 -13.727 -14.489 -14.874 -15.052 -15.168 -14.445 -14.018 -14.656 -15.158 -15.024 -14.726 -14.422
0.815739 -9.352 -7.975 -9.909 -11.831 -13.167 -14.075 -12.294 -12.076 -13.195 -14.104 -14.685 -15.036 -11.997 -13.529 -14.456 -14.857 -15.073 -13.701 -14.48 -14.878 -15.063 -15.184 -14.439 -13.999 -14.653 -15.183 -15.057 -14.764 -14.418
0.840411 -9.34 -7.851 -9.826 -11.764 -13.126 -14.054 -12.261 -12.013 -13.155 -14.084 -14.682 -15.046 -11.933 -13.496 -14.445 -14.858 -15.084 -13.673 -14.47 -14.88 -15.073 -15.199 -14.432 -13.978 -14.649 -15.208 -15.089 -14.801 -14.413
0.865828 -9.329 -7.723 -9.742 -11.694 -13.083 -14.031 -12.226 -11.948 -13.113 -14.062 -14.677 -15.054 -11.865 -13.461 -14.432 -14.859 -15.094 -13.644 -14.459 -14.881 -15.082 -15.213 -14.423 -13.956 -14.643 -15.232 -15.12 -14.839 -14.406
0.892015 -9.319 -7.591 -9.654 -11.621 -13.037 -14.006 -12.189 -11.88 -13.068 -14.038 -14.671 -15.062 -11.795 -13.424 -14.418 -14.858 -15.103 -13.612 -14.445 -14.881 -15.089 -15.226 -14.412 -13.931 -14.636 -15.255 -15.151 -14.875 -14.398
0.918993 -9.31 -7.455 -9.564 -11.545 -12.988 -13.978 -12.15 -11.808 -13.021 -14.012 -14.663 -15.068 -11.721 -13.384 -14.402 -14.855 -15.11 -13.578 -14.43 -14.879 -15.096 -15.238 -14.4 -13.905 -14.627 -15.277 -15.181 -14.912 -14.389
0.946787 -9.302 -7.315 -9.471 -11.465 -12.937 -13.949 -12.109 -11.734 -12.971 -13.984 -14.654 -15.073 -11.644 -13.342 -14.383 -14.851 -15.116 -13.541 -14.413 -14.875 -15.1 -15.248 -14.386 -13.876 -14.617 -15.298 -15.21 -14.947 -14.378
0.975422 -9.295 -7.172 -9.375 -11.381 -12.882 -13.917 -12.067 -11.655 -12.918 -13.953 -14.642 -15.076 -11.563 -13.297 -14.363 -14.845 -15.121 -13.503 -14.394 -14.87 -15.103 -15.257 -14.37 -13.845 -14.604 -15.318 -15.239 -14.982 -14.366
1.004923 -9.289 -7.024 -9.276 -11.294 -12.825 -13.882 -12.021 -11.573 -12.862 -13.92 -14.629 -15.078 -11.478 -13.249 -14.34 -14.837 -15.124 -13.462 -14.372 -14.862 -15.105 -15.265 -14.352 -13.811 -14.59 -15.337 -15.266 -15.017 -14.352
1.035317 -9.283 -6.873 -9.173 -11.203 -12.764 -13.845 -11.974 -11.487 -12.803 -13.884 -14.614 -15.078 -11.39 -13.199 -14.316 -14.827 -15.126 -13.418 -14.349 -14.853 -15.105 -15.272 -14.332 -13.776 -14.573 -15.355 -15.293 -15.051 -14.337
1.066629 -9.278 -6.718 -9.068 -11.107 -12.7 -13.805 -11.924 -11.398 -12.741 -13.846 -14.596 -15.076 -11.297 -13.145 -14.288 -14.815 -15.126 -13.372 -14.323 -14.842 -15.104 -15.277 -14.31 -13.737 -14.555 -15.372 -15.319 -15.084 -14.319
1.098888 -9.273 -6.559 -8.958 -11.008 -12.633 -13.762 -11.871 -11.303 -12.675 -13.805 -14.577 -15.073 -11.2 -13.088 -14.258 -14.801 -15.124 -13.322 -14.294 -14.829 -15.1 -15.28 -14.286 -13.696 -14.534 -15.387 -15.344 -15.116 -14.3
1.132124 -9.269 -6.397 -8.845 -10.903 -12.562 -13.716 -11.816 -11.205 -12.606 -13.76 -14.555 -15.068 -11.098 -13.028 -14.226 -14.785 -15.12 -13.27 -14.263 -14.814 -15.095 -15.282 -14.259 -13.652 -14.511 -15.402 -15.368 -15.148 -14.279
1.166364 -9.265 -6.232 -8.728 -10.794 -12.486 -13.667 -11.758 -11.101 -12.532 -13.713 -14.53 -15.06 -10.992 -12.964 -14.191 -14.767 -15.115 -13.215 -14.23 -14.797 -15.087 -15.282 -14.23 -13.604 -14.485 -15.415 -15.391 -15.179 -14.256
1.20164 -9.261 -6.064 -8.607 -10.679 -12.407 -13.615 -11.696 -10.993 -12.455 -13.662 -14.503 -15.051 -10.88 -12.896 -14.152 -14.746 -15.107 -13.157 -14.193 -14.777 -15.078 -15.28 -14.198 -13.554 -14.456 -15.426 -15.413 -15.209 -14.23
1.237983 -9.257 -5.895 -8.482 -10.559 -12.323 -13.558 -11.632 -10.879 -12.373 -13.608 -14.474 -15.04 -10.763 -12.824 -14.111 -14.723 -15.097 -13.095 -14.154 -14.754 -15.066 -15.276 -14.164 -13.5 -14.425 -15.436 -15.433 -15.238 -14.203
1.275425 -9.253 -5.724 -8.353 -10.433 -12.235 -13.498 -11.564 -10.76 -12.287 -13.55 -14.441 -15.026 -10.64 -12.748 -14.066 -14.696 -15.085 -13.03 -14.111 -14.729 -15.052 -15.27 -14.127 -13.442 -14.391 -15.444 -15.453 -15.266 -14.173
1.313999 -9.248 -5.554 -8.219 -10.301 -12.141 -13.434 -11.493 -10.635 -12.196 -13.488 -14.405 -15.01 -10.511 -12.667 -14.018 -14.667 -15.071 -12.962 -14.065 -14.701 -15.036 -15.262 -14.086 -13.381 -14.354 -15.45 -15.471 -15.293 -14.14
1.35374 -9.243 -5.384 -8.08 -10.163 -12.043 -13.366 -11.418 -10.503 -12.1 -13.422 -14.366 -14.991 -10.376 -12.582 -13.965 -14.635 -15.054 -12.889 -14.015 -14.67 -15.016 -15.251 -14.043 -13.316 -14.314 -15.455 -15.487 -15.32 -14.105
1.394683 -9.237 -5.218 -7.935 -10.017 -11.939 -13.293 -11.339 -10.365 -11.998 -13.351 -14.324 -14.969 -10.234 -12.492 -13.909 -14.599 -15.034 -12.813 -13.962 -14.635 -14.994 -15.238 -13.995 -13.246 -14.27 -15.458 -15.503 -15.345 -14.068
1.436864 -9.23 -5.056 -7.786 -9.865 -11.829 -13.215 -11.256 -10.22 -11.891 -13.276 -14.278 -14.945 -10.085 -12.396 -13.849 -14.56 -15.011 -12.733 -13.904 -14.597 -14.969 -15.223 -13.945 -13.172 -14.222 -15.458 -15.516 -15.369 -14.027
1.480321 -9.223 -4.9 -7.631 -9.705 -11.712 -13.132 -11.168 -10.067 -11.778 -13.196 -14.228 -14.917 -9.928 -12.294 -13.784 -14.517 -14.985 -12.648 -13.842 -14.556 -14.941 -15.204 -13.89 -13.093 -14.17 -15.457 -15.528 -15.391 -13.984
1.525092 -9.214 -4.752 -7.47 -9.536 -11.589 -13.044 -11.076 -9.907 -11.658 -13.11 -14.174 -14.886 -9.762 -12.187 -13.715 -14.471 -14.956 -12.559 -13.776 -14.511 -14.91 -15.183 -13.831 -13.009 -14.114 -15.453 -15.538 -15.412 -13.937
1.571218 -9.204 -4.614 -7.303 -9.359 -11.459 -12.95 -10.979 -9.738 -11.531 -13.019 -14.116 -14.851 -9.588 -12.073 -13.64 -14.42 -14.923 -12.466 -13.705 -14.461 -14.874 -15.158 -13.768 -12.919 -14.054 -15.446 -15.547 -15.432 -13.888
1.618738 -9.193 -4.487 -7.129 -9.172 -11.322 -12.849 -10.876 -9.559 -11.397 -12.921 -14.053 -14.813 -9.405 -11.952 -13.56 -14.364 -14.886 -12.368 -13.629 -14.407 -14.835 -15.131 -13.7 -12.824 -13.989 -15.437 -15.553 -15.451 -13.835
1.667696 -9.18 -4.371 -6.947 -8.975 -11.176 -12.742 -10.768 -9.372 -11.256 -12.818 -13.985 -14.77 -9.212 -11.824 -13.474 -14.304 -14.846 -12.265 -13.548 -14.349 -14.792 -15.099 -13.627 -12.723 -13.919 -15.425 -15.557 -15.467 -13.778
1.718134 -9.165 -4.269 -6.759 -8.768 -11.022 -12.628 -10.655 -9.173 -11.105 -12.707 -13.911 -14.724 -9.008 -11.688 -13.382 -14.238 -14.801 -12.158 -13.461 -14.285 -14.745 -15.064 -13.549 -12.614 -13.844 -15.41 -15.559 -15.482 -13.717
1.770098 -9.148 -4.178 -6.562 -8.549 -10.859 -12.506 -10.535 -8.964 -10.946 -12.589 -13.832 -14.672 -8.793 -11.544 -13.283 -14.167 -14.752 -12.046 -13.367 -14.217 -14.692 -15.025 -13.465 -12.499 -13.762 -15.392 -15.558 -15.495 -13.653
1.823633 -9.129 -4.098 -6.357 -8.318 -10.685 -12.376 -10.408 -8.743 -10.778 -12.463 -13.747 -14.616 -8.566 -11.39 -13.177 -14.091 -14.697 -11.929 -13.268 -14.142 -14.635 -14.981 -13.375 -12.376 -13.675 -15.37 -15.554 -15.507 -13.584
1.878788 -9.108 -4.028 -6.142 -8.074 -10.502 -12.237 -10.275 -8.509 -10.599 -12.328 -13.656 -14.555 -8.326 -11.227 -13.063 -14.007 -14.637 -11.807 -13.161 -14.062 -14.573 -14.933 -13.278 -12.246 -13.581 -15.344 -15.548 -15.516 -13.512
1.93561 -9.084 -3.967 -5.918 -7.816 -10.306 -12.089 -10.134 -8.262 -10.41 -12.185 -13.557 -14.487 -8.072 -11.054 -12.942 -13.917 -14.572 -11.681 -13.048 -13.974 -14.504 -14.879 -13.174 -12.106 -13.479 -15.315 -15.539 -15.522 -13.434
1.994152 -9.058 -3.912 -5.683 -7.542 -10.099 -11.931 -9.985 -8.0 -10.208 -12.031 -13.451 -14.414 -7.803 -10.869 -12.811 -13.82 -14.501 -11.55 -12.926 -13.88 -14.429 -14.82 -13.063 -11.957 -13.371 -15.281 -15.526 -15.527 -13.352
2.054463 -9.029 -3.861 -5.437 -7.253 -9.879 -11.762 -9.828 -7.722 -9.994 -11.868 -13.337 -14.334 -7.517 -10.673 -12.671 -13.715 -14.422 -11.415 -12.797 -13.778 -14.348 -14.756 -12.944 -11.798 -13.254 -15.242 -15.51 -15.528 -13.266
2.116599 -8.996 -3.812 -5.179 -6.945 -9.644 -11.581 -9.663 -7.427 -9.766 -11.693 -13.214 -14.247 -7.214 -10.464 -12.521 -13.601 -14.337 -11.277 -12.658 -13.669 -14.26 -14.685 -12.816 -11.629 -13.128 -15.198 -15.489 -15.527 -13.174
2.180614 -8.96 -3.765 -4.908 -6.619 -9.394 -11.388 -9.488 -7.114 -9.524 -11.505 -13.081 -14.152 -6.893 -10.241 -12.36 -13.478 -14.244 -11.136 -12.511 -13.55 -14.163 -14.608 -12.679 -11.447 -12.992 -15.149 -15.465 -15.523 -13.077
2.246566 -8.92 -3.718 -4.622 -6.273 -9.128 -11.181 -9.304 -6.781 -9.266 -11.305 -12.939 -14.05 -6.551 -10.002 -12.186 -13.345 -14.143 -10.993 -12.354 -13.422 -14.059 -14.523 -12.531 -11.253 -12.847 -15.094 -15.436 -15.515 -12.975
2.314511 -8.876 -3.669 -4.321 -5.904 -8.844 -10.959 -9.11 -6.427 -8.991 -11.09 -12.786 -13.938 -6.187 -9.748 -12.0 -13.202 -14.033 -10.848 -12.187 -13.284 -13.945 -14.431 -12.373 -11.046 -12.69 -15.032 -15.403 -15.504 -12.867
2.384512 -8.828 -3.617 -4.004 -5.512 -8.541 -10.721 -8.906 -6.05 -8.697 -10.86 -12.621 -13.816 -5.799 -9.476 -11.8 -13.047 -13.913 -10.703 -12.01 -13.136 -13.822 -14.331 -12.203 -10.824 -12.521 -14.963 -15.364 -15.489 -12.754
2.45663 -8.775 -3.562 -3.668 -5.093 -8.217 -10.465 -8.692 -5.647 -8.384 -10.613 -12.443 -13.684 -5.386 -9.185 -11.585 -12.879 -13.783 -10.558 -11.821 -12.975 -13.688 -14.221 -12.02 -10.586 -12.339 -14.887 -15.319 -15.469 -12.635
2.530929 -8.717 -3.503 -3.313 -4.647 -7.87 -10.191 -8.467 -5.217 -8.049 -10.348 -12.251 -13.541 -4.944 -8.874 -11.353 -12.698 -13.641 -10.414 -11.622 -12.802 -13.542 -14.102 -11.823 -10.331 -12.143 -14.802 -15.268 -15.445 -12.51
2.607475 -8.653 -3.438 -2.936 -4.169 -7.498 -9.896 -8.232 -4.757 -7.69 -10.063 -12.045 -13.386 -4.472 -8.54 -11.104 -12.501 -13.487 -10.272 -11.411 -12.616 -13.385 -13.973 -11.611 -10.057 -11.932 -14.709 -15.21 -15.416 -12.379
2.686337 -8.584 -3.368 -2.536 -3.658 -7.1 -9.578 -7.986 -4.265 -7.306 -9.757 -11.822 -13.217 -3.967 -8.181 -10.834 -12.288 -13.318 -10.133 -11.19 -12.416 -13.214 -13.833 -11.383 -9.763 -11.704 -14.605 -15.145 -15.382 -12.243
2.767583 -8.507 -3.292 -2.11 -3.111 -6.672 -9.237 -7.732 -3.738 -6.893 -9.427 -11.581 -13.033 -3.425 -7.796 -10.544 -12.058 -13.136 -9.995 -10.958 -12.2 -13.028 -13.68 -11.136 -9.446 -11.458 -14.491 -15.072 -15.342 -12.101
2.851287 -8.424 -3.209 -1.657 -2.524 -6.212 -8.868 -7.469 -3.172 -6.451 -9.072 -11.321 -12.834 -2.844 -7.382 -10.23 -11.808 -12.936 -9.86 -10.716 -11.967 -12.827 -13.515 -10.87 -9.105 -11.192 -14.365 -14.99 -15.295 -11.954
2.937522 -8.333 -3.118 -1.173 -1.893 -5.717 -8.47 -7.2 -2.563 -5.975 -8.689 -11.039 -12.617 -2.219 -6.935 -9.89 -11.537 -12.719 -9.726 -10.466 -11.718 -12.609 -13.336 -10.583 -8.738 -10.904 -14.227 -14.898 -15.241 -11.8
3.026365 -8.234 -3.018 -0.656 -1.214 -5.184 -8.039 -6.926 -1.908 -5.463 -8.275 -10.735 -12.381 -1.546 -6.454 -9.523 -11.242 -12.483 -9.592 -10.209 -11.45 -12.373 -13.143 -10.272 -8.341 -10.593 -14.074 -14.795 -15.179 -11.641
3.117896 -8.126 -2.91 -0.103 -0.482 -4.608 -7.573 -6.652 -1.202 -4.911 -7.828 -10.405 -12.125 -0.821 -5.934 -9.124 -10.922 -12.225 -9.456 -9.948 -11.164 -12.117 -12.934 -9.936 -7.913 -10.255 -13.905 -14.681 -15.108 -11.476
3.212194 -8.008 -2.792 0.491 0.308 -3.985 -7.068 -6.378 -0.439 -4.315 -7.344 -10.047 -11.845 -0.038 -5.372 -8.692 -10.573 -11.943 -9.317 -9.686 -10.858 -11.84 -12.709 -9.571 -7.449 -9.889 -13.719 -14.553 -15.028 -11.305
3.309345 -7.878 -2.663 1.128 1.162 -3.311 -6.52 -6.108 0.385 -3.672 -6.819 -9.659 -11.54 0.809 -4.762 -8.222 -10.193 -11.635 -9.173 -9.424 -10.534 -11.541 -12.466 -9.175 -6.946 -9.491 -13.514 -14.412 -14.937 -11.128
3.409434 -7.737 -2.522 1.814 2.087 -2.581 -5.924 -5.844 1.279 -2.975 -6.25 -9.237 -11.207 1.726 -4.102 -7.711 -9.778 -11.299 -9.021 -9.166 -10.192 -11.218 -12.205 -8.744 -6.401 -9.059 -13.288 -14.254 -14.835 -10.944
3.51255 -7.583 -2.367 2.554 3.091 -1.787 -5.275 -5.587 2.248 -2.219 -5.631 -8.778 -10.844 2.721 -3.383 -7.154 -9.325 -10.93 -8.86 -8.912 -9.834 -10.871 -11.926 -8.275 -5.808 -8.588 -13.039 -14.078 -14.719 -10.752
3.618785 -7.414 -2.199 3.353 4.182 -0.924 -4.567 -5.336 3.303 -1.398 -4.957 -8.277 -10.446 3.804 -2.602 -6.545 -8.83 -10.526 -8.686 -8.663 -9.462 -10.5 -11.629 -7.764 -5.162 -8.074 -12.763 -13.883 -14.589 -10.551
3.728232 -7.229 -2.014 4.219 5.37 0.018 -3.794 -5.088 4.451 -0.506 -4.222 -7.731 -10.011 4.983 -1.749 -5.88 -8.286 -10.082 -8.499 -8.416 -9.083 -10.105 -11.314 -7.206 -4.457 -7.512 -12.459 -13.665 -14.443 -10.339
3.84099 -7.027 -1.811 5.157 6.668 1.046 -2.947 -4.84 5.705 0.468 -3.42 -7.134 -9.534 6.27 -0.817 -5.151 -7.69 -9.594 -8.294 -8.167 -8.699 -9.687 -10.981 -6.594 -3.687 -6.898 -12.122 -13.423 -14.279 -10.114
3.957158 -6.831 -1.615 5.907 7.695 1.869 -2.261 -4.62 6.698 1.247 -2.769 -6.639 -9.129 7.288 -0.067 -4.555 -7.194 -9.18 -8.097 -7.948 -8.388 -9.34 -10.695 -6.088 -3.06 -6.389 -11.821 -13.195 -14.109 -9.906
4.07684 -6.684 -1.468 6.054 7.841 2.015 -2.114 -4.473 6.845 1.394 -2.622 -6.492 -8.982 7.435 0.08 -4.408 -7.047 -9.033 -7.95 -7.801 -8.241 -9.193 -10.548 -5.941 -2.913 -6.242 -11.674 -13.048 -13.962 -9.759
4.200141 -6.527 -1.312 6.211 7.998 2.172 -1.958 -4.317 7.002 1.55 -2.466 -6.336 -8.826 7.591 0.236 -4.252 -6.891 -8.877 -7.794 -7.645 -8.085 -9.037 -10.391 -5.785 -2.757 -6.086 -11.518 -12.892 -13.806 -9.602
4.327172 -6.361 -1.146 6.377 8.164 2.338 -1.792 -4.151 7.168 1.716 -2.3 -6.17 -8.66 7.757 0.402 -4.086 -6.725 -8.711 -7.628 -7.479 -7.919 -8.871 -10.225 -5.619 -2.591 -5.92 -11.352 -12.726 -13.64 -9.436
