web/models/kne.last_good/kappa_0.5_3.0.v1/24/villar_0.0019_0.2650_3.0000.dat
# %ECSV 1.0
# ---
# datatype:
# - {name: time, datatype: float64}
# - {name: swift_uvot_uvw2, datatype: float64}
# - {name: swift_uvot_uvm2, datatype: float64}
# - {name: swift_uvot_uvw1, datatype: float64}
# - {name: swift_uvot_U, datatype: float64}
# - {name: swift_uvot_B, datatype: float64}
# - {name: swift_uvot_V, datatype: float64}
# - {name: swift_uvot_W, datatype: float64}
# - {name: johnson_U, datatype: float64}
# - {name: johnson_B, datatype: float64}
# - {name: johnson_V, datatype: float64}
# - {name: johnson_R, datatype: float64}
# - {name: johnson_I, datatype: float64}
# - {name: sdss_u, datatype: float64}
# - {name: sdss_g, datatype: float64}
# - {name: sdss_r, datatype: float64}
# - {name: sdss_i, datatype: float64}
# - {name: sdss_z, datatype: float64}
# - {name: PS1_g, datatype: float64}
# - {name: PS1_r, datatype: float64}
# - {name: PS1_i, datatype: float64}
# - {name: PS1_z, datatype: float64}
# - {name: PS1_Y, datatype: float64}
# - {name: PS1_w, datatype: float64}
# - {name: ATLAS_c, datatype: float64}
# - {name: ATLAS_o, datatype: float64}
# - {name: ukirt_J, datatype: float64}
# - {name: ukirt_H, datatype: float64}
# - {name: ukirt_K, datatype: float64}
# - {name: Clear, datatype: float64}
# meta: !!omap
# - comment: [kappa = 3.0, type = villar, mass = 0.001861645566637777, velocity = 0.265, theta_obs = 0.0]
# schema: astropy-2.0
time swift_uvot_uvw2 swift_uvot_uvm2 swift_uvot_uvw1 swift_uvot_U swift_uvot_B swift_uvot_V swift_uvot_W johnson_U johnson_B johnson_V johnson_R johnson_I sdss_u sdss_g sdss_r sdss_i sdss_z PS1_g PS1_r PS1_i PS1_z PS1_Y PS1_w ATLAS_c ATLAS_o ukirt_J ukirt_H ukirt_K Clear
[from data line 296]
6.765619 46.443 51.659 59.181 60.968 55.142 51.013 48.654 59.972 54.52 50.504 46.635 44.145 60.562 53.206 48.719 46.08 44.093 45.176 45.326 44.886 43.933 42.579 47.186 50.213 46.884 41.453 40.079 39.164 43.368
6.97024 49.716 54.931 62.454 64.241 58.415 54.285 51.926 63.245 57.793 53.777 49.908 47.417 63.834 56.479 51.991 49.352 47.366 48.449 48.599 48.159 47.206 45.852 50.458 53.486 50.157 44.725 43.351 42.437 46.641
7.181051 53.189 58.405 65.927 67.714 61.888 57.759 55.4 66.718 61.267 57.25 53.381 50.891 67.308 59.952 55.465 52.826 50.839 51.922 52.072 51.632 50.679 49.325 53.932 56.96 53.631 48.199 46.825 45.91 50.114
7.398237 56.876 62.092 69.614 71.401 65.575 61.446 59.087 70.405 64.953 60.937 57.068 54.578 70.995 63.639 59.152 56.513 54.526 55.609 55.759 55.319 54.366 53.012 57.619 60.646 57.317 51.886 50.512 49.597 53.801
7.621991 60.789 66.005 73.527 75.314 69.488 65.359 63.0 74.318 68.867 64.851 60.981 58.491 74.908 67.553 63.065 60.426 58.44 59.523 59.672 59.232 58.28 56.925 61.532 64.56 61.231 55.799 54.425 53.511 57.714
7.852513 64.943 70.158 77.681 79.468 73.642 69.512 67.153 78.472 73.02 69.004 65.135 62.644 79.062 71.706 67.219 64.579 62.593 63.676 63.826 63.386 62.433 61.079 65.686 68.713 65.384 59.952 58.578 57.664 61.868
8.090007 69.351 74.567 82.089 83.877 78.051 73.921 71.562 82.88 77.429 73.413 69.543 67.053 83.47 76.115 71.627 68.988 67.002 68.085 68.234 67.794 66.842 65.487 70.094 73.122 69.793 64.361 62.987 62.073 66.276
8.334684 74.031 79.246 86.769 88.556 82.73 78.6 76.241 87.56 82.108 78.092 74.222 71.732 88.149 80.794 76.306 73.667 71.681 72.764 72.914 72.474 71.521 70.167 74.773 77.801 74.472 69.04 67.666 66.752 70.956
8.586761 78.997 84.213 91.735 93.522 87.696 83.567 81.208 92.526 87.075 83.058 79.189 76.699 93.116 85.76 81.273 78.634 76.647 77.73 77.88 77.44 76.487 75.133 79.74 82.768 79.438 74.007 72.633 71.718 75.922
8.846461 84.269 89.484 97.007 98.794 92.968 88.838 86.479 97.798 92.346 88.33 84.461 81.97 98.388 91.032 86.545 83.905 81.919 83.002 83.152 82.712 81.759 80.405 85.011 88.039 84.71 79.278 77.904 76.99 81.194
9.114017 89.864 95.08 102.602 104.389 98.563 94.433 92.075 103.393 97.941 93.925 90.056 87.565 103.983 96.627 92.14 89.5 87.514 88.597 88.747 88.307 87.354 86.0 90.607 93.634 90.305 84.874 83.5 82.585 86.789
9.389664 95.803 101.018 108.541 110.328 104.502 100.372 98.013 109.332 103.88 99.864 95.995 93.504 109.922 102.566 98.079 95.439 93.453 94.536 94.686 94.246 93.293 91.939 96.545 99.573 96.244 90.812 89.438 88.524 92.728
9.673648 102.106 107.322 114.844 116.631 110.805 106.676 104.317 115.635 110.184 106.167 102.298 99.808 116.225 108.869 104.382 101.743 99.756 100.839 100.989 100.549 99.596 98.242 102.849 105.877 102.547 97.116 95.742 94.827 99.031
9.966221 108.797 114.012 121.535 123.322 117.496 113.366 111.007 122.326 116.874 112.858 108.989 106.498 122.916 115.56 111.073 108.433 106.447 107.53 107.68 107.24 106.287 104.933 109.539 112.567 109.238 103.806 102.432 101.518 105.722
10.267642 115.898 121.114 128.636 130.423 124.597 120.468 118.109 129.427 123.975 119.959 116.09 113.6 130.017 122.661 118.174 115.535 113.548 114.631 114.781 114.341 113.388 112.034 116.641 119.668 116.339 110.908 109.534 108.619 112.823
10.57818 123.435 128.651 136.173 137.961 132.135 128.005 125.646 136.964 131.513 127.497 123.627 121.137 137.554 130.199 125.711 123.072 121.086 122.169 122.318 121.878 120.926 119.571 124.178 127.206 123.877 118.445 117.071 116.157 120.361
10.89811 131.436 136.651 144.174 145.961 140.135 136.005 133.646 144.965 139.513 135.497 131.627 129.137 145.554 138.199 133.711 131.072 129.086 130.169 130.319 129.879 128.926 127.572 132.178 135.206 131.877 126.445 125.071 124.157 128.361
11.227716 139.927 145.143 152.665 154.452 148.626 144.497 142.138 153.456 148.004 143.988 140.119 137.629 154.046 146.69 142.203 139.564 137.577 138.66 138.81 138.37 137.417 136.063 140.67 143.697 140.368 134.937 133.563 132.648 136.852
11.56729 148.94 154.156 161.678 163.465 157.639 153.509 151.15 162.469 157.017 153.001 149.132 146.641 163.059 155.703 151.216 148.576 146.59 147.673 147.823 147.383 146.43 145.076 149.683 152.71 149.381 143.95 142.575 141.661 145.865
11.917135 158.506 163.722 171.244 173.031 167.205 163.076 160.717 172.035 166.583 162.567 158.698 156.208 172.625 165.269 160.782 158.143 156.156 157.239 157.389 156.949 155.996 154.642 159.249 162.277 158.947 153.516 152.142 151.227 155.431
12.277561 168.66 173.875 181.398 183.185 177.359 173.229 170.87 182.189 176.737 172.721 168.852 166.361 182.779 175.423 170.936 168.296 166.31 167.393 167.543 167.103 166.15 164.796 169.403 172.43 169.101 163.669 162.295 161.381 165.585
12.648887 179.437 184.653 192.175 193.962 188.136 184.006 181.648 192.966 187.514 183.498 179.629 177.138 193.556 186.2 181.713 179.073 177.087 178.17 178.32 177.88 176.927 175.573 180.18 183.207 179.878 174.447 173.073 172.158 176.362
13.031444 190.876 196.091 203.614 205.401 199.575 195.445 193.086 204.405 198.953 194.937 191.068 188.577 204.995 197.639 193.152 190.512 188.526 189.609 189.759 189.319 188.366 187.012 191.619 194.646 191.317 185.885 184.511 183.597 187.801
13.425571 203.017 208.233 215.755 217.542 211.716 207.587 205.228 216.546 211.094 207.078 203.209 200.719 217.136 209.78 205.293 202.654 200.667 201.75 201.9 201.46 200.507 199.153 203.76 206.787 203.458 198.027 196.653 195.738 199.942
13.831619 215.904 221.12 228.642 230.429 224.603 220.473 218.114 229.433 223.981 219.965 216.096 213.605 230.023 222.667 218.18 215.54 213.554 214.637 214.787 214.347 213.394 212.04 216.647 219.674 216.345 210.913 209.539 208.625 212.829
14.249947 229.582 234.798 242.32 244.107 238.281 234.151 231.792 243.111 237.659 233.643 229.774 227.283 243.701 236.345 231.858 229.218 227.232 228.315 228.465 228.025 227.072 225.718 230.325 233.352 230.023 224.592 223.218 222.303 226.507
14.680926 244.1 249.316 256.838 258.625 252.799 248.669 246.31 257.629 252.177 248.161 244.292 241.801 258.219 250.863 246.376 243.736 241.75 242.833 242.983 242.543 241.59 240.236 244.843 247.87 244.541 239.11 237.735 236.821 241.025
15.124941 259.509 264.725 272.247 274.034 268.208 264.079 261.72 273.038 267.587 263.571 259.701 257.211 273.628 266.273 261.785 259.146 257.159 258.243 258.392 257.952 256.999 255.645 260.252 263.28 259.951 254.519 253.145 252.23 256.434
15.582385 275.865 281.081 288.603 290.39 284.564 280.434 278.075 289.394 283.942 279.926 276.057 273.566 289.984 282.628 278.141 275.501 273.515 274.598 274.748 274.308 273.355 272.001 276.608 279.635 276.306 270.874 269.5 268.586 272.79
16.053663 293.225 298.44 305.963 307.75 301.924 297.794 295.435 306.754 301.302 297.286 293.417 290.926 307.344 299.988 295.501 292.861 290.875 291.958 292.108 291.668 290.715 289.361 293.967 296.995 293.666 288.234 286.86 285.946 290.15
16.539195 311.651 316.866 324.389 326.176 320.35 316.22 313.861 325.18 319.728 315.712 311.842 309.352 325.769 318.414 313.926 311.287 309.301 310.384 310.533 310.093 309.141 307.787 312.393 315.421 312.092 306.66 305.286 304.372 308.576
17.039412 331.208 336.423 343.946 345.733 339.907 335.777 333.418 344.737 339.285 335.269 331.4 328.909 345.327 337.971 333.484 330.844 328.858 329.941 330.091 329.651 328.698 327.344 331.95 334.978 331.649 326.217 324.843 323.929 328.133
17.554757 351.966 357.182 364.704 366.491 360.665 356.535 354.176 365.495 360.043 356.027 352.158 349.667 366.085 358.729 354.242 351.602 349.616 350.699 350.849 350.409 349.456 348.102 352.709 355.736 352.407 346.976 345.602 344.687 348.891
18.085689 373.999 379.214 386.737 388.524 382.698 378.568 376.209 387.528 382.076 378.06 374.19 371.7 388.117 380.762 376.274 373.635 371.649 372.732 372.882 372.442 371.489 370.135 374.741 377.769 374.44 369.008 367.634 366.72 370.924
18.632678 397.384 402.6 410.122 411.909 406.083 401.954 399.595 410.913 405.462 401.446 397.576 395.086 411.503 404.148 399.66 397.021 395.034 396.118 396.267 395.827 394.874 393.52 398.127 401.155 397.826 392.394 391.02 390.105 394.309
19.196211 422.206 427.422 434.944 436.731 430.905 426.775 424.416 435.735 430.283 426.267 422.398 419.907 436.325 428.969 424.482 421.842 419.856 420.939 421.089 420.649 419.696 418.342 422.949 425.976 422.647 417.215 415.841 414.927 419.131
19.776787 448.552 453.767 461.29 463.077 457.251 453.121 450.762 462.081 456.629 452.613 448.743 446.253 462.67 455.315 450.827 448.188 446.202 447.285 447.434 446.994 446.042 444.688 449.294 452.322 448.993 443.561 442.187 441.273 445.477
20.374923 476.515 481.731 489.253 491.04 485.214 481.084 478.726 490.044 484.592 480.576 476.707 474.216 490.634 483.278 478.791 476.151 474.165 475.248 475.398 474.958 474.005 472.651 477.258 480.285 476.956 471.525 470.151 469.236 473.44
20.991149 506.195 511.411 518.933 520.721 514.895 510.765 508.406 519.724 514.273 510.257 506.387 503.897 520.314 512.959 508.471 505.832 503.846 504.929 505.078 504.638 503.686 502.331 506.938 509.966 506.637 501.205 499.831 498.917 503.121
21.626011 537.698 542.914 550.436 552.224 546.398 542.268 539.909 551.227 545.776 541.76 537.89 535.4 551.817 544.462 539.974 537.335 535.349 536.432 536.581 536.141 535.189 533.834 538.441 541.469 538.14 532.708 531.334 530.42 534.623
22.280075 571.136 576.351 583.874 585.661 579.835 575.705 573.346 584.665 579.213 575.197 571.328 568.837 585.254 577.899 573.412 570.772 568.786 569.869 570.019 569.579 568.626 567.272 571.878 574.906 571.577 566.145 564.771 563.857 568.061
22.953921 606.626 611.842 619.364 621.151 615.325 611.196 608.837 620.155 614.704 610.687 606.818 604.328 620.745 613.389 608.902 606.263 604.276 605.359 605.509 605.069 604.116 602.762 607.369 610.397 607.067 601.636 600.262 599.347 603.551
23.648147 644.296 649.512 657.034 658.821 652.995 648.865 646.506 657.825 652.373 648.357 644.488 641.997 658.415 651.059 646.572 643.932 641.946 643.029 643.179 642.739 641.786 640.432 645.039 648.066 644.737 639.306 637.932 637.017 641.221
24.363369 684.279 689.494 697.017 698.804 692.978 688.848 686.489 697.808 692.356 688.34 684.471 681.98 698.397 691.042 686.555 683.915 681.929 683.012 683.162 682.722 681.769 680.415 685.021 688.049 684.72 679.288 677.914 677.0 681.204
25.100222 726.717 731.932 739.455 741.242 735.416 731.286 728.927 740.246 734.794 730.778 726.908 724.418 740.835 733.48 728.992 726.353 724.367 725.45 725.599 725.159 724.207 722.853 727.459 730.487 727.158 721.726 720.352 719.438 723.642
25.859362 771.76 776.976 784.498 786.292 780.459 776.33 773.971 785.291 779.838 775.821 771.952 769.462 785.88 778.523 774.036 771.397 769.41 770.493 770.643 770.203 769.25 767.896 772.503 775.531 772.202 766.77 765.396 764.481 768.685
26.64146 nan nan nan nan nan nan nan nan nan nan nan nan nan nan nan nan nan nan nan nan nan nan nan nan nan nan nan nan nan
27.447213 nan nan nan nan nan nan nan nan nan nan nan nan nan nan nan nan nan nan nan nan nan nan nan nan nan nan nan nan nan
28.277335 nan nan nan nan nan nan nan nan nan nan nan nan nan nan nan nan nan nan nan nan nan nan nan nan nan nan nan nan nan
29.132564 nan nan nan nan nan nan nan nan nan nan nan nan nan nan nan nan nan nan nan nan nan nan nan nan nan nan nan nan nan
30.013659 nan nan nan nan nan nan nan nan nan nan nan nan nan nan nan nan nan nan nan nan nan nan nan nan nan nan nan nan nan
30.921401 nan nan nan nan nan nan nan nan nan nan nan nan nan nan nan nan nan nan nan nan nan nan nan nan nan nan nan nan nan
31.856598 nan nan nan nan nan nan nan nan nan nan nan nan nan nan nan nan nan nan nan nan nan nan nan nan nan nan nan nan nan
32.820079 nan nan nan nan nan nan nan nan nan nan nan nan nan nan nan nan nan nan nan nan nan nan nan nan nan nan nan nan nan
33.8127 nan nan nan nan nan nan nan nan nan nan nan nan nan nan nan nan nan nan nan nan nan nan nan nan nan nan nan nan nan
34.835342 nan nan nan nan nan nan nan nan nan nan nan nan nan nan nan nan nan nan nan nan nan nan nan nan nan nan nan nan nan
35.888913 nan nan nan nan nan nan nan nan nan nan nan nan nan nan nan nan nan nan nan nan nan nan nan nan nan nan nan nan nan
36.974349 nan nan nan nan nan nan nan nan nan nan nan nan nan nan nan nan nan nan nan nan nan nan nan nan nan nan nan nan nan
38.092613 nan nan nan nan nan nan nan nan nan nan nan nan nan nan nan nan nan nan nan nan nan nan nan nan nan nan nan nan nan
39.244698 nan nan nan nan nan nan nan nan nan nan nan nan nan nan nan nan nan nan nan nan nan nan nan nan nan nan nan nan nan
40.431627 nan nan nan nan nan nan nan nan nan nan nan nan nan nan nan nan nan nan nan nan nan nan nan nan nan nan nan nan nan
41.654454 nan nan nan nan nan nan nan nan nan nan nan nan nan nan nan nan nan nan nan nan nan nan nan nan nan nan nan nan nan
42.914265 nan nan nan nan nan nan nan nan nan nan nan nan nan nan nan nan nan nan nan nan nan nan nan nan nan nan nan nan nan
44.212178 nan nan nan nan nan nan nan nan nan nan nan nan nan nan nan nan nan nan nan nan nan nan nan nan nan nan nan nan nan
45.549345 nan nan nan nan nan nan nan nan nan nan nan nan nan nan nan nan nan nan nan nan nan nan nan nan nan nan nan nan nan
46.926954 nan nan nan nan nan nan nan nan nan nan nan nan nan nan nan nan nan nan nan nan nan nan nan nan nan nan nan nan nan
48.346227 nan nan nan nan nan nan nan nan nan nan nan nan nan nan nan nan nan nan nan nan nan nan nan nan nan nan nan nan nan
49.808426 nan nan nan nan nan nan nan nan nan nan nan nan nan nan nan nan nan nan nan nan nan nan nan nan nan nan nan nan nan
51.314848 nan nan nan nan nan nan nan nan nan nan nan nan nan nan nan nan nan nan nan nan nan nan nan nan nan nan nan nan nan
52.86683 nan nan nan nan nan nan nan nan nan nan nan nan nan nan nan nan nan nan nan nan nan nan nan nan nan nan nan nan nan
54.465752 nan nan nan nan nan nan nan nan nan nan nan nan nan nan nan nan nan nan nan nan nan nan nan nan nan nan nan nan nan
56.113031 nan nan nan nan nan nan nan nan nan nan nan nan nan nan nan nan nan nan nan nan nan nan nan nan nan nan nan nan nan
57.810132 nan nan nan nan nan nan nan nan nan nan nan nan nan nan nan nan nan nan nan nan nan nan nan nan nan nan nan nan nan
59.55856 nan nan nan nan nan nan nan nan nan nan nan nan nan nan nan nan nan nan nan nan nan nan nan nan nan nan nan nan nan
61.359868 nan nan nan nan nan nan nan nan nan nan nan nan nan nan nan nan nan nan nan nan nan nan nan nan nan nan nan nan nan
63.215655 nan nan nan nan nan nan nan nan nan nan nan nan nan nan nan nan nan nan nan nan nan nan nan nan nan nan nan nan nan
65.127569 nan nan nan nan nan nan nan nan nan nan nan nan nan nan nan nan nan nan nan nan nan nan nan nan nan nan nan nan nan
67.097308 nan nan nan nan nan nan nan nan nan nan nan nan nan nan nan nan nan nan nan nan nan nan nan nan nan nan nan nan nan
69.126621 nan nan nan nan nan nan nan nan nan nan nan nan nan nan nan nan nan nan nan nan nan nan nan nan nan nan nan nan nan
71.217308 nan nan nan nan nan nan nan nan nan nan nan nan nan nan nan nan nan nan nan nan nan nan nan nan nan nan nan nan nan
73.371227 nan nan nan nan nan nan nan nan nan nan nan nan nan nan nan nan nan nan nan nan nan nan nan nan nan nan nan nan nan
75.59029 nan nan nan nan nan nan nan nan nan nan nan nan nan nan nan nan nan nan nan nan nan nan nan nan nan nan nan nan nan
77.876467 nan nan nan nan nan nan nan nan nan nan nan nan nan nan nan nan nan nan nan nan nan nan nan nan nan nan nan nan nan
80.231787 nan nan nan nan nan nan nan nan nan nan nan nan nan nan nan nan nan nan nan nan nan nan nan nan nan nan nan nan nan
82.658343 nan nan nan nan nan nan nan nan nan nan nan nan nan nan nan nan nan nan nan nan nan nan nan nan nan nan nan nan nan
85.158288 nan nan nan nan nan nan nan nan nan nan nan nan nan nan nan nan nan nan nan nan nan nan nan nan nan nan nan nan nan
87.733843 nan nan nan nan nan nan nan nan nan nan nan nan nan nan nan nan nan nan nan nan nan nan nan nan nan nan nan nan nan
