web/models/kne.last_good/kappa_0.5_3.0.v1/24/villar_0.0028_0.1553_3.0000.dat
# %ECSV 1.0
# ---
# datatype:
# - {name: time, datatype: float64}
# - {name: swift_uvot_uvw2, datatype: float64}
# - {name: swift_uvot_uvm2, datatype: float64}
# - {name: swift_uvot_uvw1, datatype: float64}
# - {name: swift_uvot_U, datatype: float64}
# - {name: swift_uvot_B, datatype: float64}
# - {name: swift_uvot_V, datatype: float64}
# - {name: swift_uvot_W, datatype: float64}
# - {name: johnson_U, datatype: float64}
# - {name: johnson_B, datatype: float64}
# - {name: johnson_V, datatype: float64}
# - {name: johnson_R, datatype: float64}
# - {name: johnson_I, datatype: float64}
# - {name: sdss_u, datatype: float64}
# - {name: sdss_g, datatype: float64}
# - {name: sdss_r, datatype: float64}
# - {name: sdss_i, datatype: float64}
# - {name: sdss_z, datatype: float64}
# - {name: PS1_g, datatype: float64}
# - {name: PS1_r, datatype: float64}
# - {name: PS1_i, datatype: float64}
# - {name: PS1_z, datatype: float64}
# - {name: PS1_Y, datatype: float64}
# - {name: PS1_w, datatype: float64}
# - {name: ATLAS_c, datatype: float64}
# - {name: ATLAS_o, datatype: float64}
# - {name: ukirt_J, datatype: float64}
# - {name: ukirt_H, datatype: float64}
# - {name: ukirt_K, datatype: float64}
# - {name: Clear, datatype: float64}
# meta: !!omap
# - comment: [kappa = 3.0, type = villar, mass = 0.0028172691138521437, velocity = 0.15533333333333332, theta_obs = 0.0]
# schema: astropy-2.0
time swift_uvot_uvw2 swift_uvot_uvm2 swift_uvot_uvw1 swift_uvot_U swift_uvot_B swift_uvot_V swift_uvot_W johnson_U johnson_B johnson_V johnson_R johnson_I sdss_u sdss_g sdss_r sdss_i sdss_z PS1_g PS1_r PS1_i PS1_z PS1_Y PS1_w ATLAS_c ATLAS_o ukirt_J ukirt_H ukirt_K Clear
[from data line 294]
6.37422 11.07 16.286 23.808 25.596 19.77 15.64 13.281 24.599 19.148 15.132 11.262 8.772 25.189 17.834 13.346 10.707 8.721 9.804 9.953 9.513 8.561 7.206 11.813 14.841 11.512 6.08 4.706 3.792 7.995
6.567004 12.196 17.411 24.934 26.721 20.895 16.765 14.406 25.725 20.273 16.257 12.387 9.897 26.314 18.959 14.471 11.832 9.846 10.929 11.078 10.638 9.686 8.332 12.938 15.966 12.637 7.205 5.831 4.917 9.121
6.765619 13.39 18.605 26.128 27.915 22.089 17.959 15.6 26.919 21.467 17.451 13.582 11.091 27.509 20.153 15.666 13.026 11.04 12.123 12.273 11.833 10.88 9.526 14.132 17.16 13.831 8.399 7.025 6.111 10.315
6.97024 14.657 19.873 27.395 29.183 23.357 19.227 16.868 28.186 22.735 18.719 14.849 12.359 28.776 21.421 16.933 14.294 12.308 13.391 13.54 13.1 12.148 10.793 15.4 18.428 15.099 9.667 8.293 7.379 11.582
7.181051 16.003 21.218 28.741 30.528 24.702 20.572 18.213 29.532 24.08 20.064 16.195 13.704 30.122 22.766 18.279 15.639 13.653 14.736 14.886 14.446 13.493 12.139 16.746 19.773 16.444 11.012 9.638 8.724 12.928
7.398237 17.431 22.647 30.169 31.956 26.13 22.0 19.641 30.96 25.508 21.492 17.623 15.132 31.55 24.194 19.707 17.067 15.081 16.164 16.314 15.874 14.921 13.567 18.174 21.201 17.872 12.44 11.066 10.152 14.356
7.621991 18.947 24.162 31.685 33.472 27.646 23.516 21.157 32.476 27.024 23.008 19.138 16.648 33.065 25.71 21.222 18.583 16.597 17.68 17.829 17.389 16.437 15.083 19.689 22.717 19.388 13.956 12.582 11.668 15.872
7.852513 20.555 25.771 33.293 35.081 29.255 25.125 22.766 34.084 28.633 24.617 20.747 18.257 34.674 27.319 22.831 20.192 18.206 19.289 19.438 18.998 18.046 16.691 21.298 24.326 20.997 15.565 14.191 13.277 17.48
8.090007 22.263 27.479 35.001 36.788 30.962 26.832 24.474 35.792 30.34 26.324 22.455 19.964 36.382 29.026 24.539 21.899 19.913 20.996 21.146 20.706 19.753 18.399 23.006 26.033 22.704 17.273 15.899 14.984 19.188
8.334684 24.075 29.291 36.813 38.601 32.775 28.645 26.286 37.604 32.153 28.137 24.267 21.777 38.194 30.839 26.351 23.712 21.726 22.809 22.958 22.518 21.566 20.211 24.818 27.846 24.517 19.085 17.711 16.797 21.001
8.586761 25.999 31.215 38.737 40.524 34.698 30.569 28.21 39.528 34.076 30.06 26.191 23.701 40.118 32.762 28.275 25.636 23.649 24.732 24.882 24.442 23.489 22.135 26.742 29.77 26.44 21.009 19.635 18.72 22.924
8.846461 28.041 33.257 40.779 42.566 36.74 32.61 30.252 41.57 36.118 32.102 28.233 25.742 42.16 34.804 30.317 27.677 25.691 26.774 26.924 26.484 25.531 24.177 28.784 31.811 28.482 23.051 21.677 20.762 24.966
9.114017 30.208 35.424 42.946 44.733 38.907 34.778 32.419 43.737 38.286 34.269 30.4 27.91 44.327 36.971 32.484 29.845 27.858 28.941 29.091 28.651 27.698 26.344 30.951 33.979 30.65 25.218 23.844 22.929 27.133
9.389664 32.509 37.724 45.247 47.034 41.208 37.078 34.719 46.038 40.586 36.57 32.7 30.21 46.627 39.272 34.784 32.145 30.159 31.242 31.391 30.951 29.999 28.645 33.251 36.279 32.95 27.518 26.144 25.23 29.434
9.673648 34.95 40.166 47.688 49.475 43.649 39.52 37.161 48.479 43.027 39.011 35.142 32.652 49.069 41.713 37.226 34.587 32.6 33.683 33.833 33.393 32.44 31.086 35.693 38.72 35.391 29.96 28.586 27.671 31.875
9.966221 37.542 42.757 50.28 52.067 46.241 42.111 39.752 51.071 45.619 41.603 37.733 35.243 51.66 44.305 39.817 37.178 35.192 36.275 36.424 35.984 35.032 33.678 38.284 41.312 37.983 32.551 31.177 30.263 34.467
10.267642 40.292 45.508 53.03 54.817 48.991 44.862 42.503 53.821 48.37 44.353 40.484 37.994 54.411 47.055 42.568 39.929 37.942 39.025 39.175 38.735 37.782 36.428 41.035 44.063 40.733 35.302 33.928 33.013 37.217
10.57818 43.212 48.427 55.95 57.737 51.911 47.781 45.422 56.741 51.289 47.273 43.404 40.913 57.33 49.975 45.487 42.848 40.862 41.945 42.095 41.655 40.702 39.348 43.954 46.982 43.653 38.221 36.847 35.933 40.137
10.89811 46.31 51.526 59.048 60.836 55.01 50.88 48.521 59.839 54.388 50.372 46.502 44.012 60.429 53.074 48.586 45.947 43.961 45.044 45.193 44.753 43.801 42.446 47.053 50.081 46.752 41.32 39.946 39.032 43.236
11.227716 49.599 54.815 62.337 64.125 58.299 54.169 51.81 63.129 57.677 53.661 49.791 47.301 63.718 56.363 51.875 49.236 47.25 48.333 48.482 48.042 47.09 45.736 50.342 53.37 50.041 44.609 43.235 42.321 46.525
11.56729 53.09 58.306 65.828 67.616 61.79 57.66 55.301 66.62 61.168 57.152 53.282 50.792 67.209 59.854 55.366 52.727 50.741 51.824 51.973 51.533 50.581 49.227 53.833 56.861 53.532 48.1 46.726 45.812 50.016
11.917135 56.796 62.011 69.534 71.321 65.495 61.365 59.006 70.325 64.873 60.857 56.988 54.497 70.915 63.559 59.072 56.432 54.446 55.529 55.679 55.239 54.286 52.932 57.539 60.566 57.237 51.805 50.431 49.517 53.721
12.277561 60.729 65.944 73.467 75.254 69.428 65.298 62.939 74.258 68.806 64.79 60.921 58.43 74.847 67.492 63.004 60.365 58.379 59.462 59.612 59.172 58.219 56.865 61.471 64.499 61.17 55.738 54.364 53.45 57.654
12.648887 64.903 70.119 77.641 79.428 73.602 69.473 67.114 78.432 72.98 68.964 65.095 62.604 79.022 71.666 67.179 64.54 62.553 63.636 63.786 63.346 62.393 61.039 65.646 68.673 65.344 59.913 58.539 57.624 61.828
13.031444 69.334 74.549 82.072 83.859 78.033 73.903 71.544 82.863 77.411 73.395 69.526 67.035 83.453 76.097 71.61 68.97 66.984 68.067 68.217 67.777 66.824 65.47 70.076 73.104 69.775 64.343 62.969 62.055 66.259
13.425571 74.036 79.252 86.774 88.562 82.736 78.606 76.247 87.566 82.114 78.098 74.228 71.738 88.155 80.8 76.312 73.673 71.687 72.77 72.919 72.479 71.527 70.173 74.779 77.807 74.478 69.046 67.672 66.758 70.962
13.831619 79.028 84.244 91.766 93.553 87.727 83.597 81.239 92.557 87.105 83.089 79.22 76.729 93.147 85.791 81.304 78.664 76.678 77.761 77.911 77.471 76.518 75.164 79.771 82.798 79.469 74.038 72.664 71.749 75.953
14.249947 84.326 89.542 97.064 98.851 93.025 88.895 86.537 97.855 92.403 88.387 84.518 82.027 98.445 91.089 86.602 83.962 81.976 83.059 83.209 82.769 81.816 80.462 85.069 88.096 84.767 79.336 77.962 77.047 81.251
14.680926 89.949 95.165 102.687 104.474 98.648 94.519 92.16 103.478 98.027 94.011 90.141 87.651 104.068 96.713 92.225 89.586 87.6 88.683 88.832 88.392 87.44 86.085 90.692 93.72 90.391 84.959 83.585 82.671 86.874
15.124941 95.918 101.134 108.656 110.443 104.617 100.487 98.128 109.447 103.995 99.979 96.11 93.619 110.037 102.681 98.194 95.554 93.568 94.651 94.801 94.361 93.408 92.054 96.661 99.688 96.359 90.928 89.553 88.639 92.843
15.582385 102.253 107.469 114.991 116.778 110.952 106.822 104.464 115.782 110.33 106.314 102.445 99.954 116.372 109.016 104.529 101.89 99.903 100.986 101.136 100.696 99.743 98.389 102.996 106.023 102.694 97.263 95.889 94.974 99.178
16.053663 108.977 114.193 121.715 123.502 117.676 113.547 111.188 122.506 117.054 113.038 109.169 106.679 123.096 115.74 111.253 108.614 106.627 107.71 107.86 107.42 106.467 105.113 109.72 112.747 109.418 103.987 102.613 101.698 105.902
16.539195 116.114 121.33 128.852 130.639 124.813 120.684 118.325 129.643 124.191 120.175 116.306 113.816 130.233 122.877 118.39 115.751 113.764 114.847 114.997 114.557 113.604 112.25 116.857 119.884 116.555 111.124 109.75 108.835 113.039
17.039412 123.689 128.905 136.427 138.214 132.388 128.259 125.9 137.218 131.767 127.751 123.881 121.391 137.808 130.453 125.965 123.326 121.34 122.423 122.572 122.132 121.18 119.825 124.432 127.46 124.131 118.699 117.325 116.411 120.614
17.554757 131.73 136.945 144.468 146.255 140.429 136.299 133.94 145.259 139.807 135.791 131.922 129.431 145.848 138.493 134.005 131.366 129.38 130.463 130.613 130.173 129.22 127.866 132.472 135.5 132.171 126.739 125.365 124.451 128.655
18.085689 140.264 145.479 153.002 154.789 148.963 144.833 142.474 153.793 148.341 144.325 140.456 137.965 154.383 147.027 142.54 139.9 137.914 138.997 139.147 138.707 137.754 136.4 141.006 144.034 140.705 135.273 133.899 132.985 137.189
18.632678 149.322 154.537 162.06 163.847 158.021 153.891 151.532 162.851 157.399 153.383 149.514 147.023 163.441 156.085 151.598 148.958 146.972 148.055 148.205 147.765 146.812 145.458 150.065 153.092 149.763 144.331 142.957 142.043 146.247
19.196211 158.936 164.152 171.674 173.461 167.635 163.506 161.147 172.465 167.013 162.997 159.128 156.638 173.055 165.699 161.212 158.573 156.586 157.669 157.819 157.379 156.426 155.072 159.679 162.706 159.377 153.946 152.572 151.657 155.861
19.776787 169.141 174.356 181.879 183.666 177.84 173.71 171.351 182.67 177.218 173.202 169.333 166.842 183.26 175.904 171.417 168.777 166.791 167.874 168.024 167.584 166.631 165.277 169.883 172.911 169.582 164.15 162.776 161.862 166.066
20.374923 179.972 185.188 192.71 194.497 188.671 184.541 182.183 193.501 188.049 184.033 180.164 177.673 194.091 186.735 182.248 179.608 177.622 178.705 178.855 178.415 177.462 176.108 180.715 183.742 180.413 174.982 173.608 172.693 176.897
20.991149 191.468 196.684 204.206 205.993 200.167 196.038 193.679 204.997 199.546 195.529 191.66 189.17 205.587 198.232 193.744 191.105 189.118 190.201 190.351 189.911 188.958 187.604 192.211 195.239 191.91 186.478 185.104 184.189 188.393
21.626011 203.67 208.886 216.408 218.196 212.37 208.24 205.881 217.2 211.748 207.732 203.862 201.372 217.789 210.434 205.946 203.307 201.321 202.404 202.553 202.113 201.161 199.807 204.413 207.441 204.112 198.68 197.306 196.392 200.596
22.280075 216.622 221.838 229.36 231.147 225.321 221.191 218.832 230.151 224.699 220.683 216.814 214.323 230.741 223.385 218.898 216.258 214.272 215.355 215.505 215.065 214.112 212.758 217.365 220.392 217.063 211.632 210.258 209.343 213.547
22.953921 230.369 235.584 243.107 244.894 239.068 234.938 232.579 243.898 238.446 234.43 230.561 228.07 244.487 237.132 232.644 230.005 228.019 229.102 229.252 228.812 227.859 226.505 231.111 234.139 230.81 225.378 224.004 223.09 227.294
23.648147 244.96 250.175 257.697 259.485 253.659 249.529 247.17 258.489 253.037 249.021 245.151 242.661 259.078 251.723 247.235 244.596 242.61 243.693 243.842 243.402 242.45 241.096 245.702 248.73 245.401 239.969 238.595 237.681 241.885
24.363369 260.446 265.662 273.184 274.971 269.145 265.016 262.657 273.975 268.524 264.507 260.638 258.148 274.565 267.21 262.722 260.083 258.096 259.179 259.329 258.889 257.936 256.582 261.189 264.217 260.888 255.456 254.082 253.167 257.371
25.100222 276.884 282.1 289.622 291.409 285.583 281.453 279.094 290.413 284.961 280.945 277.076 274.585 291.003 283.647 279.16 276.52 274.534 275.617 275.767 275.327 274.374 273.02 277.627 280.654 277.325 271.894 270.52 269.605 273.809
25.859362 294.331 299.547 307.069 308.856 303.03 298.9 296.542 307.86 302.408 298.392 294.523 292.032 308.45 301.094 296.607 293.967 291.981 293.064 293.214 292.774 291.821 290.467 295.074 298.101 294.772 289.341 287.967 287.052 291.256
26.64146 312.849 318.065 325.587 327.374 321.548 317.419 315.06 326.378 320.927 316.911 313.041 310.551 326.968 319.613 315.125 312.486 310.5 311.583 311.732 311.292 310.339 308.985 313.592 316.62 313.291 307.859 306.485 305.57 309.774
27.447213 332.505 337.72 345.243 347.03 341.204 337.074 334.715 346.034 340.582 336.566 332.697 330.206 346.623 339.268 334.781 332.141 330.155 331.238 331.388 330.948 329.995 328.641 333.247 336.275 332.946 327.514 326.14 325.226 329.43
28.277335 353.367 358.583 366.105 367.892 362.066 357.937 355.578 366.896 361.444 357.428 353.559 351.068 367.486 360.13 355.643 353.004 351.017 352.1 352.25 351.81 350.857 349.503 354.11 357.137 353.808 348.377 347.003 346.088 350.292
29.132564 375.51 380.726 388.248 390.036 384.21 380.08 377.721 389.039 383.588 379.572 375.702 373.212 389.629 382.274 377.786 375.147 373.161 374.244 374.393 373.953 373.001 371.646 376.253 379.281 375.952 370.52 369.146 368.232 372.435
30.013659 399.013 404.229 411.751 413.539 407.713 403.583 401.224 412.542 407.091 403.075 399.205 396.715 413.132 405.777 401.289 398.65 396.664 397.747 397.896 397.456 396.504 395.149 399.756 402.784 399.455 394.023 392.649 391.735 395.938
30.921401 423.96 429.175 436.698 438.485 432.659 428.529 426.17 437.489 432.037 428.021 424.151 421.661 438.078 430.723 426.235 423.596 421.61 422.693 422.842 422.402 421.45 420.096 424.702 427.73 424.401 418.969 417.595 416.681 420.885
31.856598 450.438 455.653 463.176 464.963 459.137 455.007 452.648 463.967 458.515 454.499 450.629 448.139 464.556 457.201 452.713 450.074 448.088 449.171 449.32 448.88 447.928 446.574 451.18 454.208 450.879 445.447 444.073 443.159 447.363
32.820079 478.541 483.757 491.279 493.067 487.241 483.111 480.752 492.07 486.619 482.603 478.733 476.243 492.66 485.305 480.817 478.178 476.192 477.275 477.424 476.984 476.032 474.677 479.284 482.312 478.983 473.551 472.177 471.263 475.466
33.8127 508.371 513.586 521.109 522.896 517.07 512.94 510.581 521.9 516.448 512.432 508.563 506.072 522.49 515.134 510.647 508.007 506.021 507.104 507.254 506.814 505.861 504.507 509.113 512.141 508.812 503.38 502.006 501.092 505.296
34.835342 540.032 545.248 552.77 554.557 548.731 544.601 542.242 553.561 548.109 544.093 540.224 537.733 554.151 546.795 542.308 539.668 537.682 538.765 538.915 538.475 537.522 536.168 540.775 543.802 540.473 535.042 533.667 532.753 536.957
35.888913 573.637 578.853 586.375 588.162 582.336 578.207 575.848 587.166 581.714 577.698 573.829 571.339 587.756 580.4 575.913 573.274 571.287 572.37 572.52 572.08 571.127 569.773 574.38 577.407 574.078 568.647 567.273 566.358 570.562
36.974349 609.306 614.521 622.044 623.831 618.005 613.875 611.516 622.835 617.383 613.367 609.498 607.007 623.425 616.069 611.582 608.942 606.956 608.039 608.189 607.749 606.796 605.442 610.048 613.076 609.747 604.315 602.941 602.027 606.231
38.092613 647.165 652.38 659.903 661.69 655.864 651.734 649.375 660.694 655.242 651.226 647.356 644.866 661.283 653.928 649.44 646.801 644.815 645.898 646.047 645.607 644.655 643.301 647.907 650.935 647.606 642.174 640.8 639.886 644.09
39.244698 687.348 692.564 700.086 701.873 696.047 691.918 689.559 700.877 695.425 691.409 687.54 685.05 701.467 694.111 689.624 686.985 684.998 686.081 686.231 685.791 684.838 683.484 688.091 691.118 687.789 682.358 680.984 680.069 684.273
40.431627 729.999 735.215 742.737 744.524 738.698 734.568 732.21 743.528 738.076 734.06 730.191 727.7 744.118 736.762 732.275 729.635 727.649 728.732 728.882 728.442 727.489 726.135 730.742 733.769 730.44 725.009 723.635 722.72 726.924
41.654454 775.269 780.484 788.008 790.113 783.968 779.838 777.479 788.918 783.346 779.33 775.461 772.97 789.713 782.032 777.545 774.905 772.919 774.002 774.152 773.712 772.759 771.405 776.011 779.039 775.71 770.278 768.904 767.99 772.194
42.914265 nan nan nan nan nan nan nan nan nan nan nan nan nan nan nan nan nan nan nan nan nan nan nan nan nan nan nan nan nan
44.212178 nan nan nan nan nan nan nan nan nan nan nan nan nan nan nan nan nan nan nan nan nan nan nan nan nan nan nan nan nan
45.549345 nan nan nan nan nan nan nan nan nan nan nan nan nan nan nan nan nan nan nan nan nan nan nan nan nan nan nan nan nan
46.926954 nan nan nan nan nan nan nan nan nan nan nan nan nan nan nan nan nan nan nan nan nan nan nan nan nan nan nan nan nan
48.346227 nan nan nan nan nan nan nan nan nan nan nan nan nan nan nan nan nan nan nan nan nan nan nan nan nan nan nan nan nan
49.808426 nan nan nan nan nan nan nan nan nan nan nan nan nan nan nan nan nan nan nan nan nan nan nan nan nan nan nan nan nan
51.314848 nan nan nan nan nan nan nan nan nan nan nan nan nan nan nan nan nan nan nan nan nan nan nan nan nan nan nan nan nan
52.86683 nan nan nan nan nan nan nan nan nan nan nan nan nan nan nan nan nan nan nan nan nan nan nan nan nan nan nan nan nan
54.465752 nan nan nan nan nan nan nan nan nan nan nan nan nan nan nan nan nan nan nan nan nan nan nan nan nan nan nan nan nan
56.113031 nan nan nan nan nan nan nan nan nan nan nan nan nan nan nan nan nan nan nan nan nan nan nan nan nan nan nan nan nan
57.810132 nan nan nan nan nan nan nan nan nan nan nan nan nan nan nan nan nan nan nan nan nan nan nan nan nan nan nan nan nan
59.55856 nan nan nan nan nan nan nan nan nan nan nan nan nan nan nan nan nan nan nan nan nan nan nan nan nan nan nan nan nan
