web/models/kne.last_good/kappa_0.5_3.0.v1/24/villar_0.0775_0.3903_3.0000.dat
# %ECSV 1.0
# ---
# datatype:
# - {name: time, datatype: float64}
# - {name: swift_uvot_uvw2, datatype: float64}
# - {name: swift_uvot_uvm2, datatype: float64}
# - {name: swift_uvot_uvw1, datatype: float64}
# - {name: swift_uvot_U, datatype: float64}
# - {name: swift_uvot_B, datatype: float64}
# - {name: swift_uvot_V, datatype: float64}
# - {name: swift_uvot_W, datatype: float64}
# - {name: johnson_U, datatype: float64}
# - {name: johnson_B, datatype: float64}
# - {name: johnson_V, datatype: float64}
# - {name: johnson_R, datatype: float64}
# - {name: johnson_I, datatype: float64}
# - {name: sdss_u, datatype: float64}
# - {name: sdss_g, datatype: float64}
# - {name: sdss_r, datatype: float64}
# - {name: sdss_i, datatype: float64}
# - {name: sdss_z, datatype: float64}
# - {name: PS1_g, datatype: float64}
# - {name: PS1_r, datatype: float64}
# - {name: PS1_i, datatype: float64}
# - {name: PS1_z, datatype: float64}
# - {name: PS1_Y, datatype: float64}
# - {name: PS1_w, datatype: float64}
# - {name: ATLAS_c, datatype: float64}
# - {name: ATLAS_o, datatype: float64}
# - {name: ukirt_J, datatype: float64}
# - {name: ukirt_H, datatype: float64}
# - {name: ukirt_K, datatype: float64}
# - {name: Clear, datatype: float64}
# meta: !!omap
# - comment: [kappa = 3.0, type = villar, mass = 0.07749594937791414, velocity = 0.3903333333333333, theta_obs = 0.0]
# schema: astropy-2.0
time swift_uvot_uvw2 swift_uvot_uvm2 swift_uvot_uvw1 swift_uvot_U swift_uvot_B swift_uvot_V swift_uvot_W johnson_U johnson_B johnson_V johnson_R johnson_I sdss_u sdss_g sdss_r sdss_i sdss_z PS1_g PS1_r PS1_i PS1_z PS1_Y PS1_w ATLAS_c ATLAS_o ukirt_J ukirt_H ukirt_K Clear
[from data line 280]
4.200141 -10.037 -4.831 -5.562 -7.167 -10.08 -12.175 -10.318 -7.685 -10.224 -12.304 -13.981 -15.12 -7.448 -10.975 -13.206 -14.394 -15.214 -12.039 -13.386 -14.474 -15.127 -15.607 -13.569 -12.258 -13.886 -16.198 -16.56 -16.654 -14.047
4.327172 -9.995 -4.786 -5.269 -6.805 -9.801 -11.957 -10.13 -7.337 -9.954 -12.094 -13.831 -15.011 -7.091 -10.725 -13.023 -14.253 -15.107 -11.905 -13.224 -14.34 -15.017 -15.517 -13.415 -12.055 -13.732 -16.138 -16.528 -16.644 -13.944
4.458044 -9.95 -4.738 -4.96 -6.42 -9.504 -11.724 -9.933 -6.967 -9.667 -11.869 -13.67 -14.892 -6.711 -10.459 -12.828 -14.102 -14.99 -11.77 -13.052 -14.195 -14.896 -15.42 -13.249 -11.838 -13.568 -16.072 -16.491 -16.63 -13.837
4.592874 -9.9 -4.686 -4.634 -6.011 -9.188 -11.475 -9.727 -6.574 -9.361 -11.628 -13.497 -14.764 -6.306 -10.175 -12.617 -13.938 -14.863 -11.636 -12.871 -14.039 -14.766 -15.314 -13.071 -11.606 -13.391 -15.998 -16.448 -16.613 -13.724
4.731783 -9.845 -4.631 -4.289 -5.575 -8.849 -11.208 -9.511 -6.154 -9.034 -11.369 -13.311 -14.626 -5.875 -9.871 -12.392 -13.762 -14.726 -11.503 -12.679 -13.872 -14.625 -15.199 -12.88 -11.358 -13.2 -15.917 -16.4 -16.591 -13.606
4.874892 -9.785 -4.57 -3.924 -5.11 -8.488 -10.921 -9.286 -5.706 -8.685 -11.093 -13.11 -14.475 -5.415 -9.546 -12.149 -13.571 -14.576 -11.372 -12.477 -13.692 -14.473 -15.075 -12.674 -11.092 -12.995 -15.827 -16.345 -16.564 -13.482
5.02233 -9.72 -4.504 -3.537 -4.613 -8.1 -10.612 -9.053 -5.228 -8.312 -10.796 -12.895 -14.312 -4.924 -9.198 -11.888 -13.365 -14.414 -11.244 -12.265 -13.498 -14.308 -14.94 -12.453 -10.806 -12.775 -15.727 -16.283 -16.532 -13.354
5.174227 -9.648 -4.433 -3.126 -4.082 -7.686 -10.281 -8.811 -4.716 -7.913 -10.477 -12.662 -14.135 -4.398 -8.825 -11.607 -13.143 -14.238 -11.117 -12.044 -13.29 -14.129 -14.794 -12.216 -10.5 -12.537 -15.618 -16.213 -16.495 -13.22
5.330718 -9.57 -4.354 -2.689 -3.513 -7.241 -9.925 -8.562 -4.168 -7.485 -10.133 -12.411 -13.944 -3.835 -8.424 -11.304 -12.902 -14.046 -10.992 -11.815 -13.067 -13.936 -14.636 -11.959 -10.171 -12.281 -15.497 -16.136 -16.451 -13.08
5.491942 -9.484 -4.269 -2.223 -2.904 -6.763 -9.541 -8.307 -3.58 -7.026 -9.764 -12.141 -13.735 -3.231 -7.994 -10.977 -12.641 -13.837 -10.867 -11.578 -12.828 -13.727 -14.465 -11.683 -9.817 -12.004 -15.365 -16.048 -16.401 -12.936
5.658042 -9.391 -4.175 -1.726 -2.249 -6.249 -9.126 -8.049 -2.948 -6.533 -9.366 -11.849 -13.509 -2.583 -7.53 -10.623 -12.358 -13.611 -10.743 -11.335 -12.572 -13.501 -14.28 -11.385 -9.436 -11.705 -15.219 -15.951 -16.343 -12.786
5.829166 -9.289 -4.074 -1.195 -1.545 -5.696 -8.679 -7.79 -2.269 -6.003 -8.937 -11.533 -13.264 -1.885 -7.031 -10.241 -12.051 -13.364 -10.616 -11.089 -12.299 -13.256 -14.081 -11.062 -9.024 -11.381 -15.058 -15.843 -16.277 -12.631
6.005465 -9.178 -3.962 -0.626 -0.787 -5.099 -8.195 -7.532 -1.537 -5.432 -8.473 -11.191 -12.997 -1.133 -6.492 -9.827 -11.717 -13.095 -10.486 -10.841 -12.008 -12.992 -13.867 -10.713 -8.58 -11.031 -14.882 -15.723 -16.203 -12.47
6.187096 -9.057 -3.841 -0.017 0.032 -4.454 -7.67 -7.278 -0.747 -4.816 -7.972 -10.82 -12.707 -0.322 -5.909 -9.378 -11.355 -12.802 -10.351 -10.595 -11.7 -12.708 -13.637 -10.336 -8.1 -10.652 -14.687 -15.589 -16.118 -12.304
6.37422 -8.924 -3.709 0.638 0.915 -3.756 -7.102 -7.029 0.107 -4.151 -7.428 -10.418 -12.39 0.554 -5.278 -8.89 -10.96 -12.482 -10.208 -10.351 -11.375 -12.402 -13.39 -9.925 -7.58 -10.24 -14.474 -15.44 -16.023 -12.13
6.567004 -8.78 -3.564 1.343 1.872 -3.0 -6.484 -6.786 1.031 -3.431 -6.839 -9.982 -12.046 1.503 -4.594 -8.36 -10.529 -12.132 -10.057 -10.111 -11.035 -12.073 -13.126 -9.48 -7.016 -9.792 -14.238 -15.275 -15.915 -11.949
6.765619 -8.621 -3.406 2.102 2.91 -2.179 -5.812 -6.548 2.034 -2.651 -6.199 -9.507 -11.67 2.533 -3.852 -7.783 -10.06 -11.75 -9.894 -9.875 -10.683 -11.721 -12.845 -8.995 -6.403 -9.305 -13.978 -15.092 -15.794 -11.76
6.97024 -8.448 -3.233 2.923 4.038 -1.287 -5.079 -6.313 3.123 -1.805 -5.504 -8.991 -11.259 3.651 -3.043 -7.153 -9.546 -11.331 -9.718 -9.641 -10.322 -11.347 -12.547 -8.467 -5.735 -8.774 -13.691 -14.888 -15.658 -11.561
7.181051 -8.259 -3.043 3.811 5.266 -0.315 -4.279 -6.078 4.31 -0.884 -4.745 -8.427 -10.809 4.869 -2.162 -6.465 -8.984 -10.871 -9.527 -9.405 -9.957 -10.952 -12.232 -7.89 -5.008 -8.194 -13.375 -14.662 -15.505 -11.35
7.398237 -8.061 -2.845 4.677 6.464 0.638 -3.491 -5.85 5.468 0.017 -4.0 -7.869 -10.359 6.058 -1.298 -5.785 -8.424 -10.411 -9.328 -9.178 -9.618 -10.571 -11.925 -7.318 -4.29 -7.62 -13.051 -14.425 -15.34 -11.136
7.621991 -7.924 -2.708 4.814 6.601 0.775 -3.354 -5.713 5.605 0.153 -3.863 -7.732 -10.222 6.195 -1.161 -5.648 -8.287 -10.274 -9.191 -9.041 -9.481 -10.434 -11.788 -7.181 -4.154 -7.483 -12.914 -14.288 -15.203 -10.999
7.852513 -7.778 -2.563 4.96 6.747 0.921 -3.209 -5.568 5.751 0.299 -3.717 -7.586 -10.077 6.34 -1.015 -5.502 -8.142 -10.128 -9.045 -8.895 -9.335 -10.288 -11.642 -7.036 -4.008 -7.337 -12.769 -14.143 -15.057 -10.853
8.090007 -7.623 -2.408 5.115 6.902 1.076 -3.054 -5.413 5.906 0.454 -3.562 -7.432 -9.922 6.495 -0.86 -5.348 -7.987 -9.973 -8.89 -8.741 -9.181 -10.133 -11.487 -6.881 -3.853 -7.182 -12.614 -13.988 -14.902 -10.698
8.334684 -7.459 -2.243 5.279 7.066 1.24 -2.889 -5.248 6.07 0.618 -3.398 -7.267 -9.758 6.66 -0.696 -5.183 -7.822 -9.809 -8.726 -8.576 -9.016 -9.969 -11.323 -6.716 -3.689 -7.018 -12.449 -13.823 -14.738 -10.534
8.586761 -7.284 -2.068 5.454 7.241 1.415 -2.715 -5.074 6.245 0.793 -3.223 -7.092 -9.583 6.835 -0.521 -5.008 -7.648 -9.634 -8.551 -8.401 -8.841 -9.794 -11.148 -6.541 -3.514 -6.843 -12.274 -13.649 -14.563 -10.359
8.846461 -7.098 -1.883 5.64 7.427 1.601 -2.529 -4.888 6.431 0.979 -3.037 -6.906 -9.397 7.02 -0.335 -4.823 -7.462 -9.448 -8.365 -8.215 -8.655 -9.608 -10.962 -6.356 -3.328 -6.657 -12.089 -13.463 -14.377 -10.173
9.114017 -6.901 -1.685 5.837 7.624 1.798 -2.331 -4.69 6.628 1.176 -2.84 -6.709 -9.2 7.218 -0.138 -4.625 -7.264 -9.251 -8.168 -8.018 -8.458 -9.411 -10.765 -6.158 -3.131 -6.46 -11.891 -13.265 -14.18 -9.976
9.389664 -6.691 -1.476 6.047 7.834 2.008 -2.122 -4.481 6.838 1.386 -2.63 -6.5 -8.99 7.427 0.072 -4.416 -7.055 -9.041 -7.958 -7.808 -8.248 -9.201 -10.555 -5.949 -2.921 -6.25 -11.682 -13.056 -13.97 -9.766
9.673648 -6.469 -1.253 6.269 8.056 2.23 -1.899 -4.258 7.06 1.609 -2.407 -6.277 -8.767 7.65 0.295 -4.193 -6.832 -8.819 -7.735 -7.586 -8.026 -8.979 -10.333 -5.726 -2.698 -6.027 -11.459 -12.833 -13.748 -9.544
9.966221 -6.232 -1.017 6.506 8.293 2.467 -1.663 -4.022 7.297 1.845 -2.171 -6.04 -8.531 7.886 0.531 -3.957 -6.596 -8.582 -7.499 -7.349 -7.789 -8.742 -10.096 -5.49 -2.462 -5.791 -11.223 -12.597 -13.511 -9.307
10.267642 -5.981 -0.766 6.757 8.544 2.718 -1.412 -3.771 7.548 2.096 -1.92 -5.789 -8.28 8.137 0.782 -3.706 -6.345 -8.331 -7.248 -7.098 -7.538 -8.491 -9.845 -5.239 -2.211 -5.54 -10.972 -12.346 -13.26 -9.056
10.57818 -5.715 -0.499 7.023 8.81 2.984 -1.145 -3.504 7.814 2.362 -1.654 -5.523 -8.013 8.404 1.048 -3.439 -6.078 -8.065 -6.982 -6.832 -7.272 -8.225 -9.579 -4.972 -1.944 -5.274 -10.705 -12.079 -12.994 -8.79
10.89811 -5.432 -0.216 7.306 9.093 3.267 -0.862 -3.221 8.097 2.645 -1.371 -5.24 -7.73 8.687 1.331 -3.156 -5.795 -7.782 -6.699 -6.549 -6.989 -7.942 -9.296 -4.689 -1.662 -4.991 -10.422 -11.796 -12.711 -8.507
11.227716 -5.132 0.084 7.606 9.394 3.568 -0.562 -2.921 8.397 2.946 -1.07 -4.94 -7.43 8.987 1.632 -2.856 -5.495 -7.481 -6.398 -6.249 -6.689 -7.641 -8.996 -4.389 -1.361 -4.69 -10.122 -11.496 -12.41 -8.206
11.56729 -4.813 0.403 7.925 9.712 3.886 -0.243 -2.602 8.716 3.265 -0.752 -4.621 -7.111 9.306 1.95 -2.537 -5.176 -7.163 -6.08 -5.93 -6.37 -7.323 -8.677 -4.07 -1.042 -4.371 -9.803 -11.177 -12.092 -7.888
11.917135 -4.474 0.741 8.264 10.051 4.225 0.095 -2.264 9.055 3.603 -0.413 -4.282 -6.773 9.644 2.289 -2.199 -4.838 -6.824 -5.741 -5.591 -6.031 -6.984 -8.338 -3.732 -0.704 -4.033 -9.465 -10.839 -11.753 -7.549
12.277561 -4.115 1.101 8.623 10.41 4.584 0.454 -1.905 9.414 3.962 -0.054 -3.923 -6.414 10.004 2.648 -1.839 -4.479 -6.465 -5.382 -5.232 -5.672 -6.625 -7.979 -3.372 -0.345 -3.674 -9.105 -10.48 -11.394 -7.19
12.648887 -3.734 1.482 9.004 10.791 4.965 0.836 -1.523 9.795 4.344 0.327 -3.542 -6.032 10.385 3.029 -1.458 -4.097 -6.084 -5.001 -4.851 -5.291 -6.244 -7.598 -2.991 0.037 -3.293 -8.724 -10.098 -11.013 -6.809
13.031444 -3.329 1.887 9.409 11.196 5.37 1.24 -1.119 10.2 4.748 0.732 -3.137 -5.628 10.79 3.434 -1.053 -3.693 -5.679 -4.596 -4.446 -4.886 -5.839 -7.193 -2.586 0.441 -2.888 -8.319 -9.693 -10.608 -6.404
13.425571 -2.899 2.316 9.839 11.626 5.8 1.67 -0.689 10.63 5.178 1.162 -2.708 -5.198 11.219 3.864 -0.624 -3.263 -5.249 -4.166 -4.017 -4.457 -5.409 -6.763 -2.157 0.871 -2.458 -7.89 -9.264 -10.178 -5.974
13.831619 -2.444 2.772 10.294 12.082 6.256 2.126 -0.233 11.086 5.634 1.618 -2.252 -4.742 11.675 4.32 -0.168 -2.807 -4.793 -3.71 -3.561 -4.001 -4.953 -6.307 -1.701 1.327 -2.002 -7.434 -8.808 -9.722 -5.518
14.249947 -1.96 3.256 10.778 12.566 6.74 2.61 0.251 11.57 6.118 2.102 -1.768 -4.258 12.159 4.804 0.316 -2.323 -4.309 -3.226 -3.077 -3.517 -4.469 -5.823 -1.217 1.811 -1.518 -6.95 -8.324 -9.238 -5.034
14.680926 -1.446 3.77 11.292 13.079 7.253 3.124 0.765 12.083 6.631 2.615 -1.254 -3.744 12.673 5.317 0.83 -1.809 -3.796 -2.713 -2.563 -3.003 -3.956 -5.31 -0.703 2.325 -1.005 -6.436 -7.81 -8.725 -4.521
15.124941 -0.901 4.315 11.837 13.625 7.799 3.669 1.31 12.628 7.177 3.161 -0.709 -3.199 13.218 5.863 1.375 -1.264 -3.25 -2.167 -2.018 -2.458 -3.41 -4.765 -0.158 2.87 -0.459 -5.891 -7.265 -8.179 -3.975
15.582385 -0.322 4.894 12.416 14.203 8.377 4.248 1.889 13.207 7.755 3.739 -0.13 -2.62 13.797 6.441 1.954 -0.685 -2.672 -1.589 -1.439 -1.879 -2.832 -4.186 0.421 3.449 0.119 -5.312 -6.686 -7.601 -3.397
16.053663 0.292 5.508 13.03 14.818 8.992 4.862 2.503 13.821 8.37 4.354 0.484 -2.006 14.411 7.056 2.568 -0.071 -2.057 -0.974 -0.825 -1.265 -2.217 -3.572 1.035 4.063 0.734 -4.698 -6.072 -6.986 -2.783
16.539195 0.944 6.16 13.682 15.47 9.644 5.514 3.155 14.473 9.022 5.006 1.136 -1.354 15.063 7.708 3.22 0.581 -1.405 -0.322 -0.173 -0.613 -1.565 -2.92 1.687 4.715 1.386 -4.046 -5.42 -6.334 -2.131
17.039412 1.636 6.852 14.374 16.162 10.336 6.206 3.847 15.165 9.714 5.698 1.828 -0.662 15.755 8.4 3.912 1.273 -0.713 0.37 0.519 0.079 -0.873 -2.228 2.379 5.407 2.078 -3.354 -4.728 -5.642 -1.439
17.554757 2.371 7.587 15.109 16.896 11.07 6.94 4.581 15.9 10.448 6.432 2.563 0.072 16.49 9.134 4.647 2.007 0.021 1.104 1.254 0.814 -0.139 -1.493 3.114 6.141 2.812 -2.619 -3.994 -4.908 -0.704
18.085689 3.151 8.366 15.889 17.676 11.85 7.72 5.361 16.68 11.228 7.212 3.342 0.852 17.269 9.914 5.426 2.787 0.801 1.884 2.033 1.593 0.641 -0.713 3.893 6.921 3.592 -1.84 -3.214 -4.128 0.076
18.632678 3.978 9.194 16.716 18.503 12.677 8.547 6.189 17.507 12.055 8.039 4.17 1.679 18.097 10.741 6.254 3.614 1.628 2.711 2.861 2.421 1.468 0.114 4.721 7.748 4.419 -1.012 -2.386 -3.301 0.903
19.196211 4.856 10.072 17.594 19.381 13.555 9.426 7.067 18.385 12.934 8.918 5.048 2.558 18.975 11.62 7.132 4.493 2.506 3.59 3.739 3.299 2.346 0.992 5.599 8.627 5.298 -0.134 -1.508 -2.423 1.781
19.776787 5.789 11.004 18.526 20.314 14.488 10.358 7.999 19.318 13.866 9.85 5.98 3.49 19.907 12.552 8.064 5.425 3.439 4.522 4.671 4.231 3.279 1.925 6.531 9.559 6.23 0.798 -0.576 -1.49 2.714
20.374923 6.778 11.994 19.516 21.303 15.477 11.347 8.989 20.307 14.855 10.839 6.97 4.479 20.897 13.541 9.054 6.414 4.428 5.511 5.661 5.221 4.268 2.914 7.521 10.548 7.219 1.788 0.414 -0.501 3.703
20.991149 7.828 13.044 20.566 22.353 16.527 12.398 10.039 21.357 15.905 11.889 8.02 5.53 21.947 14.591 10.104 7.465 5.478 6.561 6.711 6.271 5.318 3.964 8.571 11.599 8.269 2.838 1.464 0.549 4.753
21.626011 8.943 14.159 21.681 23.468 17.642 13.512 11.153 22.472 17.02 13.004 9.135 6.644 23.062 15.706 11.219 8.579 6.593 7.676 7.826 7.386 6.433 5.079 9.686 12.713 9.384 3.952 2.578 1.664 5.868
22.280075 10.126 15.342 22.864 24.651 18.825 14.695 12.337 23.655 18.203 14.187 10.318 7.827 24.245 16.889 12.402 9.763 7.776 8.859 9.009 8.569 7.616 6.262 10.869 13.896 10.567 5.136 3.762 2.847 7.051
22.953921 11.382 16.597 24.12 25.907 20.081 15.951 13.592 24.911 19.459 15.443 11.574 9.083 25.501 18.145 13.658 11.018 9.032 10.115 10.265 9.825 8.872 7.518 12.125 15.152 11.823 6.391 5.017 4.103 8.307
23.648147 12.715 17.93 25.453 27.24 21.414 17.284 14.925 26.244 20.792 16.776 12.907 10.416 26.834 19.478 14.991 12.351 10.365 11.448 11.598 11.158 10.205 8.851 13.457 16.485 13.156 7.724 6.35 5.436 9.64
24.363369 14.129 19.345 26.867 28.655 22.829 18.699 16.34 27.659 22.207 18.191 14.321 11.831 28.248 20.893 16.405 13.766 11.78 12.863 13.012 12.572 11.62 10.266 14.872 17.9 14.571 9.139 7.765 6.851 11.055
25.100222 15.631 20.847 28.369 30.156 24.33 20.201 17.842 29.16 23.708 19.692 15.823 13.333 29.75 22.394 17.907 15.268 13.281 14.364 14.514 14.074 13.121 11.767 16.374 19.401 16.072 10.641 9.267 8.352 12.556
25.859362 17.225 22.441 29.963 31.75 25.924 21.794 19.435 30.754 25.302 21.286 17.417 14.926 31.344 23.988 19.501 16.861 14.875 15.958 16.108 15.668 14.715 13.361 17.968 20.995 17.666 12.235 10.861 9.946 14.15
26.64146 18.917 24.132 31.655 33.442 27.616 23.486 21.127 32.446 26.994 22.978 19.108 16.618 33.035 25.68 21.192 18.553 16.567 17.65 17.8 17.36 16.407 15.053 19.659 22.687 19.358 13.926 12.552 11.638 15.842
27.447213 20.712 25.928 33.45 35.237 29.411 25.282 22.923 34.241 28.79 24.773 20.904 18.414 34.831 27.475 22.988 20.349 18.362 19.445 19.595 19.155 18.202 16.848 21.455 24.483 21.153 15.722 14.348 13.433 17.637
28.277335 22.618 27.834 35.356 37.143 31.317 27.187 24.829 36.147 30.695 26.679 22.81 20.319 36.737 29.381 24.894 22.255 20.268 21.351 21.501 21.061 20.108 18.754 23.361 26.388 23.059 17.628 16.254 15.339 19.543
29.132564 24.641 29.857 37.379 39.166 33.34 29.21 26.851 38.17 32.718 28.702 24.833 22.342 38.76 31.404 26.917 24.277 22.291 23.374 23.524 23.084 22.131 20.777 25.384 28.411 25.082 19.65 18.276 17.362 21.566
30.013659 26.788 32.004 39.526 41.313 35.487 31.357 28.998 40.317 34.865 30.849 26.98 24.489 40.907 33.551 29.064 26.424 24.438 25.521 25.671 25.231 24.278 22.924 27.531 30.558 27.229 21.798 20.424 19.509 23.713
30.921401 29.067 34.282 41.805 43.592 37.766 33.636 31.277 42.596 37.144 33.128 29.259 26.768 43.186 35.83 31.343 28.703 26.717 27.8 27.95 27.51 26.557 25.203 29.81 32.837 29.508 24.076 22.702 21.788 25.992
31.856598 31.486 36.701 44.224 46.011 40.185 36.055 33.696 45.015 39.563 35.547 31.677 29.187 45.604 38.249 33.761 31.122 29.136 30.219 30.369 29.929 28.976 27.622 32.228 35.256 31.927 26.495 25.121 24.207 28.411
32.820079 34.053 39.269 46.791 48.578 42.752 38.622 36.264 47.582 42.13 38.114 34.245 31.754 48.172 40.816 36.329 33.689 31.703 32.786 32.936 32.496 31.543 30.189 34.796 37.823 34.494 29.063 27.689 26.774 30.978
33.8127 36.778 41.994 49.516 51.303 45.477 41.347 38.989 50.307 44.855 40.839 36.97 34.479 50.897 43.541 39.054 36.414 34.428 35.511 35.661 35.221 34.268 32.914 37.521 40.548 37.219 31.788 30.414 29.499 33.703
34.835342 39.67 44.886 52.408 54.195 48.369 44.24 41.881 53.199 47.748 43.732 39.862 37.372 53.789 46.434 41.946 39.307 37.321 38.404 38.553 38.113 37.161 35.806 40.413 43.441 40.112 34.68 33.306 32.392 36.595
35.888913 42.74 47.956 55.478 57.265 51.439 47.31 44.951 56.269 50.818 46.801 42.932 40.442 56.859 49.503 45.016 42.377 40.39 41.473 41.623 41.183 40.23 38.876 43.483 46.511 43.182 37.75 36.376 35.461 39.665
36.974349 45.999 51.214 58.737 60.524 54.698 50.568 48.209 59.528 54.076 50.06 46.19 43.7 60.117 52.762 48.274 45.635 43.649 44.732 44.882 44.442 43.489 42.135 46.741 49.769 46.44 41.008 39.634 38.72 42.924
38.092613 49.457 54.673 62.195 63.982 58.156 54.027 51.668 62.986 57.534 53.518 49.649 47.159 63.576 56.22 51.733 49.094 47.107 48.19 48.34 47.9 46.947 45.593 50.2 53.228 49.898 44.467 43.093 42.178 46.382
39.244698 53.128 58.344 65.866 67.653 61.827 57.697 55.339 66.657 61.205 57.189 53.32 50.829 67.247 59.891 55.404 52.765 50.778 51.861 52.011 51.571 50.618 49.264 53.871 56.898 53.569 48.138 46.764 45.849 50.053
