web/models/kne.last_good/kappa_0.5_3.0.v1/24/villar_0.1173_0.2807_0.5000.dat
# %ECSV 1.0
# ---
# datatype:
# - {name: time, datatype: float64}
# - {name: swift_uvot_uvw2, datatype: float64}
# - {name: swift_uvot_uvm2, datatype: float64}
# - {name: swift_uvot_uvw1, datatype: float64}
# - {name: swift_uvot_U, datatype: float64}
# - {name: swift_uvot_B, datatype: float64}
# - {name: swift_uvot_V, datatype: float64}
# - {name: swift_uvot_W, datatype: float64}
# - {name: johnson_U, datatype: float64}
# - {name: johnson_B, datatype: float64}
# - {name: johnson_V, datatype: float64}
# - {name: johnson_R, datatype: float64}
# - {name: johnson_I, datatype: float64}
# - {name: sdss_u, datatype: float64}
# - {name: sdss_g, datatype: float64}
# - {name: sdss_r, datatype: float64}
# - {name: sdss_i, datatype: float64}
# - {name: sdss_z, datatype: float64}
# - {name: PS1_g, datatype: float64}
# - {name: PS1_r, datatype: float64}
# - {name: PS1_i, datatype: float64}
# - {name: PS1_z, datatype: float64}
# - {name: PS1_Y, datatype: float64}
# - {name: PS1_w, datatype: float64}
# - {name: ATLAS_c, datatype: float64}
# - {name: ATLAS_o, datatype: float64}
# - {name: ukirt_J, datatype: float64}
# - {name: ukirt_H, datatype: float64}
# - {name: ukirt_K, datatype: float64}
# - {name: Clear, datatype: float64}
# meta: !!omap
# - comment: [kappa = 0.5, type = villar, mass = 0.11727632184323686, velocity = 0.2806666666666667, theta_obs = 0.0]
# schema: astropy-2.0
time swift_uvot_uvw2 swift_uvot_uvm2 swift_uvot_uvw1 swift_uvot_U swift_uvot_B swift_uvot_V swift_uvot_W johnson_U johnson_B johnson_V johnson_R johnson_I sdss_u sdss_g sdss_r sdss_i sdss_z PS1_g PS1_r PS1_i PS1_z PS1_Y PS1_w ATLAS_c ATLAS_o ukirt_J ukirt_H ukirt_K Clear
[from data line 280]
4.200141 -9.58 -4.394 -5.715 -7.471 -10.185 -12.133 -10.218 -7.955 -10.309 -12.246 -13.778 -14.819 -7.741 -11.01 -13.079 -14.167 -14.91 -11.839 -13.22 -14.236 -14.831 -15.261 -13.38 -12.183 -13.691 -15.779 -16.076 -16.117 -13.745
4.327172 -9.452 -4.249 -5.136 -6.782 -9.643 -11.7 -9.825 -7.291 -9.782 -11.824 -13.463 -14.577 -7.06 -10.519 -12.708 -13.87 -14.67 -11.517 -12.877 -13.947 -14.586 -15.052 -13.055 -11.774 -13.37 -15.624 -15.969 -16.049 -13.502
4.458044 -9.313 -4.102 -4.512 -6.027 -9.048 -11.222 -9.405 -6.563 -9.204 -11.361 -13.116 -14.308 -6.314 -9.981 -12.298 -13.541 -14.404 -11.196 -12.506 -13.629 -14.313 -14.82 -12.698 -11.324 -13.016 -15.45 -15.848 -15.97 -13.244
4.592874 -9.161 -3.947 -3.838 -5.198 -8.393 -10.695 -8.956 -5.764 -8.569 -10.849 -12.732 -14.009 -5.494 -9.388 -11.845 -13.176 -14.108 -10.881 -12.104 -13.278 -14.01 -14.563 -12.305 -10.829 -12.625 -15.254 -15.71 -15.88 -12.972
4.731783 -8.995 -3.779 -3.108 -4.286 -7.672 -10.111 -8.482 -4.883 -7.871 -10.284 -12.308 -13.677 -4.591 -8.734 -11.343 -12.77 -13.778 -10.576 -11.675 -12.891 -13.674 -14.278 -11.872 -10.284 -12.193 -15.033 -15.554 -15.776 -12.686
4.874892 -8.812 -3.597 -2.315 -3.28 -6.875 -9.464 -7.987 -3.912 -7.101 -9.659 -11.838 -13.307 -3.595 -8.011 -10.786 -12.318 -13.409 -10.285 -11.219 -12.464 -13.301 -13.963 -11.392 -9.681 -11.713 -14.785 -15.378 -15.657 -12.388
5.02233 -8.613 -3.397 -1.449 -2.168 -5.993 -8.746 -7.478 -2.838 -6.251 -8.966 -11.317 -12.896 -2.494 -7.212 -10.168 -11.815 -12.998 -10.005 -10.744 -11.996 -12.887 -13.615 -10.861 -9.015 -11.182 -14.506 -15.177 -15.52 -12.079
5.174227 -8.393 -3.177 -0.502 -0.935 -5.014 -7.947 -6.966 -1.647 -5.311 -8.197 -10.738 -12.436 -1.272 -6.324 -9.478 -11.252 -12.537 -9.731 -10.259 -11.484 -12.428 -13.231 -10.271 -8.275 -10.591 -14.19 -14.95 -15.364 -11.759
5.330718 -8.151 -2.935 0.537 0.434 -3.926 -7.056 -6.466 -0.324 -4.267 -7.34 -10.094 -11.923 0.086 -5.336 -8.709 -10.623 -12.02 -9.454 -9.777 -10.928 -11.92 -12.809 -9.615 -7.453 -9.932 -13.835 -14.692 -15.186 -11.43
5.491942 -7.884 -2.668 1.682 1.96 -2.712 -6.059 -5.988 1.151 -3.107 -6.386 -9.376 -11.349 1.599 -4.235 -7.848 -9.918 -11.44 -9.167 -9.31 -10.333 -11.36 -12.349 -8.883 -6.537 -9.198 -13.432 -14.399 -14.982 -11.089
5.658042 -7.587 -2.372 2.946 3.665 -1.356 -4.941 -5.537 2.8 -1.814 -5.318 -8.574 -10.705 3.29 -3.003 -6.882 -9.125 -10.787 -8.861 -8.863 -9.708 -10.748 -11.849 -8.065 -5.513 -8.375 -12.977 -14.066 -14.748 -10.735
5.829166 -7.258 -2.042 4.348 5.577 0.166 -3.684 -5.105 4.648 -0.369 -4.122 -7.675 -9.981 5.187 -1.621 -5.796 -8.231 -10.05 -8.527 -8.433 -9.07 -10.086 -11.313 -7.147 -4.364 -7.453 -12.459 -13.686 -14.481 -10.362
6.005465 -6.891 -1.676 5.909 7.728 1.879 -2.266 -4.678 6.728 1.252 -2.779 -6.666 -9.166 7.321 -0.065 -4.57 -7.221 -9.216 -8.158 -8.006 -8.436 -9.385 -10.745 -6.113 -3.072 -6.415 -11.87 -13.252 -14.173 -9.965
6.187096 -6.481 -1.265 7.654 10.156 3.812 -0.662 -4.236 9.076 3.075 -1.265 -5.529 -8.246 9.729 1.691 -3.183 -6.076 -8.271 -7.747 -7.564 -7.824 -8.661 -10.152 -4.947 -1.613 -5.242 -11.197 -12.755 -13.819 -9.534
6.37422 -6.02 -0.804 9.614 12.909 6.003 1.16 -3.76 11.736 5.133 0.445 -4.247 -7.206 12.458 3.683 -1.608 -4.774 -7.196 -7.285 -7.089 -7.231 -7.934 -9.538 -3.624 0.04 -3.914 -10.428 -12.184 -13.411 -9.061
6.567004 -5.499 -0.284 11.826 16.041 8.496 3.235 -3.234 14.762 7.464 2.383 -2.794 -6.025 15.562 5.949 0.188 -3.288 -5.97 -6.765 -6.563 -6.637 -7.22 -8.901 -2.12 1.921 -2.404 -9.545 -11.528 -12.938 -8.534
6.765619 -4.91 0.306 14.338 19.621 11.344 5.61 -2.642 18.217 10.118 4.585 -1.143 -4.682 19.107 8.538 2.242 -1.586 -4.567 -6.175 -5.971 -6.012 -6.509 -8.234 -0.401 4.07 -0.68 -8.527 -10.77 -12.391 -7.942
6.97024 -4.239 0.977 17.205 23.731 14.612 8.339 -1.97 22.182 13.15 7.098 0.739 -3.149 23.173 11.509 4.603 0.371 -2.957 -5.504 -5.3 -5.327 -5.775 -7.517 1.572 6.537 1.298 -7.351 -9.892 -11.753 -7.269
7.181051 -3.47 1.746 20.5 28.473 18.38 11.488 -1.202 26.751 16.632 9.976 2.893 -1.394 27.859 14.935 7.327 2.631 -1.101 -4.736 -4.531 -4.554 -4.979 -6.726 3.847 9.383 3.577 -5.985 -8.871 -11.009 -6.5
7.398237 -2.585 2.63 24.309 33.972 22.747 15.139 -0.317 32.042 20.652 13.284 5.368 0.624 33.285 18.904 10.486 5.253 1.044 -3.851 -3.646 -3.668 -4.085 -5.831 6.483 12.682 6.217 -4.394 -7.681 -10.137 -5.615
7.621991 -1.907 3.309 26.543 37.109 25.281 17.293 0.361 35.066 22.995 15.244 6.887 1.9 36.38 21.226 12.378 6.858 2.393 -3.173 -2.968 -2.989 -3.405 -5.151 8.096 14.648 7.831 -3.334 -6.834 -9.46 -4.937
7.852513 -1.488 3.727 26.962 37.528 25.7 17.712 0.78 35.485 23.414 15.663 7.306 2.319 36.799 21.645 12.797 7.277 2.812 -2.754 -2.549 -2.571 -2.986 -4.732 8.515 15.067 8.25 -2.915 -6.415 -9.041 -4.518
8.090007 -1.043 4.172 27.407 37.973 26.145 18.156 1.225 35.93 23.859 16.107 7.751 2.764 37.244 22.09 13.242 7.722 3.256 -2.309 -2.104 -2.126 -2.541 -4.287 8.96 15.511 8.695 -2.47 -5.971 -8.597 -4.073
8.334684 -0.571 4.644 27.879 38.445 26.617 18.628 1.697 36.402 24.331 16.579 8.223 3.236 37.716 22.562 13.714 8.194 3.728 -1.837 -1.632 -1.654 -2.069 -3.815 9.432 15.983 9.167 -1.998 -5.499 -8.125 -3.601
8.586761 -0.07 5.145 28.38 38.946 27.118 19.129 2.198 36.903 24.832 17.08 8.724 3.737 38.217 23.063 14.215 8.695 4.229 -1.336 -1.131 -1.153 -1.568 -3.314 9.933 16.484 9.668 -1.497 -4.998 -7.624 -3.1
8.846461 0.461 5.677 28.912 39.478 27.649 19.661 2.73 37.435 25.364 17.612 9.256 4.269 38.749 23.594 14.747 9.227 4.761 -0.804 -0.6 -0.621 -1.036 -2.782 10.465 17.016 10.199 -0.965 -4.466 -7.092 -2.568
9.114017 1.026 6.241 29.476 40.042 28.214 20.225 3.294 37.999 25.928 18.177 9.82 4.833 39.313 24.159 15.311 9.791 5.326 -0.24 -0.035 -0.057 -0.472 -2.218 11.029 17.581 10.764 -0.401 -3.902 -6.527 -2.004
9.389664 1.625 6.84 30.075 40.641 28.813 20.825 3.893 38.598 26.527 18.776 10.419 5.432 39.912 24.758 15.91 10.39 5.925 0.359 0.564 0.542 0.127 -1.619 11.628 18.18 11.363 0.198 -3.303 -5.928 -1.405
9.673648 2.261 7.476 30.711 41.277 29.449 21.46 4.529 39.234 27.163 19.412 11.055 6.068 40.548 25.394 16.546 11.026 6.56 0.995 1.2 1.178 0.763 -0.983 12.264 18.816 11.999 0.834 -2.667 -5.292 -0.769
9.966221 2.936 8.151 31.386 41.952 30.124 22.135 5.204 39.909 27.838 20.086 11.73 6.743 41.223 26.069 17.221 11.701 7.235 1.67 1.875 1.853 1.438 -0.308 12.939 19.49 12.674 1.509 -1.992 -4.618 -0.094
10.267642 3.652 8.868 32.102 42.669 30.84 22.852 5.92 40.625 28.554 20.803 12.446 7.459 41.939 26.785 17.937 12.417 7.952 2.386 2.591 2.57 2.154 0.408 13.655 20.207 13.39 2.225 -1.275 -3.901 0.622
10.57818 4.412 9.628 32.863 43.429 31.6 23.612 6.681 41.386 29.315 21.563 13.207 8.22 42.7 27.545 18.697 13.178 8.712 3.147 3.351 3.33 2.915 1.169 14.416 20.967 14.15 2.986 -0.515 -3.141 1.383
10.89811 5.219 10.435 33.67 44.236 32.407 24.419 7.488 42.193 30.122 22.37 14.014 9.027 43.507 28.352 19.504 13.985 9.519 3.954 4.158 4.137 3.722 1.976 15.223 21.774 14.957 3.793 0.292 -2.334 2.19
11.227716 6.076 11.291 34.526 45.092 33.264 25.276 8.344 43.049 30.978 23.227 14.87 9.883 44.363 29.209 20.361 14.841 10.376 4.81 5.015 4.993 4.578 2.832 16.079 22.631 15.814 4.649 1.149 -1.477 3.046
11.56729 6.985 12.201 35.435 46.002 34.173 26.185 9.253 43.958 31.887 24.136 15.779 10.792 45.272 30.118 21.27 15.75 11.285 5.719 5.924 5.903 5.487 3.741 16.988 23.54 16.723 5.558 2.058 -0.568 3.956
11.917135 7.95 13.166 36.4 46.967 35.138 27.15 10.218 44.923 32.852 25.101 16.744 11.757 46.237 31.083 22.235 16.715 12.25 6.684 6.889 6.868 6.452 4.706 17.953 24.505 17.688 6.523 3.023 0.397 4.921
12.277561 8.974 14.19 37.425 47.991 36.162 28.174 11.243 45.948 33.877 26.125 17.769 12.782 47.262 32.107 23.259 17.74 13.274 7.709 7.913 7.892 7.477 5.731 18.978 25.529 18.712 7.548 4.047 1.421 5.945
12.648887 10.061 15.277 38.512 49.078 37.249 29.261 12.33 47.035 34.964 27.212 18.856 13.869 48.349 33.194 24.347 18.827 14.361 8.796 9.001 8.979 8.564 6.818 20.065 26.616 19.8 8.635 5.134 2.508 7.032
13.031444 11.215 16.431 39.666 50.232 38.403 30.415 13.484 48.189 36.118 28.366 20.01 15.023 49.503 34.348 25.5 19.981 15.515 9.95 10.154 10.133 9.718 7.972 21.219 27.77 20.953 9.789 6.288 3.662 8.186
13.425571 12.44 17.656 40.891 51.457 39.628 31.64 14.708 49.413 37.342 29.591 21.234 16.248 50.727 35.573 26.725 21.205 16.74 11.174 11.379 11.358 10.942 9.196 22.443 28.995 22.178 11.013 7.513 4.887 9.411
13.831619 13.74 18.956 42.19 52.757 40.928 32.94 16.008 50.713 38.642 30.891 22.534 17.547 52.027 36.873 28.025 22.505 18.04 12.474 12.679 12.658 12.242 10.496 23.743 30.295 23.478 12.313 8.813 6.187 10.711
14.249947 15.12 20.335 43.57 54.136 42.308 34.319 17.388 52.093 40.022 32.271 23.914 18.927 53.407 38.253 29.405 23.885 19.42 13.854 14.059 14.037 13.622 11.876 25.123 31.675 24.858 13.693 10.192 7.567 12.09
14.680926 16.584 21.8 45.035 55.601 43.772 35.784 18.853 53.558 41.487 33.735 25.379 20.392 54.872 39.717 30.869 25.35 20.884 15.319 15.523 15.502 15.087 13.341 26.588 33.139 26.322 15.158 11.657 9.031 13.555
15.124941 18.139 23.354 46.589 57.155 45.327 37.338 20.407 55.112 43.041 35.29 26.933 21.946 56.426 41.272 32.424 26.904 22.438 16.873 17.078 17.056 16.641 14.895 28.142 34.694 27.877 16.712 13.211 10.586 15.109
15.582385 19.789 25.004 48.239 58.805 46.977 38.988 22.057 56.762 44.691 36.939 28.583 23.596 58.076 42.922 34.074 28.554 24.088 18.523 18.728 18.706 18.291 16.545 29.792 36.343 29.527 18.362 14.861 12.235 16.759
16.053663 21.54 26.755 49.99 60.556 48.728 40.739 23.808 58.513 46.442 38.691 30.334 25.347 59.827 44.673 35.825 30.305 25.84 20.274 20.479 20.457 20.042 18.296 31.543 38.095 31.278 20.113 16.612 13.987 18.51
16.539195 23.398 28.614 51.849 62.415 50.586 42.598 25.667 60.372 48.301 40.549 32.193 27.206 61.686 46.531 37.684 32.164 27.698 22.133 22.338 22.316 21.901 20.155 33.402 39.953 33.137 21.972 18.471 15.845 20.369
17.039412 25.371 30.587 53.822 64.388 52.559 44.571 27.64 62.345 50.274 42.522 34.166 29.179 63.659 48.504 39.656 34.137 29.671 24.106 24.31 24.289 23.874 22.128 35.375 41.926 35.109 23.945 20.444 17.818 22.342
17.554757 27.465 32.681 55.916 66.482 54.653 46.665 29.734 64.439 52.367 44.616 36.26 31.273 65.753 50.598 41.75 36.231 31.765 26.2 26.404 26.383 25.968 24.222 37.469 44.02 37.203 26.039 22.538 19.912 24.436
18.085689 29.688 34.903 58.138 68.704 56.876 48.887 31.956 66.661 54.59 46.839 38.482 33.495 67.975 52.821 43.973 38.453 33.988 28.422 28.627 28.605 28.19 26.444 39.691 46.243 39.426 28.261 24.76 22.135 26.658
18.632678 32.047 37.262 60.497 71.063 59.235 51.246 34.315 69.02 56.949 49.198 40.841 35.854 70.334 55.18 46.332 40.812 36.347 30.781 30.986 30.964 30.549 28.803 42.05 48.602 41.785 30.62 27.119 24.494 29.017
19.196211 34.551 39.766 63.001 73.567 61.739 53.75 36.819 71.524 59.453 51.702 43.345 38.358 72.838 57.684 48.836 43.316 38.85 33.285 33.49 33.468 33.053 31.307 44.554 51.106 44.289 33.124 29.623 26.998 31.521
19.776787 37.208 42.424 65.659 76.225 64.396 56.408 39.477 74.182 62.111 54.359 46.003 41.016 75.496 60.341 51.493 45.974 41.508 35.943 36.147 36.126 35.711 33.965 47.212 53.763 46.946 35.782 32.281 29.655 34.179
20.374923 40.029 45.245 68.48 79.046 67.217 59.229 42.297 77.003 64.931 57.18 48.823 43.837 78.317 63.162 54.314 48.794 44.329 38.763 38.968 38.947 38.531 36.786 50.032 56.584 49.767 38.602 35.102 32.476 37.0
20.991149 43.023 48.239 71.474 82.04 70.211 62.223 45.291 79.997 67.925 60.174 51.817 46.831 81.311 66.156 57.308 51.788 47.323 41.757 41.962 41.941 41.525 39.78 53.026 59.578 52.761 41.596 38.096 35.47 39.994
21.626011 46.201 51.417 74.651 85.218 73.389 65.401 48.469 83.174 71.103 63.352 54.995 50.008 84.488 69.334 60.486 54.966 50.501 44.935 45.14 45.119 44.703 42.957 56.204 62.756 55.939 44.774 41.274 38.648 43.171
22.280075 49.574 54.79 78.024 88.591 76.762 68.774 51.842 86.547 74.476 66.725 58.368 53.381 87.861 72.707 63.859 58.339 53.874 48.308 48.513 48.492 48.076 46.33 59.577 66.129 59.312 48.147 44.647 42.021 46.544
22.953921 53.154 58.37 81.605 92.171 80.342 72.354 55.422 90.127 78.056 70.305 61.948 56.962 91.441 76.287 67.439 61.919 57.454 51.888 52.093 52.072 51.656 49.91 63.157 69.709 62.892 51.727 48.227 45.601 50.125
23.648147 56.954 62.17 85.404 95.971 84.142 76.154 59.222 93.927 81.856 74.105 65.748 60.761 95.241 80.087 71.239 65.719 61.254 55.688 55.893 55.872 55.456 53.71 66.957 73.509 66.692 55.527 52.027 49.401 53.924
24.363369 60.987 66.203 89.438 100.004 88.175 80.187 63.256 97.961 85.889 78.138 69.782 64.795 99.275 84.12 75.272 69.753 65.287 59.722 59.926 59.905 59.49 57.744 70.991 77.542 70.725 59.561 56.06 53.434 57.958
25.100222 65.268 70.484 93.719 104.285 92.456 84.468 67.537 102.242 90.17 82.419 74.063 69.076 103.556 88.401 79.553 74.034 69.568 64.003 64.207 64.186 63.77 62.025 75.272 81.823 75.006 63.841 60.341 57.715 62.239
25.859362 69.812 75.028 98.262 108.828 97.0 89.012 72.08 106.785 94.714 86.963 78.606 73.619 108.099 92.945 84.097 78.577 74.112 68.546 68.751 68.73 68.314 66.568 79.815 86.367 79.55 68.385 64.885 62.259 66.782
26.64146 74.635 79.85 103.085 113.651 101.823 93.834 76.903 111.608 99.537 91.786 83.429 78.442 112.922 97.768 88.92 83.4 78.934 73.369 73.574 73.552 73.137 71.391 84.638 91.19 84.373 73.208 69.707 67.082 71.605
27.447213 79.754 84.969 108.204 118.77 106.942 98.953 82.022 116.727 104.656 96.905 88.548 83.561 118.041 102.887 94.039 88.519 84.053 78.488 78.693 78.671 78.256 76.51 89.757 96.308 89.492 78.327 74.826 72.2 76.724
28.277335 85.187 90.402 113.637 124.203 112.375 104.387 87.455 122.16 110.089 102.338 93.981 88.994 123.474 108.32 99.472 93.952 89.487 83.921 84.126 84.104 83.689 81.943 95.19 101.742 94.925 83.76 80.26 77.634 82.157
29.132564 90.954 96.169 119.404 129.97 118.142 110.153 93.222 127.927 115.856 108.105 99.748 94.761 129.241 114.087 105.239 99.719 95.253 89.688 89.893 89.871 89.456 87.71 100.957 107.509 100.692 89.527 86.026 83.401 87.924
30.013659 97.075 102.29 125.525 136.091 124.263 116.274 99.343 134.048 121.977 114.226 105.869 100.882 135.362 120.208 111.36 105.84 101.374 95.809 96.014 95.992 95.577 93.831 107.078 113.63 106.813 95.648 92.147 89.521 94.045
30.921401 103.571 108.787 132.022 142.588 130.759 122.771 105.84 140.545 128.474 120.722 112.366 107.379 141.859 126.704 117.857 112.337 107.871 102.306 102.511 102.489 102.074 100.328 113.575 120.126 113.31 102.145 98.644 96.018 100.542
31.856598 110.467 115.683 138.918 149.484 137.655 129.667 112.736 147.441 135.369 127.618 119.262 114.275 148.755 133.6 124.752 119.233 114.767 109.202 109.406 109.385 108.969 107.224 120.471 127.022 120.205 109.04 105.54 102.914 107.438
32.820079 117.786 123.002 146.237 156.803 144.974 136.986 120.055 154.76 142.689 134.937 126.581 121.594 156.074 140.919 132.071 126.552 122.086 116.521 116.725 116.704 116.289 114.543 127.79 134.341 127.524 116.36 112.859 110.233 114.757
33.8127 125.555 130.77 154.005 164.571 152.743 144.755 127.823 162.528 150.457 142.706 134.349 129.362 163.842 148.688 139.84 134.32 129.855 124.289 124.494 124.472 124.057 122.311 135.558 142.11 135.293 124.128 120.628 118.002 122.525
34.835342 133.8 139.016 162.251 172.817 160.988 153.0 136.069 170.774 158.703 150.951 142.595 137.608 172.088 156.933 148.086 142.566 138.1 132.535 132.74 132.718 132.303 130.557 143.804 150.355 143.539 132.374 128.873 126.247 130.771
35.888913 142.552 147.768 171.003 181.569 169.74 161.752 144.821 179.526 167.455 159.703 151.347 146.36 180.84 165.685 156.838 151.318 146.852 141.287 141.491 141.47 141.055 139.309 152.556 159.107 152.29 141.126 137.625 134.999 139.523
36.974349 151.842 157.057 180.292 190.858 179.03 171.041 154.11 188.815 176.744 168.993 160.636 155.649 190.129 174.975 166.127 160.607 156.141 150.576 150.781 150.759 150.344 148.598 161.845 168.396 161.58 150.415 146.914 144.288 148.812
