web/models/kne.last_good/kappa_0.5_3.0.v1/24/villar_0.0953_0.5000_0.5000.dat
# %ECSV 1.0
# ---
# datatype:
# - {name: time, datatype: float64}
# - {name: swift_uvot_uvw2, datatype: float64}
# - {name: swift_uvot_uvm2, datatype: float64}
# - {name: swift_uvot_uvw1, datatype: float64}
# - {name: swift_uvot_U, datatype: float64}
# - {name: swift_uvot_B, datatype: float64}
# - {name: swift_uvot_V, datatype: float64}
# - {name: swift_uvot_W, datatype: float64}
# - {name: johnson_U, datatype: float64}
# - {name: johnson_B, datatype: float64}
# - {name: johnson_V, datatype: float64}
# - {name: johnson_R, datatype: float64}
# - {name: johnson_I, datatype: float64}
# - {name: sdss_u, datatype: float64}
# - {name: sdss_g, datatype: float64}
# - {name: sdss_r, datatype: float64}
# - {name: sdss_i, datatype: float64}
# - {name: sdss_z, datatype: float64}
# - {name: PS1_g, datatype: float64}
# - {name: PS1_r, datatype: float64}
# - {name: PS1_i, datatype: float64}
# - {name: PS1_z, datatype: float64}
# - {name: PS1_Y, datatype: float64}
# - {name: PS1_w, datatype: float64}
# - {name: ATLAS_c, datatype: float64}
# - {name: ATLAS_o, datatype: float64}
# - {name: ukirt_J, datatype: float64}
# - {name: ukirt_H, datatype: float64}
# - {name: ukirt_K, datatype: float64}
# - {name: Clear, datatype: float64}
# meta: !!omap
# - comment: [kappa = 0.5, type = villar, mass = 0.09533330950298248, velocity = 0.5, theta_obs = 0.0]
# schema: astropy-2.0
time swift_uvot_uvw2 swift_uvot_uvm2 swift_uvot_uvw1 swift_uvot_U swift_uvot_B swift_uvot_V swift_uvot_W johnson_U johnson_B johnson_V johnson_R johnson_I sdss_u sdss_g sdss_r sdss_i sdss_z PS1_g PS1_r PS1_i PS1_z PS1_Y PS1_w ATLAS_c ATLAS_o ukirt_J ukirt_H ukirt_K Clear
[from data line 75]
0.009344 -11.852 -11.77 -11.693 -11.427 -11.142 -10.814 -11.544 -11.386 -11.139 -10.804 -10.451 -10.033 -11.395 -11.038 -10.611 -10.285 -9.971 -11.023 -10.643 -10.323 -10.111 -10.088 -10.66 -10.872 -10.477 -9.332 -8.804 -8.189 -10.727
0.009626 -11.889 -11.811 -11.735 -11.473 -11.191 -10.865 -11.587 -11.433 -11.187 -10.855 -10.503 -10.085 -11.442 -11.088 -10.662 -10.337 -10.023 -11.072 -10.693 -10.375 -10.162 -10.138 -10.711 -10.922 -10.528 -9.385 -8.858 -8.244 -10.777
0.009917 -11.926 -11.851 -11.777 -11.52 -11.24 -10.915 -11.63 -11.48 -11.236 -10.905 -10.554 -10.137 -11.489 -11.137 -10.713 -10.388 -10.076 -11.121 -10.744 -10.426 -10.214 -10.187 -10.762 -10.972 -10.58 -9.439 -8.912 -8.298 -10.827
0.010217 -11.963 -11.891 -11.819 -11.566 -11.288 -10.965 -11.672 -11.527 -11.285 -10.955 -10.605 -10.19 -11.535 -11.186 -10.764 -10.44 -10.128 -11.17 -10.794 -10.477 -10.265 -10.237 -10.812 -11.022 -10.631 -9.492 -8.966 -8.353 -10.877
0.010526 -11.999 -11.931 -11.861 -11.613 -11.337 -11.015 -11.714 -11.573 -11.333 -11.005 -10.656 -10.242 -11.582 -11.235 -10.815 -10.492 -10.181 -11.219 -10.845 -10.528 -10.316 -10.286 -10.862 -11.071 -10.682 -9.546 -9.02 -8.407 -10.927
0.010845 -12.036 -11.97 -11.902 -11.659 -11.385 -11.065 -11.756 -11.62 -11.381 -11.055 -10.708 -10.294 -11.628 -11.284 -10.866 -10.544 -10.233 -11.268 -10.895 -10.579 -10.367 -10.336 -10.913 -11.121 -10.733 -9.599 -9.074 -8.461 -10.977
0.011173 -12.071 -12.01 -11.943 -11.705 -11.433 -11.115 -11.798 -11.666 -11.43 -11.105 -10.759 -10.346 -11.675 -11.333 -10.916 -10.595 -10.285 -11.316 -10.945 -10.63 -10.418 -10.385 -10.963 -11.171 -10.784 -9.652 -9.128 -8.515 -11.027
0.011511 -12.107 -12.049 -11.984 -11.751 -11.481 -11.165 -11.84 -11.712 -11.478 -11.155 -10.81 -10.398 -11.721 -11.381 -10.967 -10.647 -10.337 -11.365 -10.995 -10.681 -10.469 -10.435 -11.013 -11.22 -10.835 -9.705 -9.182 -8.57 -11.076
0.011859 -12.143 -12.087 -12.025 -11.796 -11.529 -11.214 -11.881 -11.758 -11.526 -11.204 -10.86 -10.45 -11.767 -11.43 -11.017 -10.698 -10.389 -11.413 -11.045 -10.732 -10.52 -10.484 -11.063 -11.269 -10.886 -9.758 -9.235 -8.624 -11.126
0.012217 -12.178 -12.126 -12.066 -11.842 -11.577 -11.264 -11.922 -11.804 -11.573 -11.254 -10.911 -10.502 -11.813 -11.478 -11.068 -10.749 -10.441 -11.462 -11.095 -10.782 -10.57 -10.533 -11.112 -11.318 -10.936 -9.811 -9.289 -8.678 -11.175
0.012587 -12.213 -12.164 -12.106 -11.887 -11.625 -11.313 -11.963 -11.85 -11.621 -11.303 -10.962 -10.554 -11.858 -11.526 -11.118 -10.8 -10.493 -11.51 -11.145 -10.833 -10.621 -10.582 -11.162 -11.367 -10.987 -9.864 -9.342 -8.732 -11.224
0.012968 -12.247 -12.202 -12.146 -11.932 -11.672 -11.363 -12.004 -11.896 -11.669 -11.353 -11.012 -10.605 -11.904 -11.575 -11.168 -10.851 -10.545 -11.558 -11.194 -10.884 -10.672 -10.632 -11.212 -11.416 -11.037 -9.917 -9.396 -8.786 -11.274
0.01336 -12.281 -12.24 -12.186 -11.977 -11.72 -11.412 -12.045 -11.941 -11.716 -11.402 -11.063 -10.657 -11.949 -11.623 -11.218 -10.903 -10.597 -11.606 -11.244 -10.934 -10.722 -10.681 -11.261 -11.465 -11.088 -9.97 -9.449 -8.84 -11.323
0.013764 -12.315 -12.277 -12.226 -12.022 -11.767 -11.461 -12.085 -11.986 -11.763 -11.451 -11.113 -10.709 -11.994 -11.67 -11.268 -10.953 -10.649 -11.654 -11.294 -10.985 -10.773 -10.73 -11.311 -11.514 -11.138 -10.023 -9.503 -8.894 -11.372
0.01418 -12.349 -12.315 -12.265 -12.066 -11.814 -11.51 -12.125 -12.031 -11.81 -11.5 -11.164 -10.76 -12.039 -11.718 -11.318 -11.004 -10.7 -11.701 -11.343 -11.035 -10.823 -10.779 -11.36 -11.562 -11.188 -10.076 -9.556 -8.948 -11.421
0.014609 -12.382 -12.352 -12.304 -12.111 -11.861 -11.559 -12.165 -12.076 -11.857 -11.549 -11.214 -10.811 -12.084 -11.766 -11.367 -11.055 -10.752 -11.749 -11.392 -11.085 -10.874 -10.828 -11.409 -11.611 -11.238 -10.128 -9.609 -9.001 -11.469
0.015051 -12.416 -12.388 -12.343 -12.155 -11.908 -11.607 -12.205 -12.121 -11.904 -11.598 -11.264 -10.863 -12.129 -11.813 -11.417 -11.106 -10.803 -11.796 -11.442 -11.135 -10.924 -10.877 -11.458 -11.659 -11.289 -10.181 -9.663 -9.055 -11.518
0.015506 -12.448 -12.425 -12.382 -12.199 -11.955 -11.656 -12.244 -12.165 -11.951 -11.646 -11.314 -10.914 -12.173 -11.861 -11.467 -11.156 -10.855 -11.844 -11.491 -11.185 -10.975 -10.926 -11.507 -11.707 -11.338 -10.234 -9.716 -9.109 -11.566
0.015975 -12.481 -12.461 -12.42 -12.243 -12.001 -11.705 -12.284 -12.21 -11.997 -11.695 -11.364 -10.965 -12.217 -11.908 -11.516 -11.207 -10.906 -11.891 -11.54 -11.235 -11.025 -10.975 -11.556 -11.755 -11.388 -10.286 -9.769 -9.163 -11.615
0.016458 -12.513 -12.497 -12.458 -12.287 -12.048 -11.753 -12.323 -12.254 -12.044 -11.744 -11.414 -11.016 -12.262 -11.955 -11.565 -11.258 -10.958 -11.938 -11.589 -11.285 -11.075 -11.024 -11.605 -11.803 -11.438 -10.339 -9.822 -9.216 -11.663
0.016956 -12.545 -12.532 -12.496 -12.33 -12.094 -11.802 -12.362 -12.298 -12.09 -11.792 -11.464 -11.067 -12.306 -12.002 -11.615 -11.308 -11.009 -11.985 -11.638 -11.335 -11.125 -11.073 -11.654 -11.851 -11.488 -10.391 -9.875 -9.27 -11.711
0.017469 -12.577 -12.567 -12.534 -12.374 -12.14 -11.85 -12.401 -12.342 -12.136 -11.84 -11.513 -11.118 -12.35 -12.049 -11.664 -11.358 -11.06 -12.032 -11.686 -11.385 -11.175 -11.122 -11.702 -11.899 -11.537 -10.443 -9.928 -9.323 -11.76
0.017997 -12.608 -12.602 -12.572 -12.417 -12.186 -11.898 -12.439 -12.386 -12.182 -11.888 -11.563 -11.169 -12.393 -12.096 -11.713 -11.408 -11.111 -12.079 -11.735 -11.435 -11.225 -11.171 -11.751 -11.947 -11.587 -10.496 -9.981 -9.377 -11.808
0.018541 -12.639 -12.637 -12.609 -12.46 -12.232 -11.946 -12.477 -12.429 -12.228 -11.936 -11.612 -11.22 -12.437 -12.142 -11.762 -11.459 -11.162 -12.125 -11.784 -11.485 -11.275 -11.22 -11.799 -11.994 -11.636 -10.548 -10.034 -9.43 -11.855
0.019102 -12.67 -12.672 -12.646 -12.503 -12.278 -11.994 -12.516 -12.473 -12.274 -11.984 -11.662 -11.271 -12.48 -12.189 -11.811 -11.509 -11.213 -12.172 -11.832 -11.534 -11.325 -11.268 -11.848 -12.042 -11.686 -10.6 -10.087 -9.484 -11.903
0.01968 -12.7 -12.706 -12.683 -12.546 -12.323 -12.042 -12.554 -12.516 -12.32 -12.032 -11.711 -11.321 -12.523 -12.235 -11.859 -11.559 -11.264 -12.218 -11.881 -11.584 -11.375 -11.317 -11.896 -12.089 -11.735 -10.652 -10.14 -9.537 -11.951
0.020275 -12.731 -12.74 -12.719 -12.588 -12.369 -12.089 -12.591 -12.559 -12.365 -12.08 -11.76 -11.372 -12.566 -12.281 -11.908 -11.609 -11.315 -12.265 -11.929 -11.633 -11.425 -11.366 -11.944 -12.136 -11.784 -10.704 -10.193 -9.591 -11.999
0.020888 -12.76 -12.773 -12.755 -12.631 -12.414 -12.137 -12.629 -12.602 -12.411 -12.128 -11.81 -11.422 -12.609 -12.328 -11.957 -11.658 -11.365 -12.311 -11.977 -11.683 -11.474 -11.415 -11.992 -12.183 -11.833 -10.756 -10.245 -9.644 -12.046
0.02152 -12.79 -12.807 -12.792 -12.673 -12.459 -12.184 -12.666 -12.645 -12.456 -12.175 -11.859 -11.473 -12.652 -12.374 -12.005 -11.708 -11.416 -12.357 -12.026 -11.732 -11.524 -11.463 -12.04 -12.23 -11.882 -10.808 -10.298 -9.697 -12.093
0.022171 -12.819 -12.84 -12.827 -12.715 -12.505 -12.232 -12.703 -12.687 -12.501 -12.223 -11.908 -11.523 -12.694 -12.419 -12.053 -11.758 -11.467 -12.403 -12.074 -11.781 -11.574 -11.512 -12.088 -12.277 -11.931 -10.86 -10.351 -9.751 -12.141
0.022841 -12.848 -12.872 -12.863 -12.757 -12.549 -12.279 -12.74 -12.729 -12.546 -12.27 -11.956 -11.574 -12.736 -12.465 -12.102 -11.807 -11.517 -12.449 -12.122 -11.83 -11.623 -11.56 -12.135 -12.324 -11.98 -10.912 -10.403 -9.804 -12.188
0.023532 -12.877 -12.905 -12.898 -12.799 -12.594 -12.326 -12.777 -12.772 -12.591 -12.317 -12.005 -11.624 -12.779 -12.511 -12.15 -11.857 -11.568 -12.494 -12.169 -11.879 -11.673 -11.609 -12.183 -12.371 -12.028 -10.964 -10.456 -9.857 -12.235
0.024244 -12.905 -12.937 -12.933 -12.84 -12.639 -12.373 -12.813 -12.814 -12.635 -12.364 -12.054 -11.674 -12.82 -12.556 -12.198 -11.906 -11.618 -12.54 -12.217 -11.928 -11.722 -11.657 -12.23 -12.417 -12.077 -11.016 -10.509 -9.91 -12.282
0.024977 -12.933 -12.969 -12.968 -12.881 -12.683 -12.42 -12.849 -12.856 -12.68 -12.411 -12.103 -11.724 -12.862 -12.601 -12.246 -11.956 -11.668 -12.585 -12.265 -11.977 -11.771 -11.706 -12.278 -12.464 -12.126 -11.068 -10.561 -9.963 -12.329
0.025733 -12.96 -13.0 -13.002 -12.922 -12.728 -12.467 -12.885 -12.897 -12.724 -12.458 -12.151 -11.774 -12.904 -12.647 -12.294 -12.005 -11.719 -12.631 -12.313 -12.026 -11.821 -11.754 -12.325 -12.51 -12.174 -11.119 -10.614 -10.017 -12.375
0.026511 -12.988 -13.031 -13.036 -12.963 -12.772 -12.514 -12.921 -12.939 -12.768 -12.505 -12.2 -11.824 -12.945 -12.692 -12.342 -12.054 -11.769 -12.676 -12.36 -12.075 -11.87 -11.803 -12.372 -12.556 -12.222 -11.171 -10.666 -10.07 -12.422
0.027313 -13.015 -13.062 -13.07 -13.004 -12.816 -12.56 -12.957 -12.98 -12.813 -12.551 -12.248 -11.874 -12.986 -12.737 -12.389 -12.103 -11.819 -12.721 -12.407 -12.124 -11.919 -11.851 -12.419 -12.602 -12.271 -11.222 -10.718 -10.123 -12.468
0.028139 -13.041 -13.092 -13.104 -13.044 -12.86 -12.607 -12.992 -13.021 -12.856 -12.598 -12.296 -11.924 -13.027 -12.781 -12.437 -12.152 -11.869 -12.766 -12.455 -12.172 -11.968 -11.899 -12.466 -12.648 -12.319 -11.274 -10.771 -10.176 -12.515
0.02899 -13.067 -13.123 -13.137 -13.085 -12.904 -12.653 -13.028 -13.062 -12.9 -12.644 -12.344 -11.974 -13.068 -12.826 -12.484 -12.201 -11.919 -12.81 -12.502 -12.221 -12.017 -11.948 -12.513 -12.694 -12.367 -11.325 -10.823 -10.229 -12.561
0.029867 -13.093 -13.153 -13.17 -13.125 -12.947 -12.699 -13.062 -13.103 -12.944 -12.69 -12.392 -12.023 -13.109 -12.871 -12.532 -12.25 -11.969 -12.855 -12.549 -12.269 -12.066 -11.996 -12.56 -12.739 -12.415 -11.377 -10.875 -10.281 -12.607
0.03077 -13.119 -13.182 -13.203 -13.165 -12.991 -12.745 -13.097 -13.143 -12.987 -12.736 -12.44 -12.073 -13.149 -12.915 -12.579 -12.299 -12.019 -12.9 -12.596 -12.318 -12.115 -12.044 -12.606 -12.785 -12.463 -11.428 -10.927 -10.334 -12.653
0.031701 -13.144 -13.211 -13.236 -13.204 -13.034 -12.791 -13.132 -13.183 -13.031 -12.782 -12.488 -12.122 -13.19 -12.959 -12.626 -12.347 -12.068 -12.944 -12.643 -12.366 -12.164 -12.092 -12.653 -12.83 -12.51 -11.479 -10.979 -10.387 -12.699
0.032659 -13.169 -13.24 -13.268 -13.244 -13.077 -12.837 -13.166 -13.224 -13.074 -12.828 -12.536 -12.172 -13.23 -13.003 -12.673 -12.396 -12.118 -12.988 -12.69 -12.414 -12.213 -12.14 -12.699 -12.876 -12.558 -11.531 -11.032 -10.44 -12.745
0.033647 -13.193 -13.269 -13.3 -13.283 -13.12 -12.883 -13.2 -13.264 -13.117 -12.874 -12.584 -12.221 -13.269 -13.047 -12.72 -12.444 -12.168 -13.032 -12.736 -12.462 -12.262 -12.188 -12.745 -12.921 -12.605 -11.582 -11.084 -10.493 -12.79
0.034665 -13.217 -13.297 -13.332 -13.322 -13.163 -12.929 -13.234 -13.303 -13.16 -12.92 -12.631 -12.27 -13.309 -13.091 -12.767 -12.493 -12.217 -13.076 -12.783 -12.511 -12.311 -12.237 -12.792 -12.966 -12.653 -11.633 -11.136 -10.546 -12.836
0.035713 -13.241 -13.325 -13.363 -13.361 -13.206 -12.974 -13.268 -13.343 -13.202 -12.965 -12.679 -12.32 -13.349 -13.135 -12.814 -12.541 -12.267 -13.12 -12.83 -12.559 -12.359 -12.285 -12.838 -13.011 -12.7 -11.684 -11.188 -10.598 -12.881
0.036793 -13.265 -13.352 -13.394 -13.4 -13.248 -13.019 -13.301 -13.382 -13.245 -13.011 -12.726 -12.369 -13.388 -13.178 -12.86 -12.589 -12.316 -13.164 -12.876 -12.606 -12.408 -12.333 -12.884 -13.055 -12.748 -11.735 -11.24 -10.651 -12.927
0.037906 -13.288 -13.379 -13.425 -13.438 -13.29 -13.065 -13.334 -13.421 -13.287 -13.056 -12.773 -12.418 -13.427 -13.221 -12.907 -12.638 -12.365 -13.207 -12.922 -12.654 -12.456 -12.38 -12.929 -13.1 -12.795 -11.786 -11.291 -10.704 -12.972
0.039052 -13.31 -13.406 -13.456 -13.477 -13.333 -13.11 -13.367 -13.46 -13.329 -13.101 -12.821 -12.467 -13.466 -13.265 -12.953 -12.686 -12.414 -13.251 -12.968 -12.702 -12.505 -12.428 -12.975 -13.144 -12.842 -11.837 -11.343 -10.756 -13.017
0.040234 -13.333 -13.433 -13.486 -13.515 -13.375 -13.155 -13.4 -13.499 -13.371 -13.146 -12.868 -12.516 -13.504 -13.308 -13.0 -12.734 -12.464 -13.294 -13.014 -12.75 -12.553 -12.476 -13.021 -13.189 -12.889 -11.888 -11.395 -10.809 -13.062
0.04145 -13.354 -13.459 -13.516 -13.552 -13.416 -13.2 -13.433 -13.537 -13.413 -13.191 -12.915 -12.564 -13.543 -13.35 -13.046 -12.781 -12.513 -13.337 -13.06 -12.797 -12.601 -12.524 -13.066 -13.233 -12.936 -11.939 -11.447 -10.861 -13.107
0.042704 -13.376 -13.484 -13.545 -13.59 -13.458 -13.244 -13.465 -13.576 -13.455 -13.236 -12.961 -12.613 -13.581 -13.393 -13.092 -12.829 -12.562 -13.38 -13.106 -12.845 -12.649 -12.572 -13.111 -13.277 -12.982 -11.99 -11.499 -10.914 -13.151
0.043996 -13.397 -13.51 -13.575 -13.627 -13.5 -13.289 -13.497 -13.614 -13.496 -13.28 -13.008 -12.662 -13.619 -13.436 -13.138 -12.877 -12.611 -13.423 -13.152 -12.892 -12.698 -12.619 -13.157 -13.321 -13.029 -12.04 -11.55 -10.966 -13.196
0.045326 -13.418 -13.535 -13.604 -13.664 -13.541 -13.333 -13.529 -13.652 -13.538 -13.325 -13.055 -12.71 -13.656 -13.478 -13.184 -12.924 -12.659 -13.466 -13.198 -12.939 -12.746 -12.667 -13.202 -13.365 -13.075 -12.091 -11.602 -11.019 -13.24
0.046697 -13.438 -13.559 -13.632 -13.701 -13.582 -13.378 -13.561 -13.689 -13.579 -13.369 -13.101 -12.759 -13.694 -13.52 -13.229 -12.972 -12.708 -13.508 -13.243 -12.987 -12.794 -12.715 -13.247 -13.408 -13.122 -12.141 -11.653 -11.071 -13.285
0.048109 -13.458 -13.583 -13.66 -13.738 -13.623 -13.422 -13.592 -13.727 -13.62 -13.414 -13.148 -12.807 -13.731 -13.562 -13.275 -13.019 -12.757 -13.551 -13.288 -13.034 -12.842 -12.762 -13.292 -13.452 -13.168 -12.192 -11.705 -11.123 -13.329
0.049564 -13.478 -13.607 -13.688 -13.774 -13.664 -13.466 -13.623 -13.764 -13.66 -13.458 -13.194 -12.856 -13.768 -13.604 -13.32 -13.067 -12.806 -13.593 -13.334 -13.081 -12.889 -12.81 -13.336 -13.495 -13.214 -12.242 -11.756 -11.176 -13.373
0.051063 -13.497 -13.631 -13.716 -13.81 -13.704 -13.51 -13.654 -13.801 -13.701 -13.502 -13.24 -12.904 -13.805 -13.646 -13.366 -13.114 -12.854 -13.635 -13.379 -13.128 -12.937 -12.857 -13.381 -13.538 -13.26 -12.293 -11.808 -11.228 -13.417
0.052608 -13.515 -13.654 -13.743 -13.846 -13.745 -13.553 -13.685 -13.837 -13.742 -13.545 -13.287 -12.952 -13.842 -13.687 -13.411 -13.161 -12.902 -13.677 -13.424 -13.175 -12.985 -12.904 -13.425 -13.582 -13.306 -12.343 -11.859 -11.28 -13.461
0.054199 -13.534 -13.676 -13.77 -13.882 -13.785 -13.597 -13.715 -13.874 -13.782 -13.589 -13.333 -13.0 -13.878 -13.729 -13.456 -13.208 -12.951 -13.718 -13.469 -13.221 -13.033 -12.952 -13.47 -13.624 -13.352 -12.394 -11.911 -11.333 -13.504
0.055838 -13.552 -13.698 -13.797 -13.917 -13.825 -13.641 -13.745 -13.91 -13.822 -13.633 -13.378 -13.048 -13.914 -13.77 -13.501 -13.255 -12.999 -13.76 -13.514 -13.268 -13.08 -12.999 -13.514 -13.667 -13.398 -12.444 -11.962 -11.385 -13.548
0.057527 -13.569 -13.72 -13.823 -13.953 -13.865 -13.684 -13.775 -13.946 -13.862 -13.676 -13.424 -13.096 -13.95 -13.811 -13.546 -13.302 -13.047 -13.801 -13.558 -13.315 -13.128 -13.046 -13.558 -13.71 -13.444 -12.494 -12.013 -11.437 -13.591
0.059267 -13.586 -13.741 -13.849 -13.987 -13.904 -13.727 -13.805 -13.982 -13.901 -13.719 -13.47 -13.144 -13.985 -13.852 -13.591 -13.348 -13.095 -13.842 -13.603 -13.361 -13.175 -13.094 -13.602 -13.752 -13.489 -12.544 -12.064 -11.489 -13.634
0.061059 -13.602 -13.762 -13.875 -14.022 -13.944 -13.77 -13.835 -14.017 -13.941 -13.762 -13.515 -13.191 -14.021 -13.893 -13.635 -13.395 -13.143 -13.883 -13.647 -13.407 -13.222 -13.141 -13.646 -13.794 -13.534 -12.594 -12.116 -11.541 -13.677
0.062906 -13.619 -13.783 -13.9 -14.056 -13.983 -13.813 -13.864 -14.052 -13.98 -13.805 -13.561 -13.239 -14.056 -13.933 -13.68 -13.441 -13.191 -13.924 -13.692 -13.454 -13.269 -13.188 -13.689 -13.837 -13.58 -12.644 -12.167 -11.593 -13.72
0.064808 -13.634 -13.803 -13.925 -14.091 -14.022 -13.856 -13.893 -14.087 -14.019 -13.848 -13.606 -13.286 -14.091 -13.973 -13.724 -13.488 -13.239 -13.965 -13.736 -13.5 -13.317 -13.235 -13.733 -13.879 -13.625 -12.694 -12.218 -11.645 -13.763
0.066769 -13.65 -13.823 -13.95 -14.124 -14.061 -13.898 -13.922 -14.122 -14.058 -13.89 -13.651 -13.334 -14.125 -14.013 -13.768 -13.534 -13.287 -14.006 -13.78 -13.546 -13.364 -13.282 -13.776 -13.92 -13.67 -12.744 -12.269 -11.697 -13.806
