web/models/linear/8/-12_551_0_048.dat
# %ECSV 1.0
# ---
# datatype:
# - {name: time, datatype: float64}
# - {name: sdss_u, datatype: float64}
# - {name: sdss_g, datatype: float64}
# - {name: sdss_r, datatype: float64}
# - {name: sdss_i, datatype: float64}
# - {name: sdss_z, datatype: float64}
# - {name: Clear, datatype: float64}
# - {name: johnson_B, datatype: float64}
# - {name: johnson_V, datatype: float64}
# - {name: johnson_R, datatype: float64}
# - {name: johnson_I, datatype: float64}
# - {name: ukirt_J, datatype: float64}
# - {name: ukirt_H, datatype: float64}
# - {name: ukirt_K, datatype: float64}
# meta: !!omap
# - comment: [M=-12.551020408163266, dM=0.04832801721026124]
# schema: astropy-2.0
time sdss_u sdss_g sdss_r sdss_i sdss_z Clear johnson_B johnson_V johnson_R johnson_I ukirt_J ukirt_H ukirt_K
[from data line 59]
4.447236180904522 -12.336094301474416 -12.336094301474416 -12.336094301474416 -12.336094301474416 -12.336094301474416 -12.336094301474416 -12.336094301474416 -12.336094301474416 -12.336094301474416 -12.336094301474416 -12.336094301474416 -12.336094301474416 -12.336094301474416
4.522613065326633 -12.332451486106809 -12.332451486106809 -12.332451486106809 -12.332451486106809 -12.332451486106809 -12.332451486106809 -12.332451486106809 -12.332451486106809 -12.332451486106809 -12.332451486106809 -12.332451486106809 -12.332451486106809 -12.332451486106809
4.597989949748744 -12.328808670739202 -12.328808670739202 -12.328808670739202 -12.328808670739202 -12.328808670739202 -12.328808670739202 -12.328808670739202 -12.328808670739202 -12.328808670739202 -12.328808670739202 -12.328808670739202 -12.328808670739202 -12.328808670739202
4.673366834170854 -12.325165855371592 -12.325165855371592 -12.325165855371592 -12.325165855371592 -12.325165855371592 -12.325165855371592 -12.325165855371592 -12.325165855371592 -12.325165855371592 -12.325165855371592 -12.325165855371592 -12.325165855371592 -12.325165855371592
4.748743718592964 -12.321523040003985 -12.321523040003985 -12.321523040003985 -12.321523040003985 -12.321523040003985 -12.321523040003985 -12.321523040003985 -12.321523040003985 -12.321523040003985 -12.321523040003985 -12.321523040003985 -12.321523040003985 -12.321523040003985
4.824120603015075 -12.317880224636378 -12.317880224636378 -12.317880224636378 -12.317880224636378 -12.317880224636378 -12.317880224636378 -12.317880224636378 -12.317880224636378 -12.317880224636378 -12.317880224636378 -12.317880224636378 -12.317880224636378 -12.317880224636378
4.899497487437186 -12.31423740926877 -12.31423740926877 -12.31423740926877 -12.31423740926877 -12.31423740926877 -12.31423740926877 -12.31423740926877 -12.31423740926877 -12.31423740926877 -12.31423740926877 -12.31423740926877 -12.31423740926877 -12.31423740926877
4.974874371859296 -12.310594593901163 -12.310594593901163 -12.310594593901163 -12.310594593901163 -12.310594593901163 -12.310594593901163 -12.310594593901163 -12.310594593901163 -12.310594593901163 -12.310594593901163 -12.310594593901163 -12.310594593901163 -12.310594593901163
5.050251256281406 -12.306951778533556 -12.306951778533556 -12.306951778533556 -12.306951778533556 -12.306951778533556 -12.306951778533556 -12.306951778533556 -12.306951778533556 -12.306951778533556 -12.306951778533556 -12.306951778533556 -12.306951778533556 -12.306951778533556
5.125628140703517 -12.303308963165946 -12.303308963165946 -12.303308963165946 -12.303308963165946 -12.303308963165946 -12.303308963165946 -12.303308963165946 -12.303308963165946 -12.303308963165946 -12.303308963165946 -12.303308963165946 -12.303308963165946 -12.303308963165946
5.201005025125628 -12.299666147798339 -12.299666147798339 -12.299666147798339 -12.299666147798339 -12.299666147798339 -12.299666147798339 -12.299666147798339 -12.299666147798339 -12.299666147798339 -12.299666147798339 -12.299666147798339 -12.299666147798339 -12.299666147798339
5.276381909547738 -12.296023332430732 -12.296023332430732 -12.296023332430732 -12.296023332430732 -12.296023332430732 -12.296023332430732 -12.296023332430732 -12.296023332430732 -12.296023332430732 -12.296023332430732 -12.296023332430732 -12.296023332430732 -12.296023332430732
5.351758793969848 -12.292380517063124 -12.292380517063124 -12.292380517063124 -12.292380517063124 -12.292380517063124 -12.292380517063124 -12.292380517063124 -12.292380517063124 -12.292380517063124 -12.292380517063124 -12.292380517063124 -12.292380517063124 -12.292380517063124
5.427135678391959 -12.288737701695517 -12.288737701695517 -12.288737701695517 -12.288737701695517 -12.288737701695517 -12.288737701695517 -12.288737701695517 -12.288737701695517 -12.288737701695517 -12.288737701695517 -12.288737701695517 -12.288737701695517 -12.288737701695517
5.50251256281407 -12.28509488632791 -12.28509488632791 -12.28509488632791 -12.28509488632791 -12.28509488632791 -12.28509488632791 -12.28509488632791 -12.28509488632791 -12.28509488632791 -12.28509488632791 -12.28509488632791 -12.28509488632791 -12.28509488632791
5.57788944723618 -12.281452070960302 -12.281452070960302 -12.281452070960302 -12.281452070960302 -12.281452070960302 -12.281452070960302 -12.281452070960302 -12.281452070960302 -12.281452070960302 -12.281452070960302 -12.281452070960302 -12.281452070960302 -12.281452070960302
5.6532663316582905 -12.277809255592693 -12.277809255592693 -12.277809255592693 -12.277809255592693 -12.277809255592693 -12.277809255592693 -12.277809255592693 -12.277809255592693 -12.277809255592693 -12.277809255592693 -12.277809255592693 -12.277809255592693 -12.277809255592693
5.7286432160804015 -12.274166440225086 -12.274166440225086 -12.274166440225086 -12.274166440225086 -12.274166440225086 -12.274166440225086 -12.274166440225086 -12.274166440225086 -12.274166440225086 -12.274166440225086 -12.274166440225086 -12.274166440225086 -12.274166440225086
5.8040201005025125 -12.270523624857478 -12.270523624857478 -12.270523624857478 -12.270523624857478 -12.270523624857478 -12.270523624857478 -12.270523624857478 -12.270523624857478 -12.270523624857478 -12.270523624857478 -12.270523624857478 -12.270523624857478 -12.270523624857478
5.879396984924623 -12.266880809489871 -12.266880809489871 -12.266880809489871 -12.266880809489871 -12.266880809489871 -12.266880809489871 -12.266880809489871 -12.266880809489871 -12.266880809489871 -12.266880809489871 -12.266880809489871 -12.266880809489871 -12.266880809489871
5.954773869346733 -12.263237994122264 -12.263237994122264 -12.263237994122264 -12.263237994122264 -12.263237994122264 -12.263237994122264 -12.263237994122264 -12.263237994122264 -12.263237994122264 -12.263237994122264 -12.263237994122264 -12.263237994122264 -12.263237994122264
6.030150753768844 -12.259595178754656 -12.259595178754656 -12.259595178754656 -12.259595178754656 -12.259595178754656 -12.259595178754656 -12.259595178754656 -12.259595178754656 -12.259595178754656 -12.259595178754656 -12.259595178754656 -12.259595178754656 -12.259595178754656
6.105527638190955 -12.255952363387047 -12.255952363387047 -12.255952363387047 -12.255952363387047 -12.255952363387047 -12.255952363387047 -12.255952363387047 -12.255952363387047 -12.255952363387047 -12.255952363387047 -12.255952363387047 -12.255952363387047 -12.255952363387047
6.180904522613065 -12.25230954801944 -12.25230954801944 -12.25230954801944 -12.25230954801944 -12.25230954801944 -12.25230954801944 -12.25230954801944 -12.25230954801944 -12.25230954801944 -12.25230954801944 -12.25230954801944 -12.25230954801944 -12.25230954801944
6.256281407035175 -12.248666732651833 -12.248666732651833 -12.248666732651833 -12.248666732651833 -12.248666732651833 -12.248666732651833 -12.248666732651833 -12.248666732651833 -12.248666732651833 -12.248666732651833 -12.248666732651833 -12.248666732651833 -12.248666732651833
6.331658291457286 -12.245023917284225 -12.245023917284225 -12.245023917284225 -12.245023917284225 -12.245023917284225 -12.245023917284225 -12.245023917284225 -12.245023917284225 -12.245023917284225 -12.245023917284225 -12.245023917284225 -12.245023917284225 -12.245023917284225
6.407035175879397 -12.241381101916618 -12.241381101916618 -12.241381101916618 -12.241381101916618 -12.241381101916618 -12.241381101916618 -12.241381101916618 -12.241381101916618 -12.241381101916618 -12.241381101916618 -12.241381101916618 -12.241381101916618 -12.241381101916618
6.482412060301507 -12.23773828654901 -12.23773828654901 -12.23773828654901 -12.23773828654901 -12.23773828654901 -12.23773828654901 -12.23773828654901 -12.23773828654901 -12.23773828654901 -12.23773828654901 -12.23773828654901 -12.23773828654901 -12.23773828654901
6.557788944723617 -12.234095471181401 -12.234095471181401 -12.234095471181401 -12.234095471181401 -12.234095471181401 -12.234095471181401 -12.234095471181401 -12.234095471181401 -12.234095471181401 -12.234095471181401 -12.234095471181401 -12.234095471181401 -12.234095471181401
6.633165829145728 -12.230452655813794 -12.230452655813794 -12.230452655813794 -12.230452655813794 -12.230452655813794 -12.230452655813794 -12.230452655813794 -12.230452655813794 -12.230452655813794 -12.230452655813794 -12.230452655813794 -12.230452655813794 -12.230452655813794
6.708542713567839 -12.226809840446187 -12.226809840446187 -12.226809840446187 -12.226809840446187 -12.226809840446187 -12.226809840446187 -12.226809840446187 -12.226809840446187 -12.226809840446187 -12.226809840446187 -12.226809840446187 -12.226809840446187 -12.226809840446187
6.783919597989949 -12.22316702507858 -12.22316702507858 -12.22316702507858 -12.22316702507858 -12.22316702507858 -12.22316702507858 -12.22316702507858 -12.22316702507858 -12.22316702507858 -12.22316702507858 -12.22316702507858 -12.22316702507858 -12.22316702507858
6.859296482412059 -12.219524209710972 -12.219524209710972 -12.219524209710972 -12.219524209710972 -12.219524209710972 -12.219524209710972 -12.219524209710972 -12.219524209710972 -12.219524209710972 -12.219524209710972 -12.219524209710972 -12.219524209710972 -12.219524209710972
6.93467336683417 -12.215881394343365 -12.215881394343365 -12.215881394343365 -12.215881394343365 -12.215881394343365 -12.215881394343365 -12.215881394343365 -12.215881394343365 -12.215881394343365 -12.215881394343365 -12.215881394343365 -12.215881394343365 -12.215881394343365
7.010050251256281 -12.212238578975757 -12.212238578975757 -12.212238578975757 -12.212238578975757 -12.212238578975757 -12.212238578975757 -12.212238578975757 -12.212238578975757 -12.212238578975757 -12.212238578975757 -12.212238578975757 -12.212238578975757 -12.212238578975757
7.085427135678391 -12.208595763608148 -12.208595763608148 -12.208595763608148 -12.208595763608148 -12.208595763608148 -12.208595763608148 -12.208595763608148 -12.208595763608148 -12.208595763608148 -12.208595763608148 -12.208595763608148 -12.208595763608148 -12.208595763608148
7.160804020100501 -12.20495294824054 -12.20495294824054 -12.20495294824054 -12.20495294824054 -12.20495294824054 -12.20495294824054 -12.20495294824054 -12.20495294824054 -12.20495294824054 -12.20495294824054 -12.20495294824054 -12.20495294824054 -12.20495294824054
7.236180904522612 -12.201310132872933 -12.201310132872933 -12.201310132872933 -12.201310132872933 -12.201310132872933 -12.201310132872933 -12.201310132872933 -12.201310132872933 -12.201310132872933 -12.201310132872933 -12.201310132872933 -12.201310132872933 -12.201310132872933
7.311557788944723 -12.197667317505326 -12.197667317505326 -12.197667317505326 -12.197667317505326 -12.197667317505326 -12.197667317505326 -12.197667317505326 -12.197667317505326 -12.197667317505326 -12.197667317505326 -12.197667317505326 -12.197667317505326 -12.197667317505326
7.3869346733668335 -12.194024502137719 -12.194024502137719 -12.194024502137719 -12.194024502137719 -12.194024502137719 -12.194024502137719 -12.194024502137719 -12.194024502137719 -12.194024502137719 -12.194024502137719 -12.194024502137719 -12.194024502137719 -12.194024502137719
7.462311557788944 -12.190381686770111 -12.190381686770111 -12.190381686770111 -12.190381686770111 -12.190381686770111 -12.190381686770111 -12.190381686770111 -12.190381686770111 -12.190381686770111 -12.190381686770111 -12.190381686770111 -12.190381686770111 -12.190381686770111
7.537688442211055 -12.186738871402502 -12.186738871402502 -12.186738871402502 -12.186738871402502 -12.186738871402502 -12.186738871402502 -12.186738871402502 -12.186738871402502 -12.186738871402502 -12.186738871402502 -12.186738871402502 -12.186738871402502 -12.186738871402502
7.613065326633166 -12.183096056034895 -12.183096056034895 -12.183096056034895 -12.183096056034895 -12.183096056034895 -12.183096056034895 -12.183096056034895 -12.183096056034895 -12.183096056034895 -12.183096056034895 -12.183096056034895 -12.183096056034895 -12.183096056034895
7.688442211055276 -12.179453240667288 -12.179453240667288 -12.179453240667288 -12.179453240667288 -12.179453240667288 -12.179453240667288 -12.179453240667288 -12.179453240667288 -12.179453240667288 -12.179453240667288 -12.179453240667288 -12.179453240667288 -12.179453240667288
7.763819095477386 -12.17581042529968 -12.17581042529968 -12.17581042529968 -12.17581042529968 -12.17581042529968 -12.17581042529968 -12.17581042529968 -12.17581042529968 -12.17581042529968 -12.17581042529968 -12.17581042529968 -12.17581042529968 -12.17581042529968
7.839195979899497 -12.172167609932073 -12.172167609932073 -12.172167609932073 -12.172167609932073 -12.172167609932073 -12.172167609932073 -12.172167609932073 -12.172167609932073 -12.172167609932073 -12.172167609932073 -12.172167609932073 -12.172167609932073 -12.172167609932073
7.914572864321608 -12.168524794564465 -12.168524794564465 -12.168524794564465 -12.168524794564465 -12.168524794564465 -12.168524794564465 -12.168524794564465 -12.168524794564465 -12.168524794564465 -12.168524794564465 -12.168524794564465 -12.168524794564465 -12.168524794564465
7.989949748743718 -12.164881979196858 -12.164881979196858 -12.164881979196858 -12.164881979196858 -12.164881979196858 -12.164881979196858 -12.164881979196858 -12.164881979196858 -12.164881979196858 -12.164881979196858 -12.164881979196858 -12.164881979196858 -12.164881979196858
8.065326633165828 -12.161239163829249 -12.161239163829249 -12.161239163829249 -12.161239163829249 -12.161239163829249 -12.161239163829249 -12.161239163829249 -12.161239163829249 -12.161239163829249 -12.161239163829249 -12.161239163829249 -12.161239163829249 -12.161239163829249
8.140703517587939 -12.157596348461642 -12.157596348461642 -12.157596348461642 -12.157596348461642 -12.157596348461642 -12.157596348461642 -12.157596348461642 -12.157596348461642 -12.157596348461642 -12.157596348461642 -12.157596348461642 -12.157596348461642 -12.157596348461642
8.21608040201005 -12.153953533094034 -12.153953533094034 -12.153953533094034 -12.153953533094034 -12.153953533094034 -12.153953533094034 -12.153953533094034 -12.153953533094034 -12.153953533094034 -12.153953533094034 -12.153953533094034 -12.153953533094034 -12.153953533094034
8.29145728643216 -12.150310717726427 -12.150310717726427 -12.150310717726427 -12.150310717726427 -12.150310717726427 -12.150310717726427 -12.150310717726427 -12.150310717726427 -12.150310717726427 -12.150310717726427 -12.150310717726427 -12.150310717726427 -12.150310717726427
8.36683417085427 -12.14666790235882 -12.14666790235882 -12.14666790235882 -12.14666790235882 -12.14666790235882 -12.14666790235882 -12.14666790235882 -12.14666790235882 -12.14666790235882 -12.14666790235882 -12.14666790235882 -12.14666790235882 -12.14666790235882
8.442211055276381 -12.143025086991212 -12.143025086991212 -12.143025086991212 -12.143025086991212 -12.143025086991212 -12.143025086991212 -12.143025086991212 -12.143025086991212 -12.143025086991212 -12.143025086991212 -12.143025086991212 -12.143025086991212 -12.143025086991212
8.517587939698492 -12.139382271623603 -12.139382271623603 -12.139382271623603 -12.139382271623603 -12.139382271623603 -12.139382271623603 -12.139382271623603 -12.139382271623603 -12.139382271623603 -12.139382271623603 -12.139382271623603 -12.139382271623603 -12.139382271623603
8.592964824120603 -12.135739456255996 -12.135739456255996 -12.135739456255996 -12.135739456255996 -12.135739456255996 -12.135739456255996 -12.135739456255996 -12.135739456255996 -12.135739456255996 -12.135739456255996 -12.135739456255996 -12.135739456255996 -12.135739456255996
8.668341708542712 -12.132096640888388 -12.132096640888388 -12.132096640888388 -12.132096640888388 -12.132096640888388 -12.132096640888388 -12.132096640888388 -12.132096640888388 -12.132096640888388 -12.132096640888388 -12.132096640888388 -12.132096640888388 -12.132096640888388
