web/models/linear/8/-12_551_0_123.dat
# %ECSV 1.0
# ---
# datatype:
# - {name: time, datatype: float64}
# - {name: sdss_u, datatype: float64}
# - {name: sdss_g, datatype: float64}
# - {name: sdss_r, datatype: float64}
# - {name: sdss_i, datatype: float64}
# - {name: sdss_z, datatype: float64}
# - {name: Clear, datatype: float64}
# - {name: johnson_B, datatype: float64}
# - {name: johnson_V, datatype: float64}
# - {name: johnson_R, datatype: float64}
# - {name: johnson_I, datatype: float64}
# - {name: ukirt_J, datatype: float64}
# - {name: ukirt_H, datatype: float64}
# - {name: ukirt_K, datatype: float64}
# meta: !!omap
# - comment: [M=-12.551020408163266, dM=0.12257636323289027]
# schema: astropy-2.0
time sdss_u sdss_g sdss_r sdss_i sdss_z Clear johnson_B johnson_V johnson_R johnson_I ukirt_J ukirt_H ukirt_K
[from data line 58]
4.371859296482412 -12.01513379503455 -12.01513379503455 -12.01513379503455 -12.01513379503455 -12.01513379503455 -12.01513379503455 -12.01513379503455 -12.01513379503455 -12.01513379503455 -12.01513379503455 -12.01513379503455 -12.01513379503455 -12.01513379503455
4.447236180904522 -12.005894370670262 -12.005894370670262 -12.005894370670262 -12.005894370670262 -12.005894370670262 -12.005894370670262 -12.005894370670262 -12.005894370670262 -12.005894370670262 -12.005894370670262 -12.005894370670262 -12.005894370670262 -12.005894370670262
4.522613065326633 -11.996654946305974 -11.996654946305974 -11.996654946305974 -11.996654946305974 -11.996654946305974 -11.996654946305974 -11.996654946305974 -11.996654946305974 -11.996654946305974 -11.996654946305974 -11.996654946305974 -11.996654946305974 -11.996654946305974
4.597989949748744 -11.987415521941685 -11.987415521941685 -11.987415521941685 -11.987415521941685 -11.987415521941685 -11.987415521941685 -11.987415521941685 -11.987415521941685 -11.987415521941685 -11.987415521941685 -11.987415521941685 -11.987415521941685 -11.987415521941685
4.673366834170854 -11.978176097577396 -11.978176097577396 -11.978176097577396 -11.978176097577396 -11.978176097577396 -11.978176097577396 -11.978176097577396 -11.978176097577396 -11.978176097577396 -11.978176097577396 -11.978176097577396 -11.978176097577396 -11.978176097577396
4.748743718592964 -11.96893667321311 -11.96893667321311 -11.96893667321311 -11.96893667321311 -11.96893667321311 -11.96893667321311 -11.96893667321311 -11.96893667321311 -11.96893667321311 -11.96893667321311 -11.96893667321311 -11.96893667321311 -11.96893667321311
4.824120603015075 -11.959697248848821 -11.959697248848821 -11.959697248848821 -11.959697248848821 -11.959697248848821 -11.959697248848821 -11.959697248848821 -11.959697248848821 -11.959697248848821 -11.959697248848821 -11.959697248848821 -11.959697248848821 -11.959697248848821
4.899497487437186 -11.950457824484532 -11.950457824484532 -11.950457824484532 -11.950457824484532 -11.950457824484532 -11.950457824484532 -11.950457824484532 -11.950457824484532 -11.950457824484532 -11.950457824484532 -11.950457824484532 -11.950457824484532 -11.950457824484532
4.974874371859296 -11.941218400120244 -11.941218400120244 -11.941218400120244 -11.941218400120244 -11.941218400120244 -11.941218400120244 -11.941218400120244 -11.941218400120244 -11.941218400120244 -11.941218400120244 -11.941218400120244 -11.941218400120244 -11.941218400120244
5.050251256281406 -11.931978975755957 -11.931978975755957 -11.931978975755957 -11.931978975755957 -11.931978975755957 -11.931978975755957 -11.931978975755957 -11.931978975755957 -11.931978975755957 -11.931978975755957 -11.931978975755957 -11.931978975755957 -11.931978975755957
5.125628140703517 -11.922739551391668 -11.922739551391668 -11.922739551391668 -11.922739551391668 -11.922739551391668 -11.922739551391668 -11.922739551391668 -11.922739551391668 -11.922739551391668 -11.922739551391668 -11.922739551391668 -11.922739551391668 -11.922739551391668
5.201005025125628 -11.91350012702738 -11.91350012702738 -11.91350012702738 -11.91350012702738 -11.91350012702738 -11.91350012702738 -11.91350012702738 -11.91350012702738 -11.91350012702738 -11.91350012702738 -11.91350012702738 -11.91350012702738 -11.91350012702738
5.276381909547738 -11.904260702663091 -11.904260702663091 -11.904260702663091 -11.904260702663091 -11.904260702663091 -11.904260702663091 -11.904260702663091 -11.904260702663091 -11.904260702663091 -11.904260702663091 -11.904260702663091 -11.904260702663091 -11.904260702663091
5.351758793969848 -11.895021278298803 -11.895021278298803 -11.895021278298803 -11.895021278298803 -11.895021278298803 -11.895021278298803 -11.895021278298803 -11.895021278298803 -11.895021278298803 -11.895021278298803 -11.895021278298803 -11.895021278298803 -11.895021278298803
5.427135678391959 -11.885781853934516 -11.885781853934516 -11.885781853934516 -11.885781853934516 -11.885781853934516 -11.885781853934516 -11.885781853934516 -11.885781853934516 -11.885781853934516 -11.885781853934516 -11.885781853934516 -11.885781853934516 -11.885781853934516
5.50251256281407 -11.876542429570227 -11.876542429570227 -11.876542429570227 -11.876542429570227 -11.876542429570227 -11.876542429570227 -11.876542429570227 -11.876542429570227 -11.876542429570227 -11.876542429570227 -11.876542429570227 -11.876542429570227 -11.876542429570227
5.57788944723618 -11.867303005205939 -11.867303005205939 -11.867303005205939 -11.867303005205939 -11.867303005205939 -11.867303005205939 -11.867303005205939 -11.867303005205939 -11.867303005205939 -11.867303005205939 -11.867303005205939 -11.867303005205939 -11.867303005205939
5.6532663316582905 -11.85806358084165 -11.85806358084165 -11.85806358084165 -11.85806358084165 -11.85806358084165 -11.85806358084165 -11.85806358084165 -11.85806358084165 -11.85806358084165 -11.85806358084165 -11.85806358084165 -11.85806358084165 -11.85806358084165
5.7286432160804015 -11.848824156477361 -11.848824156477361 -11.848824156477361 -11.848824156477361 -11.848824156477361 -11.848824156477361 -11.848824156477361 -11.848824156477361 -11.848824156477361 -11.848824156477361 -11.848824156477361 -11.848824156477361 -11.848824156477361
5.8040201005025125 -11.839584732113074 -11.839584732113074 -11.839584732113074 -11.839584732113074 -11.839584732113074 -11.839584732113074 -11.839584732113074 -11.839584732113074 -11.839584732113074 -11.839584732113074 -11.839584732113074 -11.839584732113074 -11.839584732113074
5.879396984924623 -11.830345307748786 -11.830345307748786 -11.830345307748786 -11.830345307748786 -11.830345307748786 -11.830345307748786 -11.830345307748786 -11.830345307748786 -11.830345307748786 -11.830345307748786 -11.830345307748786 -11.830345307748786 -11.830345307748786
5.954773869346733 -11.821105883384497 -11.821105883384497 -11.821105883384497 -11.821105883384497 -11.821105883384497 -11.821105883384497 -11.821105883384497 -11.821105883384497 -11.821105883384497 -11.821105883384497 -11.821105883384497 -11.821105883384497 -11.821105883384497
6.030150753768844 -11.811866459020209 -11.811866459020209 -11.811866459020209 -11.811866459020209 -11.811866459020209 -11.811866459020209 -11.811866459020209 -11.811866459020209 -11.811866459020209 -11.811866459020209 -11.811866459020209 -11.811866459020209 -11.811866459020209
6.105527638190955 -11.80262703465592 -11.80262703465592 -11.80262703465592 -11.80262703465592 -11.80262703465592 -11.80262703465592 -11.80262703465592 -11.80262703465592 -11.80262703465592 -11.80262703465592 -11.80262703465592 -11.80262703465592 -11.80262703465592
6.180904522613065 -11.793387610291633 -11.793387610291633 -11.793387610291633 -11.793387610291633 -11.793387610291633 -11.793387610291633 -11.793387610291633 -11.793387610291633 -11.793387610291633 -11.793387610291633 -11.793387610291633 -11.793387610291633 -11.793387610291633
6.256281407035175 -11.784148185927345 -11.784148185927345 -11.784148185927345 -11.784148185927345 -11.784148185927345 -11.784148185927345 -11.784148185927345 -11.784148185927345 -11.784148185927345 -11.784148185927345 -11.784148185927345 -11.784148185927345 -11.784148185927345
6.331658291457286 -11.774908761563056 -11.774908761563056 -11.774908761563056 -11.774908761563056 -11.774908761563056 -11.774908761563056 -11.774908761563056 -11.774908761563056 -11.774908761563056 -11.774908761563056 -11.774908761563056 -11.774908761563056 -11.774908761563056
6.407035175879397 -11.765669337198768 -11.765669337198768 -11.765669337198768 -11.765669337198768 -11.765669337198768 -11.765669337198768 -11.765669337198768 -11.765669337198768 -11.765669337198768 -11.765669337198768 -11.765669337198768 -11.765669337198768 -11.765669337198768
6.482412060301507 -11.75642991283448 -11.75642991283448 -11.75642991283448 -11.75642991283448 -11.75642991283448 -11.75642991283448 -11.75642991283448 -11.75642991283448 -11.75642991283448 -11.75642991283448 -11.75642991283448 -11.75642991283448 -11.75642991283448
6.557788944723617 -11.747190488470192 -11.747190488470192 -11.747190488470192 -11.747190488470192 -11.747190488470192 -11.747190488470192 -11.747190488470192 -11.747190488470192 -11.747190488470192 -11.747190488470192 -11.747190488470192 -11.747190488470192 -11.747190488470192
6.633165829145728 -11.737951064105903 -11.737951064105903 -11.737951064105903 -11.737951064105903 -11.737951064105903 -11.737951064105903 -11.737951064105903 -11.737951064105903 -11.737951064105903 -11.737951064105903 -11.737951064105903 -11.737951064105903 -11.737951064105903
6.708542713567839 -11.728711639741615 -11.728711639741615 -11.728711639741615 -11.728711639741615 -11.728711639741615 -11.728711639741615 -11.728711639741615 -11.728711639741615 -11.728711639741615 -11.728711639741615 -11.728711639741615 -11.728711639741615 -11.728711639741615
6.783919597989949 -11.719472215377326 -11.719472215377326 -11.719472215377326 -11.719472215377326 -11.719472215377326 -11.719472215377326 -11.719472215377326 -11.719472215377326 -11.719472215377326 -11.719472215377326 -11.719472215377326 -11.719472215377326 -11.719472215377326
6.859296482412059 -11.71023279101304 -11.71023279101304 -11.71023279101304 -11.71023279101304 -11.71023279101304 -11.71023279101304 -11.71023279101304 -11.71023279101304 -11.71023279101304 -11.71023279101304 -11.71023279101304 -11.71023279101304 -11.71023279101304
6.93467336683417 -11.700993366648751 -11.700993366648751 -11.700993366648751 -11.700993366648751 -11.700993366648751 -11.700993366648751 -11.700993366648751 -11.700993366648751 -11.700993366648751 -11.700993366648751 -11.700993366648751 -11.700993366648751 -11.700993366648751
7.010050251256281 -11.691753942284462 -11.691753942284462 -11.691753942284462 -11.691753942284462 -11.691753942284462 -11.691753942284462 -11.691753942284462 -11.691753942284462 -11.691753942284462 -11.691753942284462 -11.691753942284462 -11.691753942284462 -11.691753942284462
7.085427135678391 -11.682514517920174 -11.682514517920174 -11.682514517920174 -11.682514517920174 -11.682514517920174 -11.682514517920174 -11.682514517920174 -11.682514517920174 -11.682514517920174 -11.682514517920174 -11.682514517920174 -11.682514517920174 -11.682514517920174
7.160804020100501 -11.673275093555887 -11.673275093555887 -11.673275093555887 -11.673275093555887 -11.673275093555887 -11.673275093555887 -11.673275093555887 -11.673275093555887 -11.673275093555887 -11.673275093555887 -11.673275093555887 -11.673275093555887 -11.673275093555887
7.236180904522612 -11.664035669191598 -11.664035669191598 -11.664035669191598 -11.664035669191598 -11.664035669191598 -11.664035669191598 -11.664035669191598 -11.664035669191598 -11.664035669191598 -11.664035669191598 -11.664035669191598 -11.664035669191598 -11.664035669191598
7.311557788944723 -11.65479624482731 -11.65479624482731 -11.65479624482731 -11.65479624482731 -11.65479624482731 -11.65479624482731 -11.65479624482731 -11.65479624482731 -11.65479624482731 -11.65479624482731 -11.65479624482731 -11.65479624482731 -11.65479624482731
7.3869346733668335 -11.645556820463021 -11.645556820463021 -11.645556820463021 -11.645556820463021 -11.645556820463021 -11.645556820463021 -11.645556820463021 -11.645556820463021 -11.645556820463021 -11.645556820463021 -11.645556820463021 -11.645556820463021 -11.645556820463021
7.462311557788944 -11.636317396098733 -11.636317396098733 -11.636317396098733 -11.636317396098733 -11.636317396098733 -11.636317396098733 -11.636317396098733 -11.636317396098733 -11.636317396098733 -11.636317396098733 -11.636317396098733 -11.636317396098733 -11.636317396098733
7.537688442211055 -11.627077971734446 -11.627077971734446 -11.627077971734446 -11.627077971734446 -11.627077971734446 -11.627077971734446 -11.627077971734446 -11.627077971734446 -11.627077971734446 -11.627077971734446 -11.627077971734446 -11.627077971734446 -11.627077971734446
7.613065326633166 -11.617838547370157 -11.617838547370157 -11.617838547370157 -11.617838547370157 -11.617838547370157 -11.617838547370157 -11.617838547370157 -11.617838547370157 -11.617838547370157 -11.617838547370157 -11.617838547370157 -11.617838547370157 -11.617838547370157
7.688442211055276 -11.608599123005868 -11.608599123005868 -11.608599123005868 -11.608599123005868 -11.608599123005868 -11.608599123005868 -11.608599123005868 -11.608599123005868 -11.608599123005868 -11.608599123005868 -11.608599123005868 -11.608599123005868 -11.608599123005868
7.763819095477386 -11.59935969864158 -11.59935969864158 -11.59935969864158 -11.59935969864158 -11.59935969864158 -11.59935969864158 -11.59935969864158 -11.59935969864158 -11.59935969864158 -11.59935969864158 -11.59935969864158 -11.59935969864158 -11.59935969864158
7.839195979899497 -11.590120274277293 -11.590120274277293 -11.590120274277293 -11.590120274277293 -11.590120274277293 -11.590120274277293 -11.590120274277293 -11.590120274277293 -11.590120274277293 -11.590120274277293 -11.590120274277293 -11.590120274277293 -11.590120274277293
7.914572864321608 -11.580880849913004 -11.580880849913004 -11.580880849913004 -11.580880849913004 -11.580880849913004 -11.580880849913004 -11.580880849913004 -11.580880849913004 -11.580880849913004 -11.580880849913004 -11.580880849913004 -11.580880849913004 -11.580880849913004
7.989949748743718 -11.571641425548716 -11.571641425548716 -11.571641425548716 -11.571641425548716 -11.571641425548716 -11.571641425548716 -11.571641425548716 -11.571641425548716 -11.571641425548716 -11.571641425548716 -11.571641425548716 -11.571641425548716 -11.571641425548716
8.065326633165828 -11.562402001184427 -11.562402001184427 -11.562402001184427 -11.562402001184427 -11.562402001184427 -11.562402001184427 -11.562402001184427 -11.562402001184427 -11.562402001184427 -11.562402001184427 -11.562402001184427 -11.562402001184427 -11.562402001184427
8.140703517587939 -11.553162576820139 -11.553162576820139 -11.553162576820139 -11.553162576820139 -11.553162576820139 -11.553162576820139 -11.553162576820139 -11.553162576820139 -11.553162576820139 -11.553162576820139 -11.553162576820139 -11.553162576820139 -11.553162576820139
8.21608040201005 -11.543923152455852 -11.543923152455852 -11.543923152455852 -11.543923152455852 -11.543923152455852 -11.543923152455852 -11.543923152455852 -11.543923152455852 -11.543923152455852 -11.543923152455852 -11.543923152455852 -11.543923152455852 -11.543923152455852
8.29145728643216 -11.534683728091563 -11.534683728091563 -11.534683728091563 -11.534683728091563 -11.534683728091563 -11.534683728091563 -11.534683728091563 -11.534683728091563 -11.534683728091563 -11.534683728091563 -11.534683728091563 -11.534683728091563 -11.534683728091563
8.36683417085427 -11.525444303727275 -11.525444303727275 -11.525444303727275 -11.525444303727275 -11.525444303727275 -11.525444303727275 -11.525444303727275 -11.525444303727275 -11.525444303727275 -11.525444303727275 -11.525444303727275 -11.525444303727275 -11.525444303727275
8.442211055276381 -11.516204879362986 -11.516204879362986 -11.516204879362986 -11.516204879362986 -11.516204879362986 -11.516204879362986 -11.516204879362986 -11.516204879362986 -11.516204879362986 -11.516204879362986 -11.516204879362986 -11.516204879362986 -11.516204879362986
8.517587939698492 -11.5069654549987 -11.5069654549987 -11.5069654549987 -11.5069654549987 -11.5069654549987 -11.5069654549987 -11.5069654549987 -11.5069654549987 -11.5069654549987 -11.5069654549987 -11.5069654549987 -11.5069654549987 -11.5069654549987
8.592964824120603 -11.49772603063441 -11.49772603063441 -11.49772603063441 -11.49772603063441 -11.49772603063441 -11.49772603063441 -11.49772603063441 -11.49772603063441 -11.49772603063441 -11.49772603063441 -11.49772603063441 -11.49772603063441 -11.49772603063441
8.668341708542712 -11.488486606270122 -11.488486606270122 -11.488486606270122 -11.488486606270122 -11.488486606270122 -11.488486606270122 -11.488486606270122 -11.488486606270122 -11.488486606270122 -11.488486606270122 -11.488486606270122 -11.488486606270122 -11.488486606270122
