web/models/linear/8/-12_551_0_066.dat
# %ECSV 1.0
# ---
# datatype:
# - {name: time, datatype: float64}
# - {name: sdss_u, datatype: float64}
# - {name: sdss_g, datatype: float64}
# - {name: sdss_r, datatype: float64}
# - {name: sdss_i, datatype: float64}
# - {name: sdss_z, datatype: float64}
# - {name: Clear, datatype: float64}
# - {name: johnson_B, datatype: float64}
# - {name: johnson_V, datatype: float64}
# - {name: johnson_R, datatype: float64}
# - {name: johnson_I, datatype: float64}
# - {name: ukirt_J, datatype: float64}
# - {name: ukirt_H, datatype: float64}
# - {name: ukirt_K, datatype: float64}
# meta: !!omap
# - comment: [M=-12.551020408163266, dM=0.06590750868872473]
# schema: astropy-2.0
time sdss_u sdss_g sdss_r sdss_i sdss_z Clear johnson_B johnson_V johnson_R johnson_I ukirt_J ukirt_H ukirt_K
[from data line 58]
4.371859296482412 -12.26288205359447 -12.26288205359447 -12.26288205359447 -12.26288205359447 -12.26288205359447 -12.26288205359447 -12.26288205359447 -12.26288205359447 -12.26288205359447 -12.26288205359447 -12.26288205359447 -12.26288205359447 -12.26288205359447
4.447236180904522 -12.25791415092949 -12.25791415092949 -12.25791415092949 -12.25791415092949 -12.25791415092949 -12.25791415092949 -12.25791415092949 -12.25791415092949 -12.25791415092949 -12.25791415092949 -12.25791415092949 -12.25791415092949 -12.25791415092949
4.522613065326633 -12.25294624826451 -12.25294624826451 -12.25294624826451 -12.25294624826451 -12.25294624826451 -12.25294624826451 -12.25294624826451 -12.25294624826451 -12.25294624826451 -12.25294624826451 -12.25294624826451 -12.25294624826451 -12.25294624826451
4.597989949748744 -12.247978345599531 -12.247978345599531 -12.247978345599531 -12.247978345599531 -12.247978345599531 -12.247978345599531 -12.247978345599531 -12.247978345599531 -12.247978345599531 -12.247978345599531 -12.247978345599531 -12.247978345599531 -12.247978345599531
4.673366834170854 -12.243010442934553 -12.243010442934553 -12.243010442934553 -12.243010442934553 -12.243010442934553 -12.243010442934553 -12.243010442934553 -12.243010442934553 -12.243010442934553 -12.243010442934553 -12.243010442934553 -12.243010442934553 -12.243010442934553
4.748743718592964 -12.238042540269573 -12.238042540269573 -12.238042540269573 -12.238042540269573 -12.238042540269573 -12.238042540269573 -12.238042540269573 -12.238042540269573 -12.238042540269573 -12.238042540269573 -12.238042540269573 -12.238042540269573 -12.238042540269573
4.824120603015075 -12.233074637604593 -12.233074637604593 -12.233074637604593 -12.233074637604593 -12.233074637604593 -12.233074637604593 -12.233074637604593 -12.233074637604593 -12.233074637604593 -12.233074637604593 -12.233074637604593 -12.233074637604593 -12.233074637604593
4.899497487437186 -12.228106734939615 -12.228106734939615 -12.228106734939615 -12.228106734939615 -12.228106734939615 -12.228106734939615 -12.228106734939615 -12.228106734939615 -12.228106734939615 -12.228106734939615 -12.228106734939615 -12.228106734939615 -12.228106734939615
4.974874371859296 -12.223138832274635 -12.223138832274635 -12.223138832274635 -12.223138832274635 -12.223138832274635 -12.223138832274635 -12.223138832274635 -12.223138832274635 -12.223138832274635 -12.223138832274635 -12.223138832274635 -12.223138832274635 -12.223138832274635
5.050251256281406 -12.218170929609656 -12.218170929609656 -12.218170929609656 -12.218170929609656 -12.218170929609656 -12.218170929609656 -12.218170929609656 -12.218170929609656 -12.218170929609656 -12.218170929609656 -12.218170929609656 -12.218170929609656 -12.218170929609656
5.125628140703517 -12.213203026944678 -12.213203026944678 -12.213203026944678 -12.213203026944678 -12.213203026944678 -12.213203026944678 -12.213203026944678 -12.213203026944678 -12.213203026944678 -12.213203026944678 -12.213203026944678 -12.213203026944678 -12.213203026944678
5.201005025125628 -12.208235124279698 -12.208235124279698 -12.208235124279698 -12.208235124279698 -12.208235124279698 -12.208235124279698 -12.208235124279698 -12.208235124279698 -12.208235124279698 -12.208235124279698 -12.208235124279698 -12.208235124279698 -12.208235124279698
5.276381909547738 -12.203267221614718 -12.203267221614718 -12.203267221614718 -12.203267221614718 -12.203267221614718 -12.203267221614718 -12.203267221614718 -12.203267221614718 -12.203267221614718 -12.203267221614718 -12.203267221614718 -12.203267221614718 -12.203267221614718
5.351758793969848 -12.19829931894974 -12.19829931894974 -12.19829931894974 -12.19829931894974 -12.19829931894974 -12.19829931894974 -12.19829931894974 -12.19829931894974 -12.19829931894974 -12.19829931894974 -12.19829931894974 -12.19829931894974 -12.19829931894974
5.427135678391959 -12.19333141628476 -12.19333141628476 -12.19333141628476 -12.19333141628476 -12.19333141628476 -12.19333141628476 -12.19333141628476 -12.19333141628476 -12.19333141628476 -12.19333141628476 -12.19333141628476 -12.19333141628476 -12.19333141628476
5.50251256281407 -12.18836351361978 -12.18836351361978 -12.18836351361978 -12.18836351361978 -12.18836351361978 -12.18836351361978 -12.18836351361978 -12.18836351361978 -12.18836351361978 -12.18836351361978 -12.18836351361978 -12.18836351361978 -12.18836351361978
5.57788944723618 -12.183395610954802 -12.183395610954802 -12.183395610954802 -12.183395610954802 -12.183395610954802 -12.183395610954802 -12.183395610954802 -12.183395610954802 -12.183395610954802 -12.183395610954802 -12.183395610954802 -12.183395610954802 -12.183395610954802
5.6532663316582905 -12.178427708289822 -12.178427708289822 -12.178427708289822 -12.178427708289822 -12.178427708289822 -12.178427708289822 -12.178427708289822 -12.178427708289822 -12.178427708289822 -12.178427708289822 -12.178427708289822 -12.178427708289822 -12.178427708289822
5.7286432160804015 -12.173459805624843 -12.173459805624843 -12.173459805624843 -12.173459805624843 -12.173459805624843 -12.173459805624843 -12.173459805624843 -12.173459805624843 -12.173459805624843 -12.173459805624843 -12.173459805624843 -12.173459805624843 -12.173459805624843
5.8040201005025125 -12.168491902959865 -12.168491902959865 -12.168491902959865 -12.168491902959865 -12.168491902959865 -12.168491902959865 -12.168491902959865 -12.168491902959865 -12.168491902959865 -12.168491902959865 -12.168491902959865 -12.168491902959865 -12.168491902959865
5.879396984924623 -12.163524000294885 -12.163524000294885 -12.163524000294885 -12.163524000294885 -12.163524000294885 -12.163524000294885 -12.163524000294885 -12.163524000294885 -12.163524000294885 -12.163524000294885 -12.163524000294885 -12.163524000294885 -12.163524000294885
5.954773869346733 -12.158556097629905 -12.158556097629905 -12.158556097629905 -12.158556097629905 -12.158556097629905 -12.158556097629905 -12.158556097629905 -12.158556097629905 -12.158556097629905 -12.158556097629905 -12.158556097629905 -12.158556097629905 -12.158556097629905
6.030150753768844 -12.153588194964927 -12.153588194964927 -12.153588194964927 -12.153588194964927 -12.153588194964927 -12.153588194964927 -12.153588194964927 -12.153588194964927 -12.153588194964927 -12.153588194964927 -12.153588194964927 -12.153588194964927 -12.153588194964927
6.105527638190955 -12.148620292299947 -12.148620292299947 -12.148620292299947 -12.148620292299947 -12.148620292299947 -12.148620292299947 -12.148620292299947 -12.148620292299947 -12.148620292299947 -12.148620292299947 -12.148620292299947 -12.148620292299947 -12.148620292299947
6.180904522613065 -12.143652389634967 -12.143652389634967 -12.143652389634967 -12.143652389634967 -12.143652389634967 -12.143652389634967 -12.143652389634967 -12.143652389634967 -12.143652389634967 -12.143652389634967 -12.143652389634967 -12.143652389634967 -12.143652389634967
6.256281407035175 -12.13868448696999 -12.13868448696999 -12.13868448696999 -12.13868448696999 -12.13868448696999 -12.13868448696999 -12.13868448696999 -12.13868448696999 -12.13868448696999 -12.13868448696999 -12.13868448696999 -12.13868448696999 -12.13868448696999
6.331658291457286 -12.13371658430501 -12.13371658430501 -12.13371658430501 -12.13371658430501 -12.13371658430501 -12.13371658430501 -12.13371658430501 -12.13371658430501 -12.13371658430501 -12.13371658430501 -12.13371658430501 -12.13371658430501 -12.13371658430501
6.407035175879397 -12.12874868164003 -12.12874868164003 -12.12874868164003 -12.12874868164003 -12.12874868164003 -12.12874868164003 -12.12874868164003 -12.12874868164003 -12.12874868164003 -12.12874868164003 -12.12874868164003 -12.12874868164003 -12.12874868164003
6.482412060301507 -12.12378077897505 -12.12378077897505 -12.12378077897505 -12.12378077897505 -12.12378077897505 -12.12378077897505 -12.12378077897505 -12.12378077897505 -12.12378077897505 -12.12378077897505 -12.12378077897505 -12.12378077897505 -12.12378077897505
6.557788944723617 -12.118812876310072 -12.118812876310072 -12.118812876310072 -12.118812876310072 -12.118812876310072 -12.118812876310072 -12.118812876310072 -12.118812876310072 -12.118812876310072 -12.118812876310072 -12.118812876310072 -12.118812876310072 -12.118812876310072
6.633165829145728 -12.113844973645092 -12.113844973645092 -12.113844973645092 -12.113844973645092 -12.113844973645092 -12.113844973645092 -12.113844973645092 -12.113844973645092 -12.113844973645092 -12.113844973645092 -12.113844973645092 -12.113844973645092 -12.113844973645092
6.708542713567839 -12.108877070980112 -12.108877070980112 -12.108877070980112 -12.108877070980112 -12.108877070980112 -12.108877070980112 -12.108877070980112 -12.108877070980112 -12.108877070980112 -12.108877070980112 -12.108877070980112 -12.108877070980112 -12.108877070980112
6.783919597989949 -12.103909168315134 -12.103909168315134 -12.103909168315134 -12.103909168315134 -12.103909168315134 -12.103909168315134 -12.103909168315134 -12.103909168315134 -12.103909168315134 -12.103909168315134 -12.103909168315134 -12.103909168315134 -12.103909168315134
6.859296482412059 -12.098941265650154 -12.098941265650154 -12.098941265650154 -12.098941265650154 -12.098941265650154 -12.098941265650154 -12.098941265650154 -12.098941265650154 -12.098941265650154 -12.098941265650154 -12.098941265650154 -12.098941265650154 -12.098941265650154
6.93467336683417 -12.093973362985174 -12.093973362985174 -12.093973362985174 -12.093973362985174 -12.093973362985174 -12.093973362985174 -12.093973362985174 -12.093973362985174 -12.093973362985174 -12.093973362985174 -12.093973362985174 -12.093973362985174 -12.093973362985174
7.010050251256281 -12.089005460320196 -12.089005460320196 -12.089005460320196 -12.089005460320196 -12.089005460320196 -12.089005460320196 -12.089005460320196 -12.089005460320196 -12.089005460320196 -12.089005460320196 -12.089005460320196 -12.089005460320196 -12.089005460320196
7.085427135678391 -12.084037557655217 -12.084037557655217 -12.084037557655217 -12.084037557655217 -12.084037557655217 -12.084037557655217 -12.084037557655217 -12.084037557655217 -12.084037557655217 -12.084037557655217 -12.084037557655217 -12.084037557655217 -12.084037557655217
7.160804020100501 -12.079069654990237 -12.079069654990237 -12.079069654990237 -12.079069654990237 -12.079069654990237 -12.079069654990237 -12.079069654990237 -12.079069654990237 -12.079069654990237 -12.079069654990237 -12.079069654990237 -12.079069654990237 -12.079069654990237
7.236180904522612 -12.074101752325259 -12.074101752325259 -12.074101752325259 -12.074101752325259 -12.074101752325259 -12.074101752325259 -12.074101752325259 -12.074101752325259 -12.074101752325259 -12.074101752325259 -12.074101752325259 -12.074101752325259 -12.074101752325259
7.311557788944723 -12.069133849660279 -12.069133849660279 -12.069133849660279 -12.069133849660279 -12.069133849660279 -12.069133849660279 -12.069133849660279 -12.069133849660279 -12.069133849660279 -12.069133849660279 -12.069133849660279 -12.069133849660279 -12.069133849660279
7.3869346733668335 -12.064165946995299 -12.064165946995299 -12.064165946995299 -12.064165946995299 -12.064165946995299 -12.064165946995299 -12.064165946995299 -12.064165946995299 -12.064165946995299 -12.064165946995299 -12.064165946995299 -12.064165946995299 -12.064165946995299
7.462311557788944 -12.059198044330321 -12.059198044330321 -12.059198044330321 -12.059198044330321 -12.059198044330321 -12.059198044330321 -12.059198044330321 -12.059198044330321 -12.059198044330321 -12.059198044330321 -12.059198044330321 -12.059198044330321 -12.059198044330321
7.537688442211055 -12.054230141665341 -12.054230141665341 -12.054230141665341 -12.054230141665341 -12.054230141665341 -12.054230141665341 -12.054230141665341 -12.054230141665341 -12.054230141665341 -12.054230141665341 -12.054230141665341 -12.054230141665341 -12.054230141665341
7.613065326633166 -12.049262239000361 -12.049262239000361 -12.049262239000361 -12.049262239000361 -12.049262239000361 -12.049262239000361 -12.049262239000361 -12.049262239000361 -12.049262239000361 -12.049262239000361 -12.049262239000361 -12.049262239000361 -12.049262239000361
7.688442211055276 -12.044294336335383 -12.044294336335383 -12.044294336335383 -12.044294336335383 -12.044294336335383 -12.044294336335383 -12.044294336335383 -12.044294336335383 -12.044294336335383 -12.044294336335383 -12.044294336335383 -12.044294336335383 -12.044294336335383
7.763819095477386 -12.039326433670404 -12.039326433670404 -12.039326433670404 -12.039326433670404 -12.039326433670404 -12.039326433670404 -12.039326433670404 -12.039326433670404 -12.039326433670404 -12.039326433670404 -12.039326433670404 -12.039326433670404 -12.039326433670404
7.839195979899497 -12.034358531005424 -12.034358531005424 -12.034358531005424 -12.034358531005424 -12.034358531005424 -12.034358531005424 -12.034358531005424 -12.034358531005424 -12.034358531005424 -12.034358531005424 -12.034358531005424 -12.034358531005424 -12.034358531005424
7.914572864321608 -12.029390628340444 -12.029390628340444 -12.029390628340444 -12.029390628340444 -12.029390628340444 -12.029390628340444 -12.029390628340444 -12.029390628340444 -12.029390628340444 -12.029390628340444 -12.029390628340444 -12.029390628340444 -12.029390628340444
7.989949748743718 -12.024422725675466 -12.024422725675466 -12.024422725675466 -12.024422725675466 -12.024422725675466 -12.024422725675466 -12.024422725675466 -12.024422725675466 -12.024422725675466 -12.024422725675466 -12.024422725675466 -12.024422725675466 -12.024422725675466
8.065326633165828 -12.019454823010486 -12.019454823010486 -12.019454823010486 -12.019454823010486 -12.019454823010486 -12.019454823010486 -12.019454823010486 -12.019454823010486 -12.019454823010486 -12.019454823010486 -12.019454823010486 -12.019454823010486 -12.019454823010486
8.140703517587939 -12.014486920345506 -12.014486920345506 -12.014486920345506 -12.014486920345506 -12.014486920345506 -12.014486920345506 -12.014486920345506 -12.014486920345506 -12.014486920345506 -12.014486920345506 -12.014486920345506 -12.014486920345506 -12.014486920345506
8.21608040201005 -12.009519017680528 -12.009519017680528 -12.009519017680528 -12.009519017680528 -12.009519017680528 -12.009519017680528 -12.009519017680528 -12.009519017680528 -12.009519017680528 -12.009519017680528 -12.009519017680528 -12.009519017680528 -12.009519017680528
8.29145728643216 -12.004551115015548 -12.004551115015548 -12.004551115015548 -12.004551115015548 -12.004551115015548 -12.004551115015548 -12.004551115015548 -12.004551115015548 -12.004551115015548 -12.004551115015548 -12.004551115015548 -12.004551115015548 -12.004551115015548
8.36683417085427 -11.999583212350569 -11.999583212350569 -11.999583212350569 -11.999583212350569 -11.999583212350569 -11.999583212350569 -11.999583212350569 -11.999583212350569 -11.999583212350569 -11.999583212350569 -11.999583212350569 -11.999583212350569 -11.999583212350569
8.442211055276381 -11.99461530968559 -11.99461530968559 -11.99461530968559 -11.99461530968559 -11.99461530968559 -11.99461530968559 -11.99461530968559 -11.99461530968559 -11.99461530968559 -11.99461530968559 -11.99461530968559 -11.99461530968559 -11.99461530968559
8.517587939698492 -11.98964740702061 -11.98964740702061 -11.98964740702061 -11.98964740702061 -11.98964740702061 -11.98964740702061 -11.98964740702061 -11.98964740702061 -11.98964740702061 -11.98964740702061 -11.98964740702061 -11.98964740702061 -11.98964740702061
8.592964824120603 -11.984679504355631 -11.984679504355631 -11.984679504355631 -11.984679504355631 -11.984679504355631 -11.984679504355631 -11.984679504355631 -11.984679504355631 -11.984679504355631 -11.984679504355631 -11.984679504355631 -11.984679504355631 -11.984679504355631
8.668341708542712 -11.979711601690653 -11.979711601690653 -11.979711601690653 -11.979711601690653 -11.979711601690653 -11.979711601690653 -11.979711601690653 -11.979711601690653 -11.979711601690653 -11.979711601690653 -11.979711601690653 -11.979711601690653 -11.979711601690653
