web/models/linear/8/-12_551_0_424.dat
# %ECSV 1.0
# ---
# datatype:
# - {name: time, datatype: float64}
# - {name: sdss_u, datatype: float64}
# - {name: sdss_g, datatype: float64}
# - {name: sdss_r, datatype: float64}
# - {name: sdss_i, datatype: float64}
# - {name: sdss_z, datatype: float64}
# - {name: Clear, datatype: float64}
# - {name: johnson_B, datatype: float64}
# - {name: johnson_V, datatype: float64}
# - {name: johnson_R, datatype: float64}
# - {name: johnson_I, datatype: float64}
# - {name: ukirt_J, datatype: float64}
# - {name: ukirt_H, datatype: float64}
# - {name: ukirt_K, datatype: float64}
# meta: !!omap
# - comment: [M=-12.551020408163266, dM=0.42398491465793026]
# schema: astropy-2.0
time sdss_u sdss_g sdss_r sdss_i sdss_z Clear johnson_B johnson_V johnson_R johnson_I ukirt_J ukirt_H ukirt_K
[from data line 179]
13.492462311557787 -6.830419926472097 -6.830419926472097 -6.830419926472097 -6.830419926472097 -6.830419926472097 -6.830419926472097 -6.830419926472097 -6.830419926472097 -6.830419926472097 -6.830419926472097 -6.830419926472097 -6.830419926472097 -6.830419926472097
13.567839195979898 -6.798461264563208 -6.798461264563208 -6.798461264563208 -6.798461264563208 -6.798461264563208 -6.798461264563208 -6.798461264563208 -6.798461264563208 -6.798461264563208 -6.798461264563208 -6.798461264563208 -6.798461264563208 -6.798461264563208
13.64321608040201 -6.7665026026543185 -6.7665026026543185 -6.7665026026543185 -6.7665026026543185 -6.7665026026543185 -6.7665026026543185 -6.7665026026543185 -6.7665026026543185 -6.7665026026543185 -6.7665026026543185 -6.7665026026543185 -6.7665026026543185 -6.7665026026543185
13.718592964824118 -6.7345439407454295 -6.7345439407454295 -6.7345439407454295 -6.7345439407454295 -6.7345439407454295 -6.7345439407454295 -6.7345439407454295 -6.7345439407454295 -6.7345439407454295 -6.7345439407454295 -6.7345439407454295 -6.7345439407454295 -6.7345439407454295
13.79396984924623 -6.7025852788365405 -6.7025852788365405 -6.7025852788365405 -6.7025852788365405 -6.7025852788365405 -6.7025852788365405 -6.7025852788365405 -6.7025852788365405 -6.7025852788365405 -6.7025852788365405 -6.7025852788365405 -6.7025852788365405 -6.7025852788365405
13.86934673366834 -6.670626616927651 -6.670626616927651 -6.670626616927651 -6.670626616927651 -6.670626616927651 -6.670626616927651 -6.670626616927651 -6.670626616927651 -6.670626616927651 -6.670626616927651 -6.670626616927651 -6.670626616927651 -6.670626616927651
13.944723618090451 -6.638667955018762 -6.638667955018762 -6.638667955018762 -6.638667955018762 -6.638667955018762 -6.638667955018762 -6.638667955018762 -6.638667955018762 -6.638667955018762 -6.638667955018762 -6.638667955018762 -6.638667955018762 -6.638667955018762
14.020100502512562 -6.606709293109872 -6.606709293109872 -6.606709293109872 -6.606709293109872 -6.606709293109872 -6.606709293109872 -6.606709293109872 -6.606709293109872 -6.606709293109872 -6.606709293109872 -6.606709293109872 -6.606709293109872 -6.606709293109872
14.095477386934672 -6.574750631200984 -6.574750631200984 -6.574750631200984 -6.574750631200984 -6.574750631200984 -6.574750631200984 -6.574750631200984 -6.574750631200984 -6.574750631200984 -6.574750631200984 -6.574750631200984 -6.574750631200984 -6.574750631200984
14.170854271356783 -6.542791969292094 -6.542791969292094 -6.542791969292094 -6.542791969292094 -6.542791969292094 -6.542791969292094 -6.542791969292094 -6.542791969292094 -6.542791969292094 -6.542791969292094 -6.542791969292094 -6.542791969292094 -6.542791969292094
14.246231155778894 -6.510833307383205 -6.510833307383205 -6.510833307383205 -6.510833307383205 -6.510833307383205 -6.510833307383205 -6.510833307383205 -6.510833307383205 -6.510833307383205 -6.510833307383205 -6.510833307383205 -6.510833307383205 -6.510833307383205
14.321608040201003 -6.478874645474316 -6.478874645474316 -6.478874645474316 -6.478874645474316 -6.478874645474316 -6.478874645474316 -6.478874645474316 -6.478874645474316 -6.478874645474316 -6.478874645474316 -6.478874645474316 -6.478874645474316 -6.478874645474316
14.396984924623114 -6.446915983565427 -6.446915983565427 -6.446915983565427 -6.446915983565427 -6.446915983565427 -6.446915983565427 -6.446915983565427 -6.446915983565427 -6.446915983565427 -6.446915983565427 -6.446915983565427 -6.446915983565427 -6.446915983565427
14.472361809045225 -6.414957321656537 -6.414957321656537 -6.414957321656537 -6.414957321656537 -6.414957321656537 -6.414957321656537 -6.414957321656537 -6.414957321656537 -6.414957321656537 -6.414957321656537 -6.414957321656537 -6.414957321656537 -6.414957321656537
14.547738693467336 -6.382998659747648 -6.382998659747648 -6.382998659747648 -6.382998659747648 -6.382998659747648 -6.382998659747648 -6.382998659747648 -6.382998659747648 -6.382998659747648 -6.382998659747648 -6.382998659747648 -6.382998659747648 -6.382998659747648
14.623115577889447 -6.351039997838758 -6.351039997838758 -6.351039997838758 -6.351039997838758 -6.351039997838758 -6.351039997838758 -6.351039997838758 -6.351039997838758 -6.351039997838758 -6.351039997838758 -6.351039997838758 -6.351039997838758 -6.351039997838758
14.698492462311556 -6.31908133592987 -6.31908133592987 -6.31908133592987 -6.31908133592987 -6.31908133592987 -6.31908133592987 -6.31908133592987 -6.31908133592987 -6.31908133592987 -6.31908133592987 -6.31908133592987 -6.31908133592987 -6.31908133592987
14.773869346733667 -6.2871226740209805 -6.2871226740209805 -6.2871226740209805 -6.2871226740209805 -6.2871226740209805 -6.2871226740209805 -6.2871226740209805 -6.2871226740209805 -6.2871226740209805 -6.2871226740209805 -6.2871226740209805 -6.2871226740209805 -6.2871226740209805
14.849246231155778 -6.2551640121120915 -6.2551640121120915 -6.2551640121120915 -6.2551640121120915 -6.2551640121120915 -6.2551640121120915 -6.2551640121120915 -6.2551640121120915 -6.2551640121120915 -6.2551640121120915 -6.2551640121120915 -6.2551640121120915 -6.2551640121120915
14.924623115577887 -6.2232053502032025 -6.2232053502032025 -6.2232053502032025 -6.2232053502032025 -6.2232053502032025 -6.2232053502032025 -6.2232053502032025 -6.2232053502032025 -6.2232053502032025 -6.2232053502032025 -6.2232053502032025 -6.2232053502032025 -6.2232053502032025
15.0 -6.191246688294313 -6.191246688294313 -6.191246688294313 -6.191246688294313 -6.191246688294313 -6.191246688294313 -6.191246688294313 -6.191246688294313 -6.191246688294313 -6.191246688294313 -6.191246688294313 -6.191246688294313 -6.191246688294313
