web/models/grb/offaxis/19/grb_0.2967_100.0000_0.0000016.dat
# %ECSV 1.0
# ---
# datatype:
# - {name: time, datatype: float64}
# - {name: swift_uvot_uvw2, datatype: float64}
# - {name: swift_uvot_uvm2, datatype: float64}
# - {name: swift_uvot_uvw1, datatype: float64}
# - {name: swift_uvot_U, datatype: float64}
# - {name: swift_uvot_B, datatype: float64}
# - {name: swift_uvot_V, datatype: float64}
# - {name: swift_uvot_W, datatype: float64}
# - {name: johnson_U, datatype: float64}
# - {name: johnson_B, datatype: float64}
# - {name: johnson_V, datatype: float64}
# - {name: johnson_R, datatype: float64}
# - {name: johnson_I, datatype: float64}
# - {name: sdss_u, datatype: float64}
# - {name: sdss_g, datatype: float64}
# - {name: sdss_r, datatype: float64}
# - {name: sdss_i, datatype: float64}
# - {name: sdss_z, datatype: float64}
# - {name: PS1_g, datatype: float64}
# - {name: PS1_r, datatype: float64}
# - {name: PS1_i, datatype: float64}
# - {name: PS1_z, datatype: float64}
# - {name: PS1_Y, datatype: float64}
# - {name: PS1_w, datatype: float64}
# - {name: ATLAS_c, datatype: float64}
# - {name: ATLAS_o, datatype: float64}
# - {name: ukirt_J, datatype: float64}
# - {name: ukirt_H, datatype: float64}
# - {name: ukirt_K, datatype: float64}
# - {name: Clear, datatype: float64}
# meta: !!omap
# - comment: [E = 0.043396498804093575, Eta0 = 8.02, GammaB = 12.0, dL = 0.012188, epsb = 6.760829753919819e-06, epse = 0.1, n = 1.584893192461114e-06,
#     p = 2.15, theta_obs = 0.29670597283903605, xiN = 1.0, z = 0.0, type = grb, E_kiso = 100.0]
# schema: astropy-2.0
time swift_uvot_uvw2 swift_uvot_uvm2 swift_uvot_uvw1 swift_uvot_U swift_uvot_B swift_uvot_V swift_uvot_W johnson_U johnson_B johnson_V johnson_R johnson_I sdss_u sdss_g sdss_r sdss_i sdss_z PS1_g PS1_r PS1_i PS1_z PS1_Y PS1_w ATLAS_c ATLAS_o ukirt_J ukirt_H ukirt_K Clear
[from data line 128]
0.2114 20.603 20.653 20.578 20.385 20.242 20.103 20.464 20.362 20.24 20.098 19.958 19.809 20.367 20.195 20.023 19.902 19.792 20.131 19.988 19.869 19.77 19.601 20.025 20.12 19.968 19.58 19.41 19.22 19.935
0.2165 20.04 20.089 20.014 19.821 19.679 19.54 19.901 19.799 19.676 19.535 19.394 19.246 19.804 19.631 19.46 19.339 19.228 19.568 19.425 19.305 19.206 19.038 19.462 19.557 19.404 19.016 18.847 18.657 19.372
0.2217 19.476 19.526 19.451 19.258 19.115 18.976 19.337 19.236 19.113 18.971 18.831 18.682 19.241 19.068 18.896 18.775 18.665 19.004 18.862 18.742 18.643 18.475 18.898 18.994 18.841 18.453 18.283 18.093 18.808
0.2271 18.913 18.962 18.887 18.694 18.552 18.413 18.774 18.672 18.55 18.408 18.267 18.119 18.677 18.505 18.333 18.212 18.101 18.441 18.298 18.178 18.079 17.911 18.335 18.43 18.277 17.889 17.72 17.53 18.245
0.2325 18.349 18.399 18.324 18.131 17.989 17.85 18.21 18.109 17.986 17.844 17.704 17.555 18.114 17.941 17.769 17.649 17.538 17.877 17.735 17.615 17.516 17.348 17.772 17.867 17.714 17.326 17.157 16.966 17.681
0.2381 17.786 17.835 17.761 17.568 17.425 17.286 17.647 17.545 17.423 17.281 17.141 16.992 17.55 17.378 17.206 17.085 16.975 17.314 17.171 17.052 16.953 16.784 17.208 17.303 17.151 16.763 16.593 16.403 17.118
0.2439 17.548 17.598 17.523 17.33 17.187 17.048 17.409 17.307 17.185 17.043 16.903 16.754 17.312 17.14 16.968 16.847 16.737 17.076 16.934 16.814 16.715 16.546 16.97 17.065 16.913 16.525 16.355 16.165 16.88
0.2498 17.404 17.453 17.378 17.186 17.043 16.904 17.265 17.163 17.041 16.899 16.758 16.61 17.168 16.996 16.824 16.703 16.592 16.932 16.789 16.669 16.57 16.402 16.826 16.921 16.768 16.38 16.211 16.021 16.736
0.2558 17.26 17.309 17.234 17.041 16.899 16.76 17.121 17.019 16.896 16.755 16.614 16.466 17.024 16.851 16.679 16.559 16.448 16.788 16.645 16.525 16.426 16.258 16.682 16.777 16.624 16.236 16.067 15.876 16.591
0.262 17.115 17.165 17.09 16.897 16.755 16.615 16.976 16.875 16.752 16.61 16.47 16.321 16.88 16.707 16.535 16.414 16.304 16.643 16.501 16.381 16.282 16.114 16.537 16.633 16.48 16.092 15.923 15.732 16.447
0.2683 16.971 17.02 16.946 16.753 16.61 16.471 16.832 16.73 16.608 16.466 16.326 16.177 16.735 16.563 16.391 16.27 16.16 16.499 16.356 16.237 16.138 15.969 16.393 16.488 16.336 15.948 15.778 15.588 16.303
0.2748 16.827 16.876 16.801 16.608 16.466 16.327 16.688 16.586 16.464 16.322 16.181 16.033 16.591 16.418 16.247 16.126 16.015 16.355 16.212 16.092 15.993 15.825 16.249 16.344 16.191 15.803 15.634 15.444 16.159
0.2814 16.682 16.732 16.657 16.464 16.322 16.183 16.543 16.442 16.319 16.177 16.037 15.888 16.447 16.274 16.102 15.982 15.871 16.21 16.068 15.948 15.849 15.681 16.105 16.2 16.047 15.659 15.49 15.299 16.014
0.2882 16.538 16.588 16.513 16.32 16.177 16.038 16.399 16.297 16.175 16.033 15.893 15.744 16.302 16.13 15.958 15.837 15.727 16.066 15.924 15.804 15.705 15.536 15.96 16.055 15.903 15.515 15.345 15.155 15.87
0.2951 16.394 16.443 16.369 16.176 16.033 15.894 16.255 16.153 16.031 15.889 15.748 15.6 16.158 15.986 15.814 15.693 15.582 15.922 15.779 15.659 15.56 15.392 15.816 15.911 15.758 15.37 15.201 15.011 15.726
0.3022 16.26 16.309 16.235 16.042 15.899 15.76 16.121 16.019 15.897 15.755 15.614 15.466 16.024 15.852 15.68 15.559 15.448 15.788 15.645 15.525 15.426 15.258 15.682 15.777 15.624 15.236 15.067 14.877 15.592
0.3095 16.204 16.253 16.178 15.985 15.843 15.704 16.064 15.963 15.84 15.698 15.558 15.409 15.968 15.795 15.623 15.503 15.392 15.731 15.589 15.469 15.37 15.202 15.626 15.721 15.568 15.18 15.011 14.82 15.535
0.317 16.147 16.197 16.122 15.929 15.786 15.647 16.008 15.906 15.784 15.642 15.502 15.353 15.911 15.739 15.567 15.446 15.336 15.675 15.533 15.413 15.314 15.145 15.569 15.664 15.512 15.124 14.954 14.764 15.479
0.3247 16.091 16.14 16.065 15.872 15.73 15.591 15.952 15.85 15.728 15.586 15.445 15.297 15.855 15.682 15.511 15.39 15.279 15.619 15.476 15.356 15.257 15.089 15.513 15.608 15.455 15.067 14.898 14.708 15.423
0.3325 16.034 16.084 16.009 15.816 15.674 15.535 15.895 15.794 15.671 15.529 15.389 15.24 15.799 15.626 15.454 15.334 15.223 15.562 15.42 15.3 15.201 15.033 15.457 15.552 15.399 15.011 14.842 14.651 15.366
0.3405 15.978 16.027 15.953 15.76 15.617 15.478 15.839 15.737 15.615 15.473 15.333 15.184 15.742 15.57 15.398 15.277 15.167 15.506 15.363 15.244 15.145 14.976 15.4 15.495 15.343 14.955 14.785 14.595 15.31
0.3487 15.922 15.971 15.896 15.703 15.561 15.422 15.783 15.681 15.559 15.417 15.276 15.128 15.686 15.513 15.342 15.221 15.11 15.45 15.307 15.187 15.088 14.92 15.344 15.439 15.286 14.898 14.729 14.539 15.254
0.3571 15.865 15.915 15.84 15.647 15.505 15.365 15.726 15.625 15.502 15.36 15.22 15.071 15.63 15.457 15.285 15.164 15.054 15.393 15.251 15.131 15.032 14.864 15.287 15.383 15.23 14.842 14.673 14.482 15.197
0.3657 15.809 15.858 15.784 15.591 15.448 15.309 15.67 15.568 15.446 15.304 15.163 15.015 15.573 15.401 15.229 15.108 14.997 15.337 15.194 15.074 14.975 14.807 15.231 15.326 15.173 14.785 14.616 14.426 15.141
0.3746 15.753 15.802 15.727 15.534 15.392 15.253 15.613 15.512 15.389 15.248 15.107 14.958 15.517 15.344 15.172 15.052 14.941 15.281 15.138 15.018 14.919 14.751 15.175 15.27 15.117 14.729 14.56 14.369 15.084
0.3836 15.689 15.739 15.664 15.471 15.328 15.189 15.55 15.448 15.326 15.184 15.044 14.895 15.453 15.281 15.109 14.988 14.878 15.217 15.074 14.955 14.856 14.687 15.111 15.206 15.054 14.666 14.496 14.306 15.021
0.3929 15.605 15.655 15.58 15.387 15.245 15.105 15.466 15.365 15.242 15.1 14.96 14.811 15.37 15.197 15.025 14.904 14.794 15.133 14.991 14.871 14.772 14.604 15.027 15.123 14.97 14.582 14.413 14.222 14.937
0.4023 15.522 15.571 15.496 15.303 15.161 15.022 15.382 15.281 15.158 15.017 14.876 14.727 15.286 15.113 14.941 14.821 14.71 15.05 14.907 14.787 14.688 14.52 14.944 15.039 14.886 14.498 14.329 14.138 14.853
0.412 15.438 15.487 15.412 15.219 15.077 14.938 15.299 15.197 15.075 14.933 14.792 14.644 15.202 15.03 14.858 14.737 14.626 14.966 14.823 14.703 14.604 14.436 14.86 14.955 14.802 14.414 14.245 14.055 14.77
0.422 15.354 15.404 15.329 15.136 14.993 14.854 15.215 15.113 14.991 14.849 14.709 14.56 15.118 14.946 14.774 14.653 14.543 14.882 14.739 14.62 14.521 14.352 14.776 14.871 14.719 14.331 14.161 13.971 14.686
0.4322 15.27 15.32 15.245 15.052 14.91 14.77 15.131 15.03 14.907 14.765 14.625 14.476 15.035 14.862 14.69 14.569 14.459 14.798 14.656 14.536 14.437 14.269 14.692 14.788 14.635 14.247 14.078 13.887 14.602
0.4426 15.187 15.236 15.161 14.968 14.826 14.687 15.047 14.946 14.823 14.682 14.541 14.392 14.951 14.778 14.606 14.486 14.375 14.715 14.572 14.452 14.353 14.185 14.609 14.704 14.551 14.163 13.994 13.803 14.518
0.4533 15.103 15.152 15.077 14.884 14.742 14.603 14.964 14.862 14.74 14.598 14.457 14.309 14.867 14.695 14.523 14.402 14.291 14.631 14.488 14.368 14.269 14.101 14.525 14.62 14.467 14.079 13.91 13.72 14.435
0.4642 15.019 15.069 14.994 14.801 14.658 14.519 14.88 14.778 14.656 14.514 14.374 14.225 14.783 14.611 14.439 14.318 14.208 14.547 14.404 14.285 14.186 14.017 14.441 14.536 14.384 13.996 13.826 13.636 14.351
0.4754 14.935 14.985 14.91 14.717 14.575 14.435 14.796 14.695 14.572 14.43 14.29 14.141 14.7 14.527 14.355 14.234 14.124 14.463 14.321 14.201 14.102 13.934 14.357 14.453 14.3 13.912 13.743 13.552 14.267
0.4869 14.758 14.808 14.733 14.54 14.397 14.258 14.619 14.517 14.395 14.253 14.113 13.964 14.522 14.35 14.178 14.057 13.947 14.286 14.144 14.024 13.925 13.756 14.18 14.275 14.123 13.735 13.565 13.375 14.09
0.4986 14.443 14.492 14.417 14.224 14.082 13.943 14.304 14.202 14.08 13.938 13.797 13.649 14.207 14.034 13.863 13.742 13.631 13.971 13.828 13.708 13.609 13.441 13.865 13.96 13.807 13.419 13.25 13.06 13.775
0.5106 14.127 14.177 14.102 13.909 13.766 13.627 13.988 13.886 13.764 13.622 13.482 13.333 13.891 13.719 13.547 13.426 13.316 13.655 13.513 13.393 13.294 13.125 13.549 13.645 13.492 13.104 12.934 12.744 13.459
0.523 13.812 13.861 13.786 13.593 13.451 13.312 13.673 13.571 13.449 13.307 13.166 13.018 13.576 13.403 13.232 13.111 13.0 13.34 13.197 13.077 12.978 12.81 13.234 13.329 13.176 12.788 12.619 12.429 13.144
0.5356 13.496 13.546 13.471 13.278 13.135 12.996 13.357 13.256 13.133 12.991 12.851 12.702 13.261 13.088 12.916 12.795 12.685 13.024 12.882 12.762 12.663 12.495 12.918 13.014 12.861 12.473 12.303 12.113 12.828
0.5485 13.181 13.23 13.155 12.962 12.82 12.681 13.042 12.94 12.818 12.676 12.535 12.387 12.945 12.772 12.601 12.48 12.369 12.709 12.566 12.446 12.347 12.179 12.603 12.698 12.545 12.157 11.988 11.798 12.513
0.5617 12.865 12.915 12.84 12.647 12.505 12.365 12.726 12.625 12.502 12.36 12.22 12.071 12.63 12.457 12.285 12.164 12.054 12.393 12.251 12.131 12.032 11.864 12.287 12.383 12.23 11.842 11.673 11.482 12.197
0.5753 12.55 12.599 12.524 12.331 12.189 12.05 12.411 12.309 12.187 12.045 11.904 11.756 12.314 12.142 11.97 11.849 11.738 12.078 11.935 11.815 11.716 11.548 11.972 12.067 11.914 11.526 11.357 11.167 11.882
0.5891 12.234 12.284 12.209 12.016 11.874 11.734 12.095 11.994 11.871 11.729 11.589 11.44 11.999 11.826 11.654 11.533 11.423 11.762 11.62 11.5 11.401 11.233 11.656 11.752 11.599 11.211 11.042 10.851 11.566
0.6034 11.919 11.968 11.893 11.701 11.558 11.419 11.78 11.678 11.556 11.414 11.273 11.125 11.683 11.511 11.339 11.218 11.107 11.447 11.304 11.184 11.085 10.917 11.341 11.436 11.283 10.895 10.726 10.536 11.251
0.6179 11.701 11.75 11.676 11.483 11.34 11.201 11.562 11.46 11.338 11.196 11.055 10.907 11.465 11.293 11.121 11.0 10.889 11.229 11.086 10.966 10.867 10.699 11.123 11.218 11.065 10.678 10.508 10.318 11.033
0.6328 11.564 11.614 11.539 11.346 11.203 11.064 11.425 11.323 11.201 11.059 10.919 10.77 11.328 11.156 10.984 10.863 10.753 11.092 10.949 10.83 10.731 10.562 10.986 11.081 10.929 10.541 10.371 10.181 10.896
0.6481 11.427 11.477 11.402 11.209 11.066 10.927 11.288 11.187 11.064 10.922 10.782 10.633 11.192 11.019 10.847 10.726 10.616 10.955 10.813 10.693 10.594 10.426 10.849 10.945 10.792 10.404 10.234 10.044 10.759
0.6637 11.29 11.34 11.265 11.072 10.93 10.791 11.151 11.05 10.927 10.785 10.645 10.496 11.055 10.882 10.71 10.59 10.479 10.818 10.676 10.556 10.457 10.289 10.713 10.808 10.655 10.267 10.098 9.907 10.622
0.6797 11.154 11.203 11.128 10.935 10.793 10.654 11.014 10.913 10.79 10.649 10.508 10.359 10.918 10.745 10.573 10.453 10.342 10.682 10.539 10.419 10.32 10.152 10.576 10.671 10.518 10.13 9.961 9.77 10.485
0.6961 11.017 11.066 10.991 10.798 10.656 10.517 10.878 10.776 10.654 10.512 10.371 10.223 10.781 10.608 10.437 10.316 10.205 10.545 10.402 10.282 10.183 10.015 10.439 10.534 10.381 9.993 9.824 9.634 10.349
0.7129 10.88 10.929 10.855 10.662 10.519 10.38 10.741 10.639 10.517 10.375 10.234 10.086 10.644 10.472 10.3 10.179 10.068 10.408 10.265 10.145 10.046 9.878 10.302 10.397 10.244 9.856 9.687 9.497 10.212
0.7301 10.743 10.793 10.718 10.525 10.382 10.243 10.604 10.502 10.38 10.238 10.098 9.949 10.507 10.335 10.163 10.042 9.932 10.271 10.128 10.009 9.91 9.741 10.165 10.26 10.108 9.72 9.55 9.36 10.075
0.7477 10.606 10.656 10.581 10.388 10.245 10.106 10.467 10.365 10.243 10.101 9.961 9.812 10.371 10.198 10.026 9.905 9.795 10.134 9.992 9.872 9.773 9.604 10.028 10.124 9.971 9.583 9.413 9.223 9.938
0.7658 10.469 10.519 10.444 10.251 10.109 9.969 10.33 10.229 10.106 9.964 9.824 9.675 10.234 10.061 9.889 9.769 9.658 9.997 9.855 9.735 9.636 9.468 9.892 9.987 9.834 9.446 9.277 9.086 9.801
0.7842 10.372 10.421 10.346 10.153 10.011 9.872 10.232 10.131 10.008 9.867 9.726 9.577 10.136 9.963 9.791 9.671 9.56 9.9 9.757 9.637 9.538 9.37 9.794 9.889 9.736 9.348 9.179 8.988 9.703
0.8032 10.291 10.341 10.266 10.073 9.931 9.791 10.152 10.051 9.928 9.786 9.646 9.497 10.056 9.883 9.711 9.591 9.48 9.819 9.677 9.557 9.458 9.29 9.713 9.809 9.656 9.268 9.099 8.908 9.623
0.8225 10.211 10.261 10.186 9.993 9.85 9.711 10.072 9.97 9.848 9.706 9.566 9.417 9.975 9.803 9.631 9.51 9.4 9.739 9.597 9.477 9.378 9.209 9.633 9.728 9.576 9.188 9.018 8.828 9.543
0.8424 10.131 10.18 10.105 9.913 9.77 9.631 9.992 9.89 9.768 9.626 9.485 9.337 9.895 9.723 9.551 9.43 9.319 9.659 9.516 9.396 9.297 9.129 9.553 9.648 9.495 9.107 8.938 8.748 9.463
0.8627 10.051 10.1 10.025 9.832 9.69 9.551 9.912 9.81 9.687 9.546 9.405 9.257 9.815 9.642 9.471 9.35 9.239 9.579 9.436 9.316 9.217 9.049 9.473 9.568 9.415 9.027 8.858 8.668 9.383
0.8835 9.97 10.02 9.945 9.752 9.61 9.471 9.831 9.73 9.607 9.465 9.325 9.176 9.735 9.562 9.39 9.27 9.159 9.498 9.356 9.236 9.137 8.969 9.393 9.488 9.335 8.947 8.778 8.587 9.302
0.9048 9.89 9.94 9.865 9.672 9.529 9.39 9.751 9.649 9.527 9.385 9.245 9.096 9.655 9.482 9.31 9.189 9.079 9.418 9.276 9.156 9.057 8.888 9.312 9.408 9.255 8.867 8.697 8.507 9.222
0.9266 9.81 9.859 9.785 9.592 9.449 9.31 9.671 9.569 9.447 9.305 9.164 9.016 9.574 9.402 9.23 9.109 8.999 9.338 9.195 9.076 8.977 8.808 9.232 9.327 9.175 8.787 8.617 8.427 9.142
0.949 9.73 9.779 9.704 9.511 9.369 9.23 9.591 9.489 9.367 9.225 9.084 8.936 9.494 9.321 9.15 9.029 8.918 9.258 9.115 8.995 8.896 8.728 9.152 9.247 9.094 8.706 8.537 8.347 9.062
0.9719 9.65 9.699 9.624 9.431 9.289 9.15 9.51 9.409 9.286 9.145 9.004 8.855 9.414 9.241 9.069 8.949 8.838 9.178 9.035 8.915 8.816 8.648 9.072 9.167 9.014 8.626 8.457 8.266 8.981
0.9953 9.59 9.639 9.565 9.372 9.229 9.09 9.451 9.349 9.227 9.085 8.945 8.796 9.354 9.182 9.01 8.889 8.779 9.118 8.975 8.856 8.757 8.588 9.012 9.107 8.955 8.567 8.397 8.207 8.922
1.0194 9.535 9.584 9.509 9.316 9.174 9.035 9.396 9.294 9.172 9.03 8.889 8.741 9.299 9.126 8.955 8.834 8.723 9.063 8.92 8.8 8.701 8.533 8.957 9.052 8.899 8.511 8.342 8.152 8.867
1.0439 9.479 9.529 9.454 9.261 9.119 8.979 9.34 9.239 9.116 8.974 8.834 8.685 9.244 9.071 8.899 8.778 8.668 9.007 8.865 8.745 8.646 8.478 8.901 8.997 8.844 8.456 8.287 8.096 8.811
1.0691 9.424 9.473 9.399 9.206 9.063 8.924 9.285 9.183 9.061 8.919 8.778 8.63 9.188 9.016 8.844 8.723 8.613 8.952 8.809 8.69 8.591 8.422 8.846 8.941 8.789 8.401 8.231 8.041 8.756
1.0949 9.369 9.418 9.343 9.15 9.008 8.869 9.23 9.128 9.005 8.864 8.723 8.575 9.133 8.96 8.789 8.668 8.557 8.897 8.754 8.634 8.535 8.367 8.791 8.886 8.733 8.345 8.176 7.986 8.701
1.1213 9.313 9.363 9.288 9.095 8.953 8.813 9.174 9.073 8.95 8.808 8.668 8.519 9.078 8.905 8.733 8.612 8.502 8.841 8.699 8.579 8.48 8.312 8.735 8.831 8.678 8.29 8.121 7.93 8.645
1.1484 9.258 9.307 9.233 9.04 8.897 8.758 9.119 9.017 8.895 8.753 8.612 8.464 9.022 8.85 8.678 8.557 8.446 8.786 8.643 8.524 8.424 8.256 8.68 8.775 8.622 8.235 8.065 7.875 8.59
1.1761 9.203 9.252 9.177 8.984 8.842 8.703 9.064 8.962 8.839 8.698 8.557 8.409 8.967 8.794 8.622 8.502 8.391 8.731 8.588 8.468 8.369 8.201 8.625 8.72 8.567 8.179 8.01 7.819 8.534
1.2044 9.147 9.197 9.122 8.929 8.786 8.647 9.008 8.907 8.784 8.642 8.502 8.353 8.912 8.739 8.567 8.446 8.336 8.675 8.533 8.413 8.314 8.146 8.569 8.665 8.512 8.124 7.954 7.764 8.479
1.2335 9.092 9.141 9.067 8.874 8.731 8.592 8.953 8.851 8.729 8.587 8.446 8.298 8.856 8.684 8.512 8.391 8.28 8.62 8.477 8.357 8.258 8.09 8.514 8.609 8.456 8.068 7.899 7.709 8.424
1.2633 9.015 9.064 8.99 8.797 8.654 8.515 8.876 8.774 8.652 8.51 8.369 8.221 8.779 8.607 8.435 8.314 8.203 8.543 8.4 8.28 8.181 8.013 8.437 8.532 8.379 7.991 7.822 7.632 8.347
1.2937 8.937 8.987 8.912 8.719 8.577 8.438 8.798 8.697 8.574 8.432 8.292 8.143 8.702 8.529 8.357 8.237 8.126 8.465 8.323 8.203 8.104 7.936 8.36 8.455 8.302 7.914 7.745 7.554 8.269
1.3249 8.86 8.909 8.834 8.642 8.499 8.36 8.721 8.619 8.497 8.355 8.214 8.066 8.624 8.452 8.28 8.159 8.048 8.388 8.245 8.125 8.026 7.858 8.282 8.377 8.224 7.836 7.667 7.477 8.192
1.3569 8.782 8.832 8.757 8.564 8.422 8.282 8.643 8.542 8.419 8.277 8.137 7.988 8.547 8.374 8.202 8.081 7.971 8.31 8.168 8.048 7.949 7.781 8.204 8.3 8.147 7.759 7.59 7.399 8.114
1.3896 8.705 8.754 8.679 8.486 8.344 8.205 8.566 8.464 8.342 8.2 8.059 7.911 8.469 8.296 8.125 8.004 7.893 8.233 8.09 7.97 7.871 7.703 8.127 8.222 8.069 7.681 7.512 7.322 8.037
