web/models/grb/offaxis/19/grb_0.2967_268.2696_0.0398107.dat
# %ECSV 1.0
# ---
# datatype:
# - {name: time, datatype: float64}
# - {name: swift_uvot_uvw2, datatype: float64}
# - {name: swift_uvot_uvm2, datatype: float64}
# - {name: swift_uvot_uvw1, datatype: float64}
# - {name: swift_uvot_U, datatype: float64}
# - {name: swift_uvot_B, datatype: float64}
# - {name: swift_uvot_V, datatype: float64}
# - {name: swift_uvot_W, datatype: float64}
# - {name: johnson_U, datatype: float64}
# - {name: johnson_B, datatype: float64}
# - {name: johnson_V, datatype: float64}
# - {name: johnson_R, datatype: float64}
# - {name: johnson_I, datatype: float64}
# - {name: sdss_u, datatype: float64}
# - {name: sdss_g, datatype: float64}
# - {name: sdss_r, datatype: float64}
# - {name: sdss_i, datatype: float64}
# - {name: sdss_z, datatype: float64}
# - {name: PS1_g, datatype: float64}
# - {name: PS1_r, datatype: float64}
# - {name: PS1_i, datatype: float64}
# - {name: PS1_z, datatype: float64}
# - {name: PS1_Y, datatype: float64}
# - {name: ukirt_J, datatype: float64}
# - {name: ukirt_H, datatype: float64}
# - {name: ukirt_K, datatype: float64}
# meta: !!omap
# - comment: [E = 0.11641960487160355, Eta0 = 8.02, GammaB = 12.0, dL = 0.012188, epsb = 6.760829753919819e-06, epse = 0.1, n = 0.03981071705534969,
#     p = 2.15, theta_obs = 0.29670597283903605, xiN = 1.0, z = 0.0, type = grb, E_kiso = 268.2695795279727]
# schema: astropy-2.0
time swift_uvot_uvw2 swift_uvot_uvm2 swift_uvot_uvw1 swift_uvot_U swift_uvot_B swift_uvot_V swift_uvot_W johnson_U johnson_B johnson_V johnson_R johnson_I sdss_u sdss_g sdss_r sdss_i sdss_z PS1_g PS1_r PS1_i PS1_z PS1_Y ukirt_J ukirt_H ukirt_K
[from data line 187]
0.8627 -4.299 -4.25 -4.324 -4.517 -4.66 -4.799 -4.438 -4.54 -4.662 -4.804 -4.944 -5.093 -4.535 -4.707 -4.879 -5.0 -5.11 -4.771 -4.914 -5.033 -5.132 -5.301 -5.322 -5.492 -5.682
0.8835 -4.312 -4.263 -4.337 -4.53 -4.673 -4.812 -4.451 -4.553 -4.675 -4.817 -4.958 -5.106 -4.548 -4.72 -4.892 -5.013 -5.123 -4.784 -4.927 -5.046 -5.145 -5.314 -5.335 -5.505 -5.695
0.9048 -4.325 -4.276 -4.35 -4.543 -4.686 -4.825 -4.464 -4.566 -4.688 -4.83 -4.971 -5.119 -4.561 -4.733 -4.905 -5.026 -5.137 -4.797 -4.94 -5.06 -5.159 -5.327 -5.349 -5.518 -5.708
0.9266 -4.338 -4.289 -4.364 -4.557 -4.699 -4.838 -4.477 -4.579 -4.701 -4.843 -4.984 -5.132 -4.574 -4.746 -4.918 -5.039 -5.15 -4.81 -4.953 -5.073 -5.172 -5.34 -5.362 -5.531 -5.721
0.949 -4.351 -4.302 -4.377 -4.57 -4.712 -4.851 -4.49 -4.592 -4.714 -4.856 -4.997 -5.145 -4.587 -4.76 -4.931 -5.052 -5.163 -4.823 -4.966 -5.086 -5.185 -5.353 -5.375 -5.544 -5.734
0.9719 -4.364 -4.315 -4.39 -4.583 -4.725 -4.864 -4.503 -4.605 -4.727 -4.869 -5.01 -5.158 -4.6 -4.773 -4.944 -5.065 -5.176 -4.836 -4.979 -5.099 -5.198 -5.366 -5.388 -5.557 -5.747
0.9953 -4.379 -4.33 -4.405 -4.598 -4.74 -4.879 -4.518 -4.62 -4.743 -4.884 -5.025 -5.173 -4.615 -4.788 -4.96 -5.08 -5.191 -4.851 -4.994 -5.114 -5.213 -5.381 -5.403 -5.572 -5.762
1.0194 -4.396 -4.347 -4.421 -4.614 -4.757 -4.896 -4.535 -4.637 -4.759 -4.901 -5.042 -5.19 -4.632 -4.804 -4.976 -5.097 -5.207 -4.868 -5.011 -5.13 -5.229 -5.398 -5.419 -5.589 -5.779
1.0439 -4.413 -4.363 -4.438 -4.631 -4.773 -4.913 -4.552 -4.653 -4.776 -4.918 -5.058 -5.207 -4.648 -4.821 -4.993 -5.113 -5.224 -4.885 -5.027 -5.147 -5.246 -5.414 -5.436 -5.605 -5.796
1.0691 -4.429 -4.38 -4.455 -4.648 -4.79 -4.929 -4.568 -4.67 -4.792 -4.934 -5.075 -5.223 -4.665 -4.838 -5.009 -5.13 -5.241 -4.901 -5.044 -5.164 -5.263 -5.431 -5.453 -5.622 -5.812
1.0949 -4.446 -4.396 -4.471 -4.664 -4.807 -4.946 -4.585 -4.687 -4.809 -4.951 -5.091 -5.24 -4.682 -4.854 -5.026 -5.147 -5.257 -4.918 -5.06 -5.18 -5.279 -5.448 -5.469 -5.639 -5.829
1.1213 -4.462 -4.413 -4.488 -4.681 -4.823 -4.962 -4.602 -4.703 -4.826 -4.968 -5.108 -5.257 -4.698 -4.871 -5.043 -5.163 -5.274 -4.935 -5.077 -5.197 -5.296 -5.464 -5.486 -5.655 -5.846
1.1484 -4.479 -4.43 -4.504 -4.697 -4.84 -4.979 -4.618 -4.72 -4.842 -4.984 -5.125 -5.273 -4.715 -4.887 -5.059 -5.18 -5.291 -4.951 -5.094 -5.214 -5.313 -5.481 -5.503 -5.672 -5.862
1.1761 -4.496 -4.446 -4.521 -4.714 -4.856 -4.996 -4.635 -4.736 -4.859 -5.001 -5.141 -5.29 -4.731 -4.904 -5.076 -5.197 -5.307 -4.968 -5.11 -5.23 -5.329 -5.497 -5.519 -5.688 -5.879
1.2044 -4.512 -4.463 -4.538 -4.731 -4.873 -5.012 -4.651 -4.753 -4.876 -5.017 -5.158 -5.306 -4.748 -4.921 -5.092 -5.213 -5.324 -4.984 -5.127 -5.247 -5.346 -5.514 -5.536 -5.705 -5.895
1.2335 -4.529 -4.48 -4.554 -4.747 -4.89 -5.029 -4.668 -4.77 -4.892 -5.034 -5.174 -5.323 -4.765 -4.937 -5.109 -5.23 -5.34 -5.001 -5.144 -5.263 -5.362 -5.531 -5.552 -5.722 -5.912
1.2633 -4.543 -4.494 -4.569 -4.762 -4.904 -5.043 -4.682 -4.784 -4.906 -5.048 -5.189 -5.337 -4.779 -4.952 -5.123 -5.244 -5.355 -5.015 -5.158 -5.278 -5.377 -5.545 -5.567 -5.736 -5.926
1.2937 -4.557 -4.507 -4.582 -4.775 -4.917 -5.057 -4.696 -4.797 -4.92 -5.062 -5.202 -5.351 -4.792 -4.965 -5.137 -5.257 -5.368 -5.029 -5.171 -5.291 -5.39 -5.558 -5.58 -5.749 -5.94
1.3249 -4.57 -4.521 -4.595 -4.788 -4.931 -5.07 -4.709 -4.811 -4.933 -5.075 -5.216 -5.364 -4.806 -4.978 -5.15 -5.271 -5.381 -5.042 -5.185 -5.304 -5.403 -5.572 -5.593 -5.763 -5.953
1.3569 -4.583 -4.534 -4.609 -4.802 -4.944 -5.083 -4.722 -4.824 -4.947 -5.088 -5.229 -5.377 -4.819 -4.992 -5.164 -5.284 -5.395 -5.055 -5.198 -5.318 -5.417 -5.585 -5.607 -5.776 -5.966
1.3896 -4.597 -4.547 -4.622 -4.815 -4.958 -5.097 -4.736 -4.837 -4.96 -5.102 -5.242 -5.391 -4.832 -5.005 -5.177 -5.298 -5.408 -5.069 -5.211 -5.331 -5.43 -5.598 -5.62 -5.79 -5.98
1.4232 -4.61 -4.561 -4.636 -4.828 -4.971 -5.11 -4.749 -4.851 -4.973 -5.115 -5.256 -5.404 -4.846 -5.018 -5.19 -5.311 -5.422 -5.082 -5.225 -5.345 -5.444 -5.612 -5.634 -5.803 -5.993
1.4575 -4.624 -4.574 -4.649 -4.842 -4.984 -5.123 -4.763 -4.864 -4.987 -5.129 -5.269 -5.418 -4.859 -5.032 -5.204 -5.324 -5.435 -5.096 -5.238 -5.358 -5.457 -5.625 -5.647 -5.816 -6.007
1.4927 -4.637 -4.587 -4.662 -4.855 -4.998 -5.137 -4.776 -4.878 -5.0 -5.142 -5.282 -5.431 -4.873 -5.045 -5.217 -5.338 -5.448 -5.109 -5.251 -5.371 -5.47 -5.639 -5.66 -5.83 -6.02
1.5287 -4.65 -4.601 -4.676 -4.869 -5.011 -5.15 -4.789 -4.891 -5.013 -5.155 -5.296 -5.444 -4.886 -5.059 -5.23 -5.351 -5.462 -5.122 -5.265 -5.385 -5.484 -5.652 -5.674 -5.843 -6.033
1.5655 -4.664 -4.614 -4.689 -4.882 -5.024 -5.164 -4.803 -4.904 -5.027 -5.169 -5.309 -5.458 -4.899 -5.072 -5.244 -5.364 -5.475 -5.136 -5.278 -5.398 -5.497 -5.665 -5.687 -5.856 -6.047
1.6033 -4.679 -4.63 -4.705 -4.898 -5.04 -5.179 -4.818 -4.92 -5.042 -5.184 -5.325 -5.473 -4.915 -5.088 -5.259 -5.38 -5.491 -5.151 -5.294 -5.414 -5.513 -5.681 -5.703 -5.872 -6.062
1.642 -4.695 -4.646 -4.721 -4.914 -5.056 -5.195 -4.835 -4.936 -5.059 -5.2 -5.341 -5.49 -4.931 -5.104 -5.276 -5.396 -5.507 -5.167 -5.31 -5.43 -5.529 -5.697 -5.719 -5.888 -6.079
1.6816 -4.712 -4.662 -4.737 -4.93 -5.072 -5.211 -4.851 -4.952 -5.075 -5.217 -5.357 -5.506 -4.947 -5.12 -5.292 -5.412 -5.523 -5.184 -5.326 -5.446 -5.545 -5.713 -5.735 -5.904 -6.095
1.7222 -4.728 -4.678 -4.753 -4.946 -5.088 -5.228 -4.867 -4.968 -5.091 -5.233 -5.373 -5.522 -4.963 -5.136 -5.308 -5.428 -5.539 -5.2 -5.342 -5.462 -5.561 -5.729 -5.751 -5.92 -6.111
1.7637 -4.744 -4.694 -4.769 -4.962 -5.104 -5.244 -4.883 -4.984 -5.107 -5.249 -5.389 -5.538 -4.979 -5.152 -5.324 -5.445 -5.555 -5.216 -5.358 -5.478 -5.577 -5.745 -5.767 -5.936 -6.127
1.8062 -4.76 -4.71 -4.785 -4.978 -5.121 -5.26 -4.899 -5.001 -5.123 -5.265 -5.405 -5.554 -4.996 -5.168 -5.34 -5.461 -5.571 -5.232 -5.374 -5.494 -5.593 -5.762 -5.783 -5.953 -6.143
1.8498 -4.776 -4.726 -4.801 -4.994 -5.137 -5.276 -4.915 -5.017 -5.139 -5.281 -5.421 -5.57 -5.012 -5.184 -5.356 -5.477 -5.587 -5.248 -5.391 -5.51 -5.609 -5.778 -5.799 -5.969 -6.159
1.8944 -4.792 -4.743 -4.817 -5.01 -5.153 -5.292 -4.931 -5.033 -5.155 -5.297 -5.438 -5.586 -5.028 -5.2 -5.372 -5.493 -5.604 -5.264 -5.407 -5.526 -5.625 -5.794 -5.815 -5.985 -6.175
1.9401 -4.808 -4.759 -4.834 -5.026 -5.169 -5.308 -4.947 -5.049 -5.171 -5.313 -5.454 -5.602 -5.044 -5.216 -5.388 -5.509 -5.62 -5.28 -5.423 -5.543 -5.642 -5.81 -5.832 -6.001 -6.191
1.9869 -4.824 -4.775 -4.85 -5.043 -5.185 -5.324 -4.963 -5.065 -5.187 -5.329 -5.47 -5.618 -5.06 -5.233 -5.404 -5.525 -5.636 -5.296 -5.439 -5.559 -5.658 -5.826 -5.848 -6.017 -6.207
2.0349 -4.837 -4.787 -4.862 -5.055 -5.198 -5.337 -4.976 -5.077 -5.2 -5.342 -5.482 -5.631 -5.072 -5.245 -5.417 -5.538 -5.648 -5.309 -5.451 -5.571 -5.67 -5.838 -5.86 -6.03 -6.22
2.084 -4.849 -4.8 -4.875 -5.068 -5.21 -5.349 -4.988 -5.09 -5.212 -5.354 -5.495 -5.643 -5.085 -5.258 -5.429 -5.55 -5.661 -5.321 -5.464 -5.584 -5.683 -5.851 -5.873 -6.042 -6.232
2.1342 -4.862 -4.812 -4.887 -5.08 -5.223 -5.362 -5.001 -5.103 -5.225 -5.367 -5.507 -5.656 -5.097 -5.27 -5.442 -5.563 -5.673 -5.334 -5.476 -5.596 -5.695 -5.864 -5.885 -6.055 -6.245
2.1857 -4.874 -4.825 -4.9 -5.093 -5.235 -5.374 -5.013 -5.115 -5.237 -5.379 -5.52 -5.668 -5.11 -5.283 -5.454 -5.575 -5.686 -5.346 -5.489 -5.609 -5.708 -5.876 -5.898 -6.067 -6.257
2.2384 -4.887 -4.837 -4.912 -5.105 -5.248 -5.387 -5.026 -5.128 -5.25 -5.392 -5.532 -5.681 -5.123 -5.295 -5.467 -5.588 -5.698 -5.359 -5.501 -5.621 -5.72 -5.889 -5.91 -6.08 -6.27
2.2924 -4.899 -4.85 -4.925 -5.118 -5.26 -5.399 -5.038 -5.14 -5.263 -5.404 -5.545 -5.693 -5.135 -5.308 -5.479 -5.6 -5.711 -5.371 -5.514 -5.634 -5.733 -5.901 -5.923 -6.092 -6.282
2.3477 -4.912 -4.862 -4.937 -5.13 -5.273 -5.412 -5.051 -5.153 -5.275 -5.417 -5.557 -5.706 -5.148 -5.32 -5.492 -5.613 -5.723 -5.384 -5.526 -5.646 -5.745 -5.914 -5.935 -6.105 -6.295
2.4044 -4.924 -4.875 -4.95 -5.143 -5.285 -5.424 -5.063 -5.165 -5.288 -5.429 -5.57 -5.718 -5.16 -5.333 -5.505 -5.625 -5.736 -5.396 -5.539 -5.659 -5.758 -5.926 -5.948 -6.117 -6.307
2.4624 -4.937 -4.887 -4.962 -5.155 -5.298 -5.437 -5.076 -5.178 -5.3 -5.442 -5.582 -5.731 -5.173 -5.345 -5.517 -5.638 -5.748 -5.409 -5.551 -5.671 -5.77 -5.939 -5.96 -6.13 -6.32
2.5218 -4.949 -4.899 -4.974 -5.167 -5.309 -5.449 -5.088 -5.189 -5.312 -5.454 -5.594 -5.743 -5.184 -5.357 -5.529 -5.649 -5.76 -5.421 -5.563 -5.683 -5.782 -5.95 -5.972 -6.141 -6.332
2.5826 -4.956 -4.906 -4.981 -5.174 -5.317 -5.456 -5.095 -5.197 -5.319 -5.461 -5.601 -5.75 -5.192 -5.364 -5.536 -5.657 -5.767 -5.428 -5.57 -5.69 -5.789 -5.958 -5.979 -6.149 -6.339
2.6449 -4.963 -4.914 -4.988 -5.181 -5.324 -5.463 -5.102 -5.204 -5.326 -5.468 -5.609 -5.757 -5.199 -5.371 -5.543 -5.664 -5.775 -5.435 -5.578 -5.698 -5.797 -5.965 -5.987 -6.156 -6.346
2.7087 -4.97 -4.921 -4.996 -5.189 -5.331 -5.47 -5.109 -5.211 -5.333 -5.475 -5.616 -5.764 -5.206 -5.379 -5.55 -5.671 -5.782 -5.442 -5.585 -5.705 -5.804 -5.972 -5.994 -6.163 -6.353
2.7741 -4.978 -4.928 -5.003 -5.196 -5.338 -5.477 -5.117 -5.218 -5.341 -5.483 -5.623 -5.772 -5.213 -5.386 -5.558 -5.678 -5.789 -5.45 -5.592 -5.712 -5.811 -5.979 -6.001 -6.17 -6.361
2.841 -4.985 -4.935 -5.01 -5.203 -5.345 -5.485 -5.124 -5.225 -5.348 -5.49 -5.63 -5.779 -5.22 -5.393 -5.565 -5.686 -5.796 -5.457 -5.599 -5.719 -5.818 -5.986 -6.008 -6.177 -6.368
2.9095 -4.992 -4.942 -5.017 -5.21 -5.353 -5.492 -5.131 -5.233 -5.355 -5.497 -5.637 -5.786 -5.228 -5.4 -5.572 -5.693 -5.803 -5.464 -5.607 -5.726 -5.825 -5.994 -6.015 -6.185 -6.375
2.9797 -4.999 -4.95 -5.025 -5.218 -5.36 -5.499 -5.138 -5.24 -5.362 -5.504 -5.645 -5.793 -5.235 -5.407 -5.579 -5.7 -5.811 -5.471 -5.614 -5.734 -5.833 -6.001 -6.023 -6.192 -6.382
3.0516 -5.006 -4.957 -5.032 -5.225 -5.367 -5.506 -5.145 -5.247 -5.37 -5.511 -5.652 -5.8 -5.242 -5.415 -5.586 -5.707 -5.818 -5.478 -5.621 -5.741 -5.84 -6.008 -6.03 -6.199 -6.389
3.1252 -5.014 -4.964 -5.039 -5.232 -5.374 -5.513 -5.153 -5.254 -5.377 -5.519 -5.659 -5.808 -5.249 -5.422 -5.594 -5.714 -5.825 -5.486 -5.628 -5.748 -5.847 -6.015 -6.037 -6.206 -6.397
3.2006 -5.022 -4.973 -5.048 -5.241 -5.383 -5.522 -5.161 -5.263 -5.385 -5.527 -5.668 -5.816 -5.258 -5.431 -5.602 -5.723 -5.834 -5.494 -5.637 -5.757 -5.856 -6.024 -6.046 -6.215 -6.405
3.2778 -5.034 -4.985 -5.06 -5.253 -5.395 -5.534 -5.174 -5.275 -5.398 -5.54 -5.68 -5.829 -5.27 -5.443 -5.615 -5.735 -5.846 -5.507 -5.649 -5.769 -5.868 -6.036 -6.058 -6.227 -6.418
3.3569 -5.047 -4.997 -5.072 -5.265 -5.407 -5.547 -5.186 -5.287 -5.41 -5.552 -5.692 -5.841 -5.282 -5.455 -5.627 -5.748 -5.858 -5.519 -5.661 -5.781 -5.88 -6.048 -6.07 -6.239 -6.43
3.4378 -5.059 -5.01 -5.084 -5.277 -5.42 -5.559 -5.198 -5.3 -5.422 -5.564 -5.704 -5.853 -5.295 -5.467 -5.639 -5.76 -5.87 -5.531 -5.674 -5.793 -5.892 -6.061 -6.082 -6.252 -6.442
3.5208 -5.071 -5.022 -5.097 -5.29 -5.432 -5.571 -5.21 -5.312 -5.434 -5.576 -5.717 -5.865 -5.307 -5.48 -5.651 -5.772 -5.883 -5.543 -5.686 -5.806 -5.905 -6.073 -6.095 -6.264 -6.454
3.6057 -5.083 -5.034 -5.109 -5.302 -5.444 -5.583 -5.223 -5.324 -5.447 -5.588 -5.729 -5.878 -5.319 -5.492 -5.664 -5.784 -5.895 -5.556 -5.698 -5.818 -5.917 -6.085 -6.107 -6.276 -6.467
3.6927 -5.096 -5.046 -5.121 -5.314 -5.456 -5.596 -5.235 -5.336 -5.459 -5.601 -5.741 -5.89 -5.331 -5.504 -5.676 -5.797 -5.907 -5.568 -5.71 -5.83 -5.929 -6.097 -6.119 -6.288 -6.479
3.7818 -5.108 -5.059 -5.133 -5.326 -5.469 -5.608 -5.247 -5.349 -5.471 -5.613 -5.753 -5.902 -5.344 -5.516 -5.688 -5.809 -5.919 -5.58 -5.723 -5.842 -5.941 -6.11 -6.131 -6.301 -6.491
3.873 -5.12 -5.071 -5.146 -5.339 -5.481 -5.62 -5.259 -5.361 -5.483 -5.625 -5.766 -5.914 -5.356 -5.528 -5.7 -5.821 -5.932 -5.592 -5.735 -5.855 -5.954 -6.122 -6.144 -6.313 -6.503
3.9664 -5.132 -5.083 -5.158 -5.351 -5.493 -5.632 -5.272 -5.373 -5.496 -5.637 -5.778 -5.927 -5.368 -5.541 -5.713 -5.833 -5.944 -5.604 -5.747 -5.867 -5.966 -6.134 -6.156 -6.325 -6.516
4.0621 -5.143 -5.093 -5.168 -5.361 -5.503 -5.642 -5.282 -5.383 -5.506 -5.648 -5.788 -5.937 -5.378 -5.551 -5.723 -5.843 -5.954 -5.615 -5.757 -5.877 -5.976 -6.144 -6.166 -6.335 -6.526
4.1601 -5.15 -5.1 -5.175 -5.368 -5.51 -5.65 -5.289 -5.39 -5.513 -5.655 -5.795 -5.944 -5.385 -5.558 -5.73 -5.85 -5.961 -5.622 -5.764 -5.884 -5.983 -6.151 -6.173 -6.342 -6.533
4.2604 -5.157 -5.107 -5.182 -5.375 -5.518 -5.657 -5.296 -5.397 -5.52 -5.662 -5.802 -5.951 -5.392 -5.565 -5.737 -5.858 -5.968 -5.629 -5.771 -5.891 -5.99 -6.158 -6.18 -6.35 -6.54
4.3632 -5.164 -5.114 -5.189 -5.382 -5.525 -5.664 -5.303 -5.405 -5.527 -5.669 -5.809 -5.958 -5.4 -5.572 -5.744 -5.865 -5.975 -5.636 -5.778 -5.898 -5.997 -6.166 -6.187 -6.357 -6.547
4.4685 -5.171 -5.122 -5.196 -5.389 -5.532 -5.671 -5.31 -5.412 -5.534 -5.676 -5.817 -5.965 -5.407 -5.579 -5.751 -5.872 -5.982 -5.643 -5.786 -5.905 -6.004 -6.173 -6.194 -6.364 -6.554
4.5763 -5.178 -5.129 -5.204 -5.396 -5.539 -5.678 -5.317 -5.419 -5.541 -5.683 -5.824 -5.972 -5.414 -5.586 -5.758 -5.879 -5.99 -5.65 -5.793 -5.913 -6.012 -6.18 -6.202 -6.371 -6.561
4.6867 -5.185 -5.136 -5.211 -5.404 -5.546 -5.685 -5.324 -5.426 -5.548 -5.69 -5.831 -5.979 -5.421 -5.594 -5.765 -5.886 -5.997 -5.657 -5.8 -5.92 -6.019 -6.187 -6.209 -6.378 -6.568
4.7997 -5.192 -5.143 -5.218 -5.411 -5.553 -5.692 -5.331 -5.433 -5.556 -5.697 -5.838 -5.986 -5.428 -5.601 -5.773 -5.893 -6.004 -5.664 -5.807 -5.927 -6.026 -6.194 -6.216 -6.385 -6.575
4.9155 -5.199 -5.15 -5.225 -5.418 -5.56 -5.699 -5.339 -5.44 -5.563 -5.705 -5.845 -5.994 -5.435 -5.608 -5.78 -5.9 -6.011 -5.672 -5.814 -5.934 -6.033 -6.201 -6.223 -6.392 -6.583
5.0341 -5.207 -5.157 -5.232 -5.425 -5.567 -5.706 -5.346 -5.447 -5.57 -5.712 -5.852 -6.001 -5.442 -5.615 -5.787 -5.907 -6.018 -5.679 -5.821 -5.941 -6.04 -6.208 -6.23 -6.399 -6.59
5.1555 -5.211 -5.162 -5.237 -5.429 -5.572 -5.711 -5.35 -5.452 -5.574 -5.716 -5.857 -6.005 -5.447 -5.619 -5.791 -5.912 -6.023 -5.683 -5.826 -5.946 -6.045 -6.213 -6.235 -6.404 -6.594
5.2799 -5.214 -5.164 -5.239 -5.432 -5.574 -5.714 -5.353 -5.454 -5.577 -5.719 -5.859 -6.008 -5.449 -5.622 -5.794 -5.915 -6.025 -5.686 -5.828 -5.948 -6.047 -6.215 -6.237 -6.406 -6.597
5.4072 -5.216 -5.167 -5.242 -5.435 -5.577 -5.716 -5.355 -5.457 -5.579 -5.721 -5.862 -6.01 -5.452 -5.625 -5.796 -5.917 -6.028 -5.688 -5.831 -5.951 -6.05 -6.218 -6.24 -6.409 -6.599
5.5377 -5.219 -5.169 -5.244 -5.437 -5.58 -5.719 -5.358 -5.46 -5.582 -5.724 -5.864 -6.013 -5.454 -5.627 -5.799 -5.92 -6.03 -5.691 -5.833 -5.953 -6.052 -6.221 -6.242 -6.412 -6.602
5.6713 -5.221 -5.172 -5.247 -5.44 -5.582 -5.721 -5.36 -5.462 -5.584 -5.726 -5.867 -6.015 -5.457 -5.63 -5.801 -5.922 -6.033 -5.693 -5.836 -5.956 -6.055 -6.223 -6.245 -6.414 -6.604
5.8081 -5.224 -5.174 -5.249 -5.442 -5.585 -5.724 -5.363 -5.465 -5.587 -5.729 -5.869 -6.018 -5.46 -5.632 -5.804 -5.925 -6.035 -5.696 -5.838 -5.958 -6.057 -6.226 -6.247 -6.417 -6.607
5.9482 -5.226 -5.177 -5.252 -5.445 -5.587 -5.726 -5.366 -5.467 -5.59 -5.731 -5.872 -6.021 -5.462 -5.635 -5.807 -5.927 -6.038 -5.698 -5.841 -5.961 -6.06 -6.228 -6.25 -6.419 -6.61
6.0917 -5.229 -5.18 -5.254 -5.447 -5.59 -5.729 -5.368 -5.47 -5.592 -5.734 -5.875 -6.023 -5.465 -5.637 -5.809 -5.93 -6.04 -5.701 -5.844 -5.963 -6.062 -6.231 -6.252 -6.422 -6.612
6.2386 -5.232 -5.182 -5.257 -5.45 -5.592 -5.731 -5.371 -5.472 -5.595 -5.737 -5.877 -6.026 -5.467 -5.64 -5.812 -5.932 -6.043 -5.704 -5.846 -5.966 -6.065 -6.233 -6.255 -6.424 -6.615
6.3891 -5.234 -5.185 -5.259 -5.452 -5.595 -5.734 -5.373 -5.475 -5.597 -5.739 -5.88 -6.028 -5.47 -5.642 -5.814 -5.935 -6.046 -5.706 -5.849 -5.969 -6.068 -6.236 -6.258 -6.427 -6.617
6.5433 -5.256 -5.207 -5.282 -5.475 -5.617 -5.756 -5.395 -5.497 -5.619 -5.761 -5.902 -6.05 -5.492 -5.664 -5.836 -5.957 -6.068 -5.728 -5.871 -5.991 -6.09 -6.258 -6.28 -6.449 -6.639
6.7011 -5.286 -5.237 -5.312 -5.504 -5.647 -5.786 -5.425 -5.527 -5.649 -5.791 -5.932 -6.08 -5.522 -5.694 -5.866 -5.987 -6.098 -5.758 -5.901 -6.021 -6.12 -6.288 -6.31 -6.479 -6.669
6.8627 -5.316 -5.267 -5.341 -5.534 -5.677 -5.816 -5.455 -5.557 -5.679 -5.821 -5.962 -6.11 -5.552 -5.724 -5.896 -6.017 -6.128 -5.788 -5.931 -6.051 -6.15 -6.318 -6.34 -6.509 -6.699
7.0283 -5.346 -5.297 -5.371 -5.564 -5.707 -5.846 -5.485 -5.587 -5.709 -5.851 -5.992 -6.14 -5.582 -5.754 -5.926 -6.047 -6.158 -5.818 -5.961 -6.08 -6.18 -6.348 -6.369 -6.539 -6.729
