web/models/grb/offaxis/19/grb_0.2967_0.0268_0.0000158.dat
# %ECSV 1.0
# ---
# datatype:
# - {name: time, datatype: float64}
# - {name: swift_uvot_uvw2, datatype: float64}
# - {name: swift_uvot_uvm2, datatype: float64}
# - {name: swift_uvot_uvw1, datatype: float64}
# - {name: swift_uvot_U, datatype: float64}
# - {name: swift_uvot_B, datatype: float64}
# - {name: swift_uvot_V, datatype: float64}
# - {name: swift_uvot_W, datatype: float64}
# - {name: johnson_U, datatype: float64}
# - {name: johnson_B, datatype: float64}
# - {name: johnson_V, datatype: float64}
# - {name: johnson_R, datatype: float64}
# - {name: johnson_I, datatype: float64}
# - {name: sdss_u, datatype: float64}
# - {name: sdss_g, datatype: float64}
# - {name: sdss_r, datatype: float64}
# - {name: sdss_i, datatype: float64}
# - {name: sdss_z, datatype: float64}
# - {name: PS1_g, datatype: float64}
# - {name: PS1_r, datatype: float64}
# - {name: PS1_i, datatype: float64}
# - {name: PS1_z, datatype: float64}
# - {name: PS1_Y, datatype: float64}
# - {name: PS1_w, datatype: float64}
# - {name: ATLAS_c, datatype: float64}
# - {name: ATLAS_o, datatype: float64}
# - {name: ukirt_J, datatype: float64}
# - {name: ukirt_H, datatype: float64}
# - {name: ukirt_K, datatype: float64}
# - {name: Clear, datatype: float64}
# meta: !!omap
# - comment: [E = 1.164196048716035e-05, Eta0 = 8.02, GammaB = 12.0, dL = 0.012188, epsb = 6.760829753919819e-06, epse = 0.1, n = 1.584893192461114e-05,
#     p = 2.15, theta_obs = 0.29670597283903605, xiN = 1.0, z = 0.0, type = grb, E_kiso = 0.02682695795279726]
# schema: astropy-2.0
time swift_uvot_uvw2 swift_uvot_uvm2 swift_uvot_uvw1 swift_uvot_U swift_uvot_B swift_uvot_V swift_uvot_W johnson_U johnson_B johnson_V johnson_R johnson_I sdss_u sdss_g sdss_r sdss_i sdss_z PS1_g PS1_r PS1_i PS1_z PS1_Y PS1_w ATLAS_c ATLAS_o ukirt_J ukirt_H ukirt_K Clear
[from data line 387]
101.4599 16.555 16.604 16.529 16.336 16.194 16.055 16.416 16.314 16.192 16.05 15.909 15.761 16.319 16.146 15.975 15.854 15.743 16.083 15.94 15.82 15.721 15.553 15.977 16.072 15.919 15.531 15.362 15.172 15.887
103.9075 16.597 16.647 16.572 16.379 16.237 16.097 16.458 16.357 16.234 16.092 15.952 15.803 16.362 16.189 16.017 15.897 15.786 16.125 15.983 15.863 15.764 15.596 16.019 16.115 15.962 15.574 15.405 15.214 15.929
106.4141 16.64 16.689 16.615 16.422 16.279 16.14 16.501 16.399 16.277 16.135 15.994 15.846 16.404 16.232 16.06 15.939 15.829 16.168 16.025 15.906 15.807 15.638 16.062 16.157 16.005 15.617 15.447 15.257 15.972
108.9811 16.683 16.732 16.657 16.464 16.322 16.183 16.543 16.442 16.319 16.178 16.037 15.888 16.447 16.274 16.102 15.982 15.871 16.211 16.068 15.948 15.849 15.681 16.105 16.2 16.047 15.659 15.49 15.299 16.014
111.6101 16.723 16.773 16.698 16.505 16.363 16.223 16.584 16.483 16.36 16.218 16.078 15.929 16.488 16.315 16.143 16.022 15.912 16.251 16.109 15.989 15.89 15.722 16.145 16.241 16.088 15.7 15.531 15.34 16.055
114.3025 16.764 16.813 16.739 16.546 16.403 16.264 16.625 16.523 16.401 16.259 16.119 15.97 16.528 16.356 16.184 16.063 15.953 16.292 16.149 16.03 15.931 15.762 16.186 16.281 16.129 15.741 15.571 15.381 16.096
117.0598 16.805 16.854 16.779 16.586 16.444 16.305 16.666 16.564 16.442 16.3 16.159 16.011 16.569 16.397 16.225 16.104 15.993 16.333 16.19 16.07 15.971 15.803 16.227 16.322 16.169 15.781 15.612 15.422 16.137
119.8836 16.846 16.895 16.82 16.627 16.485 16.346 16.706 16.605 16.482 16.341 16.2 16.051 16.61 16.437 16.265 16.145 16.034 16.373 16.231 16.111 16.012 15.844 16.268 16.363 16.21 15.822 15.653 15.462 16.177
122.7756 16.886 16.936 16.861 16.668 16.526 16.386 16.747 16.646 16.523 16.381 16.241 16.092 16.651 16.478 16.306 16.185 16.075 16.414 16.272 16.152 16.053 15.885 16.308 16.404 16.251 15.863 15.694 15.503 16.218
125.7373 16.927 16.976 16.902 16.709 16.566 16.427 16.788 16.686 16.564 16.422 16.282 16.133 16.691 16.519 16.347 16.226 16.116 16.455 16.312 16.193 16.094 15.925 16.349 16.444 16.292 15.904 15.734 15.544 16.259
128.7705 16.968 17.017 16.942 16.749 16.607 16.468 16.829 16.727 16.605 16.463 16.322 16.174 16.732 16.559 16.388 16.267 16.156 16.496 16.353 16.233 16.134 15.966 16.39 16.485 16.332 15.944 15.775 15.585 16.3
131.8769 17.009 17.058 16.983 16.79 16.648 16.509 16.869 16.768 16.645 16.503 16.363 16.214 16.773 16.6 16.428 16.308 16.197 16.536 16.394 16.274 16.175 16.007 16.431 16.526 16.373 15.985 15.816 15.625 16.34
135.0582 17.049 17.099 17.024 16.831 16.689 16.549 16.91 16.809 16.686 16.544 16.404 16.255 16.814 16.641 16.469 16.348 16.238 16.577 16.435 16.315 16.216 16.048 16.471 16.567 16.414 16.026 15.857 15.666 16.381
138.3162 17.089 17.139 17.064 16.871 16.728 16.589 16.95 16.848 16.726 16.584 16.444 16.295 16.854 16.681 16.509 16.388 16.278 16.617 16.475 16.355 16.256 16.088 16.511 16.607 16.454 16.066 15.896 15.706 16.421
141.6528 17.126 17.175 17.1 16.907 16.765 16.626 16.986 16.885 16.762 16.621 16.48 16.331 16.89 16.717 16.545 16.425 16.314 16.654 16.511 16.391 16.292 16.124 16.548 16.643 16.49 16.102 15.933 15.742 16.457
145.0699 17.162 17.211 17.136 16.944 16.801 16.662 17.023 16.921 16.799 16.657 16.516 16.368 16.926 16.754 16.582 16.461 16.35 16.69 16.547 16.427 16.328 16.16 16.584 16.679 16.526 16.138 15.969 15.779 16.494
148.5695 17.198 17.248 17.173 16.98 16.837 16.698 17.059 16.957 16.835 16.693 16.553 16.404 16.962 16.79 16.618 16.497 16.387 16.726 16.584 16.464 16.365 16.196 16.62 16.716 16.563 16.175 16.005 15.815 16.53
152.1534 17.235 17.284 17.209 17.016 16.874 16.735 17.095 16.994 16.871 16.729 16.589 16.44 16.999 16.826 16.654 16.534 16.423 16.762 16.62 16.5 16.401 16.233 16.657 16.752 16.599 16.211 16.042 15.851 16.566
155.8238 17.271 17.32 17.245 17.052 16.91 16.771 17.132 17.03 16.908 16.766 16.625 16.477 17.035 16.863 16.691 16.57 16.459 16.799 16.656 16.536 16.437 16.269 16.693 16.788 16.635 16.247 16.078 15.888 16.603
159.5828 17.307 17.357 17.282 17.089 16.946 16.807 17.168 17.066 16.944 16.802 16.662 16.513 17.071 16.899 16.727 16.606 16.496 16.835 16.693 16.573 16.474 16.305 16.729 16.824 16.672 16.284 16.114 15.924 16.639
163.4324 17.343 17.393 17.318 17.125 16.983 16.844 17.204 17.103 16.98 16.838 16.698 16.549 17.108 16.935 16.763 16.643 16.532 16.871 16.729 16.609 16.51 16.342 16.766 16.861 16.708 16.32 16.151 15.96 16.675
167.375 17.38 17.429 17.354 17.161 17.019 16.88 17.241 17.139 17.017 16.875 16.734 16.586 17.144 16.972 16.8 16.679 16.568 16.908 16.765 16.645 16.546 16.378 16.802 16.897 16.744 16.356 16.187 15.997 16.712
171.4126 17.416 17.466 17.391 17.198 17.055 16.916 17.277 17.175 17.053 16.911 16.771 16.622 17.18 17.008 16.836 16.715 16.605 16.944 16.802 16.682 16.583 16.414 16.838 16.933 16.781 16.393 16.223 16.033 16.748
175.5476 17.452 17.501 17.427 17.234 17.091 16.952 17.313 17.211 17.089 16.947 16.806 16.658 17.216 17.044 16.872 16.751 16.64 16.98 16.837 16.717 16.618 16.45 16.874 16.969 16.816 16.428 16.259 16.069 16.784
179.7823 17.487 17.536 17.461 17.268 17.126 16.987 17.348 17.246 17.123 16.982 16.841 16.693 17.251 17.078 16.906 16.786 16.675 17.015 16.872 16.752 16.653 16.485 16.909 17.004 16.851 16.463 16.294 16.103 16.818
184.1193 17.521 17.571 17.496 17.303 17.161 17.021 17.382 17.281 17.158 17.016 16.876 16.727 17.286 17.113 16.941 16.82 16.71 17.049 16.907 16.787 16.688 16.52 16.943 17.039 16.886 16.498 16.329 16.138 16.853
188.5608 17.556 17.605 17.531 17.338 17.195 17.056 17.417 17.315 17.193 17.051 16.91 16.762 17.32 17.148 16.976 16.855 16.744 17.084 16.941 16.822 16.722 16.554 16.978 17.073 16.92 16.533 16.363 16.173 16.888
193.1095 17.591 17.64 17.565 17.372 17.23 17.091 17.452 17.35 17.227 17.086 16.945 16.797 17.355 17.182 17.01 16.89 16.779 17.119 16.976 16.856 16.757 16.589 17.013 17.108 16.955 16.567 16.398 16.208 16.922
197.7679 17.625 17.675 17.6 17.407 17.265 17.125 17.486 17.385 17.262 17.12 16.98 16.831 17.39 17.217 17.045 16.924 16.814 17.153 17.011 16.891 16.792 16.624 17.047 17.143 16.99 16.602 16.433 16.242 16.957
202.5387 17.66 17.709 17.635 17.442 17.299 17.16 17.521 17.419 17.297 17.155 17.014 16.866 17.424 17.252 17.08 16.959 16.848 17.188 17.045 16.926 16.826 16.658 17.082 17.177 17.024 16.637 16.467 16.277 16.992
207.4245 17.695 17.744 17.669 17.476 17.334 17.195 17.556 17.454 17.331 17.19 17.049 16.901 17.459 17.286 17.114 16.994 16.883 17.223 17.08 16.96 16.861 16.693 17.117 17.212 17.059 16.671 16.502 16.312 17.027
212.4283 17.729 17.779 17.704 17.511 17.369 17.229 17.59 17.489 17.366 17.224 17.084 16.935 17.494 17.321 17.149 17.028 16.918 17.257 17.115 16.995 16.896 16.728 17.151 17.247 17.094 16.706 16.537 16.346 17.061
217.5527 17.764 17.813 17.739 17.546 17.403 17.264 17.625 17.523 17.401 17.259 17.118 16.97 17.528 17.356 17.184 17.063 16.953 17.292 17.149 17.03 16.931 16.762 17.186 17.281 17.129 16.741 16.571 16.381 17.096
222.8008 17.798 17.847 17.772 17.579 17.437 17.298 17.659 17.557 17.434 17.293 17.152 17.004 17.562 17.389 17.218 17.097 16.986 17.326 17.183 17.063 16.964 16.796 17.22 17.315 17.162 16.774 16.605 16.415 17.13
228.1754 17.83 17.88 17.805 17.612 17.469 17.33 17.691 17.589 17.467 17.325 17.185 17.036 17.594 17.422 17.25 17.129 17.019 17.358 17.216 17.096 16.997 16.828 17.252 17.347 17.195 16.807 16.637 16.447 17.162
233.6797 17.863 17.912 17.837 17.644 17.502 17.363 17.724 17.622 17.5 17.358 17.217 17.069 17.627 17.454 17.283 17.162 17.051 17.391 17.248 17.128 17.029 16.861 17.285 17.38 17.227 16.839 16.67 16.48 17.195
239.3168 17.895 17.945 17.87 17.677 17.534 17.395 17.756 17.655 17.532 17.39 17.25 17.101 17.66 17.487 17.315 17.194 17.084 17.423 17.281 17.161 17.062 16.894 17.317 17.413 17.26 16.872 16.702 16.512 17.227
245.0899 17.928 17.977 17.902 17.709 17.567 17.428 17.789 17.687 17.565 17.423 17.282 17.134 17.692 17.519 17.348 17.227 17.116 17.456 17.313 17.193 17.094 16.926 17.35 17.445 17.292 16.904 16.735 16.545 17.26
251.0022 17.96 18.01 17.935 17.742 17.6 17.46 17.821 17.72 17.597 17.455 17.315 17.166 17.725 17.552 17.38 17.259 17.149 17.488 17.346 17.226 17.127 16.959 17.382 17.478 17.325 16.937 16.768 16.577 17.292
257.0572 17.993 18.042 17.967 17.774 17.632 17.493 17.854 17.752 17.63 17.488 17.347 17.199 17.757 17.585 17.413 17.292 17.181 17.521 17.378 17.258 17.159 16.991 17.415 17.51 17.357 16.969 16.8 16.61 17.325
263.2582 18.025 18.075 18.0 17.807 17.665 17.525 17.886 17.785 17.662 17.52 17.38 17.231 17.79 17.617 17.445 17.325 17.214 17.553 17.411 17.291 17.192 17.024 17.447 17.543 17.39 17.002 16.833 16.642 17.357
269.6088 18.058 18.107 18.032 17.84 17.697 17.558 17.919 17.817 17.695 17.553 17.412 17.264 17.822 17.65 17.478 17.357 17.246 17.586 17.443 17.323 17.224 17.056 17.48 17.575 17.422 17.034 16.865 16.675 17.39
276.1126 18.09 18.14 18.065 17.872 17.73 17.591 17.951 17.85 17.727 17.585 17.445 17.296 17.855 17.682 17.51 17.39 17.279 17.618 17.476 17.356 17.257 17.089 17.513 17.608 17.455 17.067 16.898 16.707 17.422
282.7734 18.128 18.177 18.102 17.909 17.767 17.628 17.988 17.887 17.764 17.622 17.482 17.333 17.892 17.719 17.547 17.427 17.316 17.655 17.513 17.393 17.294 17.126 17.55 17.645 17.492 17.104 16.935 16.744 17.459
289.5947 18.168 18.217 18.142 17.949 17.807 17.668 18.028 17.927 17.804 17.663 17.522 17.373 17.932 17.759 17.587 17.467 17.356 17.696 17.553 17.433 17.334 17.166 17.59 17.685 17.532 17.144 16.975 16.784 17.499
296.5807 18.208 18.257 18.182 17.989 17.847 17.708 18.069 17.967 17.844 17.703 17.562 17.414 17.972 17.799 17.627 17.507 17.396 17.736 17.593 17.473 17.374 17.206 17.63 17.725 17.572 17.184 17.015 16.824 17.539
303.7351 18.248 18.297 18.222 18.029 17.887 17.748 18.109 18.007 17.884 17.743 17.602 17.454 18.012 17.839 17.668 17.547 17.436 17.776 17.633 17.513 17.414 17.246 17.67 17.765 17.612 17.224 17.055 16.865 17.58
311.0622 18.288 18.337 18.262 18.069 17.927 17.788 18.149 18.047 17.925 17.783 17.642 17.494 18.052 17.879 17.708 17.587 17.476 17.816 17.673 17.553 17.454 17.286 17.71 17.805 17.652 17.264 17.095 16.905 17.62
318.566 18.328 18.377 18.302 18.109 17.967 17.828 18.189 18.087 17.965 17.823 17.682 17.534 18.092 17.919 17.748 17.627 17.516 17.856 17.713 17.593 17.494 17.326 17.75 17.845 17.692 17.304 17.135 16.945 17.66
326.2508 18.368 18.417 18.342 18.149 18.007 17.868 18.229 18.127 18.005 17.863 17.722 17.574 18.132 17.959 17.788 17.667 17.556 17.896 17.753 17.633 17.534 17.366 17.79 17.885 17.732 17.344 17.175 16.985 17.7
334.121 18.408 18.457 18.382 18.189 18.047 17.908 18.269 18.167 18.045 17.903 17.762 17.614 18.172 18.0 17.828 17.707 17.596 17.936 17.793 17.673 17.574 17.406 17.83 17.925 17.772 17.384 17.215 17.025 17.74
342.181 18.448 18.497 18.422 18.23 18.087 17.948 18.309 18.207 18.085 17.943 17.802 17.654 18.212 18.04 17.868 17.747 17.636 17.976 17.833 17.713 17.614 17.446 17.87 17.965 17.812 17.424 17.255 17.065 17.78
350.4355 18.488 18.537 18.463 18.27 18.127 17.988 18.349 18.247 18.125 17.983 17.842 17.694 18.252 18.08 17.908 17.787 17.676 18.016 17.873 17.753 17.654 17.486 17.91 18.005 17.852 17.464 17.295 17.105 17.82
358.8891 18.549 18.598 18.523 18.33 18.188 18.049 18.41 18.308 18.185 18.044 17.903 17.755 18.313 18.14 17.969 17.848 17.737 18.077 17.934 17.814 17.715 17.547 17.971 18.066 17.913 17.525 17.356 17.166 17.881
367.5467 18.616 18.666 18.591 18.398 18.255 18.116 18.477 18.375 18.253 18.111 17.971 17.822 18.38 18.208 18.036 17.915 17.805 18.144 18.002 17.882 17.783 17.614 18.038 18.133 17.981 17.593 17.423 17.233 17.948
376.4131 18.684 18.733 18.658 18.465 18.323 18.184 18.545 18.443 18.321 18.179 18.038 17.89 18.448 18.275 18.104 17.983 17.872 18.212 18.069 17.949 17.85 17.682 18.106 18.201 18.048 17.66 17.491 17.301 18.016
385.4933 18.751 18.801 18.726 18.533 18.391 18.251 18.612 18.511 18.388 18.246 18.106 17.957 18.516 18.343 18.171 18.05 17.94 18.279 18.137 18.017 17.918 17.75 18.173 18.269 18.116 17.728 17.559 17.368 18.083
394.7926 18.819 18.868 18.793 18.6 18.458 18.319 18.68 18.578 18.456 18.314 18.173 18.025 18.583 18.411 18.239 18.118 18.007 18.347 18.204 18.084 17.985 17.817 18.241 18.336 18.183 17.795 17.626 17.436 18.151
404.3163 18.886 18.936 18.861 18.668 18.526 18.386 18.747 18.646 18.523 18.381 18.241 18.092 18.651 18.478 18.306 18.186 18.075 18.414 18.272 18.152 18.053 17.885 18.308 18.404 18.251 17.863 17.694 17.503 18.218
414.0697 18.954 19.003 18.928 18.736 18.593 18.454 18.815 18.713 18.591 18.449 18.308 18.16 18.718 18.546 18.374 18.253 18.142 18.482 18.339 18.219 18.12 17.952 18.376 18.471 18.318 17.93 17.761 17.571 18.286
424.0583 19.021 19.071 18.996 18.803 18.661 18.522 18.882 18.781 18.658 18.516 18.376 18.227 18.786 18.613 18.441 18.321 18.21 18.549 18.407 18.287 18.188 18.02 18.444 18.539 18.386 17.998 17.829 17.638 18.353
434.2879 19.089 19.138 19.064 18.871 18.728 18.589 18.95 18.848 18.726 18.584 18.443 18.295 18.853 18.681 18.509 18.388 18.278 18.617 18.474 18.355 18.256 18.087 18.511 18.606 18.454 18.066 17.896 17.706 18.421
444.7643 19.157 19.206 19.131 18.938 18.796 18.657 19.017 18.916 18.793 18.651 18.511 18.362 18.921 18.748 18.576 18.456 18.345 18.684 18.542 18.422 18.323 18.155 18.579 18.674 18.521 18.133 17.964 17.773 18.488
455.4934 19.254 19.304 19.229 19.036 18.894 18.754 19.115 19.014 18.891 18.749 18.609 18.46 19.019 18.846 18.674 18.553 18.443 18.782 18.64 18.52 18.421 18.253 18.676 18.772 18.619 18.231 18.062 17.871 18.586
466.4814 19.356 19.405 19.33 19.137 18.995 18.856 19.217 19.115 18.992 18.851 18.71 18.562 19.12 18.947 18.775 18.655 18.544 18.884 18.741 18.621 18.522 18.354 18.778 18.873 18.72 18.332 18.163 17.973 18.688
477.7344 19.457 19.506 19.432 19.239 19.096 18.957 19.318 19.216 19.094 18.952 18.811 18.663 19.221 19.049 18.877 18.756 18.645 18.985 18.842 18.723 18.624 18.455 18.879 18.974 18.821 18.434 18.264 18.074 18.789
489.2588 19.558 19.608 19.533 19.34 19.198 19.058 19.419 19.318 19.195 19.053 18.913 18.764 19.323 19.15 18.978 18.857 18.747 19.086 18.944 18.824 18.725 18.557 18.98 19.076 18.923 18.535 18.366 18.175 18.89
501.0613 19.66 19.709 19.634 19.441 19.299 19.16 19.521 19.419 19.296 19.155 19.014 18.866 19.424 19.251 19.079 18.959 18.848 19.188 19.045 18.925 18.826 18.658 19.082 19.177 19.024 18.636 18.467 18.277 18.992
513.1485 19.761 19.81 19.736 19.543 19.4 19.261 19.622 19.52 19.398 19.256 19.115 18.967 19.525 19.353 19.181 19.06 18.949 19.289 19.146 19.027 18.927 18.759 19.183 19.278 19.125 18.738 18.568 18.378 19.093
525.5272 19.862 19.912 19.837 19.644 19.502 19.362 19.723 19.622 19.499 19.357 19.217 19.068 19.627 19.454 19.282 19.161 19.051 19.39 19.248 19.128 19.029 18.861 19.284 19.38 19.227 18.839 18.67 18.479 19.194
538.2046 19.964 20.013 19.938 19.745 19.603 19.464 19.825 19.723 19.6 19.459 19.318 19.17 19.728 19.555 19.383 19.263 19.152 19.492 19.349 19.229 19.13 18.962 19.386 19.481 19.328 18.94 18.771 18.581 19.296
551.1878 20.065 20.114 20.04 19.847 19.704 19.565 19.926 19.824 19.702 19.56 19.419 19.271 19.829 19.657 19.485 19.364 19.253 19.593 19.45 19.331 19.231 19.063 19.487 19.582 19.429 19.042 18.872 18.682 19.397
564.4842 20.169 20.218 20.143 19.95 19.808 19.669 20.03 19.928 19.805 19.664 19.523 19.375 19.933 19.76 19.589 19.468 19.357 19.697 19.554 19.434 19.335 19.167 19.591 19.686 19.533 19.145 18.976 18.786 19.501
578.1013 20.333 20.382 20.307 20.114 19.972 19.833 20.194 20.092 19.969 19.828 19.687 19.539 20.097 19.924 19.753 19.632 19.521 19.861 19.718 19.598 19.499 19.331 19.755 19.85 19.697 19.309 19.14 18.95 19.665
592.0469 20.497 20.546 20.471 20.278 20.136 19.997 20.358 20.256 20.134 19.992 19.851 19.703 20.261 20.088 19.917 19.796 19.685 20.025 19.882 19.762 19.663 19.495 19.919 20.014 19.861 19.473 19.304 19.114 19.829
606.329 20.661 20.71 20.635 20.442 20.3 20.161 20.522 20.42 20.298 20.156 20.015 19.867 20.425 20.252 20.081 19.96 19.849 20.189 20.046 19.926 19.827 19.659 20.083 20.178 20.025 19.637 19.468 19.278 19.993
