web/models/grb/offaxis/17/grb_0.2967_138.9495_0.0398107.dat
# %ECSV 1.0
# ---
# datatype:
# - {name: time, datatype: float64}
# - {name: swift_uvot_uvw2, datatype: float64}
# - {name: swift_uvot_uvm2, datatype: float64}
# - {name: swift_uvot_uvw1, datatype: float64}
# - {name: swift_uvot_U, datatype: float64}
# - {name: swift_uvot_B, datatype: float64}
# - {name: swift_uvot_V, datatype: float64}
# - {name: swift_uvot_W, datatype: float64}
# - {name: johnson_U, datatype: float64}
# - {name: johnson_B, datatype: float64}
# - {name: johnson_V, datatype: float64}
# - {name: johnson_R, datatype: float64}
# - {name: johnson_I, datatype: float64}
# - {name: sdss_u, datatype: float64}
# - {name: sdss_g, datatype: float64}
# - {name: sdss_r, datatype: float64}
# - {name: sdss_i, datatype: float64}
# - {name: sdss_z, datatype: float64}
# - {name: PS1_g, datatype: float64}
# - {name: PS1_r, datatype: float64}
# - {name: PS1_i, datatype: float64}
# - {name: PS1_z, datatype: float64}
# - {name: PS1_Y, datatype: float64}
# - {name: ukirt_J, datatype: float64}
# - {name: ukirt_H, datatype: float64}
# - {name: ukirt_K, datatype: float64}
# meta: !!omap
# - comment: [E = 0.06029923955985733, Eta0 = 8.02, GammaB = 12.0, dL = 0.012188, epsb = 6.760829753919819e-06, epse = 0.1, n = 0.03981071705534969,
#     p = 2.15, theta_obs = 0.29670597283903605, xiN = 1.0, z = 0.0, type = grb, E_kiso = 138.9495494373139]
# schema: astropy-2.0
time swift_uvot_uvw2 swift_uvot_uvm2 swift_uvot_uvw1 swift_uvot_U swift_uvot_B swift_uvot_V swift_uvot_W johnson_U johnson_B johnson_V johnson_R johnson_I sdss_u sdss_g sdss_r sdss_i sdss_z PS1_g PS1_r PS1_i PS1_z PS1_Y ukirt_J ukirt_H ukirt_K
[from data line 98]
0.1034 -1.924 -1.875 -1.949 -2.142 -2.285 -2.424 -2.063 -2.165 -2.287 -2.429 -2.57 -2.718 -2.16 -2.332 -2.504 -2.625 -2.736 -2.396 -2.539 -2.659 -2.758 -2.926 -2.948 -3.117 -3.307
0.1059 -1.962 -1.912 -1.987 -2.18 -2.322 -2.462 -2.101 -2.202 -2.325 -2.467 -2.607 -2.756 -2.197 -2.37 -2.542 -2.662 -2.773 -2.434 -2.576 -2.696 -2.795 -2.963 -2.985 -3.154 -3.345
0.1084 -1.999 -1.95 -2.025 -2.218 -2.36 -2.499 -2.138 -2.24 -2.362 -2.504 -2.645 -2.793 -2.235 -2.407 -2.579 -2.7 -2.811 -2.471 -2.614 -2.734 -2.833 -3.001 -3.023 -3.192 -3.382
0.1111 -2.037 -1.987 -2.062 -2.255 -2.397 -2.537 -2.176 -2.277 -2.4 -2.542 -2.682 -2.831 -2.272 -2.445 -2.617 -2.738 -2.848 -2.509 -2.651 -2.771 -2.87 -3.038 -3.06 -3.229 -3.42
0.1137 -2.074 -2.025 -2.1 -2.293 -2.435 -2.574 -2.213 -2.315 -2.437 -2.579 -2.72 -2.868 -2.31 -2.483 -2.654 -2.775 -2.886 -2.546 -2.689 -2.809 -2.908 -3.076 -3.098 -3.267 -3.457
0.1165 -2.112 -2.062 -2.137 -2.33 -2.473 -2.612 -2.251 -2.353 -2.475 -2.617 -2.757 -2.906 -2.348 -2.52 -2.692 -2.813 -2.923 -2.584 -2.726 -2.846 -2.945 -3.114 -3.135 -3.305 -3.495
0.1193 -2.149 -2.1 -2.175 -2.368 -2.51 -2.649 -2.288 -2.39 -2.513 -2.654 -2.795 -2.943 -2.385 -2.558 -2.73 -2.85 -2.961 -2.621 -2.764 -2.884 -2.983 -3.151 -3.173 -3.342 -3.532
0.1222 -2.18 -2.13 -2.205 -2.398 -2.541 -2.68 -2.319 -2.421 -2.543 -2.685 -2.825 -2.974 -2.415 -2.588 -2.76 -2.881 -2.991 -2.652 -2.794 -2.914 -3.013 -3.182 -3.203 -3.373 -3.563
0.1251 -2.206 -2.156 -2.231 -2.424 -2.567 -2.706 -2.345 -2.447 -2.569 -2.711 -2.851 -3.0 -2.442 -2.614 -2.786 -2.907 -3.017 -2.678 -2.82 -2.94 -3.039 -3.208 -3.229 -3.399 -3.589
0.1281 -2.232 -2.183 -2.257 -2.45 -2.593 -2.732 -2.371 -2.473 -2.595 -2.737 -2.877 -3.026 -2.468 -2.64 -2.812 -2.933 -3.043 -2.704 -2.847 -2.966 -3.065 -3.234 -3.255 -3.425 -3.615
0.1312 -2.258 -2.209 -2.283 -2.476 -2.619 -2.758 -2.397 -2.499 -2.621 -2.763 -2.904 -3.052 -2.494 -2.666 -2.838 -2.959 -3.07 -2.73 -2.873 -2.993 -3.092 -3.26 -3.282 -3.451 -3.641
0.1344 -2.284 -2.235 -2.31 -2.503 -2.645 -2.784 -2.423 -2.525 -2.647 -2.789 -2.93 -3.078 -2.52 -2.692 -2.864 -2.985 -3.096 -2.756 -2.899 -3.019 -3.118 -3.286 -3.308 -3.477 -3.667
0.1376 -2.31 -2.261 -2.336 -2.529 -2.671 -2.81 -2.449 -2.551 -2.673 -2.815 -2.956 -3.104 -2.546 -2.719 -2.89 -3.011 -3.122 -2.782 -2.925 -3.045 -3.144 -3.312 -3.334 -3.503 -3.693
0.141 -2.336 -2.287 -2.362 -2.555 -2.697 -2.836 -2.475 -2.577 -2.7 -2.841 -2.982 -3.13 -2.572 -2.745 -2.917 -3.037 -3.148 -2.808 -2.951 -3.071 -3.17 -3.338 -3.36 -3.529 -3.719
0.1444 -2.362 -2.313 -2.388 -2.581 -2.723 -2.862 -2.502 -2.603 -2.726 -2.868 -3.008 -3.157 -2.598 -2.771 -2.943 -3.063 -3.174 -2.835 -2.977 -3.097 -3.196 -3.364 -3.386 -3.555 -3.746
0.1478 -2.389 -2.339 -2.414 -2.607 -2.749 -2.888 -2.528 -2.629 -2.752 -2.894 -3.034 -3.183 -2.624 -2.797 -2.969 -3.089 -3.2 -2.861 -3.003 -3.123 -3.222 -3.39 -3.412 -3.581 -3.772
0.1514 -2.415 -2.365 -2.44 -2.633 -2.775 -2.915 -2.554 -2.655 -2.778 -2.92 -3.06 -3.209 -2.65 -2.823 -2.995 -3.116 -3.226 -2.887 -3.029 -3.149 -3.248 -3.416 -3.438 -3.607 -3.798
0.1551 -2.44 -2.391 -2.465 -2.658 -2.801 -2.94 -2.579 -2.681 -2.803 -2.945 -3.086 -3.234 -2.676 -2.848 -3.02 -3.141 -3.251 -2.912 -3.055 -3.174 -3.273 -3.442 -3.463 -3.633 -3.823
0.1588 -2.465 -2.416 -2.49 -2.683 -2.826 -2.965 -2.604 -2.706 -2.828 -2.97 -3.111 -3.259 -2.701 -2.873 -3.045 -3.166 -3.277 -2.937 -3.08 -3.2 -3.299 -3.467 -3.489 -3.658 -3.848
0.1626 -2.49 -2.441 -2.516 -2.709 -2.851 -2.99 -2.629 -2.731 -2.853 -2.995 -3.136 -3.284 -2.726 -2.898 -3.07 -3.191 -3.302 -2.962 -3.105 -3.225 -3.324 -3.492 -3.514 -3.683 -3.873
0.1666 -2.515 -2.466 -2.541 -2.734 -2.876 -3.015 -2.654 -2.756 -2.878 -3.02 -3.161 -3.309 -2.751 -2.924 -3.095 -3.216 -3.327 -2.987 -3.13 -3.25 -3.349 -3.517 -3.539 -3.708 -3.898
0.1706 -2.54 -2.491 -2.566 -2.759 -2.901 -3.04 -2.679 -2.781 -2.903 -3.045 -3.186 -3.334 -2.776 -2.949 -3.12 -3.241 -3.352 -3.012 -3.155 -3.275 -3.374 -3.542 -3.564 -3.733 -3.923
0.1747 -2.565 -2.516 -2.591 -2.784 -2.926 -3.065 -2.704 -2.806 -2.929 -3.07 -3.211 -3.36 -2.801 -2.974 -3.146 -3.266 -3.377 -3.037 -3.18 -3.3 -3.399 -3.567 -3.589 -3.758 -3.949
0.1789 -2.59 -2.541 -2.616 -2.809 -2.951 -3.09 -2.73 -2.831 -2.954 -3.096 -3.236 -3.385 -2.826 -2.999 -3.171 -3.291 -3.402 -3.063 -3.205 -3.325 -3.424 -3.592 -3.614 -3.783 -3.974
0.1832 -2.616 -2.566 -2.641 -2.834 -2.976 -3.115 -2.755 -2.856 -2.979 -3.121 -3.261 -3.41 -2.851 -3.024 -3.196 -3.316 -3.427 -3.088 -3.23 -3.35 -3.449 -3.617 -3.639 -3.808 -3.999
0.1876 -2.641 -2.591 -2.666 -2.859 -3.001 -3.141 -2.78 -2.881 -3.004 -3.146 -3.286 -3.435 -2.876 -3.049 -3.221 -3.341 -3.452 -3.113 -3.255 -3.375 -3.474 -3.642 -3.664 -3.833 -4.024
0.1922 -2.666 -2.616 -2.691 -2.884 -3.027 -3.166 -2.805 -2.906 -3.029 -3.171 -3.311 -3.46 -2.901 -3.074 -3.246 -3.367 -3.477 -3.138 -3.28 -3.4 -3.499 -3.667 -3.689 -3.859 -4.049
0.1968 -2.691 -2.641 -2.716 -2.909 -3.051 -3.191 -2.83 -2.931 -3.054 -3.196 -3.336 -3.485 -2.926 -3.099 -3.271 -3.392 -3.502 -3.163 -3.305 -3.425 -3.524 -3.692 -3.714 -3.883 -4.074
0.2015 -2.716 -2.666 -2.741 -2.934 -3.076 -3.215 -2.855 -2.956 -3.079 -3.221 -3.361 -3.51 -2.951 -3.124 -3.296 -3.416 -3.527 -3.188 -3.33 -3.45 -3.549 -3.717 -3.739 -3.908 -4.099
0.2064 -2.74 -2.691 -2.766 -2.959 -3.101 -3.24 -2.88 -2.981 -3.104 -3.246 -3.386 -3.535 -2.976 -3.149 -3.321 -3.441 -3.552 -3.213 -3.355 -3.475 -3.574 -3.742 -3.764 -3.933 -4.124
0.2114 -2.765 -2.716 -2.791 -2.984 -3.126 -3.265 -2.904 -3.006 -3.129 -3.27 -3.411 -3.56 -3.001 -3.174 -3.346 -3.466 -3.577 -3.237 -3.38 -3.5 -3.599 -3.767 -3.789 -3.958 -4.149
0.2165 -2.79 -2.741 -2.816 -3.009 -3.151 -3.29 -2.929 -3.031 -3.153 -3.295 -3.436 -3.584 -3.026 -3.199 -3.37 -3.491 -3.602 -3.262 -3.405 -3.525 -3.624 -3.792 -3.814 -3.983 -4.173
0.2217 -2.815 -2.766 -2.841 -3.034 -3.176 -3.315 -2.954 -3.056 -3.178 -3.32 -3.461 -3.609 -3.051 -3.224 -3.395 -3.516 -3.627 -3.287 -3.43 -3.55 -3.649 -3.817 -3.839 -4.008 -4.198
0.2271 -2.84 -2.791 -2.866 -3.059 -3.201 -3.34 -2.979 -3.081 -3.203 -3.345 -3.486 -3.634 -3.076 -3.248 -3.42 -3.541 -3.652 -3.312 -3.455 -3.575 -3.674 -3.842 -3.864 -4.033 -4.223
0.2325 -2.865 -2.816 -2.89 -3.083 -3.226 -3.365 -3.004 -3.106 -3.228 -3.37 -3.511 -3.659 -3.101 -3.273 -3.445 -3.566 -3.677 -3.337 -3.48 -3.6 -3.699 -3.867 -3.889 -4.058 -4.248
0.2381 -2.89 -2.841 -2.915 -3.108 -3.251 -3.39 -3.029 -3.131 -3.253 -3.395 -3.536 -3.684 -3.126 -3.298 -3.47 -3.591 -3.701 -3.362 -3.505 -3.624 -3.723 -3.892 -3.913 -4.083 -4.273
0.2439 -2.915 -2.865 -2.94 -3.133 -3.275 -3.415 -3.054 -3.155 -3.278 -3.42 -3.56 -3.709 -3.15 -3.323 -3.495 -3.615 -3.726 -3.387 -3.529 -3.649 -3.748 -3.916 -3.938 -4.107 -4.298
0.2498 -2.935 -2.885 -2.96 -3.153 -3.296 -3.435 -3.074 -3.176 -3.298 -3.44 -3.58 -3.729 -3.171 -3.343 -3.515 -3.636 -3.746 -3.407 -3.55 -3.669 -3.768 -3.937 -3.958 -4.128 -4.318
0.2558 -2.955 -2.906 -2.981 -3.174 -3.316 -3.455 -3.094 -3.196 -3.318 -3.46 -3.601 -3.749 -3.191 -3.363 -3.535 -3.656 -3.767 -3.427 -3.57 -3.69 -3.789 -3.957 -3.979 -4.148 -4.338
0.262 -2.975 -2.926 -3.001 -3.194 -3.336 -3.475 -3.115 -3.216 -3.339 -3.48 -3.621 -3.77 -3.211 -3.384 -3.556 -3.676 -3.787 -3.447 -3.59 -3.71 -3.809 -3.977 -3.999 -4.168 -4.359
0.2683 -2.996 -2.946 -3.021 -3.214 -3.356 -3.496 -3.135 -3.236 -3.359 -3.501 -3.641 -3.79 -3.231 -3.404 -3.576 -3.697 -3.807 -3.468 -3.61 -3.73 -3.829 -3.997 -4.019 -4.188 -4.379
0.2748 -3.016 -2.967 -3.041 -3.234 -3.377 -3.516 -3.155 -3.257 -3.379 -3.521 -3.661 -3.81 -3.252 -3.424 -3.596 -3.717 -3.827 -3.488 -3.631 -3.75 -3.849 -4.018 -4.039 -4.209 -4.399
0.2814 -3.036 -2.987 -3.062 -3.255 -3.397 -3.536 -3.175 -3.277 -3.399 -3.541 -3.682 -3.83 -3.272 -3.445 -3.616 -3.737 -3.848 -3.508 -3.651 -3.771 -3.87 -4.038 -4.06 -4.229 -4.419
0.2882 -3.056 -3.007 -3.082 -3.275 -3.417 -3.556 -3.196 -3.297 -3.42 -3.562 -3.702 -3.851 -3.292 -3.465 -3.637 -3.757 -3.868 -3.529 -3.671 -3.791 -3.89 -4.058 -4.08 -4.249 -4.44
0.2951 -3.077 -3.027 -3.102 -3.295 -3.438 -3.577 -3.216 -3.318 -3.44 -3.582 -3.722 -3.871 -3.312 -3.485 -3.657 -3.778 -3.888 -3.549 -3.691 -3.811 -3.91 -4.078 -4.1 -4.27 -4.46
0.3022 -3.097 -3.048 -3.122 -3.315 -3.458 -3.597 -3.236 -3.338 -3.46 -3.602 -3.743 -3.891 -3.333 -3.505 -3.677 -3.798 -3.909 -3.569 -3.712 -3.831 -3.93 -4.099 -4.12 -4.29 -4.48
0.3095 -3.116 -3.067 -3.142 -3.335 -3.477 -3.616 -3.256 -3.357 -3.48 -3.621 -3.762 -3.911 -3.352 -3.525 -3.697 -3.817 -3.928 -3.588 -3.731 -3.851 -3.95 -4.118 -4.14 -4.309 -4.5
0.317 -3.132 -3.083 -3.158 -3.351 -3.493 -3.632 -3.271 -3.373 -3.495 -3.637 -3.778 -3.926 -3.368 -3.541 -3.712 -3.833 -3.944 -3.604 -3.747 -3.867 -3.966 -4.134 -4.156 -4.325 -4.515
0.3247 -3.148 -3.099 -3.174 -3.367 -3.509 -3.648 -3.287 -3.389 -3.511 -3.653 -3.794 -3.942 -3.384 -3.556 -3.728 -3.849 -3.96 -3.62 -3.763 -3.883 -3.982 -4.15 -4.172 -4.341 -4.531
0.3325 -3.164 -3.115 -3.189 -3.382 -3.525 -3.664 -3.303 -3.405 -3.527 -3.669 -3.81 -3.958 -3.4 -3.572 -3.744 -3.865 -3.976 -3.636 -3.779 -3.898 -3.998 -4.166 -4.187 -4.357 -4.547
0.3405 -3.18 -3.13 -3.205 -3.398 -3.541 -3.68 -3.319 -3.421 -3.543 -3.685 -3.825 -3.974 -3.416 -3.588 -3.76 -3.881 -3.991 -3.652 -3.795 -3.914 -4.013 -4.182 -4.203 -4.373 -4.563
0.3487 -3.196 -3.146 -3.221 -3.414 -3.557 -3.696 -3.335 -3.437 -3.559 -3.701 -3.841 -3.99 -3.432 -3.604 -3.776 -3.897 -4.007 -3.668 -3.81 -3.93 -4.029 -4.198 -4.219 -4.389 -4.579
0.3571 -3.212 -3.162 -3.237 -3.43 -3.572 -3.712 -3.351 -3.452 -3.575 -3.717 -3.857 -4.006 -3.447 -3.62 -3.792 -3.913 -4.023 -3.684 -3.826 -3.946 -4.045 -4.213 -4.235 -4.404 -4.595
0.3657 -3.228 -3.178 -3.253 -3.446 -3.588 -3.727 -3.367 -3.468 -3.591 -3.733 -3.873 -4.022 -3.463 -3.636 -3.808 -3.928 -4.039 -3.7 -3.842 -3.962 -4.061 -4.229 -4.251 -4.42 -4.611
0.3746 -3.243 -3.194 -3.269 -3.462 -3.604 -3.743 -3.383 -3.484 -3.607 -3.748 -3.889 -4.038 -3.479 -3.652 -3.824 -3.944 -4.055 -3.715 -3.858 -3.978 -4.077 -4.245 -4.267 -4.436 -4.627
0.3836 -3.259 -3.21 -3.285 -3.478 -3.62 -3.759 -3.398 -3.5 -3.622 -3.764 -3.905 -4.053 -3.495 -3.668 -3.839 -3.96 -4.071 -3.731 -3.874 -3.994 -4.093 -4.261 -4.283 -4.452 -4.642
0.3929 -3.275 -3.225 -3.3 -3.493 -3.635 -3.775 -3.414 -3.515 -3.638 -3.78 -3.92 -4.069 -3.51 -3.683 -3.855 -3.976 -4.086 -3.747 -3.889 -4.009 -4.108 -4.276 -4.298 -4.467 -4.658
0.4023 -3.289 -3.24 -3.314 -3.507 -3.65 -3.789 -3.428 -3.53 -3.652 -3.794 -3.935 -4.083 -3.525 -3.697 -3.869 -3.99 -4.101 -3.761 -3.904 -4.023 -4.122 -4.291 -4.312 -4.482 -4.672
0.412 -3.303 -3.254 -3.329 -3.522 -3.664 -3.803 -3.442 -3.544 -3.667 -3.808 -3.949 -4.097 -3.539 -3.712 -3.884 -4.004 -4.115 -3.775 -3.918 -4.038 -4.137 -4.305 -4.327 -4.496 -4.686
0.422 -3.318 -3.268 -3.343 -3.536 -3.678 -3.818 -3.457 -3.558 -3.681 -3.823 -3.963 -4.112 -3.553 -3.726 -3.898 -4.019 -4.129 -3.79 -3.932 -4.052 -4.151 -4.319 -4.341 -4.51 -4.701
0.4322 -3.332 -3.283 -3.357 -3.55 -3.693 -3.832 -3.471 -3.573 -3.695 -3.837 -3.978 -4.126 -3.568 -3.74 -3.912 -4.033 -4.144 -3.804 -3.947 -4.066 -4.166 -4.334 -4.355 -4.525 -4.715
0.4426 -3.346 -3.297 -3.372 -3.565 -3.707 -3.846 -3.485 -3.587 -3.71 -3.851 -3.992 -4.14 -3.582 -3.755 -3.927 -4.047 -4.158 -3.818 -3.961 -4.081 -4.18 -4.348 -4.37 -4.539 -4.729
0.4533 -3.361 -3.311 -3.386 -3.579 -3.721 -3.861 -3.5 -3.601 -3.724 -3.866 -4.006 -4.155 -3.596 -3.769 -3.941 -4.062 -4.172 -3.833 -3.975 -4.095 -4.194 -4.362 -4.384 -4.553 -4.744
0.4642 -3.375 -3.326 -3.4 -3.593 -3.736 -3.875 -3.514 -3.616 -3.738 -3.88 -4.021 -4.169 -3.611 -3.783 -3.955 -4.076 -4.187 -3.847 -3.99 -4.109 -4.209 -4.377 -4.398 -4.568 -4.758
0.4754 -3.389 -3.34 -3.415 -3.608 -3.75 -3.889 -3.528 -3.63 -3.753 -3.894 -4.035 -4.183 -3.625 -3.798 -3.97 -4.09 -4.201 -3.861 -4.004 -4.124 -4.223 -4.391 -4.413 -4.582 -4.773
0.4869 -3.404 -3.354 -3.429 -3.622 -3.765 -3.904 -3.543 -3.644 -3.767 -3.909 -4.049 -4.198 -3.639 -3.812 -3.984 -4.105 -4.215 -3.876 -4.018 -4.138 -4.237 -4.405 -4.427 -4.597 -4.787
0.4986 -3.417 -3.367 -3.442 -3.635 -3.778 -3.917 -3.556 -3.658 -3.78 -3.922 -4.062 -4.211 -3.653 -3.825 -3.997 -4.118 -4.228 -3.889 -4.031 -4.151 -4.25 -4.419 -4.44 -4.61 -4.8
0.5106 -3.429 -3.379 -3.454 -3.647 -3.789 -3.928 -3.568 -3.669 -3.792 -3.934 -4.074 -4.223 -3.664 -3.837 -4.009 -4.129 -4.24 -3.901 -4.043 -4.163 -4.262 -4.43 -4.452 -4.621 -4.812
0.523 -3.44 -3.391 -3.466 -3.659 -3.801 -3.94 -3.579 -3.681 -3.803 -3.945 -4.086 -4.234 -3.676 -3.849 -4.02 -4.141 -4.252 -3.912 -4.055 -4.175 -4.274 -4.442 -4.464 -4.633 -4.823
0.5356 -3.452 -3.403 -3.477 -3.67 -3.813 -3.952 -3.591 -3.693 -3.815 -3.957 -4.098 -4.246 -3.688 -3.86 -4.032 -4.153 -4.264 -3.924 -4.067 -4.186 -4.285 -4.454 -4.475 -4.645 -4.835
0.5485 -3.464 -3.414 -3.489 -3.682 -3.825 -3.964 -3.603 -3.705 -3.827 -3.969 -4.109 -4.258 -3.699 -3.872 -4.044 -4.165 -4.275 -3.936 -4.078 -4.198 -4.297 -4.465 -4.487 -4.657 -4.847
0.5617 -3.475 -3.426 -3.501 -3.694 -3.836 -3.975 -3.615 -3.716 -3.839 -3.981 -4.121 -4.27 -3.711 -3.884 -4.056 -4.176 -4.287 -3.948 -4.09 -4.21 -4.309 -4.477 -4.499 -4.668 -4.859
0.5753 -3.487 -3.438 -3.513 -3.706 -3.848 -3.987 -3.626 -3.728 -3.85 -3.992 -4.133 -4.281 -3.723 -3.896 -4.067 -4.188 -4.299 -3.959 -4.102 -4.222 -4.321 -4.489 -4.511 -4.68 -4.87
0.5891 -3.499 -3.45 -3.524 -3.717 -3.86 -3.999 -3.638 -3.74 -3.862 -4.004 -4.144 -4.293 -3.735 -3.907 -4.079 -4.2 -4.31 -3.971 -4.114 -4.233 -4.332 -4.501 -4.522 -4.692 -4.882
0.6034 -3.511 -3.461 -3.536 -3.729 -3.871 -4.011 -3.65 -3.751 -3.874 -4.016 -4.156 -4.305 -3.746 -3.919 -4.091 -4.212 -4.322 -3.983 -4.125 -4.245 -4.344 -4.512 -4.534 -4.703 -4.894
0.6179 -3.522 -3.473 -3.548 -3.741 -3.883 -4.022 -3.662 -3.763 -3.886 -4.027 -4.168 -4.317 -3.758 -3.931 -4.103 -4.223 -4.334 -3.994 -4.137 -4.257 -4.356 -4.524 -4.546 -4.715 -4.906
0.6328 -3.535 -3.486 -3.56 -3.753 -3.896 -4.035 -3.674 -3.776 -3.898 -4.04 -4.181 -4.329 -3.771 -3.943 -4.115 -4.236 -4.346 -4.007 -4.15 -4.269 -4.368 -4.537 -4.558 -4.728 -4.918
0.6481 -3.548 -3.499 -3.573 -3.766 -3.909 -4.048 -3.687 -3.789 -3.911 -4.053 -4.194 -4.342 -3.784 -3.956 -4.128 -4.249 -4.36 -4.02 -4.163 -4.283 -4.382 -4.55 -4.572 -4.741 -4.931
0.6637 -3.561 -3.512 -3.587 -3.779 -3.922 -4.061 -3.7 -3.802 -3.924 -4.066 -4.207 -4.355 -3.797 -3.969 -4.141 -4.262 -4.373 -4.033 -4.176 -4.296 -4.395 -4.563 -4.585 -4.754 -4.944
0.6797 -3.574 -3.525 -3.6 -3.793 -3.935 -4.074 -3.713 -3.815 -3.937 -4.079 -4.22 -4.368 -3.81 -3.983 -4.154 -4.275 -4.386 -4.046 -4.189 -4.309 -4.408 -4.576 -4.598 -4.767 -4.957
0.6961 -3.587 -3.538 -3.613 -3.806 -3.948 -4.087 -3.726 -3.828 -3.95 -4.092 -4.233 -4.381 -3.823 -3.996 -4.167 -4.288 -4.399 -4.059 -4.202 -4.322 -4.421 -4.589 -4.611 -4.78 -4.97
0.7129 -3.6 -3.551 -3.626 -3.819 -3.961 -4.1 -3.739 -3.841 -3.964 -4.105 -4.246 -4.394 -3.836 -4.009 -4.18 -4.301 -4.412 -4.072 -4.215 -4.335 -4.434 -4.602 -4.624 -4.793 -4.983
0.7301 -3.613 -3.564 -3.639 -3.832 -3.974 -4.113 -3.752 -3.854 -3.977 -4.118 -4.259 -4.408 -3.849 -4.022 -4.194 -4.314 -4.425 -4.085 -4.228 -4.348 -4.447 -4.615 -4.637 -4.806 -4.997
0.7477 -3.626 -3.577 -3.652 -3.845 -3.987 -4.126 -3.766 -3.867 -3.99 -4.132 -4.272 -4.421 -3.862 -4.035 -4.207 -4.327 -4.438 -4.099 -4.241 -4.361 -4.46 -4.628 -4.65 -4.819 -5.01
0.7658 -3.64 -3.59 -3.665 -3.858 -4.0 -4.139 -3.779 -3.88 -4.003 -4.145 -4.285 -4.434 -3.875 -4.048 -4.22 -4.34 -4.451 -4.112 -4.254 -4.374 -4.473 -4.641 -4.663 -4.832 -5.023
0.7842 -3.653 -3.603 -3.678 -3.871 -4.013 -4.153 -3.792 -3.893 -4.016 -4.158 -4.298 -4.447 -3.888 -4.061 -4.233 -4.353 -4.464 -4.125 -4.267 -4.387 -4.486 -4.654 -4.676 -4.845 -5.036
0.8032 -3.668 -3.619 -3.694 -3.887 -4.029 -4.168 -3.807 -3.909 -4.032 -4.173 -4.314 -4.463 -3.904 -4.077 -4.249 -4.369 -4.48 -4.14 -4.283 -4.403 -4.502 -4.67 -4.692 -4.861 -5.052
0.8225 -3.685 -3.636 -3.71 -3.903 -4.046 -4.185 -3.824 -3.926 -4.048 -4.19 -4.331 -4.479 -3.921 -4.093 -4.265 -4.386 -4.497 -4.157 -4.3 -4.419 -4.518 -4.687 -4.708 -4.878 -5.068
