web/models/grb/offaxis/17/grb_0.2967_1.0000_0.1584893.dat
# %ECSV 1.0
# ---
# datatype:
# - {name: time, datatype: float64}
# - {name: swift_uvot_uvw2, datatype: float64}
# - {name: swift_uvot_uvm2, datatype: float64}
# - {name: swift_uvot_uvw1, datatype: float64}
# - {name: swift_uvot_U, datatype: float64}
# - {name: swift_uvot_B, datatype: float64}
# - {name: swift_uvot_V, datatype: float64}
# - {name: swift_uvot_W, datatype: float64}
# - {name: johnson_U, datatype: float64}
# - {name: johnson_B, datatype: float64}
# - {name: johnson_V, datatype: float64}
# - {name: johnson_R, datatype: float64}
# - {name: johnson_I, datatype: float64}
# - {name: sdss_u, datatype: float64}
# - {name: sdss_g, datatype: float64}
# - {name: sdss_r, datatype: float64}
# - {name: sdss_i, datatype: float64}
# - {name: sdss_z, datatype: float64}
# - {name: PS1_g, datatype: float64}
# - {name: PS1_r, datatype: float64}
# - {name: PS1_i, datatype: float64}
# - {name: PS1_z, datatype: float64}
# - {name: PS1_Y, datatype: float64}
# - {name: ukirt_J, datatype: float64}
# - {name: ukirt_H, datatype: float64}
# - {name: ukirt_K, datatype: float64}
# meta: !!omap
# - comment: [E = 0.00043396498804093575, Eta0 = 8.02, GammaB = 12.0, dL = 0.012188, epsb = 6.760829753919819e-06, epse = 0.1, n = 0.15848931924611143,
#     p = 2.15, theta_obs = 0.29670597283903605, xiN = 1.0, z = 0.0, type = grb, E_kiso = 1.0]
# schema: astropy-2.0
time swift_uvot_uvw2 swift_uvot_uvm2 swift_uvot_uvw1 swift_uvot_U swift_uvot_B swift_uvot_V swift_uvot_W johnson_U johnson_B johnson_V johnson_R johnson_I sdss_u sdss_g sdss_r sdss_i sdss_z PS1_g PS1_r PS1_i PS1_z PS1_Y ukirt_J ukirt_H ukirt_K
[from data line 289]
9.8125 3.867 3.916 3.841 3.648 3.506 3.367 3.728 3.626 3.503 3.362 3.221 3.073 3.631 3.458 3.286 3.166 3.055 3.395 3.252 3.132 3.033 2.865 2.843 2.674 2.483
10.0492 3.915 3.965 3.89 3.697 3.555 3.416 3.776 3.675 3.552 3.41 3.27 3.121 3.68 3.507 3.335 3.215 3.104 3.443 3.301 3.181 3.082 2.914 2.892 2.723 2.532
10.2917 3.964 4.014 3.939 3.746 3.604 3.464 3.825 3.724 3.601 3.459 3.319 3.17 3.729 3.556 3.384 3.263 3.153 3.492 3.35 3.23 3.131 2.963 2.941 2.772 2.581
10.5399 4.013 4.063 3.988 3.795 3.652 3.513 3.874 3.772 3.65 3.508 3.368 3.219 3.777 3.605 3.433 3.312 3.202 3.541 3.399 3.279 3.18 3.011 2.99 2.82 2.63
10.7942 4.058 4.108 4.033 3.84 3.697 3.558 3.919 3.817 3.695 3.553 3.413 3.264 3.822 3.65 3.478 3.357 3.247 3.586 3.444 3.324 3.225 3.056 3.035 2.865 2.675
11.0546 4.103 4.152 4.078 3.885 3.742 3.603 3.964 3.862 3.74 3.598 3.457 3.309 3.867 3.695 3.523 3.402 3.291 3.631 3.488 3.369 3.27 3.101 3.08 2.91 2.72
11.3212 4.148 4.197 4.122 3.929 3.787 3.648 4.009 3.907 3.785 3.643 3.502 3.354 3.912 3.739 3.568 3.447 3.336 3.676 3.533 3.413 3.314 3.146 3.124 2.955 2.765
11.5943 4.193 4.242 4.167 3.974 3.832 3.693 4.053 3.952 3.829 3.688 3.547 3.398 3.957 3.784 3.612 3.492 3.381 3.721 3.578 3.458 3.359 3.191 3.169 3.0 2.809
11.874 4.237 4.287 4.212 4.019 3.877 3.737 4.098 3.997 3.874 3.732 3.592 3.443 4.002 3.829 3.657 3.537 3.426 3.765 3.623 3.503 3.404 3.236 3.214 3.045 2.854
12.1605 4.282 4.332 4.257 4.064 3.921 3.782 4.143 4.041 3.919 3.777 3.637 3.488 4.046 3.874 3.702 3.581 3.471 3.81 3.668 3.548 3.449 3.28 3.259 3.089 2.899
12.4538 4.327 4.376 4.302 4.109 3.966 3.827 4.188 4.086 3.964 3.822 3.681 3.533 4.091 3.919 3.747 3.626 3.515 3.855 3.712 3.593 3.493 3.325 3.304 3.134 2.944
12.7542 4.372 4.421 4.346 4.153 4.011 3.872 4.233 4.131 4.009 3.867 3.726 3.578 4.136 3.963 3.792 3.671 3.56 3.9 3.757 3.637 3.538 3.37 3.348 3.179 2.989
13.0619 4.417 4.466 4.391 4.198 4.056 3.917 4.277 4.176 4.053 3.911 3.771 3.622 4.181 4.008 3.836 3.716 3.605 3.944 3.802 3.682 3.583 3.415 3.393 3.224 3.033
13.377 4.461 4.511 4.436 4.243 4.1 3.961 4.322 4.22 4.098 3.956 3.816 3.667 4.225 4.053 3.881 3.76 3.65 3.989 3.847 3.727 3.628 3.459 3.438 3.268 3.078
13.6997 4.504 4.553 4.478 4.285 4.143 4.004 4.365 4.263 4.141 3.999 3.858 3.71 4.268 4.095 3.924 3.803 3.692 4.032 3.889 3.769 3.67 3.502 3.48 3.311 3.121
14.0302 4.546 4.596 4.521 4.328 4.186 4.047 4.407 4.306 4.183 4.041 3.901 3.752 4.311 4.138 3.966 3.846 3.735 4.074 3.932 3.812 3.713 3.545 3.523 3.354 3.163
14.3686 4.589 4.638 4.564 4.371 4.228 4.089 4.45 4.348 4.226 4.084 3.944 3.795 4.353 4.181 4.009 3.888 3.778 4.117 3.974 3.855 3.756 3.587 3.566 3.396 3.206
14.7153 4.632 4.681 4.606 4.413 4.271 4.132 4.493 4.391 4.269 4.127 3.986 3.838 4.396 4.223 4.052 3.931 3.82 4.16 4.017 3.897 3.798 3.63 3.608 3.439 3.249
15.0702 4.674 4.724 4.649 4.456 4.314 4.174 4.535 4.434 4.311 4.169 4.029 3.88 4.439 4.266 4.094 3.973 3.863 4.202 4.06 3.94 3.841 3.673 3.651 3.482 3.291
15.4338 4.717 4.766 4.692 4.499 4.356 4.217 4.578 4.476 4.354 4.212 4.071 3.923 4.481 4.309 4.137 4.016 3.905 4.245 4.102 3.983 3.883 3.715 3.694 3.524 3.334
15.8061 4.76 4.809 4.734 4.541 4.399 4.26 4.621 4.519 4.396 4.255 4.114 3.965 4.524 4.351 4.179 4.059 3.948 4.288 4.145 4.025 3.926 3.758 3.736 3.567 3.376
16.1874 4.802 4.852 4.777 4.584 4.441 4.302 4.663 4.561 4.439 4.297 4.157 4.008 4.567 4.394 4.222 4.101 3.991 4.33 4.188 4.068 3.969 3.8 3.779 3.609 3.419
16.5779 4.845 4.894 4.819 4.627 4.484 4.345 4.706 4.604 4.482 4.34 4.199 4.051 4.609 4.437 4.265 4.144 4.033 4.373 4.23 4.11 4.011 3.843 3.821 3.652 3.462
16.9778 4.887 4.937 4.862 4.669 4.526 4.387 4.748 4.646 4.524 4.382 4.242 4.093 4.651 4.479 4.307 4.186 4.076 4.415 4.272 4.153 4.054 3.885 3.864 3.694 3.504
17.3873 4.928 4.977 4.902 4.709 4.567 4.428 4.789 4.687 4.565 4.423 4.282 4.134 4.692 4.52 4.348 4.227 4.116 4.456 4.313 4.193 4.094 3.926 3.904 3.735 3.545
17.8068 4.969 5.018 4.943 4.75 4.608 4.469 4.829 4.728 4.605 4.464 4.323 4.174 4.733 4.56 4.388 4.268 4.157 4.497 4.354 4.234 4.135 3.967 3.945 3.776 3.585
18.2363 5.009 5.059 4.984 4.791 4.649 4.509 4.87 4.769 4.646 4.504 4.364 4.215 4.774 4.601 4.429 4.308 4.198 4.537 4.395 4.275 4.176 4.008 3.986 3.817 3.626
18.6762 5.05 5.1 5.025 4.832 4.689 4.55 4.911 4.809 4.687 4.545 4.405 4.256 4.814 4.642 4.47 4.349 4.239 4.578 4.435 4.316 4.217 4.048 4.027 3.857 3.667
19.1268 5.091 5.14 5.065 4.872 4.73 4.591 4.952 4.85 4.728 4.586 4.445 4.297 4.855 4.683 4.511 4.39 4.279 4.619 4.476 4.356 4.257 4.089 4.067 3.898 3.708
19.5882 5.132 5.181 5.106 4.913 4.771 4.632 4.992 4.891 4.768 4.627 4.486 4.337 4.896 4.723 4.551 4.431 4.32 4.66 4.517 4.397 4.298 4.13 4.108 3.939 3.748
20.0607 5.172 5.222 5.147 4.954 4.812 4.672 5.033 4.932 4.809 4.667 4.527 4.378 4.937 4.764 4.592 4.471 4.361 4.7 4.558 4.438 4.339 4.171 4.149 3.98 3.789
20.5446 5.213 5.262 5.188 4.995 4.852 4.713 5.074 4.972 4.85 4.708 4.568 4.419 4.977 4.805 4.633 4.512 4.402 4.741 4.598 4.479 4.38 4.211 4.19 4.02 3.83
21.0402 5.254 5.303 5.228 5.035 4.893 4.754 5.115 5.013 4.891 4.749 4.608 4.46 5.018 4.845 4.674 4.553 4.442 4.782 4.639 4.519 4.42 4.252 4.23 4.061 3.871
21.5478 5.293 5.342 5.267 5.075 4.932 4.793 5.154 5.052 4.93 4.788 4.647 4.499 5.057 4.885 4.713 4.592 4.481 4.821 4.678 4.558 4.459 4.291 4.269 4.1 3.91
22.0676 5.329 5.379 5.304 5.111 4.968 4.829 5.19 5.088 4.966 4.824 4.684 4.535 5.093 4.921 4.749 4.628 4.518 4.857 4.715 4.595 4.496 4.327 4.306 4.136 3.946
22.5999 5.366 5.415 5.34 5.147 5.005 4.866 5.226 5.125 5.002 4.86 4.72 4.571 5.13 4.957 4.785 4.665 4.554 4.893 4.751 4.631 4.532 4.364 4.342 4.173 3.982
23.1451 5.402 5.451 5.376 5.183 5.041 4.902 5.263 5.161 5.039 4.897 4.756 4.608 5.166 4.994 4.822 4.701 4.59 4.93 4.787 4.667 4.568 4.4 4.378 4.209 4.019
23.7034 5.438 5.488 5.413 5.22 5.077 4.938 5.299 5.197 5.075 4.933 4.793 4.644 5.202 5.03 4.858 4.737 4.627 4.966 4.824 4.704 4.605 4.436 4.415 4.245 4.055
24.2752 5.474 5.524 5.449 5.256 5.114 4.975 5.335 5.234 5.111 4.969 4.829 4.68 5.239 5.066 4.894 4.774 4.663 5.002 4.86 4.74 4.641 4.473 4.451 4.282 4.091
24.8608 5.511 5.56 5.485 5.292 5.15 5.011 5.372 5.27 5.148 5.006 4.865 4.717 5.275 5.103 4.931 4.81 4.699 5.039 4.896 4.776 4.677 4.509 4.487 4.318 4.128
25.4606 5.547 5.597 5.522 5.329 5.186 5.047 5.408 5.306 5.184 5.042 4.902 4.753 5.311 5.139 4.967 4.846 4.736 5.075 4.933 4.813 4.714 4.545 4.524 4.354 4.164
26.0748 5.583 5.633 5.558 5.365 5.223 5.084 5.444 5.343 5.22 5.078 4.938 4.789 5.348 5.175 5.003 4.883 4.772 5.111 4.969 4.849 4.75 4.582 4.56 4.391 4.2
26.7038 5.62 5.669 5.594 5.401 5.259 5.12 5.481 5.379 5.257 5.115 4.974 4.826 5.384 5.211 5.04 4.919 4.808 5.148 5.005 4.885 4.786 4.618 4.596 4.427 4.237
27.3479 5.655 5.705 5.63 5.437 5.294 5.155 5.516 5.414 5.292 5.15 5.01 4.861 5.42 5.247 5.075 4.954 4.844 5.183 5.041 4.921 4.822 4.653 4.632 4.462 4.272
28.0077 5.69 5.739 5.665 5.472 5.329 5.19 5.551 5.449 5.327 5.185 5.044 4.896 5.454 5.282 5.11 4.989 4.878 5.218 5.075 4.955 4.856 4.688 4.666 4.497 4.307
28.6833 5.725 5.774 5.699 5.506 5.364 5.225 5.585 5.484 5.361 5.22 5.079 4.93 5.489 5.316 5.144 5.024 4.913 5.253 5.11 4.99 4.891 4.723 4.701 4.532 4.341
29.3752 5.759 5.809 5.734 5.541 5.398 5.259 5.62 5.519 5.396 5.254 5.114 4.965 5.524 5.351 5.179 5.058 4.948 5.287 5.145 5.025 4.926 4.758 4.736 4.566 4.376
30.0838 5.794 5.843 5.769 5.576 5.433 5.294 5.655 5.553 5.431 5.289 5.148 5.0 5.558 5.386 5.214 5.093 4.982 5.322 5.179 5.059 4.96 4.792 4.77 4.601 4.411
30.8096 5.829 5.878 5.803 5.61 5.468 5.329 5.69 5.588 5.465 5.324 5.183 5.034 5.593 5.42 5.248 5.128 5.017 5.357 5.214 5.094 4.995 4.827 4.805 4.636 4.445
31.5528 5.863 5.913 5.838 5.645 5.503 5.363 5.724 5.623 5.5 5.358 5.218 5.069 5.628 5.455 5.283 5.162 5.052 5.391 5.249 5.129 5.03 4.862 4.84 4.671 4.48
32.3139 5.898 5.947 5.873 5.68 5.537 5.398 5.759 5.657 5.535 5.393 5.252 5.104 5.662 5.49 5.318 5.197 5.086 5.426 5.283 5.164 5.064 4.896 4.875 4.705 4.515
33.0935 5.933 5.982 5.907 5.714 5.572 5.433 5.794 5.692 5.569 5.428 5.287 5.139 5.697 5.524 5.352 5.232 5.121 5.461 5.318 5.198 5.099 4.931 4.909 4.74 4.55
33.8918 5.967 6.017 5.942 5.749 5.607 5.467 5.828 5.727 5.604 5.462 5.322 5.173 5.732 5.559 5.387 5.266 5.156 5.495 5.353 5.233 5.134 4.966 4.944 4.775 4.584
34.7093 6.001 6.05 5.975 5.782 5.64 5.501 5.861 5.76 5.637 5.495 5.355 5.206 5.765 5.592 5.42 5.3 5.189 5.528 5.386 5.266 5.167 4.999 4.977 4.808 4.617
35.5466 6.033 6.083 6.008 5.815 5.672 5.533 5.894 5.792 5.67 5.528 5.388 5.239 5.797 5.625 5.453 5.332 5.222 5.561 5.418 5.299 5.2 5.031 5.01 4.84 4.65
36.4041 6.066 6.115 6.04 5.847 5.705 5.566 5.927 5.825 5.702 5.561 5.42 5.272 5.83 5.657 5.485 5.365 5.254 5.594 5.451 5.331 5.232 5.064 5.042 4.873 4.682
37.2823 6.098 6.148 6.073 5.88 5.737 5.598 5.959 5.857 5.735 5.593 5.453 5.304 5.862 5.69 5.518 5.397 5.287 5.626 5.484 5.364 5.265 5.096 5.075 4.905 4.715
38.1817 6.131 6.18 6.105 5.912 5.77 5.631 5.992 5.89 5.767 5.626 5.485 5.337 5.895 5.722 5.551 5.43 5.319 5.659 5.516 5.396 5.297 5.129 5.107 4.938 4.748
39.1028 6.163 6.213 6.138 5.945 5.802 5.663 6.024 5.922 5.8 5.658 5.518 5.369 5.927 5.755 5.583 5.462 5.352 5.691 5.549 5.429 5.33 5.161 5.14 4.97 4.78
40.046 6.196 6.245 6.17 5.977 5.835 5.696 6.057 5.955 5.833 5.691 5.55 5.402 5.96 5.787 5.616 5.495 5.384 5.724 5.581 5.461 5.362 5.194 5.172 5.003 4.813
41.0121 6.228 6.278 6.203 6.01 5.867 5.728 6.089 5.987 5.865 5.723 5.583 5.434 5.993 5.82 5.648 5.527 5.417 5.756 5.614 5.494 5.395 5.227 5.205 5.035 4.845
42.0014 6.261 6.31 6.235 6.042 5.9 5.761 6.122 6.02 5.898 5.756 5.615 5.467 6.025 5.852 5.681 5.56 5.449 5.789 5.646 5.526 5.427 5.259 5.237 5.068 4.878
43.0146 6.293 6.343 6.268 6.075 5.933 5.793 6.154 6.053 5.93 5.788 5.648 5.499 6.058 5.885 5.713 5.592 5.482 5.821 5.679 5.559 5.46 5.292 5.27 5.101 4.91
44.0523 6.332 6.381 6.306 6.114 5.971 5.832 6.193 6.091 5.969 5.827 5.686 5.538 6.096 5.924 5.752 5.631 5.52 5.86 5.717 5.597 5.498 5.33 5.308 5.139 4.949
45.1149 6.372 6.421 6.347 6.154 6.011 5.872 6.233 6.131 6.009 5.867 5.726 5.578 6.136 5.964 5.792 5.671 5.56 5.9 5.757 5.637 5.538 5.37 5.348 5.179 4.989
46.2033 6.412 6.461 6.387 6.194 6.051 5.912 6.273 6.171 6.049 5.907 5.766 5.618 6.176 6.004 5.832 5.711 5.601 5.94 5.797 5.678 5.579 5.41 5.389 5.219 5.029
47.3178 6.452 6.501 6.427 6.234 6.091 5.952 6.313 6.211 6.089 5.947 5.807 5.658 6.216 6.044 5.872 5.751 5.641 5.98 5.837 5.718 5.619 5.45 5.429 5.259 5.069
48.4593 6.492 6.542 6.467 6.274 6.131 5.992 6.353 6.251 6.129 5.987 5.847 5.698 6.256 6.084 5.912 5.791 5.681 6.02 5.877 5.758 5.659 5.49 5.469 5.299 5.109
49.6283 6.532 6.582 6.507 6.314 6.171 6.032 6.393 6.291 6.169 6.027 5.887 5.738 6.296 6.124 5.952 5.831 5.721 6.06 5.918 5.798 5.699 5.53 5.509 5.339 5.149
50.8255 6.572 6.622 6.547 6.354 6.211 6.072 6.433 6.331 6.209 6.067 5.927 5.778 6.336 6.164 5.992 5.871 5.761 6.1 5.958 5.838 5.739 5.57 5.549 5.379 5.189
52.0515 6.612 6.662 6.587 6.394 6.251 6.112 6.473 6.371 6.249 6.107 5.967 5.818 6.376 6.204 6.032 5.911 5.801 6.14 5.998 5.878 5.779 5.61 5.589 5.419 5.229
53.3072 6.652 6.702 6.627 6.434 6.291 6.152 6.513 6.412 6.289 6.147 6.007 5.858 6.417 6.244 6.072 5.951 5.841 6.18 6.038 5.918 5.819 5.651 5.629 5.459 5.269
54.5931 6.692 6.742 6.667 6.474 6.332 6.192 6.553 6.452 6.329 6.187 6.047 5.898 6.457 6.284 6.112 5.991 5.881 6.22 6.078 5.958 5.859 5.691 5.669 5.5 5.309
55.9101 6.758 6.808 6.733 6.54 6.398 6.259 6.619 6.518 6.395 6.253 6.113 5.964 6.523 6.35 6.178 6.058 5.947 6.286 6.144 6.024 5.925 5.757 5.735 5.566 5.375
57.2588 6.826 6.875 6.801 6.608 6.465 6.326 6.687 6.585 6.463 6.321 6.18 6.032 6.59 6.418 6.246 6.125 6.015 6.354 6.211 6.092 5.993 5.824 5.803 5.633 5.443
58.6401 6.894 6.943 6.868 6.675 6.533 6.394 6.754 6.653 6.53 6.389 6.248 6.099 6.658 6.485 6.313 6.193 6.082 6.422 6.279 6.159 6.06 5.892 5.87 5.701 5.51
60.0546 6.961 7.011 6.936 6.743 6.6 6.461 6.822 6.72 6.598 6.456 6.316 6.167 6.725 6.553 6.381 6.26 6.15 6.489 6.346 6.227 6.128 5.959 5.938 5.768 5.578
61.5034 7.029 7.078 7.003 6.81 6.668 6.529 6.89 6.788 6.665 6.524 6.383 6.235 6.793 6.62 6.449 6.328 6.217 6.557 6.414 6.294 6.195 6.027 6.005 5.836 5.646
62.987 7.096 7.146 7.071 6.878 6.735 6.596 6.957 6.855 6.733 6.591 6.451 6.302 6.86 6.688 6.516 6.395 6.285 6.624 6.482 6.362 6.263 6.094 6.073 5.903 5.713
64.5065 7.164 7.213 7.138 6.945 6.803 6.664 7.025 6.923 6.801 6.659 6.518 6.37 6.928 6.755 6.584 6.463 6.352 6.692 6.549 6.429 6.33 6.162 6.14 5.971 5.781
66.0626 7.231 7.281 7.206 7.013 6.871 6.731 7.092 6.991 6.868 6.726 6.586 6.437 6.996 6.823 6.651 6.53 6.42 6.759 6.617 6.497 6.398 6.23 6.208 6.039 5.848
67.6562 7.299 7.348 7.273 7.08 6.938 6.799 7.16 7.058 6.936 6.794 6.653 6.505 7.063 6.891 6.719 6.598 6.487 6.827 6.684 6.564 6.465 6.297 6.275 6.106 5.916
69.2883 7.37 7.419 7.344 7.151 7.009 6.87 7.23 7.129 7.006 6.864 6.724 6.575 7.134 6.961 6.789 6.669 6.558 6.897 6.755 6.635 6.536 6.368 6.346 6.177 5.986
70.9597 7.471 7.52 7.445 7.252 7.11 6.971 7.332 7.23 7.108 6.966 6.825 6.677 7.235 7.063 6.891 6.77 6.659 6.999 6.856 6.736 6.637 6.469 6.447 6.278 6.088
72.6715 7.572 7.622 7.547 7.354 7.211 7.072 7.433 7.331 7.209 7.067 6.927 6.778 7.336 7.164 6.992 6.871 6.761 7.1 6.958 6.838 6.739 6.57 6.549 6.379 6.189
74.4246 7.673 7.723 7.648 7.455 7.313 7.174 7.534 7.433 7.31 7.168 7.028 6.879 7.438 7.265 7.093 6.973 6.862 7.201 7.059 6.939 6.84 6.672 6.65 6.481 6.29
76.2199 7.775 7.824 7.749 7.556 7.414 7.275 7.636 7.534 7.412 7.27 7.129 6.981 7.539 7.367 7.195 7.074 6.963 7.303 7.16 7.04 6.941 6.773 6.751 6.582 6.392
78.0586 7.876 7.926 7.851 7.658 7.515 7.376 7.737 7.635 7.513 7.371 7.231 7.082 7.64 7.468 7.296 7.175 7.065 7.404 7.262 7.142 7.043 6.874 6.853 6.683 6.493
79.9416 7.977 8.027 7.952 7.759 7.617 7.478 7.838 7.737 7.614 7.472 7.332 7.183 7.742 7.569 7.397 7.277 7.166 7.505 7.363 7.243 7.144 6.976 6.954 6.785 6.594
81.87 8.079 8.128 8.053 7.86 7.718 7.579 7.94 7.838 7.716 7.574 7.433 7.285 7.843 7.671 7.499 7.378 7.267 7.607 7.464 7.344 7.245 7.077 7.055 6.886 6.696
83.845 8.18 8.23 8.155 7.962 7.819 7.68 8.041 7.939 7.817 7.675 7.535 7.386 7.944 7.772 7.6 7.479 7.369 7.708 7.566 7.446 7.347 7.178 7.157 6.987 6.797
85.8676 8.281 8.331 8.256 8.063 7.921 7.782 8.142 8.041 7.918 7.776 7.636 7.487 8.046 7.873 7.701 7.581 7.47 7.809 7.667 7.547 7.448 7.28 7.258 7.089 6.898
87.939 8.398 8.447 8.372 8.179 8.037 7.898 8.259 8.157 8.034 7.893 7.752 7.604 8.162 7.989 7.817 7.697 7.586 7.926 7.783 7.663 7.564 7.396 7.374 7.205 7.015
90.0604 8.562 8.611 8.536 8.343 8.201 8.062 8.423 8.321 8.198 8.057 7.916 7.768 8.326 8.153 7.981 7.861 7.75 8.09 7.947 7.827 7.728 7.56 7.538 7.369 7.179
92.2329 8.726 8.775 8.7 8.507 8.365 8.226 8.587 8.485 8.362 8.221 8.08 7.932 8.49 8.317 8.145 8.025 7.914 8.254 8.111 7.991 7.892 7.724 7.702 7.533 7.343
94.4579 8.89 8.939 8.864 8.671 8.529 8.39 8.751 8.649 8.526 8.385 8.244 8.096 8.654 8.481 8.309 8.189 8.078 8.418 8.275 8.155 8.056 7.888 7.866 7.697 7.507
96.7365 9.054 9.103 9.028 8.835 8.693 8.554 8.915 8.813 8.69 8.549 8.408 8.26 8.818 8.645 8.474 8.353 8.242 8.582 8.439 8.319 8.22 8.052 8.03 7.861 7.671
99.0701 9.218 9.267 9.192 8.999 8.857 8.718 9.079 8.977 8.854 8.713 8.572 8.424 8.982 8.809 8.638 8.517 8.406 8.746 8.603 8.483 8.384 8.216 8.194 8.025 7.835
101.4599 9.382 9.431 9.356 9.163 9.021 8.882 9.243 9.141 9.018 8.877 8.736 8.588 9.146 8.973 8.802 8.681 8.57 8.91 8.767 8.647 8.548 8.38 8.358 8.189 7.999
103.9075 9.546 9.595 9.52 9.327 9.185 9.046 9.407 9.305 9.182 9.041 8.9 8.752 9.31 9.137 8.966 8.845 8.734 9.074 8.931 8.811 8.712 8.544 8.522 8.353 8.163
106.4141 9.71 9.759 9.684 9.491 9.349 9.21 9.571 9.469 9.346 9.205 9.064 8.916 9.474 9.301 9.13 9.009 8.898 9.238 9.095 8.975 8.876 8.708 8.686 8.517 8.327
108.9811 9.874 9.923 9.848 9.655 9.513 9.374 9.735 9.633 9.51 9.369 9.228 9.08 9.638 9.465 9.294 9.173 9.062 9.402 9.259 9.139 9.04 8.872 8.85 8.681 8.491
