web/models/grb/offaxis/17/grb_0.2967_0.0193_0.0000398.dat
# %ECSV 1.0
# ---
# datatype:
# - {name: time, datatype: float64}
# - {name: swift_uvot_uvw2, datatype: float64}
# - {name: swift_uvot_uvm2, datatype: float64}
# - {name: swift_uvot_uvw1, datatype: float64}
# - {name: swift_uvot_U, datatype: float64}
# - {name: swift_uvot_B, datatype: float64}
# - {name: swift_uvot_V, datatype: float64}
# - {name: swift_uvot_W, datatype: float64}
# - {name: johnson_U, datatype: float64}
# - {name: johnson_B, datatype: float64}
# - {name: johnson_V, datatype: float64}
# - {name: johnson_R, datatype: float64}
# - {name: johnson_I, datatype: float64}
# - {name: sdss_u, datatype: float64}
# - {name: sdss_g, datatype: float64}
# - {name: sdss_r, datatype: float64}
# - {name: sdss_i, datatype: float64}
# - {name: sdss_z, datatype: float64}
# - {name: PS1_g, datatype: float64}
# - {name: PS1_r, datatype: float64}
# - {name: PS1_i, datatype: float64}
# - {name: PS1_z, datatype: float64}
# - {name: PS1_Y, datatype: float64}
# - {name: PS1_w, datatype: float64}
# - {name: ATLAS_c, datatype: float64}
# - {name: ATLAS_o, datatype: float64}
# - {name: ukirt_J, datatype: float64}
# - {name: ukirt_H, datatype: float64}
# - {name: ukirt_K, datatype: float64}
# - {name: Clear, datatype: float64}
# meta: !!omap
# - comment: [E = 8.378552168254813e-06, Eta0 = 8.02, GammaB = 12.0, dL = 0.012188, epsb = 6.760829753919819e-06, epse = 0.1, n = 3.9810717055349695e-05,
#     p = 2.15, theta_obs = 0.29670597283903605, xiN = 1.0, z = 0.0, type = grb, E_kiso = 0.019306977288832496]
# schema: astropy-2.0
time swift_uvot_uvw2 swift_uvot_uvm2 swift_uvot_uvw1 swift_uvot_U swift_uvot_B swift_uvot_V swift_uvot_W johnson_U johnson_B johnson_V johnson_R johnson_I sdss_u sdss_g sdss_r sdss_i sdss_z PS1_g PS1_r PS1_i PS1_z PS1_Y PS1_w ATLAS_c ATLAS_o ukirt_J ukirt_H ukirt_K Clear
[from data line 233]
2.5826 11.032 11.082 11.007 10.814 10.672 10.532 10.893 10.792 10.669 10.527 10.387 10.238 10.797 10.624 10.452 10.332 10.221 10.56 10.418 10.298 10.199 10.031 10.454 10.55 10.397 10.009 9.84 9.649 10.364
2.6449 11.03 11.079 11.004 10.811 10.669 10.53 10.891 10.789 10.667 10.525 10.384 10.236 10.794 10.622 10.45 10.329 10.218 10.558 10.415 10.295 10.196 10.028 10.452 10.547 10.394 10.006 9.837 9.647 10.362
2.7087 11.013 11.063 10.988 10.795 10.652 10.513 10.874 10.772 10.65 10.508 10.368 10.219 10.778 10.605 10.433 10.312 10.202 10.541 10.399 10.279 10.18 10.011 10.435 10.531 10.378 9.99 9.82 9.63 10.345
2.7741 10.983 11.033 10.958 10.765 10.622 10.483 10.844 10.743 10.62 10.478 10.338 10.189 10.748 10.575 10.403 10.282 10.172 10.511 10.369 10.249 10.15 9.982 10.405 10.501 10.348 9.96 9.79 9.6 10.315
2.841 10.953 11.003 10.928 10.735 10.593 10.453 10.814 10.713 10.59 10.448 10.308 10.159 10.718 10.545 10.373 10.252 10.142 10.481 10.339 10.219 10.12 9.952 10.375 10.471 10.318 9.93 9.761 9.57 10.285
2.9095 10.923 10.973 10.898 10.705 10.563 10.423 10.784 10.683 10.56 10.418 10.278 10.129 10.688 10.515 10.343 10.223 10.112 10.451 10.309 10.189 10.09 9.922 10.345 10.441 10.288 9.9 9.731 9.54 10.255
2.9797 10.893 10.943 10.868 10.675 10.533 10.394 10.754 10.653 10.53 10.388 10.248 10.099 10.658 10.485 10.313 10.193 10.082 10.421 10.279 10.159 10.06 9.892 10.316 10.411 10.258 9.87 9.701 9.51 10.225
3.0516 10.863 10.913 10.838 10.645 10.503 10.364 10.724 10.623 10.5 10.358 10.218 10.069 10.628 10.455 10.283 10.163 10.052 10.391 10.249 10.129 10.03 9.862 10.286 10.381 10.228 9.84 9.671 9.48 10.195
3.1252 10.834 10.883 10.808 10.615 10.473 10.334 10.694 10.593 10.47 10.328 10.188 10.039 10.598 10.425 10.253 10.133 10.022 10.361 10.219 10.099 10.0 9.832 10.256 10.351 10.198 9.81 9.641 9.45 10.165
3.2006 10.804 10.853 10.778 10.585 10.443 10.304 10.664 10.563 10.44 10.299 10.158 10.009 10.568 10.395 10.223 10.103 9.992 10.332 10.189 10.069 9.97 9.802 10.226 10.321 10.168 9.78 9.611 9.42 10.135
3.2778 10.774 10.823 10.748 10.555 10.413 10.274 10.635 10.533 10.41 10.269 10.128 9.98 10.538 10.365 10.193 10.073 9.962 10.302 10.159 10.039 9.94 9.772 10.196 10.291 10.138 9.75 9.581 9.391 10.106
3.3569 10.744 10.793 10.718 10.525 10.383 10.244 10.605 10.503 10.38 10.239 10.098 9.95 10.508 10.335 10.164 10.043 9.932 10.272 10.129 10.009 9.91 9.742 10.166 10.261 10.108 9.72 9.551 9.361 10.076
3.4378 10.734 10.783 10.708 10.515 10.373 10.234 10.595 10.493 10.371 10.229 10.088 9.94 10.498 10.325 10.154 10.033 9.922 10.262 10.119 9.999 9.9 9.732 10.156 10.251 10.098 9.71 9.541 9.351 10.066
3.5208 10.734 10.784 10.709 10.516 10.374 10.234 10.595 10.494 10.371 10.229 10.089 9.94 10.499 10.326 10.154 10.033 9.923 10.262 10.12 10.0 9.901 9.733 10.156 10.252 10.099 9.711 9.542 9.351 10.066
3.6057 10.735 10.784 10.709 10.516 10.374 10.235 10.596 10.494 10.372 10.23 10.089 9.941 10.499 10.327 10.155 10.034 9.923 10.263 10.12 10.0 9.901 9.733 10.157 10.252 10.099 9.711 9.542 9.352 10.067
3.6927 10.735 10.785 10.71 10.517 10.375 10.235 10.596 10.495 10.372 10.23 10.09 9.941 10.5 10.327 10.155 10.035 9.924 10.263 10.121 10.001 9.902 9.734 10.157 10.253 10.1 9.712 9.543 9.352 10.067
3.7818 10.736 10.785 10.71 10.518 10.375 10.236 10.597 10.495 10.373 10.231 10.09 9.942 10.5 10.328 10.156 10.035 9.924 10.264 10.121 10.001 9.902 9.734 10.158 10.253 10.1 9.712 9.543 9.353 10.068
3.873 10.736 10.786 10.711 10.518 10.376 10.237 10.597 10.496 10.373 10.231 10.091 9.942 10.501 10.328 10.156 10.036 9.925 10.264 10.122 10.002 9.903 9.735 10.159 10.254 10.101 9.713 9.544 9.353 10.068
3.9664 10.737 10.786 10.712 10.519 10.376 10.237 10.598 10.496 10.374 10.232 10.091 9.943 10.501 10.329 10.157 10.036 9.925 10.265 10.122 10.003 9.904 9.735 10.159 10.254 10.102 9.714 9.544 9.354 10.069
4.0621 10.738 10.787 10.712 10.519 10.377 10.238 10.598 10.497 10.374 10.232 10.092 9.943 10.502 10.329 10.157 10.037 9.926 10.265 10.123 10.003 9.904 9.736 10.16 10.255 10.102 9.714 9.545 9.354 10.069
4.1601 10.738 10.788 10.713 10.52 10.377 10.238 10.599 10.497 10.375 10.233 10.093 9.944 10.502 10.33 10.158 10.037 9.927 10.266 10.123 10.004 9.905 9.736 10.16 10.255 10.103 9.715 9.545 9.355 10.07
4.2604 10.739 10.788 10.713 10.52 10.378 10.239 10.6 10.498 10.375 10.234 10.093 9.945 10.503 10.33 10.158 10.038 9.927 10.267 10.124 10.004 9.905 9.737 10.161 10.256 10.103 9.715 9.546 9.355 10.07
4.3632 10.741 10.79 10.715 10.522 10.38 10.241 10.602 10.5 10.377 10.236 10.095 9.946 10.505 10.332 10.16 10.04 9.929 10.269 10.126 10.006 9.907 9.739 10.163 10.258 10.105 9.717 9.548 9.357 10.072
4.4685 10.743 10.792 10.718 10.525 10.382 10.243 10.604 10.502 10.38 10.238 10.097 9.949 10.507 10.335 10.163 10.042 9.931 10.271 10.128 10.008 9.909 9.741 10.165 10.26 10.107 9.719 9.55 9.36 10.075
4.5763 10.745 10.795 10.72 10.527 10.385 10.245 10.606 10.505 10.382 10.24 10.1 9.951 10.51 10.337 10.165 10.044 9.934 10.273 10.131 10.011 9.912 9.744 10.167 10.263 10.11 9.722 9.553 9.362 10.077
4.6867 10.748 10.797 10.722 10.529 10.387 10.248 10.609 10.507 10.384 10.243 10.102 9.954 10.512 10.339 10.167 10.047 9.936 10.276 10.133 10.013 9.914 9.746 10.17 10.265 10.112 9.724 9.555 9.365 10.079
4.7997 10.75 10.799 10.725 10.532 10.389 10.25 10.611 10.509 10.387 10.245 10.104 9.956 10.514 10.342 10.17 10.049 9.938 10.278 10.135 10.016 9.916 9.748 10.172 10.267 10.114 9.727 9.557 9.367 10.082
4.9155 10.752 10.802 10.727 10.534 10.392 10.252 10.613 10.512 10.389 10.247 10.107 9.958 10.517 10.344 10.172 10.051 9.941 10.28 10.138 10.018 9.919 9.751 10.174 10.27 10.117 9.729 9.56 9.369 10.084
5.0341 10.755 10.804 10.729 10.536 10.394 10.255 10.616 10.514 10.391 10.25 10.109 9.961 10.519 10.346 10.175 10.054 9.943 10.283 10.14 10.02 9.921 9.753 10.177 10.272 10.119 9.731 9.562 9.372 10.087
5.1555 10.757 10.806 10.732 10.539 10.396 10.257 10.618 10.516 10.394 10.252 10.111 9.963 10.521 10.349 10.177 10.056 9.946 10.285 10.142 10.023 9.924 9.755 10.179 10.274 10.122 9.734 9.564 9.374 10.089
5.2799 10.759 10.809 10.734 10.541 10.399 10.259 10.62 10.519 10.396 10.254 10.114 9.965 10.524 10.351 10.179 10.058 9.948 10.287 10.145 10.025 9.926 9.758 10.181 10.277 10.124 9.736 9.567 9.376 10.091
5.4072 10.762 10.811 10.736 10.543 10.401 10.262 10.623 10.521 10.399 10.257 10.116 9.968 10.526 10.353 10.182 10.061 9.95 10.29 10.147 10.027 9.928 9.76 10.184 10.279 10.126 9.738 9.569 9.379 10.094
5.5377 10.76 10.81 10.735 10.542 10.399 10.26 10.621 10.519 10.397 10.255 10.115 9.966 10.524 10.352 10.18 10.059 9.949 10.288 10.146 10.026 9.927 9.758 10.182 10.277 10.125 9.737 9.567 9.377 10.092
5.6713 10.758 10.808 10.733 10.54 10.398 10.259 10.619 10.518 10.395 10.253 10.113 9.964 10.523 10.35 10.178 10.058 9.947 10.286 10.144 10.024 9.925 9.757 10.181 10.276 10.123 9.735 9.566 9.375 10.09
5.8081 10.757 10.806 10.731 10.538 10.396 10.257 10.618 10.516 10.394 10.252 10.111 9.963 10.521 10.348 10.177 10.056 9.945 10.285 10.142 10.022 9.923 9.755 10.179 10.274 10.121 9.733 9.564 9.374 10.089
5.9482 10.755 10.804 10.73 10.537 10.394 10.255 10.616 10.514 10.392 10.25 10.109 9.961 10.519 10.347 10.175 10.054 9.944 10.283 10.14 10.021 9.922 9.753 10.177 10.272 10.12 9.732 9.562 9.372 10.087
6.0917 10.753 10.803 10.728 10.535 10.393 10.253 10.614 10.513 10.39 10.248 10.108 9.959 10.518 10.345 10.173 10.052 9.942 10.281 10.139 10.019 9.92 9.752 10.175 10.271 10.118 9.73 9.561 9.37 10.085
6.2386 10.752 10.801 10.726 10.533 10.391 10.252 10.612 10.511 10.388 10.247 10.106 9.957 10.516 10.343 10.171 10.051 9.94 10.28 10.137 10.017 9.918 9.75 10.174 10.269 10.116 9.728 9.559 9.368 10.083
6.3891 10.75 10.799 10.724 10.532 10.389 10.25 10.611 10.509 10.387 10.245 10.104 9.956 10.514 10.342 10.17 10.049 9.938 10.278 10.135 10.015 9.916 9.748 10.172 10.267 10.114 9.726 9.557 9.367 10.082
6.5433 10.748 10.798 10.723 10.53 10.387 10.248 10.609 10.507 10.385 10.243 10.103 9.954 10.512 10.34 10.168 10.047 9.937 10.276 10.134 10.014 9.915 9.746 10.17 10.265 10.113 9.725 9.555 9.365 10.08
6.7011 10.746 10.796 10.721 10.528 10.386 10.247 10.607 10.506 10.383 10.241 10.101 9.952 10.511 10.338 10.166 10.046 9.935 10.274 10.132 10.012 9.913 9.745 10.169 10.264 10.111 9.723 9.554 9.363 10.078
6.8627 10.748 10.798 10.723 10.53 10.387 10.248 10.609 10.507 10.385 10.243 10.103 9.954 10.512 10.34 10.168 10.047 9.937 10.276 10.134 10.014 9.915 9.746 10.17 10.266 10.113 9.725 9.555 9.365 10.08
7.0283 10.788 10.837 10.762 10.569 10.427 10.288 10.648 10.547 10.424 10.282 10.142 9.993 10.552 10.379 10.207 10.087 9.976 10.315 10.173 10.053 9.954 9.786 10.21 10.305 10.152 9.764 9.595 9.404 10.119
7.1978 10.827 10.876 10.801 10.608 10.466 10.327 10.688 10.586 10.464 10.322 10.181 10.033 10.591 10.419 10.247 10.126 10.015 10.355 10.212 10.092 9.993 9.825 10.249 10.344 10.191 9.803 9.634 9.444 10.159
7.3715 10.866 10.916 10.841 10.648 10.505 10.366 10.727 10.625 10.503 10.361 10.221 10.072 10.63 10.458 10.286 10.165 10.055 10.394 10.252 10.132 10.033 9.864 10.288 10.383 10.231 9.843 9.673 9.483 10.198
7.5493 10.905 10.955 10.88 10.687 10.545 10.406 10.766 10.665 10.542 10.4 10.26 10.111 10.67 10.497 10.325 10.205 10.094 10.433 10.291 10.171 10.072 9.904 10.328 10.423 10.27 9.882 9.713 9.522 10.237
7.7314 10.945 10.994 10.919 10.726 10.584 10.445 10.806 10.704 10.582 10.44 10.299 10.151 10.709 10.537 10.365 10.244 10.133 10.473 10.33 10.21 10.111 9.943 10.367 10.462 10.309 9.921 9.752 9.562 10.277
7.9179 10.984 11.034 10.959 10.766 10.623 10.484 10.845 10.743 10.621 10.479 10.339 10.19 10.748 10.576 10.404 10.283 10.173 10.512 10.37 10.25 10.151 9.982 10.406 10.501 10.349 9.961 9.791 9.601 10.316
8.1089 11.023 11.073 10.998 10.805 10.663 10.524 10.884 10.783 10.66 10.518 10.378 10.229 10.788 10.615 10.443 10.323 10.212 10.551 10.409 10.289 10.19 10.022 10.446 10.541 10.388 10.0 9.831 9.64 10.355
8.3045 11.063 11.112 11.037 10.844 10.702 10.563 10.924 10.822 10.7 10.558 10.417 10.269 10.827 10.654 10.483 10.362 10.251 10.591 10.448 10.328 10.229 10.061 10.485 10.58 10.427 10.039 9.87 9.68 10.395
8.5049 11.102 11.152 11.077 10.884 10.741 10.602 10.963 10.861 10.739 10.597 10.457 10.308 10.866 10.694 10.522 10.401 10.291 10.63 10.487 10.368 10.269 10.1 10.524 10.619 10.467 10.079 9.909 9.719 10.434
8.71 11.147 11.196 11.121 10.928 10.786 10.647 11.008 10.906 10.784 10.642 10.501 10.353 10.911 10.738 10.567 10.446 10.335 10.675 10.532 10.412 10.313 10.145 10.569 10.664 10.511 10.123 9.954 9.764 10.479
8.9201 11.209 11.259 11.184 10.991 10.849 10.71 11.07 10.969 10.846 10.704 10.564 10.415 10.974 10.801 10.629 10.509 10.398 10.737 10.595 10.475 10.376 10.208 10.632 10.727 10.574 10.186 10.017 9.826 10.541
9.1353 11.272 11.322 11.247 11.054 10.911 10.772 11.133 11.031 10.909 10.767 10.627 10.478 11.036 10.864 10.692 10.571 10.461 10.8 10.657 10.538 10.439 10.27 10.694 10.789 10.637 10.249 10.079 9.889 10.604
9.3557 11.335 11.384 11.309 11.116 10.974 10.835 11.196 11.094 10.972 10.83 10.689 10.541 11.099 10.926 10.755 10.634 10.523 10.863 10.72 10.6 10.501 10.333 10.757 10.852 10.699 10.311 10.142 9.952 10.667
9.5814 11.397 11.447 11.372 11.179 11.037 10.898 11.258 11.157 11.034 10.892 10.752 10.603 11.162 10.989 10.817 10.697 10.586 10.925 10.783 10.663 10.564 10.396 10.82 10.915 10.762 10.374 10.205 10.014 10.729
9.8125 11.46 11.51 11.435 11.242 11.099 10.96 11.321 11.219 11.097 10.955 10.815 10.666 11.224 11.052 10.88 10.759 10.649 10.988 10.846 10.726 10.627 10.458 10.882 10.977 10.825 10.437 10.267 10.077 10.792
10.0492 11.523 11.572 11.497 11.304 11.162 11.023 11.384 11.282 11.16 11.018 10.877 10.729 11.287 11.115 10.943 10.822 10.711 11.051 10.908 10.788 10.689 10.521 10.945 11.04 10.887 10.499 10.33 10.14 10.855
10.2917 11.585 11.635 11.56 11.367 11.225 11.086 11.446 11.345 11.222 11.08 10.94 10.791 11.35 11.177 11.005 10.885 10.774 11.113 10.971 10.851 10.752 10.584 11.008 11.103 10.95 10.562 10.393 10.202 10.917
10.5399 11.648 11.698 11.623 11.43 11.287 11.148 11.509 11.407 11.285 11.143 11.003 10.854 11.412 11.24 11.068 10.947 10.837 11.176 11.034 10.914 10.815 10.646 11.07 11.165 11.013 10.625 10.455 10.265 10.98
10.7942 11.711 11.76 11.685 11.492 11.35 11.211 11.572 11.47 11.348 11.206 11.065 10.917 11.475 11.303 11.131 11.01 10.899 11.239 11.096 10.976 10.877 10.709 11.133 11.228 11.075 10.687 10.518 10.328 11.043
11.0546 11.777 11.826 11.751 11.559 11.416 11.277 11.638 11.536 11.414 11.272 11.131 10.983 11.541 11.369 11.197 11.076 10.965 11.305 11.162 11.042 10.943 10.775 11.199 11.294 11.141 10.753 10.584 10.394 11.109
11.3212 11.849 11.898 11.823 11.63 11.488 11.349 11.71 11.608 11.485 11.344 11.203 11.055 11.613 11.44 11.268 11.148 11.037 11.377 11.234 11.114 11.015 10.847 11.271 11.366 11.213 10.825 10.656 10.465 11.18
11.5943 11.92 11.97 11.895 11.702 11.56 11.42 11.781 11.68 11.557 11.415 11.275 11.126 11.685 11.512 11.34 11.219 11.109 11.448 11.306 11.186 11.087 10.919 11.342 11.438 11.285 10.897 10.728 10.537 11.252
11.874 11.992 12.042 11.967 11.774 11.631 11.492 11.853 11.751 11.629 11.487 11.347 11.198 11.756 11.584 11.412 11.291 11.181 11.52 11.377 11.258 11.159 10.99 11.414 11.509 11.357 10.969 10.799 10.609 11.324
12.1605 12.064 12.113 12.038 11.845 11.703 11.564 11.925 11.823 11.701 11.559 11.418 11.27 11.828 11.656 11.484 11.363 11.252 11.592 11.449 11.329 11.23 11.062 11.486 11.581 11.428 11.04 10.871 10.681 11.396
12.4538 12.136 12.185 12.11 11.917 11.775 11.636 11.996 11.895 11.772 11.63 11.49 11.341 11.9 11.727 11.555 11.435 11.324 11.663 11.521 11.401 11.302 11.134 11.558 11.653 11.5 11.112 10.943 10.752 11.467
12.7542 12.207 12.257 12.182 11.989 11.846 11.707 12.068 11.967 11.844 11.702 11.562 11.413 11.972 11.799 11.627 11.506 11.396 11.735 11.593 11.473 11.374 11.206 11.629 11.725 11.572 11.184 11.014 10.824 11.539
13.0619 12.279 12.328 12.254 12.061 11.918 11.779 12.14 12.038 11.916 11.774 11.633 11.485 12.043 11.871 11.699 11.578 11.468 11.807 11.664 11.545 11.446 11.277 11.701 11.796 11.644 11.256 11.086 10.896 11.611
13.377 12.351 12.4 12.325 12.132 11.99 11.851 12.212 12.11 11.988 11.846 11.705 11.557 12.115 11.942 11.771 11.65 11.539 11.879 11.736 11.616 11.517 11.349 11.773 11.868 11.715 11.327 11.158 10.968 11.683
13.6997 12.422 12.472 12.397 12.204 12.062 11.923 12.283 12.182 12.059 11.917 11.777 11.628 12.187 12.014 11.842 11.722 11.611 11.95 11.808 11.688 11.589 11.421 11.845 11.94 11.787 11.399 11.23 11.039 11.754
14.0302 12.495 12.544 12.469 12.276 12.134 11.995 12.356 12.254 12.131 11.99 11.849 11.701 12.259 12.086 11.914 11.794 11.683 12.023 11.88 11.76 11.661 11.493 11.917 12.012 11.859 11.471 11.302 11.111 11.826
14.3686 12.567 12.617 12.542 12.349 12.206 12.067 12.428 12.326 12.204 12.062 11.922 11.773 12.331 12.159 11.987 11.866 11.756 12.095 11.953 11.833 11.734 11.565 11.989 12.084 11.932 11.544 11.374 11.184 11.899
14.7153 12.64 12.689 12.614 12.421 12.279 12.14 12.501 12.399 12.276 12.135 11.994 11.846 12.404 12.231 12.06 11.939 11.828 12.168 12.025 11.905 11.806 11.638 12.062 12.157 12.004 11.616 11.447 11.257 11.972
15.0702 12.712 12.762 12.687 12.494 12.351 12.212 12.573 12.471 12.349 12.207 12.067 11.918 12.476 12.304 12.132 12.011 11.901 12.24 12.098 11.978 11.879 11.71 12.134 12.229 12.077 11.689 11.519 11.329 12.044
15.4338 12.785 12.834 12.759 12.566 12.424 12.285 12.646 12.544 12.422 12.28 12.139 11.991 12.549 12.376 12.205 12.084 11.973 12.313 12.17 12.05 11.951 11.783 12.207 12.302 12.149 11.761 11.592 11.402 12.117
15.8061 12.857 12.907 12.832 12.639 12.496 12.357 12.718 12.617 12.494 12.352 12.212 12.063 12.622 12.449 12.277 12.156 12.046 12.385 12.243 12.123 12.024 11.856 12.279 12.375 12.222 11.834 11.664 11.474 12.189
16.1874 12.93 12.979 12.904 12.711 12.569 12.43 12.791 12.689 12.567 12.425 12.284 12.136 12.694 12.521 12.35 12.229 12.118 12.458 12.315 12.195 12.096 11.928 12.352 12.447 12.294 11.906 11.737 11.547 12.262
