web/models/grb/offaxis/17/grb_0.2967_0.0518_0.0000158.dat
# %ECSV 1.0
# ---
# datatype:
# - {name: time, datatype: float64}
# - {name: swift_uvot_uvw2, datatype: float64}
# - {name: swift_uvot_uvm2, datatype: float64}
# - {name: swift_uvot_uvw1, datatype: float64}
# - {name: swift_uvot_U, datatype: float64}
# - {name: swift_uvot_B, datatype: float64}
# - {name: swift_uvot_V, datatype: float64}
# - {name: swift_uvot_W, datatype: float64}
# - {name: johnson_U, datatype: float64}
# - {name: johnson_B, datatype: float64}
# - {name: johnson_V, datatype: float64}
# - {name: johnson_R, datatype: float64}
# - {name: johnson_I, datatype: float64}
# - {name: sdss_u, datatype: float64}
# - {name: sdss_g, datatype: float64}
# - {name: sdss_r, datatype: float64}
# - {name: sdss_i, datatype: float64}
# - {name: sdss_z, datatype: float64}
# - {name: PS1_g, datatype: float64}
# - {name: PS1_r, datatype: float64}
# - {name: PS1_i, datatype: float64}
# - {name: PS1_z, datatype: float64}
# - {name: PS1_Y, datatype: float64}
# - {name: ukirt_J, datatype: float64}
# - {name: ukirt_H, datatype: float64}
# - {name: ukirt_K, datatype: float64}
# meta: !!omap
# - comment: [E = 2.247710667230903e-05, Eta0 = 8.02, GammaB = 12.0, dL = 0.012188, epsb = 6.760829753919819e-06, epse = 0.1, n = 1.584893192461114e-05,
#     p = 2.15, theta_obs = 0.29670597283903605, xiN = 1.0, z = 0.0, type = grb, E_kiso = 0.05179474679231213]
# schema: astropy-2.0
time swift_uvot_uvw2 swift_uvot_uvm2 swift_uvot_uvw1 swift_uvot_U swift_uvot_B swift_uvot_V swift_uvot_W johnson_U johnson_B johnson_V johnson_R johnson_I sdss_u sdss_g sdss_r sdss_i sdss_z PS1_g PS1_r PS1_i PS1_z PS1_Y ukirt_J ukirt_H ukirt_K
[from data line 270]
6.2386 10.48 10.53 10.455 10.262 10.119 9.98 10.341 10.239 10.117 9.975 9.835 9.686 10.244 10.072 9.9 9.779 9.669 10.008 9.865 9.746 9.647 9.478 9.457 9.287 9.097
6.3891 10.45 10.5 10.425 10.232 10.089 9.95 10.311 10.209 10.087 9.945 9.805 9.656 10.214 10.042 9.87 9.749 9.639 9.978 9.836 9.716 9.617 9.448 9.427 9.257 9.067
6.5433 10.45 10.499 10.425 10.232 10.089 9.95 10.311 10.209 10.087 9.945 9.804 9.656 10.214 10.042 9.87 9.749 9.638 9.978 9.835 9.716 9.617 9.448 9.427 9.257 9.067
6.7011 10.451 10.5 10.425 10.232 10.09 9.951 10.311 10.21 10.087 9.945 9.805 9.656 10.215 10.042 9.87 9.75 9.639 9.978 9.836 9.716 9.617 9.449 9.427 9.258 9.067
6.8627 10.451 10.501 10.426 10.233 10.09 9.951 10.312 10.21 10.088 9.946 9.806 9.657 10.215 10.043 9.871 9.75 9.64 9.979 9.836 9.717 9.618 9.449 9.428 9.258 9.068
7.0283 10.452 10.501 10.426 10.233 10.091 9.952 10.313 10.211 10.088 9.947 9.806 9.658 10.216 10.043 9.871 9.751 9.64 9.98 9.837 9.717 9.618 9.45 9.428 9.259 9.068
7.1978 10.452 10.502 10.427 10.234 10.091 9.952 10.313 10.211 10.089 9.947 9.807 9.658 10.216 10.044 9.872 9.751 9.641 9.98 9.838 9.718 9.619 9.45 9.429 9.259 9.069
7.3715 10.453 10.502 10.427 10.234 10.092 9.953 10.314 10.212 10.09 9.948 9.807 9.659 10.217 10.044 9.873 9.752 9.641 9.981 9.838 9.718 9.619 9.451 9.429 9.26 9.07
7.5493 10.453 10.503 10.428 10.235 10.092 9.953 10.314 10.212 10.09 9.948 9.808 9.659 10.218 10.045 9.873 9.752 9.642 9.981 9.839 9.719 9.62 9.451 9.43 9.26 9.07
7.7314 10.454 10.503 10.428 10.235 10.093 9.954 10.315 10.213 10.091 9.949 9.808 9.66 10.218 10.045 9.874 9.753 9.642 9.982 9.839 9.719 9.62 9.452 9.43 9.261 9.071
7.9179 10.454 10.504 10.429 10.236 10.094 9.954 10.315 10.214 10.091 9.949 9.809 9.66 10.219 10.046 9.874 9.753 9.643 9.982 9.84 9.72 9.621 9.453 9.431 9.262 9.071
8.1089 10.455 10.505 10.43 10.237 10.094 9.955 10.316 10.214 10.092 9.95 9.81 9.661 10.219 10.047 9.875 9.754 9.644 9.983 9.84 9.721 9.622 9.453 9.432 9.262 9.072
8.3045 10.457 10.507 10.432 10.239 10.097 9.958 10.318 10.217 10.094 9.952 9.812 9.663 10.222 10.049 9.877 9.757 9.646 9.985 9.843 9.723 9.624 9.456 9.434 9.265 9.074
8.5049 10.46 10.509 10.434 10.241 10.099 9.96 10.321 10.219 10.097 9.955 9.814 9.666 10.224 10.051 9.88 9.759 9.648 9.988 9.845 9.725 9.626 9.458 9.436 9.267 9.077
8.71 10.462 10.512 10.437 10.244 10.101 9.962 10.323 10.221 10.099 9.957 9.817 9.668 10.226 10.054 9.882 9.761 9.651 9.99 9.847 9.728 9.629 9.46 9.439 9.269 9.079
8.9201 10.464 10.514 10.439 10.246 10.104 9.965 10.325 10.224 10.101 9.959 9.819 9.67 10.229 10.056 9.884 9.764 9.653 9.992 9.85 9.73 9.631 9.463 9.441 9.272 9.081
9.1353 10.467 10.516 10.441 10.248 10.106 9.967 10.328 10.226 10.104 9.962 9.821 9.673 10.231 10.058 9.887 9.766 9.655 9.995 9.852 9.732 9.633 9.465 9.443 9.274 9.084
9.3557 10.469 10.519 10.444 10.251 10.108 9.969 10.33 10.228 10.106 9.964 9.824 9.675 10.233 10.061 9.889 9.768 9.658 9.997 9.855 9.735 9.636 9.467 9.446 9.276 9.086
9.5814 10.471 10.521 10.446 10.253 10.111 9.972 10.332 10.231 10.108 9.966 9.826 9.677 10.236 10.063 9.891 9.771 9.66 9.999 9.857 9.737 9.638 9.47 9.448 9.279 9.088
9.8125 10.474 10.523 10.448 10.255 10.113 9.974 10.335 10.233 10.111 9.969 9.828 9.68 10.238 10.066 9.894 9.773 9.662 10.002 9.859 9.739 9.64 9.472 9.45 9.281 9.091
10.0492 10.476 10.526 10.451 10.258 10.115 9.976 10.337 10.235 10.113 9.971 9.831 9.682 10.24 10.068 9.896 9.775 9.665 10.004 9.862 9.742 9.643 9.474 9.453 9.283 9.093
10.2917 10.477 10.527 10.452 10.259 10.117 9.978 10.338 10.237 10.114 9.972 9.832 9.683 10.242 10.069 9.897 9.777 9.666 10.005 9.863 9.743 9.644 9.476 9.454 9.285 9.094
10.5399 10.476 10.525 10.45 10.257 10.115 9.976 10.337 10.235 10.113 9.971 9.83 9.682 10.24 10.067 9.896 9.775 9.664 10.004 9.861 9.741 9.642 9.474 9.452 9.283 9.093
10.7942 10.474 10.523 10.449 10.256 10.113 9.974 10.335 10.233 10.111 9.969 9.828 9.68 10.238 10.066 9.894 9.773 9.663 10.002 9.859 9.74 9.641 9.472 9.451 9.281 9.091
11.0546 10.472 10.522 10.447 10.254 10.111 9.972 10.333 10.232 10.109 9.967 9.827 9.678 10.237 10.064 9.892 9.771 9.661 10.0 9.858 9.738 9.639 9.471 9.449 9.279 9.089
11.3212 10.471 10.52 10.445 10.252 10.11 9.971 10.331 10.23 10.107 9.965 9.825 9.676 10.235 10.062 9.89 9.77 9.659 9.998 9.856 9.736 9.637 9.469 9.447 9.278 9.087
11.5943 10.469 10.518 10.443 10.25 10.108 9.969 10.33 10.228 10.106 9.964 9.823 9.675 10.233 10.061 9.889 9.768 9.657 9.997 9.854 9.734 9.635 9.467 9.445 9.276 9.086
11.874 10.467 10.517 10.442 10.249 10.106 9.967 10.328 10.226 10.104 9.962 9.822 9.673 10.231 10.059 9.887 9.766 9.656 9.995 9.852 9.733 9.634 9.465 9.444 9.274 9.084
12.1605 10.465 10.515 10.44 10.247 10.105 9.965 10.326 10.225 10.102 9.96 9.82 9.671 10.23 10.057 9.885 9.765 9.654 9.993 9.851 9.731 9.632 9.464 9.442 9.273 9.082
12.4538 10.464 10.513 10.438 10.245 10.103 9.964 10.325 10.223 10.1 9.959 9.818 9.67 10.228 10.055 9.884 9.763 9.652 9.992 9.849 9.729 9.63 9.462 9.44 9.271 9.081
12.7542 10.462 10.511 10.437 10.244 10.101 9.962 10.323 10.221 10.099 9.957 9.816 9.668 10.226 10.054 9.882 9.761 9.65 9.99 9.847 9.727 9.628 9.46 9.439 9.269 9.079
13.0619 10.477 10.526 10.451 10.259 10.116 9.977 10.338 10.236 10.114 9.972 9.831 9.683 10.241 10.069 9.897 9.776 9.665 10.005 9.862 9.742 9.643 9.475 9.453 9.284 9.094
13.377 10.516 10.566 10.491 10.298 10.155 10.016 10.377 10.275 10.153 10.011 9.871 9.722 10.28 10.108 9.936 9.815 9.705 10.044 9.902 9.782 9.683 9.514 9.493 9.323 9.133
13.6997 10.556 10.605 10.53 10.337 10.195 10.056 10.416 10.315 10.192 10.05 9.91 9.761 10.32 10.147 9.975 9.855 9.744 10.083 9.941 9.821 9.722 9.554 9.532 9.363 9.172
14.0302 10.595 10.644 10.569 10.376 10.234 10.095 10.456 10.354 10.232 10.09 9.949 9.801 10.359 10.187 10.015 9.894 9.783 10.123 9.98 9.86 9.761 9.593 9.571 9.402 9.212
14.3686 10.634 10.684 10.609 10.416 10.273 10.134 10.495 10.393 10.271 10.129 9.989 9.84 10.398 10.226 10.054 9.933 9.823 10.162 10.02 9.9 9.801 9.632 9.611 9.441 9.251
14.7153 10.673 10.723 10.648 10.455 10.313 10.174 10.534 10.433 10.31 10.168 10.028 9.879 10.438 10.265 10.093 9.973 9.862 10.201 10.059 9.939 9.84 9.672 9.65 9.481 9.29
15.0702 10.713 10.762 10.687 10.494 10.352 10.213 10.574 10.472 10.35 10.208 10.067 9.919 10.477 10.305 10.133 10.012 9.901 10.241 10.098 9.978 9.879 9.711 9.689 9.52 9.33
15.4338 10.752 10.802 10.727 10.534 10.391 10.252 10.613 10.511 10.389 10.247 10.107 9.958 10.516 10.344 10.172 10.051 9.941 10.28 10.138 10.018 9.919 9.75 9.729 9.559 9.369
15.8061 10.791 10.841 10.766 10.573 10.431 10.292 10.652 10.551 10.428 10.286 10.146 9.997 10.556 10.383 10.211 10.091 9.98 10.319 10.177 10.057 9.958 9.79 9.768 9.599 9.408
16.1874 10.831 10.88 10.805 10.612 10.47 10.331 10.692 10.59 10.468 10.326 10.185 10.037 10.595 10.422 10.251 10.13 10.019 10.359 10.216 10.096 9.997 9.829 9.807 9.638 9.448
16.5779 10.883 10.932 10.858 10.665 10.522 10.383 10.744 10.642 10.52 10.378 10.237 10.089 10.647 10.475 10.303 10.182 10.071 10.411 10.268 10.148 10.049 9.881 9.859 9.69 9.5
16.9778 10.946 10.995 10.92 10.727 10.585 10.446 10.807 10.705 10.582 10.441 10.3 10.151 10.71 10.537 10.365 10.245 10.134 10.474 10.331 10.211 10.112 9.944 9.922 9.753 9.562
17.3873 11.008 11.058 10.983 10.79 10.647 10.508 10.869 10.768 10.645 10.503 10.363 10.214 10.773 10.6 10.428 10.307 10.197 10.536 10.394 10.274 10.175 10.007 9.985 9.816 9.625
17.8068 11.071 11.12 11.046 10.853 10.71 10.571 10.932 10.83 10.708 10.566 10.425 10.277 10.835 10.663 10.491 10.37 10.259 10.599 10.456 10.336 10.237 10.069 10.048 9.878 9.688
18.2363 11.134 11.183 11.108 10.915 10.773 10.634 10.995 10.893 10.77 10.629 10.488 10.34 10.898 10.725 10.553 10.433 10.322 10.662 10.519 10.399 10.3 10.132 10.11 9.941 9.751
18.6762 11.196 11.246 11.171 10.978 10.836 10.696 11.057 10.956 10.833 10.691 10.551 10.402 10.961 10.788 10.616 10.495 10.385 10.724 10.582 10.462 10.363 10.195 10.173 10.004 9.813
19.1268 11.259 11.308 11.234 11.041 10.898 10.759 11.12 11.018 10.896 10.754 10.613 10.465 11.023 10.851 10.679 10.558 10.447 10.787 10.644 10.525 10.426 10.257 10.236 10.066 9.876
19.5882 11.322 11.371 11.296 11.103 10.961 10.822 11.183 11.081 10.958 10.817 10.676 10.528 11.086 10.913 10.742 10.621 10.51 10.85 10.707 10.587 10.488 10.32 10.298 10.129 9.939
20.0607 11.384 11.434 11.359 11.166 11.024 10.884 11.245 11.144 11.021 10.879 10.739 10.59 11.149 10.976 10.804 10.683 10.573 10.912 10.77 10.65 10.551 10.383 10.361 10.192 10.001
20.5446 11.447 11.496 11.422 11.229 11.086 10.947 11.308 11.206 11.084 10.942 10.801 10.653 11.211 11.039 10.867 10.746 10.636 10.975 10.832 10.713 10.614 10.445 10.424 10.254 10.064
21.0402 11.516 11.565 11.491 11.298 11.155 11.016 11.377 11.275 11.153 11.011 10.87 10.722 11.28 11.108 10.936 10.815 10.704 11.044 10.901 10.781 10.682 10.514 10.492 10.323 10.133
21.5478 11.588 11.637 11.562 11.369 11.227 11.088 11.449 11.347 11.224 11.083 10.942 10.794 11.352 11.179 11.008 10.887 10.776 11.116 10.973 10.853 10.754 10.586 10.564 10.395 10.205
22.0676 11.659 11.709 11.634 11.441 11.299 11.16 11.52 11.419 11.296 11.154 11.014 10.865 11.424 11.251 11.079 10.959 10.848 11.187 11.045 10.925 10.826 10.658 10.636 10.467 10.276
22.5999 11.731 11.781 11.706 11.513 11.37 11.231 11.592 11.49 11.368 11.226 11.086 10.937 11.495 11.323 11.151 11.03 10.92 11.259 11.117 10.997 10.898 10.729 10.708 10.538 10.348
23.1451 11.803 11.852 11.777 11.585 11.442 11.303 11.664 11.562 11.44 11.298 11.157 11.009 11.567 11.395 11.223 11.102 10.991 11.331 11.188 11.068 10.969 10.801 10.779 10.61 10.42
23.7034 11.875 11.924 11.849 11.656 11.514 11.375 11.736 11.634 11.511 11.37 11.229 11.08 11.639 11.466 11.294 11.174 11.063 11.403 11.26 11.14 11.041 10.873 10.851 10.682 10.491
24.2752 11.946 11.996 11.921 11.728 11.586 11.446 11.807 11.706 11.583 11.441 11.301 11.152 11.711 11.538 11.366 11.245 11.135 11.474 11.332 11.212 11.113 10.945 10.923 10.754 10.563
24.8608 12.018 12.068 11.993 11.8 11.657 11.518 11.879 11.777 11.655 11.513 11.373 11.224 11.782 11.61 11.438 11.317 11.207 11.546 11.403 11.284 11.185 11.016 10.995 10.825 10.635
25.4606 12.09 12.139 12.064 11.871 11.729 11.59 11.951 11.849 11.727 11.585 11.444 11.296 11.854 11.681 11.51 11.389 11.278 11.618 11.475 11.355 11.256 11.088 11.066 10.897 10.707
26.0748 12.162 12.211 12.136 11.943 11.801 11.662 12.022 11.921 11.798 11.656 11.516 11.367 11.926 11.753 11.581 11.461 11.35 11.689 11.547 11.427 11.328 11.16 11.138 10.969 10.778
26.7038 12.234 12.283 12.209 12.016 11.873 11.734 12.095 11.993 11.871 11.729 11.588 11.44 11.998 11.826 11.654 11.533 11.422 11.762 11.619 11.499 11.4 11.232 11.21 11.041 10.851
27.3479 12.306 12.356 12.281 12.088 11.946 11.807 12.167 12.066 11.943 11.801 11.661 11.512 12.071 11.898 11.726 11.606 11.495 11.834 11.692 11.572 11.473 11.305 11.283 11.114 10.923
28.0077 12.379 12.428 12.354 12.161 12.018 11.879 12.24 12.138 12.016 11.874 11.733 11.585 12.143 11.971 11.799 11.678 11.567 11.907 11.764 11.645 11.546 11.377 11.356 11.186 10.996
28.6833 12.452 12.501 12.426 12.233 12.091 11.952 12.312 12.211 12.088 11.946 11.806 11.657 12.216 12.043 11.871 11.751 11.64 11.979 11.837 11.717 11.618 11.45 11.428 11.259 11.068
29.3752 12.524 12.573 12.499 12.306 12.163 12.024 12.385 12.283 12.161 12.019 11.879 11.73 12.288 12.116 11.944 11.823 11.713 12.052 11.909 11.79 11.691 11.522 11.501 11.331 11.141
30.0838 12.597 12.646 12.571 12.378 12.236 12.097 12.457 12.356 12.233 12.092 11.951 11.802 12.361 12.188 12.016 11.896 11.785 12.125 11.982 11.862 11.763 11.595 11.573 11.404 11.213
30.8096 12.669 12.719 12.644 12.451 12.308 12.169 12.53 12.428 12.306 12.164 12.024 11.875 12.433 12.261 12.089 11.968 11.858 12.197 12.054 11.935 11.836 11.667 11.646 11.476 11.286
31.5528 12.742 12.791 12.716 12.523 12.381 12.242 12.603 12.501 12.378 12.237 12.096 11.948 12.506 12.333 12.161 12.041 11.93 12.27 12.127 12.007 11.908 11.74 11.718 11.549 11.359
32.3139 12.814 12.864 12.789 12.596 12.453 12.314 12.675 12.573 12.451 12.309 12.169 12.02 12.578 12.406 12.234 12.113 12.003 12.342 12.2 12.08 11.981 11.812 11.791 11.621 11.431
33.0935 12.887 12.936 12.861 12.668 12.526 12.387 12.748 12.646 12.524 12.382 12.241 12.093 12.651 12.478 12.307 12.186 12.075 12.415 12.272 12.152 12.053 11.885 11.863 11.694 11.504
33.8918 12.953 13.002 12.927 12.734 12.592 12.453 12.813 12.712 12.589 12.448 12.307 12.158 12.717 12.544 12.372 12.252 12.141 12.481 12.338 12.218 12.119 11.951 11.929 11.76 11.569
34.7093 13.018 13.068 12.993 12.8 12.658 12.518 12.879 12.778 12.655 12.513 12.373 12.224 12.783 12.61 12.438 12.317 12.207 12.546 12.404 12.284 12.185 12.017 11.995 11.826 11.635
35.5466 13.084 13.133 13.059 12.866 12.723 12.584 12.945 12.843 12.721 12.579 12.438 12.29 12.848 12.676 12.504 12.383 12.273 12.612 12.469 12.35 12.251 12.082 12.061 11.891 11.701
36.4041 13.15 13.199 13.124 12.931 12.789 12.65 13.011 12.909 12.787 12.645 12.504 12.356 12.914 12.741 12.57 12.449 12.338 12.678 12.535 12.415 12.316 12.148 12.126 11.957 11.767
37.2823 13.215 13.265 13.19 12.997 12.855 12.716 13.076 12.975 12.852 12.71 12.57 12.421 12.98 12.807 12.635 12.515 12.404 12.743 12.601 12.481 12.382 12.214 12.192 12.023 11.832
38.1817 13.281 13.331 13.256 13.063 12.92 12.781 13.142 13.04 12.918 12.776 12.636 12.487 13.045 12.873 12.701 12.58 12.47 12.809 12.667 12.547 12.448 12.279 12.258 12.088 11.898
39.1028 13.347 13.396 13.321 13.129 12.986 12.847 13.208 13.106 12.984 12.842 12.701 12.553 13.111 12.939 12.767 12.646 12.535 12.875 12.732 12.612 12.513 12.345 12.323 12.154 11.964
40.046 13.413 13.462 13.387 13.194 13.052 12.913 13.274 13.172 13.049 12.908 12.767 12.618 13.177 13.004 12.832 12.712 12.601 12.941 12.798 12.678 12.579 12.411 12.389 12.22 12.029
41.0121 13.478 13.528 13.453 13.26 13.118 12.978 13.339 13.238 13.115 12.973 12.833 12.684 13.243 13.07 12.898 12.777 12.667 13.006 12.864 12.744 12.645 12.477 12.455 12.286 12.095
42.0014 13.543 13.592 13.517 13.324 13.182 13.043 13.404 13.302 13.18 13.038 12.897 12.749 13.307 13.135 12.963 12.842 12.731 13.071 12.928 12.808 12.709 12.541 12.519 12.35 12.16
43.0146 13.599 13.648 13.574 13.381 13.238 13.099 13.46 13.358 13.236 13.094 12.953 12.805 13.363 13.191 13.019 12.898 12.787 13.127 12.984 12.865 12.765 12.597 12.576 12.406 12.216
44.0523 13.655 13.704 13.63 13.437 13.294 13.155 13.516 13.414 13.292 13.15 13.01 12.861 13.419 13.247 13.075 12.954 12.844 13.183 13.04 12.921 12.822 12.653 12.632 12.462 12.272
45.1149 13.711 13.761 13.686 13.493 13.35 13.211 13.572 13.47 13.348 13.206 13.066 12.917 13.475 13.303 13.131 13.01 12.9 13.239 13.096 12.977 12.878 12.709 12.688 12.518 12.328
46.2033 13.767 13.817 13.742 13.549 13.406 13.267 13.628 13.526 13.404 13.262 13.122 12.973 13.531 13.359 13.187 13.066 12.956 13.295 13.153 13.033 12.934 12.765 12.744 12.574 12.384
47.3178 13.823 13.873 13.798 13.605 13.463 13.323 13.684 13.583 13.46 13.318 13.178 13.029 13.588 13.415 13.243 13.122 13.012 13.351 13.209 13.089 12.99 12.822 12.8 12.631 12.44
48.4593 13.879 13.929 13.854 13.661 13.519 13.379 13.74 13.639 13.516 13.374 13.234 13.085 13.644 13.471 13.299 13.179 13.068 13.407 13.265 13.145 13.046 12.878 12.856 12.687 12.496
49.6283 13.935 13.985 13.91 13.717 13.575 13.436 13.796 13.695 13.572 13.43 13.29 13.141 13.7 13.527 13.355 13.235 13.124 13.463 13.321 13.201 13.102 12.934 12.912 12.743 12.552
50.8255 13.992 14.041 13.966 13.773 13.631 13.492 13.852 13.751 13.628 13.486 13.346 13.197 13.756 13.583 13.411 13.291 13.18 13.519 13.377 13.257 13.158 12.99 12.968 12.799 12.608
52.0515 14.048 14.097 14.022 13.829 13.687 13.548 13.909 13.807 13.684 13.543 13.402 13.254 13.812 13.639 13.467 13.347 13.236 13.576 13.433 13.313 13.214 13.046 13.024 12.855 12.665
53.3072 14.103 14.153 14.078 13.885 13.742 13.603 13.964 13.862 13.74 13.598 13.458 13.309 13.868 13.695 13.523 13.402 13.292 13.631 13.489 13.369 13.27 13.101 13.08 12.91 12.72
