web/models/grb/onaxis/15/grb_0.0000_0.0720_0.0000398.dat
# %ECSV 1.0
# ---
# datatype:
# - {name: time, datatype: float64}
# - {name: swift_uvot_uvw2, datatype: float64}
# - {name: swift_uvot_uvm2, datatype: float64}
# - {name: swift_uvot_uvw1, datatype: float64}
# - {name: swift_uvot_U, datatype: float64}
# - {name: swift_uvot_B, datatype: float64}
# - {name: swift_uvot_V, datatype: float64}
# - {name: swift_uvot_W, datatype: float64}
# - {name: johnson_U, datatype: float64}
# - {name: johnson_B, datatype: float64}
# - {name: johnson_V, datatype: float64}
# - {name: johnson_R, datatype: float64}
# - {name: johnson_I, datatype: float64}
# - {name: sdss_u, datatype: float64}
# - {name: sdss_g, datatype: float64}
# - {name: sdss_r, datatype: float64}
# - {name: sdss_i, datatype: float64}
# - {name: sdss_z, datatype: float64}
# - {name: PS1_g, datatype: float64}
# - {name: PS1_r, datatype: float64}
# - {name: PS1_i, datatype: float64}
# - {name: PS1_z, datatype: float64}
# - {name: PS1_Y, datatype: float64}
# - {name: PS1_w, datatype: float64}
# - {name: ATLAS_c, datatype: float64}
# - {name: ATLAS_o, datatype: float64}
# - {name: ukirt_J, datatype: float64}
# - {name: ukirt_H, datatype: float64}
# - {name: ukirt_K, datatype: float64}
# - {name: Clear, datatype: float64}
# meta: !!omap
# - comment: [E = 3.1231838447717776e-05, Eta0 = 8.02, GammaB = 12.0, dL = 0.012188, epsb = 6.760829753919819e-06, epse = 0.1, n = 3.9810717055349695e-05,
#     p = 2.15, theta_obs = 0.0, xiN = 1.0, z = 0.0, type = grb, E_kiso = 0.07196856730011521]
# schema: astropy-2.0
time swift_uvot_uvw2 swift_uvot_uvm2 swift_uvot_uvw1 swift_uvot_U swift_uvot_B swift_uvot_V swift_uvot_W johnson_U johnson_B johnson_V johnson_R johnson_I sdss_u sdss_g sdss_r sdss_i sdss_z PS1_g PS1_r PS1_i PS1_z PS1_Y PS1_w ATLAS_c ATLAS_o ukirt_J ukirt_H ukirt_K Clear
[from data line 181]
0.7477 4.685 4.735 4.66 4.467 4.325 4.185 4.546 4.445 4.322 4.18 4.04 3.891 4.45 4.277 4.105 3.985 3.874 4.213 4.071 3.951 3.852 3.684 4.107 4.203 4.05 3.662 3.493 3.302 4.017
0.7658 4.735 4.784 4.709 4.516 4.374 4.235 4.596 4.494 4.372 4.23 4.089 3.941 4.499 4.326 4.155 4.034 3.923 4.263 4.12 4.0 3.901 3.733 4.157 4.252 4.099 3.711 3.542 3.352 4.067
0.7842 4.784 4.834 4.759 4.566 4.423 4.284 4.645 4.543 4.421 4.279 4.139 3.99 4.549 4.376 4.204 4.083 3.973 4.312 4.17 4.05 3.951 3.782 4.206 4.302 4.149 3.761 3.591 3.401 4.116
0.8032 4.834 4.884 4.809 4.616 4.474 4.335 4.695 4.594 4.471 4.329 4.189 4.04 4.599 4.426 4.254 4.134 4.023 4.362 4.22 4.1 4.001 3.833 4.257 4.352 4.199 3.811 3.642 3.451 4.166
0.8225 4.891 4.941 4.866 4.673 4.53 4.391 4.752 4.65 4.528 4.386 4.246 4.097 4.656 4.483 4.311 4.19 4.08 4.419 4.277 4.157 4.058 3.889 4.313 4.409 4.256 3.868 3.698 3.508 4.223
0.8424 4.948 4.997 4.923 4.73 4.587 4.448 4.809 4.707 4.585 4.443 4.302 4.154 4.712 4.54 4.368 4.247 4.136 4.476 4.333 4.214 4.114 3.946 4.37 4.465 4.312 3.925 3.755 3.565 4.28
0.8627 5.005 5.054 4.979 4.786 4.644 4.505 4.866 4.764 4.642 4.5 4.359 4.211 4.769 4.596 4.425 4.304 4.193 4.533 4.39 4.27 4.171 4.003 4.427 4.522 4.369 3.981 3.812 3.622 4.337
0.8835 5.061 5.111 5.036 4.843 4.701 4.562 4.922 4.821 4.698 4.556 4.416 4.267 4.826 4.653 4.481 4.361 4.25 4.589 4.447 4.327 4.228 4.06 4.484 4.579 4.426 4.038 3.869 3.678 4.393
0.9048 5.118 5.168 5.093 4.9 4.757 4.618 4.979 4.877 4.755 4.613 4.473 4.324 4.882 4.71 4.538 4.417 4.307 4.646 4.504 4.384 4.285 4.116 4.54 4.636 4.483 4.095 3.925 3.735 4.45
0.9266 5.175 5.224 5.15 4.957 4.814 4.675 5.036 4.934 4.812 4.67 4.529 4.381 4.939 4.767 4.595 4.474 4.363 4.703 4.56 4.441 4.341 4.173 4.597 4.692 4.539 4.152 3.982 3.792 4.507
0.949 5.232 5.281 5.206 5.013 4.871 4.732 5.093 4.991 4.869 4.727 4.586 4.438 4.996 4.823 4.652 4.531 4.42 4.76 4.617 4.497 4.398 4.23 4.654 4.749 4.596 4.208 4.039 3.849 4.564
0.9719 5.288 5.338 5.263 5.07 4.928 4.789 5.149 5.048 4.925 4.783 4.643 4.494 5.053 4.88 4.708 4.588 4.477 4.816 4.674 4.554 4.455 4.287 4.711 4.806 4.653 4.265 4.096 3.905 4.62
0.9953 5.345 5.395 5.32 5.127 4.984 4.845 5.206 5.104 4.982 4.84 4.7 4.551 5.109 4.937 4.765 4.644 4.534 4.873 4.731 4.611 4.512 4.343 4.767 4.862 4.71 4.322 4.152 3.962 4.677
1.0194 5.401 5.451 5.376 5.183 5.04 4.901 5.262 5.16 5.038 4.896 4.756 4.607 5.166 4.993 4.821 4.7 4.59 4.929 4.787 4.667 4.568 4.4 4.823 4.919 4.766 4.378 4.208 4.018 4.733
1.0439 5.455 5.505 5.43 5.237 5.095 4.955 5.316 5.215 5.092 4.95 4.81 4.661 5.22 5.047 4.875 4.754 4.644 4.983 4.841 4.721 4.622 4.454 4.877 4.973 4.82 4.432 4.263 4.072 4.787
1.0691 5.509 5.559 5.484 5.291 5.149 5.009 5.37 5.269 5.146 5.004 4.864 4.715 5.274 5.101 4.929 4.808 4.698 5.037 4.895 4.775 4.676 4.508 4.931 5.027 4.874 4.486 4.317 4.126 4.841
1.0949 5.563 5.613 5.538 5.345 5.203 5.063 5.424 5.323 5.2 5.058 4.918 4.769 5.328 5.155 4.983 4.863 4.752 5.091 4.949 4.829 4.73 4.562 4.985 5.081 4.928 4.54 4.371 4.18 4.895
1.1213 5.617 5.667 5.592 5.399 5.257 5.118 5.478 5.377 5.254 5.112 4.972 4.823 5.382 5.209 5.037 4.917 4.806 5.145 5.003 4.883 4.784 4.616 5.04 5.135 4.982 4.594 4.425 4.234 4.949
1.1484 5.671 5.721 5.646 5.453 5.311 5.172 5.532 5.431 5.308 5.166 5.026 4.877 5.436 5.263 5.091 4.971 4.86 5.199 5.057 4.937 4.838 4.67 5.094 5.189 5.036 4.648 4.479 4.288 5.003
1.1761 5.726 5.775 5.7 5.507 5.365 5.226 5.586 5.485 5.362 5.22 5.08 4.931 5.49 5.317 5.145 5.025 4.914 5.253 5.111 4.991 4.892 4.724 5.148 5.243 5.09 4.702 4.533 4.342 5.057
1.2044 5.78 5.829 5.754 5.561 5.419 5.28 5.64 5.539 5.416 5.275 5.134 4.985 5.544 5.371 5.199 5.079 4.968 5.308 5.165 5.045 4.946 4.778 5.202 5.297 5.144 4.756 4.587 4.396 5.111
1.2335 5.834 5.883 5.808 5.615 5.473 5.334 5.695 5.593 5.47 5.329 5.188 5.04 5.598 5.425 5.253 5.133 5.022 5.362 5.219 5.099 5.0 4.832 5.256 5.351 5.198 4.81 4.641 4.45 5.165
1.2633 5.888 5.937 5.862 5.669 5.527 5.388 5.749 5.647 5.524 5.383 5.242 5.094 5.652 5.479 5.308 5.187 5.076 5.416 5.273 5.153 5.054 4.886 5.31 5.405 5.252 4.864 4.695 4.505 5.22
1.2937 5.94 5.99 5.915 5.722 5.58 5.441 5.801 5.7 5.577 5.435 5.295 5.146 5.705 5.532 5.36 5.24 5.129 5.468 5.326 5.206 5.107 4.939 5.363 5.458 5.305 4.917 4.748 4.557 5.272
1.3249 5.991 6.041 5.966 5.773 5.63 5.491 5.852 5.75 5.628 5.486 5.346 5.197 5.755 5.583 5.411 5.29 5.18 5.519 5.377 5.257 5.158 4.989 5.413 5.509 5.356 4.968 4.798 4.608 5.323
1.3569 6.042 6.091 6.017 5.824 5.681 5.542 5.903 5.801 5.679 5.537 5.396 5.248 5.806 5.634 5.462 5.341 5.231 5.57 5.427 5.308 5.209 5.04 5.464 5.559 5.407 5.019 4.849 4.659 5.374
1.3896 6.093 6.142 6.067 5.874 5.732 5.593 5.954 5.852 5.73 5.588 5.447 5.299 5.857 5.684 5.513 5.392 5.281 5.621 5.478 5.358 5.259 5.091 5.515 5.61 5.457 5.069 4.9 4.71 5.425
1.4232 6.144 6.193 6.118 5.925 5.783 5.644 6.005 5.903 5.78 5.639 5.498 5.349 5.908 5.735 5.563 5.443 5.332 5.672 5.529 5.409 5.31 5.142 5.566 5.661 5.508 5.12 4.951 4.76 5.475
1.4575 6.194 6.244 6.169 5.976 5.834 5.694 6.055 5.954 5.831 5.689 5.549 5.4 5.959 5.786 5.614 5.494 5.383 5.722 5.58 5.46 5.361 5.193 5.616 5.712 5.559 5.171 5.002 4.811 5.526
1.4927 6.245 6.295 6.22 6.027 5.884 5.745 6.106 6.004 5.882 5.74 5.6 5.451 6.009 5.837 5.665 5.544 5.434 5.773 5.631 5.511 5.412 5.243 5.667 5.762 5.61 5.222 5.052 4.862 5.577
1.5287 6.296 6.345 6.271 6.078 5.935 5.796 6.157 6.055 5.933 5.791 5.65 5.502 6.06 5.888 5.716 5.595 5.484 5.824 5.681 5.562 5.463 5.294 5.718 5.813 5.66 5.273 5.103 4.913 5.628
1.5655 6.347 6.396 6.321 6.128 5.986 5.847 6.208 6.106 5.984 5.842 5.701 5.553 6.111 5.938 5.767 5.646 5.535 5.875 5.732 5.612 5.513 5.345 5.769 5.864 5.711 5.323 5.154 4.964 5.679
1.6033 6.398 6.447 6.372 6.179 6.037 5.898 6.258 6.157 6.034 5.893 5.752 5.603 6.162 5.989 5.817 5.697 5.586 5.926 5.783 5.663 5.564 5.396 5.82 5.915 5.762 5.374 5.205 5.014 5.729
1.642 6.452 6.501 6.426 6.233 6.091 5.952 6.312 6.211 6.088 5.947 5.806 5.657 6.216 6.043 5.871 5.751 5.64 5.98 5.837 5.717 5.618 5.45 5.874 5.969 5.816 5.428 5.259 5.068 5.783
1.6816 6.508 6.558 6.483 6.29 6.148 6.008 6.369 6.268 6.145 6.003 5.863 5.714 6.273 6.1 5.928 5.807 5.697 6.036 5.894 5.774 5.675 5.507 5.93 6.026 5.873 5.485 5.316 5.125 5.84
1.7222 6.565 6.614 6.54 6.347 6.204 6.065 6.426 6.324 6.202 6.06 5.919 5.771 6.329 6.157 5.985 5.864 5.754 6.093 5.95 5.831 5.732 5.563 5.987 6.082 5.93 5.542 5.372 5.182 5.897
1.7637 6.622 6.671 6.596 6.403 6.261 6.122 6.483 6.381 6.259 6.117 5.976 5.828 6.386 6.213 6.042 5.921 5.81 6.15 6.007 5.887 5.788 5.62 6.044 6.139 5.986 5.598 5.429 5.239 5.954
1.8062 6.678 6.728 6.653 6.46 6.318 6.179 6.539 6.438 6.315 6.173 6.033 5.884 6.443 6.27 6.098 5.978 5.867 6.206 6.064 5.944 5.845 5.677 6.101 6.196 6.043 5.655 5.486 5.295 6.01
1.8498 6.735 6.785 6.71 6.517 6.374 6.235 6.596 6.494 6.372 6.23 6.09 5.941 6.499 6.327 6.155 6.034 5.924 6.263 6.121 6.001 5.902 5.733 6.157 6.252 6.1 5.712 5.542 5.352 6.067
1.8944 6.792 6.841 6.766 6.573 6.431 6.292 6.653 6.551 6.429 6.287 6.146 5.998 6.556 6.384 6.212 6.091 5.98 6.32 6.177 6.057 5.958 5.79 6.214 6.309 6.156 5.768 5.599 5.409 6.124
1.9401 6.849 6.898 6.823 6.63 6.488 6.349 6.709 6.608 6.485 6.344 6.203 6.054 6.613 6.44 6.268 6.148 6.037 6.377 6.234 6.114 6.015 5.847 6.271 6.366 6.213 5.825 5.656 5.465 6.18
1.9869 6.905 6.955 6.88 6.687 6.545 6.405 6.766 6.665 6.542 6.4 6.26 6.111 6.67 6.497 6.325 6.204 6.094 6.433 6.291 6.171 6.072 5.904 6.327 6.423 6.27 5.882 5.713 5.522 6.237
2.0349 6.962 7.011 6.937 6.744 6.601 6.462 6.823 6.721 6.599 6.457 6.316 6.168 6.726 6.554 6.382 6.261 6.151 6.49 6.347 6.228 6.129 5.96 6.384 6.479 6.327 5.939 5.769 5.579 6.294
2.084 7.02 7.069 6.994 6.801 6.659 6.52 6.881 6.779 6.657 6.515 6.374 6.226 6.784 6.611 6.44 6.319 6.208 6.548 6.405 6.285 6.186 6.018 6.442 6.537 6.384 5.996 5.827 5.637 6.352
2.1342 7.078 7.127 7.052 6.859 6.717 6.578 6.939 6.837 6.715 6.573 6.432 6.284 6.842 6.669 6.498 6.377 6.266 6.606 6.463 6.343 6.244 6.076 6.5 6.595 6.442 6.054 5.885 5.695 6.41
2.1857 7.136 7.185 7.11 6.918 6.775 6.636 6.997 6.895 6.773 6.631 6.49 6.342 6.9 6.728 6.556 6.435 6.324 6.664 6.521 6.401 6.302 6.134 6.558 6.653 6.5 6.112 5.943 5.753 6.468
2.2384 7.194 7.243 7.169 6.976 6.833 6.694 7.055 6.953 6.831 6.689 6.548 6.4 6.958 6.786 6.614 6.493 6.383 6.722 6.579 6.46 6.361 6.192 6.616 6.711 6.559 6.171 6.001 5.811 6.526
2.2924 7.252 7.302 7.227 7.034 6.891 6.752 7.113 7.011 6.889 6.747 6.607 6.458 7.016 6.844 6.672 6.551 6.441 6.78 6.637 6.518 6.419 6.25 6.674 6.769 6.617 6.229 6.059 5.869 6.584
2.3477 7.31 7.36 7.285 7.092 6.949 6.81 7.171 7.069 6.947 6.805 6.665 6.516 7.075 6.902 6.73 6.609 6.499 6.838 6.696 6.576 6.477 6.308 6.732 6.828 6.675 6.287 6.117 5.927 6.642
2.4044 7.368 7.418 7.343 7.15 7.008 6.868 7.229 7.128 7.005 6.863 6.723 6.574 7.133 6.96 6.788 6.667 6.557 6.896 6.754 6.634 6.535 6.367 6.79 6.886 6.733 6.345 6.176 5.985 6.7
2.4624 7.426 7.476 7.401 7.208 7.066 6.927 7.287 7.186 7.063 6.921 6.781 6.632 7.191 7.018 6.846 6.726 6.615 6.954 6.812 6.692 6.593 6.425 6.849 6.944 6.791 6.403 6.234 6.043 6.758
2.5218 7.485 7.534 7.459 7.266 7.124 6.985 7.345 7.244 7.121 6.979 6.839 6.69 7.249 7.076 6.904 6.784 6.673 7.012 6.87 6.75 6.651 6.483 6.907 7.002 6.849 6.461 6.292 6.101 6.816
2.5826 7.543 7.592 7.517 7.324 7.182 7.043 7.404 7.302 7.179 7.038 6.897 6.749 7.307 7.134 6.963 6.842 6.731 7.071 6.928 6.808 6.709 6.541 6.965 7.06 6.907 6.519 6.35 6.16 6.875
2.6449 7.603 7.652 7.577 7.384 7.242 7.103 7.464 7.362 7.24 7.098 6.957 6.809 7.367 7.194 7.023 6.902 6.791 7.131 6.988 6.868 6.769 6.601 7.025 7.12 6.967 6.579 6.41 6.22 6.935
2.7087 7.663 7.713 7.638 7.445 7.303 7.163 7.524 7.423 7.3 7.158 7.018 6.869 7.428 7.255 7.083 6.962 6.852 7.191 7.049 6.929 6.83 6.662 7.085 7.181 7.028 6.64 6.471 6.28 6.995
2.7741 7.724 7.773 7.698 7.505 7.363 7.224 7.585 7.483 7.361 7.219 7.078 6.93 7.488 7.315 7.144 7.023 6.912 7.252 7.109 6.989 6.89 6.722 7.146 7.241 7.088 6.7 6.531 6.341 7.056
2.841 7.784 7.834 7.759 7.566 7.424 7.284 7.645 7.544 7.421 7.279 7.139 6.99 7.549 7.376 7.204 7.083 6.973 7.312 7.17 7.05 6.951 6.783 7.206 7.302 7.149 6.761 6.592 6.401 7.116
2.9095 7.845 7.894 7.819 7.626 7.484 7.345 7.706 7.604 7.482 7.34 7.199 7.051 7.609 7.437 7.265 7.144 7.033 7.373 7.23 7.11 7.011 6.843 7.267 7.362 7.209 6.821 6.652 6.462 7.177
2.9797 7.905 7.955 7.88 7.687 7.545 7.405 7.766 7.665 7.542 7.4 7.26 7.111 7.67 7.497 7.325 7.205 7.094 7.433 7.291 7.171 7.072 6.904 7.327 7.423 7.27 6.882 6.713 6.522 7.237
3.0516 7.966 8.015 7.94 7.748 7.605 7.466 7.827 7.725 7.603 7.461 7.32 7.172 7.73 7.558 7.386 7.265 7.154 7.494 7.351 7.231 7.132 6.964 7.388 7.483 7.33 6.942 6.773 6.583 7.298
3.1252 8.026 8.076 8.001 7.808 7.666 7.526 7.887 7.786 7.663 7.521 7.381 7.232 7.791 7.618 7.446 7.326 7.215 7.554 7.412 7.292 7.193 7.025 7.448 7.544 7.391 7.003 6.834 6.643 7.358
3.2006 8.087 8.136 8.061 7.869 7.726 7.587 7.948 7.846 7.724 7.582 7.441 7.293 7.851 7.679 7.507 7.386 7.275 7.615 7.472 7.352 7.253 7.085 7.509 7.604 7.451 7.063 6.894 6.704 7.419
3.2778 8.147 8.197 8.122 7.929 7.787 7.648 8.008 7.907 7.784 7.642 7.502 7.353 7.912 7.739 7.567 7.447 7.336 7.675 7.533 7.413 7.314 7.146 7.57 7.665 7.512 7.124 6.955 6.764 7.479
3.3569 8.206 8.255 8.18 7.987 7.845 7.706 8.067 7.965 7.843 7.701 7.56 7.412 7.97 7.797 7.626 7.505 7.394 7.734 7.591 7.471 7.372 7.204 7.628 7.723 7.57 7.182 7.013 6.823 7.538
3.4378 8.264 8.314 8.239 8.046 7.903 7.764 8.125 8.023 7.901 7.759 7.619 7.47 8.028 7.856 7.684 7.563 7.453 7.792 7.649 7.53 7.431 7.262 7.686 7.781 7.629 7.241 7.071 6.881 7.596
3.5208 8.322 8.372 8.297 8.104 7.962 7.823 8.183 8.082 7.959 7.817 7.677 7.528 8.087 7.914 7.742 7.622 7.511 7.85 7.708 7.588 7.489 7.321 7.745 7.84 7.687 7.299 7.13 6.939 7.654
3.6057 8.381 8.43 8.355 8.162 8.02 7.881 8.242 8.14 8.018 7.876 7.735 7.587 8.145 7.972 7.801 7.68 7.569 7.909 7.766 7.646 7.547 7.379 7.803 7.898 7.745 7.357 7.188 6.998 7.713
3.6927 8.439 8.489 8.414 8.221 8.078 7.939 8.3 8.198 8.076 7.934 7.794 7.645 8.203 8.031 7.859 7.738 7.628 7.967 7.824 7.705 7.606 7.437 7.861 7.956 7.804 7.416 7.246 7.056 7.771
3.7818 8.497 8.547 8.472 8.279 8.137 7.997 8.358 8.257 8.134 7.992 7.852 7.703 8.262 8.089 7.917 7.797 7.686 8.025 7.883 7.763 7.664 7.496 7.919 8.015 7.862 7.474 7.305 7.114 7.829
3.873 8.556 8.605 8.53 8.337 8.195 8.056 8.417 8.315 8.193 8.051 7.91 7.762 8.32 8.147 7.976 7.855 7.744 8.084 7.941 7.821 7.722 7.554 7.978 8.073 7.92 7.532 7.363 7.173 7.888
3.9664 8.614 8.663 8.589 8.396 8.253 8.114 8.475 8.373 8.251 8.109 7.968 7.82 8.378 8.206 8.034 7.913 7.803 8.142 7.999 7.88 7.781 7.612 8.036 8.131 7.979 7.591 7.421 7.231 7.946
4.0621 8.672 8.722 8.647 8.454 8.312 8.172 8.533 8.432 8.309 8.167 8.027 7.878 8.437 8.264 8.092 7.971 7.861 8.2 8.058 7.938 7.839 7.671 8.094 8.19 8.037 7.649 7.48 7.289 8.004
4.1601 8.73 8.78 8.705 8.512 8.369 8.23 8.591 8.489 8.367 8.225 8.085 7.936 8.494 8.322 8.15 8.029 7.919 8.258 8.116 7.996 7.897 7.728 8.152 8.247 8.095 7.707 7.537 7.347 8.062
4.2604 8.784 8.833 8.759 8.566 8.423 8.284 8.645 8.543 8.421 8.279 8.138 7.99 8.548 8.376 8.204 8.083 7.972 8.312 8.169 8.05 7.951 7.782 8.206 8.301 8.149 7.761 7.591 7.401 8.116
4.3632 8.838 8.887 8.812 8.619 8.477 8.338 8.699 8.597 8.475 8.333 8.192 8.044 8.602 8.43 8.258 8.137 8.026 8.366 8.223 8.103 8.004 7.836 8.26 8.355 8.202 7.814 7.645 7.455 8.17
4.4685 8.892 8.941 8.866 8.673 8.531 8.392 8.753 8.651 8.528 8.387 8.246 8.098 8.656 8.483 8.312 8.191 8.08 8.42 8.277 8.157 8.058 7.89 8.314 8.409 8.256 7.868 7.699 7.509 8.224
4.5763 8.946 8.995 8.92 8.727 8.585 8.446 8.806 8.705 8.582 8.44 8.3 8.151 8.71 8.537 8.365 8.245 8.134 8.473 8.331 8.211 8.112 7.944 8.368 8.463 8.31 7.922 7.753 7.562 8.277
4.6867 8.999 9.049 8.974 8.781 8.639 8.499 8.86 8.759 8.636 8.494 8.354 8.205 8.764 8.591 8.419 8.299 8.188 8.527 8.385 8.265 8.166 7.998 8.421 8.517 8.364 7.976 7.807 7.616 8.331
4.7997 9.053 9.103 9.028 8.835 8.692 8.553 8.914 8.812 8.69 8.548 8.408 8.259 8.817 8.645 8.473 8.352 8.242 8.581 8.439 8.319 8.22 8.051 8.475 8.571 8.418 8.03 7.86 7.67 8.385
4.9155 9.107 9.156 9.082 8.889 8.746 8.607 8.968 8.866 8.744 8.602 8.462 8.313 8.871 8.699 8.527 8.406 8.296 8.635 8.492 8.373 8.274 8.105 8.529 8.624 8.472 8.084 7.914 7.724 8.439
5.0341 9.161 9.21 9.135 8.943 8.8 8.661 9.022 8.92 8.798 8.656 8.515 8.367 8.925 8.753 8.581 8.46 8.349 8.689 8.546 8.426 8.327 8.159 8.583 8.678 8.525 8.137 7.968 7.778 8.493
5.1555 9.215 9.264 9.189 8.996 8.854 8.715 9.076 8.974 8.852 8.71 8.569 8.421 8.979 8.806 8.635 8.514 8.403 8.743 8.6 8.48 8.381 8.213 8.637 8.732 8.579 8.191 8.022 7.832 8.547
5.2799 9.269 9.318 9.243 9.05 8.908 8.769 9.13 9.028 8.906 8.764 8.623 8.475 9.033 8.86 8.689 8.568 8.457 8.797 8.654 8.534 8.435 8.267 8.691 8.786 8.633 8.245 8.076 7.886 8.601
5.4072 9.323 9.373 9.298 9.105 8.962 8.823 9.184 9.082 8.96 8.818 8.678 8.529 9.087 8.915 8.743 8.622 8.512 8.851 8.709 8.589 8.49 8.321 8.745 8.84 8.688 8.3 8.13 7.94 8.655
5.5377 9.378 9.427 9.352 9.159 9.017 8.878 9.239 9.137 9.014 8.873 8.732 8.584 9.142 8.969 8.797 8.677 8.566 8.906 8.763 8.643 8.544 8.376 8.8 8.895 8.742 8.354 8.185 7.995 8.71
5.6713 9.432 9.482 9.407 9.214 9.071 8.932 9.293 9.191 9.069 8.927 8.787 8.638 9.196 9.024 8.852 8.731 8.621 8.96 8.817 8.698 8.599 8.43 8.854 8.949 8.797 8.409 8.239 8.049 8.764
5.8081 9.487 9.536 9.461 9.268 9.126 8.987 9.347 9.246 9.123 8.981 8.841 8.692 9.251 9.078 8.906 8.786 8.675 9.014 8.872 8.752 8.653 8.485 8.909 9.004 8.851 8.463 8.294 8.103 8.818
5.9482 9.541 9.59 9.516 9.323 9.18 9.041 9.402 9.3 9.178 9.036 8.895 8.747 9.305 9.133 8.961 8.84 8.729 9.069 8.926 8.807 8.708 8.539 8.963 9.058 8.905 8.518 8.348 8.158 8.873
6.0917 9.595 9.645 9.57 9.377 9.235 9.096 9.456 9.355 9.232 9.09 8.95 8.801 9.36 9.187 9.015 8.895 8.784 9.123 8.981 8.861 8.762 8.594 9.018 9.113 8.96 8.572 8.403 8.212 8.927
