web/models/grb/onaxis/15/grb_0.0000_0.0268_0.0025119.dat
# %ECSV 1.0
# ---
# datatype:
# - {name: time, datatype: float64}
# - {name: swift_uvot_uvw2, datatype: float64}
# - {name: swift_uvot_uvm2, datatype: float64}
# - {name: swift_uvot_uvw1, datatype: float64}
# - {name: swift_uvot_U, datatype: float64}
# - {name: swift_uvot_B, datatype: float64}
# - {name: swift_uvot_V, datatype: float64}
# - {name: swift_uvot_W, datatype: float64}
# - {name: johnson_U, datatype: float64}
# - {name: johnson_B, datatype: float64}
# - {name: johnson_V, datatype: float64}
# - {name: johnson_R, datatype: float64}
# - {name: johnson_I, datatype: float64}
# - {name: sdss_u, datatype: float64}
# - {name: sdss_g, datatype: float64}
# - {name: sdss_r, datatype: float64}
# - {name: sdss_i, datatype: float64}
# - {name: sdss_z, datatype: float64}
# - {name: PS1_g, datatype: float64}
# - {name: PS1_r, datatype: float64}
# - {name: PS1_i, datatype: float64}
# - {name: PS1_z, datatype: float64}
# - {name: PS1_Y, datatype: float64}
# - {name: PS1_w, datatype: float64}
# - {name: ATLAS_c, datatype: float64}
# - {name: ATLAS_o, datatype: float64}
# - {name: ukirt_J, datatype: float64}
# - {name: ukirt_H, datatype: float64}
# - {name: ukirt_K, datatype: float64}
# - {name: Clear, datatype: float64}
# meta: !!omap
# - comment: [E = 1.164196048716035e-05, Eta0 = 8.02, GammaB = 12.0, dL = 0.012188, epsb = 6.760829753919819e-06, epse = 0.1, n = 0.0025118864315095794,
#     p = 2.15, theta_obs = 0.0, xiN = 1.0, z = 0.0, type = grb, E_kiso = 0.02682695795279726]
# schema: astropy-2.0
time swift_uvot_uvw2 swift_uvot_uvm2 swift_uvot_uvw1 swift_uvot_U swift_uvot_B swift_uvot_V swift_uvot_W johnson_U johnson_B johnson_V johnson_R johnson_I sdss_u sdss_g sdss_r sdss_i sdss_z PS1_g PS1_r PS1_i PS1_z PS1_Y PS1_w ATLAS_c ATLAS_o ukirt_J ukirt_H ukirt_K Clear
[from data line 172]
0.6034 5.719 5.769 5.694 5.501 5.359 5.219 5.58 5.479 5.356 5.214 5.074 4.925 5.484 5.311 5.139 5.019 4.908 5.247 5.105 4.985 4.886 4.718 5.142 5.237 5.084 4.696 4.527 4.336 5.051
0.6179 5.778 5.827 5.752 5.559 5.417 5.278 5.639 5.537 5.415 5.273 5.132 4.984 5.542 5.369 5.198 5.077 4.966 5.306 5.163 5.043 4.944 4.776 5.2 5.295 5.142 4.754 4.585 4.395 5.11
0.6328 5.836 5.885 5.811 5.618 5.475 5.336 5.697 5.595 5.473 5.331 5.19 5.042 5.6 5.428 5.256 5.135 5.025 5.364 5.221 5.102 5.003 4.834 5.258 5.353 5.201 4.813 4.643 4.453 5.168
0.6481 5.894 5.944 5.869 5.676 5.534 5.394 5.755 5.654 5.531 5.389 5.249 5.1 5.659 5.486 5.314 5.193 5.083 5.422 5.28 5.16 5.061 4.893 5.316 5.412 5.259 4.871 4.702 4.511 5.226
0.6637 5.953 6.002 5.927 5.734 5.592 5.453 5.814 5.712 5.589 5.448 5.307 5.159 5.717 5.544 5.373 5.252 5.141 5.481 5.338 5.218 5.119 4.951 5.375 5.47 5.317 4.929 4.76 4.57 5.285
0.6797 6.011 6.06 5.986 5.793 5.65 5.511 5.872 5.77 5.648 5.506 5.365 5.217 5.775 5.603 5.431 5.31 5.199 5.539 5.396 5.277 5.178 5.009 5.433 5.528 5.375 4.988 4.818 4.628 5.343
0.6961 6.069 6.119 6.044 5.851 5.709 5.569 5.93 5.829 5.706 5.564 5.424 5.275 5.834 5.661 5.489 5.368 5.258 5.597 5.455 5.335 5.236 5.068 5.491 5.587 5.434 5.046 4.877 4.686 5.401
0.7129 6.128 6.177 6.102 5.909 5.767 5.628 5.989 5.887 5.764 5.623 5.482 5.334 5.892 5.719 5.547 5.427 5.316 5.656 5.513 5.393 5.294 5.126 5.55 5.645 5.492 5.104 4.935 4.744 5.459
0.7301 6.186 6.235 6.161 5.968 5.825 5.686 6.047 5.945 5.823 5.681 5.54 5.392 5.95 5.778 5.606 5.485 5.374 5.714 5.571 5.451 5.352 5.184 5.608 5.703 5.55 5.162 4.993 4.803 5.518
0.7477 6.244 6.294 6.219 6.026 5.883 5.744 6.105 6.003 5.881 5.739 5.599 5.45 6.009 5.836 5.664 5.543 5.433 5.772 5.63 5.51 5.411 5.243 5.666 5.762 5.609 5.221 5.051 4.861 5.576
0.7658 6.299 6.348 6.273 6.08 5.938 5.799 6.16 6.058 5.935 5.794 5.653 5.505 6.063 5.89 5.719 5.598 5.487 5.827 5.684 5.564 5.465 5.297 5.721 5.816 5.663 5.275 5.106 4.916 5.631
0.7842 6.352 6.402 6.327 6.134 5.992 5.853 6.213 6.112 5.989 5.847 5.707 5.558 6.117 5.944 5.772 5.652 5.541 5.88 5.738 5.618 5.519 5.351 5.775 5.87 5.717 5.329 5.16 4.969 5.684
0.8032 6.406 6.456 6.381 6.188 6.046 5.906 6.267 6.166 6.043 5.901 5.761 5.612 6.171 5.998 5.826 5.706 5.595 5.934 5.792 5.672 5.573 5.405 5.828 5.924 5.771 5.383 5.214 5.023 5.738
0.8225 6.46 6.51 6.435 6.242 6.099 5.96 6.321 6.219 6.097 5.955 5.815 5.666 6.224 6.052 5.88 5.759 5.649 5.988 5.846 5.726 5.627 5.458 5.882 5.977 5.825 5.437 5.267 5.077 5.792
0.8424 6.514 6.563 6.489 6.296 6.153 6.014 6.375 6.273 6.151 6.009 5.869 5.72 6.278 6.106 5.934 5.813 5.703 6.042 5.899 5.78 5.681 5.512 5.936 6.031 5.879 5.491 5.321 5.131 5.846
0.8627 6.568 6.617 6.542 6.35 6.207 6.068 6.429 6.327 6.205 6.063 5.922 5.774 6.332 6.16 5.988 5.867 5.756 6.096 5.953 5.833 5.734 5.566 5.99 6.085 5.932 5.544 5.375 5.185 5.9
0.8835 6.622 6.671 6.596 6.403 6.261 6.122 6.483 6.381 6.259 6.117 5.976 5.828 6.386 6.213 6.042 5.921 5.81 6.15 6.007 5.887 5.788 5.62 6.044 6.139 5.986 5.598 5.429 5.239 5.954
0.9048 6.676 6.725 6.65 6.457 6.315 6.176 6.536 6.435 6.312 6.171 6.03 5.881 6.44 6.267 6.095 5.975 5.864 6.204 6.061 5.941 5.842 5.674 6.098 6.193 6.04 5.652 5.483 5.292 6.007
0.9266 6.729 6.779 6.704 6.511 6.369 6.23 6.59 6.489 6.366 6.224 6.084 5.935 6.494 6.321 6.149 6.029 5.918 6.257 6.115 5.995 5.896 5.728 6.152 6.247 6.094 5.706 5.537 5.346 6.061
0.949 6.783 6.833 6.758 6.565 6.423 6.283 6.644 6.543 6.42 6.278 6.138 5.989 6.548 6.375 6.203 6.082 5.972 6.311 6.169 6.049 5.95 5.782 6.205 6.301 6.148 5.76 5.591 5.4 6.115
0.9719 6.838 6.887 6.812 6.619 6.477 6.338 6.699 6.597 6.475 6.333 6.192 6.044 6.602 6.429 6.258 6.137 6.026 6.366 6.223 6.103 6.004 5.836 6.26 6.355 6.202 5.814 5.645 5.455 6.17
0.9953 6.892 6.942 6.867 6.674 6.531 6.392 6.753 6.651 6.529 6.387 6.247 6.098 6.656 6.484 6.312 6.191 6.081 6.42 6.278 6.158 6.059 5.89 6.314 6.409 6.257 5.869 5.699 5.509 6.224
1.0194 6.947 6.996 6.921 6.728 6.586 6.447 6.808 6.706 6.583 6.442 6.301 6.153 6.711 6.538 6.366 6.246 6.135 6.475 6.332 6.212 6.113 5.945 6.369 6.464 6.311 5.923 5.754 5.563 6.278
1.0439 7.001 7.051 6.976 6.783 6.64 6.501 6.862 6.76 6.638 6.496 6.356 6.207 6.765 6.593 6.421 6.3 6.19 6.529 6.386 6.267 6.168 5.999 6.423 6.518 6.366 5.978 5.808 5.618 6.333
1.0691 7.056 7.105 7.03 6.837 6.695 6.556 6.916 6.815 6.692 6.55 6.41 6.261 6.82 6.647 6.475 6.355 6.244 6.583 6.441 6.321 6.222 6.054 6.478 6.573 6.42 6.032 5.863 5.672 6.387
1.0949 7.11 7.159 7.085 6.892 6.749 6.61 6.971 6.869 6.747 6.605 6.464 6.316 6.874 6.702 6.53 6.409 6.298 6.638 6.495 6.376 6.276 6.108 6.532 6.627 6.474 6.087 5.917 5.727 6.442
1.1213 7.164 7.214 7.139 6.946 6.804 6.665 7.025 6.924 6.801 6.659 6.519 6.37 6.929 6.756 6.584 6.464 6.353 6.692 6.55 6.43 6.331 6.163 6.587 6.682 6.529 6.141 5.972 5.781 6.496
1.1484 7.219 7.268 7.193 7.0 6.858 6.719 7.08 6.978 6.856 6.714 6.573 6.425 6.983 6.811 6.639 6.518 6.407 6.747 6.604 6.484 6.385 6.217 6.641 6.736 6.583 6.195 6.026 5.836 6.551
1.1761 7.273 7.323 7.248 7.055 6.913 6.773 7.134 7.033 6.91 6.768 6.628 6.479 7.038 6.865 6.693 6.572 6.462 6.801 6.659 6.539 6.44 6.272 6.695 6.791 6.638 6.25 6.081 5.89 6.605
1.2044 7.327 7.377 7.302 7.109 6.967 6.827 7.188 7.087 6.964 6.822 6.682 6.533 7.092 6.919 6.747 6.626 6.516 6.855 6.713 6.593 6.494 6.326 6.749 6.845 6.692 6.304 6.135 5.944 6.659
1.2335 7.379 7.428 7.354 7.161 7.018 6.879 7.24 7.138 7.016 6.874 6.733 6.585 7.143 6.971 6.799 6.678 6.567 6.907 6.764 6.644 6.545 6.377 6.801 6.896 6.743 6.355 6.186 5.996 6.711
1.2633 7.431 7.48 7.405 7.212 7.07 6.931 7.291 7.19 7.067 6.925 6.785 6.636 7.195 7.022 6.85 6.73 6.619 6.958 6.816 6.696 6.597 6.429 6.853 6.948 6.795 6.407 6.238 6.047 6.762
1.2937 7.482 7.532 7.457 7.264 7.121 6.982 7.343 7.241 7.119 6.977 6.837 6.688 7.246 7.074 6.902 6.781 6.671 7.01 6.868 6.748 6.649 6.48 6.904 6.999 6.847 6.459 6.289 6.099 6.814
1.3249 7.534 7.583 7.508 7.315 7.173 7.034 7.395 7.293 7.171 7.029 6.888 6.74 7.298 7.125 6.954 6.833 6.722 7.062 6.919 6.799 6.7 6.532 6.956 7.051 6.898 6.51 6.341 6.151 6.866
1.3569 7.585 7.635 7.56 7.367 7.225 7.086 7.446 7.345 7.222 7.08 6.94 6.791 7.35 7.177 7.005 6.885 6.774 7.113 6.971 6.851 6.752 6.584 7.008 7.103 6.95 6.562 6.393 6.202 6.917
1.3896 7.637 7.686 7.612 7.419 7.276 7.137 7.498 7.396 7.274 7.132 6.991 6.843 7.401 7.229 7.057 6.936 6.826 7.165 7.022 6.903 6.804 6.635 7.059 7.154 7.002 6.614 6.444 6.254 6.969
1.4232 7.689 7.738 7.663 7.47 7.328 7.189 7.55 7.448 7.325 7.184 7.043 6.895 7.453 7.28 7.108 6.988 6.877 7.217 7.074 6.954 6.855 6.687 7.111 7.206 7.053 6.665 6.496 6.306 7.021
1.4575 7.74 7.79 7.715 7.522 7.379 7.24 7.601 7.5 7.377 7.235 7.095 6.946 7.505 7.332 7.16 7.039 6.929 7.268 7.126 7.006 6.907 6.739 7.162 7.258 7.105 6.717 6.547 6.357 7.072
1.4927 7.792 7.841 7.766 7.574 7.431 7.292 7.653 7.551 7.429 7.287 7.146 6.998 7.556 7.384 7.212 7.091 6.98 7.32 7.177 7.057 6.958 6.79 7.214 7.309 7.156 6.768 6.599 6.409 7.124
1.5287 7.843 7.892 7.817 7.624 7.482 7.343 7.704 7.602 7.48 7.338 7.197 7.049 7.607 7.435 7.263 7.142 7.031 7.371 7.228 7.108 7.009 6.841 7.265 7.36 7.207 6.819 6.65 6.46 7.175
1.5655 7.892 7.942 7.867 7.674 7.531 7.392 7.753 7.651 7.529 7.387 7.247 7.098 7.656 7.484 7.312 7.191 7.081 7.42 7.278 7.158 7.059 6.89 7.314 7.41 7.257 6.869 6.699 6.509 7.224
1.6033 7.942 7.991 7.916 7.723 7.581 7.442 7.802 7.701 7.578 7.437 7.296 7.147 7.706 7.533 7.361 7.241 7.13 7.47 7.327 7.207 7.108 6.94 7.364 7.459 7.306 6.918 6.749 6.558 7.273
1.642 7.991 8.04 7.966 7.773 7.63 7.491 7.852 7.75 7.628 7.486 7.345 7.197 7.755 7.583 7.411 7.29 7.179 7.519 7.376 7.257 7.157 6.989 7.413 7.508 7.355 6.968 6.798 6.608 7.323
1.6816 8.04 8.09 8.015 7.822 7.68 7.54 7.901 7.8 7.677 7.535 7.395 7.246 7.805 7.632 7.46 7.339 7.229 7.568 7.426 7.306 7.207 7.039 7.462 7.558 7.405 7.017 6.848 6.657 7.372
1.7222 8.09 8.139 8.064 7.871 7.729 7.59 7.951 7.849 7.727 7.585 7.444 7.296 7.854 7.681 7.51 7.389 7.278 7.618 7.475 7.355 7.256 7.088 7.512 7.607 7.454 7.066 6.897 6.707 7.422
1.7637 8.139 8.189 8.114 7.921 7.778 7.639 8.0 7.898 7.776 7.634 7.494 7.345 7.903 7.731 7.559 7.438 7.328 7.667 7.524 7.405 7.306 7.137 7.561 7.656 7.504 7.116 6.946 6.756 7.471
1.8062 8.188 8.238 8.163 7.97 7.828 7.689 8.049 7.948 7.825 7.683 7.543 7.394 7.953 7.78 7.608 7.488 7.377 7.716 7.574 7.454 7.355 7.187 7.611 7.706 7.553 7.165 6.996 6.805 7.52
1.8498 8.238 8.287 8.212 8.019 7.877 7.738 8.099 7.997 7.875 7.733 7.592 7.444 8.002 7.83 7.658 7.537 7.426 7.766 7.623 7.503 7.404 7.236 7.66 7.755 7.602 7.214 7.045 6.855 7.57
1.8944 8.287 8.337 8.262 8.069 7.926 7.787 8.148 8.046 7.924 7.782 7.642 7.493 8.051 7.879 7.707 7.586 7.476 7.815 7.673 7.553 7.454 7.285 7.709 7.805 7.652 7.264 7.094 6.904 7.619
1.9401 8.337 8.386 8.311 8.119 7.976 7.837 8.198 8.096 7.974 7.832 7.691 7.543 8.101 7.929 7.757 7.636 7.525 7.865 7.722 7.602 7.503 7.335 7.759 7.854 7.701 7.313 7.144 6.954 7.669
1.9869 8.387 8.436 8.361 8.169 8.026 7.887 8.248 8.146 8.024 7.882 7.741 7.593 8.151 7.979 7.807 7.686 7.575 7.915 7.772 7.652 7.553 7.385 7.809 7.904 7.751 7.363 7.194 7.004 7.719
2.0349 8.437 8.486 8.411 8.219 8.076 7.937 8.298 8.196 8.074 7.932 7.791 7.643 8.201 8.029 7.857 7.736 7.625 7.965 7.822 7.702 7.603 7.435 7.859 7.954 7.801 7.413 7.244 7.054 7.769
2.084 8.487 8.536 8.461 8.269 8.126 7.987 8.348 8.246 8.124 7.982 7.841 7.693 8.251 8.079 7.907 7.786 7.675 8.015 7.872 7.752 7.653 7.485 7.909 8.004 7.851 7.463 7.294 7.104 7.819
2.1342 8.537 8.586 8.511 8.319 8.176 8.037 8.398 8.296 8.174 8.032 7.891 7.743 8.301 8.129 7.957 7.836 7.725 8.065 7.922 7.802 7.703 7.535 7.959 8.054 7.901 7.513 7.344 7.154 7.869
2.1857 8.587 8.636 8.561 8.369 8.226 8.087 8.448 8.346 8.224 8.082 7.941 7.793 8.351 8.179 8.007 7.886 7.775 8.115 7.972 7.852 7.753 7.585 8.009 8.104 7.951 7.563 7.394 7.204 7.919
2.2384 8.637 8.686 8.612 8.419 8.276 8.137 8.498 8.396 8.274 8.132 7.991 7.843 8.401 8.229 8.057 7.936 7.825 8.165 8.022 7.902 7.803 7.635 8.059 8.154 8.001 7.613 7.444 7.254 7.969
2.2924 8.687 8.736 8.662 8.469 8.326 8.187 8.548 8.446 8.324 8.182 8.041 7.893 8.451 8.279 8.107 7.986 7.875 8.215 8.072 7.952 7.853 7.685 8.109 8.204 8.051 7.663 7.494 7.304 8.019
2.3477 8.737 8.786 8.712 8.519 8.376 8.237 8.598 8.496 8.374 8.232 8.091 7.943 8.501 8.329 8.157 8.036 7.925 8.265 8.122 8.002 7.903 7.735 8.159 8.254 8.101 7.713 7.544 7.354 8.069
2.4044 8.787 8.836 8.762 8.569 8.426 8.287 8.648 8.546 8.424 8.282 8.141 7.993 8.551 8.379 8.207 8.086 7.975 8.315 8.172 8.052 7.953 7.785 8.209 8.304 8.151 7.763 7.594 7.404 8.119
2.4624 8.835 8.884 8.81 8.617 8.474 8.335 8.696 8.594 8.472 8.33 8.19 8.041 8.599 8.427 8.255 8.134 8.024 8.363 8.22 8.101 8.002 7.833 8.257 8.352 8.2 7.812 7.642 7.452 8.167
2.5218 8.882 8.931 8.856 8.663 8.521 8.382 8.743 8.641 8.519 8.377 8.236 8.088 8.646 8.474 8.302 8.181 8.07 8.41 8.267 8.147 8.048 7.88 8.304 8.399 8.246 7.858 7.689 7.499 8.214
2.5826 8.929 8.978 8.903 8.71 8.568 8.429 8.789 8.688 8.565 8.424 8.283 8.134 8.693 8.52 8.348 8.228 8.117 8.457 8.314 8.194 8.095 7.927 8.351 8.446 8.293 7.905 7.736 7.545 8.26
2.6449 8.975 9.025 8.95 8.757 8.615 8.475 8.836 8.735 8.612 8.47 8.33 8.181 8.74 8.567 8.395 8.274 8.164 8.503 8.361 8.241 8.142 7.974 8.397 8.493 8.34 7.952 7.783 7.592 8.307
2.7087 9.022 9.072 8.997 8.804 8.661 8.522 8.883 8.781 8.659 8.517 8.377 8.228 8.786 8.614 8.442 8.321 8.211 8.55 8.407 8.288 8.189 8.02 8.444 8.539 8.387 7.999 7.829 7.639 8.354
2.7741 9.069 9.118 9.043 8.851 8.708 8.569 8.93 8.828 8.706 8.564 8.423 8.275 8.833 8.661 8.489 8.368 8.257 8.597 8.454 8.334 8.235 8.067 8.491 8.586 8.433 8.045 7.876 7.686 8.401
2.841 9.116 9.165 9.09 8.897 8.755 8.616 8.977 8.875 8.752 8.611 8.47 8.322 8.88 8.707 8.535 8.415 8.304 8.644 8.501 8.381 8.282 8.114 8.538 8.633 8.48 8.092 7.923 7.733 8.448
2.9095 9.162 9.212 9.137 8.944 8.802 8.663 9.023 8.922 8.799 8.657 8.517 8.368 8.927 8.754 8.582 8.462 8.351 8.69 8.548 8.428 8.329 8.161 8.585 8.68 8.527 8.139 7.97 7.779 8.494
2.9797 9.209 9.259 9.184 8.991 8.848 8.709 9.07 8.968 8.846 8.704 8.564 8.415 8.973 8.801 8.629 8.508 8.398 8.737 8.595 8.475 8.376 8.207 8.631 8.726 8.574 8.186 8.016 7.826 8.541
3.0516 9.256 9.305 9.231 9.038 8.895 8.756 9.117 9.015 8.893 8.751 8.61 8.462 9.02 8.848 8.676 8.555 8.444 8.784 8.641 8.521 8.422 8.254 8.678 8.773 8.62 8.232 8.063 7.873 8.588
3.1252 9.302 9.352 9.277 9.084 8.941 8.802 9.163 9.061 8.939 8.797 8.657 8.508 9.066 8.894 8.722 8.601 8.491 8.83 8.687 8.568 8.469 8.3 8.724 8.819 8.667 8.279 8.109 7.919 8.634
3.2006 9.348 9.398 9.323 9.13 8.987 8.848 9.209 9.107 8.985 8.843 8.703 8.554 9.112 8.94 8.768 8.647 8.537 8.876 8.733 8.614 8.515 8.346 8.77 8.865 8.713 8.325 8.155 7.965 8.68
3.2778 9.394 9.443 9.369 9.176 9.033 8.894 9.255 9.153 9.031 8.889 8.748 8.6 9.158 8.986 8.814 8.693 8.583 8.922 8.779 8.66 8.561 8.392 8.816 8.911 8.759 8.371 8.201 8.011 8.726
3.3569 9.44 9.489 9.415 9.222 9.079 8.94 9.301 9.199 9.077 8.935 8.794 8.646 9.204 9.032 8.86 8.739 8.628 8.968 8.825 8.706 8.606 8.438 8.862 8.957 8.804 8.417 8.247 8.057 8.772
3.4378 9.486 9.535 9.461 9.268 9.125 8.986 9.347 9.245 9.123 8.981 8.84 8.692 9.25 9.078 8.906 8.785 8.674 9.014 8.871 8.751 8.652 8.484 8.908 9.003 8.85 8.462 8.293 8.103 8.818
3.5208 9.532 9.581 9.506 9.314 9.171 9.032 9.393 9.291 9.169 9.027 8.886 8.738 9.296 9.124 8.952 8.831 8.72 9.06 8.917 8.797 8.698 8.53 8.954 9.049 8.896 8.508 8.339 8.149 8.864
3.6057 9.578 9.627 9.552 9.359 9.217 9.078 9.439 9.337 9.215 9.073 8.932 8.784 9.342 9.17 8.998 8.877 8.766 9.106 8.963 8.843 8.744 8.576 9.0 9.095 8.942 8.554 8.385 8.195 8.91
3.6927 9.624 9.673 9.598 9.405 9.263 9.124 9.485 9.383 9.261 9.119 8.978 8.83 9.388 9.215 9.044 8.923 8.812 9.152 9.009 8.889 8.79 8.622 9.046 9.141 8.988 8.6 8.431 8.241 8.956
3.7818 9.67 9.719 9.644 9.451 9.309 9.17 9.531 9.429 9.307 9.165 9.024 8.876 9.434 9.261 9.09 8.969 8.858 9.198 9.055 8.935 8.836 8.668 9.092 9.187 9.034 8.646 8.477 8.287 9.002
3.873 9.716 9.765 9.69 9.497 9.355 9.216 9.577 9.475 9.353 9.211 9.07 8.922 9.48 9.307 9.136 9.015 8.904 9.244 9.101 8.981 8.882 8.714 9.138 9.233 9.08 8.692 8.523 8.333 9.048
3.9664 9.759 9.808 9.733 9.54 9.398 9.259 9.62 9.518 9.396 9.254 9.113 8.965 9.523 9.351 9.179 9.058 8.947 9.287 9.144 9.024 8.925 8.757 9.181 9.276 9.123 8.735 8.566 8.376 9.091
4.0621 9.802 9.851 9.776 9.583 9.441 9.302 9.663 9.561 9.438 9.297 9.156 9.007 9.566 9.393 9.221 9.101 8.99 9.33 9.187 9.067 8.968 8.8 9.224 9.319 9.166 8.778 8.609 8.418 9.133
4.1601 9.844 9.894 9.819 9.626 9.484 9.344 9.705 9.604 9.481 9.339 9.199 9.05 9.609 9.436 9.264 9.144 9.033 9.372 9.23 9.11 9.011 8.843 9.266 9.362 9.209 8.821 8.652 8.461 9.176
4.2604 9.887 9.937 9.862 9.669 9.526 9.387 9.748 9.646 9.524 9.382 9.242 9.093 9.651 9.479 9.307 9.186 9.076 9.415 9.272 9.153 9.054 8.885 9.309 9.404 9.252 8.864 8.694 8.504 9.219
4.3632 9.93 9.979 9.904 9.712 9.569 9.43 9.791 9.689 9.567 9.425 9.284 9.136 9.694 9.522 9.35 9.229 9.118 9.458 9.315 9.195 9.096 8.928 9.352 9.447 9.294 8.906 8.737 8.547 9.262
4.4685 9.973 10.022 9.947 9.754 9.612 9.473 9.834 9.732 9.609 9.468 9.327 9.179 9.737 9.564 9.392 9.272 9.161 9.501 9.358 9.238 9.139 8.971 9.395 9.49 9.337 8.949 8.78 8.59 9.305
4.5763 10.015 10.065 9.99 9.797 9.655 9.515 9.876 9.775 9.652 9.51 9.37 9.221 9.78 9.607 9.435 9.315 9.204 9.543 9.401 9.281 9.182 9.014 9.437 9.533 9.38 8.992 8.823 8.632 9.347
4.6867 10.058 10.108 10.033 9.84 9.697 9.558 9.919 9.817 9.695 9.553 9.413 9.264 9.822 9.65 9.478 9.357 9.247 9.586 9.444 9.324 9.225 9.056 9.48 9.575 9.423 9.035 8.865 8.675 9.39
4.7997 10.101 10.15 10.075 9.883 9.74 9.601 9.962 9.86 9.738 9.596 9.455 9.307 9.865 9.693 9.521 9.4 9.289 9.629 9.486 9.366 9.267 9.099 9.523 9.618 9.465 9.077 8.908 8.718 9.433
4.9155 10.144 10.193 10.118 9.925 9.783 9.644 10.005 9.903 9.781 9.639 9.498 9.35 9.908 9.735 9.564 9.443 9.332 9.672 9.529 9.409 9.31 9.142 9.566 9.661 9.508 9.12 8.951 8.761 9.476
