web/models/grb/onaxis/15/grb_0.0000_0.1389_6.3095734.dat
# %ECSV 1.0
# ---
# datatype:
# - {name: time, datatype: float64}
# - {name: swift_uvot_uvw2, datatype: float64}
# - {name: swift_uvot_uvm2, datatype: float64}
# - {name: swift_uvot_uvw1, datatype: float64}
# - {name: swift_uvot_U, datatype: float64}
# - {name: swift_uvot_B, datatype: float64}
# - {name: swift_uvot_V, datatype: float64}
# - {name: swift_uvot_W, datatype: float64}
# - {name: johnson_U, datatype: float64}
# - {name: johnson_B, datatype: float64}
# - {name: johnson_V, datatype: float64}
# - {name: johnson_R, datatype: float64}
# - {name: johnson_I, datatype: float64}
# - {name: sdss_u, datatype: float64}
# - {name: sdss_g, datatype: float64}
# - {name: sdss_r, datatype: float64}
# - {name: sdss_i, datatype: float64}
# - {name: sdss_z, datatype: float64}
# - {name: PS1_g, datatype: float64}
# - {name: PS1_r, datatype: float64}
# - {name: PS1_i, datatype: float64}
# - {name: PS1_z, datatype: float64}
# - {name: PS1_Y, datatype: float64}
# - {name: ukirt_J, datatype: float64}
# - {name: ukirt_H, datatype: float64}
# - {name: ukirt_K, datatype: float64}
# meta: !!omap
# - comment: [E = 6.029923955985727e-05, Eta0 = 8.02, GammaB = 12.0, dL = 0.012188, epsb = 6.760829753919819e-06, epse = 0.1, n = 6.30957344480193,
#     p = 2.15, theta_obs = 0.0, xiN = 1.0, z = 0.0, type = grb, E_kiso = 0.13894954943731375]
# schema: astropy-2.0
time swift_uvot_uvw2 swift_uvot_uvm2 swift_uvot_uvw1 swift_uvot_U swift_uvot_B swift_uvot_V swift_uvot_W johnson_U johnson_B johnson_V johnson_R johnson_I sdss_u sdss_g sdss_r sdss_i sdss_z PS1_g PS1_r PS1_i PS1_z PS1_Y ukirt_J ukirt_H ukirt_K
[from data line 184]
0.8032 2.132 2.181 2.106 1.913 1.771 1.632 1.993 1.891 1.769 1.627 1.486 1.338 1.896 1.723 1.552 1.431 1.32 1.66 1.517 1.397 1.298 1.13 1.108 0.939 0.749
0.8225 2.173 2.222 2.147 1.954 1.812 1.673 2.034 1.932 1.81 1.668 1.527 1.379 1.937 1.764 1.593 1.472 1.361 1.701 1.558 1.438 1.339 1.171 1.149 0.98 0.79
0.8424 2.214 2.263 2.188 1.995 1.853 1.714 2.075 1.973 1.851 1.709 1.568 1.42 1.978 1.806 1.634 1.513 1.402 1.742 1.599 1.479 1.38 1.212 1.19 1.021 0.831
0.8627 2.255 2.304 2.229 2.036 1.894 1.755 2.116 2.014 1.892 1.75 1.609 1.461 2.019 1.847 1.675 1.554 1.443 1.783 1.64 1.52 1.421 1.253 1.231 1.062 0.872
0.8835 2.296 2.345 2.27 2.077 1.935 1.796 2.157 2.055 1.933 1.791 1.65 1.502 2.06 1.888 1.716 1.595 1.484 1.824 1.681 1.561 1.462 1.294 1.272 1.103 0.913
0.9048 2.337 2.386 2.311 2.118 1.976 1.837 2.198 2.096 1.974 1.832 1.691 1.543 2.101 1.929 1.757 1.636 1.525 1.865 1.722 1.602 1.503 1.335 1.313 1.144 0.954
0.9266 2.378 2.427 2.352 2.159 2.017 1.878 2.239 2.137 2.015 1.873 1.732 1.584 2.142 1.97 1.798 1.677 1.566 1.906 1.763 1.643 1.544 1.376 1.354 1.185 0.995
0.949 2.419 2.468 2.393 2.2 2.058 1.919 2.28 2.178 2.056 1.914 1.773 1.625 2.183 2.011 1.839 1.718 1.607 1.947 1.804 1.684 1.585 1.417 1.395 1.226 1.036
0.9719 2.46 2.509 2.434 2.241 2.099 1.96 2.321 2.219 2.097 1.955 1.814 1.666 2.224 2.052 1.88 1.759 1.648 1.988 1.845 1.725 1.626 1.458 1.436 1.267 1.077
0.9953 2.501 2.55 2.475 2.282 2.14 2.001 2.362 2.26 2.138 1.996 1.855 1.707 2.265 2.093 1.921 1.8 1.689 2.029 1.886 1.766 1.667 1.499 1.477 1.308 1.118
1.0194 2.54 2.589 2.514 2.321 2.179 2.04 2.401 2.299 2.177 2.035 1.894 1.746 2.304 2.132 1.96 1.839 1.728 2.068 1.925 1.805 1.706 1.538 1.516 1.347 1.157
1.0439 2.578 2.628 2.553 2.36 2.218 2.078 2.439 2.338 2.215 2.073 1.933 1.784 2.343 2.17 1.998 1.877 1.767 2.106 1.964 1.844 1.745 1.577 1.555 1.386 1.195
1.0691 2.617 2.666 2.591 2.398 2.256 2.117 2.478 2.376 2.254 2.112 1.971 1.823 2.381 2.208 2.037 1.916 1.805 2.145 2.002 1.882 1.783 1.615 1.593 1.424 1.234
1.0949 2.655 2.705 2.63 2.437 2.294 2.155 2.516 2.414 2.292 2.15 2.01 1.861 2.419 2.247 2.075 1.954 1.844 2.183 2.041 1.921 1.822 1.653 1.632 1.462 1.272
1.1213 2.694 2.743 2.668 2.475 2.333 2.194 2.555 2.453 2.33 2.189 2.048 1.9 2.458 2.285 2.113 1.993 1.882 2.222 2.079 1.959 1.86 1.692 1.67 1.501 1.31
1.1484 2.732 2.781 2.707 2.514 2.371 2.232 2.593 2.491 2.369 2.227 2.087 1.938 2.496 2.324 2.152 2.031 1.921 2.26 2.117 1.998 1.899 1.73 1.709 1.539 1.349
1.1761 2.77 2.82 2.745 2.552 2.41 2.271 2.631 2.53 2.407 2.265 2.125 1.976 2.535 2.362 2.19 2.07 1.959 2.298 2.156 2.036 1.937 1.769 1.747 1.578 1.387
1.2044 2.809 2.858 2.784 2.591 2.448 2.309 2.67 2.568 2.446 2.304 2.163 2.015 2.573 2.401 2.229 2.108 1.997 2.337 2.194 2.074 1.975 1.807 1.785 1.616 1.426
1.2335 2.847 2.897 2.822 2.629 2.487 2.347 2.708 2.607 2.484 2.342 2.202 2.053 2.612 2.439 2.267 2.147 2.036 2.375 2.233 2.113 2.014 1.846 1.824 1.655 1.464
1.2633 2.886 2.935 2.86 2.667 2.525 2.386 2.747 2.645 2.523 2.381 2.24 2.092 2.65 2.478 2.306 2.185 2.074 2.414 2.271 2.151 2.052 1.884 1.862 1.693 1.503
1.2937 2.928 2.977 2.902 2.709 2.567 2.428 2.788 2.687 2.564 2.422 2.282 2.133 2.692 2.519 2.347 2.227 2.116 2.455 2.313 2.193 2.094 1.926 1.904 1.735 1.544
1.3249 2.969 3.019 2.944 2.751 2.609 2.47 2.83 2.729 2.606 2.464 2.324 2.175 2.734 2.561 2.389 2.269 2.158 2.497 2.355 2.235 2.136 1.968 1.946 1.777 1.586
1.3569 3.011 3.061 2.986 2.793 2.651 2.512 2.872 2.771 2.648 2.506 2.366 2.217 2.776 2.603 2.431 2.311 2.2 2.539 2.397 2.277 2.178 2.01 1.988 1.819 1.628
1.3896 3.053 3.103 3.028 2.835 2.693 2.554 2.914 2.813 2.69 2.548 2.408 2.259 2.818 2.645 2.473 2.353 2.242 2.581 2.439 2.319 2.22 2.052 2.03 1.861 1.67
1.4232 3.095 3.145 3.07 2.877 2.735 2.596 2.956 2.855 2.732 2.59 2.45 2.301 2.86 2.687 2.515 2.395 2.284 2.623 2.481 2.361 2.262 2.094 2.072 1.903 1.712
1.4575 3.137 3.187 3.112 2.919 2.777 2.637 2.998 2.897 2.774 2.632 2.492 2.343 2.902 2.729 2.557 2.437 2.326 2.665 2.523 2.403 2.304 2.136 2.114 1.945 1.754
1.4927 3.179 3.229 3.154 2.961 2.819 2.679 3.04 2.939 2.816 2.674 2.534 2.385 2.944 2.771 2.599 2.479 2.368 2.707 2.565 2.445 2.346 2.178 2.156 1.987 1.796
1.5287 3.221 3.271 3.196 3.003 2.861 2.721 3.082 2.981 2.858 2.716 2.576 2.427 2.986 2.813 2.641 2.52 2.41 2.749 2.607 2.487 2.388 2.22 2.198 2.029 1.838
1.5655 3.263 3.313 3.238 3.045 2.903 2.763 3.124 3.023 2.9 2.758 2.618 2.469 3.028 2.855 2.683 2.562 2.452 2.791 2.649 2.529 2.43 2.262 2.24 2.071 1.88
1.6033 3.305 3.354 3.28 3.087 2.944 2.805 3.166 3.064 2.942 2.8 2.659 2.511 3.069 2.897 2.725 2.604 2.493 2.833 2.69 2.571 2.471 2.303 2.282 2.112 1.922
1.642 3.342 3.391 3.317 3.124 2.981 2.842 3.203 3.101 2.979 2.837 2.697 2.548 3.106 2.934 2.762 2.641 2.531 2.87 2.727 2.608 2.509 2.34 2.319 2.149 1.959
1.6816 3.379 3.429 3.354 3.161 3.018 2.879 3.24 3.138 3.016 2.874 2.734 2.585 3.143 2.971 2.799 2.678 2.568 2.907 2.765 2.645 2.546 2.377 2.356 2.186 1.996
1.7222 3.416 3.466 3.391 3.198 3.055 2.916 3.277 3.175 3.053 2.911 2.771 2.622 3.18 3.008 2.836 2.715 2.605 2.944 2.802 2.682 2.583 2.414 2.393 2.223 2.033
1.7637 3.453 3.503 3.428 3.235 3.093 2.953 3.314 3.213 3.09 2.948 2.808 2.659 3.218 3.045 2.873 2.752 2.642 2.981 2.839 2.719 2.62 2.452 2.43 2.261 2.07
1.8062 3.49 3.54 3.465 3.272 3.13 2.99 3.351 3.25 3.127 2.985 2.845 2.696 3.255 3.082 2.91 2.79 2.679 3.018 2.876 2.756 2.657 2.489 2.467 2.298 2.107
1.8498 3.527 3.577 3.502 3.309 3.167 3.028 3.388 3.287 3.164 3.022 2.882 2.733 3.292 3.119 2.947 2.827 2.716 3.055 2.913 2.793 2.694 2.526 2.504 2.335 2.144
1.8944 3.565 3.614 3.539 3.346 3.204 3.065 3.425 3.324 3.201 3.059 2.919 2.77 3.329 3.156 2.984 2.864 2.753 3.092 2.95 2.83 2.731 2.563 2.541 2.372 2.181
1.9401 3.602 3.651 3.576 3.383 3.241 3.102 3.463 3.361 3.238 3.097 2.956 2.808 3.366 3.193 3.021 2.901 2.79 3.13 2.987 2.867 2.768 2.6 2.578 2.409 2.219
1.9869 3.639 3.688 3.613 3.42 3.278 3.139 3.5 3.398 3.276 3.134 2.993 2.845 3.403 3.23 3.059 2.938 2.827 3.167 3.024 2.904 2.805 2.637 2.615 2.446 2.256
2.0349 3.676 3.725 3.65 3.457 3.315 3.176 3.536 3.435 3.312 3.17 3.03 2.881 3.44 3.267 3.095 2.975 2.864 3.203 3.061 2.941 2.842 2.674 2.652 2.483 2.292
2.084 3.711 3.761 3.686 3.493 3.351 3.212 3.572 3.471 3.348 3.206 3.066 2.917 3.476 3.303 3.131 3.011 2.9 3.239 3.097 2.977 2.878 2.71 2.688 2.519 2.328
2.1342 3.747 3.797 3.722 3.529 3.387 3.247 3.608 3.507 3.384 3.242 3.102 2.953 3.512 3.339 3.167 3.047 2.936 3.275 3.133 3.013 2.914 2.746 2.724 2.555 2.364
2.1857 3.783 3.833 3.758 3.565 3.423 3.283 3.644 3.543 3.42 3.278 3.138 2.989 3.548 3.375 3.203 3.082 2.972 3.311 3.169 3.049 2.95 2.782 2.76 2.591 2.4
2.2384 3.819 3.869 3.794 3.601 3.458 3.319 3.68 3.578 3.456 3.314 3.174 3.025 3.584 3.411 3.239 3.118 3.008 3.347 3.205 3.085 2.986 2.817 2.796 2.626 2.436
2.2924 3.855 3.905 3.83 3.637 3.494 3.355 3.716 3.614 3.492 3.35 3.21 3.061 3.619 3.447 3.275 3.154 3.044 3.383 3.241 3.121 3.022 2.853 2.832 2.662 2.472
2.3477 3.891 3.941 3.866 3.673 3.53 3.391 3.752 3.65 3.528 3.386 3.246 3.097 3.655 3.483 3.311 3.19 3.08 3.419 3.276 3.157 3.058 2.889 2.868 2.698 2.508
2.4044 3.927 3.976 3.902 3.709 3.566 3.427 3.788 3.686 3.564 3.422 3.281 3.133 3.691 3.519 3.347 3.226 3.116 3.455 3.312 3.193 3.094 2.925 2.904 2.734 2.544
2.4624 3.963 4.012 3.938 3.745 3.602 3.463 3.824 3.722 3.6 3.458 3.317 3.169 3.727 3.555 3.383 3.262 3.151 3.491 3.348 3.228 3.129 2.961 2.939 2.77 2.58
2.5218 3.999 4.048 3.973 3.78 3.638 3.499 3.86 3.758 3.636 3.494 3.353 3.205 3.763 3.591 3.419 3.298 3.187 3.527 3.384 3.264 3.165 2.997 2.975 2.806 2.616
2.5826 4.035 4.084 4.01 3.817 3.674 3.535 3.896 3.794 3.672 3.53 3.389 3.241 3.799 3.627 3.455 3.334 3.224 3.563 3.42 3.301 3.202 3.033 3.012 2.842 2.652
2.6449 4.072 4.121 4.046 3.853 3.711 3.572 3.933 3.831 3.708 3.567 3.426 3.277 3.836 3.663 3.491 3.371 3.26 3.6 3.457 3.337 3.238 3.07 3.048 2.879 2.688
2.7087 4.108 4.158 4.083 3.89 3.747 3.608 3.969 3.867 3.745 3.603 3.463 3.314 3.872 3.7 3.528 3.407 3.297 3.636 3.494 3.374 3.275 3.106 3.085 2.915 2.725
2.7741 4.145 4.194 4.119 3.926 3.784 3.645 4.006 3.904 3.782 3.64 3.499 3.351 3.909 3.736 3.565 3.444 3.333 3.673 3.53 3.41 3.311 3.143 3.121 2.952 2.762
2.841 4.181 4.231 4.156 3.963 3.821 3.681 4.042 3.941 3.818 3.676 3.536 3.387 3.946 3.773 3.601 3.48 3.37 3.709 3.567 3.447 3.348 3.18 3.158 2.989 2.798
2.9095 4.218 4.267 4.193 4.0 3.857 3.718 4.079 3.977 3.855 3.713 3.572 3.424 3.982 3.81 3.638 3.517 3.406 3.746 3.603 3.483 3.384 3.216 3.194 3.025 2.835
2.9797 4.254 4.304 4.229 4.036 3.894 3.755 4.115 4.014 3.891 3.749 3.609 3.46 4.019 3.846 3.674 3.554 3.443 3.782 3.64 3.52 3.421 3.253 3.231 3.062 2.871
3.0516 4.291 4.341 4.266 4.073 3.93 3.791 4.152 4.05 3.928 3.786 3.646 3.497 4.055 3.883 3.711 3.59 3.48 3.819 3.676 3.557 3.458 3.289 3.268 3.098 2.908
3.1252 4.328 4.377 4.302 4.109 3.967 3.828 4.189 4.087 3.964 3.823 3.682 3.534 4.092 3.919 3.748 3.627 3.516 3.856 3.713 3.593 3.494 3.326 3.304 3.135 2.945
3.2006 4.364 4.414 4.339 4.146 4.003 3.864 4.225 4.124 4.001 3.859 3.719 3.57 4.129 3.956 3.784 3.663 3.553 3.892 3.75 3.63 3.531 3.363 3.341 3.171 2.981
3.2778 4.4 4.449 4.374 4.181 4.039 3.9 4.26 4.159 4.036 3.895 3.754 3.605 4.164 3.991 3.819 3.699 3.588 3.928 3.785 3.665 3.566 3.398 3.376 3.207 3.016
3.3569 4.434 4.483 4.408 4.215 4.073 3.934 4.294 4.193 4.07 3.929 3.788 3.639 4.198 4.025 3.853 3.733 3.622 3.962 3.819 3.699 3.6 3.432 3.41 3.241 3.05
3.4378 4.468 4.517 4.442 4.249 4.107 3.968 4.329 4.227 4.104 3.963 3.822 3.673 4.232 4.059 3.887 3.767 3.656 3.996 3.853 3.733 3.634 3.466 3.444 3.275 3.084
3.5208 4.502 4.551 4.476 4.283 4.141 4.002 4.363 4.261 4.138 3.997 3.856 3.708 4.266 4.093 3.921 3.801 3.69 4.03 3.887 3.767 3.668 3.5 3.478 3.309 3.118
3.6057 4.536 4.585 4.51 4.317 4.175 4.036 4.397 4.295 4.172 4.031 3.89 3.742 4.3 4.127 3.955 3.835 3.724 4.064 3.921 3.801 3.702 3.534 3.512 3.343 3.153
3.6927 4.57 4.619 4.544 4.351 4.209 4.07 4.431 4.329 4.206 4.065 3.924 3.776 4.334 4.161 3.99 3.869 3.758 4.098 3.955 3.835 3.736 3.568 3.546 3.377 3.187
3.7818 4.604 4.653 4.578 4.385 4.243 4.104 4.465 4.363 4.24 4.099 3.958 3.81 4.368 4.195 4.024 3.903 3.792 4.132 3.989 3.869 3.77 3.602 3.58 3.411 3.221
3.873 4.638 4.687 4.612 4.419 4.277 4.138 4.499 4.397 4.275 4.133 3.992 3.844 4.402 4.229 4.058 3.937 3.826 4.166 4.023 3.903 3.804 3.636 3.614 3.445 3.255
3.9664 4.672 4.721 4.646 4.453 4.311 4.172 4.533 4.431 4.309 4.167 4.026 3.878 4.436 4.263 4.092 3.971 3.86 4.2 4.057 3.937 3.838 3.67 3.648 3.479 3.289
4.0621 4.706 4.755 4.68 4.487 4.345 4.206 4.567 4.465 4.343 4.201 4.06 3.912 4.47 4.297 4.126 4.005 3.894 4.234 4.091 3.971 3.872 3.704 3.682 3.513 3.323
4.1601 4.738 4.787 4.712 4.519 4.377 4.238 4.599 4.497 4.375 4.233 4.092 3.944 4.502 4.329 4.158 4.037 3.926 4.266 4.123 4.003 3.904 3.736 3.714 3.545 3.355
4.2604 4.769 4.818 4.743 4.55 4.408 4.269 4.63 4.528 4.406 4.264 4.123 3.975 4.533 4.36 4.189 4.068 3.957 4.297 4.154 4.034 3.935 3.767 3.745 3.576 3.386
4.3632 4.8 4.849 4.774 4.581 4.439 4.3 4.661 4.559 4.436 4.295 4.154 4.005 4.564 4.391 4.219 4.099 3.988 4.328 4.185 4.065 3.966 3.798 3.776 3.607 3.416
4.4685 4.83 4.88 4.805 4.612 4.47 4.331 4.691 4.59 4.467 4.325 4.185 4.036 4.595 4.422 4.25 4.13 4.019 4.358 4.216 4.096 3.997 3.829 3.807 3.638 3.447
4.5763 4.861 4.911 4.836 4.643 4.501 4.362 4.722 4.621 4.498 4.356 4.216 4.067 4.626 4.453 4.281 4.161 4.05 4.389 4.247 4.127 4.028 3.86 3.838 3.669 3.478
4.6867 4.892 4.942 4.867 4.674 4.532 4.392 4.753 4.652 4.529 4.387 4.247 4.098 4.657 4.484 4.312 4.191 4.081 4.42 4.278 4.158 4.059 3.891 3.869 3.7 3.509
4.7997 4.923 4.973 4.898 4.705 4.562 4.423 4.784 4.682 4.56 4.418 4.278 4.129 4.688 4.515 4.343 4.222 4.112 4.451 4.309 4.189 4.09 3.922 3.9 3.73 3.54
4.9155 4.954 5.004 4.929 4.736 4.593 4.454 4.815 4.713 4.591 4.449 4.309 4.16 4.718 4.546 4.374 4.253 4.143 4.482 4.34 4.22 4.121 3.952 3.931 3.761 3.571
5.0341 4.985 5.035 4.96 4.767 4.624 4.485 4.846 4.744 4.622 4.48 4.34 4.191 4.749 4.577 4.405 4.284 4.174 4.513 4.37 4.251 4.152 3.983 3.962 3.792 3.602
5.1555 5.016 5.065 4.991 4.798 4.655 4.516 4.877 4.775 4.653 4.511 4.37 4.222 4.78 4.608 4.436 4.315 4.204 4.544 4.401 4.282 4.183 4.014 3.993 3.823 3.633
5.2799 5.047 5.096 5.022 4.829 4.686 4.547 4.908 4.806 4.684 4.542 4.402 4.253 4.811 4.639 4.467 4.346 4.236 4.575 4.432 4.313 4.214 4.045 4.024 3.854 3.664
5.4072 5.078 5.128 5.053 4.86 4.717 4.578 4.939 4.837 4.715 4.573 4.433 4.284 4.842 4.67 4.498 4.377 4.267 4.606 4.464 4.344 4.245 4.076 4.055 3.885 3.695
5.5377 5.109 5.159 5.084 4.891 4.748 4.609 4.97 4.868 4.746 4.604 4.464 4.315 4.873 4.701 4.529 4.408 4.298 4.637 4.495 4.375 4.276 4.107 4.086 3.916 3.726
5.6713 5.14 5.19 5.115 4.922 4.78 4.64 5.001 4.9 4.777 4.635 4.495 4.346 4.905 4.732 4.56 4.439 4.329 4.668 4.526 4.406 4.307 4.139 4.117 3.948 3.757
5.8081 5.171 5.221 5.146 4.953 4.811 4.671 5.032 4.931 4.808 4.666 4.526 4.377 4.936 4.763 4.591 4.471 4.36 4.699 4.557 4.437 4.338 4.17 4.148 3.979 3.788
5.9482 5.202 5.252 5.177 4.984 4.842 4.703 5.063 4.962 4.839 4.697 4.557 4.408 4.967 4.794 4.622 4.502 4.391 4.73 4.588 4.468 4.369 4.201 4.179 4.01 3.819
6.0917 5.234 5.283 5.208 5.015 4.873 4.734 5.094 4.993 4.87 4.729 4.588 4.439 4.998 4.825 4.653 4.533 4.422 4.762 4.619 4.499 4.4 4.232 4.21 4.041 3.85
6.2386 5.265 5.314 5.239 5.046 4.904 4.765 5.126 5.024 4.901 4.76 4.619 4.471 5.029 4.856 4.685 4.564 4.453 4.793 4.65 4.53 4.431 4.263 4.241 4.072 3.882
6.3891 5.296 5.345 5.27 5.077 4.935 4.796 5.157 5.055 4.933 4.791 4.65 4.502 5.06 4.887 4.716 4.595 4.484 4.824 4.681 4.561 4.462 4.294 4.272 4.103 3.913
6.5433 5.327 5.376 5.301 5.108 4.966 4.827 5.188 5.086 4.964 4.822 4.681 4.533 5.091 4.919 4.747 4.626 4.515 4.855 4.712 4.592 4.493 4.325 4.303 4.134 3.944
6.7011 5.371 5.42 5.346 5.153 5.01 4.871 5.232 5.13 5.008 4.866 4.725 4.577 5.135 4.963 4.791 4.67 4.559 4.899 4.756 4.636 4.537 4.369 4.347 4.178 3.988
6.8627 5.416 5.466 5.391 5.198 5.055 4.916 5.277 5.175 5.053 4.911 4.771 4.622 5.18 5.008 4.836 4.715 4.605 4.944 4.801 4.682 4.583 4.414 4.393 4.223 4.033
7.0283 5.461 5.511 5.436 5.243 5.1 4.961 5.322 5.22 5.098 4.956 4.816 4.667 5.226 5.053 4.881 4.76 4.65 4.989 4.847 4.727 4.628 4.459 4.438 4.268 4.078
7.1978 5.506 5.556 5.481 5.288 5.146 5.006 5.367 5.266 5.143 5.001 4.861 4.712 5.271 5.098 4.926 4.806 4.695 5.034 4.892 4.772 4.673 4.505 4.483 4.314 4.123
7.3715 5.552 5.601 5.526 5.333 5.191 5.052 5.412 5.311 5.188 5.046 4.906 4.757 5.316 5.143 4.971 4.851 4.74 5.079 4.937 4.817 4.718 4.55 4.528 4.359 4.168
7.5493 5.597 5.646 5.571 5.378 5.236 5.097 5.458 5.356 5.233 5.092 4.951 4.803 5.361 5.188 5.017 4.896 4.785 5.125 4.982 4.862 4.763 4.595 4.573 4.404 4.214
7.7314 5.642 5.691 5.616 5.423 5.281 5.142 5.503 5.401 5.279 5.137 4.996 4.848 5.406 5.234 5.062 4.941 4.83 5.17 5.027 4.907 4.808 4.64 4.618 4.449 4.259
7.9179 5.687 5.736 5.662 5.469 5.326 5.187 5.548 5.446 5.324 5.182 5.041 4.893 5.451 5.279 5.107 4.986 4.875 5.215 5.072 4.953 4.853 4.685 4.664 4.494 4.304
8.1089 5.732 5.782 5.707 5.514 5.371 5.232 5.593 5.491 5.369 5.227 5.087 4.938 5.496 5.324 5.152 5.031 4.921 5.26 5.117 4.998 4.899 4.73 4.709 4.539 4.349
8.3045 5.779 5.828 5.754 5.561 5.418 5.279 5.64 5.538 5.416 5.274 5.134 4.985 5.543 5.371 5.199 5.078 4.968 5.307 5.164 5.045 4.946 4.777 4.756 4.586 4.396
8.5049 5.85 5.9 5.825 5.632 5.49 5.351 5.711 5.61 5.487 5.345 5.205 5.056 5.615 5.442 5.27 5.15 5.039 5.378 5.236 5.116 5.017 4.849 4.827 4.658 4.467
8.71 5.922 5.971 5.896 5.703 5.561 5.422 5.783 5.681 5.559 5.417 5.276 5.128 5.686 5.514 5.342 5.221 5.11 5.45 5.307 5.187 5.088 4.92 4.898 4.729 4.539
8.9201 5.993 6.043 5.968 5.775 5.632 5.493 5.854 5.752 5.63 5.488 5.348 5.199 5.757 5.585 5.413 5.292 5.182 5.521 5.379 5.259 5.16 4.991 4.97 4.8 4.61
9.1353 6.065 6.114 6.039 5.846 5.704 5.565 5.926 5.824 5.701 5.56 5.419 5.271 5.829 5.656 5.484 5.364 5.253 5.593 5.45 5.33 5.231 5.063 5.041 4.872 4.681
