web/models/grb/onaxis/15/grb_0.0000_0.7197_0.0000025.dat
# %ECSV 1.0
# ---
# datatype:
# - {name: time, datatype: float64}
# - {name: swift_uvot_uvw2, datatype: float64}
# - {name: swift_uvot_uvm2, datatype: float64}
# - {name: swift_uvot_uvw1, datatype: float64}
# - {name: swift_uvot_U, datatype: float64}
# - {name: swift_uvot_B, datatype: float64}
# - {name: swift_uvot_V, datatype: float64}
# - {name: swift_uvot_W, datatype: float64}
# - {name: johnson_U, datatype: float64}
# - {name: johnson_B, datatype: float64}
# - {name: johnson_V, datatype: float64}
# - {name: johnson_R, datatype: float64}
# - {name: johnson_I, datatype: float64}
# - {name: sdss_u, datatype: float64}
# - {name: sdss_g, datatype: float64}
# - {name: sdss_r, datatype: float64}
# - {name: sdss_i, datatype: float64}
# - {name: sdss_z, datatype: float64}
# - {name: PS1_g, datatype: float64}
# - {name: PS1_r, datatype: float64}
# - {name: PS1_i, datatype: float64}
# - {name: PS1_z, datatype: float64}
# - {name: PS1_Y, datatype: float64}
# - {name: PS1_w, datatype: float64}
# - {name: ATLAS_c, datatype: float64}
# - {name: ATLAS_o, datatype: float64}
# - {name: ukirt_J, datatype: float64}
# - {name: ukirt_H, datatype: float64}
# - {name: ukirt_K, datatype: float64}
# - {name: Clear, datatype: float64}
# meta: !!omap
# - comment: [E = 0.0003123183844771778, Eta0 = 8.02, GammaB = 12.0, dL = 0.012188, epsb = 6.760829753919819e-06, epse = 0.1, n = 2.5118864315095823e-06,
#     p = 2.15, theta_obs = 0.0, xiN = 1.0, z = 0.0, type = grb, E_kiso = 0.7196856730011522]
# schema: astropy-2.0
time swift_uvot_uvw2 swift_uvot_uvm2 swift_uvot_uvw1 swift_uvot_U swift_uvot_B swift_uvot_V swift_uvot_W johnson_U johnson_B johnson_V johnson_R johnson_I sdss_u sdss_g sdss_r sdss_i sdss_z PS1_g PS1_r PS1_i PS1_z PS1_Y PS1_w ATLAS_c ATLAS_o ukirt_J ukirt_H ukirt_K Clear
[from data line 360]
53.3072 10.494 10.543 10.468 10.275 10.133 9.994 10.355 10.253 10.131 9.989 9.848 9.7 10.258 10.086 9.914 9.793 9.682 10.022 9.879 9.759 9.66 9.492 9.916 10.011 9.858 9.47 9.301 9.111 9.826
54.5931 10.543 10.593 10.518 10.325 10.182 10.043 10.404 10.302 10.18 10.038 9.898 9.749 10.307 10.135 9.963 9.842 9.732 10.071 9.929 9.809 9.71 9.541 9.965 10.06 9.908 9.52 9.35 9.16 9.875
55.9101 10.593 10.642 10.567 10.374 10.232 10.093 10.453 10.352 10.229 10.088 9.947 9.798 10.357 10.184 10.012 9.892 9.781 10.121 9.978 9.858 9.759 9.591 10.015 10.11 9.957 9.569 9.4 9.209 9.924
57.2588 10.642 10.691 10.617 10.424 10.281 10.142 10.503 10.401 10.279 10.137 9.996 9.848 10.406 10.234 10.062 9.941 9.83 10.17 10.027 9.907 9.808 9.64 10.064 10.159 10.006 9.618 9.449 9.259 9.974
58.6401 10.692 10.741 10.666 10.473 10.331 10.192 10.553 10.451 10.329 10.187 10.046 9.898 10.456 10.284 10.112 9.991 9.88 10.22 10.077 9.957 9.858 9.69 10.114 10.209 10.056 9.668 9.499 9.309 10.024
60.0546 10.742 10.791 10.716 10.523 10.381 10.242 10.603 10.501 10.379 10.237 10.096 9.948 10.506 10.334 10.162 10.041 9.93 10.27 10.127 10.007 9.908 9.74 10.164 10.259 10.106 9.718 9.549 9.359 10.074
61.5034 10.792 10.841 10.766 10.573 10.431 10.292 10.653 10.551 10.429 10.287 10.146 9.998 10.556 10.384 10.212 10.091 9.98 10.32 10.177 10.057 9.958 9.79 10.214 10.309 10.156 9.768 9.599 9.409 10.124
62.987 10.842 10.891 10.816 10.624 10.481 10.342 10.703 10.601 10.479 10.337 10.196 10.048 10.606 10.434 10.262 10.141 10.03 10.37 10.227 10.107 10.008 9.84 10.264 10.359 10.206 9.818 9.649 9.459 10.174
64.5065 10.892 10.941 10.866 10.674 10.531 10.392 10.753 10.651 10.529 10.387 10.246 10.098 10.656 10.484 10.312 10.191 10.08 10.42 10.277 10.157 10.058 9.89 10.314 10.409 10.256 9.868 9.699 9.509 10.224
66.0626 10.942 10.991 10.916 10.724 10.581 10.442 10.803 10.701 10.579 10.437 10.296 10.148 10.706 10.534 10.362 10.241 10.13 10.47 10.327 10.207 10.108 9.94 10.364 10.459 10.306 9.918 9.749 9.559 10.274
67.6562 10.992 11.041 10.966 10.774 10.631 10.492 10.853 10.751 10.629 10.487 10.346 10.198 10.756 10.584 10.412 10.291 10.18 10.52 10.377 10.257 10.158 9.99 10.414 10.509 10.356 9.968 9.799 9.609 10.324
69.2883 11.042 11.091 11.016 10.824 10.681 10.542 10.903 10.801 10.679 10.537 10.396 10.248 10.806 10.634 10.462 10.341 10.23 10.57 10.427 10.307 10.208 10.04 10.464 10.559 10.406 10.018 9.849 9.659 10.374
70.9597 11.092 11.141 11.066 10.874 10.731 10.592 10.953 10.851 10.729 10.587 10.446 10.298 10.856 10.684 10.512 10.391 10.28 10.62 10.477 10.357 10.258 10.09 10.514 10.609 10.456 10.068 9.899 9.709 10.424
72.6715 11.142 11.191 11.117 10.924 10.781 10.642 11.003 10.901 10.779 10.637 10.496 10.348 10.906 10.734 10.562 10.441 10.33 10.67 10.527 10.407 10.308 10.14 10.564 10.659 10.506 10.118 9.949 9.759 10.474
74.4246 11.189 11.238 11.163 10.97 10.828 10.689 11.05 10.948 10.826 10.684 10.543 10.395 10.953 10.78 10.609 10.488 10.377 10.717 10.574 10.454 10.355 10.187 10.611 10.706 10.553 10.165 9.996 9.806 10.521
76.2199 11.235 11.285 11.21 11.017 10.875 10.736 11.096 10.995 10.872 10.73 10.59 10.441 11.0 10.827 10.655 10.535 10.424 10.763 10.621 10.501 10.402 10.234 10.658 10.753 10.6 10.212 10.043 9.852 10.567
78.0586 11.282 11.332 11.257 11.064 10.921 10.782 11.143 11.041 10.919 10.777 10.637 10.488 11.047 10.874 10.702 10.581 10.471 10.81 10.668 10.548 10.449 10.281 10.704 10.8 10.647 10.259 10.089 9.899 10.614
79.9416 11.329 11.378 11.304 11.111 10.968 10.829 11.19 11.088 10.966 10.824 10.683 10.535 11.093 10.921 10.749 10.628 10.518 10.857 10.714 10.595 10.496 10.327 10.751 10.846 10.694 10.306 10.136 9.946 10.661
81.87 11.376 11.425 11.35 11.157 11.015 10.876 11.237 11.135 11.013 10.871 10.73 10.582 11.14 10.967 10.796 10.675 10.564 10.904 10.761 10.641 10.542 10.374 10.798 10.893 10.74 10.352 10.183 9.993 10.708
83.845 11.423 11.472 11.397 11.204 11.062 10.923 11.283 11.182 11.059 10.917 10.777 10.628 11.187 11.014 10.842 10.722 10.611 10.95 10.808 10.688 10.589 10.421 10.845 10.94 10.787 10.399 10.23 10.039 10.754
85.8676 11.469 11.519 11.444 11.251 11.109 10.969 11.33 11.229 11.106 10.964 10.824 10.675 11.234 11.061 10.889 10.768 10.658 10.997 10.855 10.735 10.636 10.468 10.891 10.987 10.834 10.446 10.277 10.086 10.801
87.939 11.516 11.566 11.491 11.298 11.155 11.016 11.377 11.275 11.153 11.011 10.871 10.722 11.28 11.108 10.936 10.815 10.705 11.044 10.901 10.782 10.683 10.514 10.938 11.033 10.881 10.493 10.323 10.133 10.848
90.0604 11.563 11.612 11.537 11.344 11.202 11.063 11.424 11.322 11.2 11.058 10.917 10.769 11.327 11.155 10.983 10.862 10.751 11.091 10.948 10.828 10.729 10.561 10.985 11.08 10.927 10.539 10.37 10.18 10.895
92.2329 11.609 11.659 11.584 11.391 11.249 11.11 11.47 11.369 11.246 11.104 10.964 10.815 11.374 11.201 11.029 10.909 10.798 11.137 10.995 10.875 10.776 10.608 11.032 11.127 10.974 10.586 10.417 10.226 10.941
94.4579 11.655 11.705 11.63 11.437 11.295 11.156 11.516 11.415 11.292 11.15 11.01 10.861 11.42 11.247 11.075 10.955 10.844 11.183 11.041 10.921 10.822 10.654 11.078 11.173 11.02 10.632 10.463 10.272 10.987
96.7365 11.701 11.751 11.676 11.483 11.341 11.202 11.562 11.461 11.338 11.196 11.056 10.907 11.466 11.293 11.121 11.001 10.89 11.229 11.087 10.967 10.868 10.7 11.124 11.219 11.066 10.678 10.509 10.318 11.033
99.0701 11.747 11.797 11.722 11.529 11.387 11.247 11.608 11.507 11.384 11.242 11.102 10.953 11.512 11.339 11.167 11.047 10.936 11.275 11.133 11.013 10.914 10.746 11.169 11.265 11.112 10.724 10.555 10.364 11.079
101.4599 11.793 11.843 11.768 11.575 11.433 11.293 11.654 11.553 11.43 11.288 11.148 10.999 11.558 11.385 11.213 11.092 10.982 11.321 11.179 11.059 10.96 10.792 11.215 11.311 11.158 10.77 10.601 10.41 11.125
103.9075 11.839 11.889 11.814 11.621 11.478 11.339 11.7 11.599 11.476 11.334 11.194 11.045 11.604 11.431 11.259 11.138 11.028 11.367 11.225 11.105 11.006 10.838 11.261 11.357 11.204 10.816 10.646 10.456 11.171
106.4141 11.885 11.935 11.86 11.667 11.524 11.385 11.746 11.644 11.522 11.38 11.24 11.091 11.649 11.477 11.305 11.184 11.074 11.413 11.271 11.151 11.052 10.883 11.307 11.403 11.25 10.862 10.692 10.502 11.217
108.9811 11.931 11.981 11.906 11.713 11.57 11.431 11.792 11.69 11.568 11.426 11.286 11.137 11.695 11.523 11.351 11.23 11.12 11.459 11.317 11.197 11.098 10.929 11.353 11.448 11.296 10.908 10.738 10.548 11.263
111.6101 11.977 12.027 11.952 11.759 11.616 11.477 11.838 11.736 11.614 11.472 11.332 11.183 11.741 11.569 11.397 11.276 11.166 11.505 11.362 11.243 11.144 10.975 11.399 11.494 11.342 10.954 10.784 10.594 11.309
114.3025 12.023 12.073 11.998 11.805 11.662 11.523 11.884 11.782 11.66 11.518 11.378 11.229 11.787 11.615 11.443 11.322 11.212 11.551 11.408 11.289 11.19 11.021 11.445 11.54 11.388 11.0 10.83 10.64 11.355
117.0598 12.068 12.118 12.043 11.85 11.707 11.568 11.929 11.827 11.705 11.563 11.423 11.274 11.832 11.66 11.488 11.367 11.257 11.596 11.454 11.334 11.235 11.066 11.49 11.585 11.433 11.045 10.875 10.685 11.4
119.8836 12.111 12.16 12.085 11.893 11.75 11.611 11.972 11.87 11.748 11.606 11.465 11.317 11.875 11.703 11.531 11.41 11.299 11.639 11.496 11.376 11.277 11.109 11.533 11.628 11.475 11.087 10.918 10.728 11.443
122.7756 12.154 12.203 12.128 11.935 11.793 11.654 12.015 11.913 11.79 11.649 11.508 11.36 11.918 11.745 11.574 11.453 11.342 11.682 11.539 11.419 11.32 11.152 11.576 11.671 11.518 11.13 10.961 10.771 11.486
125.7373 12.196 12.246 12.171 11.978 11.836 11.697 12.057 11.956 11.833 11.691 11.551 11.402 11.961 11.788 11.616 11.496 11.385 11.724 11.582 11.462 11.363 11.195 11.619 11.714 11.561 11.173 11.004 10.813 11.528
128.7705 12.239 12.289 12.214 12.021 11.878 11.739 12.1 11.998 11.876 11.734 11.594 11.445 12.003 11.831 11.659 11.538 11.428 11.767 11.625 11.505 11.406 11.237 11.661 11.756 11.604 11.216 11.046 10.856 11.571
131.8769 12.282 12.331 12.257 12.064 11.921 11.782 12.143 12.041 11.919 11.777 11.636 11.488 12.046 11.874 11.702 11.581 11.47 11.81 11.667 11.547 11.448 11.28 11.704 11.799 11.646 11.258 11.089 10.899 11.614
135.0582 12.325 12.374 12.299 12.106 11.964 11.825 12.186 12.084 11.962 11.82 11.679 11.531 12.089 11.916 11.745 11.624 11.513 11.853 11.71 11.59 11.491 11.323 11.747 11.842 11.689 11.301 11.132 10.942 11.657
138.3162 12.367 12.417 12.342 12.149 12.007 11.868 12.228 12.127 12.004 11.862 11.722 11.573 12.132 11.959 11.787 11.667 11.556 11.895 11.753 11.633 11.534 11.366 11.79 11.885 11.732 11.344 11.175 10.984 11.699
141.6528 12.41 12.46 12.385 12.192 12.049 11.91 12.271 12.169 12.047 11.905 11.765 11.616 12.174 12.002 11.83 11.709 11.599 11.938 11.796 11.676 11.577 11.408 11.832 11.927 11.775 11.387 11.217 11.027 11.742
145.0699 12.453 12.502 12.428 12.235 12.092 11.953 12.314 12.212 12.09 11.948 11.807 11.659 12.217 12.045 11.873 11.752 11.641 11.981 11.838 11.719 11.619 11.451 11.875 11.97 11.817 11.43 11.26 11.07 11.785
148.5695 12.497 12.546 12.471 12.278 12.136 11.997 12.357 12.256 12.133 11.992 11.851 11.702 12.261 12.088 11.916 11.796 11.685 12.025 11.882 11.762 11.663 11.495 11.919 12.014 11.861 11.473 11.304 11.113 11.828
152.1534 12.541 12.591 12.516 12.323 12.181 12.042 12.402 12.301 12.178 12.036 11.896 11.747 12.306 12.133 11.961 11.841 11.73 12.069 11.927 11.807 11.708 11.54 11.964 12.059 11.906 11.518 11.349 11.158 11.873
155.8238 12.586 12.636 12.561 12.368 12.226 12.086 12.447 12.346 12.223 12.081 11.941 11.792 12.351 12.178 12.006 11.885 11.775 12.114 11.972 11.852 11.753 11.585 12.008 12.104 11.951 11.563 11.394 11.203 11.918
159.5828 12.631 12.681 12.606 12.413 12.27 12.131 12.492 12.39 12.268 12.126 11.986 11.837 12.395 12.223 12.051 11.93 11.82 12.159 12.017 11.897 11.798 11.629 12.053 12.148 11.996 11.608 11.438 11.248 11.963
163.4324 12.676 12.725 12.651 12.458 12.315 12.176 12.537 12.435 12.313 12.171 12.03 11.882 12.44 12.268 12.096 11.975 11.865 12.204 12.061 11.942 11.843 11.674 12.098 12.193 12.041 11.653 11.483 11.293 12.008
167.375 12.721 12.77 12.695 12.503 12.36 12.221 12.582 12.48 12.358 12.216 12.075 11.927 12.485 12.313 12.141 12.02 11.909 12.249 12.106 11.986 11.887 11.719 12.143 12.238 12.085 11.697 11.528 11.338 12.053
171.4126 12.766 12.815 12.74 12.547 12.405 12.266 12.627 12.525 12.403 12.261 12.12 11.972 12.53 12.357 12.186 12.065 11.954 12.294 12.151 12.031 11.932 11.764 12.188 12.283 12.13 11.742 11.573 11.383 12.098
175.5476 12.811 12.86 12.785 12.592 12.45 12.311 12.671 12.57 12.447 12.306 12.165 12.016 12.575 12.402 12.23 12.11 11.999 12.339 12.196 12.076 11.977 11.809 12.233 12.328 12.175 11.787 11.618 11.427 12.142
179.7823 12.855 12.905 12.83 12.637 12.495 12.356 12.716 12.615 12.492 12.35 12.21 12.061 12.62 12.447 12.275 12.155 12.044 12.383 12.241 12.121 12.022 11.854 12.278 12.373 12.22 11.832 11.663 11.472 12.187
184.1193 12.9 12.95 12.875 12.682 12.54 12.4 12.761 12.66 12.537 12.395 12.255 12.106 12.665 12.492 12.32 12.199 12.089 12.428 12.286 12.166 12.067 11.899 12.322 12.418 12.265 11.877 11.708 11.517 12.232
188.5608 12.943 12.992 12.918 12.725 12.582 12.443 12.804 12.702 12.58 12.438 12.297 12.149 12.707 12.535 12.363 12.242 12.132 12.471 12.328 12.209 12.11 11.941 12.365 12.46 12.308 11.92 11.75 11.56 12.275
193.1095 12.984 13.033 12.959 12.766 12.623 12.484 12.845 12.743 12.621 12.479 12.338 12.19 12.748 12.576 12.404 12.283 12.173 12.512 12.369 12.25 12.151 11.982 12.406 12.501 12.349 11.961 11.791 11.601 12.316
197.7679 13.025 13.074 13.0 12.807 12.664 12.525 12.886 12.784 12.662 12.52 12.379 12.231 12.789 12.617 12.445 12.324 12.214 12.553 12.41 12.291 12.192 12.023 12.447 12.542 12.39 12.002 11.832 11.642 12.357
202.5387 13.066 13.115 13.041 12.848 12.705 12.566 12.927 12.825 12.703 12.561 12.42 12.272 12.83 12.658 12.486 12.365 12.255 12.594 12.451 12.332 12.233 12.064 12.488 12.583 12.431 12.043 11.873 11.683 12.398
207.4245 13.107 13.156 13.082 12.889 12.746 12.607 12.968 12.866 12.744 12.602 12.461 12.313 12.871 12.699 12.527 12.406 12.296 12.635 12.492 12.373 12.274 12.105 12.529 12.624 12.472 12.084 11.914 11.724 12.439
212.4283 13.148 13.197 13.123 12.93 12.787 12.648 13.009 12.907 12.785 12.643 12.502 12.354 12.912 12.74 12.568 12.447 12.337 12.676 12.533 12.414 12.315 12.146 12.57 12.665 12.513 12.125 11.955 11.765 12.48
217.5527 13.189 13.238 13.164 12.971 12.828 12.689 13.05 12.948 12.826 12.684 12.544 12.395 12.953 12.781 12.609 12.488 12.378 12.717 12.574 12.455 12.356 12.187 12.611 12.706 12.554 12.166 11.996 11.806 12.521
222.8008 13.23 13.279 13.205 13.012 12.869 12.73 13.091 12.989 12.867 12.725 12.585 12.436 12.994 12.822 12.65 12.529 12.419 12.758 12.615 12.496 12.397 12.228 12.652 12.747 12.595 12.207 12.037 11.847 12.562
228.1754 13.271 13.32 13.246 13.053 12.91 12.771 13.132 13.03 12.908 12.766 12.626 12.477 13.035 12.863 12.691 12.57 12.46 12.799 12.656 12.537 12.438 12.269 12.693 12.788 12.636 12.248 12.078 11.888 12.603
233.6797 13.312 13.362 13.287 13.094 12.951 12.812 13.173 13.071 12.949 12.807 12.667 12.518 13.076 12.904 12.732 12.611 12.501 12.84 12.697 12.578 12.479 12.31 12.734 12.829 12.677 12.289 12.119 11.929 12.644
239.3168 13.351 13.401 13.326 13.133 12.99 12.851 13.212 13.111 12.988 12.846 12.706 12.557 13.116 12.943 12.771 12.65 12.54 12.879 12.737 12.617 12.518 12.35 12.773 12.869 12.716 12.328 12.158 11.968 12.683
245.0899 13.39 13.439 13.364 13.171 13.029 12.89 13.251 13.149 13.027 12.885 12.744 12.596 13.154 12.981 12.81 12.689 12.578 12.918 12.775 12.655 12.556 12.388 12.812 12.907 12.754 12.366 12.197 12.007 12.722
251.0022 13.428 13.478 13.403 13.21 13.067 12.928 13.289 13.187 13.065 12.923 12.783 12.634 13.192 13.02 12.848 12.727 12.617 12.956 12.814 12.694 12.595 12.426 12.85 12.945 12.793 12.405 12.235 12.045 12.76
257.0572 13.467 13.516 13.441 13.248 13.106 12.967 13.327 13.226 13.103 12.962 12.821 12.672 13.231 13.058 12.886 12.766 12.655 12.995 12.852 12.732 12.633 12.465 12.889 12.984 12.831 12.443 12.274 12.083 12.798
263.2582 13.505 13.554 13.48 13.287 13.144 13.005 13.366 13.264 13.142 13.0 12.859 12.711 13.269 13.097 12.925 12.804 12.694 13.033 12.89 12.771 12.672 12.503 12.927 13.022 12.87 12.482 12.312 12.122 12.837
269.6088 13.543 13.593 13.518 13.325 13.183 13.044 13.404 13.303 13.18 13.038 12.898 12.749 13.308 13.135 12.963 12.843 12.732 13.071 12.929 12.809 12.71 12.542 12.966 13.061 12.908 12.52 12.351 12.16 12.875
276.1126 13.582 13.631 13.556 13.364 13.221 13.082 13.443 13.341 13.219 13.077 12.936 12.788 13.346 13.174 13.002 12.881 12.77 13.11 12.967 12.847 12.748 12.58 13.004 13.099 12.946 12.558 12.389 12.199 12.914
282.7734 13.62 13.67 13.595 13.402 13.26 13.12 13.481 13.38 13.257 13.115 12.975 12.826 13.385 13.212 13.04 12.919 12.809 13.148 13.006 12.886 12.787 12.619 13.042 13.138 12.985 12.597 12.428 12.237 12.952
289.5947 13.659 13.708 13.633 13.44 13.298 13.159 13.52 13.418 13.296 13.154 13.013 12.865 13.423 13.25 13.079 12.958 12.847 13.187 13.044 12.924 12.825 12.657 13.081 13.176 13.023 12.635 12.466 12.276 12.991
296.5807 13.697 13.747 13.672 13.479 13.336 13.197 13.558 13.456 13.334 13.192 13.052 12.903 13.461 13.289 13.117 12.996 12.886 13.225 13.083 12.963 12.864 12.695 13.119 13.215 13.062 12.674 12.504 12.314 13.029
303.7351 13.739 13.788 13.713 13.52 13.378 13.239 13.6 13.498 13.375 13.234 13.093 12.945 13.503 13.33 13.158 13.038 12.927 13.267 13.124 13.004 12.905 12.737 13.161 13.256 13.103 12.715 12.546 12.356 13.071
311.0622 13.781 13.83 13.755 13.562 13.42 13.281 13.642 13.54 13.417 13.276 13.135 12.987 13.545 13.372 13.2 13.08 12.969 13.309 13.166 13.046 12.947 12.779 13.203 13.298 13.145 12.757 12.588 12.397 13.112
318.566 13.823 13.872 13.797 13.604 13.462 13.323 13.683 13.582 13.459 13.318 13.177 13.028 13.587 13.414 13.242 13.122 13.011 13.351 13.208 13.088 12.989 12.821 13.245 13.34 13.187 12.799 12.63 12.439 13.154
