web/models/grb/onaxis/15/grb_0.0000_372.7594_0.0001000.dat
# %ECSV 1.0
# ---
# datatype:
# - {name: time, datatype: float64}
# - {name: swift_uvot_uvw2, datatype: float64}
# - {name: swift_uvot_uvm2, datatype: float64}
# - {name: swift_uvot_uvw1, datatype: float64}
# - {name: swift_uvot_U, datatype: float64}
# - {name: swift_uvot_B, datatype: float64}
# - {name: swift_uvot_V, datatype: float64}
# - {name: swift_uvot_W, datatype: float64}
# - {name: johnson_U, datatype: float64}
# - {name: johnson_B, datatype: float64}
# - {name: johnson_V, datatype: float64}
# - {name: johnson_R, datatype: float64}
# - {name: johnson_I, datatype: float64}
# - {name: sdss_u, datatype: float64}
# - {name: sdss_g, datatype: float64}
# - {name: sdss_r, datatype: float64}
# - {name: sdss_i, datatype: float64}
# - {name: sdss_z, datatype: float64}
# - {name: PS1_g, datatype: float64}
# - {name: PS1_r, datatype: float64}
# - {name: PS1_i, datatype: float64}
# - {name: PS1_z, datatype: float64}
# - {name: PS1_Y, datatype: float64}
# - {name: PS1_w, datatype: float64}
# - {name: ATLAS_c, datatype: float64}
# - {name: ATLAS_o, datatype: float64}
# - {name: ukirt_J, datatype: float64}
# - {name: ukirt_H, datatype: float64}
# - {name: ukirt_K, datatype: float64}
# - {name: Clear, datatype: float64}
# meta: !!omap
# - comment: [E = 0.16176451642579392, Eta0 = 8.02, GammaB = 12.0, dL = 0.012188, epsb = 6.760829753919819e-06, epse = 0.1, n = 0.0001,
#     p = 2.15, theta_obs = 0.0, xiN = 1.0, z = 0.0, type = grb, E_kiso = 372.7593720314938]
# schema: astropy-2.0
time swift_uvot_uvw2 swift_uvot_uvm2 swift_uvot_uvw1 swift_uvot_U swift_uvot_B swift_uvot_V swift_uvot_W johnson_U johnson_B johnson_V johnson_R johnson_I sdss_u sdss_g sdss_r sdss_i sdss_z PS1_g PS1_r PS1_i PS1_z PS1_Y PS1_w ATLAS_c ATLAS_o ukirt_J ukirt_H ukirt_K Clear
[from data line 471]
751.4117 3.892 3.941 3.867 3.674 3.531 3.392 3.753 3.651 3.529 3.387 3.246 3.098 3.656 3.484 3.312 3.191 3.08 3.42 3.277 3.157 3.058 2.89 3.314 3.409 3.256 2.868 2.699 2.509 3.224
769.5381 3.934 3.983 3.909 3.716 3.573 3.434 3.795 3.693 3.571 3.429 3.288 3.14 3.698 3.526 3.354 3.233 3.122 3.462 3.319 3.199 3.1 2.932 3.356 3.451 3.298 2.91 2.741 2.551 3.266
788.1018 3.976 4.025 3.95 3.758 3.615 3.476 3.837 3.735 3.613 3.471 3.33 3.182 3.74 3.568 3.396 3.275 3.164 3.504 3.361 3.241 3.142 2.974 3.398 3.493 3.34 2.952 2.783 2.593 3.308
807.1133 4.018 4.067 3.992 3.8 3.657 3.518 3.879 3.777 3.655 3.513 3.372 3.224 3.782 3.61 3.438 3.317 3.206 3.546 3.403 3.283 3.184 3.016 3.44 3.535 3.382 2.994 2.825 2.635 3.35
826.5834 4.06 4.109 4.034 3.841 3.699 3.56 3.921 3.819 3.697 3.555 3.414 3.266 3.824 3.652 3.48 3.359 3.248 3.588 3.445 3.325 3.226 3.058 3.482 3.577 3.424 3.036 2.867 2.677 3.392
846.5232 4.102 4.151 4.076 3.883 3.741 3.602 3.963 3.861 3.739 3.597 3.456 3.308 3.866 3.694 3.522 3.401 3.29 3.63 3.487 3.367 3.268 3.1 3.524 3.619 3.466 3.078 2.909 2.719 3.434
866.944 4.144 4.193 4.118 3.925 3.783 3.644 4.005 3.903 3.781 3.639 3.498 3.35 3.908 3.735 3.564 3.443 3.332 3.672 3.529 3.409 3.31 3.142 3.566 3.661 3.508 3.12 2.951 2.761 3.476
887.8575 4.185 4.235 4.16 3.967 3.824 3.685 4.046 3.944 3.822 3.68 3.54 3.391 3.949 3.777 3.605 3.484 3.374 3.713 3.571 3.451 3.352 3.183 3.607 3.703 3.55 3.162 2.992 2.802 3.517
909.2754 4.222 4.272 4.197 4.004 3.862 3.722 4.083 3.982 3.859 3.717 3.577 3.428 3.987 3.814 3.642 3.521 3.411 3.75 3.608 3.488 3.389 3.221 3.644 3.74 3.587 3.199 3.03 2.839 3.554
931.21 4.259 4.309 4.234 4.041 3.899 3.759 4.12 4.019 3.896 3.754 3.614 3.465 4.024 3.851 3.679 3.559 3.448 3.787 3.645 3.525 3.426 3.258 3.681 3.777 3.624 3.236 3.067 2.876 3.591
953.6737 4.296 4.346 4.271 4.078 3.936 3.797 4.157 4.056 3.933 3.791 3.651 3.502 4.061 3.888 3.716 3.596 3.485 3.824 3.682 3.562 3.463 3.295 3.719 3.814 3.661 3.273 3.104 2.913 3.628
976.6793 4.334 4.383 4.308 4.115 3.973 3.834 4.194 4.093 3.97 3.828 3.688 3.539 4.098 3.925 3.753 3.633 3.522 3.861 3.719 3.599 3.5 3.332 3.756 3.851 3.698 3.31 3.141 2.95 3.665
1000.2399 4.371 4.42 4.345 4.152 4.01 3.871 4.232 4.13 4.007 3.866 3.725 3.577 4.135 3.962 3.79 3.67 3.559 3.899 3.756 3.636 3.537 3.369 3.793 3.888 3.735 3.347 3.178 2.988 3.703
1024.3688 4.408 4.457 4.382 4.189 4.047 3.908 4.269 4.167 4.045 3.903 3.762 3.614 4.172 3.999 3.828 3.707 3.596 3.936 3.793 3.673 3.574 3.406 3.83 3.925 3.772 3.384 3.215 3.025 3.74
1049.0798 4.445 4.494 4.419 4.226 4.084 3.945 4.306 4.204 4.082 3.94 3.799 3.651 4.209 4.036 3.865 3.744 3.633 3.973 3.83 3.71 3.611 3.443 3.867 3.962 3.809 3.421 3.252 3.062 3.777
1074.3869 4.482 4.531 4.456 4.264 4.121 3.982 4.343 4.241 4.119 3.977 3.836 3.688 4.246 4.074 3.902 3.781 3.67 4.01 3.867 3.747 3.648 3.48 3.904 3.999 3.846 3.458 3.289 3.099 3.814
1100.3045 4.519 4.568 4.494 4.301 4.158 4.019 4.38 4.278 4.156 4.014 3.873 3.725 4.283 4.111 3.939 3.818 3.707 4.047 3.904 3.785 3.685 3.517 3.941 4.036 3.883 3.496 3.326 3.136 3.851
1126.8473 4.556 4.605 4.53 4.337 4.195 4.056 4.417 4.315 4.193 4.051 3.91 3.762 4.32 4.147 3.976 3.855 3.744 4.084 3.941 3.821 3.722 3.554 3.978 4.073 3.92 3.532 3.363 3.173 3.888
1154.0304 4.592 4.641 4.566 4.373 4.231 4.092 4.453 4.351 4.228 4.087 3.946 3.798 4.356 4.183 4.012 3.891 3.78 4.12 3.977 3.857 3.758 3.59 4.014 4.109 3.956 3.568 3.399 3.209 3.924
1181.8693 4.628 4.677 4.602 4.409 4.267 4.128 4.489 4.387 4.264 4.123 3.982 3.833 4.392 4.219 4.047 3.927 3.816 4.156 4.013 3.893 3.794 3.626 4.05 4.145 3.992 3.604 3.435 3.244 3.959
1210.3797 4.664 4.713 4.638 4.445 4.303 4.164 4.524 4.423 4.3 4.158 4.018 3.869 4.428 4.255 4.083 3.963 3.852 4.191 4.049 3.929 3.83 3.662 4.086 4.181 4.028 3.64 3.471 3.28 3.995
1239.5778 4.699 4.749 4.674 4.481 4.339 4.2 4.56 4.459 4.336 4.194 4.054 3.905 4.464 4.291 4.119 3.999 3.888 4.227 4.085 3.965 3.866 3.698 4.122 4.217 4.064 3.676 3.507 3.316 4.031
1269.4803 4.735 4.785 4.71 4.517 4.375 4.235 4.596 4.495 4.372 4.23 4.09 3.941 4.5 4.327 4.155 4.035 3.924 4.263 4.121 4.001 3.902 3.734 4.157 4.253 4.1 3.712 3.543 3.352 4.067
1300.1042 4.771 4.821 4.746 4.553 4.411 4.271 4.632 4.531 4.408 4.266 4.126 3.977 4.536 4.363 4.191 4.07 3.96 4.299 4.157 4.037 3.938 3.77 4.193 4.289 4.136 3.748 3.579 3.388 4.103
1331.4668 4.807 4.857 4.782 4.589 4.446 4.307 4.668 4.566 4.444 4.302 4.162 4.013 4.571 4.399 4.227 4.106 3.996 4.335 4.193 4.073 3.974 3.805 4.229 4.325 4.172 3.784 3.614 3.424 4.139
1363.586 4.843 4.893 4.818 4.625 4.482 4.343 4.704 4.602 4.48 4.338 4.198 4.049 4.607 4.435 4.263 4.142 4.032 4.371 4.229 4.109 4.01 3.841 4.265 4.36 4.208 3.82 3.65 3.46 4.175
1396.48 4.879 4.929 4.854 4.661 4.518 4.379 4.74 4.638 4.516 4.374 4.234 4.085 4.643 4.471 4.299 4.178 4.068 4.407 4.264 4.145 4.046 3.877 4.301 4.396 4.244 3.856 3.686 3.496 4.211
1430.1675 4.915 4.965 4.89 4.697 4.554 4.415 4.776 4.674 4.552 4.41 4.27 4.121 4.68 4.507 4.335 4.214 4.104 4.443 4.301 4.181 4.082 3.914 4.337 4.433 4.28 3.892 3.722 3.532 4.247
1464.6676 4.952 5.001 4.926 4.733 4.591 4.452 4.813 4.711 4.589 4.447 4.306 4.158 4.716 4.544 4.372 4.251 4.14 4.48 4.337 4.217 4.118 3.95 4.374 4.469 4.316 3.928 3.759 3.569 4.284
1500.0 4.988 5.038 4.963 4.77 4.628 4.489 4.849 4.748 4.625 4.483 4.343 4.194 4.753 4.58 4.408 4.288 4.177 4.516 4.374 4.254 4.155 3.987 4.411 4.506 4.353 3.965 3.796 3.605 4.32
