web/models/grb/onaxis/15/grb_0.0000_37.2759_0.0630957.dat
# %ECSV 1.0
# ---
# datatype:
# - {name: time, datatype: float64}
# - {name: swift_uvot_uvw2, datatype: float64}
# - {name: swift_uvot_uvm2, datatype: float64}
# - {name: swift_uvot_uvw1, datatype: float64}
# - {name: swift_uvot_U, datatype: float64}
# - {name: swift_uvot_B, datatype: float64}
# - {name: swift_uvot_V, datatype: float64}
# - {name: swift_uvot_W, datatype: float64}
# - {name: johnson_U, datatype: float64}
# - {name: johnson_B, datatype: float64}
# - {name: johnson_V, datatype: float64}
# - {name: johnson_R, datatype: float64}
# - {name: johnson_I, datatype: float64}
# - {name: sdss_u, datatype: float64}
# - {name: sdss_g, datatype: float64}
# - {name: sdss_r, datatype: float64}
# - {name: sdss_i, datatype: float64}
# - {name: sdss_z, datatype: float64}
# - {name: PS1_g, datatype: float64}
# - {name: PS1_r, datatype: float64}
# - {name: PS1_i, datatype: float64}
# - {name: PS1_z, datatype: float64}
# - {name: PS1_Y, datatype: float64}
# - {name: PS1_w, datatype: float64}
# - {name: ATLAS_c, datatype: float64}
# - {name: ATLAS_o, datatype: float64}
# - {name: ukirt_J, datatype: float64}
# - {name: ukirt_H, datatype: float64}
# - {name: ukirt_K, datatype: float64}
# - {name: Clear, datatype: float64}
# meta: !!omap
# - comment: [E = 0.016176451642579408, Eta0 = 8.02, GammaB = 12.0, dL = 0.012188, epsb = 6.760829753919819e-06, epse = 0.1, n = 0.0630957344480193,
#     p = 2.15, theta_obs = 0.0, xiN = 1.0, z = 0.0, type = grb, E_kiso = 37.27593720314942]
# schema: astropy-2.0
time swift_uvot_uvw2 swift_uvot_uvm2 swift_uvot_uvw1 swift_uvot_U swift_uvot_B swift_uvot_V swift_uvot_W johnson_U johnson_B johnson_V johnson_R johnson_I sdss_u sdss_g sdss_r sdss_i sdss_z PS1_g PS1_r PS1_i PS1_z PS1_Y PS1_w ATLAS_c ATLAS_o ukirt_J ukirt_H ukirt_K Clear
[from data line 68]
0.0506 -10.496 -10.447 -10.522 -10.715 -10.857 -10.996 -10.635 -10.737 -10.859 -11.001 -11.142 -11.29 -10.732 -10.905 -11.076 -11.197 -11.308 -10.968 -11.111 -11.231 -11.33 -11.498 -11.074 -10.979 -11.132 -11.52 -11.689 -11.879 -11.164
0.0518 -10.494 -10.445 -10.519 -10.712 -10.855 -10.994 -10.633 -10.735 -10.857 -10.999 -11.14 -11.288 -10.73 -10.902 -11.074 -11.195 -11.305 -10.966 -11.109 -11.228 -11.327 -11.496 -11.072 -10.977 -11.129 -11.517 -11.687 -11.877 -11.162
0.053 -10.488 -10.438 -10.513 -10.706 -10.849 -10.988 -10.627 -10.729 -10.851 -10.993 -11.133 -11.282 -10.724 -10.896 -11.068 -11.189 -11.299 -10.96 -11.102 -11.222 -11.321 -11.49 -11.066 -10.971 -11.123 -11.511 -11.681 -11.871 -11.156
0.0543 -10.474 -10.424 -10.499 -10.692 -10.834 -10.973 -10.613 -10.714 -10.837 -10.979 -11.119 -11.268 -10.709 -10.882 -11.054 -11.174 -11.285 -10.946 -11.088 -11.208 -11.307 -11.475 -11.051 -10.956 -11.109 -11.497 -11.666 -11.857 -11.142
0.0556 -10.459 -10.41 -10.485 -10.677 -10.82 -10.959 -10.598 -10.7 -10.822 -10.964 -11.105 -11.253 -10.695 -10.867 -11.039 -11.16 -11.271 -10.931 -11.074 -11.194 -11.293 -11.461 -11.037 -10.942 -11.095 -11.483 -11.652 -11.842 -11.127
0.057 -10.445 -10.395 -10.47 -10.663 -10.806 -10.945 -10.584 -10.686 -10.808 -10.95 -11.09 -11.239 -10.68 -10.853 -11.025 -11.146 -11.256 -10.917 -11.059 -11.179 -11.278 -11.447 -11.023 -10.927 -11.08 -11.468 -11.638 -11.828 -11.113
0.0584 -10.43 -10.381 -10.456 -10.649 -10.791 -10.93 -10.569 -10.671 -10.794 -10.935 -11.076 -11.225 -10.666 -10.839 -11.011 -11.131 -11.242 -10.902 -11.045 -11.165 -11.264 -11.432 -11.008 -10.913 -11.066 -11.454 -11.623 -11.814 -11.099
0.0598 -10.416 -10.367 -10.441 -10.634 -10.777 -10.916 -10.555 -10.657 -10.779 -10.921 -11.062 -11.21 -10.652 -10.824 -10.996 -11.117 -11.228 -10.888 -11.031 -11.15 -11.25 -11.418 -10.994 -10.899 -11.052 -11.439 -11.609 -11.799 -11.084
0.0612 -10.402 -10.352 -10.427 -10.62 -10.762 -10.902 -10.541 -10.642 -10.765 -10.907 -11.047 -11.196 -10.637 -10.81 -10.982 -11.103 -11.213 -10.874 -11.016 -11.136 -11.235 -11.403 -10.98 -10.884 -11.037 -11.425 -11.594 -11.785 -11.07
0.0627 -10.387 -10.338 -10.413 -10.606 -10.748 -10.887 -10.526 -10.628 -10.75 -10.892 -11.033 -11.181 -10.623 -10.796 -10.967 -11.088 -11.199 -10.859 -11.002 -11.122 -11.221 -11.389 -10.965 -10.87 -11.023 -11.411 -11.58 -11.77 -11.055
0.0642 -10.373 -10.323 -10.398 -10.591 -10.734 -10.873 -10.512 -10.614 -10.736 -10.878 -11.018 -11.167 -10.609 -10.781 -10.953 -11.074 -11.184 -10.845 -10.988 -11.107 -11.206 -11.375 -10.951 -10.856 -11.008 -11.396 -11.566 -11.756 -11.041
0.0657 -10.359 -10.309 -10.384 -10.577 -10.719 -10.858 -10.498 -10.599 -10.722 -10.864 -11.004 -11.153 -10.594 -10.767 -10.939 -11.059 -11.17 -10.831 -10.973 -11.093 -11.192 -11.36 -10.936 -10.841 -10.994 -11.382 -11.551 -11.742 -11.027
0.0673 -10.349 -10.3 -10.375 -10.568 -10.71 -10.849 -10.488 -10.59 -10.712 -10.854 -10.995 -11.143 -10.585 -10.758 -10.929 -11.05 -11.161 -10.821 -10.964 -11.084 -11.183 -11.351 -10.927 -10.832 -10.985 -11.373 -11.542 -11.732 -11.017
0.0689 -10.346 -10.296 -10.371 -10.564 -10.707 -10.846 -10.485 -10.587 -10.709 -10.851 -10.991 -11.14 -10.582 -10.754 -10.926 -11.047 -11.157 -10.818 -10.961 -11.08 -11.179 -11.348 -10.924 -10.829 -10.981 -11.369 -11.539 -11.729 -11.014
0.0706 -10.343 -10.293 -10.368 -10.561 -10.703 -10.842 -10.482 -10.583 -10.706 -10.848 -10.988 -11.137 -10.578 -10.751 -10.923 -11.043 -11.154 -10.815 -10.957 -11.077 -11.176 -11.344 -10.92 -10.825 -10.978 -11.366 -11.535 -11.726 -11.011
0.0723 -10.339 -10.29 -10.365 -10.557 -10.7 -10.839 -10.478 -10.58 -10.702 -10.844 -10.985 -11.133 -10.575 -10.747 -10.919 -11.04 -11.151 -10.811 -10.954 -11.074 -11.173 -11.341 -10.917 -10.822 -10.975 -11.363 -11.532 -11.722 -11.007
0.0741 -10.336 -10.286 -10.361 -10.554 -10.697 -10.836 -10.475 -10.576 -10.699 -10.841 -10.981 -11.13 -10.571 -10.744 -10.916 -11.037 -11.147 -10.808 -10.95 -11.07 -11.169 -11.337 -10.914 -10.818 -10.971 -11.359 -11.529 -11.719 -11.004
0.0758 -10.332 -10.283 -10.358 -10.551 -10.693 -10.832 -10.471 -10.573 -10.696 -10.837 -10.978 -11.126 -10.568 -10.741 -10.912 -11.033 -11.144 -10.804 -10.947 -11.067 -11.166 -11.334 -10.91 -10.815 -10.968 -11.356 -11.525 -11.715 -11.0
0.0777 -10.329 -10.28 -10.354 -10.547 -10.69 -10.829 -10.468 -10.57 -10.692 -10.834 -10.974 -11.123 -10.565 -10.737 -10.909 -11.03 -11.14 -10.801 -10.944 -11.063 -11.162 -11.331 -10.907 -10.812 -10.964 -11.352 -11.522 -11.712 -10.997
0.0795 -10.326 -10.276 -10.351 -10.544 -10.686 -10.825 -10.465 -10.566 -10.689 -10.831 -10.971 -11.12 -10.561 -10.734 -10.906 -11.026 -11.137 -10.798 -10.94 -11.06 -11.159 -11.327 -10.903 -10.808 -10.961 -11.349 -11.518 -11.709 -10.994
0.0815 -10.322 -10.273 -10.348 -10.541 -10.683 -10.822 -10.461 -10.563 -10.685 -10.827 -10.968 -11.116 -10.558 -10.73 -10.902 -11.023 -11.134 -10.794 -10.937 -11.057 -11.156 -11.324 -10.9 -10.805 -10.958 -11.346 -11.515 -11.705 -10.99
0.0834 -10.319 -10.269 -10.344 -10.537 -10.68 -10.819 -10.458 -10.56 -10.682 -10.824 -10.964 -11.113 -10.554 -10.727 -10.899 -11.02 -11.13 -10.791 -10.933 -11.053 -11.152 -11.321 -10.897 -10.801 -10.954 -11.342 -11.512 -11.702 -10.987
0.0854 -10.318 -10.268 -10.343 -10.536 -10.678 -10.818 -10.457 -10.558 -10.681 -10.823 -10.963 -11.112 -10.553 -10.726 -10.898 -11.018 -11.129 -10.79 -10.932 -11.052 -11.151 -11.319 -10.895 -10.8 -10.953 -11.341 -11.51 -11.701 -10.986
0.0875 -10.318 -10.268 -10.343 -10.536 -10.679 -10.818 -10.457 -10.559 -10.681 -10.823 -10.963 -11.112 -10.554 -10.726 -10.898 -11.019 -11.129 -10.79 -10.933 -11.052 -11.151 -11.32 -10.896 -10.801 -10.953 -11.341 -11.511 -11.701 -10.986
0.0896 -10.318 -10.269 -10.344 -10.537 -10.679 -10.818 -10.457 -10.559 -10.681 -10.823 -10.964 -11.112 -10.554 -10.726 -10.898 -11.019 -11.13 -10.79 -10.933 -11.053 -11.152 -11.32 -10.896 -10.801 -10.954 -11.342 -11.511 -11.701 -10.986
0.0918 -10.318 -10.269 -10.344 -10.537 -10.679 -10.818 -10.458 -10.559 -10.682 -10.824 -10.964 -11.113 -10.554 -10.727 -10.899 -11.019 -11.13 -10.791 -10.933 -11.053 -11.152 -11.32 -10.896 -10.801 -10.954 -11.342 -11.511 -11.702 -10.987
0.094 -10.319 -10.269 -10.344 -10.537 -10.68 -10.819 -10.458 -10.559 -10.682 -10.824 -10.964 -11.113 -10.554 -10.727 -10.899 -11.02 -11.13 -10.791 -10.933 -11.053 -11.152 -11.32 -10.897 -10.801 -10.954 -11.342 -11.512 -11.702 -10.987
0.0963 -10.319 -10.27 -10.344 -10.537 -10.68 -10.819 -10.458 -10.56 -10.682 -10.824 -10.965 -11.113 -10.555 -10.727 -10.899 -11.02 -11.131 -10.791 -10.934 -11.053 -11.152 -11.321 -10.897 -10.802 -10.955 -11.342 -11.512 -11.702 -10.987
0.0986 -10.319 -10.27 -10.345 -10.538 -10.68 -10.819 -10.458 -10.56 -10.682 -10.824 -10.965 -11.113 -10.555 -10.728 -10.899 -11.02 -11.131 -10.791 -10.934 -11.054 -11.153 -11.321 -10.897 -10.802 -10.955 -11.343 -11.512 -11.702 -10.987
0.101 -10.32 -10.27 -10.345 -10.538 -10.68 -10.819 -10.459 -10.56 -10.683 -10.825 -10.965 -11.114 -10.555 -10.728 -10.9 -11.02 -11.131 -10.792 -10.934 -11.054 -11.153 -11.321 -10.897 -10.802 -10.955 -11.343 -11.512 -11.703 -10.988
0.1034 -10.32 -10.27 -10.345 -10.538 -10.681 -10.82 -10.459 -10.561 -10.683 -10.825 -10.965 -11.114 -10.556 -10.728 -10.9 -11.021 -11.131 -10.792 -10.934 -11.054 -11.153 -11.322 -10.898 -10.803 -10.955 -11.343 -11.513 -11.703 -10.988
0.1059 -10.32 -10.271 -10.346 -10.539 -10.681 -10.82 -10.459 -10.561 -10.683 -10.825 -10.966 -11.114 -10.556 -10.728 -10.9 -11.021 -11.132 -10.792 -10.935 -11.055 -11.154 -11.322 -10.898 -10.803 -10.956 -11.344 -11.513 -11.703 -10.988
0.1084 -10.311 -10.262 -10.337 -10.53 -10.672 -10.811 -10.45 -10.552 -10.674 -10.816 -10.957 -11.105 -10.547 -10.719 -10.891 -11.012 -11.123 -10.783 -10.926 -11.046 -11.145 -11.313 -10.889 -10.794 -10.947 -11.335 -11.504 -11.694 -10.979
0.1111 -10.299 -10.25 -10.324 -10.517 -10.66 -10.799 -10.438 -10.54 -10.662 -10.804 -10.945 -11.093 -10.535 -10.707 -10.879 -11.0 -11.111 -10.771 -10.914 -11.034 -11.133 -11.301 -10.877 -10.782 -10.935 -11.323 -11.492 -11.682 -10.967
0.1137 -10.287 -10.238 -10.312 -10.505 -10.648 -10.787 -10.426 -10.528 -10.65 -10.792 -10.933 -11.081 -10.523 -10.695 -10.867 -10.988 -11.098 -10.759 -10.902 -11.021 -11.12 -11.289 -10.865 -10.77 -10.922 -11.31 -11.48 -11.67 -10.955
0.1165 -10.275 -10.225 -10.3 -10.493 -10.636 -10.775 -10.414 -10.516 -10.638 -10.78 -10.92 -11.069 -10.511 -10.683 -10.855 -10.976 -11.086 -10.747 -10.89 -11.009 -11.108 -11.277 -10.853 -10.758 -10.91 -11.298 -11.468 -11.658 -10.943
0.1193 -10.263 -10.213 -10.288 -10.481 -10.624 -10.763 -10.402 -10.504 -10.626 -10.768 -10.908 -11.057 -10.499 -10.671 -10.843 -10.964 -11.074 -10.735 -10.877 -10.997 -11.096 -11.265 -10.841 -10.746 -10.898 -11.286 -11.456 -11.646 -10.931
0.1222 -10.251 -10.201 -10.276 -10.469 -10.612 -10.751 -10.39 -10.491 -10.614 -10.756 -10.896 -11.045 -10.486 -10.659 -10.831 -10.952 -11.062 -10.723 -10.865 -10.985 -11.084 -11.252 -10.829 -10.733 -10.886 -11.274 -11.444 -11.634 -10.919
0.1251 -10.239 -10.189 -10.264 -10.457 -10.599 -10.739 -10.378 -10.479 -10.602 -10.744 -10.884 -11.033 -10.474 -10.647 -10.819 -10.94 -11.05 -10.711 -10.853 -10.973 -11.072 -11.24 -10.817 -10.721 -10.874 -11.262 -11.431 -11.622 -10.907
0.1281 -10.227 -10.177 -10.252 -10.445 -10.587 -10.726 -10.366 -10.467 -10.59 -10.732 -10.872 -11.021 -10.462 -10.635 -10.807 -10.927 -11.038 -10.699 -10.841 -10.961 -11.06 -11.228 -10.804 -10.709 -10.862 -11.25 -11.419 -11.61 -10.895
0.1312 -10.215 -10.165 -10.24 -10.433 -10.575 -10.714 -10.354 -10.455 -10.578 -10.72 -10.86 -11.009 -10.45 -10.623 -10.795 -10.915 -11.026 -10.687 -10.829 -10.949 -11.048 -11.216 -10.792 -10.697 -10.85 -11.238 -11.407 -11.598 -10.883
0.1344 -10.202 -10.153 -10.228 -10.421 -10.563 -10.702 -10.342 -10.443 -10.566 -10.707 -10.848 -10.997 -10.438 -10.611 -10.783 -10.903 -11.014 -10.674 -10.817 -10.937 -11.036 -11.204 -10.78 -10.685 -10.838 -11.226 -11.395 -11.586 -10.871
0.1376 -10.184 -10.135 -10.21 -10.403 -10.545 -10.684 -10.323 -10.425 -10.547 -10.689 -10.83 -10.978 -10.42 -10.593 -10.764 -10.885 -10.996 -10.656 -10.799 -10.919 -11.018 -11.186 -10.762 -10.667 -10.82 -11.208 -11.377 -11.567 -10.852
0.141 -10.165 -10.116 -10.191 -10.384 -10.526 -10.665 -10.304 -10.406 -10.528 -10.67 -10.811 -10.959 -10.401 -10.574 -10.745 -10.866 -10.977 -10.637 -10.78 -10.9 -10.999 -11.167 -10.743 -10.648 -10.801 -11.189 -11.358 -11.548 -10.833
0.1444 -10.146 -10.097 -10.172 -10.365 -10.507 -10.646 -10.285 -10.387 -10.51 -10.651 -10.792 -10.94 -10.382 -10.555 -10.727 -10.847 -10.958 -10.618 -10.761 -10.881 -10.98 -11.148 -10.724 -10.629 -10.782 -11.17 -11.339 -11.53 -10.815
0.1478 -10.127 -10.078 -10.153 -10.346 -10.488 -10.627 -10.267 -10.368 -10.491 -10.633 -10.773 -10.922 -10.363 -10.536 -10.708 -10.828 -10.939 -10.6 -10.742 -10.862 -10.961 -11.129 -10.705 -10.61 -10.763 -11.151 -11.32 -11.511 -10.796
0.1514 -10.109 -10.059 -10.134 -10.327 -10.469 -10.608 -10.248 -10.349 -10.472 -10.614 -10.754 -10.903 -10.344 -10.517 -10.689 -10.809 -10.92 -10.581 -10.723 -10.843 -10.942 -11.11 -10.686 -10.591 -10.744 -11.132 -11.301 -11.492 -10.777
0.1551 -10.09 -10.04 -10.115 -10.308 -10.45 -10.59 -10.229 -10.33 -10.453 -10.595 -10.735 -10.884 -10.325 -10.498 -10.67 -10.79 -10.901 -10.562 -10.704 -10.824 -10.923 -11.091 -10.668 -10.572 -10.725 -11.113 -11.282 -11.473 -10.758
0.1588 -10.071 -10.021 -10.096 -10.289 -10.431 -10.571 -10.21 -10.311 -10.434 -10.576 -10.716 -10.865 -10.306 -10.479 -10.651 -10.772 -10.882 -10.543 -10.685 -10.805 -10.904 -11.072 -10.649 -10.553 -10.706 -11.094 -11.263 -11.454 -10.739
0.1626 -10.052 -10.002 -10.077 -10.27 -10.413 -10.552 -10.191 -10.293 -10.415 -10.557 -10.697 -10.846 -10.288 -10.46 -10.632 -10.753 -10.863 -10.524 -10.666 -10.786 -10.885 -11.054 -10.63 -10.534 -10.687 -11.075 -11.245 -11.435 -10.72
0.1666 -10.033 -9.983 -10.058 -10.251 -10.394 -10.533 -10.172 -10.274 -10.396 -10.538 -10.678 -10.827 -10.269 -10.441 -10.613 -10.734 -10.844 -10.505 -10.647 -10.767 -10.866 -11.035 -10.611 -10.516 -10.668 -11.056 -11.226 -11.416 -10.701
0.1706 -10.014 -9.964 -10.039 -10.232 -10.375 -10.514 -10.153 -10.255 -10.377 -10.519 -10.659 -10.808 -10.25 -10.422 -10.594 -10.715 -10.825 -10.486 -10.628 -10.748 -10.847 -11.016 -10.592 -10.497 -10.649 -11.037 -11.207 -11.397 -10.682
0.1747 -9.993 -9.944 -10.018 -10.211 -10.354 -10.493 -10.132 -10.234 -10.356 -10.498 -10.638 -10.787 -10.229 -10.401 -10.573 -10.694 -10.804 -10.465 -10.608 -10.727 -10.826 -10.995 -10.571 -10.476 -10.628 -11.016 -11.186 -11.376 -10.661
0.1789 -9.972 -9.923 -9.997 -10.19 -10.333 -10.472 -10.111 -10.213 -10.335 -10.477 -10.618 -10.766 -10.208 -10.38 -10.552 -10.673 -10.784 -10.444 -10.587 -10.707 -10.806 -10.974 -10.55 -10.455 -10.608 -10.996 -11.165 -11.355 -10.64
0.1832 -9.951 -9.902 -9.977 -10.17 -10.312 -10.451 -10.09 -10.192 -10.314 -10.456 -10.597 -10.745 -10.187 -10.359 -10.531 -10.652 -10.763 -10.423 -10.566 -10.686 -10.785 -10.953 -10.529 -10.434 -10.587 -10.975 -11.144 -11.334 -10.619
0.1876 -9.93 -9.881 -9.956 -10.149 -10.291 -10.43 -10.069 -10.171 -10.293 -10.435 -10.576 -10.724 -10.166 -10.339 -10.51 -10.631 -10.742 -10.402 -10.545 -10.665 -10.764 -10.932 -10.508 -10.413 -10.566 -10.954 -11.123 -11.313 -10.598
0.1922 -9.909 -9.86 -9.935 -10.128 -10.27 -10.409 -10.048 -10.15 -10.273 -10.414 -10.555 -10.703 -10.145 -10.318 -10.489 -10.61 -10.721 -10.381 -10.524 -10.644 -10.743 -10.911 -10.487 -10.392 -10.545 -10.933 -11.102 -11.292 -10.577
0.1968 -9.888 -9.839 -9.914 -10.107 -10.249 -10.388 -10.028 -10.129 -10.252 -10.393 -10.534 -10.683 -10.124 -10.297 -10.469 -10.589 -10.7 -10.36 -10.503 -10.623 -10.722 -10.89 -10.466 -10.371 -10.524 -10.912 -11.081 -11.272 -10.557
0.2015 -9.868 -9.818 -9.893 -10.086 -10.228 -10.367 -10.007 -10.108 -10.231 -10.373 -10.513 -10.662 -10.103 -10.276 -10.448 -10.568 -10.679 -10.34 -10.482 -10.602 -10.701 -10.869 -10.445 -10.35 -10.503 -10.891 -11.06 -11.251 -10.536
0.2064 -9.847 -9.797 -9.872 -10.065 -10.207 -10.347 -9.986 -10.087 -10.21 -10.352 -10.492 -10.641 -10.082 -10.255 -10.427 -10.547 -10.658 -10.319 -10.461 -10.581 -10.68 -10.848 -10.425 -10.329 -10.482 -10.87 -11.039 -11.23 -10.515
0.2114 -9.826 -9.776 -9.851 -10.044 -10.186 -10.326 -9.965 -10.066 -10.189 -10.331 -10.471 -10.62 -10.061 -10.234 -10.406 -10.527 -10.637 -10.298 -10.44 -10.56 -10.659 -10.827 -10.404 -10.308 -10.461 -10.849 -11.018 -11.209 -10.494
0.2165 -9.803 -9.754 -9.829 -10.022 -10.164 -10.303 -9.942 -10.044 -10.166 -10.308 -10.449 -10.597 -10.039 -10.211 -10.383 -10.504 -10.615 -10.275 -10.418 -10.538 -10.637 -10.805 -10.381 -10.286 -10.439 -10.827 -10.996 -11.186 -10.471
0.2217 -9.773 -9.724 -9.798 -9.991 -10.134 -10.273 -9.912 -10.014 -10.136 -10.278 -10.419 -10.567 -10.009 -10.181 -10.353 -10.474 -10.585 -10.245 -10.388 -10.508 -10.607 -10.775 -10.351 -10.256 -10.409 -10.797 -10.966 -11.156 -10.441
0.2271 -9.743 -9.694 -9.768 -9.961 -10.104 -10.243 -9.882 -9.984 -10.106 -10.248 -10.389 -10.537 -9.979 -10.151 -10.323 -10.444 -10.554 -10.215 -10.358 -10.477 -10.576 -10.745 -10.321 -10.226 -10.378 -10.766 -10.936 -11.126 -10.411
0.2325 -9.713 -9.663 -9.738 -9.931 -10.074 -10.213 -9.852 -9.954 -10.076 -10.218 -10.358 -10.507 -9.949 -10.121 -10.293 -10.414 -10.524 -10.185 -10.328 -10.447 -10.546 -10.715 -10.291 -10.196 -10.348 -10.736 -10.906 -11.096 -10.381
0.2381 -9.683 -9.633 -9.708 -9.901 -10.044 -10.183 -9.822 -9.924 -10.046 -10.188 -10.328 -10.477 -9.919 -10.091 -10.263 -10.384 -10.494 -10.155 -10.297 -10.417 -10.516 -10.685 -10.261 -10.166 -10.318 -10.706 -10.876 -11.066 -10.351
0.2439 -9.653 -9.603 -9.678 -9.871 -10.014 -10.153 -9.792 -9.894 -10.016 -10.158 -10.298 -10.447 -9.888 -10.061 -10.233 -10.354 -10.464 -10.125 -10.267 -10.387 -10.486 -10.655 -10.231 -10.135 -10.288 -10.676 -10.846 -11.036 -10.321
