web/models/grb/onaxis/15/grb_0.0000_19.3070_0.0001585.dat
# %ECSV 1.0
# ---
# datatype:
# - {name: time, datatype: float64}
# - {name: swift_uvot_uvw2, datatype: float64}
# - {name: swift_uvot_uvm2, datatype: float64}
# - {name: swift_uvot_uvw1, datatype: float64}
# - {name: swift_uvot_U, datatype: float64}
# - {name: swift_uvot_B, datatype: float64}
# - {name: swift_uvot_V, datatype: float64}
# - {name: swift_uvot_W, datatype: float64}
# - {name: johnson_U, datatype: float64}
# - {name: johnson_B, datatype: float64}
# - {name: johnson_V, datatype: float64}
# - {name: johnson_R, datatype: float64}
# - {name: johnson_I, datatype: float64}
# - {name: sdss_u, datatype: float64}
# - {name: sdss_g, datatype: float64}
# - {name: sdss_r, datatype: float64}
# - {name: sdss_i, datatype: float64}
# - {name: sdss_z, datatype: float64}
# - {name: PS1_g, datatype: float64}
# - {name: PS1_r, datatype: float64}
# - {name: PS1_i, datatype: float64}
# - {name: PS1_z, datatype: float64}
# - {name: PS1_Y, datatype: float64}
# - {name: PS1_w, datatype: float64}
# - {name: ATLAS_c, datatype: float64}
# - {name: ATLAS_o, datatype: float64}
# - {name: ukirt_J, datatype: float64}
# - {name: ukirt_H, datatype: float64}
# - {name: ukirt_K, datatype: float64}
# - {name: Clear, datatype: float64}
# meta: !!omap
# - comment: [E = 0.008378552168254812, Eta0 = 8.02, GammaB = 12.0, dL = 0.012188, epsb = 6.760829753919819e-06, epse = 0.1, n = 0.00015848931924611142,
#     p = 2.15, theta_obs = 0.0, xiN = 1.0, z = 0.0, type = grb, E_kiso = 19.306977288832496]
# schema: astropy-2.0
time swift_uvot_uvw2 swift_uvot_uvm2 swift_uvot_uvw1 swift_uvot_U swift_uvot_B swift_uvot_V swift_uvot_W johnson_U johnson_B johnson_V johnson_R johnson_I sdss_u sdss_g sdss_r sdss_i sdss_z PS1_g PS1_r PS1_i PS1_z PS1_Y PS1_w ATLAS_c ATLAS_o ukirt_J ukirt_H ukirt_K Clear
[from data line 491]
1210.3797 9.11 9.159 9.085 8.892 8.749 8.61 8.971 8.869 8.747 8.605 8.464 8.316 8.874 8.702 8.53 8.409 8.298 8.638 8.495 8.376 8.277 8.108 8.532 8.627 8.474 8.087 7.917 7.727 8.442
1239.5778 9.155 9.205 9.13 8.937 8.794 8.655 9.016 8.914 8.792 8.65 8.51 8.361 8.919 8.747 8.575 8.454 8.344 8.683 8.541 8.421 8.322 8.153 8.577 8.672 8.52 8.132 7.962 7.772 8.487
1269.4803 9.2 9.25 9.175 8.982 8.839 8.7 9.061 8.96 8.837 8.695 8.555 8.406 8.965 8.792 8.62 8.499 8.389 8.728 8.586 8.466 8.367 8.199 8.622 8.718 8.565 8.177 8.007 7.817 8.532
1300.1042 9.245 9.295 9.22 9.027 8.885 8.746 9.106 9.005 8.882 8.74 8.6 8.451 9.01 8.837 8.665 8.545 8.434 8.773 8.631 8.511 8.412 8.244 8.668 8.763 8.61 8.222 8.053 7.862 8.577
1331.4668 9.291 9.34 9.265 9.072 8.93 8.791 9.151 9.05 8.927 8.786 8.645 8.496 9.055 8.882 8.71 8.59 8.479 8.819 8.676 8.556 8.457 8.289 8.713 8.808 8.655 8.267 8.098 7.907 8.622
1363.586 9.336 9.385 9.31 9.117 8.975 8.836 9.197 9.095 8.973 8.831 8.69 8.542 9.1 8.927 8.756 8.635 8.524 8.864 8.721 8.601 8.502 8.334 8.758 8.853 8.7 8.312 8.143 7.953 8.668
1396.48 9.381 9.43 9.355 9.162 9.02 8.881 9.242 9.14 9.018 8.876 8.735 8.587 9.145 8.973 8.801 8.68 8.569 8.909 8.766 8.646 8.547 8.379 8.803 8.898 8.745 8.357 8.188 7.998 8.713
1430.1675 9.426 9.475 9.401 9.208 9.065 8.926 9.287 9.185 9.063 8.921 8.78 8.632 9.19 9.018 8.846 8.725 8.615 8.954 8.811 8.692 8.593 8.424 8.848 8.943 8.791 8.403 8.233 8.043 8.758
1464.6676 9.471 9.521 9.446 9.253 9.11 8.971 9.332 9.23 9.108 8.966 8.826 8.677 9.235 9.063 8.891 8.77 8.66 8.999 8.857 8.737 8.638 8.469 8.893 8.988 8.836 8.448 8.278 8.088 8.803
1500.0 9.541 9.591 9.516 9.323 9.181 9.041 9.402 9.301 9.178 9.036 8.896 8.747 9.306 9.133 8.961 8.84 8.73 9.069 8.927 8.807 8.708 8.54 8.963 9.059 8.906 8.518 8.349 8.158 8.873
