web/models/linear/68/-18_061_0_105.dat
# %ECSV 1.0
# ---
# datatype:
# - {name: time, datatype: float64}
# - {name: sdss_u, datatype: float64}
# - {name: sdss_g, datatype: float64}
# - {name: sdss_r, datatype: float64}
# - {name: sdss_i, datatype: float64}
# - {name: sdss_z, datatype: float64}
# - {name: Clear, datatype: float64}
# - {name: johnson_B, datatype: float64}
# - {name: johnson_V, datatype: float64}
# - {name: johnson_R, datatype: float64}
# - {name: johnson_I, datatype: float64}
# - {name: ukirt_J, datatype: float64}
# - {name: ukirt_H, datatype: float64}
# - {name: ukirt_K, datatype: float64}
# meta: !!omap
# - comment: [M=-18.06122448979592, dM=0.10496361336732253]
# schema: astropy-2.0
time sdss_u sdss_g sdss_r sdss_i sdss_z Clear johnson_B johnson_V johnson_R johnson_I ukirt_J ukirt_H ukirt_K
[from data line 176]
13.266331658291456 -16.668742382812344 -16.668742382812344 -16.668742382812344 -16.668742382812344 -16.668742382812344 -16.668742382812344 -16.668742382812344 -16.668742382812344 -16.668742382812344 -16.668742382812344 -16.668742382812344 -16.668742382812344 -16.668742382812344
13.341708542713567 -16.66083055265903 -16.66083055265903 -16.66083055265903 -16.66083055265903 -16.66083055265903 -16.66083055265903 -16.66083055265903 -16.66083055265903 -16.66083055265903 -16.66083055265903 -16.66083055265903 -16.66083055265903 -16.66083055265903
13.417085427135678 -16.65291872250571 -16.65291872250571 -16.65291872250571 -16.65291872250571 -16.65291872250571 -16.65291872250571 -16.65291872250571 -16.65291872250571 -16.65291872250571 -16.65291872250571 -16.65291872250571 -16.65291872250571 -16.65291872250571
13.492462311557787 -16.645006892352395 -16.645006892352395 -16.645006892352395 -16.645006892352395 -16.645006892352395 -16.645006892352395 -16.645006892352395 -16.645006892352395 -16.645006892352395 -16.645006892352395 -16.645006892352395 -16.645006892352395 -16.645006892352395
13.567839195979898 -16.63709506219908 -16.63709506219908 -16.63709506219908 -16.63709506219908 -16.63709506219908 -16.63709506219908 -16.63709506219908 -16.63709506219908 -16.63709506219908 -16.63709506219908 -16.63709506219908 -16.63709506219908 -16.63709506219908
13.64321608040201 -16.629183232045765 -16.629183232045765 -16.629183232045765 -16.629183232045765 -16.629183232045765 -16.629183232045765 -16.629183232045765 -16.629183232045765 -16.629183232045765 -16.629183232045765 -16.629183232045765 -16.629183232045765 -16.629183232045765
13.718592964824118 -16.62127140189245 -16.62127140189245 -16.62127140189245 -16.62127140189245 -16.62127140189245 -16.62127140189245 -16.62127140189245 -16.62127140189245 -16.62127140189245 -16.62127140189245 -16.62127140189245 -16.62127140189245 -16.62127140189245
13.79396984924623 -16.61335957173913 -16.61335957173913 -16.61335957173913 -16.61335957173913 -16.61335957173913 -16.61335957173913 -16.61335957173913 -16.61335957173913 -16.61335957173913 -16.61335957173913 -16.61335957173913 -16.61335957173913 -16.61335957173913
13.86934673366834 -16.605447741585817 -16.605447741585817 -16.605447741585817 -16.605447741585817 -16.605447741585817 -16.605447741585817 -16.605447741585817 -16.605447741585817 -16.605447741585817 -16.605447741585817 -16.605447741585817 -16.605447741585817 -16.605447741585817
13.944723618090451 -16.5975359114325 -16.5975359114325 -16.5975359114325 -16.5975359114325 -16.5975359114325 -16.5975359114325 -16.5975359114325 -16.5975359114325 -16.5975359114325 -16.5975359114325 -16.5975359114325 -16.5975359114325 -16.5975359114325
14.020100502512562 -16.589624081279187 -16.589624081279187 -16.589624081279187 -16.589624081279187 -16.589624081279187 -16.589624081279187 -16.589624081279187 -16.589624081279187 -16.589624081279187 -16.589624081279187 -16.589624081279187 -16.589624081279187 -16.589624081279187
14.095477386934672 -16.58171225112587 -16.58171225112587 -16.58171225112587 -16.58171225112587 -16.58171225112587 -16.58171225112587 -16.58171225112587 -16.58171225112587 -16.58171225112587 -16.58171225112587 -16.58171225112587 -16.58171225112587 -16.58171225112587
14.170854271356783 -16.573800420972553 -16.573800420972553 -16.573800420972553 -16.573800420972553 -16.573800420972553 -16.573800420972553 -16.573800420972553 -16.573800420972553 -16.573800420972553 -16.573800420972553 -16.573800420972553 -16.573800420972553 -16.573800420972553
14.246231155778894 -16.565888590819238 -16.565888590819238 -16.565888590819238 -16.565888590819238 -16.565888590819238 -16.565888590819238 -16.565888590819238 -16.565888590819238 -16.565888590819238 -16.565888590819238 -16.565888590819238 -16.565888590819238 -16.565888590819238
14.321608040201003 -16.557976760665923 -16.557976760665923 -16.557976760665923 -16.557976760665923 -16.557976760665923 -16.557976760665923 -16.557976760665923 -16.557976760665923 -16.557976760665923 -16.557976760665923 -16.557976760665923 -16.557976760665923 -16.557976760665923
14.396984924623114 -16.550064930512608 -16.550064930512608 -16.550064930512608 -16.550064930512608 -16.550064930512608 -16.550064930512608 -16.550064930512608 -16.550064930512608 -16.550064930512608 -16.550064930512608 -16.550064930512608 -16.550064930512608 -16.550064930512608
14.472361809045225 -16.54215310035929 -16.54215310035929 -16.54215310035929 -16.54215310035929 -16.54215310035929 -16.54215310035929 -16.54215310035929 -16.54215310035929 -16.54215310035929 -16.54215310035929 -16.54215310035929 -16.54215310035929 -16.54215310035929
14.547738693467336 -16.534241270205975 -16.534241270205975 -16.534241270205975 -16.534241270205975 -16.534241270205975 -16.534241270205975 -16.534241270205975 -16.534241270205975 -16.534241270205975 -16.534241270205975 -16.534241270205975 -16.534241270205975 -16.534241270205975
14.623115577889447 -16.52632944005266 -16.52632944005266 -16.52632944005266 -16.52632944005266 -16.52632944005266 -16.52632944005266 -16.52632944005266 -16.52632944005266 -16.52632944005266 -16.52632944005266 -16.52632944005266 -16.52632944005266 -16.52632944005266
14.698492462311556 -16.518417609899345 -16.518417609899345 -16.518417609899345 -16.518417609899345 -16.518417609899345 -16.518417609899345 -16.518417609899345 -16.518417609899345 -16.518417609899345 -16.518417609899345 -16.518417609899345 -16.518417609899345 -16.518417609899345
14.773869346733667 -16.51050577974603 -16.51050577974603 -16.51050577974603 -16.51050577974603 -16.51050577974603 -16.51050577974603 -16.51050577974603 -16.51050577974603 -16.51050577974603 -16.51050577974603 -16.51050577974603 -16.51050577974603 -16.51050577974603
14.849246231155778 -16.50259394959271 -16.50259394959271 -16.50259394959271 -16.50259394959271 -16.50259394959271 -16.50259394959271 -16.50259394959271 -16.50259394959271 -16.50259394959271 -16.50259394959271 -16.50259394959271 -16.50259394959271 -16.50259394959271
14.924623115577887 -16.494682119439396 -16.494682119439396 -16.494682119439396 -16.494682119439396 -16.494682119439396 -16.494682119439396 -16.494682119439396 -16.494682119439396 -16.494682119439396 -16.494682119439396 -16.494682119439396 -16.494682119439396 -16.494682119439396
15.0 -16.48677028928608 -16.48677028928608 -16.48677028928608 -16.48677028928608 -16.48677028928608 -16.48677028928608 -16.48677028928608 -16.48677028928608 -16.48677028928608 -16.48677028928608 -16.48677028928608 -16.48677028928608 -16.48677028928608
