web/models/kne.last_good/kappa_0.5_3.0.v1/22/villar_0.0065_0.1083_3.0000.dat
# %ECSV 1.0
# ---
# datatype:
# - {name: time, datatype: float64}
# - {name: swift_uvot_uvw2, datatype: float64}
# - {name: swift_uvot_uvm2, datatype: float64}
# - {name: swift_uvot_uvw1, datatype: float64}
# - {name: swift_uvot_U, datatype: float64}
# - {name: swift_uvot_B, datatype: float64}
# - {name: swift_uvot_V, datatype: float64}
# - {name: swift_uvot_W, datatype: float64}
# - {name: johnson_U, datatype: float64}
# - {name: johnson_B, datatype: float64}
# - {name: johnson_V, datatype: float64}
# - {name: johnson_R, datatype: float64}
# - {name: johnson_I, datatype: float64}
# - {name: sdss_u, datatype: float64}
# - {name: sdss_g, datatype: float64}
# - {name: sdss_r, datatype: float64}
# - {name: sdss_i, datatype: float64}
# - {name: sdss_z, datatype: float64}
# - {name: PS1_g, datatype: float64}
# - {name: PS1_r, datatype: float64}
# - {name: PS1_i, datatype: float64}
# - {name: PS1_z, datatype: float64}
# - {name: PS1_Y, datatype: float64}
# - {name: PS1_w, datatype: float64}
# - {name: ATLAS_c, datatype: float64}
# - {name: ATLAS_o, datatype: float64}
# - {name: ukirt_J, datatype: float64}
# - {name: ukirt_H, datatype: float64}
# - {name: ukirt_K, datatype: float64}
# - {name: Clear, datatype: float64}
# meta: !!omap
# - comment: [kappa = 3.0, type = villar, mass = 0.006451950121499907, velocity = 0.10833333333333334, theta_obs = 0.0]
# schema: astropy-2.0
time swift_uvot_uvw2 swift_uvot_uvm2 swift_uvot_uvw1 swift_uvot_U swift_uvot_B swift_uvot_V swift_uvot_W johnson_U johnson_B johnson_V johnson_R johnson_I sdss_u sdss_g sdss_r sdss_i sdss_z PS1_g PS1_r PS1_i PS1_z PS1_Y PS1_w ATLAS_c ATLAS_o ukirt_J ukirt_H ukirt_K Clear
[from data line 78]
0.010217 -8.684 -8.607 -8.532 -8.273 -7.992 -7.666 -8.385 -8.233 -7.988 -7.656 -7.305 -6.888 -8.242 -7.889 -7.464 -7.139 -6.826 -7.873 -7.495 -7.177 -6.964 -6.939 -7.513 -7.723 -7.33 -6.188 -5.662 -5.047 -7.578
0.010526 -8.721 -8.647 -8.574 -8.32 -8.04 -7.716 -8.427 -8.28 -8.037 -7.706 -7.356 -6.94 -8.288 -7.938 -7.515 -7.191 -6.878 -7.922 -7.545 -7.228 -7.015 -6.988 -7.563 -7.773 -7.382 -6.242 -5.716 -5.102 -7.628
0.010845 -8.757 -8.687 -8.616 -8.366 -8.089 -7.766 -8.469 -8.326 -8.085 -7.756 -7.407 -6.992 -8.335 -7.987 -7.566 -7.242 -6.931 -7.971 -7.596 -7.279 -7.066 -7.038 -7.613 -7.823 -7.433 -6.295 -5.769 -5.156 -7.678
0.011173 -8.794 -8.727 -8.657 -8.412 -8.137 -7.816 -8.511 -8.373 -8.133 -7.806 -7.458 -7.044 -8.381 -8.036 -7.617 -7.294 -6.983 -8.019 -7.646 -7.33 -7.117 -7.087 -7.663 -7.872 -7.484 -6.348 -5.823 -5.21 -7.728
0.011511 -8.829 -8.766 -8.699 -8.458 -8.185 -7.866 -8.553 -8.419 -8.182 -7.856 -7.509 -7.096 -8.428 -8.084 -7.667 -7.345 -7.035 -8.068 -7.696 -7.381 -7.168 -7.136 -7.714 -7.922 -7.535 -6.401 -5.877 -5.264 -7.778
0.011859 -8.865 -8.805 -8.74 -8.504 -8.233 -7.916 -8.595 -8.465 -8.23 -7.906 -7.56 -7.148 -8.474 -8.133 -7.718 -7.397 -7.087 -8.116 -7.746 -7.431 -7.219 -7.186 -7.764 -7.971 -7.585 -6.455 -5.931 -5.318 -7.827
0.012217 -8.901 -8.844 -8.78 -8.549 -8.281 -7.965 -8.636 -8.511 -8.277 -7.955 -7.611 -7.2 -8.52 -8.181 -7.768 -7.448 -7.139 -8.165 -7.796 -7.482 -7.27 -7.235 -7.813 -8.02 -7.636 -6.508 -5.984 -5.373 -7.877
0.012587 -8.936 -8.882 -8.821 -8.595 -8.329 -8.015 -8.677 -8.557 -8.325 -8.005 -7.662 -7.252 -8.565 -8.23 -7.818 -7.499 -7.191 -8.213 -7.846 -7.533 -7.321 -7.284 -7.863 -8.069 -7.687 -6.561 -6.038 -5.427 -7.926
0.012968 -8.97 -8.921 -8.861 -8.64 -8.377 -8.064 -8.718 -8.603 -8.373 -8.054 -7.712 -7.304 -8.611 -8.278 -7.868 -7.55 -7.243 -8.261 -7.895 -7.583 -7.371 -7.334 -7.913 -8.118 -7.737 -6.614 -6.091 -5.481 -7.975
0.01336 -9.005 -8.959 -8.901 -8.685 -8.424 -8.113 -8.759 -8.648 -8.42 -8.104 -7.763 -7.355 -8.656 -8.326 -7.918 -7.602 -7.295 -8.309 -7.945 -7.634 -7.422 -7.383 -7.963 -8.167 -7.788 -6.667 -6.145 -5.535 -8.025
0.013764 -9.039 -8.996 -8.941 -8.73 -8.471 -8.163 -8.8 -8.694 -8.468 -8.153 -7.813 -7.407 -8.702 -8.374 -7.968 -7.653 -7.347 -8.357 -7.995 -7.684 -7.473 -7.432 -8.012 -8.216 -7.838 -6.719 -6.198 -5.588 -8.074
0.01418 -9.073 -9.034 -8.981 -8.775 -8.519 -8.212 -8.84 -8.739 -8.515 -8.202 -7.864 -7.458 -8.747 -8.422 -8.018 -7.704 -7.398 -8.405 -8.044 -7.735 -7.523 -7.481 -8.061 -8.265 -7.888 -6.772 -6.252 -5.642 -8.123
0.014609 -9.107 -9.071 -9.02 -8.819 -8.566 -8.261 -8.88 -8.784 -8.562 -8.251 -7.914 -7.51 -8.792 -8.47 -8.068 -7.754 -7.45 -8.453 -8.094 -7.785 -7.574 -7.53 -8.111 -8.313 -7.939 -6.825 -6.305 -5.696 -8.171
0.015051 -9.14 -9.108 -9.059 -8.864 -8.613 -8.31 -8.92 -8.829 -8.609 -8.3 -7.964 -7.561 -8.837 -8.517 -8.118 -7.805 -7.502 -8.5 -8.143 -7.835 -7.624 -7.579 -8.16 -8.362 -7.989 -6.878 -6.358 -5.75 -8.22
0.015506 -9.174 -9.145 -9.098 -8.908 -8.66 -8.358 -8.96 -8.873 -8.656 -8.349 -8.014 -7.612 -8.881 -8.565 -8.167 -7.856 -7.553 -8.548 -8.192 -7.886 -7.674 -7.628 -8.209 -8.41 -8.039 -6.93 -6.412 -5.804 -8.269
0.015975 -9.206 -9.181 -9.137 -8.952 -8.706 -8.407 -8.999 -8.918 -8.703 -8.397 -8.064 -7.664 -8.926 -8.612 -8.217 -7.906 -7.605 -8.595 -8.241 -7.936 -7.725 -7.677 -8.258 -8.458 -8.089 -6.983 -6.465 -5.857 -8.317
0.016458 -9.239 -9.217 -9.176 -8.996 -8.753 -8.456 -9.039 -8.962 -8.749 -8.446 -8.114 -7.715 -8.97 -8.659 -8.266 -7.957 -7.656 -8.642 -8.29 -7.986 -7.775 -7.726 -8.307 -8.506 -8.139 -7.035 -6.518 -5.911 -8.366
0.016956 -9.271 -9.253 -9.214 -9.04 -8.799 -8.504 -9.078 -9.007 -8.796 -8.494 -8.164 -7.766 -9.014 -8.706 -8.316 -8.007 -7.707 -8.689 -8.339 -8.036 -7.825 -7.775 -8.356 -8.554 -8.188 -7.088 -6.571 -5.965 -8.414
0.017469 -9.303 -9.289 -9.252 -9.083 -8.846 -8.552 -9.117 -9.051 -8.842 -8.543 -8.214 -7.817 -9.058 -8.753 -8.365 -8.058 -7.758 -8.736 -8.388 -8.085 -7.875 -7.824 -8.404 -8.602 -8.238 -7.14 -6.624 -6.018 -8.462
0.017997 -9.335 -9.324 -9.289 -9.127 -8.892 -8.601 -9.156 -9.095 -8.888 -8.591 -8.263 -7.868 -9.102 -8.8 -8.414 -8.108 -7.809 -8.783 -8.437 -8.135 -7.925 -7.873 -8.453 -8.65 -8.288 -7.192 -6.677 -6.072 -8.51
0.018541 -9.366 -9.359 -9.327 -9.17 -8.938 -8.649 -9.194 -9.138 -8.934 -8.639 -8.313 -7.919 -9.146 -8.847 -8.463 -8.158 -7.861 -8.83 -8.486 -8.185 -7.975 -7.921 -8.501 -8.698 -8.337 -7.245 -6.73 -6.125 -8.558
0.019102 -9.397 -9.394 -9.364 -9.213 -8.984 -8.697 -9.232 -9.182 -8.98 -8.687 -8.362 -7.97 -9.189 -8.894 -8.512 -8.208 -7.912 -8.877 -8.534 -8.235 -8.025 -7.97 -8.55 -8.745 -8.387 -7.297 -6.783 -6.179 -8.606
0.01968 -9.428 -9.428 -9.401 -9.256 -9.029 -8.745 -9.271 -9.225 -9.026 -8.735 -8.412 -8.02 -9.233 -8.94 -8.561 -8.259 -7.962 -8.923 -8.583 -8.284 -8.075 -8.019 -8.598 -8.793 -8.436 -7.349 -6.836 -6.232 -8.654
0.020275 -9.459 -9.462 -9.438 -9.299 -9.075 -8.792 -9.308 -9.269 -9.071 -8.783 -8.461 -8.071 -9.276 -8.987 -8.61 -8.309 -8.013 -8.97 -8.631 -8.334 -8.125 -8.068 -8.646 -8.84 -8.485 -7.401 -6.889 -6.286 -8.702
0.020888 -9.489 -9.496 -9.475 -9.341 -9.121 -8.84 -9.346 -9.312 -9.117 -8.831 -8.51 -8.121 -9.319 -9.033 -8.658 -8.358 -8.064 -9.016 -8.68 -8.383 -8.175 -8.116 -8.694 -8.887 -8.534 -7.453 -6.941 -6.339 -8.749
0.02152 -9.519 -9.53 -9.511 -9.384 -9.166 -8.888 -9.384 -9.355 -9.162 -8.878 -8.56 -8.172 -9.362 -9.079 -8.707 -8.408 -8.115 -9.062 -8.728 -8.433 -8.224 -8.165 -8.742 -8.934 -8.583 -7.505 -6.994 -6.392 -8.797
0.022171 -9.548 -9.563 -9.547 -9.426 -9.211 -8.935 -9.421 -9.397 -9.208 -8.926 -8.609 -8.222 -9.404 -9.125 -8.755 -8.458 -8.165 -9.108 -8.776 -8.482 -8.274 -8.213 -8.79 -8.981 -8.632 -7.557 -7.047 -6.446 -8.844
0.022841 -9.577 -9.596 -9.583 -9.468 -9.256 -8.983 -9.458 -9.44 -9.253 -8.973 -8.658 -8.273 -9.447 -9.171 -8.804 -8.508 -8.216 -9.154 -8.824 -8.531 -8.323 -8.262 -8.838 -9.028 -8.681 -7.609 -7.099 -6.499 -8.891
0.023532 -9.606 -9.629 -9.618 -9.51 -9.301 -9.03 -9.495 -9.482 -9.298 -9.021 -8.707 -8.323 -9.489 -9.216 -8.852 -8.557 -8.267 -9.2 -8.872 -8.58 -8.373 -8.311 -8.886 -9.075 -8.73 -7.661 -7.152 -6.552 -8.939
0.024244 -9.635 -9.661 -9.654 -9.551 -9.346 -9.077 -9.532 -9.524 -9.342 -9.068 -8.755 -8.373 -9.531 -9.262 -8.9 -8.607 -8.317 -9.246 -8.92 -8.629 -8.422 -8.359 -8.933 -9.122 -8.779 -7.713 -7.205 -6.605 -8.986
0.024977 -9.663 -9.693 -9.689 -9.593 -9.391 -9.124 -9.568 -9.566 -9.387 -9.115 -8.804 -8.424 -9.573 -9.308 -8.948 -8.656 -8.367 -9.291 -8.968 -8.678 -8.472 -8.408 -8.981 -9.168 -8.827 -7.765 -7.257 -6.659 -9.033
0.025733 -9.691 -9.725 -9.723 -9.634 -9.435 -9.171 -9.604 -9.608 -9.432 -9.162 -8.853 -8.474 -9.615 -9.353 -8.996 -8.705 -8.418 -9.337 -9.015 -8.727 -8.521 -8.456 -9.028 -9.214 -8.876 -7.816 -7.31 -6.712 -9.079
0.026511 -9.719 -9.757 -9.758 -9.675 -9.48 -9.218 -9.64 -9.65 -9.476 -9.209 -8.901 -8.524 -9.657 -9.398 -9.044 -8.755 -8.468 -9.382 -9.063 -8.776 -8.571 -8.504 -9.075 -9.261 -8.924 -7.868 -7.362 -6.765 -9.126
0.027313 -9.746 -9.788 -9.792 -9.716 -9.524 -9.264 -9.676 -9.691 -9.52 -9.255 -8.95 -8.574 -9.698 -9.443 -9.092 -8.804 -8.518 -9.427 -9.11 -8.825 -8.62 -8.553 -9.123 -9.307 -8.972 -7.92 -7.414 -6.818 -9.173
0.028139 -9.773 -9.819 -9.826 -9.757 -9.568 -9.311 -9.712 -9.733 -9.564 -9.302 -8.998 -8.623 -9.739 -9.488 -9.14 -8.853 -8.568 -9.472 -9.158 -8.874 -8.669 -8.601 -9.17 -9.353 -9.021 -7.971 -7.467 -6.871 -9.219
0.02899 -9.8 -9.849 -9.86 -9.797 -9.612 -9.358 -9.747 -9.774 -9.608 -9.348 -9.046 -8.673 -9.78 -9.533 -9.187 -8.902 -8.618 -9.517 -9.205 -8.922 -8.718 -8.649 -9.217 -9.399 -9.069 -8.023 -7.519 -6.924 -9.266
0.029867 -9.826 -9.88 -9.893 -9.838 -9.655 -9.404 -9.783 -9.815 -9.652 -9.395 -9.094 -8.723 -9.821 -9.577 -9.235 -8.951 -8.668 -9.562 -9.252 -8.971 -8.767 -8.698 -9.263 -9.445 -9.117 -8.074 -7.571 -6.977 -9.312
0.03077 -9.852 -9.91 -9.926 -9.878 -9.699 -9.45 -9.818 -9.856 -9.696 -9.441 -9.142 -8.773 -9.862 -9.622 -9.282 -9.0 -8.718 -9.607 -9.299 -9.019 -8.816 -8.746 -9.31 -9.49 -9.165 -8.126 -7.624 -7.03 -9.358
0.031701 -9.877 -9.939 -9.959 -9.918 -9.743 -9.496 -9.852 -9.896 -9.739 -9.487 -9.19 -8.822 -9.902 -9.666 -9.329 -9.048 -8.768 -9.651 -9.346 -9.068 -8.865 -8.794 -9.357 -9.536 -9.213 -8.177 -7.676 -7.083 -9.404
0.032659 -9.903 -9.968 -9.992 -9.958 -9.786 -9.542 -9.887 -9.936 -9.782 -9.533 -9.238 -8.872 -9.943 -9.711 -9.377 -9.097 -8.818 -9.695 -9.393 -9.116 -8.914 -8.842 -9.403 -9.581 -9.26 -8.228 -7.728 -7.135 -9.45
0.033647 -9.928 -9.997 -10.024 -9.997 -9.829 -9.588 -9.921 -9.977 -9.826 -9.579 -9.286 -8.921 -9.983 -9.755 -9.424 -9.146 -8.867 -9.74 -9.44 -9.164 -8.963 -8.89 -9.45 -9.627 -9.308 -8.279 -7.78 -7.188 -9.496
0.034665 -9.952 -10.026 -10.056 -10.036 -9.872 -9.634 -9.955 -10.017 -9.869 -9.625 -9.334 -8.971 -10.022 -9.799 -9.471 -9.194 -8.917 -9.784 -9.487 -9.212 -9.011 -8.938 -9.496 -9.672 -9.356 -8.331 -7.832 -7.241 -9.541
0.035713 -9.976 -10.054 -10.088 -10.076 -9.915 -9.679 -9.989 -10.056 -9.911 -9.671 -9.381 -9.02 -10.062 -9.842 -9.517 -9.243 -8.966 -9.828 -9.534 -9.26 -9.06 -8.986 -9.542 -9.717 -9.403 -8.382 -7.884 -7.294 -9.587
0.036793 -10.0 -10.082 -10.119 -10.115 -9.958 -9.725 -10.023 -10.096 -9.954 -9.716 -9.429 -9.069 -10.102 -9.886 -9.564 -9.291 -9.016 -9.872 -9.58 -9.308 -9.109 -9.034 -9.588 -9.762 -9.45 -8.433 -7.936 -7.346 -9.632
0.037906 -10.024 -10.11 -10.15 -10.153 -10.0 -9.77 -10.056 -10.135 -9.997 -9.762 -9.476 -9.118 -10.141 -9.93 -9.611 -9.339 -9.065 -9.915 -9.626 -9.356 -9.157 -9.082 -9.634 -9.806 -9.498 -8.484 -7.988 -7.399 -9.678
0.039052 -10.047 -10.137 -10.181 -10.192 -10.042 -9.816 -10.09 -10.174 -10.039 -9.807 -9.523 -9.167 -10.18 -9.973 -9.657 -9.387 -9.115 -9.959 -9.673 -9.404 -9.206 -9.13 -9.68 -9.851 -9.545 -8.535 -8.04 -7.452 -9.723
0.040234 -10.069 -10.164 -10.212 -10.23 -10.085 -9.861 -10.123 -10.213 -10.081 -9.852 -9.571 -9.216 -10.219 -10.016 -9.704 -9.435 -9.164 -10.002 -9.719 -9.452 -9.254 -9.178 -9.726 -9.896 -9.592 -8.586 -8.092 -7.504 -9.768
0.04145 -10.092 -10.19 -10.242 -10.268 -10.127 -9.906 -10.156 -10.252 -10.123 -9.897 -9.618 -9.265 -10.257 -10.059 -9.75 -9.483 -9.213 -10.046 -9.765 -9.5 -9.303 -9.226 -9.771 -9.94 -9.639 -8.637 -8.143 -7.557 -9.813
0.042704 -10.114 -10.216 -10.272 -10.306 -10.169 -9.951 -10.188 -10.291 -10.165 -9.942 -9.665 -9.314 -10.296 -10.102 -9.796 -9.531 -9.262 -10.089 -9.811 -9.547 -9.351 -9.274 -9.817 -9.984 -9.686 -8.688 -8.195 -7.609 -9.858
0.043996 -10.135 -10.242 -10.302 -10.343 -10.21 -9.995 -10.22 -10.329 -10.207 -9.987 -9.712 -9.363 -10.334 -10.145 -9.842 -9.579 -9.311 -10.132 -9.857 -9.595 -9.399 -9.321 -9.862 -10.028 -9.732 -8.738 -8.247 -7.662 -9.902
0.045326 -10.157 -10.268 -10.331 -10.381 -10.252 -10.04 -10.253 -10.367 -10.248 -10.031 -9.758 -9.411 -10.372 -10.187 -9.888 -9.627 -9.36 -10.175 -9.903 -9.642 -9.447 -9.369 -9.907 -10.072 -9.779 -8.789 -8.299 -7.714 -9.947
0.046697 -10.177 -10.293 -10.36 -10.418 -10.293 -10.084 -10.284 -10.405 -10.29 -10.076 -9.805 -9.46 -10.41 -10.23 -9.934 -9.674 -9.409 -10.217 -9.948 -9.689 -9.495 -9.417 -9.952 -10.116 -9.826 -8.84 -8.35 -7.767 -9.991
0.048109 -10.198 -10.317 -10.389 -10.455 -10.334 -10.129 -10.316 -10.443 -10.331 -10.12 -9.852 -9.508 -10.447 -10.272 -9.98 -9.722 -9.458 -10.26 -9.994 -9.737 -9.543 -9.464 -9.997 -10.16 -9.872 -8.89 -8.402 -7.819 -10.036
0.049564 -10.218 -10.342 -10.417 -10.492 -10.375 -10.173 -10.348 -10.48 -10.372 -10.165 -9.898 -9.557 -10.485 -10.314 -10.025 -9.769 -9.506 -10.302 -10.039 -9.784 -9.591 -9.512 -10.042 -10.203 -9.918 -8.941 -8.453 -7.872 -10.08
0.051063 -10.237 -10.365 -10.445 -10.528 -10.416 -10.217 -10.379 -10.517 -10.413 -10.209 -9.944 -9.605 -10.522 -10.356 -10.071 -9.816 -9.555 -10.344 -10.084 -9.831 -9.639 -9.559 -10.087 -10.247 -9.965 -8.991 -8.505 -7.924 -10.124
0.052608 -10.257 -10.389 -10.473 -10.564 -10.457 -10.261 -10.41 -10.554 -10.453 -10.253 -9.991 -9.653 -10.559 -10.398 -10.116 -9.864 -9.603 -10.387 -10.13 -9.878 -9.687 -9.607 -10.132 -10.29 -10.011 -9.042 -8.556 -7.976 -10.168
0.054199 -10.275 -10.412 -10.5 -10.6 -10.497 -10.305 -10.44 -10.591 -10.494 -10.296 -10.037 -9.701 -10.595 -10.439 -10.162 -9.911 -9.652 -10.428 -10.175 -9.925 -9.735 -9.654 -10.176 -10.333 -10.057 -9.092 -8.608 -8.028 -10.212
0.055838 -10.294 -10.435 -10.527 -10.636 -10.537 -10.348 -10.471 -10.627 -10.534 -10.34 -10.083 -9.75 -10.632 -10.481 -10.207 -9.958 -9.7 -10.47 -10.22 -9.971 -9.782 -9.702 -10.221 -10.376 -10.103 -9.142 -8.659 -8.081 -10.255
0.057527 -10.312 -10.457 -10.554 -10.671 -10.577 -10.392 -10.501 -10.664 -10.574 -10.384 -10.129 -9.798 -10.668 -10.522 -10.252 -10.005 -9.749 -10.512 -10.264 -10.018 -9.83 -9.749 -10.265 -10.419 -10.148 -9.193 -8.71 -8.133 -10.299
0.059267 -10.329 -10.479 -10.581 -10.707 -10.617 -10.435 -10.531 -10.7 -10.614 -10.427 -10.174 -9.845 -10.704 -10.563 -10.297 -10.052 -9.797 -10.553 -10.309 -10.065 -9.877 -9.796 -10.309 -10.461 -10.194 -9.243 -8.762 -8.185 -10.342
0.061059 -10.346 -10.5 -10.607 -10.742 -10.657 -10.478 -10.561 -10.736 -10.654 -10.47 -10.22 -9.893 -10.739 -10.604 -10.341 -10.098 -9.845 -10.594 -10.354 -10.111 -9.925 -9.843 -10.353 -10.504 -10.239 -9.293 -8.813 -8.237 -10.385
0.062906 -10.363 -10.521 -10.632 -10.776 -10.696 -10.521 -10.591 -10.771 -10.693 -10.513 -10.266 -9.941 -10.775 -10.645 -10.386 -10.145 -9.893 -10.635 -10.398 -10.157 -9.972 -9.89 -10.397 -10.546 -10.285 -9.343 -8.864 -8.289 -10.429
0.064808 -10.379 -10.542 -10.658 -10.811 -10.736 -10.564 -10.62 -10.806 -10.733 -10.556 -10.311 -9.989 -10.81 -10.685 -10.43 -10.191 -9.941 -10.676 -10.442 -10.204 -10.019 -9.938 -10.44 -10.588 -10.33 -9.393 -8.915 -8.341 -10.471
0.066769 -10.395 -10.562 -10.683 -10.845 -10.775 -10.607 -10.649 -10.841 -10.772 -10.599 -10.356 -10.036 -10.845 -10.726 -10.475 -10.238 -9.989 -10.717 -10.487 -10.25 -10.066 -9.985 -10.484 -10.63 -10.375 -9.443 -8.966 -8.393 -10.514
0.068788 -10.41 -10.582 -10.707 -10.879 -10.814 -10.649 -10.678 -10.876 -10.81 -10.642 -10.402 -10.084 -10.879 -10.766 -10.519 -10.284 -10.036 -10.758 -10.531 -10.296 -10.113 -10.031 -10.527 -10.672 -10.42 -9.493 -9.017 -8.445 -10.557
0.070868 -10.425 -10.601 -10.732 -10.913 -10.852 -10.692 -10.706 -10.911 -10.849 -10.684 -10.447 -10.131 -10.914 -10.806 -10.563 -10.33 -10.084 -10.798 -10.574 -10.342 -10.16 -10.078 -10.57 -10.714 -10.465 -9.543 -9.068 -8.497 -10.599
0.073012 -10.44 -10.62 -10.755 -10.946 -10.891 -10.734 -10.735 -10.945 -10.888 -10.727 -10.492 -10.178 -10.948 -10.845 -10.607 -10.376 -10.132 -10.838 -10.618 -10.388 -10.207 -10.125 -10.614 -10.755 -10.51 -9.592 -9.119 -8.549 -10.642
0.07522 -10.454 -10.639 -10.779 -10.979 -10.929 -10.776 -10.763 -10.979 -10.926 -10.769 -10.537 -10.225 -10.982 -10.885 -10.651 -10.422 -10.179 -10.878 -10.662 -10.434 -10.254 -10.172 -10.657 -10.796 -10.555 -9.642 -9.17 -8.601 -10.684
0.077495 -10.467 -10.657 -10.802 -11.012 -10.967 -10.818 -10.791 -11.013 -10.964 -10.811 -10.581 -10.272 -11.015 -10.924 -10.694 -10.468 -10.227 -10.918 -10.705 -10.479 -10.301 -10.219 -10.699 -10.838 -10.599 -9.692 -9.221 -8.653 -10.726
0.079839 -10.48 -10.674 -10.825 -11.044 -11.005 -10.86 -10.818 -11.046 -11.002 -10.853 -10.626 -10.319 -11.049 -10.964 -10.738 -10.514 -10.274 -10.958 -10.749 -10.525 -10.348 -10.265 -10.742 -10.879 -10.644 -9.741 -9.272 -8.704 -10.768
0.082253 -10.493 -10.691 -10.847 -11.077 -11.042 -10.901 -10.846 -11.079 -11.039 -10.894 -10.67 -10.366 -11.082 -11.003 -10.781 -10.559 -10.321 -10.997 -10.792 -10.57 -10.394 -10.312 -10.785 -10.919 -10.688 -9.791 -9.322 -8.756 -10.81
0.084741 -10.505 -10.708 -10.869 -11.108 -11.08 -10.943 -10.873 -11.112 -11.077 -10.936 -10.715 -10.413 -11.114 -11.041 -10.824 -10.605 -10.368 -11.036 -10.835 -10.615 -10.441 -10.358 -10.827 -10.96 -10.732 -9.84 -9.373 -8.808 -10.851
