web/models/kne.last_good/kappa_0.5_3.0.v1/22/villar_0.1173_0.3433_3.0000.dat
# %ECSV 1.0
# ---
# datatype:
# - {name: time, datatype: float64}
# - {name: swift_uvot_uvw2, datatype: float64}
# - {name: swift_uvot_uvm2, datatype: float64}
# - {name: swift_uvot_uvw1, datatype: float64}
# - {name: swift_uvot_U, datatype: float64}
# - {name: swift_uvot_B, datatype: float64}
# - {name: swift_uvot_V, datatype: float64}
# - {name: swift_uvot_W, datatype: float64}
# - {name: johnson_U, datatype: float64}
# - {name: johnson_B, datatype: float64}
# - {name: johnson_V, datatype: float64}
# - {name: johnson_R, datatype: float64}
# - {name: johnson_I, datatype: float64}
# - {name: sdss_u, datatype: float64}
# - {name: sdss_g, datatype: float64}
# - {name: sdss_r, datatype: float64}
# - {name: sdss_i, datatype: float64}
# - {name: sdss_z, datatype: float64}
# - {name: PS1_g, datatype: float64}
# - {name: PS1_r, datatype: float64}
# - {name: PS1_i, datatype: float64}
# - {name: PS1_z, datatype: float64}
# - {name: PS1_Y, datatype: float64}
# - {name: PS1_w, datatype: float64}
# - {name: ATLAS_c, datatype: float64}
# - {name: ATLAS_o, datatype: float64}
# - {name: ukirt_J, datatype: float64}
# - {name: ukirt_H, datatype: float64}
# - {name: ukirt_K, datatype: float64}
# - {name: Clear, datatype: float64}
# meta: !!omap
# - comment: [kappa = 3.0, type = villar, mass = 0.11727632184323686, velocity = 0.3433333333333334, theta_obs = 0.0]
# schema: astropy-2.0
time swift_uvot_uvw2 swift_uvot_uvm2 swift_uvot_uvw1 swift_uvot_U swift_uvot_B swift_uvot_V swift_uvot_W johnson_U johnson_B johnson_V johnson_R johnson_I sdss_u sdss_g sdss_r sdss_i sdss_z PS1_g PS1_r PS1_i PS1_z PS1_Y PS1_w ATLAS_c ATLAS_o ukirt_J ukirt_H ukirt_K Clear
[from data line 145]
0.07522 -12.577 -12.794 -12.974 -13.246 -13.235 -13.112 -12.995 -13.253 -13.232 -13.105 -12.893 -12.6 -13.254 -13.202 -13.0 -12.787 -12.556 -13.198 -13.01 -12.798 -12.626 -12.545 -12.999 -13.126 -12.91 -12.036 -11.573 -11.011 -13.021
0.077495 -12.587 -12.809 -12.994 -13.277 -13.272 -13.153 -13.021 -13.285 -13.269 -13.146 -12.937 -12.646 -13.286 -13.24 -13.042 -12.833 -12.603 -13.237 -13.052 -12.843 -12.673 -12.591 -13.041 -13.167 -12.954 -12.085 -11.623 -11.063 -13.062
0.079839 -12.597 -12.823 -13.015 -13.307 -13.308 -13.193 -13.047 -13.316 -13.305 -13.187 -12.981 -12.693 -13.317 -13.278 -13.085 -12.878 -12.65 -13.275 -13.095 -12.887 -12.719 -12.637 -13.083 -13.206 -12.997 -12.134 -11.674 -11.114 -13.103
0.082253 -12.607 -12.837 -13.034 -13.338 -13.344 -13.234 -13.073 -13.348 -13.342 -13.227 -13.025 -12.739 -13.349 -13.315 -13.127 -12.922 -12.696 -13.313 -13.137 -12.932 -12.765 -12.683 -13.124 -13.246 -13.041 -12.183 -11.724 -11.166 -13.144
0.084741 -12.616 -12.851 -13.054 -13.368 -13.38 -13.274 -13.098 -13.379 -13.378 -13.268 -13.068 -12.785 -13.379 -13.353 -13.17 -12.967 -12.743 -13.351 -13.179 -12.977 -12.811 -12.73 -13.166 -13.286 -13.084 -12.232 -11.775 -11.217 -13.184
0.087304 -12.624 -12.864 -13.073 -13.397 -13.416 -13.314 -13.124 -13.409 -13.413 -13.308 -13.111 -12.831 -13.41 -13.39 -13.212 -13.012 -12.789 -13.389 -13.221 -13.021 -12.857 -12.776 -13.207 -13.325 -13.127 -12.281 -11.825 -11.269 -13.225
0.089944 -12.632 -12.876 -13.092 -13.427 -13.451 -13.354 -13.149 -13.44 -13.449 -13.348 -13.155 -12.877 -13.44 -13.427 -13.254 -13.056 -12.836 -13.427 -13.263 -13.066 -12.902 -12.822 -13.248 -13.364 -13.17 -12.33 -11.875 -11.32 -13.265
0.092665 -12.64 -12.888 -13.11 -13.456 -13.486 -13.394 -13.174 -13.47 -13.484 -13.388 -13.198 -12.923 -13.47 -13.464 -13.296 -13.101 -12.882 -13.464 -13.305 -13.11 -12.948 -12.867 -13.289 -13.403 -13.213 -12.379 -11.926 -11.372 -13.305
0.095467 -12.647 -12.899 -13.127 -13.485 -13.521 -13.434 -13.198 -13.5 -13.519 -13.427 -13.241 -12.969 -13.5 -13.5 -13.337 -13.145 -12.928 -13.501 -13.346 -13.154 -12.993 -12.913 -13.33 -13.442 -13.256 -12.428 -11.976 -11.423 -13.345
0.098355 -12.653 -12.91 -13.145 -13.513 -13.556 -13.473 -13.222 -13.529 -13.554 -13.467 -13.283 -13.014 -13.529 -13.537 -13.379 -13.189 -12.974 -13.538 -13.388 -13.198 -13.039 -12.959 -13.37 -13.48 -13.298 -12.477 -12.026 -11.474 -13.385
0.101329 -12.659 -12.921 -13.162 -13.541 -13.59 -13.512 -13.246 -13.558 -13.588 -13.506 -13.326 -13.06 -13.558 -13.573 -13.42 -13.233 -13.02 -13.575 -13.429 -13.242 -13.084 -13.005 -13.411 -13.518 -13.341 -12.525 -12.076 -11.525 -13.424
0.104394 -12.665 -12.93 -13.178 -13.569 -13.625 -13.551 -13.27 -13.587 -13.622 -13.545 -13.368 -13.105 -13.587 -13.608 -13.461 -13.277 -13.066 -13.611 -13.47 -13.286 -13.129 -13.05 -13.451 -13.556 -13.383 -12.574 -12.126 -11.577 -13.464
0.107551 -12.669 -12.939 -13.194 -13.596 -13.658 -13.59 -13.294 -13.616 -13.656 -13.584 -13.411 -13.15 -13.615 -13.644 -13.502 -13.321 -13.111 -13.647 -13.511 -13.329 -13.174 -13.096 -13.491 -13.594 -13.425 -12.622 -12.176 -11.628 -13.503
0.110804 -12.674 -12.948 -13.21 -13.623 -13.692 -13.629 -13.317 -13.644 -13.69 -13.623 -13.453 -13.195 -13.643 -13.679 -13.543 -13.364 -13.157 -13.683 -13.552 -13.373 -13.219 -13.141 -13.531 -13.632 -13.467 -12.671 -12.226 -11.679 -13.542
0.114155 -12.677 -12.956 -13.225 -13.65 -13.725 -13.667 -13.34 -13.672 -13.723 -13.661 -13.495 -13.24 -13.67 -13.715 -13.583 -13.408 -13.202 -13.719 -13.592 -13.416 -13.264 -13.186 -13.571 -13.669 -13.509 -12.719 -12.276 -11.73 -13.581
0.117608 -12.681 -12.964 -13.239 -13.676 -13.758 -13.705 -13.363 -13.699 -13.756 -13.699 -13.537 -13.285 -13.697 -13.749 -13.624 -13.451 -13.248 -13.755 -13.632 -13.459 -13.309 -13.231 -13.61 -13.707 -13.55 -12.767 -12.325 -11.781 -13.62
0.121165 -12.683 -12.971 -13.253 -13.702 -13.791 -13.743 -13.385 -13.726 -13.789 -13.737 -13.578 -13.33 -13.724 -13.784 -13.664 -13.494 -13.293 -13.79 -13.673 -13.502 -13.353 -13.276 -13.65 -13.744 -13.592 -12.815 -12.375 -11.832 -13.658
0.124829 -12.685 -12.977 -13.267 -13.727 -13.824 -13.781 -13.407 -13.753 -13.822 -13.775 -13.62 -13.375 -13.751 -13.818 -13.704 -13.537 -13.338 -13.825 -13.712 -13.545 -13.398 -13.321 -13.689 -13.78 -13.633 -12.863 -12.425 -11.883 -13.696
0.128605 -12.687 -12.983 -13.28 -13.752 -13.856 -13.818 -13.429 -13.779 -13.854 -13.813 -13.661 -13.419 -13.777 -13.852 -13.744 -13.58 -13.383 -13.86 -13.752 -13.588 -13.442 -13.366 -13.728 -13.817 -13.674 -12.911 -12.474 -11.934 -13.734
0.132494 -12.688 -12.988 -13.293 -13.777 -13.888 -13.855 -13.451 -13.805 -13.886 -13.85 -13.702 -13.464 -13.803 -13.886 -13.783 -13.622 -13.428 -13.894 -13.792 -13.63 -13.486 -13.411 -13.766 -13.853 -13.715 -12.959 -12.524 -11.985 -13.772
0.136502 -12.688 -12.992 -13.305 -13.802 -13.919 -13.892 -13.472 -13.831 -13.917 -13.887 -13.743 -13.508 -13.828 -13.92 -13.823 -13.665 -13.472 -13.928 -13.831 -13.673 -13.531 -13.456 -13.805 -13.889 -13.756 -13.007 -12.573 -12.035 -13.81
0.14063 -12.688 -12.996 -13.317 -13.826 -13.95 -13.929 -13.493 -13.856 -13.949 -13.924 -13.784 -13.552 -13.853 -13.953 -13.862 -13.707 -13.517 -13.962 -13.87 -13.715 -13.574 -13.5 -13.843 -13.925 -13.796 -13.054 -12.622 -12.086 -13.847
0.144883 -12.687 -13.0 -13.328 -13.849 -13.981 -13.966 -13.514 -13.881 -13.98 -13.961 -13.824 -13.596 -13.878 -13.986 -13.901 -13.749 -13.561 -13.996 -13.909 -13.757 -13.618 -13.545 -13.881 -13.961 -13.836 -13.102 -12.672 -12.137 -13.884
0.149265 -12.686 -13.002 -13.338 -13.872 -14.012 -14.002 -13.534 -13.906 -14.01 -13.997 -13.865 -13.64 -13.902 -14.018 -13.94 -13.791 -13.606 -14.029 -13.948 -13.799 -13.662 -13.589 -13.919 -13.996 -13.877 -13.15 -12.721 -12.187 -13.921
0.15378 -12.684 -13.004 -13.349 -13.895 -14.042 -14.038 -13.554 -13.93 -14.041 -14.033 -13.905 -13.683 -13.925 -14.051 -13.979 -13.833 -13.65 -14.062 -13.987 -13.841 -13.706 -13.634 -13.957 -14.031 -13.917 -13.197 -12.77 -12.238 -13.958
0.15843 -12.681 -13.006 -13.358 -13.917 -14.072 -14.074 -13.574 -13.953 -14.071 -14.069 -13.945 -13.727 -13.949 -14.083 -14.017 -13.875 -13.694 -14.095 -14.025 -13.883 -13.749 -13.678 -13.994 -14.066 -13.956 -13.244 -12.819 -12.288 -13.995
0.163222 -12.678 -13.006 -13.367 -13.939 -14.102 -14.109 -13.594 -13.977 -14.101 -14.105 -13.985 -13.77 -13.972 -14.115 -14.055 -13.916 -13.738 -14.128 -14.063 -13.924 -13.792 -13.722 -14.032 -14.1 -13.996 -13.291 -12.868 -12.339 -14.031
0.168159 -12.674 -13.006 -13.376 -13.961 -14.131 -14.145 -13.613 -13.999 -14.13 -14.14 -14.025 -13.813 -13.994 -14.146 -14.093 -13.958 -13.781 -14.16 -14.101 -13.965 -13.835 -13.766 -14.069 -14.135 -14.035 -13.339 -12.917 -12.389 -14.067
0.173245 -12.67 -13.006 -13.384 -13.982 -14.16 -14.18 -13.632 -14.022 -14.159 -14.175 -14.064 -13.857 -14.016 -14.177 -14.131 -13.999 -13.825 -14.192 -14.139 -14.006 -13.878 -13.809 -14.106 -14.169 -14.075 -13.386 -12.966 -12.44 -14.103
0.178484 -12.665 -13.005 -13.391 -14.002 -14.189 -14.214 -13.651 -14.044 -14.188 -14.21 -14.103 -13.899 -14.038 -14.208 -14.168 -14.04 -13.868 -14.224 -14.176 -14.047 -13.921 -13.853 -14.142 -14.202 -14.113 -13.433 -13.015 -12.49 -14.139
0.183882 -12.659 -13.003 -13.398 -14.022 -14.217 -14.249 -13.669 -14.065 -14.216 -14.245 -14.142 -13.942 -14.059 -14.239 -14.206 -14.081 -13.912 -14.255 -14.214 -14.088 -13.964 -13.897 -14.179 -14.236 -14.152 -13.479 -13.063 -12.54 -14.175
0.189444 -12.653 -13.0 -13.404 -14.042 -14.245 -14.283 -13.687 -14.087 -14.244 -14.279 -14.181 -13.985 -14.08 -14.269 -14.243 -14.121 -13.955 -14.286 -14.251 -14.129 -14.007 -13.94 -14.215 -14.269 -14.191 -13.526 -13.112 -12.59 -14.21
0.195173 -12.646 -12.996 -13.41 -14.061 -14.273 -14.317 -13.705 -14.107 -14.272 -14.313 -14.22 -14.027 -14.1 -14.299 -14.28 -14.162 -13.998 -14.317 -14.287 -14.169 -14.049 -13.983 -14.251 -14.302 -14.229 -13.573 -13.161 -12.64 -14.245
0.201076 -12.638 -12.992 -13.415 -14.08 -14.3 -14.351 -13.722 -14.127 -14.299 -14.347 -14.258 -14.07 -14.12 -14.328 -14.316 -14.202 -14.041 -14.347 -14.324 -14.209 -14.091 -14.027 -14.286 -14.335 -14.267 -13.619 -13.209 -12.69 -14.28
0.207158 -12.63 -12.987 -13.42 -14.098 -14.327 -14.384 -13.74 -14.147 -14.326 -14.381 -14.296 -14.112 -14.14 -14.358 -14.352 -14.242 -14.083 -14.378 -14.36 -14.249 -14.133 -14.07 -14.322 -14.367 -14.305 -13.666 -13.258 -12.74 -14.314
0.213423 -12.621 -12.982 -13.424 -14.116 -14.353 -14.417 -13.756 -14.167 -14.353 -14.414 -14.334 -14.154 -14.159 -14.386 -14.389 -14.282 -14.126 -14.407 -14.396 -14.289 -14.175 -14.113 -14.357 -14.399 -14.343 -13.712 -13.306 -12.79 -14.348
0.219878 -12.612 -12.975 -13.427 -14.133 -14.379 -14.45 -13.773 -14.185 -14.379 -14.447 -14.372 -14.195 -14.177 -14.415 -14.424 -14.321 -14.168 -14.437 -14.432 -14.329 -14.217 -14.155 -14.392 -14.431 -14.38 -13.758 -13.354 -12.84 -14.382
0.226528 -12.602 -12.968 -13.43 -14.15 -14.405 -14.482 -13.789 -14.204 -14.405 -14.479 -14.409 -14.237 -14.195 -14.443 -14.46 -14.361 -14.21 -14.466 -14.468 -14.368 -14.259 -14.198 -14.426 -14.462 -14.417 -13.804 -13.402 -12.89 -14.416
0.233379 -12.591 -12.96 -13.432 -14.166 -14.43 -14.514 -13.805 -14.222 -14.43 -14.512 -14.447 -14.279 -14.213 -14.471 -14.495 -14.4 -14.252 -14.495 -14.503 -14.407 -14.3 -14.24 -14.461 -14.493 -14.454 -13.85 -13.45 -12.94 -14.45
0.240437 -12.579 -12.952 -13.433 -14.182 -14.455 -14.546 -13.821 -14.239 -14.455 -14.544 -14.484 -14.32 -14.229 -14.498 -14.53 -14.439 -14.294 -14.523 -14.538 -14.446 -14.341 -14.283 -14.495 -14.524 -14.491 -13.896 -13.498 -12.989 -14.483
0.247709 -12.567 -12.942 -13.434 -14.197 -14.48 -14.578 -13.836 -14.256 -14.48 -14.575 -14.521 -14.361 -14.246 -14.525 -14.565 -14.478 -14.336 -14.551 -14.573 -14.485 -14.382 -14.325 -14.529 -14.555 -14.528 -13.942 -13.546 -13.039 -14.516
0.255201 -12.554 -12.932 -13.435 -14.212 -14.504 -14.609 -13.851 -14.272 -14.504 -14.607 -14.557 -14.402 -14.262 -14.552 -14.599 -14.516 -14.377 -14.579 -14.607 -14.524 -14.423 -14.367 -14.563 -14.585 -14.564 -13.987 -13.594 -13.089 -14.549
0.262919 -12.541 -12.921 -13.434 -14.226 -14.528 -14.64 -13.865 -14.288 -14.528 -14.638 -14.593 -14.442 -14.277 -14.578 -14.634 -14.554 -14.418 -14.606 -14.641 -14.562 -14.464 -14.409 -14.596 -14.615 -14.6 -14.033 -13.641 -13.138 -14.581
0.270871 -12.526 -12.909 -13.433 -14.24 -14.551 -14.67 -13.879 -14.303 -14.551 -14.669 -14.629 -14.483 -14.292 -14.604 -14.668 -14.592 -14.46 -14.633 -14.675 -14.6 -14.504 -14.45 -14.629 -14.644 -14.635 -14.078 -13.689 -13.187 -14.613
0.279064 -12.511 -12.896 -13.431 -14.253 -14.574 -14.701 -13.893 -14.318 -14.574 -14.699 -14.665 -14.523 -14.306 -14.63 -14.701 -14.63 -14.5 -14.66 -14.709 -14.638 -14.545 -14.492 -14.662 -14.673 -14.671 -14.123 -13.737 -13.237 -14.645
0.287504 -12.496 -12.882 -13.429 -14.265 -14.596 -14.73 -13.907 -14.332 -14.597 -14.729 -14.701 -14.563 -14.32 -14.655 -14.734 -14.668 -14.541 -14.686 -14.742 -14.676 -14.585 -14.533 -14.694 -14.702 -14.706 -14.168 -13.784 -13.286 -14.677
0.296199 -12.479 -12.868 -13.426 -14.277 -14.618 -14.76 -13.92 -14.346 -14.619 -14.759 -14.736 -14.603 -14.333 -14.679 -14.767 -14.705 -14.582 -14.712 -14.775 -14.713 -14.625 -14.575 -14.726 -14.73 -14.741 -14.213 -13.831 -13.335 -14.708
0.305157 -12.462 -12.852 -13.422 -14.288 -14.639 -14.789 -13.932 -14.359 -14.64 -14.788 -14.771 -14.643 -14.346 -14.704 -14.8 -14.742 -14.622 -14.737 -14.808 -14.75 -14.664 -14.616 -14.758 -14.758 -14.776 -14.258 -13.878 -13.384 -14.739
0.314387 -12.445 -12.836 -13.417 -14.299 -14.66 -14.818 -13.945 -14.371 -14.661 -14.817 -14.806 -14.682 -14.358 -14.728 -14.832 -14.779 -14.662 -14.762 -14.84 -14.787 -14.704 -14.657 -14.79 -14.786 -14.81 -14.303 -13.925 -13.433 -14.77
0.323895 -12.426 -12.819 -13.412 -14.309 -14.681 -14.846 -13.957 -14.383 -14.682 -14.846 -14.84 -14.722 -14.369 -14.751 -14.865 -14.816 -14.702 -14.787 -14.872 -14.824 -14.743 -14.697 -14.821 -14.813 -14.844 -14.347 -13.972 -13.482 -14.8
0.333691 -12.407 -12.8 -13.406 -14.318 -14.701 -14.874 -13.968 -14.395 -14.702 -14.874 -14.874 -14.761 -14.38 -14.774 -14.896 -14.852 -14.742 -14.811 -14.904 -14.86 -14.782 -14.738 -14.852 -14.84 -14.878 -14.391 -14.019 -13.531 -14.83
0.343783 -12.387 -12.781 -13.399 -14.327 -14.72 -14.902 -13.98 -14.405 -14.722 -14.902 -14.908 -14.799 -14.39 -14.796 -14.928 -14.888 -14.781 -14.835 -14.936 -14.896 -14.821 -14.778 -14.883 -14.867 -14.911 -14.436 -14.066 -13.58 -14.86
0.354181 -12.367 -12.761 -13.392 -14.335 -14.739 -14.929 -13.991 -14.415 -14.741 -14.929 -14.942 -14.838 -14.4 -14.818 -14.959 -14.924 -14.82 -14.858 -14.967 -14.932 -14.86 -14.818 -14.913 -14.893 -14.944 -14.48 -14.113 -13.628 -14.89
0.364893 -12.345 -12.74 -13.383 -14.343 -14.758 -14.956 -14.001 -14.425 -14.759 -14.956 -14.975 -14.876 -14.409 -14.84 -14.989 -14.96 -14.859 -14.881 -14.997 -14.968 -14.898 -14.858 -14.943 -14.919 -14.977 -14.524 -14.159 -13.677 -14.919
0.375929 -12.323 -12.718 -13.374 -14.35 -14.776 -14.982 -14.011 -14.434 -14.777 -14.983 -15.008 -14.914 -14.417 -14.861 -15.02 -14.995 -14.898 -14.903 -15.028 -15.003 -14.936 -14.898 -14.973 -14.944 -15.01 -14.567 -14.205 -13.726 -14.947
0.387298 -12.301 -12.695 -13.365 -14.356 -14.793 -15.008 -14.021 -14.442 -14.795 -15.009 -15.04 -14.952 -14.424 -14.882 -15.05 -15.03 -14.937 -14.925 -15.058 -15.038 -14.974 -14.937 -15.002 -14.969 -15.042 -14.611 -14.252 -13.774 -14.976
0.399012 -12.277 -12.671 -13.354 -14.361 -14.81 -15.034 -14.03 -14.449 -14.812 -15.035 -15.073 -14.99 -14.431 -14.902 -15.079 -15.065 -14.975 -14.946 -15.088 -15.073 -15.012 -14.977 -15.031 -14.993 -15.074 -14.654 -14.298 -13.822 -15.004
0.41108 -12.253 -12.646 -13.343 -14.366 -14.826 -15.059 -14.039 -14.456 -14.829 -15.06 -15.104 -15.027 -14.437 -14.921 -15.109 -15.099 -15.013 -14.967 -15.117 -15.107 -15.049 -15.016 -15.06 -15.018 -15.105 -14.698 -14.344 -13.87 -15.032
0.423513 -12.228 -12.62 -13.33 -14.37 -14.842 -15.084 -14.047 -14.462 -14.845 -15.085 -15.136 -15.064 -14.443 -14.94 -15.138 -15.133 -15.051 -14.988 -15.146 -15.142 -15.086 -15.055 -15.088 -15.041 -15.136 -14.741 -14.39 -13.919 -15.059
0.436321 -12.203 -12.592 -13.317 -14.374 -14.857 -15.108 -14.055 -14.468 -14.86 -15.11 -15.167 -15.101 -14.448 -14.959 -15.166 -15.167 -15.089 -15.008 -15.174 -15.175 -15.123 -15.093 -15.116 -15.064 -15.167 -14.784 -14.436 -13.967 -15.086
0.449518 -12.177 -12.564 -13.303 -14.376 -14.872 -15.132 -14.062 -14.472 -14.875 -15.134 -15.198 -15.138 -14.452 -14.977 -15.194 -15.2 -15.126 -15.027 -15.203 -15.209 -15.16 -15.132 -15.143 -15.087 -15.198 -14.826 -14.481 -14.015 -15.113
0.463113 -12.15 -12.535 -13.288 -14.378 -14.886 -15.155 -14.07 -14.476 -14.889 -15.157 -15.229 -15.174 -14.455 -14.995 -15.222 -15.233 -15.163 -15.046 -15.23 -15.242 -15.196 -15.17 -15.17 -15.109 -15.228 -14.869 -14.527 -14.062 -15.14
0.47712 -12.122 -12.504 -13.273 -14.379 -14.899 -15.178 -14.076 -14.479 -14.902 -15.18 -15.259 -15.21 -14.458 -15.011 -15.249 -15.266 -15.2 -15.065 -15.258 -15.275 -15.233 -15.208 -15.197 -15.131 -15.258 -14.911 -14.572 -14.11 -15.165
0.49155 -12.094 -12.472 -13.256 -14.379 -14.912 -15.2 -14.082 -14.482 -14.915 -15.203 -15.289 -15.246 -14.459 -15.028 -15.276 -15.299 -15.236 -15.082 -15.285 -15.308 -15.268 -15.245 -15.223 -15.152 -15.287 -14.954 -14.617 -14.158 -15.191
0.506416 -12.065 -12.439 -13.239 -14.379 -14.924 -15.222 -14.088 -14.484 -14.928 -15.225 -15.318 -15.281 -14.46 -15.044 -15.302 -15.331 -15.272 -15.1 -15.311 -15.34 -15.304 -15.283 -15.249 -15.173 -15.316 -14.996 -14.662 -14.205 -15.216
0.521733 -12.035 -12.405 -13.22 -14.377 -14.935 -15.243 -14.093 -14.484 -14.94 -15.247 -15.347 -15.316 -14.461 -15.059 -15.328 -15.362 -15.308 -15.116 -15.337 -15.372 -15.339 -15.32 -15.275 -15.193 -15.345 -15.037 -14.707 -14.253 -15.241
0.537512 -12.005 -12.37 -13.201 -14.375 -14.946 -15.264 -14.098 -14.485 -14.951 -15.268 -15.376 -15.351 -14.46 -15.073 -15.354 -15.394 -15.344 -15.133 -15.363 -15.403 -15.374 -15.357 -15.3 -15.213 -15.373 -15.079 -14.752 -14.3 -15.265
