web/models/kne.last_good/kappa_0.5_3.0.v1/22/villar_0.0052_0.1240_0.5000.dat
# %ECSV 1.0
# ---
# datatype:
# - {name: time, datatype: float64}
# - {name: swift_uvot_uvw2, datatype: float64}
# - {name: swift_uvot_uvm2, datatype: float64}
# - {name: swift_uvot_uvw1, datatype: float64}
# - {name: swift_uvot_U, datatype: float64}
# - {name: swift_uvot_B, datatype: float64}
# - {name: swift_uvot_V, datatype: float64}
# - {name: swift_uvot_W, datatype: float64}
# - {name: johnson_U, datatype: float64}
# - {name: johnson_B, datatype: float64}
# - {name: johnson_V, datatype: float64}
# - {name: johnson_R, datatype: float64}
# - {name: johnson_I, datatype: float64}
# - {name: sdss_u, datatype: float64}
# - {name: sdss_g, datatype: float64}
# - {name: sdss_r, datatype: float64}
# - {name: sdss_i, datatype: float64}
# - {name: sdss_z, datatype: float64}
# - {name: PS1_g, datatype: float64}
# - {name: PS1_r, datatype: float64}
# - {name: PS1_i, datatype: float64}
# - {name: PS1_z, datatype: float64}
# - {name: PS1_Y, datatype: float64}
# - {name: PS1_w, datatype: float64}
# - {name: ATLAS_c, datatype: float64}
# - {name: ATLAS_o, datatype: float64}
# - {name: ukirt_J, datatype: float64}
# - {name: ukirt_H, datatype: float64}
# - {name: ukirt_K, datatype: float64}
# - {name: Clear, datatype: float64}
# meta: !!omap
# - comment: [kappa = 0.5, type = villar, mass = 0.005244756555828381, velocity = 0.124, theta_obs = 0.0]
# schema: astropy-2.0
time swift_uvot_uvw2 swift_uvot_uvm2 swift_uvot_uvw1 swift_uvot_U swift_uvot_B swift_uvot_V swift_uvot_W johnson_U johnson_B johnson_V johnson_R johnson_I sdss_u sdss_g sdss_r sdss_i sdss_z PS1_g PS1_r PS1_i PS1_z PS1_Y PS1_w ATLAS_c ATLAS_o ukirt_J ukirt_H ukirt_K Clear
[from data line 217]
0.642731 -10.327 -10.699 -11.506 -12.654 -13.205 -13.508 -12.366 -12.76 -13.209 -13.511 -13.608 -13.574 -12.737 -13.327 -13.59 -13.621 -13.565 -13.384 -13.599 -13.631 -13.596 -13.576 -13.537 -13.458 -13.605 -13.291 -12.959 -12.503 -13.504
0.66217 -10.223 -10.586 -11.421 -12.6 -13.174 -13.494 -12.324 -12.71 -13.178 -13.498 -13.608 -13.585 -12.685 -13.302 -13.585 -13.627 -13.578 -13.362 -13.594 -13.636 -13.608 -13.591 -13.531 -13.443 -13.605 -13.314 -12.988 -12.537 -13.497
0.682197 -10.112 -10.464 -11.33 -12.54 -13.138 -13.477 -12.278 -12.654 -13.143 -13.482 -13.606 -13.594 -12.628 -13.273 -13.577 -13.629 -13.589 -13.336 -13.586 -13.639 -13.617 -13.605 -13.522 -13.424 -13.602 -13.336 -13.016 -12.569 -13.487
0.70283 -9.996 -10.334 -11.231 -12.474 -13.098 -13.456 -12.227 -12.593 -13.103 -13.461 -13.6 -13.601 -12.565 -13.24 -13.565 -13.629 -13.597 -13.306 -13.575 -13.639 -13.624 -13.616 -13.51 -13.401 -13.595 -13.357 -13.043 -12.601 -13.473
0.724086 -9.874 -10.194 -11.125 -12.402 -13.052 -13.432 -12.172 -12.525 -13.058 -13.437 -13.592 -13.605 -12.496 -13.203 -13.55 -13.627 -13.603 -13.272 -13.56 -13.637 -13.629 -13.625 -13.495 -13.374 -13.586 -13.375 -13.067 -12.631 -13.457
0.745986 -9.745 -10.045 -11.012 -12.323 -13.001 -13.402 -12.112 -12.451 -13.008 -13.409 -13.58 -13.607 -12.42 -13.16 -13.531 -13.62 -13.606 -13.233 -13.542 -13.631 -13.631 -13.631 -13.475 -13.343 -13.573 -13.391 -13.091 -12.66 -13.437
0.768548 -9.611 -9.884 -10.89 -12.237 -12.945 -13.368 -12.046 -12.37 -12.952 -13.376 -13.564 -13.606 -12.338 -13.112 -13.508 -13.611 -13.607 -13.189 -13.519 -13.622 -13.63 -13.635 -13.452 -13.307 -13.556 -13.406 -13.112 -12.687 -13.412
0.791792 -9.47 -9.712 -10.759 -12.142 -12.882 -13.329 -11.975 -12.282 -12.89 -13.337 -13.545 -13.601 -12.247 -13.059 -13.481 -13.598 -13.604 -13.139 -13.492 -13.609 -13.625 -13.636 -13.425 -13.266 -13.536 -13.418 -13.132 -12.713 -13.384
0.815739 -9.323 -9.528 -10.618 -12.04 -12.812 -13.285 -11.898 -12.185 -12.821 -13.294 -13.521 -13.593 -12.148 -12.999 -13.449 -13.581 -13.598 -13.084 -13.46 -13.593 -13.617 -13.633 -13.393 -13.22 -13.511 -13.427 -13.15 -12.738 -13.352
0.840411 -9.17 -9.33 -10.467 -11.928 -12.735 -13.234 -11.815 -12.079 -12.745 -13.244 -13.492 -13.581 -12.04 -12.932 -13.411 -13.559 -13.588 -13.021 -13.423 -13.572 -13.606 -13.628 -13.356 -13.168 -13.481 -13.434 -13.166 -12.761 -13.314
0.865828 -9.012 -9.118 -10.304 -11.806 -12.65 -13.177 -11.725 -11.964 -12.66 -13.188 -13.459 -13.566 -11.922 -12.858 -13.368 -13.533 -13.575 -12.952 -13.381 -13.546 -13.591 -13.619 -13.313 -13.109 -13.446 -13.438 -13.179 -12.781 -13.271
0.892015 -8.85 -8.89 -10.13 -11.673 -12.556 -13.113 -11.627 -11.838 -12.568 -13.126 -13.42 -13.545 -11.794 -12.775 -13.318 -13.502 -13.557 -12.875 -13.332 -13.515 -13.571 -13.606 -13.265 -13.043 -13.405 -13.439 -13.19 -12.8 -13.223
0.918993 -8.684 -8.645 -9.943 -11.529 -12.452 -13.042 -11.521 -11.701 -12.465 -13.055 -13.375 -13.521 -11.654 -12.685 -13.262 -13.465 -13.534 -12.79 -13.277 -13.479 -13.546 -13.589 -13.211 -12.97 -13.359 -13.437 -13.198 -12.817 -13.169
0.946787 -8.515 -8.381 -9.742 -11.371 -12.339 -12.962 -11.407 -11.551 -12.353 -12.977 -13.323 -13.491 -11.501 -12.584 -13.199 -13.423 -13.507 -12.696 -13.214 -13.437 -13.517 -13.567 -13.15 -12.889 -13.305 -13.431 -13.204 -12.832 -13.108
0.975422 -8.344 -8.097 -9.526 -11.2 -12.214 -12.873 -11.283 -11.388 -12.23 -12.889 -13.265 -13.455 -11.334 -12.474 -13.128 -13.373 -13.474 -12.593 -13.144 -13.389 -13.481 -13.54 -13.081 -12.798 -13.245 -13.421 -13.206 -12.844 -13.041
1.004923 -8.174 -7.792 -9.295 -11.013 -12.076 -12.774 -11.149 -11.21 -12.094 -12.792 -13.198 -13.413 -11.153 -12.352 -13.048 -13.317 -13.435 -12.478 -13.065 -13.333 -13.44 -13.508 -13.004 -12.698 -13.177 -13.406 -13.205 -12.853 -12.966
1.035317 -8.006 -7.463 -9.046 -10.81 -11.926 -12.664 -11.005 -11.016 -11.945 -12.684 -13.124 -13.365 -10.955 -12.218 -12.958 -13.253 -13.389 -12.352 -12.977 -13.27 -13.392 -13.469 -12.919 -12.587 -13.1 -13.387 -13.2 -12.859 -12.883
1.066629 -7.841 -7.109 -8.779 -10.588 -11.761 -12.542 -10.848 -10.804 -11.782 -12.564 -13.04 -13.309 -10.739 -12.07 -12.859 -13.18 -13.337 -12.214 -12.878 -13.198 -13.336 -13.425 -12.824 -12.465 -13.014 -13.363 -13.191 -12.863 -12.791
1.098888 -7.681 -6.726 -8.492 -10.346 -11.579 -12.407 -10.679 -10.573 -11.603 -12.432 -12.946 -13.245 -10.503 -11.908 -12.747 -13.098 -13.276 -12.062 -12.769 -13.117 -13.272 -13.373 -12.719 -12.33 -12.918 -13.333 -13.178 -12.862 -12.689
1.132124 -7.528 -6.315 -8.185 -10.083 -11.38 -12.258 -10.496 -10.321 -11.406 -12.285 -12.841 -13.172 -10.245 -11.729 -12.623 -13.005 -13.207 -11.895 -12.647 -13.026 -13.2 -13.313 -12.602 -12.181 -12.811 -13.298 -13.16 -12.859 -12.577
1.166364 -7.38 -5.871 -7.854 -9.794 -11.161 -12.092 -10.297 -10.045 -11.191 -12.123 -12.724 -13.09 -9.964 -11.533 -12.485 -12.901 -13.128 -11.711 -12.511 -12.923 -13.118 -13.244 -12.473 -12.017 -12.691 -13.255 -13.137 -12.851 -12.454
1.20164 -7.24 -5.394 -7.5 -9.48 -10.921 -11.91 -10.083 -9.743 -10.954 -11.943 -12.593 -12.997 -9.656 -11.316 -12.332 -12.785 -13.039 -11.51 -12.361 -12.808 -13.025 -13.166 -12.33 -11.836 -12.557 -13.205 -13.108 -12.838 -12.319
1.237983 -7.105 -4.883 -7.121 -9.135 -10.657 -11.707 -9.85 -9.413 -10.694 -11.745 -12.448 -12.892 -9.319 -11.079 -12.162 -12.654 -12.938 -11.289 -12.194 -12.679 -12.919 -13.078 -12.172 -11.636 -12.409 -13.146 -13.073 -12.821 -12.171
1.275425 -6.975 -4.34 -6.714 -8.758 -10.367 -11.483 -9.597 -9.051 -10.408 -11.525 -12.286 -12.774 -8.949 -10.817 -11.973 -12.508 -12.824 -11.047 -12.008 -12.535 -12.801 -12.977 -11.997 -11.416 -12.244 -13.079 -13.03 -12.799 -12.009
1.313999 -6.847 -3.768 -6.277 -8.345 -10.047 -11.236 -9.324 -8.654 -10.094 -11.282 -12.106 -12.641 -8.544 -10.528 -11.763 -12.344 -12.696 -10.782 -11.803 -12.374 -12.668 -12.864 -11.804 -11.173 -12.06 -13.001 -12.98 -12.77 -11.831
1.35374 -6.719 -3.179 -5.81 -7.891 -9.695 -10.961 -9.026 -8.218 -9.747 -11.013 -11.906 -12.492 -8.098 -10.209 -11.53 -12.161 -12.551 -10.493 -11.575 -12.194 -12.518 -12.736 -11.591 -10.905 -11.856 -12.911 -12.921 -12.735 -11.637
1.394683 -6.59 -2.595 -5.309 -7.392 -9.307 -10.656 -8.703 -7.738 -9.366 -10.714 -11.683 -12.325 -7.608 -9.858 -11.27 -11.957 -12.389 -10.177 -11.322 -11.993 -12.35 -12.592 -11.355 -10.609 -11.628 -12.809 -12.852 -12.693 -11.426
1.436864 -6.456 -2.048 -4.773 -6.842 -8.877 -10.318 -8.351 -7.21 -8.945 -10.383 -11.435 -12.137 -7.067 -9.469 -10.981 -11.728 -12.206 -9.834 -11.041 -11.768 -12.161 -12.43 -11.093 -10.281 -11.376 -12.693 -12.773 -12.643 -11.195
1.480321 -6.316 -1.575 -4.198 -6.236 -8.403 -9.943 -7.969 -6.627 -8.479 -10.016 -11.159 -11.927 -6.471 -9.039 -10.66 -11.472 -12.001 -9.462 -10.731 -11.516 -11.949 -12.248 -10.804 -9.919 -11.094 -12.561 -12.682 -12.583 -10.944
1.525092 -6.167 -1.196 -3.58 -5.567 -7.877 -9.524 -7.553 -5.982 -7.965 -9.607 -10.851 -11.691 -5.811 -8.562 -10.301 -11.186 -11.77 -9.064 -10.386 -11.235 -11.711 -12.043 -10.483 -9.517 -10.781 -12.41 -12.576 -12.514 -10.671
1.571218 -6.007 -0.902 -2.915 -4.826 -7.293 -9.058 -7.1 -5.268 -7.394 -9.152 -10.507 -11.426 -5.08 -8.032 -9.901 -10.865 -11.51 -8.641 -10.004 -10.92 -11.443 -11.813 -10.127 -9.072 -10.431 -12.239 -12.456 -12.433 -10.377
1.618738 -5.834 -0.662 -2.198 -4.003 -6.644 -8.538 -6.607 -4.475 -6.761 -8.645 -10.124 -11.129 -4.269 -7.443 -9.453 -10.504 -11.217 -8.199 -9.581 -10.568 -11.142 -11.554 -9.73 -8.576 -10.04 -12.045 -12.317 -12.34 -10.059
1.667696 -5.646 -0.446 -1.42 -3.089 -5.921 -7.956 -6.072 -3.593 -6.056 -8.078 -9.695 -10.794 -3.366 -6.787 -8.952 -10.099 -10.887 -7.748 -9.114 -10.174 -10.804 -11.262 -9.289 -8.025 -9.604 -11.824 -12.159 -12.231 -9.719
1.718134 -5.441 -0.23 -0.574 -2.07 -5.113 -7.303 -5.495 -2.61 -5.271 -7.444 -9.215 -10.417 -2.358 -6.053 -8.389 -9.643 -10.515 -7.301 -8.602 -9.732 -10.422 -10.935 -8.796 -7.409 -9.114 -11.573 -11.978 -12.107 -9.356
1.770098 -5.216 -0.001 0.351 -0.931 -4.209 -6.57 -4.876 -1.511 -4.394 -6.732 -8.676 -9.993 -1.231 -5.232 -7.756 -9.128 -10.093 -6.871 -8.044 -9.238 -9.993 -10.567 -8.245 -6.721 -8.566 -11.286 -11.77 -11.963 -8.974
1.823633 -4.968 0.247 1.368 0.345 -3.194 -5.744 -4.223 -0.278 -3.413 -5.933 -8.071 -9.513 0.032 -4.311 -7.042 -8.546 -9.615 -6.466 -7.445 -8.685 -9.508 -10.155 -7.627 -5.949 -7.948 -10.959 -11.533 -11.796 -8.573
1.878788 -4.695 0.521 2.49 1.78 -2.053 -4.811 -3.551 1.109 -2.312 -5.032 -7.389 -8.971 1.454 -3.274 -6.236 -7.887 -9.073 -6.085 -6.818 -8.069 -8.962 -9.693 -6.932 -5.082 -7.253 -10.585 -11.26 -11.605 -8.158
1.93561 -4.392 0.823 3.735 3.399 -0.764 -3.755 -2.882 2.673 -1.073 -4.015 -6.619 -8.356 3.058 -2.103 -5.322 -7.138 -8.456 -5.718 -6.181 -7.389 -8.348 -9.177 -6.148 -4.104 -6.467 -10.157 -10.946 -11.383 -7.731
1.994152 -4.056 1.16 5.122 5.23 0.696 -2.555 -2.244 4.444 0.325 -2.863 -5.748 -7.658 4.874 -0.777 -4.284 -6.285 -7.752 -5.347 -5.562 -6.647 -7.661 -8.605 -5.262 -2.997 -5.577 -9.665 -10.584 -11.127 -7.291
2.054463 -3.68 1.536 6.674 7.311 2.355 -1.187 -1.653 6.456 1.908 -1.554 -4.761 -6.862 6.938 0.73 -3.1 -5.31 -6.946 -4.955 -4.979 -5.859 -6.898 -7.978 -4.255 -1.741 -4.566 -9.099 -10.166 -10.83 -6.837
2.116599 -3.258 1.957 8.42 9.683 4.247 0.378 -1.101 8.751 3.706 -0.064 -3.637 -5.955 9.292 2.45 -1.745 -4.193 -6.022 -4.527 -4.428 -5.051 -6.065 -7.3 -3.107 -0.309 -3.413 -8.446 -9.682 -10.485 -6.36
2.180614 -2.783 2.433 10.393 12.401 6.414 2.176 -0.559 11.379 5.756 1.639 -2.354 -4.916 11.989 4.42 -0.189 -2.907 -4.959 -4.049 -3.886 -4.262 -5.181 -6.581 -1.794 1.33 -2.093 -7.689 -9.121 -10.082 -5.85
2.246566 -2.245 2.971 12.635 15.529 8.906 4.248 0.009 14.403 8.104 3.591 -0.885 -3.723 15.09 6.686 1.605 -1.423 -3.731 -3.51 -3.319 -3.512 -4.281 -5.833 -0.284 3.214 -0.577 -6.81 -8.466 -9.61 -5.291
2.314511 -1.631 3.585 15.201 19.145 11.787 6.648 0.633 17.897 10.804 5.837 0.802 -2.35 18.674 9.306 3.683 0.298 -2.308 -2.896 -2.695 -2.784 -3.398 -5.061 1.461 5.391 1.174 -5.783 -7.7 -9.057 -4.667
2.384512 -0.927 4.289 18.157 23.348 15.133 9.441 1.341 21.955 13.924 8.431 2.749 -0.764 22.837 12.35 6.1 2.302 -0.654 -2.192 -1.989 -2.031 -2.533 -4.256 3.486 7.92 3.206 -4.581 -6.802 -8.405 -3.959
2.45663 -0.114 5.101 21.588 28.261 19.041 12.706 2.154 26.694 17.551 11.438 5.005 1.076 27.697 15.904 8.926 4.647 1.278 -1.38 -1.175 -1.202 -1.646 -3.39 5.85 10.873 5.576 -3.166 -5.743 -7.632 -3.145
2.530929 0.83 6.045 25.6 34.035 23.632 16.544 3.098 32.256 21.791 14.941 7.629 3.217 33.401 20.078 12.248 7.405 3.543 -0.436 -0.231 -0.254 -0.675 -2.422 8.626 14.342 8.356 -1.494 -4.489 -6.715 -2.2
2.607475 1.935 7.15 30.33 40.864 29.057 21.082 4.203 38.825 26.778 19.04 10.699 5.721 40.136 25.009 16.177 10.667 6.211 0.669 0.874 0.852 0.437 -1.309 11.905 18.444 11.64 0.494 -2.999 -5.618 -1.095
2.686337 2.429 7.645 30.88 41.446 29.617 21.629 4.698 39.403 27.332 19.58 11.224 6.237 40.717 25.562 16.714 11.195 6.729 1.164 1.368 1.347 0.932 -0.814 12.433 18.984 12.167 1.003 -2.498 -5.124 -0.6
2.767583 2.943 8.159 31.394 41.96 30.131 22.143 5.212 39.917 27.846 20.094 11.738 6.751 41.231 26.076 17.229 11.709 7.243 1.678 1.883 1.861 1.446 -0.3 12.947 19.498 12.682 1.517 -1.984 -4.61 -0.086
2.851287 3.489 8.705 31.94 42.506 30.677 22.689 5.758 40.463 28.391 20.64 12.284 7.297 41.777 26.622 17.774 12.255 7.789 2.224 2.428 2.407 1.992 0.246 13.493 20.044 13.227 2.063 -1.438 -4.064 0.46
2.937522 4.068 9.284 32.519 43.085 31.256 23.268 6.337 41.042 28.971 21.219 12.863 7.876 42.356 27.201 18.354 12.834 8.368 2.803 3.008 2.986 2.571 0.825 14.072 20.623 13.807 2.642 -0.859 -3.485 1.039
3.026365 4.683 9.899 33.134 43.7 31.871 23.883 6.952 41.657 29.585 21.834 13.478 8.491 42.971 27.816 18.968 13.449 8.983 3.418 3.622 3.601 3.186 1.44 14.687 21.238 14.421 3.257 -0.244 -2.87 1.654
3.117896 5.336 10.551 33.786 44.352 32.524 24.535 7.604 42.309 30.238 22.487 14.13 9.143 43.623 28.469 19.621 14.101 9.636 4.07 4.275 4.253 3.838 2.092 15.339 21.891 15.074 3.909 0.408 -2.217 2.306
3.212194 6.028 11.244 34.479 45.045 33.216 25.228 8.297 43.002 30.931 23.179 14.823 9.836 44.316 29.161 20.314 14.794 10.328 4.763 4.968 4.946 4.531 2.785 16.032 22.583 15.767 4.602 1.101 -1.525 2.999
3.309345 6.764 11.979 35.214 45.78 33.952 25.963 9.032 43.737 31.666 23.915 15.558 10.571 45.051 29.897 21.049 15.529 11.063 5.498 5.703 5.681 5.266 3.52 16.767 23.318 16.502 5.337 1.836 -0.79 3.734
3.409434 7.544 12.759 35.994 46.56 34.732 26.744 9.812 44.517 32.446 24.695 16.338 11.351 45.831 30.677 21.829 16.309 11.844 6.278 6.483 6.462 6.046 4.3 17.547 24.099 17.282 6.117 2.617 -0.009 4.514
3.51255 8.372 13.588 36.823 47.389 35.56 27.572 10.64 45.346 33.274 25.523 17.166 12.18 46.66 31.505 22.657 17.137 12.672 7.106 7.311 7.29 6.874 5.129 18.375 24.927 18.11 6.945 3.445 0.819 5.343
3.618785 9.251 14.467 37.702 48.268 36.439 28.451 11.52 46.225 34.153 26.402 18.046 13.059 47.539 32.384 23.536 18.017 13.551 7.986 8.19 8.169 7.753 6.008 19.255 25.806 18.989 7.824 4.324 1.698 6.222
3.728232 10.184 15.4 38.635 49.201 37.372 29.384 12.453 47.158 35.086 27.335 18.979 13.992 48.472 33.317 24.469 18.95 14.484 8.919 9.123 9.102 8.687 6.941 20.188 26.739 19.922 8.758 5.257 2.631 7.155
3.84099 11.175 16.39 39.625 50.191 38.363 30.374 13.443 48.148 36.077 28.325 19.969 14.982 49.462 34.308 25.46 19.94 15.474 9.909 10.114 10.092 9.677 7.931 21.178 27.729 20.913 9.748 6.247 3.621 8.145
3.957158 12.226 17.441 40.676 51.242 39.414 31.425 14.494 49.199 37.128 29.377 21.02 16.033 50.513 35.359 26.511 20.991 16.525 10.96 11.165 11.143 10.728 8.982 22.229 28.781 21.964 10.799 7.298 4.673 9.196
4.07684 13.341 18.557 41.792 52.358 40.529 32.541 15.61 50.315 38.244 30.492 22.136 17.149 51.629 36.474 27.627 22.107 17.641 12.076 12.281 12.259 11.844 10.098 23.345 29.896 23.079 11.915 8.414 5.788 10.312
4.200141 14.526 19.741 42.976 53.542 41.714 33.725 16.794 51.499 39.428 31.677 23.32 18.333 52.813 37.659 28.811 23.291 18.825 13.26 13.465 13.443 13.028 11.282 24.529 31.08 24.264 13.099 9.598 6.972 11.496
4.327172 15.782 20.998 44.233 54.799 42.97 34.982 18.051 52.756 40.685 32.933 24.577 19.59 54.07 38.915 30.068 24.548 20.082 14.517 14.722 14.7 14.285 12.539 25.786 32.337 25.521 14.356 10.855 8.229 12.753
4.458044 17.117 22.332 45.567 56.133 44.305 36.316 19.385 54.09 42.019 34.268 25.911 20.924 55.404 40.25 31.402 25.882 21.416 15.851 16.056 16.034 15.619 13.873 27.12 33.671 26.855 15.69 12.189 9.563 14.087
4.592874 18.533 23.748 46.983 57.549 45.721 37.732 20.801 55.506 43.435 35.684 27.327 22.34 56.82 41.666 32.818 27.298 22.832 17.267 17.472 17.45 17.035 15.289 28.536 35.087 28.271 17.106 13.605 10.979 15.503
4.731783 20.036 25.251 48.486 59.052 47.224 39.235 22.304 57.009 44.938 37.186 28.83 23.843 58.323 43.169 34.321 28.801 24.335 18.77 18.975 18.953 18.538 16.792 30.039 36.59 29.774 18.609 15.108 12.482 17.006
4.874892 21.631 26.846 50.081 60.647 48.819 40.83 23.899 58.604 46.533 38.782 30.425 25.438 59.918 44.764 35.916 30.396 25.931 20.365 20.57 20.548 20.133 18.387 31.634 38.186 31.369 20.204 16.703 14.078 18.601
5.02233 23.324 28.54 51.774 62.341 50.512 42.524 25.592 60.297 48.226 40.475 32.118 27.131 61.611 46.457 37.609 32.089 27.624 22.058 22.263 22.242 21.826 20.08 33.327 39.879 33.062 21.897 18.397 15.771 20.295
5.174227 25.121 30.337 53.572 64.138 52.309 44.321 27.39 62.095 50.023 42.272 33.916 28.929 63.409 48.254 39.406 33.887 29.421 23.856 24.06 24.039 23.623 21.878 35.125 41.676 34.859 23.694 20.194 17.568 22.092
5.330718 27.029 32.244 55.479 66.045 54.217 46.228 29.297 64.002 51.931 44.18 35.823 30.836 65.316 50.162 41.314 35.794 31.328 25.763 25.968 25.946 25.531 23.785 37.032 43.584 36.767 25.602 22.101 19.476 23.999
5.491942 29.053 34.269 57.504 68.07 56.241 48.253 31.322 66.027 53.956 46.204 37.848 32.861 67.341 52.186 43.339 37.819 33.353 27.788 27.992 27.971 27.556 25.81 39.057 45.608 38.791 27.627 24.126 21.5 26.024
