web/models/kne.last_good/kappa_0.5_3.0.v1/22/villar_0.5000_0.3747_3.0000.dat
# %ECSV 1.0
# ---
# datatype:
# - {name: time, datatype: float64}
# - {name: swift_uvot_uvw2, datatype: float64}
# - {name: swift_uvot_uvm2, datatype: float64}
# - {name: swift_uvot_uvw1, datatype: float64}
# - {name: swift_uvot_U, datatype: float64}
# - {name: swift_uvot_B, datatype: float64}
# - {name: swift_uvot_V, datatype: float64}
# - {name: swift_uvot_W, datatype: float64}
# - {name: johnson_U, datatype: float64}
# - {name: johnson_B, datatype: float64}
# - {name: johnson_V, datatype: float64}
# - {name: johnson_R, datatype: float64}
# - {name: johnson_I, datatype: float64}
# - {name: sdss_u, datatype: float64}
# - {name: sdss_g, datatype: float64}
# - {name: sdss_r, datatype: float64}
# - {name: sdss_i, datatype: float64}
# - {name: sdss_z, datatype: float64}
# - {name: PS1_g, datatype: float64}
# - {name: PS1_r, datatype: float64}
# - {name: PS1_i, datatype: float64}
# - {name: PS1_z, datatype: float64}
# - {name: PS1_Y, datatype: float64}
# - {name: PS1_w, datatype: float64}
# - {name: ATLAS_c, datatype: float64}
# - {name: ATLAS_o, datatype: float64}
# - {name: ukirt_J, datatype: float64}
# - {name: ukirt_H, datatype: float64}
# - {name: ukirt_K, datatype: float64}
# - {name: Clear, datatype: float64}
# meta: !!omap
# - comment: [kappa = 3.0, type = villar, mass = 0.5000000000045836, velocity = 0.3746666666666667, theta_obs = 0.0]
# schema: astropy-2.0
time swift_uvot_uvw2 swift_uvot_uvm2 swift_uvot_uvw1 swift_uvot_U swift_uvot_B swift_uvot_V swift_uvot_W johnson_U johnson_B johnson_V johnson_R johnson_I sdss_u sdss_g sdss_r sdss_i sdss_z PS1_g PS1_r PS1_i PS1_z PS1_Y PS1_w ATLAS_c ATLAS_o ukirt_J ukirt_H ukirt_K Clear
[from data line 144]
0.073012 -13.538 -13.682 -13.778 -13.892 -13.797 -13.61 -13.724 -13.884 -13.794 -13.602 -13.346 -13.015 -13.888 -13.741 -13.47 -13.222 -12.965 -13.731 -13.482 -13.235 -13.047 -12.966 -13.483 -13.637 -13.366 -12.409 -11.926 -11.349 -13.517
0.07522 -13.555 -13.703 -13.804 -13.927 -13.836 -13.653 -13.753 -13.92 -13.833 -13.645 -13.392 -13.062 -13.924 -13.782 -13.514 -13.269 -13.014 -13.772 -13.527 -13.282 -13.094 -13.013 -13.527 -13.68 -13.412 -12.459 -11.978 -11.401 -13.56
0.077495 -13.572 -13.725 -13.83 -13.962 -13.876 -13.696 -13.783 -13.956 -13.873 -13.688 -13.438 -13.11 -13.96 -13.823 -13.559 -13.315 -13.062 -13.813 -13.571 -13.328 -13.142 -13.06 -13.571 -13.722 -13.457 -12.509 -12.029 -11.453 -13.604
0.079839 -13.588 -13.746 -13.855 -13.997 -13.915 -13.739 -13.812 -13.991 -13.912 -13.731 -13.483 -13.158 -13.995 -13.863 -13.603 -13.362 -13.11 -13.854 -13.616 -13.375 -13.189 -13.107 -13.614 -13.764 -13.502 -12.559 -12.08 -11.505 -13.647
0.082253 -13.604 -13.766 -13.88 -14.031 -13.954 -13.782 -13.841 -14.026 -13.951 -13.774 -13.528 -13.205 -14.03 -13.904 -13.648 -13.408 -13.157 -13.895 -13.66 -13.421 -13.236 -13.154 -13.658 -13.806 -13.547 -12.609 -12.131 -11.557 -13.689
0.084741 -13.62 -13.786 -13.905 -14.065 -13.993 -13.825 -13.87 -14.061 -13.99 -13.817 -13.574 -13.253 -14.065 -13.944 -13.692 -13.455 -13.205 -13.935 -13.704 -13.467 -13.283 -13.201 -13.701 -13.848 -13.592 -12.659 -12.182 -11.608 -13.732
0.087304 -13.635 -13.806 -13.93 -14.099 -14.032 -13.867 -13.899 -14.096 -14.029 -13.859 -13.619 -13.3 -14.099 -13.984 -13.736 -13.501 -13.253 -13.976 -13.748 -13.513 -13.33 -13.248 -13.745 -13.89 -13.637 -12.709 -12.233 -11.66 -13.775
0.089944 -13.65 -13.825 -13.954 -14.132 -14.071 -13.909 -13.927 -14.13 -14.068 -13.902 -13.664 -13.347 -14.133 -14.024 -13.78 -13.547 -13.3 -14.016 -13.792 -13.559 -13.377 -13.295 -13.788 -13.931 -13.682 -12.758 -12.284 -11.712 -13.817
0.092665 -13.664 -13.843 -13.977 -14.165 -14.109 -13.952 -13.956 -14.164 -14.106 -13.944 -13.709 -13.394 -14.167 -14.063 -13.824 -13.593 -13.348 -14.056 -13.835 -13.604 -13.424 -13.342 -13.831 -13.973 -13.727 -12.808 -12.334 -11.764 -13.859
0.095467 -13.678 -13.862 -14.001 -14.198 -14.147 -13.994 -13.983 -14.198 -14.144 -13.986 -13.753 -13.441 -14.201 -14.103 -13.868 -13.639 -13.395 -14.096 -13.879 -13.65 -13.47 -13.388 -13.874 -14.014 -13.771 -12.858 -12.385 -11.816 -13.901
0.098355 -13.691 -13.879 -14.024 -14.231 -14.185 -14.035 -14.011 -14.232 -14.182 -14.028 -13.798 -13.488 -14.234 -14.142 -13.911 -13.684 -13.443 -14.136 -13.922 -13.696 -13.517 -13.435 -13.916 -14.055 -13.816 -12.907 -12.436 -11.867 -13.943
0.101329 -13.704 -13.897 -14.046 -14.263 -14.223 -14.077 -14.038 -14.265 -14.22 -14.07 -13.842 -13.535 -14.268 -14.181 -13.955 -13.73 -13.49 -14.175 -13.966 -13.741 -13.564 -13.481 -13.959 -14.096 -13.86 -12.957 -12.487 -11.919 -13.985
0.104394 -13.716 -13.914 -14.068 -14.296 -14.26 -14.118 -14.066 -14.298 -14.257 -14.111 -13.887 -13.582 -14.3 -14.22 -13.998 -13.775 -13.537 -14.215 -14.009 -13.786 -13.61 -13.528 -14.001 -14.137 -13.904 -13.006 -12.537 -11.971 -14.027
0.107551 -13.728 -13.93 -14.09 -14.327 -14.297 -14.16 -14.093 -14.331 -14.295 -14.153 -13.931 -13.629 -14.333 -14.259 -14.041 -13.821 -13.584 -14.254 -14.052 -13.832 -13.656 -13.574 -14.044 -14.177 -13.948 -13.055 -12.588 -12.022 -14.068
0.110804 -13.74 -13.946 -14.112 -14.359 -14.334 -14.201 -14.119 -14.363 -14.332 -14.194 -13.975 -13.675 -14.365 -14.297 -14.084 -13.866 -13.631 -14.293 -14.094 -13.877 -13.703 -13.62 -14.086 -14.217 -13.992 -13.105 -12.638 -12.074 -14.11
0.114155 -13.75 -13.961 -14.133 -14.39 -14.371 -14.242 -14.146 -14.396 -14.368 -14.235 -14.019 -13.722 -14.397 -14.335 -14.127 -13.911 -13.678 -14.331 -14.137 -13.922 -13.749 -13.667 -14.128 -14.258 -14.036 -13.154 -12.689 -12.126 -14.151
0.117608 -13.761 -13.976 -14.153 -14.421 -14.408 -14.283 -14.172 -14.427 -14.405 -14.276 -14.063 -13.768 -14.429 -14.373 -14.169 -13.956 -13.724 -14.37 -14.18 -13.967 -13.795 -13.713 -14.17 -14.298 -14.08 -13.203 -12.739 -12.177 -14.192
0.121165 -13.771 -13.991 -14.174 -14.452 -14.444 -14.323 -14.198 -14.459 -14.441 -14.316 -14.106 -13.814 -14.46 -14.411 -14.212 -14.001 -13.771 -14.408 -14.222 -14.011 -13.841 -13.759 -14.211 -14.337 -14.123 -13.252 -12.79 -12.228 -14.232
0.124829 -13.78 -14.004 -14.193 -14.482 -14.48 -14.364 -14.223 -14.49 -14.477 -14.357 -14.15 -13.86 -14.491 -14.449 -14.254 -14.046 -13.817 -14.446 -14.264 -14.056 -13.887 -13.805 -14.253 -14.377 -14.166 -13.301 -12.84 -12.28 -14.273
0.128605 -13.789 -14.018 -14.213 -14.512 -14.516 -14.404 -14.249 -14.521 -14.513 -14.397 -14.193 -13.907 -14.522 -14.486 -14.296 -14.091 -13.864 -14.484 -14.306 -14.1 -13.932 -13.851 -14.294 -14.416 -14.21 -13.35 -12.89 -12.331 -14.314
0.132494 -13.798 -14.031 -14.232 -14.541 -14.552 -14.444 -14.274 -14.552 -14.549 -14.437 -14.236 -13.952 -14.553 -14.523 -14.338 -14.135 -13.91 -14.522 -14.348 -14.145 -13.978 -13.897 -14.335 -14.455 -14.253 -13.399 -12.94 -12.383 -14.354
0.136502 -13.805 -14.043 -14.25 -14.571 -14.587 -14.484 -14.299 -14.582 -14.584 -14.477 -14.28 -13.998 -14.583 -14.56 -14.38 -14.179 -13.956 -14.559 -14.39 -14.189 -14.024 -13.943 -14.376 -14.494 -14.295 -13.447 -12.991 -12.434 -14.394
0.14063 -13.813 -14.055 -14.268 -14.6 -14.622 -14.523 -14.323 -14.612 -14.619 -14.517 -14.322 -14.044 -14.613 -14.597 -14.422 -14.224 -14.002 -14.596 -14.432 -14.233 -14.069 -13.988 -14.417 -14.533 -14.338 -13.496 -13.041 -12.485 -14.434
0.144883 -13.82 -14.066 -14.286 -14.628 -14.657 -14.563 -14.347 -14.642 -14.654 -14.556 -14.365 -14.09 -14.642 -14.633 -14.464 -14.268 -14.048 -14.633 -14.473 -14.277 -14.115 -14.034 -14.457 -14.572 -14.381 -13.545 -13.091 -12.536 -14.474
0.149265 -13.826 -14.077 -14.303 -14.657 -14.691 -14.602 -14.371 -14.671 -14.689 -14.596 -14.408 -14.135 -14.671 -14.67 -14.505 -14.312 -14.094 -14.67 -14.514 -14.321 -14.16 -14.08 -14.498 -14.61 -14.423 -13.593 -13.141 -12.587 -14.513
0.15378 -13.832 -14.087 -14.32 -14.684 -14.726 -14.641 -14.395 -14.7 -14.723 -14.635 -14.45 -14.18 -14.7 -14.706 -14.546 -14.356 -14.14 -14.707 -14.555 -14.365 -14.205 -14.125 -14.538 -14.648 -14.465 -13.642 -13.191 -12.638 -14.553
0.15843 -13.837 -14.097 -14.336 -14.712 -14.76 -14.68 -14.419 -14.729 -14.757 -14.674 -14.493 -14.226 -14.729 -14.741 -14.587 -14.399 -14.186 -14.743 -14.596 -14.408 -14.25 -14.17 -14.578 -14.686 -14.508 -13.69 -13.24 -12.69 -14.592
0.163222 -13.841 -14.106 -14.352 -14.739 -14.793 -14.719 -14.442 -14.758 -14.791 -14.713 -14.535 -14.271 -14.757 -14.777 -14.628 -14.443 -14.231 -14.779 -14.637 -14.452 -14.295 -14.216 -14.618 -14.724 -14.549 -13.738 -13.29 -12.741 -14.631
0.168159 -13.845 -14.114 -14.367 -14.766 -14.827 -14.757 -14.465 -14.786 -14.824 -14.751 -14.577 -14.316 -14.785 -14.812 -14.668 -14.486 -14.277 -14.815 -14.677 -14.495 -14.34 -14.261 -14.658 -14.762 -14.591 -13.787 -13.34 -12.792 -14.67
0.173245 -13.849 -14.122 -14.382 -14.793 -14.86 -14.795 -14.487 -14.813 -14.858 -14.789 -14.619 -14.36 -14.812 -14.847 -14.709 -14.53 -14.322 -14.851 -14.718 -14.538 -14.384 -14.306 -14.697 -14.799 -14.633 -13.835 -13.39 -12.842 -14.709
0.178484 -13.852 -14.13 -14.396 -14.819 -14.893 -14.833 -14.51 -14.841 -14.891 -14.827 -14.66 -14.405 -14.839 -14.882 -14.749 -14.573 -14.367 -14.886 -14.758 -14.581 -14.429 -14.351 -14.737 -14.836 -14.674 -13.883 -13.439 -12.893 -14.747
0.183882 -13.854 -14.136 -14.41 -14.845 -14.925 -14.871 -14.532 -14.867 -14.923 -14.865 -14.702 -14.45 -14.866 -14.916 -14.789 -14.616 -14.412 -14.921 -14.798 -14.624 -14.473 -14.396 -14.776 -14.873 -14.716 -13.931 -13.489 -12.944 -14.785
0.189444 -13.856 -14.143 -14.424 -14.87 -14.958 -14.909 -14.554 -14.894 -14.956 -14.903 -14.743 -14.494 -14.892 -14.95 -14.829 -14.658 -14.457 -14.956 -14.838 -14.667 -14.518 -14.441 -14.815 -14.909 -14.757 -13.979 -13.538 -12.995 -14.823
0.195173 -13.857 -14.148 -14.437 -14.895 -14.99 -14.946 -14.575 -14.92 -14.988 -14.94 -14.784 -14.539 -14.918 -14.984 -14.869 -14.701 -14.502 -14.99 -14.877 -14.709 -14.562 -14.485 -14.854 -14.946 -14.798 -14.026 -13.588 -13.046 -14.861
0.201076 -13.858 -14.153 -14.449 -14.919 -15.021 -14.983 -14.596 -14.946 -15.019 -14.977 -14.825 -14.583 -14.944 -15.018 -14.908 -14.744 -14.546 -15.025 -14.917 -14.752 -14.606 -14.53 -14.892 -14.982 -14.838 -14.074 -13.637 -13.096 -14.899
0.207158 -13.858 -14.157 -14.461 -14.944 -15.053 -15.02 -14.617 -14.971 -15.051 -15.014 -14.866 -14.627 -14.969 -15.051 -14.947 -14.786 -14.591 -15.059 -14.956 -14.794 -14.65 -14.574 -14.93 -15.018 -14.879 -14.122 -13.686 -13.147 -14.936
0.213423 -13.857 -14.161 -14.472 -14.967 -15.084 -15.056 -14.638 -14.997 -15.082 -15.051 -14.906 -14.671 -14.994 -15.084 -14.987 -14.828 -14.635 -15.093 -14.995 -14.836 -14.693 -14.619 -14.969 -15.053 -14.919 -14.169 -13.735 -13.197 -14.974
0.219878 -13.856 -14.164 -14.483 -14.991 -15.115 -15.093 -14.658 -15.021 -15.113 -15.088 -14.947 -14.715 -15.018 -15.117 -15.025 -14.87 -14.679 -15.126 -15.034 -14.878 -14.737 -14.663 -15.007 -15.089 -14.959 -14.217 -13.784 -13.248 -15.011
0.226528 -13.854 -14.166 -14.493 -15.014 -15.145 -15.129 -14.678 -15.045 -15.143 -15.124 -14.987 -14.758 -15.042 -15.149 -15.064 -14.912 -14.724 -15.159 -15.072 -14.92 -14.781 -14.707 -15.044 -15.124 -14.999 -14.264 -13.834 -13.298 -15.047
0.233379 -13.852 -14.168 -14.503 -15.036 -15.175 -15.165 -14.698 -15.069 -15.174 -15.16 -15.027 -14.802 -15.065 -15.181 -15.102 -14.953 -14.768 -15.192 -15.111 -14.961 -14.824 -14.751 -15.082 -15.159 -15.039 -14.311 -13.882 -13.349 -15.084
0.240437 -13.849 -14.169 -14.512 -15.058 -15.205 -15.2 -14.718 -15.093 -15.203 -15.195 -15.067 -14.845 -15.089 -15.213 -15.141 -14.995 -14.811 -15.225 -15.149 -15.003 -14.867 -14.795 -15.119 -15.193 -15.079 -14.358 -13.931 -13.399 -15.12
0.247709 -13.845 -14.169 -14.521 -15.08 -15.234 -15.235 -14.737 -15.116 -15.233 -15.231 -15.107 -14.888 -15.111 -15.245 -15.179 -15.036 -14.855 -15.257 -15.187 -15.044 -14.91 -14.839 -15.156 -15.228 -15.118 -14.405 -13.98 -13.449 -15.157
0.255201 -13.841 -14.169 -14.529 -15.101 -15.263 -15.27 -14.755 -15.138 -15.262 -15.266 -15.146 -14.931 -15.133 -15.276 -15.216 -15.077 -14.899 -15.289 -15.224 -15.085 -14.953 -14.883 -15.193 -15.262 -15.157 -14.452 -14.029 -13.499 -15.192
0.262919 -13.836 -14.168 -14.537 -15.122 -15.292 -15.305 -14.774 -15.16 -15.291 -15.301 -15.185 -14.974 -15.155 -15.307 -15.254 -15.118 -14.942 -15.321 -15.262 -15.126 -14.996 -14.926 -15.229 -15.295 -15.196 -14.499 -14.078 -13.55 -15.228
0.270871 -13.83 -14.166 -14.544 -15.142 -15.32 -15.34 -14.792 -15.182 -15.319 -15.335 -15.224 -15.017 -15.177 -15.337 -15.291 -15.159 -14.985 -15.352 -15.299 -15.167 -15.039 -14.97 -15.266 -15.329 -15.235 -14.546 -14.126 -13.6 -15.264
0.279064 -13.824 -14.163 -14.55 -15.162 -15.348 -15.374 -14.81 -15.203 -15.347 -15.37 -15.263 -15.059 -15.197 -15.368 -15.328 -15.199 -15.028 -15.383 -15.336 -15.207 -15.081 -15.013 -15.302 -15.362 -15.273 -14.592 -14.175 -13.65 -15.299
0.287504 -13.817 -14.16 -14.556 -15.181 -15.376 -15.408 -14.828 -15.224 -15.375 -15.404 -15.301 -15.102 -15.218 -15.398 -15.365 -15.24 -15.071 -15.414 -15.373 -15.247 -15.123 -15.056 -15.338 -15.395 -15.311 -14.639 -14.223 -13.7 -15.334
0.296199 -13.809 -14.156 -14.561 -15.2 -15.403 -15.441 -14.845 -15.244 -15.402 -15.438 -15.34 -15.144 -15.238 -15.427 -15.401 -15.28 -15.114 -15.445 -15.409 -15.288 -15.166 -15.099 -15.373 -15.427 -15.349 -14.685 -14.271 -13.75 -15.368
0.305157 -13.801 -14.151 -14.566 -15.218 -15.43 -15.475 -14.862 -15.264 -15.429 -15.471 -15.378 -15.186 -15.257 -15.456 -15.438 -15.32 -15.156 -15.475 -15.445 -15.327 -15.207 -15.142 -15.409 -15.46 -15.387 -14.731 -14.32 -13.799 -15.403
0.314387 -13.792 -14.146 -14.57 -15.236 -15.457 -15.508 -14.878 -15.283 -15.456 -15.504 -15.416 -15.228 -15.276 -15.485 -15.474 -15.36 -15.199 -15.504 -15.481 -15.367 -15.249 -15.185 -15.444 -15.492 -15.425 -14.778 -14.368 -13.849 -15.437
0.323895 -13.782 -14.14 -14.573 -15.253 -15.483 -15.541 -14.894 -15.302 -15.482 -15.537 -15.453 -15.269 -15.295 -15.514 -15.509 -15.399 -15.241 -15.534 -15.517 -15.407 -15.291 -15.227 -15.478 -15.523 -15.462 -14.824 -14.416 -13.899 -15.471
0.333691 -13.772 -14.132 -14.576 -15.27 -15.508 -15.573 -14.91 -15.321 -15.508 -15.57 -15.491 -15.311 -15.313 -15.542 -15.545 -15.438 -15.283 -15.563 -15.553 -15.446 -15.332 -15.27 -15.513 -15.555 -15.499 -14.87 -14.464 -13.949 -15.504
0.343783 -13.761 -14.125 -14.578 -15.286 -15.534 -15.605 -14.926 -15.338 -15.533 -15.602 -15.528 -15.352 -15.33 -15.569 -15.58 -15.478 -15.325 -15.592 -15.588 -15.485 -15.374 -15.312 -15.547 -15.586 -15.536 -14.915 -14.512 -13.998 -15.538
0.354181 -13.749 -14.116 -14.579 -15.302 -15.559 -15.637 -14.941 -15.356 -15.558 -15.634 -15.565 -15.393 -15.347 -15.597 -15.615 -15.516 -15.367 -15.62 -15.623 -15.524 -15.415 -15.354 -15.581 -15.617 -15.573 -14.961 -14.559 -14.048 -15.571
0.364893 -13.736 -14.106 -14.58 -15.317 -15.583 -15.668 -14.956 -15.373 -15.583 -15.666 -15.602 -15.434 -15.363 -15.624 -15.65 -15.555 -15.408 -15.648 -15.657 -15.563 -15.456 -15.396 -15.615 -15.647 -15.609 -15.007 -14.607 -14.097 -15.604
0.375929 -13.723 -14.096 -14.58 -15.332 -15.607 -15.699 -14.97 -15.389 -15.607 -15.697 -15.638 -15.475 -15.379 -15.65 -15.684 -15.593 -15.449 -15.676 -15.692 -15.601 -15.496 -15.438 -15.649 -15.677 -15.645 -15.052 -14.655 -14.146 -15.636
0.387298 -13.709 -14.085 -14.579 -15.346 -15.631 -15.73 -14.984 -15.405 -15.63 -15.728 -15.674 -15.515 -15.395 -15.677 -15.718 -15.632 -15.49 -15.703 -15.726 -15.639 -15.537 -15.48 -15.682 -15.707 -15.681 -15.097 -14.702 -14.196 -15.669
0.399012 -13.694 -14.073 -14.578 -15.359 -15.654 -15.761 -14.998 -15.42 -15.654 -15.758 -15.71 -15.556 -15.409 -15.702 -15.752 -15.67 -15.531 -15.73 -15.759 -15.677 -15.577 -15.521 -15.715 -15.736 -15.717 -15.142 -14.75 -14.245 -15.701
0.41108 -13.679 -14.06 -14.576 -15.372 -15.676 -15.791 -15.011 -15.434 -15.676 -15.789 -15.746 -15.596 -15.424 -15.728 -15.785 -15.707 -15.572 -15.756 -15.793 -15.715 -15.617 -15.563 -15.747 -15.765 -15.752 -15.187 -14.797 -14.294 -15.732
0.423513 -13.663 -14.046 -14.573 -15.384 -15.698 -15.82 -15.024 -15.448 -15.699 -15.818 -15.781 -15.636 -15.437 -15.753 -15.818 -15.745 -15.613 -15.782 -15.826 -15.752 -15.657 -15.604 -15.78 -15.794 -15.787 -15.232 -14.844 -14.343 -15.764
0.436321 -13.646 -14.031 -14.57 -15.396 -15.72 -15.85 -15.037 -15.462 -15.721 -15.848 -15.816 -15.675 -15.45 -15.777 -15.851 -15.782 -15.653 -15.808 -15.859 -15.79 -15.697 -15.645 -15.812 -15.822 -15.822 -15.277 -14.891 -14.392 -15.795
0.449518 -13.628 -14.015 -14.566 -15.407 -15.741 -15.879 -15.049 -15.475 -15.742 -15.877 -15.851 -15.715 -15.463 -15.801 -15.884 -15.819 -15.693 -15.833 -15.891 -15.826 -15.736 -15.686 -15.843 -15.85 -15.856 -15.322 -14.938 -14.441 -15.825
0.463113 -13.61 -13.999 -14.561 -15.418 -15.762 -15.907 -15.061 -15.487 -15.763 -15.906 -15.885 -15.754 -15.474 -15.825 -15.916 -15.855 -15.733 -15.858 -15.924 -15.863 -15.776 -15.726 -15.875 -15.877 -15.89 -15.366 -14.985 -14.49 -15.856
0.47712 -13.59 -13.981 -14.555 -15.428 -15.782 -15.935 -15.072 -15.499 -15.783 -15.934 -15.919 -15.793 -15.485 -15.848 -15.948 -15.892 -15.773 -15.882 -15.956 -15.9 -15.815 -15.767 -15.906 -15.904 -15.924 -15.41 -15.032 -14.538 -15.886
0.49155 -13.571 -13.962 -14.549 -15.437 -15.802 -15.963 -15.083 -15.51 -15.803 -15.962 -15.953 -15.832 -15.496 -15.871 -15.979 -15.928 -15.812 -15.906 -15.987 -15.936 -15.854 -15.807 -15.936 -15.931 -15.957 -15.454 -15.078 -14.587 -15.916
0.506416 -13.55 -13.943 -14.541 -15.445 -15.821 -15.99 -15.094 -15.52 -15.823 -15.99 -15.987 -15.871 -15.506 -15.893 -16.01 -15.964 -15.851 -15.929 -16.018 -15.972 -15.892 -15.847 -15.967 -15.957 -15.991 -15.498 -15.125 -14.635 -15.945
