web/models/kne.last_good/kappa_1_10/16/villar_0.0275_0.4060_10.0000.dat
# %ECSV 1.0
# ---
# datatype:
# - {name: time, datatype: float64}
# - {name: swift_uvot_uvw2, datatype: float64}
# - {name: swift_uvot_uvm2, datatype: float64}
# - {name: swift_uvot_uvw1, datatype: float64}
# - {name: swift_uvot_U, datatype: float64}
# - {name: swift_uvot_B, datatype: float64}
# - {name: swift_uvot_V, datatype: float64}
# - {name: swift_uvot_W, datatype: float64}
# - {name: johnson_U, datatype: float64}
# - {name: johnson_B, datatype: float64}
# - {name: johnson_V, datatype: float64}
# - {name: johnson_R, datatype: float64}
# - {name: johnson_I, datatype: float64}
# - {name: sdss_u, datatype: float64}
# - {name: sdss_g, datatype: float64}
# - {name: sdss_r, datatype: float64}
# - {name: sdss_i, datatype: float64}
# - {name: sdss_z, datatype: float64}
# - {name: PS1_g, datatype: float64}
# - {name: PS1_r, datatype: float64}
# - {name: PS1_i, datatype: float64}
# - {name: PS1_z, datatype: float64}
# - {name: PS1_Y, datatype: float64}
# - {name: PS1_w, datatype: float64}
# - {name: ATLAS_c, datatype: float64}
# - {name: ATLAS_o, datatype: float64}
# - {name: ukirt_J, datatype: float64}
# - {name: ukirt_H, datatype: float64}
# - {name: ukirt_K, datatype: float64}
# - {name: Clear, datatype: float64}
# meta: !!omap
# - comment: [kappa = 10.0, type = villar, mass = 0.027507471329904786, velocity = 0.406, theta_obs = 0.0]
# schema: astropy-2.0
time swift_uvot_uvw2 swift_uvot_uvm2 swift_uvot_uvw1 swift_uvot_U swift_uvot_B swift_uvot_V swift_uvot_W johnson_U johnson_B johnson_V johnson_R johnson_I sdss_u sdss_g sdss_r sdss_i sdss_z PS1_g PS1_r PS1_i PS1_z PS1_Y PS1_w ATLAS_c ATLAS_o ukirt_J ukirt_H ukirt_K Clear
[from data line 283]
4.592874 -8.712 -5.852 -8.296 -10.353 -12.009 -13.162 -11.262 -10.655 -12.053 -13.206 -13.999 -14.51 -10.549 -12.475 -13.671 -14.229 -14.563 -12.717 -13.708 -14.258 -14.537 -14.724 -13.703 -13.097 -13.955 -14.843 -14.808 -14.588 -13.723
4.731783 -8.671 -5.811 -8.255 -10.312 -11.968 -13.121 -11.221 -10.614 -12.012 -13.165 -13.958 -14.469 -10.508 -12.434 -13.63 -14.188 -14.522 -12.676 -13.667 -14.217 -14.496 -14.683 -13.662 -13.056 -13.914 -14.802 -14.767 -14.547 -13.682
4.874892 -8.626 -5.767 -8.211 -10.268 -11.924 -13.077 -11.177 -10.57 -11.968 -13.121 -13.914 -14.425 -10.463 -12.389 -13.586 -14.144 -14.478 -12.632 -13.623 -14.172 -14.452 -14.639 -13.618 -13.012 -13.869 -14.758 -14.723 -14.502 -13.638
5.02233 -8.579 -5.719 -8.164 -10.221 -11.877 -13.03 -11.13 -10.522 -11.921 -13.073 -13.866 -14.378 -10.416 -12.342 -13.538 -14.096 -14.43 -12.584 -13.576 -14.125 -14.405 -14.591 -13.571 -12.965 -13.822 -14.71 -14.676 -14.455 -13.59
5.174227 -8.528 -5.668 -8.113 -10.17 -11.826 -12.979 -11.079 -10.471 -11.87 -13.022 -13.815 -14.327 -10.365 -12.291 -13.487 -14.045 -14.379 -12.533 -13.525 -14.074 -14.354 -14.54 -13.52 -12.914 -13.771 -14.659 -14.625 -14.404 -13.539
5.330718 -8.473 -5.613 -8.058 -10.115 -11.771 -12.924 -11.024 -10.416 -11.815 -12.968 -13.76 -14.272 -10.31 -12.236 -13.432 -13.991 -14.325 -12.478 -13.47 -14.019 -14.299 -14.486 -13.465 -12.859 -13.716 -14.605 -14.57 -14.349 -13.484
5.491942 -8.415 -5.555 -7.999 -10.057 -11.713 -12.865 -10.965 -10.358 -11.756 -12.909 -13.702 -14.213 -10.252 -12.178 -13.374 -13.932 -14.266 -12.42 -13.411 -13.961 -14.24 -14.427 -13.407 -12.8 -13.658 -14.546 -14.511 -14.291 -13.426
5.658042 -8.352 -5.492 -7.936 -9.994 -11.65 -12.803 -10.903 -10.295 -11.694 -12.846 -13.639 -14.151 -10.189 -12.115 -13.311 -13.869 -14.203 -12.357 -13.348 -13.898 -14.178 -14.364 -13.344 -12.738 -13.595 -14.483 -14.449 -14.228 -13.363
5.829166 -8.285 -5.425 -7.869 -9.927 -11.583 -12.735 -10.836 -10.228 -11.626 -12.779 -13.572 -14.083 -10.122 -12.048 -13.244 -13.802 -14.136 -12.29 -13.281 -13.831 -14.111 -14.297 -13.277 -12.67 -13.528 -14.416 -14.381 -14.161 -13.296
6.005465 -8.213 -5.353 -7.797 -9.855 -11.511 -12.664 -10.764 -10.156 -11.555 -12.707 -13.5 -14.012 -10.05 -11.976 -13.172 -13.73 -14.064 -12.218 -13.209 -13.759 -14.039 -14.225 -13.205 -12.599 -13.456 -14.344 -14.31 -14.089 -13.224
6.187096 -8.136 -5.276 -7.721 -9.778 -11.434 -12.587 -10.687 -10.079 -11.478 -12.631 -13.423 -13.935 -9.973 -11.899 -13.095 -13.653 -13.988 -12.141 -13.133 -13.682 -13.962 -14.148 -13.128 -12.522 -13.379 -14.267 -14.233 -14.012 -13.147
6.37422 -8.054 -5.194 -7.639 -9.696 -11.352 -12.505 -10.605 -9.997 -11.396 -12.549 -13.341 -13.853 -9.891 -11.817 -13.013 -13.571 -13.906 -12.059 -13.051 -13.6 -13.88 -14.066 -13.046 -12.44 -13.297 -14.185 -14.151 -13.93 -13.065
6.567004 -7.967 -5.107 -7.551 -9.609 -11.265 -12.417 -10.518 -9.91 -11.308 -12.461 -13.254 -13.766 -9.804 -11.73 -12.926 -13.484 -13.818 -11.972 -12.963 -13.513 -13.793 -13.979 -12.959 -12.352 -13.21 -14.098 -14.063 -13.843 -12.978
6.765619 -7.874 -5.014 -7.458 -9.515 -11.172 -12.324 -10.424 -9.817 -11.215 -12.368 -13.161 -13.672 -9.711 -11.637 -12.833 -13.391 -13.725 -11.879 -12.87 -13.42 -13.699 -13.886 -12.865 -12.259 -13.117 -14.005 -13.97 -13.75 -12.885
6.97024 -7.774 -4.914 -7.359 -9.416 -11.072 -12.225 -10.325 -9.717 -11.116 -12.269 -13.061 -13.573 -9.611 -11.537 -12.733 -13.292 -13.626 -11.779 -12.771 -13.32 -13.6 -13.786 -12.766 -12.16 -13.017 -13.906 -13.871 -13.65 -12.785
7.181051 -7.668 -4.809 -7.253 -9.31 -10.966 -12.119 -10.219 -9.612 -11.01 -12.163 -12.956 -13.467 -9.505 -11.431 -12.628 -13.186 -13.52 -11.674 -12.665 -13.214 -13.494 -13.681 -12.66 -12.054 -12.911 -13.8 -13.765 -13.544 -12.68
7.398237 -7.556 -4.696 -7.14 -9.198 -10.854 -12.006 -10.107 -9.499 -10.897 -12.05 -12.843 -13.354 -9.393 -11.319 -12.515 -13.073 -13.407 -11.561 -12.552 -13.102 -13.382 -13.568 -12.548 -11.941 -12.799 -13.687 -13.652 -13.432 -12.567
7.621991 -7.436 -4.576 -7.02 -9.078 -10.734 -11.886 -9.987 -9.379 -10.778 -11.93 -12.723 -13.235 -9.273 -11.199 -12.395 -12.953 -13.287 -11.441 -12.432 -12.982 -13.262 -13.448 -12.428 -11.822 -12.679 -13.567 -13.533 -13.312 -12.447
7.852513 -7.308 -4.448 -6.893 -8.95 -10.606 -11.759 -9.859 -9.251 -10.65 -11.803 -12.595 -13.107 -9.145 -11.071 -12.267 -12.826 -13.16 -11.313 -12.305 -12.854 -13.134 -13.32 -12.3 -11.694 -12.551 -13.439 -13.405 -13.184 -12.319
8.090007 -7.173 -4.313 -6.757 -8.814 -10.47 -11.623 -9.723 -9.116 -10.514 -11.667 -12.46 -12.971 -9.009 -10.936 -12.132 -12.69 -13.024 -11.178 -12.169 -12.718 -12.998 -13.185 -12.164 -11.558 -12.416 -13.304 -13.269 -13.049 -12.184
8.334684 -7.028 -4.168 -6.613 -8.67 -10.326 -11.479 -9.579 -8.971 -10.37 -11.523 -12.315 -12.827 -8.865 -10.791 -11.987 -12.545 -12.88 -11.033 -12.025 -12.574 -12.854 -13.04 -12.02 -11.414 -12.271 -13.159 -13.125 -12.904 -12.039
8.586761 -6.875 -4.015 -6.459 -8.517 -10.173 -11.325 -9.426 -8.818 -10.216 -11.369 -12.162 -12.673 -8.712 -10.638 -11.834 -12.392 -12.726 -10.88 -11.871 -12.421 -12.701 -12.887 -11.867 -11.26 -12.118 -13.006 -12.971 -12.751 -11.886
8.846461 -6.712 -3.852 -6.296 -8.354 -10.01 -11.162 -9.263 -8.655 -10.053 -11.206 -11.999 -12.51 -8.549 -10.475 -11.671 -12.229 -12.563 -10.717 -11.708 -12.258 -12.538 -12.724 -11.704 -11.097 -11.955 -12.843 -12.808 -12.588 -11.723
9.114017 -6.538 -3.679 -6.123 -8.18 -9.836 -10.989 -9.089 -8.482 -9.88 -11.033 -11.826 -12.337 -8.375 -10.301 -11.498 -12.056 -12.39 -10.544 -11.535 -12.084 -12.364 -12.551 -11.53 -10.924 -11.781 -12.67 -12.635 -12.414 -11.55
9.389664 -6.354 -3.494 -5.939 -7.996 -9.652 -10.805 -8.905 -8.298 -9.696 -10.849 -11.642 -12.153 -8.191 -10.117 -11.314 -11.872 -12.206 -10.359 -11.351 -11.9 -12.18 -12.367 -11.346 -10.74 -11.597 -12.486 -12.451 -12.23 -11.365
9.673648 -6.159 -3.299 -5.743 -7.801 -9.457 -10.609 -8.71 -8.102 -9.501 -10.653 -11.446 -11.958 -7.996 -9.922 -11.118 -11.676 -12.01 -10.164 -11.155 -11.705 -11.985 -12.171 -11.151 -10.545 -11.402 -12.29 -12.256 -12.035 -11.17
9.966221 -5.951 -3.091 -5.536 -7.593 -9.249 -10.402 -8.502 -7.894 -9.293 -10.446 -11.238 -11.75 -7.788 -9.714 -10.91 -11.468 -11.803 -9.956 -10.948 -11.497 -11.777 -11.963 -10.943 -10.337 -11.194 -12.082 -12.048 -11.827 -10.962
10.267642 -5.731 -2.871 -5.315 -7.373 -9.029 -10.181 -8.281 -7.674 -9.072 -10.225 -11.018 -11.529 -7.568 -9.494 -10.69 -11.248 -11.582 -9.736 -10.727 -11.277 -11.556 -11.743 -10.723 -10.116 -10.974 -11.862 -11.827 -11.607 -10.742
10.57818 -5.497 -2.637 -5.081 -7.138 -8.794 -9.947 -8.047 -7.44 -8.838 -9.991 -10.784 -11.295 -7.333 -9.26 -10.456 -11.014 -11.348 -9.502 -10.493 -11.042 -11.322 -11.509 -10.488 -9.882 -10.739 -11.628 -11.593 -11.372 -10.508
10.89811 -5.248 -2.388 -4.832 -6.89 -8.546 -9.699 -7.799 -7.191 -8.59 -9.742 -10.535 -11.047 -7.085 -9.011 -10.207 -10.765 -11.099 -9.253 -10.244 -10.794 -11.074 -11.26 -10.24 -9.634 -10.491 -11.379 -11.345 -11.124 -10.259
11.227716 -4.984 -2.124 -4.569 -6.626 -8.282 -9.435 -7.535 -6.927 -8.326 -9.478 -10.271 -10.783 -6.821 -8.747 -9.943 -10.501 -10.835 -8.989 -9.981 -10.53 -10.81 -10.996 -9.976 -9.37 -10.227 -11.115 -11.081 -10.86 -9.995
11.56729 -4.704 -1.844 -4.288 -6.346 -8.002 -9.154 -7.255 -6.647 -8.045 -9.198 -9.991 -10.502 -6.541 -8.467 -9.663 -10.221 -10.555 -8.709 -9.7 -10.25 -10.53 -10.716 -9.696 -9.089 -9.947 -10.835 -10.8 -10.58 -9.715
11.917135 -4.406 -1.546 -3.991 -6.048 -7.704 -8.857 -6.957 -6.349 -7.748 -8.901 -9.693 -10.205 -6.243 -8.169 -9.365 -9.924 -10.258 -8.411 -9.403 -9.952 -10.232 -10.418 -9.398 -8.792 -9.649 -10.537 -10.503 -10.282 -9.417
12.277561 -4.091 -1.231 -3.675 -5.732 -7.388 -8.541 -6.641 -6.034 -7.432 -8.585 -9.378 -9.889 -5.927 -7.854 -9.05 -9.608 -9.942 -8.096 -9.087 -9.636 -9.916 -10.103 -9.082 -8.476 -9.333 -10.222 -10.187 -9.966 -9.102
12.648887 -3.755 -0.895 -3.34 -5.397 -7.053 -8.206 -6.306 -5.698 -7.097 -8.25 -9.042 -9.554 -5.592 -7.518 -8.714 -9.273 -9.607 -7.76 -8.752 -9.301 -9.581 -9.768 -8.747 -8.141 -8.998 -9.887 -9.852 -9.631 -8.766
13.031444 -3.4 -0.54 -2.984 -5.041 -6.697 -7.85 -5.95 -5.343 -6.741 -7.894 -8.687 -9.198 -5.236 -7.163 -8.359 -8.917 -9.251 -7.405 -8.396 -8.945 -9.225 -9.412 -8.391 -7.785 -8.643 -9.531 -9.496 -9.276 -8.411
13.425571 -3.022 -0.162 -2.606 -4.664 -6.32 -7.473 -5.573 -4.965 -6.364 -7.516 -8.309 -8.821 -4.859 -6.785 -7.981 -8.539 -8.873 -7.027 -8.018 -8.568 -8.848 -9.034 -8.014 -7.408 -8.265 -9.153 -9.119 -8.898 -8.033
13.831619 -2.621 0.239 -2.206 -4.263 -5.919 -7.072 -5.172 -4.564 -5.963 -7.116 -7.908 -8.42 -4.458 -6.384 -7.58 -8.138 -8.472 -6.626 -7.618 -8.167 -8.447 -8.633 -7.613 -7.007 -7.864 -8.752 -8.718 -8.497 -7.632
14.249947 -2.196 0.664 -1.78 -3.837 -5.494 -6.646 -4.746 -4.139 -5.537 -6.69 -7.483 -7.994 -4.033 -5.959 -7.155 -7.713 -8.047 -6.201 -7.192 -7.742 -8.021 -8.208 -7.187 -6.581 -7.439 -8.327 -8.292 -8.072 -7.207
14.680926 -1.744 1.116 -1.329 -3.386 -5.042 -6.195 -4.295 -3.687 -5.086 -6.238 -7.031 -7.543 -3.581 -5.507 -6.703 -7.261 -7.595 -5.749 -6.741 -7.29 -7.57 -7.756 -6.736 -6.13 -6.987 -7.875 -7.841 -7.62 -6.755
15.124941 -1.265 1.595 -0.849 -2.907 -4.563 -5.715 -3.816 -3.208 -4.606 -5.759 -6.552 -7.063 -3.102 -5.028 -6.224 -6.782 -7.116 -5.27 -6.261 -6.811 -7.091 -7.277 -6.257 -5.65 -6.508 -7.396 -7.361 -7.141 -6.276
15.582385 -0.756 2.104 -0.341 -2.398 -4.054 -5.207 -3.307 -2.699 -4.098 -5.25 -6.043 -6.555 -2.593 -4.519 -5.715 -6.273 -6.607 -4.761 -5.753 -6.302 -6.582 -6.768 -5.748 -5.142 -5.999 -6.887 -6.853 -6.632 -5.767
16.053663 -0.216 2.644 0.199 -1.858 -3.514 -4.667 -2.767 -2.159 -3.558 -4.71 -5.503 -6.015 -2.053 -3.979 -5.175 -5.733 -6.067 -4.221 -5.213 -5.762 -6.042 -6.228 -5.208 -4.602 -5.459 -6.347 -6.313 -6.092 -5.227
16.539195 0.357 3.217 0.773 -1.285 -2.941 -4.093 -2.194 -1.586 -2.984 -4.137 -4.93 -5.441 -1.48 -3.406 -4.602 -5.16 -5.494 -3.648 -4.639 -5.189 -5.469 -5.655 -4.635 -4.028 -4.886 -5.774 -5.739 -5.519 -4.654
17.039412 0.966 3.825 1.381 -0.676 -2.332 -3.485 -1.585 -0.978 -2.376 -3.529 -4.322 -4.833 -0.871 -2.797 -3.994 -4.552 -4.886 -3.04 -4.031 -4.58 -4.86 -5.047 -4.026 -3.42 -4.277 -5.166 -5.131 -4.91 -4.046
17.554757 1.611 4.471 2.027 -0.031 -1.687 -2.839 -0.94 -0.332 -1.73 -2.883 -3.676 -4.187 -0.226 -2.152 -3.348 -3.906 -4.24 -2.394 -3.385 -3.935 -4.215 -4.401 -3.381 -2.774 -3.632 -4.52 -4.485 -4.265 -3.4
18.085689 2.297 5.157 2.712 0.655 -1.001 -2.154 -0.254 0.354 -1.045 -2.198 -2.991 -3.502 0.46 -1.466 -2.663 -3.221 -3.555 -1.708 -2.7 -3.249 -3.529 -3.716 -2.695 -2.089 -2.946 -3.835 -3.8 -3.579 -2.714
18.632678 3.024 5.884 3.439 1.382 -0.274 -1.427 0.473 1.081 -0.318 -1.47 -2.263 -2.775 1.187 -0.739 -1.935 -2.493 -2.827 -0.981 -1.973 -2.522 -2.802 -2.988 -1.968 -1.362 -2.219 -3.107 -3.073 -2.852 -1.987
19.196211 3.796 6.656 4.212 2.154 0.498 -0.654 1.245 1.853 0.455 -0.698 -1.491 -2.003 1.959 0.033 -1.163 -1.721 -2.055 -0.209 -1.2 -1.75 -2.03 -2.216 -1.196 -0.59 -1.447 -2.335 -2.301 -2.08 -1.215
19.776787 4.616 7.476 5.031 2.974 1.318 0.165 2.065 2.673 1.274 0.121 -0.671 -1.183 2.779 0.853 -0.343 -0.902 -1.236 0.611 -0.381 -0.93 -1.21 -1.397 -0.376 0.23 -0.627 -1.516 -1.481 -1.26 -0.395
20.374923 5.486 8.345 5.901 3.844 2.188 1.035 2.935 3.542 2.144 0.991 0.198 -0.313 3.649 1.723 0.526 -0.032 -0.366 1.48 0.489 -0.06 -0.34 -0.527 0.494 1.1 0.243 -0.646 -0.611 -0.39 0.474
20.991149 6.409 9.269 6.824 4.767 3.111 1.958 3.858 4.466 3.067 1.914 1.122 0.61 4.572 2.646 1.45 0.892 0.557 2.404 1.412 0.863 0.583 0.397 1.417 2.023 1.166 0.278 0.312 0.533 1.398
21.626011 7.389 10.249 7.804 5.747 4.091 2.938 4.838 5.446 4.047 2.894 2.102 1.59 5.552 3.626 2.43 1.871 1.537 3.384 2.392 1.843 1.563 1.377 2.397 3.003 2.146 1.257 1.292 1.513 2.378
22.280075 8.429 11.289 8.844 6.787 5.131 3.978 5.878 6.486 5.087 3.934 3.142 2.63 6.592 4.666 3.47 2.912 2.577 4.424 3.432 2.883 2.603 2.417 3.437 4.043 3.186 2.298 2.332 2.553 3.418
22.953921 9.533 12.393 9.948 7.891 6.235 5.082 6.982 7.59 6.191 5.038 4.246 3.734 7.696 5.77 4.574 4.016 3.681 5.528 4.536 3.987 3.707 3.521 4.541 5.147 4.29 3.402 3.436 3.657 4.522
23.648147 10.705 13.564 11.12 9.063 7.407 6.254 8.154 8.761 7.363 6.21 5.417 4.906 8.868 6.942 5.745 5.187 4.853 6.699 5.708 5.159 4.879 4.692 5.713 6.319 5.462 4.573 4.608 4.829 5.693
24.363369 11.948 14.808 12.364 10.306 8.65 7.498 9.397 10.005 8.607 7.454 6.661 6.15 10.111 8.185 6.989 6.431 6.097 7.943 6.952 6.402 6.122 5.936 6.956 7.563 6.705 5.817 5.852 6.072 6.937
25.100222 13.268 16.128 13.684 11.626 9.97 8.818 10.718 11.325 9.927 8.774 7.981 7.47 11.431 9.505 8.309 7.751 7.417 9.263 8.272 7.722 7.443 7.256 8.277 8.883 8.025 7.137 7.172 7.392 8.257
25.859362 14.669 17.529 15.085 13.028 11.372 10.219 12.119 12.726 11.328 10.175 9.382 8.871 12.833 10.906 9.71 9.152 8.818 10.664 9.673 9.124 8.844 8.657 9.678 10.284 9.427 8.538 8.573 8.794 9.658
26.64146 16.157 19.017 16.572 14.515 12.859 11.706 13.606 14.214 12.815 11.662 10.87 10.358 14.32 12.394 11.198 10.639 10.305 12.152 11.16 10.611 10.331 10.144 11.165 11.771 10.914 10.025 10.06 10.281 11.146
27.447213 17.735 20.595 18.151 16.093 14.437 13.285 15.184 15.792 14.394 13.241 12.448 11.936 15.898 13.972 12.776 12.218 11.884 13.73 12.739 12.189 11.909 11.723 12.743 13.349 12.492 11.604 11.638 11.859 12.724
28.277335 19.411 22.271 19.826 17.769 16.113 14.96 16.86 17.467 16.069 14.916 14.123 13.612 17.574 15.648 14.451 13.893 13.559 15.405 14.414 13.865 13.585 13.398 14.419 15.025 14.168 13.279 13.314 13.535 14.4
29.132564 21.189 24.049 21.604 19.547 17.891 16.738 18.638 19.246 17.847 16.694 15.902 15.39 19.352 17.426 16.23 15.672 15.338 17.184 16.192 15.643 15.363 15.177 16.197 16.803 15.946 15.058 15.092 15.313 16.178
30.013659 23.076 25.936 23.492 21.435 19.778 18.626 20.526 21.133 19.735 18.582 17.789 17.278 21.239 19.313 18.117 17.559 17.225 19.071 18.08 17.53 17.251 17.064 18.085 18.691 17.833 16.945 16.98 17.2 18.065
30.921401 25.08 27.94 25.495 23.438 21.782 20.629 22.529 23.137 21.738 20.585 19.793 19.281 23.243 21.317 20.121 19.563 19.228 21.075 20.083 19.534 19.254 19.068 20.088 20.694 19.837 18.949 18.983 19.204 20.069
31.856598 27.206 30.066 27.622 25.564 23.908 22.756 24.655 25.263 23.864 22.712 21.919 21.407 25.369 23.443 22.247 21.689 21.355 23.201 22.21 21.66 21.38 21.194 22.214 22.82 21.963 21.075 21.109 21.33 22.195
32.820079 29.463 32.323 29.879 27.821 26.165 25.012 26.912 27.52 26.121 24.969 24.176 23.664 27.626 25.7 24.504 23.946 23.612 25.458 24.467 23.917 23.637 23.451 24.471 25.077 24.22 23.332 23.366 23.587 24.452
33.8127 31.859 34.719 32.274 30.217 28.561 27.408 29.308 29.916 28.517 27.364 26.572 26.06 30.022 28.096 26.9 26.341 26.007 27.854 26.862 26.313 26.033 25.846 26.867 27.473 26.616 25.727 25.762 25.983 26.848
34.835342 34.401 37.261 34.817 32.759 31.103 29.951 31.851 32.458 31.06 29.907 29.114 28.603 32.564 30.638 29.442 28.884 28.55 30.396 29.405 28.855 28.576 28.389 29.409 30.016 29.158 28.27 28.305 28.525 29.39
35.888913 37.1 39.96 37.516 35.458 33.802 32.649 34.549 35.157 33.758 32.606 31.813 31.301 35.263 33.337 32.141 31.583 31.249 33.095 32.104 31.554 31.274 31.088 32.108 32.714 31.857 30.969 31.003 31.224 32.089
36.974349 39.965 42.825 40.38 38.323 36.667 35.514 37.414 38.021 36.623 35.47 34.677 34.166 38.128 36.202 35.005 34.447 34.113 35.959 34.968 34.419 34.139 33.952 34.973 35.579 34.722 33.833 33.868 34.089 34.954
38.092613 43.005 45.865 43.42 41.363 39.707 38.554 40.454 41.062 39.663 38.511 37.718 37.206 41.168 39.242 38.046 37.488 37.154 39.0 38.008 37.459 37.179 36.993 38.013 38.619 37.762 36.874 36.908 37.129 37.994
39.244698 46.232 49.092 46.647 44.59 42.934 41.781 43.681 44.289 42.89 41.738 40.945 40.433 44.395 42.469 41.273 40.715 40.381 42.227 41.235 40.686 40.406 40.22 41.24 41.846 40.989 40.101 40.135 40.356 41.221
