web/models/kne.last_good/kappa_1_10/16/villar_0.2686_0.4217_10.0000.dat
# %ECSV 1.0
# ---
# datatype:
# - {name: time, datatype: float64}
# - {name: swift_uvot_uvw2, datatype: float64}
# - {name: swift_uvot_uvm2, datatype: float64}
# - {name: swift_uvot_uvw1, datatype: float64}
# - {name: swift_uvot_U, datatype: float64}
# - {name: swift_uvot_B, datatype: float64}
# - {name: swift_uvot_V, datatype: float64}
# - {name: swift_uvot_W, datatype: float64}
# - {name: johnson_U, datatype: float64}
# - {name: johnson_B, datatype: float64}
# - {name: johnson_V, datatype: float64}
# - {name: johnson_R, datatype: float64}
# - {name: johnson_I, datatype: float64}
# - {name: sdss_u, datatype: float64}
# - {name: sdss_g, datatype: float64}
# - {name: sdss_r, datatype: float64}
# - {name: sdss_i, datatype: float64}
# - {name: sdss_z, datatype: float64}
# - {name: PS1_g, datatype: float64}
# - {name: PS1_r, datatype: float64}
# - {name: PS1_i, datatype: float64}
# - {name: PS1_z, datatype: float64}
# - {name: PS1_Y, datatype: float64}
# - {name: PS1_w, datatype: float64}
# - {name: ATLAS_c, datatype: float64}
# - {name: ATLAS_o, datatype: float64}
# - {name: ukirt_J, datatype: float64}
# - {name: ukirt_H, datatype: float64}
# - {name: ukirt_K, datatype: float64}
# - {name: Clear, datatype: float64}
# meta: !!omap
# - comment: [kappa = 10.0, type = villar, mass = 0.2685795883840597, velocity = 0.4216666666666667, theta_obs = 0.0]
# schema: astropy-2.0
time swift_uvot_uvw2 swift_uvot_uvm2 swift_uvot_uvw1 swift_uvot_U swift_uvot_B swift_uvot_V swift_uvot_W johnson_U johnson_B johnson_V johnson_R johnson_I sdss_u sdss_g sdss_r sdss_i sdss_z PS1_g PS1_r PS1_i PS1_z PS1_Y PS1_w ATLAS_c ATLAS_o ukirt_J ukirt_H ukirt_K Clear
0.001 nan nan nan nan nan nan nan nan nan nan nan nan nan nan nan nan nan nan nan nan nan nan nan nan nan nan nan nan nan
0.00103 -5.297 -5.368 -5.396 -5.371 -5.204 -4.964 -5.294 -5.351 -5.2 -4.955 -4.662 -4.298 -5.357 -5.13 -4.8 -4.522 -4.244 -5.115 -4.816 -4.54 -4.339 -4.267 -4.825 -5.002 -4.684 -3.657 -3.157 -2.566 -4.871
0.001061 -6.015 -6.017 -5.992 -5.851 -5.626 -5.343 -5.862 -5.821 -5.623 -5.334 -5.012 -4.621 -5.828 -5.538 -5.16 -4.859 -4.563 -5.521 -5.182 -4.884 -4.675 -4.618 -5.197 -5.391 -5.035 -3.951 -3.438 -2.835 -5.253
0.001094 -6.407 -6.373 -6.324 -6.127 -5.875 -5.572 -6.185 -6.092 -5.872 -5.562 -5.226 -4.822 -6.1 -5.78 -5.38 -5.067 -4.763 -5.763 -5.405 -5.097 -4.886 -4.841 -5.422 -5.624 -5.25 -4.138 -3.619 -3.011 -5.482
0.001127 -6.679 -6.622 -6.558 -6.326 -6.058 -5.742 -6.414 -6.289 -6.055 -5.732 -5.387 -4.977 -6.297 -5.958 -5.545 -5.225 -4.916 -5.942 -5.573 -5.259 -5.047 -5.012 -5.59 -5.797 -5.413 -4.284 -3.761 -3.149 -5.654
0.001161 -6.89 -6.816 -6.742 -6.486 -6.207 -5.882 -6.595 -6.447 -6.203 -5.872 -5.522 -5.105 -6.455 -6.104 -5.681 -5.356 -5.044 -6.088 -5.711 -5.394 -5.181 -5.154 -5.729 -5.939 -5.547 -4.407 -3.881 -3.267 -5.795
0.001196 -7.063 -6.976 -6.896 -6.623 -6.335 -6.004 -6.747 -6.581 -6.331 -5.994 -5.639 -5.219 -6.59 -6.23 -5.8 -5.472 -5.157 -6.214 -5.832 -5.512 -5.299 -5.279 -5.85 -6.062 -5.665 -4.516 -3.988 -3.372 -5.917
0.001232 -7.212 -7.115 -7.029 -6.742 -6.448 -6.113 -6.879 -6.7 -6.445 -6.103 -5.745 -5.322 -6.709 -6.342 -5.907 -5.576 -5.259 -6.327 -5.94 -5.618 -5.406 -5.391 -5.958 -6.172 -5.771 -4.616 -4.086 -3.469 -6.026
0.001269 -7.343 -7.238 -7.148 -6.851 -6.552 -6.213 -6.997 -6.808 -6.548 -6.203 -5.842 -5.417 -6.817 -6.445 -6.005 -5.672 -5.354 -6.43 -6.04 -5.716 -5.504 -5.494 -6.057 -6.273 -5.868 -4.708 -4.177 -3.559 -6.126
0.001308 -7.461 -7.35 -7.256 -6.951 -6.648 -6.306 -7.105 -6.907 -6.644 -6.296 -5.933 -5.506 -6.916 -6.54 -6.097 -5.762 -5.443 -6.526 -6.133 -5.808 -5.596 -5.59 -6.15 -6.367 -5.96 -4.796 -4.264 -3.645 -6.22
0.001347 -7.57 -7.452 -7.356 -7.044 -6.739 -6.394 -7.204 -7.0 -6.735 -6.384 -6.019 -5.591 -7.009 -6.629 -6.184 -5.848 -5.528 -6.615 -6.221 -5.895 -5.684 -5.68 -6.238 -6.456 -6.046 -4.879 -4.346 -3.726 -6.308
0.001388 -7.67 -7.548 -7.45 -7.133 -6.824 -6.478 -7.297 -7.088 -6.82 -6.467 -6.102 -5.672 -7.097 -6.714 -6.267 -5.93 -5.609 -6.701 -6.304 -5.977 -5.767 -5.766 -6.321 -6.54 -6.129 -4.959 -4.425 -3.805 -6.392
0.00143 -7.763 -7.638 -7.538 -7.216 -6.906 -6.558 -7.385 -7.171 -6.902 -6.548 -6.181 -5.75 -7.18 -6.795 -6.346 -6.008 -5.687 -6.782 -6.385 -6.057 -5.846 -5.848 -6.401 -6.62 -6.208 -5.036 -4.502 -3.881 -6.472
0.001473 -7.851 -7.723 -7.622 -7.297 -6.985 -6.635 -7.469 -7.251 -6.981 -6.625 -6.258 -5.826 -7.26 -6.874 -6.423 -6.085 -5.762 -6.861 -6.462 -6.134 -5.923 -5.927 -6.478 -6.698 -6.284 -5.111 -4.576 -3.955 -6.55
0.001518 -7.935 -7.804 -7.702 -7.374 -7.06 -6.71 -7.549 -7.328 -7.057 -6.7 -6.332 -5.899 -7.337 -6.949 -6.498 -6.158 -5.836 -6.936 -6.537 -6.208 -5.998 -6.003 -6.553 -6.773 -6.359 -5.184 -4.649 -4.028 -6.625
0.001564 -8.015 -7.882 -7.779 -7.449 -7.134 -6.783 -7.626 -7.403 -7.13 -6.773 -6.404 -5.971 -7.412 -7.023 -6.57 -6.231 -5.907 -7.01 -6.61 -6.281 -6.071 -6.077 -6.626 -6.846 -6.431 -5.255 -4.72 -4.098 -6.698
0.001611 -8.091 -7.957 -7.853 -7.521 -7.206 -6.854 -7.7 -7.475 -7.202 -6.844 -6.475 -6.042 -7.484 -7.094 -6.641 -6.301 -5.978 -7.082 -6.681 -6.352 -6.142 -6.149 -6.697 -6.917 -6.502 -5.325 -4.789 -4.168 -6.769
0.00166 -8.165 -8.03 -7.925 -7.592 -7.276 -6.924 -7.772 -7.546 -7.272 -6.913 -6.544 -6.11 -7.555 -7.164 -6.71 -6.37 -6.046 -7.151 -6.75 -6.421 -6.211 -6.219 -6.766 -6.987 -6.571 -5.393 -4.858 -4.236 -6.838
0.00171 -8.236 -8.1 -7.995 -7.661 -7.344 -6.992 -7.842 -7.614 -7.34 -6.981 -6.612 -6.178 -7.624 -7.232 -6.778 -6.438 -6.114 -7.22 -6.818 -6.489 -6.279 -6.287 -6.834 -7.055 -6.639 -5.461 -4.925 -4.303 -6.907
0.001761 -8.304 -8.168 -8.063 -7.728 -7.411 -7.059 -7.909 -7.682 -7.407 -7.048 -6.678 -6.245 -7.691 -7.299 -6.845 -6.504 -6.181 -7.287 -6.885 -6.556 -6.346 -6.355 -6.901 -7.122 -6.705 -5.527 -4.991 -4.37 -6.973
0.001815 -8.371 -8.234 -8.129 -7.794 -7.477 -7.124 -7.976 -7.748 -7.473 -7.114 -6.744 -6.31 -7.757 -7.365 -6.911 -6.57 -6.246 -7.353 -6.951 -6.621 -6.412 -6.421 -6.967 -7.188 -6.771 -5.592 -5.057 -4.435 -7.039
0.00187 -8.436 -8.299 -8.194 -7.859 -7.542 -7.189 -8.04 -7.812 -7.538 -7.179 -6.809 -6.375 -7.822 -7.43 -6.975 -6.635 -6.311 -7.417 -7.016 -6.686 -6.476 -6.485 -7.031 -7.253 -6.836 -5.657 -5.122 -4.5 -7.104
0.001926 -8.499 -8.362 -8.257 -7.922 -7.606 -7.253 -8.104 -7.876 -7.602 -7.243 -6.873 -6.439 -7.885 -7.494 -7.039 -6.699 -6.375 -7.481 -7.08 -6.75 -6.54 -6.549 -7.095 -7.316 -6.9 -5.721 -5.186 -4.564 -7.168
0.001984 -8.561 -8.424 -8.32 -7.985 -7.668 -7.316 -8.166 -7.939 -7.665 -7.306 -6.936 -6.502 -7.948 -7.556 -7.102 -6.762 -6.438 -7.544 -7.143 -6.813 -6.603 -6.612 -7.158 -7.379 -6.963 -5.785 -5.249 -4.627 -7.231
0.002044 -8.621 -8.485 -8.381 -8.047 -7.731 -7.378 -8.227 -8.001 -7.727 -7.368 -6.998 -6.565 -8.01 -7.619 -7.165 -6.824 -6.501 -7.606 -7.205 -6.876 -6.666 -6.674 -7.221 -7.442 -7.025 -5.847 -5.312 -4.69 -7.293
0.002106 -8.68 -8.545 -8.441 -8.108 -7.792 -7.44 -8.287 -8.062 -7.788 -7.429 -7.06 -6.627 -8.071 -7.68 -7.227 -6.886 -6.563 -7.668 -7.266 -6.937 -6.727 -6.735 -7.282 -7.503 -7.087 -5.91 -5.374 -4.753 -7.355
0.00217 -8.738 -8.604 -8.5 -8.168 -7.852 -7.501 -8.346 -8.122 -7.849 -7.49 -7.121 -6.688 -8.131 -7.741 -7.288 -6.948 -6.624 -7.728 -7.327 -6.998 -6.788 -6.795 -7.343 -7.564 -7.148 -5.971 -5.436 -4.814 -7.416
0.002236 -8.794 -8.661 -8.558 -8.227 -7.912 -7.561 -8.405 -8.181 -7.909 -7.551 -7.182 -6.749 -8.19 -7.801 -7.348 -7.008 -6.685 -7.788 -7.388 -7.059 -6.849 -6.855 -7.404 -7.624 -7.209 -6.033 -5.497 -4.876 -7.476
0.002303 -8.85 -8.718 -8.615 -8.286 -7.972 -7.621 -8.462 -8.24 -7.968 -7.611 -7.242 -6.81 -8.249 -7.86 -7.408 -7.069 -6.746 -7.848 -7.448 -7.119 -6.909 -6.914 -7.464 -7.684 -7.269 -6.093 -5.558 -4.937 -7.536
0.002373 -8.905 -8.774 -8.672 -8.344 -8.031 -7.68 -8.519 -8.298 -8.027 -7.67 -7.302 -6.87 -8.307 -7.919 -7.468 -7.129 -6.806 -7.906 -7.507 -7.178 -6.968 -6.973 -7.523 -7.743 -7.329 -6.154 -5.619 -4.998 -7.595
0.002445 -8.959 -8.829 -8.728 -8.401 -8.089 -7.739 -8.575 -8.356 -8.085 -7.729 -7.361 -6.929 -8.365 -7.978 -7.527 -7.188 -6.865 -7.965 -7.566 -7.238 -7.027 -7.031 -7.582 -7.802 -7.388 -6.214 -5.679 -5.058 -7.654
0.002519 -9.012 -8.884 -8.783 -8.458 -8.147 -7.798 -8.63 -8.413 -8.143 -7.787 -7.42 -6.988 -8.422 -8.036 -7.586 -7.247 -6.925 -8.023 -7.624 -7.296 -7.086 -7.089 -7.64 -7.86 -7.447 -6.273 -5.739 -5.118 -7.712
0.002595 -9.064 -8.938 -8.838 -8.515 -8.204 -7.856 -8.685 -8.47 -8.2 -7.845 -7.478 -7.047 -8.479 -8.093 -7.644 -7.306 -6.984 -8.08 -7.682 -7.354 -7.144 -7.146 -7.699 -7.918 -7.505 -6.333 -5.799 -5.178 -7.77
0.002673 -9.115 -8.991 -8.892 -8.571 -8.261 -7.913 -8.739 -8.526 -8.257 -7.903 -7.536 -7.106 -8.535 -8.15 -7.702 -7.364 -7.042 -8.137 -7.74 -7.412 -7.202 -7.203 -7.756 -7.976 -7.563 -6.392 -5.858 -5.237 -7.828
0.002754 -9.166 -9.043 -8.945 -8.626 -8.317 -7.97 -8.792 -8.581 -8.313 -7.96 -7.594 -7.164 -8.59 -8.207 -7.759 -7.422 -7.101 -8.194 -7.797 -7.47 -7.259 -7.259 -7.814 -8.033 -7.621 -6.45 -5.917 -5.296 -7.885
0.002837 -9.216 -9.095 -8.998 -8.681 -8.373 -8.027 -8.845 -8.637 -8.37 -8.017 -7.652 -7.222 -8.646 -8.263 -7.817 -7.48 -7.159 -8.25 -7.854 -7.527 -7.316 -7.315 -7.871 -8.089 -7.678 -6.509 -5.976 -5.355 -7.941
0.002923 -9.266 -9.147 -9.05 -8.736 -8.429 -8.084 -8.898 -8.691 -8.425 -8.073 -7.709 -7.28 -8.7 -8.319 -7.873 -7.537 -7.216 -8.306 -7.911 -7.584 -7.373 -7.371 -7.927 -8.146 -7.735 -6.567 -6.034 -5.414 -7.998
0.003012 -9.315 -9.198 -9.102 -8.79 -8.484 -8.14 -8.95 -8.746 -8.481 -8.13 -7.766 -7.337 -8.755 -8.375 -7.93 -7.594 -7.274 -8.361 -7.967 -7.641 -7.43 -7.426 -7.984 -8.202 -7.792 -6.625 -6.092 -5.473 -8.054
0.003103 -9.363 -9.248 -9.153 -8.844 -8.539 -8.196 -9.001 -8.8 -8.536 -8.186 -7.822 -7.394 -8.809 -8.43 -7.986 -7.651 -7.331 -8.416 -8.023 -7.697 -7.486 -7.481 -8.04 -8.257 -7.849 -6.683 -6.15 -5.531 -8.11
0.003196 -9.411 -9.298 -9.204 -8.898 -8.594 -8.251 -9.052 -8.854 -8.59 -8.241 -7.878 -7.451 -8.863 -8.485 -8.042 -7.707 -7.388 -8.471 -8.078 -7.753 -7.542 -7.536 -8.095 -8.313 -7.905 -6.74 -6.208 -5.589 -8.165
0.003293 -9.458 -9.347 -9.254 -8.951 -8.648 -8.307 -9.103 -8.907 -8.645 -8.297 -7.934 -7.507 -8.916 -8.54 -8.098 -7.764 -7.444 -8.526 -8.134 -7.809 -7.597 -7.59 -8.151 -8.368 -7.961 -6.797 -6.266 -5.647 -8.221
0.003393 -9.505 -9.396 -9.304 -9.003 -8.703 -8.362 -9.153 -8.96 -8.699 -8.352 -7.99 -7.564 -8.969 -8.594 -8.154 -7.82 -7.501 -8.58 -8.189 -7.864 -7.653 -7.644 -8.206 -8.423 -8.017 -6.855 -6.323 -5.704 -8.276
0.003495 -9.551 -9.444 -9.354 -9.056 -8.756 -8.417 -9.203 -9.013 -8.753 -8.407 -8.046 -7.62 -9.022 -8.649 -8.209 -7.876 -7.557 -8.634 -8.244 -7.92 -7.708 -7.698 -8.261 -8.477 -8.072 -6.911 -6.38 -5.762 -8.33
0.003601 -9.596 -9.492 -9.403 -9.108 -8.81 -8.471 -9.252 -9.065 -8.806 -8.461 -8.101 -7.676 -9.074 -8.703 -8.264 -7.931 -7.613 -8.688 -8.299 -7.975 -7.763 -7.752 -8.316 -8.532 -8.127 -6.968 -6.437 -5.819 -8.385
0.00371 -9.642 -9.54 -9.452 -9.16 -8.863 -8.526 -9.301 -9.117 -8.859 -8.515 -8.156 -7.732 -9.126 -8.756 -8.319 -7.987 -7.669 -8.741 -8.353 -8.03 -7.818 -7.805 -8.37 -8.586 -8.182 -7.025 -6.494 -5.876 -8.439
0.003822 -9.686 -9.587 -9.5 -9.211 -8.916 -8.58 -9.35 -9.169 -8.912 -8.57 -8.211 -7.787 -9.178 -8.81 -8.373 -8.042 -7.725 -8.795 -8.407 -8.084 -7.873 -7.859 -8.425 -8.64 -8.237 -7.081 -6.551 -5.933 -8.493
0.003938 -9.731 -9.634 -9.548 -9.263 -8.969 -8.634 -9.398 -9.22 -8.965 -8.624 -8.266 -7.843 -9.229 -8.863 -8.428 -8.097 -7.78 -8.848 -8.461 -8.139 -7.927 -7.912 -8.479 -8.693 -8.292 -7.137 -6.607 -5.99 -8.547
0.004057 -9.774 -9.68 -9.596 -9.314 -9.021 -8.687 -9.446 -9.272 -9.018 -8.677 -8.32 -7.898 -9.28 -8.916 -8.482 -8.152 -7.836 -8.9 -8.515 -8.193 -7.981 -7.964 -8.533 -8.747 -8.346 -7.193 -6.664 -6.047 -8.6
0.00418 -9.818 -9.726 -9.643 -9.364 -9.074 -8.741 -9.494 -9.323 -9.07 -8.731 -8.374 -7.953 -9.331 -8.968 -8.536 -8.207 -7.891 -8.953 -8.569 -8.247 -8.035 -8.017 -8.586 -8.8 -8.401 -7.249 -6.72 -6.104 -8.654
0.004306 -9.861 -9.772 -9.69 -9.415 -9.126 -8.794 -9.541 -9.373 -9.122 -8.784 -8.429 -8.008 -9.382 -9.021 -8.59 -8.261 -7.946 -9.005 -8.622 -8.301 -8.089 -8.07 -8.64 -8.853 -8.455 -7.305 -6.776 -6.16 -8.707
0.004436 -9.903 -9.817 -9.737 -9.465 -9.178 -8.847 -9.588 -9.424 -9.174 -8.837 -8.483 -8.063 -9.432 -9.073 -8.643 -8.315 -8.001 -9.057 -8.675 -8.355 -8.143 -8.122 -8.693 -8.906 -8.509 -7.36 -6.832 -6.216 -8.76
0.00457 -9.946 -9.862 -9.783 -9.515 -9.229 -8.9 -9.635 -9.474 -9.226 -8.89 -8.536 -8.117 -9.483 -9.125 -8.697 -8.37 -8.055 -9.109 -8.728 -8.409 -8.197 -8.174 -8.746 -8.958 -8.562 -7.416 -6.888 -6.273 -8.813
0.004709 -9.987 -9.906 -9.829 -9.565 -9.281 -8.953 -9.681 -9.524 -9.277 -8.943 -8.59 -8.172 -9.533 -9.177 -8.75 -8.424 -8.11 -9.161 -8.781 -8.462 -8.25 -8.226 -8.799 -9.011 -8.616 -7.471 -6.944 -6.329 -8.865
0.004851 -10.029 -9.951 -9.875 -9.614 -9.332 -9.005 -9.727 -9.574 -9.328 -8.995 -8.643 -8.226 -9.582 -9.229 -8.803 -8.477 -8.164 -9.213 -8.834 -8.516 -8.303 -8.278 -8.852 -9.063 -8.669 -7.526 -7.0 -6.385 -8.918
0.004998 -10.07 -9.995 -9.921 -9.663 -9.383 -9.058 -9.773 -9.623 -9.379 -9.048 -8.697 -8.28 -9.632 -9.28 -8.856 -8.531 -8.219 -9.264 -8.887 -8.569 -8.356 -8.33 -8.904 -9.115 -8.723 -7.582 -7.055 -6.441 -8.97
0.005149 -10.111 -10.038 -9.966 -9.712 -9.434 -9.11 -9.819 -9.673 -9.43 -9.1 -8.75 -8.334 -9.681 -9.331 -8.909 -8.585 -8.273 -9.315 -8.939 -8.622 -8.41 -8.382 -8.957 -9.167 -8.776 -7.637 -7.111 -6.497 -9.022
0.005305 -10.151 -10.081 -10.01 -9.761 -9.484 -9.162 -9.864 -9.722 -9.481 -9.152 -8.803 -8.388 -9.73 -9.382 -8.962 -8.638 -8.327 -9.366 -8.991 -8.675 -8.462 -8.433 -9.009 -9.218 -8.829 -7.691 -7.166 -6.552 -9.074
0.005465 -10.191 -10.124 -10.055 -9.809 -9.535 -9.214 -9.909 -9.77 -9.531 -9.204 -8.856 -8.442 -9.779 -9.433 -9.014 -8.692 -8.381 -9.417 -9.044 -8.728 -8.515 -8.485 -9.061 -9.27 -8.881 -7.746 -7.221 -6.608 -9.126
0.00563 -10.23 -10.167 -10.099 -9.858 -9.585 -9.266 -9.954 -9.819 -9.581 -9.256 -8.909 -8.496 -9.827 -9.484 -9.067 -8.745 -8.435 -9.468 -9.095 -8.78 -8.568 -8.536 -9.113 -9.321 -8.934 -7.801 -7.276 -6.663 -9.177
0.005801 -10.27 -10.209 -10.143 -9.906 -9.635 -9.317 -9.998 -9.867 -9.631 -9.307 -8.961 -8.549 -9.876 -9.535 -9.119 -8.798 -8.488 -9.518 -9.147 -8.833 -8.62 -8.587 -9.165 -9.373 -8.987 -7.855 -7.331 -6.719 -9.229
0.005976 -10.308 -10.251 -10.187 -9.954 -9.685 -9.369 -10.042 -9.916 -9.681 -9.359 -9.014 -8.602 -9.924 -9.585 -9.171 -8.851 -8.542 -9.568 -9.199 -8.885 -8.673 -8.638 -9.217 -9.424 -9.039 -7.91 -7.386 -6.774 -9.28
0.006157 -10.347 -10.292 -10.23 -10.001 -9.735 -9.42 -10.086 -9.964 -9.731 -9.41 -9.066 -8.656 -9.972 -9.635 -9.223 -8.903 -8.595 -9.619 -9.251 -8.937 -8.725 -8.689 -9.268 -9.475 -9.091 -7.964 -7.441 -6.83 -9.331
0.006343 -10.385 -10.333 -10.273 -10.049 -9.784 -9.471 -10.13 -10.011 -9.78 -9.461 -9.118 -8.709 -10.02 -9.685 -9.275 -8.956 -8.648 -9.669 -9.302 -8.99 -8.777 -8.74 -9.319 -9.525 -9.143 -8.018 -7.496 -6.885 -9.382
0.006535 -10.423 -10.374 -10.316 -10.096 -9.834 -9.522 -10.173 -10.059 -9.83 -9.512 -9.17 -8.762 -10.067 -9.735 -9.326 -9.009 -8.702 -9.718 -9.353 -9.042 -8.83 -8.791 -9.371 -9.576 -9.195 -8.073 -7.55 -6.94 -9.433
0.006732 -10.461 -10.415 -10.358 -10.143 -9.883 -9.573 -10.216 -10.106 -9.879 -9.563 -9.222 -8.815 -10.115 -9.785 -9.378 -9.061 -8.755 -9.768 -9.404 -9.093 -8.882 -8.842 -9.422 -9.626 -9.247 -8.127 -7.605 -6.995 -9.484
0.006936 -10.498 -10.455 -10.4 -10.19 -9.932 -9.623 -10.259 -10.154 -9.928 -9.613 -9.274 -8.868 -10.162 -9.834 -9.429 -9.113 -8.808 -9.818 -9.455 -9.145 -8.934 -8.892 -9.473 -9.677 -9.299 -8.181 -7.66 -7.05 -9.534
0.007146 -10.535 -10.495 -10.442 -10.236 -9.981 -9.674 -10.302 -10.201 -9.977 -9.664 -9.326 -8.92 -10.209 -9.884 -9.48 -9.166 -8.861 -9.867 -9.506 -9.197 -8.985 -8.943 -9.524 -9.727 -9.351 -8.234 -7.714 -7.105 -9.585
0.007362 -10.571 -10.535 -10.484 -10.283 -10.029 -9.724 -10.344 -10.247 -10.026 -9.714 -9.377 -8.973 -10.255 -9.933 -9.532 -9.218 -8.913 -9.916 -9.557 -9.249 -9.037 -8.993 -9.574 -9.777 -9.402 -8.288 -7.768 -7.16 -9.635
0.007585 -10.607 -10.574 -10.525 -10.329 -10.078 -9.774 -10.386 -10.294 -10.074 -9.765 -9.429 -9.026 -10.302 -9.982 -9.583 -9.27 -8.966 -9.965 -9.608 -9.3 -9.089 -9.044 -9.625 -9.827 -9.454 -8.342 -7.823 -7.214 -9.685
0.007814 -10.643 -10.613 -10.567 -10.375 -10.126 -9.825 -10.428 -10.341 -10.122 -9.815 -9.48 -9.078 -10.348 -10.031 -9.633 -9.322 -9.019 -10.014 -9.658 -9.351 -9.14 -9.094 -9.675 -9.876 -9.505 -8.396 -7.877 -7.269 -9.735
0.00805 -10.678 -10.652 -10.607 -10.421 -10.174 -9.875 -10.47 -10.387 -10.171 -9.865 -9.531 -9.13 -10.395 -10.08 -9.684 -9.373 -9.071 -10.063 -9.709 -9.403 -9.192 -9.144 -9.725 -9.926 -9.556 -8.449 -7.931 -7.324 -9.785
0.008294 -10.714 -10.691 -10.648 -10.467 -10.222 -9.924 -10.511 -10.433 -10.219 -9.915 -9.582 -9.183 -10.441 -10.129 -9.735 -9.425 -9.124 -10.112 -9.759 -9.454 -9.243 -9.195 -9.776 -9.975 -9.607 -8.503 -7.985 -7.378 -9.835
0.008545 -10.748 -10.729 -10.688 -10.512 -10.27 -9.974 -10.552 -10.479 -10.267 -9.964 -9.633 -9.235 -10.486 -10.177 -9.785 -9.477 -9.176 -10.16 -9.809 -9.505 -9.294 -9.245 -9.826 -10.025 -9.658 -8.556 -8.039 -7.433 -9.884
0.008803 -10.783 -10.766 -10.728 -10.557 -10.318 -10.024 -10.593 -10.524 -10.314 -10.014 -9.684 -9.287 -10.532 -10.225 -9.836 -9.528 -9.228 -10.208 -9.859 -9.556 -9.346 -9.295 -9.876 -10.074 -9.709 -8.609 -8.093 -7.487 -9.934
0.009069 -10.817 -10.804 -10.768 -10.602 -10.366 -10.073 -10.634 -10.57 -10.362 -10.064 -9.735 -9.339 -10.577 -10.274 -9.886 -9.579 -9.28 -10.257 -9.909 -9.607 -9.397 -9.345 -9.925 -10.123 -9.759 -8.663 -8.147 -7.541 -9.983
0.009344 -10.851 -10.841 -10.808 -10.647 -10.413 -10.122 -10.674 -10.615 -10.409 -10.113 -9.786 -9.391 -10.623 -10.322 -9.936 -9.631 -9.332 -10.305 -9.959 -9.658 -9.448 -9.395 -9.975 -10.172 -9.81 -8.716 -8.201 -7.596 -10.032
