web/models/kne.last_good/kappa_1_10/16/villar_0.1173_0.5000_10.0000.dat
# %ECSV 1.0
# ---
# datatype:
# - {name: time, datatype: float64}
# - {name: swift_uvot_uvw2, datatype: float64}
# - {name: swift_uvot_uvm2, datatype: float64}
# - {name: swift_uvot_uvw1, datatype: float64}
# - {name: swift_uvot_U, datatype: float64}
# - {name: swift_uvot_B, datatype: float64}
# - {name: swift_uvot_V, datatype: float64}
# - {name: swift_uvot_W, datatype: float64}
# - {name: johnson_U, datatype: float64}
# - {name: johnson_B, datatype: float64}
# - {name: johnson_V, datatype: float64}
# - {name: johnson_R, datatype: float64}
# - {name: johnson_I, datatype: float64}
# - {name: sdss_u, datatype: float64}
# - {name: sdss_g, datatype: float64}
# - {name: sdss_r, datatype: float64}
# - {name: sdss_i, datatype: float64}
# - {name: sdss_z, datatype: float64}
# - {name: PS1_g, datatype: float64}
# - {name: PS1_r, datatype: float64}
# - {name: PS1_i, datatype: float64}
# - {name: PS1_z, datatype: float64}
# - {name: PS1_Y, datatype: float64}
# - {name: PS1_w, datatype: float64}
# - {name: ATLAS_c, datatype: float64}
# - {name: ATLAS_o, datatype: float64}
# - {name: ukirt_J, datatype: float64}
# - {name: ukirt_H, datatype: float64}
# - {name: ukirt_K, datatype: float64}
# - {name: Clear, datatype: float64}
# meta: !!omap
# - comment: [kappa = 10.0, type = villar, mass = 0.11727632184323686, velocity = 0.5, theta_obs = 0.0]
# schema: astropy-2.0
time swift_uvot_uvw2 swift_uvot_uvm2 swift_uvot_uvw1 swift_uvot_U swift_uvot_B swift_uvot_V swift_uvot_W johnson_U johnson_B johnson_V johnson_R johnson_I sdss_u sdss_g sdss_r sdss_i sdss_z PS1_g PS1_r PS1_i PS1_z PS1_Y PS1_w ATLAS_c ATLAS_o ukirt_J ukirt_H ukirt_K Clear
[from data line 145]
0.07522 -11.531 -11.874 -12.27 -12.895 -13.091 -13.122 -12.542 -12.938 -13.089 -13.118 -13.016 -12.816 -12.932 -13.112 -13.079 -12.954 -12.786 -13.129 -13.087 -12.962 -12.838 -12.771 -13.052 -13.109 -13.026 -12.354 -11.938 -11.415 -13.048
0.077495 -11.526 -11.873 -12.278 -12.916 -13.12 -13.157 -12.561 -12.961 -13.119 -13.154 -13.056 -12.86 -12.954 -13.143 -13.117 -12.996 -12.829 -13.161 -13.125 -13.003 -12.881 -12.815 -13.089 -13.144 -13.065 -12.401 -11.987 -11.465 -13.084
0.079839 -11.522 -11.872 -12.286 -12.937 -13.148 -13.192 -12.581 -12.983 -13.147 -13.189 -13.095 -12.903 -12.976 -13.174 -13.155 -13.037 -12.873 -13.193 -13.163 -13.045 -12.924 -12.859 -13.126 -13.177 -13.105 -12.448 -12.036 -11.516 -13.12
0.082253 -11.516 -11.87 -12.293 -12.957 -13.177 -13.227 -12.599 -13.004 -13.176 -13.223 -13.134 -12.946 -12.997 -13.205 -13.192 -13.078 -12.917 -13.224 -13.2 -13.086 -12.967 -12.903 -13.163 -13.211 -13.143 -12.495 -12.085 -11.566 -13.156
0.084741 -11.511 -11.868 -12.299 -12.977 -13.205 -13.261 -12.618 -13.026 -13.204 -13.258 -13.173 -12.989 -13.018 -13.235 -13.23 -13.119 -12.96 -13.255 -13.237 -13.126 -13.01 -12.946 -13.199 -13.244 -13.182 -12.542 -12.134 -11.617 -13.191
0.087304 -11.504 -11.864 -12.305 -12.996 -13.233 -13.296 -12.637 -13.046 -13.232 -13.292 -13.212 -13.031 -13.039 -13.265 -13.267 -13.159 -13.003 -13.286 -13.274 -13.167 -13.053 -12.99 -13.235 -13.278 -13.221 -12.589 -12.183 -11.667 -13.227
0.089944 -11.497 -11.86 -12.311 -13.015 -13.26 -13.329 -12.655 -13.067 -13.259 -13.326 -13.251 -13.074 -13.059 -13.295 -13.304 -13.2 -13.046 -13.317 -13.311 -13.207 -13.095 -13.034 -13.271 -13.31 -13.259 -12.636 -12.232 -11.717 -13.262
0.092665 -11.489 -11.856 -12.315 -13.033 -13.287 -13.363 -12.673 -13.087 -13.287 -13.36 -13.289 -13.116 -13.078 -13.324 -13.34 -13.24 -13.089 -13.347 -13.348 -13.248 -13.138 -13.077 -13.307 -13.343 -13.297 -12.682 -12.28 -11.768 -13.297
0.095467 -11.481 -11.85 -12.32 -13.051 -13.314 -13.396 -12.69 -13.106 -13.313 -13.393 -13.328 -13.158 -13.097 -13.354 -13.376 -13.28 -13.132 -13.377 -13.384 -13.288 -13.18 -13.12 -13.342 -13.375 -13.335 -12.729 -12.329 -11.818 -13.331
0.098355 -11.472 -11.844 -12.324 -13.069 -13.34 -13.429 -12.707 -13.125 -13.34 -13.427 -13.366 -13.201 -13.116 -13.382 -13.412 -13.32 -13.175 -13.407 -13.42 -13.328 -13.222 -13.163 -13.377 -13.407 -13.373 -12.776 -12.377 -11.868 -13.366
0.101329 -11.463 -11.837 -12.327 -13.086 -13.366 -13.462 -12.724 -13.144 -13.366 -13.459 -13.403 -13.242 -13.134 -13.411 -13.448 -13.36 -13.217 -13.436 -13.456 -13.367 -13.264 -13.206 -13.412 -13.439 -13.41 -12.822 -12.426 -11.918 -13.4
0.104394 -11.453 -11.83 -12.329 -13.102 -13.392 -13.494 -12.741 -13.162 -13.392 -13.492 -13.441 -13.284 -13.152 -13.439 -13.484 -13.399 -13.259 -13.465 -13.492 -13.407 -13.306 -13.249 -13.447 -13.47 -13.448 -12.868 -12.474 -11.968 -13.434
0.107551 -11.442 -11.822 -12.331 -13.118 -13.417 -13.527 -12.757 -13.18 -13.417 -13.524 -13.478 -13.326 -13.169 -13.467 -13.519 -13.439 -13.302 -13.494 -13.527 -13.446 -13.347 -13.292 -13.482 -13.502 -13.485 -12.914 -12.522 -12.018 -13.467
0.110804 -11.431 -11.813 -12.333 -13.134 -13.442 -13.558 -12.773 -13.197 -13.442 -13.556 -13.515 -13.367 -13.186 -13.494 -13.554 -13.478 -13.344 -13.523 -13.562 -13.485 -13.389 -13.334 -13.516 -13.532 -13.522 -12.96 -12.571 -12.068 -13.501
0.114155 -11.419 -11.803 -12.334 -13.149 -13.466 -13.59 -12.789 -13.214 -13.466 -13.588 -13.552 -13.408 -13.202 -13.521 -13.589 -13.517 -13.385 -13.551 -13.597 -13.524 -13.43 -13.377 -13.55 -13.563 -13.558 -13.006 -12.619 -12.118 -13.534
0.117608 -11.407 -11.792 -12.334 -13.164 -13.49 -13.621 -12.805 -13.23 -13.491 -13.62 -13.589 -13.449 -13.218 -13.548 -13.624 -13.555 -13.427 -13.578 -13.631 -13.563 -13.471 -13.419 -13.584 -13.593 -13.594 -13.052 -12.667 -12.168 -13.567
0.121165 -11.394 -11.781 -12.334 -13.178 -13.514 -13.652 -12.82 -13.246 -13.514 -13.651 -13.625 -13.49 -13.233 -13.574 -13.658 -13.594 -13.469 -13.606 -13.666 -13.601 -13.512 -13.461 -13.617 -13.623 -13.631 -13.098 -12.715 -12.218 -13.599
0.124829 -11.38 -11.769 -12.333 -13.191 -13.537 -13.683 -12.835 -13.261 -13.538 -13.682 -13.662 -13.531 -13.248 -13.6 -13.692 -13.632 -13.51 -13.633 -13.7 -13.64 -13.553 -13.503 -13.651 -13.653 -13.666 -13.143 -12.763 -12.268 -13.632
0.128605 -11.366 -11.756 -12.331 -13.204 -13.56 -13.713 -12.849 -13.276 -13.561 -13.712 -13.698 -13.572 -13.262 -13.626 -13.726 -13.67 -13.551 -13.66 -13.734 -13.678 -13.593 -13.545 -13.684 -13.682 -13.702 -13.189 -12.81 -12.317 -13.664
0.132494 -11.351 -11.743 -12.329 -13.217 -13.582 -13.743 -12.863 -13.29 -13.583 -13.742 -13.733 -13.612 -13.276 -13.651 -13.759 -13.708 -13.592 -13.686 -13.767 -13.716 -13.634 -13.587 -13.716 -13.711 -13.737 -13.234 -12.858 -12.367 -13.696
0.136502 -11.335 -11.728 -12.326 -13.229 -13.604 -13.773 -12.877 -13.304 -13.605 -13.772 -13.769 -13.652 -13.289 -13.676 -13.792 -13.746 -13.633 -13.712 -13.8 -13.753 -13.674 -13.628 -13.749 -13.74 -13.773 -13.28 -12.906 -12.416 -13.727
0.14063 -11.319 -11.713 -12.323 -13.24 -13.626 -13.802 -12.891 -13.317 -13.627 -13.802 -13.804 -13.692 -13.302 -13.7 -13.825 -13.783 -13.673 -13.737 -13.833 -13.791 -13.714 -13.67 -13.781 -13.768 -13.807 -13.325 -12.953 -12.466 -13.759
0.144883 -11.303 -11.697 -12.319 -13.251 -13.647 -13.831 -12.904 -13.33 -13.648 -13.831 -13.839 -13.732 -13.314 -13.724 -13.858 -13.82 -13.714 -13.763 -13.866 -13.828 -13.754 -13.711 -13.813 -13.796 -13.842 -13.37 -13.001 -12.515 -13.79
0.149265 -11.285 -11.68 -12.314 -13.261 -13.668 -13.86 -12.917 -13.342 -13.669 -13.86 -13.874 -13.771 -13.326 -13.748 -13.89 -13.857 -13.754 -13.788 -13.898 -13.865 -13.793 -13.752 -13.844 -13.823 -13.876 -13.415 -13.048 -12.564 -13.821
0.15378 -11.268 -11.663 -12.308 -13.271 -13.688 -13.888 -12.93 -13.353 -13.69 -13.888 -13.908 -13.811 -13.337 -13.771 -13.922 -13.894 -13.794 -13.812 -13.93 -13.902 -13.833 -13.793 -13.876 -13.851 -13.911 -13.459 -13.095 -12.614 -13.851
0.15843 -11.249 -11.644 -12.302 -13.28 -13.708 -13.916 -12.942 -13.364 -13.71 -13.916 -13.942 -13.85 -13.348 -13.794 -13.954 -13.93 -13.834 -13.836 -13.962 -13.938 -13.872 -13.834 -13.907 -13.878 -13.944 -13.504 -13.142 -12.663 -13.882
0.163222 -11.23 -11.625 -12.296 -13.289 -13.727 -13.944 -12.954 -13.375 -13.729 -13.944 -13.976 -13.889 -13.357 -13.816 -13.986 -13.966 -13.874 -13.86 -13.994 -13.975 -13.911 -13.874 -13.938 -13.904 -13.978 -13.548 -13.189 -12.712 -13.912
0.168159 -11.211 -11.604 -12.288 -13.297 -13.746 -13.971 -12.966 -13.385 -13.748 -13.972 -14.01 -13.928 -13.367 -13.838 -14.017 -14.002 -13.913 -13.883 -14.025 -14.011 -13.95 -13.915 -13.968 -13.93 -14.011 -13.593 -13.236 -12.761 -13.941
0.173245 -11.19 -11.583 -12.28 -13.304 -13.765 -13.998 -12.977 -13.394 -13.767 -13.999 -14.043 -13.966 -13.376 -13.86 -14.048 -14.038 -13.952 -13.906 -14.056 -14.046 -13.988 -13.955 -13.998 -13.956 -14.044 -13.637 -13.283 -12.81 -13.971
0.178484 -11.17 -11.561 -12.271 -13.311 -13.783 -14.024 -12.988 -13.403 -13.785 -14.026 -14.077 -14.005 -13.384 -13.881 -14.078 -14.073 -13.991 -13.928 -14.086 -14.082 -14.027 -13.995 -14.028 -13.982 -14.077 -13.681 -13.33 -12.859 -14.0
0.183882 -11.148 -11.538 -12.262 -13.317 -13.8 -14.05 -12.998 -13.411 -13.803 -14.052 -14.109 -14.043 -13.391 -13.902 -14.108 -14.109 -14.03 -13.951 -14.117 -14.117 -14.065 -14.035 -14.058 -14.007 -14.109 -13.725 -13.377 -12.908 -14.029
0.189444 -11.127 -11.514 -12.252 -13.323 -13.817 -14.076 -13.009 -13.419 -13.82 -14.078 -14.142 -14.081 -13.398 -13.922 -14.138 -14.144 -14.069 -13.972 -14.147 -14.152 -14.103 -14.074 -14.087 -14.032 -14.142 -13.769 -13.423 -12.956 -14.057
0.195173 -11.104 -11.49 -12.241 -13.328 -13.834 -14.102 -13.019 -13.426 -13.837 -14.104 -14.174 -14.119 -13.405 -13.942 -14.168 -14.178 -14.107 -13.993 -14.176 -14.187 -14.141 -14.114 -14.116 -14.056 -14.173 -13.812 -13.47 -13.005 -14.086
0.201076 -11.081 -11.464 -12.229 -13.332 -13.85 -14.126 -13.028 -13.432 -13.853 -14.129 -14.206 -14.156 -13.411 -13.961 -14.197 -14.213 -14.145 -14.014 -14.205 -14.222 -14.178 -14.153 -14.145 -14.08 -14.205 -13.856 -13.516 -13.054 -14.113
0.207158 -11.058 -11.437 -12.217 -13.336 -13.865 -14.151 -13.037 -13.438 -13.869 -14.154 -14.238 -14.193 -13.416 -13.98 -14.226 -14.247 -14.183 -14.034 -14.234 -14.256 -14.216 -14.192 -14.173 -14.103 -14.236 -13.899 -13.562 -13.102 -14.141
0.213423 -11.034 -11.41 -12.204 -13.339 -13.88 -14.175 -13.046 -13.443 -13.884 -14.178 -14.269 -14.23 -13.42 -13.999 -14.254 -14.281 -14.221 -14.054 -14.263 -14.29 -14.253 -14.231 -14.201 -14.126 -14.267 -13.943 -13.608 -13.151 -14.168
0.219878 -11.009 -11.381 -12.19 -13.341 -13.894 -14.199 -13.055 -13.448 -13.899 -14.202 -14.3 -14.267 -13.424 -14.017 -14.282 -14.314 -14.259 -14.074 -14.291 -14.324 -14.29 -14.27 -14.229 -14.149 -14.298 -13.986 -13.654 -13.199 -14.195
0.226528 -10.985 -11.351 -12.176 -13.343 -13.908 -14.222 -13.063 -13.451 -13.913 -14.226 -14.331 -14.304 -13.427 -14.034 -14.31 -14.348 -14.296 -14.093 -14.319 -14.357 -14.326 -14.308 -14.256 -14.172 -14.328 -14.028 -13.7 -13.247 -14.222
0.233379 -10.959 -11.321 -12.16 -13.344 -13.922 -14.245 -13.07 -13.455 -13.926 -14.249 -14.361 -14.34 -13.43 -14.051 -14.337 -14.381 -14.333 -14.111 -14.346 -14.39 -14.363 -14.347 -14.283 -14.193 -14.358 -14.071 -13.746 -13.295 -14.249
0.240437 -10.933 -11.289 -12.144 -13.344 -13.935 -14.268 -13.077 -13.457 -13.939 -14.272 -14.391 -14.376 -13.431 -14.068 -14.364 -14.413 -14.37 -14.129 -14.374 -14.423 -14.399 -14.385 -14.31 -14.215 -14.387 -14.114 -13.792 -13.343 -14.275
0.247709 -10.907 -11.256 -12.128 -13.344 -13.947 -14.29 -13.084 -13.459 -13.952 -14.294 -14.421 -14.412 -13.432 -14.083 -14.391 -14.446 -14.406 -14.147 -14.4 -14.455 -14.435 -14.423 -14.336 -14.236 -14.417 -14.156 -13.837 -13.391 -14.3
0.255201 -10.88 -11.223 -12.11 -13.343 -13.959 -14.311 -13.091 -13.46 -13.964 -14.316 -14.45 -14.447 -13.433 -14.099 -14.417 -14.478 -14.443 -14.164 -14.427 -14.488 -14.47 -14.46 -14.362 -14.257 -14.446 -14.198 -13.882 -13.439 -14.326
0.262919 -10.853 -11.188 -12.092 -13.341 -13.97 -14.332 -13.097 -13.46 -13.975 -14.337 -14.479 -14.482 -13.432 -14.114 -14.443 -14.509 -14.479 -14.18 -14.453 -14.519 -14.506 -14.498 -14.388 -14.277 -14.474 -14.24 -13.928 -13.487 -14.351
0.270871 -10.826 -11.152 -12.073 -13.338 -13.98 -14.353 -13.103 -13.46 -13.986 -14.358 -14.508 -14.517 -13.431 -14.128 -14.468 -14.541 -14.514 -14.196 -14.478 -14.551 -14.541 -14.535 -14.413 -14.296 -14.502 -14.282 -13.973 -13.535 -14.375
0.279064 -10.798 -11.115 -12.053 -13.335 -13.99 -14.373 -13.108 -13.459 -13.996 -14.379 -14.536 -14.552 -13.43 -14.142 -14.493 -14.572 -14.55 -14.212 -14.504 -14.582 -14.576 -14.572 -14.438 -14.316 -14.53 -14.324 -14.018 -13.582 -14.4
0.287504 -10.77 -11.077 -12.032 -13.331 -14.0 -14.393 -13.113 -13.457 -14.006 -14.399 -14.564 -14.587 -13.427 -14.155 -14.518 -14.603 -14.585 -14.227 -14.528 -14.613 -14.61 -14.609 -14.462 -14.334 -14.558 -14.366 -14.063 -13.63 -14.424
0.296199 -10.742 -11.038 -12.01 -13.326 -14.008 -14.412 -13.117 -13.455 -14.015 -14.418 -14.592 -14.621 -13.424 -14.168 -14.542 -14.633 -14.62 -14.241 -14.553 -14.644 -14.644 -14.645 -14.486 -14.353 -14.585 -14.407 -14.107 -13.677 -14.447
0.305157 -10.713 -10.998 -11.988 -13.32 -14.016 -14.431 -13.121 -13.452 -14.024 -14.438 -14.619 -14.655 -13.42 -14.18 -14.566 -14.663 -14.655 -14.255 -14.577 -14.674 -14.678 -14.681 -14.51 -14.37 -14.612 -14.448 -14.152 -13.725 -14.471
0.314387 -10.685 -10.957 -11.965 -13.314 -14.024 -14.449 -13.125 -13.448 -14.031 -14.456 -14.646 -14.688 -13.415 -14.192 -14.589 -14.693 -14.689 -14.269 -14.6 -14.704 -14.712 -14.717 -14.533 -14.388 -14.638 -14.489 -14.196 -13.772 -14.494
0.323895 -10.656 -10.914 -11.94 -13.306 -14.031 -14.466 -13.128 -13.443 -14.038 -14.474 -14.673 -14.721 -13.409 -14.203 -14.612 -14.722 -14.723 -14.282 -14.623 -14.734 -14.745 -14.753 -14.556 -14.405 -14.664 -14.53 -14.241 -13.819 -14.516
0.333691 -10.627 -10.87 -11.916 -13.298 -14.037 -14.484 -13.13 -13.437 -14.045 -14.492 -14.699 -14.754 -13.403 -14.213 -14.635 -14.751 -14.757 -14.294 -14.646 -14.763 -14.779 -14.789 -14.579 -14.421 -14.689 -14.57 -14.285 -13.866 -14.538
0.343783 -10.598 -10.826 -11.89 -13.289 -14.042 -14.5 -13.133 -13.431 -14.051 -14.509 -14.724 -14.787 -13.395 -14.223 -14.657 -14.78 -14.791 -14.306 -14.668 -14.792 -14.811 -14.824 -14.601 -14.437 -14.715 -14.611 -14.329 -13.913 -14.56
0.354181 -10.569 -10.779 -11.863 -13.28 -14.047 -14.516 -13.134 -13.424 -14.056 -14.525 -14.75 -14.819 -13.387 -14.232 -14.678 -14.808 -14.824 -14.317 -14.69 -14.82 -14.844 -14.859 -14.622 -14.452 -14.739 -14.651 -14.373 -13.96 -14.581
0.364893 -10.539 -10.732 -11.835 -13.269 -14.051 -14.532 -13.136 -13.416 -14.061 -14.541 -14.774 -14.851 -13.378 -14.241 -14.699 -14.836 -14.857 -14.327 -14.711 -14.848 -14.876 -14.894 -14.644 -14.467 -14.764 -14.691 -14.417 -14.006 -14.602
0.375929 -10.51 -10.683 -11.807 -13.257 -14.055 -14.547 -13.136 -13.407 -14.064 -14.557 -14.799 -14.883 -13.369 -14.249 -14.72 -14.864 -14.889 -14.337 -14.732 -14.876 -14.908 -14.928 -14.665 -14.481 -14.788 -14.731 -14.46 -14.053 -14.623
0.387298 -10.481 -10.634 -11.778 -13.245 -14.058 -14.561 -13.137 -13.397 -14.068 -14.571 -14.823 -14.915 -13.358 -14.256 -14.74 -14.891 -14.922 -14.347 -14.752 -14.903 -14.939 -14.962 -14.685 -14.494 -14.811 -14.77 -14.503 -14.099 -14.643
0.399012 -10.453 -10.582 -11.747 -13.232 -14.06 -14.575 -13.137 -13.387 -14.07 -14.586 -14.847 -14.946 -13.346 -14.263 -14.76 -14.918 -14.954 -14.355 -14.772 -14.93 -14.971 -14.996 -14.705 -14.508 -14.834 -14.81 -14.547 -14.146 -14.663
0.41108 -10.424 -10.53 -11.716 -13.218 -14.061 -14.588 -13.136 -13.375 -14.072 -14.599 -14.87 -14.976 -13.334 -14.269 -14.779 -14.944 -14.985 -14.363 -14.792 -14.957 -15.001 -15.029 -14.724 -14.52 -14.857 -14.849 -14.59 -14.192 -14.682
0.423513 -10.396 -10.476 -11.684 -13.202 -14.061 -14.601 -13.135 -13.363 -14.073 -14.613 -14.892 -15.007 -13.32 -14.274 -14.797 -14.97 -15.017 -14.371 -14.81 -14.983 -15.032 -15.063 -14.743 -14.532 -14.879 -14.888 -14.633 -14.238 -14.701
0.436321 -10.368 -10.421 -11.651 -13.186 -14.061 -14.613 -13.133 -13.349 -14.073 -14.625 -14.915 -15.037 -13.306 -14.279 -14.815 -14.995 -15.048 -14.378 -14.829 -15.009 -15.062 -15.096 -14.762 -14.543 -14.9 -14.926 -14.675 -14.284 -14.72
0.449518 -10.34 -10.365 -11.617 -13.169 -14.06 -14.624 -13.131 -13.335 -14.072 -14.637 -14.936 -15.066 -13.291 -14.283 -14.833 -15.02 -15.078 -14.384 -14.846 -15.034 -15.092 -15.128 -14.78 -14.554 -14.922 -14.965 -14.718 -14.33 -14.738
0.463113 -10.313 -10.307 -11.582 -13.151 -14.058 -14.635 -13.128 -13.32 -14.071 -14.648 -14.958 -15.096 -13.274 -14.286 -14.85 -15.045 -15.108 -14.389 -14.864 -15.059 -15.121 -15.161 -14.798 -14.564 -14.942 -15.003 -14.76 -14.376 -14.756
0.47712 -10.287 -10.248 -11.546 -13.132 -14.056 -14.645 -13.125 -13.304 -14.069 -14.659 -14.978 -15.124 -13.257 -14.288 -14.866 -15.069 -15.138 -14.394 -14.88 -15.083 -15.15 -15.192 -14.815 -14.574 -14.962 -15.041 -14.803 -14.421 -14.773
0.49155 -10.261 -10.187 -11.509 -13.112 -14.052 -14.655 -13.121 -13.287 -14.066 -14.669 -14.999 -15.153 -13.239 -14.29 -14.882 -15.093 -15.168 -14.398 -14.897 -15.107 -15.179 -15.224 -14.831 -14.583 -14.982 -15.078 -14.845 -14.467 -14.79
0.506416 -10.236 -10.125 -11.471 -13.091 -14.048 -14.664 -13.116 -13.269 -14.062 -14.678 -15.019 -15.181 -13.219 -14.291 -14.897 -15.116 -15.197 -14.401 -14.912 -15.131 -15.207 -15.255 -14.847 -14.591 -15.001 -15.116 -14.886 -14.512 -14.806
0.521733 -10.211 -10.061 -11.433 -13.069 -14.043 -14.672 -13.111 -13.25 -14.058 -14.687 -15.038 -15.209 -13.199 -14.291 -14.912 -15.139 -15.225 -14.404 -14.927 -15.154 -15.235 -15.286 -14.863 -14.598 -15.02 -15.153 -14.928 -14.557 -14.822
