web/models/kne.last_good/kappa_1_10/16/villar_0.0775_0.3903_10.0000.dat
# %ECSV 1.0
# ---
# datatype:
# - {name: time, datatype: float64}
# - {name: swift_uvot_uvw2, datatype: float64}
# - {name: swift_uvot_uvm2, datatype: float64}
# - {name: swift_uvot_uvw1, datatype: float64}
# - {name: swift_uvot_U, datatype: float64}
# - {name: swift_uvot_B, datatype: float64}
# - {name: swift_uvot_V, datatype: float64}
# - {name: swift_uvot_W, datatype: float64}
# - {name: johnson_U, datatype: float64}
# - {name: johnson_B, datatype: float64}
# - {name: johnson_V, datatype: float64}
# - {name: johnson_R, datatype: float64}
# - {name: johnson_I, datatype: float64}
# - {name: sdss_u, datatype: float64}
# - {name: sdss_g, datatype: float64}
# - {name: sdss_r, datatype: float64}
# - {name: sdss_i, datatype: float64}
# - {name: sdss_z, datatype: float64}
# - {name: PS1_g, datatype: float64}
# - {name: PS1_r, datatype: float64}
# - {name: PS1_i, datatype: float64}
# - {name: PS1_z, datatype: float64}
# - {name: PS1_Y, datatype: float64}
# - {name: PS1_w, datatype: float64}
# - {name: ATLAS_c, datatype: float64}
# - {name: ATLAS_o, datatype: float64}
# - {name: ukirt_J, datatype: float64}
# - {name: ukirt_H, datatype: float64}
# - {name: ukirt_K, datatype: float64}
# - {name: Clear, datatype: float64}
# meta: !!omap
# - comment: [kappa = 10.0, type = villar, mass = 0.07749594937791414, velocity = 0.3903333333333333, theta_obs = 0.0]
# schema: astropy-2.0
time swift_uvot_uvw2 swift_uvot_uvm2 swift_uvot_uvw1 swift_uvot_U swift_uvot_B swift_uvot_V swift_uvot_W johnson_U johnson_B johnson_V johnson_R johnson_I sdss_u sdss_g sdss_r sdss_i sdss_z PS1_g PS1_r PS1_i PS1_z PS1_Y PS1_w ATLAS_c ATLAS_o ukirt_J ukirt_H ukirt_K Clear
[from data line 281]
4.327172 -9.968 -7.108 -9.553 -11.61 -13.266 -14.419 -12.519 -11.911 -13.31 -14.462 -15.255 -15.767 -11.805 -13.731 -14.927 -15.485 -15.819 -13.973 -14.965 -15.514 -15.794 -15.98 -14.96 -14.354 -15.211 -16.099 -16.065 -15.844 -14.979
4.458044 -9.964 -7.104 -9.549 -11.606 -13.262 -14.415 -12.515 -11.907 -13.306 -14.458 -15.251 -15.763 -11.801 -13.727 -14.923 -15.481 -15.815 -13.969 -14.961 -15.51 -15.79 -15.976 -14.956 -14.35 -15.207 -16.095 -16.061 -15.84 -14.975
4.592874 -9.959 -7.099 -9.543 -11.601 -13.257 -14.409 -12.51 -11.902 -13.3 -14.453 -15.246 -15.758 -11.796 -13.722 -14.918 -15.476 -15.81 -13.964 -14.955 -15.505 -15.785 -15.971 -14.951 -14.344 -15.202 -16.09 -16.055 -15.835 -14.97
4.731783 -9.953 -7.093 -9.537 -11.594 -13.25 -14.403 -12.503 -11.896 -13.294 -14.447 -15.24 -15.751 -11.79 -13.716 -14.912 -15.47 -15.804 -13.958 -14.949 -15.499 -15.778 -15.965 -14.944 -14.338 -15.196 -16.084 -16.049 -15.829 -14.964
4.874892 -9.945 -7.085 -9.53 -11.587 -13.243 -14.396 -12.496 -11.888 -13.287 -14.44 -15.232 -15.744 -11.782 -13.708 -14.904 -15.462 -15.797 -13.95 -14.942 -15.491 -15.771 -15.957 -14.937 -14.331 -15.188 -16.076 -16.042 -15.821 -14.956
5.02233 -9.937 -7.077 -9.521 -11.578 -13.234 -14.387 -12.487 -11.88 -13.278 -14.431 -15.224 -15.735 -11.773 -13.7 -14.896 -15.454 -15.788 -13.942 -14.933 -15.482 -15.762 -15.949 -14.928 -14.322 -15.18 -16.068 -16.033 -15.813 -14.948
5.174227 -9.927 -7.067 -9.511 -11.569 -13.225 -14.377 -12.477 -11.87 -13.268 -14.421 -15.214 -15.725 -11.764 -13.69 -14.886 -15.444 -15.778 -13.932 -14.923 -15.473 -15.752 -15.939 -14.918 -14.312 -15.17 -16.058 -16.023 -15.803 -14.938
5.330718 -9.915 -7.055 -9.5 -11.557 -13.213 -14.366 -12.466 -11.858 -13.257 -14.41 -15.203 -15.714 -11.752 -13.678 -14.875 -15.433 -15.767 -13.92 -14.912 -15.461 -15.741 -15.928 -14.907 -14.301 -15.158 -16.047 -16.012 -15.791 -14.926
5.491942 -9.903 -7.043 -9.487 -11.544 -13.201 -14.353 -12.453 -11.846 -13.244 -14.397 -15.19 -15.701 -11.74 -13.666 -14.862 -15.42 -15.754 -13.908 -14.899 -15.449 -15.728 -15.915 -14.894 -14.288 -15.146 -16.034 -15.999 -15.779 -14.914
5.658042 -9.888 -7.028 -9.473 -11.53 -13.186 -14.339 -12.439 -11.831 -13.23 -14.383 -15.176 -15.687 -11.725 -13.651 -14.848 -15.406 -15.74 -13.893 -14.885 -15.434 -15.714 -15.901 -14.88 -14.274 -15.131 -16.02 -15.985 -15.764 -14.899
5.829166 -9.873 -7.013 -9.457 -11.514 -13.17 -14.323 -12.423 -11.816 -13.214 -14.367 -15.16 -15.671 -11.709 -13.636 -14.832 -15.39 -15.724 -13.878 -14.869 -15.418 -15.698 -15.885 -14.864 -14.258 -15.115 -16.004 -15.969 -15.748 -14.884
6.005465 -9.855 -6.995 -9.44 -11.497 -13.153 -14.306 -12.406 -11.798 -13.197 -14.349 -15.142 -15.654 -11.692 -13.618 -14.814 -15.372 -15.706 -13.86 -14.852 -15.401 -15.681 -15.867 -14.847 -14.241 -15.098 -15.986 -15.952 -15.731 -14.866
6.187096 -9.836 -6.976 -9.42 -11.477 -13.133 -14.286 -12.386 -11.779 -13.177 -14.33 -15.123 -15.634 -11.672 -13.599 -14.795 -15.353 -15.687 -13.841 -14.832 -15.381 -15.661 -15.848 -14.827 -14.221 -15.079 -15.967 -15.932 -15.712 -14.847
6.37422 -9.814 -6.954 -9.399 -11.456 -13.112 -14.265 -12.365 -11.757 -13.156 -14.309 -15.101 -15.613 -11.651 -13.577 -14.773 -15.332 -15.666 -13.819 -14.811 -15.36 -15.64 -15.826 -14.806 -14.2 -15.057 -15.946 -15.911 -15.69 -14.825
6.567004 -9.791 -6.931 -9.376 -11.433 -13.089 -14.242 -12.342 -11.734 -13.133 -14.285 -15.078 -15.59 -11.628 -13.554 -14.75 -15.308 -15.642 -13.796 -14.788 -15.337 -15.617 -15.803 -14.783 -14.177 -15.034 -15.922 -15.888 -15.667 -14.802
6.765619 -9.766 -6.906 -9.35 -11.407 -13.063 -14.216 -12.316 -11.709 -13.107 -14.26 -15.053 -15.564 -11.603 -13.529 -14.725 -15.283 -15.617 -13.771 -14.762 -15.312 -15.591 -15.778 -14.757 -14.151 -15.009 -15.897 -15.862 -15.642 -14.777
6.97024 -9.738 -6.878 -9.322 -11.38 -13.036 -14.189 -12.289 -11.681 -13.08 -14.232 -15.025 -15.537 -11.575 -13.501 -14.697 -15.255 -15.589 -13.743 -14.734 -15.284 -15.564 -15.75 -14.73 -14.124 -14.981 -15.869 -15.835 -15.614 -14.749
7.181051 -9.708 -6.848 -9.292 -11.35 -13.006 -14.159 -12.259 -11.651 -13.05 -14.202 -14.995 -15.507 -11.545 -13.471 -14.667 -15.225 -15.559 -13.713 -14.704 -15.254 -15.534 -15.72 -14.7 -14.094 -14.951 -15.839 -15.805 -15.584 -14.719
7.398237 -9.675 -6.815 -9.26 -11.317 -12.973 -14.126 -12.226 -11.618 -13.017 -14.17 -14.962 -15.474 -11.512 -13.438 -14.634 -15.193 -15.527 -13.68 -14.672 -15.221 -15.501 -15.688 -14.667 -14.061 -14.918 -15.807 -15.772 -15.551 -14.686
7.621991 -9.64 -6.78 -9.225 -11.282 -12.938 -14.091 -12.191 -11.583 -12.982 -14.135 -14.927 -15.439 -11.477 -13.403 -14.599 -15.157 -15.492 -13.645 -14.637 -15.186 -15.466 -15.652 -14.632 -14.026 -14.883 -15.771 -15.737 -15.516 -14.651
7.852513 -9.602 -6.742 -9.187 -11.244 -12.9 -14.053 -12.153 -11.545 -12.944 -14.097 -14.889 -15.401 -11.439 -13.365 -14.561 -15.119 -15.453 -13.607 -14.599 -15.148 -15.428 -15.614 -14.594 -13.988 -14.845 -15.733 -15.699 -15.478 -14.613
8.090007 -9.561 -6.701 -9.146 -11.203 -12.859 -14.012 -12.112 -11.504 -12.903 -14.056 -14.848 -15.36 -11.398 -13.324 -14.52 -15.078 -15.413 -13.566 -14.558 -15.107 -15.387 -15.573 -14.553 -13.947 -14.804 -15.692 -15.658 -15.437 -14.572
8.334684 -9.517 -6.657 -9.102 -11.159 -12.815 -13.968 -12.068 -11.46 -12.859 -14.011 -14.804 -15.316 -11.354 -13.28 -14.476 -15.034 -15.368 -13.522 -14.514 -15.063 -15.343 -15.529 -14.509 -13.903 -14.76 -15.648 -15.614 -15.393 -14.528
8.586761 -9.47 -6.61 -9.054 -11.111 -12.767 -13.92 -12.02 -11.413 -12.811 -13.964 -14.757 -15.268 -11.307 -13.233 -14.429 -14.987 -15.321 -13.475 -14.466 -15.016 -15.295 -15.482 -14.461 -13.855 -14.713 -15.601 -15.566 -15.346 -14.481
8.846461 -9.419 -6.559 -9.003 -11.061 -12.717 -13.869 -11.969 -11.362 -12.76 -13.913 -14.706 -15.217 -11.256 -13.182 -14.378 -14.936 -15.27 -13.424 -14.415 -14.965 -15.244 -15.431 -14.41 -13.804 -14.662 -15.55 -15.515 -15.295 -14.43
9.114017 -9.364 -6.504 -8.949 -11.006 -12.662 -13.815 -11.915 -11.307 -12.706 -13.858 -14.651 -15.163 -11.201 -13.127 -14.323 -14.881 -15.215 -13.369 -14.361 -14.91 -15.19 -15.376 -14.356 -13.75 -14.607 -15.495 -15.461 -15.24 -14.375
9.389664 -9.305 -6.446 -8.89 -10.947 -12.603 -13.756 -11.856 -11.249 -12.647 -13.8 -14.593 -15.104 -11.142 -13.068 -14.265 -14.823 -15.157 -13.311 -14.302 -14.851 -15.131 -15.318 -14.297 -13.691 -14.548 -15.437 -15.402 -15.181 -14.317
9.673648 -9.243 -6.383 -8.827 -10.885 -12.541 -13.693 -11.794 -11.186 -12.584 -13.737 -14.53 -15.041 -11.08 -13.006 -14.202 -14.76 -15.094 -13.248 -14.239 -14.789 -15.069 -15.255 -14.235 -13.628 -14.486 -15.374 -15.339 -15.119 -14.254
9.966221 -9.176 -6.316 -8.76 -10.818 -12.474 -13.626 -11.727 -11.119 -12.517 -13.67 -14.463 -14.974 -11.013 -12.939 -14.135 -14.693 -15.027 -13.181 -14.172 -14.722 -15.002 -15.188 -14.168 -13.561 -14.419 -15.307 -15.272 -15.052 -14.187
10.267642 -9.104 -6.244 -8.689 -10.746 -12.402 -13.555 -11.655 -11.047 -12.446 -13.598 -14.391 -14.903 -10.941 -12.867 -14.063 -14.621 -14.955 -13.109 -14.101 -14.65 -14.93 -15.116 -14.096 -13.49 -14.347 -15.235 -15.201 -14.98 -14.115
10.57818 -9.027 -6.167 -8.612 -10.669 -12.325 -13.478 -11.578 -10.971 -12.369 -13.522 -14.315 -14.826 -10.864 -12.79 -13.987 -14.545 -14.879 -13.033 -14.024 -14.573 -14.853 -15.04 -14.019 -13.413 -14.27 -15.159 -15.124 -14.903 -14.038
10.89811 -8.946 -6.086 -8.53 -10.588 -12.244 -13.396 -11.496 -10.889 -12.287 -13.44 -14.233 -14.744 -10.783 -12.709 -13.905 -14.463 -14.797 -12.951 -13.942 -14.492 -14.771 -14.958 -13.938 -13.331 -14.189 -15.077 -15.042 -14.822 -13.957
11.227716 -8.858 -5.999 -8.443 -10.5 -12.156 -13.309 -11.409 -10.802 -12.2 -13.353 -14.146 -14.657 -10.695 -12.621 -13.818 -14.376 -14.71 -12.864 -13.855 -14.404 -14.684 -14.871 -13.85 -13.244 -14.101 -14.99 -14.955 -14.734 -13.87
11.56729 -8.765 -5.906 -8.35 -10.407 -12.063 -13.216 -11.316 -10.709 -12.107 -13.26 -14.053 -14.564 -10.602 -12.528 -13.725 -14.283 -14.617 -12.771 -13.762 -14.311 -14.591 -14.778 -13.757 -13.151 -14.008 -14.897 -14.862 -14.641 -13.777
11.917135 -8.666 -5.806 -8.251 -10.308 -11.964 -13.117 -11.217 -10.609 -12.008 -13.161 -13.953 -14.465 -10.503 -12.429 -13.625 -14.184 -14.518 -12.671 -13.663 -14.212 -14.492 -14.679 -13.658 -13.052 -13.909 -14.798 -14.763 -14.542 -13.677
12.277561 -8.561 -5.701 -8.145 -10.203 -11.859 -13.011 -11.112 -10.504 -11.902 -13.055 -13.848 -14.359 -10.398 -12.324 -13.52 -14.078 -14.412 -12.566 -13.557 -14.107 -14.387 -14.573 -13.553 -12.946 -13.804 -14.692 -14.657 -14.437 -13.572
12.648887 -8.448 -5.588 -8.033 -10.09 -11.746 -12.899 -10.999 -10.391 -11.79 -12.943 -13.736 -14.247 -10.285 -12.211 -13.408 -13.966 -14.3 -12.453 -13.445 -13.994 -14.274 -14.461 -13.44 -12.834 -13.691 -14.58 -14.545 -14.324 -13.459
13.031444 -8.329 -5.469 -7.913 -9.971 -11.627 -12.779 -10.88 -10.272 -11.67 -12.823 -13.616 -14.127 -10.166 -12.092 -13.288 -13.846 -14.18 -12.334 -13.325 -13.875 -14.155 -14.341 -13.321 -12.714 -13.572 -14.46 -14.425 -14.205 -13.34
13.425571 -8.201 -5.341 -7.786 -9.843 -11.499 -12.652 -10.752 -10.145 -11.543 -12.696 -13.489 -14.0 -10.038 -11.964 -13.161 -13.719 -14.053 -12.207 -13.198 -13.747 -14.027 -14.214 -13.193 -12.587 -13.444 -14.333 -14.298 -14.077 -13.212
13.831619 -8.066 -5.206 -7.651 -9.708 -11.364 -12.517 -10.617 -10.009 -11.408 -12.56 -13.353 -13.865 -9.903 -11.829 -13.025 -13.583 -13.917 -12.071 -13.063 -13.612 -13.892 -14.078 -13.058 -12.452 -13.309 -14.197 -14.163 -13.942 -13.077
14.249947 -7.922 -5.062 -7.507 -9.564 -11.22 -12.373 -10.473 -9.865 -11.264 -12.416 -13.209 -13.721 -9.759 -11.685 -12.881 -13.439 -13.773 -11.927 -12.919 -13.468 -13.748 -13.934 -12.914 -12.308 -13.165 -14.053 -14.019 -13.798 -12.933
14.680926 -7.769 -4.909 -7.354 -9.411 -11.067 -12.22 -10.32 -9.712 -11.111 -12.263 -13.056 -13.568 -9.606 -11.532 -12.728 -13.286 -13.62 -11.774 -12.766 -13.315 -13.595 -13.781 -12.761 -12.155 -13.012 -13.9 -13.866 -13.645 -12.78
15.124941 -7.606 -4.746 -7.191 -9.248 -10.904 -12.057 -10.157 -9.549 -10.948 -12.101 -12.893 -13.405 -9.443 -11.369 -12.565 -13.124 -13.458 -11.611 -12.603 -13.152 -13.432 -13.619 -12.598 -11.992 -12.849 -13.738 -13.703 -13.482 -12.617
15.582385 -7.434 -4.574 -7.018 -9.075 -10.731 -11.884 -9.984 -9.377 -10.775 -11.928 -12.721 -13.232 -9.27 -11.197 -12.393 -12.951 -13.285 -11.439 -12.43 -12.979 -13.259 -13.446 -12.425 -11.819 -12.676 -13.565 -13.53 -13.309 -12.445
16.053663 -7.25 -4.39 -6.834 -8.892 -10.548 -11.701 -9.801 -9.193 -10.592 -11.744 -12.537 -13.049 -9.087 -11.013 -12.209 -12.767 -13.101 -11.255 -12.246 -12.796 -13.076 -13.262 -12.242 -11.636 -12.493 -13.381 -13.347 -13.126 -12.261
16.539195 -7.055 -4.195 -6.639 -8.697 -10.353 -11.505 -9.606 -8.998 -10.396 -11.549 -12.342 -12.854 -8.892 -10.818 -12.014 -12.572 -12.906 -11.06 -12.051 -12.601 -12.881 -13.067 -12.047 -11.441 -12.298 -13.186 -13.152 -12.931 -12.066
17.039412 -6.848 -3.988 -6.432 -8.49 -10.146 -11.298 -9.399 -8.791 -10.189 -11.342 -12.135 -12.646 -8.685 -10.611 -11.807 -12.365 -12.699 -10.853 -11.844 -12.394 -12.673 -12.86 -11.84 -11.233 -12.091 -12.979 -12.944 -12.724 -11.859
17.554757 -6.628 -3.768 -6.212 -8.27 -9.926 -11.078 -9.179 -8.571 -9.969 -11.122 -11.915 -12.426 -8.465 -10.391 -11.587 -12.145 -12.479 -10.633 -11.624 -12.174 -12.454 -12.64 -11.62 -11.013 -11.871 -12.759 -12.724 -12.504 -11.639
18.085689 -6.394 -3.534 -5.979 -8.036 -9.692 -10.845 -8.945 -8.337 -9.736 -10.889 -11.681 -12.193 -8.231 -10.157 -11.353 -11.911 -12.245 -10.399 -11.391 -11.94 -12.22 -12.406 -11.386 -10.78 -11.637 -12.525 -12.491 -12.27 -11.405
18.632678 -6.146 -3.286 -5.731 -7.788 -9.444 -10.597 -8.697 -8.089 -9.488 -10.641 -11.433 -11.945 -7.983 -9.909 -11.105 -11.663 -11.997 -10.151 -11.143 -11.692 -11.972 -12.158 -11.138 -10.532 -11.389 -12.277 -12.243 -12.022 -11.157
19.196211 -5.883 -3.023 -5.467 -7.525 -9.181 -10.333 -8.434 -7.826 -9.224 -10.377 -11.17 -11.682 -7.72 -9.646 -10.842 -11.4 -11.734 -9.888 -10.879 -11.429 -11.709 -11.895 -10.875 -10.268 -11.126 -12.014 -11.979 -11.759 -10.894
19.776787 -5.603 -2.743 -5.188 -7.245 -8.901 -10.054 -8.154 -7.546 -8.945 -10.098 -10.89 -11.402 -7.44 -9.366 -10.562 -11.121 -11.455 -9.608 -10.6 -11.149 -11.429 -11.616 -10.595 -9.989 -10.846 -11.735 -11.7 -11.479 -10.614
20.374923 -5.307 -2.447 -4.891 -6.948 -8.604 -9.757 -7.857 -7.25 -8.648 -9.801 -10.594 -11.105 -7.143 -9.07 -10.266 -10.824 -11.158 -9.312 -10.303 -10.853 -11.132 -11.319 -10.298 -9.692 -10.55 -11.438 -11.403 -11.183 -10.318
20.991149 -4.992 -2.132 -4.576 -6.633 -8.289 -9.442 -7.542 -6.935 -8.333 -9.486 -10.279 -10.79 -6.829 -8.755 -9.951 -10.509 -10.843 -8.997 -9.988 -10.538 -10.817 -11.004 -9.983 -9.377 -10.235 -11.123 -11.088 -10.868 -10.003
21.626011 -4.657 -1.797 -4.242 -6.299 -7.955 -9.108 -7.208 -6.6 -7.999 -9.152 -9.944 -10.456 -6.494 -8.42 -9.616 -10.174 -10.509 -8.662 -9.654 -10.203 -10.483 -10.669 -9.649 -9.043 -9.9 -10.788 -10.754 -10.533 -9.668
22.280075 -4.302 -1.442 -3.887 -5.944 -7.6 -8.753 -6.853 -6.245 -7.644 -8.797 -9.589 -10.101 -6.139 -8.065 -9.261 -9.82 -10.154 -8.307 -9.299 -9.848 -10.128 -10.315 -9.294 -8.688 -9.545 -10.434 -10.399 -10.178 -9.313
22.953921 -3.926 -1.066 -3.51 -5.567 -7.224 -8.376 -6.476 -5.869 -7.267 -8.42 -9.213 -9.724 -5.763 -7.689 -8.885 -9.443 -9.777 -7.931 -8.922 -9.472 -9.751 -9.938 -8.917 -8.311 -9.169 -10.057 -10.022 -9.802 -8.937
23.648147 -3.526 -0.666 -3.11 -5.168 -6.824 -7.976 -6.077 -5.469 -6.867 -8.02 -8.813 -9.324 -5.363 -7.289 -8.485 -9.043 -9.377 -7.531 -8.522 -9.072 -9.352 -9.538 -8.518 -7.911 -8.769 -9.657 -9.622 -9.402 -8.537
24.363369 -3.101 -0.241 -2.686 -4.743 -6.399 -7.552 -5.652 -5.044 -6.443 -7.596 -8.389 -8.9 -4.938 -6.864 -8.061 -8.619 -8.953 -7.106 -8.098 -8.647 -8.927 -9.114 -8.093 -7.487 -8.344 -9.233 -9.198 -8.977 -8.112
25.100222 -2.651 0.209 -2.235 -4.293 -5.949 -7.102 -5.202 -4.594 -5.993 -7.145 -7.938 -8.45 -4.488 -6.414 -7.61 -8.168 -8.502 -6.656 -7.647 -8.197 -8.477 -8.663 -7.643 -7.037 -7.894 -8.782 -8.748 -8.527 -7.662
25.859362 -2.173 0.687 -1.757 -3.815 -5.471 -6.623 -4.724 -4.116 -5.514 -6.667 -7.46 -7.971 -4.01 -5.936 -7.132 -7.69 -8.024 -6.178 -7.169 -7.719 -7.999 -8.185 -7.165 -6.558 -7.416 -8.304 -8.269 -8.049 -7.184
26.64146 -1.665 1.195 -1.25 -3.307 -4.963 -6.116 -4.216 -3.608 -5.007 -6.16 -6.952 -7.464 -3.502 -5.428 -6.624 -7.182 -7.517 -5.67 -6.662 -7.211 -7.491 -7.677 -6.657 -6.051 -6.908 -7.796 -7.762 -7.541 -6.676
27.447213 -1.127 1.733 -0.711 -2.768 -4.424 -5.577 -3.677 -3.07 -4.468 -5.621 -6.414 -6.925 -2.964 -4.89 -6.086 -6.644 -6.978 -5.132 -6.123 -6.673 -6.952 -7.139 -6.118 -5.512 -6.37 -7.258 -7.223 -7.003 -6.138
28.277335 -0.555 2.305 -0.139 -2.197 -3.853 -5.005 -3.106 -2.498 -3.896 -5.049 -5.842 -6.354 -2.392 -4.318 -5.514 -6.072 -6.406 -4.56 -5.551 -6.101 -6.381 -6.567 -5.547 -4.941 -5.798 -6.686 -6.652 -6.431 -5.566
29.132564 0.052 2.912 0.467 -1.59 -3.246 -4.399 -2.499 -1.891 -3.29 -4.442 -5.235 -5.747 -1.785 -3.711 -4.907 -5.465 -5.799 -3.953 -4.945 -5.494 -5.774 -5.96 -4.94 -4.334 -5.191 -6.079 -6.045 -5.824 -4.959
30.013659 0.696 3.556 1.112 -0.946 -2.602 -3.754 -1.855 -1.247 -2.646 -3.798 -4.591 -5.103 -1.141 -3.067 -4.263 -4.821 -5.155 -3.309 -4.3 -4.85 -5.13 -5.316 -4.296 -3.69 -4.547 -5.435 -5.401 -5.18 -4.315
30.921401 1.38 4.24 1.795 -0.262 -1.918 -3.071 -1.171 -0.563 -1.962 -3.115 -3.907 -4.419 -0.457 -2.383 -3.579 -4.137 -4.472 -2.625 -3.617 -4.166 -4.446 -4.632 -3.612 -3.006 -3.863 -4.751 -4.717 -4.496 -3.631
31.856598 2.105 4.965 2.521 0.464 -1.192 -2.345 -0.445 0.162 -1.236 -2.389 -3.182 -3.693 0.269 -1.658 -2.854 -3.412 -3.746 -1.9 -2.891 -3.44 -3.72 -3.907 -2.886 -2.28 -3.138 -4.026 -3.991 -3.771 -2.906
32.820079 2.876 5.736 3.291 1.234 -0.422 -1.575 0.325 0.933 -0.466 -1.619 -2.411 -2.923 1.039 -0.887 -2.083 -2.642 -2.976 -1.129 -2.121 -2.67 -2.95 -3.137 -2.116 -1.51 -2.367 -3.256 -3.221 -3.0 -2.135
33.8127 3.693 6.553 4.109 2.051 0.395 -0.757 1.142 1.75 0.352 -0.801 -1.594 -2.106 1.856 -0.07 -1.266 -1.824 -2.158 -0.312 -1.303 -1.853 -2.133 -2.319 -1.299 -0.693 -1.55 -2.438 -2.404 -2.183 -1.318
