web/models/kne.last_good/18/villar_0.0035_0.3903_10.0000.dat
# %ECSV 1.0
# ---
# datatype:
# - {name: time, datatype: float64}
# - {name: swift_uvot_uvw2, datatype: float64}
# - {name: swift_uvot_uvm2, datatype: float64}
# - {name: swift_uvot_uvw1, datatype: float64}
# - {name: swift_uvot_U, datatype: float64}
# - {name: swift_uvot_B, datatype: float64}
# - {name: swift_uvot_V, datatype: float64}
# - {name: swift_uvot_W, datatype: float64}
# - {name: johnson_U, datatype: float64}
# - {name: johnson_B, datatype: float64}
# - {name: johnson_V, datatype: float64}
# - {name: johnson_R, datatype: float64}
# - {name: johnson_I, datatype: float64}
# - {name: sdss_u, datatype: float64}
# - {name: sdss_g, datatype: float64}
# - {name: sdss_r, datatype: float64}
# - {name: sdss_i, datatype: float64}
# - {name: sdss_z, datatype: float64}
# - {name: PS1_g, datatype: float64}
# - {name: PS1_r, datatype: float64}
# - {name: PS1_i, datatype: float64}
# - {name: PS1_z, datatype: float64}
# - {name: PS1_Y, datatype: float64}
# - {name: PS1_w, datatype: float64}
# - {name: ATLAS_c, datatype: float64}
# - {name: ATLAS_o, datatype: float64}
# - {name: ukirt_J, datatype: float64}
# - {name: ukirt_H, datatype: float64}
# - {name: ukirt_K, datatype: float64}
# - {name: Clear, datatype: float64}
# meta: !!omap
# - comment: [kappa = 10.0, type = villar, mass = 0.003465724215782086, velocity = 0.3903333333333333, theta_obs = 0.0, tfloor = 2500.0]
# schema: astropy-2.0
time swift_uvot_uvw2 swift_uvot_uvm2 swift_uvot_uvw1 swift_uvot_U swift_uvot_B swift_uvot_V swift_uvot_W johnson_U johnson_B johnson_V johnson_R johnson_I sdss_u sdss_g sdss_r sdss_i sdss_z PS1_g PS1_r PS1_i PS1_z PS1_Y PS1_w ATLAS_c ATLAS_o ukirt_J ukirt_H ukirt_K Clear
[from data line 137]
0.059267 -15.864 -15.705 -15.591 -15.233 -14.905 -14.544 -15.437 -15.185 -14.901 -14.534 -14.158 -13.72 -15.194 -14.79 -14.327 -13.982 -13.655 -14.78 -14.372 -14.039 -13.832 -13.856 -14.385 -14.61 -14.186 -12.996 -12.458 -11.834 -14.46
0.061059 -15.852 -15.704 -15.594 -15.247 -14.924 -14.567 -15.44 -15.2 -14.921 -14.557 -14.184 -13.748 -15.209 -14.811 -14.352 -14.009 -13.683 -14.8 -14.394 -14.064 -13.855 -13.872 -14.409 -14.632 -14.211 -13.027 -12.49 -11.867 -14.483
0.062906 -15.839 -15.701 -15.596 -15.26 -14.943 -14.59 -15.442 -15.214 -14.939 -14.58 -14.21 -13.776 -15.223 -14.831 -14.376 -14.035 -13.712 -14.819 -14.417 -14.087 -13.878 -13.889 -14.432 -14.654 -14.237 -13.058 -12.522 -11.9 -14.505
0.064808 -15.825 -15.697 -15.597 -15.272 -14.961 -14.612 -15.444 -15.227 -14.957 -14.602 -14.235 -13.803 -15.236 -14.85 -14.4 -14.062 -13.74 -14.837 -14.439 -14.111 -13.901 -13.905 -14.455 -14.675 -14.261 -13.088 -12.554 -11.933 -14.527
0.066769 -15.81 -15.692 -15.596 -15.284 -14.978 -14.634 -15.444 -15.24 -14.974 -14.624 -14.259 -13.831 -15.249 -14.869 -14.424 -14.088 -13.767 -14.855 -14.461 -14.135 -13.924 -13.921 -14.477 -14.695 -14.286 -13.119 -12.586 -11.966 -14.548
0.068788 -15.793 -15.685 -15.594 -15.295 -14.995 -14.655 -15.443 -15.252 -14.991 -14.645 -14.284 -13.858 -15.261 -14.887 -14.447 -14.113 -13.795 -14.873 -14.482 -14.158 -13.946 -13.938 -14.499 -14.716 -14.31 -13.149 -12.617 -11.999 -14.569
0.070868 -15.774 -15.677 -15.591 -15.305 -15.011 -14.676 -15.441 -15.263 -15.007 -14.665 -14.307 -13.884 -15.271 -14.905 -14.47 -14.139 -13.822 -14.89 -14.503 -14.181 -13.969 -13.955 -14.521 -14.735 -14.334 -13.179 -12.649 -12.032 -14.589
0.073012 -15.754 -15.667 -15.587 -15.314 -15.026 -14.696 -15.438 -15.273 -15.023 -14.686 -14.331 -13.911 -15.281 -14.922 -14.492 -14.164 -13.849 -14.906 -14.524 -14.204 -13.992 -13.972 -14.541 -14.754 -14.357 -13.208 -12.68 -12.064 -14.609
0.07522 -15.733 -15.656 -15.581 -15.322 -15.041 -14.715 -15.434 -15.282 -15.037 -14.705 -14.354 -13.937 -15.291 -14.938 -14.514 -14.188 -13.875 -14.922 -14.544 -14.226 -14.014 -13.989 -14.562 -14.773 -14.38 -13.238 -12.711 -12.097 -14.628
0.077495 -15.709 -15.643 -15.574 -15.329 -15.055 -14.734 -15.428 -15.29 -15.051 -14.724 -14.376 -13.963 -15.299 -14.954 -14.535 -14.212 -13.902 -14.937 -14.564 -14.248 -14.036 -14.006 -14.582 -14.79 -14.402 -13.267 -12.742 -12.129 -14.647
0.079839 -15.684 -15.628 -15.565 -15.335 -15.068 -14.753 -15.421 -15.298 -15.064 -14.743 -14.399 -13.988 -15.306 -14.968 -14.556 -14.236 -13.927 -14.952 -14.583 -14.27 -14.058 -14.023 -14.601 -14.808 -14.424 -13.296 -12.773 -12.161 -14.665
0.082253 -15.657 -15.612 -15.555 -15.34 -15.08 -14.77 -15.413 -15.304 -15.077 -14.761 -14.42 -14.013 -15.312 -14.983 -14.576 -14.259 -13.953 -14.966 -14.602 -14.292 -14.08 -14.041 -14.62 -14.824 -14.445 -13.325 -12.803 -12.193 -14.682
0.084741 -15.628 -15.593 -15.544 -15.344 -15.092 -14.788 -15.404 -15.309 -15.088 -14.778 -14.441 -14.038 -15.317 -14.996 -14.595 -14.282 -13.978 -14.979 -14.621 -14.313 -14.101 -14.058 -14.638 -14.84 -14.466 -13.353 -12.834 -12.225 -14.699
0.087304 -15.597 -15.573 -15.53 -15.347 -15.103 -14.804 -15.393 -15.314 -15.099 -14.795 -14.462 -14.062 -15.321 -15.009 -14.614 -14.304 -14.003 -14.992 -14.639 -14.333 -14.123 -14.075 -14.655 -14.855 -14.486 -13.381 -12.864 -12.257 -14.715
0.089944 -15.564 -15.551 -15.515 -15.349 -15.112 -14.82 -15.381 -15.317 -15.109 -14.81 -14.482 -14.086 -15.324 -15.021 -14.633 -14.326 -14.027 -15.004 -14.656 -14.354 -14.144 -14.093 -14.672 -14.87 -14.506 -13.409 -12.894 -12.288 -14.73
0.092665 -15.529 -15.527 -15.499 -15.35 -15.121 -14.835 -15.367 -15.319 -15.118 -14.826 -14.502 -14.109 -15.326 -15.032 -14.651 -14.348 -14.051 -15.015 -14.673 -14.374 -14.165 -14.11 -14.688 -14.884 -14.526 -13.437 -12.923 -12.319 -14.745
0.095467 -15.492 -15.501 -15.48 -15.349 -15.129 -14.85 -15.352 -15.32 -15.126 -14.84 -14.521 -14.132 -15.327 -15.042 -14.668 -14.369 -14.075 -15.025 -14.689 -14.393 -14.185 -14.127 -14.704 -14.897 -14.544 -13.464 -12.953 -12.351 -14.759
0.098355 -15.453 -15.473 -15.46 -15.347 -15.136 -14.863 -15.336 -15.319 -15.133 -14.854 -14.539 -14.155 -15.326 -15.051 -14.685 -14.389 -14.098 -15.035 -14.705 -14.413 -14.205 -14.144 -14.719 -14.909 -14.562 -13.491 -12.982 -12.382 -14.773
0.101329 -15.411 -15.442 -15.438 -15.344 -15.142 -14.876 -15.318 -15.318 -15.139 -14.867 -14.557 -14.177 -15.324 -15.059 -14.701 -14.409 -14.121 -15.043 -14.72 -14.431 -14.225 -14.161 -14.733 -14.92 -14.58 -13.518 -13.011 -12.412 -14.785
0.104394 -15.367 -15.409 -15.414 -15.339 -15.147 -14.889 -15.298 -15.315 -15.144 -14.879 -14.574 -14.198 -15.321 -15.067 -14.716 -14.428 -14.143 -15.051 -14.735 -14.449 -14.245 -14.178 -14.747 -14.931 -14.597 -13.545 -13.04 -12.443 -14.797
0.107551 -15.32 -15.374 -15.388 -15.333 -15.151 -14.9 -15.277 -15.31 -15.148 -14.891 -14.591 -14.219 -15.317 -15.073 -14.731 -14.447 -14.165 -15.058 -14.749 -14.467 -14.264 -14.195 -14.76 -14.941 -14.613 -13.571 -13.068 -12.474 -14.808
0.110804 -15.271 -15.336 -15.36 -15.326 -15.154 -14.91 -15.255 -15.305 -15.151 -14.902 -14.607 -14.24 -15.311 -15.079 -14.745 -14.465 -14.186 -15.064 -14.762 -14.484 -14.282 -14.212 -14.772 -14.949 -14.629 -13.597 -13.096 -12.504 -14.819
0.114155 -15.219 -15.296 -15.329 -15.317 -15.156 -14.92 -15.231 -15.297 -15.152 -14.911 -14.622 -14.26 -15.303 -15.083 -14.758 -14.483 -14.207 -15.069 -14.774 -14.501 -14.301 -14.228 -14.783 -14.957 -14.644 -13.622 -13.124 -12.534 -14.828
0.117608 -15.164 -15.253 -15.297 -15.306 -15.156 -14.929 -15.205 -15.289 -15.153 -14.92 -14.636 -14.28 -15.294 -15.086 -14.77 -14.5 -14.227 -15.073 -14.786 -14.517 -14.319 -14.244 -14.793 -14.964 -14.658 -13.647 -13.152 -12.564 -14.837
0.121165 -15.106 -15.208 -15.262 -15.294 -15.155 -14.937 -15.178 -15.278 -15.152 -14.928 -14.65 -14.299 -15.284 -15.089 -14.782 -14.516 -14.247 -15.075 -14.797 -14.533 -14.336 -14.26 -14.803 -14.97 -14.671 -13.672 -13.179 -12.593 -14.844
0.124829 -15.046 -15.159 -15.225 -15.28 -15.153 -14.943 -15.148 -15.267 -15.15 -14.935 -14.663 -14.317 -15.271 -15.09 -14.793 -14.532 -14.266 -15.077 -14.807 -14.548 -14.353 -14.276 -14.811 -14.975 -14.684 -13.696 -13.207 -12.623 -14.851
0.128605 -14.982 -15.108 -15.186 -15.264 -15.15 -14.949 -15.118 -15.253 -15.147 -14.941 -14.676 -14.335 -15.258 -15.089 -14.803 -14.547 -14.285 -15.078 -14.816 -14.562 -14.37 -14.291 -14.819 -14.979 -14.696 -13.72 -13.234 -12.652 -14.857
0.132494 -14.915 -15.054 -15.144 -15.247 -15.145 -14.954 -15.085 -15.238 -15.142 -14.946 -14.687 -14.353 -15.242 -15.088 -14.812 -14.562 -14.303 -15.077 -14.825 -14.575 -14.386 -14.306 -14.826 -14.982 -14.707 -13.744 -13.26 -12.681 -14.862
0.136502 -14.846 -14.996 -15.099 -15.227 -15.139 -14.958 -15.051 -15.221 -15.136 -14.95 -14.698 -14.369 -15.225 -15.085 -14.82 -14.575 -14.321 -15.076 -14.832 -14.588 -14.401 -14.321 -14.832 -14.984 -14.717 -13.767 -13.286 -12.71 -14.866
0.14063 -14.773 -14.936 -15.052 -15.206 -15.132 -14.961 -15.015 -15.202 -15.128 -14.953 -14.708 -14.385 -15.205 -15.081 -14.827 -14.588 -14.338 -15.073 -14.839 -14.601 -14.416 -14.336 -14.837 -14.984 -14.727 -13.79 -13.312 -12.739 -14.868
0.144883 -14.696 -14.872 -15.002 -15.183 -15.122 -14.962 -14.977 -15.181 -15.119 -14.954 -14.717 -14.401 -15.184 -15.076 -14.833 -14.6 -14.354 -15.068 -14.845 -14.612 -14.431 -14.35 -14.841 -14.984 -14.735 -13.812 -13.338 -12.767 -14.87
0.149265 -14.616 -14.805 -14.95 -15.158 -15.112 -14.962 -14.937 -15.158 -15.109 -14.955 -14.725 -14.416 -15.161 -15.069 -14.838 -14.612 -14.37 -15.063 -14.849 -14.623 -14.444 -14.363 -14.843 -14.982 -14.743 -13.834 -13.363 -12.795 -14.871
0.15378 -14.533 -14.734 -14.894 -15.13 -15.099 -14.961 -14.896 -15.133 -15.097 -14.954 -14.732 -14.43 -15.136 -15.061 -14.842 -14.622 -14.385 -15.056 -14.853 -14.633 -14.458 -14.376 -14.845 -14.979 -14.75 -13.856 -13.388 -12.823 -14.87
0.15843 -14.446 -14.66 -14.836 -15.1 -15.086 -14.959 -14.852 -15.107 -15.083 -14.952 -14.738 -14.443 -15.108 -15.051 -14.845 -14.632 -14.399 -15.047 -14.856 -14.642 -14.47 -14.389 -14.846 -14.974 -14.755 -13.877 -13.413 -12.851 -14.869
0.163222 -14.356 -14.582 -14.774 -15.068 -15.07 -14.956 -14.807 -15.077 -15.067 -14.949 -14.744 -14.456 -15.079 -15.039 -14.847 -14.64 -14.413 -15.037 -14.857 -14.65 -14.482 -14.402 -14.845 -14.969 -14.76 -13.898 -13.437 -12.878 -14.866
0.168159 -14.261 -14.5 -14.71 -15.034 -15.052 -14.951 -14.76 -15.046 -15.05 -14.944 -14.748 -14.468 -15.047 -15.026 -14.848 -14.648 -14.426 -15.026 -14.858 -14.658 -14.493 -14.413 -14.844 -14.961 -14.764 -13.918 -13.461 -12.905 -14.862
0.173245 -14.163 -14.415 -14.642 -14.997 -15.033 -14.945 -14.712 -15.012 -15.031 -14.938 -14.751 -14.479 -15.012 -15.012 -14.848 -14.655 -14.438 -15.013 -14.857 -14.665 -14.504 -14.425 -14.841 -14.953 -14.766 -13.937 -13.485 -12.932 -14.857
0.178484 -14.061 -14.325 -14.571 -14.958 -15.012 -14.937 -14.661 -14.976 -15.01 -14.931 -14.753 -14.489 -14.976 -14.995 -14.846 -14.661 -14.449 -14.998 -14.855 -14.67 -14.513 -14.435 -14.837 -14.943 -14.768 -13.957 -13.508 -12.959 -14.85
0.183882 -13.955 -14.231 -14.497 -14.916 -14.989 -14.928 -14.608 -14.938 -14.987 -14.922 -14.754 -14.498 -14.936 -14.977 -14.843 -14.666 -14.46 -14.981 -14.852 -14.675 -14.522 -14.445 -14.831 -14.931 -14.768 -13.975 -13.531 -12.985 -14.843
0.189444 -13.845 -14.134 -14.419 -14.872 -14.964 -14.917 -14.554 -14.897 -14.962 -14.912 -14.754 -14.507 -14.895 -14.957 -14.839 -14.67 -14.47 -14.963 -14.848 -14.679 -14.53 -14.455 -14.824 -14.918 -14.767 -13.993 -13.554 -13.011 -14.833
0.195173 -13.731 -14.031 -14.338 -14.824 -14.936 -14.905 -14.497 -14.853 -14.934 -14.9 -14.753 -14.515 -14.85 -14.935 -14.834 -14.673 -14.479 -14.943 -14.842 -14.681 -14.538 -14.464 -14.816 -14.903 -14.765 -14.011 -13.576 -13.037 -14.823
0.201076 -13.612 -13.925 -14.253 -14.774 -14.907 -14.891 -14.439 -14.806 -14.905 -14.886 -14.75 -14.521 -14.803 -14.911 -14.827 -14.675 -14.487 -14.921 -14.835 -14.683 -14.544 -14.472 -14.807 -14.886 -14.762 -14.028 -13.597 -13.062 -14.811
0.207158 -13.49 -13.813 -14.164 -14.721 -14.875 -14.875 -14.379 -14.757 -14.874 -14.871 -14.746 -14.527 -14.753 -14.885 -14.818 -14.676 -14.494 -14.898 -14.827 -14.684 -14.55 -14.48 -14.796 -14.868 -14.757 -14.044 -13.619 -13.088 -14.797
0.213423 -13.363 -13.697 -14.072 -14.665 -14.841 -14.858 -14.316 -14.705 -14.84 -14.854 -14.741 -14.532 -14.7 -14.857 -14.808 -14.675 -14.5 -14.872 -14.817 -14.683 -14.554 -14.486 -14.783 -14.848 -14.752 -14.06 -13.64 -13.113 -14.783
0.219878 -13.232 -13.576 -13.976 -14.606 -14.805 -14.839 -14.252 -14.65 -14.804 -14.835 -14.734 -14.536 -14.643 -14.827 -14.797 -14.673 -14.506 -14.844 -14.805 -14.681 -14.558 -14.492 -14.769 -14.826 -14.744 -14.075 -13.66 -13.137 -14.766
0.226528 -13.096 -13.45 -13.876 -14.544 -14.766 -14.818 -14.186 -14.591 -14.765 -14.814 -14.726 -14.539 -14.584 -14.795 -14.784 -14.671 -14.51 -14.814 -14.792 -14.678 -14.561 -14.498 -14.754 -14.802 -14.735 -14.089 -13.68 -13.162 -14.748
0.233379 -12.956 -13.32 -13.771 -14.478 -14.724 -14.795 -14.118 -14.53 -14.724 -14.792 -14.717 -14.541 -14.522 -14.76 -14.769 -14.666 -14.513 -14.782 -14.777 -14.674 -14.562 -14.502 -14.737 -14.776 -14.725 -14.103 -13.699 -13.186 -14.728
0.240437 -12.812 -13.183 -13.663 -14.409 -14.68 -14.77 -14.047 -14.465 -14.68 -14.767 -14.706 -14.541 -14.456 -14.723 -14.753 -14.661 -14.515 -14.748 -14.761 -14.669 -14.563 -14.506 -14.718 -14.748 -14.714 -14.116 -13.718 -13.209 -14.707
0.247709 -12.663 -13.042 -13.551 -14.336 -14.634 -14.743 -13.975 -14.397 -14.634 -14.74 -14.694 -14.541 -14.387 -14.683 -14.735 -14.654 -14.517 -14.711 -14.743 -14.662 -14.563 -14.508 -14.698 -14.718 -14.7 -14.129 -13.737 -13.233 -14.684
0.255201 -12.51 -12.895 -13.434 -14.26 -14.584 -14.713 -13.901 -14.326 -14.585 -14.712 -14.68 -14.539 -14.314 -14.641 -14.715 -14.646 -14.517 -14.672 -14.723 -14.653 -14.561 -14.51 -14.675 -14.686 -14.685 -14.141 -13.755 -13.256 -14.66
0.262919 -12.353 -12.743 -13.313 -14.18 -14.532 -14.682 -13.824 -14.251 -14.533 -14.681 -14.664 -14.536 -14.238 -14.596 -14.693 -14.636 -14.516 -14.63 -14.701 -14.644 -14.558 -14.511 -14.651 -14.651 -14.669 -14.152 -13.772 -13.278 -14.633
0.270871 -12.192 -12.584 -13.187 -14.096 -14.476 -14.648 -13.746 -14.172 -14.478 -14.648 -14.647 -14.532 -14.158 -14.549 -14.669 -14.624 -14.513 -14.586 -14.678 -14.633 -14.554 -14.511 -14.625 -14.614 -14.65 -14.162 -13.789 -13.3 -14.605
0.279064 -12.026 -12.42 -13.057 -14.009 -14.418 -14.612 -13.665 -14.09 -14.42 -14.612 -14.628 -14.527 -14.074 -14.499 -14.644 -14.612 -14.51 -14.539 -14.652 -14.62 -14.549 -14.51 -14.598 -14.575 -14.63 -14.171 -13.805 -13.322 -14.575
0.287504 -11.857 -12.25 -12.922 -13.917 -14.356 -14.574 -13.582 -14.003 -14.359 -14.574 -14.607 -14.52 -13.986 -14.446 -14.616 -14.597 -14.505 -14.49 -14.624 -14.606 -14.542 -14.507 -14.568 -14.534 -14.608 -14.18 -13.821 -13.344 -14.543
0.296199 -11.683 -12.074 -12.783 -13.821 -14.292 -14.533 -13.497 -13.913 -14.294 -14.534 -14.584 -14.512 -13.894 -14.39 -14.586 -14.581 -14.498 -14.437 -14.594 -14.59 -14.534 -14.504 -14.536 -14.49 -14.585 -14.188 -13.836 -13.365 -14.509
0.305157 -11.506 -11.891 -12.638 -13.721 -14.223 -14.489 -13.41 -13.818 -14.227 -14.491 -14.56 -14.502 -13.797 -14.331 -14.554 -14.563 -14.491 -14.382 -14.563 -14.572 -14.525 -14.499 -14.502 -14.443 -14.559 -14.195 -13.851 -13.386 -14.474
0.314387 -11.326 -11.702 -12.489 -13.616 -14.152 -14.442 -13.321 -13.719 -14.156 -14.445 -14.533 -14.491 -13.697 -14.269 -14.519 -14.543 -14.482 -14.324 -14.528 -14.553 -14.514 -14.494 -14.467 -14.394 -14.531 -14.201 -13.865 -13.406 -14.436
0.323895 -11.143 -11.506 -12.335 -13.507 -14.077 -14.393 -13.229 -13.616 -14.081 -14.397 -14.504 -14.479 -13.592 -14.203 -14.482 -14.522 -14.471 -14.263 -14.492 -14.531 -14.502 -14.487 -14.429 -14.342 -14.501 -14.206 -13.878 -13.426 -14.396
0.333691 -10.957 -11.303 -12.176 -13.393 -13.998 -14.341 -13.135 -13.509 -14.003 -14.346 -14.473 -14.465 -13.482 -14.135 -14.443 -14.498 -14.459 -14.198 -14.453 -14.508 -14.488 -14.478 -14.388 -14.288 -14.469 -14.21 -13.891 -13.446 -14.354
0.343783 -10.769 -11.093 -12.011 -13.275 -13.915 -14.286 -13.038 -13.396 -13.921 -14.292 -14.44 -14.449 -13.368 -14.063 -14.401 -14.473 -14.446 -14.131 -14.411 -14.483 -14.473 -14.469 -14.346 -14.23 -14.435 -14.213 -13.903 -13.465 -14.31
0.354181 -10.58 -10.876 -11.842 -13.151 -13.828 -14.228 -12.939 -13.279 -13.835 -14.235 -14.405 -14.431 -13.248 -13.987 -14.357 -14.445 -14.431 -14.06 -14.367 -14.456 -14.456 -14.457 -14.301 -14.169 -14.398 -14.215 -13.914 -13.483 -14.264
0.364893 -10.39 -10.652 -11.667 -13.022 -13.738 -14.167 -12.837 -13.157 -13.745 -14.174 -14.368 -14.412 -13.124 -13.908 -14.31 -14.416 -14.414 -13.986 -14.321 -14.427 -14.437 -14.445 -14.253 -14.106 -14.359 -14.216 -13.925 -13.501 -14.216
0.375929 -10.2 -10.42 -11.486 -12.888 -13.643 -14.102 -12.733 -13.03 -13.652 -14.111 -14.328 -14.391 -12.995 -13.824 -14.26 -14.384 -14.395 -13.908 -14.271 -14.396 -14.416 -14.431 -14.204 -14.039 -14.318 -14.216 -13.935 -13.519 -14.165
0.387298 -10.012 -10.18 -11.301 -12.749 -13.544 -14.034 -12.626 -12.898 -13.554 -14.044 -14.285 -14.368 -12.86 -13.737 -14.207 -14.35 -14.374 -13.826 -14.219 -14.362 -14.393 -14.415 -14.151 -13.968 -14.274 -14.215 -13.943 -13.536 -14.112
0.399012 -9.825 -9.933 -11.11 -12.604 -13.44 -13.963 -12.516 -12.76 -13.451 -13.974 -14.24 -14.343 -12.719 -13.646 -14.151 -14.313 -14.352 -13.741 -14.164 -14.326 -14.369 -14.398 -14.096 -13.895 -14.227 -14.212 -13.952 -13.552 -14.057
0.41108 -9.642 -9.677 -10.913 -12.453 -13.332 -13.888 -12.404 -12.617 -13.344 -13.9 -14.192 -14.316 -12.573 -13.551 -14.092 -14.274 -14.328 -13.652 -14.106 -14.288 -14.342 -14.379 -14.038 -13.818 -14.178 -14.208 -13.959 -13.568 -14.0
