web/models/linear/51/-16_592_0_006.dat
# %ECSV 1.0
# ---
# datatype:
# - {name: time, datatype: float64}
# - {name: sdss_u, datatype: float64}
# - {name: sdss_g, datatype: float64}
# - {name: sdss_r, datatype: float64}
# - {name: sdss_i, datatype: float64}
# - {name: sdss_z, datatype: float64}
# - {name: Clear, datatype: float64}
# - {name: johnson_B, datatype: float64}
# - {name: johnson_V, datatype: float64}
# - {name: johnson_R, datatype: float64}
# - {name: johnson_I, datatype: float64}
# - {name: ukirt_J, datatype: float64}
# - {name: ukirt_H, datatype: float64}
# - {name: ukirt_K, datatype: float64}
# meta: !!omap
# - comment: [M=-16.591836734693878, dM=0.006433028999174784]
# schema: astropy-2.0
time sdss_u sdss_g sdss_r sdss_i sdss_z Clear johnson_B johnson_V johnson_R johnson_I ukirt_J ukirt_H ukirt_K
[from data line 176]
13.266331658291456 -16.50649403842342 -16.50649403842342 -16.50649403842342 -16.50649403842342 -16.50649403842342 -16.50649403842342 -16.50649403842342 -16.50649403842342 -16.50649403842342 -16.50649403842342 -16.50649403842342 -16.50649403842342 -16.50649403842342
13.341708542713567 -16.506009136740065 -16.506009136740065 -16.506009136740065 -16.506009136740065 -16.506009136740065 -16.506009136740065 -16.506009136740065 -16.506009136740065 -16.506009136740065 -16.506009136740065 -16.506009136740065 -16.506009136740065 -16.506009136740065
13.417085427135678 -16.505524235056708 -16.505524235056708 -16.505524235056708 -16.505524235056708 -16.505524235056708 -16.505524235056708 -16.505524235056708 -16.505524235056708 -16.505524235056708 -16.505524235056708 -16.505524235056708 -16.505524235056708 -16.505524235056708
13.492462311557787 -16.505039333373354 -16.505039333373354 -16.505039333373354 -16.505039333373354 -16.505039333373354 -16.505039333373354 -16.505039333373354 -16.505039333373354 -16.505039333373354 -16.505039333373354 -16.505039333373354 -16.505039333373354 -16.505039333373354
13.567839195979898 -16.50455443169 -16.50455443169 -16.50455443169 -16.50455443169 -16.50455443169 -16.50455443169 -16.50455443169 -16.50455443169 -16.50455443169 -16.50455443169 -16.50455443169 -16.50455443169 -16.50455443169
13.64321608040201 -16.504069530006642 -16.504069530006642 -16.504069530006642 -16.504069530006642 -16.504069530006642 -16.504069530006642 -16.504069530006642 -16.504069530006642 -16.504069530006642 -16.504069530006642 -16.504069530006642 -16.504069530006642 -16.504069530006642
13.718592964824118 -16.50358462832329 -16.50358462832329 -16.50358462832329 -16.50358462832329 -16.50358462832329 -16.50358462832329 -16.50358462832329 -16.50358462832329 -16.50358462832329 -16.50358462832329 -16.50358462832329 -16.50358462832329 -16.50358462832329
13.79396984924623 -16.503099726639935 -16.503099726639935 -16.503099726639935 -16.503099726639935 -16.503099726639935 -16.503099726639935 -16.503099726639935 -16.503099726639935 -16.503099726639935 -16.503099726639935 -16.503099726639935 -16.503099726639935 -16.503099726639935
13.86934673366834 -16.50261482495658 -16.50261482495658 -16.50261482495658 -16.50261482495658 -16.50261482495658 -16.50261482495658 -16.50261482495658 -16.50261482495658 -16.50261482495658 -16.50261482495658 -16.50261482495658 -16.50261482495658 -16.50261482495658
13.944723618090451 -16.502129923273223 -16.502129923273223 -16.502129923273223 -16.502129923273223 -16.502129923273223 -16.502129923273223 -16.502129923273223 -16.502129923273223 -16.502129923273223 -16.502129923273223 -16.502129923273223 -16.502129923273223 -16.502129923273223
14.020100502512562 -16.50164502158987 -16.50164502158987 -16.50164502158987 -16.50164502158987 -16.50164502158987 -16.50164502158987 -16.50164502158987 -16.50164502158987 -16.50164502158987 -16.50164502158987 -16.50164502158987 -16.50164502158987 -16.50164502158987
14.095477386934672 -16.501160119906515 -16.501160119906515 -16.501160119906515 -16.501160119906515 -16.501160119906515 -16.501160119906515 -16.501160119906515 -16.501160119906515 -16.501160119906515 -16.501160119906515 -16.501160119906515 -16.501160119906515 -16.501160119906515
14.170854271356783 -16.50067521822316 -16.50067521822316 -16.50067521822316 -16.50067521822316 -16.50067521822316 -16.50067521822316 -16.50067521822316 -16.50067521822316 -16.50067521822316 -16.50067521822316 -16.50067521822316 -16.50067521822316 -16.50067521822316
14.246231155778894 -16.500190316539804 -16.500190316539804 -16.500190316539804 -16.500190316539804 -16.500190316539804 -16.500190316539804 -16.500190316539804 -16.500190316539804 -16.500190316539804 -16.500190316539804 -16.500190316539804 -16.500190316539804 -16.500190316539804
14.321608040201003 -16.49970541485645 -16.49970541485645 -16.49970541485645 -16.49970541485645 -16.49970541485645 -16.49970541485645 -16.49970541485645 -16.49970541485645 -16.49970541485645 -16.49970541485645 -16.49970541485645 -16.49970541485645 -16.49970541485645
14.396984924623114 -16.499220513173096 -16.499220513173096 -16.499220513173096 -16.499220513173096 -16.499220513173096 -16.499220513173096 -16.499220513173096 -16.499220513173096 -16.499220513173096 -16.499220513173096 -16.499220513173096 -16.499220513173096 -16.499220513173096
14.472361809045225 -16.49873561148974 -16.49873561148974 -16.49873561148974 -16.49873561148974 -16.49873561148974 -16.49873561148974 -16.49873561148974 -16.49873561148974 -16.49873561148974 -16.49873561148974 -16.49873561148974 -16.49873561148974 -16.49873561148974
14.547738693467336 -16.498250709806385 -16.498250709806385 -16.498250709806385 -16.498250709806385 -16.498250709806385 -16.498250709806385 -16.498250709806385 -16.498250709806385 -16.498250709806385 -16.498250709806385 -16.498250709806385 -16.498250709806385 -16.498250709806385
14.623115577889447 -16.49776580812303 -16.49776580812303 -16.49776580812303 -16.49776580812303 -16.49776580812303 -16.49776580812303 -16.49776580812303 -16.49776580812303 -16.49776580812303 -16.49776580812303 -16.49776580812303 -16.49776580812303 -16.49776580812303
14.698492462311556 -16.497280906439677 -16.497280906439677 -16.497280906439677 -16.497280906439677 -16.497280906439677 -16.497280906439677 -16.497280906439677 -16.497280906439677 -16.497280906439677 -16.497280906439677 -16.497280906439677 -16.497280906439677 -16.497280906439677
14.773869346733667 -16.49679600475632 -16.49679600475632 -16.49679600475632 -16.49679600475632 -16.49679600475632 -16.49679600475632 -16.49679600475632 -16.49679600475632 -16.49679600475632 -16.49679600475632 -16.49679600475632 -16.49679600475632 -16.49679600475632
14.849246231155778 -16.496311103072966 -16.496311103072966 -16.496311103072966 -16.496311103072966 -16.496311103072966 -16.496311103072966 -16.496311103072966 -16.496311103072966 -16.496311103072966 -16.496311103072966 -16.496311103072966 -16.496311103072966 -16.496311103072966
14.924623115577887 -16.49582620138961 -16.49582620138961 -16.49582620138961 -16.49582620138961 -16.49582620138961 -16.49582620138961 -16.49582620138961 -16.49582620138961 -16.49582620138961 -16.49582620138961 -16.49582620138961 -16.49582620138961 -16.49582620138961
15.0 -16.495341299706258 -16.495341299706258 -16.495341299706258 -16.495341299706258 -16.495341299706258 -16.495341299706258 -16.495341299706258 -16.495341299706258 -16.495341299706258 -16.495341299706258 -16.495341299706258 -16.495341299706258 -16.495341299706258
