web/models/linear/51/-16_592_0_004.dat
# %ECSV 1.0
# ---
# datatype:
# - {name: time, datatype: float64}
# - {name: swift_uvot_uvw2, datatype: float64}
# - {name: swift_uvot_uvm2, datatype: float64}
# - {name: swift_uvot_uvw1, datatype: float64}
# - {name: swift_uvot_U, datatype: float64}
# - {name: swift_uvot_B, datatype: float64}
# - {name: swift_uvot_V, datatype: float64}
# - {name: swift_uvot_W, datatype: float64}
# - {name: johnson_U, datatype: float64}
# - {name: johnson_B, datatype: float64}
# - {name: johnson_V, datatype: float64}
# - {name: johnson_R, datatype: float64}
# - {name: johnson_I, datatype: float64}
# - {name: sdss_u, datatype: float64}
# - {name: sdss_g, datatype: float64}
# - {name: sdss_r, datatype: float64}
# - {name: sdss_i, datatype: float64}
# - {name: sdss_z, datatype: float64}
# - {name: PS1_g, datatype: float64}
# - {name: PS1_r, datatype: float64}
# - {name: PS1_i, datatype: float64}
# - {name: PS1_z, datatype: float64}
# - {name: PS1_Y, datatype: float64}
# - {name: PS1_w, datatype: float64}
# - {name: ATLAS_c, datatype: float64}
# - {name: ATLAS_o, datatype: float64}
# - {name: ukirt_J, datatype: float64}
# - {name: ukirt_H, datatype: float64}
# - {name: ukirt_K, datatype: float64}
# - {name: Clear, datatype: float64}
# meta: !!omap
# - comment: [M=-16.591836734693878, dM=0.004039351362401992]
# schema: astropy-2.0
time swift_uvot_uvw2 swift_uvot_uvm2 swift_uvot_uvw1 swift_uvot_U swift_uvot_B swift_uvot_V swift_uvot_W johnson_U johnson_B johnson_V johnson_R johnson_I sdss_u sdss_g sdss_r sdss_i sdss_z PS1_g PS1_r PS1_i PS1_z PS1_Y PS1_w ATLAS_c ATLAS_o ukirt_J ukirt_H ukirt_K Clear
0.0 -16.591836734693878 -16.591836734693878 -16.591836734693878 -16.591836734693878 -16.591836734693878 -16.591836734693878 -16.591836734693878 -16.591836734693878 -16.591836734693878 -16.591836734693878 -16.591836734693878 -16.591836734693878 -16.591836734693878 -16.591836734693878 -16.591836734693878 -16.591836734693878 -16.591836734693878 -16.591836734693878 -16.591836734693878 -16.591836734693878 -16.591836734693878 -16.591836734693878 -16.591836734693878 -16.591836734693878 -16.591836734693878 -16.591836734693878 -16.591836734693878 -16.591836734693878 -16.591836734693878
0.07537688442211055 -16.591532260973093 -16.591532260973093 -16.591532260973093 -16.591532260973093 -16.591532260973093 -16.591532260973093 -16.591532260973093 -16.591532260973093 -16.591532260973093 -16.591532260973093 -16.591532260973093 -16.591532260973093 -16.591532260973093 -16.591532260973093 -16.591532260973093 -16.591532260973093 -16.591532260973093 -16.591532260973093 -16.591532260973093 -16.591532260973093 -16.591532260973093 -16.591532260973093 -16.591532260973093 -16.591532260973093 -16.591532260973093 -16.591532260973093 -16.591532260973093 -16.591532260973093 -16.591532260973093
0.1507537688442211 -16.59122778725231 -16.59122778725231 -16.59122778725231 -16.59122778725231 -16.59122778725231 -16.59122778725231 -16.59122778725231 -16.59122778725231 -16.59122778725231 -16.59122778725231 -16.59122778725231 -16.59122778725231 -16.59122778725231 -16.59122778725231 -16.59122778725231 -16.59122778725231 -16.59122778725231 -16.59122778725231 -16.59122778725231 -16.59122778725231 -16.59122778725231 -16.59122778725231 -16.59122778725231 -16.59122778725231 -16.59122778725231 -16.59122778725231 -16.59122778725231 -16.59122778725231 -16.59122778725231
0.22613065326633164 -16.590923313531526 -16.590923313531526 -16.590923313531526 -16.590923313531526 -16.590923313531526 -16.590923313531526 -16.590923313531526 -16.590923313531526 -16.590923313531526 -16.590923313531526 -16.590923313531526 -16.590923313531526 -16.590923313531526 -16.590923313531526 -16.590923313531526 -16.590923313531526 -16.590923313531526 -16.590923313531526 -16.590923313531526 -16.590923313531526 -16.590923313531526 -16.590923313531526 -16.590923313531526 -16.590923313531526 -16.590923313531526 -16.590923313531526 -16.590923313531526 -16.590923313531526 -16.590923313531526
0.3015075376884422 -16.59061883981074 -16.59061883981074 -16.59061883981074 -16.59061883981074 -16.59061883981074 -16.59061883981074 -16.59061883981074 -16.59061883981074 -16.59061883981074 -16.59061883981074 -16.59061883981074 -16.59061883981074 -16.59061883981074 -16.59061883981074 -16.59061883981074 -16.59061883981074 -16.59061883981074 -16.59061883981074 -16.59061883981074 -16.59061883981074 -16.59061883981074 -16.59061883981074 -16.59061883981074 -16.59061883981074 -16.59061883981074 -16.59061883981074 -16.59061883981074 -16.59061883981074 -16.59061883981074
0.37688442211055273 -16.590314366089956 -16.590314366089956 -16.590314366089956 -16.590314366089956 -16.590314366089956 -16.590314366089956 -16.590314366089956 -16.590314366089956 -16.590314366089956 -16.590314366089956 -16.590314366089956 -16.590314366089956 -16.590314366089956 -16.590314366089956 -16.590314366089956 -16.590314366089956 -16.590314366089956 -16.590314366089956 -16.590314366089956 -16.590314366089956 -16.590314366089956 -16.590314366089956 -16.590314366089956 -16.590314366089956 -16.590314366089956 -16.590314366089956 -16.590314366089956 -16.590314366089956 -16.590314366089956
0.4522613065326633 -16.590009892369174 -16.590009892369174 -16.590009892369174 -16.590009892369174 -16.590009892369174 -16.590009892369174 -16.590009892369174 -16.590009892369174 -16.590009892369174 -16.590009892369174 -16.590009892369174 -16.590009892369174 -16.590009892369174 -16.590009892369174 -16.590009892369174 -16.590009892369174 -16.590009892369174 -16.590009892369174 -16.590009892369174 -16.590009892369174 -16.590009892369174 -16.590009892369174 -16.590009892369174 -16.590009892369174 -16.590009892369174 -16.590009892369174 -16.590009892369174 -16.590009892369174 -16.590009892369174
0.5276381909547738 -16.58970541864839 -16.58970541864839 -16.58970541864839 -16.58970541864839 -16.58970541864839 -16.58970541864839 -16.58970541864839 -16.58970541864839 -16.58970541864839 -16.58970541864839 -16.58970541864839 -16.58970541864839 -16.58970541864839 -16.58970541864839 -16.58970541864839 -16.58970541864839 -16.58970541864839 -16.58970541864839 -16.58970541864839 -16.58970541864839 -16.58970541864839 -16.58970541864839 -16.58970541864839 -16.58970541864839 -16.58970541864839 -16.58970541864839 -16.58970541864839 -16.58970541864839 -16.58970541864839
0.6030150753768844 -16.589400944927604 -16.589400944927604 -16.589400944927604 -16.589400944927604 -16.589400944927604 -16.589400944927604 -16.589400944927604 -16.589400944927604 -16.589400944927604 -16.589400944927604 -16.589400944927604 -16.589400944927604 -16.589400944927604 -16.589400944927604 -16.589400944927604 -16.589400944927604 -16.589400944927604 -16.589400944927604 -16.589400944927604 -16.589400944927604 -16.589400944927604 -16.589400944927604 -16.589400944927604 -16.589400944927604 -16.589400944927604 -16.589400944927604 -16.589400944927604 -16.589400944927604 -16.589400944927604
0.6783919597989949 -16.589096471206823 -16.589096471206823 -16.589096471206823 -16.589096471206823 -16.589096471206823 -16.589096471206823 -16.589096471206823 -16.589096471206823 -16.589096471206823 -16.589096471206823 -16.589096471206823 -16.589096471206823 -16.589096471206823 -16.589096471206823 -16.589096471206823 -16.589096471206823 -16.589096471206823 -16.589096471206823 -16.589096471206823 -16.589096471206823 -16.589096471206823 -16.589096471206823 -16.589096471206823 -16.589096471206823 -16.589096471206823 -16.589096471206823 -16.589096471206823 -16.589096471206823 -16.589096471206823
0.7537688442211055 -16.588791997486037 -16.588791997486037 -16.588791997486037 -16.588791997486037 -16.588791997486037 -16.588791997486037 -16.588791997486037 -16.588791997486037 -16.588791997486037 -16.588791997486037 -16.588791997486037 -16.588791997486037 -16.588791997486037 -16.588791997486037 -16.588791997486037 -16.588791997486037 -16.588791997486037 -16.588791997486037 -16.588791997486037 -16.588791997486037 -16.588791997486037 -16.588791997486037 -16.588791997486037 -16.588791997486037 -16.588791997486037 -16.588791997486037 -16.588791997486037 -16.588791997486037 -16.588791997486037
0.829145728643216 -16.588487523765252 -16.588487523765252 -16.588487523765252 -16.588487523765252 -16.588487523765252 -16.588487523765252 -16.588487523765252 -16.588487523765252 -16.588487523765252 -16.588487523765252 -16.588487523765252 -16.588487523765252 -16.588487523765252 -16.588487523765252 -16.588487523765252 -16.588487523765252 -16.588487523765252 -16.588487523765252 -16.588487523765252 -16.588487523765252 -16.588487523765252 -16.588487523765252 -16.588487523765252 -16.588487523765252 -16.588487523765252 -16.588487523765252 -16.588487523765252 -16.588487523765252 -16.588487523765252
0.9045226130653266 -16.58818305004447 -16.58818305004447 -16.58818305004447 -16.58818305004447 -16.58818305004447 -16.58818305004447 -16.58818305004447 -16.58818305004447 -16.58818305004447 -16.58818305004447 -16.58818305004447 -16.58818305004447 -16.58818305004447 -16.58818305004447 -16.58818305004447 -16.58818305004447 -16.58818305004447 -16.58818305004447 -16.58818305004447 -16.58818305004447 -16.58818305004447 -16.58818305004447 -16.58818305004447 -16.58818305004447 -16.58818305004447 -16.58818305004447 -16.58818305004447 -16.58818305004447 -16.58818305004447
0.9798994974874371 -16.587878576323686 -16.587878576323686 -16.587878576323686 -16.587878576323686 -16.587878576323686 -16.587878576323686 -16.587878576323686 -16.587878576323686 -16.587878576323686 -16.587878576323686 -16.587878576323686 -16.587878576323686 -16.587878576323686 -16.587878576323686 -16.587878576323686 -16.587878576323686 -16.587878576323686 -16.587878576323686 -16.587878576323686 -16.587878576323686 -16.587878576323686 -16.587878576323686 -16.587878576323686 -16.587878576323686 -16.587878576323686 -16.587878576323686 -16.587878576323686 -16.587878576323686 -16.587878576323686
1.0552763819095476 -16.5875741026029 -16.5875741026029 -16.5875741026029 -16.5875741026029 -16.5875741026029 -16.5875741026029 -16.5875741026029 -16.5875741026029 -16.5875741026029 -16.5875741026029 -16.5875741026029 -16.5875741026029 -16.5875741026029 -16.5875741026029 -16.5875741026029 -16.5875741026029 -16.5875741026029 -16.5875741026029 -16.5875741026029 -16.5875741026029 -16.5875741026029 -16.5875741026029 -16.5875741026029 -16.5875741026029 -16.5875741026029 -16.5875741026029 -16.5875741026029 -16.5875741026029 -16.5875741026029
1.1306532663316582 -16.587269628882115 -16.587269628882115 -16.587269628882115 -16.587269628882115 -16.587269628882115 -16.587269628882115 -16.587269628882115 -16.587269628882115 -16.587269628882115 -16.587269628882115 -16.587269628882115 -16.587269628882115 -16.587269628882115 -16.587269628882115 -16.587269628882115 -16.587269628882115 -16.587269628882115 -16.587269628882115 -16.587269628882115 -16.587269628882115 -16.587269628882115 -16.587269628882115 -16.587269628882115 -16.587269628882115 -16.587269628882115 -16.587269628882115 -16.587269628882115 -16.587269628882115 -16.587269628882115
1.2060301507537687 -16.586965155161334 -16.586965155161334 -16.586965155161334 -16.586965155161334 -16.586965155161334 -16.586965155161334 -16.586965155161334 -16.586965155161334 -16.586965155161334 -16.586965155161334 -16.586965155161334 -16.586965155161334 -16.586965155161334 -16.586965155161334 -16.586965155161334 -16.586965155161334 -16.586965155161334 -16.586965155161334 -16.586965155161334 -16.586965155161334 -16.586965155161334 -16.586965155161334 -16.586965155161334 -16.586965155161334 -16.586965155161334 -16.586965155161334 -16.586965155161334 -16.586965155161334 -16.586965155161334
1.2814070351758793 -16.58666068144055 -16.58666068144055 -16.58666068144055 -16.58666068144055 -16.58666068144055 -16.58666068144055 -16.58666068144055 -16.58666068144055 -16.58666068144055 -16.58666068144055 -16.58666068144055 -16.58666068144055 -16.58666068144055 -16.58666068144055 -16.58666068144055 -16.58666068144055 -16.58666068144055 -16.58666068144055 -16.58666068144055 -16.58666068144055 -16.58666068144055 -16.58666068144055 -16.58666068144055 -16.58666068144055 -16.58666068144055 -16.58666068144055 -16.58666068144055 -16.58666068144055 -16.58666068144055
1.3567839195979898 -16.586356207719763 -16.586356207719763 -16.586356207719763 -16.586356207719763 -16.586356207719763 -16.586356207719763 -16.586356207719763 -16.586356207719763 -16.586356207719763 -16.586356207719763 -16.586356207719763 -16.586356207719763 -16.586356207719763 -16.586356207719763 -16.586356207719763 -16.586356207719763 -16.586356207719763 -16.586356207719763 -16.586356207719763 -16.586356207719763 -16.586356207719763 -16.586356207719763 -16.586356207719763 -16.586356207719763 -16.586356207719763 -16.586356207719763 -16.586356207719763 -16.586356207719763 -16.586356207719763
1.4321608040201004 -16.586051733998982 -16.586051733998982 -16.586051733998982 -16.586051733998982 -16.586051733998982 -16.586051733998982 -16.586051733998982 -16.586051733998982 -16.586051733998982 -16.586051733998982 -16.586051733998982 -16.586051733998982 -16.586051733998982 -16.586051733998982 -16.586051733998982 -16.586051733998982 -16.586051733998982 -16.586051733998982 -16.586051733998982 -16.586051733998982 -16.586051733998982 -16.586051733998982 -16.586051733998982 -16.586051733998982 -16.586051733998982 -16.586051733998982 -16.586051733998982 -16.586051733998982 -16.586051733998982
1.507537688442211 -16.585747260278197 -16.585747260278197 -16.585747260278197 -16.585747260278197 -16.585747260278197 -16.585747260278197 -16.585747260278197 -16.585747260278197 -16.585747260278197 -16.585747260278197 -16.585747260278197 -16.585747260278197 -16.585747260278197 -16.585747260278197 -16.585747260278197 -16.585747260278197 -16.585747260278197 -16.585747260278197 -16.585747260278197 -16.585747260278197 -16.585747260278197 -16.585747260278197 -16.585747260278197 -16.585747260278197 -16.585747260278197 -16.585747260278197 -16.585747260278197 -16.585747260278197 -16.585747260278197
1.5829145728643215 -16.58544278655741 -16.58544278655741 -16.58544278655741 -16.58544278655741 -16.58544278655741 -16.58544278655741 -16.58544278655741 -16.58544278655741 -16.58544278655741 -16.58544278655741 -16.58544278655741 -16.58544278655741 -16.58544278655741 -16.58544278655741 -16.58544278655741 -16.58544278655741 -16.58544278655741 -16.58544278655741 -16.58544278655741 -16.58544278655741 -16.58544278655741 -16.58544278655741 -16.58544278655741 -16.58544278655741 -16.58544278655741 -16.58544278655741 -16.58544278655741 -16.58544278655741 -16.58544278655741
1.658291457286432 -16.58513831283663 -16.58513831283663 -16.58513831283663 -16.58513831283663 -16.58513831283663 -16.58513831283663 -16.58513831283663 -16.58513831283663 -16.58513831283663 -16.58513831283663 -16.58513831283663 -16.58513831283663 -16.58513831283663 -16.58513831283663 -16.58513831283663 -16.58513831283663 -16.58513831283663 -16.58513831283663 -16.58513831283663 -16.58513831283663 -16.58513831283663 -16.58513831283663 -16.58513831283663 -16.58513831283663 -16.58513831283663 -16.58513831283663 -16.58513831283663 -16.58513831283663 -16.58513831283663
1.7336683417085426 -16.584833839115845 -16.584833839115845 -16.584833839115845 -16.584833839115845 -16.584833839115845 -16.584833839115845 -16.584833839115845 -16.584833839115845 -16.584833839115845 -16.584833839115845 -16.584833839115845 -16.584833839115845 -16.584833839115845 -16.584833839115845 -16.584833839115845 -16.584833839115845 -16.584833839115845 -16.584833839115845 -16.584833839115845 -16.584833839115845 -16.584833839115845 -16.584833839115845 -16.584833839115845 -16.584833839115845 -16.584833839115845 -16.584833839115845 -16.584833839115845 -16.584833839115845 -16.584833839115845
1.809045226130653 -16.58452936539506 -16.58452936539506 -16.58452936539506 -16.58452936539506 -16.58452936539506 -16.58452936539506 -16.58452936539506 -16.58452936539506 -16.58452936539506 -16.58452936539506 -16.58452936539506 -16.58452936539506 -16.58452936539506 -16.58452936539506 -16.58452936539506 -16.58452936539506 -16.58452936539506 -16.58452936539506 -16.58452936539506 -16.58452936539506 -16.58452936539506 -16.58452936539506 -16.58452936539506 -16.58452936539506 -16.58452936539506 -16.58452936539506 -16.58452936539506 -16.58452936539506 -16.58452936539506
1.8844221105527637 -16.584224891674275 -16.584224891674275 -16.584224891674275 -16.584224891674275 -16.584224891674275 -16.584224891674275 -16.584224891674275 -16.584224891674275 -16.584224891674275 -16.584224891674275 -16.584224891674275 -16.584224891674275 -16.584224891674275 -16.584224891674275 -16.584224891674275 -16.584224891674275 -16.584224891674275 -16.584224891674275 -16.584224891674275 -16.584224891674275 -16.584224891674275 -16.584224891674275 -16.584224891674275 -16.584224891674275 -16.584224891674275 -16.584224891674275 -16.584224891674275 -16.584224891674275 -16.584224891674275
1.9597989949748742 -16.583920417953493 -16.583920417953493 -16.583920417953493 -16.583920417953493 -16.583920417953493 -16.583920417953493 -16.583920417953493 -16.583920417953493 -16.583920417953493 -16.583920417953493 -16.583920417953493 -16.583920417953493 -16.583920417953493 -16.583920417953493 -16.583920417953493 -16.583920417953493 -16.583920417953493 -16.583920417953493 -16.583920417953493 -16.583920417953493 -16.583920417953493 -16.583920417953493 -16.583920417953493 -16.583920417953493 -16.583920417953493 -16.583920417953493 -16.583920417953493 -16.583920417953493 -16.583920417953493
