web/models/linear/51/-16_592_0_041.dat
# %ECSV 1.0
# ---
# datatype:
# - {name: time, datatype: float64}
# - {name: swift_uvot_uvw2, datatype: float64}
# - {name: swift_uvot_uvm2, datatype: float64}
# - {name: swift_uvot_uvw1, datatype: float64}
# - {name: swift_uvot_U, datatype: float64}
# - {name: swift_uvot_B, datatype: float64}
# - {name: swift_uvot_V, datatype: float64}
# - {name: swift_uvot_W, datatype: float64}
# - {name: johnson_U, datatype: float64}
# - {name: johnson_B, datatype: float64}
# - {name: johnson_V, datatype: float64}
# - {name: johnson_R, datatype: float64}
# - {name: johnson_I, datatype: float64}
# - {name: sdss_u, datatype: float64}
# - {name: sdss_g, datatype: float64}
# - {name: sdss_r, datatype: float64}
# - {name: sdss_i, datatype: float64}
# - {name: sdss_z, datatype: float64}
# - {name: PS1_g, datatype: float64}
# - {name: PS1_r, datatype: float64}
# - {name: PS1_i, datatype: float64}
# - {name: PS1_z, datatype: float64}
# - {name: PS1_Y, datatype: float64}
# - {name: PS1_w, datatype: float64}
# - {name: ATLAS_c, datatype: float64}
# - {name: ATLAS_o, datatype: float64}
# - {name: ukirt_J, datatype: float64}
# - {name: ukirt_H, datatype: float64}
# - {name: ukirt_K, datatype: float64}
# - {name: Clear, datatype: float64}
# meta: !!omap
# - comment: [M=-16.591836734693878, dM=0.04138386210422373]
# schema: astropy-2.0
time swift_uvot_uvw2 swift_uvot_uvm2 swift_uvot_uvw1 swift_uvot_U swift_uvot_B swift_uvot_V swift_uvot_W johnson_U johnson_B johnson_V johnson_R johnson_I sdss_u sdss_g sdss_r sdss_i sdss_z PS1_g PS1_r PS1_i PS1_z PS1_Y PS1_w ATLAS_c ATLAS_o ukirt_J ukirt_H ukirt_K Clear
0.0 -16.591836734693878 -16.591836734693878 -16.591836734693878 -16.591836734693878 -16.591836734693878 -16.591836734693878 -16.591836734693878 -16.591836734693878 -16.591836734693878 -16.591836734693878 -16.591836734693878 -16.591836734693878 -16.591836734693878 -16.591836734693878 -16.591836734693878 -16.591836734693878 -16.591836734693878 -16.591836734693878 -16.591836734693878 -16.591836734693878 -16.591836734693878 -16.591836734693878 -16.591836734693878 -16.591836734693878 -16.591836734693878 -16.591836734693878 -16.591836734693878 -16.591836734693878 -16.591836734693878
0.07537688442211055 -16.588717348103106 -16.588717348103106 -16.588717348103106 -16.588717348103106 -16.588717348103106 -16.588717348103106 -16.588717348103106 -16.588717348103106 -16.588717348103106 -16.588717348103106 -16.588717348103106 -16.588717348103106 -16.588717348103106 -16.588717348103106 -16.588717348103106 -16.588717348103106 -16.588717348103106 -16.588717348103106 -16.588717348103106 -16.588717348103106 -16.588717348103106 -16.588717348103106 -16.588717348103106 -16.588717348103106 -16.588717348103106 -16.588717348103106 -16.588717348103106 -16.588717348103106 -16.588717348103106
0.1507537688442211 -16.585597961512338 -16.585597961512338 -16.585597961512338 -16.585597961512338 -16.585597961512338 -16.585597961512338 -16.585597961512338 -16.585597961512338 -16.585597961512338 -16.585597961512338 -16.585597961512338 -16.585597961512338 -16.585597961512338 -16.585597961512338 -16.585597961512338 -16.585597961512338 -16.585597961512338 -16.585597961512338 -16.585597961512338 -16.585597961512338 -16.585597961512338 -16.585597961512338 -16.585597961512338 -16.585597961512338 -16.585597961512338 -16.585597961512338 -16.585597961512338 -16.585597961512338 -16.585597961512338
0.22613065326633164 -16.582478574921566 -16.582478574921566 -16.582478574921566 -16.582478574921566 -16.582478574921566 -16.582478574921566 -16.582478574921566 -16.582478574921566 -16.582478574921566 -16.582478574921566 -16.582478574921566 -16.582478574921566 -16.582478574921566 -16.582478574921566 -16.582478574921566 -16.582478574921566 -16.582478574921566 -16.582478574921566 -16.582478574921566 -16.582478574921566 -16.582478574921566 -16.582478574921566 -16.582478574921566 -16.582478574921566 -16.582478574921566 -16.582478574921566 -16.582478574921566 -16.582478574921566 -16.582478574921566
0.3015075376884422 -16.579359188330795 -16.579359188330795 -16.579359188330795 -16.579359188330795 -16.579359188330795 -16.579359188330795 -16.579359188330795 -16.579359188330795 -16.579359188330795 -16.579359188330795 -16.579359188330795 -16.579359188330795 -16.579359188330795 -16.579359188330795 -16.579359188330795 -16.579359188330795 -16.579359188330795 -16.579359188330795 -16.579359188330795 -16.579359188330795 -16.579359188330795 -16.579359188330795 -16.579359188330795 -16.579359188330795 -16.579359188330795 -16.579359188330795 -16.579359188330795 -16.579359188330795 -16.579359188330795
0.37688442211055273 -16.576239801740027 -16.576239801740027 -16.576239801740027 -16.576239801740027 -16.576239801740027 -16.576239801740027 -16.576239801740027 -16.576239801740027 -16.576239801740027 -16.576239801740027 -16.576239801740027 -16.576239801740027 -16.576239801740027 -16.576239801740027 -16.576239801740027 -16.576239801740027 -16.576239801740027 -16.576239801740027 -16.576239801740027 -16.576239801740027 -16.576239801740027 -16.576239801740027 -16.576239801740027 -16.576239801740027 -16.576239801740027 -16.576239801740027 -16.576239801740027 -16.576239801740027 -16.576239801740027
0.4522613065326633 -16.573120415149255 -16.573120415149255 -16.573120415149255 -16.573120415149255 -16.573120415149255 -16.573120415149255 -16.573120415149255 -16.573120415149255 -16.573120415149255 -16.573120415149255 -16.573120415149255 -16.573120415149255 -16.573120415149255 -16.573120415149255 -16.573120415149255 -16.573120415149255 -16.573120415149255 -16.573120415149255 -16.573120415149255 -16.573120415149255 -16.573120415149255 -16.573120415149255 -16.573120415149255 -16.573120415149255 -16.573120415149255 -16.573120415149255 -16.573120415149255 -16.573120415149255 -16.573120415149255
0.5276381909547738 -16.570001028558483 -16.570001028558483 -16.570001028558483 -16.570001028558483 -16.570001028558483 -16.570001028558483 -16.570001028558483 -16.570001028558483 -16.570001028558483 -16.570001028558483 -16.570001028558483 -16.570001028558483 -16.570001028558483 -16.570001028558483 -16.570001028558483 -16.570001028558483 -16.570001028558483 -16.570001028558483 -16.570001028558483 -16.570001028558483 -16.570001028558483 -16.570001028558483 -16.570001028558483 -16.570001028558483 -16.570001028558483 -16.570001028558483 -16.570001028558483 -16.570001028558483 -16.570001028558483
0.6030150753768844 -16.56688164196771 -16.56688164196771 -16.56688164196771 -16.56688164196771 -16.56688164196771 -16.56688164196771 -16.56688164196771 -16.56688164196771 -16.56688164196771 -16.56688164196771 -16.56688164196771 -16.56688164196771 -16.56688164196771 -16.56688164196771 -16.56688164196771 -16.56688164196771 -16.56688164196771 -16.56688164196771 -16.56688164196771 -16.56688164196771 -16.56688164196771 -16.56688164196771 -16.56688164196771 -16.56688164196771 -16.56688164196771 -16.56688164196771 -16.56688164196771 -16.56688164196771 -16.56688164196771
0.6783919597989949 -16.563762255376943 -16.563762255376943 -16.563762255376943 -16.563762255376943 -16.563762255376943 -16.563762255376943 -16.563762255376943 -16.563762255376943 -16.563762255376943 -16.563762255376943 -16.563762255376943 -16.563762255376943 -16.563762255376943 -16.563762255376943 -16.563762255376943 -16.563762255376943 -16.563762255376943 -16.563762255376943 -16.563762255376943 -16.563762255376943 -16.563762255376943 -16.563762255376943 -16.563762255376943 -16.563762255376943 -16.563762255376943 -16.563762255376943 -16.563762255376943 -16.563762255376943 -16.563762255376943
0.7537688442211055 -16.56064286878617 -16.56064286878617 -16.56064286878617 -16.56064286878617 -16.56064286878617 -16.56064286878617 -16.56064286878617 -16.56064286878617 -16.56064286878617 -16.56064286878617 -16.56064286878617 -16.56064286878617 -16.56064286878617 -16.56064286878617 -16.56064286878617 -16.56064286878617 -16.56064286878617 -16.56064286878617 -16.56064286878617 -16.56064286878617 -16.56064286878617 -16.56064286878617 -16.56064286878617 -16.56064286878617 -16.56064286878617 -16.56064286878617 -16.56064286878617 -16.56064286878617 -16.56064286878617
0.829145728643216 -16.5575234821954 -16.5575234821954 -16.5575234821954 -16.5575234821954 -16.5575234821954 -16.5575234821954 -16.5575234821954 -16.5575234821954 -16.5575234821954 -16.5575234821954 -16.5575234821954 -16.5575234821954 -16.5575234821954 -16.5575234821954 -16.5575234821954 -16.5575234821954 -16.5575234821954 -16.5575234821954 -16.5575234821954 -16.5575234821954 -16.5575234821954 -16.5575234821954 -16.5575234821954 -16.5575234821954 -16.5575234821954 -16.5575234821954 -16.5575234821954 -16.5575234821954 -16.5575234821954
0.9045226130653266 -16.55440409560463 -16.55440409560463 -16.55440409560463 -16.55440409560463 -16.55440409560463 -16.55440409560463 -16.55440409560463 -16.55440409560463 -16.55440409560463 -16.55440409560463 -16.55440409560463 -16.55440409560463 -16.55440409560463 -16.55440409560463 -16.55440409560463 -16.55440409560463 -16.55440409560463 -16.55440409560463 -16.55440409560463 -16.55440409560463 -16.55440409560463 -16.55440409560463 -16.55440409560463 -16.55440409560463 -16.55440409560463 -16.55440409560463 -16.55440409560463 -16.55440409560463 -16.55440409560463
0.9798994974874371 -16.55128470901386 -16.55128470901386 -16.55128470901386 -16.55128470901386 -16.55128470901386 -16.55128470901386 -16.55128470901386 -16.55128470901386 -16.55128470901386 -16.55128470901386 -16.55128470901386 -16.55128470901386 -16.55128470901386 -16.55128470901386 -16.55128470901386 -16.55128470901386 -16.55128470901386 -16.55128470901386 -16.55128470901386 -16.55128470901386 -16.55128470901386 -16.55128470901386 -16.55128470901386 -16.55128470901386 -16.55128470901386 -16.55128470901386 -16.55128470901386 -16.55128470901386 -16.55128470901386
1.0552763819095476 -16.54816532242309 -16.54816532242309 -16.54816532242309 -16.54816532242309 -16.54816532242309 -16.54816532242309 -16.54816532242309 -16.54816532242309 -16.54816532242309 -16.54816532242309 -16.54816532242309 -16.54816532242309 -16.54816532242309 -16.54816532242309 -16.54816532242309 -16.54816532242309 -16.54816532242309 -16.54816532242309 -16.54816532242309 -16.54816532242309 -16.54816532242309 -16.54816532242309 -16.54816532242309 -16.54816532242309 -16.54816532242309 -16.54816532242309 -16.54816532242309 -16.54816532242309 -16.54816532242309
1.1306532663316582 -16.54504593583232 -16.54504593583232 -16.54504593583232 -16.54504593583232 -16.54504593583232 -16.54504593583232 -16.54504593583232 -16.54504593583232 -16.54504593583232 -16.54504593583232 -16.54504593583232 -16.54504593583232 -16.54504593583232 -16.54504593583232 -16.54504593583232 -16.54504593583232 -16.54504593583232 -16.54504593583232 -16.54504593583232 -16.54504593583232 -16.54504593583232 -16.54504593583232 -16.54504593583232 -16.54504593583232 -16.54504593583232 -16.54504593583232 -16.54504593583232 -16.54504593583232 -16.54504593583232
1.2060301507537687 -16.54192654924155 -16.54192654924155 -16.54192654924155 -16.54192654924155 -16.54192654924155 -16.54192654924155 -16.54192654924155 -16.54192654924155 -16.54192654924155 -16.54192654924155 -16.54192654924155 -16.54192654924155 -16.54192654924155 -16.54192654924155 -16.54192654924155 -16.54192654924155 -16.54192654924155 -16.54192654924155 -16.54192654924155 -16.54192654924155 -16.54192654924155 -16.54192654924155 -16.54192654924155 -16.54192654924155 -16.54192654924155 -16.54192654924155 -16.54192654924155 -16.54192654924155 -16.54192654924155
1.2814070351758793 -16.538807162650777 -16.538807162650777 -16.538807162650777 -16.538807162650777 -16.538807162650777 -16.538807162650777 -16.538807162650777 -16.538807162650777 -16.538807162650777 -16.538807162650777 -16.538807162650777 -16.538807162650777 -16.538807162650777 -16.538807162650777 -16.538807162650777 -16.538807162650777 -16.538807162650777 -16.538807162650777 -16.538807162650777 -16.538807162650777 -16.538807162650777 -16.538807162650777 -16.538807162650777 -16.538807162650777 -16.538807162650777 -16.538807162650777 -16.538807162650777 -16.538807162650777 -16.538807162650777
1.3567839195979898 -16.535687776060005 -16.535687776060005 -16.535687776060005 -16.535687776060005 -16.535687776060005 -16.535687776060005 -16.535687776060005 -16.535687776060005 -16.535687776060005 -16.535687776060005 -16.535687776060005 -16.535687776060005 -16.535687776060005 -16.535687776060005 -16.535687776060005 -16.535687776060005 -16.535687776060005 -16.535687776060005 -16.535687776060005 -16.535687776060005 -16.535687776060005 -16.535687776060005 -16.535687776060005 -16.535687776060005 -16.535687776060005 -16.535687776060005 -16.535687776060005 -16.535687776060005 -16.535687776060005
1.4321608040201004 -16.532568389469237 -16.532568389469237 -16.532568389469237 -16.532568389469237 -16.532568389469237 -16.532568389469237 -16.532568389469237 -16.532568389469237 -16.532568389469237 -16.532568389469237 -16.532568389469237 -16.532568389469237 -16.532568389469237 -16.532568389469237 -16.532568389469237 -16.532568389469237 -16.532568389469237 -16.532568389469237 -16.532568389469237 -16.532568389469237 -16.532568389469237 -16.532568389469237 -16.532568389469237 -16.532568389469237 -16.532568389469237 -16.532568389469237 -16.532568389469237 -16.532568389469237 -16.532568389469237
1.507537688442211 -16.529449002878465 -16.529449002878465 -16.529449002878465 -16.529449002878465 -16.529449002878465 -16.529449002878465 -16.529449002878465 -16.529449002878465 -16.529449002878465 -16.529449002878465 -16.529449002878465 -16.529449002878465 -16.529449002878465 -16.529449002878465 -16.529449002878465 -16.529449002878465 -16.529449002878465 -16.529449002878465 -16.529449002878465 -16.529449002878465 -16.529449002878465 -16.529449002878465 -16.529449002878465 -16.529449002878465 -16.529449002878465 -16.529449002878465 -16.529449002878465 -16.529449002878465 -16.529449002878465
1.5829145728643215 -16.526329616287693 -16.526329616287693 -16.526329616287693 -16.526329616287693 -16.526329616287693 -16.526329616287693 -16.526329616287693 -16.526329616287693 -16.526329616287693 -16.526329616287693 -16.526329616287693 -16.526329616287693 -16.526329616287693 -16.526329616287693 -16.526329616287693 -16.526329616287693 -16.526329616287693 -16.526329616287693 -16.526329616287693 -16.526329616287693 -16.526329616287693 -16.526329616287693 -16.526329616287693 -16.526329616287693 -16.526329616287693 -16.526329616287693 -16.526329616287693 -16.526329616287693 -16.526329616287693
1.658291457286432 -16.523210229696925 -16.523210229696925 -16.523210229696925 -16.523210229696925 -16.523210229696925 -16.523210229696925 -16.523210229696925 -16.523210229696925 -16.523210229696925 -16.523210229696925 -16.523210229696925 -16.523210229696925 -16.523210229696925 -16.523210229696925 -16.523210229696925 -16.523210229696925 -16.523210229696925 -16.523210229696925 -16.523210229696925 -16.523210229696925 -16.523210229696925 -16.523210229696925 -16.523210229696925 -16.523210229696925 -16.523210229696925 -16.523210229696925 -16.523210229696925 -16.523210229696925 -16.523210229696925
1.7336683417085426 -16.520090843106153 -16.520090843106153 -16.520090843106153 -16.520090843106153 -16.520090843106153 -16.520090843106153 -16.520090843106153 -16.520090843106153 -16.520090843106153 -16.520090843106153 -16.520090843106153 -16.520090843106153 -16.520090843106153 -16.520090843106153 -16.520090843106153 -16.520090843106153 -16.520090843106153 -16.520090843106153 -16.520090843106153 -16.520090843106153 -16.520090843106153 -16.520090843106153 -16.520090843106153 -16.520090843106153 -16.520090843106153 -16.520090843106153 -16.520090843106153 -16.520090843106153 -16.520090843106153
1.809045226130653 -16.516971456515382 -16.516971456515382 -16.516971456515382 -16.516971456515382 -16.516971456515382 -16.516971456515382 -16.516971456515382 -16.516971456515382 -16.516971456515382 -16.516971456515382 -16.516971456515382 -16.516971456515382 -16.516971456515382 -16.516971456515382 -16.516971456515382 -16.516971456515382 -16.516971456515382 -16.516971456515382 -16.516971456515382 -16.516971456515382 -16.516971456515382 -16.516971456515382 -16.516971456515382 -16.516971456515382 -16.516971456515382 -16.516971456515382 -16.516971456515382 -16.516971456515382 -16.516971456515382
1.8844221105527637 -16.513852069924614 -16.513852069924614 -16.513852069924614 -16.513852069924614 -16.513852069924614 -16.513852069924614 -16.513852069924614 -16.513852069924614 -16.513852069924614 -16.513852069924614 -16.513852069924614 -16.513852069924614 -16.513852069924614 -16.513852069924614 -16.513852069924614 -16.513852069924614 -16.513852069924614 -16.513852069924614 -16.513852069924614 -16.513852069924614 -16.513852069924614 -16.513852069924614 -16.513852069924614 -16.513852069924614 -16.513852069924614 -16.513852069924614 -16.513852069924614 -16.513852069924614 -16.513852069924614
1.9597989949748742 -16.510732683333842 -16.510732683333842 -16.510732683333842 -16.510732683333842 -16.510732683333842 -16.510732683333842 -16.510732683333842 -16.510732683333842 -16.510732683333842 -16.510732683333842 -16.510732683333842 -16.510732683333842 -16.510732683333842 -16.510732683333842 -16.510732683333842 -16.510732683333842 -16.510732683333842 -16.510732683333842 -16.510732683333842 -16.510732683333842 -16.510732683333842 -16.510732683333842 -16.510732683333842 -16.510732683333842 -16.510732683333842 -16.510732683333842 -16.510732683333842 -16.510732683333842 -16.510732683333842
