web/models/linear/51/-16_592_0_022.dat
# %ECSV 1.0
# ---
# datatype:
# - {name: time, datatype: float64}
# - {name: sdss_u, datatype: float64}
# - {name: sdss_g, datatype: float64}
# - {name: sdss_r, datatype: float64}
# - {name: sdss_i, datatype: float64}
# - {name: sdss_z, datatype: float64}
# - {name: Clear, datatype: float64}
# - {name: johnson_B, datatype: float64}
# - {name: johnson_V, datatype: float64}
# - {name: johnson_R, datatype: float64}
# - {name: johnson_I, datatype: float64}
# - {name: ukirt_J, datatype: float64}
# - {name: ukirt_H, datatype: float64}
# - {name: ukirt_K, datatype: float64}
# meta: !!omap
# - comment: [M=-16.591836734693878, dM=0.022251494327866092]
# schema: astropy-2.0
time sdss_u sdss_g sdss_r sdss_i sdss_z Clear johnson_B johnson_V johnson_R johnson_I ukirt_J ukirt_H ukirt_K
[from data line 177]
13.341708542713567 -16.294963782731646 -16.294963782731646 -16.294963782731646 -16.294963782731646 -16.294963782731646 -16.294963782731646 -16.294963782731646 -16.294963782731646 -16.294963782731646 -16.294963782731646 -16.294963782731646 -16.294963782731646 -16.294963782731646
13.417085427135678 -16.293286534415472 -16.293286534415472 -16.293286534415472 -16.293286534415472 -16.293286534415472 -16.293286534415472 -16.293286534415472 -16.293286534415472 -16.293286534415472 -16.293286534415472 -16.293286534415472 -16.293286534415472 -16.293286534415472
13.492462311557787 -16.291609286099302 -16.291609286099302 -16.291609286099302 -16.291609286099302 -16.291609286099302 -16.291609286099302 -16.291609286099302 -16.291609286099302 -16.291609286099302 -16.291609286099302 -16.291609286099302 -16.291609286099302 -16.291609286099302
13.567839195979898 -16.28993203778313 -16.28993203778313 -16.28993203778313 -16.28993203778313 -16.28993203778313 -16.28993203778313 -16.28993203778313 -16.28993203778313 -16.28993203778313 -16.28993203778313 -16.28993203778313 -16.28993203778313 -16.28993203778313
13.64321608040201 -16.28825478946696 -16.28825478946696 -16.28825478946696 -16.28825478946696 -16.28825478946696 -16.28825478946696 -16.28825478946696 -16.28825478946696 -16.28825478946696 -16.28825478946696 -16.28825478946696 -16.28825478946696 -16.28825478946696
13.718592964824118 -16.28657754115079 -16.28657754115079 -16.28657754115079 -16.28657754115079 -16.28657754115079 -16.28657754115079 -16.28657754115079 -16.28657754115079 -16.28657754115079 -16.28657754115079 -16.28657754115079 -16.28657754115079 -16.28657754115079
13.79396984924623 -16.28490029283462 -16.28490029283462 -16.28490029283462 -16.28490029283462 -16.28490029283462 -16.28490029283462 -16.28490029283462 -16.28490029283462 -16.28490029283462 -16.28490029283462 -16.28490029283462 -16.28490029283462 -16.28490029283462
13.86934673366834 -16.283223044518447 -16.283223044518447 -16.283223044518447 -16.283223044518447 -16.283223044518447 -16.283223044518447 -16.283223044518447 -16.283223044518447 -16.283223044518447 -16.283223044518447 -16.283223044518447 -16.283223044518447 -16.283223044518447
13.944723618090451 -16.281545796202277 -16.281545796202277 -16.281545796202277 -16.281545796202277 -16.281545796202277 -16.281545796202277 -16.281545796202277 -16.281545796202277 -16.281545796202277 -16.281545796202277 -16.281545796202277 -16.281545796202277 -16.281545796202277
14.020100502512562 -16.279868547886107 -16.279868547886107 -16.279868547886107 -16.279868547886107 -16.279868547886107 -16.279868547886107 -16.279868547886107 -16.279868547886107 -16.279868547886107 -16.279868547886107 -16.279868547886107 -16.279868547886107 -16.279868547886107
14.095477386934672 -16.278191299569936 -16.278191299569936 -16.278191299569936 -16.278191299569936 -16.278191299569936 -16.278191299569936 -16.278191299569936 -16.278191299569936 -16.278191299569936 -16.278191299569936 -16.278191299569936 -16.278191299569936 -16.278191299569936
14.170854271356783 -16.276514051253766 -16.276514051253766 -16.276514051253766 -16.276514051253766 -16.276514051253766 -16.276514051253766 -16.276514051253766 -16.276514051253766 -16.276514051253766 -16.276514051253766 -16.276514051253766 -16.276514051253766 -16.276514051253766
14.246231155778894 -16.274836802937596 -16.274836802937596 -16.274836802937596 -16.274836802937596 -16.274836802937596 -16.274836802937596 -16.274836802937596 -16.274836802937596 -16.274836802937596 -16.274836802937596 -16.274836802937596 -16.274836802937596 -16.274836802937596
14.321608040201003 -16.273159554621422 -16.273159554621422 -16.273159554621422 -16.273159554621422 -16.273159554621422 -16.273159554621422 -16.273159554621422 -16.273159554621422 -16.273159554621422 -16.273159554621422 -16.273159554621422 -16.273159554621422 -16.273159554621422
14.396984924623114 -16.271482306305252 -16.271482306305252 -16.271482306305252 -16.271482306305252 -16.271482306305252 -16.271482306305252 -16.271482306305252 -16.271482306305252 -16.271482306305252 -16.271482306305252 -16.271482306305252 -16.271482306305252 -16.271482306305252
14.472361809045225 -16.269805057989082 -16.269805057989082 -16.269805057989082 -16.269805057989082 -16.269805057989082 -16.269805057989082 -16.269805057989082 -16.269805057989082 -16.269805057989082 -16.269805057989082 -16.269805057989082 -16.269805057989082 -16.269805057989082
14.547738693467336 -16.26812780967291 -16.26812780967291 -16.26812780967291 -16.26812780967291 -16.26812780967291 -16.26812780967291 -16.26812780967291 -16.26812780967291 -16.26812780967291 -16.26812780967291 -16.26812780967291 -16.26812780967291 -16.26812780967291
14.623115577889447 -16.26645056135674 -16.26645056135674 -16.26645056135674 -16.26645056135674 -16.26645056135674 -16.26645056135674 -16.26645056135674 -16.26645056135674 -16.26645056135674 -16.26645056135674 -16.26645056135674 -16.26645056135674 -16.26645056135674
14.698492462311556 -16.26477331304057 -16.26477331304057 -16.26477331304057 -16.26477331304057 -16.26477331304057 -16.26477331304057 -16.26477331304057 -16.26477331304057 -16.26477331304057 -16.26477331304057 -16.26477331304057 -16.26477331304057 -16.26477331304057
14.773869346733667 -16.263096064724397 -16.263096064724397 -16.263096064724397 -16.263096064724397 -16.263096064724397 -16.263096064724397 -16.263096064724397 -16.263096064724397 -16.263096064724397 -16.263096064724397 -16.263096064724397 -16.263096064724397 -16.263096064724397
14.849246231155778 -16.261418816408227 -16.261418816408227 -16.261418816408227 -16.261418816408227 -16.261418816408227 -16.261418816408227 -16.261418816408227 -16.261418816408227 -16.261418816408227 -16.261418816408227 -16.261418816408227 -16.261418816408227 -16.261418816408227
14.924623115577887 -16.259741568092057 -16.259741568092057 -16.259741568092057 -16.259741568092057 -16.259741568092057 -16.259741568092057 -16.259741568092057 -16.259741568092057 -16.259741568092057 -16.259741568092057 -16.259741568092057 -16.259741568092057 -16.259741568092057
15.0 -16.258064319775887 -16.258064319775887 -16.258064319775887 -16.258064319775887 -16.258064319775887 -16.258064319775887 -16.258064319775887 -16.258064319775887 -16.258064319775887 -16.258064319775887 -16.258064319775887 -16.258064319775887 -16.258064319775887
