web/models/linear/51/-16_592_0_008.dat
# %ECSV 1.0
# ---
# datatype:
# - {name: time, datatype: float64}
# - {name: swift_uvot_uvw2, datatype: float64}
# - {name: swift_uvot_uvm2, datatype: float64}
# - {name: swift_uvot_uvw1, datatype: float64}
# - {name: swift_uvot_U, datatype: float64}
# - {name: swift_uvot_B, datatype: float64}
# - {name: swift_uvot_V, datatype: float64}
# - {name: swift_uvot_W, datatype: float64}
# - {name: johnson_U, datatype: float64}
# - {name: johnson_B, datatype: float64}
# - {name: johnson_V, datatype: float64}
# - {name: johnson_R, datatype: float64}
# - {name: johnson_I, datatype: float64}
# - {name: sdss_u, datatype: float64}
# - {name: sdss_g, datatype: float64}
# - {name: sdss_r, datatype: float64}
# - {name: sdss_i, datatype: float64}
# - {name: sdss_z, datatype: float64}
# - {name: PS1_g, datatype: float64}
# - {name: PS1_r, datatype: float64}
# - {name: PS1_i, datatype: float64}
# - {name: PS1_z, datatype: float64}
# - {name: PS1_Y, datatype: float64}
# - {name: PS1_w, datatype: float64}
# - {name: ATLAS_c, datatype: float64}
# - {name: ATLAS_o, datatype: float64}
# - {name: ukirt_J, datatype: float64}
# - {name: ukirt_H, datatype: float64}
# - {name: ukirt_K, datatype: float64}
# - {name: Clear, datatype: float64}
# meta: !!omap
# - comment: [M=-16.591836734693878, dM=0.007512482411700718]
# schema: astropy-2.0
time swift_uvot_uvw2 swift_uvot_uvm2 swift_uvot_uvw1 swift_uvot_U swift_uvot_B swift_uvot_V swift_uvot_W johnson_U johnson_B johnson_V johnson_R johnson_I sdss_u sdss_g sdss_r sdss_i sdss_z PS1_g PS1_r PS1_i PS1_z PS1_Y PS1_w ATLAS_c ATLAS_o ukirt_J ukirt_H ukirt_K Clear
[from data line 110]
8.29145728643216 -16.529547307662188 -16.529547307662188 -16.529547307662188 -16.529547307662188 -16.529547307662188 -16.529547307662188 -16.529547307662188 -16.529547307662188 -16.529547307662188 -16.529547307662188 -16.529547307662188 -16.529547307662188 -16.529547307662188 -16.529547307662188 -16.529547307662188 -16.529547307662188 -16.529547307662188 -16.529547307662188 -16.529547307662188 -16.529547307662188 -16.529547307662188 -16.529547307662188 -16.529547307662188 -16.529547307662188 -16.529547307662188 -16.529547307662188 -16.529547307662188 -16.529547307662188 -16.529547307662188
8.36683417085427 -16.52898104014372 -16.52898104014372 -16.52898104014372 -16.52898104014372 -16.52898104014372 -16.52898104014372 -16.52898104014372 -16.52898104014372 -16.52898104014372 -16.52898104014372 -16.52898104014372 -16.52898104014372 -16.52898104014372 -16.52898104014372 -16.52898104014372 -16.52898104014372 -16.52898104014372 -16.52898104014372 -16.52898104014372 -16.52898104014372 -16.52898104014372 -16.52898104014372 -16.52898104014372 -16.52898104014372 -16.52898104014372 -16.52898104014372 -16.52898104014372 -16.52898104014372 -16.52898104014372
8.442211055276381 -16.528414772625247 -16.528414772625247 -16.528414772625247 -16.528414772625247 -16.528414772625247 -16.528414772625247 -16.528414772625247 -16.528414772625247 -16.528414772625247 -16.528414772625247 -16.528414772625247 -16.528414772625247 -16.528414772625247 -16.528414772625247 -16.528414772625247 -16.528414772625247 -16.528414772625247 -16.528414772625247 -16.528414772625247 -16.528414772625247 -16.528414772625247 -16.528414772625247 -16.528414772625247 -16.528414772625247 -16.528414772625247 -16.528414772625247 -16.528414772625247 -16.528414772625247 -16.528414772625247
8.517587939698492 -16.52784850510678 -16.52784850510678 -16.52784850510678 -16.52784850510678 -16.52784850510678 -16.52784850510678 -16.52784850510678 -16.52784850510678 -16.52784850510678 -16.52784850510678 -16.52784850510678 -16.52784850510678 -16.52784850510678 -16.52784850510678 -16.52784850510678 -16.52784850510678 -16.52784850510678 -16.52784850510678 -16.52784850510678 -16.52784850510678 -16.52784850510678 -16.52784850510678 -16.52784850510678 -16.52784850510678 -16.52784850510678 -16.52784850510678 -16.52784850510678 -16.52784850510678 -16.52784850510678
8.592964824120603 -16.52728223758831 -16.52728223758831 -16.52728223758831 -16.52728223758831 -16.52728223758831 -16.52728223758831 -16.52728223758831 -16.52728223758831 -16.52728223758831 -16.52728223758831 -16.52728223758831 -16.52728223758831 -16.52728223758831 -16.52728223758831 -16.52728223758831 -16.52728223758831 -16.52728223758831 -16.52728223758831 -16.52728223758831 -16.52728223758831 -16.52728223758831 -16.52728223758831 -16.52728223758831 -16.52728223758831 -16.52728223758831 -16.52728223758831 -16.52728223758831 -16.52728223758831 -16.52728223758831
8.668341708542712 -16.52671597006984 -16.52671597006984 -16.52671597006984 -16.52671597006984 -16.52671597006984 -16.52671597006984 -16.52671597006984 -16.52671597006984 -16.52671597006984 -16.52671597006984 -16.52671597006984 -16.52671597006984 -16.52671597006984 -16.52671597006984 -16.52671597006984 -16.52671597006984 -16.52671597006984 -16.52671597006984 -16.52671597006984 -16.52671597006984 -16.52671597006984 -16.52671597006984 -16.52671597006984 -16.52671597006984 -16.52671597006984 -16.52671597006984 -16.52671597006984 -16.52671597006984 -16.52671597006984
8.743718592964823 -16.52614970255137 -16.52614970255137 -16.52614970255137 -16.52614970255137 -16.52614970255137 -16.52614970255137 -16.52614970255137 -16.52614970255137 -16.52614970255137 -16.52614970255137 -16.52614970255137 -16.52614970255137 -16.52614970255137 -16.52614970255137 -16.52614970255137 -16.52614970255137 -16.52614970255137 -16.52614970255137 -16.52614970255137 -16.52614970255137 -16.52614970255137 -16.52614970255137 -16.52614970255137 -16.52614970255137 -16.52614970255137 -16.52614970255137 -16.52614970255137 -16.52614970255137 -16.52614970255137
8.819095477386934 -16.5255834350329 -16.5255834350329 -16.5255834350329 -16.5255834350329 -16.5255834350329 -16.5255834350329 -16.5255834350329 -16.5255834350329 -16.5255834350329 -16.5255834350329 -16.5255834350329 -16.5255834350329 -16.5255834350329 -16.5255834350329 -16.5255834350329 -16.5255834350329 -16.5255834350329 -16.5255834350329 -16.5255834350329 -16.5255834350329 -16.5255834350329 -16.5255834350329 -16.5255834350329 -16.5255834350329 -16.5255834350329 -16.5255834350329 -16.5255834350329 -16.5255834350329 -16.5255834350329
8.894472361809044 -16.52501716751443 -16.52501716751443 -16.52501716751443 -16.52501716751443 -16.52501716751443 -16.52501716751443 -16.52501716751443 -16.52501716751443 -16.52501716751443 -16.52501716751443 -16.52501716751443 -16.52501716751443 -16.52501716751443 -16.52501716751443 -16.52501716751443 -16.52501716751443 -16.52501716751443 -16.52501716751443 -16.52501716751443 -16.52501716751443 -16.52501716751443 -16.52501716751443 -16.52501716751443 -16.52501716751443 -16.52501716751443 -16.52501716751443 -16.52501716751443 -16.52501716751443 -16.52501716751443
8.969849246231155 -16.52445089999596 -16.52445089999596 -16.52445089999596 -16.52445089999596 -16.52445089999596 -16.52445089999596 -16.52445089999596 -16.52445089999596 -16.52445089999596 -16.52445089999596 -16.52445089999596 -16.52445089999596 -16.52445089999596 -16.52445089999596 -16.52445089999596 -16.52445089999596 -16.52445089999596 -16.52445089999596 -16.52445089999596 -16.52445089999596 -16.52445089999596 -16.52445089999596 -16.52445089999596 -16.52445089999596 -16.52445089999596 -16.52445089999596 -16.52445089999596 -16.52445089999596 -16.52445089999596
9.045226130653266 -16.52388463247749 -16.52388463247749 -16.52388463247749 -16.52388463247749 -16.52388463247749 -16.52388463247749 -16.52388463247749 -16.52388463247749 -16.52388463247749 -16.52388463247749 -16.52388463247749 -16.52388463247749 -16.52388463247749 -16.52388463247749 -16.52388463247749 -16.52388463247749 -16.52388463247749 -16.52388463247749 -16.52388463247749 -16.52388463247749 -16.52388463247749 -16.52388463247749 -16.52388463247749 -16.52388463247749 -16.52388463247749 -16.52388463247749 -16.52388463247749 -16.52388463247749 -16.52388463247749
9.120603015075377 -16.52331836495902 -16.52331836495902 -16.52331836495902 -16.52331836495902 -16.52331836495902 -16.52331836495902 -16.52331836495902 -16.52331836495902 -16.52331836495902 -16.52331836495902 -16.52331836495902 -16.52331836495902 -16.52331836495902 -16.52331836495902 -16.52331836495902 -16.52331836495902 -16.52331836495902 -16.52331836495902 -16.52331836495902 -16.52331836495902 -16.52331836495902 -16.52331836495902 -16.52331836495902 -16.52331836495902 -16.52331836495902 -16.52331836495902 -16.52331836495902 -16.52331836495902 -16.52331836495902
9.195979899497488 -16.52275209744055 -16.52275209744055 -16.52275209744055 -16.52275209744055 -16.52275209744055 -16.52275209744055 -16.52275209744055 -16.52275209744055 -16.52275209744055 -16.52275209744055 -16.52275209744055 -16.52275209744055 -16.52275209744055 -16.52275209744055 -16.52275209744055 -16.52275209744055 -16.52275209744055 -16.52275209744055 -16.52275209744055 -16.52275209744055 -16.52275209744055 -16.52275209744055 -16.52275209744055 -16.52275209744055 -16.52275209744055 -16.52275209744055 -16.52275209744055 -16.52275209744055 -16.52275209744055
9.271356783919597 -16.52218582992208 -16.52218582992208 -16.52218582992208 -16.52218582992208 -16.52218582992208 -16.52218582992208 -16.52218582992208 -16.52218582992208 -16.52218582992208 -16.52218582992208 -16.52218582992208 -16.52218582992208 -16.52218582992208 -16.52218582992208 -16.52218582992208 -16.52218582992208 -16.52218582992208 -16.52218582992208 -16.52218582992208 -16.52218582992208 -16.52218582992208 -16.52218582992208 -16.52218582992208 -16.52218582992208 -16.52218582992208 -16.52218582992208 -16.52218582992208 -16.52218582992208 -16.52218582992208
9.346733668341708 -16.52161956240361 -16.52161956240361 -16.52161956240361 -16.52161956240361 -16.52161956240361 -16.52161956240361 -16.52161956240361 -16.52161956240361 -16.52161956240361 -16.52161956240361 -16.52161956240361 -16.52161956240361 -16.52161956240361 -16.52161956240361 -16.52161956240361 -16.52161956240361 -16.52161956240361 -16.52161956240361 -16.52161956240361 -16.52161956240361 -16.52161956240361 -16.52161956240361 -16.52161956240361 -16.52161956240361 -16.52161956240361 -16.52161956240361 -16.52161956240361 -16.52161956240361 -16.52161956240361
9.422110552763819 -16.52105329488514 -16.52105329488514 -16.52105329488514 -16.52105329488514 -16.52105329488514 -16.52105329488514 -16.52105329488514 -16.52105329488514 -16.52105329488514 -16.52105329488514 -16.52105329488514 -16.52105329488514 -16.52105329488514 -16.52105329488514 -16.52105329488514 -16.52105329488514 -16.52105329488514 -16.52105329488514 -16.52105329488514 -16.52105329488514 -16.52105329488514 -16.52105329488514 -16.52105329488514 -16.52105329488514 -16.52105329488514 -16.52105329488514 -16.52105329488514 -16.52105329488514 -16.52105329488514
9.497487437185928 -16.52048702736667 -16.52048702736667 -16.52048702736667 -16.52048702736667 -16.52048702736667 -16.52048702736667 -16.52048702736667 -16.52048702736667 -16.52048702736667 -16.52048702736667 -16.52048702736667 -16.52048702736667 -16.52048702736667 -16.52048702736667 -16.52048702736667 -16.52048702736667 -16.52048702736667 -16.52048702736667 -16.52048702736667 -16.52048702736667 -16.52048702736667 -16.52048702736667 -16.52048702736667 -16.52048702736667 -16.52048702736667 -16.52048702736667 -16.52048702736667 -16.52048702736667 -16.52048702736667
9.572864321608039 -16.5199207598482 -16.5199207598482 -16.5199207598482 -16.5199207598482 -16.5199207598482 -16.5199207598482 -16.5199207598482 -16.5199207598482 -16.5199207598482 -16.5199207598482 -16.5199207598482 -16.5199207598482 -16.5199207598482 -16.5199207598482 -16.5199207598482 -16.5199207598482 -16.5199207598482 -16.5199207598482 -16.5199207598482 -16.5199207598482 -16.5199207598482 -16.5199207598482 -16.5199207598482 -16.5199207598482 -16.5199207598482 -16.5199207598482 -16.5199207598482 -16.5199207598482 -16.5199207598482
9.64824120603015 -16.51935449232973 -16.51935449232973 -16.51935449232973 -16.51935449232973 -16.51935449232973 -16.51935449232973 -16.51935449232973 -16.51935449232973 -16.51935449232973 -16.51935449232973 -16.51935449232973 -16.51935449232973 -16.51935449232973 -16.51935449232973 -16.51935449232973 -16.51935449232973 -16.51935449232973 -16.51935449232973 -16.51935449232973 -16.51935449232973 -16.51935449232973 -16.51935449232973 -16.51935449232973 -16.51935449232973 -16.51935449232973 -16.51935449232973 -16.51935449232973 -16.51935449232973 -16.51935449232973
9.72361809045226 -16.51878822481126 -16.51878822481126 -16.51878822481126 -16.51878822481126 -16.51878822481126 -16.51878822481126 -16.51878822481126 -16.51878822481126 -16.51878822481126 -16.51878822481126 -16.51878822481126 -16.51878822481126 -16.51878822481126 -16.51878822481126 -16.51878822481126 -16.51878822481126 -16.51878822481126 -16.51878822481126 -16.51878822481126 -16.51878822481126 -16.51878822481126 -16.51878822481126 -16.51878822481126 -16.51878822481126 -16.51878822481126 -16.51878822481126 -16.51878822481126 -16.51878822481126 -16.51878822481126
9.798994974874372 -16.51822195729279 -16.51822195729279 -16.51822195729279 -16.51822195729279 -16.51822195729279 -16.51822195729279 -16.51822195729279 -16.51822195729279 -16.51822195729279 -16.51822195729279 -16.51822195729279 -16.51822195729279 -16.51822195729279 -16.51822195729279 -16.51822195729279 -16.51822195729279 -16.51822195729279 -16.51822195729279 -16.51822195729279 -16.51822195729279 -16.51822195729279 -16.51822195729279 -16.51822195729279 -16.51822195729279 -16.51822195729279 -16.51822195729279 -16.51822195729279 -16.51822195729279 -16.51822195729279
9.874371859296481 -16.51765568977432 -16.51765568977432 -16.51765568977432 -16.51765568977432 -16.51765568977432 -16.51765568977432 -16.51765568977432 -16.51765568977432 -16.51765568977432 -16.51765568977432 -16.51765568977432 -16.51765568977432 -16.51765568977432 -16.51765568977432 -16.51765568977432 -16.51765568977432 -16.51765568977432 -16.51765568977432 -16.51765568977432 -16.51765568977432 -16.51765568977432 -16.51765568977432 -16.51765568977432 -16.51765568977432 -16.51765568977432 -16.51765568977432 -16.51765568977432 -16.51765568977432 -16.51765568977432
9.949748743718592 -16.51708942225585 -16.51708942225585 -16.51708942225585 -16.51708942225585 -16.51708942225585 -16.51708942225585 -16.51708942225585 -16.51708942225585 -16.51708942225585 -16.51708942225585 -16.51708942225585 -16.51708942225585 -16.51708942225585 -16.51708942225585 -16.51708942225585 -16.51708942225585 -16.51708942225585 -16.51708942225585 -16.51708942225585 -16.51708942225585 -16.51708942225585 -16.51708942225585 -16.51708942225585 -16.51708942225585 -16.51708942225585 -16.51708942225585 -16.51708942225585 -16.51708942225585 -16.51708942225585
10.025125628140703 -16.51652315473738 -16.51652315473738 -16.51652315473738 -16.51652315473738 -16.51652315473738 -16.51652315473738 -16.51652315473738 -16.51652315473738 -16.51652315473738 -16.51652315473738 -16.51652315473738 -16.51652315473738 -16.51652315473738 -16.51652315473738 -16.51652315473738 -16.51652315473738 -16.51652315473738 -16.51652315473738 -16.51652315473738 -16.51652315473738 -16.51652315473738 -16.51652315473738 -16.51652315473738 -16.51652315473738 -16.51652315473738 -16.51652315473738 -16.51652315473738 -16.51652315473738 -16.51652315473738
10.100502512562812 -16.515956887218913 -16.515956887218913 -16.515956887218913 -16.515956887218913 -16.515956887218913 -16.515956887218913 -16.515956887218913 -16.515956887218913 -16.515956887218913 -16.515956887218913 -16.515956887218913 -16.515956887218913 -16.515956887218913 -16.515956887218913 -16.515956887218913 -16.515956887218913 -16.515956887218913 -16.515956887218913 -16.515956887218913 -16.515956887218913 -16.515956887218913 -16.515956887218913 -16.515956887218913 -16.515956887218913 -16.515956887218913 -16.515956887218913 -16.515956887218913 -16.515956887218913 -16.515956887218913
10.175879396984923 -16.51539061970044 -16.51539061970044 -16.51539061970044 -16.51539061970044 -16.51539061970044 -16.51539061970044 -16.51539061970044 -16.51539061970044 -16.51539061970044 -16.51539061970044 -16.51539061970044 -16.51539061970044 -16.51539061970044 -16.51539061970044 -16.51539061970044 -16.51539061970044 -16.51539061970044 -16.51539061970044 -16.51539061970044 -16.51539061970044 -16.51539061970044 -16.51539061970044 -16.51539061970044 -16.51539061970044 -16.51539061970044 -16.51539061970044 -16.51539061970044 -16.51539061970044 -16.51539061970044
10.251256281407034 -16.51482435218197 -16.51482435218197 -16.51482435218197 -16.51482435218197 -16.51482435218197 -16.51482435218197 -16.51482435218197 -16.51482435218197 -16.51482435218197 -16.51482435218197 -16.51482435218197 -16.51482435218197 -16.51482435218197 -16.51482435218197 -16.51482435218197 -16.51482435218197 -16.51482435218197 -16.51482435218197 -16.51482435218197 -16.51482435218197 -16.51482435218197 -16.51482435218197 -16.51482435218197 -16.51482435218197 -16.51482435218197 -16.51482435218197 -16.51482435218197 -16.51482435218197 -16.51482435218197
