web/models/linear/51/-16_592_0_030.dat
# %ECSV 1.0
# ---
# datatype:
# - {name: time, datatype: float64}
# - {name: sdss_u, datatype: float64}
# - {name: sdss_g, datatype: float64}
# - {name: sdss_r, datatype: float64}
# - {name: sdss_i, datatype: float64}
# - {name: sdss_z, datatype: float64}
# - {name: Clear, datatype: float64}
# - {name: johnson_B, datatype: float64}
# - {name: johnson_V, datatype: float64}
# - {name: johnson_R, datatype: float64}
# - {name: johnson_I, datatype: float64}
# - {name: ukirt_J, datatype: float64}
# - {name: ukirt_H, datatype: float64}
# - {name: ukirt_K, datatype: float64}
# meta: !!omap
# - comment: [M=-16.591836734693878, dM=0.030345556064724315]
# schema: astropy-2.0
time sdss_u sdss_g sdss_r sdss_i sdss_z Clear johnson_B johnson_V johnson_R johnson_I ukirt_J ukirt_H ukirt_K
0.0 -16.591836734693878 -16.591836734693878 -16.591836734693878 -16.591836734693878 -16.591836734693878 -16.591836734693878 -16.591836734693878 -16.591836734693878 -16.591836734693878 -16.591836734693878 -16.591836734693878 -16.591836734693878 -16.591836734693878
0.07537688442211055 -16.589549381221662 -16.589549381221662 -16.589549381221662 -16.589549381221662 -16.589549381221662 -16.589549381221662 -16.589549381221662 -16.589549381221662 -16.589549381221662 -16.589549381221662 -16.589549381221662 -16.589549381221662 -16.589549381221662
0.1507537688442211 -16.587262027749446 -16.587262027749446 -16.587262027749446 -16.587262027749446 -16.587262027749446 -16.587262027749446 -16.587262027749446 -16.587262027749446 -16.587262027749446 -16.587262027749446 -16.587262027749446 -16.587262027749446 -16.587262027749446
0.22613065326633164 -16.58497467427723 -16.58497467427723 -16.58497467427723 -16.58497467427723 -16.58497467427723 -16.58497467427723 -16.58497467427723 -16.58497467427723 -16.58497467427723 -16.58497467427723 -16.58497467427723 -16.58497467427723 -16.58497467427723
0.3015075376884422 -16.582687320805018 -16.582687320805018 -16.582687320805018 -16.582687320805018 -16.582687320805018 -16.582687320805018 -16.582687320805018 -16.582687320805018 -16.582687320805018 -16.582687320805018 -16.582687320805018 -16.582687320805018 -16.582687320805018
0.37688442211055273 -16.580399967332802 -16.580399967332802 -16.580399967332802 -16.580399967332802 -16.580399967332802 -16.580399967332802 -16.580399967332802 -16.580399967332802 -16.580399967332802 -16.580399967332802 -16.580399967332802 -16.580399967332802 -16.580399967332802
0.4522613065326633 -16.578112613860586 -16.578112613860586 -16.578112613860586 -16.578112613860586 -16.578112613860586 -16.578112613860586 -16.578112613860586 -16.578112613860586 -16.578112613860586 -16.578112613860586 -16.578112613860586 -16.578112613860586 -16.578112613860586
0.5276381909547738 -16.57582526038837 -16.57582526038837 -16.57582526038837 -16.57582526038837 -16.57582526038837 -16.57582526038837 -16.57582526038837 -16.57582526038837 -16.57582526038837 -16.57582526038837 -16.57582526038837 -16.57582526038837 -16.57582526038837
0.6030150753768844 -16.573537906916155 -16.573537906916155 -16.573537906916155 -16.573537906916155 -16.573537906916155 -16.573537906916155 -16.573537906916155 -16.573537906916155 -16.573537906916155 -16.573537906916155 -16.573537906916155 -16.573537906916155 -16.573537906916155
0.6783919597989949 -16.57125055344394 -16.57125055344394 -16.57125055344394 -16.57125055344394 -16.57125055344394 -16.57125055344394 -16.57125055344394 -16.57125055344394 -16.57125055344394 -16.57125055344394 -16.57125055344394 -16.57125055344394 -16.57125055344394
0.7537688442211055 -16.568963199971723 -16.568963199971723 -16.568963199971723 -16.568963199971723 -16.568963199971723 -16.568963199971723 -16.568963199971723 -16.568963199971723 -16.568963199971723 -16.568963199971723 -16.568963199971723 -16.568963199971723 -16.568963199971723
0.829145728643216 -16.566675846499507 -16.566675846499507 -16.566675846499507 -16.566675846499507 -16.566675846499507 -16.566675846499507 -16.566675846499507 -16.566675846499507 -16.566675846499507 -16.566675846499507 -16.566675846499507 -16.566675846499507 -16.566675846499507
0.9045226130653266 -16.564388493027295 -16.564388493027295 -16.564388493027295 -16.564388493027295 -16.564388493027295 -16.564388493027295 -16.564388493027295 -16.564388493027295 -16.564388493027295 -16.564388493027295 -16.564388493027295 -16.564388493027295 -16.564388493027295
0.9798994974874371 -16.56210113955508 -16.56210113955508 -16.56210113955508 -16.56210113955508 -16.56210113955508 -16.56210113955508 -16.56210113955508 -16.56210113955508 -16.56210113955508 -16.56210113955508 -16.56210113955508 -16.56210113955508 -16.56210113955508
1.0552763819095476 -16.559813786082863 -16.559813786082863 -16.559813786082863 -16.559813786082863 -16.559813786082863 -16.559813786082863 -16.559813786082863 -16.559813786082863 -16.559813786082863 -16.559813786082863 -16.559813786082863 -16.559813786082863 -16.559813786082863
1.1306532663316582 -16.557526432610647 -16.557526432610647 -16.557526432610647 -16.557526432610647 -16.557526432610647 -16.557526432610647 -16.557526432610647 -16.557526432610647 -16.557526432610647 -16.557526432610647 -16.557526432610647 -16.557526432610647 -16.557526432610647
1.2060301507537687 -16.55523907913843 -16.55523907913843 -16.55523907913843 -16.55523907913843 -16.55523907913843 -16.55523907913843 -16.55523907913843 -16.55523907913843 -16.55523907913843 -16.55523907913843 -16.55523907913843 -16.55523907913843 -16.55523907913843
1.2814070351758793 -16.552951725666215 -16.552951725666215 -16.552951725666215 -16.552951725666215 -16.552951725666215 -16.552951725666215 -16.552951725666215 -16.552951725666215 -16.552951725666215 -16.552951725666215 -16.552951725666215 -16.552951725666215 -16.552951725666215
1.3567839195979898 -16.550664372194 -16.550664372194 -16.550664372194 -16.550664372194 -16.550664372194 -16.550664372194 -16.550664372194 -16.550664372194 -16.550664372194 -16.550664372194 -16.550664372194 -16.550664372194 -16.550664372194
1.4321608040201004 -16.548377018721787 -16.548377018721787 -16.548377018721787 -16.548377018721787 -16.548377018721787 -16.548377018721787 -16.548377018721787 -16.548377018721787 -16.548377018721787 -16.548377018721787 -16.548377018721787 -16.548377018721787 -16.548377018721787
1.507537688442211 -16.54608966524957 -16.54608966524957 -16.54608966524957 -16.54608966524957 -16.54608966524957 -16.54608966524957 -16.54608966524957 -16.54608966524957 -16.54608966524957 -16.54608966524957 -16.54608966524957 -16.54608966524957 -16.54608966524957
1.5829145728643215 -16.543802311777355 -16.543802311777355 -16.543802311777355 -16.543802311777355 -16.543802311777355 -16.543802311777355 -16.543802311777355 -16.543802311777355 -16.543802311777355 -16.543802311777355 -16.543802311777355 -16.543802311777355 -16.543802311777355
1.658291457286432 -16.54151495830514 -16.54151495830514 -16.54151495830514 -16.54151495830514 -16.54151495830514 -16.54151495830514 -16.54151495830514 -16.54151495830514 -16.54151495830514 -16.54151495830514 -16.54151495830514 -16.54151495830514 -16.54151495830514
1.7336683417085426 -16.539227604832924 -16.539227604832924 -16.539227604832924 -16.539227604832924 -16.539227604832924 -16.539227604832924 -16.539227604832924 -16.539227604832924 -16.539227604832924 -16.539227604832924 -16.539227604832924 -16.539227604832924 -16.539227604832924
1.809045226130653 -16.536940251360708 -16.536940251360708 -16.536940251360708 -16.536940251360708 -16.536940251360708 -16.536940251360708 -16.536940251360708 -16.536940251360708 -16.536940251360708 -16.536940251360708 -16.536940251360708 -16.536940251360708 -16.536940251360708
1.8844221105527637 -16.534652897888492 -16.534652897888492 -16.534652897888492 -16.534652897888492 -16.534652897888492 -16.534652897888492 -16.534652897888492 -16.534652897888492 -16.534652897888492 -16.534652897888492 -16.534652897888492 -16.534652897888492 -16.534652897888492
1.9597989949748742 -16.532365544416276 -16.532365544416276 -16.532365544416276 -16.532365544416276 -16.532365544416276 -16.532365544416276 -16.532365544416276 -16.532365544416276 -16.532365544416276 -16.532365544416276 -16.532365544416276 -16.532365544416276 -16.532365544416276
2.0351758793969847 -16.530078190944064 -16.530078190944064 -16.530078190944064 -16.530078190944064 -16.530078190944064 -16.530078190944064 -16.530078190944064 -16.530078190944064 -16.530078190944064 -16.530078190944064 -16.530078190944064 -16.530078190944064 -16.530078190944064
2.1105527638190953 -16.527790837471848 -16.527790837471848 -16.527790837471848 -16.527790837471848 -16.527790837471848 -16.527790837471848 -16.527790837471848 -16.527790837471848 -16.527790837471848 -16.527790837471848 -16.527790837471848 -16.527790837471848 -16.527790837471848
2.185929648241206 -16.525503483999632 -16.525503483999632 -16.525503483999632 -16.525503483999632 -16.525503483999632 -16.525503483999632 -16.525503483999632 -16.525503483999632 -16.525503483999632 -16.525503483999632 -16.525503483999632 -16.525503483999632 -16.525503483999632
2.2613065326633164 -16.523216130527416 -16.523216130527416 -16.523216130527416 -16.523216130527416 -16.523216130527416 -16.523216130527416 -16.523216130527416 -16.523216130527416 -16.523216130527416 -16.523216130527416 -16.523216130527416 -16.523216130527416 -16.523216130527416
2.336683417085427 -16.5209287770552 -16.5209287770552 -16.5209287770552 -16.5209287770552 -16.5209287770552 -16.5209287770552 -16.5209287770552 -16.5209287770552 -16.5209287770552 -16.5209287770552 -16.5209287770552 -16.5209287770552 -16.5209287770552
2.4120603015075375 -16.518641423582984 -16.518641423582984 -16.518641423582984 -16.518641423582984 -16.518641423582984 -16.518641423582984 -16.518641423582984 -16.518641423582984 -16.518641423582984 -16.518641423582984 -16.518641423582984 -16.518641423582984 -16.518641423582984
2.487437185929648 -16.51635407011077 -16.51635407011077 -16.51635407011077 -16.51635407011077 -16.51635407011077 -16.51635407011077 -16.51635407011077 -16.51635407011077 -16.51635407011077 -16.51635407011077 -16.51635407011077 -16.51635407011077 -16.51635407011077
2.5628140703517586 -16.514066716638553 -16.514066716638553 -16.514066716638553 -16.514066716638553 -16.514066716638553 -16.514066716638553 -16.514066716638553 -16.514066716638553 -16.514066716638553 -16.514066716638553 -16.514066716638553 -16.514066716638553 -16.514066716638553
2.638190954773869 -16.51177936316634 -16.51177936316634 -16.51177936316634 -16.51177936316634 -16.51177936316634 -16.51177936316634 -16.51177936316634 -16.51177936316634 -16.51177936316634 -16.51177936316634 -16.51177936316634 -16.51177936316634 -16.51177936316634
2.7135678391959797 -16.509492009694124 -16.509492009694124 -16.509492009694124 -16.509492009694124 -16.509492009694124 -16.509492009694124 -16.509492009694124 -16.509492009694124 -16.509492009694124 -16.509492009694124 -16.509492009694124 -16.509492009694124 -16.509492009694124
2.78894472361809 -16.50720465622191 -16.50720465622191 -16.50720465622191 -16.50720465622191 -16.50720465622191 -16.50720465622191 -16.50720465622191 -16.50720465622191 -16.50720465622191 -16.50720465622191 -16.50720465622191 -16.50720465622191 -16.50720465622191
2.8643216080402008 -16.504917302749693 -16.504917302749693 -16.504917302749693 -16.504917302749693 -16.504917302749693 -16.504917302749693 -16.504917302749693 -16.504917302749693 -16.504917302749693 -16.504917302749693 -16.504917302749693 -16.504917302749693 -16.504917302749693
2.9396984924623113 -16.502629949277477 -16.502629949277477 -16.502629949277477 -16.502629949277477 -16.502629949277477 -16.502629949277477 -16.502629949277477 -16.502629949277477 -16.502629949277477 -16.502629949277477 -16.502629949277477 -16.502629949277477 -16.502629949277477
3.015075376884422 -16.50034259580526 -16.50034259580526 -16.50034259580526 -16.50034259580526 -16.50034259580526 -16.50034259580526 -16.50034259580526 -16.50034259580526 -16.50034259580526 -16.50034259580526 -16.50034259580526 -16.50034259580526 -16.50034259580526
3.0904522613065324 -16.498055242333045 -16.498055242333045 -16.498055242333045 -16.498055242333045 -16.498055242333045 -16.498055242333045 -16.498055242333045 -16.498055242333045 -16.498055242333045 -16.498055242333045 -16.498055242333045 -16.498055242333045 -16.498055242333045
3.165829145728643 -16.495767888860833 -16.495767888860833 -16.495767888860833 -16.495767888860833 -16.495767888860833 -16.495767888860833 -16.495767888860833 -16.495767888860833 -16.495767888860833 -16.495767888860833 -16.495767888860833 -16.495767888860833 -16.495767888860833
3.2412060301507535 -16.493480535388617 -16.493480535388617 -16.493480535388617 -16.493480535388617 -16.493480535388617 -16.493480535388617 -16.493480535388617 -16.493480535388617 -16.493480535388617 -16.493480535388617 -16.493480535388617 -16.493480535388617 -16.493480535388617
3.316582914572864 -16.4911931819164 -16.4911931819164 -16.4911931819164 -16.4911931819164 -16.4911931819164 -16.4911931819164 -16.4911931819164 -16.4911931819164 -16.4911931819164 -16.4911931819164 -16.4911931819164 -16.4911931819164 -16.4911931819164
3.3919597989949746 -16.488905828444185 -16.488905828444185 -16.488905828444185 -16.488905828444185 -16.488905828444185 -16.488905828444185 -16.488905828444185 -16.488905828444185 -16.488905828444185 -16.488905828444185 -16.488905828444185 -16.488905828444185 -16.488905828444185
3.467336683417085 -16.48661847497197 -16.48661847497197 -16.48661847497197 -16.48661847497197 -16.48661847497197 -16.48661847497197 -16.48661847497197 -16.48661847497197 -16.48661847497197 -16.48661847497197 -16.48661847497197 -16.48661847497197 -16.48661847497197
3.5427135678391957 -16.484331121499753 -16.484331121499753 -16.484331121499753 -16.484331121499753 -16.484331121499753 -16.484331121499753 -16.484331121499753 -16.484331121499753 -16.484331121499753 -16.484331121499753 -16.484331121499753 -16.484331121499753 -16.484331121499753
3.618090452261306 -16.482043768027538 -16.482043768027538 -16.482043768027538 -16.482043768027538 -16.482043768027538 -16.482043768027538 -16.482043768027538 -16.482043768027538 -16.482043768027538 -16.482043768027538 -16.482043768027538 -16.482043768027538 -16.482043768027538
3.6934673366834168 -16.47975641455532 -16.47975641455532 -16.47975641455532 -16.47975641455532 -16.47975641455532 -16.47975641455532 -16.47975641455532 -16.47975641455532 -16.47975641455532 -16.47975641455532 -16.47975641455532 -16.47975641455532 -16.47975641455532
3.7688442211055273 -16.47746906108311 -16.47746906108311 -16.47746906108311 -16.47746906108311 -16.47746906108311 -16.47746906108311 -16.47746906108311 -16.47746906108311 -16.47746906108311 -16.47746906108311 -16.47746906108311 -16.47746906108311 -16.47746906108311
3.844221105527638 -16.475181707610894 -16.475181707610894 -16.475181707610894 -16.475181707610894 -16.475181707610894 -16.475181707610894 -16.475181707610894 -16.475181707610894 -16.475181707610894 -16.475181707610894 -16.475181707610894 -16.475181707610894 -16.475181707610894
3.9195979899497484 -16.472894354138678 -16.472894354138678 -16.472894354138678 -16.472894354138678 -16.472894354138678 -16.472894354138678 -16.472894354138678 -16.472894354138678 -16.472894354138678 -16.472894354138678 -16.472894354138678 -16.472894354138678 -16.472894354138678
3.994974874371859 -16.47060700066646 -16.47060700066646 -16.47060700066646 -16.47060700066646 -16.47060700066646 -16.47060700066646 -16.47060700066646 -16.47060700066646 -16.47060700066646 -16.47060700066646 -16.47060700066646 -16.47060700066646 -16.47060700066646
4.0703517587939695 -16.468319647194246 -16.468319647194246 -16.468319647194246 -16.468319647194246 -16.468319647194246 -16.468319647194246 -16.468319647194246 -16.468319647194246 -16.468319647194246 -16.468319647194246 -16.468319647194246 -16.468319647194246 -16.468319647194246
4.14572864321608 -16.46603229372203 -16.46603229372203 -16.46603229372203 -16.46603229372203 -16.46603229372203 -16.46603229372203 -16.46603229372203 -16.46603229372203 -16.46603229372203 -16.46603229372203 -16.46603229372203 -16.46603229372203 -16.46603229372203
4.221105527638191 -16.463744940249814 -16.463744940249814 -16.463744940249814 -16.463744940249814 -16.463744940249814 -16.463744940249814 -16.463744940249814 -16.463744940249814 -16.463744940249814 -16.463744940249814 -16.463744940249814 -16.463744940249814 -16.463744940249814
4.296482412060302 -16.461457586777602 -16.461457586777602 -16.461457586777602 -16.461457586777602 -16.461457586777602 -16.461457586777602 -16.461457586777602 -16.461457586777602 -16.461457586777602 -16.461457586777602 -16.461457586777602 -16.461457586777602 -16.461457586777602
