web/models/linear/51/-16_592_0_012.dat
# %ECSV 1.0
# ---
# datatype:
# - {name: time, datatype: float64}
# - {name: sdss_u, datatype: float64}
# - {name: sdss_g, datatype: float64}
# - {name: sdss_r, datatype: float64}
# - {name: sdss_i, datatype: float64}
# - {name: sdss_z, datatype: float64}
# - {name: Clear, datatype: float64}
# - {name: johnson_B, datatype: float64}
# - {name: johnson_V, datatype: float64}
# - {name: johnson_R, datatype: float64}
# - {name: johnson_I, datatype: float64}
# - {name: ukirt_J, datatype: float64}
# - {name: ukirt_H, datatype: float64}
# - {name: ukirt_K, datatype: float64}
# meta: !!omap
# - comment: [M=-16.591836734693878, dM=0.011964301412374053]
# schema: astropy-2.0
time sdss_u sdss_g sdss_r sdss_i sdss_z Clear johnson_B johnson_V johnson_R johnson_I ukirt_J ukirt_H ukirt_K
[from data line 59]
4.447236180904522 -16.538628660573522 -16.538628660573522 -16.538628660573522 -16.538628660573522 -16.538628660573522 -16.538628660573522 -16.538628660573522 -16.538628660573522 -16.538628660573522 -16.538628660573522 -16.538628660573522 -16.538628660573522 -16.538628660573522
4.522613065326633 -16.53772682880877 -16.53772682880877 -16.53772682880877 -16.53772682880877 -16.53772682880877 -16.53772682880877 -16.53772682880877 -16.53772682880877 -16.53772682880877 -16.53772682880877 -16.53772682880877 -16.53772682880877 -16.53772682880877
4.597989949748744 -16.536824997044018 -16.536824997044018 -16.536824997044018 -16.536824997044018 -16.536824997044018 -16.536824997044018 -16.536824997044018 -16.536824997044018 -16.536824997044018 -16.536824997044018 -16.536824997044018 -16.536824997044018 -16.536824997044018
4.673366834170854 -16.535923165279264 -16.535923165279264 -16.535923165279264 -16.535923165279264 -16.535923165279264 -16.535923165279264 -16.535923165279264 -16.535923165279264 -16.535923165279264 -16.535923165279264 -16.535923165279264 -16.535923165279264 -16.535923165279264
4.748743718592964 -16.535021333514514 -16.535021333514514 -16.535021333514514 -16.535021333514514 -16.535021333514514 -16.535021333514514 -16.535021333514514 -16.535021333514514 -16.535021333514514 -16.535021333514514 -16.535021333514514 -16.535021333514514 -16.535021333514514
4.824120603015075 -16.53411950174976 -16.53411950174976 -16.53411950174976 -16.53411950174976 -16.53411950174976 -16.53411950174976 -16.53411950174976 -16.53411950174976 -16.53411950174976 -16.53411950174976 -16.53411950174976 -16.53411950174976 -16.53411950174976
4.899497487437186 -16.53321766998501 -16.53321766998501 -16.53321766998501 -16.53321766998501 -16.53321766998501 -16.53321766998501 -16.53321766998501 -16.53321766998501 -16.53321766998501 -16.53321766998501 -16.53321766998501 -16.53321766998501 -16.53321766998501
4.974874371859296 -16.53231583822026 -16.53231583822026 -16.53231583822026 -16.53231583822026 -16.53231583822026 -16.53231583822026 -16.53231583822026 -16.53231583822026 -16.53231583822026 -16.53231583822026 -16.53231583822026 -16.53231583822026 -16.53231583822026
5.050251256281406 -16.531414006455506 -16.531414006455506 -16.531414006455506 -16.531414006455506 -16.531414006455506 -16.531414006455506 -16.531414006455506 -16.531414006455506 -16.531414006455506 -16.531414006455506 -16.531414006455506 -16.531414006455506 -16.531414006455506
5.125628140703517 -16.530512174690756 -16.530512174690756 -16.530512174690756 -16.530512174690756 -16.530512174690756 -16.530512174690756 -16.530512174690756 -16.530512174690756 -16.530512174690756 -16.530512174690756 -16.530512174690756 -16.530512174690756 -16.530512174690756
5.201005025125628 -16.529610342926002 -16.529610342926002 -16.529610342926002 -16.529610342926002 -16.529610342926002 -16.529610342926002 -16.529610342926002 -16.529610342926002 -16.529610342926002 -16.529610342926002 -16.529610342926002 -16.529610342926002 -16.529610342926002
5.276381909547738 -16.528708511161252 -16.528708511161252 -16.528708511161252 -16.528708511161252 -16.528708511161252 -16.528708511161252 -16.528708511161252 -16.528708511161252 -16.528708511161252 -16.528708511161252 -16.528708511161252 -16.528708511161252 -16.528708511161252
5.351758793969848 -16.527806679396498 -16.527806679396498 -16.527806679396498 -16.527806679396498 -16.527806679396498 -16.527806679396498 -16.527806679396498 -16.527806679396498 -16.527806679396498 -16.527806679396498 -16.527806679396498 -16.527806679396498 -16.527806679396498
5.427135678391959 -16.526904847631748 -16.526904847631748 -16.526904847631748 -16.526904847631748 -16.526904847631748 -16.526904847631748 -16.526904847631748 -16.526904847631748 -16.526904847631748 -16.526904847631748 -16.526904847631748 -16.526904847631748 -16.526904847631748
5.50251256281407 -16.526003015866994 -16.526003015866994 -16.526003015866994 -16.526003015866994 -16.526003015866994 -16.526003015866994 -16.526003015866994 -16.526003015866994 -16.526003015866994 -16.526003015866994 -16.526003015866994 -16.526003015866994 -16.526003015866994
5.57788944723618 -16.525101184102244 -16.525101184102244 -16.525101184102244 -16.525101184102244 -16.525101184102244 -16.525101184102244 -16.525101184102244 -16.525101184102244 -16.525101184102244 -16.525101184102244 -16.525101184102244 -16.525101184102244 -16.525101184102244
5.6532663316582905 -16.524199352337494 -16.524199352337494 -16.524199352337494 -16.524199352337494 -16.524199352337494 -16.524199352337494 -16.524199352337494 -16.524199352337494 -16.524199352337494 -16.524199352337494 -16.524199352337494 -16.524199352337494 -16.524199352337494
5.7286432160804015 -16.52329752057274 -16.52329752057274 -16.52329752057274 -16.52329752057274 -16.52329752057274 -16.52329752057274 -16.52329752057274 -16.52329752057274 -16.52329752057274 -16.52329752057274 -16.52329752057274 -16.52329752057274 -16.52329752057274
5.8040201005025125 -16.52239568880799 -16.52239568880799 -16.52239568880799 -16.52239568880799 -16.52239568880799 -16.52239568880799 -16.52239568880799 -16.52239568880799 -16.52239568880799 -16.52239568880799 -16.52239568880799 -16.52239568880799 -16.52239568880799
5.879396984924623 -16.521493857043236 -16.521493857043236 -16.521493857043236 -16.521493857043236 -16.521493857043236 -16.521493857043236 -16.521493857043236 -16.521493857043236 -16.521493857043236 -16.521493857043236 -16.521493857043236 -16.521493857043236 -16.521493857043236
5.954773869346733 -16.520592025278486 -16.520592025278486 -16.520592025278486 -16.520592025278486 -16.520592025278486 -16.520592025278486 -16.520592025278486 -16.520592025278486 -16.520592025278486 -16.520592025278486 -16.520592025278486 -16.520592025278486 -16.520592025278486
6.030150753768844 -16.519690193513732 -16.519690193513732 -16.519690193513732 -16.519690193513732 -16.519690193513732 -16.519690193513732 -16.519690193513732 -16.519690193513732 -16.519690193513732 -16.519690193513732 -16.519690193513732 -16.519690193513732 -16.519690193513732
6.105527638190955 -16.51878836174898 -16.51878836174898 -16.51878836174898 -16.51878836174898 -16.51878836174898 -16.51878836174898 -16.51878836174898 -16.51878836174898 -16.51878836174898 -16.51878836174898 -16.51878836174898 -16.51878836174898 -16.51878836174898
6.180904522613065 -16.517886529984228 -16.517886529984228 -16.517886529984228 -16.517886529984228 -16.517886529984228 -16.517886529984228 -16.517886529984228 -16.517886529984228 -16.517886529984228 -16.517886529984228 -16.517886529984228 -16.517886529984228 -16.517886529984228
6.256281407035175 -16.516984698219478 -16.516984698219478 -16.516984698219478 -16.516984698219478 -16.516984698219478 -16.516984698219478 -16.516984698219478 -16.516984698219478 -16.516984698219478 -16.516984698219478 -16.516984698219478 -16.516984698219478 -16.516984698219478
6.331658291457286 -16.516082866454727 -16.516082866454727 -16.516082866454727 -16.516082866454727 -16.516082866454727 -16.516082866454727 -16.516082866454727 -16.516082866454727 -16.516082866454727 -16.516082866454727 -16.516082866454727 -16.516082866454727 -16.516082866454727
6.407035175879397 -16.515181034689974 -16.515181034689974 -16.515181034689974 -16.515181034689974 -16.515181034689974 -16.515181034689974 -16.515181034689974 -16.515181034689974 -16.515181034689974 -16.515181034689974 -16.515181034689974 -16.515181034689974 -16.515181034689974
6.482412060301507 -16.514279202925223 -16.514279202925223 -16.514279202925223 -16.514279202925223 -16.514279202925223 -16.514279202925223 -16.514279202925223 -16.514279202925223 -16.514279202925223 -16.514279202925223 -16.514279202925223 -16.514279202925223 -16.514279202925223
6.557788944723617 -16.51337737116047 -16.51337737116047 -16.51337737116047 -16.51337737116047 -16.51337737116047 -16.51337737116047 -16.51337737116047 -16.51337737116047 -16.51337737116047 -16.51337737116047 -16.51337737116047 -16.51337737116047 -16.51337737116047
6.633165829145728 -16.51247553939572 -16.51247553939572 -16.51247553939572 -16.51247553939572 -16.51247553939572 -16.51247553939572 -16.51247553939572 -16.51247553939572 -16.51247553939572 -16.51247553939572 -16.51247553939572 -16.51247553939572 -16.51247553939572
6.708542713567839 -16.511573707630966 -16.511573707630966 -16.511573707630966 -16.511573707630966 -16.511573707630966 -16.511573707630966 -16.511573707630966 -16.511573707630966 -16.511573707630966 -16.511573707630966 -16.511573707630966 -16.511573707630966 -16.511573707630966
6.783919597989949 -16.510671875866215 -16.510671875866215 -16.510671875866215 -16.510671875866215 -16.510671875866215 -16.510671875866215 -16.510671875866215 -16.510671875866215 -16.510671875866215 -16.510671875866215 -16.510671875866215 -16.510671875866215 -16.510671875866215
6.859296482412059 -16.50977004410146 -16.50977004410146 -16.50977004410146 -16.50977004410146 -16.50977004410146 -16.50977004410146 -16.50977004410146 -16.50977004410146 -16.50977004410146 -16.50977004410146 -16.50977004410146 -16.50977004410146 -16.50977004410146
6.93467336683417 -16.50886821233671 -16.50886821233671 -16.50886821233671 -16.50886821233671 -16.50886821233671 -16.50886821233671 -16.50886821233671 -16.50886821233671 -16.50886821233671 -16.50886821233671 -16.50886821233671 -16.50886821233671 -16.50886821233671
7.010050251256281 -16.507966380571958 -16.507966380571958 -16.507966380571958 -16.507966380571958 -16.507966380571958 -16.507966380571958 -16.507966380571958 -16.507966380571958 -16.507966380571958 -16.507966380571958 -16.507966380571958 -16.507966380571958 -16.507966380571958
7.085427135678391 -16.507064548807207 -16.507064548807207 -16.507064548807207 -16.507064548807207 -16.507064548807207 -16.507064548807207 -16.507064548807207 -16.507064548807207 -16.507064548807207 -16.507064548807207 -16.507064548807207 -16.507064548807207 -16.507064548807207
7.160804020100501 -16.506162717042457 -16.506162717042457 -16.506162717042457 -16.506162717042457 -16.506162717042457 -16.506162717042457 -16.506162717042457 -16.506162717042457 -16.506162717042457 -16.506162717042457 -16.506162717042457 -16.506162717042457 -16.506162717042457
7.236180904522612 -16.505260885277703 -16.505260885277703 -16.505260885277703 -16.505260885277703 -16.505260885277703 -16.505260885277703 -16.505260885277703 -16.505260885277703 -16.505260885277703 -16.505260885277703 -16.505260885277703 -16.505260885277703 -16.505260885277703
7.311557788944723 -16.504359053512953 -16.504359053512953 -16.504359053512953 -16.504359053512953 -16.504359053512953 -16.504359053512953 -16.504359053512953 -16.504359053512953 -16.504359053512953 -16.504359053512953 -16.504359053512953 -16.504359053512953 -16.504359053512953
7.3869346733668335 -16.5034572217482 -16.5034572217482 -16.5034572217482 -16.5034572217482 -16.5034572217482 -16.5034572217482 -16.5034572217482 -16.5034572217482 -16.5034572217482 -16.5034572217482 -16.5034572217482 -16.5034572217482 -16.5034572217482
7.462311557788944 -16.50255538998345 -16.50255538998345 -16.50255538998345 -16.50255538998345 -16.50255538998345 -16.50255538998345 -16.50255538998345 -16.50255538998345 -16.50255538998345 -16.50255538998345 -16.50255538998345 -16.50255538998345 -16.50255538998345
7.537688442211055 -16.501653558218695 -16.501653558218695 -16.501653558218695 -16.501653558218695 -16.501653558218695 -16.501653558218695 -16.501653558218695 -16.501653558218695 -16.501653558218695 -16.501653558218695 -16.501653558218695 -16.501653558218695 -16.501653558218695
7.613065326633166 -16.500751726453945 -16.500751726453945 -16.500751726453945 -16.500751726453945 -16.500751726453945 -16.500751726453945 -16.500751726453945 -16.500751726453945 -16.500751726453945 -16.500751726453945 -16.500751726453945 -16.500751726453945 -16.500751726453945
7.688442211055276 -16.49984989468919 -16.49984989468919 -16.49984989468919 -16.49984989468919 -16.49984989468919 -16.49984989468919 -16.49984989468919 -16.49984989468919 -16.49984989468919 -16.49984989468919 -16.49984989468919 -16.49984989468919 -16.49984989468919
7.763819095477386 -16.49894806292444 -16.49894806292444 -16.49894806292444 -16.49894806292444 -16.49894806292444 -16.49894806292444 -16.49894806292444 -16.49894806292444 -16.49894806292444 -16.49894806292444 -16.49894806292444 -16.49894806292444 -16.49894806292444
7.839195979899497 -16.49804623115969 -16.49804623115969 -16.49804623115969 -16.49804623115969 -16.49804623115969 -16.49804623115969 -16.49804623115969 -16.49804623115969 -16.49804623115969 -16.49804623115969 -16.49804623115969 -16.49804623115969 -16.49804623115969
7.914572864321608 -16.497144399394937 -16.497144399394937 -16.497144399394937 -16.497144399394937 -16.497144399394937 -16.497144399394937 -16.497144399394937 -16.497144399394937 -16.497144399394937 -16.497144399394937 -16.497144399394937 -16.497144399394937 -16.497144399394937
7.989949748743718 -16.496242567630187 -16.496242567630187 -16.496242567630187 -16.496242567630187 -16.496242567630187 -16.496242567630187 -16.496242567630187 -16.496242567630187 -16.496242567630187 -16.496242567630187 -16.496242567630187 -16.496242567630187 -16.496242567630187
8.065326633165828 -16.495340735865433 -16.495340735865433 -16.495340735865433 -16.495340735865433 -16.495340735865433 -16.495340735865433 -16.495340735865433 -16.495340735865433 -16.495340735865433 -16.495340735865433 -16.495340735865433 -16.495340735865433 -16.495340735865433
8.140703517587939 -16.494438904100683 -16.494438904100683 -16.494438904100683 -16.494438904100683 -16.494438904100683 -16.494438904100683 -16.494438904100683 -16.494438904100683 -16.494438904100683 -16.494438904100683 -16.494438904100683 -16.494438904100683 -16.494438904100683
8.21608040201005 -16.49353707233593 -16.49353707233593 -16.49353707233593 -16.49353707233593 -16.49353707233593 -16.49353707233593 -16.49353707233593 -16.49353707233593 -16.49353707233593 -16.49353707233593 -16.49353707233593 -16.49353707233593 -16.49353707233593
8.29145728643216 -16.49263524057118 -16.49263524057118 -16.49263524057118 -16.49263524057118 -16.49263524057118 -16.49263524057118 -16.49263524057118 -16.49263524057118 -16.49263524057118 -16.49263524057118 -16.49263524057118 -16.49263524057118 -16.49263524057118
8.36683417085427 -16.491733408806425 -16.491733408806425 -16.491733408806425 -16.491733408806425 -16.491733408806425 -16.491733408806425 -16.491733408806425 -16.491733408806425 -16.491733408806425 -16.491733408806425 -16.491733408806425 -16.491733408806425 -16.491733408806425
8.442211055276381 -16.490831577041675 -16.490831577041675 -16.490831577041675 -16.490831577041675 -16.490831577041675 -16.490831577041675 -16.490831577041675 -16.490831577041675 -16.490831577041675 -16.490831577041675 -16.490831577041675 -16.490831577041675 -16.490831577041675
8.517587939698492 -16.489929745276925 -16.489929745276925 -16.489929745276925 -16.489929745276925 -16.489929745276925 -16.489929745276925 -16.489929745276925 -16.489929745276925 -16.489929745276925 -16.489929745276925 -16.489929745276925 -16.489929745276925 -16.489929745276925
8.592964824120603 -16.48902791351217 -16.48902791351217 -16.48902791351217 -16.48902791351217 -16.48902791351217 -16.48902791351217 -16.48902791351217 -16.48902791351217 -16.48902791351217 -16.48902791351217 -16.48902791351217 -16.48902791351217 -16.48902791351217
8.668341708542712 -16.48812608174742 -16.48812608174742 -16.48812608174742 -16.48812608174742 -16.48812608174742 -16.48812608174742 -16.48812608174742 -16.48812608174742 -16.48812608174742 -16.48812608174742 -16.48812608174742 -16.48812608174742 -16.48812608174742
8.743718592964823 -16.487224249982667 -16.487224249982667 -16.487224249982667 -16.487224249982667 -16.487224249982667 -16.487224249982667 -16.487224249982667 -16.487224249982667 -16.487224249982667 -16.487224249982667 -16.487224249982667 -16.487224249982667 -16.487224249982667
