web/models/grb/offaxis/20/grb_0.2967_0.1000_0.0000398.dat
# %ECSV 1.0
# ---
# datatype:
# - {name: time, datatype: float64}
# - {name: swift_uvot_uvw2, datatype: float64}
# - {name: swift_uvot_uvm2, datatype: float64}
# - {name: swift_uvot_uvw1, datatype: float64}
# - {name: swift_uvot_U, datatype: float64}
# - {name: swift_uvot_B, datatype: float64}
# - {name: swift_uvot_V, datatype: float64}
# - {name: swift_uvot_W, datatype: float64}
# - {name: johnson_U, datatype: float64}
# - {name: johnson_B, datatype: float64}
# - {name: johnson_V, datatype: float64}
# - {name: johnson_R, datatype: float64}
# - {name: johnson_I, datatype: float64}
# - {name: sdss_u, datatype: float64}
# - {name: sdss_g, datatype: float64}
# - {name: sdss_r, datatype: float64}
# - {name: sdss_i, datatype: float64}
# - {name: sdss_z, datatype: float64}
# - {name: PS1_g, datatype: float64}
# - {name: PS1_r, datatype: float64}
# - {name: PS1_i, datatype: float64}
# - {name: PS1_z, datatype: float64}
# - {name: PS1_Y, datatype: float64}
# - {name: ukirt_J, datatype: float64}
# - {name: ukirt_H, datatype: float64}
# - {name: ukirt_K, datatype: float64}
# meta: !!omap
# - comment: [E = 4.339649880409358e-05, Eta0 = 8.02, GammaB = 12.0, dL = 0.012188, epsb = 6.760829753919819e-06, epse = 0.1, n = 3.9810717055349695e-05,
#     p = 2.15, theta_obs = 0.29670597283903605, xiN = 1.0, z = 0.0, type = grb, E_kiso = 0.1]
# schema: astropy-2.0
time swift_uvot_uvw2 swift_uvot_uvm2 swift_uvot_uvw1 swift_uvot_U swift_uvot_B swift_uvot_V swift_uvot_W johnson_U johnson_B johnson_V johnson_R johnson_I sdss_u sdss_g sdss_r sdss_i sdss_z PS1_g PS1_r PS1_i PS1_z PS1_Y ukirt_J ukirt_H ukirt_K
[from data line 184]
0.8032 10.019 10.068 9.993 9.8 9.658 9.519 9.879 9.778 9.655 9.513 9.373 9.224 9.783 9.61 9.438 9.318 9.207 9.546 9.404 9.284 9.185 9.017 8.995 8.826 8.635
0.8225 10.002 10.051 9.977 9.784 9.641 9.502 9.863 9.761 9.639 9.497 9.356 9.208 9.766 9.594 9.422 9.301 9.19 9.53 9.387 9.267 9.168 9.0 8.978 8.809 8.619
0.8424 9.985 10.035 9.96 9.767 9.625 9.485 9.846 9.745 9.622 9.48 9.34 9.191 9.75 9.577 9.405 9.284 9.174 9.513 9.371 9.251 9.152 8.984 8.962 8.793 8.602
0.8627 9.969 10.018 9.943 9.75 9.608 9.469 9.83 9.728 9.606 9.464 9.323 9.175 9.733 9.56 9.389 9.268 9.157 9.497 9.354 9.234 9.135 8.967 8.945 8.776 8.586
0.8835 9.952 10.002 9.927 9.734 9.591 9.452 9.813 9.711 9.589 9.447 9.307 9.158 9.716 9.544 9.372 9.251 9.141 9.48 9.337 9.218 9.119 8.95 8.929 8.759 8.569
0.9048 9.937 9.987 9.912 9.719 9.576 9.437 9.798 9.696 9.574 9.432 9.292 9.143 9.701 9.529 9.357 9.236 9.126 9.465 9.322 9.203 9.104 8.935 8.914 8.744 8.554
0.9266 9.924 9.973 9.898 9.705 9.563 9.424 9.785 9.683 9.561 9.419 9.278 9.13 9.688 9.515 9.344 9.223 9.112 9.452 9.309 9.189 9.09 8.922 8.9 8.731 8.541
0.949 9.91 9.96 9.885 9.692 9.55 9.41 9.771 9.67 9.547 9.405 9.265 9.116 9.675 9.502 9.33 9.21 9.099 9.438 9.296 9.176 9.077 8.909 8.887 8.718 8.527
0.9719 9.897 9.946 9.872 9.679 9.536 9.397 9.758 9.656 9.534 9.392 9.251 9.103 9.661 9.489 9.317 9.196 9.085 9.425 9.282 9.163 9.064 8.895 8.874 8.704 8.514
0.9953 9.884 9.933 9.858 9.665 9.523 9.384 9.745 9.643 9.52 9.379 9.238 9.09 9.648 9.475 9.303 9.183 9.072 9.412 9.269 9.149 9.05 8.882 8.86 8.691 8.5
1.0194 9.87 9.92 9.845 9.652 9.509 9.37 9.731 9.629 9.507 9.365 9.225 9.076 9.635 9.462 9.29 9.169 9.059 9.398 9.256 9.136 9.037 8.868 8.847 8.677 8.487
1.0439 9.857 9.906 9.831 9.639 9.496 9.357 9.718 9.616 9.494 9.352 9.211 9.063 9.621 9.449 9.277 9.156 9.045 9.385 9.242 9.122 9.023 8.855 8.833 8.664 8.474
1.0691 9.843 9.893 9.818 9.625 9.483 9.344 9.704 9.603 9.48 9.338 9.198 9.049 9.608 9.435 9.263 9.143 9.032 9.371 9.229 9.109 9.01 8.842 8.82 8.651 8.46
1.0949 9.83 9.88 9.805 9.612 9.469 9.33 9.691 9.589 9.467 9.325 9.185 9.036 9.594 9.422 9.25 9.129 9.019 9.358 9.215 9.096 8.997 8.828 8.807 8.637 8.447
1.1213 9.817 9.866 9.791 9.598 9.456 9.317 9.678 9.576 9.454 9.312 9.171 9.023 9.581 9.408 9.237 9.116 9.005 9.345 9.202 9.082 8.983 8.815 8.793 8.624 8.434
1.1484 9.802 9.851 9.776 9.583 9.441 9.302 9.662 9.561 9.438 9.297 9.156 9.007 9.566 9.393 9.221 9.101 8.99 9.33 9.187 9.067 8.968 8.8 8.778 8.609 8.418
1.1761 9.785 9.835 9.76 9.567 9.425 9.286 9.646 9.545 9.422 9.28 9.14 8.991 9.55 9.377 9.205 9.085 8.974 9.313 9.171 9.051 8.952 8.784 8.762 8.593 8.402
1.2044 9.769 9.819 9.744 9.551 9.409 9.269 9.63 9.529 9.406 9.264 9.124 8.975 9.534 9.361 9.189 9.069 8.958 9.297 9.155 9.035 8.936 8.768 8.746 8.577 8.386
1.2335 9.753 9.803 9.728 9.535 9.393 9.253 9.614 9.513 9.39 9.248 9.108 8.959 9.518 9.345 9.173 9.052 8.942 9.281 9.139 9.019 8.92 8.752 8.73 8.561 8.37
1.2633 9.737 9.787 9.712 9.519 9.376 9.237 9.598 9.496 9.374 9.232 9.092 8.943 9.501 9.329 9.157 9.036 8.926 9.265 9.123 9.003 8.904 8.735 8.714 8.544 8.354
1.2937 9.721 9.771 9.696 9.503 9.36 9.221 9.582 9.48 9.358 9.216 9.076 8.927 9.485 9.313 9.141 9.02 8.91 9.249 9.106 8.987 8.888 8.719 8.698 8.528 8.338
1.3249 9.705 9.754 9.68 9.487 9.344 9.205 9.566 9.464 9.342 9.2 9.059 8.911 9.469 9.297 9.125 9.004 8.894 9.233 9.09 8.971 8.872 8.703 8.682 8.512 8.322
1.3569 9.689 9.738 9.663 9.471 9.328 9.189 9.55 9.448 9.326 9.184 9.043 8.895 9.453 9.281 9.109 8.988 8.877 9.217 9.074 8.954 8.855 8.687 8.665 8.496 8.306
1.3896 9.673 9.722 9.647 9.454 9.312 9.173 9.534 9.432 9.31 9.168 9.027 8.879 9.437 9.264 9.093 8.972 8.861 9.201 9.058 8.938 8.839 8.671 8.649 8.48 8.29
1.4232 9.657 9.706 9.631 9.438 9.296 9.157 9.518 9.416 9.294 9.152 9.011 8.863 9.421 9.248 9.077 8.956 8.845 9.185 9.042 8.922 8.823 8.655 8.633 8.464 8.274
1.4575 9.643 9.693 9.618 9.425 9.283 9.144 9.504 9.403 9.28 9.138 8.998 8.849 9.408 9.235 9.063 8.943 8.832 9.171 9.029 8.909 8.81 8.642 8.62 8.451 8.26
1.4927 9.631 9.68 9.606 9.413 9.27 9.131 9.492 9.39 9.268 9.126 8.985 8.837 9.395 9.223 9.051 8.93 8.819 9.159 9.016 8.896 8.797 8.629 8.607 8.438 8.248
1.5287 9.618 9.668 9.593 9.4 9.258 9.119 9.479 9.378 9.255 9.113 8.973 8.824 9.383 9.21 9.038 8.918 8.807 9.146 9.004 8.884 8.785 8.617 8.595 8.426 8.235
1.5655 9.606 9.655 9.58 9.388 9.245 9.106 9.467 9.365 9.243 9.101 8.96 8.812 9.37 9.198 9.026 8.905 8.794 9.134 8.991 8.871 8.772 8.604 8.582 8.413 8.223
1.6033 9.593 9.643 9.568 9.375 9.233 9.093 9.454 9.353 9.23 9.088 8.948 8.799 9.358 9.185 9.013 8.893 8.782 9.121 8.979 8.859 8.76 8.592 8.57 8.401 8.21
1.642 9.581 9.63 9.555 9.362 9.22 9.081 9.442 9.34 9.218 9.076 8.935 8.787 9.345 9.173 9.001 8.88 8.769 9.109 8.966 8.846 8.747 8.579 8.557 8.388 8.198
1.6816 9.568 9.618 9.543 9.35 9.208 9.068 9.429 9.328 9.205 9.063 8.923 8.774 9.333 9.16 8.988 8.867 8.757 9.096 8.954 8.834 8.735 8.567 8.545 8.376 8.185
1.7222 9.556 9.605 9.53 9.337 9.195 9.056 9.417 9.315 9.193 9.051 8.91 8.762 9.32 9.148 8.976 8.855 8.744 9.084 8.941 8.821 8.722 8.554 8.532 8.363 8.173
1.7637 9.543 9.593 9.518 9.325 9.183 9.043 9.404 9.303 9.18 9.038 8.898 8.749 9.308 9.135 8.963 8.842 8.732 9.071 8.929 8.809 8.71 8.542 8.52 8.351 8.16
1.8062 9.531 9.58 9.505 9.312 9.17 9.031 9.392 9.29 9.168 9.026 8.885 8.737 9.295 9.122 8.951 8.83 8.719 9.059 8.916 8.796 8.697 8.529 8.507 8.338 8.148
1.8498 9.523 9.573 9.498 9.305 9.162 9.023 9.384 9.283 9.16 9.018 8.878 8.729 9.288 9.115 8.943 8.822 8.712 9.051 8.909 8.789 8.69 8.522 8.5 8.33 8.14
1.8944 9.516 9.565 9.491 9.298 9.155 9.016 9.377 9.275 9.153 9.011 8.871 8.722 9.28 9.108 8.936 8.815 8.705 9.044 8.901 8.782 8.683 8.514 8.493 8.323 8.133
1.9401 9.509 9.558 9.483 9.29 9.148 9.009 9.37 9.268 9.146 9.004 8.863 8.715 9.273 9.101 8.929 8.808 8.697 9.037 8.894 8.774 8.675 8.507 8.485 8.316 8.126
1.9869 9.502 9.551 9.476 9.283 9.141 9.002 9.363 9.261 9.138 8.997 8.856 8.708 9.266 9.093 8.921 8.801 8.69 9.03 8.887 8.767 8.668 8.5 8.478 8.309 8.119
2.0349 9.494 9.544 9.469 9.276 9.134 8.995 9.355 9.254 9.131 8.989 8.849 8.7 9.259 9.086 8.914 8.794 8.683 9.022 8.88 8.76 8.661 8.493 8.471 8.302 8.111
2.084 9.487 9.537 9.462 9.269 9.126 8.987 9.348 9.246 9.124 8.982 8.842 8.693 9.251 9.079 8.907 8.786 8.676 9.015 8.873 8.753 8.654 8.485 8.464 8.294 8.104
2.1342 9.48 9.529 9.455 9.262 9.119 8.98 9.341 9.239 9.117 8.975 8.834 8.686 9.244 9.072 8.9 8.779 8.668 9.008 8.865 8.746 8.647 8.478 8.457 8.287 8.097
2.1857 9.473 9.522 9.447 9.254 9.112 8.973 9.334 9.232 9.11 8.968 8.827 8.679 9.237 9.064 8.893 8.772 8.661 9.001 8.858 8.738 8.639 8.471 8.449 8.28 8.09
2.2384 9.466 9.515 9.44 9.247 9.105 8.966 9.326 9.225 9.102 8.961 8.82 8.671 9.23 9.057 8.885 8.765 8.654 8.994 8.851 8.731 8.632 8.464 8.442 8.273 8.082
2.2924 9.458 9.507 9.433 9.24 9.097 8.958 9.319 9.217 9.095 8.953 8.812 8.664 9.222 9.05 8.878 8.757 8.646 8.986 8.843 8.723 8.624 8.456 8.434 8.265 8.075
2.3477 9.446 9.495 9.42 9.227 9.085 8.946 9.307 9.205 9.082 8.941 8.8 8.652 9.21 9.037 8.866 8.745 8.634 8.974 8.831 8.711 8.612 8.444 8.422 8.253 8.063
2.4044 9.433 9.483 9.408 9.215 9.073 8.934 9.294 9.193 9.07 8.928 8.788 8.639 9.198 9.025 8.853 8.733 8.622 8.961 8.819 8.699 8.6 8.432 8.41 8.241 8.05
2.4624 9.421 9.471 9.396 9.203 9.06 8.921 9.282 9.18 9.058 8.916 8.776 8.627 9.185 9.013 8.841 8.72 8.61 8.949 8.807 8.687 8.588 8.419 8.398 8.228 8.038
2.5218 9.409 9.458 9.384 9.191 9.048 8.909 9.27 9.168 9.046 8.904 8.763 8.615 9.173 9.001 8.829 8.708 8.597 8.937 8.794 8.674 8.575 8.407 8.385 8.216 8.026
2.5826 9.397 9.446 9.371 9.178 9.036 8.897 9.258 9.156 9.034 8.892 8.751 8.603 9.161 8.988 8.817 8.696 8.585 8.925 8.782 8.662 8.563 8.395 8.373 8.204 8.014
2.6449 9.384 9.434 9.359 9.166 9.024 8.885 9.245 9.144 9.021 8.879 8.739 8.59 9.149 8.976 8.804 8.684 8.573 8.912 8.77 8.65 8.551 8.383 8.361 8.192 8.001
2.7087 9.372 9.422 9.347 9.154 9.011 8.872 9.233 9.131 9.009 8.867 8.727 8.578 9.136 8.964 8.792 8.671 8.561 8.9 8.758 8.638 8.539 8.37 8.349 8.179 7.989
2.7741 9.36 9.409 9.335 9.142 8.999 8.86 9.221 9.119 8.997 8.855 8.714 8.566 9.124 8.952 8.78 8.659 8.548 8.888 8.745 8.625 8.526 8.358 8.336 8.167 7.977
2.841 9.348 9.397 9.322 9.129 8.987 8.848 9.209 9.107 8.985 8.843 8.702 8.554 9.112 8.939 8.768 8.647 8.536 8.876 8.733 8.613 8.514 8.346 8.324 8.155 7.965
2.9095 9.337 9.386 9.311 9.118 8.976 8.837 9.198 9.096 8.973 8.832 8.691 8.543 9.101 8.928 8.756 8.636 8.525 8.865 8.722 8.602 8.503 8.335 8.313 8.144 7.953
2.9797 9.329 9.379 9.304 9.111 8.969 8.83 9.19 9.089 8.966 8.824 8.684 8.535 9.094 8.921 8.749 8.629 8.518 8.857 8.715 8.595 8.496 8.328 8.306 8.137 7.946
3.0516 9.322 9.372 9.297 9.104 8.962 8.822 9.183 9.082 8.959 8.817 8.677 8.528 9.087 8.914 8.742 8.622 8.511 8.85 8.708 8.588 8.489 8.321 8.299 8.13 7.939
3.1252 9.315 9.365 9.29 9.097 8.954 8.815 9.176 9.074 8.952 8.81 8.67 8.521 9.08 8.907 8.735 8.614 8.504 8.843 8.701 8.581 8.482 8.314 8.292 8.122 7.932
3.2006 9.308 9.358 9.283 9.09 8.947 8.808 9.169 9.067 8.945 8.803 8.663 8.514 9.072 8.9 8.728 8.607 8.497 8.836 8.693 8.574 8.475 8.306 8.285 8.115 7.925
3.2778 9.301 9.35 9.276 9.083 8.94 8.801 9.162 9.06 8.938 8.796 8.655 8.507 9.065 8.893 8.721 8.6 8.49 8.829 8.686 8.567 8.468 8.299 8.278 8.108 7.918
3.3569 9.294 9.343 9.268 9.076 8.933 8.794 9.155 9.053 8.931 8.789 8.648 8.5 9.058 8.886 8.714 8.593 8.482 8.822 8.679 8.559 8.46 8.292 8.27 8.101 7.911
3.4378 9.287 9.336 9.261 9.068 8.926 8.787 9.148 9.046 8.924 8.782 8.641 8.493 9.051 8.878 8.707 8.586 8.475 8.815 8.672 8.552 8.453 8.285 8.263 8.094 7.904
3.5208 9.28 9.329 9.254 9.061 8.919 8.78 9.141 9.039 8.916 8.775 8.634 8.486 9.044 8.871 8.699 8.579 8.468 8.808 8.665 8.545 8.446 8.278 8.256 8.087 7.897
3.6057 9.272 9.322 9.247 9.054 8.912 8.773 9.133 9.032 8.909 8.767 8.627 8.478 9.037 8.864 8.692 8.572 8.461 8.8 8.658 8.538 8.439 8.271 8.249 8.08 7.889
3.6927 9.267 9.317 9.242 9.049 8.906 8.767 9.128 9.026 8.904 8.762 8.622 8.473 9.031 8.859 8.687 8.566 8.456 8.795 8.652 8.533 8.434 8.265 8.244 8.074 7.884
3.7818 9.265 9.314 9.239 9.046 8.904 8.765 9.125 9.024 8.901 8.759 8.619 8.47 9.029 8.856 8.684 8.564 8.453 8.792 8.65 8.53 8.431 8.263 8.241 8.072 7.881
3.873 9.262 9.311 9.237 9.044 8.901 8.762 9.123 9.021 8.899 8.757 8.616 8.468 9.026 8.854 8.682 8.561 8.45 8.79 8.647 8.528 8.429 8.26 8.239 8.069 7.879
3.9664 9.259 9.309 9.234 9.041 8.899 8.76 9.12 9.019 8.896 8.754 8.614 8.465 9.024 8.851 8.679 8.559 8.448 8.787 8.645 8.525 8.426 8.258 8.236 8.067 7.876
4.0621 9.257 9.306 9.231 9.039 8.896 8.757 9.118 9.016 8.894 8.752 8.611 8.463 9.021 8.849 8.677 8.556 8.445 8.785 8.642 8.522 8.423 8.255 8.233 8.064 7.874
4.1601 9.254 9.304 9.229 9.036 8.894 8.754 9.115 9.014 8.891 8.749 8.609 8.46 9.019 8.846 8.674 8.553 8.443 8.782 8.64 8.52 8.421 8.253 8.231 8.062 7.871
4.2604 9.252 9.301 9.226 9.033 8.891 8.752 9.113 9.011 8.889 8.747 8.606 8.458 9.016 8.843 8.672 8.551 8.44 8.78 8.637 8.517 8.418 8.25 8.228 8.059 7.869
4.3632 9.249 9.299 9.224 9.031 8.888 8.749 9.11 9.008 8.886 8.744 8.604 8.455 9.013 8.841 8.669 8.548 8.438 8.777 8.635 8.515 8.416 8.247 8.226 8.056 7.866
4.4685 9.247 9.296 9.221 9.028 8.886 8.747 9.108 9.006 8.883 8.742 8.601 8.453 9.011 8.838 8.667 8.546 8.435 8.775 8.632 8.512 8.413 8.245 8.223 8.054 7.864
4.5763 9.244 9.294 9.219 9.026 8.883 8.744 9.105 9.003 8.881 8.739 8.599 8.45 9.008 8.836 8.664 8.543 8.433 8.772 8.629 8.51 8.411 8.242 8.221 8.051 7.861
4.6867 9.227 9.277 9.202 9.009 8.867 8.728 9.088 8.987 8.864 8.722 8.582 8.433 8.992 8.819 8.647 8.527 8.416 8.755 8.613 8.493 8.394 8.226 8.204 8.035 7.844
4.7997 9.198 9.247 9.172 8.979 8.837 8.698 9.058 8.957 8.834 8.692 8.552 8.403 8.962 8.789 8.617 8.497 8.386 8.725 8.583 8.463 8.364 8.196 8.174 8.005 7.814
4.9155 9.168 9.217 9.142 8.949 8.807 8.668 9.029 8.927 8.804 8.663 8.522 8.373 8.932 8.759 8.587 8.467 8.356 8.696 8.553 8.433 8.334 8.166 8.144 7.975 7.784
5.0341 9.138 9.187 9.112 8.919 8.777 8.638 8.999 8.897 8.774 8.633 8.492 8.344 8.902 8.729 8.557 8.437 8.326 8.666 8.523 8.403 8.304 8.136 8.114 7.945 7.755
5.1555 9.108 9.157 9.082 8.889 8.747 8.608 8.969 8.867 8.745 8.603 8.462 8.314 8.872 8.699 8.528 8.407 8.296 8.636 8.493 8.373 8.274 8.106 8.084 7.915 7.725
5.2799 9.078 9.127 9.052 8.859 8.717 8.578 8.939 8.837 8.715 8.573 8.432 8.284 8.842 8.669 8.498 8.377 8.266 8.606 8.463 8.343 8.244 8.076 8.054 7.885 7.695
5.4072 9.048 9.097 9.022 8.829 8.687 8.548 8.909 8.807 8.685 8.543 8.402 8.254 8.812 8.639 8.468 8.347 8.236 8.576 8.433 8.313 8.214 8.046 8.024 7.855 7.665
5.5377 9.018 9.067 8.992 8.799 8.657 8.518 8.879 8.777 8.655 8.513 8.372 8.224 8.782 8.61 8.438 8.317 8.206 8.546 8.403 8.283 8.184 8.016 7.994 7.825 7.635
5.6713 8.988 9.037 8.962 8.77 8.627 8.488 8.849 8.747 8.625 8.483 8.342 8.194 8.752 8.58 8.408 8.287 8.176 8.516 8.373 8.253 8.154 7.986 7.964 7.795 7.605
5.8081 8.958 9.007 8.933 8.74 8.597 8.458 8.819 8.717 8.595 8.453 8.312 8.164 8.722 8.55 8.378 8.257 8.146 8.486 8.343 8.223 8.124 7.956 7.935 7.765 7.575
5.9482 8.948 8.997 8.923 8.73 8.587 8.448 8.809 8.707 8.585 8.443 8.302 8.154 8.712 8.54 8.368 8.247 8.137 8.476 8.333 8.214 8.115 7.946 7.925 7.755 7.565
6.0917 8.949 8.998 8.923 8.73 8.588 8.449 8.809 8.708 8.585 8.444 8.303 8.154 8.713 8.54 8.368 8.248 8.137 8.477 8.334 8.214 8.115 7.947 7.925 7.756 7.565
6.2386 8.949 8.999 8.924 8.731 8.588 8.449 8.81 8.708 8.586 8.444 8.304 8.155 8.713 8.541 8.369 8.248 8.138 8.477 8.334 8.215 8.116 7.947 7.926 7.756 7.566
6.3891 8.95 8.999 8.924 8.731 8.589 8.45 8.811 8.709 8.586 8.445 8.304 8.156 8.714 8.541 8.369 8.249 8.138 8.478 8.335 8.215 8.116 7.948 7.926 7.757 7.567
6.5433 8.95 9.0 8.925 8.732 8.589 8.45 8.811 8.709 8.587 8.445 8.305 8.156 8.714 8.542 8.37 8.249 8.139 8.478 8.336 8.216 8.117 7.948 7.927 7.757 7.567
6.7011 8.951 9.0 8.925 8.732 8.59 8.451 8.812 8.71 8.588 8.446 8.305 8.157 8.715 8.542 8.371 8.25 8.139 8.479 8.336 8.216 8.117 7.949 7.927 7.758 7.568
6.8627 8.951 9.001 8.926 8.733 8.59 8.451 8.812 8.711 8.588 8.446 8.306 8.157 8.716 8.543 8.371 8.25 8.14 8.479 8.337 8.217 8.118 7.95 7.928 7.758 7.568
7.0283 8.952 9.001 8.926 8.733 8.591 8.452 8.813 8.711 8.589 8.447 8.306 8.158 8.716 8.544 8.372 8.251 8.14 8.48 8.337 8.217 8.118 7.95 7.928 7.759 7.569
7.1978 8.952 9.002 8.927 8.734 8.592 8.452 8.813 8.712 8.589 8.447 8.307 8.158 8.717 8.544 8.372 8.252 8.141 8.48 8.338 8.218 8.119 7.951 7.929 7.76 7.569
7.3715 8.953 9.002 8.927 8.735 8.592 8.453 8.814 8.712 8.59 8.448 8.307 8.159 8.717 8.545 8.373 8.252 8.141 8.481 8.338 8.218 8.119 7.951 7.929 7.76 7.57
7.5493 8.955 9.004 8.929 8.737 8.594 8.455 8.816 8.714 8.592 8.45 8.309 8.161 8.719 8.547 8.375 8.254 8.143 8.483 8.34 8.22 8.121 7.953 7.931 7.762 7.572
7.7314 8.957 9.007 8.932 8.739 8.596 8.457 8.818 8.716 8.594 8.452 8.312 8.163 8.722 8.549 8.377 8.256 8.146 8.485 8.343 8.223 8.124 7.955 7.934 7.764 7.574
7.9179 8.96 9.009 8.934 8.741 8.599 8.46 8.82 8.719 8.596 8.455 8.314 8.165 8.724 8.551 8.379 8.259 8.148 8.488 8.345 8.225 8.126 7.958 7.936 7.767 7.576
8.1089 8.962 9.011 8.936 8.744 8.601 8.462 8.823 8.721 8.599 8.457 8.316 8.168 8.726 8.554 8.382 8.261 8.15 8.49 8.347 8.227 8.128 7.96 7.938 7.769 7.579
8.3045 8.964 9.014 8.939 8.746 8.603 8.464 8.825 8.724 8.601 8.459 8.319 8.17 8.729 8.556 8.384 8.263 8.153 8.492 8.35 8.23 8.131 7.963 7.941 7.771 7.581
8.5049 8.967 9.016 8.941 8.748 8.606 8.467 8.828 8.726 8.603 8.462 8.321 8.172 8.731 8.558 8.386 8.266 8.155 8.495 8.352 8.232 8.133 7.965 7.943 7.774 7.583
8.71 8.969 9.018 8.944 8.751 8.608 8.469 8.83 8.728 8.606 8.464 8.323 8.175 8.733 8.561 8.389 8.268 8.157 8.497 8.354 8.234 8.135 7.967 7.945 7.776 7.586
8.9201 8.971 9.021 8.946 8.753 8.611 8.471 8.832 8.731 8.608 8.466 8.326 8.177 8.736 8.563 8.391 8.27 8.16 8.499 8.357 8.237 8.138 7.97 7.948 7.779 7.588
9.1353 8.974 9.023 8.948 8.755 8.613 8.474 8.835 8.733 8.61 8.469 8.328 8.18 8.738 8.565 8.393 8.273 8.162 8.502 8.359 8.239 8.14 7.972 7.95 7.781 7.591
