web/models/grb/offaxis/20/grb_0.2967_5.1795_0.2511886.dat
# %ECSV 1.0
# ---
# datatype:
# - {name: time, datatype: float64}
# - {name: swift_uvot_uvw2, datatype: float64}
# - {name: swift_uvot_uvm2, datatype: float64}
# - {name: swift_uvot_uvw1, datatype: float64}
# - {name: swift_uvot_U, datatype: float64}
# - {name: swift_uvot_B, datatype: float64}
# - {name: swift_uvot_V, datatype: float64}
# - {name: swift_uvot_W, datatype: float64}
# - {name: johnson_U, datatype: float64}
# - {name: johnson_B, datatype: float64}
# - {name: johnson_V, datatype: float64}
# - {name: johnson_R, datatype: float64}
# - {name: johnson_I, datatype: float64}
# - {name: sdss_u, datatype: float64}
# - {name: sdss_g, datatype: float64}
# - {name: sdss_r, datatype: float64}
# - {name: sdss_i, datatype: float64}
# - {name: sdss_z, datatype: float64}
# - {name: PS1_g, datatype: float64}
# - {name: PS1_r, datatype: float64}
# - {name: PS1_i, datatype: float64}
# - {name: PS1_z, datatype: float64}
# - {name: PS1_Y, datatype: float64}
# - {name: ukirt_J, datatype: float64}
# - {name: ukirt_H, datatype: float64}
# - {name: ukirt_K, datatype: float64}
# meta: !!omap
# - comment: [E = 0.0022477106672309025, Eta0 = 8.02, GammaB = 12.0, dL = 0.012188, epsb = 6.760829753919819e-06, epse = 0.1, n = 0.25118864315095824,
#     p = 2.15, theta_obs = 0.29670597283903605, xiN = 1.0, z = 0.0, type = grb, E_kiso = 5.1794746792312125]
# schema: astropy-2.0
time swift_uvot_uvw2 swift_uvot_uvm2 swift_uvot_uvw1 swift_uvot_U swift_uvot_B swift_uvot_V swift_uvot_W johnson_U johnson_B johnson_V johnson_R johnson_I sdss_u sdss_g sdss_r sdss_i sdss_z PS1_g PS1_r PS1_i PS1_z PS1_Y ukirt_J ukirt_H ukirt_K
[from data line 466]
666.9865 26.24 26.289 26.215 26.022 25.879 25.74 26.101 25.999 25.877 25.735 25.594 25.446 26.004 25.832 25.66 25.539 25.428 25.768 25.625 25.505 25.406 25.238 25.216 25.047 24.857
683.0763 26.553 26.603 26.528 26.335 26.193 26.054 26.414 26.313 26.19 26.048 25.908 25.759 26.318 26.145 25.973 25.853 25.742 26.081 25.939 25.819 25.72 25.552 25.53 25.361 25.17
699.5543 26.867 26.916 26.842 26.649 26.506 26.367 26.728 26.626 26.504 26.362 26.222 26.073 26.631 26.459 26.287 26.166 26.056 26.395 26.252 26.133 26.034 25.865 25.844 25.674 25.484
716.4297 27.181 27.23 27.155 26.962 26.82 26.681 27.042 26.94 26.817 26.676 26.535 26.387 26.945 26.772 26.6 26.48 26.369 26.709 26.566 26.446 26.347 26.179 26.157 25.988 25.798
733.7123 27.494 27.544 27.469 27.276 27.133 26.994 27.355 27.253 27.131 26.989 26.849 26.7 27.258 27.086 26.914 26.793 26.683 27.022 26.88 26.76 26.661 26.492 26.471 26.301 26.111
751.4117 27.808 27.857 27.782 27.589 27.447 27.308 27.669 27.567 27.445 27.303 27.162 27.014 27.572 27.399 27.228 27.107 26.996 27.336 27.193 27.073 26.974 26.806 26.784 26.615 26.425
769.5381 28.121 28.171 28.096 27.903 27.761 27.621 27.982 27.881 27.758 27.616 27.476 27.327 27.886 27.713 27.541 27.42 27.31 27.649 27.507 27.387 27.288 27.12 27.098 26.929 26.738
788.1018 28.435 28.484 28.409 28.217 28.074 27.935 28.296 28.194 28.072 27.93 27.789 27.641 28.199 28.027 27.855 27.734 27.623 27.963 27.82 27.7 27.601 27.433 27.411 27.242 27.052
807.1133 28.748 28.798 28.723 28.53 28.388 28.249 28.609 28.508 28.385 28.243 28.103 27.954 28.513 28.34 28.168 28.048 27.937 28.276 28.134 28.014 27.915 27.747 27.725 27.556 27.365
826.5834 29.062 29.111 29.037 28.844 28.701 28.562 28.923 28.821 28.699 28.557 28.416 28.268 28.826 28.654 28.482 28.361 28.251 28.59 28.447 28.328 28.229 28.06 28.039 27.869 27.679
846.5232 29.376 29.425 29.35 29.157 29.015 28.876 29.237 29.135 29.012 28.871 28.73 28.581 29.14 28.967 28.795 28.675 28.564 28.904 28.761 28.641 28.542 28.374 28.352 28.183 27.992
866.944 29.689 29.739 29.664 29.471 29.328 29.189 29.55 29.448 29.326 29.184 29.044 28.895 29.453 29.281 29.109 28.988 28.878 29.217 29.075 28.955 28.856 28.687 28.666 28.496 28.306
887.8575 30.003 30.052 29.977 29.784 29.642 29.503 29.864 29.762 29.64 29.498 29.357 29.209 29.767 29.594 29.423 29.302 29.191 29.531 29.388 29.268 29.169 29.001 28.979 28.81 28.62
909.2754 30.316 30.366 30.291 30.098 29.956 29.816 30.177 30.076 29.953 29.811 29.671 29.522 30.081 29.908 29.736 29.615 29.505 29.844 29.702 29.582 29.483 29.315 29.293 29.124 28.933
931.21 30.63 30.679 30.604 30.412 30.269 30.13 30.491 30.389 30.267 30.125 29.984 29.836 30.394 30.222 30.05 29.929 29.818 30.158 30.015 29.895 29.796 29.628 29.606 29.437 29.247
953.6737 30.943 30.993 30.918 30.725 30.583 30.444 30.804 30.703 30.58 30.438 30.298 30.149 30.708 30.535 30.363 30.243 30.132 30.471 30.329 30.209 30.11 29.942 29.92 29.751 29.56
976.6793 31.257 31.306 31.232 31.039 30.896 30.757 31.118 31.016 30.894 30.752 30.611 30.463 31.021 30.849 30.677 30.556 30.446 30.785 30.642 30.523 30.424 30.255 30.234 30.064 29.874
1000.2399 31.571 31.62 31.545 31.352 31.21 31.071 31.431 31.33 31.207 31.066 30.925 30.776 31.335 31.162 30.99 30.87 30.759 31.099 30.956 30.836 30.737 30.569 30.547 30.378 30.187
1024.3688 31.884 31.934 31.859 31.666 31.523 31.384 31.745 31.643 31.521 31.379 31.239 31.09 31.648 31.476 31.304 31.183 31.073 31.412 31.27 31.15 31.051 30.882 30.861 30.691 30.501
1049.0798 32.198 32.247 32.172 31.979 31.837 31.698 32.059 31.957 31.835 31.693 31.552 31.404 31.962 31.789 31.618 31.497 31.386 31.726 31.583 31.463 31.364 31.196 31.174 31.005 30.815
1074.3869 32.511 32.561 32.486 32.293 32.15 32.011 32.372 32.271 32.148 32.006 31.866 31.717 32.276 32.103 31.931 31.81 31.7 32.039 31.897 31.777 31.678 31.51 31.488 31.318 31.128
1100.3045 32.825 32.874 32.799 32.606 32.464 32.325 32.686 32.584 32.462 32.32 32.179 32.031 32.589 32.417 32.245 32.124 32.013 32.353 32.21 32.09 31.991 31.823 31.801 31.632 31.442
1126.8473 33.138 33.188 33.113 32.92 32.778 32.639 32.999 32.898 32.775 32.633 32.493 32.344 32.903 32.73 32.558 32.438 32.327 32.666 32.524 32.404 32.305 32.137 32.115 31.946 31.755
1154.0304 33.452 33.501 33.427 33.234 33.091 32.952 33.313 33.211 33.089 32.947 32.806 32.658 33.216 33.044 32.872 32.751 32.64 32.98 32.837 32.718 32.618 32.45 32.429 32.259 32.069
1181.8693 33.766 33.815 33.74 33.547 33.405 33.266 33.626 33.525 33.402 33.26 33.12 32.971 33.53 33.357 33.185 33.065 32.954 33.293 33.151 33.031 32.932 32.764 32.742 32.573 32.382
1210.3797 34.079 34.129 34.054 33.861 33.718 33.579 33.94 33.838 33.716 33.574 33.434 33.285 33.843 33.671 33.499 33.378 33.268 33.607 33.464 33.345 33.246 33.077 33.056 32.886 32.696
1239.5778 34.393 34.442 34.367 34.174 34.032 33.893 34.254 34.152 34.029 33.888 33.747 33.599 34.157 33.984 33.813 33.692 33.581 33.921 33.778 33.658 33.559 33.391 33.369 33.2 33.01
1269.4803 34.706 34.756 34.681 34.488 34.345 34.206 34.567 34.465 34.343 34.201 34.061 33.912 34.471 34.298 34.126 34.005 33.895 34.234 34.092 33.972 33.873 33.704 33.683 33.513 33.323
1300.1042 35.02 35.069 34.994 34.801 34.659 34.52 34.881 34.779 34.657 34.515 34.374 34.226 34.784 34.612 34.44 34.319 34.208 34.548 34.405 34.285 34.186 34.018 33.996 33.827 33.637
1331.4668 35.333 35.383 35.308 35.115 34.973 34.833 35.194 35.093 34.97 34.828 34.688 34.539 35.098 34.925 34.753 34.633 34.522 34.861 34.719 34.599 34.5 34.332 34.31 34.141 33.95
1363.586 35.647 35.696 35.622 35.429 35.286 35.147 35.508 35.406 35.284 35.142 35.001 34.853 35.411 35.239 35.067 34.946 34.835 35.175 35.032 34.912 34.813 34.645 34.623 34.454 34.264
1396.48 35.96 36.01 35.935 35.742 35.6 35.461 35.821 35.72 35.597 35.455 35.315 35.166 35.725 35.552 35.38 35.26 35.149 35.488 35.346 35.226 35.127 34.959 34.937 34.768 34.577
1430.1675 36.274 36.324 36.249 36.056 35.913 35.774 36.135 36.033 35.911 35.769 35.629 35.48 36.038 35.866 35.694 35.573 35.463 35.802 35.659 35.54 35.441 35.272 35.251 35.081 34.891
1464.6676 36.588 36.637 36.562 36.369 36.227 36.088 36.449 36.347 36.224 36.083 35.942 35.794 36.352 36.179 36.007 35.887 35.776 36.116 35.973 35.853 35.754 35.586 35.564 35.395 35.205
1500.0 36.901 36.951 36.876 36.683 36.54 36.401 36.762 36.66 36.538 36.396 36.256 36.107 36.665 36.493 36.321 36.2 36.09 36.429 36.287 36.167 36.068 35.899 35.878 35.708 35.518
