web/models/grb/offaxis/20/grb_0.2967_5.1795_0.0000040.dat
# %ECSV 1.0
# ---
# datatype:
# - {name: time, datatype: float64}
# - {name: swift_uvot_uvw2, datatype: float64}
# - {name: swift_uvot_uvm2, datatype: float64}
# - {name: swift_uvot_uvw1, datatype: float64}
# - {name: swift_uvot_U, datatype: float64}
# - {name: swift_uvot_B, datatype: float64}
# - {name: swift_uvot_V, datatype: float64}
# - {name: swift_uvot_W, datatype: float64}
# - {name: johnson_U, datatype: float64}
# - {name: johnson_B, datatype: float64}
# - {name: johnson_V, datatype: float64}
# - {name: johnson_R, datatype: float64}
# - {name: johnson_I, datatype: float64}
# - {name: sdss_u, datatype: float64}
# - {name: sdss_g, datatype: float64}
# - {name: sdss_r, datatype: float64}
# - {name: sdss_i, datatype: float64}
# - {name: sdss_z, datatype: float64}
# - {name: PS1_g, datatype: float64}
# - {name: PS1_r, datatype: float64}
# - {name: PS1_i, datatype: float64}
# - {name: PS1_z, datatype: float64}
# - {name: PS1_Y, datatype: float64}
# - {name: ukirt_J, datatype: float64}
# - {name: ukirt_H, datatype: float64}
# - {name: ukirt_K, datatype: float64}
# meta: !!omap
# - comment: [E = 0.0022477106672309025, Eta0 = 8.02, GammaB = 12.0, dL = 0.012188, epsb = 6.760829753919819e-06, epse = 0.1, n = 3.981071705534969e-06,
#     p = 2.15, theta_obs = 0.29670597283903605, xiN = 1.0, z = 0.0, type = grb, E_kiso = 5.1794746792312125]
# schema: astropy-2.0
time swift_uvot_uvw2 swift_uvot_uvm2 swift_uvot_uvw1 swift_uvot_U swift_uvot_B swift_uvot_V swift_uvot_W johnson_U johnson_B johnson_V johnson_R johnson_I sdss_u sdss_g sdss_r sdss_i sdss_z PS1_g PS1_r PS1_i PS1_z PS1_Y ukirt_J ukirt_H ukirt_K
[from data line 118]
0.1666 14.258 14.307 14.232 14.039 13.897 13.758 14.119 14.017 13.894 13.753 13.612 13.464 14.022 13.849 13.678 13.557 13.446 13.786 13.643 13.523 13.424 13.256 13.234 13.065 12.875
0.1706 14.09 14.139 14.064 13.871 13.729 13.59 13.95 13.849 13.726 13.585 13.444 13.295 13.854 13.681 13.509 13.389 13.278 13.618 13.475 13.355 13.256 13.088 13.066 12.897 12.706
0.1747 13.953 14.002 13.927 13.734 13.592 13.453 13.814 13.712 13.59 13.448 13.307 13.159 13.717 13.544 13.373 13.252 13.141 13.481 13.338 13.218 13.119 12.951 12.929 12.76 12.57
0.1789 13.816 13.865 13.79 13.598 13.455 13.316 13.677 13.575 13.453 13.311 13.17 13.022 13.58 13.408 13.236 13.115 13.004 13.344 13.201 13.081 12.982 12.814 12.792 12.623 12.433
0.1832 13.679 13.728 13.654 13.461 13.318 13.179 13.54 13.438 13.316 13.174 13.034 12.885 13.443 13.271 13.099 12.978 12.868 13.207 13.064 12.945 12.846 12.677 12.656 12.486 12.296
0.1876 13.542 13.592 13.517 13.324 13.181 13.042 13.403 13.301 13.179 13.037 12.897 12.748 13.306 13.134 12.962 12.841 12.731 13.07 12.928 12.808 12.709 12.54 12.519 12.349 12.159
0.1922 13.405 13.455 13.38 13.187 13.045 12.905 13.266 13.165 13.042 12.9 12.76 12.611 13.17 12.997 12.825 12.705 12.594 12.933 12.791 12.671 12.572 12.404 12.382 12.213 12.022
0.1968 13.269 13.318 13.243 13.05 12.908 12.769 13.129 13.028 12.905 12.763 12.623 12.474 13.033 12.86 12.688 12.568 12.457 12.796 12.654 12.534 12.435 12.267 12.245 12.076 11.885
0.2015 13.132 13.181 13.106 12.913 12.771 12.632 12.993 12.891 12.769 12.627 12.486 12.338 12.896 12.723 12.552 12.431 12.32 12.66 12.517 12.397 12.298 12.13 12.108 11.939 11.749
0.2064 12.995 13.044 12.969 12.776 12.634 12.495 12.856 12.754 12.632 12.49 12.349 12.201 12.759 12.587 12.415 12.294 12.183 12.523 12.38 12.26 12.161 11.993 11.971 11.802 11.612
0.2114 12.858 12.907 12.833 12.64 12.497 12.358 12.719 12.617 12.495 12.353 12.212 12.064 12.622 12.45 12.278 12.157 12.047 12.386 12.243 12.124 12.025 11.856 11.835 11.665 11.475
0.2165 12.776 12.825 12.751 12.558 12.415 12.276 12.637 12.535 12.413 12.271 12.13 11.982 12.54 12.368 12.196 12.075 11.964 12.304 12.161 12.042 11.943 11.774 11.753 11.583 11.393
0.2217 12.696 12.745 12.67 12.477 12.335 12.196 12.557 12.455 12.333 12.191 12.05 11.902 12.46 12.287 12.116 11.995 11.884 12.224 12.081 11.961 11.862 11.694 11.672 11.503 11.313
0.2271 12.616 12.665 12.59 12.397 12.255 12.116 12.476 12.375 12.252 12.11 11.97 11.821 12.38 12.207 12.035 11.915 11.804 12.143 12.001 11.881 11.782 11.614 11.592 11.423 11.232
0.2325 12.535 12.585 12.51 12.317 12.175 12.035 12.396 12.295 12.172 12.03 11.89 11.741 12.3 12.127 11.955 11.834 11.724 12.063 11.921 11.801 11.702 11.534 11.512 11.343 11.152
0.2381 12.455 12.505 12.43 12.237 12.094 11.955 12.316 12.214 12.092 11.95 11.81 11.661 12.219 12.047 11.875 11.754 11.644 11.983 11.84 11.721 11.622 11.453 11.432 11.262 11.072
0.2439 12.375 12.424 12.349 12.157 12.014 11.875 12.236 12.134 12.012 11.87 11.729 11.581 12.139 11.967 11.795 11.674 11.563 11.903 11.76 11.64 11.541 11.373 11.351 11.182 10.992
0.2498 12.295 12.344 12.269 12.076 11.934 11.795 12.156 12.054 11.931 11.79 11.649 11.501 12.059 11.886 11.714 11.594 11.483 11.823 11.68 11.56 11.461 11.293 11.271 11.102 10.912
0.2558 12.214 12.264 12.189 11.996 11.854 11.715 12.075 11.974 11.851 11.709 11.569 11.42 11.979 11.806 11.634 11.514 11.403 11.742 11.6 11.48 11.381 11.213 11.191 11.022 10.831
0.262 12.134 12.184 12.109 11.916 11.773 11.634 11.995 11.893 11.771 11.629 11.489 11.34 11.898 11.726 11.554 11.433 11.323 11.662 11.52 11.4 11.301 11.132 11.111 10.941 10.751
0.2683 12.057 12.106 12.031 11.838 11.696 11.557 11.918 11.816 11.694 11.552 11.411 11.263 11.821 11.648 11.477 11.356 11.245 11.585 11.442 11.322 11.223 11.055 11.033 10.864 10.674
0.2748 12.001 12.051 11.976 11.783 11.641 11.501 11.862 11.761 11.638 11.496 11.356 11.207 11.766 11.593 11.421 11.301 11.19 11.529 11.387 11.267 11.168 11.0 10.978 10.809 10.618
0.2814 11.946 11.995 11.921 11.728 11.585 11.446 11.807 11.705 11.583 11.441 11.301 11.152 11.71 11.538 11.366 11.245 11.135 11.474 11.331 11.212 11.113 10.944 10.923 10.753 10.563
0.2882 11.891 11.94 11.865 11.672 11.53 11.391 11.752 11.65 11.528 11.386 11.245 11.097 11.655 11.482 11.311 11.19 11.079 11.419 11.276 11.156 11.057 10.889 10.867 10.698 10.508
0.2951 11.835 11.885 11.81 11.617 11.475 11.335 11.696 11.595 11.472 11.33 11.19 11.041 11.6 11.427 11.255 11.135 11.024 11.363 11.221 11.101 11.002 10.834 10.812 10.643 10.452
0.3022 11.78 11.829 11.755 11.562 11.419 11.28 11.641 11.539 11.417 11.275 11.134 10.986 11.544 11.372 11.2 11.079 10.969 11.308 11.165 11.046 10.947 10.778 10.757 10.587 10.397
0.3095 11.725 11.774 11.699 11.506 11.364 11.225 11.586 11.484 11.361 11.22 11.079 10.931 11.489 11.316 11.145 11.024 10.913 11.253 11.11 10.99 10.891 10.723 10.701 10.532 10.342
0.317 11.669 11.719 11.644 11.451 11.309 11.169 11.53 11.429 11.306 11.164 11.024 10.875 11.434 11.261 11.089 10.968 10.858 11.197 11.055 10.935 10.836 10.668 10.646 10.477 10.286
0.3247 11.614 11.663 11.589 11.396 11.253 11.114 11.475 11.373 11.251 11.109 10.968 10.82 11.378 11.206 11.034 10.913 10.802 11.142 10.999 10.88 10.78 10.612 10.591 10.421 10.231
0.3325 11.559 11.608 11.533 11.34 11.198 11.059 11.42 11.318 11.195 11.054 10.913 10.765 11.323 11.15 10.978 10.858 10.747 11.087 10.944 10.824 10.725 10.557 10.535 10.366 10.175
0.3405 11.498 11.547 11.472 11.279 11.137 10.998 11.359 11.257 11.134 10.993 10.852 10.704 11.262 11.089 10.917 10.797 10.686 11.026 10.883 10.763 10.664 10.496 10.474 10.305 10.115
0.3487 11.42 11.47 11.395 11.202 11.059 10.92 11.281 11.179 11.057 10.915 10.775 10.626 11.184 11.012 10.84 10.719 10.609 10.948 10.805 10.686 10.587 10.418 10.397 10.227 10.037
0.3571 11.343 11.392 11.317 11.124 10.982 10.843 11.203 11.102 10.979 10.838 10.697 10.548 11.107 10.934 10.762 10.642 10.531 10.871 10.728 10.608 10.509 10.341 10.319 10.15 9.959
0.3657 11.265 11.314 11.24 11.047 10.904 10.765 11.126 11.024 10.902 10.76 10.62 10.471 11.029 10.857 10.685 10.564 10.454 10.793 10.65 10.531 10.432 10.263 10.242 10.072 9.882
0.3746 11.187 11.237 11.162 10.969 10.827 10.688 11.048 10.947 10.824 10.682 10.542 10.393 10.952 10.779 10.607 10.487 10.376 10.715 10.573 10.453 10.354 10.186 10.164 9.995 9.804
0.3836 11.11 11.159 11.085 10.892 10.749 10.61 10.971 10.869 10.747 10.605 10.464 10.316 10.874 10.702 10.53 10.409 10.298 10.638 10.495 10.376 10.276 10.108 10.087 9.917 9.727
0.3929 11.032 11.082 11.007 10.814 10.672 10.533 10.893 10.792 10.669 10.527 10.387 10.238 10.797 10.624 10.452 10.332 10.221 10.56 10.418 10.298 10.199 10.031 10.009 9.84 9.649
0.4023 10.955 11.004 10.929 10.737 10.594 10.455 10.816 10.714 10.592 10.45 10.309 10.161 10.719 10.547 10.375 10.254 10.143 10.483 10.34 10.22 10.121 9.953 9.931 9.762 9.572
0.412 10.877 10.927 10.852 10.659 10.517 10.377 10.738 10.637 10.514 10.372 10.232 10.083 10.642 10.469 10.297 10.177 10.066 10.405 10.263 10.143 10.044 9.876 9.854 9.685 9.494
0.422 10.8 10.849 10.774 10.581 10.439 10.3 10.661 10.559 10.437 10.295 10.154 10.006 10.564 10.392 10.22 10.099 9.988 10.328 10.185 10.065 9.966 9.798 9.776 9.607 9.417
0.4322 10.727 10.776 10.701 10.508 10.366 10.227 10.587 10.486 10.363 10.222 10.081 9.932 10.491 10.318 10.146 10.026 9.915 10.255 10.112 9.992 9.893 9.725 9.703 9.534 9.343
0.4426 10.66 10.709 10.634 10.441 10.299 10.16 10.521 10.419 10.297 10.155 10.014 9.866 10.424 10.251 10.08 9.959 9.848 10.188 10.045 9.925 9.826 9.658 9.636 9.467 9.277
0.4533 10.593 10.642 10.568 10.375 10.232 10.093 10.454 10.352 10.23 10.088 9.947 9.799 10.357 10.185 10.013 9.892 9.781 10.121 9.978 9.859 9.759 9.591 9.57 9.4 9.21
0.4642 10.526 10.576 10.501 10.308 10.165 10.026 10.387 10.285 10.163 10.021 9.881 9.732 10.29 10.118 9.946 9.825 9.715 10.054 9.912 9.792 9.693 9.524 9.503 9.333 9.143
0.4754 10.459 10.509 10.434 10.241 10.099 9.959 10.32 10.219 10.096 9.954 9.814 9.665 10.224 10.051 9.879 9.759 9.648 9.987 9.845 9.725 9.626 9.458 9.436 9.267 9.076
0.4869 10.393 10.442 10.367 10.174 10.032 9.893 10.253 10.152 10.029 9.888 9.747 9.598 10.157 9.984 9.812 9.692 9.581 9.921 9.778 9.658 9.559 9.391 9.369 9.2 9.009
0.4986 10.326 10.375 10.3 10.107 9.965 9.826 10.187 10.085 9.963 9.821 9.68 9.532 10.09 9.917 9.746 9.625 9.514 9.854 9.711 9.591 9.492 9.324 9.302 9.133 8.943
0.5106 10.259 10.308 10.234 10.041 9.898 9.759 10.12 10.018 9.896 9.754 9.613 9.465 10.023 9.851 9.679 9.558 9.447 9.787 9.644 9.525 9.426 9.257 9.236 9.066 8.876
0.523 10.192 10.242 10.167 9.974 9.831 9.692 10.053 9.951 9.829 9.687 9.547 9.398 9.956 9.784 9.612 9.491 9.381 9.72 9.578 9.458 9.359 9.19 9.169 8.999 8.809
0.5356 10.125 10.175 10.1 9.907 9.765 9.625 9.986 9.885 9.762 9.62 9.48 9.331 9.89 9.717 9.545 9.425 9.314 9.653 9.511 9.391 9.292 9.124 9.102 8.933 8.742
0.5485 10.07 10.12 10.045 9.852 9.71 9.571 9.931 9.83 9.707 9.565 9.425 9.276 9.835 9.662 9.49 9.37 9.259 9.598 9.456 9.336 9.237 9.069 9.047 8.878 8.687
0.5617 10.026 10.075 10.0 9.807 9.665 9.526 9.887 9.785 9.662 9.521 9.38 9.232 9.79 9.617 9.446 9.325 9.214 9.554 9.411 9.291 9.192 9.024 9.002 8.833 8.643
0.5753 9.981 10.03 9.955 9.763 9.62 9.481 9.842 9.74 9.618 9.476 9.335 9.187 9.745 9.573 9.401 9.28 9.169 9.509 9.366 9.246 9.147 8.979 8.957 8.788 8.598
0.5891 9.936 9.986 9.911 9.718 9.575 9.436 9.797 9.695 9.573 9.431 9.291 9.142 9.7 9.528 9.356 9.235 9.125 9.464 9.321 9.202 9.103 8.934 8.913 8.743 8.553
0.6034 9.891 9.941 9.866 9.673 9.531 9.391 9.752 9.651 9.528 9.386 9.246 9.097 9.656 9.483 9.311 9.19 9.08 9.419 9.277 9.157 9.058 8.89 8.868 8.699 8.508
0.6179 9.846 9.896 9.821 9.628 9.486 9.347 9.707 9.606 9.483 9.341 9.201 9.052 9.611 9.438 9.266 9.146 9.035 9.374 9.232 9.112 9.013 8.845 8.823 8.654 8.463
0.6328 9.802 9.851 9.776 9.583 9.441 9.302 9.663 9.561 9.439 9.297 9.156 9.008 9.566 9.393 9.222 9.101 8.99 9.33 9.187 9.067 8.968 8.8 8.778 8.609 8.419
0.6481 9.757 9.806 9.731 9.539 9.396 9.257 9.618 9.516 9.394 9.252 9.111 8.963 9.521 9.349 9.177 9.056 8.945 9.285 9.142 9.022 8.923 8.755 8.733 8.564 8.374
0.6637 9.712 9.762 9.687 9.494 9.351 9.212 9.573 9.471 9.349 9.207 9.067 8.918 9.476 9.304 9.132 9.011 8.901 9.24 9.097 8.978 8.879 8.71 8.689 8.519 8.329
0.6797 9.667 9.717 9.642 9.449 9.307 9.167 9.528 9.427 9.304 9.162 9.022 8.873 9.432 9.259 9.087 8.966 8.856 9.195 9.053 8.933 8.834 8.666 8.644 8.475 8.284
0.6961 9.627 9.677 9.602 9.409 9.267 9.128 9.488 9.387 9.264 9.122 8.982 8.833 9.392 9.219 9.047 8.927 8.816 9.155 9.013 8.893 8.794 8.626 8.604 8.435 8.244
0.7129 9.59 9.639 9.564 9.372 9.229 9.09 9.451 9.349 9.227 9.085 8.944 8.796 9.354 9.182 9.01 8.889 8.778 9.118 8.975 8.855 8.756 8.588 8.566 8.397 8.207
0.7301 9.552 9.602 9.527 9.334 9.192 9.052 9.413 9.312 9.189 9.047 8.907 8.758 9.317 9.144 8.972 8.852 8.741 9.08 8.938 8.818 8.719 8.551 8.529 8.36 8.169
0.7477 9.515 9.564 9.489 9.296 9.154 9.015 9.376 9.274 9.152 9.01 8.869 8.721 9.279 9.106 8.935 8.814 8.703 9.043 8.9 8.78 8.681 8.513 8.491 8.322 8.132
0.7658 9.477 9.527 9.452 9.259 9.116 8.977 9.338 9.236 9.114 8.972 8.832 8.683 9.242 9.069 8.897 8.776 8.666 9.005 8.863 8.743 8.644 8.476 8.454 8.284 8.094
0.7842 9.44 9.489 9.414 9.221 9.079 8.94 9.301 9.199 9.077 8.935 8.794 8.646 9.204 9.031 8.86 8.739 8.628 8.968 8.825 8.705 8.606 8.438 8.416 8.247 8.057
0.8032 9.402 9.452 9.377 9.184 9.041 8.902 9.263 9.161 9.039 8.897 8.757 8.608 9.166 8.994 8.822 8.701 8.591 8.93 8.788 8.668 8.569 8.4 8.379 8.209 8.019
0.8225 9.365 9.414 9.339 9.146 9.004 8.865 9.225 9.124 9.001 8.86 8.719 8.57 9.129 8.956 8.784 8.664 8.553 8.893 8.75 8.63 8.531 8.363 8.341 8.172 7.981
0.8424 9.327 9.376 9.302 9.109 8.966 8.827 9.188 9.086 8.964 8.822 8.682 8.533 9.091 8.919 8.747 8.626 8.516 8.855 8.712 8.593 8.494 8.325 8.304 8.134 7.944
0.8627 9.289 9.339 9.264 9.071 8.929 8.79 9.15 9.049 8.926 8.784 8.644 8.495 9.054 8.881 8.709 8.589 8.478 8.817 8.675 8.555 8.456 8.288 8.266 8.097 7.906
0.8835 9.261 9.311 9.236 9.043 8.901 8.761 9.122 9.021 8.898 8.756 8.616 8.467 9.026 8.853 8.681 8.561 8.45 8.789 8.647 8.527 8.428 8.26 8.238 8.069 7.878
0.9048 9.235 9.285 9.21 9.017 8.875 8.735 9.096 8.995 8.872 8.73 8.59 8.441 9.0 8.827 8.655 8.534 8.424 8.763 8.621 8.501 8.402 8.234 8.212 8.043 7.852
0.9266 9.209 9.259 9.184 8.991 8.848 8.709 9.07 8.968 8.846 8.704 8.564 8.415 8.973 8.801 8.629 8.508 8.398 8.737 8.595 8.475 8.376 8.207 8.186 8.016 7.826
0.949 9.183 9.233 9.158 8.965 8.822 8.683 9.044 8.942 8.82 8.678 8.538 8.389 8.947 8.775 8.603 8.482 8.372 8.711 8.568 8.449 8.35 8.181 8.16 7.99 7.8
0.9719 9.157 9.206 9.132 8.939 8.796 8.657 9.018 8.916 8.794 8.652 8.511 8.363 8.921 8.749 8.577 8.456 8.346 8.685 8.542 8.423 8.324 8.155 8.134 7.964 7.774
0.9953 9.131 9.18 9.105 8.913 8.77 8.631 8.992 8.89 8.768 8.626 8.485 8.337 8.895 8.723 8.551 8.43 8.319 8.659 8.516 8.396 8.297 8.129 8.107 7.938 7.748
1.0194 9.105 9.154 9.079 8.886 8.744 8.605 8.966 8.864 8.742 8.6 8.459 8.311 8.869 8.696 8.525 8.404 8.293 8.633 8.49 8.37 8.271 8.103 8.081 7.912 7.722
1.0439 9.079 9.128 9.053 8.86 8.718 8.579 8.94 8.838 8.716 8.574 8.433 8.285 8.843 8.67 8.499 8.378 8.267 8.607 8.464 8.344 8.245 8.077 8.055 7.886 7.696
1.0691 9.053 9.102 9.027 8.834 8.692 8.553 8.914 8.812 8.689 8.548 8.407 8.258 8.817 8.644 8.472 8.352 8.241 8.581 8.438 8.318 8.219 8.051 8.029 7.86 7.669
1.0949 9.026 9.076 9.001 8.808 8.666 8.527 8.887 8.786 8.663 8.521 8.381 8.232 8.791 8.618 8.446 8.326 8.215 8.554 8.412 8.292 8.193 8.025 8.003 7.834 7.643
1.1213 9.001 9.051 8.976 8.783 8.641 8.501 8.862 8.761 8.638 8.496 8.356 8.207 8.766 8.593 8.421 8.301 8.19 8.529 8.387 8.267 8.168 8.0 7.978 7.809 7.618
1.1484 8.976 9.026 8.951 8.758 8.616 8.476 8.837 8.736 8.613 8.471 8.331 8.182 8.741 8.568 8.396 8.275 8.165 8.504 8.362 8.242 8.143 7.975 7.953 7.784 7.593
1.1761 8.951 9.001 8.926 8.733 8.59 8.451 8.812 8.71 8.588 8.446 8.306 8.157 8.715 8.543 8.371 8.25 8.14 8.479 8.337 8.217 8.118 7.949 7.928 7.758 7.568
1.2044 8.926 8.976 8.901 8.708 8.565 8.426 8.787 8.685 8.563 8.421 8.281 8.132 8.69 8.518 8.346 8.225 8.115 8.454 8.312 8.192 8.093 7.924 7.903 7.733 7.543
1.2335 8.901 8.95 8.876 8.683 8.54 8.401 8.762 8.66 8.538 8.396 8.256 8.107 8.665 8.493 8.321 8.2 8.09 8.429 8.286 8.167 8.068 7.899 7.878 7.708 7.518
1.2633 8.876 8.925 8.851 8.658 8.515 8.376 8.737 8.635 8.513 8.371 8.23 8.082 8.64 8.468 8.296 8.175 8.064 8.404 8.261 8.142 8.042 7.874 7.853 7.683 7.493
1.2937 8.851 8.9 8.825 8.633 8.49 8.351 8.712 8.61 8.488 8.346 8.205 8.057 8.615 8.443 8.271 8.15 8.039 8.379 8.236 8.116 8.017 7.849 7.827 7.658 7.468
1.3249 8.826 8.875 8.8 8.607 8.465 8.326 8.687 8.585 8.463 8.321 8.18 8.032 8.59 8.417 8.246 8.125 8.014 8.354 8.211 8.091 7.992 7.824 7.802 7.633 7.443
1.3569 8.801 8.85 8.775 8.582 8.44 8.301 8.662 8.56 8.438 8.296 8.155 8.007 8.565 8.392 8.221 8.1 7.989 8.329 8.186 8.066 7.967 7.799 7.777 7.608 7.418
1.3896 8.776 8.825 8.75 8.557 8.415 8.276 8.637 8.535 8.412 8.271 8.13 7.982 8.54 8.367 8.196 8.075 7.964 8.304 8.161 8.041 7.942 7.774 7.752 7.583 7.393
1.4232 8.751 8.8 8.725 8.532 8.39 8.251 8.612 8.51 8.388 8.246 8.105 7.957 8.515 8.342 8.171 8.05 7.939 8.279 8.136 8.016 7.917 7.749 7.727 7.558 7.368
1.4575 8.726 8.775 8.7 8.507 8.365 8.226 8.587 8.485 8.363 8.221 8.08 7.932 8.49 8.318 8.146 8.025 7.914 8.254 8.111 7.991 7.892 7.724 7.702 7.533 7.343
1.4927 8.701 8.75 8.676 8.483 8.34 8.201 8.562 8.46 8.338 8.196 8.055 7.907 8.465 8.293 8.121 8.0 7.889 8.229 8.086 7.966 7.867 7.699 7.677 7.508 7.318
1.5287 8.676 8.725 8.651 8.458 8.315 8.176 8.537 8.435 8.313 8.171 8.03 7.882 8.44 8.268 8.096 7.975 7.865 8.204 8.061 7.942 7.843 7.674 7.653 7.483 7.293
1.5655 8.651 8.701 8.626 8.433 8.29 8.151 8.512 8.41 8.288 8.146 8.006 7.857 8.415 8.243 8.071 7.95 7.84 8.179 8.036 7.917 7.818 7.649 7.628 7.458 7.268
1.6033 8.626 8.676 8.601 8.408 8.265 8.126 8.487 8.385 8.263 8.121 7.981 7.832 8.39 8.218 8.046 7.925 7.815 8.154 8.012 7.892 7.793 7.624 7.603 7.433 7.243
