web/models/kne.last_good/kappa_0.5_3.0.v2/6/villar_0.0512_0.3590_0.5000.dat
# %ECSV 1.0
# ---
# datatype:
# - {name: time, datatype: float64}
# - {name: swift_uvot_uvw2, datatype: float64}
# - {name: swift_uvot_uvm2, datatype: float64}
# - {name: swift_uvot_uvw1, datatype: float64}
# - {name: swift_uvot_U, datatype: float64}
# - {name: swift_uvot_B, datatype: float64}
# - {name: swift_uvot_V, datatype: float64}
# - {name: swift_uvot_W, datatype: float64}
# - {name: johnson_U, datatype: float64}
# - {name: johnson_B, datatype: float64}
# - {name: johnson_V, datatype: float64}
# - {name: johnson_R, datatype: float64}
# - {name: johnson_I, datatype: float64}
# - {name: sdss_u, datatype: float64}
# - {name: sdss_g, datatype: float64}
# - {name: sdss_r, datatype: float64}
# - {name: sdss_i, datatype: float64}
# - {name: sdss_z, datatype: float64}
# - {name: PS1_g, datatype: float64}
# - {name: PS1_r, datatype: float64}
# - {name: PS1_i, datatype: float64}
# - {name: PS1_z, datatype: float64}
# - {name: PS1_Y, datatype: float64}
# - {name: PS1_w, datatype: float64}
# - {name: ATLAS_c, datatype: float64}
# - {name: ATLAS_o, datatype: float64}
# - {name: ukirt_J, datatype: float64}
# - {name: ukirt_H, datatype: float64}
# - {name: ukirt_K, datatype: float64}
# - {name: Clear, datatype: float64}
# meta: !!omap
# - comment: [kappa = 0.5, type = villar, mass = 0.051209162050732976, velocity = 0.359, theta_obs = 0.0, tfloor = 2500.0]
# schema: astropy-2.0
time swift_uvot_uvw2 swift_uvot_uvm2 swift_uvot_uvw1 swift_uvot_U swift_uvot_B swift_uvot_V swift_uvot_W johnson_U johnson_B johnson_V johnson_R johnson_I sdss_u sdss_g sdss_r sdss_i sdss_z PS1_g PS1_r PS1_i PS1_z PS1_Y PS1_w ATLAS_c ATLAS_o ukirt_J ukirt_H ukirt_K Clear
[from data line 136]
0.057527 -17.58 -17.053 -16.852 -16.278 -15.852 -15.416 -16.702 -16.213 -15.849 -15.405 -14.978 -14.491 -16.224 -15.713 -15.166 -14.777 -14.418 -15.796 -15.346 -15.026 -14.929 -15.294 -15.247 -15.5 -15.008 -13.713 -13.149 -12.502 -15.342
0.059267 -17.587 -17.076 -16.877 -16.307 -15.883 -15.449 -16.726 -16.243 -15.879 -15.437 -15.011 -14.525 -16.254 -15.744 -15.199 -14.811 -14.453 -15.822 -15.371 -15.049 -14.947 -15.298 -15.28 -15.532 -15.042 -13.748 -13.185 -12.539 -15.374
0.061059 -17.594 -17.098 -16.901 -16.336 -15.914 -15.481 -16.75 -16.271 -15.91 -15.47 -15.044 -14.559 -16.282 -15.775 -15.232 -14.845 -14.487 -15.848 -15.396 -15.073 -14.964 -15.302 -15.312 -15.564 -15.075 -13.784 -13.22 -12.575 -15.406
0.062906 -17.601 -17.119 -16.925 -16.364 -15.944 -15.513 -16.774 -16.3 -15.94 -15.502 -15.077 -14.593 -16.311 -15.806 -15.264 -14.878 -14.521 -15.873 -15.422 -15.097 -14.982 -15.307 -15.344 -15.595 -15.108 -13.819 -13.256 -12.611 -15.438
0.064808 -17.608 -17.141 -16.948 -16.392 -15.974 -15.545 -16.797 -16.329 -15.971 -15.533 -15.11 -14.627 -16.34 -15.837 -15.297 -14.912 -14.556 -15.899 -15.448 -15.121 -15.001 -15.312 -15.376 -15.627 -15.141 -13.854 -13.292 -12.648 -15.47
0.066769 -17.615 -17.161 -16.971 -16.42 -16.004 -15.576 -16.82 -16.357 -16.001 -15.565 -15.143 -14.661 -16.368 -15.867 -15.329 -14.945 -14.59 -15.925 -15.474 -15.145 -15.019 -15.317 -15.408 -15.658 -15.173 -13.889 -13.328 -12.684 -15.501
0.068788 -17.622 -17.182 -16.994 -16.447 -16.034 -15.608 -16.842 -16.385 -16.03 -15.596 -15.176 -14.695 -16.396 -15.898 -15.361 -14.978 -14.624 -15.95 -15.5 -15.169 -15.039 -15.324 -15.44 -15.689 -15.206 -13.924 -13.363 -12.72 -15.532
0.070868 -17.628 -17.202 -17.016 -16.475 -16.064 -15.639 -16.864 -16.412 -16.06 -15.628 -15.208 -14.728 -16.423 -15.928 -15.394 -15.012 -14.657 -15.976 -15.526 -15.194 -15.058 -15.33 -15.471 -15.72 -15.238 -13.959 -13.399 -12.756 -15.563
0.073012 -17.635 -17.221 -17.038 -16.502 -16.093 -15.67 -16.885 -16.44 -16.089 -15.659 -15.241 -14.762 -16.45 -15.958 -15.425 -15.044 -14.691 -16.002 -15.552 -15.219 -15.078 -15.338 -15.502 -15.75 -15.271 -13.994 -13.434 -12.792 -15.594
0.07522 -17.641 -17.24 -17.059 -16.528 -16.122 -15.701 -16.906 -16.467 -16.118 -15.69 -15.273 -14.795 -16.477 -15.987 -15.457 -15.077 -14.725 -16.028 -15.578 -15.244 -15.099 -15.345 -15.534 -15.781 -15.303 -14.029 -13.47 -12.828 -15.625
0.077495 -17.647 -17.259 -17.08 -16.554 -16.151 -15.732 -16.927 -16.493 -16.147 -15.72 -15.305 -14.829 -16.504 -16.017 -15.489 -15.11 -14.758 -16.053 -15.604 -15.269 -15.119 -15.354 -15.564 -15.811 -15.335 -14.064 -13.505 -12.864 -15.655
0.079839 -17.652 -17.277 -17.1 -16.58 -16.179 -15.762 -16.947 -16.52 -16.175 -15.751 -15.337 -14.862 -16.53 -16.046 -15.52 -15.142 -14.792 -16.079 -15.631 -15.295 -15.141 -15.363 -15.595 -15.841 -15.366 -14.098 -13.541 -12.9 -15.685
0.082253 -17.657 -17.294 -17.12 -16.606 -16.207 -15.792 -16.966 -16.546 -16.204 -15.781 -15.368 -14.895 -16.556 -16.075 -15.551 -15.175 -14.825 -16.104 -15.657 -15.32 -15.162 -15.372 -15.626 -15.871 -15.398 -14.133 -13.576 -12.936 -15.715
0.084741 -17.662 -17.311 -17.139 -16.631 -16.235 -15.822 -16.985 -16.571 -16.232 -15.811 -15.4 -14.928 -16.582 -16.103 -15.582 -15.207 -14.858 -16.13 -15.684 -15.346 -15.184 -15.382 -15.656 -15.9 -15.43 -14.167 -13.611 -12.972 -15.745
0.087304 -17.667 -17.327 -17.158 -16.656 -16.263 -15.852 -17.004 -16.597 -16.259 -15.841 -15.431 -14.961 -16.607 -16.132 -15.613 -15.239 -14.891 -16.155 -15.71 -15.372 -15.205 -15.392 -15.686 -15.93 -15.461 -14.201 -13.646 -13.007 -15.774
0.089944 -17.671 -17.342 -17.176 -16.681 -16.29 -15.882 -17.021 -16.622 -16.287 -15.871 -15.462 -14.993 -16.632 -16.16 -15.644 -15.271 -14.924 -16.18 -15.736 -15.397 -15.228 -15.403 -15.716 -15.959 -15.492 -14.236 -13.681 -13.043 -15.804
0.092665 -17.674 -17.357 -17.193 -16.705 -16.317 -15.911 -17.039 -16.646 -16.314 -15.9 -15.493 -15.026 -16.657 -16.188 -15.674 -15.303 -14.956 -16.205 -15.763 -15.423 -15.25 -15.414 -15.746 -15.988 -15.523 -14.27 -13.716 -13.079 -15.833
0.095467 -17.677 -17.372 -17.21 -16.728 -16.344 -15.94 -17.055 -16.671 -16.34 -15.929 -15.524 -15.058 -16.681 -16.215 -15.704 -15.334 -14.989 -16.23 -15.789 -15.449 -15.273 -15.426 -15.775 -16.016 -15.553 -14.304 -13.751 -13.114 -15.862
0.098355 -17.68 -17.385 -17.227 -16.752 -16.371 -15.969 -17.071 -16.694 -16.367 -15.958 -15.555 -15.09 -16.705 -16.242 -15.734 -15.365 -15.021 -16.255 -15.815 -15.475 -15.296 -15.438 -15.804 -16.044 -15.584 -14.338 -13.786 -13.15 -15.89
0.101329 -17.682 -17.398 -17.242 -16.774 -16.397 -15.998 -17.087 -16.718 -16.393 -15.987 -15.585 -15.122 -16.728 -16.269 -15.764 -15.397 -15.053 -16.279 -15.841 -15.501 -15.319 -15.451 -15.833 -16.072 -15.614 -14.371 -13.82 -13.185 -15.918
0.104394 -17.683 -17.41 -17.257 -16.797 -16.423 -16.026 -17.102 -16.741 -16.419 -16.015 -15.615 -15.154 -16.751 -16.296 -15.793 -15.428 -15.086 -16.304 -15.867 -15.528 -15.342 -15.464 -15.862 -16.1 -15.644 -14.405 -13.855 -13.22 -15.946
0.107551 -17.684 -17.422 -17.271 -16.819 -16.448 -16.054 -17.116 -16.763 -16.444 -16.043 -15.645 -15.185 -16.773 -16.322 -15.823 -15.458 -15.117 -16.328 -15.893 -15.554 -15.365 -15.477 -15.891 -16.128 -15.674 -14.439 -13.889 -13.256 -15.974
0.110804 -17.684 -17.432 -17.285 -16.84 -16.473 -16.082 -17.129 -16.785 -16.469 -16.071 -15.675 -15.217 -16.795 -16.348 -15.852 -15.489 -15.149 -16.352 -15.919 -15.58 -15.389 -15.491 -15.919 -16.155 -15.704 -14.472 -13.924 -13.291 -16.002
0.114155 -17.684 -17.442 -17.298 -16.861 -16.498 -16.11 -17.142 -16.807 -16.494 -16.099 -15.704 -15.248 -16.817 -16.374 -15.88 -15.519 -15.181 -16.376 -15.945 -15.606 -15.413 -15.505 -15.947 -16.181 -15.733 -14.505 -13.958 -13.326 -16.029
0.117608 -17.682 -17.451 -17.31 -16.882 -16.522 -16.137 -17.154 -16.828 -16.518 -16.126 -15.734 -15.279 -16.838 -16.399 -15.909 -15.549 -15.212 -16.399 -15.971 -15.632 -15.437 -15.52 -15.974 -16.208 -15.762 -14.539 -13.992 -13.361 -16.056
0.121165 -17.68 -17.459 -17.321 -16.902 -16.546 -16.164 -17.165 -16.849 -16.542 -16.153 -15.763 -15.31 -16.859 -16.424 -15.937 -15.579 -15.243 -16.422 -15.996 -15.658 -15.461 -15.535 -16.002 -16.234 -15.791 -14.572 -14.026 -13.396 -16.082
0.124829 -17.677 -17.466 -17.332 -16.921 -16.569 -16.19 -17.176 -16.869 -16.566 -16.179 -15.791 -15.341 -16.879 -16.448 -15.965 -15.609 -15.274 -16.445 -16.022 -15.684 -15.485 -15.551 -16.029 -16.26 -15.82 -14.605 -14.06 -13.431 -16.108
0.128605 -17.673 -17.472 -17.341 -16.94 -16.592 -16.216 -17.186 -16.888 -16.589 -16.206 -15.82 -15.371 -16.898 -16.473 -15.993 -15.639 -15.305 -16.468 -16.047 -15.71 -15.509 -15.566 -16.055 -16.285 -15.848 -14.637 -14.094 -13.465 -16.134
0.132494 -17.669 -17.477 -17.35 -16.958 -16.615 -16.242 -17.195 -16.907 -16.611 -16.232 -15.848 -15.402 -16.917 -16.496 -16.02 -15.668 -15.336 -16.49 -16.072 -15.736 -15.533 -15.582 -16.082 -16.311 -15.876 -14.67 -14.128 -13.5 -16.16
0.136502 -17.663 -17.482 -17.358 -16.976 -16.637 -16.268 -17.203 -16.926 -16.633 -16.257 -15.876 -15.432 -16.935 -16.519 -16.047 -15.697 -15.366 -16.512 -16.096 -15.761 -15.557 -15.599 -16.108 -16.335 -15.904 -14.702 -14.161 -13.535 -16.185
0.14063 -17.656 -17.485 -17.365 -16.993 -16.659 -16.293 -17.21 -16.944 -16.655 -16.282 -15.904 -15.462 -16.953 -16.542 -16.074 -15.725 -15.396 -16.534 -16.121 -15.787 -15.581 -15.615 -16.133 -16.36 -15.931 -14.735 -14.195 -13.569 -16.21
0.144883 -17.649 -17.487 -17.371 -17.009 -16.68 -16.318 -17.216 -16.961 -16.676 -16.307 -15.931 -15.491 -16.97 -16.565 -16.1 -15.754 -15.426 -16.555 -16.145 -15.813 -15.606 -15.632 -16.159 -16.384 -15.958 -14.767 -14.228 -13.604 -16.234
0.149265 -17.64 -17.488 -17.376 -17.025 -16.701 -16.342 -17.222 -16.977 -16.697 -16.332 -15.958 -15.521 -16.987 -16.587 -16.126 -15.782 -15.456 -16.576 -16.169 -15.838 -15.63 -15.65 -16.184 -16.407 -15.985 -14.799 -14.261 -13.638 -16.258
0.15378 -17.63 -17.487 -17.38 -17.04 -16.721 -16.366 -17.227 -16.993 -16.717 -16.356 -15.985 -15.55 -17.003 -16.608 -16.152 -15.81 -15.485 -16.596 -16.193 -15.863 -15.654 -15.667 -16.208 -16.43 -16.012 -14.831 -14.294 -13.672 -16.282
0.15843 -17.618 -17.486 -17.383 -17.054 -16.74 -16.39 -17.23 -17.008 -16.737 -16.379 -16.011 -15.579 -17.018 -16.629 -16.177 -15.838 -15.515 -16.616 -16.217 -15.888 -15.678 -15.685 -16.232 -16.453 -16.038 -14.862 -14.327 -13.706 -16.305
0.163222 -17.606 -17.483 -17.385 -17.068 -16.759 -16.413 -17.233 -17.023 -16.756 -16.403 -16.037 -15.607 -17.032 -16.649 -16.202 -15.865 -15.544 -16.636 -16.24 -15.913 -15.702 -15.703 -16.256 -16.475 -16.064 -14.894 -14.36 -13.74 -16.328
0.168159 -17.592 -17.479 -17.386 -17.081 -16.778 -16.436 -17.235 -17.037 -16.774 -16.425 -16.063 -15.635 -17.046 -16.669 -16.227 -15.892 -15.572 -16.655 -16.263 -15.938 -15.726 -15.721 -16.28 -16.497 -16.089 -14.925 -14.393 -13.774 -16.35
0.173245 -17.577 -17.474 -17.386 -17.093 -16.796 -16.458 -17.235 -17.05 -16.792 -16.448 -16.088 -15.664 -17.059 -16.689 -16.251 -15.919 -15.601 -16.674 -16.285 -15.962 -15.75 -15.739 -16.302 -16.518 -16.114 -14.956 -14.426 -13.808 -16.372
0.178484 -17.56 -17.468 -17.384 -17.104 -16.813 -16.48 -17.235 -17.062 -16.809 -16.469 -16.113 -15.691 -17.071 -16.707 -16.275 -15.945 -15.629 -16.692 -16.308 -15.986 -15.774 -15.757 -16.325 -16.539 -16.139 -14.987 -14.458 -13.841 -16.393
0.183882 -17.542 -17.459 -17.382 -17.114 -16.83 -16.501 -17.233 -17.074 -16.826 -16.491 -16.138 -15.719 -17.082 -16.725 -16.298 -15.971 -15.657 -16.71 -16.329 -16.01 -15.798 -15.776 -16.347 -16.559 -16.163 -15.018 -14.49 -13.875 -16.414
0.189444 -17.523 -17.45 -17.377 -17.124 -16.845 -16.522 -17.231 -17.084 -16.842 -16.512 -16.162 -15.746 -17.093 -16.743 -16.321 -15.996 -15.685 -16.727 -16.351 -16.034 -15.822 -15.795 -16.369 -16.579 -16.187 -15.048 -14.522 -13.908 -16.434
0.195173 -17.502 -17.439 -17.372 -17.133 -16.861 -16.542 -17.227 -17.094 -16.857 -16.532 -16.185 -15.773 -17.102 -16.76 -16.343 -16.022 -15.712 -16.744 -16.372 -16.057 -15.845 -15.813 -16.39 -16.598 -16.211 -15.078 -14.554 -13.942 -16.454
0.201076 -17.479 -17.426 -17.365 -17.14 -16.875 -16.562 -17.222 -17.103 -16.872 -16.552 -16.209 -15.799 -17.111 -16.776 -16.365 -16.047 -15.739 -16.76 -16.393 -16.08 -15.868 -15.832 -16.41 -16.616 -16.234 -15.109 -14.586 -13.975 -16.473
0.207158 -17.454 -17.412 -17.357 -17.147 -16.889 -16.581 -17.216 -17.111 -16.885 -16.571 -16.232 -15.825 -17.119 -16.792 -16.387 -16.071 -15.766 -16.775 -16.413 -16.103 -15.891 -15.851 -16.43 -16.634 -16.257 -15.138 -14.617 -14.008 -16.492
0.213423 -17.428 -17.396 -17.348 -17.153 -16.902 -16.599 -17.209 -17.118 -16.899 -16.59 -16.254 -15.851 -17.126 -16.807 -16.408 -16.095 -15.792 -16.79 -16.433 -16.126 -15.914 -15.87 -16.45 -16.651 -16.279 -15.168 -14.649 -14.041 -16.51
0.219878 -17.4 -17.378 -17.337 -17.158 -16.915 -16.617 -17.2 -17.124 -16.911 -16.608 -16.276 -15.877 -17.132 -16.821 -16.428 -16.119 -15.818 -16.804 -16.452 -16.148 -15.937 -15.889 -16.469 -16.668 -16.301 -15.197 -14.68 -14.073 -16.528
0.226528 -17.37 -17.359 -17.324 -17.161 -16.926 -16.635 -17.19 -17.129 -16.922 -16.625 -16.298 -15.902 -17.137 -16.835 -16.448 -16.142 -15.844 -16.818 -16.471 -16.169 -15.959 -15.908 -16.487 -16.684 -16.322 -15.226 -14.711 -14.106 -16.545
0.233379 -17.338 -17.337 -17.31 -17.164 -16.937 -16.651 -17.179 -17.133 -16.933 -16.642 -16.318 -15.927 -17.14 -16.847 -16.468 -16.165 -15.869 -16.83 -16.49 -16.191 -15.982 -15.927 -16.505 -16.7 -16.342 -15.255 -14.742 -14.138 -16.561
0.240437 -17.304 -17.314 -17.294 -17.165 -16.946 -16.668 -17.166 -17.136 -16.943 -16.658 -16.339 -15.951 -17.143 -16.859 -16.486 -16.187 -15.894 -16.842 -16.508 -16.212 -16.004 -15.945 -16.522 -16.714 -16.363 -15.284 -14.772 -14.171 -16.577
0.247709 -17.267 -17.288 -17.277 -17.165 -16.955 -16.683 -17.153 -17.137 -16.952 -16.674 -16.359 -15.975 -17.144 -16.87 -16.505 -16.209 -15.918 -16.854 -16.525 -16.233 -16.025 -15.964 -16.539 -16.728 -16.382 -15.312 -14.803 -14.203 -16.592
0.255201 -17.229 -17.261 -17.257 -17.164 -16.963 -16.698 -17.137 -17.138 -16.96 -16.688 -16.378 -15.998 -17.145 -16.88 -16.522 -16.231 -15.942 -16.864 -16.542 -16.253 -16.047 -15.983 -16.555 -16.741 -16.401 -15.34 -14.833 -14.235 -16.607
0.262919 -17.188 -17.231 -17.236 -17.162 -16.97 -16.712 -17.121 -17.137 -16.967 -16.702 -16.397 -16.021 -17.144 -16.89 -16.539 -16.252 -15.966 -16.874 -16.558 -16.273 -16.068 -16.001 -16.57 -16.754 -16.42 -15.368 -14.863 -14.266 -16.62
0.270871 -17.145 -17.199 -17.213 -17.158 -16.976 -16.725 -17.103 -17.135 -16.973 -16.716 -16.415 -16.044 -17.142 -16.898 -16.556 -16.272 -15.989 -16.883 -16.573 -16.292 -16.088 -16.02 -16.584 -16.765 -16.438 -15.395 -14.893 -14.298 -16.633
0.279064 -17.1 -17.165 -17.188 -17.153 -16.981 -16.737 -17.083 -17.132 -16.978 -16.728 -16.433 -16.066 -17.138 -16.906 -16.571 -16.292 -16.012 -16.891 -16.588 -16.311 -16.109 -16.038 -16.598 -16.776 -16.455 -15.422 -14.922 -14.329 -16.645
0.287504 -17.052 -17.129 -17.161 -17.147 -16.985 -16.749 -17.062 -17.127 -16.981 -16.74 -16.45 -16.088 -17.133 -16.912 -16.586 -16.311 -16.034 -16.898 -16.602 -16.329 -16.129 -16.056 -16.611 -16.786 -16.472 -15.449 -14.951 -14.361 -16.657
0.296199 -17.002 -17.09 -17.132 -17.139 -16.988 -16.759 -17.039 -17.121 -16.984 -16.751 -16.466 -16.109 -17.127 -16.918 -16.6 -16.33 -16.056 -16.904 -16.616 -16.347 -16.148 -16.074 -16.623 -16.795 -16.488 -15.476 -14.98 -14.392 -16.667
0.305157 -16.949 -17.048 -17.101 -17.129 -16.989 -16.769 -17.015 -17.114 -16.986 -16.761 -16.482 -16.13 -17.119 -16.922 -16.614 -16.348 -16.078 -16.909 -16.629 -16.364 -16.167 -16.091 -16.635 -16.803 -16.503 -15.502 -15.009 -14.423 -16.677
0.314387 -16.893 -17.004 -17.068 -17.118 -16.99 -16.778 -16.99 -17.105 -16.986 -16.77 -16.497 -16.15 -17.11 -16.925 -16.627 -16.365 -16.099 -16.913 -16.641 -16.381 -16.186 -16.109 -16.646 -16.81 -16.518 -15.528 -15.037 -14.453 -16.686
0.323895 -16.834 -16.957 -17.032 -17.106 -16.989 -16.786 -16.962 -17.094 -16.985 -16.778 -16.511 -16.169 -17.099 -16.928 -16.638 -16.382 -16.119 -16.916 -16.652 -16.397 -16.204 -16.126 -16.655 -16.816 -16.531 -15.553 -15.066 -14.484 -16.694
0.333691 -16.772 -16.908 -16.994 -17.091 -16.987 -16.793 -16.933 -17.082 -16.983 -16.785 -16.524 -16.188 -17.086 -16.929 -16.65 -16.398 -16.139 -16.918 -16.663 -16.412 -16.222 -16.143 -16.664 -16.822 -16.544 -15.578 -15.094 -14.514 -16.701
0.343783 -16.708 -16.855 -16.954 -17.075 -16.983 -16.799 -16.903 -17.068 -16.98 -16.791 -16.537 -16.207 -17.072 -16.928 -16.66 -16.414 -16.158 -16.918 -16.672 -16.427 -16.239 -16.159 -16.672 -16.826 -16.557 -15.603 -15.121 -14.544 -16.707
0.354181 -16.64 -16.799 -16.911 -17.057 -16.978 -16.804 -16.87 -17.052 -16.975 -16.796 -16.549 -16.225 -17.056 -16.927 -16.669 -16.428 -16.177 -16.918 -16.681 -16.441 -16.256 -16.175 -16.68 -16.829 -16.568 -15.627 -15.149 -14.574 -16.712
0.364893 -16.569 -16.741 -16.866 -17.037 -16.972 -16.808 -16.836 -17.035 -16.969 -16.8 -16.56 -16.242 -17.038 -16.924 -16.677 -16.442 -16.195 -16.916 -16.689 -16.455 -16.272 -16.191 -16.686 -16.83 -16.579 -15.651 -15.176 -14.603 -16.716
0.375929 -16.495 -16.679 -16.818 -17.016 -16.964 -16.811 -16.801 -17.015 -16.961 -16.803 -16.57 -16.259 -17.018 -16.92 -16.685 -16.456 -16.212 -16.913 -16.696 -16.467 -16.288 -16.207 -16.691 -16.831 -16.589 -15.675 -15.202 -14.633 -16.719
0.387298 -16.418 -16.614 -16.767 -16.992 -16.955 -16.812 -16.763 -16.994 -16.952 -16.805 -16.58 -16.274 -16.996 -16.915 -16.691 -16.468 -16.229 -16.909 -16.702 -16.479 -16.303 -16.221 -16.695 -16.831 -16.597 -15.698 -15.229 -14.662 -16.721
0.399012 -16.337 -16.545 -16.714 -16.966 -16.944 -16.813 -16.724 -16.971 -16.941 -16.805 -16.588 -16.29 -16.973 -16.908 -16.697 -16.48 -16.245 -16.903 -16.707 -16.49 -16.317 -16.236 -16.698 -16.829 -16.605 -15.72 -15.255 -14.691 -16.722
