web/models/kne.last_good/kappa_0.5_3.0.v2/6/villar_0.4064_0.1710_0.5000.dat
# %ECSV 1.0
# ---
# datatype:
# - {name: time, datatype: float64}
# - {name: swift_uvot_uvw2, datatype: float64}
# - {name: swift_uvot_uvm2, datatype: float64}
# - {name: swift_uvot_uvw1, datatype: float64}
# - {name: swift_uvot_U, datatype: float64}
# - {name: swift_uvot_B, datatype: float64}
# - {name: swift_uvot_V, datatype: float64}
# - {name: swift_uvot_W, datatype: float64}
# - {name: johnson_U, datatype: float64}
# - {name: johnson_B, datatype: float64}
# - {name: johnson_V, datatype: float64}
# - {name: johnson_R, datatype: float64}
# - {name: johnson_I, datatype: float64}
# - {name: sdss_u, datatype: float64}
# - {name: sdss_g, datatype: float64}
# - {name: sdss_r, datatype: float64}
# - {name: sdss_i, datatype: float64}
# - {name: sdss_z, datatype: float64}
# - {name: PS1_g, datatype: float64}
# - {name: PS1_r, datatype: float64}
# - {name: PS1_i, datatype: float64}
# - {name: PS1_z, datatype: float64}
# - {name: PS1_Y, datatype: float64}
# - {name: PS1_w, datatype: float64}
# - {name: ATLAS_c, datatype: float64}
# - {name: ATLAS_o, datatype: float64}
# - {name: ukirt_J, datatype: float64}
# - {name: ukirt_H, datatype: float64}
# - {name: ukirt_K, datatype: float64}
# - {name: Clear, datatype: float64}
# meta: !!omap
# - comment: [kappa = 0.5, type = villar, mass = 0.4064473885499596, velocity = 0.17100000000000004, theta_obs = 0.0, tfloor = 2500.0]
# schema: astropy-2.0
time swift_uvot_uvw2 swift_uvot_uvm2 swift_uvot_uvw1 swift_uvot_U swift_uvot_B swift_uvot_V swift_uvot_W johnson_U johnson_B johnson_V johnson_R johnson_I sdss_u sdss_g sdss_r sdss_i sdss_z PS1_g PS1_r PS1_i PS1_z PS1_Y PS1_w ATLAS_c ATLAS_o ukirt_J ukirt_H ukirt_K Clear
[from data line 338]
23.648147 -25.035 -25.11 -25.141 -25.123 -24.96 -24.722 -25.041 -25.103 -24.956 -24.713 -24.423 -24.06 -25.109 -24.886 -24.559 -24.283 -24.006 -24.872 -24.576 -24.301 -24.101 -24.028 -24.584 -24.76 -24.444 -23.42 -22.922 -22.331 -24.63
24.363369 -25.364 -25.412 -25.421 -25.355 -25.168 -24.912 -25.307 -25.331 -25.164 -24.903 -24.6 -24.226 -25.338 -25.088 -24.742 -24.456 -24.171 -25.073 -24.76 -24.476 -24.272 -24.204 -24.771 -24.954 -24.623 -23.575 -23.071 -22.475 -24.821
25.100222 -25.69 -25.711 -25.699 -25.587 -25.376 -25.103 -25.575 -25.559 -25.373 -25.094 -24.779 -24.395 -25.566 -25.291 -24.925 -24.629 -24.338 -25.274 -24.945 -24.653 -24.445 -24.384 -24.959 -25.149 -24.803 -23.732 -23.223 -22.622 -25.013
25.859362 -26.014 -26.007 -25.975 -25.817 -25.585 -25.296 -25.842 -25.785 -25.581 -25.286 -24.96 -24.565 -25.793 -25.494 -25.11 -24.805 -24.507 -25.477 -25.133 -24.832 -24.622 -24.569 -25.148 -25.345 -24.984 -23.891 -23.376 -22.772 -25.206
26.64146 -26.335 -26.299 -26.248 -26.047 -25.794 -25.489 -26.108 -26.012 -25.79 -25.479 -25.142 -24.738 -26.02 -25.698 -25.296 -24.982 -24.678 -25.681 -25.322 -25.013 -24.802 -24.759 -25.339 -25.541 -25.167 -24.053 -23.533 -22.924 -25.4
27.447213 -26.652 -26.587 -26.519 -26.276 -26.003 -25.683 -26.373 -26.237 -25.999 -25.673 -25.325 -24.912 -26.246 -25.902 -25.483 -25.161 -24.851 -25.885 -25.513 -25.197 -24.985 -24.954 -25.53 -25.739 -25.351 -24.217 -23.692 -23.079 -25.595
28.277335 -26.967 -26.872 -26.788 -26.504 -26.212 -25.878 -26.638 -26.462 -26.208 -25.868 -25.51 -25.088 -26.471 -26.106 -25.672 -25.342 -25.026 -26.091 -25.706 -25.384 -25.172 -25.156 -25.723 -25.937 -25.537 -24.383 -23.854 -23.237 -25.791
29.132564 -27.278 -27.153 -27.053 -26.732 -26.422 -26.074 -26.901 -26.687 -26.418 -26.064 -25.697 -25.266 -26.696 -26.311 -25.862 -25.525 -25.203 -26.298 -25.901 -25.573 -25.363 -25.365 -25.917 -26.136 -25.724 -24.552 -24.018 -23.398 -25.989
30.013659 -27.587 -27.43 -27.316 -26.959 -26.632 -26.271 -27.162 -26.911 -26.628 -26.261 -25.885 -25.447 -26.92 -26.517 -26.054 -25.709 -25.382 -26.507 -26.098 -25.766 -25.559 -25.583 -26.112 -26.336 -25.913 -24.723 -24.185 -23.561 -26.187
30.921401 -27.894 -27.703 -27.576 -27.185 -26.842 -26.47 -27.421 -27.134 -26.838 -26.459 -26.075 -25.629 -27.144 -26.723 -26.247 -25.895 -25.563 -26.717 -26.299 -25.963 -25.76 -25.809 -26.309 -26.538 -26.103 -24.898 -24.355 -23.728 -26.387
31.856598 -28.199 -27.973 -27.834 -27.41 -27.053 -26.669 -27.678 -27.357 -27.049 -26.659 -26.267 -25.814 -27.367 -26.931 -26.442 -26.084 -25.747 -26.93 -26.503 -26.164 -25.968 -26.046 -26.507 -26.74 -26.296 -25.075 -24.529 -23.898 -26.588
32.820079 -28.504 -28.24 -28.089 -27.636 -27.265 -26.871 -27.934 -27.58 -27.261 -26.86 -26.461 -26.001 -27.59 -27.139 -26.639 -26.274 -25.933 -27.145 -26.71 -26.37 -26.182 -26.295 -26.707 -26.944 -26.49 -25.254 -24.705 -24.071 -26.791
33.8127 -28.808 -28.504 -28.342 -27.861 -27.477 -27.073 -28.187 -27.803 -27.473 -27.062 -26.657 -26.191 -27.814 -27.348 -26.837 -26.467 -26.122 -27.363 -26.922 -26.582 -26.405 -26.557 -26.908 -27.149 -26.687 -25.437 -24.884 -24.248 -26.995
34.835342 -29.115 -28.765 -28.593 -28.086 -27.691 -27.278 -28.439 -28.026 -27.687 -27.267 -26.855 -26.383 -28.037 -27.559 -27.038 -26.663 -26.314 -27.585 -27.139 -26.801 -26.638 -26.835 -27.112 -27.356 -26.885 -25.623 -25.067 -24.428 -27.2
35.888913 -29.425 -29.024 -28.842 -28.311 -27.905 -27.484 -28.69 -28.25 -27.901 -27.473 -27.056 -26.579 -28.261 -27.77 -27.24 -26.86 -26.508 -27.811 -27.362 -27.027 -26.882 -27.129 -27.317 -27.564 -27.086 -25.812 -25.253 -24.611 -27.408
36.974349 -29.739 -29.281 -29.09 -28.537 -28.121 -27.693 -28.939 -28.474 -28.117 -27.681 -27.259 -26.777 -28.485 -27.984 -27.445 -27.061 -26.705 -28.043 -27.592 -27.263 -27.14 -27.442 -27.524 -27.774 -27.289 -26.005 -25.443 -24.799 -27.617
38.092613 -30.061 -29.538 -29.337 -28.764 -28.339 -27.903 -29.187 -28.699 -28.335 -27.892 -27.465 -26.978 -28.71 -28.199 -27.653 -27.264 -26.906 -28.281 -27.831 -27.511 -27.413 -27.774 -27.734 -27.987 -27.495 -26.201 -25.636 -24.99 -27.829
39.244698 -30.392 -29.793 -29.583 -28.992 -28.558 -28.116 -29.434 -28.926 -28.555 -28.105 -27.673 -27.182 -28.937 -28.417 -27.863 -27.471 -27.109 -28.528 -28.08 -27.771 -27.703 -28.128 -27.946 -28.201 -27.704 -26.4 -25.834 -25.185 -28.043
40.431627 -30.735 -30.05 -29.828 -29.221 -28.78 -28.332 -29.681 -29.153 -28.776 -28.321 -27.885 -27.39 -29.165 -28.636 -28.076 -27.681 -27.317 -28.786 -28.342 -28.048 -28.014 -28.504 -28.161 -28.419 -27.916 -26.604 -26.035 -25.385 -28.26
41.654454 -31.093 -30.307 -30.074 -29.451 -29.004 -28.551 -29.928 -29.383 -29.0 -28.539 -28.1 -27.601 -29.394 -28.859 -28.293 -27.894 -27.527 -29.055 -28.62 -28.343 -28.348 -28.904 -28.379 -28.639 -28.131 -26.811 -26.24 -25.589 -28.479
42.914265 -31.469 -30.567 -30.32 -29.684 -29.23 -28.772 -30.176 -29.615 -29.227 -28.761 -28.318 -27.817 -29.626 -29.084 -28.512 -28.111 -27.742 -29.34 -28.915 -28.66 -28.707 -29.328 -28.6 -28.862 -28.35 -27.023 -26.45 -25.797 -28.702
44.212178 -31.864 -30.83 -30.567 -29.919 -29.46 -28.997 -30.424 -29.849 -29.456 -28.986 -28.54 -28.036 -29.86 -29.312 -28.735 -28.331 -27.961 -29.644 -29.232 -29.002 -29.093 -29.775 -28.825 -29.088 -28.572 -27.238 -26.664 -26.01 -28.928
45.549345 -32.283 -31.099 -30.815 -30.156 -29.692 -29.226 -30.673 -30.085 -29.688 -29.215 -28.766 -28.259 -30.097 -29.543 -28.962 -28.556 -28.184 -29.969 -29.575 -29.371 -29.508 -30.246 -29.053 -29.317 -28.798 -27.459 -26.883 -26.228 -29.157
46.926954 -32.727 -31.374 -31.065 -30.397 -29.928 -29.459 -30.924 -30.325 -29.924 -29.447 -28.996 -28.487 -30.336 -29.778 -29.193 -28.785 -28.411 -30.321 -29.945 -29.771 -29.952 -30.741 -29.285 -29.551 -29.028 -27.684 -27.107 -26.45 -29.39
48.346227 -33.198 -31.659 -31.317 -30.64 -30.168 -29.695 -31.177 -30.568 -30.164 -29.684 -29.231 -28.719 -30.579 -30.016 -29.428 -29.018 -28.643 -30.702 -30.348 -30.203 -30.427 -31.259 -29.522 -29.788 -29.263 -27.914 -27.336 -26.678 -29.627
49.808426 -33.696 -31.956 -31.572 -30.887 -30.412 -29.936 -31.432 -30.814 -30.408 -29.925 -29.47 -28.957 -30.826 -30.259 -29.668 -29.256 -28.88 -31.117 -30.785 -30.669 -30.931 -31.8 -29.762 -30.03 -29.502 -28.149 -27.57 -26.911 -29.869
51.314848 -34.223 -32.27 -31.829 -31.138 -30.66 -30.182 -31.691 -31.065 -30.656 -30.17 -29.714 -29.199 -31.076 -30.507 -29.913 -29.5 -29.122 -31.567 -31.257 -31.168 -31.464 -32.364 -30.008 -30.276 -29.746 -28.39 -27.81 -27.15 -30.115
52.86683 -34.778 -32.605 -32.09 -31.394 -30.912 -30.432 -31.952 -31.32 -30.908 -30.421 -29.963 -29.447 -31.331 -30.758 -30.162 -29.748 -29.37 -32.055 -31.766 -31.701 -32.025 -32.949 -30.258 -30.527 -29.995 -28.636 -28.055 -27.395 -30.366
54.465752 -35.36 -32.968 -32.355 -31.654 -31.17 -30.688 -32.218 -31.579 -31.166 -30.676 -30.217 -29.7 -31.591 -31.015 -30.417 -30.002 -29.623 -32.581 -32.311 -32.267 -32.614 -33.556 -30.514 -30.783 -30.25 -28.888 -28.306 -27.645 -30.622
56.113031 -35.969 -33.364 -32.624 -31.918 -31.433 -30.949 -32.488 -31.843 -31.429 -30.938 -30.477 -29.959 -31.855 -31.278 -30.678 -30.261 -29.882 -33.145 -32.891 -32.863 -33.229 -34.185 -30.775 -31.045 -30.51 -29.145 -28.563 -27.902 -30.883
57.810132 -36.605 -33.801 -32.898 -32.188 -31.701 -31.216 -32.762 -32.113 -31.697 -31.205 -30.743 -30.224 -32.125 -31.546 -30.944 -30.527 -30.147 -33.744 -33.503 -33.49 -33.869 -34.836 -31.041 -31.312 -30.776 -29.409 -28.827 -28.165 -31.151
59.55856 -37.266 -34.285 -33.177 -32.464 -31.975 -31.489 -33.041 -32.389 -31.971 -31.478 -31.015 -30.495 -32.4 -31.819 -31.217 -30.799 -30.418 -34.378 -34.147 -34.144 -34.533 -35.508 -31.314 -31.586 -31.048 -29.68 -29.097 -28.435 -31.424
61.359868 -37.952 -34.82 -33.461 -32.746 -32.255 -31.769 -33.326 -32.67 -32.252 -31.757 -31.294 -30.773 -32.682 -32.099 -31.496 -31.077 -30.696 -35.044 -34.821 -34.825 -35.222 -36.202 -31.594 -31.865 -31.327 -29.957 -29.374 -28.711 -31.703
63.215655 -38.663 -35.408 -33.751 -33.034 -32.543 -32.055 -33.616 -32.958 -32.539 -32.043 -31.58 -31.058 -32.97 -32.386 -31.782 -31.362 -30.981 -35.74 -35.523 -35.533 -35.935 -36.92 -31.88 -32.152 -31.613 -30.241 -29.658 -28.995 -31.99
65.127569 -39.401 -36.05 -34.05 -33.331 -32.839 -32.351 -33.915 -33.255 -32.835 -32.339 -31.875 -31.353 -33.267 -32.682 -32.077 -31.657 -31.275 -36.468 -36.255 -36.268 -36.674 -37.661 -32.175 -32.447 -31.908 -30.535 -29.951 -29.288 -32.285
67.097308 -40.17 -36.748 -34.366 -33.645 -33.152 -32.664 -34.232 -33.569 -33.149 -32.652 -32.187 -31.665 -33.581 -32.996 -32.389 -31.97 -31.587 -37.23 -37.02 -37.036 -37.445 -38.434 -32.488 -32.761 -32.22 -30.847 -30.263 -29.6 -32.598
69.126621 -40.985 -37.513 -34.72 -33.997 -33.504 -33.014 -34.585 -33.921 -33.5 -33.003 -32.538 -32.015 -33.933 -33.347 -32.74 -32.32 -31.938 -38.04 -37.832 -37.85 -38.26 -39.25 -32.839 -33.112 -32.571 -31.197 -30.613 -29.949 -32.949
71.217308 -41.86 -38.354 -35.142 -34.418 -33.924 -33.434 -35.007 -34.342 -33.92 -33.423 -32.958 -32.435 -34.354 -33.767 -33.16 -32.74 -32.357 -38.912 -38.705 -38.724 -39.135 -40.126 -33.259 -33.532 -32.991 -31.616 -31.032 -30.368 -33.37
73.371227 -42.805 -39.278 -35.663 -34.939 -34.445 -33.955 -35.529 -34.863 -34.441 -33.943 -33.477 -32.954 -34.875 -34.288 -33.68 -33.259 -32.876 -39.856 -39.649 -39.669 -40.081 -41.073 -33.779 -34.052 -33.511 -32.135 -31.551 -30.887 -33.89
75.59029 -43.823 -40.282 -36.304 -35.579 -35.084 -34.594 -36.17 -35.503 -35.081 -34.582 -34.117 -33.593 -35.515 -34.927 -34.319 -33.899 -33.516 -40.872 -40.666 -40.686 -41.099 -42.09 -34.419 -34.692 -34.15 -32.774 -32.19 -31.526 -34.529
77.876467 -44.906 -41.357 -37.07 -36.344 -35.849 -35.358 -36.935 -36.267 -35.845 -35.346 -34.881 -34.357 -36.279 -35.692 -35.083 -34.662 -34.28 -41.955 -41.749 -41.77 -42.183 -43.174 -35.183 -35.456 -34.914 -33.538 -32.953 -32.289 -35.294
80.231787 -46.05 -42.496 -37.954 -37.227 -36.732 -36.241 -37.82 -37.151 -36.728 -36.23 -35.764 -35.24 -37.163 -36.575 -35.966 -35.545 -35.162 -43.098 -42.892 -42.913 -43.326 -44.318 -36.066 -36.339 -35.797 -34.421 -33.836 -33.172 -36.177
82.658343 -47.248 -43.69 -38.945 -38.219 -37.723 -37.233 -38.811 -38.142 -37.72 -37.221 -36.755 -36.231 -38.154 -37.566 -36.958 -36.536 -36.153 -44.296 -44.09 -44.111 -44.524 -45.516 -37.057 -37.33 -36.788 -35.412 -34.827 -34.163 -37.168
85.158288 -48.497 -44.936 -40.033 -39.306 -38.811 -38.32 -39.899 -39.23 -38.807 -38.308 -37.842 -37.318 -39.242 -38.653 -38.045 -37.624 -37.24 -45.544 -45.339 -45.36 -45.773 -46.765 -38.144 -38.418 -37.875 -36.499 -35.914 -35.25 -38.255
87.733843 -49.793 -46.231 -41.206 -40.479 -39.984 -39.492 -41.072 -40.403 -39.98 -39.481 -39.015 -38.491 -40.415 -39.826 -39.217 -38.796 -38.413 -46.84 -46.635 -46.656 -47.069 -48.061 -39.317 -39.59 -39.048 -37.671 -37.086 -36.422 -39.428
90.387293 -51.136 -47.574 -42.456 -41.728 -41.233 -40.741 -42.322 -41.652 -41.229 -40.73 -40.264 -39.74 -41.664 -41.075 -40.466 -40.045 -39.662 -48.183 -47.978 -47.999 -48.412 -49.404 -40.566 -40.839 -40.297 -38.92 -38.335 -37.671 -40.677
93.120995 -52.526 -48.962 -43.774 -43.047 -42.551 -42.06 -43.64 -42.97 -42.547 -42.048 -41.582 -41.058 -42.982 -42.394 -41.785 -41.364 -40.98 -49.573 -49.368 -49.389 -49.802 -50.794 -41.884 -42.158 -41.615 -40.238 -39.653 -38.989 -41.995
95.937376 -53.962 -50.398 -45.157 -44.43 -43.934 -43.443 -45.023 -44.353 -43.93 -43.431 -42.965 -42.441 -44.365 -43.777 -43.168 -42.746 -42.363 -51.009 -50.804 -50.825 -51.238 -52.23 -43.267 -43.541 -42.998 -41.621 -41.036 -40.372 -43.378
98.838937 -55.445 -51.88 -46.601 -45.873 -45.378 -44.886 -46.467 -45.797 -45.374 -44.875 -44.408 -43.884 -45.809 -45.22 -44.611 -44.19 -43.807 -52.492 -52.286 -52.307 -52.721 -53.713 -44.711 -44.984 -44.442 -43.065 -42.48 -41.815 -44.822
101.828253 -56.975 -53.411 -48.103 -47.375 -46.879 -46.388 -47.969 -47.299 -46.876 -46.376 -45.91 -45.386 -47.311 -46.722 -46.113 -45.692 -45.308 -54.022 -53.817 -53.838 -54.252 -55.244 -46.212 -46.486 -45.943 -44.566 -43.981 -43.317 -46.324
104.907979 -58.555 -54.99 -49.661 -48.934 -48.438 -47.947 -49.528 -48.857 -48.434 -47.935 -47.469 -46.945 -48.869 -48.28 -47.671 -47.25 -46.867 -55.602 -55.397 -55.418 -55.831 -56.823 -47.771 -48.044 -47.502 -46.125 -45.54 -44.876 -47.882
108.080849 -60.184 -56.619 -51.276 -50.548 -50.052 -49.561 -51.142 -50.471 -50.048 -49.549 -49.083 -48.559 -50.483 -49.895 -49.286 -48.864 -48.481 -57.231 -57.026 -57.047 -57.46 -58.453 -49.385 -49.658 -49.116 -47.739 -47.154 -46.49 -49.496
111.349681 -61.865 -58.3 -52.945 -52.218 -51.722 -51.23 -52.812 -52.141 -51.718 -51.219 -50.752 -50.228 -52.153 -51.564 -50.955 -50.534 -50.151 -58.912 -58.707 -58.728 -59.141 -60.133 -51.055 -51.328 -50.786 -49.409 -48.823 -48.159 -51.166
114.717376 -63.598 -60.033 -54.671 -53.943 -53.447 -52.956 -54.537 -53.867 -53.443 -52.944 -52.478 -51.954 -53.878 -53.29 -52.681 -52.259 -51.876 -60.645 -60.44 -60.461 -60.874 -61.866 -52.78 -53.054 -52.511 -51.134 -50.549 -49.885 -52.891
118.186925 -65.385 -61.82 -56.453 -55.725 -55.229 -54.738 -56.319 -55.648 -55.225 -54.726 -54.26 -53.736 -55.66 -55.072 -54.463 -54.041 -53.658 -62.432 -62.227 -62.248 -62.661 -63.653 -54.562 -54.836 -54.293 -52.916 -52.331 -51.667 -54.673
121.761408 -67.228 -63.663 -58.292 -57.564 -57.068 -56.577 -58.158 -57.487 -57.064 -56.565 -56.099 -55.575 -57.499 -56.911 -56.302 -55.88 -55.497 -64.275 -64.07 -64.091 -64.504 -65.496 -56.401 -56.675 -56.132 -54.755 -54.17 -53.506 -56.512
125.443999 -69.128 -65.563 -60.189 -59.461 -58.965 -58.474 -60.055 -59.385 -58.962 -58.462 -57.996 -57.472 -59.397 -58.808 -58.199 -57.778 -57.394 -66.175 -65.969 -65.991 -66.404 -67.396 -58.298 -58.572 -58.029 -56.652 -56.067 -55.403 -58.409
129.237967 -71.086 -67.521 -62.146 -61.418 -60.922 -60.431 -62.012 -61.342 -60.919 -60.419 -59.953 -59.429 -61.354 -60.765 -60.156 -59.735 -59.351 -68.133 -67.928 -67.949 -68.363 -69.355 -60.255 -60.529 -59.986 -58.609 -58.024 -57.36 -60.367
133.146681 -73.106 -69.541 -64.164 -63.436 -62.941 -62.449 -64.031 -63.36 -62.937 -62.438 -61.971 -61.447 -63.372 -62.783 -62.174 -61.753 -61.369 -70.153 -69.948 -69.969 -70.382 -71.374 -62.274 -62.547 -62.005 -60.627 -60.042 -59.378 -62.385
137.173612 -75.187 -71.622 -66.245 -65.517 -65.022 -64.53 -66.112 -65.441 -65.018 -64.519 -64.052 -63.528 -65.453 -64.864 -64.255 -63.834 -63.45 -72.234 -72.029 -72.05 -72.464 -73.456 -64.355 -64.628 -64.086 -62.708 -62.123 -61.459 -64.466
141.322334 -77.333 -73.768 -68.391 -67.663 -67.167 -66.676 -68.257 -67.586 -67.163 -66.664 -66.198 -65.674 -67.598 -67.01 -66.401 -65.979 -65.596 -74.38 -74.175 -74.196 -74.61 -75.602 -66.5 -66.774 -66.231 -64.854 -64.269 -63.605 -66.611
145.596532 -79.546 -75.98 -70.603 -69.875 -69.379 -68.888 -70.469 -69.798 -69.375 -68.876 -68.41 -67.886 -69.81 -69.222 -68.613 -68.191 -67.808 -76.592 -76.387 -76.408 -76.822 -77.814 -68.712 -68.986 -68.443 -67.066 -66.481 -65.817 -68.823
150.0 -81.826 -78.261 -72.883 -72.155 -71.659 -71.168 -72.749 -72.079 -71.655 -71.156 -70.69 -70.166 -72.09 -71.502 -70.893 -70.471 -70.088 -78.873 -78.668 -78.689 -79.102 -80.094 -70.992 -71.266 -70.723 -69.346 -68.761 -68.097 -71.103
