web/models/kne.last_good/kappa_0.5_3.0.v2/6/villar_0.1173_0.2493_0.5000.dat
# %ECSV 1.0
# ---
# datatype:
# - {name: time, datatype: float64}
# - {name: swift_uvot_uvw2, datatype: float64}
# - {name: swift_uvot_uvm2, datatype: float64}
# - {name: swift_uvot_uvw1, datatype: float64}
# - {name: swift_uvot_U, datatype: float64}
# - {name: swift_uvot_B, datatype: float64}
# - {name: swift_uvot_V, datatype: float64}
# - {name: swift_uvot_W, datatype: float64}
# - {name: johnson_U, datatype: float64}
# - {name: johnson_B, datatype: float64}
# - {name: johnson_V, datatype: float64}
# - {name: johnson_R, datatype: float64}
# - {name: johnson_I, datatype: float64}
# - {name: sdss_u, datatype: float64}
# - {name: sdss_g, datatype: float64}
# - {name: sdss_r, datatype: float64}
# - {name: sdss_i, datatype: float64}
# - {name: sdss_z, datatype: float64}
# - {name: PS1_g, datatype: float64}
# - {name: PS1_r, datatype: float64}
# - {name: PS1_i, datatype: float64}
# - {name: PS1_z, datatype: float64}
# - {name: PS1_Y, datatype: float64}
# - {name: PS1_w, datatype: float64}
# - {name: ATLAS_c, datatype: float64}
# - {name: ATLAS_o, datatype: float64}
# - {name: ukirt_J, datatype: float64}
# - {name: ukirt_H, datatype: float64}
# - {name: ukirt_K, datatype: float64}
# - {name: Clear, datatype: float64}
# meta: !!omap
# - comment: [kappa = 0.5, type = villar, mass = 0.11727632184323686, velocity = 0.24933333333333335, theta_obs = 0.0, tfloor = 2500.0]
# schema: astropy-2.0
time swift_uvot_uvw2 swift_uvot_uvm2 swift_uvot_uvw1 swift_uvot_U swift_uvot_B swift_uvot_V swift_uvot_W johnson_U johnson_B johnson_V johnson_R johnson_I sdss_u sdss_g sdss_r sdss_i sdss_z PS1_g PS1_r PS1_i PS1_z PS1_Y PS1_w ATLAS_c ATLAS_o ukirt_J ukirt_H ukirt_K Clear
[from data line 204]
0.436321 -17.466 -17.512 -17.519 -17.451 -17.262 -17.005 -17.406 -17.427 -17.258 -16.996 -16.692 -16.318 -17.433 -17.182 -16.834 -16.547 -16.263 -17.166 -16.852 -16.568 -16.363 -16.296 -16.864 -17.047 -16.715 -15.666 -15.161 -14.565 -16.914
0.449518 -17.425 -17.482 -17.498 -17.448 -17.269 -17.019 -17.389 -17.426 -17.265 -17.01 -16.711 -16.341 -17.432 -17.191 -16.851 -16.568 -16.287 -17.176 -16.869 -16.588 -16.385 -16.316 -16.879 -17.06 -16.734 -15.694 -15.192 -14.598 -16.928
0.463113 -17.381 -17.449 -17.475 -17.445 -17.275 -17.033 -17.371 -17.424 -17.271 -17.024 -16.73 -16.364 -17.43 -17.2 -16.868 -16.589 -16.31 -17.185 -16.884 -16.608 -16.406 -16.335 -16.894 -17.071 -16.752 -15.722 -15.222 -14.63 -16.941
0.47712 -17.336 -17.415 -17.449 -17.439 -17.28 -17.045 -17.352 -17.42 -17.276 -17.036 -16.748 -16.387 -17.426 -17.208 -16.884 -16.609 -16.334 -17.193 -16.9 -16.627 -16.427 -16.354 -16.908 -17.082 -16.769 -15.749 -15.252 -14.662 -16.953
0.49155 -17.287 -17.378 -17.422 -17.433 -17.284 -17.057 -17.331 -17.416 -17.28 -17.048 -16.765 -16.409 -17.421 -17.214 -16.899 -16.629 -16.356 -17.201 -16.914 -16.646 -16.448 -16.373 -16.922 -17.093 -16.786 -15.777 -15.282 -14.694 -16.965
0.506416 -17.237 -17.338 -17.393 -17.425 -17.287 -17.068 -17.308 -17.41 -17.283 -17.06 -16.782 -16.431 -17.415 -17.22 -16.913 -16.648 -16.379 -17.207 -16.928 -16.664 -16.468 -16.392 -16.934 -17.102 -16.803 -15.804 -15.311 -14.725 -16.976
0.521733 -17.183 -17.296 -17.362 -17.416 -17.289 -17.078 -17.285 -17.402 -17.285 -17.07 -16.798 -16.452 -17.407 -17.225 -16.927 -16.667 -16.401 -17.212 -16.942 -16.682 -16.488 -16.41 -16.946 -17.11 -16.819 -15.83 -15.341 -14.757 -16.986
0.537512 -17.127 -17.252 -17.328 -17.405 -17.289 -17.088 -17.259 -17.393 -17.286 -17.079 -16.813 -16.472 -17.398 -17.228 -16.94 -16.685 -16.422 -17.217 -16.954 -16.699 -16.507 -16.429 -16.957 -17.118 -16.834 -15.857 -15.37 -14.788 -16.995
0.553769 -17.069 -17.205 -17.293 -17.392 -17.289 -17.096 -17.233 -17.383 -17.285 -17.088 -16.828 -16.492 -17.387 -17.231 -16.953 -16.702 -16.443 -17.22 -16.966 -16.716 -16.526 -16.447 -16.967 -17.124 -16.848 -15.883 -15.398 -14.819 -17.004
0.570517 -17.007 -17.155 -17.255 -17.378 -17.287 -17.103 -17.204 -17.371 -17.284 -17.095 -16.842 -16.512 -17.375 -17.232 -16.964 -16.719 -16.463 -17.222 -16.977 -16.732 -16.544 -16.464 -16.977 -17.13 -16.861 -15.909 -15.427 -14.85 -17.011
0.587772 -16.943 -17.103 -17.215 -17.362 -17.284 -17.11 -17.175 -17.357 -17.281 -17.102 -16.855 -16.531 -17.361 -17.232 -16.975 -16.735 -16.483 -17.223 -16.987 -16.747 -16.562 -16.482 -16.985 -17.134 -16.874 -15.934 -15.455 -14.881 -17.018
0.605549 -16.875 -17.047 -17.173 -17.344 -17.279 -17.115 -17.143 -17.342 -17.276 -17.108 -16.868 -16.55 -17.345 -17.231 -16.985 -16.75 -16.502 -17.223 -16.997 -16.762 -16.58 -16.499 -16.993 -17.138 -16.886 -15.959 -15.483 -14.911 -17.023
0.623863 -16.805 -16.989 -17.128 -17.325 -17.273 -17.12 -17.11 -17.325 -17.27 -17.112 -16.879 -16.567 -17.327 -17.229 -16.994 -16.765 -16.521 -17.222 -17.005 -16.776 -16.597 -16.515 -17.0 -17.14 -16.897 -15.983 -15.511 -14.942 -17.028
0.642731 -16.732 -16.927 -17.08 -17.304 -17.266 -17.123 -17.075 -17.306 -17.263 -17.116 -16.89 -16.585 -17.308 -17.226 -17.002 -16.779 -16.539 -17.22 -17.013 -16.79 -16.613 -16.532 -17.006 -17.141 -16.908 -16.008 -15.538 -14.972 -17.032
0.66217 -16.655 -16.862 -17.03 -17.28 -17.257 -17.125 -17.039 -17.285 -17.255 -17.118 -16.9 -16.601 -17.287 -17.221 -17.009 -16.792 -16.557 -17.216 -17.019 -16.802 -16.629 -16.548 -17.01 -17.142 -16.917 -16.031 -15.566 -15.002 -17.035
0.682197 -16.575 -16.794 -16.977 -17.255 -17.247 -17.126 -17.001 -17.262 -17.245 -17.119 -16.909 -16.617 -17.264 -17.214 -17.015 -16.804 -16.574 -17.211 -17.025 -16.814 -16.644 -16.563 -17.014 -17.14 -16.926 -16.055 -15.592 -15.031 -17.036
0.70283 -16.492 -16.723 -16.922 -17.228 -17.235 -17.126 -16.962 -17.238 -17.233 -17.119 -16.917 -16.632 -17.239 -17.207 -17.02 -16.816 -16.59 -17.205 -17.03 -16.826 -16.659 -16.578 -17.017 -17.138 -16.934 -16.078 -15.619 -15.061 -17.037
0.724086 -16.405 -16.648 -16.863 -17.198 -17.222 -17.125 -16.92 -17.211 -17.219 -17.118 -16.925 -16.647 -17.211 -17.198 -17.024 -16.826 -16.606 -17.197 -17.034 -16.836 -16.672 -16.593 -17.019 -17.134 -16.94 -16.1 -15.645 -15.09 -17.036
0.745986 -16.315 -16.57 -16.802 -17.166 -17.207 -17.122 -16.877 -17.182 -17.204 -17.116 -16.931 -16.661 -17.182 -17.187 -17.027 -16.836 -16.621 -17.188 -17.036 -16.846 -16.686 -16.607 -17.019 -17.129 -16.946 -16.122 -15.671 -15.119 -17.035
0.768548 -16.221 -16.488 -16.738 -17.132 -17.19 -17.118 -16.832 -17.151 -17.188 -17.112 -16.936 -16.674 -17.15 -17.174 -17.029 -16.845 -16.635 -17.177 -17.038 -16.854 -16.698 -16.62 -17.018 -17.123 -16.951 -16.144 -15.696 -15.147 -17.032
0.791792 -16.123 -16.402 -16.67 -17.096 -17.171 -17.113 -16.786 -17.118 -17.169 -17.107 -16.941 -16.686 -17.116 -17.16 -17.029 -16.853 -16.648 -17.165 -17.038 -16.862 -16.71 -16.633 -17.017 -17.115 -16.955 -16.165 -15.721 -15.176 -17.028
0.815739 -16.022 -16.312 -16.6 -17.057 -17.151 -17.106 -16.737 -17.082 -17.149 -17.1 -16.944 -16.698 -17.08 -17.145 -17.029 -16.86 -16.661 -17.151 -17.037 -16.869 -16.721 -16.646 -17.014 -17.106 -16.957 -16.185 -15.746 -15.204 -17.022
0.840411 -15.917 -16.219 -16.526 -17.015 -17.128 -17.098 -16.687 -17.044 -17.126 -17.092 -16.946 -16.708 -17.041 -17.127 -17.027 -16.867 -16.673 -17.135 -17.035 -16.875 -16.732 -16.658 -17.009 -17.095 -16.959 -16.205 -15.77 -15.232 -17.016
0.865828 -15.808 -16.121 -16.449 -16.971 -17.103 -17.088 -16.635 -17.003 -17.102 -17.083 -16.947 -16.718 -16.999 -17.108 -17.023 -16.872 -16.684 -17.118 -17.032 -16.88 -16.741 -16.669 -17.004 -17.083 -16.959 -16.225 -15.794 -15.259 -17.008
0.892015 -15.696 -16.019 -16.369 -16.924 -17.077 -17.076 -16.582 -16.96 -17.075 -17.072 -16.946 -16.727 -16.955 -17.087 -17.019 -16.876 -16.694 -17.099 -17.027 -16.884 -16.75 -16.679 -16.996 -17.069 -16.958 -16.243 -15.818 -15.287 -16.998
0.918993 -15.579 -15.912 -16.284 -16.874 -17.048 -17.063 -16.526 -16.914 -17.047 -17.059 -16.945 -16.735 -16.908 -17.063 -17.013 -16.879 -16.703 -17.078 -17.021 -16.886 -16.757 -16.689 -16.988 -17.053 -16.956 -16.262 -15.841 -15.314 -16.987
0.946787 -15.458 -15.801 -16.197 -16.822 -17.017 -17.048 -16.468 -16.865 -17.016 -17.044 -16.942 -16.742 -16.859 -17.038 -17.005 -16.88 -16.712 -17.055 -17.013 -16.888 -16.764 -16.698 -16.978 -17.035 -16.952 -16.279 -15.864 -15.34 -16.975
0.975422 -15.333 -15.685 -16.105 -16.766 -16.983 -17.032 -16.409 -16.813 -16.983 -17.028 -16.938 -16.748 -16.806 -17.011 -16.997 -16.881 -16.719 -17.03 -17.004 -16.889 -16.77 -16.706 -16.967 -17.016 -16.947 -16.296 -15.886 -15.367 -16.962
1.004923 -15.204 -15.565 -16.01 -16.707 -16.948 -17.013 -16.347 -16.758 -16.947 -17.01 -16.932 -16.753 -16.75 -16.981 -16.986 -16.88 -16.725 -17.003 -16.994 -16.888 -16.775 -16.714 -16.954 -16.995 -16.941 -16.313 -15.907 -15.393 -16.946
1.035317 -15.07 -15.439 -15.911 -16.645 -16.909 -16.993 -16.284 -16.7 -16.909 -16.99 -16.925 -16.757 -16.691 -16.95 -16.974 -16.878 -16.731 -16.974 -16.982 -16.886 -16.779 -16.721 -16.94 -16.972 -16.933 -16.329 -15.929 -15.418 -16.929
1.066629 -14.933 -15.309 -15.808 -16.58 -16.868 -16.971 -16.218 -16.639 -16.868 -16.968 -16.917 -16.76 -16.629 -16.916 -16.96 -16.875 -16.735 -16.942 -16.968 -16.883 -16.782 -16.726 -16.923 -16.947 -16.924 -16.344 -15.949 -15.444 -16.911
1.098888 -14.791 -15.173 -15.701 -16.511 -16.825 -16.946 -16.151 -16.575 -16.825 -16.945 -16.907 -16.762 -16.564 -16.879 -16.944 -16.871 -16.738 -16.909 -16.952 -16.878 -16.783 -16.731 -16.906 -16.92 -16.913 -16.358 -15.97 -15.469 -16.891
1.132124 -14.645 -15.032 -15.589 -16.439 -16.779 -16.92 -16.081 -16.507 -16.779 -16.919 -16.895 -16.762 -16.495 -16.84 -16.927 -16.865 -16.741 -16.872 -16.935 -16.873 -16.784 -16.735 -16.886 -16.89 -16.9 -16.372 -15.989 -15.493 -16.869
1.166364 -14.495 -14.886 -15.473 -16.363 -16.73 -16.891 -16.01 -16.436 -16.731 -16.891 -16.882 -16.761 -16.422 -16.798 -16.908 -16.857 -16.742 -16.834 -16.916 -16.865 -16.783 -16.738 -16.865 -16.859 -16.886 -16.384 -16.008 -15.517 -16.846
1.20164 -14.34 -14.734 -15.353 -16.283 -16.678 -16.86 -15.936 -16.361 -16.679 -16.86 -16.867 -16.759 -16.346 -16.754 -16.887 -16.848 -16.741 -16.793 -16.895 -16.856 -16.781 -16.74 -16.842 -16.825 -16.87 -16.396 -16.027 -15.541 -16.82
1.237983 -14.182 -14.576 -15.228 -16.2 -16.622 -16.827 -15.86 -16.283 -16.624 -16.827 -16.851 -16.756 -16.266 -16.707 -16.864 -16.837 -16.74 -16.749 -16.872 -16.846 -16.778 -16.741 -16.817 -16.789 -16.853 -16.408 -16.045 -15.565 -16.793
1.275425 -14.019 -14.412 -15.099 -16.112 -16.564 -16.791 -15.782 -16.201 -16.567 -16.792 -16.832 -16.752 -16.182 -16.657 -16.838 -16.825 -16.737 -16.703 -16.847 -16.834 -16.774 -16.741 -16.79 -16.751 -16.833 -16.418 -16.062 -15.588 -16.764
1.313999 -13.853 -14.241 -14.965 -16.02 -16.503 -16.753 -15.701 -16.114 -16.506 -16.755 -16.812 -16.745 -16.094 -16.605 -16.811 -16.811 -16.733 -16.654 -16.82 -16.82 -16.768 -16.739 -16.761 -16.71 -16.812 -16.428 -16.079 -15.61 -16.733
1.35374 -13.683 -14.065 -14.826 -15.924 -16.438 -16.712 -15.619 -16.024 -16.442 -16.715 -16.79 -16.738 -16.002 -16.549 -16.781 -16.796 -16.727 -16.602 -16.79 -16.805 -16.761 -16.737 -16.729 -16.666 -16.789 -16.436 -16.095 -15.632 -16.7
1.394683 -13.51 -13.882 -14.683 -15.824 -16.37 -16.669 -15.533 -15.929 -16.374 -16.672 -16.765 -16.729 -15.906 -16.49 -16.749 -16.778 -16.72 -16.546 -16.759 -16.788 -16.752 -16.733 -16.696 -16.62 -16.763 -16.444 -16.111 -15.654 -16.665
1.436864 -13.334 -13.692 -14.534 -15.719 -16.298 -16.622 -15.446 -15.83 -16.303 -16.626 -16.739 -16.718 -15.805 -16.428 -16.715 -16.759 -16.712 -16.488 -16.724 -16.769 -16.742 -16.728 -16.661 -16.571 -16.736 -16.45 -16.125 -15.675 -16.628
1.480321 -13.155 -13.496 -14.38 -15.609 -16.223 -16.573 -15.356 -15.726 -16.228 -16.578 -16.711 -16.706 -15.699 -16.362 -16.678 -16.737 -16.701 -16.427 -16.688 -16.748 -16.73 -16.721 -16.623 -16.519 -16.706 -16.456 -16.14 -15.696 -16.589
1.525092 -12.974 -13.292 -14.221 -15.495 -16.143 -16.521 -15.263 -15.618 -16.149 -16.526 -16.68 -16.692 -15.589 -16.293 -16.639 -16.714 -16.69 -16.363 -16.649 -16.725 -16.716 -16.713 -16.583 -16.464 -16.674 -16.461 -16.153 -15.716 -16.548
1.571218 -12.792 -13.082 -14.057 -15.375 -16.06 -16.465 -15.168 -15.505 -16.067 -16.472 -16.647 -16.677 -15.473 -16.221 -16.597 -16.689 -16.676 -16.295 -16.608 -16.7 -16.701 -16.704 -16.541 -16.406 -16.64 -16.464 -16.165 -15.736 -16.504
1.618738 -12.608 -12.864 -13.887 -15.251 -15.973 -16.407 -15.07 -15.387 -15.98 -16.415 -16.612 -16.659 -15.353 -16.144 -16.552 -16.661 -16.661 -16.223 -16.563 -16.673 -16.684 -16.693 -16.496 -16.345 -16.603 -16.467 -16.177 -15.755 -16.458
1.667696 -12.425 -12.638 -13.712 -15.121 -15.881 -16.345 -14.97 -15.264 -15.89 -16.354 -16.574 -16.64 -15.228 -16.064 -16.504 -16.631 -16.644 -16.148 -16.516 -16.643 -16.665 -16.681 -16.448 -16.281 -16.564 -16.468 -16.188 -15.774 -16.41
1.718134 -12.243 -12.404 -13.532 -14.985 -15.785 -16.28 -14.867 -15.135 -15.795 -16.29 -16.534 -16.619 -15.097 -15.98 -16.454 -16.599 -16.626 -16.07 -16.466 -16.612 -16.644 -16.667 -16.399 -16.213 -16.522 -16.468 -16.198 -15.792 -16.36
1.770098 -12.062 -12.163 -13.346 -14.844 -15.685 -16.211 -14.761 -15.001 -15.696 -16.222 -16.491 -16.596 -14.96 -15.892 -16.4 -16.565 -16.605 -15.987 -16.414 -16.578 -16.622 -16.651 -16.346 -16.143 -16.478 -16.467 -16.208 -15.809 -16.307
1.823633 -11.885 -11.913 -13.154 -14.698 -15.58 -16.138 -14.652 -14.862 -15.592 -16.151 -16.445 -16.571 -14.818 -15.8 -16.344 -16.527 -16.582 -15.901 -16.358 -16.541 -16.597 -16.634 -16.29 -16.068 -16.431 -16.465 -16.216 -15.826 -16.252
1.878788 -11.712 -11.655 -12.957 -14.545 -15.471 -16.062 -14.54 -14.717 -15.484 -16.076 -16.397 -16.544 -14.67 -15.704 -16.284 -16.488 -16.558 -15.811 -16.299 -16.502 -16.57 -16.615 -16.232 -15.99 -16.381 -16.461 -16.224 -15.843 -16.194
1.93561 -11.545 -11.388 -12.754 -14.386 -15.356 -15.982 -14.425 -14.566 -15.371 -15.997 -16.345 -16.514 -14.516 -15.603 -16.221 -16.446 -16.531 -15.717 -16.236 -16.461 -16.541 -16.594 -16.171 -15.909 -16.328 -16.456 -16.23 -15.858 -16.134
1.994152 -11.384 -11.113 -12.545 -14.221 -15.237 -15.898 -14.307 -14.409 -15.253 -15.915 -16.291 -16.483 -14.356 -15.498 -16.154 -16.401 -16.502 -15.618 -16.171 -16.417 -16.51 -16.571 -16.107 -15.823 -16.272 -16.45 -16.236 -15.874 -16.071
2.054463 -11.232 -10.829 -12.331 -14.049 -15.112 -15.809 -14.185 -14.246 -15.13 -15.828 -16.234 -16.449 -14.189 -15.388 -16.084 -16.353 -16.47 -15.515 -16.101 -16.37 -16.476 -16.546 -16.04 -15.734 -16.213 -16.442 -16.24 -15.888 -16.006
2.116599 -11.089 -10.536 -12.111 -13.871 -14.983 -15.717 -14.061 -14.076 -15.002 -15.737 -16.174 -16.412 -14.016 -15.273 -16.01 -16.302 -16.437 -15.408 -16.029 -16.32 -16.44 -16.519 -15.97 -15.641 -16.151 -16.432 -16.244 -15.902 -15.938
2.180614 -10.956 -10.234 -11.886 -13.686 -14.847 -15.62 -13.933 -13.9 -14.868 -15.642 -16.11 -16.373 -13.836 -15.153 -15.932 -16.248 -16.401 -15.297 -15.952 -16.267 -16.401 -16.49 -15.897 -15.543 -16.085 -16.421 -16.247 -15.915 -15.867
2.246566 -10.832 -9.922 -11.655 -13.494 -14.706 -15.518 -13.802 -13.717 -14.729 -15.542 -16.043 -16.332 -13.649 -15.028 -15.85 -16.191 -16.362 -15.181 -15.872 -16.211 -16.36 -16.459 -15.82 -15.441 -16.016 -16.409 -16.248 -15.928 -15.794
2.314511 -10.719 -9.602 -11.418 -13.295 -14.559 -15.412 -13.667 -13.527 -14.585 -15.438 -15.973 -16.288 -13.454 -14.898 -15.765 -16.131 -16.321 -15.06 -15.788 -16.152 -16.316 -16.426 -15.74 -15.335 -15.944 -16.395 -16.248 -15.939 -15.719
2.384512 -10.616 -9.273 -11.176 -13.088 -14.407 -15.301 -13.529 -13.33 -14.434 -15.329 -15.899 -16.241 -13.253 -14.763 -15.675 -16.068 -16.277 -14.935 -15.7 -16.089 -16.27 -16.39 -15.656 -15.225 -15.868 -16.379 -16.247 -15.95 -15.64
2.45663 -10.523 -8.935 -10.929 -12.873 -14.248 -15.185 -13.387 -13.125 -14.278 -15.216 -15.822 -16.192 -13.044 -14.622 -15.581 -16.001 -16.23 -14.804 -15.608 -16.024 -16.22 -16.352 -15.57 -15.11 -15.789 -16.361 -16.245 -15.961 -15.559
2.530929 -10.439 -8.589 -10.677 -12.651 -14.083 -15.064 -13.241 -12.913 -14.115 -15.097 -15.741 -16.139 -12.826 -14.475 -15.483 -15.93 -16.181 -14.669 -15.512 -15.955 -16.168 -16.311 -15.479 -14.99 -15.705 -16.342 -16.242 -15.97 -15.475
2.607475 -10.363 -8.236 -10.419 -12.421 -13.911 -14.938 -13.092 -12.693 -13.947 -14.973 -15.656 -16.084 -12.601 -14.323 -15.38 -15.856 -16.129 -14.53 -15.411 -15.882 -16.113 -16.268 -15.385 -14.865 -15.618 -16.32 -16.238 -15.979 -15.389
2.686337 -10.294 -7.877 -10.156 -12.182 -13.733 -14.806 -12.939 -12.465 -13.771 -14.844 -15.567 -16.026 -12.368 -14.164 -15.272 -15.778 -16.073 -14.385 -15.306 -15.805 -16.054 -16.223 -15.287 -14.736 -15.527 -16.297 -16.232 -15.987 -15.3
2.767583 -10.23 -7.515 -9.889 -11.935 -13.548 -14.668 -12.782 -12.229 -13.59 -14.71 -15.474 -15.964 -12.126 -13.999 -15.16 -15.697 -16.015 -14.236 -15.197 -15.725 -15.993 -16.174 -15.185 -14.601 -15.432 -16.272 -16.225 -15.994 -15.208
2.851287 -10.173 -7.151 -9.617 -11.679 -13.356 -14.525 -12.621 -11.984 -13.401 -14.57 -15.377 -15.899 -11.876 -13.829 -15.042 -15.611 -15.953 -14.082 -15.083 -15.641 -15.928 -16.123 -15.079 -14.462 -15.332 -16.244 -16.216 -16.0 -15.114
2.937522 -10.119 -6.791 -9.34 -11.414 -13.157 -14.376 -12.456 -11.731 -13.206 -14.425 -15.276 -15.831 -11.617 -13.651 -14.92 -15.521 -15.888 -13.924 -14.964 -15.554 -15.86 -16.069 -14.969 -14.317 -15.229 -16.215 -16.206 -16.006 -15.017
3.026365 -10.069 -6.44 -9.059 -11.14 -12.951 -14.222 -12.287 -11.469 -13.004 -14.273 -15.171 -15.76 -11.348 -13.467 -14.793 -15.427 -15.82 -13.761 -14.841 -15.462 -15.788 -16.012 -14.855 -14.166 -15.12 -16.183 -16.195 -16.01 -14.917
