web/models/kne.last_good/kappa_0.5_3.0.v1/9/villar_0.0065_0.2337_3.0000.dat
# %ECSV 1.0
# ---
# datatype:
# - {name: time, datatype: float64}
# - {name: swift_uvot_uvw2, datatype: float64}
# - {name: swift_uvot_uvm2, datatype: float64}
# - {name: swift_uvot_uvw1, datatype: float64}
# - {name: swift_uvot_U, datatype: float64}
# - {name: swift_uvot_B, datatype: float64}
# - {name: swift_uvot_V, datatype: float64}
# - {name: swift_uvot_W, datatype: float64}
# - {name: johnson_U, datatype: float64}
# - {name: johnson_B, datatype: float64}
# - {name: johnson_V, datatype: float64}
# - {name: johnson_R, datatype: float64}
# - {name: johnson_I, datatype: float64}
# - {name: sdss_u, datatype: float64}
# - {name: sdss_g, datatype: float64}
# - {name: sdss_r, datatype: float64}
# - {name: sdss_i, datatype: float64}
# - {name: sdss_z, datatype: float64}
# - {name: PS1_g, datatype: float64}
# - {name: PS1_r, datatype: float64}
# - {name: PS1_i, datatype: float64}
# - {name: PS1_z, datatype: float64}
# - {name: PS1_Y, datatype: float64}
# - {name: PS1_w, datatype: float64}
# - {name: ATLAS_c, datatype: float64}
# - {name: ATLAS_o, datatype: float64}
# - {name: ukirt_J, datatype: float64}
# - {name: ukirt_H, datatype: float64}
# - {name: ukirt_K, datatype: float64}
# - {name: Clear, datatype: float64}
# meta: !!omap
# - comment: [kappa = 3.0, type = villar, mass = 0.006451950121499907, velocity = 0.2336666666666667, theta_obs = 0.0]
# schema: astropy-2.0
time swift_uvot_uvw2 swift_uvot_uvm2 swift_uvot_uvw1 swift_uvot_U swift_uvot_B swift_uvot_V swift_uvot_W johnson_U johnson_B johnson_V johnson_R johnson_I sdss_u sdss_g sdss_r sdss_i sdss_z PS1_g PS1_r PS1_i PS1_z PS1_Y PS1_w ATLAS_c ATLAS_o ukirt_J ukirt_H ukirt_K Clear
[from data line 289]
5.491942 0.903 6.119 13.641 15.428 9.602 5.472 3.113 14.432 8.98 4.964 1.095 -1.396 15.022 7.666 3.179 0.539 -1.447 -0.364 -0.214 -0.654 -1.607 -2.961 1.646 4.673 1.344 -4.087 -5.461 -6.376 -2.172
5.658042 1.452 6.667 14.19 15.977 10.151 6.021 3.662 14.981 9.529 5.513 1.643 -0.847 15.57 8.215 3.727 1.088 -0.898 0.185 0.334 -0.106 -1.058 -2.412 2.194 5.222 1.893 -3.539 -4.913 -5.827 -1.623
5.829166 2.034 7.25 14.772 16.559 10.733 6.603 4.244 15.563 10.111 6.095 2.226 -0.265 16.153 8.797 4.31 1.67 -0.316 0.767 0.917 0.477 -0.476 -1.83 2.777 5.804 2.475 -2.956 -4.331 -5.245 -1.041
6.005465 2.652 7.868 15.39 17.177 11.351 7.221 4.863 16.181 10.729 6.713 2.844 0.353 16.771 9.415 4.928 2.288 0.302 1.385 1.535 1.095 0.142 -1.212 3.395 6.422 3.093 -2.338 -3.712 -4.627 -0.423
6.187096 3.308 8.524 16.046 17.833 12.007 7.877 5.519 16.837 11.385 7.369 3.5 1.009 17.427 10.071 5.584 2.945 0.958 2.041 2.191 1.751 0.798 -0.556 4.051 7.078 3.749 -1.682 -3.056 -3.971 0.233
6.37422 4.004 9.22 16.742 18.53 12.704 8.574 6.215 17.533 12.082 8.066 4.196 1.706 18.123 10.768 6.28 3.641 1.655 2.738 2.887 2.447 1.495 0.14 4.747 7.775 4.446 -0.986 -2.36 -3.274 0.929
6.567004 4.743 9.959 17.481 19.269 13.443 9.313 6.954 18.272 12.821 8.805 4.935 2.445 18.862 11.507 7.019 4.38 2.394 3.477 3.626 3.186 2.234 0.879 5.486 8.514 5.185 -0.247 -1.621 -2.535 1.669
6.765619 5.528 10.744 18.266 20.053 14.227 10.097 7.738 19.057 13.605 9.589 5.72 3.229 19.647 12.291 7.804 5.164 3.178 4.261 4.411 3.971 3.018 1.664 6.271 9.298 5.969 0.538 -0.837 -1.751 2.453
6.97024 6.361 11.576 19.099 20.886 15.06 10.93 8.571 19.89 14.438 10.422 6.552 4.062 20.479 13.124 8.636 5.997 4.011 5.094 5.243 4.803 3.851 2.497 7.103 10.131 6.802 1.37 -0.004 -0.918 3.286
7.181051 7.244 12.46 19.982 21.769 15.943 11.814 9.455 20.773 15.322 11.306 7.436 4.946 21.363 14.008 9.52 6.881 4.894 5.978 6.127 5.687 4.734 3.38 7.987 11.015 7.686 2.254 0.88 -0.035 4.169
7.398237 8.182 13.398 20.92 22.707 16.881 12.752 10.393 21.711 16.26 12.244 8.374 5.884 22.301 14.946 10.458 7.819 5.832 6.916 7.065 6.625 5.672 4.318 8.925 11.953 8.624 3.192 1.818 0.903 5.107
7.621991 9.178 14.394 21.916 23.703 17.877 13.747 11.388 22.707 17.255 13.239 9.37 6.879 23.297 15.941 11.454 8.814 6.828 7.911 8.061 7.621 6.668 5.314 9.921 12.948 9.619 4.188 2.813 1.899 6.103
7.852513 10.235 15.45 22.973 24.76 18.934 14.804 12.445 23.764 18.312 14.296 10.426 7.936 24.353 16.998 12.51 9.871 7.885 8.968 9.118 8.678 7.725 6.371 10.977 14.005 10.676 5.244 3.87 2.956 7.16
8.090007 11.356 16.572 24.094 25.881 20.055 15.926 13.567 24.885 19.434 15.418 11.548 9.058 25.475 18.12 13.632 10.993 9.007 10.09 10.239 9.799 8.846 7.492 12.099 15.127 11.798 6.366 4.992 4.077 8.281
8.334684 12.547 17.762 25.285 27.072 21.246 17.116 14.757 26.076 20.624 16.608 12.739 10.248 26.666 19.31 14.823 12.183 10.197 11.28 11.43 10.99 10.037 8.683 13.289 16.317 12.988 7.556 6.182 5.268 9.472
8.586761 13.81 19.026 26.548 28.336 22.51 18.38 16.021 27.339 21.888 17.872 14.002 11.512 27.929 20.574 16.086 13.447 11.461 12.544 12.693 12.253 11.301 9.946 14.553 17.581 14.252 8.82 7.446 6.532 10.736
8.846461 15.152 20.367 27.89 29.677 23.851 19.721 17.362 28.681 23.229 19.213 15.343 12.853 29.27 21.915 17.427 14.788 12.802 13.885 14.035 13.595 12.642 11.288 15.894 18.922 15.593 10.161 8.787 7.873 12.077
9.114017 16.575 21.791 29.313 31.1 25.274 21.145 18.786 30.104 24.652 20.636 16.767 14.277 30.694 23.338 18.851 16.212 14.225 15.308 15.458 15.018 14.065 12.711 17.318 20.346 17.016 11.585 10.211 9.296 13.5
9.389664 18.086 23.302 30.824 32.611 26.785 22.656 20.297 31.615 26.163 22.147 18.278 15.788 32.205 24.849 20.362 17.723 15.736 16.819 16.969 16.529 15.576 14.222 18.829 21.857 18.527 13.096 11.722 10.807 15.011
9.673648 19.69 24.906 32.428 34.215 28.389 24.259 21.9 33.219 27.767 23.751 19.882 17.391 33.809 26.453 21.966 19.326 17.34 18.423 18.573 18.133 17.18 15.826 20.433 23.46 20.131 14.7 13.325 12.411 16.615
9.966221 21.392 26.608 34.13 35.917 30.091 25.962 23.603 34.921 29.469 25.453 21.584 19.094 35.511 28.155 23.668 21.029 19.042 20.125 20.275 19.835 18.882 17.528 22.135 25.162 21.833 16.402 15.028 14.113 18.317
10.267642 23.199 28.415 35.937 37.724 31.898 27.768 25.409 36.728 31.276 27.26 23.391 20.9 37.318 29.962 25.475 22.835 20.849 21.932 22.082 21.642 20.689 19.335 23.942 26.969 23.64 18.208 16.834 15.92 20.124
10.57818 25.117 30.332 37.855 39.642 33.816 29.686 27.327 38.646 33.194 29.178 25.308 22.818 39.235 31.88 27.392 24.753 22.767 23.85 23.999 23.559 22.607 21.253 25.859 28.887 25.558 20.126 18.752 17.838 22.042
10.89811 27.152 32.368 39.89 41.677 35.851 31.721 29.363 40.681 35.229 31.213 27.344 24.853 41.271 33.915 29.428 26.788 24.802 25.885 26.035 25.595 24.642 23.288 27.895 30.922 27.593 22.162 20.788 19.873 24.077
11.227716 29.312 34.528 42.05 43.838 38.012 33.882 31.523 42.841 37.39 33.374 29.504 27.014 43.431 36.076 31.588 28.949 26.963 28.046 28.195 27.755 26.803 25.448 30.055 33.083 29.754 24.322 22.948 22.034 26.237
11.56729 31.605 36.821 44.343 46.131 40.305 36.175 33.816 45.135 39.683 35.667 31.797 29.307 45.724 38.369 33.881 31.242 29.256 30.339 30.488 30.048 29.096 27.742 32.348 35.376 32.047 26.615 25.241 24.327 28.531
11.917135 34.039 39.255 46.777 48.565 42.739 38.609 36.25 47.568 42.117 38.101 34.231 31.741 48.158 40.803 36.315 33.676 31.69 32.773 32.922 32.482 31.53 30.175 34.782 37.81 34.481 29.049 27.675 26.761 30.964
12.277561 36.623 41.838 49.361 51.148 45.322 41.192 38.833 50.152 44.7 40.684 36.815 34.324 50.741 43.386 38.898 36.259 34.273 35.356 35.506 35.066 34.113 32.759 37.365 40.393 37.064 31.632 30.258 29.344 33.548
12.648887 39.365 44.58 52.103 53.89 48.064 43.934 41.575 52.894 47.442 43.426 39.556 37.066 53.483 46.128 41.64 39.001 37.015 38.098 38.248 37.808 36.855 35.501 40.107 43.135 39.806 34.374 33.0 32.086 36.29
13.031444 42.275 47.491 55.013 56.8 50.974 46.844 44.485 55.804 50.352 46.336 42.467 39.976 56.394 49.038 44.551 41.911 39.925 41.008 41.158 40.718 39.765 38.411 43.018 46.045 42.716 37.285 35.911 34.996 39.2
13.425571 45.364 50.58 58.102 59.889 54.063 49.933 47.575 58.893 53.441 49.425 45.556 43.065 59.483 52.127 47.64 45.0 43.014 44.097 44.247 43.807 42.854 41.5 46.107 49.134 45.805 40.374 39.0 38.085 42.289
13.831619 48.643 53.858 61.381 63.168 57.342 53.212 50.853 62.172 56.72 52.704 48.835 46.344 62.761 55.406 50.918 48.279 46.293 47.376 47.526 47.086 46.133 44.779 49.385 52.413 49.084 43.652 42.278 41.364 45.568
14.249947 52.123 57.338 64.861 66.648 60.822 56.692 54.333 65.652 60.2 56.184 52.315 49.824 66.241 58.886 54.398 51.759 49.773 50.856 51.006 50.566 49.613 48.259 52.865 55.893 52.564 47.132 45.758 44.844 49.048
14.680926 55.816 61.032 68.554 70.342 64.516 60.386 58.027 69.345 63.894 59.878 56.008 53.518 69.935 62.58 58.092 55.453 53.467 54.55 54.699 54.259 53.307 51.952 56.559 59.587 56.258 50.826 49.452 48.538 52.741
15.124941 59.737 64.953 72.475 74.262 68.436 64.306 61.947 73.266 67.814 63.798 59.929 57.438 73.856 66.5 62.013 59.373 57.387 58.47 58.62 58.18 57.227 55.873 60.48 63.507 60.178 54.747 53.372 52.458 56.662
15.582385 63.898 69.114 76.636 78.423 72.597 68.468 66.109 77.427 71.975 67.959 64.09 61.6 78.017 70.661 66.174 63.535 61.548 62.631 62.781 62.341 61.388 60.034 64.641 67.669 64.339 58.908 57.534 56.619 60.823
16.053663 68.315 73.531 81.053 82.84 77.014 72.884 70.525 81.844 76.392 72.376 68.507 66.016 82.434 75.078 70.591 67.951 65.965 67.048 67.198 66.758 65.805 64.451 69.058 72.085 68.756 63.325 61.95 61.036 65.24
16.539195 73.003 78.219 85.741 87.528 81.702 77.572 75.213 86.532 81.08 77.064 73.195 70.704 87.122 79.766 75.279 72.639 70.653 71.736 71.886 71.446 70.493 69.139 73.746 76.773 73.444 68.012 66.638 65.724 69.928
17.039412 77.979 83.194 90.717 92.504 86.678 82.548 80.189 91.508 86.056 82.04 78.171 75.68 92.097 84.742 80.254 77.615 75.629 76.712 76.862 76.422 75.469 74.115 78.721 81.749 78.42 72.988 71.614 70.7 74.904
17.554757 83.26 88.476 95.998 97.785 91.959 87.829 85.471 96.789 91.337 87.321 83.452 80.961 97.379 90.023 85.536 82.897 80.91 81.993 82.143 81.703 80.75 79.396 84.003 87.03 83.701 78.27 76.896 75.981 80.185
18.085689 88.866 94.081 101.604 103.391 97.565 93.435 91.076 102.395 96.943 92.927 89.057 86.567 102.984 95.629 91.141 88.502 86.516 87.599 87.749 87.309 86.356 85.002 89.608 92.636 89.307 83.875 82.501 81.587 85.791
18.632678 94.816 100.031 107.554 109.341 103.515 99.385 97.026 108.345 102.893 98.877 95.007 92.517 108.934 101.579 97.091 94.452 92.466 93.549 93.698 93.258 92.306 90.952 95.558 98.586 95.257 89.825 88.451 87.537 91.741
19.196211 101.131 106.346 113.869 115.656 109.83 105.7 103.341 114.66 109.208 105.192 101.323 98.832 115.249 107.894 103.406 100.767 98.781 99.864 100.014 99.574 98.621 97.267 101.873 104.901 101.572 96.14 94.766 93.852 98.056
19.776787 107.834 113.049 120.572 122.359 116.533 112.403 110.044 121.363 115.911 111.895 108.025 105.535 121.952 114.597 110.109 107.47 105.484 106.567 106.717 106.277 105.324 103.97 108.576 111.604 108.275 102.843 101.469 100.555 104.759
20.374923 114.948 120.164 127.686 129.473 123.647 119.518 117.159 128.477 123.026 119.009 115.14 112.65 129.067 121.711 117.224 114.585 112.598 113.681 113.831 113.391 112.438 111.084 115.691 118.719 115.389 109.958 108.584 107.669 111.873
20.991149 122.5 127.715 135.238 137.025 131.199 127.069 124.71 136.029 130.577 126.561 122.691 120.201 136.618 129.263 124.775 122.136 120.15 121.233 121.383 120.942 119.99 118.636 123.242 126.27 122.941 117.509 116.135 115.221 119.425
21.626011 130.515 135.73 143.253 145.04 139.214 135.084 132.725 144.044 138.592 134.576 130.707 128.216 144.633 137.278 132.79 130.151 128.165 129.248 129.398 128.958 128.005 126.651 131.257 134.285 130.956 125.524 124.15 123.236 127.44
22.280075 139.022 144.238 151.76 153.547 147.721 143.591 141.232 152.551 147.099 143.083 139.214 136.723 153.141 145.785 141.298 138.658 136.672 137.755 137.905 137.465 136.512 135.158 139.765 142.792 139.463 134.032 132.657 131.743 135.947
22.953921 148.052 153.267 160.79 162.577 156.751 152.621 150.262 161.581 156.129 152.113 148.243 145.753 162.17 154.815 150.327 147.688 145.702 146.785 146.934 146.494 145.542 144.188 148.794 151.822 148.493 143.061 141.687 140.773 144.977
23.648147 157.636 162.851 170.374 172.161 166.335 162.205 159.846 171.165 165.713 161.697 157.827 155.337 171.754 164.399 159.911 157.272 155.286 156.369 156.518 156.078 155.126 153.772 158.378 161.406 158.077 152.645 151.271 150.357 154.561
24.363369 167.808 173.024 180.546 182.333 176.507 172.378 170.019 181.337 175.885 171.869 168.0 165.51 181.927 174.571 170.084 167.445 165.458 166.541 166.691 166.251 165.298 163.944 168.551 171.579 168.249 162.818 161.444 160.529 164.733
25.100222 178.605 183.821 191.343 193.13 187.304 183.175 180.816 192.134 186.683 182.667 178.797 176.307 192.724 185.369 180.881 178.242 176.256 177.339 177.488 177.048 176.096 174.741 179.348 182.376 179.047 173.615 172.241 171.327 175.53
25.859362 190.065 195.281 202.803 204.591 198.765 194.635 192.276 203.595 198.143 194.127 190.257 187.767 204.184 196.829 192.341 189.702 187.716 188.799 188.948 188.508 187.556 186.202 190.808 193.836 190.507 185.075 183.701 182.787 186.991
26.64146 202.229 207.445 214.967 216.755 210.928 206.799 204.44 215.758 210.307 206.291 202.421 199.931 216.348 208.993 204.505 201.866 199.88 200.963 201.112 200.672 199.72 198.365 202.972 206.0 202.671 197.239 195.865 194.951 199.154
27.447213 215.14 220.356 227.878 229.665 223.839 219.71 217.351 228.669 223.217 219.201 215.332 212.842 229.259 221.903 217.416 214.777 212.79 213.873 214.023 213.583 212.63 211.276 215.883 218.91 215.581 210.15 208.776 207.861 212.065
28.277335 228.844 234.059 241.582 243.369 237.543 233.413 231.054 242.373 236.921 232.905 229.035 226.545 242.962 235.607 231.119 228.48 226.494 227.577 227.727 227.286 226.334 224.98 229.586 232.614 229.285 223.853 222.479 221.565 225.769
29.132564 243.389 248.604 256.127 257.914 252.088 247.958 245.599 256.918 251.466 247.45 243.58 241.09 257.507 250.152 245.664 243.025 241.039 242.122 242.271 241.831 240.879 239.525 244.131 247.159 243.83 238.398 237.024 236.11 240.314
30.013659 258.827 264.042 271.565 273.352 267.526 263.396 261.037 272.356 266.904 262.888 259.018 256.528 272.945 265.59 261.102 258.463 256.477 257.56 257.71 257.27 256.317 254.963 259.569 262.597 259.268 253.836 252.462 251.548 255.752
30.921401 275.213 280.428 287.951 289.738 283.912 279.782 277.423 288.742 283.29 279.274 275.405 272.914 289.331 281.976 277.488 274.849 272.863 273.946 274.096 273.656 272.703 271.349 275.955 278.983 275.654 270.222 268.848 267.934 272.138
31.856598 292.605 297.82 305.343 307.13 301.304 297.174 294.815 306.134 300.682 296.666 292.797 290.306 306.724 299.368 294.881 292.241 290.255 291.338 291.488 291.048 290.095 288.741 293.348 296.375 293.046 287.614 286.24 285.326 289.53
32.820079 311.065 316.281 323.803 325.59 319.764 315.634 313.276 324.594 319.142 315.126 311.257 308.766 325.184 317.828 313.341 310.701 308.715 309.798 309.948 309.508 308.555 307.201 311.808 314.835 311.506 306.075 304.701 303.786 307.99
33.8127 330.659 335.874 343.397 345.184 339.358 335.228 332.869 344.188 338.736 334.72 330.85 328.36 344.777 337.422 332.934 330.295 328.309 329.392 329.541 329.101 328.149 326.795 331.401 334.429 331.1 325.668 324.294 323.38 327.584
34.835342 351.455 356.671 364.193 365.98 360.154 356.025 353.666 364.984 359.533 355.517 351.647 349.157 365.574 358.219 353.731 351.092 349.106 350.189 350.338 349.898 348.946 347.591 352.198 355.226 351.897 346.465 345.091 344.177 348.38
35.888913 373.529 378.745 386.267 388.054 382.228 378.099 375.74 387.058 381.606 377.59 373.721 371.23 387.648 380.292 375.805 373.166 371.179 372.262 372.412 371.972 371.019 369.665 374.272 377.299 373.97 368.539 367.165 366.25 370.454
36.974349 396.958 402.174 409.696 411.483 405.657 401.528 399.169 410.487 405.036 401.019 397.15 394.66 411.077 403.721 399.234 396.595 394.608 395.691 395.841 395.401 394.448 393.094 397.701 400.729 397.399 391.968 390.594 389.679 393.883
38.092613 421.826 427.042 434.564 436.351 430.525 426.395 424.037 435.355 429.903 425.887 422.018 419.527 435.945 428.589 424.102 421.462 419.476 420.559 420.709 420.269 419.316 417.962 422.569 425.596 422.267 416.836 415.462 414.547 418.751
39.244698 448.221 453.436 460.959 462.746 456.92 452.79 450.431 461.75 456.298 452.282 448.413 445.922 462.339 454.984 450.496 447.857 445.871 446.954 447.104 446.664 445.711 444.357 448.963 451.991 448.662 443.23 441.856 440.942 445.146
40.431627 476.236 481.452 488.974 490.761 484.935 480.806 478.447 489.765 484.313 480.297 476.428 473.938 490.355 482.999 478.512 475.873 473.886 474.969 475.119 474.679 473.726 472.372 476.979 480.006 476.677 471.246 469.872 468.957 473.161
41.654454 505.972 511.187 518.71 520.497 514.671 510.541 508.182 519.501 514.049 510.033 506.164 503.673 520.091 512.735 508.248 505.608 503.622 504.705 504.855 504.415 503.462 502.108 506.715 509.742 506.413 500.981 499.607 498.693 502.897
42.914265 537.533 542.749 550.271 552.059 546.233 542.103 539.744 551.062 545.611 541.595 537.725 535.235 551.652 544.297 539.809 537.17 535.184 536.267 536.416 535.976 535.024 533.669 538.276 541.304 537.975 532.543 531.169 530.255 534.458
44.212178 571.033 576.249 583.771 585.558 579.732 575.602 573.243 584.562 579.11 575.094 571.225 568.734 585.152 577.796 573.309 570.669 568.683 569.766 569.916 569.476 568.523 567.169 571.776 574.803 571.474 566.043 564.669 563.754 567.958
45.549345 606.589 611.805 619.327 621.115 615.289 611.159 608.8 620.119 614.667 610.651 606.781 604.291 620.708 613.353 608.865 606.226 604.24 605.323 605.472 605.032 604.08 602.726 607.332 610.36 607.031 601.599 600.225 599.311 603.515
