web/models/kne.last_good/kappa_0.5_3.0.v1/9/villar_0.0098_0.4060_0.5000.dat
# %ECSV 1.0
# ---
# datatype:
# - {name: time, datatype: float64}
# - {name: swift_uvot_uvw2, datatype: float64}
# - {name: swift_uvot_uvm2, datatype: float64}
# - {name: swift_uvot_uvw1, datatype: float64}
# - {name: swift_uvot_U, datatype: float64}
# - {name: swift_uvot_B, datatype: float64}
# - {name: swift_uvot_V, datatype: float64}
# - {name: swift_uvot_W, datatype: float64}
# - {name: johnson_U, datatype: float64}
# - {name: johnson_B, datatype: float64}
# - {name: johnson_V, datatype: float64}
# - {name: johnson_R, datatype: float64}
# - {name: johnson_I, datatype: float64}
# - {name: sdss_u, datatype: float64}
# - {name: sdss_g, datatype: float64}
# - {name: sdss_r, datatype: float64}
# - {name: sdss_i, datatype: float64}
# - {name: sdss_z, datatype: float64}
# - {name: PS1_g, datatype: float64}
# - {name: PS1_r, datatype: float64}
# - {name: PS1_i, datatype: float64}
# - {name: PS1_z, datatype: float64}
# - {name: PS1_Y, datatype: float64}
# - {name: PS1_w, datatype: float64}
# - {name: ATLAS_c, datatype: float64}
# - {name: ATLAS_o, datatype: float64}
# - {name: ukirt_J, datatype: float64}
# - {name: ukirt_H, datatype: float64}
# - {name: ukirt_K, datatype: float64}
# - {name: Clear, datatype: float64}
# meta: !!omap
# - comment: [kappa = 0.5, type = villar, mass = 0.009763877790252312, velocity = 0.406, theta_obs = 0.0]
# schema: astropy-2.0
time swift_uvot_uvw2 swift_uvot_uvm2 swift_uvot_uvw1 swift_uvot_U swift_uvot_B swift_uvot_V swift_uvot_W johnson_U johnson_B johnson_V johnson_R johnson_I sdss_u sdss_g sdss_r sdss_i sdss_z PS1_g PS1_r PS1_i PS1_z PS1_Y PS1_w ATLAS_c ATLAS_o ukirt_J ukirt_H ukirt_K Clear
[from data line 287]
5.174227 47.998 53.214 76.449 87.015 75.186 67.198 50.266 84.971 72.9 65.149 56.792 51.806 86.286 71.131 62.283 56.763 52.298 46.732 46.937 46.916 46.5 44.755 58.001 64.553 57.736 46.571 43.071 40.445 44.969
5.330718 51.353 56.569 79.803 90.37 78.541 70.553 53.621 88.326 76.255 68.504 60.147 55.16 89.64 74.486 65.638 60.118 55.653 50.087 50.292 50.271 49.855 48.109 61.356 67.908 61.091 49.926 46.426 43.8 48.323
5.491942 54.914 60.129 83.364 93.93 82.102 74.113 57.182 91.887 79.816 72.065 63.708 58.721 93.201 78.047 69.199 63.679 59.214 53.648 53.853 53.831 53.416 51.67 64.917 71.469 64.652 53.487 49.986 47.361 51.884
5.658042 58.693 63.909 87.144 97.71 85.881 77.893 60.962 95.667 83.596 75.844 67.488 62.501 96.981 81.826 72.979 67.459 62.993 57.428 57.632 57.611 57.196 55.45 68.697 75.248 68.431 57.267 53.766 51.14 55.664
5.829166 62.705 67.921 91.155 101.722 89.893 81.905 64.973 99.678 87.607 79.856 71.499 66.512 100.992 85.838 76.99 71.47 67.005 61.439 61.644 61.623 61.207 59.461 72.708 79.26 72.443 61.278 57.778 55.152 59.675
6.005465 66.963 72.178 95.413 105.979 94.151 86.163 69.231 103.936 91.865 84.114 75.757 70.77 105.25 90.096 81.248 75.728 71.263 65.697 65.902 65.88 65.465 63.719 76.966 83.518 76.701 65.536 62.036 59.41 63.933
6.187096 71.482 76.698 99.933 110.499 98.67 90.682 73.751 108.456 96.384 88.633 80.277 75.29 109.77 94.615 85.767 80.248 75.782 70.217 70.421 70.4 69.985 68.239 81.486 88.037 81.22 70.056 66.555 63.929 68.453
6.37422 76.279 81.495 104.73 115.296 103.467 95.479 78.547 113.253 101.181 93.43 85.073 80.087 114.567 99.412 90.564 85.044 80.579 75.013 75.218 75.197 74.781 73.036 86.282 92.834 86.017 74.852 71.352 68.726 73.25
6.567004 81.37 86.586 109.821 120.387 108.558 100.57 83.639 118.344 106.273 98.521 90.165 85.178 119.658 104.503 95.656 90.136 85.67 80.105 80.31 80.288 79.873 78.127 91.374 97.925 91.109 79.944 76.443 73.817 78.341
6.765619 86.775 91.99 115.225 125.791 113.963 105.974 89.043 123.748 111.677 103.925 95.569 90.582 125.062 109.908 101.06 95.54 91.074 85.509 85.714 85.692 85.277 83.531 96.778 103.329 96.513 85.348 81.847 79.221 83.745
6.97024 92.51 97.726 120.961 131.527 119.698 111.71 94.779 129.484 117.413 109.661 101.305 96.318 130.798 115.643 106.796 101.276 96.81 91.245 91.45 91.428 91.013 89.267 102.514 109.065 102.249 91.084 87.583 84.957 89.481
7.181051 98.598 103.814 127.049 137.615 125.786 117.798 100.867 135.572 123.501 115.749 107.393 102.406 136.886 121.731 112.884 107.364 102.898 97.333 97.538 97.516 97.101 95.355 108.602 115.153 108.337 97.172 93.671 91.045 95.569
7.398237 105.06 110.276 133.511 144.077 132.248 124.26 107.329 142.034 129.963 122.211 113.855 108.868 143.348 128.193 119.346 113.826 109.36 103.795 104.0 103.978 103.563 101.817 115.064 121.615 114.799 103.634 100.133 97.507 102.031
7.621991 111.919 117.135 140.37 150.936 139.107 131.119 114.187 148.893 136.821 129.07 120.713 115.727 150.207 135.052 126.204 120.685 116.219 110.653 110.858 110.837 110.421 108.676 121.922 128.474 121.657 110.492 106.992 104.366 108.89
7.852513 119.199 124.415 147.649 158.216 146.387 138.399 121.467 156.172 144.101 136.35 127.993 123.006 157.486 142.332 133.484 127.964 123.499 117.933 118.138 118.117 117.701 115.955 129.202 135.754 128.937 117.772 114.272 111.646 116.169
8.090007 126.926 132.141 155.376 165.942 154.114 146.125 129.194 163.899 151.828 144.077 135.72 130.733 165.213 150.059 141.211 135.691 131.226 125.66 125.865 125.843 125.428 123.682 136.929 143.481 136.664 125.499 121.998 119.373 123.896
8.334684 135.127 140.343 163.578 174.144 162.315 154.327 137.395 172.101 160.029 152.278 143.921 138.935 173.415 158.26 149.412 143.892 139.427 133.861 134.066 134.045 133.629 131.884 145.13 151.682 144.865 133.7 130.2 127.574 132.098
8.586761 143.832 149.048 172.282 182.849 171.02 163.032 146.1 180.805 168.734 160.983 152.626 147.639 182.119 166.965 158.117 152.597 148.132 142.566 142.771 142.75 142.334 140.588 153.835 160.387 153.57 142.405 138.905 136.279 140.803
8.846461 153.071 158.287 181.522 192.088 180.259 172.271 155.34 190.045 177.974 170.222 161.866 156.879 191.359 176.204 167.357 161.837 157.371 151.806 152.01 151.989 151.574 149.828 163.075 169.626 162.809 151.645 148.144 145.518 150.042
9.114017 162.878 168.094 191.329 201.895 190.066 182.078 165.146 199.852 187.78 180.029 171.672 166.686 201.166 186.011 177.163 171.643 167.178 161.612 161.817 161.796 161.38 159.635 172.881 179.433 172.616 161.451 157.951 155.325 159.849
9.389664 173.287 178.503 201.737 212.304 200.475 192.487 175.555 210.26 198.189 190.438 182.081 177.094 211.574 196.42 187.572 182.052 177.587 172.021 172.226 172.205 171.789 170.043 183.29 189.842 183.025 171.86 168.36 165.734 170.258
9.673648 184.335 189.551 212.786 223.352 211.523 203.535 186.603 221.308 209.237 201.486 193.129 188.143 222.622 207.468 198.62 193.1 188.635 183.069 183.274 183.253 182.837 181.091 194.338 200.89 194.073 182.908 179.408 176.782 181.306
9.966221 196.061 201.277 224.512 235.078 223.249 215.261 198.33 233.035 220.964 213.212 204.856 199.869 234.349 219.194 210.347 204.827 200.361 194.796 195.001 194.979 194.564 192.818 206.065 212.616 205.8 194.635 191.134 188.508 193.032
10.267642 208.508 213.724 236.958 247.524 235.696 227.708 210.776 245.481 233.41 225.659 217.302 212.315 246.795 231.641 222.793 217.273 212.808 207.242 207.447 207.426 207.01 205.264 218.511 225.063 218.246 207.081 203.581 200.955 205.478
10.57818 221.719 226.934 250.169 260.735 248.907 240.918 223.987 258.692 246.621 238.87 230.513 225.526 260.006 244.852 236.004 230.484 226.018 220.453 220.658 220.636 220.221 218.475 231.722 238.273 231.457 220.292 216.791 214.165 218.689
10.89811 235.74 240.956 264.191 274.757 262.928 254.94 238.009 272.714 260.643 252.891 244.535 239.548 274.028 258.873 250.026 244.506 240.04 234.475 234.68 234.658 234.243 232.497 245.744 252.295 245.479 234.314 230.813 228.187 232.711
11.227716 250.623 255.839 279.074 289.64 277.811 269.823 252.892 287.597 275.526 267.774 259.418 254.431 288.911 273.756 264.909 259.389 254.923 249.358 249.563 249.541 249.126 247.38 260.627 267.178 260.362 249.197 245.696 243.07 247.594
11.56729 266.42 271.636 294.871 305.437 293.608 285.62 268.689 303.394 291.322 283.571 275.215 270.228 304.708 289.553 280.705 275.186 270.72 265.155 265.359 265.338 264.922 263.177 276.424 282.975 276.158 264.993 261.493 258.867 263.391
11.917135 283.187 288.402 311.637 322.203 310.375 302.387 285.455 320.16 308.089 300.338 291.981 286.994 321.474 306.32 297.472 291.952 287.487 281.921 282.126 282.104 281.689 279.943 293.19 299.742 292.925 281.76 278.26 275.634 280.157
12.277561 300.983 306.199 329.434 340.0 328.171 320.183 303.251 337.957 325.885 318.134 309.777 304.791 339.271 324.116 315.268 309.749 305.283 299.717 299.922 299.901 299.485 297.74 310.986 317.538 310.721 299.556 296.056 293.43 297.954
12.648887 319.872 325.088 348.323 358.889 347.06 339.072 322.14 356.846 344.774 337.023 328.666 323.68 358.16 343.005 334.157 328.638 324.172 318.606 318.811 318.79 318.374 316.629 329.875 336.427 329.61 318.445 314.945 312.319 316.843
13.031444 339.921 345.137 368.371 378.938 367.109 359.121 342.189 376.894 364.823 357.072 348.715 343.728 378.208 363.054 354.206 348.686 344.221 338.655 338.86 338.839 338.423 336.677 349.924 356.476 349.659 338.494 334.994 332.368 336.891
13.425571 361.201 366.416 389.651 400.217 388.389 380.401 363.469 398.174 386.103 378.352 369.995 365.008 399.488 384.334 375.486 369.966 365.501 359.935 360.14 360.119 359.703 357.957 371.204 377.756 370.939 359.774 356.274 353.648 358.171
13.831619 383.787 389.003 412.238 422.804 410.975 402.987 386.056 420.761 408.69 400.938 392.582 387.595 422.075 406.92 398.073 392.553 388.087 382.522 382.727 382.705 382.29 380.544 393.791 400.342 393.526 382.361 378.86 376.234 380.758
14.249947 407.761 412.977 436.211 446.778 434.949 426.961 410.029 444.734 432.663 424.912 416.555 411.568 446.048 430.894 422.046 416.526 412.061 406.495 406.7 406.679 406.263 404.517 417.764 424.316 417.499 406.334 402.834 400.208 404.731
14.680926 433.206 438.422 461.657 472.223 460.394 452.406 435.475 470.18 458.109 450.357 442.001 437.014 471.494 456.339 447.492 441.972 437.506 431.941 432.146 432.124 431.709 429.963 443.21 449.761 442.945 431.78 428.279 425.653 430.177
15.124941 460.214 465.43 488.665 499.231 487.402 479.414 462.483 497.188 485.117 477.365 469.009 464.022 498.502 483.347 474.5 468.98 464.514 458.949 459.154 459.132 458.717 456.971 470.218 476.769 469.953 458.788 455.287 452.661 457.185
15.582385 488.881 494.096 517.331 527.897 516.069 508.08 491.149 525.854 513.783 506.032 497.675 492.688 527.168 512.014 503.166 497.646 493.181 487.615 487.82 487.798 487.383 485.637 498.884 505.436 498.619 487.454 483.953 481.328 485.851
16.053663 519.307 524.523 547.758 558.324 546.495 538.507 521.576 556.281 544.21 536.458 528.102 523.115 557.595 542.44 533.592 528.073 523.607 518.042 518.246 518.225 517.81 516.064 529.311 535.862 529.045 517.881 514.38 511.754 516.278
16.539195 551.602 556.818 580.053 590.619 578.79 570.802 553.87 588.576 576.504 568.753 560.396 555.41 589.89 574.735 565.887 560.368 555.902 550.336 550.541 550.52 550.104 548.359 561.605 568.157 561.34 550.175 546.675 544.049 548.573
17.039412 585.88 591.096 614.33 624.897 613.068 605.08 588.148 622.853 610.782 603.031 594.674 589.687 624.167 609.013 600.165 594.645 590.18 584.614 584.819 584.798 584.382 582.636 595.883 602.435 595.618 584.453 580.953 578.327 582.85
17.554757 622.263 627.478 650.713 661.279 649.451 641.462 624.531 659.236 647.165 639.414 631.057 626.07 660.55 645.396 636.548 631.028 626.562 620.997 621.202 621.18 620.765 619.019 632.266 638.817 632.001 620.836 617.335 614.709 619.233
18.085689 660.879 666.095 689.33 699.896 688.067 680.079 663.148 697.853 685.781 678.03 669.674 664.687 699.167 684.012 675.164 669.645 665.179 659.614 659.818 659.797 659.382 657.636 670.883 677.434 670.617 659.453 655.952 653.326 657.85
18.632678 701.867 707.083 730.318 740.884 729.055 721.067 704.135 738.84 726.769 719.018 710.661 705.675 740.155 725.0 716.152 710.632 706.167 700.601 700.806 700.785 700.369 698.623 711.87 718.422 711.605 700.44 696.94 694.314 698.838
19.196211 745.372 750.587 773.822 784.389 772.56 764.571 747.64 782.345 770.274 762.523 754.166 749.179 783.66 768.505 759.657 754.137 749.671 744.106 744.311 744.289 743.874 742.128 755.375 761.927 755.11 743.945 740.444 737.819 742.342
19.776787 791.578 796.794 nan nan nan nan 793.847 nan nan nan nan nan nan nan nan nan nan 790.313 790.518 790.496 790.083 788.338 nan nan nan nan nan 784.084 788.549
20.374923 791.578 796.794 nan nan nan nan 793.847 nan nan nan nan nan nan nan nan nan nan 790.313 790.518 790.496 790.083 788.338 nan nan nan nan nan 784.084 788.549
20.991149 791.578 796.794 nan nan nan nan 793.847 nan nan nan nan nan nan nan nan nan nan 790.313 790.518 790.496 790.083 788.338 nan nan nan nan nan 784.084 788.549
21.626011 791.578 796.794 nan nan nan nan 793.847 nan nan nan nan nan nan nan nan nan nan 790.313 790.518 790.496 790.083 788.338 nan nan nan nan nan 784.084 788.549
22.280075 791.578 796.794 nan nan nan nan 793.847 nan nan nan nan nan nan nan nan nan nan 790.313 790.518 790.496 790.083 788.338 nan nan nan nan nan 784.084 788.549
22.953921 791.578 796.794 nan nan nan nan 793.847 nan nan nan nan nan nan nan nan nan nan 790.313 790.518 790.496 790.083 788.338 nan nan nan nan nan 784.084 788.549
23.648147 791.578 796.794 nan nan nan nan 793.847 nan nan nan nan nan nan nan nan nan nan 790.313 790.518 790.496 790.083 788.338 nan nan nan nan nan 784.084 788.549
24.363369 791.578 796.794 nan nan nan nan 793.847 nan nan nan nan nan nan nan nan nan nan 790.313 790.518 790.496 790.083 788.338 nan nan nan nan nan 784.084 788.549
25.100222 791.578 796.794 nan nan nan nan 793.847 nan nan nan nan nan nan nan nan nan nan 790.313 790.518 790.496 790.083 788.338 nan nan nan nan nan 784.084 788.549
25.859362 791.578 796.794 nan nan nan nan 793.847 nan nan nan nan nan nan nan nan nan nan 790.313 790.518 790.496 790.083 788.338 nan nan nan nan nan 784.084 788.549
26.64146 791.578 796.794 nan nan nan nan 793.847 nan nan nan nan nan nan nan nan nan nan 790.313 790.518 790.496 790.083 788.338 nan nan nan nan nan 784.084 788.549
27.447213 791.578 796.794 nan nan nan nan 793.847 nan nan nan nan nan nan nan nan nan nan 790.313 790.518 790.496 790.083 788.338 nan nan nan nan nan 784.084 788.549
28.277335 791.578 796.794 nan nan nan nan 793.847 nan nan nan nan nan nan nan nan nan nan 790.313 790.518 790.496 790.083 788.338 nan nan nan nan nan 784.084 788.549
29.132564 791.578 796.794 nan nan nan nan 793.847 nan nan nan nan nan nan nan nan nan nan 790.313 790.518 790.496 790.083 788.338 nan nan nan nan nan 784.084 788.549
30.013659 791.578 796.794 nan nan nan nan 793.847 nan nan nan nan nan nan nan nan nan nan 790.313 790.518 790.496 790.083 788.338 nan nan nan nan nan 784.084 788.549
30.921401 791.578 796.794 nan nan nan nan 793.847 nan nan nan nan nan nan nan nan nan nan 790.313 790.518 790.496 790.083 788.338 nan nan nan nan nan 784.084 788.549
31.856598 791.578 796.794 nan nan nan nan 793.847 nan nan nan nan nan nan nan nan nan nan 790.313 790.518 790.496 790.083 788.338 nan nan nan nan nan 784.084 788.549
32.820079 791.578 796.794 nan nan nan nan 793.847 nan nan nan nan nan nan nan nan nan nan 790.313 790.518 790.496 790.083 788.338 nan nan nan nan nan 784.084 788.549
33.8127 791.578 796.794 nan nan nan nan 793.847 nan nan nan nan nan nan nan nan nan nan 790.313 790.518 790.496 790.083 788.338 nan nan nan nan nan 784.084 788.549
34.835342 791.578 796.794 nan nan nan nan 793.847 nan nan nan nan nan nan nan nan nan nan 790.313 790.518 790.496 790.083 788.338 nan nan nan nan nan 784.084 788.549
35.888913 791.578 796.794 nan nan nan nan 793.847 nan nan nan nan nan nan nan nan nan nan 790.313 790.518 790.496 790.083 788.338 nan nan nan nan nan 784.084 788.549
36.974349 791.578 796.794 nan nan nan nan 793.847 nan nan nan nan nan nan nan nan nan nan 790.313 790.518 790.496 790.083 788.338 nan nan nan nan nan 784.084 788.549
38.092613 791.578 796.794 nan nan nan nan 793.847 nan nan nan nan nan nan nan nan nan nan 790.313 790.518 790.496 790.083 788.338 nan nan nan nan nan 784.084 788.549
39.244698 791.578 796.794 nan nan nan nan 793.847 nan nan nan nan nan nan nan nan nan nan 790.313 790.518 790.496 790.083 788.338 nan nan nan nan nan 784.084 788.549
40.431627 791.578 796.794 nan nan nan nan 793.847 nan nan nan nan nan nan nan nan nan nan 790.313 790.518 790.496 790.083 788.338 nan nan nan nan nan 784.084 788.549
41.654454 791.578 796.794 nan nan nan nan 793.847 nan nan nan nan nan nan nan nan nan nan 790.313 790.518 790.496 790.083 788.338 nan nan nan nan nan 784.084 788.549
42.914265 791.578 796.794 nan nan nan nan 793.847 nan nan nan nan nan nan nan nan nan nan 790.313 790.518 790.496 790.083 788.338 nan nan nan nan nan 784.084 788.549
44.212178 791.578 796.794 nan nan nan nan 793.847 nan nan nan nan nan nan nan nan nan nan 790.313 790.518 790.496 790.083 788.338 nan nan nan nan nan 784.084 788.549
45.549345 791.578 796.794 nan nan nan nan 793.847 nan nan nan nan nan nan nan nan nan nan 790.313 790.518 790.496 790.083 788.338 nan nan nan nan nan 784.084 788.549
46.926954 791.578 796.794 nan nan nan nan 793.847 nan nan nan nan nan nan nan nan nan nan 790.313 790.518 790.496 790.083 788.338 nan nan nan nan nan 784.084 788.549
48.346227 791.578 796.794 nan nan nan nan 793.847 nan nan nan nan nan nan nan nan nan nan 790.313 790.518 790.496 790.083 788.338 nan nan nan nan nan 784.084 788.549
49.808426 791.578 796.794 nan nan nan nan 793.847 nan nan nan nan nan nan nan nan nan nan 790.313 790.518 790.496 790.083 788.338 nan nan nan nan nan 784.084 788.549
51.314848 791.578 796.794 nan nan nan nan 793.847 nan nan nan nan nan nan nan nan nan nan 790.313 790.518 790.496 790.083 788.338 nan nan nan nan nan 784.084 788.549
