web/models/kne.last_good/kappa_0.5_3.0.v1/9/villar_0.4064_0.4217_0.5000.dat
# %ECSV 1.0
# ---
# datatype:
# - {name: time, datatype: float64}
# - {name: swift_uvot_uvw2, datatype: float64}
# - {name: swift_uvot_uvm2, datatype: float64}
# - {name: swift_uvot_uvw1, datatype: float64}
# - {name: swift_uvot_U, datatype: float64}
# - {name: swift_uvot_B, datatype: float64}
# - {name: swift_uvot_V, datatype: float64}
# - {name: swift_uvot_W, datatype: float64}
# - {name: johnson_U, datatype: float64}
# - {name: johnson_B, datatype: float64}
# - {name: johnson_V, datatype: float64}
# - {name: johnson_R, datatype: float64}
# - {name: johnson_I, datatype: float64}
# - {name: sdss_u, datatype: float64}
# - {name: sdss_g, datatype: float64}
# - {name: sdss_r, datatype: float64}
# - {name: sdss_i, datatype: float64}
# - {name: sdss_z, datatype: float64}
# - {name: PS1_g, datatype: float64}
# - {name: PS1_r, datatype: float64}
# - {name: PS1_i, datatype: float64}
# - {name: PS1_z, datatype: float64}
# - {name: PS1_Y, datatype: float64}
# - {name: PS1_w, datatype: float64}
# - {name: ATLAS_c, datatype: float64}
# - {name: ATLAS_o, datatype: float64}
# - {name: ukirt_J, datatype: float64}
# - {name: ukirt_H, datatype: float64}
# - {name: ukirt_K, datatype: float64}
# - {name: Clear, datatype: float64}
# meta: !!omap
# - comment: [kappa = 0.5, type = villar, mass = 0.4064473885499596, velocity = 0.4216666666666667, theta_obs = 0.0]
# schema: astropy-2.0
time swift_uvot_uvw2 swift_uvot_uvm2 swift_uvot_uvw1 swift_uvot_U swift_uvot_B swift_uvot_V swift_uvot_W johnson_U johnson_B johnson_V johnson_R johnson_I sdss_u sdss_g sdss_r sdss_i sdss_z PS1_g PS1_r PS1_i PS1_z PS1_Y PS1_w ATLAS_c ATLAS_o ukirt_J ukirt_H ukirt_K Clear
[from data line 143]
0.070868 -14.485 -14.556 -14.583 -14.558 -14.391 -14.151 -14.481 -14.538 -14.388 -14.142 -13.85 -13.485 -14.544 -14.317 -13.987 -13.71 -13.432 -14.302 -14.004 -13.728 -13.527 -13.454 -14.013 -14.189 -13.872 -12.844 -12.345 -11.753 -14.059
0.073012 -14.508 -14.583 -14.614 -14.597 -14.434 -14.196 -14.514 -14.577 -14.43 -14.187 -13.897 -13.534 -14.583 -14.361 -14.033 -13.758 -13.481 -14.346 -14.05 -13.776 -13.575 -13.502 -14.059 -14.234 -13.919 -12.895 -12.397 -11.806 -14.104
0.07522 -14.531 -14.61 -14.645 -14.635 -14.476 -14.241 -14.547 -14.616 -14.472 -14.233 -13.944 -13.583 -14.622 -14.404 -14.08 -13.806 -13.53 -14.389 -14.096 -13.823 -13.623 -13.549 -14.104 -14.278 -13.966 -12.946 -12.448 -11.858 -14.149
0.077495 -14.553 -14.637 -14.675 -14.673 -14.518 -14.286 -14.58 -14.655 -14.514 -14.278 -13.991 -13.632 -14.661 -14.447 -14.126 -13.853 -13.579 -14.432 -14.142 -13.871 -13.671 -13.597 -14.15 -14.323 -14.013 -12.996 -12.5 -11.91 -14.194
0.079839 -14.576 -14.663 -14.706 -14.711 -14.56 -14.331 -14.612 -14.694 -14.556 -14.322 -14.038 -13.68 -14.699 -14.49 -14.172 -13.901 -13.628 -14.476 -14.188 -13.918 -13.719 -13.644 -14.195 -14.367 -14.059 -13.047 -12.551 -11.963 -14.238
0.082253 -14.597 -14.689 -14.735 -14.749 -14.601 -14.376 -14.645 -14.732 -14.598 -14.367 -14.085 -13.729 -14.738 -14.532 -14.218 -13.949 -13.677 -14.518 -14.233 -13.966 -13.767 -13.692 -14.24 -14.411 -14.106 -13.098 -12.603 -12.015 -14.283
0.084741 -14.619 -14.715 -14.765 -14.786 -14.643 -14.42 -14.677 -14.77 -14.64 -14.412 -14.131 -13.778 -14.776 -14.575 -14.264 -13.996 -13.725 -14.561 -14.279 -14.013 -13.815 -13.739 -14.286 -14.455 -14.152 -13.148 -12.654 -12.067 -14.328
0.087304 -14.64 -14.741 -14.794 -14.824 -14.684 -14.465 -14.709 -14.808 -14.681 -14.456 -14.178 -13.826 -14.813 -14.617 -14.31 -14.044 -13.774 -14.604 -14.325 -14.06 -13.863 -13.786 -14.331 -14.499 -14.199 -13.199 -12.706 -12.12 -14.372
0.089944 -14.661 -14.765 -14.823 -14.861 -14.725 -14.509 -14.74 -14.846 -14.722 -14.501 -14.224 -13.874 -14.851 -14.66 -14.355 -14.091 -13.823 -14.646 -14.37 -14.107 -13.911 -13.834 -14.376 -14.542 -14.245 -13.249 -12.757 -12.172 -14.416
0.092665 -14.681 -14.79 -14.852 -14.898 -14.766 -14.553 -14.772 -14.883 -14.763 -14.545 -14.271 -13.923 -14.888 -14.702 -14.401 -14.139 -13.871 -14.689 -14.415 -14.154 -13.959 -13.881 -14.42 -14.586 -14.291 -13.299 -12.809 -12.224 -14.46
0.095467 -14.701 -14.814 -14.88 -14.934 -14.807 -14.597 -14.803 -14.921 -14.804 -14.589 -14.317 -13.971 -14.926 -14.744 -14.446 -14.186 -13.92 -14.731 -14.461 -14.201 -14.007 -13.928 -14.465 -14.629 -14.338 -13.35 -12.86 -12.276 -14.504
0.098355 -14.72 -14.838 -14.908 -14.97 -14.848 -14.641 -14.834 -14.958 -14.845 -14.633 -14.363 -14.019 -14.963 -14.785 -14.492 -14.233 -13.968 -14.773 -14.506 -14.248 -14.054 -13.975 -14.51 -14.672 -14.384 -13.4 -12.911 -12.328 -14.548
0.101329 -14.739 -14.861 -14.935 -15.007 -14.888 -14.685 -14.865 -14.995 -14.885 -14.677 -14.409 -14.067 -14.999 -14.827 -14.537 -14.28 -14.017 -14.815 -14.551 -14.295 -14.102 -14.023 -14.554 -14.715 -14.43 -13.45 -12.962 -12.38 -14.592
0.104394 -14.758 -14.885 -14.963 -15.042 -14.929 -14.728 -14.895 -15.031 -14.925 -14.72 -14.455 -14.115 -15.036 -14.868 -14.582 -14.327 -14.065 -14.857 -14.595 -14.341 -14.149 -14.07 -14.598 -14.758 -14.475 -13.5 -13.014 -12.432 -14.635
0.107551 -14.776 -14.907 -14.99 -15.078 -14.969 -14.772 -14.925 -15.068 -14.966 -14.764 -14.501 -14.163 -15.072 -14.91 -14.627 -14.374 -14.113 -14.898 -14.64 -14.388 -14.197 -14.117 -14.642 -14.801 -14.521 -13.55 -13.065 -12.484 -14.679
0.110804 -14.794 -14.929 -15.016 -15.113 -15.009 -14.815 -14.955 -15.104 -15.005 -14.807 -14.547 -14.211 -15.108 -14.951 -14.672 -14.42 -14.161 -14.94 -14.685 -14.434 -14.244 -14.164 -14.687 -14.844 -14.567 -13.6 -13.116 -12.536 -14.722
0.114155 -14.811 -14.951 -15.043 -15.148 -15.048 -14.858 -14.985 -15.14 -15.045 -14.85 -14.592 -14.258 -15.144 -14.992 -14.716 -14.467 -14.209 -14.981 -14.729 -14.481 -14.291 -14.211 -14.73 -14.886 -14.612 -13.65 -13.167 -12.588 -14.765
0.117608 -14.828 -14.973 -15.068 -15.183 -15.088 -14.901 -15.014 -15.175 -15.085 -14.893 -14.638 -14.306 -15.179 -15.032 -14.761 -14.513 -14.257 -15.022 -14.774 -14.527 -14.338 -14.258 -14.774 -14.928 -14.657 -13.7 -13.218 -12.64 -14.808
0.121165 -14.845 -14.993 -15.094 -15.218 -15.127 -14.944 -15.044 -15.211 -15.124 -14.936 -14.683 -14.353 -15.215 -15.073 -14.805 -14.56 -14.305 -15.063 -14.818 -14.573 -14.385 -14.304 -14.818 -14.971 -14.703 -13.75 -13.269 -12.692 -14.851
0.124829 -14.861 -15.014 -15.119 -15.252 -15.166 -14.987 -15.073 -15.246 -15.163 -14.979 -14.728 -14.401 -15.25 -15.113 -14.85 -14.606 -14.352 -15.104 -14.862 -14.619 -14.432 -14.351 -14.861 -15.013 -14.748 -13.8 -13.32 -12.744 -14.894
0.128605 -14.877 -15.034 -15.144 -15.286 -15.205 -15.029 -15.101 -15.281 -15.202 -15.022 -14.773 -14.448 -15.284 -15.153 -14.894 -14.652 -14.4 -15.144 -14.906 -14.665 -14.479 -14.398 -14.905 -15.054 -14.793 -13.85 -13.371 -12.795 -14.937
0.132494 -14.892 -15.054 -15.168 -15.32 -15.244 -15.072 -15.13 -15.315 -15.241 -15.064 -14.818 -14.495 -15.319 -15.193 -14.938 -14.698 -14.448 -15.184 -14.95 -14.711 -14.526 -14.444 -14.948 -15.096 -14.837 -13.899 -13.421 -12.847 -14.979
0.136502 -14.906 -15.073 -15.193 -15.353 -15.282 -15.114 -15.158 -15.35 -15.279 -15.106 -14.863 -14.543 -15.353 -15.233 -14.982 -14.744 -14.495 -15.225 -14.993 -14.757 -14.573 -14.491 -14.991 -15.137 -14.882 -13.949 -13.472 -12.899 -15.021
0.14063 -14.921 -15.092 -15.216 -15.387 -15.321 -15.156 -15.186 -15.384 -15.318 -15.148 -14.908 -14.59 -15.387 -15.273 -15.025 -14.79 -14.542 -15.265 -15.037 -14.802 -14.62 -14.538 -15.034 -15.179 -14.927 -13.998 -13.523 -12.951 -15.064
0.144883 -14.934 -15.11 -15.24 -15.42 -15.359 -15.198 -15.214 -15.418 -15.356 -15.19 -14.953 -14.637 -15.421 -15.312 -15.069 -14.836 -14.59 -15.304 -15.08 -14.848 -14.666 -14.584 -15.077 -15.22 -14.971 -14.048 -13.573 -13.002 -15.106
0.149265 -14.948 -15.128 -15.263 -15.452 -15.397 -15.24 -15.241 -15.451 -15.394 -15.232 -14.997 -14.683 -15.454 -15.351 -15.112 -14.882 -14.637 -15.344 -15.124 -14.893 -14.713 -14.63 -15.119 -15.261 -15.015 -14.097 -13.624 -13.054 -15.147
0.15378 -14.96 -15.145 -15.285 -15.485 -15.434 -15.281 -15.269 -15.484 -15.431 -15.274 -15.041 -14.73 -15.487 -15.39 -15.156 -14.927 -14.684 -15.383 -15.167 -14.938 -14.759 -14.677 -15.162 -15.302 -15.06 -14.147 -13.675 -13.105 -15.189
0.15843 -14.973 -15.162 -15.307 -15.517 -15.472 -15.323 -15.296 -15.517 -15.469 -15.315 -15.086 -14.777 -15.52 -15.429 -15.199 -14.972 -14.731 -15.423 -15.21 -14.984 -14.805 -14.723 -15.204 -15.342 -15.104 -14.196 -13.725 -13.157 -15.231
0.163222 -14.984 -15.178 -15.329 -15.548 -15.509 -15.364 -15.322 -15.55 -15.506 -15.356 -15.13 -14.823 -15.553 -15.467 -15.242 -15.018 -14.778 -15.462 -15.253 -15.029 -14.851 -14.769 -15.246 -15.383 -15.148 -14.245 -13.775 -13.208 -15.272
0.168159 -14.996 -15.194 -15.35 -15.58 -15.546 -15.405 -15.349 -15.582 -15.543 -15.398 -15.174 -14.87 -15.585 -15.506 -15.285 -15.063 -14.825 -15.5 -15.295 -15.074 -14.898 -14.815 -15.288 -15.423 -15.191 -14.294 -13.826 -13.26 -15.313
0.173245 -15.006 -15.209 -15.371 -15.611 -15.582 -15.446 -15.375 -15.615 -15.579 -15.438 -15.217 -14.916 -15.617 -15.544 -15.327 -15.108 -14.871 -15.539 -15.338 -15.118 -14.944 -14.861 -15.33 -15.463 -15.235 -14.343 -13.876 -13.311 -15.354
0.178484 -15.017 -15.224 -15.392 -15.642 -15.619 -15.486 -15.401 -15.646 -15.616 -15.479 -15.261 -14.962 -15.648 -15.582 -15.37 -15.153 -14.918 -15.577 -15.38 -15.163 -14.989 -14.907 -15.371 -15.503 -15.278 -14.392 -13.926 -13.362 -15.395
0.183882 -15.026 -15.238 -15.412 -15.672 -15.655 -15.527 -15.426 -15.678 -15.652 -15.52 -15.305 -15.008 -15.68 -15.62 -15.412 -15.197 -14.964 -15.615 -15.422 -15.208 -15.035 -14.953 -15.413 -15.542 -15.322 -14.441 -13.977 -13.414 -15.436
0.189444 -15.036 -15.252 -15.431 -15.702 -15.691 -15.567 -15.451 -15.709 -15.688 -15.56 -15.348 -15.054 -15.71 -15.657 -15.454 -15.242 -15.011 -15.653 -15.465 -15.252 -15.081 -14.999 -15.454 -15.582 -15.365 -14.49 -14.027 -13.465 -15.476
0.195173 -15.044 -15.266 -15.45 -15.732 -15.726 -15.607 -15.477 -15.74 -15.724 -15.6 -15.391 -15.1 -15.741 -15.694 -15.496 -15.286 -15.057 -15.691 -15.506 -15.296 -15.126 -15.045 -15.495 -15.621 -15.408 -14.539 -14.077 -13.516 -15.516
0.201076 -15.052 -15.278 -15.469 -15.761 -15.762 -15.647 -15.501 -15.77 -15.759 -15.64 -15.434 -15.146 -15.771 -15.731 -15.538 -15.331 -15.103 -15.729 -15.548 -15.341 -15.172 -15.09 -15.536 -15.66 -15.451 -14.587 -14.127 -13.567 -15.556
0.207158 -15.06 -15.29 -15.487 -15.791 -15.797 -15.687 -15.526 -15.8 -15.794 -15.68 -15.477 -15.191 -15.801 -15.768 -15.58 -15.375 -15.149 -15.766 -15.59 -15.385 -15.217 -15.136 -15.577 -15.699 -15.493 -14.636 -14.177 -13.618 -15.596
0.213423 -15.067 -15.302 -15.505 -15.819 -15.832 -15.726 -15.55 -15.83 -15.829 -15.719 -15.52 -15.237 -15.831 -15.804 -15.621 -15.419 -15.195 -15.803 -15.631 -15.429 -15.262 -15.181 -15.618 -15.737 -15.536 -14.684 -14.227 -13.669 -15.636
0.219878 -15.073 -15.313 -15.523 -15.848 -15.866 -15.765 -15.574 -15.86 -15.864 -15.759 -15.562 -15.282 -15.86 -15.841 -15.663 -15.463 -15.24 -15.84 -15.672 -15.472 -15.308 -15.227 -15.658 -15.776 -15.578 -14.733 -14.276 -13.72 -15.676
0.226528 -15.079 -15.323 -15.539 -15.876 -15.901 -15.804 -15.597 -15.889 -15.898 -15.798 -15.605 -15.327 -15.889 -15.876 -15.704 -15.507 -15.286 -15.876 -15.713 -15.516 -15.353 -15.272 -15.698 -15.814 -15.62 -14.781 -14.326 -13.771 -15.715
0.233379 -15.085 -15.333 -15.556 -15.903 -15.935 -15.843 -15.621 -15.918 -15.932 -15.837 -15.647 -15.373 -15.918 -15.912 -15.745 -15.55 -15.332 -15.913 -15.754 -15.559 -15.397 -15.317 -15.738 -15.852 -15.662 -14.829 -14.376 -13.822 -15.754
0.240437 -15.089 -15.343 -15.572 -15.931 -15.968 -15.882 -15.644 -15.946 -15.966 -15.875 -15.689 -15.417 -15.946 -15.948 -15.785 -15.594 -15.377 -15.949 -15.795 -15.603 -15.442 -15.362 -15.778 -15.889 -15.704 -14.877 -14.425 -13.873 -15.793
0.247709 -15.093 -15.351 -15.587 -15.958 -16.002 -15.92 -15.666 -15.974 -16.0 -15.914 -15.731 -15.462 -15.974 -15.983 -15.826 -15.637 -15.422 -15.984 -15.835 -15.646 -15.487 -15.407 -15.818 -15.927 -15.746 -14.925 -14.475 -13.923 -15.832
0.255201 -15.097 -15.359 -15.602 -15.984 -16.035 -15.958 -15.689 -16.002 -16.033 -15.952 -15.773 -15.507 -16.001 -16.018 -15.866 -15.68 -15.467 -16.02 -15.875 -15.689 -15.531 -15.452 -15.857 -15.964 -15.787 -14.973 -14.524 -13.974 -15.87
0.262919 -15.1 -15.367 -15.616 -16.01 -16.068 -15.996 -15.711 -16.029 -16.066 -15.99 -15.814 -15.552 -16.028 -16.052 -15.906 -15.723 -15.512 -16.055 -15.915 -15.732 -15.576 -15.497 -15.896 -16.001 -15.829 -15.021 -14.574 -14.025 -15.909
0.270871 -15.102 -15.373 -15.63 -16.036 -16.1 -16.034 -15.732 -16.056 -16.098 -16.028 -15.855 -15.596 -16.055 -16.087 -15.946 -15.766 -15.557 -16.09 -15.955 -15.774 -15.62 -15.541 -15.935 -16.038 -15.87 -15.069 -14.623 -14.075 -15.947
0.279064 -15.104 -15.38 -15.643 -16.061 -16.133 -16.071 -15.754 -16.082 -16.13 -16.065 -15.897 -15.64 -16.081 -16.121 -15.986 -15.808 -15.602 -16.125 -15.995 -15.817 -15.664 -15.586 -15.974 -16.074 -15.911 -15.117 -14.672 -14.126 -15.985
0.287504 -15.104 -15.385 -15.656 -16.086 -16.164 -16.108 -15.775 -16.109 -16.162 -16.102 -15.937 -15.684 -16.107 -16.154 -16.025 -15.851 -15.646 -16.159 -16.034 -15.859 -15.708 -15.63 -16.012 -16.11 -15.951 -15.164 -14.721 -14.176 -16.022
0.296199 -15.105 -15.39 -15.668 -16.11 -16.196 -16.145 -15.796 -16.134 -16.194 -16.139 -15.978 -15.728 -16.132 -16.188 -16.065 -15.893 -15.691 -16.193 -16.073 -15.901 -15.752 -15.675 -16.051 -16.146 -15.992 -15.212 -14.771 -14.227 -16.06
0.305157 -15.104 -15.394 -15.68 -16.134 -16.227 -16.182 -15.816 -16.16 -16.225 -16.176 -16.019 -15.772 -16.157 -16.221 -16.104 -15.935 -15.735 -16.227 -16.112 -15.943 -15.795 -15.719 -16.089 -16.182 -16.032 -15.259 -14.82 -14.277 -16.097
0.314387 -15.103 -15.397 -15.691 -16.158 -16.258 -16.218 -15.836 -16.184 -16.256 -16.212 -16.059 -15.816 -16.182 -16.254 -16.143 -15.977 -15.779 -16.261 -16.151 -15.985 -15.839 -15.763 -16.127 -16.217 -16.072 -15.306 -14.868 -14.327 -16.134
0.323895 -15.102 -15.4 -15.702 -16.181 -16.289 -16.254 -15.856 -16.209 -16.287 -16.249 -16.099 -15.859 -16.206 -16.286 -16.181 -16.019 -15.823 -16.294 -16.19 -16.027 -15.882 -15.807 -16.164 -16.252 -16.112 -15.353 -14.917 -14.378 -16.171
0.333691 -15.099 -15.402 -15.712 -16.204 -16.319 -16.29 -15.875 -16.233 -16.317 -16.285 -16.139 -15.903 -16.23 -16.318 -16.22 -16.06 -15.867 -16.327 -16.228 -16.068 -15.925 -15.851 -16.202 -16.287 -16.152 -15.4 -14.966 -14.428 -16.207
0.343783 -15.096 -15.403 -15.721 -16.226 -16.348 -16.325 -15.894 -16.256 -16.347 -16.32 -16.179 -15.946 -16.253 -16.35 -16.258 -16.102 -15.911 -16.359 -16.266 -16.11 -15.968 -15.894 -16.239 -16.322 -16.191 -15.447 -15.015 -14.478 -16.243
0.354181 -15.092 -15.404 -15.73 -16.248 -16.378 -16.361 -15.913 -16.279 -16.376 -16.356 -16.218 -15.989 -16.276 -16.382 -16.295 -16.143 -15.954 -16.392 -16.304 -16.151 -16.011 -15.938 -16.276 -16.356 -16.23 -15.494 -15.063 -14.528 -16.279
0.364893 -15.088 -15.403 -15.738 -16.269 -16.407 -16.395 -15.931 -16.302 -16.405 -16.391 -16.257 -16.032 -16.298 -16.413 -16.333 -16.184 -15.997 -16.424 -16.341 -16.192 -16.054 -15.981 -16.312 -16.39 -16.269 -15.541 -15.112 -14.578 -16.315
0.375929 -15.083 -15.402 -15.745 -16.289 -16.436 -16.43 -15.949 -16.324 -16.434 -16.425 -16.297 -16.074 -16.32 -16.444 -16.37 -16.224 -16.041 -16.455 -16.378 -16.232 -16.096 -16.024 -16.349 -16.423 -16.308 -15.587 -15.16 -14.628 -16.35
0.387298 -15.077 -15.401 -15.752 -16.31 -16.464 -16.464 -15.967 -16.345 -16.462 -16.46 -16.335 -16.117 -16.341 -16.474 -16.407 -16.265 -16.083 -16.486 -16.415 -16.273 -16.139 -16.067 -16.385 -16.457 -16.347 -15.634 -15.208 -14.677 -16.386
0.399012 -15.07 -15.398 -15.758 -16.329 -16.492 -16.498 -15.984 -16.367 -16.49 -16.494 -16.374 -16.159 -16.362 -16.504 -16.444 -16.305 -16.126 -16.517 -16.452 -16.313 -16.181 -16.11 -16.421 -16.49 -16.385 -15.68 -15.257 -14.727 -16.42
0.41108 -15.062 -15.394 -15.764 -16.348 -16.519 -16.532 -16.001 -16.387 -16.518 -16.528 -16.412 -16.201 -16.382 -16.534 -16.481 -16.345 -16.169 -16.548 -16.489 -16.353 -16.223 -16.153 -16.456 -16.522 -16.423 -15.726 -15.305 -14.777 -16.455
0.423513 -15.054 -15.39 -15.768 -16.367 -16.546 -16.565 -16.017 -16.407 -16.545 -16.561 -16.45 -16.243 -16.402 -16.563 -16.517 -16.385 -16.211 -16.578 -16.525 -16.393 -16.265 -16.196 -16.492 -16.555 -16.461 -15.772 -15.353 -14.826 -16.489
0.436321 -15.045 -15.385 -15.772 -16.385 -16.572 -16.598 -16.033 -16.427 -16.571 -16.594 -16.488 -16.284 -16.421 -16.592 -16.553 -16.425 -16.253 -16.608 -16.561 -16.432 -16.306 -16.238 -16.526 -16.586 -16.498 -15.818 -15.4 -14.876 -16.523
0.449518 -15.035 -15.379 -15.776 -16.402 -16.599 -16.631 -16.049 -16.446 -16.598 -16.627 -16.525 -16.326 -16.439 -16.62 -16.588 -16.464 -16.295 -16.637 -16.596 -16.472 -16.348 -16.281 -16.561 -16.618 -16.535 -15.864 -15.448 -14.925 -16.557
0.463113 -15.024 -15.372 -15.778 -16.419 -16.624 -16.663 -16.064 -16.464 -16.623 -16.66 -16.563 -16.367 -16.457 -16.648 -16.624 -16.503 -16.337 -16.666 -16.632 -16.511 -16.389 -16.323 -16.596 -16.649 -16.572 -15.909 -15.496 -14.974 -16.59
0.47712 -15.013 -15.364 -15.78 -16.435 -16.649 -16.695 -16.079 -16.482 -16.649 -16.692 -16.599 -16.408 -16.475 -16.676 -16.659 -16.542 -16.379 -16.695 -16.667 -16.549 -16.43 -16.365 -16.63 -16.68 -16.609 -15.955 -15.543 -15.023 -16.624
0.49155 -15.0 -15.355 -15.781 -16.451 -16.674 -16.727 -16.093 -16.499 -16.673 -16.723 -16.636 -16.449 -16.492 -16.703 -16.693 -16.58 -16.42 -16.723 -16.701 -16.588 -16.471 -16.406 -16.663 -16.711 -16.645 -16.0 -15.591 -15.073 -16.656
