web/models/kne.last_good/kappa_0.5_3.0.v1/9/villar_0.0079_0.2337_3.0000.dat
# %ECSV 1.0
# ---
# datatype:
# - {name: time, datatype: float64}
# - {name: swift_uvot_uvw2, datatype: float64}
# - {name: swift_uvot_uvm2, datatype: float64}
# - {name: swift_uvot_uvw1, datatype: float64}
# - {name: swift_uvot_U, datatype: float64}
# - {name: swift_uvot_B, datatype: float64}
# - {name: swift_uvot_V, datatype: float64}
# - {name: swift_uvot_W, datatype: float64}
# - {name: johnson_U, datatype: float64}
# - {name: johnson_B, datatype: float64}
# - {name: johnson_V, datatype: float64}
# - {name: johnson_R, datatype: float64}
# - {name: johnson_I, datatype: float64}
# - {name: sdss_u, datatype: float64}
# - {name: sdss_g, datatype: float64}
# - {name: sdss_r, datatype: float64}
# - {name: sdss_i, datatype: float64}
# - {name: sdss_z, datatype: float64}
# - {name: PS1_g, datatype: float64}
# - {name: PS1_r, datatype: float64}
# - {name: PS1_i, datatype: float64}
# - {name: PS1_z, datatype: float64}
# - {name: PS1_Y, datatype: float64}
# - {name: PS1_w, datatype: float64}
# - {name: ATLAS_c, datatype: float64}
# - {name: ATLAS_o, datatype: float64}
# - {name: ukirt_J, datatype: float64}
# - {name: ukirt_H, datatype: float64}
# - {name: ukirt_K, datatype: float64}
# - {name: Clear, datatype: float64}
# meta: !!omap
# - comment: [kappa = 3.0, type = villar, mass = 0.00793700525986525, velocity = 0.2336666666666667, theta_obs = 0.0]
# schema: astropy-2.0
time swift_uvot_uvw2 swift_uvot_uvm2 swift_uvot_uvw1 swift_uvot_U swift_uvot_B swift_uvot_V swift_uvot_W johnson_U johnson_B johnson_V johnson_R johnson_I sdss_u sdss_g sdss_r sdss_i sdss_z PS1_g PS1_r PS1_i PS1_z PS1_Y PS1_w ATLAS_c ATLAS_o ukirt_J ukirt_H ukirt_K Clear
[from data line 78]
0.010217 -9.4 -9.43 -9.424 -9.327 -9.124 -8.856 -9.303 -9.3 -9.12 -8.847 -8.536 -8.155 -9.307 -9.04 -8.681 -8.388 -8.099 -9.024 -8.7 -8.41 -8.204 -8.14 -8.713 -8.901 -8.559 -7.496 -6.988 -6.39 -8.765
0.010526 -9.431 -9.464 -9.461 -9.37 -9.17 -8.905 -9.342 -9.344 -9.166 -8.895 -8.586 -8.206 -9.35 -9.087 -8.73 -8.438 -8.15 -9.071 -8.749 -8.46 -8.254 -8.189 -8.762 -8.948 -8.609 -7.549 -7.042 -6.443 -8.813
0.010845 -9.461 -9.498 -9.498 -9.413 -9.215 -8.953 -9.38 -9.387 -9.212 -8.944 -8.636 -8.257 -9.394 -9.134 -8.779 -8.489 -8.202 -9.117 -8.798 -8.51 -8.305 -8.239 -8.81 -8.996 -8.659 -7.601 -7.095 -6.497 -8.861
0.011173 -9.491 -9.531 -9.534 -9.455 -9.261 -9.001 -9.418 -9.43 -9.258 -8.992 -8.685 -8.308 -9.437 -9.18 -8.828 -8.539 -8.253 -9.164 -8.846 -8.56 -8.355 -8.288 -8.859 -9.043 -8.708 -7.654 -7.148 -6.551 -8.909
0.011511 -9.521 -9.565 -9.57 -9.498 -9.307 -9.049 -9.455 -9.473 -9.303 -9.039 -8.735 -8.359 -9.48 -9.226 -8.877 -8.589 -8.304 -9.21 -8.895 -8.61 -8.405 -8.338 -8.907 -9.091 -8.757 -7.706 -7.201 -6.605 -8.957
0.011859 -9.55 -9.597 -9.606 -9.54 -9.352 -9.096 -9.493 -9.516 -9.348 -9.087 -8.784 -8.41 -9.522 -9.273 -8.925 -8.639 -8.355 -9.257 -8.943 -8.66 -8.455 -8.387 -8.955 -9.138 -8.807 -7.759 -7.254 -6.659 -9.004
0.012217 -9.579 -9.63 -9.641 -9.582 -9.397 -9.144 -9.53 -9.558 -9.394 -9.135 -8.833 -8.461 -9.565 -9.318 -8.974 -8.689 -8.406 -9.303 -8.992 -8.709 -8.505 -8.436 -9.003 -9.185 -8.856 -7.811 -7.307 -6.712 -9.052
0.012587 -9.607 -9.662 -9.677 -9.623 -9.442 -9.191 -9.567 -9.6 -9.439 -9.182 -8.882 -8.511 -9.607 -9.364 -9.022 -8.739 -8.457 -9.349 -9.04 -8.759 -8.555 -8.486 -9.051 -9.232 -8.905 -7.863 -7.36 -6.766 -9.099
0.012968 -9.635 -9.694 -9.712 -9.665 -9.487 -9.238 -9.603 -9.643 -9.483 -9.229 -8.931 -8.562 -9.649 -9.41 -9.071 -8.789 -8.507 -9.395 -9.088 -8.808 -8.605 -8.535 -9.099 -9.279 -8.954 -7.915 -7.413 -6.82 -9.146
0.01336 -9.663 -9.726 -9.746 -9.706 -9.531 -9.286 -9.64 -9.684 -9.528 -9.277 -8.98 -8.612 -9.691 -9.455 -9.119 -8.838 -8.558 -9.44 -9.136 -8.857 -8.655 -8.584 -9.146 -9.325 -9.002 -7.967 -7.466 -6.873 -9.193
0.013764 -9.69 -9.757 -9.78 -9.747 -9.576 -9.333 -9.676 -9.726 -9.572 -9.324 -9.029 -8.663 -9.732 -9.501 -9.167 -8.888 -8.609 -9.486 -9.184 -8.907 -8.705 -8.633 -9.194 -9.372 -9.051 -8.019 -7.519 -6.927 -9.24
0.01418 -9.717 -9.788 -9.814 -9.788 -9.62 -9.379 -9.712 -9.768 -9.617 -9.371 -9.078 -8.713 -9.774 -9.546 -9.215 -8.937 -8.659 -9.531 -9.232 -8.956 -8.754 -8.682 -9.241 -9.418 -9.1 -8.071 -7.572 -6.98 -9.287
0.014609 -9.744 -9.818 -9.848 -9.829 -9.664 -9.426 -9.747 -9.809 -9.661 -9.417 -9.126 -8.763 -9.815 -9.591 -9.263 -8.987 -8.709 -9.576 -9.279 -9.005 -8.804 -8.731 -9.288 -9.464 -9.148 -8.123 -7.625 -7.033 -9.334
0.015051 -9.77 -9.848 -9.882 -9.869 -9.708 -9.473 -9.783 -9.85 -9.705 -9.464 -9.175 -8.813 -9.856 -9.636 -9.311 -9.036 -8.76 -9.621 -9.327 -9.054 -8.853 -8.78 -9.335 -9.51 -9.196 -8.175 -7.677 -7.087 -9.38
0.015506 -9.796 -9.878 -9.915 -9.909 -9.752 -9.519 -9.818 -9.891 -9.749 -9.51 -9.223 -8.863 -9.896 -9.68 -9.358 -9.085 -8.81 -9.666 -9.374 -9.103 -8.903 -8.829 -9.382 -9.556 -9.245 -8.227 -7.73 -7.14 -9.427
0.015975 -9.822 -9.907 -9.947 -9.949 -9.796 -9.566 -9.853 -9.931 -9.792 -9.557 -9.271 -8.913 -9.937 -9.725 -9.406 -9.134 -8.86 -9.711 -9.421 -9.151 -8.952 -8.877 -9.429 -9.602 -9.293 -8.278 -7.782 -7.193 -9.473
0.016458 -9.847 -9.936 -9.98 -9.989 -9.839 -9.612 -9.888 -9.972 -9.836 -9.603 -9.319 -8.963 -9.977 -9.769 -9.453 -9.183 -8.91 -9.755 -9.469 -9.2 -9.001 -8.926 -9.476 -9.647 -9.341 -8.33 -7.835 -7.247 -9.519
0.016956 -9.871 -9.965 -10.012 -10.028 -9.882 -9.658 -9.922 -10.012 -9.879 -9.649 -9.367 -9.012 -10.017 -9.814 -9.501 -9.232 -8.96 -9.8 -9.516 -9.248 -9.051 -8.975 -9.523 -9.693 -9.389 -8.382 -7.887 -7.3 -9.565
0.017469 -9.896 -9.993 -10.044 -10.068 -9.925 -9.704 -9.957 -10.052 -9.922 -9.695 -9.415 -9.062 -10.057 -9.858 -9.548 -9.281 -9.01 -9.844 -9.563 -9.297 -9.1 -9.023 -9.569 -9.738 -9.436 -8.433 -7.94 -7.353 -9.611
0.017997 -9.92 -10.021 -10.075 -10.107 -9.968 -9.749 -9.991 -10.091 -9.965 -9.741 -9.463 -9.112 -10.097 -9.901 -9.595 -9.329 -9.06 -9.888 -9.609 -9.345 -9.149 -9.072 -9.615 -9.783 -9.484 -8.485 -7.992 -7.406 -9.657
0.018541 -9.943 -10.049 -10.107 -10.146 -10.011 -9.795 -10.024 -10.131 -10.008 -9.786 -9.511 -9.161 -10.136 -9.945 -9.642 -9.378 -9.109 -9.932 -9.656 -9.393 -9.198 -9.12 -9.662 -9.828 -9.531 -8.536 -8.044 -7.459 -9.702
0.019102 -9.966 -10.076 -10.138 -10.184 -10.053 -9.84 -10.058 -10.17 -10.05 -9.832 -9.558 -9.21 -10.175 -9.989 -9.688 -9.426 -9.159 -9.976 -9.703 -9.442 -9.246 -9.169 -9.708 -9.873 -9.579 -8.587 -8.096 -7.512 -9.748
0.01968 -9.989 -10.102 -10.168 -10.223 -10.096 -9.886 -10.091 -10.209 -10.092 -9.877 -9.606 -9.26 -10.214 -10.032 -9.735 -9.474 -9.208 -10.02 -9.749 -9.49 -9.295 -9.217 -9.754 -9.918 -9.626 -8.638 -8.149 -7.565 -9.793
0.020275 -10.011 -10.129 -10.198 -10.261 -10.138 -9.931 -10.124 -10.248 -10.135 -9.923 -9.653 -9.309 -10.253 -10.075 -9.781 -9.523 -9.258 -10.063 -9.795 -9.538 -9.344 -9.265 -9.799 -9.962 -9.673 -8.69 -8.201 -7.618 -9.838
0.020888 -10.033 -10.155 -10.228 -10.298 -10.18 -9.976 -10.157 -10.287 -10.177 -9.968 -9.7 -9.358 -10.291 -10.118 -9.828 -9.571 -9.307 -10.106 -9.842 -9.585 -9.392 -9.313 -9.845 -10.007 -9.72 -8.741 -8.253 -7.671 -9.883
0.02152 -10.055 -10.18 -10.258 -10.336 -10.222 -10.021 -10.19 -10.325 -10.218 -10.013 -9.747 -9.407 -10.329 -10.161 -9.874 -9.619 -9.356 -10.149 -9.888 -9.633 -9.441 -9.362 -9.891 -10.051 -9.767 -8.792 -8.305 -7.723 -9.928
0.022171 -10.076 -10.206 -10.287 -10.373 -10.263 -10.066 -10.222 -10.363 -10.26 -10.057 -9.794 -9.456 -10.367 -10.204 -9.92 -9.667 -9.406 -10.192 -9.934 -9.681 -9.489 -9.41 -9.936 -10.095 -9.814 -8.843 -8.357 -7.776 -9.973
0.022841 -10.096 -10.23 -10.316 -10.411 -10.305 -10.11 -10.254 -10.401 -10.301 -10.102 -9.841 -9.504 -10.405 -10.246 -9.966 -9.714 -9.455 -10.235 -9.979 -9.728 -9.538 -9.458 -9.981 -10.139 -9.861 -8.894 -8.409 -7.829 -10.017
0.023532 -10.116 -10.255 -10.345 -10.447 -10.346 -10.155 -10.286 -10.438 -10.343 -10.147 -9.888 -9.553 -10.443 -10.289 -10.012 -9.762 -9.504 -10.278 -10.025 -9.776 -9.586 -9.506 -10.026 -10.183 -9.908 -8.944 -8.46 -7.881 -10.062
0.024244 -10.136 -10.279 -10.373 -10.484 -10.387 -10.199 -10.317 -10.476 -10.384 -10.191 -9.934 -9.602 -10.48 -10.331 -10.058 -9.81 -9.553 -10.32 -10.071 -9.823 -9.634 -9.554 -10.071 -10.226 -9.954 -8.995 -8.512 -7.934 -10.106
0.024977 -10.156 -10.302 -10.401 -10.52 -10.428 -10.243 -10.349 -10.513 -10.425 -10.235 -9.981 -9.65 -10.517 -10.373 -10.103 -9.857 -9.601 -10.363 -10.116 -9.87 -9.682 -9.601 -10.116 -10.27 -10.0 -9.046 -8.564 -7.987 -10.15
0.025733 -10.175 -10.325 -10.428 -10.557 -10.468 -10.287 -10.38 -10.55 -10.465 -10.279 -10.027 -9.699 -10.554 -10.414 -10.149 -9.904 -9.65 -10.405 -10.161 -9.917 -9.73 -9.649 -10.161 -10.313 -10.047 -9.097 -8.616 -8.039 -10.194
0.026511 -10.193 -10.348 -10.455 -10.592 -10.509 -10.331 -10.411 -10.587 -10.506 -10.323 -10.073 -9.747 -10.59 -10.456 -10.194 -9.952 -9.699 -10.447 -10.207 -9.964 -9.778 -9.697 -10.206 -10.356 -10.093 -9.147 -8.667 -8.092 -10.238
0.027313 -10.211 -10.37 -10.482 -10.628 -10.549 -10.375 -10.441 -10.623 -10.546 -10.367 -10.12 -9.795 -10.626 -10.497 -10.239 -9.999 -9.747 -10.488 -10.252 -10.011 -9.826 -9.745 -10.25 -10.399 -10.139 -9.198 -8.719 -8.144 -10.282
0.028139 -10.229 -10.392 -10.509 -10.663 -10.589 -10.418 -10.472 -10.659 -10.586 -10.41 -10.166 -9.843 -10.662 -10.539 -10.285 -10.046 -9.796 -10.53 -10.296 -10.058 -9.874 -9.792 -10.294 -10.442 -10.184 -9.248 -8.77 -8.197 -10.325
0.02899 -10.246 -10.414 -10.535 -10.698 -10.629 -10.461 -10.502 -10.695 -10.626 -10.454 -10.211 -9.891 -10.698 -10.58 -10.329 -10.093 -9.844 -10.571 -10.341 -10.105 -9.922 -9.84 -10.338 -10.485 -10.23 -9.298 -8.822 -8.249 -10.369
0.029867 -10.263 -10.435 -10.561 -10.733 -10.668 -10.505 -10.531 -10.731 -10.665 -10.497 -10.257 -9.939 -10.734 -10.621 -10.374 -10.14 -9.892 -10.613 -10.386 -10.152 -9.969 -9.887 -10.382 -10.527 -10.276 -9.349 -8.873 -8.301 -10.412
0.03077 -10.279 -10.455 -10.586 -10.768 -10.708 -10.548 -10.561 -10.766 -10.705 -10.54 -10.303 -9.987 -10.769 -10.661 -10.419 -10.186 -9.94 -10.654 -10.43 -10.198 -10.017 -9.935 -10.426 -10.569 -10.321 -9.399 -8.925 -8.354 -10.455
0.031701 -10.295 -10.475 -10.611 -10.802 -10.747 -10.591 -10.59 -10.801 -10.744 -10.583 -10.348 -10.035 -10.804 -10.702 -10.463 -10.233 -9.988 -10.694 -10.475 -10.244 -10.064 -9.982 -10.47 -10.612 -10.367 -9.449 -8.976 -8.406 -10.498
0.032659 -10.31 -10.495 -10.636 -10.836 -10.786 -10.633 -10.619 -10.836 -10.783 -10.626 -10.394 -10.082 -10.839 -10.742 -10.508 -10.279 -10.036 -10.735 -10.519 -10.291 -10.111 -10.029 -10.514 -10.653 -10.412 -9.499 -9.027 -8.458 -10.541
0.033647 -10.325 -10.514 -10.66 -10.869 -10.825 -10.676 -10.648 -10.87 -10.822 -10.668 -10.439 -10.13 -10.873 -10.782 -10.552 -10.326 -10.084 -10.776 -10.563 -10.337 -10.158 -10.076 -10.557 -10.695 -10.457 -9.549 -9.078 -8.51 -10.584
0.034665 -10.339 -10.533 -10.684 -10.903 -10.863 -10.718 -10.677 -10.905 -10.86 -10.711 -10.484 -10.177 -10.907 -10.822 -10.596 -10.372 -10.132 -10.816 -10.607 -10.383 -10.206 -10.123 -10.6 -10.737 -10.502 -9.599 -9.129 -8.562 -10.626
0.035713 -10.353 -10.551 -10.707 -10.936 -10.901 -10.76 -10.705 -10.939 -10.898 -10.753 -10.529 -10.225 -10.941 -10.862 -10.64 -10.418 -10.18 -10.856 -10.651 -10.429 -10.253 -10.17 -10.643 -10.778 -10.547 -9.649 -9.181 -8.614 -10.669
0.036793 -10.367 -10.569 -10.73 -10.969 -10.939 -10.802 -10.733 -10.972 -10.937 -10.795 -10.574 -10.272 -10.974 -10.901 -10.684 -10.464 -10.227 -10.896 -10.694 -10.475 -10.3 -10.217 -10.686 -10.82 -10.591 -9.699 -9.232 -8.666 -10.711
0.037906 -10.38 -10.587 -10.753 -11.001 -10.977 -10.844 -10.761 -11.006 -10.974 -10.837 -10.618 -10.319 -11.008 -10.94 -10.727 -10.51 -10.275 -10.936 -10.738 -10.52 -10.346 -10.264 -10.729 -10.861 -10.636 -9.749 -9.283 -8.718 -10.753
0.039052 -10.392 -10.603 -10.775 -11.033 -11.015 -10.886 -10.789 -11.039 -11.012 -10.879 -10.663 -10.366 -11.041 -10.979 -10.771 -10.555 -10.322 -10.975 -10.781 -10.566 -10.393 -10.311 -10.772 -10.901 -10.68 -9.798 -9.333 -8.77 -10.795
0.040234 -10.404 -10.62 -10.797 -11.065 -11.052 -10.927 -10.816 -11.072 -11.049 -10.92 -10.707 -10.413 -11.073 -11.018 -10.814 -10.601 -10.369 -11.014 -10.824 -10.611 -10.44 -10.358 -10.814 -10.942 -10.724 -9.848 -9.384 -8.822 -10.836
0.04145 -10.416 -10.636 -10.819 -11.097 -11.089 -10.969 -10.843 -11.104 -11.087 -10.962 -10.752 -10.46 -11.106 -11.057 -10.857 -10.647 -10.416 -11.053 -10.867 -10.657 -10.486 -10.404 -10.857 -10.983 -10.768 -9.897 -9.435 -8.874 -10.878
0.042704 -10.427 -10.651 -10.84 -11.128 -11.126 -11.01 -10.87 -11.137 -11.124 -11.003 -10.796 -10.506 -11.138 -11.095 -10.9 -10.692 -10.463 -11.092 -10.91 -10.702 -10.533 -10.451 -10.899 -11.023 -10.812 -9.947 -9.486 -8.926 -10.919
0.043996 -10.437 -10.666 -10.86 -11.159 -11.163 -11.051 -10.896 -11.169 -11.16 -11.044 -10.84 -10.553 -11.17 -11.133 -10.943 -10.737 -10.51 -11.131 -10.953 -10.747 -10.579 -10.497 -10.941 -11.063 -10.856 -9.996 -9.536 -8.977 -10.96
0.045326 -10.448 -10.68 -10.881 -11.19 -11.199 -11.091 -10.922 -11.2 -11.197 -11.085 -10.884 -10.599 -11.201 -11.171 -10.986 -10.782 -10.557 -11.169 -10.996 -10.792 -10.625 -10.544 -10.982 -11.103 -10.9 -10.045 -9.587 -9.029 -11.001
0.046697 -10.457 -10.694 -10.901 -11.22 -11.235 -11.132 -10.948 -11.231 -11.233 -11.125 -10.927 -10.646 -11.232 -11.209 -11.028 -10.827 -10.604 -11.208 -11.038 -10.837 -10.671 -10.59 -11.024 -11.143 -10.943 -10.095 -9.638 -9.081 -11.042
0.048109 -10.466 -10.708 -10.92 -11.25 -11.271 -11.172 -10.974 -11.263 -11.269 -11.166 -10.971 -10.692 -11.263 -11.246 -11.071 -10.872 -10.65 -11.246 -11.08 -10.881 -10.717 -10.636 -11.066 -11.182 -10.987 -10.144 -9.688 -9.132 -11.083
0.049564 -10.474 -10.72 -10.939 -11.28 -11.307 -11.212 -10.999 -11.293 -11.305 -11.206 -11.014 -10.738 -11.293 -11.284 -11.113 -10.917 -10.697 -11.283 -11.122 -10.926 -10.763 -10.683 -11.107 -11.222 -11.03 -10.193 -9.739 -9.184 -11.123
0.051063 -10.482 -10.733 -10.957 -11.309 -11.342 -11.252 -11.025 -11.324 -11.34 -11.246 -11.058 -10.784 -11.324 -11.321 -11.155 -10.961 -10.743 -11.321 -11.164 -10.97 -10.809 -10.729 -11.148 -11.261 -11.073 -10.242 -9.789 -9.235 -11.164
0.052608 -10.49 -10.744 -10.976 -11.338 -11.378 -11.292 -11.05 -11.354 -11.375 -11.286 -11.101 -10.83 -11.353 -11.357 -11.197 -11.006 -10.79 -11.358 -11.206 -11.015 -10.855 -10.775 -11.189 -11.3 -11.116 -10.291 -9.839 -9.287 -11.204
0.054199 -10.497 -10.756 -10.993 -11.367 -11.412 -11.332 -11.074 -11.383 -11.41 -11.326 -11.144 -10.876 -11.383 -11.394 -11.238 -11.05 -10.836 -11.396 -11.247 -11.059 -10.9 -10.821 -11.23 -11.338 -11.159 -10.34 -9.89 -9.338 -11.244
0.055838 -10.503 -10.766 -11.01 -11.395 -11.447 -11.371 -11.099 -11.413 -11.445 -11.365 -11.186 -10.921 -11.412 -11.43 -11.28 -11.094 -10.882 -11.432 -11.289 -11.103 -10.946 -10.866 -11.27 -11.377 -11.201 -10.388 -9.94 -9.39 -11.284
0.057527 -10.509 -10.776 -11.027 -11.423 -11.481 -11.41 -11.123 -11.442 -11.479 -11.404 -11.229 -10.967 -11.441 -11.466 -11.321 -11.138 -10.928 -11.469 -11.33 -11.147 -10.991 -10.912 -11.311 -11.415 -11.244 -10.437 -9.99 -9.441 -11.323
0.059267 -10.514 -10.786 -11.043 -11.45 -11.516 -11.449 -11.146 -11.471 -11.513 -11.443 -11.271 -11.012 -11.469 -11.502 -11.362 -11.182 -10.974 -11.505 -11.371 -11.191 -11.036 -10.958 -11.351 -11.453 -11.286 -10.486 -10.04 -9.492 -11.362
0.061059 -10.519 -10.795 -11.059 -11.478 -11.549 -11.488 -11.17 -11.499 -11.547 -11.482 -11.314 -11.058 -11.498 -11.537 -11.403 -11.226 -11.019 -11.542 -11.412 -11.234 -11.081 -11.003 -11.391 -11.491 -11.328 -10.534 -10.09 -9.544 -11.402
0.062906 -10.523 -10.803 -11.075 -11.504 -11.583 -11.526 -11.193 -11.527 -11.581 -11.521 -11.356 -11.103 -11.525 -11.573 -11.444 -11.269 -11.065 -11.578 -11.453 -11.278 -11.126 -11.049 -11.431 -11.529 -11.37 -10.582 -10.14 -9.595 -11.441
0.064808 -10.526 -10.811 -11.089 -11.531 -11.616 -11.565 -11.216 -11.555 -11.614 -11.559 -11.398 -11.148 -11.553 -11.608 -11.484 -11.313 -11.11 -11.613 -11.493 -11.321 -11.171 -11.094 -11.471 -11.566 -11.411 -10.631 -10.19 -9.646 -11.479
0.066769 -10.529 -10.818 -11.104 -11.557 -11.649 -11.603 -11.239 -11.582 -11.647 -11.597 -11.44 -11.193 -11.58 -11.643 -11.525 -11.356 -11.156 -11.649 -11.533 -11.364 -11.216 -11.139 -11.51 -11.603 -11.453 -10.679 -10.24 -9.697 -11.518
0.068788 -10.532 -10.825 -11.118 -11.583 -11.682 -11.641 -11.261 -11.609 -11.68 -11.635 -11.481 -11.237 -11.606 -11.677 -11.565 -11.399 -11.201 -11.684 -11.573 -11.407 -11.26 -11.184 -11.549 -11.64 -11.494 -10.727 -10.289 -9.748 -11.556
0.070868 -10.534 -10.831 -11.131 -11.608 -11.714 -11.678 -11.283 -11.635 -11.712 -11.673 -11.523 -11.282 -11.633 -11.711 -11.605 -11.442 -11.246 -11.719 -11.613 -11.45 -11.305 -11.229 -11.588 -11.677 -11.536 -10.775 -10.339 -9.799 -11.595
0.073012 -10.535 -10.836 -11.144 -11.633 -11.746 -11.716 -11.305 -11.662 -11.744 -11.71 -11.564 -11.326 -11.659 -11.745 -11.645 -11.485 -11.291 -11.753 -11.653 -11.493 -11.349 -11.274 -11.627 -11.713 -11.577 -10.823 -10.388 -9.85 -11.633
0.07522 -10.536 -10.841 -11.156 -11.657 -11.778 -11.753 -11.327 -11.687 -11.776 -11.748 -11.605 -11.371 -11.684 -11.779 -11.684 -11.527 -11.336 -11.788 -11.692 -11.535 -11.393 -11.319 -11.666 -11.749 -11.617 -10.871 -10.438 -9.901 -11.67
0.077495 -10.536 -10.845 -11.168 -11.682 -11.809 -11.79 -11.348 -11.713 -11.807 -11.785 -11.646 -11.415 -11.709 -11.812 -11.724 -11.57 -11.38 -11.822 -11.732 -11.578 -11.438 -11.364 -11.704 -11.785 -11.658 -10.919 -10.487 -9.951 -11.708
0.079839 -10.535 -10.849 -11.18 -11.705 -11.84 -11.826 -11.369 -11.738 -11.838 -11.821 -11.686 -11.459 -11.734 -11.845 -11.763 -11.612 -11.425 -11.856 -11.771 -11.62 -11.481 -11.408 -11.742 -11.821 -11.698 -10.966 -10.537 -10.002 -11.745
