web/models/kne.last_good/kappa_0.5_3.0.v1/9/villar_0.0148_0.0927_3.0000.dat
# %ECSV 1.0
# ---
# datatype:
# - {name: time, datatype: float64}
# - {name: swift_uvot_uvw2, datatype: float64}
# - {name: swift_uvot_uvm2, datatype: float64}
# - {name: swift_uvot_uvw1, datatype: float64}
# - {name: swift_uvot_U, datatype: float64}
# - {name: swift_uvot_B, datatype: float64}
# - {name: swift_uvot_V, datatype: float64}
# - {name: swift_uvot_W, datatype: float64}
# - {name: johnson_U, datatype: float64}
# - {name: johnson_B, datatype: float64}
# - {name: johnson_V, datatype: float64}
# - {name: johnson_R, datatype: float64}
# - {name: johnson_I, datatype: float64}
# - {name: sdss_u, datatype: float64}
# - {name: sdss_g, datatype: float64}
# - {name: sdss_r, datatype: float64}
# - {name: sdss_i, datatype: float64}
# - {name: sdss_z, datatype: float64}
# - {name: PS1_g, datatype: float64}
# - {name: PS1_r, datatype: float64}
# - {name: PS1_i, datatype: float64}
# - {name: PS1_z, datatype: float64}
# - {name: PS1_Y, datatype: float64}
# - {name: PS1_w, datatype: float64}
# - {name: ATLAS_c, datatype: float64}
# - {name: ATLAS_o, datatype: float64}
# - {name: ukirt_J, datatype: float64}
# - {name: ukirt_H, datatype: float64}
# - {name: ukirt_K, datatype: float64}
# - {name: Clear, datatype: float64}
# meta: !!omap
# - comment: [kappa = 3.0, type = villar, mass = 0.014775890654408853, velocity = 0.09266666666666673, theta_obs = 0.0]
# schema: astropy-2.0
time swift_uvot_uvw2 swift_uvot_uvm2 swift_uvot_uvw1 swift_uvot_U swift_uvot_B swift_uvot_V swift_uvot_W johnson_U johnson_B johnson_V johnson_R johnson_I sdss_u sdss_g sdss_r sdss_i sdss_z PS1_g PS1_r PS1_i PS1_z PS1_Y PS1_w ATLAS_c ATLAS_o ukirt_J ukirt_H ukirt_K Clear
[from data line 219]
0.682197 -11.029 -11.423 -12.041 -12.97 -13.363 -13.545 -12.622 -13.048 -13.365 -13.545 -13.551 -13.443 -13.033 -13.439 -13.571 -13.532 -13.425 -13.478 -13.579 -13.54 -13.465 -13.422 -13.526 -13.51 -13.555 -13.079 -12.71 -12.224 -13.503
0.70283 -11.004 -11.399 -12.031 -12.975 -13.38 -13.57 -12.631 -13.055 -13.381 -13.57 -13.583 -13.48 -13.04 -13.459 -13.6 -13.566 -13.463 -13.499 -13.608 -13.574 -13.502 -13.46 -13.555 -13.534 -13.586 -13.122 -12.755 -12.271 -13.531
0.724086 -10.979 -11.374 -12.019 -12.98 -13.396 -13.595 -12.638 -13.062 -13.398 -13.596 -13.615 -13.517 -13.046 -13.479 -13.629 -13.6 -13.5 -13.52 -13.637 -13.608 -13.539 -13.499 -13.583 -13.558 -13.617 -13.165 -12.801 -12.319 -13.558
0.745986 -10.952 -11.347 -12.006 -12.984 -13.411 -13.62 -12.646 -13.068 -13.413 -13.62 -13.646 -13.554 -13.051 -13.498 -13.658 -13.634 -13.538 -13.54 -13.666 -13.642 -13.576 -13.538 -13.611 -13.581 -13.648 -13.208 -12.846 -12.367 -13.585
0.768548 -10.925 -11.319 -11.992 -12.987 -13.426 -13.644 -12.652 -13.073 -13.428 -13.644 -13.677 -13.59 -13.055 -13.516 -13.686 -13.667 -13.575 -13.559 -13.694 -13.676 -13.612 -13.576 -13.638 -13.604 -13.679 -13.25 -12.892 -12.414 -13.612
0.791792 -10.896 -11.29 -11.976 -12.989 -13.44 -13.667 -12.658 -13.077 -13.443 -13.668 -13.707 -13.626 -13.059 -13.533 -13.713 -13.7 -13.612 -13.578 -13.722 -13.709 -13.648 -13.613 -13.665 -13.626 -13.708 -13.292 -12.937 -12.462 -13.638
0.815739 -10.867 -11.259 -11.96 -12.99 -13.453 -13.689 -12.663 -13.08 -13.456 -13.691 -13.737 -13.662 -13.061 -13.55 -13.74 -13.733 -13.648 -13.596 -13.749 -13.741 -13.684 -13.651 -13.691 -13.648 -13.738 -13.334 -12.982 -12.509 -13.663
0.840411 -10.836 -11.227 -11.943 -12.99 -13.466 -13.712 -12.668 -13.082 -13.469 -13.713 -13.767 -13.697 -13.063 -13.566 -13.767 -13.765 -13.684 -13.614 -13.775 -13.773 -13.719 -13.688 -13.717 -13.668 -13.767 -13.376 -13.026 -12.556 -13.688
0.865828 -10.804 -11.193 -11.924 -12.989 -13.478 -13.733 -12.672 -13.084 -13.481 -13.735 -13.796 -13.732 -13.063 -13.581 -13.793 -13.796 -13.72 -13.631 -13.801 -13.805 -13.754 -13.725 -13.742 -13.689 -13.795 -13.418 -13.071 -12.603 -13.713
0.892015 -10.772 -11.158 -11.905 -12.987 -13.489 -13.754 -12.676 -13.084 -13.492 -13.756 -13.824 -13.767 -13.063 -13.596 -13.818 -13.827 -13.755 -13.647 -13.827 -13.836 -13.789 -13.762 -13.767 -13.708 -13.823 -13.459 -13.115 -12.65 -13.737
0.918993 -10.738 -11.121 -11.884 -12.984 -13.499 -13.774 -12.678 -13.083 -13.502 -13.776 -13.852 -13.801 -13.062 -13.61 -13.843 -13.858 -13.79 -13.662 -13.852 -13.867 -13.823 -13.798 -13.791 -13.727 -13.851 -13.5 -13.159 -12.696 -13.76
0.946787 -10.703 -11.083 -11.862 -12.979 -13.508 -13.793 -12.68 -13.081 -13.511 -13.796 -13.879 -13.835 -13.059 -13.623 -13.867 -13.888 -13.825 -13.677 -13.876 -13.897 -13.857 -13.834 -13.815 -13.746 -13.878 -13.54 -13.203 -12.743 -13.783
0.975422 -10.667 -11.042 -11.838 -12.974 -13.516 -13.812 -12.682 -13.078 -13.52 -13.815 -13.906 -13.868 -13.055 -13.635 -13.891 -13.918 -13.859 -13.691 -13.9 -13.927 -13.89 -13.869 -13.838 -13.763 -13.904 -13.58 -13.246 -12.789 -13.805
1.004923 -10.63 -11.001 -11.813 -12.967 -13.523 -13.83 -12.682 -13.074 -13.528 -13.833 -13.932 -13.901 -13.05 -13.646 -13.914 -13.947 -13.892 -13.704 -13.923 -13.956 -13.923 -13.904 -13.86 -13.78 -13.93 -13.62 -13.29 -12.835 -13.827
1.035317 -10.592 -10.957 -11.787 -12.96 -13.53 -13.847 -12.682 -13.069 -13.534 -13.851 -13.958 -13.933 -13.044 -13.657 -13.936 -13.976 -13.926 -13.716 -13.945 -13.985 -13.956 -13.939 -13.882 -13.796 -13.955 -13.66 -13.333 -12.881 -13.848
1.066629 -10.553 -10.911 -11.759 -12.951 -13.535 -13.863 -12.681 -13.062 -13.54 -13.867 -13.983 -13.965 -13.037 -13.666 -13.958 -14.004 -13.958 -13.727 -13.967 -14.013 -13.988 -13.973 -13.903 -13.811 -13.979 -13.699 -13.376 -12.926 -13.868
1.098888 -10.512 -10.864 -11.73 -12.94 -13.539 -13.879 -12.678 -13.055 -13.544 -13.883 -14.007 -13.996 -13.029 -13.675 -13.978 -14.031 -13.99 -13.737 -13.988 -14.041 -14.019 -14.007 -13.924 -13.825 -14.003 -13.738 -13.418 -12.972 -13.888
1.132124 -10.471 -10.814 -11.699 -12.929 -13.542 -13.893 -12.676 -13.046 -13.548 -13.898 -14.031 -14.027 -13.019 -13.682 -13.998 -14.058 -14.022 -13.747 -14.008 -14.068 -14.05 -14.04 -13.943 -13.839 -14.026 -13.777 -13.461 -13.017 -13.907
1.166364 -10.428 -10.763 -11.666 -12.915 -13.544 -13.907 -12.672 -13.035 -13.55 -13.912 -14.054 -14.057 -13.007 -13.689 -14.018 -14.084 -14.053 -13.755 -14.027 -14.094 -14.08 -14.073 -13.962 -13.851 -14.049 -13.815 -13.502 -13.062 -13.925
1.20164 -10.384 -10.709 -11.632 -12.901 -13.545 -13.92 -12.667 -13.023 -13.551 -13.925 -14.076 -14.087 -12.994 -13.694 -14.036 -14.11 -14.084 -13.762 -14.046 -14.12 -14.11 -14.105 -13.981 -13.863 -14.071 -13.853 -13.544 -13.106 -13.943
1.237983 -10.339 -10.653 -11.596 -12.885 -13.545 -13.931 -12.661 -13.01 -13.551 -13.937 -14.098 -14.116 -12.98 -13.698 -14.054 -14.134 -14.114 -13.769 -14.064 -14.145 -14.139 -14.137 -13.998 -13.874 -14.091 -13.89 -13.585 -13.151 -13.96
1.275425 -10.293 -10.594 -11.559 -12.867 -13.543 -13.942 -12.654 -12.995 -13.55 -13.949 -14.119 -14.144 -12.964 -13.701 -14.07 -14.158 -14.143 -13.774 -14.081 -14.169 -14.168 -14.168 -14.014 -13.883 -14.112 -13.927 -13.626 -13.195 -13.976
1.313999 -10.246 -10.533 -11.519 -12.847 -13.54 -13.952 -12.646 -12.978 -13.547 -13.959 -14.138 -14.172 -12.946 -13.703 -14.086 -14.182 -14.172 -13.778 -14.097 -14.193 -14.196 -14.198 -14.03 -13.892 -14.131 -13.964 -13.667 -13.239 -13.991
1.35374 -10.198 -10.47 -11.477 -12.826 -13.536 -13.96 -12.637 -12.96 -13.543 -13.968 -14.157 -14.199 -12.927 -13.704 -14.101 -14.204 -14.2 -13.78 -14.112 -14.215 -14.223 -14.228 -14.045 -13.899 -14.149 -14.0 -13.707 -13.282 -14.005
1.394683 -10.148 -10.404 -11.434 -12.803 -13.53 -13.968 -12.626 -12.94 -13.538 -13.975 -14.175 -14.226 -12.906 -13.703 -14.115 -14.226 -14.228 -13.782 -14.126 -14.237 -14.25 -14.258 -14.058 -13.906 -14.167 -14.035 -13.747 -13.326 -14.018
1.436864 -10.098 -10.335 -11.388 -12.778 -13.522 -13.974 -12.615 -12.918 -13.531 -13.982 -14.193 -14.251 -12.883 -13.701 -14.127 -14.247 -14.254 -13.782 -14.138 -14.258 -14.275 -14.287 -14.071 -13.911 -14.183 -14.07 -13.786 -13.369 -14.03
1.480321 -10.046 -10.263 -11.34 -12.751 -13.513 -13.979 -12.602 -12.894 -13.522 -13.987 -14.209 -14.276 -12.858 -13.697 -14.139 -14.266 -14.28 -13.781 -14.15 -14.278 -14.3 -14.315 -14.083 -13.914 -14.199 -14.105 -13.825 -13.411 -14.042
1.525092 -9.994 -10.188 -11.29 -12.722 -13.502 -13.982 -12.587 -12.868 -13.512 -13.991 -14.224 -14.3 -12.831 -13.692 -14.149 -14.285 -14.305 -13.778 -14.161 -14.297 -14.324 -14.342 -14.093 -13.917 -14.213 -14.139 -13.864 -13.453 -14.052
1.571218 -9.94 -10.11 -11.237 -12.69 -13.49 -13.984 -12.571 -12.84 -13.5 -13.994 -14.238 -14.323 -12.802 -13.685 -14.158 -14.303 -14.33 -13.773 -14.17 -14.315 -14.348 -14.368 -14.103 -13.918 -14.226 -14.172 -13.902 -13.495 -14.061
1.618738 -9.886 -10.029 -11.182 -12.656 -13.476 -13.985 -12.554 -12.81 -13.486 -13.995 -14.25 -14.345 -12.77 -13.676 -14.166 -14.32 -14.353 -13.768 -14.178 -14.332 -14.37 -14.394 -14.111 -13.917 -14.238 -14.205 -13.94 -13.537 -14.069
1.667696 -9.831 -9.944 -11.124 -12.62 -13.459 -13.984 -12.535 -12.777 -13.47 -13.995 -14.262 -14.367 -12.736 -13.666 -14.172 -14.336 -14.375 -13.76 -14.185 -14.348 -14.392 -14.419 -14.118 -13.915 -14.249 -14.237 -13.977 -13.578 -14.076
1.718134 -9.775 -9.855 -11.063 -12.582 -13.441 -13.981 -12.514 -12.742 -13.452 -13.992 -14.272 -14.387 -12.7 -13.654 -14.177 -14.35 -14.397 -13.75 -14.19 -14.363 -14.412 -14.443 -14.123 -13.912 -14.259 -14.268 -14.013 -13.618 -14.081
1.770098 -9.718 -9.762 -11.0 -12.54 -13.42 -13.976 -12.492 -12.705 -13.432 -13.989 -14.281 -14.406 -12.661 -13.64 -14.181 -14.363 -14.417 -13.739 -14.194 -14.377 -14.431 -14.466 -14.127 -13.906 -14.267 -14.298 -14.049 -13.659 -14.085
1.823633 -9.661 -9.666 -10.933 -12.496 -13.398 -13.97 -12.468 -12.664 -13.41 -13.983 -14.289 -14.424 -12.619 -13.623 -14.183 -14.375 -14.436 -13.726 -14.196 -14.389 -14.45 -14.488 -14.13 -13.899 -14.274 -14.328 -14.084 -13.698 -14.088
1.878788 -9.604 -9.565 -10.863 -12.449 -13.373 -13.962 -12.441 -12.621 -13.386 -13.976 -14.295 -14.441 -12.574 -13.605 -14.183 -14.386 -14.455 -13.711 -14.197 -14.4 -14.467 -14.509 -14.131 -13.89 -14.279 -14.357 -14.119 -13.737 -14.089
1.93561 -9.546 -9.46 -10.79 -12.399 -13.345 -13.952 -12.413 -12.575 -13.359 -13.966 -14.299 -14.456 -12.526 -13.584 -14.181 -14.395 -14.472 -13.693 -14.196 -14.409 -14.482 -14.529 -14.131 -13.879 -14.283 -14.385 -14.153 -13.776 -14.089
1.994152 -9.488 -9.349 -10.714 -12.345 -13.315 -13.939 -12.383 -12.525 -13.329 -13.955 -14.302 -14.471 -12.475 -13.561 -14.178 -14.402 -14.487 -13.673 -14.193 -14.417 -14.497 -14.547 -14.128 -13.866 -14.285 -14.412 -14.186 -13.814 -14.087
2.054463 -9.43 -9.234 -10.633 -12.288 -13.281 -13.925 -12.35 -12.472 -13.297 -13.941 -14.303 -14.484 -12.42 -13.535 -14.172 -14.408 -14.501 -13.651 -14.188 -14.423 -14.51 -14.565 -14.124 -13.851 -14.285 -14.438 -14.218 -13.851 -14.084
2.116599 -9.372 -9.114 -10.549 -12.227 -13.245 -13.908 -12.315 -12.416 -13.261 -13.925 -14.303 -14.495 -12.362 -13.507 -14.165 -14.412 -14.514 -13.626 -14.181 -14.428 -14.521 -14.581 -14.118 -13.833 -14.283 -14.463 -14.25 -13.888 -14.078
2.180614 -9.315 -8.988 -10.461 -12.162 -13.206 -13.888 -12.277 -12.356 -13.223 -13.906 -14.3 -14.505 -12.3 -13.475 -14.155 -14.415 -14.526 -13.599 -14.172 -14.431 -14.531 -14.596 -14.11 -13.813 -14.279 -14.487 -14.281 -13.924 -14.071
2.246566 -9.258 -8.856 -10.369 -12.094 -13.163 -13.866 -12.237 -12.291 -13.181 -13.884 -14.295 -14.513 -12.234 -13.441 -14.143 -14.415 -14.535 -13.568 -14.16 -14.432 -14.54 -14.609 -14.1 -13.79 -14.274 -14.51 -14.311 -13.96 -14.061
2.314511 -9.202 -8.718 -10.272 -12.02 -13.117 -13.841 -12.194 -12.223 -13.136 -13.86 -14.288 -14.52 -12.163 -13.403 -14.128 -14.413 -14.543 -13.535 -14.146 -14.43 -14.546 -14.621 -14.087 -13.765 -14.265 -14.532 -14.34 -13.994 -14.05
2.384512 -9.146 -8.574 -10.171 -11.942 -13.068 -13.813 -12.147 -12.15 -13.087 -13.833 -14.279 -14.524 -12.088 -13.362 -14.111 -14.41 -14.549 -13.498 -14.129 -14.427 -14.551 -14.631 -14.072 -13.736 -14.255 -14.552 -14.367 -14.028 -14.036
2.45663 -9.092 -8.422 -10.064 -11.859 -13.014 -13.781 -12.098 -12.072 -13.034 -13.803 -14.267 -14.527 -12.008 -13.317 -14.091 -14.403 -14.554 -13.458 -14.11 -14.421 -14.554 -14.639 -14.055 -13.704 -14.242 -14.571 -14.394 -14.061 -14.02
2.530929 -9.039 -8.264 -9.953 -11.771 -12.956 -13.746 -12.045 -11.989 -12.978 -13.769 -14.252 -14.527 -11.923 -13.269 -14.067 -14.395 -14.556 -13.415 -14.088 -14.413 -14.554 -14.645 -14.034 -13.669 -14.226 -14.588 -14.42 -14.093 -14.001
2.607475 -8.987 -8.097 -9.836 -11.677 -12.893 -13.708 -11.989 -11.901 -12.916 -13.732 -14.235 -14.525 -11.832 -13.216 -14.041 -14.384 -14.556 -13.367 -14.062 -14.403 -14.553 -14.65 -14.011 -13.631 -14.208 -14.604 -14.444 -14.125 -13.98
2.686337 -8.937 -7.923 -9.713 -11.578 -12.826 -13.665 -11.929 -11.807 -12.85 -13.691 -14.215 -14.521 -11.736 -13.159 -14.011 -14.369 -14.553 -13.316 -14.033 -14.389 -14.549 -14.652 -13.985 -13.588 -14.186 -14.618 -14.467 -14.155 -13.956
2.767583 -8.888 -7.739 -9.584 -11.471 -12.753 -13.619 -11.864 -11.707 -12.779 -13.645 -14.191 -14.514 -11.633 -13.097 -13.978 -14.352 -14.548 -13.26 -14.001 -14.373 -14.542 -14.652 -13.955 -13.542 -14.161 -14.631 -14.489 -14.184 -13.929
2.851287 -8.84 -7.547 -9.448 -11.358 -12.675 -13.568 -11.796 -11.6 -12.702 -13.596 -14.164 -14.505 -11.523 -13.03 -13.941 -14.332 -14.541 -13.199 -13.965 -14.353 -14.533 -14.649 -13.922 -13.491 -14.133 -14.641 -14.509 -14.212 -13.899
2.937522 -8.794 -7.346 -9.306 -11.238 -12.591 -13.512 -11.723 -11.486 -12.62 -13.541 -14.133 -14.493 -11.406 -12.958 -13.899 -14.308 -14.53 -13.134 -13.924 -14.33 -14.52 -14.644 -13.885 -13.436 -14.101 -14.65 -14.528 -14.238 -13.865
3.026365 -8.75 -7.134 -9.157 -11.11 -12.501 -13.451 -11.645 -11.365 -12.532 -13.482 -14.099 -14.477 -11.282 -12.88 -13.853 -14.281 -14.517 -13.063 -13.88 -14.303 -14.505 -14.636 -13.844 -13.376 -14.065 -14.656 -14.545 -14.264 -13.828
3.117896 -8.707 -6.912 -9.0 -10.974 -12.404 -13.384 -11.562 -11.235 -12.437 -13.417 -14.06 -14.458 -11.149 -12.796 -13.802 -14.249 -14.5 -12.987 -13.83 -14.273 -14.486 -14.625 -13.799 -13.31 -14.025 -14.66 -14.56 -14.288 -13.787
3.212194 -8.665 -6.679 -8.835 -10.829 -12.3 -13.312 -11.473 -11.097 -12.335 -13.347 -14.017 -14.436 -11.008 -12.705 -13.747 -14.214 -14.479 -12.905 -13.776 -14.238 -14.463 -14.611 -13.749 -13.239 -13.98 -14.661 -14.573 -14.31 -13.742
3.309345 -8.624 -6.436 -8.662 -10.674 -12.189 -13.233 -11.378 -10.95 -12.225 -13.27 -13.969 -14.409 -10.857 -12.608 -13.685 -14.174 -14.455 -12.816 -13.716 -14.199 -14.437 -14.594 -13.694 -13.162 -13.93 -14.66 -14.584 -14.331 -13.692
3.409434 -8.584 -6.181 -8.48 -10.508 -12.069 -13.148 -11.277 -10.793 -12.107 -13.187 -13.916 -14.379 -10.695 -12.502 -13.618 -14.129 -14.427 -12.721 -13.651 -14.155 -14.406 -14.572 -13.634 -13.078 -13.875 -14.655 -14.593 -14.35 -13.638
3.51255 -8.545 -5.916 -8.288 -10.332 -11.94 -13.055 -11.17 -10.625 -11.981 -13.097 -13.857 -14.344 -10.523 -12.389 -13.544 -14.078 -14.394 -12.619 -13.579 -14.106 -14.371 -14.547 -13.568 -12.988 -13.814 -14.648 -14.599 -14.367 -13.58
3.618785 -8.505 -5.64 -8.087 -10.144 -11.801 -12.955 -11.055 -10.446 -11.845 -12.999 -13.792 -14.304 -10.339 -12.267 -13.464 -14.022 -14.357 -12.509 -13.501 -14.051 -14.331 -14.518 -13.496 -12.89 -13.748 -14.637 -14.603 -14.382 -13.516
3.728232 -8.466 -5.356 -7.874 -9.943 -11.652 -12.846 -10.932 -10.254 -11.699 -12.892 -13.721 -14.259 -10.143 -12.135 -13.376 -13.96 -14.314 -12.391 -13.416 -13.99 -14.286 -14.484 -13.418 -12.784 -13.674 -14.623 -14.604 -14.396 -13.447
3.84099 -8.426 -5.064 -7.651 -9.728 -11.492 -12.727 -10.801 -10.048 -11.542 -12.777 -13.642 -14.208 -9.932 -11.993 -13.28 -13.891 -14.266 -12.264 -13.323 -13.923 -14.235 -14.444 -13.333 -12.669 -13.594 -14.604 -14.602 -14.406 -13.371
3.957158 -8.384 -4.768 -7.416 -9.498 -11.32 -12.599 -10.661 -9.829 -11.373 -12.652 -13.557 -14.152 -9.707 -11.84 -13.175 -13.815 -14.212 -12.129 -13.221 -13.848 -14.178 -14.4 -13.24 -12.545 -13.506 -14.582 -14.597 -14.415 -13.29
4.07684 -8.341 -4.472 -7.169 -9.252 -11.135 -12.46 -10.512 -9.593 -11.192 -12.516 -13.463 -14.089 -9.466 -11.675 -13.061 -13.732 -14.151 -11.983 -13.111 -13.766 -14.114 -14.349 -13.139 -12.41 -13.41 -14.555 -14.588 -14.421 -13.202
4.200141 -8.297 -4.181 -6.908 -8.988 -10.935 -12.31 -10.352 -9.341 -10.997 -12.369 -13.36 -14.018 -9.207 -11.497 -12.937 -13.639 -14.084 -11.828 -12.991 -13.676 -14.043 -14.293 -13.028 -12.265 -13.305 -14.522 -14.575 -14.423 -13.107
4.327172 -8.249 -3.903 -6.633 -8.705 -10.721 -12.146 -10.181 -9.07 -10.786 -12.21 -13.248 -13.94 -8.929 -11.305 -12.801 -13.538 -14.009 -11.662 -12.86 -13.577 -13.964 -14.229 -12.909 -12.108 -13.19 -14.485 -14.558 -14.423 -13.005
4.458044 -8.199 -3.644 -6.343 -8.402 -10.489 -11.969 -9.999 -8.778 -10.56 -12.037 -13.125 -13.854 -8.631 -11.098 -12.654 -13.427 -13.925 -11.485 -12.718 -13.468 -13.877 -14.158 -12.778 -11.938 -13.064 -14.441 -14.537 -14.419 -12.894
4.592874 -8.146 -3.41 -6.036 -8.076 -10.239 -11.777 -9.804 -8.465 -10.316 -11.85 -12.991 -13.758 -8.31 -10.874 -12.493 -13.305 -13.832 -11.297 -12.564 -13.348 -13.781 -14.079 -12.637 -11.753 -12.927 -14.391 -14.511 -14.412 -12.776
4.731783 -8.088 -3.206 -5.712 -7.725 -9.97 -11.569 -9.595 -8.129 -10.052 -11.647 -12.845 -13.653 -7.965 -10.632 -12.319 -13.171 -13.73 -11.097 -12.397 -13.217 -13.674 -13.991 -12.483 -11.554 -12.778 -14.334 -14.479 -14.401 -12.649
4.874892 -8.026 -3.031 -5.369 -7.347 -9.678 -11.342 -9.372 -7.766 -9.768 -11.426 -12.685 -13.536 -7.593 -10.371 -12.128 -13.024 -13.616 -10.886 -12.215 -13.074 -13.556 -13.893 -12.316 -11.338 -12.614 -14.269 -14.442 -14.385 -12.512
