web/models/kne.last_good/kappa_1_10/31/villar_0.1775_0.1553_1.0000.dat
# %ECSV 1.0
# ---
# datatype:
# - {name: time, datatype: float64}
# - {name: swift_uvot_uvw2, datatype: float64}
# - {name: swift_uvot_uvm2, datatype: float64}
# - {name: swift_uvot_uvw1, datatype: float64}
# - {name: swift_uvot_U, datatype: float64}
# - {name: swift_uvot_B, datatype: float64}
# - {name: swift_uvot_V, datatype: float64}
# - {name: swift_uvot_W, datatype: float64}
# - {name: johnson_U, datatype: float64}
# - {name: johnson_B, datatype: float64}
# - {name: johnson_V, datatype: float64}
# - {name: johnson_R, datatype: float64}
# - {name: johnson_I, datatype: float64}
# - {name: sdss_u, datatype: float64}
# - {name: sdss_g, datatype: float64}
# - {name: sdss_r, datatype: float64}
# - {name: sdss_i, datatype: float64}
# - {name: sdss_z, datatype: float64}
# - {name: PS1_g, datatype: float64}
# - {name: PS1_r, datatype: float64}
# - {name: PS1_i, datatype: float64}
# - {name: PS1_z, datatype: float64}
# - {name: PS1_Y, datatype: float64}
# - {name: PS1_w, datatype: float64}
# - {name: ATLAS_c, datatype: float64}
# - {name: ATLAS_o, datatype: float64}
# - {name: ukirt_J, datatype: float64}
# - {name: ukirt_H, datatype: float64}
# - {name: ukirt_K, datatype: float64}
# - {name: Clear, datatype: float64}
# meta: !!omap
# - comment: [kappa = 1.0, type = villar, mass = 0.1774768329891343, velocity = 0.15533333333333332, theta_obs = 0.0]
# schema: astropy-2.0
time swift_uvot_uvw2 swift_uvot_uvm2 swift_uvot_uvw1 swift_uvot_U swift_uvot_B swift_uvot_V swift_uvot_W johnson_U johnson_B johnson_V johnson_R johnson_I sdss_u sdss_g sdss_r sdss_i sdss_z PS1_g PS1_r PS1_i PS1_z PS1_Y PS1_w ATLAS_c ATLAS_o ukirt_J ukirt_H ukirt_K Clear
[from data line 147]
0.079839 -13.177 -13.185 -13.164 -13.032 -12.811 -12.531 -13.036 -13.002 -12.808 -12.522 -12.202 -11.813 -13.009 -12.724 -12.35 -12.05 -11.756 -12.707 -12.371 -12.075 -11.866 -11.808 -12.386 -12.578 -12.226 -11.145 -10.633 -10.031 -12.441
0.082253 -13.205 -13.217 -13.199 -13.073 -12.856 -12.578 -13.072 -13.044 -12.852 -12.569 -12.25 -11.863 -13.051 -12.769 -12.398 -12.099 -11.806 -12.752 -12.418 -12.123 -11.915 -11.855 -12.433 -12.625 -12.274 -11.197 -10.686 -10.084 -12.487
0.084741 -13.233 -13.249 -13.233 -13.114 -12.9 -12.625 -13.108 -13.085 -12.896 -12.615 -12.299 -11.913 -13.093 -12.814 -12.445 -12.148 -11.856 -12.797 -12.466 -12.172 -11.964 -11.903 -12.48 -12.671 -12.322 -11.248 -10.738 -10.137 -12.534
0.087304 -13.26 -13.28 -13.268 -13.155 -12.944 -12.671 -13.143 -13.127 -12.94 -12.662 -12.347 -11.962 -13.134 -12.859 -12.493 -12.197 -11.906 -12.842 -12.513 -12.22 -12.013 -11.951 -12.527 -12.717 -12.37 -11.299 -10.79 -10.189 -12.58
0.089944 -13.287 -13.311 -13.302 -13.195 -12.988 -12.718 -13.179 -13.168 -12.984 -12.708 -12.395 -12.012 -13.175 -12.904 -12.54 -12.246 -11.955 -12.887 -12.56 -12.269 -12.062 -11.999 -12.574 -12.762 -12.418 -11.35 -10.842 -10.242 -12.626
0.092665 -13.314 -13.342 -13.335 -13.236 -13.032 -12.764 -13.214 -13.209 -13.028 -12.755 -12.443 -12.061 -13.216 -12.948 -12.587 -12.294 -12.005 -12.932 -12.607 -12.317 -12.11 -12.046 -12.62 -12.808 -12.466 -11.402 -10.894 -10.295 -12.672
0.095467 -13.34 -13.372 -13.369 -13.276 -13.075 -12.81 -13.249 -13.25 -13.072 -12.801 -12.491 -12.111 -13.257 -12.993 -12.635 -12.343 -12.055 -12.976 -12.654 -12.365 -12.159 -12.094 -12.667 -12.854 -12.514 -11.453 -10.946 -10.347 -12.718
0.098355 -13.366 -13.403 -13.402 -13.316 -13.119 -12.856 -13.284 -13.291 -13.115 -12.847 -12.539 -12.16 -13.297 -13.037 -12.682 -12.392 -12.104 -13.021 -12.701 -12.413 -12.208 -12.142 -12.713 -12.899 -12.562 -11.504 -10.997 -10.4 -12.764
0.101329 -13.392 -13.432 -13.435 -13.356 -13.162 -12.902 -13.319 -13.331 -13.159 -12.893 -12.586 -12.21 -13.338 -13.081 -12.729 -12.44 -12.154 -13.065 -12.748 -12.461 -12.256 -12.189 -12.76 -12.945 -12.609 -11.555 -11.049 -10.452 -12.81
0.104394 -13.418 -13.462 -13.468 -13.396 -13.206 -12.948 -13.353 -13.372 -13.202 -12.939 -12.634 -12.259 -13.378 -13.125 -12.776 -12.489 -12.204 -13.109 -12.794 -12.509 -12.305 -12.237 -12.806 -12.99 -12.657 -11.606 -11.101 -10.505 -12.856
0.107551 -13.443 -13.491 -13.5 -13.436 -13.249 -12.994 -13.387 -13.412 -13.245 -12.984 -12.682 -12.308 -13.418 -13.169 -12.823 -12.537 -12.253 -13.154 -12.841 -12.557 -12.353 -12.285 -12.852 -13.035 -12.704 -11.657 -11.153 -10.557 -12.902
0.110804 -13.468 -13.52 -13.533 -13.475 -13.292 -13.039 -13.421 -13.452 -13.288 -13.03 -12.729 -12.357 -13.458 -13.213 -12.87 -12.585 -12.302 -13.198 -12.887 -12.605 -12.402 -12.332 -12.899 -13.08 -12.752 -11.708 -11.205 -10.61 -12.947
0.114155 -13.492 -13.549 -13.565 -13.514 -13.334 -13.085 -13.455 -13.492 -13.331 -13.076 -12.776 -12.406 -13.498 -13.257 -12.916 -12.634 -12.352 -13.242 -12.934 -12.653 -12.45 -12.38 -12.945 -13.125 -12.799 -11.759 -11.256 -10.662 -12.992
0.117608 -13.516 -13.577 -13.596 -13.553 -13.377 -13.13 -13.489 -13.531 -13.374 -13.121 -12.824 -12.455 -13.537 -13.301 -12.963 -12.682 -12.401 -13.285 -12.98 -12.701 -12.498 -12.427 -12.991 -13.17 -12.846 -11.81 -11.308 -10.715 -13.038
0.121165 -13.54 -13.605 -13.628 -13.592 -13.42 -13.175 -13.522 -13.571 -13.416 -13.166 -12.871 -12.504 -13.577 -13.344 -13.009 -12.73 -12.45 -13.329 -13.026 -12.749 -12.546 -12.475 -13.036 -13.214 -12.893 -11.86 -11.36 -10.767 -13.083
0.124829 -13.563 -13.633 -13.659 -13.631 -13.462 -13.22 -13.556 -13.61 -13.458 -13.212 -12.918 -12.553 -13.616 -13.387 -13.056 -12.778 -12.499 -13.372 -13.072 -12.796 -12.595 -12.522 -13.082 -13.259 -12.94 -11.911 -11.411 -10.819 -13.128
0.128605 -13.587 -13.66 -13.69 -13.669 -13.504 -13.266 -13.589 -13.649 -13.501 -13.257 -12.965 -12.602 -13.655 -13.431 -13.102 -12.826 -12.548 -13.416 -13.118 -12.844 -12.643 -12.57 -13.128 -13.303 -12.987 -11.962 -11.463 -10.872 -13.173
0.132494 -13.609 -13.687 -13.72 -13.707 -13.546 -13.31 -13.621 -13.688 -13.543 -13.302 -13.012 -12.651 -13.694 -13.474 -13.148 -12.873 -12.597 -13.459 -13.164 -12.891 -12.691 -12.617 -13.173 -13.348 -13.034 -12.012 -11.515 -10.924 -13.218
0.136502 -13.632 -13.713 -13.75 -13.745 -13.588 -13.355 -13.654 -13.726 -13.585 -13.346 -13.059 -12.699 -13.732 -13.516 -13.194 -12.921 -12.646 -13.502 -13.21 -12.939 -12.739 -12.665 -13.218 -13.392 -13.081 -12.063 -11.566 -10.976 -13.263
0.14063 -13.654 -13.74 -13.78 -13.783 -13.63 -13.4 -13.686 -13.765 -13.626 -13.391 -13.106 -12.748 -13.771 -13.559 -13.24 -12.969 -12.695 -13.545 -13.256 -12.986 -12.787 -12.712 -13.264 -13.436 -13.127 -12.113 -11.617 -11.029 -13.307
0.144883 -13.675 -13.765 -13.81 -13.82 -13.671 -13.444 -13.718 -13.803 -13.668 -13.436 -13.152 -12.796 -13.809 -13.602 -13.286 -13.016 -12.744 -13.588 -13.302 -13.033 -12.835 -12.759 -13.309 -13.48 -13.174 -12.164 -11.669 -11.081 -13.352
0.149265 -13.696 -13.791 -13.839 -13.858 -13.713 -13.489 -13.75 -13.841 -13.709 -13.48 -13.199 -12.845 -13.847 -13.644 -13.332 -13.064 -12.792 -13.631 -13.347 -13.08 -12.883 -12.807 -13.354 -13.524 -13.22 -12.214 -11.72 -11.133 -13.396
0.15378 -13.717 -13.816 -13.868 -13.895 -13.754 -13.533 -13.782 -13.879 -13.751 -13.525 -13.245 -12.893 -13.884 -13.686 -13.378 -13.111 -12.841 -13.673 -13.393 -13.127 -12.93 -12.854 -13.399 -13.567 -13.267 -12.265 -11.772 -11.185 -13.44
0.15843 -13.738 -13.841 -13.897 -13.932 -13.795 -13.577 -13.813 -13.917 -13.792 -13.569 -13.292 -12.941 -13.922 -13.729 -13.423 -13.158 -12.889 -13.715 -13.438 -13.174 -12.978 -12.901 -13.444 -13.611 -13.313 -12.315 -11.823 -11.237 -13.484
0.163222 -13.758 -13.865 -13.925 -13.968 -13.836 -13.621 -13.845 -13.954 -13.832 -13.613 -13.338 -12.989 -13.959 -13.771 -13.469 -13.206 -12.938 -13.758 -13.483 -13.221 -13.026 -12.948 -13.488 -13.654 -13.359 -12.365 -11.874 -11.289 -13.529
0.168159 -13.777 -13.889 -13.954 -14.005 -13.877 -13.665 -13.876 -13.991 -13.873 -13.657 -13.384 -13.038 -13.996 -13.812 -13.514 -13.253 -12.986 -13.8 -13.528 -13.268 -13.073 -12.995 -13.533 -13.698 -13.405 -12.416 -11.925 -11.341 -13.572
0.173245 -13.797 -13.913 -13.981 -14.041 -13.917 -13.709 -13.906 -14.028 -13.914 -13.701 -13.43 -13.086 -14.033 -13.854 -13.559 -13.3 -13.035 -13.842 -13.573 -13.315 -13.121 -13.042 -13.577 -13.741 -13.451 -12.466 -11.977 -11.393 -13.616
0.178484 -13.816 -13.936 -14.009 -14.077 -13.957 -13.753 -13.937 -14.065 -13.954 -13.744 -13.476 -13.134 -14.07 -13.896 -13.604 -13.347 -13.083 -13.883 -13.618 -13.361 -13.168 -13.089 -13.622 -13.784 -13.497 -12.516 -12.028 -11.445 -13.66
0.183882 -13.834 -13.959 -14.036 -14.113 -13.998 -13.796 -13.967 -14.101 -13.994 -13.788 -13.522 -13.181 -14.106 -13.937 -13.649 -13.393 -13.131 -13.925 -13.663 -13.408 -13.216 -13.136 -13.666 -13.826 -13.542 -12.566 -12.079 -11.497 -13.703
0.189444 -13.852 -13.982 -14.063 -14.148 -14.038 -13.84 -13.997 -14.138 -14.034 -13.831 -13.568 -13.229 -14.142 -13.978 -13.694 -13.44 -13.179 -13.967 -13.707 -13.454 -13.263 -13.183 -13.71 -13.869 -13.588 -12.616 -12.13 -11.549 -13.747
0.195173 -13.87 -14.004 -14.089 -14.183 -14.077 -13.883 -14.027 -14.174 -14.074 -13.875 -13.613 -13.277 -14.178 -14.019 -13.739 -13.487 -13.227 -14.008 -13.752 -13.501 -13.31 -13.23 -13.754 -13.912 -13.633 -12.666 -12.181 -11.601 -13.79
0.201076 -13.887 -14.025 -14.115 -14.218 -14.117 -13.926 -14.057 -14.209 -14.114 -13.918 -13.659 -13.324 -14.214 -14.06 -13.783 -13.533 -13.275 -14.049 -13.796 -13.547 -13.357 -13.277 -13.798 -13.954 -13.679 -12.716 -12.232 -11.653 -13.833
0.207158 -13.904 -14.046 -14.141 -14.253 -14.156 -13.969 -14.086 -14.245 -14.153 -13.961 -13.704 -13.372 -14.249 -14.1 -13.828 -13.58 -13.323 -14.09 -13.841 -13.593 -13.404 -13.324 -13.841 -13.996 -13.724 -12.766 -12.283 -11.705 -13.876
0.213423 -13.92 -14.067 -14.166 -14.288 -14.196 -14.012 -14.115 -14.28 -14.192 -14.004 -13.75 -13.419 -14.284 -14.141 -13.872 -13.626 -13.371 -14.131 -13.885 -13.639 -13.451 -13.37 -13.885 -14.038 -13.769 -12.815 -12.334 -11.757 -13.919
0.219878 -13.936 -14.088 -14.192 -14.322 -14.235 -14.054 -14.144 -14.315 -14.231 -14.046 -13.795 -13.467 -14.319 -14.181 -13.916 -13.672 -13.418 -14.171 -13.929 -13.685 -13.498 -13.417 -13.928 -14.08 -13.814 -12.865 -12.385 -11.808 -13.961
0.226528 -13.951 -14.108 -14.216 -14.356 -14.273 -14.097 -14.173 -14.35 -14.27 -14.089 -13.84 -13.514 -14.354 -14.221 -13.96 -13.718 -13.466 -14.212 -13.973 -13.731 -13.545 -13.464 -13.972 -14.122 -13.859 -12.915 -12.435 -11.86 -14.004
0.233379 -13.966 -14.127 -14.241 -14.389 -14.312 -14.139 -14.201 -14.385 -14.309 -14.131 -13.885 -13.561 -14.388 -14.261 -14.004 -13.764 -13.513 -14.252 -14.016 -13.777 -13.592 -13.51 -14.015 -14.163 -13.904 -12.964 -12.486 -11.912 -14.046
0.240437 -13.981 -14.146 -14.265 -14.423 -14.35 -14.181 -14.229 -14.419 -14.347 -14.173 -13.93 -13.608 -14.422 -14.301 -14.048 -13.81 -13.561 -14.292 -14.06 -13.823 -13.639 -13.557 -14.058 -14.205 -13.948 -13.014 -12.537 -11.963 -14.088
0.247709 -13.995 -14.165 -14.288 -14.456 -14.389 -14.223 -14.257 -14.453 -14.386 -14.215 -13.974 -13.655 -14.456 -14.34 -14.092 -13.856 -13.608 -14.332 -14.104 -13.868 -13.685 -13.603 -14.1 -14.246 -13.993 -13.063 -12.587 -12.015 -14.13
0.255201 -14.009 -14.183 -14.311 -14.489 -14.427 -14.265 -14.285 -14.487 -14.424 -14.257 -14.019 -13.702 -14.49 -14.38 -14.135 -13.902 -13.655 -14.372 -14.147 -13.914 -13.732 -13.65 -14.143 -14.287 -14.037 -13.113 -12.638 -12.066 -14.172
0.262919 -14.022 -14.201 -14.334 -14.521 -14.464 -14.307 -14.312 -14.52 -14.461 -14.299 -14.063 -13.749 -14.523 -14.419 -14.179 -13.947 -13.702 -14.411 -14.19 -13.959 -13.778 -13.696 -14.186 -14.328 -14.082 -13.162 -12.688 -12.118 -14.214
0.270871 -14.034 -14.218 -14.357 -14.554 -14.502 -14.348 -14.339 -14.553 -14.499 -14.34 -14.107 -13.795 -14.556 -14.458 -14.222 -13.993 -13.749 -14.451 -14.233 -14.004 -13.824 -13.742 -14.228 -14.369 -14.126 -13.211 -12.739 -12.169 -14.256
0.279064 -14.047 -14.235 -14.379 -14.586 -14.539 -14.389 -14.366 -14.586 -14.536 -14.382 -14.152 -13.842 -14.589 -14.496 -14.265 -14.038 -13.796 -14.49 -14.276 -14.049 -13.871 -13.788 -14.27 -14.409 -14.17 -13.261 -12.789 -12.221 -14.297
0.287504 -14.058 -14.251 -14.4 -14.617 -14.576 -14.43 -14.392 -14.619 -14.573 -14.423 -14.196 -13.889 -14.621 -14.535 -14.308 -14.083 -13.843 -14.529 -14.319 -14.094 -13.917 -13.835 -14.312 -14.449 -14.213 -13.31 -12.84 -12.272 -14.338
0.296199 -14.069 -14.267 -14.422 -14.649 -14.613 -14.471 -14.419 -14.651 -14.61 -14.464 -14.239 -13.935 -14.653 -14.573 -14.351 -14.128 -13.89 -14.567 -14.362 -14.139 -13.963 -13.881 -14.354 -14.49 -14.257 -13.359 -12.89 -12.324 -14.38
0.305157 -14.08 -14.282 -14.442 -14.68 -14.65 -14.512 -14.445 -14.683 -14.647 -14.505 -14.283 -13.981 -14.685 -14.611 -14.393 -14.173 -13.936 -14.606 -14.404 -14.184 -14.009 -13.927 -14.396 -14.529 -14.301 -13.408 -12.94 -12.375 -14.421
0.314387 -14.09 -14.297 -14.463 -14.71 -14.686 -14.553 -14.471 -14.715 -14.683 -14.546 -14.327 -14.027 -14.717 -14.649 -14.436 -14.218 -13.983 -14.644 -14.446 -14.229 -14.055 -13.972 -14.438 -14.569 -14.344 -13.457 -12.991 -12.426 -14.461
0.323895 -14.1 -14.311 -14.483 -14.741 -14.722 -14.593 -14.496 -14.746 -14.719 -14.586 -14.37 -14.073 -14.748 -14.687 -14.478 -14.263 -14.029 -14.682 -14.488 -14.273 -14.1 -14.018 -14.479 -14.609 -14.387 -13.505 -13.041 -12.477 -14.502
0.333691 -14.109 -14.325 -14.502 -14.771 -14.758 -14.633 -14.521 -14.777 -14.755 -14.626 -14.414 -14.119 -14.779 -14.724 -14.52 -14.307 -14.076 -14.72 -14.53 -14.318 -14.146 -14.064 -14.52 -14.648 -14.431 -13.554 -13.091 -12.529 -14.542
0.343783 -14.118 -14.338 -14.521 -14.801 -14.794 -14.673 -14.546 -14.808 -14.791 -14.666 -14.457 -14.165 -14.81 -14.761 -14.562 -14.352 -14.122 -14.758 -14.572 -14.362 -14.192 -14.11 -14.561 -14.687 -14.473 -13.603 -13.141 -12.58 -14.583
0.354181 -14.126 -14.351 -14.54 -14.83 -14.829 -14.713 -14.571 -14.839 -14.826 -14.706 -14.5 -14.211 -14.84 -14.798 -14.604 -14.396 -14.168 -14.795 -14.614 -14.406 -14.237 -14.155 -14.602 -14.726 -14.516 -13.652 -13.191 -12.631 -14.623
0.364893 -14.133 -14.363 -14.558 -14.859 -14.864 -14.753 -14.595 -14.869 -14.862 -14.746 -14.543 -14.256 -14.87 -14.835 -14.646 -14.44 -14.214 -14.833 -14.656 -14.45 -14.282 -14.201 -14.643 -14.765 -14.559 -13.7 -13.241 -12.682 -14.663
0.375929 -14.14 -14.374 -14.576 -14.888 -14.899 -14.792 -14.619 -14.899 -14.896 -14.786 -14.585 -14.302 -14.899 -14.871 -14.687 -14.484 -14.26 -14.87 -14.697 -14.494 -14.327 -14.246 -14.684 -14.804 -14.601 -13.749 -13.291 -12.733 -14.702
0.387298 -14.147 -14.385 -14.593 -14.916 -14.934 -14.831 -14.643 -14.928 -14.931 -14.825 -14.628 -14.347 -14.929 -14.907 -14.728 -14.528 -14.305 -14.906 -14.738 -14.538 -14.373 -14.292 -14.724 -14.842 -14.644 -13.797 -13.34 -12.784 -14.742
0.399012 -14.152 -14.396 -14.61 -14.944 -14.968 -14.87 -14.667 -14.957 -14.965 -14.864 -14.67 -14.392 -14.957 -14.943 -14.769 -14.572 -14.351 -14.943 -14.779 -14.581 -14.418 -14.337 -14.764 -14.88 -14.686 -13.845 -13.39 -12.835 -14.781
0.41108 -14.158 -14.405 -14.627 -14.972 -15.002 -14.909 -14.69 -14.986 -14.999 -14.903 -14.712 -14.437 -14.986 -14.979 -14.81 -14.615 -14.396 -14.979 -14.82 -14.625 -14.462 -14.382 -14.804 -14.918 -14.728 -13.893 -13.44 -12.886 -14.82
0.423513 -14.162 -14.415 -14.643 -14.999 -15.036 -14.948 -14.713 -15.014 -15.033 -14.941 -14.754 -14.482 -15.014 -15.014 -14.851 -14.659 -14.442 -15.015 -14.86 -14.668 -14.507 -14.427 -14.844 -14.956 -14.77 -13.941 -13.489 -12.936 -14.859
0.436321 -14.166 -14.423 -14.658 -15.026 -15.069 -14.986 -14.736 -15.042 -15.067 -14.98 -14.796 -14.527 -15.042 -15.05 -14.892 -14.702 -14.487 -15.051 -14.901 -14.711 -14.552 -14.472 -14.883 -14.993 -14.811 -13.989 -13.539 -12.987 -14.898
0.449518 -14.17 -14.431 -14.673 -15.053 -15.102 -15.024 -14.758 -15.07 -15.1 -15.018 -14.838 -14.572 -15.069 -15.084 -14.932 -14.745 -14.532 -15.086 -14.941 -14.754 -14.596 -14.517 -14.923 -15.03 -14.853 -14.037 -13.588 -13.038 -14.936
0.463113 -14.173 -14.439 -14.687 -15.079 -15.135 -15.062 -14.78 -15.097 -15.133 -15.056 -14.879 -14.616 -15.097 -15.119 -14.972 -14.788 -14.577 -15.122 -14.981 -14.797 -14.64 -14.561 -14.962 -15.067 -14.894 -14.085 -13.638 -13.088 -14.975
0.47712 -14.175 -14.446 -14.701 -15.104 -15.167 -15.1 -14.802 -15.124 -15.165 -15.094 -14.921 -14.661 -15.123 -15.153 -15.012 -14.831 -14.622 -15.157 -15.021 -14.84 -14.685 -14.606 -15.001 -15.104 -14.935 -14.133 -13.687 -13.139 -15.013
0.49155 -14.177 -14.452 -14.714 -15.13 -15.2 -15.137 -14.823 -15.151 -15.197 -15.131 -14.962 -14.705 -15.149 -15.187 -15.052 -14.873 -14.667 -15.191 -15.06 -14.882 -14.729 -14.651 -15.04 -15.14 -14.976 -14.181 -13.736 -13.189 -15.051
0.506416 -14.178 -14.457 -14.727 -15.155 -15.232 -15.174 -14.844 -15.177 -15.229 -15.168 -15.003 -14.749 -15.175 -15.221 -15.091 -14.916 -14.711 -15.226 -15.1 -14.924 -14.773 -14.695 -15.078 -15.176 -15.017 -14.228 -13.785 -13.24 -15.088
0.521733 -14.178 -14.462 -14.739 -15.179 -15.263 -15.211 -14.865 -15.203 -15.261 -15.205 -15.044 -14.793 -15.201 -15.255 -15.13 -14.958 -14.756 -15.26 -15.139 -14.967 -14.817 -14.739 -15.117 -15.212 -15.057 -14.276 -13.834 -13.29 -15.126
0.537512 -14.178 -14.466 -14.751 -15.203 -15.294 -15.248 -14.885 -15.228 -15.292 -15.242 -15.084 -14.837 -15.226 -15.288 -15.169 -15.0 -14.8 -15.294 -15.178 -15.009 -14.86 -14.783 -15.155 -15.248 -15.098 -14.323 -13.883 -13.341 -15.163
0.553769 -14.177 -14.47 -14.762 -15.227 -15.325 -15.284 -14.905 -15.253 -15.323 -15.279 -15.124 -14.881 -15.25 -15.321 -15.208 -15.042 -14.844 -15.327 -15.217 -15.05 -14.904 -14.827 -15.193 -15.283 -15.138 -14.37 -13.932 -13.391 -15.2
0.570517 -14.175 -14.472 -14.773 -15.25 -15.356 -15.32 -14.925 -15.277 -15.354 -15.315 -15.165 -14.924 -15.275 -15.353 -15.247 -15.084 -14.888 -15.361 -15.255 -15.092 -14.947 -14.871 -15.23 -15.319 -15.178 -14.417 -13.981 -13.441 -15.237
