web/models/kne.last_good/kappa_1_10/31/villar_0.0052_0.3433_10.0000.dat
# %ECSV 1.0
# ---
# datatype:
# - {name: time, datatype: float64}
# - {name: swift_uvot_uvw2, datatype: float64}
# - {name: swift_uvot_uvm2, datatype: float64}
# - {name: swift_uvot_uvw1, datatype: float64}
# - {name: swift_uvot_U, datatype: float64}
# - {name: swift_uvot_B, datatype: float64}
# - {name: swift_uvot_V, datatype: float64}
# - {name: swift_uvot_W, datatype: float64}
# - {name: johnson_U, datatype: float64}
# - {name: johnson_B, datatype: float64}
# - {name: johnson_V, datatype: float64}
# - {name: johnson_R, datatype: float64}
# - {name: johnson_I, datatype: float64}
# - {name: sdss_u, datatype: float64}
# - {name: sdss_g, datatype: float64}
# - {name: sdss_r, datatype: float64}
# - {name: sdss_i, datatype: float64}
# - {name: sdss_z, datatype: float64}
# - {name: PS1_g, datatype: float64}
# - {name: PS1_r, datatype: float64}
# - {name: PS1_i, datatype: float64}
# - {name: PS1_z, datatype: float64}
# - {name: PS1_Y, datatype: float64}
# - {name: PS1_w, datatype: float64}
# - {name: ATLAS_c, datatype: float64}
# - {name: ATLAS_o, datatype: float64}
# - {name: ukirt_J, datatype: float64}
# - {name: ukirt_H, datatype: float64}
# - {name: ukirt_K, datatype: float64}
# - {name: Clear, datatype: float64}
# meta: !!omap
# - comment: [kappa = 10.0, type = villar, mass = 0.005244756555828381, velocity = 0.3433333333333334, theta_obs = 0.0]
# schema: astropy-2.0
time swift_uvot_uvw2 swift_uvot_uvm2 swift_uvot_uvw1 swift_uvot_U swift_uvot_B swift_uvot_V swift_uvot_W johnson_U johnson_B johnson_V johnson_R johnson_I sdss_u sdss_g sdss_r sdss_i sdss_z PS1_g PS1_r PS1_i PS1_z PS1_Y PS1_w ATLAS_c ATLAS_o ukirt_J ukirt_H ukirt_K Clear
[from data line 288]
5.330718 -3.434 -0.574 -3.019 -5.076 -6.732 -7.885 -5.985 -5.377 -6.776 -7.928 -8.721 -9.233 -5.271 -7.197 -8.393 -8.951 -9.285 -7.439 -8.431 -8.98 -9.26 -9.446 -8.426 -7.82 -8.677 -9.565 -9.531 -9.31 -8.445
5.491942 -3.154 -0.294 -2.738 -4.796 -6.452 -7.604 -5.705 -5.097 -6.495 -7.648 -8.441 -8.953 -4.991 -6.917 -8.113 -8.671 -9.005 -7.159 -8.15 -8.7 -8.98 -9.166 -8.146 -7.54 -8.397 -9.285 -9.251 -9.03 -8.165
5.658042 -2.856 0.004 -2.441 -4.498 -6.154 -7.307 -5.407 -4.8 -6.198 -7.351 -8.144 -8.655 -4.693 -6.619 -7.816 -8.374 -8.708 -6.862 -7.853 -8.402 -8.682 -8.869 -7.848 -7.242 -8.099 -8.988 -8.953 -8.732 -7.867
5.829166 -2.541 0.319 -2.125 -4.183 -5.839 -6.991 -5.092 -4.484 -5.882 -7.035 -7.828 -8.339 -4.378 -6.304 -7.5 -8.058 -8.392 -6.546 -7.537 -8.087 -8.367 -8.553 -7.533 -6.926 -7.784 -8.672 -8.637 -8.417 -7.552
6.005465 -2.206 0.654 -1.79 -3.847 -5.504 -6.656 -4.756 -4.149 -5.547 -6.7 -7.493 -8.004 -4.043 -5.969 -7.165 -7.723 -8.057 -6.211 -7.202 -7.752 -8.031 -8.218 -7.197 -6.591 -7.449 -8.337 -8.302 -8.082 -7.217
6.187096 -1.85 1.01 -1.434 -3.492 -5.148 -6.301 -4.401 -3.793 -5.192 -6.344 -7.137 -7.649 -3.687 -5.613 -6.809 -7.367 -7.701 -5.855 -6.846 -7.396 -7.676 -7.862 -6.842 -6.236 -7.093 -7.981 -7.947 -7.726 -6.861
6.37422 -1.472 1.388 -1.057 -3.114 -4.77 -5.923 -4.023 -3.415 -4.814 -5.967 -6.759 -7.271 -3.309 -5.235 -6.432 -6.99 -7.324 -5.477 -6.469 -7.018 -7.298 -7.485 -6.464 -5.858 -6.715 -7.604 -7.569 -7.348 -6.483
6.567004 -1.072 1.788 -0.656 -2.713 -4.369 -5.522 -3.622 -3.015 -4.413 -5.566 -6.359 -6.87 -2.909 -4.835 -6.031 -6.589 -6.923 -5.077 -6.068 -6.618 -6.897 -7.084 -6.063 -5.457 -6.315 -7.203 -7.168 -6.948 -6.083
6.765619 -0.646 2.214 -0.231 -2.288 -3.944 -5.097 -3.197 -2.589 -3.988 -5.141 -5.933 -6.445 -2.483 -4.409 -5.605 -6.163 -6.498 -4.651 -5.643 -6.192 -6.472 -6.658 -5.638 -5.032 -5.889 -6.777 -6.743 -6.522 -5.657
6.97024 -0.195 2.665 0.221 -1.837 -3.493 -4.645 -2.746 -2.138 -3.536 -4.689 -5.482 -5.993 -2.032 -3.958 -5.154 -5.712 -6.046 -4.2 -5.191 -5.741 -6.021 -6.207 -5.187 -4.58 -5.438 -6.326 -6.291 -6.071 -5.206
7.181051 0.284 3.144 0.7 -1.357 -3.013 -4.166 -2.266 -1.659 -3.057 -4.21 -5.003 -5.514 -1.552 -3.479 -4.675 -5.233 -5.567 -3.721 -4.712 -5.261 -5.541 -5.728 -4.707 -4.101 -4.959 -5.847 -5.812 -5.592 -4.727
7.398237 0.793 3.653 1.209 -0.849 -2.505 -3.658 -1.758 -1.15 -2.549 -3.701 -4.494 -5.006 -1.044 -2.97 -4.166 -4.724 -5.058 -3.212 -4.203 -4.753 -5.033 -5.219 -4.199 -3.593 -4.45 -5.338 -5.304 -5.083 -4.218
7.621991 1.333 4.193 1.748 -0.309 -1.965 -3.118 -1.218 -0.61 -2.009 -3.161 -3.954 -4.466 -0.504 -2.43 -3.626 -4.184 -4.518 -2.672 -3.664 -4.213 -4.493 -4.679 -3.659 -3.053 -3.91 -4.798 -4.764 -4.543 -3.678
7.852513 1.906 4.766 2.321 0.264 -1.392 -2.545 -0.645 -0.037 -1.436 -2.588 -3.381 -3.893 0.069 -1.857 -3.053 -3.611 -3.945 -2.099 -3.091 -3.64 -3.92 -4.106 -3.086 -2.48 -3.337 -4.225 -4.191 -3.97 -3.105
8.090007 2.514 5.374 2.93 0.872 -0.784 -1.936 -0.037 0.571 -0.827 -1.98 -2.773 -3.284 0.677 -1.249 -2.445 -3.003 -3.337 -1.491 -2.482 -3.032 -3.312 -3.498 -2.478 -1.871 -2.729 -3.617 -3.582 -3.362 -2.497
8.334684 3.16 6.02 3.575 1.518 -0.138 -1.291 0.609 1.217 -0.182 -1.335 -2.127 -2.639 1.323 -0.603 -1.799 -2.357 -2.692 -0.845 -1.837 -2.386 -2.666 -2.852 -1.832 -1.226 -2.083 -2.971 -2.937 -2.716 -1.851
8.586761 3.845 6.705 4.26 2.203 0.547 -0.606 1.294 1.902 0.503 -0.649 -1.442 -1.954 2.008 0.082 -1.114 -1.672 -2.006 -0.16 -1.152 -1.701 -1.981 -2.167 -1.147 -0.541 -1.398 -2.286 -2.252 -2.031 -1.166
8.846461 4.572 7.432 4.988 2.93 1.274 0.122 2.021 2.629 1.231 0.078 -0.715 -1.226 2.735 0.809 -0.387 -0.945 -1.279 0.567 -0.424 -0.974 -1.254 -1.44 -0.42 0.187 -0.671 -1.559 -1.524 -1.304 -0.439
9.114017 5.344 8.204 5.76 3.702 2.046 0.894 2.793 3.401 2.003 0.85 0.057 -0.454 3.507 1.581 0.385 -0.173 -0.507 1.339 0.348 -0.202 -0.482 -0.668 0.352 0.959 0.101 -0.787 -0.752 -0.532 0.333
9.389664 6.164 9.023 6.579 4.522 2.866 1.713 3.613 4.22 2.822 1.669 0.876 0.365 4.327 2.401 1.204 0.646 0.312 2.158 1.167 0.618 0.338 0.151 1.172 1.778 0.921 0.032 0.067 0.288 1.152
9.673648 7.033 9.893 7.449 5.391 3.735 2.583 4.482 5.09 3.692 2.539 1.746 1.234 5.196 3.27 2.074 1.516 1.182 3.028 2.037 1.487 1.207 1.021 2.041 2.648 1.79 0.902 0.937 1.157 2.022
9.966221 7.956 10.816 8.372 6.314 4.658 3.506 5.405 6.013 4.615 3.462 2.669 2.158 6.119 4.193 2.997 2.439 2.105 3.951 2.96 2.41 2.13 1.944 2.964 3.571 2.713 1.825 1.86 2.08 2.945
10.267642 8.936 11.796 9.351 7.294 5.638 4.485 6.385 6.993 5.594 4.442 3.649 3.137 7.099 5.173 3.977 3.419 3.085 4.931 3.939 3.39 3.11 2.924 3.944 4.55 3.693 2.805 2.839 3.06 3.925
10.57818 9.976 12.836 10.391 8.334 6.678 5.525 7.425 8.033 6.634 5.481 4.689 4.177 8.139 6.213 5.017 4.459 4.124 5.971 4.979 4.43 4.15 3.964 4.984 5.59 4.733 3.845 3.879 4.1 4.965
10.89811 11.08 13.94 11.495 9.438 7.782 6.629 8.529 9.136 7.738 6.585 5.792 5.281 9.243 7.317 6.12 5.562 5.228 7.074 6.083 5.534 5.254 5.067 6.088 6.694 5.837 4.948 4.983 5.204 6.069
11.227716 12.251 15.111 12.667 10.609 8.953 7.8 9.7 10.308 8.909 7.757 6.964 6.452 10.414 8.488 7.292 6.734 6.4 8.246 7.255 6.705 6.425 6.239 7.259 7.865 7.008 6.12 6.154 6.375 7.24
11.56729 13.495 16.354 13.91 11.853 10.197 9.044 10.944 11.551 10.153 9.0 8.207 7.696 11.658 9.732 8.535 7.977 7.643 9.489 8.498 7.949 7.669 7.482 8.503 9.109 8.252 7.363 7.398 7.619 8.483
11.917135 14.814 17.674 15.23 13.172 11.516 10.364 12.263 12.871 11.473 10.32 9.527 9.016 12.977 11.051 9.855 9.297 8.963 10.809 9.818 9.268 8.989 8.802 9.822 10.429 9.571 8.683 8.718 8.938 9.803
12.277561 16.215 19.075 16.631 14.573 12.917 11.765 13.664 14.272 12.873 11.721 10.928 10.416 14.378 12.452 11.256 10.698 10.364 12.21 11.219 10.669 10.389 10.203 11.223 11.829 10.972 10.084 10.118 10.339 11.204
12.648887 17.702 20.562 18.117 16.06 14.404 13.251 15.151 15.759 14.36 13.208 12.415 11.903 15.865 13.939 12.743 12.185 11.851 13.697 12.705 12.156 11.876 11.69 12.71 13.316 12.459 11.571 11.605 11.826 12.691
13.031444 19.28 22.14 19.696 17.638 15.982 14.829 16.729 17.337 15.938 14.786 13.993 13.481 17.443 15.517 14.321 13.763 13.429 15.275 14.284 13.734 13.454 13.268 14.288 14.894 14.037 13.149 13.183 13.404 14.269
13.425571 20.955 23.815 21.371 19.313 17.657 16.505 18.404 19.012 17.614 16.461 15.668 15.156 19.118 17.192 15.996 15.438 15.104 16.95 15.959 15.409 15.129 14.943 15.963 16.57 15.712 14.824 14.859 15.079 15.944
13.831619 22.733 25.593 23.149 21.091 19.435 18.282 20.182 20.79 19.391 18.239 17.446 16.934 20.896 18.97 17.774 17.216 16.882 18.728 17.737 17.187 16.907 16.721 17.741 18.347 17.49 16.602 16.636 16.857 17.722
14.249947 24.62 27.48 25.036 22.978 21.322 20.17 22.069 22.677 21.278 20.126 19.333 18.821 22.783 20.857 19.661 19.103 18.769 20.615 19.624 19.074 18.794 18.608 19.628 20.234 19.377 18.489 18.523 18.744 19.609
14.680926 26.623 29.483 27.039 24.981 23.325 22.172 24.072 24.68 23.281 22.129 21.336 20.824 24.786 22.86 21.664 21.106 20.772 22.618 21.627 21.077 20.797 20.611 21.631 22.237 21.38 20.492 20.526 20.747 21.612
15.124941 28.749 31.609 29.164 27.107 25.451 24.298 26.198 26.806 25.407 24.255 23.462 22.95 26.912 24.986 23.79 23.232 22.898 24.744 23.752 23.203 22.923 22.737 23.757 24.363 23.506 22.618 22.652 22.873 23.738
15.582385 31.005 33.865 31.421 29.364 27.708 26.555 28.455 29.062 27.664 26.511 25.718 25.207 29.169 27.242 26.046 25.488 25.154 27.0 26.009 25.46 25.18 24.993 26.014 26.62 25.762 24.874 24.909 25.13 25.994
16.053663 33.4 36.26 33.816 31.759 30.103 28.95 30.85 31.457 30.059 28.906 28.113 27.602 31.564 29.637 28.441 27.883 27.549 29.395 28.404 27.855 27.575 27.388 28.409 29.015 28.158 27.269 27.304 27.525 28.389
16.539195 35.943 38.803 36.358 34.301 32.645 31.492 33.392 33.999 32.601 31.448 30.655 30.144 34.106 32.18 30.983 30.425 30.091 31.937 30.946 30.397 30.117 29.93 30.951 31.557 30.7 29.811 29.846 30.067 30.932
17.039412 38.641 41.501 39.056 36.999 35.343 34.19 36.09 36.698 35.299 34.146 33.354 32.842 36.804 34.878 33.682 33.124 32.789 34.636 33.644 33.095 32.815 32.629 33.649 34.255 33.398 32.51 32.544 32.765 33.63
17.554757 41.505 44.365 41.92 39.863 38.207 37.054 38.954 39.562 38.163 37.01 36.217 35.706 39.668 37.742 36.545 35.987 35.653 37.5 36.508 35.959 35.679 35.492 36.513 37.119 36.262 35.373 35.408 35.629 36.494
18.085689 44.544 47.404 44.96 42.902 41.246 40.094 41.994 42.601 41.203 40.05 39.257 38.746 42.707 40.781 39.585 39.027 38.693 40.539 39.548 38.998 38.719 38.532 39.552 40.159 39.301 38.413 38.448 38.668 39.533
18.632678 47.771 50.631 48.186 46.129 44.473 43.32 45.22 45.828 44.429 43.276 42.484 41.972 45.934 44.008 42.812 42.253 41.919 43.766 42.774 42.225 41.945 41.758 42.779 43.385 42.528 41.639 41.674 41.895 42.76
19.196211 51.195 54.055 51.611 49.553 47.897 46.745 48.644 49.252 47.853 46.701 45.908 45.396 49.358 47.432 46.236 45.678 45.344 47.19 46.199 45.649 45.369 45.183 46.203 46.809 45.952 45.064 45.098 45.319 46.184
19.776787 54.83 57.69 55.245 53.188 51.532 50.379 52.279 52.887 51.488 50.335 49.543 49.031 52.993 51.067 49.871 49.313 48.979 50.825 49.833 49.284 49.004 48.818 49.838 50.444 49.587 48.699 48.733 48.954 49.819
20.374923 58.688 61.548 59.103 57.046 55.39 54.237 56.137 56.745 55.346 54.193 53.401 52.889 56.851 54.925 53.729 53.171 52.836 54.683 53.691 53.142 52.862 52.676 53.696 54.302 53.445 52.557 52.591 52.812 53.677
20.991149 62.783 65.643 63.198 61.141 59.485 58.332 60.232 60.839 59.441 58.288 57.495 56.984 60.946 59.02 57.823 57.265 56.931 58.778 57.786 57.237 56.957 56.77 57.791 58.397 57.54 56.651 56.686 56.907 57.772
21.626011 67.129 69.989 67.544 65.487 63.831 62.678 64.578 65.186 63.787 62.634 61.842 61.33 65.292 63.366 62.17 61.612 61.277 63.124 62.132 61.583 61.303 61.117 62.137 62.743 61.886 60.998 61.032 61.253 62.118
22.280075 71.742 74.602 72.157 70.1 68.444 67.291 69.191 69.799 68.4 67.248 66.455 65.943 69.905 67.979 66.783 66.225 65.891 67.737 66.745 66.196 65.916 65.73 66.75 67.356 66.499 65.611 65.645 65.866 66.731
22.953921 76.638 79.498 77.054 74.996 73.34 72.188 74.088 74.695 73.297 72.144 71.351 70.84 74.801 72.875 71.679 71.121 70.787 72.633 71.642 71.092 70.813 70.626 71.647 72.253 71.395 70.507 70.542 70.762 71.627
23.648147 81.835 84.695 82.251 80.194 78.537 77.385 79.285 79.892 78.494 77.341 76.548 76.037 79.998 78.072 76.876 76.318 75.984 77.83 76.839 76.289 76.01 75.823 76.844 77.45 76.592 75.704 75.739 75.959 76.824
24.363369 87.352 90.211 87.767 85.71 84.054 82.901 84.801 85.408 84.01 82.857 82.064 81.553 85.515 83.589 82.392 81.834 81.5 83.346 82.355 81.806 81.526 81.339 82.36 82.966 82.109 81.22 81.255 81.476 82.34
25.100222 93.206 96.066 93.622 91.565 89.909 88.756 90.656 91.263 89.865 88.712 87.919 87.408 91.369 89.443 88.247 87.689 87.355 89.201 88.21 87.66 87.381 87.194 88.215 88.821 87.963 87.075 87.11 87.33 88.195
25.859362 99.421 102.281 99.836 97.779 96.123 94.97 96.87 97.478 96.079 94.926 94.134 93.622 97.584 95.658 94.462 93.904 93.569 95.416 94.424 93.875 93.595 93.409 94.429 95.035 94.178 93.29 93.324 93.545 94.41
26.64146 106.017 108.877 106.432 104.375 102.719 101.566 103.466 104.074 102.675 101.522 100.73 100.218 104.18 102.254 101.058 100.499 100.165 102.012 101.02 100.471 100.191 100.005 101.025 101.631 100.774 99.885 99.92 100.141 101.006
27.447213 113.018 115.878 113.433 111.376 109.72 108.567 110.467 111.075 109.676 108.523 107.731 107.219 111.181 109.255 108.059 107.5 107.166 109.013 108.021 107.472 107.192 107.005 108.026 108.632 107.775 106.886 106.921 107.142 108.007
28.277335 120.449 123.308 120.864 118.807 117.151 115.998 117.898 118.505 117.107 115.954 115.161 114.65 118.612 116.686 115.489 114.931 114.597 116.443 115.452 114.903 114.623 114.436 115.457 116.063 115.206 114.317 114.352 114.573 115.437
29.132564 128.336 131.196 128.751 126.694 125.038 123.885 125.785 126.393 124.994 123.841 123.049 122.537 126.499 124.573 123.377 122.818 122.484 124.331 123.339 122.79 122.51 122.323 123.344 123.95 123.093 122.204 122.239 122.46 123.325
30.013659 136.707 139.567 137.122 135.065 133.409 132.256 134.156 134.764 133.365 132.213 131.42 130.908 134.87 132.944 131.748 131.19 130.856 132.702 131.71 131.161 130.881 130.695 131.715 132.321 131.464 130.576 130.61 130.831 131.696
30.921401 145.593 148.452 146.008 143.951 142.295 141.142 143.042 143.649 142.251 141.098 140.305 139.794 143.756 141.83 140.633 140.075 139.741 141.587 140.596 140.047 139.767 139.58 140.601 141.207 140.35 139.461 139.496 139.717 140.581
31.856598 155.024 157.884 155.439 153.382 151.726 150.573 152.473 153.08 151.682 150.529 149.736 149.225 153.187 151.261 150.064 149.506 149.172 151.018 150.027 149.478 149.198 149.011 150.032 150.638 149.781 148.892 148.927 149.148 150.013
32.820079 165.034 167.894 165.449 163.392 161.736 160.583 162.483 163.091 161.692 160.539 159.747 159.235 163.197 161.271 160.075 159.516 159.182 161.029 160.037 159.488 159.208 159.022 160.042 160.648 159.791 158.902 158.937 159.158 160.023
33.8127 175.659 178.518 176.074 174.017 172.361 171.208 173.108 173.715 172.317 171.164 170.371 169.86 173.822 171.896 170.699 170.141 169.807 171.653 170.662 170.113 169.833 169.646 170.667 171.273 170.416 169.527 169.562 169.783 170.647
34.835342 186.936 189.796 187.351 185.294 183.638 182.485 184.385 184.993 183.594 182.441 181.649 181.137 185.099 183.173 181.977 181.418 181.084 182.931 181.939 181.39 181.11 180.924 181.944 182.55 181.693 180.805 180.839 181.06 181.925
35.888913 198.905 201.765 199.321 197.264 195.608 194.455 196.355 196.962 195.564 194.411 193.618 193.107 197.068 195.142 193.946 193.388 193.054 194.9 193.909 193.359 193.08 192.893 193.914 194.52 193.662 192.774 192.809 193.029 193.894
36.974349 211.61 214.47 212.025 209.968 208.312 207.159 209.059 209.667 208.268 207.116 206.323 205.811 209.773 207.847 206.651 206.093 205.759 207.605 206.613 206.064 205.784 205.598 206.618 207.224 206.367 205.479 205.513 205.734 206.599
38.092613 225.095 227.955 225.51 223.453 221.797 220.644 222.544 223.152 221.753 220.6 219.808 219.296 223.258 221.332 220.136 219.578 219.243 221.09 220.098 219.549 219.269 219.083 220.103 220.709 219.852 218.964 218.998 219.219 220.084
39.244698 239.408 242.267 239.823 237.766 236.11 234.957 236.857 237.464 236.066 234.913 234.12 233.609 237.571 235.645 234.448 233.89 233.556 235.402 234.411 233.862 233.582 233.395 234.416 235.022 234.165 233.276 233.311 233.532 234.396
40.431627 254.599 257.459 255.015 252.957 251.301 250.149 252.048 252.656 251.257 250.105 249.312 248.8 252.762 250.836 249.64 249.082 248.748 250.594 249.603 249.053 248.773 248.587 249.607 250.213 249.356 248.468 248.502 248.723 249.588
41.654454 270.724 273.584 271.139 269.082 267.426 266.273 268.173 268.78 267.382 266.229 265.436 264.925 268.887 266.961 265.764 265.206 264.872 266.718 265.727 265.178 264.898 264.711 265.732 266.338 265.481 264.592 264.627 264.848 265.713
42.914265 287.838 290.698 288.254 286.196 284.54 283.387 285.287 285.895 284.496 283.344 282.551 282.039 286.001 284.075 282.879 282.321 281.987 283.833 282.842 282.292 282.012 281.826 282.846 283.452 282.595 281.707 281.741 281.962 282.827
44.212178 306.003 308.863 306.419 304.362 302.706 301.553 303.453 304.06 302.662 301.509 300.716 300.205 304.167 302.24 301.044 300.486 300.152 301.998 301.007 300.458 300.178 299.991 301.012 301.618 300.761 299.872 299.907 300.128 300.992
45.549345 325.284 328.144 325.7 323.642 321.986 320.834 322.733 323.341 321.943 320.79 319.997 319.486 323.447 321.521 320.325 319.767 319.433 321.279 320.288 319.738 319.459 319.272 320.292 320.899 320.041 319.153 319.188 319.408 320.273
46.926954 345.749 348.609 346.164 344.107 342.451 341.298 343.198 343.806 342.407 341.255 340.462 339.95 343.912 341.986 340.79 340.232 339.898 341.744 340.752 340.203 339.923 339.737 340.757 341.363 340.506 339.618 339.652 339.873 340.738
