web/models/kne.last_good/kappa_1_10/31/villar_0.0015_0.3120_10.0000.dat
# %ECSV 1.0
# ---
# datatype:
# - {name: time, datatype: float64}
# - {name: swift_uvot_uvw2, datatype: float64}
# - {name: swift_uvot_uvm2, datatype: float64}
# - {name: swift_uvot_uvw1, datatype: float64}
# - {name: swift_uvot_U, datatype: float64}
# - {name: swift_uvot_B, datatype: float64}
# - {name: swift_uvot_V, datatype: float64}
# - {name: swift_uvot_W, datatype: float64}
# - {name: johnson_U, datatype: float64}
# - {name: johnson_B, datatype: float64}
# - {name: johnson_V, datatype: float64}
# - {name: johnson_R, datatype: float64}
# - {name: johnson_I, datatype: float64}
# - {name: sdss_u, datatype: float64}
# - {name: sdss_g, datatype: float64}
# - {name: sdss_r, datatype: float64}
# - {name: sdss_i, datatype: float64}
# - {name: sdss_z, datatype: float64}
# - {name: PS1_g, datatype: float64}
# - {name: PS1_r, datatype: float64}
# - {name: PS1_i, datatype: float64}
# - {name: PS1_z, datatype: float64}
# - {name: PS1_Y, datatype: float64}
# - {name: PS1_w, datatype: float64}
# - {name: ATLAS_c, datatype: float64}
# - {name: ATLAS_o, datatype: float64}
# - {name: ukirt_J, datatype: float64}
# - {name: ukirt_H, datatype: float64}
# - {name: ukirt_K, datatype: float64}
# - {name: Clear, datatype: float64}
# meta: !!omap
# - comment: [kappa = 10.0, type = villar, mass = 0.001513321957917195, velocity = 0.312, theta_obs = 0.0]
# schema: astropy-2.0
time swift_uvot_uvw2 swift_uvot_uvm2 swift_uvot_uvw1 swift_uvot_U swift_uvot_B swift_uvot_V swift_uvot_W johnson_U johnson_B johnson_V johnson_R johnson_I sdss_u sdss_g sdss_r sdss_i sdss_z PS1_g PS1_r PS1_i PS1_z PS1_Y PS1_w ATLAS_c ATLAS_o ukirt_J ukirt_H ukirt_K Clear
0.001 nan nan nan nan nan nan nan nan nan nan nan nan nan nan nan nan nan nan nan nan nan nan nan nan nan nan nan nan nan
0.00103 -1.73 -2.043 -2.372 -2.895 -3.028 -3.013 -2.559 -2.927 -3.027 -3.008 -2.873 -2.645 -2.924 -3.033 -2.949 -2.798 -2.61 -3.043 -2.957 -2.806 -2.667 -2.594 -2.929 -3.008 -2.885 -2.151 -1.721 -1.186 -2.932
0.001061 -2.811 -3.053 -3.265 -3.595 -3.617 -3.518 -3.319 -3.608 -3.614 -3.511 -3.317 -3.038 -3.608 -3.592 -3.416 -3.218 -2.996 -3.591 -3.426 -3.227 -3.063 -2.982 -3.411 -3.528 -3.332 -2.49 -2.034 -1.478 -3.429
0.001094 -3.382 -3.583 -3.742 -3.976 -3.944 -3.805 -3.742 -3.979 -3.941 -3.798 -3.575 -3.273 -3.981 -3.905 -3.686 -3.465 -3.228 -3.9 -3.697 -3.476 -3.3 -3.218 -3.689 -3.823 -3.593 -2.698 -2.231 -1.665 -3.714
0.001127 -3.765 -3.938 -4.065 -4.239 -4.175 -4.012 -4.036 -4.236 -4.172 -4.004 -3.765 -3.447 -4.24 -4.127 -3.882 -3.647 -3.4 -4.119 -3.893 -3.659 -3.477 -3.395 -3.89 -4.034 -3.783 -2.857 -2.382 -1.81 -3.919
0.001161 -4.052 -4.205 -4.31 -4.442 -4.356 -4.176 -4.263 -4.436 -4.353 -4.168 -3.918 -3.59 -4.44 -4.303 -4.039 -3.795 -3.542 -4.293 -4.051 -3.808 -3.622 -3.54 -4.051 -4.202 -3.937 -2.989 -2.509 -1.933 -4.084
0.001196 -4.282 -4.419 -4.509 -4.61 -4.508 -4.316 -4.449 -4.601 -4.504 -4.308 -4.048 -3.714 -4.605 -4.45 -4.173 -3.923 -3.664 -4.439 -4.186 -3.936 -3.747 -3.666 -4.188 -4.344 -4.068 -3.105 -2.62 -2.041 -4.223
0.001232 -4.473 -4.599 -4.676 -4.754 -4.639 -4.438 -4.608 -4.743 -4.636 -4.43 -4.165 -3.824 -4.747 -4.579 -4.292 -4.036 -3.774 -4.567 -4.305 -4.051 -3.858 -3.779 -4.308 -4.469 -4.185 -3.209 -2.722 -2.14 -4.345
0.001269 -4.638 -4.754 -4.822 -4.881 -4.757 -4.549 -4.747 -4.868 -4.754 -4.541 -4.27 -3.925 -4.873 -4.694 -4.399 -4.139 -3.874 -4.682 -4.413 -4.155 -3.961 -3.882 -4.417 -4.581 -4.291 -3.305 -2.816 -2.233 -4.456
0.001308 -4.783 -4.891 -4.952 -4.996 -4.864 -4.651 -4.871 -4.982 -4.861 -4.642 -4.368 -4.019 -4.987 -4.799 -4.498 -4.235 -3.968 -4.787 -4.513 -4.251 -4.056 -3.978 -4.518 -4.683 -4.389 -3.396 -2.905 -2.32 -4.558
0.001347 -4.912 -5.014 -5.069 -5.102 -4.964 -4.745 -4.985 -5.086 -4.96 -4.737 -4.459 -4.108 -5.092 -4.897 -4.591 -4.325 -4.056 -4.884 -4.605 -4.341 -4.145 -4.068 -4.611 -4.779 -4.48 -3.481 -2.989 -2.403 -4.652
0.001388 -5.029 -5.126 -5.177 -5.199 -5.057 -4.834 -5.089 -5.183 -5.053 -4.826 -4.546 -4.192 -5.189 -4.989 -4.678 -4.411 -4.14 -4.975 -4.693 -4.427 -4.23 -4.154 -4.7 -4.869 -4.567 -3.563 -3.07 -2.483 -4.742
0.00143 -5.137 -5.23 -5.276 -5.291 -5.144 -4.919 -5.186 -5.274 -5.141 -4.91 -4.628 -4.273 -5.28 -5.075 -4.762 -4.493 -4.221 -5.061 -4.777 -4.509 -4.311 -4.235 -4.784 -4.954 -4.65 -3.642 -3.147 -2.56 -4.826
0.001473 -5.236 -5.326 -5.369 -5.378 -5.228 -5.0 -5.277 -5.36 -5.224 -4.991 -4.707 -4.351 -5.366 -5.158 -4.841 -4.571 -4.298 -5.144 -4.857 -4.588 -4.39 -4.314 -4.864 -5.036 -4.729 -3.718 -3.223 -2.634 -4.907
0.001518 -5.329 -5.416 -5.457 -5.46 -5.307 -5.078 -5.363 -5.442 -5.304 -5.069 -4.784 -4.426 -5.448 -5.237 -4.918 -4.647 -4.373 -5.223 -4.934 -4.664 -4.465 -4.39 -4.942 -5.114 -4.805 -3.792 -3.296 -2.707 -4.985
0.001564 -5.416 -5.5 -5.539 -5.539 -5.384 -5.153 -5.444 -5.521 -5.381 -5.144 -4.858 -4.499 -5.526 -5.313 -4.993 -4.721 -4.446 -5.299 -5.009 -4.738 -4.539 -4.464 -5.017 -5.189 -4.879 -3.864 -3.368 -2.778 -5.06
0.001611 -5.498 -5.581 -5.618 -5.614 -5.458 -5.226 -5.522 -5.596 -5.455 -5.217 -4.93 -4.57 -5.602 -5.387 -5.065 -4.792 -4.517 -5.372 -5.081 -4.81 -4.61 -4.536 -5.089 -5.262 -4.951 -3.934 -3.438 -2.848 -5.133
0.00166 -5.576 -5.657 -5.693 -5.687 -5.53 -5.296 -5.597 -5.669 -5.526 -5.288 -5.0 -4.64 -5.674 -5.458 -5.136 -4.862 -4.587 -5.444 -5.151 -4.88 -4.68 -4.606 -5.16 -5.333 -5.022 -4.003 -3.506 -2.917 -5.204
0.00171 -5.65 -5.73 -5.766 -5.758 -5.599 -5.365 -5.668 -5.739 -5.596 -5.357 -5.069 -4.708 -5.745 -5.527 -5.204 -4.93 -4.655 -5.513 -5.22 -4.948 -4.748 -4.674 -5.229 -5.402 -5.09 -4.071 -3.574 -2.984 -5.273
0.001761 -5.72 -5.8 -5.835 -5.826 -5.667 -5.433 -5.737 -5.807 -5.664 -5.424 -5.136 -4.775 -5.813 -5.595 -5.271 -4.997 -4.722 -5.581 -5.287 -5.015 -4.815 -4.741 -5.296 -5.47 -5.157 -4.138 -3.64 -3.05 -5.34
0.001815 -5.788 -5.867 -5.902 -5.893 -5.733 -5.499 -5.804 -5.874 -5.73 -5.49 -5.202 -4.841 -5.879 -5.661 -5.337 -5.063 -4.787 -5.647 -5.353 -5.081 -4.881 -4.807 -5.362 -5.536 -5.223 -4.203 -3.706 -3.116 -5.406
0.00187 -5.852 -5.932 -5.967 -5.957 -5.798 -5.564 -5.869 -5.938 -5.795 -5.555 -5.266 -4.905 -5.944 -5.726 -5.402 -5.128 -4.852 -5.711 -5.418 -5.146 -4.946 -4.872 -5.427 -5.601 -5.288 -4.268 -3.771 -3.181 -5.471
0.001926 -5.915 -5.994 -6.029 -6.02 -5.861 -5.627 -5.932 -6.001 -5.858 -5.618 -5.33 -4.969 -6.007 -5.789 -5.466 -5.192 -4.916 -5.775 -5.482 -5.209 -5.009 -4.935 -5.49 -5.664 -5.352 -4.332 -3.835 -3.245 -5.535
0.001984 -5.975 -6.055 -6.09 -6.082 -5.924 -5.69 -5.993 -6.063 -5.92 -5.681 -5.393 -5.032 -6.069 -5.852 -5.528 -5.255 -4.979 -5.837 -5.544 -5.272 -5.072 -4.998 -5.553 -5.727 -5.414 -4.395 -3.898 -3.308 -5.597
0.002044 -6.033 -6.114 -6.15 -6.143 -5.985 -5.751 -6.053 -6.124 -5.981 -5.743 -5.455 -5.094 -6.13 -5.913 -5.59 -5.317 -5.041 -5.899 -5.606 -5.334 -5.134 -5.06 -5.614 -5.788 -5.476 -4.458 -3.961 -3.371 -5.659
0.002106 -6.089 -6.171 -6.207 -6.202 -6.045 -5.812 -6.111 -6.183 -6.041 -5.803 -5.516 -5.156 -6.189 -5.973 -5.651 -5.378 -5.103 -5.959 -5.667 -5.395 -5.196 -5.121 -5.675 -5.849 -5.537 -4.52 -4.023 -3.433 -5.719
0.00217 -6.143 -6.226 -6.264 -6.26 -6.104 -5.872 -6.168 -6.242 -6.101 -5.863 -5.576 -5.217 -6.247 -6.033 -5.711 -5.438 -5.164 -6.018 -5.727 -5.456 -5.256 -5.182 -5.735 -5.908 -5.598 -4.581 -4.084 -3.495 -5.779
0.002236 -6.196 -6.28 -6.319 -6.317 -6.162 -5.931 -6.223 -6.299 -6.159 -5.922 -5.636 -5.277 -6.305 -6.091 -5.771 -5.498 -5.224 -6.077 -5.787 -5.516 -5.316 -5.242 -5.795 -5.967 -5.657 -4.642 -4.145 -3.556 -5.838
0.002303 -6.247 -6.333 -6.373 -6.374 -6.22 -5.989 -6.278 -6.356 -6.216 -5.981 -5.695 -5.336 -6.361 -6.149 -5.83 -5.558 -5.284 -6.135 -5.845 -5.575 -5.376 -5.301 -5.853 -6.026 -5.716 -4.702 -4.206 -3.617 -5.897
0.002373 -6.297 -6.384 -6.425 -6.429 -6.276 -6.047 -6.331 -6.411 -6.273 -6.038 -5.753 -5.396 -6.417 -6.206 -5.888 -5.616 -5.343 -6.192 -5.903 -5.634 -5.435 -5.36 -5.911 -6.083 -5.775 -4.762 -4.266 -3.677 -5.954
0.002445 -6.346 -6.434 -6.477 -6.484 -6.333 -6.104 -6.384 -6.466 -6.329 -6.096 -5.811 -5.454 -6.472 -6.263 -5.945 -5.675 -5.401 -6.248 -5.961 -5.692 -5.493 -5.418 -5.968 -6.14 -5.833 -4.821 -4.326 -3.737 -6.012
0.002519 -6.393 -6.483 -6.527 -6.537 -6.388 -6.161 -6.436 -6.52 -6.384 -6.152 -5.869 -5.512 -6.525 -6.318 -6.003 -5.733 -5.46 -6.304 -6.018 -5.749 -5.551 -5.475 -6.025 -6.196 -5.89 -4.88 -4.385 -3.797 -6.068
0.002595 -6.439 -6.531 -6.577 -6.59 -6.443 -6.217 -6.486 -6.573 -6.439 -6.208 -5.926 -5.57 -6.579 -6.373 -6.059 -5.79 -5.518 -6.36 -6.074 -5.807 -5.608 -5.533 -6.082 -6.252 -5.947 -4.939 -4.444 -3.856 -6.124
0.002673 -6.484 -6.578 -6.625 -6.643 -6.497 -6.272 -6.536 -6.626 -6.493 -6.264 -5.982 -5.627 -6.631 -6.428 -6.115 -5.847 -5.575 -6.414 -6.13 -5.863 -5.666 -5.589 -6.137 -6.307 -6.003 -4.997 -4.503 -3.915 -6.18
0.002754 -6.528 -6.624 -6.673 -6.694 -6.55 -6.327 -6.585 -6.678 -6.547 -6.319 -6.038 -5.684 -6.683 -6.482 -6.171 -5.903 -5.632 -6.468 -6.186 -5.92 -5.722 -5.646 -6.193 -6.362 -6.059 -5.055 -4.561 -3.974 -6.235
0.002837 -6.571 -6.669 -6.72 -6.745 -6.603 -6.382 -6.633 -6.729 -6.6 -6.373 -6.094 -5.741 -6.734 -6.536 -6.226 -5.959 -5.689 -6.522 -6.241 -5.976 -5.778 -5.702 -6.247 -6.416 -6.115 -5.112 -4.619 -4.032 -6.289
0.002923 -6.613 -6.713 -6.766 -6.795 -6.656 -6.436 -6.681 -6.78 -6.652 -6.427 -6.149 -5.797 -6.785 -6.589 -6.281 -6.015 -5.745 -6.575 -6.296 -6.031 -5.834 -5.758 -6.302 -6.47 -6.17 -5.17 -4.677 -4.09 -6.343
0.003012 -6.654 -6.756 -6.812 -6.845 -6.708 -6.49 -6.728 -6.83 -6.704 -6.481 -6.204 -5.853 -6.835 -6.641 -6.335 -6.07 -5.801 -6.628 -6.35 -6.086 -5.89 -5.813 -6.356 -6.523 -6.225 -5.227 -4.734 -4.148 -6.397
0.003103 -6.694 -6.799 -6.856 -6.894 -6.759 -6.543 -6.774 -6.88 -6.756 -6.534 -6.258 -5.909 -6.885 -6.693 -6.389 -6.125 -5.857 -6.68 -6.404 -6.141 -5.945 -5.868 -6.41 -6.576 -6.279 -5.283 -4.791 -4.206 -6.45
0.003196 -6.733 -6.84 -6.9 -6.943 -6.81 -6.596 -6.819 -6.929 -6.807 -6.587 -6.312 -5.964 -6.934 -6.745 -6.443 -6.18 -5.912 -6.732 -6.458 -6.196 -6.0 -5.923 -6.463 -6.629 -6.333 -5.34 -4.849 -4.264 -6.503
0.003293 -6.771 -6.881 -6.944 -6.991 -6.861 -6.648 -6.864 -6.977 -6.858 -6.64 -6.366 -6.019 -6.982 -6.796 -6.496 -6.234 -5.967 -6.784 -6.511 -6.25 -6.055 -5.977 -6.516 -6.681 -6.387 -5.396 -4.905 -4.321 -6.555
0.003393 -6.809 -6.921 -6.986 -7.039 -6.911 -6.701 -6.909 -7.025 -6.908 -6.692 -6.42 -6.073 -7.03 -6.847 -6.549 -6.289 -6.022 -6.835 -6.564 -6.304 -6.109 -6.031 -6.568 -6.733 -6.441 -5.452 -4.962 -4.378 -6.608
0.003495 -6.846 -6.961 -7.028 -7.086 -6.961 -6.752 -6.953 -7.073 -6.958 -6.744 -6.473 -6.128 -7.078 -6.898 -6.602 -6.342 -6.077 -6.885 -6.616 -6.357 -6.163 -6.085 -6.621 -6.784 -6.494 -5.508 -5.018 -4.435 -6.659
0.003601 -6.881 -7.0 -7.07 -7.133 -7.011 -6.804 -6.996 -7.12 -7.007 -6.795 -6.526 -6.182 -7.125 -6.948 -6.655 -6.396 -6.131 -6.936 -6.668 -6.411 -6.217 -6.138 -6.672 -6.835 -6.547 -5.563 -5.074 -4.491 -6.711
0.00371 -6.917 -7.038 -7.11 -7.179 -7.06 -6.855 -7.039 -7.167 -7.056 -6.847 -6.579 -6.236 -7.172 -6.998 -6.707 -6.449 -6.185 -6.986 -6.72 -6.464 -6.271 -6.192 -6.724 -6.886 -6.599 -5.618 -5.13 -4.548 -6.762
0.003822 -6.951 -7.075 -7.15 -7.225 -7.108 -6.906 -7.081 -7.213 -7.105 -6.898 -6.631 -6.29 -7.218 -7.047 -6.758 -6.502 -6.239 -7.035 -6.772 -6.517 -6.324 -6.245 -6.775 -6.936 -6.651 -5.674 -5.186 -4.604 -6.813
0.003938 -6.985 -7.112 -7.19 -7.27 -7.157 -6.956 -7.122 -7.259 -7.153 -6.948 -6.683 -6.343 -7.264 -7.096 -6.81 -6.555 -6.293 -7.085 -6.823 -6.569 -6.377 -6.298 -6.826 -6.986 -6.703 -5.729 -5.242 -4.661 -6.863
0.004057 -7.018 -7.148 -7.229 -7.315 -7.204 -7.007 -7.164 -7.304 -7.201 -6.998 -6.735 -6.396 -7.309 -7.145 -6.861 -6.607 -6.346 -7.133 -6.875 -6.622 -6.43 -6.35 -6.877 -7.036 -6.755 -5.783 -5.297 -4.717 -6.914
0.00418 -7.05 -7.183 -7.267 -7.359 -7.252 -7.057 -7.204 -7.349 -7.249 -7.048 -6.787 -6.449 -7.354 -7.193 -6.912 -6.66 -6.4 -7.182 -6.925 -6.674 -6.483 -6.403 -6.927 -7.085 -6.807 -5.838 -5.353 -4.773 -6.964
0.004306 -7.082 -7.218 -7.305 -7.403 -7.299 -7.106 -7.245 -7.394 -7.296 -7.098 -6.838 -6.502 -7.398 -7.241 -6.963 -6.712 -6.453 -7.23 -6.976 -6.726 -6.535 -6.455 -6.978 -7.135 -6.858 -5.892 -5.408 -4.828 -7.013
0.004436 -7.113 -7.252 -7.343 -7.447 -7.346 -7.156 -7.285 -7.438 -7.343 -7.147 -6.889 -6.555 -7.442 -7.289 -7.013 -6.764 -6.505 -7.278 -7.026 -6.777 -6.588 -6.507 -7.028 -7.184 -6.909 -5.946 -5.463 -4.884 -7.063
0.00457 -7.144 -7.286 -7.38 -7.49 -7.393 -7.205 -7.324 -7.482 -7.39 -7.197 -6.94 -6.607 -7.486 -7.337 -7.064 -6.815 -6.558 -7.326 -7.076 -6.829 -6.64 -6.559 -7.077 -7.232 -6.96 -6.001 -5.518 -4.939 -7.112
0.004709 -7.173 -7.319 -7.416 -7.533 -7.439 -7.254 -7.363 -7.526 -7.436 -7.246 -6.991 -6.659 -7.53 -7.384 -7.114 -6.867 -6.61 -7.374 -7.126 -6.88 -6.692 -6.611 -7.127 -7.28 -7.01 -6.054 -5.572 -4.995 -7.161
0.004851 -7.202 -7.351 -7.452 -7.576 -7.485 -7.302 -7.401 -7.569 -7.482 -7.294 -7.041 -6.711 -7.573 -7.431 -7.163 -6.918 -6.663 -7.421 -7.176 -6.931 -6.743 -6.662 -7.176 -7.329 -7.061 -6.108 -5.627 -5.05 -7.209
0.004998 -7.231 -7.383 -7.487 -7.618 -7.531 -7.35 -7.44 -7.611 -7.528 -7.343 -7.091 -6.763 -7.615 -7.477 -7.213 -6.969 -6.715 -7.468 -7.225 -6.982 -6.795 -6.714 -7.225 -7.376 -7.111 -6.162 -5.681 -5.105 -7.258
0.005149 -7.259 -7.414 -7.522 -7.659 -7.576 -7.399 -7.477 -7.654 -7.573 -7.391 -7.141 -6.815 -7.657 -7.524 -7.262 -7.02 -6.767 -7.514 -7.274 -7.032 -6.846 -6.765 -7.273 -7.424 -7.16 -6.215 -5.736 -5.16 -7.306
0.005305 -7.286 -7.445 -7.556 -7.701 -7.621 -7.446 -7.515 -7.696 -7.618 -7.439 -7.191 -6.866 -7.699 -7.57 -7.311 -7.07 -6.818 -7.56 -7.323 -7.083 -6.897 -6.816 -7.322 -7.471 -7.21 -6.269 -5.79 -5.215 -7.354
0.005465 -7.313 -7.475 -7.59 -7.742 -7.666 -7.494 -7.552 -7.737 -7.663 -7.486 -7.241 -6.918 -7.741 -7.615 -7.36 -7.121 -6.87 -7.606 -7.372 -7.133 -6.948 -6.867 -7.37 -7.518 -7.26 -6.322 -5.844 -5.27 -7.401
0.00563 -7.339 -7.505 -7.623 -7.782 -7.71 -7.541 -7.588 -7.779 -7.707 -7.534 -7.29 -6.969 -7.782 -7.661 -7.409 -7.171 -6.921 -7.652 -7.42 -7.183 -6.999 -6.917 -7.418 -7.565 -7.309 -6.375 -5.898 -5.324 -7.449
0.005801 -7.364 -7.534 -7.656 -7.823 -7.755 -7.588 -7.624 -7.819 -7.751 -7.581 -7.339 -7.02 -7.823 -7.706 -7.457 -7.221 -6.973 -7.698 -7.469 -7.233 -7.05 -6.968 -7.466 -7.611 -7.358 -6.428 -5.951 -5.379 -7.496
0.005976 -7.389 -7.562 -7.689 -7.862 -7.798 -7.635 -7.66 -7.86 -7.795 -7.628 -7.388 -7.071 -7.863 -7.751 -7.505 -7.271 -7.024 -7.743 -7.517 -7.283 -7.1 -7.018 -7.513 -7.658 -7.407 -6.48 -6.005 -5.433 -7.543
0.006157 -7.414 -7.59 -7.72 -7.902 -7.842 -7.682 -7.696 -7.9 -7.839 -7.674 -7.437 -7.121 -7.903 -7.796 -7.553 -7.32 -7.074 -7.788 -7.565 -7.332 -7.151 -7.069 -7.561 -7.704 -7.455 -6.533 -6.059 -5.488 -7.589
0.006343 -7.437 -7.617 -7.752 -7.941 -7.885 -7.728 -7.731 -7.94 -7.882 -7.721 -7.486 -7.172 -7.943 -7.84 -7.601 -7.37 -7.125 -7.833 -7.612 -7.382 -7.201 -7.119 -7.608 -7.749 -7.504 -6.586 -6.112 -5.542 -7.636
0.006535 -7.461 -7.644 -7.783 -7.98 -7.928 -7.774 -7.765 -7.98 -7.925 -7.767 -7.534 -7.222 -7.982 -7.884 -7.648 -7.419 -7.176 -7.877 -7.66 -7.431 -7.251 -7.169 -7.655 -7.795 -7.552 -6.638 -6.166 -5.596 -7.682
0.006732 -7.483 -7.67 -7.813 -8.018 -7.971 -7.82 -7.8 -8.019 -7.968 -7.813 -7.582 -7.272 -8.022 -7.928 -7.696 -7.468 -7.226 -7.921 -7.707 -7.48 -7.301 -7.219 -7.701 -7.84 -7.6 -6.69 -6.219 -5.65 -7.728
0.006936 -7.505 -7.696 -7.843 -8.056 -8.013 -7.866 -7.834 -8.058 -8.011 -7.859 -7.63 -7.322 -8.06 -7.971 -7.743 -7.517 -7.277 -7.965 -7.754 -7.529 -7.351 -7.268 -7.748 -7.885 -7.648 -6.742 -6.272 -5.704 -7.774
0.007146 -7.527 -7.721 -7.873 -8.094 -8.056 -7.912 -7.867 -8.096 -8.053 -7.904 -7.678 -7.372 -8.099 -8.015 -7.79 -7.566 -7.327 -8.009 -7.801 -7.577 -7.4 -7.318 -7.794 -7.93 -7.696 -6.794 -6.325 -5.758 -7.82
0.007362 -7.547 -7.746 -7.902 -8.132 -8.098 -7.957 -7.9 -8.134 -8.095 -7.95 -7.726 -7.422 -8.137 -8.058 -7.837 -7.615 -7.377 -8.052 -7.847 -7.626 -7.45 -7.367 -7.84 -7.975 -7.743 -6.846 -6.378 -5.812 -7.865
0.007585 -7.568 -7.77 -7.931 -8.169 -8.139 -8.002 -7.933 -8.172 -8.136 -7.995 -7.773 -7.471 -8.174 -8.101 -7.883 -7.663 -7.426 -8.096 -7.894 -7.674 -7.499 -7.417 -7.886 -8.019 -7.791 -6.898 -6.431 -5.865 -7.91
0.007814 -7.587 -7.793 -7.959 -8.205 -8.18 -8.047 -7.966 -8.21 -8.178 -8.04 -7.82 -7.521 -8.212 -8.143 -7.93 -7.712 -7.476 -8.138 -7.94 -7.722 -7.548 -7.466 -7.931 -8.063 -7.838 -6.95 -6.484 -5.919 -7.955
0.00805 -7.607 -7.816 -7.987 -8.242 -8.222 -8.091 -7.998 -8.247 -8.219 -8.084 -7.868 -7.57 -8.249 -8.185 -7.976 -7.76 -7.526 -8.181 -7.986 -7.77 -7.597 -7.515 -7.977 -8.107 -7.885 -7.001 -6.536 -5.973 -8.0
0.008294 -7.625 -7.839 -8.014 -8.278 -8.262 -8.136 -8.03 -8.284 -8.26 -8.129 -7.915 -7.619 -8.285 -8.228 -8.022 -7.808 -7.575 -8.224 -8.032 -7.818 -7.646 -7.564 -8.022 -8.151 -7.932 -7.053 -6.589 -6.026 -8.045
0.008545 -7.643 -7.861 -8.041 -8.313 -8.303 -8.18 -8.062 -8.32 -8.3 -8.173 -7.961 -7.668 -8.322 -8.269 -8.068 -7.856 -7.624 -8.266 -8.078 -7.866 -7.695 -7.613 -8.067 -8.194 -7.978 -7.104 -6.641 -6.079 -8.089
0.008803 -7.661 -7.882 -8.067 -8.349 -8.343 -8.224 -8.093 -8.356 -8.34 -8.217 -8.008 -7.717 -8.358 -8.311 -8.113 -7.903 -7.674 -8.308 -8.123 -7.913 -7.743 -7.661 -8.112 -8.238 -8.025 -7.155 -6.694 -6.133 -8.133
0.009069 -7.678 -7.903 -8.093 -8.383 -8.383 -8.267 -8.124 -8.392 -8.38 -8.261 -8.054 -7.765 -8.393 -8.352 -8.158 -7.951 -7.723 -8.349 -8.168 -7.961 -7.792 -7.71 -8.157 -8.281 -8.071 -7.206 -6.746 -6.186 -8.177
0.009344 -7.694 -7.923 -8.118 -8.418 -8.423 -8.311 -8.155 -8.428 -8.42 -8.304 -8.1 -7.814 -8.429 -8.393 -8.204 -7.998 -7.771 -8.391 -8.213 -8.008 -7.84 -7.758 -8.201 -8.323 -8.117 -7.257 -6.798 -6.239 -8.221
0.009626 -7.71 -7.943 -8.143 -8.452 -8.462 -8.354 -8.185 -8.463 -8.459 -8.347 -8.146 -7.862 -8.464 -8.434 -8.249 -8.045 -7.82 -8.432 -8.258 -8.055 -7.888 -7.807 -8.245 -8.366 -8.163 -7.308 -6.85 -6.292 -8.264
