web/models/kne.last_good/kappa_1_10/31/villar_0.0010_0.1553_1.0000.dat
# %ECSV 1.0
# ---
# datatype:
# - {name: time, datatype: float64}
# - {name: swift_uvot_uvw2, datatype: float64}
# - {name: swift_uvot_uvm2, datatype: float64}
# - {name: swift_uvot_uvw1, datatype: float64}
# - {name: swift_uvot_U, datatype: float64}
# - {name: swift_uvot_B, datatype: float64}
# - {name: swift_uvot_V, datatype: float64}
# - {name: swift_uvot_W, datatype: float64}
# - {name: johnson_U, datatype: float64}
# - {name: johnson_B, datatype: float64}
# - {name: johnson_V, datatype: float64}
# - {name: johnson_R, datatype: float64}
# - {name: johnson_I, datatype: float64}
# - {name: sdss_u, datatype: float64}
# - {name: sdss_g, datatype: float64}
# - {name: sdss_r, datatype: float64}
# - {name: sdss_i, datatype: float64}
# - {name: sdss_z, datatype: float64}
# - {name: PS1_g, datatype: float64}
# - {name: PS1_r, datatype: float64}
# - {name: PS1_i, datatype: float64}
# - {name: PS1_z, datatype: float64}
# - {name: PS1_Y, datatype: float64}
# - {name: PS1_w, datatype: float64}
# - {name: ATLAS_c, datatype: float64}
# - {name: ATLAS_o, datatype: float64}
# - {name: ukirt_J, datatype: float64}
# - {name: ukirt_H, datatype: float64}
# - {name: ukirt_K, datatype: float64}
# - {name: Clear, datatype: float64}
# meta: !!omap
# - comment: [kappa = 1.0, type = villar, mass = 0.001, velocity = 0.15533333333333332, theta_obs = 0.0]
# schema: astropy-2.0
time swift_uvot_uvw2 swift_uvot_uvm2 swift_uvot_uvw1 swift_uvot_U swift_uvot_B swift_uvot_V swift_uvot_W johnson_U johnson_B johnson_V johnson_R johnson_I sdss_u sdss_g sdss_r sdss_i sdss_z PS1_g PS1_r PS1_i PS1_z PS1_Y PS1_w ATLAS_c ATLAS_o ukirt_J ukirt_H ukirt_K Clear
[from data line 151]
0.089944 -9.75 -10.073 -10.423 -10.978 -11.131 -11.131 -10.636 -11.014 -11.13 -11.126 -11.001 -10.782 -11.01 -11.141 -11.073 -10.93 -10.748 -11.153 -11.081 -10.938 -10.804 -10.732 -11.051 -11.123 -11.012 -10.298 -9.872 -9.341 -11.052
0.092665 -9.742 -10.07 -10.428 -10.997 -11.158 -11.164 -10.653 -11.035 -11.157 -11.16 -11.039 -10.824 -11.03 -11.171 -11.11 -10.97 -10.791 -11.184 -11.118 -10.978 -10.846 -10.775 -11.086 -11.156 -11.05 -10.344 -9.92 -9.391 -11.086
0.095467 -9.734 -10.065 -10.433 -11.016 -11.185 -11.198 -10.669 -11.054 -11.184 -11.193 -11.077 -10.865 -11.049 -11.2 -11.146 -11.01 -10.833 -11.214 -11.154 -11.017 -10.887 -10.817 -11.121 -11.188 -11.088 -10.39 -9.968 -9.44 -11.12
0.098355 -9.724 -10.059 -10.437 -11.034 -11.212 -11.23 -10.684 -11.074 -11.21 -11.226 -11.114 -10.907 -11.068 -11.228 -11.181 -11.049 -10.875 -11.243 -11.189 -11.057 -10.929 -10.86 -11.156 -11.22 -11.125 -10.435 -10.016 -9.489 -11.154
0.101329 -9.713 -10.053 -10.439 -11.051 -11.237 -11.263 -10.699 -11.092 -11.236 -11.259 -11.152 -10.948 -11.086 -11.257 -11.217 -11.088 -10.917 -11.272 -11.225 -11.096 -10.97 -10.902 -11.191 -11.251 -11.162 -10.481 -10.063 -9.538 -11.187
0.104394 -9.701 -10.045 -10.441 -11.067 -11.263 -11.295 -10.713 -11.11 -11.261 -11.291 -11.188 -10.989 -11.104 -11.284 -11.252 -11.127 -10.958 -11.301 -11.26 -11.134 -11.011 -10.943 -11.224 -11.282 -11.198 -10.526 -10.111 -9.587 -11.22
0.107551 -9.689 -10.036 -10.442 -11.082 -11.287 -11.326 -10.727 -11.127 -11.286 -11.322 -11.225 -11.029 -11.121 -11.311 -11.286 -11.165 -10.999 -11.329 -11.294 -11.173 -11.051 -10.985 -11.258 -11.312 -11.235 -10.571 -10.158 -9.636 -11.253
0.110804 -9.675 -10.026 -10.442 -11.097 -11.311 -11.357 -10.741 -11.144 -11.31 -11.353 -11.261 -11.07 -11.137 -11.338 -11.32 -11.203 -11.04 -11.356 -11.328 -11.211 -11.091 -11.026 -11.291 -11.342 -11.27 -10.616 -10.205 -9.685 -11.285
0.114155 -9.66 -10.015 -10.441 -11.111 -11.334 -11.387 -10.753 -11.159 -11.334 -11.384 -11.297 -11.11 -11.152 -11.364 -11.354 -11.241 -11.081 -11.383 -11.362 -11.249 -11.131 -11.067 -11.324 -11.371 -11.306 -10.661 -10.251 -9.733 -11.317
0.117608 -9.643 -10.002 -10.439 -11.124 -11.357 -11.417 -10.765 -11.174 -11.356 -11.414 -11.332 -11.149 -11.166 -11.389 -11.387 -11.278 -11.121 -11.409 -11.395 -11.286 -11.171 -11.108 -11.356 -11.4 -11.341 -10.705 -10.298 -9.782 -11.348
0.121165 -9.626 -9.988 -10.436 -11.137 -11.379 -11.447 -10.776 -11.188 -11.379 -11.444 -11.367 -11.189 -11.18 -11.414 -11.42 -11.315 -11.161 -11.435 -11.428 -11.323 -11.21 -11.148 -11.388 -11.428 -11.375 -10.749 -10.345 -9.83 -11.379
0.124829 -9.607 -9.973 -10.432 -11.148 -11.4 -11.475 -10.787 -11.201 -11.4 -11.472 -11.401 -11.228 -11.193 -11.438 -11.452 -11.352 -11.201 -11.46 -11.46 -11.359 -11.249 -11.188 -11.419 -11.456 -11.409 -10.793 -10.391 -9.878 -11.409
0.128605 -9.587 -9.956 -10.426 -11.158 -11.421 -11.504 -10.797 -11.213 -11.421 -11.501 -11.435 -11.266 -11.204 -11.461 -11.484 -11.388 -11.24 -11.485 -11.492 -11.395 -11.288 -11.228 -11.45 -11.483 -11.443 -10.837 -10.437 -9.926 -11.439
0.132494 -9.566 -9.938 -10.42 -11.168 -11.441 -11.531 -10.806 -11.225 -11.441 -11.529 -11.469 -11.304 -11.215 -11.483 -11.515 -11.424 -11.279 -11.508 -11.523 -11.431 -11.326 -11.267 -11.48 -11.509 -11.476 -10.88 -10.483 -9.974 -11.468
0.136502 -9.543 -9.919 -10.412 -11.176 -11.46 -11.558 -10.815 -11.235 -11.46 -11.556 -11.502 -11.342 -11.225 -11.505 -11.546 -11.459 -11.317 -11.531 -11.553 -11.466 -11.364 -11.306 -11.51 -11.535 -11.509 -10.923 -10.528 -10.021 -11.497
0.14063 -9.519 -9.897 -10.403 -11.184 -11.478 -11.585 -10.822 -11.244 -11.478 -11.582 -11.534 -11.38 -11.234 -11.526 -11.576 -11.493 -11.355 -11.554 -11.583 -11.501 -11.401 -11.345 -11.539 -11.56 -11.541 -10.966 -10.573 -10.069 -11.525
0.144883 -9.493 -9.874 -10.392 -11.19 -11.495 -11.61 -10.829 -11.252 -11.495 -11.608 -11.566 -11.417 -11.241 -11.547 -11.605 -11.528 -11.393 -11.575 -11.613 -11.535 -11.438 -11.383 -11.567 -11.584 -11.572 -11.009 -10.618 -10.116 -11.552
0.149265 -9.466 -9.85 -10.38 -11.195 -11.511 -11.635 -10.835 -11.259 -11.512 -11.633 -11.597 -11.453 -11.248 -11.566 -11.634 -11.561 -11.43 -11.596 -11.642 -11.569 -11.475 -11.421 -11.595 -11.608 -11.603 -11.051 -10.663 -10.163 -11.579
0.15378 -9.437 -9.823 -10.367 -11.199 -11.527 -11.659 -10.84 -11.265 -11.527 -11.658 -11.628 -11.489 -11.253 -11.585 -11.662 -11.595 -11.467 -11.616 -11.67 -11.602 -11.511 -11.459 -11.622 -11.631 -11.633 -11.093 -10.708 -10.209 -11.605
0.15843 -9.407 -9.795 -10.352 -11.201 -11.541 -11.683 -10.844 -11.27 -11.542 -11.681 -11.658 -11.525 -11.257 -11.603 -11.69 -11.627 -11.503 -11.635 -11.697 -11.635 -11.546 -11.496 -11.649 -11.653 -11.663 -11.134 -10.752 -10.256 -11.63
0.163222 -9.374 -9.764 -10.335 -11.203 -11.555 -11.705 -10.847 -11.273 -11.555 -11.704 -11.687 -11.56 -11.26 -11.619 -11.716 -11.659 -11.539 -11.653 -11.724 -11.667 -11.581 -11.533 -11.674 -11.674 -11.692 -11.175 -10.796 -10.302 -11.655
0.168159 -9.34 -9.732 -10.317 -11.203 -11.567 -11.727 -10.849 -11.276 -11.568 -11.726 -11.716 -11.594 -11.262 -11.635 -11.742 -11.69 -11.574 -11.67 -11.75 -11.698 -11.616 -11.569 -11.699 -11.695 -11.72 -11.216 -10.839 -10.348 -11.679
0.173245 -9.304 -9.697 -10.297 -11.201 -11.578 -11.747 -10.85 -11.276 -11.579 -11.747 -11.744 -11.628 -11.262 -11.65 -11.768 -11.721 -11.609 -11.686 -11.775 -11.729 -11.65 -11.604 -11.724 -11.714 -11.748 -11.256 -10.883 -10.393 -11.702
0.178484 -9.267 -9.661 -10.275 -11.198 -11.588 -11.767 -10.85 -11.276 -11.589 -11.767 -11.771 -11.661 -11.261 -11.663 -11.792 -11.751 -11.643 -11.701 -11.8 -11.759 -11.683 -11.64 -11.747 -11.732 -11.775 -11.296 -10.926 -10.439 -11.725
0.183882 -9.227 -9.621 -10.251 -11.194 -11.597 -11.786 -10.848 -11.273 -11.598 -11.786 -11.798 -11.694 -11.258 -11.676 -11.815 -11.78 -11.676 -11.715 -11.823 -11.789 -11.716 -11.674 -11.77 -11.75 -11.801 -11.335 -10.968 -10.484 -11.746
0.189444 -9.185 -9.58 -10.225 -11.187 -11.604 -11.804 -10.846 -11.269 -11.606 -11.804 -11.824 -11.726 -11.253 -11.687 -11.838 -11.809 -11.709 -11.728 -11.846 -11.817 -11.748 -11.708 -11.791 -11.766 -11.826 -11.374 -11.01 -10.529 -11.767
0.195173 -9.141 -9.535 -10.197 -11.179 -11.61 -11.82 -10.842 -11.264 -11.612 -11.821 -11.848 -11.757 -11.247 -11.697 -11.859 -11.837 -11.741 -11.739 -11.867 -11.845 -11.779 -11.741 -11.812 -11.782 -11.85 -11.413 -11.052 -10.573 -11.786
0.201076 -9.094 -9.488 -10.167 -11.169 -11.614 -11.836 -10.837 -11.257 -11.616 -11.836 -11.872 -11.788 -11.239 -11.705 -11.88 -11.864 -11.773 -11.749 -11.888 -11.872 -11.81 -11.774 -11.832 -11.796 -11.874 -11.451 -11.093 -10.617 -11.805
0.207158 -9.045 -9.438 -10.134 -11.158 -11.617 -11.85 -10.83 -11.247 -11.62 -11.851 -11.895 -11.818 -11.229 -11.712 -11.899 -11.89 -11.804 -11.758 -11.908 -11.898 -11.84 -11.806 -11.85 -11.808 -11.896 -11.488 -11.134 -10.661 -11.823
0.213423 -8.994 -9.385 -10.099 -11.144 -11.618 -11.863 -10.822 -11.236 -11.621 -11.864 -11.917 -11.847 -11.217 -11.718 -11.918 -11.915 -11.833 -11.766 -11.926 -11.923 -11.869 -11.837 -11.868 -11.82 -11.917 -11.525 -11.174 -10.704 -11.839
0.219878 -8.94 -9.329 -10.062 -11.128 -11.618 -11.874 -10.812 -11.223 -11.621 -11.876 -11.938 -11.875 -11.203 -11.722 -11.935 -11.939 -11.862 -11.772 -11.943 -11.947 -11.897 -11.868 -11.884 -11.83 -11.937 -11.561 -11.214 -10.747 -11.854
0.226528 -8.884 -9.269 -10.021 -11.109 -11.616 -11.884 -10.8 -11.207 -11.619 -11.886 -11.957 -11.902 -11.186 -11.724 -11.95 -11.962 -11.891 -11.776 -11.959 -11.97 -11.924 -11.897 -11.899 -11.838 -11.956 -11.596 -11.254 -10.789 -11.868
0.233379 -8.825 -9.206 -9.978 -11.089 -11.611 -11.893 -10.787 -11.19 -11.615 -11.895 -11.976 -11.928 -11.168 -11.725 -11.965 -11.983 -11.918 -11.778 -11.974 -11.992 -11.951 -11.926 -11.913 -11.846 -11.974 -11.631 -11.292 -10.831 -11.881
0.240437 -8.763 -9.139 -9.932 -11.065 -11.605 -11.899 -10.772 -11.169 -11.609 -11.902 -11.993 -11.953 -11.146 -11.724 -11.978 -12.004 -11.944 -11.779 -11.987 -12.013 -11.976 -11.954 -11.925 -11.851 -11.991 -11.665 -11.33 -10.872 -11.892
0.247709 -8.698 -9.068 -9.883 -11.039 -11.597 -11.905 -10.755 -11.146 -11.601 -11.908 -12.008 -11.977 -11.123 -11.72 -11.989 -12.023 -11.969 -11.778 -11.998 -12.033 -12.0 -11.981 -11.936 -11.855 -12.006 -11.698 -11.368 -10.913 -11.902
0.255201 -8.63 -8.993 -9.83 -11.01 -11.586 -11.908 -10.736 -11.121 -11.591 -11.912 -12.023 -12.0 -11.096 -11.715 -11.999 -12.042 -11.993 -11.775 -12.008 -12.051 -12.023 -12.007 -11.945 -11.856 -12.019 -11.731 -11.405 -10.954 -11.911
0.262919 -8.559 -8.913 -9.773 -10.978 -11.573 -11.909 -10.714 -11.092 -11.578 -11.913 -12.035 -12.022 -11.066 -11.707 -12.007 -12.058 -12.016 -11.769 -12.017 -12.068 -12.045 -12.032 -11.953 -11.856 -12.031 -11.762 -11.441 -10.993 -11.917
0.270871 -8.485 -8.828 -9.713 -10.943 -11.557 -11.908 -10.69 -11.06 -11.563 -11.913 -12.046 -12.042 -11.033 -11.697 -12.014 -12.073 -12.038 -11.762 -12.023 -12.083 -12.065 -12.055 -11.959 -11.854 -12.042 -11.793 -11.476 -11.033 -11.922
0.279064 -8.407 -8.739 -9.649 -10.905 -11.539 -11.905 -10.664 -11.025 -11.545 -11.911 -12.056 -12.061 -10.997 -11.685 -12.018 -12.087 -12.058 -11.752 -12.028 -12.097 -12.085 -12.078 -11.963 -11.85 -12.05 -11.822 -11.511 -11.071 -11.926
0.287504 -8.326 -8.644 -9.581 -10.862 -11.518 -11.9 -10.635 -10.987 -11.524 -11.906 -12.063 -12.079 -10.957 -11.669 -12.021 -12.099 -12.077 -11.739 -12.031 -12.109 -12.102 -12.099 -11.965 -11.843 -12.057 -11.851 -11.544 -11.109 -11.927
0.296199 -8.242 -8.543 -9.508 -10.816 -11.493 -11.892 -10.604 -10.944 -11.5 -11.899 -12.069 -12.095 -10.914 -11.651 -12.021 -12.109 -12.094 -11.724 -12.031 -12.12 -12.119 -12.118 -11.965 -11.833 -12.062 -11.878 -11.577 -11.146 -11.926
0.305157 -8.154 -8.436 -9.43 -10.766 -11.465 -11.882 -10.569 -10.898 -11.473 -11.889 -12.072 -12.109 -10.866 -11.63 -12.019 -12.117 -12.11 -11.706 -12.029 -12.128 -12.133 -12.137 -11.962 -11.822 -12.065 -11.904 -11.609 -11.182 -11.923
0.314387 -8.063 -8.323 -9.347 -10.711 -11.434 -11.869 -10.532 -10.848 -11.442 -11.876 -12.074 -12.122 -10.814 -11.606 -12.014 -12.123 -12.124 -11.684 -12.025 -12.134 -12.146 -12.153 -11.958 -11.807 -12.065 -11.929 -11.64 -11.218 -11.918
0.323895 -7.968 -8.203 -9.259 -10.652 -11.399 -11.852 -10.491 -10.792 -11.407 -11.86 -12.073 -12.132 -10.757 -11.578 -12.007 -12.127 -12.136 -11.659 -12.018 -12.139 -12.157 -12.168 -11.95 -11.789 -12.063 -11.953 -11.67 -11.252 -11.91
0.333691 -7.87 -8.075 -9.165 -10.587 -11.36 -11.833 -10.446 -10.732 -11.369 -11.842 -12.069 -12.141 -10.696 -11.546 -11.996 -12.129 -12.146 -11.631 -12.008 -12.14 -12.165 -12.181 -11.941 -11.768 -12.058 -11.975 -11.698 -11.286 -11.899
0.343783 -7.769 -7.94 -9.065 -10.517 -11.316 -11.809 -10.398 -10.667 -11.326 -11.819 -12.062 -12.147 -10.629 -11.511 -11.983 -12.128 -12.154 -11.599 -11.995 -12.14 -12.172 -12.192 -11.928 -11.743 -12.051 -11.996 -11.725 -11.319 -11.886
0.354181 -7.664 -7.796 -8.959 -10.442 -11.268 -11.783 -10.345 -10.596 -11.279 -11.793 -12.053 -12.151 -10.556 -11.471 -11.967 -12.124 -12.159 -11.563 -11.979 -12.137 -12.176 -12.202 -11.912 -11.715 -12.041 -12.015 -11.751 -11.35 -11.87
0.364893 -7.556 -7.643 -8.846 -10.36 -11.215 -11.752 -10.289 -10.52 -11.226 -11.763 -12.041 -12.153 -10.477 -11.427 -11.947 -12.117 -12.163 -11.523 -11.96 -12.13 -12.178 -12.208 -11.893 -11.683 -12.027 -12.032 -11.776 -11.381 -11.851
0.375929 -7.446 -7.481 -8.725 -10.271 -11.157 -11.717 -10.228 -10.436 -11.169 -11.729 -12.025 -12.152 -10.392 -11.377 -11.923 -12.108 -12.163 -11.478 -11.936 -12.121 -12.177 -12.213 -11.87 -11.646 -12.01 -12.047 -11.799 -11.41 -11.828
0.387298 -7.333 -7.308 -8.597 -10.176 -11.093 -11.677 -10.162 -10.346 -11.105 -11.69 -12.005 -12.148 -10.3 -11.323 -11.895 -12.095 -12.161 -11.428 -11.909 -12.109 -12.174 -12.215 -11.843 -11.605 -11.99 -12.06 -11.821 -11.438 -11.801
0.399012 -7.219 -7.124 -8.46 -10.072 -11.022 -11.632 -10.09 -10.249 -11.036 -11.647 -11.982 -12.141 -10.2 -11.263 -11.863 -12.078 -12.156 -11.372 -11.878 -12.093 -12.167 -12.214 -11.812 -11.559 -11.965 -12.071 -11.84 -11.464 -11.771
0.41108 -7.103 -6.928 -8.315 -9.961 -10.945 -11.582 -10.014 -10.143 -10.96 -11.598 -11.955 -12.131 -10.092 -11.196 -11.826 -12.058 -12.148 -11.311 -11.841 -12.073 -12.157 -12.21 -11.777 -11.508 -11.936 -12.08 -11.858 -11.489 -11.737
0.423513 -6.986 -6.72 -8.16 -9.84 -10.861 -11.526 -9.931 -10.029 -10.877 -11.543 -11.923 -12.117 -9.976 -11.124 -11.784 -12.033 -12.136 -11.244 -11.8 -12.049 -12.143 -12.203 -11.738 -11.451 -11.903 -12.086 -11.874 -11.513 -11.698
0.436321 -6.869 -6.498 -7.995 -9.71 -10.769 -11.464 -9.842 -9.906 -10.787 -11.482 -11.886 -12.099 -9.849 -11.044 -11.737 -12.004 -12.12 -11.17 -11.754 -12.02 -12.125 -12.193 -11.693 -11.388 -11.865 -12.09 -11.888 -11.535 -11.654
0.449518 -6.753 -6.261 -7.819 -9.569 -10.669 -11.395 -9.746 -9.773 -10.688 -11.415 -11.844 -12.077 -9.713 -10.956 -11.683 -11.97 -12.101 -11.088 -11.701 -11.987 -12.104 -12.178 -11.643 -11.319 -11.821 -12.09 -11.899 -11.555 -11.605
0.463113 -6.638 -6.008 -7.632 -9.418 -10.56 -11.319 -9.643 -9.628 -10.581 -11.34 -11.796 -12.05 -9.565 -10.86 -11.623 -11.931 -12.077 -10.999 -11.643 -11.948 -12.077 -12.16 -11.586 -11.242 -11.772 -12.088 -11.908 -11.573 -11.551
0.47712 -6.525 -5.739 -7.433 -9.254 -10.441 -11.234 -9.531 -9.472 -10.463 -11.257 -11.742 -12.019 -9.406 -10.755 -11.557 -11.886 -12.048 -10.902 -11.577 -11.904 -12.046 -12.138 -11.524 -11.157 -11.716 -12.082 -11.914 -11.588 -11.491
0.49155 -6.415 -5.451 -7.221 -9.076 -10.312 -11.141 -9.412 -9.303 -10.336 -11.166 -11.682 -11.982 -9.233 -10.641 -11.482 -11.834 -12.014 -10.795 -11.504 -11.854 -12.01 -12.11 -11.454 -11.065 -11.654 -12.072 -11.917 -11.602 -11.425
0.506416 -6.308 -5.144 -6.995 -8.885 -10.171 -11.039 -9.283 -9.121 -10.197 -11.066 -11.614 -11.94 -9.047 -10.516 -11.4 -11.776 -11.974 -10.679 -11.423 -11.797 -11.967 -12.078 -11.378 -10.963 -11.585 -12.058 -11.918 -11.613 -11.352
0.521733 -6.205 -4.816 -6.754 -8.678 -10.017 -10.927 -9.144 -8.923 -10.045 -10.956 -11.539 -11.891 -8.845 -10.379 -11.309 -11.711 -11.928 -10.552 -11.333 -11.732 -11.919 -12.04 -11.293 -10.851 -11.507 -12.04 -11.914 -11.622 -11.271
0.537512 -6.105 -4.466 -6.498 -8.454 -9.85 -10.803 -8.995 -8.709 -9.88 -10.835 -11.455 -11.835 -8.626 -10.23 -11.207 -11.638 -11.875 -10.414 -11.234 -11.66 -11.863 -11.996 -11.199 -10.728 -11.421 -12.017 -11.907 -11.627 -11.183
0.553769 -6.008 -4.094 -6.224 -8.211 -9.667 -10.667 -8.834 -8.477 -9.701 -10.701 -11.361 -11.772 -8.389 -10.067 -11.096 -11.555 -11.815 -10.264 -11.125 -11.579 -11.8 -11.945 -11.096 -10.594 -11.325 -11.989 -11.896 -11.63 -11.087
0.570517 -5.915 -3.698 -5.934 -7.948 -9.469 -10.518 -8.661 -8.225 -9.505 -10.555 -11.258 -11.701 -8.131 -9.89 -10.972 -11.464 -11.747 -10.1 -11.004 -11.489 -11.729 -11.887 -10.982 -10.447 -11.219 -11.955 -11.881 -11.629 -10.981
0.587772 -5.823 -3.28 -5.624 -7.663 -9.252 -10.354 -8.474 -7.952 -9.293 -10.395 -11.143 -11.621 -7.852 -9.696 -10.836 -11.361 -11.671 -9.921 -10.87 -11.388 -11.648 -11.821 -10.857 -10.286 -11.101 -11.915 -11.861 -11.625 -10.866
0.605549 -5.733 -2.84 -5.294 -7.353 -9.016 -10.174 -8.273 -7.656 -9.06 -10.219 -11.016 -11.531 -7.549 -9.484 -10.686 -11.247 -11.584 -9.728 -10.724 -11.276 -11.558 -11.746 -10.72 -10.11 -10.972 -11.868 -11.835 -11.616 -10.74
0.623863 -5.643 -2.383 -4.943 -7.017 -8.759 -9.977 -8.055 -7.333 -8.807 -10.025 -10.876 -11.43 -7.219 -9.252 -10.52 -11.121 -11.487 -9.517 -10.562 -11.152 -11.457 -11.662 -10.569 -9.917 -10.828 -11.813 -11.804 -11.603 -10.603
0.642731 -5.552 -1.917 -4.569 -6.652 -8.478 -9.76 -7.821 -6.983 -8.531 -9.813 -10.721 -11.318 -6.861 -8.999 -10.337 -10.98 -11.378 -9.289 -10.384 -11.013 -11.344 -11.567 -10.403 -9.706 -10.67 -11.75 -11.766 -11.586 -10.454
0.66217 -5.458 -1.456 -4.171 -6.254 -8.17 -9.522 -7.568 -6.6 -8.23 -9.579 -10.549 -11.192 -6.47 -8.722 -10.136 -10.824 -11.257 -9.042 -10.188 -10.86 -11.218 -11.46 -10.221 -9.474 -10.495 -11.678 -11.722 -11.563 -10.292
