web/models/linear/26/-14_204_0_495.dat
# %ECSV 1.0
# ---
# datatype:
# - {name: time, datatype: float64}
# - {name: sdss_u, datatype: float64}
# - {name: sdss_g, datatype: float64}
# - {name: sdss_r, datatype: float64}
# - {name: sdss_i, datatype: float64}
# - {name: sdss_z, datatype: float64}
# - {name: Clear, datatype: float64}
# - {name: johnson_B, datatype: float64}
# - {name: johnson_V, datatype: float64}
# - {name: johnson_R, datatype: float64}
# - {name: johnson_I, datatype: float64}
# - {name: ukirt_J, datatype: float64}
# - {name: ukirt_H, datatype: float64}
# - {name: ukirt_K, datatype: float64}
# meta: !!omap
# - comment: [M=-14.204081632653061, dM=0.4951289998230568]
# schema: astropy-2.0
time sdss_u sdss_g sdss_r sdss_i sdss_z Clear johnson_B johnson_V johnson_R johnson_I ukirt_J ukirt_H ukirt_K
[from data line 177]
13.341708542713567 -7.59821482596856 -7.59821482596856 -7.59821482596856 -7.59821482596856 -7.59821482596856 -7.59821482596856 -7.59821482596856 -7.59821482596856 -7.59821482596856 -7.59821482596856 -7.59821482596856 -7.59821482596856 -7.59821482596856
13.417085427135678 -7.560893544574862 -7.560893544574862 -7.560893544574862 -7.560893544574862 -7.560893544574862 -7.560893544574862 -7.560893544574862 -7.560893544574862 -7.560893544574862 -7.560893544574862 -7.560893544574862 -7.560893544574862 -7.560893544574862
13.492462311557787 -7.523572263181165 -7.523572263181165 -7.523572263181165 -7.523572263181165 -7.523572263181165 -7.523572263181165 -7.523572263181165 -7.523572263181165 -7.523572263181165 -7.523572263181165 -7.523572263181165 -7.523572263181165 -7.523572263181165
13.567839195979898 -7.4862509817874665 -7.4862509817874665 -7.4862509817874665 -7.4862509817874665 -7.4862509817874665 -7.4862509817874665 -7.4862509817874665 -7.4862509817874665 -7.4862509817874665 -7.4862509817874665 -7.4862509817874665 -7.4862509817874665 -7.4862509817874665
13.64321608040201 -7.4489297003937684 -7.4489297003937684 -7.4489297003937684 -7.4489297003937684 -7.4489297003937684 -7.4489297003937684 -7.4489297003937684 -7.4489297003937684 -7.4489297003937684 -7.4489297003937684 -7.4489297003937684 -7.4489297003937684 -7.4489297003937684
13.718592964824118 -7.411608419000072 -7.411608419000072 -7.411608419000072 -7.411608419000072 -7.411608419000072 -7.411608419000072 -7.411608419000072 -7.411608419000072 -7.411608419000072 -7.411608419000072 -7.411608419000072 -7.411608419000072 -7.411608419000072
13.79396984924623 -7.374287137606374 -7.374287137606374 -7.374287137606374 -7.374287137606374 -7.374287137606374 -7.374287137606374 -7.374287137606374 -7.374287137606374 -7.374287137606374 -7.374287137606374 -7.374287137606374 -7.374287137606374 -7.374287137606374
13.86934673366834 -7.336965856212676 -7.336965856212676 -7.336965856212676 -7.336965856212676 -7.336965856212676 -7.336965856212676 -7.336965856212676 -7.336965856212676 -7.336965856212676 -7.336965856212676 -7.336965856212676 -7.336965856212676 -7.336965856212676
13.944723618090451 -7.299644574818978 -7.299644574818978 -7.299644574818978 -7.299644574818978 -7.299644574818978 -7.299644574818978 -7.299644574818978 -7.299644574818978 -7.299644574818978 -7.299644574818978 -7.299644574818978 -7.299644574818978 -7.299644574818978
14.020100502512562 -7.26232329342528 -7.26232329342528 -7.26232329342528 -7.26232329342528 -7.26232329342528 -7.26232329342528 -7.26232329342528 -7.26232329342528 -7.26232329342528 -7.26232329342528 -7.26232329342528 -7.26232329342528 -7.26232329342528
14.095477386934672 -7.225002012031583 -7.225002012031583 -7.225002012031583 -7.225002012031583 -7.225002012031583 -7.225002012031583 -7.225002012031583 -7.225002012031583 -7.225002012031583 -7.225002012031583 -7.225002012031583 -7.225002012031583 -7.225002012031583
14.170854271356783 -7.187680730637885 -7.187680730637885 -7.187680730637885 -7.187680730637885 -7.187680730637885 -7.187680730637885 -7.187680730637885 -7.187680730637885 -7.187680730637885 -7.187680730637885 -7.187680730637885 -7.187680730637885 -7.187680730637885
14.246231155778894 -7.150359449244187 -7.150359449244187 -7.150359449244187 -7.150359449244187 -7.150359449244187 -7.150359449244187 -7.150359449244187 -7.150359449244187 -7.150359449244187 -7.150359449244187 -7.150359449244187 -7.150359449244187 -7.150359449244187
14.321608040201003 -7.1130381678504895 -7.1130381678504895 -7.1130381678504895 -7.1130381678504895 -7.1130381678504895 -7.1130381678504895 -7.1130381678504895 -7.1130381678504895 -7.1130381678504895 -7.1130381678504895 -7.1130381678504895 -7.1130381678504895 -7.1130381678504895
14.396984924623114 -7.075716886456791 -7.075716886456791 -7.075716886456791 -7.075716886456791 -7.075716886456791 -7.075716886456791 -7.075716886456791 -7.075716886456791 -7.075716886456791 -7.075716886456791 -7.075716886456791 -7.075716886456791 -7.075716886456791
14.472361809045225 -7.038395605063094 -7.038395605063094 -7.038395605063094 -7.038395605063094 -7.038395605063094 -7.038395605063094 -7.038395605063094 -7.038395605063094 -7.038395605063094 -7.038395605063094 -7.038395605063094 -7.038395605063094 -7.038395605063094
14.547738693467336 -7.001074323669396 -7.001074323669396 -7.001074323669396 -7.001074323669396 -7.001074323669396 -7.001074323669396 -7.001074323669396 -7.001074323669396 -7.001074323669396 -7.001074323669396 -7.001074323669396 -7.001074323669396 -7.001074323669396
14.623115577889447 -6.963753042275698 -6.963753042275698 -6.963753042275698 -6.963753042275698 -6.963753042275698 -6.963753042275698 -6.963753042275698 -6.963753042275698 -6.963753042275698 -6.963753042275698 -6.963753042275698 -6.963753042275698 -6.963753042275698
14.698492462311556 -6.926431760882001 -6.926431760882001 -6.926431760882001 -6.926431760882001 -6.926431760882001 -6.926431760882001 -6.926431760882001 -6.926431760882001 -6.926431760882001 -6.926431760882001 -6.926431760882001 -6.926431760882001 -6.926431760882001
14.773869346733667 -6.889110479488303 -6.889110479488303 -6.889110479488303 -6.889110479488303 -6.889110479488303 -6.889110479488303 -6.889110479488303 -6.889110479488303 -6.889110479488303 -6.889110479488303 -6.889110479488303 -6.889110479488303 -6.889110479488303
14.849246231155778 -6.851789198094605 -6.851789198094605 -6.851789198094605 -6.851789198094605 -6.851789198094605 -6.851789198094605 -6.851789198094605 -6.851789198094605 -6.851789198094605 -6.851789198094605 -6.851789198094605 -6.851789198094605 -6.851789198094605
14.924623115577887 -6.814467916700908 -6.814467916700908 -6.814467916700908 -6.814467916700908 -6.814467916700908 -6.814467916700908 -6.814467916700908 -6.814467916700908 -6.814467916700908 -6.814467916700908 -6.814467916700908 -6.814467916700908 -6.814467916700908
15.0 -6.777146635307209 -6.777146635307209 -6.777146635307209 -6.777146635307209 -6.777146635307209 -6.777146635307209 -6.777146635307209 -6.777146635307209 -6.777146635307209 -6.777146635307209 -6.777146635307209 -6.777146635307209 -6.777146635307209
