web/models/linear/26/-14_204_0_167.dat
# %ECSV 1.0
# ---
# datatype:
# - {name: time, datatype: float64}
# - {name: swift_uvot_uvw2, datatype: float64}
# - {name: swift_uvot_uvm2, datatype: float64}
# - {name: swift_uvot_uvw1, datatype: float64}
# - {name: swift_uvot_U, datatype: float64}
# - {name: swift_uvot_B, datatype: float64}
# - {name: swift_uvot_V, datatype: float64}
# - {name: swift_uvot_W, datatype: float64}
# - {name: johnson_U, datatype: float64}
# - {name: johnson_B, datatype: float64}
# - {name: johnson_V, datatype: float64}
# - {name: johnson_R, datatype: float64}
# - {name: johnson_I, datatype: float64}
# - {name: sdss_u, datatype: float64}
# - {name: sdss_g, datatype: float64}
# - {name: sdss_r, datatype: float64}
# - {name: sdss_i, datatype: float64}
# - {name: sdss_z, datatype: float64}
# - {name: PS1_g, datatype: float64}
# - {name: PS1_r, datatype: float64}
# - {name: PS1_i, datatype: float64}
# - {name: PS1_z, datatype: float64}
# - {name: PS1_Y, datatype: float64}
# - {name: PS1_w, datatype: float64}
# - {name: ATLAS_c, datatype: float64}
# - {name: ATLAS_o, datatype: float64}
# - {name: ukirt_J, datatype: float64}
# - {name: ukirt_H, datatype: float64}
# - {name: ukirt_K, datatype: float64}
# - {name: Clear, datatype: float64}
# meta: !!omap
# - comment: [M=-14.204081632653061, dM=0.1671639597721523]
# schema: astropy-2.0
time swift_uvot_uvw2 swift_uvot_uvm2 swift_uvot_uvw1 swift_uvot_U swift_uvot_B swift_uvot_V swift_uvot_W johnson_U johnson_B johnson_V johnson_R johnson_I sdss_u sdss_g sdss_r sdss_i sdss_z PS1_g PS1_r PS1_i PS1_z PS1_Y PS1_w ATLAS_c ATLAS_o ukirt_J ukirt_H ukirt_K Clear
[from data line 27]
2.0351758793969847 -13.863873573820289 -13.863873573820289 -13.863873573820289 -13.863873573820289 -13.863873573820289 -13.863873573820289 -13.863873573820289 -13.863873573820289 -13.863873573820289 -13.863873573820289 -13.863873573820289 -13.863873573820289 -13.863873573820289 -13.863873573820289 -13.863873573820289 -13.863873573820289 -13.863873573820289 -13.863873573820289 -13.863873573820289 -13.863873573820289 -13.863873573820289 -13.863873573820289 -13.863873573820289 -13.863873573820289 -13.863873573820289 -13.863873573820289 -13.863873573820289 -13.863873573820289 -13.863873573820289
2.1105527638190953 -13.851273275345001 -13.851273275345001 -13.851273275345001 -13.851273275345001 -13.851273275345001 -13.851273275345001 -13.851273275345001 -13.851273275345001 -13.851273275345001 -13.851273275345001 -13.851273275345001 -13.851273275345001 -13.851273275345001 -13.851273275345001 -13.851273275345001 -13.851273275345001 -13.851273275345001 -13.851273275345001 -13.851273275345001 -13.851273275345001 -13.851273275345001 -13.851273275345001 -13.851273275345001 -13.851273275345001 -13.851273275345001 -13.851273275345001 -13.851273275345001 -13.851273275345001 -13.851273275345001
2.185929648241206 -13.838672976869713 -13.838672976869713 -13.838672976869713 -13.838672976869713 -13.838672976869713 -13.838672976869713 -13.838672976869713 -13.838672976869713 -13.838672976869713 -13.838672976869713 -13.838672976869713 -13.838672976869713 -13.838672976869713 -13.838672976869713 -13.838672976869713 -13.838672976869713 -13.838672976869713 -13.838672976869713 -13.838672976869713 -13.838672976869713 -13.838672976869713 -13.838672976869713 -13.838672976869713 -13.838672976869713 -13.838672976869713 -13.838672976869713 -13.838672976869713 -13.838672976869713 -13.838672976869713
2.2613065326633164 -13.826072678394425 -13.826072678394425 -13.826072678394425 -13.826072678394425 -13.826072678394425 -13.826072678394425 -13.826072678394425 -13.826072678394425 -13.826072678394425 -13.826072678394425 -13.826072678394425 -13.826072678394425 -13.826072678394425 -13.826072678394425 -13.826072678394425 -13.826072678394425 -13.826072678394425 -13.826072678394425 -13.826072678394425 -13.826072678394425 -13.826072678394425 -13.826072678394425 -13.826072678394425 -13.826072678394425 -13.826072678394425 -13.826072678394425 -13.826072678394425 -13.826072678394425 -13.826072678394425
2.336683417085427 -13.813472379919137 -13.813472379919137 -13.813472379919137 -13.813472379919137 -13.813472379919137 -13.813472379919137 -13.813472379919137 -13.813472379919137 -13.813472379919137 -13.813472379919137 -13.813472379919137 -13.813472379919137 -13.813472379919137 -13.813472379919137 -13.813472379919137 -13.813472379919137 -13.813472379919137 -13.813472379919137 -13.813472379919137 -13.813472379919137 -13.813472379919137 -13.813472379919137 -13.813472379919137 -13.813472379919137 -13.813472379919137 -13.813472379919137 -13.813472379919137 -13.813472379919137 -13.813472379919137
2.4120603015075375 -13.800872081443849 -13.800872081443849 -13.800872081443849 -13.800872081443849 -13.800872081443849 -13.800872081443849 -13.800872081443849 -13.800872081443849 -13.800872081443849 -13.800872081443849 -13.800872081443849 -13.800872081443849 -13.800872081443849 -13.800872081443849 -13.800872081443849 -13.800872081443849 -13.800872081443849 -13.800872081443849 -13.800872081443849 -13.800872081443849 -13.800872081443849 -13.800872081443849 -13.800872081443849 -13.800872081443849 -13.800872081443849 -13.800872081443849 -13.800872081443849 -13.800872081443849 -13.800872081443849
2.487437185929648 -13.788271782968561 -13.788271782968561 -13.788271782968561 -13.788271782968561 -13.788271782968561 -13.788271782968561 -13.788271782968561 -13.788271782968561 -13.788271782968561 -13.788271782968561 -13.788271782968561 -13.788271782968561 -13.788271782968561 -13.788271782968561 -13.788271782968561 -13.788271782968561 -13.788271782968561 -13.788271782968561 -13.788271782968561 -13.788271782968561 -13.788271782968561 -13.788271782968561 -13.788271782968561 -13.788271782968561 -13.788271782968561 -13.788271782968561 -13.788271782968561 -13.788271782968561 -13.788271782968561
2.5628140703517586 -13.775671484493273 -13.775671484493273 -13.775671484493273 -13.775671484493273 -13.775671484493273 -13.775671484493273 -13.775671484493273 -13.775671484493273 -13.775671484493273 -13.775671484493273 -13.775671484493273 -13.775671484493273 -13.775671484493273 -13.775671484493273 -13.775671484493273 -13.775671484493273 -13.775671484493273 -13.775671484493273 -13.775671484493273 -13.775671484493273 -13.775671484493273 -13.775671484493273 -13.775671484493273 -13.775671484493273 -13.775671484493273 -13.775671484493273 -13.775671484493273 -13.775671484493273 -13.775671484493273
2.638190954773869 -13.763071186017985 -13.763071186017985 -13.763071186017985 -13.763071186017985 -13.763071186017985 -13.763071186017985 -13.763071186017985 -13.763071186017985 -13.763071186017985 -13.763071186017985 -13.763071186017985 -13.763071186017985 -13.763071186017985 -13.763071186017985 -13.763071186017985 -13.763071186017985 -13.763071186017985 -13.763071186017985 -13.763071186017985 -13.763071186017985 -13.763071186017985 -13.763071186017985 -13.763071186017985 -13.763071186017985 -13.763071186017985 -13.763071186017985 -13.763071186017985 -13.763071186017985 -13.763071186017985
2.7135678391959797 -13.750470887542699 -13.750470887542699 -13.750470887542699 -13.750470887542699 -13.750470887542699 -13.750470887542699 -13.750470887542699 -13.750470887542699 -13.750470887542699 -13.750470887542699 -13.750470887542699 -13.750470887542699 -13.750470887542699 -13.750470887542699 -13.750470887542699 -13.750470887542699 -13.750470887542699 -13.750470887542699 -13.750470887542699 -13.750470887542699 -13.750470887542699 -13.750470887542699 -13.750470887542699 -13.750470887542699 -13.750470887542699 -13.750470887542699 -13.750470887542699 -13.750470887542699 -13.750470887542699
2.78894472361809 -13.73787058906741 -13.73787058906741 -13.73787058906741 -13.73787058906741 -13.73787058906741 -13.73787058906741 -13.73787058906741 -13.73787058906741 -13.73787058906741 -13.73787058906741 -13.73787058906741 -13.73787058906741 -13.73787058906741 -13.73787058906741 -13.73787058906741 -13.73787058906741 -13.73787058906741 -13.73787058906741 -13.73787058906741 -13.73787058906741 -13.73787058906741 -13.73787058906741 -13.73787058906741 -13.73787058906741 -13.73787058906741 -13.73787058906741 -13.73787058906741 -13.73787058906741 -13.73787058906741
2.8643216080402008 -13.725270290592123 -13.725270290592123 -13.725270290592123 -13.725270290592123 -13.725270290592123 -13.725270290592123 -13.725270290592123 -13.725270290592123 -13.725270290592123 -13.725270290592123 -13.725270290592123 -13.725270290592123 -13.725270290592123 -13.725270290592123 -13.725270290592123 -13.725270290592123 -13.725270290592123 -13.725270290592123 -13.725270290592123 -13.725270290592123 -13.725270290592123 -13.725270290592123 -13.725270290592123 -13.725270290592123 -13.725270290592123 -13.725270290592123 -13.725270290592123 -13.725270290592123 -13.725270290592123
2.9396984924623113 -13.712669992116835 -13.712669992116835 -13.712669992116835 -13.712669992116835 -13.712669992116835 -13.712669992116835 -13.712669992116835 -13.712669992116835 -13.712669992116835 -13.712669992116835 -13.712669992116835 -13.712669992116835 -13.712669992116835 -13.712669992116835 -13.712669992116835 -13.712669992116835 -13.712669992116835 -13.712669992116835 -13.712669992116835 -13.712669992116835 -13.712669992116835 -13.712669992116835 -13.712669992116835 -13.712669992116835 -13.712669992116835 -13.712669992116835 -13.712669992116835 -13.712669992116835 -13.712669992116835
3.015075376884422 -13.700069693641547 -13.700069693641547 -13.700069693641547 -13.700069693641547 -13.700069693641547 -13.700069693641547 -13.700069693641547 -13.700069693641547 -13.700069693641547 -13.700069693641547 -13.700069693641547 -13.700069693641547 -13.700069693641547 -13.700069693641547 -13.700069693641547 -13.700069693641547 -13.700069693641547 -13.700069693641547 -13.700069693641547 -13.700069693641547 -13.700069693641547 -13.700069693641547 -13.700069693641547 -13.700069693641547 -13.700069693641547 -13.700069693641547 -13.700069693641547 -13.700069693641547 -13.700069693641547
3.0904522613065324 -13.687469395166259 -13.687469395166259 -13.687469395166259 -13.687469395166259 -13.687469395166259 -13.687469395166259 -13.687469395166259 -13.687469395166259 -13.687469395166259 -13.687469395166259 -13.687469395166259 -13.687469395166259 -13.687469395166259 -13.687469395166259 -13.687469395166259 -13.687469395166259 -13.687469395166259 -13.687469395166259 -13.687469395166259 -13.687469395166259 -13.687469395166259 -13.687469395166259 -13.687469395166259 -13.687469395166259 -13.687469395166259 -13.687469395166259 -13.687469395166259 -13.687469395166259 -13.687469395166259
3.165829145728643 -13.674869096690971 -13.674869096690971 -13.674869096690971 -13.674869096690971 -13.674869096690971 -13.674869096690971 -13.674869096690971 -13.674869096690971 -13.674869096690971 -13.674869096690971 -13.674869096690971 -13.674869096690971 -13.674869096690971 -13.674869096690971 -13.674869096690971 -13.674869096690971 -13.674869096690971 -13.674869096690971 -13.674869096690971 -13.674869096690971 -13.674869096690971 -13.674869096690971 -13.674869096690971 -13.674869096690971 -13.674869096690971 -13.674869096690971 -13.674869096690971 -13.674869096690971 -13.674869096690971
3.2412060301507535 -13.662268798215683 -13.662268798215683 -13.662268798215683 -13.662268798215683 -13.662268798215683 -13.662268798215683 -13.662268798215683 -13.662268798215683 -13.662268798215683 -13.662268798215683 -13.662268798215683 -13.662268798215683 -13.662268798215683 -13.662268798215683 -13.662268798215683 -13.662268798215683 -13.662268798215683 -13.662268798215683 -13.662268798215683 -13.662268798215683 -13.662268798215683 -13.662268798215683 -13.662268798215683 -13.662268798215683 -13.662268798215683 -13.662268798215683 -13.662268798215683 -13.662268798215683 -13.662268798215683
3.316582914572864 -13.649668499740395 -13.649668499740395 -13.649668499740395 -13.649668499740395 -13.649668499740395 -13.649668499740395 -13.649668499740395 -13.649668499740395 -13.649668499740395 -13.649668499740395 -13.649668499740395 -13.649668499740395 -13.649668499740395 -13.649668499740395 -13.649668499740395 -13.649668499740395 -13.649668499740395 -13.649668499740395 -13.649668499740395 -13.649668499740395 -13.649668499740395 -13.649668499740395 -13.649668499740395 -13.649668499740395 -13.649668499740395 -13.649668499740395 -13.649668499740395 -13.649668499740395 -13.649668499740395
3.3919597989949746 -13.637068201265107 -13.637068201265107 -13.637068201265107 -13.637068201265107 -13.637068201265107 -13.637068201265107 -13.637068201265107 -13.637068201265107 -13.637068201265107 -13.637068201265107 -13.637068201265107 -13.637068201265107 -13.637068201265107 -13.637068201265107 -13.637068201265107 -13.637068201265107 -13.637068201265107 -13.637068201265107 -13.637068201265107 -13.637068201265107 -13.637068201265107 -13.637068201265107 -13.637068201265107 -13.637068201265107 -13.637068201265107 -13.637068201265107 -13.637068201265107 -13.637068201265107 -13.637068201265107
3.467336683417085 -13.624467902789819 -13.624467902789819 -13.624467902789819 -13.624467902789819 -13.624467902789819 -13.624467902789819 -13.624467902789819 -13.624467902789819 -13.624467902789819 -13.624467902789819 -13.624467902789819 -13.624467902789819 -13.624467902789819 -13.624467902789819 -13.624467902789819 -13.624467902789819 -13.624467902789819 -13.624467902789819 -13.624467902789819 -13.624467902789819 -13.624467902789819 -13.624467902789819 -13.624467902789819 -13.624467902789819 -13.624467902789819 -13.624467902789819 -13.624467902789819 -13.624467902789819 -13.624467902789819
3.5427135678391957 -13.611867604314531 -13.611867604314531 -13.611867604314531 -13.611867604314531 -13.611867604314531 -13.611867604314531 -13.611867604314531 -13.611867604314531 -13.611867604314531 -13.611867604314531 -13.611867604314531 -13.611867604314531 -13.611867604314531 -13.611867604314531 -13.611867604314531 -13.611867604314531 -13.611867604314531 -13.611867604314531 -13.611867604314531 -13.611867604314531 -13.611867604314531 -13.611867604314531 -13.611867604314531 -13.611867604314531 -13.611867604314531 -13.611867604314531 -13.611867604314531 -13.611867604314531 -13.611867604314531
3.618090452261306 -13.599267305839243 -13.599267305839243 -13.599267305839243 -13.599267305839243 -13.599267305839243 -13.599267305839243 -13.599267305839243 -13.599267305839243 -13.599267305839243 -13.599267305839243 -13.599267305839243 -13.599267305839243 -13.599267305839243 -13.599267305839243 -13.599267305839243 -13.599267305839243 -13.599267305839243 -13.599267305839243 -13.599267305839243 -13.599267305839243 -13.599267305839243 -13.599267305839243 -13.599267305839243 -13.599267305839243 -13.599267305839243 -13.599267305839243 -13.599267305839243 -13.599267305839243 -13.599267305839243
3.6934673366834168 -13.586667007363955 -13.586667007363955 -13.586667007363955 -13.586667007363955 -13.586667007363955 -13.586667007363955 -13.586667007363955 -13.586667007363955 -13.586667007363955 -13.586667007363955 -13.586667007363955 -13.586667007363955 -13.586667007363955 -13.586667007363955 -13.586667007363955 -13.586667007363955 -13.586667007363955 -13.586667007363955 -13.586667007363955 -13.586667007363955 -13.586667007363955 -13.586667007363955 -13.586667007363955 -13.586667007363955 -13.586667007363955 -13.586667007363955 -13.586667007363955 -13.586667007363955 -13.586667007363955
3.7688442211055273 -13.574066708888669 -13.574066708888669 -13.574066708888669 -13.574066708888669 -13.574066708888669 -13.574066708888669 -13.574066708888669 -13.574066708888669 -13.574066708888669 -13.574066708888669 -13.574066708888669 -13.574066708888669 -13.574066708888669 -13.574066708888669 -13.574066708888669 -13.574066708888669 -13.574066708888669 -13.574066708888669 -13.574066708888669 -13.574066708888669 -13.574066708888669 -13.574066708888669 -13.574066708888669 -13.574066708888669 -13.574066708888669 -13.574066708888669 -13.574066708888669 -13.574066708888669 -13.574066708888669
3.844221105527638 -13.56146641041338 -13.56146641041338 -13.56146641041338 -13.56146641041338 -13.56146641041338 -13.56146641041338 -13.56146641041338 -13.56146641041338 -13.56146641041338 -13.56146641041338 -13.56146641041338 -13.56146641041338 -13.56146641041338 -13.56146641041338 -13.56146641041338 -13.56146641041338 -13.56146641041338 -13.56146641041338 -13.56146641041338 -13.56146641041338 -13.56146641041338 -13.56146641041338 -13.56146641041338 -13.56146641041338 -13.56146641041338 -13.56146641041338 -13.56146641041338 -13.56146641041338 -13.56146641041338
3.9195979899497484 -13.548866111938093 -13.548866111938093 -13.548866111938093 -13.548866111938093 -13.548866111938093 -13.548866111938093 -13.548866111938093 -13.548866111938093 -13.548866111938093 -13.548866111938093 -13.548866111938093 -13.548866111938093 -13.548866111938093 -13.548866111938093 -13.548866111938093 -13.548866111938093 -13.548866111938093 -13.548866111938093 -13.548866111938093 -13.548866111938093 -13.548866111938093 -13.548866111938093 -13.548866111938093 -13.548866111938093 -13.548866111938093 -13.548866111938093 -13.548866111938093 -13.548866111938093 -13.548866111938093
