web/models/linear/26/-14_204_0_266.dat
# %ECSV 1.0
# ---
# datatype:
# - {name: time, datatype: float64}
# - {name: sdss_u, datatype: float64}
# - {name: sdss_g, datatype: float64}
# - {name: sdss_r, datatype: float64}
# - {name: sdss_i, datatype: float64}
# - {name: sdss_z, datatype: float64}
# - {name: Clear, datatype: float64}
# - {name: johnson_B, datatype: float64}
# - {name: johnson_V, datatype: float64}
# - {name: johnson_R, datatype: float64}
# - {name: johnson_I, datatype: float64}
# - {name: ukirt_J, datatype: float64}
# - {name: ukirt_H, datatype: float64}
# - {name: ukirt_K, datatype: float64}
# meta: !!omap
# - comment: [M=-14.204081632653061, dM=0.26622358501432164]
# schema: astropy-2.0
time sdss_u sdss_g sdss_r sdss_i sdss_z Clear johnson_B johnson_V johnson_R johnson_I ukirt_J ukirt_H ukirt_K
[from data line 175]
13.190954773869345 -10.692338362991784 -10.692338362991784 -10.692338362991784 -10.692338362991784 -10.692338362991784 -10.692338362991784 -10.692338362991784 -10.692338362991784 -10.692338362991784 -10.692338362991784 -10.692338362991784 -10.692338362991784 -10.692338362991784
13.266331658291456 -10.67227125859372 -10.67227125859372 -10.67227125859372 -10.67227125859372 -10.67227125859372 -10.67227125859372 -10.67227125859372 -10.67227125859372 -10.67227125859372 -10.67227125859372 -10.67227125859372 -10.67227125859372 -10.67227125859372
13.341708542713567 -10.652204154195655 -10.652204154195655 -10.652204154195655 -10.652204154195655 -10.652204154195655 -10.652204154195655 -10.652204154195655 -10.652204154195655 -10.652204154195655 -10.652204154195655 -10.652204154195655 -10.652204154195655 -10.652204154195655
13.417085427135678 -10.63213704979759 -10.63213704979759 -10.63213704979759 -10.63213704979759 -10.63213704979759 -10.63213704979759 -10.63213704979759 -10.63213704979759 -10.63213704979759 -10.63213704979759 -10.63213704979759 -10.63213704979759 -10.63213704979759
13.492462311557787 -10.612069945399526 -10.612069945399526 -10.612069945399526 -10.612069945399526 -10.612069945399526 -10.612069945399526 -10.612069945399526 -10.612069945399526 -10.612069945399526 -10.612069945399526 -10.612069945399526 -10.612069945399526 -10.612069945399526
13.567839195979898 -10.592002841001461 -10.592002841001461 -10.592002841001461 -10.592002841001461 -10.592002841001461 -10.592002841001461 -10.592002841001461 -10.592002841001461 -10.592002841001461 -10.592002841001461 -10.592002841001461 -10.592002841001461 -10.592002841001461
13.64321608040201 -10.571935736603397 -10.571935736603397 -10.571935736603397 -10.571935736603397 -10.571935736603397 -10.571935736603397 -10.571935736603397 -10.571935736603397 -10.571935736603397 -10.571935736603397 -10.571935736603397 -10.571935736603397 -10.571935736603397
13.718592964824118 -10.551868632205332 -10.551868632205332 -10.551868632205332 -10.551868632205332 -10.551868632205332 -10.551868632205332 -10.551868632205332 -10.551868632205332 -10.551868632205332 -10.551868632205332 -10.551868632205332 -10.551868632205332 -10.551868632205332
13.79396984924623 -10.531801527807268 -10.531801527807268 -10.531801527807268 -10.531801527807268 -10.531801527807268 -10.531801527807268 -10.531801527807268 -10.531801527807268 -10.531801527807268 -10.531801527807268 -10.531801527807268 -10.531801527807268 -10.531801527807268
13.86934673366834 -10.511734423409203 -10.511734423409203 -10.511734423409203 -10.511734423409203 -10.511734423409203 -10.511734423409203 -10.511734423409203 -10.511734423409203 -10.511734423409203 -10.511734423409203 -10.511734423409203 -10.511734423409203 -10.511734423409203
13.944723618090451 -10.491667319011139 -10.491667319011139 -10.491667319011139 -10.491667319011139 -10.491667319011139 -10.491667319011139 -10.491667319011139 -10.491667319011139 -10.491667319011139 -10.491667319011139 -10.491667319011139 -10.491667319011139 -10.491667319011139
14.020100502512562 -10.471600214613074 -10.471600214613074 -10.471600214613074 -10.471600214613074 -10.471600214613074 -10.471600214613074 -10.471600214613074 -10.471600214613074 -10.471600214613074 -10.471600214613074 -10.471600214613074 -10.471600214613074 -10.471600214613074
14.095477386934672 -10.45153311021501 -10.45153311021501 -10.45153311021501 -10.45153311021501 -10.45153311021501 -10.45153311021501 -10.45153311021501 -10.45153311021501 -10.45153311021501 -10.45153311021501 -10.45153311021501 -10.45153311021501 -10.45153311021501
14.170854271356783 -10.431466005816945 -10.431466005816945 -10.431466005816945 -10.431466005816945 -10.431466005816945 -10.431466005816945 -10.431466005816945 -10.431466005816945 -10.431466005816945 -10.431466005816945 -10.431466005816945 -10.431466005816945 -10.431466005816945
14.246231155778894 -10.411398901418881 -10.411398901418881 -10.411398901418881 -10.411398901418881 -10.411398901418881 -10.411398901418881 -10.411398901418881 -10.411398901418881 -10.411398901418881 -10.411398901418881 -10.411398901418881 -10.411398901418881 -10.411398901418881
14.321608040201003 -10.391331797020817 -10.391331797020817 -10.391331797020817 -10.391331797020817 -10.391331797020817 -10.391331797020817 -10.391331797020817 -10.391331797020817 -10.391331797020817 -10.391331797020817 -10.391331797020817 -10.391331797020817 -10.391331797020817
14.396984924623114 -10.371264692622752 -10.371264692622752 -10.371264692622752 -10.371264692622752 -10.371264692622752 -10.371264692622752 -10.371264692622752 -10.371264692622752 -10.371264692622752 -10.371264692622752 -10.371264692622752 -10.371264692622752 -10.371264692622752
14.472361809045225 -10.351197588224688 -10.351197588224688 -10.351197588224688 -10.351197588224688 -10.351197588224688 -10.351197588224688 -10.351197588224688 -10.351197588224688 -10.351197588224688 -10.351197588224688 -10.351197588224688 -10.351197588224688 -10.351197588224688
14.547738693467336 -10.331130483826623 -10.331130483826623 -10.331130483826623 -10.331130483826623 -10.331130483826623 -10.331130483826623 -10.331130483826623 -10.331130483826623 -10.331130483826623 -10.331130483826623 -10.331130483826623 -10.331130483826623 -10.331130483826623
14.623115577889447 -10.311063379428559 -10.311063379428559 -10.311063379428559 -10.311063379428559 -10.311063379428559 -10.311063379428559 -10.311063379428559 -10.311063379428559 -10.311063379428559 -10.311063379428559 -10.311063379428559 -10.311063379428559 -10.311063379428559
14.698492462311556 -10.290996275030494 -10.290996275030494 -10.290996275030494 -10.290996275030494 -10.290996275030494 -10.290996275030494 -10.290996275030494 -10.290996275030494 -10.290996275030494 -10.290996275030494 -10.290996275030494 -10.290996275030494 -10.290996275030494
14.773869346733667 -10.27092917063243 -10.27092917063243 -10.27092917063243 -10.27092917063243 -10.27092917063243 -10.27092917063243 -10.27092917063243 -10.27092917063243 -10.27092917063243 -10.27092917063243 -10.27092917063243 -10.27092917063243 -10.27092917063243
14.849246231155778 -10.250862066234365 -10.250862066234365 -10.250862066234365 -10.250862066234365 -10.250862066234365 -10.250862066234365 -10.250862066234365 -10.250862066234365 -10.250862066234365 -10.250862066234365 -10.250862066234365 -10.250862066234365 -10.250862066234365
14.924623115577887 -10.230794961836303 -10.230794961836303 -10.230794961836303 -10.230794961836303 -10.230794961836303 -10.230794961836303 -10.230794961836303 -10.230794961836303 -10.230794961836303 -10.230794961836303 -10.230794961836303 -10.230794961836303 -10.230794961836303
15.0 -10.210727857438236 -10.210727857438236 -10.210727857438236 -10.210727857438236 -10.210727857438236 -10.210727857438236 -10.210727857438236 -10.210727857438236 -10.210727857438236 -10.210727857438236 -10.210727857438236 -10.210727857438236 -10.210727857438236
