web/models/linear/26/-14_204_0_105.dat
# %ECSV 1.0
# ---
# datatype:
# - {name: time, datatype: float64}
# - {name: sdss_u, datatype: float64}
# - {name: sdss_g, datatype: float64}
# - {name: sdss_r, datatype: float64}
# - {name: sdss_i, datatype: float64}
# - {name: sdss_z, datatype: float64}
# - {name: Clear, datatype: float64}
# - {name: johnson_B, datatype: float64}
# - {name: johnson_V, datatype: float64}
# - {name: johnson_R, datatype: float64}
# - {name: johnson_I, datatype: float64}
# - {name: ukirt_J, datatype: float64}
# - {name: ukirt_H, datatype: float64}
# - {name: ukirt_K, datatype: float64}
# meta: !!omap
# - comment: [M=-14.204081632653061, dM=0.10496361336732253]
# schema: astropy-2.0
time sdss_u sdss_g sdss_r sdss_i sdss_z Clear johnson_B johnson_V johnson_R johnson_I ukirt_J ukirt_H ukirt_K
[from data line 58]
4.371859296482412 -13.745195483760746 -13.745195483760746 -13.745195483760746 -13.745195483760746 -13.745195483760746 -13.745195483760746 -13.745195483760746 -13.745195483760746 -13.745195483760746 -13.745195483760746 -13.745195483760746 -13.745195483760746 -13.745195483760746
4.447236180904522 -13.737283653607431 -13.737283653607431 -13.737283653607431 -13.737283653607431 -13.737283653607431 -13.737283653607431 -13.737283653607431 -13.737283653607431 -13.737283653607431 -13.737283653607431 -13.737283653607431 -13.737283653607431 -13.737283653607431
4.522613065326633 -13.729371823454114 -13.729371823454114 -13.729371823454114 -13.729371823454114 -13.729371823454114 -13.729371823454114 -13.729371823454114 -13.729371823454114 -13.729371823454114 -13.729371823454114 -13.729371823454114 -13.729371823454114 -13.729371823454114
4.597989949748744 -13.7214599933008 -13.7214599933008 -13.7214599933008 -13.7214599933008 -13.7214599933008 -13.7214599933008 -13.7214599933008 -13.7214599933008 -13.7214599933008 -13.7214599933008 -13.7214599933008 -13.7214599933008 -13.7214599933008
4.673366834170854 -13.713548163147482 -13.713548163147482 -13.713548163147482 -13.713548163147482 -13.713548163147482 -13.713548163147482 -13.713548163147482 -13.713548163147482 -13.713548163147482 -13.713548163147482 -13.713548163147482 -13.713548163147482 -13.713548163147482
4.748743718592964 -13.705636332994168 -13.705636332994168 -13.705636332994168 -13.705636332994168 -13.705636332994168 -13.705636332994168 -13.705636332994168 -13.705636332994168 -13.705636332994168 -13.705636332994168 -13.705636332994168 -13.705636332994168 -13.705636332994168
4.824120603015075 -13.697724502840853 -13.697724502840853 -13.697724502840853 -13.697724502840853 -13.697724502840853 -13.697724502840853 -13.697724502840853 -13.697724502840853 -13.697724502840853 -13.697724502840853 -13.697724502840853 -13.697724502840853 -13.697724502840853
4.899497487437186 -13.689812672687536 -13.689812672687536 -13.689812672687536 -13.689812672687536 -13.689812672687536 -13.689812672687536 -13.689812672687536 -13.689812672687536 -13.689812672687536 -13.689812672687536 -13.689812672687536 -13.689812672687536 -13.689812672687536
4.974874371859296 -13.68190084253422 -13.68190084253422 -13.68190084253422 -13.68190084253422 -13.68190084253422 -13.68190084253422 -13.68190084253422 -13.68190084253422 -13.68190084253422 -13.68190084253422 -13.68190084253422 -13.68190084253422 -13.68190084253422
5.050251256281406 -13.673989012380904 -13.673989012380904 -13.673989012380904 -13.673989012380904 -13.673989012380904 -13.673989012380904 -13.673989012380904 -13.673989012380904 -13.673989012380904 -13.673989012380904 -13.673989012380904 -13.673989012380904 -13.673989012380904
5.125628140703517 -13.666077182227589 -13.666077182227589 -13.666077182227589 -13.666077182227589 -13.666077182227589 -13.666077182227589 -13.666077182227589 -13.666077182227589 -13.666077182227589 -13.666077182227589 -13.666077182227589 -13.666077182227589 -13.666077182227589
5.201005025125628 -13.658165352074272 -13.658165352074272 -13.658165352074272 -13.658165352074272 -13.658165352074272 -13.658165352074272 -13.658165352074272 -13.658165352074272 -13.658165352074272 -13.658165352074272 -13.658165352074272 -13.658165352074272 -13.658165352074272
5.276381909547738 -13.650253521920957 -13.650253521920957 -13.650253521920957 -13.650253521920957 -13.650253521920957 -13.650253521920957 -13.650253521920957 -13.650253521920957 -13.650253521920957 -13.650253521920957 -13.650253521920957 -13.650253521920957 -13.650253521920957
5.351758793969848 -13.642341691767642 -13.642341691767642 -13.642341691767642 -13.642341691767642 -13.642341691767642 -13.642341691767642 -13.642341691767642 -13.642341691767642 -13.642341691767642 -13.642341691767642 -13.642341691767642 -13.642341691767642 -13.642341691767642
5.427135678391959 -13.634429861614326 -13.634429861614326 -13.634429861614326 -13.634429861614326 -13.634429861614326 -13.634429861614326 -13.634429861614326 -13.634429861614326 -13.634429861614326 -13.634429861614326 -13.634429861614326 -13.634429861614326 -13.634429861614326
5.50251256281407 -13.62651803146101 -13.62651803146101 -13.62651803146101 -13.62651803146101 -13.62651803146101 -13.62651803146101 -13.62651803146101 -13.62651803146101 -13.62651803146101 -13.62651803146101 -13.62651803146101 -13.62651803146101 -13.62651803146101
5.57788944723618 -13.618606201307694 -13.618606201307694 -13.618606201307694 -13.618606201307694 -13.618606201307694 -13.618606201307694 -13.618606201307694 -13.618606201307694 -13.618606201307694 -13.618606201307694 -13.618606201307694 -13.618606201307694 -13.618606201307694
5.6532663316582905 -13.610694371154379 -13.610694371154379 -13.610694371154379 -13.610694371154379 -13.610694371154379 -13.610694371154379 -13.610694371154379 -13.610694371154379 -13.610694371154379 -13.610694371154379 -13.610694371154379 -13.610694371154379 -13.610694371154379
5.7286432160804015 -13.602782541001062 -13.602782541001062 -13.602782541001062 -13.602782541001062 -13.602782541001062 -13.602782541001062 -13.602782541001062 -13.602782541001062 -13.602782541001062 -13.602782541001062 -13.602782541001062 -13.602782541001062 -13.602782541001062
5.8040201005025125 -13.594870710847747 -13.594870710847747 -13.594870710847747 -13.594870710847747 -13.594870710847747 -13.594870710847747 -13.594870710847747 -13.594870710847747 -13.594870710847747 -13.594870710847747 -13.594870710847747 -13.594870710847747 -13.594870710847747
5.879396984924623 -13.58695888069443 -13.58695888069443 -13.58695888069443 -13.58695888069443 -13.58695888069443 -13.58695888069443 -13.58695888069443 -13.58695888069443 -13.58695888069443 -13.58695888069443 -13.58695888069443 -13.58695888069443 -13.58695888069443
5.954773869346733 -13.579047050541115 -13.579047050541115 -13.579047050541115 -13.579047050541115 -13.579047050541115 -13.579047050541115 -13.579047050541115 -13.579047050541115 -13.579047050541115 -13.579047050541115 -13.579047050541115 -13.579047050541115 -13.579047050541115
6.030150753768844 -13.5711352203878 -13.5711352203878 -13.5711352203878 -13.5711352203878 -13.5711352203878 -13.5711352203878 -13.5711352203878 -13.5711352203878 -13.5711352203878 -13.5711352203878 -13.5711352203878 -13.5711352203878 -13.5711352203878
6.105527638190955 -13.563223390234484 -13.563223390234484 -13.563223390234484 -13.563223390234484 -13.563223390234484 -13.563223390234484 -13.563223390234484 -13.563223390234484 -13.563223390234484 -13.563223390234484 -13.563223390234484 -13.563223390234484 -13.563223390234484
6.180904522613065 -13.555311560081169 -13.555311560081169 -13.555311560081169 -13.555311560081169 -13.555311560081169 -13.555311560081169 -13.555311560081169 -13.555311560081169 -13.555311560081169 -13.555311560081169 -13.555311560081169 -13.555311560081169 -13.555311560081169
6.256281407035175 -13.547399729927852 -13.547399729927852 -13.547399729927852 -13.547399729927852 -13.547399729927852 -13.547399729927852 -13.547399729927852 -13.547399729927852 -13.547399729927852 -13.547399729927852 -13.547399729927852 -13.547399729927852 -13.547399729927852
6.331658291457286 -13.539487899774537 -13.539487899774537 -13.539487899774537 -13.539487899774537 -13.539487899774537 -13.539487899774537 -13.539487899774537 -13.539487899774537 -13.539487899774537 -13.539487899774537 -13.539487899774537 -13.539487899774537 -13.539487899774537
6.407035175879397 -13.53157606962122 -13.53157606962122 -13.53157606962122 -13.53157606962122 -13.53157606962122 -13.53157606962122 -13.53157606962122 -13.53157606962122 -13.53157606962122 -13.53157606962122 -13.53157606962122 -13.53157606962122 -13.53157606962122
6.482412060301507 -13.523664239467905 -13.523664239467905 -13.523664239467905 -13.523664239467905 -13.523664239467905 -13.523664239467905 -13.523664239467905 -13.523664239467905 -13.523664239467905 -13.523664239467905 -13.523664239467905 -13.523664239467905 -13.523664239467905
6.557788944723617 -13.515752409314588 -13.515752409314588 -13.515752409314588 -13.515752409314588 -13.515752409314588 -13.515752409314588 -13.515752409314588 -13.515752409314588 -13.515752409314588 -13.515752409314588 -13.515752409314588 -13.515752409314588 -13.515752409314588
6.633165829145728 -13.507840579161273 -13.507840579161273 -13.507840579161273 -13.507840579161273 -13.507840579161273 -13.507840579161273 -13.507840579161273 -13.507840579161273 -13.507840579161273 -13.507840579161273 -13.507840579161273 -13.507840579161273 -13.507840579161273
6.708542713567839 -13.499928749007957 -13.499928749007957 -13.499928749007957 -13.499928749007957 -13.499928749007957 -13.499928749007957 -13.499928749007957 -13.499928749007957 -13.499928749007957 -13.499928749007957 -13.499928749007957 -13.499928749007957 -13.499928749007957
6.783919597989949 -13.492016918854642 -13.492016918854642 -13.492016918854642 -13.492016918854642 -13.492016918854642 -13.492016918854642 -13.492016918854642 -13.492016918854642 -13.492016918854642 -13.492016918854642 -13.492016918854642 -13.492016918854642 -13.492016918854642
6.859296482412059 -13.484105088701327 -13.484105088701327 -13.484105088701327 -13.484105088701327 -13.484105088701327 -13.484105088701327 -13.484105088701327 -13.484105088701327 -13.484105088701327 -13.484105088701327 -13.484105088701327 -13.484105088701327 -13.484105088701327
6.93467336683417 -13.47619325854801 -13.47619325854801 -13.47619325854801 -13.47619325854801 -13.47619325854801 -13.47619325854801 -13.47619325854801 -13.47619325854801 -13.47619325854801 -13.47619325854801 -13.47619325854801 -13.47619325854801 -13.47619325854801
7.010050251256281 -13.468281428394695 -13.468281428394695 -13.468281428394695 -13.468281428394695 -13.468281428394695 -13.468281428394695 -13.468281428394695 -13.468281428394695 -13.468281428394695 -13.468281428394695 -13.468281428394695 -13.468281428394695 -13.468281428394695
7.085427135678391 -13.460369598241378 -13.460369598241378 -13.460369598241378 -13.460369598241378 -13.460369598241378 -13.460369598241378 -13.460369598241378 -13.460369598241378 -13.460369598241378 -13.460369598241378 -13.460369598241378 -13.460369598241378 -13.460369598241378
7.160804020100501 -13.452457768088063 -13.452457768088063 -13.452457768088063 -13.452457768088063 -13.452457768088063 -13.452457768088063 -13.452457768088063 -13.452457768088063 -13.452457768088063 -13.452457768088063 -13.452457768088063 -13.452457768088063 -13.452457768088063
7.236180904522612 -13.444545937934747 -13.444545937934747 -13.444545937934747 -13.444545937934747 -13.444545937934747 -13.444545937934747 -13.444545937934747 -13.444545937934747 -13.444545937934747 -13.444545937934747 -13.444545937934747 -13.444545937934747 -13.444545937934747
7.311557788944723 -13.436634107781432 -13.436634107781432 -13.436634107781432 -13.436634107781432 -13.436634107781432 -13.436634107781432 -13.436634107781432 -13.436634107781432 -13.436634107781432 -13.436634107781432 -13.436634107781432 -13.436634107781432 -13.436634107781432
7.3869346733668335 -13.428722277628117 -13.428722277628117 -13.428722277628117 -13.428722277628117 -13.428722277628117 -13.428722277628117 -13.428722277628117 -13.428722277628117 -13.428722277628117 -13.428722277628117 -13.428722277628117 -13.428722277628117 -13.428722277628117
7.462311557788944 -13.4208104474748 -13.4208104474748 -13.4208104474748 -13.4208104474748 -13.4208104474748 -13.4208104474748 -13.4208104474748 -13.4208104474748 -13.4208104474748 -13.4208104474748 -13.4208104474748 -13.4208104474748 -13.4208104474748
7.537688442211055 -13.412898617321485 -13.412898617321485 -13.412898617321485 -13.412898617321485 -13.412898617321485 -13.412898617321485 -13.412898617321485 -13.412898617321485 -13.412898617321485 -13.412898617321485 -13.412898617321485 -13.412898617321485 -13.412898617321485
7.613065326633166 -13.404986787168168 -13.404986787168168 -13.404986787168168 -13.404986787168168 -13.404986787168168 -13.404986787168168 -13.404986787168168 -13.404986787168168 -13.404986787168168 -13.404986787168168 -13.404986787168168 -13.404986787168168 -13.404986787168168
7.688442211055276 -13.397074957014853 -13.397074957014853 -13.397074957014853 -13.397074957014853 -13.397074957014853 -13.397074957014853 -13.397074957014853 -13.397074957014853 -13.397074957014853 -13.397074957014853 -13.397074957014853 -13.397074957014853 -13.397074957014853
7.763819095477386 -13.389163126861536 -13.389163126861536 -13.389163126861536 -13.389163126861536 -13.389163126861536 -13.389163126861536 -13.389163126861536 -13.389163126861536 -13.389163126861536 -13.389163126861536 -13.389163126861536 -13.389163126861536 -13.389163126861536
7.839195979899497 -13.381251296708221 -13.381251296708221 -13.381251296708221 -13.381251296708221 -13.381251296708221 -13.381251296708221 -13.381251296708221 -13.381251296708221 -13.381251296708221 -13.381251296708221 -13.381251296708221 -13.381251296708221 -13.381251296708221
7.914572864321608 -13.373339466554905 -13.373339466554905 -13.373339466554905 -13.373339466554905 -13.373339466554905 -13.373339466554905 -13.373339466554905 -13.373339466554905 -13.373339466554905 -13.373339466554905 -13.373339466554905 -13.373339466554905 -13.373339466554905
7.989949748743718 -13.36542763640159 -13.36542763640159 -13.36542763640159 -13.36542763640159 -13.36542763640159 -13.36542763640159 -13.36542763640159 -13.36542763640159 -13.36542763640159 -13.36542763640159 -13.36542763640159 -13.36542763640159 -13.36542763640159
8.065326633165828 -13.357515806248275 -13.357515806248275 -13.357515806248275 -13.357515806248275 -13.357515806248275 -13.357515806248275 -13.357515806248275 -13.357515806248275 -13.357515806248275 -13.357515806248275 -13.357515806248275 -13.357515806248275 -13.357515806248275
8.140703517587939 -13.349603976094958 -13.349603976094958 -13.349603976094958 -13.349603976094958 -13.349603976094958 -13.349603976094958 -13.349603976094958 -13.349603976094958 -13.349603976094958 -13.349603976094958 -13.349603976094958 -13.349603976094958 -13.349603976094958
8.21608040201005 -13.341692145941643 -13.341692145941643 -13.341692145941643 -13.341692145941643 -13.341692145941643 -13.341692145941643 -13.341692145941643 -13.341692145941643 -13.341692145941643 -13.341692145941643 -13.341692145941643 -13.341692145941643 -13.341692145941643
8.29145728643216 -13.333780315788326 -13.333780315788326 -13.333780315788326 -13.333780315788326 -13.333780315788326 -13.333780315788326 -13.333780315788326 -13.333780315788326 -13.333780315788326 -13.333780315788326 -13.333780315788326 -13.333780315788326 -13.333780315788326
8.36683417085427 -13.325868485635011 -13.325868485635011 -13.325868485635011 -13.325868485635011 -13.325868485635011 -13.325868485635011 -13.325868485635011 -13.325868485635011 -13.325868485635011 -13.325868485635011 -13.325868485635011 -13.325868485635011 -13.325868485635011
8.442211055276381 -13.317956655481694 -13.317956655481694 -13.317956655481694 -13.317956655481694 -13.317956655481694 -13.317956655481694 -13.317956655481694 -13.317956655481694 -13.317956655481694 -13.317956655481694 -13.317956655481694 -13.317956655481694 -13.317956655481694
8.517587939698492 -13.31004482532838 -13.31004482532838 -13.31004482532838 -13.31004482532838 -13.31004482532838 -13.31004482532838 -13.31004482532838 -13.31004482532838 -13.31004482532838 -13.31004482532838 -13.31004482532838 -13.31004482532838 -13.31004482532838
8.592964824120603 -13.302132995175063 -13.302132995175063 -13.302132995175063 -13.302132995175063 -13.302132995175063 -13.302132995175063 -13.302132995175063 -13.302132995175063 -13.302132995175063 -13.302132995175063 -13.302132995175063 -13.302132995175063 -13.302132995175063
8.668341708542712 -13.294221165021748 -13.294221165021748 -13.294221165021748 -13.294221165021748 -13.294221165021748 -13.294221165021748 -13.294221165021748 -13.294221165021748 -13.294221165021748 -13.294221165021748 -13.294221165021748 -13.294221165021748 -13.294221165021748
