web/models/linear/26/-14_204_0_066.dat
# %ECSV 1.0
# ---
# datatype:
# - {name: time, datatype: float64}
# - {name: sdss_u, datatype: float64}
# - {name: sdss_g, datatype: float64}
# - {name: sdss_r, datatype: float64}
# - {name: sdss_i, datatype: float64}
# - {name: sdss_z, datatype: float64}
# - {name: Clear, datatype: float64}
# - {name: johnson_B, datatype: float64}
# - {name: johnson_V, datatype: float64}
# - {name: johnson_R, datatype: float64}
# - {name: johnson_I, datatype: float64}
# - {name: ukirt_J, datatype: float64}
# - {name: ukirt_H, datatype: float64}
# - {name: ukirt_K, datatype: float64}
# meta: !!omap
# - comment: [M=-14.204081632653061, dM=0.06590750868872473]
# schema: astropy-2.0
time sdss_u sdss_g sdss_r sdss_i sdss_z Clear johnson_B johnson_V johnson_R johnson_I ukirt_J ukirt_H ukirt_K
[from data line 175]
13.190954773869345 -13.334698666281692 -13.334698666281692 -13.334698666281692 -13.334698666281692 -13.334698666281692 -13.334698666281692 -13.334698666281692 -13.334698666281692 -13.334698666281692 -13.334698666281692 -13.334698666281692 -13.334698666281692 -13.334698666281692
13.266331658291456 -13.329730763616713 -13.329730763616713 -13.329730763616713 -13.329730763616713 -13.329730763616713 -13.329730763616713 -13.329730763616713 -13.329730763616713 -13.329730763616713 -13.329730763616713 -13.329730763616713 -13.329730763616713 -13.329730763616713
13.341708542713567 -13.324762860951733 -13.324762860951733 -13.324762860951733 -13.324762860951733 -13.324762860951733 -13.324762860951733 -13.324762860951733 -13.324762860951733 -13.324762860951733 -13.324762860951733 -13.324762860951733 -13.324762860951733 -13.324762860951733
13.417085427135678 -13.319794958286755 -13.319794958286755 -13.319794958286755 -13.319794958286755 -13.319794958286755 -13.319794958286755 -13.319794958286755 -13.319794958286755 -13.319794958286755 -13.319794958286755 -13.319794958286755 -13.319794958286755 -13.319794958286755
13.492462311557787 -13.314827055621775 -13.314827055621775 -13.314827055621775 -13.314827055621775 -13.314827055621775 -13.314827055621775 -13.314827055621775 -13.314827055621775 -13.314827055621775 -13.314827055621775 -13.314827055621775 -13.314827055621775 -13.314827055621775
13.567839195979898 -13.309859152956795 -13.309859152956795 -13.309859152956795 -13.309859152956795 -13.309859152956795 -13.309859152956795 -13.309859152956795 -13.309859152956795 -13.309859152956795 -13.309859152956795 -13.309859152956795 -13.309859152956795 -13.309859152956795
13.64321608040201 -13.304891250291817 -13.304891250291817 -13.304891250291817 -13.304891250291817 -13.304891250291817 -13.304891250291817 -13.304891250291817 -13.304891250291817 -13.304891250291817 -13.304891250291817 -13.304891250291817 -13.304891250291817 -13.304891250291817
13.718592964824118 -13.299923347626837 -13.299923347626837 -13.299923347626837 -13.299923347626837 -13.299923347626837 -13.299923347626837 -13.299923347626837 -13.299923347626837 -13.299923347626837 -13.299923347626837 -13.299923347626837 -13.299923347626837 -13.299923347626837
13.79396984924623 -13.294955444961857 -13.294955444961857 -13.294955444961857 -13.294955444961857 -13.294955444961857 -13.294955444961857 -13.294955444961857 -13.294955444961857 -13.294955444961857 -13.294955444961857 -13.294955444961857 -13.294955444961857 -13.294955444961857
13.86934673366834 -13.28998754229688 -13.28998754229688 -13.28998754229688 -13.28998754229688 -13.28998754229688 -13.28998754229688 -13.28998754229688 -13.28998754229688 -13.28998754229688 -13.28998754229688 -13.28998754229688 -13.28998754229688 -13.28998754229688
13.944723618090451 -13.2850196396319 -13.2850196396319 -13.2850196396319 -13.2850196396319 -13.2850196396319 -13.2850196396319 -13.2850196396319 -13.2850196396319 -13.2850196396319 -13.2850196396319 -13.2850196396319 -13.2850196396319 -13.2850196396319
14.020100502512562 -13.28005173696692 -13.28005173696692 -13.28005173696692 -13.28005173696692 -13.28005173696692 -13.28005173696692 -13.28005173696692 -13.28005173696692 -13.28005173696692 -13.28005173696692 -13.28005173696692 -13.28005173696692 -13.28005173696692
14.095477386934672 -13.275083834301942 -13.275083834301942 -13.275083834301942 -13.275083834301942 -13.275083834301942 -13.275083834301942 -13.275083834301942 -13.275083834301942 -13.275083834301942 -13.275083834301942 -13.275083834301942 -13.275083834301942 -13.275083834301942
14.170854271356783 -13.270115931636962 -13.270115931636962 -13.270115931636962 -13.270115931636962 -13.270115931636962 -13.270115931636962 -13.270115931636962 -13.270115931636962 -13.270115931636962 -13.270115931636962 -13.270115931636962 -13.270115931636962 -13.270115931636962
14.246231155778894 -13.265148028971982 -13.265148028971982 -13.265148028971982 -13.265148028971982 -13.265148028971982 -13.265148028971982 -13.265148028971982 -13.265148028971982 -13.265148028971982 -13.265148028971982 -13.265148028971982 -13.265148028971982 -13.265148028971982
14.321608040201003 -13.260180126307004 -13.260180126307004 -13.260180126307004 -13.260180126307004 -13.260180126307004 -13.260180126307004 -13.260180126307004 -13.260180126307004 -13.260180126307004 -13.260180126307004 -13.260180126307004 -13.260180126307004 -13.260180126307004
14.396984924623114 -13.255212223642024 -13.255212223642024 -13.255212223642024 -13.255212223642024 -13.255212223642024 -13.255212223642024 -13.255212223642024 -13.255212223642024 -13.255212223642024 -13.255212223642024 -13.255212223642024 -13.255212223642024 -13.255212223642024
14.472361809045225 -13.250244320977044 -13.250244320977044 -13.250244320977044 -13.250244320977044 -13.250244320977044 -13.250244320977044 -13.250244320977044 -13.250244320977044 -13.250244320977044 -13.250244320977044 -13.250244320977044 -13.250244320977044 -13.250244320977044
14.547738693467336 -13.245276418312066 -13.245276418312066 -13.245276418312066 -13.245276418312066 -13.245276418312066 -13.245276418312066 -13.245276418312066 -13.245276418312066 -13.245276418312066 -13.245276418312066 -13.245276418312066 -13.245276418312066 -13.245276418312066
14.623115577889447 -13.240308515647087 -13.240308515647087 -13.240308515647087 -13.240308515647087 -13.240308515647087 -13.240308515647087 -13.240308515647087 -13.240308515647087 -13.240308515647087 -13.240308515647087 -13.240308515647087 -13.240308515647087 -13.240308515647087
14.698492462311556 -13.235340612982107 -13.235340612982107 -13.235340612982107 -13.235340612982107 -13.235340612982107 -13.235340612982107 -13.235340612982107 -13.235340612982107 -13.235340612982107 -13.235340612982107 -13.235340612982107 -13.235340612982107 -13.235340612982107
14.773869346733667 -13.230372710317127 -13.230372710317127 -13.230372710317127 -13.230372710317127 -13.230372710317127 -13.230372710317127 -13.230372710317127 -13.230372710317127 -13.230372710317127 -13.230372710317127 -13.230372710317127 -13.230372710317127 -13.230372710317127
14.849246231155778 -13.225404807652149 -13.225404807652149 -13.225404807652149 -13.225404807652149 -13.225404807652149 -13.225404807652149 -13.225404807652149 -13.225404807652149 -13.225404807652149 -13.225404807652149 -13.225404807652149 -13.225404807652149 -13.225404807652149
14.924623115577887 -13.220436904987169 -13.220436904987169 -13.220436904987169 -13.220436904987169 -13.220436904987169 -13.220436904987169 -13.220436904987169 -13.220436904987169 -13.220436904987169 -13.220436904987169 -13.220436904987169 -13.220436904987169 -13.220436904987169
15.0 -13.21546900232219 -13.21546900232219 -13.21546900232219 -13.21546900232219 -13.21546900232219 -13.21546900232219 -13.21546900232219 -13.21546900232219 -13.21546900232219 -13.21546900232219 -13.21546900232219 -13.21546900232219 -13.21546900232219
