web/models/linear/26/-14_204_0_228.dat
# %ECSV 1.0
# ---
# datatype:
# - {name: time, datatype: float64}
# - {name: sdss_u, datatype: float64}
# - {name: sdss_g, datatype: float64}
# - {name: sdss_r, datatype: float64}
# - {name: sdss_i, datatype: float64}
# - {name: sdss_z, datatype: float64}
# - {name: Clear, datatype: float64}
# - {name: johnson_B, datatype: float64}
# - {name: johnson_V, datatype: float64}
# - {name: johnson_R, datatype: float64}
# - {name: johnson_I, datatype: float64}
# - {name: ukirt_J, datatype: float64}
# - {name: ukirt_H, datatype: float64}
# - {name: ukirt_K, datatype: float64}
# meta: !!omap
# - comment: [M=-14.204081632653061, dM=0.22797045620951936]
# schema: astropy-2.0
time sdss_u sdss_g sdss_r sdss_i sdss_z Clear johnson_B johnson_V johnson_R johnson_I ukirt_J ukirt_H ukirt_K
0.0 -14.204081632653061 -14.204081632653061 -14.204081632653061 -14.204081632653061 -14.204081632653061 -14.204081632653061 -14.204081632653061 -14.204081632653061 -14.204081632653061 -14.204081632653061 -14.204081632653061 -14.204081632653061 -14.204081632653061
0.07537688442211055 -14.1868979299237 -14.1868979299237 -14.1868979299237 -14.1868979299237 -14.1868979299237 -14.1868979299237 -14.1868979299237 -14.1868979299237 -14.1868979299237 -14.1868979299237 -14.1868979299237 -14.1868979299237 -14.1868979299237
0.1507537688442211 -14.169714227194339 -14.169714227194339 -14.169714227194339 -14.169714227194339 -14.169714227194339 -14.169714227194339 -14.169714227194339 -14.169714227194339 -14.169714227194339 -14.169714227194339 -14.169714227194339 -14.169714227194339 -14.169714227194339
0.22613065326633164 -14.152530524464979 -14.152530524464979 -14.152530524464979 -14.152530524464979 -14.152530524464979 -14.152530524464979 -14.152530524464979 -14.152530524464979 -14.152530524464979 -14.152530524464979 -14.152530524464979 -14.152530524464979 -14.152530524464979
0.3015075376884422 -14.135346821735618 -14.135346821735618 -14.135346821735618 -14.135346821735618 -14.135346821735618 -14.135346821735618 -14.135346821735618 -14.135346821735618 -14.135346821735618 -14.135346821735618 -14.135346821735618 -14.135346821735618 -14.135346821735618
0.37688442211055273 -14.118163119006256 -14.118163119006256 -14.118163119006256 -14.118163119006256 -14.118163119006256 -14.118163119006256 -14.118163119006256 -14.118163119006256 -14.118163119006256 -14.118163119006256 -14.118163119006256 -14.118163119006256 -14.118163119006256
0.4522613065326633 -14.100979416276896 -14.100979416276896 -14.100979416276896 -14.100979416276896 -14.100979416276896 -14.100979416276896 -14.100979416276896 -14.100979416276896 -14.100979416276896 -14.100979416276896 -14.100979416276896 -14.100979416276896 -14.100979416276896
0.5276381909547738 -14.083795713547536 -14.083795713547536 -14.083795713547536 -14.083795713547536 -14.083795713547536 -14.083795713547536 -14.083795713547536 -14.083795713547536 -14.083795713547536 -14.083795713547536 -14.083795713547536 -14.083795713547536 -14.083795713547536
0.6030150753768844 -14.066612010818176 -14.066612010818176 -14.066612010818176 -14.066612010818176 -14.066612010818176 -14.066612010818176 -14.066612010818176 -14.066612010818176 -14.066612010818176 -14.066612010818176 -14.066612010818176 -14.066612010818176 -14.066612010818176
0.6783919597989949 -14.049428308088814 -14.049428308088814 -14.049428308088814 -14.049428308088814 -14.049428308088814 -14.049428308088814 -14.049428308088814 -14.049428308088814 -14.049428308088814 -14.049428308088814 -14.049428308088814 -14.049428308088814 -14.049428308088814
0.7537688442211055 -14.032244605359454 -14.032244605359454 -14.032244605359454 -14.032244605359454 -14.032244605359454 -14.032244605359454 -14.032244605359454 -14.032244605359454 -14.032244605359454 -14.032244605359454 -14.032244605359454 -14.032244605359454 -14.032244605359454
0.829145728643216 -14.015060902630093 -14.015060902630093 -14.015060902630093 -14.015060902630093 -14.015060902630093 -14.015060902630093 -14.015060902630093 -14.015060902630093 -14.015060902630093 -14.015060902630093 -14.015060902630093 -14.015060902630093 -14.015060902630093
0.9045226130653266 -13.997877199900731 -13.997877199900731 -13.997877199900731 -13.997877199900731 -13.997877199900731 -13.997877199900731 -13.997877199900731 -13.997877199900731 -13.997877199900731 -13.997877199900731 -13.997877199900731 -13.997877199900731 -13.997877199900731
0.9798994974874371 -13.980693497171371 -13.980693497171371 -13.980693497171371 -13.980693497171371 -13.980693497171371 -13.980693497171371 -13.980693497171371 -13.980693497171371 -13.980693497171371 -13.980693497171371 -13.980693497171371 -13.980693497171371 -13.980693497171371
1.0552763819095476 -13.963509794442011 -13.963509794442011 -13.963509794442011 -13.963509794442011 -13.963509794442011 -13.963509794442011 -13.963509794442011 -13.963509794442011 -13.963509794442011 -13.963509794442011 -13.963509794442011 -13.963509794442011 -13.963509794442011
1.1306532663316582 -13.946326091712649 -13.946326091712649 -13.946326091712649 -13.946326091712649 -13.946326091712649 -13.946326091712649 -13.946326091712649 -13.946326091712649 -13.946326091712649 -13.946326091712649 -13.946326091712649 -13.946326091712649 -13.946326091712649
1.2060301507537687 -13.929142388983289 -13.929142388983289 -13.929142388983289 -13.929142388983289 -13.929142388983289 -13.929142388983289 -13.929142388983289 -13.929142388983289 -13.929142388983289 -13.929142388983289 -13.929142388983289 -13.929142388983289 -13.929142388983289
1.2814070351758793 -13.911958686253929 -13.911958686253929 -13.911958686253929 -13.911958686253929 -13.911958686253929 -13.911958686253929 -13.911958686253929 -13.911958686253929 -13.911958686253929 -13.911958686253929 -13.911958686253929 -13.911958686253929 -13.911958686253929
1.3567839195979898 -13.894774983524567 -13.894774983524567 -13.894774983524567 -13.894774983524567 -13.894774983524567 -13.894774983524567 -13.894774983524567 -13.894774983524567 -13.894774983524567 -13.894774983524567 -13.894774983524567 -13.894774983524567 -13.894774983524567
1.4321608040201004 -13.877591280795206 -13.877591280795206 -13.877591280795206 -13.877591280795206 -13.877591280795206 -13.877591280795206 -13.877591280795206 -13.877591280795206 -13.877591280795206 -13.877591280795206 -13.877591280795206 -13.877591280795206 -13.877591280795206
1.507537688442211 -13.860407578065846 -13.860407578065846 -13.860407578065846 -13.860407578065846 -13.860407578065846 -13.860407578065846 -13.860407578065846 -13.860407578065846 -13.860407578065846 -13.860407578065846 -13.860407578065846 -13.860407578065846 -13.860407578065846
1.5829145728643215 -13.843223875336486 -13.843223875336486 -13.843223875336486 -13.843223875336486 -13.843223875336486 -13.843223875336486 -13.843223875336486 -13.843223875336486 -13.843223875336486 -13.843223875336486 -13.843223875336486 -13.843223875336486 -13.843223875336486
1.658291457286432 -13.826040172607124 -13.826040172607124 -13.826040172607124 -13.826040172607124 -13.826040172607124 -13.826040172607124 -13.826040172607124 -13.826040172607124 -13.826040172607124 -13.826040172607124 -13.826040172607124 -13.826040172607124 -13.826040172607124
1.7336683417085426 -13.808856469877764 -13.808856469877764 -13.808856469877764 -13.808856469877764 -13.808856469877764 -13.808856469877764 -13.808856469877764 -13.808856469877764 -13.808856469877764 -13.808856469877764 -13.808856469877764 -13.808856469877764 -13.808856469877764
1.809045226130653 -13.791672767148404 -13.791672767148404 -13.791672767148404 -13.791672767148404 -13.791672767148404 -13.791672767148404 -13.791672767148404 -13.791672767148404 -13.791672767148404 -13.791672767148404 -13.791672767148404 -13.791672767148404 -13.791672767148404
1.8844221105527637 -13.774489064419042 -13.774489064419042 -13.774489064419042 -13.774489064419042 -13.774489064419042 -13.774489064419042 -13.774489064419042 -13.774489064419042 -13.774489064419042 -13.774489064419042 -13.774489064419042 -13.774489064419042 -13.774489064419042
1.9597989949748742 -13.757305361689681 -13.757305361689681 -13.757305361689681 -13.757305361689681 -13.757305361689681 -13.757305361689681 -13.757305361689681 -13.757305361689681 -13.757305361689681 -13.757305361689681 -13.757305361689681 -13.757305361689681 -13.757305361689681
2.0351758793969847 -13.740121658960321 -13.740121658960321 -13.740121658960321 -13.740121658960321 -13.740121658960321 -13.740121658960321 -13.740121658960321 -13.740121658960321 -13.740121658960321 -13.740121658960321 -13.740121658960321 -13.740121658960321 -13.740121658960321
2.1105527638190953 -13.72293795623096 -13.72293795623096 -13.72293795623096 -13.72293795623096 -13.72293795623096 -13.72293795623096 -13.72293795623096 -13.72293795623096 -13.72293795623096 -13.72293795623096 -13.72293795623096 -13.72293795623096 -13.72293795623096
2.185929648241206 -13.705754253501599 -13.705754253501599 -13.705754253501599 -13.705754253501599 -13.705754253501599 -13.705754253501599 -13.705754253501599 -13.705754253501599 -13.705754253501599 -13.705754253501599 -13.705754253501599 -13.705754253501599 -13.705754253501599
2.2613065326633164 -13.688570550772239 -13.688570550772239 -13.688570550772239 -13.688570550772239 -13.688570550772239 -13.688570550772239 -13.688570550772239 -13.688570550772239 -13.688570550772239 -13.688570550772239 -13.688570550772239 -13.688570550772239 -13.688570550772239
2.336683417085427 -13.671386848042877 -13.671386848042877 -13.671386848042877 -13.671386848042877 -13.671386848042877 -13.671386848042877 -13.671386848042877 -13.671386848042877 -13.671386848042877 -13.671386848042877 -13.671386848042877 -13.671386848042877 -13.671386848042877
2.4120603015075375 -13.654203145313517 -13.654203145313517 -13.654203145313517 -13.654203145313517 -13.654203145313517 -13.654203145313517 -13.654203145313517 -13.654203145313517 -13.654203145313517 -13.654203145313517 -13.654203145313517 -13.654203145313517 -13.654203145313517
2.487437185929648 -13.637019442584156 -13.637019442584156 -13.637019442584156 -13.637019442584156 -13.637019442584156 -13.637019442584156 -13.637019442584156 -13.637019442584156 -13.637019442584156 -13.637019442584156 -13.637019442584156 -13.637019442584156 -13.637019442584156
2.5628140703517586 -13.619835739854796 -13.619835739854796 -13.619835739854796 -13.619835739854796 -13.619835739854796 -13.619835739854796 -13.619835739854796 -13.619835739854796 -13.619835739854796 -13.619835739854796 -13.619835739854796 -13.619835739854796 -13.619835739854796
2.638190954773869 -13.602652037125434 -13.602652037125434 -13.602652037125434 -13.602652037125434 -13.602652037125434 -13.602652037125434 -13.602652037125434 -13.602652037125434 -13.602652037125434 -13.602652037125434 -13.602652037125434 -13.602652037125434 -13.602652037125434
2.7135678391959797 -13.585468334396074 -13.585468334396074 -13.585468334396074 -13.585468334396074 -13.585468334396074 -13.585468334396074 -13.585468334396074 -13.585468334396074 -13.585468334396074 -13.585468334396074 -13.585468334396074 -13.585468334396074 -13.585468334396074
2.78894472361809 -13.568284631666714 -13.568284631666714 -13.568284631666714 -13.568284631666714 -13.568284631666714 -13.568284631666714 -13.568284631666714 -13.568284631666714 -13.568284631666714 -13.568284631666714 -13.568284631666714 -13.568284631666714 -13.568284631666714
2.8643216080402008 -13.551100928937352 -13.551100928937352 -13.551100928937352 -13.551100928937352 -13.551100928937352 -13.551100928937352 -13.551100928937352 -13.551100928937352 -13.551100928937352 -13.551100928937352 -13.551100928937352 -13.551100928937352 -13.551100928937352
2.9396984924623113 -13.533917226207992 -13.533917226207992 -13.533917226207992 -13.533917226207992 -13.533917226207992 -13.533917226207992 -13.533917226207992 -13.533917226207992 -13.533917226207992 -13.533917226207992 -13.533917226207992 -13.533917226207992 -13.533917226207992
3.015075376884422 -13.516733523478631 -13.516733523478631 -13.516733523478631 -13.516733523478631 -13.516733523478631 -13.516733523478631 -13.516733523478631 -13.516733523478631 -13.516733523478631 -13.516733523478631 -13.516733523478631 -13.516733523478631 -13.516733523478631
3.0904522613065324 -13.49954982074927 -13.49954982074927 -13.49954982074927 -13.49954982074927 -13.49954982074927 -13.49954982074927 -13.49954982074927 -13.49954982074927 -13.49954982074927 -13.49954982074927 -13.49954982074927 -13.49954982074927 -13.49954982074927
3.165829145728643 -13.48236611801991 -13.48236611801991 -13.48236611801991 -13.48236611801991 -13.48236611801991 -13.48236611801991 -13.48236611801991 -13.48236611801991 -13.48236611801991 -13.48236611801991 -13.48236611801991 -13.48236611801991 -13.48236611801991
3.2412060301507535 -13.465182415290549 -13.465182415290549 -13.465182415290549 -13.465182415290549 -13.465182415290549 -13.465182415290549 -13.465182415290549 -13.465182415290549 -13.465182415290549 -13.465182415290549 -13.465182415290549 -13.465182415290549 -13.465182415290549
3.316582914572864 -13.447998712561187 -13.447998712561187 -13.447998712561187 -13.447998712561187 -13.447998712561187 -13.447998712561187 -13.447998712561187 -13.447998712561187 -13.447998712561187 -13.447998712561187 -13.447998712561187 -13.447998712561187 -13.447998712561187
3.3919597989949746 -13.430815009831827 -13.430815009831827 -13.430815009831827 -13.430815009831827 -13.430815009831827 -13.430815009831827 -13.430815009831827 -13.430815009831827 -13.430815009831827 -13.430815009831827 -13.430815009831827 -13.430815009831827 -13.430815009831827
3.467336683417085 -13.413631307102467 -13.413631307102467 -13.413631307102467 -13.413631307102467 -13.413631307102467 -13.413631307102467 -13.413631307102467 -13.413631307102467 -13.413631307102467 -13.413631307102467 -13.413631307102467 -13.413631307102467 -13.413631307102467
3.5427135678391957 -13.396447604373105 -13.396447604373105 -13.396447604373105 -13.396447604373105 -13.396447604373105 -13.396447604373105 -13.396447604373105 -13.396447604373105 -13.396447604373105 -13.396447604373105 -13.396447604373105 -13.396447604373105 -13.396447604373105
3.618090452261306 -13.379263901643744 -13.379263901643744 -13.379263901643744 -13.379263901643744 -13.379263901643744 -13.379263901643744 -13.379263901643744 -13.379263901643744 -13.379263901643744 -13.379263901643744 -13.379263901643744 -13.379263901643744 -13.379263901643744
3.6934673366834168 -13.362080198914384 -13.362080198914384 -13.362080198914384 -13.362080198914384 -13.362080198914384 -13.362080198914384 -13.362080198914384 -13.362080198914384 -13.362080198914384 -13.362080198914384 -13.362080198914384 -13.362080198914384 -13.362080198914384
3.7688442211055273 -13.344896496185024 -13.344896496185024 -13.344896496185024 -13.344896496185024 -13.344896496185024 -13.344896496185024 -13.344896496185024 -13.344896496185024 -13.344896496185024 -13.344896496185024 -13.344896496185024 -13.344896496185024 -13.344896496185024
3.844221105527638 -13.327712793455662 -13.327712793455662 -13.327712793455662 -13.327712793455662 -13.327712793455662 -13.327712793455662 -13.327712793455662 -13.327712793455662 -13.327712793455662 -13.327712793455662 -13.327712793455662 -13.327712793455662 -13.327712793455662
3.9195979899497484 -13.310529090726302 -13.310529090726302 -13.310529090726302 -13.310529090726302 -13.310529090726302 -13.310529090726302 -13.310529090726302 -13.310529090726302 -13.310529090726302 -13.310529090726302 -13.310529090726302 -13.310529090726302 -13.310529090726302
3.994974874371859 -13.293345387996942 -13.293345387996942 -13.293345387996942 -13.293345387996942 -13.293345387996942 -13.293345387996942 -13.293345387996942 -13.293345387996942 -13.293345387996942 -13.293345387996942 -13.293345387996942 -13.293345387996942 -13.293345387996942
4.0703517587939695 -13.27616168526758 -13.27616168526758 -13.27616168526758 -13.27616168526758 -13.27616168526758 -13.27616168526758 -13.27616168526758 -13.27616168526758 -13.27616168526758 -13.27616168526758 -13.27616168526758 -13.27616168526758 -13.27616168526758
4.14572864321608 -13.25897798253822 -13.25897798253822 -13.25897798253822 -13.25897798253822 -13.25897798253822 -13.25897798253822 -13.25897798253822 -13.25897798253822 -13.25897798253822 -13.25897798253822 -13.25897798253822 -13.25897798253822 -13.25897798253822
4.221105527638191 -13.24179427980886 -13.24179427980886 -13.24179427980886 -13.24179427980886 -13.24179427980886 -13.24179427980886 -13.24179427980886 -13.24179427980886 -13.24179427980886 -13.24179427980886 -13.24179427980886 -13.24179427980886 -13.24179427980886
