web/models/kne.last_good/kappa_0.5_3.0.v2/8/villar_0.1775_0.1240_0.5000.dat
# %ECSV 1.0
# ---
# datatype:
# - {name: time, datatype: float64}
# - {name: swift_uvot_uvw2, datatype: float64}
# - {name: swift_uvot_uvm2, datatype: float64}
# - {name: swift_uvot_uvw1, datatype: float64}
# - {name: swift_uvot_U, datatype: float64}
# - {name: swift_uvot_B, datatype: float64}
# - {name: swift_uvot_V, datatype: float64}
# - {name: swift_uvot_W, datatype: float64}
# - {name: johnson_U, datatype: float64}
# - {name: johnson_B, datatype: float64}
# - {name: johnson_V, datatype: float64}
# - {name: johnson_R, datatype: float64}
# - {name: johnson_I, datatype: float64}
# - {name: sdss_u, datatype: float64}
# - {name: sdss_g, datatype: float64}
# - {name: sdss_r, datatype: float64}
# - {name: sdss_i, datatype: float64}
# - {name: sdss_z, datatype: float64}
# - {name: PS1_g, datatype: float64}
# - {name: PS1_r, datatype: float64}
# - {name: PS1_i, datatype: float64}
# - {name: PS1_z, datatype: float64}
# - {name: PS1_Y, datatype: float64}
# - {name: PS1_w, datatype: float64}
# - {name: ATLAS_c, datatype: float64}
# - {name: ATLAS_o, datatype: float64}
# - {name: ukirt_J, datatype: float64}
# - {name: ukirt_H, datatype: float64}
# - {name: ukirt_K, datatype: float64}
# - {name: Clear, datatype: float64}
# meta: !!omap
# - comment: [kappa = 0.5, type = villar, mass = 0.1774768329891343, velocity = 0.124, theta_obs = 0.0, tfloor = 2500.0]
# schema: astropy-2.0
time swift_uvot_uvw2 swift_uvot_uvm2 swift_uvot_uvw1 swift_uvot_U swift_uvot_B swift_uvot_V swift_uvot_W johnson_U johnson_B johnson_V johnson_R johnson_I sdss_u sdss_g sdss_r sdss_i sdss_z PS1_g PS1_r PS1_i PS1_z PS1_Y PS1_w ATLAS_c ATLAS_o ukirt_J ukirt_H ukirt_K Clear
[from data line 341]
25.859362 -7.556 -2.358 -3.323 -5.026 -7.813 -9.815 -7.931 -5.523 -7.944 -9.934 -11.519 -12.595 -5.3 -8.663 -10.792 -11.917 -12.688 -9.638 -10.962 -11.995 -12.611 -13.07 -11.115 -9.877 -11.429 -13.599 -13.919 -13.98 -11.575
26.64146 -7.505 -2.307 -3.273 -4.976 -7.762 -9.765 -7.88 -5.472 -7.893 -9.883 -11.468 -12.545 -5.25 -8.613 -10.742 -11.866 -12.637 -9.587 -10.911 -11.945 -12.56 -13.02 -11.065 -9.826 -11.378 -13.548 -13.868 -13.929 -11.525
27.447213 -7.455 -2.256 -3.222 -4.925 -7.712 -9.714 -7.83 -5.422 -7.843 -9.833 -11.417 -12.494 -5.199 -8.562 -10.691 -11.816 -12.587 -9.537 -10.86 -11.894 -12.51 -12.969 -11.014 -9.776 -11.328 -13.498 -13.818 -13.879 -11.474
28.277335 -7.405 -2.206 -3.172 -4.875 -7.662 -9.664 -7.779 -5.372 -7.793 -9.782 -11.367 -12.444 -5.149 -8.512 -10.641 -11.766 -12.536 -9.487 -10.81 -11.844 -12.46 -12.919 -10.964 -9.725 -11.278 -13.448 -13.768 -13.828 -11.424
29.132564 -7.355 -2.156 -3.122 -4.825 -7.612 -9.614 -7.729 -5.322 -7.743 -9.732 -11.317 -12.394 -5.099 -8.462 -10.591 -11.716 -12.486 -9.437 -10.76 -11.794 -12.41 -12.869 -10.914 -9.675 -11.228 -13.398 -13.718 -13.778 -11.374
30.013659 -7.305 -2.106 -3.072 -4.775 -7.562 -9.564 -7.68 -5.272 -7.693 -9.683 -11.267 -12.344 -5.049 -8.412 -10.541 -11.666 -12.437 -9.387 -10.71 -11.744 -12.36 -12.819 -10.864 -9.626 -11.178 -13.348 -13.668 -13.729 -11.324
30.921401 -7.255 -2.057 -3.023 -4.726 -7.512 -9.515 -7.63 -5.222 -7.643 -9.633 -11.218 -12.295 -5.0 -8.363 -10.492 -11.616 -12.387 -9.337 -10.661 -11.695 -12.31 -12.77 -10.815 -9.576 -11.128 -13.298 -13.619 -13.679 -11.275
31.856598 -7.206 -2.008 -2.973 -4.676 -7.463 -9.465 -7.581 -5.173 -7.594 -9.584 -11.169 -12.245 -4.95 -8.313 -10.442 -11.567 -12.338 -9.288 -10.612 -11.645 -12.261 -12.72 -10.765 -9.527 -11.079 -13.249 -13.569 -13.63 -11.225
32.820079 -7.157 -1.958 -2.924 -4.627 -7.414 -9.416 -7.532 -5.124 -7.545 -9.535 -11.119 -12.196 -4.901 -8.264 -10.393 -11.518 -12.289 -9.239 -10.562 -11.596 -12.212 -12.671 -10.716 -9.478 -11.03 -13.2 -13.52 -13.581 -11.176
33.8127 -7.108 -1.91 -2.875 -4.578 -7.365 -9.367 -7.483 -5.075 -7.496 -9.486 -11.071 -12.147 -4.852 -8.215 -10.344 -11.469 -12.24 -9.19 -10.514 -11.547 -12.163 -12.622 -10.667 -9.429 -10.981 -13.151 -13.471 -13.532 -11.127
34.835342 -7.059 -1.861 -2.827 -4.53 -7.316 -9.319 -7.434 -5.026 -7.447 -9.437 -11.022 -12.099 -4.804 -8.167 -10.296 -11.42 -12.191 -9.141 -10.465 -11.499 -12.114 -12.574 -10.619 -9.38 -10.932 -13.102 -13.422 -13.483 -11.079
35.888913 -7.011 -1.812 -2.778 -4.481 -7.268 -9.27 -7.386 -4.978 -7.399 -9.389 -10.973 -12.05 -4.755 -8.118 -10.247 -11.372 -12.143 -9.093 -10.416 -11.45 -12.066 -12.525 -10.57 -9.332 -10.884 -13.054 -13.374 -13.435 -11.03
36.974349 -6.963 -1.764 -2.73 -4.433 -7.22 -9.222 -7.337 -4.93 -7.351 -9.34 -10.925 -12.002 -4.707 -8.07 -10.199 -11.323 -12.094 -9.045 -10.368 -11.402 -12.018 -12.477 -10.522 -9.283 -10.835 -13.005 -13.326 -13.386 -10.982
38.092613 -6.914 -1.716 -2.682 -4.385 -7.172 -9.174 -7.289 -4.882 -7.303 -9.292 -10.877 -11.954 -4.659 -8.022 -10.151 -11.275 -12.046 -8.997 -10.32 -11.354 -11.97 -12.429 -10.474 -9.235 -10.787 -12.957 -13.278 -13.338 -10.934
39.244698 -6.867 -1.668 -2.634 -4.337 -7.124 -9.126 -7.241 -4.834 -7.255 -9.244 -10.829 -11.906 -4.611 -7.974 -10.103 -11.227 -11.998 -8.949 -10.272 -11.306 -11.922 -12.381 -10.426 -9.187 -10.739 -12.909 -13.23 -13.29 -10.886
40.431627 -6.819 -1.62 -2.586 -4.289 -7.076 -9.078 -7.194 -4.786 -7.207 -9.196 -10.781 -11.858 -4.563 -7.926 -10.055 -11.18 -11.95 -8.901 -10.224 -11.258 -11.874 -12.333 -10.378 -9.14 -10.692 -12.862 -13.182 -13.243 -10.838
41.654454 -6.771 -1.573 -2.539 -4.241 -7.028 -9.03 -7.146 -4.738 -7.159 -9.149 -10.734 -11.811 -4.516 -7.879 -10.007 -11.132 -11.903 -8.853 -10.177 -11.211 -11.826 -12.286 -10.33 -9.092 -10.644 -12.814 -13.134 -13.195 -10.79
42.914265 -6.724 -1.525 -2.491 -4.194 -6.981 -8.983 -7.099 -4.691 -7.112 -9.101 -10.686 -11.763 -4.468 -7.831 -9.96 -11.085 -11.855 -8.806 -10.129 -11.163 -11.779 -12.238 -10.283 -9.045 -10.597 -12.767 -13.087 -13.148 -10.743
44.212178 -6.676 -1.478 -2.444 -4.147 -6.934 -8.936 -7.051 -4.644 -7.065 -9.054 -10.639 -11.716 -4.421 -7.784 -9.913 -11.037 -11.808 -8.759 -10.082 -11.116 -11.732 -12.191 -10.236 -8.997 -10.549 -12.719 -13.04 -13.1 -10.696
45.549345 -6.629 -1.431 -2.397 -4.1 -6.886 -8.889 -7.004 -4.596 -7.017 -9.007 -10.592 -11.669 -4.374 -7.737 -9.865 -10.99 -11.761 -8.711 -10.035 -11.069 -11.684 -12.144 -10.188 -8.95 -10.502 -12.672 -12.992 -13.053 -10.649
46.926954 -6.582 -1.384 -2.35 -4.053 -6.839 -8.841 -6.957 -4.549 -6.97 -8.96 -10.545 -11.622 -4.327 -7.69 -9.818 -10.943 -11.714 -8.664 -9.988 -11.022 -11.637 -12.097 -10.141 -8.903 -10.455 -12.625 -12.945 -13.006 -10.602
48.346227 -6.535 -1.337 -2.303 -4.006 -6.792 -8.795 -6.91 -4.502 -6.923 -8.913 -10.498 -11.575 -4.28 -7.643 -9.771 -10.896 -11.667 -8.617 -9.941 -10.975 -11.59 -12.05 -10.094 -8.856 -10.408 -12.578 -12.898 -12.959 -10.555
49.808426 -6.488 -1.29 -2.256 -3.959 -6.746 -8.748 -6.863 -4.456 -6.877 -8.866 -10.451 -11.528 -4.233 -7.596 -9.725 -10.849 -11.62 -8.571 -9.894 -10.928 -11.544 -12.003 -10.048 -8.809 -10.361 -12.531 -12.852 -12.912 -10.508
51.314848 -6.442 -1.243 -2.209 -3.912 -6.699 -8.701 -6.816 -4.409 -6.83 -8.819 -10.404 -11.481 -4.186 -7.549 -9.678 -10.803 -11.573 -8.524 -9.847 -10.881 -11.497 -11.956 -10.001 -8.762 -10.315 -12.485 -12.805 -12.865 -10.461
52.86683 -6.395 -1.197 -2.162 -3.865 -6.652 -8.654 -6.77 -4.362 -6.783 -8.773 -10.358 -11.434 -4.139 -7.502 -9.631 -10.756 -11.527 -8.477 -9.801 -10.834 -11.45 -11.909 -9.954 -8.716 -10.268 -12.438 -12.758 -12.819 -10.414
54.465752 -6.348 -1.15 -2.116 -3.819 -6.605 -8.608 -6.723 -4.315 -6.736 -8.726 -10.311 -11.388 -4.093 -7.456 -9.585 -10.709 -11.48 -8.43 -9.754 -10.788 -11.403 -11.863 -9.908 -8.669 -10.221 -12.391 -12.712 -12.772 -10.368
56.113031 -6.302 -1.103 -2.069 -3.772 -6.559 -8.561 -6.677 -4.269 -6.69 -8.679 -10.264 -11.341 -4.046 -7.409 -9.538 -10.663 -11.433 -8.384 -9.707 -10.741 -11.357 -11.816 -9.861 -8.623 -10.175 -12.345 -12.665 -12.726 -10.321
57.810132 -6.255 -1.057 -2.023 -3.725 -6.512 -8.514 -6.63 -4.222 -6.643 -8.633 -10.218 -11.295 -4.0 -7.363 -9.491 -10.616 -11.387 -8.337 -9.661 -10.695 -11.31 -11.77 -9.814 -8.576 -10.128 -12.298 -12.618 -12.679 -10.274
59.55856 -6.209 -1.01 -1.976 -3.679 -6.466 -8.468 -6.583 -4.176 -6.597 -8.586 -10.171 -11.248 -3.953 -7.316 -9.445 -10.57 -11.34 -8.291 -9.614 -10.648 -11.264 -11.723 -9.768 -8.529 -10.082 -12.252 -12.572 -12.632 -10.228
61.359868 -6.162 -0.964 -1.93 -3.632 -6.419 -8.421 -6.537 -4.129 -6.55 -8.54 -10.125 -11.202 -3.907 -7.27 -9.398 -10.523 -11.294 -8.244 -9.568 -10.602 -11.217 -11.677 -9.721 -8.483 -10.035 -12.205 -12.525 -12.586 -10.181
63.215655 -6.116 -0.917 -1.883 -3.586 -6.373 -8.375 -6.491 -4.083 -6.504 -8.493 -10.078 -11.155 -3.86 -7.223 -9.352 -10.477 -11.247 -8.198 -9.521 -10.555 -11.171 -11.63 -9.675 -8.437 -9.989 -12.159 -12.479 -12.539 -10.135
65.127569 -6.069 -0.871 -1.837 -3.539 -6.326 -8.328 -6.444 -4.036 -6.457 -8.447 -10.032 -11.109 -3.814 -7.177 -9.305 -10.43 -11.201 -8.151 -9.475 -10.509 -11.124 -11.584 -9.628 -8.39 -9.942 -12.112 -12.432 -12.493 -10.089
67.097308 -6.023 -0.824 -1.79 -3.493 -6.28 -8.282 -6.398 -3.99 -6.411 -8.4 -9.985 -11.062 -3.767 -7.13 -9.259 -10.384 -11.154 -8.105 -9.428 -10.462 -11.078 -11.537 -9.582 -8.344 -9.896 -12.066 -12.386 -12.446 -10.042
69.126621 -5.976 -0.778 -1.744 -3.447 -6.233 -8.235 -6.351 -3.943 -6.364 -8.354 -9.939 -11.016 -3.721 -7.084 -9.212 -10.337 -11.108 -8.058 -9.382 -10.416 -11.031 -11.491 -9.535 -8.297 -9.849 -12.019 -12.339 -12.4 -9.996
71.217308 -5.93 -0.731 -1.697 -3.4 -6.187 -8.189 -6.305 -3.897 -6.318 -8.307 -9.892 -10.969 -3.674 -7.037 -9.166 -10.291 -11.061 -8.012 -9.335 -10.369 -10.985 -11.444 -9.489 -8.251 -9.803 -11.973 -12.293 -12.353 -9.949
73.371227 -5.883 -0.685 -1.651 -3.353 -6.14 -8.142 -6.258 -3.85 -6.271 -8.261 -9.846 -10.923 -3.628 -6.991 -9.119 -10.244 -11.015 -7.965 -9.289 -10.323 -10.938 -11.398 -9.442 -8.204 -9.756 -11.926 -12.246 -12.307 -9.902
75.59029 -5.837 -0.638 -1.604 -3.307 -6.094 -8.096 -6.211 -3.804 -6.225 -8.214 -9.799 -10.876 -3.581 -6.944 -9.073 -10.197 -10.968 -7.919 -9.242 -10.276 -10.892 -11.351 -9.396 -8.157 -9.709 -11.88 -12.2 -12.26 -9.856
77.876467 -5.79 -0.592 -1.557 -3.26 -6.047 -8.049 -6.165 -3.757 -6.178 -8.168 -9.753 -10.829 -3.534 -6.897 -9.026 -10.151 -10.922 -7.872 -9.196 -10.229 -10.845 -11.304 -9.349 -8.111 -9.663 -11.833 -12.153 -12.214 -9.809
80.231787 -5.743 -0.545 -1.511 -3.214 -6.0 -8.003 -6.118 -3.71 -6.131 -8.121 -9.706 -10.783 -3.488 -6.851 -8.98 -10.104 -10.875 -7.825 -9.149 -10.183 -10.799 -11.258 -9.303 -8.064 -9.616 -11.786 -12.107 -12.167 -9.763
82.658343 -5.697 -0.498 -1.464 -3.167 -5.954 -7.956 -6.071 -3.664 -6.085 -8.074 -9.659 -10.736 -3.441 -6.804 -8.933 -10.058 -10.828 -7.779 -9.102 -10.136 -10.752 -11.211 -9.256 -8.017 -9.57 -11.74 -12.06 -12.12 -9.716
85.158288 -5.65 -0.452 -1.417 -3.12 -5.907 -7.909 -6.025 -3.617 -6.038 -8.028 -9.612 -10.689 -3.394 -6.757 -8.886 -10.011 -10.782 -7.732 -9.056 -10.089 -10.705 -11.164 -9.209 -7.971 -9.523 -11.693 -12.013 -12.074 -9.669
87.733843 -5.603 -0.405 -1.371 -3.073 -5.86 -7.862 -5.978 -3.57 -5.991 -7.981 -9.566 -10.643 -3.348 -6.711 -8.839 -9.964 -10.735 -7.685 -9.009 -10.043 -10.658 -11.118 -9.162 -7.924 -9.476 -11.646 -11.966 -12.027 -9.622
90.387293 -5.556 -0.358 -1.324 -3.027 -5.813 -7.816 -5.931 -3.523 -5.944 -7.934 -9.519 -10.596 -3.301 -6.664 -8.793 -9.917 -10.688 -7.638 -8.962 -9.996 -10.612 -11.071 -9.116 -7.877 -9.429 -11.599 -11.92 -11.98 -9.576
93.120995 -5.509 -0.311 -1.277 -2.98 -5.767 -7.769 -5.884 -3.477 -5.898 -7.887 -9.472 -10.549 -3.254 -6.617 -8.746 -9.87 -10.641 -7.592 -8.915 -9.949 -10.565 -11.024 -9.069 -7.83 -9.382 -11.552 -11.873 -11.933 -9.529
95.937376 -5.463 -0.264 -1.23 -2.933 -5.72 -7.722 -5.837 -3.43 -5.851 -7.84 -9.425 -10.502 -3.207 -6.57 -8.699 -9.823 -10.594 -7.545 -8.868 -9.902 -10.518 -10.977 -9.022 -7.783 -9.335 -11.505 -11.826 -11.886 -9.482
98.838937 -5.416 -0.217 -1.183 -2.886 -5.673 -7.675 -5.79 -3.383 -5.804 -7.793 -9.378 -10.455 -3.16 -6.523 -8.652 -9.776 -10.547 -7.498 -8.821 -9.855 -10.471 -10.93 -8.975 -7.736 -9.288 -11.458 -11.779 -11.839 -9.435
101.828253 -5.369 -0.17 -1.136 -2.839 -5.626 -7.628 -5.743 -3.336 -5.757 -7.746 -9.331 -10.408 -3.113 -6.476 -8.605 -9.729 -10.5 -7.451 -8.774 -9.808 -10.424 -10.883 -8.928 -7.689 -9.241 -11.411 -11.732 -11.792 -9.388
104.907979 -5.321 -0.123 -1.089 -2.792 -5.578 -7.581 -5.696 -3.289 -5.709 -7.699 -9.284 -10.361 -3.066 -6.429 -8.558 -9.682 -10.453 -7.403 -8.727 -9.761 -10.377 -10.836 -8.881 -7.642 -9.194 -11.364 -11.685 -11.745 -9.341
108.080849 -5.274 -0.076 -1.042 -2.744 -5.531 -7.533 -5.649 -3.241 -5.662 -7.652 -9.237 -10.314 -3.019 -6.382 -8.51 -9.635 -10.406 -7.356 -8.68 -9.714 -10.329 -10.789 -8.833 -7.595 -9.147 -11.317 -11.637 -11.698 -9.294
111.349681 -5.227 -0.029 -0.994 -2.697 -5.484 -7.486 -5.602 -3.194 -5.615 -7.605 -9.19 -10.266 -2.971 -6.334 -8.463 -9.588 -10.359 -7.309 -8.633 -9.666 -10.282 -10.741 -8.786 -7.548 -9.1 -11.27 -11.59 -11.651 -9.246
114.717376 -5.18 0.019 -0.947 -2.65 -5.437 -7.439 -5.555 -3.147 -5.568 -7.557 -9.142 -10.219 -2.924 -6.287 -8.416 -9.541 -10.311 -7.262 -8.585 -9.619 -10.235 -10.694 -8.739 -7.5 -9.053 -11.223 -11.543 -11.603 -9.199
118.186925 -5.132 0.066 -0.9 -2.603 -5.389 -7.392 -5.507 -3.099 -5.52 -7.51 -9.095 -10.172 -2.877 -6.24 -8.369 -9.493 -10.264 -7.214 -8.538 -9.572 -10.187 -10.647 -8.692 -7.453 -9.005 -11.175 -11.496 -11.556 -9.152
121.761408 -5.085 0.114 -0.852 -2.555 -5.342 -7.344 -5.46 -3.052 -5.473 -7.463 -9.047 -10.124 -2.829 -6.192 -8.321 -9.446 -10.217 -7.167 -8.49 -9.524 -10.14 -10.599 -8.644 -7.406 -8.958 -11.128 -11.448 -11.509 -9.104
125.443999 -5.037 0.161 -0.805 -2.508 -5.295 -7.297 -5.412 -3.005 -5.426 -7.415 -9.0 -10.077 -2.782 -6.145 -8.274 -9.398 -10.169 -7.12 -8.443 -9.477 -10.093 -10.552 -8.597 -7.358 -8.91 -11.08 -11.401 -11.461 -9.057
129.237967 -4.99 0.209 -0.757 -2.46 -5.247 -7.249 -5.365 -2.957 -5.378 -7.368 -8.952 -10.029 -2.734 -6.097 -8.226 -9.351 -10.122 -7.072 -8.395 -9.429 -10.045 -10.504 -8.549 -7.311 -8.863 -11.033 -11.353 -11.414 -9.009
133.146681 -4.942 0.256 -0.71 -2.413 -5.199 -7.202 -5.317 -2.909 -5.33 -7.32 -8.905 -9.982 -2.687 -6.05 -8.178 -9.303 -10.074 -7.024 -8.348 -9.382 -9.997 -10.457 -8.501 -7.263 -8.815 -10.985 -11.305 -11.366 -8.962
137.173612 -4.895 0.304 -0.662 -2.365 -5.152 -7.154 -5.269 -2.862 -5.283 -7.272 -8.857 -9.934 -2.639 -6.002 -8.131 -9.255 -10.026 -6.977 -8.3 -9.334 -9.95 -10.409 -8.454 -7.215 -8.767 -10.937 -11.258 -11.318 -8.914
141.322334 -4.847 0.352 -0.614 -2.317 -5.104 -7.106 -5.222 -2.814 -5.235 -7.225 -8.809 -9.886 -2.591 -5.954 -8.083 -9.208 -9.979 -6.929 -8.252 -9.286 -9.902 -10.361 -8.406 -7.168 -8.72 -10.89 -11.21 -11.271 -8.866
145.596532 -4.799 0.399 -0.566 -2.269 -5.056 -7.058 -5.174 -2.766 -5.187 -7.177 -8.762 -9.838 -2.543 -5.906 -8.035 -9.16 -9.931 -6.881 -8.205 -9.238 -9.854 -10.313 -8.358 -7.12 -8.672 -10.842 -11.162 -11.223 -8.818
150.0 -4.751 0.447 -0.519 -2.221 -5.008 -7.01 -5.126 -2.718 -5.139 -7.129 -8.714 -9.791 -2.496 -5.859 -7.987 -9.112 -9.883 -6.833 -8.157 -9.191 -9.806 -10.265 -8.31 -7.072 -8.624 -10.794 -11.114 -11.175 -8.77
