web/models/kne.last_good/kappa_0.5_3.0.v2/8/villar_0.2686_0.2963_0.5000.dat
# %ECSV 1.0
# ---
# datatype:
# - {name: time, datatype: float64}
# - {name: swift_uvot_uvw2, datatype: float64}
# - {name: swift_uvot_uvm2, datatype: float64}
# - {name: swift_uvot_uvw1, datatype: float64}
# - {name: swift_uvot_U, datatype: float64}
# - {name: swift_uvot_B, datatype: float64}
# - {name: swift_uvot_V, datatype: float64}
# - {name: swift_uvot_W, datatype: float64}
# - {name: johnson_U, datatype: float64}
# - {name: johnson_B, datatype: float64}
# - {name: johnson_V, datatype: float64}
# - {name: johnson_R, datatype: float64}
# - {name: johnson_I, datatype: float64}
# - {name: sdss_u, datatype: float64}
# - {name: sdss_g, datatype: float64}
# - {name: sdss_r, datatype: float64}
# - {name: sdss_i, datatype: float64}
# - {name: sdss_z, datatype: float64}
# - {name: PS1_g, datatype: float64}
# - {name: PS1_r, datatype: float64}
# - {name: PS1_i, datatype: float64}
# - {name: PS1_z, datatype: float64}
# - {name: PS1_Y, datatype: float64}
# - {name: PS1_w, datatype: float64}
# - {name: ATLAS_c, datatype: float64}
# - {name: ATLAS_o, datatype: float64}
# - {name: ukirt_J, datatype: float64}
# - {name: ukirt_H, datatype: float64}
# - {name: ukirt_K, datatype: float64}
# - {name: Clear, datatype: float64}
# meta: !!omap
# - comment: [kappa = 0.5, type = villar, mass = 0.2685795883840597, velocity = 0.29633333333333334, theta_obs = 0.0, tfloor = 2500.0]
# schema: astropy-2.0
time swift_uvot_uvw2 swift_uvot_uvm2 swift_uvot_uvw1 swift_uvot_U swift_uvot_B swift_uvot_V swift_uvot_W johnson_U johnson_B johnson_V johnson_R johnson_I sdss_u sdss_g sdss_r sdss_i sdss_z PS1_g PS1_r PS1_i PS1_z PS1_Y PS1_w ATLAS_c ATLAS_o ukirt_J ukirt_H ukirt_K Clear
[from data line 337]
22.953921 -17.715 -17.729 -18.981 -20.533 -21.423 -21.987 -20.494 -20.699 -21.435 -22.0 -22.299 -22.429 -20.654 -21.646 -22.196 -22.383 -22.441 -21.748 -22.21 -22.397 -22.455 -22.493 -22.143 -21.917 -22.284 -22.327 -22.08 -21.692 -22.104
23.648147 -18.107 -18.219 -19.392 -20.883 -21.717 -22.238 -20.794 -21.039 -21.728 -22.248 -22.513 -22.615 -20.998 -21.922 -22.424 -22.585 -22.623 -22.016 -22.438 -22.598 -22.641 -22.669 -22.37 -22.17 -22.5 -22.482 -22.221 -21.821 -22.331
24.363369 -18.522 -18.715 -19.811 -21.238 -22.014 -22.491 -21.1 -21.384 -22.024 -22.5 -22.729 -22.804 -21.347 -22.202 -22.656 -22.79 -22.809 -22.288 -22.668 -22.802 -22.829 -22.847 -22.6 -22.426 -22.719 -22.64 -22.364 -21.953 -22.562
25.100222 -18.958 -19.217 -20.236 -21.595 -22.314 -22.746 -21.413 -21.731 -22.322 -22.753 -22.948 -22.995 -21.698 -22.485 -22.89 -22.997 -22.996 -22.563 -22.901 -23.009 -23.019 -23.028 -22.833 -22.684 -22.94 -22.8 -22.51 -22.087 -22.796
25.859362 -19.414 -19.723 -20.667 -21.955 -22.616 -23.003 -21.732 -22.081 -22.622 -23.009 -23.169 -23.187 -22.051 -22.769 -23.125 -23.206 -23.186 -22.84 -23.136 -23.217 -23.211 -23.211 -23.069 -22.945 -23.163 -22.962 -22.657 -22.223 -23.033
26.64146 -19.885 -20.232 -21.102 -22.317 -22.919 -23.261 -22.057 -22.432 -22.924 -23.266 -23.392 -23.382 -22.406 -23.056 -23.362 -23.417 -23.377 -23.119 -23.372 -23.427 -23.406 -23.395 -23.308 -23.208 -23.388 -23.126 -22.807 -22.361 -23.274
27.447213 -20.37 -20.743 -21.541 -22.679 -23.223 -23.521 -22.388 -22.784 -23.227 -23.524 -23.616 -23.579 -22.761 -23.343 -23.601 -23.628 -23.57 -23.399 -23.61 -23.638 -23.602 -23.582 -23.548 -23.472 -23.614 -23.293 -22.959 -22.502 -23.517
28.277335 -20.866 -21.254 -21.982 -23.042 -23.528 -23.781 -22.724 -23.136 -23.531 -23.782 -23.842 -23.777 -23.116 -23.631 -23.84 -23.842 -23.764 -23.68 -23.848 -23.851 -23.799 -23.771 -23.789 -23.737 -23.842 -23.461 -23.113 -22.645 -23.761
29.132564 -21.371 -21.764 -22.424 -23.403 -23.832 -24.041 -23.065 -23.488 -23.834 -24.041 -24.068 -23.976 -23.471 -23.918 -24.079 -24.056 -23.96 -23.961 -24.088 -24.064 -23.998 -23.962 -24.032 -24.002 -24.07 -23.63 -23.269 -22.79 -24.008
30.013659 -21.881 -22.273 -22.866 -23.763 -24.135 -24.301 -23.411 -23.838 -24.136 -24.3 -24.295 -24.176 -23.824 -24.205 -24.319 -24.271 -24.157 -24.242 -24.327 -24.279 -24.198 -24.154 -24.276 -24.268 -24.299 -23.802 -23.427 -22.937 -24.256
30.921401 -22.395 -22.778 -23.307 -24.121 -24.437 -24.56 -23.761 -24.186 -24.437 -24.558 -24.522 -24.378 -24.174 -24.492 -24.559 -24.486 -24.355 -24.522 -24.567 -24.494 -24.4 -24.348 -24.52 -24.533 -24.528 -23.975 -23.587 -23.087 -24.505
31.856598 -22.909 -23.278 -23.746 -24.476 -24.737 -24.819 -24.115 -24.531 -24.737 -24.816 -24.75 -24.58 -24.522 -24.777 -24.799 -24.702 -24.554 -24.8 -24.806 -24.71 -24.602 -24.543 -24.765 -24.798 -24.757 -24.15 -23.749 -23.238 -24.755
32.820079 -23.423 -23.772 -24.182 -24.827 -25.035 -25.076 -24.471 -24.872 -25.034 -25.073 -24.977 -24.783 -24.866 -25.06 -25.038 -24.918 -24.753 -25.078 -25.046 -24.926 -24.805 -24.74 -25.009 -25.062 -24.987 -24.326 -23.914 -23.393 -25.005
33.8127 -23.935 -24.26 -24.613 -25.174 -25.33 -25.332 -24.831 -25.21 -25.329 -25.328 -25.204 -24.986 -25.206 -25.341 -25.276 -25.134 -24.953 -25.354 -25.284 -25.142 -25.009 -24.939 -25.253 -25.324 -25.216 -24.504 -24.08 -23.549 -25.255
34.835342 -24.442 -24.739 -25.039 -25.516 -25.622 -25.587 -25.192 -25.544 -25.62 -25.581 -25.431 -25.191 -25.541 -25.62 -25.513 -25.35 -25.154 -25.627 -25.522 -25.359 -25.214 -25.139 -25.497 -25.585 -25.444 -24.684 -24.248 -23.708 -25.504
35.888913 -24.942 -25.209 -25.459 -25.853 -25.911 -25.839 -25.554 -25.872 -25.909 -25.833 -25.658 -25.395 -25.871 -25.896 -25.75 -25.567 -25.356 -25.899 -25.759 -25.576 -25.42 -25.342 -25.74 -25.844 -25.672 -24.865 -24.418 -23.869 -25.753
36.974349 -25.435 -25.669 -25.872 -26.185 -26.197 -26.09 -25.916 -26.196 -26.194 -26.084 -25.884 -25.601 -26.196 -26.169 -25.985 -25.783 -25.558 -26.168 -25.995 -25.793 -25.626 -25.546 -25.982 -26.102 -25.9 -25.048 -24.59 -24.032 -26.001
38.092613 -25.919 -26.119 -26.277 -26.511 -26.479 -26.339 -26.278 -26.514 -26.476 -26.332 -26.109 -25.806 -26.516 -26.439 -26.22 -25.999 -25.761 -26.434 -26.231 -26.01 -25.834 -25.753 -26.223 -26.357 -26.127 -25.232 -24.764 -24.198 -26.248
39.244698 -26.393 -26.557 -26.674 -26.83 -26.757 -26.586 -26.638 -26.826 -26.754 -26.579 -26.334 -26.012 -26.83 -26.707 -26.453 -26.215 -25.965 -26.698 -26.465 -26.227 -26.043 -25.962 -26.463 -26.61 -26.353 -25.417 -24.94 -24.366 -26.494
40.431627 -26.856 -26.984 -27.063 -27.144 -27.031 -26.832 -26.996 -27.133 -27.028 -26.823 -26.559 -26.219 -27.138 -26.971 -26.685 -26.431 -26.169 -26.96 -26.699 -26.445 -26.253 -26.175 -26.702 -26.861 -26.579 -25.605 -25.118 -24.537 -26.739
41.654454 -27.308 -27.398 -27.442 -27.452 -27.302 -27.075 -27.35 -27.434 -27.299 -27.066 -26.783 -26.426 -27.44 -27.232 -26.917 -26.646 -26.374 -27.219 -26.932 -26.663 -26.465 -26.391 -26.939 -27.11 -26.804 -25.794 -25.299 -24.71 -26.983
42.914265 -27.748 -27.8 -27.812 -27.753 -27.569 -27.317 -27.7 -27.73 -27.566 -27.308 -27.006 -26.634 -27.736 -27.491 -27.147 -26.863 -26.579 -27.475 -27.165 -26.883 -26.679 -26.611 -27.176 -27.358 -27.029 -25.985 -25.482 -24.887 -27.225
44.212178 -28.175 -28.189 -28.172 -28.049 -27.833 -27.557 -28.046 -28.02 -27.83 -27.547 -27.23 -26.843 -28.027 -27.747 -27.377 -27.079 -26.786 -27.73 -27.397 -27.103 -26.895 -26.836 -27.412 -27.603 -27.253 -26.177 -25.667 -25.065 -27.466
45.549345 -28.591 -28.566 -28.523 -28.339 -28.094 -27.796 -28.386 -28.305 -28.091 -27.786 -27.453 -27.053 -28.313 -28.0 -27.606 -27.295 -26.994 -27.983 -27.63 -27.325 -27.114 -27.067 -27.647 -27.847 -27.478 -26.372 -25.854 -25.247 -27.706
46.926954 -28.995 -28.932 -28.865 -28.625 -28.352 -28.033 -28.72 -28.586 -28.349 -28.023 -27.676 -27.264 -28.594 -28.251 -27.834 -27.513 -27.203 -28.235 -27.863 -27.548 -27.336 -27.305 -27.881 -28.089 -27.702 -26.569 -26.045 -25.432 -27.945
48.346227 -29.389 -29.286 -29.198 -28.905 -28.608 -28.27 -29.047 -28.862 -28.604 -28.26 -27.9 -27.476 -28.871 -28.501 -28.063 -27.731 -27.413 -28.486 -28.097 -27.774 -27.562 -27.551 -28.115 -28.33 -27.926 -26.768 -26.238 -25.62 -28.184
49.808426 -29.773 -29.63 -29.522 -29.181 -28.861 -28.506 -29.369 -29.134 -28.857 -28.496 -28.124 -27.689 -29.143 -28.748 -28.291 -27.949 -27.625 -28.737 -28.333 -28.003 -27.794 -27.808 -28.348 -28.57 -28.151 -26.97 -26.433 -25.811 -28.422
51.314848 -30.149 -29.964 -29.839 -29.453 -29.112 -28.742 -29.684 -29.403 -29.109 -28.731 -28.349 -27.904 -29.412 -28.994 -28.52 -28.17 -27.838 -28.987 -28.571 -28.235 -28.032 -28.076 -28.581 -28.81 -28.377 -27.174 -26.632 -26.005 -28.659
52.86683 -30.519 -30.289 -30.148 -29.721 -29.362 -28.978 -29.993 -29.668 -29.359 -28.967 -28.575 -28.121 -29.678 -29.24 -28.75 -28.391 -28.054 -29.239 -28.811 -28.473 -28.277 -28.359 -28.815 -29.049 -28.603 -27.381 -26.834 -26.203 -28.897
54.465752 -30.884 -30.606 -30.451 -29.987 -29.611 -29.214 -30.296 -29.931 -29.608 -29.203 -28.802 -28.34 -29.941 -29.484 -28.98 -28.614 -28.271 -29.493 -29.056 -28.716 -28.532 -28.658 -29.05 -29.288 -28.831 -27.59 -27.039 -26.405 -29.134
56.113031 -31.247 -30.915 -30.748 -30.251 -29.86 -29.451 -30.594 -30.192 -29.856 -29.44 -29.031 -28.561 -30.202 -29.729 -29.212 -28.839 -28.492 -29.75 -29.306 -28.967 -28.798 -28.977 -29.285 -29.528 -29.06 -27.803 -27.248 -26.61 -29.373
57.810132 -31.611 -31.219 -31.04 -30.513 -30.108 -29.688 -30.887 -30.451 -30.104 -29.677 -29.261 -28.785 -30.462 -29.974 -29.445 -29.066 -28.714 -30.012 -29.563 -29.228 -29.079 -29.317 -29.521 -29.768 -29.291 -28.019 -27.461 -26.819 -29.612
59.55856 -31.979 -31.518 -31.327 -30.773 -30.357 -29.928 -31.176 -30.71 -30.353 -29.916 -29.494 -29.011 -30.721 -30.219 -29.68 -29.296 -28.94 -30.279 -29.828 -29.5 -29.377 -29.681 -29.759 -30.01 -29.524 -28.239 -27.677 -27.033 -29.853
61.359868 -32.355 -31.814 -31.611 -31.033 -30.606 -30.169 -31.461 -30.968 -30.602 -30.157 -29.729 -29.241 -30.979 -30.466 -29.918 -29.528 -29.169 -30.555 -30.104 -29.787 -29.696 -30.073 -29.999 -30.253 -29.76 -28.463 -27.898 -27.251 -30.095
63.215655 -32.742 -32.107 -31.892 -31.293 -30.856 -30.412 -31.744 -31.227 -30.853 -30.4 -29.967 -29.474 -31.238 -30.714 -30.157 -29.764 -29.401 -30.841 -30.395 -30.092 -30.038 -30.492 -30.241 -30.498 -29.998 -28.69 -28.122 -27.473 -30.339
65.127569 -33.146 -32.399 -32.171 -31.554 -31.108 -30.657 -32.024 -31.486 -31.105 -30.646 -30.208 -29.711 -31.497 -30.964 -30.4 -30.002 -29.637 -31.141 -30.703 -30.419 -30.409 -30.941 -30.486 -30.745 -30.239 -28.922 -28.352 -27.701 -30.586
67.097308 -33.57 -32.693 -32.449 -31.815 -31.363 -30.906 -32.304 -31.746 -31.359 -30.894 -30.452 -29.951 -31.757 -31.216 -30.646 -30.245 -29.877 -31.46 -31.033 -30.773 -30.811 -31.419 -30.734 -30.995 -30.484 -29.158 -28.586 -27.933 -30.835
69.126621 -34.019 -32.989 -32.726 -32.079 -31.619 -31.157 -32.583 -32.008 -31.616 -31.146 -30.7 -30.196 -32.02 -31.471 -30.895 -30.491 -30.121 -31.801 -31.389 -31.158 -31.248 -31.928 -30.985 -31.248 -30.732 -29.399 -28.825 -28.17 -31.087
71.217308 -34.497 -33.291 -33.004 -32.344 -31.879 -31.413 -32.862 -32.273 -31.875 -31.401 -30.952 -30.445 -32.284 -31.73 -31.149 -30.742 -30.37 -32.17 -31.778 -31.578 -31.721 -32.466 -31.24 -31.504 -30.984 -29.644 -29.069 -28.413 -31.344
73.371227 -35.005 -33.6 -33.283 -32.612 -32.142 -31.672 -33.142 -32.54 -32.139 -31.66 -31.209 -30.699 -32.551 -31.992 -31.406 -30.997 -30.623 -32.573 -32.203 -32.037 -32.231 -33.033 -31.499 -31.764 -31.241 -29.895 -29.318 -28.661 -31.604
75.59029 -35.547 -33.922 -33.563 -32.883 -32.409 -31.936 -33.424 -32.81 -32.406 -31.924 -31.47 -30.958 -32.822 -32.258 -31.668 -31.257 -30.882 -33.014 -32.669 -32.537 -32.778 -33.627 -31.762 -32.029 -31.502 -30.152 -29.573 -28.915 -31.868
77.876467 -36.123 -34.261 -33.846 -33.158 -32.681 -32.204 -33.708 -33.085 -32.677 -32.192 -31.736 -31.222 -33.097 -32.528 -31.935 -31.523 -31.146 -33.498 -33.179 -33.079 -33.361 -34.248 -32.03 -32.298 -31.769 -30.414 -29.834 -29.175 -32.137
80.231787 -36.732 -34.624 -34.132 -33.437 -32.957 -32.478 -33.994 -33.363 -32.953 -32.466 -32.008 -31.492 -33.375 -32.803 -32.208 -31.794 -31.416 -34.028 -33.733 -33.661 -33.978 -34.895 -32.303 -32.572 -32.041 -30.682 -30.102 -29.442 -32.411
82.658343 -37.374 -35.017 -34.422 -33.721 -33.238 -32.757 -34.285 -33.647 -33.234 -32.745 -32.286 -31.769 -33.659 -33.084 -32.486 -32.071 -31.692 -34.603 -34.33 -34.283 -34.627 -35.567 -32.582 -32.852 -32.319 -30.957 -30.375 -29.714 -32.69
85.158288 -38.048 -35.45 -34.716 -34.01 -33.525 -33.041 -34.579 -33.935 -33.521 -33.03 -32.569 -32.051 -33.947 -33.37 -32.77 -32.354 -31.974 -35.224 -34.97 -34.942 -35.307 -36.263 -32.867 -33.137 -32.602 -31.237 -30.656 -29.994 -32.975
87.733843 -38.751 -35.933 -35.015 -34.305 -33.817 -33.333 -34.878 -34.23 -33.813 -33.321 -32.859 -32.34 -34.241 -33.662 -33.06 -32.643 -32.263 -35.888 -35.648 -35.635 -36.015 -36.983 -33.158 -33.429 -32.892 -31.525 -30.943 -30.281 -33.267
90.387293 -39.484 -36.472 -35.318 -34.605 -34.116 -33.63 -35.183 -34.53 -34.112 -33.618 -33.156 -32.636 -34.542 -33.96 -33.357 -32.939 -32.558 -36.592 -36.363 -36.361 -36.752 -37.728 -33.455 -33.727 -33.189 -31.82 -31.237 -30.575 -33.565
93.120995 -40.245 -37.073 -35.628 -34.912 -34.422 -33.935 -35.493 -34.837 -34.418 -33.923 -33.46 -32.939 -34.848 -34.266 -33.662 -33.243 -32.861 -37.332 -37.111 -37.117 -37.515 -38.497 -33.76 -34.031 -33.493 -32.122 -31.539 -30.876 -33.869
95.937376 -41.034 -37.736 -35.945 -35.227 -34.735 -34.247 -35.81 -35.151 -34.731 -34.236 -33.772 -33.25 -35.163 -34.579 -33.974 -33.554 -33.173 -38.106 -37.891 -37.902 -38.306 -39.292 -34.072 -34.344 -33.805 -32.433 -31.849 -31.186 -34.182
98.838937 -41.854 -38.464 -36.275 -35.554 -35.062 -34.573 -36.14 -35.478 -35.058 -34.561 -34.097 -33.575 -35.49 -34.905 -34.299 -33.879 -33.497 -38.917 -38.705 -38.72 -39.128 -40.116 -34.398 -34.67 -34.13 -32.757 -32.173 -31.51 -34.508
101.828253 -42.717 -39.262 -36.634 -35.912 -35.419 -34.93 -36.5 -35.836 -35.415 -34.918 -34.453 -33.931 -35.848 -35.262 -34.656 -34.236 -33.853 -39.774 -39.565 -39.582 -39.992 -40.981 -34.754 -35.027 -34.487 -33.113 -32.528 -31.865 -34.865
104.907979 -43.643 -40.145 -37.059 -36.336 -35.842 -35.353 -36.925 -36.26 -35.839 -35.341 -34.876 -34.353 -36.272 -35.685 -35.078 -34.658 -34.275 -40.695 -40.488 -40.507 -40.918 -41.909 -35.177 -35.45 -34.909 -33.534 -32.95 -32.286 -35.288
108.080849 -44.646 -41.123 -37.591 -36.867 -36.373 -35.883 -37.457 -36.791 -36.369 -35.871 -35.406 -34.883 -36.803 -36.216 -35.608 -35.188 -34.805 -41.697 -41.49 -41.51 -41.922 -42.913 -35.707 -35.98 -35.439 -34.064 -33.479 -32.816 -35.818
111.349681 -45.732 -42.193 -38.259 -37.534 -37.039 -36.549 -38.125 -37.458 -37.035 -36.537 -36.072 -35.548 -37.469 -36.882 -36.274 -35.853 -35.471 -42.781 -42.576 -42.596 -43.008 -44.0 -36.373 -36.646 -36.105 -34.729 -34.145 -33.481 -36.484
114.717376 -46.895 -43.345 -39.071 -38.345 -37.85 -37.359 -38.937 -38.268 -37.846 -37.348 -36.882 -36.358 -38.28 -37.693 -37.085 -36.664 -36.281 -43.943 -43.737 -43.758 -44.171 -45.162 -37.184 -37.457 -36.915 -35.539 -34.954 -34.291 -37.295
118.186925 -48.124 -44.569 -40.019 -39.293 -38.798 -38.307 -39.885 -39.216 -38.794 -38.295 -37.829 -37.306 -39.228 -38.64 -38.032 -37.611 -37.228 -45.171 -44.966 -44.987 -45.4 -46.392 -38.131 -38.405 -37.863 -36.486 -35.901 -35.238 -38.242
121.761408 -49.413 -45.854 -41.09 -40.363 -39.868 -39.377 -40.956 -40.287 -39.864 -39.365 -38.899 -38.376 -40.299 -39.711 -39.102 -38.681 -38.298 -46.46 -46.255 -46.276 -46.689 -47.681 -39.201 -39.475 -38.933 -37.556 -36.971 -36.307 -39.312
125.443999 -50.756 -47.196 -42.267 -41.54 -41.045 -40.554 -42.134 -41.464 -41.041 -40.542 -40.076 -39.552 -41.476 -40.888 -40.279 -39.858 -39.475 -47.803 -47.598 -47.619 -48.032 -49.024 -40.378 -40.652 -40.109 -38.733 -38.148 -37.484 -40.489
129.237967 -52.151 -48.589 -43.538 -42.811 -42.315 -41.824 -43.404 -42.734 -42.311 -41.812 -41.346 -40.822 -42.746 -42.158 -41.549 -41.128 -40.745 -49.198 -48.993 -49.014 -49.428 -50.42 -41.648 -41.922 -41.38 -40.003 -39.418 -38.754 -41.759
133.146681 -53.597 -50.034 -44.891 -44.163 -43.668 -43.177 -44.757 -44.087 -43.664 -43.165 -42.699 -42.175 -44.099 -43.51 -42.901 -42.48 -42.097 -50.644 -50.438 -50.459 -50.873 -51.865 -43.001 -43.274 -42.732 -41.355 -40.77 -40.106 -43.112
137.173612 -55.091 -51.528 -46.317 -45.59 -45.094 -44.603 -46.183 -45.513 -45.09 -44.591 -44.125 -43.601 -45.525 -44.937 -44.328 -43.906 -43.523 -52.138 -51.933 -51.954 -52.368 -53.36 -44.427 -44.701 -44.158 -42.781 -42.196 -41.532 -44.538
141.322334 -56.636 -53.072 -47.812 -47.084 -46.589 -46.097 -47.678 -47.008 -46.585 -46.086 -45.619 -45.095 -47.02 -46.431 -45.822 -45.401 -45.018 -53.683 -53.477 -53.498 -53.912 -54.904 -45.922 -46.195 -45.653 -44.276 -43.691 -43.026 -46.033
145.596532 -58.23 -54.666 -49.371 -48.643 -48.147 -47.656 -49.237 -48.566 -48.143 -47.644 -47.178 -46.654 -48.578 -47.99 -47.381 -46.959 -46.576 -55.277 -55.072 -55.093 -55.506 -56.498 -47.48 -47.754 -47.211 -45.834 -45.249 -44.585 -47.591
150.0 -59.876 -56.311 -50.99 -50.263 -49.767 -49.276 -50.857 -50.186 -49.763 -49.264 -48.798 -48.274 -50.198 -49.609 -49.0 -48.579 -48.196 -56.923 -56.718 -56.739 -57.152 -58.144 -49.1 -49.373 -48.831 -47.454 -46.869 -46.205 -49.211
