web/models/kne.last_good/kappa_0.5_3.0.v1/17/villar_0.0775_0.4530_3.0000.dat
# %ECSV 1.0
# ---
# datatype:
# - {name: time, datatype: float64}
# - {name: swift_uvot_uvw2, datatype: float64}
# - {name: swift_uvot_uvm2, datatype: float64}
# - {name: swift_uvot_uvw1, datatype: float64}
# - {name: swift_uvot_U, datatype: float64}
# - {name: swift_uvot_B, datatype: float64}
# - {name: swift_uvot_V, datatype: float64}
# - {name: swift_uvot_W, datatype: float64}
# - {name: johnson_U, datatype: float64}
# - {name: johnson_B, datatype: float64}
# - {name: johnson_V, datatype: float64}
# - {name: johnson_R, datatype: float64}
# - {name: johnson_I, datatype: float64}
# - {name: sdss_u, datatype: float64}
# - {name: sdss_g, datatype: float64}
# - {name: sdss_r, datatype: float64}
# - {name: sdss_i, datatype: float64}
# - {name: sdss_z, datatype: float64}
# - {name: PS1_g, datatype: float64}
# - {name: PS1_r, datatype: float64}
# - {name: PS1_i, datatype: float64}
# - {name: PS1_z, datatype: float64}
# - {name: PS1_Y, datatype: float64}
# - {name: PS1_w, datatype: float64}
# - {name: ATLAS_c, datatype: float64}
# - {name: ATLAS_o, datatype: float64}
# - {name: ukirt_J, datatype: float64}
# - {name: ukirt_H, datatype: float64}
# - {name: ukirt_K, datatype: float64}
# - {name: Clear, datatype: float64}
# meta: !!omap
# - comment: [kappa = 3.0, type = villar, mass = 0.07749594937791414, velocity = 0.453, theta_obs = 0.0]
# schema: astropy-2.0
time swift_uvot_uvw2 swift_uvot_uvm2 swift_uvot_uvw1 swift_uvot_U swift_uvot_B swift_uvot_V swift_uvot_W johnson_U johnson_B johnson_V johnson_R johnson_I sdss_u sdss_g sdss_r sdss_i sdss_z PS1_g PS1_r PS1_i PS1_z PS1_Y PS1_w ATLAS_c ATLAS_o ukirt_J ukirt_H ukirt_K Clear
[from data line 212]
0.553769 -11.121 -11.29 -12.418 -13.871 -14.671 -15.165 -13.752 -14.021 -14.681 -15.175 -15.419 -15.504 -13.982 -14.866 -15.339 -15.484 -15.511 -14.954 -15.351 -15.496 -15.529 -15.549 -15.284 -15.099 -15.407 -15.353 -15.083 -14.677 -15.242
0.570517 -11.088 -11.235 -12.384 -13.855 -14.671 -15.177 -13.749 -14.008 -14.681 -15.187 -15.441 -15.534 -13.968 -14.87 -15.357 -15.509 -15.541 -14.961 -15.369 -15.522 -15.559 -15.582 -15.302 -15.11 -15.429 -15.391 -15.126 -14.722 -15.26
0.587772 -11.054 -11.178 -12.349 -13.837 -14.669 -15.188 -13.746 -13.993 -14.68 -15.199 -15.462 -15.563 -13.952 -14.874 -15.374 -15.534 -15.572 -14.967 -15.387 -15.547 -15.588 -15.614 -15.32 -15.12 -15.45 -15.43 -15.168 -14.768 -15.278
0.605549 -11.021 -11.119 -12.312 -13.819 -14.667 -15.199 -13.742 -13.978 -14.678 -15.21 -15.483 -15.592 -13.936 -14.877 -15.391 -15.559 -15.602 -14.972 -15.404 -15.571 -15.617 -15.646 -15.337 -15.13 -15.47 -15.467 -15.21 -14.813 -15.295
0.623863 -10.988 -11.059 -12.275 -13.799 -14.664 -15.208 -13.737 -13.961 -14.676 -15.22 -15.504 -15.621 -13.918 -14.879 -15.407 -15.582 -15.631 -14.976 -15.42 -15.595 -15.646 -15.678 -15.353 -15.139 -15.49 -15.505 -15.251 -14.858 -15.311
0.642731 -10.956 -10.997 -12.236 -13.779 -14.66 -15.217 -13.732 -13.943 -14.672 -15.23 -15.523 -15.649 -13.899 -14.88 -15.422 -15.606 -15.66 -14.98 -15.436 -15.619 -15.674 -15.709 -15.369 -15.147 -15.509 -15.542 -15.293 -14.903 -15.327
0.66217 -10.923 -10.933 -12.196 -13.757 -14.655 -15.226 -13.725 -13.924 -14.668 -15.238 -15.543 -15.676 -13.879 -14.88 -15.437 -15.628 -15.688 -14.982 -15.451 -15.642 -15.702 -15.74 -15.384 -15.155 -15.527 -15.579 -15.334 -14.948 -15.342
0.682197 -10.891 -10.868 -12.155 -13.733 -14.649 -15.233 -13.719 -13.904 -14.662 -15.246 -15.561 -15.703 -13.858 -14.879 -15.451 -15.65 -15.717 -14.984 -15.465 -15.664 -15.729 -15.77 -15.399 -15.162 -15.545 -15.615 -15.375 -14.992 -15.357
0.70283 -10.86 -10.8 -12.113 -13.709 -14.642 -15.24 -13.711 -13.882 -14.656 -15.253 -15.579 -15.73 -13.835 -14.878 -15.464 -15.672 -15.744 -14.985 -15.478 -15.686 -15.756 -15.8 -15.413 -15.168 -15.563 -15.651 -15.416 -15.037 -15.371
0.724086 -10.829 -10.731 -12.069 -13.683 -14.634 -15.245 -13.702 -13.86 -14.648 -15.26 -15.596 -15.756 -13.811 -14.875 -15.477 -15.693 -15.771 -14.985 -15.491 -15.707 -15.782 -15.829 -15.426 -15.173 -15.579 -15.687 -15.456 -15.081 -15.385
0.745986 -10.799 -10.66 -12.024 -13.655 -14.625 -15.25 -13.693 -13.835 -14.64 -15.265 -15.613 -15.781 -13.785 -14.871 -15.488 -15.713 -15.798 -14.984 -15.503 -15.728 -15.807 -15.858 -15.439 -15.177 -15.595 -15.723 -15.497 -15.125 -15.398
0.768548 -10.769 -10.586 -11.978 -13.627 -14.615 -15.254 -13.683 -13.81 -14.63 -15.27 -15.629 -15.806 -13.759 -14.867 -15.499 -15.732 -15.824 -14.982 -15.515 -15.747 -15.832 -15.886 -15.451 -15.18 -15.61 -15.758 -15.537 -15.168 -15.41
0.791792 -10.74 -10.511 -11.93 -13.597 -14.603 -15.257 -13.672 -13.783 -14.619 -15.273 -15.644 -15.831 -13.73 -14.861 -15.509 -15.751 -15.849 -14.979 -15.525 -15.767 -15.857 -15.914 -15.462 -15.182 -15.625 -15.792 -15.576 -15.212 -15.422
0.815739 -10.712 -10.434 -11.88 -13.565 -14.59 -15.259 -13.66 -13.755 -14.607 -15.276 -15.658 -15.855 -13.701 -14.854 -15.518 -15.77 -15.874 -14.975 -15.535 -15.785 -15.881 -15.942 -15.472 -15.184 -15.639 -15.827 -15.616 -15.255 -15.432
0.840411 -10.685 -10.354 -11.83 -13.532 -14.577 -15.26 -13.648 -13.725 -14.593 -15.277 -15.672 -15.878 -13.669 -14.846 -15.527 -15.787 -15.898 -14.97 -15.543 -15.803 -15.904 -15.969 -15.482 -15.184 -15.652 -15.861 -15.655 -15.298 -15.443
0.865828 -10.659 -10.273 -11.777 -13.497 -14.561 -15.259 -13.634 -13.694 -14.579 -15.278 -15.685 -15.9 -13.637 -14.837 -15.534 -15.804 -15.922 -14.964 -15.551 -15.82 -15.927 -15.995 -15.491 -15.184 -15.664 -15.894 -15.693 -15.341 -15.452
0.892015 -10.633 -10.189 -11.723 -13.46 -14.545 -15.258 -13.62 -13.661 -14.563 -15.277 -15.697 -15.922 -13.602 -14.827 -15.541 -15.82 -15.945 -14.956 -15.558 -15.837 -15.949 -16.021 -15.499 -15.182 -15.675 -15.927 -15.732 -15.384 -15.461
0.918993 -10.609 -10.102 -11.668 -13.422 -14.527 -15.256 -13.604 -13.626 -14.546 -15.276 -15.708 -15.944 -13.566 -14.815 -15.546 -15.835 -15.968 -14.948 -15.564 -15.852 -15.97 -16.046 -15.506 -15.18 -15.686 -15.96 -15.77 -15.426 -15.469
0.946787 -10.587 -10.014 -11.611 -13.382 -14.508 -15.253 -13.588 -13.59 -14.527 -15.273 -15.719 -15.964 -13.528 -14.802 -15.551 -15.85 -15.989 -14.938 -15.57 -15.867 -15.991 -16.071 -15.512 -15.176 -15.695 -15.992 -15.808 -15.468 -15.476
0.975422 -10.565 -9.923 -11.552 -13.341 -14.487 -15.248 -13.57 -13.552 -14.507 -15.269 -15.728 -15.984 -13.489 -14.788 -15.554 -15.863 -16.011 -14.928 -15.574 -15.881 -16.011 -16.095 -15.518 -15.171 -15.704 -16.024 -15.845 -15.51 -15.483
1.004923 -10.545 -9.829 -11.492 -13.297 -14.465 -15.242 -13.551 -13.512 -14.486 -15.264 -15.737 -16.003 -13.447 -14.773 -15.557 -15.876 -16.031 -14.916 -15.577 -15.894 -16.031 -16.118 -15.522 -15.166 -15.712 -16.055 -15.882 -15.552 -15.488
1.035317 -10.525 -9.733 -11.43 -13.252 -14.441 -15.235 -13.531 -13.471 -14.463 -15.258 -15.745 -16.022 -13.404 -14.756 -15.558 -15.888 -16.051 -14.902 -15.579 -15.907 -16.049 -16.141 -15.526 -15.158 -15.718 -16.086 -15.918 -15.593 -15.493
1.066629 -10.508 -9.634 -11.366 -13.204 -14.416 -15.227 -13.511 -13.427 -14.439 -15.251 -15.751 -16.04 -13.359 -14.737 -15.559 -15.899 -16.069 -14.888 -15.58 -15.918 -16.067 -16.163 -15.528 -15.15 -15.724 -16.116 -15.955 -15.634 -15.497
1.098888 -10.491 -9.533 -11.3 -13.155 -14.389 -15.217 -13.488 -13.382 -14.412 -15.242 -15.757 -16.056 -13.311 -14.717 -15.558 -15.909 -16.088 -14.872 -15.579 -15.928 -16.084 -16.184 -15.529 -15.14 -15.729 -16.145 -15.99 -15.675 -15.5
1.132124 -10.476 -9.428 -11.232 -13.103 -14.36 -15.206 -13.465 -13.334 -14.385 -15.232 -15.761 -16.072 -13.262 -14.696 -15.556 -15.918 -16.105 -14.854 -15.578 -15.938 -16.1 -16.205 -15.53 -15.129 -15.733 -16.174 -16.026 -15.715 -15.502
1.166364 -10.463 -9.321 -11.163 -13.049 -14.329 -15.194 -13.44 -13.284 -14.355 -15.22 -15.765 -16.088 -13.21 -14.673 -15.552 -15.926 -16.121 -14.835 -15.575 -15.946 -16.115 -16.224 -15.529 -15.117 -15.735 -16.203 -16.061 -15.755 -15.503
1.20164 -10.45 -9.211 -11.091 -12.993 -14.297 -15.18 -13.414 -13.232 -14.324 -15.207 -15.767 -16.102 -13.157 -14.648 -15.548 -15.933 -16.137 -14.815 -15.571 -15.953 -16.129 -16.243 -15.527 -15.103 -15.737 -16.231 -16.095 -15.795 -15.503
1.237983 -10.439 -9.098 -11.017 -12.935 -14.263 -15.164 -13.387 -13.178 -14.29 -15.193 -15.768 -16.115 -13.1 -14.621 -15.541 -15.938 -16.151 -14.793 -15.566 -15.96 -16.143 -16.262 -15.524 -15.088 -15.737 -16.258 -16.129 -15.834 -15.502
1.275425 -10.429 -8.982 -10.942 -12.874 -14.226 -15.147 -13.358 -13.121 -14.255 -15.176 -15.768 -16.127 -13.042 -14.593 -15.534 -15.943 -16.165 -14.769 -15.559 -15.965 -16.155 -16.279 -15.52 -15.071 -15.736 -16.284 -16.162 -15.873 -15.5
1.313999 -10.421 -8.862 -10.864 -12.81 -14.188 -15.128 -13.328 -13.062 -14.218 -15.159 -15.767 -16.139 -12.981 -14.563 -15.525 -15.946 -16.177 -14.743 -15.551 -15.969 -16.166 -16.295 -15.514 -15.053 -15.734 -16.31 -16.195 -15.911 -15.497
1.35374 -10.413 -8.74 -10.784 -12.744 -14.148 -15.107 -13.296 -13.001 -14.179 -15.139 -15.764 -16.149 -12.917 -14.531 -15.515 -15.949 -16.189 -14.716 -15.542 -15.971 -16.177 -16.311 -15.507 -15.032 -15.73 -16.335 -16.227 -15.949 -15.492
1.394683 -10.407 -8.614 -10.701 -12.675 -14.105 -15.085 -13.262 -12.936 -14.137 -15.118 -15.76 -16.158 -12.85 -14.496 -15.503 -15.949 -16.2 -14.687 -15.531 -15.973 -16.186 -16.325 -15.499 -15.011 -15.725 -16.359 -16.259 -15.987 -15.487
1.436864 -10.402 -8.485 -10.616 -12.603 -14.06 -15.06 -13.227 -12.869 -14.093 -15.094 -15.755 -16.166 -12.781 -14.46 -15.489 -15.949 -16.209 -14.656 -15.518 -15.973 -16.194 -16.339 -15.489 -14.987 -15.718 -16.383 -16.29 -16.024 -15.48
1.480321 -10.397 -8.353 -10.529 -12.528 -14.012 -15.034 -13.19 -12.799 -14.047 -15.069 -15.748 -16.173 -12.708 -14.422 -15.473 -15.947 -16.217 -14.624 -15.503 -15.971 -16.2 -16.351 -15.477 -14.961 -15.71 -16.405 -16.321 -16.061 -15.472
1.525092 -10.394 -8.217 -10.439 -12.45 -13.962 -15.005 -13.151 -12.726 -13.999 -15.042 -15.739 -16.178 -12.633 -14.381 -15.456 -15.943 -16.224 -14.589 -15.487 -15.969 -16.206 -16.362 -15.465 -14.934 -15.7 -16.427 -16.351 -16.097 -15.463
1.571218 -10.391 -8.079 -10.347 -12.369 -13.91 -14.975 -13.11 -12.65 -13.947 -15.013 -15.729 -16.182 -12.554 -14.337 -15.437 -15.938 -16.23 -14.552 -15.469 -15.964 -16.21 -16.372 -15.45 -14.904 -15.689 -16.448 -16.38 -16.133 -15.452
1.618738 -10.389 -7.937 -10.251 -12.284 -13.854 -14.942 -13.068 -12.57 -13.894 -14.981 -15.717 -16.185 -12.472 -14.291 -15.416 -15.932 -16.234 -14.513 -15.449 -15.958 -16.213 -16.381 -15.434 -14.873 -15.676 -16.468 -16.408 -16.168 -15.44
1.667696 -10.388 -7.792 -10.153 -12.195 -13.796 -14.906 -13.023 -12.487 -13.837 -14.947 -15.703 -16.187 -12.386 -14.243 -15.393 -15.923 -16.237 -14.471 -15.427 -15.951 -16.214 -16.389 -15.415 -14.839 -15.661 -16.487 -16.436 -16.202 -15.426
1.718134 -10.387 -7.644 -10.052 -12.103 -13.735 -14.869 -12.976 -12.4 -13.777 -14.911 -15.687 -16.186 -12.296 -14.192 -15.367 -15.913 -16.238 -14.428 -15.403 -15.941 -16.214 -16.395 -15.395 -14.802 -15.644 -16.505 -16.463 -16.236 -15.411
1.770098 -10.386 -7.494 -9.948 -12.007 -13.67 -14.828 -12.926 -12.31 -13.714 -14.872 -15.67 -16.185 -12.203 -14.137 -15.339 -15.901 -16.238 -14.381 -15.377 -15.93 -16.212 -16.4 -15.373 -14.763 -15.625 -16.521 -16.489 -16.27 -15.394
1.823633 -10.386 -7.341 -9.841 -11.907 -13.602 -14.785 -12.875 -12.215 -13.648 -14.831 -15.65 -16.181 -12.105 -14.08 -15.309 -15.887 -16.236 -14.333 -15.349 -15.917 -16.208 -16.403 -15.349 -14.722 -15.604 -16.537 -16.514 -16.302 -15.375
1.878788 -10.386 -7.186 -9.73 -11.802 -13.531 -14.739 -12.82 -12.116 -13.579 -14.786 -15.628 -16.176 -12.003 -14.02 -15.277 -15.871 -16.232 -14.281 -15.318 -15.901 -16.203 -16.405 -15.323 -14.678 -15.581 -16.551 -16.538 -16.334 -15.355
1.93561 -10.386 -7.031 -9.616 -11.693 -13.456 -14.69 -12.764 -12.013 -13.505 -14.739 -15.604 -16.169 -11.897 -13.956 -15.241 -15.852 -16.227 -14.227 -15.284 -15.884 -16.196 -16.405 -15.294 -14.631 -15.555 -16.564 -16.561 -16.366 -15.333
1.994152 -10.386 -6.874 -9.499 -11.579 -13.377 -14.637 -12.704 -11.905 -13.429 -14.689 -15.577 -16.16 -11.786 -13.889 -15.203 -15.832 -16.219 -14.17 -15.248 -15.864 -16.186 -16.403 -15.263 -14.581 -15.528 -16.576 -16.583 -16.396 -15.309
2.054463 -10.385 -6.718 -9.377 -11.46 -13.294 -14.582 -12.641 -11.792 -13.348 -14.635 -15.548 -16.149 -11.669 -13.818 -15.162 -15.809 -16.21 -14.11 -15.209 -15.842 -16.175 -16.4 -15.23 -14.528 -15.497 -16.586 -16.605 -16.426 -15.282
2.116599 -10.385 -6.563 -9.252 -11.335 -13.206 -14.523 -12.576 -11.674 -13.263 -14.578 -15.516 -16.136 -11.548 -13.743 -15.118 -15.783 -16.198 -14.047 -15.167 -15.818 -16.162 -16.394 -15.193 -14.472 -15.464 -16.595 -16.625 -16.454 -15.254
2.180614 -10.384 -6.411 -9.123 -11.205 -13.114 -14.46 -12.507 -11.551 -13.173 -14.517 -15.482 -16.121 -11.421 -13.663 -15.071 -15.755 -16.185 -13.981 -15.122 -15.79 -16.146 -16.387 -15.154 -14.412 -15.428 -16.602 -16.643 -16.482 -15.224
2.246566 -10.382 -6.262 -8.989 -11.069 -13.018 -14.393 -12.435 -11.422 -13.079 -14.452 -15.444 -16.103 -11.288 -13.58 -15.02 -15.724 -16.169 -13.911 -15.074 -15.76 -16.128 -16.378 -15.112 -14.348 -15.388 -16.608 -16.661 -16.509 -15.191
2.314511 -10.379 -6.118 -8.851 -10.927 -12.916 -14.322 -12.359 -11.286 -12.98 -14.384 -15.403 -16.083 -11.148 -13.492 -14.966 -15.689 -16.15 -13.838 -15.023 -15.727 -16.107 -16.366 -15.067 -14.281 -15.346 -16.611 -16.677 -16.535 -15.156
2.384512 -10.376 -5.981 -8.708 -10.778 -12.809 -14.246 -12.28 -11.145 -12.876 -14.311 -15.359 -16.06 -11.003 -13.399 -14.907 -15.652 -16.128 -13.762 -14.967 -15.691 -16.084 -16.352 -15.018 -14.209 -15.3 -16.613 -16.692 -16.56 -15.119
2.45663 -10.372 -5.853 -8.56 -10.622 -12.696 -14.166 -12.196 -10.996 -12.766 -14.233 -15.312 -16.034 -10.85 -13.3 -14.845 -15.611 -16.104 -13.681 -14.908 -15.652 -16.057 -16.335 -14.966 -14.133 -15.251 -16.613 -16.705 -16.584 -15.079
2.530929 -10.367 -5.733 -8.407 -10.458 -12.577 -14.081 -12.109 -10.84 -12.65 -14.151 -15.26 -16.005 -10.689 -13.197 -14.778 -15.567 -16.077 -13.598 -14.845 -15.609 -16.028 -16.316 -14.911 -14.052 -15.198 -16.61 -16.716 -16.606 -15.036
2.607475 -10.361 -5.623 -8.248 -10.287 -12.452 -13.99 -12.017 -10.677 -12.528 -14.063 -15.205 -15.973 -10.521 -13.087 -14.707 -15.519 -16.047 -13.51 -14.777 -15.562 -15.995 -16.294 -14.851 -13.967 -15.141 -16.606 -16.726 -16.628 -14.99
2.686337 -10.353 -5.524 -8.083 -10.107 -12.319 -13.894 -11.92 -10.505 -12.4 -13.97 -15.146 -15.937 -10.345 -12.971 -14.631 -15.466 -16.013 -13.418 -14.705 -15.512 -15.959 -16.268 -14.787 -13.876 -15.079 -16.599 -16.734 -16.647 -14.941
2.767583 -10.344 -5.436 -7.912 -9.918 -12.18 -13.792 -11.819 -10.325 -12.264 -13.871 -15.082 -15.898 -10.159 -12.849 -14.549 -15.41 -15.975 -13.323 -14.629 -15.457 -15.919 -16.24 -14.718 -13.779 -15.013 -16.589 -16.74 -16.666 -14.889
2.851287 -10.333 -5.358 -7.734 -9.719 -12.033 -13.683 -11.712 -10.135 -12.121 -13.766 -15.013 -15.855 -9.964 -12.719 -14.462 -15.348 -15.934 -13.224 -14.547 -15.398 -15.875 -16.208 -14.645 -13.677 -14.943 -16.577 -16.744 -16.683 -14.834
2.937522 -10.321 -5.29 -7.549 -9.51 -11.878 -13.568 -11.6 -9.936 -11.97 -13.655 -14.939 -15.808 -9.759 -12.582 -14.369 -15.282 -15.889 -13.12 -14.46 -15.334 -15.827 -16.172 -14.566 -13.568 -14.867 -16.561 -16.746 -16.698 -14.776
3.026365 -10.306 -5.23 -7.357 -9.291 -11.713 -13.446 -11.482 -9.725 -11.811 -13.536 -14.86 -15.756 -9.543 -12.437 -14.269 -15.211 -15.839 -13.013 -14.367 -15.265 -15.774 -16.133 -14.483 -13.453 -14.785 -16.543 -16.745 -16.711 -14.714
3.117896 -10.29 -5.178 -7.156 -9.059 -11.54 -13.315 -11.358 -9.504 -11.642 -13.41 -14.775 -15.7 -9.315 -12.284 -14.163 -15.134 -15.784 -12.902 -14.268 -15.19 -15.717 -16.089 -14.393 -13.33 -14.698 -16.521 -16.742 -16.723 -14.648
3.212194 -10.271 -5.131 -6.947 -8.816 -11.356 -13.176 -11.228 -9.27 -11.464 -13.276 -14.683 -15.639 -9.075 -12.121 -14.05 -15.05 -15.725 -12.788 -14.162 -15.11 -15.654 -16.041 -14.297 -13.2 -14.604 -16.496 -16.736 -16.732 -14.579
3.309345 -10.25 -5.088 -6.729 -8.558 -11.162 -13.029 -11.091 -9.024 -11.275 -13.133 -14.585 -15.572 -8.822 -11.948 -13.928 -14.961 -15.66 -12.67 -14.05 -15.023 -15.586 -15.989 -14.195 -13.062 -14.503 -16.466 -16.727 -16.739 -14.505
3.409434 -10.226 -5.048 -6.5 -8.287 -10.956 -12.871 -10.946 -8.764 -11.076 -12.98 -14.48 -15.499 -8.554 -11.765 -13.799 -14.864 -15.589 -12.549 -13.931 -14.93 -15.513 -15.931 -14.085 -12.914 -14.396 -16.433 -16.715 -16.744 -14.428
3.51255 -10.2 -5.01 -6.261 -8.0 -10.738 -12.704 -10.795 -8.489 -10.864 -12.818 -14.368 -15.421 -8.271 -11.571 -13.66 -14.76 -15.512 -12.426 -13.805 -14.83 -15.432 -15.868 -13.968 -12.758 -14.28 -16.395 -16.699 -16.747 -14.346
3.618785 -10.17 -4.972 -6.011 -7.697 -10.506 -12.525 -10.635 -8.197 -10.64 -12.646 -14.247 -15.335 -7.972 -11.365 -13.512 -14.648 -15.428 -12.3 -13.67 -14.722 -15.345 -15.799 -13.842 -12.591 -14.156 -16.352 -16.68 -16.747 -14.26
3.728232 -10.137 -4.933 -5.748 -7.375 -10.26 -12.335 -10.468 -7.889 -10.401 -12.461 -14.117 -15.243 -7.655 -11.145 -13.353 -14.527 -15.337 -12.173 -13.527 -14.606 -15.251 -15.723 -13.708 -12.413 -14.024 -16.304 -16.657 -16.744 -14.169
3.84099 -10.101 -4.892 -5.472 -7.035 -9.999 -12.131 -10.292 -7.562 -10.148 -12.265 -13.978 -15.142 -7.319 -10.911 -13.183 -14.397 -15.238 -12.045 -13.376 -14.481 -15.149 -15.641 -13.564 -12.223 -13.881 -16.251 -16.63 -16.737 -14.073
3.957158 -10.061 -4.849 -5.181 -6.673 -9.721 -11.914 -10.107 -7.214 -9.879 -12.055 -13.829 -15.034 -6.962 -10.663 -13.001 -14.257 -15.131 -11.917 -13.216 -14.347 -15.038 -15.552 -13.41 -12.021 -13.728 -16.191 -16.598 -16.728 -13.973
