web/models/kne.last_good/kappa_0.5_3.0.v1/17/villar_0.0098_0.2180_3.0000.dat
# %ECSV 1.0
# ---
# datatype:
# - {name: time, datatype: float64}
# - {name: swift_uvot_uvw2, datatype: float64}
# - {name: swift_uvot_uvm2, datatype: float64}
# - {name: swift_uvot_uvw1, datatype: float64}
# - {name: swift_uvot_U, datatype: float64}
# - {name: swift_uvot_B, datatype: float64}
# - {name: swift_uvot_V, datatype: float64}
# - {name: swift_uvot_W, datatype: float64}
# - {name: johnson_U, datatype: float64}
# - {name: johnson_B, datatype: float64}
# - {name: johnson_V, datatype: float64}
# - {name: johnson_R, datatype: float64}
# - {name: johnson_I, datatype: float64}
# - {name: sdss_u, datatype: float64}
# - {name: sdss_g, datatype: float64}
# - {name: sdss_r, datatype: float64}
# - {name: sdss_i, datatype: float64}
# - {name: sdss_z, datatype: float64}
# - {name: PS1_g, datatype: float64}
# - {name: PS1_r, datatype: float64}
# - {name: PS1_i, datatype: float64}
# - {name: PS1_z, datatype: float64}
# - {name: PS1_Y, datatype: float64}
# - {name: PS1_w, datatype: float64}
# - {name: ATLAS_c, datatype: float64}
# - {name: ATLAS_o, datatype: float64}
# - {name: ukirt_J, datatype: float64}
# - {name: ukirt_H, datatype: float64}
# - {name: ukirt_K, datatype: float64}
# - {name: Clear, datatype: float64}
# meta: !!omap
# - comment: [kappa = 3.0, type = villar, mass = 0.009763877790252312, velocity = 0.21800000000000003, theta_obs = 0.0]
# schema: astropy-2.0
time swift_uvot_uvw2 swift_uvot_uvm2 swift_uvot_uvw1 swift_uvot_U swift_uvot_B swift_uvot_V swift_uvot_W johnson_U johnson_B johnson_V johnson_R johnson_I sdss_u sdss_g sdss_r sdss_i sdss_z PS1_g PS1_r PS1_i PS1_z PS1_Y PS1_w ATLAS_c ATLAS_o ukirt_J ukirt_H ukirt_K Clear
[from data line 78]
0.010217 -9.454 -9.461 -9.44 -9.307 -9.086 -8.806 -9.311 -9.277 -9.082 -8.796 -8.476 -8.087 -9.284 -8.998 -8.624 -8.324 -8.03 -8.981 -8.645 -8.349 -8.14 -8.082 -8.66 -8.853 -8.5 -7.419 -6.907 -6.305 -8.715
0.010526 -9.486 -9.497 -9.478 -9.35 -9.133 -8.854 -9.351 -9.321 -9.129 -8.845 -8.526 -8.138 -9.328 -9.045 -8.673 -8.375 -8.081 -9.029 -8.694 -8.399 -8.191 -8.131 -8.709 -8.901 -8.55 -7.472 -6.96 -6.359 -8.763
0.010845 -9.518 -9.532 -9.516 -9.394 -9.179 -8.903 -9.39 -9.365 -9.175 -8.893 -8.576 -8.19 -9.372 -9.093 -8.723 -8.425 -8.133 -9.076 -8.743 -8.449 -8.241 -8.181 -8.758 -8.949 -8.6 -7.524 -7.014 -6.413 -8.812
0.011173 -9.549 -9.567 -9.553 -9.437 -9.225 -8.951 -9.428 -9.409 -9.222 -8.942 -8.626 -8.241 -9.416 -9.14 -8.772 -8.476 -8.184 -9.123 -8.792 -8.499 -8.292 -8.23 -8.807 -8.997 -8.649 -7.577 -7.067 -6.467 -8.86
0.011511 -9.58 -9.602 -9.591 -9.481 -9.271 -8.999 -9.467 -9.453 -9.268 -8.99 -8.676 -8.292 -9.46 -9.186 -8.821 -8.526 -8.235 -9.17 -8.841 -8.549 -8.342 -8.28 -8.855 -9.045 -8.699 -7.63 -7.12 -6.52 -8.908
0.011859 -9.611 -9.636 -9.627 -9.524 -9.317 -9.048 -9.505 -9.496 -9.314 -9.038 -8.725 -8.343 -9.503 -9.233 -8.871 -8.577 -8.287 -9.217 -8.89 -8.599 -8.392 -8.329 -8.904 -9.092 -8.749 -7.682 -7.174 -6.574 -8.956
0.012217 -9.641 -9.67 -9.664 -9.566 -9.363 -9.096 -9.543 -9.54 -9.359 -9.086 -8.775 -8.394 -9.547 -9.28 -8.92 -8.627 -8.338 -9.263 -8.939 -8.649 -8.443 -8.379 -8.952 -9.14 -8.798 -7.735 -7.227 -6.628 -9.004
0.012587 -9.671 -9.704 -9.701 -9.609 -9.409 -9.143 -9.581 -9.583 -9.405 -9.134 -8.824 -8.445 -9.59 -9.326 -8.968 -8.677 -8.389 -9.31 -8.988 -8.699 -8.493 -8.428 -9.001 -9.187 -8.848 -7.787 -7.28 -6.682 -9.052
0.012968 -9.701 -9.737 -9.737 -9.651 -9.454 -9.191 -9.619 -9.626 -9.45 -9.182 -8.874 -8.496 -9.632 -9.372 -9.017 -8.727 -8.44 -9.356 -9.036 -8.749 -8.543 -8.477 -9.049 -9.234 -8.897 -7.839 -7.333 -6.735 -9.1
0.01336 -9.73 -9.77 -9.773 -9.693 -9.499 -9.239 -9.656 -9.668 -9.496 -9.23 -8.923 -8.546 -9.675 -9.418 -9.066 -8.777 -8.491 -9.402 -9.084 -8.798 -8.593 -8.526 -9.097 -9.282 -8.946 -7.892 -7.386 -6.789 -9.147
0.013764 -9.759 -9.803 -9.808 -9.735 -9.544 -9.286 -9.693 -9.711 -9.541 -9.277 -8.972 -8.597 -9.717 -9.464 -9.114 -8.827 -8.542 -9.448 -9.133 -8.848 -8.643 -8.575 -9.145 -9.329 -8.995 -7.944 -7.439 -6.843 -9.195
0.01418 -9.787 -9.835 -9.843 -9.777 -9.589 -9.334 -9.73 -9.753 -9.586 -9.325 -9.021 -8.648 -9.76 -9.51 -9.163 -8.877 -8.592 -9.494 -9.181 -8.897 -8.693 -8.625 -9.193 -9.375 -9.044 -7.996 -7.492 -6.896 -9.242
0.014609 -9.816 -9.867 -9.878 -9.819 -9.634 -9.381 -9.767 -9.795 -9.631 -9.372 -9.07 -8.698 -9.802 -9.556 -9.211 -8.926 -8.643 -9.54 -9.229 -8.947 -8.743 -8.674 -9.24 -9.422 -9.093 -8.048 -7.545 -6.95 -9.289
0.015051 -9.843 -9.899 -9.913 -9.86 -9.679 -9.428 -9.803 -9.837 -9.675 -9.419 -9.119 -8.748 -9.844 -9.601 -9.259 -8.976 -8.694 -9.586 -9.277 -8.996 -8.792 -8.723 -9.288 -9.469 -9.142 -8.1 -7.598 -7.003 -9.336
0.015506 -9.871 -9.93 -9.947 -9.901 -9.723 -9.475 -9.839 -9.879 -9.72 -9.466 -9.168 -8.799 -9.885 -9.646 -9.307 -9.025 -8.744 -9.631 -9.325 -9.045 -8.842 -8.771 -9.335 -9.515 -9.19 -8.152 -7.65 -7.057 -9.383
0.015975 -9.898 -9.961 -9.982 -9.942 -9.768 -9.522 -9.875 -9.92 -9.764 -9.513 -9.217 -8.849 -9.927 -9.692 -9.355 -9.075 -8.795 -9.676 -9.372 -9.094 -8.891 -8.82 -9.383 -9.561 -9.239 -8.204 -7.703 -7.11 -9.43
0.016458 -9.925 -9.991 -10.015 -9.983 -9.812 -9.569 -9.911 -9.962 -9.808 -9.56 -9.265 -8.899 -9.968 -9.737 -9.403 -9.124 -8.845 -9.722 -9.42 -9.143 -8.941 -8.869 -9.43 -9.608 -9.287 -8.256 -7.756 -7.163 -9.476
0.016956 -9.951 -10.022 -10.049 -10.023 -9.856 -9.615 -9.946 -10.003 -9.852 -9.606 -9.314 -8.949 -10.009 -9.782 -9.451 -9.173 -8.895 -9.767 -9.468 -9.192 -8.99 -8.918 -9.477 -9.654 -9.336 -8.308 -7.808 -7.217 -9.523
0.017469 -9.977 -10.052 -10.082 -10.064 -9.9 -9.662 -9.982 -10.044 -9.896 -9.653 -9.362 -8.999 -10.05 -9.826 -9.499 -9.222 -8.945 -9.812 -9.515 -9.241 -9.04 -8.967 -9.524 -9.699 -9.384 -8.359 -7.861 -7.27 -9.569
0.017997 -10.003 -10.081 -10.115 -10.104 -9.943 -9.708 -10.017 -10.084 -9.94 -9.699 -9.41 -9.049 -10.09 -9.871 -9.546 -9.271 -8.995 -9.856 -9.562 -9.289 -9.089 -9.015 -9.571 -9.745 -9.432 -8.411 -7.913 -7.323 -9.615
0.018541 -10.028 -10.11 -10.148 -10.143 -9.987 -9.754 -10.052 -10.125 -9.983 -9.745 -9.458 -9.099 -10.131 -9.915 -9.593 -9.32 -9.045 -9.901 -9.609 -9.338 -9.138 -9.064 -9.618 -9.791 -9.48 -8.462 -7.966 -7.376 -9.662
0.019102 -10.053 -10.139 -10.18 -10.183 -10.03 -9.8 -10.086 -10.165 -10.027 -9.792 -9.506 -9.148 -10.171 -9.959 -9.641 -9.369 -9.095 -9.945 -9.656 -9.386 -9.187 -9.112 -9.664 -9.836 -9.528 -8.514 -8.018 -7.429 -9.708
0.01968 -10.078 -10.168 -10.212 -10.222 -10.073 -9.846 -10.12 -10.205 -10.07 -9.837 -9.554 -9.198 -10.211 -10.004 -9.688 -9.418 -9.145 -9.99 -9.703 -9.435 -9.236 -9.161 -9.711 -9.882 -9.575 -8.565 -8.07 -7.482 -9.753
0.020275 -10.102 -10.196 -10.244 -10.262 -10.116 -9.892 -10.155 -10.245 -10.113 -9.883 -9.602 -9.247 -10.25 -10.047 -9.735 -9.467 -9.195 -10.034 -9.75 -9.483 -9.285 -9.209 -9.757 -9.927 -9.623 -8.617 -8.123 -7.535 -9.799
0.020888 -10.126 -10.224 -10.275 -10.3 -10.159 -9.938 -10.188 -10.285 -10.155 -9.929 -9.649 -9.297 -10.29 -10.091 -9.782 -9.515 -9.245 -10.078 -9.797 -9.531 -9.334 -9.258 -9.803 -9.972 -9.671 -8.668 -8.175 -7.588 -9.845
0.02152 -10.149 -10.251 -10.306 -10.339 -10.201 -9.983 -10.222 -10.324 -10.198 -9.975 -9.697 -9.346 -10.329 -10.135 -9.829 -9.563 -9.294 -10.122 -9.843 -9.579 -9.383 -9.306 -9.849 -10.017 -9.718 -8.719 -8.227 -7.641 -9.89
0.022171 -10.172 -10.278 -10.337 -10.378 -10.244 -10.028 -10.255 -10.363 -10.24 -10.02 -9.744 -9.395 -10.368 -10.178 -9.875 -9.612 -9.344 -10.165 -9.89 -9.627 -9.432 -9.354 -9.895 -10.062 -9.765 -8.771 -8.279 -7.694 -9.936
0.022841 -10.195 -10.305 -10.368 -10.416 -10.286 -10.074 -10.289 -10.402 -10.283 -10.065 -9.792 -9.444 -10.407 -10.222 -9.922 -9.66 -9.393 -10.209 -9.936 -9.675 -9.48 -9.402 -9.941 -10.106 -9.813 -8.822 -8.331 -7.747 -9.981
0.023532 -10.217 -10.331 -10.398 -10.454 -10.328 -10.119 -10.321 -10.441 -10.325 -10.11 -9.839 -9.494 -10.446 -10.265 -9.968 -9.708 -9.442 -10.252 -9.982 -9.723 -9.529 -9.451 -9.987 -10.151 -9.86 -8.873 -8.383 -7.8 -10.026
0.024244 -10.238 -10.357 -10.428 -10.492 -10.37 -10.164 -10.354 -10.479 -10.367 -10.155 -9.886 -9.542 -10.484 -10.308 -10.015 -9.756 -9.492 -10.295 -10.028 -9.771 -9.578 -9.499 -10.032 -10.195 -9.907 -8.924 -8.435 -7.852 -10.071
0.024977 -10.26 -10.383 -10.457 -10.529 -10.412 -10.209 -10.387 -10.517 -10.408 -10.2 -9.933 -9.591 -10.522 -10.35 -10.061 -9.804 -9.541 -10.338 -10.074 -9.819 -9.626 -9.547 -10.078 -10.239 -9.954 -8.975 -8.487 -7.905 -10.116
0.025733 -10.281 -10.408 -10.486 -10.567 -10.453 -10.253 -10.419 -10.556 -10.45 -10.245 -9.98 -9.64 -10.56 -10.393 -10.107 -9.852 -9.59 -10.381 -10.12 -9.866 -9.674 -9.595 -10.123 -10.283 -10.0 -9.026 -8.539 -7.958 -10.16
0.026511 -10.301 -10.432 -10.515 -10.604 -10.495 -10.298 -10.451 -10.593 -10.491 -10.29 -10.027 -9.689 -10.598 -10.435 -10.153 -9.9 -9.639 -10.424 -10.166 -9.914 -9.723 -9.643 -10.168 -10.327 -10.047 -9.076 -8.591 -8.01 -10.205
0.027313 -10.322 -10.457 -10.544 -10.64 -10.536 -10.342 -10.482 -10.631 -10.532 -10.334 -10.073 -9.738 -10.635 -10.478 -10.199 -9.947 -9.688 -10.467 -10.212 -9.961 -9.771 -9.691 -10.213 -10.371 -10.093 -9.127 -8.643 -8.063 -10.249
0.028139 -10.341 -10.481 -10.572 -10.677 -10.577 -10.386 -10.514 -10.668 -10.573 -10.378 -10.12 -9.786 -10.672 -10.52 -10.244 -9.995 -9.737 -10.509 -10.257 -10.008 -9.819 -9.738 -10.258 -10.414 -10.14 -9.178 -8.694 -8.116 -10.293
0.02899 -10.361 -10.504 -10.6 -10.713 -10.617 -10.43 -10.545 -10.705 -10.614 -10.422 -10.166 -9.834 -10.709 -10.562 -10.29 -10.042 -9.785 -10.551 -10.303 -10.055 -9.867 -9.786 -10.303 -10.458 -10.186 -9.229 -8.746 -8.168 -10.338
0.029867 -10.379 -10.527 -10.627 -10.749 -10.658 -10.474 -10.576 -10.742 -10.655 -10.466 -10.213 -9.883 -10.746 -10.603 -10.335 -10.089 -9.834 -10.593 -10.348 -10.103 -9.915 -9.834 -10.348 -10.501 -10.232 -9.279 -8.798 -8.221 -10.381
0.03077 -10.398 -10.55 -10.654 -10.785 -10.698 -10.518 -10.607 -10.779 -10.695 -10.51 -10.259 -9.931 -10.783 -10.645 -10.381 -10.137 -9.883 -10.635 -10.393 -10.15 -9.963 -9.881 -10.392 -10.544 -10.278 -9.33 -8.849 -8.273 -10.425
0.031701 -10.416 -10.572 -10.681 -10.821 -10.738 -10.562 -10.637 -10.815 -10.735 -10.554 -10.305 -9.979 -10.819 -10.686 -10.426 -10.184 -9.931 -10.677 -10.438 -10.196 -10.01 -9.929 -10.437 -10.587 -10.324 -9.38 -8.901 -8.325 -10.469
0.032659 -10.434 -10.594 -10.707 -10.856 -10.778 -10.605 -10.668 -10.851 -10.775 -10.597 -10.351 -10.027 -10.855 -10.727 -10.471 -10.231 -9.979 -10.718 -10.483 -10.243 -10.058 -9.977 -10.481 -10.63 -10.37 -9.43 -8.952 -8.378 -10.513
0.033647 -10.451 -10.616 -10.734 -10.891 -10.818 -10.649 -10.698 -10.887 -10.815 -10.641 -10.397 -10.075 -10.89 -10.768 -10.516 -10.277 -10.028 -10.76 -10.527 -10.29 -10.106 -10.024 -10.525 -10.672 -10.416 -9.481 -9.004 -8.43 -10.556
0.034665 -10.467 -10.637 -10.759 -10.926 -10.858 -10.692 -10.727 -10.923 -10.855 -10.684 -10.443 -10.123 -10.926 -10.809 -10.56 -10.324 -10.076 -10.801 -10.572 -10.336 -10.153 -10.071 -10.569 -10.715 -10.461 -9.531 -9.055 -8.482 -10.599
0.035713 -10.484 -10.657 -10.785 -10.96 -10.897 -10.735 -10.757 -10.958 -10.894 -10.727 -10.488 -10.171 -10.961 -10.85 -10.605 -10.371 -10.124 -10.842 -10.616 -10.383 -10.201 -10.119 -10.613 -10.757 -10.507 -9.581 -9.106 -8.534 -10.642
0.036793 -10.499 -10.677 -10.81 -10.994 -10.936 -10.778 -10.786 -10.993 -10.933 -10.77 -10.534 -10.219 -10.996 -10.89 -10.649 -10.417 -10.172 -10.883 -10.661 -10.429 -10.248 -10.166 -10.657 -10.799 -10.552 -9.631 -9.157 -8.587 -10.685
0.037906 -10.515 -10.697 -10.834 -11.028 -10.975 -10.82 -10.815 -11.028 -10.972 -10.813 -10.579 -10.266 -11.031 -10.931 -10.694 -10.464 -10.22 -10.923 -10.705 -10.475 -10.295 -10.213 -10.7 -10.841 -10.597 -9.681 -9.209 -8.639 -10.728
0.039052 -10.53 -10.716 -10.858 -11.062 -11.014 -10.863 -10.844 -11.062 -11.011 -10.855 -10.624 -10.314 -11.065 -10.971 -10.738 -10.51 -10.268 -10.964 -10.749 -10.521 -10.342 -10.26 -10.743 -10.883 -10.642 -9.731 -9.26 -8.691 -10.771
0.040234 -10.544 -10.735 -10.882 -11.095 -11.052 -10.905 -10.873 -11.097 -11.05 -10.898 -10.669 -10.361 -11.099 -11.01 -10.782 -10.556 -10.315 -11.004 -10.793 -10.567 -10.39 -10.307 -10.787 -10.924 -10.687 -9.781 -9.311 -8.743 -10.813
0.04145 -10.558 -10.753 -10.906 -11.129 -11.091 -10.947 -10.901 -11.131 -11.088 -10.94 -10.714 -10.408 -11.133 -11.05 -10.826 -10.602 -10.363 -11.044 -10.837 -10.613 -10.436 -10.354 -10.83 -10.966 -10.732 -9.831 -9.362 -8.795 -10.855
0.042704 -10.572 -10.771 -10.929 -11.161 -11.129 -10.989 -10.929 -11.164 -11.126 -10.982 -10.759 -10.456 -11.167 -11.089 -10.87 -10.648 -10.411 -11.084 -10.88 -10.659 -10.483 -10.401 -10.873 -11.007 -10.776 -9.881 -9.413 -8.847 -10.898
0.043996 -10.585 -10.789 -10.952 -11.194 -11.167 -11.031 -10.957 -11.198 -11.164 -11.024 -10.804 -10.503 -11.2 -11.129 -10.913 -10.694 -10.458 -11.124 -10.924 -10.705 -10.53 -10.448 -10.915 -11.048 -10.821 -9.931 -9.464 -8.899 -10.94
0.045326 -10.597 -10.805 -10.974 -11.226 -11.204 -11.073 -10.984 -11.231 -11.201 -11.066 -10.848 -10.55 -11.233 -11.168 -10.957 -10.74 -10.505 -11.163 -10.967 -10.75 -10.577 -10.495 -10.958 -11.089 -10.865 -9.98 -9.515 -8.951 -10.981
0.046697 -10.609 -10.822 -10.996 -11.258 -11.242 -11.114 -11.011 -11.264 -11.239 -11.107 -10.893 -10.597 -11.266 -11.207 -11.0 -10.785 -10.553 -11.203 -11.01 -10.796 -10.623 -10.541 -11.0 -11.13 -10.91 -10.03 -9.565 -9.003 -11.023
0.048109 -10.621 -10.838 -11.018 -11.29 -11.279 -11.155 -11.038 -11.296 -11.276 -11.148 -10.937 -10.643 -11.298 -11.245 -11.043 -10.831 -10.6 -11.242 -11.053 -10.841 -10.67 -10.588 -11.043 -11.17 -10.954 -10.079 -9.616 -9.054 -11.065
0.049564 -10.632 -10.853 -11.039 -11.321 -11.316 -11.197 -11.065 -11.329 -11.313 -11.19 -10.981 -10.69 -11.33 -11.284 -11.086 -10.876 -10.647 -11.281 -11.096 -10.886 -10.716 -10.635 -11.085 -11.21 -10.998 -10.129 -9.667 -9.106 -11.106
0.051063 -10.642 -10.868 -11.059 -11.352 -11.352 -11.238 -11.092 -11.361 -11.35 -11.231 -11.025 -10.737 -11.362 -11.322 -11.129 -10.921 -10.694 -11.319 -11.139 -10.931 -10.763 -10.681 -11.127 -11.25 -11.041 -10.178 -9.718 -9.158 -11.147
0.052608 -10.652 -10.883 -11.08 -11.383 -11.389 -11.278 -11.118 -11.392 -11.386 -11.272 -11.069 -10.783 -11.393 -11.36 -11.172 -10.967 -10.74 -11.358 -11.181 -10.976 -10.809 -10.727 -11.169 -11.29 -11.085 -10.227 -9.768 -9.21 -11.188
0.054199 -10.662 -10.897 -11.1 -11.413 -11.425 -11.319 -11.144 -11.424 -11.422 -11.312 -11.112 -10.829 -11.425 -11.397 -11.214 -11.011 -10.787 -11.396 -11.224 -11.021 -10.855 -10.774 -11.21 -11.33 -11.129 -10.276 -9.819 -9.261 -11.229
0.055838 -10.671 -10.91 -11.119 -11.443 -11.461 -11.359 -11.169 -11.455 -11.458 -11.353 -11.156 -10.876 -11.455 -11.435 -11.256 -11.056 -10.834 -11.434 -11.266 -11.066 -10.901 -10.82 -11.252 -11.37 -11.172 -10.326 -9.869 -9.313 -11.27
0.057527 -10.68 -10.923 -11.138 -11.473 -11.497 -11.399 -11.195 -11.486 -11.494 -11.393 -11.199 -10.922 -11.486 -11.472 -11.299 -11.101 -10.88 -11.472 -11.308 -11.11 -10.947 -10.866 -11.293 -11.409 -11.215 -10.375 -9.92 -9.364 -11.31
0.059267 -10.688 -10.935 -11.157 -11.502 -11.532 -11.439 -11.22 -11.516 -11.53 -11.433 -11.243 -10.968 -11.516 -11.509 -11.341 -11.146 -10.927 -11.509 -11.35 -11.155 -10.993 -10.912 -11.334 -11.448 -11.258 -10.424 -9.97 -9.416 -11.35
0.061059 -10.695 -10.947 -11.175 -11.531 -11.567 -11.479 -11.245 -11.546 -11.565 -11.473 -11.286 -11.014 -11.546 -11.546 -11.382 -11.19 -10.973 -11.547 -11.392 -11.199 -11.038 -10.958 -11.375 -11.487 -11.301 -10.473 -10.02 -9.467 -11.391
0.062906 -10.702 -10.959 -11.193 -11.56 -11.602 -11.519 -11.27 -11.576 -11.6 -11.512 -11.329 -11.059 -11.576 -11.583 -11.424 -11.234 -11.019 -11.584 -11.433 -11.243 -11.084 -11.004 -11.416 -11.526 -11.344 -10.521 -10.07 -9.519 -11.431
0.064808 -10.709 -10.969 -11.21 -11.588 -11.637 -11.558 -11.294 -11.605 -11.634 -11.552 -11.371 -11.105 -11.605 -11.619 -11.466 -11.278 -11.065 -11.621 -11.475 -11.287 -11.129 -11.05 -11.457 -11.564 -11.386 -10.57 -10.121 -9.57 -11.47
0.066769 -10.714 -10.98 -11.227 -11.616 -11.671 -11.597 -11.318 -11.634 -11.669 -11.591 -11.414 -11.15 -11.634 -11.655 -11.507 -11.322 -11.111 -11.657 -11.516 -11.331 -11.175 -11.095 -11.497 -11.603 -11.429 -10.619 -10.171 -9.621 -11.51
0.068788 -10.72 -10.989 -11.243 -11.644 -11.705 -11.636 -11.342 -11.663 -11.703 -11.63 -11.457 -11.196 -11.662 -11.691 -11.548 -11.366 -11.157 -11.694 -11.557 -11.375 -11.22 -11.141 -11.537 -11.641 -11.471 -10.667 -10.221 -9.673 -11.549
0.070868 -10.725 -10.998 -11.259 -11.671 -11.739 -11.675 -11.365 -11.692 -11.737 -11.669 -11.499 -11.241 -11.691 -11.726 -11.589 -11.41 -11.203 -11.73 -11.598 -11.419 -11.265 -11.187 -11.577 -11.679 -11.513 -10.716 -10.271 -9.724 -11.589
0.073012 -10.729 -11.007 -11.274 -11.698 -11.773 -11.714 -11.389 -11.72 -11.771 -11.708 -11.541 -11.286 -11.718 -11.762 -11.63 -11.454 -11.248 -11.766 -11.638 -11.462 -11.31 -11.232 -11.617 -11.716 -11.555 -10.764 -10.321 -9.775 -11.628
0.07522 -10.732 -11.015 -11.289 -11.724 -11.806 -11.752 -11.412 -11.748 -11.804 -11.746 -11.583 -11.331 -11.746 -11.797 -11.67 -11.497 -11.294 -11.802 -11.679 -11.505 -11.355 -11.277 -11.657 -11.754 -11.597 -10.812 -10.371 -9.826 -11.666
0.077495 -10.736 -11.022 -11.304 -11.751 -11.839 -11.79 -11.434 -11.775 -11.837 -11.784 -11.625 -11.376 -11.773 -11.832 -11.711 -11.54 -11.339 -11.837 -11.719 -11.549 -11.399 -11.323 -11.696 -11.791 -11.638 -10.861 -10.42 -9.877 -11.705
0.079839 -10.738 -11.029 -11.318 -11.776 -11.872 -11.828 -11.457 -11.802 -11.87 -11.822 -11.666 -11.421 -11.8 -11.866 -11.751 -11.583 -11.384 -11.872 -11.759 -11.592 -11.444 -11.368 -11.736 -11.828 -11.68 -10.909 -10.47 -9.928 -11.743
