web/models/kne.last_good/kappa_0.5_3.0.v1/17/villar_0.0120_0.4843_3.0000.dat
# %ECSV 1.0
# ---
# datatype:
# - {name: time, datatype: float64}
# - {name: swift_uvot_uvw2, datatype: float64}
# - {name: swift_uvot_uvm2, datatype: float64}
# - {name: swift_uvot_uvw1, datatype: float64}
# - {name: swift_uvot_U, datatype: float64}
# - {name: swift_uvot_B, datatype: float64}
# - {name: swift_uvot_V, datatype: float64}
# - {name: swift_uvot_W, datatype: float64}
# - {name: johnson_U, datatype: float64}
# - {name: johnson_B, datatype: float64}
# - {name: johnson_V, datatype: float64}
# - {name: johnson_R, datatype: float64}
# - {name: johnson_I, datatype: float64}
# - {name: sdss_u, datatype: float64}
# - {name: sdss_g, datatype: float64}
# - {name: sdss_r, datatype: float64}
# - {name: sdss_i, datatype: float64}
# - {name: sdss_z, datatype: float64}
# - {name: PS1_g, datatype: float64}
# - {name: PS1_r, datatype: float64}
# - {name: PS1_i, datatype: float64}
# - {name: PS1_z, datatype: float64}
# - {name: PS1_Y, datatype: float64}
# - {name: PS1_w, datatype: float64}
# - {name: ATLAS_c, datatype: float64}
# - {name: ATLAS_o, datatype: float64}
# - {name: ukirt_J, datatype: float64}
# - {name: ukirt_H, datatype: float64}
# - {name: ukirt_K, datatype: float64}
# - {name: Clear, datatype: float64}
# meta: !!omap
# - comment: [kappa = 3.0, type = villar, mass = 0.012011244339858356, velocity = 0.48433333333333334, theta_obs = 0.0]
# schema: astropy-2.0
time swift_uvot_uvw2 swift_uvot_uvm2 swift_uvot_uvw1 swift_uvot_U swift_uvot_B swift_uvot_V swift_uvot_W johnson_U johnson_B johnson_V johnson_R johnson_I sdss_u sdss_g sdss_r sdss_i sdss_z PS1_g PS1_r PS1_i PS1_z PS1_Y PS1_w ATLAS_c ATLAS_o ukirt_J ukirt_H ukirt_K Clear
[from data line 146]
0.077495 -10.49 -10.874 -11.407 -12.226 -12.546 -12.671 -11.867 -12.291 -12.546 -12.67 -12.635 -12.492 -12.28 -12.601 -12.671 -12.6 -12.469 -12.631 -12.679 -12.607 -12.514 -12.461 -12.632 -12.644 -12.641 -12.091 -11.704 -11.204 -12.616
0.079839 -10.477 -10.863 -11.407 -12.241 -12.569 -12.702 -11.882 -12.307 -12.57 -12.701 -12.672 -12.533 -12.295 -12.628 -12.706 -12.638 -12.511 -12.659 -12.713 -12.646 -12.555 -12.503 -12.666 -12.674 -12.677 -12.137 -11.752 -11.254 -12.648
0.082253 -10.463 -10.851 -11.406 -12.254 -12.593 -12.733 -11.897 -12.323 -12.593 -12.732 -12.708 -12.574 -12.31 -12.654 -12.74 -12.677 -12.552 -12.686 -12.748 -12.684 -12.595 -12.545 -12.699 -12.704 -12.713 -12.183 -11.8 -11.304 -12.681
0.084741 -10.449 -10.838 -11.405 -12.267 -12.616 -12.763 -11.911 -12.338 -12.616 -12.762 -12.744 -12.614 -12.325 -12.679 -12.774 -12.715 -12.593 -12.713 -12.781 -12.723 -12.636 -12.587 -12.732 -12.733 -12.749 -12.228 -11.848 -11.353 -12.713
0.087304 -10.434 -10.825 -11.403 -12.28 -12.638 -12.794 -11.925 -12.352 -12.639 -12.793 -12.78 -12.655 -12.338 -12.705 -12.807 -12.753 -12.634 -12.739 -12.815 -12.76 -12.676 -12.629 -12.765 -12.762 -12.784 -12.274 -11.896 -11.403 -12.745
0.089944 -10.419 -10.811 -11.4 -12.292 -12.66 -12.823 -11.939 -12.366 -12.661 -12.822 -12.815 -12.695 -12.352 -12.73 -12.84 -12.79 -12.675 -12.765 -12.848 -12.798 -12.717 -12.67 -12.797 -12.791 -12.819 -12.319 -11.943 -11.452 -12.776
0.092665 -10.402 -10.796 -11.397 -12.304 -12.682 -12.853 -11.953 -12.379 -12.683 -12.852 -12.85 -12.735 -12.365 -12.754 -12.873 -12.828 -12.716 -12.791 -12.881 -12.835 -12.757 -12.711 -12.829 -12.819 -12.854 -12.364 -11.991 -11.502 -12.808
0.095467 -10.386 -10.78 -11.392 -12.314 -12.703 -12.882 -11.966 -12.392 -12.704 -12.881 -12.885 -12.775 -12.377 -12.778 -12.906 -12.865 -12.756 -12.816 -12.914 -12.873 -12.796 -12.753 -12.861 -12.847 -12.889 -12.409 -12.038 -11.551 -12.839
0.098355 -10.368 -10.763 -11.388 -12.325 -12.724 -12.91 -11.979 -12.404 -12.725 -12.91 -12.92 -12.814 -12.388 -12.802 -12.938 -12.902 -12.796 -12.841 -12.946 -12.91 -12.836 -12.794 -12.893 -12.875 -12.923 -12.454 -12.085 -11.6 -12.87
0.101329 -10.35 -10.745 -11.382 -12.334 -12.744 -12.938 -11.991 -12.415 -12.746 -12.938 -12.954 -12.853 -12.399 -12.825 -12.97 -12.938 -12.836 -12.865 -12.978 -12.946 -12.875 -12.834 -12.924 -12.902 -12.957 -12.498 -12.132 -11.649 -12.9
0.104394 -10.331 -10.726 -11.376 -12.343 -12.764 -12.966 -12.003 -12.426 -12.765 -12.967 -12.988 -12.893 -12.41 -12.848 -13.002 -12.975 -12.876 -12.889 -13.01 -12.983 -12.914 -12.875 -12.955 -12.929 -12.991 -12.543 -12.18 -11.699 -12.93
0.107551 -10.312 -10.706 -11.369 -12.352 -12.783 -12.994 -12.015 -12.437 -12.785 -12.994 -13.022 -12.931 -12.42 -12.87 -13.033 -13.011 -12.916 -12.913 -13.041 -13.019 -12.953 -12.916 -12.986 -12.955 -13.024 -12.587 -12.226 -11.748 -12.96
0.110804 -10.292 -10.686 -11.361 -12.36 -12.802 -13.021 -12.026 -12.446 -12.804 -13.022 -13.056 -12.97 -12.429 -12.892 -13.064 -13.046 -12.955 -12.936 -13.072 -13.055 -12.992 -12.956 -13.016 -12.981 -13.057 -12.631 -12.273 -11.796 -12.99
0.114155 -10.271 -10.664 -11.353 -12.367 -12.82 -13.048 -12.037 -12.455 -12.822 -13.049 -13.089 -13.009 -12.437 -12.913 -13.095 -13.082 -12.994 -12.958 -13.103 -13.09 -13.03 -12.996 -13.046 -13.007 -13.09 -12.675 -12.32 -11.845 -13.019
0.117608 -10.249 -10.642 -11.344 -12.373 -12.838 -13.074 -12.047 -12.464 -12.84 -13.075 -13.122 -13.047 -12.445 -12.934 -13.125 -13.117 -13.033 -12.981 -13.133 -13.126 -13.069 -13.036 -13.076 -13.032 -13.122 -12.719 -12.367 -11.894 -13.048
0.121165 -10.227 -10.618 -11.334 -12.379 -12.855 -13.1 -12.057 -12.472 -12.858 -13.101 -13.154 -13.085 -12.452 -12.955 -13.155 -13.152 -13.071 -13.002 -13.163 -13.161 -13.107 -13.075 -13.105 -13.057 -13.155 -12.763 -12.413 -11.943 -13.076
0.124829 -10.205 -10.594 -11.323 -12.384 -12.871 -13.125 -12.067 -12.479 -12.874 -13.127 -13.187 -13.122 -12.459 -12.974 -13.184 -13.187 -13.11 -13.024 -13.193 -13.196 -13.145 -13.115 -13.134 -13.081 -13.187 -12.807 -12.459 -11.991 -13.105
0.128605 -10.181 -10.568 -11.311 -12.389 -12.888 -13.15 -12.077 -12.485 -12.891 -13.152 -13.219 -13.16 -12.465 -12.994 -13.214 -13.221 -13.148 -13.044 -13.222 -13.23 -13.182 -13.154 -13.163 -13.105 -13.218 -12.85 -12.506 -12.04 -13.132
0.132494 -10.157 -10.542 -11.299 -12.393 -12.903 -13.175 -12.085 -12.491 -12.906 -13.177 -13.25 -13.197 -12.47 -13.013 -13.243 -13.255 -13.186 -13.065 -13.251 -13.264 -13.219 -13.193 -13.191 -13.129 -13.249 -12.893 -12.552 -12.088 -13.16
0.136502 -10.133 -10.514 -11.286 -12.396 -12.918 -13.199 -12.094 -12.496 -12.922 -13.201 -13.282 -13.234 -12.475 -13.031 -13.271 -13.289 -13.224 -13.085 -13.28 -13.298 -13.256 -13.232 -13.219 -13.152 -13.28 -12.936 -12.598 -12.136 -13.187
0.14063 -10.108 -10.485 -11.272 -12.398 -12.932 -13.223 -12.102 -12.501 -12.936 -13.225 -13.312 -13.271 -12.478 -13.049 -13.299 -13.323 -13.261 -13.104 -13.308 -13.332 -13.293 -13.271 -13.246 -13.174 -13.311 -12.979 -12.644 -12.185 -13.214
0.144883 -10.082 -10.456 -11.257 -12.4 -12.946 -13.246 -12.11 -12.505 -12.95 -13.249 -13.343 -13.307 -12.481 -13.067 -13.327 -13.356 -13.298 -13.123 -13.336 -13.365 -13.33 -13.309 -13.274 -13.197 -13.341 -13.022 -12.689 -12.233 -13.241
0.149265 -10.056 -10.425 -11.242 -12.4 -12.96 -13.269 -12.117 -12.508 -12.964 -13.272 -13.373 -13.343 -12.484 -13.083 -13.354 -13.389 -13.335 -13.141 -13.363 -13.398 -13.366 -13.347 -13.3 -13.218 -13.371 -13.065 -12.735 -12.281 -13.267
0.15378 -10.029 -10.393 -11.225 -12.4 -12.972 -13.291 -12.123 -12.51 -12.977 -13.295 -13.403 -13.379 -12.485 -13.1 -13.381 -13.421 -13.372 -13.159 -13.39 -13.431 -13.402 -13.385 -13.327 -13.24 -13.4 -13.107 -12.78 -12.328 -13.293
0.15843 -10.001 -10.36 -11.208 -12.4 -12.984 -13.313 -12.13 -12.511 -12.989 -13.317 -13.433 -13.414 -12.486 -13.115 -13.407 -13.453 -13.408 -13.176 -13.416 -13.463 -13.437 -13.423 -13.353 -13.26 -13.429 -13.149 -12.826 -12.376 -13.318
0.163222 -9.973 -10.325 -11.189 -12.398 -12.996 -13.334 -12.135 -12.512 -13.001 -13.338 -13.462 -13.45 -12.486 -13.131 -13.433 -13.485 -13.444 -13.193 -13.443 -13.495 -13.473 -13.46 -13.378 -13.281 -13.458 -13.191 -12.871 -12.424 -13.343
0.168159 -9.944 -10.29 -11.17 -12.396 -13.006 -13.355 -12.141 -12.512 -13.012 -13.359 -13.49 -13.485 -12.485 -13.145 -13.459 -13.517 -13.48 -13.209 -13.468 -13.526 -13.508 -13.497 -13.404 -13.3 -13.486 -13.233 -12.916 -12.471 -13.368
0.173245 -9.915 -10.253 -11.15 -12.393 -13.016 -13.375 -12.146 -12.511 -13.022 -13.38 -13.519 -13.519 -12.484 -13.159 -13.484 -13.548 -13.515 -13.225 -13.493 -13.558 -13.543 -13.534 -13.428 -13.32 -13.514 -13.275 -12.961 -12.519 -13.392
0.178484 -9.886 -10.215 -11.129 -12.389 -13.026 -13.395 -12.15 -12.51 -13.032 -13.4 -13.547 -13.554 -12.481 -13.172 -13.508 -13.578 -13.55 -13.24 -13.518 -13.589 -13.577 -13.57 -13.453 -13.338 -13.541 -13.316 -13.005 -12.566 -13.416
0.183882 -9.856 -10.176 -11.107 -12.384 -13.034 -13.414 -12.154 -12.507 -13.041 -13.419 -13.574 -13.588 -12.478 -13.185 -13.532 -13.609 -13.585 -13.254 -13.542 -13.619 -13.611 -13.607 -13.477 -13.357 -13.568 -13.357 -13.05 -12.613 -13.439
0.189444 -9.825 -10.135 -11.084 -12.378 -13.042 -13.432 -12.157 -12.504 -13.049 -13.438 -13.601 -13.621 -12.474 -13.197 -13.556 -13.639 -13.62 -13.268 -13.566 -13.649 -13.645 -13.643 -13.5 -13.374 -13.595 -13.398 -13.094 -12.66 -13.462
0.195173 -9.794 -10.094 -11.06 -12.371 -13.05 -13.45 -12.16 -12.5 -13.056 -13.457 -13.628 -13.655 -12.469 -13.208 -13.579 -13.668 -13.654 -13.281 -13.59 -13.679 -13.678 -13.678 -13.523 -13.391 -13.621 -13.439 -13.138 -12.707 -13.484
0.201076 -9.763 -10.05 -11.035 -12.363 -13.056 -13.468 -12.162 -12.494 -13.063 -13.474 -13.654 -13.688 -12.463 -13.219 -13.602 -13.697 -13.688 -13.294 -13.612 -13.708 -13.711 -13.714 -13.546 -13.408 -13.646 -13.479 -13.182 -12.754 -13.506
0.207158 -9.731 -10.006 -11.01 -12.355 -13.062 -13.484 -12.164 -12.488 -13.069 -13.492 -13.68 -13.72 -12.456 -13.229 -13.624 -13.726 -13.721 -13.305 -13.635 -13.737 -13.744 -13.749 -13.568 -13.424 -13.672 -13.519 -13.226 -12.801 -13.528
0.213423 -9.699 -9.96 -10.983 -12.345 -13.067 -13.501 -12.165 -12.481 -13.075 -13.508 -13.705 -13.752 -12.448 -13.238 -13.645 -13.754 -13.754 -13.317 -13.656 -13.765 -13.777 -13.784 -13.589 -13.439 -13.696 -13.559 -13.27 -12.847 -13.549
0.219878 -9.666 -9.912 -10.955 -12.335 -13.071 -13.516 -12.165 -12.473 -13.079 -13.524 -13.73 -13.784 -12.439 -13.247 -13.666 -13.782 -13.787 -13.327 -13.678 -13.793 -13.809 -13.818 -13.61 -13.453 -13.721 -13.599 -13.313 -12.894 -13.57
0.226528 -9.634 -9.863 -10.925 -12.323 -13.074 -13.531 -12.165 -12.464 -13.083 -13.539 -13.754 -13.816 -12.429 -13.255 -13.687 -13.809 -13.819 -13.337 -13.698 -13.821 -13.84 -13.852 -13.631 -13.467 -13.744 -13.639 -13.356 -12.94 -13.59
0.233379 -9.601 -9.813 -10.895 -12.31 -13.077 -13.545 -12.164 -12.454 -13.086 -13.554 -13.778 -13.847 -12.418 -13.262 -13.707 -13.836 -13.851 -13.346 -13.718 -13.848 -13.871 -13.886 -13.651 -13.481 -13.768 -13.678 -13.399 -12.986 -13.61
0.240437 -9.568 -9.761 -10.864 -12.297 -13.079 -13.559 -12.163 -12.443 -13.088 -13.568 -13.801 -13.878 -12.406 -13.268 -13.726 -13.863 -13.883 -13.354 -13.738 -13.875 -13.902 -13.92 -13.67 -13.493 -13.79 -13.717 -13.442 -13.032 -13.629
0.247709 -9.535 -9.708 -10.831 -12.282 -13.079 -13.572 -12.161 -12.431 -13.089 -13.581 -13.824 -13.908 -12.393 -13.274 -13.745 -13.889 -13.914 -13.362 -13.757 -13.901 -13.933 -13.953 -13.689 -13.505 -13.812 -13.756 -13.485 -13.078 -13.648
0.255201 -9.501 -9.653 -10.798 -12.266 -13.079 -13.584 -12.158 -12.418 -13.089 -13.594 -13.846 -13.938 -12.379 -13.278 -13.763 -13.914 -13.945 -13.369 -13.775 -13.926 -13.963 -13.986 -13.708 -13.517 -13.834 -13.794 -13.527 -13.123 -13.666
0.262919 -9.468 -9.596 -10.763 -12.249 -13.078 -13.595 -12.155 -12.404 -13.089 -13.606 -13.867 -13.967 -12.364 -13.282 -13.78 -13.939 -13.975 -13.375 -13.793 -13.952 -13.992 -14.018 -13.725 -13.527 -13.855 -13.832 -13.57 -13.169 -13.683
0.270871 -9.435 -9.537 -10.727 -12.231 -13.076 -13.606 -12.151 -12.389 -13.087 -13.617 -13.888 -13.996 -12.347 -13.285 -13.797 -13.963 -14.005 -13.38 -13.81 -13.976 -14.021 -14.05 -13.743 -13.537 -13.875 -13.87 -13.612 -13.214 -13.701
0.279064 -9.402 -9.477 -10.689 -12.211 -13.073 -13.615 -12.146 -12.372 -13.085 -13.627 -13.909 -14.025 -12.329 -13.287 -13.813 -13.987 -14.035 -13.384 -13.826 -14.0 -14.05 -14.081 -13.759 -13.546 -13.895 -13.907 -13.653 -13.259 -13.717
0.287504 -9.369 -9.415 -10.651 -12.19 -13.069 -13.624 -12.141 -12.354 -13.081 -13.637 -13.929 -14.053 -12.31 -13.288 -13.828 -14.01 -14.064 -13.388 -13.842 -14.024 -14.078 -14.112 -13.775 -13.555 -13.914 -13.944 -13.695 -13.304 -13.733
0.296199 -9.336 -9.351 -10.611 -12.168 -13.064 -13.633 -12.135 -12.335 -13.077 -13.645 -13.948 -14.08 -12.29 -13.288 -13.843 -14.033 -14.092 -13.39 -13.857 -14.046 -14.106 -14.143 -13.79 -13.562 -13.933 -13.981 -13.736 -13.349 -13.748
0.305157 -9.304 -9.285 -10.569 -12.145 -13.058 -13.64 -12.128 -12.315 -13.071 -13.653 -13.966 -14.107 -12.269 -13.288 -13.857 -14.055 -14.12 -13.392 -13.871 -14.069 -14.133 -14.173 -13.805 -13.569 -13.951 -14.018 -13.777 -13.393 -13.763
0.314387 -9.272 -9.218 -10.527 -12.12 -13.051 -13.646 -12.12 -12.293 -13.064 -13.66 -13.984 -14.134 -12.246 -13.286 -13.87 -14.076 -14.148 -13.393 -13.884 -14.09 -14.159 -14.203 -13.819 -13.574 -13.968 -14.054 -13.818 -13.438 -13.777
0.323895 -9.241 -9.148 -10.483 -12.094 -13.043 -13.652 -12.111 -12.27 -13.057 -13.666 -14.001 -14.16 -12.222 -13.283 -13.882 -14.097 -14.175 -13.392 -13.897 -14.111 -14.185 -14.232 -13.832 -13.579 -13.984 -14.09 -13.858 -13.482 -13.79
0.333691 -9.21 -9.076 -10.437 -12.066 -13.033 -13.656 -12.101 -12.246 -13.048 -13.671 -14.018 -14.185 -12.196 -13.279 -13.894 -14.117 -14.201 -13.391 -13.909 -14.132 -14.211 -14.261 -13.844 -13.583 -14.0 -14.125 -13.898 -13.526 -13.803
0.343783 -9.179 -9.002 -10.39 -12.037 -13.023 -13.66 -12.091 -12.22 -13.038 -13.676 -14.033 -14.21 -12.169 -13.274 -13.904 -14.137 -14.227 -13.389 -13.92 -14.152 -14.236 -14.289 -13.856 -13.586 -14.015 -14.16 -13.938 -13.569 -13.815
0.354181 -9.149 -8.926 -10.342 -12.006 -13.011 -13.663 -12.08 -12.193 -13.026 -13.679 -14.048 -14.234 -12.14 -13.268 -13.914 -14.155 -14.252 -13.385 -13.93 -14.171 -14.26 -14.317 -13.867 -13.588 -14.029 -14.194 -13.978 -13.613 -13.826
0.364893 -9.121 -8.848 -10.292 -11.974 -12.998 -13.664 -12.067 -12.164 -13.014 -13.681 -14.062 -14.257 -12.11 -13.261 -13.923 -14.173 -14.277 -13.381 -13.939 -14.189 -14.284 -14.344 -13.877 -13.589 -14.043 -14.229 -14.017 -13.656 -13.837
0.375929 -9.092 -8.768 -10.24 -11.94 -12.983 -13.665 -12.054 -12.133 -13.0 -13.682 -14.076 -14.28 -12.078 -13.252 -13.931 -14.19 -14.301 -13.375 -13.948 -14.206 -14.307 -14.371 -13.886 -13.589 -14.055 -14.262 -14.056 -13.699 -13.847
0.387298 -9.065 -8.685 -10.186 -11.904 -12.967 -13.664 -12.04 -12.101 -12.985 -13.682 -14.088 -14.303 -12.044 -13.242 -13.938 -14.207 -14.324 -13.369 -13.955 -14.223 -14.329 -14.397 -13.894 -13.588 -14.067 -14.295 -14.094 -13.742 -13.856
0.399012 -9.039 -8.599 -10.131 -11.867 -12.95 -13.662 -12.024 -12.067 -12.968 -13.681 -14.1 -14.324 -12.009 -13.231 -13.944 -14.222 -14.347 -13.361 -13.961 -14.239 -14.351 -14.422 -13.902 -13.586 -14.078 -14.328 -14.132 -13.784 -13.864
0.41108 -9.014 -8.511 -10.075 -11.828 -12.931 -13.659 -12.008 -12.031 -12.95 -13.679 -14.11 -14.345 -11.972 -13.219 -13.949 -14.237 -14.369 -13.351 -13.967 -14.254 -14.372 -14.447 -13.908 -13.583 -14.088 -14.36 -14.17 -13.826 -13.871
0.423513 -8.99 -8.421 -10.016 -11.787 -12.911 -13.655 -11.99 -11.994 -12.93 -13.675 -14.12 -14.365 -11.933 -13.205 -13.953 -14.251 -14.39 -13.341 -13.971 -14.268 -14.392 -14.471 -13.914 -13.578 -14.097 -14.392 -14.207 -13.868 -13.878
0.436321 -8.967 -8.328 -9.956 -11.743 -12.889 -13.649 -11.972 -11.955 -12.909 -13.671 -14.129 -14.384 -11.892 -13.19 -13.955 -14.264 -14.411 -13.329 -13.974 -14.282 -14.411 -14.495 -13.918 -13.573 -14.105 -14.423 -14.244 -13.91 -13.883
0.449518 -8.945 -8.232 -9.893 -11.698 -12.865 -13.642 -11.952 -11.913 -12.887 -13.665 -14.137 -14.403 -11.848 -13.173 -13.957 -14.276 -14.43 -13.316 -13.977 -14.294 -14.43 -14.518 -13.922 -13.566 -14.111 -14.454 -14.281 -13.951 -13.888
0.463113 -8.925 -8.133 -9.829 -11.651 -12.84 -13.634 -11.931 -11.87 -12.862 -13.657 -14.143 -14.421 -11.803 -13.155 -13.957 -14.287 -14.449 -13.301 -13.978 -14.305 -14.448 -14.54 -13.924 -13.557 -14.117 -14.484 -14.317 -13.992 -13.892
0.47712 -8.905 -8.031 -9.763 -11.601 -12.813 -13.625 -11.908 -11.824 -12.836 -13.648 -14.149 -14.437 -11.756 -13.135 -13.956 -14.297 -14.467 -13.285 -13.977 -14.316 -14.465 -14.561 -13.926 -13.548 -14.122 -14.514 -14.353 -14.032 -13.895
0.49155 -8.887 -7.926 -9.694 -11.55 -12.784 -13.613 -11.884 -11.777 -12.808 -13.638 -14.153 -14.453 -11.706 -13.113 -13.954 -14.306 -14.484 -13.267 -13.976 -14.325 -14.481 -14.581 -13.926 -13.536 -14.126 -14.543 -14.388 -14.072 -13.896
0.506416 -8.871 -7.818 -9.624 -11.495 -12.753 -13.601 -11.859 -11.727 -12.778 -13.626 -14.157 -14.468 -11.655 -13.09 -13.95 -14.313 -14.501 -13.248 -13.973 -14.333 -14.496 -14.601 -13.925 -13.524 -14.128 -14.571 -14.423 -14.112 -13.897
0.521733 -8.855 -7.707 -9.551 -11.439 -12.721 -13.586 -11.832 -11.674 -12.746 -13.613 -14.159 -14.482 -11.6 -13.065 -13.945 -14.32 -14.516 -13.227 -13.969 -14.34 -14.51 -14.619 -13.923 -13.51 -14.129 -14.598 -14.457 -14.151 -13.896
0.537512 -8.841 -7.592 -9.476 -11.379 -12.686 -13.57 -11.804 -11.619 -12.712 -13.598 -14.159 -14.495 -11.543 -13.037 -13.939 -14.325 -14.53 -13.204 -13.963 -14.346 -14.523 -14.637 -13.919 -13.494 -14.129 -14.625 -14.49 -14.19 -13.895
