web/models/kne.last_good/kappa_0.5_3.0.v1/17/villar_0.0079_0.4060_3.0000.dat
# %ECSV 1.0
# ---
# datatype:
# - {name: time, datatype: float64}
# - {name: swift_uvot_uvw2, datatype: float64}
# - {name: swift_uvot_uvm2, datatype: float64}
# - {name: swift_uvot_uvw1, datatype: float64}
# - {name: swift_uvot_U, datatype: float64}
# - {name: swift_uvot_B, datatype: float64}
# - {name: swift_uvot_V, datatype: float64}
# - {name: swift_uvot_W, datatype: float64}
# - {name: johnson_U, datatype: float64}
# - {name: johnson_B, datatype: float64}
# - {name: johnson_V, datatype: float64}
# - {name: johnson_R, datatype: float64}
# - {name: johnson_I, datatype: float64}
# - {name: sdss_u, datatype: float64}
# - {name: sdss_g, datatype: float64}
# - {name: sdss_r, datatype: float64}
# - {name: sdss_i, datatype: float64}
# - {name: sdss_z, datatype: float64}
# - {name: PS1_g, datatype: float64}
# - {name: PS1_r, datatype: float64}
# - {name: PS1_i, datatype: float64}
# - {name: PS1_z, datatype: float64}
# - {name: PS1_Y, datatype: float64}
# - {name: PS1_w, datatype: float64}
# - {name: ATLAS_c, datatype: float64}
# - {name: ATLAS_o, datatype: float64}
# - {name: ukirt_J, datatype: float64}
# - {name: ukirt_H, datatype: float64}
# - {name: ukirt_K, datatype: float64}
# - {name: Clear, datatype: float64}
# meta: !!omap
# - comment: [kappa = 3.0, type = villar, mass = 0.00793700525986525, velocity = 0.406, theta_obs = 0.0]
# schema: astropy-2.0
time swift_uvot_uvw2 swift_uvot_uvm2 swift_uvot_uvw1 swift_uvot_U swift_uvot_B swift_uvot_V swift_uvot_W johnson_U johnson_B johnson_V johnson_R johnson_I sdss_u sdss_g sdss_r sdss_i sdss_z PS1_g PS1_r PS1_i PS1_z PS1_Y PS1_w ATLAS_c ATLAS_o ukirt_J ukirt_H ukirt_K Clear
[from data line 215]
0.605549 -8.389 -6.65 -8.718 -10.685 -12.104 -13.074 -11.257 -10.945 -12.135 -13.107 -13.741 -14.133 -10.859 -12.491 -13.487 -13.928 -14.174 -12.68 -13.515 -13.952 -14.161 -14.298 -13.482 -13.0 -13.707 -14.328 -14.224 -13.95 -13.469
0.623863 -8.377 -6.506 -8.621 -10.603 -12.05 -13.043 -11.214 -10.868 -12.083 -13.077 -13.731 -14.137 -10.78 -12.447 -13.468 -13.923 -14.179 -12.642 -13.496 -13.947 -14.165 -14.308 -13.466 -12.97 -13.695 -14.348 -14.253 -13.985 -13.456
0.642731 -8.367 -6.358 -8.521 -10.517 -11.994 -13.009 -11.168 -10.787 -12.028 -13.045 -13.718 -14.139 -10.697 -12.401 -13.446 -13.916 -14.183 -12.601 -13.476 -13.94 -14.167 -14.316 -13.449 -12.937 -13.681 -14.367 -14.281 -14.019 -13.442
0.66217 -8.357 -6.205 -8.418 -10.427 -11.934 -12.973 -11.121 -10.702 -11.97 -13.01 -13.703 -14.14 -10.609 -12.351 -13.422 -13.906 -14.185 -12.558 -13.453 -13.932 -14.167 -14.323 -13.429 -12.901 -13.665 -14.385 -14.308 -14.053 -13.427
0.682197 -8.348 -6.047 -8.311 -10.332 -11.871 -12.934 -11.07 -10.613 -11.908 -12.972 -13.686 -14.138 -10.517 -12.298 -13.395 -13.895 -14.185 -12.512 -13.427 -13.921 -14.166 -14.328 -13.408 -12.863 -13.646 -14.402 -14.334 -14.086 -13.409
0.70283 -8.339 -5.886 -8.201 -10.233 -11.804 -12.891 -11.017 -10.519 -11.843 -12.931 -13.667 -14.135 -10.421 -12.241 -13.366 -13.882 -14.184 -12.462 -13.399 -13.908 -14.163 -14.331 -13.383 -12.822 -13.626 -14.418 -14.358 -14.118 -13.389
0.724086 -8.331 -5.719 -8.086 -10.129 -11.733 -12.846 -10.961 -10.421 -11.774 -12.887 -13.645 -14.13 -10.32 -12.181 -13.333 -13.866 -14.18 -12.41 -13.368 -13.893 -14.157 -14.333 -13.357 -12.778 -13.603 -14.432 -14.382 -14.15 -13.368
0.745986 -8.324 -5.549 -7.967 -10.02 -11.658 -12.797 -10.902 -10.318 -11.701 -12.84 -13.62 -14.123 -10.213 -12.117 -13.298 -13.847 -14.175 -12.355 -13.335 -13.876 -14.15 -14.333 -13.328 -12.731 -13.577 -14.445 -14.405 -14.18 -13.344
0.768548 -8.316 -5.375 -7.844 -9.905 -11.579 -12.744 -10.84 -10.21 -11.623 -12.789 -13.593 -14.114 -10.102 -12.049 -13.26 -13.827 -14.167 -12.296 -13.298 -13.856 -14.141 -14.331 -13.296 -12.68 -13.549 -14.456 -14.427 -14.21 -13.318
0.791792 -8.309 -5.197 -7.716 -9.785 -11.495 -12.688 -10.774 -10.096 -11.541 -12.735 -13.563 -14.102 -9.985 -11.977 -13.218 -13.803 -14.157 -12.233 -13.258 -13.833 -14.129 -14.327 -13.261 -12.626 -13.517 -14.466 -14.447 -14.239 -13.289
0.815739 -8.301 -5.017 -7.584 -9.659 -11.406 -12.628 -10.705 -9.976 -11.455 -12.676 -13.53 -14.088 -9.861 -11.901 -13.173 -13.776 -14.145 -12.167 -13.215 -13.807 -14.114 -14.32 -13.223 -12.568 -13.483 -14.474 -14.466 -14.267 -13.258
0.840411 -8.294 -4.835 -7.447 -9.526 -11.312 -12.563 -10.632 -9.85 -11.363 -12.614 -13.494 -14.071 -9.732 -11.82 -13.124 -13.747 -14.13 -12.097 -13.168 -13.779 -14.098 -14.312 -13.182 -12.506 -13.445 -14.48 -14.484 -14.294 -13.225
0.865828 -8.285 -4.652 -7.304 -9.386 -11.212 -12.494 -10.555 -9.717 -11.266 -12.547 -13.455 -14.052 -9.595 -11.733 -13.072 -13.714 -14.112 -12.023 -13.118 -13.747 -14.078 -14.301 -13.137 -12.44 -13.404 -14.484 -14.5 -14.319 -13.188
0.892015 -8.277 -4.47 -7.156 -9.239 -11.107 -12.42 -10.474 -9.578 -11.163 -12.475 -13.411 -14.029 -9.452 -11.642 -13.015 -13.678 -14.092 -11.945 -13.063 -13.712 -14.055 -14.287 -13.089 -12.369 -13.359 -14.486 -14.515 -14.344 -13.149
0.918993 -8.267 -4.289 -7.002 -9.085 -10.995 -12.341 -10.388 -9.43 -11.054 -12.399 -13.364 -14.004 -9.3 -11.544 -12.953 -13.638 -14.068 -11.862 -13.005 -13.673 -14.029 -14.271 -13.037 -12.293 -13.31 -14.486 -14.528 -14.367 -13.107
0.946787 -8.257 -4.113 -6.842 -8.922 -10.877 -12.257 -10.298 -9.275 -10.938 -12.317 -13.313 -13.975 -9.141 -11.441 -12.887 -13.594 -14.041 -11.775 -12.941 -13.631 -14.0 -14.251 -12.98 -12.213 -13.257 -14.484 -14.539 -14.389 -13.061
0.975422 -8.245 -3.944 -6.676 -8.75 -10.751 -12.166 -10.203 -9.112 -10.816 -12.229 -13.257 -13.943 -8.973 -11.331 -12.816 -13.545 -14.01 -11.682 -12.873 -13.584 -13.967 -14.229 -12.92 -12.126 -13.2 -14.479 -14.548 -14.409 -13.012
1.004923 -8.232 -3.783 -6.502 -8.569 -10.618 -12.07 -10.102 -8.939 -10.687 -12.136 -13.197 -13.907 -8.795 -11.215 -12.739 -13.493 -13.976 -11.585 -12.8 -13.533 -13.93 -14.203 -12.854 -12.034 -13.137 -14.471 -14.555 -14.428 -12.959
1.035317 -8.218 -3.632 -6.322 -8.378 -10.477 -11.967 -9.996 -8.757 -10.549 -12.036 -13.132 -13.866 -8.608 -11.091 -12.656 -13.435 -13.938 -11.483 -12.721 -13.477 -13.89 -14.173 -12.784 -11.936 -13.07 -14.461 -14.56 -14.446 -12.903
1.066629 -8.202 -3.493 -6.134 -8.176 -10.328 -11.856 -9.883 -8.564 -10.403 -11.929 -13.061 -13.822 -8.41 -10.959 -12.567 -13.373 -13.895 -11.375 -12.637 -13.416 -13.844 -14.14 -12.708 -11.831 -12.997 -14.447 -14.563 -14.461 -12.843
1.098888 -8.184 -3.368 -5.937 -7.963 -10.169 -11.739 -9.765 -8.36 -10.249 -11.814 -12.985 -13.773 -8.201 -10.818 -12.472 -13.304 -13.848 -11.262 -12.546 -13.35 -13.794 -14.102 -12.626 -11.719 -12.919 -14.43 -14.563 -14.475 -12.779
1.132124 -8.165 -3.256 -5.732 -7.738 -10.0 -11.612 -9.639 -8.145 -10.084 -11.692 -12.902 -13.719 -7.979 -10.669 -12.369 -13.23 -13.796 -11.144 -12.449 -13.278 -13.739 -14.061 -12.539 -11.6 -12.834 -14.41 -14.561 -14.487 -12.71
1.166364 -8.143 -3.158 -5.518 -7.499 -9.821 -11.478 -9.507 -7.917 -9.91 -11.561 -12.813 -13.659 -7.745 -10.51 -12.259 -13.15 -13.739 -11.019 -12.345 -13.2 -13.679 -14.014 -12.444 -11.472 -12.743 -14.386 -14.555 -14.496 -12.637
1.20164 -8.118 -3.072 -5.293 -7.247 -9.63 -11.333 -9.366 -7.674 -9.724 -11.421 -12.717 -13.594 -7.496 -10.341 -12.141 -13.063 -13.676 -10.89 -12.234 -13.115 -13.613 -13.962 -12.343 -11.336 -12.644 -14.358 -14.547 -14.503 -12.559
1.237983 -8.091 -2.997 -5.058 -6.979 -9.427 -11.179 -9.218 -7.418 -9.527 -11.271 -12.613 -13.523 -7.232 -10.16 -12.014 -12.968 -13.606 -10.755 -12.114 -13.023 -13.54 -13.905 -12.234 -11.19 -12.538 -14.325 -14.535 -14.508 -12.476
1.275425 -8.06 -2.93 -4.812 -6.694 -9.211 -11.013 -9.061 -7.145 -9.317 -11.111 -12.502 -13.445 -6.952 -9.968 -11.877 -12.865 -13.53 -10.615 -11.986 -12.924 -13.461 -13.842 -12.117 -11.034 -12.423 -14.288 -14.52 -14.51 -12.388
1.313999 -8.027 -2.87 -4.553 -6.392 -8.981 -10.836 -8.895 -6.855 -9.093 -10.939 -12.381 -13.36 -6.655 -9.762 -11.73 -12.754 -13.447 -10.47 -11.849 -12.816 -13.375 -13.773 -11.991 -10.867 -12.3 -14.245 -14.501 -14.51 -12.295
1.35374 -7.99 -2.813 -4.281 -6.071 -8.735 -10.646 -8.72 -6.547 -8.854 -10.755 -12.251 -13.267 -6.338 -9.542 -11.571 -12.634 -13.356 -10.321 -11.703 -12.7 -13.28 -13.697 -11.856 -10.688 -12.166 -14.198 -14.477 -14.506 -12.196
1.394683 -7.949 -2.758 -3.995 -5.729 -8.473 -10.443 -8.535 -6.219 -8.599 -10.557 -12.111 -13.166 -6.001 -9.308 -11.401 -12.504 -13.257 -10.168 -11.546 -12.574 -13.178 -13.614 -11.71 -10.497 -12.023 -14.144 -14.449 -14.499 -12.091
1.436864 -7.904 -2.704 -3.693 -5.365 -8.192 -10.224 -8.339 -5.869 -8.327 -10.346 -11.959 -13.056 -5.642 -9.057 -11.218 -12.362 -13.149 -10.013 -11.379 -12.437 -13.066 -13.523 -11.553 -10.292 -11.868 -14.083 -14.417 -14.488 -11.98
1.480321 -7.855 -2.649 -3.374 -4.977 -7.892 -9.989 -8.132 -5.496 -8.037 -10.118 -11.796 -12.936 -5.258 -8.788 -11.02 -12.21 -13.031 -9.855 -11.201 -12.29 -12.944 -13.424 -11.385 -10.072 -11.701 -14.016 -14.378 -14.473 -11.864
1.525092 -7.801 -2.59 -3.037 -4.562 -7.571 -9.736 -7.914 -5.097 -7.726 -9.874 -11.62 -12.806 -4.849 -8.499 -10.807 -12.044 -12.902 -9.697 -11.011 -12.131 -12.811 -13.315 -11.203 -9.836 -11.521 -13.941 -14.334 -14.454 -11.741
1.571218 -7.741 -2.529 -2.68 -4.119 -7.227 -9.464 -7.684 -4.67 -7.393 -9.611 -11.43 -12.664 -4.411 -8.19 -10.578 -11.864 -12.762 -9.539 -10.809 -11.959 -12.667 -13.197 -11.007 -9.582 -11.326 -13.857 -14.284 -14.43 -11.611
1.618738 -7.676 -2.462 -2.301 -3.645 -6.858 -9.172 -7.443 -4.213 -7.036 -9.328 -11.224 -12.509 -3.942 -7.858 -10.33 -11.669 -12.609 -9.382 -10.595 -11.773 -12.51 -13.068 -10.796 -9.31 -11.116 -13.764 -14.227 -14.401 -11.476
1.667696 -7.605 -2.39 -1.899 -3.136 -6.461 -8.856 -7.19 -3.724 -6.653 -9.023 -11.002 -12.341 -3.439 -7.501 -10.062 -11.458 -12.442 -9.227 -10.369 -11.573 -12.34 -12.927 -10.568 -9.017 -10.889 -13.662 -14.162 -14.367 -11.334
1.718134 -7.527 -2.312 -1.471 -2.591 -6.035 -8.516 -6.926 -3.198 -6.241 -8.695 -10.761 -12.158 -2.899 -7.117 -9.773 -11.228 -12.26 -9.075 -10.13 -11.356 -12.155 -12.775 -10.322 -8.701 -10.643 -13.548 -14.089 -14.327 -11.185
1.770098 -7.442 -2.227 -1.015 -2.004 -5.576 -8.148 -6.651 -2.633 -5.799 -8.34 -10.501 -11.959 -2.319 -6.704 -9.46 -10.979 -12.061 -8.925 -9.879 -11.122 -11.953 -12.609 -10.056 -8.36 -10.378 -13.423 -14.007 -14.28 -11.031
1.823633 -7.349 -2.134 -0.527 -1.374 -5.081 -7.75 -6.368 -2.024 -5.322 -7.957 -10.219 -11.742 -1.694 -6.257 -9.12 -10.708 -11.844 -8.778 -9.618 -10.87 -11.734 -12.428 -9.768 -7.992 -10.09 -13.284 -13.915 -14.225 -10.87
1.878788 -7.248 -2.032 -0.006 -0.694 -4.546 -7.319 -6.079 -1.369 -4.809 -7.542 -9.914 -11.505 -1.021 -5.775 -8.753 -10.413 -11.607 -8.633 -9.349 -10.599 -11.497 -12.233 -9.456 -7.594 -9.777 -13.131 -13.812 -14.163 -10.703
1.93561 -7.137 -1.922 0.553 0.04 -3.969 -6.852 -5.786 -0.66 -4.254 -7.093 -9.582 -11.247 -0.294 -5.253 -8.353 -10.092 -11.349 -8.487 -9.072 -10.308 -11.239 -12.021 -9.118 -7.164 -9.438 -12.962 -13.697 -14.092 -10.529
1.994152 -7.016 -1.801 1.153 0.834 -3.344 -6.345 -5.492 0.105 -3.655 -6.607 -9.222 -10.966 0.492 -4.688 -7.919 -9.742 -11.066 -8.34 -8.792 -9.996 -10.959 -11.792 -8.751 -6.697 -9.07 -12.775 -13.569 -14.011 -10.35
2.054463 -6.884 -1.669 1.798 1.693 -2.665 -5.794 -5.201 0.935 -3.006 -6.078 -8.831 -10.658 1.344 -4.075 -7.446 -9.359 -10.756 -8.188 -8.512 -9.664 -10.655 -11.544 -8.351 -6.191 -8.669 -12.569 -13.426 -13.919 -10.164
2.116599 -6.74 -1.524 2.493 2.625 -1.929 -5.193 -4.915 1.835 -2.303 -5.504 -8.404 -10.322 2.269 -3.409 -6.931 -8.941 -10.416 -8.03 -8.234 -9.311 -10.327 -11.277 -7.917 -5.641 -8.232 -12.341 -13.266 -13.815 -9.971
2.180614 -6.582 -1.366 3.243 3.638 -1.127 -4.538 -4.637 2.814 -1.539 -4.878 -7.939 -9.955 3.273 -2.683 -6.368 -8.484 -10.044 -7.862 -7.961 -8.94 -9.973 -10.991 -7.442 -5.041 -7.756 -12.089 -13.089 -13.698 -9.77
2.246566 -6.409 -1.193 4.055 4.742 -0.254 -3.822 -4.367 3.88 -0.708 -4.196 -7.432 -9.552 4.368 -1.892 -5.752 -7.982 -9.635 -7.683 -7.693 -8.552 -9.592 -10.685 -6.924 -4.387 -7.235 -11.81 -12.891 -13.566 -9.56
2.314511 -6.219 -1.004 4.935 5.946 0.7 -3.039 -4.103 5.044 0.198 -3.45 -6.877 -9.11 5.562 -1.028 -5.078 -7.432 -9.185 -7.49 -7.43 -8.154 -9.185 -10.359 -6.358 -3.673 -6.666 -11.501 -12.67 -13.417 -9.34
2.384512 -6.011 -0.796 5.89 7.263 1.744 -2.179 -3.84 6.316 1.187 -2.635 -6.27 -8.624 6.868 -0.082 -4.338 -6.827 -8.689 -7.279 -7.167 -7.749 -8.753 -10.014 -5.736 -2.89 -6.041 -11.158 -12.424 -13.249 -9.107
2.45663 -5.783 -0.567 6.931 8.706 2.889 -1.235 -3.573 7.711 2.269 -1.741 -5.604 -8.091 8.3 0.956 -3.525 -6.16 -8.142 -7.05 -6.901 -7.345 -8.299 -9.651 -5.054 -2.031 -5.355 -10.778 -12.149 -13.061 -8.858
2.530929 -5.627 -0.411 7.111 8.899 3.073 -1.057 -3.416 7.902 2.451 -1.565 -5.435 -7.925 8.492 1.137 -3.351 -5.99 -7.976 -6.893 -6.744 -7.184 -8.136 -9.491 -4.884 -1.856 -5.185 -10.617 -11.991 -12.905 -8.701
2.607475 -5.463 -0.247 7.275 9.062 3.236 -0.894 -3.253 8.066 2.614 -1.402 -5.271 -7.762 8.656 1.3 -3.187 -5.827 -7.813 -6.73 -6.58 -7.02 -7.973 -9.327 -4.72 -1.693 -5.022 -10.453 -11.828 -12.742 -8.538
2.686337 -5.289 -0.074 7.449 9.236 3.41 -0.72 -3.079 8.24 2.788 -1.228 -5.097 -7.588 8.829 1.474 -3.014 -5.653 -7.639 -6.556 -6.406 -6.846 -7.799 -9.153 -4.547 -1.519 -4.848 -10.28 -11.654 -12.568 -8.364
2.767583 -5.105 0.111 7.633 9.42 3.594 -0.535 -2.894 8.424 2.973 -1.043 -4.913 -7.403 9.014 1.659 -2.829 -5.468 -7.455 -6.371 -6.222 -6.662 -7.615 -8.969 -4.362 -1.334 -4.663 -10.095 -11.469 -12.384 -8.18
2.851287 -4.909 0.307 7.829 9.617 3.791 -0.339 -2.698 8.62 3.169 -0.847 -4.717 -7.207 9.21 1.855 -2.633 -5.272 -7.258 -6.175 -6.026 -6.466 -7.418 -8.773 -4.166 -1.138 -4.467 -9.899 -11.273 -12.187 -7.983
2.937522 -4.7 0.515 8.038 9.825 3.999 -0.131 -2.49 8.829 3.377 -0.639 -4.508 -6.999 9.419 2.063 -2.424 -5.064 -7.05 -5.967 -5.817 -6.257 -7.21 -8.564 -3.958 -0.93 -4.259 -9.691 -11.065 -11.979 -7.775
3.026365 -4.479 0.737 8.259 10.046 4.22 0.09 -2.268 9.05 3.598 -0.418 -4.287 -6.778 9.64 2.284 -2.203 -4.843 -6.829 -5.746 -5.596 -6.036 -6.989 -8.343 -3.736 -0.709 -4.038 -9.469 -10.843 -11.758 -7.554
3.117896 -4.244 0.972 8.494 10.281 4.455 0.325 -2.033 9.285 3.833 -0.183 -4.052 -6.543 9.875 2.519 -1.968 -4.608 -6.594 -5.511 -5.361 -5.801 -6.754 -8.108 -3.501 -0.474 -3.803 -9.234 -10.608 -11.523 -7.319
3.212194 -3.995 1.221 8.743 10.531 4.705 0.575 -1.784 9.534 4.083 0.067 -3.803 -6.293 10.124 2.769 -1.719 -4.358 -6.344 -5.261 -5.112 -5.552 -6.504 -7.859 -3.252 -0.224 -3.553 -8.985 -10.359 -11.273 -7.069
3.309345 -3.73 1.486 9.008 10.795 4.969 0.84 -1.519 9.799 4.348 0.332 -3.538 -6.028 10.389 3.034 -1.454 -4.093 -6.079 -4.996 -4.847 -5.287 -6.239 -7.594 -2.987 0.041 -3.288 -8.72 -10.094 -11.008 -6.805
3.409434 -3.448 1.767 9.29 11.077 5.251 1.121 -1.238 10.081 4.629 0.613 -3.257 -5.747 10.67 3.315 -1.173 -3.812 -5.798 -4.715 -4.566 -5.006 -5.958 -7.312 -2.706 0.322 -3.007 -8.439 -9.813 -10.727 -6.523
3.51255 -3.15 2.066 9.588 11.375 5.549 1.42 -0.939 10.379 4.927 0.911 -2.958 -5.449 10.969 3.613 -0.874 -3.513 -5.5 -4.417 -4.267 -4.707 -5.66 -7.014 -2.407 0.62 -2.709 -8.14 -9.514 -10.429 -6.225
3.618785 -2.833 2.383 9.905 11.692 5.866 1.736 -0.623 10.696 5.244 1.228 -2.641 -5.132 11.286 3.93 -0.557 -3.197 -5.183 -4.1 -3.95 -4.39 -5.343 -6.697 -2.09 0.937 -2.392 -7.823 -9.197 -10.112 -5.908
3.728232 -2.497 2.719 10.241 12.028 6.202 2.073 -0.286 11.032 5.581 1.565 -2.305 -4.795 11.622 4.267 -0.221 -2.86 -4.846 -3.763 -3.614 -4.054 -5.006 -6.361 -1.754 1.274 -2.055 -7.487 -8.861 -9.775 -5.572
3.84099 -2.14 3.076 10.598 12.386 6.56 2.43 0.071 11.389 5.938 1.922 -1.948 -4.438 11.979 4.624 0.136 -2.503 -4.489 -3.406 -3.257 -3.697 -4.649 -6.004 -1.397 1.631 -1.698 -7.13 -8.504 -9.418 -5.215
3.957158 -1.761 3.455 10.977 12.765 6.939 2.809 0.45 11.768 6.317 2.301 -1.569 -4.059 12.358 5.003 0.515 -2.124 -4.11 -3.027 -2.878 -3.318 -4.27 -5.625 -1.018 2.01 -1.319 -6.751 -8.125 -9.039 -4.836
4.07684 -1.358 3.857 11.38 13.167 7.341 3.211 0.852 12.171 6.719 2.703 -1.166 -3.657 12.76 5.405 0.917 -1.722 -3.708 -2.625 -2.475 -2.915 -3.868 -5.222 -0.616 2.412 -0.917 -6.349 -7.723 -8.637 -4.433
4.200141 -0.931 4.284 11.807 13.594 7.768 3.638 1.279 12.598 7.146 3.13 -0.739 -3.23 13.187 5.832 1.344 -1.295 -3.281 -2.198 -2.048 -2.488 -3.441 -4.795 -0.189 2.839 -0.49 -5.922 -7.296 -8.21 -4.006
4.327172 -0.478 4.738 12.26 14.047 8.221 4.091 1.732 13.051 7.599 3.583 -0.286 -2.777 13.641 6.285 1.798 -0.842 -2.828 -1.745 -1.595 -2.035 -2.988 -4.342 0.265 3.292 -0.037 -5.468 -6.843 -7.757 -3.553
4.458044 0.003 5.219 12.741 14.528 8.702 4.572 2.214 13.532 8.08 4.064 0.195 -2.296 14.122 6.766 2.279 -0.361 -2.347 -1.264 -1.114 -1.554 -2.507 -3.861 0.746 3.773 0.444 -4.987 -6.361 -7.276 -3.072
4.592874 0.514 5.729 13.252 15.039 9.213 5.083 2.724 14.043 8.591 4.575 0.705 -1.785 14.632 7.277 2.789 0.15 -1.836 -0.753 -0.604 -1.044 -1.996 -3.35 1.256 4.284 0.955 -4.477 -5.851 -6.765 -2.561
4.731783 1.056 6.271 13.794 15.581 9.755 5.625 3.266 14.585 9.133 5.117 1.247 -1.243 15.174 7.819 3.331 0.692 -1.294 -0.211 -0.062 -0.502 -1.454 -2.808 1.798 4.826 1.497 -3.935 -5.309 -6.223 -2.019
4.874892 1.631 6.846 14.369 16.156 10.33 6.2 3.841 15.16 9.708 5.692 1.823 -0.668 15.75 8.394 3.907 1.267 -0.719 0.364 0.514 0.074 -0.879 -2.233 2.373 5.401 2.072 -3.36 -4.734 -5.648 -1.444
5.02233 2.241 7.457 14.979 16.766 10.94 6.811 4.452 15.77 10.319 6.303 2.433 -0.057 16.36 9.005 4.517 1.878 -0.108 0.975 1.124 0.684 -0.268 -1.623 2.984 6.012 2.683 -2.749 -4.123 -5.037 -0.834
