web/models/kne.last_good/kappa_0.5_3.0.v1/17/villar_0.0416_0.4373_0.5000.dat
# %ECSV 1.0
# ---
# datatype:
# - {name: time, datatype: float64}
# - {name: swift_uvot_uvw2, datatype: float64}
# - {name: swift_uvot_uvm2, datatype: float64}
# - {name: swift_uvot_uvw1, datatype: float64}
# - {name: swift_uvot_U, datatype: float64}
# - {name: swift_uvot_B, datatype: float64}
# - {name: swift_uvot_V, datatype: float64}
# - {name: swift_uvot_W, datatype: float64}
# - {name: johnson_U, datatype: float64}
# - {name: johnson_B, datatype: float64}
# - {name: johnson_V, datatype: float64}
# - {name: johnson_R, datatype: float64}
# - {name: johnson_I, datatype: float64}
# - {name: sdss_u, datatype: float64}
# - {name: sdss_g, datatype: float64}
# - {name: sdss_r, datatype: float64}
# - {name: sdss_i, datatype: float64}
# - {name: sdss_z, datatype: float64}
# - {name: PS1_g, datatype: float64}
# - {name: PS1_r, datatype: float64}
# - {name: PS1_i, datatype: float64}
# - {name: PS1_z, datatype: float64}
# - {name: PS1_Y, datatype: float64}
# - {name: PS1_w, datatype: float64}
# - {name: ATLAS_c, datatype: float64}
# - {name: ATLAS_o, datatype: float64}
# - {name: ukirt_J, datatype: float64}
# - {name: ukirt_H, datatype: float64}
# - {name: ukirt_K, datatype: float64}
# - {name: Clear, datatype: float64}
# meta: !!omap
# - comment: [kappa = 0.5, type = villar, mass = 0.04162766037032262, velocity = 0.43733333333333335, theta_obs = 0.0]
# schema: astropy-2.0
time swift_uvot_uvw2 swift_uvot_uvm2 swift_uvot_uvw1 swift_uvot_U swift_uvot_B swift_uvot_V swift_uvot_W johnson_U johnson_B johnson_V johnson_R johnson_I sdss_u sdss_g sdss_r sdss_i sdss_z PS1_g PS1_r PS1_i PS1_z PS1_Y PS1_w ATLAS_c ATLAS_o ukirt_J ukirt_H ukirt_K Clear
[from data line 211]
0.537512 -12.163 -12.501 -13.397 -14.637 -15.259 -15.617 -14.389 -14.756 -15.265 -15.622 -15.76 -15.76 -14.728 -15.402 -15.725 -15.788 -15.755 -15.467 -15.735 -15.798 -15.783 -15.774 -15.67 -15.562 -15.755 -15.514 -15.2 -14.758 -15.633
0.553769 -12.107 -12.435 -13.352 -14.614 -15.254 -15.624 -14.377 -14.736 -15.259 -15.63 -15.778 -15.786 -14.707 -15.401 -15.739 -15.81 -15.782 -15.469 -15.749 -15.82 -15.809 -15.803 -15.683 -15.568 -15.772 -15.549 -15.239 -14.8 -15.646
0.570517 -12.05 -12.366 -13.305 -14.589 -15.246 -15.63 -14.363 -14.714 -15.252 -15.636 -15.794 -15.811 -14.684 -15.398 -15.751 -15.83 -15.809 -15.468 -15.761 -15.841 -15.834 -15.831 -15.695 -15.572 -15.788 -15.583 -15.278 -14.842 -15.657
0.587772 -11.99 -12.293 -13.255 -14.561 -15.236 -15.634 -14.348 -14.689 -15.243 -15.641 -15.81 -15.835 -14.659 -15.394 -15.762 -15.849 -15.834 -15.466 -15.772 -15.86 -15.858 -15.858 -15.706 -15.576 -15.803 -15.617 -15.316 -14.884 -15.667
0.605549 -11.929 -12.216 -13.202 -14.531 -15.225 -15.637 -14.33 -14.662 -15.232 -15.644 -15.824 -15.858 -14.631 -15.388 -15.771 -15.867 -15.858 -15.463 -15.782 -15.878 -15.882 -15.884 -15.715 -15.577 -15.816 -15.65 -15.353 -14.925 -15.676
0.623863 -11.866 -12.135 -13.146 -14.498 -15.211 -15.638 -14.311 -14.633 -15.219 -15.645 -15.837 -15.88 -14.6 -15.38 -15.779 -15.884 -15.881 -15.457 -15.79 -15.895 -15.904 -15.91 -15.723 -15.577 -15.828 -15.682 -15.39 -14.966 -15.684
0.642731 -11.8 -12.05 -13.087 -14.463 -15.195 -15.637 -14.29 -14.601 -15.203 -15.645 -15.848 -15.901 -14.566 -15.37 -15.786 -15.9 -15.903 -15.449 -15.797 -15.911 -15.925 -15.934 -15.73 -15.575 -15.839 -15.714 -15.427 -15.006 -15.689
0.66217 -11.733 -11.961 -13.025 -14.424 -15.176 -15.634 -14.267 -14.565 -15.185 -15.643 -15.858 -15.92 -14.53 -15.357 -15.791 -15.914 -15.924 -15.439 -15.802 -15.925 -15.945 -15.957 -15.735 -15.57 -15.848 -15.744 -15.462 -15.046 -15.694
0.682197 -11.663 -11.867 -12.958 -14.382 -15.155 -15.629 -14.241 -14.527 -15.164 -15.638 -15.866 -15.939 -14.49 -15.342 -15.793 -15.926 -15.944 -15.427 -15.805 -15.938 -15.963 -15.979 -15.738 -15.564 -15.856 -15.774 -15.497 -15.085 -15.696
0.70283 -11.592 -11.768 -12.888 -14.336 -15.131 -15.622 -14.214 -14.485 -15.141 -15.632 -15.873 -15.956 -14.447 -15.325 -15.794 -15.937 -15.962 -15.413 -15.806 -15.949 -15.98 -16.0 -15.739 -15.556 -15.861 -15.802 -15.531 -15.123 -15.697
0.724086 -11.518 -11.663 -12.814 -14.287 -15.105 -15.612 -14.183 -14.44 -15.115 -15.623 -15.877 -15.971 -14.401 -15.305 -15.793 -15.946 -15.979 -15.396 -15.805 -15.959 -15.996 -16.02 -15.738 -15.545 -15.865 -15.83 -15.564 -15.161 -15.696
0.745986 -11.443 -11.553 -12.736 -14.234 -15.075 -15.6 -14.15 -14.391 -15.086 -15.611 -15.88 -15.985 -14.35 -15.282 -15.79 -15.954 -15.994 -15.376 -15.803 -15.967 -16.01 -16.038 -15.735 -15.532 -15.867 -15.856 -15.597 -15.198 -15.693
0.768548 -11.366 -11.437 -12.653 -14.177 -15.042 -15.586 -14.115 -14.339 -15.053 -15.598 -15.881 -15.998 -14.296 -15.256 -15.784 -15.959 -16.008 -15.354 -15.797 -15.973 -16.023 -16.055 -15.73 -15.516 -15.867 -15.882 -15.628 -15.235 -15.688
0.791792 -11.288 -11.315 -12.565 -14.116 -15.005 -15.568 -14.076 -14.282 -15.017 -15.581 -15.879 -16.008 -14.237 -15.227 -15.776 -15.963 -16.02 -15.328 -15.79 -15.976 -16.034 -16.07 -15.723 -15.498 -15.864 -15.906 -15.659 -15.27 -15.681
0.815739 -11.208 -11.186 -12.473 -14.05 -14.965 -15.548 -14.034 -14.22 -14.978 -15.561 -15.875 -16.017 -14.174 -15.195 -15.765 -15.964 -16.03 -15.299 -15.779 -15.978 -16.043 -16.083 -15.713 -15.476 -15.86 -15.928 -15.688 -15.305 -15.672
0.840411 -11.127 -11.05 -12.375 -13.979 -14.921 -15.524 -13.989 -14.154 -14.934 -15.538 -15.869 -16.024 -14.106 -15.158 -15.752 -15.963 -16.039 -15.267 -15.766 -15.978 -16.05 -16.095 -15.701 -15.452 -15.852 -15.95 -15.716 -15.339 -15.659
0.865828 -11.045 -10.906 -12.271 -13.902 -14.872 -15.497 -13.94 -14.082 -14.887 -15.512 -15.86 -16.028 -14.032 -15.118 -15.735 -15.96 -16.045 -15.231 -15.75 -15.975 -16.054 -16.105 -15.686 -15.424 -15.842 -15.97 -15.744 -15.372 -15.645
0.892015 -10.963 -10.755 -12.161 -13.82 -14.819 -15.466 -13.888 -14.006 -14.834 -15.482 -15.848 -16.031 -13.953 -15.074 -15.715 -15.954 -16.049 -15.191 -15.731 -15.969 -16.057 -16.113 -15.668 -15.392 -15.829 -15.988 -15.769 -15.404 -15.627
0.918993 -10.88 -10.594 -12.045 -13.732 -14.761 -15.431 -13.831 -13.923 -14.777 -15.449 -15.833 -16.031 -13.869 -15.026 -15.692 -15.945 -16.05 -15.147 -15.709 -15.961 -16.057 -16.118 -15.646 -15.357 -15.813 -16.005 -15.794 -15.434 -15.607
0.946787 -10.797 -10.425 -11.922 -13.638 -14.698 -15.392 -13.77 -13.834 -14.715 -15.411 -15.815 -16.028 -13.777 -14.972 -15.665 -15.933 -16.05 -15.098 -15.682 -15.949 -16.055 -16.122 -15.622 -15.317 -15.794 -16.019 -15.817 -15.464 -15.583
0.975422 -10.715 -10.246 -11.793 -13.537 -14.629 -15.349 -13.705 -13.738 -14.648 -15.368 -15.793 -16.023 -13.679 -14.914 -15.635 -15.918 -16.046 -15.045 -15.652 -15.935 -16.049 -16.123 -15.593 -15.273 -15.771 -16.032 -15.839 -15.493 -15.556
1.004923 -10.633 -10.056 -11.655 -13.428 -14.555 -15.301 -13.635 -13.636 -14.574 -15.321 -15.768 -16.014 -13.574 -14.85 -15.6 -15.899 -16.039 -14.986 -15.618 -15.917 -16.041 -16.121 -15.561 -15.224 -15.744 -16.043 -15.859 -15.52 -15.525
1.035317 -10.553 -9.855 -11.51 -13.311 -14.474 -15.247 -13.559 -13.525 -14.495 -15.269 -15.738 -16.002 -13.461 -14.78 -15.56 -15.877 -16.03 -14.922 -15.58 -15.895 -16.03 -16.116 -15.525 -15.171 -15.713 -16.051 -15.877 -15.546 -15.49
1.066629 -10.474 -9.642 -11.356 -13.186 -14.386 -15.188 -13.478 -13.407 -14.408 -15.212 -15.705 -15.987 -13.339 -14.704 -15.515 -15.85 -16.017 -14.852 -15.536 -15.869 -16.015 -16.108 -15.484 -15.111 -15.678 -16.057 -15.893 -15.57 -15.452
1.098888 -10.396 -9.417 -11.193 -13.051 -14.29 -15.123 -13.391 -13.279 -14.314 -15.148 -15.666 -15.969 -13.209 -14.621 -15.466 -15.82 -16.0 -14.776 -15.487 -15.839 -15.996 -16.097 -15.438 -15.046 -15.638 -16.061 -15.907 -15.593 -15.409
1.132124 -10.321 -9.178 -11.02 -12.907 -14.187 -15.052 -13.298 -13.142 -14.213 -15.078 -15.623 -15.946 -13.068 -14.531 -15.41 -15.784 -15.98 -14.693 -15.433 -15.804 -15.973 -16.083 -15.387 -14.975 -15.593 -16.061 -15.919 -15.614 -15.361
1.166364 -10.247 -8.925 -10.837 -12.752 -14.075 -14.973 -13.198 -12.994 -14.103 -15.001 -15.574 -15.919 -12.917 -14.433 -15.349 -15.744 -15.955 -14.603 -15.373 -15.765 -15.946 -16.064 -15.331 -14.897 -15.543 -16.059 -15.929 -15.633 -15.308
1.20164 -10.176 -8.657 -10.644 -12.585 -13.954 -14.887 -13.091 -12.836 -13.984 -14.917 -15.52 -15.887 -12.755 -14.326 -15.281 -15.698 -15.925 -14.505 -15.306 -15.72 -15.915 -16.042 -15.268 -14.811 -15.487 -16.053 -15.936 -15.65 -15.25
1.237983 -10.107 -8.373 -10.439 -12.406 -13.823 -14.792 -12.975 -12.665 -13.855 -14.825 -15.459 -15.85 -12.58 -14.21 -15.205 -15.646 -15.891 -14.398 -15.233 -15.669 -15.878 -16.015 -15.2 -14.718 -15.424 -16.044 -15.94 -15.665 -15.186
1.275425 -10.039 -8.073 -10.221 -12.213 -13.681 -14.689 -12.852 -12.481 -13.715 -14.724 -15.391 -15.808 -12.392 -14.084 -15.122 -15.587 -15.851 -14.283 -15.152 -15.612 -15.836 -15.983 -15.124 -14.616 -15.354 -16.031 -15.942 -15.678 -15.116
1.313999 -9.973 -7.756 -9.991 -12.006 -13.527 -14.576 -12.719 -12.283 -13.564 -14.614 -15.316 -15.76 -12.189 -13.948 -15.031 -15.522 -15.806 -14.158 -15.062 -15.548 -15.787 -15.946 -15.041 -14.505 -15.277 -16.014 -15.94 -15.688 -15.04
1.35374 -9.909 -7.422 -9.748 -11.783 -13.36 -14.453 -12.577 -12.07 -13.4 -14.493 -15.233 -15.705 -11.971 -13.8 -14.93 -15.45 -15.754 -14.023 -14.964 -15.476 -15.733 -15.903 -14.949 -14.384 -15.192 -15.992 -15.935 -15.696 -14.956
1.394683 -9.845 -7.072 -9.49 -11.542 -13.18 -14.318 -12.424 -11.84 -13.223 -14.361 -15.142 -15.644 -11.736 -13.639 -14.82 -15.369 -15.696 -13.876 -14.856 -15.397 -15.671 -15.854 -14.849 -14.253 -15.098 -15.966 -15.926 -15.701 -14.865
1.436864 -9.781 -6.708 -9.216 -11.283 -12.984 -14.171 -12.26 -11.592 -13.03 -14.218 -15.041 -15.575 -11.482 -13.464 -14.698 -15.279 -15.63 -13.718 -14.738 -15.308 -15.602 -15.798 -14.739 -14.109 -14.995 -15.934 -15.913 -15.703 -14.766
1.480321 -9.716 -6.333 -8.926 -11.003 -12.772 -14.011 -12.083 -11.324 -12.822 -14.06 -14.929 -15.498 -11.208 -13.274 -14.565 -15.179 -15.556 -13.547 -14.608 -15.211 -15.524 -15.735 -14.619 -13.953 -14.881 -15.896 -15.895 -15.701 -14.659
1.525092 -9.65 -5.953 -8.619 -10.701 -12.542 -13.835 -11.894 -11.035 -12.596 -13.889 -14.807 -15.411 -10.911 -13.068 -14.419 -15.069 -15.472 -13.363 -14.466 -15.102 -15.437 -15.663 -14.488 -13.782 -14.755 -15.852 -15.873 -15.696 -14.542
1.571218 -9.581 -5.577 -8.293 -10.375 -12.292 -13.644 -11.69 -10.722 -12.352 -13.702 -14.672 -15.315 -10.591 -12.844 -14.259 -14.947 -15.38 -13.164 -14.311 -14.982 -15.34 -15.583 -14.344 -13.597 -14.618 -15.802 -15.845 -15.686 -14.415
1.618738 -9.51 -5.215 -7.947 -10.022 -12.021 -13.435 -11.471 -10.383 -12.086 -13.497 -14.524 -15.208 -10.244 -12.6 -14.083 -14.812 -15.276 -12.951 -14.14 -14.85 -15.233 -15.494 -14.186 -13.394 -14.466 -15.743 -15.812 -15.673 -14.278
1.667696 -9.435 -4.881 -7.58 -9.639 -11.726 -13.206 -11.235 -10.016 -11.797 -13.274 -14.361 -15.089 -9.868 -12.335 -13.89 -14.663 -15.161 -12.721 -13.954 -14.704 -15.113 -15.394 -14.014 -13.174 -14.3 -15.676 -15.772 -15.654 -14.13
1.718134 -9.355 -4.585 -7.19 -9.224 -11.405 -12.955 -10.982 -9.617 -11.483 -13.029 -14.182 -14.958 -9.46 -12.046 -13.678 -14.498 -15.032 -12.476 -13.751 -14.543 -14.98 -15.282 -13.826 -12.934 -14.117 -15.6 -15.725 -15.631 -13.971
1.770098 -9.269 -4.335 -6.776 -8.774 -11.055 -12.681 -10.709 -9.184 -11.141 -12.762 -13.986 -14.811 -9.017 -11.73 -13.446 -14.317 -14.89 -12.216 -13.528 -14.365 -14.832 -15.157 -13.62 -12.671 -13.917 -15.514 -15.671 -15.601 -13.798
1.823633 -9.177 -4.127 -6.334 -8.285 -10.674 -12.381 -10.415 -8.714 -10.769 -12.47 -13.77 -14.649 -8.534 -11.387 -13.191 -14.116 -14.731 -11.94 -13.285 -14.168 -14.668 -15.019 -13.395 -12.384 -13.696 -15.416 -15.608 -15.565 -13.613
1.878788 -9.078 -3.953 -5.863 -7.752 -10.258 -12.052 -10.099 -8.201 -10.363 -12.149 -13.532 -14.47 -8.009 -11.011 -12.911 -13.894 -14.555 -11.649 -13.019 -13.952 -14.486 -14.865 -13.148 -12.071 -13.454 -15.307 -15.535 -15.523 -13.415
1.93561 -8.97 -3.801 -5.36 -7.171 -9.803 -11.691 -9.759 -7.642 -9.919 -11.797 -13.271 -14.271 -7.436 -10.6 -12.603 -13.65 -14.36 -11.348 -12.729 -13.713 -14.285 -14.694 -12.878 -11.728 -13.187 -15.183 -15.452 -15.472 -13.202
1.994152 -8.853 -3.659 -4.821 -6.537 -9.306 -11.294 -9.393 -7.031 -9.435 -11.411 -12.983 -14.051 -6.81 -10.149 -12.263 -13.379 -14.143 -11.038 -12.414 -13.45 -14.062 -14.505 -12.581 -11.353 -12.894 -15.043 -15.358 -15.413 -12.975
2.054463 -8.726 -3.52 -4.241 -5.843 -8.76 -10.857 -9.001 -6.362 -8.904 -10.987 -12.666 -13.806 -6.125 -9.656 -11.889 -13.079 -13.901 -10.725 -12.071 -13.16 -13.814 -14.295 -12.254 -10.941 -12.571 -14.887 -15.25 -15.345 -12.734
2.116599 -8.588 -3.376 -3.617 -5.083 -8.161 -10.376 -8.582 -5.629 -8.323 -10.52 -12.316 -13.535 -5.373 -9.113 -11.476 -12.747 -13.633 -10.414 -11.699 -12.84 -13.54 -14.061 -11.896 -10.488 -12.214 -14.711 -15.128 -15.266 -12.479
2.180614 -8.436 -3.222 -2.943 -4.249 -7.502 -9.845 -8.137 -4.824 -7.684 -10.005 -11.93 -13.235 -4.548 -8.517 -11.02 -12.379 -13.335 -10.11 -11.299 -12.487 -13.235 -13.803 -11.5 -9.991 -11.821 -14.513 -14.989 -15.175 -12.21
2.246566 -8.27 -3.055 -2.212 -3.331 -6.776 -9.257 -7.668 -3.939 -6.982 -9.436 -11.504 -12.901 -3.64 -7.859 -10.515 -11.971 -13.002 -9.817 -10.872 -12.098 -12.897 -13.517 -11.064 -9.442 -11.386 -14.291 -14.832 -15.07 -11.928
2.314511 -8.089 -2.873 -1.417 -2.319 -5.974 -8.607 -7.179 -2.962 -6.209 -8.807 -11.031 -12.529 -2.638 -7.132 -9.954 -11.516 -12.631 -9.537 -10.421 -11.671 -12.522 -13.201 -10.582 -8.837 -10.904 -14.041 -14.654 -14.95 -11.634
2.384512 -7.889 -2.674 -0.551 -1.201 -5.088 -7.884 -6.679 -1.882 -5.355 -8.111 -10.508 -12.115 -1.53 -6.328 -9.332 -11.01 -12.217 -9.266 -9.953 -11.202 -12.106 -12.852 -10.049 -8.167 -10.37 -13.76 -14.453 -14.813 -11.33
2.45663 -7.67 -2.454 0.398 0.037 -4.104 -7.081 -6.18 -0.685 -4.41 -7.338 -9.927 -11.654 -0.303 -5.436 -8.639 -10.444 -11.754 -8.998 -9.478 -10.69 -11.646 -12.468 -9.457 -7.424 -9.776 -13.443 -14.224 -14.656 -11.015
2.530929 -7.428 -2.213 1.439 1.412 -3.011 -6.185 -5.694 0.644 -3.363 -6.478 -9.28 -11.139 1.061 -4.445 -7.866 -9.812 -11.235 -8.727 -9.008 -10.137 -11.137 -12.047 -8.798 -6.599 -9.115 -13.085 -13.965 -14.477 -10.69
2.607475 -7.161 -1.946 2.585 2.944 -1.793 -5.184 -5.231 2.124 -2.2 -5.52 -8.56 -10.562 2.58 -3.339 -7.002 -9.104 -10.652 -8.443 -8.554 -9.547 -10.578 -11.588 -8.064 -5.68 -8.378 -12.681 -13.671 -14.272 -10.354
2.686337 -6.865 -1.65 3.851 4.655 -0.432 -4.063 -4.793 3.779 -0.903 -4.45 -7.756 -9.916 4.277 -2.103 -6.033 -8.308 -9.997 -8.138 -8.12 -8.93 -9.968 -11.091 -7.244 -4.653 -7.553 -12.223 -13.336 -14.038 -10.004
2.767583 -6.537 -1.321 5.254 6.572 1.094 -2.802 -4.372 5.632 0.545 -3.251 -6.855 -9.191 6.179 -0.718 -4.943 -7.411 -9.257 -7.805 -7.699 -8.302 -9.31 -10.559 -6.323 -3.501 -6.629 -11.704 -12.955 -13.769 -9.635
2.851287 -6.17 -0.955 6.815 8.727 2.81 -1.381 -3.952 7.716 2.168 -1.905 -5.845 -8.375 8.317 0.841 -3.715 -6.399 -8.422 -7.437 -7.279 -7.682 -8.616 -9.997 -5.288 -2.207 -5.589 -11.113 -12.52 -13.461 -9.241
2.937522 -5.761 -0.545 8.56 11.159 4.746 0.226 -3.514 10.067 3.992 -0.391 -4.708 -7.455 10.729 2.6 -2.326 -5.252 -7.476 -7.027 -6.842 -7.083 -7.903 -9.41 -4.12 -0.746 -4.416 -10.44 -12.022 -13.106 -8.812
3.026365 -5.3 -0.085 10.519 13.914 6.938 2.048 -3.04 12.729 6.05 1.319 -3.425 -6.414 13.46 4.593 -0.749 -3.949 -6.4 -6.566 -6.369 -6.5 -7.189 -8.803 -2.798 0.908 -3.087 -9.67 -11.451 -12.697 -8.341
3.117896 -4.782 0.434 12.729 17.046 9.43 4.124 -2.516 15.754 8.381 3.256 -1.974 -5.235 16.563 6.858 1.046 -2.463 -5.174 -6.047 -5.845 -5.914 -6.486 -8.174 -1.293 2.788 -1.578 -8.786 -10.794 -12.225 -7.816
3.212194 -4.194 1.022 15.237 20.623 12.276 6.497 -1.926 19.207 11.03 5.455 -0.326 -3.894 20.105 9.445 3.099 -0.763 -3.773 -5.459 -5.255 -5.294 -5.785 -7.513 0.424 4.935 0.145 -7.769 -10.037 -11.678 -7.225
3.309345 -3.525 1.691 18.099 24.727 15.538 9.222 -1.256 23.165 14.056 7.962 1.551 -2.365 24.165 12.411 5.455 1.191 -2.166 -4.79 -4.586 -4.612 -5.058 -6.801 2.393 7.398 2.119 -6.595 -9.16 -11.042 -6.555
3.409434 -2.759 2.457 21.384 29.457 19.297 12.363 -0.491 27.723 17.529 10.831 3.698 -0.615 28.839 15.829 8.173 3.445 -0.316 -4.025 -3.82 -3.843 -4.267 -6.014 4.662 10.236 4.392 -5.233 -8.143 -10.299 -5.789
3.51255 -1.878 3.337 25.18 34.938 23.649 16.001 0.39 32.996 21.534 14.126 6.164 1.394 34.246 19.784 11.321 6.057 1.822 -3.144 -2.939 -2.961 -3.378 -5.124 7.289 13.524 7.022 -3.647 -6.956 -9.431 -4.908
3.618785 -1.234 3.982 27.217 37.783 25.954 17.966 1.035 35.74 23.669 15.917 7.561 2.574 37.054 21.899 13.052 7.532 3.066 -2.499 -2.295 -2.316 -2.731 -4.477 8.77 15.321 8.504 -2.66 -6.161 -8.787 -4.263
3.728232 -0.819 4.397 27.631 38.198 26.369 18.381 1.449 36.154 24.083 16.332 7.975 2.988 37.468 22.314 13.466 7.946 3.481 -2.085 -1.88 -1.901 -2.317 -4.063 9.184 15.736 8.919 -2.246 -5.746 -8.372 -3.849
3.84099 -0.379 4.837 28.071 38.638 26.809 18.821 1.889 36.594 24.523 16.772 8.415 3.428 37.908 22.754 13.906 8.386 3.921 -1.645 -1.44 -1.461 -1.877 -3.623 9.624 16.176 9.359 -1.806 -5.306 -7.932 -3.408
3.957158 0.088 5.304 28.539 39.105 27.276 19.288 2.356 37.062 24.99 17.239 8.882 3.896 38.376 23.221 14.373 8.853 4.388 -1.178 -0.973 -0.994 -1.41 -3.155 10.091 16.643 9.826 -1.339 -4.839 -7.465 -2.941
4.07684 0.584 5.799 29.034 39.6 27.772 19.784 2.852 37.557 25.486 17.735 9.378 4.391 38.871 23.717 14.869 9.349 4.884 -0.682 -0.477 -0.499 -0.914 -2.66 10.587 17.139 10.322 -0.843 -4.343 -6.969 -2.446
4.200141 1.11 6.326 29.561 40.127 28.298 20.31 3.378 38.083 26.012 18.261 9.904 4.918 39.397 24.243 15.395 9.875 5.41 -0.156 0.049 0.028 -0.388 -2.134 11.113 17.665 10.848 -0.317 -3.817 -6.443 -1.919
