web/models/kne.last_good/kappa_0.5_3.0.v1/8/villar_0.0043_0.0770_0.5000.dat
# %ECSV 1.0
# ---
# datatype:
# - {name: time, datatype: float64}
# - {name: swift_uvot_uvw2, datatype: float64}
# - {name: swift_uvot_uvm2, datatype: float64}
# - {name: swift_uvot_uvw1, datatype: float64}
# - {name: swift_uvot_U, datatype: float64}
# - {name: swift_uvot_B, datatype: float64}
# - {name: swift_uvot_V, datatype: float64}
# - {name: swift_uvot_W, datatype: float64}
# - {name: johnson_U, datatype: float64}
# - {name: johnson_B, datatype: float64}
# - {name: johnson_V, datatype: float64}
# - {name: johnson_R, datatype: float64}
# - {name: johnson_I, datatype: float64}
# - {name: sdss_u, datatype: float64}
# - {name: sdss_g, datatype: float64}
# - {name: sdss_r, datatype: float64}
# - {name: sdss_i, datatype: float64}
# - {name: sdss_z, datatype: float64}
# - {name: PS1_g, datatype: float64}
# - {name: PS1_r, datatype: float64}
# - {name: PS1_i, datatype: float64}
# - {name: PS1_z, datatype: float64}
# - {name: PS1_Y, datatype: float64}
# - {name: PS1_w, datatype: float64}
# - {name: ATLAS_c, datatype: float64}
# - {name: ATLAS_o, datatype: float64}
# - {name: ukirt_J, datatype: float64}
# - {name: ukirt_H, datatype: float64}
# - {name: ukirt_K, datatype: float64}
# - {name: Clear, datatype: float64}
# meta: !!omap
# - comment: [kappa = 0.5, type = villar, mass = 0.004263435211354371, velocity = 0.07700000000000001, theta_obs = 0.0]
# schema: astropy-2.0
time swift_uvot_uvw2 swift_uvot_uvm2 swift_uvot_uvw1 swift_uvot_U swift_uvot_B swift_uvot_V swift_uvot_W johnson_U johnson_B johnson_V johnson_R johnson_I sdss_u sdss_g sdss_r sdss_i sdss_z PS1_g PS1_r PS1_i PS1_z PS1_Y PS1_w ATLAS_c ATLAS_o ukirt_J ukirt_H ukirt_K Clear
[from data line 219]
0.682197 -10.749 -11.143 -11.743 -12.649 -13.026 -13.197 -12.298 -12.724 -13.028 -13.196 -13.194 -13.078 -12.71 -13.098 -13.217 -13.171 -13.059 -13.135 -13.225 -13.179 -13.1 -13.055 -13.173 -13.163 -13.198 -12.707 -12.334 -11.844 -13.152
0.70283 -10.668 -11.062 -11.684 -12.617 -13.013 -13.197 -12.27 -12.695 -13.014 -13.197 -13.205 -13.098 -12.68 -13.09 -13.224 -13.186 -13.08 -13.129 -13.232 -13.194 -13.12 -13.077 -13.179 -13.162 -13.208 -12.736 -12.367 -11.882 -13.156
0.724086 -10.581 -10.976 -11.62 -12.581 -12.996 -13.195 -12.239 -12.662 -12.998 -13.195 -13.214 -13.116 -12.646 -13.079 -13.229 -13.199 -13.099 -13.119 -13.237 -13.208 -13.138 -13.098 -13.182 -13.158 -13.217 -12.764 -12.4 -11.918 -13.158
0.745986 -10.488 -10.882 -11.55 -12.54 -12.976 -13.19 -12.204 -12.625 -12.978 -13.191 -13.221 -13.133 -12.608 -13.064 -13.231 -13.211 -13.117 -13.107 -13.239 -13.219 -13.155 -13.117 -13.183 -13.151 -13.223 -12.791 -12.431 -11.953 -13.157
0.768548 -10.389 -10.782 -11.475 -12.495 -12.951 -13.182 -12.166 -12.584 -12.954 -13.183 -13.226 -13.147 -12.566 -13.046 -13.231 -13.22 -13.133 -13.092 -13.239 -13.228 -13.169 -13.135 -13.182 -13.141 -13.227 -12.816 -12.461 -11.987 -13.154
0.791792 -10.284 -10.675 -11.394 -12.444 -12.923 -13.171 -12.124 -12.537 -12.926 -13.172 -13.228 -13.159 -12.518 -13.024 -13.227 -13.226 -13.147 -13.072 -13.236 -13.235 -13.182 -13.151 -13.177 -13.128 -13.228 -12.84 -12.49 -12.021 -13.148
0.815739 -10.173 -10.559 -11.306 -12.389 -12.891 -13.156 -12.078 -12.486 -12.894 -13.158 -13.227 -13.17 -12.465 -12.998 -13.221 -13.23 -13.158 -13.049 -13.23 -13.239 -13.192 -13.165 -13.17 -13.111 -13.226 -12.862 -12.518 -12.053 -13.139
0.840411 -10.054 -10.434 -11.211 -12.327 -12.854 -13.138 -12.027 -12.428 -12.857 -13.14 -13.223 -13.177 -12.406 -12.968 -13.211 -13.232 -13.167 -13.022 -13.22 -13.241 -13.2 -13.176 -13.159 -13.09 -13.221 -12.882 -12.544 -12.084 -13.127
0.865828 -9.929 -10.3 -11.109 -12.259 -12.811 -13.115 -11.972 -12.365 -12.816 -13.119 -13.216 -13.183 -12.342 -12.933 -13.198 -13.23 -13.174 -12.99 -13.207 -13.239 -13.205 -13.185 -13.145 -13.066 -13.214 -12.901 -12.569 -12.114 -13.112
0.892015 -9.796 -10.156 -10.998 -12.184 -12.764 -13.088 -11.911 -12.295 -12.768 -13.092 -13.205 -13.185 -12.27 -12.894 -13.181 -13.225 -13.178 -12.954 -13.19 -13.235 -13.208 -13.192 -13.127 -13.037 -13.202 -12.917 -12.592 -12.142 -13.092
0.918993 -9.655 -10.002 -10.879 -12.102 -12.71 -13.057 -11.846 -12.218 -12.715 -13.061 -13.191 -13.184 -12.191 -12.848 -13.16 -13.217 -13.179 -12.912 -13.17 -13.227 -13.207 -13.196 -13.105 -13.003 -13.187 -12.932 -12.614 -12.169 -13.069
0.946787 -9.506 -9.835 -10.751 -12.012 -12.65 -13.02 -11.774 -12.133 -12.656 -13.025 -13.173 -13.181 -12.105 -12.797 -13.134 -13.205 -13.177 -12.865 -13.144 -13.215 -13.204 -13.198 -13.079 -12.964 -13.167 -12.944 -12.633 -12.194 -13.041
0.975422 -9.35 -9.656 -10.612 -11.913 -12.583 -12.978 -11.696 -12.04 -12.59 -12.984 -13.15 -13.173 -12.01 -12.74 -13.104 -13.189 -13.172 -12.811 -13.114 -13.2 -13.197 -13.196 -13.048 -12.919 -13.144 -12.953 -12.651 -12.218 -13.009
1.004923 -9.185 -9.463 -10.463 -11.805 -12.509 -12.929 -11.612 -11.938 -12.516 -12.937 -13.123 -13.162 -11.905 -12.675 -13.068 -13.169 -13.163 -12.751 -13.079 -13.18 -13.186 -13.191 -13.012 -12.869 -13.115 -12.96 -12.666 -12.24 -12.972
1.035317 -9.013 -9.255 -10.302 -11.686 -12.427 -12.875 -11.52 -11.826 -12.435 -12.883 -13.091 -13.147 -11.791 -12.604 -13.026 -13.144 -13.15 -12.684 -13.038 -13.155 -13.171 -13.182 -12.97 -12.812 -13.081 -12.964 -12.679 -12.26 -12.93
1.066629 -8.832 -9.03 -10.128 -11.557 -12.335 -12.813 -11.42 -11.703 -12.344 -12.822 -13.053 -13.127 -11.666 -12.524 -12.979 -13.113 -13.133 -12.609 -12.99 -13.125 -13.152 -13.169 -12.923 -12.747 -13.042 -12.965 -12.689 -12.278 -12.882
1.098888 -8.645 -8.789 -9.941 -11.415 -12.234 -12.743 -11.312 -11.569 -12.244 -12.753 -13.008 -13.103 -11.529 -12.435 -12.924 -13.078 -13.111 -12.526 -12.936 -13.09 -13.128 -13.152 -12.869 -12.676 -12.996 -12.962 -12.697 -12.294 -12.827
1.132124 -8.452 -8.528 -9.739 -11.261 -12.123 -12.664 -11.196 -11.422 -12.134 -12.676 -12.958 -13.073 -11.379 -12.336 -12.862 -13.036 -13.083 -12.433 -12.875 -13.049 -13.098 -13.13 -12.808 -12.595 -12.944 -12.956 -12.702 -12.307 -12.766
1.166364 -8.254 -8.246 -9.522 -11.092 -12.0 -12.577 -11.069 -11.261 -12.012 -12.59 -12.9 -13.038 -11.215 -12.227 -12.792 -12.987 -13.051 -12.331 -12.806 -13.001 -13.063 -13.103 -12.739 -12.506 -12.884 -12.945 -12.703 -12.318 -12.697
1.20164 -8.052 -7.942 -9.288 -10.907 -11.864 -12.479 -10.932 -11.085 -11.878 -12.494 -12.834 -12.996 -11.036 -12.106 -12.712 -12.931 -13.012 -12.217 -12.727 -12.946 -13.022 -13.07 -12.662 -12.406 -12.816 -12.93 -12.701 -12.326 -12.621
1.237983 -7.849 -7.613 -9.036 -10.705 -11.714 -12.37 -10.784 -10.892 -11.73 -12.387 -12.759 -12.947 -10.839 -11.973 -12.624 -12.867 -12.966 -12.091 -12.64 -12.882 -12.974 -13.031 -12.576 -12.296 -12.74 -12.911 -12.695 -12.331 -12.536
1.275425 -7.646 -7.257 -8.763 -10.484 -11.55 -12.249 -10.623 -10.681 -11.567 -12.267 -12.675 -12.891 -10.624 -11.826 -12.524 -12.794 -12.913 -11.953 -12.541 -12.811 -12.918 -12.986 -12.481 -12.173 -12.654 -12.885 -12.685 -12.333 -12.442
1.313999 -7.447 -6.872 -8.47 -10.242 -11.368 -12.114 -10.448 -10.45 -11.388 -12.135 -12.581 -12.826 -10.388 -11.663 -12.412 -12.712 -12.852 -11.8 -12.431 -12.729 -12.853 -12.933 -12.374 -12.038 -12.557 -12.855 -12.67 -12.331 -12.338
1.35374 -7.254 -6.455 -8.154 -9.978 -11.169 -11.964 -10.259 -10.197 -11.191 -11.987 -12.475 -12.753 -10.13 -11.484 -12.288 -12.618 -12.782 -11.631 -12.308 -12.637 -12.78 -12.872 -12.255 -11.887 -12.448 -12.817 -12.651 -12.326 -12.223
1.394683 -7.068 -6.004 -7.814 -9.688 -10.948 -11.798 -10.055 -9.919 -10.973 -11.824 -12.356 -12.669 -9.847 -11.286 -12.149 -12.513 -12.701 -11.445 -12.171 -12.533 -12.696 -12.802 -12.124 -11.721 -12.327 -12.773 -12.625 -12.316 -12.096
1.436864 -6.89 -5.515 -7.448 -9.37 -10.706 -11.613 -9.832 -9.615 -10.734 -11.642 -12.223 -12.574 -9.536 -11.067 -11.994 -12.395 -12.61 -11.24 -12.019 -12.416 -12.601 -12.722 -11.977 -11.537 -12.191 -12.721 -12.594 -12.301 -11.956
1.480321 -6.722 -4.987 -7.053 -9.021 -10.438 -11.408 -9.591 -9.28 -10.47 -11.44 -12.075 -12.466 -9.195 -10.826 -11.821 -12.262 -12.507 -11.014 -11.848 -12.285 -12.494 -12.631 -11.815 -11.334 -12.04 -12.66 -12.556 -12.281 -11.802
1.525092 -6.562 -4.418 -6.629 -8.637 -10.143 -11.18 -9.328 -8.912 -10.179 -11.217 -11.909 -12.345 -8.819 -10.559 -11.628 -12.112 -12.39 -10.765 -11.659 -12.137 -12.372 -12.527 -11.636 -11.109 -11.871 -12.59 -12.511 -12.256 -11.633
1.571218 -6.409 -3.81 -6.173 -8.215 -9.816 -10.927 -9.043 -8.507 -9.857 -10.968 -11.724 -12.208 -8.405 -10.263 -11.413 -11.944 -12.258 -10.492 -11.448 -11.972 -12.235 -12.41 -11.436 -10.859 -11.682 -12.508 -12.458 -12.224 -11.447
1.618738 -6.26 -3.169 -5.682 -7.75 -9.455 -10.645 -8.733 -8.06 -9.502 -10.692 -11.518 -12.054 -7.949 -9.936 -11.174 -11.756 -12.109 -10.191 -11.214 -11.786 -12.081 -12.278 -11.216 -10.583 -11.471 -12.415 -12.395 -12.186 -11.243
1.667696 -6.112 -2.51 -5.155 -7.237 -9.055 -10.332 -8.394 -7.567 -9.109 -10.384 -11.287 -11.88 -7.445 -9.574 -10.906 -11.545 -11.94 -9.862 -10.952 -11.578 -11.907 -12.128 -10.97 -10.277 -11.236 -12.308 -12.322 -12.14 -11.02
1.718134 -5.962 -1.864 -4.589 -6.67 -8.612 -9.983 -8.026 -7.021 -8.673 -10.042 -11.03 -11.685 -6.888 -9.172 -10.608 -11.308 -11.751 -9.501 -10.661 -11.345 -11.71 -11.959 -10.698 -9.938 -10.974 -12.186 -12.238 -12.085 -10.776
1.770098 -5.806 -1.276 -3.981 -6.042 -8.12 -9.593 -7.623 -6.417 -8.19 -9.661 -10.742 -11.466 -6.27 -8.726 -10.274 -11.042 -11.536 -9.109 -10.337 -11.083 -11.489 -11.768 -10.396 -9.56 -10.681 -12.047 -12.14 -12.02 -10.509
1.823633 -5.643 -0.79 -3.327 -5.346 -7.572 -9.158 -7.184 -5.746 -7.654 -9.235 -10.42 -11.218 -5.584 -8.229 -9.9 -10.743 -11.295 -8.684 -9.976 -10.789 -11.24 -11.553 -10.06 -9.141 -10.353 -11.889 -12.028 -11.945 -10.219
1.878788 -5.468 -0.417 -2.621 -4.571 -6.962 -8.67 -6.704 -5.0 -7.057 -8.758 -10.059 -10.94 -4.821 -7.675 -9.481 -10.406 -11.022 -8.229 -9.574 -10.459 -10.959 -11.31 -9.685 -8.673 -9.986 -11.708 -11.899 -11.857 -9.904
1.93561 -5.281 -0.129 -1.859 -3.709 -6.281 -8.124 -6.18 -4.169 -6.391 -8.225 -9.655 -10.626 -3.97 -7.056 -9.01 -10.026 -10.713 -7.749 -9.127 -10.087 -10.641 -11.035 -9.266 -8.152 -9.574 -11.501 -11.751 -11.756 -9.562
1.994152 -5.077 0.118 -1.032 -2.745 -5.518 -7.509 -5.609 -3.24 -5.647 -7.627 -9.201 -10.271 -3.019 -6.363 -8.48 -9.598 -10.363 -7.256 -8.631 -9.669 -10.282 -10.726 -8.799 -7.569 -9.112 -11.266 -11.581 -11.638 -9.195
2.054463 -4.854 0.356 -0.13 -1.666 -4.662 -6.818 -4.99 -2.199 -4.815 -6.954 -8.69 -9.87 -1.952 -5.586 -7.883 -9.113 -9.966 -6.764 -8.084 -9.199 -9.876 -10.376 -8.274 -6.915 -8.592 -10.997 -11.387 -11.502 -8.804
2.116599 -4.61 0.605 0.859 -0.455 -3.699 -6.036 -4.324 -1.029 -3.881 -6.195 -8.115 -9.415 -0.753 -4.711 -7.208 -8.563 -9.515 -6.29 -7.484 -8.67 -9.416 -9.982 -7.686 -6.181 -8.006 -10.689 -11.162 -11.345 -8.389
2.180614 -4.341 0.875 1.949 0.91 -2.614 -5.152 -3.619 0.29 -2.83 -5.339 -7.465 -8.9 0.598 -3.725 -6.443 -7.939 -9.002 -5.846 -6.838 -8.076 -8.895 -9.537 -7.022 -5.354 -7.344 -10.336 -10.905 -11.164 -7.954
2.246566 -4.043 1.173 3.157 2.452 -1.386 -4.148 -2.892 1.78 -1.646 -4.369 -6.73 -8.314 2.126 -2.609 -5.575 -7.228 -8.416 -5.432 -6.16 -7.411 -8.306 -9.037 -6.273 -4.419 -6.594 -9.931 -10.607 -10.954 -7.504
2.314511 -3.712 1.503 4.502 4.202 0.009 -3.004 -2.172 3.471 -0.305 -3.268 -5.895 -7.646 3.86 -1.342 -4.585 -6.416 -7.746 -5.033 -5.474 -6.674 -7.639 -8.477 -5.423 -3.36 -5.742 -9.465 -10.264 -10.71 -7.041
2.384512 -3.343 1.872 6.009 6.193 1.597 -1.697 -1.492 5.397 1.215 -2.013 -4.946 -6.884 5.835 0.102 -3.453 -5.485 -6.977 -4.631 -4.812 -5.871 -6.891 -7.855 -4.457 -2.156 -4.772 -8.926 -9.866 -10.427 -6.565
2.45663 -2.93 2.286 7.704 8.469 3.412 -0.198 -0.867 7.598 2.947 -0.581 -3.864 -6.011 8.093 1.752 -2.155 -4.415 -6.092 -4.203 -4.194 -5.02 -6.058 -7.172 -3.353 -0.78 -3.663 -8.302 -9.405 -10.097 -6.073
2.530929 -2.464 2.751 9.62 11.083 5.497 1.528 -0.283 10.125 4.926 1.061 -2.625 -5.009 10.686 3.647 -0.66 -3.181 -5.071 -3.732 -3.61 -4.159 -5.153 -6.435 -2.087 0.798 -2.391 -7.578 -8.867 -9.712 -5.554
2.607475 -1.937 3.279 11.8 14.097 7.901 3.524 0.301 13.04 7.197 2.949 -1.202 -3.855 13.675 5.832 1.068 -1.752 -3.888 -3.203 -3.027 -3.331 -4.203 -5.658 -0.629 2.617 -0.927 -6.733 -8.238 -9.259 -4.995
2.686337 -1.335 3.88 14.296 17.59 10.685 5.842 0.924 16.417 9.815 5.128 0.437 -2.522 17.14 8.365 3.075 -0.09 -2.513 -2.601 -2.405 -2.546 -3.25 -4.853 1.059 4.723 0.769 -5.744 -7.5 -8.726 -4.377
2.767583 -0.645 4.57 17.174 21.662 13.929 8.547 1.621 20.35 12.848 7.651 2.333 -0.978 21.174 11.315 5.417 1.851 -0.908 -1.911 -1.708 -1.77 -2.326 -4.023 3.024 7.174 2.74 -4.582 -6.632 -8.096 -3.679
2.851287 0.151 5.367 20.518 26.433 17.726 11.718 2.419 24.955 16.382 10.586 4.535 0.818 25.896 14.769 8.163 4.129 0.972 -1.114 -0.91 -0.942 -1.409 -3.146 5.323 10.045 5.046 -3.21 -5.605 -7.348 -2.879
2.937522 1.079 6.294 24.436 32.057 22.2 15.458 3.347 30.377 20.523 14.014 7.106 2.916 31.456 18.838 11.4 6.817 3.183 -0.187 0.018 -0.006 -0.435 -2.181 8.03 13.427 7.758 -1.583 -4.385 -6.456 -1.951
3.026365 2.165 7.381 29.064 38.729 27.503 19.894 4.434 36.799 25.407 18.038 10.122 5.376 38.042 23.66 15.24 10.006 5.797 0.9 1.105 1.083 0.666 -1.08 11.237 17.436 10.97 0.358 -2.929 -5.387 -0.864
3.117896 2.947 8.162 31.397 41.963 30.135 22.146 5.215 39.92 27.849 20.098 11.741 6.754 41.234 26.08 17.232 11.712 7.247 1.681 1.886 1.864 1.449 -0.297 12.95 19.502 12.685 1.52 -1.981 -4.606 -0.083
3.212194 3.476 8.691 31.926 42.492 30.664 22.676 5.744 40.449 28.378 20.627 12.27 7.283 41.763 26.609 17.761 12.241 7.776 2.21 2.415 2.394 1.978 0.232 13.479 20.031 13.214 2.049 -1.451 -4.077 0.446
3.309345 4.037 9.253 32.488 43.054 31.225 23.237 6.306 41.011 28.94 21.188 12.832 7.845 42.325 27.17 18.323 12.803 8.337 2.772 2.977 2.955 2.54 0.794 14.041 20.592 13.776 2.611 -0.89 -3.516 1.008
3.409434 4.633 9.849 33.084 43.65 31.822 23.833 6.902 41.607 29.536 21.784 13.428 8.441 42.921 27.767 18.919 13.399 8.933 3.368 3.573 3.551 3.136 1.39 14.637 21.188 14.372 3.207 -0.294 -2.92 1.604
3.51255 5.266 10.482 33.717 44.283 32.454 24.466 7.535 42.24 30.168 22.417 14.061 9.074 43.554 28.399 19.551 14.032 9.566 4.001 4.205 4.184 3.769 2.023 15.27 21.821 15.004 3.84 0.339 -2.287 2.237
3.618785 5.938 11.153 34.388 44.954 33.126 25.137 8.206 42.911 30.84 23.089 14.732 9.745 44.225 29.071 20.223 14.703 10.238 4.672 4.877 4.855 4.44 2.694 15.941 22.493 15.676 4.511 1.01 -1.615 2.908
3.728232 6.65 11.866 35.101 45.667 33.838 25.85 8.919 43.624 31.553 23.801 15.445 10.458 44.938 29.783 20.936 15.416 10.95 5.385 5.59 5.568 5.153 3.407 16.654 23.205 16.389 5.224 1.723 -0.903 3.621
3.84099 7.407 12.623 35.857 46.424 34.595 26.607 9.675 44.38 32.309 24.558 16.201 11.214 45.694 30.54 21.692 16.172 11.707 6.141 6.346 6.325 5.909 4.163 17.41 23.962 17.145 5.98 2.48 -0.146 4.378
3.957158 8.21 13.426 36.66 47.227 35.398 27.41 10.478 45.183 33.112 25.361 17.004 12.017 46.497 31.343 22.495 16.975 12.51 6.944 7.149 7.128 6.712 4.966 18.213 24.765 17.948 6.783 3.283 0.657 5.18
4.07684 9.062 14.278 37.513 48.079 36.25 28.262 11.331 46.036 33.964 26.213 17.857 12.87 47.35 32.195 23.347 17.828 13.362 7.797 8.001 7.98 7.565 5.819 19.066 25.617 18.8 7.636 4.135 1.509 6.033
4.200141 9.967 15.182 38.417 48.983 37.155 29.167 12.235 46.94 34.869 27.118 18.761 13.774 48.254 33.1 24.252 18.732 14.267 8.701 8.906 8.884 8.469 6.723 19.97 26.522 19.705 8.54 5.039 2.414 6.937
4.327172 10.927 16.143 39.377 49.944 38.115 30.127 13.195 47.9 35.829 28.078 19.721 14.734 49.214 34.06 25.212 19.692 15.227 9.661 9.866 9.845 9.429 7.683 20.93 27.482 20.665 9.5 6.0 3.374 7.898
4.458044 11.946 17.162 40.397 50.963 39.134 31.146 14.214 48.92 36.848 29.097 20.74 15.754 50.234 35.079 26.231 20.711 16.246 10.68 10.885 10.864 10.448 8.703 21.949 28.501 21.684 10.519 7.019 4.393 8.917
4.592874 13.028 18.243 41.478 52.044 40.216 32.227 15.296 50.001 37.93 30.179 21.822 16.835 51.315 36.161 27.313 21.793 17.328 11.762 11.967 11.945 11.53 9.784 23.031 29.583 22.766 11.601 8.1 5.475 9.998
4.731783 14.176 19.391 42.626 53.192 41.364 33.376 16.444 51.149 39.078 31.327 22.97 17.983 52.463 37.309 28.461 22.941 18.476 12.91 13.115 13.093 12.678 10.932 24.179 30.731 23.914 12.749 9.249 6.623 11.146
4.874892 15.394 20.61 43.845 54.411 42.582 34.594 17.663 52.368 40.297 32.545 24.189 19.202 53.682 38.527 29.68 24.16 19.694 14.129 14.334 14.312 13.897 12.151 25.398 31.949 25.133 13.968 10.467 7.841 12.365
5.02233 16.688 21.904 45.138 55.704 43.876 35.888 18.956 53.661 41.59 33.839 25.482 20.495 54.975 39.821 30.973 25.453 20.988 15.422 15.627 15.606 15.19 13.444 26.691 33.243 26.426 15.261 11.761 9.135 13.658
5.174227 18.061 23.276 46.511 57.077 45.249 37.26 20.329 55.034 42.963 35.212 26.855 21.868 56.348 41.194 32.346 26.826 22.361 16.795 17.0 16.978 16.563 14.817 28.064 34.616 27.799 16.634 13.133 10.508 15.031
5.330718 19.518 24.734 47.968 58.534 46.706 38.718 21.786 56.491 44.42 36.669 28.312 23.325 57.805 42.651 33.803 28.283 23.818 18.252 18.457 18.436 18.02 16.274 29.521 36.073 29.256 18.091 14.591 11.965 16.488
5.491942 21.064 26.28 49.515 60.081 48.252 40.264 23.333 58.038 45.967 38.215 29.859 24.872 59.352 44.198 35.35 29.83 25.364 19.799 20.004 19.982 19.567 17.821 31.068 37.619 30.803 19.638 16.137 13.511 18.035
5.658042 22.706 27.922 51.157 61.723 49.894 41.906 24.974 59.68 47.608 39.857 31.5 26.514 60.994 45.839 36.991 31.472 27.006 21.44 21.645 21.624 21.208 19.463 32.709 39.261 32.444 21.279 17.779 15.153 19.677
5.829166 24.448 29.664 52.899 63.465 51.636 43.648 26.717 61.422 49.351 41.599 33.243 28.256 62.736 47.581 38.734 33.214 28.748 23.183 23.388 23.366 22.951 21.205 34.452 41.003 34.187 23.022 19.521 16.895 21.419
