web/models/kne.last_good/kappa_0.5_3.0.v1/8/villar_0.0120_0.1083_3.0000.dat
# %ECSV 1.0
# ---
# datatype:
# - {name: time, datatype: float64}
# - {name: swift_uvot_uvw2, datatype: float64}
# - {name: swift_uvot_uvm2, datatype: float64}
# - {name: swift_uvot_uvw1, datatype: float64}
# - {name: swift_uvot_U, datatype: float64}
# - {name: swift_uvot_B, datatype: float64}
# - {name: swift_uvot_V, datatype: float64}
# - {name: swift_uvot_W, datatype: float64}
# - {name: johnson_U, datatype: float64}
# - {name: johnson_B, datatype: float64}
# - {name: johnson_V, datatype: float64}
# - {name: johnson_R, datatype: float64}
# - {name: johnson_I, datatype: float64}
# - {name: sdss_u, datatype: float64}
# - {name: sdss_g, datatype: float64}
# - {name: sdss_r, datatype: float64}
# - {name: sdss_i, datatype: float64}
# - {name: sdss_z, datatype: float64}
# - {name: PS1_g, datatype: float64}
# - {name: PS1_r, datatype: float64}
# - {name: PS1_i, datatype: float64}
# - {name: PS1_z, datatype: float64}
# - {name: PS1_Y, datatype: float64}
# - {name: PS1_w, datatype: float64}
# - {name: ATLAS_c, datatype: float64}
# - {name: ATLAS_o, datatype: float64}
# - {name: ukirt_J, datatype: float64}
# - {name: ukirt_H, datatype: float64}
# - {name: ukirt_K, datatype: float64}
# - {name: Clear, datatype: float64}
# meta: !!omap
# - comment: [kappa = 3.0, type = villar, mass = 0.012011244339858356, velocity = 0.10833333333333334, theta_obs = 0.0]
# schema: astropy-2.0
time swift_uvot_uvw2 swift_uvot_uvm2 swift_uvot_uvw1 swift_uvot_U swift_uvot_B swift_uvot_V swift_uvot_W johnson_U johnson_B johnson_V johnson_R johnson_I sdss_u sdss_g sdss_r sdss_i sdss_z PS1_g PS1_r PS1_i PS1_z PS1_Y PS1_w ATLAS_c ATLAS_o ukirt_J ukirt_H ukirt_K Clear
[from data line 287]
5.174227 -7.108 -1.892 -1.188 -2.353 -5.751 -8.199 -6.577 -2.953 -5.952 -8.373 -10.405 -11.78 -2.66 -6.817 -9.436 -10.868 -11.881 -8.682 -9.772 -10.99 -11.777 -12.384 -9.968 -8.374 -10.289 -13.143 -13.668 -13.893 -10.793
5.330718 -6.971 -1.756 -0.553 -1.546 -5.114 -7.684 -6.185 -2.174 -5.337 -7.876 -10.035 -11.491 -1.861 -6.241 -8.994 -10.512 -11.593 -8.456 -9.412 -10.655 -11.485 -12.14 -9.59 -7.895 -9.911 -12.953 -13.536 -13.808 -10.561
5.491942 -6.822 -1.606 0.133 -0.664 -4.417 -7.119 -5.78 -1.323 -4.665 -7.331 -9.628 -11.172 -0.987 -5.61 -8.509 -10.12 -11.274 -8.236 -9.037 -10.289 -11.164 -11.871 -9.175 -7.371 -9.496 -12.741 -13.388 -13.71 -10.321
5.658042 -6.659 -1.443 0.876 0.302 -3.653 -6.498 -5.368 -0.39 -3.93 -6.733 -9.181 -10.82 -0.03 -4.918 -7.975 -9.687 -10.922 -8.019 -8.649 -9.892 -10.811 -11.577 -8.719 -6.797 -9.039 -12.504 -13.22 -13.599 -10.071
5.829166 -6.479 -1.264 1.683 1.361 -2.813 -5.813 -4.957 0.634 -3.125 -6.075 -8.689 -10.431 1.02 -4.157 -7.386 -9.208 -10.531 -7.803 -8.257 -9.462 -10.424 -11.256 -8.217 -6.165 -8.536 -12.239 -13.032 -13.473 -9.814
6.005465 -6.283 -1.067 2.562 2.527 -1.889 -5.058 -4.554 1.759 -2.24 -5.35 -8.146 -10.001 2.176 -3.32 -6.735 -8.677 -10.097 -7.582 -7.868 -9.0 -9.999 -10.906 -7.664 -5.47 -7.981 -11.943 -12.82 -13.33 -9.547
6.187096 -6.066 -0.851 3.522 3.811 -0.87 -4.222 -4.166 3.001 -1.266 -4.55 -7.547 -9.523 3.449 -2.395 -6.015 -8.089 -9.614 -7.35 -7.488 -8.508 -9.535 -10.527 -7.054 -4.703 -7.368 -11.612 -12.582 -13.166 -9.27
6.37422 -5.828 -0.612 4.573 5.23 0.257 -3.295 -3.795 4.372 -0.192 -3.665 -6.884 -8.994 4.857 -1.373 -5.216 -7.434 -9.077 -7.103 -7.121 -7.992 -9.031 -10.117 -6.378 -3.854 -6.689 -11.24 -12.313 -12.981 -8.983
6.567004 -5.565 -0.349 5.726 6.802 1.507 -2.266 -3.437 5.892 0.995 -2.685 -6.15 -8.405 6.417 -0.239 -4.327 -6.705 -8.478 -6.835 -6.764 -7.461 -8.488 -9.679 -5.628 -2.914 -5.935 -10.822 -12.009 -12.77 -8.68
6.765619 -5.274 -0.058 6.995 8.549 2.895 -1.119 -3.083 7.581 2.31 -1.597 -5.335 -7.749 8.149 1.021 -3.337 -5.891 -7.808 -6.541 -6.41 -6.927 -7.911 -9.213 -4.794 -1.868 -5.097 -10.353 -11.666 -12.53 -8.359
6.97024 -5.018 0.197 7.72 9.507 3.681 -0.449 -2.808 8.511 3.059 -0.957 -4.826 -7.317 9.101 1.745 -2.742 -5.382 -7.368 -6.285 -6.135 -6.575 -7.528 -8.882 -4.275 -1.248 -4.577 -10.009 -11.383 -12.297 -8.093
7.181051 -4.799 0.417 7.939 9.727 3.901 -0.229 -2.588 8.73 3.279 -0.737 -4.607 -7.097 9.32 1.965 -2.523 -5.162 -7.148 -6.065 -5.916 -6.356 -7.308 -8.663 -4.056 -1.028 -4.357 -9.789 -11.163 -12.077 -7.874
7.398237 -4.565 0.65 8.172 9.96 4.134 0.004 -2.355 8.964 3.512 -0.504 -4.374 -6.864 9.553 2.198 -2.29 -4.929 -6.915 -5.832 -5.683 -6.123 -7.075 -8.429 -3.823 -0.795 -4.124 -9.556 -10.93 -11.844 -7.64
7.621991 -4.318 0.898 8.42 10.207 4.381 0.252 -2.107 9.211 3.759 -0.257 -4.126 -6.616 9.801 2.445 -2.042 -4.681 -6.668 -5.585 -5.435 -5.875 -6.828 -8.182 -3.575 -0.548 -3.877 -9.308 -10.682 -11.597 -7.393
7.852513 -4.055 1.161 8.683 10.47 4.644 0.514 -1.844 9.474 4.022 0.006 -3.863 -6.354 10.064 2.708 -1.779 -4.419 -6.405 -5.322 -5.172 -5.612 -6.565 -7.919 -3.312 -0.285 -3.614 -9.045 -10.419 -11.334 -7.13
8.090007 -3.776 1.44 8.962 10.749 4.923 0.794 -1.565 9.753 4.301 0.285 -3.584 -6.075 10.343 2.987 -1.5 -4.139 -6.126 -5.043 -4.893 -5.333 -6.286 -7.64 -3.033 -0.006 -3.335 -8.766 -10.14 -11.055 -6.851
8.334684 -3.48 1.736 9.258 11.046 5.22 1.09 -1.269 10.049 4.598 0.582 -3.288 -5.778 10.639 3.284 -1.204 -3.843 -5.829 -4.746 -4.597 -5.037 -5.989 -7.344 -2.737 0.291 -3.038 -8.47 -9.844 -10.758 -6.555
8.586761 -3.165 2.051 9.573 11.36 5.534 1.404 -0.955 10.364 4.912 0.896 -2.973 -5.464 10.954 3.598 -0.889 -3.529 -5.515 -4.432 -4.282 -4.722 -5.675 -7.029 -2.422 0.605 -2.724 -8.155 -9.529 -10.444 -6.24
8.846461 -2.831 2.384 9.907 11.694 5.868 1.738 -0.621 10.698 5.246 1.23 -2.639 -5.13 11.288 3.932 -0.555 -3.195 -5.181 -4.098 -3.948 -4.388 -5.341 -6.695 -2.088 0.939 -2.39 -7.822 -9.196 -10.11 -5.906
9.114017 -2.477 2.739 10.261 12.048 6.222 2.093 -0.266 11.052 5.601 1.585 -2.285 -4.775 11.642 4.287 -0.201 -2.84 -4.827 -3.743 -3.594 -4.034 -4.987 -6.341 -1.734 1.294 -2.035 -7.467 -8.841 -9.756 -5.552
9.389664 -2.1 3.115 10.638 12.425 6.599 2.469 0.11 11.429 5.977 1.961 -1.909 -4.399 12.018 4.663 0.175 -2.464 -4.45 -3.367 -3.218 -3.658 -4.61 -5.964 -1.358 1.67 -1.659 -7.091 -8.465 -9.379 -5.175
9.673648 -1.701 3.515 11.037 12.824 6.998 2.868 0.509 11.828 6.376 2.36 -1.509 -4.0 12.418 5.062 0.575 -2.065 -4.051 -2.968 -2.818 -3.258 -4.211 -5.565 -0.958 2.069 -1.26 -6.691 -8.066 -8.98 -4.776
9.966221 -1.277 3.938 11.461 13.248 7.422 3.292 0.933 12.252 6.8 2.784 -1.085 -3.576 12.842 5.486 0.999 -1.641 -3.627 -2.544 -2.394 -2.834 -3.787 -5.141 -0.535 2.493 -0.836 -6.268 -7.642 -8.556 -4.352
10.267642 -0.827 4.388 11.911 13.698 7.872 3.742 1.383 12.702 7.25 3.234 -0.635 -3.126 13.291 5.936 1.449 -1.191 -3.177 -2.094 -1.944 -2.384 -3.337 -4.691 -0.085 2.943 -0.386 -5.818 -7.192 -8.106 -3.902
10.57818 -0.35 4.866 12.388 14.175 8.349 4.22 1.861 13.179 7.728 3.712 -0.158 -2.648 13.769 6.414 1.926 -0.713 -2.7 -1.616 -1.467 -1.907 -2.86 -4.214 0.393 3.421 0.092 -5.34 -6.714 -7.629 -3.425
10.89811 0.157 5.373 12.895 14.682 8.856 4.727 2.368 13.686 8.235 4.218 0.349 -2.141 14.276 6.92 2.433 -0.206 -2.193 -1.11 -0.96 -1.4 -2.353 -3.707 0.9 3.928 0.598 -4.833 -6.207 -7.122 -2.918
11.227716 0.695 5.911 13.433 15.22 9.394 5.265 2.906 14.224 8.773 4.756 0.887 -1.603 14.814 7.458 2.971 0.332 -1.655 -0.572 -0.422 -0.862 -1.815 -3.169 1.438 4.466 1.136 -4.295 -5.669 -6.584 -2.38
11.56729 1.266 6.482 14.004 15.791 9.965 5.836 3.477 14.795 9.344 5.328 1.458 -1.032 15.385 8.03 3.542 0.903 -1.084 -0.0 0.149 -0.291 -1.244 -2.598 2.009 5.037 1.708 -3.724 -5.098 -6.013 -1.809
11.917135 1.872 7.088 14.61 16.398 10.572 6.442 4.083 15.401 9.95 5.934 2.064 -0.426 15.991 8.636 4.148 1.509 -0.477 0.606 0.755 0.315 -0.637 -1.992 2.615 5.643 2.314 -3.118 -4.492 -5.406 -1.203
12.277561 2.516 7.731 15.254 17.041 11.215 7.085 4.726 16.045 10.593 6.577 2.708 0.217 16.635 9.279 4.792 2.152 0.166 1.249 1.399 0.959 0.006 -1.348 3.258 6.286 2.957 -2.475 -3.849 -4.763 -0.559
12.648887 3.199 8.414 15.937 17.724 11.898 7.768 5.409 16.728 11.276 7.26 3.39 0.9 17.317 9.962 5.474 2.835 0.849 1.932 2.082 1.641 0.689 -0.665 3.941 6.969 3.64 -1.792 -3.166 -4.08 0.124
13.031444 3.923 9.139 16.661 18.449 12.623 8.493 6.134 17.452 12.001 7.985 4.115 1.625 18.042 10.687 6.199 3.56 1.574 2.657 2.806 2.366 1.414 0.059 4.666 7.694 4.365 -1.067 -2.441 -3.355 0.848
13.425571 4.693 9.908 17.431 19.218 13.392 9.262 6.903 18.222 12.77 8.754 4.885 2.394 18.811 11.456 6.968 4.329 2.343 3.426 3.576 3.136 2.183 0.829 5.435 8.463 5.134 -0.298 -1.672 -2.586 1.618
13.831619 5.509 10.725 18.247 20.034 14.208 10.079 7.72 19.038 13.587 9.57 5.701 3.211 19.628 12.272 7.785 5.146 3.159 4.242 4.392 3.952 2.999 1.645 6.252 9.28 5.95 0.519 -0.855 -1.77 2.434
14.249947 6.376 11.592 19.114 20.901 15.075 10.945 8.586 19.905 14.453 10.437 6.568 4.077 20.495 13.139 8.652 6.012 4.026 5.109 5.259 4.819 3.866 2.512 7.119 10.146 6.817 1.385 0.011 -0.903 3.301
14.680926 7.296 12.511 20.034 21.821 15.995 11.865 9.506 20.825 15.373 11.357 7.488 4.997 21.415 14.059 9.572 6.932 4.946 6.029 6.179 5.739 4.786 3.432 8.038 11.066 7.737 2.305 0.931 0.017 4.221
15.124941 8.272 13.488 21.01 22.797 16.971 12.842 10.483 21.801 16.349 12.333 8.464 5.974 22.391 15.035 10.548 7.909 5.922 7.005 7.155 6.715 5.762 4.408 9.015 12.042 8.713 3.282 1.908 0.993 5.197
15.582385 9.308 14.524 22.046 23.834 18.008 13.878 11.519 22.837 17.386 13.37 9.5 7.01 23.427 16.072 11.584 8.945 6.959 8.042 8.191 7.751 6.799 5.444 10.051 13.079 9.75 4.318 2.944 2.03 6.234
16.053663 10.408 15.624 23.146 24.934 19.108 14.978 12.619 23.937 18.486 14.47 10.6 8.11 24.527 17.172 12.684 10.045 8.059 9.142 9.291 8.851 7.899 6.544 11.151 14.179 10.85 5.418 4.044 3.13 7.333
16.539195 11.576 16.792 24.314 26.101 20.275 16.145 13.786 25.105 19.653 15.637 11.768 9.277 25.695 18.339 13.852 11.212 9.226 10.309 10.459 10.019 9.066 7.712 12.319 15.346 12.017 6.585 5.211 4.297 8.501
17.039412 12.815 18.031 25.553 27.34 21.514 17.384 15.026 26.344 20.892 16.876 13.007 10.516 26.934 19.578 15.091 12.452 10.465 11.548 11.698 11.258 10.305 8.951 13.558 16.585 13.256 7.825 6.451 5.536 9.74
17.554757 14.13 19.346 26.868 28.655 22.829 18.7 16.341 27.659 22.208 18.192 14.322 11.832 28.249 20.894 16.406 13.767 11.781 12.864 13.013 12.573 11.62 10.266 14.873 17.901 14.572 9.14 7.766 6.851 11.055
18.085689 15.526 20.742 28.264 30.051 24.225 20.096 17.737 29.055 23.604 19.588 15.718 13.228 29.645 22.29 17.802 15.163 13.177 14.26 14.409 13.969 13.017 11.662 16.269 19.297 15.968 10.536 9.162 8.248 12.451
18.632678 17.008 22.224 29.746 31.533 25.707 21.578 19.219 30.537 25.085 21.069 17.2 14.71 31.127 23.771 19.284 16.645 14.658 15.741 15.891 15.451 14.498 13.144 17.751 20.778 17.449 12.018 10.644 9.729 13.933
19.196211 18.581 23.796 31.319 33.106 27.28 23.15 20.791 32.11 26.658 22.642 18.773 16.282 32.7 25.344 20.857 18.217 16.231 17.314 17.464 17.024 16.071 14.717 19.323 22.351 19.022 13.59 12.216 11.302 15.506
19.776787 20.25 25.466 32.988 34.775 28.949 24.82 22.461 33.779 28.327 24.311 20.442 17.952 34.369 27.013 22.526 19.887 17.9 18.983 19.133 18.693 17.74 16.386 20.993 24.02 20.691 15.26 13.886 12.971 17.175
20.374923 22.022 27.238 34.76 36.547 30.721 26.591 24.232 35.551 30.099 26.083 22.214 19.723 36.141 28.785 24.298 21.658 19.672 20.755 20.905 20.465 19.512 18.158 22.765 25.792 22.463 17.032 15.657 14.743 18.947
20.991149 23.903 29.118 36.641 38.428 32.602 28.472 26.113 37.432 31.98 27.964 24.094 21.604 38.021 30.666 26.178 23.539 21.553 22.636 22.785 22.345 21.393 20.039 24.645 27.673 24.344 18.912 17.538 16.624 20.828
21.626011 25.899 31.114 38.637 40.424 34.598 30.468 28.109 39.428 33.976 29.96 26.09 23.6 40.017 32.662 28.174 25.535 23.549 24.632 24.781 24.341 23.389 22.035 26.641 29.669 26.34 20.908 19.534 18.62 22.824
22.280075 28.017 33.233 40.755 42.542 36.716 32.587 30.228 41.546 36.095 32.078 28.209 25.719 42.136 34.78 30.293 27.654 25.667 26.75 26.9 26.46 25.507 24.153 28.76 31.788 28.458 23.027 21.653 20.738 24.942
22.953921 30.266 35.482 43.004 44.791 38.965 34.835 32.476 43.795 38.343 34.327 30.458 27.967 44.385 37.029 32.542 29.902 27.916 28.999 29.149 28.709 27.756 26.402 31.009 34.036 30.707 25.276 23.902 22.987 27.191
23.648147 32.653 37.868 45.391 47.178 41.352 37.222 34.863 46.182 40.73 36.714 32.845 30.354 46.772 39.416 34.929 32.289 30.303 31.386 31.536 31.096 30.143 28.789 33.395 36.423 33.094 27.662 26.288 25.374 29.578
24.363369 35.186 40.402 47.924 49.711 43.885 39.756 37.397 48.715 43.263 39.247 35.378 32.888 49.305 41.949 37.462 34.823 32.836 33.919 34.069 33.629 32.676 31.322 35.929 38.956 35.627 30.196 28.822 27.907 32.111
25.100222 37.875 43.091 50.613 52.4 46.574 42.445 40.086 51.404 45.952 41.936 38.067 35.576 51.994 44.638 40.151 37.512 35.525 36.608 36.758 36.318 35.365 34.011 38.618 41.645 38.316 32.885 31.511 30.596 34.8
25.859362 40.729 45.945 53.467 55.254 49.428 45.299 42.94 54.258 48.806 44.79 40.921 38.431 54.848 47.492 43.005 40.366 38.379 39.462 39.612 39.172 38.219 36.865 41.472 44.499 41.17 35.739 34.365 33.45 37.654
26.64146 43.758 48.974 56.496 58.284 52.458 48.328 45.969 57.287 51.836 47.82 43.95 41.46 57.877 50.522 46.034 43.395 41.409 42.492 42.641 42.201 41.249 39.894 44.501 47.529 44.2 38.768 37.394 36.48 40.683
27.447213 46.974 52.189 59.712 61.499 55.673 51.543 49.184 60.503 55.051 51.035 47.165 44.675 61.092 53.737 49.249 46.61 44.624 45.707 45.857 45.417 44.464 43.11 47.716 50.744 47.415 41.983 40.609 39.695 43.899
28.277335 50.386 55.602 63.124 64.912 59.086 54.956 52.597 63.915 58.464 54.448 50.578 48.088 64.505 57.15 52.662 50.023 48.037 49.12 49.269 48.829 47.877 46.522 51.129 54.157 50.828 45.396 44.022 43.108 47.311
29.132564 54.009 59.224 66.747 68.534 62.708 58.578 56.219 67.538 62.086 58.07 54.2 51.71 68.127 60.772 56.284 53.645 51.659 52.742 52.892 52.452 51.499 50.145 54.751 57.779 54.45 49.018 47.644 46.73 50.934
30.013659 57.853 63.069 70.591 72.379 66.552 62.423 60.064 71.382 65.931 61.915 58.045 55.555 71.972 64.617 60.129 57.49 55.504 56.587 56.736 56.296 55.344 53.989 58.596 61.624 58.295 52.863 51.489 50.575 54.778
30.921401 61.934 67.15 74.672 76.459 70.633 66.504 64.145 75.463 70.011 65.995 62.126 59.636 76.053 68.697 64.21 61.571 59.584 60.667 60.817 60.377 59.424 58.07 62.677 65.704 62.375 56.944 55.57 54.655 58.859
31.856598 66.265 71.481 79.003 80.791 74.965 70.835 68.476 79.794 74.343 70.327 66.457 63.967 80.384 73.029 68.541 65.902 63.916 64.999 65.148 64.708 63.756 62.401 67.008 70.036 66.707 61.275 59.901 58.987 63.191
32.820079 70.863 76.078 83.601 85.388 79.562 75.432 73.073 84.392 78.94 74.924 71.055 68.564 84.982 77.626 73.139 70.499 68.513 69.596 69.746 69.306 68.353 66.999 71.605 74.633 71.304 65.872 64.498 63.584 67.788
33.8127 75.742 80.958 88.48 90.267 84.441 80.312 77.953 89.271 83.82 79.804 75.934 73.444 89.861 82.506 78.018 75.379 73.393 74.476 74.625 74.185 73.233 71.878 76.485 79.513 76.184 70.752 69.378 68.464 72.667
34.835342 80.922 86.137 93.66 95.447 89.621 85.491 83.132 94.451 88.999 84.983 81.113 78.623 95.04 87.685 83.197 80.558 78.572 79.655 79.804 79.364 78.412 77.058 81.664 84.692 81.363 75.931 74.557 73.643 77.847
35.888913 86.419 91.634 99.157 100.944 95.118 90.988 88.629 99.948 94.496 90.48 86.611 84.12 100.538 93.182 88.695 86.055 84.069 85.152 85.302 84.862 83.909 82.555 87.161 90.189 86.86 81.428 80.054 79.14 83.344
36.974349 92.254 97.469 104.992 106.779 100.953 96.823 94.464 105.783 100.331 96.315 92.445 89.955 106.372 99.017 94.529 91.89 89.904 90.987 91.136 90.696 89.744 88.39 92.996 96.024 92.695 87.263 85.889 84.975 89.179
38.092613 98.447 103.662 111.185 112.972 107.146 103.016 100.657 111.976 106.524 102.508 98.638 96.148 112.565 105.21 100.722 98.083 96.097 97.18 97.33 96.889 95.937 94.583 99.189 102.217 98.888 93.456 92.082 91.168 95.372
39.244698 105.02 110.236 117.758 119.545 113.719 109.589 107.23 118.549 113.097 109.081 105.212 102.721 119.139 111.783 107.296 104.656 102.67 103.753 103.903 103.463 102.51 101.156 105.763 108.79 105.461 100.03 98.656 97.741 101.945
40.431627 111.997 117.213 124.735 126.522 120.696 116.566 114.207 125.526 120.074 116.058 112.189 109.698 126.116 118.76 114.273 111.633 109.647 110.73 110.88 110.44 109.487 108.133 112.74 115.767 112.438 107.007 105.632 104.718 108.922
41.654454 119.402 124.618 132.14 133.927 128.101 123.972 121.613 132.931 127.48 123.463 119.594 117.104 133.521 126.166 121.678 119.039 117.052 118.136 118.285 117.845 116.892 115.538 120.145 123.173 119.844 114.412 113.038 112.123 116.327
42.914265 127.262 132.478 140.0 141.788 135.962 131.832 129.473 140.791 135.34 131.324 127.454 124.964 141.381 134.026 129.538 126.899 124.913 125.996 126.145 125.705 124.753 123.398 128.005 131.033 127.704 122.272 120.898 119.984 124.187
44.212178 135.605 140.821 148.343 150.13 144.304 140.175 137.816 149.134 143.682 139.666 135.797 133.306 149.724 142.368 137.881 135.242 133.255 134.338 134.488 134.048 133.095 131.741 136.348 139.375 136.046 130.615 129.241 128.326 132.53
45.549345 144.46 149.676 157.198 158.985 153.159 149.03 146.671 157.989 152.537 148.521 144.652 142.161 158.579 151.223 146.736 144.097 142.11 143.193 143.343 142.903 141.95 140.596 145.203 148.23 144.901 139.47 138.096 137.181 141.385
46.926954 153.859 159.074 166.597 168.384 162.558 158.428 156.069 167.388 161.936 157.92 154.051 151.56 167.978 160.622 156.135 153.495 151.509 152.592 152.742 152.302 151.349 149.995 154.601 157.629 154.3 148.868 147.494 146.58 150.784
