web/models/kne.last_good/kappa_0.5_3.0.v1/8/villar_0.0416_0.3590_3.0000.dat
# %ECSV 1.0
# ---
# datatype:
# - {name: time, datatype: float64}
# - {name: swift_uvot_uvw2, datatype: float64}
# - {name: swift_uvot_uvm2, datatype: float64}
# - {name: swift_uvot_uvw1, datatype: float64}
# - {name: swift_uvot_U, datatype: float64}
# - {name: swift_uvot_B, datatype: float64}
# - {name: swift_uvot_V, datatype: float64}
# - {name: swift_uvot_W, datatype: float64}
# - {name: johnson_U, datatype: float64}
# - {name: johnson_B, datatype: float64}
# - {name: johnson_V, datatype: float64}
# - {name: johnson_R, datatype: float64}
# - {name: johnson_I, datatype: float64}
# - {name: sdss_u, datatype: float64}
# - {name: sdss_g, datatype: float64}
# - {name: sdss_r, datatype: float64}
# - {name: sdss_i, datatype: float64}
# - {name: sdss_z, datatype: float64}
# - {name: PS1_g, datatype: float64}
# - {name: PS1_r, datatype: float64}
# - {name: PS1_i, datatype: float64}
# - {name: PS1_z, datatype: float64}
# - {name: PS1_Y, datatype: float64}
# - {name: PS1_w, datatype: float64}
# - {name: ATLAS_c, datatype: float64}
# - {name: ATLAS_o, datatype: float64}
# - {name: ukirt_J, datatype: float64}
# - {name: ukirt_H, datatype: float64}
# - {name: ukirt_K, datatype: float64}
# - {name: Clear, datatype: float64}
# meta: !!omap
# - comment: [kappa = 3.0, type = villar, mass = 0.04162766037032262, velocity = 0.359, theta_obs = 0.0]
# schema: astropy-2.0
time swift_uvot_uvw2 swift_uvot_uvm2 swift_uvot_uvw1 swift_uvot_U swift_uvot_B swift_uvot_V swift_uvot_W johnson_U johnson_B johnson_V johnson_R johnson_I sdss_u sdss_g sdss_r sdss_i sdss_z PS1_g PS1_r PS1_i PS1_z PS1_Y PS1_w ATLAS_c ATLAS_o ukirt_J ukirt_H ukirt_K Clear
[from data line 77]
0.009917 -10.484 -10.49 -10.467 -10.332 -10.111 -9.83 -10.339 -10.302 -10.107 -9.82 -9.499 -9.11 -10.31 -10.023 -9.647 -9.347 -9.053 -10.006 -9.669 -9.372 -9.163 -9.105 -9.684 -9.877 -9.523 -8.441 -7.929 -7.327 -9.739
0.010217 -10.516 -10.526 -10.506 -10.376 -10.157 -9.878 -10.378 -10.347 -10.154 -9.869 -9.55 -9.161 -10.354 -10.07 -9.697 -9.398 -9.104 -10.053 -9.718 -9.422 -9.214 -9.155 -9.733 -9.925 -9.573 -8.494 -7.983 -7.381 -9.787
0.010526 -10.548 -10.561 -10.544 -10.42 -10.204 -9.927 -10.417 -10.391 -10.2 -9.918 -9.6 -9.213 -10.398 -10.117 -9.747 -9.449 -9.156 -10.1 -9.767 -9.473 -9.265 -9.205 -9.782 -9.973 -9.623 -8.547 -8.036 -7.435 -9.836
0.010845 -10.579 -10.596 -10.581 -10.463 -10.25 -9.975 -10.456 -10.435 -10.247 -9.966 -9.65 -9.264 -10.442 -10.164 -9.796 -9.499 -9.207 -10.148 -9.817 -9.523 -9.315 -9.254 -9.831 -10.021 -9.673 -8.6 -8.09 -7.489 -9.884
0.011173 -10.611 -10.631 -10.619 -10.507 -10.296 -10.024 -10.495 -10.479 -10.293 -10.014 -9.7 -9.315 -10.486 -10.211 -9.845 -9.55 -9.259 -10.195 -9.866 -9.573 -9.366 -9.304 -9.879 -10.069 -9.723 -8.652 -8.143 -7.543 -9.933
0.011511 -10.641 -10.666 -10.656 -10.55 -10.342 -10.072 -10.533 -10.523 -10.339 -10.063 -9.749 -9.367 -10.529 -10.258 -9.895 -9.6 -9.31 -10.242 -9.914 -9.623 -9.416 -9.353 -9.928 -10.117 -9.773 -8.705 -8.196 -7.597 -9.981
0.011859 -10.672 -10.7 -10.693 -10.593 -10.388 -10.12 -10.571 -10.566 -10.385 -10.111 -9.799 -9.418 -10.573 -10.305 -9.944 -9.651 -9.361 -10.288 -9.963 -9.673 -9.466 -9.403 -9.977 -10.165 -9.822 -8.758 -8.25 -7.651 -10.029
0.012217 -10.702 -10.734 -10.729 -10.636 -10.434 -10.168 -10.609 -10.609 -10.431 -10.159 -9.849 -9.468 -10.616 -10.351 -9.993 -9.701 -9.412 -10.335 -10.012 -9.723 -9.517 -9.452 -10.025 -10.212 -9.872 -8.81 -8.303 -7.704 -10.077
0.012587 -10.732 -10.767 -10.766 -10.678 -10.48 -10.216 -10.647 -10.652 -10.476 -10.207 -9.898 -9.519 -10.659 -10.398 -10.042 -9.751 -9.463 -10.381 -10.061 -9.773 -9.567 -9.501 -10.073 -10.259 -9.921 -8.862 -8.356 -7.758 -10.124
0.012968 -10.762 -10.8 -10.802 -10.72 -10.525 -10.264 -10.685 -10.695 -10.522 -10.255 -9.947 -9.57 -10.702 -10.444 -10.09 -9.801 -9.514 -10.428 -10.109 -9.822 -9.617 -9.551 -10.121 -10.307 -9.97 -8.915 -8.409 -7.812 -10.172
0.01336 -10.791 -10.833 -10.838 -10.762 -10.57 -10.311 -10.722 -10.738 -10.567 -10.302 -9.997 -9.621 -10.744 -10.49 -10.139 -9.851 -9.565 -10.474 -10.157 -9.872 -9.667 -9.6 -10.17 -10.354 -10.019 -8.967 -8.462 -7.865 -10.22
0.013764 -10.82 -10.866 -10.873 -10.804 -10.615 -10.359 -10.759 -10.78 -10.612 -10.35 -10.046 -9.671 -10.787 -10.536 -10.187 -9.901 -9.616 -10.52 -10.206 -9.921 -9.717 -9.649 -10.217 -10.401 -10.069 -9.019 -8.515 -7.919 -10.267
0.01418 -10.848 -10.898 -10.908 -10.846 -10.66 -10.406 -10.796 -10.822 -10.657 -10.397 -10.095 -9.722 -10.829 -10.581 -10.236 -9.951 -9.667 -10.566 -10.254 -9.971 -9.767 -9.698 -10.265 -10.447 -10.117 -9.071 -8.568 -7.973 -10.314
0.014609 -10.876 -10.93 -10.943 -10.888 -10.705 -10.453 -10.832 -10.864 -10.702 -10.444 -10.144 -9.772 -10.871 -10.627 -10.284 -10.0 -9.718 -10.611 -10.302 -10.02 -9.817 -9.747 -10.313 -10.494 -10.166 -9.124 -8.621 -8.026 -10.361
0.015051 -10.904 -10.961 -10.978 -10.929 -10.75 -10.5 -10.869 -10.906 -10.746 -10.491 -10.193 -9.823 -10.913 -10.672 -10.332 -10.05 -9.768 -10.657 -10.35 -10.069 -9.866 -9.796 -10.36 -10.541 -10.215 -9.176 -8.673 -8.079 -10.408
0.015506 -10.931 -10.993 -11.012 -10.97 -10.794 -10.547 -10.905 -10.948 -10.791 -10.538 -10.241 -9.873 -10.954 -10.718 -10.38 -10.099 -9.819 -10.702 -10.398 -10.119 -9.916 -9.845 -10.408 -10.587 -10.264 -9.227 -8.726 -8.133 -10.455
0.015975 -10.958 -11.023 -11.046 -11.011 -10.838 -10.594 -10.941 -10.989 -10.835 -10.585 -10.29 -9.923 -10.996 -10.763 -10.428 -10.149 -9.869 -10.748 -10.445 -10.168 -9.965 -9.894 -10.455 -10.633 -10.312 -9.279 -8.779 -8.186 -10.502
0.016458 -10.985 -11.054 -11.08 -11.051 -10.882 -10.641 -10.977 -11.031 -10.879 -10.632 -10.338 -9.973 -11.037 -10.808 -10.476 -10.198 -9.919 -10.793 -10.493 -10.217 -10.015 -9.943 -10.502 -10.679 -10.361 -9.331 -8.832 -8.24 -10.548
0.016956 -11.011 -11.084 -11.113 -11.092 -10.926 -10.687 -11.012 -11.072 -10.923 -10.679 -10.387 -10.023 -11.078 -10.853 -10.524 -10.247 -9.97 -10.838 -10.54 -10.265 -10.064 -9.991 -10.55 -10.725 -10.409 -9.383 -8.884 -8.293 -10.595
0.017469 -11.037 -11.114 -11.146 -11.132 -10.97 -10.734 -11.047 -11.112 -10.967 -10.725 -10.435 -10.073 -11.118 -10.897 -10.572 -10.296 -10.02 -10.883 -10.588 -10.314 -10.114 -10.04 -10.596 -10.771 -10.457 -9.435 -8.937 -8.346 -10.641
0.017997 -11.063 -11.143 -11.179 -11.172 -11.014 -10.78 -11.082 -11.153 -11.01 -10.771 -10.483 -10.123 -11.159 -10.942 -10.619 -10.345 -10.07 -10.927 -10.635 -10.363 -10.163 -10.089 -10.643 -10.817 -10.505 -9.486 -8.989 -8.399 -10.688
0.018541 -11.088 -11.172 -11.212 -11.212 -11.057 -10.826 -11.117 -11.194 -11.054 -10.818 -10.531 -10.173 -11.199 -10.986 -10.666 -10.394 -10.12 -10.972 -10.682 -10.411 -10.212 -10.137 -10.69 -10.863 -10.553 -9.538 -9.042 -8.452 -10.734
0.019102 -11.113 -11.201 -11.244 -11.251 -11.1 -10.872 -11.151 -11.234 -11.097 -10.864 -10.579 -10.222 -11.239 -11.03 -10.714 -10.443 -10.17 -11.016 -10.729 -10.46 -10.261 -10.186 -10.737 -10.908 -10.601 -9.589 -9.094 -8.505 -10.78
0.01968 -11.137 -11.23 -11.276 -11.291 -11.144 -10.918 -11.186 -11.274 -11.14 -10.91 -10.627 -10.272 -11.279 -11.075 -10.761 -10.492 -10.22 -11.061 -10.776 -10.508 -10.31 -10.234 -10.783 -10.953 -10.649 -9.641 -9.146 -8.559 -10.825
0.020275 -11.161 -11.258 -11.308 -11.33 -11.186 -10.964 -11.22 -11.313 -11.183 -10.955 -10.675 -10.322 -11.319 -11.118 -10.808 -10.54 -10.269 -11.105 -10.823 -10.557 -10.359 -10.283 -10.829 -10.999 -10.696 -9.692 -9.199 -8.612 -10.871
0.020888 -11.185 -11.285 -11.339 -11.369 -11.229 -11.01 -11.254 -11.353 -11.226 -11.001 -10.723 -10.371 -11.358 -11.162 -10.855 -10.589 -10.319 -11.149 -10.869 -10.605 -10.408 -10.331 -10.876 -11.044 -10.744 -9.744 -9.251 -8.665 -10.917
0.02152 -11.208 -11.313 -11.37 -11.407 -11.272 -11.055 -11.287 -11.392 -11.268 -11.047 -10.77 -10.42 -11.398 -11.206 -10.901 -10.637 -10.369 -11.193 -10.916 -10.653 -10.457 -10.38 -10.922 -11.088 -10.791 -9.795 -9.303 -8.717 -10.962
0.022171 -11.231 -11.34 -11.401 -11.446 -11.314 -11.1 -11.32 -11.431 -11.311 -11.092 -10.818 -10.47 -11.437 -11.249 -10.948 -10.685 -10.418 -11.236 -10.962 -10.701 -10.506 -10.428 -10.968 -11.133 -10.839 -9.846 -9.355 -8.77 -11.008
0.022841 -11.253 -11.366 -11.431 -11.484 -11.356 -11.146 -11.354 -11.47 -11.353 -11.137 -10.865 -10.519 -11.475 -11.292 -10.995 -10.734 -10.467 -11.28 -11.009 -10.749 -10.554 -10.476 -11.013 -11.178 -10.886 -9.897 -9.407 -8.823 -11.053
0.023532 -11.275 -11.392 -11.461 -11.522 -11.398 -11.191 -11.386 -11.509 -11.395 -11.182 -10.912 -10.568 -11.514 -11.335 -11.041 -10.782 -10.517 -11.323 -11.055 -10.797 -10.603 -10.524 -11.059 -11.222 -10.933 -9.948 -9.459 -8.876 -11.098
0.024244 -11.297 -11.418 -11.491 -11.56 -11.44 -11.236 -11.419 -11.547 -11.437 -11.227 -10.959 -10.617 -11.552 -11.378 -11.087 -10.83 -10.566 -11.366 -11.101 -10.845 -10.652 -10.572 -11.105 -11.266 -10.98 -9.999 -9.511 -8.929 -11.143
0.024977 -11.318 -11.443 -11.52 -11.597 -11.482 -11.28 -11.451 -11.586 -11.479 -11.272 -11.006 -10.666 -11.59 -11.421 -11.133 -10.878 -10.615 -11.409 -11.147 -10.892 -10.7 -10.621 -11.15 -11.311 -11.027 -10.05 -9.563 -8.981 -11.187
0.025733 -11.339 -11.468 -11.549 -11.634 -11.523 -11.325 -11.484 -11.624 -11.52 -11.317 -11.053 -10.714 -11.628 -11.464 -11.18 -10.926 -10.664 -11.452 -11.193 -10.94 -10.748 -10.669 -11.195 -11.355 -11.073 -10.101 -9.615 -9.034 -11.232
0.026511 -11.36 -11.493 -11.578 -11.671 -11.565 -11.37 -11.516 -11.661 -11.561 -11.361 -11.1 -10.763 -11.666 -11.506 -11.225 -10.973 -10.713 -11.495 -11.239 -10.987 -10.797 -10.716 -11.241 -11.398 -11.12 -10.152 -9.667 -9.087 -11.277
0.027313 -11.38 -11.517 -11.607 -11.708 -11.606 -11.414 -11.547 -11.699 -11.603 -11.406 -11.147 -10.812 -11.703 -11.548 -11.271 -11.021 -10.762 -11.537 -11.284 -11.035 -10.845 -10.764 -11.286 -11.442 -11.166 -10.203 -9.719 -9.139 -11.321
0.028139 -11.399 -11.541 -11.635 -11.745 -11.647 -11.458 -11.579 -11.736 -11.643 -11.45 -11.193 -10.86 -11.74 -11.59 -11.317 -11.068 -10.811 -11.58 -11.33 -11.082 -10.893 -10.812 -11.331 -11.486 -11.213 -10.253 -9.77 -9.192 -11.365
0.02899 -11.419 -11.565 -11.662 -11.781 -11.687 -11.502 -11.61 -11.773 -11.684 -11.494 -11.24 -10.909 -11.777 -11.632 -11.362 -11.116 -10.86 -11.622 -11.375 -11.129 -10.941 -10.86 -11.375 -11.529 -11.259 -10.304 -9.822 -9.245 -11.409
0.029867 -11.437 -11.588 -11.69 -11.817 -11.728 -11.546 -11.641 -11.81 -11.725 -11.538 -11.286 -10.957 -11.814 -11.674 -11.408 -11.163 -10.908 -11.664 -11.42 -11.176 -10.989 -10.908 -11.42 -11.572 -11.305 -10.355 -9.874 -9.297 -11.453
0.03077 -11.456 -11.61 -11.717 -11.853 -11.768 -11.59 -11.672 -11.847 -11.765 -11.582 -11.332 -11.005 -11.85 -11.715 -11.453 -11.21 -10.957 -11.706 -11.465 -11.223 -11.037 -10.955 -11.465 -11.615 -11.351 -10.405 -9.925 -9.349 -11.497
0.031701 -11.474 -11.632 -11.744 -11.888 -11.808 -11.634 -11.702 -11.883 -11.805 -11.626 -11.378 -11.053 -11.887 -11.757 -11.498 -11.257 -11.005 -11.748 -11.51 -11.27 -11.084 -11.003 -11.509 -11.658 -11.397 -10.456 -9.977 -9.402 -11.541
0.032659 -11.491 -11.654 -11.77 -11.923 -11.848 -11.677 -11.732 -11.919 -11.845 -11.669 -11.424 -11.102 -11.922 -11.798 -11.543 -11.304 -11.054 -11.789 -11.555 -11.317 -11.132 -11.05 -11.553 -11.701 -11.443 -10.506 -10.028 -9.454 -11.584
0.033647 -11.508 -11.676 -11.796 -11.958 -11.888 -11.72 -11.762 -11.955 -11.885 -11.713 -11.47 -11.15 -11.958 -11.839 -11.588 -11.351 -11.102 -11.83 -11.6 -11.363 -11.18 -11.098 -11.597 -11.744 -11.489 -10.556 -10.08 -9.507 -11.628
0.034665 -11.525 -11.696 -11.822 -11.993 -11.928 -11.763 -11.792 -11.99 -11.925 -11.756 -11.516 -11.197 -11.994 -11.88 -11.633 -11.398 -11.15 -11.872 -11.645 -11.41 -11.227 -11.145 -11.641 -11.786 -11.534 -10.607 -10.131 -9.559 -11.671
0.035713 -11.541 -11.717 -11.847 -12.027 -11.967 -11.806 -11.822 -12.026 -11.964 -11.799 -11.561 -11.245 -12.029 -11.92 -11.677 -11.445 -11.198 -11.913 -11.689 -11.456 -11.275 -11.193 -11.685 -11.828 -11.58 -10.657 -10.182 -9.611 -11.714
0.036793 -11.557 -11.737 -11.872 -12.062 -12.006 -11.849 -11.851 -12.061 -12.003 -11.842 -11.607 -11.293 -12.064 -11.961 -11.722 -11.491 -11.246 -11.953 -11.733 -11.503 -11.322 -11.24 -11.729 -11.87 -11.625 -10.707 -10.234 -9.663 -11.757
0.037906 -11.572 -11.757 -11.896 -12.096 -12.045 -11.892 -11.88 -12.095 -12.042 -11.884 -11.652 -11.341 -12.098 -12.001 -11.766 -11.537 -11.294 -11.994 -11.777 -11.549 -11.369 -11.287 -11.772 -11.912 -11.67 -10.757 -10.285 -9.715 -11.8
0.039052 -11.587 -11.776 -11.921 -12.129 -12.084 -11.934 -11.909 -12.13 -12.081 -11.927 -11.697 -11.388 -12.133 -12.041 -11.81 -11.584 -11.342 -12.035 -11.821 -11.595 -11.417 -11.334 -11.816 -11.954 -11.715 -10.807 -10.336 -9.768 -11.842
0.040234 -11.601 -11.795 -11.945 -12.163 -12.122 -11.977 -11.937 -12.164 -12.119 -11.969 -11.742 -11.435 -12.167 -12.081 -11.854 -11.63 -11.39 -12.075 -11.865 -11.641 -11.464 -11.381 -11.859 -11.996 -11.76 -10.857 -10.387 -9.82 -11.885
0.04145 -11.615 -11.813 -11.968 -12.196 -12.16 -12.019 -11.965 -12.198 -12.158 -12.012 -11.787 -11.483 -12.2 -12.12 -11.898 -11.676 -11.438 -12.115 -11.909 -11.687 -11.511 -11.428 -11.902 -12.037 -11.805 -10.907 -10.438 -9.872 -11.927
0.042704 -11.629 -11.831 -11.991 -12.228 -12.198 -12.061 -11.993 -12.232 -12.196 -12.054 -11.832 -11.53 -12.234 -12.16 -11.942 -11.722 -11.485 -12.155 -11.953 -11.733 -11.558 -11.475 -11.945 -12.078 -11.85 -10.957 -10.489 -9.924 -11.969
0.043996 -11.642 -11.848 -12.014 -12.261 -12.236 -12.103 -12.021 -12.265 -12.233 -12.096 -11.877 -11.577 -12.267 -12.199 -11.986 -11.768 -11.533 -12.194 -11.996 -11.778 -11.604 -11.522 -11.988 -12.119 -11.894 -11.006 -10.54 -9.976 -12.011
0.045326 -11.654 -11.865 -12.036 -12.293 -12.274 -12.144 -12.049 -12.298 -12.271 -12.137 -11.921 -11.624 -12.3 -12.238 -12.029 -11.814 -11.58 -12.234 -12.04 -11.824 -11.651 -11.569 -12.03 -12.16 -11.938 -11.056 -10.591 -10.028 -12.053
0.046697 -11.666 -11.881 -12.058 -12.325 -12.311 -12.186 -12.076 -12.331 -12.309 -12.179 -11.966 -11.671 -12.333 -12.277 -12.073 -11.859 -11.627 -12.273 -12.083 -11.869 -11.698 -11.616 -12.073 -12.201 -11.983 -11.106 -10.642 -10.079 -12.095
0.048109 -11.678 -11.897 -12.08 -12.357 -12.348 -12.227 -12.103 -12.364 -12.346 -12.22 -12.01 -11.718 -12.365 -12.316 -12.116 -11.905 -11.674 -12.312 -12.126 -11.915 -11.744 -11.662 -12.115 -12.241 -12.027 -11.155 -10.693 -10.131 -12.136
0.049564 -11.689 -11.913 -12.101 -12.388 -12.385 -12.268 -12.13 -12.396 -12.383 -12.261 -12.054 -11.764 -12.397 -12.354 -12.159 -11.95 -11.721 -12.351 -12.169 -11.96 -11.791 -11.709 -12.157 -12.282 -12.071 -11.204 -10.743 -10.183 -12.178
0.051063 -11.7 -11.928 -12.121 -12.419 -12.422 -12.309 -12.156 -12.428 -12.419 -12.303 -12.098 -11.811 -12.429 -12.392 -12.202 -11.995 -11.768 -12.39 -12.211 -12.005 -11.837 -11.756 -12.199 -12.322 -12.115 -11.254 -10.794 -10.235 -12.219
0.052608 -11.71 -11.942 -12.142 -12.45 -12.459 -12.35 -12.183 -12.46 -12.456 -12.343 -12.142 -11.857 -12.461 -12.43 -12.244 -12.04 -11.815 -12.428 -12.254 -12.05 -11.883 -11.802 -12.241 -12.362 -12.158 -11.303 -10.845 -10.287 -12.26
0.054199 -11.719 -11.956 -12.162 -12.48 -12.495 -12.391 -12.209 -12.491 -12.492 -12.384 -12.186 -11.904 -12.492 -12.468 -12.287 -12.085 -11.862 -12.467 -12.296 -12.095 -11.929 -11.848 -12.283 -12.402 -12.202 -11.352 -10.895 -10.338 -12.301
0.055838 -11.728 -11.969 -12.181 -12.51 -12.531 -12.431 -12.234 -12.522 -12.528 -12.425 -12.229 -11.95 -12.523 -12.505 -12.329 -12.13 -11.909 -12.505 -12.339 -12.14 -11.975 -11.895 -12.324 -12.441 -12.245 -11.402 -10.946 -10.39 -12.342
0.057527 -11.737 -11.982 -12.2 -12.54 -12.566 -12.471 -12.26 -12.553 -12.564 -12.465 -12.273 -11.996 -12.553 -12.543 -12.371 -12.175 -11.955 -12.543 -12.381 -12.184 -12.021 -11.941 -12.366 -12.481 -12.288 -11.451 -10.996 -10.441 -12.382
0.059267 -11.745 -11.995 -12.219 -12.569 -12.602 -12.511 -12.285 -12.584 -12.599 -12.505 -12.316 -12.042 -12.584 -12.58 -12.413 -12.22 -12.002 -12.58 -12.423 -12.229 -12.067 -11.987 -12.407 -12.52 -12.331 -11.5 -11.047 -10.493 -12.423
0.061059 -11.753 -12.007 -12.237 -12.598 -12.637 -12.551 -12.31 -12.614 -12.635 -12.545 -12.359 -12.088 -12.614 -12.617 -12.455 -12.264 -12.048 -12.618 -12.465 -12.273 -12.113 -12.033 -12.448 -12.559 -12.374 -11.549 -11.097 -10.545 -12.463
0.062906 -11.76 -12.018 -12.255 -12.627 -12.672 -12.591 -12.335 -12.644 -12.67 -12.585 -12.402 -12.134 -12.643 -12.653 -12.497 -12.308 -12.094 -12.655 -12.506 -12.317 -12.159 -12.079 -12.489 -12.597 -12.417 -11.597 -11.147 -10.596 -12.503
0.064808 -11.766 -12.029 -12.272 -12.655 -12.707 -12.63 -12.359 -12.673 -12.704 -12.624 -12.445 -12.18 -12.673 -12.69 -12.539 -12.353 -12.14 -12.692 -12.548 -12.361 -12.204 -12.125 -12.529 -12.636 -12.46 -11.646 -11.197 -10.647 -12.543
0.066769 -11.772 -12.039 -12.289 -12.683 -12.741 -12.669 -12.384 -12.702 -12.739 -12.663 -12.488 -12.225 -12.701 -12.726 -12.58 -12.397 -12.186 -12.729 -12.589 -12.405 -12.249 -12.17 -12.57 -12.674 -12.502 -11.695 -11.248 -10.699 -12.582
0.068788 -11.778 -12.049 -12.306 -12.711 -12.775 -12.709 -12.408 -12.731 -12.773 -12.703 -12.53 -12.271 -12.73 -12.762 -12.621 -12.441 -12.232 -12.765 -12.63 -12.449 -12.295 -12.216 -12.61 -12.713 -12.545 -11.744 -11.298 -10.75 -12.622
0.070868 -11.783 -12.058 -12.322 -12.738 -12.809 -12.747 -12.431 -12.76 -12.807 -12.741 -12.573 -12.316 -12.758 -12.797 -12.662 -12.484 -12.278 -12.801 -12.671 -12.493 -12.34 -12.262 -12.65 -12.75 -12.587 -11.792 -11.348 -10.801 -12.661
0.073012 -11.787 -12.067 -12.337 -12.765 -12.843 -12.786 -12.455 -12.788 -12.841 -12.78 -12.615 -12.361 -12.786 -12.833 -12.703 -12.528 -12.323 -12.837 -12.712 -12.537 -12.385 -12.307 -12.69 -12.788 -12.629 -11.841 -11.398 -10.853 -12.7
