web/models/kne/51/mosfit_kn_0.117276_0.3747_3.6500.dat
# %ECSV 1.0
# ---
# datatype:
# - {name: time, datatype: float64}
# - {name: PS1_g, datatype: float64}
# - {name: PS1_i, datatype: float64}
# - {name: PS1_r, datatype: float64}
# - {name: PS1_w, datatype: float64}
# - {name: PS1_y, datatype: float64}
# - {name: PS1_z, datatype: float64}
# - {name: swift_uvot_B, datatype: float64}
# - {name: swift_uvot_U, datatype: float64}
# - {name: swift_uvot_uvm2, datatype: float64}
# - {name: swift_uvot_uvw1, datatype: float64}
# - {name: swift_uvot_uvw2, datatype: float64}
# - {name: swift_uvot_V, datatype: float64}
# - {name: johnson_B, datatype: float64}
# - {name: johnson_I, datatype: float64}
# - {name: johnson_R, datatype: float64}
# - {name: johnson_U, datatype: float64}
# - {name: johnson_V, datatype: float64}
# - {name: sdss_g, datatype: float64}
# - {name: sdss_i, datatype: float64}
# - {name: sdss_r, datatype: float64}
# - {name: sdss_u, datatype: float64}
# - {name: sdss_z, datatype: float64}
# - {name: ATLAS_c, datatype: float64}
# - {name: ATLAS_o, datatype: float64}
# - {name: ukirt_H, datatype: float64}
# - {name: ukirt_J, datatype: float64}
# - {name: ukirt_K, datatype: float64}
# - {name: Clear, datatype: float64}
# meta: !!omap
# - comment: [kappa = 3.65, type = rprocess, mass = 0.11727632184323686, velocity = 0.3746666666666667, theta_obs = 0.0, tfloor = 1000.0]
# schema: astropy-2.0
time PS1_g PS1_i PS1_r PS1_w PS1_y PS1_z swift_uvot_B swift_uvot_U swift_uvot_uvm2 swift_uvot_uvw1 swift_uvot_uvw2 swift_uvot_V johnson_B johnson_I johnson_R johnson_U johnson_V sdss_g sdss_i sdss_r sdss_u sdss_z ATLAS_c ATLAS_o ukirt_H ukirt_J ukirt_K Clear
[from data line 142]
8.597194388777554 -1.2554849131972645 -8.157104364105212 -5.466018063353868 -6.741022204007976 -10.818544136991797 -9.765136410943658 1.4887761031523261 6.4056731321601745 18.20986116953518 4.7198532935001225 6.849200466854622 -2.9450266122065765 0.7247986993409368 -9.422104977833811 -6.908597932485894 5.666865533869927 -3.533837921439777 -0.619902157418295 -8.094231710819209 -5.319234406151008 6.978524995001738 -10.150436285254685 -3.787734829822611 -7.244156660337353 -14.372503513971784 -12.85497795637651 -15.2754503155416 -8.358818893499329
8.657314629258517 -1.1018486952133166 -8.057442620294388 -5.3448524715616585 -6.638230524656361 -10.742433792772061 -9.679170327479163 1.6640638416709208 6.627934129548372 18.492490071686905 4.881100866491455 7.019084466671487 -2.8011857392096866 0.889182586763418 -9.330167051881634 -6.802811835521177 5.881583773306012 -3.3987278983831333 -0.46138665371557863 -7.994029934110607 -5.195975888996482 7.198979075334329 -10.069145509632289 -3.6581224609646767 -7.141385004514227 -14.334131387562897 -12.799447678343332 -15.249429649997664 -8.273570099090772
8.71743486973948 -0.9468359173179586 -7.956797067840604 -5.222554451908916 -6.534477473864566 -10.665509060462668 -9.59231320409593 1.8408902524965576 6.852108607763103 18.77720819700094 5.043609568445486 7.190419124963011 -2.6560219451612115 1.054958036080947 -9.237310343672533 -6.696090449528421 6.098137826513568 -3.262430571465253 -0.30146152505796664 -7.892842391806951 -5.071560539219533 7.421327763359091 -9.987023022606127 -3.527335700720897 -7.037652909873788 -14.295241075065393 -12.743268028248876 -15.222989984498303 -8.18752916341463
8.77755511022044 -0.7905567157439997 -7.855243183630556 -5.099213449136482 -6.429840565994258 -10.587830072850082 -9.504631487913642 2.0191311083197663 7.078042469230503 19.063823693926555 5.207264036292862 7.363083888128777 -2.509639188501514 1.2220070068928341 -9.143605462097312 -6.588514619165047 6.316377838032608 -3.1250456765242847 -0.14024015853514982 -7.790744970860342 -4.946079107942722 7.64541771211416 -9.904132813493458 -3.395469219674574 -6.933038116654 -14.255868354200219 -12.686485945372928 -15.196159054644943 -8.100762802256245
8.837675350701403 -0.6329510421666562 -7.752740672238563 -4.974781463011428 -6.3242784192600965 -10.509364928571134 -9.41608965235142 2.1988541944497877 7.305821003962887 19.35244484254105 5.3721266662011935 7.537144723444712 -2.361981110233569 1.390392427605583 -9.049015037327887 -6.480043318071503 6.536385711587592 -2.986521504474184 0.022339157192003967 -7.687697244286067 -4.81948278665314 7.871333130021672 -9.820441639614064 -3.2624717405664327 -6.827499486249966 -14.215995024806494 -12.629077091190533 -15.168923074209049 -8.013236555812835
8.897795591182364 -0.47398078583736236 -7.649264146692989 -4.849228207183245 -6.217764994708492 -10.43009356323557 -9.326665287908416 2.380102539097412 7.535498645152572 19.643141116572206 5.538236845241862 7.71264350674732 -2.213012007677844 1.560153843850088 -8.953515608478526 -6.3706512936502095 6.758213453274109 -2.846825931194254 0.18631555544942557 -7.58367376658823 -4.691740749470359 8.099127593253037 -9.735928793383586 -3.1283108101709622 -6.7210112176608305 -14.175609818451347 -12.571026291725572 -15.141273583415787 -7.924929054351324
8.957915831663327 -0.31372899990117276 -7.544870673038115 -4.722621245291823 -6.110358807734588 -10.35006147880658 -9.236408635265061 2.562782462296952 7.766959319651363 19.935769079269814 5.705507902663776 7.889489425635748 -2.062810376704374 1.7312021282864938 -8.857160600654883 -6.260399846239165 6.981748039310716 -2.706034554258527 0.35160351113548316 -7.478731927463347 -4.5629215525550215 8.328685481188884 -9.650642792274322 -2.9930578215867243 -6.613632042619386 -14.134739895925959 -12.512369129304107 -15.11323166220057 -7.835890772896814
9.018036072144287 -0.1521214969083573 -7.4395103079355 -4.5949011494350245 -6.002008621264849 -10.269229074547042 -9.145275641042172 2.746977688466349 8.000308197214121 20.230461793848665 5.8740168713270435 8.067763853193327 -1.9113065277521926 1.9036151470956992 -8.759903652395657 -6.149237934810626 7.207090571454778 -2.5640832106963147 0.5182792672684755 -7.37282161389194 -4.432964779865802 8.560110703868844 -9.564542320265428 -2.8566493865057296 -6.505310959797992 -14.093362513334158 -12.453075292279843 -15.084780012922854 -7.746078925627646
9.07815631262525 0.010761712277531643 -7.333238057128231 -4.4661330197947535 -5.8927707725554335 -10.187640219517498 -9.053314739337974 2.9325979648805047 8.235433434887618 20.527081609640035 6.043680537657519 8.247379353718213 -1.7585761246709388 2.0773070906068507 -8.66179625853307 -6.03722457184696 7.434132136721033 -2.4210447593110347 0.6862604269064043 -7.265998145254997 -4.301936502140542 8.793291835361075 -9.477674157868297 -2.719154254547753 -6.3961045132002425 -14.051503850548704 -12.393179080924115 -15.055938943678251 -7.655542082521922
9.138276553106213 0.17501908988167614 -7.225987437317514 -4.336237818799571 -5.782577102595816 -10.105242138964723 -8.960467281879634 3.1197543951979236 8.47247435752422 20.82580411770708 6.214601093383791 8.428443819339414 -1.6045265907189445 2.2523815303832744 -8.562776639940985 -5.924291460959464 7.663006857555271 -2.2768335549799064 0.8556481957165474 -7.158194797345789 -4.169756383727545 9.028366658137141 -9.389983126792458 -2.5804882435966725 -6.285944777342554 -14.009133422238678 -12.332639978254319 -15.026685194660486 -7.5642231263667625
9.198396793587174 0.34069538974565106 -7.117728506585976 -4.205179882362842 -5.6713969464100344 -10.022011107605291 -8.866706808552518 3.308497481426248 8.711494714570058 21.12671043266832 6.386824786044496 8.61100629903374 -1.4491159637631348 2.428884962815086 -8.46281709515295 -5.810408719383056 7.893775691446503 -2.131411746289939 1.0264885173437754 -7.049381558910746 -4.036388138653972 9.26539795157451 -9.301444739012226 -2.440613212024356 -6.174801310454114 -13.966237765347119 -12.271439955023878 -14.99700858880036 -7.4720968228277584
9.258517034068136 0.5076767699697449 -7.00853930841598 -4.073051622843291 -5.55931017561937 -9.938009324283748 -8.772102066459144 3.4986987940674377 8.95233498595637 21.429604025254672 6.56023361003955 8.794942376664757 -1.2924518421162758 2.6066957760863256 -8.361990588718335 -5.695659361562851 8.126283605289888 -1.984882215332495 1.198664185844951 -6.939636892923655 -3.901925600631273 9.504226976653616 -9.212125107117952 -2.299626856562398 -6.062754169997202 -13.922853773212987 -12.209627477237015 -14.966937647221508 -7.379231662452419
9.318637274549097 0.6760437651182372 -6.898365539295241 -3.9397884743950407 -5.4462611568149555 -9.853193676994021 -8.676605116133338 3.6904491976437983 9.195109256733307 21.734628878148417 6.734911041504752 8.980340249561745 -1.1344585433026502 2.7858984293674953 -8.26024670483526 -5.579987983075772 8.360640249449698 -1.8371753714104397 1.372257946855182 -6.828906317948 -3.7663031316795603 9.744966444291805 -9.121979309196249 -2.157460369176434 -5.949747944137549 -13.87895659915113 -12.14716949823332 -14.936453429631287 -7.285581219809245
9.37875751503006 0.8457730077862102 -6.787223640873883 -3.805409777640918 -5.332266669737926 -9.767577345603993 -8.580230391771249 3.8837223313638427 9.43978533493775 22.041747097703507 6.910832969612368 9.167174473162568 -0.9751583700742942 2.966467252614105 -8.15760097720321 -5.463413135626348 8.596813765854659 -1.6883138253031202 1.5472456595999695 -6.71720641823784 -3.6295403403550353 9.987583934471918 -9.031021780398305 -2.0141339323744134 -5.835799607920009 -13.834554383868161 -12.084076532749995 -14.905562344307624 -7.1911604670659734
9.438877755511022 1.0169047622497729 -6.675086717150691 -3.669883484161769 -5.217299159513171 -9.681139012834006 -8.482954104005653 4.078563619113184 9.686420608471629 22.351032077877196 7.088041117888881 9.355489161563973 -0.8145136137712442 3.1484439711135397 -8.054028544014013 -5.345908138374445 8.834858928220111 -1.5382637958903242 1.723668633176505 -6.604510248146482 -3.4916046242193843 10.2321358891653 -8.939230614815372 -1.8696132366521923 -5.720881813315408 -13.789635039456696 -12.020332395348985 -14.874255247632052 -7.095946819732646
9.498997995991983 1.1894696658033155 -6.561934419930182 -3.5331853187104123 -5.101337790525058 -9.593862563170017 -8.384758227351465 4.275007619421655 9.935058912344363 22.662540288084895 7.266567199250673 9.545317875569324 -0.6524956417490316 3.3318600715327267 -7.94951065061798 -5.22745320537424 9.074817380627678 -1.3870000939593272 1.9015582671600662 -6.49079744213525 -3.352471276863618 10.478665293186058 -8.846589413948767 -1.7238722237464899 -5.6049739270410015 -13.744189519230863 -11.955924923943575 -14.842525328903838 -6.99992341373795
9.559118236472946 1.3633463960769454 -6.447849918908091 -3.3954137140872476 -4.984467502916097 -9.505814303034139 -8.285716064140356 4.472917458374121 10.1855300630967 22.976063115172934 7.446286253988976 9.736528166548922 -0.48921919738558445 3.516586283427006 -7.844125014080446 -5.108136318698063 9.3165238398229 -1.234632092291201 2.080789658880615 -6.376151609035823 -3.212240294338038 10.727002834013817 -8.753168566502918 -1.577014904576881 -5.488161041395845 -13.698257074005758 -11.890905719262948 -14.810402884773078 -6.903162876856008
9.619238476953907 1.5386632352386975 -6.332746349534055 -3.25646553829678 -4.8665994620682085 -9.416925155335782 -8.185750905562195 4.672437846510843 10.438015378680365 23.291827550391538 7.627330851880494 9.929260285012674 -0.324563541973 3.7027574315929317 -7.737790887079693 -4.987868386083172 9.56015287536746 -1.0810481495577282 2.2614946351426823 -6.260485575778212 -3.0708068441038527 10.977327863486614 -8.658895918035512 -1.4289316223037218 -5.370354543471922 -13.651797599953424 -11.825221631800849 -14.777857228153549 -6.805590794881908
9.67935871743487 1.7154287405082513 -6.216618396320381 -3.11633433971517 -4.747728198501999 -9.327190962113168 -8.084857975970348 4.873578424245623 10.69252757483854 23.60985154241681 7.809709988612319 10.123523647744378 -0.15852088567709618 3.8903816183016597 -7.630503526978308 -4.866645308122675 9.805716014767121 -0.9262427080691868 2.4436818707452446 -6.143794080941873 -2.928164338571797 11.22965247593779 -8.5637676997721 -1.2796152149783957 -5.25154914834852 -13.604809034327603 -11.758869738194198 -14.744886899971926 -6.707203327042972
9.739478957915832 1.8935694372174972 -6.0995166410523005 -2.975079902017015 -4.6279052943105725 -9.236652089052857 -7.983081834903594 5.076256292059708 10.948963797686098 23.930010255847368 7.9933483383551795 10.319238121361188 0.00883913710148147 4.079380278315231 -7.522310272844282 -4.744521013303438 10.053113085017678 -0.7702827518744269 2.6272756703404987 -6.0261280029291875 -2.784373515898171 11.483874140112693 -8.467826984486546 -1.1291287050693555 -5.13179658774952 -13.557315398986807 -11.691881549324153 -14.711510477773436 -6.608044832107733
9.799599198396793 2.073137215714098 -5.981406247001857 -2.832660775569167 -4.507095101244385 -9.145280870076693 -7.8803916584510425 5.2805299714262945 11.207397766638003 24.25239729981718 8.178299678703116 10.516460465188096 0.17756518708851057 4.269807368472836 -7.413178869239757 -4.621460649407337 10.30241458606432 -0.6131243827044994 2.812329271292242 -5.907452431666247 -2.6393922297426364 11.740065451472379 -8.37104526825268 -0.9774278295310168 -5.011061402027419 -13.509300837834653 -11.624235944145392 -14.67771589364945 -6.508085934688879
9.859719438877756 2.2540990656075444 -5.862310229051264 -2.6891040621758577 -4.3853210193140235 -9.053095719677504 -7.776807682926012 5.486362207969354 11.467783590833296 24.576958485211154 8.36453050754768 10.715154755638757 0.3476257944277769 4.461627146153507 -7.303130963469267 -4.497489422214696 10.553575412463257 -0.45479877935766777 2.998808590285371 -5.787790559648336 -2.4932480133824164 11.998180372956089 -8.273442526300965 -0.8245409653537727 -4.88936714358994 -13.460776492298672 -11.555947440359551 -14.64351181831553 -6.407347146716429
9.919839679358716 2.436517233480089 -5.742186683646473 -2.544359947232131 -4.262540210546479 -8.960063330598178 -7.672292832492271 5.693823198962321 11.730209574551278 24.90380532155873 8.552105209288587 10.915389024915779 0.5190793940212642 4.654904457648833 -7.192127721161451 -4.372565217148286 10.806680126736701 -0.295252976051523 3.1867775027872725 -5.667100384585648 -2.345890218393656 12.25830594424556 -8.174984362523698 -0.6704149961523953 -4.7666711613365464 -13.411723186323028 -11.486990548132157 -14.608883625057379 -6.30579305764547
9.97995991983968 2.6203939194681247 -5.621034624492065 -2.398427098393814 -4.138751593696117 -8.866182989004798 -7.566846146663746 5.902915403670289 11.994679421551844 25.232944814656147 8.741026471151692 11.117165761545099 0.6919277442091306 4.849640719626734 -7.080168431387658 -4.246688381602486 11.061731525466232 -0.13448710146988427 3.376238125545914 -5.545380998978704 -2.1973174786151084 12.52044529567149 -8.075670669800914 -0.5150481770668058 -4.642972533549106 -13.362140837439378 -11.417364983436434 -14.57383135287653 -6.203423529942675
10.040080160320642 2.805637426362697 -5.498917071512768 -2.2513799888823094 -4.014019315876958 -8.77150499592208 -7.460523194413469 6.11353536641638 12.26106449739822 25.564220980165533 8.931200829660888 11.320385058278731 0.8660839467846301 5.045738337991722 -6.967312001427511 -4.11992542993777 11.318604576111795 0.027415879267389778 3.567096016655942 -5.422695770700852 -2.047605500999463 12.784470335640243 -7.975554930472093 -0.3585190541686245 -4.518335515942571 -13.312059250339912 -11.347109904547226 -14.538377997455141 -6.100293414030169
10.100200400801603 2.992360004143091 -5.3757580285631335 -2.103128427023293 -3.888265798832844 -8.675968863330699 -7.353256778666513 6.32580967972248 12.529523554462028 25.897832056450792 9.122743935504634 11.525169462559997 1.0416536362951299 5.243314865265859 -6.853487844662186 -3.992199030433519 11.57745185808994 0.19055295960806154 3.759466454183471 -5.2989684675702975 -1.8966625930367975 13.050537932644115 -7.874574240499523 -0.20073175004990063 -4.392682730388948 -13.261443300454905 -11.276178792763998 -14.502496667658862 -5.996338038225293
10.160320641282565 3.1805620390034406 -5.251557743326654 -1.953672536843598 -3.7614912081428464 -8.579574858855867 -7.245047024445537 6.5397387514541 12.800057710974588 26.233781899221476 9.315656720545498 11.731519488271186 1.2186368427806358 5.442369813646334 -6.738696399810254 -3.863510791585683 11.838273654301748 0.3549223633771017 3.9533496759029774 -5.174199425335733 -1.7444888788832458 13.318648636215542 -7.7727295513059325 -0.04168606198861724 -4.266014487920877 -13.210293459550558 -11.204572109470002 -14.466187816182375 -5.891558322001753
10.220440881763526 3.3701351539466806 -5.126390616702636 -1.8031002415154518 -3.63377121636848 -8.482382373435069 -7.135959572738102 6.755200313561439 13.0725147616071 26.571885838604366 9.509828969342973 11.939317109351354 1.3969308847471382 5.6427881363915375 -6.623007162276738 -3.7339387943074636 12.100922202913818 0.5204265019791545 4.1486340847980685 -5.048463438700708 -1.5911737619449617 13.588650991679181 -7.670083865090405 0.11852523852791563 -4.138406540069148 -13.158644837400606 -11.132336019685932 -14.429478501991271 -5.786018757950568
