web/models/kne/51/mosfit_kn_0.330399_0.0770_10.0000.dat
# %ECSV 1.0
# ---
# datatype:
# - {name: time, datatype: float64}
# - {name: PS1_g, datatype: float64}
# - {name: PS1_i, datatype: float64}
# - {name: PS1_r, datatype: float64}
# - {name: PS1_w, datatype: float64}
# - {name: PS1_y, datatype: float64}
# - {name: PS1_z, datatype: float64}
# - {name: swift_uvot_B, datatype: float64}
# - {name: swift_uvot_U, datatype: float64}
# - {name: swift_uvot_uvm2, datatype: float64}
# - {name: swift_uvot_uvw1, datatype: float64}
# - {name: swift_uvot_uvw2, datatype: float64}
# - {name: swift_uvot_V, datatype: float64}
# - {name: johnson_B, datatype: float64}
# - {name: johnson_I, datatype: float64}
# - {name: johnson_R, datatype: float64}
# - {name: johnson_U, datatype: float64}
# - {name: johnson_V, datatype: float64}
# - {name: sdss_g, datatype: float64}
# - {name: sdss_i, datatype: float64}
# - {name: sdss_r, datatype: float64}
# - {name: sdss_u, datatype: float64}
# - {name: sdss_z, datatype: float64}
# - {name: ATLAS_c, datatype: float64}
# - {name: ATLAS_o, datatype: float64}
# - {name: ukirt_H, datatype: float64}
# - {name: ukirt_J, datatype: float64}
# - {name: ukirt_K, datatype: float64}
# - {name: Clear, datatype: float64}
# meta: !!omap
# - comment: [kappa = 10.0, type = rprocess, mass = 0.33039895931513485, velocity = 0.07700000000000001, theta_obs = 0.0, tfloor = 1000.0]
# schema: astropy-2.0
time PS1_g PS1_i PS1_r PS1_w PS1_y PS1_z swift_uvot_B swift_uvot_U swift_uvot_uvm2 swift_uvot_uvw1 swift_uvot_uvw2 swift_uvot_V johnson_B johnson_I johnson_R johnson_U johnson_V sdss_g sdss_i sdss_r sdss_u sdss_z ATLAS_c ATLAS_o ukirt_H ukirt_J ukirt_K Clear
[from data line 489]
29.458917835671343 4.3027747113486114 -4.128704706145072 -0.8310721438124347 -2.6386637416340797 -7.456443643431374 -6.12203405326202 7.661694018769162 13.921446458022189 27.354517036852098 10.437822959148466 12.853550770405185 2.3409617114368038 6.564474273051296 -5.61574917579038 -2.740702110120446 12.959759748334061 1.477373912098925 5.075505533729157 -4.0513520617316345 -0.6219157175857148 14.44006170875241 -6.649652715908498 1.080818437539346 -3.1431859327615363 -12.086709487684749 -10.081192824381054 -13.342455330962169 -4.768510557899859
29.519038076152302 4.338406440013856 -4.105821772079672 -0.8031595933506885 -2.615272432937523 -7.439098724816482 -6.1023349667725135 7.702450311699697 13.973482013614955 27.419561678731107 10.474376485678576 12.892793021442493 2.3743599614508666 6.602258951789604 -5.594741553305332 -2.71693819286907 13.009856608048203 1.5082483343425526 5.112268254436785 -4.028356239596231 -0.5934608743034708 14.49161267917626 -6.631225760512436 1.1106398859149458 -3.1198163914432975 -12.078378594705812 -10.068786869307578 -13.33708122249355 -4.749505945183277
29.579158316633265 4.368297492058861 -4.086849419514476 -0.7798799385727051 -2.5958658564477766 -7.424869175501936 -6.08608904845692 7.736730259495958 14.017423105397171 27.47463874361546 10.505052613087837 12.925775117123269 2.4023384807156196 6.633991517595522 -5.577375610607734 -2.6972147994597977 13.052136217105684 1.534062310869653 5.143127763130142 -4.009287313256049 -0.5697165294410134 14.535138249007105 -6.616070498913427 1.1355540630438554 -3.100428614803601 -12.071869536052445 -10.058787682460418 -13.33310464231875 -4.733857807285595
29.639278557114228 4.394471809851126 -4.070407924691395 -0.7595991974451088 -2.5790382076930918 -7.412655192077864 -6.072077582314002 7.766816768309067 14.056122258960642 27.523260023298878 10.531923333247697 12.954703841396316 2.426808239240052 6.661805494760472 -5.56236628697632 -2.6801065345609425 13.089353495085419 1.5566002758060395 5.170165212638658 -3.9927598185117574 -0.5490213793846266 14.573466621110196 -6.603032120877099 1.1572915294060948 -3.08361784645113 -12.066537857285143 -10.0503449046632 -13.330030499446346 -4.720381524036892
29.69939879759519 4.459109353710016 -4.027740199081453 -0.7082660080697067 -2.5355019547257385 -7.3795295749465595 -6.034894139650291 7.840285166141276 14.149034649633894 27.638554500731754 10.598121121070054 13.025555709536341 2.4875989672106575 6.730137834587598 -5.5229321946967245 -2.635943055400827 13.178917928662901 1.6130222754656767 5.236750605478271 -3.9498982610191824 -0.49675209801467446 14.66554069710405 -6.568048296768989 1.211912037712768 -3.0401201221840957 -12.04894875532071 -10.025733036707079 -13.317537687215546 -4.684414186846375
29.75951903807615 4.497166882786168 -4.003190674157402 -0.6783891502308315 -2.5104205667789437 -7.360846529362384 -6.013715902915582 7.883772217445636 14.20447859754228 27.70774966041483 10.637129925646995 13.06743190270424 2.5232918989152138 6.770462694919793 -5.5003714017210745 -2.610480290618427 13.23230138854801 1.6460235479684318 5.276005418201208 -3.9252297630854294 -0.46629924511705667 14.72046827868759 -6.5482245978079945 1.2438094460727989 -3.0150627159930465 -12.039819020426703 -10.012285326653439 -13.311541627187855 -4.663989181598964
29.819639278557112 4.53413372554369 -3.97938161870945 -0.6493913000598006 -2.4860949997158066 -7.3427515424424605 -5.993190225059912 7.9260277579075025 14.258382403600969 27.77504069561768 10.675017537577354 13.108116820618282 2.557955879584674 6.809634876513627 -5.478499920863512 -2.5857863593103696 13.284196650570912 1.67806157721927 5.314138253902563 -3.901304968287782 -0.43674000988941586 14.773868420029395 -6.529019888736958 1.2747749993734203 -2.99076072345974 -12.031030226276583 -9.999290457609964 -13.305805444990726 -4.644201232536638
29.879759519038075 4.568682902924106 -3.9572178064636354 -0.6223436756948431 -2.463446399495677 -7.325966073972072 -5.974116586003255 7.965555110771935 14.3088754476193 27.838128394506874 10.710428188682073 13.146164382607154 2.5903377668849243 6.846257041193319 -5.4581603020033596 -2.5627938363573515 13.33279772887457 1.7079679939080907 5.349784749718989 -3.8790323457316767 -0.40916366603429566 14.82388674650812 -6.511191068975233 1.3036744012146428 -2.9681345074835974 -12.02300514182493 -9.987306170462682 -13.300653932964275 -4.625825635076044
29.939879759519037 4.601654334249954 -3.936126640611981 -0.5965682118936222 -2.441891488371084 -7.310033654013104 -5.955989154998136 8.003301649422959 14.357141593836733 27.898469509048113 10.74422120719806 13.182490236054512 2.6212306408527715 6.881214291607357 -5.438819265687328 -2.5409115945807885 13.379247853209034 1.7364830054896376 5.3838085426500015 -3.8578369298887694 -0.38288078172564965 14.871696968461823 -6.494258964619188 1.3312257504884784 -2.94660124435703 -12.015476298779857 -9.975979550563705 -13.295881618946746 -4.608371069531874
30.0 4.618197482832667 -3.9262334328040893 -0.5840531294879092 -2.4317392424303996 -7.303027927115249 -5.94775471087944 8.022517627988115 14.382246366266465 27.930330633166914 10.761222212604551 13.200910461422591 2.636610470526459 6.898867874338631 -5.429905828291633 -2.5305772230520533 13.403335594090311 1.7505304045991312 5.400940659010125 -3.847885421033652 -0.37008156023921046 14.896546296017679 -6.486694145214926 1.3447347208190052 -2.9364611913697125 -12.013174642106053 -9.971552084543747 -13.295122982662802 -4.600514663747148
