web/models/kne/51/mosfit_kn_0.003466_0.1553_0.5000.dat
# %ECSV 1.0
# ---
# datatype:
# - {name: time, datatype: float64}
# - {name: PS1_g, datatype: float64}
# - {name: PS1_i, datatype: float64}
# - {name: PS1_r, datatype: float64}
# - {name: PS1_w, datatype: float64}
# - {name: PS1_y, datatype: float64}
# - {name: PS1_z, datatype: float64}
# - {name: swift_uvot_B, datatype: float64}
# - {name: swift_uvot_U, datatype: float64}
# - {name: swift_uvot_uvm2, datatype: float64}
# - {name: swift_uvot_uvw1, datatype: float64}
# - {name: swift_uvot_uvw2, datatype: float64}
# - {name: swift_uvot_V, datatype: float64}
# - {name: johnson_B, datatype: float64}
# - {name: johnson_I, datatype: float64}
# - {name: johnson_R, datatype: float64}
# - {name: johnson_U, datatype: float64}
# - {name: johnson_V, datatype: float64}
# - {name: sdss_g, datatype: float64}
# - {name: sdss_i, datatype: float64}
# - {name: sdss_r, datatype: float64}
# - {name: sdss_u, datatype: float64}
# - {name: sdss_z, datatype: float64}
# - {name: ATLAS_c, datatype: float64}
# - {name: ATLAS_o, datatype: float64}
# - {name: ukirt_H, datatype: float64}
# - {name: ukirt_J, datatype: float64}
# - {name: ukirt_K, datatype: float64}
# - {name: Clear, datatype: float64}
# meta: !!omap
# - comment: [kappa = 0.5, type = rprocess, mass = 0.003465724215782086, velocity = 0.15533333333333332, theta_obs = 0.0, tfloor = 1000.0]
# schema: astropy-2.0
time PS1_g PS1_i PS1_r PS1_w PS1_y PS1_z swift_uvot_B swift_uvot_U swift_uvot_uvm2 swift_uvot_uvw1 swift_uvot_uvw2 swift_uvot_V johnson_B johnson_I johnson_R johnson_U johnson_V sdss_g sdss_i sdss_r sdss_u sdss_z ATLAS_c ATLAS_o ukirt_H ukirt_J ukirt_K Clear
[from data line 145]
8.77755511022044 9.418911071632667 0.5370822584333901 4.012153036471222 2.0442292249672356 -2.9861077900918787 -1.5684318252447405 12.958817648197154 19.617761746092064 33.50635705012124 15.583344278166624 18.096360784646276 7.378427764503452 11.754880331230947 -1.0164310479885605 1.9536017187364216 18.586760566840315 6.423405429334699 10.231451172947104 0.6183382105463764 4.240641695967664 20.118867276266883 -2.141859437266742 5.991229606213864 1.538817081604087 -7.935095168007375 -5.785605872517683 -9.295383848480546 -0.24166481879410284
8.837675350701403 9.433619770788049 0.5517909575887714 4.026861735626603 2.0589379241226347 -2.9713990909364973 -1.5537231260893591 12.973526347352536 19.63247044524745 33.52106574927663 15.598052977322006 18.111069483801657 7.393136463658833 11.769589030386346 -1.0017223488331792 1.9683104178918207 18.601469265995696 6.438114128490098 10.246159872102503 0.6330469097017577 4.255350395123045 20.133575975422282 -2.127150738111361 6.005938305369263 1.5535257807594682 -7.920386468851993 -5.770897173362302 -9.280675149325164 -0.22695611963872153
8.897795591182364 9.448249225237486 0.5664204120382088 4.041491190076041 2.0735673785720543 -2.95676963648706 -1.5390936716399217 12.988155801801973 19.647099899696883 33.53569520372606 15.612682431771443 18.125698938251094 7.407765918108271 11.784218484835783 -0.9870928943837418 1.9829398723412404 18.616098720445134 6.452743582939518 10.260789326551922 0.6476763641511951 4.269979849572483 20.1482054298717 -2.1125212836619234 6.020567759818682 1.5681552352089057 -7.905757014402556 -5.756267718912865 -9.266045694875727 -0.21232666518928411
8.957915831663327 9.462760718173726 0.5809319049744488 4.056002683012299 2.088078871508312 -2.942258143550802 -1.5245821787036817 13.002667294738213 19.661611392633134 33.55020669666231 15.627193924707683 18.140210431187334 7.422277411044528 11.798729977772023 -0.9725814014475018 1.9974513652774981 18.63061021338139 6.467255075875776 10.27530081948818 0.6621878570874351 4.284491342508723 20.16271692280796 -2.0980097907256834 6.03507925275494 1.5826667281451456 -7.891245521466298 -5.741756225976607 -9.251534201939487 -0.19781517225302636
9.018036072144287 9.477192499069886 0.5953636858705913 4.070434463908441 2.1025106524044546 -2.9278263626546597 -1.5101503978075392 13.017099075634373 19.676043173529276 33.564638477558454 15.641625705603843 18.154642212083495 7.436709191940671 11.813161758668166 -0.9581496205513416 2.0118831461736404 18.645041994277534 6.481686856771918 10.289732600384323 0.6766196379835954 4.298923123404883 20.177148703704102 -2.083578009829523 6.049511033651083 1.597098509041306 -7.876813740570156 -5.727324445080464 -9.237102421043327 -0.18338339135688386
9.07815631262525 9.49153599801912 0.6097071848198254 4.084777962857675 2.1168541513536887 -2.9134828637054255 -1.495806898858305 13.03144257458359 19.69038667247851 33.578981976507684 15.65596920455306 18.16898571103271 7.451052690889905 11.8275052576174 -0.9438061216021252 2.0262266451228745 18.659385493226768 6.496030355721152 10.304076099333557 0.6909631369328295 4.313266622354099 20.191492202653336 -2.069234510880289 6.063854532600317 1.61144200799054 -7.862470241620922 -5.71298094613123 -9.222758922094092 -0.16903989240764972
9.138276553106213 9.505791290531747 0.6239624773324515 4.099033255370301 2.1311094438663147 -2.8992275711927995 -1.481551606345679 13.045697867096216 19.704641964991136 33.593237269020314 15.670224497065686 18.183241003545337 7.465307983402531 11.841760550130026 -0.9295508290894992 2.0404819376355006 18.673640785739394 6.510285648233778 10.318331391846183 0.7052184294454555 4.327521914866725 20.205747495165962 -2.054979218367663 6.078109825112943 1.625697300503166 -7.8482149491082955 -5.698725653618604 -9.208503629581466 -0.1547845998950237
9.198396793587174 9.5199593808894 0.6381305676901228 4.113201345727955 2.1452775342239683 -2.885059480835146 -1.4673835159880078 13.059865957453887 19.718810055348797 33.60740535937797 15.684392587423357 18.19740909390301 7.479476073760185 11.855928640487697 -0.9153827387318278 2.054650027993172 18.687808876097048 6.524453738591432 10.332499482203836 0.7193865198031091 4.341690005224397 20.219915585523623 -2.0408111280100094 6.092277915470596 1.6398653908608196 -7.834046858750642 -5.684557563260951 -9.194335539223813 -0.14061650953737015
9.258517034068136 9.53404136623993 0.652212553040652 4.127283331078502 2.159359519574515 -2.870977495484599 -1.4533015306374786 13.073947942804416 19.732892040699337 33.62148734472851 15.698474572773886 18.211491079253538 7.493558059110732 11.870010625838226 -0.9013007533812987 2.068732013343701 18.701890861447595 6.538535723941979 10.346581467554383 0.733468505153656 4.355771990574926 20.233997570874163 -2.0267291426594625 6.106359900821143 1.6539473762113488 -7.819964873400095 -5.670475577910404 -9.180253553873266 -0.1265345241868232
9.318637274549097 9.548038336513613 0.6662095233143361 4.141280301352186 2.1733564898481994 -2.8569805252109326 -1.4393045603637944 13.0879449130781 19.74688901097302 33.635484315002195 15.71247154304757 18.225488049527222 7.507555029384398 11.88400759611191 -0.8873037831076145 2.0827289836173852 18.71588783172128 6.552532694215663 10.360578437828067 0.7474654754273224 4.36976896084861 20.247994541147847 -2.012732172385796 6.1203568710948275 1.667944346485033 -7.805967903126411 -5.6564786076367195 -9.1662565835996 -0.11253755391315678
9.37875751503006 9.561951361553618 0.6801225483543405 4.15519332639219 2.1872695148882038 -2.8430675001709105 -1.42539153532379 13.101857938118105 19.760802036013025 33.6493973400422 15.726384568087575 18.239401074567226 7.52146805442442 11.897920621151915 -0.8733907580676101 2.0966420086573896 18.729800856761283 6.566445719255667 10.374491462868072 0.7613785004673268 4.3836819858886145 20.26190756618785 -1.9988191473457917 6.134269896134832 1.6818573715250373 -7.7920548780864065 -5.642565582596715 -9.152343558559595 -0.09862452887315243
9.438877755511022 9.575781489963227 0.6939526767639492 4.169023454801799 2.2010996432978125 -2.8292373717613017 -1.4115614069141813 13.115688066527714 19.774632164422634 33.66322746845181 15.740214696497183 18.253231202976835 7.535298182834029 11.911750749561524 -0.8595606296580014 2.1104721370669983 18.743630985170892 6.580275847665276 10.38832159127768 0.7752086288769355 4.397512114298223 20.27573769459746 -1.984989018936183 6.148100024544441 1.695687499934646 -7.778224749676798 -5.628735454187106 -9.138513430149986 -0.0847944004635437
9.498997995991983 9.5895297572768 0.7077009440775051 4.182771722115355 2.2148479106113683 -2.815489104447746 -1.3978131396006255 13.12943633384127 19.78838043173619 33.676975735765375 15.753962963810757 18.26697947029041 7.549046450147585 11.92549901687508 -0.8458123623444456 2.124220404380554 18.757379252484448 6.594024114978832 10.402069858591236 0.7889568961905091 4.411260381611797 20.289485961911016 -1.9712407516226094 6.161848291857996 1.7094357672482197 -7.764476482363242 -5.614987186873551 -9.124765162836413 -0.0710461331499701
9.559118236472946 9.60319718491796 0.7213683717186647 4.1964391497565146 2.228515338252528 -2.8018216768065862 -1.3841457119594658 13.143103761482429 19.80204785937735 33.69064316340653 15.767630391451917 18.280646897931568 7.562713877788744 11.939166444516239 -0.8321449347032859 2.137887832021714 18.771046680125608 6.607691542619992 10.415737286232396 0.8026243238316688 4.4249278092529565 20.303153389552175 -1.9575733239814497 6.175515719499156 1.7231031948893794 -7.750809054722082 -5.601319759232391 -9.111097735195253 -0.05737870550881041
9.619238476953907 9.616784767064406 0.7349559538651285 4.210026731902978 2.2421029203989917 -2.7882340946601403 -1.370558129813002 13.156691343628893 19.815635441523813 33.704230745552984 15.781217973598363 18.294234480078014 7.57630145993519 11.952754026662703 -0.8185573525568222 2.1514754141681776 18.784634262272053 6.621279124766455 10.42932486837886 0.8162119059781148 4.438515391399402 20.31674097169864 -1.9439857418350037 6.18910330164562 1.7366907770358253 -7.7372214725756185 -5.587732177085927 -9.097510153048807 -0.04379112336236446
9.67935871743487 9.630293495185764 0.7484646819864871 4.223535460024319 2.2556116485203326 -2.7747253665387817 -1.3570494016916435 13.170200071750251 19.82914416964516 33.717739473674335 15.794726701719721 18.307743208199373 7.589810188056549 11.966262754784061 -0.8050486244354635 2.164984142289536 18.798142990393412 6.634787852887796 10.4428335965002 0.8297206340994734 4.452024119520761 20.330249699819987 -1.930477013713645 6.202612029766961 1.750199505157184 -7.723712744454278 -5.574223448964586 -9.084001424927449 -0.030282395241005844
9.739478957915832 9.643724339024384 0.761895525825107 4.236966303862957 2.2690424923589703 -2.761294522700144 -1.3436185578530235 13.183630915588871 19.842575013483792 33.73117031751296 15.808157545558341 18.321174052037993 7.603241031895187 11.979693598622681 -0.7916177805968436 2.178414986128156 18.81157383423205 6.648218696726434 10.456264440338838 0.8431514779380933 4.465454963359381 20.343680543658618 -1.9170461698750252 6.216042873605598 1.7636303489958038 -7.71028190061564 -5.560792605125949 -9.070570581088829 -0.01685155140236816
9.799599198396793 9.657078252911493 0.7752494397122156 4.250320217750065 2.282396406246079 -2.7479406088130354 -1.330264643965915 13.19698482947598 19.8559289273709 33.74452423140007 15.82151145944545 18.3345279659251 7.616594945782295 11.99304751250979 -0.778263866709735 2.1917689000152647 18.82492774811916 6.6615726106135424 10.469618354225947 0.8565053918252019 4.47880887724649 20.357034457545726 -1.9036922559878988 6.229396787492707 1.7769842628829124 -7.696927986728531 -5.54743869123884 -9.057216667201702 -0.003497637515259555
9.859719438877756 9.670356179510673 0.7885273663113779 4.263598144349228 2.295674332845241 -2.734662682213873 -1.3169867173667527 13.210262756075142 19.869206853970063 33.757802157999244 15.83478938604463 18.34780589252428 7.6298728723814575 12.006325439108952 -0.764985940110555 2.205046826614427 18.83820567471832 6.674850537212705 10.48289628082511 0.869783318424382 4.49208680384567 20.37031238414489 -1.8904143293887365 6.242674714091869 1.7902621894820925 -7.683650060129369 -5.534160764639678 -9.04393874060254 0.009780289083902716
9.919839679358716 9.683559044873444 0.801730231674167 4.276801009712017 2.3088771982080303 -2.7214598168511017 -1.3037838520039635 13.223465621437931 19.882409719332852 33.77100502336202 15.847992251407401 18.361008757887053 7.643075737744229 12.019528304471741 -0.7517830747477836 2.218249691977216 18.851408540081092 6.688053402575494 10.496099146187898 0.8829861837871533 4.505289669208441 20.383515249507678 -1.8772114640259652 6.255877579454658 1.8034650548448639 -7.67044719476658 -5.520957899276889 -9.030735875239769 0.022983154446674092
9.97995991983968 9.6966877677934 0.814858954594122 4.289929732631972 2.3220059211279853 -2.7083310939311467 -1.2906551290840085 13.236594344357886 19.895538442252807 33.78413374628198 15.861120974327356 18.374137480807008 7.656204460664184 12.032657027391696 -0.7386543518278286 2.231378414897171 18.864537263001047 6.701182125495449 10.509227869107853 0.8961149067071084 4.518418392128396 20.396643972427633 -1.8640827411060101 6.269006302374613 1.816593777764819 -7.657318471846625 -5.507829176356934 -9.017607152319814 0.03611187736662913
10.040080160320642 9.709743244231053 0.8279144310317754 4.302985209069625 2.3350613975656387 -2.6952756174934756 -1.277599652646355 13.24964982079554 19.90859391869046 33.79718922271963 15.87417645076501 18.38719295724466 7.669259937101855 12.04571250382935 -0.7255988753901752 2.2444338913348245 18.877592739438718 6.714237601933102 10.522283345545507 0.9091703831447617 4.531473868566049 20.409699448865286 -1.851027264668339 6.282061778812267 1.8296492542024723 -7.644262995408972 -5.49477369991928 -9.004551675882142 0.04916735380430026
10.100200400801603 9.722726369030141 0.840897555830864 4.315968333868696 2.3480445223647273 -2.6822924926944047 -1.2646165278472665 13.262632945594628 19.921577043489542 33.81017234751872 15.887159575564098 18.40017608204375 7.682243061900926 12.058695628628438 -0.7126157505910866 2.257417016133913 18.89057586423779 6.727220726732191 10.535266470344595 0.9221535079438503 4.544456993365138 20.422682573664368 -1.8380441398692682 6.295044903611355 1.8426323790015608 -7.631279870609901 -5.481790575120209 -8.991568551083072 0.062150478603371084
10.160320641282565 9.735638019973614 0.8538092067743186 4.328879984812168 2.360956173308182 -2.6693808417509324 -1.251704876903812 13.275544596538083 19.934488694433004 33.823083998462174 15.900071226507553 18.413087732987204 7.695154712844398 12.071607279571893 -0.699704099647632 2.2703286670773677 18.90348751518126 6.740132377675645 10.54817812128805 0.9350651588873227 4.557368644308593 20.43559422460783 -1.8251324889257958 6.30795655455481 1.8555440299450154 -7.618368219666428 -5.468878924176737 -8.9786569001396 0.07506212954684344
10.220440881763526 9.748479061524868 0.8666502483255911 4.341721026363441 2.3737972148594544 -2.6565398001996776 -1.2388638353525394 13.288385638089355 19.94732973598427 33.83592504001345 15.912912268058825 18.425928774538477 7.707995754395653 12.084448321123165 -0.6868630580963595 2.28316970862864 18.916328556732516 6.752973419226918 10.561019162839322 0.9479062004385774 4.570209685859865 20.448435266159095 -1.812291447374541 6.3207975961060825 1.868385071496288 -7.605527178115156 -5.4560378826254645 -8.965815858588345 0.0879031710980982
10.280561122244489 9.761250346918295 0.8794215337190181 4.35449231175685 2.3865685002528636 -2.6437685148062506 -1.2260925499591124 13.301156923482782 19.960101021377696 33.84869632540687 15.925683553452252 18.438700059931904 7.72076703978908 12.097219606516575 -0.6740917727029325 2.2959409940220494 18.929099842125943 6.765744704620327 10.573790448232732 0.9606774858320044 4.582980971253292 20.46120655155252 -1.799520161981114 6.333568881499492 1.881156356889715 -7.592755892721747 -5.443266597232055 -8.953044573194918 0.10067445649152518
10.34068136272545 9.773952722485983 0.8921239092867062 4.367194687324556 2.3992708758205694 -2.631066139238545 -1.2133901743914244 13.31385929905047 19.97280339694539 33.86139870097456 15.93838592901994 18.451402435499592 7.733469415356786 12.10992198208428 -0.6613893971352445 2.3086433695897552 18.94180221769365 6.778447080188033 10.586492823800437 0.9733798613996925 4.59568334682098 20.473908927120217 -1.786817786413426 6.3462712570671975 1.893858732457403 -7.580053517154041 -5.4305642216643495 -8.94034219762723 0.11337683205923099
10.400801603206412 9.786587024127602 0.9047582109283248 4.379828988966157 2.411905177462188 -2.618431837596944 -1.2007558727498058 13.326493600692089 19.985437698587 33.87403300261618 15.951020230661559 18.46403673714121 7.746103716998387 12.122556283725899 -0.6487550954936259 2.321277671231374 18.95443651933525 6.791081381829634 10.599127125442056 0.9860141630413111 4.608317648462599 20.486543228761825 -1.7741834847718074 6.358905558708816 1.9064930340990216 -7.56741921551244 -5.417929920022749 -8.92770789598561 0.12601113370083183
10.460921843687375 9.799154073359606 0.9173252601603288 4.392396038198179 2.424472226694192 -2.605864788364922 -1.1881888235178018 13.339060649924093 19.998004747819014 33.886600051848184 15.963587279893563 18.47660378637322 7.758670766230408 12.135123332957903 -0.6361880462616218 2.333844720463378 18.96700356856727 6.803648431061656 10.61169417467406 0.9985812122733151 4.620884697694603 20.49911027799384 -1.7616164355398034 6.37147260794082 1.9190600833310256 -7.554852166280418 -5.405362870790727 -8.915140846753607 0.13857818293285362
