web/models/kne/51/mosfit_kn_0.001000_0.4687_10.0000.dat
# %ECSV 1.0
# ---
# datatype:
# - {name: time, datatype: float64}
# - {name: PS1_g, datatype: float64}
# - {name: PS1_i, datatype: float64}
# - {name: PS1_r, datatype: float64}
# - {name: PS1_w, datatype: float64}
# - {name: PS1_y, datatype: float64}
# - {name: PS1_z, datatype: float64}
# - {name: swift_uvot_B, datatype: float64}
# - {name: swift_uvot_U, datatype: float64}
# - {name: swift_uvot_uvm2, datatype: float64}
# - {name: swift_uvot_uvw1, datatype: float64}
# - {name: swift_uvot_uvw2, datatype: float64}
# - {name: swift_uvot_V, datatype: float64}
# - {name: johnson_B, datatype: float64}
# - {name: johnson_I, datatype: float64}
# - {name: johnson_R, datatype: float64}
# - {name: johnson_U, datatype: float64}
# - {name: johnson_V, datatype: float64}
# - {name: sdss_g, datatype: float64}
# - {name: sdss_i, datatype: float64}
# - {name: sdss_r, datatype: float64}
# - {name: sdss_u, datatype: float64}
# - {name: sdss_z, datatype: float64}
# - {name: ATLAS_c, datatype: float64}
# - {name: ATLAS_o, datatype: float64}
# - {name: ukirt_H, datatype: float64}
# - {name: ukirt_J, datatype: float64}
# - {name: ukirt_K, datatype: float64}
# - {name: Clear, datatype: float64}
# meta: !!omap
# - comment: [kappa = 10.0, type = rprocess, mass = 0.001, velocity = 0.4686666666666667, theta_obs = 0.0, tfloor = 1000.0]
# schema: astropy-2.0
time PS1_g PS1_i PS1_r PS1_w PS1_y PS1_z swift_uvot_B swift_uvot_U swift_uvot_uvm2 swift_uvot_uvw1 swift_uvot_uvw2 swift_uvot_V johnson_B johnson_I johnson_R johnson_U johnson_V sdss_g sdss_i sdss_r sdss_u sdss_z ATLAS_c ATLAS_o ukirt_H ukirt_J ukirt_K Clear
[from data line 29]
1.8036072144288577 8.134049045723692 -0.7477797674755848 2.727291010562265 0.7593671990582784 -4.270969816000854 -2.8532938511537154 11.67395562228818 18.3328997201831 32.221495024212274 14.29848225225765 16.8114987587373 6.093565738594477 10.47001830532199 -2.3012930738975355 0.6687396928274645 17.30189854093134 5.138543403425742 8.946589147038146 -0.6665238153625985 2.955779670058689 18.834005250357926 -3.426721463175717 4.7063675803049065 0.253955055695112 -9.219957193916331 -7.0704678984266405 -10.58024587438952 -1.5265268447030778
1.8637274549098195 8.286413533259704 -0.5954152799395906 2.879655498098259 0.9117316865942726 -4.118605328464842 -2.700929363617721 11.826320109824174 18.485264207719094 32.37385951174827 14.450846739793661 16.963863246273313 6.245930226130489 10.622382792857984 -2.1489285863615235 0.8211041803634587 17.454263028467352 5.290907890961736 9.09895363457414 -0.5141593278265866 3.108144157594701 18.98636973789392 -3.274356975639705 4.858732067840901 0.40631954323112396 -9.067592706380337 -6.918103410890646 -10.427881386853509 -1.3741623571670658
1.9238476953907815 8.437017602033361 -0.4448112111659164 3.0302595668719157 1.0623357553679469 -3.968001259691185 -2.550325294844047 11.976924178597848 18.63586827649277 32.52446358052194 14.601450808567318 17.11446731504697 6.3965342949041455 10.772986861631658 -1.998324517587867 0.9717082491371329 17.60486709724101 5.4415119597354105 9.249557703347815 -0.36355525905293007 3.2587482263683576 19.136973806667594 -3.1237529068660486 5.009336136614575 0.5569236120047805 -8.91698863760668 -6.76749934211699 -10.277277318079852 -1.2235582883934093
1.9839679358717435 8.585044724184208 -0.29678408901508746 3.1782866890227623 1.2103628775187758 -3.8199741375403384 -2.402298172693218 12.124951300748677 18.783895398643597 32.67249070267277 14.749477930718147 17.262494437197798 6.544561417054992 10.921013983782487 -1.850297395437038 1.1197353712879619 17.752894219391855 5.589539081886239 9.397584825498644 -0.2155281369020834 3.4067753485191865 19.285000928818423 -2.975725784715202 5.157363258765404 0.7049507341556271 -8.768961515455834 -6.619472219966143 -10.129250195929005 -1.0755311662425626
2.0440881763527052 8.729662380449259 -0.1521664327500183 3.3229043452878138 1.3549805337838272 -3.675356481275287 -2.257680516428149 12.269568957013746 18.92851305490865 32.81710835893783 14.894095586983216 17.407112093462867 6.689179073320044 11.065631640047538 -1.705679739171969 1.2643530275530133 17.897511875656907 5.734156738151291 9.542202481763695 -0.07091048063703198 3.5513930047842557 19.429618585083475 -2.8311081284501505 5.301980915030455 0.8495683904206786 -8.624343859190782 -6.474854563701092 -9.984632539663954 -0.9309135099775112
2.1042084168336674 8.870137620439706 -0.011691192759588631 3.463379585278261 1.4954557737742746 -3.5348812412848396 -2.117205276437719 12.410044197004176 19.068988294899096 32.957583598928274 15.034570826973663 17.547587333453315 6.829654313310491 11.206106880037986 -1.5652044991815215 1.4048282675434607 18.037987115647354 5.874631978141738 9.682677721754143 0.06956475935341544 3.691868244774703 19.570093825073922 -2.690632888459703 5.442456155020903 0.990043630411126 -8.483868619200335 -6.334379323710644 -9.844157299673507 -0.7904382699870638
2.164328657314629 9.005891777719608 0.12406296452033061 3.5991337425581627 1.631209931054176 -3.399127084004938 -1.9814511191578 12.545798354284095 19.204742452179005 33.09333775620818 15.170324984253565 17.683341490733216 6.9654084705903925 11.341861037317905 -1.42945034190162 1.5405824248233622 18.173741272927256 6.01038613542164 9.818431879034044 0.20531891663331692 3.8276224020546046 19.705847982353824 -2.5548787311798016 5.578210312300804 1.1257977876910275 -8.348114461920433 -6.198625166430743 -9.708403142393605 -0.6546841127071623
2.224448897795591 9.136485257945619 0.254656444746324 3.729727222784174 1.7618034112801872 -3.268533603778927 -1.8508576389318065 12.676391834510106 19.33533593240501 33.22393123643419 15.300918464479576 17.813934970959227 7.096001950816404 11.472454517543898 -1.2988568616756089 1.6711759050493733 18.304334753153267 6.140979615647651 9.949025359260055 0.33591239685932806 3.9582158822806157 19.836441462579835 -2.4242852509537904 5.708803792526815 1.2563912679170386 -8.217520981694422 -6.068031686204732 -9.577809662167594 -0.5240906324811512
2.284569138276553 9.261480179991448 0.3796513667921708 3.854722144830003 1.886798333326034 -3.143538681733098 -1.7258627168859597 12.801386756555935 19.460330854450845 33.34892615848002 15.425913386525405 17.938929893005056 7.220996872862233 11.597449439589745 -1.1738619396297798 1.7961708270952201 18.429329675199096 6.26597453769348 10.074020281305884 0.4609073189051571 4.083210804326445 19.961436384625664 -2.2992903289079614 5.833798714572644 1.3813861899628677 -8.092526059648593 -5.943036764158903 -9.452814740121765 -0.3990957104353221
2.344689378757515 9.380786188810628 0.4989573756113508 3.974028153649183 2.006104342145214 -3.024232672913918 -1.6065567080667797 12.920692765375115 19.579636863270025 33.4682321672992 15.545219395344585 18.058235901824236 7.340302881681413 11.716755448408925 -1.0545559308105998 1.9154768359144 18.548635684018276 6.38528054651266 10.193326290125082 0.5802133277243371 4.202516813145625 20.08074239344486 -2.1799843200887814 5.953104723391842 1.5006921987820476 -7.973220050829414 -5.823730755339723 -9.333508731302585 -0.27978970161614214
2.4048096192384767 9.49437097604891 0.6125421628496319 4.087612940887482 2.119689129383495 -2.910647885675619 -1.4929719208284986 13.034277552613396 19.693221650508317 33.58181695453749 15.658804182582866 18.171820689062518 7.453887668919694 11.830340235647206 -0.9409711435723187 2.029061623152681 18.662220471256575 6.498865333750959 10.306911077363363 0.6937981149626182 4.316101600383906 20.194327180683143 -2.0663995328505003 6.066689510630123 1.6142769860203288 -7.859635263591115 -5.710145968101424 -9.219923944064304 -0.166204914377861
2.464929859719439 9.602361779251058 0.7205329660517634 4.195603744089613 2.2276799325856267 -2.8026570824734875 -1.384981117626367 13.142268355815528 19.80121245371045 33.68980775773963 15.766794985785015 18.27981149226465 7.561878472121843 11.938331038849338 -0.8329803403701872 2.1370524263548125 18.770211274458706 6.60685613695309 10.414901880565495 0.8017889181647675 4.424092403586055 20.302317983885274 -1.958408729648351 6.174680313832255 1.722267789222478 -7.751644460388984 -5.602155164899292 -9.111933140862154 -0.058214111175711736
2.5250501002004007 9.704989861162119 0.8231610479628237 4.2982318260006735 2.330308014496687 -2.7000290005624272 -1.2823530357153068 13.244896437726606 19.90384053562151 33.792435839650686 15.869423067696076 18.382439574175727 7.664506554032903 12.040959120760398 -0.7303522584591091 2.239680508265873 18.872839356369767 6.709484218864151 10.517529962476555 0.9044170000758278 4.5267204854971155 20.404946065796334 -1.8557806477372907 6.277308395743315 1.8248958711335383 -7.649016378477923 -5.499527082988232 -9.009305058951094 0.044413970735348585
2.5851703406813624 9.802571801429831 0.9207429882305362 4.395813766268386 2.4278899547643995 -2.6024470602947147 -1.1847710954475943 13.3424783779943 20.00142247588922 33.890017779918395 15.96700500796377 18.480021514443433 7.762088494300616 12.13854106102811 -0.6327703181914144 2.3372624485335853 18.97042129663748 6.807066159131863 10.615111902744268 1.0019989403435403 4.62430242576481 20.502528006064047 -1.7581987074695782 6.374890336011028 1.9224778114012508 -7.551434438210211 -5.401945142720519 -8.911723118683382 0.14199591100306108
2.6452905811623246 9.89555382150984 1.013725008310562 4.488795786348394 2.5208719748444075 -2.5094650402147067 -1.0917890753675685 13.435460398074326 20.094404495969236 33.98299979999841 16.059987028043796 18.57300353452344 7.855070514380624 12.231523081108136 -0.5397882981113886 2.4302444686135933 19.063403316717487 6.900048179211871 10.708093922824276 1.0949809604235483 4.717284445844836 20.595510026144062 -1.6652166873895702 6.467872356091036 2.015459831481259 -7.458452418130203 -5.308963122640511 -8.818741098603374 0.23497793108306908
2.7054108216432864 9.984209082207443 1.1023802690081652 4.577451047045997 2.6095272355420285 -2.4208097795171035 -1.0031338146699653 13.52411565877193 20.183059756666843 34.071655060696024 16.1486422887414 18.66165879522105 7.943725775078227 12.32017834180574 -0.4511330374137854 2.5188997293112143 19.15205857741509 6.988703439909492 10.796749183521896 1.1836362211211515 4.805939706542439 20.68416528684167 -1.576561426691967 6.556527616788657 2.104115092178862 -7.3697971574325996 -5.220307861942908 -8.73008583790577 0.3236331917806723
2.7655310621242486 10.069038910066226 1.1872100968669486 4.662280874904781 2.694357063400794 -2.33597995165832 -0.918303986811182 13.608945486630713 20.267889584525626 34.15648488855479 16.233472116600183 18.746488623079824 8.028555602937011 12.405008169664523 -0.36630320955500206 2.60372955716998 19.236888405273874 7.073533267768258 10.881579011380662 1.2684660489799349 4.8907695344012225 20.768995114700452 -1.4917315988331836 6.641357444647422 2.1889449200376454 -7.284967329573816 -5.135478034084125 -8.645256010046987 0.40846301963945564
2.8256513026052104 10.150457178388717 1.2686283651894392 4.743699143227271 2.7757753317232847 -2.2545616833358295 -0.8368857184886913 13.690363754953204 20.349307852848113 34.23790315687729 16.314890384922673 18.827906891402318 8.109973871259502 12.486426437987014 -0.2848849412325114 2.6851478254924706 19.318306673596364 7.154951536090748 10.962997279703153 1.3498843173024255 4.972187802723713 20.85041338302294 -1.410313330510693 6.722775712969913 2.270363188360136 -7.2035490612513255 -5.054059765761634 -8.563837741724496 0.4898812879619463
2.885771543086172 10.228854206277322 1.3470253930780451 4.822096171115895 2.8541723596119084 -2.176164655447206 -0.7584886906000854 13.76876078284181 20.42770488073673 34.3163001847659 16.39328741281128 18.90630391929093 8.188370899148108 12.56482346587562 -0.20648791334390548 2.7635448533810942 19.396703701484988 7.233348563979372 11.041394307591776 1.4282813451910314 5.050584830612319 20.928810410911556 -1.331916302622087 6.8011727408585365 2.348760216248742 -7.125152033362702 -4.9756627378730105 -8.48544071383589 0.5682783158505522
2.9458917835671343 10.304592402032622 1.4227635888333445 4.897834366871177 2.92991055536719 -2.100426459691924 -0.682750494844786 13.844498978597109 20.50344307649202 34.39203838052119 16.46902560856658 18.982042115046223 8.264109094903407 12.640561661630919 -0.1307497175886061 2.8392830491363936 19.47244189724027 7.309086759734654 11.117132503347058 1.5040195409463308 5.1263230263676185 21.004548606666845 -1.2561781068667877 6.876910936613818 2.4244984120040414 -7.04941383760742 -4.899924542117729 -8.409702518080591 0.6440165116058516
3.006012024048096 10.37799508919056 1.496166275991282 4.971237054029114 3.003313242525145 -2.027023772533987 -0.6093478076868486 13.917901665755046 20.576845763649956 34.46544106767914 16.542428295724516 19.055444802204168 8.337511782061345 12.713964348788856 -0.05734703043066869 2.912685736294331 19.545844584398218 7.382489446892609 11.190535190505013 1.5774222281042682 5.199725713525556 21.077951293824782 -1.1827754197088503 6.950313623771773 2.4979010991619788 -6.976011150449483 -4.8265218549597915 -8.336299830922654 0.717419198763789
3.066132264529058 10.449350029793223 1.5675212165939456 5.042591994631795 3.074668183127809 -1.9556688319313054 -0.5379928670841849 13.98925660635771 20.64820070425263 34.536796008281804 16.61378323632718 19.12679974280683 8.408866722664026 12.78531928939152 0.014007910171994986 2.9840406768969947 19.617199525000878 7.4538443874952724 11.261890131107677 1.648777168706932 5.27108065412822 21.149306234427456 -1.1114204791061866 7.021668564374437 2.5692560397646425 -6.904656209846801 -4.75516691435711 -8.26494489031999 0.7887741393664527
3.12625250501002 10.51890589954695 1.6370770863476736 5.112147864385523 3.144224052881537 -1.8861129621775952 -0.46843699733045696 14.058812476111438 20.71775657400636 34.60635187803553 16.683339106080908 19.19635561256056 8.478422592417736 12.854875159145248 0.08356377992572295 3.0535965466507227 19.686755394754606 7.523400257249 11.331446000861405 1.7183330384606599 5.3406365238819475 21.218862104181177 -1.0418646093524586 7.091224434128165 2.6388119095183704 -6.835100340093073 -4.685611044603382 -8.195389020566262 0.8583300091201806
3.186372745490982 10.586884340043472 1.7050555268441947 5.180126304882027 3.212202493378058 -1.818134521681074 -0.40045855683393583 14.126790916607959 20.78573501450287 34.67433031853204 16.75131754657743 19.26433405305708 8.546401032914257 12.922853599641769 0.15154222042224408 3.121574987147244 19.75473383525113 7.591378697745504 11.399424441357908 1.786311478957181 5.408614964378469 21.286840544677695 -0.9738861688559375 7.159202874624686 2.7067903500148915 -6.76712189959657 -4.617632604106879 -8.127410580069741 0.9263084496167018
3.2464929859719436 10.65345069070851 1.771621877509233 5.246692655547083 3.278768844043096 -1.7515681710160358 -0.3338922061688976 14.193357267272997 20.85230136516791 34.74089666919709 16.817883897242467 19.33090040372212 8.612967383579296 12.989419950306807 0.21810857108728232 3.188141337812282 19.821300185916165 7.65794504841056 11.465990792022964 1.8528778296222193 5.475181315043507 21.353406895342737 -0.9073198181908992 7.225769225289724 2.77335670067993 -6.700555548931514 -4.5510662534418405 -8.060844229404703 0.99287480028174
3.306613226452906 10.718768712706392 1.8369398995071151 5.312010677544947 3.3440868660409606 -1.6862501490181536 -0.2685741841710154 14.25867528927088 20.917619387165793 34.80621469119496 16.88320191924035 19.39621842572 8.678285405577178 13.05473797230469 0.2834265930851645 3.253459359810164 19.88661820791404 7.723263070408424 11.531308814020829 1.9181958516201014 5.540499337041389 21.41872491734062 -0.8420017961930171 7.291087247287589 2.838674722677812 -6.63523752693365 -4.485748231443958 -7.9955262074068205 1.0581928222796222
3.3667334669338675 10.782967795109428 1.901138981910151 5.376209759948001 3.4082859484440142 -1.6220510666151178 -0.20437510176797957 14.322874371673915 20.981818469568836 34.87041377359801 16.947401001643385 19.460417508123037 8.742484487980214 13.118937054707725 0.34762567548820034 3.3176584422132 19.950817290317083 7.787462152811478 11.595507896423882 1.9823949340231373 5.604698419444425 21.482923999743655 -0.7778027137899812 7.355286329690642 2.902873805080848 -6.571038444530596 -4.421549149040905 -7.931327125003785 1.122391904682658
3.4268537074148293 10.846156347883777 1.9643275346845002 5.43939831272235 3.4714745012183634 -1.5588625138407508 -0.14118654899363037 14.386062924448265 21.045007022343185 34.93360232637236 17.010589554417734 19.523606060897396 8.80567304075458 13.182125607482075 0.41081422826254954 3.3808469949875493 20.014005843091432 7.850650705585827 11.658696449198231 2.0455834867974865 5.667886972218774 21.54611255251801 -0.714614161015632 7.4184748824649915 2.966062357855197 -6.507849891756247 -4.3583605962665555 -7.8681385722294355 1.185580457457025
