web/models/kne/51/mosfit_kn_0.077496_0.3590_3.6500.dat
# %ECSV 1.0
# ---
# datatype:
# - {name: time, datatype: float64}
# - {name: PS1_g, datatype: float64}
# - {name: PS1_i, datatype: float64}
# - {name: PS1_r, datatype: float64}
# - {name: PS1_w, datatype: float64}
# - {name: PS1_y, datatype: float64}
# - {name: PS1_z, datatype: float64}
# - {name: swift_uvot_B, datatype: float64}
# - {name: swift_uvot_U, datatype: float64}
# - {name: swift_uvot_uvm2, datatype: float64}
# - {name: swift_uvot_uvw1, datatype: float64}
# - {name: swift_uvot_uvw2, datatype: float64}
# - {name: swift_uvot_V, datatype: float64}
# - {name: johnson_B, datatype: float64}
# - {name: johnson_I, datatype: float64}
# - {name: johnson_R, datatype: float64}
# - {name: johnson_U, datatype: float64}
# - {name: johnson_V, datatype: float64}
# - {name: sdss_g, datatype: float64}
# - {name: sdss_i, datatype: float64}
# - {name: sdss_r, datatype: float64}
# - {name: sdss_u, datatype: float64}
# - {name: sdss_z, datatype: float64}
# - {name: ATLAS_c, datatype: float64}
# - {name: ATLAS_o, datatype: float64}
# - {name: ukirt_H, datatype: float64}
# - {name: ukirt_J, datatype: float64}
# - {name: ukirt_K, datatype: float64}
# - {name: Clear, datatype: float64}
# meta: !!omap
# - comment: [kappa = 3.65, type = rprocess, mass = 0.07749594937791414, velocity = 0.359, theta_obs = 0.0, tfloor = 1000.0]
# schema: astropy-2.0
time PS1_g PS1_i PS1_r PS1_w PS1_y PS1_z swift_uvot_B swift_uvot_U swift_uvot_uvm2 swift_uvot_uvw1 swift_uvot_uvw2 swift_uvot_V johnson_B johnson_I johnson_R johnson_U johnson_V sdss_g sdss_i sdss_r sdss_u sdss_z ATLAS_c ATLAS_o ukirt_H ukirt_J ukirt_K Clear
[from data line 318]
19.178356713426854 7.29353346311024 -1.5882953500890373 1.8867754279488125 -0.08114838355517406 -5.111485398614306 -3.693809433767168 10.833440039674727 17.492384137569648 31.380979441598814 13.457966669644197 15.970983176123848 5.2530501559810245 9.629502722708537 -3.141808656510988 -0.171775889785988 16.461382958317905 4.2980278208122895 8.106073564424694 -1.507039397976051 2.1152640874452366 17.993489667744473 -4.2672370457891695 3.865851997691454 -0.5865605269183405 -10.060472776529783 -7.910983481040093 -11.420761457002973 -2.3670424273165303
19.238476953907814 7.301713069371498 -1.580115743827779 1.8949550342100707 -0.07296877729391582 -5.10330579235303 -3.6856298275059096 10.841619645935985 17.500563743830906 31.389159047860073 13.466146275905455 15.979162782385107 5.2612297622423005 9.637682328969795 -3.1336290502497297 -0.16359628352472977 16.469562564579164 4.306207427073548 8.114253170685952 -1.4988597917147928 2.123443693706495 18.00166927400573 -4.259057439527911 3.8740316039527123 -0.5783809206570822 -10.052293170268525 -7.902803874778835 -11.412581850741715 -2.3588628210552542
19.298597194388776 7.30985632838447 -1.5719724848148076 1.9030982932230245 -0.0648255182809443 -5.095162533340076 -3.677486568492938 10.849762904948957 17.508707002843877 31.397302306873033 13.474289534918427 15.987306041398078 5.269373021255254 9.645825587982767 -3.125485791236758 -0.15545302451175824 16.477705823592117 4.3143506860865015 8.122396429698906 -1.4907165327018213 2.1315869527194664 18.009812533018703 -4.25091418051494 3.882174862965684 -0.5702376616441107 -10.044149911255571 -7.894660615765881 -11.404438591728743 -2.3507195620423005
19.35871743486974 7.317963596242727 -1.563865216956568 1.9112055610812817 -0.05671825042270484 -5.087055265481819 -3.6693793006346986 10.857870172807196 17.516814270702117 31.405409574731284 13.482396802776666 15.995413309256318 5.2774802891135115 9.653932855841006 -3.1173785233785187 -0.1473457566535188 16.485813091450375 4.322457953944759 8.130503697557163 -1.482609264843564 2.139694220577706 18.017919800876943 -4.2428069126566825 3.8902821308239233 -0.5621303937858535 -10.036042643397314 -7.886553347907624 -11.396331323870486 -2.3426122941840433
19.4188376753507 7.326035667249027 -1.5557931459502505 1.9192776320875815 -0.04864617941638727 -5.078983194475519 -3.661307229628381 10.865942243813514 17.524886341708434 31.4134816457376 13.490468873782984 16.003485380262635 5.285552360119811 9.662004926847324 -3.109306452372201 -0.13927368564720122 16.493885162456674 4.3305300249510585 8.13857576856348 -1.4745371938372642 2.1477662915840234 18.02599187188326 -4.234734841650383 3.898354201830241 -0.5540583227795537 -10.027970572391014 -7.878481276901324 -11.388259252864186 -2.3345402231777435
19.478957915831664 7.334072963658169 -1.5477558495411081 1.9273149284967417 -0.040608883007244856 -5.070945898066359 -3.6532699332192387 10.873979540222656 17.532923638117577 31.421518942146744 13.498506170192126 16.011522676671778 5.2935896565289715 9.670042223256466 -3.1012691559630587 -0.1312363892380588 16.501922458865835 4.338567321360219 8.146613064972623 -1.4664998974281218 2.155803587993166 18.034029168292403 -4.22669754524124 3.9063914982393833 -0.5460210263704113 -10.019933275981854 -7.870443980492164 -11.380221956455044 -2.3265029267685833
19.539078156312623 7.34207583277831 -1.5397529804209675 1.9353177976168645 -0.03260601388712203 -5.062943028946236 -3.645267064099098 10.881982409342797 17.5409265072377 31.429521811266877 13.506509039312267 16.019525545791918 5.301592525649094 9.678045092376607 -3.093266286842918 -0.12323352011791822 16.509925327985957 4.3465701904803415 8.154615934092746 -1.4584970283079812 2.1638064571133064 18.042032037412525 -4.2186946761211 3.914394367359506 -0.5380181572502707 -10.011930406861731 -7.862441111372041 -11.372219087334903 -2.3185000576484605
19.599198396793586 7.350044921850749 -1.531783891348546 1.9432868866893038 -0.024636924814682715 -5.054973939873797 -3.6372979750266765 10.889951498415218 17.54889559631014 31.437490900339316 13.514478128384706 16.027494634864357 5.309561614721534 9.686014181449028 -3.085297197770479 -0.11526443104549666 16.517894417058397 4.354539279552781 8.162585023165185 -1.450527939235542 2.1717755461857458 18.050001126484965 -4.21072558704866 3.9223634564319454 -0.5300490681778314 -10.003961317789292 -7.854472022299602 -11.364249998262464 -2.310530968576021
19.65931863727455 7.357980415197929 -1.5238483980013484 1.9512223800364836 -0.01670143146748515 -5.047038446526617 -3.629362481679479 10.897886991762416 17.556831089657337 31.445426393686493 13.522413621731886 16.035430128211537 5.3174971080687135 9.693949674796226 -3.077361704423299 -0.1073289376982991 16.525829910405577 4.362474772899961 8.170520516512383 -1.442592445888362 2.1797110395329256 18.057936619832162 -4.202790093701481 3.930298949779143 -0.5221135748306516 -9.996025824442112 -7.846536528952422 -11.356314504915284 -2.3025954752288413
19.71943887775551 7.365882821340239 -1.515945991859038 1.959124786178812 -0.008799025325174625 -5.039136040384307 -3.6214600755371684 10.905789397904726 17.564733495799647 31.453328799828814 13.530316027874196 16.043332534353848 5.325399514211024 9.701852080938536 -3.0694592982809885 -0.09942653155598857 16.533732316547887 4.370377179042289 8.178422922654693 -1.4346900397460516 2.187613445675236 18.065839025974473 -4.19488768755917 3.9382013559214535 -0.514211168688341 -9.988123418299784 -7.8386341228100935 -11.348412098772974 -2.294693069086531
19.779559118236474 7.373752733052221 -1.508076080147056 1.966994697890776 -0.0009291136132105748 -5.031266128672325 -3.6135901638251866 10.913659309616708 17.57260340751161 31.461198711540792 13.538185939586178 16.05120244606583 5.333269425923006 9.7097219926505 -3.0615893865690067 -0.09155661984402452 16.54160222825987 4.378247090754253 8.186292834366657 -1.4268201280340698 2.195483357387218 18.073708937686437 -4.187017775847188 3.9460712676334175 -0.5063412569763592 -9.98025350658782 -7.8307642110981295 -11.340542187060992 -2.286823157374549
19.839679358717433 7.381590471741344 -1.5002383414579334 1.9748324365798986 0.0069086250759298196 -5.023428389983202 -3.605752425136064 10.921497048305831 17.58044114620075 31.46903645022991 13.5460236782753 16.059040184754952 5.341107164612128 9.717559731339641 -3.053751647879884 -0.08371888115488413 16.54943996694899 4.386084829443376 8.19413057305578 -1.4189823893449471 2.2033210960763405 18.081546676375577 -4.179180037158066 3.95390900632254 -0.4985035182872366 -9.972415767898697 -7.822926472409007 -11.332704448371869 -2.2789854186854264
19.899799599198396 7.389396444826755 -1.4924323683725227 1.9826384096653094 0.014714598161340575 -5.015622416897791 -3.597946452050653 10.929303021391242 17.588247119286162 31.476842423315322 13.553829651360711 16.066846157840363 5.348913137697539 9.725365704425052 -3.0459456747944733 -0.07591290806947337 16.557245940034402 4.393890802528786 8.20193654614119 -1.4111764162595364 2.2111270691617513 18.089352649460988 -4.171374064072655 3.9617149794079687 -0.49069754520182585 -9.964609794813287 -7.815120499323596 -11.324898475286458 -2.2711794456000156
19.95991983967936 7.397171081021003 -1.484657732178274 1.9904130458595581 0.02248923435558936 -5.007847780703543 -3.5901718158564044 10.93707765758549 17.59602175548041 31.48461705950957 13.56160428755496 16.07462079403461 5.356687773891788 9.7331403406193 -3.0381710386002245 -0.06813827187522459 16.56502057622865 4.401665438723035 8.20971118233544 -1.4034017800652876 2.218901705356 18.097127285655237 -4.163599427878406 3.9694896156022175 -0.48292290900757706 -9.956835158619038 -7.807345863129347 -11.31712383909221 -2.263404809405767
20.02004008016032 7.404914596360026 -1.4769142168392513 1.9981565611985985 0.030232749694611982 -5.00010426536452 -3.582428300517382 10.944821172924513 17.603765270819434 31.4923605748486 13.569347802893983 16.082364309373634 5.364431289230811 9.740883855958323 -3.030427523261202 -0.060394756536201966 16.572764091567674 4.409408954062076 8.21745469767448 -1.395658264726265 2.2266452206950227 18.10487080099426 -4.1558559125393835 3.97723313094124 -0.47517939366855444 -9.949091643279997 -7.799602347790307 -11.309380323753187 -2.255661294066744
20.080160320641284 7.412627576655435 -1.4692012365438423 2.0058695414940075 0.03794572999002099 -4.992391285069093 -3.574715320221973 10.952534153219922 17.611478251114843 31.50007355514401 13.577060783189392 16.090077289669043 5.372144269526237 9.748596836253732 -3.022714542965793 -0.052681776240792955 16.5804770718631 4.417121934357485 8.225167677969889 -1.387945284430856 2.2343582009904317 18.11258378128967 -4.1481429322439745 3.984946111236649 -0.46746641337314543 -9.941378662984588 -7.791889367494898 -11.301667343457778 -2.2479483137713174
20.140280561122243 7.420310398464434 -1.4615184147348437 2.0135523633029884 0.04562855179901959 -4.984708463260112 -3.567032498412974 10.96021697502892 17.61916107292384 31.507756376953 13.58474360499839 16.097760111478042 5.379827091335218 9.75627965806273 -3.0150317211567943 -0.04499895443179436 16.58815989367208 4.424804756166465 8.232850499778888 -1.3802624626218574 2.2420410227994303 18.120266603098667 -4.140460110434976 3.9926289330456477 -0.45978359156414683 -9.933695841175608 -7.784206545685917 -11.29398452164878 -2.2402654919623366
20.200400801603205 7.427963315555157 -1.4538654976441379 2.021205280393712 0.0532814688897254 -4.977055546169389 -3.5593795813222684 10.967869892119626 17.626813990014547 31.515409294043717 13.592396522089096 16.105413028568748 5.387480008425942 9.763932575153436 -3.0073788040660885 -0.037346037341088545 16.595812810762805 4.432457673257189 8.240503416869593 -1.3726095455311338 2.249693939890136 18.127919520189373 -4.132807193344252 4.0002818501363535 -0.45213067447342326 -9.926042924084884 -7.7765536285951935 -11.286331604558056 -2.232612574871613
20.260521042084168 7.435586779257459 -1.446242033941818 2.028828744096014 0.06090493259202745 -4.969432082467087 -3.5517561176199486 10.975493355821946 17.63443745371685 31.523032757746027 13.600019985791416 16.113036492271068 5.395103472128244 9.771556038855756 -2.9997553403637687 -0.029722573638768734 16.603436274465107 4.440081136959491 8.248126880571895 -1.3649860818288317 2.257317403592456 18.135542983891675 -4.12518372964195 4.007905313838656 -0.4445072107711212 -9.918419460382582 -7.7689301648928915 -11.278708140855754 -2.224989111169311
20.32064128256513 7.443181047572871 -1.4386477656264063 2.0364230124114258 0.06849920090745698 -4.961837814151675 -3.544161849304537 10.983087624137358 17.64203172203228 31.53062702606145 13.607614254106828 16.12063076058648 5.402697740443656 9.779150307171168 -2.992161072048357 -0.022128305323356967 16.61103054278052 4.447675405274921 8.255721148887325 -1.35739181351342 2.2649116719078677 18.143137252207104 -4.1175894613265385 4.015499582154085 -0.43691294245570944 -9.91082519206717 -7.76133589657748 -11.271113872540342 -2.217394842853899
20.38076152304609 7.450746348737773 -1.4310824644615217 2.043988313576328 0.07606450207234161 -4.954272512986773 -3.536596548139652 10.990652925302243 17.649597023197163 31.538192327226344 13.61517955527173 16.128196061751364 5.410263041608558 9.786715608336053 -2.9845957708834723 -0.014563004158472337 16.61859584394542 4.455240706439805 8.26328645005221 -1.3498265123485176 2.27247697307277 18.15070255337199 -4.110024160161636 4.02306488331897 -0.42934764129080705 -9.903259890902268 -7.753770595412577 -11.26354857137544 -2.209829541688997
20.440881763527052 7.458283253927203 -1.4235455592720747 2.0515252187657573 0.08360140726177079 -4.9467356077973434 -3.5290596429502052 10.99818983049169 17.657133928386592 31.54572923241577 13.62271646046116 16.13573296694081 5.417799946797987 9.794252513525482 -2.9770588656940253 -0.00702609896904316 16.62613274913485 4.462777611629234 8.270823355241639 -1.3422896071590884 2.2800138782621993 18.158239458561418 -4.102487254972207 4.030601788508399 -0.42181073610137787 -9.895722985712839 -7.746233690223148 -11.25601166618601 -2.2022926364995676
20.501002004008015 7.465792053576745 -1.416036759622532 2.0590340184153177 0.0911102069113312 -4.939226808147801 -3.5215508433006626 11.005698630141232 17.664642728036153 31.55323803206532 13.630225260110702 16.143241766590354 5.42530874644753 9.801761313175042 -2.9695500660444827 0.00048270068051725623 16.63364154878441 4.470286411278795 8.2783321548912 -1.3347808075095458 2.287522677911742 18.16574825821098 -4.094978455322664 4.038110588157959 -0.4143019364518352 -9.888214186063278 -7.738724890573588 -11.248502866536468 -2.194783836850025
20.561122244488978 7.4732729659610975 -1.4085558472381976 2.066514930799652 0.09859111929566566 -4.931745895763449 -3.514069930916328 11.013179542525567 17.672123640420487 31.560718944449658 13.637706172495037 16.150722678974688 5.432789658831882 9.809242225559377 -2.9620691536601482 0.007963613064851716 16.641122461168745 4.477767323663129 8.285813067275534 -1.3272998951251935 2.2950035902960764 18.173229170595313 -4.087497542938312 4.045591500542294 -0.406821024067483 -9.880733273678944 -7.731243978189253 -11.241021954152115 -2.1873029244656728
20.62124248496994 7.480726405295339 -1.401102407903938 2.073968370133894 0.10604455862990747 -4.924292456429207 -3.5066164915820686 11.020632981859826 17.67957707975473 31.568172383783907 13.645159611829296 16.158176118308948 5.440243098166124 9.816695664893619 -2.9546157143258887 0.015417052399093523 16.648575900502987 4.485220762997371 8.293266506609775 -1.3198464557909517 2.302457029630336 18.180682609929555 -4.08004410360407 4.053044939876536 -0.3993675847332412 -9.873279834344702 -7.723790538855011 -11.233568514817874 -2.179849485131431
20.6813627254509 7.488152550847911 -1.3936762623513665 2.0813945156864655 0.11347070418249672 -4.916866310876635 -3.499190346029497 11.028059127412398 17.68700322530732 31.575598529336485 13.652585757381868 16.16560226386152 5.447669243718695 9.824121810446208 -2.947189568773317 0.02284319795168277 16.65600204605556 4.49264690854996 8.300692652162365 -1.3124203102383802 2.3098831751829074 18.188108755482144 -4.072617958051499 4.060471085429125 -0.3919414391806697 -9.86585368879213 -7.71636439330244 -11.226142369265302 -2.1724233395788595
20.741482965931862 7.495551673133036 -1.386277140066241 2.088793637971591 0.12086982646762223 -4.90946718859151 -3.4917912237443716 11.035458249697523 17.694402347592444 31.582997651621614 13.659984879666993 16.173001386146645 5.455068366003821 9.831520932731333 -2.9397904464881917 0.030242320236808284 16.663401168340684 4.500046030835086 8.30809177444749 -1.3050211879532547 2.317282297468033 18.19550787776727 -4.065218835766373 4.06787020771425 -0.3845423168955442 -9.858454566507005 -7.708965271017314 -11.218743246980177 -2.165024217293734
20.801603206412825 7.502924238487356 -1.378904574711921 2.0961662033259287 0.1282423918219422 -4.90209462323719 -3.4844186583900516 11.042830815051843 17.701774912946764 31.59037021697593 13.667357445021313 16.180373951500965 5.462440931358141 9.838893498085653 -2.9324178811338717 0.037614885591128244 16.670773733695004 4.507418596189406 8.31546433980181 -1.2976486225989348 2.324654862822353 18.20288044312159 -4.057846270412053 4.07524277306857 -0.37716975154122423 -9.851082001152667 -7.701592705662977 -11.211370681625857 -2.157651651939414
