web/models/kne/51/mosfit_kn_0.095333_0.4843_0.5000.dat
# %ECSV 1.0
# ---
# datatype:
# - {name: time, datatype: float64}
# - {name: PS1_g, datatype: float64}
# - {name: PS1_i, datatype: float64}
# - {name: PS1_r, datatype: float64}
# - {name: PS1_w, datatype: float64}
# - {name: PS1_y, datatype: float64}
# - {name: PS1_z, datatype: float64}
# - {name: swift_uvot_B, datatype: float64}
# - {name: swift_uvot_U, datatype: float64}
# - {name: swift_uvot_uvm2, datatype: float64}
# - {name: swift_uvot_uvw1, datatype: float64}
# - {name: swift_uvot_uvw2, datatype: float64}
# - {name: swift_uvot_V, datatype: float64}
# - {name: johnson_B, datatype: float64}
# - {name: johnson_I, datatype: float64}
# - {name: johnson_R, datatype: float64}
# - {name: johnson_U, datatype: float64}
# - {name: johnson_V, datatype: float64}
# - {name: sdss_g, datatype: float64}
# - {name: sdss_i, datatype: float64}
# - {name: sdss_r, datatype: float64}
# - {name: sdss_u, datatype: float64}
# - {name: sdss_z, datatype: float64}
# - {name: ATLAS_c, datatype: float64}
# - {name: ATLAS_o, datatype: float64}
# - {name: ukirt_H, datatype: float64}
# - {name: ukirt_J, datatype: float64}
# - {name: ukirt_K, datatype: float64}
# - {name: Clear, datatype: float64}
# meta: !!omap
# - comment: [kappa = 0.5, type = rprocess, mass = 0.09533330950298248, velocity = 0.48433333333333334, theta_obs = 0.0, tfloor = 1000.0]
# schema: astropy-2.0
time PS1_g PS1_i PS1_r PS1_w PS1_y PS1_z swift_uvot_B swift_uvot_U swift_uvot_uvm2 swift_uvot_uvw1 swift_uvot_uvw2 swift_uvot_V johnson_B johnson_I johnson_R johnson_U johnson_V sdss_g sdss_i sdss_r sdss_u sdss_z ATLAS_c ATLAS_o ukirt_H ukirt_J ukirt_K Clear
[from data line 377]
22.725450901803605 8.916152838880063 0.0343240256807853 3.509394803718635 1.5414709922146486 -3.4888660228444657 -2.0711900579973452 12.45605941544455 19.11500351333947 33.00359881736864 15.08058604541402 17.59360255189367 6.875669531750865 11.25212209847836 -1.5191892807411653 1.4508434859838346 18.084002334087728 5.920647196582112 9.728692940194517 0.1155799777937716 3.7378834632150593 19.616109043514296 -2.644617670019347 5.488471373461277 1.0360588488514821 -8.43785340075996 -6.28836410527027 -9.79814208123315 -0.7444230515467076
22.785571142284567 8.924153286098448 0.042324472899171184 3.5173952509370032 1.5494714394330167 -3.4808655756260976 -2.0631896107789593 12.464059862662936 19.12300396055784 33.01159926458702 15.088586492632405 17.601602999112057 6.883669978969233 11.260122545696728 -1.5111888335227794 1.4588439332022027 18.092002781306096 5.92864764380048 9.736693387412885 0.12358042501215749 3.745883910433445 19.624109490732664 -2.636617222800961 5.496471820679645 1.044059296069868 -8.429852953541593 -6.280363658051902 -9.790141634014764 -0.7364226043283217
22.84569138276553 8.932136551944474 0.05030773874519667 3.5253785167830287 1.5574547052790422 -3.472882309780072 -2.055206344932934 12.472043128508961 19.130987226403864 33.01958253043305 15.09656975847843 17.609586264958082 6.8916532448152585 11.268105811542771 -1.503205567676754 1.4668271990482282 18.09998604715212 5.936630909646506 9.74467665325891 0.13156369085818298 3.7538671762794706 19.63209275657869 -2.6286339569549355 5.50445508652567 1.0520425619158935 -8.421869687695567 -6.272380392205877 -9.782158368168739 -0.7284393384822963
22.905811623246493 8.940102767440141 0.0582739542408639 3.5333447322787137 1.5654209207747272 -3.464916094284387 -2.0472401294372666 12.480009344004628 19.13895344189955 33.02754874592872 15.104535973974098 17.61755248045375 6.8996194603109435 11.276072027038438 -1.4952393521810867 1.4747934145439132 18.107952262647807 5.944597125142191 9.752642868754595 0.1395299063538502 3.761833391775138 19.640058972074375 -2.6206677414592505 5.512421302021355 1.0600087774115607 -8.413903472199882 -6.264414176710192 -9.774192152673054 -0.7204731229866113
22.965931863727455 8.94805206993512 0.06622325673584228 3.5412940347736743 1.5733702232697055 -3.4569667917894265 -2.0392908269422882 12.487958646499607 19.146902744394527 33.03549804842369 15.112485276469076 17.625501782948728 6.907568762805904 11.284021329533417 -1.4872900496861083 1.4827427170388916 18.115901565142767 5.952546427637151 9.760592171249574 0.1474792088488286 3.7697826942701163 19.648008274569353 -2.61271843896429 5.520370604516334 1.0679580799065391 -8.405954169704922 -6.256464874215231 -9.766242850178093 -0.7125238204916506
23.026052104208414 8.955984592001798 0.07415577880252044 3.5492265568403703 1.5813027453363837 -3.4490342697227483 -2.03135830487561 12.495891168566285 19.154835266461205 33.04343057049038 15.120417798535755 17.633434305015406 6.915501284872582 11.291953851600095 -1.4793575276194302 1.4906752391055698 18.123834087209445 5.960478949703847 9.768524693316252 0.15541173091550675 3.7777152163367944 19.65594079663603 -2.6047859168976117 5.528303126583012 1.0758906019732173 -8.398021647638226 -6.248532352148553 -9.758310328111415 -0.7045912984249725
23.086172344689377 8.963900463093495 0.0820716498941998 3.5571424279320496 1.589218616428063 -3.441118398631051 -2.0234424337839307 12.503807039657964 19.162751137552885 33.05134644158206 15.128333669627452 17.641350176107103 6.923417155964279 11.299869722691774 -1.471441656527733 1.498591110197249 18.131749958301143 5.968394820795527 9.776440564407931 0.16332760200720386 3.7856310874284915 19.66385666772771 -2.5968700458059146 5.536218997674691 1.0838064730649144 -8.390105776546546 -6.240616481056856 -9.750394457019718 -0.6966754273332754
23.14629258517034 8.971799810187626 0.08997099698834887 3.565041775026181 1.5971179635222121 -3.43321905153692 -2.0155430866897817 12.511706386752113 19.170650484647034 33.05924578867621 15.136233016721583 17.649249523201235 6.931316503058411 11.307769069785923 -1.4635423094336018 1.5064904572913982 18.139649305395274 5.976294167889658 9.78433991150208 0.17122694910133518 3.793530434522623 19.67175601482186 -2.5889706987117833 5.54411834476884 1.0917058201590457 -8.382206429452415 -6.2327171339627245 -9.742495109925587 -0.688776080239144
23.206412825651302 8.979682762978651 0.09785394977935624 3.572924727817206 1.6050009163132195 -3.4253360987458947 -2.0076601338987743 12.519589339543138 19.17853343743804 33.06712874146722 15.144115969512608 17.65713247599226 6.939199455849436 11.31565202257693 -1.4556593566425766 1.5143734100824056 18.1475322581863 5.984177120680683 9.792222864293088 0.1791099018923603 3.801413387313648 19.679638967612867 -2.581087745920758 5.552001297559848 1.0995887729500708 -8.37432347666139 -6.224834181171699 -9.734612157134562 -0.6808931274481189
23.266533066132265 8.987549446457006 0.10572063325772874 3.5807914112955785 1.612867599791592 -3.4174694152675222 -1.9997934504204018 12.527456023021493 19.186400120916414 33.074995424945584 15.151982652990963 17.664999159470614 6.947066139327808 11.323518706055303 -1.4477926731642219 1.522240093560778 18.15539894166467 5.992043804159056 9.80008954777146 0.18697658537071504 3.8092800707920027 19.68750565109124 -2.5732210624424035 5.55986798103822 1.1074554564284256 -8.366456793183017 -6.216967497693327 -9.726745473656207 -0.6730264439697642
23.326653306613224 8.995399983977812 0.11357117077853474 3.5886419488163668 1.620718137312398 -3.409618877746734 -1.9919429128995958 12.535306560542299 19.194250658437213 33.082845962466386 15.159833190511769 17.67284969699142 6.954916676848597 11.331369243576109 -1.4399421356434159 1.530090631081584 18.16324947918546 5.999894341679844 9.807940085292248 0.19482712289152104 3.8171306083128087 19.695356188612045 -2.5653705249215975 5.567718518559026 1.1153059939492316 -8.35860625566223 -6.209116960172539 -9.718894936135401 -0.6651759064489582
23.386773547094187 9.003234503899584 0.12140569070028917 3.596476468738139 1.6285526572341524 -3.401784357824962 -1.9841083929778414 12.543141080464054 19.202085178358974 33.090680482388144 15.167667710433523 17.680684216913175 6.962751196770369 11.339203763497864 -1.4321076157216615 1.5379251510033385 18.171083999107232 6.007728861601616 9.81577460521402 0.20266164281329324 3.824965128234563 19.7031907085338 -2.5575360049998253 5.5755530384807805 1.123140513870986 -8.350771735740457 -6.2012824402507665 -9.711060416213629 -0.657341386527186
23.44689378757515 9.011053134427325 0.1292243212280475 3.6042950992658973 1.6363712877619108 -3.3939657272972212 -1.976289762450083 12.550959710991812 19.209903808886722 33.0984991129159 15.175486340961282 17.688502847440933 6.970569827298109 11.347022394025622 -1.4242889851939031 1.5457437815310968 18.178902629634972 6.015547492129374 9.823593235741779 0.2104802733410338 3.8327837587623215 19.711009339061558 -2.5497173744720847 5.583371669008539 1.1309591443987443 -8.342953105212699 -6.193463809723026 -9.703241785685888 -0.6495227559994454
23.507014028056112 9.018855999009254 0.13702718580997697 3.6120979638478268 1.6441741523438402 -3.3861628627152918 -1.9684868978681536 12.558762575573741 19.217706673468655 33.106301977497836 15.183289205543211 17.696305712022863 6.978372691880039 11.354825258607551 -1.4164861206119737 1.5535466461130263 18.186705494216902 6.023350356711304 9.831396100323708 0.21828313792296328 3.840586623344251 19.718812203643488 -2.541914509890155 5.591174533590468 1.1387620089806738 -8.33515024063077 -6.185660945141096 -9.695438921103959 -0.641719891417516
23.567134268537075 9.026643218923187 0.1448144057239098 3.619885183761742 1.651961372257773 -3.378375642801359 -1.9606996779542207 12.566549795487674 19.225493893382584 33.114089197411765 15.191076425457144 17.704092931936795 6.986159911793972 11.362612478521484 -1.4086989006980408 1.5613338660269591 18.194492714130835 6.031137576625219 9.839183320237641 0.2260703578368961 3.8483738432581838 19.72659942355742 -2.5341272899762224 5.598961753504401 1.1465492288946066 -8.327363020716854 -6.177873725227164 -9.687651701190026 -0.6339326715035831
23.627254509018034 9.03441491535947 0.15258610216017487 3.6276568801980247 1.6597330686940381 -3.370603946365076 -1.9529279815179557 12.57432149192394 19.23326558981886 33.121860893848044 15.198848121893427 17.71186462837306 6.9939316082302545 11.37038417495775 -1.4009272042617757 1.5691055624632242 18.202264410567118 6.038909273061502 9.846955016673906 0.23384205427317895 3.8561455396944666 19.734371119993686 -2.5263555935399395 5.606733449940666 1.1543209253308895 -8.319591324280571 -6.170102028790881 -9.679880004753743 -0.6261609750673003
23.687374749498996 9.042171208686796 0.16034239548751827 3.635413173525368 1.6674893620213815 -3.3628476530377327 -1.9451716881906123 12.582077785251283 19.241021883146203 33.12961718717538 15.206604415220752 17.719620921700404 7.001687901557598 11.378140468285093 -1.3931709109344323 1.5768618557905676 18.21002070389446 6.046665566388845 9.85471131000125 0.24159834760052235 3.8639018330217922 19.74212741332103 -2.518599300212596 5.61448974326801 1.1620772186582151 -8.311835030953228 -6.162345735463537 -9.6721237114264 -0.6184046817399569
23.74749498997996 9.04991221645382 0.16808340325454196 3.643154181292374 1.6752303697884052 -3.3551066452707268 -1.9374306804235886 12.589818793018306 19.24876289091322 33.1373581949424 15.214345422987776 17.727361929467428 7.009428909324604 11.385881476052116 -1.3854299031674087 1.5846028635575913 18.217761711661467 6.054406574155851 9.862452317768273 0.24933935536752827 3.871642840788816 19.749868421088053 -2.5108582924455902 5.622230751035033 1.1698182264252388 -8.304094023186222 -6.154604727696531 -9.664382703659394 -0.610663673972951
23.80761523046092 9.057638057053552 0.1758092438542569 3.6508800218921067 1.6829562103881202 -3.347380804670994 -1.9297048398238736 12.597544633618021 19.256488731512942 33.14508403554212 15.222071263587491 17.735087770067143 7.0171547499243365 11.393607316651831 -1.3777040625676937 1.5923287041573062 18.2254875522612 6.062132414755584 9.870178158367988 0.25706519596726096 3.879368681388531 19.757594261687768 -2.5031324518458575 5.629956591634748 1.1775440670249715 -8.29636818258649 -6.146878887096799 -9.656656863059661 -0.6029378333732183
23.867735470941884 9.06534885324934 0.1835200400500625 3.6585908180878945 1.690667006583908 -3.3396700084752062 -1.921994043628068 12.605255429813827 19.26419952770874 33.152794831737914 15.229782059783297 17.742798566262948 7.024865546120124 11.401318112847637 -1.3699932663718881 1.600039500353094 18.233198348456988 6.069843210951372 9.877888954563776 0.2647759921630488 3.8870794775843365 19.765305057883555 -2.4954216556500697 5.637667387830536 1.1852548632207593 -8.288657386390701 -6.139168090901011 -9.648946066863873 -0.5952270371774304
23.927855711422843 9.073044722719246 0.1912159095199506 3.6662866875578004 1.6983628760538139 -3.3319741390053004 -1.91429817415818 12.612951299283715 19.271895397178636 33.16049070120781 15.237477929253203 17.750494435732836 7.03256141559003 11.409013982317525 -1.362297396902 1.607735369823 18.240894217926893 6.077539080421277 9.885584824033682 0.27247186163295467 3.8947753470542423 19.77300092735346 -2.487725786180164 5.645363257300442 1.1929507326906652 -8.280961516920796 -6.131472221431105 -9.641250197393967 -0.5875311677075246
23.987975951903806 9.080725780881274 0.19889696768199627 3.6739677457198283 1.7060439342158418 -3.3242930808432725 -1.9066171159961343 12.62063235744576 19.279576455340674 33.16817175936985 15.24515898741523 17.758175493894882 7.040242473752058 11.416695040479553 -1.3546163387399544 1.6154164279850278 18.24857527608892 6.085220138583305 9.89326588219571 0.2801529197949826 3.9024564052162702 19.78068198551549 -2.480044728018136 5.65304431546247 1.2006317908526931 -8.273280458758768 -6.123791163269077 -9.63356913923194 -0.5798501095454967
24.04809619238477 9.088392139157797 0.20656332595850202 3.681634103996352 1.7137102924923653 -3.316626722566749 -1.8989507577196285 12.628298715722266 19.287242813617187 33.17583811764636 15.252825345691736 17.765841852171388 7.047908832028582 11.424361398756076 -1.3469499804634486 1.6230827862615513 18.256241634365445 6.092886496859829 9.900932240472233 0.2878192780715061 3.910122763492776 19.788348343792013 -2.4723783697416124 5.660710673738993 1.2082981491291989 -8.265614100482244 -6.116124804992554 -9.625902780955416 -0.5721837512689731
24.10821643286573 9.096043915799363 0.21421510260008603 3.689285880637936 1.7213620691339493 -3.308974945925165 -1.8912989810780445 12.63595049236385 19.29489459025877 33.183489894287945 15.26047712233332 17.77349362881297 7.055560608670166 11.43201317539766 -1.3392982038218646 1.6307345629031353 18.26389341100703 6.100538273501413 9.908584017113817 0.2954710547130901 3.91777454013436 19.796000120433597 -2.4647265931000284 5.668362450380577 1.2159499257707829 -8.25796232384066 -6.10847302835097 -9.618251004313832 -0.5645319746273891
24.168336673346694 9.103681221228346 0.2218524080290507 3.6969231860669005 1.728999374562914 -3.3013376404962003 -1.8836616756490798 12.643587797792815 19.302531895687736 33.19112719971692 15.268114427762303 17.781130934241954 7.06319791409913 11.439650480826625 -1.3316608983928822 1.6383718683321 18.271530716435993 6.1081755789303775 9.916221322542782 0.3031083601420548 3.9254118455633424 19.80363742586256 -2.4570892876710637 5.675999755809542 1.2235872311997653 -8.250325018411695 -6.100835722922005 -9.610613698884867 -0.5568946691984245
24.228456913827653 9.111304164026297 0.229475350827002 3.704546128864852 1.7366223173608653 -3.293714697698249 -1.8760387328511285 12.651210740590766 19.310154838485687 33.19875014251486 15.275737370560236 17.788753877039888 7.070820856897082 11.447273423624576 -1.3240379555949486 1.6459948111300513 18.279153659233945 6.115798521728329 9.923844265340733 0.31073130294000606 3.933034788361276 19.811260368660513 -2.4494663448731124 5.683622698607493 1.2312101739976988 -8.242702075613744 -6.093212780124054 -9.602990756086916 -0.5492717264004732
24.288577154308616 9.118912861696735 0.23708404849744014 3.71215482653529 1.7442310150313034 -3.286106000027811 -1.8684300351806904 12.658819438261204 19.317763536156125 33.20635884018531 15.283346068230692 17.796362574710344 7.07842955456752 11.454882121295014 -1.3164292579245105 1.6536035088004895 18.286762356904383 6.123407219398767 9.931452963011171 0.3183400006104442 3.940643486031732 19.81886906633095 -2.4418576472026743 5.6912313962779315 1.2388188716681547 -8.235093377943306 -6.0856040824536155 -9.595382058416478 -0.541663028730035
24.34869739478958 9.126507424515626 0.24467861131633128 3.719749389354181 1.7518255778501945 -3.2785114372089197 -1.8608354723617815 12.666414001080113 19.325358098975023 33.2139534030042 15.290940631049583 17.803957137529235 7.086024117386411 11.462476684113906 -1.3088346951056016 1.6611980716193806 18.294356919723274 6.131001782217658 9.939047525830063 0.32593456342933536 3.948238048850623 19.826463629149842 -2.434263084383783 5.698825959096823 1.246413434487046 -8.227498815124415 -6.078009519634724 -9.587787495597587 -0.5340684659111439
