web/models/kne/51/mosfit_kn_0.012011_0.1240_3.6500.dat
# %ECSV 1.0
# ---
# datatype:
# - {name: time, datatype: float64}
# - {name: PS1_g, datatype: float64}
# - {name: PS1_i, datatype: float64}
# - {name: PS1_r, datatype: float64}
# - {name: PS1_w, datatype: float64}
# - {name: PS1_y, datatype: float64}
# - {name: PS1_z, datatype: float64}
# - {name: swift_uvot_B, datatype: float64}
# - {name: swift_uvot_U, datatype: float64}
# - {name: swift_uvot_uvm2, datatype: float64}
# - {name: swift_uvot_uvw1, datatype: float64}
# - {name: swift_uvot_uvw2, datatype: float64}
# - {name: swift_uvot_V, datatype: float64}
# - {name: johnson_B, datatype: float64}
# - {name: johnson_I, datatype: float64}
# - {name: johnson_R, datatype: float64}
# - {name: johnson_U, datatype: float64}
# - {name: johnson_V, datatype: float64}
# - {name: sdss_g, datatype: float64}
# - {name: sdss_i, datatype: float64}
# - {name: sdss_r, datatype: float64}
# - {name: sdss_u, datatype: float64}
# - {name: sdss_z, datatype: float64}
# - {name: ATLAS_c, datatype: float64}
# - {name: ATLAS_o, datatype: float64}
# - {name: ukirt_H, datatype: float64}
# - {name: ukirt_J, datatype: float64}
# - {name: ukirt_K, datatype: float64}
# - {name: Clear, datatype: float64}
# meta: !!omap
# - comment: [kappa = 3.65, type = rprocess, mass = 0.012011244339858356, velocity = 0.12399999999999999, theta_obs = 0.0, tfloor = 1000.0]
# schema: astropy-2.0
time PS1_g PS1_i PS1_r PS1_w PS1_y PS1_z swift_uvot_B swift_uvot_U swift_uvot_uvm2 swift_uvot_uvw1 swift_uvot_uvw2 swift_uvot_V johnson_B johnson_I johnson_R johnson_U johnson_V sdss_g sdss_i sdss_r sdss_u sdss_z ATLAS_c ATLAS_o ukirt_H ukirt_J ukirt_K Clear
[from data line 406]
24.468937875751504 9.223305200819567 0.34147638762028976 3.816547165658122 1.848623354154153 -3.181713660904979 -1.7640376960578408 12.763211777384054 19.422155875278968 33.31075117930815 15.387738407353524 17.900754913833175 7.182821893690352 11.559274460417864 -1.2120369188016609 1.757995847923339 18.391154696027215 6.227799558521617 10.035845302134021 0.42273233973327606 4.045035825154564 19.9232614054538 -2.3374653080798424 5.795623735400781 1.3432112107909866 -8.130701038820474 -5.981211743330784 -9.490989719293646 -0.43727068960720317
24.529058116232463 9.228070487232838 0.34624167403356054 3.8213124520713926 1.853388640567406 -3.176948374491708 -1.75927240964457 12.767977063797325 19.426921161692235 33.31551646572141 15.392503693766795 17.905520200246446 7.187587180103622 11.564039746831117 -1.20727163238839 1.762761134336592 18.395919982440486 6.23256484493487 10.040610588547274 0.42749762614654685 4.0498011115678345 19.928026691867053 -2.3327000216665716 5.800389021814034 1.3479764972042574 -8.125935752407203 -5.976446456917513 -9.486224432880375 -0.4325054031939324
24.589178356713425 9.232824291473793 0.35099547827451616 3.826066256312348 1.8581424448083794 -3.1721945702507526 -1.7545186054036144 12.77273086803828 19.43167496593319 33.32027026996237 15.39725749800775 17.910274004487402 7.192340984344578 11.56879355107209 -1.2025178281474345 1.7675149385775655 18.40067378668144 6.237318649175843 10.045364392788247 0.43225143038750247 4.05455491580879 19.932780496108027 -2.327946217425616 5.8051428260550075 1.352730301445213 -8.121181948166248 -5.971692652676557 -9.48147062863942 -0.42775159895297676
24.649298597194388 9.237566680260638 0.35573786706134314 3.830808645099193 1.8628848335952064 -3.167452181463908 -1.7497762166167874 12.777473256825107 19.436417354720028 33.3250126587492 15.401999886794577 17.91501639327423 7.197083373131423 11.573535939858917 -1.1977754393606075 1.7722573273643925 18.405416175468286 6.24206103796267 10.050106781575074 0.4369938191743472 4.059297304595617 19.937522884894854 -2.3232038286387713 5.8098852148418345 1.3574726902320577 -8.116439559379403 -5.9669502638897125 -9.476728239852575 -0.423009210166132
24.70941883767535 9.242297714830361 0.3604689016310836 3.8355396796689156 1.867615868164929 -3.162721146894185 -1.745045182047047 12.782204291394848 19.441148389289758 33.32974369331893 15.406730921364318 17.91974742784397 7.2018144077011454 11.578266974428658 -1.193044404790867 1.776988361934133 18.41014721003801 6.246792072532393 10.054837816144797 0.4417248537440699 4.0640283391653576 19.942253919464576 -2.3184727940690486 5.814616249411557 1.3622037248017804 -8.11170852480968 -5.96221922931999 -9.471997205282852 -0.41827817559640934
24.769539078156313 9.24701746076721 0.36518864756793334 3.8402594256057654 1.8723356141017966 -3.1580014009573354 -1.7403254361101972 12.786924037331698 19.44586813522661 33.33446343925578 15.411450667301168 17.92446717378082 7.206534153637995 11.582986720365508 -1.1883246588540173 1.7817081078709827 18.41486695597486 6.251511818469242 10.059557562081647 0.44644459968091965 4.068748085102207 19.946973665401444 -2.313753048132199 5.819335995348425 1.3669234707386302 -8.10698877887283 -5.95749948338314 -9.467277459346002 -0.4135584296595596
24.829659318637272 9.251725984056591 0.369897170857314 3.844967948895164 1.8770441373911773 -3.1532928776679547 -1.7356169128208165 12.791632560621078 19.450576658516 33.33917196254517 15.416159190590548 17.9291756970702 7.211242676927376 11.587695243654888 -1.1836161355646366 1.7864166311603633 18.419575479264257 6.256220341758641 10.064266085371045 0.4511531229703003 4.073456608391588 19.951682188690825 -2.309044524842818 5.824044518637805 1.3716319940280108 -8.102280255583432 -5.952790960093742 -9.462568936056622 -0.40884990637017893
24.889779559118235 9.256423346743166 0.3745945335438883 3.849665311581738 1.8817415000777515 -3.1485955149813627 -1.7309195501342423 12.796329923307653 19.455274021202573 33.34386932523174 15.420856553277122 17.933873059756774 7.215940039613968 11.592392606341463 -1.1789187728780623 1.7911139938469376 18.42427284195083 6.260917704445215 10.06896344805762 0.4558504856568746 4.078153971078162 19.9563795513774 -2.304347162156244 5.82874188132438 1.3763293567145851 -8.097582892896858 -5.948093597407167 -9.457871573370047 -0.4041525436835869
24.949899799599198 9.261109616441896 0.37928080324260094 3.8543515812804507 1.8864277697764642 -3.14390924528265 -1.7262332804355296 12.801016193006365 19.459960290901286 33.34855559493046 15.425542822975835 17.938559329455487 7.220626309312681 11.597078876040175 -1.1742325031793497 1.7958002635456503 18.428959111649544 6.265603974143928 10.073649717756332 0.460536755355605 4.082840240776875 19.96106582107611 -2.2996608924575135 5.833428151023092 1.3810156264132978 -8.092896623198145 -5.943407327708455 -9.453185303671317 -0.3994662739848742
25.01002004008016 9.265784854398689 0.3839560411994114 3.8590268192372434 1.891103007733257 -3.1392340073258573 -1.7215580424787191 12.805691430963176 19.46463552885809 33.353230832887256 15.430218060932646 17.943234567412297 7.225301547269473 11.601754113996968 -1.1695572652225392 1.800475501502443 18.433634349606336 6.2702792121007205 10.078324955713125 0.4652119933123977 4.087515478733685 19.965741059032904 -2.294985654500721 5.838103388979885 1.3856908643701082 -8.088221385241352 -5.938732089751662 -9.448510065714524 -0.3947910360280815
25.07014028056112 9.270449128522564 0.388620315323287 3.863691093361119 1.8957672818571325 -3.1345697332019817 -1.7168937683548435 12.810355705087051 19.469299802981965 33.35789510701114 15.434882335056521 17.947898841536173 7.229965821393349 11.606418388120844 -1.1648929910986636 1.8051397756263186 18.438298623730212 6.274943486224596 10.082989229837 0.4698762674362733 4.092179752857561 19.97040533315678 -2.290321380376845 5.842767663103761 1.3903551384939838 -8.083557111117477 -5.934067815627786 -9.443845791590649 -0.3901267619042059
25.130260521042082 9.275102496110392 0.3932736829110972 3.868344460948947 1.9004206494449605 -3.1299163656141538 -1.7122404007670333 12.815009072674862 19.473953170569782 33.36254847459895 15.439535702644331 17.952552209123983 7.234619188981177 11.611071755708672 -1.1602396235108534 1.8097931432141465 18.44295199131804 6.279596853812424 10.087642597424828 0.4745296350241013 4.096833120445371 19.975058700744608 -2.285668012789017 5.847421030691589 1.395008506081794 -8.078903743529649 -5.929414448039958 -9.43919242400282 -0.38547339431637795
25.190380761523045 9.279745021530772 0.3979162083314769 3.8729869863693267 1.9050631748653402 -3.125273840193774 -1.7075978753466536 12.819651598095241 19.478595695990162 33.36719100001934 15.444178228064729 17.957194734544363 7.2392617144015565 11.615714281129051 -1.1555970980904737 1.8144356686345262 18.44759451673842 6.284239379232804 10.092285122845208 0.47917216044448097 4.101475645865751 19.979701226164988 -2.2810254873686375 5.852063556111968 1.3996510315021915 -8.07426121810927 -5.924771922619579 -9.434549898582441 -0.38083086889599826
25.250501002004007 9.284377053390394 0.40254824019109847 3.8776190182289483 1.9096952067249617 -3.1206418083341525 -1.702965843487032 12.824283629954863 19.483227727849783 33.371823031878954 15.448810259924333 17.961826766403984 7.243893746261178 11.620346312988673 -1.1509650662308522 1.8190677004941478 18.45222654859804 6.288871411092425 10.09691715470483 0.48380419230410254 4.106107677725372 19.98433325802461 -2.276393455509016 5.85669558797159 1.404283063361813 -8.069629186249648 -5.920139890759957 -9.42991786672282 -0.3761988370363767
25.31062124248497 9.288998030804585 0.40716921760530767 3.8822399956431575 1.914316184139171 -3.1160208309199433 -1.6983448660728229 12.828904607369072 19.487848705263993 33.37644400929317 15.453431237338542 17.966447743818193 7.248514723675387 11.624967290402882 -1.146344088816643 1.823688677908357 18.45684752601225 6.2934923885066345 10.101538132119039 0.48842516971829397 4.110728655139582 19.98895423543882 -2.2717724780948245 5.861316565385799 1.4089040407760045 -8.065008208835438 -5.915518913345748 -9.425296889308628 -0.3715778596221675
25.37074148296593 9.293608358438927 0.4117795452396322 3.886850323277482 1.9189265117734955 -3.1114105032856187 -1.6937345384384805 12.833514935003414 19.492459032898324 33.3810543369275 15.458041564972884 17.971058071452536 7.253125051309712 11.629577618037207 -1.1417337611823006 1.8282990055426815 18.461457853646575 6.298102716140959 10.106148459753364 0.4930354973526363 4.115338982773924 19.993564563073143 -2.267162150460482 5.865926893020124 1.4135143684103468 -8.060397881201114 -5.910908585711423 -9.420686561674286 -0.36696753198784293
25.430861723446892 9.29820809847742 0.4163792852781434 3.891450063315993 1.9235262518120066 -3.1068107632471076 -1.6891347983999871 12.838114675041908 19.49705877293683 33.385654076966 15.462641305011378 17.97565781149103 7.257724791348223 11.634177358075718 -1.1371340211438072 1.8328987455811927 18.466057593685086 6.30270245617947 10.110748199791875 0.4976352373911297 4.119938722812417 19.998164303111654 -2.262562410421971 5.870526633058635 1.4181141084488402 -8.055798141162603 -5.906308845672912 -9.416086821635774 -0.3623677919493318
25.490981963927855 9.30279731325335 0.4209685000540553 3.896039278091905 1.9281154665879185 -3.1022215484711957 -1.6845455836240752 12.842703889817837 19.50164798771274 33.39024329174192 15.467230519787307 17.98024702626696 7.262314006124135 11.63876657285163 -1.1325448063678776 1.8374879603571046 18.470646808460998 6.307291670955382 10.115337414567787 0.5022244521670594 4.124527937588347 20.002753517887566 -2.257973195646059 5.875115847834547 1.42270332322477 -8.05120892638669 -5.901719630897 -9.411497606859863 -0.3577785771734199
25.551102204408817 9.307376062118262 0.4255472489189849 3.9006180269568347 1.9326942154528481 -3.097642799606266 -1.6799668347591457 12.84728263868275 19.50622673657767 33.39482204060684 15.471809268652219 17.98482577513187 7.2668927549890645 11.64334532171656 -1.1279660575029657 1.8420667092220342 18.475225557325928 6.311870419820312 10.119916163432716 0.5068032010319712 4.129106686453259 20.007332266752496 -2.2533944467811473 5.879694596699476 1.4272820720896817 -8.046630177521761 -5.897140882032071 -9.40691885799495 -0.3531998283084903
25.61122244488978 9.311944399343375 0.4301155861440975 3.9051863641819473 1.9372625526779608 -3.0930744623811712 -1.675398497534033 12.851850975907862 19.510795073802775 33.399390377831956 15.476377605877332 17.989394112356983 7.271461092214159 11.647913658941672 -1.1233977202778531 1.8466350464471468 18.479793894551023 6.316438757045424 10.124484500657829 0.5113715382570838 4.1336750236783715 20.011900603977608 -2.2488261095560347 5.884262933924589 1.4318504093147943 -8.042061840296649 -5.892572544806976 -9.402350520769838 -0.3486314910833954
25.67134268537074 9.31650238529107 0.43467357209177493 3.9097443501296247 1.9418205386256382 -3.088516476433476 -1.6708405115863556 12.85640896185554 19.51535305975046 33.40394836377964 15.480935591825027 17.99395209830466 7.276019078161855 11.65247164488935 -1.1188397343301757 1.8511930323948242 18.484351880498718 6.320996742993102 10.129042486605506 0.515929524204779 4.138233009626067 20.016458589925286 -2.2442681236083395 5.888820919872266 1.4364083952624895 -8.037503854348971 -5.888014558859281 -9.397792534822143 -0.34407350513570023
25.7314629258517 9.321050082973539 0.43922126977426146 3.9142920478120935 1.946368236308107 -3.0839687787510073 -1.666292813903869 12.860956659538026 19.519900757432936 33.40849606146211 15.485483289507496 17.998499795987147 7.280566775844323 11.657019342571818 -1.1142920366476892 1.855740730077293 18.488899578181186 6.3255444406755705 10.133590184287975 0.5204772218872478 4.142780707308535 20.021006287607754 -2.2397204259258707 5.893368617554735 1.4409560929449583 -8.032956156666502 -5.883466861176812 -9.393244837139674 -0.33952580745323147
25.791583166332664 9.32558754922658 0.4437587360273021 3.918829514065134 1.9509057025611654 -3.0794313124979666 -1.6617553476508284 12.865494125791066 19.524438223685976 33.41303352771515 15.490020755760536 18.003037262240188 7.285104242097364 11.661556808824876 -1.1097545703946485 1.8602781963303514 18.493437044434227 6.330081906928611 10.138127650541016 0.5250146881402884 4.147318173561576 20.025543753860813 -2.23518295967283 5.8979060838077935 1.445493559197999 -8.028418690413462 -5.878929394923771 -9.388707370886634 -0.33498834120019083
25.851703406813627 9.330114843414616 0.4482860302153391 3.923356808253171 1.9554329967491846 -3.0749040183099297 -1.6572280534627915 12.870021419979103 19.528965517874013 33.41756082190319 15.494548049948573 18.007564556428225 7.289631536285401 11.666084103012913 -1.1052272762066115 1.8648054905183706 18.497964338622264 6.334609201116648 10.142654944729053 0.5295419823283254 4.151845467749613 20.030071048048832 -2.230655665484793 5.902433377995813 1.450020853386036 -8.023891396225425 -5.874402100735734 -9.384180076698597 -0.33046104701215384
25.91182364729459 9.334632022369327 0.4528032091700318 3.9278739872078816 1.959950175703895 -3.070386839355219 -1.6527108745080987 12.874538598933814 19.533482696828717 33.4220780008579 15.499065228903284 18.012081735382935 7.294148715240111 11.670601281967606 -1.100710097251901 1.8693226694730811 18.502481517576975 6.339126380071359 10.147172123683763 0.5340591612830359 4.1563626467043235 20.034588227003542 -2.2261384865300826 5.906950556950523 1.4545380323407464 -8.019374217270714 -5.869884921781024 -9.379662897743886 -0.32594386805744335
25.97194388777555 9.339139150526936 0.4573103373276588 3.9323811153655086 1.964457303861522 -3.065879711197592 -1.6482037463504717 12.879045727091423 19.537989824986344 33.426585129015514 15.503572357060893 18.016588863540544 7.298655843397738 11.675108410125233 -1.0962029690942918 1.8738297976307081 18.5069886457346 6.343633508228986 10.15167925184139 0.5385662894406451 4.160869774861933 20.03909535516117 -2.2216313583724734 5.91145768510815 1.4590451604983556 -8.014867089113087 -5.865377793623397 -9.375155769586277 -0.32143673989981636
26.03206412825651 9.343636279690966 0.4618074664916705 3.9368782445295203 1.9689544330255337 -3.0613825820335805 -1.64370661718646 12.883542856255453 19.542486954150355 33.431082258179536 15.508069486224922 18.021085992704574 7.30315297256175 11.679605539289245 -1.0917058399302624 1.8783269267947198 18.511485774898613 6.348130637392997 10.156176381005402 0.5430634186046746 4.165366904025962 20.04359248432518 -2.217134229208444 5.915954814272162 1.463542289662385 -8.010369959949076 -5.860880664459385 -9.370658640422247 -0.3169396107358047
26.092184368737474 9.348123469611789 0.46629465641251144 3.9413654344503612 1.9734416229463747 -3.0568953921127395 -1.639219427265619 12.888030046176276 19.546974144071196 33.43556944810037 15.512556676145746 18.025573182625397 7.307640162482591 11.684092729210086 -1.0872186500094392 1.8828141167155608 18.515972964819454 6.352617827313838 10.160663570926243 0.5475506085254978 4.169854093946785 20.048079674246022 -2.2126470392876207 5.920442004193003 1.4680294795832083 -8.005882770028235 -5.856393474538544 -9.366171450501424 -0.3124524208149637
