web/models/kne/51/mosfit_kn_0.041628_0.1397_3.6500.dat
# %ECSV 1.0
# ---
# datatype:
# - {name: time, datatype: float64}
# - {name: PS1_g, datatype: float64}
# - {name: PS1_i, datatype: float64}
# - {name: PS1_r, datatype: float64}
# - {name: PS1_w, datatype: float64}
# - {name: PS1_y, datatype: float64}
# - {name: PS1_z, datatype: float64}
# - {name: swift_uvot_B, datatype: float64}
# - {name: swift_uvot_U, datatype: float64}
# - {name: swift_uvot_uvm2, datatype: float64}
# - {name: swift_uvot_uvw1, datatype: float64}
# - {name: swift_uvot_uvw2, datatype: float64}
# - {name: swift_uvot_V, datatype: float64}
# - {name: johnson_B, datatype: float64}
# - {name: johnson_I, datatype: float64}
# - {name: johnson_R, datatype: float64}
# - {name: johnson_U, datatype: float64}
# - {name: johnson_V, datatype: float64}
# - {name: sdss_g, datatype: float64}
# - {name: sdss_i, datatype: float64}
# - {name: sdss_r, datatype: float64}
# - {name: sdss_u, datatype: float64}
# - {name: sdss_z, datatype: float64}
# - {name: ATLAS_c, datatype: float64}
# - {name: ATLAS_o, datatype: float64}
# - {name: ukirt_H, datatype: float64}
# - {name: ukirt_J, datatype: float64}
# - {name: ukirt_K, datatype: float64}
# - {name: Clear, datatype: float64}
# meta: !!omap
# - comment: [kappa = 3.65, type = rprocess, mass = 0.04162766037032262, velocity = 0.13966666666666672, theta_obs = 0.0, tfloor = 1000.0]
# schema: astropy-2.0
time PS1_g PS1_i PS1_r PS1_w PS1_y PS1_z swift_uvot_B swift_uvot_U swift_uvot_uvm2 swift_uvot_uvw1 swift_uvot_uvw2 swift_uvot_V johnson_B johnson_I johnson_R johnson_U johnson_V sdss_g sdss_i sdss_r sdss_u sdss_z ATLAS_c ATLAS_o ukirt_H ukirt_J ukirt_K Clear
[from data line 462]
27.83567134268537 7.776996081725489 -1.104832731473806 2.370238046564044 0.40231423506005726 -4.628022779999057 -3.2103468151519365 11.316902658289958 17.97584675618488 31.864442060214056 13.941429288259446 16.45444579473908 5.736512774596274 10.112965341323768 -2.6583460378957566 0.3116867288292433 16.944845576933137 4.781490439427521 8.589536183039925 -1.023576779360802 2.5987267060604857 18.476952286359705 -3.7837744271739204 4.349314616306685 -0.1030979083030914 -9.577010157914552 -7.427520862424862 -10.937298838387724 -1.8835798087012812
27.895791583166332 7.781149657738133 -1.100679155461144 2.374391622576688 0.40646781107271934 -4.623869203986413 -3.2061932391392745 11.32105623430262 17.98000033219754 31.868595636226704 13.94558286427209 16.45859937075174 5.740666350608918 10.11711891733643 -2.6541924618830945 0.3158403048419054 16.94899915294578 4.785644015440165 8.59368975905257 -1.0194232033481576 2.60288028207313 18.481105862372367 -3.779620851161276 4.35346819231933 -0.09894433229044708 -9.572856581901908 -7.423367286412217 -10.93314526237508 -1.8794262326886368
27.955911823647295 7.785293217699891 -1.096535595499386 2.378535182538446 0.4106113710344772 -4.619725644024655 -3.2020496791775166 11.325199794264378 17.9841438921593 31.87273919618846 13.949726424233848 16.4627429307135 5.744809910570676 10.121262477298188 -2.6500489019213367 0.31998386480366325 16.95314271290754 4.789787575401923 8.597833319014327 -1.0152796433863998 2.607023842034888 18.485249422334125 -3.7754772911995182 4.357611752281105 -0.09480077232868922 -9.56871302194015 -7.4192237264504595 -10.929001702413322 -1.875282672726879
28.016032064128254 7.789426810962183 -1.0924020022371117 2.382668775800738 0.41474496429675156 -4.615592050762363 -3.1979160859152422 11.329333387526653 17.988277485421573 31.876872789450747 13.95386001749614 16.466876523975774 5.748943503832968 10.125396070560463 -2.6459153086590623 0.3241174580659376 16.95727630616983 4.793921168664215 8.60196691227662 -1.0111460501241076 2.6111574352971623 18.4893830155964 -3.771343697937226 4.36174534554338 -0.0906671790663971 -9.564579428677858 -7.415090133188167 -10.92486810915103 -1.8711490794645869
28.076152304609217 7.793550504532494 -1.0882783086668013 2.3867924693710485 0.41886865786706196 -4.611468357192052 -3.193792392344932 11.333457081096963 17.992401178991884 31.88099648302106 13.95798371106645 16.471000217546102 5.753067197403278 10.129519764130773 -2.641791615088734 0.328241151636248 16.96139999974014 4.7980448622345255 8.60609060584693 -1.0070223565537972 2.6152811288674904 18.49350670916671 -3.7672200043669157 4.36586903911369 -0.0865434854960867 -9.560455735107547 -7.410966439617857 -10.92074441558072 -1.8670253858942765
28.13627254509018 7.797664361797896 -1.0841644514013993 2.3909063266364505 0.422982515132464 -4.60735449992665 -3.18967853507953 11.337570938362365 17.996515036257286 31.885110340286463 13.962097568331853 16.475114074811486 5.75718105466868 10.133633621396175 -2.63767775782335 0.33235500890165004 16.965513857005543 4.802158719499928 8.610204463112332 -1.0029084992883952 2.6193949861328925 18.49762056643211 -3.7631061471015137 4.369982896379092 -0.08242962823068467 -9.556341877842145 -7.406852582352455 -10.916630558315317 -1.8629115286288744
28.196392785571142 7.801768427778821 -1.080060385420456 2.395010392617394 0.42708658111340725 -4.603250433945707 -3.1855744690985865 11.341675004343308 18.00061910223823 31.889214406267396 13.966201634312778 16.47921814079243 5.761285120649624 10.137737687377118 -2.6335736918424066 0.3364590748825933 16.969617922986487 4.806262785480871 8.614308529093275 -0.9988044333074697 2.623499052113818 18.501724632413055 -3.759002081120588 4.374086962360035 -0.07832556224975917 -9.552237811861202 -7.402748516371512 -10.912526492334392 -1.8588074626479312
28.256513026052104 7.805862752047474 -1.0759660611518207 2.399104716886029 0.43118090538204257 -4.599156109677072 -3.1814801448299512 11.345769328611944 18.004713426506864 31.89330873053603 13.970295958581413 16.483312465061065 5.765379444918259 10.141832011645754 -2.6294793675737713 0.3405533991512286 16.973712247255122 4.810357109749506 8.61840285336191 -0.9947101090388166 2.6275933763824533 18.50581895668169 -3.754907756851935 4.378181286628671 -0.07423123798110609 -9.548143487592567 -7.398654192102876 -10.908432168065739 -1.8547131383792959
28.316633266533064 7.8099473904884675 -1.0718814227108275 2.4031893553270223 0.4352655438230357 -4.5950714712360785 -3.177395506388958 11.349853967052937 18.008798064947857 31.89739336897704 13.974380597022424 16.487397103502058 5.769464083359252 10.145916650086747 -2.625394729132778 0.3446380375922218 16.977796885696115 4.814441748190499 8.622487491802904 -0.9906254705978235 2.6316780148234464 18.509903595122683 -3.750823118410942 4.382265925069664 -0.07014659954011293 -9.544058849151574 -7.394569553661883 -10.904347529624745 -1.8506284999383027
28.376753507014026 7.814022397585667 -1.067806415613628 2.407264362424222 0.4393405509202353 -4.590996464138879 -3.1733204992917585 11.353928974150136 18.012873072045057 31.901468376074224 13.978455604119606 16.491472110599258 5.773539090456452 10.149991657183946 -2.6213197220355786 0.3487130446894213 16.981871892793315 4.818516755287699 8.626562498900103 -0.9865504635006239 2.635753021920646 18.513978602219883 -3.7467481113137424 4.386340932166863 -0.06607159244291338 -9.539983842054374 -7.390494546564684 -10.900272522527546 -1.8465534928411032
28.43687374749499 7.818087821959487 -1.06374099123979 2.411329786798042 0.44340597529407333 -4.586931039765059 -3.1692550749179205 11.357994398523974 18.016938496418895 31.905533800448058 13.982521028493444 16.495537534973096 5.777604514830272 10.154057081557784 -2.6172542976617406 0.3527784690632594 16.985937317167135 4.822582179661519 8.630627923273941 -0.9824850391268036 2.639818446294484 18.51804402659372 -3.742682686939922 4.390406356540701 -0.06200616806909309 -9.535918417680554 -7.386429122190863 -10.896207098153726 -1.8424880684672829
28.49699398797595 7.822143708962219 -1.059685104237058 2.4153856738007917 0.4474618622968052 -4.582875152762309 -3.1651991879151886 11.362050285526706 18.020994383421627 31.909589687450794 13.986576915496176 16.499593421975828 5.781660401833004 10.158112968560516 -2.6131984106590087 0.35683435606599123 16.989993204169885 4.826638066664269 8.634683810276673 -0.9784291521240718 2.643874333297216 18.522099913596453 -3.7386267999371903 4.394462243543433 -0.05795028106636124 -9.531862530677804 -7.382373235188114 -10.892151211150994 -1.838432181464551
28.557114228456914 7.826190131265189 -1.055638681934088 2.419432096103744 0.45150828459975756 -4.578828730459357 -3.1611527656122185 11.366096707829676 18.02504080572458 31.913636109753757 13.990623337799146 16.503639844278798 5.785706824135974 10.162159390863486 -2.6091519883560386 0.3608807783689614 16.994039626472837 4.830684488967221 8.638730232579626 -0.9743827298211016 2.647920755600186 18.526146335899405 -3.73458037763422 4.398508665846386 -0.0539038587633911 -9.527816108374852 -7.378326812885161 -10.888104788848024 -1.8343857591615809
28.617234468937873 7.830227139445416 -1.0516016737538614 2.4234691042839707 0.4555452927799841 -4.57479172227913 -3.157115757431992 11.370133716009903 18.029077813904806 31.917673117933983 13.994660345979373 16.507676852459024 5.7897438323162005 10.166196399043713 -2.605114980175812 0.3649177865491702 16.998076634653064 4.834721497147448 8.642767240759852 -0.9703457216408751 2.6519577637804126 18.53018334407963 -3.7305433694539936 4.402545674026612 -0.049866850583164535 -9.523779100194625 -7.374289804704935 -10.884067780667797 -1.8303487509813543
28.677354709418836 7.834254777657517 -1.0475740355417607 2.4274967424960714 0.4595729309921026 -4.570764084067029 -3.153088119219891 11.374161354222004 18.033105452116924 31.92170075614609 13.998687984191474 16.511704490671125 5.793771470528301 10.170224037255814 -2.6010873419637113 0.36894542476128867 17.002104272865164 4.838749135359566 8.64679487897197 -0.9663180834287743 2.6559854019925133 18.53421098229175 -3.726515731241893 4.406573312238731 -0.04583921237106381 -9.519751461982525 -7.370262166492834 -10.880040142455696 -1.8263211127692536
28.7374749498998 7.838273086339029 -1.043555726860248 2.431515051177602 0.46359123967361526 -4.566745775385517 -3.1490698105383785 11.378179662903516 18.037123760798437 31.925719064827607 14.002706292872986 16.515722799352638 5.797789779209814 10.174242345937326 -2.5970690332821986 0.3729637334428013 17.006122581546695 4.842767444041079 8.650813187653483 -0.9622997747472617 2.660003710674026 18.538229290973263 -3.72249742256038 4.410591620920243 -0.04182090368955116 -9.515733153300994 -7.366243857811304 -10.876021833774184 -1.822302804087741
28.79759519038076 7.842282117450932 -1.0395466957483457 2.435524082289504 0.4676002707855176 -4.562736744273614 -3.145060779426476 11.382188694015419 18.04113279191034 31.929728095939506 14.006715323984888 16.51973183046454 5.801798810321716 10.178251377049229 -2.5930600021702963 0.37697276455470363 17.010131612658597 4.846776475152981 8.654822218765386 -0.9582907436353594 2.6640127417859283 18.542238322085165 -3.718488391448478 4.414600652032146 -0.03781187257764884 -9.511724122189092 -7.362234826699401 -10.872012802662281 -1.8182937729758386
28.857715430861724 7.84628192564611 -1.035546887553167 2.4395238904846828 0.4716000789806962 -4.558736936078436 -3.1410609712312976 11.386188502210597 18.045132600105518 31.933727904134688 14.010715132180067 16.52373163865972 5.805798618516895 10.182251185244407 -2.5890601939751177 0.3809725727498823 17.014131420853758 4.85077628334816 8.658822026960564 -0.9542909354401807 2.668012549981107 18.546238130280344 -3.7144885832532992 4.418600460227324 -0.0338120643824702 -9.507724313993913 -7.358235018504223 -10.868012994467103 -1.81429396478066
28.917835671342683 7.850272551516451 -1.0315562616828267 2.4435145163550054 0.4755907048510366 -4.554746310208095 -3.137070345360957 11.390179128080938 18.04912322597586 31.937718530005025 14.014705758050408 16.52772226453006 5.809789244387235 10.186241811114748 -2.5850695681047773 0.38496319862022266 17.0181220467241 4.854766909218482 8.662812652830905 -0.9503003095698404 2.6720031758514473 18.550228756150684 -3.710497957382959 4.422591086097665 -0.029821438512129816 -9.50373368812359 -7.3542443926339 -10.864022368596762 -1.8103033389103196
28.977955911823646 7.854254037929618 -1.0275747752696596 2.4474960027681725 0.47957219126418593 -4.550764823794928 -3.13308885894779 11.394160614494105 18.053104712389008 31.941700016418185 14.018687244463575 16.531703750943226 5.813770730800402 10.190223297527915 -2.58108808169161 0.38894468503338975 17.022103533137265 4.8587483956316495 8.666794139244054 -0.9463188231566733 2.6759846622646144 18.554210242563833 -3.7065164709697918 4.426572572510814 -0.025839952098962726 -9.499752201710423 -7.350262906220733 -10.860040882183595 -1.8063218524971525
29.03807615230461 7.858226454127575 -1.0236023590717203 2.4514684189661295 0.483544607462143 -4.546792407596971 -3.129116442749851 11.398133030692062 18.057077128586965 31.94567243261614 14.022659660661532 16.535676167141183 5.817743146998359 10.194195713725854 -2.577115665493653 0.39291710123132906 17.026075949335223 4.862720811829607 8.670766555442011 -0.9423464069587162 2.6799570784625715 18.55818265876179 -3.7025440547718347 4.430544988708771 -0.021867535901005652 -9.495779785512466 -7.346290490022776 -10.856068465985638 -1.8023494362991954
29.09819639278557 7.86218984556724 -1.0196389676320372 2.4554318104058126 0.48750799890182606 -4.542829016157288 -3.1251530513101677 11.402096422131727 18.061040520026648 31.949635824055814 14.026623052101197 16.53963955858085 5.821706538438025 10.198159105165537 -2.573152274053988 0.3968804926710121 17.030039340774906 4.86668420326929 8.674729946881694 -0.9383830155190509 2.6839204699022368 18.562146050201473 -3.6985806633321694 4.434508380148454 -0.017904144461340366 -9.491816394072783 -7.342327098583093 -10.852105074545973 -1.7983860448595301
29.158316633266534 7.8661442524952285 -1.0156845607040488 2.459386217333801 0.4914624058298145 -4.5388746092293 -3.1211986443821793 11.406050829059716 18.064994926954636 31.953590230983803 14.030577459029185 16.543593965508837 5.825660945366031 10.202113512093526 -2.5691978671259994 0.40083489959900054 17.033993747702894 4.870638610197278 8.678684353809683 -0.9344286085910625 2.687874876830225 18.566100457129462 -3.694626256404181 4.438462787076443 -0.013949737533351936 -9.487861987144795 -7.338372691655104 -10.848150667617984 -1.7944316379315417
29.218436873747493 7.870089718320656 -1.0117390948786387 2.463331683159211 0.4954078716552246 -4.53492914340389 -3.117253178556769 11.409996294885126 18.068940392780046 31.95753569680922 14.034522924854613 16.547539431334265 5.829606411191441 10.206058977918936 -2.5652524013005715 0.40478036542441065 17.037939213528304 4.874584076022688 8.682629819635093 -0.9304831427656346 2.691820342655653 18.570045922954872 -3.690680790578753 4.442408252901853 -0.010004271707924062 -9.483916521319385 -7.334427225829694 -10.844205201792557 -1.7904861721061138
29.278557114228455 7.874026291417557 -1.00780252178172 2.467268256256112 0.49934444475214335 -4.530992570306989 -3.1133166054598505 11.413932867982044 18.072876965876947 31.961472269906128 14.038459497951514 16.551476004431166 5.833542984288342 10.209995551015854 -2.5613158282036705 0.4087169385213294 17.041875786625205 4.878520649119589 8.686566392731994 -0.9265465696687336 2.695756915752554 18.573982496051773 -3.686744217481852 4.446344825998754 -0.006067698611023076 -9.479979948222484 -7.330490652732793 -10.840268628695656 -1.7865495990092128
29.338677354709418 7.877954016848587 -1.00387479635069 2.47119598168716 0.5032721701831733 -4.527064844875959 -3.1093888800288205 11.417860593413074 18.076804691307995 31.96539999533716 14.042387223382544 16.555403729862196 5.837470709719372 10.213923276446884 -2.5573881027726406 0.4126446639523593 17.045803512056235 4.882448374550637 8.690494118163041 -0.9226188442377037 2.699684641183584 18.57791022148282 -3.682816492050822 4.450272551429801 -0.0021399731799931487 -9.476052222791436 -7.326562927301763 -10.836340903264626 -1.782621873578183
29.39879759519038 7.881872935940066 -0.999955877259211 2.475114900778621 0.5071910892746523 -4.52314592578448 -3.1054699609373415 11.421779512504553 18.080723610399474 31.96931891442863 14.046306142474023 16.559322648953675 5.841389628810851 10.217842195538363 -2.5534691836811616 0.41656358304383834 17.049722431147714 4.886367293642098 8.694413037254503 -0.9186999251462247 2.703603560275063 18.5818291405743 -3.678897572959343 4.45419147052128 0.001778945911485863 -9.472133303699975 -7.322644008210284 -10.832421984173147 -1.778702954486704
29.458917835671343 7.885783082454214 -0.996045730745081 2.479025047292769 0.5111012357887823 -4.519235779270332 -3.1015598144232115 11.425689659018701 18.084633756913604 31.97322906094278 14.050216288988171 16.563232795467822 5.845299775324999 10.221752342052493 -2.549559037167014 0.42047372955796836 17.053632577661862 4.890277440156246 8.69832318376865 -0.9147897786320769 2.7075137067892108 18.58573928708843 -3.6749874264451954 4.45810161703541 0.005689092425633646 -9.468223157185827 -7.318733861696137 -10.828511837658999 -1.7747928079725561
