web/models/kne/51/mosfit_kn_0.001513_0.3747_0.5000.dat
# %ECSV 1.0
# ---
# datatype:
# - {name: time, datatype: float64}
# - {name: PS1_g, datatype: float64}
# - {name: PS1_i, datatype: float64}
# - {name: PS1_r, datatype: float64}
# - {name: PS1_w, datatype: float64}
# - {name: PS1_y, datatype: float64}
# - {name: PS1_z, datatype: float64}
# - {name: swift_uvot_B, datatype: float64}
# - {name: swift_uvot_U, datatype: float64}
# - {name: swift_uvot_uvm2, datatype: float64}
# - {name: swift_uvot_uvw1, datatype: float64}
# - {name: swift_uvot_uvw2, datatype: float64}
# - {name: swift_uvot_V, datatype: float64}
# - {name: johnson_B, datatype: float64}
# - {name: johnson_I, datatype: float64}
# - {name: johnson_R, datatype: float64}
# - {name: johnson_U, datatype: float64}
# - {name: johnson_V, datatype: float64}
# - {name: sdss_g, datatype: float64}
# - {name: sdss_i, datatype: float64}
# - {name: sdss_r, datatype: float64}
# - {name: sdss_u, datatype: float64}
# - {name: sdss_z, datatype: float64}
# - {name: ATLAS_c, datatype: float64}
# - {name: ATLAS_o, datatype: float64}
# - {name: ukirt_H, datatype: float64}
# - {name: ukirt_J, datatype: float64}
# - {name: ukirt_K, datatype: float64}
# - {name: Clear, datatype: float64}
# meta: !!omap
# - comment: [kappa = 0.5, type = rprocess, mass = 0.001513321957917195, velocity = 0.3746666666666667, theta_obs = 0.0, tfloor = 1000.0]
# schema: astropy-2.0
time PS1_g PS1_i PS1_r PS1_w PS1_y PS1_z swift_uvot_B swift_uvot_U swift_uvot_uvm2 swift_uvot_uvw1 swift_uvot_uvw2 swift_uvot_V johnson_B johnson_I johnson_R johnson_U johnson_V sdss_g sdss_i sdss_r sdss_u sdss_z ATLAS_c ATLAS_o ukirt_H ukirt_J ukirt_K Clear
[from data line 356]
21.462925851703407 17.031606733428504 8.149777920229226 11.624848698267058 9.65692488676309 4.626587871703958 6.044263836551096 20.57151330999299 27.230457407887904 41.119052711917085 23.19603993996246 25.709056446442112 14.99112342629929 19.3675759930268 6.596264613807276 9.566297380532276 26.19945622863616 14.036101091130552 17.844146834742958 8.231033872342213 11.8533373577635 27.73156293806273 5.470836224529094 13.603925268009718 9.151512743399923 -0.3223995062115377 1.8270897892781526 -1.6826881866847088 7.3710308430017335
21.52304609218437 17.0452195333114 8.163390720112123 11.638461498149972 9.670537686645986 4.6402006715868716 6.057876636433992 20.585126109875887 27.244070207770807 41.13266551179998 23.209652739845357 25.722669246325008 15.004736226182185 19.381188792909697 6.609877413690172 9.579910180415173 26.213069028519058 14.049713891013448 17.857759634625854 8.244646672225109 11.866950157646396 27.745175737945633 5.48444902441199 13.617538067892614 9.16512554328282 -0.3087867063286238 1.8407025891610664 -1.6690753868018127 7.38464364288463
21.58316633266533 17.05879750607517 8.176968692875892 11.652039470913724 9.684115659409755 4.6537786443506235 6.071454609197762 20.598704082639657 27.257648180534567 41.14624348456375 23.223230712609126 25.736247219088778 15.018314198945955 19.394766765673467 6.623455386453942 9.593488153178942 26.226647001282828 14.0632918637772 17.871337607389624 8.258224644988879 11.880528130410166 27.758753710709392 5.49802699717576 13.631116040656384 9.178703516046589 -0.2952087335648719 1.8542805619248184 -1.655497414038043 7.398221615648399
21.64328657314629 17.07234082151139 8.190512008312112 11.665582786349962 9.697658974845975 4.667321959786861 6.084997924633981 20.612247398075876 27.271191495970797 41.15978679999997 23.236774028045357 25.749790534525008 15.031857514382192 19.408310081109686 6.636998701890161 9.607031468615162 26.240190316719044 14.076835179213438 17.884880922825843 8.271767960425098 11.894071445846386 27.772297026145623 5.51157031261198 13.644659356092603 9.192246831482809 -0.28166541812863444 1.8678238773610558 -1.6419540986018233 7.411764931084637
21.703406813627254 17.085849650133067 8.20402083693379 11.679091614971622 9.711167803467653 4.680830788408521 6.098506753255659 20.625756226697554 27.284700324592464 41.17329562862164 23.250282856667024 25.763299363146675 15.045366343003852 19.421818909731364 6.650507530511839 9.62054029723684 26.253699145340715 14.090344007835098 17.898389751447503 8.285276789046776 11.907580274468064 27.78580585476729 5.5250791412336575 13.658168184714263 9.205755660104487 -0.2681565895069744 1.8813327059827158 -1.6284452699801455 7.425273759706297
21.763527054108216 17.099324151127142 8.217495337927865 11.692566115965697 9.72464230446171 4.694305289402596 6.111981254249734 20.63923072769162 27.298174825586543 41.18677012961572 23.2637573576611 25.77677386414074 15.058840843997928 19.43529341072544 6.663982031505914 9.634014798230897 26.26717364633479 14.103818508829173 17.91186425244158 8.298751290040851 11.921054775462139 27.79928035576137 5.538553642227733 13.671642685708338 9.219230161098562 -0.2546820885128993 1.894807206976791 -1.6149707689860704 7.438748260700372
21.82364729458918 17.11276450031333 8.230935687114052 11.706006465151901 9.738082653647915 4.707745638588801 6.125421603435921 20.652671076877816 27.311615174772736 41.20021047880191 23.277197706847293 25.790214213326937 15.072281193184132 19.448733759911626 6.677422380692101 9.647455147417102 26.280613995520987 14.117258858015377 17.925304601627783 8.312191639227038 11.934495124648326 27.812720704947562 5.551993991413919 13.685083034894543 9.232670510284748 -0.2412417393266948 1.9082475561629955 -1.6015304197998836 7.452188609886559
21.883767535070138 17.126170866834 8.244342053634721 11.719412831672553 9.751489020168567 4.721152005109452 6.138827969956591 20.666077443398486 27.325021541293395 41.21361684532257 23.290604073367955 25.803620579847607 15.085687559704784 19.462140126432296 6.6908287472127705 9.660861513937771 26.294020362041646 14.13066522453603 17.938710968148435 8.325598005747707 11.947901491168995 27.82612707146822 5.565400357934589 13.698489401415195 9.246076876805418 -0.22783537280604294 1.9216539226836473 -1.588124053279214 7.465594976407228
21.9438877755511 17.139543399900337 8.25771458670106 11.732785364738891 9.764861553234905 4.7345245381757906 6.152200503022929 20.679449976464817 27.338394074359734 41.22698937838891 23.303976606434286 25.816993112913938 15.099060092771122 19.475512659498616 6.704201280279109 9.674234047004092 26.307392895107984 14.144037757602367 17.952083501214773 8.338970538814046 11.961274024235333 27.83949960453456 5.578772891000927 13.711861934481533 9.259449409871756 -0.2144628397397048 1.9350264557499854 -1.574751520212876 7.478967509473566
22.004008016032063 17.152882277442334 8.271053464243057 11.746124242280889 9.778200430776902 4.747863415717788 6.165539380564926 20.692788854006814 27.35173295190173 41.240328255930905 23.31731548397629 25.830331990455942 15.11239897031312 19.48885153704063 6.717540157821106 9.687572924546107 26.32073177264998 14.157376635144365 17.96542237875677 8.352309416356043 11.97461290177733 27.852838482076557 5.5921117685429245 13.72520081202353 9.272788287413753 -0.20112396219770745 1.9483653332919828 -1.5614126426708785 7.492306387015564
22.064128256513026 17.166187662846184 8.284358849646907 11.759429627684739 9.79150581618077 4.761168801121638 6.178844765968776 20.70609423941067 27.365038337305585 41.253633641334766 23.33062086938014 25.843637375859792 15.12570435571697 19.50215692244448 6.730845543224956 9.700878309949957 26.33403715805384 14.170682020548233 17.978727764160638 8.365614801759893 11.98791828718118 27.86614386748041 5.6054171539467745 13.738506197427398 9.286093672817604 -0.18781857679385738 1.9616707186958329 -1.5481072572670285 7.505611772419414
22.12424849699399 17.179459699046262 8.297630885846985 11.772701663884817 9.80477785238083 4.774440837321716 6.192116802168854 20.71936627561074 27.378310373505663 41.26690567753483 23.34389290558021 25.85690941205986 15.138976391917048 19.51542895864454 6.744117579425034 9.714150346150017 26.34730919425391 14.183954056748293 17.9919998003607 8.378886837959971 12.001190323381259 27.87941590368049 5.618689190146853 13.751778233627459 9.299365709017682 -0.17454654059377916 1.974942754895911 -1.5348352210669503 7.518883808619492
22.184368737474948 17.192698566169735 8.31086975297044 11.78594053100829 9.818016719504303 4.787679704445189 6.2053556692923095 20.732605142734215 27.391549240629125 41.280144544658306 23.357131772703685 25.870148279183336 15.15221525904052 19.528667825768014 6.757356446548507 9.72738921327349 26.360548061377383 14.197192923871766 18.00523866748417 8.392125705083444 12.014429190504732 27.89265477080395 5.631928057270326 13.765017100750931 9.312604576141155 -0.16130767347030628 1.988181622019384 -1.5215963539434774 7.532122675742965
22.24448897795591 17.205904405015495 8.324075591816218 11.799146369854068 9.831222558350081 4.800885543290949 6.218561508138087 20.745810981579982 27.404755079474896 41.29335038350408 23.370337611549452 25.883354118029104 15.16542109788628 19.541873664613792 6.770562285394267 9.740595052119268 26.37375390022315 14.210398762717544 18.01844450632995 8.405331543929204 12.027635029350492 27.90586060964972 5.645133896116086 13.77822293959671 9.325810414986915 -0.14810183462452842 2.001387460865162 -1.5083905150977173 7.545328514588725
22.304609218436873 17.219077388882162 8.337248575682885 11.812319353720717 9.844395542216748 4.814058527157616 6.231734492004755 20.75898396544665 27.417928063341563 41.30652336737074 23.38351059541612 25.89652710189577 15.178594081752948 19.55504664848046 6.7837352692609345 9.753768035985935 26.386926884089817 14.223571746584193 18.031617490196616 8.418504527795871 12.040808013217159 27.91903359351639 5.658306879982753 13.791395923463377 9.338983398853582 -0.13492885075787897 2.0145604447318113 -1.49521753123105 7.558501498455392
22.364729458917836 17.2322176638386 8.350388850639323 11.825459628677155 9.857535817173169 4.827198802114054 6.244874766961193 20.77212424040308 27.431068338297997 41.31966364232717 23.39665087037255 25.9096673768522 15.191734356709386 19.56818692343688 6.7968755442173725 9.766908310942355 26.400067159046248 14.236712021540631 18.044757765153037 8.43164480275231 12.053948288173597 27.932173868472823 5.671447154939191 13.804536198419797 9.35212367381002 -0.12178857580144098 2.0277007196882493 -1.482077256274612 7.57164177341183
22.4248496993988 17.245325392350903 8.363496579151626 11.838567357189458 9.870643545685489 4.840306530626357 6.257982495473495 20.78523196891539 27.4441760668103 41.33277137083948 23.40975859888486 25.92277510536451 15.204842085221689 19.5812946519492 6.809983272729675 9.780016039454676 26.41317488755856 14.249819750052934 18.057865493665357 8.444752531264612 12.0670560166859 27.945281596985126 5.684554883451494 13.817643926932117 9.365231402322323 -0.1086808472891383 2.040808448200552 -1.4689695277623094 7.584749501924133
22.484969939879758 17.258400725631287 8.376571912431992 11.851642690469841 9.883718878965855 4.8533818639067405 6.271057828753861 20.798307302195767 27.457251400090676 41.34584670411986 23.422833932165236 25.935850438644888 15.217917418502072 19.594369985229566 6.823058606010041 9.793091372735041 26.426250220838934 14.262895083333317 18.070940826945723 8.457827864544996 12.080131349966283 27.958356930265502 5.697630216731877 13.830719260212483 9.378306735602706 -0.09560551400875483 2.0538837814809354 -1.455894194481926 7.597824835204516
22.54509018036072 17.271443819355188 8.38961500615591 11.864685784193743 9.896761972689756 4.866424957630642 6.28410092247778 20.811350395919668 27.470294493814585 41.35888979784376 23.435877025889145 25.94889353236879 15.230960512225973 19.607413078953485 6.83610169973396 9.806134466458943 26.439293314562835 14.275938177057219 18.083983920669624 8.470870958268897 12.093174443690184 27.97140002398941 5.710673310455778 13.843762353936384 9.391349829326607 -0.08256242028485361 2.0669268752048366 -1.4428511007580247 7.610867928928418
22.605210420841683 17.28445481737875 8.402626004179474 11.877696782217324 9.909772970713338 4.8794359556542055 6.297111920501344 20.82436139394324 27.48330549183816 41.37190079586733 23.44888802391271 25.96190453039236 15.243971510249537 19.62042407697705 6.849112697757524 9.819145464482524 26.452304312586406 14.2889491750808 18.096994918693206 8.48388195629246 12.106185441713748 27.984411022012985 5.723684308479342 13.856773351959966 9.404360827350171 -0.06955142226127209 2.079937873228418 -1.429840102734461 7.623878926951981
22.665330661322646 17.29743388493297 8.415605071733694 11.890675849771544 9.922752038267557 4.892415023208443 6.310090988055563 20.837340461497458 27.49628455939238 41.38487986342155 23.46186709146694 25.97488359794658 15.256950577803774 19.63340314453127 6.862091765311743 9.832124532036744 26.465283380140626 14.30192824263502 18.109973986247425 8.49686102384668 12.119164509267968 27.997390089567205 5.736663376033562 13.869752419514185 9.41733989490439 -0.056572354707052463 2.092916940782638 -1.4168610351802413 7.636857994506219
22.725450901803605 17.31038115902205 8.428552345822773 11.903623123860623 9.935699312356636 4.905362297297504 6.323038262144642 20.850287735586537 27.50923183348145 41.39782713751063 23.474814365556007 25.98783087203566 15.269897851892836 19.646350418620347 6.875039039400822 9.845071806125823 26.478230654229705 14.314875516724099 18.122921260336504 8.50980829793576 12.132111783357047 28.010337363656276 5.749610650122641 13.882699693603264 9.43028716899347 -0.04362508061797343 2.105864214871699 -1.4039137610911623 7.64980526859528
22.785571142284567 17.32329680176571 8.441467988566433 11.916538766604283 9.948614955100297 4.9182779400411825 6.335953904888303 20.863203378330198 27.52214747622512 41.41074278025429 23.487730008299675 26.000746514779326 15.282813494636514 19.659266061364008 6.887954682144483 9.857987448869483 26.49114629697337 14.32779115946776 18.135836903080165 8.52272394067942 12.145027426100707 28.023253006399944 5.762526292866319 13.895615336346925 9.44320281173713 -0.030709437874312906 2.1187798576153773 -1.390998118347484 7.662720911338958
22.84569138276553 17.33618095128371 8.454352138084431 11.929422916122263 9.961499104618277 4.931162089559162 6.348838054406301 20.876087527848185 27.53503162574311 41.423626929772276 23.500614157817665 26.013630664297317 15.295697644154494 19.672150210882005 6.9008388316624805 9.870871598387463 26.504030446491356 14.34067530898574 18.148721052598145 8.535608090197417 12.157911575618705 28.036137155917935 5.775410442384299 13.908499485864905 9.456086961255128 -0.017825288356333013 2.1316640071333572 -1.378113968829504 7.675605060856938
22.905811623246493 17.34903375824752 8.467204945048241 11.942275723086073 9.974351911582087 4.944014896522972 6.361690861370111 20.888940334812 27.547884432706915 41.43647973673609 23.513466964781475 26.02648347126112 15.308550451118304 19.685003017845816 6.9136916386262905 9.883724405351273 26.516883253455166 14.35352811594955 18.161573859561955 8.548460897161227 12.170764382582515 28.04898996288174 5.788263249348109 13.921352292828715 9.468939768218938 -0.004972481392522932 2.1445168140971673 -1.365261161865694 7.688457867820748
22.965931863727455 17.3618553701335 8.480026556934224 11.955097334972056 9.987173523468087 4.956836508408955 6.374512473256093 20.901761946697988 27.560706044592898 41.44930134862208 23.526288576667458 26.03930508314711 15.321372063004286 19.697824629731798 6.926513250512273 9.896546017237274 26.52970486534116 14.366349727835532 18.174395471447955 8.56128250904721 12.183585994468498 28.061811574767724 5.8010848612340915 13.934173904714715 9.48176138010492 0.007849130493459588 2.15733842598315 -1.3524395499797115 7.701279479706731
23.026052104208414 17.374645930612473 8.492817117413196 11.967887895451046 9.99996408394706 4.969627068887945 6.387303033735066 20.91455250717696 27.57349660507188 41.462091909101055 23.53907913714644 26.05209564362608 15.334162623483277 19.71061519021077 6.9393038109912455 9.909336577716246 26.542495425820128 14.379140288314522 18.187186031926927 8.574073069526182 12.19637655494747 28.074602135246707 5.813875421713064 13.946964465193687 9.494551940583893 0.020639690972449776 2.17012898646214 -1.339648989500739 7.714070040185703
23.086172344689377 17.3874055838235 8.505576770624224 11.980647548662073 10.012723737158087 4.982386722098955 6.400062686946093 20.927312160387988 27.5862562582829 41.47485156231208 23.551838790357458 26.06485529683711 15.346922276694286 19.723374843421798 6.952063464202273 9.922096230927274 26.555255079031156 14.39189994152555 18.199945685137955 8.58683272273721 12.209136208158498 28.087361788457727 5.826635074924091 13.959724118404715 9.50731159379492 0.03339934418347723 2.1828886396731497 -1.3268893362897116 7.726829693396731
23.14629258517034 17.40013447451675 8.518305661317456 11.993376439355306 10.025452627851319 4.995115612792205 6.412791577639325 20.94004105108123 27.598985148976148 41.48758045300532 23.5645676810507 26.077584187530352 15.359651167387536 19.73610373411503 6.964792354895523 9.934825121620506 26.5679839697244 14.404628832218782 18.212674575831187 8.59956161343046 12.221865098851747 28.100090679150973 5.839363965617341 13.972453009097947 9.52004048448817 0.04612823487670936 2.1956175303663996 -1.3141604455964617 7.7395585840899805
