web/models/kne/51/mosfit_kn_0.117276_0.2650_3.6500.dat
# %ECSV 1.0
# ---
# datatype:
# - {name: time, datatype: float64}
# - {name: PS1_g, datatype: float64}
# - {name: PS1_i, datatype: float64}
# - {name: PS1_r, datatype: float64}
# - {name: PS1_w, datatype: float64}
# - {name: PS1_y, datatype: float64}
# - {name: PS1_z, datatype: float64}
# - {name: swift_uvot_B, datatype: float64}
# - {name: swift_uvot_U, datatype: float64}
# - {name: swift_uvot_uvm2, datatype: float64}
# - {name: swift_uvot_uvw1, datatype: float64}
# - {name: swift_uvot_uvw2, datatype: float64}
# - {name: swift_uvot_V, datatype: float64}
# - {name: johnson_B, datatype: float64}
# - {name: johnson_I, datatype: float64}
# - {name: johnson_R, datatype: float64}
# - {name: johnson_U, datatype: float64}
# - {name: johnson_V, datatype: float64}
# - {name: sdss_g, datatype: float64}
# - {name: sdss_i, datatype: float64}
# - {name: sdss_r, datatype: float64}
# - {name: sdss_u, datatype: float64}
# - {name: sdss_z, datatype: float64}
# - {name: ATLAS_c, datatype: float64}
# - {name: ATLAS_o, datatype: float64}
# - {name: ukirt_H, datatype: float64}
# - {name: ukirt_J, datatype: float64}
# - {name: ukirt_K, datatype: float64}
# - {name: Clear, datatype: float64}
# meta: !!omap
# - comment: [kappa = 3.65, type = rprocess, mass = 0.11727632184323686, velocity = 0.265, theta_obs = 0.0, tfloor = 1000.0]
# schema: astropy-2.0
time PS1_g PS1_i PS1_r PS1_w PS1_y PS1_z swift_uvot_B swift_uvot_U swift_uvot_uvm2 swift_uvot_uvw1 swift_uvot_uvw2 swift_uvot_V johnson_B johnson_I johnson_R johnson_U johnson_V sdss_g sdss_i sdss_r sdss_u sdss_z ATLAS_c ATLAS_o ukirt_H ukirt_J ukirt_K Clear
[from data line 345]
20.801603206412825 6.101859344113798 -2.7799694690854793 0.6951013089523705 -1.272822502551616 -6.30315951761073 -4.88548355276361 9.641765920678285 16.300710018573206 30.189305322602376 12.266292550647755 14.779309057127406 4.0613760369846 8.437828603712095 -4.33348277550743 -1.36345000878243 15.269708839321464 3.1063537018158476 6.914399445428252 -2.698713516972493 0.9235899684487947 16.80181554874803 -5.4589111647856114 2.674177878695012 -1.7782346459147824 -11.252146895526225 -9.102657600036535 -12.612435575999415 -3.5587165463129544
20.861723446893787 6.109912772473685 -2.7719160407255927 0.7031547373122571 -1.2647690741917295 -6.2951060892508615 -4.877430124403723 9.649819349038172 16.308763446933092 30.197358750962263 12.274345979007641 14.787362485487293 4.069429465344469 8.445882032071982 -4.325429347147543 -1.3553965804225434 15.277762267681332 3.114407130175734 6.922452873788139 -2.6906600886126064 0.9316433968086812 16.809868977107918 -5.450857736425725 2.6822313070548987 -1.7701812175548959 -11.244093467166339 -9.094604171676648 -12.604382147639528 -3.5506631179530856
20.92184368737475 6.11791570967112 -2.7639131035281572 0.7111576745096748 -1.2567661369943117 -6.287103152053426 -4.869427187206288 9.657822286235607 16.31676638413051 30.205361688159687 12.282348916205077 14.795365422684728 4.077432402541905 8.453884969269417 -4.317426409950108 -1.3473936432251257 15.285765204878768 3.122410067373152 6.930455810985556 -2.682657151415171 0.9396463340061167 16.817871914305336 -5.442854799228289 2.6902342442523164 -1.7621782803574604 -11.236090529968921 -9.08660123447923 -12.596379210442093 -3.54266018075565
20.98196392785571 6.1258693255944685 -2.755959487604809 0.719111290433041 -1.2488125210709455 -6.27914953613006 -4.861473571282939 9.665775902158956 16.324720000053876 30.213315304083043 12.290302532128425 14.803319038608077 4.085386018465253 8.461838585192766 -4.309472794026759 -1.3394400273017595 15.293718820802134 3.130363683296518 6.9384094269089225 -2.6747035354918225 0.9475999499294652 16.825825530228702 -5.434901183304941 2.6981878601756826 -1.754224664434112 -11.228136914045555 -9.078647618555864 -12.588425594518744 -3.5347065648323017
21.04208416833667 6.133774087759587 -2.748054725439708 0.7270160525981417 -1.2409077589058448 -6.271244773964959 -4.853568809117839 9.673680664324056 16.332624762218977 30.221220066248147 12.298207294293526 14.811223800773178 4.0932907806303716 8.469743347357866 -4.301568031861659 -1.3315352651366588 15.301623582967235 3.1382684454616188 6.946314189074023 -2.666798773326704 0.9555047120945659 16.833730292393803 -5.4269964211398225 2.7060926223407833 -1.7463199022689935 -11.220232151880454 -9.070742856390764 -12.580520832353626 -3.5268018026671832
21.102204408817634 6.141630101548117 -2.7401987116511606 0.7348720663866715 -1.2330517451172973 -6.263388760176429 -4.845712795329291 9.681536678112604 16.340480776007524 30.229076080036695 12.306063308082074 14.819079814561725 4.101146794418901 8.477599361146414 -4.293712018073111 -1.3236792513481113 15.309479596755764 3.1461244592501663 6.954170202862571 -2.6589427595381743 0.9633607258831134 16.84158630618235 -5.419140407351293 2.713948636129331 -1.7384638884804637 -11.212376138091924 -9.062886842602234 -12.572664818565096 -3.5189457888786535
21.162324649298597 6.149437158914424 -2.7323916542848536 0.7426791237529784 -1.2252446877509904 -6.255581702810122 -4.837905737962984 9.68934373547891 16.34828783337383 30.23688313740299 12.31387036544838 14.826886871928032 4.108953851785208 8.48540641851272 -4.285904960706804 -1.3158721939818043 15.317286654122071 3.1539315166164554 6.961977260228878 -2.6511357021718673 0.9711677832494203 16.849393363548657 -5.411333349984986 2.7217556934956377 -1.7306568311141568 -11.204569080725618 -9.055079785235927 -12.56485776119879 -3.5111387315123466
21.22244488977956 6.157196387092281 -2.7246324261069965 0.7504383519308355 -1.2174854595731333 -6.247822474632265 -4.830146509785127 9.697102963656768 16.35604706155169 30.244642365580848 12.321629593626238 14.83464610010589 4.116713079963065 8.493165646690578 -4.278145732528947 -1.3081129658039472 15.325045882299928 3.1616907447943126 6.969736488406717 -2.64337647399401 0.9789270114272774 16.857152591726514 -5.403574121807129 2.729514921673477 -1.7228976029362997 -11.19680985254776 -9.04732055705807 -12.557098533020932 -3.5033795033344894
21.28256513026052 6.164907964031396 -2.716920849167881 0.7581499288699511 -1.2097738826340354 -6.24011089769315 -4.822434932846011 9.704814540595883 16.363758638490786 30.252353942519964 12.329341170565353 14.842357677045005 4.124424656902181 8.500877223629676 -4.2704341555898315 -1.3004013888648494 15.332757459239044 3.169402321733428 6.977448065345833 -2.6356648970548946 0.9866385883663931 16.864864168665612 -5.395862544868013 2.7372264986125927 -1.715186025997184 -11.189098275608645 -9.039608980118954 -12.549386956081817 -3.495667926395374
21.34268537074148 6.172572481937877 -2.7092563312614004 0.7658144467764316 -1.2021093647275372 -6.232446379786669 -4.814770414939531 9.712479058502364 16.371423156397285 30.260018460426444 12.337005688471834 14.850022194951485 4.1320891748086614 8.508541741536174 -4.262769637683351 -1.292736870958351 15.340421977145525 3.1770668396399087 6.985112583252313 -2.628000379148414 0.9943031062728735 16.87252868657211 -5.388198026961533 2.744891016519091 -1.7075215080907036 -11.181433757702164 -9.031944462212474 -12.541722438175336 -3.4880034084888933
21.402805611222444 6.180190740499345 -2.70163807269995 0.7734327053378998 -1.1944911061660868 -6.224828121225201 -4.807152156378081 9.720097317063814 16.379041414958735 30.267636718987912 12.344623947033302 14.857640453512953 4.13970743337013 8.516160000097624 -4.255151379121883 -1.2851186123969007 15.348040235706993 3.184685098201377 6.992730841813781 -2.620382120586946 1.0019213648343417 16.88014694513356 -5.3805797684000645 2.7525092750805413 -1.6999032495292354 -11.173815499140696 -9.024326203651006 -12.534104179613868 -3.480385149927425
21.462925851703407 6.18776287010947 -2.694065943089825 0.7810048349480248 -1.1869189765559618 -6.217255991615076 -4.799580026767956 9.72766944667394 16.38661354456886 30.27520884859803 12.35219607664341 14.86521258312306 4.147279562980255 8.52373212970775 -4.247579249511776 -1.2775464827867757 15.355612365317118 3.192257227811502 7.000302971423906 -2.612809990976821 1.009493494444449 16.887719074743686 -5.3730076387899395 2.7600814046906663 -1.6923311199191104 -11.166243369530571 -9.01675407404088 -12.526532050003743 -3.4728130203173
21.52304609218437 6.195288639402747 -2.6865401737965477 0.7885306042413021 -1.1793932072626845 -6.209730222321799 -4.792054257474678 9.735195215967217 16.394139313862137 30.282734617891315 12.359721845936704 14.872738352416356 4.154805332273532 8.531257899001027 -4.240053480218498 -1.2700207134934984 15.363138134610395 3.199782997104779 7.0078287407171835 -2.6052842216835437 1.017019263737744 16.895244844036963 -5.365481869496662 2.7676071739839436 -1.6848053506258331 -11.158717600237294 -9.009228304747603 -12.519006280710466 -3.465287251024023
21.58316633266533 6.202769031420274 -2.679059781779003 0.7960109962588291 -1.1719128152451397 -6.202249830304272 -4.7845738654571335 9.742675607984761 16.401619705879682 30.29021500990884 12.367202237954231 14.880218744433883 4.162285724291059 8.538738291018571 -4.232573088200954 -1.2625403214759536 15.370618526627922 3.207263389122306 7.015309132734711 -2.5978038296660166 1.024499655755271 16.902725236054508 -5.358001477479135 2.7750875660014884 -1.677324958608306 -11.151237208219767 -9.001747912730076 -12.511525888692939 -3.457806859006496
21.64328657314629 6.210204690865329 -2.6716241223339487 0.8034466557038833 -1.1644771558001032 -6.1948141708592175 -4.777138206012079 9.750111267429816 16.40905536532472 30.297650669353896 12.374637897399285 14.887654403878937 4.169721383736113 8.546173950463626 -4.225137428755899 -1.2551046620308994 15.378054186072976 3.2146990485673603 7.022744792179765 -2.5903681702209624 1.0319353152003252 16.910160895499544 -5.350565818034081 2.782523225446525 -1.669889299163252 -11.143801548774713 -8.994312253285022 -12.504090229247884 -3.4503711995614417
21.703406813627254 6.217595808599938 -2.664233004599339 0.8108377734385108 -1.1570860380654757 -6.18742305312459 -4.7697470882774695 9.757502385164425 16.416446483059346 30.305041787088516 12.382029015133895 14.895045521613547 4.177112501470741 8.553565068198235 -4.21774631102129 -1.2477135442962897 15.385445303807604 3.222090166301988 7.030135909914392 -2.582977052486335 1.039326432934935 16.91755201323417 -5.343174700299453 2.7899143431811524 -1.6624981814286421 -11.136410431040085 -8.986921135550395 -12.496699111513257 -3.442980081826814
21.763527054108216 6.224943391259075 -2.6568854219402027 0.8181853560976471 -1.1497384554063395 -6.1800754704654715 -4.762399505618333 9.764849967823562 16.423794065718482 30.312389369747653 12.389376597793031 14.902393104272683 4.184460084129859 8.560912650857372 -4.210398728362153 -1.2403659616371534 15.392792886466722 3.229437748961124 7.037483492573529 -2.5756294698272164 1.0466740155940712 16.924899595893308 -5.335827117640335 2.7972619258402887 -1.6551505987695059 -11.129062848380949 -8.979573552891276 -12.489351528854138 -3.4356324991676956
21.82364729458918 6.232247473843824 -2.6495813393554535 0.8254894386823786 -1.1424343728215902 -6.172771387880722 -4.755095423033584 9.77215405040831 16.43109814830323 30.319693452332398 12.39668068037778 14.909697186857432 4.191764166714608 8.56821673344212 -4.203094645777404 -1.2330618790524042 15.400096969051472 3.2367418315458556 7.044787575158278 -2.568325387242467 1.0539780981788205 16.932203678478057 -5.328523035055586 2.804566008425038 -1.6478465161847566 -11.121758765796217 -8.972269470306527 -12.48204744626939 -3.4283284165829464
21.883767535070138 6.239508184264775 -2.6423206289345202 0.8327501491033296 -1.135173662400657 -6.165510677459771 -4.747834712612651 9.779414760829244 16.438358858724165 30.326954162753342 12.403941390798732 14.916957897278365 4.199024877135559 8.575477443863054 -4.195833935356471 -1.225801168631471 15.407357679472423 3.2440025419668066 7.052048285579211 -2.561064676821516 1.0612388085997715 16.93946438889899 -5.321262324634635 2.811826718845971 -1.6405858057638056 -11.114498055375266 -8.965008759885576 -12.474786735848438 -3.4210677061619954
21.9438877755511 6.246726138816587 -2.63510267438269 0.8399681036551598 -1.1279557078488267 -6.158292722907941 -4.7406167580608205 9.786632715381074 16.445576813275995 30.33417211730516 12.411159345350544 14.924175851830196 4.20624283168739 8.582695398414884 -4.188615980804641 -1.2185832140796407 15.414575634024253 3.251220496518637 7.059266240131041 -2.5538467222697037 1.068456763151584 16.94668234345082 -5.314044370082822 2.8190446733978014 -1.6333678512119931 -11.107280100823436 -8.957790805333746 -12.467568781296626 -3.413849751610183
22.004008016032063 6.253901993019557 -2.62792682017972 0.8471439578581119 -1.1207798536458746 -6.151116868704989 -4.733440903857851 9.793808569584044 16.452752667478947 30.341347971508124 12.418335199553514 14.931351706033166 4.213418685890342 8.589871252617854 -4.181440126601671 -1.2114073598766708 15.421751488227205 3.258396350721589 7.066442094333993 -2.546670868066734 1.0756326173545538 16.953858197653773 -5.306868515879852 2.8262205276007535 -1.6261919970090233 -11.100104246620484 -8.950614951130794 -12.460392927093656 -3.406673897407213
22.064128256513026 6.261036009460597 -2.6207928037386985 0.8542779742991513 -1.1136458372048352 -6.1439828522639495 -4.726306887416829 9.800942586025084 16.459886683919986 30.34848198794916 12.425469215994553 14.938485722474205 4.220552702331381 8.597005269058876 -4.174306110160631 -1.2042733434356492 15.428885504668244 3.2655303671626283 7.073576110775033 -2.5395368516256944 1.0827666337955932 16.960992214094812 -5.299734499438813 2.833354544041793 -1.619057980567984 -11.092970230179445 -8.943480934689754 -12.453258910652616 -3.3995398809661737
22.12424849699399 6.268129168985848 -2.6136996442134297 0.8613711338244201 -1.1065526776795664 -6.136889692738681 -4.71921372789156 9.808035745550335 16.466979843445255 30.355575147474422 12.432562375519804 14.945578881999456 4.22764586185665 8.604098428584145 -4.16721295063538 -1.1971801839103804 15.435978664193513 3.272623526687897 7.080669270300302 -2.5324436921004256 1.0898597933208443 16.96808537362008 -5.292641339913544 2.8404477035670617 -1.6119648210427329 -11.085877070654176 -8.936387775164485 -12.446165751127348 -3.392446721440905
22.184368737474948 6.275181560073939 -2.606647253125338 0.8684235249125116 -1.099500286591475 -6.129837301650589 -4.712161336803469 9.815088136638426 16.474032234533347 30.362627538562517 12.439614766607896 14.952631273087547 4.2346982529447414 8.611150819672236 -4.160160559547289 -1.1901277928222889 15.443031055281605 3.2796759177759887 7.087721661388393 -2.525391301012352 1.0969121844089358 16.975137764708172 -5.28558894882547 2.847500094655153 -1.6049124299546413 -11.078824679566084 -8.929335384076394 -12.439113360039274 -3.3853943303528133
22.24448897795591 6.282193152651505 -2.599635660547772 0.8754351174900599 -1.092488694013909 -6.122825709073041 -4.705149744225903 9.822099729215992 16.481043827110913 30.369639131140072 12.446626359185462 14.959642865665113 4.24170984552229 8.618162412249802 -4.153148966969723 -1.1831162002447229 15.450042647859153 3.286687510353537 7.094733253965959 -2.518379708434786 1.1039237769865018 16.98214935728574 -5.278577356247904 2.854511687232719 -1.5979008373770753 -11.071813086988536 -8.922323791498846 -12.432101767461708 -3.378382737775265
22.304609218436873 6.289164719179059 -2.5926640940202184 0.8824066840176314 -1.085517127486355 -6.115854142545469 -4.698178177698349 9.829071295743546 16.488015393638467 30.376610697667633 12.453597925713016 14.966614432192667 4.248681412049861 8.625133978777356 -4.146177400442169 -1.176144633717169 15.457014214386724 3.2936590768811085 7.101704820493513 -2.511408141907232 1.1108953435140556 16.989120923813292 -5.271605789720333 2.861483253760273 -1.5909292708495215 -11.064841520460964 -8.915352224971274 -12.425130200934154 -3.3714111712476935
22.364729458917836 6.296096905738597 -2.5857319074606977 0.8893388705771521 -1.0785849409268344 -6.108921955985949 -4.691245991138828 9.836003482303084 16.494947580197987 30.383542884227165 12.460530112272554 14.973546618752206 4.255613598609382 8.632066165336877 -4.139245213882631 -1.1692124471576484 15.463946400946245 3.300591263440629 7.108637007053034 -2.5044759553476936 1.117827530073594 16.996053110372813 -5.264673603160812 2.8684154403197937 -1.583997084289983 -11.057909333901444 -8.908420038411753 -12.418198014374616 -3.364478984688173
22.4248496993988 6.302989938880916 -2.578838874318361 0.8962319037194888 -1.0716919077844977 -6.102028922843612 -4.6843529579964915 9.842896515445403 16.501840613340324 30.39043591736949 12.467423145414873 14.980439651894525 4.262506631751719 8.638959198479213 -4.132352180740312 -1.1623194140153117 15.470839434088582 3.307484296582966 7.11553004019537 -2.497582922205357 1.124720563215913 17.00294614351515 -5.257780570018475 2.8753084734621304 -1.5771040511476642 -11.051016300759107 -8.901527005269417 -12.411304981232279 -3.357585951545836
