web/models/grb/onaxis/23/grb_0.0000_138.9495_0.0000010.dat
# %ECSV 1.0
# ---
# datatype:
# - {name: time, datatype: float64}
# - {name: swift_uvot_uvw2, datatype: float64}
# - {name: swift_uvot_uvm2, datatype: float64}
# - {name: swift_uvot_uvw1, datatype: float64}
# - {name: swift_uvot_U, datatype: float64}
# - {name: swift_uvot_B, datatype: float64}
# - {name: swift_uvot_V, datatype: float64}
# - {name: swift_uvot_W, datatype: float64}
# - {name: johnson_U, datatype: float64}
# - {name: johnson_B, datatype: float64}
# - {name: johnson_V, datatype: float64}
# - {name: johnson_R, datatype: float64}
# - {name: johnson_I, datatype: float64}
# - {name: sdss_u, datatype: float64}
# - {name: sdss_g, datatype: float64}
# - {name: sdss_r, datatype: float64}
# - {name: sdss_i, datatype: float64}
# - {name: sdss_z, datatype: float64}
# - {name: PS1_g, datatype: float64}
# - {name: PS1_r, datatype: float64}
# - {name: PS1_i, datatype: float64}
# - {name: PS1_z, datatype: float64}
# - {name: PS1_Y, datatype: float64}
# - {name: PS1_w, datatype: float64}
# - {name: ATLAS_c, datatype: float64}
# - {name: ATLAS_o, datatype: float64}
# - {name: ukirt_J, datatype: float64}
# - {name: ukirt_H, datatype: float64}
# - {name: ukirt_K, datatype: float64}
# - {name: Clear, datatype: float64}
# meta: !!omap
# - comment: [E = 0.06029923955985733, Eta0 = 8.02, GammaB = 12.0, dL = 0.012188, epsb = 6.760829753919819e-06, epse = 0.1, n = 1e-06,
#     p = 2.15, theta_obs = 0.0, xiN = 1.0, z = 0.0, type = grb, E_kiso = 138.9495494373139]
# schema: astropy-2.0
time swift_uvot_uvw2 swift_uvot_uvm2 swift_uvot_uvw1 swift_uvot_U swift_uvot_B swift_uvot_V swift_uvot_W johnson_U johnson_B johnson_V johnson_R johnson_I sdss_u sdss_g sdss_r sdss_i sdss_z PS1_g PS1_r PS1_i PS1_z PS1_Y PS1_w ATLAS_c ATLAS_o ukirt_J ukirt_H ukirt_K Clear
[from data line 153]
0.3836 -2.193 -2.143 -2.218 -2.411 -2.554 -2.693 -2.332 -2.434 -2.556 -2.698 -2.838 -2.987 -2.429 -2.601 -2.773 -2.894 -3.004 -2.665 -2.808 -2.927 -3.026 -3.195 -2.771 -2.676 -2.828 -3.216 -3.386 -3.576 -2.861
0.3929 -2.205 -2.156 -2.231 -2.424 -2.566 -2.705 -2.344 -2.446 -2.568 -2.71 -2.851 -2.999 -2.441 -2.614 -2.785 -2.906 -3.017 -2.677 -2.82 -2.94 -3.039 -3.207 -2.783 -2.688 -2.841 -3.229 -3.398 -3.588 -2.873
0.4023 -2.214 -2.164 -2.239 -2.432 -2.575 -2.714 -2.353 -2.454 -2.577 -2.719 -2.859 -3.008 -2.449 -2.622 -2.794 -2.915 -3.025 -2.686 -2.828 -2.948 -3.047 -3.215 -2.792 -2.696 -2.849 -3.237 -3.407 -3.597 -2.882
0.412 -2.222 -2.173 -2.248 -2.441 -2.583 -2.722 -2.361 -2.463 -2.585 -2.727 -2.868 -3.016 -2.458 -2.63 -2.802 -2.923 -3.034 -2.694 -2.837 -2.957 -3.056 -3.224 -2.8 -2.705 -2.858 -3.246 -3.415 -3.605 -2.89
0.422 -2.231 -2.181 -2.256 -2.449 -2.591 -2.731 -2.37 -2.471 -2.594 -2.736 -2.876 -3.025 -2.466 -2.639 -2.811 -2.932 -3.042 -2.703 -2.845 -2.965 -3.064 -3.232 -2.809 -2.713 -2.866 -3.254 -3.423 -3.614 -2.899
0.4322 -2.239 -2.19 -2.265 -2.457 -2.6 -2.739 -2.378 -2.48 -2.602 -2.744 -2.885 -3.033 -2.475 -2.647 -2.819 -2.94 -3.051 -2.711 -2.854 -2.974 -3.073 -3.241 -2.817 -2.722 -2.875 -3.263 -3.432 -3.622 -2.907
0.4426 -2.248 -2.198 -2.273 -2.466 -2.608 -2.747 -2.387 -2.488 -2.611 -2.753 -2.893 -3.042 -2.483 -2.656 -2.828 -2.948 -3.059 -2.72 -2.862 -2.982 -3.081 -3.249 -2.825 -2.73 -2.883 -3.271 -3.44 -3.631 -2.916
0.4533 -2.256 -2.207 -2.281 -2.474 -2.617 -2.756 -2.395 -2.497 -2.619 -2.761 -2.902 -3.05 -2.492 -2.664 -2.836 -2.957 -3.068 -2.728 -2.871 -2.991 -3.09 -3.258 -2.834 -2.739 -2.892 -3.28 -3.449 -3.639 -2.924
0.4642 -2.265 -2.215 -2.29 -2.483 -2.625 -2.764 -2.404 -2.505 -2.628 -2.77 -2.91 -3.059 -2.5 -2.673 -2.845 -2.965 -3.076 -2.737 -2.879 -2.999 -3.098 -3.266 -2.842 -2.747 -2.9 -3.288 -3.457 -3.648 -2.933
0.4754 -2.273 -2.224 -2.298 -2.491 -2.634 -2.773 -2.412 -2.514 -2.636 -2.778 -2.919 -3.067 -2.509 -2.681 -2.853 -2.974 -3.084 -2.745 -2.888 -3.007 -3.106 -3.275 -2.851 -2.756 -2.908 -3.296 -3.466 -3.656 -2.941
0.4869 -2.281 -2.232 -2.307 -2.5 -2.642 -2.781 -2.421 -2.522 -2.645 -2.787 -2.927 -3.076 -2.517 -2.69 -2.862 -2.982 -3.093 -2.754 -2.896 -3.016 -3.115 -3.283 -2.859 -2.764 -2.917 -3.305 -3.474 -3.665 -2.95
0.4986 -2.289 -2.24 -2.314 -2.507 -2.65 -2.789 -2.428 -2.53 -2.652 -2.794 -2.935 -3.083 -2.525 -2.697 -2.869 -2.99 -3.1 -2.761 -2.904 -3.023 -3.122 -3.291 -2.867 -2.772 -2.924 -3.312 -3.482 -3.672 -2.957
0.5106 -2.293 -2.244 -2.319 -2.511 -2.654 -2.793 -2.432 -2.534 -2.656 -2.798 -2.939 -3.087 -2.529 -2.701 -2.873 -2.994 -3.105 -2.765 -2.908 -3.028 -3.127 -3.295 -2.871 -2.776 -2.929 -3.317 -3.486 -3.676 -2.961
0.523 -2.297 -2.248 -2.323 -2.516 -2.658 -2.797 -2.436 -2.538 -2.66 -2.802 -2.943 -3.091 -2.533 -2.706 -2.877 -2.998 -3.109 -2.769 -2.912 -3.032 -3.131 -3.299 -2.875 -2.78 -2.933 -3.321 -3.49 -3.68 -2.965
0.5356 -2.301 -2.252 -2.327 -2.52 -2.662 -2.801 -2.44 -2.542 -2.665 -2.806 -2.947 -3.096 -2.537 -2.71 -2.882 -3.002 -3.113 -2.773 -2.916 -3.036 -3.135 -3.303 -2.879 -2.784 -2.937 -3.325 -3.494 -3.685 -2.97
0.5485 -2.306 -2.256 -2.331 -2.524 -2.666 -2.805 -2.445 -2.546 -2.669 -2.811 -2.951 -3.1 -2.541 -2.714 -2.886 -3.006 -3.117 -2.778 -2.92 -3.04 -3.139 -3.307 -2.883 -2.788 -2.941 -3.329 -3.498 -3.689 -2.974
0.5617 -2.31 -2.26 -2.335 -2.528 -2.67 -2.81 -2.449 -2.55 -2.673 -2.815 -2.955 -3.104 -2.545 -2.718 -2.89 -3.011 -3.121 -2.782 -2.924 -3.044 -3.143 -3.311 -2.888 -2.792 -2.945 -3.333 -3.502 -3.693 -2.978
0.5753 -2.314 -2.264 -2.339 -2.532 -2.675 -2.814 -2.453 -2.555 -2.677 -2.819 -2.959 -3.108 -2.55 -2.722 -2.894 -3.015 -3.125 -2.786 -2.928 -3.048 -3.147 -3.316 -2.892 -2.797 -2.949 -3.337 -3.507 -3.697 -2.982
0.5891 -2.318 -2.269 -2.343 -2.536 -2.679 -2.818 -2.457 -2.559 -2.681 -2.823 -2.964 -3.112 -2.554 -2.726 -2.898 -3.019 -3.129 -2.79 -2.933 -3.052 -3.151 -3.32 -2.896 -2.801 -2.953 -3.341 -3.511 -3.701 -2.986
0.6034 -2.322 -2.273 -2.348 -2.54 -2.683 -2.822 -2.461 -2.563 -2.685 -2.827 -2.968 -3.116 -2.558 -2.73 -2.902 -3.023 -3.134 -2.794 -2.937 -3.057 -3.156 -3.324 -2.9 -2.805 -2.958 -3.346 -3.515 -3.705 -2.99
0.6179 -2.326 -2.277 -2.352 -2.545 -2.687 -2.826 -2.465 -2.567 -2.689 -2.831 -2.972 -3.12 -2.562 -2.735 -2.906 -3.027 -3.138 -2.798 -2.941 -3.061 -3.16 -3.328 -2.904 -2.809 -2.962 -3.35 -3.519 -3.709 -2.994
0.6328 -2.326 -2.277 -2.352 -2.545 -2.687 -2.826 -2.465 -2.567 -2.689 -2.831 -2.972 -3.12 -2.562 -2.735 -2.906 -3.027 -3.138 -2.798 -2.941 -3.061 -3.16 -3.328 -2.904 -2.809 -2.962 -3.35 -3.519 -3.709 -2.994
0.6481 -2.319 -2.269 -2.344 -2.537 -2.68 -2.819 -2.458 -2.56 -2.682 -2.824 -2.964 -3.113 -2.555 -2.727 -2.899 -3.02 -3.13 -2.791 -2.933 -3.053 -3.152 -3.321 -2.897 -2.802 -2.954 -3.342 -3.512 -3.702 -2.987
0.6637 -2.311 -2.262 -2.337 -2.53 -2.672 -2.811 -2.451 -2.552 -2.675 -2.816 -2.957 -3.106 -2.547 -2.72 -2.892 -3.012 -3.123 -2.783 -2.926 -3.046 -3.145 -3.313 -2.889 -2.794 -2.947 -3.335 -3.504 -3.695 -2.98
0.6797 -2.304 -2.255 -2.329 -2.522 -2.665 -2.804 -2.443 -2.545 -2.667 -2.809 -2.95 -3.098 -2.54 -2.712 -2.884 -3.005 -3.116 -2.776 -2.919 -3.038 -3.138 -3.306 -2.882 -2.787 -2.94 -3.327 -3.497 -3.687 -2.972
0.6961 -2.297 -2.247 -2.322 -2.515 -2.657 -2.797 -2.436 -2.537 -2.66 -2.802 -2.942 -3.091 -2.532 -2.705 -2.877 -2.998 -3.108 -2.769 -2.911 -3.031 -3.13 -3.298 -2.875 -2.779 -2.932 -3.32 -3.489 -3.68 -2.965
0.7129 -2.289 -2.24 -2.315 -2.508 -2.65 -2.789 -2.428 -2.53 -2.652 -2.794 -2.935 -3.083 -2.525 -2.698 -2.869 -2.99 -3.101 -2.761 -2.904 -3.024 -3.123 -3.291 -2.867 -2.772 -2.925 -3.313 -3.482 -3.672 -2.957
0.7301 -2.282 -2.232 -2.307 -2.5 -2.643 -2.782 -2.421 -2.523 -2.645 -2.787 -2.927 -3.076 -2.518 -2.69 -2.862 -2.983 -3.093 -2.754 -2.896 -3.016 -3.115 -3.284 -2.86 -2.765 -2.917 -3.305 -3.475 -3.665 -2.95
0.7477 -2.274 -2.225 -2.3 -2.493 -2.635 -2.774 -2.414 -2.515 -2.638 -2.78 -2.92 -3.069 -2.51 -2.683 -2.855 -2.975 -3.086 -2.747 -2.889 -3.009 -3.108 -3.276 -2.852 -2.757 -2.91 -3.298 -3.467 -3.658 -2.943
0.7658 -2.267 -2.218 -2.292 -2.485 -2.628 -2.767 -2.406 -2.508 -2.63 -2.772 -2.913 -3.061 -2.503 -2.675 -2.847 -2.968 -3.079 -2.739 -2.882 -3.002 -3.101 -3.269 -2.845 -2.75 -2.903 -3.291 -3.46 -3.65 -2.935
0.7842 -2.26 -2.21 -2.285 -2.478 -2.62 -2.76 -2.399 -2.5 -2.623 -2.765 -2.905 -3.054 -2.495 -2.668 -2.84 -2.961 -3.071 -2.732 -2.874 -2.994 -3.093 -3.261 -2.838 -2.742 -2.895 -3.283 -3.452 -3.643 -2.928
0.8032 -2.25 -2.2 -2.275 -2.468 -2.611 -2.75 -2.389 -2.491 -2.613 -2.755 -2.895 -3.044 -2.486 -2.658 -2.83 -2.951 -3.061 -2.722 -2.865 -2.984 -3.083 -3.252 -2.828 -2.733 -2.885 -3.273 -3.443 -3.633 -2.918
0.8225 -2.238 -2.188 -2.263 -2.456 -2.599 -2.738 -2.377 -2.479 -2.601 -2.743 -2.883 -3.032 -2.474 -2.646 -2.818 -2.939 -3.049 -2.71 -2.852 -2.972 -3.071 -3.24 -2.816 -2.721 -2.873 -3.261 -3.431 -3.621 -2.906
0.8424 -2.226 -2.176 -2.251 -2.444 -2.587 -2.726 -2.365 -2.467 -2.589 -2.731 -2.871 -3.02 -2.462 -2.634 -2.806 -2.927 -3.037 -2.698 -2.84 -2.96 -3.059 -3.228 -2.804 -2.708 -2.861 -3.249 -3.419 -3.609 -2.894
0.8627 -2.214 -2.164 -2.239 -2.432 -2.574 -2.714 -2.353 -2.454 -2.577 -2.719 -2.859 -3.008 -2.449 -2.622 -2.794 -2.915 -3.025 -2.686 -2.828 -2.948 -3.047 -3.215 -2.792 -2.696 -2.849 -3.237 -3.406 -3.597 -2.882
0.8835 -2.202 -2.152 -2.227 -2.42 -2.562 -2.702 -2.341 -2.442 -2.565 -2.707 -2.847 -2.996 -2.437 -2.61 -2.782 -2.902 -3.013 -2.674 -2.816 -2.936 -3.035 -3.203 -2.78 -2.684 -2.837 -3.225 -3.394 -3.585 -2.87
0.9048 -2.19 -2.14 -2.215 -2.408 -2.55 -2.689 -2.329 -2.43 -2.553 -2.695 -2.835 -2.984 -2.425 -2.598 -2.77 -2.89 -3.001 -2.662 -2.804 -2.924 -3.023 -3.191 -2.767 -2.672 -2.825 -3.213 -3.382 -3.573 -2.858
0.9266 -2.178 -2.128 -2.203 -2.396 -2.538 -2.677 -2.317 -2.418 -2.541 -2.683 -2.823 -2.972 -2.413 -2.586 -2.758 -2.878 -2.989 -2.65 -2.792 -2.912 -3.011 -3.179 -2.755 -2.66 -2.813 -3.201 -3.37 -3.561 -2.846
0.949 -2.165 -2.116 -2.191 -2.384 -2.526 -2.665 -2.305 -2.406 -2.529 -2.67 -2.811 -2.96 -2.401 -2.574 -2.746 -2.866 -2.977 -2.637 -2.78 -2.9 -2.999 -3.167 -2.743 -2.648 -2.801 -3.189 -3.358 -3.549 -2.834
0.9719 -2.153 -2.104 -2.179 -2.372 -2.514 -2.653 -2.292 -2.394 -2.517 -2.658 -2.799 -2.947 -2.389 -2.562 -2.734 -2.854 -2.965 -2.625 -2.768 -2.888 -2.987 -3.155 -2.731 -2.636 -2.789 -3.177 -3.346 -3.536 -2.821
0.9953 -2.141 -2.092 -2.167 -2.36 -2.502 -2.641 -2.28 -2.382 -2.504 -2.646 -2.787 -2.935 -2.377 -2.55 -2.721 -2.842 -2.953 -2.613 -2.756 -2.876 -2.975 -3.143 -2.719 -2.624 -2.777 -3.165 -3.334 -3.524 -2.809
1.0194 -2.136 -2.086 -2.161 -2.354 -2.496 -2.636 -2.275 -2.376 -2.499 -2.641 -2.781 -2.93 -2.371 -2.544 -2.716 -2.836 -2.947 -2.608 -2.75 -2.87 -2.969 -3.137 -2.714 -2.618 -2.771 -3.159 -3.328 -3.519 -2.804
1.0439 -2.133 -2.084 -2.159 -2.352 -2.494 -2.633 -2.273 -2.374 -2.497 -2.638 -2.779 -2.928 -2.369 -2.542 -2.714 -2.834 -2.945 -2.605 -2.748 -2.868 -2.967 -3.135 -2.711 -2.616 -2.769 -3.157 -3.326 -3.517 -2.802
1.0691 -2.131 -2.082 -2.157 -2.35 -2.492 -2.631 -2.27 -2.372 -2.494 -2.636 -2.777 -2.925 -2.367 -2.54 -2.711 -2.832 -2.943 -2.603 -2.746 -2.866 -2.965 -3.133 -2.709 -2.614 -2.767 -3.155 -3.324 -3.514 -2.799
1.0949 -2.129 -2.08 -2.154 -2.347 -2.49 -2.629 -2.268 -2.37 -2.492 -2.634 -2.775 -2.923 -2.365 -2.537 -2.709 -2.83 -2.941 -2.601 -2.744 -2.863 -2.963 -3.131 -2.707 -2.612 -2.765 -3.152 -3.322 -3.512 -2.797
1.1213 -2.127 -2.077 -2.152 -2.345 -2.488 -2.627 -2.266 -2.368 -2.49 -2.632 -2.772 -2.921 -2.363 -2.535 -2.707 -2.828 -2.938 -2.599 -2.741 -2.861 -2.96 -3.129 -2.705 -2.61 -2.762 -3.15 -3.32 -3.51 -2.795
1.1484 -2.125 -2.075 -2.15 -2.343 -2.485 -2.625 -2.264 -2.365 -2.488 -2.63 -2.77 -2.919 -2.36 -2.533 -2.705 -2.826 -2.936 -2.597 -2.739 -2.859 -2.958 -3.126 -2.703 -2.607 -2.76 -3.148 -3.317 -3.508 -2.793
1.1761 -2.122 -2.073 -2.148 -2.341 -2.483 -2.622 -2.262 -2.363 -2.486 -2.628 -2.768 -2.917 -2.358 -2.531 -2.703 -2.823 -2.934 -2.595 -2.737 -2.857 -2.956 -3.124 -2.7 -2.605 -2.758 -3.146 -3.315 -3.506 -2.791
1.2044 -2.12 -2.071 -2.146 -2.339 -2.481 -2.62 -2.259 -2.361 -2.483 -2.625 -2.766 -2.914 -2.356 -2.529 -2.7 -2.821 -2.932 -2.592 -2.735 -2.855 -2.954 -3.122 -2.698 -2.603 -2.756 -3.144 -3.313 -3.503 -2.788
1.2335 -2.118 -2.069 -2.143 -2.336 -2.479 -2.618 -2.257 -2.359 -2.481 -2.623 -2.764 -2.912 -2.354 -2.526 -2.698 -2.819 -2.93 -2.59 -2.733 -2.853 -2.952 -3.12 -2.696 -2.601 -2.754 -3.142 -3.311 -3.501 -2.786
1.2633 -2.116 -2.066 -2.141 -2.334 -2.477 -2.616 -2.255 -2.357 -2.479 -2.621 -2.761 -2.91 -2.352 -2.524 -2.696 -2.817 -2.927 -2.588 -2.731 -2.85 -2.949 -3.118 -2.694 -2.599 -2.751 -3.139 -3.309 -3.499 -2.784
1.2937 -2.129 -2.079 -2.154 -2.347 -2.49 -2.629 -2.268 -2.369 -2.492 -2.634 -2.774 -2.923 -2.364 -2.537 -2.709 -2.83 -2.94 -2.601 -2.743 -2.863 -2.962 -3.13 -2.707 -2.611 -2.764 -3.152 -3.322 -3.512 -2.797
1.3249 -2.146 -2.096 -2.171 -2.364 -2.506 -2.645 -2.285 -2.386 -2.509 -2.651 -2.791 -2.94 -2.381 -2.554 -2.726 -2.846 -2.957 -2.618 -2.76 -2.88 -2.979 -3.147 -2.723 -2.628 -2.781 -3.169 -3.338 -3.529 -2.814
1.3569 -2.162 -2.113 -2.188 -2.381 -2.523 -2.662 -2.301 -2.403 -2.526 -2.667 -2.808 -2.956 -2.398 -2.571 -2.743 -2.863 -2.974 -2.634 -2.777 -2.897 -2.996 -3.164 -2.74 -2.645 -2.798 -3.186 -3.355 -3.545 -2.83
1.3896 -2.179 -2.13 -2.205 -2.398 -2.54 -2.679 -2.318 -2.42 -2.542 -2.684 -2.825 -2.973 -2.415 -2.587 -2.759 -2.88 -2.991 -2.651 -2.794 -2.914 -3.013 -3.181 -2.757 -2.662 -2.815 -3.203 -3.372 -3.562 -2.847
1.4232 -2.196 -2.147 -2.221 -2.414 -2.557 -2.696 -2.335 -2.437 -2.559 -2.701 -2.841 -2.99 -2.432 -2.604 -2.776 -2.897 -3.007 -2.668 -2.811 -2.93 -3.029 -3.198 -2.774 -2.679 -2.831 -3.219 -3.389 -3.579 -2.864
1.4575 -2.213 -2.163 -2.238 -2.431 -2.574 -2.713 -2.352 -2.454 -2.576 -2.718 -2.858 -3.007 -2.448 -2.621 -2.793 -2.914 -3.024 -2.685 -2.827 -2.947 -3.046 -3.215 -2.791 -2.695 -2.848 -3.236 -3.406 -3.596 -2.881
1.4927 -2.23 -2.18 -2.255 -2.448 -2.59 -2.729 -2.369 -2.47 -2.593 -2.735 -2.875 -3.024 -2.465 -2.638 -2.81 -2.93 -3.041 -2.702 -2.844 -2.964 -3.063 -3.231 -2.807 -2.712 -2.865 -3.253 -3.422 -3.613 -2.898
1.5287 -2.246 -2.197 -2.272 -2.465 -2.607 -2.746 -2.385 -2.487 -2.61 -2.751 -2.892 -3.04 -2.482 -2.655 -2.827 -2.947 -3.058 -2.718 -2.861 -2.981 -3.08 -3.248 -2.824 -2.729 -2.882 -3.27 -3.439 -3.63 -2.915
1.5655 -2.263 -2.214 -2.289 -2.482 -2.624 -2.763 -2.402 -2.504 -2.626 -2.768 -2.909 -3.057 -2.499 -2.671 -2.843 -2.964 -3.075 -2.735 -2.878 -2.998 -3.097 -3.265 -2.841 -2.746 -2.899 -3.287 -3.456 -3.646 -2.931
1.6033 -2.28 -2.231 -2.305 -2.498 -2.641 -2.78 -2.419 -2.521 -2.643 -2.785 -2.926 -3.074 -2.516 -2.688 -2.86 -2.981 -3.091 -2.752 -2.895 -3.014 -3.113 -3.282 -2.858 -2.763 -2.915 -3.303 -3.473 -3.663 -2.948
1.642 -2.301 -2.251 -2.326 -2.519 -2.661 -2.8 -2.44 -2.541 -2.664 -2.806 -2.946 -3.095 -2.536 -2.709 -2.881 -3.001 -3.112 -2.773 -2.915 -3.035 -3.134 -3.302 -2.878 -2.783 -2.936 -3.324 -3.493 -3.684 -2.969
1.6816 -2.321 -2.272 -2.347 -2.54 -2.682 -2.821 -2.46 -2.562 -2.685 -2.826 -2.967 -3.115 -2.557 -2.73 -2.902 -3.022 -3.133 -2.793 -2.936 -3.056 -3.155 -3.323 -2.899 -2.804 -2.957 -3.345 -3.514 -3.704 -2.99
1.7222 -2.342 -2.293 -2.368 -2.561 -2.703 -2.842 -2.481 -2.583 -2.705 -2.847 -2.988 -3.136 -2.578 -2.751 -2.922 -3.043 -3.154 -2.814 -2.957 -3.077 -3.176 -3.344 -2.92 -2.825 -2.978 -3.366 -3.535 -3.725 -3.01
1.7637 -2.363 -2.314 -2.388 -2.581 -2.724 -2.863 -2.502 -2.604 -2.726 -2.868 -3.009 -3.157 -2.599 -2.771 -2.943 -3.064 -3.175 -2.835 -2.978 -3.097 -3.196 -3.365 -2.941 -2.846 -2.999 -3.386 -3.556 -3.746 -3.031
1.8062 -2.384 -2.334 -2.409 -2.602 -2.745 -2.884 -2.523 -2.625 -2.747 -2.889 -3.029 -3.178 -2.62 -2.792 -2.964 -3.085 -3.195 -2.856 -2.998 -3.118 -3.217 -3.386 -2.962 -2.867 -3.019 -3.407 -3.577 -3.767 -3.052
1.8498 -2.405 -2.355 -2.43 -2.623 -2.765 -2.905 -2.544 -2.645 -2.768 -2.91 -3.05 -3.199 -2.64 -2.813 -2.985 -3.106 -3.216 -2.877 -3.019 -3.139 -3.238 -3.406 -2.983 -2.887 -3.04 -3.428 -3.597 -3.788 -3.073
1.8944 -2.426 -2.376 -2.451 -2.644 -2.786 -2.925 -2.565 -2.666 -2.789 -2.931 -3.071 -3.22 -2.661 -2.834 -3.006 -3.126 -3.237 -2.898 -3.04 -3.16 -3.259 -3.427 -3.003 -2.908 -3.061 -3.449 -3.618 -3.809 -3.094
1.9401 -2.446 -2.397 -2.472 -2.665 -2.807 -2.946 -2.585 -2.687 -2.809 -2.951 -3.092 -3.24 -2.682 -2.855 -3.026 -3.147 -3.258 -2.918 -3.061 -3.181 -3.28 -3.448 -3.024 -2.929 -3.082 -3.47 -3.639 -3.829 -3.114
1.9869 -2.467 -2.418 -2.493 -2.685 -2.828 -2.967 -2.606 -2.708 -2.83 -2.972 -3.113 -3.261 -2.703 -2.875 -3.047 -3.168 -3.279 -2.939 -3.082 -3.202 -3.301 -3.469 -3.045 -2.95 -3.103 -3.491 -3.66 -3.85 -3.135
2.0349 -2.486 -2.437 -2.512 -2.705 -2.847 -2.986 -2.625 -2.727 -2.85 -2.991 -3.132 -3.28 -2.722 -2.895 -3.067 -3.187 -3.298 -2.958 -3.101 -3.221 -3.32 -3.488 -3.064 -2.969 -3.122 -3.51 -3.679 -3.869 -3.154
2.084 -2.487 -2.438 -2.512 -2.705 -2.848 -2.987 -2.626 -2.728 -2.85 -2.992 -3.133 -3.281 -2.723 -2.895 -3.067 -3.188 -3.299 -2.959 -3.102 -3.222 -3.321 -3.489 -3.065 -2.97 -3.123 -3.511 -3.68 -3.87 -3.155
2.1342 -2.488 -2.438 -2.513 -2.706 -2.849 -2.988 -2.627 -2.729 -2.851 -2.993 -3.133 -3.282 -2.723 -2.896 -3.068 -3.189 -3.299 -2.96 -3.102 -3.222 -3.321 -3.49 -3.066 -2.97 -3.123 -3.511 -3.681 -3.871 -3.156
2.1857 -2.488 -2.439 -2.514 -2.707 -2.849 -2.988 -2.628 -2.729 -2.852 -2.994 -3.134 -3.283 -2.724 -2.897 -3.069 -3.189 -3.3 -2.961 -3.103 -3.223 -3.322 -3.49 -3.066 -2.971 -3.124 -3.512 -3.681 -3.872 -3.157
2.2384 -2.489 -2.44 -2.515 -2.708 -2.85 -2.989 -2.628 -2.73 -2.852 -2.994 -3.135 -3.283 -2.725 -2.897 -3.069 -3.19 -3.301 -2.961 -3.104 -3.224 -3.323 -3.491 -3.067 -2.972 -3.125 -3.513 -3.682 -3.872 -3.157
2.2924 -2.49 -2.44 -2.515 -2.708 -2.851 -2.99 -2.629 -2.731 -2.853 -2.995 -3.135 -3.284 -2.726 -2.898 -3.07 -3.191 -3.301 -2.962 -3.104 -3.224 -3.323 -3.492 -3.068 -2.973 -3.125 -3.513 -3.683 -3.873 -3.158
2.3477 -2.491 -2.441 -2.516 -2.709 -2.851 -2.99 -2.63 -2.731 -2.854 -2.996 -3.136 -3.285 -2.726 -2.899 -3.071 -3.191 -3.302 -2.963 -3.105 -3.225 -3.324 -3.492 -3.068 -2.973 -3.126 -3.514 -3.683 -3.874 -3.159
