web/models/grb/onaxis/23/grb_0.0000_100.0000_0.0001000.dat
# %ECSV 1.0
# ---
# datatype:
# - {name: time, datatype: float64}
# - {name: swift_uvot_uvw2, datatype: float64}
# - {name: swift_uvot_uvm2, datatype: float64}
# - {name: swift_uvot_uvw1, datatype: float64}
# - {name: swift_uvot_U, datatype: float64}
# - {name: swift_uvot_B, datatype: float64}
# - {name: swift_uvot_V, datatype: float64}
# - {name: swift_uvot_W, datatype: float64}
# - {name: johnson_U, datatype: float64}
# - {name: johnson_B, datatype: float64}
# - {name: johnson_V, datatype: float64}
# - {name: johnson_R, datatype: float64}
# - {name: johnson_I, datatype: float64}
# - {name: sdss_u, datatype: float64}
# - {name: sdss_g, datatype: float64}
# - {name: sdss_r, datatype: float64}
# - {name: sdss_i, datatype: float64}
# - {name: sdss_z, datatype: float64}
# - {name: PS1_g, datatype: float64}
# - {name: PS1_r, datatype: float64}
# - {name: PS1_i, datatype: float64}
# - {name: PS1_z, datatype: float64}
# - {name: PS1_Y, datatype: float64}
# - {name: ukirt_J, datatype: float64}
# - {name: ukirt_H, datatype: float64}
# - {name: ukirt_K, datatype: float64}
# meta: !!omap
# - comment: [E = 0.043396498804093575, Eta0 = 8.02, GammaB = 12.0, dL = 0.012188, epsb = 6.760829753919819e-06, epse = 0.1, n = 0.0001,
#     p = 2.15, theta_obs = 0.0, xiN = 1.0, z = 0.0, type = grb, E_kiso = 100.0]
# schema: astropy-2.0
time swift_uvot_uvw2 swift_uvot_uvm2 swift_uvot_uvw1 swift_uvot_U swift_uvot_B swift_uvot_V swift_uvot_W johnson_U johnson_B johnson_V johnson_R johnson_I sdss_u sdss_g sdss_r sdss_i sdss_z PS1_g PS1_r PS1_i PS1_z PS1_Y ukirt_J ukirt_H ukirt_K
0.01 -8.106 -8.057 -8.131 -8.324 -8.467 -8.606 -8.245 -8.347 -8.469 -8.611 -8.752 -8.9 -8.342 -8.514 -8.686 -8.807 -8.917 -8.578 -8.721 -8.84 -8.939 -9.108 -9.129 -9.299 -9.489
0.0102 -8.006 -7.957 -8.032 -8.225 -8.367 -8.506 -8.145 -8.247 -8.369 -8.511 -8.652 -8.8 -8.242 -8.415 -8.586 -8.707 -8.818 -8.478 -8.621 -8.741 -8.84 -9.008 -9.03 -9.199 -9.389
0.0105 -7.907 -7.857 -7.932 -8.125 -8.267 -8.406 -8.046 -8.147 -8.27 -8.412 -8.552 -8.701 -8.142 -8.315 -8.487 -8.607 -8.718 -8.379 -8.521 -8.641 -8.74 -8.908 -8.93 -9.099 -9.29
0.0107 -7.807 -7.757 -7.832 -8.025 -8.168 -8.307 -7.946 -8.048 -8.17 -8.312 -8.452 -8.601 -8.043 -8.215 -8.387 -8.508 -8.618 -8.279 -8.421 -8.541 -8.64 -8.809 -8.83 -9.0 -9.19
0.011 -7.707 -7.658 -7.733 -7.926 -8.068 -8.207 -7.846 -7.948 -8.07 -8.212 -8.353 -8.501 -7.943 -8.115 -8.287 -8.408 -8.519 -8.179 -8.322 -8.442 -8.541 -8.709 -8.731 -8.9 -9.09
0.0113 -7.607 -7.558 -7.633 -7.826 -7.968 -8.107 -7.747 -7.848 -7.971 -8.112 -8.253 -8.402 -7.843 -8.016 -8.188 -8.308 -8.419 -8.08 -8.222 -8.342 -8.441 -8.609 -8.631 -8.8 -8.991
0.0115 -7.508 -7.458 -7.533 -7.726 -7.869 -8.008 -7.647 -7.748 -7.871 -8.013 -8.153 -8.302 -7.743 -7.916 -8.088 -8.209 -8.319 -7.98 -8.122 -8.242 -8.341 -8.509 -8.531 -8.701 -8.891
0.0118 -7.408 -7.359 -7.433 -7.626 -7.769 -7.908 -7.547 -7.649 -7.771 -7.913 -8.054 -8.202 -7.644 -7.816 -7.988 -8.109 -8.22 -7.88 -8.023 -8.142 -8.242 -8.41 -8.431 -8.601 -8.791
0.0121 -7.315 -7.265 -7.34 -7.533 -7.676 -7.815 -7.454 -7.555 -7.678 -7.82 -7.96 -8.109 -7.55 -7.723 -7.895 -8.016 -8.126 -7.787 -7.929 -8.049 -8.148 -8.316 -8.338 -8.508 -8.698
0.0124 -7.233 -7.184 -7.259 -7.451 -7.594 -7.733 -7.372 -7.474 -7.596 -7.738 -7.879 -8.027 -7.469 -7.641 -7.813 -7.934 -8.045 -7.705 -7.848 -7.968 -8.067 -8.235 -8.257 -8.426 -8.616
0.0127 -7.152 -7.102 -7.177 -7.37 -7.512 -7.651 -7.291 -7.392 -7.515 -7.657 -7.797 -7.946 -7.387 -7.56 -7.732 -7.852 -7.963 -7.624 -7.766 -7.886 -7.985 -8.153 -8.175 -8.344 -8.535
0.013 -7.07 -7.02 -7.095 -7.288 -7.431 -7.57 -7.209 -7.311 -7.433 -7.575 -7.715 -7.864 -7.306 -7.478 -7.65 -7.771 -7.881 -7.542 -7.685 -7.804 -7.903 -8.072 -8.093 -8.263 -8.453
0.0133 -6.988 -6.939 -7.014 -7.207 -7.349 -7.488 -7.127 -7.229 -7.351 -7.493 -7.634 -7.782 -7.224 -7.397 -7.568 -7.689 -7.8 -7.46 -7.603 -7.723 -7.822 -7.99 -8.012 -8.181 -8.371
0.0136 -6.907 -6.857 -6.932 -7.125 -7.267 -7.407 -7.046 -7.147 -7.27 -7.412 -7.552 -7.701 -7.142 -7.315 -7.487 -7.608 -7.718 -7.379 -7.521 -7.641 -7.74 -7.908 -7.93 -8.099 -8.29
0.014 -6.825 -6.776 -6.85 -7.043 -7.186 -7.325 -6.964 -7.066 -7.188 -7.33 -7.471 -7.619 -7.061 -7.233 -7.405 -7.526 -7.637 -7.297 -7.44 -7.56 -7.659 -7.827 -7.849 -8.018 -8.208
0.0143 -6.743 -6.694 -6.769 -6.962 -7.104 -7.243 -6.883 -6.984 -7.107 -7.249 -7.389 -7.538 -6.979 -7.152 -7.324 -7.444 -7.555 -7.216 -7.358 -7.478 -7.577 -7.745 -7.767 -7.936 -8.127
0.0146 -6.662 -6.612 -6.687 -6.88 -7.023 -7.162 -6.801 -6.903 -7.025 -7.167 -7.307 -7.456 -6.898 -7.07 -7.242 -7.363 -7.473 -7.134 -7.276 -7.396 -7.495 -7.664 -7.685 -7.855 -8.045
0.015 -6.58 -6.531 -6.606 -6.799 -6.941 -7.08 -6.719 -6.821 -6.943 -7.085 -7.226 -7.374 -6.816 -6.989 -7.16 -7.281 -7.392 -7.052 -7.195 -7.315 -7.414 -7.582 -7.604 -7.773 -7.963
0.0154 -6.518 -6.468 -6.543 -6.736 -6.879 -7.018 -6.657 -6.759 -6.881 -7.023 -7.163 -7.312 -6.753 -6.926 -7.098 -7.219 -7.329 -6.99 -7.132 -7.252 -7.351 -7.52 -7.541 -7.711 -7.901
0.0157 -6.464 -6.414 -6.489 -6.682 -6.825 -6.964 -6.603 -6.704 -6.827 -6.969 -7.109 -7.258 -6.699 -6.872 -7.044 -7.165 -7.275 -6.936 -7.078 -7.198 -7.297 -7.465 -7.487 -7.657 -7.847
0.0161 -6.41 -6.36 -6.435 -6.628 -6.77 -6.91 -6.549 -6.65 -6.773 -6.915 -7.055 -7.204 -6.645 -6.818 -6.99 -7.111 -7.221 -6.882 -7.024 -7.144 -7.243 -7.411 -7.433 -7.602 -7.793
0.0165 -6.356 -6.306 -6.381 -6.574 -6.716 -6.856 -6.495 -6.596 -6.719 -6.861 -7.001 -7.15 -6.591 -6.764 -6.936 -7.056 -7.167 -6.828 -6.97 -7.09 -7.189 -7.357 -7.379 -7.548 -7.739
0.0169 -6.302 -6.252 -6.327 -6.52 -6.662 -6.801 -6.441 -6.542 -6.665 -6.807 -6.947 -7.096 -6.537 -6.71 -6.882 -7.002 -7.113 -6.774 -6.916 -7.036 -7.135 -7.303 -7.325 -7.494 -7.685
0.0173 -6.248 -6.198 -6.273 -6.466 -6.608 -6.747 -6.387 -6.488 -6.611 -6.753 -6.893 -7.042 -6.483 -6.656 -6.828 -6.948 -7.059 -6.72 -6.862 -6.982 -7.081 -7.249 -7.271 -7.44 -7.631
0.0177 -6.194 -6.144 -6.219 -6.412 -6.554 -6.693 -6.333 -6.434 -6.557 -6.699 -6.839 -6.988 -6.429 -6.602 -6.774 -6.894 -7.005 -6.666 -6.808 -6.928 -7.027 -7.195 -7.217 -7.386 -7.577
0.0181 -6.139 -6.09 -6.165 -6.358 -6.5 -6.639 -6.279 -6.38 -6.503 -6.645 -6.785 -6.934 -6.375 -6.548 -6.72 -6.84 -6.951 -6.612 -6.754 -6.874 -6.973 -7.141 -7.163 -7.332 -7.523
0.0186 -6.085 -6.036 -6.111 -6.304 -6.446 -6.585 -6.225 -6.326 -6.449 -6.59 -6.731 -6.88 -6.321 -6.494 -6.666 -6.786 -6.897 -6.557 -6.7 -6.82 -6.919 -7.087 -7.109 -7.278 -7.469
0.019 -6.032 -5.982 -6.057 -6.25 -6.393 -6.532 -6.171 -6.273 -6.395 -6.537 -6.677 -6.826 -6.268 -6.44 -6.612 -6.733 -6.843 -6.504 -6.646 -6.766 -6.865 -7.034 -7.055 -7.225 -7.415
0.0195 -5.99 -5.941 -6.016 -6.209 -6.351 -6.49 -6.13 -6.231 -6.354 -6.495 -6.636 -6.785 -6.226 -6.399 -6.571 -6.691 -6.802 -6.462 -6.605 -6.725 -6.824 -6.992 -7.014 -7.183 -7.374
0.02 -5.949 -5.9 -5.974 -6.167 -6.31 -6.449 -6.088 -6.19 -6.312 -6.454 -6.595 -6.743 -6.185 -6.357 -6.529 -6.65 -6.761 -6.421 -6.564 -6.683 -6.783 -6.951 -6.972 -7.142 -7.332
0.0204 -5.908 -5.858 -5.933 -6.126 -6.268 -6.408 -6.047 -6.148 -6.271 -6.413 -6.553 -6.702 -6.143 -6.316 -6.488 -6.609 -6.719 -6.38 -6.522 -6.642 -6.741 -6.909 -6.931 -7.1 -7.291
0.0209 -5.866 -5.817 -5.892 -6.085 -6.227 -6.366 -6.005 -6.107 -6.229 -6.371 -6.512 -6.66 -6.102 -6.275 -6.446 -6.567 -6.678 -6.338 -6.481 -6.601 -6.7 -6.868 -6.89 -7.059 -7.249
0.0214 -5.825 -5.775 -5.85 -6.043 -6.186 -6.325 -5.964 -6.066 -6.188 -6.33 -6.47 -6.619 -6.061 -6.233 -6.405 -6.526 -6.636 -6.297 -6.44 -6.559 -6.658 -6.827 -6.848 -7.018 -7.208
0.022 -5.784 -5.734 -5.809 -6.002 -6.144 -6.283 -5.923 -6.024 -6.147 -6.289 -6.429 -6.578 -6.019 -6.192 -6.364 -6.484 -6.595 -6.256 -6.398 -6.518 -6.617 -6.785 -6.807 -6.976 -7.167
0.0225 -5.742 -5.693 -5.768 -5.96 -6.103 -6.242 -5.881 -5.983 -6.105 -6.247 -6.388 -6.536 -5.978 -6.15 -6.322 -6.443 -6.554 -6.214 -6.357 -6.477 -6.576 -6.744 -6.766 -6.935 -7.125
0.023 -5.701 -5.651 -5.726 -5.919 -6.062 -6.201 -5.84 -5.941 -6.064 -6.206 -6.346 -6.495 -5.936 -6.109 -6.281 -6.402 -6.512 -6.173 -6.315 -6.435 -6.534 -6.702 -6.724 -6.894 -7.084
0.0236 -5.659 -5.61 -5.685 -5.878 -6.02 -6.159 -5.798 -5.9 -6.023 -6.164 -6.305 -6.453 -5.895 -6.068 -6.239 -6.36 -6.471 -6.131 -6.274 -6.394 -6.493 -6.661 -6.683 -6.852 -7.042
0.0242 -5.627 -5.577 -5.652 -5.845 -5.987 -6.126 -5.766 -5.867 -5.99 -6.132 -6.272 -6.421 -5.862 -6.035 -6.207 -6.327 -6.438 -6.099 -6.241 -6.361 -6.46 -6.628 -6.65 -6.819 -7.01
0.0247 -5.608 -5.559 -5.633 -5.826 -5.969 -6.108 -5.747 -5.849 -5.971 -6.113 -6.254 -6.402 -5.844 -6.016 -6.188 -6.309 -6.42 -6.08 -6.223 -6.342 -6.441 -6.61 -6.631 -6.801 -6.991
0.0253 -5.59 -5.54 -5.615 -5.808 -5.95 -6.089 -5.729 -5.83 -5.953 -6.095 -6.235 -6.384 -5.825 -5.998 -6.17 -6.29 -6.401 -6.062 -6.204 -6.324 -6.423 -6.591 -6.613 -6.782 -6.973
0.0259 -5.571 -5.522 -5.596 -5.789 -5.932 -6.071 -5.71 -5.812 -5.934 -6.076 -6.217 -6.365 -5.807 -5.979 -6.151 -6.272 -6.382 -6.043 -6.186 -6.305 -6.404 -6.573 -6.594 -6.764 -6.954
0.0266 -5.552 -5.503 -5.578 -5.771 -5.913 -6.052 -5.692 -5.793 -5.916 -6.058 -6.198 -6.347 -5.788 -5.961 -6.133 -6.253 -6.364 -6.025 -6.167 -6.287 -6.386 -6.554 -6.576 -6.745 -6.936
0.0272 -5.534 -5.485 -5.559 -5.752 -5.895 -6.034 -5.673 -5.775 -5.897 -6.039 -6.18 -6.328 -5.77 -5.942 -6.114 -6.235 -6.345 -6.006 -6.149 -6.268 -6.367 -6.536 -6.557 -6.727 -6.917
0.0279 -5.515 -5.466 -5.541 -5.734 -5.876 -6.015 -5.655 -5.756 -5.879 -6.021 -6.161 -6.31 -5.751 -5.924 -6.096 -6.216 -6.327 -5.988 -6.13 -6.25 -6.349 -6.517 -6.539 -6.708 -6.899
0.0285 -5.497 -5.448 -5.522 -5.715 -5.858 -5.997 -5.636 -5.738 -5.86 -6.002 -6.142 -6.291 -5.733 -5.905 -6.077 -6.198 -6.308 -5.969 -6.112 -6.231 -6.33 -6.499 -6.52 -6.69 -6.88
0.0292 -5.478 -5.429 -5.504 -5.697 -5.839 -5.978 -5.618 -5.719 -5.842 -5.983 -6.124 -6.273 -5.714 -5.887 -6.059 -6.179 -6.29 -5.95 -6.093 -6.213 -6.312 -6.48 -6.502 -6.671 -6.862
0.0299 -5.46 -5.41 -5.485 -5.678 -5.821 -5.96 -5.599 -5.701 -5.823 -5.965 -6.105 -6.254 -5.696 -5.868 -6.04 -6.161 -6.271 -5.932 -6.075 -6.194 -6.293 -6.462 -6.483 -6.653 -6.843
0.0307 -5.455 -5.405 -5.48 -5.673 -5.816 -5.955 -5.594 -5.696 -5.818 -5.96 -6.1 -6.249 -5.691 -5.863 -6.035 -6.156 -6.266 -5.927 -6.069 -6.189 -6.288 -6.457 -6.478 -6.648 -6.838
0.0314 -5.455 -5.406 -5.481 -5.674 -5.816 -5.955 -5.594 -5.696 -5.818 -5.96 -6.101 -6.249 -5.691 -5.863 -6.035 -6.156 -6.267 -5.927 -6.07 -6.19 -6.289 -6.457 -6.479 -6.648 -6.838
0.0322 -5.455 -5.406 -5.481 -5.674 -5.816 -5.955 -5.595 -5.696 -5.819 -5.96 -6.101 -6.25 -5.691 -5.864 -6.036 -6.156 -6.267 -5.927 -6.07 -6.19 -6.289 -6.457 -6.479 -6.648 -6.839
0.0329 -5.456 -5.406 -5.481 -5.674 -5.816 -5.956 -5.595 -5.696 -5.819 -5.961 -6.101 -6.25 -5.691 -5.864 -6.036 -6.157 -6.267 -5.928 -6.07 -6.19 -6.289 -6.457 -6.479 -6.648 -6.839
0.0337 -5.456 -5.407 -5.481 -5.674 -5.817 -5.956 -5.595 -5.697 -5.819 -5.961 -6.102 -6.25 -5.692 -5.864 -6.036 -6.157 -6.267 -5.928 -6.071 -6.19 -6.289 -6.458 -6.479 -6.649 -6.839
0.0345 -5.456 -5.407 -5.482 -5.675 -5.817 -5.956 -5.595 -5.697 -5.819 -5.961 -6.102 -6.25 -5.692 -5.865 -6.036 -6.157 -6.268 -5.928 -6.071 -6.191 -6.29 -6.458 -6.48 -6.649 -6.839
0.0354 -5.457 -5.407 -5.482 -5.675 -5.817 -5.956 -5.596 -5.697 -5.82 -5.962 -6.102 -6.251 -5.692 -5.865 -6.037 -6.157 -6.268 -5.929 -6.071 -6.191 -6.29 -6.458 -6.48 -6.649 -6.84
0.0362 -5.457 -5.407 -5.482 -5.675 -5.818 -5.957 -5.596 -5.698 -5.82 -5.962 -6.102 -6.251 -5.693 -5.865 -6.037 -6.158 -6.268 -5.929 -6.071 -6.191 -6.29 -6.459 -6.48 -6.65 -6.84
0.0371 -5.457 -5.408 -5.483 -5.676 -5.818 -5.957 -5.596 -5.698 -5.82 -5.962 -6.103 -6.251 -5.693 -5.865 -6.037 -6.158 -6.269 -5.929 -6.072 -6.192 -6.291 -6.459 -6.481 -6.65 -6.84
0.038 -5.458 -5.408 -5.483 -5.676 -5.819 -5.958 -5.597 -5.699 -5.821 -5.963 -6.103 -6.252 -5.694 -5.866 -6.038 -6.159 -6.269 -5.93 -6.073 -6.192 -6.291 -6.46 -6.481 -6.651 -6.841
0.0389 -5.466 -5.417 -5.492 -5.685 -5.827 -5.966 -5.605 -5.707 -5.829 -5.971 -6.112 -6.26 -5.702 -5.875 -6.046 -6.167 -6.278 -5.938 -6.081 -6.201 -6.3 -6.468 -6.49 -6.659 -6.849
0.0398 -5.475 -5.425 -5.5 -5.693 -5.836 -5.975 -5.614 -5.715 -5.838 -5.98 -6.12 -6.269 -5.71 -5.883 -6.055 -6.176 -6.286 -5.947 -6.089 -6.209 -6.308 -6.476 -6.498 -6.668 -6.858
0.0408 -5.483 -5.434 -5.509 -5.702 -5.844 -5.983 -5.622 -5.724 -5.846 -5.988 -6.129 -6.277 -5.719 -5.891 -6.063 -6.184 -6.295 -5.955 -6.098 -6.218 -6.317 -6.485 -6.507 -6.676 -6.866
0.0418 -5.492 -5.442 -5.517 -5.71 -5.852 -5.992 -5.631 -5.732 -5.855 -5.997 -6.137 -6.286 -5.727 -5.9 -6.072 -6.192 -6.303 -5.964 -6.106 -6.226 -6.325 -6.493 -6.515 -6.684 -6.875
0.0428 -5.5 -5.451 -5.525 -5.718 -5.861 -6.0 -5.639 -5.741 -5.863 -6.005 -6.146 -6.294 -5.736 -5.908 -6.08 -6.201 -6.312 -5.972 -6.115 -6.234 -6.334 -6.502 -6.523 -6.693 -6.883
0.0438 -5.508 -5.459 -5.534 -5.727 -5.869 -6.008 -5.648 -5.749 -5.872 -6.014 -6.154 -6.303 -5.744 -5.917 -6.089 -6.209 -6.32 -5.981 -6.123 -6.243 -6.342 -6.51 -6.532 -6.701 -6.892
0.0449 -5.517 -5.467 -5.542 -5.735 -5.878 -6.017 -5.656 -5.758 -5.88 -6.022 -6.162 -6.311 -5.753 -5.925 -6.097 -6.218 -6.328 -5.989 -6.132 -6.251 -6.35 -6.519 -6.54 -6.71 -6.9
0.046 -5.525 -5.476 -5.551 -5.744 -5.886 -6.025 -5.664 -5.766 -5.889 -6.03 -6.171 -6.319 -5.761 -5.934 -6.105 -6.226 -6.337 -5.997 -6.14 -6.26 -6.359 -6.527 -6.549 -6.718 -6.908
0.0471 -5.534 -5.484 -5.559 -5.752 -5.895 -6.034 -5.673 -5.775 -5.897 -6.039 -6.179 -6.328 -5.769 -5.942 -6.114 -6.235 -6.345 -6.006 -6.148 -6.268 -6.367 -6.536 -6.557 -6.727 -6.917
0.0482 -5.544 -5.495 -5.569 -5.762 -5.905 -6.044 -5.683 -5.785 -5.907 -6.049 -6.189 -6.338 -5.78 -5.952 -6.124 -6.245 -6.355 -6.016 -6.159 -6.278 -6.377 -6.546 -6.567 -6.737 -6.927
0.0494 -5.557 -5.507 -5.582 -5.775 -5.918 -6.057 -5.696 -5.798 -5.92 -6.062 -6.202 -6.351 -5.792 -5.965 -6.137 -6.258 -6.368 -6.029 -6.171 -6.291 -6.39 -6.558 -6.58 -6.75 -6.94
0.0506 -5.57 -5.52 -5.595 -5.788 -5.93 -6.069 -5.709 -5.81 -5.933 -6.075 -6.215 -6.364 -5.805 -5.978 -6.15 -6.27 -6.381 -6.042 -6.184 -6.304 -6.403 -6.571 -6.593 -6.762 -6.953
0.0518 -5.582 -5.533 -5.608 -5.801 -5.943 -6.082 -5.721 -5.823 -5.946 -6.087 -6.228 -6.376 -5.818 -5.991 -6.163 -6.283 -6.394 -6.054 -6.197 -6.317 -6.416 -6.584 -6.606 -6.775 -6.965
0.053 -5.595 -5.546 -5.621 -5.814 -5.956 -6.095 -5.734 -5.836 -5.958 -6.1 -6.241 -6.389 -5.831 -6.003 -6.175 -6.296 -6.407 -6.067 -6.21 -6.33 -6.429 -6.597 -6.619 -6.788 -6.978
0.0543 -5.608 -5.559 -5.633 -5.826 -5.969 -6.108 -5.747 -5.849 -5.971 -6.113 -6.254 -6.402 -5.844 -6.016 -6.188 -6.309 -6.419 -6.08 -6.223 -6.342 -6.441 -6.61 -6.631 -6.801 -6.991
0.0556 -5.621 -5.571 -5.646 -5.839 -5.982 -6.121 -5.76 -5.862 -5.984 -6.126 -6.266 -6.415 -5.857 -6.029 -6.201 -6.322 -6.432 -6.093 -6.235 -6.355 -6.454 -6.623 -6.644 -6.814 -7.004
0.057 -5.634 -5.584 -5.659 -5.852 -5.994 -6.134 -5.773 -5.874 -5.997 -6.139 -6.279 -6.428 -5.869 -6.042 -6.214 -6.334 -6.445 -6.106 -6.248 -6.368 -6.467 -6.635 -6.657 -6.826 -7.017
0.0584 -5.646 -5.597 -5.672 -5.865 -6.007 -6.146 -5.786 -5.887 -6.01 -6.151 -6.292 -6.441 -5.882 -6.055 -6.227 -6.347 -6.458 -6.118 -6.261 -6.381 -6.48 -6.648 -6.67 -6.839 -7.03
0.0598 -5.659 -5.61 -5.685 -5.878 -6.02 -6.159 -5.798 -5.9 -6.022 -6.164 -6.305 -6.453 -5.895 -6.068 -6.239 -6.36 -6.471 -6.131 -6.274 -6.394 -6.493 -6.661 -6.683 -6.852 -7.042
0.0612 -5.672 -5.622 -5.697 -5.89 -6.033 -6.172 -5.811 -5.913 -6.035 -6.177 -6.317 -6.466 -5.908 -6.08 -6.252 -6.373 -6.483 -6.144 -6.287 -6.406 -6.505 -6.674 -6.695 -6.865 -7.055
0.0627 -5.685 -5.635 -5.71 -5.903 -6.045 -6.185 -5.824 -5.925 -6.048 -6.19 -6.33 -6.479 -5.92 -6.093 -6.265 -6.385 -6.496 -6.157 -6.299 -6.419 -6.518 -6.686 -6.708 -6.877 -7.068
0.0642 -5.697 -5.648 -5.723 -5.916 -6.058 -6.197 -5.836 -5.938 -6.06 -6.202 -6.343 -6.491 -5.933 -6.106 -6.277 -6.398 -6.509 -6.169 -6.312 -6.432 -6.531 -6.699 -6.721 -6.89 -7.08
0.0657 -5.71 -5.66 -5.735 -5.928 -6.071 -6.21 -5.849 -5.951 -6.073 -6.215 -6.355 -6.504 -5.946 -6.118 -6.29 -6.411 -6.521 -6.182 -6.325 -6.444 -6.543 -6.712 -6.733 -6.903 -7.093
0.0673 -5.723 -5.673 -5.748 -5.941 -6.083 -6.222 -5.862 -5.963 -6.086 -6.228 -6.368 -6.517 -5.958 -6.131 -6.303 -6.423 -6.534 -6.195 -6.337 -6.457 -6.556 -6.724 -6.746 -6.915 -7.106
0.0689 -5.735 -5.686 -5.761 -5.954 -6.096 -6.235 -5.874 -5.976 -6.098 -6.24 -6.381 -6.529 -5.971 -6.144 -6.315 -6.436 -6.547 -6.207 -6.35 -6.47 -6.569 -6.737 -6.759 -6.928 -7.118
0.0706 -5.748 -5.698 -5.773 -5.966 -6.109 -6.248 -5.887 -5.989 -6.111 -6.253 -6.393 -6.542 -5.984 -6.156 -6.328 -6.449 -6.559 -6.22 -6.363 -6.482 -6.581 -6.75 -6.771 -6.941 -7.131
0.0723 -5.761 -5.711 -5.786 -5.979 -6.121 -6.26 -5.9 -6.001 -6.124 -6.266 -6.406 -6.555 -5.996 -6.169 -6.341 -6.461 -6.572 -6.233 -6.375 -6.495 -6.594 -6.762 -6.784 -6.953 -7.144
0.0741 -5.773 -5.724 -5.799 -5.992 -6.134 -6.273 -5.912 -6.014 -6.136 -6.278 -6.419 -6.567 -6.009 -6.182 -6.353 -6.474 -6.585 -6.245 -6.388 -6.508 -6.607 -6.775 -6.797 -6.966 -7.156
0.0758 -5.786 -5.736 -5.811 -6.004 -6.146 -6.286 -5.925 -6.026 -6.149 -6.291 -6.431 -6.58 -6.021 -6.194 -6.366 -6.486 -6.597 -6.258 -6.4 -6.52 -6.619 -6.787 -6.809 -6.978 -7.169
0.0777 -5.794 -5.745 -5.819 -6.012 -6.155 -6.294 -5.933 -6.035 -6.157 -6.299 -6.44 -6.588 -6.03 -6.202 -6.374 -6.495 -6.606 -6.266 -6.409 -6.529 -6.628 -6.796 -6.818 -6.987 -7.177
0.0795 -5.803 -5.753 -5.828 -6.021 -6.163 -6.302 -5.942 -6.043 -6.166 -6.308 -6.448 -6.597 -6.038 -6.211 -6.383 -6.503 -6.614 -6.275 -6.417 -6.537 -6.636 -6.804 -6.826 -6.995 -7.186
0.0815 -5.811 -5.762 -5.836 -6.029 -6.172 -6.311 -5.95 -6.052 -6.174 -6.316 -6.457 -6.605 -6.047 -6.219 -6.391 -6.512 -6.622 -6.283 -6.426 -6.545 -6.644 -6.813 -6.834 -7.004 -7.194
