web/models/grb/offaxis/21/grb_0.2967_26.8270_0.1584893.dat
# %ECSV 1.0
# ---
# datatype:
# - {name: time, datatype: float64}
# - {name: swift_uvot_uvw2, datatype: float64}
# - {name: swift_uvot_uvm2, datatype: float64}
# - {name: swift_uvot_uvw1, datatype: float64}
# - {name: swift_uvot_U, datatype: float64}
# - {name: swift_uvot_B, datatype: float64}
# - {name: swift_uvot_V, datatype: float64}
# - {name: swift_uvot_W, datatype: float64}
# - {name: johnson_U, datatype: float64}
# - {name: johnson_B, datatype: float64}
# - {name: johnson_V, datatype: float64}
# - {name: johnson_R, datatype: float64}
# - {name: johnson_I, datatype: float64}
# - {name: sdss_u, datatype: float64}
# - {name: sdss_g, datatype: float64}
# - {name: sdss_r, datatype: float64}
# - {name: sdss_i, datatype: float64}
# - {name: sdss_z, datatype: float64}
# - {name: PS1_g, datatype: float64}
# - {name: PS1_r, datatype: float64}
# - {name: PS1_i, datatype: float64}
# - {name: PS1_z, datatype: float64}
# - {name: PS1_Y, datatype: float64}
# - {name: PS1_w, datatype: float64}
# - {name: ATLAS_c, datatype: float64}
# - {name: ATLAS_o, datatype: float64}
# - {name: ukirt_J, datatype: float64}
# - {name: ukirt_H, datatype: float64}
# - {name: ukirt_K, datatype: float64}
# - {name: Clear, datatype: float64}
# meta: !!omap
# - comment: [E = 0.011641960487160343, Eta0 = 8.02, GammaB = 12.0, dL = 0.012188, epsb = 6.760829753919819e-06, epse = 0.1, n = 0.15848931924611143,
#     p = 2.15, theta_obs = 0.29670597283903605, xiN = 1.0, z = 0.0, type = grb, E_kiso = 26.826957952797247]
# schema: astropy-2.0
time swift_uvot_uvw2 swift_uvot_uvm2 swift_uvot_uvw1 swift_uvot_U swift_uvot_B swift_uvot_V swift_uvot_W johnson_U johnson_B johnson_V johnson_R johnson_I sdss_u sdss_g sdss_r sdss_i sdss_z PS1_g PS1_r PS1_i PS1_z PS1_Y PS1_w ATLAS_c ATLAS_o ukirt_J ukirt_H ukirt_K Clear
[from data line 398]
131.8769 2.761 2.81 2.735 2.542 2.4 2.261 2.621 2.52 2.397 2.255 2.115 1.966 2.525 2.352 2.18 2.06 1.949 2.288 2.146 2.026 1.927 1.759 2.183 2.278 2.125 1.737 1.568 1.377 2.092
135.0582 2.801 2.85 2.775 2.582 2.44 2.301 2.661 2.56 2.437 2.296 2.155 2.006 2.565 2.392 2.22 2.1 1.989 2.328 2.186 2.066 1.967 1.799 2.223 2.318 2.165 1.777 1.608 1.417 2.132
138.3162 2.841 2.89 2.815 2.622 2.48 2.341 2.702 2.6 2.477 2.336 2.195 2.046 2.605 2.432 2.26 2.14 2.029 2.369 2.226 2.106 2.007 1.839 2.263 2.358 2.205 1.817 1.648 1.457 2.172
141.6528 2.881 2.93 2.855 2.662 2.52 2.381 2.742 2.64 2.517 2.376 2.235 2.087 2.645 2.472 2.3 2.18 2.069 2.409 2.266 2.146 2.047 1.879 2.303 2.398 2.245 1.857 1.688 1.498 2.213
145.0699 2.921 2.97 2.895 2.702 2.56 2.421 2.782 2.68 2.558 2.416 2.275 2.127 2.685 2.512 2.341 2.22 2.109 2.449 2.306 2.186 2.087 1.919 2.343 2.438 2.285 1.897 1.728 1.538 2.253
148.5695 2.961 3.01 2.935 2.742 2.6 2.461 2.822 2.72 2.598 2.456 2.315 2.167 2.725 2.552 2.381 2.26 2.149 2.489 2.346 2.226 2.127 1.959 2.383 2.478 2.325 1.937 1.768 1.578 2.293
152.1534 3.001 3.05 2.975 2.782 2.64 2.501 2.862 2.76 2.638 2.496 2.355 2.207 2.765 2.592 2.421 2.3 2.189 2.529 2.386 2.266 2.167 1.999 2.423 2.518 2.365 1.977 1.808 1.618 2.333
155.8238 3.041 3.09 3.015 2.822 2.68 2.541 2.902 2.8 2.678 2.536 2.395 2.247 2.805 2.633 2.461 2.34 2.229 2.569 2.426 2.306 2.207 2.039 2.463 2.558 2.405 2.017 1.848 1.658 2.373
159.5828 3.081 3.13 3.055 2.863 2.72 2.581 2.942 2.84 2.718 2.576 2.435 2.287 2.845 2.673 2.501 2.38 2.269 2.609 2.466 2.346 2.247 2.079 2.503 2.598 2.445 2.057 1.888 1.698 2.413
163.4324 3.121 3.17 3.096 2.903 2.76 2.621 2.982 2.88 2.758 2.616 2.475 2.327 2.885 2.713 2.541 2.42 2.309 2.649 2.506 2.386 2.287 2.119 2.543 2.638 2.485 2.097 1.928 1.738 2.453
167.375 3.187 3.237 3.162 2.969 2.826 2.687 3.048 2.946 2.824 2.682 2.542 2.393 2.951 2.779 2.607 2.486 2.376 2.715 2.572 2.453 2.354 2.185 2.609 2.704 2.552 2.164 1.994 1.804 2.519
171.4126 3.255 3.304 3.229 3.036 2.894 2.755 3.116 3.014 2.891 2.75 2.609 2.461 3.019 2.846 2.675 2.554 2.443 2.783 2.64 2.52 2.421 2.253 2.677 2.772 2.619 2.231 2.062 1.872 2.587
175.5476 3.322 3.372 3.297 3.104 2.961 2.822 3.183 3.081 2.959 2.817 2.677 2.528 3.086 2.914 2.742 2.621 2.511 2.85 2.708 2.588 2.489 2.32 2.744 2.84 2.687 2.299 2.129 1.939 2.654
179.7823 3.39 3.439 3.364 3.171 3.029 2.89 3.251 3.149 3.027 2.885 2.744 2.596 3.154 2.981 2.81 2.689 2.578 2.918 2.775 2.655 2.556 2.388 2.812 2.907 2.754 2.366 2.197 2.007 2.722
184.1193 3.457 3.507 3.432 3.239 3.097 2.957 3.318 3.217 3.094 2.952 2.812 2.663 3.222 3.049 2.877 2.756 2.646 2.985 2.843 2.723 2.624 2.456 2.879 2.975 2.822 2.434 2.265 2.074 2.789
188.5608 3.525 3.574 3.499 3.306 3.164 3.025 3.386 3.284 3.162 3.02 2.879 2.731 3.289 3.117 2.945 2.824 2.713 3.053 2.91 2.79 2.691 2.523 2.947 3.042 2.889 2.501 2.332 2.142 2.857
193.1095 3.592 3.642 3.567 3.374 3.232 3.092 3.453 3.352 3.229 3.087 2.947 2.798 3.357 3.184 3.012 2.892 2.781 3.12 2.978 2.858 2.759 2.591 3.014 3.11 2.957 2.569 2.4 2.209 2.924
197.7679 3.66 3.709 3.635 3.442 3.299 3.16 3.521 3.419 3.297 3.155 3.014 2.866 3.424 3.252 3.08 2.959 2.848 3.188 3.045 2.925 2.826 2.658 3.082 3.177 3.024 2.636 2.467 2.277 2.992
202.5387 3.727 3.777 3.702 3.509 3.367 3.228 3.588 3.487 3.364 3.222 3.082 2.933 3.492 3.319 3.147 3.027 2.916 3.255 3.113 2.993 2.894 2.726 3.15 3.245 3.092 2.704 2.535 2.344 3.059
207.4245 3.798 3.848 3.773 3.58 3.437 3.298 3.659 3.557 3.435 3.293 3.153 3.004 3.562 3.39 3.218 3.097 2.987 3.326 3.184 3.064 2.965 2.796 3.22 3.315 3.163 2.775 2.605 2.415 3.13
212.4283 3.9 3.949 3.874 3.681 3.539 3.4 3.76 3.659 3.536 3.394 3.254 3.105 3.664 3.491 3.319 3.199 3.088 3.427 3.285 3.165 3.066 2.898 3.322 3.417 3.264 2.876 2.707 2.516 3.231
217.5527 4.001 4.05 3.975 3.782 3.64 3.501 3.862 3.76 3.638 3.496 3.355 3.207 3.765 3.593 3.421 3.3 3.189 3.529 3.386 3.266 3.167 2.999 3.423 3.518 3.365 2.977 2.808 2.618 3.333
222.8008 4.102 4.152 4.077 3.884 3.741 3.602 3.963 3.861 3.739 3.597 3.457 3.308 3.866 3.694 3.522 3.401 3.291 3.63 3.488 3.368 3.269 3.1 3.524 3.619 3.467 3.079 2.909 2.719 3.434
228.1754 4.203 4.253 4.178 3.985 3.843 3.704 4.064 3.963 3.84 3.698 3.558 3.409 3.968 3.795 3.623 3.503 3.392 3.731 3.589 3.469 3.37 3.202 3.626 3.721 3.568 3.18 3.011 2.82 3.535
233.6797 4.305 4.354 4.279 4.086 3.944 3.805 4.166 4.064 3.942 3.8 3.659 3.511 4.069 3.897 3.725 3.604 3.493 3.833 3.69 3.57 3.471 3.303 3.727 3.822 3.669 3.281 3.112 2.922 3.637
239.3168 4.406 4.456 4.381 4.188 4.045 3.906 4.267 4.165 4.043 3.901 3.761 3.612 4.17 3.998 3.826 3.705 3.595 3.934 3.792 3.672 3.573 3.404 3.828 3.923 3.771 3.383 3.213 3.023 3.738
245.0899 4.507 4.557 4.482 4.289 4.147 4.008 4.368 4.267 4.144 4.002 3.862 3.713 4.272 4.099 3.927 3.807 3.696 4.035 3.893 3.773 3.674 3.506 3.93 4.025 3.872 3.484 3.315 3.124 3.839
251.0022 4.609 4.658 4.583 4.39 4.248 4.109 4.47 4.368 4.246 4.104 3.963 3.815 4.373 4.201 4.029 3.908 3.797 4.137 3.994 3.874 3.775 3.607 4.031 4.126 3.973 3.585 3.416 3.226 3.941
257.0572 4.71 4.76 4.685 4.492 4.349 4.21 4.571 4.469 4.347 4.205 4.065 3.916 4.474 4.302 4.13 4.009 3.899 4.238 4.096 3.976 3.877 3.708 4.132 4.227 4.075 3.687 3.517 3.327 4.042
263.2582 4.826 4.876 4.801 4.608 4.466 4.326 4.687 4.586 4.463 4.321 4.181 4.032 4.591 4.418 4.246 4.126 4.015 4.354 4.212 4.092 3.993 3.825 4.248 4.344 4.191 3.803 3.634 3.443 4.158
269.6088 4.99 5.04 4.965 4.772 4.63 4.49 4.851 4.75 4.627 4.485 4.345 4.196 4.755 4.582 4.41 4.29 4.179 4.518 4.376 4.256 4.157 3.989 4.412 4.508 4.355 3.967 3.798 3.607 4.322
276.1126 5.154 5.204 5.129 4.936 4.794 4.654 5.015 4.914 4.791 4.649 4.509 4.36 4.919 4.746 4.574 4.454 4.343 4.682 4.54 4.42 4.321 4.153 4.576 4.672 4.519 4.131 3.962 3.771 4.486
282.7734 5.318 5.368 5.293 5.1 4.958 4.818 5.179 5.078 4.955 4.813 4.673 4.524 5.083 4.91 4.738 4.618 4.507 4.846 4.704 4.584 4.485 4.317 4.74 4.836 4.683 4.295 4.126 3.935 4.65
289.5947 5.482 5.532 5.457 5.264 5.122 4.982 5.343 5.242 5.119 4.977 4.837 4.688 5.247 5.074 4.902 4.782 4.671 5.01 4.868 4.748 4.649 4.481 4.904 5.0 4.847 4.459 4.29 4.099 4.814
296.5807 5.646 5.696 5.621 5.428 5.286 5.146 5.507 5.406 5.283 5.141 5.001 4.852 5.411 5.238 5.066 4.946 4.835 5.174 5.032 4.912 4.813 4.645 5.068 5.164 5.011 4.623 4.454 4.263 4.978
303.7351 5.81 5.86 5.785 5.592 5.45 5.31 5.671 5.57 5.447 5.305 5.165 5.016 5.575 5.402 5.23 5.11 4.999 5.338 5.196 5.076 4.977 4.809 5.233 5.328 5.175 4.787 4.618 4.427 5.142
311.0622 5.974 6.024 5.949 5.756 5.614 5.474 5.835 5.734 5.611 5.469 5.329 5.18 5.739 5.566 5.394 5.274 5.163 5.502 5.36 5.24 5.141 4.973 5.397 5.492 5.339 4.951 4.782 4.591 5.306
318.566 6.138 6.188 6.113 5.92 5.778 5.639 5.999 5.898 5.775 5.633 5.493 5.344 5.903 5.73 5.558 5.438 5.327 5.666 5.524 5.404 5.305 5.137 5.561 5.656 5.503 5.115 4.946 4.755 5.47
326.2508 6.302 6.352 6.277 6.084 5.942 5.803 6.163 6.062 5.939 5.797 5.657 5.508 6.067 5.894 5.722 5.602 5.491 5.83 5.688 5.568 5.469 5.301 5.725 5.82 5.667 5.279 5.11 4.919 5.634
334.121 6.523 6.573 6.498 6.305 6.162 6.023 6.384 6.283 6.16 6.018 5.878 5.729 6.288 6.115 5.943 5.822 5.712 6.051 5.909 5.789 5.69 5.522 5.945 6.041 5.888 5.5 5.331 5.14 5.855
342.181 6.837 6.886 6.811 6.618 6.476 6.337 6.698 6.596 6.474 6.332 6.191 6.043 6.601 6.429 6.257 6.136 6.025 6.365 6.222 6.102 6.003 5.835 6.259 6.354 6.201 5.813 5.644 5.454 6.169
350.4355 7.15 7.2 7.125 6.932 6.79 6.651 7.011 6.91 6.787 6.645 6.505 6.356 6.915 6.742 6.57 6.45 6.339 6.678 6.536 6.416 6.317 6.149 6.573 6.668 6.515 6.127 5.958 5.767 6.482
358.8891 7.464 7.513 7.439 7.246 7.103 6.964 7.325 7.223 7.101 6.959 6.818 6.67 7.228 7.056 6.884 6.763 6.652 6.992 6.849 6.73 6.631 6.462 6.886 6.981 6.828 6.441 6.271 6.081 6.796
367.5467 7.778 7.827 7.752 7.559 7.417 7.278 7.638 7.537 7.414 7.272 7.132 6.983 7.542 7.369 7.197 7.077 6.966 7.305 7.163 7.043 6.944 6.776 7.2 7.295 7.142 6.754 6.585 6.394 7.109
376.4131 8.091 8.141 8.066 7.873 7.73 7.591 7.952 7.85 7.728 7.586 7.446 7.297 7.855 7.683 7.511 7.39 7.28 7.619 7.476 7.357 7.258 7.089 7.513 7.608 7.456 7.068 6.898 6.708 7.423
385.4933 8.405 8.454 8.379 8.186 8.044 7.905 8.266 8.164 8.042 7.9 7.759 7.611 8.169 7.996 7.825 7.704 7.593 7.933 7.79 7.67 7.571 7.403 7.827 7.922 7.769 7.381 7.212 7.022 7.737
394.7926 8.718 8.768 8.693 8.5 8.357 8.218 8.579 8.477 8.355 8.213 8.073 7.924 8.483 8.31 8.138 8.017 7.907 8.246 8.104 7.984 7.885 7.717 8.14 8.236 8.083 7.695 7.525 7.335 8.05
404.3163 9.032 9.081 9.006 8.813 8.671 8.532 8.893 8.791 8.669 8.527 8.386 8.238 8.796 8.624 8.452 8.331 8.22 8.56 8.417 8.297 8.198 8.03 8.454 8.549 8.396 8.008 7.839 7.649 8.364
414.0697 9.345 9.395 9.32 9.127 8.985 8.845 9.206 9.105 8.982 8.84 8.7 8.551 9.11 8.937 8.765 8.645 8.534 8.873 8.731 8.611 8.512 8.344 8.767 8.863 8.71 8.322 8.153 7.962 8.677
424.0583 9.659 9.708 9.634 9.441 9.298 9.159 9.52 9.418 9.296 9.154 9.013 8.865 9.423 9.251 9.079 8.958 8.847 9.187 9.044 8.924 8.825 8.657 9.081 9.176 9.023 8.636 8.466 8.276 8.991
434.2879 9.973 10.022 9.947 9.754 9.612 9.473 9.833 9.732 9.609 9.467 9.327 9.178 9.737 9.564 9.392 9.272 9.161 9.5 9.358 9.238 9.139 8.971 9.395 9.49 9.337 8.949 8.78 8.589 9.304
444.7643 10.286 10.336 10.261 10.068 9.925 9.786 10.147 10.045 9.923 9.781 9.641 9.492 10.05 9.878 9.706 9.585 9.475 9.814 9.671 9.552 9.453 9.284 9.708 9.803 9.651 9.263 9.093 8.903 9.618
455.4934 10.6 10.649 10.574 10.381 10.239 10.1 10.461 10.359 10.236 10.095 9.954 9.806 10.364 10.191 10.02 9.899 9.788 10.128 9.985 9.865 9.766 9.598 10.022 10.117 9.964 9.576 9.407 9.217 9.932
466.4814 10.913 10.963 10.888 10.695 10.552 10.413 10.774 10.672 10.55 10.408 10.268 10.119 10.677 10.505 10.333 10.212 10.102 10.441 10.299 10.179 10.08 9.911 10.335 10.431 10.278 9.89 9.72 9.53 10.245
477.7344 11.227 11.276 11.201 11.008 10.866 10.727 11.088 10.986 10.864 10.722 10.581 10.433 10.991 10.818 10.647 10.526 10.415 10.755 10.612 10.492 10.393 10.225 10.649 10.744 10.591 10.203 10.034 9.844 10.559
489.2588 11.54 11.59 11.515 11.322 11.18 11.04 11.401 11.3 11.177 11.035 10.895 10.746 11.305 11.132 10.96 10.84 10.729 11.068 10.926 10.806 10.707 10.539 10.962 11.058 10.905 10.517 10.348 10.157 10.872
501.0613 11.854 11.903 11.829 11.636 11.493 11.354 11.715 11.613 11.491 11.349 11.208 11.06 11.618 11.446 11.274 11.153 11.042 11.382 11.239 11.119 11.02 10.852 11.276 11.371 11.218 10.83 10.661 10.471 11.186
513.1485 12.167 12.217 12.142 11.949 11.807 11.668 12.028 11.927 11.804 11.662 11.522 11.373 11.932 11.759 11.587 11.467 11.356 11.695 11.553 11.433 11.334 11.166 11.59 11.685 11.532 11.144 10.975 10.784 11.499
525.5272 12.481 12.53 12.456 12.263 12.12 11.981 12.342 12.24 12.118 11.976 11.836 11.687 12.245 12.073 11.901 11.78 11.67 12.009 11.866 11.747 11.648 11.479 11.903 11.998 11.846 11.458 11.288 11.098 11.813
538.2046 12.795 12.844 12.769 12.576 12.434 12.295 12.656 12.554 12.431 12.29 12.149 12.001 12.559 12.386 12.214 12.094 11.983 12.323 12.18 12.06 11.961 11.793 12.217 12.312 12.159 11.771 11.602 11.412 12.126
551.1878 13.108 13.158 13.083 12.89 12.747 12.608 12.969 12.867 12.745 12.603 12.463 12.314 12.872 12.7 12.528 12.407 12.297 12.636 12.494 12.374 12.275 12.106 12.53 12.625 12.473 12.085 11.915 11.725 12.44
564.4842 13.422 13.471 13.396 13.203 13.061 12.922 13.283 13.181 13.059 12.917 12.776 12.628 13.186 13.013 12.842 12.721 12.61 12.95 12.807 12.687 12.588 12.42 12.844 12.939 12.786 12.398 12.229 12.039 12.754
578.1013 13.735 13.785 13.71 13.517 13.375 13.235 13.596 13.495 13.372 13.23 13.09 12.941 13.5 13.327 13.155 13.034 12.924 13.263 13.121 13.001 12.902 12.734 13.157 13.253 13.1 12.712 12.543 12.352 13.067
592.0469 14.049 14.098 14.023 13.831 13.688 13.549 13.91 13.808 13.686 13.544 13.403 13.255 13.813 13.641 13.469 13.348 13.237 13.577 13.434 13.314 13.215 13.047 13.471 13.566 13.413 13.025 12.856 12.666 13.381
606.329 14.362 14.412 14.337 14.144 14.002 13.863 14.223 14.122 13.999 13.857 13.717 13.568 14.127 13.954 13.782 13.662 13.551 13.89 13.748 13.628 13.529 13.361 13.785 13.88 13.727 13.339 13.17 12.979 13.694
620.9555 14.676 14.725 14.651 14.458 14.315 14.176 14.537 14.435 14.313 14.171 14.03 13.882 14.44 14.268 14.096 13.975 13.865 14.204 14.061 13.942 13.843 13.674 14.098 14.193 14.041 13.653 13.483 13.293 14.008
635.9349 14.99 15.039 14.964 14.771 14.629 14.49 14.851 14.749 14.626 14.485 14.344 14.195 14.754 14.581 14.409 14.289 14.178 14.518 14.375 14.255 14.156 13.988 14.412 14.507 14.354 13.966 13.797 13.606 14.321
651.2757 15.303 15.353 15.278 15.085 14.942 14.803 15.164 15.062 14.94 14.798 14.658 14.509 15.067 14.895 14.723 14.602 14.492 14.831 14.689 14.569 14.47 14.301 14.725 14.82 14.668 14.28 14.11 13.92 14.635
666.9865 15.617 15.666 15.591 15.398 15.256 15.117 15.478 15.376 15.254 15.112 14.971 14.823 15.381 15.208 15.037 14.916 14.805 15.145 15.002 14.882 14.783 14.615 15.039 15.134 14.981 14.593 14.424 14.234 14.949
683.0763 15.93 15.98 15.905 15.712 15.57 15.43 15.791 15.69 15.567 15.425 15.285 15.136 15.695 15.522 15.35 15.229 15.119 15.458 15.316 15.196 15.097 14.929 15.352 15.448 15.295 14.907 14.738 14.547 15.262
699.5543 16.244 16.293 16.218 16.025 15.883 15.744 16.105 16.003 15.881 15.739 15.598 15.45 16.008 15.836 15.664 15.543 15.432 15.772 15.629 15.509 15.41 15.242 15.666 15.761 15.608 15.22 15.051 14.861 15.576
716.4297 16.557 16.607 16.532 16.339 16.197 16.058 16.418 16.317 16.194 16.052 15.912 15.763 16.322 16.149 15.977 15.857 15.746 16.085 15.943 15.823 15.724 15.556 15.98 16.075 15.922 15.534 15.365 15.174 15.889
733.7123 16.871 16.92 16.846 16.653 16.51 16.371 16.732 16.63 16.508 16.366 16.225 16.077 16.635 16.463 16.291 16.17 16.06 16.399 16.256 16.137 16.038 15.869 16.293 16.388 16.236 15.848 15.678 15.488 16.203
751.4117 17.185 17.234 17.159 16.966 16.824 16.685 17.045 16.944 16.821 16.68 16.539 16.39 16.949 16.776 16.604 16.484 16.373 16.713 16.57 16.45 16.351 16.183 16.607 16.702 16.549 16.161 15.992 15.801 16.516
769.5381 17.498 17.548 17.473 17.28 17.137 16.998 17.359 17.257 17.135 16.993 16.853 16.704 17.262 17.09 16.918 16.797 16.687 17.026 16.884 16.764 16.665 16.496 16.92 17.015 16.863 16.475 16.305 16.115 16.83
788.1018 17.812 17.861 17.786 17.593 17.451 17.312 17.673 17.571 17.449 17.307 17.166 17.018 17.576 17.403 17.232 17.111 17.0 17.34 17.197 17.077 16.978 16.81 17.234 17.329 17.176 16.788 16.619 16.429 17.144
807.1133 18.125 18.175 18.1 17.907 17.764 17.625 17.986 17.885 17.762 17.62 17.48 17.331 17.89 17.717 17.545 17.424 17.314 17.653 17.511 17.391 17.292 17.124 17.547 17.643 17.49 17.102 16.932 16.742 17.457
826.5834 18.439 18.488 18.413 18.22 18.078 17.939 18.3 18.198 18.076 17.934 17.793 17.645 18.203 18.031 17.859 17.738 17.627 17.967 17.824 17.704 17.605 17.437 17.861 17.956 17.803 17.415 17.246 17.056 17.771
846.5232 18.752 18.802 18.727 18.534 18.392 18.253 18.613 18.512 18.389 18.247 18.107 17.958 18.517 18.344 18.172 18.052 17.941 18.28 18.138 18.018 17.919 17.751 18.175 18.27 18.117 17.729 17.56 17.369 18.084
866.944 19.066 19.115 19.041 18.848 18.705 18.566 18.927 18.825 18.703 18.561 18.42 18.272 18.83 18.658 18.486 18.365 18.254 18.594 18.451 18.332 18.232 18.064 18.488 18.583 18.43 18.043 17.873 17.683 18.398
887.8575 19.38 19.429 19.354 19.161 19.019 18.88 19.24 19.139 19.016 18.874 18.734 18.585 19.144 18.971 18.799 18.679 18.568 18.907 18.765 18.645 18.546 18.378 18.802 18.897 18.744 18.356 18.187 17.996 18.711
909.2754 19.693 19.743 19.668 19.475 19.332 19.193 19.554 19.452 19.33 19.188 19.048 18.899 19.457 19.285 19.113 18.992 18.882 19.221 19.078 18.959 18.86 18.691 19.115 19.21 19.058 18.67 18.5 18.31 19.025
931.21 20.007 20.056 19.981 19.788 19.646 19.507 19.868 19.766 19.643 19.502 19.361 19.213 19.771 19.598 19.427 19.306 19.195 19.535 19.392 19.272 19.173 19.005 19.429 19.524 19.371 18.983 18.814 18.624 19.339
