web/models/grb/offaxis/21/grb_0.2967_0.0373_10.0000000.dat
# %ECSV 1.0
# ---
# datatype:
# - {name: time, datatype: float64}
# - {name: swift_uvot_uvw2, datatype: float64}
# - {name: swift_uvot_uvm2, datatype: float64}
# - {name: swift_uvot_uvw1, datatype: float64}
# - {name: swift_uvot_U, datatype: float64}
# - {name: swift_uvot_B, datatype: float64}
# - {name: swift_uvot_V, datatype: float64}
# - {name: swift_uvot_W, datatype: float64}
# - {name: johnson_U, datatype: float64}
# - {name: johnson_B, datatype: float64}
# - {name: johnson_V, datatype: float64}
# - {name: johnson_R, datatype: float64}
# - {name: johnson_I, datatype: float64}
# - {name: sdss_u, datatype: float64}
# - {name: sdss_g, datatype: float64}
# - {name: sdss_r, datatype: float64}
# - {name: sdss_i, datatype: float64}
# - {name: sdss_z, datatype: float64}
# - {name: PS1_g, datatype: float64}
# - {name: PS1_r, datatype: float64}
# - {name: PS1_i, datatype: float64}
# - {name: PS1_z, datatype: float64}
# - {name: PS1_Y, datatype: float64}
# - {name: PS1_w, datatype: float64}
# - {name: ATLAS_c, datatype: float64}
# - {name: ATLAS_o, datatype: float64}
# - {name: ukirt_J, datatype: float64}
# - {name: ukirt_H, datatype: float64}
# - {name: ukirt_K, datatype: float64}
# - {name: Clear, datatype: float64}
# meta: !!omap
# - comment: [E = 1.6176451642579403e-05, Eta0 = 8.02, GammaB = 12.0, dL = 0.012188, epsb = 6.760829753919819e-06, epse = 0.1, n = 10.0,
#     p = 2.15, theta_obs = 0.29670597283903605, xiN = 1.0, z = 0.0, type = grb, E_kiso = 0.0372759372031494]
# schema: astropy-2.0
time swift_uvot_uvw2 swift_uvot_uvm2 swift_uvot_uvw1 swift_uvot_U swift_uvot_B swift_uvot_V swift_uvot_W johnson_U johnson_B johnson_V johnson_R johnson_I sdss_u sdss_g sdss_r sdss_i sdss_z PS1_g PS1_r PS1_i PS1_z PS1_Y PS1_w ATLAS_c ATLAS_o ukirt_J ukirt_H ukirt_K Clear
[from data line 410]
175.5476 48.678 48.727 48.652 48.459 48.317 48.178 48.539 48.437 48.314 48.173 48.032 47.884 48.442 48.269 48.097 47.977 47.866 48.206 48.063 47.943 47.844 47.676 48.1 48.195 48.042 47.654 47.485 47.295 48.01
179.7823 48.991 49.041 48.966 48.773 48.63 48.491 48.852 48.75 48.628 48.486 48.346 48.197 48.755 48.583 48.411 48.29 48.18 48.519 48.377 48.257 48.158 47.989 48.413 48.509 48.356 47.968 47.798 47.608 48.323
184.1193 49.305 49.354 49.279 49.086 48.944 48.805 49.166 49.064 48.942 48.8 48.659 48.511 49.069 48.896 48.725 48.604 48.493 48.833 48.69 48.57 48.471 48.303 48.727 48.822 48.669 48.281 48.112 47.922 48.637
188.5608 49.618 49.668 49.593 49.4 49.258 49.118 49.479 49.378 49.255 49.113 48.973 48.824 49.383 49.21 49.038 48.917 48.807 49.146 49.004 48.884 48.785 48.617 49.04 49.136 48.983 48.595 48.426 48.235 48.95
193.1095 49.932 49.981 49.907 49.714 49.571 49.432 49.793 49.691 49.569 49.427 49.286 49.138 49.696 49.524 49.352 49.231 49.12 49.46 49.317 49.197 49.098 48.93 49.354 49.449 49.296 48.908 48.739 48.549 49.264
197.7679 50.245 50.295 50.22 50.027 49.885 49.746 50.106 50.005 49.882 49.74 49.6 49.451 50.01 49.837 49.665 49.545 49.434 49.773 49.631 49.511 49.412 49.244 49.668 49.763 49.61 49.222 49.053 48.862 49.577
202.5387 50.559 50.608 50.534 50.341 50.198 50.059 50.42 50.318 50.196 50.054 49.914 49.765 50.323 50.151 49.979 49.858 49.748 50.087 49.944 49.825 49.726 49.557 49.981 50.076 49.924 49.536 49.366 49.176 49.891
207.4245 50.873 50.922 50.847 50.654 50.512 50.373 50.734 50.632 50.509 50.368 50.227 50.079 50.637 50.464 50.292 50.172 50.061 50.401 50.258 50.138 50.039 49.871 50.295 50.39 50.237 49.849 49.68 49.489 50.204
212.4283 51.186 51.236 51.161 50.968 50.825 50.686 51.047 50.945 50.823 50.681 50.541 50.392 50.95 50.778 50.606 50.485 50.375 50.714 50.572 50.452 50.353 50.184 50.608 50.703 50.551 50.163 49.993 49.803 50.518
217.5527 51.5 51.549 51.474 51.281 51.139 51.0 51.361 51.259 51.137 50.995 50.854 50.706 51.264 51.091 50.92 50.799 50.688 51.028 50.885 50.765 50.666 50.498 50.922 51.017 50.864 50.476 50.307 50.117 50.832
222.8008 51.813 51.863 51.788 51.595 51.453 51.313 51.674 51.573 51.45 51.308 51.168 51.019 51.578 51.405 51.233 51.112 51.002 51.341 51.199 51.079 50.98 50.812 51.235 51.331 51.178 50.79 50.621 50.43 51.145
228.1754 52.127 52.176 52.101 51.909 51.766 51.627 51.988 51.886 51.764 51.622 51.481 51.333 51.891 51.719 51.547 51.426 51.315 51.655 51.512 51.392 51.293 51.125 51.549 51.644 51.491 51.103 50.934 50.744 51.459
233.6797 52.44 52.49 52.415 52.222 52.08 51.941 52.301 52.2 52.077 51.935 51.795 51.646 52.205 52.032 51.86 51.74 51.629 51.968 51.826 51.706 51.607 51.439 51.863 51.958 51.805 51.417 51.248 51.057 51.772
239.3168 52.754 52.803 52.729 52.536 52.393 52.254 52.615 52.513 52.391 52.249 52.108 51.96 52.518 52.346 52.174 52.053 51.943 52.282 52.139 52.02 51.921 51.752 52.176 52.271 52.119 51.731 51.561 51.371 52.086
245.0899 53.068 53.117 53.042 52.849 52.707 52.568 52.928 52.827 52.704 52.563 52.422 52.273 52.832 52.659 52.487 52.367 52.256 52.596 52.453 52.333 52.234 52.066 52.49 52.585 52.432 52.044 51.875 51.684 52.399
251.0022 53.381 53.431 53.356 53.163 53.02 52.881 53.242 53.14 53.018 52.876 52.736 52.587 53.145 52.973 52.801 52.68 52.57 52.909 52.767 52.647 52.548 52.379 52.803 52.898 52.746 52.358 52.188 51.998 52.713
257.0572 53.695 53.744 53.669 53.476 53.334 53.195 53.556 53.454 53.332 53.19 53.049 52.901 53.459 53.286 53.115 52.994 52.883 53.223 53.08 52.96 52.861 52.693 53.117 53.212 53.059 52.671 52.502 52.312 53.027
263.2582 54.008 54.058 53.983 53.79 53.648 53.508 53.869 53.768 53.645 53.503 53.363 53.214 53.773 53.6 53.428 53.307 53.197 53.536 53.394 53.274 53.175 53.007 53.43 53.526 53.373 52.985 52.816 52.625 53.34
269.6088 54.322 54.371 54.296 54.103 53.961 53.822 54.183 54.081 53.959 53.817 53.676 53.528 54.086 53.914 53.742 53.621 53.51 53.85 53.707 53.587 53.488 53.32 53.744 53.839 53.686 53.298 53.129 52.939 53.654
276.1126 54.635 54.685 54.61 54.417 54.275 54.136 54.496 54.395 54.272 54.13 53.99 53.841 54.4 54.227 54.055 53.935 53.824 54.163 54.021 53.901 53.802 53.634 54.058 54.153 54.0 53.612 53.443 53.252 53.967
282.7734 54.949 54.998 54.924 54.731 54.588 54.449 54.81 54.708 54.586 54.444 54.303 54.155 54.713 54.541 54.369 54.248 54.138 54.477 54.334 54.215 54.116 53.947 54.371 54.466 54.314 53.926 53.756 53.566 54.281
289.5947 55.263 55.312 55.237 55.044 54.902 54.763 55.123 55.022 54.899 54.758 54.617 54.468 55.027 54.854 54.682 54.562 54.451 54.791 54.648 54.528 54.429 54.261 54.685 54.78 54.627 54.239 54.07 53.879 54.594
296.5807 55.576 55.626 55.551 55.358 55.215 55.076 55.437 55.335 55.213 55.071 54.931 54.782 55.34 55.168 54.996 54.875 54.765 55.104 54.962 54.842 54.743 54.574 54.998 55.093 54.941 54.553 54.383 54.193 54.908
303.7351 55.89 55.939 55.864 55.671 55.529 55.39 55.751 55.649 55.527 55.385 55.244 55.096 55.654 55.481 55.31 55.189 55.078 55.418 55.275 55.155 55.056 54.888 55.312 55.407 55.254 54.866 54.697 54.507 55.222
311.0622 56.203 56.253 56.178 55.985 55.842 55.703 56.064 55.963 55.84 55.698 55.558 55.409 55.968 55.795 55.623 55.502 55.392 55.731 55.589 55.469 55.37 55.202 55.625 55.721 55.568 55.18 55.01 54.82 55.535
318.566 56.517 56.566 56.491 56.298 56.156 56.017 56.378 56.276 56.154 56.012 55.871 55.723 56.281 56.109 55.937 55.816 55.705 56.045 55.902 55.782 55.683 55.515 55.939 56.034 55.881 55.493 55.324 55.134 55.849
326.2508 56.83 56.88 56.805 56.612 56.47 56.33 56.691 56.59 56.467 56.325 56.185 56.036 56.595 56.422 56.25 56.13 56.019 56.358 56.216 56.096 55.997 55.829 56.253 56.348 56.195 55.807 55.638 55.447 56.162
334.121 57.144 57.193 57.119 56.926 56.783 56.644 57.005 56.903 56.781 56.639 56.498 56.35 56.908 56.736 56.564 56.443 56.332 56.672 56.529 56.41 56.31 56.142 56.566 56.661 56.508 56.121 55.951 55.761 56.476
342.181 57.458 57.507 57.432 57.239 57.097 56.958 57.318 57.217 57.094 56.952 56.812 56.663 57.222 57.049 56.877 56.757 56.646 56.985 56.843 56.723 56.624 56.456 56.88 56.975 56.822 56.434 56.265 56.074 56.789
350.4355 57.771 57.821 57.746 57.553 57.41 57.271 57.632 57.53 57.408 57.266 57.126 56.977 57.535 57.363 57.191 57.07 56.96 57.299 57.156 57.037 56.938 56.769 57.193 57.288 57.136 56.748 56.578 56.388 57.103
358.8891 58.085 58.134 58.059 57.866 57.724 57.585 57.946 57.844 57.721 57.58 57.439 57.291 57.849 57.676 57.505 57.384 57.273 57.613 57.47 57.35 57.251 57.083 57.507 57.602 57.449 57.061 56.892 56.702 57.417
367.5467 58.398 58.448 58.373 58.18 58.037 57.898 58.259 58.157 58.035 57.893 57.753 57.604 58.163 57.99 57.818 57.697 57.587 57.926 57.784 57.664 57.565 57.396 57.82 57.916 57.763 57.375 57.205 57.015 57.73
376.4131 58.712 58.761 58.686 58.493 58.351 58.212 58.573 58.471 58.349 58.207 58.066 57.918 58.476 58.303 58.132 58.011 57.9 58.24 58.097 57.977 57.878 57.71 58.134 58.229 58.076 57.688 57.519 57.329 58.044
385.4933 59.025 59.075 59.0 58.807 58.665 58.525 58.886 58.785 58.662 58.52 58.38 58.231 58.79 58.617 58.445 58.325 58.214 58.553 58.411 58.291 58.192 58.024 58.447 58.543 58.39 58.002 57.833 57.642 58.357
394.7926 59.339 59.388 59.314 59.121 58.978 58.839 59.2 59.098 58.976 58.834 58.693 58.545 59.103 58.931 58.759 58.638 58.527 58.867 58.724 58.604 58.505 58.337 58.761 58.856 58.703 58.315 58.146 57.956 58.671
404.3163 59.652 59.702 59.627 59.434 59.292 59.153 59.513 59.412 59.289 59.147 59.007 58.858 59.417 59.244 59.072 58.952 58.841 59.18 59.038 58.918 58.819 58.651 59.075 59.17 59.017 58.629 58.46 58.269 58.984
414.0697 59.966 60.016 59.941 59.748 59.605 59.466 59.827 59.725 59.603 59.461 59.321 59.172 59.73 59.558 59.386 59.265 59.155 59.494 59.351 59.232 59.133 58.964 59.388 59.483 59.331 58.943 58.773 58.583 59.298
424.0583 60.28 60.329 60.254 60.061 59.919 59.78 60.141 60.039 59.916 59.775 59.634 59.486 60.044 59.871 59.699 59.579 59.468 59.808 59.665 59.545 59.446 59.278 59.702 59.797 59.644 59.256 59.087 58.897 59.612
434.2879 60.593 60.643 60.568 60.375 60.232 60.093 60.454 60.352 60.23 60.088 59.948 59.799 60.357 60.185 60.013 59.892 59.782 60.121 59.979 59.859 59.76 59.591 60.015 60.111 59.958 59.57 59.4 59.21 59.925
444.7643 60.907 60.956 60.881 60.688 60.546 60.407 60.768 60.666 60.544 60.402 60.261 60.113 60.671 60.498 60.327 60.206 60.095 60.435 60.292 60.172 60.073 59.905 60.329 60.424 60.271 59.883 59.714 59.524 60.239
455.4934 61.22 61.27 61.195 61.002 60.86 60.72 61.081 60.98 60.857 60.715 60.575 60.426 60.985 60.812 60.64 60.519 60.409 60.748 60.606 60.486 60.387 60.219 60.642 60.738 60.585 60.197 60.028 59.837 60.552
466.4814 61.534 61.583 61.508 61.316 61.173 61.034 61.395 61.293 61.171 61.029 60.888 60.74 61.298 61.126 60.954 60.833 60.722 61.062 60.919 60.799 60.7 60.532 60.956 61.051 60.898 60.51 60.341 60.151 60.866
477.7344 61.847 61.897 61.822 61.629 61.487 61.348 61.708 61.607 61.484 61.342 61.202 61.053 61.612 61.439 61.267 61.147 61.036 61.375 61.233 61.113 61.014 60.846 61.27 61.365 61.212 60.824 60.655 60.464 61.179
489.2588 62.161 62.21 62.136 61.943 61.8 61.661 62.022 61.92 61.798 61.656 61.516 61.367 61.925 61.753 61.581 61.46 61.35 61.689 61.546 61.427 61.328 61.159 61.583 61.678 61.526 61.138 60.968 60.778 61.493
501.0613 62.475 62.524 62.449 62.256 62.114 61.975 62.336 62.234 62.111 61.97 61.829 61.681 62.239 62.066 61.894 61.774 61.663 62.003 61.86 61.74 61.641 61.473 61.897 61.992 61.839 61.451 61.282 61.091 61.806
513.1485 62.788 62.838 62.763 62.57 62.427 62.288 62.649 62.547 62.425 62.283 62.143 61.994 62.552 62.38 62.208 62.087 61.977 62.316 62.174 62.054 61.955 61.786 62.21 62.305 62.153 61.765 61.595 61.405 62.12
525.5272 63.102 63.151 63.076 62.883 62.741 62.602 62.963 62.861 62.739 62.597 62.456 62.308 62.866 62.693 62.522 62.401 62.29 62.63 62.487 62.367 62.268 62.1 62.524 62.619 62.466 62.078 61.909 61.719 62.434
538.2046 63.415 63.465 63.39 63.197 63.055 62.915 63.276 63.175 63.052 62.91 62.77 62.621 63.18 63.007 62.835 62.714 62.604 62.943 62.801 62.681 62.582 62.414 62.837 62.933 62.78 62.392 62.223 62.032 62.747
551.1878 63.729 63.778 63.703 63.511 63.368 63.229 63.59 63.488 63.366 63.224 63.083 62.935 63.493 63.321 63.149 63.028 62.917 63.257 63.114 62.994 62.895 62.727 63.151 63.246 63.093 62.705 62.536 62.346 63.061
564.4842 64.042 64.092 64.017 63.824 63.682 63.543 63.903 63.802 63.679 63.537 63.397 63.248 63.807 63.634 63.462 63.342 63.231 63.57 63.428 63.308 63.209 63.041 63.465 63.56 63.407 63.019 62.85 62.659 63.374
578.1013 64.356 64.405 64.331 64.138 63.995 63.856 64.217 64.115 63.993 63.851 63.71 63.562 64.12 63.948 63.776 63.655 63.545 63.884 63.741 63.622 63.523 63.354 63.778 63.873 63.721 63.333 63.163 62.973 63.688
592.0469 64.67 64.719 64.644 64.451 64.309 64.17 64.53 64.429 64.306 64.165 64.024 63.875 64.434 64.261 64.089 63.969 63.858 64.198 64.055 63.935 63.836 63.668 64.092 64.187 64.034 63.646 63.477 63.286 64.001
606.329 64.983 65.033 64.958 64.765 64.622 64.483 64.844 64.742 64.62 64.478 64.338 64.189 64.747 64.575 64.403 64.282 64.172 64.511 64.369 64.249 64.15 63.981 64.405 64.5 64.348 63.96 63.79 63.6 64.315
620.9555 65.297 65.346 65.271 65.078 64.936 64.797 65.158 65.056 64.934 64.792 64.651 64.503 65.061 64.888 64.717 64.596 64.485 64.825 64.682 64.562 64.463 64.295 64.719 64.814 64.661 64.273 64.104 63.914 64.629
635.9349 65.61 65.66 65.585 65.392 65.25 65.11 65.471 65.37 65.247 65.105 64.965 64.816 65.375 65.202 65.03 64.909 64.799 65.138 64.996 64.876 64.777 64.609 65.032 65.128 64.975 64.587 64.418 64.227 64.942
651.2757 65.924 65.973 65.898 65.705 65.563 65.424 65.785 65.683 65.561 65.419 65.278 65.13 65.688 65.516 65.344 65.223 65.112 65.452 65.309 65.189 65.09 64.922 65.346 65.441 65.288 64.9 64.731 64.541 65.256
666.9865 66.237 66.287 66.212 66.019 65.877 65.738 66.098 65.997 65.874 65.732 65.592 65.443 66.002 65.829 65.657 65.537 65.426 65.765 65.623 65.503 65.404 65.236 65.66 65.755 65.602 65.214 65.045 64.854 65.569
683.0763 66.551 66.6 66.526 66.333 66.19 66.051 66.412 66.31 66.188 66.046 65.905 65.757 66.315 66.143 65.971 65.85 65.739 66.079 65.936 65.817 65.718 65.549 65.973 66.068 65.915 65.528 65.358 65.168 65.883
699.5543 66.865 66.914 66.839 66.646 66.504 66.365 66.725 66.624 66.501 66.359 66.219 66.07 66.629 66.456 66.284 66.164 66.053 66.392 66.25 66.13 66.031 65.863 66.287 66.382 66.229 65.841 65.672 65.481 66.196
716.4297 67.178 67.228 67.153 66.96 66.817 66.678 67.039 66.937 66.815 66.673 66.533 66.384 66.942 66.77 66.598 66.477 66.367 66.706 66.563 66.444 66.345 66.176 66.6 66.695 66.543 66.155 65.985 65.795 66.51
733.7123 67.492 67.541 67.466 67.273 67.131 66.992 67.353 67.251 67.129 66.987 66.846 66.698 67.256 67.083 66.912 66.791 66.68 67.02 66.877 66.757 66.658 66.49 66.914 67.009 66.856 66.468 66.299 66.109 66.824
751.4117 67.805 67.855 67.78 67.587 67.444 67.305 67.666 67.565 67.442 67.3 67.16 67.011 67.57 67.397 67.225 67.104 66.994 67.333 67.191 67.071 66.972 66.804 67.227 67.323 67.17 66.782 66.612 66.422 67.137
769.5381 68.119 68.168 68.093 67.9 67.758 67.619 67.98 67.878 67.756 67.614 67.473 67.325 67.883 67.711 67.539 67.418 67.307 67.647 67.504 67.384 67.285 67.117 67.541 67.636 67.483 67.095 66.926 66.736 67.451
788.1018 68.432 68.482 68.407 68.214 68.072 67.932 68.293 68.192 68.069 67.927 67.787 67.638 68.197 68.024 67.852 67.732 67.621 67.96 67.818 67.698 67.599 67.431 67.854 67.95 67.797 67.409 67.24 67.049 67.764
807.1133 68.746 68.795 68.721 68.528 68.385 68.246 68.607 68.505 68.383 68.241 68.1 67.952 68.51 68.338 68.166 68.045 67.934 68.274 68.131 68.012 67.912 67.744 68.168 68.263 68.11 67.723 67.553 67.363 68.078
826.5834 69.06 69.109 69.034 68.841 68.699 68.56 68.92 68.819 68.696 68.554 68.414 68.265 68.824 68.651 68.479 68.359 68.248 68.587 68.445 68.325 68.226 68.058 68.482 68.577 68.424 68.036 67.867 67.676 68.391
846.5232 69.373 69.423 69.348 69.155 69.012 68.873 69.234 69.132 69.01 68.868 68.728 68.579 69.137 68.965 68.793 68.672 68.562 68.901 68.758 68.639 68.54 68.371 68.795 68.89 68.738 68.35 68.18 67.99 68.705
866.944 69.687 69.736 69.661 69.468 69.326 69.187 69.548 69.446 69.323 69.182 69.041 68.893 69.451 69.278 69.107 68.986 68.875 69.215 69.072 68.952 68.853 68.685 69.109 69.204 69.051 68.663 68.494 68.304 69.019
887.8575 70.0 70.05 69.975 69.782 69.639 69.5 69.861 69.759 69.637 69.495 69.355 69.206 69.765 69.592 69.42 69.299 69.189 69.528 69.386 69.266 69.167 68.998 69.422 69.518 69.365 68.977 68.807 68.617 69.332
909.2754 70.314 70.363 70.288 70.095 69.953 69.814 70.175 70.073 69.951 69.809 69.668 69.52 70.078 69.905 69.734 69.613 69.502 69.842 69.699 69.579 69.48 69.312 69.736 69.831 69.678 69.29 69.121 68.931 69.646
931.21 70.627 70.677 70.602 70.409 70.267 70.127 70.488 70.387 70.264 70.122 69.982 69.833 70.392 70.219 70.047 69.927 69.816 70.155 70.013 69.893 69.794 69.626 70.049 70.145 69.992 69.604 69.435 69.244 69.959
953.6737 70.941 70.99 70.916 70.723 70.58 70.441 70.802 70.7 70.578 70.436 70.295 70.147 70.705 70.533 70.361 70.24 70.129 70.469 70.326 70.206 70.107 69.939 70.363 70.458 70.305 69.917 69.748 69.558 70.273
976.6793 71.254 71.304 71.229 71.036 70.894 70.755 71.115 71.014 70.891 70.749 70.609 70.46 71.019 70.846 70.674 70.554 70.443 70.782 70.64 70.52 70.421 70.253 70.677 70.772 70.619 70.231 70.062 69.871 70.586
1000.2399 71.568 71.617 71.543 71.35 71.207 71.068 71.429 71.327 71.205 71.063 70.923 70.774 71.332 71.16 70.988 70.867 70.757 71.096 70.953 70.834 70.735 70.566 70.99 71.085 70.933 70.545 70.375 70.185 70.9
1024.3688 71.882 71.931 71.856 71.663 71.521 71.382 71.743 71.641 71.518 71.377 71.236 71.088 71.646 71.473 71.301 71.181 71.07 71.41 71.267 71.147 71.048 70.88 71.304 71.399 71.246 70.858 70.689 70.499 71.214
1049.0798 72.195 72.245 72.17 71.977 71.834 71.695 72.056 71.954 71.832 71.69 71.55 71.401 71.959 71.787 71.615 71.494 71.384 71.723 71.581 71.461 71.362 71.193 71.617 71.712 71.56 71.172 71.002 70.812 71.527
