web/models/grb/offaxis/21/grb_0.2967_19.3070_0.3981072.dat
# %ECSV 1.0
# ---
# datatype:
# - {name: time, datatype: float64}
# - {name: swift_uvot_uvw2, datatype: float64}
# - {name: swift_uvot_uvm2, datatype: float64}
# - {name: swift_uvot_uvw1, datatype: float64}
# - {name: swift_uvot_U, datatype: float64}
# - {name: swift_uvot_B, datatype: float64}
# - {name: swift_uvot_V, datatype: float64}
# - {name: swift_uvot_W, datatype: float64}
# - {name: johnson_U, datatype: float64}
# - {name: johnson_B, datatype: float64}
# - {name: johnson_V, datatype: float64}
# - {name: johnson_R, datatype: float64}
# - {name: johnson_I, datatype: float64}
# - {name: sdss_u, datatype: float64}
# - {name: sdss_g, datatype: float64}
# - {name: sdss_r, datatype: float64}
# - {name: sdss_i, datatype: float64}
# - {name: sdss_z, datatype: float64}
# - {name: PS1_g, datatype: float64}
# - {name: PS1_r, datatype: float64}
# - {name: PS1_i, datatype: float64}
# - {name: PS1_z, datatype: float64}
# - {name: PS1_Y, datatype: float64}
# - {name: PS1_w, datatype: float64}
# - {name: ATLAS_c, datatype: float64}
# - {name: ATLAS_o, datatype: float64}
# - {name: ukirt_J, datatype: float64}
# - {name: ukirt_H, datatype: float64}
# - {name: ukirt_K, datatype: float64}
# - {name: Clear, datatype: float64}
# meta: !!omap
# - comment: [E = 0.008378552168254812, Eta0 = 8.02, GammaB = 12.0, dL = 0.012188, epsb = 6.760829753919819e-06, epse = 0.1, n = 0.3981071705534969,
#     p = 2.15, theta_obs = 0.29670597283903605, xiN = 1.0, z = 0.0, type = grb, E_kiso = 19.306977288832496]
# schema: astropy-2.0
time swift_uvot_uvw2 swift_uvot_uvm2 swift_uvot_uvw1 swift_uvot_U swift_uvot_B swift_uvot_V swift_uvot_W johnson_U johnson_B johnson_V johnson_R johnson_I sdss_u sdss_g sdss_r sdss_i sdss_z PS1_g PS1_r PS1_i PS1_z PS1_Y PS1_w ATLAS_c ATLAS_o ukirt_J ukirt_H ukirt_K Clear
0.01 0.53 0.579 0.505 0.312 0.169 0.03 0.391 0.289 0.167 0.025 -0.116 -0.264 0.294 0.122 -0.05 -0.171 -0.282 0.058 -0.085 -0.204 -0.303 -0.472 -0.048 0.047 -0.105 -0.493 -0.663 -0.853 -0.138
0.0102 0.475 0.524 0.449 0.256 0.114 -0.025 0.336 0.234 0.111 -0.03 -0.171 -0.319 0.239 0.066 -0.106 -0.226 -0.337 0.003 -0.14 -0.26 -0.359 -0.527 -0.103 -0.008 -0.161 -0.549 -0.718 -0.908 -0.193
0.0105 0.419 0.469 0.394 0.201 0.059 -0.081 0.28 0.179 0.056 -0.086 -0.226 -0.375 0.184 0.011 -0.161 -0.282 -0.392 -0.053 -0.195 -0.315 -0.414 -0.582 -0.159 -0.063 -0.216 -0.604 -0.773 -0.964 -0.249
0.0107 0.364 0.413 0.339 0.146 0.003 -0.136 0.225 0.123 0.001 -0.141 -0.282 -0.43 0.128 -0.044 -0.216 -0.337 -0.448 -0.108 -0.251 -0.371 -0.47 -0.638 -0.214 -0.119 -0.272 -0.66 -0.829 -1.019 -0.304
0.011 0.309 0.358 0.283 0.09 -0.052 -0.191 0.17 0.068 -0.055 -0.196 -0.337 -0.486 0.073 -0.1 -0.272 -0.392 -0.503 -0.163 -0.306 -0.426 -0.525 -0.693 -0.269 -0.174 -0.327 -0.715 -0.884 -1.075 -0.36
0.0113 0.253 0.303 0.228 0.035 -0.108 -0.247 0.114 0.013 -0.11 -0.252 -0.392 -0.541 0.018 -0.155 -0.327 -0.448 -0.558 -0.219 -0.361 -0.481 -0.58 -0.748 -0.325 -0.229 -0.382 -0.77 -0.94 -1.13 -0.415
0.0115 0.179 0.228 0.154 -0.039 -0.182 -0.321 0.04 -0.062 -0.184 -0.326 -0.467 -0.615 -0.057 -0.229 -0.401 -0.522 -0.632 -0.293 -0.436 -0.555 -0.654 -0.823 -0.399 -0.304 -0.456 -0.844 -1.014 -1.204 -0.489
0.0118 0.101 0.151 0.076 -0.117 -0.259 -0.398 -0.038 -0.139 -0.262 -0.404 -0.544 -0.693 -0.134 -0.307 -0.479 -0.599 -0.71 -0.371 -0.513 -0.633 -0.732 -0.9 -0.476 -0.381 -0.534 -0.922 -1.091 -1.282 -0.567
0.0121 0.024 0.073 -0.001 -0.194 -0.337 -0.476 -0.115 -0.217 -0.339 -0.481 -0.622 -0.77 -0.212 -0.384 -0.556 -0.677 -0.788 -0.448 -0.591 -0.71 -0.81 -0.978 -0.554 -0.459 -0.612 -0.999 -1.169 -1.359 -0.644
0.0124 -0.054 -0.004 -0.079 -0.272 -0.414 -0.553 -0.193 -0.294 -0.417 -0.559 -0.699 -0.848 -0.289 -0.462 -0.634 -0.754 -0.865 -0.526 -0.668 -0.788 -0.887 -1.055 -0.631 -0.536 -0.689 -1.077 -1.246 -1.437 -0.722
0.0127 -0.131 -0.082 -0.157 -0.349 -0.492 -0.631 -0.27 -0.372 -0.494 -0.636 -0.777 -0.925 -0.367 -0.539 -0.711 -0.832 -0.943 -0.603 -0.746 -0.866 -0.965 -1.133 -0.709 -0.614 -0.767 -1.155 -1.324 -1.514 -0.799
0.013 -0.209 -0.159 -0.234 -0.427 -0.569 -0.709 -0.348 -0.449 -0.572 -0.714 -0.854 -1.003 -0.444 -0.617 -0.789 -0.909 -1.02 -0.681 -0.823 -0.943 -1.042 -1.21 -0.787 -0.691 -0.844 -1.232 -1.401 -1.592 -0.877
0.0133 -0.286 -0.237 -0.312 -0.505 -0.647 -0.786 -0.425 -0.527 -0.649 -0.791 -0.932 -1.08 -0.522 -0.694 -0.866 -0.987 -1.098 -0.758 -0.901 -1.021 -1.12 -1.288 -0.864 -0.769 -0.922 -1.31 -1.479 -1.669 -0.954
0.0136 -0.364 -0.314 -0.389 -0.582 -0.724 -0.864 -0.503 -0.604 -0.727 -0.869 -1.009 -1.158 -0.599 -0.772 -0.944 -1.065 -1.175 -0.836 -0.978 -1.098 -1.197 -1.365 -0.942 -0.846 -0.999 -1.387 -1.556 -1.747 -1.032
0.014 -0.441 -0.392 -0.467 -0.66 -0.802 -0.941 -0.58 -0.682 -0.804 -0.946 -1.087 -1.235 -0.677 -0.85 -1.021 -1.142 -1.253 -0.913 -1.056 -1.176 -1.275 -1.443 -1.019 -0.924 -1.077 -1.465 -1.634 -1.824 -1.109
0.0143 -0.519 -0.469 -0.544 -0.737 -0.88 -1.019 -0.658 -0.76 -0.882 -1.024 -1.164 -1.313 -0.754 -0.927 -1.099 -1.22 -1.33 -0.991 -1.133 -1.253 -1.352 -1.521 -1.097 -1.001 -1.154 -1.542 -1.712 -1.902 -1.187
0.0146 -0.586 -0.536 -0.611 -0.804 -0.946 -1.086 -0.725 -0.826 -0.949 -1.091 -1.231 -1.38 -0.821 -0.994 -1.166 -1.286 -1.397 -1.058 -1.2 -1.32 -1.419 -1.587 -1.164 -1.068 -1.221 -1.609 -1.778 -1.969 -1.254
0.015 -0.652 -0.603 -0.678 -0.871 -1.013 -1.152 -0.792 -0.893 -1.016 -1.157 -1.298 -1.447 -0.888 -1.061 -1.233 -1.353 -1.464 -1.124 -1.267 -1.387 -1.486 -1.654 -1.23 -1.135 -1.288 -1.676 -1.845 -2.036 -1.321
0.0154 -0.719 -0.67 -0.745 -0.938 -1.08 -1.219 -0.858 -0.96 -1.082 -1.224 -1.365 -1.513 -0.955 -1.128 -1.299 -1.42 -1.531 -1.191 -1.334 -1.454 -1.553 -1.721 -1.297 -1.202 -1.355 -1.743 -1.912 -2.102 -1.387
0.0157 -0.786 -0.737 -0.811 -1.004 -1.147 -1.286 -0.925 -1.027 -1.149 -1.291 -1.432 -1.58 -1.022 -1.194 -1.366 -1.487 -1.598 -1.258 -1.401 -1.52 -1.62 -1.788 -1.364 -1.269 -1.422 -1.809 -1.979 -2.169 -1.454
0.0161 -0.853 -0.803 -0.878 -1.071 -1.214 -1.353 -0.992 -1.094 -1.216 -1.358 -1.498 -1.647 -1.089 -1.261 -1.433 -1.554 -1.664 -1.325 -1.467 -1.587 -1.686 -1.855 -1.431 -1.336 -1.488 -1.876 -2.046 -2.236 -1.521
0.0165 -0.92 -0.87 -0.945 -1.138 -1.28 -1.42 -1.059 -1.16 -1.283 -1.425 -1.565 -1.714 -1.155 -1.328 -1.5 -1.62 -1.731 -1.392 -1.534 -1.654 -1.753 -1.921 -1.498 -1.402 -1.555 -1.943 -2.112 -2.303 -1.588
0.0169 -0.986 -0.937 -1.012 -1.205 -1.347 -1.486 -1.126 -1.227 -1.35 -1.491 -1.632 -1.781 -1.222 -1.395 -1.567 -1.687 -1.798 -1.458 -1.601 -1.721 -1.82 -1.988 -1.564 -1.469 -1.622 -2.01 -2.179 -2.37 -1.655
0.0173 -1.053 -1.004 -1.079 -1.272 -1.414 -1.553 -1.192 -1.294 -1.416 -1.558 -1.699 -1.847 -1.289 -1.462 -1.633 -1.754 -1.865 -1.525 -1.668 -1.788 -1.887 -2.055 -1.631 -1.536 -1.689 -2.077 -2.246 -2.436 -1.721
0.0177 -1.12 -1.071 -1.145 -1.338 -1.481 -1.62 -1.259 -1.361 -1.483 -1.625 -1.766 -1.914 -1.356 -1.528 -1.7 -1.821 -1.932 -1.592 -1.735 -1.854 -1.954 -2.122 -1.698 -1.603 -1.756 -2.143 -2.313 -2.503 -1.788
0.0181 -1.184 -1.134 -1.209 -1.402 -1.545 -1.684 -1.323 -1.425 -1.547 -1.689 -1.829 -1.978 -1.42 -1.592 -1.764 -1.885 -1.995 -1.656 -1.798 -1.918 -2.017 -2.186 -1.762 -1.667 -1.819 -2.207 -2.377 -2.567 -1.852
0.0186 -1.229 -1.179 -1.254 -1.447 -1.589 -1.729 -1.368 -1.469 -1.592 -1.734 -1.874 -2.023 -1.464 -1.637 -1.809 -1.929 -2.04 -1.701 -1.843 -1.963 -2.062 -2.23 -1.806 -1.711 -1.864 -2.252 -2.421 -2.612 -1.897
0.019 -1.273 -1.224 -1.299 -1.492 -1.634 -1.773 -1.412 -1.514 -1.637 -1.778 -1.919 -2.068 -1.509 -1.682 -1.854 -1.974 -2.085 -1.745 -1.888 -2.008 -2.107 -2.275 -1.851 -1.756 -1.909 -2.297 -2.466 -2.657 -1.942
0.0195 -1.318 -1.269 -1.344 -1.537 -1.679 -1.818 -1.457 -1.559 -1.681 -1.823 -1.964 -2.112 -1.554 -1.726 -1.898 -2.019 -2.13 -1.79 -1.933 -2.053 -2.152 -2.32 -1.896 -1.801 -1.954 -2.342 -2.511 -2.701 -1.986
0.02 -1.363 -1.314 -1.388 -1.581 -1.724 -1.863 -1.502 -1.604 -1.726 -1.868 -2.009 -2.157 -1.599 -1.771 -1.943 -2.064 -2.174 -1.835 -1.978 -2.097 -2.196 -2.365 -1.941 -1.846 -1.998 -2.386 -2.556 -2.746 -2.031
0.0204 -1.408 -1.358 -1.433 -1.626 -1.769 -1.908 -1.547 -1.649 -1.771 -1.913 -2.053 -2.202 -1.644 -1.816 -1.988 -2.109 -2.219 -1.88 -2.022 -2.142 -2.241 -2.41 -1.986 -1.89 -2.043 -2.431 -2.601 -2.791 -2.076
0.0209 -1.453 -1.403 -1.478 -1.671 -1.813 -1.952 -1.592 -1.693 -1.816 -1.958 -2.098 -2.247 -1.688 -1.861 -2.033 -2.153 -2.264 -1.925 -2.067 -2.187 -2.286 -2.454 -2.03 -1.935 -2.088 -2.476 -2.645 -2.836 -2.121
0.0214 -1.497 -1.448 -1.523 -1.716 -1.858 -1.997 -1.636 -1.738 -1.861 -2.002 -2.143 -2.291 -1.733 -1.906 -2.078 -2.198 -2.309 -1.969 -2.112 -2.232 -2.331 -2.499 -2.075 -1.98 -2.133 -2.521 -2.69 -2.881 -2.166
0.022 -1.542 -1.493 -1.568 -1.761 -1.903 -2.042 -1.681 -1.783 -1.905 -2.047 -2.188 -2.336 -1.778 -1.95 -2.122 -2.243 -2.354 -2.014 -2.157 -2.277 -2.376 -2.544 -2.12 -2.025 -2.178 -2.566 -2.735 -2.925 -2.21
0.0225 -1.587 -1.538 -1.612 -1.805 -1.948 -2.087 -1.726 -1.828 -1.95 -2.092 -2.233 -2.381 -1.823 -1.995 -2.167 -2.288 -2.398 -2.059 -2.202 -2.321 -2.42 -2.589 -2.165 -2.07 -2.222 -2.61 -2.78 -2.97 -2.255
0.023 -1.63 -1.58 -1.655 -1.848 -1.991 -2.13 -1.769 -1.87 -1.993 -2.135 -2.275 -2.424 -1.865 -2.038 -2.21 -2.331 -2.441 -2.102 -2.244 -2.364 -2.463 -2.631 -2.208 -2.112 -2.265 -2.653 -2.823 -3.013 -2.298
0.0236 -1.667 -1.618 -1.693 -1.886 -2.028 -2.167 -1.806 -1.908 -2.03 -2.172 -2.313 -2.461 -1.903 -2.076 -2.247 -2.368 -2.479 -2.139 -2.282 -2.402 -2.501 -2.669 -2.245 -2.15 -2.303 -2.691 -2.86 -3.05 -2.335
0.0242 -1.705 -1.655 -1.73 -1.923 -2.066 -2.205 -1.844 -1.946 -2.068 -2.21 -2.35 -2.499 -1.941 -2.113 -2.285 -2.406 -2.516 -2.177 -2.319 -2.439 -2.538 -2.707 -2.283 -2.188 -2.34 -2.728 -2.898 -3.088 -2.373
0.0247 -1.742 -1.693 -1.768 -1.961 -2.103 -2.242 -1.881 -1.983 -2.106 -2.247 -2.388 -2.536 -1.978 -2.151 -2.323 -2.443 -2.554 -2.214 -2.357 -2.477 -2.576 -2.744 -2.32 -2.225 -2.378 -2.766 -2.935 -3.126 -2.411
0.0253 -1.78 -1.731 -1.805 -1.998 -2.141 -2.28 -1.919 -2.021 -2.143 -2.285 -2.425 -2.574 -2.016 -2.188 -2.36 -2.481 -2.591 -2.252 -2.395 -2.514 -2.613 -2.782 -2.358 -2.263 -2.415 -2.803 -2.973 -3.163 -2.448
0.0259 -1.818 -1.768 -1.843 -2.036 -2.178 -2.317 -1.957 -2.058 -2.181 -2.323 -2.463 -2.612 -2.053 -2.226 -2.398 -2.518 -2.629 -2.29 -2.432 -2.552 -2.651 -2.819 -2.395 -2.3 -2.453 -2.841 -3.01 -3.201 -2.486
0.0266 -1.855 -1.806 -1.88 -2.073 -2.216 -2.355 -1.994 -2.096 -2.218 -2.36 -2.501 -2.649 -2.091 -2.263 -2.435 -2.556 -2.667 -2.327 -2.47 -2.589 -2.689 -2.857 -2.433 -2.338 -2.491 -2.878 -3.048 -3.238 -2.523
0.0272 -1.893 -1.843 -1.918 -2.111 -2.253 -2.392 -2.032 -2.133 -2.256 -2.398 -2.538 -2.687 -2.128 -2.301 -2.473 -2.593 -2.704 -2.365 -2.507 -2.627 -2.726 -2.894 -2.47 -2.375 -2.528 -2.916 -3.085 -3.276 -2.561
0.0279 -1.93 -1.881 -1.956 -2.149 -2.291 -2.43 -2.069 -2.171 -2.293 -2.435 -2.576 -2.724 -2.166 -2.338 -2.51 -2.631 -2.742 -2.402 -2.545 -2.665 -2.764 -2.932 -2.508 -2.413 -2.566 -2.954 -3.123 -3.313 -2.598
0.0285 -1.968 -1.918 -1.993 -2.186 -2.328 -2.468 -2.107 -2.208 -2.331 -2.473 -2.613 -2.762 -2.203 -2.376 -2.548 -2.669 -2.779 -2.44 -2.582 -2.702 -2.801 -2.969 -2.546 -2.45 -2.603 -2.991 -3.16 -3.351 -2.636
0.0292 -2.0 -1.951 -2.026 -2.219 -2.361 -2.5 -2.139 -2.241 -2.364 -2.505 -2.646 -2.795 -2.236 -2.409 -2.581 -2.701 -2.812 -2.472 -2.615 -2.735 -2.834 -3.002 -2.578 -2.483 -2.636 -3.024 -3.193 -3.384 -2.669
0.0299 -2.027 -1.977 -2.052 -2.245 -2.387 -2.526 -2.166 -2.267 -2.39 -2.532 -2.672 -2.821 -2.262 -2.435 -2.607 -2.727 -2.838 -2.499 -2.641 -2.761 -2.86 -3.028 -2.604 -2.509 -2.662 -3.05 -3.219 -3.41 -2.695
0.0307 -2.053 -2.003 -2.078 -2.271 -2.413 -2.553 -2.192 -2.293 -2.416 -2.558 -2.698 -2.847 -2.288 -2.461 -2.633 -2.753 -2.864 -2.525 -2.667 -2.787 -2.886 -3.054 -2.63 -2.535 -2.688 -3.076 -3.245 -3.436 -2.721
0.0314 -2.079 -2.029 -2.104 -2.297 -2.439 -2.579 -2.218 -2.319 -2.442 -2.584 -2.724 -2.873 -2.314 -2.487 -2.659 -2.78 -2.89 -2.551 -2.693 -2.813 -2.912 -3.08 -2.657 -2.561 -2.714 -3.102 -3.271 -3.462 -2.747
0.0322 -2.105 -2.055 -2.13 -2.323 -2.466 -2.605 -2.244 -2.346 -2.468 -2.61 -2.75 -2.899 -2.341 -2.513 -2.685 -2.806 -2.916 -2.577 -2.719 -2.839 -2.938 -3.107 -2.683 -2.588 -2.74 -3.128 -3.298 -3.488 -2.773
0.0329 -2.131 -2.081 -2.156 -2.349 -2.492 -2.631 -2.27 -2.372 -2.494 -2.636 -2.776 -2.925 -2.367 -2.539 -2.711 -2.832 -2.942 -2.603 -2.746 -2.865 -2.964 -3.133 -2.709 -2.614 -2.766 -3.154 -3.324 -3.514 -2.799
0.0337 -2.157 -2.108 -2.182 -2.375 -2.518 -2.657 -2.296 -2.398 -2.52 -2.662 -2.803 -2.951 -2.393 -2.565 -2.737 -2.858 -2.968 -2.629 -2.772 -2.891 -2.99 -3.159 -2.735 -2.64 -2.792 -3.18 -3.35 -3.54 -2.825
0.0345 -2.183 -2.134 -2.209 -2.401 -2.544 -2.683 -2.322 -2.424 -2.546 -2.688 -2.829 -2.977 -2.419 -2.591 -2.763 -2.884 -2.995 -2.655 -2.798 -2.918 -3.017 -3.185 -2.761 -2.666 -2.819 -3.207 -3.376 -3.566 -2.851
0.0354 -2.209 -2.16 -2.235 -2.428 -2.57 -2.709 -2.348 -2.45 -2.572 -2.714 -2.855 -3.003 -2.445 -2.618 -2.789 -2.91 -3.021 -2.681 -2.824 -2.944 -3.043 -3.211 -2.787 -2.692 -2.845 -3.233 -3.402 -3.592 -2.877
0.0362 -2.235 -2.186 -2.261 -2.454 -2.596 -2.735 -2.374 -2.476 -2.598 -2.74 -2.881 -3.029 -2.471 -2.644 -2.815 -2.936 -3.047 -2.707 -2.85 -2.97 -3.069 -3.237 -2.813 -2.718 -2.871 -3.259 -3.428 -3.618 -2.903
0.0371 -2.261 -2.211 -2.286 -2.479 -2.622 -2.761 -2.4 -2.502 -2.624 -2.766 -2.906 -3.055 -2.497 -2.669 -2.841 -2.962 -3.072 -2.733 -2.875 -2.995 -3.094 -3.263 -2.839 -2.744 -2.896 -3.284 -3.454 -3.644 -2.929
0.038 -2.286 -2.236 -2.311 -2.504 -2.647 -2.786 -2.425 -2.527 -2.649 -2.791 -2.931 -3.08 -2.522 -2.694 -2.866 -2.987 -3.097 -2.758 -2.901 -3.02 -3.119 -3.288 -2.864 -2.769 -2.921 -3.309 -3.479 -3.669 -2.954
0.0389 -2.311 -2.262 -2.336 -2.529 -2.672 -2.811 -2.45 -2.552 -2.674 -2.816 -2.957 -3.105 -2.547 -2.719 -2.891 -3.012 -3.122 -2.783 -2.926 -3.045 -3.144 -3.313 -2.889 -2.794 -2.946 -3.334 -3.504 -3.694 -2.979
0.0398 -2.336 -2.287 -2.361 -2.554 -2.697 -2.836 -2.475 -2.577 -2.699 -2.841 -2.982 -3.13 -2.572 -2.744 -2.916 -3.037 -3.148 -2.808 -2.951 -3.071 -3.17 -3.338 -2.914 -2.819 -2.972 -3.36 -3.529 -3.719 -3.004
0.0408 -2.361 -2.312 -2.387 -2.58 -2.722 -2.861 -2.5 -2.602 -2.724 -2.866 -3.007 -3.155 -2.597 -2.769 -2.941 -3.062 -3.173 -2.833 -2.976 -3.096 -3.195 -3.363 -2.939 -2.844 -2.997 -3.385 -3.554 -3.744 -3.029
0.0418 -2.386 -2.337 -2.412 -2.605 -2.747 -2.886 -2.525 -2.627 -2.749 -2.891 -3.032 -3.18 -2.622 -2.795 -2.966 -3.087 -3.198 -2.858 -3.001 -3.121 -3.22 -3.388 -2.964 -2.869 -3.022 -3.41 -3.579 -3.769 -3.054
0.0428 -2.411 -2.362 -2.437 -2.63 -2.772 -2.911 -2.55 -2.652 -2.775 -2.916 -3.057 -3.205 -2.647 -2.82 -2.991 -3.112 -3.223 -2.883 -3.026 -3.146 -3.245 -3.413 -2.989 -2.894 -3.047 -3.435 -3.604 -3.794 -3.079
0.0438 -2.436 -2.387 -2.462 -2.655 -2.797 -2.936 -2.576 -2.677 -2.8 -2.941 -3.082 -3.231 -2.672 -2.845 -3.017 -3.137 -3.248 -2.908 -3.051 -3.171 -3.27 -3.438 -3.014 -2.919 -3.072 -3.46 -3.629 -3.82 -3.105
0.0449 -2.462 -2.412 -2.487 -2.68 -2.822 -2.961 -2.601 -2.702 -2.825 -2.967 -3.107 -3.256 -2.697 -2.87 -3.042 -3.162 -3.273 -2.934 -3.076 -3.196 -3.295 -3.463 -3.039 -2.944 -3.097 -3.485 -3.654 -3.845 -3.13
0.046 -2.487 -2.437 -2.512 -2.705 -2.847 -2.986 -2.626 -2.727 -2.85 -2.992 -3.132 -3.281 -2.722 -2.895 -3.067 -3.187 -3.298 -2.959 -3.101 -3.221 -3.32 -3.488 -3.064 -2.969 -3.122 -3.51 -3.679 -3.87 -3.155
0.0471 -2.512 -2.462 -2.537 -2.73 -2.872 -3.011 -2.651 -2.752 -2.875 -3.017 -3.157 -3.306 -2.747 -2.92 -3.092 -3.212 -3.323 -2.984 -3.126 -3.246 -3.345 -3.513 -3.089 -2.994 -3.147 -3.535 -3.704 -3.895 -3.18
0.0482 -2.536 -2.487 -2.562 -2.755 -2.897 -3.036 -2.676 -2.777 -2.9 -3.042 -3.182 -3.331 -2.772 -2.945 -3.117 -3.237 -3.348 -3.009 -3.151 -3.271 -3.37 -3.538 -3.114 -3.019 -3.172 -3.56 -3.729 -3.92 -3.205
0.0494 -2.561 -2.512 -2.587 -2.78 -2.922 -3.061 -2.7 -2.802 -2.925 -3.066 -3.207 -3.355 -2.797 -2.97 -3.142 -3.262 -3.373 -3.033 -3.176 -3.296 -3.395 -3.563 -3.139 -3.044 -3.197 -3.585 -3.754 -3.944 -3.229
0.0506 -2.586 -2.537 -2.612 -2.805 -2.947 -3.086 -2.725 -2.827 -2.949 -3.091 -3.232 -3.38 -2.822 -2.995 -3.166 -3.287 -3.398 -3.058 -3.201 -3.321 -3.42 -3.588 -3.164 -3.069 -3.222 -3.61 -3.779 -3.969 -3.254
0.0518 -2.611 -2.562 -2.637 -2.83 -2.972 -3.111 -2.75 -2.852 -2.974 -3.116 -3.257 -3.405 -2.847 -3.019 -3.191 -3.312 -3.423 -3.083 -3.226 -3.346 -3.445 -3.613 -3.189 -3.094 -3.247 -3.635 -3.804 -3.994 -3.279
0.053 -2.636 -2.587 -2.662 -2.854 -2.997 -3.136 -2.775 -2.877 -2.999 -3.141 -3.282 -3.43 -2.872 -3.044 -3.216 -3.337 -3.448 -3.108 -3.251 -3.371 -3.47 -3.638 -3.214 -3.119 -3.272 -3.66 -3.829 -4.019 -3.304
0.0543 -2.661 -2.612 -2.686 -2.879 -3.022 -3.161 -2.8 -2.902 -3.024 -3.166 -3.307 -3.455 -2.897 -3.069 -3.241 -3.362 -3.473 -3.133 -3.276 -3.395 -3.494 -3.663 -3.239 -3.144 -3.297 -3.684 -3.854 -4.044 -3.329
0.0556 -2.686 -2.636 -2.711 -2.904 -3.047 -3.186 -2.825 -2.927 -3.049 -3.191 -3.331 -3.48 -2.922 -3.094 -3.266 -3.387 -3.497 -3.158 -3.301 -3.42 -3.519 -3.688 -3.264 -3.169 -3.321 -3.709 -3.879 -4.069 -3.354
0.057 -2.711 -2.661 -2.736 -2.929 -3.072 -3.211 -2.85 -2.952 -3.074 -3.216 -3.356 -3.505 -2.947 -3.119 -3.291 -3.412 -3.522 -3.183 -3.325 -3.445 -3.544 -3.713 -3.289 -3.194 -3.346 -3.734 -3.904 -4.094 -3.379
0.0584 -2.736 -2.686 -2.761 -2.954 -3.097 -3.236 -2.875 -2.977 -3.099 -3.241 -3.381 -3.53 -2.971 -3.144 -3.316 -3.437 -3.547 -3.208 -3.35 -3.47 -3.569 -3.738 -3.314 -3.218 -3.371 -3.759 -3.929 -4.119 -3.404
0.0598 -2.757 -2.707 -2.782 -2.975 -3.117 -3.257 -2.896 -2.997 -3.12 -3.262 -3.402 -3.551 -2.992 -3.165 -3.337 -3.458 -3.568 -3.229 -3.371 -3.491 -3.59 -3.758 -3.335 -3.239 -3.392 -3.78 -3.949 -4.14 -3.425
0.0612 -2.777 -2.728 -2.802 -2.995 -3.138 -3.277 -2.916 -3.018 -3.14 -3.282 -3.423 -3.571 -3.013 -3.185 -3.357 -3.478 -3.588 -3.249 -3.392 -3.511 -3.61 -3.779 -3.355 -3.26 -3.412 -3.8 -3.97 -4.16 -3.445
