web/models/grb/offaxis/21/grb_0.2967_3.7276_2.5118864.dat
# %ECSV 1.0
# ---
# datatype:
# - {name: time, datatype: float64}
# - {name: swift_uvot_uvw2, datatype: float64}
# - {name: swift_uvot_uvm2, datatype: float64}
# - {name: swift_uvot_uvw1, datatype: float64}
# - {name: swift_uvot_U, datatype: float64}
# - {name: swift_uvot_B, datatype: float64}
# - {name: swift_uvot_V, datatype: float64}
# - {name: swift_uvot_W, datatype: float64}
# - {name: johnson_U, datatype: float64}
# - {name: johnson_B, datatype: float64}
# - {name: johnson_V, datatype: float64}
# - {name: johnson_R, datatype: float64}
# - {name: johnson_I, datatype: float64}
# - {name: sdss_u, datatype: float64}
# - {name: sdss_g, datatype: float64}
# - {name: sdss_r, datatype: float64}
# - {name: sdss_i, datatype: float64}
# - {name: sdss_z, datatype: float64}
# - {name: PS1_g, datatype: float64}
# - {name: PS1_r, datatype: float64}
# - {name: PS1_i, datatype: float64}
# - {name: PS1_z, datatype: float64}
# - {name: PS1_Y, datatype: float64}
# - {name: PS1_w, datatype: float64}
# - {name: ATLAS_c, datatype: float64}
# - {name: ATLAS_o, datatype: float64}
# - {name: ukirt_J, datatype: float64}
# - {name: ukirt_H, datatype: float64}
# - {name: ukirt_K, datatype: float64}
# - {name: Clear, datatype: float64}
# meta: !!omap
# - comment: [E = 0.0016176451642579408, Eta0 = 8.02, GammaB = 12.0, dL = 0.012188, epsb = 6.760829753919819e-06, epse = 0.1, n = 2.5118864315095824,
#     p = 2.15, theta_obs = 0.29670597283903605, xiN = 1.0, z = 0.0, type = grb, E_kiso = 3.7275937203149416]
# schema: astropy-2.0
time swift_uvot_uvw2 swift_uvot_uvm2 swift_uvot_uvw1 swift_uvot_U swift_uvot_B swift_uvot_V swift_uvot_W johnson_U johnson_B johnson_V johnson_R johnson_I sdss_u sdss_g sdss_r sdss_i sdss_z PS1_g PS1_r PS1_i PS1_z PS1_Y PS1_w ATLAS_c ATLAS_o ukirt_J ukirt_H ukirt_K Clear
[from data line 315]
18.2363 1.976 2.026 1.951 1.758 1.616 1.477 1.837 1.736 1.613 1.471 1.331 1.182 1.741 1.568 1.396 1.276 1.165 1.504 1.362 1.242 1.143 0.975 1.399 1.494 1.341 0.953 0.784 0.593 1.308
18.6762 2.011 2.061 1.986 1.793 1.65 1.511 1.872 1.77 1.648 1.506 1.366 1.217 1.775 1.603 1.431 1.31 1.2 1.539 1.397 1.277 1.178 1.009 1.433 1.528 1.376 0.988 0.818 0.628 1.343
19.1268 2.046 2.095 2.02 1.827 1.685 1.546 1.907 1.805 1.683 1.541 1.4 1.252 1.81 1.638 1.466 1.345 1.234 1.574 1.431 1.311 1.212 1.044 1.468 1.563 1.41 1.022 0.853 0.663 1.378
19.5882 2.081 2.13 2.055 1.862 1.72 1.581 1.941 1.84 1.717 1.575 1.435 1.286 1.845 1.672 1.5 1.38 1.269 1.608 1.466 1.346 1.247 1.079 1.503 1.598 1.445 1.057 0.888 0.697 1.412
20.0607 2.115 2.165 2.09 1.897 1.754 1.615 1.976 1.874 1.752 1.61 1.47 1.321 1.879 1.707 1.535 1.414 1.304 1.643 1.501 1.381 1.282 1.113 1.537 1.632 1.48 1.092 0.922 0.732 1.447
20.5446 2.15 2.199 2.124 1.931 1.789 1.65 2.011 1.909 1.787 1.645 1.504 1.356 1.914 1.742 1.57 1.449 1.338 1.678 1.535 1.415 1.316 1.148 1.572 1.667 1.514 1.126 0.957 0.767 1.482
21.0402 2.185 2.234 2.159 1.966 1.824 1.685 2.045 1.944 1.821 1.679 1.539 1.39 1.949 1.776 1.604 1.484 1.373 1.712 1.57 1.45 1.351 1.183 1.607 1.702 1.549 1.161 0.992 0.801 1.516
21.5478 2.217 2.267 2.192 1.999 1.856 1.717 2.078 1.977 1.854 1.712 1.572 1.423 1.982 1.809 1.637 1.516 1.406 1.745 1.603 1.483 1.384 1.216 1.639 1.735 1.582 1.194 1.024 0.834 1.549
22.0676 2.25 2.299 2.224 2.031 1.889 1.75 2.111 2.009 1.887 1.745 1.604 1.456 2.014 1.841 1.67 1.549 1.438 1.778 1.635 1.515 1.416 1.248 1.672 1.767 1.614 1.226 1.057 0.867 1.582
22.5999 2.282 2.332 2.257 2.064 1.922 1.782 2.143 2.042 1.919 1.777 1.637 1.488 2.047 1.874 1.702 1.581 1.471 1.81 1.668 1.548 1.449 1.281 1.704 1.8 1.647 1.259 1.09 0.899 1.614
23.1451 2.315 2.364 2.289 2.096 1.954 1.815 2.176 2.074 1.952 1.81 1.669 1.521 2.079 1.907 1.735 1.614 1.503 1.843 1.7 1.58 1.481 1.313 1.737 1.832 1.679 1.291 1.122 0.932 1.647
23.7034 2.347 2.397 2.322 2.129 1.987 1.847 2.208 2.107 1.984 1.842 1.702 1.553 2.112 1.939 1.767 1.647 1.536 1.875 1.733 1.613 1.514 1.346 1.769 1.865 1.712 1.324 1.155 0.964 1.679
24.2752 2.38 2.429 2.355 2.162 2.019 1.88 2.241 2.139 2.017 1.875 1.734 1.586 2.144 1.972 1.8 1.679 1.568 1.908 1.765 1.645 1.546 1.378 1.802 1.897 1.744 1.356 1.187 0.997 1.712
24.8608 2.412 2.462 2.387 2.194 2.052 1.913 2.273 2.172 2.049 1.907 1.767 1.618 2.177 2.004 1.832 1.712 1.601 1.94 1.798 1.678 1.579 1.411 1.835 1.93 1.777 1.389 1.22 1.029 1.744
25.4606 2.445 2.494 2.42 2.227 2.084 1.945 2.306 2.204 2.082 1.94 1.799 1.651 2.209 2.037 1.865 1.744 1.633 1.973 1.83 1.711 1.611 1.443 1.867 1.962 1.809 1.422 1.252 1.062 1.777
26.0748 2.477 2.527 2.452 2.259 2.117 1.978 2.338 2.237 2.114 1.972 1.832 1.683 2.242 2.069 1.897 1.777 1.666 2.005 1.863 1.743 1.644 1.476 1.9 1.995 1.842 1.454 1.285 1.094 1.809
26.7038 2.51 2.56 2.485 2.292 2.15 2.01 2.371 2.27 2.147 2.005 1.865 1.716 2.275 2.102 1.93 1.81 1.699 2.038 1.896 1.776 1.677 1.509 1.932 2.028 1.875 1.487 1.318 1.127 1.842
27.3479 2.55 2.6 2.525 2.332 2.19 2.051 2.411 2.31 2.187 2.045 1.905 1.756 2.315 2.142 1.97 1.85 1.739 2.078 1.936 1.816 1.717 1.549 1.973 2.068 1.915 1.527 1.358 1.167 1.882
28.0077 2.59 2.64 2.565 2.372 2.23 2.091 2.451 2.35 2.227 2.085 1.945 1.796 2.355 2.182 2.01 1.89 1.779 2.118 1.976 1.856 1.757 1.589 2.013 2.108 1.955 1.567 1.398 1.207 1.922
28.6833 2.631 2.68 2.605 2.412 2.27 2.131 2.491 2.39 2.267 2.125 1.985 1.836 2.395 2.222 2.05 1.93 1.819 2.158 2.016 1.896 1.797 1.629 2.053 2.148 1.995 1.607 1.438 1.247 1.962
29.3752 2.671 2.72 2.645 2.452 2.31 2.171 2.531 2.43 2.307 2.166 2.025 1.876 2.435 2.262 2.09 1.97 1.859 2.199 2.056 1.936 1.837 1.669 2.093 2.188 2.035 1.647 1.478 1.287 2.002
30.0838 2.711 2.76 2.685 2.492 2.35 2.211 2.572 2.47 2.347 2.206 2.065 1.917 2.475 2.302 2.13 2.01 1.899 2.239 2.096 1.976 1.877 1.709 2.133 2.228 2.075 1.687 1.518 1.327 2.042
30.8096 2.751 2.8 2.725 2.532 2.39 2.251 2.612 2.51 2.387 2.246 2.105 1.957 2.515 2.342 2.171 2.05 1.939 2.279 2.136 2.016 1.917 1.749 2.173 2.268 2.115 1.727 1.558 1.368 2.083
31.5528 2.791 2.84 2.765 2.572 2.43 2.291 2.652 2.55 2.428 2.286 2.145 1.997 2.555 2.382 2.211 2.09 1.979 2.319 2.176 2.056 1.957 1.789 2.213 2.308 2.155 1.767 1.598 1.408 2.123
32.3139 2.831 2.88 2.805 2.612 2.47 2.331 2.692 2.59 2.468 2.326 2.185 2.037 2.595 2.422 2.251 2.13 2.019 2.359 2.216 2.096 1.997 1.829 2.253 2.348 2.195 1.807 1.638 1.448 2.163
33.0935 2.871 2.92 2.845 2.652 2.51 2.371 2.732 2.63 2.508 2.366 2.225 2.077 2.635 2.462 2.291 2.17 2.059 2.399 2.256 2.136 2.037 1.869 2.293 2.388 2.235 1.847 1.678 1.488 2.203
33.8918 2.916 2.965 2.891 2.698 2.555 2.416 2.777 2.675 2.553 2.411 2.271 2.122 2.68 2.508 2.336 2.215 2.105 2.444 2.301 2.182 2.083 1.914 2.338 2.433 2.281 1.893 1.723 1.533 2.248
34.7093 2.984 3.033 2.958 2.765 2.623 2.484 2.844 2.743 2.62 2.479 2.338 2.189 2.748 2.575 2.403 2.283 2.172 2.512 2.369 2.249 2.15 1.982 2.406 2.501 2.348 1.96 1.791 1.6 2.315
35.5466 3.051 3.101 3.026 2.833 2.69 2.551 2.912 2.81 2.688 2.546 2.406 2.257 2.815 2.643 2.471 2.35 2.24 2.579 2.437 2.317 2.218 2.049 2.473 2.568 2.416 2.028 1.858 1.668 2.383
36.4041 3.119 3.168 3.093 2.9 2.758 2.619 2.98 2.878 2.755 2.614 2.473 2.325 2.883 2.71 2.539 2.418 2.307 2.647 2.504 2.384 2.285 2.117 2.541 2.636 2.483 2.095 1.926 1.736 2.451
37.2823 3.186 3.236 3.161 2.968 2.825 2.686 3.047 2.945 2.823 2.681 2.541 2.392 2.95 2.778 2.606 2.485 2.375 2.714 2.572 2.452 2.353 2.184 2.608 2.704 2.551 2.163 1.993 1.803 2.518
38.1817 3.254 3.303 3.228 3.035 2.893 2.754 3.115 3.013 2.891 2.749 2.608 2.46 3.018 2.845 2.674 2.553 2.442 2.782 2.639 2.519 2.42 2.252 2.676 2.771 2.618 2.23 2.061 1.871 2.586
39.1028 3.321 3.371 3.296 3.103 2.961 2.821 3.182 3.081 2.958 2.816 2.676 2.527 3.086 2.913 2.741 2.62 2.51 2.849 2.707 2.587 2.488 2.32 2.743 2.839 2.686 2.298 2.129 1.938 2.653
40.046 3.389 3.438 3.363 3.17 3.028 2.889 3.25 3.148 3.026 2.884 2.743 2.595 3.153 2.981 2.809 2.688 2.577 2.917 2.774 2.654 2.555 2.387 2.811 2.906 2.753 2.365 2.196 2.006 2.721
41.0121 3.456 3.506 3.431 3.238 3.096 2.956 3.317 3.216 3.093 2.951 2.811 2.662 3.221 3.048 2.876 2.756 2.645 2.984 2.842 2.722 2.623 2.455 2.879 2.974 2.821 2.433 2.264 2.073 2.788
42.0014 3.524 3.573 3.499 3.306 3.163 3.024 3.385 3.283 3.161 3.019 2.878 2.73 3.288 3.116 2.944 2.823 2.712 3.052 2.909 2.789 2.69 2.522 2.946 3.041 2.888 2.5 2.331 2.141 2.856
43.0146 3.603 3.652 3.577 3.384 3.242 3.103 3.464 3.362 3.24 3.098 2.957 2.809 3.367 3.194 3.023 2.902 2.791 3.131 2.988 2.868 2.769 2.601 3.025 3.12 2.967 2.579 2.41 2.22 2.935
44.0523 3.704 3.753 3.679 3.486 3.343 3.204 3.565 3.463 3.341 3.199 3.059 2.91 3.468 3.296 3.124 3.003 2.893 3.232 3.089 2.97 2.871 2.702 3.126 3.221 3.069 2.681 2.511 2.321 3.036
45.1149 3.805 3.855 3.78 3.587 3.445 3.305 3.666 3.565 3.442 3.3 3.16 3.011 3.57 3.397 3.225 3.105 2.994 3.333 3.191 3.071 2.972 2.804 3.227 3.323 3.17 2.782 2.613 2.422 3.137
46.2033 3.907 3.956 3.881 3.688 3.546 3.407 3.768 3.666 3.544 3.402 3.261 3.113 3.671 3.498 3.327 3.206 3.095 3.435 3.292 3.172 3.073 2.905 3.329 3.424 3.271 2.883 2.714 2.524 3.239
47.3178 4.008 4.057 3.983 3.79 3.647 3.508 3.869 3.767 3.645 3.503 3.363 3.214 3.772 3.6 3.428 3.307 3.197 3.536 3.393 3.274 3.175 3.006 3.43 3.525 3.373 2.985 2.815 2.625 3.34
48.4593 4.109 4.159 4.084 3.891 3.749 3.609 3.97 3.869 3.746 3.604 3.464 3.315 3.874 3.701 3.529 3.409 3.298 3.637 3.495 3.375 3.276 3.108 3.531 3.627 3.474 3.086 2.917 2.726 3.441
49.6283 4.211 4.26 4.185 3.992 3.85 3.711 4.072 3.97 3.848 3.706 3.565 3.417 3.975 3.802 3.631 3.51 3.399 3.739 3.596 3.476 3.377 3.209 3.633 3.728 3.575 3.187 3.018 2.828 3.543
50.8255 4.312 4.361 4.287 4.094 3.951 3.812 4.173 4.071 3.949 3.807 3.667 3.518 4.076 3.904 3.732 3.611 3.501 3.84 3.697 3.578 3.479 3.31 3.734 3.829 3.677 3.289 3.119 2.929 3.644
52.0515 4.413 4.463 4.388 4.195 4.053 3.913 4.274 4.173 4.05 3.908 3.768 3.619 4.178 4.005 3.833 3.713 3.602 3.941 3.799 3.679 3.58 3.412 3.835 3.931 3.778 3.39 3.221 3.03 3.745
53.3072 4.515 4.564 4.489 4.296 4.154 4.015 4.376 4.274 4.152 4.01 3.869 3.721 4.279 4.106 3.935 3.814 3.703 4.043 3.9 3.78 3.681 3.513 3.937 4.032 3.879 3.491 3.322 3.132 3.847
54.5931 4.646 4.695 4.62 4.427 4.285 4.146 4.507 4.405 4.283 4.141 4.0 3.852 4.41 4.238 4.066 3.945 3.834 4.174 4.031 3.911 3.812 3.644 4.068 4.163 4.01 3.622 3.453 3.263 3.978
55.9101 4.81 4.859 4.784 4.591 4.449 4.31 4.671 4.569 4.447 4.305 4.164 4.016 4.574 4.402 4.23 4.109 3.998 4.338 4.195 4.075 3.976 3.808 4.232 4.327 4.174 3.786 3.617 3.427 4.142
57.2588 4.974 5.023 4.948 4.755 4.613 4.474 4.835 4.733 4.611 4.469 4.328 4.18 4.738 4.566 4.394 4.273 4.162 4.502 4.359 4.239 4.14 3.972 4.396 4.491 4.338 3.95 3.781 3.591 4.306
58.6401 5.138 5.187 5.112 4.92 4.777 4.638 4.999 4.897 4.775 4.633 4.492 4.344 4.902 4.73 4.558 4.437 4.326 4.666 4.523 4.403 4.304 4.136 4.56 4.655 4.502 4.114 3.945 3.755 4.47
60.0546 5.302 5.351 5.276 5.084 4.941 4.802 5.163 5.061 4.939 4.797 4.656 4.508 5.066 4.894 4.722 4.601 4.49 4.83 4.687 4.567 4.468 4.3 4.724 4.819 4.666 4.278 4.109 3.919 4.634
61.5034 5.466 5.515 5.44 5.248 5.105 4.966 5.327 5.225 5.103 4.961 4.82 4.672 5.23 5.058 4.886 4.765 4.654 4.994 4.851 4.731 4.632 4.464 4.888 4.983 4.83 4.442 4.273 4.083 4.798
62.987 5.63 5.679 5.604 5.412 5.269 5.13 5.491 5.389 5.267 5.125 4.984 4.836 5.394 5.222 5.05 4.929 4.818 5.158 5.015 4.895 4.796 4.628 5.052 5.147 4.994 4.606 4.437 4.247 4.962
64.5065 5.794 5.843 5.768 5.576 5.433 5.294 5.655 5.553 5.431 5.289 5.148 5.0 5.558 5.386 5.214 5.093 4.982 5.322 5.179 5.059 4.96 4.792 5.216 5.311 5.158 4.77 4.601 4.411 5.126
66.0626 5.958 6.007 5.932 5.74 5.597 5.458 5.819 5.717 5.595 5.453 5.312 5.164 5.722 5.55 5.378 5.257 5.146 5.486 5.343 5.223 5.124 4.956 5.38 5.475 5.322 4.934 4.765 4.575 5.29
67.6562 6.122 6.171 6.096 5.904 5.761 5.622 5.983 5.881 5.759 5.617 5.476 5.328 5.886 5.714 5.542 5.421 5.31 5.65 5.507 5.387 5.288 5.12 5.544 5.639 5.486 5.098 4.929 4.739 5.454
69.2883 6.378 6.428 6.353 6.16 6.018 5.879 6.239 6.138 6.015 5.873 5.733 5.584 6.143 5.97 5.798 5.678 5.567 5.906 5.764 5.644 5.545 5.377 5.801 5.896 5.743 5.355 5.186 4.995 5.71
70.9597 6.692 6.741 6.667 6.474 6.331 6.192 6.553 6.451 6.329 6.187 6.046 5.898 6.456 6.284 6.112 5.991 5.881 6.22 6.077 5.958 5.859 5.69 6.114 6.209 6.057 5.669 5.499 5.309 6.024
72.6715 7.006 7.055 6.98 6.787 6.645 6.506 6.866 6.765 6.642 6.501 6.36 6.211 6.77 6.597 6.425 6.305 6.194 6.534 6.391 6.271 6.172 6.004 6.428 6.523 6.37 5.982 5.813 5.622 6.337
74.4246 7.319 7.369 7.294 7.101 6.958 6.819 7.18 7.078 6.956 6.814 6.674 6.525 7.083 6.911 6.739 6.618 6.508 6.847 6.705 6.585 6.486 6.317 6.741 6.836 6.684 6.296 6.126 5.936 6.651
76.2199 7.633 7.682 7.607 7.414 7.272 7.133 7.494 7.392 7.27 7.128 6.987 6.839 7.397 7.224 7.053 6.932 6.821 7.161 7.018 6.898 6.799 6.631 7.055 7.15 6.997 6.609 6.44 6.25 6.965
78.0586 7.946 7.996 7.921 7.728 7.586 7.446 7.807 7.706 7.583 7.441 7.301 7.152 7.711 7.538 7.366 7.245 7.135 7.474 7.332 7.212 7.113 6.945 7.368 7.464 7.311 6.923 6.754 6.563 7.278
79.9416 8.26 8.309 8.234 8.041 7.899 7.76 8.121 8.019 7.897 7.755 7.614 7.466 8.024 7.852 7.68 7.559 7.448 7.788 7.645 7.525 7.426 7.258 7.682 7.777 7.624 7.236 7.067 6.877 7.592
81.87 8.573 8.623 8.548 8.355 8.213 8.074 8.434 8.333 8.21 8.068 7.928 7.779 8.338 8.165 7.993 7.873 7.762 8.101 7.959 7.839 7.74 7.572 7.996 8.091 7.938 7.55 7.381 7.19 7.905
83.845 8.887 8.936 8.862 8.669 8.526 8.387 8.748 8.646 8.524 8.382 8.241 8.093 8.651 8.479 8.307 8.186 8.076 8.415 8.272 8.153 8.054 7.885 8.309 8.404 8.252 7.864 7.694 7.504 8.219
85.8676 9.201 9.25 9.175 8.982 8.84 8.701 9.061 8.96 8.837 8.696 8.555 8.406 8.965 8.792 8.62 8.5 8.389 8.729 8.586 8.466 8.367 8.199 8.623 8.718 8.565 8.177 8.008 7.817 8.532
87.939 9.514 9.564 9.489 9.296 9.153 9.014 9.375 9.273 9.151 9.009 8.869 8.72 9.278 9.106 8.934 8.813 8.703 9.042 8.9 8.78 8.681 8.512 8.936 9.031 8.879 8.491 8.321 8.131 8.846
90.0604 9.828 9.877 9.802 9.609 9.467 9.328 9.689 9.587 9.465 9.323 9.182 9.034 9.592 9.419 9.248 9.127 9.016 9.356 9.213 9.093 8.994 8.826 9.25 9.345 9.192 8.804 8.635 8.445 9.16
92.2329 10.141 10.191 10.116 9.923 9.78 9.641 10.002 9.901 9.778 9.636 9.496 9.347 9.906 9.733 9.561 9.44 9.33 9.669 9.527 9.407 9.308 9.14 9.563 9.659 9.506 9.118 8.948 8.758 9.473
94.4579 10.455 10.504 10.429 10.236 10.094 9.955 10.316 10.214 10.092 9.95 9.809 9.661 10.219 10.047 9.875 9.754 9.643 9.983 9.84 9.72 9.621 9.453 9.877 9.972 9.819 9.431 9.262 9.072 9.787
96.7365 10.768 10.818 10.743 10.55 10.408 10.268 10.629 10.528 10.405 10.263 10.123 9.974 10.533 10.36 10.188 10.068 9.957 10.296 10.154 10.034 9.935 9.767 10.191 10.286 10.133 9.745 9.576 9.385 10.1
99.0701 11.082 11.131 11.057 10.864 10.721 10.582 10.943 10.841 10.719 10.577 10.436 10.288 10.846 10.674 10.502 10.381 10.27 10.61 10.467 10.348 10.248 10.08 10.504 10.599 10.446 10.059 9.889 9.699 10.414
101.4599 11.396 11.445 11.37 11.177 11.035 10.896 11.256 11.155 11.032 10.89 10.75 10.601 11.16 10.987 10.815 10.695 10.584 10.923 10.781 10.661 10.562 10.394 10.818 10.913 10.76 10.372 10.203 10.012 10.727
103.9075 11.709 11.759 11.684 11.491 11.348 11.209 11.57 11.468 11.346 11.204 11.064 10.915 11.473 11.301 11.129 11.008 10.898 11.237 11.094 10.975 10.876 10.707 11.131 11.226 11.074 10.686 10.516 10.326 11.041
106.4141 12.023 12.072 11.997 11.804 11.662 11.523 11.884 11.782 11.659 11.518 11.377 11.229 11.787 11.614 11.443 11.322 11.211 11.551 11.408 11.288 11.189 11.021 11.445 11.54 11.387 10.999 10.83 10.64 11.355
108.9811 12.336 12.386 12.311 12.118 11.975 11.836 12.197 12.095 11.973 11.831 11.691 11.542 12.101 11.928 11.756 11.635 11.525 11.864 11.722 11.602 11.503 11.334 11.758 11.854 11.701 11.313 11.143 10.953 11.668
111.6101 12.65 12.699 12.624 12.431 12.289 12.15 12.511 12.409 12.287 12.145 12.004 11.856 12.414 12.241 12.07 11.949 11.838 12.178 12.035 11.915 11.816 11.648 12.072 12.167 12.014 11.626 11.457 11.267 11.982
114.3025 12.963 13.013 12.938 12.745 12.603 12.463 12.824 12.723 12.6 12.458 12.318 12.169 12.728 12.555 12.383 12.263 12.152 12.491 12.349 12.229 12.13 11.962 12.385 12.481 12.328 11.94 11.771 11.58 12.295
117.0598 13.277 13.326 13.252 13.059 12.916 12.777 13.138 13.036 12.914 12.772 12.631 12.483 13.041 12.869 12.697 12.576 12.465 12.805 12.662 12.542 12.443 12.275 12.699 12.794 12.641 12.253 12.084 11.894 12.609
119.8836 13.59 13.64 13.565 13.372 13.23 13.091 13.451 13.35 13.227 13.085 12.945 12.796 13.355 13.182 13.01 12.89 12.779 13.118 12.976 12.856 12.757 12.589 13.013 13.108 12.955 12.567 12.398 12.207 12.922
122.7756 13.904 13.954 13.879 13.686 13.543 13.404 13.765 13.663 13.541 13.399 13.259 13.11 13.668 13.496 13.324 13.203 13.093 13.432 13.289 13.17 13.071 12.902 13.326 13.421 13.269 12.881 12.711 12.521 13.236
125.7373 14.218 14.267 14.192 13.999 13.857 13.718 14.079 13.977 13.854 13.713 13.572 13.424 13.982 13.809 13.637 13.517 13.406 13.746 13.603 13.483 13.384 13.216 13.64 13.735 13.582 13.194 13.025 12.835 13.55
128.7705 14.531 14.581 14.506 14.313 14.17 14.031 14.392 14.29 14.168 14.026 13.886 13.737 14.295 14.123 13.951 13.83 13.72 14.059 13.917 13.797 13.698 13.529 13.953 14.049 13.896 13.508 13.338 13.148 13.863
131.8769 14.845 14.894 14.819 14.626 14.484 14.345 14.706 14.604 14.482 14.34 14.199 14.051 14.609 14.436 14.265 14.144 14.033 14.373 14.23 14.11 14.011 13.843 14.267 14.362 14.209 13.821 13.652 13.462 14.177
135.0582 15.158 15.208 15.133 14.94 14.798 14.658 15.019 14.918 14.795 14.653 14.513 14.364 14.923 14.75 14.578 14.457 14.347 14.686 14.544 14.424 14.325 14.157 14.58 14.676 14.523 14.135 13.966 13.775 14.49
138.3162 15.472 15.521 15.446 15.254 15.111 14.972 15.333 15.231 15.109 14.967 14.826 14.678 15.236 15.064 14.892 14.771 14.66 15.0 14.857 14.737 14.638 14.47 14.894 14.989 14.836 14.448 14.279 14.089 14.804
