web/models/linear/63/-17_694_0_041.dat
# %ECSV 1.0
# ---
# datatype:
# - {name: time, datatype: float64}
# - {name: sdss_u, datatype: float64}
# - {name: sdss_g, datatype: float64}
# - {name: sdss_r, datatype: float64}
# - {name: sdss_i, datatype: float64}
# - {name: sdss_z, datatype: float64}
# - {name: Clear, datatype: float64}
# - {name: johnson_B, datatype: float64}
# - {name: johnson_V, datatype: float64}
# - {name: johnson_R, datatype: float64}
# - {name: johnson_I, datatype: float64}
# - {name: ukirt_J, datatype: float64}
# - {name: ukirt_H, datatype: float64}
# - {name: ukirt_K, datatype: float64}
# meta: !!omap
# - comment: [M=-17.693877551020407, dM=0.04138386210422373]
# schema: astropy-2.0
time sdss_u sdss_g sdss_r sdss_i sdss_z Clear johnson_B johnson_V johnson_R johnson_I ukirt_J ukirt_H ukirt_K
[from data line 59]
4.447236180904522 -17.50983374216494 -17.50983374216494 -17.50983374216494 -17.50983374216494 -17.50983374216494 -17.50983374216494 -17.50983374216494 -17.50983374216494 -17.50983374216494 -17.50983374216494 -17.50983374216494 -17.50983374216494 -17.50983374216494
4.522613065326633 -17.506714355574168 -17.506714355574168 -17.506714355574168 -17.506714355574168 -17.506714355574168 -17.506714355574168 -17.506714355574168 -17.506714355574168 -17.506714355574168 -17.506714355574168 -17.506714355574168 -17.506714355574168 -17.506714355574168
4.597989949748744 -17.5035949689834 -17.5035949689834 -17.5035949689834 -17.5035949689834 -17.5035949689834 -17.5035949689834 -17.5035949689834 -17.5035949689834 -17.5035949689834 -17.5035949689834 -17.5035949689834 -17.5035949689834 -17.5035949689834
4.673366834170854 -17.500475582392628 -17.500475582392628 -17.500475582392628 -17.500475582392628 -17.500475582392628 -17.500475582392628 -17.500475582392628 -17.500475582392628 -17.500475582392628 -17.500475582392628 -17.500475582392628 -17.500475582392628 -17.500475582392628
4.748743718592964 -17.497356195801856 -17.497356195801856 -17.497356195801856 -17.497356195801856 -17.497356195801856 -17.497356195801856 -17.497356195801856 -17.497356195801856 -17.497356195801856 -17.497356195801856 -17.497356195801856 -17.497356195801856 -17.497356195801856
4.824120603015075 -17.494236809211085 -17.494236809211085 -17.494236809211085 -17.494236809211085 -17.494236809211085 -17.494236809211085 -17.494236809211085 -17.494236809211085 -17.494236809211085 -17.494236809211085 -17.494236809211085 -17.494236809211085 -17.494236809211085
4.899497487437186 -17.491117422620317 -17.491117422620317 -17.491117422620317 -17.491117422620317 -17.491117422620317 -17.491117422620317 -17.491117422620317 -17.491117422620317 -17.491117422620317 -17.491117422620317 -17.491117422620317 -17.491117422620317 -17.491117422620317
4.974874371859296 -17.487998036029545 -17.487998036029545 -17.487998036029545 -17.487998036029545 -17.487998036029545 -17.487998036029545 -17.487998036029545 -17.487998036029545 -17.487998036029545 -17.487998036029545 -17.487998036029545 -17.487998036029545 -17.487998036029545
5.050251256281406 -17.484878649438773 -17.484878649438773 -17.484878649438773 -17.484878649438773 -17.484878649438773 -17.484878649438773 -17.484878649438773 -17.484878649438773 -17.484878649438773 -17.484878649438773 -17.484878649438773 -17.484878649438773 -17.484878649438773
5.125628140703517 -17.481759262848005 -17.481759262848005 -17.481759262848005 -17.481759262848005 -17.481759262848005 -17.481759262848005 -17.481759262848005 -17.481759262848005 -17.481759262848005 -17.481759262848005 -17.481759262848005 -17.481759262848005 -17.481759262848005
5.201005025125628 -17.478639876257233 -17.478639876257233 -17.478639876257233 -17.478639876257233 -17.478639876257233 -17.478639876257233 -17.478639876257233 -17.478639876257233 -17.478639876257233 -17.478639876257233 -17.478639876257233 -17.478639876257233 -17.478639876257233
5.276381909547738 -17.47552048966646 -17.47552048966646 -17.47552048966646 -17.47552048966646 -17.47552048966646 -17.47552048966646 -17.47552048966646 -17.47552048966646 -17.47552048966646 -17.47552048966646 -17.47552048966646 -17.47552048966646 -17.47552048966646
5.351758793969848 -17.472401103075693 -17.472401103075693 -17.472401103075693 -17.472401103075693 -17.472401103075693 -17.472401103075693 -17.472401103075693 -17.472401103075693 -17.472401103075693 -17.472401103075693 -17.472401103075693 -17.472401103075693 -17.472401103075693
5.427135678391959 -17.46928171648492 -17.46928171648492 -17.46928171648492 -17.46928171648492 -17.46928171648492 -17.46928171648492 -17.46928171648492 -17.46928171648492 -17.46928171648492 -17.46928171648492 -17.46928171648492 -17.46928171648492 -17.46928171648492
5.50251256281407 -17.46616232989415 -17.46616232989415 -17.46616232989415 -17.46616232989415 -17.46616232989415 -17.46616232989415 -17.46616232989415 -17.46616232989415 -17.46616232989415 -17.46616232989415 -17.46616232989415 -17.46616232989415 -17.46616232989415
5.57788944723618 -17.46304294330338 -17.46304294330338 -17.46304294330338 -17.46304294330338 -17.46304294330338 -17.46304294330338 -17.46304294330338 -17.46304294330338 -17.46304294330338 -17.46304294330338 -17.46304294330338 -17.46304294330338 -17.46304294330338
5.6532663316582905 -17.45992355671261 -17.45992355671261 -17.45992355671261 -17.45992355671261 -17.45992355671261 -17.45992355671261 -17.45992355671261 -17.45992355671261 -17.45992355671261 -17.45992355671261 -17.45992355671261 -17.45992355671261 -17.45992355671261
5.7286432160804015 -17.45680417012184 -17.45680417012184 -17.45680417012184 -17.45680417012184 -17.45680417012184 -17.45680417012184 -17.45680417012184 -17.45680417012184 -17.45680417012184 -17.45680417012184 -17.45680417012184 -17.45680417012184 -17.45680417012184
5.8040201005025125 -17.453684783531067 -17.453684783531067 -17.453684783531067 -17.453684783531067 -17.453684783531067 -17.453684783531067 -17.453684783531067 -17.453684783531067 -17.453684783531067 -17.453684783531067 -17.453684783531067 -17.453684783531067 -17.453684783531067
5.879396984924623 -17.4505653969403 -17.4505653969403 -17.4505653969403 -17.4505653969403 -17.4505653969403 -17.4505653969403 -17.4505653969403 -17.4505653969403 -17.4505653969403 -17.4505653969403 -17.4505653969403 -17.4505653969403 -17.4505653969403
5.954773869346733 -17.447446010349527 -17.447446010349527 -17.447446010349527 -17.447446010349527 -17.447446010349527 -17.447446010349527 -17.447446010349527 -17.447446010349527 -17.447446010349527 -17.447446010349527 -17.447446010349527 -17.447446010349527 -17.447446010349527
6.030150753768844 -17.444326623758755 -17.444326623758755 -17.444326623758755 -17.444326623758755 -17.444326623758755 -17.444326623758755 -17.444326623758755 -17.444326623758755 -17.444326623758755 -17.444326623758755 -17.444326623758755 -17.444326623758755 -17.444326623758755
6.105527638190955 -17.441207237167987 -17.441207237167987 -17.441207237167987 -17.441207237167987 -17.441207237167987 -17.441207237167987 -17.441207237167987 -17.441207237167987 -17.441207237167987 -17.441207237167987 -17.441207237167987 -17.441207237167987 -17.441207237167987
6.180904522613065 -17.438087850577215 -17.438087850577215 -17.438087850577215 -17.438087850577215 -17.438087850577215 -17.438087850577215 -17.438087850577215 -17.438087850577215 -17.438087850577215 -17.438087850577215 -17.438087850577215 -17.438087850577215 -17.438087850577215
6.256281407035175 -17.434968463986444 -17.434968463986444 -17.434968463986444 -17.434968463986444 -17.434968463986444 -17.434968463986444 -17.434968463986444 -17.434968463986444 -17.434968463986444 -17.434968463986444 -17.434968463986444 -17.434968463986444 -17.434968463986444
6.331658291457286 -17.431849077395675 -17.431849077395675 -17.431849077395675 -17.431849077395675 -17.431849077395675 -17.431849077395675 -17.431849077395675 -17.431849077395675 -17.431849077395675 -17.431849077395675 -17.431849077395675 -17.431849077395675 -17.431849077395675
6.407035175879397 -17.428729690804904 -17.428729690804904 -17.428729690804904 -17.428729690804904 -17.428729690804904 -17.428729690804904 -17.428729690804904 -17.428729690804904 -17.428729690804904 -17.428729690804904 -17.428729690804904 -17.428729690804904 -17.428729690804904
6.482412060301507 -17.425610304214132 -17.425610304214132 -17.425610304214132 -17.425610304214132 -17.425610304214132 -17.425610304214132 -17.425610304214132 -17.425610304214132 -17.425610304214132 -17.425610304214132 -17.425610304214132 -17.425610304214132 -17.425610304214132
6.557788944723617 -17.42249091762336 -17.42249091762336 -17.42249091762336 -17.42249091762336 -17.42249091762336 -17.42249091762336 -17.42249091762336 -17.42249091762336 -17.42249091762336 -17.42249091762336 -17.42249091762336 -17.42249091762336 -17.42249091762336
6.633165829145728 -17.419371531032592 -17.419371531032592 -17.419371531032592 -17.419371531032592 -17.419371531032592 -17.419371531032592 -17.419371531032592 -17.419371531032592 -17.419371531032592 -17.419371531032592 -17.419371531032592 -17.419371531032592 -17.419371531032592
6.708542713567839 -17.41625214444182 -17.41625214444182 -17.41625214444182 -17.41625214444182 -17.41625214444182 -17.41625214444182 -17.41625214444182 -17.41625214444182 -17.41625214444182 -17.41625214444182 -17.41625214444182 -17.41625214444182 -17.41625214444182
6.783919597989949 -17.41313275785105 -17.41313275785105 -17.41313275785105 -17.41313275785105 -17.41313275785105 -17.41313275785105 -17.41313275785105 -17.41313275785105 -17.41313275785105 -17.41313275785105 -17.41313275785105 -17.41313275785105 -17.41313275785105
6.859296482412059 -17.41001337126028 -17.41001337126028 -17.41001337126028 -17.41001337126028 -17.41001337126028 -17.41001337126028 -17.41001337126028 -17.41001337126028 -17.41001337126028 -17.41001337126028 -17.41001337126028 -17.41001337126028 -17.41001337126028
6.93467336683417 -17.40689398466951 -17.40689398466951 -17.40689398466951 -17.40689398466951 -17.40689398466951 -17.40689398466951 -17.40689398466951 -17.40689398466951 -17.40689398466951 -17.40689398466951 -17.40689398466951 -17.40689398466951 -17.40689398466951
7.010050251256281 -17.403774598078737 -17.403774598078737 -17.403774598078737 -17.403774598078737 -17.403774598078737 -17.403774598078737 -17.403774598078737 -17.403774598078737 -17.403774598078737 -17.403774598078737 -17.403774598078737 -17.403774598078737 -17.403774598078737
7.085427135678391 -17.40065521148797 -17.40065521148797 -17.40065521148797 -17.40065521148797 -17.40065521148797 -17.40065521148797 -17.40065521148797 -17.40065521148797 -17.40065521148797 -17.40065521148797 -17.40065521148797 -17.40065521148797 -17.40065521148797
7.160804020100501 -17.397535824897197 -17.397535824897197 -17.397535824897197 -17.397535824897197 -17.397535824897197 -17.397535824897197 -17.397535824897197 -17.397535824897197 -17.397535824897197 -17.397535824897197 -17.397535824897197 -17.397535824897197 -17.397535824897197
7.236180904522612 -17.394416438306425 -17.394416438306425 -17.394416438306425 -17.394416438306425 -17.394416438306425 -17.394416438306425 -17.394416438306425 -17.394416438306425 -17.394416438306425 -17.394416438306425 -17.394416438306425 -17.394416438306425 -17.394416438306425
7.311557788944723 -17.391297051715654 -17.391297051715654 -17.391297051715654 -17.391297051715654 -17.391297051715654 -17.391297051715654 -17.391297051715654 -17.391297051715654 -17.391297051715654 -17.391297051715654 -17.391297051715654 -17.391297051715654 -17.391297051715654
7.3869346733668335 -17.388177665124886 -17.388177665124886 -17.388177665124886 -17.388177665124886 -17.388177665124886 -17.388177665124886 -17.388177665124886 -17.388177665124886 -17.388177665124886 -17.388177665124886 -17.388177665124886 -17.388177665124886 -17.388177665124886
7.462311557788944 -17.385058278534114 -17.385058278534114 -17.385058278534114 -17.385058278534114 -17.385058278534114 -17.385058278534114 -17.385058278534114 -17.385058278534114 -17.385058278534114 -17.385058278534114 -17.385058278534114 -17.385058278534114 -17.385058278534114
7.537688442211055 -17.381938891943342 -17.381938891943342 -17.381938891943342 -17.381938891943342 -17.381938891943342 -17.381938891943342 -17.381938891943342 -17.381938891943342 -17.381938891943342 -17.381938891943342 -17.381938891943342 -17.381938891943342 -17.381938891943342
7.613065326633166 -17.378819505352574 -17.378819505352574 -17.378819505352574 -17.378819505352574 -17.378819505352574 -17.378819505352574 -17.378819505352574 -17.378819505352574 -17.378819505352574 -17.378819505352574 -17.378819505352574 -17.378819505352574 -17.378819505352574
7.688442211055276 -17.375700118761802 -17.375700118761802 -17.375700118761802 -17.375700118761802 -17.375700118761802 -17.375700118761802 -17.375700118761802 -17.375700118761802 -17.375700118761802 -17.375700118761802 -17.375700118761802 -17.375700118761802 -17.375700118761802
7.763819095477386 -17.37258073217103 -17.37258073217103 -17.37258073217103 -17.37258073217103 -17.37258073217103 -17.37258073217103 -17.37258073217103 -17.37258073217103 -17.37258073217103 -17.37258073217103 -17.37258073217103 -17.37258073217103 -17.37258073217103
7.839195979899497 -17.369461345580262 -17.369461345580262 -17.369461345580262 -17.369461345580262 -17.369461345580262 -17.369461345580262 -17.369461345580262 -17.369461345580262 -17.369461345580262 -17.369461345580262 -17.369461345580262 -17.369461345580262 -17.369461345580262
7.914572864321608 -17.36634195898949 -17.36634195898949 -17.36634195898949 -17.36634195898949 -17.36634195898949 -17.36634195898949 -17.36634195898949 -17.36634195898949 -17.36634195898949 -17.36634195898949 -17.36634195898949 -17.36634195898949 -17.36634195898949
7.989949748743718 -17.36322257239872 -17.36322257239872 -17.36322257239872 -17.36322257239872 -17.36322257239872 -17.36322257239872 -17.36322257239872 -17.36322257239872 -17.36322257239872 -17.36322257239872 -17.36322257239872 -17.36322257239872 -17.36322257239872
8.065326633165828 -17.36010318580795 -17.36010318580795 -17.36010318580795 -17.36010318580795 -17.36010318580795 -17.36010318580795 -17.36010318580795 -17.36010318580795 -17.36010318580795 -17.36010318580795 -17.36010318580795 -17.36010318580795 -17.36010318580795
8.140703517587939 -17.35698379921718 -17.35698379921718 -17.35698379921718 -17.35698379921718 -17.35698379921718 -17.35698379921718 -17.35698379921718 -17.35698379921718 -17.35698379921718 -17.35698379921718 -17.35698379921718 -17.35698379921718 -17.35698379921718
8.21608040201005 -17.353864412626407 -17.353864412626407 -17.353864412626407 -17.353864412626407 -17.353864412626407 -17.353864412626407 -17.353864412626407 -17.353864412626407 -17.353864412626407 -17.353864412626407 -17.353864412626407 -17.353864412626407 -17.353864412626407
8.29145728643216 -17.350745026035636 -17.350745026035636 -17.350745026035636 -17.350745026035636 -17.350745026035636 -17.350745026035636 -17.350745026035636 -17.350745026035636 -17.350745026035636 -17.350745026035636 -17.350745026035636 -17.350745026035636 -17.350745026035636
8.36683417085427 -17.347625639444868 -17.347625639444868 -17.347625639444868 -17.347625639444868 -17.347625639444868 -17.347625639444868 -17.347625639444868 -17.347625639444868 -17.347625639444868 -17.347625639444868 -17.347625639444868 -17.347625639444868 -17.347625639444868
8.442211055276381 -17.344506252854096 -17.344506252854096 -17.344506252854096 -17.344506252854096 -17.344506252854096 -17.344506252854096 -17.344506252854096 -17.344506252854096 -17.344506252854096 -17.344506252854096 -17.344506252854096 -17.344506252854096 -17.344506252854096
8.517587939698492 -17.341386866263324 -17.341386866263324 -17.341386866263324 -17.341386866263324 -17.341386866263324 -17.341386866263324 -17.341386866263324 -17.341386866263324 -17.341386866263324 -17.341386866263324 -17.341386866263324 -17.341386866263324 -17.341386866263324
8.592964824120603 -17.338267479672556 -17.338267479672556 -17.338267479672556 -17.338267479672556 -17.338267479672556 -17.338267479672556 -17.338267479672556 -17.338267479672556 -17.338267479672556 -17.338267479672556 -17.338267479672556 -17.338267479672556 -17.338267479672556
8.668341708542712 -17.335148093081784 -17.335148093081784 -17.335148093081784 -17.335148093081784 -17.335148093081784 -17.335148093081784 -17.335148093081784 -17.335148093081784 -17.335148093081784 -17.335148093081784 -17.335148093081784 -17.335148093081784 -17.335148093081784
8.743718592964823 -17.332028706491013 -17.332028706491013 -17.332028706491013 -17.332028706491013 -17.332028706491013 -17.332028706491013 -17.332028706491013 -17.332028706491013 -17.332028706491013 -17.332028706491013 -17.332028706491013 -17.332028706491013 -17.332028706491013
