web/models/linear/19/-13_653_0_012.dat
# %ECSV 1.0
# ---
# datatype:
# - {name: time, datatype: float64}
# - {name: sdss_u, datatype: float64}
# - {name: sdss_g, datatype: float64}
# - {name: sdss_r, datatype: float64}
# - {name: sdss_i, datatype: float64}
# - {name: sdss_z, datatype: float64}
# - {name: Clear, datatype: float64}
# - {name: johnson_B, datatype: float64}
# - {name: johnson_V, datatype: float64}
# - {name: johnson_R, datatype: float64}
# - {name: johnson_I, datatype: float64}
# - {name: ukirt_J, datatype: float64}
# - {name: ukirt_H, datatype: float64}
# - {name: ukirt_K, datatype: float64}
# meta: !!omap
# - comment: [M=-13.653061224489797, dM=0.011964301412374053]
# schema: astropy-2.0
time sdss_u sdss_g sdss_r sdss_i sdss_z Clear johnson_B johnson_V johnson_R johnson_I ukirt_J ukirt_H ukirt_K
0.0 -13.653061224489797 -13.653061224489797 -13.653061224489797 -13.653061224489797 -13.653061224489797 -13.653061224489797 -13.653061224489797 -13.653061224489797 -13.653061224489797 -13.653061224489797 -13.653061224489797 -13.653061224489797 -13.653061224489797
0.07537688442211055 -13.652159392725045 -13.652159392725045 -13.652159392725045 -13.652159392725045 -13.652159392725045 -13.652159392725045 -13.652159392725045 -13.652159392725045 -13.652159392725045 -13.652159392725045 -13.652159392725045 -13.652159392725045 -13.652159392725045
0.1507537688442211 -13.651257560960293 -13.651257560960293 -13.651257560960293 -13.651257560960293 -13.651257560960293 -13.651257560960293 -13.651257560960293 -13.651257560960293 -13.651257560960293 -13.651257560960293 -13.651257560960293 -13.651257560960293 -13.651257560960293
0.22613065326633164 -13.65035572919554 -13.65035572919554 -13.65035572919554 -13.65035572919554 -13.65035572919554 -13.65035572919554 -13.65035572919554 -13.65035572919554 -13.65035572919554 -13.65035572919554 -13.65035572919554 -13.65035572919554 -13.65035572919554
0.3015075376884422 -13.649453897430789 -13.649453897430789 -13.649453897430789 -13.649453897430789 -13.649453897430789 -13.649453897430789 -13.649453897430789 -13.649453897430789 -13.649453897430789 -13.649453897430789 -13.649453897430789 -13.649453897430789 -13.649453897430789
0.37688442211055273 -13.648552065666038 -13.648552065666038 -13.648552065666038 -13.648552065666038 -13.648552065666038 -13.648552065666038 -13.648552065666038 -13.648552065666038 -13.648552065666038 -13.648552065666038 -13.648552065666038 -13.648552065666038 -13.648552065666038
0.4522613065326633 -13.647650233901286 -13.647650233901286 -13.647650233901286 -13.647650233901286 -13.647650233901286 -13.647650233901286 -13.647650233901286 -13.647650233901286 -13.647650233901286 -13.647650233901286 -13.647650233901286 -13.647650233901286 -13.647650233901286
0.5276381909547738 -13.646748402136534 -13.646748402136534 -13.646748402136534 -13.646748402136534 -13.646748402136534 -13.646748402136534 -13.646748402136534 -13.646748402136534 -13.646748402136534 -13.646748402136534 -13.646748402136534 -13.646748402136534 -13.646748402136534
0.6030150753768844 -13.645846570371782 -13.645846570371782 -13.645846570371782 -13.645846570371782 -13.645846570371782 -13.645846570371782 -13.645846570371782 -13.645846570371782 -13.645846570371782 -13.645846570371782 -13.645846570371782 -13.645846570371782 -13.645846570371782
0.6783919597989949 -13.64494473860703 -13.64494473860703 -13.64494473860703 -13.64494473860703 -13.64494473860703 -13.64494473860703 -13.64494473860703 -13.64494473860703 -13.64494473860703 -13.64494473860703 -13.64494473860703 -13.64494473860703 -13.64494473860703
0.7537688442211055 -13.644042906842278 -13.644042906842278 -13.644042906842278 -13.644042906842278 -13.644042906842278 -13.644042906842278 -13.644042906842278 -13.644042906842278 -13.644042906842278 -13.644042906842278 -13.644042906842278 -13.644042906842278 -13.644042906842278
0.829145728643216 -13.643141075077526 -13.643141075077526 -13.643141075077526 -13.643141075077526 -13.643141075077526 -13.643141075077526 -13.643141075077526 -13.643141075077526 -13.643141075077526 -13.643141075077526 -13.643141075077526 -13.643141075077526 -13.643141075077526
0.9045226130653266 -13.642239243312774 -13.642239243312774 -13.642239243312774 -13.642239243312774 -13.642239243312774 -13.642239243312774 -13.642239243312774 -13.642239243312774 -13.642239243312774 -13.642239243312774 -13.642239243312774 -13.642239243312774 -13.642239243312774
0.9798994974874371 -13.641337411548022 -13.641337411548022 -13.641337411548022 -13.641337411548022 -13.641337411548022 -13.641337411548022 -13.641337411548022 -13.641337411548022 -13.641337411548022 -13.641337411548022 -13.641337411548022 -13.641337411548022 -13.641337411548022
1.0552763819095476 -13.640435579783272 -13.640435579783272 -13.640435579783272 -13.640435579783272 -13.640435579783272 -13.640435579783272 -13.640435579783272 -13.640435579783272 -13.640435579783272 -13.640435579783272 -13.640435579783272 -13.640435579783272 -13.640435579783272
1.1306532663316582 -13.63953374801852 -13.63953374801852 -13.63953374801852 -13.63953374801852 -13.63953374801852 -13.63953374801852 -13.63953374801852 -13.63953374801852 -13.63953374801852 -13.63953374801852 -13.63953374801852 -13.63953374801852 -13.63953374801852
1.2060301507537687 -13.638631916253768 -13.638631916253768 -13.638631916253768 -13.638631916253768 -13.638631916253768 -13.638631916253768 -13.638631916253768 -13.638631916253768 -13.638631916253768 -13.638631916253768 -13.638631916253768 -13.638631916253768 -13.638631916253768
1.2814070351758793 -13.637730084489016 -13.637730084489016 -13.637730084489016 -13.637730084489016 -13.637730084489016 -13.637730084489016 -13.637730084489016 -13.637730084489016 -13.637730084489016 -13.637730084489016 -13.637730084489016 -13.637730084489016 -13.637730084489016
1.3567839195979898 -13.636828252724264 -13.636828252724264 -13.636828252724264 -13.636828252724264 -13.636828252724264 -13.636828252724264 -13.636828252724264 -13.636828252724264 -13.636828252724264 -13.636828252724264 -13.636828252724264 -13.636828252724264 -13.636828252724264
1.4321608040201004 -13.635926420959512 -13.635926420959512 -13.635926420959512 -13.635926420959512 -13.635926420959512 -13.635926420959512 -13.635926420959512 -13.635926420959512 -13.635926420959512 -13.635926420959512 -13.635926420959512 -13.635926420959512 -13.635926420959512
1.507537688442211 -13.63502458919476 -13.63502458919476 -13.63502458919476 -13.63502458919476 -13.63502458919476 -13.63502458919476 -13.63502458919476 -13.63502458919476 -13.63502458919476 -13.63502458919476 -13.63502458919476 -13.63502458919476 -13.63502458919476
1.5829145728643215 -13.634122757430008 -13.634122757430008 -13.634122757430008 -13.634122757430008 -13.634122757430008 -13.634122757430008 -13.634122757430008 -13.634122757430008 -13.634122757430008 -13.634122757430008 -13.634122757430008 -13.634122757430008 -13.634122757430008
1.658291457286432 -13.633220925665256 -13.633220925665256 -13.633220925665256 -13.633220925665256 -13.633220925665256 -13.633220925665256 -13.633220925665256 -13.633220925665256 -13.633220925665256 -13.633220925665256 -13.633220925665256 -13.633220925665256 -13.633220925665256
1.7336683417085426 -13.632319093900504 -13.632319093900504 -13.632319093900504 -13.632319093900504 -13.632319093900504 -13.632319093900504 -13.632319093900504 -13.632319093900504 -13.632319093900504 -13.632319093900504 -13.632319093900504 -13.632319093900504 -13.632319093900504
1.809045226130653 -13.631417262135754 -13.631417262135754 -13.631417262135754 -13.631417262135754 -13.631417262135754 -13.631417262135754 -13.631417262135754 -13.631417262135754 -13.631417262135754 -13.631417262135754 -13.631417262135754 -13.631417262135754 -13.631417262135754
1.8844221105527637 -13.630515430371002 -13.630515430371002 -13.630515430371002 -13.630515430371002 -13.630515430371002 -13.630515430371002 -13.630515430371002 -13.630515430371002 -13.630515430371002 -13.630515430371002 -13.630515430371002 -13.630515430371002 -13.630515430371002
1.9597989949748742 -13.62961359860625 -13.62961359860625 -13.62961359860625 -13.62961359860625 -13.62961359860625 -13.62961359860625 -13.62961359860625 -13.62961359860625 -13.62961359860625 -13.62961359860625 -13.62961359860625 -13.62961359860625 -13.62961359860625
2.0351758793969847 -13.628711766841498 -13.628711766841498 -13.628711766841498 -13.628711766841498 -13.628711766841498 -13.628711766841498 -13.628711766841498 -13.628711766841498 -13.628711766841498 -13.628711766841498 -13.628711766841498 -13.628711766841498 -13.628711766841498
2.1105527638190953 -13.627809935076746 -13.627809935076746 -13.627809935076746 -13.627809935076746 -13.627809935076746 -13.627809935076746 -13.627809935076746 -13.627809935076746 -13.627809935076746 -13.627809935076746 -13.627809935076746 -13.627809935076746 -13.627809935076746
2.185929648241206 -13.626908103311994 -13.626908103311994 -13.626908103311994 -13.626908103311994 -13.626908103311994 -13.626908103311994 -13.626908103311994 -13.626908103311994 -13.626908103311994 -13.626908103311994 -13.626908103311994 -13.626908103311994 -13.626908103311994
2.2613065326633164 -13.626006271547242 -13.626006271547242 -13.626006271547242 -13.626006271547242 -13.626006271547242 -13.626006271547242 -13.626006271547242 -13.626006271547242 -13.626006271547242 -13.626006271547242 -13.626006271547242 -13.626006271547242 -13.626006271547242
2.336683417085427 -13.62510443978249 -13.62510443978249 -13.62510443978249 -13.62510443978249 -13.62510443978249 -13.62510443978249 -13.62510443978249 -13.62510443978249 -13.62510443978249 -13.62510443978249 -13.62510443978249 -13.62510443978249 -13.62510443978249
2.4120603015075375 -13.624202608017738 -13.624202608017738 -13.624202608017738 -13.624202608017738 -13.624202608017738 -13.624202608017738 -13.624202608017738 -13.624202608017738 -13.624202608017738 -13.624202608017738 -13.624202608017738 -13.624202608017738 -13.624202608017738
2.487437185929648 -13.623300776252988 -13.623300776252988 -13.623300776252988 -13.623300776252988 -13.623300776252988 -13.623300776252988 -13.623300776252988 -13.623300776252988 -13.623300776252988 -13.623300776252988 -13.623300776252988 -13.623300776252988 -13.623300776252988
2.5628140703517586 -13.622398944488236 -13.622398944488236 -13.622398944488236 -13.622398944488236 -13.622398944488236 -13.622398944488236 -13.622398944488236 -13.622398944488236 -13.622398944488236 -13.622398944488236 -13.622398944488236 -13.622398944488236 -13.622398944488236
2.638190954773869 -13.621497112723484 -13.621497112723484 -13.621497112723484 -13.621497112723484 -13.621497112723484 -13.621497112723484 -13.621497112723484 -13.621497112723484 -13.621497112723484 -13.621497112723484 -13.621497112723484 -13.621497112723484 -13.621497112723484
2.7135678391959797 -13.620595280958732 -13.620595280958732 -13.620595280958732 -13.620595280958732 -13.620595280958732 -13.620595280958732 -13.620595280958732 -13.620595280958732 -13.620595280958732 -13.620595280958732 -13.620595280958732 -13.620595280958732 -13.620595280958732
2.78894472361809 -13.61969344919398 -13.61969344919398 -13.61969344919398 -13.61969344919398 -13.61969344919398 -13.61969344919398 -13.61969344919398 -13.61969344919398 -13.61969344919398 -13.61969344919398 -13.61969344919398 -13.61969344919398 -13.61969344919398
2.8643216080402008 -13.618791617429228 -13.618791617429228 -13.618791617429228 -13.618791617429228 -13.618791617429228 -13.618791617429228 -13.618791617429228 -13.618791617429228 -13.618791617429228 -13.618791617429228 -13.618791617429228 -13.618791617429228 -13.618791617429228
2.9396984924623113 -13.617889785664476 -13.617889785664476 -13.617889785664476 -13.617889785664476 -13.617889785664476 -13.617889785664476 -13.617889785664476 -13.617889785664476 -13.617889785664476 -13.617889785664476 -13.617889785664476 -13.617889785664476 -13.617889785664476
3.015075376884422 -13.616987953899724 -13.616987953899724 -13.616987953899724 -13.616987953899724 -13.616987953899724 -13.616987953899724 -13.616987953899724 -13.616987953899724 -13.616987953899724 -13.616987953899724 -13.616987953899724 -13.616987953899724 -13.616987953899724
3.0904522613065324 -13.616086122134972 -13.616086122134972 -13.616086122134972 -13.616086122134972 -13.616086122134972 -13.616086122134972 -13.616086122134972 -13.616086122134972 -13.616086122134972 -13.616086122134972 -13.616086122134972 -13.616086122134972 -13.616086122134972
3.165829145728643 -13.615184290370221 -13.615184290370221 -13.615184290370221 -13.615184290370221 -13.615184290370221 -13.615184290370221 -13.615184290370221 -13.615184290370221 -13.615184290370221 -13.615184290370221 -13.615184290370221 -13.615184290370221 -13.615184290370221
3.2412060301507535 -13.61428245860547 -13.61428245860547 -13.61428245860547 -13.61428245860547 -13.61428245860547 -13.61428245860547 -13.61428245860547 -13.61428245860547 -13.61428245860547 -13.61428245860547 -13.61428245860547 -13.61428245860547 -13.61428245860547
3.316582914572864 -13.613380626840717 -13.613380626840717 -13.613380626840717 -13.613380626840717 -13.613380626840717 -13.613380626840717 -13.613380626840717 -13.613380626840717 -13.613380626840717 -13.613380626840717 -13.613380626840717 -13.613380626840717 -13.613380626840717
3.3919597989949746 -13.612478795075965 -13.612478795075965 -13.612478795075965 -13.612478795075965 -13.612478795075965 -13.612478795075965 -13.612478795075965 -13.612478795075965 -13.612478795075965 -13.612478795075965 -13.612478795075965 -13.612478795075965 -13.612478795075965
3.467336683417085 -13.611576963311213 -13.611576963311213 -13.611576963311213 -13.611576963311213 -13.611576963311213 -13.611576963311213 -13.611576963311213 -13.611576963311213 -13.611576963311213 -13.611576963311213 -13.611576963311213 -13.611576963311213 -13.611576963311213
3.5427135678391957 -13.610675131546461 -13.610675131546461 -13.610675131546461 -13.610675131546461 -13.610675131546461 -13.610675131546461 -13.610675131546461 -13.610675131546461 -13.610675131546461 -13.610675131546461 -13.610675131546461 -13.610675131546461 -13.610675131546461
3.618090452261306 -13.60977329978171 -13.60977329978171 -13.60977329978171 -13.60977329978171 -13.60977329978171 -13.60977329978171 -13.60977329978171 -13.60977329978171 -13.60977329978171 -13.60977329978171 -13.60977329978171 -13.60977329978171 -13.60977329978171
3.6934673366834168 -13.608871468016957 -13.608871468016957 -13.608871468016957 -13.608871468016957 -13.608871468016957 -13.608871468016957 -13.608871468016957 -13.608871468016957 -13.608871468016957 -13.608871468016957 -13.608871468016957 -13.608871468016957 -13.608871468016957
3.7688442211055273 -13.607969636252205 -13.607969636252205 -13.607969636252205 -13.607969636252205 -13.607969636252205 -13.607969636252205 -13.607969636252205 -13.607969636252205 -13.607969636252205 -13.607969636252205 -13.607969636252205 -13.607969636252205 -13.607969636252205
3.844221105527638 -13.607067804487453 -13.607067804487453 -13.607067804487453 -13.607067804487453 -13.607067804487453 -13.607067804487453 -13.607067804487453 -13.607067804487453 -13.607067804487453 -13.607067804487453 -13.607067804487453 -13.607067804487453 -13.607067804487453
3.9195979899497484 -13.606165972722703 -13.606165972722703 -13.606165972722703 -13.606165972722703 -13.606165972722703 -13.606165972722703 -13.606165972722703 -13.606165972722703 -13.606165972722703 -13.606165972722703 -13.606165972722703 -13.606165972722703 -13.606165972722703
3.994974874371859 -13.605264140957951 -13.605264140957951 -13.605264140957951 -13.605264140957951 -13.605264140957951 -13.605264140957951 -13.605264140957951 -13.605264140957951 -13.605264140957951 -13.605264140957951 -13.605264140957951 -13.605264140957951 -13.605264140957951
4.0703517587939695 -13.604362309193199 -13.604362309193199 -13.604362309193199 -13.604362309193199 -13.604362309193199 -13.604362309193199 -13.604362309193199 -13.604362309193199 -13.604362309193199 -13.604362309193199 -13.604362309193199 -13.604362309193199 -13.604362309193199
4.14572864321608 -13.603460477428447 -13.603460477428447 -13.603460477428447 -13.603460477428447 -13.603460477428447 -13.603460477428447 -13.603460477428447 -13.603460477428447 -13.603460477428447 -13.603460477428447 -13.603460477428447 -13.603460477428447 -13.603460477428447
4.221105527638191 -13.602558645663695 -13.602558645663695 -13.602558645663695 -13.602558645663695 -13.602558645663695 -13.602558645663695 -13.602558645663695 -13.602558645663695 -13.602558645663695 -13.602558645663695 -13.602558645663695 -13.602558645663695 -13.602558645663695
