web/models/kne.last_good/kappa_1_10/14/villar_0.0512_0.3747_10.0000.dat
# %ECSV 1.0
# ---
# datatype:
# - {name: time, datatype: float64}
# - {name: swift_uvot_uvw2, datatype: float64}
# - {name: swift_uvot_uvm2, datatype: float64}
# - {name: swift_uvot_uvw1, datatype: float64}
# - {name: swift_uvot_U, datatype: float64}
# - {name: swift_uvot_B, datatype: float64}
# - {name: swift_uvot_V, datatype: float64}
# - {name: swift_uvot_W, datatype: float64}
# - {name: johnson_U, datatype: float64}
# - {name: johnson_B, datatype: float64}
# - {name: johnson_V, datatype: float64}
# - {name: johnson_R, datatype: float64}
# - {name: johnson_I, datatype: float64}
# - {name: sdss_u, datatype: float64}
# - {name: sdss_g, datatype: float64}
# - {name: sdss_r, datatype: float64}
# - {name: sdss_i, datatype: float64}
# - {name: sdss_z, datatype: float64}
# - {name: PS1_g, datatype: float64}
# - {name: PS1_r, datatype: float64}
# - {name: PS1_i, datatype: float64}
# - {name: PS1_z, datatype: float64}
# - {name: PS1_Y, datatype: float64}
# - {name: PS1_w, datatype: float64}
# - {name: ATLAS_c, datatype: float64}
# - {name: ATLAS_o, datatype: float64}
# - {name: ukirt_J, datatype: float64}
# - {name: ukirt_H, datatype: float64}
# - {name: ukirt_K, datatype: float64}
# - {name: Clear, datatype: float64}
# meta: !!omap
# - comment: [kappa = 10.0, type = villar, mass = 0.051209162050732976, velocity = 0.3746666666666667, theta_obs = 0.0]
# schema: astropy-2.0
time swift_uvot_uvw2 swift_uvot_uvm2 swift_uvot_uvw1 swift_uvot_U swift_uvot_B swift_uvot_V swift_uvot_W johnson_U johnson_B johnson_V johnson_R johnson_I sdss_u sdss_g sdss_r sdss_i sdss_z PS1_g PS1_r PS1_i PS1_z PS1_Y PS1_w ATLAS_c ATLAS_o ukirt_J ukirt_H ukirt_K Clear
[from data line 354]
38.092613 15.932 18.792 16.347 14.29 12.634 11.481 13.381 13.989 12.59 11.437 10.645 10.133 14.095 12.169 10.973 10.415 10.08 11.927 10.935 10.386 10.106 9.92 10.94 11.546 10.689 9.801 9.835 10.056 10.921
39.244698 17.531 20.391 17.947 15.89 14.234 13.081 14.981 15.588 14.19 13.037 12.244 11.733 15.695 13.768 12.572 12.014 11.68 13.526 12.535 11.986 11.706 11.519 12.54 13.146 12.289 11.4 11.435 11.656 12.52
40.431627 19.229 22.089 19.645 17.588 15.932 14.779 16.679 17.286 15.888 14.735 13.942 13.431 17.392 15.466 14.27 13.712 13.378 15.224 14.233 13.683 13.404 13.217 14.238 14.844 13.986 13.098 13.133 13.353 14.218
41.654454 21.032 23.891 21.447 19.39 17.734 16.581 18.481 19.088 17.69 16.537 15.744 15.233 19.195 17.269 16.072 15.514 15.18 17.026 16.035 15.486 15.206 15.019 16.04 16.646 15.789 14.9 14.935 15.156 16.02
42.914265 22.944 25.804 23.36 21.303 19.646 18.494 20.394 21.001 19.603 18.45 17.657 17.146 21.107 19.181 17.985 17.427 17.093 18.939 17.948 17.398 17.119 16.932 17.953 18.559 17.701 16.813 16.848 17.068 17.933
44.212178 24.975 27.835 25.39 23.333 21.677 20.524 22.424 23.032 21.633 20.48 19.687 19.176 23.138 21.212 20.015 19.457 19.123 20.97 19.978 19.429 19.149 18.962 19.983 20.589 19.732 18.843 18.878 19.099 19.964
45.549345 27.13 29.989 27.545 25.488 23.832 22.679 24.579 25.186 23.788 22.635 21.842 21.331 25.293 23.367 22.17 21.612 21.278 23.124 22.133 21.584 21.304 21.117 22.138 22.744 21.887 20.998 21.033 21.254 22.118
46.926954 29.417 32.277 29.832 27.775 26.119 24.966 26.866 27.474 26.075 24.922 24.13 23.618 27.58 25.654 24.458 23.9 23.565 25.412 24.42 23.871 23.591 23.405 24.425 25.031 24.174 23.286 23.32 23.541 24.406
48.346227 31.844 34.704 32.26 30.203 28.547 27.394 29.294 29.901 28.503 27.35 26.557 26.046 30.008 28.081 26.885 26.327 25.993 27.839 26.848 26.299 26.019 25.832 26.853 27.459 26.601 25.713 25.748 25.969 26.833
49.808426 34.421 37.281 34.837 32.779 31.123 29.971 31.87 32.478 31.08 29.927 29.134 28.623 32.584 30.658 29.462 28.904 28.57 30.416 29.425 28.875 28.595 28.409 29.429 30.036 29.178 28.29 28.325 28.545 29.41
51.314848 37.156 40.016 37.572 35.514 33.858 32.706 34.605 35.213 33.815 32.662 31.869 31.358 35.319 33.393 32.197 31.639 31.305 33.151 32.16 31.61 31.33 31.144 32.164 32.771 31.913 31.025 31.06 31.28 32.145
52.86683 40.059 42.919 40.475 38.417 36.761 35.609 37.508 38.116 36.717 35.565 34.772 34.26 38.222 36.296 35.1 34.542 34.208 36.054 35.063 34.513 34.233 34.047 35.067 35.673 34.816 33.928 33.962 34.183 35.048
54.465752 43.14 46.0 43.556 41.498 39.842 38.69 40.589 41.197 39.799 38.646 37.853 37.342 41.303 39.377 38.181 37.623 37.289 39.135 38.144 37.594 37.314 37.128 38.148 38.755 37.897 37.009 37.044 37.264 38.129
56.113031 46.411 49.271 46.826 44.769 43.113 41.96 43.86 44.468 43.069 41.916 41.124 40.612 44.574 42.648 41.452 40.893 40.559 42.406 41.414 40.865 40.585 40.398 41.419 42.025 41.168 40.279 40.314 40.535 41.4
57.810132 49.882 52.742 50.297 48.24 46.584 45.431 47.331 47.939 46.54 45.387 44.595 44.083 48.045 46.119 44.923 44.365 44.03 45.877 44.885 44.336 44.056 43.87 44.89 45.496 44.639 43.751 43.785 44.006 44.871
59.55856 53.566 56.426 53.982 51.924 50.268 49.116 51.015 51.623 50.224 49.072 48.279 47.767 51.729 49.803 48.607 48.049 47.715 49.561 48.57 48.02 47.74 47.554 48.574 49.18 48.323 47.435 47.469 47.69 48.555
61.359868 57.477 60.337 57.892 55.835 54.179 53.026 54.926 55.534 54.135 52.982 52.19 51.678 55.64 53.714 52.518 51.959 51.625 53.472 52.48 51.931 51.651 51.464 52.485 53.091 52.234 51.345 51.38 51.601 52.466
63.215655 61.627 64.487 62.043 59.985 58.329 57.177 59.077 59.684 58.286 57.133 56.34 55.829 59.79 57.864 56.668 56.11 55.776 57.622 56.631 56.081 55.802 55.615 56.636 57.242 56.384 55.496 55.531 55.751 56.616
65.127569 66.033 68.893 66.448 64.391 62.735 61.582 63.482 64.09 62.691 61.538 60.746 60.234 64.196 62.27 61.074 60.516 60.182 62.028 61.036 60.487 60.207 60.021 61.041 61.647 60.79 59.902 59.936 60.157 61.022
67.097308 70.709 73.569 71.124 69.067 67.411 66.258 68.158 68.766 67.367 66.214 65.422 64.91 68.872 66.946 65.75 65.192 64.858 66.704 65.712 65.163 64.883 64.697 65.717 66.323 65.466 64.578 64.612 64.833 65.698
69.126621 75.672 78.532 76.088 74.03 72.374 71.221 73.121 73.729 72.33 71.178 70.385 69.873 73.835 71.909 70.713 70.155 69.821 71.667 70.676 70.126 69.846 69.66 70.68 71.286 70.429 69.541 69.575 69.796 70.661
71.217308 80.94 83.8 81.355 79.298 77.642 76.489 78.389 78.997 77.598 76.446 75.653 75.141 79.103 77.177 75.981 75.423 75.089 76.935 75.943 75.394 75.114 74.928 75.948 76.554 75.697 74.809 74.843 75.064 75.929
73.371227 86.531 89.391 86.947 84.89 83.234 82.081 83.981 84.588 83.19 82.037 81.244 80.733 84.694 82.768 81.572 81.014 80.68 82.526 81.535 80.985 80.706 80.519 81.54 82.146 81.288 80.4 80.435 80.655 81.52
75.59029 92.466 95.326 92.882 90.824 89.168 88.015 89.915 90.523 89.124 87.972 87.179 86.667 90.629 88.703 87.507 86.949 86.615 88.461 87.47 86.92 86.64 86.454 87.474 88.08 87.223 86.335 86.369 86.59 87.455
77.876467 98.765 101.625 99.181 97.123 95.467 94.315 96.214 96.822 95.424 94.271 93.478 92.967 96.928 95.002 93.806 93.248 92.914 94.76 93.769 93.219 92.939 92.753 93.773 94.38 93.522 92.634 92.669 92.889 93.754
80.231787 105.451 108.311 105.867 103.809 102.153 101.001 102.9 103.508 102.11 100.957 100.164 99.652 103.614 101.688 100.492 99.934 99.6 101.446 100.455 99.905 99.625 99.439 100.459 101.065 100.208 99.32 99.354 99.575 100.44
82.658343 112.548 115.408 112.963 110.906 109.25 108.097 109.997 110.604 109.206 108.053 107.26 106.749 110.711 108.785 107.588 107.03 106.696 108.543 107.551 107.002 106.722 106.535 107.556 108.162 107.305 106.416 106.451 106.672 107.537
85.158288 120.08 122.94 120.495 118.438 116.782 115.629 117.529 118.137 116.738 115.585 114.793 114.281 118.243 116.317 115.121 114.563 114.228 116.075 115.083 114.534 114.254 114.068 115.088 115.694 114.837 113.949 113.983 114.204 115.069
87.733843 128.074 130.934 128.49 126.433 124.777 123.624 125.524 126.131 124.733 123.58 122.787 122.276 126.238 124.311 123.115 122.557 122.223 124.069 123.078 122.529 122.249 122.062 123.083 123.689 122.832 121.943 121.978 122.199 123.063
90.387293 136.56 139.42 136.976 134.918 133.262 132.109 134.009 134.617 133.218 132.066 131.273 130.761 134.723 132.797 131.601 131.043 130.709 132.555 131.564 131.014 130.734 130.548 131.568 132.174 131.317 130.429 130.463 130.684 131.549
93.120995 145.567 148.427 145.982 143.925 142.269 141.116 143.016 143.624 142.225 141.072 140.28 139.768 143.73 141.804 140.608 140.05 139.715 141.562 140.57 140.021 139.741 139.555 140.575 141.181 140.324 139.436 139.47 139.691 140.556
95.937376 155.126 157.986 155.542 153.485 151.829 150.676 152.576 153.183 151.785 150.632 149.839 149.328 153.29 151.363 150.167 149.609 149.275 151.121 150.13 149.581 149.301 149.114 150.135 150.741 149.883 148.995 149.03 149.25 150.115
98.838937 165.273 168.133 165.689 163.631 161.975 160.823 162.722 163.33 161.931 160.779 159.986 159.474 163.436 161.51 160.314 159.756 159.422 161.268 160.277 159.727 159.447 159.261 160.281 160.887 160.03 159.142 159.176 159.397 160.262
101.828253 176.043 178.903 176.458 174.401 172.745 171.592 173.492 174.1 172.701 171.548 170.756 170.244 174.206 172.28 171.084 170.526 170.191 172.038 171.046 170.497 170.217 170.031 171.051 171.657 170.8 169.912 169.946 170.167 171.032
104.907979 187.474 190.334 187.889 185.832 184.176 183.023 184.923 185.531 184.132 182.979 182.187 181.675 185.637 183.711 182.515 181.957 181.623 183.469 182.477 181.928 181.648 181.462 182.482 183.088 182.231 181.343 181.377 181.598 182.463
108.080849 199.607 202.467 200.022 197.965 196.309 195.156 197.056 197.664 196.265 195.112 194.32 193.808 197.77 195.844 194.648 194.09 193.755 195.602 194.61 194.061 193.781 193.595 194.615 195.221 194.364 193.476 193.51 193.731 194.596
111.349681 212.485 215.345 212.9 210.843 209.187 208.034 209.934 210.542 209.143 207.99 207.198 206.686 210.648 208.722 207.526 206.967 206.633 208.48 207.488 206.939 206.659 206.473 207.493 208.099 207.242 206.354 206.388 206.609 207.474
114.717376 226.153 229.013 226.569 224.512 222.856 221.703 223.603 224.21 222.812 221.659 220.866 220.355 224.316 222.39 221.194 220.636 220.302 222.148 221.157 220.607 220.328 220.141 221.162 221.768 220.91 220.022 220.057 220.277 221.142
118.186925 240.661 243.521 241.077 239.02 237.364 236.211 238.111 238.718 237.32 236.167 235.374 234.863 238.824 236.898 235.702 235.144 234.81 236.656 235.665 235.115 234.836 234.649 235.67 236.276 235.418 234.53 234.565 234.785 235.65
121.761408 256.06 258.92 256.476 254.418 252.762 251.61 253.509 254.117 252.719 251.566 250.773 250.262 254.223 252.297 251.101 250.543 250.209 252.055 251.064 250.514 250.234 250.048 251.068 251.675 250.817 249.929 249.964 250.184 251.049
125.443999 272.405 275.265 272.82 270.763 269.107 267.954 269.854 270.461 269.063 267.91 267.117 266.606 270.568 268.642 267.445 266.887 266.553 268.399 267.408 266.859 266.579 266.392 267.413 268.019 267.162 266.273 266.308 266.529 267.394
129.237967 289.753 292.612 290.168 288.111 286.455 285.302 287.202 287.809 286.411 285.258 284.465 283.954 287.916 285.99 284.793 284.235 283.901 285.747 284.756 284.207 283.927 283.74 284.761 285.367 284.51 283.621 283.656 283.877 284.741
133.146681 308.166 311.026 308.581 306.524 304.868 303.715 305.615 306.223 304.824 303.671 302.879 302.367 306.329 304.403 303.207 302.648 302.314 304.161 303.169 302.62 302.34 302.154 303.174 303.78 302.923 302.034 302.069 302.29 303.155
137.173612 327.709 330.569 328.125 326.068 324.412 323.259 325.159 325.766 324.368 323.215 322.422 321.911 325.873 323.946 322.75 322.192 321.858 323.704 322.713 322.164 321.884 321.697 322.718 323.324 322.467 321.578 321.613 321.834 322.698
141.322334 348.453 351.313 348.869 346.812 345.155 344.003 345.903 346.51 345.112 343.959 343.166 342.655 346.616 344.69 343.494 342.936 342.602 344.448 343.457 342.907 342.628 342.441 343.462 344.068 343.21 342.322 342.357 342.577 343.442
145.596532 370.471 373.331 370.886 368.829 367.173 366.02 367.92 368.528 367.129 365.977 365.184 364.672 368.634 366.708 365.512 364.954 364.62 366.466 365.474 364.925 364.645 364.459 365.479 366.085 365.228 364.34 364.374 364.595 365.46
150.0 393.841 396.7 394.256 392.199 390.543 389.39 391.29 391.897 390.499 389.346 388.553 388.042 392.004 390.078 388.881 388.323 387.989 389.835 388.844 388.295 388.015 387.828 388.849 389.455 388.598 387.709 387.744 387.965 388.829
