web/models/kne.last_good/kappa_1_10/14/villar_0.0079_0.3747_1.0000.dat
# %ECSV 1.0
# ---
# datatype:
# - {name: time, datatype: float64}
# - {name: swift_uvot_uvw2, datatype: float64}
# - {name: swift_uvot_uvm2, datatype: float64}
# - {name: swift_uvot_uvw1, datatype: float64}
# - {name: swift_uvot_U, datatype: float64}
# - {name: swift_uvot_B, datatype: float64}
# - {name: swift_uvot_V, datatype: float64}
# - {name: swift_uvot_W, datatype: float64}
# - {name: johnson_U, datatype: float64}
# - {name: johnson_B, datatype: float64}
# - {name: johnson_V, datatype: float64}
# - {name: johnson_R, datatype: float64}
# - {name: johnson_I, datatype: float64}
# - {name: sdss_u, datatype: float64}
# - {name: sdss_g, datatype: float64}
# - {name: sdss_r, datatype: float64}
# - {name: sdss_i, datatype: float64}
# - {name: sdss_z, datatype: float64}
# - {name: PS1_g, datatype: float64}
# - {name: PS1_r, datatype: float64}
# - {name: PS1_i, datatype: float64}
# - {name: PS1_z, datatype: float64}
# - {name: PS1_Y, datatype: float64}
# - {name: PS1_w, datatype: float64}
# - {name: ATLAS_c, datatype: float64}
# - {name: ATLAS_o, datatype: float64}
# - {name: ukirt_J, datatype: float64}
# - {name: ukirt_H, datatype: float64}
# - {name: ukirt_K, datatype: float64}
# - {name: Clear, datatype: float64}
# meta: !!omap
# - comment: [kappa = 1.0, type = villar, mass = 0.00793700525986525, velocity = 0.3746666666666667, theta_obs = 0.0]
# schema: astropy-2.0
time swift_uvot_uvw2 swift_uvot_uvm2 swift_uvot_uvw1 swift_uvot_U swift_uvot_B swift_uvot_V swift_uvot_W johnson_U johnson_B johnson_V johnson_R johnson_I sdss_u sdss_g sdss_r sdss_i sdss_z PS1_g PS1_r PS1_i PS1_z PS1_Y PS1_w ATLAS_c ATLAS_o ukirt_J ukirt_H ukirt_K Clear
[from data line 146]
0.077495 -11.261 -11.589 -11.948 -12.518 -12.68 -12.686 -12.173 -12.555 -12.678 -12.681 -12.561 -12.346 -12.55 -12.692 -12.631 -12.492 -12.313 -12.705 -12.639 -12.5 -12.368 -12.297 -12.608 -12.677 -12.572 -11.866 -11.443 -10.913 -12.608
0.079839 -11.257 -11.588 -11.956 -12.539 -12.709 -12.721 -12.192 -12.578 -12.707 -12.717 -12.6 -12.389 -12.573 -12.723 -12.669 -12.533 -12.357 -12.737 -12.677 -12.541 -12.411 -12.341 -12.645 -12.711 -12.611 -11.913 -11.492 -10.964 -12.644
0.082253 -11.252 -11.587 -11.964 -12.56 -12.738 -12.756 -12.211 -12.6 -12.736 -12.752 -12.64 -12.432 -12.595 -12.754 -12.707 -12.574 -12.4 -12.769 -12.715 -12.582 -12.454 -12.385 -12.682 -12.745 -12.65 -11.96 -11.54 -11.014 -12.68
0.084741 -11.247 -11.586 -11.971 -12.58 -12.766 -12.791 -12.229 -12.622 -12.765 -12.786 -12.679 -12.475 -12.616 -12.785 -12.744 -12.615 -12.443 -12.8 -12.752 -12.623 -12.496 -12.428 -12.718 -12.779 -12.689 -12.007 -11.589 -11.064 -12.715
0.087304 -11.24 -11.583 -11.977 -12.6 -12.794 -12.825 -12.247 -12.643 -12.793 -12.821 -12.718 -12.517 -12.637 -12.815 -12.781 -12.656 -12.487 -12.832 -12.789 -12.663 -12.539 -12.472 -12.754 -12.812 -12.728 -12.054 -11.638 -11.114 -12.75
0.089944 -11.233 -11.58 -11.983 -12.62 -12.822 -12.859 -12.265 -12.664 -12.821 -12.855 -12.756 -12.56 -12.657 -12.845 -12.818 -12.696 -12.529 -12.862 -12.826 -12.704 -12.581 -12.515 -12.79 -12.845 -12.766 -12.1 -11.686 -11.164 -12.785
0.092665 -11.226 -11.576 -11.988 -12.638 -12.849 -12.892 -12.282 -12.684 -12.848 -12.889 -12.795 -12.602 -12.677 -12.875 -12.855 -12.736 -12.572 -12.893 -12.862 -12.744 -12.623 -12.558 -12.826 -12.878 -12.804 -12.147 -11.735 -11.214 -12.82
0.095467 -11.217 -11.571 -11.993 -12.656 -12.876 -12.926 -12.299 -12.704 -12.875 -12.922 -12.833 -12.644 -12.697 -12.904 -12.891 -12.776 -12.615 -12.923 -12.899 -12.784 -12.665 -12.601 -12.861 -12.91 -12.842 -12.193 -11.783 -11.264 -12.854
0.098355 -11.208 -11.565 -11.997 -12.674 -12.902 -12.959 -12.316 -12.723 -12.901 -12.955 -12.871 -12.686 -12.716 -12.932 -12.927 -12.816 -12.657 -12.953 -12.935 -12.823 -12.707 -12.643 -12.896 -12.942 -12.879 -12.239 -11.831 -11.314 -12.889
0.101329 -11.198 -11.558 -12.0 -12.691 -12.928 -12.991 -12.332 -12.742 -12.927 -12.988 -12.908 -12.727 -12.734 -12.961 -12.963 -12.855 -12.699 -12.982 -12.97 -12.863 -12.749 -12.686 -12.931 -12.973 -12.917 -12.285 -11.879 -11.363 -12.922
0.104394 -11.188 -11.551 -12.002 -12.708 -12.953 -13.023 -12.347 -12.76 -12.953 -13.02 -12.945 -12.769 -12.751 -12.989 -12.998 -12.895 -12.741 -13.011 -13.006 -12.902 -12.79 -12.728 -12.965 -13.004 -12.954 -12.331 -11.927 -11.413 -12.956
0.107551 -11.176 -11.543 -12.004 -12.724 -12.979 -13.055 -12.363 -12.777 -12.978 -13.052 -12.982 -12.81 -12.769 -13.016 -13.033 -12.934 -12.783 -13.039 -13.041 -12.941 -12.831 -12.771 -12.999 -13.035 -12.99 -12.377 -11.975 -11.463 -12.989
0.110804 -11.164 -11.533 -12.005 -12.739 -13.003 -13.087 -12.378 -12.794 -13.003 -13.084 -13.019 -12.851 -12.785 -13.043 -13.068 -12.972 -12.825 -13.067 -13.075 -12.98 -12.872 -12.813 -13.033 -13.066 -13.027 -12.422 -12.023 -11.512 -13.022
0.114155 -11.151 -11.523 -12.005 -12.754 -13.027 -13.118 -12.392 -12.811 -13.027 -13.115 -13.056 -12.892 -12.801 -13.07 -13.102 -13.011 -12.866 -13.095 -13.11 -13.018 -12.913 -12.855 -13.067 -13.096 -13.063 -12.468 -12.07 -11.561 -13.055
0.117608 -11.137 -11.512 -12.004 -12.768 -13.051 -13.149 -12.406 -12.826 -13.051 -13.146 -13.092 -12.932 -12.816 -13.096 -13.136 -13.049 -12.907 -13.122 -13.144 -13.056 -12.954 -12.896 -13.1 -13.126 -13.099 -12.513 -12.118 -11.611 -13.087
0.121165 -11.122 -11.5 -12.003 -12.781 -13.074 -13.179 -12.42 -12.841 -13.074 -13.177 -13.128 -12.972 -12.831 -13.122 -13.17 -13.087 -12.948 -13.149 -13.177 -13.094 -12.994 -12.938 -13.133 -13.155 -13.134 -12.558 -12.165 -11.66 -13.119
0.124829 -11.106 -11.486 -12.001 -12.794 -13.096 -13.209 -12.433 -12.856 -13.096 -13.207 -13.163 -13.013 -12.845 -13.147 -13.203 -13.124 -12.989 -13.175 -13.211 -13.132 -13.034 -12.979 -13.165 -13.184 -13.169 -12.603 -12.212 -11.709 -13.15
0.128605 -11.09 -11.472 -11.998 -12.806 -13.118 -13.239 -12.446 -12.87 -13.119 -13.237 -13.198 -13.052 -12.859 -13.172 -13.236 -13.162 -13.029 -13.201 -13.244 -13.169 -13.074 -13.02 -13.197 -13.212 -13.204 -12.648 -12.259 -11.758 -13.182
0.132494 -11.072 -11.457 -11.994 -12.817 -13.14 -13.268 -12.458 -12.883 -13.14 -13.266 -13.233 -13.092 -12.871 -13.196 -13.269 -13.199 -13.069 -13.227 -13.277 -13.206 -13.113 -13.061 -13.229 -13.24 -13.239 -12.692 -12.306 -11.807 -13.213
0.136502 -11.054 -11.441 -11.989 -12.828 -13.161 -13.296 -12.47 -12.895 -13.161 -13.295 -13.268 -13.131 -12.883 -13.22 -13.301 -13.235 -13.109 -13.251 -13.309 -13.243 -13.153 -13.101 -13.261 -13.268 -13.273 -12.737 -12.353 -11.855 -13.243
0.14063 -11.035 -11.423 -11.984 -12.838 -13.181 -13.325 -12.481 -12.907 -13.182 -13.323 -13.302 -13.17 -12.895 -13.243 -13.333 -13.272 -13.149 -13.276 -13.341 -13.279 -13.192 -13.142 -13.292 -13.295 -13.307 -12.781 -12.4 -11.904 -13.273
0.144883 -11.014 -11.405 -11.977 -12.847 -13.201 -13.352 -12.492 -12.918 -13.202 -13.351 -13.336 -13.209 -12.905 -13.266 -13.364 -13.308 -13.188 -13.3 -13.372 -13.316 -13.23 -13.182 -13.322 -13.321 -13.34 -12.825 -12.446 -11.953 -13.303
0.149265 -10.993 -11.385 -11.97 -12.856 -13.22 -13.38 -12.502 -12.929 -13.221 -13.379 -13.369 -13.247 -12.915 -13.288 -13.395 -13.344 -13.227 -13.323 -13.403 -13.351 -13.269 -13.222 -13.353 -13.348 -13.373 -12.869 -12.493 -12.001 -13.332
0.15378 -10.971 -11.364 -11.961 -12.863 -13.238 -13.406 -12.512 -12.938 -13.239 -13.406 -13.402 -13.285 -12.924 -13.31 -13.426 -13.379 -13.266 -13.346 -13.434 -13.387 -13.307 -13.261 -13.382 -13.373 -13.406 -12.913 -12.539 -12.049 -13.361
0.15843 -10.948 -11.342 -11.952 -12.87 -13.256 -13.433 -12.521 -12.947 -13.257 -13.432 -13.435 -13.323 -12.932 -13.331 -13.456 -13.414 -13.305 -13.368 -13.464 -13.422 -13.345 -13.301 -13.412 -13.398 -13.438 -12.956 -12.585 -12.097 -13.39
0.163222 -10.924 -11.318 -11.941 -12.876 -13.273 -13.458 -12.529 -12.955 -13.275 -13.458 -13.467 -13.361 -12.939 -13.351 -13.486 -13.449 -13.343 -13.39 -13.494 -13.457 -13.382 -13.34 -13.441 -13.423 -13.47 -12.999 -12.631 -12.145 -13.418
0.168159 -10.899 -11.294 -11.93 -12.881 -13.29 -13.484 -12.537 -12.962 -13.291 -13.484 -13.499 -13.398 -12.946 -13.371 -13.515 -13.483 -13.381 -13.411 -13.523 -13.491 -13.42 -13.379 -13.469 -13.447 -13.502 -13.042 -12.676 -12.193 -13.445
0.173245 -10.873 -11.268 -11.917 -12.885 -13.306 -13.508 -12.545 -12.968 -13.307 -13.509 -13.53 -13.435 -12.952 -13.39 -13.544 -13.517 -13.418 -13.431 -13.552 -13.525 -13.457 -13.417 -13.497 -13.471 -13.533 -13.085 -12.722 -12.241 -13.472
0.178484 -10.845 -11.24 -11.904 -12.888 -13.321 -13.532 -12.552 -12.973 -13.323 -13.533 -13.561 -13.471 -12.956 -13.408 -13.572 -13.55 -13.455 -13.451 -13.58 -13.558 -13.493 -13.455 -13.525 -13.493 -13.563 -13.127 -12.767 -12.288 -13.499
0.183882 -10.817 -11.211 -11.889 -12.891 -13.335 -13.556 -12.558 -12.978 -13.337 -13.557 -13.592 -13.507 -12.96 -13.426 -13.6 -13.583 -13.492 -13.47 -13.608 -13.591 -13.529 -13.493 -13.552 -13.516 -13.593 -13.17 -12.812 -12.336 -13.525
0.189444 -10.788 -11.181 -11.873 -12.892 -13.348 -13.579 -12.563 -12.981 -13.351 -13.58 -13.622 -13.543 -12.963 -13.443 -13.627 -13.616 -13.529 -13.488 -13.635 -13.624 -13.565 -13.531 -13.578 -13.537 -13.623 -13.212 -12.857 -12.383 -13.551
0.195173 -10.757 -11.149 -11.856 -12.892 -13.361 -13.601 -12.568 -12.984 -13.364 -13.602 -13.651 -13.578 -12.965 -13.459 -13.654 -13.648 -13.565 -13.506 -13.662 -13.656 -13.601 -13.568 -13.604 -13.558 -13.652 -13.253 -12.902 -12.43 -13.576
0.201076 -10.726 -11.116 -11.838 -12.891 -13.373 -13.622 -12.572 -12.985 -13.376 -13.624 -13.68 -13.613 -12.965 -13.474 -13.68 -13.679 -13.601 -13.523 -13.688 -13.688 -13.636 -13.605 -13.629 -13.579 -13.68 -13.295 -12.946 -12.477 -13.6
0.207158 -10.693 -11.08 -11.818 -12.89 -13.384 -13.643 -12.575 -12.985 -13.387 -13.645 -13.709 -13.648 -12.965 -13.489 -13.705 -13.711 -13.636 -13.539 -13.714 -13.719 -13.67 -13.642 -13.654 -13.598 -13.708 -13.336 -12.99 -12.524 -13.624
0.213423 -10.659 -11.044 -11.797 -12.886 -13.394 -13.663 -12.578 -12.985 -13.397 -13.665 -13.737 -13.682 -12.964 -13.503 -13.73 -13.741 -13.671 -13.554 -13.738 -13.75 -13.704 -13.678 -13.678 -13.617 -13.736 -13.377 -13.034 -12.57 -13.648
0.219878 -10.623 -11.005 -11.775 -12.882 -13.403 -13.682 -12.58 -12.983 -13.407 -13.685 -13.764 -13.716 -12.961 -13.516 -13.754 -13.771 -13.705 -13.569 -13.763 -13.78 -13.738 -13.713 -13.702 -13.636 -13.763 -13.417 -13.078 -12.616 -13.67
0.226528 -10.587 -10.965 -11.751 -12.877 -13.411 -13.701 -12.581 -12.98 -13.415 -13.704 -13.791 -13.749 -12.957 -13.528 -13.777 -13.801 -13.739 -13.583 -13.786 -13.81 -13.771 -13.749 -13.725 -13.653 -13.789 -13.458 -13.122 -12.663 -13.692
0.233379 -10.549 -10.923 -11.726 -12.87 -13.418 -13.719 -12.581 -12.975 -13.422 -13.722 -13.817 -13.781 -12.952 -13.539 -13.8 -13.83 -13.773 -13.595 -13.809 -13.839 -13.804 -13.784 -13.747 -13.67 -13.815 -13.497 -13.165 -12.708 -13.714
0.240437 -10.51 -10.878 -11.699 -12.862 -13.424 -13.736 -12.58 -12.97 -13.429 -13.739 -13.842 -13.814 -12.946 -13.549 -13.822 -13.858 -13.806 -13.607 -13.831 -13.868 -13.836 -13.818 -13.769 -13.685 -13.84 -13.537 -13.208 -12.754 -13.735
0.247709 -10.47 -10.832 -11.671 -12.853 -13.429 -13.752 -12.578 -12.963 -13.434 -13.756 -13.867 -13.845 -12.938 -13.558 -13.843 -13.886 -13.838 -13.618 -13.853 -13.896 -13.868 -13.852 -13.789 -13.7 -13.864 -13.576 -13.25 -12.8 -13.755
0.255201 -10.429 -10.784 -11.641 -12.842 -13.433 -13.767 -12.576 -12.955 -13.438 -13.771 -13.891 -13.876 -12.929 -13.566 -13.864 -13.913 -13.87 -13.628 -13.873 -13.923 -13.899 -13.885 -13.809 -13.714 -13.887 -13.615 -13.293 -12.845 -13.774
0.262919 -10.386 -10.734 -11.609 -12.829 -13.436 -13.781 -12.572 -12.945 -13.441 -13.786 -13.914 -13.907 -12.918 -13.573 -13.884 -13.94 -13.902 -13.637 -13.893 -13.95 -13.93 -13.918 -13.829 -13.727 -13.91 -13.653 -13.335 -12.89 -13.793
0.270871 -10.342 -10.681 -11.575 -12.815 -13.437 -13.794 -12.567 -12.934 -13.443 -13.799 -13.937 -13.937 -12.906 -13.579 -13.902 -13.966 -13.932 -13.645 -13.912 -13.976 -13.96 -13.951 -13.847 -13.739 -13.932 -13.691 -13.376 -12.934 -13.811
0.279064 -10.296 -10.626 -11.54 -12.8 -13.437 -13.806 -12.561 -12.921 -13.443 -13.812 -13.959 -13.966 -12.893 -13.584 -13.92 -13.991 -13.963 -13.652 -13.93 -14.001 -13.989 -13.983 -13.865 -13.75 -13.953 -13.728 -13.418 -12.979 -13.828
0.287504 -10.25 -10.568 -11.503 -12.783 -13.436 -13.817 -12.554 -12.907 -13.442 -13.823 -13.98 -13.994 -12.877 -13.587 -13.937 -14.015 -13.992 -13.657 -13.947 -14.025 -14.018 -14.014 -13.882 -13.76 -13.974 -13.765 -13.459 -13.023 -13.844
0.296199 -10.201 -10.508 -11.464 -12.764 -13.433 -13.827 -12.546 -12.891 -13.44 -13.834 -14.0 -14.022 -12.86 -13.59 -13.953 -14.038 -14.021 -13.661 -13.963 -14.049 -14.046 -14.045 -13.897 -13.769 -13.993 -13.802 -13.499 -13.067 -13.859
0.305157 -10.152 -10.445 -11.422 -12.743 -13.429 -13.836 -12.537 -12.873 -13.436 -13.843 -14.019 -14.049 -12.841 -13.59 -13.968 -14.061 -14.049 -13.664 -13.979 -14.072 -14.073 -14.075 -13.912 -13.777 -14.012 -13.838 -13.539 -13.11 -13.873
0.314387 -10.101 -10.379 -11.379 -12.72 -13.424 -13.844 -12.526 -12.853 -13.431 -13.851 -14.037 -14.076 -12.82 -13.59 -13.982 -14.083 -14.077 -13.666 -13.993 -14.093 -14.1 -14.104 -13.926 -13.783 -14.029 -13.873 -13.579 -13.153 -13.886
0.323895 -10.049 -10.31 -11.333 -12.695 -13.416 -13.85 -12.514 -12.831 -13.424 -13.857 -14.054 -14.101 -12.798 -13.588 -13.995 -14.103 -14.103 -13.666 -14.006 -14.114 -14.125 -14.133 -13.938 -13.788 -14.046 -13.908 -13.618 -13.196 -13.898
0.333691 -9.996 -10.239 -11.285 -12.668 -13.407 -13.855 -12.501 -12.807 -13.416 -13.863 -14.07 -14.126 -12.773 -13.584 -14.006 -14.123 -14.129 -13.665 -14.017 -14.134 -14.15 -14.161 -13.95 -13.792 -14.061 -13.943 -13.657 -13.238 -13.91
0.343783 -9.941 -10.163 -11.234 -12.639 -13.397 -13.858 -12.486 -12.781 -13.405 -13.867 -14.085 -14.15 -12.746 -13.579 -14.016 -14.142 -14.154 -13.662 -14.028 -14.153 -14.174 -14.188 -13.96 -13.794 -14.075 -13.976 -13.696 -13.281 -13.92
0.354181 -9.885 -10.085 -11.18 -12.607 -13.384 -13.86 -12.469 -12.753 -13.393 -13.869 -14.099 -14.173 -12.716 -13.572 -14.025 -14.159 -14.178 -13.657 -14.037 -14.171 -14.197 -14.214 -13.97 -13.795 -14.088 -14.009 -13.733 -13.322 -13.928
0.364893 -9.828 -10.003 -11.124 -12.573 -13.369 -13.86 -12.451 -12.723 -13.379 -13.87 -14.111 -14.195 -12.684 -13.563 -14.033 -14.176 -14.201 -13.651 -14.045 -14.188 -14.22 -14.24 -13.977 -13.794 -14.1 -14.042 -13.771 -13.363 -13.936
0.375929 -9.769 -9.917 -11.066 -12.537 -13.352 -13.859 -12.431 -12.689 -13.363 -13.869 -14.123 -14.216 -12.65 -13.552 -14.039 -14.191 -14.223 -13.643 -14.051 -14.204 -14.241 -14.264 -13.984 -13.792 -14.111 -14.073 -13.807 -13.404 -13.942
0.387298 -9.71 -9.827 -11.004 -12.497 -13.334 -13.856 -12.409 -12.654 -13.344 -13.867 -14.132 -14.236 -12.613 -13.539 -14.043 -14.205 -14.244 -13.633 -14.056 -14.218 -14.261 -14.288 -13.989 -13.788 -14.12 -14.104 -13.844 -13.444 -13.947
0.399012 -9.65 -9.733 -10.939 -12.455 -13.312 -13.851 -12.386 -12.615 -13.324 -13.862 -14.141 -14.254 -12.573 -13.525 -14.046 -14.218 -14.264 -13.621 -14.059 -14.231 -14.28 -14.31 -13.992 -13.782 -14.127 -14.134 -13.879 -13.484 -13.95
0.41108 -9.589 -9.635 -10.87 -12.41 -13.289 -13.844 -12.36 -12.574 -13.3 -13.856 -14.148 -14.272 -12.53 -13.507 -14.047 -14.229 -14.283 -13.607 -14.061 -14.243 -14.297 -14.332 -13.994 -13.774 -14.133 -14.164 -13.914 -13.523 -13.952
0.423513 -9.527 -9.532 -10.798 -12.361 -13.262 -13.835 -12.332 -12.529 -13.275 -13.847 -14.153 -14.288 -12.484 -13.488 -14.047 -14.239 -14.3 -13.59 -14.061 -14.253 -14.314 -14.352 -13.994 -13.764 -14.138 -14.192 -13.948 -13.562 -13.952
0.436321 -9.464 -9.424 -10.723 -12.309 -13.233 -13.823 -12.302 -12.481 -13.247 -13.837 -14.157 -14.303 -12.434 -13.466 -14.044 -14.247 -14.317 -13.572 -14.059 -14.261 -14.329 -14.371 -13.993 -13.752 -14.141 -14.219 -13.981 -13.6 -13.951
0.449518 -9.401 -9.311 -10.644 -12.254 -13.202 -13.81 -12.27 -12.43 -13.215 -13.824 -14.158 -14.316 -12.381 -13.441 -14.04 -14.254 -14.331 -13.551 -14.054 -14.268 -14.342 -14.389 -13.989 -13.737 -14.141 -14.246 -14.014 -13.637 -13.948
0.463113 -9.337 -9.192 -10.56 -12.194 -13.167 -13.794 -12.235 -12.375 -13.181 -13.809 -14.158 -14.328 -12.325 -13.414 -14.033 -14.259 -14.345 -13.527 -14.048 -14.274 -14.354 -14.405 -13.984 -13.72 -14.14 -14.271 -14.045 -13.674 -13.943
0.47712 -9.274 -9.068 -10.473 -12.131 -13.128 -13.775 -12.197 -12.316 -13.144 -13.791 -14.156 -14.338 -12.264 -13.383 -14.024 -14.262 -14.356 -13.5 -14.04 -14.277 -14.365 -14.42 -13.976 -13.701 -14.137 -14.295 -14.076 -13.71 -13.935
0.49155 -9.21 -8.937 -10.381 -12.063 -13.087 -13.753 -12.157 -12.253 -13.103 -13.77 -14.152 -14.347 -12.199 -13.35 -14.012 -14.263 -14.366 -13.47 -14.029 -14.278 -14.373 -14.434 -13.966 -13.679 -14.132 -14.318 -14.106 -13.746 -13.926
0.506416 -9.146 -8.801 -10.284 -11.991 -13.042 -13.729 -12.113 -12.186 -13.059 -13.747 -14.145 -14.354 -12.13 -13.313 -13.998 -14.261 -14.375 -13.437 -14.015 -14.277 -14.38 -14.446 -13.954 -13.654 -14.124 -14.34 -14.135 -13.78 -13.915
0.521733 -9.083 -8.657 -10.182 -11.914 -12.993 -13.701 -12.067 -12.113 -13.011 -13.72 -14.136 -14.358 -12.055 -13.273 -13.981 -14.258 -14.381 -13.401 -13.999 -14.274 -14.385 -14.456 -13.939 -13.626 -14.114 -14.36 -14.163 -13.814 -13.901
0.537512 -9.021 -8.506 -10.075 -11.832 -12.939 -13.67 -12.017 -12.036 -12.958 -13.69 -14.125 -14.361 -11.976 -13.228 -13.962 -14.252 -14.385 -13.362 -13.98 -14.269 -14.388 -14.464 -13.922 -13.594 -14.102 -14.379 -14.189 -13.847 -13.885
