web/models/kne.last_good/kappa_1_10/14/villar_0.0338_0.2180_1.0000.dat
# %ECSV 1.0
# ---
# datatype:
# - {name: time, datatype: float64}
# - {name: swift_uvot_uvw2, datatype: float64}
# - {name: swift_uvot_uvm2, datatype: float64}
# - {name: swift_uvot_uvw1, datatype: float64}
# - {name: swift_uvot_U, datatype: float64}
# - {name: swift_uvot_B, datatype: float64}
# - {name: swift_uvot_V, datatype: float64}
# - {name: swift_uvot_W, datatype: float64}
# - {name: johnson_U, datatype: float64}
# - {name: johnson_B, datatype: float64}
# - {name: johnson_V, datatype: float64}
# - {name: johnson_R, datatype: float64}
# - {name: johnson_I, datatype: float64}
# - {name: sdss_u, datatype: float64}
# - {name: sdss_g, datatype: float64}
# - {name: sdss_r, datatype: float64}
# - {name: sdss_i, datatype: float64}
# - {name: sdss_z, datatype: float64}
# - {name: PS1_g, datatype: float64}
# - {name: PS1_r, datatype: float64}
# - {name: PS1_i, datatype: float64}
# - {name: PS1_z, datatype: float64}
# - {name: PS1_Y, datatype: float64}
# - {name: PS1_w, datatype: float64}
# - {name: ATLAS_c, datatype: float64}
# - {name: ATLAS_o, datatype: float64}
# - {name: ukirt_J, datatype: float64}
# - {name: ukirt_H, datatype: float64}
# - {name: ukirt_K, datatype: float64}
# - {name: Clear, datatype: float64}
# meta: !!omap
# - comment: [kappa = 1.0, type = villar, mass = 0.03383890769761434, velocity = 0.21800000000000003, theta_obs = 0.0]
# schema: astropy-2.0
time swift_uvot_uvw2 swift_uvot_uvm2 swift_uvot_uvw1 swift_uvot_U swift_uvot_B swift_uvot_V swift_uvot_W johnson_U johnson_B johnson_V johnson_R johnson_I sdss_u sdss_g sdss_r sdss_i sdss_z PS1_g PS1_r PS1_i PS1_z PS1_Y PS1_w ATLAS_c ATLAS_o ukirt_J ukirt_H ukirt_K Clear
[from data line 147]
0.079839 -12.431 -12.587 -12.695 -12.833 -12.749 -12.572 -12.65 -12.827 -12.746 -12.564 -12.315 -11.988 -12.831 -12.697 -12.435 -12.193 -11.94 -12.687 -12.448 -12.206 -12.02 -11.938 -12.447 -12.597 -12.334 -11.389 -10.909 -10.334 -12.479
0.082253 -12.448 -12.607 -12.72 -12.867 -12.789 -12.615 -12.679 -12.862 -12.785 -12.607 -12.36 -12.036 -12.866 -12.737 -12.48 -12.239 -11.988 -12.728 -12.492 -12.252 -12.067 -11.985 -12.49 -12.639 -12.379 -11.439 -10.96 -10.386 -12.522
0.084741 -12.463 -12.628 -12.745 -12.901 -12.828 -12.657 -12.708 -12.897 -12.824 -12.65 -12.405 -12.083 -12.9 -12.778 -12.524 -12.286 -12.036 -12.769 -12.536 -12.298 -12.114 -12.032 -12.534 -12.681 -12.424 -11.489 -11.011 -10.438 -12.565
0.087304 -12.479 -12.647 -12.769 -12.935 -12.866 -12.7 -12.737 -12.932 -12.863 -12.692 -12.45 -12.131 -12.935 -12.818 -12.568 -12.332 -12.083 -12.809 -12.58 -12.344 -12.161 -12.079 -12.577 -12.723 -12.469 -11.538 -11.062 -10.489 -12.607
0.089944 -12.493 -12.666 -12.794 -12.968 -12.905 -12.742 -12.766 -12.966 -12.902 -12.735 -12.495 -12.178 -12.969 -12.858 -12.612 -12.378 -12.131 -12.85 -12.624 -12.39 -12.208 -12.126 -12.62 -12.764 -12.514 -11.588 -11.113 -10.541 -12.65
0.092665 -12.508 -12.685 -12.817 -13.002 -12.943 -12.784 -12.794 -13.0 -12.94 -12.777 -12.54 -12.225 -13.003 -12.897 -12.656 -12.424 -12.179 -12.89 -12.668 -12.436 -12.255 -12.173 -12.663 -12.806 -12.559 -11.638 -11.164 -10.593 -12.692
0.095467 -12.521 -12.704 -12.841 -13.035 -12.981 -12.826 -12.822 -13.034 -12.978 -12.819 -12.585 -12.272 -13.037 -12.937 -12.7 -12.47 -12.226 -12.93 -12.711 -12.481 -12.301 -12.219 -12.706 -12.847 -12.603 -11.687 -11.215 -10.645 -12.734
0.098355 -12.535 -12.721 -12.864 -13.067 -13.019 -12.868 -12.849 -13.068 -13.016 -12.861 -12.63 -12.319 -13.07 -12.976 -12.743 -12.516 -12.273 -12.969 -12.755 -12.527 -12.348 -12.266 -12.749 -12.888 -12.648 -11.737 -11.265 -10.697 -12.776
0.101329 -12.548 -12.739 -12.886 -13.1 -13.057 -12.91 -12.877 -13.101 -13.054 -12.902 -12.674 -12.366 -13.104 -13.015 -12.787 -12.561 -12.32 -13.009 -12.798 -12.572 -12.395 -12.312 -12.791 -12.929 -12.692 -11.786 -11.316 -10.748 -12.818
0.104394 -12.56 -12.756 -12.909 -13.132 -13.095 -12.951 -12.904 -13.134 -13.092 -12.944 -12.718 -12.413 -13.137 -13.054 -12.83 -12.607 -12.368 -13.048 -12.841 -12.618 -12.441 -12.359 -12.834 -12.97 -12.736 -11.836 -11.367 -10.8 -12.86
0.107551 -12.572 -12.772 -12.931 -13.164 -13.132 -12.993 -12.931 -13.167 -13.129 -12.985 -12.763 -12.46 -13.169 -13.093 -12.873 -12.652 -12.415 -13.087 -12.884 -12.663 -12.487 -12.405 -12.876 -13.01 -12.78 -11.885 -11.417 -10.851 -12.901
0.110804 -12.584 -12.788 -12.952 -13.195 -13.169 -13.034 -12.958 -13.2 -13.166 -13.027 -12.807 -12.506 -13.202 -13.131 -12.916 -12.697 -12.462 -13.126 -12.927 -12.708 -12.534 -12.451 -12.918 -13.051 -12.824 -11.934 -11.468 -10.903 -12.942
0.114155 -12.595 -12.804 -12.973 -13.227 -13.206 -13.075 -12.984 -13.232 -13.203 -13.068 -12.851 -12.553 -13.234 -13.169 -12.959 -12.743 -12.508 -13.165 -12.969 -12.753 -12.58 -12.498 -12.96 -13.091 -12.868 -11.984 -11.518 -10.954 -12.983
0.117608 -12.605 -12.819 -12.994 -13.258 -13.242 -13.116 -13.01 -13.264 -13.239 -13.109 -12.894 -12.599 -13.265 -13.207 -13.002 -12.788 -12.555 -13.204 -13.012 -12.798 -12.626 -12.544 -13.002 -13.131 -12.911 -12.033 -11.569 -11.006 -13.024
0.121165 -12.615 -12.833 -13.014 -13.288 -13.279 -13.156 -13.036 -13.295 -13.276 -13.149 -12.938 -12.645 -13.297 -13.245 -13.044 -12.832 -12.602 -13.242 -13.054 -12.843 -12.672 -12.59 -13.044 -13.171 -12.955 -12.082 -11.619 -11.057 -13.065
0.124829 -12.624 -12.847 -13.034 -13.318 -13.315 -13.197 -13.062 -13.327 -13.312 -13.19 -12.982 -12.691 -13.328 -13.283 -13.086 -12.877 -12.648 -13.28 -13.096 -12.887 -12.718 -12.636 -13.085 -13.21 -12.998 -12.131 -11.669 -11.109 -13.106
0.128605 -12.633 -12.86 -13.053 -13.348 -13.35 -13.237 -13.087 -13.358 -13.348 -13.23 -13.025 -12.737 -13.359 -13.32 -13.129 -12.922 -12.695 -13.318 -13.139 -12.932 -12.763 -12.682 -13.126 -13.25 -13.041 -12.18 -11.719 -11.16 -13.146
0.132494 -12.642 -12.873 -13.072 -13.378 -13.386 -13.277 -13.112 -13.388 -13.383 -13.27 -13.068 -12.783 -13.389 -13.357 -13.171 -12.966 -12.741 -13.355 -13.18 -12.976 -12.809 -12.728 -13.168 -13.289 -13.084 -12.228 -11.77 -11.211 -13.187
0.136502 -12.65 -12.886 -13.091 -13.407 -13.421 -13.317 -13.137 -13.419 -13.419 -13.31 -13.111 -12.829 -13.419 -13.394 -13.212 -13.011 -12.787 -13.393 -13.222 -13.02 -12.855 -12.773 -13.209 -13.328 -13.127 -12.277 -11.82 -11.263 -13.227
0.14063 -12.657 -12.897 -13.109 -13.436 -13.456 -13.356 -13.161 -13.449 -13.454 -13.35 -13.154 -12.875 -13.449 -13.431 -13.254 -13.055 -12.833 -13.43 -13.264 -13.064 -12.9 -12.819 -13.249 -13.366 -13.17 -12.326 -11.87 -11.314 -13.267
0.144883 -12.664 -12.909 -13.126 -13.465 -13.491 -13.396 -13.185 -13.478 -13.489 -13.389 -13.197 -12.92 -13.478 -13.467 -13.296 -13.099 -12.879 -13.467 -13.305 -13.108 -12.945 -12.865 -13.29 -13.405 -13.213 -12.374 -11.92 -11.365 -13.307
0.149265 -12.67 -12.919 -13.143 -13.493 -13.526 -13.435 -13.209 -13.508 -13.523 -13.428 -13.239 -12.966 -13.508 -13.503 -13.337 -13.143 -12.925 -13.504 -13.346 -13.152 -12.99 -12.91 -13.33 -13.443 -13.255 -12.423 -11.97 -11.416 -13.346
0.15378 -12.676 -12.93 -13.16 -13.521 -13.56 -13.474 -13.233 -13.537 -13.557 -13.468 -13.282 -13.011 -13.536 -13.539 -13.378 -13.187 -12.97 -13.54 -13.387 -13.196 -13.036 -12.956 -13.37 -13.481 -13.297 -12.471 -12.02 -11.467 -13.385
0.15843 -12.681 -12.939 -13.176 -13.548 -13.594 -13.513 -13.256 -13.565 -13.591 -13.506 -13.324 -13.056 -13.565 -13.575 -13.419 -13.23 -13.016 -13.577 -13.428 -13.239 -13.081 -13.001 -13.41 -13.519 -13.339 -12.52 -12.069 -11.518 -13.425
0.163222 -12.685 -12.948 -13.192 -13.576 -13.627 -13.551 -13.28 -13.593 -13.625 -13.545 -13.366 -13.101 -13.593 -13.61 -13.46 -13.274 -13.062 -13.613 -13.469 -13.283 -13.125 -13.046 -13.45 -13.557 -13.381 -12.568 -12.119 -11.569 -13.464
0.168159 -12.689 -12.957 -13.207 -13.602 -13.661 -13.59 -13.302 -13.621 -13.659 -13.583 -13.408 -13.146 -13.621 -13.646 -13.5 -13.317 -13.107 -13.648 -13.509 -13.326 -13.17 -13.091 -13.49 -13.594 -13.423 -12.616 -12.169 -11.62 -13.502
0.173245 -12.692 -12.964 -13.222 -13.629 -13.694 -13.628 -13.325 -13.649 -13.692 -13.622 -13.45 -13.191 -13.648 -13.68 -13.541 -13.36 -13.152 -13.684 -13.549 -13.369 -13.215 -13.136 -13.529 -13.632 -13.464 -12.664 -12.218 -11.671 -13.541
0.178484 -12.695 -12.971 -13.236 -13.655 -13.727 -13.666 -13.347 -13.676 -13.725 -13.66 -13.491 -13.235 -13.675 -13.715 -13.581 -13.403 -13.197 -13.719 -13.59 -13.412 -13.259 -13.181 -13.569 -13.669 -13.506 -12.712 -12.268 -11.722 -13.579
0.183882 -12.697 -12.978 -13.25 -13.68 -13.759 -13.703 -13.369 -13.703 -13.757 -13.697 -13.533 -13.28 -13.701 -13.749 -13.621 -13.446 -13.242 -13.754 -13.629 -13.455 -13.303 -13.226 -13.608 -13.705 -13.547 -12.76 -12.317 -11.772 -13.617
0.189444 -12.699 -12.984 -13.263 -13.706 -13.791 -13.741 -13.39 -13.729 -13.789 -13.735 -13.574 -13.324 -13.727 -13.783 -13.66 -13.489 -13.287 -13.789 -13.669 -13.497 -13.348 -13.271 -13.646 -13.742 -13.588 -12.808 -12.367 -11.823 -13.655
0.195173 -12.7 -12.989 -13.276 -13.73 -13.823 -13.778 -13.412 -13.755 -13.821 -13.772 -13.615 -13.368 -13.753 -13.817 -13.7 -13.531 -13.331 -13.823 -13.709 -13.54 -13.392 -13.315 -13.685 -13.778 -13.628 -12.855 -12.416 -11.874 -13.693
0.201076 -12.7 -12.994 -13.288 -13.755 -13.855 -13.815 -13.433 -13.781 -13.853 -13.809 -13.656 -13.413 -13.779 -13.85 -13.739 -13.574 -13.376 -13.857 -13.748 -13.582 -13.436 -13.36 -13.723 -13.814 -13.669 -12.903 -12.465 -11.924 -13.731
0.207158 -12.699 -12.998 -13.299 -13.779 -13.886 -13.851 -13.453 -13.806 -13.884 -13.846 -13.696 -13.456 -13.804 -13.884 -13.778 -13.616 -13.42 -13.891 -13.787 -13.624 -13.479 -13.404 -13.762 -13.849 -13.709 -12.95 -12.514 -11.975 -13.768
0.213423 -12.698 -13.001 -13.31 -13.802 -13.917 -13.888 -13.474 -13.831 -13.915 -13.882 -13.737 -13.5 -13.828 -13.916 -13.817 -13.658 -13.465 -13.925 -13.826 -13.666 -13.523 -13.448 -13.8 -13.885 -13.749 -12.998 -12.563 -12.025 -13.805
0.219878 -12.697 -13.003 -13.321 -13.825 -13.947 -13.924 -13.493 -13.855 -13.945 -13.919 -13.777 -13.544 -13.852 -13.949 -13.856 -13.7 -13.509 -13.958 -13.864 -13.708 -13.566 -13.492 -13.837 -13.92 -13.789 -13.045 -12.612 -12.075 -13.842
0.226528 -12.694 -13.005 -13.331 -13.848 -13.977 -13.96 -13.513 -13.879 -13.976 -13.955 -13.817 -13.587 -13.876 -13.981 -13.894 -13.741 -13.553 -13.991 -13.902 -13.749 -13.61 -13.536 -13.875 -13.955 -13.829 -13.092 -12.661 -12.126 -13.878
0.233379 -12.691 -13.006 -13.34 -13.87 -14.007 -13.995 -13.532 -13.903 -14.005 -13.99 -13.857 -13.63 -13.899 -14.013 -13.932 -13.783 -13.596 -14.023 -13.941 -13.791 -13.653 -13.58 -13.912 -13.989 -13.869 -13.139 -12.71 -12.176 -13.915
0.240437 -12.687 -13.007 -13.348 -13.891 -14.036 -14.03 -13.551 -13.926 -14.035 -14.026 -13.896 -13.674 -13.922 -14.044 -13.97 -13.824 -13.64 -14.056 -13.978 -13.832 -13.696 -13.624 -13.949 -14.024 -13.908 -13.186 -12.759 -12.226 -13.951
0.247709 -12.683 -13.006 -13.357 -13.913 -14.066 -14.065 -13.57 -13.948 -14.064 -14.061 -13.936 -13.717 -13.944 -14.076 -14.008 -13.865 -13.683 -14.088 -14.016 -13.873 -13.739 -13.667 -13.986 -14.058 -13.947 -13.233 -12.807 -12.276 -13.986
0.255201 -12.678 -13.005 -13.364 -13.933 -14.094 -14.1 -13.588 -13.97 -14.093 -14.096 -13.975 -13.759 -13.965 -14.106 -14.045 -13.906 -13.727 -14.119 -14.053 -13.914 -13.781 -13.711 -14.022 -14.091 -13.986 -13.28 -12.856 -12.326 -14.022
0.262919 -12.672 -13.003 -13.371 -13.953 -14.122 -14.134 -13.606 -13.992 -14.121 -14.13 -14.014 -13.802 -13.987 -14.137 -14.083 -13.946 -13.77 -14.151 -14.091 -13.954 -13.824 -13.754 -14.058 -14.125 -14.024 -13.326 -12.904 -12.376 -14.057
0.270871 -12.665 -13.001 -13.377 -13.973 -14.15 -14.169 -13.624 -14.013 -14.149 -14.164 -14.052 -13.844 -14.007 -14.167 -14.119 -13.987 -13.813 -14.182 -14.127 -13.994 -13.866 -13.797 -14.094 -14.158 -14.063 -13.373 -12.953 -12.426 -14.092
0.279064 -12.658 -12.997 -13.382 -13.992 -14.178 -14.202 -13.641 -14.033 -14.177 -14.198 -14.091 -13.886 -14.028 -14.197 -14.156 -14.027 -13.855 -14.212 -14.164 -14.035 -13.908 -13.84 -14.13 -14.19 -14.101 -13.419 -13.001 -12.476 -14.127
0.287504 -12.65 -12.993 -13.387 -14.011 -14.205 -14.236 -13.657 -14.053 -14.204 -14.232 -14.129 -13.928 -14.047 -14.226 -14.192 -14.067 -13.898 -14.242 -14.2 -14.074 -13.95 -13.883 -14.165 -14.223 -14.139 -13.465 -13.049 -12.526 -14.161
0.296199 -12.641 -12.987 -13.391 -14.029 -14.231 -14.269 -13.674 -14.073 -14.23 -14.265 -14.167 -13.97 -14.067 -14.255 -14.228 -14.107 -13.94 -14.272 -14.236 -14.114 -13.992 -13.925 -14.2 -14.255 -14.176 -13.511 -13.097 -12.575 -14.195
0.305157 -12.631 -12.981 -13.395 -14.046 -14.257 -14.301 -13.69 -14.092 -14.257 -14.298 -14.204 -14.012 -14.085 -14.283 -14.264 -14.146 -13.982 -14.302 -14.272 -14.154 -14.033 -13.968 -14.235 -14.287 -14.214 -13.557 -13.145 -12.625 -14.229
0.314387 -12.62 -12.974 -13.398 -14.063 -14.283 -14.334 -13.705 -14.11 -14.282 -14.33 -14.242 -14.053 -14.103 -14.311 -14.3 -14.185 -14.024 -14.331 -14.307 -14.193 -14.075 -14.01 -14.27 -14.318 -14.251 -13.603 -13.193 -12.674 -14.263
0.323895 -12.609 -12.967 -13.4 -14.079 -14.308 -14.366 -13.72 -14.128 -14.308 -14.363 -14.279 -14.094 -14.121 -14.339 -14.335 -14.224 -14.066 -14.359 -14.342 -14.232 -14.116 -14.052 -14.304 -14.349 -14.287 -13.648 -13.241 -12.724 -14.296
0.333691 -12.597 -12.958 -13.401 -14.095 -14.333 -14.398 -13.735 -14.145 -14.333 -14.394 -14.315 -14.135 -14.138 -14.366 -14.369 -14.263 -14.107 -14.388 -14.377 -14.27 -14.157 -14.094 -14.338 -14.379 -14.324 -13.694 -13.288 -12.773 -14.329
0.343783 -12.584 -12.948 -13.401 -14.11 -14.357 -14.429 -13.749 -14.162 -14.357 -14.426 -14.352 -14.176 -14.154 -14.393 -14.404 -14.301 -14.149 -14.415 -14.412 -14.309 -14.197 -14.136 -14.371 -14.41 -14.36 -13.739 -13.336 -12.822 -14.362
0.354181 -12.57 -12.937 -13.401 -14.124 -14.381 -14.46 -13.763 -14.178 -14.381 -14.457 -14.388 -14.216 -14.169 -14.42 -14.438 -14.339 -14.19 -14.443 -14.446 -14.347 -14.238 -14.177 -14.404 -14.439 -14.396 -13.784 -13.383 -12.871 -14.394
0.364893 -12.555 -12.926 -13.4 -14.138 -14.404 -14.49 -13.776 -14.194 -14.404 -14.487 -14.424 -14.257 -14.184 -14.445 -14.472 -14.377 -14.231 -14.47 -14.479 -14.385 -14.278 -14.219 -14.437 -14.469 -14.431 -13.829 -13.43 -12.92 -14.426
0.375929 -12.539 -12.913 -13.398 -14.151 -14.427 -14.52 -13.789 -14.208 -14.427 -14.518 -14.459 -14.297 -14.199 -14.471 -14.505 -14.415 -14.271 -14.496 -14.513 -14.422 -14.318 -14.26 -14.47 -14.498 -14.467 -13.874 -13.477 -12.969 -14.457
0.387298 -12.523 -12.899 -13.395 -14.163 -14.449 -14.55 -13.802 -14.222 -14.449 -14.547 -14.494 -14.336 -14.212 -14.496 -14.538 -14.452 -14.311 -14.522 -14.546 -14.46 -14.358 -14.301 -14.502 -14.526 -14.501 -13.919 -13.524 -13.018 -14.488
0.399012 -12.505 -12.884 -13.391 -14.175 -14.471 -14.579 -13.814 -14.236 -14.471 -14.577 -14.529 -14.376 -14.225 -14.52 -14.571 -14.489 -14.352 -14.547 -14.578 -14.497 -14.397 -14.341 -14.533 -14.554 -14.536 -13.963 -13.571 -13.066 -14.519
0.41108 -12.487 -12.868 -13.387 -14.186 -14.492 -14.608 -13.825 -14.248 -14.492 -14.606 -14.564 -14.415 -14.237 -14.544 -14.603 -14.526 -14.391 -14.572 -14.611 -14.533 -14.436 -14.382 -14.565 -14.582 -14.57 -14.008 -13.617 -13.115 -14.55
0.423513 -12.467 -12.851 -13.381 -14.196 -14.512 -14.636 -13.836 -14.26 -14.513 -14.634 -14.598 -14.454 -14.249 -14.567 -14.635 -14.562 -14.431 -14.597 -14.643 -14.57 -14.475 -14.422 -14.596 -14.609 -14.604 -14.052 -13.664 -13.163 -14.58
0.436321 -12.447 -12.833 -13.375 -14.205 -14.532 -14.664 -13.846 -14.272 -14.533 -14.662 -14.632 -14.492 -14.26 -14.59 -14.666 -14.598 -14.47 -14.621 -14.674 -14.606 -14.514 -14.462 -14.626 -14.636 -14.637 -14.095 -13.71 -13.212 -14.609
0.449518 -12.425 -12.813 -13.367 -14.214 -14.551 -14.691 -13.856 -14.282 -14.552 -14.69 -14.665 -14.531 -14.27 -14.612 -14.697 -14.634 -14.509 -14.644 -14.705 -14.641 -14.552 -14.502 -14.656 -14.662 -14.67 -14.139 -13.756 -13.26 -14.638
0.463113 -12.403 -12.792 -13.359 -14.222 -14.57 -14.718 -13.865 -14.292 -14.571 -14.717 -14.698 -14.569 -14.279 -14.634 -14.728 -14.669 -14.548 -14.667 -14.736 -14.677 -14.59 -14.541 -14.686 -14.687 -14.703 -14.183 -13.802 -13.308 -14.667
0.47712 -12.379 -12.77 -13.349 -14.228 -14.588 -14.744 -13.874 -14.3 -14.589 -14.743 -14.731 -14.606 -14.287 -14.655 -14.758 -14.704 -14.586 -14.689 -14.766 -14.712 -14.628 -14.58 -14.715 -14.712 -14.735 -14.226 -13.848 -13.356 -14.695
0.49155 -12.354 -12.747 -13.339 -14.234 -14.605 -14.77 -13.882 -14.308 -14.606 -14.769 -14.763 -14.644 -14.294 -14.675 -14.787 -14.738 -14.624 -14.71 -14.795 -14.746 -14.665 -14.619 -14.744 -14.737 -14.767 -14.269 -13.894 -13.403 -14.723
0.506416 -12.329 -12.722 -13.327 -14.239 -14.621 -14.795 -13.889 -14.315 -14.623 -14.794 -14.794 -14.681 -14.301 -14.694 -14.817 -14.773 -14.662 -14.731 -14.824 -14.78 -14.702 -14.658 -14.772 -14.761 -14.798 -14.311 -13.939 -13.451 -14.751
0.521733 -12.302 -12.696 -13.314 -14.243 -14.637 -14.819 -13.896 -14.321 -14.638 -14.819 -14.826 -14.717 -14.306 -14.713 -14.845 -14.806 -14.699 -14.752 -14.853 -14.814 -14.739 -14.696 -14.8 -14.784 -14.829 -14.354 -13.984 -13.498 -14.777
0.537512 -12.273 -12.668 -13.3 -14.247 -14.652 -14.843 -13.902 -14.327 -14.653 -14.843 -14.856 -14.754 -14.311 -14.732 -14.873 -14.839 -14.736 -14.771 -14.881 -14.848 -14.775 -14.734 -14.827 -14.807 -14.859 -14.396 -14.029 -13.546 -14.804
0.553769 -12.244 -12.639 -13.285 -14.249 -14.666 -14.866 -13.907 -14.331 -14.668 -14.867 -14.887 -14.79 -14.315 -14.749 -14.901 -14.872 -14.773 -14.79 -14.909 -14.88 -14.811 -14.772 -14.854 -14.829 -14.889 -14.438 -14.074 -13.593 -14.83
