web/models/kne.last_good/kappa_1_10/14/villar_0.0338_0.0770_10.0000.dat
# %ECSV 1.0
# ---
# datatype:
# - {name: time, datatype: float64}
# - {name: swift_uvot_uvw2, datatype: float64}
# - {name: swift_uvot_uvm2, datatype: float64}
# - {name: swift_uvot_uvw1, datatype: float64}
# - {name: swift_uvot_U, datatype: float64}
# - {name: swift_uvot_B, datatype: float64}
# - {name: swift_uvot_V, datatype: float64}
# - {name: swift_uvot_W, datatype: float64}
# - {name: johnson_U, datatype: float64}
# - {name: johnson_B, datatype: float64}
# - {name: johnson_V, datatype: float64}
# - {name: johnson_R, datatype: float64}
# - {name: johnson_I, datatype: float64}
# - {name: sdss_u, datatype: float64}
# - {name: sdss_g, datatype: float64}
# - {name: sdss_r, datatype: float64}
# - {name: sdss_i, datatype: float64}
# - {name: sdss_z, datatype: float64}
# - {name: PS1_g, datatype: float64}
# - {name: PS1_r, datatype: float64}
# - {name: PS1_i, datatype: float64}
# - {name: PS1_z, datatype: float64}
# - {name: PS1_Y, datatype: float64}
# - {name: PS1_w, datatype: float64}
# - {name: ATLAS_c, datatype: float64}
# - {name: ATLAS_o, datatype: float64}
# - {name: ukirt_J, datatype: float64}
# - {name: ukirt_H, datatype: float64}
# - {name: ukirt_K, datatype: float64}
# - {name: Clear, datatype: float64}
# meta: !!omap
# - comment: [kappa = 10.0, type = villar, mass = 0.03383890769761434, velocity = 0.07700000000000001, theta_obs = 0.0]
# schema: astropy-2.0
time swift_uvot_uvw2 swift_uvot_uvm2 swift_uvot_uvw1 swift_uvot_U swift_uvot_B swift_uvot_V swift_uvot_W johnson_U johnson_B johnson_V johnson_R johnson_I sdss_u sdss_g sdss_r sdss_i sdss_z PS1_g PS1_r PS1_i PS1_z PS1_Y PS1_w ATLAS_c ATLAS_o ukirt_J ukirt_H ukirt_K Clear
[from data line 78]
0.010217 -8.515 -8.368 -8.258 -7.91 -7.588 -7.23 -8.104 -7.863 -7.584 -7.22 -6.847 -6.411 -7.872 -7.474 -7.015 -6.672 -6.346 -7.463 -7.057 -6.726 -6.517 -6.533 -7.072 -7.295 -6.874 -5.69 -5.153 -4.53 -7.146
0.010526 -8.555 -8.411 -8.302 -7.958 -7.637 -7.282 -8.148 -7.911 -7.634 -7.271 -6.899 -6.463 -7.921 -7.524 -7.067 -6.724 -6.399 -7.513 -7.108 -6.778 -6.569 -6.582 -7.123 -7.346 -6.926 -5.743 -5.207 -4.584 -7.197
0.010845 -8.595 -8.454 -8.347 -8.006 -7.687 -7.333 -8.193 -7.96 -7.683 -7.322 -6.951 -6.516 -7.969 -7.574 -7.118 -6.777 -6.452 -7.563 -7.159 -6.829 -6.62 -6.631 -7.175 -7.397 -6.978 -5.797 -5.261 -4.639 -7.248
0.011173 -8.634 -8.497 -8.391 -8.054 -7.737 -7.384 -8.237 -8.008 -7.733 -7.373 -7.003 -6.569 -8.017 -7.625 -7.17 -6.829 -6.505 -7.612 -7.21 -6.881 -6.671 -6.68 -7.226 -7.447 -7.03 -5.851 -5.315 -4.693 -7.299
0.011511 -8.674 -8.539 -8.435 -8.102 -7.786 -7.435 -8.282 -8.056 -7.783 -7.424 -7.055 -6.622 -8.065 -7.675 -7.221 -6.881 -6.558 -7.662 -7.261 -6.932 -6.722 -6.729 -7.277 -7.498 -7.082 -5.904 -5.369 -4.747 -7.349
0.011859 -8.713 -8.581 -8.479 -8.15 -7.836 -7.485 -8.326 -8.104 -7.832 -7.475 -7.107 -6.674 -8.113 -7.724 -7.273 -6.933 -6.61 -7.712 -7.312 -6.983 -6.773 -6.778 -7.328 -7.548 -7.133 -5.958 -5.423 -4.802 -7.4
0.012217 -8.751 -8.623 -8.522 -8.197 -7.885 -7.536 -8.369 -8.152 -7.881 -7.526 -7.158 -6.727 -8.161 -7.774 -7.324 -6.985 -6.663 -7.761 -7.363 -7.035 -6.824 -6.827 -7.379 -7.599 -7.185 -6.011 -5.477 -4.856 -7.451
0.012587 -8.79 -8.665 -8.566 -8.245 -7.934 -7.587 -8.413 -8.199 -7.931 -7.576 -7.21 -6.779 -8.209 -7.824 -7.375 -7.037 -6.716 -7.811 -7.413 -7.086 -6.875 -6.876 -7.43 -7.649 -7.237 -6.065 -5.531 -4.91 -7.501
0.012968 -8.828 -8.707 -8.609 -8.292 -7.983 -7.637 -8.457 -8.247 -7.98 -7.627 -7.261 -6.832 -8.256 -7.873 -7.426 -7.089 -6.768 -7.86 -7.464 -7.137 -6.926 -6.925 -7.48 -7.699 -7.288 -6.118 -5.585 -4.965 -7.551
0.01336 -8.867 -8.748 -8.652 -8.339 -8.032 -7.688 -8.5 -8.294 -8.029 -7.677 -7.313 -6.884 -8.304 -7.923 -7.477 -7.141 -6.821 -7.909 -7.514 -7.188 -6.977 -6.974 -7.531 -7.749 -7.339 -6.172 -5.639 -5.019 -7.602
0.013764 -8.904 -8.79 -8.695 -8.386 -8.081 -7.738 -8.543 -8.342 -8.078 -7.728 -7.364 -6.936 -8.351 -7.972 -7.528 -7.193 -6.873 -7.958 -7.565 -7.239 -7.028 -7.023 -7.582 -7.799 -7.391 -6.225 -5.692 -5.073 -7.652
0.01418 -8.942 -8.831 -8.738 -8.433 -8.13 -7.788 -8.586 -8.389 -8.126 -7.778 -7.415 -6.988 -8.398 -8.022 -7.579 -7.245 -6.925 -8.007 -7.615 -7.29 -7.079 -7.072 -7.632 -7.849 -7.442 -6.278 -5.746 -5.127 -7.702
0.014609 -8.98 -8.871 -8.78 -8.479 -8.179 -7.838 -8.629 -8.436 -8.175 -7.828 -7.467 -7.04 -8.445 -8.071 -7.63 -7.296 -6.978 -8.056 -7.665 -7.341 -7.129 -7.12 -7.683 -7.899 -7.493 -6.331 -5.8 -5.181 -7.752
0.015051 -9.017 -8.912 -8.822 -8.526 -8.227 -7.888 -8.671 -8.483 -8.224 -7.878 -7.518 -7.093 -8.492 -8.12 -7.681 -7.348 -7.03 -8.105 -7.716 -7.392 -7.18 -7.169 -7.733 -7.949 -7.544 -6.384 -5.853 -5.235 -7.802
0.015506 -9.054 -8.952 -8.864 -8.572 -8.276 -7.938 -8.714 -8.53 -8.272 -7.928 -7.569 -7.145 -8.539 -8.169 -7.732 -7.399 -7.082 -8.154 -7.766 -7.442 -7.231 -7.218 -7.783 -7.998 -7.595 -6.437 -5.907 -5.289 -7.852
0.015975 -9.091 -8.992 -8.906 -8.619 -8.324 -7.988 -8.756 -8.576 -8.32 -7.978 -7.62 -7.197 -8.585 -8.218 -7.782 -7.451 -7.134 -8.203 -7.816 -7.493 -7.281 -7.267 -7.833 -8.048 -7.646 -6.49 -5.96 -5.343 -7.902
0.016458 -9.127 -9.032 -8.948 -8.665 -8.372 -8.038 -8.798 -8.623 -8.369 -8.028 -7.671 -7.248 -8.632 -8.266 -7.833 -7.502 -7.186 -8.251 -7.866 -7.544 -7.332 -7.315 -7.883 -8.097 -7.697 -6.543 -6.014 -5.397 -7.951
0.016956 -9.163 -9.072 -8.989 -8.711 -8.421 -8.088 -8.84 -8.669 -8.417 -8.078 -7.722 -7.3 -8.678 -8.315 -7.883 -7.554 -7.238 -8.3 -7.916 -7.594 -7.382 -7.364 -7.933 -8.147 -7.748 -6.596 -6.067 -5.451 -8.001
0.017469 -9.199 -9.112 -9.031 -8.757 -8.469 -8.137 -8.882 -8.715 -8.465 -8.127 -7.772 -7.352 -8.724 -8.364 -7.933 -7.605 -7.29 -8.348 -7.966 -7.645 -7.433 -7.413 -7.983 -8.196 -7.798 -6.649 -6.121 -5.505 -8.05
0.017997 -9.235 -9.151 -9.072 -8.802 -8.516 -8.187 -8.923 -8.762 -8.513 -8.177 -7.823 -7.404 -8.77 -8.412 -7.984 -7.656 -7.342 -8.397 -8.015 -7.695 -7.483 -7.461 -8.033 -8.245 -7.849 -6.702 -6.174 -5.559 -8.1
0.018541 -9.271 -9.19 -9.113 -8.848 -8.564 -8.236 -8.965 -8.807 -8.561 -8.226 -7.874 -7.455 -8.816 -8.46 -8.034 -7.707 -7.394 -8.445 -8.065 -7.746 -7.534 -7.51 -8.083 -8.294 -7.899 -6.755 -6.228 -5.613 -8.149
0.019102 -9.306 -9.229 -9.154 -8.894 -8.612 -8.286 -9.006 -8.853 -8.608 -8.276 -7.924 -7.507 -8.862 -8.509 -8.084 -7.758 -7.445 -8.493 -8.115 -7.796 -7.584 -7.559 -8.132 -8.343 -7.95 -6.808 -6.281 -5.666 -8.198
0.01968 -9.341 -9.267 -9.194 -8.939 -8.66 -8.335 -9.047 -8.899 -8.656 -8.325 -7.975 -7.558 -8.908 -8.557 -8.134 -7.809 -7.497 -8.541 -8.164 -7.847 -7.634 -7.607 -8.182 -8.392 -8.0 -6.86 -6.334 -5.72 -8.247
0.020275 -9.376 -9.306 -9.234 -8.984 -8.707 -8.384 -9.088 -8.945 -8.703 -8.374 -8.025 -7.61 -8.953 -8.605 -8.184 -7.86 -7.549 -8.589 -8.214 -7.897 -7.685 -7.656 -8.231 -8.441 -8.051 -6.913 -6.387 -5.774 -8.296
0.020888 -9.411 -9.344 -9.275 -9.029 -8.754 -8.433 -9.129 -8.99 -8.751 -8.423 -8.075 -7.661 -8.998 -8.653 -8.234 -7.911 -7.6 -8.637 -8.263 -7.947 -7.735 -7.704 -8.281 -8.49 -8.101 -6.966 -6.441 -5.827 -8.345
0.02152 -9.445 -9.382 -9.315 -9.074 -8.802 -8.482 -9.169 -9.035 -8.798 -8.472 -8.126 -7.713 -9.044 -8.701 -8.284 -7.962 -7.652 -8.684 -8.312 -7.997 -7.785 -7.753 -8.33 -8.538 -8.151 -7.018 -6.494 -5.881 -8.394
0.022171 -9.479 -9.419 -9.354 -9.119 -8.849 -8.531 -9.209 -9.08 -8.845 -8.521 -8.176 -7.764 -9.089 -8.748 -8.333 -8.013 -7.703 -8.732 -8.362 -8.047 -7.835 -7.801 -8.379 -8.587 -8.201 -7.071 -6.547 -5.935 -8.443
0.022841 -9.513 -9.457 -9.394 -9.163 -8.896 -8.58 -9.25 -9.126 -8.892 -8.57 -8.226 -7.815 -9.134 -8.796 -8.383 -8.063 -7.755 -8.779 -8.411 -8.097 -7.885 -7.85 -8.428 -8.635 -8.251 -7.123 -6.6 -5.988 -8.492
0.023532 -9.547 -9.494 -9.433 -9.208 -8.943 -8.629 -9.29 -9.17 -8.939 -8.619 -8.276 -7.866 -9.179 -8.844 -8.432 -8.114 -7.806 -8.827 -8.46 -8.147 -7.935 -7.898 -8.477 -8.683 -8.301 -7.176 -6.653 -6.042 -8.54
0.024244 -9.58 -9.531 -9.472 -9.252 -8.989 -8.678 -9.329 -9.215 -8.986 -8.668 -8.326 -7.917 -9.223 -8.891 -8.482 -8.164 -7.857 -8.874 -8.509 -8.197 -7.985 -7.947 -8.526 -8.732 -8.351 -7.228 -6.706 -6.095 -8.589
0.024977 -9.613 -9.568 -9.511 -9.296 -9.036 -8.726 -9.369 -9.26 -9.032 -8.716 -8.376 -7.969 -9.268 -8.938 -8.531 -8.215 -7.908 -8.922 -8.558 -8.247 -8.035 -7.995 -8.575 -8.78 -8.401 -7.28 -6.759 -6.149 -8.637
0.025733 -9.646 -9.604 -9.55 -9.34 -9.083 -8.775 -9.408 -9.304 -9.079 -8.765 -8.426 -8.02 -9.312 -8.985 -8.581 -8.265 -7.96 -8.969 -8.607 -8.297 -8.085 -8.044 -8.624 -8.828 -8.451 -7.333 -6.812 -6.202 -8.686
0.026511 -9.678 -9.64 -9.588 -9.384 -9.129 -8.823 -9.448 -9.348 -9.125 -8.813 -8.475 -8.07 -9.356 -9.033 -8.63 -8.315 -8.011 -9.016 -8.656 -8.347 -8.135 -8.092 -8.673 -8.876 -8.5 -7.385 -6.865 -6.255 -8.734
0.027313 -9.711 -9.676 -9.627 -9.428 -9.175 -8.871 -9.487 -9.393 -9.172 -8.861 -8.525 -8.121 -9.401 -9.08 -8.679 -8.366 -8.062 -9.063 -8.704 -8.396 -8.185 -8.141 -8.721 -8.924 -8.55 -7.437 -6.917 -6.309 -8.782
0.028139 -9.743 -9.712 -9.665 -9.471 -9.222 -8.919 -9.526 -9.437 -9.218 -8.91 -8.574 -8.172 -9.445 -9.126 -8.728 -8.416 -8.113 -9.109 -8.753 -8.446 -8.235 -8.189 -8.77 -8.971 -8.599 -7.489 -6.97 -6.362 -8.83
0.02899 -9.775 -9.747 -9.702 -9.515 -9.268 -8.967 -9.564 -9.48 -9.264 -8.958 -8.624 -8.223 -9.488 -9.173 -8.777 -8.466 -8.164 -9.156 -8.802 -8.495 -8.284 -8.237 -8.818 -9.019 -8.649 -7.541 -7.023 -6.415 -8.878
0.029867 -9.806 -9.783 -9.74 -9.558 -9.314 -9.015 -9.603 -9.524 -9.31 -9.006 -8.673 -8.274 -9.532 -9.22 -8.826 -8.516 -8.215 -9.203 -8.85 -8.545 -8.334 -8.286 -8.867 -9.067 -8.698 -7.593 -7.076 -6.469 -8.926
0.03077 -9.837 -9.818 -9.777 -9.601 -9.359 -9.063 -9.641 -9.568 -9.356 -9.054 -8.723 -8.324 -9.576 -9.266 -8.875 -8.566 -8.265 -9.249 -8.899 -8.594 -8.384 -8.334 -8.915 -9.114 -8.747 -7.645 -7.128 -6.522 -8.974
0.031701 -9.868 -9.852 -9.815 -9.644 -9.405 -9.111 -9.679 -9.611 -9.402 -9.102 -8.772 -8.375 -9.619 -9.313 -8.923 -8.616 -8.316 -9.296 -8.947 -8.644 -8.433 -8.382 -8.963 -9.161 -8.796 -7.697 -7.181 -6.575 -9.021
0.032659 -9.899 -9.887 -9.851 -9.687 -9.451 -9.159 -9.717 -9.654 -9.447 -9.149 -8.821 -8.425 -9.662 -9.359 -8.972 -8.666 -8.367 -9.342 -8.995 -8.693 -8.483 -8.431 -9.011 -9.209 -8.845 -7.749 -7.234 -6.628 -9.069
0.033647 -9.929 -9.921 -9.888 -9.729 -9.496 -9.207 -9.755 -9.698 -9.493 -9.197 -8.87 -8.476 -9.705 -9.405 -9.021 -8.716 -8.417 -9.388 -9.043 -8.742 -8.532 -8.479 -9.059 -9.256 -8.895 -7.801 -7.286 -6.682 -9.116
0.034665 -9.959 -9.955 -9.925 -9.772 -9.542 -9.254 -9.792 -9.74 -9.538 -9.245 -8.919 -8.526 -9.748 -9.451 -9.069 -8.765 -8.468 -9.434 -9.091 -8.792 -8.582 -8.527 -9.107 -9.303 -8.943 -7.853 -7.339 -6.735 -9.164
0.035713 -9.989 -9.988 -9.961 -9.814 -9.587 -9.301 -9.83 -9.783 -9.583 -9.292 -8.968 -8.576 -9.791 -9.497 -9.118 -8.815 -8.519 -9.48 -9.14 -8.841 -8.631 -8.575 -9.155 -9.35 -8.992 -7.905 -7.391 -6.788 -9.211
0.036793 -10.019 -10.022 -9.997 -9.856 -9.632 -9.349 -9.867 -9.826 -9.628 -9.339 -9.017 -8.627 -9.833 -9.543 -9.166 -8.864 -8.569 -9.526 -9.187 -8.89 -8.681 -8.624 -9.203 -9.396 -9.041 -7.957 -7.444 -6.841 -9.258
0.037906 -10.048 -10.055 -10.033 -9.898 -9.677 -9.396 -9.904 -9.868 -9.673 -9.387 -9.066 -8.677 -9.876 -9.589 -9.214 -8.914 -8.619 -9.572 -9.235 -8.939 -8.73 -8.672 -9.25 -9.443 -9.09 -8.008 -7.496 -6.894 -9.305
0.039052 -10.077 -10.087 -10.068 -9.94 -9.722 -9.443 -9.941 -9.911 -9.718 -9.434 -9.115 -8.727 -9.918 -9.635 -9.262 -8.963 -8.67 -9.618 -9.283 -8.988 -8.779 -8.72 -9.298 -9.49 -9.138 -8.06 -7.549 -6.947 -9.352
0.040234 -10.105 -10.12 -10.103 -9.982 -9.766 -9.49 -9.977 -9.953 -9.763 -9.481 -9.163 -8.777 -9.96 -9.68 -9.31 -9.013 -8.72 -9.663 -9.331 -9.037 -8.829 -8.768 -9.345 -9.536 -9.187 -8.112 -7.601 -7.0 -9.399
0.04145 -10.134 -10.152 -10.138 -10.023 -9.811 -9.537 -10.014 -9.995 -9.807 -9.528 -9.212 -8.827 -10.002 -9.725 -9.358 -9.062 -8.77 -9.709 -9.378 -9.085 -8.878 -8.816 -9.393 -9.583 -9.235 -8.163 -7.653 -7.053 -9.446
0.042704 -10.162 -10.184 -10.173 -10.064 -9.855 -9.584 -10.05 -10.037 -9.852 -9.575 -9.26 -8.877 -10.044 -9.771 -9.406 -9.111 -8.82 -9.754 -9.426 -9.134 -8.927 -8.865 -9.44 -9.629 -9.284 -8.215 -7.706 -7.106 -9.493
0.043996 -10.19 -10.216 -10.208 -10.105 -9.9 -9.631 -10.086 -10.078 -9.896 -9.621 -9.309 -8.927 -10.085 -9.816 -9.454 -9.16 -8.87 -9.799 -9.473 -9.183 -8.976 -8.913 -9.487 -9.675 -9.332 -8.266 -7.758 -7.159 -9.539
0.045326 -10.217 -10.247 -10.242 -10.146 -9.944 -9.677 -10.122 -10.12 -9.94 -9.668 -9.357 -8.977 -10.127 -9.861 -9.501 -9.209 -8.92 -9.844 -9.521 -9.231 -9.025 -8.961 -9.534 -9.721 -9.38 -8.318 -7.81 -7.212 -9.586
0.046697 -10.244 -10.278 -10.276 -10.187 -9.988 -9.724 -10.157 -10.161 -9.984 -9.715 -9.405 -9.026 -10.168 -9.906 -9.549 -9.258 -8.97 -9.889 -9.568 -9.28 -9.074 -9.009 -9.581 -9.767 -9.428 -8.369 -7.862 -7.264 -9.632
0.048109 -10.271 -10.309 -10.31 -10.228 -10.032 -9.77 -10.193 -10.202 -10.028 -9.761 -9.454 -9.076 -10.209 -9.95 -9.597 -9.307 -9.02 -9.934 -9.615 -9.329 -9.123 -9.057 -9.628 -9.813 -9.477 -8.421 -7.915 -7.317 -9.678
0.049564 -10.297 -10.339 -10.344 -10.268 -10.076 -9.816 -10.228 -10.243 -10.072 -9.807 -9.502 -9.126 -10.25 -9.995 -9.644 -9.356 -9.07 -9.979 -9.662 -9.377 -9.172 -9.105 -9.675 -9.859 -9.524 -8.472 -7.967 -7.37 -9.725
0.051063 -10.323 -10.369 -10.377 -10.308 -10.119 -9.863 -10.263 -10.284 -10.116 -9.853 -9.55 -9.175 -10.29 -10.039 -9.691 -9.405 -9.12 -10.024 -9.709 -9.425 -9.221 -9.153 -9.721 -9.904 -9.572 -8.523 -8.019 -7.423 -9.771
0.052608 -10.349 -10.399 -10.41 -10.348 -10.163 -9.909 -10.298 -10.325 -10.159 -9.9 -9.598 -9.225 -10.331 -10.084 -9.739 -9.453 -9.17 -10.068 -9.756 -9.474 -9.269 -9.201 -9.768 -9.95 -9.62 -8.574 -8.071 -7.476 -9.817
0.054199 -10.375 -10.429 -10.443 -10.388 -10.206 -9.955 -10.332 -10.365 -10.202 -9.946 -9.645 -9.274 -10.371 -10.128 -9.786 -9.502 -9.219 -10.112 -9.803 -9.522 -9.318 -9.249 -9.814 -9.995 -9.668 -8.626 -8.123 -7.528 -9.863
0.055838 -10.4 -10.458 -10.475 -10.428 -10.249 -10.0 -10.367 -10.405 -10.246 -9.991 -9.693 -9.324 -10.412 -10.172 -9.833 -9.55 -9.269 -10.157 -9.85 -9.57 -9.367 -9.297 -9.861 -10.041 -9.715 -8.677 -8.175 -7.581 -9.908
0.057527 -10.425 -10.487 -10.507 -10.467 -10.292 -10.046 -10.401 -10.445 -10.289 -10.037 -9.741 -9.373 -10.451 -10.216 -9.88 -9.599 -9.318 -10.201 -9.897 -9.618 -9.415 -9.344 -9.907 -10.086 -9.763 -8.728 -8.227 -7.634 -9.954
0.059267 -10.449 -10.515 -10.539 -10.506 -10.335 -10.092 -10.435 -10.485 -10.332 -10.083 -9.788 -9.422 -10.491 -10.26 -9.926 -9.647 -9.368 -10.245 -9.943 -9.666 -9.464 -9.392 -9.953 -10.131 -9.81 -8.779 -8.279 -7.686 -9.999
0.061059 -10.473 -10.544 -10.571 -10.545 -10.378 -10.137 -10.468 -10.525 -10.374 -10.128 -9.836 -9.471 -10.531 -10.304 -9.973 -9.696 -9.417 -10.289 -9.99 -9.714 -9.513 -9.44 -9.999 -10.176 -9.858 -8.83 -8.33 -7.739 -10.045
0.062906 -10.497 -10.572 -10.602 -10.584 -10.42 -10.183 -10.502 -10.564 -10.417 -10.174 -9.883 -9.52 -10.57 -10.347 -10.02 -9.744 -9.467 -10.332 -10.036 -9.762 -9.561 -9.488 -10.045 -10.221 -9.905 -8.881 -8.382 -7.791 -10.09
0.064808 -10.52 -10.599 -10.633 -10.623 -10.463 -10.228 -10.535 -10.604 -10.459 -10.219 -9.93 -9.569 -10.609 -10.391 -10.066 -9.792 -9.516 -10.376 -10.082 -9.81 -9.609 -9.536 -10.091 -10.265 -9.952 -8.932 -8.434 -7.844 -10.135
0.066769 -10.543 -10.626 -10.664 -10.661 -10.505 -10.273 -10.568 -10.643 -10.502 -10.264 -9.977 -9.618 -10.648 -10.434 -10.113 -9.84 -9.565 -10.42 -10.128 -9.857 -9.658 -9.583 -10.137 -10.31 -9.999 -8.982 -8.486 -7.896 -10.181
0.068788 -10.566 -10.653 -10.695 -10.699 -10.547 -10.318 -10.601 -10.682 -10.544 -10.309 -10.025 -9.667 -10.687 -10.477 -10.159 -9.888 -9.614 -10.463 -10.175 -9.905 -9.706 -9.631 -10.182 -10.354 -10.046 -9.033 -8.537 -7.949 -10.225
0.070868 -10.588 -10.68 -10.725 -10.737 -10.589 -10.363 -10.634 -10.72 -10.586 -10.354 -10.072 -9.716 -10.726 -10.52 -10.205 -9.936 -9.663 -10.506 -10.221 -9.952 -9.754 -9.679 -10.228 -10.398 -10.093 -9.084 -8.589 -8.001 -10.27
0.073012 -10.61 -10.706 -10.755 -10.775 -10.631 -10.408 -10.667 -10.759 -10.628 -10.399 -10.118 -9.764 -10.764 -10.563 -10.251 -9.983 -9.712 -10.549 -10.266 -10.0 -9.802 -9.726 -10.273 -10.443 -10.14 -9.135 -8.641 -8.054 -10.315
0.07522 -10.632 -10.732 -10.785 -10.813 -10.673 -10.453 -10.699 -10.797 -10.669 -10.444 -10.165 -9.813 -10.802 -10.605 -10.297 -10.031 -9.761 -10.592 -10.312 -10.047 -9.85 -9.774 -10.318 -10.487 -10.186 -9.185 -8.692 -8.106 -10.36
0.077495 -10.653 -10.757 -10.814 -10.85 -10.714 -10.497 -10.731 -10.835 -10.711 -10.489 -10.212 -9.862 -10.84 -10.648 -10.343 -10.079 -9.81 -10.635 -10.358 -10.095 -9.899 -9.821 -10.364 -10.531 -10.233 -9.236 -8.744 -8.158 -10.404
0.079839 -10.674 -10.782 -10.843 -10.887 -10.755 -10.542 -10.763 -10.873 -10.752 -10.533 -10.259 -9.91 -10.878 -10.69 -10.389 -10.126 -9.859 -10.677 -10.403 -10.142 -9.946 -9.869 -10.409 -10.574 -10.279 -9.286 -8.795 -8.211 -10.449
0.082253 -10.695 -10.807 -10.872 -10.924 -10.797 -10.586 -10.794 -10.911 -10.793 -10.577 -10.305 -9.959 -10.916 -10.733 -10.435 -10.174 -9.907 -10.72 -10.449 -10.189 -9.994 -9.916 -10.454 -10.618 -10.326 -9.337 -8.847 -8.263 -10.493
0.084741 -10.715 -10.832 -10.9 -10.961 -10.838 -10.63 -10.826 -10.948 -10.834 -10.622 -10.351 -10.007 -10.953 -10.775 -10.48 -10.221 -9.956 -10.762 -10.494 -10.236 -10.042 -9.964 -10.498 -10.661 -10.372 -9.387 -8.898 -8.315 -10.537
0.087304 -10.734 -10.856 -10.928 -10.998 -10.878 -10.674 -10.857 -10.985 -10.875 -10.666 -10.398 -10.055 -10.99 -10.817 -10.526 -10.268 -10.005 -10.805 -10.539 -10.283 -10.09 -10.011 -10.543 -10.705 -10.418 -9.438 -8.95 -8.367 -10.581
