web/models/kne/9/Metzger_0.003617_0.483793_0.450000.dat
# %ECSV 0.9
# ---
# datatype:
# - {name: time, datatype: float64}
# - {name: sdss_u, datatype: float64}
# - {name: sdss_g, datatype: float64}
# - {name: sdss_r, datatype: float64}
# - {name: sdss_i, datatype: float64}
# - {name: sdss_z, datatype: float64}
# - {name: PS1_y, datatype: float64}
# - {name: ukirt_J, datatype: float64}
# - {name: ukirt_H, datatype: float64}
# - {name: ukirt_K, datatype: float64}
# - {name: johnson_U, datatype: float64}
# - {name: johnson_B, datatype: float64}
# - {name: johnson_V, datatype: float64}
# - {name: johnson_R, datatype: float64}
# - {name: johnson_I, datatype: float64}
# - {name: Clear, datatype: float64}
# meta: !!omap
# - comment: [vej = 0.48379310344827586, mej = 0.0036174920645118385, Ye = 0.45, redshift = 0.0]
# schema: astropy-2.0
time sdss_u sdss_g sdss_r sdss_i sdss_z PS1_y ukirt_J ukirt_H ukirt_K johnson_U johnson_B johnson_V johnson_R johnson_I Clear
[from data line 398]
20.000000 226.773881 161.650988 120.499545 94.350705 78.398553 68.420392 48.225646 30.318286 18.603774 218.961184 179.793423 137.767314 115.496718 76.792276 118.853656
20.050000 227.351425 162.078066 120.831091 94.621243 78.631696 68.630052 48.387467 30.437139 18.694019 219.520709 180.262489 138.139006 115.816615 77.021644 119.181370
20.100000 227.928855 162.505063 121.162577 94.891733 78.864801 68.839677 48.549265 30.555978 18.784256 220.080124 180.731465 138.510627 116.136454 77.250974 119.509026
20.150000 228.506170 162.931978 121.494003 95.162177 79.097866 69.049269 48.711039 30.674804 18.874486 220.639429 181.200350 138.882180 116.456235 77.480267 119.836621
20.200000 229.083371 163.358813 121.825369 95.432574 79.330893 69.258828 48.872790 30.793615 18.964709 221.198624 181.669146 139.253664 116.775958 77.709521 120.164158
20.250000 229.660459 163.785567 122.156674 95.702924 79.563881 69.468353 49.034519 30.912413 19.054924 221.757710 182.137851 139.625079 117.095624 77.938737 120.491635
20.300000 230.237435 164.212241 122.487920 95.973228 79.796831 69.677845 49.196224 31.031198 19.145131 222.316686 182.606467 139.996426 117.415233 78.167916 120.819054
20.350000 230.814298 164.638834 122.819107 96.243486 80.029742 69.887304 49.357907 31.149968 19.235331 222.875554 183.074994 140.367705 117.734785 78.397058 121.146414
20.400000 231.391048 165.065348 123.150234 96.513697 80.262616 70.096729 49.519566 31.268725 19.325524 223.434314 183.543432 140.738916 118.054281 78.626162 121.473715
20.450000 231.967687 165.491782 123.481303 96.783862 80.495451 70.306122 49.681203 31.387469 19.415709 223.992966 184.011782 141.110059 118.373719 78.855229 121.800958
20.500000 232.544215 165.918138 123.812312 97.053982 80.728249 70.515482 49.842818 31.506199 19.505887 224.551510 184.480044 141.481135 118.693102 79.084260 122.128144
20.550000 233.120632 166.344414 124.143263 97.324056 80.961009 70.724809 50.004409 31.624916 19.596058 225.109948 184.948218 141.852144 119.012428 79.313253 122.455271
20.600000 233.696939 166.770612 124.474156 97.594084 81.193732 70.934103 50.165979 31.743619 19.686221 225.668279 185.416304 142.223085 119.331698 79.542209 122.782341
20.650000 234.273136 167.196731 124.804990 97.864067 81.426416 71.143365 50.327526 31.862309 19.776376 226.226504 185.884303 142.593961 119.650913 79.771129 123.109354
20.700000 234.849223 167.622773 125.135766 98.134005 81.659064 71.352595 50.489050 31.980985 19.866525 226.784623 186.352216 142.964770 119.970072 80.000012 123.436309
20.750000 235.425201 168.048737 125.466485 98.403898 81.891674 71.561792 50.650552 32.099649 19.956666 227.342637 186.820042 143.335512 120.289176 80.228859 123.763208
20.800000 236.001070 168.474623 125.797146 98.673746 82.124248 71.770957 50.812032 32.218298 20.046800 227.900545 187.287781 143.706189 120.608224 80.457669 124.090049
20.850000 236.576831 168.900432 126.127749 98.943550 82.356784 71.980090 50.973490 32.336935 20.136926 228.458349 187.755435 144.076800 120.927218 80.686444 124.416834
20.900000 237.152483 169.326164 126.458296 99.213308 82.589284 72.189191 51.134926 32.455559 20.227045 229.016049 188.223004 144.447346 121.246157 80.915182 124.743563
20.950000 237.728028 169.751820 126.788785 99.483023 82.821747 72.398260 51.296339 32.574169 20.317157 229.573644 188.690486 144.817826 121.565041 81.143884 125.070236
21.000000 238.303466 170.177399 127.119218 99.752693 83.054173 72.607298 51.457731 32.692766 20.407262 230.131136 189.157884 145.188242 121.883871 81.372551 125.396852
21.050000 238.878797 170.602902 127.449594 100.022319 83.286563 72.816303 51.619101 32.811350 20.497359 230.688525 189.625198 145.558592 122.202647 81.601182 125.723413
21.100000 239.454021 171.028329 127.779914 100.291901 83.518916 73.025278 51.780449 32.929921 20.587449 231.245811 190.092426 145.928878 122.521369 81.829777 126.049918
21.150000 240.029140 171.453680 128.110178 100.561439 83.751233 73.234220 51.941775 33.048479 20.677532 231.802995 190.559571 146.299100 122.840036 82.058337 126.376368
21.200000 240.604152 171.878957 128.440385 100.830934 83.983515 73.443132 52.103080 33.167024 20.767608 232.360077 191.026632 146.669258 123.158651 82.286861 126.702762
21.250000 241.179060 172.304158 128.770537 101.100385 84.215760 73.652012 52.264363 33.285556 20.857676 232.917056 191.493610 147.039351 123.477212 82.515351 127.029102
21.300000 241.753862 172.729285 129.100633 101.369793 84.447969 73.860861 52.425624 33.404075 20.947738 233.473935 191.960504 147.409381 123.795719 82.743805 127.355386
21.350000 242.328560 173.154337 129.430674 101.639157 84.680143 74.069679 52.586864 33.522582 21.037792 234.030712 192.427315 147.779348 124.114174 82.972224 127.681616
21.400000 242.903153 173.579314 129.760660 101.908479 84.912281 74.278466 52.748083 33.641075 21.127839 234.587389 192.894044 148.149251 124.432575 83.200608 128.007792
21.450000 243.477643 174.004218 130.090590 102.177757 85.144383 74.487222 52.909280 33.759556 21.217879 235.143966 193.360691 148.519092 124.750924 83.428958 128.333913
21.500000 244.052029 174.429048 130.420466 102.446993 85.376450 74.695947 53.070456 33.878023 21.307912 235.700442 193.827255 148.888869 125.069220 83.657273 128.659980
21.550000 244.626312 174.853804 130.750287 102.716186 85.608482 74.904642 53.231611 33.996479 21.397937 236.256820 194.293737 149.258584 125.387464 83.885553 128.985994
21.600000 245.200492 175.278488 131.080053 102.985337 85.840479 75.113306 53.392745 34.114921 21.487956 236.813097 194.760139 149.628237 125.705656 84.113799 129.311953
21.650000 245.774569 175.703098 131.409766 103.254445 86.072440 75.321940 53.553857 34.233351 21.577967 237.369276 195.226458 149.997827 126.023796 84.342011 129.637859
21.700000 246.348545 176.127635 131.739424 103.523511 86.304367 75.530543 53.714949 34.351768 21.667972 237.925356 195.692697 150.367356 126.341884 84.570188 129.963712
21.750000 246.922419 176.552100 132.069028 103.792535 86.536259 75.739117 53.876019 34.470172 21.757969 238.481338 196.158856 150.736823 126.659920 84.798332 130.289511
21.800000 247.496191 176.976493 132.398578 104.061517 86.768116 75.947660 54.037069 34.588564 21.847959 239.037223 196.624934 151.106228 126.977904 85.026441 130.615258
21.850000 248.069863 177.400814 132.728075 104.330457 86.999938 76.156173 54.198098 34.706943 21.937943 239.593009 197.090931 151.475572 127.295838 85.254517 130.940951
21.900000 248.643433 177.825063 133.057519 104.599355 87.231726 76.364656 54.359106 34.825310 22.027919 240.148699 197.556849 151.844855 127.613720 85.482559 131.266592
21.950000 249.216904 178.249240 133.386909 104.868212 87.463480 76.573109 54.520093 34.943664 22.117888 240.704291 198.022688 152.214077 127.931551 85.710567 131.592180
22.000000 249.790274 178.673346 133.716246 105.137028 87.695199 76.781532 54.681059 35.062006 22.207850 241.259787 198.488447 152.583238 128.249331 85.938541 131.917717
22.050000 250.363545 179.097382 134.045530 105.405802 87.926885 76.989925 54.842005 35.180335 22.297806 241.815187 198.954127 152.952339 128.567061 86.166482 132.243200
22.100000 250.936716 179.521346 134.374762 105.674535 88.158536 77.198289 55.002931 35.298652 22.387754 242.370490 199.419728 153.321379 128.884740 86.394390 132.568632
22.150000 251.509789 179.945240 134.703941 105.943227 88.390153 77.406624 55.163836 35.416957 22.477695 242.925698 199.885251 153.690359 129.202369 86.622265 132.894013
22.200000 252.082762 180.369063 135.033067 106.211879 88.621737 77.614929 55.324721 35.535249 22.567630 243.480811 200.350695 154.059280 129.519948 86.850106 133.219341
22.250000 252.655638 180.792816 135.362142 106.480489 88.853286 77.823205 55.485585 35.653529 22.657557 244.035829 200.816062 154.428140 129.837477 87.077915 133.544618
22.300000 253.228415 181.216500 135.691164 106.749059 89.084802 78.031451 55.646429 35.771797 22.747478 244.590753 201.281351 154.796941 130.154955 87.305690 133.869844
22.350000 253.801095 181.640113 136.020135 107.017588 89.316285 78.239669 55.807253 35.890052 22.837391 245.145581 201.746562 155.165683 130.472385 87.533433 134.195018
22.400000 254.373677 182.063658 136.349054 107.286077 89.547734 78.447857 55.968056 36.008296 22.927298 245.700316 202.211696 155.534366 130.789764 87.761143 134.520142
22.450000 254.946163 182.487133 136.677921 107.554526 89.779150 78.656016 56.128840 36.126527 23.017198 246.254958 202.676753 155.902989 131.107095 87.988820 134.845215
22.500000 255.518551 182.910539 137.006737 107.822935 90.010532 78.864147 56.289603 36.244746 23.107091 246.809506 203.141734 156.271554 131.424376 88.216465 135.170237
22.550000 256.090844 183.333876 137.335502 108.091303 90.241882 79.072248 56.450346 36.362953 23.196977 247.363960 203.606638 156.640061 131.741608 88.444077 135.495209
22.600000 256.663040 183.757145 137.664216 108.359632 90.473198 79.280321 56.611070 36.481147 23.286857 247.918322 204.071466 157.008509 132.058791 88.671658 135.820130
22.650000 257.235140 184.180346 137.992879 108.627921 90.704482 79.488366 56.771773 36.599330 23.376729 248.472592 204.536217 157.376898 132.375925 88.899205 136.145001
22.700000 257.807145 184.603478 138.321491 108.896171 90.935732 79.696381 56.932457 36.717501 23.466595 249.026769 205.000894 157.745230 132.693011 89.126721 136.469822
22.750000 258.379055 185.026543 138.650053 109.164381 91.166950 79.904369 57.093121 36.835660 23.556454 249.580855 205.465494 158.113504 133.010048 89.354205 136.794594
22.800000 258.950870 185.449540 138.978564 109.432552 91.398136 80.112328 57.253765 36.953806 23.646306 250.134849 205.930020 158.481720 133.327037 89.581657 137.119315
22.850000 259.522591 185.872469 139.307025 109.700683 91.629289 80.320258 57.414389 37.071941 23.736151 250.688752 206.394470 158.849879 133.643978 89.809077 137.443987
22.900000 260.094217 186.295332 139.635436 109.968775 91.860409 80.528161 57.574994 37.190064 23.825989 251.242563 206.858846 159.217981 133.960871 90.036465 137.768610
22.950000 260.665749 186.718127 139.963797 110.236829 92.091497 80.736035 57.735580 37.308175 23.915821 251.796284 207.323147 159.586025 134.277717 90.263822 138.093183
23.000000 261.237188 187.140856 140.292109 110.504843 92.322553 80.943881 57.896146 37.426275 24.005646 252.349915 207.787374 159.954013 134.594514 90.491147 138.417708
23.050000 261.808533 187.563518 140.620371 110.772819 92.553577 81.151700 58.056692 37.544362 24.095465 252.903455 208.251527 160.321944 134.911264 90.718440 138.742183
23.100000 262.379786 187.986113 140.948583 111.040756 92.784569 81.359490 58.217219 37.662438 24.185276 253.456906 208.715606 160.689818 135.227967 90.945703 139.066610
23.150000 262.950946 188.408643 141.276746 111.308654 93.015529 81.567253 58.377727 37.780502 24.275081 254.010267 209.179611 161.057636 135.544622 91.172934 139.390988
23.200000 263.522013 188.831107 141.604860 111.576514 93.246457 81.774988 58.538215 37.898554 24.364879 254.563539 209.643544 161.425398 135.861230 91.400133 139.715318
23.250000 264.092988 189.253504 141.932925 111.844336 93.477353 81.982696 58.698684 38.016594 24.454671 255.116722 210.107403 161.793103 136.177791 91.627302 140.039599
23.300000 264.663872 189.675837 142.260941 112.112120 93.708218 82.190376 58.859134 38.134623 24.544455 255.669817 210.571189 162.160753 136.494306 91.854440 140.363832
23.350000 265.234664 190.098104 142.588908 112.379865 93.939051 82.398028 59.019565 38.252640 24.634234 256.222823 211.034902 162.528347 136.810774 92.081547 140.688017
23.400000 265.805364 190.520306 142.916827 112.647573 94.169853 82.605653 59.179977 38.370646 24.724005 256.775740 211.498544 162.895886 137.127195 92.308623 141.012155
23.450000 266.375974 190.942442 143.244697 112.915242 94.400623 82.813251 59.340369 38.488639 24.813770 257.328570 211.962113 163.263369 137.443570 92.535668 141.336244
23.500000 266.946493 191.364515 143.572520 113.182874 94.631362 83.020821 59.500743 38.606622 24.903528 257.881313 212.425610 163.630798 137.759899 92.762683 141.660286
23.550000 267.516922 191.786522 143.900294 113.450469 94.862070 83.228365 59.661098 38.724593 24.993280 258.433968 212.889035 163.998171 138.076181 92.989667 141.984281
23.600000 268.087260 192.208466 144.228020 113.718026 95.092747 83.435881 59.821434 38.842552 25.083025 258.986536 213.352389 164.365489 138.392418 93.216621 142.308228
23.650000 268.657509 192.630345 144.555698 113.985545 95.323393 83.643370 59.981751 38.960500 25.172763 259.539017 213.815671 164.732753 138.708609 93.443544 142.632128
23.700000 269.227668 193.052160 144.883329 114.253028 95.554008 83.850833 60.142049 39.078436 25.262495 260.091412 214.278883 165.099962 139.024754 93.670438 142.955981
23.750000 269.797738 193.473912 145.210912 114.520473 95.784592 84.058268 60.302329 39.196361 25.352220 260.643721 214.742023 165.467117 139.340854 93.897301 143.279787
23.800000 270.367719 193.895600 145.538448 114.787881 96.015145 84.265677 60.462590 39.314275 25.441939 261.195944 215.205093 165.834217 139.656908 94.124133 143.603547
23.850000 270.937611 194.317225 145.865936 115.055252 96.245668 84.473059 60.622832 39.432177 25.531651 261.748081 215.668093 166.201264 139.972917 94.350936 143.927260
23.900000 271.507415 194.738786 146.193378 115.322586 96.476160 84.680415 60.783056 39.550068 25.621357 262.300132 216.131022 166.568257 140.288881 94.577709 144.250926
23.950000 272.077130 195.160285 146.520772 115.589884 96.706622 84.887744 60.943262 39.667947 25.711056 262.852099 216.593881 166.935196 140.604799 94.804452 144.574546
24.000000 272.646758 195.581721 146.848120 115.857144 96.937053 85.095046 61.103448 39.785815 25.800749 263.403981 217.056671 167.302082 140.920673 95.031166 144.898120
24.050000 273.216298 196.003094 147.175421 116.124369 97.167454 85.302322 61.263617 39.903672 25.890435 263.955777 217.519391 167.668914 141.236502 95.257849 145.221648
24.100000 273.785751 196.424405 147.502675 116.391557 97.397825 85.509572 61.423767 40.021518 25.980114 264.507490 217.982041 168.035693 141.552287 95.484504 145.545130
24.150000 274.355116 196.845653 147.829883 116.658708 97.628165 85.716796 61.583899 40.139353 26.069787 265.059119 218.444623 168.402419 141.868027 95.711128 145.868566
24.200000 274.924395 197.266840 148.157045 116.925824 97.858476 85.923993 61.744012 40.257176 26.159454 265.610663 218.907135 168.769092 142.183723 95.937723 146.191957
24.250000 275.493587 197.687965 148.484161 117.192903 98.088756 86.131165 61.904107 40.374988 26.249114 266.162124 219.369579 169.135712 142.499374 96.164289 146.515302
24.300000 276.062693 198.109028 148.811231 117.459947 98.319007 86.338310 62.064184 40.492789 26.338768 266.713502 219.831954 169.502280 142.814982 96.390826 146.838601
24.350000 276.631713 198.530029 149.138254 117.726954 98.549228 86.545429 62.224243 40.610579 26.428415 267.264796 220.294261 169.868796 143.130545 96.617333 147.161856
24.400000 277.200647 198.950970 149.465232 117.993926 98.779420 86.752523 62.384284 40.728358 26.518056 267.816008 220.756500 170.235259 143.446065 96.843812 147.485065
24.450000 277.769495 199.371849 149.792165 118.260862 99.009581 86.959591 62.544307 40.846126 26.607690 268.367137 221.218670 170.601670 143.761541 97.070261 147.808230
24.500000 278.338259 199.792667 150.119052 118.527762 99.239713 87.166633 62.704312 40.963883 26.697318 268.918184 221.680773 170.968029 144.076973 97.296682 148.131349
24.550000 278.906937 200.213425 150.445894 118.794627 99.469816 87.373649 62.864298 41.081628 26.786940 269.469148 222.142809 171.334336 144.392362 97.523073 148.454424
24.600000 279.475530 200.634122 150.772690 119.061456 99.699889 87.580640 63.024267 41.199363 26.876555 270.020031 222.604777 171.700592 144.707708 97.749436 148.777454
