web/models/kne/9/Metzger_0.072671_0.337931_0.100000.dat
# %ECSV 0.9
# ---
# datatype:
# - {name: time, datatype: float64}
# - {name: sdss_u, datatype: float64}
# - {name: sdss_g, datatype: float64}
# - {name: sdss_r, datatype: float64}
# - {name: sdss_i, datatype: float64}
# - {name: sdss_z, datatype: float64}
# - {name: PS1_y, datatype: float64}
# - {name: ukirt_J, datatype: float64}
# - {name: ukirt_H, datatype: float64}
# - {name: ukirt_K, datatype: float64}
# - {name: johnson_U, datatype: float64}
# - {name: johnson_B, datatype: float64}
# - {name: johnson_V, datatype: float64}
# - {name: johnson_R, datatype: float64}
# - {name: johnson_I, datatype: float64}
# - {name: Clear, datatype: float64}
# meta: !!omap
# - comment: [vej = 0.33793103448275863, mej = 0.07267057954405587, Ye = 0.1, redshift = 0.0]
# schema: astropy-2.0
time sdss_u sdss_g sdss_r sdss_i sdss_z PS1_y ukirt_J ukirt_H ukirt_K johnson_U johnson_B johnson_V johnson_R johnson_I Clear
[from data line 1658]
83.000000 334.836343 241.223755 181.983989 144.283542 121.250944 106.826313 77.573633 51.530579 34.399333 323.611985 267.316382 206.852876 174.775349 118.929904 179.612600
83.050000 335.044274 241.377681 182.103627 144.381282 121.335262 106.902202 77.632352 51.573876 34.432362 323.813449 267.485378 206.986922 174.890805 119.012868 179.730862
83.100000 335.252197 241.531601 182.223260 144.479019 121.419578 106.978090 77.691070 51.617172 34.465391 324.014905 267.654368 207.120964 175.006257 119.095829 179.849120
83.150000 335.460113 241.685516 182.342889 144.576752 121.503891 107.053974 77.749785 51.660467 34.498419 324.216354 267.823352 207.255000 175.121705 119.178786 179.967374
83.200000 335.668020 241.839424 182.462513 144.674482 121.588201 107.129856 77.808500 51.703761 34.531446 324.417794 267.992329 207.389032 175.237148 119.261742 180.085624
83.250000 335.875919 241.993327 182.582133 144.772209 121.672508 107.205736 77.867212 51.747054 34.564472 324.619227 268.161300 207.523058 175.352588 119.344694 180.203869
83.300000 336.083810 242.147224 182.701749 144.869932 121.756812 107.281613 77.925922 51.790345 34.597498 324.820653 268.330264 207.657080 175.468023 119.427644 180.322110
83.350000 336.291693 242.301116 182.821361 144.967652 121.841113 107.357488 77.984631 51.833636 34.630523 325.022070 268.499222 207.791097 175.583455 119.510591 180.440347
83.400000 336.499568 242.455001 182.940968 145.065368 121.925412 107.433361 78.043338 51.876925 34.663548 325.223480 268.668174 207.925108 175.698882 119.593535 180.558579
83.450000 336.707435 242.608881 183.060571 145.163081 122.009708 107.509230 78.102044 51.920214 34.696572 325.424882 268.837119 208.059115 175.814305 119.676476 180.676807
83.500000 336.915294 242.762755 183.180170 145.260791 122.094001 107.585098 78.160747 51.963501 34.729595 325.626276 269.006058 208.193117 175.929724 119.759415 180.795031
83.550000 337.123145 242.916624 183.299764 145.358497 122.178291 107.660963 78.219449 52.006787 34.762618 325.827663 269.174991 208.327114 176.045139 119.842350 180.913251
83.600000 337.330988 243.070486 183.419355 145.456200 122.262578 107.736825 78.278149 52.050073 34.795639 326.029042 269.343917 208.461107 176.160550 119.925284 181.031466
83.650000 337.538823 243.224343 183.538940 145.553900 122.346863 107.812685 78.336848 52.093357 34.828661 326.230413 269.512837 208.595094 176.275956 120.008214 181.149678
83.700000 337.746650 243.378194 183.658522 145.651596 122.431145 107.888543 78.395544 52.136640 34.861681 326.431776 269.681750 208.729076 176.391359 120.091141 181.267885
83.750000 337.954469 243.532040 183.778099 145.749289 122.515424 107.964398 78.454239 52.179922 34.894701 326.633132 269.850657 208.863054 176.506757 120.174066 181.386088
83.800000 338.162281 243.685880 183.897672 145.846978 122.599700 108.040251 78.512932 52.223202 34.927720 326.834480 270.019558 208.997027 176.622151 120.256988 181.504286
83.850000 338.370084 243.839714 184.017241 145.944664 122.683973 108.116101 78.571624 52.266482 34.960739 327.035821 270.188452 209.130995 176.737542 120.339908 181.622481
83.900000 338.577879 243.993542 184.136806 146.042347 122.768244 108.191949 78.630314 52.309761 34.993757 327.237153 270.357341 209.264958 176.852928 120.422824 181.740671
83.950000 338.785667 244.147365 184.256366 146.140026 122.852512 108.267794 78.689002 52.353038 35.026774 327.438478 270.526223 209.398916 176.968310 120.505738 181.858857
84.000000 338.993446 244.301182 184.375922 146.237702 122.936777 108.343637 78.747688 52.396315 35.059791 327.639796 270.695098 209.532869 177.083688 120.588649 181.977039
84.050000 339.201217 244.454994 184.495474 146.335375 123.021039 108.419478 78.806373 52.439590 35.092807 327.841106 270.863967 209.666817 177.199062 120.671558 182.095216
84.100000 339.408981 244.608800 184.615021 146.433045 123.105298 108.495316 78.865055 52.482865 35.125822 328.042408 271.032830 209.800761 177.314431 120.754464 182.213390
84.150000 339.616737 244.762600 184.734564 146.530711 123.189555 108.571151 78.923737 52.526138 35.158837 328.243702 271.201687 209.934700 177.429797 120.837367 182.331559
84.200000 339.824485 244.916394 184.854103 146.628373 123.273809 108.646985 78.982416 52.569410 35.191851 328.444989 271.370537 210.068634 177.545159 120.920267 182.449724
84.250000 340.032225 245.070183 184.973638 146.726033 123.358060 108.722815 79.041094 52.612681 35.224864 328.646268 271.539382 210.202563 177.660516 121.003164 182.567885
84.300000 340.239957 245.223966 185.093169 146.823689 123.442308 108.798644 79.099770 52.655951 35.257877 328.847540 271.708219 210.336487 177.775870 121.086059 182.686042
84.350000 340.447681 245.377743 185.212695 146.921342 123.526554 108.874470 79.158444 52.699220 35.290889 329.048804 271.877051 210.470406 177.891219 121.168951 182.804194
84.400000 340.655397 245.531515 185.332217 147.018991 123.610797 108.950293 79.217117 52.742488 35.323900 329.250061 272.045876 210.604321 178.006565 121.251841 182.922343
84.450000 340.863106 245.685282 185.451735 147.116637 123.695037 109.026114 79.275787 52.785754 35.356911 329.451309 272.214695 210.738231 178.121906 121.334728 183.040487
84.500000 341.070806 245.839042 185.571249 147.214280 123.779274 109.101933 79.334457 52.829020 35.389921 329.652551 272.383508 210.872136 178.237244 121.417612 183.158627
84.550000 341.278499 245.992797 185.690758 147.311919 123.863508 109.177749 79.393124 52.872285 35.422931 329.853784 272.552315 211.006036 178.352577 121.500493 183.276763
84.600000 341.486184 246.146547 185.810263 147.409556 123.947740 109.253563 79.451790 52.915548 35.455940 330.055011 272.721115 211.139931 178.467906 121.583371 183.394895
84.650000 341.693861 246.300290 185.929764 147.507189 124.031969 109.329375 79.510454 52.958811 35.488948 330.256229 272.889909 211.273822 178.583232 121.666247 183.513022
84.700000 341.901531 246.454029 186.049261 147.604818 124.116195 109.405184 79.569116 53.002072 35.521955 330.457440 273.058697 211.407708 178.698553 121.749121 183.631146
84.750000 342.109192 246.607761 186.168754 147.702444 124.200419 109.480990 79.627777 53.045333 35.554962 330.658644 273.227479 211.541589 178.813870 121.831991 183.749265
84.800000 342.316846 246.761488 186.288242 147.800067 124.284640 109.556795 79.686436 53.088592 35.587968 330.859840 273.396255 211.675465 178.929183 121.914859 183.867380
84.850000 342.524492 246.915210 186.407727 147.897687 124.368858 109.632597 79.745093 53.131850 35.620974 331.061028 273.565024 211.809337 179.044492 121.997724 183.985491
84.900000 342.732130 247.068925 186.527207 147.995304 124.453073 109.708396 79.803748 53.175107 35.653979 331.262209 273.733787 211.943203 179.159798 122.080587 184.103598
84.950000 342.939761 247.222636 186.646683 148.092917 124.537286 109.784193 79.862402 53.218363 35.686983 331.463383 273.902544 212.077065 179.275099 122.163446 184.221701
85.000000 343.147383 247.376340 186.766155 148.190527 124.621495 109.859988 79.921054 53.261618 35.719987 331.664549 274.071295 212.210923 179.390396 122.246303 184.339800
85.050000 343.354998 247.530039 186.885622 148.288133 124.705702 109.935780 79.979705 53.304872 35.752990 331.865707 274.240039 212.344775 179.505689 122.329158 184.457895
85.100000 343.562605 247.683733 187.005086 148.385737 124.789907 110.011570 80.038354 53.348125 35.785992 332.066858 274.408778 212.478623 179.620978 122.412010 184.575985
85.150000 343.770205 247.837421 187.124545 148.483337 124.874108 110.087357 80.097001 53.391377 35.818994 332.268001 274.577510 212.612466 179.736263 122.494859 184.694072
85.200000 343.977796 247.991103 187.244000 148.580933 124.958307 110.163143 80.155646 53.434628 35.851995 332.469137 274.746236 212.746304 179.851545 122.577705 184.812154
85.250000 344.185380 248.144780 187.363451 148.678527 125.042504 110.238925 80.214290 53.477877 35.884995 332.670266 274.914956 212.880137 179.966822 122.660549 184.930232
85.300000 344.392956 248.298452 187.482898 148.776117 125.126697 110.314706 80.272932 53.521126 35.917995 332.871387 275.083670 213.013966 180.082095 122.743390 185.048306
85.350000 344.600525 248.452118 187.602340 148.873704 125.210888 110.390484 80.331572 53.564374 35.950994 333.072501 275.252378 213.147790 180.197364 122.826228 185.166376
85.400000 344.808086 248.605778 187.721779 148.971288 125.295076 110.466259 80.390211 53.607620 35.983992 333.273607 275.421079 213.281609 180.312630 122.909064 185.284442
85.450000 345.015639 248.759433 187.841213 149.068868 125.379261 110.542033 80.448848 53.650866 36.016990 333.474705 275.589774 213.415424 180.427891 122.991897 185.402504
85.500000 345.223184 248.913082 187.960644 149.166445 125.463444 110.617804 80.507483 53.694110 36.049987 333.675797 275.758464 213.549234 180.543148 123.074728 185.520562
85.550000 345.430722 249.066726 188.080070 149.264019 125.547624 110.693572 80.566117 53.737354 36.082984 333.876881 275.927147 213.683039 180.658402 123.157555 185.638615
85.600000 345.638252 249.220364 188.199492 149.361590 125.631801 110.769338 80.624749 53.780596 36.115980 334.077957 276.095824 213.816840 180.773651 123.240381 185.756665
85.650000 345.845774 249.373997 188.318910 149.459158 125.715975 110.845102 80.683379 53.823837 36.148975 334.279026 276.264495 213.950635 180.888897 123.323203 185.874711
85.700000 346.053289 249.527624 188.438323 149.556722 125.800147 110.920864 80.742008 53.867077 36.181970 334.480088 276.433160 214.084426 181.004138 123.406023 185.992752
85.750000 346.260796 249.681246 188.557733 149.654283 125.884316 110.996623 80.800635 53.910317 36.214964 334.681142 276.601818 214.218213 181.119376 123.488840 186.110790
85.800000 346.468295 249.834862 188.677139 149.751841 125.968483 111.072379 80.859260 53.953555 36.247957 334.882189 276.770471 214.351994 181.234609 123.571655 186.228823
85.850000 346.675787 249.988473 188.796540 149.849395 126.052646 111.148134 80.917884 53.996792 36.280950 335.083228 276.939118 214.485771 181.349839 123.654467 186.346852
85.900000 346.883271 250.142079 188.915937 149.946947 126.136807 111.223886 80.976506 54.040028 36.313942 335.284260 277.107758 214.619544 181.465065 123.737276 186.464878
85.950000 347.090748 250.295678 189.035331 150.044495 126.220966 111.299635 81.035126 54.083263 36.346933 335.485285 277.276393 214.753311 181.580287 123.820083 186.582899
86.000000 347.298216 250.449273 189.154720 150.142040 126.305121 111.375383 81.093745 54.126497 36.379924 335.686302 277.445021 214.887074 181.695505 123.902887 186.700916
86.050000 347.505678 250.602862 189.274105 150.239581 126.389274 111.451128 81.152362 54.169730 36.412914 335.887312 277.613643 215.020833 181.810719 123.985688 186.818929
86.100000 347.713131 250.756445 189.393486 150.337120 126.473425 111.526870 81.210977 54.212961 36.445904 336.088315 277.782260 215.154586 181.925929 124.068487 186.936939
86.150000 347.920577 250.910023 189.512863 150.434655 126.557572 111.602611 81.269591 54.256192 36.478893 336.289310 277.950870 215.288335 182.041135 124.151283 187.054944
86.200000 348.128016 251.063596 189.632236 150.532187 126.641717 111.678349 81.328203 54.299422 36.511881 336.490298 278.119474 215.422080 182.156337 124.234077 187.172945
86.250000 348.335447 251.217163 189.751604 150.629716 126.725860 111.754084 81.386813 54.342651 36.544869 336.691279 278.288072 215.555819 182.271536 124.316868 187.290942
86.300000 348.542870 251.370725 189.870969 150.727242 126.809999 111.829818 81.445422 54.385878 36.577856 336.892252 278.456664 215.689554 182.386730 124.399656 187.408935
86.350000 348.750286 251.524281 189.990330 150.824764 126.894136 111.905549 81.504029 54.429105 36.610842 337.093219 278.625250 215.823285 182.501921 124.482442 187.526924
86.400000 348.957694 251.677832 190.109686 150.922283 126.978271 111.981277 81.562634 54.472331 36.643828 337.294177 278.793830 215.957011 182.617107 124.565225 187.644909
86.450000 349.165095 251.831378 190.229039 151.019799 127.062402 112.057003 81.621238 54.515555 36.676813 337.495129 278.962404 216.090732 182.732290 124.648005 187.762890
86.500000 349.372488 251.984918 190.348387 151.117312 127.146531 112.132727 81.679840 54.558779 36.709797 337.696073 279.130972 216.224448 182.847469 124.730783 187.880867
86.550000 349.579873 252.138453 190.467732 151.214822 127.230657 112.208449 81.738441 54.602001 36.742781 337.897010 279.299534 216.358160 182.962644 124.813558 187.998840
86.600000 349.787251 252.291982 190.587072 151.312328 127.314781 112.284168 81.797039 54.645223 36.775764 338.097939 279.468091 216.491868 183.077815 124.896331 188.116809
86.650000 349.994622 252.445506 190.706408 151.409832 127.398902 112.359885 81.855637 54.688443 36.808747 338.298862 279.636641 216.625570 183.192982 124.979101 188.234774
86.700000 350.201985 252.599024 190.825740 151.507332 127.483021 112.435600 81.914232 54.731662 36.841729 338.499777 279.805185 216.759268 183.308146 125.061869 188.352736
86.750000 350.409340 252.752538 190.945069 151.604829 127.567136 112.511313 81.972826 54.774881 36.874710 338.700685 279.973723 216.892962 183.423305 125.144633 188.470693
86.800000 350.616688 252.906045 191.064393 151.702323 127.651249 112.587023 82.031418 54.818098 36.907691 338.901585 280.142255 217.026651 183.538461 125.227396 188.588646
86.850000 350.824029 253.059548 191.183713 151.799813 127.735360 112.662730 82.090009 54.861314 36.940671 339.102479 280.310781 217.160335 183.653612 125.310156 188.706595
86.900000 351.031362 253.213045 191.303029 151.897301 127.819468 112.738436 82.148598 54.904530 36.973651 339.303365 280.479301 217.294015 183.768760 125.392913 188.824540
86.950000 351.238687 253.366536 191.422341 151.994785 127.903573 112.814139 82.207185 54.947744 37.006629 339.504243 280.647816 217.427690 183.883904 125.475667 188.942481
87.000000 351.446005 253.520023 191.541649 152.092266 127.987675 112.889840 82.265771 54.990957 37.039608 339.705115 280.816324 217.561360 183.999045 125.558419 189.060419
87.050000 351.653316 253.673504 191.660954 152.189744 128.071775 112.965538 82.324355 55.034169 37.072585 339.905980 280.984826 217.695026 184.114181 125.641169 189.178352
87.100000 351.860619 253.826979 191.780254 152.287219 128.155872 113.041235 82.382938 55.077380 37.105562 340.106837 281.153323 217.828688 184.229313 125.723915 189.296281
87.150000 352.067915 253.980449 191.899550 152.384691 128.239967 113.116929 82.441518 55.120590 37.138538 340.307687 281.321813 217.962345 184.344442 125.806660 189.414207
87.200000 352.275203 254.133914 192.018842 152.482159 128.324059 113.192620 82.500098 55.163800 37.171514 340.508530 281.490298 218.095997 184.459567 125.889401 189.532128
87.250000 352.482484 254.287374 192.138130 152.579625 128.408148 113.268310 82.558675 55.207008 37.204489 340.709365 281.658776 218.229645 184.574688 125.972140 189.650046
87.300000 352.689757 254.440828 192.257414 152.677087 128.492235 113.343997 82.617251 55.250215 37.237464 340.910194 281.827249 218.363288 184.689805 126.054877 189.767959
87.350000 352.897023 254.594277 192.376694 152.774546 128.576319 113.419682 82.675826 55.293421 37.270437 341.111015 281.995716 218.496926 184.804918 126.137611 189.885869
87.400000 353.104282 254.747721 192.495970 152.872002 128.660401 113.495364 82.734398 55.336626 37.303411 341.311829 282.164177 218.630560 184.920028 126.220342 190.003775
87.450000 353.311533 254.901159 192.615242 152.969455 128.744480 113.571044 82.792969 55.379830 37.336383 341.512636 282.332632 218.764190 185.035133 126.303071 190.121676
87.500000 353.518776 255.054592 192.734510 153.066905 128.828556 113.646722 82.851539 55.423033 37.369355 341.713436 282.501081 218.897815 185.150235 126.385798 190.239574
87.550000 353.726013 255.208020 192.853775 153.164351 128.912630 113.722398 82.910107 55.466235 37.402326 341.914229 282.669524 219.031435 185.265333 126.468521 190.357468
