web/models/kne/9/Metzger_0.090038_0.273103_0.100000.dat
# %ECSV 0.9
# ---
# datatype:
# - {name: time, datatype: float64}
# - {name: sdss_u, datatype: float64}
# - {name: sdss_g, datatype: float64}
# - {name: sdss_r, datatype: float64}
# - {name: sdss_i, datatype: float64}
# - {name: sdss_z, datatype: float64}
# - {name: PS1_y, datatype: float64}
# - {name: ukirt_J, datatype: float64}
# - {name: ukirt_H, datatype: float64}
# - {name: ukirt_K, datatype: float64}
# - {name: johnson_U, datatype: float64}
# - {name: johnson_B, datatype: float64}
# - {name: johnson_V, datatype: float64}
# - {name: johnson_R, datatype: float64}
# - {name: johnson_I, datatype: float64}
# - {name: Clear, datatype: float64}
# meta: !!omap
# - comment: [vej = 0.2731034482758621, mej = 0.09003814830589497, Ye = 0.1, redshift = 0.0]
# schema: astropy-2.0
time sdss_u sdss_g sdss_r sdss_i sdss_z PS1_y ukirt_J ukirt_H ukirt_K johnson_U johnson_B johnson_V johnson_R johnson_I Clear
[from data line 2137]
106.950000 362.662786 261.845241 198.030993 157.409179 132.585958 117.036828 85.493424 57.392878 38.891757 350.575629 289.948447 224.822180 190.264509 130.084157 195.476128
107.000000 362.836759 261.974049 198.131125 157.490999 132.656553 117.100374 85.542610 57.429166 38.919458 350.744193 290.089859 224.934362 190.361144 130.153619 195.575110
107.050000 363.010727 262.102853 198.231255 157.572816 132.727146 117.163918 85.591795 57.465454 38.947159 350.912753 290.231266 225.046541 190.457777 130.223079 195.674089
107.100000 363.184690 262.231654 198.331382 157.654631 132.797737 117.227461 85.640979 57.501741 38.974859 351.081308 290.372670 225.158718 190.554407 130.292537 195.773066
107.150000 363.358648 262.360451 198.431506 157.736444 132.868326 117.291002 85.690162 57.538027 39.002559 351.249858 290.514069 225.270891 190.651035 130.361993 195.872040
107.200000 363.532601 262.489245 198.531628 157.818255 132.938914 117.354541 85.739344 57.574313 39.030259 351.418403 290.655465 225.383061 190.747661 130.431448 195.971012
107.250000 363.706550 262.618036 198.631747 157.900064 133.009500 117.418079 85.788524 57.610598 39.057958 351.586944 290.796857 225.495229 190.844283 130.500901 196.069981
107.300000 363.880493 262.746822 198.731864 157.981872 133.080085 117.481616 85.837704 57.646882 39.085657 351.755480 290.938245 225.607393 190.940904 130.570353 196.168948
107.350000 364.054432 262.875606 198.831978 158.063677 133.150667 117.545151 85.886882 57.683166 39.113355 351.924012 291.079629 225.719555 191.037521 130.639803 196.267912
107.400000 364.228366 263.004386 198.932089 158.145480 133.221248 117.608685 85.936060 57.719449 39.141053 352.092538 291.221010 225.831714 191.134137 130.709251 196.366874
107.450000 364.402295 263.133163 199.032198 158.227280 133.291828 117.672217 85.985237 57.755732 39.168751 352.261060 291.362386 225.943869 191.230750 130.778697 196.465833
107.500000 364.576220 263.261936 199.132304 158.309079 133.362405 117.735748 86.034412 57.792014 39.196448 352.429578 291.503759 226.056022 191.327360 130.848142 196.564789
107.550000 364.750139 263.390705 199.232408 158.390876 133.432981 117.799277 86.083586 57.828295 39.224145 352.598091 291.645128 226.168172 191.423968 130.917585 196.663743
107.600000 364.924054 263.519471 199.332509 158.472671 133.503556 117.862805 86.132760 57.864575 39.251841 352.766599 291.786493 226.280318 191.520573 130.987027 196.762694
107.650000 365.097964 263.648234 199.432607 158.554464 133.574128 117.926331 86.181932 57.900855 39.279537 352.935102 291.927855 226.392462 191.617176 131.056467 196.861643
107.700000 365.271869 263.776994 199.532703 158.636255 133.644699 117.989856 86.231103 57.937134 39.307233 353.103601 292.069212 226.504603 191.713777 131.125905 196.960589
107.750000 365.445769 263.905749 199.632796 158.718043 133.715268 118.053379 86.280274 57.973413 39.334928 353.272096 292.210566 226.616741 191.810375 131.195341 197.059533
107.800000 365.619665 264.034502 199.732887 158.799830 133.785836 118.116901 86.329443 58.009690 39.362623 353.440585 292.351916 226.728876 191.906970 131.264776 197.158474
107.850000 365.793556 264.163251 199.832975 158.881615 133.856401 118.180422 86.378611 58.045968 39.390317 353.609070 292.493262 226.841008 192.003564 131.334210 197.257413
107.900000 365.967442 264.291996 199.933061 158.963398 133.926966 118.243941 86.427778 58.082244 39.418011 353.777551 292.634604 226.953137 192.100154 131.403641 197.356349
107.950000 366.141323 264.420739 200.033144 159.045178 133.997528 118.307458 86.476944 58.118520 39.445705 353.946026 292.775942 227.065264 192.196742 131.473071 197.455282
108.000000 366.315199 264.549477 200.133225 159.126957 134.068089 118.370974 86.526109 58.154795 39.473398 354.114498 292.917277 227.177387 192.293328 131.542500 197.554213
108.050000 366.489071 264.678213 200.233302 159.208734 134.138648 118.434489 86.575273 58.191070 39.501091 354.282964 293.058608 227.289507 192.389911 131.611926 197.653142
108.100000 366.662938 264.806945 200.333378 159.290508 134.209205 118.498002 86.624436 58.227344 39.528783 354.451426 293.199935 227.401625 192.486492 131.681351 197.752068
108.150000 366.836800 264.935673 200.433451 159.372281 134.279761 118.561513 86.673598 58.263617 39.556475 354.619883 293.341258 227.513739 192.583070 131.750775 197.850991
108.200000 367.010657 265.064398 200.533521 159.454052 134.350315 118.625023 86.722759 58.299890 39.584167 354.788336 293.482578 227.625851 192.679646 131.820196 197.949912
108.250000 367.184510 265.193120 200.633589 159.535820 134.420867 118.688532 86.771919 58.336162 39.611858 354.956784 293.623893 227.737960 192.776220 131.889617 198.048831
108.300000 367.358358 265.321838 200.733654 159.617587 134.491418 118.752039 86.821078 58.372433 39.639549 355.125228 293.765205 227.850066 192.872791 131.959035 198.147747
108.350000 367.532201 265.450553 200.833716 159.699352 134.561967 118.815545 86.870236 58.408704 39.667240 355.293667 293.906513 227.962169 192.969359 132.028452 198.246660
108.400000 367.706039 265.579264 200.933776 159.781114 134.632515 118.879049 86.919392 58.444974 39.694930 355.462101 294.047818 228.074269 193.065925 132.097867 198.345571
108.450000 367.879873 265.707972 201.033834 159.862875 134.703060 118.942552 86.968548 58.481243 39.722620 355.630531 294.189118 228.186366 193.162489 132.167281 198.444479
108.500000 368.053702 265.836677 201.133889 159.944633 134.773604 119.006054 87.017703 58.517512 39.750309 355.798956 294.330415 228.298460 193.259050 132.236693 198.543385
108.550000 368.227526 265.965378 201.233941 160.026390 134.844147 119.069553 87.066857 58.553780 39.777998 355.967377 294.471708 228.410551 193.355609 132.306103 198.642289
108.600000 368.401345 266.094076 201.333991 160.108145 134.914687 119.133052 87.116009 58.590048 39.805686 356.135793 294.612997 228.522640 193.452165 132.375512 198.741189
108.650000 368.575160 266.222771 201.434038 160.189897 134.985227 119.196549 87.165161 58.626315 39.833374 356.304204 294.754283 228.634725 193.548719 132.444919 198.840088
108.700000 368.748970 266.351462 201.534083 160.271648 135.055764 119.260045 87.214311 58.662581 39.861062 356.472611 294.895565 228.746808 193.645271 132.514324 198.938984
108.750000 368.922775 266.480150 201.634126 160.353397 135.126300 119.323539 87.263461 58.698846 39.888750 356.641014 295.036843 228.858887 193.741820 132.583728 199.037877
108.800000 369.096576 266.608834 201.734165 160.435143 135.196834 119.387031 87.312610 58.735111 39.916436 356.809412 295.178117 228.970964 193.838366 132.653130 199.136768
108.850000 369.270371 266.737515 201.834202 160.516888 135.267366 119.450523 87.361757 58.771375 39.944123 356.977805 295.319387 229.083038 193.934911 132.722531 199.235656
108.900000 369.444163 266.866193 201.934237 160.598631 135.337897 119.514012 87.410904 58.807639 39.971809 357.146194 295.460654 229.195109 194.031452 132.791930 199.334542
108.950000 369.617949 266.994867 202.034269 160.680371 135.408426 119.577501 87.460049 58.843902 39.999495 357.314578 295.601917 229.307177 194.127992 132.861327 199.433425
109.000000 369.791731 267.123538 202.134299 160.762110 135.478954 119.640988 87.509194 58.880164 40.027180 357.482957 295.743176 229.419243 194.224529 132.930723 199.532306
109.050000 369.965508 267.252205 202.234326 160.843847 135.549479 119.704473 87.558337 58.916426 40.054866 357.651333 295.884432 229.531305 194.321063 133.000117 199.631185
109.100000 370.139280 267.380869 202.334351 160.925581 135.620004 119.767957 87.607479 58.952687 40.082550 357.819703 296.025684 229.643365 194.417595 133.069509 199.730060
109.150000 370.313048 267.509530 202.434373 161.007314 135.690526 119.831440 87.656621 58.988947 40.110234 357.988069 296.166932 229.755422 194.514125 133.138900 199.828934
109.200000 370.486811 267.638187 202.534392 161.089045 135.761047 119.894921 87.705761 59.025207 40.137918 358.156431 296.308176 229.867475 194.610652 133.208289 199.927805
109.250000 370.660569 267.766842 202.634409 161.170774 135.831566 119.958400 87.754901 59.061466 40.165602 358.324788 296.449417 229.979526 194.707177 133.277677 200.026673
109.300000 370.834323 267.895492 202.734424 161.252501 135.902084 120.021879 87.804039 59.097725 40.193285 358.493140 296.590654 230.091574 194.803699 133.347063 200.125539
109.350000 371.008072 268.024140 202.834436 161.334226 135.972600 120.085355 87.853176 59.133983 40.220968 358.661488 296.731887 230.203620 194.900220 133.416447 200.224403
109.400000 371.181816 268.152784 202.934446 161.415948 136.043114 120.148831 87.902313 59.170240 40.248650 358.829832 296.873116 230.315662 194.996737 133.485830 200.323264
109.450000 371.355555 268.281424 203.034453 161.497669 136.113627 120.212305 87.951448 59.206496 40.276332 358.998171 297.014342 230.427702 195.093252 133.555211 200.422122
109.500000 371.529290 268.410062 203.134457 161.579388 136.184138 120.275777 88.000582 59.242752 40.304013 359.166505 297.155564 230.539738 195.189765 133.624591 200.520979
109.550000 371.703021 268.538696 203.234459 161.661105 136.254647 120.339248 88.049715 59.279008 40.331694 359.334835 297.296783 230.651772 195.286276 133.693969 200.619832
109.600000 371.876746 268.667326 203.334459 161.742820 136.325155 120.402718 88.098848 59.315262 40.359375 359.503161 297.437997 230.763803 195.382784 133.763345 200.718683
109.650000 372.050467 268.795954 203.434456 161.824533 136.395661 120.466186 88.147979 59.351516 40.387056 359.671482 297.579208 230.875831 195.479289 133.832720 200.817532
109.700000 372.224184 268.924578 203.534450 161.906245 136.466165 120.529653 88.197109 59.387770 40.414736 359.839798 297.720415 230.987857 195.575793 133.902093 200.916378
109.750000 372.397895 269.053198 203.634442 161.987954 136.536668 120.593118 88.246238 59.424023 40.442415 360.008110 297.861619 231.099879 195.672294 133.971465 201.015222
109.800000 372.571602 269.181816 203.734432 162.069661 136.607169 120.656582 88.295367 59.460275 40.470095 360.176418 298.002819 231.211899 195.768792 134.040835 201.114063
109.850000 372.745305 269.310430 203.834419 162.151366 136.677669 120.720045 88.344494 59.496526 40.497773 360.344721 298.144015 231.323915 195.865288 134.110203 201.212902
109.900000 372.919003 269.439041 203.934403 162.233069 136.748167 120.783506 88.393620 59.532777 40.525452 360.513020 298.285208 231.435929 195.961782 134.179570 201.311739
109.950000 373.092696 269.567648 204.034386 162.314771 136.818663 120.846965 88.442745 59.569027 40.553130 360.681314 298.426396 231.547940 196.058273 134.248935 201.410573
110.000000 373.266385 269.696252 204.134365 162.396470 136.889158 120.910424 88.491869 59.605277 40.580808 360.849603 298.567582 231.659949 196.154762 134.318299 201.509404
110.050000 373.440068 269.824853 204.234342 162.478168 136.959651 120.973880 88.540993 59.641526 40.608485 361.017889 298.708763 231.771954 196.251249 134.387661 201.608233
110.100000 373.613748 269.953450 204.334317 162.559863 137.030142 121.037336 88.590115 59.677774 40.636162 361.186169 298.849941 231.883957 196.347733 134.457021 201.707060
110.150000 373.787423 270.082044 204.434289 162.641557 137.100632 121.100790 88.639236 59.714022 40.663838 361.354446 298.991115 231.995956 196.444215 134.526380 201.805884
110.200000 373.961093 270.210635 204.534259 162.723248 137.171120 121.164242 88.688356 59.750269 40.691515 361.522718 299.132285 232.107953 196.540694 134.595737 201.904706
110.250000 374.134758 270.339223 204.634226 162.804938 137.241607 121.227693 88.737475 59.786515 40.719190 361.690985 299.273452 232.219948 196.637171 134.665093 202.003525
110.300000 374.308419 270.467807 204.734191 162.886626 137.312092 121.291143 88.786594 59.822761 40.746866 361.859248 299.414615 232.331939 196.733646 134.734447 202.102342
110.350000 374.482075 270.596388 204.834153 162.968311 137.382575 121.354591 88.835711 59.859006 40.774541 362.027506 299.555775 232.443927 196.830118 134.803799 202.201157
110.400000 374.655727 270.724966 204.934113 163.049995 137.453057 121.418038 88.884827 59.895251 40.802215 362.195761 299.696931 232.555913 196.926588 134.873150 202.299969
110.450000 374.829374 270.853540 205.034070 163.131677 137.523537 121.481484 88.933942 59.931495 40.829890 362.364010 299.838083 232.667896 197.023056 134.942500 202.398778
110.500000 375.003017 270.982111 205.134025 163.213357 137.594016 121.544928 88.983056 59.967738 40.857564 362.532255 299.979231 232.779876 197.119521 135.011847 202.497585
110.550000 375.176655 271.110679 205.233978 163.295035 137.664493 121.608371 89.032169 60.003981 40.885237 362.700496 300.120376 232.891853 197.215984 135.081194 202.596390
110.600000 375.350288 271.239244 205.333928 163.376711 137.734968 121.671812 89.081282 60.040223 40.912910 362.868733 300.261517 233.003828 197.312445 135.150538 202.695192
110.650000 375.523917 271.367805 205.433875 163.458385 137.805442 121.735252 89.130393 60.076464 40.940583 363.036965 300.402655 233.115799 197.408903 135.219881 202.793992
110.700000 375.697541 271.496363 205.533820 163.540058 137.875914 121.798690 89.179503 60.112705 40.968255 363.205192 300.543789 233.227768 197.505359 135.289223 202.892790
110.750000 375.871161 271.624918 205.633763 163.621728 137.946384 121.862127 89.228612 60.148945 40.995927 363.373415 300.684919 233.339734 197.601812 135.358562 202.991585
110.800000 376.044776 271.753469 205.733703 163.703396 138.016853 121.925563 89.277720 60.185185 41.023599 363.541634 300.826046 233.451698 197.698263 135.427901 203.090377
110.850000 376.218387 271.882017 205.833641 163.785063 138.087320 121.988997 89.326828 60.221424 41.051270 363.709848 300.967169 233.563658 197.794712 135.497237 203.189167
110.900000 376.391993 272.010562 205.933576 163.866727 138.157786 122.052430 89.375934 60.257662 41.078941 363.878058 301.108289 233.675616 197.891158 135.566573 203.287955
110.950000 376.565594 272.139104 206.033509 163.948390 138.228250 122.115861 89.425039 60.293900 41.106612 364.046264 301.249404 233.787571 197.987602 135.635906 203.386741
111.000000 376.739191 272.267642 206.133439 164.030051 138.298712 122.179291 89.474143 60.330137 41.134282 364.214465 301.390517 233.899523 198.084044 135.705238 203.485524
111.050000 376.912784 272.396177 206.233367 164.111709 138.369173 122.242720 89.523247 60.366373 41.161951 364.382662 301.531625 234.011472 198.180484 135.774569 203.584304
111.100000 377.086371 272.524709 206.333293 164.193366 138.439632 122.306147 89.572349 60.402609 41.189621 364.550854 301.672730 234.123419 198.276921 135.843897 203.683082
111.150000 377.259955 272.653238 206.433216 164.275021 138.510090 122.369573 89.621450 60.438844 41.217290 364.719042 301.813831 234.235362 198.373355 135.913225 203.781858
111.200000 377.433533 272.781763 206.533137 164.356674 138.580546 122.432997 89.670550 60.475079 41.244958 364.887225 301.954929 234.347303 198.469788 135.982550 203.880631
111.250000 377.607108 272.910285 206.633055 164.438325 138.651001 122.496420 89.719650 60.511313 41.272626 365.055405 302.096023 234.459242 198.566218 136.051875 203.979402
111.300000 377.780677 273.038804 206.732971 164.519974 138.721453 122.559842 89.768748 60.547546 41.300294 365.223580 302.237114 234.571177 198.662646 136.121197 204.078171
111.350000 377.954243 273.167320 206.832884 164.601622 138.791905 122.623262 89.817845 60.583779 41.327962 365.391750 302.378201 234.683110 198.759071 136.190518 204.176937
111.400000 378.127803 273.295832 206.932795 164.683267 138.862354 122.686681 89.866942 60.620011 41.355629 365.559916 302.519284 234.795040 198.855494 136.259838 204.275701
111.450000 378.301359 273.424342 207.032703 164.764911 138.932803 122.750099 89.916037 60.656242 41.383296 365.728078 302.660364 234.906967 198.951915 136.329156 204.374462
111.500000 378.474911 273.552848 207.132609 164.846552 139.003249 122.813515 89.965132 60.692473 41.410962 365.896235 302.801440 235.018891 199.048333 136.398472 204.473221
