web/models/kne/9/Metzger_0.111556_0.289310_0.100000.dat
# %ECSV 0.9
# ---
# datatype:
# - {name: time, datatype: float64}
# - {name: sdss_u, datatype: float64}
# - {name: sdss_g, datatype: float64}
# - {name: sdss_r, datatype: float64}
# - {name: sdss_i, datatype: float64}
# - {name: sdss_z, datatype: float64}
# - {name: PS1_y, datatype: float64}
# - {name: ukirt_J, datatype: float64}
# - {name: ukirt_H, datatype: float64}
# - {name: ukirt_K, datatype: float64}
# - {name: johnson_U, datatype: float64}
# - {name: johnson_B, datatype: float64}
# - {name: johnson_V, datatype: float64}
# - {name: johnson_R, datatype: float64}
# - {name: johnson_I, datatype: float64}
# - {name: Clear, datatype: float64}
# meta: !!omap
# - comment: [vej = 0.2893103448275862, mej = 0.11155639876849505, Ye = 0.1, redshift = 0.0]
# schema: astropy-2.0
time sdss_u sdss_g sdss_r sdss_i sdss_z PS1_y ukirt_J ukirt_H ukirt_K johnson_U johnson_B johnson_V johnson_R johnson_I Clear
[from data line 1198]
60.000000 189.903170 133.967034 98.648334 76.224413 62.555415 54.011058 36.737125 21.453192 11.485354 183.190593 149.545859 113.465055 94.356792 61.179620 97.236388
60.050000 190.081130 134.098595 98.750436 76.307702 62.627173 54.075574 36.786889 21.489706 11.513046 183.362997 149.690367 113.579536 94.455301 61.250213 97.337309
60.100000 190.259077 134.230147 98.852531 76.390985 62.698926 54.140086 36.836650 21.526218 11.540737 183.535388 149.834866 113.694010 94.553804 61.320802 97.438222
60.150000 190.437011 134.361690 98.954619 76.474264 62.770674 54.204594 36.886408 21.562729 11.568428 183.707767 149.979355 113.808475 94.652301 61.391387 97.539129
60.200000 190.614933 134.493223 99.056701 76.557537 62.842418 54.269099 36.936164 21.599238 11.596117 183.880133 150.123833 113.922933 94.750791 61.461967 97.640030
60.250000 190.792842 134.624748 99.158776 76.640804 62.914158 54.333599 36.985917 21.635746 11.623806 184.052488 150.268301 114.037384 94.849275 61.532544 97.740923
60.300000 190.970738 134.756264 99.260844 76.724067 62.985894 54.398096 37.035668 21.672252 11.651493 184.224830 150.412760 114.151826 94.947752 61.603116 97.841811
60.350000 191.148622 134.887770 99.362905 76.807324 63.057625 54.462589 37.085416 21.708756 11.679180 184.397160 150.557208 114.266261 95.046222 61.673683 97.942691
60.400000 191.326492 135.019268 99.464960 76.890576 63.129352 54.527079 37.135162 21.745259 11.706866 184.569477 150.701646 114.380689 95.144687 61.744247 98.043565
60.450000 191.504350 135.150756 99.567008 76.973823 63.201075 54.591564 37.184905 21.781761 11.734551 184.741782 150.846074 114.495108 95.243145 61.814806 98.144432
60.500000 191.682196 135.282236 99.669050 77.057064 63.272793 54.656046 37.234645 21.818261 11.762236 184.914075 150.990492 114.609520 95.341596 61.885361 98.245293
60.550000 191.860028 135.413706 99.771084 77.140300 63.344507 54.720524 37.284383 21.854759 11.789919 185.086356 151.134900 114.723924 95.440041 61.955912 98.346147
60.600000 192.037848 135.545167 99.873112 77.223532 63.416217 54.784999 37.334119 21.891256 11.817602 185.258625 151.279298 114.838321 95.538480 62.026459 98.446994
60.650000 192.215656 135.676620 99.975134 77.306757 63.487923 54.849469 37.383851 21.927751 11.845284 185.430881 151.423686 114.952710 95.636912 62.097001 98.547835
60.700000 192.393451 135.808063 100.077148 77.389978 63.559624 54.913936 37.433582 21.964245 11.872965 185.603125 151.568064 115.067091 95.735338 62.167540 98.648669
60.750000 192.571233 135.939498 100.179156 77.473194 63.631321 54.978400 37.483309 22.000737 11.900645 185.775357 151.712432 115.181465 95.833757 62.238074 98.749497
60.800000 192.749002 136.070923 100.281157 77.556404 63.703013 55.042859 37.533034 22.037228 11.928324 185.947577 151.856790 115.295830 95.932170 62.308604 98.850318
60.850000 192.926759 136.202339 100.383152 77.639609 63.774702 55.107315 37.582757 22.073717 11.956003 186.119785 152.001138 115.410189 96.030577 62.379129 98.951132
60.900000 193.104503 136.333747 100.485140 77.722809 63.846385 55.171767 37.632476 22.110205 11.983681 186.291980 152.145476 115.524539 96.128977 62.449651 99.051940
60.950000 193.282235 136.465145 100.587121 77.806004 63.918065 55.236215 37.682194 22.146691 12.011357 186.464163 152.289804 115.638882 96.227371 62.520168 99.152742
61.000000 193.459954 136.596535 100.689096 77.889193 63.989741 55.300660 37.731908 22.183175 12.039033 186.636334 152.434122 115.753218 96.325759 62.590681 99.253537
61.050000 193.637661 136.727916 100.791064 77.972378 64.061412 55.365101 37.781621 22.219658 12.066708 186.808493 152.578431 115.867546 96.424140 62.661190 99.354325
61.100000 193.815355 136.859287 100.893025 78.055557 64.133079 55.429538 37.831330 22.256140 12.094383 186.980640 152.722729 115.981866 96.522515 62.731695 99.455106
61.150000 193.993036 136.990650 100.994980 78.138731 64.204741 55.493972 37.881037 22.292620 12.122056 187.152775 152.867017 116.096179 96.620883 62.802195 99.555882
61.200000 194.170705 137.122004 101.096928 78.221900 64.276399 55.558401 37.930742 22.329098 12.149729 187.324898 153.011295 116.210484 96.719245 62.872691 99.656650
61.250000 194.348362 137.253349 101.198869 78.305063 64.348054 55.622827 37.980444 22.365575 12.177400 187.497008 153.155564 116.324781 96.817601 62.943184 99.757412
61.300000 194.526006 137.384685 101.300804 78.388222 64.419703 55.687250 38.030143 22.402051 12.205071 187.669107 153.299822 116.439071 96.915950 63.013672 99.858168
61.350000 194.703637 137.516012 101.402732 78.471375 64.491349 55.751668 38.079840 22.438525 12.232741 187.841193 153.444071 116.553353 97.014294 63.084155 99.958917
61.400000 194.881256 137.647330 101.504654 78.554523 64.562990 55.816083 38.129534 22.474997 12.260411 188.013268 153.588309 116.667628 97.112630 63.154635 100.059659
61.450000 195.058862 137.778640 101.606569 78.637666 64.634627 55.880495 38.179226 22.511468 12.288079 188.185330 153.732538 116.781895 97.210961 63.225111 100.160395
61.500000 195.236456 137.909940 101.708477 78.720804 64.706260 55.944902 38.228915 22.547937 12.315747 188.357380 153.876757 116.896155 97.309285 63.295582 100.261125
61.550000 195.414038 138.041232 101.810379 78.803937 64.777888 56.009306 38.278602 22.584405 12.343413 188.529419 154.020966 117.010407 97.407603 63.366049 100.361848
61.600000 195.591607 138.172515 101.912274 78.887065 64.849513 56.073706 38.328286 22.620871 12.371079 188.701445 154.165165 117.124651 97.505914 63.436512 100.462564
61.650000 195.769164 138.303789 102.014163 78.970187 64.921133 56.138103 38.377967 22.657336 12.398744 188.873459 154.309355 117.238888 97.604219 63.506971 100.563275
61.700000 195.946708 138.435054 102.116045 79.053305 64.992748 56.202496 38.427646 22.693799 12.426408 189.045462 154.453534 117.353118 97.702518 63.577426 100.663978
61.750000 196.124240 138.566310 102.217920 79.136417 65.064360 56.266885 38.477323 22.730261 12.454072 189.217452 154.597704 117.467340 97.800811 63.647876 100.764675
61.800000 196.301759 138.697557 102.319789 79.219524 65.135967 56.331270 38.526996 22.766721 12.481734 189.389430 154.741864 117.581554 97.899097 63.718323 100.865366
61.850000 196.479266 138.828796 102.421651 79.302626 65.207570 56.395652 38.576668 22.803179 12.509396 189.561397 154.886014 117.695761 97.997377 63.788765 100.966050
61.900000 196.656761 138.960026 102.523507 79.385723 65.279169 56.460030 38.626337 22.839637 12.537056 189.733351 155.030154 117.809960 98.095651 63.859203 101.066727
61.950000 196.834244 139.091247 102.625356 79.468815 65.350764 56.524405 38.676003 22.876092 12.564716 189.905294 155.174285 117.924152 98.193918 63.929637 101.167399
62.000000 197.011714 139.222459 102.727199 79.551902 65.422354 56.588776 38.725667 22.912546 12.592375 190.077224 155.318405 118.038337 98.292180 64.000067 101.268063
62.050000 197.189171 139.353662 102.829035 79.634983 65.493941 56.653143 38.775328 22.948999 12.620034 190.249143 155.462516 118.152514 98.390435 64.070493 101.368722
62.100000 197.366617 139.484857 102.930865 79.718060 65.565523 56.717507 38.824987 22.985450 12.647691 190.421050 155.606617 118.266683 98.488683 64.140914 101.469374
62.150000 197.544050 139.616043 103.032688 79.801131 65.637100 56.781866 38.874643 23.021899 12.675348 190.592945 155.750709 118.380845 98.586926 64.211332 101.570019
62.200000 197.721470 139.747220 103.134505 79.884198 65.708674 56.846223 38.924296 23.058347 12.703003 190.764828 155.894790 118.495000 98.685162 64.281745 101.670658
62.250000 197.898879 139.878388 103.236315 79.967259 65.780243 56.910575 38.973947 23.094794 12.730658 190.936699 156.038862 118.609147 98.783392 64.352155 101.771291
62.300000 198.076275 140.009547 103.338118 80.050315 65.851809 56.974924 39.023596 23.131239 12.758312 191.108558 156.182924 118.723286 98.881615 64.422560 101.871917
62.350000 198.253659 140.140698 103.439916 80.133366 65.923370 57.039269 39.073242 23.167682 12.785965 191.280405 156.326976 118.837418 98.979833 64.492961 101.972536
62.400000 198.431030 140.271840 103.541706 80.216412 65.994926 57.103611 39.122886 23.204124 12.813618 191.452241 156.471019 118.951543 99.078044 64.563358 102.073150
62.450000 198.608390 140.402974 103.643490 80.299453 66.066479 57.167949 39.172527 23.240565 12.841269 191.624065 156.615052 119.065660 99.176249 64.633751 102.173757
62.500000 198.785737 140.534098 103.745268 80.382489 66.138027 57.232283 39.222165 23.277003 12.868920 191.795877 156.759075 119.179770 99.274448 64.704140 102.274357
62.550000 198.963072 140.665214 103.847039 80.465520 66.209572 57.296614 39.271801 23.313441 12.896570 191.967677 156.903089 119.293873 99.372641 64.774524 102.374951
62.600000 199.140394 140.796321 103.948804 80.548546 66.281112 57.360941 39.321435 23.349877 12.924219 192.139465 157.047093 119.407968 99.470827 64.844905 102.475539
62.650000 199.317705 140.927420 104.050562 80.631567 66.352648 57.425265 39.371066 23.386311 12.951867 192.311242 157.191087 119.522055 99.569007 64.915281 102.576121
62.700000 199.495003 141.058510 104.152313 80.714583 66.424179 57.489584 39.420694 23.422744 12.979514 192.483007 157.335071 119.636136 99.667181 64.985654 102.676696
62.750000 199.672289 141.189591 104.254059 80.797593 66.495707 57.553901 39.470320 23.459175 13.007160 192.654760 157.479046 119.750209 99.765349 65.056022 102.777264
62.800000 199.849563 141.320663 104.355798 80.880599 66.567230 57.618213 39.519943 23.495605 13.034806 192.826501 157.623011 119.864274 99.863511 65.126386 102.877826
62.850000 200.026825 141.451727 104.457530 80.963600 66.638749 57.682522 39.569564 23.532034 13.062451 192.998230 157.766967 119.978332 99.961666 65.196747 102.978382
62.900000 200.204075 141.582782 104.559256 81.046595 66.710265 57.746827 39.619183 23.568460 13.090095 193.169948 157.910913 120.092383 100.059816 65.267103 103.078932
62.950000 200.381312 141.713829 104.660975 81.129586 66.781775 57.811129 39.668799 23.604886 13.117738 193.341654 158.054849 120.206426 100.157959 65.337455 103.179475
63.000000 200.558537 141.844867 104.762688 81.212572 66.853282 57.875427 39.718412 23.641309 13.145380 193.513349 158.198776 120.320462 100.256096 65.407803 103.280012
63.050000 200.735751 141.975896 104.864395 81.295552 66.924785 57.939722 39.768023 23.677732 13.173021 193.685031 158.342693 120.434491 100.354227 65.478147 103.380543
63.100000 200.912952 142.106917 104.966095 81.378528 66.996283 58.004013 39.817631 23.714153 13.200662 193.856702 158.486601 120.548512 100.452351 65.548486 103.481067
63.150000 201.090141 142.237929 105.067789 81.461498 67.067778 58.068300 39.867237 23.750572 13.228301 194.028362 158.630499 120.662526 100.550470 65.618822 103.581585
63.200000 201.267318 142.368932 105.169476 81.544464 67.139268 58.132584 39.916841 23.786990 13.255940 194.200010 158.774387 120.776533 100.648582 65.689154 103.682096
63.250000 201.444483 142.499927 105.271157 81.627424 67.210754 58.196864 39.966442 23.823406 13.283578 194.371646 158.918266 120.890532 100.746689 65.759482 103.782602
63.300000 201.621636 142.630913 105.372832 81.710380 67.282236 58.261141 40.016040 23.859821 13.311215 194.543270 159.062135 121.004524 100.844789 65.829805 103.883101
63.350000 201.798777 142.761891 105.474500 81.793330 67.353714 58.325414 40.065636 23.896234 13.338852 194.714883 159.205995 121.118509 100.942883 65.900125 103.983593
63.400000 201.975906 142.892860 105.576162 81.876276 67.425187 58.389683 40.115229 23.932646 13.366487 194.886484 159.349845 121.232486 101.040971 65.970441 104.084080
63.450000 202.153022 143.023820 105.677818 81.959217 67.496657 58.453949 40.164820 23.969056 13.394122 195.058073 159.493686 121.346456 101.139053 66.040752 104.184560
63.500000 202.330127 143.154772 105.779467 82.042152 67.568122 58.518211 40.214409 24.005465 13.421756 195.229651 159.637517 121.460419 101.237128 66.111060 104.285033
63.550000 202.507220 143.285715 105.881109 82.125083 67.639584 58.582470 40.263995 24.041872 13.449388 195.401218 159.781338 121.574374 101.335198 66.181363 104.385501
63.600000 202.684301 143.416650 105.982746 82.208009 67.711041 58.646725 40.313578 24.078278 13.477021 195.572773 159.925150 121.688323 101.433261 66.251663 104.485962
63.650000 202.861370 143.547576 106.084376 82.290930 67.782494 58.710976 40.363160 24.114682 13.504652 195.744316 160.068953 121.802264 101.531319 66.321958 104.586417
63.700000 203.038426 143.678494 106.185999 82.373845 67.853943 58.775224 40.412738 24.151085 13.532282 195.915847 160.212746 121.916197 101.629370 66.392250 104.686866
63.750000 203.215471 143.809403 106.287617 82.456756 67.925388 58.839468 40.462314 24.187486 13.559912 196.087368 160.356530 122.030124 101.727415 66.462537 104.787308
63.800000 203.392504 143.940304 106.389228 82.539662 67.996829 58.903709 40.511888 24.223886 13.587540 196.258876 160.500304 122.144043 101.825455 66.532820 104.887744
63.850000 203.569525 144.071196 106.490832 82.622563 68.068265 58.967946 40.561459 24.260285 13.615168 196.430373 160.644068 122.257955 101.923488 66.603100 104.988174
63.900000 203.746535 144.202080 106.592431 82.705459 68.139698 59.032180 40.611028 24.296681 13.642795 196.601859 160.787824 122.371860 102.021515 66.673375 105.088598
63.950000 203.923532 144.332955 106.694023 82.788350 68.211126 59.096410 40.660594 24.333077 13.670422 196.773333 160.931570 122.485757 102.119536 66.743647 105.189016
64.000000 204.100517 144.463822 106.795608 82.871236 68.282551 59.160637 40.710158 24.369471 13.698047 196.944796 161.075306 122.599647 102.217551 66.813914 105.289427
64.050000 204.277491 144.594680 106.897188 82.954118 68.353971 59.224860 40.759719 24.405863 13.725671 197.116247 161.219033 122.713530 102.315560 66.884178 105.389832
64.100000 204.454452 144.725530 106.998761 83.036994 68.425388 59.289079 40.809278 24.442254 13.753295 197.287686 161.362750 122.827406 102.413562 66.954437 105.490231
64.150000 204.631402 144.856371 107.100328 83.119865 68.496800 59.353295 40.858834 24.478643 13.780918 197.459115 161.506458 122.941275 102.511559 67.024692 105.590623
64.200000 204.808340 144.987204 107.201888 83.202732 68.568208 59.417508 40.908388 24.515031 13.808540 197.630531 161.650157 123.055136 102.609550 67.094944 105.691010
64.250000 204.985266 145.118029 107.303442 83.285593 68.639612 59.481717 40.957940 24.551418 13.836161 197.801937 161.793847 123.168990 102.707535 67.165191 105.791390
64.300000 205.162180 145.248845 107.404990 83.368450 68.711012 59.545922 41.007489 24.587802 13.863781 197.973331 161.937527 123.282837 102.805514 67.235435 105.891764
64.350000 205.339083 145.379652 107.506532 83.451302 68.782408 59.610124 41.057035 24.624186 13.891401 198.144713 162.081197 123.396677 102.903487 67.305674 105.992132
64.400000 205.515973 145.510452 107.608067 83.534149 68.853800 59.674322 41.106579 24.660568 13.919019 198.316085 162.224858 123.510510 103.001453 67.375910 106.092494
64.450000 205.692852 145.641242 107.709596 83.616991 68.925188 59.738517 41.156121 24.696948 13.946637 198.487444 162.368510 123.624336 103.099414 67.446142 106.192849
64.500000 205.869719 145.772025 107.811119 83.699828 68.996572 59.802708 41.205660 24.733327 13.974254 198.658793 162.512153 123.738154 103.197369 67.516369 106.293198
64.550000 206.046574 145.902799 107.912636 83.782660 69.067951 59.866896 41.255197 24.769705 14.001870 198.830130 162.655786 123.851965 103.295318 67.586593 106.393542
64.600000 206.223418 146.033564 108.014146 83.865487 69.139327 59.931080 41.304731 24.806081 14.029485 199.001455 162.799410 123.965769 103.393260 67.656813 106.493879
64.650000 206.400250 146.164322 108.115650 83.948310 69.210699 59.995261 41.354263 24.842455 14.057100 199.172770 162.943025 124.079566 103.491197 67.727028 106.594209
64.700000 206.577070 146.295071 108.217148 84.031127 69.282067 60.059438 41.403793 24.878829 14.084713 199.344073 163.086630 124.193356 103.589128 67.797240 106.694534
