web/models/kne/9/Metzger_0.001902_0.337931_0.450000.dat
# %ECSV 0.9
# ---
# datatype:
# - {name: time, datatype: float64}
# - {name: sdss_u, datatype: float64}
# - {name: sdss_g, datatype: float64}
# - {name: sdss_r, datatype: float64}
# - {name: sdss_i, datatype: float64}
# - {name: sdss_z, datatype: float64}
# - {name: PS1_y, datatype: float64}
# - {name: ukirt_J, datatype: float64}
# - {name: ukirt_H, datatype: float64}
# - {name: ukirt_K, datatype: float64}
# - {name: johnson_U, datatype: float64}
# - {name: johnson_B, datatype: float64}
# - {name: johnson_V, datatype: float64}
# - {name: johnson_R, datatype: float64}
# - {name: johnson_I, datatype: float64}
# - {name: Clear, datatype: float64}
# meta: !!omap
# - comment: [vej = 0.33793103448275863, mej = 0.0019019705740394193, Ye = 0.45, redshift = 0.0]
# schema: astropy-2.0
time sdss_u sdss_g sdss_r sdss_i sdss_z PS1_y ukirt_J ukirt_H ukirt_K johnson_U johnson_B johnson_V johnson_R johnson_I Clear
[from data line 587]
29.450000 323.473233 233.376506 176.368987 140.094102 117.935289 104.059389 75.924532 50.885489 34.422712 312.669901 258.488014 200.299834 169.432562 115.702457 174.087131
29.500000 324.016643 233.778709 176.681537 140.349397 118.155491 104.257552 76.077800 50.998433 34.508809 313.196402 258.929622 200.650058 169.734179 115.919116 174.396084
29.550000 324.559993 234.180870 176.994055 140.604668 118.375672 104.455697 76.231055 51.111369 34.594901 313.722845 259.371182 201.000246 170.035765 116.135755 174.705007
29.600000 325.103285 234.582988 177.306541 140.859913 118.595832 104.653824 76.384298 51.224298 34.680988 314.249231 259.812696 201.350398 170.337322 116.352373 175.013899
29.650000 325.646518 234.985065 177.618997 141.115134 118.815972 104.851933 76.537529 51.337219 34.767071 314.775560 260.254163 201.700514 170.638848 116.568972 175.322759
29.700000 326.189692 235.387099 177.931420 141.370331 119.036092 105.050025 76.690747 51.450132 34.853150 315.301832 260.695583 202.050594 170.940344 116.785551 175.631589
29.750000 326.732807 235.789092 178.243813 141.625503 119.256191 105.248099 76.843952 51.563038 34.939224 315.828048 261.136956 202.400638 171.241810 117.002109 175.940388
29.800000 327.275864 236.191042 178.556174 141.880651 119.476270 105.446155 76.997146 51.675936 35.025294 316.354207 261.578283 202.750647 171.543246 117.218648 176.249156
29.850000 327.818862 236.592951 178.868504 142.135774 119.696329 105.644193 77.150326 51.788826 35.111359 316.880310 262.019564 203.100620 171.844652 117.435167 176.557893
29.900000 328.361802 236.994818 179.180803 142.390872 119.916367 105.842214 77.303495 51.901709 35.197419 317.406357 262.460798 203.450558 172.146029 117.651666 176.866600
29.950000 328.904684 237.396644 179.493071 142.645947 120.136385 106.040217 77.456651 52.014584 35.283476 317.932347 262.901987 203.800460 172.447376 117.868145 177.175276
30.000000 329.447509 237.798429 179.805309 142.900997 120.356383 106.238203 77.609795 52.127452 35.369527 318.458282 263.343129 204.150327 172.748693 118.084605 177.483921
30.050000 329.990275 238.200172 180.117515 143.156023 120.576361 106.436171 77.762926 52.240312 35.455575 318.984161 263.784225 204.500159 173.049980 118.301045 177.792536
30.100000 330.532984 238.601873 180.429690 143.411025 120.796319 106.634121 77.916045 52.353164 35.541618 319.509984 264.225276 204.849955 173.351238 118.517465 178.101121
30.150000 331.075635 239.003534 180.741835 143.666003 121.016257 106.832054 78.069153 52.466009 35.627656 320.035751 264.666280 205.199717 173.652467 118.733866 178.409675
30.200000 331.618229 239.405154 181.053949 143.920957 121.236175 107.029970 78.222247 52.578847 35.713690 320.561463 265.107239 205.549443 173.953666 118.950247 178.718199
30.250000 332.160765 239.806732 181.366033 144.175887 121.456073 107.227868 78.375330 52.691677 35.799720 321.087120 265.548153 205.899134 174.254836 119.166609 179.026693
30.300000 332.703244 240.208270 181.678085 144.430793 121.675951 107.425749 78.528400 52.804499 35.885745 321.612721 265.989021 206.248791 174.555976 119.382951 179.335157
30.350000 333.245667 240.609767 181.990108 144.685675 121.895810 107.623613 78.681459 52.917314 35.971765 322.138268 266.429844 206.598412 174.857088 119.599274 179.643591
30.400000 333.788032 241.011224 182.302100 144.940533 122.115648 107.821460 78.834505 53.030121 36.057782 322.663759 266.870622 206.947999 175.158170 119.815577 179.951995
30.450000 334.330341 241.412639 182.614062 145.195367 122.335467 108.019289 78.987539 53.142921 36.143794 323.189196 267.311355 207.297552 175.459223 120.031861 180.260368
30.500000 334.872593 241.814014 182.925993 145.450178 122.555266 108.217101 79.140561 53.255713 36.229801 323.714578 267.752042 207.647069 175.760247 120.248126 180.568712
30.550000 335.414788 242.215349 183.237895 145.704965 122.775046 108.414896 79.293571 53.368498 36.315804 324.239905 268.192685 207.996553 176.061242 120.464371 180.877027
30.600000 335.956928 242.616644 183.549766 145.959728 122.994805 108.612674 79.446569 53.481276 36.401803 324.765178 268.633283 208.346001 176.362208 120.680597 181.185311
30.650000 336.499011 243.017898 183.861607 146.214468 123.214546 108.810434 79.599555 53.594046 36.487798 325.290397 269.073836 208.695416 176.663146 120.896804 181.493566
30.700000 337.041037 243.419112 184.173418 146.469185 123.434266 109.008178 79.752529 53.706808 36.573788 325.815561 269.514345 209.044796 176.964055 121.112992 181.801791
30.750000 337.583008 243.820286 184.485199 146.723877 123.653967 109.205904 79.905491 53.819564 36.659773 326.340671 269.954809 209.394142 177.264935 121.329161 182.109987
30.800000 338.124923 244.221421 184.796950 146.978547 123.873649 109.403614 80.058441 53.932311 36.745754 326.865728 270.395229 209.743454 177.565786 121.545311 182.418153
30.850000 338.666783 244.622515 185.108672 147.233193 124.093311 109.601307 80.211379 54.045052 36.831731 327.390730 270.835604 210.092732 177.866609 121.761441 182.726290
30.900000 339.208586 245.023569 185.420364 147.487816 124.312954 109.798982 80.364306 54.157785 36.917704 327.915679 271.275935 210.441976 178.167403 121.977553 183.034398
30.950000 339.750335 245.424584 185.732026 147.742415 124.532578 109.996641 80.517220 54.270511 37.003672 328.440575 271.716223 210.791186 178.468169 122.193646 183.342476
31.000000 340.292027 245.825560 186.043658 147.996992 124.752182 110.194283 80.670123 54.383229 37.089636 328.965416 272.156466 211.140363 178.768906 122.409720 183.650525
31.050000 340.833665 246.226495 186.355261 148.251545 124.971767 110.391908 80.823014 54.495940 37.175595 329.490205 272.596665 211.489505 179.069616 122.625775 183.958545
31.100000 341.375248 246.627392 186.666835 148.506075 125.191333 110.589517 80.975893 54.608644 37.261551 330.014940 273.036821 211.838614 179.370297 122.841811 184.266536
31.150000 341.916775 247.028248 186.978379 148.760582 125.410879 110.787108 81.128760 54.721341 37.347501 330.539622 273.476932 212.187690 179.670949 123.057828 184.574498
31.200000 342.458248 247.429066 187.289894 149.015066 125.630407 110.984683 81.281615 54.834030 37.433448 331.064252 273.917001 212.536732 179.971574 123.273827 184.882431
31.250000 342.999666 247.829845 187.601379 149.269526 125.849915 111.182242 81.434459 54.946712 37.519390 331.588828 274.357025 212.885740 180.272170 123.489807 185.190335
31.300000 343.541029 248.230584 187.912836 149.523964 126.069404 111.379783 81.587291 55.059386 37.605328 332.113351 274.797006 213.234715 180.572739 123.705768 185.498210
31.350000 344.082338 248.631285 188.224263 149.778380 126.288874 111.577308 81.740112 55.172054 37.691262 332.637822 275.236944 213.583657 180.873279 123.921710 185.806057
31.400000 344.623592 249.031946 188.535661 150.032772 126.508325 111.774817 81.892920 55.284714 37.777191 333.162241 275.676839 213.932565 181.173792 124.137634 186.113874
31.450000 345.164793 249.432569 188.847030 150.287141 126.727758 111.972309 82.045717 55.397367 37.863116 333.686607 276.116691 214.281441 181.474276 124.353540 186.421664
31.500000 345.705939 249.833153 189.158370 150.541488 126.947171 112.169784 82.198503 55.510012 37.949036 334.210920 276.556499 214.630283 181.774733 124.569427 186.729424
31.550000 346.247031 250.233698 189.469681 150.795812 127.166566 112.367243 82.351277 55.622651 38.034953 334.735182 276.996265 214.979092 182.075163 124.785295 187.037156
31.600000 346.788069 250.634205 189.780963 151.050114 127.385941 112.564686 82.504039 55.735282 38.120865 335.259391 277.435987 215.327868 182.375564 125.001145 187.344860
31.650000 347.329053 251.034673 190.092216 151.304393 127.605298 112.762112 82.656790 55.847906 38.206773 335.783549 277.875667 215.676612 182.675938 125.216976 187.652535
31.700000 347.869984 251.435103 190.403441 151.558649 127.824636 112.959521 82.809529 55.960523 38.292676 336.307654 278.315305 216.025323 182.976285 125.432790 187.960181
31.750000 348.410861 251.835494 190.714637 151.812883 128.043956 113.156915 82.962257 56.073133 38.378575 336.831708 278.754899 216.374000 183.276603 125.648584 188.267800
31.800000 348.951685 252.235847 191.025804 152.067094 128.263256 113.354292 83.114973 56.185736 38.464470 337.355710 279.194451 216.722646 183.576895 125.864361 188.575390
31.850000 349.492455 252.636162 191.336943 152.321283 128.482538 113.551653 83.267678 56.298331 38.550361 337.879661 279.633961 217.071258 183.877159 126.080119 188.882952
31.900000 350.033173 253.036439 191.648054 152.575450 128.701802 113.748997 83.420371 56.410919 38.636248 338.403561 280.073429 217.419839 184.177396 126.295859 189.190486
31.950000 350.573837 253.436678 191.959135 152.829594 128.921047 113.946325 83.573053 56.523500 38.722130 338.927409 280.512854 217.768386 184.477605 126.511581 189.497992
32.000000 351.114448 253.836879 192.270189 153.083716 129.140273 114.143637 83.725724 56.636075 38.808008 339.451206 280.952237 218.116902 184.777788 126.727285 189.805470
32.050000 351.655006 254.237042 192.581214 153.337816 129.359481 114.340933 83.878383 56.748642 38.893882 339.974952 281.391578 218.465385 185.077943 126.942970 190.112920
32.100000 352.195512 254.637168 192.892211 153.591893 129.578670 114.538213 84.031030 56.861201 38.979751 340.498647 281.830878 218.813835 185.378071 127.158637 190.420342
32.150000 352.735965 255.037256 193.203180 153.845949 129.797841 114.735477 84.183667 56.973754 39.065616 341.022291 282.270135 219.162254 185.678172 127.374287 190.727737
32.200000 353.276365 255.437306 193.514121 154.099982 130.016994 114.932725 84.336292 57.086300 39.151477 341.545884 282.709351 219.510640 185.978246 127.589918 191.035103
32.250000 353.816713 255.837318 193.825033 154.353993 130.236128 115.129956 84.488906 57.198839 39.237334 342.069427 283.148524 219.858995 186.278293 127.805532 191.342442
32.300000 354.357009 256.237293 194.135918 154.607982 130.455244 115.327172 84.641508 57.311371 39.323187 342.592919 283.587657 220.207317 186.578313 128.021127 191.649753
32.350000 354.897253 256.637231 194.446774 154.861950 130.674341 115.524372 84.794099 57.423895 39.409035 343.116361 284.026748 220.555608 186.878307 128.236705 191.957037
32.400000 355.437444 257.037132 194.757603 155.115895 130.893421 115.721555 84.946679 57.536413 39.494879 343.639752 284.465797 220.903866 187.178273 128.452264 192.264293
32.450000 355.977584 257.436995 195.068404 155.369819 131.112482 115.918723 85.099248 57.648923 39.580719 344.163094 284.904805 221.252093 187.478213 128.667806 192.571522
32.500000 356.517671 257.836821 195.379177 155.623720 131.331525 116.115875 85.251806 57.761427 39.666555 344.686385 285.343772 221.600288 187.778126 128.883330 192.878723
32.550000 357.057707 258.236610 195.689922 155.877600 131.550550 116.313011 85.404352 57.873924 39.752387 345.209626 285.782698 221.948452 188.078013 129.098837 193.185897
32.600000 357.597692 258.636362 196.000640 156.131459 131.769556 116.510132 85.556887 57.986413 39.838214 345.732818 286.221582 222.296584 188.377873 129.314325 193.493043
32.650000 358.137624 259.036078 196.311330 156.385295 131.988545 116.707236 85.709412 58.098896 39.924037 346.255960 286.660426 222.644684 188.677707 129.529796 193.800163
32.700000 358.677506 259.435756 196.621992 156.639110 132.207516 116.904325 85.861925 58.211372 40.009856 346.779052 287.099229 222.992753 188.977514 129.745249 194.107255
32.750000 359.217336 259.835398 196.932627 156.892903 132.426468 117.101398 86.014427 58.323841 40.095671 347.302094 287.537991 223.340790 189.277295 129.960685 194.414320
32.800000 359.757115 260.235003 197.243235 157.146675 132.645403 117.298455 86.166917 58.436303 40.181482 347.825087 287.976712 223.688797 189.577049 130.176103 194.721358
32.850000 360.296843 260.634571 197.553815 157.400425 132.864320 117.495497 86.319397 58.548758 40.267288 348.348031 288.415392 224.036772 189.876778 130.391503 195.028369
32.900000 360.836519 261.034103 197.864367 157.654154 133.083219 117.692523 86.471866 58.661206 40.353091 348.870925 288.854032 224.384715 190.176480 130.606886 195.335352
32.950000 361.376145 261.433598 198.174893 157.907861 133.302100 117.889533 86.624324 58.773647 40.438889 349.393770 289.292632 224.732628 190.476155 130.822251 195.642309
33.000000 361.915721 261.833057 198.485391 158.161547 133.520963 118.086528 86.776770 58.886081 40.524683 349.916566 289.731191 225.080509 190.775805 131.037599 195.949239
33.050000 362.455245 262.232480 198.795862 158.415211 133.739808 118.283508 86.929206 58.998508 40.610473 350.439314 290.169710 225.428360 191.075429 131.252930 196.256143
33.100000 362.994719 262.631866 199.106306 158.668854 133.958636 118.480471 87.081631 59.110929 40.696258 350.962012 290.608188 225.776179 191.375026 131.468243 196.563019
33.150000 363.534143 263.031217 199.416723 158.922476 134.177446 118.677420 87.234045 59.223343 40.782040 351.484662 291.046627 226.123968 191.674598 131.683538 196.869869
33.200000 364.073516 263.430531 199.727112 159.176077 134.396238 118.874353 87.386448 59.335749 40.867818 352.007263 291.485025 226.471726 191.974144 131.898817 197.176692
33.250000 364.612839 263.829809 200.037475 159.429656 134.615013 119.071270 87.538840 59.448149 40.953591 352.529815 291.923384 226.819453 192.273663 132.114078 197.483489
33.300000 365.152112 264.229051 200.347811 159.683214 134.833770 119.268172 87.691221 59.560543 41.039360 353.052319 292.361702 227.167149 192.573158 132.329322 197.790259
33.350000 365.691334 264.628258 200.658120 159.936752 135.052509 119.465059 87.843591 59.672929 41.125125 353.574775 292.799981 227.514815 192.872626 132.544548 198.097002
33.400000 366.230507 265.027429 200.968402 160.190268 135.271231 119.661930 87.995950 59.785308 41.210886 354.097182 293.238220 227.862450 193.172068 132.759758 198.403719
33.450000 366.769630 265.426564 201.278658 160.443763 135.489936 119.858786 88.148299 59.897681 41.296643 354.619542 293.676419 228.210055 193.471485 132.974950 198.710410
33.500000 367.308703 265.825663 201.588887 160.697237 135.708622 120.055627 88.300637 60.010047 41.382396 355.141853 294.114579 228.557629 193.770877 133.190125 199.017074
33.550000 367.847727 266.224727 201.899089 160.950690 135.927292 120.252452 88.452964 60.122406 41.468145 355.664116 294.552699 228.905173 194.070242 133.405283 199.323712
33.600000 368.386701 266.623755 202.209264 161.204122 136.145944 120.449262 88.605280 60.234759 41.553889 356.186332 294.990780 229.252686 194.369583 133.620424 199.630324
33.650000 368.925626 267.022748 202.519413 161.457534 136.364578 120.646057 88.757585 60.347104 41.639630 356.708499 295.428821 229.600169 194.668897 133.835548 199.936910
33.700000 369.464501 267.421705 202.829536 161.710924 136.583196 120.842837 88.909880 60.459443 41.725366 357.230619 295.866824 229.947622 194.968187 134.050655 200.243469
33.750000 370.003327 267.820627 203.139632 161.964294 136.801796 121.039602 89.062164 60.571776 41.811098 357.752692 296.304787 230.295045 195.267451 134.265745 200.550002
33.800000 370.542104 268.219514 203.449702 162.217643 137.020378 121.236351 89.214438 60.684101 41.896827 358.274717 296.742711 230.642438 195.566690 134.480818 200.856510
33.850000 371.080832 268.618366 203.759745 162.470971 137.238944 121.433086 89.366700 60.796420 41.982551 358.796695 297.180596 230.989800 195.865903 134.695874 201.162991
33.900000 371.619511 269.017183 204.069762 162.724279 137.457492 121.629805 89.518952 60.908732 42.068271 359.318625 297.618441 231.337133 196.165091 134.910913 201.469446
33.950000 372.158141 269.415964 204.379753 162.977566 137.676023 121.826510 89.671194 61.021037 42.153987 359.840508 298.056249 231.684436 196.464254 135.125936 201.775876
34.000000 372.696722 269.814711 204.689717 163.230832 137.894536 122.023199 89.823424 61.133336 42.239699 360.362344 298.494017 232.031709 196.763392 135.340941 202.082280
