web/models/kne/9/Metzger_0.047339_0.273103_0.450000.dat
# %ECSV 0.9
# ---
# datatype:
# - {name: time, datatype: float64}
# - {name: sdss_u, datatype: float64}
# - {name: sdss_g, datatype: float64}
# - {name: sdss_r, datatype: float64}
# - {name: sdss_i, datatype: float64}
# - {name: sdss_z, datatype: float64}
# - {name: PS1_y, datatype: float64}
# - {name: ukirt_J, datatype: float64}
# - {name: ukirt_H, datatype: float64}
# - {name: ukirt_K, datatype: float64}
# - {name: johnson_U, datatype: float64}
# - {name: johnson_B, datatype: float64}
# - {name: johnson_V, datatype: float64}
# - {name: johnson_R, datatype: float64}
# - {name: johnson_I, datatype: float64}
# - {name: Clear, datatype: float64}
# meta: !!omap
# - comment: [vej = 0.2731034482758621, mej = 0.04733940132137338, Ye = 0.45, redshift = 0.0]
# schema: astropy-2.0
time sdss_u sdss_g sdss_r sdss_i sdss_z PS1_y ukirt_J ukirt_H ukirt_K johnson_U johnson_B johnson_V johnson_R johnson_I Clear
[from data line 896]
44.900000 178.017117 125.344144 92.097251 70.996432 58.138417 50.103352 33.866899 19.514815 10.167401 171.695306 140.012367 106.043352 88.058359 56.844489 90.768403
44.950000 178.228402 125.500272 92.218359 71.095176 58.223453 50.179779 33.925789 19.557955 10.200054 171.899986 140.183886 106.179176 88.175196 56.928141 90.888106
45.000000 178.439675 125.656391 92.339461 71.193915 58.308485 50.256203 33.984678 19.601094 10.232706 172.104654 140.355396 106.314993 88.292028 57.011789 91.007804
45.050000 178.650935 125.812502 92.460557 71.292650 58.393513 50.332624 34.043566 19.644232 10.265359 172.309310 140.526897 106.450803 88.408854 57.095435 91.127495
45.100000 178.862184 125.968605 92.581647 71.391381 58.478539 50.409043 34.102451 19.687370 10.298012 172.513955 140.698388 106.586607 88.525675 57.179076 91.247181
45.150000 179.073420 126.124699 92.702731 71.490107 58.563561 50.485459 34.161335 19.730508 10.330666 172.718588 140.869870 106.722403 88.642490 57.262715 91.366861
45.200000 179.284644 126.280785 92.823810 71.588829 58.648579 50.561872 34.220218 19.773645 10.363320 172.923209 141.041343 106.858193 88.759299 57.346350 91.486536
45.250000 179.495856 126.436863 92.944883 71.687546 58.733595 50.638282 34.279099 19.816782 10.395973 173.127819 141.212806 106.993975 88.876103 57.429982 91.606204
45.300000 179.707056 126.592933 93.065949 71.786260 58.818607 50.714689 34.337979 19.859918 10.428628 173.332417 141.384260 107.129751 88.992902 57.513611 91.725867
45.350000 179.918244 126.748994 93.187010 71.884968 58.903615 50.791094 34.396856 19.903053 10.461282 173.537003 141.555705 107.265520 89.109694 57.597237 91.845524
45.400000 180.129420 126.905047 93.308065 71.983673 58.988620 50.867496 34.455733 19.946188 10.493937 173.741578 141.727140 107.401282 89.226482 57.680859 91.965176
45.450000 180.340584 127.061092 93.429115 72.082373 59.073622 50.943895 34.514608 19.989323 10.526591 173.946142 141.898566 107.537037 89.343263 57.764478 92.084821
45.500000 180.551736 127.217128 93.550158 72.181069 59.158620 51.020292 34.573481 20.032457 10.559247 174.150693 142.069983 107.672785 89.460039 57.848093 92.204461
45.550000 180.762875 127.373157 93.671196 72.279761 59.243615 51.096685 34.632352 20.075591 10.591902 174.355234 142.241390 107.808527 89.576810 57.931706 92.324096
45.600000 180.974003 127.529177 93.792227 72.378449 59.328607 51.173076 34.691222 20.118724 10.624557 174.559762 142.412789 107.944261 89.693575 58.015315 92.443724
45.650000 181.185119 127.685189 93.913254 72.477132 59.413596 51.249464 34.750091 20.161857 10.657213 174.764280 142.584178 108.079989 89.810335 58.098921 92.563347
45.700000 181.396223 127.841192 94.034274 72.575811 59.498581 51.325850 34.808958 20.204989 10.689869 174.968785 142.755558 108.215710 89.927089 58.182523 92.682964
45.750000 181.607316 127.997188 94.155288 72.674485 59.583562 51.402232 34.867823 20.248120 10.722525 175.173280 142.926928 108.351425 90.043837 58.266123 92.802575
45.800000 181.818396 128.153176 94.276297 72.773156 59.668541 51.478612 34.926687 20.291252 10.755182 175.377763 143.098290 108.487132 90.160580 58.349719 92.922181
45.850000 182.029464 128.309155 94.397300 72.871822 59.753516 51.554989 34.985549 20.334382 10.787838 175.582234 143.269642 108.622833 90.277318 58.433312 93.041781
45.900000 182.240521 128.465126 94.518297 72.970484 59.838487 51.631364 35.044410 20.377512 10.820495 175.786694 143.440985 108.758527 90.394050 58.516902 93.161375
45.950000 182.451565 128.621089 94.639288 73.069141 59.923456 51.707735 35.103269 20.420642 10.853152 175.991143 143.612319 108.894214 90.510777 58.600488 93.280964
46.000000 182.662598 128.777044 94.760274 73.167795 60.008421 51.784104 35.162127 20.463771 10.885809 176.195580 143.783643 109.029895 90.627498 58.684071 93.400547
46.050000 182.873619 128.932991 94.881254 73.266444 60.093382 51.860470 35.220983 20.506900 10.918467 176.400006 143.954959 109.165568 90.744214 58.767651 93.520124
46.100000 183.084629 129.088930 95.002228 73.365089 60.178341 51.936834 35.279837 20.550028 10.951125 176.604420 144.126265 109.301236 90.860924 58.851228 93.639696
46.150000 183.295626 129.244860 95.123196 73.463729 60.263296 52.013194 35.338690 20.593156 10.983782 176.808824 144.297563 109.436896 90.977629 58.934802 93.759262
46.200000 183.506612 129.400783 95.244159 73.562366 60.348248 52.089552 35.397541 20.636283 11.016440 177.013216 144.468851 109.572549 91.094328 59.018372 93.878823
46.250000 183.717586 129.556698 95.365116 73.660998 60.433196 52.165908 35.456391 20.679410 11.049099 177.217596 144.640130 109.708196 91.211022 59.101939 93.998377
46.300000 183.928548 129.712604 95.486067 73.759626 60.518142 52.242260 35.515240 20.722536 11.081757 177.421965 144.811401 109.843837 91.327711 59.185503 94.117927
46.350000 184.139499 129.868503 95.607013 73.858250 60.603083 52.318610 35.574086 20.765662 11.114416 177.626324 144.982662 109.979470 91.444394 59.269064 94.237470
46.400000 184.350438 130.024393 95.727952 73.956870 60.688022 52.394957 35.632931 20.808787 11.147075 177.830670 145.153914 110.115097 91.561072 59.352621 94.357008
46.450000 184.561365 130.180276 95.848887 74.055485 60.772957 52.471301 35.691775 20.851911 11.179734 178.035006 145.325157 110.250717 91.677744 59.436176 94.476541
46.500000 184.772281 130.336150 95.969815 74.154096 60.857890 52.547643 35.750617 20.895036 11.212393 178.239330 145.496391 110.386331 91.794411 59.519727 94.596068
46.550000 184.983184 130.492017 96.090738 74.252703 60.942818 52.623982 35.809457 20.938159 11.245052 178.443643 145.667616 110.521938 91.911073 59.603275 94.715589
46.600000 185.194077 130.647875 96.211655 74.351306 61.027744 52.700318 35.868296 20.981282 11.277712 178.647945 145.838832 110.657538 92.027729 59.686820 94.835105
46.650000 185.404957 130.803726 96.332567 74.449905 61.112666 52.776652 35.927134 21.024405 11.310372 178.852236 146.010039 110.793132 92.144380 59.770361 94.954615
46.700000 185.615827 130.959569 96.453473 74.548499 61.197585 52.852982 35.985970 21.067527 11.343032 179.056516 146.181237 110.928719 92.261025 59.853900 95.074120
46.750000 185.826684 131.115403 96.574373 74.647090 61.282501 52.929311 36.044804 21.110649 11.375692 179.260784 146.352426 111.064300 92.377665 59.937435 95.193619
46.800000 186.037530 131.271230 96.695267 74.745676 61.367413 53.005636 36.103637 21.153770 11.408352 179.465042 146.523606 111.199873 92.494300 60.020967 95.313112
46.850000 186.248365 131.427049 96.816156 74.844258 61.452322 53.081959 36.162468 21.196891 11.441013 179.669288 146.694777 111.335441 92.610929 60.104496 95.432600
46.900000 186.459187 131.582860 96.937040 74.942836 61.537228 53.158279 36.221298 21.240011 11.473674 179.873523 146.865939 111.471001 92.727554 60.188022 95.552083
46.950000 186.669999 131.738663 97.057918 75.041410 61.622131 53.234596 36.280126 21.283130 11.506334 180.077747 147.037093 111.606556 92.844172 60.271544 95.671560
47.000000 186.880799 131.894458 97.178790 75.139979 61.707030 53.310911 36.338952 21.326249 11.538995 180.281960 147.208237 111.742103 92.960786 60.355064 95.791031
47.050000 187.091587 132.050245 97.299656 75.238545 61.791927 53.387223 36.397777 21.369368 11.571657 180.486162 147.379373 111.877644 93.077394 60.438580 95.910497
47.100000 187.302364 132.206025 97.420517 75.337106 61.876819 53.463532 36.456601 21.412486 11.604318 180.690353 147.550500 112.013179 93.193997 60.522093 96.029958
47.150000 187.513130 132.361796 97.541373 75.435663 61.961709 53.539839 36.515423 21.455604 11.636980 180.894533 147.721618 112.148707 93.310594 60.605603 96.149412
47.200000 187.723884 132.517560 97.662223 75.534216 62.046596 53.616143 36.574243 21.498721 11.669641 181.098702 147.892727 112.284228 93.427186 60.689110 96.268862
47.250000 187.934627 132.673316 97.783067 75.632765 62.131479 53.692444 36.633062 21.541837 11.702303 181.302860 148.063827 112.419743 93.543773 60.772614 96.388306
47.300000 188.145358 132.829064 97.903906 75.731310 62.216359 53.768743 36.691880 21.584953 11.734965 181.507007 148.234918 112.555251 93.660355 60.856114 96.507744
47.350000 188.356078 132.984804 98.024739 75.829851 62.301236 53.845039 36.750695 21.628069 11.767627 181.711144 148.406001 112.690753 93.776931 60.939612 96.627178
47.400000 188.566786 133.140536 98.145566 75.928387 62.386109 53.921332 36.809510 21.671184 11.800290 181.915269 148.577074 112.826249 93.893502 61.023106 96.746605
47.450000 188.777484 133.296261 98.266388 76.026920 62.470980 53.997622 36.868323 21.714298 11.832952 182.119383 148.748139 112.961737 94.010068 61.106597 96.866027
47.500000 188.988170 133.451978 98.387205 76.125448 62.555847 54.073910 36.927134 21.757412 11.865615 182.323486 148.919196 113.097220 94.126629 61.190085 96.985444
47.550000 189.198844 133.607687 98.508016 76.223972 62.640711 54.150196 36.985943 21.800525 11.898278 182.527579 149.090243 113.232696 94.243184 61.273570 97.104855
47.600000 189.409507 133.763388 98.628821 76.322493 62.725571 54.226478 37.044752 21.843638 11.930941 182.731660 149.261282 113.368165 94.359734 61.357052 97.224261
47.650000 189.620159 133.919082 98.749621 76.421009 62.810429 54.302758 37.103558 21.886751 11.963604 182.935731 149.432312 113.503628 94.476279 61.440531 97.343662
47.700000 189.830800 134.074767 98.870416 76.519521 62.895283 54.379036 37.162363 21.929862 11.996267 183.139791 149.603333 113.639085 94.592818 61.524006 97.463057
47.750000 190.041430 134.230445 98.991205 76.618029 62.980134 54.455310 37.221167 21.972974 12.028931 183.343840 149.774346 113.774535 94.709353 61.607479 97.582446
47.800000 190.252048 134.386116 99.111988 76.716533 63.064982 54.531582 37.279969 22.016085 12.061594 183.547878 149.945349 113.909979 94.825882 61.690948 97.701830
47.850000 190.462655 134.541778 99.232766 76.815033 63.149827 54.607852 37.338770 22.059195 12.094258 183.751905 150.116344 114.045416 94.942406 61.774415 97.821209
47.900000 190.673251 134.697433 99.353539 76.913529 63.234669 54.684119 37.397569 22.102305 12.126922 183.955922 150.287331 114.180847 95.058924 61.857878 97.940583
47.950000 190.883835 134.853080 99.474306 77.012020 63.319507 54.760383 37.456366 22.145414 12.159586 184.159928 150.458309 114.316271 95.175438 61.941338 98.059951
48.000000 191.094409 135.008720 99.595067 77.110508 63.404342 54.836644 37.515162 22.188523 12.192250 184.363923 150.629278 114.451689 95.291946 62.024795 98.179313
48.050000 191.304971 135.164352 99.715823 77.208992 63.489174 54.912903 37.573957 22.231631 12.224914 184.567907 150.800238 114.587101 95.408449 62.108249 98.298671
48.100000 191.515522 135.319976 99.836574 77.307472 63.574003 54.989159 37.632750 22.274738 12.257579 184.771881 150.971190 114.722506 95.524947 62.191700 98.418023
48.150000 191.726062 135.475593 99.957319 77.405947 63.658829 55.065413 37.691541 22.317846 12.290243 184.975844 151.142133 114.857905 95.641440 62.275147 98.537369
48.200000 191.936591 135.631201 100.078059 77.504419 63.743651 55.141664 37.750331 22.360952 12.322908 185.179796 151.313068 114.993298 95.757928 62.358592 98.656710
48.250000 192.147109 135.786803 100.198794 77.602886 63.828471 55.217912 37.809119 22.404058 12.355573 185.383737 151.483994 115.128684 95.874410 62.442034 98.776046
48.300000 192.357616 135.942396 100.319522 77.701350 63.913287 55.294158 37.867906 22.447164 12.388238 185.587668 151.654911 115.264064 95.990887 62.525472 98.895377
48.350000 192.568111 136.097982 100.440246 77.799809 63.998100 55.370401 37.926691 22.490269 12.420903 185.791588 151.825820 115.399438 96.107360 62.608908 99.014702
48.400000 192.778596 136.253561 100.560964 77.898265 64.082910 55.446642 37.985475 22.533373 12.453568 185.995498 151.996720 115.534805 96.223827 62.692340 99.134022
48.450000 192.989069 136.409132 100.681677 77.996717 64.167717 55.522880 38.044258 22.576477 12.486233 186.199397 152.167612 115.670166 96.340288 62.775769 99.253337
48.500000 193.199532 136.564695 100.802384 78.095164 64.252520 55.599115 38.103038 22.619581 12.518899 186.403285 152.338495 115.805520 96.456745 62.859195 99.372646
48.550000 193.409983 136.720251 100.923086 78.193608 64.337321 55.675348 38.161818 22.662684 12.551564 186.607163 152.509370 115.940868 96.573197 62.942619 99.491950
48.600000 193.620424 136.875799 101.043783 78.292047 64.422118 55.751578 38.220595 22.705786 12.584230 186.811030 152.680236 116.076210 96.689643 63.026039 99.611249
48.650000 193.830853 137.031339 101.164474 78.390483 64.506912 55.827805 38.279372 22.748888 12.616896 187.014886 152.851094 116.211546 96.806085 63.109456 99.730542
48.700000 194.041272 137.186872 101.285159 78.488914 64.591703 55.904030 38.338146 22.791989 12.649562 187.218732 153.021943 116.346875 96.922521 63.192870 99.849830
48.750000 194.251679 137.342398 101.405840 78.587342 64.676491 55.980253 38.396920 22.835090 12.682228 187.422568 153.192783 116.482198 97.038952 63.276281 99.969113
48.800000 194.462076 137.497916 101.526515 78.685765 64.761276 56.056472 38.455691 22.878190 12.714894 187.626392 153.363616 116.617515 97.155378 63.359689 100.088390
48.850000 194.672462 137.653426 101.647185 78.784185 64.846058 56.132689 38.514462 22.921290 12.747560 187.830207 153.534439 116.752826 97.271799 63.443094 100.207663
48.900000 194.882837 137.808929 101.767849 78.882601 64.930836 56.208904 38.573230 22.964389 12.780227 188.034011 153.705254 116.888130 97.388215 63.526496 100.326930
48.950000 195.093201 137.964425 101.888508 78.981012 65.015612 56.285116 38.631998 23.007488 12.812893 188.237804 153.876061 117.023428 97.504626 63.609895 100.446192
49.000000 195.303554 138.119913 102.009162 79.079420 65.100384 56.361325 38.690763 23.050586 12.845560 188.441587 154.046860 117.158720 97.621032 63.693291 100.565448
49.050000 195.513896 138.275393 102.129810 79.177824 65.185153 56.437532 38.749528 23.093683 12.878227 188.645360 154.217649 117.294006 97.737432 63.776683 100.684699
49.100000 195.724227 138.430866 102.250453 79.276224 65.269919 56.513736 38.808290 23.136780 12.910894 188.849122 154.388431 117.429285 97.853828 63.860073 100.803946
49.150000 195.934548 138.586332 102.371091 79.374620 65.354682 56.589938 38.867051 23.179877 12.943560 189.052873 154.559204 117.564558 97.970219 63.943460 100.923186
49.200000 196.144857 138.741790 102.491723 79.473012 65.439442 56.666137 38.925811 23.222973 12.976227 189.256614 154.729969 117.699825 98.086604 64.026844 101.042422
49.250000 196.355156 138.897240 102.612351 79.571400 65.524199 56.742333 38.984569 23.266068 13.008895 189.460345 154.900725 117.835086 98.202985 64.110224 101.161652
49.300000 196.565444 139.052684 102.732972 79.669784 65.608953 56.818527 39.043326 23.309163 13.041562 189.664066 155.071473 117.970341 98.319360 64.193602 101.280878
49.350000 196.775722 139.208120 102.853589 79.768164 65.693703 56.894719 39.102081 23.352257 13.074229 189.867776 155.242213 118.105589 98.435731 64.276977 101.400098
49.400000 196.985988 139.363548 102.974200 79.866540 65.778451 56.970907 39.160835 23.395351 13.106897 190.071475 155.412944 118.240831 98.552096 64.360349 101.519312
49.450000 197.196244 139.518969 103.094806 79.964913 65.863195 57.047094 39.219587 23.438444 13.139564 190.275165 155.583667 118.376067 98.668457 64.443717 101.638522
49.500000 197.406489 139.674383 103.215407 80.063281 65.947937 57.123277 39.278338 23.481537 13.172232 190.478844 155.754382 118.511297 98.784812 64.527083 101.757726
49.550000 197.616724 139.829789 103.336002 80.161646 66.032675 57.199458 39.337087 23.524629 13.204899 190.682512 155.925088 118.646521 98.901162 64.610446 101.876926
49.600000 197.826947 139.985188 103.456593 80.260006 66.117410 57.275637 39.395835 23.567721 13.237567 190.886170 156.095786 118.781738 99.017508 64.693806 101.996120
