web/models/kne/9/Metzger_0.001535_0.370345_0.100000.dat
# %ECSV 0.9
# ---
# datatype:
# - {name: time, datatype: float64}
# - {name: sdss_u, datatype: float64}
# - {name: sdss_g, datatype: float64}
# - {name: sdss_r, datatype: float64}
# - {name: sdss_i, datatype: float64}
# - {name: sdss_z, datatype: float64}
# - {name: PS1_y, datatype: float64}
# - {name: ukirt_J, datatype: float64}
# - {name: ukirt_H, datatype: float64}
# - {name: ukirt_K, datatype: float64}
# - {name: johnson_U, datatype: float64}
# - {name: johnson_B, datatype: float64}
# - {name: johnson_V, datatype: float64}
# - {name: johnson_R, datatype: float64}
# - {name: johnson_I, datatype: float64}
# - {name: Clear, datatype: float64}
# meta: !!omap
# - comment: [vej = 0.3703448275862069, mej = 0.0015350971392881912, Ye = 0.1, redshift = 0.0]
# schema: astropy-2.0
time sdss_u sdss_g sdss_r sdss_i sdss_z PS1_y ukirt_J ukirt_H ukirt_K johnson_U johnson_B johnson_V johnson_R johnson_I Clear
[from data line 2066]
103.400000 nan nan 689.918647 560.135017 480.660922 430.791429 329.333784 238.437365 178.126844 nan nan nan 665.126448 472.642180 681.763968
103.450000 nan nan 690.242932 560.400400 480.890200 430.998035 329.494203 238.556299 178.218158 nan nan nan 665.439486 472.867814 682.084554
103.500000 nan nan 690.567210 560.665776 481.119474 431.204637 329.654619 238.675231 178.309471 nan nan nan 665.752516 473.093444 682.405132
103.550000 nan nan 690.891480 560.931147 481.348743 431.411234 329.815031 238.794161 178.400782 nan nan nan 666.065540 473.319068 682.725703
103.600000 nan nan 691.215743 561.196512 481.578007 431.617827 329.975440 238.913089 178.492091 nan nan nan 666.378556 473.544688 683.046267
103.650000 nan nan 691.539999 561.461871 481.807266 431.824415 330.135846 239.032014 178.583398 nan nan nan 666.691565 473.770302 683.366824
103.700000 nan nan 691.864248 561.727224 482.036520 432.030998 330.296248 239.150936 178.674704 nan nan nan 667.004567 473.995912 683.687374
103.750000 nan nan 692.188489 561.992572 482.265768 432.237578 330.456647 239.269857 178.766008 nan nan nan 667.317563 474.221517 684.007916
103.800000 nan nan 692.512723 562.257913 482.495012 432.444152 330.617042 239.388775 178.857310 nan nan nan 667.630551 474.447116 684.328451
103.850000 nan nan 692.836950 562.523249 482.724251 432.650723 330.777434 239.507690 178.948611 nan nan nan 667.943532 474.672711 684.648979
103.900000 nan nan 693.161169 562.788578 482.953485 432.857289 330.937823 239.626604 179.039910 nan nan nan 668.256507 474.898301 684.969500
103.950000 nan nan 693.485382 563.053902 483.182714 433.063850 331.098209 239.745514 179.131207 nan nan nan 668.569474 475.123886 685.290014
104.000000 nan nan 693.809587 563.319220 483.411938 433.270407 331.258591 239.864423 179.222502 nan nan nan 668.882434 475.349466 685.610521
104.050000 nan nan 694.133784 563.584533 483.641157 433.476960 331.418970 239.983329 179.313796 nan nan nan 669.195388 475.575042 685.931020
104.100000 nan nan 694.457975 563.849839 483.870370 433.683508 331.579345 240.102233 179.405088 nan nan nan 669.508334 475.800612 686.251512
104.150000 nan nan 694.782158 564.115139 484.099579 433.890051 331.739717 240.221135 179.496379 nan nan nan 669.821274 476.026178 686.571998
104.200000 nan nan 695.106334 564.380434 484.328783 434.096590 331.900086 240.340034 179.587668 nan nan nan 670.134206 476.251738 686.892475
104.250000 nan nan 695.430503 564.645723 484.557982 434.303125 332.060451 240.458930 179.678955 nan nan nan 670.447131 476.477294 687.212946
104.300000 nan nan 695.754664 564.911006 484.787176 434.509656 332.220813 240.577825 179.770240 nan nan nan 670.760050 476.702845 687.533410
104.350000 nan nan 696.078819 565.176283 485.016365 434.716181 332.381172 240.696717 179.861524 nan nan nan 671.072962 476.928391 687.853867
104.400000 nan nan 696.402966 565.441555 485.245549 434.922703 332.541527 240.815607 179.952806 nan nan nan 671.385866 477.153932 688.174316
104.450000 nan nan 696.727106 565.706820 485.474728 435.129220 332.701879 240.934494 180.044086 nan nan nan 671.698764 477.379468 688.494758
104.500000 nan nan 697.051238 565.972080 485.703903 435.335733 332.862228 241.053379 180.135364 nan nan nan 672.011655 477.605000 688.815194
104.550000 nan nan 697.375364 566.237334 485.933072 435.542241 333.022573 241.172262 180.226641 nan nan nan 672.324538 477.830526 689.135622
104.600000 nan nan 697.699482 566.502582 486.162236 435.748745 333.182916 241.291142 180.317916 nan nan nan 672.637415 478.056048 689.456043
104.650000 nan nan 698.023593 566.767824 486.391395 435.955244 333.343254 241.410020 180.409190 nan nan nan 672.950285 478.281564 689.776456
104.700000 nan nan 698.347697 567.033061 486.620550 436.161739 333.503590 241.528896 180.500462 nan nan nan 673.263148 478.507076 690.096863
104.750000 nan nan 698.671794 567.298292 486.849699 436.368230 333.663922 241.647769 180.591732 nan nan nan 673.576004 478.732583 690.417263
104.800000 nan nan 698.995884 567.563517 487.078844 436.574716 333.824251 241.766640 180.683000 nan nan nan 673.888854 478.958086 690.737655
104.850000 nan nan 699.319966 567.828736 487.307983 436.781198 333.984576 241.885509 180.774267 nan nan nan 674.201696 479.183583 691.058041
104.900000 nan nan 699.644041 568.093949 487.537118 436.987675 334.144898 242.004375 180.865532 nan nan nan 674.514531 479.409075 691.378419
104.950000 nan nan 699.968109 568.359157 487.766247 437.194148 334.305217 242.123239 180.956796 nan nan nan 674.827360 479.634563 691.698791
105.000000 nan nan 700.292170 568.624359 487.995372 437.400617 334.465533 242.242101 181.048057 nan nan nan 675.140181 479.860046 692.019155
105.050000 nan nan 700.616224 568.889555 488.224492 437.607081 334.625845 242.360960 181.139317 nan nan nan 675.452996 480.085524 692.339512
105.100000 nan nan 700.940270 569.154745 488.453607 437.813541 334.786154 242.479817 181.230576 nan nan nan 675.765804 480.310997 692.659862
105.150000 nan nan 701.264310 569.419929 488.682717 438.019996 334.946460 242.598672 181.321832 nan nan nan 676.078605 480.536465 692.980205
105.200000 nan nan 701.588342 569.685108 488.911822 438.226447 335.106762 242.717524 181.413087 nan nan nan 676.391399 480.761929 693.300541
105.250000 nan nan 701.912367 569.950281 489.140922 438.432894 335.267061 242.836374 181.504341 nan nan nan 676.704186 480.987387 693.620870
105.300000 nan nan 702.236385 570.215448 489.370017 438.639336 335.427357 242.955222 181.595592 nan nan nan 677.016966 481.212841 693.941192
105.350000 nan nan 702.560396 570.480610 489.599107 438.845774 335.587649 243.074067 181.686842 nan nan nan 677.329739 481.438290 694.261506
105.400000 nan nan 702.884400 570.745765 489.828193 439.052207 335.747939 243.192910 181.778091 nan nan nan 677.642506 481.663734 694.581814
105.450000 nan nan 703.208396 571.010915 490.057273 439.258636 335.908225 243.311751 181.869337 nan nan nan 677.955265 481.889173 694.902115
105.500000 nan nan 703.532386 571.276060 490.286349 439.465061 336.068507 243.430590 181.960582 nan nan nan 678.268018 482.114608 695.222409
105.550000 nan nan 703.856368 571.541198 490.515420 439.671482 336.228786 243.549426 182.051826 nan nan nan 678.580764 482.340038 695.542695
105.600000 nan nan 704.180343 571.806331 490.744485 439.877898 336.389062 243.668260 182.143067 nan nan nan 678.893503 482.565463 695.862975
105.650000 nan nan 704.504311 572.071458 490.973546 440.084309 336.549335 243.787091 182.234307 nan nan nan 679.206235 482.790883 696.183248
105.700000 nan nan 704.828272 572.336579 491.202602 440.290717 336.709605 243.905920 182.325545 nan nan nan 679.518961 483.016298 696.503513
105.750000 nan nan 705.152226 572.601695 491.431654 440.497120 336.869871 244.024747 182.416782 nan nan nan 679.831679 483.241709 696.823772
105.800000 nan nan 705.476173 572.866805 491.660700 440.703518 337.030134 244.143572 182.508017 nan nan nan 680.144391 483.467114 697.144023
105.850000 nan nan 705.800113 573.131909 491.889741 440.909912 337.190393 244.262394 182.599250 nan nan nan 680.457096 483.692515 697.464268
105.900000 nan nan 706.124045 573.397007 492.118778 441.116302 337.350650 244.381214 182.690482 nan nan nan 680.769794 483.917911 697.784505
105.950000 nan nan 706.447971 573.662100 492.347809 441.322688 337.510903 244.500031 182.781712 nan nan nan 681.082485 484.143303 698.104736
106.000000 nan nan 706.771889 573.927187 492.576836 441.529069 337.671153 244.618847 182.872940 nan nan nan 681.395170 484.368689 698.424959
106.050000 nan nan 707.095801 574.192268 492.805858 441.735446 337.831399 244.737660 182.964167 nan nan nan 681.707847 484.594071 698.745176
106.100000 nan nan 707.419705 574.457344 493.034875 441.941819 337.991643 244.856470 183.055392 nan nan nan 682.020518 484.819448 699.065386
106.150000 nan nan 707.743602 574.722413 493.263887 442.148187 338.151883 244.975279 183.146615 nan nan nan 682.333182 485.044820 699.385588
106.200000 nan nan 708.067493 574.987478 493.492895 442.354551 338.312119 245.094085 183.237837 nan nan nan 682.645839 485.270187 699.705784
106.250000 nan nan 708.391376 575.252536 493.721897 442.560910 338.472353 245.212889 183.329057 nan nan nan 682.958490 485.495550 700.025972
106.300000 nan nan 708.715252 575.517589 493.950895 442.767265 338.632583 245.331690 183.420275 nan nan nan 683.271133 485.720908 700.346154
106.350000 nan nan 709.039121 575.782636 494.179887 442.973616 338.792810 245.450489 183.511492 nan nan nan 683.583770 485.946261 700.666329
106.400000 nan nan 709.362983 576.047677 494.408875 443.179963 338.953034 245.569286 183.602707 nan nan nan 683.896400 486.171609 700.986497
106.450000 nan nan 709.686838 576.312713 494.637858 443.386305 339.113254 245.688081 183.693920 nan nan nan 684.209023 486.396953 701.306657
106.500000 nan nan 710.010686 576.577743 494.866837 443.592643 339.273471 245.806873 183.785132 nan nan nan 684.521640 486.622292 701.626811
106.550000 nan nan 710.334527 576.842768 495.095810 443.798977 339.433685 245.925663 183.876342 nan nan nan 684.834249 486.847626 701.946958
106.600000 nan nan 710.658360 577.107786 495.324779 444.005306 339.593896 246.044451 183.967550 nan nan nan 685.146852 487.072955 702.267098
106.650000 nan nan 710.982187 577.372799 495.553742 444.211631 339.754104 246.163237 184.058757 nan nan nan 685.459449 487.298280 702.587231
106.700000 nan nan 711.306007 577.637807 495.782701 444.417952 339.914308 246.282020 184.149962 nan nan nan 685.772038 487.523600 702.907357
106.750000 nan nan 711.629820 577.902808 496.011655 444.624268 340.074509 246.400801 184.241165 nan nan nan 686.084621 487.748915 703.227476
106.800000 nan nan 711.953626 578.167804 496.240604 444.830580 340.234707 246.519579 184.332367 nan nan nan 686.397196 487.974225 703.547588
106.850000 nan nan 712.277424 578.432795 496.469549 445.036888 340.394901 246.638355 184.423567 nan nan nan 686.709766 488.199531 703.867694
106.900000 nan nan 712.601216 578.697780 496.698488 445.243191 340.555092 246.757129 184.514766 nan nan nan 687.022328 488.424831 704.187792
106.950000 nan nan 712.925001 578.962759 496.927423 445.449490 340.715280 246.875901 184.605963 nan nan nan 687.334884 488.650128 704.507884
107.000000 nan nan 713.248779 579.227732 497.156353 445.655785 340.875465 246.994671 184.697158 nan nan nan 687.647432 488.875419 704.827968
107.050000 nan nan 713.572549 579.492700 497.385278 445.862076 341.035647 247.113438 184.788351 nan nan nan 687.959975 489.100706 705.148046
107.100000 nan nan 713.896313 579.757662 497.614198 446.068362 341.195825 247.232203 184.879543 nan nan nan 688.272510 489.325988 705.468117
107.150000 nan nan 714.220070 580.022619 497.843114 446.274644 341.356000 247.350965 184.970733 nan nan nan 688.585039 489.551265 705.788180
107.200000 nan nan 714.543820 580.287570 498.072025 446.480922 341.516172 247.469726 185.061922 nan nan nan 688.897561 489.776537 706.108237
107.250000 nan nan 714.867562 580.552515 498.300931 446.687195 341.676341 247.588484 185.153109 nan nan nan 689.210076 490.001805 706.428287
107.300000 nan nan 715.191298 580.817455 498.529832 446.893464 341.836506 247.707240 185.244294 nan nan nan 689.522585 490.227068 706.748330
107.350000 nan nan 715.515027 581.082389 498.758728 447.099729 341.996668 247.825993 185.335478 nan nan nan 689.835086 490.452326 707.068367
107.400000 nan nan 715.838749 581.347317 498.987620 447.305990 342.156827 247.944744 185.426660 nan nan nan 690.147581 490.677580 707.388396
107.450000 nan nan 716.162464 581.612240 499.216506 447.512246 342.316983 248.063493 185.517841 nan nan nan 690.460070 490.902829 707.708419
107.500000 nan nan 716.486172 581.877157 499.445388 447.718498 342.477136 248.182240 185.609019 nan nan nan 690.772552 491.128073 708.028434
107.550000 nan nan 716.809873 582.142069 499.674265 447.924746 342.637285 248.300985 185.700196 nan nan nan 691.085027 491.353313 708.348443
107.600000 nan nan 717.133567 582.406975 499.903138 448.130989 342.797431 248.419727 185.791372 nan nan nan 691.397495 491.578548 708.668445
107.650000 nan nan 717.457254 582.671875 500.132005 448.337229 342.957574 248.538467 185.882546 nan nan nan 691.709957 491.803778 708.988440
107.700000 nan nan 717.780935 582.936770 500.360868 448.543464 343.117714 248.657204 185.973718 nan nan nan 692.022412 492.029003 709.308428
107.750000 nan nan 718.104608 583.201659 500.589726 448.749694 343.277850 248.775940 186.064889 nan nan nan 692.334860 492.254224 709.628410
107.800000 nan nan 718.428274 583.466542 500.818579 448.955921 343.437984 248.894673 186.156058 nan nan nan 692.647301 492.479440 709.948384
107.850000 nan nan 718.751934 583.731421 501.047428 449.162143 343.598114 249.013404 186.247225 nan nan nan 692.959736 492.704651 710.268352
107.900000 nan nan 719.075586 583.996293 501.276272 449.368361 343.758241 249.132132 186.338391 nan nan nan 693.272165 492.929858 710.588313
107.950000 nan nan 719.399232 584.261160 501.505111 449.574575 343.918364 249.250859 186.429555 nan nan nan 693.584586 493.155060 710.908266
108.000000 nan nan 719.722870 584.526021 501.733945 449.780784 344.078485 249.369583 186.520717 nan nan nan 693.897001 493.380257 711.228214
108.050000 nan nan 720.046502 584.790877 501.962774 449.986990 344.238602 249.488305 186.611878 nan nan nan 694.209410 493.605450 711.548154
108.100000 nan nan 720.370127 585.055727 502.191599 450.193191 344.398716 249.607024 186.703037 nan nan nan 694.521811 493.830638 711.868087
108.150000 nan nan 720.693745 585.320571 502.420419 450.399387 344.558827 249.725742 186.794195 nan nan nan 694.834206 494.055821 712.188014
108.200000 nan nan 721.017356 585.585410 502.649234 450.605580 344.718935 249.844457 186.885351 nan nan nan 695.146594 494.281000 712.507934
108.250000 nan nan 721.340960 585.850244 502.878045 450.811768 344.879039 249.963169 186.976505 nan nan nan 695.458976 494.506174 712.827847
108.300000 nan nan 721.664557 586.115072 503.106850 451.017952 345.039141 250.081880 187.067658 nan nan nan 695.771351 494.731343 713.147753
108.350000 nan nan 721.988148 586.379894 503.335651 451.224132 345.199239 250.200588 187.158809 nan nan nan 696.083720 494.956508 713.467653
108.400000 nan nan 722.311731 586.644711 503.564448 451.430308 345.359334 250.319294 187.249958 nan nan nan 696.396081 495.181668 713.787545
108.450000 nan nan 722.635308 586.909522 503.793239 451.636479 345.519426 250.437998 187.341106 nan nan nan 696.708437 495.406823 714.107431
108.500000 nan nan 722.958878 587.174327 504.022026 451.842646 345.679514 250.556700 187.432252 nan nan nan 697.020785 495.631974 714.427310
108.550000 nan nan 723.282440 587.439128 504.250808 452.048809 345.839600 250.675399 187.523397 nan nan nan 697.333127 495.857120 714.747182
108.600000 nan nan 723.605996 587.703922 504.479585 452.254968 345.999682 250.794096 187.614539 nan nan nan 697.645462 496.082261 715.067048
108.650000 nan nan 723.929546 587.968711 504.708358 452.461122 346.159761 250.912791 187.705681 nan nan nan 697.957791 496.307398 715.386907
108.700000 nan nan 724.253088 588.233495 504.937126 452.667273 346.319837 251.031484 187.796821 nan nan nan 698.270113 496.532530 715.706759
108.750000 nan nan 724.576623 588.498273 505.165889 452.873419 346.479910 251.150174 187.887959 nan nan nan 698.582429 496.757658 716.026604
108.800000 nan nan 724.900152 588.763045 505.394647 453.079561 346.639979 251.268862 187.979095 nan nan nan 698.894738 496.982781 716.346442
108.850000 nan nan 725.223673 589.027812 505.623401 453.285698 346.800046 251.387548 188.070230 nan nan nan 699.207040 497.207899 716.666274
108.900000 nan nan 725.547188 589.292573 505.852150 453.491832 346.960109 251.506232 188.161363 nan nan nan 699.519336 497.433012 716.986098
108.950000 nan nan 725.870696 589.557329 506.080894 453.697961 347.120169 251.624914 188.252495 nan nan nan 699.831625 497.658121 717.305917
109.000000 nan nan 726.194197 589.822079 506.309634 453.904086 347.280226 251.743593 188.343625 nan nan nan 700.143907 497.883226 717.625728
