web/models/kne/9/Metzger_0.002357_0.354138_0.450000.dat
# %ECSV 0.9
# ---
# datatype:
# - {name: time, datatype: float64}
# - {name: sdss_u, datatype: float64}
# - {name: sdss_g, datatype: float64}
# - {name: sdss_r, datatype: float64}
# - {name: sdss_i, datatype: float64}
# - {name: sdss_z, datatype: float64}
# - {name: PS1_y, datatype: float64}
# - {name: ukirt_J, datatype: float64}
# - {name: ukirt_H, datatype: float64}
# - {name: ukirt_K, datatype: float64}
# - {name: johnson_U, datatype: float64}
# - {name: johnson_B, datatype: float64}
# - {name: johnson_V, datatype: float64}
# - {name: johnson_R, datatype: float64}
# - {name: johnson_I, datatype: float64}
# - {name: Clear, datatype: float64}
# meta: !!omap
# - comment: [vej = 0.35413793103448277, mej = 0.0023565232270507863, Ye = 0.45, redshift = 0.0]
# schema: astropy-2.0
time sdss_u sdss_g sdss_r sdss_i sdss_z PS1_y ukirt_J ukirt_H ukirt_K johnson_U johnson_B johnson_V johnson_R johnson_I Clear
[from data line 587]
29.450000 313.475148 225.932575 170.546708 135.307446 113.783408 100.306142 72.983346 48.673683 32.696527 302.977678 250.331334 193.796100 163.808038 111.614656 168.329894
29.500000 314.003205 226.323388 170.850383 135.555474 113.997327 100.498641 73.132209 48.783354 32.780104 303.489300 250.760446 194.136393 164.101088 111.825132 168.630074
29.550000 314.531205 226.714160 171.154028 135.803477 114.211226 100.691122 73.281061 48.893018 32.863677 304.000867 251.189512 194.476651 164.394108 112.035588 168.930225
29.600000 315.059147 227.104891 171.457643 136.051457 114.425105 100.883586 73.429900 49.002675 32.947245 304.512378 251.618532 194.816873 164.687098 112.246024 169.230345
29.650000 315.587032 227.495581 171.761226 136.299413 114.638964 101.076033 73.578728 49.112324 33.030809 305.023833 252.047507 195.157061 164.980060 112.456441 169.530435
29.700000 316.114859 227.886229 172.064779 136.547345 114.852804 101.268462 73.727543 49.221965 33.114370 305.535233 252.476435 195.497213 165.272992 112.666839 169.830494
29.750000 316.642628 228.276837 172.368301 136.795252 115.066623 101.460875 73.876346 49.331600 33.197925 306.046578 252.905319 195.837331 165.565894 112.877217 170.130524
29.800000 317.170341 228.667404 172.671793 137.043136 115.280423 101.653270 74.025138 49.441227 33.281477 306.557867 253.334157 196.177414 165.858768 113.087576 170.430524
29.850000 317.697997 229.057930 172.975255 137.290997 115.494202 101.845647 74.173917 49.550846 33.365024 307.069101 253.762950 196.517462 166.151612 113.297916 170.730493
29.900000 318.225595 229.448415 173.278686 137.538833 115.707963 102.038008 74.322684 49.660459 33.448567 307.580280 254.191697 196.857475 166.444427 113.508236 171.030433
29.950000 318.753137 229.838860 173.582087 137.786646 115.921703 102.230351 74.471439 49.770064 33.532106 308.091405 254.620400 197.197454 166.737213 113.718537 171.330342
30.000000 319.280622 230.229264 173.885458 138.034435 116.135424 102.422678 74.620182 49.879661 33.615641 308.602474 255.049057 197.537398 167.029971 113.928819 171.630222
30.050000 319.808051 230.619628 174.188799 138.282201 116.349126 102.614987 74.768914 49.989252 33.699171 309.113489 255.477670 197.877308 167.322699 114.139082 171.930073
30.100000 320.335423 231.009952 174.492109 138.529943 116.562808 102.807279 74.917633 50.098835 33.782697 309.624450 255.906238 198.217183 167.615399 114.349325 172.229893
30.150000 320.862739 231.400236 174.795390 138.777661 116.776470 102.999555 75.066341 50.208411 33.866219 310.135356 256.334761 198.557025 167.908070 114.559550 172.529684
30.200000 321.389999 231.790479 175.098641 139.025357 116.990113 103.191813 75.215037 50.317979 33.949737 310.646208 256.763239 198.896832 168.200712 114.769755 172.829446
30.250000 321.917203 232.180683 175.401862 139.273028 117.203737 103.384055 75.363721 50.427540 34.033250 311.157007 257.191674 199.236605 168.493326 114.979941 173.129178
30.300000 322.444351 232.570846 175.705053 139.520677 117.417341 103.576279 75.512393 50.537095 34.116759 311.667751 257.620063 199.576343 168.785911 115.190109 173.428881
30.350000 322.971443 232.960970 176.008214 139.768302 117.630926 103.768487 75.661053 50.646641 34.200264 312.178441 258.048409 199.916048 169.078467 115.400258 173.728554
30.400000 323.498480 233.351054 176.311346 140.015904 117.844491 103.960678 75.809702 50.756181 34.283765 312.689077 258.476710 200.255719 169.370995 115.610387 174.028198
30.450000 324.025461 233.741099 176.614448 140.263483 118.058038 104.152852 75.958339 50.865713 34.367262 313.199660 258.904967 200.595357 169.663495 115.820498 174.327813
30.500000 324.552387 234.131103 176.917520 140.511039 118.271565 104.345010 76.106964 50.975239 34.450754 313.710190 259.333181 200.934960 169.955967 116.030590 174.627399
30.550000 325.079258 234.521069 177.220564 140.758572 118.485073 104.537151 76.255578 51.084757 34.534243 314.220666 259.761350 201.274530 170.248410 116.240664 174.926956
30.600000 325.606073 234.910995 177.523577 141.006081 118.698562 104.729275 76.404180 51.194267 34.617727 314.731089 260.189476 201.614066 170.540825 116.450718 175.226484
30.650000 326.132834 235.300881 177.826562 141.253568 118.912032 104.921383 76.552770 51.303771 34.701207 315.241459 260.617558 201.953569 170.833212 116.660754 175.525983
30.700000 326.659540 235.690729 178.129517 141.501032 119.125483 105.113474 76.701349 51.413268 34.784682 315.751776 261.045597 202.293038 171.125571 116.870771 175.825453
30.750000 327.186191 236.080537 178.432443 141.748473 119.338915 105.305548 76.849916 51.522757 34.868154 316.262040 261.473592 202.632474 171.417902 117.080770 176.124894
30.800000 327.712787 236.470307 178.735340 141.995891 119.552327 105.497606 76.998471 51.632239 34.951621 316.772251 261.901543 202.971877 171.710205 117.290750 176.424306
30.850000 328.239329 236.860037 179.038207 142.243286 119.765721 105.689647 77.147015 51.741715 35.035085 317.282410 262.329452 203.311246 172.002480 117.500712 176.723690
30.900000 328.765817 237.249729 179.341046 142.490658 119.979097 105.881672 77.295547 51.851183 35.118544 317.792516 262.757317 203.650582 172.294727 117.710655 177.023045
30.950000 329.292250 237.639382 179.643856 142.738008 120.192453 106.073681 77.444068 51.960644 35.201999 318.302570 263.185139 203.989885 172.586947 117.920580 177.322372
31.000000 329.818630 238.028996 179.946637 142.985336 120.405790 106.265673 77.592578 52.070098 35.285449 318.812571 263.612918 204.329156 172.879139 118.130486 177.621670
31.050000 330.344955 238.418571 180.249389 143.232640 120.619109 106.457649 77.741076 52.179544 35.368896 319.322521 264.040654 204.668393 173.171303 118.340374 177.920940
31.100000 330.871226 238.808108 180.552112 143.479923 120.832409 106.649608 77.889562 52.288984 35.452339 319.832418 264.468348 205.007597 173.463440 118.550243 178.220181
31.150000 331.397444 239.197607 180.854807 143.727182 121.045691 106.841551 78.038037 52.398417 35.535777 320.342264 264.895999 205.346769 173.755549 118.760095 178.519394
31.200000 331.923608 239.587067 181.157473 143.974419 121.258953 107.033478 78.186501 52.507843 35.619211 320.852057 265.323607 205.685908 174.047631 118.969928 178.818579
31.250000 332.449719 239.976489 181.460110 144.221634 121.472197 107.225389 78.334954 52.617262 35.702642 321.361800 265.751172 206.025014 174.339685 119.179742 179.117736
31.300000 332.975776 240.365873 181.762719 144.468827 121.685423 107.417284 78.483395 52.726673 35.786068 321.871490 266.178696 206.364088 174.631712 119.389539 179.416864
31.350000 333.501780 240.755219 182.065300 144.715997 121.898630 107.609162 78.631824 52.836078 35.869490 322.381129 266.606177 206.703129 174.923712 119.599318 179.715965
31.400000 334.027731 241.144527 182.367852 144.963145 122.111818 107.801024 78.780243 52.945476 35.952908 322.890717 267.033615 207.042138 175.215684 119.809078 180.015037
31.450000 334.553628 241.533797 182.670376 145.210271 122.324989 107.992871 78.928650 53.054866 36.036321 323.400253 267.461012 207.381114 175.507629 120.018820 180.314082
31.500000 335.079473 241.923029 182.972871 145.457374 122.538140 108.184701 79.077045 53.164250 36.119731 323.909739 267.888366 207.720058 175.799548 120.228545 180.613098
31.550000 335.605265 242.312223 183.275338 145.704456 122.751274 108.376515 79.225430 53.273627 36.203137 324.419173 268.315679 208.058970 176.091439 120.438251 180.912087
31.600000 336.131005 242.701379 183.577778 145.951515 122.964389 108.568313 79.373803 53.382997 36.286538 324.928556 268.742950 208.397850 176.383303 120.647939 181.211048
31.650000 336.656691 243.090498 183.880189 146.198553 123.177485 108.760095 79.522166 53.492360 36.369936 325.437889 269.170178 208.736697 176.675140 120.857610 181.509981
31.700000 337.182326 243.479580 184.182572 146.445568 123.390564 108.951861 79.670516 53.601716 36.453329 325.947171 269.597366 209.075513 176.966951 121.067262 181.808887
31.750000 337.707908 243.868624 184.484927 146.692562 123.603624 109.143611 79.818856 53.711065 36.536718 326.456403 270.024511 209.414297 177.258734 121.276897 182.107765
31.800000 338.233438 244.257630 184.787254 146.939533 123.816666 109.335346 79.967185 53.820408 36.620103 326.965584 270.451615 209.753049 177.550491 121.486514 182.406615
31.850000 338.758915 244.646600 185.089553 147.186483 124.029690 109.527065 80.115502 53.929743 36.703484 327.474714 270.878678 210.091769 177.842221 121.696113 182.705438
31.900000 339.284341 245.035532 185.391824 147.433411 124.242695 109.718767 80.263809 54.039071 36.786861 327.983795 271.305700 210.430457 178.133925 121.905694 183.004234
31.950000 339.809715 245.424427 185.694068 147.680317 124.455683 109.910454 80.412104 54.148393 36.870235 328.492825 271.732680 210.769113 178.425602 122.115258 183.303002
32.000000 340.335037 245.813285 185.996284 147.927202 124.668653 110.102126 80.560389 54.257708 36.953603 329.001805 272.159619 211.107738 178.717252 122.324803 183.601743
32.050000 340.860307 246.202106 186.298473 148.174065 124.881604 110.293781 80.708662 54.367016 37.036968 329.510736 272.586517 211.446332 179.008876 122.534332 183.900457
32.100000 341.385526 246.590891 186.600633 148.420906 125.094538 110.485421 80.856924 54.476317 37.120329 330.019617 273.013374 211.784894 179.300473 122.743842 184.199143
32.150000 341.910693 246.979638 186.902767 148.667725 125.307453 110.677045 81.005175 54.585611 37.203686 330.528448 273.440190 212.123424 179.592044 122.953336 184.497803
32.200000 342.435809 247.368349 187.204873 148.914524 125.520351 110.868654 81.153416 54.694899 37.287039 331.037229 273.866965 212.461923 179.883589 123.162811 184.796435
32.250000 342.960874 247.757023 187.506951 149.161300 125.733231 111.060247 81.301645 54.804179 37.370388 331.545961 274.293700 212.800391 180.175107 123.372269 185.095040
32.300000 343.485888 248.145660 187.809002 149.408055 125.946093 111.251824 81.449863 54.913453 37.453732 332.054644 274.720393 213.138828 180.466600 123.581710 185.393619
32.350000 344.010851 248.534261 188.111026 149.654789 126.158938 111.443386 81.598071 55.022721 37.537073 332.563277 275.147047 213.477233 180.758066 123.791133 185.692170
32.400000 344.535762 248.922826 188.413023 149.901502 126.371764 111.634933 81.746267 55.131981 37.620410 333.071861 275.573660 213.815608 181.049506 124.000539 185.990695
32.450000 345.060623 249.311354 188.714992 150.148193 126.584573 111.826464 81.894453 55.241234 37.703743 333.580396 276.000232 214.153951 181.340919 124.209927 186.289192
32.500000 345.585434 249.699846 189.016935 150.394863 126.797364 112.017979 82.042628 55.350481 37.787071 334.088882 276.426765 214.492264 181.632307 124.419298 186.587663
32.550000 346.110194 250.088302 189.318850 150.641511 127.010137 112.209479 82.190792 55.459721 37.870396 334.597319 276.853257 214.830545 181.923669 124.628652 186.886108
32.600000 346.634903 250.476721 189.620738 150.888139 127.222893 112.400964 82.338945 55.568955 37.953717 335.105708 277.279709 215.168796 182.215005 124.837989 187.184525
32.650000 347.159562 250.865105 189.922600 151.134745 127.435631 112.592433 82.487087 55.678182 38.037033 335.614048 277.706121 215.507016 182.506316 125.047308 187.482916
32.700000 347.684171 251.253453 190.224434 151.381330 127.648352 112.783887 82.635219 55.787402 38.120346 336.122339 278.132493 215.845205 182.797600 125.256610 187.781281
32.750000 348.208729 251.641764 190.526242 151.627894 127.861055 112.975326 82.783339 55.896615 38.203655 336.630582 278.558825 216.183364 183.088859 125.465895 188.079619
32.800000 348.733238 252.030040 190.828023 151.874437 128.073741 113.166749 82.931449 56.005821 38.286960 337.138777 278.985117 216.521492 183.380092 125.675163 188.377930
32.850000 349.257696 252.418280 191.129777 152.120960 128.286409 113.358158 83.079549 56.115021 38.370260 337.646923 279.411370 216.859589 183.671299 125.884413 188.676216
32.900000 349.782105 252.806485 191.431504 152.367461 128.499060 113.549551 83.227637 56.224215 38.453557 338.155022 279.837583 217.197656 183.962481 126.093647 188.974475
32.950000 350.306464 253.194654 191.733205 152.613941 128.711693 113.740928 83.375715 56.333401 38.536850 338.663072 280.263756 217.535693 184.253637 126.302864 189.272707
33.000000 350.830774 253.582787 192.034879 152.860400 128.924310 113.932291 83.523782 56.442581 38.620139 339.171074 280.689890 217.873699 184.544768 126.512063 189.570914
33.050000 351.355034 253.970885 192.336527 153.106839 129.136908 114.123639 83.671839 56.551755 38.703424 339.679029 281.115985 218.211675 184.835873 126.721246 189.869094
33.100000 351.879244 254.358948 192.638148 153.353257 129.349490 114.314971 83.819885 56.660921 38.786705 340.186935 281.542040 218.549621 185.126953 126.930412 190.167248
33.150000 352.403406 254.746975 192.939743 153.599654 129.562054 114.506288 83.967920 56.770081 38.869982 340.694794 281.968057 218.887537 185.418008 127.139561 190.465376
33.200000 352.927518 255.134967 193.241311 153.846031 129.774601 114.697591 84.115945 56.879235 38.953255 341.202606 282.394034 219.225422 185.709037 127.348693 190.763478
33.250000 353.451580 255.522924 193.542853 154.092386 129.987131 114.888878 84.263959 56.988382 39.036524 341.710370 282.819971 219.563278 186.000042 127.557808 191.061555
33.300000 353.975594 255.910846 193.844369 154.338721 130.199643 115.080151 84.411963 57.097522 39.119789 342.218087 283.245870 219.901103 186.291021 127.766906 191.359605
33.350000 354.499559 256.298733 194.145859 154.585036 130.412139 115.271408 84.559956 57.206656 39.203050 342.725756 283.671731 220.238899 186.581974 127.975987 191.657629
33.400000 355.023476 256.686585 194.447323 154.831330 130.624617 115.462650 84.707939 57.315783 39.286308 343.233379 284.097552 220.576665 186.872903 128.185052 191.955628
33.450000 355.547343 257.074402 194.748760 155.077604 130.837079 115.653878 84.855911 57.424904 39.369561 343.740954 284.523334 220.914401 187.163807 128.394100 192.253601
33.500000 356.071162 257.462184 195.050171 155.323857 131.049523 115.845091 85.003872 57.534018 39.452811 344.248483 284.949078 221.252107 187.454686 128.603132 192.551548
33.550000 356.594932 257.849931 195.351557 155.570089 131.261951 116.036289 85.151823 57.643125 39.536056 344.755964 285.374784 221.589784 187.745540 128.812147 192.849469
33.600000 357.118654 258.237644 195.652916 155.816302 131.474361 116.227472 85.299764 57.752226 39.619298 345.263399 285.800450 221.927431 188.036368 129.021145 193.147365
33.650000 357.642328 258.625322 195.954250 156.062494 131.686754 116.418640 85.447694 57.861321 39.702536 345.770787 286.226079 222.265048 188.327173 129.230126 193.445236
33.700000 358.165953 259.012966 196.255558 156.308665 131.899131 116.609793 85.595614 57.970409 39.785769 346.278128 286.651669 222.602636 188.617952 129.439091 193.743081
33.750000 358.689531 259.400575 196.556840 156.554817 132.111491 116.800932 85.743523 58.079490 39.868999 346.785424 287.077221 222.940195 188.908707 129.648040 194.040900
33.800000 359.213060 259.788150 196.858096 156.800948 132.323834 116.992056 85.891423 58.188565 39.952225 347.292672 287.502734 223.277724 189.199436 129.856972 194.338694
33.850000 359.736542 260.175690 197.159326 157.047059 132.536160 117.183166 86.039311 58.297634 40.035448 347.799875 287.928210 223.615224 189.490142 130.065887 194.636463
33.900000 360.259975 260.563196 197.460531 157.293150 132.748469 117.374260 86.187190 58.406696 40.118666 348.307031 288.353647 223.952695 189.780822 130.274786 194.934206
33.950000 360.783361 260.950668 197.761710 157.539221 132.960762 117.565341 86.335058 58.515752 40.201880 348.814141 288.779047 224.290136 190.071479 130.483669 195.231925
34.000000 361.306699 261.338106 198.062864 157.785272 133.173038 117.756406 86.482915 58.624801 40.285091 349.321205 289.204408 224.627548 190.362110 130.692536 195.529618
