web/models/kne/9/Metzger_0.001535_0.208276_0.450000.dat
# %ECSV 0.9
# ---
# datatype:
# - {name: time, datatype: float64}
# - {name: sdss_u, datatype: float64}
# - {name: sdss_g, datatype: float64}
# - {name: sdss_r, datatype: float64}
# - {name: sdss_i, datatype: float64}
# - {name: sdss_z, datatype: float64}
# - {name: PS1_y, datatype: float64}
# - {name: ukirt_J, datatype: float64}
# - {name: ukirt_H, datatype: float64}
# - {name: ukirt_K, datatype: float64}
# - {name: johnson_U, datatype: float64}
# - {name: johnson_B, datatype: float64}
# - {name: johnson_V, datatype: float64}
# - {name: johnson_R, datatype: float64}
# - {name: johnson_I, datatype: float64}
# - {name: Clear, datatype: float64}
# meta: !!omap
# - comment: [vej = 0.2082758620689655, mej = 0.0015350971392881912, Ye = 0.45, redshift = 0.0]
# schema: astropy-2.0
time sdss_u sdss_g sdss_r sdss_i sdss_z PS1_y ukirt_J ukirt_H ukirt_K johnson_U johnson_B johnson_V johnson_R johnson_I Clear
[from data line 303]
15.250000 131.494495 91.588427 66.447338 50.523068 40.837967 34.795470 22.618092 11.911805 4.991757 126.701530 102.693980 76.987199 63.396924 39.864342 65.443603
15.300000 131.958144 91.930571 66.712339 50.738803 41.023506 34.962045 22.746036 12.005052 5.061902 127.150628 103.070031 77.284618 63.652517 40.046831 65.705510
15.350000 132.421671 92.272632 66.977279 50.954492 41.209007 35.128589 22.873961 12.098290 5.132046 127.599609 103.445988 77.581965 63.908053 40.229286 65.967357
15.400000 132.885076 92.614608 67.242159 51.170137 41.394473 35.295103 23.001868 12.191521 5.202190 128.048474 103.821849 77.879243 64.163531 40.411706 66.229145
15.450000 133.348362 92.956501 67.506979 51.385736 41.579904 35.461587 23.129757 12.284745 5.272333 128.497223 104.197618 78.176451 64.418952 40.594090 66.490874
15.500000 133.811527 93.298311 67.771739 51.601291 41.765298 35.628042 23.257628 12.377961 5.342476 128.945856 104.573292 78.473589 64.674317 40.776440 66.752544
15.550000 134.274574 93.640038 68.036441 51.816801 41.950658 35.794467 23.385481 12.471169 5.412617 129.394374 104.948875 78.770659 64.929625 40.958756 67.014155
15.600000 134.737502 93.981684 68.301083 52.032268 42.135982 35.960862 23.513316 12.564370 5.482759 129.842779 105.324365 79.067659 65.184877 41.141037 67.275709
15.650000 135.200313 94.323248 68.565666 52.247690 42.321271 36.127228 23.641133 12.657563 5.552899 130.291070 105.699763 79.364592 65.440073 41.323285 67.537205
15.700000 135.663007 94.664731 68.830192 52.463068 42.506526 36.293564 23.768932 12.750748 5.623039 130.739249 106.075071 79.661457 65.695213 41.505498 67.798644
15.750000 136.125584 95.006134 69.094659 52.678403 42.691745 36.459872 23.896714 12.843927 5.693178 131.187316 106.450288 79.958254 65.950299 41.687678 68.060026
15.800000 136.588046 95.347456 69.359069 52.893695 42.876931 36.626151 24.024478 12.937097 5.763317 131.635271 106.825415 80.254984 66.205329 41.869824 68.321351
15.850000 137.050393 95.688698 69.623422 53.108944 43.062082 36.792401 24.152225 13.030261 5.833455 132.083115 107.200452 80.551647 66.460306 42.051937 68.582619
15.900000 137.512626 96.029862 69.887717 53.324150 43.247200 36.958623 24.279954 13.123417 5.903592 132.530850 107.575400 80.848245 66.715227 42.234017 68.843832
15.950000 137.974744 96.370946 70.151956 53.539314 43.432283 37.124816 24.407666 13.216565 5.973728 132.978475 107.950260 81.144776 66.970095 42.416064 69.104988
16.000000 138.436750 96.711952 70.416139 53.754435 43.617333 37.290981 24.535361 13.309707 6.043864 133.425991 108.325032 81.441241 67.224909 42.598078 69.366090
16.050000 138.898643 97.052881 70.680265 53.969515 43.802349 37.457118 24.663038 13.402841 6.113999 133.873398 108.699716 81.737642 67.479670 42.780059 69.627136
16.100000 139.360425 97.393731 70.944336 54.184552 43.987332 37.623227 24.790699 13.495967 6.184133 134.320698 109.074313 82.033977 67.734378 42.962008 69.888127
16.150000 139.822095 97.734505 71.208352 54.399548 44.172282 37.789308 24.918343 13.589087 6.254267 134.767891 109.448823 82.330248 67.989033 43.143925 70.149064
16.200000 140.283655 98.075202 71.472312 54.614503 44.357199 37.955362 25.045969 13.682199 6.324400 135.214978 109.823248 82.626455 68.243636 43.325810 70.409946
16.250000 140.745105 98.415823 71.736217 54.829416 44.542083 38.121388 25.173579 13.775305 6.394532 135.661958 110.197587 82.922598 68.498186 43.507662 70.670775
16.300000 141.206445 98.756368 72.000068 55.044288 44.726934 38.287386 25.301172 13.868403 6.464663 136.108833 110.571840 83.218677 68.752684 43.689483 70.931550
16.350000 141.667677 99.096837 72.263865 55.259120 44.911753 38.453357 25.428749 13.961494 6.534794 136.555604 110.946009 83.514694 69.007131 43.871273 71.192271
16.400000 142.128801 99.437232 72.527608 55.473911 45.096540 38.619302 25.556309 14.054578 6.604923 137.002270 111.320093 83.810647 69.261526 44.053031 71.452940
16.450000 142.589817 99.777552 72.791297 55.688662 45.281295 38.785219 25.683852 14.147654 6.675052 137.448832 111.694094 84.106538 69.515870 44.234757 71.713555
16.500000 143.050725 100.117797 73.054932 55.903373 45.466018 38.951110 25.811380 14.240724 6.745180 137.895292 112.068011 84.402367 69.770164 44.416453 71.974118
16.550000 143.511528 100.457969 73.318515 56.118044 45.650709 39.116973 25.938890 14.333787 6.815308 138.341648 112.441846 84.698134 70.024406 44.598117 72.234629
16.600000 143.972224 100.798068 73.582045 56.332675 45.835368 39.282811 26.066385 14.426843 6.885434 138.787903 112.815598 84.993840 70.278599 44.779751 72.495087
16.650000 144.432816 101.138093 73.845522 56.547267 46.019996 39.448621 26.193863 14.519892 6.955560 139.234057 113.189268 85.289484 70.532741 44.961354 72.755494
16.700000 144.893302 101.478046 74.108947 56.761819 46.204592 39.614406 26.321326 14.612934 7.025685 139.680109 113.562856 85.585068 70.786833 45.142927 73.015849
16.750000 145.353685 101.817926 74.372319 56.976333 46.389158 39.780164 26.448772 14.705969 7.095809 140.126061 113.936363 85.880591 71.040876 45.324469 73.276154
16.800000 145.813963 102.157734 74.635641 57.190807 46.573692 39.945897 26.576203 14.798997 7.165932 140.571914 114.309789 86.176053 71.294870 45.505981 73.536407
16.850000 146.274139 102.497471 74.898910 57.405243 46.758196 40.111603 26.703617 14.892018 7.236055 141.017667 114.683135 86.471456 71.548815 45.687463 73.796610
16.900000 146.734212 102.837137 75.162128 57.619640 46.942669 40.277284 26.831016 14.985033 7.306176 141.463321 115.056401 86.766800 71.802711 45.868915 74.056762
16.950000 147.194183 103.176732 75.425296 57.833999 47.127111 40.442939 26.958399 15.078040 7.376297 141.908876 115.429588 87.062083 72.056558 46.050337 74.316864
17.000000 147.654052 103.516257 75.688413 58.048320 47.311523 40.608568 27.085766 15.171041 7.446417 142.354334 115.802695 87.357308 72.310357 46.231730 74.576916
17.050000 148.113820 103.855711 75.951479 58.262603 47.495905 40.774172 27.213118 15.264035 7.516536 142.799695 116.175724 87.652475 72.564108 46.413093 74.836918
17.100000 148.573488 104.195096 76.214495 58.476848 47.680257 40.939751 27.340454 15.357023 7.586654 143.244959 116.548674 87.947583 72.817811 46.594427 75.096871
17.150000 149.033056 104.534411 76.477461 58.691056 47.864579 41.105304 27.467775 15.450004 7.656771 143.690126 116.921546 88.242632 73.071466 46.775732 75.356775
17.200000 149.492524 104.873657 76.740377 58.905226 48.048870 41.270833 27.595080 15.542978 7.726887 144.135198 117.294341 88.537624 73.325074 46.957008 75.616630
17.250000 149.951894 105.212835 77.003244 59.119360 48.233133 41.436337 27.722370 15.635945 7.797002 144.580174 117.667059 88.832558 73.578635 47.138255 75.876436
17.300000 150.411165 105.551944 77.266062 59.333456 48.417366 41.601815 27.849645 15.728906 7.867117 145.025056 118.039700 89.127435 73.832150 47.319473 76.136193
17.350000 150.870338 105.890985 77.528830 59.547515 48.601569 41.767269 27.976905 15.821860 7.937230 145.469843 118.412264 89.422256 74.085617 47.500662 76.395903
17.400000 151.329413 106.229959 77.791550 59.761538 48.785743 41.932699 28.104150 15.914808 8.007343 145.914536 118.784753 89.717019 74.339038 47.681823 76.655564
17.450000 151.788391 106.568865 78.054222 59.975524 48.969888 42.098104 28.231379 16.007748 8.077455 146.359136 119.157166 90.011726 74.592413 47.862956 76.915178
17.500000 152.247273 106.907704 78.316845 60.189474 49.154004 42.263484 28.358594 16.100683 8.147565 146.803643 119.529504 90.306377 74.845742 48.044060 77.174744
17.550000 152.706059 107.246477 78.579420 60.403387 49.338091 42.428841 28.485793 16.193611 8.217675 147.248057 119.901766 90.600972 75.099025 48.225136 77.434263
17.600000 153.164749 107.585183 78.841947 60.617265 49.522150 42.594173 28.612978 16.286532 8.287784 147.692379 120.273955 90.895511 75.352262 48.406185 77.693735
17.650000 153.623345 107.923823 79.104427 60.831107 49.706180 42.759481 28.740148 16.379447 8.357892 148.136609 120.646069 91.189995 75.605454 48.587205 77.953160
17.700000 154.081845 108.262397 79.366859 61.044913 49.890181 42.924765 28.867303 16.472355 8.427999 148.580748 121.018109 91.484424 75.858601 48.768198 78.212538
17.750000 154.540251 108.600906 79.629244 61.258684 50.074154 43.090026 28.994444 16.565257 8.498105 149.024797 121.390076 91.778798 76.111703 48.949163 78.471870
17.800000 154.998564 108.939350 79.891582 61.472420 50.258099 43.255263 29.121570 16.658153 8.568210 149.468755 121.761970 92.073117 76.364761 49.130101 78.731156
17.850000 155.456783 109.277729 80.153874 61.686120 50.442016 43.420476 29.248681 16.751042 8.638314 149.912623 122.133791 92.367382 76.617774 49.311011 78.990396
17.900000 155.914909 109.616043 80.416119 61.899786 50.625905 43.585665 29.375778 16.843925 8.708417 150.356402 122.505539 92.661594 76.870742 49.491894 79.249590
17.950000 156.372943 109.954294 80.678318 62.113416 50.809766 43.750831 29.502861 16.936801 8.778519 150.800092 122.877216 92.955751 77.123667 49.672750 79.508738
18.000000 156.830885 110.292480 80.940470 62.327012 50.993600 43.915974 29.629929 17.029671 8.848620 151.243693 123.248821 93.249855 77.376548 49.853579 79.767841
18.050000 157.288736 110.630603 81.202577 62.540573 51.177406 44.081094 29.756983 17.122535 8.918720 151.687206 123.620354 93.543905 77.629385 50.034381 80.026899
18.100000 157.746495 110.968662 81.464639 62.754100 51.361184 44.246191 29.884023 17.215392 8.988819 152.130631 123.991816 93.837903 77.882178 50.215157 80.285912
18.150000 158.204163 111.306659 81.726654 62.967593 51.544935 44.411264 30.011048 17.308243 9.058916 152.573969 124.363208 94.131847 78.134928 50.395905 80.544881
18.200000 158.661742 111.644593 81.988625 63.181052 51.728659 44.576315 30.138059 17.401088 9.129013 153.017220 124.734529 94.425739 78.387635 50.576628 80.803804
18.250000 159.119230 111.982464 82.250551 63.394477 51.912356 44.741343 30.265056 17.493927 9.199109 153.460384 125.105780 94.719579 78.640300 50.757323 81.062684
18.300000 159.576629 112.320273 82.512431 63.607868 52.096026 44.906348 30.392039 17.586759 9.269204 153.903462 125.476962 95.013367 78.892921 50.937993 81.321519
18.350000 160.033939 112.658021 82.774267 63.821226 52.279669 45.071331 30.519009 17.679585 9.339298 154.346454 125.848074 95.307102 79.145500 51.118636 81.580311
18.400000 160.491161 112.995706 83.036059 64.034550 52.463285 45.236291 30.645964 17.772405 9.409390 154.789361 126.219116 95.600786 79.398037 51.299254 81.839058
18.450000 160.948294 113.333331 83.297807 64.247841 52.646875 45.401228 30.772905 17.865219 9.479482 155.232183 126.590090 95.894419 79.650531 51.479845 82.097763
18.500000 161.405339 113.670894 83.559510 64.461098 52.830438 45.566143 30.899833 17.958026 9.549572 155.674920 126.960996 96.188001 79.902984 51.660411 82.356423
18.550000 161.862297 114.008397 83.821170 64.674323 53.013975 45.731036 31.026746 18.050828 9.619662 156.117573 127.331833 96.481531 80.155395 51.840950 82.615041
18.600000 162.319168 114.345839 84.082786 64.887514 53.197486 45.895907 31.153646 18.143623 9.689750 156.560143 127.702603 96.775011 80.407764 52.021465 82.873616
18.650000 162.775952 114.683221 84.344358 65.100673 53.380970 46.060756 31.280533 18.236412 9.759837 157.002629 128.073304 97.068440 80.660092 52.201953 83.132148
18.700000 163.232650 115.020543 84.605888 65.313800 53.564428 46.225583 31.407406 18.329195 9.829923 157.445031 128.443939 97.361820 80.912378 52.382417 83.390637
18.750000 163.689263 115.357806 84.867374 65.526893 53.747860 46.390388 31.534265 18.421972 9.900008 157.887351 128.814506 97.655149 81.164624 52.562855 83.649084
18.800000 164.145789 115.695009 85.128817 65.739955 53.931267 46.555171 31.661110 18.514743 9.970092 158.329589 129.185007 97.948428 81.416829 52.743267 83.907489
18.850000 164.602231 116.032152 85.390218 65.952984 54.114647 46.719933 31.787943 18.607507 10.040175 158.771744 129.555442 98.241657 81.668993 52.923655 84.165851
18.900000 165.058588 116.369237 85.651576 66.165982 54.298002 46.884672 31.914762 18.700266 10.110256 159.213818 129.925810 98.534837 81.921116 53.104018 84.424172
18.950000 165.514860 116.706263 85.912892 66.378947 54.481332 47.049391 32.041567 18.793019 10.180337 159.655811 130.296112 98.827968 82.173199 53.284355 84.682451
19.000000 165.971049 117.043231 86.174165 66.591880 54.664636 47.214088 32.168359 18.885766 10.250416 160.097723 130.666349 99.121050 82.425242 53.464668 84.940689
19.050000 166.427154 117.380141 86.435397 66.804782 54.847914 47.378763 32.295138 18.978506 10.320494 160.539554 131.036521 99.414083 82.677245 53.644956 85.198885
19.100000 166.883175 117.716992 86.696586 67.017653 55.031168 47.543417 32.421904 19.071241 10.390571 160.981305 131.406627 99.707068 82.929208 53.825220 85.457040
19.150000 167.339114 118.053786 86.957734 67.230492 55.214396 47.708050 32.548656 19.163970 10.460647 161.422976 131.776669 100.000004 83.181131 54.005459 85.715154
19.200000 167.794970 118.390523 87.218841 67.443299 55.397599 47.872662 32.675395 19.256693 10.530722 161.864568 132.146647 100.292892 83.433015 54.185674 85.973227
19.250000 168.250744 118.727202 87.479906 67.656076 55.580778 48.037253 32.802122 19.349410 10.600795 162.306080 132.516560 100.585732 83.684859 54.365864 86.231260
19.300000 168.706436 119.063825 87.740931 67.868821 55.763931 48.201823 32.928835 19.442120 10.670867 162.747513 132.886410 100.878524 83.936665 54.546031 86.489252
19.350000 169.162047 119.400390 88.001914 68.081536 55.947060 48.366372 33.055535 19.534826 10.740939 163.188868 133.256195 101.171269 84.188431 54.726173 86.747203
19.400000 169.617576 119.736900 88.262856 68.294220 56.130164 48.530900 33.182222 19.627525 10.811008 163.630145 133.625918 101.463966 84.440158 54.906291 87.005115
19.450000 170.073025 120.073353 88.523758 68.506873 56.313243 48.695408 33.308897 19.720218 10.881077 164.071344 133.995577 101.756617 84.691847 55.086385 87.262986
19.500000 170.528393 120.409750 88.784619 68.719495 56.496299 48.859895 33.435558 19.812905 10.951145 164.512465 134.365174 102.049220 84.943497 55.266455 87.520818
19.550000 170.983681 120.746091 89.045440 68.932087 56.679329 49.024361 33.562207 19.905587 11.021211 164.953509 134.734708 102.341776 85.195108 55.446502 87.778610
19.600000 171.438889 121.082376 89.306221 69.144649 56.862336 49.188807 33.688843 19.998263 11.091276 165.394476 135.104179 102.634286 85.446681 55.626524 88.036363
19.650000 171.894018 121.418607 89.566962 69.357181 57.045318 49.353232 33.815466 20.090933 11.161340 165.835367 135.473589 102.926749 85.698217 55.806524 88.294076
19.700000 172.349068 121.754782 89.827663 69.569682 57.228276 49.517638 33.942077 20.183597 11.231402 166.276181 135.842936 103.219166 85.949714 55.986499 88.551750
19.750000 172.804038 122.090902 90.088325 69.782154 57.411210 49.682022 34.068675 20.276255 11.301464 166.716919 136.212223 103.511537 86.201173 56.166452 88.809384
19.800000 173.258930 122.426968 90.348946 69.994596 57.594121 49.846387 34.195260 20.368907 11.371524 167.157582 136.581447 103.803862 86.452595 56.346381 89.066980
19.850000 173.713744 122.762979 90.609529 70.207008 57.777007 50.010732 34.321833 20.461554 11.441582 167.598169 136.950611 104.096141 86.703979 56.526287 89.324538
19.900000 174.168481 123.098937 90.870072 70.419390 57.959870 50.175056 34.448393 20.554195 11.511640 168.038681 137.319714 104.388375 86.955326 56.706170 89.582056
19.950000 174.623139 123.434840 91.130577 70.631743 58.142709 50.339361 34.574941 20.646830 11.581696 168.479119 137.688756 104.680564 87.206636 56.886029 89.839536
20.000000 175.077720 123.770689 91.391042 70.844067 58.325524 50.503645 34.701476 20.739460 11.651751 168.919482 138.057738 104.972707 87.457908 57.065866 90.096978
20.050000 175.532225 124.106485 91.651469 71.056361 58.508316 50.667910 34.827999 20.832083 11.721805 169.359771 138.426660 105.264806 87.709144 57.245680 90.354382
