web/models/kne/9/mosfit_kn_0.014776_0.2650_10.0000.dat
# %ECSV 1.0
# ---
# datatype:
# - {name: time, datatype: float64}
# - {name: PS1_g, datatype: float64}
# - {name: PS1_i, datatype: float64}
# - {name: PS1_r, datatype: float64}
# - {name: PS1_w, datatype: float64}
# - {name: PS1_y, datatype: float64}
# - {name: PS1_z, datatype: float64}
# - {name: swift_uvot_B, datatype: float64}
# - {name: swift_uvot_U, datatype: float64}
# - {name: swift_uvot_uvm2, datatype: float64}
# - {name: swift_uvot_uvw1, datatype: float64}
# - {name: swift_uvot_uvw2, datatype: float64}
# - {name: swift_uvot_V, datatype: float64}
# - {name: johnson_B, datatype: float64}
# - {name: johnson_I, datatype: float64}
# - {name: johnson_R, datatype: float64}
# - {name: johnson_U, datatype: float64}
# - {name: johnson_V, datatype: float64}
# - {name: sdss_g, datatype: float64}
# - {name: sdss_i, datatype: float64}
# - {name: sdss_r, datatype: float64}
# - {name: sdss_u, datatype: float64}
# - {name: sdss_z, datatype: float64}
# - {name: ATLAS_c, datatype: float64}
# - {name: ATLAS_o, datatype: float64}
# - {name: ukirt_H, datatype: float64}
# - {name: ukirt_J, datatype: float64}
# - {name: ukirt_K, datatype: float64}
# - {name: Clear, datatype: float64}
# meta: !!omap
# - comment: [kappa = 10.0, type = rprocess, mass = 0.014775890654408853, velocity = 0.265, theta_obs = 0.0, tfloor = 1000.0]
# schema: astropy-2.0
time PS1_g PS1_i PS1_r PS1_w PS1_y PS1_z swift_uvot_B swift_uvot_U swift_uvot_uvm2 swift_uvot_uvw1 swift_uvot_uvw2 swift_uvot_V johnson_B johnson_I johnson_R johnson_U johnson_V sdss_g sdss_i sdss_r sdss_u sdss_z ATLAS_c ATLAS_o ukirt_H ukirt_J ukirt_K Clear
[from data line 320]
19.298597194388776 9.551010439969634 0.6691816267703565 4.144252404808206 2.17632859330422 -2.8540084217548944 -1.436332456907774 13.09091701653412 19.74986111442904 33.63845641845821 15.71544364650359 18.228460152983242 7.510527132840436 11.88697969956793 -0.8843316796515941 2.0857010870734056 18.7188599351773 6.555504797671683 10.363550541284088 0.7504375788833428 4.3727410643046305 20.250966644603867 -2.009760068929758 6.123328974550848 1.6709164499410534 -7.8029957996703905 -5.653506504180699 -9.163284480143561 -0.10956545045711863
19.35871743486974 9.559345243492885 0.6775164302936076 4.15258720833144 2.184663396827453 -2.845673618231661 -1.427997653384523 13.099251820057372 19.758195917952285 33.64679122198145 15.723778450026842 18.236794956506493 7.5188619363636695 11.895314503091182 -0.875996876128343 2.0940358905966567 18.727194738700533 6.563839601194917 10.371885344807321 0.758772382406594 4.381075867827882 20.25930144812711 -2.0014252654065245 6.131663778074081 1.6792512534643045 -7.794660996147157 -5.645171700657466 -9.154949676620328 -0.10123064693388528
19.4188376753507 9.567660347377238 0.6858315341779608 4.160902312215793 2.1929785007118063 -2.837358514347308 -1.4196825495001697 13.107566923941725 19.766511021836635 33.65510632586581 15.732093553911195 18.245110060390846 7.527177040248023 11.903629606975517 -0.8676817722439898 2.102350994480992 18.735509842584886 6.57215470507927 10.380200448691674 0.7670874862909471 4.389390971712235 20.26761655201146 -1.9931101615221714 6.139978881958434 1.6875663573486577 -7.786345892262804 -5.636856596773113 -9.146634572735975 -0.09291554304953209
19.478957915831664 9.575956057820196 0.694127244620919 4.169198022658751 2.2012742111547823 -2.8290628039043497 -1.4113868390572115 13.115862634384683 19.774806732279593 33.66340203630877 15.740389264354153 18.253405770833805 7.535472750690981 11.911925317418493 -0.8593860618010316 2.110646704923968 18.743805553027844 6.580450415522228 10.388496159134633 0.7753831967339053 4.397686682155193 20.27591226245442 -1.9848144510792132 6.148274592401393 1.6958620677916159 -7.778050181819846 -5.628560886330154 -9.138338862293017 -0.08461983260657391
19.539078156312623 9.584232695060066 0.7024038818607892 4.177474659898621 2.2095508483946524 -2.8207861666644796 -1.4031102018173414 13.124139271624554 19.783083369519467 33.671678673548634 15.748665901594023 18.261682408073675 7.543749387930851 11.920201954658364 -0.8511094245611615 2.1189233421638383 18.752082190267714 6.588727052762098 10.396772796374503 0.7836598339737755 4.405963319395063 20.284188899694293 -1.976537813839343 6.1565512296412805 1.704138705031486 -7.769773544579976 -5.620284249090284 -9.130062225053146 -0.07634319536670375
19.599198396793586 9.592490507837343 0.7106616946380662 4.185732472675916 2.2178086611719294 -2.812528353887185 -1.3948523890400644 13.13239708440183 19.79134118229675 33.67993648632592 15.7569237143713 18.269940220850952 7.552007200708146 11.92845976743564 -0.8428516117838845 2.1271811549411153 18.76034000304501 6.596984865539393 10.405030609151797 0.7919176467510525 4.41422113217234 20.292446712471577 -1.968280001062066 6.1648090424185575 1.712396517808763 -7.761515731802681 -5.6120264363129895 -9.12180441227587 -0.06808538258942676
19.65931863727455 9.600729668097134 0.7189008548978393 4.193971632935689 2.2260478214317025 -2.8042891936274117 -1.3866132287802913 13.140636244661604 19.799580342556524 33.6881756465857 15.765162874631073 18.278179381110725 7.560246360967919 11.936698927695414 -0.8346124515241113 2.1354203152008884 18.768579163304782 6.605224025799166 10.41326976941157 0.8001568070108434 4.422460292432113 20.30068587273135 -1.9600408408022751 6.173048202678331 1.7206356780685539 -7.753276571542908 -5.603787276053216 -9.113565252016079 -0.05984622232963588
19.71943887775551 9.608950452621734 0.7271216394224389 4.202192417460289 2.234268605956302 -2.796068409102812 -1.3783924442556916 13.148857029186221 19.807801127081124 33.69639643111031 15.77338365915569 18.286400165635342 7.5684671454925185 11.944919712220013 -0.826391666999494 2.143641099725488 18.77679994782938 6.613444810323766 10.42149055393617 0.808377591535443 4.430681076956731 20.30890665725595 -1.9518200562776755 6.18126898720293 1.7288564625931535 -7.745055787018308 -5.595566491528617 -9.105344467491479 -0.051625437805036256
19.779559118236474 9.617153124875273 0.7353243116759955 4.210395089713845 2.242471278209859 -2.7878657368492554 -1.370189772002135 13.15705970143976 19.81600379933468 33.704599103363854 15.78158633140923 18.29460283788888 7.576669817746075 11.95312238447357 -0.8181889947459551 2.1518437719790446 18.78500262008294 6.621647482577322 10.429693226189727 0.8165802637889819 4.4388837492102695 20.317109329509506 -1.9436173840241189 6.189471659456487 1.7370591348466924 -7.7368531147647515 -5.58736381927506 -9.097141795237922 -0.043422765551479614
19.839679358717433 9.62533791601416 0.7435091028148832 4.218579880852715 2.2506560693487287 -2.7796809457103855 -1.3620049808632473 13.165244492578648 19.82418859047356 33.71278389450273 15.789771122548117 18.30278762902777 7.584854608884945 11.961307175612458 -0.8100042036070674 2.1600285631179323 18.79318741122181 6.629832273716192 10.437878017328597 0.8247650549278696 4.447068540349157 20.325294120648387 -1.935432592885249 6.197656450595357 1.74524392598558 -7.7286683236258815 -5.57917902813619 -9.088957004099052 -0.035237974412609674
19.899799599198396 9.633505097504074 0.7516762843047964 4.226747062342628 2.258823250838642 -2.7715137642204724 -1.3538377993733341 13.17341167406856 19.83235577196347 33.720951075992645 15.79793830403803 18.310954810517682 7.593021790374858 11.96947435710237 -0.8018370221171542 2.1681957446078455 18.80135459271172 6.6379994552061055 10.44604519881851 0.8329322364177827 4.45523572183907 20.333461302138296 -1.9272654113953358 6.20582363208527 1.7534111074754932 -7.720501142135968 -5.571011846646277 -9.08078982260914 -0.02707079292269654
19.95991983967936 9.641654872773646 0.7598260595743689 4.234896837612219 2.266973026108232 -2.763363988950882 -1.3456880241037616 13.181561449338133 19.840505547233054 33.729100851262224 15.806088079307603 18.319104585787255 7.6011715656444485 11.977624132371943 -0.7936872468475817 2.176345519877418 18.80950436798131 6.646149230475696 10.4541949740881 0.8410820116873552 4.463385497108643 20.34161107740788 -1.9191156361257633 6.21397340735486 1.7615608827450657 -7.712351366866378 -5.562862071376687 -9.072640047339567 -0.01892101765312404
20.02004008016032 9.649787462239292 0.7679586490400148 4.243029427077865 2.275105615573878 -2.755231399485254 -1.3375554346381158 13.189694038803779 19.8486381366987 33.73723344072787 15.814220668773249 18.3272371752529 7.609304155110077 11.985756721837589 -0.7855546573819359 2.184478109343064 18.81763695744694 6.654281819941342 10.462327563553746 0.8492146011530011 4.471518086574289 20.349743666873525 -1.9109830466601174 6.222105996820506 1.7696934722107116 -7.704218777400732 -5.554729481911041 -9.06450745787392 -0.01078842818747816
20.080160320641284 9.657903043240879 0.7760742300416013 4.251145008079433 2.2832211965754645 -2.7471158184836675 -1.3294398536365293 13.197809619805366 19.85675371770028 33.745349021729446 15.822336249774835 18.335352756254487 7.617419736111663 11.993872302839176 -0.7774390763803494 2.1925936903446503 18.825752538448526 6.66239740094291 10.470443144555315 0.8573301821545876 4.479633667575875 20.357859247875105 -1.902867465658531 6.230221577822093 1.777809053212298 -7.6961031963991635 -5.546613900909472 -9.056391876872334 -0.002672847185891669
20.140280561122243 9.66600188513656 0.7841730719372819 4.259243849975132 2.291320038471145 -2.739016976587987 -1.3213410117408486 13.205908461701046 19.864852559595967 33.75344786362514 15.830435091670516 18.343451598150168 7.625518578007344 12.001971144734856 -0.7693402344846687 2.200692532240331 18.833851380344225 6.670496242838609 10.478541986451013 0.8654290240502682 4.487732509471556 20.365958089770793 -1.8947686237628503 6.238320419717773 1.7859078951079788 -7.688004354503465 -5.538515059013774 -9.048293034976654 0.005425994709788995
20.200400801603205 9.674084207942606 0.7922553947433286 4.267326172781178 2.299402361277192 -2.7309346537819223 -1.313258688934802 13.213990784507093 19.872934882402014 33.76153018643119 15.838517414476563 18.351533920956214 7.633600900813408 12.010053467540903 -0.761257911678622 2.2087748550463777 18.84193370315027 6.6785785656446555 10.48662430925706 0.8735113468563149 4.495814832277603 20.37404041257684 -1.8866863009567858 6.24640274252382 1.7939902179140255 -7.679922031697418 -5.530432736207727 -9.04021071217059 0.013508317515853463
20.260521042084168 9.68215023598983 0.8003214227905531 4.275392200828385 2.3074683893243986 -2.7228686257347157 -1.3051926608875775 13.222056812554317 19.88100091044923 33.769596214478405 15.846583442523787 18.35959994900344 7.641666928860615 12.018119495588127 -0.7531918836313976 2.216840883093602 18.849999731197478 6.686644593691862 10.494690337304267 0.8815773749035394 4.503880860324827 20.382106440624057 -1.8786202729095791 6.254468770571027 1.80205624596125 -7.671856003650212 -5.52236670816052 -9.032144684123383 0.02157434556306015
20.32064128256513 9.690200114794063 0.8083713015947858 4.283442079632618 2.315518268128649 -2.714818746930483 -1.2971427820833448 13.23010669135855 19.88905078925346 33.777646093282634 15.85463332132802 18.36764982780767 7.649716807664848 12.02616937439236 -0.7451420048271649 2.224890761897835 18.85804961000171 6.694694472496095 10.5027402161085 0.8896272537077721 4.51193073912906 20.390156319428286 -1.8705703941053464 6.262518649375259 1.8101061247654826 -7.663806124845979 -5.514316829356288 -9.02409480531915 0.02962422436729284
20.38076152304609 9.698234066423499 0.8164052532242039 4.291476031262054 2.323552219758067 -2.706784795301047 -1.2891088304539267 13.238140642987968 19.89708474088289 33.78568004491206 15.862667272957438 18.37568377943709 7.6577507592942835 12.034203326021778 -0.7371080531977467 2.232924713527253 18.866083561631147 6.702728424125531 10.510774167737935 0.897661205337208 4.519964690758478 20.398190271057715 -1.8625364424759105 6.270552601004695 1.8181400763949185 -7.655772173216543 -5.506282877726852 -9.016060853689714 0.037658175996728716
20.440881763527052 9.706252266018929 0.8244234528196515 4.299494230857501 2.3315704193535147 -2.6987665957056173 -1.281090630858479 13.246158842583416 19.905102940478336 33.79369824450751 15.870685472552886 18.383701979032537 7.665768958889713 12.042221525617226 -0.7290898536022992 2.2409429131227006 18.874101761226576 6.710746623720978 10.518792367333383 0.9056794049326378 4.527982890353925 20.406208470653155 -1.8545182428804807 6.278570800600143 1.8261582759903483 -7.6477539736210955 -5.498264678131404 -9.008042654094284 0.045676375592158536
20.501002004008015 9.71425493282073 0.8324261196214344 4.307496897659284 2.3395730861552977 -2.6907639289038165 -1.273087964056696 13.254161509385199 19.91310560728012 33.801700911309304 15.878688139354686 18.391704645834338 7.673771625691514 12.050224192419009 -0.7210871868005162 2.2489455799244835 18.882104428028377 6.718749290522761 10.526795034135166 0.9136820717344385 4.535985557155726 20.414211137454945 -1.84651557607868 6.286573467401926 1.834160942792149 -7.639751306819313 -5.490262011329621 -9.000039987292483 0.053679042393959264
20.561122244488978 9.722242266685281 0.8404134534859864 4.315484231523836 2.3475604200198497 -2.6827765950392646 -1.2651006301921441 13.262148843249769 19.92109294114468 33.80968824517385 15.886675473219238 18.39969197969889 7.681758959556066 12.05821152628356 -0.7130998529359465 2.2569329137890355 18.89009176189293 6.726736624387313 10.534782367999718 0.9216694055989905 4.543972891020278 20.422198471319497 -1.838528242214128 6.294560801266478 1.842148276656701 -7.631763972954761 -5.482274677465069 -8.992052653427931 0.061666376258511235
20.62124248496994 9.73021447455439 0.8483856613551133 4.323456439392963 2.3555326278889765 -2.6748043871701377 -1.2571284223230172 13.270121051118878 19.929065149013798 33.81766045304297 15.894647681088347 18.407664187568 7.689731167425193 12.066183734152688 -0.7051276450668373 2.2649051216581624 18.898063969762056 6.73470883225644 10.542754575868845 0.9296416134681174 4.551945098889387 20.430170679188624 -1.8305560343450011 6.302533009135605 1.8501204845258101 -7.623791765085634 -5.474302469595942 -8.984080445558805 0.06963858412763813
20.6813627254509 9.738171678428458 0.8563428652291805 4.33141364326703 2.3634898317630437 -2.6668471832960883 -1.24917121844895 13.278078254992945 19.937022352887865 33.82561765691704 15.902604884962415 18.415621391442066 7.697688371299242 12.074140938026755 -0.6971704411927702 2.2728623255322296 18.906021173636105 6.742666036130507 10.550711779742912 0.9375988173421668 4.559902302763454 20.43812788306269 -1.8225988304709517 6.310490213009672 1.8580776883998773 -7.6158345612115665 -5.466345265721875 -8.976123241684755 0.07759578800168754
20.741482965931862 9.746114075958232 0.8642852627589548 4.339356040796805 2.371432229292818 -2.658904785766314 -1.2412288209191757 13.28602065252272 19.944964750417633 33.833560054446814 15.910547282492189 18.42356378897184 7.705630768829017 12.08208333555653 -0.6892280436629958 2.280804723062004 18.91396357116588 6.750608433660282 10.558654177272686 0.9455412148719411 4.567844700293229 20.44607028059246 -1.8146564329411774 6.318432610539446 1.8660200859296516 -7.607892163681792 -5.458402868192101 -8.96818084415498 0.08553818553146186
20.801603206412825 9.754041817885906 0.8722130046866283 4.34728378272446 2.3793599712204916 -2.6509770438386404 -1.2333010789915022 13.293948394450393 19.952892492345306 33.84148779637447 15.918475024419863 18.431491530899514 7.71355851075669 12.090011077484203 -0.6813003017353223 2.2887324649896774 18.921891313093553 6.758536175587937 10.566581919200342 0.9534689567996146 4.575772442220902 20.453998022520132 -1.8067286910135039 6.326360352467102 1.8739478278573252 -7.5999644217541364 -5.450475126264445 -8.960253102227307 0.0934659274591354
20.861723446893787 9.761955098406947 0.8801262852076519 4.355197063245502 2.387273251741515 -2.643063763317599 -1.2253877984704786 13.301861674971416 19.960805772866337 33.84940107689552 15.926388304940904 18.439404811420555 7.7214717912777315 12.097924358005226 -0.673387021214281 2.296645745510701 18.929804593614595 6.766449456108979 10.574495199721383 0.961382237320656 4.583685722741944 20.461911303041163 -1.7988154104924625 6.334273632988143 1.8818611083783665 -7.592051141233095 -5.442561845743404 -8.952339821706266 0.10137920798017674
20.92184368737475 9.7698540984962 0.8880252852969228 4.363096063334755 2.3951722518307683 -2.635164763228346 -1.2174887983812077 13.309760675060687 19.968704772955597 33.85730007698477 15.934287305030157 18.44730381150981 7.729370791366985 12.105823358094497 -0.6654880211250278 2.304544745599972 18.937703593703848 6.774348456198232 10.582394199810636 0.9692812374099091 4.591584722831197 20.469810303130423 -1.7909164104032094 6.342172633077396 1.8897601084676197 -7.584152141143842 -5.434662845654151 -8.944440821617013 0.1092782080694299
