web/models/kne/9/mosfit_kn_0.006452_0.0927_10.0000.dat
# %ECSV 1.0
# ---
# datatype:
# - {name: time, datatype: float64}
# - {name: PS1_g, datatype: float64}
# - {name: PS1_i, datatype: float64}
# - {name: PS1_r, datatype: float64}
# - {name: PS1_w, datatype: float64}
# - {name: PS1_y, datatype: float64}
# - {name: PS1_z, datatype: float64}
# - {name: swift_uvot_B, datatype: float64}
# - {name: swift_uvot_U, datatype: float64}
# - {name: swift_uvot_uvm2, datatype: float64}
# - {name: swift_uvot_uvw1, datatype: float64}
# - {name: swift_uvot_uvw2, datatype: float64}
# - {name: swift_uvot_V, datatype: float64}
# - {name: johnson_B, datatype: float64}
# - {name: johnson_I, datatype: float64}
# - {name: johnson_R, datatype: float64}
# - {name: johnson_U, datatype: float64}
# - {name: johnson_V, datatype: float64}
# - {name: sdss_g, datatype: float64}
# - {name: sdss_i, datatype: float64}
# - {name: sdss_r, datatype: float64}
# - {name: sdss_u, datatype: float64}
# - {name: sdss_z, datatype: float64}
# - {name: ATLAS_c, datatype: float64}
# - {name: ATLAS_o, datatype: float64}
# - {name: ukirt_H, datatype: float64}
# - {name: ukirt_J, datatype: float64}
# - {name: ukirt_K, datatype: float64}
# - {name: Clear, datatype: float64}
# meta: !!omap
# - comment: [kappa = 10.0, type = rprocess, mass = 0.006451950121499907, velocity = 0.09266666666666673, theta_obs = 0.0, tfloor = 1000.0]
# schema: astropy-2.0
time PS1_g PS1_i PS1_r PS1_w PS1_y PS1_z swift_uvot_B swift_uvot_U swift_uvot_uvm2 swift_uvot_uvw1 swift_uvot_uvw2 swift_uvot_V johnson_B johnson_I johnson_R johnson_U johnson_V sdss_g sdss_i sdss_r sdss_u sdss_z ATLAS_c ATLAS_o ukirt_H ukirt_J ukirt_K Clear
[from data line 144]
8.71743486973948 3.255626907600604 -4.127704182966223 -1.2449747924026333 -2.6852017733040157 -6.999253519049766 -5.8577190930284395 6.193261856272202 11.530511140625386 23.864741679839764 9.293160416623731 11.503844933210893 1.4792445739164137 5.329642620609626 -5.461940325795079 -2.8277595451596165 10.723578440890059 0.8099964997119915 3.934665639558421 -4.060082668102805 -1.0792027684868266 12.087013965989808 -6.285633127419086 0.5080571306993242 -3.188558668260306 -10.890731804304375 -9.219872237047786 -11.904215788400128 -4.460990941592655
8.77755511022044 3.440650742179816 -4.006494246111689 -1.0984235085516225 -2.560733156964705 -6.905860733153073 -5.75262518464589 6.403921449654736 11.797039725145044 24.20011743413554 9.485506804837556 11.707647862844151 1.6528547281745063 5.526718819645154 -5.349951810099852 -2.7002713220422985 10.980943712703482 0.972527422288503 4.125429730493959 -3.93825599371997 -0.9300862952896338 12.351334398591405 -6.186335042686402 0.6644124675134933 -3.064130107483347 -10.842162511191765 -9.15096072957981 -11.870336009612641 -4.357686745250398
8.837675350701403 3.6267647883406973 -3.884494551407336 -0.950973966284252 -2.435512279929739 -6.811804440909448 -5.646806767159394 6.615795183175529 12.065086850210456 24.53704282560278 9.678776674477518 11.912577839623474 1.8275204753540983 5.724857652058045 -5.23722822088101 -2.5720875573910478 11.239751185404472 1.1359624946648619 4.317306836161361 -3.8156396801561243 -0.7800484967169474 12.617151710787695 -6.08637537378403 0.8216916933272955 -2.9389527652690894 -10.79316443197209 -9.08151889207385 -11.836106172030368 -4.253783465005956
8.897795591182364 3.8139207826086086 -3.761738737292273 -0.802665720647564 -2.309573044088946 -6.7171116194005265 -5.540293530973397 6.828828605054395 12.334585219713006 24.875439702659158 9.87292187651926 12.118582705379307 2.0031957704518595 5.924007482721759 -5.123801109550278 -2.4432441801837195 11.49993506628493 1.3002570528021653 4.510247215631722 -3.6922675814918193 -0.629129594468889 12.884398584126622 -5.9857830110733445 0.9798534880956034 -2.8130607836117427 -10.743753831688084 -9.011567925953246 -11.801538905010299 -4.14931034044022
8.957915831663327 4.002171166984159 -3.638191858540587 -0.6534569915167587 -2.182879170574701 -6.621754662819068 -5.43305468804947 7.0430808779129075 12.60560929775842 25.215406101503778 10.067998525270792 12.32572040830371 2.1799295413026405 6.124223395523419 -5.009638094163328 -2.3137054546509477 11.76156668599618 1.465455752378573 4.704304717044323 -3.568104660707334 -0.47728717820694655 13.153148340502785 -5.88452931616418 1.1389427804811447 -2.686418136019526 -10.693914973025985 -8.941086784782948 -11.766622237990914 -4.044237126093613
9.018036072144287 4.191412920203437 -3.5139248449102034 -0.5034315354360963 -2.055502663817901 -6.52579023909011 -5.325152829886388 7.258435775756035 12.878014636651685 25.556768330785943 10.26390208906486 12.533878953173328 2.357624074893063 6.325395863934752 -4.89480547446152 -2.1835460791232757 12.024505667995935 1.6314654632443772 4.899373272862793 -3.4432222280844726 -0.32460639677429626 13.423257135534481 -5.782674442797955 1.2988713862950974 -2.5590970291008475 -10.643681504876506 -8.870119627321243 -11.731382150423746 -3.9386252838944458
9.07815631262525 4.381651232853994 -3.3889349291475668 -0.3525857113762676 -1.9274401203903935 -6.429216363311294 -5.216585559823521 7.474899155950085 13.151809119094846 25.899541972861993 10.46064004615328 12.743064655827464 2.53628371328207 6.527530028249476 -4.779300850824316 -2.0527637536518144 12.288758982538546 1.7982890310420199 5.095458125999901 -3.3176175665548335 -0.17108360658065536 13.694732252289636 -5.6802167272676485 1.4596437960692121 -2.43109427577485 -10.593052688981002 -8.798665215411441 -11.695818189965086 -3.8324723643326486
9.138276553106213 4.572908748178541 -3.2632074446634896 -0.20090177678758536 -1.7986759912318462 -6.332021571706097 -5.10733997899786 7.692496564122412 13.42702519670766 26.243772953371785 10.658237855710482 12.95330287610701 2.7159292690241683 6.7306494872270015 -4.663110734011876 -1.9213437964089166 12.554357351608097 1.9659447449176983 5.292582466255613 -3.1912760086015624 -0.016700834767302553 13.967605344083545 -5.577144535576206 1.6212794354968807 -2.302394539086645 -10.542022224225159 -8.726714972368244 -11.65992562719733 -3.7257656498478298
9.198396793587174 4.765095800450894 -3.1368042336123736 -0.048452670058196645 -1.6692728805901424 -6.234255327114457 -4.997470699506668 7.911126849685005 13.703537123916085 26.58931135125204 10.856605290560744 13.164496304217522 2.896475583011397 6.93465909516506 -4.546292928792584 -1.7893510789880664 12.821178570776233 2.134351515608908 5.490653968963919 -3.064259730093024 0.13846772991646716 14.241751154188087 -5.473510361141116 1.7837016118861726 -2.1730605884565435 -10.490619508778261 -8.654307448960664 -11.623727160762039 -3.6185585064686343
9.258517034068136 4.958251561811302 -3.009699360436322 0.10479271809822777 -1.5392037083623222 -6.135897197683153 -4.88695488746421 8.130834207365403 13.981400589119009 26.93623191496953 11.055784979160936 13.376688360693013 3.077959055468191 7.139600004230356 -4.428823436196768 -1.6567590886423325 13.089275852848779 2.303542323251853 5.689712822117894 -2.9365427442010628 0.29445363344692055 14.517224396453088 -5.369293115982217 1.9469439111891518 -2.043065538580837 -10.438832969671006 -8.58142711506005 -11.587214004104299 -3.510828428257291
9.318637274549097 5.152311551336659 -2.8819375082746923 0.2587818084330529 -1.408513501524915 -6.036982997017777 -4.775832033346958 8.351545903240012 14.26052525972512 27.284428767478847 11.255712890440943 13.589809282987964 3.2603182722577158 7.345403830745397 -4.310744057088512 -1.5236146593050683 13.358561277322554 2.4734584857199264 5.8896926061951405 -2.808169989284295 0.45120336073624756 14.793934961644037 -5.264530889500296 2.11095122268933 -1.912454564414805 -10.386683989282462 -8.508101942896145 -11.5504026897797 -3.4026138453836197
9.37875751503006 5.347254450276857 -2.7535339504973955 0.4134968861547428 -1.2772172322166142 -5.937525123397744 -4.6641156832706265 8.573237897286273 14.540881571232749 27.63387128022323 11.456369542349432 13.803836459167652 3.4435325415055535 7.552047880109281 -4.19206918091228 -1.389933965852397 13.629005688336616 2.644079563945499 6.090571294792451 -2.6791568642500785 0.60869882284873 15.071853024488018 -5.159237113181323 2.2757053846612862 -1.7812427884592275 -10.334180219569598 -8.434341781967214 -11.51329919753868 -3.293927747704206
9.438877755511022 5.543106840794909 -2.6244713086785687 0.5689589228217784 -1.1452965613991672 -5.837509961851648 -4.55179055940647 8.795940184696523 14.822507430482528 27.984612062865516 11.65778467480953 14.018799546345232 3.627626385175737 7.759560056886659 -4.072782774360518 -1.2556992977676742 13.900645135974965 2.815427458640161 6.292376121143732 -2.549485976534367 0.7669612521421243 15.351015676230055 -5.0533978665809265 2.441229214615923 -1.6494120317363503 -10.281314061222202 -8.360136356274664 -11.47589778766706 -3.184754993834833
9.498997995991983 5.739768877071789 -2.4948183656600698 0.7250868211127681 -1.012821023450936 -5.736992553862343 -4.43891746222711 9.019540149473098 15.105262588384942 28.336483902884883 11.859858310669082 14.234590261696113 3.8125049829894015 7.9678348527009 -3.9529490673390653 -1.1209821587862236 14.173343553799612 2.9874124599462197 6.495004302228722 -2.419226460312398 0.9259081185646423 15.631283346711715 -4.947071384199937 2.607437391856493 -1.5170319233217455 -10.228118141543819 -8.28552847955885 -11.438223624115158 -3.075154582370949
9.559118236472946 5.937258747714758 -2.3645634551325756 0.8818947981267833 -0.8797780807985411 -5.635963846515324 -4.325486171238637 9.24405832412037 15.389173079506175 28.689524779883254 12.062611713707412 14.451229125077734 3.9981849280750543 8.176891407520031 -3.832557337015202 -0.9857706161945259 14.44712556196875 3.160049156866818 6.698474440217517 -2.288366656662948 1.0855537765095313 15.912681374751436 -4.840248512147571 2.7743455700109543 -1.3840900594537509 -10.174587520656145 -8.210511387842521 -11.400273006571593 -2.9651162172337564
9.619238476953907 6.135577393533627 -2.233706656034702 1.0393831537800224 -0.7461671873372033 -5.534424143696182 -4.2114968346541914 9.469495785866282 15.67424062672881 29.043742552067574 12.266048420613362 14.668717823359675 4.184666538470398 8.386730657664035 -3.7116078014050933 -0.8500649015993857 14.721992293670183 3.3333369130267014 6.9027873969867315 -2.156906702362118 1.245898431964001 16.19521099304153 -4.732929935333008 2.941954646055507 -1.250586012103021 -10.120722735671562 -8.13508554857705 -11.362046441520162 -2.8546397250847555
9.67935871743487 6.334628658845052 -2.102314233310576 1.1974738106053984 -0.6120552245985955 -5.432426512893933 -4.097008070059935 9.695744095034787 15.96033008544632 29.39897655988212 12.470072620565418 14.886952184351824 4.371858454490424 8.597251230468018 -3.590162318337554 -0.7139335574799623 14.997812718363306 3.507189536963689 7.107844193813104 -2.024913194099973 1.4068625979010818 16.478737744798284 -4.625171726693509 3.1101825014679285 -1.1165867199036938 -10.066555235951993 -8.05929221832036 -11.323568182355055 -2.743781727846546
9.739478957915832 6.534435029294983 -1.9703715702022073 1.3561844870317685 -0.4774266426217366 -5.3299595579595405 -3.982007063134887 9.92282863748694 16.247473494418312 29.755272002365526 12.67471005558285 15.105957416539933 4.559781331475292 8.80847688665527 -3.4682074053110687 -0.577361466429889 15.274617299608735 3.681625517771521 7.313667849456031 -1.8923715077102088 1.5684641776202213 16.763292947267416 -4.516962246064047 3.2790484735341607 -0.9820767393882868 -10.012078689542284 -7.983122801138139 -11.284833455906432 -2.632529345981709
9.799599198396793 6.734952595990471 -1.8379093059631657 1.5154793114340492 -0.34231199226351094 -5.22704796353386 -3.866520982552206 10.150699912942336 16.535609294953648 30.11255882860276 12.879918551425416 15.325686347141115 4.748393135949331 9.020361447193551 -3.3457717249554007 -0.44038019170675535 15.552346130151616 3.856604867685543 7.520213112663061 -1.7593124614294986 1.7306665831279489 17.04881513144885 -4.4083277205500515 3.448515136256596 -0.8470866828441892 -9.957307901192001 -7.906596590874651 -11.24585372635808 -2.5209085202316572
9.859719438877756 6.936139654507176 -1.704956573406342 1.67532420589378 -0.20674026807061097 -5.1237152233355765 -3.750575678906216 10.379310912496774 16.824679007067207 30.470770808279756 13.085658283104618 15.546094230014763 4.937653912785584 9.232861129560149 -3.2228825284263705 -0.30301963329614234 15.830942310624934 4.032089630276039 7.727437002371662 -1.6257653577078202 1.8934350429031177 17.335245899149037 -4.299293097955701 3.6185469607475973 -0.7116455953894452 -9.902256971662984 -7.829731951204549 -11.206639916360908 -2.408943837720674
9.919839679358716 7.138034429552995 -1.5714879976082052 1.8357496246285976 -0.0706849830085865 -5.0199413662795855 -3.6341488378489117 10.608704779013081 17.11473681798589 30.829980051810455 13.29197105399766 15.767223409669274 5.12759919572759 9.446016320292877 -3.0995163068438556 -0.16525350403452843 16.110457719977347 4.208112235416979 7.935378715850909 -1.4917047688614993 2.056800404893533 17.62263854463317 -4.189837728088435 3.7891767373167973 -0.5757270806964954 -9.846914527013018 -7.75251364026145 -11.167183377593071 -2.296613191237107
9.97995991983968 7.3405464575615476 -1.437565944531034 1.9966821544842794 0.06579105739486835 -4.915776399904299 -3.517295693993745 10.838779516782829 17.405655466761978 31.190035743627053 13.49876732977199 15.988976031218623 5.318142984819853 9.659732001140299 -2.9757312456389604 -0.02714579707858955 16.390769109651877 4.384591937227429 8.143945143505622 -1.3571933614884735 2.2206878889841697 17.910866516849087 -4.080014331309716 3.960327273682278 -0.4393939450872786 -9.791310192825884 -7.674980502499514 -11.127506958646032 -2.183969563015715
10.040080160320642 7.543646907553612 -1.3032107504228918 2.1580981478995476 0.202667844188813 -4.811236823489935 -3.400034351173886 11.069502648150358 17.697394556055457 31.550893781172835 13.706020576539135 16.211321412366196 5.509257486043057 9.873978098544868 -2.8515463854760545 0.11128288142857135 16.67183711727051 4.561502317535527 8.353106546240028 -1.222251598778037 2.385073315573205 18.199889387875352 -3.9698404553040767 4.131974065874733 -0.3026662251924428 -9.735453954372344 -7.597145471200831 -11.08761841972674 -2.071029890176579
10.100200400801603 7.656339972317401 -1.2254888408818765 2.2495819371559733 0.2816581256519868 -4.748678889407145 -3.331002924560007 11.196246548881888 17.85519064677681 31.743785950805975 13.820773178851358 16.33378968533101 5.615856665188185 9.992309231915698 -2.779002147303827 0.19103061942117283 16.82418946752505 4.66083433001945 8.468880073631855 -1.1442328887688902 2.4780705966523975 18.356296176951634 -3.9044305365820087 4.228658506898615 -0.22375401771117964 -9.697666267322623 -7.548176971832932 -11.057954947795812 -2.0042359181093694
10.160320641282565 7.675221000271382 -1.2066078129278957 2.2684629651099364 0.3005391536059676 -4.729797861453164 -3.312121896606026 11.215127576835869 17.87407167473079 31.762666978759956 13.839654206805339 16.35267071328499 5.634737693142166 10.011190259869679 -2.7601211193498463 0.20991164737515366 16.84307049547903 4.679715357973413 8.487761101585836 -1.1253518608149093 2.4969516246063783 18.375177204905615 -3.885549508628028 4.247539534852596 -0.2048729897571988 -9.67878523936866 -7.529295943878969 -11.039073919841831 -1.9853548901553886
10.220440881763526 7.694019985533789 -1.1878088276654886 2.2872619503723612 0.3193381388683747 -4.710998876190757 -3.293322911343619 11.233926562098276 17.892870659993196 31.781465964022363 13.858453192067746 16.371469698547397 5.653536678404573 10.029989245132086 -2.741322134087439 0.22871063263756075 16.861869480741454 4.698514343235838 8.506560086848243 -1.1065528755525023 2.5157506098687854 18.393976190168022 -3.8667505233656208 4.266338520115003 -0.18607400449479172 -9.659986254106235 -7.510496958616544 -11.020274934579424 -1.9665559048929815
10.280561122244489 7.712739460920766 -1.1690893522785295 2.3059814257593203 0.33805761425533376 -4.6922794008037805 -3.27460343595666 11.252646037485235 17.911590135380155 31.800185439409322 13.877172667454705 16.390189173934356 5.67225615379155 10.048708720519045 -2.72260265870048 0.2474301080245198 16.880588956128413 4.717233818622797 8.525279562235202 -1.0878334001655254 2.5344700852557445 18.41269566555498 -3.848031047978644 4.285057995501962 -0.16735452910783266 -9.641266778719276 -7.491777483229585 -11.001555459192447 -1.9478364295060047
10.34068136272545 7.731368660278388 -1.150460152920889 2.324610625116943 0.35668681361297416 -4.673650201446158 -3.2559742365990196 11.271275236842875 17.930219334737796 31.818814638766955 13.895801866812345 16.408818373291997 5.690885353149173 10.067337919876685 -2.7039734593428397 0.2660593073821602 16.899218155486036 4.73586301798042 8.543908761592824 -1.0692042008079028 2.553099284613385 18.43132486491262 -3.8294018486210213 4.303687194859602 -0.14872532975019226 -9.622637579361653 -7.4731482838719625 -10.982926259834825 -1.929207230148382
