web/models/kne/9/mosfit_kn_0.177477_0.2180_3.6500.dat
# %ECSV 1.0
# ---
# datatype:
# - {name: time, datatype: float64}
# - {name: PS1_g, datatype: float64}
# - {name: PS1_i, datatype: float64}
# - {name: PS1_r, datatype: float64}
# - {name: PS1_w, datatype: float64}
# - {name: PS1_y, datatype: float64}
# - {name: PS1_z, datatype: float64}
# - {name: swift_uvot_B, datatype: float64}
# - {name: swift_uvot_U, datatype: float64}
# - {name: swift_uvot_uvm2, datatype: float64}
# - {name: swift_uvot_uvw1, datatype: float64}
# - {name: swift_uvot_uvw2, datatype: float64}
# - {name: swift_uvot_V, datatype: float64}
# - {name: johnson_B, datatype: float64}
# - {name: johnson_I, datatype: float64}
# - {name: johnson_R, datatype: float64}
# - {name: johnson_U, datatype: float64}
# - {name: johnson_V, datatype: float64}
# - {name: sdss_g, datatype: float64}
# - {name: sdss_i, datatype: float64}
# - {name: sdss_r, datatype: float64}
# - {name: sdss_u, datatype: float64}
# - {name: sdss_z, datatype: float64}
# - {name: ATLAS_c, datatype: float64}
# - {name: ATLAS_o, datatype: float64}
# - {name: ukirt_H, datatype: float64}
# - {name: ukirt_J, datatype: float64}
# - {name: ukirt_K, datatype: float64}
# - {name: Clear, datatype: float64}
# meta: !!omap
# - comment: [kappa = 3.65, type = rprocess, mass = 0.1774768329891343, velocity = 0.21800000000000003, theta_obs = 0.0, tfloor = 1000.0]
# schema: astropy-2.0
time PS1_g PS1_i PS1_r PS1_w PS1_y PS1_z swift_uvot_B swift_uvot_U swift_uvot_uvm2 swift_uvot_uvw1 swift_uvot_uvw2 swift_uvot_V johnson_B johnson_I johnson_R johnson_U johnson_V sdss_g sdss_i sdss_r sdss_u sdss_z ATLAS_c ATLAS_o ukirt_H ukirt_J ukirt_K Clear
[from data line 430]
25.91182364729459 5.447928761667757 -3.4339000515315377 0.04117072650631215 -1.9267530849976744 -6.957090100056789 -5.539414135209668 8.987835338232227 15.646779436127147 29.535374740156325 11.612361968201714 14.125378474681366 3.407445454538542 7.783898021266037 -4.987413357953488 -2.0173805912284886 14.615778256875405 2.452423119369789 6.260468862982194 -3.3526440994185336 0.2696593860027541 16.147884966301973 -6.112841747231652 2.0202472962489537 -2.432165228360823 -11.906077477972284 -9.756588182482593 -13.266366158445456 -4.212647128759013
25.97194388777555 5.454656491607626 -3.4271723215916694 0.047898456446180404 -1.9200253550578061 -6.95036237011692 -5.532686405269782 8.994563068172113 15.653507166067016 29.542102470096193 11.619089698141583 14.132106204621234 3.4141731844784102 7.790625751205905 -4.980685628013602 -2.0106528612886203 14.622505986815273 2.4591508493096574 6.267196592922062 -3.3459163694786653 0.27638711594262233 16.15461269624184 -6.106114017291784 2.026975026188822 -2.425437498420955 -11.899349748032416 -9.749860452542725 -13.259638428505587 -4.205919398819145
26.03206412825651 5.461351978723048 -3.420476834476247 0.05459394356160274 -1.9133298679423838 -6.943666883001498 -5.525990918154378 9.001258555287517 15.660202653182438 29.548797957211608 11.625785185256987 14.138801691736639 3.4208686715938326 7.797321238321327 -4.973990140898198 -2.003957374173198 14.629201473930696 2.4658463364250798 6.273892080037484 -3.339220882363243 0.2830826030580269 16.161308183357264 -6.0994185301763615 2.0336705133042443 -2.4187420113055325 -11.892654260916993 -9.743164965427303 -13.252942941390165 -4.199223911703722
26.092184368737474 5.468016468668573 -3.4138123445307045 0.06125843350712756 -1.9066653779968412 -6.937002393055973 -5.519326428208835 9.00792304523306 15.66686714312798 29.55546244715715 11.63244967520253 14.145466181682181 3.4275331615393574 7.80398572826687 -4.967325650952655 -1.9972928842276552 14.63586596387622 2.4725108263706224 6.280556569983027 -3.332556392417718 0.2897470930035695 16.167972673302806 -6.092754040230837 2.040335003249787 -2.4120775213600076 -11.885989770971468 -9.736500475481778 -13.24627845144464 -4.192559421758197
26.152304609218437 5.474649803296199 -3.4071790099030785 0.0678917681347535 -1.9000320433692153 -6.930369058428347 -5.512693093581209 9.014556379860686 15.673500477755606 29.562095781784773 11.639083009830156 14.152099516309807 3.4341664961669833 7.810619062894496 -4.960692316325029 -1.9906595496000292 14.642499298503846 2.4791441609982483 6.287189904610653 -3.3259230577900922 0.29638042763119543 16.174606007930432 -6.086120705603211 2.046968337877413 -2.4054441867323817 -11.879356436343842 -9.729867140854152 -13.239645116817014 -4.1859260871305715
26.2124248496994 5.48125208098865 -3.4005767322106273 0.07449404582720476 -1.8934297656767818 -6.923766780735896 -5.506090815888758 9.021158657553137 15.68010275544804 29.568698059477217 11.645685287522607 14.158701794002258 3.4407687738594346 7.817221340586929 -4.954090038632578 -1.9840572719075957 14.649101576196298 2.485746438690682 6.293792182303086 -3.319320780097641 0.3029827053236467 16.181208285622866 -6.0795184279107595 2.0535706155698463 -2.3988419090399304 -11.872754158651391 -9.7232648631617 -13.233042839124563 -4.17932380943812
26.27254509018036 5.48782322470144 -3.394005588497855 0.08106518953999498 -1.8868586219639916 -6.917195637023106 -5.499519672175985 9.02772980126591 15.68667389916083 29.575269203190008 11.652256431235397 14.16527293771503 3.447339917572225 7.8237924842997195 -4.9475188949198055 -1.9774861281948055 14.655672719909088 2.492317582403472 6.3003633260158765 -3.3127496363848508 0.3095538490364369 16.187779429335656 -6.072947284197969 2.0601417592826365 -2.3922707653271402 -11.866183014938601 -9.71669371944891 -13.226471695411773 -4.17275266572533
26.33266533066132 5.494363330344125 -3.38746548285517 0.08760529518268001 -1.8803185163213065 -6.910655531380421 -5.4929795665333 9.034269906908595 15.693214004803515 29.581809308832693 11.658796536878082 14.171813043357716 3.45388002321491 7.8303325899424046 -4.94097878927712 -1.9709460225521205 14.662212825551773 2.498857688046157 6.3069034316585615 -3.3062095307421657 0.31609395467910417 16.19431953497834 -6.066407178555284 2.0666818649253216 -2.385730659684455 -11.859642909295916 -9.710153613806225 -13.219931589769088 -4.166212560082645
26.392785571142284 5.500871695441489 -3.380957117757788 0.09411366028004409 -1.8738101512239425 -6.904147166283057 -5.4864712014359185 9.040778272005976 15.69972236990088 29.588317673930057 11.665304901975446 14.178321408455098 3.460388388312274 7.836840955039786 -4.934470424179739 -1.9644376574547564 14.668721190649137 2.505366053143521 6.313411796755926 -3.2997011656448016 0.322602319776486 16.200827900075705 -6.05989881345792 2.0731902300226857 -2.379222294587091 -11.853134544198552 -9.703645248708861 -13.213423224671724 -4.159704194985281
26.452905811623246 5.507348522863893 -3.3744802903353843 0.10059048770246548 -1.867333323801521 -6.897670338860635 -5.479994374013515 9.04725509942838 15.7061991973233 29.59479450135247 11.67178172939785 14.184798235877501 3.4668652157346953 7.84331778246219 -4.927993596757335 -1.957960830032335 14.675198018071558 2.5118428805659425 6.319888624178347 -3.293224338222398 0.32907914719888964 16.207304727498126 -6.0534219860355165 2.079667057445107 -2.3727454671646875 -11.84665771677613 -9.69716842128644 -13.20694639724932 -4.153227367562877
26.51302605210421 5.513794750987575 -3.368034062211702 0.1070367158261476 -1.860887095677839 -6.891224110736953 -5.473548145889833 9.053701327552062 15.712645425446983 29.60124072947615 11.678227957521532 14.191244464001183 3.4733114438583597 7.849764010585872 -4.921547368633653 -1.951514601908653 14.68164424619524 2.5182891086896246 6.326334852302029 -3.286778110098716 0.33552537532257176 16.21375095562181 -6.046975757911834 2.086113285568789 -2.3662992390410054 -11.840211488652448 -9.690722193162758 -13.200500169125638 -4.146781139439195
26.573146292585168 5.52021022210349 -3.3616185910957874 0.11345218694206238 -1.8544716245619242 -6.884808639621056 -5.467132674773918 9.060116798667977 15.719060896562898 29.607656200592064 11.684643428637447 14.197659935117098 3.4797269149742744 7.856179481701787 -4.915131897517738 -1.945099130792738 14.688059717311155 2.5247045798055394 6.332750323417944 -3.280362638982801 0.34194084643848655 16.220166426737723 -6.04056028679592 2.092528756684704 -2.3598837679250906 -11.833796017536534 -9.684306722046843 -13.194084698009723 -4.14036566832328
26.63326653306613 5.5265951167442395 -3.3552336964550378 0.11983708158281203 -1.8480867299211745 -6.8784237449803065 -5.460747780133168 9.066501693308727 15.725445791203647 29.614041095232817 11.691028323278196 14.204044829757848 3.486111809615024 7.862564376342537 -4.908747002876988 -1.9387142361519885 14.694444611951887 2.531089474446289 6.3391352180586935 -3.2739777443420515 0.3483257410792362 16.226551321378473 -6.03417539215517 2.0989136513254536 -2.353498873284341 -11.827411122895784 -9.677921827406093 -13.187699803368973 -4.133980773682531
26.693386773547093 5.532949115412418 -3.3488796977868596 0.12619108025097248 -1.8417327312529963 -6.872069746312128 -5.45439378146499 9.072855691976905 15.731799789871825 29.620395093900992 11.697382321946375 14.210398828426026 3.4924658082832023 7.868918375010715 -4.90239300420881 -1.9323602374838103 14.700798610620065 2.5374434731144495 6.345489216726872 -3.2676237456738733 0.3546797397474144 16.23290532004665 -6.027821393486992 2.105267649993632 -2.3471448746161627 -11.821057124227623 -9.671567828737933 -13.181345804700795 -4.1276267750143525
26.753507014028056 5.539272656132095 -3.3425561570672 0.1325146209706496 -1.835409190533337 -6.865746205592451 -5.448070240745331 9.079179232696564 15.738123330591485 29.626718634620662 11.703705862666052 14.216722369145703 3.4987893490028794 7.875241915730374 -4.896069463489133 -1.926036696764151 14.707122151339743 2.5437670138341266 6.351812757446531 -3.261300204954196 0.3610032804670915 16.23922886076631 -6.021497852767315 2.111591190713291 -2.3408213338964856 -11.814733583507946 -9.665244288018256 -13.175022263981118 -4.121303234294675
26.81362725450902 5.545565093580418 -3.3362637196188594 0.13880705841897267 -1.8291167530850139 -6.859453768144128 -5.44177780329699 9.085471670144905 15.744415768039808 29.633011072068985 11.709998300114375 14.223014806594026 3.5050817864512025 7.881534353178715 -4.88977702604081 -1.9197442593158278 14.713414588788066 2.5500594512824497 6.358105194894854 -3.255007767505873 0.3672957179154146 16.245521298214634 -6.0152054153189916 2.1178836281616142 -2.3345288964481625 -11.808441146059623 -9.658951850569933 -13.168729826532795 -4.115010796846352
26.873747494989978 5.551826722272608 -3.330002090926669 0.14506868711116283 -1.822855124392806 -6.853192139451938 -5.4355161746048 9.091733298837095 15.750677396732016 29.639272700761186 11.716259928806565 14.229276435286216 3.5113434151433927 7.887795981870905 -4.88351539734862 -1.91348263062362 14.719676217480256 2.55632107997464 6.364366823587062 -3.248746138813683 0.37355734660760476 16.25178292690684 -6.008943786626801 2.124145256853822 -2.3282672677559724 -11.802179517367433 -9.652690221877743 -13.162468197840605 -4.108749168154162
26.93386773547094 5.558058272888502 -3.323770540310793 0.1513002377270567 -1.8166235737769298 -6.846960588836044 -5.429284623988924 9.097964849452971 15.756908947347892 29.64550425137707 11.722491479422459 14.23550798590211 3.5175749657592865 7.894027532486781 -4.877283846732726 -1.9072510800077438 14.72590776809615 2.5625526305905337 6.370598374202938 -3.242514588197789 0.3797888972234986 16.258014477522718 -6.0027122360109075 2.1303768074696983 -2.3220357171400785 -11.79594796675154 -9.646458671261849 -13.156236647224711 -4.102517617538268
26.993987975951903 5.564259668640119 -3.317569144559158 0.15750163347869162 -1.810422178025295 -6.840759193084409 -5.423083228237289 9.104166245204606 15.763110343099527 29.651705647128697 11.728692875174076 14.241709381653727 3.5237763615109214 7.900228928238416 -4.871082450981109 -1.9010496842561089 14.732109163847785 2.5687540263421687 6.376799769954573 -3.236313192446172 0.3859902929751158 16.264215873274352 -5.996510840259273 2.136578203221333 -2.3158343213884613 -11.789746570999904 -9.640257275510214 -13.150035251473076 -4.096316221786633
27.054108216432866 5.570431238844602 -3.311397574354693 0.16367320368315674 -1.8042506078208298 -6.834587622879944 -5.416911658032824 9.110337815409071 15.769281913303992 29.657877217333162 11.734864445378541 14.247880951858193 3.5299479317153866 7.906400498442881 -4.864910880776644 -1.8948781140516437 14.73828073405225 2.5749255965466338 6.382971340159038 -3.230141622241689 0.3921618631795809 16.270387443478818 -5.9903392700548075 2.1427497734257983 -2.309662751183996 -11.78357500079544 -9.634085705305749 -13.143863681268611 -4.090144651582168
27.11422845691383 5.576572887404314 -3.305255925794963 0.16981485224288662 -1.7981089592611 -6.828445974320214 -5.410770009473094 9.116479463968801 15.775423561863722 29.66401886589289 11.741006093938271 14.254022600417922 3.5360895802751164 7.912542147002611 -4.858769232216914 -1.8887364654919139 14.74442238261198 2.5810672451063637 6.389112988718768 -3.223999973681977 0.3983035117393108 16.276529092038547 -5.984197621495095 2.148891421985528 -2.3035211026242663 -11.77743335223571 -9.627944056746019 -13.137722032708899 -4.084003003022438
27.174348697394787 5.582684786503496 -3.2991440266957817 0.17592675134205038 -1.7919970601619362 -6.82233407522105 -5.404658110373912 9.122591363067983 15.781535460962886 29.670130764992063 11.747117993037453 14.260134499517104 3.54220147937428 7.918654046101793 -4.852657333117732 -1.8826245663927323 14.750534281711143 2.5871791442055274 6.395224887817932 -3.2178880745827954 0.4044154108384923 16.28264099113771 -5.978085722395914 2.155003321084692 -2.297409203525085 -11.771321453136546 -9.621832157646855 -13.131610133609717 -4.077891103923275
27.23446893787575 5.588766430473928 -3.293062382725349 0.18200839531248292 -1.7859154161914859 -6.816252431250618 -5.39857646640348 9.128673007038415 15.787617104933336 29.676212408962495 11.753199637007885 14.266216143487537 3.5482831233447127 7.924735690072225 -4.8465756891473 -1.8765429224222998 14.756615925681576 2.59326078817596 6.401306531788364 -3.211806430612363 0.41049705480892484 16.28872263510816 -5.972004078425481 2.1610849650551422 -2.2913275595546523 -11.765239809166113 -9.615750513676423 -13.125528489639285 -4.071809459952842
27.294589178356713 5.5948180245065515 -3.287010788692726 0.18805998934512402 -1.7798638221588625 -6.8102008372179945 -5.392524872370856 9.134724601071039 15.79366869896596 29.68226400299513 11.759251231040508 14.27226773752016 3.554334717377336 7.930787284104849 -4.840524095114676 -1.8704913283896765 14.762667519714217 2.599312382208601 6.4073581258210055 -3.2057548365797395 0.4165486488415482 16.294774229140785 -5.965952484392858 2.1671365590877656 -2.285275965522029 -11.759188215133472 -9.609698919643781 -13.119476895606661 -4.065757865920219
27.354709418837675 5.600840222222168 -3.2809885909771275 0.19408218706072233 -1.7738416244432642 -6.8041786395023784 -5.386502674655258 9.140746798786655 15.799690896681557 29.688286200710735 11.765273428756124 14.278289935235776 3.560356915092952 7.936809481820447 -4.83450189739906 -1.8644691306740782 14.768689717429815 2.6053345799241994 6.413380323536604 -3.1997326388641234 0.42257084655716426 16.300796426856383 -5.959930286677242 2.173158756803364 -2.279253767806413 -11.753166017417874 -9.603676721928183 -13.113454697891045 -4.059735668204603
27.414829659318634 5.606833248304586 -3.2749955648946916 0.20007521314314047 -1.7678485983608283 -6.79818561341996 -5.380509648572822 9.146739824869073 15.805683922763993 29.694279226793153 11.771266454838543 14.284282961318194 3.5663499411753703 7.942802507902883 -4.828508871316642 -1.8584761045916423 14.774682743512233 2.6113276060066175 6.41937334961904 -3.1937396127817053 0.4285638726395824 16.30678945293882 -5.953937260594824 2.1791517828858 -2.2732607417239947 -11.747172991335455 -9.597683695845765 -13.107461671808627 -4.0537426421221845
27.474949899799597 5.61279712396896 -3.2690316892303173 0.20603908880751476 -1.761884722696454 -6.792221737755586 -5.374545772908448 9.152703700533447 15.811647798428368 29.700243102457538 11.777230330502917 14.290246836982568 3.5723138168397446 7.948766383567257 -4.822544995652268 -1.852512228927268 14.780646619176608 2.617291481670992 6.425337225283414 -3.187775737117331 0.4345277483039567 16.312753328603193 -5.9479733849304495 2.185115658550174 -2.2672968660596204 -11.741209115671081 -9.59171982018139 -13.101497796144253 -4.04777876645781
27.53507014028056 5.618731958041181 -3.263096855158114 0.2119739228797357 -1.7559498886242508 -6.786286903683365 -5.368610938836245 9.15863853460565 15.81758263250057 29.706177936529738 11.78316516457512 14.296181671054772 3.5782486509119655 7.95470121763946 -4.816610161580065 -1.8465773948550648 14.786581453248829 2.6232263157432127 6.431272059355617 -3.18184090304511 0.4404625823761599 16.318688162675397 -5.9420385508582285 2.1910504926223773 -2.2613620319873995 -11.73527428159886 -9.58578498610917 -13.095562962072032 -4.041843932385589
27.595190380761522 5.624637932095471 -3.2571908811038064 0.21787989693404342 -1.7500439145699431 -6.780380929629057 -5.362704964781937 9.164544508659958 15.823488606554879 29.712083910584045 11.789071138629428 14.30208764510908 3.5841546249662555 7.960607191693768 -4.810704187525757 -1.840671420800757 14.792487427303136 2.6291322897975204 6.437178033409925 -3.17593492899082 0.4463685564304676 16.324594136729704 -5.936132576803939 2.196956466676685 -2.2554560579331095 -11.729368307544553 -9.579879012054862 -13.089656988017742 -4.035937958331299
