web/models/kne/9/mosfit_kn_0.177477_0.3277_3.6500.dat
# %ECSV 1.0
# ---
# datatype:
# - {name: time, datatype: float64}
# - {name: PS1_g, datatype: float64}
# - {name: PS1_i, datatype: float64}
# - {name: PS1_r, datatype: float64}
# - {name: PS1_w, datatype: float64}
# - {name: PS1_y, datatype: float64}
# - {name: PS1_z, datatype: float64}
# - {name: swift_uvot_B, datatype: float64}
# - {name: swift_uvot_U, datatype: float64}
# - {name: swift_uvot_uvm2, datatype: float64}
# - {name: swift_uvot_uvw1, datatype: float64}
# - {name: swift_uvot_uvw2, datatype: float64}
# - {name: swift_uvot_V, datatype: float64}
# - {name: johnson_B, datatype: float64}
# - {name: johnson_I, datatype: float64}
# - {name: johnson_R, datatype: float64}
# - {name: johnson_U, datatype: float64}
# - {name: johnson_V, datatype: float64}
# - {name: sdss_g, datatype: float64}
# - {name: sdss_i, datatype: float64}
# - {name: sdss_r, datatype: float64}
# - {name: sdss_u, datatype: float64}
# - {name: sdss_z, datatype: float64}
# - {name: ATLAS_c, datatype: float64}
# - {name: ATLAS_o, datatype: float64}
# - {name: ukirt_H, datatype: float64}
# - {name: ukirt_J, datatype: float64}
# - {name: ukirt_K, datatype: float64}
# - {name: Clear, datatype: float64}
# meta: !!omap
# - comment: [kappa = 3.65, type = rprocess, mass = 0.1774768329891343, velocity = 0.32766666666666666, theta_obs = 0.0, tfloor = 1000.0]
# schema: astropy-2.0
time PS1_g PS1_i PS1_r PS1_w PS1_y PS1_z swift_uvot_B swift_uvot_U swift_uvot_uvm2 swift_uvot_uvw1 swift_uvot_uvw2 swift_uvot_V johnson_B johnson_I johnson_R johnson_U johnson_V sdss_g sdss_i sdss_r sdss_u sdss_z ATLAS_c ATLAS_o ukirt_H ukirt_J ukirt_K Clear
[from data line 170]
10.280561122244489 -7.281946294897637 -12.274967569583257 -10.348995520385937 -11.006778021730792 -14.10419879653908 -13.395343043932932 -5.29761377507005 -2.0179949286177568 7.4328980689752 -1.7122527350921675 0.20876383425150324 -8.609701172948967 -5.7232334482397675 -13.273198311455989 -11.3048145751604 -2.5029314752134657 -8.935733648416695 -6.819881952066265 -12.232239102355997 -10.269209212215937 -1.3819659028797737 -13.631101433036807 -8.987690627337432 -11.506658226189366 -16.342732028348173 -15.425206204346704 -16.817676073386988 -12.033985931802444
10.34068136272545 -7.231240644779771 -12.244827429567184 -10.310568210968967 -10.974555634859602 -14.082996773895466 -13.370479348846445 -5.238813305813795 -1.941823768558599 7.5371670840577005 -1.655426228884202 0.2666810923189158 -8.563100899326194 -5.667551508126646 -13.245858679114637 -11.271018666512138 -2.4293847216638764 -8.891491770657607 -6.767302497417482 -12.20187331558293 -10.230144444087301 -1.306503966039596 -13.607688953074835 -8.945585260275273 -11.474544716241564 -16.33544236647429 -15.411555043023313 -16.814873674588494 -12.007781199036263
10.400801603206412 -7.180441711973327 -12.214595872588028 -10.272049470618843 -10.942254884980933 -14.061705360962353 -13.34552457393972 -5.179915912273493 -1.865547748858418 7.641475788522915 -1.5985529281867978 0.32467290340455834 -8.516402108550107 -5.611785107770547 -13.218429681127237 -11.23714540788787 -2.355735178623981 -8.847161735483995 -6.714629545325863 -12.171416226932852 -10.19098610585294 -1.2309357168880553 -13.584188934729262 -8.903395691570477 -11.442349807871626 -16.328071889793257 -15.397819363600806 -16.811994403012026 -11.981507088025722
10.460921843687375 -7.129524843295645 -12.18425654714185 -10.233419612597885 -10.90985849486053 -14.040311792998104 -13.32046448426377 -5.1208937034684885 -1.7891319697701744 7.745870501960128 -1.5416053755426513 0.3827671442389904 -8.469581836781323 -5.555907612355146 -13.190896092171418 -11.203176996003272 -2.2819490317611835 -8.802721552542232 -6.661837690809076 -12.14085139580618 -10.15171425838341 -1.1552265743688217 -13.560587735981766 -8.861100687871843 -11.410056329093994 -16.320613395717626 -15.383989426037719 -16.809032841156647 -11.955148727697829
10.521042084168336 -7.078506603186643 -12.153820940705664 -10.194692179668134 -10.877378372721758 -14.01882532899382 -13.295309251498288 -5.061765273792115 -1.7125993216381905 7.850321526227899 -1.4846012881161736 0.44094578736467627 -8.42265567075951 -5.49993683536027 -13.16326870289081 -11.169125834823525 -2.2080485481966083 -8.758186240989508 -6.608943965517646 -12.110190367285227 -10.11234260815776 -1.0793992869982105 -13.536895175117447 -8.818714633404507 -11.377676223720385 -16.313072650427532 -15.370072599299576 -16.80599361891923 -11.928716512295718
10.581162324649299 -7.027393171391871 -12.123293522850211 -10.155872339686152 -10.844819065429778 -13.997249673152723 -13.270062893354222 -5.002537508274517 -1.635958143479783 7.954818337456097 -1.4275469910034206 0.49920236741744306 -8.375629485937594 -5.4438793881094085 -13.135551744061075 -11.134996707887456 -2.1340418727344823 -8.71356149210971 -6.555954709653129 -12.079437631568322 -10.072876382945157 -1.0034621682726552 -13.513115153175637 -8.776242933891822 -11.345214091890927 -16.305452141529685 -15.356071932860846 -16.802878821483183 -11.902214457926519
10.64128256513026 -6.976160919989365 -12.092658614665215 -10.116941221307076 -10.812164023446584 -13.975572582026778 -13.244711757005216 -4.943183675739401 -1.5591749853973622 8.0594052520124 -1.3704162370818014 0.557563563969087 -8.328481265786333 -5.387709757493674 -13.107730617347528 -11.100772565244156 -2.0598965979619277 -8.668826235645886 -6.502845575580682 -12.0485774247026 -10.033296467295365 -0.9273820724535042 -13.489234589954311 -8.733665245463378 -11.312653481050017 -16.297744959925403 -15.341978084502284 -16.79968325284253 -11.875628329679078
10.701402805611222 -6.924845360882159 -12.061940499580555 -10.077927639848685 -10.779438543012567 -13.953813434496514 -13.219277232478461 -4.8837437459865205 -1.4822993255973136 8.164017767215391 -1.3132474234608966 0.6159902691799926 -8.281244330231019 -5.331466168183393 -13.079828067212766 -11.066479662811172 -1.985660788655832 -8.624012492541196 -6.449653102987014 -12.017634154862868 -9.993632036228348 -0.8512081269494232 -13.465274079410552 -8.691012307565682 -11.280019695253518 -16.289962813375954 -15.327806274601983 -16.79641613385852 -11.848980089243923
10.761523046092185 -6.873440579332755 -12.03113546249483 -10.0388270029703 -10.746638598502471 -13.931969450355641 -13.193756156140957 -4.824210968774284 -1.405322563155362 8.268667628600689 -1.2560336559910463 0.674489451965933 -8.233913237985046 -5.275142193749328 -13.051840673027534 -11.032113909650764 -1.9113261489481492 -8.579115089862073 -6.396371181323541 -11.986604084730601 -9.953878435294783 -0.7749318389640081 -13.441230618667017 -8.648279071090261 -11.247308778914284 -16.282104354563437 -15.313554506165694 -16.79307656984388 -11.822266328575175
10.821643286573146 -6.821921181408506 -12.000226613170462 -9.999619005114972 -10.713746390591421 -13.910027417685864 -13.168133806144429 -4.764556624698396 -1.3282087842792298 8.373402309913956 -1.1987468290103815 0.733089708854934 -8.186464310364727 -5.218710431035646 -13.023752702875548 -10.99765696242794 -1.8368578802494295 -8.534111370981526 -6.342973646374528 -11.955470233112955 -9.914015095228965 -0.6985176158584494 -13.417090101865625 -8.605443668799726 -11.214503026779603 -16.27416209097724 -15.299212677648466 -16.789658906924117 -11.795471735947682
10.881763527054108 -6.770324842081994 -11.969239692360993 -9.960334201370387 -10.680788720420296 -13.888007864166934 -13.142432849458636 -4.704823129451735 -1.2510105226394328 8.478153442873563 -1.1414276375166739 0.7917495362197404 -8.138932900264894 -5.162211418097801 -12.995588258880197 -10.963136629126879 -1.7623070082453407 -8.489035287661489 -6.289499265230454 -11.92425847294798 -9.874072956964746 -0.6220176183836656 -13.39287434310588 -8.562538692682597 -11.18162924708022 -16.266148388727842 -15.284796891380292 -16.78617286381042 -11.768619555062845
10.941883767535069 -6.718650065902221 -11.938173960120384 -9.920971555670093 -10.647764678304057 -13.865910356909605 -13.116652727483764 -4.645008721560685 -1.1737253902026799 8.582924644197757 -1.0840740261218857 0.850470966826077 -8.091317700339655 -5.105643490299844 -12.9673466979098 -10.928552040830787 -1.6876712639863745 -8.443885628814945 -6.235946478207257 -11.89296805782213 -9.834050968398458 -0.5454295170851786 -13.368582840589376 -8.519562905188529 -11.148686591594537 -16.258063267995603 -15.27030696558672 -16.782618596609492 -11.741709066838819
11.002004008016032 -6.66687164043223 -11.90701263307961 -9.88151089971522 -10.61465659146199 -13.843721759704728 -13.090778806150123 -4.585084889805727 -1.0963177399065314 8.68776298260197 -1.026658144252472 0.9092823556734655 -8.043595193966226 -5.048979450307275 -12.939012386209551 -10.893884984798376 -1.6129161072290832 -8.398639899193084 -6.182289309368603 -11.861582114344404 -9.793928698296703 -0.46871798195770253 -13.34420157374872 -8.476494596584718 -11.115657476694416 -16.24989926823781 -15.255732850749517 -16.7789904701787 -11.71472507136107
11.062124248496994 -6.615015836903595 -11.875773736623376 -9.841973586614241 -10.581483176290991 -13.821456488610817 -13.064826983712923 -4.52508119327491 -1.0188241332836687 8.79262111016693 -0.9692082079590487 0.9681548724986624 -7.995790065487907 -4.992247539437983 -12.910602213066007 -10.859154898156007 -1.5380770617134876 -8.353321805520613 -6.128554785951881 -11.830118759607124 -9.75372777111911 -0.391919327893433 -13.319745848551996 -8.433356499729143 -11.08256064220086 -16.241665141482798 -15.241085892930553 -16.775295394885777 -11.687683808393974
11.122244488977955 -6.563091303265605 -11.84446337888442 -9.802366754408798 -10.548250682785838 -13.79911952501553 -13.03880270487884 -4.46500731555406 -0.9412564233626062 8.897484044481804 -0.911733215495651 1.0270792650886276 -7.947910503100737 -4.935457014539132 -12.882121931368584 -10.824368316947474 -1.4631656747026445 -8.307939234380493 -6.074751791934663 -11.798584131139762 -9.713455414994705 -0.3150453547899623 -13.295220927387117 -8.390156128207593 -11.049402384722278 -16.23336408094532 -15.226370107563021 -16.771535974870627 -11.660590739025753
11.182364729458918 -6.511073651536865 -11.813065318969773 -9.762670891135539 -10.514942019643634 -13.77669815374956 -13.012691805777408 -4.404835678537263 -0.863580130633945 9.002397272744261 -0.8542062688627534 1.086082935244598 -7.899933754484263 -4.8785815761266385 -12.85355641267585 -10.789507629753594 -1.388148538438625 -8.262470429130635 -6.020855201517303 -11.76696190121893 -9.67309186247629 -0.23806188912933735 -13.270613242349576 -8.346872485028243 -11.016165696546167 -16.22498886218828 -15.211575765826844 -16.76770675219085 -11.633431168367672
11.242484969939879 -6.458987643881429 -11.781596556775433 -9.722906128156676 -10.481574816348633 -13.75420597489244 -12.986509283905132 -4.344594144320278 -0.7858297193048356 9.107316300835727 -0.7966538938090468 1.145138731715122 -7.85188309734376 -4.821647826529997 -12.824921584594435 -10.754591143320582 -1.3130591378821888 -8.216937732328871 -5.966890488766747 -11.735269155935004 -9.632657503787012 -0.1610031658784905 -13.245937228534395 -8.303526988046066 -10.98286823341521 -16.21654774173201 -15.19671357121819 -16.76381424382869 -11.606220381486345
11.302605210420841 -6.406838451953885 -11.750060840190013 -9.683076793313283 -10.448152855016755 -13.731646095459364 -12.960258510368714 -4.284288479534669 -0.7080121818971816 9.21223253210735 -0.7390813055445551 1.2042412466533894 -7.803763464670664 -4.76466127683571 -12.796220992209612 -10.719622836868396 -1.2379043019534497 -8.171345905027126 -5.912862959626395 -11.703509660336593 -9.592156721860352 -0.08387616185993707 -13.221196154176837 -8.260124144307106 -10.949513826632167 -16.208042796515972 -15.18178607610757 -16.7598601824924 -11.578961700598427
11.362725450901802 -6.354604580435481 -11.718443870513369 -9.643165699718175 -10.41466108730516 -13.709007329982406 -12.933927019790694 -4.223894371782687 -0.6300971065652836 9.317186088795562 -0.6814648036698041 1.2634146357906997 -7.755554805687777 -4.7075987511081365 -12.767441320266652 -10.684587212238938 -1.1626545692896006 -8.125675785089983 -5.858750467558735 -11.671669039352839 -9.55157210343133 -0.006650737718665312 -13.196378083581841 -8.216645454533182 -10.916087503689305 -16.199467691389305 -15.166784733711705 -16.755839793206967 -11.551642197895582
11.422845691382765 -6.302310802445117 -11.68676265028152 -9.603192983132836 -10.3811171315391 -13.686303276783285 -12.907529810938936 -4.163439700200274 -0.5521189909046951 9.422132539523226 -0.6238308811489008 1.322631738239736 -7.707280414189673 -4.650486849780901 -12.738598495507365 -10.649502558402759 -1.087343453493681 -8.07994971508293 -5.804578498279014 -11.639764381557729 -9.510924046252427 0.07063883765404455 -13.17149744756529 -8.173112334561754 -10.882606909755115 -16.190830667663146 -15.151720237869473 -16.751759572004477 -11.524277134014191
11.482965931863728 -6.2499647285507365 -11.65502256953772 -9.563164933195427 -10.347526479925637 -13.66353833808219 -12.881071693337276 -4.102932986381883 -0.4740882636289354 9.527058858901537 -0.5661873893768816 1.3818844304200408 -7.658947508992083 -4.593333702489456 -12.7096975945907 -10.614374619039861 -1.0119811147358182 -8.034174637208656 -5.7503548691868644 -11.60780110268039 -9.470218922285945 0.14798217802706404 -13.146558892204805 -8.12953138887032 -10.849077582383622 -16.18213455168076 -15.136596139387795 -16.74762182372152 -11.496871298631586
11.543086172344688 -6.1975447871421 -11.623209265103789 -9.523064293989254 -10.313874028443202 -13.640701270147222 -12.854540140240616 -4.042349834720663 -0.3959744161229748 9.63200525384623 -0.5085105884932157 1.4411969220164669 -7.610535961650158 -4.536116059051633 -12.680725240574386 -10.579187837692132 -0.9365379972259834 -7.988331319316548 -5.6960573563609 -11.575764763132828 -9.429439247632647 0.2254095204466111 -13.121550423512982 -8.085884052816308 -10.815484489600387 -16.173372963595348 -15.121403840600696 -16.743421733804592 -11.469411717493774
11.603206412825651 -6.1450779646638765 -11.591341233837511 -9.48291298298324 -10.280178937936402 -13.617806851628647 -12.827951461344007 -3.9817206255023683 -0.3178150690077961 9.736923349011 -0.45082931614649224 1.500539604856034 -7.562071146759231 -4.478862884215861 -12.651698752792655 -10.54396209116397 -0.8610506402274541 -7.942444078335471 -5.641713724253492 -11.543673953306417 -9.38860722857326 0.30288349618098565 -13.09648772454766 -8.04219363917408 -10.781846817732053 -16.164554825422993 -15.106154943640764 -16.73916631560695 -11.441914965752051
11.663326653306612 -6.092563307958088 -11.559418061863784 -9.442710375166499 -10.246440647243471 -13.594854883161744 -12.801305370153262 -3.9210442236707364 -0.2396086499332737 9.841815758000894 -0.39314214904704725 1.5599138328032294 -7.513552258093388 -4.421573095308741 -12.622617783724188 -10.508696859043553 -0.7855175587440332 -7.896512169800009 -5.587322975007343 -11.511528255033596 -9.347722232458189 0.38040562845143455 -13.071370547591208 -7.998459361363679 -10.748164057323919 -16.1556802454975 -15.090849420399373 -16.734855766008923 -11.414380605876016
11.723446893787575 -6.039984970946062 -11.527429248881855 -9.402443826790776 -10.212648091087484 -13.571837173570156 -12.774592725464267 -3.8603026948282624 -0.16133269267061912 9.946712192495962 -0.33543158609360146 1.6193374422853926 -7.464964526805898 -4.364229606027536 -12.593472563643743 -10.47338076058865 -0.7099169987364572 -7.8505214950290965 -5.532868779929885 -11.47931711184949 -9.306771447743643 0.4579981752780782 -13.046190148668124 -7.954667593095728 -10.714425206075902 -16.14674462960584 -15.075481037674228 -16.730486646233263 -11.386799148122417
11.783567134268537 -5.987364862034745 -11.495389850304925 -9.362131154182727 -10.178816831104811 -13.54876577254096 -12.747826815841297 -3.799520694948085 -0.0830177092726101 10.051573608298373 -0.2777209314524671 1.6787864524802 -7.416328573282176 -4.306855908797317 -12.564277194063688 -10.43802994389645 -0.6342785994674504 -7.804491807284319 -5.478373676203514 -11.44705565474652 -9.265772928068081 0.5356308216869543 -13.020959306264803 -7.910837258255228 -10.68064585568111 -16.137755282537146 -15.06005927185077 -16.72606471161856 -11.359184051128963
11.843687374749498 -5.934702538854086 -11.463299788970982 -9.32177213857221 -10.144946659815144 -13.52564074210088 -12.721007647279379 -3.7386976681287107 -0.004662855628047913 10.156401682002581 -0.22000932536922546 1.738261634274331 -7.367644068086297 -4.249451469969102 -12.535031640098648 -10.40264425108128 -0.5586015806803534 -7.758422815630277 -5.4238371925559115 -11.414743804109406 -9.224726452960663 0.613304369194978 -12.995678051874044 -7.866968007612485 -10.646825847520844 -16.128712456072 -15.044584291917944 -16.721590264313818 -11.331535178596965
