web/models/kne/9/mosfit_kn_0.330399_0.1397_3.6500.dat
# %ECSV 1.0
# ---
# datatype:
# - {name: time, datatype: float64}
# - {name: PS1_g, datatype: float64}
# - {name: PS1_i, datatype: float64}
# - {name: PS1_r, datatype: float64}
# - {name: PS1_w, datatype: float64}
# - {name: PS1_y, datatype: float64}
# - {name: PS1_z, datatype: float64}
# - {name: swift_uvot_B, datatype: float64}
# - {name: swift_uvot_U, datatype: float64}
# - {name: swift_uvot_uvm2, datatype: float64}
# - {name: swift_uvot_uvw1, datatype: float64}
# - {name: swift_uvot_uvw2, datatype: float64}
# - {name: swift_uvot_V, datatype: float64}
# - {name: johnson_B, datatype: float64}
# - {name: johnson_I, datatype: float64}
# - {name: johnson_R, datatype: float64}
# - {name: johnson_U, datatype: float64}
# - {name: johnson_V, datatype: float64}
# - {name: sdss_g, datatype: float64}
# - {name: sdss_i, datatype: float64}
# - {name: sdss_r, datatype: float64}
# - {name: sdss_u, datatype: float64}
# - {name: sdss_z, datatype: float64}
# - {name: ATLAS_c, datatype: float64}
# - {name: ATLAS_o, datatype: float64}
# - {name: ukirt_H, datatype: float64}
# - {name: ukirt_J, datatype: float64}
# - {name: ukirt_K, datatype: float64}
# - {name: Clear, datatype: float64}
# meta: !!omap
# - comment: [kappa = 3.65, type = rprocess, mass = 0.33039895931513485, velocity = 0.13966666666666672, theta_obs = 0.0, tfloor = 1000.0]
# schema: astropy-2.0
time PS1_g PS1_i PS1_r PS1_w PS1_y PS1_z swift_uvot_B swift_uvot_U swift_uvot_uvm2 swift_uvot_uvw1 swift_uvot_uvw2 swift_uvot_V johnson_B johnson_I johnson_R johnson_U johnson_V sdss_g sdss_i sdss_r sdss_u sdss_z ATLAS_c ATLAS_o ukirt_H ukirt_J ukirt_K Clear
[from data line 28]
1.7434869739478958 -13.052987377574734 -14.2178692127559 -13.829264743618808 -13.734889004004422 -14.443961336519031 -14.376111991009353 -12.482077383399812 -12.332550741023471 -9.22604958382204 -10.71510043438236 -8.952564388580345 -13.47218896368264 -12.54074496265995 -14.73530776735161 -14.149002263302172 -12.326928136176171 -13.519867539015047 -12.934266410359054 -14.217321571765513 -13.825940074995327 -11.493459561529011 -14.398589636514334 -13.382040641491901 -14.019942423873033 -14.318411927245334 -14.47893479499866 -14.056889238732102 -13.845436871996064
1.8036072144288577 -13.0533036328878 -14.24316063548881 -13.844747096785142 -13.751062803792173 -14.478937906644163 -14.407331391230347 -12.474017177027179 -12.304428323885208 -9.15002020237797 -10.669612754907156 -8.895340242371276 -13.479682639821668 -12.533822830478666 -14.763394307482304 -14.167339391537503 -12.30228023136154 -13.528277763400157 -12.932393580453905 -14.242352150997153 -13.841214927257486 -11.467425738648593 -14.430844469745168 -13.389407630647518 -14.040193684844073 -14.366602260230222 -14.52114250738571 -14.109044015462223 -13.86573199672009
1.8637274549098195 -13.053089725015639 -14.26728718144604 -13.859307448592286 -13.766375084010765 -14.512519772147154 -14.437243569590965 -12.46562761952551 -12.27649248235032 -9.075490163616532 -10.625123014178559 -8.83979520657601 -13.486443409124853 -12.52655535365195 -14.790250609638662 -14.18469555334821 -12.27772300823154 -13.535941220147246 -12.930045794582572 -14.266224082716032 -13.855569377040258 -11.441511633030164 -14.461770160759766 -13.396093854986812 -14.059422335901726 -14.413098471276731 -14.5617913867488 -14.15941546053327 -13.885093894788323
1.9238476953907815 -13.052412002406957 -14.29034349082892 -13.873029899895908 -13.780904441998416 -14.544811203061858 -14.465949179444948 -12.456966437627106 -12.248777328811595 -9.002430946161656 -10.581621063272895 -8.785873977918243 -13.492547367405987 -12.519000656689826 -14.815974030249183 -14.20115713152451 -12.253295194565734 -13.54293437707028 -12.927286935840687 -14.289031745621301 -13.869087558608744 -11.4157548469257 -14.491468214501442 -13.402171512170717 -14.077716357170047 -14.458017058425765 -14.60099238929846 -14.208123752469104 -13.903603166143661
1.9839679358717435 -13.051364639037626 -14.312437906505622 -13.886017758233464 -13.794748703340112 -14.575924784402812 -14.493559273022765 -12.448123873213117 -12.22136093654635 -8.930885738753854 -10.53915172498023 -8.733584884881246 -13.498094271813585 -12.511248782321566 -14.840674076664381 -14.216828152355287 -12.229077461785291 -13.549356881489024 -12.924209951798833 -14.310883366217713 -13.881872914909756 -11.390235685422141 -14.520049967510253 -13.407736763961022 -14.095180327316257 -14.501475520330194 -14.638860786675101 -14.2552878694255 -13.92135748429233
2.0440881763527052 -13.049947028602151 -14.33361222437414 -13.898296625760267 -13.807929527904577 -14.605917663796149 -14.520125141380582 -12.439085815463493 -12.194194462593941 -8.860717707245968 -10.49761621892431 -8.682783114416871 -13.503097017206198 -12.503286814393263 -14.864396923173377 -14.231738278483334 -12.205027408995914 -13.555222634864526 -12.920810533711737 -14.331820325073998 -13.893950916681685 -11.3649097613642 -14.547568204165877 -13.412799218627836 -14.11184669360848 -14.543551180841375 -14.675464766660935 -14.300991191781536 -13.93838333780046
2.1042084168336674 -13.048179190539138 -14.353918225275617 -13.909906221866724 -13.820482892758505 -14.634852953092707 -14.545705590813913 -12.429862283500086 -12.167261827544742 -8.7918438967564 -10.456957712723689 -8.633373247615296 -13.507585938924322 -12.495125548144962 -14.887197573304977 -14.245930144765008 -12.181133862038546 -13.560562638778675 -12.917105930874069 -14.351894096120716 -13.905361219935735 -11.339764471440255 -14.574082807253887 -13.417386269215896 -14.12776010475433 -14.584321905291516 -14.71087551519094 -14.345316011503558 -13.954719986658972
2.164328657314629 -13.04610158579326 -14.37341794713408 -13.920900491116015 -13.832459038140055 -14.66280014093293 -14.570367304462248 -12.420487114748024 -12.140579017746003 -8.724233429042933 -10.417159532298133 -8.585306411285089 -13.511608805156136 -12.486799172012976 -14.909140170456372 -14.259459489488393 -12.157416257301154 -13.565424983907304 -12.913134727056672 -14.371166514934526 -13.916157778017428 -11.314818367884083 -14.599661129049935 -13.421542976177552 -14.14297756144899 -14.623866676254767 -14.745167718450103 -14.38834415625333 -13.97041940956031
2.224448897795591 -13.043734074555893 -14.39215698885441 -13.931315261340327 -13.84389067316322 -14.689813991064788 -14.594161566831314 -12.41097208587717 -12.114136685717192 -8.657822749500145 -10.378178589164637 -8.538507701565376 -13.515193858082021 -12.478320069778754 -14.930272918427143 -14.272364480924821 -12.133869224785283 -13.569838437404973 -12.908914539587624 -14.389682932062176 -13.9263763729471 -11.290064932560462 -14.624355319670634 -13.42529513326257 -14.157538855877778 -14.662252156319756 -14.7784026544371 -14.430145854033308 -13.985516940479634
2.284569138276553 -13.041140566050178 -14.41020740513908 -13.941219723153448 -13.854843357062734 -14.715968897540517 -14.617161942494334 -12.401378936358284 -12.087989612462664 -8.59264621265011 -10.340047574953104 -8.492986197125333 -13.518408341229435 -12.46974976937905 -14.950668505423359 -14.284714622643186 -12.11054907191275 -13.573870111153726 -12.904508578782394 -14.40751533757254 -13.936086299244295 -11.265560307699047 -14.648239075690448 -13.428707592877558 -14.171513765342532 -14.699555301323116 -14.810656124341167 -14.470798819183857 -14.000077850082864
2.344689378757515 -13.038339569596129 -14.4276090391212 -13.950645626651728 -13.865346134732537 -14.741312275914762 -14.6394129762961 -12.391719501607412 -12.062132146789661 -8.52865316858328 -10.30273194336111 -8.448680329385251 -13.521277743144726 -12.461100580586354 -14.970368924498054 -14.296543575254194 -12.087453450308587 -13.577545908881754 -12.899933497146012 -14.424703369254726 -13.945319276403048 -11.241301206353747 -14.67135765056053 -13.43180372715727 -14.184937285580794 -14.73583331717554 -14.841980906211168 -14.510363185950952 -14.014133308807981
2.4048096192384767 -13.035355280375942 -14.444403410187334 -13.959627952543023 -13.87543137994209 -14.765891708537087 -14.660959961853326 -12.382012621405682 -12.03656890174095 -8.465811216989486 -10.26621088011309 -8.405545224563035 -13.52383203260213 -12.45239166096042 -14.98941741106836 -14.307887800020389 -12.064589693860388 -13.580896087391421 -12.895211984496555 -14.441288381853052 -13.95411027955392 -11.217294232839183 -14.693756890213301 -13.434611529327274 -14.19784692481608 -14.771141541989362 -14.872428832324667 -14.548896608487548 -14.027717243243334
2.464929859719439 -13.03217851936708 -14.460608184539936 -13.968174040260433 -13.885104662694836 -14.789734737487112 -14.681826661477722 -12.372240482246603 -12.011260244387802 -8.404026167744622 -10.230415271999629 -8.363486070218155 -13.526070391322833 -12.4436060397197 -15.00783445447918 -14.318757301371338 -12.041922157419418 -13.583920532735688 -12.89033251934665 -14.457287774500962 -13.962466537161617 -11.193502440065064 -14.715461535456544 -13.437128511973633 -14.210254515767264 -14.805520573445904 -14.902034593731928 -14.586443593501775 -14.040838590420108
2.5250501002004007 -13.028855251862534 -14.476275664771432 -13.97633394473786 -13.894413351686943 -14.812895517883291 -14.702066571636134 -12.362447354740464 -11.986245100585311 -8.34332134395908 -10.195366768010885 -8.32250683767738 -13.528041344435781 -12.434787826652215 -15.025672859465875 -14.329202383722823 -12.0194909309138 -13.586667672590787 -12.885340525384077 -14.472753798560625 -13.970438182049438 -11.169965785679175 -14.736525188994971 -13.439401402476872 -14.222210588662971 -14.83902659616406 -14.930853463765084 -14.623060919246756 -14.053544554585002
2.5851703406813624 -13.025376759289617 -14.491420597127131 -13.984113374809546 -13.9033617091504 -14.835397450396961 -14.721699779247857 -12.3526169629037 -11.961488150625286 -8.283613903188009 -10.161004481408753 -8.28252466342779 -13.529743455860192 -12.425921492318967 -15.042949846922202 -14.339231096495368 -11.99726416708182 -13.58913669455651 -12.880225237024199 -14.48770096624493 -13.978030822587204 -11.146651279021498 -14.756968797189174 -13.441427359953781 -14.233724800038523 -14.87169445913096 -14.958915113001295 -14.65878686034303 -14.065842383825817
2.6452905811623246 -13.021761161201866 -14.506074013420438 -13.991538476198553 -13.911974027073715 -14.85727610669926 -14.74076014158575 -12.342763430878449 -11.936992960634036 -8.224880015159396 -10.127312936388169 -8.243506562835922 -13.53119912621515 -12.417021400072453 -15.059697733655579 -14.34887069276246 -11.975247444714949 -13.591350217138592 -12.875003653291373 -14.502160186045359 -13.985270598464883 -11.123563952788658 -14.776826631228328 -13.443227352521703 -14.244825191424582 -14.903565537353117 -14.986258295517077 -14.69366451994073 -14.077757566215059
2.7054108216432864 -13.018039437950382 -14.520274147630303 -13.998644820378985 -13.920283822839217 -14.878572058707586 -14.759287371950265 -12.332915652784077 -11.912782425009496 -8.16712599952917 -10.094299465426086 -8.205444881046343 -13.53244200332287 -12.40811641121358 -15.0759554018972 -14.358157190381064 -11.95346488530473 -13.593341888762323 -12.869706131061331 -14.51616962785737 -13.992193125444992 -11.100727702263988 -14.796138579826614 -13.444833588295015 -14.255548131954558 -14.934683184475507 -15.012925113390432 -14.727738070216637 -14.089323863152163
2.7655310621242486 -13.014221579411078 -14.534044246626596 -14.005450601801908 -13.928307789237131 -14.899313300338708 -14.777307662865375 -12.32307945975058 -11.888851584675102 -8.110319278300636 -10.061941158483698 -8.168300814078616 -13.533486369405214 -12.399212660502744 -15.09174744669049 -14.367109982608099 -11.931913554237187 -13.595126258558013 -12.864341508541646 -14.529752409775174 -13.99881657439801 -11.078139003243113 -14.814931281348862 -13.446259120066681 -14.265913860996537 -14.965081531728558 -15.038946925816353 -14.761043470382072 -14.100559365578231
2.8256513026052104 -13.010338093756584 -14.54742001377074 -14.011989650231111 -13.936077845554493 -14.919537118728528 -14.794857731908095 -12.313283938831898 -11.865225215806436 -8.054472267167338 -10.030249291401532 -8.13207271874488 -13.534364757969268 -12.390339132634058 -15.107110003518802 -14.375763136750674 -11.910619145810017 -13.596735803709572 -12.858939850788076 -14.542944191437552 -14.0051748286416 -11.055823425225011 -14.833241552901075 -13.447535166837739 -14.275956657974138 -14.994799643632778 -15.064362001195322 -14.793620300343145 -14.111495982224369
2.885771543086172 -13.006382380954804 -14.560411733448557 -14.018265733832713 -13.943596820994433 -14.93926004959377 -14.811951720202394 -12.303517045343614 -11.841877612323213 -7.999525250130282 -9.999179742200504 -8.09670120391424 -13.535075784118266 -12.381484324859272 -15.122055144398125 -14.384122111529589 -11.889558437124752 -13.598169592972889 -12.85349308600301 -14.555755088156879 -14.011271581489737 -11.033756918983428 -14.851084157161498 -13.448659381278159 -14.285683147477268 -15.023862325154017 -15.089191406097909 -14.825495835078096 -14.122138734725738
2.9458917835671343 -13.002342540644776 -14.573025303226288 -14.024277856018728 -13.950863039676431 -14.95849464512144 -14.82859962382367 -12.293761091481887 -11.818776708351848 -7.945410681288545 -9.968682504550035 -8.062121721928758 -13.53561296411834 -12.372631171937755 -15.136590673822507 -14.39218774630729 -11.868701950017002 -13.599421658224864 -12.847987760669035 -14.568190817685984 -14.017105742840918 -11.011909110680023 -14.868469762885201 -13.449624459701752 -14.295095425781064 -15.052290990954337 -15.11345254732026 -14.85669413922176 -14.132488389558588
3.006012024048096 -12.99826372665759 -14.58530338819994 -14.03006981816647 -13.957918226053732 -14.977282187187857 -14.844843306165973 -12.284062387761622 -11.795970706051442 -7.892179221997629 -9.938797402302448 -8.028365201656985 -13.536021259376103 -12.363825526926092 -15.150758831939559 -14.400003197829491 -11.848097727173307 -13.600536620210482 -12.842469260134344 -14.58029408125828 -14.022721231538409 -10.990328345206564 -14.885440014471527 -13.450474101660799 -14.304236277931981 -15.08012464479879 -15.137185470429753 -14.887253510832517 -14.142585412446813
3.066132264529058 -12.994114571157898 -14.597237479075176 -14.035624187203357 -13.964744927844635 -14.9956228921185 -14.860679612673309 -12.274382000032446 -11.773402263150583 -7.839728964075426 -9.909448142925346 -7.995340991139436 -13.536276037445003 -12.355029396496423 -15.164553620638578 -14.407553539400439 -11.827691668485897 -13.601490611591982 -12.836904216757539 -14.592056134266187 -14.02810045418148 -10.96895930416375 -14.901992669490838 -13.451183156891737 -14.313092468613444 -15.107375288149619 -15.160396843597521 -14.91718948307083 -14.152415848529163
3.12625250501002 -12.989923882343142 -14.608858014738733 -14.040970886082711 -13.971371524703908 -15.013547500952598 -14.876139203013938 -12.264748446400919 -11.751098510777673 -7.788082097820371 -9.880652600760875 -7.96305822486627 -13.536406988847968 -12.346271098518983 -15.178005545415065 -14.414868593267027 -11.807511278379216 -13.60231318409326 -12.831321306808388 -14.603507406559952 -14.033273397191675 -10.947829532256996 -14.918158363077971 -13.45178029622792 -14.321693801825681 -15.134073760393317 -15.183117470463685 -14.946532906105803 -14.162007676000936
3.186372745490982 -12.985707824871167 -14.62018645812666 -14.046129400579037 -13.977816318408323 -15.031079254828867 -14.891244658693719 -12.255176330769128 -11.729069736508855 -7.737237240830004 -9.852410508326308 -7.931507446777019 -13.536432147393509 -12.33756524733153 -15.191136565060336 -14.421968209396347 -11.787567703487689 -13.603022398984466 -12.825736239990686 -14.614669312423967 -14.038259567041269 -10.926949992109964 -14.933959818976952 -13.452282677838223 -14.330060413510335 -15.160245463326461 -15.205371782235417 -14.975309813735398 -14.171379509407291
3.2464929859719436 -12.981448285283772 -14.631221085147494 -14.05109161835286 -13.984071036391477 -15.048222656313719 -14.905998080533287 -12.245642141148771 -11.70727923257143 -7.6871255810355725 -9.824670654544647 -7.900626438842821 -13.536338267489018 -12.328888976500142 -15.203946745180403 -14.428846042588088 -11.767826572614794 -13.603605538680819 -12.82012947053726 -14.625539959739964 -14.043050744215062 -10.906285452441349 -14.9493997827288 -13.45267658683495 -14.338187158043567 -15.185903274313151 -15.227168867857923 -15.00353558971353 -14.180525522243244
3.306613226452906 -12.977196859261522 -14.642005553842239 -14.055904460635738 -13.99018047096975 -15.065017891956192 -14.92044104584652 -12.236200451513596 -11.685787879842522 -7.637821046435145 -9.797489265012977 -7.870465873070586 -13.536175164329666 -12.320296154473493 -15.216478715614176 -14.435547748538557 -11.74834783489689 -13.604111879461145 -12.814553304313563 -14.636163098891668 -14.047694010876892 -10.885896464442428 -14.964519389093294 -13.453010646828325 -14.346118912113202 -15.211082252006932 -15.248546119952984 -15.03124372700423 -14.189488390832992
