web/models/kne/9/mosfit_kn_0.268580_0.3903_3.6500.dat
# %ECSV 1.0
# ---
# datatype:
# - {name: time, datatype: float64}
# - {name: PS1_g, datatype: float64}
# - {name: PS1_i, datatype: float64}
# - {name: PS1_r, datatype: float64}
# - {name: PS1_w, datatype: float64}
# - {name: PS1_y, datatype: float64}
# - {name: PS1_z, datatype: float64}
# - {name: swift_uvot_B, datatype: float64}
# - {name: swift_uvot_U, datatype: float64}
# - {name: swift_uvot_uvm2, datatype: float64}
# - {name: swift_uvot_uvw1, datatype: float64}
# - {name: swift_uvot_uvw2, datatype: float64}
# - {name: swift_uvot_V, datatype: float64}
# - {name: johnson_B, datatype: float64}
# - {name: johnson_I, datatype: float64}
# - {name: johnson_R, datatype: float64}
# - {name: johnson_U, datatype: float64}
# - {name: johnson_V, datatype: float64}
# - {name: sdss_g, datatype: float64}
# - {name: sdss_i, datatype: float64}
# - {name: sdss_r, datatype: float64}
# - {name: sdss_u, datatype: float64}
# - {name: sdss_z, datatype: float64}
# - {name: ATLAS_c, datatype: float64}
# - {name: ATLAS_o, datatype: float64}
# - {name: ukirt_H, datatype: float64}
# - {name: ukirt_J, datatype: float64}
# - {name: ukirt_K, datatype: float64}
# - {name: Clear, datatype: float64}
# meta: !!omap
# - comment: [kappa = 3.65, type = rprocess, mass = 0.2685795883840597, velocity = 0.3903333333333333, theta_obs = 0.0, tfloor = 1000.0]
# schema: astropy-2.0
time PS1_g PS1_i PS1_r PS1_w PS1_y PS1_z swift_uvot_B swift_uvot_U swift_uvot_uvm2 swift_uvot_uvw1 swift_uvot_uvw2 swift_uvot_V johnson_B johnson_I johnson_R johnson_U johnson_V sdss_g sdss_i sdss_r sdss_u sdss_z ATLAS_c ATLAS_o ukirt_H ukirt_J ukirt_K Clear
[from data line 28]
1.7434869739478958 -16.795551466418477 -17.44925864772183 -17.25977774688939 -17.169924985342924 -17.48105110725536 -17.488209918276212 -16.393401946233734 -16.656811724538283 -14.555673433158582 -15.4742915395782 -14.04374856496393 -17.06300965866434 -16.431600642714454 -17.910829903957268 -17.52407867538442 -16.578100075828665 -17.094019126941543 -16.721574054663417 -17.453951168292168 -17.259871706230605 -15.771618234056497 -17.490483504396543 -16.986820233180673 -17.357522565665136 -17.09331479385378 -17.3725368611783 -16.75315650528814 -17.2040378413109
1.8036072144288577 -16.96370458880958 -17.585814731007687 -17.408528351280825 -17.320174980834526 -17.605853114347454 -17.61752745872153 -16.57182391769518 -16.86097052629176 -14.823780545050166 -15.71005199193614 -14.30593742946979 -17.221467648194306 -16.608926218252552 -18.04401895292153 -17.669582877452 -16.77760002356892 -17.251573624474542 -16.892491561063547 -17.590824573619432 -17.408782587076885 -15.972702283795162 -17.618612720732063 -17.146863357926083 -17.500818684300157 -17.202416170997857 -17.48874981020352 -16.85754275764509 -17.350081448250716
1.8637274549098195 -17.132373213117074 -17.72198008488944 -17.557222863779405 -17.4705659195517 -17.729959165965248 -17.74626378383429 -16.751036818095734 -17.06669341855349 -15.095543743819476 -15.948835091883833 -14.572632295192477 -17.38012324639134 -16.787030847852588 -18.176731370830172 -17.81495889591672 -16.978510878097765 -17.40931475676319 -17.064004012528695 -17.727315508073502 -17.55763588831334 -16.17523275859437 -17.746133774573263 -17.307238461666064 -17.64393706038838 -17.3104301079959 -17.604053627262406 -16.960722181059108 -17.496210956618636
1.9238476953907815 -17.301401810569885 -17.8577141481772 -17.70577500643773 -17.62101868252273 -17.85337391228479 -17.87440603413385 -16.930846416253182 -17.273696969659333 -15.370475013946233 -16.190283143228168 -14.84343378247614 -17.538852934455537 -16.96572561333513 -18.308939665259054 -17.960133696169162 -17.180564191804752 -17.56712334188792 -17.23594588971343 -17.863382186592016 -17.706344311688653 -16.37893474510239 -17.873038619198454 -17.46782315942573 -17.786813796936425 -17.41742210717367 -17.718486437271146 -17.06277821215085 -17.64236795775247
1.9839679358717435 -17.47041809608156 -17.99282707487432 -17.85392346755053 -17.771272891431913 -17.975977143780035 -18.00180716679911 -17.110820188554953 -17.48140403254336 -15.647652343545783 -16.433666690598088 -15.117499264499624 -17.69733792267812 -17.144585232549638 -18.44047402711776 -18.10486569616514 -17.38320807486816 -17.724686544567657 -17.407929016217913 -17.998832878711077 -17.854645309681025 -16.583246709683834 -17.999187408038875 -17.628294622019336 -17.929220888532615 -17.523364986292847 -17.831979103870275 -17.163711273144347 -17.78832048362288
2.0440881763527052 -17.639164251599162 -18.127200970807547 -18.001495539158867 -17.921156317155553 -18.097704227191578 -18.12838205469017 -17.2906542061732 -17.689400281135406 -15.926399597452242 -16.678453395651598 -15.394206534070921 -17.85536148463126 -17.323311212688587 -18.57123188599375 -18.248997190863278 -17.586047457400007 -17.881792126448964 -17.57968340223524 -18.1335482468889 -18.002365256580735 -16.78776623358127 -18.12450048613444 -17.788432762252402 -18.07101100944026 -17.628264902801615 -17.94450589941345 -17.263548455596226 -17.93391800738231
2.1042084168336674 -17.807390087518336 -18.26071908349686 -18.14832241618115 -18.070498393598804 -18.218488683789733 -18.254044920119608 -17.47005458438948 -17.89728622866784 -16.206065275157865 -16.92412405334883 -15.672939545477295 -18.01271319470506 -17.5016145521426 -18.701110935161697 -18.392373354561126 -17.788701443788188 -18.038233713811454 -17.750947250936715 -18.26741017507789 -18.149334565351083 -16.992105560409474 -18.248897178812218 -17.9480226366773 -18.212039027598763 -17.73212183926114 -18.056036875248953 -17.36230939128944 -18.07900972038606
2.164328657314629 -17.974886121064433 -18.393288311355178 -18.294265751750718 -18.219157667923795 -18.3382808502863 -18.3787294656271 -17.648773936436488 -18.104722318337085 -16.48608944283977 -17.17022988428731 -15.953156602176225 -18.169218663608 -17.679251887485957 -18.830030542828748 -18.534867773882528 -17.990846808323166 -18.19384027504913 -17.921500959405154 -18.400324382002715 -18.295414278918773 -17.195935591699882 -18.372315546165527 -18.106884951042552 -18.352186834868185 -17.834943193083422 -18.166553747750225 -17.46001832025724 -18.223470742109384
2.224448897795591 -18.14132079301814 -18.524730003988985 -18.43908795213551 -18.36688786051754 -18.456958273481696 -18.502291764055805 -17.82643136827903 -18.311204765444185 -16.765667771868976 -17.416108986081955 -16.234054421982695 -18.324593635945387 -17.85584715165822 -18.957828148986692 -18.676258037117297 -18.192001981482495 -18.348331598177175 -18.090999641333507 -18.53211069261869 -18.440366155859742 -17.398767287615478 -18.494617216630687 -18.26472651868624 -18.491242531561802 -17.9366802284181 -18.27597452940715 -17.55664840134624 -18.367074590613086
2.284569138276553 -18.306763954532332 -18.655132504643746 -18.582870055582994 -18.51377028201604 -18.5746159703176 -18.62482434675247 -18.003090741153926 -18.516784656827845 -17.044828069984725 -17.661799152420183 -16.515653762168835 -18.478913365108582 -18.031464696456258 -19.08459403029661 -18.81662689987377 -18.392220095009055 -18.501783385269462 -18.259511580285306 -18.662857262259838 -18.584271168086808 -17.600652877409786 -18.61589533460643 -18.42162188532498 -18.629290217984522 -18.037435734728554 -18.38439865306439 -17.65230446968157 -18.50990558284005
2.344689378757515 -18.47091359484148 -18.78433111943032 -18.725394854245412 -18.65957608268312 -18.691138812425354 -18.74619321605408 -18.17840615287536 -18.721004811989843 -17.322838196368696 -17.906690259654923 -16.79719936645981 -18.631919336237114 -18.205762488934653 -19.210177654816977 -18.955770274112417 -18.59106438769593 -18.653940391035505 -18.426722781741862 -18.792398050938868 -18.726911675960753 -17.80114911821471 -18.73602070653881 -18.57730230950878 -18.766134894911968 -18.137159105469195 -18.491746397841347 -17.74695510631012 -18.65175101866841
2.4048096192384767 -18.63362102502027 -18.912261479519614 -18.866565958003427 -18.804199614232182 -18.806492226637843 -18.86635252362888 -18.35220221837859 -18.92362154001658 -17.59928644052801 -18.15043950059014 -17.078247438190658 -18.783490141206507 -18.378567186176674 -19.334523154850196 -19.09359945134104 -18.788303818407012 -18.80468296540865 -18.592477199817594 -18.920667877511246 -18.86819112627041 -18.00002113569903 -18.854950293467603 -18.731638770274674 -18.90169322667111 -18.23585390865748 -18.598004161907546 -17.840615153957465 -18.79251428877108
2.464929859719439 -18.794756844442695 -19.038869637918232 -19.00630098269012 -18.947548305273045 -18.920648468256758 -18.98526464599655 -18.52432583710944 -19.124420103847264 -17.87380521053436 -18.392738314631476 -17.358390166383554 -18.93352130195118 -18.549727289048658 -19.45758404523651 -19.230038669819713 -18.983735212714354 -18.953908026886573 -18.75663883925597 -19.047612079840874 -19.008027062291504 -18.197062432659887 -18.97264889411744 -18.884518887254877 -19.035894084984015 -18.33352568064617 -18.7031624958591 -17.933299996712183 -18.932110104392503
2.5250501002004007 -18.954217245420786 -19.164116544132632 -19.144536694572363 -19.08954826042935 -19.033590496804287 -19.10290428357632 -18.694653046770455 -19.323223125885907 -18.14608359804437 -18.63332377949151 -17.637270430379125 -19.08193091907033 -18.719119979367655 -19.579327529693533 -19.365030122151385 -19.17719135909539 -19.101534694757337 -18.919098220231838 -19.173191005746517 -19.14635626273906 -18.392103053144684 -19.08909319304268 -19.035852874171084 -19.168683462227794 -18.43018504969496 -18.807219568257647 -18.025028455016866 -19.070470009113123
2.5851703406813624 -19.111888365082894 -19.28795391690551 -19.28120048748985 -19.230114683190642 -19.14529204399445 -19.219236922472493 -18.863049690213504 -19.51984169098875 -18.41579390280723 -18.87191621738035 -17.914507564532304 -19.228627689783437 -18.88661212903781 -19.699711569703446 -19.49850655539172 -19.368493893210978 -19.247472591883486 -19.079735720399 -19.29735577265337 -19.28310617862346 -18.58496191944944 -19.20425063597836 -19.185540696641556 -19.299997832931464 -18.52583339008605 -18.910164281859174 -18.1158101309372 -19.20751411768652
2.6452905811623246 -19.26758140840466 -19.41027965475472 -19.416158116642954 -19.369097115223592 -19.25568028788506 -19.33417873634861 -19.029300125420143 -19.71398703876 -18.682458780160832 -19.108104912703148 -18.189559352143764 -19.373452649953872 -19.051989538984188 -19.818642359538813 -19.63034090322416 -19.557368215627744 -19.39156403106862 -19.238354918242973 -19.420003482422157 -19.418142619671208 -18.7753608250768 -19.318040033301163 -19.3334119421829 -19.42971507048954 -18.62043512630487 -19.01194419503568 -18.2056206417643 -19.343098399797807
2.7054108216432864 -19.421473808662633 -19.531240386603255 -19.54956866323192 -19.50665169287289 -19.36488892888587 -19.447868526818368 -19.19359217799129 -19.905871563946764 -18.946354604769965 -19.34212561871064 -18.46266349002621 -19.516575039901795 -19.215438329019715 -19.936262812230094 -19.760688345516748 -19.744022514875194 -19.5339768839206 -19.39513591113359 -19.54128110631075 -19.551625025587125 -18.963509757545225 -19.430598736921105 -19.47963465910666 -19.557987762668834 -18.71410541835935 -19.112682947581785 -18.29456944603759 -19.477373065220167
2.7655310621242486 -19.573371414811813 -19.650726395655802 -19.681291342824316 -19.642619940233867 -19.472836399072495 -19.560214161547673 -19.35570568714625 -20.095202796362894 -19.206999527421353 -19.573561257464984 -18.733267498090566 -19.657830280183532 -19.376739580264818 -20.0524711692501 -19.889414910310325 -19.9281785112892 -19.674547678658044 -19.549877093336843 -19.66107816261898 -19.683412722200693 -19.14912700546875 -19.54183712029968 -19.62403211894504 -19.68468658638228 -18.806798527500877 -19.212318536935378 -18.38262164338413 -19.610185082706142
2.8256513026052104 -19.723223651568222 -19.768724131229636 -19.81129958775794 -19.77696247014233 -19.579520197910547 -19.67120909998119 -19.51557913198049 -20.281885985457446 -19.46420930324589 -19.802249175771856 -19.001125436055325 -19.797182153102153 -19.535831706477737 -20.167256966637474 -20.016496333938722 -20.10974835511175 -19.813240206825032 -19.702524580211005 -19.779380797748534 -19.81347938757338 -19.33212348921394 -19.65174948850688 -19.766559849835232 -19.80978884905067 -18.898525234592324 -19.310855708948313 -18.469792051928376 -19.74149531551559
2.885771543086172 -19.870997398301053 -19.885230185616063 -19.939579807718903 -19.909653235636764 -19.684945282382085 -19.78085528127993 -19.673170790529905 -20.465851849924785 -19.71783852830724 -20.028059344636375 -19.26603078549727 -19.934609655797335 -19.69267269708086 -20.28061911387149 -20.141920613005244 -20.288668661425497 -19.950033285549345 -19.853042572796262 -19.896185374272193 -19.94181170633185 -19.512434945932018 -19.760338364345973 -19.907189009478454 -19.933283613678707 -18.989300308689035 -19.408304755712145 -18.556098459282296 -19.87127699634799
2.9458917835671343 -20.016666689643312 -20.000244312825632 -20.066123136095637 -20.040671000545647 -19.789118304218647 -19.889156894830453 -19.82844738170031 -20.647042492956142 -19.967759505038515 -20.25087633069532 -19.527795060456977 -20.070097747134678 -19.847228858410983 -20.392559259888287 -20.265680075700374 -20.464886931497308 -20.08491158760824 -20.001402768967615 -20.01149145683902 -20.068401103837346 -19.690008193651423 -19.86760837896888 -20.045896897885598 -20.055163992056375 -19.07913836639842 -19.504676638343934 -18.641557972183037 -19.999507588520196
3.006012024048096 -20.16021320215911 -20.113769853642882 -20.1909258612503 -20.169999910295484 -19.892048044400763 -19.996120809363518 -19.981384562071806 -20.82541200722483 -20.213863201354844 -20.47060026677185 -19.78624937212871 -20.203637777751606 -19.99947532181498 -20.50308222170741 -20.38777182197545 -20.638362126779192 -20.217866080700905 -20.14758485720577 -20.12530223697672 -20.19324417312852 -19.864801702197514 -19.97356670436714 -20.182667465355877 -20.175427592880677 -19.168054326994636 -19.59998343419807 -18.7261874750472 -20.12616940656274
3.066132264529058 -20.301643819282535 -20.22582618089789 -20.314003775075005 -20.297644775872197 -19.99375608569352 -20.10176791867897 -20.1319860789926 -21.000950039536797 -20.456094725073303 -20.68717791855228 -20.041282738431455 -20.33524330424574 -20.149415094693865 -20.61220792877106 -20.508211627177346 -20.809087370347676 -20.348909754606762 -20.291594532832722 -20.237637026038637 -20.316357024983986 -20.036808511754458 -20.078234233779018 -20.31750776600372 -20.294090127923354 -19.256071744522632 -19.69424773897071 -18.810011241300263 -20.25126451516556
3.12625250501002 -20.371507554787218 -20.28747450177793 -20.37873241304 -20.363675174202438 -20.05251348055852 -20.161625600686452 -20.204411587679704 -21.080358974088664 -20.554231952881622 -20.778168391106764 -20.143126945351572 -20.40235314424293 -20.22165800938517 -20.67303787278559 -20.572204975512502 -20.88714602080706 -20.41586440520829 -20.362179615038052 -20.29936311725807 -20.381094635915247 -20.11522410102275 -20.137818698851344 -20.38553533806855 -20.35758843441048 -19.311003585025524 -19.7509257680856 -18.863770147932804 -20.316592406800762
3.186372745490982 -20.375122158590067 -20.30229102586544 -20.389348611721108 -20.372519041644352 -20.071272204180044 -20.17888390735063 -20.204532807163684 -21.07095911142192 -20.519303829175083 -20.7529881037882 -20.1031579578555 -20.40972210304907 -20.22202846875871 -20.688970409180715 -20.58382403361626 -20.879586844016497 -20.42344517937884 -20.36481064807676 -20.314073587749384 -20.391698513425442 -20.107178067383487 -20.155449624304573 -20.39165435631972 -20.369882713347156 -19.334978905512138 -19.772520022478748 -18.889344781191323 -20.326395309312435
3.2464929859719436 -20.37825504827458 -20.316580290506145 -20.399452853536957 -20.38087792555455 -20.08949027657426 -20.19560654685085 -20.20418396505666 -21.061135298124167 -20.48411667237636 -20.72753191125411 -20.06305259623304 -20.416589234501956 -20.221929856923108 -20.70437216231434 -20.594929103659656 -20.87159280570986 -20.430524838412097 -20.366963992209026 -20.328257141471102 -20.401789839855233 -20.09869794620524 -20.172543972767922 -20.397287147259338 -20.38166189388642 -19.35839509976686 -19.79356409464856 -18.914353723833056 -20.335717900863486
3.306613226452906 -20.38084549944344 -20.33030654858182 -20.409000021368442 -20.38870262686716 -20.107140774056536 -20.21176323305129 -20.20329658699958 -21.050797801704224 -20.44852288333811 -20.70167368957673 -20.022651498114325 -20.422902202136008 -20.22129424665293 -20.719209878405913 -20.605477300717673 -20.863078303528965 -20.437051511689518 -20.368576734361792 -20.34187779455518 -20.411323473058935 -20.08969706274888 -20.189072291913295 -20.402378533625 -20.392884589473912 -19.38123698899792 -19.814037432846945 -18.938785418566063 -20.34451305981003
3.3667334669338675 -20.382950447484998 -20.34351631575335 -20.41804053838689 -20.396045044081426 -20.124266570736822 -20.227398222230644 -20.201930901207696 -21.040015656531086 -20.412614167170368 -20.67549578742618 -19.98205032011033 -20.428714477375742 -20.220181621393664 -20.733529037245965 -20.61551810658995 -20.854110694080365 -20.44307846371838 -20.369706728825392 -20.354982161267525 -20.420349851533715 -20.08024324186355 -20.205078492842574 -20.40698307236836 -20.40359964295675 -19.40354269726377 -19.83398031633886 -18.962676555327636 -20.352831713095494
