web/models/kne/9/mosfit_kn_0.041628_0.2650_0.5000.dat
# %ECSV 1.0
# ---
# datatype:
# - {name: time, datatype: float64}
# - {name: PS1_g, datatype: float64}
# - {name: PS1_i, datatype: float64}
# - {name: PS1_r, datatype: float64}
# - {name: PS1_w, datatype: float64}
# - {name: PS1_y, datatype: float64}
# - {name: PS1_z, datatype: float64}
# - {name: swift_uvot_B, datatype: float64}
# - {name: swift_uvot_U, datatype: float64}
# - {name: swift_uvot_uvm2, datatype: float64}
# - {name: swift_uvot_uvw1, datatype: float64}
# - {name: swift_uvot_uvw2, datatype: float64}
# - {name: swift_uvot_V, datatype: float64}
# - {name: johnson_B, datatype: float64}
# - {name: johnson_I, datatype: float64}
# - {name: johnson_R, datatype: float64}
# - {name: johnson_U, datatype: float64}
# - {name: johnson_V, datatype: float64}
# - {name: sdss_g, datatype: float64}
# - {name: sdss_i, datatype: float64}
# - {name: sdss_r, datatype: float64}
# - {name: sdss_u, datatype: float64}
# - {name: sdss_z, datatype: float64}
# - {name: ATLAS_c, datatype: float64}
# - {name: ATLAS_o, datatype: float64}
# - {name: ukirt_H, datatype: float64}
# - {name: ukirt_J, datatype: float64}
# - {name: ukirt_K, datatype: float64}
# - {name: Clear, datatype: float64}
# meta: !!omap
# - comment: [kappa = 0.5, type = rprocess, mass = 0.04162766037032262, velocity = 0.265, theta_obs = 0.0, tfloor = 1000.0]
# schema: astropy-2.0
time PS1_g PS1_i PS1_r PS1_w PS1_y PS1_z swift_uvot_B swift_uvot_U swift_uvot_uvm2 swift_uvot_uvw1 swift_uvot_uvw2 swift_uvot_V johnson_B johnson_I johnson_R johnson_U johnson_V sdss_g sdss_i sdss_r sdss_u sdss_z ATLAS_c ATLAS_o ukirt_H ukirt_J ukirt_K Clear
[from data line 465]
28.016032064128254 8.71567036071264 -0.16615845248663774 3.3089123255511943 1.3409885140472078 -3.6893485010119065 -2.2716725361647683 12.255576937277127 18.91452103517203 32.80311633920121 14.880103567246596 17.393120073726248 6.675187053583424 11.051639620310919 -1.7196717589085884 1.2503610078163938 17.883519855920287 5.720164718414671 9.528210462027076 -0.08490250037365143 3.5374009850476362 19.415626565346855 -2.84510014818677 5.287988895293836 0.8355763706840591 -8.638335878927402 -6.488846583437711 -9.998624559400573 -0.9449055297141307
28.076152304609217 8.720484328784028 -0.16134448441524896 3.313726293622583 1.3458024821185965 -3.6845345329405177 -2.2668585680933795 12.260390905348515 18.919335003243418 32.8079303072726 14.884917535317985 17.397934041797637 6.680001021654813 11.056453588382325 -1.7148577908371996 1.2551749758877826 17.888333823991676 5.72497868648606 9.533024430098465 -0.08008853230226265 3.542214953119025 19.420440533418244 -2.840286180115381 5.292802863365225 0.8403903387554479 -8.633521910856013 -6.484032615366322 -9.993810591329185 -0.9400915616427419
28.13627254509018 8.725290762623015 -0.15653805057628034 3.3185327274615695 1.350608915957583 -3.6797280991015313 -2.262052134254411 12.265197339187484 18.924141437082405 32.812736741111586 14.889723969156972 17.402740475636605 6.684807455493799 11.061260022221294 -1.710051356998231 1.259981409726769 17.893140257830662 5.7297851203250465 9.537830863937451 -0.07528209846327627 3.5470213869580114 19.42524696725723 -2.8354797462763948 5.297609297204211 0.8451967725944343 -8.628715477017026 -6.479226181527336 -9.989004157490198 -0.9352851278037555
28.196392785571142 8.730089719150005 -0.15173909404927244 3.3233316839885596 1.355407872484573 -3.674929142574541 -2.257253177727403 12.269996295714492 18.928940393609395 32.817535697638576 14.894522925683962 17.407539432163613 6.689606412020789 11.066058978748284 -1.705252400471223 1.2647803662537591 17.897939214357653 5.734584076852037 9.542629820464441 -0.07048314193628613 3.5518203434850015 19.43004592378422 -2.8306807897494046 5.302408253731201 0.8499957291214244 -8.623916520490036 -6.474427225000346 -9.984205200963208 -0.9304861712767654
28.256513026052104 8.734881254231368 -0.146947558967927 3.328123219069923 1.3601994075659363 -3.670137607493178 -2.2524616426460575 12.274787830795837 18.933731928690758 32.822327232719935 14.899314460765325 17.41233096724496 6.694397947102153 11.070850513829647 -1.7004608653898776 1.2695719013351223 17.902730749439016 5.7393756119334 9.547421355545804 -0.06569160685492292 3.5566118785663647 19.434837458865584 -2.8258892546680414 5.307199788812564 0.8547872642027876 -8.619124985408673 -6.469635689918983 -9.979413665881845 -0.9256946361954022
28.316633266533064 8.739665422484002 -0.14216339071529305 3.3329073873225568 1.3649835758185702 -3.665353439240544 -2.2476774743934236 12.279571999048471 18.938516096943392 32.82711140097256 14.904098629017941 17.417115135497593 6.699182115354787 11.075634682082281 -1.6956766971372437 1.2743560695877563 17.90751491769165 5.744159780186034 9.552205523798438 -0.06090743860228898 3.561396046818981 19.439621627118218 -2.8211050864154075 5.311983957065198 0.8595714324554038 -8.61434081715604 -6.464851521666349 -9.974629497629211 -0.9209104679427682
28.376753507014026 8.744442278733331 -0.13738653446596416 3.3376842435718856 1.369760432067899 -3.660576582991215 -2.242900618144077 12.284348855297818 18.94329295319272 32.8318882572219 14.908875485267288 17.42189199174694 6.7039589716041155 11.08041153833161 -1.690899840887897 1.2791329258370852 17.91229177394098 5.748936636435363 9.556982380047767 -0.05613058235296009 3.5661729030683276 19.444398483367547 -2.8163282301660786 5.316760813314527 0.8643482887047504 -8.60956396090671 -6.46007466541702 -9.969852641379882 -0.9161336116934393
28.43687374749499 8.749211879293792 -0.132616933905485 3.342453844132365 1.3745300326283783 -3.6558069824307537 -2.2381310175836155 12.28911845585828 18.9480625537532 32.83665785778237 14.91364508582775 17.4266615923074 6.708728572164577 11.08518113889209 -1.6861302403274356 1.2839025263975643 17.91706137450144 5.753706236995842 9.561751980608246 -0.051360981792498706 3.570942503628789 19.449168083928026 -2.811558629605617 5.321530413875006 0.8691178892652118 -8.604794360346231 -6.455305064856541 -9.96508304081942 -0.9113640111329779
28.49699398797595 8.753974279913717 -0.12785453328556073 3.347216244752289 1.3792924332483025 -3.6510445818108117 -2.2333686169636913 12.293880856478204 18.952824954373124 32.841420258402295 14.918407486447673 17.431423992927325 6.713490972784519 11.089943539512014 -1.6813678397075114 1.2886649270174886 17.921823775121382 5.758468637615766 9.56651438122817 -0.04659858117257443 3.5757049042487132 19.45393048454795 -2.806796228985675 5.326292814494931 0.8738802898851361 -8.600031959726307 -6.450542664236616 -9.960320640199479 -0.9066016105130359
28.557114228456914 8.758729535350458 -0.12309927784881936 3.3519715001890305 1.384047688685044 -3.646289326374088 -2.22861336152695 12.298636111914945 18.957580209809866 32.846175513839036 14.923162741884415 17.436179248364066 6.7182462282212425 11.094698794948755 -1.67661258427077 1.29342018245423 17.926579030558123 5.7632238930525075 9.571269636664912 -0.04184332573583305 3.5804601596854546 19.45868573998469 -2.8020409735489515 5.331048069931672 0.8786355453218775 -8.595276704289565 -6.445787408799875 -9.955565384762755 -0.9018463550763123
28.617234468937873 8.76347769799608 -0.11835111520321462 3.356719662834635 1.3887958513306486 -3.6415411637284656 -2.223865198881345 12.30338427456055 18.96232837245547 32.85092367648464 14.92791090453002 17.44092741100967 6.722994390866865 11.09944695759436 -1.6718644216251652 1.2981683450998347 17.931327193203728 5.767972055698112 9.576017799310517 -0.03709516309021055 3.5852083223310593 19.463433902630296 -2.797292810903329 5.335796232577277 0.8833837079674822 -8.59052854164396 -6.44103924615427 -9.950817222117132 -0.8970981924306898
28.677354709418836 8.768218820347915 -0.11360999285138007 3.3614607851864697 1.3935369736824832 -3.636800041376631 -2.2191240765295106 12.308125396912384 18.967069494807305 32.85566479883648 14.932652026881854 17.445668533361506 6.7277355132187 11.104188079946194 -1.6671232992733307 1.3029094674516692 17.936068315555563 5.772713178049947 9.580758921662351 -0.032354040738376 3.589949444682894 19.46817502498213 -2.7925516885514945 5.340537354929111 0.8881248303193345 -8.585787419292126 -6.436298123802436 -9.946076099765298 -0.8923570700788552
28.7374749498998 8.772952958117948 -0.10887585508134734 3.3661949229565025 1.398271111452516 -3.6320659036065983 -2.214389938759478 12.312859534682435 18.971803632577338 32.86039893660652 14.937386164651905 17.450402671131556 6.732469650988732 11.108922217716227 -1.6623891615032802 1.307643605221702 17.940802453325595 5.7774473158199795 9.585493059432384 -0.02761990296834327 3.5946835824529444 19.472909162752163 -2.7878175507814618 5.345271492699144 0.8928589680893673 -8.581053281522093 -6.431563986032403 -9.941341961995265 -0.8876229323088225
28.79759519038076 8.777680166500126 -0.10414864669915147 3.3709221313386806 1.4029983198347118 -3.62733869522442 -2.209662730377282 12.317586743064613 18.976530840959516 32.8651261449887 14.942113373034083 17.455129879513734 6.73719685937091 11.113649426098423 -1.657661953121102 1.3123708136038978 17.945529661707774 5.782174524202158 9.590220267814562 -0.022892694586165163 3.5994107908351225 19.47763637113434 -2.7830903423992837 5.349998701081322 0.8975861764715454 -8.576326073139915 -6.426836777650225 -9.936614753613087 -0.8828957239266444
28.857715430861724 8.782400496933747 -0.09942831626554849 3.3756424617723013 1.4077186502683148 -3.6226183647907995 -2.204942399943679 12.322307073498234 18.981251171393136 32.869846475422314 14.946833703467703 17.459850209947355 6.741917189804531 11.118369756532026 -1.6529416226874813 1.3170911440375008 17.950249992141394 5.786894854635778 9.594940598248183 -0.018172364152544418 3.6041311212687432 19.482356701567962 -2.778370011965663 5.354719031514943 0.9023065069051661 -8.571605742706295 -6.422116447216604 -9.931894423179466 -0.8781753934930236
28.917835671342683 8.787113998286813 -0.09471481491246436 3.3803559631253677 1.4124321516213811 -3.617904863437733 -2.200228898590595 12.3270205748513 18.985964672746203 32.87455997677538 14.95154720482077 17.46456371130042 6.7466306911575975 11.12308325788511 -1.648228121334415 1.3218046453905672 17.95496349349446 5.791608355988845 9.59965409960125 -0.013458862799478055 3.6088446226218096 19.48707020292103 -2.7736565106125965 5.359432532868009 0.9070200082582325 -8.566892241353228 -6.417402945863538 -9.9271809218264 -0.8734618921399573
28.977955911823646 8.791820723271044 -0.09000808992825071 3.385062688109599 1.4171388766056126 -3.6131981384535017 -2.1955221736063812 12.331727299835531 18.990671397730434 32.87926670175961 14.956253929805001 17.469270436284653 6.751337416141829 11.127789982869324 -1.6435213963501836 1.3265113703747986 17.959670218478692 5.796315080973076 9.60436082458548 -0.008752137815246641 3.613551347606041 19.49177692790526 -2.768949785628365 5.364139257852241 0.9117267332424639 -8.562185516368997 -6.412696220879306 -9.922474196842169 -0.8687551671557259
29.03807615230461 8.796520722454435 -0.08530809074484225 3.38976268729299 1.421838875789021 -3.608498139270111 -2.190822174422973 12.336427299018922 18.995371396913843 32.88396670094301 14.960953928988392 17.473970435468043 6.75603741532522 11.132489982052732 -1.6388213971667929 1.331211369558207 17.964370217662083 5.801015080156467 9.609060823768889 -0.004052138631855939 3.6182513467894317 19.49647692708867 -2.7642497864449744 5.368839257035649 0.9164267324258546 -8.557485517185606 -6.407996221695916 -9.917774197658778 -0.8640551679723352
29.09819639278557 8.801214049401924 -0.08061476379737087 3.394456014240479 1.4265322027364924 -3.603804812322622 -2.1861288474755014 12.341120625966411 19.000064723861314 32.888660027890495 14.965647255935881 17.478663762415533 6.760730742272709 11.137183309000203 -1.6341280702193037 1.3359046965056784 17.969063544609572 5.805708407103956 9.61375415071636 0.000641188315633201 3.622944673736921 19.50117025403614 -2.7595564594974853 5.3735325839831205 0.9211200593733437 -8.552792190238117 -6.4033028947484265 -9.913080870711289 -0.859361841024846
29.158316633266534 8.805900759494758 -0.07592805370451927 3.3991427243333305 1.431218912829344 -3.599118102229788 -2.18144213738265 12.345807336059245 19.004751433954166 32.893346737983336 14.970333966028715 17.483350472508366 6.765417452365543 11.141870019093055 -1.62944136012647 1.34059140659853 17.973750254702406 5.810395117196808 9.618440860809212 0.0053278984084670356 3.6276313838297547 19.50585696412899 -2.7548697494046515 5.378219294075972 0.9258067694661776 -8.548105480145265 -6.398616184655575 -9.908394160618455 -0.8546751309320122
29.218436873747493 8.810580897476648 -0.07124791572262978 3.40382286231522 1.4358990508112335 -3.5944379642478808 -2.1767619994007603 12.350487474041135 19.009431571936055 32.89802687596523 14.975014104010604 17.488030610490256 6.77009759034745 11.146550157074945 -1.6247612221445804 1.3452715445804195 17.978430392684313 5.815075255178697 9.623120998791101 0.010008036390356523 3.632311521811644 19.51053710211088 -2.750189611422762 5.382899432057862 0.9304869074480671 -8.543425342163376 -6.393936046673685 -9.903714022636565 -0.8499949929501049
29.278557114228455 8.815254512529478 -0.06657430066979941 3.4084964773680504 1.4405726658640639 -3.589764349195068 -2.17208838434793 12.355161089093965 19.014105186988886 32.90270049101806 14.979687719063435 17.492704225543086 6.7747712054002625 11.151223772127775 -1.62008760709175 1.34994515963325 17.983104007737126 5.819748870231527 9.627794613843932 0.014681651443186894 3.6369851368644746 19.51521071716371 -2.7455159963699316 5.387573047110692 0.9351605225008974 -8.538751727110546 -6.389262431620855 -9.899040407583735 -0.8453213778972923
29.338677354709418 8.819921660945518 -0.061907152253759534 3.4131636257840903 1.4452398142801037 -3.5850972007790283 -2.16742123593189 12.359828237510005 19.018772335404925 32.9073676394341 14.984354867479475 17.497371373959126 6.779438353816302 11.155890920543815 -1.6154204586757102 1.3546123080492898 17.987771156153165 5.824416018647567 9.632461762259972 0.019348799859226773 3.6416522852805144 19.51987786557975 -2.7408488479538917 5.392240195526732 0.9398276709169373 -8.534084578694506 -6.384595283204815 -9.894373259167695 -0.8406542294812525
29.39879759519038 8.82458238729038 -0.057246425908896725 3.417824352128953 1.4499005406249665 -3.5804364744341477 -2.1627605095870273 12.364488963854868 19.023433061749788 32.91202836577896 14.989015593824337 17.50203210030399 6.784099080161165 11.160551646888678 -1.6107597323308473 1.3592730343941526 17.992431882498046 5.82907674499243 9.637122488604835 0.024009526204089582 3.6463130116253772 19.524538591924614 -2.736188121609029 5.396900921871595 0.9444883972618001 -8.529423852349643 -6.379934556859952 -9.889712532822832 -0.8359935031363896
29.458917835671343 8.829236740038251 -0.05259207316102632 3.4224787048768057 1.4545548933728192 -3.575782121686295 -2.158106156839157 12.369143316602738 19.02808741449764 32.91668271852682 14.993669946572208 17.50668645305186 6.7887534329090355 11.165205999636548 -1.606105379582977 1.363927387142023 17.9970862352459 5.833731097740283 9.641776841352687 0.028663878951959987 3.6509673643732476 19.529192944672467 -2.7315337688611585 5.401555274619447 0.9491427500096705 -8.52476949960179 -6.3752802041121 -9.885058180074962 -0.8313391503885192
29.519038076152302 8.833884769274043 -0.047944043925234325 3.4271267341126155 1.459202922608629 -3.571134092450503 -2.153458127603365 12.37379134583853 19.03273544373345 32.921330747762624 14.998317975808 17.51133448228765 6.7934014621448275 11.16985402887234 -1.601457350347185 1.368575416377815 18.00173426448171 5.8383791269760925 9.646424870588497 0.03331190818775198 3.6556153936090396 19.533840973908276 -2.7268857396253665 5.406203303855257 0.9537907792454625 -8.52012147036598 -6.37063217487629 -9.88041015083917 -0.8266911211527272
29.579158316633265 8.838526526553032 -0.0433022866462629 3.431768491391587 1.4638446798876004 -3.566492335171514 -2.1488163703243934 12.378433103117501 19.037377201012422 32.92597250504161 15.002959733086989 17.51597623956664 6.798043219423817 11.174495786151311 -1.5968155930681958 1.3732171736567864 18.00637602176068 5.843020884255064 9.651066627867468 0.03795366546674117 3.660257150888029 19.538482731187248 -2.7222439823463773 5.4108450611342285 0.9584325365244517 -8.515479713087009 -6.3659904175973185 -9.87576839356018 -0.8220493638737381
29.639278557114228 8.843162057105172 -0.038666756094105637 3.436404021943744 1.4684802104397576 -3.5618568046193744 -2.144180839772236 12.383068633669659 19.04201273156458 32.93060803559375 15.007595263639129 17.52061177011878 6.802678749975956 11.179131316703469 -1.5921800625160563 1.3778527042089437 18.01101155231282 5.847656414807221 9.655702158419626 0.04258919601888067 3.6648926814401683 19.543118261739405 -2.717608451794238 5.415480591686386 0.9630680670765912 -8.510844182534852 -6.361354887045161 -9.871132863008041 -0.8174138333215986
