web/models/kne/9/mosfit_kn_0.001000_0.1083_0.5000.dat
# %ECSV 1.0
# ---
# datatype:
# - {name: time, datatype: float64}
# - {name: PS1_g, datatype: float64}
# - {name: PS1_i, datatype: float64}
# - {name: PS1_r, datatype: float64}
# - {name: PS1_w, datatype: float64}
# - {name: PS1_y, datatype: float64}
# - {name: PS1_z, datatype: float64}
# - {name: swift_uvot_B, datatype: float64}
# - {name: swift_uvot_U, datatype: float64}
# - {name: swift_uvot_uvm2, datatype: float64}
# - {name: swift_uvot_uvw1, datatype: float64}
# - {name: swift_uvot_uvw2, datatype: float64}
# - {name: swift_uvot_V, datatype: float64}
# - {name: johnson_B, datatype: float64}
# - {name: johnson_I, datatype: float64}
# - {name: johnson_R, datatype: float64}
# - {name: johnson_U, datatype: float64}
# - {name: johnson_V, datatype: float64}
# - {name: sdss_g, datatype: float64}
# - {name: sdss_i, datatype: float64}
# - {name: sdss_r, datatype: float64}
# - {name: sdss_u, datatype: float64}
# - {name: sdss_z, datatype: float64}
# - {name: ATLAS_c, datatype: float64}
# - {name: ATLAS_o, datatype: float64}
# - {name: ukirt_H, datatype: float64}
# - {name: ukirt_J, datatype: float64}
# - {name: ukirt_K, datatype: float64}
# - {name: Clear, datatype: float64}
# meta: !!omap
# - comment: [kappa = 0.5, type = rprocess, mass = 0.001, velocity = 0.10833333333333334, theta_obs = 0.0, tfloor = 1000.0]
# schema: astropy-2.0
time PS1_g PS1_i PS1_r PS1_w PS1_y PS1_z swift_uvot_B swift_uvot_U swift_uvot_uvm2 swift_uvot_uvw1 swift_uvot_uvw2 swift_uvot_V johnson_B johnson_I johnson_R johnson_U johnson_V sdss_g sdss_i sdss_r sdss_u sdss_z ATLAS_c ATLAS_o ukirt_H ukirt_J ukirt_K Clear
[from data line 29]
1.8036072144288577 -5.610088299865588 -9.125050474022611 -7.795867778711312 -8.048914589244909 -10.316797436877057 -9.866824429899346 -4.197520067103105 -2.1492536122021377 5.10190970443215 -0.6426467172193102 1.2731611926795563 -6.625454090802532 -4.431705936527898 -9.92716784132859 -8.454445328217474 -2.448624144065026 -6.807834880852838 -5.282272421558432 -9.0987726957127 -7.755999804120695 -1.4558409595199784 -10.007035198532588 -6.723896105621616 -8.527428513695856 -11.579330977202494 -11.108238797169905 -11.743181071940024 -8.668218590547987
1.8637274549098195 -5.238557325625823 -8.900000549551343 -7.511640162295521 -7.800403390669661 -10.154337446713964 -9.679151849160519 -3.7704106338254837 -1.6016279775747042 5.883138618189105 -0.19267620569246757 1.717454709259464 -6.286622759020315 -4.020655731984654 -9.72106080067671 -8.196577358457617 -1.9192710922750789 -6.481031768483018 -4.897498318940432 -8.872081730613814 -7.468366764034133 -0.9146719390387403 -9.8280742880711 -6.408349765135881 -8.28277264672014 -11.511069678645354 -10.996911856811751 -11.704567038551248 -8.457744644125587
1.9238476953907815 -4.867915911525245 -8.67445936904561 -7.227470891309071 -7.552730832278218 -9.990956932208306 -9.490685784475161 -3.3444384203142183 -1.055949748775262 6.656963755042519 0.25044370976161234 2.1561678240984574 -5.947953484585178 -3.611224048867165 -9.514398557250658 -7.939179365260849 -1.391687779531534 -6.1547414582941835 -4.513720753108874 -8.64491538764593 -7.180699443077891 -0.37518148518104866 -9.648399693019893 -6.093821048407122 -8.038418048967504 -11.44163727631886 -10.884516363383108 -11.66479436357175 -8.24831622835223
1.9839679358717435 -4.497367867692823 -8.447957639307404 -6.942765112604956 -7.305291040131809 -9.826309180663912 -9.30103161396616 -2.9187047621720827 -0.5110560335322487 7.425075905243685 0.6883368195103938 2.5909651131700753 -5.6087478731399125 -3.202535096592833 -9.306748495437784 -7.681705963468748 -0.864764017978452 -5.828287758712809 -4.130115996193133 -8.41680140863966 -6.8923999096641175 0.1637588091203135 -9.467633333908445 -5.779595770166548 -7.793830578678822 -11.370847534818063 -10.770795589977718 -11.623723293358166 -8.039380362441122
2.0440881763527052 -4.126953129525237 -8.220580848468604 -6.657595727935526 -7.058086186614556 -9.660483822359076 -9.110278591760856 -2.493252363899564 0.033042846814481885 8.187548344445666 1.121531589892371 3.022400103978008 -5.2690791255744545 -2.7946240243813354 -9.098196909023681 -7.424229466711634 -0.33852691730870565 -5.501743511304686 -3.7467218002564273 -8.187825431530573 -6.603544297510471 0.7021179056949656 -9.28586466905056 -5.465691477723755 -7.549069368199497 -11.298774261095799 -10.655833335454508 -11.581418507378912 -7.830922373111786
2.1042084168336674 -3.756659985901525 -7.992375743264759 -6.371991077815 -6.811084561531775 -9.493538747361931 -8.918481272323842 -2.0680660675990756 0.5764046642177869 8.944550230685127 1.5505250778286777 3.4509759958253174 -4.928970265529522 -2.3874696777711297 -8.888793425965968 -7.166780192725011 0.1870636605222732 -5.175132744946624 -3.3635230294650853 -7.9580341753487005 -6.314163716192418 1.2399334884407587 -9.103149515597178 -5.152081687903909 -7.304153655405035 -11.225471761612871 -10.539688171175568 -11.53792894049271 -7.622899750822114
2.164328657314629 -3.3864590038974995 -7.763373327890903 -6.085962419784963 -6.564244767784491 -9.325518270593864 -8.725679631878407 -1.6431109518831477 1.1191083415572758 9.696282790632079 1.9757572629345437 3.8771265256778844 -4.588425677858823 -1.9810315995128784 -8.678572564383764 -6.90937203896213 0.7120694729488332 -4.848461357283839 -2.98048657069355 -7.727458565308716 -6.024271976495541 1.777265458666637 -8.919529516414535 -4.83872556739998 -7.059087333656606 -11.150985698618586 -10.422407624300385 -11.493296407213583 -7.4152632648285
2.224448897795591 -3.015772414181601 -7.533231712756265 -5.79907681375559 -6.31713761924015 -9.156170928419805 -8.531586339078032 -1.217734137027594 1.6619975047538207 10.443973732809205 2.39821620554519 4.3018289152282705 -4.246936374774884 -1.5746757876710975 -8.467219805973329 -6.651611794359849 1.2372955653600815 -4.521240332039864 -2.5970149342717974 -7.4957546594532865 -5.733433521498625 2.3149330725949824 -8.734730981337027 -4.525107981419811 -6.813483131598783 -11.075186357634015 -10.30380860863122 -11.447425915159728 -7.207627654223998
2.284569138276553 -2.646055600085049 -7.302975174107509 -5.512536300058848 -6.070784297880749 -8.986323762944721 -8.337109639465847 -0.793574639805118 2.203065501497168 11.185043656244385 2.816564997618372 4.7237164888932135 -3.905887395314161 -1.1699689922944005 -8.25569775516102 -6.394602028852632 1.7607812588129046 -4.1948063718954005 -2.214604401147273 -7.263952064880481 -5.44286658826838 2.8509308811279688 -8.549631623823704 -4.212477503417347 -6.568392972419321 -10.998580749736425 -10.184546724104935 -11.400717765104298 -7.000871780806399
2.344689378757515 -2.276055364532148 -7.071800842260227 -5.225359543374086 -5.824278636253037 -8.815359035409074 -8.141557190633595 -0.3692184506400508 2.74409623900695 11.921990541636017 3.2324519368166986 5.144420504992123 -3.56413659010719 -0.765545657195194 -8.043260164055479 -6.137446088955294 2.2842461521987434 -3.8680596578850386 -1.8319624040335114 -7.031243431089038 -5.151580892949799 3.3870124495381226 -8.363567387343203 -3.8997351464299967 -6.322946341045057 -10.920821390428069 -10.064152856140714 -11.352906822304332 -6.794197305141374
2.4048096192384767 -1.9059477994194118 -6.839865511599701 -4.937714119672485 -5.577734810276489 -8.64341630974442 -7.945076255736652 0.05513737205602781 3.2848697970358387 12.654633576827493 3.6458894371817867 5.563925715612626 -3.221872603294245 -0.36158786889603106 -7.830057891015932 -5.880298977704837 2.80746559539099 -3.541183637539473 -1.4492683233819825 -6.797786272372868 -4.859748161915025 3.922945827710471 -8.176682927113532 -3.5870224057416955 -6.077284559796787 -10.842007859020695 -9.94274673898621 -11.304075839448567 -6.587695761763062
2.464929859719439 -1.5357673319183185 -6.607228184085656 -4.6496517626771094 -5.331167401811445 -8.470557023753305 -7.747727915508911 0.4794553910332489 3.825362439150979 13.383061529044028 4.057020819187898 5.982345897846987 -2.879150699924094 0.04187593045866195 -7.616150055571015 -5.623208884972304 3.3304061513109207 -3.2142328790624193 -1.0665558254997798 -6.563639803549783 -4.567422958763991 4.458694422774752 -7.989039736989643 -3.274358622185929 -5.83144674691912 -10.762192879740214 -9.820386791448 -11.254270808785696 -6.381372614536662
2.5250501002004007 -1.165508447051451 -6.3739186681035775 -4.36119037117253 -5.084563893184715 -8.296818716925731 -7.5495471397563385 0.90374317963417 4.365604435242112 14.107440502153437 4.466010647534162 6.399814651880732 -2.535987559979927 0.44486061059360765 -7.4015682213125364 -5.3661925335275145 3.853087531277868 -2.8872246410844022 -0.683817599254759 -6.328833909697007 -4.2746255929210975 4.994276041107302 -7.800674068464986 -2.9617292894437597 -5.585442225138575 -10.681414441270467 -9.69711235704512 -11.203526047719341 -6.175210461053897
2.5851703406813624 -0.7951556667305937 -6.139957940088916 -4.07233827871611 -4.837905873102564 -8.122231169640823 -7.3505606518557975 1.3280195445156628 4.905638265417984 14.827957240543391 4.873015424128084 6.816456337574085 -2.1923893108330477 0.8473918674598797 -7.186335455726694 -5.109257450035785 4.375541976665048 -2.560165915912955 -0.30103621354300003 -6.093389615849443 -3.981366664129844 5.529721402206995 -7.611614147108323 -2.649112013345345 -5.339271934176946 -10.59970535175818 -9.572956277375118 -11.15187165979039 -5.9691874216731655
2.6452905811623246 -0.4241813758691393 -5.905018310974608 -3.7826891805572416 -4.590814773381577 -7.946547255888845 -7.150488668330848 1.7528810261980687 5.4462234285446165 15.545732434120932 5.2787293550643355 7.232945809498418 -1.8478808332469334 1.2500458517913378 -6.970148913482666 -4.852036000242202 4.898497932188189 -2.2326032602041197 0.08233284365653404 -5.856977502318674 -3.687236586366165 6.065773521796931 -7.421594002601264 -2.336043555684828 -5.0925748494953815 -10.516935000033863 -9.447735998050673 -11.099211277207742 -5.762971795776242
2.7054108216432864 -0.05399322445446941 -5.670080422649431 -3.4933969264773346 -4.344277901288205 -7.770555506323209 -6.950199325057245 2.1767410808566625 5.985402541642255 16.258363543395294 5.681742491403483 7.647801148476049 -1.5037999934249349 1.6513187394277613 -6.7539276654479705 -4.595570195804737 5.420048811855594 -1.9058173629639417 0.46484174768341546 -5.6205832378051035 -3.393406643205239 6.60048000633525 -7.231449079294823 -2.02372985816206 -4.846352191078864 -10.433581201228266 -9.322072425428852 -11.045918574877154 -5.557409601777454
2.7655310621242486 0.3166524361377121 -5.434328469842082 -3.2034749924521577 -4.097413193355042 -7.59362089463945 -6.748983612548667 2.6010040014506943 6.524936952904277 16.968277557512007 6.083500359864633 8.062465759656995 -1.1589984988490556 2.052556558153849 -6.536912492103602 -4.338966901810076 5.941896138168186 -1.5787103846301929 0.8477719023841601 -5.383386794119112 -3.098879294188208 7.135579415088902 -7.040501296484614 -1.7110914653937215 -4.599736323846493 -10.349284078328774 -9.195481015318714 -10.991719644016163 -5.351735949901482
2.8256513026052104 0.687520845141325 -5.197945798755033 -2.9131285293952125 -3.8503823311944885 -7.4158991661225215 -6.547009050084753 3.0254063911247444 7.064512542213759 17.67520596968813 6.483840438165824 8.476736037555096 -0.813712709463215 2.453515927548007 -6.319277347289304 -4.082410166500179 6.463728486276111 -1.2515092836014905 1.2308826762966696 -5.145572465524957 -2.803864415785835 7.670751358924512 -6.848913702336965 -1.398324343444326 -4.352900458823488 -10.264148268147276 -9.068090674962386 -10.936699490331508 -5.146086231538369
2.885771543086172 1.0585699982351215 -4.960983915154902 -2.622406153736083 -3.6032114926216785 -7.237441126387285 -6.344327130910212 3.4499023041421397 7.604084480628774 18.379231106858565 6.882802028998487 8.890614570280505 -0.4679975232815828 2.8541608480982776 -6.10107284728378 -3.825941961444113 6.985496192136072 -0.9242671179940996 1.614131784194175 -4.907192032147325 -2.5084132733124243 8.205943243881002 -6.656737871505314 -1.085458677642297 -4.105881101753184 -10.178216145888415 -8.939948440362693 -10.88089483380905 -4.94047923286443
2.9458917835671343 1.4297988753543578 -4.723465252632728 -2.3313224503798224 -3.3558984797707403 -7.058274045789474 -6.140963510982154 3.8744920512581063 8.143664437499663 19.080507641271954 7.280462553373663 9.304143047996863 -0.12186858502956784 3.254499348483129 -5.882322297290737 -3.569573181694417 7.507204857286059 -0.5969992766404861 1.9975190465454773 -4.668268061451215 -2.21254261558661 8.741159087345327 -6.464000511547923 -0.7724897992346413 -3.8586851693590596 -10.091515740476991 -8.811082703672229 -10.82433118278013 -4.73490958544625
3.006012024048096 1.801214457243212 -4.48540559180497 -2.0398846531555037 -3.1084359218652935 -6.878419451235214 -5.936937708611509 4.299184991767814 8.683274386990014 19.77920174511222 7.676902786173301 9.717366776276318 0.22466674960374103 3.6545480123090495 -5.663042645119357 -3.3133077945654437 8.0288705056964 -0.26971310786952896 2.381052441118392 -4.42881644202668 -1.9162617079055622 9.276413643132138 -6.270722371681128 -0.4594065913872747 -3.6113133005502895 -10.004071215842172 -8.681517041322254 -10.76703094294574 -4.5293677373315155
3.066132264529058 2.172824502822124 -4.246819037901091 -1.7480985364477597 -2.8608163051827162 -6.697897102898018 -5.732267496455208 4.723991383883658 9.22293654687552 20.475477326380254 8.072199805701832 10.130327544230365 0.5716025927803755 4.054324210197763 -5.443249140205629 -3.057148177952638 8.550509797337885 0.057585562212205926 2.7647406736939395 -4.188851385548311 -1.6195783026157606 9.811722383739223 -6.076922457589422 -0.1461976789079067 -3.3637650038171607 -9.915905226488293 -8.551273316601138 -10.709015243308622 -4.323844253585367
3.12625250501002 2.5446361251390393 -4.007719064201538 -1.4559696225948748 -2.6130329231959237 -6.516725851753069 -5.52696983805788 5.14892077606654 9.762671447603797 21.169492883413422 8.46642604620886 10.54306275173866 0.9189331442962497 4.453844561308472 -5.222956317210637 -2.8010962283943757 9.072138130073053 0.38489111273692944 3.148591717389717 -3.948386474468073 -1.322499862586639 10.347099553129624 -5.882618931270738 0.1671473773589227 -3.1160397156149244 -9.82703943924628 -8.420372361052413 -10.650304344751492 -4.118330606898422
3.186372745490982 2.9167003938767877 -3.7680882632485613 -1.1634672155892112 -2.3650486267770177 -6.334899637702005 -5.321034280486732 5.574032330044493 10.302560709506139 21.86148003832926 8.859696584363679 10.95565493895586 1.2666946396461818 4.85317244379544 -5.002149784185558 -2.5451213783660203 9.593830421372498 0.7122378519611086 3.532658713604402 -3.707404267501886 -1.0249970524890806 10.882620442176307 -5.687803710007433 0.48067638961628134 -2.8681056527917725 -9.737480472856335 -8.288815396137801 -10.590906825924778 -3.912792503662015
3.2464929859719436 3.2888949302230053 -3.528026200338683 -0.8707000200045201 -2.116947888359668 -6.152504970055883 -5.1145531131229305 5.999189517831533 10.842441410803012 22.55135794836917 9.251941233710514 11.367993621355051 1.614760652507978 5.252186343228328 -4.780924170243149 -2.28931689876313 10.11542505013179 1.039506159338386 3.9168162646065063 -3.4660048602791527 -0.7271820013447616 11.418118031092792 -5.492566741220788 0.794287982148667 -2.620051938089123 -9.647288823630598 -8.156675060781192 -10.530872627421475 -3.7072995560370714
3.306613226452906 3.661339454682988 -3.2874669973621984 -0.5775806032738373 -1.8686460253339021 -5.969496604063735 -4.907472801474508 6.424528985686288 11.38249042510461 23.23946935615388 9.643341213615937 11.780231821078463 1.9632332399586148 5.6510226229151215 -4.559219651180896 -2.0336013005480007 10.637089832033933 1.366792935749397 4.301188040737092 -3.224122115359709 -0.4289677150453919 11.953762902119536 -5.296858672399605 1.108088268869416 -2.3717979489999763 -9.556447304494265 -8.023921640858942 -10.470191816603974 -3.5017772542488856
3.3667334669338675 4.03401057612415 -3.046441236678401 -0.28413652117327715 -1.620158699346188 -5.785905611424056 -4.69982452317776 6.850025913633243 11.922682845781107 23.92589766701249 10.033924792449298 12.192363522933288 2.3120802968196825 6.049665033828596 -4.337066303174427 -1.7779952780722155 11.158797415456839 1.6940681150523342 4.685750396290462 -2.9817868209736353 -0.13038387959324993 12.489525715785934 -5.100710978856764 1.422060253202293 -2.123362841055787 -9.464983107664098 -7.890584279346731 -10.408888523668887 -3.296236830324535
3.4268537074148293 4.406907565985154 -2.8049633324242507 0.00962351638385428 -1.3714858860308787 -5.60174993598844 -4.49162505210797 7.275681057511773 12.463025106889543 24.610760719415975 10.423741659400676 12.604405936761914 2.6612915667497345 6.448121380051269 -4.114479028349215 -1.5225025756118107 11.680551076880235 2.0213224556258274 5.070502958190026 -2.739013520961553 0.16855898266030067 13.025408556208422 -4.904141317317787 1.7362061410923957 -1.8747495984075968 -9.372915355065226 -7.756681693914656 -10.346980581449293 -3.0906762567920154
