web/models/kne/9/mosfit_kn_0.406447_0.4687_0.5000.dat
# %ECSV 1.0
# ---
# datatype:
# - {name: time, datatype: float64}
# - {name: PS1_g, datatype: float64}
# - {name: PS1_i, datatype: float64}
# - {name: PS1_r, datatype: float64}
# - {name: PS1_w, datatype: float64}
# - {name: PS1_y, datatype: float64}
# - {name: PS1_z, datatype: float64}
# - {name: swift_uvot_B, datatype: float64}
# - {name: swift_uvot_U, datatype: float64}
# - {name: swift_uvot_uvm2, datatype: float64}
# - {name: swift_uvot_uvw1, datatype: float64}
# - {name: swift_uvot_uvw2, datatype: float64}
# - {name: swift_uvot_V, datatype: float64}
# - {name: johnson_B, datatype: float64}
# - {name: johnson_I, datatype: float64}
# - {name: johnson_R, datatype: float64}
# - {name: johnson_U, datatype: float64}
# - {name: johnson_V, datatype: float64}
# - {name: sdss_g, datatype: float64}
# - {name: sdss_i, datatype: float64}
# - {name: sdss_r, datatype: float64}
# - {name: sdss_u, datatype: float64}
# - {name: sdss_z, datatype: float64}
# - {name: ATLAS_c, datatype: float64}
# - {name: ATLAS_o, datatype: float64}
# - {name: ukirt_H, datatype: float64}
# - {name: ukirt_J, datatype: float64}
# - {name: ukirt_K, datatype: float64}
# - {name: Clear, datatype: float64}
# meta: !!omap
# - comment: [kappa = 0.5, type = rprocess, mass = 0.4064473885499596, velocity = 0.4686666666666667, theta_obs = 0.0, tfloor = 1000.0]
# schema: astropy-2.0
time PS1_g PS1_i PS1_r PS1_w PS1_y PS1_z swift_uvot_B swift_uvot_U swift_uvot_uvm2 swift_uvot_uvw1 swift_uvot_uvw2 swift_uvot_V johnson_B johnson_I johnson_R johnson_U johnson_V sdss_g sdss_i sdss_r sdss_u sdss_z ATLAS_c ATLAS_o ukirt_H ukirt_J ukirt_K Clear
0.06012024048096192 -13.866548610151437 -13.339933670444424 -13.596031733876224 -13.666751266749628 -12.95052132210282 -13.118395237341645 -13.834996354734088 -15.091844530574487 -15.626599243624199 -15.487986082260257 -15.495187826128166 -13.745484374739238 -13.843955763633303 -13.682031209702014 -13.751402454737224 -14.823365044326213 -13.751843336507966 -13.896002654509392 -13.355956060864838 -13.598384830815018 -14.069604603402368 -13.080252550184408 -13.78622679887064 -13.511361798226389 -12.00314165987123 -12.537566818327173 -11.491857008392772 -13.588674904867126
0.12024048096192384 -14.850988591942222 -14.448113834734855 -14.658282681005481 -14.70196564061851 -14.101772357021964 -14.253253336963763 -14.782107107337847 -15.931834401509217 -16.1597953708567 -16.117129741855223 -15.934696601192528 -14.773034909736655 -14.793084507885798 -14.802273957425982 -14.82402740098155 -15.684833141640794 -14.781162301252271 -14.86963490039967 -14.46298884115782 -14.660732329174948 -14.926225801923092 -14.219059700368142 -14.796132405001199 -14.590860028900092 -13.212239001422803 -13.719985142505545 -12.719169301360543 -14.631206217835384
0.18036072144288576 -15.487982251533268 -15.14765240382932 -15.334576826760138 -15.365483383958871 -14.823074958623241 -14.966277178735847 -15.400042291326159 -16.49571154352767 -16.571460367185797 -16.57919950293234 -16.30346945764423 -15.43164901773076 -15.412126184754577 -15.50792706798336 -15.50564241526785 -16.25946072434906 -15.44073665972501 -15.50114955204176 -15.161945738787406 -15.33704834725226 -15.498329672854751 -14.934092620517596 -15.446270888781566 -15.276015471589233 -13.96260610107605 -14.456989331440544 -13.47861590615622 -15.29881785827337
0.24048096192384769 -16.00506666992276 -15.693238435903982 -15.869560031512489 -15.89484546466947 -15.378585876110495 -15.518013262668209 -15.908404474443795 -16.979482576449563 -16.986560350756402 -17.017620927837225 -16.700047450852015 -15.958543807516296 -15.921012205866067 -16.05630533170227 -16.04306856954817 -16.74810147091285 -15.968084200738735 -16.015734900148075 -15.707266157776445 -15.872035359130567 -15.985805180584656 -15.48674806458088 -15.969405364262101 -15.815070424533388 -14.531341801759455 -15.019652980515852 -14.051468539437744 -15.830134332603247
0.3006012024048096 -16.47210535152814 -16.164962575892723 -16.33954043667666 -16.363913908276384 -15.851942211023058 -15.990748822090666 -16.374007159651207 -17.441045705767042 -17.436876495364938 -17.471790548064874 -17.147380522979553 -16.4271926330279 -16.386702190215704 -16.528488889258696 -16.51345169567777 -17.210463286034578 -16.436808373523984 -16.482362643564112 -16.178946596482486 -16.34201601689906 -16.447974556738085 -15.959635011225721 -16.43744220915245 -16.28572225326545 -15.006871443461286 -15.494185237043077 -14.527673921629807 -16.29952939911787
0.3607214428857715 -16.9178578670941 -16.597412383683228 -16.776940431668006 -16.80391203320001 -16.279758458496385 -16.420327367728653 -16.823835130870634 -17.902344885796193 -17.930138565044643 -17.95412627448158 -17.649157598183546 -16.868371775445887 -16.836283180457116 -16.959634640406247 -16.949709134155963 -17.66949349389571 -16.877774272266045 -16.929281796809992 -16.611520451284996 -16.779415018918673 -16.907550480872917 -16.388783934493958 -16.880363427232226 -16.721217500527068 -15.428516862005473 -15.918662947836442 -14.947400062878254 -16.73860412790619
0.42084168336673344 -17.352855337515365 -17.00597987231495 -17.195338323564684 -17.22755364662593 -16.679123894591754 -16.823192761273713 -17.266915307318975 -18.368236341453485 -18.45981777650261 -18.462230731552136 -18.196171529972215 -17.294265278107616 -17.278880638647042 -17.365613835089732 -17.365844503875316 -18.130864470639658 -17.303250291293676 -17.366596391470956 -17.02033415581667 -17.197808421549485 -17.369999707574166 -16.79079742234112 -17.30975981964443 -17.13584487159986 -15.815616494515488 -16.311395556894777 -15.330679153498215 -17.160447142600574
0.48096192384769537 -17.779958492258174 -17.397667685872538 -17.600189721288597 -17.63960123624445 -17.0584873825967 -17.207244129120927 -17.704817644048074 -18.836741893265057 -19.014381986491905 -18.98818102449635 -18.774828534560694 -17.70913383577953 -17.71615270810337 -17.753838392243104 -17.76767960933353 -18.593287915667897 -17.717572243561982 -17.796802510775205 -17.412351426241326 -17.602648600954698 -17.833855181935263 -17.17371051308639 -17.729408315622948 -17.535672345497346 -16.17852783743565 -16.68186939004407 -15.688453885418737 -17.570159643357215
0.5410821643286573 -18.20041348482036 -17.776775754916194 -17.99465532847078 -18.042712754265615 -17.42321127180313 -17.577440292983635 -18.13783234303057 -19.305526729337092 -19.58446557995192 -19.525324164155062 -19.374280375956786 -18.115255784943518 -18.148455376712803 -18.128909305940645 -18.1586455026613 -19.05493883836891 -18.123074385378533 -18.22087671257833 -17.79184354621778 -17.9970936646734 -18.29715876978117 -17.542581952739607 -18.141233859168207 -17.92431288944906 -16.52401003791393 -17.036207022288234 -16.0279099883963 -17.97065327377215
0.6012024048096192 -18.607918837280764 -18.140958341500486 -18.37492002405524 -18.432316600105327 -17.772320443713774 -17.932285430565553 -18.558437789066666 -19.763639911597366 -20.149626141034375 -20.05656827377985 -19.971621171244593 -18.507689564044398 -18.568341994182877 -18.48886734058687 -18.535267579179788 -19.505543589988747 -18.514879638905054 -18.632169158794163 -18.15642799148966 -18.37732835846907 -18.749471942028304 -17.896043167664324 -18.539783337912787 -18.29851937747037 -16.852903427894837 -17.374417338228003 -16.350449328530377 -18.35763869432645
0.6613226452905812 -19.00279855446131 -18.49212372245022 -18.742307170643038 -18.809414627947234 -18.1082657496653 -18.274024613920297 -18.966468766095154 -20.209520705134345 -20.704382296529523 -20.57780050505576 -20.560268859706262 -18.887310238243284 -18.975675567113463 -18.83577375539205 -18.899003447806574 -19.943819725190963 -18.89388742955386 -19.030863569281635 -18.507998462955584 -18.744676588041873 -19.189446569302575 -18.236389267226976 -18.925716345158765 -18.659838821237518 -17.16837477787523 -17.69933931504717 -16.659459982780668 -18.732222997218297
0.721442885771543 -19.385211825648465 -18.831610595864703 -19.09772235757279 -19.17464280509801 -18.432787211520196 -18.604245680519842 -19.36172460899809 -20.641915648727807 -21.244413190548745 -21.085687092264074 -21.134909425637613 -19.25469439093294 -19.370273535303987 -19.171079921735156 -19.25085584231332 -20.36872735220123 -19.26069021394525 -19.417014710523546 -18.847882918981256 -19.100045262237142 -19.615995828324788 -18.565244630518016 -19.299433417705423 -19.009338135883862 -17.472696646412317 -18.013000671588983 -16.95738088271074 -19.09510720641352
0.781563126252505 -19.752209346734055 -19.15795681523809 -19.439156360627408 -19.52561901579564 -18.744933607747605 -18.921803153771943 -19.7408125395799 -21.056114457851596 -21.76105598030095 -21.57269330127784 -21.68546449831313 -19.607423260605216 -19.748762767621496 -19.493466158505594 -19.588935575103854 -20.775826421010645 -19.612886867717854 -19.787542983443664 -19.174605648723713 -19.441427779873823 -20.024624083014455 -18.881509858297463 -19.658278435994472 -19.345206844202423 -17.765606446813 -18.314819982839694 -17.24416843392516 -19.443976235963998
0.8416833667334669 -20.105494823352075 -19.47305488423643 -19.76843548265121 -19.864079110905664 -19.046658871922393 -19.228627616945282 -20.105386400847955 -21.453584068435507 -22.25504659138425 -22.03964863111752 -22.21222733142538 -19.94727794615556 -20.11279547050457 -19.804841385782243 -19.91508024438514 -21.16662738206068 -19.952257522089965 -20.144135619288335 -19.49005758786056 -19.770652071265573 -20.416837608558538 -19.1871204085607 -20.00398019289829 -19.669289171198763 -18.049145554820974 -18.60679666673514 -17.521894368977545 -19.78055545606706
0.9018036072144289 -20.444572240741223 -19.77686572608345 -20.085353498139842 -20.189659199791343 -19.338082446459612 -19.524777916798115 -20.454823889631097 -21.83329427707399 -22.72396614870186 -22.48437634873973 -22.71209919648561 -20.27393323440042 -20.461751229700646 -20.10520973765073 -20.229116937813185 -21.54018823779411 -20.27847922546737 -20.486257507422803 -19.79419555279094 -20.087513991600634 -20.791681139540366 -19.48214880322828 -20.33611940745569 -19.98143326333972 -18.323656272587257 -18.889167687804758 -17.790975581977598 -20.104482265710022
0.9619238476953907 -20.767811611544165 -20.068215082025205 -20.388567553171555 -20.50085452697889 -19.618192546489173 -19.80917985975534 -20.78737318956839 -22.193101316502712 -23.164332769995863 -22.903577145232887 -23.180921573732775 -20.585928381775133 -20.793879631240845 -20.393440925393282 -20.5297359258329 -21.89444992595971 -20.590093171548936 -20.812240532346475 -20.0858411163137 -20.39067289317554 -21.147083581786053 -19.76553484264846 -20.65314007465261 -20.280350248327785 -18.588359818481802 -19.161043416615513 -18.050712514011146 -20.414250858724756
1.0220440881763526 -21.081810318472094 -20.3526606307212 -20.684022018096506 -20.803828718458917 -19.89218401574643 -20.087166401798502 -21.10994627872775 -22.540811071398466 -23.586449091857794 -23.30673683254542 -23.629705215640836 -20.889500570593846 -21.116074966659525 -20.674990907141215 -20.822793719256023 -22.237040374024286 -20.893321120927673 -21.12877281814617 -20.370561631782298 -20.686072558612114 -21.49071409285641 -20.042578107157265 -20.96142355849757 -20.571838272648666 -18.847964245397343 -19.42735622008538 -18.305660265376083 -20.71595987014284
1.0821643286573146 -21.383611754151968 -20.62779361057988 -20.9691031669856 -21.095795209655055 -20.157846449515926 -20.356450874804768 -21.419437831128498 -22.872862668039424 -23.985298242723076 -23.689066868262696 -24.052772551907506 -21.181890932595 -21.42523566019847 -20.947504910560728 -21.10571846998405 -22.56449434942172 -21.185408148394785 -21.432852145706214 -20.64594322401609 -20.971101265233827 -21.81909176600092 -20.31100936265304 -21.25810792042289 -20.8533523137986 -19.100542174886886 -19.686044667114402 -18.553986664031004 -21.00683100989084
1.1422845691382766 -21.593496706416957 -20.824626192417064 -21.170810239324 -21.300905979280618 -20.350029561805965 -20.55041325705835 -21.633069238235418 -23.097486907948497 -24.24245238363055 -23.93835103520658 -24.321804140728535 -21.387169869572197 -21.638708561376244 -21.14305324369318 -21.306372189209252 -22.786877683722555 -21.39054110628068 -21.64384879454669 -20.842897682279098 -21.172781651141275 -22.041921843689085 -20.504553306176643 -21.46550259642959 -21.05331749657342 -19.28628273583962 -19.874797369426638 -18.737627881065087 -21.21142148136112
1.2024048096192383 -21.658948365109918 -20.896489822538786 -21.24027879071022 -21.368699717313806 -20.42417847932393 -20.623687544290554 -21.696681915676283 -23.15570362407522 -24.284704016809457 -23.984450662469357 -24.358220233917066 -21.45488419130163 -21.702398824954322 -21.215547975390205 -21.376358036622804 -22.84619440748599 -21.458326938082553 -21.708754604954272 -20.914701423163784 -21.242263395351948 -22.101019552368335 -20.578033227152517 -21.532176427375997 -21.12364143496629 -19.36359986475924 -19.950632948315032 -18.81597789213442 -21.279469527241712
1.2625250501002003 -21.72036665651179 -20.964257241342654 -21.305675532969754 -21.432443290819485 -20.494206431471973 -20.69285051344128 -21.75627646495298 -23.20994698136902 -24.323109777442284 -24.026701205060448 -24.390849052188862 -21.518543046026874 -21.762070732411217 -21.283939901047983 -21.442267315407506 -22.901528583789432 -21.522056986542314 -21.76963187981789 -20.98240957301961 -21.30767304296091 -22.156136008631755 -20.647399670092863 -21.594807148364605 -21.18988578074374 -19.43675867399216 -20.022328224899706 -18.89015645193346 -21.343467367653197
1.3226452905811623 -21.778371416390687 -21.028519562857753 -21.36760223661037 -21.492745788408616 -20.560694460432476 -20.758487050218015 -21.81248111602062 -23.260869990557165 -24.35839736568838 -24.065811223215725 -24.420445737608766 -21.578756092928295 -21.818352146149213 -21.348817340079098 -21.504699472173822 -22.953528154053455 -21.582340576725937 -21.82710293346144 -21.046613511439336 -21.36961231118324 -22.207920178906715 -20.71323661225092 -21.65400901809738 -21.252648459086743 -19.50632642377714 -20.090456873386042 -18.96072638138065 -21.404022862101755
1.3827655310621243 -21.8328863152702 -21.089264825661296 -21.426022857681453 -21.549554341481603 -20.623653628228222 -20.820599399902306 -21.865201139648455 -23.30832407615608 -24.39026000779052 -24.1015118367139 -24.446646181834865 -21.635469680485404 -21.871149113435177 -21.410174684248943 -21.56362365924614 -23.002055501436775 -21.63912477389768 -21.88108597224586 -21.10730067427811 -21.428045289074795 -22.256232262787385 -20.775548370637633 -21.709717948902973 -21.311902018697868 -19.572346170998745 -20.155046976898046 -19.027741189158306 -21.461085685971728
1.442885771543086 -21.88412644461936 -21.146725445700287 -21.481163309145277 -21.603090362111992 -20.683322589458832 -20.8794238255739 -21.91464669948716 -23.352505081845898 -24.418852221007302 -24.133967465381012 -24.46959034489707 -21.68890497870966 -21.920672008879464 -21.468246069199967 -21.619267192614934 -23.047309370592803 -21.6926309428576 -21.931794624383087 -21.164703314420716 -21.483197924711952 -22.30127042213354 -20.834571770204917 -21.762152323100885 -21.367874693358857 -19.635065272843836 -20.21634181508915 -19.0914510835673 -21.514877946404685
1.503006012024048 -21.932705204379044 -21.20146500404859 -21.533605710404817 -21.653948760240116 -20.740247334281552 -20.93551303843384 -21.961445648758115 -23.394083387600926 -24.444971326791144 -24.16394348840578 -24.490121851467585 -21.7396577735832 -21.967548059286134 -21.5235902041733 -21.6722081626859 -23.089951459236044 -21.743454297474344 -21.979846564989316 -21.2193854756306 -21.535652241882435 -22.34369810375453 -20.89085793660537 -21.81191593100234 -21.42114193689043 -19.69500551977244 -20.27487446252744 -19.15237002196729 -21.565992470294297
1.56312625250501 -21.978712277322856 -21.25359690169807 -21.58345457226403 -21.702227856558807 -20.79454978044872 -20.98898569277976 -22.005680912315626 -23.433122210390813 -24.46862313152606 -24.19145938623471 -24.508225943891077 -21.787826086732284 -22.011860476047914 -21.576322838637118 -21.722552997548476 -23.130048986253417 -21.791693124112715 -22.02532946945798 -21.27146033616972 -21.585512800201094 -22.3835817269703 -20.944526290736896 -21.8591029594897 -21.47181143089691 -19.75230069286519 -20.33077314405464 -19.210635668090013 -21.614528518372378
1.6232464929859718 -22.022563654802543 -21.303505468474633 -21.631105980833834 -21.748331749565555 -20.84660314054112 -21.04021924430004 -22.047777736298368 -23.470074043225235 -24.49034167314791 -24.217028020304596 -24.524466178252013 -21.833814708861993 -22.05403409521564 -21.62682521750605 -21.770695216418076 -23.168048881144518 -21.837751841322405 -22.068662059546327 -21.321312518990396 -21.633175628545533 -22.42136935366064 -20.995953284768323 -21.9041232401017 -21.520275012926344 -19.807308787761105 -20.384402937066213 -19.266601115971135 -21.660888810205936
1.6833667334669338 -22.063954188740595 -21.35096518328803 -21.676304706623508 -21.791984821695678 -20.89621016734979 -21.08900563345598 -22.087407973596182 -23.504543404640668 -24.50953292657742 -24.24010513646726 -24.538177378556178 -21.8773465595467 -22.093741773822714 -21.674879642220894 -21.816386042434523 -23.203569365486143 -21.881354286741384 -22.10953238262748 -21.368715760404484 -21.678385649032084 -22.456676432499112 -21.04493340881236 -21.94668695505893 -21.56628813059875 -19.859871587375753 -20.43558740500421 -19.320120817197633 -21.704801075109135
