web/models/kne/9/mosfit_kn_0.001862_0.1397_10.0000.dat
# %ECSV 1.0
# ---
# datatype:
# - {name: time, datatype: float64}
# - {name: PS1_g, datatype: float64}
# - {name: PS1_i, datatype: float64}
# - {name: PS1_r, datatype: float64}
# - {name: PS1_w, datatype: float64}
# - {name: PS1_y, datatype: float64}
# - {name: PS1_z, datatype: float64}
# - {name: swift_uvot_B, datatype: float64}
# - {name: swift_uvot_U, datatype: float64}
# - {name: swift_uvot_uvm2, datatype: float64}
# - {name: swift_uvot_uvw1, datatype: float64}
# - {name: swift_uvot_uvw2, datatype: float64}
# - {name: swift_uvot_V, datatype: float64}
# - {name: johnson_B, datatype: float64}
# - {name: johnson_I, datatype: float64}
# - {name: johnson_R, datatype: float64}
# - {name: johnson_U, datatype: float64}
# - {name: johnson_V, datatype: float64}
# - {name: sdss_g, datatype: float64}
# - {name: sdss_i, datatype: float64}
# - {name: sdss_r, datatype: float64}
# - {name: sdss_u, datatype: float64}
# - {name: sdss_z, datatype: float64}
# - {name: ATLAS_c, datatype: float64}
# - {name: ATLAS_o, datatype: float64}
# - {name: ukirt_H, datatype: float64}
# - {name: ukirt_J, datatype: float64}
# - {name: ukirt_K, datatype: float64}
# - {name: Clear, datatype: float64}
# meta: !!omap
# - comment: [kappa = 10.0, type = rprocess, mass = 0.001861645566637777, velocity = 0.13966666666666672, theta_obs = 0.0, tfloor = 1000.0]
# schema: astropy-2.0
time PS1_g PS1_i PS1_r PS1_w PS1_y PS1_z swift_uvot_B swift_uvot_U swift_uvot_uvm2 swift_uvot_uvw1 swift_uvot_uvw2 swift_uvot_V johnson_B johnson_I johnson_R johnson_U johnson_V sdss_g sdss_i sdss_r sdss_u sdss_z ATLAS_c ATLAS_o ukirt_H ukirt_J ukirt_K Clear
[from data line 204]
12.324649298597194 10.970588859045911 2.088760045846616 5.563830823884466 3.5959070123804793 -1.434430002678635 -0.016754037831514523 14.51049543561038 21.1694395335053 35.05803483753447 17.13502206557985 19.64803857205951 8.930105551916697 13.30655811864419 0.5352467394246654 3.505279506149665 20.13843835425356 7.975083216747943 11.783128960360347 2.17001599795962 5.79231948338089 21.670545063680127 -0.5901816498534984 7.542907393627107 3.0904948690173306 -6.383417380594131 -4.23392808510444 -7.743706061067302 1.3100129686191408
12.384769539078157 10.982578591284327 2.1007497780850493 5.575820556122881 3.6078967446188948 -1.4224402704402195 -0.004764305593081275 14.522485167848814 21.181429265743724 35.0700245697729 17.147011797818283 19.660028304297928 8.942095284155112 13.318547850882606 0.5472364716630986 3.5172692383880806 20.150428086491974 7.987072948986358 11.795118692598763 2.1820057301980356 5.804309215619323 21.68253479591855 -0.5781919176150829 7.554897125865523 3.102484601255746 -6.3714276483557155 -4.221938352866024 -7.731716328828886 1.3220027008575563
12.444889779559118 10.994527968639911 2.112699155440616 5.587769933478466 3.6198461219744793 -1.410490893084635 0.0071850717624855065 14.53443454520438 21.1933786430993 35.08197394712848 17.158961175173868 19.671977681653512 8.954044661510697 13.33049722823819 0.5591858490186654 3.529218615743665 20.16237746384756 7.999022326341943 11.807068069954347 2.19395510755362 5.816258592974908 21.694484173274127 -0.5662425402594984 7.566846503221107 3.1144339786113306 -6.359478271000131 -4.20998897551044 -7.719766951473302 1.3339520782131409
12.50501002004008 11.006437832847329 2.1246090196480516 5.599679797685901 3.631755986181915 -1.3985810288771994 0.019094935969921067 14.546344409411816 21.205288507306737 35.09388381133591 17.170871039381286 19.683887545860944 8.965954525718132 13.342407092445626 0.571095713226101 3.5411284799511007 20.174287328054987 8.010932190549378 11.818977934161783 2.205864971761038 5.828168457182326 21.706394037481562 -0.5543326760520806 7.578756367428543 3.1263438428187484 -6.347568406792695 -4.198079111303004 -7.707857087265884 1.3458619424205764
12.565130260521041 11.018308964085914 2.136480150886637 5.611550928924469 3.6436271174205004 -1.3867098976386316 0.030966067208506587 14.558215540650401 21.21715963854531 35.105754942574485 17.18274217061987 19.695758677099523 8.9778256569567 13.354278223684211 0.5829668444646865 3.552999611189686 20.186158459293562 8.022803321787945 11.83084906540035 2.2177361029996234 5.840039588420911 21.718265168720137 -0.5424615448134951 7.5906274986671285 3.138214974057334 -6.335697275554128 -4.186207980064436 -7.6959859560272985 1.3577330736591442
12.625250501002004 11.030143177233622 2.148314364034345 5.623385142072195 3.655461330568208 -1.3748756844909238 0.042800280356214415 14.57004975379811 21.22899385169303 35.1175891557222 17.19457638376758 19.70759289024723 8.989659870104408 13.36611243683192 0.5948010576123943 3.564833824337394 20.19799267244128 8.034637534935671 11.842683278548076 2.2295703161473313 5.851873801568619 21.730099381867856 -0.5306273316657872 7.602461711814836 3.150049187205042 -6.323863062406402 -4.174373766916711 -7.684151742879591 1.369567286806852
12.685370741482965 11.04193868026341 2.1601098670641328 5.635180645101983 3.667256833597996 -1.3630801814611182 0.05459578338600224 14.581845256827897 21.240789354722818 35.12938465875199 17.206371886797367 19.71938839327702 9.001455373134196 13.377907939861707 0.6065965606421821 3.576629327367182 20.20978817547107 8.046433037965459 11.854478781577864 2.241365819177119 5.863669304598407 21.741894884897643 -0.5188318286359994 7.614257214844624 3.1618446902348296 -6.312067559376614 -4.162578263886923 -7.672356239849803 1.3813627898366398
12.745490981963927 11.05369762489687 2.1718688116975926 5.646939589735425 3.679015778231456 -1.3513212368276761 0.06635472801946207 14.593604201461357 21.25254829935627 35.14114360338544 17.218130831430827 19.73114733791048 9.013214317767655 13.389666884495167 0.618355505275642 3.5883882720006417 20.221547120104518 8.0581919825989 11.866237726211306 2.253124763810579 5.875428249231867 21.753653829531096 -0.5070728840025396 7.626016159478066 3.1736036348682894 -6.300308614743172 -4.150819319253481 -7.660597295216343 1.3931217344700997
12.80561122244489 11.065420712181293 2.1835918989820158 5.658662677019848 3.6907388655158613 -1.339598149543253 0.07807781530388525 14.60532728874578 21.264271386640694 35.15286669066986 17.22985391871525 19.74287042519489 9.024937405052079 13.401389971779572 0.6300785925600652 3.600111359285047 20.23327020738894 8.069915069883324 11.87796081349573 2.264847851095002 5.88715133651629 21.76537691681552 -0.4953497967181164 7.637739246762489 3.1853267221527126 -6.288585527458749 -4.139096231969058 -7.64887420793192 1.4048448217545229
12.86573146292585 11.077108593631309 2.195279780432031 5.670350558469863 3.7024267469658945 -1.3279102680932375 0.08976569675390067 14.617015170195796 21.27595926809071 35.164554572119876 17.241541800165265 19.754558306644917 9.036625286502094 13.413077853229606 0.6417664740100806 3.6117992407350803 20.244958088838963 8.08160295133334 11.889648694945762 2.2765357325450175 5.898839217966305 21.777064798265535 -0.483661915268101 7.649427128212523 3.197014603602728 -6.276897646008734 -4.127408350519042 -7.637186326481904 1.4165327032045383
12.925851703406813 11.088761854664 2.206933041464705 5.682003819502555 3.714080007998568 -1.3162570070605462 0.10141895778657428 14.62866843122847 21.28761252912339 35.17620783315256 17.25319506119794 19.766211567677598 9.048278547534785 13.42473111426228 0.6534197350427542 3.623452501767754 20.25661134987164 8.09325621236603 11.901301955978436 2.288188993577709 5.910492478998979 21.788718059298215 -0.4720086542354096 7.661080389245196 3.2086678646354194 -6.265244384976042 -4.115755089486351 -7.625533065449213 1.4281859642372297
12.985971943887774 11.100381177490437 2.2185523642911598 5.69362314232901 3.725699330825023 -1.3046376842340912 0.11303828061302923 14.640287754054924 21.299231851949845 35.187827155979015 17.264814384024394 19.777830890504045 9.05989787036124 13.436350437088734 0.6650390578692091 3.635071824594209 20.268230672698095 8.104875535192486 11.912921278804891 2.299808316404146 5.922111801825434 21.80033738212467 -0.4603893314089724 7.672699712071651 3.2202871874618566 -6.253625062149587 -4.104135766659896 -7.613913742622776 1.4398052870636668
13.046092184368737 11.111967200850383 2.2301383876510883 5.705209165688938 3.7372853541849516 -1.2930516608741627 0.12462430397295776 14.651873777414853 21.310817875309773 35.19941317933895 17.276400407384322 19.789416913863985 9.071483893721169 13.447936460448663 0.6766250812291377 3.6466578479541374 20.27981669605802 8.116461558552414 11.92450730216482 2.3113943397640924 5.933697825185362 21.8119234054846 -0.44880330804902613 7.68428573543158 3.231873210821803 -6.242039038789659 -4.092549743299967 -7.60232771926283 1.4513913104236131
13.1062124248497 11.123520535693139 2.2416917224938615 5.716762500531711 3.7488386890277248 -1.2814983260313895 0.13617763881573097 14.663427112257626 21.322371210152546 35.21096651418172 17.287953742227096 19.800970248706758 9.083037228563942 13.459489795291436 0.6881784160719109 3.6582111827969106 20.291370030900794 8.128014893395187 11.936060637007593 2.322947674606848 5.9452511600281355 21.823476740327372 -0.4372499732062529 7.695839070274353 3.2434265456645583 -6.2304857039468855 -4.080996408457194 -7.590774384420056 1.4629446452663863
13.16633266533066 11.135041703448465 2.25321289024917 5.72828366828702 3.760359856783033 -1.269977158276081 0.1476988065710394 14.674948280012934 21.333892377907855 35.22248768193703 17.299474909982422 19.812491416462063 9.09455839631925 13.471010963046744 0.6996995838272193 3.669732350552219 20.302891198656113 8.139536061150496 11.947581804762901 2.334468842362174 5.956772327783462 21.83499790808268 -0.4257288054509445 7.707360238029661 3.2549477134198845 -6.218964536191577 -4.069475240701886 -7.579253216664748 1.4744658130216948
13.226452905811623 11.146531329775833 2.2647025165765555 5.739773294614405 3.771849483110419 -1.2584875319486954 0.159188432898425 14.68643790634032 21.34538200423524 35.233977308264414 17.31096453630979 19.82398104278944 9.106048022646636 13.48250058937413 0.7111892101546049 3.6812219768796046 20.314380824983488 8.151025687477881 11.959071431090287 2.345958468689542 5.9682619541108295 21.846487534410066 -0.41423917912357666 7.718849864357047 3.2664373397472524 -6.2074749098641915 -4.0579856143745 -7.56776359033738 1.4859554393490804
13.286573146292584 11.1579899943011 2.2761611811018234 5.7512319591396555 3.7833081476356867 -1.2470288674234453 0.17064709742369288 14.697896570865588 21.356840668760498 35.24543597278968 17.322423200835058 19.83543970731471 9.117506687171886 13.493959253899398 0.7226478746798728 3.6926806414048725 20.32583948950876 8.16248435200315 11.970530095615555 2.3574171332148097 5.979720618636097 21.857946198935323 -0.40278051459830877 7.730308528882315 3.2778960042725203 -6.196016245338941 -4.04652694984925 -7.556304925812112 1.4974141038743305
13.346693386773547 11.169418273094802 2.287589459895507 5.762660237933357 3.7947364264293704 -1.2356005886297439 0.18207537621737657 14.709324849659271 21.368268947554192 35.256864251583366 17.33385147962874 19.846867986108403 9.128934965965588 13.505387532693081 0.7340761534735565 3.704108920198556 20.33726776830244 8.173912630796833 11.981958374409238 2.368845412008511 5.991148897429781 21.869374477729018 -0.3913522358046073 7.7417368076759985 3.289324283066204 -6.18458796654524 -4.0350986710555485 -7.544876647018411 1.508842382668032
13.40681362725451 11.180816636730544 2.298987823531249 5.774058601569099 3.806134790065112 -1.224202224994002 0.19347373985311833 14.720723213295013 21.379667311189934 35.268262615219115 17.3452498432645 19.858266349744145 9.14033332960133 13.516785896328823 0.7454745171092982 3.715507283834298 20.34866613193819 8.185310994432575 11.99335673804498 2.380243775644253 6.002547261065541 21.88077284136476 -0.37995387216886556 7.75313517131174 3.3007226467019635 -6.173189602909498 -4.023700307419807 -7.533478283382669 1.5202407463037737
13.46693386773547 11.192185633107492 2.3103568199082147 5.785427597946047 3.817503786442078 -1.212833228617054 0.2048427362300842 14.732092209671979 21.391036307566893 35.279631611596066 17.35661883964145 19.8696353461211 9.151702325978277 13.528154892705789 0.7568435134862641 3.726876280211264 20.36003512831514 8.196679990809523 12.004725734421928 2.391612772021201 6.013916257442489 21.89214183774172 -0.36858487579191745 7.764504167688688 3.3120916430789116 -6.16182060653255 -4.012331311042859 -7.522109287005721 1.5316097426807218
13.527054108216433 11.203525805220913 2.3216969920216357 5.796767770059468 3.828843958555499 -1.201493056503633 0.21618290834350518 14.7434323817854 21.402376479680314 35.29097178370949 17.36795901175487 19.88097551823452 9.163042498091698 13.53949506481921 0.7681836855996851 3.738216452324685 20.371375300428568 8.208020162922944 12.01606590653535 2.402952944134622 6.02525642955591 21.90348200985514 -0.3572447036784965 7.775844339802127 3.3234318151923326 -6.150480434419129 -4.000991138929438 -7.5107691148923 1.5429499147941428
13.587174348697394 11.214837664990345 2.3330088517910674 5.8080796298288995 3.840155818324913 -1.1901811967342013 0.2274947681129369 14.754744241554832 21.41368833944974 35.302283643478916 17.3792708715243 19.892287378003953 9.17435435786113 13.550806924588642 0.7794955453691168 3.7495283120941165 20.382687160197992 8.219332022692376 12.027377766304781 2.4142648039040537 6.036568289325341 21.914793869624567 -0.34593284390906476 7.787156199571541 3.3347436749617643 -6.139168574649697 -3.989679279160006 -7.499457255122868 1.5542617745635745
13.647294589178356 11.22612165158154 2.3442928383822625 5.819363616420112 3.851439804916126 -1.1788972101430062 0.238778754704132 14.766028228146027 21.424972326040947 35.31356763007012 17.390554858115497 19.903571364595148 9.185638344452325 13.562090911179837 0.7907795319603119 3.7608122986853116 20.393971146789198 8.230616009283588 12.038661752895994 2.425548790495249 6.0478522759165365 21.926077856215763 -0.33464885731786964 7.798440186162754 3.3460276615529594 -6.1278845880584845 -3.978395292568793 -7.488173268531673 1.5655457611547696
13.707414829659317 11.237378252019763 2.3555494388204856 5.830620216858335 3.862696405354349 -1.1676406097047654 0.2500353551423551 14.77728482858425 21.43622892647917 35.32482423050834 17.40181145855372 19.91482796503338 9.196894944890566 13.57334751161806 0.802036132398535 3.7720688991235347 20.40522774722742 8.241872609721812 12.049918353334217 2.436805390933472 6.05910887635476 21.937334456653996 -0.32339225687964657 7.809696786600977 3.3572842619911825 -6.116627987620261 -3.96713869213057 -7.47691666809345 1.5768023615930105
13.76753507014028 11.248607941511857 2.3667791283125794 5.8418499063504115 3.8739260948464427 -1.1564109202126893 0.2612650446344489 14.788514518076344 21.447458615971257 35.33605392000044 17.413041148045814 19.926057654525465 9.208124634382642 13.584577201110154 0.8132658218906288 3.7832985886156285 20.41645743671951 8.253102299213888 12.06114804282631 2.4480350804255657 6.070338565846853 21.948564146146083 -0.31216256738755277 7.820926476093071 3.3685139514832763 -6.105398298128185 -3.955909002638494 -7.465686978601356 1.5880320510850865
13.827655310621243 11.259811204132735 2.3779823909334397 5.8530531689712895 3.885129357467303 -1.1452076575918113 0.27246830725530913 14.799717780697204 21.458661878592125 35.3472571826213 17.424244410666674 19.937260917146336 9.21932789700352 13.595780463731014 0.824469084511489 3.7945018512364888 20.42766069934037 8.264305561834766 12.072351305447171 2.4592383430464437 6.081541828467714 21.95976740876695 -0.30095930476667476 7.832129738713931 3.3797172141041543 -6.094195035507307 -3.944705740017616 -7.454483715980478 1.5992353137059645
13.887775551102203 11.27098844127925 2.389159628079973 5.864230406117823 3.8963065946138364 -1.1340304204452778 0.28364554440184264 14.810895017843738 21.469839115738658 35.35843441976783 17.435421647813207 19.94843815429287 9.230505134150054 13.606957700877548 0.8356463216580226 3.8056790883830223 20.438837936486905 8.2754827989813 12.083528542593704 2.4704155801929772 6.092719065614247 21.970944645913484 -0.28978206762014125 7.8433069758604645 3.39089445125067 -6.083017798360774 -3.9335285028710825 -7.443306478833945 1.610412550852498
13.947895791583166 11.28214007010671 2.4003112569074325 5.875382034945282 3.907458223441296 -1.1228787916178362 0.294797173229302 14.822046646671197 21.480990744566117 35.36958604859529 17.446573276640667 19.959589783120318 9.241656762977495 13.618109329705007 0.8467979504854819 3.8168307172104816 20.449989565314368 8.286634427808758 12.094680171421164 2.481567209020419 6.1038706944417065 21.982096274740943 -0.27863043879269966 7.854458604687924 3.4020460800781294 -6.0718661695333145 -3.922376874043623 -7.432154850006503 1.6215641796799396
14.008016032064127 11.293266529134964 2.4114377159356692 5.886508493973519 3.9185846824695325 -1.1117523325895817 0.3059236322575387 14.833173105699434 21.492117203594354 35.380712507623535 17.45769973566892 19.970716242148566 9.25278322200575 13.629235788733244 0.8579244095137186 3.8279571762387183 20.461116024342612 8.297760886836995 12.1058066304494 2.4926936680486733 6.114997153469943 21.99322273376918 -0.2675039797644452 7.865585063716161 3.413172539106384 -6.060739710505078 -3.9112504150153864 -7.421028390978249 1.632690638708194
