web/models/kne/9/mosfit_kn_0.002817_0.3590_3.6500.dat
# %ECSV 1.0
# ---
# datatype:
# - {name: time, datatype: float64}
# - {name: PS1_g, datatype: float64}
# - {name: PS1_i, datatype: float64}
# - {name: PS1_r, datatype: float64}
# - {name: PS1_w, datatype: float64}
# - {name: PS1_y, datatype: float64}
# - {name: PS1_z, datatype: float64}
# - {name: swift_uvot_B, datatype: float64}
# - {name: swift_uvot_U, datatype: float64}
# - {name: swift_uvot_uvm2, datatype: float64}
# - {name: swift_uvot_uvw1, datatype: float64}
# - {name: swift_uvot_uvw2, datatype: float64}
# - {name: swift_uvot_V, datatype: float64}
# - {name: johnson_B, datatype: float64}
# - {name: johnson_I, datatype: float64}
# - {name: johnson_R, datatype: float64}
# - {name: johnson_U, datatype: float64}
# - {name: johnson_V, datatype: float64}
# - {name: sdss_g, datatype: float64}
# - {name: sdss_i, datatype: float64}
# - {name: sdss_r, datatype: float64}
# - {name: sdss_u, datatype: float64}
# - {name: sdss_z, datatype: float64}
# - {name: ATLAS_c, datatype: float64}
# - {name: ATLAS_o, datatype: float64}
# - {name: ukirt_H, datatype: float64}
# - {name: ukirt_J, datatype: float64}
# - {name: ukirt_K, datatype: float64}
# - {name: Clear, datatype: float64}
# meta: !!omap
# - comment: [kappa = 3.65, type = rprocess, mass = 0.0028172691138521437, velocity = 0.359, theta_obs = 0.0, tfloor = 1000.0]
# schema: astropy-2.0
time PS1_g PS1_i PS1_r PS1_w PS1_y PS1_z swift_uvot_B swift_uvot_U swift_uvot_uvm2 swift_uvot_uvw1 swift_uvot_uvw2 swift_uvot_V johnson_B johnson_I johnson_R johnson_U johnson_V sdss_g sdss_i sdss_r sdss_u sdss_z ATLAS_c ATLAS_o ukirt_H ukirt_J ukirt_K Clear
[from data line 295]
17.795591182364728 14.294076824961017 5.41224801176174 8.887318789799572 6.9193949782955855 1.8890579632364712 3.3067339280836094 17.833983401525504 24.492927499420418 38.38152280344959 20.458510031494974 22.971526537974626 12.253593517831803 16.630046084559314 3.8587347053397894 6.828767472064789 23.461926320168665 11.298571182663048 15.106616926275453 5.493503963874726 9.115807449296014 24.994033029595244 2.733306316061608 10.866395359542214 6.413982834932437 -3.059929414679025 -0.910440119189334 -4.420218095152196 4.633500934534247
17.85571142284569 14.309132685942814 5.427303872743536 8.902374650781368 6.934450839277382 1.9041138242182676 3.321789789065406 17.8490392625073 24.507983360402214 38.39657866443138 20.47356589247677 22.986582398956422 12.268649378813599 16.64510194554111 3.8737905663215857 6.843823333046585 23.47698218115046 11.313627043644845 15.12167278725725 5.508559824856523 9.13086331027781 25.00908889057704 2.748362177043404 10.88145122052401 6.429038695914233 -3.0448735536972285 -0.8953842582075376 -4.405162234170399 4.648556795516043
17.915831663326653 14.32414438653387 5.442315573334593 8.917386351372443 6.949462539868456 1.9191255248093242 3.3368014896564624 17.864050963098357 24.522995060993267 38.41159036502245 20.488577593067827 23.00159409954748 12.283661079404656 16.660113646132167 3.8888022669126423 6.858835033637642 23.49199388174153 11.328638744235919 15.136684487848324 5.523571525447579 9.145875010868867 25.024100591168093 2.7633738776344607 10.896462921115084 6.44405039650529 -3.029861853106154 -0.8803725576164633 -4.390150533579343 4.6635684961071
17.975951903807616 14.339117984739946 5.457289171540651 8.932359949578501 6.964436138074515 1.9340991230154003 3.3517750878625208 17.879024561304416 24.537968659199336 38.42656396322852 20.503551191273896 23.016567697753548 12.298634677610732 16.675087244338226 3.9037758651187184 6.8738086318437 23.506967479947594 11.343612342441977 15.151658086054383 5.538545123653655 9.160848609074943 25.039074189374162 2.778347475840537 10.911436519321143 6.459023994711366 -3.0148882549000957 -0.8653989594104049 -4.375176935373267 4.678542094313176
18.036072144288575 14.354052352940716 5.472223539741439 8.947294317779289 6.979370506275302 1.9490334912161877 3.366709456063308 17.893958929505203 24.552903027400124 38.441498331429294 20.51848555947468 23.03150206595433 12.31356904581152 16.690021612539013 3.918710233319488 6.888743000044488 23.521901848148374 11.358546710642765 15.16659245425517 5.553479491854443 9.175782977275713 25.05400855757495 2.7932818440413243 10.92637088752193 6.4739583629121356 -2.9999538866993083 -0.8504645912096175 -4.360242567172479 4.6934764625139636
18.096192384769537 14.368947431416377 5.4871186182170995 8.962189396254931 6.994265584750963 1.9639285696918307 3.381604534538969 17.908854007980864 24.567798105875774 38.45639340990495 20.533380637950334 23.046397144429985 12.328464124287162 16.704916691014674 3.933605311795149 6.9036380785201485 23.536796926624035 11.373441789118408 15.181487532730813 5.568374570330086 9.190678055751373 25.0689036360506 2.8081769225169673 10.94126596599759 6.488853441387796 -2.9850588082236653 -0.8355695127339745 -4.345347488696836 4.7083715409896065
18.1563126252505 14.383803354009022 5.5019745408097265 8.977045318847576 7.00912150734359 1.9787844922844755 3.396460457131596 17.92370993057349 24.58265402846841 38.471249332497585 20.54823656054297 23.061253067022623 12.343320046879807 16.7197726136073 3.948461234387776 6.918494001112776 23.55165284921667 11.388297711711052 15.196343455323458 5.5832304929227305 9.205533978344 25.083759558643237 2.823032845109612 10.956121888590218 6.503709363980441 -2.9702028856310205 -0.8207135901413297 -4.330491566104191 4.723227463582251
18.216432865731463 14.398620286207287 5.516791473008009 8.991862251045841 7.0239384395418725 1.9936014244827405 3.4112773893298787 17.938526862771774 24.597470960666683 38.48606626469586 20.563053492741243 23.076069999220895 12.358136979078072 16.734589545805584 3.9632781665860586 6.933310933311058 23.566469781414945 11.403114643909317 15.211160387521723 5.5980474251209955 9.220350910542283 25.09857649084151 2.837849777307877 10.9709388207885 6.518526296178706 -2.9553859534327556 -0.8058966579430648 -4.315674633905926 4.738044395780516
18.276553106212425 14.413398402976512 5.531569589777234 9.006640367815066 7.038716556311098 2.0083795412519656 3.426055506099104 17.953304979541 24.612249077435912 38.50084438146508 20.57783160951047 23.09084811599012 12.372915095847297 16.74936766257481 3.9780562833552837 6.948089050080283 23.58124789818416 11.417892760678543 15.225938504290948 5.612825541890221 9.235129027311508 25.113354607610738 2.852627894077102 10.985716937557708 6.533304412947931 -2.9406078366635304 -0.7911185411738396 -4.300896517136701 4.752822512549741
18.336673346693384 14.428137873265694 5.546309060066399 9.021379838104249 7.053456026600262 2.023119011541148 3.4407949763882684 17.96804444983018 24.626988547725084 38.515583851754265 20.592571079799644 23.105587586279295 12.38765456613648 16.764107132863973 3.992795753644466 6.962828520369448 23.59598736847334 11.432632230967725 15.24067797458013 5.627565012179403 9.24986849760069 25.12809407789991 2.8673673643662845 11.00045640784689 6.5480438832371135 -2.925868366374348 -0.7763790708846573 -4.286157046847519 4.767561982838924
18.396793587174347 14.442838868331371 5.561010055132076 9.036080833169926 7.0681570216659395 2.0378200066068253 3.4554959714539457 17.98274544489584 24.64168954279076 38.530284846819946 20.607272074865318 23.12028858134497 12.402355561202157 16.77880812792965 4.007496748710126 6.977529515435125 23.61068836353902 11.447333226033402 15.255378969645808 5.64226600724508 9.264569492666368 25.142795072965587 2.882068359431962 11.015157402912568 6.562744878302791 -2.9111673713086708 -0.76167807581898 -4.271456051781842 4.782262977904601
18.45691382765531 14.457501556688683 5.575672743489406 9.050743521527238 7.0828197100232515 2.0524826949641373 3.4701586598112755 17.99740813325317 24.656352231148084 38.54494753517725 20.62193476322263 23.13495126970228 12.417018249559469 16.793470816286963 4.022159437067455 6.992192203792437 23.62535105189633 11.461995914390714 15.27004165800312 5.656928695602392 9.27923218102368 25.15745776132291 2.896731047789274 11.02982009126988 6.577407566660103 -2.8965046829513588 -0.747015387461668 -4.25679336342453 4.796925666261913
18.517034068136272 14.472126110971075 5.590297297771798 9.06536807580963 7.097444264305661 2.067107249246529 3.4847832140936674 18.012032687535562 24.670976785430476 38.55957208945964 20.636559317505032 23.149575823984684 12.43164280384186 16.808095370569372 4.036783991349847 7.006816758074847 23.63997560617873 11.476620468673106 15.284666212285511 5.671553249884784 9.293856735306072 25.1720823156053 2.9113556020716658 11.04444464555229 6.592032120942495 -2.881880128668967 -0.732390833179276 -4.242168809142138 4.811550220544305
18.577154308617235 14.48671270136595 5.604883888166654 9.079954666204504 7.112030854700517 2.081693839641403 3.4993698044885235 18.02661927793042 24.68556337582534 38.57415867985451 20.6511459078999 23.16416241437955 12.446229394236735 16.82268196096423 4.051370581744703 7.021403348469703 23.654562196573597 11.49120705906798 15.299252802680385 5.686139840279658 9.308443325700928 25.186668906000165 2.9259421924665396 11.059031235947145 6.606618711337369 -2.867293538274093 -0.7178042427844021 -4.227582218747264 4.826136810939179
18.637274549098194 14.501261496661275 5.619432683461998 9.09450346149983 7.126579649995861 2.096242634936729 3.5139185997838673 18.041168073225762 24.700112171120672 38.58870747514985 20.665694703195232 23.178711209674884 12.46077818953206 16.837230756259572 4.065919377040047 7.035952143765047 23.669110991868934 11.505755854363324 15.31380159797573 5.700688635574984 9.322992120996272 25.201217701295498 2.9404909877618657 11.07358003124249 6.621167506632695 -2.852744742978767 -0.7032554474890761 -4.213033423451938 4.840685606234505
18.697394789579157 14.515772660164021 5.633943846964726 9.109014625002576 7.1410908134985895 2.1107537984394753 3.5284297632865957 18.05567923672849 24.71462333462341 38.603218638652585 20.68020586669797 23.193222373177623 12.475289353034807 16.8517419197623 4.080430540542776 7.050463307267775 23.68362215537167 11.520267017866052 15.328312761478458 5.71519979907773 9.337503284499 25.215728864798237 2.955002151264612 11.088091194745218 6.635678670135441 -2.8382335794760207 -0.6887442839863299 -4.198522259949192 4.855196769737251
18.75751503006012 14.530246359627057 5.64841754642778 9.123488324465612 7.155564512961643 2.125227497902511 3.542903462749649 18.070152936191544 24.729097034086458 38.617692338115624 20.694679566161014 23.207696072640665 12.489763052497842 16.866215619225354 4.094904240005829 7.064937006730829 23.698095854834705 11.534740717329088 15.342786460941493 5.729673498540766 9.351976983962054 25.230202564261283 2.9694758507276475 11.102564894208253 6.6501523695984766 -2.823759880012985 -0.6742705845232942 -4.184048560486156 4.869670469200287
18.817635270541082 14.544682759726602 5.662853946527324 9.137924724565156 7.1700009130611875 2.1396638980020555 3.5573398628491937 18.08458933629109 24.743533434186 38.63212873821517 20.70911596626056 23.22213247274021 12.504199452597387 16.8806520193249 4.109340640105374 7.079373406830373 23.71253225493425 11.549177117428632 15.357222861041038 5.7441098986403105 9.366413384061598 25.244638964360824 2.983912250827192 11.117001294307798 6.664588769698021 -2.8093234799134406 -0.6598341844237497 -4.169612160386611 4.884106869299831
18.877755511022045 14.559082028115533 5.677253214916256 9.152323992954106 7.184400181450119 2.154063166391005 3.5717391312381253 18.09898860468002 24.75793270257494 38.646528006604115 20.7235152346495 23.236531741129152 12.518598720986336 16.89505128771383 4.123739908494305 7.093772675219305 23.726931523323188 11.563576385817582 15.371622129429987 5.75850916702926 9.38081265245053 25.259038232749766 2.9983115192161414 11.131400562696747 6.678988038086953 -2.794924211524491 -0.6454349160348004 -4.155212891997662 4.898506137688781
18.937875751503004 14.573444329215484 5.691615516016206 9.166686294054038 7.19876248255007 2.1684254674909376 3.5861014323380758 18.11335090577997 24.772295003674884 38.66089030770406 20.73787753574944 23.250894042229092 12.532961022086269 16.90941358881378 4.138102209594256 7.108134976319255 23.74129382442314 11.577938686917514 15.38598443052992 5.772871468129193 9.39517495355048 25.27340053384971 3.012673820316074 11.145762863796698 6.693350339186903 -2.7805619104245585 -0.6310726149348677 -4.140850590897729 4.912868438788713
18.997995991983966 14.587769823663663 5.705941010464386 9.181011788502218 7.2130879769982315 2.182750961939117 3.6004269267862554 18.12767640022815 24.786620498123064 38.67521580215223 20.75220303019762 23.26521953667727 12.547286516534449 16.92373908326196 4.152427704042435 7.122460470767435 23.75561931887131 11.592264181365694 15.4003099249781 5.787196962577372 9.40950044799866 25.28772602829789 3.0269993147642538 11.16008835824486 6.707675833635083 -2.766236415976379 -0.616747120486688 -4.12652509644955 4.927193933236893
19.05811623246493 14.602058675881704 5.720229862682427 9.195300640720276 7.22737682921629 2.1970398141571756 3.614715779004296 18.14196525244619 24.80090935034111 38.68950465437028 20.766491882415668 23.27950838889532 12.561575368752507 16.93802793548 4.166716556260476 7.136749322985476 23.769908171089362 11.606553033583753 15.414598777196158 5.801485814795413 9.4237893002167 25.302014880515937 3.0412881669822944 11.174377210462918 6.7219646858531235 -2.7519475637583204 -0.6024582682686296 -4.112236244231509 4.9414827854549515
19.118236472945892 14.616311047920636 5.734482234721341 9.20955301275919 7.241629201255204 2.21129218619609 3.6289681510432104 18.156217624485105 24.815161722380026 38.70375702640921 20.780744254454586 23.293760760934237 12.575827740791421 16.952280307518915 4.18096892829939 7.15100169502439 23.784160543128284 11.620805405622667 15.428851149235072 5.815738186834345 9.438041672255633 25.31626725255485 3.0555405390212265 11.188629582501832 6.7362170578920555 -2.737695191719406 -0.5882058962297153 -4.097983872192577 4.955735157493866
19.178356713426854 14.630527098149173 5.748698284949878 9.223769062987728 7.255845251483741 2.225508236424627 3.6431842012717475 18.170433674713642 24.829377772608563 38.71797307663774 20.79496030468312 23.30797681116277 12.590043791019959 16.966496357747452 4.195184978527927 7.165217745252927 23.79837659335682 11.635021455851204 15.44306719946361 5.829954237062882 9.45225772248417 25.33048330278339 3.0697565892497636 11.20284563273037 6.750433108120593 -2.723479141490869 -0.5739898460011782 -4.08376782196404 4.969951207722403
19.238476953907814 14.64470698673015 5.762878173530872 9.237948951568722 7.270025140064735 2.239688125005621 3.6573640898527415 18.184613563294636 24.843557661189557 38.73215296521873 20.809140193264106 23.322156699743758 12.604223679600935 16.980676246328446 4.209364867108921 7.179397633833921 23.812556481937804 11.649201344432198 15.457247088044603 5.844134125643858 9.466437611065146 25.344663191364383 3.08393647783074 11.217025521311363 6.764612996701569 -2.709299252909875 -0.5598099574201841 -4.069587933383064 4.984131096303379
19.298597194388776 14.658850874790303 5.777022061591026 9.252092839628876 7.284169028124889 2.2538320130657574 3.6715079779128956 18.19875745135479 24.857701549249704 38.746296853278885 20.82328408132426 23.336300587803912 12.618367567661089 16.9948201343886 4.2235087551690755 7.193541521894075 23.82670036999796 11.663345232492352 15.471390976104757 5.8582780137040125 9.4805814991253 25.35880707942453 3.098080365890894 11.231169409371518 6.778756884761723 -2.695155364849721 -0.5456660693600478 -4.0554440453229095 4.998274984363533
19.35871743486974 14.672958921712684 5.791130108513407 9.266200886551239 7.29827707504727 2.2679400599881383 3.6856160248352765 18.21286549827717 24.871809596172085 38.760404900201266 20.83739212824664 23.350408634726293 12.63247561458347 17.00892818131098 4.237616802091456 7.207649568816456 23.84080841692034 11.677453279414733 15.485499023027138 5.872386060626393 9.494689546047681 25.37291512634691 3.112188412813275 11.245277456293898 6.792864931684104 -2.6810473179273577 -0.5315580224376669 -4.041335998400529 5.012383031285914
19.4188376753507 14.687031283921623 5.805202470722346 9.280273248760178 7.312349437256209 2.2820124221970772 3.6996883870442154 18.22693786048611 24.88588195838102 38.7744772624102 20.85146449045558 23.36448099693523 12.646547976792409 17.02300054351992 4.251689164300395 7.221721931025395 23.85488077912928 11.691525641623654 15.499571385236077 5.886458422835332 9.50876190825662 25.386987488555846 3.126260775022214 11.259349818502837 6.806937293893043 -2.666974955718419 -0.517485660228728 -4.02726363619159 5.026455393494853
19.478957915831664 14.701068120093073 5.819239306893795 9.294310084931645 7.326386273427659 2.2960492583685266 3.713725223215665 18.24097469665756 24.89991879455247 38.78851409858165 20.86550132662703 23.37851783310668 12.660584812963858 17.03703737969137 4.265726000471845 7.235758767196844 23.86891761530073 11.705562477795121 15.513608221407527 5.900495259006782 9.52279874442807 25.401024324727295 3.140297611193663 11.273386654674287 6.820974130064492 -2.6529381195469695 -0.5034488240572786 -4.01322680002014 5.040492229666302
