web/models/kne/9/mosfit_kn_0.117276_0.4843_10.0000.dat
# %ECSV 1.0
# ---
# datatype:
# - {name: time, datatype: float64}
# - {name: PS1_g, datatype: float64}
# - {name: PS1_i, datatype: float64}
# - {name: PS1_r, datatype: float64}
# - {name: PS1_w, datatype: float64}
# - {name: PS1_y, datatype: float64}
# - {name: PS1_z, datatype: float64}
# - {name: swift_uvot_B, datatype: float64}
# - {name: swift_uvot_U, datatype: float64}
# - {name: swift_uvot_uvm2, datatype: float64}
# - {name: swift_uvot_uvw1, datatype: float64}
# - {name: swift_uvot_uvw2, datatype: float64}
# - {name: swift_uvot_V, datatype: float64}
# - {name: johnson_B, datatype: float64}
# - {name: johnson_I, datatype: float64}
# - {name: johnson_R, datatype: float64}
# - {name: johnson_U, datatype: float64}
# - {name: johnson_V, datatype: float64}
# - {name: sdss_g, datatype: float64}
# - {name: sdss_i, datatype: float64}
# - {name: sdss_r, datatype: float64}
# - {name: sdss_u, datatype: float64}
# - {name: sdss_z, datatype: float64}
# - {name: ATLAS_c, datatype: float64}
# - {name: ATLAS_o, datatype: float64}
# - {name: ukirt_H, datatype: float64}
# - {name: ukirt_J, datatype: float64}
# - {name: ukirt_K, datatype: float64}
# - {name: Clear, datatype: float64}
# meta: !!omap
# - comment: [kappa = 10.0, type = rprocess, mass = 0.11727632184323686, velocity = 0.48433333333333334, theta_obs = 0.0, tfloor = 1000.0]
# schema: astropy-2.0
time PS1_g PS1_i PS1_r PS1_w PS1_y PS1_z swift_uvot_B swift_uvot_U swift_uvot_uvm2 swift_uvot_uvw1 swift_uvot_uvw2 swift_uvot_V johnson_B johnson_I johnson_R johnson_U johnson_V sdss_g sdss_i sdss_r sdss_u sdss_z ATLAS_c ATLAS_o ukirt_H ukirt_J ukirt_K Clear
[from data line 173]
10.460921843687375 4.5313747712884656 -4.350454041910812 -0.8753832638729797 -2.8433070753769485 -7.8736440904360805 -6.455968125588942 8.071281347852953 14.730225445747873 28.61882074977704 10.695807977822422 13.208824484302074 2.49089146415925 6.867344030886763 -5.903967348332762 -2.9339345816077627 13.699224266496113 1.535869128990497 5.3439148726029195 -4.2691980897978254 -0.6468946043765378 15.231330975922699 -7.029395737610944 1.1036933058696796 -3.348719218740115 -12.822631468351576 -10.673142172861885 -14.182920148824747 -5.129201119138305
10.521042084168336 4.54261019477622 -4.3392186184230574 -0.8641478403852254 -2.832071651889212 -7.862408666948326 -6.444732702101188 8.082516771340707 14.74146086923561 28.630056173264787 10.707043401310177 13.220059907789828 2.5021268876470044 6.878579454374517 -5.892731924845008 -2.9226991581200084 13.710459689983868 1.5471045524782514 5.355150296090656 -4.257962666310071 -0.6356591808887835 15.242566399410435 -7.01816031412319 1.1149287293574162 -3.3374837952523606 -12.811396044863821 -10.66190674937413 -14.171684725336993 -5.11796569565055
10.581162324649299 4.553913988874108 -4.3279148243251875 -0.8528440462873377 -2.820767857791324 -7.8511048728504385 -6.433428908003318 8.093820565438577 14.752764663333497 28.641359967362664 10.718347195408047 13.231363701887698 2.513430681744892 6.889883248472387 -5.881428130747138 -2.9113953640221384 13.721763484081755 1.5584083465761391 5.366454090188544 -4.246658872212183 -0.6243553867909135 15.253870193508323 -7.006856520025302 1.126232523455304 -3.326180001154473 -12.800092250765934 -10.650602955276243 -14.160380931239105 -5.106661901552663
10.64128256513026 4.565287791743202 -4.316541021456075 -0.8414702434182431 -2.809394054922212 -7.839731069981344 -6.422055105134206 8.10519436830769 14.76413846620261 28.65273377023178 10.729720998277159 13.24273750475681 2.5248044846139868 6.901257051341499 -5.870054327878026 -2.900021561153026 13.73313728695085 1.5697821494452515 5.377827893057656 -4.235285069343089 -0.6129815839218011 15.265243996377436 -6.995482717156207 1.1376063263244163 -3.3148061982853783 -12.788718447896839 -10.639229152407149 -14.14900712837001 -5.095288098683568
10.701402805611222 4.576748332350675 -4.30508048084862 -0.83000970281077 -2.7979335143147566 -7.828270529373871 -6.41059456452675 8.116654908915145 14.775599006810065 28.664194310839232 10.741181538884614 13.254198045364266 2.53626502522146 6.9127175919489545 -5.8585937872705705 -2.8885610205455707 13.744597827558323 1.5812426900527068 5.3892884336651115 -4.223824528735616 -0.6015210433143459 15.27670453698489 -6.984022176548734 1.1490668669318715 -3.3033456576779052 -12.777257907289366 -10.627768611799675 -14.137546587762538 -5.083827558076095
10.761523046092185 4.588284516673209 -4.293544296526068 -0.8184735184882364 -2.786397329992223 -7.816734345051337 -6.399058380204199 8.128191093237696 14.787135191132599 28.675730495161776 10.752717723207166 13.265734229686817 2.5478012095439935 6.924253776271488 -5.847057602948019 -2.877024836223037 13.756134011880857 1.5927788743752405 5.400824617987645 -4.212288344413082 -0.5899848589917944 15.288240721307425 -6.972485992226201 1.1606030512544052 -3.2918094733553716 -12.765721722966832 -10.616232427477142 -14.126010403440004 -5.072291373753561
10.821643286573146 4.599888309783893 -4.281940503415402 -0.8068697253775525 -2.774793536881539 -7.805130551940653 -6.387454587093533 8.139794886348362 14.798738984243283 28.68733428827245 10.764321516317832 13.277338022797483 2.5594050026546773 6.935857569382172 -5.835453809837353 -2.8654210431123532 13.76773780499154 1.6043826674859243 5.412428411098329 -4.200684551302398 -0.5783810658811284 15.299844514418108 -6.960882199115517 1.172206844365089 -3.2802056802446877 -12.754117929856148 -10.604628634366458 -14.11440661032932 -5.0606875806428775
10.881763527054108 4.6115705824968956 -4.270258230702382 -0.795187452664532 -2.7631112641685185 -7.7934482792276505 -6.375772314380512 8.151477159061383 14.810421256956303 28.699016560985473 10.776003789030852 13.289020295510504 2.57108727536768 6.947539842095193 -5.823771537124332 -2.8537387703993327 13.779420077704543 1.6160649401989449 5.4241106838113495 -4.1890022785893954 -0.5666987931681078 15.311526787131129 -6.949199926402514 1.1838891170781096 -3.268523407531685 -12.742435657143128 -10.592946361653437 -14.102724337616317 -5.049005307929875
10.941883767535069 4.623330641108758 -4.258498172090519 -0.783427394052687 -2.7513512055566736 -7.781688220615788 -6.36401225576865 8.163237217673245 14.822181315568148 28.710776619597326 10.787763847642715 13.300780354122367 2.582847333979543 6.959299900707055 -5.81201147851247 -2.84197871178747 13.791180136316406 1.6278249988107898 5.4358707424231945 -4.177242219977533 -0.5549387345562451 15.323286845742974 -6.937439867790651 1.1956491756899545 -3.256763348919822 -12.730675598531283 -10.581186303041592 -14.090964279004455 -5.037245249318012
11.002004008016032 4.635162086441902 -4.246666726757393 -0.7715959487195434 -2.73951976022353 -7.769856775282644 -6.352180810435524 8.175068663006371 14.834012760901292 28.72260806493047 10.799595292975859 13.31261179945551 2.5946787793126864 6.971131346040181 -5.800180033179326 -2.830147266454344 13.80301158164955 1.6396564441439334 5.447702187756338 -4.165410774644389 -0.5431072892231015 15.335118291076117 -6.925608422457508 1.2074806210230982 -3.2449319035866786 -12.71884415319814 -10.569354857708449 -14.079132833671311 -5.025413803984868
11.062124248496994 4.647065017772523 -4.2347637954267725 -0.7596930173889227 -2.7276168288929092 -7.7579538439520235 -6.340277879104903 8.186971594336992 14.845915692231912 28.73451099626109 10.81149822430648 13.324514730786113 2.606581710643307 6.983034277370802 -5.788277101848723 -2.8182443351237234 13.81491451298017 1.6515593754745541 5.459605119086959 -4.153507843313768 -0.5312043578924808 15.347021222406738 -6.913705491126887 1.2193835523537189 -3.233028972256058 -12.706941221867519 -10.557451926377828 -14.06722990234069 -5.013510872654248
11.122244488977955 4.659043726998853 -4.222785086200425 -0.7477143081625925 -2.715638119666579 -7.745975134725693 -6.328299169878555 8.19895030356334 14.857894401458243 28.74648970548742 10.82347693353281 13.336493440012461 2.6185604198696373 6.995012986597132 -5.776298392622375 -2.8062656258973933 13.8268932222065 1.6635380847008843 5.471583828313289 -4.141529134087438 -0.5192256486661506 15.358999931633068 -6.901726781900557 1.231362261580049 -3.2210502630297277 -12.694962512641188 -10.545473217151498 -14.05525119311436 -5.0015321634279175
11.182364729458918 4.671098367841644 -4.210730445357651 -0.7356596673198013 -2.703583478823788 -7.733920493882902 -6.316244529035782 8.211004944406131 14.869949042301034 28.75854434633021 10.8355315743756 13.348548080855252 2.6306150607124286 7.007067627439923 -5.764243751779584 -2.794210985054602 13.838947863049292 1.6755927255436756 5.48363846915608 -4.129474493244647 -0.5071710078233593 15.37105457247586 -6.8896721410577655 1.2434169024228403 -3.2089956221869365 -12.682907871798397 -10.533418576308707 -14.043196552271569 -4.989477522585126
11.242484969939879 4.683225363145613 -4.198603450053682 -0.7235326720158319 -2.6914564835198185 -7.721793498578933 -6.304117533731812 8.223131939710083 14.882076037605003 28.770671341634174 10.847658569679552 13.360675076159204 2.642742056016398 7.019194622743893 -5.752116756475632 -2.7820839897506326 13.851074858353261 1.6877197208476449 5.4957654644600495 -4.117347497940678 -0.4950440125194078 15.383181567779829 -6.877545145753796 1.2555438977268096 -3.196868626882967 -12.670780876494428 -10.521291581004737 -14.0310695569676 -4.977350527281157
11.302605210420841 4.6954233909975684 -4.186405422201709 -0.711334644163859 -2.6792584556678456 -7.709595470726978 -6.291919505879839 8.235329967562055 14.894274065456976 28.782869369486146 10.859856597531525 13.372873104011177 2.654940083868353 7.0313926505958655 -5.7399187286236595 -2.7698859618986598 13.863272886205216 1.6999177486996178 5.507963492312022 -4.1051494700887226 -0.4828459846674349 15.395379595631802 -6.865347117901841 1.2677419255787825 -3.184670599031012 -12.658582848642455 -10.509093553152764 -14.018871529115644 -4.965152499429202
11.362725450901802 4.707698677311054 -4.174130135888223 -0.6990593578503734 -2.66698316935436 -7.697320184413492 -6.279644219566354 8.247605253875541 14.906549351770462 28.79514465579963 10.872131883845011 13.385148390324662 2.6672153701818386 7.043667936909351 -5.727643442310174 -2.757610675585174 13.875548172518702 1.7121930350131034 5.520238778625508 -4.092874183775237 -0.47057069835394927 15.407654881945287 -6.853071831588355 1.2800172118922681 -3.1723953127175264 -12.64630756232897 -10.496818266839297 -14.006596242802159 -4.952877213115716
11.422845691382765 4.720042791849863 -4.161786021349414 -0.6867152433115642 -2.6546390548155507 -7.684976069874683 -6.2673001050275445 8.25994936841435 14.918893466309271 28.80748877033844 10.88447599838382 13.397492504863472 2.679559484720648 7.05601205144816 -5.715299327771365 -2.745266561046365 13.887892287057511 1.7245371495519126 5.532582893164317 -4.080530069236428 -0.45822658381514003 15.419998996484097 -6.840727717049546 1.2923613264310774 -3.160051198178717 -12.63396344779016 -10.48447415230047 -13.99425212826335 -4.940533098576907
11.482965931863728 4.732461999297666 -4.1493668139016116 -0.6742960358637795 -2.6422198473677483 -7.67255686242688 -6.254880897579742 8.272368575862153 14.931312673757056 28.819907977786233 10.896895205831623 13.409911712311274 2.6919786921684503 7.068431258895963 -5.702880120323562 -2.7328473535985625 13.900311494505313 1.7369563569996973 5.545002100612102 -4.068110861788625 -0.4458073763673376 15.432418203931881 -6.828308509601744 1.304780533878862 -3.1476319907309147 -12.621544240342375 -10.472054944852685 -13.981832920815547 -4.9281138911291045
11.543086172344688 4.74495544794264 -4.136873365256637 -0.6618025872187872 -2.6297263987227737 -7.660063413781888 -6.2423874489347675 8.284862024507127 14.943806122402048 28.832401426431215 10.909388654476597 13.422405160956249 2.704472140813425 7.080924707540937 -5.690386671678588 -2.720353904953588 13.912804943150306 1.7494498056446897 5.557495549257094 -4.055617413143651 -0.433313927722363 15.444911652576874 -6.815815060956769 1.3172739825238544 -3.13513854208594 -12.609050791697383 -10.459561496207693 -13.969339472170573 -4.91562044248413
11.603206412825651 4.75751717650704 -4.124311636692237 -0.6492408586544052 -2.6171646701583917 -7.647501685217506 -6.229825720370368 8.297423753071527 14.95636785096643 28.844963154995607 10.921950383040997 13.434966889520648 2.7170338693778247 7.093486436105319 -5.677824943114188 -2.707792176389206 13.925366671714688 1.7620115342090716 5.570057277821476 -4.043055684579251 -0.42075219915796325 15.457473381141256 -6.803253332392369 1.3298357110882364 -3.1225768135215404 -12.596489063133001 -10.44699976764331 -13.956777743606173 -4.90305871391973
11.663326653306612 4.770149888112467 -4.111678925086828 -0.6366081470489782 -2.6045319585529647 -7.634868973612079 -6.2171930087649585 8.310056464676954 14.969000562571857 28.857595866601034 10.934583094646424 13.447599601126075 2.7296665809832517 7.106119147710746 -5.665192231508761 -2.695159464783779 13.937999383320115 1.7746442458144986 5.582689989426903 -4.030422972973824 -0.40811948755253624 15.470106092746683 -6.790620620786942 1.3424684226936634 -3.1099441019161134 -12.583856351527574 -10.434367056037884 -13.944145032000746 -4.890426002314303
11.723446893787575 4.782856749860205 -4.0989720633390725 -0.6239012853012227 -2.5918250968052092 -7.6221621118643235 -6.204486147017203 8.322763326424692 14.981707424319612 28.87030272834878 10.947289956394162 13.460306462873813 2.742373442731007 7.118826009458502 -5.652485369761023 -2.6824526030360234 13.95070624506787 1.7873511075622541 5.595396851174659 -4.017716111226086 -0.3954126258047985 15.482812954494438 -6.777913759039205 1.3551752844414189 -3.0972372401683756 -12.571149489779819 -10.421660194290128 -13.931438170253008 -4.877719140566548
11.783567134268537 4.7956370903064105 -4.086191722892885 -0.6111209448550348 -2.5790447563590213 -7.6093817714181355 -6.191705806571015 8.33554366687088 14.9944877647658 28.883083068794978 10.960070296840367 13.473086803320001 2.755153783177195 7.13160634990469 -5.639705029314835 -2.6696722625898355 13.963486585514058 1.800131448008442 5.608177191620847 -4.0049357707798805 -0.38263228535859284 15.495593294940626 -6.765133418592999 1.3679556248876068 -3.08445689972217 -12.55836914933363 -10.40887985384394 -13.918657829806802 -4.86493880012036
11.843687374749498 4.808485277241754 -4.073343535957523 -0.5982727579196911 -2.5661965694236777 -7.596533584482792 -6.178857619635654 8.348391853806241 15.007335951701144 28.89593125573032 10.972918483775711 13.485934990255362 2.7680019701125387 7.144454536840051 -5.626856842379474 -2.656824075654492 13.976334772449402 1.8129796349437857 5.62102537855619 -3.992087583844537 -0.3697840984232492 15.50844148187597 -6.752285231657655 1.3808038118229504 -3.0716087127868263 -12.545520962398287 -10.396031666908597 -13.905809642871459 -4.852090613185016
11.90380761523046 4.821400420936044 -4.060428392263233 -0.5853576142254013 -2.553281425729388 -7.583618440788502 -6.165942475941364 8.361306997500531 15.020251095395434 28.90884639942461 10.98583362747 13.498850133949652 2.7809171138068285 7.157369680534323 -5.613941698685184 -2.643908931960202 13.989249916143692 1.8258947786380755 5.63394052225048 -3.979172440150247 -0.3568689547289594 15.52135662557026 -6.739370087963366 1.3937189555172402 -3.0586935690925365 -12.532605818703997 -10.383116523214307 -13.892894499177169 -4.839175469490726
11.963927855711422 4.834393303882383 -4.0474355093168946 -0.5723647312790447 -2.5402885427830313 -7.570625557842163 -6.152949592995025 8.37429988044687 15.03324397834179 28.921839282370957 10.99882651041634 13.511843016895991 2.7939099967531673 7.17036256348068 -5.600948815738845 -2.6309160490138455 14.00224279909003 1.838887661584432 5.646933405196837 -3.9661795572039082 -0.3438760717826206 15.534349508516616 -6.726377205017027 1.4067118384635968 -3.0457006861461977 -12.51961293575764 -10.37012364026795 -13.87990161623083 -4.8261825865443875
12.024048096192384 4.847457844465808 -4.034370968733487 -0.5593001906956374 -2.527224002199624 -7.557561017258738 -6.139885052411618 8.387364421030277 15.046308518925198 28.934903822954364 11.011891050999747 13.524907557479398 2.8069745373365924 7.183427104064087 -5.587884275155438 -2.617851508430438 14.015307339673456 1.8519522021678394 5.659997945780244 -3.953115016620483 -0.33081153119921325 15.547414049100023 -6.713312664433602 1.4197763790470042 -3.0326361455627726 -12.506548395174233 -10.357059099684543 -13.866837075647405 -4.813118045960962
12.084168336673347 4.8605862665569965 -4.021242546642281 -0.5461717686044487 -2.5140955801084353 -7.5444325951675495 -6.126756630320411 8.400492843121484 15.059436941016386 28.948032245045564 11.025019473090953 13.538035979570605 2.820102959427781 7.196555526155294 -5.574755853064231 -2.6047230863392317 14.028435761764644 1.865080624259028 5.673126367871433 -3.9399865945292945 -0.3176831091080068 15.560542471191212 -6.700184242342413 1.4329048011381929 -3.019507723471584 -12.493419973083045 -10.343930677593354 -13.853708653556216 -4.799989623869774
