web/models/kne/9/mosfit_kn_0.006452_0.4217_0.5000.dat
# %ECSV 1.0
# ---
# datatype:
# - {name: time, datatype: float64}
# - {name: PS1_g, datatype: float64}
# - {name: PS1_i, datatype: float64}
# - {name: PS1_r, datatype: float64}
# - {name: PS1_w, datatype: float64}
# - {name: PS1_y, datatype: float64}
# - {name: PS1_z, datatype: float64}
# - {name: swift_uvot_B, datatype: float64}
# - {name: swift_uvot_U, datatype: float64}
# - {name: swift_uvot_uvm2, datatype: float64}
# - {name: swift_uvot_uvw1, datatype: float64}
# - {name: swift_uvot_uvw2, datatype: float64}
# - {name: swift_uvot_V, datatype: float64}
# - {name: johnson_B, datatype: float64}
# - {name: johnson_I, datatype: float64}
# - {name: johnson_R, datatype: float64}
# - {name: johnson_U, datatype: float64}
# - {name: johnson_V, datatype: float64}
# - {name: sdss_g, datatype: float64}
# - {name: sdss_i, datatype: float64}
# - {name: sdss_r, datatype: float64}
# - {name: sdss_u, datatype: float64}
# - {name: sdss_z, datatype: float64}
# - {name: ATLAS_c, datatype: float64}
# - {name: ATLAS_o, datatype: float64}
# - {name: ukirt_H, datatype: float64}
# - {name: ukirt_J, datatype: float64}
# - {name: ukirt_K, datatype: float64}
# - {name: Clear, datatype: float64}
# meta: !!omap
# - comment: [kappa = 0.5, type = rprocess, mass = 0.006451950121499907, velocity = 0.4216666666666667, theta_obs = 0.0, tfloor = 1000.0]
# schema: astropy-2.0
time PS1_g PS1_i PS1_r PS1_w PS1_y PS1_z swift_uvot_B swift_uvot_U swift_uvot_uvm2 swift_uvot_uvw1 swift_uvot_uvw2 swift_uvot_V johnson_B johnson_I johnson_R johnson_U johnson_V sdss_g sdss_i sdss_r sdss_u sdss_z ATLAS_c ATLAS_o ukirt_H ukirt_J ukirt_K Clear
[from data line 442]
26.63326653306613 14.026357034652683 5.144528221453406 8.619598999491238 6.6516751879872515 1.6213381729281373 3.0390141377752755 17.56626361121717 24.225207709112084 38.11380301314126 20.19079024118664 22.70380674766629 11.985873727523469 16.36232629425098 3.5910149150314554 6.561047681756455 23.19420652986033 11.030851392354714 14.83889713596712 5.225784173566392 8.84808765898768 24.72631323928691 2.465586525753274 10.59867556923388 6.146263044624103 -3.3276492049873587 -1.1781599094976678 -4.68793788546053 4.365781144225913
26.693386773547093 14.036555078862527 5.15472626566325 8.629797043701082 6.661873232197095 1.631536217137981 3.0492121819851192 17.576461655427014 24.235405753321928 38.1240010573511 20.200988285396473 22.714004791876125 11.996071771733313 16.372524338460806 3.601212959241299 6.571245725966281 23.204404574070175 11.041049436564558 14.849095180176963 5.235982217776236 8.858285703197524 24.736511283496753 2.4757845699631176 10.608873613443723 6.156461088833947 -3.317451160777515 -1.167961865287824 -4.677739841250686 4.375979188435757
26.753507014028056 14.046734095681987 5.16490528248271 8.63997606052056 6.6720522490165735 1.6417152339574415 3.0593911988045797 17.586640672246475 24.245584770141395 38.134180074170565 20.211167302215944 22.724183808695596 12.006250788552773 16.382703355280285 3.6113919760607596 6.581424742785759 23.214583590889646 11.051228453384036 14.859274196996441 5.2461612345956965 8.868464720016984 24.74669030031622 2.485963586782578 10.619052630263202 6.166640105653407 -3.307272143958037 -1.157782848468346 -4.667560824431225 4.386158205255217
26.81362725450902 14.05689414630734 5.175065333108062 8.650136111145894 6.6822122996419075 1.6518752845827933 3.0695512494299315 17.596800722871826 24.255744820766736 38.14434012479591 20.221327352841296 22.734343859320948 12.016410839178125 16.392863405905636 3.6215520266861114 6.591584793411111 23.224743641514987 11.06138850400937 14.869434247621776 5.256321285221048 8.878624770642336 24.756850350941562 2.49612363740793 10.629212680888536 6.176800156278759 -3.2971120933327027 -1.1476227978430118 -4.657400773805874 4.396318255880569
26.873747494989978 14.067035295051085 5.185206481851807 8.66027725988964 6.692353448385653 1.6620164333265386 3.079692398173677 17.60694187161557 24.265885969510485 38.15448127353965 20.23146850158503 22.744485008064682 12.02655198792187 16.403004554649364 3.6316931754298567 6.601725942154839 23.234884790258732 11.071529652753116 14.87957539636552 5.266462433964794 8.888765919386081 24.76699149968531 2.506264786151675 10.639353829632281 6.186941305022504 -3.2869709445889574 -1.1374816490992665 -4.647259625062128 4.406459404624314
26.93386773547094 14.077157598055194 5.195328784855917 8.67039956289375 6.702475751389763 1.6721387363306484 3.0898147011777866 17.61706417461968 24.276008272514595 38.16460357654376 20.24159080458915 22.754607311068803 12.03667429092598 16.41312685765349 3.6418154784339665 6.611848245158966 23.245007093262842 11.081651955757225 14.88969769936963 5.276584736968903 8.898888222390191 24.77711380268942 2.516387089155785 10.64947613263639 6.197063608026614 -3.2768486415848477 -1.1273593460951568 -4.6371373220580185 4.416581707628424
26.993987975951903 14.087261124991368 5.205432311792091 8.68050308982994 6.712579278325954 1.68224226326684 3.0999182281139603 17.627167701555855 24.286111799450776 38.174707103479946 20.251694331525332 22.764710838004984 12.046777817862171 16.423230384589665 3.6519190053701402 6.62195177209514 23.255110620199027 11.091755482693417 14.899801226305822 5.286688263905095 8.908991749326365 24.7872173296256 2.5264906160919764 10.659579659572582 6.207167134962788 -3.266745114648656 -1.1172558191589652 -4.627033795121827 4.426685234564616
27.054108216432866 14.097345929037832 5.215517115838555 8.690587893876405 6.722664082372418 1.692327067313304 3.1100030321604244 17.63725250560232 24.29619660349724 38.18479190752641 20.261779135571796 22.77479564205144 12.056862621908635 16.43331518863613 3.6620038094166043 6.632036576141604 23.26519542424549 11.10184028673988 14.909886030352286 5.296773067951541 8.919076553372829 24.797302133672066 2.5365754201384227 10.669664463619046 6.217251939009252 -3.256660310602192 -1.1071710151125012 -4.616948991075381 4.436770038611062
27.11422845691383 14.107412080567467 5.22558326736819 8.700654045406022 6.732730233902036 1.7023932188429214 3.1200691836900596 17.647318657131954 24.306262755026864 38.19485805905604 20.271845287101424 22.784861793581076 12.066928773438253 16.443381340165764 3.6720699609462395 6.642102727671239 23.275261575775115 11.111906438269498 14.919952181881904 5.306839219481176 8.929142704902464 24.80736828520169 2.546641571668058 10.679730615148664 6.227318090538887 -3.2465941590725746 -1.0971048635828837 -4.6068828395457455 4.446836190140697
27.174348697394787 14.117459633900289 5.235630820701012 8.710701598738861 6.742777787234875 1.7124407721757606 3.130116737022881 17.657366210464776 24.316310308359697 38.20490561238887 20.281892840434256 22.794909346913908 12.076976326771092 16.453428893498586 3.682117514279061 6.652150281004061 23.285309129107944 11.121953991602338 14.929999735214743 5.316886772814016 8.939190258235286 24.817415838534522 2.556689125000897 10.689778168481503 6.237365643871708 -3.2365466057397354 -1.0870573102500445 -4.596835286212906 4.456883743473536
27.23446893787575 14.127488651185534 5.245659837986256 8.720730616024088 6.7528068045201195 1.7224697894609875 3.1401457543081257 17.66739522775002 24.32633932564493 38.21493462967411 20.29192185771949 22.804938364199142 12.087005344056319 16.46345791078383 3.6921465315643056 6.662179298289305 23.295338146393192 11.131983008887582 14.940028752499988 5.3269157900992425 8.94921927552053 24.827444855819756 2.566718142286124 10.699807185766748 6.247394661156953 -3.2265175884544908 -1.0770282929648176 -4.586806268927679 4.466912760758763
27.294589178356713 14.1374991914922 5.255670378292923 8.730741156330755 6.762817344826768 1.7324803297676539 3.150156294614792 17.677405768056687 24.336349865951597 38.22494516998077 20.30193239802615 22.8149489045058 12.097015884362985 16.47346845109048 3.702157071870972 6.672189838595954 23.305348686699848 11.14199354919423 14.950039292806636 5.336926330405909 8.959229815827197 24.837455396126423 2.5767286825927904 10.709817726073396 6.2574052014636194 -3.216507048147842 -1.0670177526581512 -4.576795728621013 4.47692330106543
27.354709418837675 14.147491318662109 5.265662505462831 8.740733283500663 6.772809471996677 1.7424724569375627 3.160148421784701 17.687397895226596 24.346341993121506 38.23493729715068 20.311924525196066 22.82494103167571 12.107008011532894 16.483460578260406 3.712149199040881 6.682181965765863 23.315340813869756 11.15198567636414 14.960031419976545 5.346918457575818 8.969221942997105 24.84744752329633 2.5867208097626992 10.719809853243305 6.267397328633528 -3.2065149209779333 -1.0570256254882424 -4.566803601451104 4.4869154282353385
27.414829659318634 14.15746509290166 5.275636279702383 8.750707057740232 6.782783246236246 1.7524462311771316 3.170122196024252 17.697371669466147 24.356315767361068 38.24491107139024 20.321898299435627 22.83491480591528 12.116981785772463 16.493434352499957 3.722122973280432 6.692155740005432 23.325314588109315 11.161959450603709 14.970005194216114 5.356892231815369 8.979195717236657 24.857421297535893 2.5966945840022504 10.729783627482874 6.277371102873079 -3.1965411467383644 -1.0470518512486735 -4.556829827211553 4.496889202474907
27.474949899799597 14.16742056965731 5.285591756458015 8.760662534495864 6.792738722991878 1.7624017079327636 3.180077672779884 17.707327146221797 24.36627124411671 38.25486654814588 20.331853776191256 22.844870282670907 12.126937262528095 16.50338982925559 3.7320784500360817 6.702111216761064 23.335270064864957 11.17191492735934 14.979960670971746 5.366847708571019 8.989151193992306 24.867376774291536 2.6066500607579 10.739739104238506 6.287326579628729 -3.1865856699827324 -1.0370963744930415 -4.546874350455903 4.506844679230539
27.53507014028056 14.177357809136861 5.295528995937566 8.770599773975416 6.8026759624714295 1.7723389474123152 3.1900149122594357 17.71726438570133 24.37620848359625 38.264803787625425 20.34179101567081 22.854807522150463 12.136874502007647 16.51332706873514 3.7420156895156156 6.712048456240615 23.34520730434451 11.181852166838892 14.989897910451297 5.37678494805057 8.99908843347184 24.877314013771077 2.616587300237452 10.749676343718058 6.297263819108281 -3.176648430503181 -1.0271591350134899 -4.536937110976352 4.516781918710091
27.595190380761522 14.187276882235036 5.305448069035759 8.780518847073608 6.812595035569622 1.7822580205105076 3.199933985357628 17.727183458799523 24.386127556694444 38.274722860723614 20.351710088769 22.86472659524865 12.14679357510584 16.523246141833333 3.751934762613808 6.721967529338808 23.355126377442694 11.191771239937085 14.99981698354949 5.386704021148763 9.009007506570033 24.88723308686927 2.626506373335644 10.75959541681625 6.3071828922064554 -3.1667293574049884 -1.0172400619152975 -4.527018037878159 4.5267009918082834
27.655310621242485 14.197177837500945 5.31534902430165 8.7904198023395 6.822495990835513 1.792158975776399 3.2098349406235194 17.737084414065414 24.396028511960335 38.284623815989505 20.36161104403489 22.874627550514543 12.15669453037173 16.533147097099224 3.7618357178796993 6.731868484604699 23.365027332708586 11.201672195202976 15.009717938815381 5.396604976414654 9.018908461835924 24.89713404213516 2.6364073286015355 10.769496372082141 6.3170838474723645 -3.156828402139097 -1.0073391066494062 -4.517117082612268 4.536601947074175
27.715430861723444 14.207060730875867 5.325231917676589 8.800302695714421 6.832378884210453 1.8020418691513207 3.219717833998459 17.746967307440354 24.405911405335267 38.29450670936445 20.371493937409824 22.884510443889475 12.166577423746652 16.543029990474164 3.771718611254639 6.7417513779796385 23.37491022608352 11.211555088577898 15.01960083219032 5.406487869789576 9.028791355210863 24.907016935510093 2.6462902219764572 10.77937926545708 6.326966740847286 -3.1469455087641753 -0.9974562132744845 -4.507234189237346 4.5464848404490965
27.775551102204407 14.216925624713799 5.335096811514504 8.810167589552353 6.842243778048367 1.8119067629892527 3.229582727836373 17.756832201278286 24.41577629917319 38.30437160320237 20.38135883124775 22.8943753377274 12.176442317584584 16.552894884312078 3.781583505092571 6.751616271817553 23.384775119921446 11.22141998241583 15.029465726028235 5.416352763627508 9.038656249048795 24.916881829348014 2.6561551158143892 10.789244159294995 6.336831634685218 -3.1370806149262433 -0.9875913194365525 -4.497369295399414 4.5563497342870285
27.83567134268537 14.226772582456118 5.34494376925684 8.820014547294672 6.852090735790686 1.8217537207315715 3.2394296855787097 17.766679159020605 24.425623256915515 38.31421856094469 20.391205788990074 22.904222295469726 12.186289275326903 16.562741842054415 3.7914304628348896 6.761463229559889 23.394622077663765 11.231266940158148 15.039312683770554 5.4261997213698265 9.048503206791114 24.92672878709034 2.666002073556708 10.799091117037314 6.346678592427537 -3.1272336571839245 -0.9777443616942337 -4.487522337657095 4.566196692029347
27.895791583166332 14.236601658384362 5.354772845185085 8.829843623222935 6.861919811718948 1.8315827966598164 3.2492587615069546 17.77650823494885 24.43545233284376 38.32404763687294 20.40103486491832 22.91405137139797 12.196118351255148 16.57257091798266 3.8012595387631345 6.771292305488134 23.40445115359202 11.241096016086411 15.049141759698816 5.436028797298071 9.058332282719359 24.936557863018585 2.675831149484953 10.808920192965576 6.356507668355782 -3.117404581255662 -0.9679152857659888 -4.4776932617288505 4.576025767957592
27.955911823647295 14.246412911046793 5.364584097847498 8.839654875885348 6.871731064381361 1.841394049322247 3.2590700141693674 17.78631948761128 24.445263585506183 38.333858889535364 20.410846117580743 22.923862624060394 12.205929603917578 16.582382170645072 3.811070791425565 6.781103558150547 23.41426240625444 11.250907268748824 15.05895301236123 5.445840049960502 9.06814353538179 24.94636911568101 2.6856424021473835 10.81873144562799 6.3663189210182125 -3.107593328593249 -0.9581040331035583 -4.46788200906642 4.585837020620023
28.016032064128254 14.256206390272812 5.374377577073535 8.849448355111385 6.881524543607398 1.851187528548266 3.268863493395404 17.7961129668373 24.45505706473222 38.34365236876139 20.42063959680677 22.93365610328642 12.215723083143597 16.59217564987111 3.820864270651584 6.790897037376584 23.42405588548047 11.26070074797486 15.068746491587266 5.455633529186521 9.077937014607809 24.956162594907035 2.6954358813734025 10.828524924854026 6.3761124002442315 -3.0977998493672123 -0.9483105538775215 -4.458088529840401 4.595630499846042
28.076152304609217 14.265982169710458 5.384153356511163 8.859224134549013 6.8913003230450265 1.8609633079859123 3.2786392728330327 17.805888746274928 24.464832844169848 38.35342814819902 20.430415376244408 22.94343188272406 12.225498862581244 16.601951429308738 3.8306400500892126 6.800672816814212 23.433831664918106 11.27047652741249 15.078522271024895 5.465409308624167 9.087712794045437 24.965938374344674 2.705211660811049 10.838300704291655 6.385888179681878 -3.088024069929584 -0.938534774439893 -4.448312750402755 4.605406279283688
28.13627254509018 14.27574029199251 5.393911478793232 8.868982256831082 6.901058445327095 1.8707214302679631 3.2883973951151013 17.815646868556996 24.474590966451906 38.36318627048109 20.440173498526466 22.953190005006118 12.235256984863295 16.611709551590806 3.8403981723712812 6.810430939096281 23.443589787200168 11.280234649694558 15.088280393306963 5.475167430906218 9.097470916327506 24.975696496626732 2.7149697830930997 10.848058826573723 6.395646301963929 -3.078265947647515 -0.9287766521578243 -4.438554628120704 4.615164401565739
28.196392785571142 14.2854808258436 5.403652012644304 8.878722790682154 6.910798979178168 1.8804619641190534 3.298137928966174 17.825387402408087 24.484331500303 38.372926804332174 20.449914032377546 22.962930538857197 12.244997518714385 16.62145008544188 3.8501387062223715 6.8201714729473535 23.453330321051247 11.28997518354563 15.098020927158036 5.4849079647573085 9.107211450178596 24.985437030477815 2.72471031694419 10.857799360424796 6.405386835815019 -3.0685254137964426 -0.9190361183067518 -4.4288140942696135 4.624904935416829
28.256513026052104 14.295203819155624 5.413375005956329 8.888445783994179 6.920521972490192 1.890184957431078 3.3078609222781985 17.835110395720093 24.494054493615014 38.3826497976442 20.45963702568957 22.972653532169222 12.25472051202641 16.631173078753903 3.859861699534396 6.829894466259378 23.463053314363272 11.299698176857655 15.10774392047006 5.494630958069333 9.11693444349062 24.99516002378984 2.7344333102562146 10.86752235373682 6.415109829127044 -3.058802420484418 -0.9093131249947272 -4.419091100957589 4.634627928728854
28.316633266533064 14.30490933234724 5.4230805191479625 8.898151297185812 6.930227485681826 1.8998904706227115 3.317566435469832 17.844815908911727 24.503760006806647 38.39235531083582 20.469342538881204 22.982359045360855 12.264426025218043 16.640878591945537 3.869567212726012 6.839599979451012 23.472758827554898 11.309403690049288 15.117449433661694 5.504336471260967 9.126639956682236 25.004865536981473 2.744138823447848 10.877227866928454 6.424815342318659 -3.0490969072927845 -0.8996076118030937 -4.409385587765955 4.644333441920487
