web/models/kne/9/mosfit_kn_0.051209_0.1397_10.0000.dat
# %ECSV 1.0
# ---
# datatype:
# - {name: time, datatype: float64}
# - {name: PS1_g, datatype: float64}
# - {name: PS1_i, datatype: float64}
# - {name: PS1_r, datatype: float64}
# - {name: PS1_w, datatype: float64}
# - {name: PS1_y, datatype: float64}
# - {name: PS1_z, datatype: float64}
# - {name: swift_uvot_B, datatype: float64}
# - {name: swift_uvot_U, datatype: float64}
# - {name: swift_uvot_uvm2, datatype: float64}
# - {name: swift_uvot_uvw1, datatype: float64}
# - {name: swift_uvot_uvw2, datatype: float64}
# - {name: swift_uvot_V, datatype: float64}
# - {name: johnson_B, datatype: float64}
# - {name: johnson_I, datatype: float64}
# - {name: johnson_R, datatype: float64}
# - {name: johnson_U, datatype: float64}
# - {name: johnson_V, datatype: float64}
# - {name: sdss_g, datatype: float64}
# - {name: sdss_i, datatype: float64}
# - {name: sdss_r, datatype: float64}
# - {name: sdss_u, datatype: float64}
# - {name: sdss_z, datatype: float64}
# - {name: ATLAS_c, datatype: float64}
# - {name: ATLAS_o, datatype: float64}
# - {name: ukirt_H, datatype: float64}
# - {name: ukirt_J, datatype: float64}
# - {name: ukirt_K, datatype: float64}
# - {name: Clear, datatype: float64}
# meta: !!omap
# - comment: [kappa = 10.0, type = rprocess, mass = 0.051209162050732976, velocity = 0.13966666666666672, theta_obs = 0.0, tfloor = 1000.0]
# schema: astropy-2.0
time PS1_g PS1_i PS1_r PS1_w PS1_y PS1_z swift_uvot_B swift_uvot_U swift_uvot_uvm2 swift_uvot_uvw1 swift_uvot_uvw2 swift_uvot_V johnson_B johnson_I johnson_R johnson_U johnson_V sdss_g sdss_i sdss_r sdss_u sdss_z ATLAS_c ATLAS_o ukirt_H ukirt_J ukirt_K Clear
[from data line 463]
27.895791583166332 7.148407991748087 -1.7334208214512081 1.7416499565866417 -0.22627385491734486 -5.256610869976459 -3.8389349051293387 10.688314568312556 17.347258666207477 31.23585397023665 13.312841198282044 15.825857704761678 5.1079246846188715 9.484377251346366 -3.2869341278731588 -0.3169013611481588 16.316257486955735 4.152902349450119 7.960948093062523 -1.652164869338204 1.9701386160830836 17.848364196382303 -4.4123625171513225 3.7207265263292832 -0.7316859982804935 -10.205598247891954 -8.056108952402264 -11.565886928365126 -2.5121678986786833
27.955911823647295 7.15458838446553 -1.727240428733765 1.7478303493040848 -0.22009346219990178 -5.250430477259016 -3.8327545124118956 10.694494961030017 17.35343905892492 31.242034362954097 13.319021590999487 15.832038097479138 5.114105077336315 9.49055764406381 -3.280753735155698 -0.3107209684307157 16.322437879673178 4.159082742167562 7.967128485779966 -1.645984476620761 1.9763190088005267 17.854544589099746 -4.4061821244338795 3.7269069190467263 -0.7255056055630504 -10.199417855174511 -8.04992855968482 -11.559706535647683 -2.50598750596124
28.016032064128254 7.160745076678481 -1.7210837365208143 1.7539870415170355 -0.213936769986951 -5.244273785046065 -3.826597820198945 10.70065165324295 17.35959575113787 31.248191055167045 13.325178283212438 15.83819478969209 5.120261769549265 9.49671433627676 -3.274597042942747 -0.30456427621776494 16.32859457188613 4.165239434380513 7.973285177992917 -1.6398277844078102 1.9824757010134775 17.860701281312696 -4.400025432220929 3.733063611259677 -0.7193489133500997 -10.19326116296156 -8.04377186747187 -11.553549843434732 -2.4998308137482894
28.076152304609217 7.1668770146072625 -1.7149517985920149 1.7601189794458172 -0.2078048320581516 -5.238141847117284 -3.8204658822701454 10.70678359117175 17.36572768906667 31.25432299309583 13.33131022114122 15.84432672762087 5.126393707478047 9.50284627420556 -3.2684651050139655 -0.29843233828896554 16.33472650981491 4.171371372309294 7.979417115921716 -1.6336958464790285 1.9886076389422591 17.866833219241496 -4.393893494292147 3.7391955491884765 -0.713216975421318 -10.187129225032779 -8.037639929543088 -11.54741790550595 -2.4936988758195078
28.13627254509018 7.172984804032652 -1.7088440091666435 1.7662267688712063 -0.2016970426327802 -5.2320340576918944 -3.814358092844774 10.71289138059712 17.37183547849204 31.260430782521208 13.33741801056659 15.850434517046242 5.132501496903436 9.50895406363093 -3.262357315588594 -0.29232454886359416 16.3408342992403 4.177479161734683 7.985524905347088 -1.6275880570536394 1.9947154283676305 17.872941008666867 -4.387785704866758 3.745303338613848 -0.7071091859959466 -10.18102143560739 -8.0315321401177 -11.541310116080561 -2.4875910863941186
28.196392785571142 7.179068616457567 -1.7027601967417105 1.7723105812961393 -0.19561323020784727 -5.2259502452669615 -3.808274280419841 10.718975193022054 17.377919290916974 31.26651459494614 13.343501822991524 15.856518329471175 5.138585309328369 9.515037876055864 -3.256273503163661 -0.2862407364386612 16.346918111665232 4.183562974159616 7.991608717772021 -1.6215042446287065 2.0007992407925634 17.8790248210918 -4.381701892441825 3.751387151038781 -0.7010253735710137 -10.174937623182457 -8.025448327692766 -11.535226303655628 -2.4815072739691857
28.256513026052104 7.185128293474605 -1.6967005197246898 1.77837025831316 -0.18955355319082656 -5.219890568249941 -3.8022146034028204 10.725034870039075 17.383978967933995 31.272574271963162 13.349561500008544 15.862578006488196 5.14464498634539 9.521097553072885 -3.2502138261466405 -0.2801810594216405 16.352977788682253 4.189622651176637 7.9976683947890415 -1.6154445676116858 2.006858917809584 17.88508449810882 -4.375642215424804 3.7574468280558015 -0.6949656965539752 -10.168877946165436 -8.019388650675745 -11.529166626638608 -2.475447596952165
28.316633266533064 7.191163112653847 -1.6906657005454306 1.7844050774924014 -0.18351873401156737 -5.213855749070699 -3.796179784223561 10.731069689218334 17.390013787113254 31.278609091142417 13.355596319187804 15.868612825667455 5.150679805524631 9.527132372252144 -3.2441790069673813 -0.2741462402423813 16.359012607861494 4.195657470355878 8.003703213968283 -1.6094097484324443 2.0128937369888433 17.89111931728808 -4.369607396245563 3.7634816472350607 -0.6889308773747338 -10.162843126986195 -8.013353831496504 -11.523131807459366 -2.4694127777729236
28.376753507014026 7.19717397820375 -1.6846548349955448 1.790415943042305 -0.17750786846168154 -5.207844883520796 -3.7901689186736753 10.73708055476822 17.39602465266314 31.284619956692314 13.361607184737707 15.87462369121734 5.156690671074535 9.53314323780203 -3.2381681414174954 -0.2681353746924955 16.365023473411398 4.201668335905782 8.009714079518186 -1.6033988828825407 2.018904602538747 17.897130182837966 -4.363596530695659 3.7694925127849466 -0.6829200118248302 -10.156832261436291 -8.0073429659466 -11.517120941909463 -2.46340191222302
28.43687374749499 7.203161214190583 -1.6786675990086941 1.796403179029138 -0.1715206324748486 -5.201857647533963 -3.7841816826868246 10.74306779075507 17.402011888649973 31.29060719267915 13.36759442072454 15.880610927204192 5.162677907061368 9.53913047378888 -3.2321809054306447 -0.26214813870566256 16.37101070939823 4.207655571892615 8.01570131550502 -1.5974116468957078 2.02489183852558 17.9031174188248 -4.357609294708826 3.7754797487717795 -0.6769327758379973 -10.150845025449458 -8.001355729959768 -11.51113370592263 -2.457414676236187
28.49699398797595 7.2091244574095725 -1.6727043557897225 1.8023664222481273 -0.16555738925585928 -5.1958944043149735 -3.778218439467853 10.74903103397406 17.407975131868962 31.296570435898136 13.37355766394353 15.88657417042318 5.168641150280357 9.545093717007852 -3.2262176622116554 -0.2561848954866732 16.37697395261722 4.213618815111604 8.021664558724009 -1.5914484036767185 2.030855081744569 17.909080662043788 -4.351646051489837 3.781442991990769 -0.6709695326190079 -10.144881782230469 -7.995392486740778 -11.50517046270364 -2.4514514330171977
28.557114228456914 7.215062918754214 -1.6667658944450636 1.8083048835927684 -0.15961892791120036 -5.189955942970332 -3.772279978123194 10.7549694953187 17.41391359321362 31.30250889724279 13.37949612528817 15.892512631767822 5.174579611624998 9.55103217835251 -3.2202792008670142 -0.2502464341420143 16.38291241396186 4.2195572764562455 8.027603020068668 -1.5855099423320773 2.0367935430892103 17.915019123388447 -4.345707590145196 3.7873814533354278 -0.6650310712743668 -10.138943320885828 -7.989454025396137 -11.499232001359 -2.4455129716725565
28.617234468937873 7.220977318939514 -1.660851494259763 1.814219283778069 -0.15370452772591747 -5.184041542785032 -3.7663655779378935 10.760883895504001 17.419827993398904 31.30842329742808 13.385410525473471 15.898427031953123 5.180494011810299 9.556946578537811 -3.2143648006817136 -0.24433203395673142 16.388826814147162 4.225471676641546 8.03351742025395 -1.5795955421467767 2.042707943274511 17.92093352357373 -4.339793189959895 3.7932958535207106 -0.6591166710890661 -10.133028920700527 -7.983539625210836 -11.493317601173699 -2.439598571487256
28.677354709418836 7.226868145120058 -1.6549606680792195 1.8201101099586303 -0.14781370154535622 -5.1781507166044705 -3.76047475175735 10.766774721684545 17.425718819579465 31.314314123608636 13.391301351654015 15.904317858133666 5.18638483799086 9.562837404718355 -3.20847397450117 -0.23844120777617017 16.394717640327723 4.231362502822107 8.039408246434512 -1.5737047159662332 2.0485987694550545 17.92682434975429 -4.333902363779352 3.799186679701272 -0.6532258449085226 -10.127138094519966 -7.977648799030275 -11.487426774993155 -2.4337077453066946
28.7374749498998 7.232734630092281 -1.649094183106996 1.8259765949308537 -0.1419472165731328 -5.172284231632247 -3.7546082667851266 10.772641206656768 17.43158530455169 31.32018060858086 13.397167836626238 15.91018434310589 5.192251322963084 9.568703889690578 -3.2026074895289467 -0.23257472280394675 16.400584125299947 4.237228987794331 8.045274731406735 -1.5678382309940098 2.054465254427278 17.932690834726515 -4.328035878807128 3.8050531646734953 -0.6473593599362992 -10.121271609547742 -7.971782314058052 -11.481560290020932 -2.4278412603344712
28.79759519038076 7.238577185637123 -1.6432516275621545 1.8318191504756953 -0.13610466102829122 -5.1664416760874055 -3.748765711240285 10.77848376220161 17.43742786009653 31.326023164125697 13.40301039217108 15.916026898650731 5.198093878507925 9.57454644523542 -3.196764933984105 -0.22673216725910517 16.40642668084479 4.243071543339172 8.051117286951577 -1.5619956754491504 2.0603078099721195 17.938533390271356 -4.322193323262269 3.810895720218337 -0.6415168043914576 -10.1154290540029 -7.96593975851321 -11.475717734476072 -2.4219987047896296
28.857715430861724 7.24439615057765 -1.637432662621645 1.8376381154162047 -0.13028569608778184 -5.160622711146896 -3.7429467462997756 10.784302727142137 17.44324682503704 31.33184212906622 13.408829357111607 15.921845863591258 5.2039128434484345 9.58036541017593 -3.190945969043578 -0.2209132023185958 16.412245645785298 4.248890508279682 8.056936251892086 -1.556176710508641 2.0661267749126466 17.944352355211866 -4.3163743583217595 3.8167146851588463 -0.6356978394509305 -10.109610089062391 -7.960120793572701 -11.469898769535563 -2.4161797398491203
28.917835671342683 7.250191700503628 -1.6316371126956675 1.8434336653421823 -0.1244901461618042 -5.154827161220918 -3.737151196373798 10.790098277068097 17.449042374963017 31.337637678992184 13.414624907037584 15.927641413517218 5.209708393374412 9.586160960101907 -3.185150419117618 -0.21511765239261815 16.418041195711275 4.254686058205659 8.062731801818064 -1.5503811605826634 2.0719223248386065 17.950147905137843 -4.310578808395782 3.822510235084824 -0.6299022895249529 -10.103814539136414 -7.954325243646723 -11.464103219609585 -2.4103841899231426
28.977955911823646 7.255962998138568 -1.6258658150607275 1.8492049629771223 -0.1187188485268642 -5.149055863585978 -3.731379898738858 10.795869574703037 17.454813672597957 31.343408976627135 13.420396204672524 15.933412711152176 5.215479691009352 9.591932257736847 -3.179379121482678 -0.20934635475767815 16.423812493346215 4.260457355840599 8.068503099453004 -1.5446098629477234 2.0776936224735643 17.955919202772783 -4.304807510760842 3.828281532719764 -0.6241309918900129 -10.098043241501474 -7.948553946011783 -11.458331921974645 -2.4046128922882026
29.03807615230461 7.261710824881593 -1.6201179883176842 1.8549527897201479 -0.1129710217838209 -5.143308036842953 -3.7256320719958147 10.80161740144608 17.460561499341 31.34915680337016 13.42614403141555 15.939160537895201 5.221227517752378 9.59768008447989 -3.173631294739635 -0.20359852801463485 16.42956032008924 4.266205182583625 8.07425092619603 -1.5388620362046979 2.08344144921659 17.961667029515826 -4.299059684017816 3.834029359462807 -0.6183831651469873 -10.092295414758448 -7.942806119268758 -11.45258409523162 -2.398865065545177
29.09819639278557 7.267435313555328 -1.6143934996439668 1.860677278393883 -0.10724653311010357 -5.137583548169218 -3.7199075833220974 10.807341890119798 17.466285988014718 31.35488129204389 13.431868520089267 15.944885026568919 5.226952006426113 9.603404573153608 -3.1679068060659175 -0.19787403934091752 16.435284808762976 4.27192967125736 8.079975414869764 -1.5331375475309628 2.089165937890307 17.967391518189544 -4.293335195344081 3.8397538481365245 -0.6126586764732522 -10.086570926084713 -7.9370816305950225 -11.446859606557885 -2.393140576871442
29.158316633266534 7.273136240016882 -1.6086925731823953 1.8663782048554367 -0.10154560664853207 -5.131882621707664 -3.714206656860526 10.813042816581369 17.47198691447629 31.360582218505446 13.437569446550839 15.95058595303049 5.2326529328876665 9.609105499615179 -3.162205879604346 -0.19217311287934602 16.44098573522453 4.277630597718914 8.085676341331336 -1.527436621069409 2.0948668643518786 17.973092444651115 -4.2876342688825275 3.845454774598096 -0.6069577500116985 -10.08086999962316 -7.931380704133469 -11.441158680096331 -2.3874396504098883
29.218436873747493 7.278813207355483 -1.6030156058437939 1.872055172194056 -0.09586863930993061 -5.126205654369045 -3.7085296895219244 10.81871978391997 17.47766388181489 31.36625918584406 13.44324641388944 15.956262920369092 5.238329900226286 9.61478246695378 -3.1565289122657445 -0.18649614554074456 16.44666270256315 4.283307565057533 8.091353308669937 -1.5217596537308076 2.10054383169048 17.978769411989717 -4.281957301543908 3.8511317419366975 -0.601280782673097 -10.07519303228454 -7.9257037367948495 -11.435481712757712 -2.381762683071269
29.278557114228455 7.28446693845795 -1.5973618747413276 1.8777089032965222 -0.09021490820746436 -5.120551923266596 -3.702875958419458 10.824373515022437 17.483317612917357 31.371912916946524 13.448900144991907 15.961916651471558 5.243983631328734 9.620436198056247 -3.1508751811632782 -0.1808424144382783 16.452316433665615 4.288961296159999 8.097007039772404 -1.5161059226283413 2.1061975627929463 17.984423143092183 -4.27630357044146 3.8567854730391637 -0.5956270515706308 -10.069539301182074 -7.920050005692383 -11.429827981655263 -2.3761089519688205
29.338677354709418 7.290097694920767 -1.5917311182785099 1.88333965975934 -0.08458415174464662 -5.114921166803779 -3.6972452019566404 10.830004271485254 17.488948369380175 31.377543673409345 13.454530901454724 15.967547407934376 5.249614387791552 9.626066954519064 -3.1452444247004605 -0.17521165797546057 16.457947190128415 4.294592052622817 8.102637796235221 -1.5104751661655236 2.111828319255764 17.990053899555 -4.270672813978642 3.8624162295019815 -0.589996295107813 -10.063908544719256 -7.9144192492295655 -11.424197225192446 -2.370478195506003
29.39879759519038 7.2957052081558516 -1.5861236050434258 1.8889471729944063 -0.07897663850956249 -5.1093136535686945 -3.6916376887215563 10.835611784720339 17.49455588261526 31.383151186644415 13.460138414689808 15.97315492116946 5.255221901026636 9.631674467754149 -3.1396369114653764 -0.16960414474037644 16.4635547033635 4.300199565857883 8.108245309470288 -1.5048676529304394 2.117435832490848 17.995661412790085 -4.265065300743558 3.8680237427370656 -0.5843887818727289 -10.05830103148419 -7.908811735994499 -11.418589711957361 -2.3648706822709187
29.458917835671343 7.301289120708159 -1.5805396924911186 1.8945310855467312 -0.07339272595725532 -5.10372974101637 -3.686053776169249 10.841195697272646 17.500139795167566 31.388735099196733 13.465722327242116 15.978738833721767 5.260805813578961 9.637258380306456 -3.134052998913069 -0.16402023218806927 16.469138615915824 4.305783478410208 8.113829222022613 -1.4992837403781323 2.1230197450431554 18.001245325342392 -4.259481388191251 3.873607655289373 -0.5788048693204217 -10.052717118931865 -7.903227823442174 -11.413005799405054 -2.3592867697186115
29.519038076152302 7.306850131960196 -1.5749786812390987 1.9000920967987511 -0.06783171470523541 -5.09816872976435 -3.680492764917229 10.846756708524666 17.505700806419586 31.394296110448753 13.471283338494136 15.984299844973787 5.266366824830981 9.642819391558476 -3.1284919876610493 -0.15845922093604936 16.474699627167844 4.311344489662228 8.119390233274633 -1.4937227291260946 2.1285807562951753 18.006806336594412 -4.253920376939213 3.8791686665413927 -0.5732438580684018 -10.047156107679845 -7.897666812190154 -11.407444788153017 -2.353725758466574
