web/models/kne/9/mosfit_kn_0.268580_0.2963_10.0000.dat
# %ECSV 1.0
# ---
# datatype:
# - {name: time, datatype: float64}
# - {name: PS1_g, datatype: float64}
# - {name: PS1_i, datatype: float64}
# - {name: PS1_r, datatype: float64}
# - {name: PS1_w, datatype: float64}
# - {name: PS1_y, datatype: float64}
# - {name: PS1_z, datatype: float64}
# - {name: swift_uvot_B, datatype: float64}
# - {name: swift_uvot_U, datatype: float64}
# - {name: swift_uvot_uvm2, datatype: float64}
# - {name: swift_uvot_uvw1, datatype: float64}
# - {name: swift_uvot_uvw2, datatype: float64}
# - {name: swift_uvot_V, datatype: float64}
# - {name: johnson_B, datatype: float64}
# - {name: johnson_I, datatype: float64}
# - {name: johnson_R, datatype: float64}
# - {name: johnson_U, datatype: float64}
# - {name: johnson_V, datatype: float64}
# - {name: sdss_g, datatype: float64}
# - {name: sdss_i, datatype: float64}
# - {name: sdss_r, datatype: float64}
# - {name: sdss_u, datatype: float64}
# - {name: sdss_z, datatype: float64}
# - {name: ATLAS_c, datatype: float64}
# - {name: ATLAS_o, datatype: float64}
# - {name: ukirt_H, datatype: float64}
# - {name: ukirt_J, datatype: float64}
# - {name: ukirt_K, datatype: float64}
# - {name: Clear, datatype: float64}
# meta: !!omap
# - comment: [kappa = 10.0, type = rprocess, mass = 0.2685795883840597, velocity = 0.29633333333333334, theta_obs = 0.0, tfloor = 1000.0]
# schema: astropy-2.0
time PS1_g PS1_i PS1_r PS1_w PS1_y PS1_z swift_uvot_B swift_uvot_U swift_uvot_uvm2 swift_uvot_uvw1 swift_uvot_uvw2 swift_uvot_V johnson_B johnson_I johnson_R johnson_U johnson_V sdss_g sdss_i sdss_r sdss_u sdss_z ATLAS_c ATLAS_o ukirt_H ukirt_J ukirt_K Clear
[from data line 311]
18.75751503006012 -16.852044499218355 -19.036269157094488 -18.242944725265637 -18.236878512554018 -19.669803940797514 -19.44245757113171 -15.928923230268516 -14.961642661812657 -9.970350124823216 -12.974339286078447 -10.9988905794482 -17.548155903915436 -16.04577251326424 -19.67223341188576 -18.691349125894405 -15.092560628405362 -17.641635030397463 -16.643466714579453 -19.0247890074731 -18.228006455080514 -14.197175005707852 -19.510942560697764 -17.49261316248056 -18.645644235711387 -20.1131690358566 -20.01564477794597 -20.023459441076504 -18.54106561621668
18.817635270541082 -16.89083029188499 -19.06426554621003 -18.275261594265864 -18.267679215098624 -19.693375063497722 -19.467775928626665 -15.971547230739962 -15.01294469158342 -10.040908118634139 -13.025787353374767 -11.050493396639943 -17.58417130965536 -16.087646179699234 -19.698931242360224 -18.722166371424713 -15.142463298651762 -17.677070801050313 -16.6832101982107 -19.05290363497887 -18.260480312541247 -14.247791291591785 -19.535733516600047 -17.527853669877516 -18.67553133189544 -20.130418839184504 -20.035768380886907 -20.0387831503102 -18.569569750113804
18.877755511022045 -16.92956833993712 -19.09222109368944 -18.307534271437902 -18.29844776097792 -19.716910208418064 -19.493056082688316 -16.014118740404754 -15.064187653190295 -10.111408986248595 -13.077255179623126 -11.102143000963757 -17.620137540983897 -16.129470885119805 -19.725589925954942 -18.752943482745412 -15.192307019543076 -17.712459899867433 -16.72290517085777 -19.080977302972624 -18.292909146284693 -14.298346922235119 -19.560487472727903 -17.563053797265926 -18.70537971496672 -20.14764262197319 -20.055861277719274 -20.054084321169846 -18.598047938733533
18.937875751503004 -16.968255872084725 -19.120134030521356 -18.33976058208968 -18.329182135449802 -19.740408024631932 -19.518296517654594 -16.056634632854927 -15.11536762901704 -10.181846988602764 -13.128738876384265 -11.15383598578639 -17.65605208388027 -16.17124356105576 -19.75220781471639 -18.783678412964584 -15.242087999134501 -17.747799858707772 -16.7625487726945 -19.10900823118748 -18.325290768614302 -14.34883804184409 -19.58520296050839 -17.59821109998258 -18.735187429550724 -20.164839625653027 -20.0759224412365 -20.06936237204927 -18.626498386623354
18.997995991983966 -17.00689294499698 -19.148004457158745 -18.37194060483732 -18.359882441624116 -19.763868637424498 -19.543497349366703 -16.099094950818895 -15.166484641686697 -10.252222037365208 -13.180238496317411 -11.205572898809354 -17.69191500637452 -16.212964241334568 -19.7787850147446 -18.81437123510634 -15.291806261461424 -17.783090739875714 -16.80214105695237 -19.136996519328164 -18.357625259135766 -14.39926467409034 -19.6098800959688 -17.63332564597242 -18.76495455745916 -20.182010005825838 -20.095952013945695 -20.08461746421476 -18.65492121187458
19.05811623246493 -17.04548139685148 -19.175833651193752 -18.404075837298954 -18.390550119213902 -19.787293101818033 -19.56865972101758 -16.141501733054426 -15.217541195829547 -10.322537608923742 -13.231756593595723 -11.257356805511186 -17.727728002073324 -16.25463491450397 -19.805322736745545 -18.845023357941557 -15.34146423400377 -17.818334199301976 -16.841683911991332 -19.164943450852352 -18.389914125081486 -14.449629285782901 -19.634519993151862 -17.668399087213142 -18.794682464296866 -20.19915449502413 -20.11595087565775 -20.09985022844935 -18.683317741661885
19.118236472945892 -17.084020201365764 -19.203620996806627 -18.43616549499755 -18.42118445900896 -19.810680977107094 -19.593783123146498 -16.18385380914334 -15.26853580628293 -10.392791453468359 -13.283291689362873 -11.309186717357566 -17.763490150388705 -16.296254426595297 -19.83182041463624 -18.875634042241327 -15.39106048062311 -17.85352933029516 -16.881176275574283 -19.192848405177383 -18.422156577673068 -14.499930416259925 -19.659122160666147 -17.70343052874278 -18.824370451095493 -20.21627289715132 -20.135918719803136 -20.11506053955388 -18.711687359560827
19.178356713426854 -17.122507643880684 -19.231365423395417 -18.46820824530175 -18.451784233096422 -19.8340314630026 -19.618866649216002 -16.226149237930063 -15.319466029668263 -10.462979942639702 -13.33484131271323 -11.361060642661446 -17.799199903287494 -16.337820868265304 -19.858277055412003 -18.906202032206345 -15.440592637501595 -17.888674610664786 -16.92061637640899 -19.220710304391986 -18.45435127679604 -14.550165662109862 -19.683685721210438 -17.738418462390797 -18.85401732215808 -20.233364791519858 -20.155854953914574 -20.130248088722876 -18.74002897876135
19.238476953907814 -17.16094075027126 -19.259065028442794 -18.50020175277594 -18.482347264720875 -19.857343101539477 -19.643908666386096 -16.268384667994688 -15.370327669092472 -10.53309692462641 -13.386401183349399 -11.412974758891682 -17.834854564789843 -16.379330948027388 -19.884690885144007 -18.93672512703259 -15.490056643195953 -17.923767392128763 -16.960001145880188 -19.24852723400832 -18.48649587370499 -14.600330894699809 -19.708209091619278 -17.773360258174904 -18.883620973135216 -20.250429346934343 -20.175758462750775 -20.14541223170315 -18.768340652038464
19.298597194388776 -17.19932040746384 -19.286720460698596 -18.532146757354262 -18.51287427538809 -19.88061645010312 -19.668909768575098 -16.310561073518627 -15.421121906211486 -10.603143973542672 -13.437972460050602 -11.464930719325611 -17.870454961626773 -16.420785610847005 -19.911062524081952 -18.96720402121999 -15.539453644446379 -17.958808480118723 -16.99933149259696 -19.276299845133114 -18.518591113620797 -14.650427279431106 -19.732692852012708 -17.80825671993167 -18.913182082545745 -20.26746698381096 -20.19562972980994 -20.160553343407997 -18.796623054650414
19.35871743486974 -17.23764741842812 -19.31433231311889 -18.564043931854997 -18.543365924038753 -19.903852021956183 -19.69387050095598 -16.352679334627773 -15.47184980602415 -10.67312249823678 -13.489556182122655 -11.516930059209013 -17.906001843609555 -16.462185709794145 -19.93739254012648 -18.997639346284238 -15.588784674946929 -17.99379860481357 -17.038608238713362 -19.304028732768863 -18.550637674195247 -14.7004558667307 -19.757137535199085 -17.843108577027724 -18.942701268355133 -20.284478095191623 -20.215469203608958 -20.175671776491 -18.82487680557837
19.4188376753507 -17.275922155903825 -19.341900894169903 -18.595893606279255 -18.57382254644106 -19.927050105502264 -19.718791160323228 -16.394739849585395 -15.52251183462209 -10.74303304838859 -13.541152775425118 -11.568973696245365 -17.94149556795703 -16.503531626027485 -19.963681234173205 -19.02803141100562 -15.638050188445948 -18.028738111513483 -17.07783176323815 -19.331714205834896 -18.58263588819188 -14.75041711753395 -19.781543432678852 -17.877916176069224 -18.97217883825247 -20.30146293413283 -20.235277154121096 -20.1907677694367 -18.853102231334535
19.478957915831664 -17.314142053709514 -19.36942457097704 -18.62769377045101 -18.60424226655015 -19.950209454779717 -19.743670348742324 -16.436739725312687 -15.573104365494146 -10.8128702866636 -13.592758469427064 -11.621058305947297 -17.976933812480304 -16.544820515618394 -19.989927084932628 -19.05837831948053 -15.687246676318402 -18.0636247175334 -17.116999417881136 -19.35935462102414 -18.614583734442505 -14.80030746573151 -19.805909189091242 -17.912677247119895 -19.001612980300084 -20.31842079743505 -20.25505263242291 -20.205840780156553 -18.881297653942948
19.539078156312623 -17.352303973556058 -19.396901333218075 -18.659441959154783 -18.63462277400176 -19.973328524989906 -19.76850633858387 -16.478675428758216 -15.623622976213571 -10.882627725056743 -13.644368641815152 -11.673179690350949 -18.012313734730505 -16.586048906510683 -20.016128216592694 -19.088677746111593 -15.736369859751697 -18.098455629213706 -17.15610796506354 -19.38694795547562 -18.64647873432485 -14.850122562875256 -19.83023312840622 -17.947389009071895 -19.031001469092192 -20.335350793525016 -20.274794451103215 -20.22089011159039 -18.909460999749665
19.599198396793586 -17.390410060188426 -19.424332659948114 -18.69113991368028 -18.664965733265007 -19.99640852882541 -19.793300448128264 -16.52054934384432 -15.674070602338936 -10.952309461441047 -13.695986190432183 -11.725341250734264 -18.047637308856974 -16.62721912440706 -20.042286028434912 -19.11893132813128 -15.785422583829913 -18.133232777007976 -17.195159609181907 -19.41449569528295 -18.67832264049067 -14.899865300783368 -19.85451653440604 -17.982053383730783 -19.060345888931938 -20.352253748227135 -20.29450361272664 -20.235916467940523 -18.937593796902235
19.65931863727455 -17.428461445117023 -19.4517193605898 -18.722788568219375 -18.695272047454328 -20.01945014981219 -19.81805341110004 -16.56236271958604 -15.724448768480528 -11.021917567218122 -13.747612572996353 -11.777544936148704 -18.082905584703692 -16.668332383361392 -20.068401291274302 -19.149139942795365 -15.834406327433072 -18.167957185090163 -17.234155510943214 -19.44199865315234 -18.710116393653706 -14.949537182625399 -19.878760122928867 -18.016671391379777 -19.089647093532953 -20.369130158087533 -20.31418069975656 -20.25092028492805 -18.965696884282668
19.71943887775551 -17.466455066741435 -19.479059475547125 -18.754385518882586 -18.725539459788454 -20.042451882476477 -19.842763543808903 -16.60411210978377 -15.774753160516077 -11.091445706880098 -13.799243228038165 -11.829786595235689 -18.118115790911055 -16.70938529548915 -20.094472176615003 -19.17930132136559 -15.883316916989198 -18.20262612891774 -17.27309251184174 -19.469454857252035 -18.741857577129544 -14.999133967339269 -19.902962260351575 -18.051240317163693 -19.118902911657578 -20.385979153288286 -20.333824554620836 -20.265900881728754 -18.99376823466925
19.779559118236474 -17.50439093160775 -19.506353071441804 -18.78593080449722 -18.75576802296454 -20.065413822662386 -19.867430931289416 -16.645797504379118 -15.824983737473293 -11.160893695229873 -13.850877968321313 -11.88206649976092 -18.153267952917915 -16.750377840175833 -20.12049875780984 -19.2094154966611 -15.932154315997604 -18.237239627292837 -17.31197061383222 -19.4968643733354 -18.773546231249156 -15.048655618383524 -19.927123031869858 -18.08576017798213 -19.148113384763565 -20.402800861825106 -20.35343529175698 -20.280858391946698 -19.021807914213937
19.839679358717433 -17.54226725260679 -19.53359903062065 -18.817423036235628 -18.785956436007343 -20.0883351297073 -19.89205462455743 -16.68741688527212 -15.875137961219785 -11.230257748784073 -13.902514013042442 -11.934382285177193 -18.188360462267703 -16.791308028148485 -20.14647999638828 -19.23948115550638 -15.980916070676987 -18.271796095774096 -17.35078797128784 -19.524226076249782 -18.805180960557806 -15.098099642899498 -19.95124151758084 -18.12022939203585 -19.177277259904173 -20.419594825970467 -20.373012280577445 -20.295792469908115 -19.04981476017083
19.899799599198396 -17.580084664002786 -19.560797834136388 -18.848862752681157 -18.816105222719308 -20.111216226650495 -19.916635070250877 -16.72897094578091 -15.925216665739637 -11.299538941689725 -13.954152050075148 -11.986735101173846 -18.22339391689462 -16.832176527850823 -20.172416354588336 -19.269498801373263 -16.02960299173103 -18.30629611458169 -17.389545232811 -19.55154044851353 -18.836762308137196 -15.147466865490102 -19.975318153994888 -18.15464853444487 -19.2063950308102 -20.43636137653724 -20.392555894887963 -20.310703414186314 -19.077789265045997
19.95991983967936 -17.61784419332452 -19.58795022241631 -18.880250805217678 -18.84621520412093 -20.13405774159601 -19.94117294142999 -16.770460819495405 -15.975221232811574 -11.368739139864225 -14.00579333351267 -12.039126672995483 -18.25836927266198 -16.872984439600177 -20.19830853816802 -19.29946923286301 -16.078216420057593 -18.340740615321774 -17.428243452118526 -19.57880823347473 -18.868291131602213 -15.196758649448565 -19.999353597759075 -18.189018531039913 -19.23546747500648 -20.453100972606656 -20.412066671645253 -20.325591628338678 -19.1057321914837
20.02004008016032 -17.65554373191213 -19.6150548655406 -18.911585549299925 -18.876284833056793 -20.15685866534488 -19.965667103465048 -16.811884129141045 -16.02514867789008 -11.437853914257378 -14.0574345760602 -12.091554104972037 -18.293284629158936 -16.913729421280856 -20.224155309126683 -19.32939089500759 -16.12675347006687 -18.375127726612256 -17.466880452432374 -19.606028092542402 -18.899765778524635 -15.24597206347968 -20.02334674828317 -18.223337511746234 -19.264493106583647 -20.469813048681825 -20.43154384498081 -20.3404566772261 -19.133642151459256
20.080160320641284 -17.69318144159321 -19.64211061241352 -18.94286555599834 -18.906312763622726 -20.179618129638364 -19.990116577662356 -16.853238800849983 -16.074996393706158 -11.506879375993528 -14.10907285315627 -12.14401485776538 -18.328138333294987 -16.954409427544434 -20.249955597154223 -19.359262435451587 -16.175211621673384 -18.40945581929043 -17.505454335623565 -19.63319886696148 -18.931184813501325 -15.295104547994551 -20.047296656346205 -18.257603846213613 -19.293470634174472 -20.486497125669892 -20.450986760252423 -20.355298195453454 -19.161517938099557
20.140280561122243 -17.730757140580895 -19.669117405341563 -18.974090714653773 -18.936298899301356 -20.202336130614462 -20.01452133986815 -16.89452461536239 -16.12476407966076 -11.57581496146776 -14.160707620882231 -12.196508806556746 -18.362930240845465 -16.99502423127925 -20.275709358386848 -19.38908374469727 -16.22359058770548 -18.44372474476996 -17.543964909791043 -19.660320497509165 -18.96254812692341 -15.34415581242115 -20.071203300542138 -18.29181738011032 -19.322399961478638 -20.50315326439916 -20.47039545012435 -20.37011625906359 -19.189359478493735
20.200400801603205 -17.76827190690641 -19.696076017956514 -19.0052619169545 -18.966244095642537 -20.22501332184449 -20.038882091754573 -16.935742763688168 -16.174453189378095 -11.6446626394035 -14.212340159306116 -12.249037682495207 -18.397661354512397 -17.035574988511225 -20.301417329491766 -19.418855658759828 -16.27189177891606 -18.477935480248103 -17.582413280762257 -19.68739376094483 -18.993856617121168 -15.39312729136224 -20.09506736511021 -18.325979082588884 -19.351281901496797 -20.51978193728107 -20.489770470490924 -20.384911281135857 -19.217167564869904
20.260521042084168 -17.8057262998011 -19.722986881272426 -19.036379641608043 -18.996148816512797 -20.247650085894335 -20.06319923580726 -16.976893856088495 -16.224064454378304 -11.7134233387041 -14.263970994107638 -12.3016024473467 -18.432332204381805 -17.076062285943262 -20.327079925465778 -19.448578624327794 -16.32011590705463 -18.51208853920159 -17.620800019980205 -19.714419089493997 -19.0251107670899 -15.442019709131607 -20.118889243470708 -18.36008946032832 -19.380116892780013 -20.536383447046763 -20.509112161560115 -20.399683535815583 -19.24494263383531
20.32064128256513 -17.843118214837084 -19.749848668555217 -19.06744224817878 -19.026011509724743 -20.270245414596264 -20.087471639515186 -17.017975521785626 -16.273594898373815 -11.782092634814795 -14.315596756477511 -12.35420008138686 -18.466940896319166 -17.11648378608276 -20.352695910734308 -19.4782510885982 -16.368260095332793 -18.546182055250654 -17.659122955141626 -19.74139514780477 -19.05630892901632 -15.490830144190912 -20.142667836537314 -18.39414664317406 -19.4089034505477 -20.552957223594955 -20.528419755590548 -20.41443258135391 -19.27268328848232
