web/models/kne/9/villar_0.2686_0.3433_1.0000.dat
# %ECSV 1.0
# ---
# datatype:
# - {name: time, datatype: float64}
# - {name: swift_uvot_uvw2, datatype: float64}
# - {name: swift_uvot_uvm2, datatype: float64}
# - {name: swift_uvot_uvw1, datatype: float64}
# - {name: swift_uvot_U, datatype: float64}
# - {name: swift_uvot_B, datatype: float64}
# - {name: swift_uvot_V, datatype: float64}
# - {name: swift_uvot_W, datatype: float64}
# - {name: johnson_U, datatype: float64}
# - {name: johnson_B, datatype: float64}
# - {name: johnson_V, datatype: float64}
# - {name: johnson_R, datatype: float64}
# - {name: johnson_I, datatype: float64}
# - {name: sdss_u, datatype: float64}
# - {name: sdss_g, datatype: float64}
# - {name: sdss_r, datatype: float64}
# - {name: sdss_i, datatype: float64}
# - {name: sdss_z, datatype: float64}
# - {name: PS1_g, datatype: float64}
# - {name: PS1_r, datatype: float64}
# - {name: PS1_i, datatype: float64}
# - {name: PS1_z, datatype: float64}
# - {name: PS1_Y, datatype: float64}
# - {name: PS1_w, datatype: float64}
# - {name: ATLAS_c, datatype: float64}
# - {name: ATLAS_o, datatype: float64}
# - {name: ukirt_J, datatype: float64}
# - {name: ukirt_H, datatype: float64}
# - {name: ukirt_K, datatype: float64}
# - {name: Clear, datatype: float64}
# meta: !!omap
# - comment: [kappa = 1.0, type = villar, mass = 0.2685795883840597, velocity = 0.3433333333333334, theta_obs = 0.0]
# schema: astropy-2.0
time swift_uvot_uvw2 swift_uvot_uvm2 swift_uvot_uvw1 swift_uvot_U swift_uvot_B swift_uvot_V swift_uvot_W johnson_U johnson_B johnson_V johnson_R johnson_I sdss_u sdss_g sdss_r sdss_i sdss_z PS1_g PS1_r PS1_i PS1_z PS1_Y PS1_w ATLAS_c ATLAS_o ukirt_J ukirt_H ukirt_K Clear
[from data line 144]
0.073012 -13.788 -13.89 -13.945 -13.978 -13.84 -13.622 -13.861 -13.963 -13.837 -13.613 -13.336 -12.985 -13.968 -13.774 -13.468 -13.202 -12.933 -13.76 -13.482 -13.218 -13.022 -12.945 -13.488 -13.656 -13.357 -12.358 -11.866 -11.28 -13.529
0.07522 -13.809 -13.915 -13.974 -14.015 -13.882 -13.666 -13.893 -14.001 -13.878 -13.658 -13.383 -13.033 -14.006 -13.816 -13.513 -13.25 -12.982 -13.803 -13.528 -13.266 -13.07 -12.992 -13.533 -13.699 -13.403 -12.409 -11.917 -11.332 -13.573
0.077495 -13.829 -13.94 -14.003 -14.052 -13.923 -13.711 -13.924 -14.038 -13.919 -13.702 -13.429 -13.082 -14.043 -13.858 -13.559 -13.297 -13.03 -13.846 -13.573 -13.313 -13.118 -13.04 -13.578 -13.743 -13.45 -12.459 -11.969 -11.385 -13.618
0.079839 -13.849 -13.964 -14.031 -14.089 -13.964 -13.755 -13.955 -14.076 -13.96 -13.746 -13.475 -13.13 -14.081 -13.9 -13.604 -13.345 -13.079 -13.888 -13.618 -13.36 -13.166 -13.087 -13.623 -13.786 -13.496 -12.51 -12.02 -11.437 -13.662
0.082253 -13.869 -13.988 -14.059 -14.125 -14.004 -13.799 -13.987 -14.113 -14.001 -13.79 -13.522 -13.178 -14.118 -13.942 -13.65 -13.392 -13.128 -13.93 -13.664 -13.407 -13.213 -13.134 -13.667 -13.83 -13.542 -12.56 -12.072 -11.489 -13.706
0.084741 -13.888 -14.012 -14.087 -14.161 -14.045 -13.843 -14.017 -14.15 -14.042 -13.834 -13.568 -13.226 -14.154 -13.984 -13.695 -13.439 -13.176 -13.972 -13.709 -13.453 -13.261 -13.182 -13.712 -13.873 -13.588 -12.61 -12.123 -11.541 -13.75
0.087304 -13.907 -14.035 -14.114 -14.197 -14.085 -13.886 -14.048 -14.186 -14.082 -13.878 -13.614 -13.274 -14.191 -14.025 -13.74 -13.486 -13.224 -14.014 -13.754 -13.5 -13.308 -13.229 -13.756 -13.916 -13.634 -12.661 -12.174 -11.593 -13.793
0.089944 -13.925 -14.057 -14.142 -14.233 -14.125 -13.93 -14.078 -14.223 -14.122 -13.922 -13.66 -13.322 -14.227 -14.067 -13.785 -13.533 -13.272 -14.055 -13.798 -13.547 -13.356 -13.276 -13.801 -13.959 -13.68 -12.711 -12.225 -11.645 -13.837
0.092665 -13.943 -14.08 -14.168 -14.268 -14.165 -13.973 -14.108 -14.259 -14.162 -13.965 -13.705 -13.37 -14.263 -14.108 -13.83 -13.579 -13.321 -14.097 -13.843 -13.593 -13.403 -13.323 -13.845 -14.001 -13.725 -12.761 -12.277 -11.697 -13.88
0.095467 -13.96 -14.102 -14.195 -14.304 -14.205 -14.016 -14.138 -14.295 -14.202 -14.008 -13.751 -13.418 -14.299 -14.149 -13.875 -13.626 -13.369 -14.138 -13.888 -13.64 -13.451 -13.37 -13.889 -14.044 -13.771 -12.811 -12.328 -11.749 -13.923
0.098355 -13.978 -14.123 -14.221 -14.339 -14.245 -14.059 -14.168 -14.331 -14.242 -14.051 -13.797 -13.466 -14.335 -14.19 -13.92 -13.673 -13.417 -14.179 -13.932 -13.686 -13.498 -13.417 -13.933 -14.086 -13.816 -12.861 -12.379 -11.801 -13.967
0.101329 -13.994 -14.144 -14.246 -14.373 -14.284 -14.102 -14.197 -14.366 -14.281 -14.094 -13.842 -13.513 -14.37 -14.23 -13.964 -13.719 -13.465 -14.22 -13.977 -13.732 -13.545 -13.464 -13.976 -14.129 -13.862 -12.911 -12.43 -11.853 -14.01
0.104394 -14.011 -14.165 -14.272 -14.408 -14.323 -14.145 -14.227 -14.402 -14.32 -14.137 -13.887 -13.561 -14.405 -14.271 -14.008 -13.766 -13.512 -14.261 -14.021 -13.778 -13.592 -13.511 -14.02 -14.171 -13.907 -12.961 -12.481 -11.905 -14.052
0.107551 -14.026 -14.185 -14.297 -14.442 -14.362 -14.188 -14.255 -14.437 -14.359 -14.18 -13.933 -13.608 -14.44 -14.311 -14.053 -13.812 -13.56 -14.302 -14.065 -13.825 -13.639 -13.558 -14.063 -14.213 -13.952 -13.01 -12.532 -11.957 -14.095
0.110804 -14.042 -14.205 -14.321 -14.476 -14.401 -14.23 -14.284 -14.472 -14.398 -14.223 -13.978 -13.656 -14.475 -14.351 -14.097 -13.858 -13.608 -14.342 -14.109 -13.87 -13.686 -13.604 -14.107 -14.254 -13.997 -13.06 -12.583 -12.009 -14.138
0.114155 -14.057 -14.224 -14.346 -14.509 -14.44 -14.273 -14.313 -14.506 -14.437 -14.265 -14.023 -13.703 -14.509 -14.391 -14.141 -13.904 -13.655 -14.383 -14.153 -13.916 -13.733 -13.651 -14.15 -14.296 -14.042 -13.11 -12.633 -12.06 -14.18
0.117608 -14.071 -14.243 -14.37 -14.543 -14.478 -14.315 -14.341 -14.54 -14.475 -14.307 -14.068 -13.75 -14.543 -14.431 -14.185 -13.95 -13.703 -14.423 -14.196 -13.962 -13.78 -13.698 -14.193 -14.337 -14.086 -13.159 -12.684 -12.112 -14.222
0.121165 -14.085 -14.262 -14.393 -14.576 -14.516 -14.357 -14.369 -14.574 -14.513 -14.349 -14.112 -13.797 -14.577 -14.47 -14.228 -13.996 -13.75 -14.463 -14.24 -14.008 -13.826 -13.744 -14.236 -14.379 -14.131 -13.209 -12.735 -12.164 -14.264
0.124829 -14.099 -14.28 -14.416 -14.609 -14.554 -14.399 -14.396 -14.608 -14.551 -14.391 -14.157 -13.844 -14.611 -14.51 -14.272 -14.042 -13.797 -14.502 -14.283 -14.053 -13.873 -13.791 -14.278 -14.42 -14.175 -13.258 -12.786 -12.216 -14.306
0.128605 -14.112 -14.297 -14.439 -14.641 -14.592 -14.44 -14.424 -14.641 -14.589 -14.433 -14.201 -13.891 -14.644 -14.549 -14.315 -14.087 -13.845 -14.542 -14.326 -14.099 -13.919 -13.837 -14.321 -14.461 -14.219 -13.308 -12.836 -12.267 -14.348
0.132494 -14.124 -14.314 -14.461 -14.673 -14.63 -14.482 -14.451 -14.674 -14.627 -14.474 -14.246 -13.937 -14.677 -14.588 -14.359 -14.133 -13.892 -14.581 -14.37 -14.144 -13.966 -13.884 -14.363 -14.501 -14.264 -13.357 -12.887 -12.319 -14.39
0.136502 -14.136 -14.331 -14.483 -14.705 -14.667 -14.523 -14.478 -14.707 -14.664 -14.516 -14.29 -13.984 -14.71 -14.626 -14.402 -14.178 -13.939 -14.62 -14.413 -14.189 -14.012 -13.93 -14.406 -14.542 -14.308 -13.407 -12.937 -12.37 -14.431
0.14063 -14.148 -14.347 -14.505 -14.737 -14.704 -14.564 -14.504 -14.74 -14.701 -14.557 -14.334 -14.031 -14.742 -14.665 -14.445 -14.223 -13.986 -14.659 -14.455 -14.234 -14.058 -13.976 -14.448 -14.582 -14.352 -13.456 -12.988 -12.422 -14.473
0.144883 -14.159 -14.363 -14.526 -14.768 -14.741 -14.605 -14.531 -14.772 -14.738 -14.598 -14.378 -14.077 -14.774 -14.703 -14.487 -14.268 -14.032 -14.698 -14.498 -14.279 -14.104 -14.022 -14.49 -14.622 -14.395 -13.505 -13.038 -12.473 -14.514
0.149265 -14.169 -14.378 -14.547 -14.799 -14.778 -14.646 -14.557 -14.804 -14.775 -14.639 -14.422 -14.123 -14.806 -14.741 -14.53 -14.313 -14.079 -14.737 -14.541 -14.324 -14.151 -14.068 -14.532 -14.662 -14.439 -13.554 -13.088 -12.525 -14.555
0.15378 -14.18 -14.393 -14.567 -14.83 -14.814 -14.687 -14.583 -14.836 -14.811 -14.68 -14.465 -14.17 -14.837 -14.779 -14.573 -14.358 -14.126 -14.775 -14.583 -14.369 -14.196 -14.114 -14.573 -14.702 -14.482 -13.603 -13.139 -12.576 -14.596
0.15843 -14.189 -14.407 -14.587 -14.86 -14.85 -14.727 -14.608 -14.867 -14.847 -14.72 -14.509 -14.216 -14.869 -14.817 -14.615 -14.403 -14.172 -14.813 -14.625 -14.413 -14.242 -14.16 -14.615 -14.742 -14.526 -13.652 -13.189 -12.627 -14.636
0.163222 -14.198 -14.42 -14.606 -14.89 -14.886 -14.767 -14.634 -14.898 -14.883 -14.76 -14.552 -14.262 -14.899 -14.854 -14.657 -14.448 -14.218 -14.851 -14.667 -14.458 -14.288 -14.206 -14.656 -14.781 -14.569 -13.701 -13.239 -12.679 -14.677
0.168159 -14.207 -14.433 -14.625 -14.92 -14.921 -14.807 -14.659 -14.929 -14.919 -14.801 -14.595 -14.307 -14.93 -14.891 -14.699 -14.492 -14.265 -14.889 -14.709 -14.502 -14.334 -14.252 -14.697 -14.82 -14.612 -13.749 -13.289 -12.73 -14.717
0.173245 -14.215 -14.446 -14.644 -14.949 -14.957 -14.847 -14.684 -14.959 -14.954 -14.841 -14.638 -14.353 -14.96 -14.928 -14.741 -14.537 -14.311 -14.926 -14.751 -14.546 -14.379 -14.298 -14.738 -14.859 -14.655 -13.798 -13.339 -12.781 -14.757
0.178484 -14.222 -14.458 -14.662 -14.978 -14.992 -14.887 -14.708 -14.989 -14.989 -14.88 -14.681 -14.399 -14.99 -14.965 -14.783 -14.581 -14.357 -14.963 -14.792 -14.59 -14.424 -14.343 -14.779 -14.898 -14.697 -13.847 -13.389 -12.832 -14.797
0.183882 -14.229 -14.469 -14.68 -15.007 -15.027 -14.926 -14.732 -15.019 -15.024 -14.92 -14.724 -14.444 -15.02 -15.001 -14.824 -14.625 -14.403 -15.0 -14.834 -14.634 -14.47 -14.389 -14.819 -14.937 -14.74 -13.895 -13.439 -12.883 -14.837
0.189444 -14.235 -14.48 -14.697 -15.035 -15.061 -14.966 -14.756 -15.049 -15.059 -14.959 -14.767 -14.49 -15.049 -15.037 -14.865 -14.669 -14.449 -15.037 -14.875 -14.678 -14.515 -14.434 -14.86 -14.975 -14.782 -13.944 -13.489 -12.934 -14.876
0.195173 -14.241 -14.49 -14.714 -15.063 -15.096 -15.005 -14.78 -15.078 -15.093 -14.998 -14.809 -14.535 -15.078 -15.073 -14.907 -14.712 -14.494 -15.074 -14.916 -14.722 -14.56 -14.48 -14.9 -15.013 -14.824 -13.992 -13.539 -12.985 -14.916
0.201076 -14.246 -14.5 -14.73 -15.091 -15.13 -15.043 -14.803 -15.106 -15.127 -15.037 -14.851 -14.58 -15.106 -15.109 -14.948 -14.756 -14.54 -15.11 -14.957 -14.765 -14.605 -14.525 -14.94 -15.051 -14.867 -14.04 -13.589 -13.036 -14.955
0.207158 -14.251 -14.509 -14.746 -15.118 -15.163 -15.082 -14.826 -15.135 -15.161 -15.076 -14.893 -14.625 -15.134 -15.144 -14.988 -14.8 -14.585 -15.146 -14.997 -14.809 -14.65 -14.57 -14.98 -15.089 -14.908 -14.089 -13.638 -13.087 -14.994
0.213423 -14.255 -14.518 -14.761 -15.145 -15.197 -15.12 -14.849 -15.163 -15.194 -15.114 -14.935 -14.67 -15.162 -15.18 -15.029 -14.843 -14.631 -15.182 -15.038 -14.852 -14.694 -14.615 -15.019 -15.126 -14.95 -14.137 -13.688 -13.138 -15.033
0.219878 -14.258 -14.526 -14.776 -15.172 -15.23 -15.159 -14.871 -15.191 -15.228 -15.152 -14.977 -14.715 -15.19 -15.215 -15.069 -14.886 -14.676 -15.217 -15.078 -14.895 -14.739 -14.66 -15.059 -15.163 -14.992 -14.185 -13.738 -13.189 -15.071
0.226528 -14.261 -14.533 -14.791 -15.198 -15.263 -15.196 -14.894 -15.218 -15.261 -15.19 -15.019 -14.76 -15.217 -15.249 -15.109 -14.929 -14.721 -15.253 -15.118 -14.938 -14.783 -14.705 -15.098 -15.2 -15.033 -14.233 -13.787 -13.24 -15.11
0.233379 -14.264 -14.54 -14.805 -15.223 -15.295 -15.234 -14.916 -15.245 -15.293 -15.228 -15.06 -14.804 -15.243 -15.284 -15.149 -14.972 -14.766 -15.288 -15.158 -14.981 -14.828 -14.75 -15.137 -15.237 -15.074 -14.281 -13.837 -13.29 -15.148
0.240437 -14.265 -14.546 -14.818 -15.249 -15.328 -15.272 -14.937 -15.271 -15.325 -15.266 -15.101 -14.848 -15.27 -15.318 -15.189 -15.015 -14.81 -15.322 -15.198 -15.023 -14.872 -14.794 -15.176 -15.274 -15.115 -14.328 -13.886 -13.341 -15.186
0.247709 -14.266 -14.552 -14.831 -15.274 -15.359 -15.309 -14.958 -15.297 -15.357 -15.303 -15.142 -14.893 -15.296 -15.351 -15.229 -15.057 -14.855 -15.357 -15.237 -15.066 -14.916 -14.839 -15.215 -15.31 -15.156 -14.376 -13.935 -13.391 -15.224
0.255201 -14.267 -14.556 -14.843 -15.298 -15.391 -15.346 -14.979 -15.323 -15.389 -15.34 -15.183 -14.937 -15.321 -15.385 -15.268 -15.1 -14.9 -15.391 -15.277 -15.108 -14.96 -14.883 -15.253 -15.346 -15.196 -14.424 -13.984 -13.442 -15.261
0.262919 -14.267 -14.561 -14.855 -15.322 -15.422 -15.382 -15.0 -15.348 -15.42 -15.377 -15.224 -14.981 -15.346 -15.418 -15.307 -15.142 -14.944 -15.425 -15.316 -15.15 -15.004 -14.928 -15.291 -15.382 -15.237 -14.471 -14.033 -13.492 -15.298
0.270871 -14.266 -14.564 -14.866 -15.346 -15.453 -15.419 -15.02 -15.373 -15.451 -15.414 -15.264 -15.024 -15.371 -15.451 -15.346 -15.184 -14.988 -15.459 -15.355 -15.192 -15.047 -14.972 -15.329 -15.417 -15.277 -14.518 -14.082 -13.543 -15.336
0.279064 -14.264 -14.567 -14.877 -15.369 -15.484 -15.455 -15.04 -15.398 -15.482 -15.45 -15.304 -15.068 -15.395 -15.484 -15.385 -15.226 -15.032 -15.492 -15.393 -15.234 -15.091 -15.016 -15.367 -15.452 -15.317 -14.566 -14.131 -13.593 -15.372
0.287504 -14.262 -14.569 -14.887 -15.392 -15.514 -15.491 -15.06 -15.422 -15.512 -15.486 -15.344 -15.111 -15.419 -15.516 -15.423 -15.267 -15.076 -15.525 -15.432 -15.275 -15.134 -15.06 -15.405 -15.487 -15.357 -14.613 -14.18 -13.643 -15.409
0.296199 -14.259 -14.571 -14.896 -15.414 -15.544 -15.527 -15.079 -15.446 -15.542 -15.522 -15.384 -15.155 -15.442 -15.548 -15.462 -15.309 -15.12 -15.558 -15.47 -15.317 -15.177 -15.104 -15.442 -15.522 -15.396 -14.66 -14.229 -13.694 -15.445
0.305157 -14.256 -14.571 -14.905 -15.436 -15.574 -15.562 -15.098 -15.469 -15.572 -15.557 -15.424 -15.198 -15.465 -15.58 -15.5 -15.35 -15.164 -15.59 -15.508 -15.358 -15.22 -15.147 -15.479 -15.556 -15.436 -14.707 -14.278 -13.744 -15.482
0.314387 -14.252 -14.571 -14.914 -15.457 -15.603 -15.597 -15.117 -15.492 -15.601 -15.592 -15.463 -15.241 -15.488 -15.611 -15.537 -15.391 -15.207 -15.622 -15.545 -15.399 -15.263 -15.191 -15.516 -15.59 -15.475 -14.754 -14.326 -13.794 -15.517
0.323895 -14.247 -14.571 -14.921 -15.478 -15.632 -15.632 -15.135 -15.514 -15.63 -15.627 -15.503 -15.284 -15.51 -15.642 -15.575 -15.432 -15.251 -15.654 -15.583 -15.44 -15.306 -15.234 -15.552 -15.624 -15.514 -14.8 -14.375 -13.844 -15.553
0.333691 -14.241 -14.569 -14.929 -15.499 -15.66 -15.667 -15.154 -15.536 -15.659 -15.662 -15.542 -15.326 -15.531 -15.673 -15.612 -15.473 -15.294 -15.686 -15.62 -15.48 -15.348 -15.278 -15.589 -15.658 -15.553 -14.847 -14.423 -13.894 -15.588
0.343783 -14.235 -14.567 -14.935 -15.519 -15.688 -15.701 -15.171 -15.557 -15.687 -15.696 -15.58 -15.369 -15.552 -15.703 -15.649 -15.513 -15.337 -15.717 -15.657 -15.521 -15.391 -15.321 -15.625 -15.691 -15.591 -14.893 -14.472 -13.944 -15.624
0.354181 -14.228 -14.564 -14.941 -15.538 -15.716 -15.735 -15.188 -15.578 -15.715 -15.731 -15.619 -15.411 -15.573 -15.733 -15.686 -15.554 -15.379 -15.748 -15.694 -15.561 -15.433 -15.364 -15.661 -15.724 -15.629 -14.94 -14.52 -13.994 -15.658
0.364893 -14.221 -14.56 -14.946 -15.557 -15.743 -15.768 -15.205 -15.598 -15.742 -15.764 -15.657 -15.453 -15.593 -15.762 -15.722 -15.594 -15.422 -15.778 -15.73 -15.601 -15.475 -15.407 -15.696 -15.757 -15.667 -14.986 -14.568 -14.043 -15.693
0.375929 -14.212 -14.555 -14.951 -15.575 -15.77 -15.802 -15.222 -15.618 -15.769 -15.798 -15.695 -15.495 -15.612 -15.792 -15.759 -15.633 -15.465 -15.808 -15.766 -15.641 -15.517 -15.45 -15.731 -15.789 -15.705 -15.032 -14.616 -14.093 -15.727
0.387298 -14.203 -14.55 -14.955 -15.593 -15.797 -15.835 -15.238 -15.638 -15.796 -15.831 -15.733 -15.537 -15.631 -15.82 -15.795 -15.673 -15.507 -15.838 -15.802 -15.681 -15.559 -15.492 -15.766 -15.821 -15.743 -15.078 -14.664 -14.143 -15.761
0.399012 -14.193 -14.544 -14.958 -15.611 -15.823 -15.867 -15.254 -15.657 -15.822 -15.864 -15.77 -15.578 -15.65 -15.849 -15.83 -15.712 -15.549 -15.867 -15.838 -15.72 -15.6 -15.535 -15.801 -15.852 -15.78 -15.124 -14.712 -14.192 -15.795
0.41108 -14.182 -14.537 -14.961 -15.627 -15.848 -15.9 -15.27 -15.675 -15.848 -15.896 -15.808 -15.62 -15.668 -15.877 -15.866 -15.752 -15.591 -15.896 -15.873 -15.759 -15.641 -15.577 -15.836 -15.884 -15.817 -15.17 -14.76 -14.242 -15.829
0.423513 -14.171 -14.529 -14.963 -15.644 -15.874 -15.932 -15.285 -15.693 -15.873 -15.928 -15.845 -15.661 -15.685 -15.905 -15.901 -15.791 -15.632 -15.925 -15.908 -15.798 -15.682 -15.619 -15.87 -15.914 -15.854 -15.215 -14.808 -14.291 -15.862
0.436321 -14.159 -14.52 -14.964 -15.659 -15.898 -15.963 -15.299 -15.71 -15.898 -15.96 -15.882 -15.702 -15.702 -15.932 -15.935 -15.829 -15.674 -15.953 -15.943 -15.837 -15.723 -15.661 -15.904 -15.945 -15.89 -15.261 -14.855 -14.34 -15.895
0.449518 -14.146 -14.51 -14.964 -15.674 -15.923 -15.995 -15.314 -15.727 -15.922 -15.992 -15.918 -15.743 -15.718 -15.959 -15.97 -15.868 -15.715 -15.981 -15.978 -15.875 -15.764 -15.703 -15.937 -15.975 -15.926 -15.306 -14.903 -14.389 -15.927
0.463113 -14.132 -14.5 -14.964 -15.689 -15.946 -16.025 -15.328 -15.743 -15.946 -16.023 -15.954 -15.783 -15.734 -15.985 -16.004 -15.906 -15.756 -16.008 -16.012 -15.913 -15.805 -15.744 -15.97 -16.005 -15.962 -15.351 -14.95 -14.438 -15.96
0.47712 -14.117 -14.488 -14.963 -15.702 -15.97 -16.056 -15.341 -15.758 -15.969 -16.053 -15.99 -15.823 -15.749 -16.011 -16.038 -15.944 -15.797 -16.035 -16.046 -15.951 -15.845 -15.786 -16.003 -16.035 -15.998 -15.396 -14.997 -14.487 -15.992
0.49155 -14.102 -14.476 -14.961 -15.716 -15.993 -16.086 -15.354 -15.773 -15.992 -16.084 -16.026 -15.863 -15.763 -16.036 -16.071 -15.981 -15.838 -16.062 -16.079 -15.989 -15.885 -15.827 -16.036 -16.064 -16.033 -15.441 -15.044 -14.536 -16.023
0.506416 -14.086 -14.462 -14.959 -15.728 -16.015 -16.116 -15.367 -15.787 -16.015 -16.114 -16.061 -15.903 -15.777 -16.061 -16.105 -16.019 -15.878 -16.088 -16.112 -16.026 -15.925 -15.868 -16.068 -16.092 -16.068 -15.486 -15.091 -14.585 -16.055
0.521733 -14.069 -14.448 -14.956 -15.74 -16.037 -16.145 -15.379 -15.801 -16.037 -16.143 -16.096 -15.943 -15.791 -16.086 -16.137 -16.056 -15.919 -16.114 -16.145 -16.064 -15.964 -15.909 -16.1 -16.12 -16.103 -15.531 -15.138 -14.634 -16.086
