web/models/kne/9/villar_0.0043_0.0927_1.0000.dat
# %ECSV 1.0
# ---
# datatype:
# - {name: time, datatype: float64}
# - {name: swift_uvot_uvw2, datatype: float64}
# - {name: swift_uvot_uvm2, datatype: float64}
# - {name: swift_uvot_uvw1, datatype: float64}
# - {name: swift_uvot_U, datatype: float64}
# - {name: swift_uvot_B, datatype: float64}
# - {name: swift_uvot_V, datatype: float64}
# - {name: swift_uvot_W, datatype: float64}
# - {name: johnson_U, datatype: float64}
# - {name: johnson_B, datatype: float64}
# - {name: johnson_V, datatype: float64}
# - {name: johnson_R, datatype: float64}
# - {name: johnson_I, datatype: float64}
# - {name: sdss_u, datatype: float64}
# - {name: sdss_g, datatype: float64}
# - {name: sdss_r, datatype: float64}
# - {name: sdss_i, datatype: float64}
# - {name: sdss_z, datatype: float64}
# - {name: PS1_g, datatype: float64}
# - {name: PS1_r, datatype: float64}
# - {name: PS1_i, datatype: float64}
# - {name: PS1_z, datatype: float64}
# - {name: PS1_Y, datatype: float64}
# - {name: PS1_w, datatype: float64}
# - {name: ATLAS_c, datatype: float64}
# - {name: ATLAS_o, datatype: float64}
# - {name: ukirt_J, datatype: float64}
# - {name: ukirt_H, datatype: float64}
# - {name: ukirt_K, datatype: float64}
# - {name: Clear, datatype: float64}
# meta: !!omap
# - comment: [kappa = 1.0, type = villar, mass = 0.004263435211354371, velocity = 0.09266666666666673, theta_obs = 0.0]
# schema: astropy-2.0
time swift_uvot_uvw2 swift_uvot_uvm2 swift_uvot_uvw1 swift_uvot_U swift_uvot_B swift_uvot_V swift_uvot_W johnson_U johnson_B johnson_V johnson_R johnson_I sdss_u sdss_g sdss_r sdss_i sdss_z PS1_g PS1_r PS1_i PS1_z PS1_Y PS1_w ATLAS_c ATLAS_o ukirt_J ukirt_H ukirt_K Clear
[from data line 292]
6.005465 13.699 18.915 42.15 52.716 40.887 32.899 15.968 50.673 38.601 30.85 22.494 17.507 51.987 36.832 27.984 22.465 17.999 12.434 12.638 12.617 12.201 10.456 23.703 30.254 23.437 12.272 8.772 6.146 10.67
6.187096 14.88 20.096 43.331 53.897 42.068 34.08 17.149 51.854 39.783 32.031 23.675 18.688 53.168 38.013 29.165 23.646 19.18 13.615 13.819 13.798 13.383 11.637 24.884 31.435 24.618 13.454 9.953 7.327 11.851
6.37422 16.134 21.35 44.584 55.151 43.322 35.334 18.402 53.107 41.036 33.285 24.928 19.941 54.421 39.267 30.419 24.899 20.434 14.868 15.073 15.052 14.636 12.89 26.137 32.689 25.872 14.707 11.207 8.581 13.104
6.567004 17.465 22.68 45.915 56.481 44.653 36.664 19.733 54.438 42.367 34.616 26.259 21.272 55.752 40.598 31.75 26.23 21.764 16.199 16.404 16.382 15.967 14.221 27.468 34.02 27.203 16.038 12.537 9.911 14.435
6.765619 18.877 24.093 47.328 57.894 46.065 38.077 21.145 55.85 43.779 36.028 27.671 22.684 57.164 42.01 33.162 27.642 23.177 17.611 17.816 17.795 17.379 15.633 28.88 35.432 28.615 17.45 13.95 11.324 15.848
6.97024 20.376 25.592 48.827 59.393 47.564 39.576 22.644 57.35 45.278 37.527 29.17 24.184 58.664 43.509 34.661 29.142 24.676 19.11 19.315 19.294 18.878 17.133 30.379 36.931 30.114 18.949 15.449 12.823 17.347
7.181051 21.967 27.183 50.418 60.984 49.155 41.167 24.236 58.941 46.87 39.118 30.762 25.775 60.255 45.1 36.252 30.733 26.267 20.702 20.906 20.885 20.47 18.724 31.971 38.522 31.705 20.541 17.04 14.414 18.938
7.398237 23.656 28.872 52.107 62.673 50.844 42.856 25.924 60.63 48.558 40.807 32.45 27.464 61.944 46.789 37.941 32.422 27.956 22.39 22.595 22.574 22.158 20.413 33.659 40.211 33.394 22.229 18.729 16.103 20.627
7.621991 25.449 30.664 53.899 64.465 52.637 44.648 27.717 62.422 50.351 42.6 34.243 29.256 63.736 48.582 39.734 34.214 29.748 24.183 24.388 24.366 23.951 22.205 35.452 42.004 35.187 24.022 20.521 17.896 22.419
7.852513 27.351 32.567 55.802 66.368 54.539 46.551 29.62 64.325 52.254 44.502 36.146 31.159 65.639 50.484 41.636 36.117 31.651 26.086 26.29 26.269 25.854 24.108 37.355 43.906 37.089 25.925 22.424 19.798 24.322
8.090007 29.371 34.586 57.821 68.387 56.559 48.57 31.639 66.344 54.273 46.522 38.165 33.178 67.658 52.504 43.656 38.136 33.671 28.105 28.31 28.288 27.873 26.127 39.374 45.926 39.109 27.944 24.443 21.818 26.341
8.334684 31.514 36.73 59.965 70.531 58.702 50.714 33.783 68.488 56.416 48.665 40.309 35.322 69.802 54.647 45.799 40.28 35.814 30.249 30.453 30.432 30.016 28.271 41.518 48.069 41.252 30.087 26.587 23.961 28.485
8.586761 33.789 39.005 62.24 72.806 60.977 52.989 36.058 70.763 58.691 50.94 42.584 37.597 72.077 56.922 48.074 42.555 38.089 32.524 32.728 32.707 32.292 30.546 43.793 50.344 43.527 32.363 28.862 26.236 30.76
8.846461 36.204 41.42 64.654 75.221 63.392 55.404 38.472 73.177 61.106 53.355 44.998 40.011 74.491 59.337 50.489 44.969 40.504 34.938 35.143 35.122 34.706 32.96 46.207 52.759 45.942 34.777 31.277 28.651 33.175
9.114017 38.767 43.983 67.218 77.784 65.955 57.967 41.035 75.74 63.669 55.918 47.561 42.575 77.054 61.9 53.052 47.532 43.067 37.501 37.706 37.685 37.269 35.523 48.77 55.322 48.505 37.34 33.84 31.214 35.738
9.389664 41.487 46.703 69.938 80.504 68.675 60.687 43.756 78.461 66.39 58.638 50.282 45.295 79.775 64.62 55.773 50.253 45.787 40.222 40.427 40.405 39.99 38.244 51.491 58.042 51.226 40.061 36.56 33.934 38.458
9.673648 44.375 49.591 72.825 83.391 71.563 63.575 46.643 81.348 69.277 61.526 53.169 48.182 82.662 67.508 58.66 53.14 48.675 43.109 43.314 43.293 42.877 41.131 54.378 60.93 54.113 42.948 39.448 36.822 41.345
9.966221 47.44 52.655 75.89 86.456 74.628 66.639 49.708 84.413 72.342 64.591 56.234 51.247 85.727 70.573 61.725 56.205 51.739 46.174 46.379 46.357 45.942 44.196 57.443 63.995 57.178 46.013 42.512 39.886 44.41
10.267642 50.693 55.908 79.143 89.709 77.881 69.892 52.961 87.666 75.595 67.844 59.487 54.5 88.98 73.826 64.978 59.458 54.992 49.427 49.632 49.61 49.195 47.449 60.696 67.247 60.431 49.266 45.765 43.139 47.663
10.57818 54.145 59.361 82.596 93.162 81.333 73.345 56.414 91.119 79.048 71.296 62.94 57.953 92.433 77.278 68.43 62.911 58.445 52.88 53.084 53.063 52.648 50.902 64.149 70.7 63.883 52.719 49.218 46.592 51.116
10.89811 57.81 63.026 86.26 96.827 84.998 77.01 60.078 94.783 82.712 74.961 66.604 61.617 96.097 80.943 72.095 66.575 62.11 56.544 56.749 56.728 56.312 54.566 67.813 74.365 67.548 56.383 52.883 50.257 54.78
11.227716 61.7 66.915 90.15 100.716 88.888 80.899 63.968 98.673 86.602 78.851 70.494 65.507 99.987 84.833 75.985 70.465 65.999 60.434 60.639 60.617 60.202 58.456 71.703 78.255 71.438 60.273 56.772 54.147 58.67
11.56729 65.828 71.044 94.279 104.845 93.016 85.028 68.097 102.802 90.73 82.979 74.623 69.636 104.116 88.961 80.113 74.594 70.128 64.563 64.767 64.746 64.331 62.585 75.832 82.383 75.566 64.402 60.901 58.275 62.799
11.917135 70.21 75.426 98.661 109.227 97.398 89.41 72.479 107.184 95.113 87.361 79.005 74.018 108.498 93.343 84.495 78.976 74.51 68.945 69.149 69.128 68.713 66.967 80.214 86.765 79.948 68.784 65.283 62.657 67.181
12.277561 74.861 80.077 103.312 113.878 102.049 94.061 77.13 111.835 99.764 92.012 83.656 78.669 113.149 97.994 89.147 83.627 79.161 73.596 73.801 73.779 73.364 71.618 84.865 91.416 84.6 73.435 69.934 67.308 71.832
12.648887 79.798 85.014 108.249 118.815 106.986 98.998 82.067 116.772 104.7 96.949 88.593 83.606 118.086 102.931 94.083 88.564 84.098 78.533 78.737 78.716 78.3 76.555 89.802 96.353 89.536 78.371 74.871 72.245 76.769
13.031444 85.038 90.254 113.488 124.055 112.226 104.238 87.306 122.011 109.94 102.189 93.832 88.845 123.325 108.171 99.323 93.803 89.338 83.772 83.977 83.956 83.54 81.794 95.041 101.593 94.776 83.611 80.111 77.485 82.009
13.425571 90.6 95.815 119.05 129.616 117.788 109.799 92.868 127.573 115.502 107.751 99.394 94.407 128.887 113.733 104.885 99.365 94.899 89.334 89.539 89.517 89.102 87.356 100.603 107.154 100.338 89.173 85.672 83.046 87.57
13.831619 96.503 101.718 124.953 135.519 123.691 115.702 98.771 133.476 121.405 113.654 105.297 100.31 134.79 119.636 110.788 105.268 100.803 95.237 95.442 95.42 95.005 93.259 106.506 113.058 106.241 95.076 91.575 88.95 93.473
14.249947 102.768 107.984 131.219 141.785 129.956 121.968 105.037 139.742 127.671 119.919 111.563 106.576 141.056 125.901 117.053 111.534 107.068 101.503 101.707 101.686 101.271 99.525 112.772 119.323 112.506 101.342 97.841 95.215 99.739
14.680926 109.419 114.634 137.869 148.435 136.607 128.618 111.687 146.392 134.321 126.57 118.213 113.226 147.706 132.552 123.704 118.184 113.718 108.153 108.358 108.336 107.921 106.175 119.422 125.973 119.157 107.992 104.491 101.865 106.389
15.124941 116.477 121.693 144.928 155.494 143.665 135.677 118.746 153.451 141.379 133.628 125.272 120.285 154.765 139.61 130.762 125.243 120.777 115.212 115.416 115.395 114.98 113.234 126.481 133.032 126.215 115.051 111.55 108.924 113.448
15.582385 123.969 129.185 152.42 162.986 151.157 143.169 126.238 160.943 148.872 141.12 132.764 127.777 162.257 147.102 138.255 132.735 128.269 122.704 122.908 122.887 122.472 120.726 133.973 140.524 133.707 122.543 119.042 116.416 120.94
16.053663 131.921 137.137 160.372 170.938 159.109 151.121 134.19 168.895 156.824 149.072 140.716 135.729 170.209 155.054 146.207 140.687 136.221 130.656 130.861 130.839 130.424 128.678 141.925 148.476 141.66 130.495 126.994 124.368 128.892
16.539195 140.362 145.577 168.812 179.378 167.55 159.562 142.63 177.335 165.264 157.513 149.156 144.169 178.649 163.495 154.647 149.127 144.662 139.096 139.301 139.279 138.864 137.118 150.365 156.917 150.1 138.935 135.435 132.809 137.332
17.039412 149.32 154.536 177.771 188.337 176.508 168.52 151.589 186.294 174.223 166.471 158.115 153.128 187.608 172.453 163.606 158.086 153.62 148.055 148.26 148.238 147.823 146.077 159.324 165.875 159.059 147.894 144.393 141.767 146.291
17.554757 158.829 164.045 187.28 197.846 186.017 178.029 161.098 195.803 183.732 175.98 167.624 162.637 197.117 181.962 173.114 167.595 163.129 157.564 157.768 157.747 157.332 155.586 168.833 175.384 168.567 157.403 153.902 151.276 155.8
18.085689 168.922 174.138 197.372 207.939 196.11 188.122 171.19 205.895 193.824 186.073 177.716 172.729 207.209 192.055 183.207 177.687 173.222 167.656 167.861 167.84 167.424 165.678 178.925 185.477 178.66 167.495 163.995 161.369 165.892
18.632678 179.634 184.85 208.085 218.651 206.822 198.834 181.903 216.608 204.537 196.785 188.429 183.442 217.922 202.767 193.919 188.4 183.934 178.369 178.573 178.552 178.137 176.391 189.638 196.189 189.372 178.208 174.707 172.081 176.605
19.196211 191.004 196.22 219.455 230.021 218.192 210.204 193.273 227.978 215.907 208.155 199.799 194.812 229.292 214.137 205.29 199.77 195.304 189.739 189.944 189.922 189.507 187.761 201.008 207.559 200.743 189.578 186.077 183.451 187.975
19.776787 203.073 208.288 231.523 242.089 230.261 222.272 205.341 240.046 227.975 220.224 211.867 206.88 241.36 226.206 217.358 211.838 207.373 201.807 202.012 201.99 201.575 199.829 213.076 219.628 212.811 201.646 198.145 195.52 200.043
20.374923 215.882 221.098 244.333 254.899 243.07 235.082 218.15 252.855 240.784 233.033 224.676 219.69 254.169 239.015 230.167 224.647 220.182 214.616 214.821 214.8 214.384 212.638 225.885 232.437 225.62 214.455 210.955 208.329 212.853
20.991149 229.478 234.694 257.928 268.494 256.666 248.678 231.746 266.451 254.38 246.629 238.272 233.285 267.765 252.611 243.763 238.243 233.778 228.212 228.417 228.396 227.98 226.234 239.481 246.033 239.216 228.051 224.551 221.925 226.448
21.626011 243.909 249.124 272.359 282.925 271.097 263.108 246.177 280.882 268.811 261.06 252.703 247.716 282.196 267.042 258.194 252.674 248.208 242.643 242.848 242.826 242.411 240.665 253.912 260.463 253.647 242.482 238.981 236.355 240.879
22.280075 259.225 264.441 287.676 298.242 286.413 278.425 261.494 296.199 284.128 276.376 268.02 263.033 297.513 282.358 273.511 267.991 263.525 257.96 258.165 258.143 257.728 255.982 269.229 275.78 268.964 257.799 254.298 251.672 256.196
22.953921 275.483 280.698 303.933 314.499 302.671 294.682 277.751 312.456 300.385 292.634 284.277 279.29 313.77 298.616 289.768 284.248 279.782 274.217 274.422 274.4 273.985 272.239 285.486 292.038 285.221 274.056 270.555 267.93 272.453
23.648147 292.738 297.954 321.189 331.755 319.926 311.938 295.007 329.712 317.641 309.889 301.533 296.546 331.026 315.871 307.023 301.504 297.038 291.473 291.677 291.656 291.241 289.495 302.742 309.293 302.476 291.312 287.811 285.185 289.709
24.363369 311.053 316.269 339.504 350.07 338.241 330.253 313.322 348.027 335.956 328.204 319.848 314.861 349.341 334.186 325.339 319.819 315.353 309.788 309.992 309.971 309.556 307.81 321.057 327.608 320.791 309.627 306.126 303.5 308.024
25.100222 330.493 335.709 358.944 369.51 357.681 349.693 332.761 367.466 355.395 347.644 339.287 334.301 368.781 353.626 344.778 339.258 334.793 329.227 329.432 329.411 328.995 327.249 340.496 347.048 340.231 329.066 325.566 322.94 327.464
25.859362 351.126 356.342 379.577 390.143 378.314 370.326 353.395 388.1 376.029 368.277 359.921 354.934 389.414 374.259 365.412 359.892 355.426 349.861 350.066 350.044 349.629 347.883 361.13 367.681 360.865 349.7 346.199 343.573 348.097
26.64146 373.027 378.242 401.477 412.043 400.215 392.226 375.295 410.0 397.929 390.178 381.821 376.834 411.314 396.16 387.312 381.792 377.327 371.761 371.966 371.944 371.529 369.783 383.03 389.582 382.765 371.6 368.099 365.474 369.997
27.447213 396.272 401.487 424.722 435.288 423.46 415.472 398.54 433.245 421.174 413.423 405.066 400.079 434.559 419.405 410.557 405.037 400.572 395.006 395.211 395.189 394.774 393.028 406.275 412.827 406.01 394.845 391.344 388.719 393.242
28.277335 420.944 426.16 449.395 459.961 448.132 440.144 423.213 457.918 445.846 438.095 429.739 424.752 459.232 444.077 435.229 429.71 425.244 419.679 419.883 419.862 419.447 417.701 430.948 437.499 430.682 419.518 416.017 413.391 417.915
29.132564 447.132 452.347 475.582 486.148 474.32 466.331 449.4 484.105 472.034 464.283 455.926 450.939 485.419 470.265 461.417 455.897 451.431 445.866 446.071 446.049 445.634 443.888 457.135 463.686 456.87 445.705 442.204 439.578 444.102
30.013659 474.927 480.143 503.377 513.944 502.115 494.127 477.195 511.9 499.829 492.078 483.721 478.734 513.214 498.06 489.212 483.692 479.227 473.661 473.866 473.845 473.429 471.683 484.93 491.482 484.665 473.5 470.0 467.374 471.897
30.921401 504.429 509.645 532.88 543.446 531.617 523.629 506.697 541.402 529.331 521.58 513.223 508.237 542.717 527.562 518.714 513.194 508.729 503.163 503.368 503.347 502.931 501.186 514.432 520.984 514.167 503.002 499.502 496.876 501.4
31.856598 535.743 540.958 564.193 574.759 562.931 554.942 538.011 572.716 560.645 552.894 544.537 539.55 574.03 558.876 550.028 544.508 540.042 534.477 534.682 534.66 534.245 532.499 545.746 552.298 545.481 534.316 530.815 528.19 532.713
32.820079 568.979 574.195 597.43 607.996 596.167 588.179 571.247 605.953 593.881 586.13 577.773 572.787 607.267 592.112 583.264 577.744 573.279 567.713 567.918 567.897 567.481 565.736 578.982 585.534 578.717 567.552 564.052 561.426 565.95
33.8127 604.256 609.472 632.707 643.273 631.444 623.456 606.525 641.23 629.159 621.407 613.051 608.064 642.544 627.389 618.541 613.022 608.556 602.991 603.195 603.174 602.759 601.013 614.26 620.811 613.994 602.83 599.329 596.703 601.227
34.835342 641.7 646.915 670.15 680.716 668.888 660.899 643.968 678.673 666.602 658.851 650.494 645.507 679.987 664.833 655.985 650.465 645.999 640.434 640.639 640.617 640.202 638.456 651.703 658.255 651.438 640.273 636.772 634.146 638.67
35.888913 681.442 686.658 709.893 720.459 708.63 700.642 683.711 718.416 706.344 698.593 690.237 685.25 719.73 704.575 695.727 690.208 685.742 680.177 680.381 680.36 679.944 678.199 691.446 697.997 691.18 680.015 676.515 673.889 678.413
36.974349 723.625 728.841 752.075 762.642 750.813 742.825 725.893 760.598 748.527 740.776 732.419 727.432 761.912 746.758 737.91 732.39 727.925 722.359 722.564 722.543 722.127 720.381 733.628 740.18 733.363 722.198 718.698 716.072 720.595
38.092613 768.398 773.614 797.252 nan nan 787.711 770.666 nan 797.373 785.563 777.192 772.205 nan 794.734 782.683 777.163 772.698 767.132 767.337 767.316 766.9 765.154 778.401 784.956 778.136 766.971 763.471 760.845 765.368
39.244698 nan nan nan nan nan nan nan nan nan nan nan nan nan nan nan nan nan nan nan nan nan nan nan nan nan nan nan nan nan
40.431627 nan nan nan nan nan nan nan nan nan nan nan nan nan nan nan nan nan nan nan nan nan nan nan nan nan nan nan nan nan
41.654454 nan nan nan nan nan nan nan nan nan nan nan nan nan nan nan nan nan nan nan nan nan nan nan nan nan nan nan nan nan
42.914265 nan nan nan nan nan nan nan nan nan nan nan nan nan nan nan nan nan nan nan nan nan nan nan nan nan nan nan nan nan
44.212178 nan nan nan nan nan nan nan nan nan nan nan nan nan nan nan nan nan nan nan nan nan nan nan nan nan nan nan nan nan
45.549345 nan nan nan nan nan nan nan nan nan nan nan nan nan nan nan nan nan nan nan nan nan nan nan nan nan nan nan nan nan
46.926954 nan nan nan nan nan nan nan nan nan nan nan nan nan nan nan nan nan nan nan nan nan nan nan nan nan nan nan nan nan
48.346227 nan nan nan nan nan nan nan nan nan nan nan nan nan nan nan nan nan nan nan nan nan nan nan nan nan nan nan nan nan
49.808426 nan nan nan nan nan nan nan nan nan nan nan nan nan nan nan nan nan nan nan nan nan nan nan nan nan nan nan nan nan
51.314848 nan nan nan nan nan nan nan nan nan nan nan nan nan nan nan nan nan nan nan nan nan nan nan nan nan nan nan nan nan
52.86683 nan nan nan nan nan nan nan nan nan nan nan nan nan nan nan nan nan nan nan nan nan nan nan nan nan nan nan nan nan
54.465752 nan nan nan nan nan nan nan nan nan nan nan nan nan nan nan nan nan nan nan nan nan nan nan nan nan nan nan nan nan
56.113031 nan nan nan nan nan nan nan nan nan nan nan nan nan nan nan nan nan nan nan nan nan nan nan nan nan nan nan nan nan
