web/models/kne.last_good/kappa_0.5_3.0.v1/14/villar_0.2183_0.4530_3.0000.dat
# %ECSV 1.0
# ---
# datatype:
# - {name: time, datatype: float64}
# - {name: swift_uvot_uvw2, datatype: float64}
# - {name: swift_uvot_uvm2, datatype: float64}
# - {name: swift_uvot_uvw1, datatype: float64}
# - {name: swift_uvot_U, datatype: float64}
# - {name: swift_uvot_B, datatype: float64}
# - {name: swift_uvot_V, datatype: float64}
# - {name: swift_uvot_W, datatype: float64}
# - {name: johnson_U, datatype: float64}
# - {name: johnson_B, datatype: float64}
# - {name: johnson_V, datatype: float64}
# - {name: johnson_R, datatype: float64}
# - {name: johnson_I, datatype: float64}
# - {name: sdss_u, datatype: float64}
# - {name: sdss_g, datatype: float64}
# - {name: sdss_r, datatype: float64}
# - {name: sdss_i, datatype: float64}
# - {name: sdss_z, datatype: float64}
# - {name: PS1_g, datatype: float64}
# - {name: PS1_r, datatype: float64}
# - {name: PS1_i, datatype: float64}
# - {name: PS1_z, datatype: float64}
# - {name: PS1_Y, datatype: float64}
# - {name: PS1_w, datatype: float64}
# - {name: ATLAS_c, datatype: float64}
# - {name: ATLAS_o, datatype: float64}
# - {name: ukirt_J, datatype: float64}
# - {name: ukirt_H, datatype: float64}
# - {name: ukirt_K, datatype: float64}
# - {name: Clear, datatype: float64}
# meta: !!omap
# - comment: [kappa = 3.0, type = villar, mass = 0.21832694463104688, velocity = 0.453, theta_obs = 0.0]
# schema: astropy-2.0
time swift_uvot_uvw2 swift_uvot_uvm2 swift_uvot_uvw1 swift_uvot_U swift_uvot_B swift_uvot_V swift_uvot_W johnson_U johnson_B johnson_V johnson_R johnson_I sdss_u sdss_g sdss_r sdss_i sdss_z PS1_g PS1_r PS1_i PS1_z PS1_Y PS1_w ATLAS_c ATLAS_o ukirt_J ukirt_H ukirt_K Clear
[from data line 144]
0.073012 -13.019 -13.244 -13.434 -13.724 -13.723 -13.607 -13.465 -13.732 -13.72 -13.6 -13.394 -13.105 -13.734 -13.692 -13.498 -13.29 -13.062 -13.69 -13.508 -13.3 -13.131 -13.05 -13.496 -13.62 -13.411 -12.546 -12.085 -11.525 -13.517
0.07522 -13.029 -13.258 -13.454 -13.754 -13.759 -13.648 -13.491 -13.764 -13.757 -13.641 -13.438 -13.151 -13.765 -13.73 -13.541 -13.335 -13.109 -13.728 -13.551 -13.345 -13.177 -13.096 -13.538 -13.66 -13.454 -12.595 -12.136 -11.577 -13.558
0.077495 -13.038 -13.272 -13.473 -13.785 -13.795 -13.688 -13.516 -13.795 -13.793 -13.682 -13.481 -13.198 -13.796 -13.768 -13.583 -13.38 -13.155 -13.766 -13.593 -13.39 -13.223 -13.142 -13.58 -13.7 -13.497 -12.644 -12.186 -11.629 -13.598
0.079839 -13.047 -13.285 -13.493 -13.814 -13.831 -13.729 -13.542 -13.826 -13.829 -13.722 -13.525 -13.244 -13.827 -13.805 -13.625 -13.425 -13.202 -13.804 -13.635 -13.434 -13.269 -13.188 -13.621 -13.739 -13.541 -12.693 -12.237 -11.68 -13.639
0.082253 -13.055 -13.298 -13.512 -13.844 -13.867 -13.769 -13.567 -13.857 -13.864 -13.762 -13.568 -13.29 -13.857 -13.842 -13.668 -13.469 -13.248 -13.842 -13.677 -13.479 -13.315 -13.234 -13.662 -13.779 -13.584 -12.742 -12.287 -11.731 -13.679
0.084741 -13.063 -13.31 -13.53 -13.873 -13.902 -13.809 -13.592 -13.887 -13.9 -13.802 -13.611 -13.336 -13.887 -13.879 -13.709 -13.514 -13.295 -13.879 -13.719 -13.523 -13.361 -13.28 -13.703 -13.818 -13.627 -12.791 -12.337 -11.783 -13.72
0.087304 -13.07 -13.322 -13.548 -13.902 -13.937 -13.848 -13.617 -13.917 -13.935 -13.842 -13.654 -13.382 -13.917 -13.916 -13.751 -13.558 -13.341 -13.916 -13.76 -13.567 -13.406 -13.326 -13.744 -13.856 -13.67 -12.84 -12.387 -11.834 -13.76
0.089944 -13.077 -13.333 -13.565 -13.931 -13.972 -13.888 -13.641 -13.947 -13.97 -13.882 -13.697 -13.427 -13.946 -13.952 -13.793 -13.602 -13.387 -13.953 -13.802 -13.612 -13.452 -13.372 -13.785 -13.895 -13.712 -12.889 -12.438 -11.886 -13.8
0.092665 -13.083 -13.343 -13.583 -13.959 -14.007 -13.927 -13.665 -13.976 -14.004 -13.921 -13.74 -13.473 -13.976 -13.988 -13.834 -13.647 -13.433 -13.99 -13.843 -13.655 -13.497 -13.418 -13.825 -13.933 -13.755 -12.937 -12.488 -11.937 -13.839
0.095467 -13.089 -13.353 -13.599 -13.987 -14.041 -13.966 -13.689 -14.005 -14.039 -13.96 -13.782 -13.518 -14.004 -14.024 -13.875 -13.69 -13.479 -14.027 -13.884 -13.699 -13.542 -13.463 -13.866 -13.972 -13.797 -12.986 -12.538 -11.988 -13.879
0.098355 -13.094 -13.363 -13.616 -14.014 -14.075 -14.005 -13.713 -14.034 -14.073 -13.999 -13.825 -13.564 -14.033 -14.06 -13.916 -13.734 -13.525 -14.063 -13.925 -13.743 -13.588 -13.509 -13.906 -14.01 -13.839 -13.035 -12.588 -12.039 -13.918
0.101329 -13.099 -13.372 -13.631 -14.042 -14.109 -14.044 -13.737 -14.062 -14.106 -14.038 -13.867 -13.609 -14.061 -14.096 -13.957 -13.778 -13.57 -14.099 -13.966 -13.787 -13.633 -13.554 -13.946 -14.047 -13.881 -13.083 -12.638 -12.091 -13.957
0.104394 -13.103 -13.38 -13.647 -14.068 -14.142 -14.082 -13.76 -14.09 -14.14 -14.076 -13.909 -13.654 -14.089 -14.131 -13.998 -13.821 -13.616 -14.135 -14.007 -13.83 -13.678 -13.6 -13.986 -14.085 -13.923 -13.131 -12.688 -12.142 -13.996
0.107551 -13.106 -13.388 -13.661 -14.095 -14.175 -14.121 -13.783 -14.118 -14.173 -14.115 -13.951 -13.699 -14.116 -14.166 -14.039 -13.865 -13.661 -14.171 -14.047 -13.873 -13.722 -13.645 -14.025 -14.122 -13.965 -13.18 -12.737 -12.193 -14.035
0.110804 -13.109 -13.395 -13.676 -14.121 -14.208 -14.159 -13.805 -14.145 -14.206 -14.153 -13.993 -13.744 -14.143 -14.201 -14.079 -13.908 -13.706 -14.206 -14.088 -13.916 -13.767 -13.69 -14.065 -14.159 -14.006 -13.228 -12.787 -12.244 -14.073
0.114155 -13.112 -13.402 -13.69 -14.147 -14.241 -14.196 -13.828 -14.172 -14.239 -14.191 -14.034 -13.788 -14.17 -14.235 -14.119 -13.951 -13.751 -14.241 -14.128 -13.959 -13.812 -13.735 -14.104 -14.196 -14.048 -13.276 -12.837 -12.295 -14.112
0.117608 -13.114 -13.408 -13.703 -14.172 -14.273 -14.234 -13.85 -14.199 -14.271 -14.229 -14.076 -13.833 -14.196 -14.269 -14.159 -13.994 -13.797 -14.276 -14.167 -14.002 -13.856 -13.78 -14.143 -14.233 -14.089 -13.324 -12.886 -12.346 -14.15
0.121165 -13.115 -13.414 -13.716 -14.197 -14.305 -14.271 -13.871 -14.225 -14.303 -14.266 -14.117 -13.877 -14.222 -14.303 -14.199 -14.037 -13.841 -14.311 -14.207 -14.045 -13.9 -13.825 -14.182 -14.269 -14.13 -13.372 -12.936 -12.396 -14.188
0.124829 -13.116 -13.419 -13.729 -14.222 -14.337 -14.309 -13.893 -14.251 -14.335 -14.303 -14.158 -13.922 -14.248 -14.337 -14.238 -14.079 -13.886 -14.345 -14.247 -14.087 -13.945 -13.87 -14.221 -14.306 -14.171 -13.42 -12.986 -12.447 -14.226
0.128605 -13.116 -13.423 -13.741 -14.246 -14.368 -14.345 -13.914 -14.276 -14.367 -14.34 -14.199 -13.966 -14.273 -14.37 -14.278 -14.122 -13.931 -14.379 -14.286 -14.13 -13.989 -13.914 -14.259 -14.342 -14.211 -13.467 -13.035 -12.498 -14.263
0.132494 -13.115 -13.427 -13.752 -14.27 -14.4 -14.382 -13.935 -14.301 -14.398 -14.377 -14.24 -14.01 -14.298 -14.403 -14.317 -14.164 -13.975 -14.413 -14.325 -14.172 -14.033 -13.959 -14.297 -14.377 -14.252 -13.515 -13.084 -12.549 -14.301
0.136502 -13.114 -13.43 -13.763 -14.293 -14.43 -14.419 -13.956 -14.326 -14.429 -14.414 -14.28 -14.054 -14.322 -14.436 -14.356 -14.206 -14.02 -14.447 -14.364 -14.214 -14.076 -14.003 -14.335 -14.413 -14.292 -13.563 -13.134 -12.6 -14.338
0.14063 -13.113 -13.432 -13.774 -14.316 -14.461 -14.455 -13.976 -14.35 -14.459 -14.45 -14.321 -14.098 -14.346 -14.469 -14.395 -14.248 -14.064 -14.48 -14.403 -14.256 -14.12 -14.048 -14.373 -14.448 -14.332 -13.61 -13.183 -12.65 -14.375
0.144883 -13.111 -13.434 -13.784 -14.339 -14.491 -14.491 -13.996 -14.374 -14.49 -14.486 -14.361 -14.141 -14.37 -14.501 -14.433 -14.29 -14.108 -14.513 -14.441 -14.298 -14.164 -14.092 -14.411 -14.483 -14.372 -13.658 -13.232 -12.701 -14.412
0.149265 -13.108 -13.435 -13.793 -14.361 -14.521 -14.526 -14.016 -14.398 -14.52 -14.522 -14.401 -14.185 -14.393 -14.533 -14.472 -14.332 -14.152 -14.546 -14.48 -14.339 -14.207 -14.136 -14.448 -14.518 -14.412 -13.705 -13.281 -12.751 -14.448
0.15378 -13.105 -13.435 -13.802 -14.383 -14.551 -14.562 -14.036 -14.421 -14.549 -14.558 -14.441 -14.228 -14.416 -14.565 -14.51 -14.373 -14.196 -14.579 -14.518 -14.381 -14.25 -14.18 -14.486 -14.552 -14.451 -13.752 -13.33 -12.802 -14.485
0.15843 -13.101 -13.435 -13.81 -14.404 -14.58 -14.597 -14.055 -14.444 -14.579 -14.593 -14.48 -14.271 -14.438 -14.596 -14.548 -14.414 -14.24 -14.611 -14.556 -14.422 -14.293 -14.224 -14.523 -14.587 -14.491 -13.799 -13.379 -12.852 -14.521
0.163222 -13.096 -13.434 -13.818 -14.425 -14.609 -14.632 -14.074 -14.466 -14.608 -14.628 -14.519 -14.315 -14.46 -14.627 -14.585 -14.455 -14.283 -14.643 -14.593 -14.463 -14.336 -14.268 -14.559 -14.621 -14.53 -13.846 -13.428 -12.902 -14.557
0.168159 -13.091 -13.433 -13.825 -14.445 -14.637 -14.667 -14.092 -14.488 -14.636 -14.663 -14.559 -14.357 -14.482 -14.658 -14.623 -14.496 -14.327 -14.674 -14.631 -14.504 -14.379 -14.312 -14.596 -14.654 -14.569 -13.893 -13.477 -12.953 -14.592
0.173245 -13.085 -13.431 -13.832 -14.465 -14.666 -14.701 -14.111 -14.509 -14.665 -14.697 -14.598 -14.4 -14.503 -14.688 -14.66 -14.537 -14.37 -14.706 -14.668 -14.545 -14.422 -14.355 -14.632 -14.688 -14.607 -13.94 -13.525 -13.003 -14.628
0.178484 -13.078 -13.428 -13.838 -14.485 -14.693 -14.735 -14.129 -14.53 -14.692 -14.732 -14.636 -14.443 -14.524 -14.719 -14.697 -14.578 -14.413 -14.737 -14.705 -14.585 -14.464 -14.399 -14.668 -14.721 -14.646 -13.987 -13.574 -13.053 -14.663
0.183882 -13.071 -13.424 -13.844 -14.504 -14.721 -14.769 -14.147 -14.551 -14.72 -14.766 -14.675 -14.485 -14.544 -14.748 -14.734 -14.618 -14.456 -14.767 -14.741 -14.626 -14.507 -14.442 -14.704 -14.754 -14.684 -14.033 -13.623 -13.103 -14.698
0.189444 -13.064 -13.42 -13.849 -14.522 -14.748 -14.803 -14.164 -14.571 -14.747 -14.799 -14.713 -14.527 -14.563 -14.778 -14.77 -14.658 -14.499 -14.798 -14.778 -14.666 -14.549 -14.485 -14.74 -14.786 -14.722 -14.08 -13.671 -13.153 -14.732
0.195173 -13.055 -13.415 -13.853 -14.541 -14.775 -14.836 -14.181 -14.59 -14.774 -14.833 -14.752 -14.57 -14.583 -14.807 -14.807 -14.698 -14.541 -14.828 -14.814 -14.706 -14.591 -14.528 -14.775 -14.818 -14.76 -14.126 -13.719 -13.203 -14.767
0.201076 -13.046 -13.409 -13.857 -14.558 -14.801 -14.869 -14.198 -14.61 -14.801 -14.866 -14.789 -14.611 -14.602 -14.836 -14.843 -14.738 -14.584 -14.857 -14.85 -14.746 -14.633 -14.571 -14.81 -14.85 -14.798 -14.172 -13.768 -13.253 -14.801
0.207158 -13.037 -13.402 -13.86 -14.575 -14.827 -14.902 -14.215 -14.628 -14.827 -14.899 -14.827 -14.653 -14.62 -14.864 -14.878 -14.778 -14.626 -14.887 -14.886 -14.785 -14.675 -14.614 -14.845 -14.882 -14.835 -14.219 -13.816 -13.303 -14.835
0.213423 -13.026 -13.395 -13.863 -14.592 -14.853 -14.934 -14.231 -14.647 -14.852 -14.931 -14.865 -14.695 -14.638 -14.892 -14.914 -14.817 -14.668 -14.916 -14.921 -14.825 -14.716 -14.656 -14.88 -14.913 -14.872 -14.265 -13.864 -13.353 -14.869
0.219878 -13.015 -13.387 -13.865 -14.608 -14.878 -14.966 -14.247 -14.664 -14.878 -14.964 -14.902 -14.736 -14.655 -14.92 -14.949 -14.856 -14.71 -14.944 -14.957 -14.864 -14.758 -14.699 -14.914 -14.944 -14.909 -14.311 -13.912 -13.403 -14.902
0.226528 -13.004 -13.378 -13.866 -14.624 -14.903 -14.998 -14.262 -14.682 -14.903 -14.996 -14.939 -14.777 -14.672 -14.947 -14.984 -14.895 -14.752 -14.973 -14.992 -14.903 -14.799 -14.741 -14.948 -14.975 -14.946 -14.357 -13.96 -13.452 -14.936
0.233379 -12.991 -13.368 -13.867 -14.639 -14.927 -15.03 -14.277 -14.698 -14.927 -15.027 -14.976 -14.819 -14.688 -14.974 -15.019 -14.934 -14.794 -15.001 -15.026 -14.941 -14.84 -14.783 -14.982 -15.006 -14.982 -14.402 -14.008 -13.502 -14.969
0.240437 -12.978 -13.358 -13.867 -14.653 -14.951 -15.061 -14.292 -14.715 -14.951 -15.059 -15.012 -14.859 -14.704 -15.001 -15.053 -14.972 -14.835 -15.028 -15.061 -14.98 -14.881 -14.825 -15.016 -15.036 -15.019 -14.448 -14.056 -13.552 -15.001
0.247709 -12.965 -13.346 -13.866 -14.667 -14.975 -15.091 -14.307 -14.73 -14.975 -15.09 -15.048 -14.9 -14.719 -15.027 -15.087 -15.011 -14.877 -15.056 -15.095 -15.018 -14.922 -14.867 -15.049 -15.065 -15.055 -14.493 -14.103 -13.601 -15.034
0.255201 -12.95 -13.334 -13.865 -14.681 -14.998 -15.122 -14.321 -14.745 -14.998 -15.12 -15.084 -14.941 -14.734 -15.053 -15.121 -15.049 -14.918 -15.083 -15.129 -15.056 -14.962 -14.909 -15.082 -15.095 -15.09 -14.539 -14.151 -13.651 -15.066
0.262919 -12.935 -13.321 -13.863 -14.694 -15.021 -15.152 -14.335 -14.76 -15.021 -15.151 -15.12 -14.981 -14.748 -15.078 -15.155 -15.087 -14.959 -15.109 -15.162 -15.094 -15.002 -14.951 -15.115 -15.124 -15.126 -14.584 -14.199 -13.7 -15.098
0.270871 -12.92 -13.307 -13.861 -14.706 -15.043 -15.182 -14.348 -14.774 -15.044 -15.181 -15.156 -15.021 -14.762 -15.103 -15.188 -15.124 -14.999 -15.135 -15.196 -15.132 -15.042 -14.992 -15.147 -15.153 -15.161 -14.629 -14.246 -13.749 -15.129
0.279064 -12.903 -13.293 -13.858 -14.718 -15.065 -15.211 -14.361 -14.788 -15.066 -15.21 -15.191 -15.061 -14.775 -15.128 -15.221 -15.162 -15.04 -15.161 -15.229 -15.169 -15.082 -15.033 -15.179 -15.181 -15.196 -14.674 -14.293 -13.798 -15.161
0.287504 -12.886 -13.277 -13.854 -14.729 -15.086 -15.241 -14.374 -14.801 -15.087 -15.24 -15.226 -15.101 -14.787 -15.152 -15.254 -15.199 -15.08 -15.186 -15.261 -15.206 -15.122 -15.074 -15.211 -15.209 -15.23 -14.719 -14.341 -13.848 -15.192
0.296199 -12.869 -13.261 -13.849 -14.74 -15.107 -15.269 -14.387 -14.813 -15.108 -15.268 -15.261 -15.14 -14.799 -15.176 -15.286 -15.236 -15.12 -15.211 -15.294 -15.243 -15.162 -15.115 -15.243 -15.237 -15.265 -14.763 -14.388 -13.897 -15.222
0.305157 -12.85 -13.243 -13.844 -14.75 -15.127 -15.298 -14.399 -14.825 -15.129 -15.297 -15.295 -15.179 -14.811 -15.199 -15.318 -15.272 -15.16 -15.236 -15.326 -15.28 -15.201 -15.156 -15.274 -15.264 -15.299 -14.808 -14.435 -13.946 -15.253
0.314387 -12.831 -13.225 -13.838 -14.759 -15.147 -15.326 -14.41 -14.836 -15.149 -15.325 -15.329 -15.218 -14.821 -15.222 -15.35 -15.308 -15.2 -15.26 -15.358 -15.316 -15.24 -15.196 -15.305 -15.291 -15.332 -14.852 -14.481 -13.994 -15.283
0.323895 -12.812 -13.206 -13.831 -14.768 -15.167 -15.353 -14.422 -14.847 -15.168 -15.353 -15.363 -15.257 -14.832 -15.245 -15.381 -15.345 -15.239 -15.284 -15.389 -15.353 -15.279 -15.237 -15.336 -15.318 -15.366 -14.897 -14.528 -14.043 -15.313
0.333691 -12.791 -13.186 -13.823 -14.776 -15.186 -15.38 -14.433 -14.857 -15.188 -15.381 -15.396 -15.296 -14.841 -15.267 -15.412 -15.38 -15.279 -15.307 -15.42 -15.389 -15.318 -15.277 -15.366 -15.344 -15.399 -14.941 -14.575 -14.092 -15.342
0.343783 -12.77 -13.165 -13.815 -14.784 -15.204 -15.407 -14.443 -14.866 -15.206 -15.408 -15.43 -15.334 -14.85 -15.288 -15.443 -15.416 -15.318 -15.33 -15.451 -15.424 -15.356 -15.317 -15.396 -15.37 -15.432 -14.985 -14.621 -14.141 -15.371
0.354181 -12.748 -13.143 -13.806 -14.79 -15.222 -15.434 -14.453 -14.875 -15.224 -15.434 -15.463 -15.372 -14.858 -15.31 -15.473 -15.451 -15.356 -15.352 -15.481 -15.46 -15.394 -15.357 -15.426 -15.395 -15.464 -15.028 -14.668 -14.189 -15.4
0.364893 -12.726 -13.12 -13.796 -14.797 -15.24 -15.46 -14.463 -14.883 -15.242 -15.461 -15.495 -15.41 -14.866 -15.33 -15.503 -15.486 -15.395 -15.374 -15.512 -15.495 -15.432 -15.396 -15.455 -15.42 -15.497 -15.072 -14.714 -14.238 -15.429
0.375929 -12.702 -13.096 -13.786 -14.802 -15.257 -15.485 -14.473 -14.891 -15.259 -15.486 -15.528 -15.448 -14.873 -15.35 -15.533 -15.521 -15.433 -15.396 -15.541 -15.529 -15.47 -15.435 -15.484 -15.444 -15.529 -15.116 -14.76 -14.286 -15.457
0.387298 -12.679 -13.071 -13.775 -14.807 -15.273 -15.511 -14.482 -14.898 -15.275 -15.512 -15.56 -15.485 -14.879 -15.37 -15.562 -15.555 -15.472 -15.417 -15.571 -15.564 -15.507 -15.475 -15.513 -15.468 -15.56 -15.159 -14.807 -14.334 -15.485
0.399012 -12.654 -13.045 -13.762 -14.811 -15.289 -15.535 -14.49 -14.904 -15.291 -15.537 -15.591 -15.522 -14.884 -15.389 -15.591 -15.59 -15.509 -15.437 -15.6 -15.598 -15.545 -15.514 -15.541 -15.492 -15.591 -15.202 -14.852 -14.382 -15.512
0.41108 -12.629 -13.017 -13.749 -14.814 -15.304 -15.56 -14.498 -14.909 -15.307 -15.561 -15.623 -15.559 -14.889 -15.408 -15.62 -15.623 -15.547 -15.457 -15.628 -15.632 -15.582 -15.552 -15.569 -15.515 -15.622 -15.245 -14.898 -14.431 -15.54
0.423513 -12.603 -12.989 -13.736 -14.817 -15.319 -15.583 -14.506 -14.914 -15.322 -15.585 -15.654 -15.596 -14.893 -15.426 -15.648 -15.657 -15.584 -15.477 -15.656 -15.666 -15.618 -15.591 -15.597 -15.538 -15.653 -15.288 -14.944 -14.479 -15.566
0.436321 -12.576 -12.96 -13.721 -14.819 -15.333 -15.607 -14.513 -14.918 -15.336 -15.609 -15.684 -15.632 -14.897 -15.443 -15.676 -15.69 -15.622 -15.496 -15.684 -15.699 -15.655 -15.629 -15.624 -15.56 -15.683 -15.33 -14.99 -14.526 -15.593
0.449518 -12.549 -12.929 -13.706 -14.82 -15.346 -15.63 -14.52 -14.922 -15.35 -15.632 -15.714 -15.668 -14.899 -15.46 -15.703 -15.723 -15.658 -15.514 -15.712 -15.732 -15.691 -15.667 -15.651 -15.582 -15.713 -15.373 -15.035 -14.574 -15.619
0.463113 -12.521 -12.898 -13.689 -14.82 -15.359 -15.652 -14.526 -14.924 -15.363 -15.655 -15.744 -15.704 -14.901 -15.477 -15.73 -15.755 -15.695 -15.532 -15.739 -15.765 -15.727 -15.705 -15.677 -15.604 -15.742 -15.415 -15.08 -14.622 -15.645
0.47712 -12.493 -12.865 -13.672 -14.82 -15.371 -15.674 -14.532 -14.926 -15.375 -15.677 -15.774 -15.74 -14.903 -15.493 -15.756 -15.788 -15.731 -15.55 -15.765 -15.797 -15.762 -15.742 -15.703 -15.624 -15.771 -15.457 -15.125 -14.67 -15.67
0.49155 -12.464 -12.831 -13.654 -14.819 -15.383 -15.695 -14.538 -14.927 -15.387 -15.699 -15.803 -15.775 -14.903 -15.508 -15.782 -15.819 -15.767 -15.566 -15.792 -15.829 -15.798 -15.78 -15.729 -15.645 -15.8 -15.499 -15.17 -14.717 -15.695
0.506416 -12.434 -12.796 -13.635 -14.817 -15.394 -15.716 -14.543 -14.927 -15.398 -15.72 -15.832 -15.81 -14.902 -15.523 -15.808 -15.851 -15.803 -15.583 -15.817 -15.86 -15.833 -15.817 -15.754 -15.665 -15.828 -15.541 -15.215 -14.764 -15.72
