web/models/kne.last_good/kappa_0.5_3.0.v1/14/villar_0.0224_0.1083_0.5000.dat
# %ECSV 1.0
# ---
# datatype:
# - {name: time, datatype: float64}
# - {name: swift_uvot_uvw2, datatype: float64}
# - {name: swift_uvot_uvm2, datatype: float64}
# - {name: swift_uvot_uvw1, datatype: float64}
# - {name: swift_uvot_U, datatype: float64}
# - {name: swift_uvot_B, datatype: float64}
# - {name: swift_uvot_V, datatype: float64}
# - {name: swift_uvot_W, datatype: float64}
# - {name: johnson_U, datatype: float64}
# - {name: johnson_B, datatype: float64}
# - {name: johnson_V, datatype: float64}
# - {name: johnson_R, datatype: float64}
# - {name: johnson_I, datatype: float64}
# - {name: sdss_u, datatype: float64}
# - {name: sdss_g, datatype: float64}
# - {name: sdss_r, datatype: float64}
# - {name: sdss_i, datatype: float64}
# - {name: sdss_z, datatype: float64}
# - {name: PS1_g, datatype: float64}
# - {name: PS1_r, datatype: float64}
# - {name: PS1_i, datatype: float64}
# - {name: PS1_z, datatype: float64}
# - {name: PS1_Y, datatype: float64}
# - {name: PS1_w, datatype: float64}
# - {name: ATLAS_c, datatype: float64}
# - {name: ATLAS_o, datatype: float64}
# - {name: ukirt_J, datatype: float64}
# - {name: ukirt_H, datatype: float64}
# - {name: ukirt_K, datatype: float64}
# - {name: Clear, datatype: float64}
# meta: !!omap
# - comment: [kappa = 0.5, type = villar, mass = 0.022360679775100388, velocity = 0.10833333333333334, theta_obs = 0.0]
# schema: astropy-2.0
time swift_uvot_uvw2 swift_uvot_uvm2 swift_uvot_uvw1 swift_uvot_U swift_uvot_B swift_uvot_V swift_uvot_W johnson_U johnson_B johnson_V johnson_R johnson_I sdss_u sdss_g sdss_r sdss_i sdss_z PS1_g PS1_r PS1_i PS1_z PS1_Y PS1_w ATLAS_c ATLAS_o ukirt_J ukirt_H ukirt_K Clear
[from data line 77]
0.009917 -9.752 -9.528 -9.389 -8.963 -8.605 -8.221 -9.233 -8.91 -8.601 -8.21 -7.818 -7.365 -8.92 -8.482 -7.993 -7.634 -7.297 -8.481 -8.053 -7.714 -7.516 -7.592 -8.058 -8.292 -7.847 -6.625 -6.078 -5.447 -8.139
0.010217 -9.795 -9.574 -9.436 -9.013 -8.656 -8.273 -9.28 -8.96 -8.652 -8.262 -7.871 -7.418 -8.97 -8.534 -8.046 -7.688 -7.351 -8.532 -8.105 -7.766 -7.568 -7.641 -8.111 -8.344 -7.899 -6.679 -6.133 -5.502 -8.191
0.010526 -9.837 -9.62 -9.483 -9.063 -8.707 -8.325 -9.327 -9.01 -8.703 -8.314 -7.924 -7.471 -9.02 -8.585 -8.098 -7.741 -7.404 -8.582 -8.156 -7.818 -7.619 -7.689 -8.163 -8.395 -7.952 -6.733 -6.187 -5.557 -8.243
0.010845 -9.88 -9.665 -9.529 -9.112 -8.758 -8.377 -9.373 -9.06 -8.754 -8.366 -7.976 -7.525 -9.07 -8.636 -8.151 -7.794 -7.458 -8.633 -8.208 -7.869 -7.67 -7.738 -8.215 -8.447 -8.005 -6.787 -6.242 -5.612 -8.295
0.011173 -9.922 -9.711 -9.576 -9.162 -8.809 -8.429 -9.42 -9.109 -8.805 -8.418 -8.029 -7.578 -9.119 -8.687 -8.203 -7.846 -7.511 -8.684 -8.259 -7.921 -7.721 -7.786 -8.267 -8.499 -8.057 -6.841 -6.296 -5.666 -8.346
0.011511 -9.964 -9.756 -9.622 -9.211 -8.859 -8.48 -9.466 -9.159 -8.856 -8.47 -8.082 -7.631 -9.169 -8.739 -8.255 -7.899 -7.564 -8.734 -8.311 -7.973 -7.772 -7.835 -8.319 -8.55 -8.11 -6.895 -6.35 -5.721 -8.398
0.011859 -10.005 -9.801 -9.668 -9.26 -8.91 -8.532 -9.512 -9.208 -8.906 -8.521 -8.134 -7.684 -9.218 -8.79 -8.307 -7.952 -7.618 -8.785 -8.362 -8.024 -7.823 -7.883 -8.371 -8.602 -8.162 -6.949 -6.405 -5.775 -8.45
0.012217 -10.047 -9.846 -9.714 -9.309 -8.961 -8.584 -9.558 -9.258 -8.957 -8.573 -8.186 -7.737 -9.267 -8.84 -8.359 -8.005 -7.671 -8.835 -8.413 -8.076 -7.874 -7.931 -8.422 -8.653 -8.214 -7.002 -6.459 -5.83 -8.501
0.012587 -10.088 -9.89 -9.76 -9.358 -9.011 -8.635 -9.604 -9.307 -9.007 -8.624 -8.239 -7.79 -9.317 -8.891 -8.411 -8.057 -7.724 -8.886 -8.465 -8.128 -7.925 -7.98 -8.474 -8.704 -8.267 -7.056 -6.513 -5.884 -8.553
0.012968 -10.129 -9.935 -9.805 -9.407 -9.061 -8.687 -9.65 -9.356 -9.058 -8.676 -8.291 -7.843 -9.366 -8.942 -8.463 -8.11 -7.777 -8.936 -8.516 -8.179 -7.976 -8.028 -8.526 -8.755 -8.319 -7.11 -6.567 -5.939 -8.604
0.01336 -10.17 -9.979 -9.851 -9.456 -9.112 -8.738 -9.695 -9.405 -9.108 -8.727 -8.343 -7.896 -9.415 -8.992 -8.515 -8.162 -7.83 -8.986 -8.567 -8.23 -8.027 -8.076 -8.577 -8.806 -8.371 -7.164 -6.621 -5.993 -8.655
0.013764 -10.211 -10.023 -9.896 -9.505 -9.162 -8.789 -9.741 -9.454 -9.158 -8.779 -8.395 -7.949 -9.464 -9.043 -8.567 -8.215 -7.883 -9.036 -8.618 -8.282 -8.078 -8.124 -8.629 -8.857 -8.423 -7.217 -6.675 -6.048 -8.706
0.01418 -10.252 -10.067 -9.941 -9.553 -9.212 -8.84 -9.786 -9.503 -9.208 -8.83 -8.447 -8.002 -9.512 -9.093 -8.619 -8.267 -7.936 -9.086 -8.669 -8.333 -8.129 -8.173 -8.68 -8.908 -8.475 -7.271 -6.729 -6.102 -8.757
0.014609 -10.292 -10.111 -9.986 -9.601 -9.262 -8.892 -9.831 -9.551 -9.258 -8.881 -8.499 -8.054 -9.561 -9.144 -8.67 -8.32 -7.989 -9.136 -8.72 -8.384 -8.18 -8.221 -8.731 -8.959 -8.527 -7.324 -6.783 -6.156 -8.808
0.015051 -10.333 -10.154 -10.031 -9.65 -9.312 -8.943 -9.876 -9.6 -9.308 -8.932 -8.551 -8.107 -9.609 -9.194 -8.722 -8.372 -8.041 -9.186 -8.771 -8.436 -8.23 -8.269 -8.782 -9.01 -8.579 -7.378 -6.837 -6.21 -8.859
0.015506 -10.373 -10.198 -10.076 -9.698 -9.361 -8.994 -9.921 -9.648 -9.358 -8.983 -8.603 -8.16 -9.658 -9.244 -8.773 -8.424 -8.094 -9.236 -8.821 -8.487 -8.281 -8.317 -8.834 -9.061 -8.63 -7.431 -6.891 -6.265 -8.91
0.015975 -10.413 -10.241 -10.121 -9.746 -9.411 -9.045 -9.965 -9.697 -9.407 -9.034 -8.655 -8.212 -9.706 -9.294 -8.825 -8.476 -8.147 -9.286 -8.872 -8.538 -8.332 -8.365 -8.885 -9.111 -8.682 -7.485 -6.945 -6.319 -8.961
0.016458 -10.452 -10.284 -10.165 -9.794 -9.461 -9.095 -10.01 -9.745 -9.457 -9.085 -8.706 -8.265 -9.754 -9.344 -8.876 -8.528 -8.199 -9.335 -8.923 -8.589 -8.382 -8.414 -8.936 -9.162 -8.734 -7.538 -6.998 -6.373 -9.012
0.016956 -10.492 -10.327 -10.209 -9.842 -9.51 -9.146 -10.054 -9.793 -9.506 -9.136 -8.758 -8.317 -9.803 -9.394 -8.928 -8.58 -8.252 -9.385 -8.973 -8.64 -8.433 -8.462 -8.987 -9.212 -8.785 -7.591 -7.052 -6.427 -9.062
0.017469 -10.531 -10.369 -10.253 -9.89 -9.56 -9.197 -10.099 -9.841 -9.556 -9.186 -8.81 -8.369 -9.851 -9.444 -8.979 -8.632 -8.304 -9.434 -9.024 -8.691 -8.484 -8.51 -9.038 -9.263 -8.837 -7.645 -7.106 -6.481 -9.113
0.017997 -10.57 -10.412 -10.297 -9.937 -9.609 -9.247 -10.143 -9.889 -9.605 -9.237 -8.861 -8.422 -9.898 -9.494 -9.03 -8.684 -8.357 -9.484 -9.074 -8.742 -8.534 -8.558 -9.088 -9.313 -8.888 -7.698 -7.159 -6.535 -9.163
0.018541 -10.609 -10.454 -10.341 -9.985 -9.658 -9.298 -10.186 -9.937 -9.654 -9.288 -8.913 -8.474 -9.946 -9.544 -9.081 -8.736 -8.409 -9.533 -9.125 -8.793 -8.585 -8.606 -9.139 -9.363 -8.94 -7.751 -7.213 -6.589 -9.214
0.019102 -10.648 -10.496 -10.385 -10.032 -9.707 -9.348 -10.23 -9.984 -9.703 -9.338 -8.964 -8.526 -9.994 -9.593 -9.132 -8.788 -8.462 -9.582 -9.175 -8.844 -8.635 -8.654 -9.19 -9.413 -8.991 -7.804 -7.267 -6.643 -9.264
0.01968 -10.687 -10.538 -10.428 -10.079 -9.756 -9.399 -10.274 -10.032 -9.752 -9.388 -9.015 -8.578 -10.041 -9.643 -9.183 -8.84 -8.514 -9.631 -9.226 -8.894 -8.686 -8.702 -9.24 -9.463 -9.042 -7.857 -7.32 -6.697 -9.314
0.020275 -10.725 -10.58 -10.471 -10.126 -9.805 -9.449 -10.317 -10.079 -9.801 -9.439 -9.067 -8.631 -10.089 -9.692 -9.234 -8.891 -8.566 -9.68 -9.276 -8.945 -8.736 -8.75 -9.291 -9.513 -9.094 -7.91 -7.374 -6.751 -9.364
0.020888 -10.763 -10.622 -10.514 -10.174 -9.854 -9.499 -10.361 -10.127 -9.85 -9.489 -9.118 -8.683 -10.136 -9.741 -9.285 -8.943 -8.618 -9.729 -9.326 -8.996 -8.786 -8.798 -9.341 -9.563 -9.145 -7.964 -7.427 -6.805 -9.414
0.02152 -10.801 -10.663 -10.557 -10.22 -9.903 -9.55 -10.404 -10.174 -9.899 -9.539 -9.169 -8.735 -10.183 -9.791 -9.336 -8.995 -8.671 -9.778 -9.376 -9.046 -8.837 -8.847 -9.392 -9.613 -9.196 -8.016 -7.481 -6.859 -9.464
0.022171 -10.839 -10.704 -10.6 -10.267 -9.952 -9.6 -10.447 -10.221 -9.948 -9.589 -9.22 -8.787 -10.23 -9.84 -9.386 -9.046 -8.723 -9.827 -9.426 -9.097 -8.887 -8.895 -9.442 -9.663 -9.247 -8.069 -7.534 -6.912 -9.514
0.022841 -10.877 -10.745 -10.643 -10.314 -10.0 -9.65 -10.49 -10.268 -9.996 -9.639 -9.271 -8.839 -10.277 -9.889 -9.437 -9.098 -8.775 -9.876 -9.476 -9.148 -8.937 -8.943 -9.492 -9.713 -9.298 -8.122 -7.588 -6.966 -9.564
0.023532 -10.914 -10.786 -10.685 -10.36 -10.049 -9.7 -10.532 -10.315 -10.045 -9.689 -9.322 -8.89 -10.324 -9.938 -9.488 -9.149 -8.827 -9.925 -9.526 -9.198 -8.988 -8.991 -9.542 -9.762 -9.349 -8.175 -7.641 -7.02 -9.614
0.024244 -10.951 -10.827 -10.728 -10.407 -10.097 -9.749 -10.575 -10.362 -10.093 -9.739 -9.373 -8.942 -10.371 -9.987 -9.538 -9.2 -8.879 -9.973 -9.576 -9.249 -9.038 -9.039 -9.593 -9.812 -9.4 -8.228 -7.694 -7.074 -9.664
0.024977 -10.988 -10.867 -10.77 -10.453 -10.145 -9.799 -10.617 -10.409 -10.141 -9.789 -9.424 -8.994 -10.418 -10.035 -9.589 -9.252 -8.931 -10.022 -9.626 -9.299 -9.088 -9.087 -9.643 -9.861 -9.45 -8.281 -7.748 -7.127 -9.713
0.025733 -11.025 -10.907 -10.812 -10.499 -10.193 -9.849 -10.659 -10.455 -10.19 -9.839 -9.474 -9.046 -10.464 -10.084 -9.639 -9.303 -8.982 -10.07 -9.676 -9.349 -9.138 -9.135 -9.692 -9.911 -9.501 -8.334 -7.801 -7.181 -9.763
0.026511 -11.061 -10.948 -10.853 -10.546 -10.242 -9.899 -10.702 -10.501 -10.238 -9.888 -9.525 -9.097 -10.511 -10.133 -9.689 -9.354 -9.034 -10.119 -9.725 -9.4 -9.189 -9.183 -9.742 -9.96 -9.552 -8.386 -7.854 -7.235 -9.812
0.027313 -11.098 -10.987 -10.895 -10.592 -10.29 -9.948 -10.743 -10.548 -10.286 -9.938 -9.576 -9.149 -10.557 -10.181 -9.739 -9.405 -9.086 -10.167 -9.775 -9.45 -9.239 -9.231 -9.792 -10.009 -9.602 -8.439 -7.907 -7.288 -9.862
0.028139 -11.134 -11.027 -10.936 -10.637 -10.337 -9.998 -10.785 -10.594 -10.334 -9.987 -9.626 -9.2 -10.603 -10.23 -9.79 -9.456 -9.138 -10.215 -9.825 -9.5 -9.289 -9.279 -9.842 -10.058 -9.653 -8.492 -7.96 -7.342 -9.911
0.02899 -11.17 -11.066 -10.978 -10.683 -10.385 -10.047 -10.827 -10.64 -10.382 -10.037 -9.677 -9.252 -10.649 -10.278 -9.84 -9.507 -9.189 -10.263 -9.874 -9.551 -9.339 -9.327 -9.892 -10.107 -9.703 -8.544 -8.013 -7.396 -9.96
0.029867 -11.206 -11.106 -11.019 -10.729 -10.433 -10.096 -10.868 -10.686 -10.429 -10.086 -9.727 -9.303 -10.695 -10.326 -9.89 -9.558 -9.241 -10.311 -9.924 -9.601 -9.389 -9.375 -9.941 -10.156 -9.753 -8.597 -8.067 -7.449 -10.01
0.03077 -11.241 -11.145 -11.059 -10.774 -10.481 -10.146 -10.909 -10.732 -10.477 -10.135 -9.778 -9.355 -10.741 -10.374 -9.94 -9.609 -9.292 -10.359 -9.973 -9.651 -9.439 -9.423 -9.991 -10.205 -9.804 -8.649 -8.12 -7.503 -10.059
0.031701 -11.276 -11.184 -11.1 -10.819 -10.528 -10.195 -10.95 -10.778 -10.524 -10.185 -9.828 -9.406 -10.786 -10.422 -9.99 -9.66 -9.344 -10.407 -10.022 -9.701 -9.489 -9.471 -10.04 -10.254 -9.854 -8.702 -8.173 -7.556 -10.108
0.032659 -11.311 -11.222 -11.141 -10.865 -10.576 -10.244 -10.991 -10.823 -10.572 -10.234 -9.878 -9.457 -10.832 -10.47 -10.039 -9.711 -9.395 -10.455 -10.072 -9.751 -9.539 -9.519 -10.089 -10.302 -9.904 -8.754 -8.226 -7.609 -10.157
0.033647 -11.346 -11.261 -11.181 -10.91 -10.623 -10.293 -11.032 -10.869 -10.619 -10.283 -9.928 -9.509 -10.877 -10.518 -10.089 -9.761 -9.447 -10.503 -10.121 -9.801 -9.589 -9.567 -10.139 -10.351 -9.954 -8.807 -8.279 -7.663 -10.206
0.034665 -11.381 -11.299 -11.221 -10.955 -10.67 -10.342 -11.073 -10.914 -10.666 -10.332 -9.978 -9.56 -10.923 -10.566 -10.139 -9.812 -9.498 -10.55 -10.17 -9.851 -9.639 -9.615 -10.188 -10.4 -10.004 -8.859 -8.331 -7.716 -10.254
0.035713 -11.415 -11.337 -11.261 -10.999 -10.717 -10.391 -11.113 -10.959 -10.713 -10.381 -10.029 -9.611 -10.968 -10.614 -10.188 -9.862 -9.549 -10.598 -10.219 -9.901 -9.688 -9.664 -10.237 -10.448 -10.054 -8.911 -8.384 -7.77 -10.303
0.036793 -11.449 -11.374 -11.301 -11.044 -10.764 -10.439 -11.153 -11.004 -10.76 -10.429 -10.079 -9.662 -11.013 -10.661 -10.238 -9.913 -9.601 -10.645 -10.268 -9.951 -9.738 -9.712 -10.286 -10.496 -10.104 -8.964 -8.437 -7.823 -10.352
0.037906 -11.483 -11.412 -11.34 -11.089 -10.811 -10.488 -11.194 -11.049 -10.807 -10.478 -10.128 -9.713 -11.058 -10.709 -10.287 -9.963 -9.652 -10.693 -10.317 -10.0 -9.788 -9.76 -10.335 -10.545 -10.154 -9.016 -8.49 -7.876 -10.4
0.039052 -11.517 -11.449 -11.38 -11.133 -10.858 -10.537 -11.233 -11.094 -10.854 -10.527 -10.178 -9.764 -11.102 -10.756 -10.337 -10.014 -9.703 -10.74 -10.366 -10.05 -9.838 -9.808 -10.384 -10.593 -10.204 -9.068 -8.543 -7.93 -10.449
0.040234 -11.55 -11.486 -11.419 -11.177 -10.905 -10.585 -11.273 -11.139 -10.901 -10.575 -10.228 -9.815 -11.147 -10.804 -10.386 -10.064 -9.754 -10.787 -10.415 -10.1 -9.887 -9.856 -10.433 -10.641 -10.254 -9.12 -8.596 -7.983 -10.497
0.04145 -11.583 -11.523 -11.458 -11.221 -10.951 -10.634 -11.313 -11.183 -10.947 -10.624 -10.278 -9.866 -11.192 -10.851 -10.435 -10.115 -9.805 -10.834 -10.464 -10.149 -9.937 -9.904 -10.481 -10.689 -10.303 -9.172 -8.648 -8.036 -10.545
0.042704 -11.616 -11.56 -11.496 -11.265 -10.998 -10.682 -11.352 -11.228 -10.994 -10.672 -10.327 -9.917 -11.236 -10.898 -10.485 -10.165 -9.856 -10.881 -10.512 -10.199 -9.987 -9.952 -10.53 -10.737 -10.353 -9.224 -8.701 -8.089 -10.593
0.043996 -11.649 -11.596 -11.535 -11.309 -11.044 -10.73 -11.391 -11.272 -11.04 -10.72 -10.377 -9.967 -11.28 -10.945 -10.534 -10.215 -9.907 -10.928 -10.561 -10.248 -10.036 -10.0 -10.579 -10.785 -10.402 -9.277 -8.754 -8.143 -10.642
0.045326 -11.681 -11.632 -11.573 -11.353 -11.09 -10.778 -11.431 -11.316 -11.087 -10.768 -10.427 -10.018 -11.324 -10.992 -10.583 -10.265 -9.958 -10.975 -10.61 -10.298 -10.086 -10.048 -10.627 -10.832 -10.452 -9.329 -8.806 -8.196 -10.69
0.046697 -11.714 -11.668 -11.612 -11.397 -11.136 -10.826 -11.469 -11.36 -11.133 -10.817 -10.476 -10.069 -11.368 -11.039 -10.632 -10.315 -10.009 -11.022 -10.658 -10.347 -10.135 -10.096 -10.676 -10.88 -10.501 -9.381 -8.859 -8.249 -10.738
0.048109 -11.745 -11.704 -11.649 -11.44 -11.182 -10.874 -11.508 -11.404 -11.179 -10.865 -10.525 -10.119 -11.412 -11.085 -10.68 -10.365 -10.059 -11.068 -10.707 -10.397 -10.185 -10.144 -10.724 -10.928 -10.55 -9.432 -8.912 -8.302 -10.785
0.049564 -11.777 -11.739 -11.687 -11.483 -11.228 -10.922 -11.547 -11.448 -11.225 -10.913 -10.575 -10.17 -11.456 -11.132 -10.729 -10.415 -10.11 -11.115 -10.755 -10.446 -10.234 -10.192 -10.772 -10.975 -10.6 -9.484 -8.964 -8.355 -10.833
0.051063 -11.809 -11.774 -11.725 -11.526 -11.274 -10.97 -11.585 -11.491 -11.27 -10.96 -10.624 -10.22 -11.499 -11.178 -10.778 -10.465 -10.161 -11.161 -10.803 -10.495 -10.284 -10.239 -10.82 -11.022 -10.649 -9.536 -9.017 -8.408 -10.881
0.052608 -11.84 -11.809 -11.762 -11.569 -11.32 -11.018 -11.623 -11.535 -11.316 -11.008 -10.673 -10.271 -11.543 -11.225 -10.827 -10.515 -10.211 -11.208 -10.852 -10.544 -10.333 -10.287 -10.868 -11.07 -10.698 -9.588 -9.069 -8.461 -10.928
0.054199 -11.87 -11.844 -11.799 -11.612 -11.365 -11.065 -11.661 -11.578 -11.362 -11.056 -10.722 -10.321 -11.586 -11.271 -10.875 -10.564 -10.262 -11.254 -10.9 -10.594 -10.383 -10.335 -10.916 -11.117 -10.747 -9.64 -9.122 -8.514 -10.976
0.055838 -11.901 -11.878 -11.836 -11.655 -11.411 -11.113 -11.699 -11.621 -11.407 -11.103 -10.771 -10.371 -11.629 -11.317 -10.924 -10.614 -10.312 -11.3 -10.948 -10.643 -10.432 -10.383 -10.964 -11.164 -10.796 -9.692 -9.174 -8.567 -11.023
0.057527 -11.931 -11.912 -11.873 -11.697 -11.456 -11.16 -11.736 -11.664 -11.453 -11.151 -10.82 -10.422 -11.672 -11.363 -10.972 -10.663 -10.363 -11.346 -10.996 -10.692 -10.481 -10.431 -11.012 -11.211 -10.845 -9.743 -9.226 -8.62 -11.071
0.059267 -11.961 -11.946 -11.909 -11.74 -11.501 -11.208 -11.774 -11.707 -11.498 -11.198 -10.869 -10.472 -11.715 -11.409 -11.02 -10.713 -10.413 -11.392 -11.044 -10.741 -10.53 -10.479 -11.06 -11.258 -10.893 -9.795 -9.279 -8.673 -11.118
0.061059 -11.991 -11.98 -11.945 -11.782 -11.546 -11.255 -11.811 -11.75 -11.543 -11.246 -10.918 -10.522 -11.757 -11.455 -11.069 -10.762 -10.464 -11.438 -11.091 -10.79 -10.579 -10.527 -11.107 -11.305 -10.942 -9.846 -9.331 -8.726 -11.165
0.062906 -12.021 -12.013 -11.981 -11.824 -11.591 -11.302 -11.848 -11.792 -11.588 -11.293 -10.966 -10.572 -11.8 -11.501 -11.117 -10.812 -10.514 -11.484 -11.139 -10.838 -10.629 -10.575 -11.155 -11.351 -10.991 -9.898 -9.383 -8.779 -11.212
0.064808 -12.05 -12.046 -12.017 -11.866 -11.636 -11.349 -11.885 -11.835 -11.633 -11.34 -11.015 -10.622 -11.842 -11.546 -11.165 -10.861 -10.564 -11.529 -11.187 -10.887 -10.678 -10.623 -11.202 -11.398 -11.039 -9.95 -9.436 -8.832 -11.259
0.066769 -12.079 -12.079 -12.052 -11.907 -11.681 -11.396 -11.922 -11.877 -11.677 -11.387 -11.064 -10.672 -11.884 -11.592 -11.213 -10.91 -10.614 -11.575 -11.235 -10.936 -10.727 -10.671 -11.25 -11.444 -11.088 -10.001 -9.488 -8.884 -11.306
0.068788 -12.107 -12.111 -12.088 -11.949 -11.726 -11.443 -11.958 -11.919 -11.722 -11.434 -11.112 -10.722 -11.926 -11.637 -11.261 -10.96 -10.664 -11.62 -11.282 -10.985 -10.776 -10.718 -11.297 -11.491 -11.136 -10.052 -9.54 -8.937 -11.353
0.070868 -12.136 -12.144 -12.123 -11.99 -11.77 -11.49 -11.994 -11.961 -11.766 -11.481 -11.161 -10.772 -11.968 -11.682 -11.308 -11.009 -10.714 -11.666 -11.33 -11.033 -10.825 -10.766 -11.344 -11.537 -11.184 -10.104 -9.592 -8.99 -11.399
0.073012 -12.163 -12.176 -12.157 -12.031 -11.814 -11.537 -12.03 -12.002 -11.811 -11.527 -11.209 -10.822 -12.01 -11.727 -11.356 -11.058 -10.764 -11.711 -11.377 -11.082 -10.874 -10.814 -11.391 -11.583 -11.233 -10.155 -9.644 -9.043 -11.446
0.07522 -12.191 -12.207 -12.192 -12.072 -11.859 -11.583 -12.066 -12.044 -11.855 -11.574 -11.257 -10.871 -12.051 -11.772 -11.404 -11.107 -10.814 -11.756 -11.424 -11.13 -10.922 -10.862 -11.438 -11.629 -11.281 -10.207 -9.696 -9.095 -11.492
0.077495 -12.219 -12.239 -12.226 -12.113 -11.903 -11.63 -12.102 -12.085 -11.899 -11.62 -11.305 -10.921 -12.092 -11.817 -11.451 -11.155 -10.864 -11.801 -11.471 -11.179 -10.971 -10.91 -11.485 -11.675 -11.329 -10.258 -9.748 -9.148 -11.538
0.079839 -12.246 -12.27 -12.26 -12.154 -11.946 -11.676 -12.137 -12.127 -11.943 -11.667 -11.353 -10.97 -12.134 -11.862 -11.499 -11.204 -10.914 -11.846 -11.518 -11.227 -11.02 -10.957 -11.532 -11.721 -11.377 -10.309 -9.8 -9.201 -11.585
