web/models/kne.last_good/kappa_0.5_3.0.v1/14/villar_0.0512_0.1553_0.5000.dat
# %ECSV 1.0
# ---
# datatype:
# - {name: time, datatype: float64}
# - {name: swift_uvot_uvw2, datatype: float64}
# - {name: swift_uvot_uvm2, datatype: float64}
# - {name: swift_uvot_uvw1, datatype: float64}
# - {name: swift_uvot_U, datatype: float64}
# - {name: swift_uvot_B, datatype: float64}
# - {name: swift_uvot_V, datatype: float64}
# - {name: swift_uvot_W, datatype: float64}
# - {name: johnson_U, datatype: float64}
# - {name: johnson_B, datatype: float64}
# - {name: johnson_V, datatype: float64}
# - {name: johnson_R, datatype: float64}
# - {name: johnson_I, datatype: float64}
# - {name: sdss_u, datatype: float64}
# - {name: sdss_g, datatype: float64}
# - {name: sdss_r, datatype: float64}
# - {name: sdss_i, datatype: float64}
# - {name: sdss_z, datatype: float64}
# - {name: PS1_g, datatype: float64}
# - {name: PS1_r, datatype: float64}
# - {name: PS1_i, datatype: float64}
# - {name: PS1_z, datatype: float64}
# - {name: PS1_Y, datatype: float64}
# - {name: PS1_w, datatype: float64}
# - {name: ATLAS_c, datatype: float64}
# - {name: ATLAS_o, datatype: float64}
# - {name: ukirt_J, datatype: float64}
# - {name: ukirt_H, datatype: float64}
# - {name: ukirt_K, datatype: float64}
# - {name: Clear, datatype: float64}
# meta: !!omap
# - comment: [kappa = 0.5, type = villar, mass = 0.051209162050732976, velocity = 0.15533333333333332, theta_obs = 0.0]
# schema: astropy-2.0
time swift_uvot_uvw2 swift_uvot_uvm2 swift_uvot_uvw1 swift_uvot_U swift_uvot_B swift_uvot_V swift_uvot_W johnson_U johnson_B johnson_V johnson_R johnson_I sdss_u sdss_g sdss_r sdss_i sdss_z PS1_g PS1_r PS1_i PS1_z PS1_Y PS1_w ATLAS_c ATLAS_o ukirt_J ukirt_H ukirt_K Clear
[from data line 148]
0.082253 -12.931 -12.972 -12.975 -12.898 -12.705 -12.445 -12.859 -12.873 -12.701 -12.436 -12.13 -11.753 -12.88 -12.624 -12.272 -11.984 -11.698 -12.608 -12.291 -12.005 -11.8 -11.733 -12.303 -12.487 -12.152 -11.099 -10.594 -9.997 -12.353
0.084741 -12.956 -13.001 -13.008 -12.938 -12.748 -12.491 -12.894 -12.913 -12.744 -12.482 -12.177 -11.803 -12.92 -12.668 -12.319 -12.032 -11.747 -12.652 -12.337 -12.053 -11.848 -11.78 -12.349 -12.533 -12.2 -11.15 -10.645 -10.049 -12.399
0.087304 -12.981 -13.031 -13.041 -12.977 -12.791 -12.536 -12.928 -12.954 -12.788 -12.527 -12.225 -11.852 -12.96 -12.712 -12.366 -12.081 -11.797 -12.696 -12.384 -12.101 -11.897 -11.828 -12.396 -12.578 -12.248 -11.201 -10.697 -10.102 -12.445
0.089944 -13.006 -13.06 -13.073 -13.017 -12.834 -12.582 -12.962 -12.994 -12.831 -12.573 -12.272 -11.901 -13.0 -12.756 -12.413 -12.129 -11.846 -12.74 -12.431 -12.149 -11.945 -11.876 -12.442 -12.623 -12.295 -11.252 -10.749 -10.154 -12.49
0.092665 -13.031 -13.088 -13.105 -13.056 -12.877 -12.628 -12.996 -13.033 -12.873 -12.619 -12.32 -11.95 -13.04 -12.8 -12.46 -12.177 -11.895 -12.784 -12.477 -12.197 -11.994 -11.923 -12.488 -12.668 -12.342 -11.303 -10.801 -10.207 -12.536
0.095467 -13.055 -13.117 -13.137 -13.095 -12.92 -12.673 -13.03 -13.073 -12.916 -12.664 -12.367 -11.999 -13.079 -12.843 -12.506 -12.225 -11.945 -12.828 -12.523 -12.245 -12.042 -11.971 -12.534 -12.713 -12.39 -11.354 -10.853 -10.259 -12.581
0.098355 -13.079 -13.145 -13.168 -13.134 -12.962 -12.718 -13.063 -13.113 -12.959 -12.71 -12.415 -12.048 -13.119 -12.887 -12.553 -12.273 -11.994 -12.872 -12.57 -12.292 -12.09 -12.019 -12.58 -12.758 -12.437 -11.405 -10.904 -10.312 -12.626
0.101329 -13.102 -13.172 -13.199 -13.172 -13.005 -12.764 -13.096 -13.152 -13.001 -12.755 -12.462 -12.097 -13.158 -12.93 -12.599 -12.321 -12.043 -12.915 -12.616 -12.34 -12.138 -12.066 -12.625 -12.802 -12.484 -11.455 -10.956 -10.364 -12.671
0.104394 -13.125 -13.2 -13.23 -13.211 -13.047 -12.809 -13.129 -13.191 -13.043 -12.8 -12.509 -12.146 -13.197 -12.973 -12.646 -12.369 -12.092 -12.959 -12.662 -12.387 -12.187 -12.114 -12.671 -12.847 -12.531 -11.506 -11.008 -10.416 -12.716
0.107551 -13.148 -13.227 -13.261 -13.249 -13.089 -12.854 -13.162 -13.23 -13.085 -12.845 -12.556 -12.195 -13.236 -13.016 -12.692 -12.417 -12.141 -13.002 -12.708 -12.435 -12.235 -12.161 -12.717 -12.891 -12.578 -11.557 -11.059 -10.469 -12.761
0.110804 -13.171 -13.253 -13.291 -13.287 -13.131 -12.899 -13.195 -13.269 -13.127 -12.89 -12.603 -12.243 -13.274 -13.059 -12.738 -12.465 -12.19 -13.045 -12.754 -12.482 -12.283 -12.208 -12.762 -12.935 -12.624 -11.607 -11.111 -10.521 -12.806
0.114155 -13.193 -13.279 -13.321 -13.325 -13.172 -12.943 -13.227 -13.307 -13.169 -12.935 -12.649 -12.292 -13.313 -13.102 -12.784 -12.513 -12.239 -13.088 -12.8 -12.53 -12.331 -12.256 -12.807 -12.979 -12.671 -11.658 -11.162 -10.573 -12.851
0.117608 -13.214 -13.305 -13.35 -13.362 -13.214 -12.988 -13.259 -13.345 -13.211 -12.979 -12.696 -12.34 -13.351 -13.145 -12.83 -12.56 -12.288 -13.131 -12.845 -12.577 -12.379 -12.303 -12.852 -13.023 -12.718 -11.708 -11.214 -10.626 -12.895
0.121165 -13.235 -13.331 -13.38 -13.4 -13.255 -13.032 -13.291 -13.383 -13.252 -13.024 -12.743 -12.389 -13.389 -13.187 -12.876 -12.608 -12.336 -13.174 -12.891 -12.624 -12.427 -12.35 -12.897 -13.067 -12.764 -11.759 -11.265 -10.678 -12.939
0.124829 -13.256 -13.356 -13.409 -13.437 -13.297 -13.077 -13.323 -13.421 -13.293 -13.068 -12.789 -12.437 -13.427 -13.23 -12.921 -12.655 -12.385 -13.216 -12.936 -12.671 -12.474 -12.398 -12.942 -13.111 -12.81 -11.809 -11.316 -10.73 -12.984
0.128605 -13.277 -13.381 -13.438 -13.474 -13.338 -13.121 -13.354 -13.459 -13.334 -13.112 -12.836 -12.485 -13.464 -13.272 -12.967 -12.702 -12.434 -13.259 -12.982 -12.718 -12.522 -12.445 -12.987 -13.154 -12.857 -11.86 -11.368 -10.782 -13.028
0.132494 -13.297 -13.405 -13.466 -13.511 -13.379 -13.165 -13.386 -13.496 -13.375 -13.156 -12.882 -12.534 -13.501 -13.314 -13.012 -12.75 -12.482 -13.301 -13.027 -12.765 -12.57 -12.492 -13.032 -13.198 -12.903 -11.91 -11.419 -10.834 -13.072
0.136502 -13.317 -13.429 -13.494 -13.547 -13.419 -13.209 -13.417 -13.533 -13.416 -13.2 -12.928 -12.582 -13.538 -13.355 -13.058 -12.797 -12.531 -13.343 -13.072 -12.812 -12.617 -12.539 -13.076 -13.241 -12.949 -11.96 -11.47 -10.886 -13.116
0.14063 -13.336 -13.453 -13.522 -13.583 -13.46 -13.253 -13.447 -13.57 -13.457 -13.244 -12.974 -12.63 -13.575 -13.397 -13.103 -12.844 -12.579 -13.385 -13.117 -12.859 -12.665 -12.586 -13.121 -13.284 -12.995 -12.01 -11.521 -10.938 -13.16
0.144883 -13.355 -13.476 -13.549 -13.619 -13.5 -13.296 -13.478 -13.607 -13.497 -13.288 -13.02 -12.678 -13.612 -13.439 -13.148 -12.891 -12.627 -13.427 -13.162 -12.905 -12.712 -12.633 -13.165 -13.327 -13.04 -12.06 -11.573 -10.99 -13.203
0.149265 -13.373 -13.499 -13.576 -13.655 -13.54 -13.34 -13.508 -13.644 -13.537 -13.331 -13.066 -12.726 -13.648 -13.48 -13.193 -12.937 -12.675 -13.468 -13.206 -12.952 -12.76 -12.68 -13.209 -13.37 -13.086 -12.111 -11.624 -11.042 -13.247
0.15378 -13.391 -13.521 -13.603 -13.69 -13.58 -13.383 -13.538 -13.68 -13.577 -13.375 -13.112 -12.773 -13.684 -13.521 -13.238 -12.984 -12.723 -13.51 -13.251 -12.998 -12.807 -12.727 -13.253 -13.412 -13.132 -12.161 -11.675 -11.094 -13.29
0.15843 -13.409 -13.543 -13.63 -13.725 -13.62 -13.426 -13.568 -13.716 -13.617 -13.418 -13.157 -12.821 -13.72 -13.562 -13.282 -13.031 -12.771 -13.551 -13.296 -13.045 -12.854 -12.774 -13.297 -13.455 -13.177 -12.21 -11.726 -11.146 -13.333
0.163222 -13.426 -13.565 -13.656 -13.76 -13.66 -13.469 -13.598 -13.752 -13.657 -13.461 -13.203 -12.869 -13.756 -13.603 -13.327 -13.077 -12.819 -13.592 -13.34 -13.091 -12.901 -12.821 -13.341 -13.497 -13.223 -12.26 -11.777 -11.198 -13.376
0.168159 -13.443 -13.586 -13.681 -13.795 -13.699 -13.512 -13.627 -13.787 -13.696 -13.504 -13.248 -12.916 -13.791 -13.643 -13.371 -13.124 -12.867 -13.633 -13.384 -13.137 -12.949 -12.868 -13.385 -13.539 -13.268 -12.31 -11.828 -11.25 -13.419
0.173245 -13.459 -13.607 -13.707 -13.829 -13.738 -13.555 -13.656 -13.822 -13.735 -13.547 -13.293 -12.963 -13.826 -13.684 -13.416 -13.17 -12.915 -13.674 -13.428 -13.183 -12.995 -12.914 -13.428 -13.581 -13.313 -12.36 -11.878 -11.301 -13.462
0.178484 -13.475 -13.627 -13.732 -13.864 -13.777 -13.597 -13.685 -13.857 -13.774 -13.589 -13.338 -13.011 -13.861 -13.724 -13.46 -13.216 -12.962 -13.714 -13.472 -13.229 -13.042 -12.961 -13.472 -13.623 -13.358 -12.41 -11.929 -11.353 -13.505
0.183882 -13.49 -13.647 -13.756 -13.897 -13.816 -13.64 -13.713 -13.892 -13.813 -13.632 -13.383 -13.058 -13.896 -13.764 -13.504 -13.262 -13.01 -13.755 -13.516 -13.275 -13.089 -13.008 -13.515 -13.665 -13.403 -12.459 -11.98 -11.405 -13.547
0.189444 -13.505 -13.666 -13.781 -13.931 -13.854 -13.682 -13.742 -13.926 -13.851 -13.674 -13.428 -13.105 -13.93 -13.804 -13.548 -13.308 -13.057 -13.795 -13.56 -13.321 -13.136 -13.054 -13.558 -13.706 -13.447 -12.509 -12.031 -11.456 -13.589
0.195173 -13.519 -13.685 -13.804 -13.964 -13.893 -13.724 -13.77 -13.961 -13.89 -13.716 -13.473 -13.152 -13.964 -13.843 -13.592 -13.354 -13.105 -13.835 -13.603 -13.366 -13.182 -13.101 -13.601 -13.748 -13.492 -12.558 -12.081 -11.508 -13.631
0.201076 -13.533 -13.704 -13.828 -13.997 -13.931 -13.766 -13.797 -13.994 -13.928 -13.758 -13.518 -13.199 -13.998 -13.883 -13.635 -13.4 -13.152 -13.875 -13.647 -13.412 -13.229 -13.147 -13.644 -13.789 -13.536 -12.608 -12.132 -11.56 -13.673
0.207158 -13.546 -13.721 -13.851 -14.03 -13.969 -13.808 -13.825 -14.028 -13.966 -13.8 -13.562 -13.246 -14.031 -13.922 -13.679 -13.445 -13.199 -13.914 -13.69 -13.457 -13.275 -13.193 -13.686 -13.83 -13.581 -12.657 -12.182 -11.611 -13.715
0.213423 -13.559 -13.739 -13.873 -14.062 -14.006 -13.849 -13.852 -14.061 -14.003 -13.842 -13.606 -13.293 -14.064 -13.961 -13.722 -13.491 -13.246 -13.954 -13.733 -13.502 -13.322 -13.24 -13.729 -13.87 -13.625 -12.706 -12.233 -11.663 -13.757
0.219878 -13.572 -13.756 -13.896 -14.094 -14.044 -13.891 -13.879 -14.094 -14.041 -13.883 -13.651 -13.339 -14.097 -14.0 -13.765 -13.536 -13.293 -13.993 -13.776 -13.548 -13.368 -13.286 -13.771 -13.911 -13.669 -12.755 -12.283 -11.714 -13.798
0.226528 -13.583 -13.772 -13.917 -14.126 -14.081 -13.932 -13.905 -14.127 -14.078 -13.924 -13.695 -13.386 -14.13 -14.038 -13.808 -13.581 -13.34 -14.032 -13.819 -13.593 -13.414 -13.332 -13.813 -13.951 -13.713 -12.805 -12.334 -11.765 -13.84
0.233379 -13.595 -13.788 -13.939 -14.158 -14.118 -13.973 -13.932 -14.159 -14.115 -13.965 -13.739 -13.432 -14.162 -14.077 -13.851 -13.626 -13.386 -14.071 -13.862 -13.637 -13.46 -13.378 -13.855 -13.992 -13.756 -12.854 -12.384 -11.817 -13.881
0.240437 -13.606 -13.804 -13.96 -14.189 -14.154 -14.014 -13.958 -14.192 -14.152 -14.006 -13.782 -13.478 -14.194 -14.115 -13.893 -13.671 -13.433 -14.109 -13.904 -13.682 -13.506 -13.424 -13.897 -14.032 -13.8 -12.903 -12.434 -11.868 -13.922
0.247709 -13.616 -13.819 -13.98 -14.22 -14.191 -14.054 -13.984 -14.223 -14.188 -14.047 -13.826 -13.524 -14.225 -14.153 -13.936 -13.716 -13.48 -14.147 -13.946 -13.727 -13.552 -13.47 -13.938 -14.071 -13.843 -12.951 -12.484 -11.919 -13.963
0.255201 -13.625 -13.833 -14.0 -14.25 -14.227 -14.095 -14.009 -14.255 -14.224 -14.087 -13.869 -13.57 -14.257 -14.19 -13.978 -13.761 -13.526 -14.186 -13.989 -13.771 -13.598 -13.515 -13.98 -14.111 -13.887 -13.0 -12.534 -11.97 -14.003
0.262919 -13.635 -13.847 -14.02 -14.28 -14.263 -14.135 -14.034 -14.286 -14.26 -14.128 -13.913 -13.616 -14.288 -14.228 -14.02 -13.805 -13.572 -14.223 -14.03 -13.816 -13.643 -13.561 -14.021 -14.15 -13.93 -13.049 -12.584 -12.021 -14.044
0.270871 -13.643 -13.86 -14.039 -14.31 -14.298 -14.175 -14.059 -14.317 -14.296 -14.168 -13.956 -13.662 -14.318 -14.265 -14.062 -13.85 -13.618 -14.261 -14.072 -13.86 -13.689 -13.607 -14.062 -14.189 -13.973 -13.098 -12.634 -12.073 -14.084
0.279064 -13.651 -13.872 -14.057 -14.339 -14.334 -14.214 -14.084 -14.347 -14.331 -14.208 -13.999 -13.708 -14.348 -14.302 -14.104 -13.894 -13.664 -14.298 -14.114 -13.904 -13.734 -13.652 -14.103 -14.228 -14.015 -13.146 -12.684 -12.124 -14.124
0.287504 -13.659 -13.884 -14.076 -14.368 -14.369 -14.254 -14.108 -14.377 -14.366 -14.247 -14.041 -13.753 -14.378 -14.338 -14.145 -13.938 -13.71 -14.336 -14.155 -13.948 -13.779 -13.698 -14.143 -14.267 -14.058 -13.195 -12.734 -12.174 -14.164
0.296199 -13.665 -13.896 -14.093 -14.397 -14.403 -14.293 -14.132 -14.407 -14.401 -14.287 -14.084 -13.798 -14.408 -14.374 -14.187 -13.982 -13.756 -14.373 -14.196 -13.992 -13.824 -13.743 -14.184 -14.305 -14.1 -13.243 -12.784 -12.225 -14.203
0.305157 -13.671 -13.907 -14.11 -14.425 -14.438 -14.332 -14.155 -14.436 -14.435 -14.326 -14.126 -13.844 -14.437 -14.41 -14.228 -14.026 -13.801 -14.409 -14.238 -14.035 -13.869 -13.788 -14.224 -14.344 -14.142 -13.291 -12.834 -12.276 -14.243
0.314387 -13.677 -13.917 -14.127 -14.453 -14.472 -14.371 -14.179 -14.465 -14.469 -14.365 -14.169 -13.889 -14.465 -14.446 -14.269 -14.069 -13.847 -14.445 -14.278 -14.079 -13.914 -13.833 -14.264 -14.381 -14.184 -13.339 -12.883 -12.327 -14.282
0.323895 -13.682 -13.926 -14.143 -14.48 -14.506 -14.41 -14.201 -14.494 -14.503 -14.403 -14.211 -13.934 -14.494 -14.482 -14.309 -14.113 -13.892 -14.482 -14.319 -14.122 -13.959 -13.878 -14.304 -14.419 -14.226 -13.387 -12.933 -12.378 -14.321
0.333691 -13.686 -13.935 -14.158 -14.507 -14.539 -14.448 -14.224 -14.522 -14.537 -14.442 -14.252 -13.978 -14.522 -14.517 -14.35 -14.156 -13.937 -14.517 -14.359 -14.165 -14.003 -13.923 -14.343 -14.457 -14.268 -13.435 -12.982 -12.428 -14.359
0.343783 -13.69 -13.943 -14.173 -14.534 -14.572 -14.486 -14.246 -14.549 -14.57 -14.48 -14.294 -14.023 -14.549 -14.552 -14.39 -14.199 -13.982 -14.553 -14.399 -14.208 -14.048 -13.968 -14.383 -14.494 -14.309 -13.483 -13.031 -12.479 -14.398
0.354181 -13.692 -13.951 -14.188 -14.56 -14.605 -14.524 -14.268 -14.577 -14.603 -14.518 -14.335 -14.067 -14.576 -14.586 -14.43 -14.242 -14.027 -14.588 -14.439 -14.251 -14.092 -14.012 -14.422 -14.531 -14.35 -13.531 -13.081 -12.529 -14.436
0.364893 -13.695 -13.958 -14.202 -14.586 -14.638 -14.562 -14.289 -14.604 -14.635 -14.555 -14.377 -14.112 -14.603 -14.621 -14.47 -14.284 -14.072 -14.623 -14.479 -14.293 -14.136 -14.057 -14.461 -14.567 -14.391 -13.578 -13.13 -12.58 -14.474
0.375929 -13.696 -13.964 -14.215 -14.611 -14.67 -14.599 -14.311 -14.63 -14.667 -14.593 -14.418 -14.156 -14.629 -14.655 -14.51 -14.327 -14.117 -14.657 -14.519 -14.336 -14.18 -14.101 -14.499 -14.604 -14.432 -13.626 -13.179 -12.63 -14.512
0.387298 -13.697 -13.969 -14.227 -14.636 -14.701 -14.636 -14.331 -14.656 -14.699 -14.63 -14.458 -14.2 -14.655 -14.688 -14.549 -14.369 -14.161 -14.692 -14.558 -14.378 -14.223 -14.145 -14.538 -14.64 -14.473 -13.673 -13.228 -12.68 -14.549
0.399012 -13.697 -13.974 -14.239 -14.66 -14.733 -14.672 -14.351 -14.681 -14.731 -14.667 -14.499 -14.243 -14.68 -14.721 -14.588 -14.411 -14.205 -14.726 -14.597 -14.42 -14.267 -14.189 -14.576 -14.675 -14.513 -13.72 -13.277 -12.73 -14.586
0.41108 -13.696 -13.977 -14.251 -14.684 -14.764 -14.709 -14.371 -14.706 -14.762 -14.703 -14.539 -14.287 -14.705 -14.754 -14.627 -14.453 -14.249 -14.759 -14.635 -14.461 -14.31 -14.233 -14.614 -14.711 -14.553 -13.767 -13.325 -12.781 -14.623
0.423513 -13.694 -13.98 -14.261 -14.707 -14.794 -14.745 -14.391 -14.731 -14.792 -14.739 -14.579 -14.33 -14.729 -14.787 -14.665 -14.494 -14.293 -14.792 -14.674 -14.503 -14.354 -14.277 -14.651 -14.746 -14.593 -13.814 -13.374 -12.831 -14.66
0.436321 -13.692 -13.982 -14.271 -14.729 -14.824 -14.781 -14.41 -14.755 -14.822 -14.775 -14.619 -14.373 -14.753 -14.819 -14.704 -14.536 -14.337 -14.825 -14.712 -14.544 -14.397 -14.32 -14.688 -14.78 -14.632 -13.861 -13.422 -12.88 -14.696
0.449518 -13.688 -13.984 -14.28 -14.752 -14.854 -14.816 -14.428 -14.778 -14.852 -14.811 -14.658 -14.416 -14.776 -14.851 -14.741 -14.577 -14.38 -14.858 -14.75 -14.585 -14.439 -14.364 -14.725 -14.815 -14.672 -13.908 -13.471 -12.93 -14.732
0.463113 -13.684 -13.984 -14.289 -14.773 -14.883 -14.851 -14.447 -14.801 -14.881 -14.846 -14.698 -14.459 -14.798 -14.882 -14.779 -14.618 -14.423 -14.89 -14.787 -14.626 -14.482 -14.407 -14.762 -14.849 -14.711 -13.954 -13.519 -12.98 -14.768
0.47712 -13.679 -13.984 -14.297 -14.794 -14.912 -14.886 -14.464 -14.824 -14.91 -14.88 -14.737 -14.502 -14.821 -14.913 -14.816 -14.659 -14.466 -14.921 -14.825 -14.667 -14.524 -14.45 -14.798 -14.882 -14.749 -14.001 -13.567 -13.03 -14.803
0.49155 -13.673 -13.982 -14.304 -14.814 -14.94 -14.92 -14.481 -14.845 -14.939 -14.915 -14.775 -14.544 -14.842 -14.943 -14.853 -14.699 -14.509 -14.953 -14.862 -14.707 -14.566 -14.493 -14.834 -14.916 -14.788 -14.047 -13.615 -13.079 -14.838
0.506416 -13.666 -13.98 -14.31 -14.834 -14.968 -14.954 -14.498 -14.866 -14.967 -14.949 -14.814 -14.586 -14.863 -14.973 -14.89 -14.739 -14.551 -14.983 -14.898 -14.747 -14.608 -14.535 -14.87 -14.949 -14.826 -14.093 -13.663 -13.128 -14.873
0.521733 -13.658 -13.976 -14.315 -14.853 -14.996 -14.987 -14.514 -14.887 -14.994 -14.983 -14.852 -14.628 -14.883 -15.003 -14.926 -14.779 -14.594 -15.014 -14.934 -14.787 -14.65 -14.578 -14.905 -14.981 -14.863 -14.139 -13.711 -13.178 -14.907
0.537512 -13.65 -13.972 -14.32 -14.872 -15.022 -15.02 -14.53 -14.907 -15.021 -15.016 -14.889 -14.669 -14.903 -15.032 -14.962 -14.818 -14.636 -15.044 -14.97 -14.826 -14.691 -14.62 -14.94 -15.013 -14.901 -14.184 -13.758 -13.227 -14.941
0.553769 -13.64 -13.966 -14.323 -14.889 -15.049 -15.053 -14.545 -14.926 -15.047 -15.049 -14.927 -14.71 -14.921 -15.06 -14.998 -14.857 -14.678 -15.073 -15.006 -14.865 -14.733 -14.662 -14.975 -15.045 -14.938 -14.23 -13.806 -13.276 -14.975
0.570517 -13.629 -13.96 -14.326 -14.906 -15.074 -15.085 -14.559 -14.945 -15.073 -15.081 -14.964 -14.751 -14.94 -15.088 -15.033 -14.896 -14.719 -15.102 -15.041 -14.904 -14.774 -14.703 -15.009 -15.076 -14.975 -14.275 -13.853 -13.325 -15.008
