web/models/kne.last_good/kappa_0.5_3.0.v1/14/villar_0.0512_0.4530_3.0000.dat
# %ECSV 1.0
# ---
# datatype:
# - {name: time, datatype: float64}
# - {name: swift_uvot_uvw2, datatype: float64}
# - {name: swift_uvot_uvm2, datatype: float64}
# - {name: swift_uvot_uvw1, datatype: float64}
# - {name: swift_uvot_U, datatype: float64}
# - {name: swift_uvot_B, datatype: float64}
# - {name: swift_uvot_V, datatype: float64}
# - {name: swift_uvot_W, datatype: float64}
# - {name: johnson_U, datatype: float64}
# - {name: johnson_B, datatype: float64}
# - {name: johnson_V, datatype: float64}
# - {name: johnson_R, datatype: float64}
# - {name: johnson_I, datatype: float64}
# - {name: sdss_u, datatype: float64}
# - {name: sdss_g, datatype: float64}
# - {name: sdss_r, datatype: float64}
# - {name: sdss_i, datatype: float64}
# - {name: sdss_z, datatype: float64}
# - {name: PS1_g, datatype: float64}
# - {name: PS1_r, datatype: float64}
# - {name: PS1_i, datatype: float64}
# - {name: PS1_z, datatype: float64}
# - {name: PS1_Y, datatype: float64}
# - {name: PS1_w, datatype: float64}
# - {name: ATLAS_c, datatype: float64}
# - {name: ATLAS_o, datatype: float64}
# - {name: ukirt_J, datatype: float64}
# - {name: ukirt_H, datatype: float64}
# - {name: ukirt_K, datatype: float64}
# - {name: Clear, datatype: float64}
# meta: !!omap
# - comment: [kappa = 3.0, type = villar, mass = 0.051209162050732976, velocity = 0.453, theta_obs = 0.0]
# schema: astropy-2.0
time swift_uvot_uvw2 swift_uvot_uvm2 swift_uvot_uvw1 swift_uvot_U swift_uvot_B swift_uvot_V swift_uvot_W johnson_U johnson_B johnson_V johnson_R johnson_I sdss_u sdss_g sdss_r sdss_i sdss_z PS1_g PS1_r PS1_i PS1_z PS1_Y PS1_w ATLAS_c ATLAS_o ukirt_J ukirt_H ukirt_K Clear
[from data line 212]
0.553769 -10.631 -10.671 -11.911 -13.454 -14.336 -14.893 -13.407 -13.618 -14.348 -14.905 -15.199 -15.325 -13.574 -14.555 -15.098 -15.281 -15.336 -14.655 -15.111 -15.295 -15.35 -15.385 -15.045 -14.823 -15.185 -15.218 -14.969 -14.579 -15.003
0.570517 -10.599 -10.608 -11.872 -13.432 -14.331 -14.902 -13.401 -13.6 -14.344 -14.914 -15.219 -15.352 -13.555 -14.556 -15.113 -15.304 -15.365 -14.658 -15.127 -15.318 -15.378 -15.416 -15.06 -14.831 -15.203 -15.255 -15.01 -14.624 -15.018
0.587772 -10.568 -10.544 -11.831 -13.409 -14.326 -14.909 -13.395 -13.58 -14.338 -14.923 -15.237 -15.38 -13.534 -14.556 -15.127 -15.327 -15.393 -14.66 -15.141 -15.34 -15.405 -15.446 -15.075 -14.838 -15.222 -15.292 -15.052 -14.669 -15.033
0.605549 -10.537 -10.477 -11.79 -13.385 -14.319 -14.916 -13.387 -13.559 -14.332 -14.93 -15.256 -15.406 -13.511 -14.554 -15.141 -15.348 -15.421 -14.662 -15.155 -15.362 -15.432 -15.476 -15.09 -14.844 -15.239 -15.328 -15.092 -14.713 -15.048
0.623863 -10.506 -10.408 -11.746 -13.36 -14.311 -14.922 -13.379 -13.537 -14.325 -14.937 -15.273 -15.433 -13.488 -14.552 -15.153 -15.369 -15.448 -14.662 -15.168 -15.384 -15.459 -15.506 -15.103 -14.85 -15.256 -15.364 -15.133 -14.757 -15.062
0.642731 -10.476 -10.338 -11.702 -13.333 -14.302 -14.927 -13.371 -13.513 -14.317 -14.942 -15.29 -15.458 -13.463 -14.549 -15.165 -15.39 -15.475 -14.661 -15.181 -15.405 -15.484 -15.535 -15.116 -14.854 -15.272 -15.4 -15.173 -14.801 -15.075
0.66217 -10.447 -10.265 -11.656 -13.305 -14.293 -14.931 -13.361 -13.488 -14.308 -14.947 -15.306 -15.484 -13.437 -14.545 -15.177 -15.41 -15.501 -14.66 -15.192 -15.425 -15.51 -15.564 -15.128 -14.858 -15.288 -15.435 -15.213 -14.845 -15.087
0.682197 -10.419 -10.191 -11.609 -13.275 -14.281 -14.935 -13.35 -13.462 -14.297 -14.951 -15.322 -15.508 -13.409 -14.539 -15.187 -15.429 -15.527 -14.657 -15.203 -15.444 -15.534 -15.592 -15.14 -14.86 -15.302 -15.47 -15.253 -14.889 -15.099
0.70283 -10.391 -10.114 -11.56 -13.244 -14.269 -14.937 -13.339 -13.434 -14.285 -14.954 -15.336 -15.532 -13.38 -14.533 -15.196 -15.447 -15.552 -14.653 -15.213 -15.463 -15.559 -15.619 -15.15 -14.862 -15.316 -15.504 -15.293 -14.932 -15.111
0.724086 -10.364 -10.036 -11.51 -13.211 -14.256 -14.938 -13.327 -13.405 -14.273 -14.956 -15.35 -15.556 -13.349 -14.525 -15.205 -15.465 -15.576 -14.649 -15.222 -15.481 -15.582 -15.646 -15.16 -14.863 -15.33 -15.538 -15.332 -14.976 -15.121
0.745986 -10.338 -9.955 -11.458 -13.177 -14.241 -14.938 -13.314 -13.374 -14.258 -14.957 -15.363 -15.578 -13.317 -14.516 -15.213 -15.482 -15.6 -14.643 -15.23 -15.499 -15.605 -15.673 -15.169 -14.863 -15.342 -15.572 -15.371 -15.019 -15.131
0.768548 -10.314 -9.871 -11.405 -13.141 -14.225 -14.938 -13.299 -13.341 -14.243 -14.957 -15.376 -15.601 -13.283 -14.506 -15.22 -15.499 -15.623 -14.636 -15.237 -15.515 -15.627 -15.699 -15.178 -14.862 -15.354 -15.605 -15.409 -15.061 -15.14
0.791792 -10.29 -9.786 -11.35 -13.103 -14.207 -14.936 -13.284 -13.307 -14.226 -14.955 -15.387 -15.622 -13.247 -14.495 -15.225 -15.514 -15.646 -14.628 -15.244 -15.531 -15.649 -15.724 -15.185 -14.859 -15.364 -15.638 -15.447 -15.104 -15.148
0.815739 -10.267 -9.698 -11.293 -13.064 -14.188 -14.932 -13.268 -13.271 -14.208 -14.953 -15.398 -15.643 -13.21 -14.483 -15.23 -15.529 -15.668 -14.619 -15.249 -15.546 -15.67 -15.749 -15.192 -14.856 -15.374 -15.67 -15.485 -15.146 -15.155
0.840411 -10.246 -9.607 -11.235 -13.023 -14.168 -14.928 -13.251 -13.234 -14.188 -14.949 -15.408 -15.663 -13.171 -14.469 -15.234 -15.542 -15.689 -14.608 -15.253 -15.56 -15.69 -15.773 -15.197 -14.852 -15.383 -15.702 -15.523 -15.188 -15.162
0.865828 -10.226 -9.514 -11.175 -12.979 -14.146 -14.923 -13.232 -13.194 -14.167 -14.945 -15.416 -15.682 -13.13 -14.453 -15.237 -15.555 -15.71 -14.596 -15.256 -15.574 -15.709 -15.797 -15.202 -14.846 -15.391 -15.733 -15.56 -15.23 -15.168
0.892015 -10.207 -9.418 -11.113 -12.934 -14.122 -14.916 -13.213 -13.153 -14.144 -14.939 -15.424 -15.701 -13.087 -14.437 -15.238 -15.567 -15.73 -14.583 -15.259 -15.586 -15.728 -15.82 -15.205 -14.839 -15.398 -15.764 -15.596 -15.271 -15.173
0.918993 -10.189 -9.32 -11.05 -12.887 -14.097 -14.908 -13.192 -13.11 -14.12 -14.931 -15.431 -15.719 -13.042 -14.419 -15.239 -15.578 -15.749 -14.569 -15.26 -15.597 -15.746 -15.842 -15.208 -14.831 -15.404 -15.794 -15.633 -15.312 -15.177
0.946787 -10.172 -9.219 -10.984 -12.838 -14.07 -14.898 -13.17 -13.064 -14.094 -14.923 -15.437 -15.736 -12.994 -14.399 -15.238 -15.589 -15.767 -14.553 -15.26 -15.608 -15.763 -15.863 -15.21 -14.821 -15.409 -15.824 -15.669 -15.353 -15.18
0.975422 -10.157 -9.115 -10.917 -12.786 -14.042 -14.887 -13.147 -13.017 -14.066 -14.913 -15.441 -15.752 -12.945 -14.377 -15.236 -15.598 -15.784 -14.535 -15.258 -15.617 -15.779 -15.884 -15.21 -14.81 -15.413 -15.853 -15.704 -15.393 -15.182
1.004923 -10.144 -9.008 -10.847 -12.733 -14.011 -14.875 -13.122 -12.967 -14.037 -14.901 -15.445 -15.767 -12.894 -14.354 -15.233 -15.606 -15.8 -14.516 -15.256 -15.626 -15.794 -15.904 -15.209 -14.798 -15.415 -15.881 -15.739 -15.433 -15.183
1.035317 -10.131 -8.897 -10.775 -12.677 -13.979 -14.861 -13.096 -12.916 -14.006 -14.888 -15.447 -15.781 -12.84 -14.33 -15.228 -15.613 -15.816 -14.496 -15.252 -15.633 -15.809 -15.923 -15.207 -14.784 -15.417 -15.909 -15.773 -15.473 -15.183
1.066629 -10.12 -8.784 -10.702 -12.618 -13.945 -14.845 -13.068 -12.861 -13.972 -14.874 -15.448 -15.794 -12.784 -14.303 -15.222 -15.618 -15.831 -14.474 -15.246 -15.639 -15.822 -15.941 -15.204 -14.769 -15.417 -15.936 -15.807 -15.512 -15.182
1.098888 -10.11 -8.668 -10.626 -12.557 -13.908 -14.828 -13.039 -12.805 -13.937 -14.857 -15.448 -15.807 -12.725 -14.275 -15.214 -15.623 -15.844 -14.45 -15.24 -15.645 -15.834 -15.958 -15.2 -14.752 -15.416 -15.963 -15.84 -15.551 -15.18
1.132124 -10.101 -8.548 -10.548 -12.493 -13.87 -14.809 -13.009 -12.745 -13.9 -14.839 -15.447 -15.818 -12.664 -14.244 -15.205 -15.626 -15.857 -14.425 -15.231 -15.648 -15.845 -15.974 -15.194 -14.733 -15.413 -15.988 -15.873 -15.589 -15.177
1.166364 -10.093 -8.425 -10.467 -12.427 -13.829 -14.788 -12.977 -12.683 -13.86 -14.82 -15.444 -15.828 -12.599 -14.212 -15.195 -15.628 -15.868 -14.397 -15.222 -15.651 -15.856 -15.99 -15.187 -14.713 -15.41 -16.013 -15.906 -15.627 -15.172
1.20164 -10.086 -8.299 -10.384 -12.357 -13.786 -14.765 -12.943 -12.618 -13.818 -14.798 -15.44 -15.837 -12.532 -14.177 -15.182 -15.629 -15.878 -14.368 -15.21 -15.652 -15.865 -16.004 -15.178 -14.691 -15.404 -16.037 -15.937 -15.665 -15.166
1.237983 -10.081 -8.169 -10.299 -12.285 -13.741 -14.74 -12.907 -12.551 -13.774 -14.774 -15.434 -15.845 -12.462 -14.14 -15.168 -15.628 -15.887 -14.337 -15.197 -15.652 -15.872 -16.017 -15.168 -14.667 -15.397 -16.061 -15.968 -15.702 -15.159
1.275425 -10.076 -8.036 -10.21 -12.209 -13.693 -14.713 -12.87 -12.48 -13.727 -14.749 -15.426 -15.851 -12.389 -14.101 -15.152 -15.625 -15.895 -14.303 -15.182 -15.65 -15.879 -16.029 -15.156 -14.641 -15.389 -16.083 -15.998 -15.738 -15.151
1.313999 -10.072 -7.899 -10.12 -12.13 -13.642 -14.684 -12.83 -12.406 -13.678 -14.721 -15.417 -15.856 -12.313 -14.06 -15.135 -15.622 -15.902 -14.268 -15.166 -15.647 -15.884 -16.04 -15.143 -14.613 -15.379 -16.105 -16.028 -15.774 -15.141
1.35374 -10.069 -7.759 -10.026 -12.048 -13.588 -14.653 -12.789 -12.329 -13.626 -14.691 -15.406 -15.86 -12.233 -14.016 -15.115 -15.616 -15.907 -14.23 -15.147 -15.642 -15.887 -16.05 -15.128 -14.582 -15.367 -16.125 -16.057 -15.81 -15.13
1.394683 -10.066 -7.615 -9.929 -11.962 -13.532 -14.619 -12.745 -12.248 -13.571 -14.659 -15.394 -15.862 -12.149 -13.969 -15.093 -15.609 -15.911 -14.19 -15.127 -15.635 -15.89 -16.058 -15.111 -14.55 -15.353 -16.145 -16.085 -15.845 -15.117
1.436864 -10.064 -7.468 -9.83 -11.872 -13.472 -14.583 -12.699 -12.163 -13.513 -14.624 -15.379 -15.863 -12.062 -13.919 -15.069 -15.6 -15.913 -14.148 -15.104 -15.627 -15.89 -16.065 -15.092 -14.515 -15.337 -16.163 -16.112 -15.879 -15.102
1.480321 -10.063 -7.318 -9.727 -11.778 -13.41 -14.544 -12.651 -12.075 -13.452 -14.586 -15.363 -15.862 -11.971 -13.867 -15.043 -15.589 -15.914 -14.103 -15.079 -15.617 -15.889 -16.071 -15.071 -14.478 -15.32 -16.18 -16.139 -15.912 -15.086
1.525092 -10.061 -7.165 -9.621 -11.68 -13.344 -14.502 -12.6 -11.982 -13.388 -14.546 -15.344 -15.86 -11.876 -13.811 -15.014 -15.576 -15.913 -14.055 -15.052 -15.605 -15.887 -16.075 -15.048 -14.438 -15.3 -16.197 -16.164 -15.945 -15.068
1.571218 -10.06 -7.01 -9.511 -11.577 -13.274 -14.458 -12.547 -11.886 -13.32 -14.503 -15.323 -15.855 -11.776 -13.752 -14.982 -15.561 -15.91 -14.005 -15.022 -15.59 -15.882 -16.077 -15.023 -14.395 -15.278 -16.212 -16.189 -15.978 -15.049
1.618738 -10.059 -6.852 -9.398 -11.47 -13.2 -14.41 -12.491 -11.785 -13.248 -14.457 -15.3 -15.849 -11.671 -13.69 -14.948 -15.543 -15.905 -13.952 -14.989 -15.574 -15.876 -16.078 -14.995 -14.349 -15.253 -16.225 -16.213 -16.009 -15.027
1.667696 -10.058 -6.693 -9.281 -11.358 -13.123 -14.359 -12.432 -11.679 -13.173 -14.408 -15.275 -15.841 -11.562 -13.624 -14.911 -15.524 -15.899 -13.896 -14.954 -15.555 -15.867 -16.077 -14.965 -14.3 -15.226 -16.237 -16.235 -16.04 -15.004
1.718134 -10.057 -6.533 -9.161 -11.241 -13.042 -14.305 -12.37 -11.568 -13.094 -14.356 -15.246 -15.831 -11.448 -13.554 -14.872 -15.501 -15.89 -13.837 -14.917 -15.534 -15.857 -16.074 -14.932 -14.248 -15.197 -16.248 -16.257 -16.07 -14.978
1.770098 -10.056 -6.373 -9.036 -11.118 -12.956 -14.247 -12.305 -11.451 -13.01 -14.3 -15.215 -15.818 -11.328 -13.481 -14.829 -15.477 -15.879 -13.774 -14.876 -15.51 -15.844 -16.07 -14.897 -14.193 -15.164 -16.257 -16.277 -16.099 -14.95
1.823633 -10.054 -6.215 -8.907 -10.99 -12.865 -14.185 -12.237 -11.33 -12.922 -14.24 -15.182 -15.804 -11.203 -13.403 -14.782 -15.449 -15.866 -13.709 -14.831 -15.484 -15.829 -16.063 -14.858 -14.134 -15.129 -16.265 -16.296 -16.127 -14.92
1.878788 -10.051 -6.058 -8.773 -10.855 -12.77 -14.119 -12.165 -11.202 -12.829 -14.177 -15.145 -15.786 -11.071 -13.32 -14.732 -15.419 -15.851 -13.639 -14.784 -15.454 -15.812 -16.054 -14.817 -14.071 -15.09 -16.271 -16.314 -16.154 -14.888
1.93561 -10.048 -5.906 -8.635 -10.714 -12.669 -14.049 -12.09 -11.068 -12.731 -14.109 -15.105 -15.767 -10.933 -13.233 -14.679 -15.385 -15.832 -13.567 -14.733 -15.422 -15.791 -16.043 -14.772 -14.005 -15.049 -16.275 -16.33 -16.18 -14.853
1.994152 -10.044 -5.759 -8.491 -10.566 -12.563 -13.974 -12.011 -10.927 -12.627 -14.037 -15.061 -15.744 -10.789 -13.141 -14.621 -15.348 -15.811 -13.49 -14.678 -15.387 -15.768 -16.029 -14.724 -13.934 -15.004 -16.277 -16.345 -16.205 -14.815
2.054463 -10.039 -5.619 -8.343 -10.411 -12.45 -13.894 -11.927 -10.78 -12.518 -13.96 -15.014 -15.718 -10.637 -13.043 -14.559 -15.308 -15.788 -13.41 -14.62 -15.348 -15.742 -16.012 -14.672 -13.858 -14.955 -16.277 -16.358 -16.229 -14.775
2.116599 -10.033 -5.487 -8.189 -10.249 -12.332 -13.81 -11.84 -10.625 -12.403 -13.878 -14.963 -15.69 -10.477 -12.94 -14.493 -15.264 -15.761 -13.325 -14.557 -15.305 -15.713 -15.993 -14.617 -13.778 -14.902 -16.275 -16.37 -16.251 -14.732
2.180614 -10.026 -5.366 -8.029 -10.078 -12.207 -13.72 -11.747 -10.462 -12.281 -13.79 -14.908 -15.658 -10.309 -12.831 -14.422 -15.216 -15.731 -13.237 -14.489 -15.259 -15.681 -15.971 -14.557 -13.692 -14.845 -16.27 -16.379 -16.272 -14.685
2.246566 -10.018 -5.254 -7.863 -9.898 -12.075 -13.624 -11.65 -10.29 -12.153 -13.698 -14.848 -15.622 -10.133 -12.715 -14.346 -15.164 -15.697 -13.144 -14.417 -15.208 -15.644 -15.946 -14.493 -13.601 -14.784 -16.263 -16.387 -16.292 -14.636
2.314511 -10.008 -5.154 -7.69 -9.709 -11.936 -13.522 -11.548 -10.11 -12.017 -13.599 -14.784 -15.583 -9.947 -12.593 -14.264 -15.107 -15.659 -13.048 -14.34 -15.153 -15.604 -15.917 -14.424 -13.505 -14.717 -16.253 -16.393 -16.31 -14.583
2.384512 -9.996 -5.065 -7.51 -9.51 -11.789 -13.413 -11.44 -9.92 -11.874 -13.493 -14.715 -15.54 -9.752 -12.463 -14.177 -15.046 -15.618 -12.947 -14.258 -15.094 -15.56 -15.885 -14.35 -13.402 -14.646 -16.241 -16.397 -16.327 -14.527
2.45663 -9.983 -4.986 -7.323 -9.3 -11.633 -13.297 -11.327 -9.719 -11.722 -13.381 -14.641 -15.492 -9.546 -12.325 -14.083 -14.979 -15.572 -12.841 -14.17 -15.029 -15.512 -15.849 -14.271 -13.293 -14.57 -16.225 -16.398 -16.342 -14.468
2.530929 -9.967 -4.918 -7.128 -9.079 -11.468 -13.174 -11.207 -9.508 -11.562 -13.262 -14.561 -15.44 -9.329 -12.179 -13.983 -14.907 -15.522 -12.732 -14.076 -14.96 -15.459 -15.81 -14.187 -13.177 -14.488 -16.206 -16.397 -16.355 -14.404
2.607475 -9.949 -4.857 -6.925 -8.846 -11.293 -13.042 -11.081 -9.285 -11.392 -13.135 -14.475 -15.383 -9.1 -12.025 -13.876 -14.829 -15.467 -12.618 -13.976 -14.884 -15.401 -15.765 -14.096 -13.053 -14.399 -16.184 -16.394 -16.366 -14.337
2.686337 -9.93 -4.804 -6.712 -8.6 -11.107 -12.902 -10.949 -9.05 -11.212 -12.999 -14.383 -15.321 -8.858 -11.86 -13.761 -14.745 -15.406 -12.5 -13.87 -14.803 -15.338 -15.716 -13.999 -12.921 -14.305 -16.158 -16.387 -16.375 -14.266
2.767583 -9.907 -4.756 -6.49 -8.341 -10.911 -12.753 -10.809 -8.801 -11.021 -12.854 -14.283 -15.253 -8.602 -11.686 -13.639 -14.654 -15.34 -12.378 -13.756 -14.715 -15.268 -15.663 -13.895 -12.781 -14.203 -16.128 -16.377 -16.382 -14.19
2.851287 -9.882 -4.711 -6.258 -8.066 -10.703 -12.594 -10.662 -8.537 -10.819 -12.7 -14.177 -15.179 -8.331 -11.5 -13.507 -14.556 -15.268 -12.253 -13.634 -14.62 -15.193 -15.604 -13.783 -12.632 -14.093 -16.094 -16.365 -16.386 -14.11
2.937522 -9.854 -4.669 -6.014 -7.775 -10.481 -12.424 -10.507 -8.258 -10.604 -12.536 -14.062 -15.099 -8.045 -11.303 -13.366 -14.45 -15.189 -12.124 -13.505 -14.518 -15.111 -15.539 -13.664 -12.472 -13.976 -16.055 -16.348 -16.388 -14.025
3.026365 -9.822 -4.627 -5.758 -7.467 -10.246 -12.242 -10.344 -7.963 -10.376 -12.36 -13.939 -15.012 -7.741 -11.093 -13.216 -14.336 -15.104 -11.993 -13.368 -14.408 -15.023 -15.468 -13.536 -12.302 -13.849 -16.01 -16.328 -16.387 -13.936
3.117896 -9.788 -4.585 -5.49 -7.14 -9.995 -12.048 -10.172 -7.649 -10.133 -12.172 -13.806 -14.917 -7.418 -10.87 -13.054 -14.213 -15.011 -11.86 -13.221 -14.29 -14.926 -15.391 -13.399 -12.121 -13.714 -15.961 -16.304 -16.382 -13.842
3.212194 -9.749 -4.542 -5.207 -6.794 -9.729 -11.84 -9.991 -7.316 -9.875 -11.971 -13.664 -14.814 -7.076 -10.631 -12.88 -14.08 -14.909 -11.726 -13.066 -14.162 -14.821 -15.306 -13.252 -11.927 -13.568 -15.906 -16.275 -16.375 -13.743
3.309345 -9.707 -4.496 -4.909 -6.425 -9.445 -11.618 -9.8 -6.961 -9.601 -11.757 -13.511 -14.702 -6.712 -10.377 -12.694 -13.936 -14.799 -11.591 -12.901 -14.024 -14.708 -15.215 -13.094 -11.72 -13.412 -15.844 -16.242 -16.364 -13.639
3.409434 -9.66 -4.447 -4.595 -6.033 -9.142 -11.38 -9.601 -6.584 -9.308 -11.527 -13.347 -14.581 -6.325 -10.106 -12.494 -13.781 -14.679 -11.456 -12.726 -13.876 -14.585 -15.115 -12.924 -11.499 -13.243 -15.775 -16.203 -16.349 -13.529
3.51255 -9.608 -4.394 -4.263 -5.615 -8.819 -11.125 -9.391 -6.183 -8.995 -11.281 -13.17 -14.45 -5.912 -9.816 -12.279 -13.614 -14.549 -11.322 -12.541 -13.717 -14.451 -15.006 -12.742 -11.262 -13.062 -15.699 -16.158 -16.33 -13.414
3.618785 -9.552 -4.337 -3.912 -5.17 -8.473 -10.852 -9.172 -5.754 -8.662 -11.017 -12.979 -14.307 -5.472 -9.505 -12.048 -13.433 -14.408 -11.189 -12.346 -13.545 -14.307 -14.888 -12.547 -11.008 -12.867 -15.615 -16.108 -16.307 -13.294
3.728232 -9.49 -4.275 -3.54 -4.695 -8.103 -10.558 -8.944 -5.297 -8.305 -10.733 -12.774 -14.153 -5.002 -9.173 -11.8 -13.237 -14.254 -11.059 -12.141 -13.361 -14.15 -14.76 -12.336 -10.736 -12.657 -15.522 -16.051 -16.278 -13.169
3.84099 -9.423 -4.207 -3.145 -4.187 -7.707 -10.243 -8.707 -4.807 -7.923 -10.429 -12.552 -13.986 -4.5 -8.817 -11.532 -13.026 -14.087 -10.93 -11.925 -13.163 -13.981 -14.622 -12.11 -10.444 -12.431 -15.42 -15.986 -16.245 -13.038
3.957158 -9.349 -4.133 -2.725 -3.644 -7.283 -9.903 -8.462 -4.283 -7.515 -10.102 -12.314 -13.804 -3.962 -8.435 -11.244 -12.797 -13.906 -10.803 -11.701 -12.95 -13.797 -14.472 -11.866 -10.13 -12.187 -15.307 -15.914 -16.205 -12.902
