web/models/kne.last_good/kappa_0.5_3.0.v1/14/villar_0.0120_0.0457_0.5000.dat
# %ECSV 1.0
# ---
# datatype:
# - {name: time, datatype: float64}
# - {name: swift_uvot_uvw2, datatype: float64}
# - {name: swift_uvot_uvm2, datatype: float64}
# - {name: swift_uvot_uvw1, datatype: float64}
# - {name: swift_uvot_U, datatype: float64}
# - {name: swift_uvot_B, datatype: float64}
# - {name: swift_uvot_V, datatype: float64}
# - {name: swift_uvot_W, datatype: float64}
# - {name: johnson_U, datatype: float64}
# - {name: johnson_B, datatype: float64}
# - {name: johnson_V, datatype: float64}
# - {name: johnson_R, datatype: float64}
# - {name: johnson_I, datatype: float64}
# - {name: sdss_u, datatype: float64}
# - {name: sdss_g, datatype: float64}
# - {name: sdss_r, datatype: float64}
# - {name: sdss_i, datatype: float64}
# - {name: sdss_z, datatype: float64}
# - {name: PS1_g, datatype: float64}
# - {name: PS1_r, datatype: float64}
# - {name: PS1_i, datatype: float64}
# - {name: PS1_z, datatype: float64}
# - {name: PS1_Y, datatype: float64}
# - {name: PS1_w, datatype: float64}
# - {name: ATLAS_c, datatype: float64}
# - {name: ATLAS_o, datatype: float64}
# - {name: ukirt_J, datatype: float64}
# - {name: ukirt_H, datatype: float64}
# - {name: ukirt_K, datatype: float64}
# - {name: Clear, datatype: float64}
# meta: !!omap
# - comment: [kappa = 0.5, type = villar, mass = 0.012011244339858356, velocity = 0.04566666666666669, theta_obs = 0.0]
# schema: astropy-2.0
time swift_uvot_uvw2 swift_uvot_uvm2 swift_uvot_uvw1 swift_uvot_U swift_uvot_B swift_uvot_V swift_uvot_W johnson_U johnson_B johnson_V johnson_R johnson_I sdss_u sdss_g sdss_r sdss_i sdss_z PS1_g PS1_r PS1_i PS1_z PS1_Y PS1_w ATLAS_c ATLAS_o ukirt_J ukirt_H ukirt_K Clear
[from data line 289]
5.491942 -3.443 1.772 7.459 8.351 3.197 -0.48 -1.351 7.464 2.712 -0.878 -4.235 -6.426 7.971 1.501 -2.48 -4.788 -6.504 -4.715 -4.678 -5.451 -6.487 -7.632 -3.72 -1.089 -4.029 -8.769 -9.906 -10.627 -6.574
5.658042 -2.948 2.268 9.494 11.133 5.416 1.36 -0.749 10.155 4.818 0.87 -2.916 -5.358 10.731 3.519 -0.886 -3.472 -5.414 -4.215 -4.076 -4.564 -5.537 -6.859 -2.371 0.592 -2.674 -7.994 -9.33 -10.213 -6.029
5.829166 -2.384 2.831 11.818 14.356 7.987 3.496 -0.139 13.271 7.243 2.888 -1.396 -4.124 13.928 5.857 0.964 -1.942 -4.147 -3.65 -3.467 -3.72 -4.55 -6.048 -0.811 2.537 -1.107 -7.087 -8.654 -9.725 -5.437
6.005465 -1.74 3.476 14.491 18.109 10.978 5.987 0.522 16.898 10.052 5.225 0.362 -2.693 17.648 8.577 3.121 -0.154 -2.668 -3.005 -2.806 -2.918 -3.574 -5.21 1.002 4.799 0.714 -6.021 -7.858 -9.149 -4.778
6.187096 -0.997 4.219 17.589 22.502 14.477 8.907 1.27 21.142 13.32 7.943 2.404 -1.029 22.0 11.761 5.649 1.943 -0.935 -2.263 -2.059 -2.108 -2.629 -4.343 3.122 7.445 2.841 -4.763 -6.916 -8.465 -4.029
6.37422 -0.135 5.081 21.208 27.677 18.596 12.348 2.133 26.134 17.145 11.117 4.787 0.915 27.121 15.507 8.629 4.415 1.104 -1.401 -1.196 -1.224 -1.673 -3.415 5.616 10.558 5.341 -3.271 -5.798 -7.649 -3.165
6.567004 0.873 6.089 25.474 33.81 23.473 16.427 3.141 32.043 21.652 14.843 7.58 3.194 33.18 19.942 12.16 7.348 3.513 -0.393 -0.188 -0.21 -0.633 -2.38 8.567 14.245 8.298 -1.491 -4.464 -6.67 -2.157
6.765619 2.055 7.271 30.506 41.072 29.243 21.255 4.324 39.029 26.958 19.206 10.85 5.863 40.343 25.188 16.34 10.821 6.355 0.79 0.994 0.973 0.558 -1.188 12.059 18.61 11.793 0.629 -2.872 -5.498 -0.974
6.97024 2.58 7.795 31.03 41.596 29.768 21.779 4.848 39.553 27.482 19.731 11.374 6.387 40.867 25.713 16.865 11.345 6.88 1.314 1.519 1.497 1.082 -0.664 12.583 19.135 12.318 1.153 -2.348 -4.973 -0.45
7.181051 3.136 8.352 31.587 42.153 30.324 22.336 5.405 40.11 28.039 20.287 11.931 6.944 41.424 26.269 17.422 11.902 7.436 1.871 2.076 2.054 1.639 -0.107 13.14 19.691 12.875 1.71 -1.791 -4.417 0.107
7.398237 3.727 8.943 32.178 42.744 30.915 22.927 5.996 40.701 28.63 20.878 12.522 7.535 42.015 26.86 18.012 12.493 8.027 2.462 2.666 2.645 2.23 0.484 13.731 20.282 13.465 2.301 -1.2 -3.826 0.698
7.621991 4.354 9.57 32.805 43.371 31.542 23.554 6.623 41.328 29.257 21.505 13.149 8.162 42.642 27.487 18.64 13.12 8.654 3.089 3.293 3.272 2.857 1.111 14.358 20.909 14.092 2.928 -0.573 -3.199 1.325
7.852513 5.02 10.236 33.47 44.037 32.208 24.22 7.288 41.993 29.922 22.171 13.814 8.827 43.307 28.153 19.305 13.785 9.32 3.754 3.959 3.938 3.522 1.776 15.023 21.575 14.758 3.593 0.093 -2.533 1.991
8.090007 5.726 10.942 34.177 44.743 32.914 24.926 7.995 42.7 30.629 22.877 14.521 9.534 44.014 28.859 20.012 14.492 10.026 4.461 4.666 4.644 4.229 2.483 15.73 22.281 15.465 4.3 0.799 -1.827 2.697
8.334684 6.476 11.692 34.927 45.493 33.664 25.676 8.745 43.45 31.379 23.627 15.271 10.284 44.764 29.609 20.762 15.242 10.776 5.211 5.415 5.394 4.979 3.233 16.48 23.031 16.214 5.05 1.549 -1.077 3.447
8.586761 7.272 12.488 35.723 46.289 34.46 26.472 9.541 44.246 32.175 24.423 16.067 11.08 45.56 30.405 21.557 16.038 11.572 6.007 6.211 6.19 5.775 4.029 17.276 23.827 17.01 5.846 2.345 -0.281 4.243
8.846461 8.117 13.333 36.568 47.134 35.305 27.317 10.385 45.091 33.019 25.268 16.911 11.925 46.405 31.25 22.402 16.882 12.417 6.851 7.056 7.035 6.619 4.874 18.12 24.672 17.855 6.69 3.19 0.564 5.088
9.114017 9.014 14.229 37.464 48.03 36.202 28.213 11.282 45.987 33.916 26.165 17.808 12.821 47.301 32.147 23.299 17.779 13.314 7.748 7.953 7.931 7.516 5.77 19.017 25.569 18.752 7.587 4.086 1.461 5.984
9.389664 9.965 15.181 38.416 48.982 37.153 29.165 12.234 46.939 34.868 27.116 18.76 13.773 48.253 33.098 24.251 18.731 14.265 8.7 8.905 8.883 8.468 6.722 19.969 26.52 19.704 8.539 5.038 2.412 6.936
9.673648 10.976 16.191 39.426 49.992 38.164 30.175 13.244 47.949 35.878 28.127 19.77 14.783 49.263 34.109 25.261 19.741 15.275 9.71 9.915 9.893 9.478 7.732 20.979 27.531 20.714 9.549 6.048 3.422 7.946
9.966221 12.048 17.263 40.498 51.064 39.236 31.248 14.316 49.021 36.95 29.199 20.842 15.855 50.335 35.181 26.333 20.813 16.348 10.782 10.987 10.965 10.55 8.804 22.051 28.603 21.786 10.621 7.12 4.495 9.018
10.267642 13.186 18.401 41.636 52.202 40.374 32.386 15.454 50.159 38.088 30.337 21.98 16.993 51.473 36.319 27.471 21.951 17.486 11.92 12.125 12.103 11.688 9.942 23.189 29.741 22.924 11.759 8.259 5.633 10.156
10.57818 14.394 19.609 42.844 53.41 41.582 33.593 16.662 51.367 39.296 31.545 23.188 18.201 52.681 37.527 28.679 23.159 18.694 13.128 13.333 13.311 12.896 11.15 24.397 30.949 24.132 12.967 9.466 6.841 11.364
10.89811 15.676 20.891 44.126 54.692 42.864 34.876 17.944 52.649 40.578 32.827 24.47 19.483 53.963 38.809 29.961 24.441 19.976 14.41 14.615 14.593 14.178 12.432 25.679 32.231 25.414 14.249 10.749 8.123 12.646
11.227716 17.037 22.252 45.487 56.053 44.225 36.236 19.305 54.01 41.939 34.188 25.831 20.844 55.324 40.17 31.322 25.802 21.336 15.771 15.976 15.954 15.539 13.793 27.04 33.592 26.775 15.61 12.109 9.483 14.007
11.56729 18.481 23.697 46.931 57.498 45.669 37.681 20.749 55.454 43.383 35.632 27.275 22.288 56.768 41.614 32.766 27.246 22.781 17.215 17.42 17.399 16.983 15.237 28.484 35.036 28.219 17.054 13.554 10.928 15.452
11.917135 20.014 25.23 48.465 59.031 47.202 39.214 22.282 56.987 44.916 37.165 28.808 23.822 58.302 43.147 34.299 28.779 24.314 18.748 18.953 18.932 18.516 16.77 30.017 36.569 29.752 18.587 15.087 12.461 16.985
12.277561 21.641 26.857 50.092 60.658 48.829 40.841 23.91 58.615 46.543 38.792 30.436 25.449 59.929 44.774 35.926 30.407 25.941 20.376 20.58 20.559 20.144 18.398 31.645 38.196 31.379 20.215 16.714 14.088 18.612
12.648887 23.368 28.584 51.819 62.385 50.556 42.568 25.637 60.342 48.271 40.519 32.163 27.176 61.656 46.501 37.654 32.134 27.668 22.103 22.307 22.286 21.871 20.125 33.372 39.923 33.106 21.942 18.441 15.815 20.339
13.031444 25.201 30.417 53.652 64.218 52.389 44.401 27.47 62.175 50.104 42.352 33.996 29.009 63.489 48.334 39.487 33.967 29.501 23.936 24.141 24.119 23.704 21.958 35.205 41.756 34.94 23.775 20.274 17.648 22.172
13.425571 27.147 32.363 55.598 66.164 54.335 46.347 29.416 64.121 52.049 44.298 35.942 30.955 65.435 50.28 41.432 35.913 31.447 25.882 26.086 26.065 25.65 23.904 37.151 43.702 36.885 25.72 22.22 19.594 24.118
13.831619 29.212 34.428 57.663 68.229 56.4 48.412 31.481 66.186 54.115 46.363 38.007 33.02 67.5 52.345 43.498 37.978 33.512 27.947 28.151 28.13 27.715 25.969 39.216 45.767 38.95 27.786 24.285 21.659 26.183
14.249947 31.404 36.62 59.855 70.421 58.592 50.604 33.673 68.378 56.307 48.555 40.199 35.212 69.692 54.537 45.69 40.17 35.704 30.139 30.343 30.322 29.907 28.161 41.408 47.959 41.142 29.978 26.477 23.851 28.375
14.680926 33.731 38.947 62.181 72.748 60.919 52.931 35.999 70.704 58.633 50.882 42.525 37.538 72.018 56.864 48.016 42.496 38.031 32.465 32.67 32.649 32.233 30.487 43.734 50.286 43.469 32.304 28.804 26.178 30.701
15.124941 36.2 41.416 64.651 75.217 63.388 55.4 38.469 73.174 61.103 53.351 44.995 40.008 74.488 59.333 50.486 44.966 40.5 34.935 35.14 35.118 34.703 32.957 46.204 52.755 45.938 34.774 31.273 28.647 33.171
15.582385 38.821 44.037 67.272 77.838 66.009 58.021 41.09 75.795 63.724 55.972 47.616 42.629 77.109 61.954 53.107 47.587 43.121 37.556 37.761 37.739 37.324 35.578 48.825 55.376 48.56 37.395 33.894 31.268 35.792
16.053663 41.603 46.819 70.054 80.62 68.791 60.803 43.872 78.577 66.506 58.754 50.398 45.411 79.891 64.736 55.889 50.369 45.903 40.338 40.543 40.521 40.106 38.36 51.607 58.158 51.342 40.177 36.676 34.05 38.574
16.539195 44.556 49.772 73.007 83.573 71.744 63.756 46.825 81.53 69.459 61.707 53.351 48.364 82.844 67.689 58.842 53.322 48.856 43.291 43.495 43.474 43.059 41.313 54.56 61.111 54.294 43.13 39.629 37.003 41.527
17.039412 47.69 52.906 76.141 86.707 74.878 66.89 49.959 84.664 72.593 64.841 56.485 51.498 85.978 70.823 61.976 56.456 51.99 46.425 46.63 46.608 46.193 44.447 57.694 64.245 57.429 46.264 42.763 40.137 44.661
17.554757 51.017 56.233 79.468 90.034 78.205 70.217 53.285 87.991 75.919 68.168 59.811 54.825 89.305 74.15 65.302 59.782 55.317 49.751 49.956 49.935 49.519 47.774 61.02 67.572 60.755 49.59 46.09 43.464 47.988
18.085689 54.548 59.764 82.998 93.565 81.736 73.748 56.816 91.521 79.45 71.699 63.342 58.355 92.835 77.681 68.833 63.313 58.848 53.282 53.487 53.466 53.05 51.304 64.551 71.103 64.286 53.121 49.621 46.995 51.518
18.632678 58.296 63.511 86.746 97.312 85.484 77.495 60.564 95.269 83.198 75.447 67.09 62.103 96.583 81.429 72.581 67.061 62.595 57.03 57.235 57.213 56.798 55.052 68.299 74.851 68.034 56.869 53.368 50.742 55.266
19.196211 62.273 67.489 90.724 101.29 89.461 81.473 64.542 99.247 87.176 79.424 71.068 66.081 100.561 85.406 76.559 71.039 66.573 61.008 61.213 61.191 60.776 59.03 72.277 78.828 72.012 60.847 57.346 54.72 59.244
19.776787 66.495 71.711 94.946 105.512 93.683 85.695 68.764 103.469 91.398 83.646 75.29 70.303 104.783 89.628 80.781 75.261 70.795 65.23 65.435 65.413 64.998 63.252 76.499 83.05 76.234 65.069 61.568 58.942 63.466
20.374923 70.977 76.192 99.427 109.993 98.165 90.176 73.245 107.95 95.879 88.128 79.771 74.784 109.264 94.11 85.262 79.742 75.277 69.711 69.916 69.894 69.479 67.733 80.98 87.532 80.715 69.55 66.049 63.424 67.947
20.991149 75.733 80.949 104.184 114.75 102.921 94.933 78.002 112.707 100.636 92.884 84.528 79.541 114.021 98.866 90.018 84.499 80.033 74.468 74.672 74.651 74.236 72.49 85.737 92.288 85.471 74.307 70.806 68.18 72.704
21.626011 80.782 85.997 109.232 119.798 107.97 99.981 83.05 117.755 105.684 97.933 89.576 84.589 119.069 103.915 95.067 89.547 85.082 79.516 79.721 79.699 79.284 77.538 90.785 97.337 90.52 79.355 75.854 73.229 77.752
22.280075 86.14 91.356 114.591 125.157 113.328 105.34 88.409 123.114 111.043 103.291 94.935 89.948 124.428 109.273 100.426 94.906 90.44 84.875 85.079 85.058 84.643 82.897 96.144 102.695 95.878 84.714 81.213 78.587 83.111
22.953921 91.828 97.043 120.278 130.844 119.016 111.028 94.096 128.801 116.73 108.979 100.622 95.635 130.115 114.961 106.113 100.593 96.128 90.562 90.767 90.745 90.33 88.584 101.831 108.383 101.566 90.401 86.901 84.275 88.798
23.648147 97.865 103.08 126.315 136.881 125.053 117.064 100.133 134.838 122.767 115.016 106.659 101.672 136.152 120.998 112.15 106.63 102.164 96.599 96.804 96.782 96.367 94.621 107.868 114.42 107.603 96.438 92.937 90.312 94.835
24.363369 104.272 109.488 132.723 143.289 131.46 123.472 106.541 141.246 129.174 121.423 113.067 108.08 142.56 127.405 118.557 113.038 108.572 103.007 103.211 103.19 102.774 101.029 114.276 120.827 114.01 102.845 99.345 96.719 101.243
25.100222 111.073 116.289 139.524 150.09 138.261 130.273 113.341 148.046 135.975 128.224 119.867 114.881 149.361 134.206 125.358 119.838 115.373 109.807 110.012 109.991 109.575 107.829 121.076 127.628 120.811 109.646 106.146 103.52 108.044
25.859362 118.292 123.507 146.742 157.308 145.48 137.491 120.56 155.265 143.194 135.442 127.086 122.099 156.579 141.425 132.577 127.057 122.591 117.026 117.231 117.209 116.794 115.048 128.295 134.846 128.03 116.865 113.364 110.738 115.262
26.64146 125.953 131.169 154.404 164.97 153.141 145.153 128.222 162.927 150.856 143.104 134.748 129.761 164.241 149.086 140.238 134.719 130.253 124.688 124.892 124.871 124.456 122.71 135.957 142.508 135.691 124.527 121.026 118.4 122.924
27.447213 134.085 139.301 162.536 173.102 161.273 153.285 136.354 171.059 158.988 151.236 142.88 137.893 172.373 157.218 148.371 142.851 138.385 132.82 133.025 133.003 132.588 130.842 144.089 150.64 143.824 132.659 129.158 126.532 131.056
28.277335 142.717 147.933 171.168 181.734 169.905 161.917 144.985 179.69 167.619 159.868 151.511 146.525 181.005 165.85 157.002 151.482 147.017 141.451 141.656 141.635 141.219 139.474 152.72 159.272 152.455 141.29 137.79 135.164 139.688
29.132564 151.879 157.094 180.329 190.895 179.067 171.078 154.147 188.852 176.781 169.03 160.673 155.686 190.166 175.012 166.164 160.644 156.178 150.613 150.818 150.796 150.381 148.635 161.882 168.434 161.617 150.452 146.951 144.325 148.849
30.013659 161.603 166.818 190.053 200.619 188.791 180.802 163.871 198.576 186.505 178.754 170.397 165.41 199.89 184.736 175.888 170.368 165.903 160.337 160.542 160.52 160.105 158.359 171.606 178.158 171.341 160.176 156.675 154.05 158.573
30.921401 171.924 177.14 200.374 210.941 199.112 191.124 174.192 208.897 196.826 189.075 180.718 175.731 210.211 195.057 186.209 180.689 176.224 170.658 170.863 170.842 170.426 168.68 181.927 188.479 181.662 170.497 166.997 164.371 168.894
31.856598 182.879 188.095 211.329 221.895 210.067 202.079 185.147 219.852 207.781 200.03 191.673 186.686 221.166 206.012 197.164 191.644 187.179 181.613 181.818 181.797 181.381 179.635 192.882 199.434 192.617 181.452 177.952 175.326 179.849
32.820079 194.507 199.722 222.957 233.523 221.695 213.706 196.775 231.48 219.409 211.657 203.301 198.314 232.794 217.64 208.792 203.272 198.806 193.241 193.446 193.424 193.009 191.263 204.51 211.061 204.245 193.08 189.579 186.953 191.477
33.8127 206.848 212.064 235.299 245.865 234.036 226.048 209.117 243.822 231.75 223.999 215.643 210.656 245.136 229.981 221.133 215.614 211.148 205.583 205.787 205.766 205.35 203.605 216.852 223.403 216.586 205.421 201.921 199.295 203.819
34.835342 219.948 225.163 248.398 258.964 247.136 239.147 222.216 256.921 244.85 237.098 228.742 223.755 258.235 243.081 234.233 228.713 224.247 218.682 218.887 218.865 218.45 216.704 229.951 236.502 229.686 218.521 215.02 212.394 216.918
35.888913 233.851 239.067 262.302 272.868 261.039 253.051 236.12 270.825 258.754 251.002 242.646 237.659 272.139 256.984 248.137 242.617 238.151 232.586 232.79 232.769 232.354 230.608 243.855 250.406 243.589 232.425 228.924 226.298 230.822
36.974349 248.609 253.824 277.059 287.625 275.797 267.809 250.877 285.582 273.511 265.76 257.403 252.416 286.896 271.742 262.894 257.374 252.909 247.343 247.548 247.526 247.111 245.365 258.612 265.164 258.347 247.182 243.682 241.056 245.579
38.092613 264.272 269.488 292.723 303.289 291.46 283.472 266.541 301.246 289.175 281.423 273.067 268.08 302.56 287.405 278.558 273.038 268.572 263.007 263.212 263.19 262.775 261.029 274.276 280.827 274.011 262.846 259.345 256.719 261.243
39.244698 280.898 286.114 309.348 319.915 308.086 300.098 283.166 317.871 305.8 298.049 289.692 284.705 319.185 304.031 295.183 289.663 285.198 279.632 279.837 279.816 279.4 277.654 290.901 297.453 290.636 279.471 275.971 273.345 277.868
40.431627 298.544 303.76 326.995 337.561 325.732 317.744 300.813 335.518 323.447 315.695 307.339 302.352 336.832 321.677 312.829 307.31 302.844 297.279 297.483 297.462 297.047 295.301 308.548 315.099 308.282 297.118 293.617 290.991 295.515
41.654454 317.274 322.49 345.725 356.291 344.462 336.474 319.543 354.248 342.176 334.425 326.069 321.082 355.562 340.407 331.559 326.04 321.574 316.009 316.213 316.192 315.777 314.031 327.278 333.829 327.012 315.847 312.347 309.721 314.245
42.914265 337.154 342.37 365.605 376.171 364.342 356.354 339.423 374.128 362.056 354.305 345.949 340.962 375.442 360.287 351.439 345.92 341.454 335.889 336.093 336.072 335.656 333.911 347.158 353.709 346.892 335.727 332.227 329.601 334.125
44.212178 358.255 363.47 386.705 397.271 385.443 377.454 360.523 395.228 383.157 375.406 367.049 362.062 396.542 381.388 372.54 367.02 362.555 356.989 357.194 357.172 356.757 355.011 368.258 374.81 367.993 356.828 353.327 350.702 355.225
45.549345 380.651 385.867 409.102 419.668 407.839 399.851 382.919 417.625 405.553 397.802 389.445 384.459 418.939 403.784 394.936 389.416 384.951 379.385 379.59 379.569 379.153 377.408 390.654 397.206 390.389 379.224 375.724 373.098 377.622
46.926954 404.423 409.638 432.873 443.439 431.611 423.622 406.691 441.396 429.325 421.574 413.217 408.23 442.71 427.556 418.708 413.188 408.722 403.157 403.362 403.34 402.925 401.179 414.426 420.977 414.161 402.996 399.495 396.869 401.393
