web/models/kne.last_good/kappa_0.5_3.0.v1/14/villar_0.0630_0.2180_0.5000.dat
# %ECSV 1.0
# ---
# datatype:
# - {name: time, datatype: float64}
# - {name: swift_uvot_uvw2, datatype: float64}
# - {name: swift_uvot_uvm2, datatype: float64}
# - {name: swift_uvot_uvw1, datatype: float64}
# - {name: swift_uvot_U, datatype: float64}
# - {name: swift_uvot_B, datatype: float64}
# - {name: swift_uvot_V, datatype: float64}
# - {name: swift_uvot_W, datatype: float64}
# - {name: johnson_U, datatype: float64}
# - {name: johnson_B, datatype: float64}
# - {name: johnson_V, datatype: float64}
# - {name: johnson_R, datatype: float64}
# - {name: johnson_I, datatype: float64}
# - {name: sdss_u, datatype: float64}
# - {name: sdss_g, datatype: float64}
# - {name: sdss_r, datatype: float64}
# - {name: sdss_i, datatype: float64}
# - {name: sdss_z, datatype: float64}
# - {name: PS1_g, datatype: float64}
# - {name: PS1_r, datatype: float64}
# - {name: PS1_i, datatype: float64}
# - {name: PS1_z, datatype: float64}
# - {name: PS1_Y, datatype: float64}
# - {name: PS1_w, datatype: float64}
# - {name: ATLAS_c, datatype: float64}
# - {name: ATLAS_o, datatype: float64}
# - {name: ukirt_J, datatype: float64}
# - {name: ukirt_H, datatype: float64}
# - {name: ukirt_K, datatype: float64}
# - {name: Clear, datatype: float64}
# meta: !!omap
# - comment: [kappa = 0.5, type = villar, mass = 0.06299605249512866, velocity = 0.21800000000000003, theta_obs = 0.0]
# schema: astropy-2.0
time swift_uvot_uvw2 swift_uvot_uvm2 swift_uvot_uvw1 swift_uvot_U swift_uvot_B swift_uvot_V swift_uvot_W johnson_U johnson_B johnson_V johnson_R johnson_I sdss_u sdss_g sdss_r sdss_i sdss_z PS1_g PS1_r PS1_i PS1_z PS1_Y PS1_w ATLAS_c ATLAS_o ukirt_J ukirt_H ukirt_K Clear
[from data line 281]
4.327172 -7.927 -2.711 -1.234 -2.128 -5.79 -8.428 -7.007 -2.771 -6.026 -8.629 -10.859 -12.36 -2.446 -6.951 -9.779 -11.344 -12.463 -9.372 -10.25 -11.5 -12.353 -13.034 -10.41 -8.66 -10.731 -13.877 -14.493 -14.79 -11.469
4.458044 -7.697 -2.482 -0.259 -0.871 -4.792 -7.613 -6.446 -1.557 -5.064 -7.844 -10.267 -11.89 -1.201 -6.045 -9.076 -10.771 -11.992 -9.065 -9.723 -10.969 -11.882 -12.638 -9.806 -7.904 -10.127 -13.555 -14.26 -14.63 -11.123
4.592874 -7.444 -2.228 0.813 0.53 -3.678 -6.701 -5.89 -0.203 -3.994 -6.966 -9.605 -11.364 0.188 -5.033 -8.288 -10.127 -11.463 -8.763 -9.193 -10.389 -11.357 -12.199 -9.133 -7.061 -9.451 -13.19 -13.995 -14.445 -10.767
4.731783 -7.164 -1.948 1.998 2.098 -2.43 -5.677 -5.356 1.313 -2.8 -5.984 -8.865 -10.771 1.743 -3.901 -7.403 -9.401 -10.866 -8.455 -8.674 -9.761 -10.774 -11.717 -8.378 -6.117 -8.694 -12.776 -13.692 -14.234 -10.4
4.874892 -6.853 -1.637 3.31 3.858 -1.029 -4.523 -4.853 3.014 -1.463 -4.88 -8.034 -10.104 3.488 -2.629 -6.406 -8.582 -10.19 -8.129 -8.178 -9.095 -10.133 -11.191 -7.532 -5.059 -7.844 -12.304 -13.347 -13.991 -10.02
5.02233 -6.507 -1.291 4.769 5.839 0.549 -3.22 -4.379 4.93 0.038 -3.639 -7.1 -9.352 5.453 -1.195 -5.279 -7.655 -9.425 -7.776 -7.707 -8.407 -9.434 -10.623 -6.578 -3.867 -6.885 -11.767 -12.951 -13.711 -9.622
5.174227 -6.12 -0.904 6.4 8.077 2.332 -1.744 -3.918 7.094 1.727 -2.238 -6.046 -8.501 7.674 0.425 -4.002 -6.602 -8.556 -7.387 -7.245 -7.72 -8.688 -10.018 -5.5 -2.52 -5.802 -11.152 -12.497 -13.389 -9.2
5.330718 -5.686 -0.471 8.229 10.617 4.355 -0.065 -3.446 9.55 3.636 -0.653 -4.855 -7.536 10.193 2.263 -2.55 -5.403 -7.565 -6.952 -6.773 -7.056 -7.913 -9.385 -4.277 -0.992 -4.574 -10.447 -11.975 -13.016 -8.743
5.491942 -5.197 0.018 10.292 13.51 6.659 1.85 -2.939 12.346 5.801 1.147 -3.504 -6.44 13.062 4.357 -0.893 -4.033 -6.433 -6.463 -6.268 -6.418 -7.134 -8.728 -2.885 0.747 -3.176 -9.636 -11.373 -12.584 -8.24
5.658042 -4.644 0.571 12.632 16.819 9.293 4.045 -2.379 15.543 8.266 3.196 -1.966 -5.19 16.341 6.752 1.005 -2.461 -5.136 -5.91 -5.708 -5.783 -6.369 -8.049 -1.293 2.736 -1.578 -8.7 -10.677 -12.082 -7.679
5.829166 -4.015 1.201 15.301 20.622 12.319 6.569 -1.747 19.214 11.086 5.537 -0.211 -3.76 20.107 9.504 3.189 -0.651 -3.643 -5.28 -5.076 -5.116 -5.611 -7.337 0.535 5.02 0.255 -7.617 -9.869 -11.497 -7.046
6.005465 -3.295 1.921 18.365 25.014 15.811 9.486 -1.026 23.45 14.325 8.222 1.801 -2.121 24.451 12.679 5.713 1.442 -1.92 -4.56 -4.356 -4.382 -4.827 -6.571 2.644 7.658 2.37 -6.356 -8.927 -10.812 -6.325
6.187096 -2.466 2.749 21.906 30.112 19.862 12.872 -0.198 28.361 18.068 11.314 4.116 -0.234 29.487 16.363 8.643 3.873 0.076 -3.732 -3.527 -3.55 -3.973 -5.72 5.092 10.718 4.822 -4.885 -7.826 -10.008 -5.496
6.37422 -1.507 3.708 26.027 36.061 24.588 16.823 0.761 34.085 22.415 14.89 6.793 1.948 35.357 20.658 12.063 6.712 2.398 -2.773 -2.568 -2.59 -3.006 -4.752 7.945 14.289 7.679 -3.159 -6.534 -9.06 -4.537
6.567004 -0.916 4.3 27.535 38.101 26.272 18.284 1.352 36.058 23.986 16.235 7.878 2.892 37.372 22.217 13.369 7.849 3.384 -2.182 -1.977 -1.998 -2.414 -4.159 9.087 15.639 8.822 -2.343 -5.843 -8.469 -3.945
6.765619 -0.466 4.749 27.984 38.55 26.722 18.733 1.802 36.507 24.436 16.685 8.328 3.341 37.821 22.667 13.819 8.299 3.834 -1.732 -1.527 -1.549 -1.964 -3.71 9.537 16.089 9.272 -1.893 -5.394 -8.019 -3.496
6.97024 0.011 5.227 28.462 39.028 27.199 19.211 2.28 36.985 24.913 17.162 8.806 3.819 38.299 23.144 14.296 8.777 4.311 -1.254 -1.05 -1.071 -1.487 -3.232 10.015 16.566 9.749 -1.416 -4.916 -7.542 -3.018
7.181051 0.518 5.733 28.968 39.534 27.706 19.717 2.786 37.491 25.42 17.669 9.312 4.325 38.805 23.651 14.803 9.283 4.818 -0.748 -0.543 -0.565 -0.98 -2.726 10.521 17.073 10.256 -0.909 -4.41 -7.035 -2.512
7.398237 1.056 6.271 29.506 40.072 28.244 20.255 3.324 38.029 25.958 18.206 9.85 4.863 39.343 24.189 15.341 9.821 5.355 -0.21 -0.005 -0.027 -0.442 -2.188 11.059 17.61 10.794 -0.371 -3.872 -6.498 -1.974
7.621991 1.626 6.842 30.077 40.643 28.814 20.826 3.895 38.6 26.529 18.777 10.421 5.434 39.914 24.759 15.912 10.392 5.926 0.361 0.565 0.544 0.129 -1.617 11.63 18.181 11.364 0.2 -3.301 -5.927 -1.403
7.852513 2.232 7.448 30.683 41.249 29.42 21.432 4.501 39.206 27.134 19.383 11.027 6.04 40.52 25.365 16.517 10.998 6.532 0.967 1.171 1.15 0.735 -1.011 12.236 18.787 11.97 0.806 -2.695 -5.321 -0.797
8.090007 2.875 8.091 31.326 41.892 30.063 22.075 5.144 39.849 27.778 20.026 11.67 6.683 41.163 26.008 17.16 11.641 7.175 1.61 1.814 1.793 1.378 -0.368 12.879 19.43 12.613 1.449 -2.052 -4.678 -0.154
8.334684 3.558 8.773 32.008 42.574 30.746 22.757 5.826 40.531 28.46 20.709 12.352 7.365 41.845 26.691 17.843 12.323 7.858 2.292 2.497 2.475 2.06 0.314 13.561 20.113 13.296 2.131 -1.37 -3.995 0.528
8.586761 4.282 9.498 32.733 43.299 31.47 23.482 6.551 41.256 29.184 21.433 13.077 8.09 42.57 27.415 18.567 13.048 8.582 3.017 3.221 3.2 2.785 1.039 14.286 20.837 14.02 2.856 -0.645 -3.271 1.253
8.846461 5.051 10.267 33.502 44.068 32.239 24.251 7.32 42.025 29.953 22.202 13.846 8.859 43.339 28.184 19.336 13.817 9.351 3.786 3.99 3.969 3.553 1.808 15.055 21.606 14.789 3.624 0.124 -2.502 2.022
9.114017 5.867 11.083 34.318 44.884 33.055 25.067 8.136 42.841 30.77 23.018 14.662 9.675 44.155 29.0 20.152 14.633 10.167 4.602 4.806 4.785 4.37 2.624 15.871 22.422 15.605 4.441 0.94 -1.686 2.838
9.389664 6.734 11.949 35.184 45.75 33.922 25.933 9.002 43.707 31.636 23.884 15.528 10.541 45.021 29.867 21.019 15.499 11.033 5.468 5.673 5.651 5.236 3.49 16.737 23.288 16.472 5.307 1.806 -0.82 3.704
9.673648 7.653 12.869 36.103 46.67 34.841 26.853 9.921 44.626 32.555 24.804 16.447 11.46 45.94 30.786 21.938 16.418 11.953 6.387 6.592 6.571 6.155 4.409 17.656 24.208 17.391 6.226 2.726 0.1 4.623
9.966221 8.629 13.844 37.079 47.645 35.817 27.829 10.897 45.602 33.531 25.78 17.423 12.436 46.916 31.762 22.914 17.394 12.929 7.363 7.568 7.546 7.131 5.385 18.632 25.184 18.367 7.202 3.702 1.076 5.599
10.267642 9.665 14.88 38.115 48.681 36.853 28.864 11.933 46.638 34.567 26.816 18.459 13.472 47.952 32.798 23.95 18.43 13.964 8.399 8.604 8.582 8.167 6.421 19.668 26.22 19.403 8.238 4.737 2.112 6.635
10.57818 10.764 15.98 39.215 49.781 37.952 29.964 13.032 47.738 35.666 27.915 19.559 14.572 49.052 33.897 25.049 19.53 15.064 9.498 9.703 9.682 9.266 7.521 20.768 27.319 20.502 9.337 5.837 3.211 7.735
10.89811 11.931 17.147 40.382 50.948 39.119 31.131 14.199 48.904 36.833 29.082 20.725 15.739 50.219 35.064 26.216 20.696 16.231 10.665 10.87 10.849 10.433 8.687 21.934 28.486 21.669 10.504 7.004 4.378 8.902
11.227716 13.17 18.385 41.62 52.186 40.358 32.369 15.438 50.143 38.072 30.321 21.964 16.977 51.457 36.303 27.455 21.935 17.469 11.904 12.109 12.087 11.672 9.926 23.173 29.725 22.908 11.743 8.242 5.616 10.14
11.56729 14.484 19.7 42.935 53.501 41.672 33.684 16.753 51.458 39.387 31.635 23.279 18.292 52.772 37.617 28.769 23.25 18.784 13.219 13.423 13.402 12.987 11.241 24.488 31.039 24.222 13.058 9.557 6.931 11.455
11.917135 15.88 21.095 44.33 54.896 43.068 35.079 18.148 52.853 40.782 33.031 24.674 19.687 54.167 39.013 30.165 24.645 20.179 14.614 14.819 14.797 14.382 12.636 25.883 32.435 25.618 14.453 10.952 8.326 12.85
12.277561 17.361 22.576 45.811 56.377 44.549 36.56 19.629 54.334 42.263 34.512 26.155 21.168 55.648 40.494 31.646 26.126 21.66 16.095 16.3 16.278 15.863 14.117 27.364 33.916 27.099 15.934 12.433 9.808 14.331
12.648887 18.933 24.148 47.383 57.949 46.121 38.132 21.201 55.906 43.835 36.084 27.727 22.74 57.22 42.066 33.218 27.698 23.232 17.667 17.872 17.85 17.435 15.689 28.936 35.488 28.671 17.506 14.005 11.38 15.903
13.031444 20.601 25.817 49.052 59.618 47.789 39.801 22.87 57.575 45.503 37.752 29.396 24.409 58.889 43.734 34.886 29.367 24.901 19.336 19.54 19.519 19.104 17.358 30.605 37.156 30.339 19.174 15.674 13.048 17.572
13.425571 22.372 27.588 50.823 61.389 49.56 41.572 24.641 59.346 47.274 39.523 31.167 26.18 60.66 45.505 36.657 31.138 26.672 21.107 21.311 21.29 20.874 19.129 32.376 38.927 32.11 20.945 17.445 14.819 19.343
13.831619 24.252 29.467 52.702 63.268 51.44 43.452 26.52 61.225 49.154 41.403 33.046 28.059 62.539 47.385 38.537 33.017 28.552 22.986 23.191 23.169 22.754 21.008 34.255 40.807 33.99 22.825 19.325 16.699 21.222
14.249947 26.247 31.463 54.697 65.264 53.435 45.447 28.515 63.22 51.149 43.398 35.041 30.054 64.534 49.38 40.532 35.012 30.547 24.981 25.186 25.165 24.749 23.003 36.25 42.802 35.985 24.82 21.32 18.694 23.218
14.680926 28.365 33.58 56.815 67.381 55.553 47.564 30.633 65.338 53.267 45.516 37.159 32.172 66.652 51.498 42.65 37.13 32.664 27.099 27.304 27.282 26.867 25.121 38.368 44.919 38.103 26.938 23.437 20.811 25.335
15.124941 30.612 35.828 59.063 69.629 57.8 49.812 32.881 67.586 55.515 47.763 39.407 34.42 68.9 53.745 44.897 39.378 34.912 29.347 29.551 29.53 29.115 27.369 40.616 47.167 40.35 29.186 25.685 23.059 27.583
15.582385 32.998 38.214 61.448 72.015 60.186 52.198 35.266 69.971 57.9 50.149 41.792 36.805 71.285 56.131 47.283 41.763 37.298 31.732 31.937 31.916 31.5 29.754 43.001 49.553 42.736 31.571 28.071 25.445 29.968
16.053663 35.53 40.746 63.981 74.547 62.718 54.73 37.798 72.504 60.432 52.681 44.325 39.338 73.818 58.663 49.815 44.296 39.83 34.264 34.469 34.448 34.032 32.287 45.533 52.085 45.268 34.103 30.603 27.977 32.501
16.539195 38.218 43.433 66.668 77.234 65.406 57.417 40.486 75.191 63.12 55.369 47.012 42.025 76.505 61.351 52.503 46.983 42.518 36.952 37.157 37.135 36.72 34.974 48.221 54.773 47.956 36.791 33.29 30.665 35.188
17.039412 41.07 46.286 69.521 80.087 68.258 60.27 43.339 78.044 65.973 58.221 49.865 44.878 79.358 64.203 55.356 49.836 45.37 39.805 40.01 39.988 39.573 37.827 51.074 57.625 50.809 39.644 36.143 33.517 38.041
17.554757 44.098 49.314 72.549 83.115 71.286 63.298 46.367 81.072 69.001 61.249 52.893 47.906 82.386 67.231 58.383 52.864 48.398 42.833 43.037 43.016 42.601 40.855 54.102 60.653 53.836 42.672 39.171 36.545 41.069
18.085689 47.312 52.528 75.763 86.329 74.5 66.512 49.58 84.285 72.214 64.463 56.106 51.12 85.6 70.445 61.597 56.077 51.612 46.046 46.251 46.23 45.814 44.068 57.315 63.867 57.05 45.885 42.385 39.759 44.283
18.632678 50.723 55.939 79.174 89.74 77.911 69.923 52.992 87.697 75.625 67.874 59.518 54.531 89.011 73.856 65.008 59.489 55.023 49.458 49.662 49.641 49.225 47.48 60.727 67.278 60.461 49.296 45.796 43.17 47.694
19.196211 54.344 59.559 82.794 93.36 81.532 73.543 56.612 91.317 79.246 71.495 63.138 58.151 92.631 77.477 68.629 63.109 58.644 53.078 53.283 53.261 52.846 51.1 64.347 70.899 64.082 52.917 49.416 46.791 51.314
19.776787 58.187 63.402 86.637 97.203 85.375 77.386 60.455 95.16 83.089 75.337 66.981 61.994 96.474 81.32 72.472 66.952 62.486 56.921 57.126 57.104 56.689 54.943 68.19 74.741 67.925 56.76 53.259 50.633 55.157
20.374923 62.265 67.481 90.716 101.282 89.453 81.465 64.534 99.239 87.168 79.416 71.06 66.073 100.553 85.398 76.551 71.031 66.565 61.0 61.205 61.183 60.768 59.022 72.269 78.82 72.004 60.839 57.338 54.712 59.236
20.991149 66.595 71.81 95.045 105.611 93.783 85.794 68.863 103.568 91.497 83.746 75.389 70.402 104.882 89.728 80.88 75.36 70.894 65.329 65.534 65.512 65.097 63.351 76.598 83.15 76.333 65.168 61.667 59.042 63.565
21.626011 71.19 76.405 99.64 110.206 98.378 90.389 73.458 108.163 96.092 88.341 79.984 74.997 109.477 94.323 85.475 79.955 75.49 69.924 70.129 70.107 69.692 67.946 81.193 87.745 80.928 69.763 66.262 63.637 68.16
22.280075 76.067 81.283 104.518 115.084 103.255 95.267 78.335 113.041 100.969 93.218 84.861 79.875 114.355 99.2 90.352 84.832 80.367 74.801 75.006 74.985 74.569 72.824 86.07 92.622 85.805 74.64 71.14 68.514 73.038
22.953921 81.244 86.459 109.694 120.26 108.432 100.444 83.512 118.217 106.146 98.395 90.038 85.051 119.531 104.377 95.529 90.009 85.544 79.978 80.183 80.161 79.746 78.0 91.247 97.799 90.982 79.817 76.317 73.691 78.214
23.648147 86.738 91.954 115.189 125.755 113.926 105.938 89.007 123.712 111.641 103.889 95.533 90.546 125.026 109.871 101.024 95.504 91.038 85.473 85.678 85.656 85.241 83.495 96.742 103.293 96.477 85.312 81.811 79.185 83.709
24.363369 92.57 97.786 121.021 131.587 119.758 111.77 94.839 129.544 117.473 109.721 101.365 96.378 130.858 115.703 106.856 101.336 96.87 91.305 91.51 91.488 91.073 89.327 102.574 109.125 102.309 91.144 87.643 85.017 89.541
25.100222 98.761 103.976 127.211 137.777 125.949 117.96 101.029 135.734 123.663 115.912 107.555 102.568 137.048 121.894 113.046 107.526 103.06 97.495 97.7 97.678 97.263 95.517 108.764 115.315 108.499 97.334 93.833 91.207 95.731
25.859362 105.331 110.546 133.781 144.347 132.519 124.53 107.599 142.304 130.233 122.482 114.125 109.138 143.618 128.464 119.616 114.096 109.631 104.065 104.27 104.248 103.833 102.087 115.334 121.886 115.069 103.904 100.403 97.778 102.301
26.64146 112.304 117.52 140.755 151.321 139.492 131.504 114.573 149.278 137.207 129.455 121.099 116.112 150.592 135.437 126.59 121.07 116.604 111.039 111.244 111.222 110.807 109.061 122.308 128.859 122.043 110.878 107.377 104.751 109.275
27.447213 119.706 124.922 148.157 158.723 146.894 138.906 121.975 156.68 144.609 136.857 128.501 123.514 157.994 142.839 133.991 128.472 124.006 118.441 118.645 118.624 118.209 116.463 129.71 136.261 129.444 118.28 114.779 112.153 116.677
28.277335 127.563 132.778 156.013 166.579 154.751 146.762 129.831 164.536 152.465 144.714 136.357 131.37 165.85 150.696 141.848 136.328 131.862 126.297 126.502 126.48 126.065 124.319 137.566 144.118 137.301 126.136 122.635 120.009 124.533
29.132564 135.901 141.117 164.352 174.918 163.089 155.101 138.17 172.875 160.804 153.052 144.696 139.709 174.189 159.034 150.187 144.667 140.201 134.636 134.841 134.819 134.404 132.658 145.905 152.456 145.64 134.475 130.974 128.348 132.872
30.013659 144.752 149.968 173.203 183.769 171.94 163.952 147.021 181.726 169.654 161.903 153.547 148.56 183.04 167.885 159.037 153.518 149.052 143.487 143.691 143.67 143.255 141.509 154.756 161.307 154.49 143.326 139.825 137.199 141.723
30.921401 154.146 159.362 182.597 193.163 181.334 173.346 156.415 191.12 179.049 171.297 162.941 157.954 192.434 177.279 168.432 162.912 158.446 152.881 153.086 153.064 152.649 150.903 164.15 170.701 163.885 152.72 149.219 146.593 151.117
31.856598 164.117 169.333 192.568 203.134 191.306 183.317 166.386 201.091 189.02 181.268 172.912 167.925 202.405 187.251 178.403 172.883 168.417 162.852 163.057 163.035 162.62 160.874 174.121 180.672 173.856 162.691 159.19 156.564 161.088
32.820079 174.701 179.916 203.151 213.717 201.889 193.901 176.969 211.674 199.603 191.852 183.495 178.508 212.988 197.834 188.986 183.466 179.001 173.435 173.64 173.618 173.203 171.457 184.704 191.256 184.439 173.274 169.774 167.148 171.671
33.8127 185.934 191.15 214.385 224.951 213.122 205.134 188.202 222.908 210.836 203.085 194.728 189.742 224.222 209.067 200.219 194.699 190.234 184.668 184.873 184.852 184.436 182.691 195.937 202.489 195.672 184.507 181.007 178.381 182.905
34.835342 197.857 203.073 226.308 236.874 225.045 217.057 200.125 234.83 222.759 215.008 206.651 201.665 236.144 220.99 212.142 206.622 202.157 196.591 196.796 196.775 196.359 194.613 207.86 214.412 207.595 196.43 192.93 190.304 194.828
35.888913 210.512 215.728 238.963 249.529 237.7 229.712 212.78 247.486 235.414 227.663 219.306 214.32 248.8 233.645 224.797 219.277 214.812 209.246 209.451 209.43 209.014 207.269 220.515 227.067 220.25 209.085 205.585 202.959 207.483
36.974349 223.944 229.16 252.395 262.961 251.132 243.144 226.213 260.918 248.846 241.095 232.739 227.752 262.232 247.077 238.229 232.71 228.244 222.679 222.883 222.862 222.447 220.701 233.948 240.499 233.682 222.518 219.017 216.391 220.915
38.092613 238.201 243.417 266.652 277.218 265.389 257.401 240.47 275.175 263.103 255.352 246.996 242.009 276.489 261.334 252.486 246.967 242.501 236.936 237.14 237.119 236.703 234.958 248.205 254.756 247.939 236.774 233.274 230.648 235.172
