web/models/kne.last_good/kappa_0.5_3.0.v1/14/villar_0.0028_0.3277_0.5000.dat
# %ECSV 1.0
# ---
# datatype:
# - {name: time, datatype: float64}
# - {name: swift_uvot_uvw2, datatype: float64}
# - {name: swift_uvot_uvm2, datatype: float64}
# - {name: swift_uvot_uvw1, datatype: float64}
# - {name: swift_uvot_U, datatype: float64}
# - {name: swift_uvot_B, datatype: float64}
# - {name: swift_uvot_V, datatype: float64}
# - {name: swift_uvot_W, datatype: float64}
# - {name: johnson_U, datatype: float64}
# - {name: johnson_B, datatype: float64}
# - {name: johnson_V, datatype: float64}
# - {name: johnson_R, datatype: float64}
# - {name: johnson_I, datatype: float64}
# - {name: sdss_u, datatype: float64}
# - {name: sdss_g, datatype: float64}
# - {name: sdss_r, datatype: float64}
# - {name: sdss_i, datatype: float64}
# - {name: sdss_z, datatype: float64}
# - {name: PS1_g, datatype: float64}
# - {name: PS1_r, datatype: float64}
# - {name: PS1_i, datatype: float64}
# - {name: PS1_z, datatype: float64}
# - {name: PS1_Y, datatype: float64}
# - {name: PS1_w, datatype: float64}
# - {name: ATLAS_c, datatype: float64}
# - {name: ATLAS_o, datatype: float64}
# - {name: ukirt_J, datatype: float64}
# - {name: ukirt_H, datatype: float64}
# - {name: ukirt_K, datatype: float64}
# - {name: Clear, datatype: float64}
# meta: !!omap
# - comment: [kappa = 0.5, type = villar, mass = 0.0028172691138521437, velocity = 0.32766666666666666, theta_obs = 0.0]
# schema: astropy-2.0
time swift_uvot_uvw2 swift_uvot_uvm2 swift_uvot_uvw1 swift_uvot_U swift_uvot_B swift_uvot_V swift_uvot_W johnson_U johnson_B johnson_V johnson_R johnson_I sdss_u sdss_g sdss_r sdss_i sdss_z PS1_g PS1_r PS1_i PS1_z PS1_Y PS1_w ATLAS_c ATLAS_o ukirt_J ukirt_H ukirt_K Clear
[from data line 146]
0.077495 -10.9 -11.232 -11.6 -12.183 -12.353 -12.365 -11.836 -12.222 -12.351 -12.361 -12.244 -12.033 -12.217 -12.367 -12.313 -12.177 -12.001 -12.381 -12.321 -12.185 -12.055 -11.985 -12.289 -12.355 -12.255 -11.557 -11.136 -10.608 -12.288
0.079839 -10.891 -11.226 -11.604 -12.201 -12.379 -12.398 -11.851 -12.241 -12.378 -12.394 -12.282 -12.074 -12.235 -12.396 -12.349 -12.217 -12.043 -12.411 -12.357 -12.224 -12.096 -12.027 -12.324 -12.387 -12.292 -11.603 -11.183 -10.657 -12.322
0.082253 -10.88 -11.22 -11.606 -12.218 -12.405 -12.43 -11.866 -12.259 -12.403 -12.426 -12.319 -12.115 -12.254 -12.424 -12.384 -12.256 -12.084 -12.439 -12.392 -12.263 -12.137 -12.069 -12.358 -12.418 -12.329 -11.649 -11.231 -10.706 -12.355
0.084741 -10.868 -11.212 -11.608 -12.234 -12.43 -12.462 -11.88 -12.277 -12.429 -12.458 -12.356 -12.156 -12.271 -12.451 -12.419 -12.294 -12.126 -12.468 -12.427 -12.302 -12.178 -12.111 -12.392 -12.449 -12.366 -11.694 -11.278 -10.755 -12.388
0.087304 -10.855 -11.203 -11.609 -12.249 -12.454 -12.493 -11.894 -12.294 -12.453 -12.489 -12.392 -12.197 -12.288 -12.478 -12.454 -12.333 -12.167 -12.496 -12.461 -12.34 -12.218 -12.152 -12.425 -12.479 -12.402 -11.739 -11.325 -10.804 -12.42
0.089944 -10.841 -11.192 -11.609 -12.264 -12.478 -12.524 -11.907 -12.31 -12.477 -12.52 -12.428 -12.237 -12.304 -12.505 -12.488 -12.371 -12.208 -12.523 -12.495 -12.378 -12.259 -12.193 -12.458 -12.509 -12.438 -11.784 -11.372 -10.852 -12.452
0.092665 -10.826 -11.181 -11.607 -12.278 -12.501 -12.554 -11.92 -12.326 -12.501 -12.551 -12.464 -12.277 -12.319 -12.53 -12.521 -12.408 -12.248 -12.55 -12.529 -12.416 -12.299 -12.234 -12.491 -12.538 -12.473 -11.828 -11.419 -10.901 -12.484
0.095467 -10.809 -11.168 -11.605 -12.291 -12.524 -12.584 -11.932 -12.341 -12.523 -12.581 -12.499 -12.317 -12.333 -12.556 -12.554 -12.445 -12.288 -12.576 -12.562 -12.453 -12.338 -12.275 -12.523 -12.567 -12.508 -11.873 -11.466 -10.949 -12.515
0.098355 -10.791 -11.154 -11.602 -12.303 -12.546 -12.614 -11.943 -12.354 -12.545 -12.61 -12.534 -12.356 -12.346 -12.58 -12.587 -12.482 -12.328 -12.602 -12.595 -12.49 -12.377 -12.315 -12.555 -12.595 -12.542 -11.917 -11.512 -10.997 -12.546
0.101329 -10.773 -11.138 -11.597 -12.314 -12.567 -12.642 -11.953 -12.367 -12.566 -12.639 -12.568 -12.395 -12.359 -12.604 -12.619 -12.519 -12.368 -12.627 -12.627 -12.526 -12.416 -12.355 -12.586 -12.622 -12.576 -11.961 -11.558 -11.046 -12.576
0.104394 -10.752 -11.122 -11.592 -12.324 -12.587 -12.67 -11.963 -12.379 -12.587 -12.668 -12.602 -12.433 -12.37 -12.627 -12.651 -12.555 -12.407 -12.651 -12.658 -12.562 -12.455 -12.395 -12.616 -12.649 -12.61 -12.004 -11.604 -11.093 -12.605
0.107551 -10.731 -11.103 -11.585 -12.334 -12.607 -12.698 -11.972 -12.39 -12.607 -12.695 -12.635 -12.471 -12.381 -12.65 -12.682 -12.59 -12.446 -12.675 -12.689 -12.598 -12.493 -12.434 -12.647 -12.676 -12.643 -12.047 -11.65 -11.141 -12.634
0.110804 -10.708 -11.083 -11.577 -12.342 -12.626 -12.725 -11.98 -12.401 -12.626 -12.722 -12.668 -12.509 -12.391 -12.672 -12.712 -12.625 -12.484 -12.698 -12.72 -12.633 -12.531 -12.473 -12.676 -12.701 -12.675 -12.091 -11.695 -11.189 -12.663
0.114155 -10.683 -11.062 -11.567 -12.349 -12.644 -12.751 -11.988 -12.41 -12.644 -12.749 -12.701 -12.546 -12.399 -12.693 -12.742 -12.66 -12.522 -12.72 -12.75 -12.668 -12.568 -12.512 -12.705 -12.726 -12.707 -12.133 -11.741 -11.236 -12.691
0.117608 -10.657 -11.038 -11.557 -12.355 -12.661 -12.776 -11.994 -12.418 -12.661 -12.774 -12.732 -12.583 -12.407 -12.713 -12.772 -12.694 -12.56 -12.741 -12.779 -12.702 -12.605 -12.55 -12.733 -12.751 -12.739 -12.176 -11.786 -11.283 -12.718
0.121165 -10.63 -11.013 -11.544 -12.36 -12.677 -12.801 -12.0 -12.425 -12.677 -12.799 -12.764 -12.62 -12.413 -12.732 -12.8 -12.728 -12.597 -12.762 -12.808 -12.736 -12.641 -12.588 -12.761 -12.774 -12.769 -12.218 -11.83 -11.33 -12.745
0.124829 -10.6 -10.987 -11.531 -12.364 -12.692 -12.825 -12.005 -12.43 -12.693 -12.824 -12.794 -12.656 -12.418 -12.751 -12.828 -12.761 -12.633 -12.782 -12.836 -12.769 -12.677 -12.626 -12.788 -12.797 -12.8 -12.26 -11.875 -11.376 -12.771
0.128605 -10.57 -10.958 -11.515 -12.366 -12.707 -12.848 -12.009 -12.435 -12.707 -12.847 -12.824 -12.691 -12.422 -12.768 -12.856 -12.793 -12.67 -12.8 -12.863 -12.801 -12.713 -12.663 -12.815 -12.819 -12.829 -12.301 -11.919 -11.423 -12.796
0.132494 -10.537 -10.927 -11.498 -12.367 -12.72 -12.871 -12.012 -12.438 -12.721 -12.87 -12.853 -12.726 -12.425 -12.785 -12.882 -12.825 -12.705 -12.818 -12.89 -12.833 -12.748 -12.699 -12.84 -12.84 -12.858 -12.342 -11.963 -11.469 -12.821
0.136502 -10.503 -10.894 -11.48 -12.367 -12.732 -12.892 -12.013 -12.44 -12.733 -12.891 -12.882 -12.76 -12.426 -12.8 -12.908 -12.857 -12.74 -12.835 -12.916 -12.864 -12.782 -12.735 -12.865 -12.86 -12.886 -12.383 -12.006 -11.515 -12.845
0.14063 -10.466 -10.86 -11.46 -12.365 -12.743 -12.913 -12.014 -12.441 -12.744 -12.912 -12.91 -12.794 -12.426 -12.815 -12.933 -12.887 -12.775 -12.851 -12.941 -12.895 -12.816 -12.771 -12.889 -12.879 -12.914 -12.423 -12.049 -11.56 -12.868
0.144883 -10.428 -10.822 -11.437 -12.362 -12.752 -12.932 -12.014 -12.44 -12.754 -12.932 -12.937 -12.827 -12.425 -12.828 -12.957 -12.917 -12.809 -12.866 -12.965 -12.925 -12.849 -12.806 -12.913 -12.898 -12.94 -12.462 -12.092 -11.606 -12.89
0.149265 -10.388 -10.783 -11.413 -12.357 -12.761 -12.951 -12.012 -12.437 -12.763 -12.951 -12.964 -12.86 -12.421 -12.84 -12.981 -12.946 -12.842 -12.88 -12.989 -12.954 -12.882 -12.84 -12.935 -12.915 -12.966 -12.502 -12.135 -11.651 -12.911
0.15378 -10.346 -10.741 -11.387 -12.351 -12.768 -12.969 -12.009 -12.433 -12.77 -12.969 -12.989 -12.892 -12.417 -12.851 -13.003 -12.975 -12.875 -12.892 -13.011 -12.983 -12.914 -12.874 -12.956 -12.931 -12.991 -12.541 -12.177 -11.695 -12.932
0.15843 -10.301 -10.696 -11.359 -12.342 -12.774 -12.985 -12.005 -12.427 -12.776 -12.986 -13.014 -12.923 -12.41 -12.861 -13.024 -13.002 -12.907 -12.904 -13.033 -13.01 -12.945 -12.907 -12.977 -12.946 -13.016 -12.579 -12.218 -11.74 -12.951
0.163222 -10.255 -10.649 -11.328 -12.332 -12.778 -13.0 -12.0 -12.42 -12.78 -13.001 -13.037 -12.954 -12.402 -12.869 -13.045 -13.029 -12.939 -12.914 -13.053 -13.037 -12.976 -12.94 -12.997 -12.96 -13.039 -12.617 -12.26 -11.784 -12.97
0.168159 -10.206 -10.598 -11.296 -12.32 -12.781 -13.014 -11.993 -12.41 -12.783 -13.015 -13.06 -12.983 -12.392 -12.876 -13.064 -13.055 -12.969 -12.922 -13.072 -13.063 -13.005 -12.972 -13.015 -12.973 -13.061 -12.654 -12.3 -11.827 -12.987
0.173245 -10.154 -10.545 -11.26 -12.306 -12.782 -13.027 -11.985 -12.399 -12.785 -13.029 -13.082 -13.012 -12.379 -12.882 -13.082 -13.08 -12.999 -12.93 -13.091 -13.088 -13.034 -13.003 -13.032 -12.984 -13.082 -12.691 -12.341 -11.87 -13.004
0.178484 -10.1 -10.488 -11.223 -12.29 -12.781 -13.038 -11.975 -12.385 -12.784 -13.04 -13.102 -13.04 -12.365 -12.886 -13.099 -13.104 -13.028 -12.935 -13.108 -13.112 -13.062 -13.033 -13.049 -12.994 -13.102 -12.727 -12.38 -11.913 -13.019
0.183882 -10.043 -10.428 -11.182 -12.271 -12.779 -13.048 -11.963 -12.37 -12.782 -13.05 -13.122 -13.067 -12.349 -12.888 -13.115 -13.126 -13.056 -12.939 -13.124 -13.135 -13.09 -13.063 -13.063 -13.002 -13.121 -12.762 -12.42 -11.955 -13.033
0.189444 -9.984 -10.365 -11.139 -12.25 -12.775 -13.057 -11.949 -12.352 -12.778 -13.059 -13.14 -13.093 -12.33 -12.888 -13.129 -13.148 -13.083 -12.942 -13.138 -13.157 -13.116 -13.092 -13.077 -13.009 -13.139 -12.797 -12.458 -11.997 -13.045
0.195173 -9.922 -10.297 -11.092 -12.227 -12.768 -13.063 -11.934 -12.331 -12.772 -13.066 -13.157 -13.118 -12.308 -12.887 -13.142 -13.169 -13.109 -12.942 -13.151 -13.178 -13.141 -13.119 -13.089 -13.015 -13.155 -12.831 -12.496 -12.039 -13.057
0.201076 -9.857 -10.226 -11.042 -12.201 -12.76 -13.068 -11.917 -12.308 -12.764 -13.072 -13.173 -13.142 -12.284 -12.883 -13.153 -13.188 -13.134 -12.941 -13.163 -13.197 -13.165 -13.146 -13.1 -13.018 -13.17 -12.864 -12.534 -12.08 -13.066
0.207158 -9.789 -10.151 -10.989 -12.172 -12.749 -13.071 -11.898 -12.282 -12.753 -13.075 -13.187 -13.165 -12.257 -12.878 -13.163 -13.206 -13.158 -12.938 -13.172 -13.216 -13.188 -13.172 -13.109 -13.02 -13.184 -12.896 -12.571 -12.12 -13.075
0.213423 -9.717 -10.071 -10.933 -12.14 -12.735 -13.073 -11.876 -12.253 -12.74 -13.077 -13.2 -13.187 -12.227 -12.87 -13.171 -13.223 -13.181 -12.932 -13.181 -13.232 -13.21 -13.197 -13.117 -13.02 -13.196 -12.928 -12.607 -12.16 -13.081
0.219878 -9.643 -9.986 -10.872 -12.104 -12.72 -13.072 -11.852 -12.222 -12.725 -13.077 -13.211 -13.207 -12.194 -12.86 -13.178 -13.238 -13.203 -12.925 -13.187 -13.248 -13.23 -13.22 -13.123 -13.017 -13.206 -12.958 -12.642 -12.199 -13.086
0.226528 -9.566 -9.896 -10.808 -12.066 -12.701 -13.069 -11.826 -12.186 -12.707 -13.074 -13.22 -13.226 -12.158 -12.847 -13.182 -13.251 -13.223 -12.915 -13.192 -13.261 -13.249 -13.243 -13.126 -13.013 -13.215 -12.988 -12.677 -12.237 -13.089
0.233379 -9.485 -9.801 -10.74 -12.023 -12.68 -13.063 -11.797 -12.148 -12.686 -13.069 -13.227 -13.244 -12.118 -12.832 -13.184 -13.263 -13.242 -12.902 -13.194 -13.274 -13.267 -13.264 -13.128 -13.006 -13.221 -13.016 -12.71 -12.275 -13.09
0.240437 -9.4 -9.7 -10.667 -11.977 -12.655 -13.056 -11.765 -12.105 -12.662 -13.062 -13.233 -13.26 -12.074 -12.814 -13.184 -13.273 -13.259 -12.886 -13.195 -13.284 -13.283 -13.283 -13.128 -12.997 -13.226 -13.044 -12.743 -12.312 -13.09
0.247709 -9.313 -9.593 -10.589 -11.927 -12.627 -13.045 -11.731 -12.059 -12.635 -13.052 -13.236 -13.274 -12.027 -12.793 -13.182 -13.281 -13.274 -12.868 -13.193 -13.292 -13.298 -13.302 -13.126 -12.985 -13.229 -13.07 -12.775 -12.348 -13.087
0.255201 -9.221 -9.48 -10.506 -11.872 -12.596 -13.032 -11.693 -12.008 -12.604 -13.039 -13.238 -13.286 -11.975 -12.768 -13.177 -13.287 -13.288 -12.847 -13.188 -13.299 -13.31 -13.318 -13.121 -12.97 -13.229 -13.095 -12.806 -12.384 -13.081
0.262919 -9.127 -9.36 -10.418 -11.812 -12.561 -13.015 -11.652 -11.953 -12.569 -13.024 -13.237 -13.297 -11.918 -12.74 -13.17 -13.291 -13.3 -12.822 -13.181 -13.303 -13.321 -13.333 -13.114 -12.952 -13.227 -13.118 -12.835 -12.418 -13.073
0.270871 -9.029 -9.232 -10.324 -11.748 -12.522 -12.996 -11.608 -11.893 -12.531 -13.005 -13.233 -13.306 -11.856 -12.709 -13.16 -13.293 -13.311 -12.794 -13.172 -13.305 -13.33 -13.346 -13.104 -12.931 -13.222 -13.141 -12.864 -12.452 -13.063
0.279064 -8.928 -9.097 -10.225 -11.678 -12.478 -12.973 -11.56 -11.828 -12.488 -12.983 -13.227 -13.312 -11.79 -12.673 -13.147 -13.292 -13.319 -12.762 -13.159 -13.304 -13.337 -13.358 -13.091 -12.906 -13.215 -13.161 -12.891 -12.485 -13.05
0.287504 -8.824 -8.954 -10.118 -11.603 -12.43 -12.946 -11.507 -11.758 -12.441 -12.957 -13.217 -13.316 -11.717 -12.634 -13.13 -13.288 -13.324 -12.726 -13.143 -13.301 -13.341 -13.367 -13.076 -12.878 -13.205 -13.18 -12.917 -12.516 -13.034
0.296199 -8.716 -8.801 -10.005 -11.521 -12.378 -12.915 -11.451 -11.681 -12.389 -12.927 -13.205 -13.318 -11.639 -12.59 -13.111 -13.282 -13.328 -12.686 -13.124 -13.295 -13.343 -13.374 -13.057 -12.846 -13.191 -13.198 -12.942 -12.547 -13.015
0.305157 -8.607 -8.639 -9.885 -11.433 -12.319 -12.88 -11.39 -11.598 -12.331 -12.893 -13.189 -13.317 -11.554 -12.54 -13.087 -13.273 -13.329 -12.641 -13.101 -13.286 -13.342 -13.378 -13.034 -12.81 -13.175 -13.213 -12.965 -12.576 -12.992
0.314387 -8.495 -8.467 -9.757 -11.338 -12.256 -12.841 -11.325 -11.508 -12.269 -12.854 -13.17 -13.313 -11.462 -12.486 -13.059 -13.26 -13.327 -12.591 -13.074 -13.274 -13.339 -13.38 -13.008 -12.769 -13.154 -13.226 -12.987 -12.604 -12.966
0.323895 -8.381 -8.284 -9.621 -11.235 -12.186 -12.796 -11.254 -11.411 -12.2 -12.811 -13.147 -13.306 -11.363 -12.426 -13.027 -13.243 -13.322 -12.536 -13.042 -13.258 -13.332 -13.38 -12.977 -12.724 -13.13 -13.238 -13.007 -12.631 -12.936
0.333691 -8.266 -8.089 -9.477 -11.124 -12.109 -12.747 -11.178 -11.306 -12.124 -12.762 -13.12 -13.296 -11.255 -12.361 -12.991 -13.223 -13.314 -12.475 -13.006 -13.238 -13.322 -13.376 -12.942 -12.673 -13.102 -13.247 -13.025 -12.656 -12.902
0.343783 -8.15 -7.881 -9.322 -11.004 -12.026 -12.691 -11.095 -11.193 -12.042 -12.708 -13.088 -13.283 -11.139 -12.288 -12.949 -13.199 -13.302 -12.408 -12.966 -13.214 -13.309 -13.369 -12.903 -12.616 -13.069 -13.253 -13.041 -12.68 -12.863
0.354181 -8.034 -7.66 -9.158 -10.874 -11.934 -12.629 -11.007 -11.07 -11.952 -12.648 -13.052 -13.265 -11.014 -12.209 -12.902 -13.17 -13.287 -12.335 -12.919 -13.186 -13.292 -13.359 -12.859 -12.554 -13.031 -13.257 -13.055 -12.702 -12.82
0.364893 -7.919 -7.425 -8.984 -10.735 -11.835 -12.561 -10.912 -10.938 -11.854 -12.581 -13.01 -13.244 -10.878 -12.122 -12.849 -13.136 -13.267 -12.254 -12.868 -13.153 -13.27 -13.345 -12.809 -12.485 -12.988 -13.258 -13.066 -12.722 -12.772
0.375929 -7.805 -7.174 -8.798 -10.584 -11.727 -12.485 -10.809 -10.794 -11.747 -12.507 -12.963 -13.218 -10.732 -12.027 -12.79 -13.098 -13.244 -12.166 -12.809 -13.115 -13.245 -13.327 -12.753 -12.409 -12.939 -13.255 -13.075 -12.74 -12.718
0.387298 -7.693 -6.906 -8.6 -10.421 -11.609 -12.402 -10.699 -10.64 -11.631 -12.425 -12.91 -13.187 -10.573 -11.923 -12.724 -13.053 -13.215 -12.069 -12.745 -13.072 -13.214 -13.305 -12.691 -12.325 -12.884 -13.25 -13.082 -12.756 -12.659
0.399012 -7.584 -6.62 -8.389 -10.245 -11.48 -12.31 -10.58 -10.472 -11.504 -12.335 -12.85 -13.15 -10.402 -11.809 -12.651 -13.003 -13.182 -11.964 -12.672 -13.022 -13.178 -13.279 -12.623 -12.233 -12.822 -13.24 -13.086 -12.77 -12.593
0.41108 -7.478 -6.315 -8.165 -10.055 -11.34 -12.209 -10.453 -10.291 -11.366 -12.235 -12.783 -13.109 -10.217 -11.685 -12.569 -12.945 -13.143 -11.849 -12.592 -12.966 -13.136 -13.247 -12.547 -12.132 -12.754 -13.227 -13.086 -12.782 -12.521
0.423513 -7.375 -5.99 -7.926 -9.85 -11.188 -12.097 -10.315 -10.095 -11.216 -12.126 -12.709 -13.061 -10.016 -11.55 -12.479 -12.881 -13.097 -11.723 -12.504 -12.902 -13.088 -13.209 -12.463 -12.021 -12.677 -13.209 -13.083 -12.791 -12.441
0.436321 -7.276 -5.643 -7.672 -9.627 -11.022 -11.975 -10.167 -9.883 -11.053 -12.006 -12.626 -13.006 -9.799 -11.402 -12.379 -12.808 -13.046 -11.586 -12.406 -12.831 -13.033 -13.166 -12.37 -11.9 -12.592 -13.187 -13.077 -12.797 -12.354
0.449518 -7.18 -5.273 -7.401 -9.387 -10.842 -11.84 -10.008 -9.653 -10.875 -11.875 -12.533 -12.944 -9.564 -11.241 -12.268 -12.727 -12.987 -11.437 -12.297 -12.751 -12.971 -13.116 -12.268 -11.767 -12.497 -13.159 -13.066 -12.8 -12.259
0.463113 -7.088 -4.881 -7.113 -9.127 -10.645 -11.693 -9.836 -9.404 -10.682 -11.73 -12.431 -12.874 -9.31 -11.066 -12.146 -12.637 -12.92 -11.275 -12.178 -12.662 -12.901 -13.059 -12.156 -11.622 -12.392 -13.126 -13.051 -12.799 -12.155
0.47712 -6.997 -4.466 -6.806 -8.844 -10.431 -11.531 -9.652 -9.133 -10.471 -11.571 -12.318 -12.795 -9.033 -10.874 -12.012 -12.536 -12.844 -11.099 -12.046 -12.563 -12.822 -12.994 -12.032 -11.463 -12.276 -13.087 -13.032 -12.795 -12.041
0.49155 -6.908 -4.03 -6.48 -8.538 -10.198 -11.353 -9.452 -8.84 -10.242 -11.397 -12.193 -12.706 -8.733 -10.664 -11.863 -12.423 -12.759 -10.907 -11.901 -12.452 -12.733 -12.92 -11.897 -11.289 -12.148 -13.041 -13.007 -12.787 -11.917
0.506416 -6.818 -3.577 -6.132 -8.205 -9.943 -11.158 -9.238 -8.521 -9.992 -11.206 -12.054 -12.607 -8.407 -10.435 -11.7 -12.298 -12.663 -10.699 -11.741 -12.329 -12.633 -12.837 -11.748 -11.098 -12.007 -12.987 -12.977 -12.775 -11.781
0.521733 -6.728 -3.114 -5.762 -7.844 -9.665 -10.944 -9.006 -8.174 -9.719 -10.997 -11.901 -12.496 -8.053 -10.185 -11.52 -12.16 -12.556 -10.474 -11.566 -12.193 -12.522 -12.744 -11.584 -10.889 -11.85 -12.926 -12.94 -12.758 -11.634
0.537512 -6.636 -2.655 -5.368 -7.451 -9.362 -10.709 -8.756 -7.797 -9.421 -10.766 -11.732 -12.372 -7.666 -9.912 -11.321 -12.006 -12.436 -10.229 -11.372 -12.041 -12.398 -12.639 -11.405 -10.661 -11.678 -12.855 -12.897 -12.736 -11.475
0.553769 -6.54 -2.217 -4.949 -7.022 -9.03 -10.45 -8.486 -7.385 -9.095 -10.513 -11.546 -12.234 -7.245 -9.612 -11.102 -11.835 -12.302 -9.966 -11.16 -11.873 -12.259 -12.522 -11.207 -10.411 -11.488 -12.774 -12.845 -12.708 -11.301
