web/models/kne.last_good/kappa_0.5_3.0.v1/14/villar_0.0015_0.1083_0.5000.dat
# %ECSV 1.0
# ---
# datatype:
# - {name: time, datatype: float64}
# - {name: swift_uvot_uvw2, datatype: float64}
# - {name: swift_uvot_uvm2, datatype: float64}
# - {name: swift_uvot_uvw1, datatype: float64}
# - {name: swift_uvot_U, datatype: float64}
# - {name: swift_uvot_B, datatype: float64}
# - {name: swift_uvot_V, datatype: float64}
# - {name: swift_uvot_W, datatype: float64}
# - {name: johnson_U, datatype: float64}
# - {name: johnson_B, datatype: float64}
# - {name: johnson_V, datatype: float64}
# - {name: johnson_R, datatype: float64}
# - {name: johnson_I, datatype: float64}
# - {name: sdss_u, datatype: float64}
# - {name: sdss_g, datatype: float64}
# - {name: sdss_r, datatype: float64}
# - {name: sdss_i, datatype: float64}
# - {name: sdss_z, datatype: float64}
# - {name: PS1_g, datatype: float64}
# - {name: PS1_r, datatype: float64}
# - {name: PS1_i, datatype: float64}
# - {name: PS1_z, datatype: float64}
# - {name: PS1_Y, datatype: float64}
# - {name: PS1_w, datatype: float64}
# - {name: ATLAS_c, datatype: float64}
# - {name: ATLAS_o, datatype: float64}
# - {name: ukirt_J, datatype: float64}
# - {name: ukirt_H, datatype: float64}
# - {name: ukirt_K, datatype: float64}
# - {name: Clear, datatype: float64}
# meta: !!omap
# - comment: [kappa = 0.5, type = villar, mass = 0.001513321957917195, velocity = 0.10833333333333334, theta_obs = 0.0]
# schema: astropy-2.0
time swift_uvot_uvw2 swift_uvot_uvm2 swift_uvot_uvw1 swift_uvot_U swift_uvot_B swift_uvot_V swift_uvot_W johnson_U johnson_B johnson_V johnson_R johnson_I sdss_u sdss_g sdss_r sdss_i sdss_z PS1_g PS1_r PS1_i PS1_z PS1_Y PS1_w ATLAS_c ATLAS_o ukirt_J ukirt_H ukirt_K Clear
0.001 nan nan nan nan nan nan nan nan nan nan nan nan nan nan nan nan nan nan nan nan nan nan nan nan nan nan nan nan nan
0.00103 -3.279 -3.251 -3.205 -3.016 -2.768 -2.467 -3.066 -2.981 -2.764 -2.457 -2.123 -1.722 -2.989 -2.673 -2.276 -1.965 -1.662 -2.656 -2.301 -1.995 -1.783 -1.737 -2.318 -2.519 -2.148 -1.04 -0.521 0.086 -2.377
0.001061 -3.89 -3.798 -3.715 -3.436 -3.146 -2.813 -3.566 -3.395 -3.142 -2.803 -2.447 -2.025 -3.403 -3.04 -2.608 -2.279 -1.963 -3.025 -2.641 -2.32 -2.108 -2.089 -2.659 -2.872 -2.473 -1.321 -0.792 -0.176 -2.726
0.001094 -4.232 -4.106 -4.006 -3.684 -3.374 -3.026 -3.854 -3.639 -3.37 -3.015 -2.649 -2.218 -3.648 -3.263 -2.814 -2.476 -2.154 -3.25 -2.852 -2.525 -2.314 -2.316 -2.869 -3.088 -2.675 -1.503 -0.969 -0.349 -2.94
0.001127 -4.474 -4.326 -4.215 -3.867 -3.544 -3.187 -4.061 -3.82 -3.54 -3.176 -2.803 -2.366 -3.829 -3.43 -2.971 -2.628 -2.302 -3.419 -3.013 -2.682 -2.473 -2.49 -3.028 -3.251 -2.83 -1.645 -1.108 -0.485 -3.102
0.001161 -4.664 -4.499 -4.382 -4.015 -3.684 -3.32 -4.227 -3.966 -3.68 -3.31 -2.932 -2.491 -3.976 -3.568 -3.102 -2.755 -2.426 -3.558 -3.147 -2.814 -2.607 -2.635 -3.161 -3.386 -2.96 -1.766 -1.227 -0.602 -3.236
0.001196 -4.822 -4.645 -4.523 -4.143 -3.805 -3.437 -4.367 -4.093 -3.801 -3.426 -3.046 -2.602 -4.103 -3.688 -3.216 -2.867 -2.536 -3.68 -3.265 -2.93 -2.724 -2.762 -3.277 -3.504 -3.073 -1.873 -1.332 -0.706 -3.353
0.001232 -4.959 -4.773 -4.646 -4.256 -3.914 -3.542 -4.491 -4.206 -3.91 -3.532 -3.148 -2.703 -4.215 -3.796 -3.32 -2.968 -2.637 -3.789 -3.371 -3.035 -2.831 -2.876 -3.382 -3.61 -3.176 -1.971 -1.429 -0.802 -3.459
0.001269 -5.082 -4.887 -4.758 -4.36 -4.014 -3.639 -4.602 -4.309 -4.01 -3.629 -3.244 -2.796 -4.318 -3.895 -3.416 -3.063 -2.73 -3.889 -3.468 -3.132 -2.929 -2.98 -3.478 -3.708 -3.272 -2.063 -1.52 -0.892 -3.557
0.001308 -5.193 -4.992 -4.86 -4.456 -4.107 -3.73 -4.704 -4.404 -4.103 -3.72 -3.333 -2.884 -4.414 -3.987 -3.506 -3.151 -2.818 -3.982 -3.56 -3.223 -3.021 -3.078 -3.569 -3.799 -3.361 -2.149 -1.605 -0.977 -3.648
0.001347 -5.295 -5.089 -4.955 -4.546 -4.195 -3.816 -4.8 -4.494 -4.191 -3.806 -3.418 -2.968 -4.504 -4.074 -3.591 -3.236 -2.901 -4.07 -3.647 -3.309 -3.108 -3.169 -3.655 -3.886 -3.446 -2.232 -1.687 -1.058 -3.734
0.001388 -5.391 -5.18 -5.045 -4.631 -4.279 -3.898 -4.889 -4.579 -4.275 -3.888 -3.499 -3.048 -4.589 -4.157 -3.673 -3.316 -2.981 -4.154 -3.729 -3.391 -3.191 -3.256 -3.737 -3.969 -3.527 -2.311 -1.766 -1.136 -3.816
0.00143 -5.481 -5.266 -5.13 -4.713 -4.359 -3.977 -4.974 -4.661 -4.355 -3.967 -3.577 -3.125 -4.67 -4.237 -3.751 -3.394 -3.059 -4.234 -3.809 -3.47 -3.271 -3.339 -3.816 -4.048 -3.605 -2.388 -1.842 -1.212 -3.896
0.001473 -5.566 -5.349 -5.211 -4.792 -4.436 -4.054 -5.056 -4.739 -4.432 -4.043 -3.653 -3.201 -4.749 -4.314 -3.827 -3.47 -3.134 -4.311 -3.885 -3.547 -3.348 -3.418 -3.892 -4.124 -3.681 -2.462 -1.916 -1.286 -3.972
0.001518 -5.647 -5.428 -5.289 -4.868 -4.511 -4.128 -5.134 -4.815 -4.507 -4.117 -3.727 -3.274 -4.825 -4.389 -3.901 -3.543 -3.207 -4.387 -3.96 -3.621 -3.423 -3.495 -3.966 -4.199 -3.755 -2.535 -1.989 -1.358 -4.046
0.001564 -5.725 -5.504 -5.365 -4.941 -4.584 -4.2 -5.209 -4.888 -4.58 -4.19 -3.798 -3.345 -4.898 -4.461 -3.973 -3.615 -3.278 -4.459 -4.032 -3.693 -3.495 -3.569 -4.038 -4.271 -3.827 -2.606 -2.06 -1.429 -4.119
0.001611 -5.8 -5.577 -5.438 -5.013 -4.655 -4.271 -5.282 -4.96 -4.651 -4.26 -3.869 -3.415 -4.97 -4.532 -4.043 -3.685 -3.348 -4.531 -4.103 -3.764 -3.566 -3.641 -4.108 -4.342 -3.897 -2.675 -2.129 -1.498 -4.189
0.00166 -5.872 -5.648 -5.509 -5.083 -4.724 -4.34 -5.353 -5.029 -4.721 -4.329 -3.937 -3.484 -5.039 -4.602 -4.112 -3.754 -3.417 -4.6 -4.172 -3.833 -3.636 -3.712 -4.178 -4.411 -3.966 -2.744 -2.197 -1.566 -4.258
0.00171 -5.942 -5.718 -5.578 -5.151 -4.792 -4.408 -5.422 -5.098 -4.789 -4.397 -4.005 -3.551 -5.108 -4.67 -4.18 -3.821 -3.484 -4.668 -4.24 -3.901 -3.704 -3.78 -4.245 -4.479 -4.034 -2.811 -2.265 -1.634 -4.326
0.001761 -6.011 -5.785 -5.645 -5.218 -4.859 -4.474 -5.489 -5.165 -4.855 -4.464 -4.072 -3.618 -5.175 -4.736 -4.247 -3.888 -3.55 -4.735 -4.307 -3.968 -3.77 -3.848 -4.312 -4.546 -4.1 -2.877 -2.331 -1.7 -4.393
0.001815 -6.077 -5.852 -5.711 -5.284 -4.925 -4.54 -5.555 -5.231 -4.921 -4.529 -4.137 -3.683 -5.241 -4.802 -4.312 -3.953 -3.616 -4.801 -4.373 -4.033 -3.836 -3.914 -4.378 -4.611 -4.166 -2.943 -2.396 -1.765 -4.459
0.00187 -6.142 -5.916 -5.776 -5.349 -4.99 -4.605 -5.62 -5.295 -4.986 -4.594 -4.202 -3.748 -5.305 -4.867 -4.377 -4.018 -3.681 -4.866 -4.437 -4.098 -3.901 -3.978 -4.442 -4.676 -4.23 -3.008 -2.461 -1.83 -4.523
0.001926 -6.205 -5.98 -5.84 -5.413 -5.054 -4.669 -5.684 -5.359 -5.05 -4.658 -4.266 -3.812 -5.369 -4.931 -4.441 -4.082 -3.745 -4.929 -4.501 -4.162 -3.965 -4.042 -4.506 -4.74 -4.294 -3.072 -2.525 -1.894 -4.587
0.001984 -6.267 -6.042 -5.902 -5.476 -5.117 -4.732 -5.746 -5.422 -5.113 -4.721 -4.329 -3.875 -5.432 -4.994 -4.504 -4.145 -3.808 -4.992 -4.564 -4.225 -4.028 -4.105 -4.57 -4.803 -4.358 -3.135 -2.589 -1.958 -4.65
0.002044 -6.328 -6.104 -5.964 -5.538 -5.179 -4.794 -5.808 -5.484 -5.175 -4.784 -4.392 -3.938 -5.494 -5.056 -4.567 -4.208 -3.871 -5.055 -4.627 -4.288 -4.09 -4.167 -4.632 -4.865 -4.42 -3.198 -2.652 -2.021 -4.713
0.002106 -6.388 -6.164 -6.024 -5.599 -5.241 -4.856 -5.869 -5.546 -5.237 -4.845 -4.454 -4.0 -5.556 -5.118 -4.629 -4.27 -3.933 -5.116 -4.688 -4.349 -4.152 -4.228 -4.694 -4.927 -4.482 -3.26 -2.714 -2.083 -4.775
0.00217 -6.446 -6.223 -6.084 -5.66 -5.301 -4.917 -5.928 -5.606 -5.298 -4.907 -4.515 -4.062 -5.616 -5.179 -4.69 -4.331 -3.995 -5.177 -4.75 -4.411 -4.213 -4.288 -4.755 -4.988 -4.544 -3.322 -2.776 -2.145 -4.836
0.002236 -6.504 -6.282 -6.143 -5.719 -5.362 -4.978 -5.987 -5.666 -5.358 -4.967 -4.576 -4.123 -5.676 -5.239 -4.751 -4.393 -4.056 -5.237 -4.81 -4.471 -4.273 -4.348 -4.816 -5.049 -4.605 -3.383 -2.837 -2.206 -4.897
0.002303 -6.561 -6.34 -6.202 -5.779 -5.422 -5.038 -6.046 -5.726 -5.418 -5.028 -4.637 -4.183 -5.736 -5.299 -4.811 -4.453 -4.116 -5.297 -4.87 -4.531 -4.333 -4.406 -4.876 -5.109 -4.665 -3.444 -2.898 -2.268 -4.957
0.002373 -6.617 -6.397 -6.259 -5.838 -5.481 -5.098 -6.103 -5.785 -5.477 -5.087 -4.697 -4.244 -5.795 -5.359 -4.871 -4.513 -4.177 -5.357 -4.93 -4.591 -4.393 -4.465 -4.936 -5.169 -4.725 -3.505 -2.959 -2.328 -5.016
0.002445 -6.672 -6.454 -6.316 -5.896 -5.54 -5.157 -6.16 -5.843 -5.536 -5.147 -4.756 -4.304 -5.853 -5.418 -4.931 -4.573 -4.237 -5.415 -4.989 -4.65 -4.452 -4.523 -4.995 -5.228 -4.785 -3.565 -3.019 -2.389 -5.076
0.002519 -6.726 -6.51 -6.373 -5.954 -5.598 -5.216 -6.217 -5.901 -5.594 -5.206 -4.815 -4.363 -5.911 -5.476 -4.99 -4.632 -4.296 -5.474 -5.048 -4.709 -4.51 -4.58 -5.054 -5.287 -4.844 -3.625 -3.079 -2.449 -5.134
0.002595 -6.78 -6.565 -6.429 -6.011 -5.656 -5.275 -6.273 -5.958 -5.652 -5.264 -4.874 -4.422 -5.968 -5.535 -5.048 -4.691 -4.355 -5.532 -5.106 -4.767 -4.568 -4.637 -5.113 -5.345 -4.903 -3.684 -3.139 -2.509 -5.193
0.002673 -6.833 -6.62 -6.484 -6.068 -5.714 -5.333 -6.328 -6.015 -5.71 -5.322 -4.933 -4.481 -6.025 -5.592 -5.107 -4.75 -4.414 -5.589 -5.164 -4.826 -4.626 -4.693 -5.171 -5.403 -4.961 -3.743 -3.198 -2.568 -5.251
0.002754 -6.886 -6.674 -6.539 -6.124 -5.771 -5.391 -6.383 -6.072 -5.767 -5.38 -4.991 -4.54 -6.082 -5.65 -5.165 -4.808 -4.473 -5.646 -5.221 -4.883 -4.683 -4.749 -5.229 -5.461 -5.019 -3.802 -3.257 -2.628 -5.309
0.002837 -6.938 -6.728 -6.593 -6.181 -5.828 -5.448 -6.438 -6.128 -5.824 -5.437 -5.049 -4.598 -6.138 -5.707 -5.223 -4.866 -4.531 -5.703 -5.279 -4.941 -4.741 -4.805 -5.286 -5.518 -5.077 -3.861 -3.316 -2.687 -5.366
0.002923 -6.989 -6.781 -6.647 -6.236 -5.885 -5.505 -6.491 -6.184 -5.881 -5.495 -5.106 -4.656 -6.194 -5.764 -5.28 -4.924 -4.589 -5.76 -5.336 -4.998 -4.797 -4.86 -5.344 -5.575 -5.135 -3.919 -3.375 -2.746 -5.423
0.003012 -7.04 -6.834 -6.701 -6.292 -5.941 -5.562 -6.545 -6.24 -5.937 -5.551 -5.164 -4.714 -6.249 -5.82 -5.337 -4.982 -4.647 -5.816 -5.392 -5.055 -4.854 -4.915 -5.401 -5.632 -5.192 -3.978 -3.433 -2.804 -5.48
0.003103 -7.091 -6.887 -6.754 -6.347 -5.997 -5.619 -6.598 -6.295 -5.993 -5.608 -5.221 -4.771 -6.305 -5.876 -5.394 -5.039 -4.705 -5.872 -5.449 -5.111 -4.91 -4.969 -5.457 -5.688 -5.249 -4.036 -3.492 -2.863 -5.536
0.003196 -7.141 -6.939 -6.807 -6.401 -6.052 -5.675 -6.651 -6.35 -6.048 -5.664 -5.278 -4.828 -6.359 -5.932 -5.451 -5.096 -4.762 -5.927 -5.505 -5.167 -4.966 -5.023 -5.514 -5.744 -5.306 -4.093 -3.55 -2.921 -5.593
0.003293 -7.19 -6.99 -6.859 -6.456 -6.108 -5.731 -6.703 -6.404 -6.104 -5.72 -5.334 -4.885 -6.414 -5.988 -5.507 -5.153 -4.819 -5.982 -5.561 -5.224 -5.022 -5.077 -5.57 -5.8 -5.362 -4.151 -3.607 -2.979 -5.649
0.003393 -7.239 -7.041 -6.911 -6.51 -6.163 -5.787 -6.755 -6.458 -6.159 -5.776 -5.391 -4.942 -6.468 -6.043 -5.563 -5.209 -4.876 -6.037 -5.616 -5.279 -5.077 -5.131 -5.626 -5.856 -5.419 -4.208 -3.665 -3.037 -5.704
0.003495 -7.288 -7.092 -6.963 -6.564 -6.218 -5.843 -6.807 -6.512 -6.214 -5.832 -5.447 -4.999 -6.522 -6.098 -5.619 -5.266 -4.933 -6.092 -5.672 -5.335 -5.132 -5.185 -5.682 -5.911 -5.475 -4.265 -3.722 -3.094 -5.76
0.003601 -7.336 -7.143 -7.014 -6.617 -6.272 -5.898 -6.858 -6.566 -6.268 -5.887 -5.503 -5.055 -6.576 -6.153 -5.675 -5.322 -4.989 -6.147 -5.727 -5.39 -5.187 -5.238 -5.737 -5.967 -5.531 -4.322 -3.78 -3.152 -5.815
0.00371 -7.384 -7.193 -7.065 -6.671 -6.327 -5.953 -6.909 -6.62 -6.323 -5.943 -5.558 -5.112 -6.629 -6.208 -5.73 -5.378 -5.046 -6.201 -5.782 -5.446 -5.242 -5.291 -5.792 -6.022 -5.586 -4.379 -3.837 -3.209 -5.87
0.003822 -7.431 -7.242 -7.116 -6.724 -6.381 -6.008 -6.96 -6.673 -6.377 -5.998 -5.614 -5.168 -6.683 -6.262 -5.786 -5.434 -5.102 -6.255 -5.837 -5.501 -5.297 -5.343 -5.847 -6.076 -5.642 -4.436 -3.894 -3.266 -5.925
0.003938 -7.478 -7.292 -7.166 -6.776 -6.435 -6.063 -7.01 -6.726 -6.431 -6.052 -5.669 -5.224 -6.736 -6.316 -5.841 -5.489 -5.158 -6.309 -5.891 -5.556 -5.351 -5.396 -5.902 -6.131 -5.697 -4.492 -3.951 -3.323 -5.98
0.004057 -7.525 -7.341 -7.216 -6.829 -6.488 -6.117 -7.06 -6.779 -6.485 -6.107 -5.725 -5.279 -6.788 -6.37 -5.896 -5.545 -5.214 -6.363 -5.946 -5.61 -5.406 -5.448 -5.957 -6.185 -5.752 -4.549 -4.007 -3.38 -6.034
0.00418 -7.571 -7.39 -7.266 -6.881 -6.542 -6.172 -7.11 -6.831 -6.538 -6.161 -5.78 -5.335 -6.841 -6.424 -5.951 -5.6 -5.269 -6.416 -6.0 -5.665 -5.46 -5.501 -6.012 -6.239 -5.807 -4.605 -4.064 -3.437 -6.089
0.004306 -7.617 -7.438 -7.315 -6.933 -6.595 -6.226 -7.16 -6.883 -6.591 -6.216 -5.834 -5.39 -6.893 -6.478 -6.005 -5.655 -5.325 -6.47 -6.054 -5.719 -5.514 -5.553 -6.066 -6.293 -5.862 -4.661 -4.12 -3.494 -6.143
0.004436 -7.662 -7.486 -7.364 -6.985 -6.648 -6.28 -7.209 -6.936 -6.644 -6.27 -5.889 -5.446 -6.945 -6.531 -6.06 -5.71 -5.38 -6.523 -6.108 -5.773 -5.568 -5.605 -6.12 -6.347 -5.917 -4.717 -4.176 -3.55 -6.197
0.00457 -7.708 -7.534 -7.413 -7.037 -6.701 -6.334 -7.258 -6.987 -6.697 -6.323 -5.944 -5.501 -6.997 -6.584 -6.114 -5.765 -5.435 -6.576 -6.162 -5.827 -5.621 -5.656 -6.174 -6.401 -5.971 -4.773 -4.233 -3.607 -6.25
0.004709 -7.753 -7.582 -7.462 -7.088 -6.754 -6.388 -7.307 -7.039 -6.75 -6.377 -5.998 -5.556 -7.049 -6.637 -6.168 -5.82 -5.49 -6.628 -6.215 -5.881 -5.675 -5.708 -6.228 -6.454 -6.026 -4.829 -4.289 -3.663 -6.304
0.004851 -7.797 -7.629 -7.51 -7.14 -6.806 -6.441 -7.355 -7.091 -6.803 -6.431 -6.052 -5.611 -7.1 -6.69 -6.222 -5.874 -5.545 -6.681 -6.269 -5.935 -5.728 -5.759 -6.282 -6.508 -6.08 -4.884 -4.345 -3.719 -6.358
0.004998 -7.842 -7.676 -7.558 -7.191 -6.859 -6.495 -7.403 -7.142 -6.855 -6.484 -6.106 -5.665 -7.151 -6.743 -6.276 -5.929 -5.6 -6.733 -6.322 -5.988 -5.782 -5.81 -6.335 -6.561 -6.134 -4.94 -4.4 -3.775 -6.411
0.005149 -7.886 -7.723 -7.606 -7.242 -6.911 -6.548 -7.451 -7.193 -6.907 -6.537 -6.16 -5.72 -7.202 -6.795 -6.33 -5.983 -5.655 -6.786 -6.375 -6.042 -5.835 -5.862 -6.389 -6.614 -6.188 -4.995 -4.456 -3.831 -6.464
0.005305 -7.929 -7.769 -7.654 -7.292 -6.963 -6.601 -7.499 -7.244 -6.959 -6.591 -6.214 -5.775 -7.253 -6.848 -6.383 -6.037 -5.71 -6.838 -6.428 -6.095 -5.888 -5.913 -6.442 -6.667 -6.242 -5.05 -4.512 -3.887 -6.517
0.005465 -7.973 -7.815 -7.701 -7.343 -7.015 -6.654 -7.547 -7.295 -7.011 -6.644 -6.268 -5.829 -7.304 -6.9 -6.437 -6.091 -5.764 -6.89 -6.481 -6.149 -5.941 -5.964 -6.495 -6.72 -6.295 -5.106 -4.567 -3.943 -6.57
0.00563 -8.016 -7.861 -7.748 -7.393 -7.067 -6.707 -7.594 -7.345 -7.063 -6.696 -6.322 -5.883 -7.354 -6.952 -6.49 -6.145 -5.819 -6.942 -6.534 -6.202 -5.994 -6.014 -6.548 -6.772 -6.349 -5.161 -4.623 -3.999 -6.623
0.005801 -8.059 -7.907 -7.795 -7.443 -7.118 -6.76 -7.641 -7.395 -7.115 -6.749 -6.375 -5.938 -7.405 -7.004 -6.543 -6.199 -5.873 -6.993 -6.586 -6.255 -6.046 -6.065 -6.601 -6.825 -6.402 -5.216 -4.678 -4.054 -6.675
0.005976 -8.101 -7.952 -7.842 -7.493 -7.17 -6.812 -7.688 -7.446 -7.166 -6.802 -6.428 -5.992 -7.455 -7.056 -6.596 -6.253 -5.927 -7.045 -6.639 -6.308 -6.099 -6.116 -6.654 -6.877 -6.456 -5.27 -4.733 -4.11 -6.728
0.006157 -8.143 -7.998 -7.888 -7.543 -7.221 -6.865 -7.734 -7.496 -7.217 -6.854 -6.482 -6.046 -7.505 -7.108 -6.649 -6.307 -5.981 -7.096 -6.691 -6.36 -6.151 -6.166 -6.706 -6.929 -6.509 -5.325 -4.788 -4.165 -6.78
0.006343 -8.185 -8.043 -7.935 -7.592 -7.272 -6.917 -7.781 -7.545 -7.268 -6.906 -6.535 -6.099 -7.555 -7.159 -6.702 -6.36 -6.035 -7.147 -6.744 -6.413 -6.204 -6.217 -6.759 -6.981 -6.562 -5.38 -4.844 -4.221 -6.832
0.006535 -8.227 -8.087 -7.981 -7.642 -7.323 -6.969 -7.827 -7.595 -7.319 -6.959 -6.588 -6.153 -7.604 -7.211 -6.755 -6.413 -6.089 -7.199 -6.796 -6.466 -6.256 -6.267 -6.811 -7.033 -6.615 -5.435 -4.899 -4.276 -6.884
0.006732 -8.268 -8.132 -8.026 -7.691 -7.374 -7.021 -7.873 -7.645 -7.37 -7.011 -6.641 -6.207 -7.654 -7.262 -6.807 -6.467 -6.143 -7.25 -6.848 -6.518 -6.308 -6.317 -6.863 -7.085 -6.668 -5.489 -4.953 -4.331 -6.936
0.006936 -8.31 -8.176 -8.072 -7.74 -7.425 -7.073 -7.919 -7.694 -7.421 -7.063 -6.694 -6.26 -7.703 -7.313 -6.86 -6.52 -6.196 -7.3 -6.9 -6.571 -6.361 -6.368 -6.915 -7.136 -6.72 -5.543 -5.008 -4.387 -6.988
0.007146 -8.351 -8.22 -8.117 -7.789 -7.475 -7.125 -7.964 -7.743 -7.471 -7.114 -6.746 -6.314 -7.752 -7.364 -6.912 -6.573 -6.25 -7.351 -6.951 -6.623 -6.413 -6.418 -6.967 -7.188 -6.773 -5.598 -5.063 -4.442 -7.039
0.007362 -8.391 -8.263 -8.162 -7.838 -7.526 -7.176 -8.009 -7.792 -7.522 -7.166 -6.799 -6.367 -7.801 -7.415 -6.965 -6.626 -6.304 -7.402 -7.003 -6.675 -6.465 -6.468 -7.019 -7.239 -6.826 -5.652 -5.118 -4.497 -7.091
0.007585 -8.432 -8.307 -8.207 -7.886 -7.576 -7.228 -8.054 -7.841 -7.572 -7.218 -6.851 -6.421 -7.85 -7.465 -7.017 -6.679 -6.357 -7.452 -7.055 -6.727 -6.517 -6.518 -7.071 -7.29 -6.878 -5.706 -5.172 -4.552 -7.142
0.007814 -8.472 -8.35 -8.252 -7.934 -7.626 -7.28 -8.099 -7.89 -7.622 -7.269 -6.904 -6.474 -7.899 -7.516 -7.069 -6.732 -6.41 -7.503 -7.106 -6.779 -6.568 -6.568 -7.123 -7.342 -6.93 -5.76 -5.227 -4.607 -7.194
0.00805 -8.511 -8.393 -8.296 -7.983 -7.676 -7.331 -8.144 -7.938 -7.672 -7.321 -6.956 -6.527 -7.947 -7.566 -7.121 -6.784 -6.464 -7.553 -7.158 -6.831 -6.62 -6.618 -7.174 -7.393 -6.983 -5.814 -5.281 -4.662 -7.245
0.008294 -8.551 -8.435 -8.34 -8.031 -7.726 -7.382 -8.189 -7.987 -7.722 -7.372 -7.008 -6.58 -7.996 -7.617 -7.172 -6.837 -6.517 -7.603 -7.209 -6.883 -6.672 -6.667 -7.226 -7.444 -7.035 -5.868 -5.336 -4.716 -7.296
0.008545 -8.59 -8.478 -8.384 -8.079 -7.776 -7.433 -8.233 -8.035 -7.772 -7.423 -7.06 -6.633 -8.044 -7.667 -7.224 -6.889 -6.57 -7.653 -7.26 -6.935 -6.723 -6.717 -7.277 -7.494 -7.087 -5.922 -5.39 -4.771 -7.347
0.008803 -8.629 -8.52 -8.428 -8.126 -7.825 -7.484 -8.277 -8.083 -7.821 -7.474 -7.112 -6.686 -8.092 -7.717 -7.276 -6.942 -6.623 -7.703 -7.311 -6.986 -6.775 -6.767 -7.328 -7.545 -7.139 -5.976 -5.445 -4.826 -7.398
0.009069 -8.668 -8.562 -8.472 -8.174 -7.875 -7.535 -8.321 -8.131 -7.871 -7.525 -7.164 -6.739 -8.14 -7.767 -7.327 -6.994 -6.676 -7.752 -7.362 -7.038 -6.826 -6.816 -7.379 -7.596 -7.19 -6.03 -5.499 -4.881 -7.449
0.009344 -8.707 -8.604 -8.515 -8.221 -7.924 -7.586 -8.364 -8.178 -7.92 -7.576 -7.216 -6.791 -8.187 -7.817 -7.379 -7.046 -6.729 -7.802 -7.413 -7.09 -6.878 -6.866 -7.43 -7.646 -7.242 -6.084 -5.553 -4.935 -7.499
0.009626 -8.745 -8.645 -8.558 -8.269 -7.973 -7.637 -8.408 -8.226 -7.969 -7.626 -7.268 -6.844 -8.235 -7.866 -7.43 -7.098 -6.781 -7.852 -7.464 -7.141 -6.929 -6.915 -7.481 -7.696 -7.294 -6.137 -5.607 -4.99 -7.55
