web/models/kne.last_good/kappa_0.5_3.0.v1/14/villar_0.0052_0.2180_0.5000.dat
# %ECSV 1.0
# ---
# datatype:
# - {name: time, datatype: float64}
# - {name: swift_uvot_uvw2, datatype: float64}
# - {name: swift_uvot_uvm2, datatype: float64}
# - {name: swift_uvot_uvw1, datatype: float64}
# - {name: swift_uvot_U, datatype: float64}
# - {name: swift_uvot_B, datatype: float64}
# - {name: swift_uvot_V, datatype: float64}
# - {name: swift_uvot_W, datatype: float64}
# - {name: johnson_U, datatype: float64}
# - {name: johnson_B, datatype: float64}
# - {name: johnson_V, datatype: float64}
# - {name: johnson_R, datatype: float64}
# - {name: johnson_I, datatype: float64}
# - {name: sdss_u, datatype: float64}
# - {name: sdss_g, datatype: float64}
# - {name: sdss_r, datatype: float64}
# - {name: sdss_i, datatype: float64}
# - {name: sdss_z, datatype: float64}
# - {name: PS1_g, datatype: float64}
# - {name: PS1_r, datatype: float64}
# - {name: PS1_i, datatype: float64}
# - {name: PS1_z, datatype: float64}
# - {name: PS1_Y, datatype: float64}
# - {name: PS1_w, datatype: float64}
# - {name: ATLAS_c, datatype: float64}
# - {name: ATLAS_o, datatype: float64}
# - {name: ukirt_J, datatype: float64}
# - {name: ukirt_H, datatype: float64}
# - {name: ukirt_K, datatype: float64}
# - {name: Clear, datatype: float64}
# meta: !!omap
# - comment: [kappa = 0.5, type = villar, mass = 0.005244756555828381, velocity = 0.21800000000000003, theta_obs = 0.0]
# schema: astropy-2.0
time swift_uvot_uvw2 swift_uvot_uvm2 swift_uvot_uvw1 swift_uvot_U swift_uvot_B swift_uvot_V swift_uvot_W johnson_U johnson_B johnson_V johnson_R johnson_I sdss_u sdss_g sdss_r sdss_i sdss_z PS1_g PS1_r PS1_i PS1_z PS1_Y PS1_w ATLAS_c ATLAS_o ukirt_J ukirt_H ukirt_K Clear
[from data line 370]
61.359868 792.044 797.259 nan nan nan nan 794.312 nan nan nan nan nan nan nan nan nan nan 790.778 790.983 790.962 790.548 788.803 nan nan nan nan nan 784.119 789.014
63.215655 792.044 797.259 nan nan nan nan 794.312 nan nan nan nan nan nan nan nan nan nan 790.778 790.983 790.962 790.548 788.803 nan nan nan nan nan 784.119 789.014
65.127569 792.044 797.259 nan nan nan nan 794.312 nan nan nan nan nan nan nan nan nan nan 790.778 790.983 790.962 790.548 788.803 nan nan nan nan nan 784.119 789.014
67.097308 792.044 797.259 nan nan nan nan 794.312 nan nan nan nan nan nan nan nan nan nan 790.778 790.983 790.962 790.548 788.803 nan nan nan nan nan 784.119 789.014
69.126621 792.044 797.259 nan nan nan nan 794.312 nan nan nan nan nan nan nan nan nan nan 790.778 790.983 790.962 790.548 788.803 nan nan nan nan nan 784.119 789.014
71.217308 792.044 797.259 nan nan nan nan 794.312 nan nan nan nan nan nan nan nan nan nan 790.778 790.983 790.962 790.548 788.803 nan nan nan nan nan 784.119 789.014
73.371227 792.044 797.259 nan nan nan nan 794.312 nan nan nan nan nan nan nan nan nan nan 790.778 790.983 790.962 790.548 788.803 nan nan nan nan nan 784.119 789.014
75.59029 792.044 797.259 nan nan nan nan 794.312 nan nan nan nan nan nan nan nan nan nan 790.778 790.983 790.962 790.548 788.803 nan nan nan nan nan 784.119 789.014
77.876467 792.044 797.259 nan nan nan nan 794.312 nan nan nan nan nan nan nan nan nan nan 790.778 790.983 790.962 790.548 788.803 nan nan nan nan nan 784.119 789.014
80.231787 792.044 797.259 nan nan nan nan 794.312 nan nan nan nan nan nan nan nan nan nan 790.778 790.983 790.962 790.548 788.803 nan nan nan nan nan 784.119 789.014
82.658343 792.044 797.259 nan nan nan nan 794.312 nan nan nan nan nan nan nan nan nan nan 790.778 790.983 790.962 790.548 788.803 nan nan nan nan nan 784.119 789.014
85.158288 792.044 797.259 nan nan nan nan 794.312 nan nan nan nan nan nan nan nan nan nan 790.778 790.983 790.962 790.548 788.803 nan nan nan nan nan 784.119 789.014
87.733843 792.044 797.259 nan nan nan nan 794.312 nan nan nan nan nan nan nan nan nan nan 790.778 790.983 790.962 790.548 788.803 nan nan nan nan nan 784.119 789.014
90.387293 792.044 797.259 nan nan nan nan 794.312 nan nan nan nan nan nan nan nan nan nan 790.778 790.983 790.962 790.548 788.803 nan nan nan nan nan 784.119 789.014
93.120995 792.044 797.259 nan nan nan nan 794.312 nan nan nan nan nan nan nan nan nan nan 790.778 790.983 790.962 790.548 788.803 nan nan nan nan nan 784.119 789.014
95.937376 792.044 797.259 nan nan nan nan 794.312 nan nan nan nan nan nan nan nan nan nan 790.778 790.983 790.962 790.548 788.803 nan nan nan nan nan 784.119 789.014
98.838937 792.044 797.259 nan nan nan nan 794.312 nan nan nan nan nan nan nan nan nan nan 790.778 790.983 790.962 790.548 788.803 nan nan nan nan nan 784.119 789.014
101.828253 792.044 797.259 nan nan nan nan 794.312 nan nan nan nan nan nan nan nan nan nan 790.778 790.983 790.962 790.548 788.803 nan nan nan nan nan 784.119 789.014
104.907979 792.044 797.259 nan nan nan nan 794.312 nan nan nan nan nan nan nan nan nan nan 790.778 790.983 790.962 790.548 788.803 nan nan nan nan nan 784.119 789.014
108.080849 792.044 797.259 nan nan nan nan 794.312 nan nan nan nan nan nan nan nan nan nan 790.778 790.983 790.962 790.548 788.803 nan nan nan nan nan 784.119 789.014
111.349681 792.044 797.259 nan nan nan nan 794.312 nan nan nan nan nan nan nan nan nan nan 790.778 790.983 790.962 790.548 788.803 nan nan nan nan nan 784.119 789.014
114.717376 792.044 797.259 nan nan nan nan 794.312 nan nan nan nan nan nan nan nan nan nan 790.778 790.983 790.962 790.548 788.803 nan nan nan nan nan 784.119 789.014
118.186925 792.044 797.259 nan nan nan nan 794.312 nan nan nan nan nan nan nan nan nan nan 790.778 790.983 790.962 790.548 788.803 nan nan nan nan nan 784.119 789.014
121.761408 792.044 797.259 nan nan nan nan 794.312 nan nan nan nan nan nan nan nan nan nan 790.778 790.983 790.962 790.548 788.803 nan nan nan nan nan 784.119 789.014
125.443999 792.044 797.259 nan nan nan nan 794.312 nan nan nan nan nan nan nan nan nan nan 790.778 790.983 790.962 790.548 788.803 nan nan nan nan nan 784.119 789.014
129.237967 792.044 797.259 nan nan nan nan 794.312 nan nan nan nan nan nan nan nan nan nan 790.778 790.983 790.962 790.548 788.803 nan nan nan nan nan 784.119 789.014
133.146681 792.044 797.259 nan nan nan nan 794.312 nan nan nan nan nan nan nan nan nan nan 790.778 790.983 790.962 790.548 788.803 nan nan nan nan nan 784.119 789.014
137.173612 792.044 797.259 nan nan nan nan 794.312 nan nan nan nan nan nan nan nan nan nan 790.778 790.983 790.962 790.548 788.803 nan nan nan nan nan 784.119 789.014
141.322334 792.044 797.259 nan nan nan nan 794.312 nan nan nan nan nan nan nan nan nan nan 790.778 790.983 790.962 790.548 788.803 nan nan nan nan nan 784.119 789.014
145.596532 792.044 797.259 nan nan nan nan 794.312 nan nan nan nan nan nan nan nan nan nan 790.778 790.983 790.962 790.548 788.803 nan nan nan nan nan 784.119 789.014
150.0 792.044 797.259 nan nan nan nan 794.312 nan nan nan nan nan nan nan nan nan nan 790.778 790.983 790.962 790.548 788.803 nan nan nan nan nan 784.119 789.014
