web/models/linear/2/-12_000_0_921.dat
# %ECSV 1.0
# ---
# datatype:
# - {name: time, datatype: float64}
# - {name: swift_uvot_uvw2, datatype: float64}
# - {name: swift_uvot_uvm2, datatype: float64}
# - {name: swift_uvot_uvw1, datatype: float64}
# - {name: swift_uvot_U, datatype: float64}
# - {name: swift_uvot_B, datatype: float64}
# - {name: swift_uvot_V, datatype: float64}
# - {name: swift_uvot_W, datatype: float64}
# - {name: johnson_U, datatype: float64}
# - {name: johnson_B, datatype: float64}
# - {name: johnson_V, datatype: float64}
# - {name: johnson_R, datatype: float64}
# - {name: johnson_I, datatype: float64}
# - {name: sdss_u, datatype: float64}
# - {name: sdss_g, datatype: float64}
# - {name: sdss_r, datatype: float64}
# - {name: sdss_i, datatype: float64}
# - {name: sdss_z, datatype: float64}
# - {name: PS1_g, datatype: float64}
# - {name: PS1_r, datatype: float64}
# - {name: PS1_i, datatype: float64}
# - {name: PS1_z, datatype: float64}
# - {name: PS1_Y, datatype: float64}
# - {name: PS1_w, datatype: float64}
# - {name: ATLAS_c, datatype: float64}
# - {name: ATLAS_o, datatype: float64}
# - {name: ukirt_J, datatype: float64}
# - {name: ukirt_H, datatype: float64}
# - {name: ukirt_K, datatype: float64}
# - {name: Clear, datatype: float64}
# meta: !!omap
# - comment: [M=-12.0, dM=0.9208527728773267]
# schema: astropy-2.0
time swift_uvot_uvw2 swift_uvot_uvm2 swift_uvot_uvw1 swift_uvot_U swift_uvot_B swift_uvot_V swift_uvot_W johnson_U johnson_B johnson_V johnson_R johnson_I sdss_u sdss_g sdss_r sdss_i sdss_z PS1_g PS1_r PS1_i PS1_z PS1_Y PS1_w ATLAS_c ATLAS_o ukirt_J ukirt_H ukirt_K Clear
[from data line 28]
2.1105527638190953 -10.05649163513328 -10.05649163513328 -10.05649163513328 -10.05649163513328 -10.05649163513328 -10.05649163513328 -10.05649163513328 -10.05649163513328 -10.05649163513328 -10.05649163513328 -10.05649163513328 -10.05649163513328 -10.05649163513328 -10.05649163513328 -10.05649163513328 -10.05649163513328 -10.05649163513328 -10.05649163513328 -10.05649163513328 -10.05649163513328 -10.05649163513328 -10.05649163513328 -10.05649163513328 -10.05649163513328 -10.05649163513328 -10.05649163513328 -10.05649163513328 -10.05649163513328 -10.05649163513328
2.185929648241206 -9.987080622102326 -9.987080622102326 -9.987080622102326 -9.987080622102326 -9.987080622102326 -9.987080622102326 -9.987080622102326 -9.987080622102326 -9.987080622102326 -9.987080622102326 -9.987080622102326 -9.987080622102326 -9.987080622102326 -9.987080622102326 -9.987080622102326 -9.987080622102326 -9.987080622102326 -9.987080622102326 -9.987080622102326 -9.987080622102326 -9.987080622102326 -9.987080622102326 -9.987080622102326 -9.987080622102326 -9.987080622102326 -9.987080622102326 -9.987080622102326 -9.987080622102326 -9.987080622102326
2.2613065326633164 -9.917669609071371 -9.917669609071371 -9.917669609071371 -9.917669609071371 -9.917669609071371 -9.917669609071371 -9.917669609071371 -9.917669609071371 -9.917669609071371 -9.917669609071371 -9.917669609071371 -9.917669609071371 -9.917669609071371 -9.917669609071371 -9.917669609071371 -9.917669609071371 -9.917669609071371 -9.917669609071371 -9.917669609071371 -9.917669609071371 -9.917669609071371 -9.917669609071371 -9.917669609071371 -9.917669609071371 -9.917669609071371 -9.917669609071371 -9.917669609071371 -9.917669609071371 -9.917669609071371
2.336683417085427 -9.848258596040418 -9.848258596040418 -9.848258596040418 -9.848258596040418 -9.848258596040418 -9.848258596040418 -9.848258596040418 -9.848258596040418 -9.848258596040418 -9.848258596040418 -9.848258596040418 -9.848258596040418 -9.848258596040418 -9.848258596040418 -9.848258596040418 -9.848258596040418 -9.848258596040418 -9.848258596040418 -9.848258596040418 -9.848258596040418 -9.848258596040418 -9.848258596040418 -9.848258596040418 -9.848258596040418 -9.848258596040418 -9.848258596040418 -9.848258596040418 -9.848258596040418 -9.848258596040418
2.4120603015075375 -9.778847583009464 -9.778847583009464 -9.778847583009464 -9.778847583009464 -9.778847583009464 -9.778847583009464 -9.778847583009464 -9.778847583009464 -9.778847583009464 -9.778847583009464 -9.778847583009464 -9.778847583009464 -9.778847583009464 -9.778847583009464 -9.778847583009464 -9.778847583009464 -9.778847583009464 -9.778847583009464 -9.778847583009464 -9.778847583009464 -9.778847583009464 -9.778847583009464 -9.778847583009464 -9.778847583009464 -9.778847583009464 -9.778847583009464 -9.778847583009464 -9.778847583009464 -9.778847583009464
2.487437185929648 -9.709436569978509 -9.709436569978509 -9.709436569978509 -9.709436569978509 -9.709436569978509 -9.709436569978509 -9.709436569978509 -9.709436569978509 -9.709436569978509 -9.709436569978509 -9.709436569978509 -9.709436569978509 -9.709436569978509 -9.709436569978509 -9.709436569978509 -9.709436569978509 -9.709436569978509 -9.709436569978509 -9.709436569978509 -9.709436569978509 -9.709436569978509 -9.709436569978509 -9.709436569978509 -9.709436569978509 -9.709436569978509 -9.709436569978509 -9.709436569978509 -9.709436569978509 -9.709436569978509
2.5628140703517586 -9.640025556947554 -9.640025556947554 -9.640025556947554 -9.640025556947554 -9.640025556947554 -9.640025556947554 -9.640025556947554 -9.640025556947554 -9.640025556947554 -9.640025556947554 -9.640025556947554 -9.640025556947554 -9.640025556947554 -9.640025556947554 -9.640025556947554 -9.640025556947554 -9.640025556947554 -9.640025556947554 -9.640025556947554 -9.640025556947554 -9.640025556947554 -9.640025556947554 -9.640025556947554 -9.640025556947554 -9.640025556947554 -9.640025556947554 -9.640025556947554 -9.640025556947554 -9.640025556947554
2.638190954773869 -9.570614543916601 -9.570614543916601 -9.570614543916601 -9.570614543916601 -9.570614543916601 -9.570614543916601 -9.570614543916601 -9.570614543916601 -9.570614543916601 -9.570614543916601 -9.570614543916601 -9.570614543916601 -9.570614543916601 -9.570614543916601 -9.570614543916601 -9.570614543916601 -9.570614543916601 -9.570614543916601 -9.570614543916601 -9.570614543916601 -9.570614543916601 -9.570614543916601 -9.570614543916601 -9.570614543916601 -9.570614543916601 -9.570614543916601 -9.570614543916601 -9.570614543916601 -9.570614543916601
2.7135678391959797 -9.501203530885647 -9.501203530885647 -9.501203530885647 -9.501203530885647 -9.501203530885647 -9.501203530885647 -9.501203530885647 -9.501203530885647 -9.501203530885647 -9.501203530885647 -9.501203530885647 -9.501203530885647 -9.501203530885647 -9.501203530885647 -9.501203530885647 -9.501203530885647 -9.501203530885647 -9.501203530885647 -9.501203530885647 -9.501203530885647 -9.501203530885647 -9.501203530885647 -9.501203530885647 -9.501203530885647 -9.501203530885647 -9.501203530885647 -9.501203530885647 -9.501203530885647 -9.501203530885647
2.78894472361809 -9.431792517854692 -9.431792517854692 -9.431792517854692 -9.431792517854692 -9.431792517854692 -9.431792517854692 -9.431792517854692 -9.431792517854692 -9.431792517854692 -9.431792517854692 -9.431792517854692 -9.431792517854692 -9.431792517854692 -9.431792517854692 -9.431792517854692 -9.431792517854692 -9.431792517854692 -9.431792517854692 -9.431792517854692 -9.431792517854692 -9.431792517854692 -9.431792517854692 -9.431792517854692 -9.431792517854692 -9.431792517854692 -9.431792517854692 -9.431792517854692 -9.431792517854692 -9.431792517854692
2.8643216080402008 -9.362381504823738 -9.362381504823738 -9.362381504823738 -9.362381504823738 -9.362381504823738 -9.362381504823738 -9.362381504823738 -9.362381504823738 -9.362381504823738 -9.362381504823738 -9.362381504823738 -9.362381504823738 -9.362381504823738 -9.362381504823738 -9.362381504823738 -9.362381504823738 -9.362381504823738 -9.362381504823738 -9.362381504823738 -9.362381504823738 -9.362381504823738 -9.362381504823738 -9.362381504823738 -9.362381504823738 -9.362381504823738 -9.362381504823738 -9.362381504823738 -9.362381504823738 -9.362381504823738
2.9396984924623113 -9.292970491792783 -9.292970491792783 -9.292970491792783 -9.292970491792783 -9.292970491792783 -9.292970491792783 -9.292970491792783 -9.292970491792783 -9.292970491792783 -9.292970491792783 -9.292970491792783 -9.292970491792783 -9.292970491792783 -9.292970491792783 -9.292970491792783 -9.292970491792783 -9.292970491792783 -9.292970491792783 -9.292970491792783 -9.292970491792783 -9.292970491792783 -9.292970491792783 -9.292970491792783 -9.292970491792783 -9.292970491792783 -9.292970491792783 -9.292970491792783 -9.292970491792783 -9.292970491792783
3.015075376884422 -9.223559478761828 -9.223559478761828 -9.223559478761828 -9.223559478761828 -9.223559478761828 -9.223559478761828 -9.223559478761828 -9.223559478761828 -9.223559478761828 -9.223559478761828 -9.223559478761828 -9.223559478761828 -9.223559478761828 -9.223559478761828 -9.223559478761828 -9.223559478761828 -9.223559478761828 -9.223559478761828 -9.223559478761828 -9.223559478761828 -9.223559478761828 -9.223559478761828 -9.223559478761828 -9.223559478761828 -9.223559478761828 -9.223559478761828 -9.223559478761828 -9.223559478761828 -9.223559478761828
3.0904522613065324 -9.154148465730875 -9.154148465730875 -9.154148465730875 -9.154148465730875 -9.154148465730875 -9.154148465730875 -9.154148465730875 -9.154148465730875 -9.154148465730875 -9.154148465730875 -9.154148465730875 -9.154148465730875 -9.154148465730875 -9.154148465730875 -9.154148465730875 -9.154148465730875 -9.154148465730875 -9.154148465730875 -9.154148465730875 -9.154148465730875 -9.154148465730875 -9.154148465730875 -9.154148465730875 -9.154148465730875 -9.154148465730875 -9.154148465730875 -9.154148465730875 -9.154148465730875 -9.154148465730875
3.165829145728643 -9.08473745269992 -9.08473745269992 -9.08473745269992 -9.08473745269992 -9.08473745269992 -9.08473745269992 -9.08473745269992 -9.08473745269992 -9.08473745269992 -9.08473745269992 -9.08473745269992 -9.08473745269992 -9.08473745269992 -9.08473745269992 -9.08473745269992 -9.08473745269992 -9.08473745269992 -9.08473745269992 -9.08473745269992 -9.08473745269992 -9.08473745269992 -9.08473745269992 -9.08473745269992 -9.08473745269992 -9.08473745269992 -9.08473745269992 -9.08473745269992 -9.08473745269992 -9.08473745269992
3.2412060301507535 -9.015326439668966 -9.015326439668966 -9.015326439668966 -9.015326439668966 -9.015326439668966 -9.015326439668966 -9.015326439668966 -9.015326439668966 -9.015326439668966 -9.015326439668966 -9.015326439668966 -9.015326439668966 -9.015326439668966 -9.015326439668966 -9.015326439668966 -9.015326439668966 -9.015326439668966 -9.015326439668966 -9.015326439668966 -9.015326439668966 -9.015326439668966 -9.015326439668966 -9.015326439668966 -9.015326439668966 -9.015326439668966 -9.015326439668966 -9.015326439668966 -9.015326439668966 -9.015326439668966
3.316582914572864 -8.945915426638013 -8.945915426638013 -8.945915426638013 -8.945915426638013 -8.945915426638013 -8.945915426638013 -8.945915426638013 -8.945915426638013 -8.945915426638013 -8.945915426638013 -8.945915426638013 -8.945915426638013 -8.945915426638013 -8.945915426638013 -8.945915426638013 -8.945915426638013 -8.945915426638013 -8.945915426638013 -8.945915426638013 -8.945915426638013 -8.945915426638013 -8.945915426638013 -8.945915426638013 -8.945915426638013 -8.945915426638013 -8.945915426638013 -8.945915426638013 -8.945915426638013 -8.945915426638013
3.3919597989949746 -8.876504413607059 -8.876504413607059 -8.876504413607059 -8.876504413607059 -8.876504413607059 -8.876504413607059 -8.876504413607059 -8.876504413607059 -8.876504413607059 -8.876504413607059 -8.876504413607059 -8.876504413607059 -8.876504413607059 -8.876504413607059 -8.876504413607059 -8.876504413607059 -8.876504413607059 -8.876504413607059 -8.876504413607059 -8.876504413607059 -8.876504413607059 -8.876504413607059 -8.876504413607059 -8.876504413607059 -8.876504413607059 -8.876504413607059 -8.876504413607059 -8.876504413607059 -8.876504413607059
3.467336683417085 -8.807093400576104 -8.807093400576104 -8.807093400576104 -8.807093400576104 -8.807093400576104 -8.807093400576104 -8.807093400576104 -8.807093400576104 -8.807093400576104 -8.807093400576104 -8.807093400576104 -8.807093400576104 -8.807093400576104 -8.807093400576104 -8.807093400576104 -8.807093400576104 -8.807093400576104 -8.807093400576104 -8.807093400576104 -8.807093400576104 -8.807093400576104 -8.807093400576104 -8.807093400576104 -8.807093400576104 -8.807093400576104 -8.807093400576104 -8.807093400576104 -8.807093400576104 -8.807093400576104
3.5427135678391957 -8.73768238754515 -8.73768238754515 -8.73768238754515 -8.73768238754515 -8.73768238754515 -8.73768238754515 -8.73768238754515 -8.73768238754515 -8.73768238754515 -8.73768238754515 -8.73768238754515 -8.73768238754515 -8.73768238754515 -8.73768238754515 -8.73768238754515 -8.73768238754515 -8.73768238754515 -8.73768238754515 -8.73768238754515 -8.73768238754515 -8.73768238754515 -8.73768238754515 -8.73768238754515 -8.73768238754515 -8.73768238754515 -8.73768238754515 -8.73768238754515 -8.73768238754515 -8.73768238754515
3.618090452261306 -8.668271374514195 -8.668271374514195 -8.668271374514195 -8.668271374514195 -8.668271374514195 -8.668271374514195 -8.668271374514195 -8.668271374514195 -8.668271374514195 -8.668271374514195 -8.668271374514195 -8.668271374514195 -8.668271374514195 -8.668271374514195 -8.668271374514195 -8.668271374514195 -8.668271374514195 -8.668271374514195 -8.668271374514195 -8.668271374514195 -8.668271374514195 -8.668271374514195 -8.668271374514195 -8.668271374514195 -8.668271374514195 -8.668271374514195 -8.668271374514195 -8.668271374514195 -8.668271374514195
3.6934673366834168 -8.59886036148324 -8.59886036148324 -8.59886036148324 -8.59886036148324 -8.59886036148324 -8.59886036148324 -8.59886036148324 -8.59886036148324 -8.59886036148324 -8.59886036148324 -8.59886036148324 -8.59886036148324 -8.59886036148324 -8.59886036148324 -8.59886036148324 -8.59886036148324 -8.59886036148324 -8.59886036148324 -8.59886036148324 -8.59886036148324 -8.59886036148324 -8.59886036148324 -8.59886036148324 -8.59886036148324 -8.59886036148324 -8.59886036148324 -8.59886036148324 -8.59886036148324 -8.59886036148324
3.7688442211055273 -8.529449348452287 -8.529449348452287 -8.529449348452287 -8.529449348452287 -8.529449348452287 -8.529449348452287 -8.529449348452287 -8.529449348452287 -8.529449348452287 -8.529449348452287 -8.529449348452287 -8.529449348452287 -8.529449348452287 -8.529449348452287 -8.529449348452287 -8.529449348452287 -8.529449348452287 -8.529449348452287 -8.529449348452287 -8.529449348452287 -8.529449348452287 -8.529449348452287 -8.529449348452287 -8.529449348452287 -8.529449348452287 -8.529449348452287 -8.529449348452287 -8.529449348452287 -8.529449348452287
3.844221105527638 -8.460038335421332 -8.460038335421332 -8.460038335421332 -8.460038335421332 -8.460038335421332 -8.460038335421332 -8.460038335421332 -8.460038335421332 -8.460038335421332 -8.460038335421332 -8.460038335421332 -8.460038335421332 -8.460038335421332 -8.460038335421332 -8.460038335421332 -8.460038335421332 -8.460038335421332 -8.460038335421332 -8.460038335421332 -8.460038335421332 -8.460038335421332 -8.460038335421332 -8.460038335421332 -8.460038335421332 -8.460038335421332 -8.460038335421332 -8.460038335421332 -8.460038335421332 -8.460038335421332
3.9195979899497484 -8.390627322390378 -8.390627322390378 -8.390627322390378 -8.390627322390378 -8.390627322390378 -8.390627322390378 -8.390627322390378 -8.390627322390378 -8.390627322390378 -8.390627322390378 -8.390627322390378 -8.390627322390378 -8.390627322390378 -8.390627322390378 -8.390627322390378 -8.390627322390378 -8.390627322390378 -8.390627322390378 -8.390627322390378 -8.390627322390378 -8.390627322390378 -8.390627322390378 -8.390627322390378 -8.390627322390378 -8.390627322390378 -8.390627322390378 -8.390627322390378 -8.390627322390378 -8.390627322390378
3.994974874371859 -8.321216309359425 -8.321216309359425 -8.321216309359425 -8.321216309359425 -8.321216309359425 -8.321216309359425 -8.321216309359425 -8.321216309359425 -8.321216309359425 -8.321216309359425 -8.321216309359425 -8.321216309359425 -8.321216309359425 -8.321216309359425 -8.321216309359425 -8.321216309359425 -8.321216309359425 -8.321216309359425 -8.321216309359425 -8.321216309359425 -8.321216309359425 -8.321216309359425 -8.321216309359425 -8.321216309359425 -8.321216309359425 -8.321216309359425 -8.321216309359425 -8.321216309359425 -8.321216309359425
4.0703517587939695 -8.25180529632847 -8.25180529632847 -8.25180529632847 -8.25180529632847 -8.25180529632847 -8.25180529632847 -8.25180529632847 -8.25180529632847 -8.25180529632847 -8.25180529632847 -8.25180529632847 -8.25180529632847 -8.25180529632847 -8.25180529632847 -8.25180529632847 -8.25180529632847 -8.25180529632847 -8.25180529632847 -8.25180529632847 -8.25180529632847 -8.25180529632847 -8.25180529632847 -8.25180529632847 -8.25180529632847 -8.25180529632847 -8.25180529632847 -8.25180529632847 -8.25180529632847 -8.25180529632847
