web/models/linear/40/-15_490_0_789.dat
# %ECSV 1.0
# ---
# datatype:
# - {name: time, datatype: float64}
# - {name: sdss_u, datatype: float64}
# - {name: sdss_g, datatype: float64}
# - {name: sdss_r, datatype: float64}
# - {name: sdss_i, datatype: float64}
# - {name: sdss_z, datatype: float64}
# - {name: Clear, datatype: float64}
# - {name: johnson_B, datatype: float64}
# - {name: johnson_V, datatype: float64}
# - {name: johnson_R, datatype: float64}
# - {name: johnson_I, datatype: float64}
# - {name: ukirt_J, datatype: float64}
# - {name: ukirt_H, datatype: float64}
# - {name: ukirt_K, datatype: float64}
# meta: !!omap
# - comment: [M=-15.489795918367347, dM=0.7885372992905649]
# schema: astropy-2.0
time sdss_u sdss_g sdss_r sdss_i sdss_z Clear johnson_B johnson_V johnson_R johnson_I ukirt_J ukirt_H ukirt_K
[from data line 178]
13.417085427135678 -4.909923611302984 -4.909923611302984 -4.909923611302984 -4.909923611302984 -4.909923611302984 -4.909923611302984 -4.909923611302984 -4.909923611302984 -4.909923611302984 -4.909923611302984 -4.909923611302984 -4.909923611302984 -4.909923611302984
13.492462311557787 -4.8504861264318375 -4.8504861264318375 -4.8504861264318375 -4.8504861264318375 -4.8504861264318375 -4.8504861264318375 -4.8504861264318375 -4.8504861264318375 -4.8504861264318375 -4.8504861264318375 -4.8504861264318375 -4.8504861264318375 -4.8504861264318375
13.567839195979898 -4.791048641560689 -4.791048641560689 -4.791048641560689 -4.791048641560689 -4.791048641560689 -4.791048641560689 -4.791048641560689 -4.791048641560689 -4.791048641560689 -4.791048641560689 -4.791048641560689 -4.791048641560689 -4.791048641560689
13.64321608040201 -4.7316111566895405 -4.7316111566895405 -4.7316111566895405 -4.7316111566895405 -4.7316111566895405 -4.7316111566895405 -4.7316111566895405 -4.7316111566895405 -4.7316111566895405 -4.7316111566895405 -4.7316111566895405 -4.7316111566895405 -4.7316111566895405
13.718592964824118 -4.672173671818394 -4.672173671818394 -4.672173671818394 -4.672173671818394 -4.672173671818394 -4.672173671818394 -4.672173671818394 -4.672173671818394 -4.672173671818394 -4.672173671818394 -4.672173671818394 -4.672173671818394 -4.672173671818394
13.79396984924623 -4.612736186947245 -4.612736186947245 -4.612736186947245 -4.612736186947245 -4.612736186947245 -4.612736186947245 -4.612736186947245 -4.612736186947245 -4.612736186947245 -4.612736186947245 -4.612736186947245 -4.612736186947245 -4.612736186947245
13.86934673366834 -4.553298702076097 -4.553298702076097 -4.553298702076097 -4.553298702076097 -4.553298702076097 -4.553298702076097 -4.553298702076097 -4.553298702076097 -4.553298702076097 -4.553298702076097 -4.553298702076097 -4.553298702076097 -4.553298702076097
13.944723618090451 -4.493861217204948 -4.493861217204948 -4.493861217204948 -4.493861217204948 -4.493861217204948 -4.493861217204948 -4.493861217204948 -4.493861217204948 -4.493861217204948 -4.493861217204948 -4.493861217204948 -4.493861217204948 -4.493861217204948
14.020100502512562 -4.4344237323338 -4.4344237323338 -4.4344237323338 -4.4344237323338 -4.4344237323338 -4.4344237323338 -4.4344237323338 -4.4344237323338 -4.4344237323338 -4.4344237323338 -4.4344237323338 -4.4344237323338 -4.4344237323338
14.095477386934672 -4.374986247462653 -4.374986247462653 -4.374986247462653 -4.374986247462653 -4.374986247462653 -4.374986247462653 -4.374986247462653 -4.374986247462653 -4.374986247462653 -4.374986247462653 -4.374986247462653 -4.374986247462653 -4.374986247462653
14.170854271356783 -4.315548762591504 -4.315548762591504 -4.315548762591504 -4.315548762591504 -4.315548762591504 -4.315548762591504 -4.315548762591504 -4.315548762591504 -4.315548762591504 -4.315548762591504 -4.315548762591504 -4.315548762591504 -4.315548762591504
14.246231155778894 -4.256111277720356 -4.256111277720356 -4.256111277720356 -4.256111277720356 -4.256111277720356 -4.256111277720356 -4.256111277720356 -4.256111277720356 -4.256111277720356 -4.256111277720356 -4.256111277720356 -4.256111277720356 -4.256111277720356
14.321608040201003 -4.196673792849209 -4.196673792849209 -4.196673792849209 -4.196673792849209 -4.196673792849209 -4.196673792849209 -4.196673792849209 -4.196673792849209 -4.196673792849209 -4.196673792849209 -4.196673792849209 -4.196673792849209 -4.196673792849209
14.396984924623114 -4.1372363079780605 -4.1372363079780605 -4.1372363079780605 -4.1372363079780605 -4.1372363079780605 -4.1372363079780605 -4.1372363079780605 -4.1372363079780605 -4.1372363079780605 -4.1372363079780605 -4.1372363079780605 -4.1372363079780605 -4.1372363079780605
14.472361809045225 -4.077798823106912 -4.077798823106912 -4.077798823106912 -4.077798823106912 -4.077798823106912 -4.077798823106912 -4.077798823106912 -4.077798823106912 -4.077798823106912 -4.077798823106912 -4.077798823106912 -4.077798823106912 -4.077798823106912
14.547738693467336 -4.0183613382357635 -4.0183613382357635 -4.0183613382357635 -4.0183613382357635 -4.0183613382357635 -4.0183613382357635 -4.0183613382357635 -4.0183613382357635 -4.0183613382357635 -4.0183613382357635 -4.0183613382357635 -4.0183613382357635 -4.0183613382357635
14.623115577889447 -3.958923853364615 -3.958923853364615 -3.958923853364615 -3.958923853364615 -3.958923853364615 -3.958923853364615 -3.958923853364615 -3.958923853364615 -3.958923853364615 -3.958923853364615 -3.958923853364615 -3.958923853364615 -3.958923853364615
14.698492462311556 -3.899486368493468 -3.899486368493468 -3.899486368493468 -3.899486368493468 -3.899486368493468 -3.899486368493468 -3.899486368493468 -3.899486368493468 -3.899486368493468 -3.899486368493468 -3.899486368493468 -3.899486368493468 -3.899486368493468
14.773869346733667 -3.8400488836223197 -3.8400488836223197 -3.8400488836223197 -3.8400488836223197 -3.8400488836223197 -3.8400488836223197 -3.8400488836223197 -3.8400488836223197 -3.8400488836223197 -3.8400488836223197 -3.8400488836223197 -3.8400488836223197 -3.8400488836223197
14.849246231155778 -3.780611398751171 -3.780611398751171 -3.780611398751171 -3.780611398751171 -3.780611398751171 -3.780611398751171 -3.780611398751171 -3.780611398751171 -3.780611398751171 -3.780611398751171 -3.780611398751171 -3.780611398751171 -3.780611398751171
14.924623115577887 -3.7211739138800226 -3.7211739138800226 -3.7211739138800226 -3.7211739138800226 -3.7211739138800226 -3.7211739138800226 -3.7211739138800226 -3.7211739138800226 -3.7211739138800226 -3.7211739138800226 -3.7211739138800226 -3.7211739138800226 -3.7211739138800226
15.0 -3.661736429008874 -3.661736429008874 -3.661736429008874 -3.661736429008874 -3.661736429008874 -3.661736429008874 -3.661736429008874 -3.661736429008874 -3.661736429008874 -3.661736429008874 -3.661736429008874 -3.661736429008874 -3.661736429008874
