web/models/linear/40/-15_490_0_056.dat
# %ECSV 1.0
# ---
# datatype:
# - {name: time, datatype: float64}
# - {name: swift_uvot_uvw2, datatype: float64}
# - {name: swift_uvot_uvm2, datatype: float64}
# - {name: swift_uvot_uvw1, datatype: float64}
# - {name: swift_uvot_U, datatype: float64}
# - {name: swift_uvot_B, datatype: float64}
# - {name: swift_uvot_V, datatype: float64}
# - {name: swift_uvot_W, datatype: float64}
# - {name: johnson_U, datatype: float64}
# - {name: johnson_B, datatype: float64}
# - {name: johnson_V, datatype: float64}
# - {name: johnson_R, datatype: float64}
# - {name: johnson_I, datatype: float64}
# - {name: sdss_u, datatype: float64}
# - {name: sdss_g, datatype: float64}
# - {name: sdss_r, datatype: float64}
# - {name: sdss_i, datatype: float64}
# - {name: sdss_z, datatype: float64}
# - {name: PS1_g, datatype: float64}
# - {name: PS1_r, datatype: float64}
# - {name: PS1_i, datatype: float64}
# - {name: PS1_z, datatype: float64}
# - {name: PS1_Y, datatype: float64}
# - {name: PS1_w, datatype: float64}
# - {name: ATLAS_c, datatype: float64}
# - {name: ATLAS_o, datatype: float64}
# - {name: ukirt_J, datatype: float64}
# - {name: ukirt_H, datatype: float64}
# - {name: ukirt_K, datatype: float64}
# - {name: Clear, datatype: float64}
# meta: !!omap
# - comment: [M=-15.489795918367347, dM=0.05643739198611264]
# schema: astropy-2.0
time swift_uvot_uvw2 swift_uvot_uvm2 swift_uvot_uvw1 swift_uvot_U swift_uvot_B swift_uvot_V swift_uvot_W johnson_U johnson_B johnson_V johnson_R johnson_I sdss_u sdss_g sdss_r sdss_i sdss_z PS1_g PS1_r PS1_i PS1_z PS1_Y PS1_w ATLAS_c ATLAS_o ukirt_J ukirt_H ukirt_K Clear
[from data line 27]
2.0351758793969847 -15.37493589950114 -15.37493589950114 -15.37493589950114 -15.37493589950114 -15.37493589950114 -15.37493589950114 -15.37493589950114 -15.37493589950114 -15.37493589950114 -15.37493589950114 -15.37493589950114 -15.37493589950114 -15.37493589950114 -15.37493589950114 -15.37493589950114 -15.37493589950114 -15.37493589950114 -15.37493589950114 -15.37493589950114 -15.37493589950114 -15.37493589950114 -15.37493589950114 -15.37493589950114 -15.37493589950114 -15.37493589950114 -15.37493589950114 -15.37493589950114 -15.37493589950114 -15.37493589950114
2.1105527638190953 -15.370681824728315 -15.370681824728315 -15.370681824728315 -15.370681824728315 -15.370681824728315 -15.370681824728315 -15.370681824728315 -15.370681824728315 -15.370681824728315 -15.370681824728315 -15.370681824728315 -15.370681824728315 -15.370681824728315 -15.370681824728315 -15.370681824728315 -15.370681824728315 -15.370681824728315 -15.370681824728315 -15.370681824728315 -15.370681824728315 -15.370681824728315 -15.370681824728315 -15.370681824728315 -15.370681824728315 -15.370681824728315 -15.370681824728315 -15.370681824728315 -15.370681824728315 -15.370681824728315
2.185929648241206 -15.366427749955493 -15.366427749955493 -15.366427749955493 -15.366427749955493 -15.366427749955493 -15.366427749955493 -15.366427749955493 -15.366427749955493 -15.366427749955493 -15.366427749955493 -15.366427749955493 -15.366427749955493 -15.366427749955493 -15.366427749955493 -15.366427749955493 -15.366427749955493 -15.366427749955493 -15.366427749955493 -15.366427749955493 -15.366427749955493 -15.366427749955493 -15.366427749955493 -15.366427749955493 -15.366427749955493 -15.366427749955493 -15.366427749955493 -15.366427749955493 -15.366427749955493 -15.366427749955493
2.2613065326633164 -15.362173675182671 -15.362173675182671 -15.362173675182671 -15.362173675182671 -15.362173675182671 -15.362173675182671 -15.362173675182671 -15.362173675182671 -15.362173675182671 -15.362173675182671 -15.362173675182671 -15.362173675182671 -15.362173675182671 -15.362173675182671 -15.362173675182671 -15.362173675182671 -15.362173675182671 -15.362173675182671 -15.362173675182671 -15.362173675182671 -15.362173675182671 -15.362173675182671 -15.362173675182671 -15.362173675182671 -15.362173675182671 -15.362173675182671 -15.362173675182671 -15.362173675182671 -15.362173675182671
2.336683417085427 -15.357919600409849 -15.357919600409849 -15.357919600409849 -15.357919600409849 -15.357919600409849 -15.357919600409849 -15.357919600409849 -15.357919600409849 -15.357919600409849 -15.357919600409849 -15.357919600409849 -15.357919600409849 -15.357919600409849 -15.357919600409849 -15.357919600409849 -15.357919600409849 -15.357919600409849 -15.357919600409849 -15.357919600409849 -15.357919600409849 -15.357919600409849 -15.357919600409849 -15.357919600409849 -15.357919600409849 -15.357919600409849 -15.357919600409849 -15.357919600409849 -15.357919600409849 -15.357919600409849
2.4120603015075375 -15.353665525637025 -15.353665525637025 -15.353665525637025 -15.353665525637025 -15.353665525637025 -15.353665525637025 -15.353665525637025 -15.353665525637025 -15.353665525637025 -15.353665525637025 -15.353665525637025 -15.353665525637025 -15.353665525637025 -15.353665525637025 -15.353665525637025 -15.353665525637025 -15.353665525637025 -15.353665525637025 -15.353665525637025 -15.353665525637025 -15.353665525637025 -15.353665525637025 -15.353665525637025 -15.353665525637025 -15.353665525637025 -15.353665525637025 -15.353665525637025 -15.353665525637025 -15.353665525637025
2.487437185929648 -15.349411450864203 -15.349411450864203 -15.349411450864203 -15.349411450864203 -15.349411450864203 -15.349411450864203 -15.349411450864203 -15.349411450864203 -15.349411450864203 -15.349411450864203 -15.349411450864203 -15.349411450864203 -15.349411450864203 -15.349411450864203 -15.349411450864203 -15.349411450864203 -15.349411450864203 -15.349411450864203 -15.349411450864203 -15.349411450864203 -15.349411450864203 -15.349411450864203 -15.349411450864203 -15.349411450864203 -15.349411450864203 -15.349411450864203 -15.349411450864203 -15.349411450864203 -15.349411450864203
2.5628140703517586 -15.34515737609138 -15.34515737609138 -15.34515737609138 -15.34515737609138 -15.34515737609138 -15.34515737609138 -15.34515737609138 -15.34515737609138 -15.34515737609138 -15.34515737609138 -15.34515737609138 -15.34515737609138 -15.34515737609138 -15.34515737609138 -15.34515737609138 -15.34515737609138 -15.34515737609138 -15.34515737609138 -15.34515737609138 -15.34515737609138 -15.34515737609138 -15.34515737609138 -15.34515737609138 -15.34515737609138 -15.34515737609138 -15.34515737609138 -15.34515737609138 -15.34515737609138 -15.34515737609138
2.638190954773869 -15.340903301318559 -15.340903301318559 -15.340903301318559 -15.340903301318559 -15.340903301318559 -15.340903301318559 -15.340903301318559 -15.340903301318559 -15.340903301318559 -15.340903301318559 -15.340903301318559 -15.340903301318559 -15.340903301318559 -15.340903301318559 -15.340903301318559 -15.340903301318559 -15.340903301318559 -15.340903301318559 -15.340903301318559 -15.340903301318559 -15.340903301318559 -15.340903301318559 -15.340903301318559 -15.340903301318559 -15.340903301318559 -15.340903301318559 -15.340903301318559 -15.340903301318559 -15.340903301318559
2.7135678391959797 -15.336649226545735 -15.336649226545735 -15.336649226545735 -15.336649226545735 -15.336649226545735 -15.336649226545735 -15.336649226545735 -15.336649226545735 -15.336649226545735 -15.336649226545735 -15.336649226545735 -15.336649226545735 -15.336649226545735 -15.336649226545735 -15.336649226545735 -15.336649226545735 -15.336649226545735 -15.336649226545735 -15.336649226545735 -15.336649226545735 -15.336649226545735 -15.336649226545735 -15.336649226545735 -15.336649226545735 -15.336649226545735 -15.336649226545735 -15.336649226545735 -15.336649226545735 -15.336649226545735
2.78894472361809 -15.332395151772912 -15.332395151772912 -15.332395151772912 -15.332395151772912 -15.332395151772912 -15.332395151772912 -15.332395151772912 -15.332395151772912 -15.332395151772912 -15.332395151772912 -15.332395151772912 -15.332395151772912 -15.332395151772912 -15.332395151772912 -15.332395151772912 -15.332395151772912 -15.332395151772912 -15.332395151772912 -15.332395151772912 -15.332395151772912 -15.332395151772912 -15.332395151772912 -15.332395151772912 -15.332395151772912 -15.332395151772912 -15.332395151772912 -15.332395151772912 -15.332395151772912 -15.332395151772912
2.8643216080402008 -15.32814107700009 -15.32814107700009 -15.32814107700009 -15.32814107700009 -15.32814107700009 -15.32814107700009 -15.32814107700009 -15.32814107700009 -15.32814107700009 -15.32814107700009 -15.32814107700009 -15.32814107700009 -15.32814107700009 -15.32814107700009 -15.32814107700009 -15.32814107700009 -15.32814107700009 -15.32814107700009 -15.32814107700009 -15.32814107700009 -15.32814107700009 -15.32814107700009 -15.32814107700009 -15.32814107700009 -15.32814107700009 -15.32814107700009 -15.32814107700009 -15.32814107700009 -15.32814107700009
2.9396984924623113 -15.323887002227268 -15.323887002227268 -15.323887002227268 -15.323887002227268 -15.323887002227268 -15.323887002227268 -15.323887002227268 -15.323887002227268 -15.323887002227268 -15.323887002227268 -15.323887002227268 -15.323887002227268 -15.323887002227268 -15.323887002227268 -15.323887002227268 -15.323887002227268 -15.323887002227268 -15.323887002227268 -15.323887002227268 -15.323887002227268 -15.323887002227268 -15.323887002227268 -15.323887002227268 -15.323887002227268 -15.323887002227268 -15.323887002227268 -15.323887002227268 -15.323887002227268 -15.323887002227268
3.015075376884422 -15.319632927454444 -15.319632927454444 -15.319632927454444 -15.319632927454444 -15.319632927454444 -15.319632927454444 -15.319632927454444 -15.319632927454444 -15.319632927454444 -15.319632927454444 -15.319632927454444 -15.319632927454444 -15.319632927454444 -15.319632927454444 -15.319632927454444 -15.319632927454444 -15.319632927454444 -15.319632927454444 -15.319632927454444 -15.319632927454444 -15.319632927454444 -15.319632927454444 -15.319632927454444 -15.319632927454444 -15.319632927454444 -15.319632927454444 -15.319632927454444 -15.319632927454444 -15.319632927454444
3.0904522613065324 -15.315378852681622 -15.315378852681622 -15.315378852681622 -15.315378852681622 -15.315378852681622 -15.315378852681622 -15.315378852681622 -15.315378852681622 -15.315378852681622 -15.315378852681622 -15.315378852681622 -15.315378852681622 -15.315378852681622 -15.315378852681622 -15.315378852681622 -15.315378852681622 -15.315378852681622 -15.315378852681622 -15.315378852681622 -15.315378852681622 -15.315378852681622 -15.315378852681622 -15.315378852681622 -15.315378852681622 -15.315378852681622 -15.315378852681622 -15.315378852681622 -15.315378852681622 -15.315378852681622
3.165829145728643 -15.3111247779088 -15.3111247779088 -15.3111247779088 -15.3111247779088 -15.3111247779088 -15.3111247779088 -15.3111247779088 -15.3111247779088 -15.3111247779088 -15.3111247779088 -15.3111247779088 -15.3111247779088 -15.3111247779088 -15.3111247779088 -15.3111247779088 -15.3111247779088 -15.3111247779088 -15.3111247779088 -15.3111247779088 -15.3111247779088 -15.3111247779088 -15.3111247779088 -15.3111247779088 -15.3111247779088 -15.3111247779088 -15.3111247779088 -15.3111247779088 -15.3111247779088 -15.3111247779088
3.2412060301507535 -15.306870703135978 -15.306870703135978 -15.306870703135978 -15.306870703135978 -15.306870703135978 -15.306870703135978 -15.306870703135978 -15.306870703135978 -15.306870703135978 -15.306870703135978 -15.306870703135978 -15.306870703135978 -15.306870703135978 -15.306870703135978 -15.306870703135978 -15.306870703135978 -15.306870703135978 -15.306870703135978 -15.306870703135978 -15.306870703135978 -15.306870703135978 -15.306870703135978 -15.306870703135978 -15.306870703135978 -15.306870703135978 -15.306870703135978 -15.306870703135978 -15.306870703135978 -15.306870703135978
3.316582914572864 -15.302616628363154 -15.302616628363154 -15.302616628363154 -15.302616628363154 -15.302616628363154 -15.302616628363154 -15.302616628363154 -15.302616628363154 -15.302616628363154 -15.302616628363154 -15.302616628363154 -15.302616628363154 -15.302616628363154 -15.302616628363154 -15.302616628363154 -15.302616628363154 -15.302616628363154 -15.302616628363154 -15.302616628363154 -15.302616628363154 -15.302616628363154 -15.302616628363154 -15.302616628363154 -15.302616628363154 -15.302616628363154 -15.302616628363154 -15.302616628363154 -15.302616628363154 -15.302616628363154
3.3919597989949746 -15.298362553590332 -15.298362553590332 -15.298362553590332 -15.298362553590332 -15.298362553590332 -15.298362553590332 -15.298362553590332 -15.298362553590332 -15.298362553590332 -15.298362553590332 -15.298362553590332 -15.298362553590332 -15.298362553590332 -15.298362553590332 -15.298362553590332 -15.298362553590332 -15.298362553590332 -15.298362553590332 -15.298362553590332 -15.298362553590332 -15.298362553590332 -15.298362553590332 -15.298362553590332 -15.298362553590332 -15.298362553590332 -15.298362553590332 -15.298362553590332 -15.298362553590332 -15.298362553590332
3.467336683417085 -15.29410847881751 -15.29410847881751 -15.29410847881751 -15.29410847881751 -15.29410847881751 -15.29410847881751 -15.29410847881751 -15.29410847881751 -15.29410847881751 -15.29410847881751 -15.29410847881751 -15.29410847881751 -15.29410847881751 -15.29410847881751 -15.29410847881751 -15.29410847881751 -15.29410847881751 -15.29410847881751 -15.29410847881751 -15.29410847881751 -15.29410847881751 -15.29410847881751 -15.29410847881751 -15.29410847881751 -15.29410847881751 -15.29410847881751 -15.29410847881751 -15.29410847881751 -15.29410847881751
3.5427135678391957 -15.289854404044688 -15.289854404044688 -15.289854404044688 -15.289854404044688 -15.289854404044688 -15.289854404044688 -15.289854404044688 -15.289854404044688 -15.289854404044688 -15.289854404044688 -15.289854404044688 -15.289854404044688 -15.289854404044688 -15.289854404044688 -15.289854404044688 -15.289854404044688 -15.289854404044688 -15.289854404044688 -15.289854404044688 -15.289854404044688 -15.289854404044688 -15.289854404044688 -15.289854404044688 -15.289854404044688 -15.289854404044688 -15.289854404044688 -15.289854404044688 -15.289854404044688 -15.289854404044688
3.618090452261306 -15.285600329271865 -15.285600329271865 -15.285600329271865 -15.285600329271865 -15.285600329271865 -15.285600329271865 -15.285600329271865 -15.285600329271865 -15.285600329271865 -15.285600329271865 -15.285600329271865 -15.285600329271865 -15.285600329271865 -15.285600329271865 -15.285600329271865 -15.285600329271865 -15.285600329271865 -15.285600329271865 -15.285600329271865 -15.285600329271865 -15.285600329271865 -15.285600329271865 -15.285600329271865 -15.285600329271865 -15.285600329271865 -15.285600329271865 -15.285600329271865 -15.285600329271865 -15.285600329271865
3.6934673366834168 -15.281346254499041 -15.281346254499041 -15.281346254499041 -15.281346254499041 -15.281346254499041 -15.281346254499041 -15.281346254499041 -15.281346254499041 -15.281346254499041 -15.281346254499041 -15.281346254499041 -15.281346254499041 -15.281346254499041 -15.281346254499041 -15.281346254499041 -15.281346254499041 -15.281346254499041 -15.281346254499041 -15.281346254499041 -15.281346254499041 -15.281346254499041 -15.281346254499041 -15.281346254499041 -15.281346254499041 -15.281346254499041 -15.281346254499041 -15.281346254499041 -15.281346254499041 -15.281346254499041
3.7688442211055273 -15.27709217972622 -15.27709217972622 -15.27709217972622 -15.27709217972622 -15.27709217972622 -15.27709217972622 -15.27709217972622 -15.27709217972622 -15.27709217972622 -15.27709217972622 -15.27709217972622 -15.27709217972622 -15.27709217972622 -15.27709217972622 -15.27709217972622 -15.27709217972622 -15.27709217972622 -15.27709217972622 -15.27709217972622 -15.27709217972622 -15.27709217972622 -15.27709217972622 -15.27709217972622 -15.27709217972622 -15.27709217972622 -15.27709217972622 -15.27709217972622 -15.27709217972622 -15.27709217972622
3.844221105527638 -15.272838104953397 -15.272838104953397 -15.272838104953397 -15.272838104953397 -15.272838104953397 -15.272838104953397 -15.272838104953397 -15.272838104953397 -15.272838104953397 -15.272838104953397 -15.272838104953397 -15.272838104953397 -15.272838104953397 -15.272838104953397 -15.272838104953397 -15.272838104953397 -15.272838104953397 -15.272838104953397 -15.272838104953397 -15.272838104953397 -15.272838104953397 -15.272838104953397 -15.272838104953397 -15.272838104953397 -15.272838104953397 -15.272838104953397 -15.272838104953397 -15.272838104953397 -15.272838104953397
3.9195979899497484 -15.268584030180575 -15.268584030180575 -15.268584030180575 -15.268584030180575 -15.268584030180575 -15.268584030180575 -15.268584030180575 -15.268584030180575 -15.268584030180575 -15.268584030180575 -15.268584030180575 -15.268584030180575 -15.268584030180575 -15.268584030180575 -15.268584030180575 -15.268584030180575 -15.268584030180575 -15.268584030180575 -15.268584030180575 -15.268584030180575 -15.268584030180575 -15.268584030180575 -15.268584030180575 -15.268584030180575 -15.268584030180575 -15.268584030180575 -15.268584030180575 -15.268584030180575 -15.268584030180575
