web/models/linear/40/-15_490_0_266.dat
# %ECSV 1.0
# ---
# datatype:
# - {name: time, datatype: float64}
# - {name: swift_uvot_uvw2, datatype: float64}
# - {name: swift_uvot_uvm2, datatype: float64}
# - {name: swift_uvot_uvw1, datatype: float64}
# - {name: swift_uvot_U, datatype: float64}
# - {name: swift_uvot_B, datatype: float64}
# - {name: swift_uvot_V, datatype: float64}
# - {name: swift_uvot_W, datatype: float64}
# - {name: johnson_U, datatype: float64}
# - {name: johnson_B, datatype: float64}
# - {name: johnson_V, datatype: float64}
# - {name: johnson_R, datatype: float64}
# - {name: johnson_I, datatype: float64}
# - {name: sdss_u, datatype: float64}
# - {name: sdss_g, datatype: float64}
# - {name: sdss_r, datatype: float64}
# - {name: sdss_i, datatype: float64}
# - {name: sdss_z, datatype: float64}
# - {name: PS1_g, datatype: float64}
# - {name: PS1_r, datatype: float64}
# - {name: PS1_i, datatype: float64}
# - {name: PS1_z, datatype: float64}
# - {name: PS1_Y, datatype: float64}
# - {name: PS1_w, datatype: float64}
# - {name: ATLAS_c, datatype: float64}
# - {name: ATLAS_o, datatype: float64}
# - {name: ukirt_J, datatype: float64}
# - {name: ukirt_H, datatype: float64}
# - {name: ukirt_K, datatype: float64}
# - {name: Clear, datatype: float64}
# meta: !!omap
# - comment: [M=-15.489795918367347, dM=0.26622358501432164]
# schema: astropy-2.0
time swift_uvot_uvw2 swift_uvot_uvm2 swift_uvot_uvw1 swift_uvot_U swift_uvot_B swift_uvot_V swift_uvot_W johnson_U johnson_B johnson_V johnson_R johnson_I sdss_u sdss_g sdss_r sdss_i sdss_z PS1_g PS1_r PS1_i PS1_z PS1_Y PS1_w ATLAS_c ATLAS_o ukirt_J ukirt_H ukirt_K Clear
[from data line 135]
10.175879396984923 -12.780736824628647 -12.780736824628647 -12.780736824628647 -12.780736824628647 -12.780736824628647 -12.780736824628647 -12.780736824628647 -12.780736824628647 -12.780736824628647 -12.780736824628647 -12.780736824628647 -12.780736824628647 -12.780736824628647 -12.780736824628647 -12.780736824628647 -12.780736824628647 -12.780736824628647 -12.780736824628647 -12.780736824628647 -12.780736824628647 -12.780736824628647 -12.780736824628647 -12.780736824628647 -12.780736824628647 -12.780736824628647 -12.780736824628647 -12.780736824628647 -12.780736824628647 -12.780736824628647
10.251256281407034 -12.760669720230583 -12.760669720230583 -12.760669720230583 -12.760669720230583 -12.760669720230583 -12.760669720230583 -12.760669720230583 -12.760669720230583 -12.760669720230583 -12.760669720230583 -12.760669720230583 -12.760669720230583 -12.760669720230583 -12.760669720230583 -12.760669720230583 -12.760669720230583 -12.760669720230583 -12.760669720230583 -12.760669720230583 -12.760669720230583 -12.760669720230583 -12.760669720230583 -12.760669720230583 -12.760669720230583 -12.760669720230583 -12.760669720230583 -12.760669720230583 -12.760669720230583 -12.760669720230583
10.326633165829145 -12.740602615832518 -12.740602615832518 -12.740602615832518 -12.740602615832518 -12.740602615832518 -12.740602615832518 -12.740602615832518 -12.740602615832518 -12.740602615832518 -12.740602615832518 -12.740602615832518 -12.740602615832518 -12.740602615832518 -12.740602615832518 -12.740602615832518 -12.740602615832518 -12.740602615832518 -12.740602615832518 -12.740602615832518 -12.740602615832518 -12.740602615832518 -12.740602615832518 -12.740602615832518 -12.740602615832518 -12.740602615832518 -12.740602615832518 -12.740602615832518 -12.740602615832518 -12.740602615832518
10.402010050251256 -12.720535511434454 -12.720535511434454 -12.720535511434454 -12.720535511434454 -12.720535511434454 -12.720535511434454 -12.720535511434454 -12.720535511434454 -12.720535511434454 -12.720535511434454 -12.720535511434454 -12.720535511434454 -12.720535511434454 -12.720535511434454 -12.720535511434454 -12.720535511434454 -12.720535511434454 -12.720535511434454 -12.720535511434454 -12.720535511434454 -12.720535511434454 -12.720535511434454 -12.720535511434454 -12.720535511434454 -12.720535511434454 -12.720535511434454 -12.720535511434454 -12.720535511434454 -12.720535511434454
10.477386934673365 -12.70046840703639 -12.70046840703639 -12.70046840703639 -12.70046840703639 -12.70046840703639 -12.70046840703639 -12.70046840703639 -12.70046840703639 -12.70046840703639 -12.70046840703639 -12.70046840703639 -12.70046840703639 -12.70046840703639 -12.70046840703639 -12.70046840703639 -12.70046840703639 -12.70046840703639 -12.70046840703639 -12.70046840703639 -12.70046840703639 -12.70046840703639 -12.70046840703639 -12.70046840703639 -12.70046840703639 -12.70046840703639 -12.70046840703639 -12.70046840703639 -12.70046840703639 -12.70046840703639
10.552763819095476 -12.680401302638325 -12.680401302638325 -12.680401302638325 -12.680401302638325 -12.680401302638325 -12.680401302638325 -12.680401302638325 -12.680401302638325 -12.680401302638325 -12.680401302638325 -12.680401302638325 -12.680401302638325 -12.680401302638325 -12.680401302638325 -12.680401302638325 -12.680401302638325 -12.680401302638325 -12.680401302638325 -12.680401302638325 -12.680401302638325 -12.680401302638325 -12.680401302638325 -12.680401302638325 -12.680401302638325 -12.680401302638325 -12.680401302638325 -12.680401302638325 -12.680401302638325 -12.680401302638325
10.628140703517587 -12.66033419824026 -12.66033419824026 -12.66033419824026 -12.66033419824026 -12.66033419824026 -12.66033419824026 -12.66033419824026 -12.66033419824026 -12.66033419824026 -12.66033419824026 -12.66033419824026 -12.66033419824026 -12.66033419824026 -12.66033419824026 -12.66033419824026 -12.66033419824026 -12.66033419824026 -12.66033419824026 -12.66033419824026 -12.66033419824026 -12.66033419824026 -12.66033419824026 -12.66033419824026 -12.66033419824026 -12.66033419824026 -12.66033419824026 -12.66033419824026 -12.66033419824026 -12.66033419824026
10.703517587939697 -12.640267093842198 -12.640267093842198 -12.640267093842198 -12.640267093842198 -12.640267093842198 -12.640267093842198 -12.640267093842198 -12.640267093842198 -12.640267093842198 -12.640267093842198 -12.640267093842198 -12.640267093842198 -12.640267093842198 -12.640267093842198 -12.640267093842198 -12.640267093842198 -12.640267093842198 -12.640267093842198 -12.640267093842198 -12.640267093842198 -12.640267093842198 -12.640267093842198 -12.640267093842198 -12.640267093842198 -12.640267093842198 -12.640267093842198 -12.640267093842198 -12.640267093842198 -12.640267093842198
10.778894472361808 -12.620199989444131 -12.620199989444131 -12.620199989444131 -12.620199989444131 -12.620199989444131 -12.620199989444131 -12.620199989444131 -12.620199989444131 -12.620199989444131 -12.620199989444131 -12.620199989444131 -12.620199989444131 -12.620199989444131 -12.620199989444131 -12.620199989444131 -12.620199989444131 -12.620199989444131 -12.620199989444131 -12.620199989444131 -12.620199989444131 -12.620199989444131 -12.620199989444131 -12.620199989444131 -12.620199989444131 -12.620199989444131 -12.620199989444131 -12.620199989444131 -12.620199989444131 -12.620199989444131
10.854271356783919 -12.600132885046067 -12.600132885046067 -12.600132885046067 -12.600132885046067 -12.600132885046067 -12.600132885046067 -12.600132885046067 -12.600132885046067 -12.600132885046067 -12.600132885046067 -12.600132885046067 -12.600132885046067 -12.600132885046067 -12.600132885046067 -12.600132885046067 -12.600132885046067 -12.600132885046067 -12.600132885046067 -12.600132885046067 -12.600132885046067 -12.600132885046067 -12.600132885046067 -12.600132885046067 -12.600132885046067 -12.600132885046067 -12.600132885046067 -12.600132885046067 -12.600132885046067 -12.600132885046067
10.92964824120603 -12.580065780648003 -12.580065780648003 -12.580065780648003 -12.580065780648003 -12.580065780648003 -12.580065780648003 -12.580065780648003 -12.580065780648003 -12.580065780648003 -12.580065780648003 -12.580065780648003 -12.580065780648003 -12.580065780648003 -12.580065780648003 -12.580065780648003 -12.580065780648003 -12.580065780648003 -12.580065780648003 -12.580065780648003 -12.580065780648003 -12.580065780648003 -12.580065780648003 -12.580065780648003 -12.580065780648003 -12.580065780648003 -12.580065780648003 -12.580065780648003 -12.580065780648003 -12.580065780648003
11.00502512562814 -12.559998676249938 -12.559998676249938 -12.559998676249938 -12.559998676249938 -12.559998676249938 -12.559998676249938 -12.559998676249938 -12.559998676249938 -12.559998676249938 -12.559998676249938 -12.559998676249938 -12.559998676249938 -12.559998676249938 -12.559998676249938 -12.559998676249938 -12.559998676249938 -12.559998676249938 -12.559998676249938 -12.559998676249938 -12.559998676249938 -12.559998676249938 -12.559998676249938 -12.559998676249938 -12.559998676249938 -12.559998676249938 -12.559998676249938 -12.559998676249938 -12.559998676249938 -12.559998676249938
11.08040201005025 -12.539931571851874 -12.539931571851874 -12.539931571851874 -12.539931571851874 -12.539931571851874 -12.539931571851874 -12.539931571851874 -12.539931571851874 -12.539931571851874 -12.539931571851874 -12.539931571851874 -12.539931571851874 -12.539931571851874 -12.539931571851874 -12.539931571851874 -12.539931571851874 -12.539931571851874 -12.539931571851874 -12.539931571851874 -12.539931571851874 -12.539931571851874 -12.539931571851874 -12.539931571851874 -12.539931571851874 -12.539931571851874 -12.539931571851874 -12.539931571851874 -12.539931571851874 -12.539931571851874
11.15577889447236 -12.51986446745381 -12.51986446745381 -12.51986446745381 -12.51986446745381 -12.51986446745381 -12.51986446745381 -12.51986446745381 -12.51986446745381 -12.51986446745381 -12.51986446745381 -12.51986446745381 -12.51986446745381 -12.51986446745381 -12.51986446745381 -12.51986446745381 -12.51986446745381 -12.51986446745381 -12.51986446745381 -12.51986446745381 -12.51986446745381 -12.51986446745381 -12.51986446745381 -12.51986446745381 -12.51986446745381 -12.51986446745381 -12.51986446745381 -12.51986446745381 -12.51986446745381 -12.51986446745381
11.231155778894472 -12.499797363055745 -12.499797363055745 -12.499797363055745 -12.499797363055745 -12.499797363055745 -12.499797363055745 -12.499797363055745 -12.499797363055745 -12.499797363055745 -12.499797363055745 -12.499797363055745 -12.499797363055745 -12.499797363055745 -12.499797363055745 -12.499797363055745 -12.499797363055745 -12.499797363055745 -12.499797363055745 -12.499797363055745 -12.499797363055745 -12.499797363055745 -12.499797363055745 -12.499797363055745 -12.499797363055745 -12.499797363055745 -12.499797363055745 -12.499797363055745 -12.499797363055745 -12.499797363055745
11.306532663316581 -12.479730258657682 -12.479730258657682 -12.479730258657682 -12.479730258657682 -12.479730258657682 -12.479730258657682 -12.479730258657682 -12.479730258657682 -12.479730258657682 -12.479730258657682 -12.479730258657682 -12.479730258657682 -12.479730258657682 -12.479730258657682 -12.479730258657682 -12.479730258657682 -12.479730258657682 -12.479730258657682 -12.479730258657682 -12.479730258657682 -12.479730258657682 -12.479730258657682 -12.479730258657682 -12.479730258657682 -12.479730258657682 -12.479730258657682 -12.479730258657682 -12.479730258657682 -12.479730258657682
11.381909547738692 -12.459663154259616 -12.459663154259616 -12.459663154259616 -12.459663154259616 -12.459663154259616 -12.459663154259616 -12.459663154259616 -12.459663154259616 -12.459663154259616 -12.459663154259616 -12.459663154259616 -12.459663154259616 -12.459663154259616 -12.459663154259616 -12.459663154259616 -12.459663154259616 -12.459663154259616 -12.459663154259616 -12.459663154259616 -12.459663154259616 -12.459663154259616 -12.459663154259616 -12.459663154259616 -12.459663154259616 -12.459663154259616 -12.459663154259616 -12.459663154259616 -12.459663154259616 -12.459663154259616
11.457286432160803 -12.439596049861553 -12.439596049861553 -12.439596049861553 -12.439596049861553 -12.439596049861553 -12.439596049861553 -12.439596049861553 -12.439596049861553 -12.439596049861553 -12.439596049861553 -12.439596049861553 -12.439596049861553 -12.439596049861553 -12.439596049861553 -12.439596049861553 -12.439596049861553 -12.439596049861553 -12.439596049861553 -12.439596049861553 -12.439596049861553 -12.439596049861553 -12.439596049861553 -12.439596049861553 -12.439596049861553 -12.439596049861553 -12.439596049861553 -12.439596049861553 -12.439596049861553 -12.439596049861553
11.532663316582914 -12.419528945463487 -12.419528945463487 -12.419528945463487 -12.419528945463487 -12.419528945463487 -12.419528945463487 -12.419528945463487 -12.419528945463487 -12.419528945463487 -12.419528945463487 -12.419528945463487 -12.419528945463487 -12.419528945463487 -12.419528945463487 -12.419528945463487 -12.419528945463487 -12.419528945463487 -12.419528945463487 -12.419528945463487 -12.419528945463487 -12.419528945463487 -12.419528945463487 -12.419528945463487 -12.419528945463487 -12.419528945463487 -12.419528945463487 -12.419528945463487 -12.419528945463487 -12.419528945463487
11.608040201005025 -12.399461841065424 -12.399461841065424 -12.399461841065424 -12.399461841065424 -12.399461841065424 -12.399461841065424 -12.399461841065424 -12.399461841065424 -12.399461841065424 -12.399461841065424 -12.399461841065424 -12.399461841065424 -12.399461841065424 -12.399461841065424 -12.399461841065424 -12.399461841065424 -12.399461841065424 -12.399461841065424 -12.399461841065424 -12.399461841065424 -12.399461841065424 -12.399461841065424 -12.399461841065424 -12.399461841065424 -12.399461841065424 -12.399461841065424 -12.399461841065424 -12.399461841065424 -12.399461841065424
11.683417085427134 -12.379394736667358 -12.379394736667358 -12.379394736667358 -12.379394736667358 -12.379394736667358 -12.379394736667358 -12.379394736667358 -12.379394736667358 -12.379394736667358 -12.379394736667358 -12.379394736667358 -12.379394736667358 -12.379394736667358 -12.379394736667358 -12.379394736667358 -12.379394736667358 -12.379394736667358 -12.379394736667358 -12.379394736667358 -12.379394736667358 -12.379394736667358 -12.379394736667358 -12.379394736667358 -12.379394736667358 -12.379394736667358 -12.379394736667358 -12.379394736667358 -12.379394736667358 -12.379394736667358
11.758793969849245 -12.359327632269295 -12.359327632269295 -12.359327632269295 -12.359327632269295 -12.359327632269295 -12.359327632269295 -12.359327632269295 -12.359327632269295 -12.359327632269295 -12.359327632269295 -12.359327632269295 -12.359327632269295 -12.359327632269295 -12.359327632269295 -12.359327632269295 -12.359327632269295 -12.359327632269295 -12.359327632269295 -12.359327632269295 -12.359327632269295 -12.359327632269295 -12.359327632269295 -12.359327632269295 -12.359327632269295 -12.359327632269295 -12.359327632269295 -12.359327632269295 -12.359327632269295 -12.359327632269295
11.834170854271356 -12.339260527871229 -12.339260527871229 -12.339260527871229 -12.339260527871229 -12.339260527871229 -12.339260527871229 -12.339260527871229 -12.339260527871229 -12.339260527871229 -12.339260527871229 -12.339260527871229 -12.339260527871229 -12.339260527871229 -12.339260527871229 -12.339260527871229 -12.339260527871229 -12.339260527871229 -12.339260527871229 -12.339260527871229 -12.339260527871229 -12.339260527871229 -12.339260527871229 -12.339260527871229 -12.339260527871229 -12.339260527871229 -12.339260527871229 -12.339260527871229 -12.339260527871229 -12.339260527871229
11.909547738693465 -12.319193423473166 -12.319193423473166 -12.319193423473166 -12.319193423473166 -12.319193423473166 -12.319193423473166 -12.319193423473166 -12.319193423473166 -12.319193423473166 -12.319193423473166 -12.319193423473166 -12.319193423473166 -12.319193423473166 -12.319193423473166 -12.319193423473166 -12.319193423473166 -12.319193423473166 -12.319193423473166 -12.319193423473166 -12.319193423473166 -12.319193423473166 -12.319193423473166 -12.319193423473166 -12.319193423473166 -12.319193423473166 -12.319193423473166 -12.319193423473166 -12.319193423473166 -12.319193423473166
11.984924623115576 -12.299126319075102 -12.299126319075102 -12.299126319075102 -12.299126319075102 -12.299126319075102 -12.299126319075102 -12.299126319075102 -12.299126319075102 -12.299126319075102 -12.299126319075102 -12.299126319075102 -12.299126319075102 -12.299126319075102 -12.299126319075102 -12.299126319075102 -12.299126319075102 -12.299126319075102 -12.299126319075102 -12.299126319075102 -12.299126319075102 -12.299126319075102 -12.299126319075102 -12.299126319075102 -12.299126319075102 -12.299126319075102 -12.299126319075102 -12.299126319075102 -12.299126319075102 -12.299126319075102
12.060301507537687 -12.279059214677037 -12.279059214677037 -12.279059214677037 -12.279059214677037 -12.279059214677037 -12.279059214677037 -12.279059214677037 -12.279059214677037 -12.279059214677037 -12.279059214677037 -12.279059214677037 -12.279059214677037 -12.279059214677037 -12.279059214677037 -12.279059214677037 -12.279059214677037 -12.279059214677037 -12.279059214677037 -12.279059214677037 -12.279059214677037 -12.279059214677037 -12.279059214677037 -12.279059214677037 -12.279059214677037 -12.279059214677037 -12.279059214677037 -12.279059214677037 -12.279059214677037 -12.279059214677037
