web/models/grb/offaxis/3/grb_0.2967_100.0000_0.3981072.dat
# %ECSV 1.0
# ---
# datatype:
# - {name: time, datatype: float64}
# - {name: swift_uvot_uvw2, datatype: float64}
# - {name: swift_uvot_uvm2, datatype: float64}
# - {name: swift_uvot_uvw1, datatype: float64}
# - {name: swift_uvot_U, datatype: float64}
# - {name: swift_uvot_B, datatype: float64}
# - {name: swift_uvot_V, datatype: float64}
# - {name: swift_uvot_W, datatype: float64}
# - {name: johnson_U, datatype: float64}
# - {name: johnson_B, datatype: float64}
# - {name: johnson_V, datatype: float64}
# - {name: johnson_R, datatype: float64}
# - {name: johnson_I, datatype: float64}
# - {name: sdss_u, datatype: float64}
# - {name: sdss_g, datatype: float64}
# - {name: sdss_r, datatype: float64}
# - {name: sdss_i, datatype: float64}
# - {name: sdss_z, datatype: float64}
# - {name: PS1_g, datatype: float64}
# - {name: PS1_r, datatype: float64}
# - {name: PS1_i, datatype: float64}
# - {name: PS1_z, datatype: float64}
# - {name: PS1_Y, datatype: float64}
# - {name: PS1_w, datatype: float64}
# - {name: ATLAS_c, datatype: float64}
# - {name: ATLAS_o, datatype: float64}
# - {name: ukirt_J, datatype: float64}
# - {name: ukirt_H, datatype: float64}
# - {name: ukirt_K, datatype: float64}
# - {name: Clear, datatype: float64}
# meta: !!omap
# - comment: [E = 0.043396498804093575, Eta0 = 8.02, GammaB = 12.0, dL = 0.012188, epsb = 6.760829753919819e-06, epse = 0.1, n = 0.3981071705534969,
#     p = 2.15, theta_obs = 0.29670597283903605, xiN = 1.0, z = 0.0, type = grb, E_kiso = 100.0]
# schema: astropy-2.0
time swift_uvot_uvw2 swift_uvot_uvm2 swift_uvot_uvw1 swift_uvot_U swift_uvot_B swift_uvot_V swift_uvot_W johnson_U johnson_B johnson_V johnson_R johnson_I sdss_u sdss_g sdss_r sdss_i sdss_z PS1_g PS1_r PS1_i PS1_z PS1_Y PS1_w ATLAS_c ATLAS_o ukirt_J ukirt_H ukirt_K Clear
[from data line 233]
2.5826 -6.363 -6.314 -6.389 -6.581 -6.724 -6.863 -6.502 -6.604 -6.726 -6.868 -7.009 -7.157 -6.599 -6.771 -6.943 -7.064 -7.175 -6.835 -6.978 -7.098 -7.197 -7.365 -6.941 -6.846 -6.999 -7.387 -7.556 -7.746 -7.031
2.6449 -6.393 -6.344 -6.418 -6.611 -6.754 -6.893 -6.532 -6.634 -6.756 -6.898 -7.039 -7.187 -6.629 -6.801 -6.973 -7.094 -7.205 -6.865 -7.008 -7.128 -7.227 -7.395 -6.971 -6.876 -7.029 -7.417 -7.586 -7.776 -7.061
2.7087 -6.423 -6.374 -6.448 -6.641 -6.784 -6.923 -6.562 -6.664 -6.786 -6.928 -7.069 -7.217 -6.659 -6.831 -7.003 -7.124 -7.235 -6.895 -7.038 -7.157 -7.256 -7.425 -7.001 -6.906 -7.059 -7.446 -7.616 -7.806 -7.091
2.7741 -6.427 -6.377 -6.452 -6.645 -6.788 -6.927 -6.566 -6.668 -6.79 -6.932 -7.072 -7.221 -6.663 -6.835 -7.007 -7.128 -7.238 -6.899 -7.041 -7.161 -7.26 -7.429 -7.005 -6.91 -7.062 -7.45 -7.62 -7.81 -7.095
2.841 -6.426 -6.377 -6.452 -6.645 -6.787 -6.926 -6.565 -6.667 -6.79 -6.931 -7.072 -7.22 -6.662 -6.835 -7.006 -7.127 -7.238 -6.898 -7.041 -7.161 -7.26 -7.428 -7.004 -6.909 -7.062 -7.45 -7.619 -7.809 -7.094
2.9095 -6.426 -6.376 -6.451 -6.644 -6.787 -6.926 -6.565 -6.667 -6.789 -6.931 -7.071 -7.22 -6.662 -6.834 -7.006 -7.127 -7.237 -6.898 -7.04 -7.16 -7.259 -7.428 -7.004 -6.908 -7.061 -7.449 -7.619 -7.809 -7.094
2.9797 -6.425 -6.376 -6.451 -6.644 -6.786 -6.925 -6.564 -6.666 -6.788 -6.93 -7.071 -7.219 -6.661 -6.834 -7.005 -7.126 -7.237 -6.897 -7.04 -7.16 -7.259 -7.427 -7.003 -6.908 -7.061 -7.449 -7.618 -7.808 -7.093
3.0516 -6.425 -6.375 -6.45 -6.643 -6.785 -6.925 -6.564 -6.665 -6.788 -6.93 -7.07 -7.219 -6.66 -6.833 -7.005 -7.126 -7.236 -6.897 -7.039 -7.159 -7.258 -7.426 -7.003 -6.907 -7.06 -7.448 -7.617 -7.808 -7.093
3.1252 -6.424 -6.375 -6.45 -6.643 -6.785 -6.924 -6.563 -6.665 -6.787 -6.929 -7.07 -7.218 -6.66 -6.832 -7.004 -7.125 -7.236 -6.896 -7.039 -7.159 -7.258 -7.426 -7.002 -6.907 -7.06 -7.448 -7.617 -7.807 -7.092
3.2006 -6.424 -6.374 -6.449 -6.642 -6.784 -6.924 -6.563 -6.664 -6.787 -6.929 -7.069 -7.218 -6.659 -6.832 -7.004 -7.124 -7.235 -6.896 -7.038 -7.158 -7.257 -7.425 -7.002 -6.906 -7.059 -7.447 -7.616 -7.807 -7.092
3.2778 -6.423 -6.374 -6.448 -6.641 -6.784 -6.923 -6.562 -6.664 -6.786 -6.928 -7.069 -7.217 -6.659 -6.831 -7.003 -7.124 -7.235 -6.895 -7.038 -7.158 -7.257 -7.425 -7.001 -6.906 -7.059 -7.447 -7.616 -7.806 -7.091
3.3569 -6.423 -6.373 -6.448 -6.641 -6.783 -6.922 -6.562 -6.663 -6.786 -6.928 -7.068 -7.217 -6.658 -6.831 -7.003 -7.123 -7.234 -6.895 -7.037 -7.157 -7.256 -7.424 -7.0 -6.905 -7.058 -7.446 -7.615 -7.806 -7.091
3.4378 -6.422 -6.373 -6.447 -6.64 -6.783 -6.922 -6.561 -6.663 -6.785 -6.927 -7.068 -7.216 -6.658 -6.83 -7.002 -7.123 -7.233 -6.894 -7.037 -7.156 -7.255 -7.424 -7.0 -6.905 -7.057 -7.445 -7.615 -7.805 -7.09
3.5208 -6.42 -6.37 -6.445 -6.638 -6.78 -6.92 -6.559 -6.66 -6.783 -6.925 -7.065 -7.214 -6.655 -6.828 -7.0 -7.121 -7.231 -6.892 -7.034 -7.154 -7.253 -7.421 -6.998 -6.902 -7.055 -7.443 -7.612 -7.803 -7.088
3.6057 -6.417 -6.368 -6.443 -6.636 -6.778 -6.917 -6.556 -6.658 -6.78 -6.922 -7.063 -7.211 -6.653 -6.826 -6.997 -7.118 -7.229 -6.889 -7.032 -7.152 -7.251 -7.419 -6.995 -6.9 -7.053 -7.441 -7.61 -7.8 -7.085
3.6927 -6.415 -6.366 -6.44 -6.633 -6.776 -6.915 -6.554 -6.656 -6.778 -6.92 -7.06 -7.209 -6.651 -6.823 -6.995 -7.116 -7.226 -6.887 -7.03 -7.149 -7.248 -7.417 -6.993 -6.898 -7.05 -7.438 -7.608 -7.798 -7.083
3.7818 -6.413 -6.363 -6.438 -6.631 -6.773 -6.913 -6.552 -6.653 -6.776 -6.918 -7.058 -7.207 -6.648 -6.821 -6.993 -7.113 -7.224 -6.885 -7.027 -7.147 -7.246 -7.414 -6.991 -6.895 -7.048 -7.436 -7.605 -7.796 -7.081
3.873 -6.41 -6.361 -6.436 -6.629 -6.771 -6.91 -6.549 -6.651 -6.773 -6.915 -7.056 -7.204 -6.646 -6.819 -6.99 -7.111 -7.222 -6.882 -7.025 -7.145 -7.244 -7.412 -6.988 -6.893 -7.046 -7.434 -7.603 -7.793 -7.078
3.9664 -6.408 -6.358 -6.433 -6.626 -6.769 -6.908 -6.547 -6.649 -6.771 -6.913 -7.053 -7.202 -6.644 -6.816 -6.988 -7.109 -7.219 -6.88 -7.023 -7.142 -7.241 -7.41 -6.986 -6.891 -7.043 -7.431 -7.601 -7.791 -7.076
4.0621 -6.406 -6.356 -6.431 -6.624 -6.766 -6.905 -6.545 -6.646 -6.769 -6.911 -7.051 -7.2 -6.641 -6.814 -6.986 -7.106 -7.217 -6.878 -7.02 -7.14 -7.239 -7.407 -6.983 -6.888 -7.041 -7.429 -7.598 -7.789 -7.074
4.1601 -6.403 -6.354 -6.429 -6.622 -6.764 -6.903 -6.542 -6.644 -6.766 -6.908 -7.049 -7.197 -6.639 -6.812 -6.983 -7.104 -7.215 -6.875 -7.018 -7.138 -7.237 -7.405 -6.981 -6.886 -7.039 -7.427 -7.596 -7.786 -7.071
4.2604 -6.401 -6.351 -6.426 -6.619 -6.762 -6.901 -6.54 -6.642 -6.764 -6.906 -7.046 -7.195 -6.637 -6.809 -6.981 -7.102 -7.212 -6.873 -7.016 -7.135 -7.234 -7.403 -6.979 -6.884 -7.036 -7.424 -7.594 -7.784 -7.069
4.3632 -6.399 -6.35 -6.425 -6.618 -6.76 -6.899 -6.538 -6.64 -6.762 -6.904 -7.045 -7.193 -6.635 -6.807 -6.979 -7.1 -7.211 -6.871 -7.014 -7.134 -7.233 -7.401 -6.977 -6.882 -7.035 -7.423 -7.592 -7.782 -7.067
4.4685 -6.401 -6.351 -6.426 -6.619 -6.762 -6.901 -6.54 -6.642 -6.764 -6.906 -7.046 -7.195 -6.637 -6.809 -6.981 -7.102 -7.212 -6.873 -7.015 -7.135 -7.234 -7.403 -6.979 -6.884 -7.036 -7.424 -7.594 -7.784 -7.069
4.5763 -6.403 -6.353 -6.428 -6.621 -6.763 -6.902 -6.542 -6.643 -6.766 -6.908 -7.048 -7.197 -6.638 -6.811 -6.983 -7.103 -7.214 -6.875 -7.017 -7.137 -7.236 -7.404 -6.98 -6.885 -7.038 -7.426 -7.595 -7.786 -7.071
4.6867 -6.404 -6.355 -6.43 -6.623 -6.765 -6.904 -6.543 -6.645 -6.767 -6.909 -7.05 -7.198 -6.64 -6.813 -6.984 -7.105 -7.216 -6.876 -7.019 -7.139 -7.238 -7.406 -6.982 -6.887 -7.04 -7.428 -7.597 -7.787 -7.072
4.7997 -6.406 -6.357 -6.431 -6.624 -6.767 -6.906 -6.545 -6.647 -6.769 -6.911 -7.052 -7.2 -6.642 -6.814 -6.986 -7.107 -7.218 -6.878 -7.021 -7.14 -7.24 -7.408 -6.984 -6.889 -7.042 -7.429 -7.599 -7.789 -7.074
4.9155 -6.408 -6.358 -6.433 -6.626 -6.769 -6.908 -6.547 -6.648 -6.771 -6.913 -7.053 -7.202 -6.643 -6.816 -6.988 -7.109 -7.219 -6.88 -7.022 -7.142 -7.241 -7.409 -6.986 -6.89 -7.043 -7.431 -7.601 -7.791 -7.076
5.0341 -6.409 -6.36 -6.435 -6.628 -6.77 -6.909 -6.549 -6.65 -6.773 -6.915 -7.055 -7.204 -6.645 -6.818 -6.99 -7.11 -7.221 -6.882 -7.024 -7.144 -7.243 -7.411 -6.987 -6.892 -7.045 -7.433 -7.602 -7.793 -7.078
5.1555 -6.411 -6.362 -6.437 -6.63 -6.772 -6.911 -6.55 -6.652 -6.774 -6.916 -7.057 -7.205 -6.647 -6.819 -6.991 -7.112 -7.223 -6.883 -7.026 -7.146 -7.245 -7.413 -6.989 -6.894 -7.047 -7.435 -7.604 -7.794 -7.079
5.2799 -6.413 -6.363 -6.438 -6.631 -6.774 -6.913 -6.552 -6.654 -6.776 -6.918 -7.058 -7.207 -6.649 -6.821 -6.993 -7.114 -7.224 -6.885 -7.028 -7.147 -7.246 -7.415 -6.991 -6.896 -7.048 -7.436 -7.606 -7.796 -7.081
5.4072 -6.415 -6.365 -6.44 -6.633 -6.775 -6.915 -6.554 -6.655 -6.778 -6.92 -7.06 -7.209 -6.65 -6.823 -6.995 -7.115 -7.226 -6.887 -7.029 -7.149 -7.248 -7.416 -6.993 -6.897 -7.05 -7.438 -7.607 -7.798 -7.083
5.5377 -6.405 -6.355 -6.43 -6.623 -6.765 -6.905 -6.544 -6.645 -6.768 -6.91 -7.05 -7.199 -6.64 -6.813 -6.985 -7.105 -7.216 -6.877 -7.019 -7.139 -7.238 -7.406 -6.983 -6.887 -7.04 -7.428 -7.597 -7.788 -7.073
5.6713 -6.365 -6.316 -6.391 -6.584 -6.726 -6.865 -6.504 -6.606 -6.729 -6.87 -7.011 -7.159 -6.601 -6.774 -6.945 -7.066 -7.177 -6.837 -6.98 -7.1 -7.199 -7.367 -6.943 -6.848 -7.001 -7.389 -7.558 -7.748 -7.033
5.8081 -6.326 -6.277 -6.351 -6.544 -6.687 -6.826 -6.465 -6.567 -6.689 -6.831 -6.972 -7.12 -6.562 -6.734 -6.906 -7.027 -7.137 -6.798 -6.941 -7.06 -7.159 -7.328 -6.904 -6.809 -6.961 -7.349 -7.519 -7.709 -6.994
5.9482 -6.287 -6.237 -6.312 -6.505 -6.647 -6.787 -6.426 -6.527 -6.65 -6.792 -6.932 -7.081 -6.522 -6.695 -6.867 -6.988 -7.098 -6.759 -6.901 -7.021 -7.12 -7.288 -6.865 -6.769 -6.922 -7.31 -7.479 -7.67 -6.955
6.0917 -6.247 -6.198 -6.273 -6.466 -6.608 -6.747 -6.386 -6.488 -6.611 -6.752 -6.893 -7.041 -6.483 -6.656 -6.828 -6.948 -7.059 -6.719 -6.862 -6.982 -7.081 -7.249 -6.825 -6.73 -6.883 -7.271 -7.44 -7.63 -6.915
6.2386 -6.208 -6.159 -6.233 -6.426 -6.569 -6.708 -6.347 -6.449 -6.571 -6.713 -6.854 -7.002 -6.444 -6.616 -6.788 -6.909 -7.02 -6.68 -6.823 -6.942 -7.042 -7.21 -6.786 -6.691 -6.844 -7.231 -7.401 -7.591 -6.876
6.3891 -6.169 -6.119 -6.194 -6.387 -6.529 -6.669 -6.308 -6.409 -6.532 -6.674 -6.814 -6.963 -6.404 -6.577 -6.749 -6.87 -6.98 -6.641 -6.783 -6.903 -7.002 -7.17 -6.747 -6.651 -6.804 -7.192 -7.361 -7.552 -6.837
6.5433 -6.129 -6.08 -6.155 -6.348 -6.49 -6.629 -6.268 -6.37 -6.493 -6.634 -6.775 -6.923 -6.365 -6.538 -6.71 -6.83 -6.941 -6.601 -6.744 -6.864 -6.963 -7.131 -6.707 -6.612 -6.765 -7.153 -7.322 -7.513 -6.798
6.7011 -6.09 -6.041 -6.115 -6.308 -6.451 -6.59 -6.229 -6.331 -6.453 -6.595 -6.736 -6.884 -6.326 -6.498 -6.67 -6.791 -6.902 -6.562 -6.705 -6.825 -6.924 -7.092 -6.668 -6.573 -6.726 -7.114 -7.283 -7.473 -6.758
6.8627 -6.051 -6.001 -6.076 -6.269 -6.412 -6.551 -6.19 -6.292 -6.414 -6.556 -6.696 -6.845 -6.286 -6.459 -6.631 -6.752 -6.862 -6.523 -6.665 -6.785 -6.884 -7.052 -6.629 -6.533 -6.686 -7.074 -7.244 -7.434 -6.719
7.0283 -6.001 -5.952 -6.027 -6.22 -6.362 -6.501 -6.141 -6.242 -6.365 -6.506 -6.647 -6.796 -6.237 -6.41 -6.582 -6.702 -6.813 -6.473 -6.616 -6.736 -6.835 -7.003 -6.579 -6.484 -6.637 -7.025 -7.194 -7.385 -6.67
7.1978 -5.939 -5.889 -5.964 -6.157 -6.3 -6.439 -6.078 -6.18 -6.302 -6.444 -6.584 -6.733 -6.174 -6.347 -6.519 -6.64 -6.75 -6.411 -6.553 -6.673 -6.772 -6.94 -6.517 -6.421 -6.574 -6.962 -7.132 -7.322 -6.607
7.3715 -5.876 -5.827 -5.901 -6.094 -6.237 -6.376 -6.015 -6.117 -6.239 -6.381 -6.522 -6.67 -6.112 -6.284 -6.456 -6.577 -6.688 -6.348 -6.491 -6.611 -6.71 -6.878 -6.454 -6.359 -6.512 -6.9 -7.069 -7.259 -6.544
7.5493 -5.813 -5.764 -5.839 -6.032 -6.174 -6.313 -5.952 -6.054 -6.177 -6.318 -6.459 -6.608 -6.049 -6.222 -6.394 -6.514 -6.625 -6.285 -6.428 -6.548 -6.647 -6.815 -6.391 -6.296 -6.449 -6.837 -7.006 -7.197 -6.482
7.7314 -5.751 -5.701 -5.776 -5.969 -6.112 -6.251 -5.89 -5.991 -6.114 -6.256 -6.396 -6.545 -5.986 -6.159 -6.331 -6.452 -6.562 -6.223 -6.365 -6.485 -6.584 -6.752 -6.329 -6.233 -6.386 -6.774 -6.944 -7.134 -6.419
7.9179 -5.688 -5.639 -5.713 -5.906 -6.049 -6.188 -5.827 -5.929 -6.051 -6.193 -6.334 -6.482 -5.924 -6.096 -6.268 -6.389 -6.5 -6.16 -6.303 -6.423 -6.522 -6.69 -6.266 -6.171 -6.324 -6.712 -6.881 -7.071 -6.356
8.1089 -5.625 -5.576 -5.651 -5.844 -5.986 -6.125 -5.764 -5.866 -5.989 -6.13 -6.271 -6.419 -5.861 -6.034 -6.206 -6.326 -6.437 -6.097 -6.24 -6.36 -6.459 -6.627 -6.203 -6.108 -6.261 -6.649 -6.818 -7.009 -6.294
8.3045 -5.563 -5.513 -5.588 -5.781 -5.923 -6.063 -5.702 -5.803 -5.926 -6.068 -6.208 -6.357 -5.798 -5.971 -6.143 -6.264 -6.374 -6.035 -6.177 -6.297 -6.396 -6.564 -6.141 -6.045 -6.198 -6.586 -6.755 -6.946 -6.231
8.5049 -5.5 -5.451 -5.525 -5.718 -5.861 -6.0 -5.639 -5.741 -5.863 -6.005 -6.146 -6.294 -5.736 -5.908 -6.08 -6.201 -6.312 -5.972 -6.115 -6.234 -6.334 -6.502 -6.078 -5.983 -6.136 -6.523 -6.693 -6.883 -6.168
8.71 -5.437 -5.388 -5.463 -5.656 -5.798 -5.937 -5.576 -5.678 -5.801 -5.942 -6.083 -6.231 -5.673 -5.846 -6.018 -6.138 -6.249 -5.909 -6.052 -6.172 -6.271 -6.439 -6.015 -5.92 -6.073 -6.461 -6.63 -6.82 -6.105
8.9201 -5.37 -5.32 -5.395 -5.588 -5.73 -5.869 -5.509 -5.61 -5.733 -5.875 -6.015 -6.164 -5.605 -5.778 -5.95 -6.07 -6.181 -5.842 -5.984 -6.104 -6.203 -6.371 -5.947 -5.852 -6.005 -6.393 -6.562 -6.753 -6.038
9.1353 -5.298 -5.248 -5.323 -5.516 -5.659 -5.798 -5.437 -5.539 -5.661 -5.803 -5.943 -6.092 -5.533 -5.706 -5.878 -5.999 -6.109 -5.77 -5.912 -6.032 -6.131 -6.3 -5.876 -5.78 -5.933 -6.321 -6.491 -6.681 -5.966
9.3557 -5.226 -5.177 -5.251 -5.444 -5.587 -5.726 -5.365 -5.467 -5.589 -5.731 -5.872 -6.02 -5.462 -5.634 -5.806 -5.927 -6.038 -5.698 -5.841 -5.96 -6.06 -6.228 -5.804 -5.709 -5.862 -6.249 -6.419 -6.609 -5.894
9.5814 -5.154 -5.105 -5.18 -5.373 -5.515 -5.654 -5.293 -5.395 -5.517 -5.659 -5.8 -5.948 -5.39 -5.563 -5.734 -5.855 -5.966 -5.626 -5.769 -5.889 -5.988 -6.156 -5.732 -5.637 -5.79 -6.178 -6.347 -6.537 -5.822
9.8125 -5.083 -5.033 -5.108 -5.301 -5.443 -5.582 -5.222 -5.323 -5.446 -5.588 -5.728 -5.877 -5.318 -5.491 -5.663 -5.783 -5.894 -5.555 -5.697 -5.817 -5.916 -6.084 -5.66 -5.565 -5.718 -6.106 -6.275 -6.466 -5.751
10.0492 -5.011 -4.961 -5.036 -5.229 -5.372 -5.511 -5.15 -5.252 -5.374 -5.516 -5.656 -5.805 -5.247 -5.419 -5.591 -5.712 -5.822 -5.483 -5.625 -5.745 -5.844 -6.013 -5.589 -5.494 -5.646 -6.034 -6.204 -6.394 -5.679
10.2917 -4.939 -4.89 -4.965 -5.157 -5.3 -5.439 -5.078 -5.18 -5.302 -5.444 -5.585 -5.733 -5.175 -5.347 -5.519 -5.64 -5.751 -5.411 -5.554 -5.674 -5.773 -5.941 -5.517 -5.422 -5.575 -5.963 -6.132 -6.322 -5.607
10.5399 -4.867 -4.818 -4.893 -5.086 -5.228 -5.367 -5.006 -5.108 -5.231 -5.372 -5.513 -5.661 -5.103 -5.276 -5.448 -5.568 -5.679 -5.339 -5.482 -5.602 -5.701 -5.869 -5.445 -5.35 -5.503 -5.891 -6.06 -6.251 -5.536
10.7942 -4.796 -4.746 -4.821 -5.014 -5.156 -5.296 -4.935 -5.036 -5.159 -5.301 -5.441 -5.59 -5.031 -5.204 -5.376 -5.496 -5.607 -5.268 -5.41 -5.53 -5.629 -5.797 -5.374 -5.278 -5.431 -5.819 -5.988 -6.179 -5.464
11.0546 -4.724 -4.674 -4.749 -4.942 -5.085 -5.224 -4.863 -4.965 -5.087 -5.229 -5.369 -5.518 -4.96 -5.132 -5.304 -5.425 -5.535 -5.196 -5.339 -5.458 -5.557 -5.726 -5.302 -5.207 -5.359 -5.747 -5.917 -6.107 -5.392
11.3212 -4.652 -4.602 -4.677 -4.87 -5.012 -5.152 -4.791 -4.892 -5.015 -5.157 -5.297 -5.446 -4.887 -5.06 -5.232 -5.352 -5.463 -5.124 -5.266 -5.386 -5.485 -5.653 -5.23 -5.134 -5.287 -5.675 -5.844 -6.035 -5.32
11.5943 -4.579 -4.53 -4.604 -4.797 -4.94 -5.079 -4.718 -4.82 -4.942 -5.084 -5.225 -5.373 -4.815 -4.987 -5.159 -5.28 -5.391 -5.051 -5.194 -5.314 -5.413 -5.581 -5.157 -5.062 -5.215 -5.603 -5.772 -5.962 -5.247
11.874 -4.507 -4.457 -4.532 -4.725 -4.867 -5.006 -4.646 -4.747 -4.87 -5.012 -5.152 -5.301 -4.742 -4.915 -5.087 -5.207 -5.318 -4.979 -5.121 -5.241 -5.34 -5.508 -5.084 -4.989 -5.142 -5.53 -5.699 -5.89 -5.175
12.1605 -4.434 -4.385 -4.459 -4.652 -4.795 -4.934 -4.573 -4.675 -4.797 -4.939 -5.08 -5.228 -4.67 -4.842 -5.014 -5.135 -5.246 -4.906 -5.049 -5.168 -5.267 -5.436 -5.012 -4.917 -5.07 -5.457 -5.627 -5.817 -5.102
12.4538 -4.362 -4.312 -4.387 -4.58 -4.722 -4.861 -4.501 -4.602 -4.725 -4.867 -5.007 -5.156 -4.597 -4.77 -4.942 -5.062 -5.173 -4.834 -4.976 -5.096 -5.195 -5.363 -4.939 -4.844 -4.997 -5.385 -5.554 -5.745 -5.03
12.7542 -4.289 -4.24 -4.314 -4.507 -4.65 -4.789 -4.428 -4.53 -4.652 -4.794 -4.934 -5.083 -4.525 -4.697 -4.869 -4.99 -5.1 -4.761 -4.904 -5.023 -5.122 -5.291 -4.867 -4.772 -4.924 -5.312 -5.482 -5.672 -4.957
13.0619 -4.216 -4.167 -4.242 -4.435 -4.577 -4.716 -4.356 -4.457 -4.58 -4.721 -4.862 -5.011 -4.452 -4.625 -4.797 -4.917 -5.028 -4.688 -4.831 -4.951 -5.05 -5.218 -4.794 -4.699 -4.852 -5.24 -5.409 -5.6 -4.885
13.377 -4.144 -4.094 -4.169 -4.362 -4.505 -4.644 -4.283 -4.385 -4.507 -4.649 -4.789 -4.938 -4.38 -4.552 -4.724 -4.845 -4.955 -4.616 -4.759 -4.878 -4.977 -5.146 -4.722 -4.627 -4.779 -5.167 -5.337 -5.527 -4.812
13.6997 -4.071 -4.022 -4.097 -4.29 -4.432 -4.571 -4.21 -4.312 -4.435 -4.576 -4.717 -4.865 -4.307 -4.48 -4.652 -4.772 -4.883 -4.543 -4.686 -4.806 -4.905 -5.073 -4.649 -4.554 -4.707 -5.095 -5.264 -5.455 -4.74
14.0302 -3.999 -3.949 -4.024 -4.217 -4.36 -4.499 -4.138 -4.24 -4.362 -4.504 -4.644 -4.793 -4.235 -4.407 -4.579 -4.7 -4.81 -4.471 -4.613 -4.733 -4.832 -5.001 -4.577 -4.482 -4.634 -5.022 -5.192 -5.382 -4.667
14.3686 -3.932 -3.883 -3.958 -4.151 -4.293 -4.432 -4.071 -4.173 -4.295 -4.437 -4.578 -4.726 -4.168 -4.34 -4.512 -4.633 -4.744 -4.404 -4.547 -4.667 -4.766 -4.934 -4.51 -4.415 -4.568 -4.956 -5.125 -5.315 -4.6
14.7153 -3.866 -3.817 -3.892 -4.085 -4.227 -4.366 -4.006 -4.107 -4.23 -4.371 -4.512 -4.661 -4.102 -4.275 -4.447 -4.567 -4.678 -4.338 -4.481 -4.601 -4.7 -4.868 -4.444 -4.349 -4.502 -4.89 -5.059 -5.25 -4.535
15.0702 -3.801 -3.751 -3.826 -4.019 -4.161 -4.301 -3.94 -4.041 -4.164 -4.306 -4.446 -4.595 -4.036 -4.209 -4.381 -4.502 -4.612 -4.273 -4.415 -4.535 -4.634 -4.802 -4.379 -4.283 -4.436 -4.824 -4.993 -5.184 -4.469
15.4338 -3.735 -3.686 -3.76 -3.953 -4.096 -4.235 -3.874 -3.976 -4.098 -4.24 -4.381 -4.529 -3.971 -4.143 -4.315 -4.436 -4.546 -4.207 -4.35 -4.469 -4.568 -4.737 -4.313 -4.218 -4.37 -4.758 -4.928 -5.118 -4.403
