web/models/grb/offaxis/3/grb_0.2967_719.6857_0.0630957.dat
# %ECSV 1.0
# ---
# datatype:
# - {name: time, datatype: float64}
# - {name: swift_uvot_uvw2, datatype: float64}
# - {name: swift_uvot_uvm2, datatype: float64}
# - {name: swift_uvot_uvw1, datatype: float64}
# - {name: swift_uvot_U, datatype: float64}
# - {name: swift_uvot_B, datatype: float64}
# - {name: swift_uvot_V, datatype: float64}
# - {name: swift_uvot_W, datatype: float64}
# - {name: johnson_U, datatype: float64}
# - {name: johnson_B, datatype: float64}
# - {name: johnson_V, datatype: float64}
# - {name: johnson_R, datatype: float64}
# - {name: johnson_I, datatype: float64}
# - {name: sdss_u, datatype: float64}
# - {name: sdss_g, datatype: float64}
# - {name: sdss_r, datatype: float64}
# - {name: sdss_i, datatype: float64}
# - {name: sdss_z, datatype: float64}
# - {name: PS1_g, datatype: float64}
# - {name: PS1_r, datatype: float64}
# - {name: PS1_i, datatype: float64}
# - {name: PS1_z, datatype: float64}
# - {name: PS1_Y, datatype: float64}
# - {name: PS1_w, datatype: float64}
# - {name: ATLAS_c, datatype: float64}
# - {name: ATLAS_o, datatype: float64}
# - {name: ukirt_J, datatype: float64}
# - {name: ukirt_H, datatype: float64}
# - {name: ukirt_K, datatype: float64}
# - {name: Clear, datatype: float64}
# meta: !!omap
# - comment: [E = 0.31231838447717747, Eta0 = 8.02, GammaB = 12.0, dL = 0.012188, epsb = 6.760829753919819e-06, epse = 0.1, n = 0.0630957344480193,
#     p = 2.15, theta_obs = 0.29670597283903605, xiN = 1.0, z = 0.0, type = grb, E_kiso = 719.6856730011514]
# schema: astropy-2.0
time swift_uvot_uvw2 swift_uvot_uvm2 swift_uvot_uvw1 swift_uvot_U swift_uvot_B swift_uvot_V swift_uvot_W johnson_U johnson_B johnson_V johnson_R johnson_I sdss_u sdss_g sdss_r sdss_i sdss_z PS1_g PS1_r PS1_i PS1_z PS1_Y PS1_w ATLAS_c ATLAS_o ukirt_J ukirt_H ukirt_K Clear
[from data line 318]
19.5882 -6.984 -6.934 -7.009 -7.202 -7.344 -7.483 -7.123 -7.224 -7.347 -7.489 -7.629 -7.778 -7.219 -7.392 -7.564 -7.684 -7.795 -7.456 -7.598 -7.718 -7.817 -7.985 -7.561 -7.466 -7.619 -8.007 -8.176 -8.367 -7.652
20.0607 -6.947 -6.898 -6.973 -7.166 -7.308 -7.447 -7.086 -7.188 -7.31 -7.452 -7.593 -7.741 -7.183 -7.356 -7.527 -7.648 -7.759 -7.419 -7.562 -7.682 -7.781 -7.949 -7.525 -7.43 -7.583 -7.971 -8.14 -8.33 -7.615
20.5446 -6.908 -6.859 -6.933 -7.126 -7.269 -7.408 -7.047 -7.149 -7.271 -7.413 -7.554 -7.702 -7.144 -7.316 -7.488 -7.609 -7.719 -7.38 -7.523 -7.642 -7.741 -7.91 -7.486 -7.391 -7.543 -7.931 -8.101 -8.291 -7.576
21.0402 -6.869 -6.819 -6.894 -7.087 -7.229 -7.369 -7.008 -7.109 -7.232 -7.374 -7.514 -7.663 -7.104 -7.277 -7.449 -7.569 -7.68 -7.341 -7.483 -7.603 -7.702 -7.87 -7.447 -7.351 -7.504 -7.892 -8.061 -8.252 -7.537
21.5478 -6.829 -6.78 -6.855 -7.048 -7.19 -7.329 -6.968 -7.07 -7.193 -7.334 -7.475 -7.623 -7.065 -7.238 -7.409 -7.53 -7.641 -7.301 -7.444 -7.564 -7.663 -7.831 -7.407 -7.312 -7.465 -7.853 -8.022 -8.212 -7.497
22.0676 -6.79 -6.741 -6.815 -7.008 -7.151 -7.29 -6.929 -7.031 -7.153 -7.295 -7.436 -7.584 -7.026 -7.198 -7.37 -7.491 -7.601 -7.262 -7.405 -7.524 -7.623 -7.792 -7.368 -7.273 -7.425 -7.813 -7.983 -8.173 -7.458
22.5999 -6.751 -6.701 -6.776 -6.969 -7.111 -7.251 -6.89 -6.991 -7.114 -7.256 -7.396 -7.545 -6.986 -7.159 -7.331 -7.452 -7.562 -7.223 -7.365 -7.485 -7.584 -7.752 -7.329 -7.233 -7.386 -7.774 -7.943 -8.134 -7.419
23.1451 -6.711 -6.662 -6.737 -6.93 -7.072 -7.211 -6.85 -6.952 -7.075 -7.216 -7.357 -7.505 -6.947 -7.12 -7.292 -7.412 -7.523 -7.183 -7.326 -7.446 -7.545 -7.713 -7.289 -7.194 -7.347 -7.735 -7.904 -8.094 -7.379
23.7034 -6.672 -6.623 -6.697 -6.89 -7.033 -7.172 -6.811 -6.913 -7.035 -7.177 -7.318 -7.466 -6.908 -7.08 -7.252 -7.373 -7.484 -7.144 -7.287 -7.406 -7.506 -7.674 -7.25 -7.155 -7.308 -7.695 -7.865 -8.055 -7.34
24.2752 -6.633 -6.583 -6.658 -6.851 -6.993 -7.133 -6.772 -6.873 -6.996 -7.138 -7.278 -7.427 -6.868 -7.041 -7.213 -7.334 -7.444 -7.105 -7.247 -7.367 -7.466 -7.634 -7.211 -7.115 -7.268 -7.656 -7.825 -8.016 -7.301
24.8608 -6.592 -6.542 -6.617 -6.81 -6.953 -7.092 -6.731 -6.833 -6.955 -7.097 -7.237 -7.386 -6.828 -7.0 -7.172 -7.293 -7.403 -7.064 -7.206 -7.326 -7.425 -7.594 -7.17 -7.074 -7.227 -7.615 -7.785 -7.975 -7.26
25.4606 -6.529 -6.48 -6.555 -6.747 -6.89 -7.029 -6.668 -6.77 -6.892 -7.034 -7.175 -7.323 -6.765 -6.937 -7.109 -7.23 -7.341 -7.001 -7.144 -7.264 -7.363 -7.531 -7.107 -7.012 -7.165 -7.553 -7.722 -7.912 -7.197
26.0748 -6.466 -6.417 -6.492 -6.685 -6.827 -6.966 -6.606 -6.707 -6.83 -6.971 -7.112 -7.261 -6.702 -6.875 -7.047 -7.167 -7.278 -6.938 -7.081 -7.201 -7.3 -7.468 -7.044 -6.949 -7.102 -7.49 -7.659 -7.85 -7.135
26.7038 -6.404 -6.354 -6.429 -6.622 -6.765 -6.904 -6.543 -6.645 -6.767 -6.909 -7.049 -7.198 -6.639 -6.812 -6.984 -7.105 -7.215 -6.876 -7.018 -7.138 -7.237 -7.405 -6.982 -6.886 -7.039 -7.427 -7.597 -7.787 -7.072
27.3479 -6.341 -6.292 -6.366 -6.559 -6.702 -6.841 -6.48 -6.582 -6.704 -6.846 -6.987 -7.135 -6.577 -6.749 -6.921 -7.042 -7.153 -6.813 -6.956 -7.076 -7.175 -7.343 -6.919 -6.824 -6.977 -7.365 -7.534 -7.724 -7.009
28.0077 -6.278 -6.229 -6.304 -6.497 -6.639 -6.778 -6.417 -6.519 -6.642 -6.783 -6.924 -7.073 -6.514 -6.687 -6.859 -6.979 -7.09 -6.75 -6.893 -7.013 -7.112 -7.28 -6.856 -6.761 -6.914 -7.302 -7.471 -7.662 -6.947
28.6833 -6.216 -6.166 -6.241 -6.434 -6.577 -6.716 -6.355 -6.456 -6.579 -6.721 -6.861 -7.01 -6.451 -6.624 -6.796 -6.917 -7.027 -6.688 -6.83 -6.95 -7.049 -7.217 -6.794 -6.698 -6.851 -7.239 -7.409 -7.599 -6.884
29.3752 -6.153 -6.104 -6.178 -6.371 -6.514 -6.653 -6.292 -6.394 -6.516 -6.658 -6.799 -6.947 -6.389 -6.561 -6.733 -6.854 -6.965 -6.625 -6.768 -6.888 -6.987 -7.155 -6.731 -6.636 -6.789 -7.177 -7.346 -7.536 -6.821
30.0838 -6.09 -6.041 -6.116 -6.309 -6.451 -6.59 -6.229 -6.331 -6.454 -6.595 -6.736 -6.884 -6.326 -6.499 -6.671 -6.791 -6.902 -6.562 -6.705 -6.825 -6.924 -7.092 -6.668 -6.573 -6.726 -7.114 -7.283 -7.474 -6.759
30.8096 -6.028 -5.978 -6.053 -6.246 -6.388 -6.528 -6.167 -6.268 -6.391 -6.533 -6.673 -6.822 -6.263 -6.436 -6.608 -6.729 -6.839 -6.5 -6.642 -6.762 -6.861 -7.029 -6.606 -6.51 -6.663 -7.051 -7.22 -7.411 -6.696
31.5528 -5.963 -5.914 -5.989 -6.181 -6.324 -6.463 -6.102 -6.204 -6.326 -6.468 -6.609 -6.757 -6.199 -6.371 -6.543 -6.664 -6.775 -6.435 -6.578 -6.698 -6.797 -6.965 -6.541 -6.446 -6.599 -6.987 -7.156 -7.346 -6.631
32.3139 -5.891 -5.842 -5.917 -6.11 -6.252 -6.391 -6.03 -6.132 -6.255 -6.396 -6.537 -6.685 -6.127 -6.3 -6.472 -6.592 -6.703 -6.363 -6.506 -6.626 -6.725 -6.893 -6.469 -6.374 -6.527 -6.915 -7.084 -7.274 -6.559
33.0935 -5.82 -5.77 -5.845 -6.038 -6.18 -6.32 -5.959 -6.06 -6.183 -6.325 -6.465 -6.614 -6.055 -6.228 -6.4 -6.52 -6.631 -6.292 -6.434 -6.554 -6.653 -6.821 -6.398 -6.302 -6.455 -6.843 -7.012 -7.203 -6.488
33.8918 -5.748 -5.698 -5.773 -5.966 -6.109 -6.248 -5.887 -5.989 -6.111 -6.253 -6.393 -6.542 -5.984 -6.156 -6.328 -6.449 -6.559 -6.22 -6.363 -6.482 -6.581 -6.75 -6.326 -6.231 -6.383 -6.771 -6.941 -7.131 -6.416
34.7093 -5.676 -5.627 -5.702 -5.895 -6.037 -6.176 -5.815 -5.917 -6.039 -6.181 -6.322 -6.47 -5.912 -6.084 -6.256 -6.377 -6.488 -6.148 -6.291 -6.411 -6.51 -6.678 -6.254 -6.159 -6.312 -6.7 -6.869 -7.059 -6.344
35.5466 -5.604 -5.555 -5.63 -5.823 -5.965 -6.104 -5.744 -5.845 -5.968 -6.109 -6.25 -6.399 -5.84 -6.013 -6.185 -6.305 -6.416 -6.077 -6.219 -6.339 -6.438 -6.606 -6.182 -6.087 -6.24 -6.628 -6.797 -6.988 -6.273
36.4041 -5.533 -5.483 -5.558 -5.751 -5.893 -6.033 -5.672 -5.773 -5.896 -6.038 -6.178 -6.327 -5.768 -5.941 -6.113 -6.234 -6.344 -6.005 -6.147 -6.267 -6.366 -6.534 -6.111 -6.015 -6.168 -6.556 -6.725 -6.916 -6.201
37.2823 -5.461 -5.412 -5.486 -5.679 -5.822 -5.961 -5.6 -5.702 -5.824 -5.966 -6.107 -6.255 -5.697 -5.869 -6.041 -6.162 -6.272 -5.933 -6.076 -6.195 -6.294 -6.463 -6.039 -5.944 -6.096 -6.484 -6.654 -6.844 -6.129
38.1817 -5.389 -5.34 -5.415 -5.608 -5.75 -5.889 -5.528 -5.63 -5.752 -5.894 -6.035 -6.183 -5.625 -5.798 -5.969 -6.09 -6.201 -5.861 -6.004 -6.124 -6.223 -6.391 -5.967 -5.872 -6.025 -6.413 -6.582 -6.772 -6.057
39.1028 -5.318 -5.268 -5.343 -5.536 -5.678 -5.817 -5.457 -5.558 -5.681 -5.823 -5.963 -6.112 -5.553 -5.726 -5.898 -6.018 -6.129 -5.79 -5.932 -6.052 -6.151 -6.319 -5.895 -5.8 -5.953 -6.341 -6.51 -6.701 -5.986
40.046 -5.246 -5.196 -5.271 -5.464 -5.606 -5.745 -5.385 -5.486 -5.609 -5.751 -5.891 -6.04 -5.481 -5.654 -5.826 -5.946 -6.057 -5.718 -5.86 -5.98 -6.079 -6.247 -5.823 -5.728 -5.881 -6.269 -6.438 -6.629 -5.914
41.0121 -5.173 -5.124 -5.198 -5.391 -5.534 -5.673 -5.312 -5.414 -5.536 -5.678 -5.819 -5.967 -5.409 -5.581 -5.753 -5.874 -5.984 -5.645 -5.788 -5.907 -6.006 -6.175 -5.751 -5.656 -5.808 -6.196 -6.366 -6.556 -5.841
42.0014 -5.1 -5.051 -5.126 -5.319 -5.461 -5.6 -5.24 -5.341 -5.464 -5.605 -5.746 -5.895 -5.336 -5.509 -5.681 -5.801 -5.912 -5.573 -5.715 -5.835 -5.934 -6.102 -5.678 -5.583 -5.736 -6.124 -6.293 -6.484 -5.769
43.0146 -5.028 -4.978 -5.053 -5.246 -5.389 -5.528 -5.167 -5.269 -5.391 -5.533 -5.673 -5.822 -5.264 -5.436 -5.608 -5.729 -5.839 -5.5 -5.643 -5.762 -5.861 -6.03 -5.606 -5.511 -5.663 -6.051 -6.221 -6.411 -5.696
44.0523 -4.955 -4.906 -4.981 -5.174 -5.316 -5.455 -5.094 -5.196 -5.319 -5.46 -5.601 -5.749 -5.191 -5.364 -5.536 -5.656 -5.767 -5.427 -5.57 -5.69 -5.789 -5.957 -5.533 -5.438 -5.591 -5.979 -6.148 -6.339 -5.624
45.1149 -4.883 -4.833 -4.908 -5.101 -5.244 -5.383 -5.022 -5.124 -5.246 -5.388 -5.528 -5.677 -5.119 -5.291 -5.463 -5.584 -5.694 -5.355 -5.497 -5.617 -5.716 -5.885 -5.461 -5.366 -5.518 -5.906 -6.076 -6.266 -5.551
46.2033 -4.81 -4.761 -4.836 -5.029 -5.171 -5.31 -4.949 -5.051 -5.174 -5.315 -5.456 -5.604 -5.046 -5.219 -5.39 -5.511 -5.622 -5.282 -5.425 -5.545 -5.644 -5.812 -5.388 -5.293 -5.446 -5.834 -6.003 -6.193 -5.478
47.3178 -4.738 -4.688 -4.763 -4.956 -5.099 -5.238 -4.877 -4.979 -5.101 -5.243 -5.383 -5.532 -4.974 -5.146 -5.318 -5.439 -5.549 -5.21 -5.352 -5.472 -5.571 -5.74 -5.316 -5.22 -5.373 -5.761 -5.931 -6.121 -5.406
48.4593 -4.665 -4.616 -4.691 -4.884 -5.026 -5.165 -4.804 -4.906 -5.028 -5.17 -5.311 -5.459 -4.901 -5.074 -5.245 -5.366 -5.477 -5.137 -5.28 -5.4 -5.499 -5.667 -5.243 -5.148 -5.301 -5.689 -5.858 -6.048 -5.333
49.6283 -4.593 -4.543 -4.618 -4.811 -4.954 -5.093 -4.732 -4.833 -4.956 -5.098 -5.238 -5.387 -4.828 -5.001 -5.173 -5.294 -5.404 -5.065 -5.207 -5.327 -5.426 -5.594 -5.171 -5.075 -5.228 -5.616 -5.786 -5.976 -5.261
50.8255 -4.524 -4.474 -4.549 -4.742 -4.884 -5.024 -4.663 -4.764 -4.887 -5.029 -5.169 -5.318 -4.759 -4.932 -5.104 -5.224 -5.335 -4.996 -5.138 -5.258 -5.357 -5.525 -5.101 -5.006 -5.159 -5.547 -5.716 -5.907 -5.192
52.0515 -4.458 -4.408 -4.483 -4.676 -4.819 -4.958 -4.597 -4.699 -4.821 -4.963 -5.103 -5.252 -4.694 -4.866 -5.038 -5.159 -5.269 -4.93 -5.073 -5.192 -5.291 -5.46 -5.036 -4.941 -5.093 -5.481 -5.651 -5.841 -5.126
53.3072 -4.392 -4.343 -4.418 -4.611 -4.753 -4.892 -4.531 -4.633 -4.755 -4.897 -5.038 -5.186 -4.628 -4.8 -4.972 -5.093 -5.204 -4.864 -5.007 -5.127 -5.226 -5.394 -4.97 -4.875 -5.028 -5.416 -5.585 -5.775 -5.06
54.5931 -4.326 -4.277 -4.352 -4.545 -4.687 -4.826 -4.466 -4.567 -4.69 -4.831 -4.972 -5.121 -4.562 -4.735 -4.907 -5.027 -5.138 -4.799 -4.941 -5.061 -5.16 -5.328 -4.904 -4.809 -4.962 -5.35 -5.519 -5.71 -4.995
55.9101 -4.261 -4.211 -4.286 -4.479 -4.622 -4.761 -4.4 -4.501 -4.624 -4.766 -4.906 -5.055 -4.496 -4.669 -4.841 -4.962 -5.072 -4.733 -4.875 -4.995 -5.094 -5.262 -4.839 -4.743 -4.896 -5.284 -5.453 -5.644 -4.929
57.2588 -4.195 -4.146 -4.22 -4.413 -4.556 -4.695 -4.334 -4.436 -4.558 -4.7 -4.841 -4.989 -4.431 -4.603 -4.775 -4.896 -5.006 -4.667 -4.81 -4.929 -5.028 -5.197 -4.773 -4.678 -4.83 -5.218 -5.388 -5.578 -4.863
58.6401 -4.129 -4.08 -4.155 -4.348 -4.49 -4.629 -4.268 -4.37 -4.492 -4.634 -4.775 -4.923 -4.365 -4.538 -4.709 -4.83 -4.941 -4.601 -4.744 -4.864 -4.963 -5.131 -4.707 -4.612 -4.765 -5.153 -5.322 -5.512 -4.797
60.0546 -4.064 -4.014 -4.089 -4.282 -4.424 -4.563 -4.203 -4.304 -4.427 -4.569 -4.709 -4.858 -4.299 -4.472 -4.644 -4.764 -4.875 -4.536 -4.678 -4.798 -4.897 -5.065 -4.641 -4.546 -4.699 -5.087 -5.256 -5.447 -4.732
61.5034 -3.998 -3.948 -4.023 -4.216 -4.359 -4.498 -4.137 -4.239 -4.361 -4.503 -4.643 -4.792 -4.234 -4.406 -4.578 -4.699 -4.809 -4.47 -4.612 -4.732 -4.831 -5.0 -4.576 -4.481 -4.633 -5.021 -5.191 -5.381 -4.666
62.987 -3.932 -3.883 -3.958 -4.15 -4.293 -4.432 -4.071 -4.173 -4.295 -4.437 -4.578 -4.726 -4.168 -4.34 -4.512 -4.633 -4.744 -4.404 -4.547 -4.667 -4.766 -4.934 -4.51 -4.415 -4.568 -4.956 -5.125 -5.315 -4.6
64.5065 -3.873 -3.823 -3.898 -4.091 -4.233 -4.372 -4.012 -4.113 -4.236 -4.378 -4.518 -4.667 -4.108 -4.281 -4.453 -4.573 -4.684 -4.345 -4.487 -4.607 -4.706 -4.874 -4.45 -4.355 -4.508 -4.896 -5.065 -5.256 -4.541
66.0626 -3.817 -3.767 -3.842 -4.035 -4.177 -4.316 -3.956 -4.057 -4.18 -4.322 -4.462 -4.611 -4.052 -4.225 -4.397 -4.517 -4.628 -4.289 -4.431 -4.551 -4.65 -4.818 -4.394 -4.299 -4.452 -4.84 -5.009 -5.2 -4.485
67.6562 -3.76 -3.711 -3.786 -3.979 -4.121 -4.26 -3.9 -4.001 -4.124 -4.265 -4.406 -4.555 -3.996 -4.169 -4.341 -4.461 -4.572 -4.232 -4.375 -4.495 -4.594 -4.762 -4.338 -4.243 -4.396 -4.784 -4.953 -5.144 -4.429
69.2883 -3.704 -3.655 -3.73 -3.923 -4.065 -4.204 -3.843 -3.945 -4.068 -4.209 -4.35 -4.498 -3.94 -4.113 -4.284 -4.405 -4.516 -4.176 -4.319 -4.439 -4.538 -4.706 -4.282 -4.187 -4.34 -4.728 -4.897 -5.087 -4.372
70.9597 -3.648 -3.599 -3.674 -3.867 -4.009 -4.148 -3.787 -3.889 -4.011 -4.153 -4.294 -4.442 -3.884 -4.057 -4.228 -4.349 -4.46 -4.12 -4.263 -4.383 -4.482 -4.65 -4.226 -4.131 -4.284 -4.672 -4.841 -5.031 -4.316
72.6715 -3.592 -3.543 -3.618 -3.811 -3.953 -4.092 -3.731 -3.833 -3.955 -4.097 -4.238 -4.386 -3.828 -4.0 -4.172 -4.293 -4.404 -4.064 -4.207 -4.327 -4.426 -4.594 -4.17 -4.075 -4.228 -4.616 -4.785 -4.975 -4.26
74.4246 -3.536 -3.487 -3.561 -3.754 -3.897 -4.036 -3.675 -3.777 -3.899 -4.041 -4.182 -4.33 -3.772 -3.944 -4.116 -4.237 -4.348 -4.008 -4.151 -4.271 -4.37 -4.538 -4.114 -4.019 -4.172 -4.56 -4.729 -4.919 -4.204
76.2199 -3.48 -3.431 -3.505 -3.698 -3.841 -3.98 -3.619 -3.721 -3.843 -3.985 -4.126 -4.274 -3.716 -3.888 -4.06 -4.181 -4.291 -3.952 -4.095 -4.214 -4.313 -4.482 -4.058 -3.963 -4.115 -4.503 -4.673 -4.863 -4.148
78.0586 -3.424 -3.374 -3.449 -3.642 -3.785 -3.924 -3.563 -3.665 -3.787 -3.929 -4.069 -4.218 -3.66 -3.832 -4.004 -4.125 -4.235 -3.896 -4.039 -4.158 -4.257 -4.426 -4.002 -3.907 -4.059 -4.447 -4.617 -4.807 -4.092
79.9416 -3.368 -3.318 -3.393 -3.586 -3.729 -3.868 -3.507 -3.609 -3.731 -3.873 -4.013 -4.162 -3.604 -3.776 -3.948 -4.069 -4.179 -3.84 -3.982 -4.102 -4.201 -4.37 -3.946 -3.851 -4.003 -4.391 -4.561 -4.751 -4.036
81.87 -3.313 -3.264 -3.339 -3.532 -3.674 -3.813 -3.452 -3.554 -3.676 -3.818 -3.959 -4.107 -3.549 -3.722 -3.893 -4.014 -4.125 -3.785 -3.928 -4.048 -4.147 -4.315 -3.891 -3.796 -3.949 -4.337 -4.506 -4.696 -3.981
83.845 -3.259 -3.21 -3.284 -3.477 -3.62 -3.759 -3.398 -3.5 -3.622 -3.764 -3.905 -4.053 -3.495 -3.667 -3.839 -3.96 -4.07 -3.731 -3.874 -3.993 -4.092 -4.261 -3.837 -3.742 -3.894 -4.282 -4.452 -4.642 -3.927
85.8676 -3.205 -3.155 -3.23 -3.423 -3.566 -3.705 -3.344 -3.445 -3.568 -3.71 -3.85 -3.999 -3.44 -3.613 -3.785 -3.906 -4.016 -3.677 -3.819 -3.939 -4.038 -4.206 -3.783 -3.687 -3.84 -4.228 -4.398 -4.588 -3.873
87.939 -3.151 -3.101 -3.176 -3.369 -3.511 -3.65 -3.29 -3.391 -3.514 -3.656 -3.796 -3.945 -3.386 -3.559 -3.731 -3.851 -3.962 -3.623 -3.765 -3.885 -3.984 -4.152 -3.728 -3.633 -3.786 -4.174 -4.343 -4.534 -3.819
90.0604 -3.096 -3.047 -3.122 -3.315 -3.457 -3.596 -3.235 -3.337 -3.459 -3.601 -3.742 -3.89 -3.332 -3.505 -3.676 -3.797 -3.908 -3.568 -3.711 -3.831 -3.93 -4.098 -3.674 -3.579 -3.732 -4.12 -4.289 -4.479 -3.764
92.2329 -3.042 -2.993 -3.067 -3.26 -3.403 -3.542 -3.181 -3.283 -3.405 -3.547 -3.688 -3.836 -3.278 -3.45 -3.622 -3.743 -3.854 -3.514 -3.657 -3.777 -3.876 -4.044 -3.62 -3.525 -3.678 -4.066 -4.235 -4.425 -3.71
94.4579 -2.988 -2.938 -3.013 -3.206 -3.349 -3.488 -3.127 -3.229 -3.351 -3.493 -3.633 -3.782 -3.224 -3.396 -3.568 -3.689 -3.799 -3.46 -3.602 -3.722 -3.821 -3.99 -3.566 -3.471 -3.623 -4.011 -4.181 -4.371 -3.656
96.7365 -2.934 -2.884 -2.959 -3.152 -3.294 -3.434 -3.073 -3.174 -3.297 -3.439 -3.579 -3.728 -3.169 -3.342 -3.514 -3.634 -3.745 -3.406 -3.548 -3.668 -3.767 -3.935 -3.512 -3.416 -3.569 -3.957 -4.126 -4.317 -3.602
99.0701 -2.879 -2.83 -2.905 -3.098 -3.24 -3.379 -3.018 -3.12 -3.243 -3.384 -3.525 -3.673 -3.115 -3.288 -3.46 -3.58 -3.691 -3.351 -3.494 -3.614 -3.713 -3.881 -3.457 -3.362 -3.515 -3.903 -4.072 -4.263 -3.548
101.4599 -2.825 -2.776 -2.851 -3.044 -3.186 -3.325 -2.964 -3.066 -3.188 -3.33 -3.471 -3.619 -3.061 -3.233 -3.405 -3.526 -3.637 -3.297 -3.44 -3.56 -3.659 -3.827 -3.403 -3.308 -3.461 -3.849 -4.018 -4.208 -3.493
103.9075 -2.776 -2.726 -2.801 -2.994 -3.137 -3.276 -2.915 -3.017 -3.139 -3.281 -3.421 -3.57 -3.012 -3.184 -3.356 -3.477 -3.587 -3.248 -3.391 -3.51 -3.609 -3.778 -3.354 -3.259 -3.411 -3.799 -3.969 -4.159 -3.444
106.4141 -2.727 -2.678 -2.752 -2.945 -3.088 -3.227 -2.866 -2.968 -3.09 -3.232 -3.373 -3.521 -2.963 -3.135 -3.307 -3.428 -3.539 -3.199 -3.342 -3.462 -3.561 -3.729 -3.305 -3.21 -3.363 -3.751 -3.92 -4.11 -3.395
108.9811 -2.678 -2.629 -2.704 -2.897 -3.039 -3.178 -2.817 -2.919 -3.041 -3.183 -3.324 -3.472 -2.914 -3.087 -3.258 -3.379 -3.49 -3.15 -3.293 -3.413 -3.512 -3.68 -3.256 -3.161 -3.314 -3.702 -3.871 -4.061 -3.346
111.6101 -2.629 -2.58 -2.655 -2.848 -2.99 -3.129 -2.768 -2.87 -2.993 -3.134 -3.275 -3.423 -2.865 -3.038 -3.209 -3.33 -3.441 -3.101 -3.244 -3.364 -3.463 -3.631 -3.207 -3.112 -3.265 -3.653 -3.822 -4.012 -3.297
114.3025 -2.58 -2.531 -2.606 -2.799 -2.941 -3.08 -2.72 -2.821 -2.944 -3.086 -3.226 -3.375 -2.816 -2.989 -3.161 -3.281 -3.392 -3.053 -3.195 -3.315 -3.414 -3.582 -3.158 -3.063 -3.216 -3.604 -3.773 -3.964 -3.249
117.0598 -2.532 -2.482 -2.557 -2.75 -2.892 -3.032 -2.671 -2.772 -2.895 -3.037 -3.177 -3.326 -2.767 -2.94 -3.112 -3.232 -3.343 -3.004 -3.146 -3.266 -3.365 -3.533 -3.11 -3.014 -3.167 -3.555 -3.724 -3.915 -3.2
