web/models/grb/offaxis/3/grb_0.2967_0.1931_0.0002512.dat
# %ECSV 1.0
# ---
# datatype:
# - {name: time, datatype: float64}
# - {name: swift_uvot_uvw2, datatype: float64}
# - {name: swift_uvot_uvm2, datatype: float64}
# - {name: swift_uvot_uvw1, datatype: float64}
# - {name: swift_uvot_U, datatype: float64}
# - {name: swift_uvot_B, datatype: float64}
# - {name: swift_uvot_V, datatype: float64}
# - {name: swift_uvot_W, datatype: float64}
# - {name: johnson_U, datatype: float64}
# - {name: johnson_B, datatype: float64}
# - {name: johnson_V, datatype: float64}
# - {name: johnson_R, datatype: float64}
# - {name: johnson_I, datatype: float64}
# - {name: sdss_u, datatype: float64}
# - {name: sdss_g, datatype: float64}
# - {name: sdss_r, datatype: float64}
# - {name: sdss_i, datatype: float64}
# - {name: sdss_z, datatype: float64}
# - {name: PS1_g, datatype: float64}
# - {name: PS1_r, datatype: float64}
# - {name: PS1_i, datatype: float64}
# - {name: PS1_z, datatype: float64}
# - {name: PS1_Y, datatype: float64}
# - {name: ukirt_J, datatype: float64}
# - {name: ukirt_H, datatype: float64}
# - {name: ukirt_K, datatype: float64}
# meta: !!omap
# - comment: [E = 8.378552168254816e-05, Eta0 = 8.02, GammaB = 12.0, dL = 0.012188, epsb = 6.760829753919819e-06, epse = 0.1, n = 0.00025118864315095795,
#     p = 2.15, theta_obs = 0.29670597283903605, xiN = 1.0, z = 0.0, type = grb, E_kiso = 0.19306977288832505]
# schema: astropy-2.0
time swift_uvot_uvw2 swift_uvot_uvm2 swift_uvot_uvw1 swift_uvot_U swift_uvot_B swift_uvot_V swift_uvot_W johnson_U johnson_B johnson_V johnson_R johnson_I sdss_u sdss_g sdss_r sdss_i sdss_z PS1_g PS1_r PS1_i PS1_z PS1_Y ukirt_J ukirt_H ukirt_K
[from data line 486]
1074.3869 26.123 26.172 26.097 25.904 25.762 25.623 25.984 25.882 25.76 25.618 25.477 25.329 25.887 25.714 25.543 25.422 25.311 25.651 25.508 25.388 25.289 25.121 25.099 24.93 24.74
1100.3045 26.436 26.486 26.411 26.218 26.076 25.936 26.297 26.196 26.073 25.931 25.791 25.642 26.201 26.028 25.856 25.735 25.625 25.964 25.822 25.702 25.603 25.435 25.413 25.244 25.053
1126.8473 26.75 26.799 26.724 26.532 26.389 26.25 26.611 26.509 26.387 26.245 26.104 25.956 26.514 26.342 26.17 26.049 25.938 26.278 26.135 26.015 25.916 25.748 25.726 25.557 25.367
1154.0304 27.063 27.113 27.038 26.845 26.703 26.564 26.924 26.823 26.7 26.558 26.418 26.269 26.828 26.655 26.483 26.363 26.252 26.591 26.449 26.329 26.23 26.062 26.04 25.871 25.68
1181.8693 27.377 27.426 27.352 27.159 27.016 26.877 27.238 27.136 27.014 26.872 26.732 26.583 27.141 26.969 26.797 26.676 26.566 26.905 26.762 26.643 26.544 26.375 26.354 26.184 25.994
1210.3797 27.691 27.74 27.665 27.472 27.33 27.191 27.552 27.45 27.327 27.186 27.045 26.897 27.455 27.282 27.11 26.99 26.879 27.219 27.076 26.956 26.857 26.689 26.667 26.498 26.307
1239.5778 28.004 28.054 27.979 27.786 27.643 27.504 27.865 27.763 27.641 27.499 27.359 27.21 27.768 27.596 27.424 27.303 27.193 27.532 27.39 27.27 27.171 27.002 26.981 26.811 26.621
1269.4803 28.318 28.367 28.292 28.099 27.957 27.818 28.179 28.077 27.955 27.813 27.672 27.524 28.082 27.909 27.738 27.617 27.506 27.846 27.703 27.583 27.484 27.316 27.294 27.125 26.935
1300.1042 28.631 28.681 28.606 28.413 28.271 28.131 28.492 28.391 28.268 28.126 27.986 27.837 28.396 28.223 28.051 27.93 27.82 28.159 28.017 27.897 27.798 27.63 27.608 27.439 27.248
1331.4668 28.945 28.994 28.919 28.727 28.584 28.445 28.806 28.704 28.582 28.44 28.299 28.151 28.709 28.537 28.365 28.244 28.133 28.473 28.33 28.21 28.111 27.943 27.921 27.752 27.562
1363.586 29.258 29.308 29.233 29.04 28.898 28.759 29.119 29.018 28.895 28.753 28.613 28.464 29.023 28.85 28.678 28.558 28.447 28.786 28.644 28.524 28.425 28.257 28.235 28.066 27.875
1396.48 29.572 29.621 29.547 29.354 29.211 29.072 29.433 29.331 29.209 29.067 28.926 28.778 29.336 29.164 28.992 28.871 28.761 29.1 28.957 28.838 28.739 28.57 28.549 28.379 28.189
1430.1675 29.886 29.935 29.86 29.667 29.525 29.386 29.746 29.645 29.522 29.381 29.24 29.091 29.65 29.477 29.305 29.185 29.074 29.414 29.271 29.151 29.052 28.884 28.862 28.693 28.502
1464.6676 30.199 30.249 30.174 29.981 29.838 29.699 30.06 29.958 29.836 29.694 29.554 29.405 29.963 29.791 29.619 29.498 29.388 29.727 29.585 29.465 29.366 29.197 29.176 29.006 28.816
1500.0 30.513 30.562 30.487 30.294 30.152 30.013 30.374 30.272 30.15 30.008 29.867 29.719 30.277 30.104 29.933 29.812 29.701 30.041 29.898 29.778 29.679 29.511 29.489 29.32 29.13
