web/models/grb/offaxis/3/grb_0.2967_138.9495_0.0000010.dat
# %ECSV 1.0
# ---
# datatype:
# - {name: time, datatype: float64}
# - {name: swift_uvot_uvw2, datatype: float64}
# - {name: swift_uvot_uvm2, datatype: float64}
# - {name: swift_uvot_uvw1, datatype: float64}
# - {name: swift_uvot_U, datatype: float64}
# - {name: swift_uvot_B, datatype: float64}
# - {name: swift_uvot_V, datatype: float64}
# - {name: swift_uvot_W, datatype: float64}
# - {name: johnson_U, datatype: float64}
# - {name: johnson_B, datatype: float64}
# - {name: johnson_V, datatype: float64}
# - {name: johnson_R, datatype: float64}
# - {name: johnson_I, datatype: float64}
# - {name: sdss_u, datatype: float64}
# - {name: sdss_g, datatype: float64}
# - {name: sdss_r, datatype: float64}
# - {name: sdss_i, datatype: float64}
# - {name: sdss_z, datatype: float64}
# - {name: PS1_g, datatype: float64}
# - {name: PS1_r, datatype: float64}
# - {name: PS1_i, datatype: float64}
# - {name: PS1_z, datatype: float64}
# - {name: PS1_Y, datatype: float64}
# - {name: ukirt_J, datatype: float64}
# - {name: ukirt_H, datatype: float64}
# - {name: ukirt_K, datatype: float64}
# meta: !!omap
# - comment: [E = 0.06029923955985733, Eta0 = 8.02, GammaB = 12.0, dL = 0.012188, epsb = 6.760829753919819e-06, epse = 0.1, n = 1e-06,
#     p = 2.15, theta_obs = 0.29670597283903605, xiN = 1.0, z = 0.0, type = grb, E_kiso = 138.9495494373139]
# schema: astropy-2.0
time swift_uvot_uvw2 swift_uvot_uvm2 swift_uvot_uvw1 swift_uvot_U swift_uvot_B swift_uvot_V swift_uvot_W johnson_U johnson_B johnson_V johnson_R johnson_I sdss_u sdss_g sdss_r sdss_i sdss_z PS1_g PS1_r PS1_i PS1_z PS1_Y ukirt_J ukirt_H ukirt_K
[from data line 144]
0.3095 17.845 17.894 17.82 17.627 17.484 17.345 17.706 17.604 17.482 17.34 17.2 17.051 17.609 17.437 17.265 17.144 17.034 17.373 17.23 17.111 17.012 16.843 16.822 16.652 16.462
0.317 17.591 17.64 17.565 17.372 17.23 17.091 17.451 17.35 17.227 17.085 16.945 16.796 17.355 17.182 17.01 16.89 16.779 17.118 16.976 16.856 16.757 16.589 16.567 16.398 16.207
0.3247 17.446 17.496 17.421 17.228 17.085 16.946 17.307 17.205 17.083 16.941 16.801 16.652 17.211 17.038 16.866 16.745 16.635 16.974 16.832 16.712 16.613 16.444 16.423 16.253 16.063
0.3325 17.302 17.351 17.277 17.084 16.941 16.802 17.163 17.061 16.939 16.797 16.656 16.508 17.066 16.894 16.722 16.601 16.49 16.83 16.687 16.568 16.468 16.3 16.279 16.109 15.919
0.3405 17.158 17.207 17.132 16.939 16.797 16.658 17.019 16.917 16.794 16.653 16.512 16.364 16.922 16.749 16.578 16.457 16.346 16.686 16.543 16.423 16.324 16.156 16.134 15.965 15.775
0.3487 17.013 17.063 16.988 16.795 16.653 16.513 16.874 16.773 16.65 16.508 16.368 16.219 16.778 16.605 16.433 16.313 16.202 16.541 16.399 16.279 16.18 16.012 15.99 15.821 15.63
0.3571 16.869 16.919 16.844 16.651 16.508 16.369 16.73 16.628 16.506 16.364 16.224 16.075 16.633 16.461 16.289 16.168 16.058 16.397 16.254 16.135 16.036 15.867 15.846 15.676 15.486
0.3657 16.725 16.774 16.699 16.506 16.364 16.225 16.586 16.484 16.362 16.22 16.079 15.931 16.489 16.317 16.145 16.024 15.913 16.253 16.11 15.99 15.891 15.723 15.701 15.532 15.342
0.3746 16.581 16.63 16.555 16.362 16.22 16.081 16.441 16.34 16.217 16.075 15.935 15.786 16.345 16.172 16.0 15.88 15.769 16.108 15.966 15.846 15.747 15.579 15.557 15.388 15.197
0.3836 16.436 16.486 16.411 16.218 16.075 15.936 16.297 16.196 16.073 15.931 15.791 15.642 16.201 16.028 15.856 15.735 15.625 15.964 15.822 15.702 15.603 15.435 15.413 15.243 15.053
0.3929 16.299 16.348 16.273 16.08 15.938 15.799 16.16 16.058 15.936 15.794 15.653 15.505 16.063 15.89 15.719 15.598 15.487 15.827 15.684 15.564 15.465 15.297 15.275 15.106 14.916
0.4023 16.242 16.292 16.217 16.024 15.882 15.742 16.103 16.002 15.879 15.737 15.597 15.448 16.007 15.834 15.662 15.542 15.431 15.77 15.628 15.508 15.409 15.241 15.219 15.05 14.859
0.412 16.186 16.235 16.161 15.968 15.825 15.686 16.047 15.945 15.823 15.681 15.54 15.392 15.95 15.778 15.606 15.485 15.375 15.714 15.571 15.452 15.353 15.184 15.163 14.993 14.803
0.422 16.13 16.179 16.104 15.911 15.769 15.63 15.991 15.889 15.766 15.625 15.484 15.336 15.894 15.721 15.549 15.429 15.318 15.658 15.515 15.395 15.296 15.128 15.106 14.937 14.747
0.4322 16.073 16.123 16.048 15.855 15.713 15.573 15.934 15.833 15.71 15.568 15.428 15.279 15.838 15.665 15.493 15.372 15.262 15.601 15.459 15.339 15.24 15.072 15.05 14.881 14.69
0.4426 16.017 16.066 15.991 15.799 15.656 15.517 15.878 15.776 15.654 15.512 15.371 15.223 15.781 15.609 15.437 15.316 15.205 15.545 15.402 15.282 15.183 15.015 14.993 14.824 14.634
0.4533 15.961 16.01 15.935 15.742 15.6 15.461 15.821 15.72 15.597 15.455 15.315 15.166 15.725 15.552 15.38 15.26 15.149 15.488 15.346 15.226 15.127 14.959 14.937 14.768 14.577
0.4642 15.904 15.954 15.879 15.686 15.543 15.404 15.765 15.663 15.541 15.399 15.259 15.11 15.668 15.496 15.324 15.203 15.093 15.432 15.29 15.17 15.071 14.902 14.881 14.711 14.521
0.4754 15.848 15.897 15.822 15.629 15.487 15.348 15.709 15.607 15.485 15.343 15.202 15.054 15.612 15.439 15.268 15.147 15.036 15.376 15.233 15.113 15.014 14.846 14.824 14.655 14.465
0.4869 15.791 15.841 15.766 15.573 15.431 15.292 15.652 15.551 15.428 15.286 15.146 14.997 15.556 15.383 15.211 15.091 14.98 15.319 15.177 15.057 14.958 14.79 14.768 14.599 14.408
0.4986 15.729 15.778 15.704 15.511 15.368 15.229 15.59 15.488 15.366 15.224 15.083 14.935 15.493 15.321 15.149 15.028 14.918 15.257 15.114 14.995 14.896 14.727 14.706 14.536 14.346
0.5106 15.645 15.695 15.62 15.427 15.284 15.145 15.506 15.405 15.282 15.14 15.0 14.851 15.41 15.237 15.065 14.944 14.834 15.173 15.031 14.911 14.812 14.644 14.622 14.452 14.262
0.523 15.562 15.611 15.536 15.343 15.201 15.062 15.422 15.321 15.198 15.056 14.916 14.767 15.326 15.153 14.981 14.861 14.75 15.089 14.947 14.827 14.728 14.56 14.538 14.369 14.178
0.5356 15.478 15.527 15.452 15.259 15.117 14.978 15.339 15.237 15.115 14.973 14.832 14.684 15.242 15.069 14.898 14.777 14.666 15.006 14.863 14.743 14.644 14.476 14.454 14.285 14.095
0.5485 15.394 15.443 15.369 15.176 15.033 14.894 15.255 15.153 15.031 14.889 14.748 14.6 15.158 14.986 14.814 14.693 14.583 14.922 14.779 14.66 14.561 14.392 14.371 14.201 14.011
0.5617 15.31 15.36 15.285 15.092 14.949 14.81 15.171 15.07 14.947 14.805 14.665 14.516 15.075 14.902 14.73 14.609 14.499 14.838 14.696 14.576 14.477 14.309 14.287 14.117 13.927
0.5753 15.227 15.276 15.201 15.008 14.866 14.727 15.087 14.986 14.863 14.721 14.581 14.432 14.991 14.818 14.646 14.526 14.415 14.754 14.612 14.492 14.393 14.225 14.203 14.034 13.843
0.5891 15.143 15.192 15.117 14.924 14.782 14.643 15.004 14.902 14.78 14.638 14.497 14.349 14.907 14.734 14.563 14.442 14.331 14.671 14.528 14.408 14.309 14.141 14.119 13.95 13.76
0.6034 15.059 15.108 15.034 14.841 14.698 14.559 14.92 14.818 14.696 14.554 14.413 14.265 14.823 14.651 14.479 14.358 14.248 14.587 14.444 14.325 14.226 14.057 14.036 13.866 13.676
0.6179 14.975 15.025 14.95 14.757 14.614 14.475 14.836 14.735 14.612 14.47 14.33 14.181 14.74 14.567 14.395 14.274 14.164 14.503 14.361 14.241 14.142 13.974 13.952 13.782 13.592
0.6328 14.807 14.857 14.782 14.589 14.447 14.307 14.668 14.567 14.444 14.302 14.162 14.013 14.572 14.399 14.227 14.106 13.996 14.335 14.193 14.073 13.974 13.806 13.784 13.615 13.424
0.6481 14.492 14.541 14.466 14.273 14.131 13.992 14.353 14.251 14.129 13.987 13.846 13.698 14.256 14.084 13.912 13.791 13.68 14.02 13.877 13.757 13.658 13.49 13.468 13.299 13.109
0.6637 14.176 14.226 14.151 13.958 13.816 13.676 14.037 13.936 13.813 13.671 13.531 13.382 13.941 13.768 13.596 13.476 13.365 13.704 13.562 13.442 13.343 13.175 13.153 12.984 12.793
0.6797 13.861 13.91 13.835 13.643 13.5 13.361 13.722 13.62 13.498 13.356 13.215 13.067 13.625 13.453 13.281 13.16 13.049 13.389 13.246 13.126 13.027 12.859 12.837 12.668 12.478
0.6961 13.545 13.595 13.52 13.327 13.185 13.046 13.406 13.305 13.182 13.04 12.9 12.751 13.31 13.137 12.965 12.845 12.734 13.073 12.931 12.811 12.712 12.544 12.522 12.353 12.162
0.7129 13.23 13.279 13.205 13.012 12.869 12.73 13.091 12.989 12.867 12.725 12.584 12.436 12.994 12.822 12.65 12.529 12.418 12.758 12.615 12.495 12.396 12.228 12.206 12.037 11.847
0.7301 12.914 12.964 12.889 12.696 12.554 12.415 12.775 12.674 12.551 12.409 12.269 12.12 12.679 12.506 12.334 12.214 12.103 12.442 12.3 12.18 12.081 11.913 11.891 11.722 11.531
0.7477 12.599 12.648 12.574 12.381 12.238 12.099 12.46 12.358 12.236 12.094 11.953 11.805 12.363 12.191 12.019 11.898 11.787 12.127 11.984 11.865 11.766 11.597 11.576 11.406 11.216
0.7658 12.283 12.333 12.258 12.065 11.923 11.784 12.144 12.043 11.92 11.778 11.638 11.489 12.048 11.875 11.703 11.583 11.472 11.811 11.669 11.549 11.45 11.282 11.26 11.091 10.9
0.7842 11.968 12.017 11.943 11.75 11.607 11.468 11.829 11.727 11.605 11.463 11.322 11.174 11.732 11.56 11.388 11.267 11.157 11.496 11.353 11.234 11.135 10.966 10.945 10.775 10.585
0.8032 11.743 11.792 11.718 11.525 11.382 11.243 11.604 11.502 11.38 11.238 11.097 10.949 11.507 11.335 11.163 11.042 10.932 11.271 11.128 11.009 10.91 10.741 10.72 10.55 10.36
0.8225 11.606 11.656 11.581 11.388 11.245 11.106 11.467 11.365 11.243 11.101 10.961 10.812 11.37 11.198 11.026 10.905 10.795 11.134 10.992 10.872 10.773 10.604 10.583 10.413 10.223
0.8424 11.469 11.519 11.444 11.251 11.109 10.969 11.33 11.229 11.106 10.964 10.824 10.675 11.234 11.061 10.889 10.768 10.658 10.997 10.855 10.735 10.636 10.468 10.446 10.277 10.086
0.8627 11.332 11.382 11.307 11.114 10.972 10.833 11.193 11.092 10.969 10.827 10.687 10.538 11.097 10.924 10.752 10.632 10.521 10.86 10.718 10.598 10.499 10.331 10.309 10.14 9.949
0.8835 11.196 11.245 11.17 10.977 10.835 10.696 11.057 10.955 10.832 10.691 10.55 10.402 10.96 10.787 10.615 10.495 10.384 10.724 10.581 10.461 10.362 10.194 10.172 10.003 9.813
0.9048 11.059 11.108 11.033 10.84 10.698 10.559 10.92 10.818 10.696 10.554 10.413 10.265 10.823 10.65 10.479 10.358 10.247 10.587 10.444 10.324 10.225 10.057 10.035 9.866 9.676
0.9266 10.922 10.971 10.897 10.704 10.561 10.422 10.783 10.681 10.559 10.417 10.276 10.128 10.686 10.514 10.342 10.221 10.11 10.45 10.307 10.188 10.088 9.92 9.899 9.729 9.539
0.949 10.785 10.835 10.76 10.567 10.424 10.285 10.646 10.544 10.422 10.28 10.14 9.991 10.549 10.377 10.205 10.084 9.974 10.313 10.17 10.051 9.952 9.783 9.762 9.592 9.402
0.9719 10.648 10.698 10.623 10.43 10.288 10.148 10.509 10.408 10.285 10.143 10.003 9.854 10.413 10.24 10.068 9.947 9.837 10.176 10.034 9.914 9.815 9.647 9.625 9.456 9.265
0.9953 10.511 10.561 10.486 10.293 10.151 10.012 10.372 10.271 10.148 10.006 9.866 9.717 10.276 10.103 9.931 9.811 9.7 10.039 9.897 9.777 9.678 9.51 9.488 9.319 9.128
1.0194 10.411 10.461 10.386 10.193 10.051 9.911 10.272 10.171 10.048 9.906 9.766 9.617 10.176 10.003 9.831 9.711 9.6 9.939 9.797 9.677 9.578 9.41 9.388 9.219 9.028
1.0439 10.331 10.381 10.306 10.113 9.97 9.831 10.192 10.09 9.968 9.826 9.686 9.537 10.095 9.923 9.751 9.63 9.52 9.859 9.717 9.597 9.498 9.329 9.308 9.138 8.948
1.0691 10.251 10.3 10.226 10.033 9.89 9.751 10.112 10.01 9.888 9.746 9.605 9.457 10.015 9.843 9.671 9.55 9.439 9.779 9.636 9.516 9.417 9.249 9.227 9.058 8.868
1.0949 10.171 10.22 10.145 9.952 9.81 9.671 10.032 9.93 9.808 9.666 9.525 9.377 9.935 9.762 9.591 9.47 9.359 9.699 9.556 9.436 9.337 9.169 9.147 8.978 8.788
1.1213 10.09 10.14 10.065 9.872 9.73 9.591 9.951 9.85 9.727 9.585 9.445 9.296 9.855 9.682 9.51 9.39 9.279 9.618 9.476 9.356 9.257 9.089 9.067 8.898 8.707
1.1484 10.01 10.06 9.985 9.792 9.649 9.51 9.871 9.769 9.647 9.505 9.365 9.216 9.775 9.602 9.43 9.309 9.199 9.538 9.396 9.276 9.177 9.009 8.987 8.817 8.627
1.1761 9.93 9.979 9.905 9.712 9.569 9.43 9.791 9.689 9.567 9.425 9.284 9.136 9.694 9.522 9.35 9.229 9.119 9.458 9.315 9.196 9.097 8.928 8.907 8.737 8.547
1.2044 9.85 9.899 9.824 9.631 9.489 9.35 9.711 9.609 9.487 9.345 9.204 9.056 9.614 9.441 9.27 9.149 9.038 9.378 9.235 9.115 9.016 8.848 8.826 8.657 8.467
1.2335 9.77 9.819 9.744 9.551 9.409 9.27 9.63 9.529 9.406 9.265 9.124 8.975 9.534 9.361 9.189 9.069 8.958 9.298 9.155 9.035 8.936 8.768 8.746 8.577 8.386
1.2633 9.689 9.739 9.664 9.471 9.329 9.189 9.55 9.449 9.326 9.184 9.044 8.895 9.454 9.281 9.109 8.989 8.878 9.217 9.075 8.955 8.856 8.688 8.666 8.497 8.306
1.2937 9.629 9.678 9.603 9.41 9.268 9.129 9.49 9.388 9.266 9.124 8.983 8.835 9.393 9.221 9.049 8.928 8.817 9.157 9.014 8.894 8.795 8.627 8.605 8.436 8.246
1.3249 9.573 9.623 9.548 9.355 9.213 9.074 9.434 9.333 9.21 9.068 8.928 8.779 9.338 9.165 8.993 8.873 8.762 9.101 8.959 8.839 8.74 8.572 8.55 8.381 8.19
1.3569 9.518 9.568 9.493 9.3 9.157 9.018 9.379 9.277 9.155 9.013 8.873 8.724 9.282 9.11 8.938 8.817 8.707 9.046 8.904 8.784 8.685 8.516 8.495 8.325 8.135
1.3896 9.463 9.512 9.437 9.244 9.102 8.963 9.324 9.222 9.1 8.958 8.817 8.669 9.227 9.055 8.883 8.762 8.651 8.991 8.848 8.728 8.629 8.461 8.439 8.27 8.08
1.4232 9.407 9.457 9.382 9.189 9.047 8.908 9.268 9.167 9.044 8.902 8.762 8.613 9.172 8.999 8.827 8.707 8.596 8.935 8.793 8.673 8.574 8.406 8.384 8.215 8.024
1.4575 9.352 9.402 9.327 9.134 8.991 8.852 9.213 9.111 8.989 8.847 8.707 8.558 9.116 8.944 8.772 8.651 8.541 8.88 8.737 8.618 8.519 8.35 8.329 8.159 7.969
1.4927 9.297 9.346 9.271 9.078 8.936 8.797 9.158 9.056 8.934 8.792 8.651 8.503 9.061 8.888 8.717 8.596 8.485 8.825 8.682 8.562 8.463 8.295 8.273 8.104 7.914
1.5287 9.241 9.291 9.216 9.023 8.881 8.742 9.102 9.001 8.878 8.736 8.596 8.447 9.006 8.833 8.661 8.541 8.43 8.769 8.627 8.507 8.408 8.24 8.218 8.049 7.858
1.5655 9.186 9.236 9.161 8.968 8.825 8.686 9.047 8.945 8.823 8.681 8.541 8.392 8.95 8.778 8.606 8.485 8.375 8.714 8.571 8.452 8.353 8.184 8.163 7.993 7.803
1.6033 9.131 9.18 9.105 8.912 8.77 8.631 8.992 8.89 8.768 8.626 8.485 8.337 8.895 8.722 8.551 8.43 8.319 8.659 8.516 8.396 8.297 8.129 8.107 7.938 7.748
1.642 9.055 9.104 9.029 8.836 8.694 8.555 8.916 8.814 8.691 8.55 8.409 8.261 8.819 8.646 8.474 8.354 8.243 8.583 8.44 8.32 8.221 8.053 8.031 7.862 7.672
1.6816 8.977 9.027 8.952 8.759 8.616 8.477 8.838 8.736 8.614 8.472 8.332 8.183 8.741 8.569 8.397 8.276 8.166 8.505 8.362 8.243 8.144 7.975 7.954 7.784 7.594
1.7222 8.9 8.949 8.874 8.681 8.539 8.4 8.76 8.659 8.536 8.395 8.254 8.105 8.664 8.491 8.319 8.199 8.088 8.428 8.285 8.165 8.066 7.898 7.876 7.707 7.516
1.7637 8.822 8.871 8.797 8.604 8.461 8.322 8.683 8.581 8.459 8.317 8.176 8.028 8.586 8.414 8.242 8.121 8.011 8.35 8.207 8.088 7.989 7.82 7.799 7.629 7.439
1.8062 8.744 8.794 8.719 8.526 8.384 8.245 8.605 8.504 8.381 8.239 8.099 7.95 8.509 8.336 8.164 8.044 7.933 8.272 8.13 8.01 7.911 7.743 7.721 7.552 7.361
1.8498 8.667 8.716 8.642 8.449 8.306 8.167 8.528 8.426 8.304 8.162 8.021 7.873 8.431 8.259 8.087 7.966 7.855 8.195 8.052 7.933 7.833 7.665 7.644 7.474 7.284
1.8944 8.589 8.639 8.564 8.371 8.229 8.09 8.45 8.349 8.226 8.084 7.944 7.795 8.354 8.181 8.009 7.889 7.778 8.117 7.975 7.855 7.756 7.588 7.566 7.397 7.206
1.9401 8.512 8.561 8.486 8.294 8.151 8.012 8.373 8.271 8.149 8.007 7.866 7.718 8.276 8.104 7.932 7.811 7.7 8.04 7.897 7.777 7.678 7.51 7.488 7.319 7.129
1.9869 8.434 8.484 8.409 8.216 8.074 7.934 8.295 8.194 8.071 7.929 7.789 7.64 8.199 8.026 7.854 7.734 7.623 7.962 7.82 7.7 7.601 7.433 7.411 7.242 7.051
2.0349 8.358 8.407 8.332 8.139 7.997 7.858 8.219 8.117 7.994 7.853 7.712 7.564 8.122 7.949 7.778 7.657 7.546 7.886 7.743 7.623 7.524 7.356 7.334 7.165 6.975
2.084 8.291 8.34 8.265 8.073 7.93 7.791 8.152 8.05 7.928 7.786 7.645 7.497 8.055 7.883 7.711 7.59 7.479 7.819 7.676 7.556 7.457 7.289 7.267 7.098 6.908
2.1342 8.224 8.274 8.199 8.006 7.863 7.724 8.085 7.983 7.861 7.719 7.579 7.43 7.988 7.816 7.644 7.523 7.413 7.752 7.609 7.49 7.391 7.222 7.201 7.031 6.841
2.1857 8.157 8.207 8.132 7.939 7.797 7.657 8.018 7.917 7.794 7.652 7.512 7.363 7.922 7.749 7.577 7.456 7.346 7.685 7.543 7.423 7.324 7.156 7.134 6.965 6.774
2.2384 8.09 8.14 8.065 7.872 7.73 7.591 7.951 7.85 7.727 7.585 7.445 7.296 7.855 7.682 7.51 7.39 7.279 7.618 7.476 7.356 7.257 7.089 7.067 6.898 6.707
2.2924 8.024 8.073 7.998 7.805 7.663 7.524 7.885 7.783 7.661 7.519 7.378 7.23 7.788 7.615 7.444 7.323 7.212 7.552 7.409 7.289 7.19 7.022 7.0 6.831 6.641
2.3477 7.957 8.006 7.931 7.739 7.596 7.457 7.818 7.716 7.594 7.452 7.311 7.163 7.721 7.549 7.377 7.256 7.145 7.485 7.342 7.222 7.123 6.955 6.933 6.764 6.574
2.4044 7.89 7.94 7.865 7.672 7.529 7.39 7.751 7.649 7.527 7.385 7.245 7.096 7.654 7.482 7.31 7.189 7.079 7.418 7.275 7.156 7.057 6.888 6.867 6.697 6.507
2.4624 7.823 7.873 7.798 7.605 7.463 7.323 7.684 7.583 7.46 7.318 7.178 7.029 7.588 7.415 7.243 7.122 7.012 7.351 7.209 7.089 6.99 6.822 6.8 6.631 6.44
2.5218 7.756 7.806 7.731 7.538 7.396 7.257 7.617 7.516 7.393 7.251 7.111 6.962 7.521 7.348 7.176 7.056 6.945 7.284 7.142 7.022 6.923 6.755 6.733 6.564 6.373
2.5826 7.695 7.744 7.669 7.476 7.334 7.195 7.555 7.454 7.331 7.19 7.049 6.9 7.459 7.286 7.114 6.994 6.883 7.223 7.08 6.96 6.861 6.693 6.671 6.502 6.311
2.6449 7.65 7.699 7.624 7.431 7.289 7.15 7.511 7.409 7.287 7.145 7.004 6.856 7.414 7.241 7.07 6.949 6.838 7.178 7.035 6.915 6.816 6.648 6.626 6.457 6.267
2.7087 7.605 7.654 7.58 7.387 7.244 7.105 7.466 7.364 7.242 7.1 6.959 6.811 7.369 7.197 7.025 6.904 6.793 7.133 6.99 6.871 6.771 6.603 6.582 6.412 6.222
2.7741 7.56 7.61 7.535 7.342 7.199 7.06 7.421 7.319 7.197 7.055 6.915 6.766 7.324 7.152 6.98 6.859 6.749 7.088 6.946 6.826 6.727 6.558 6.537 6.367 6.177
2.841 7.515 7.565 7.49 7.297 7.155 7.015 7.376 7.275 7.152 7.01 6.87 6.721 7.28 7.107 6.935 6.815 6.704 7.043 6.901 6.781 6.682 6.514 6.492 6.323 6.132
2.9095 7.471 7.52 7.445 7.252 7.11 6.971 7.331 7.23 7.107 6.966 6.825 6.676 7.235 7.062 6.89 6.77 6.659 6.999 6.856 6.736 6.637 6.469 6.447 6.278 6.087
