web/models/grb/offaxis/3/grb_0.2967_372.7594_0.0251189.dat
# %ECSV 1.0
# ---
# datatype:
# - {name: time, datatype: float64}
# - {name: swift_uvot_uvw2, datatype: float64}
# - {name: swift_uvot_uvm2, datatype: float64}
# - {name: swift_uvot_uvw1, datatype: float64}
# - {name: swift_uvot_U, datatype: float64}
# - {name: swift_uvot_B, datatype: float64}
# - {name: swift_uvot_V, datatype: float64}
# - {name: swift_uvot_W, datatype: float64}
# - {name: johnson_U, datatype: float64}
# - {name: johnson_B, datatype: float64}
# - {name: johnson_V, datatype: float64}
# - {name: johnson_R, datatype: float64}
# - {name: johnson_I, datatype: float64}
# - {name: sdss_u, datatype: float64}
# - {name: sdss_g, datatype: float64}
# - {name: sdss_r, datatype: float64}
# - {name: sdss_i, datatype: float64}
# - {name: sdss_z, datatype: float64}
# - {name: PS1_g, datatype: float64}
# - {name: PS1_r, datatype: float64}
# - {name: PS1_i, datatype: float64}
# - {name: PS1_z, datatype: float64}
# - {name: PS1_Y, datatype: float64}
# - {name: PS1_w, datatype: float64}
# - {name: ATLAS_c, datatype: float64}
# - {name: ATLAS_o, datatype: float64}
# - {name: ukirt_J, datatype: float64}
# - {name: ukirt_H, datatype: float64}
# - {name: ukirt_K, datatype: float64}
# - {name: Clear, datatype: float64}
# meta: !!omap
# - comment: [E = 0.16176451642579392, Eta0 = 8.02, GammaB = 12.0, dL = 0.012188, epsb = 6.760829753919819e-06, epse = 0.1, n = 0.025118864315095822,
#     p = 2.15, theta_obs = 0.29670597283903605, xiN = 1.0, z = 0.0, type = grb, E_kiso = 372.7593720314938]
# schema: astropy-2.0
time swift_uvot_uvw2 swift_uvot_uvm2 swift_uvot_uvw1 swift_uvot_U swift_uvot_B swift_uvot_V swift_uvot_W johnson_U johnson_B johnson_V johnson_R johnson_I sdss_u sdss_g sdss_r sdss_i sdss_z PS1_g PS1_r PS1_i PS1_z PS1_Y PS1_w ATLAS_c ATLAS_o ukirt_J ukirt_H ukirt_K Clear
0.01 nan nan nan nan nan nan nan nan nan nan nan nan nan nan nan nan nan nan nan nan nan nan nan nan nan nan nan nan nan
0.0102 nan nan nan nan nan nan nan nan nan nan nan nan nan nan nan nan nan nan nan nan nan nan nan nan nan nan nan nan nan
0.0105 nan nan nan nan nan nan nan nan nan nan nan nan nan nan nan nan nan nan nan nan nan nan nan nan nan nan nan nan nan
0.0107 nan nan nan nan nan nan nan nan nan nan nan nan nan nan nan nan nan nan nan nan nan nan nan nan nan nan nan nan nan
0.011 nan nan nan nan nan nan nan nan nan nan nan nan nan nan nan nan nan nan nan nan nan nan nan nan nan nan nan nan nan
0.0113 nan nan nan nan nan nan nan nan nan nan nan nan nan nan nan nan nan nan nan nan nan nan nan nan nan nan nan nan nan
0.0115 nan nan nan nan nan nan nan nan nan nan nan nan nan nan nan nan nan nan nan nan nan nan nan nan nan nan nan nan nan
0.0118 13.251 13.3 13.225 13.033 12.89 12.751 13.112 13.01 12.888 12.746 12.605 12.457 13.015 12.843 12.671 12.55 12.439 12.779 12.636 12.516 12.417 12.249 12.673 12.768 12.615 12.227 12.058 11.868 12.583
0.0121 12.687 12.737 12.662 12.469 12.327 12.188 12.548 12.447 12.324 12.182 12.042 11.893 12.452 12.279 12.107 11.987 11.876 12.215 12.073 11.953 11.854 11.686 12.11 12.205 12.052 11.664 11.495 11.304 12.019
0.0124 12.124 12.174 12.099 11.906 11.763 11.624 11.985 11.883 11.761 11.619 11.479 11.33 11.888 11.716 11.544 11.423 11.313 11.652 11.509 11.39 11.291 11.122 11.546 11.641 11.489 11.101 10.931 10.741 11.456
0.0127 11.561 11.61 11.535 11.342 11.2 11.061 11.422 11.32 11.197 11.056 10.915 10.767 11.325 11.152 10.981 10.86 10.749 11.089 10.946 10.826 10.727 10.559 10.983 11.078 10.925 10.537 10.368 10.178 10.893
0.013 10.997 11.047 10.972 10.779 10.636 10.497 10.858 10.757 10.634 10.492 10.352 10.203 10.762 10.589 10.417 10.296 10.186 10.525 10.383 10.263 10.164 9.996 10.419 10.515 10.362 9.974 9.804 9.614 10.329
0.0133 10.434 10.483 10.408 10.215 10.073 9.934 10.295 10.193 10.071 9.929 9.788 9.64 10.198 10.026 9.854 9.733 9.622 9.962 9.819 9.699 9.6 9.432 9.856 9.951 9.798 9.41 9.241 9.051 9.766
0.0136 9.87 9.92 9.845 9.652 9.51 9.371 9.731 9.63 9.507 9.365 9.225 9.076 9.635 9.462 9.29 9.17 9.059 9.398 9.256 9.136 9.037 8.869 9.293 9.388 9.235 8.847 8.678 8.487 9.202
0.014 9.307 9.356 9.282 9.089 8.946 8.807 9.168 9.066 8.944 8.802 8.662 8.513 9.071 8.899 8.727 8.606 8.496 8.835 8.692 8.573 8.474 8.305 8.729 8.824 8.672 8.284 8.114 7.924 8.639
0.0143 8.744 8.793 8.718 8.525 8.383 8.244 8.605 8.503 8.38 8.239 8.098 7.95 8.508 8.335 8.163 8.043 7.932 8.272 8.129 8.009 7.91 7.742 8.166 8.261 8.108 7.72 7.551 7.361 8.076
0.0146 8.18 8.23 8.155 7.962 7.819 7.68 8.041 7.939 7.817 7.675 7.535 7.386 7.945 7.772 7.6 7.479 7.369 7.708 7.566 7.446 7.347 7.178 7.602 7.698 7.545 7.157 6.987 6.797 7.512
0.015 7.874 7.924 7.849 7.656 7.514 7.374 7.735 7.634 7.511 7.369 7.229 7.08 7.639 7.466 7.294 7.173 7.063 7.402 7.26 7.14 7.041 6.873 7.296 7.392 7.239 6.851 6.682 6.491 7.206
0.0154 7.73 7.779 7.705 7.512 7.369 7.23 7.591 7.489 7.367 7.225 7.084 6.936 7.494 7.322 7.15 7.029 6.919 7.258 7.115 6.996 6.897 6.728 7.152 7.247 7.095 6.707 6.537 6.347 7.062
0.0157 7.586 7.635 7.56 7.367 7.225 7.086 7.447 7.345 7.223 7.081 6.94 6.792 7.35 7.177 7.006 6.885 6.774 7.114 6.971 6.851 6.752 6.584 7.008 7.103 6.95 6.562 6.393 6.203 6.918
0.0161 7.441 7.491 7.416 7.223 7.081 6.942 7.302 7.201 7.078 6.936 6.796 6.647 7.206 7.033 6.861 6.741 6.63 6.969 6.827 6.707 6.608 6.44 6.864 6.959 6.806 6.418 6.249 6.058 6.773
0.0165 7.297 7.347 7.272 7.079 6.936 6.797 7.158 7.056 6.934 6.792 6.652 6.503 7.061 6.889 6.717 6.596 6.486 6.825 6.683 6.563 6.464 6.295 6.719 6.814 6.662 6.274 6.104 5.914 6.629
0.0169 7.153 7.202 7.127 6.935 6.792 6.653 7.014 6.912 6.79 6.648 6.507 6.359 6.917 6.745 6.573 6.452 6.341 6.681 6.538 6.418 6.319 6.151 6.575 6.67 6.517 6.129 5.96 5.77 6.485
0.0173 7.009 7.058 6.983 6.79 6.648 6.509 6.87 6.768 6.645 6.504 6.363 6.214 6.773 6.6 6.428 6.308 6.197 6.537 6.394 6.274 6.175 6.007 6.431 6.526 6.373 5.985 5.816 5.625 6.34
0.0177 6.864 6.914 6.839 6.646 6.504 6.364 6.725 6.624 6.501 6.359 6.219 6.07 6.629 6.456 6.284 6.163 6.053 6.392 6.25 6.13 6.031 5.863 6.286 6.382 6.229 5.841 5.672 5.481 6.196
0.0181 6.72 6.769 6.695 6.502 6.359 6.22 6.581 6.479 6.357 6.215 6.074 5.926 6.484 6.312 6.14 6.019 5.909 6.248 6.105 5.986 5.887 5.718 6.142 6.237 6.085 5.697 5.527 5.337 6.052
0.0186 6.576 6.625 6.55 6.357 6.215 6.076 6.437 6.335 6.213 6.071 5.93 5.782 6.34 6.167 5.996 5.875 5.764 6.104 5.961 5.841 5.742 5.574 5.998 6.093 5.94 5.552 5.383 5.193 5.908
0.019 6.515 6.565 6.49 6.297 6.155 6.015 6.376 6.275 6.152 6.01 5.87 5.721 6.28 6.107 5.935 5.815 5.704 6.043 5.901 5.781 5.682 5.514 5.937 6.033 5.88 5.492 5.323 5.132 5.847
0.0195 6.459 6.508 6.434 6.241 6.098 5.959 6.32 6.218 6.096 5.954 5.813 5.665 6.223 6.051 5.879 5.758 5.648 5.987 5.844 5.725 5.626 5.457 5.881 5.976 5.824 5.436 5.266 5.076 5.791
0.02 6.403 6.452 6.377 6.184 6.042 5.903 6.264 6.162 6.039 5.898 5.757 5.609 6.167 5.994 5.822 5.702 5.591 5.931 5.788 5.668 5.569 5.401 5.825 5.92 5.767 5.379 5.21 5.02 5.735
0.0204 6.346 6.396 6.321 6.128 5.985 5.846 6.207 6.106 5.983 5.841 5.701 5.552 6.111 5.938 5.766 5.645 5.535 5.874 5.732 5.612 5.513 5.345 5.768 5.864 5.711 5.323 5.153 4.963 5.678
0.0209 6.29 6.339 6.264 6.072 5.929 5.79 6.151 6.049 5.927 5.785 5.644 5.496 6.054 5.882 5.71 5.589 5.478 5.818 5.675 5.555 5.456 5.288 5.712 5.807 5.654 5.266 5.097 4.907 5.622
0.0214 6.234 6.283 6.208 6.015 5.873 5.734 6.094 5.993 5.87 5.728 5.588 5.439 5.998 5.825 5.653 5.533 5.422 5.761 5.619 5.499 5.4 5.232 5.656 5.751 5.598 5.21 5.041 4.85 5.565
0.022 6.177 6.227 6.152 5.959 5.816 5.677 6.038 5.936 5.814 5.672 5.532 5.383 5.941 5.769 5.597 5.476 5.366 5.705 5.563 5.443 5.344 5.175 5.599 5.694 5.542 5.154 4.984 4.794 5.509
0.0225 6.121 6.17 6.095 5.902 5.76 5.621 5.982 5.88 5.758 5.616 5.475 5.327 5.885 5.712 5.541 5.42 5.309 5.649 5.506 5.386 5.287 5.119 5.543 5.638 5.485 5.097 4.928 4.738 5.453
0.023 6.064 6.114 6.039 5.846 5.704 5.565 5.925 5.824 5.701 5.559 5.419 5.27 5.829 5.656 5.484 5.364 5.253 5.592 5.45 5.33 5.231 5.063 5.487 5.582 5.429 5.041 4.872 4.681 5.396
0.0236 6.005 6.055 5.98 5.787 5.645 5.505 5.866 5.765 5.642 5.5 5.36 5.211 5.77 5.597 5.425 5.305 5.194 5.533 5.391 5.271 5.172 5.004 5.427 5.523 5.37 4.982 4.813 4.622 5.337
0.0242 5.922 5.971 5.896 5.703 5.561 5.422 5.783 5.681 5.558 5.417 5.276 5.128 5.686 5.513 5.341 5.221 5.11 5.45 5.307 5.187 5.088 4.92 5.344 5.439 5.286 4.898 4.729 4.538 5.253
0.0247 5.838 5.887 5.812 5.619 5.477 5.338 5.699 5.597 5.475 5.333 5.192 5.044 5.602 5.43 5.258 5.137 5.026 5.366 5.223 5.103 5.004 4.836 5.26 5.355 5.202 4.814 4.645 4.455 5.17
0.0253 5.754 5.804 5.729 5.536 5.393 5.254 5.615 5.513 5.391 5.249 5.109 4.96 5.518 5.346 5.174 5.053 4.943 5.282 5.139 5.02 4.921 4.752 5.176 5.271 5.119 4.731 4.561 4.371 5.086
0.0259 5.67 5.72 5.645 5.452 5.31 5.17 5.531 5.43 5.307 5.165 5.025 4.876 5.435 5.262 5.09 4.97 4.859 5.198 5.056 4.936 4.837 4.669 5.092 5.188 5.035 4.647 4.478 4.287 5.002
0.0266 5.587 5.636 5.561 5.368 5.226 5.087 5.448 5.346 5.223 5.082 4.941 4.793 5.351 5.178 5.006 4.886 4.775 5.115 4.972 4.852 4.753 4.585 5.009 5.104 4.951 4.563 4.394 4.203 4.918
0.0272 5.503 5.552 5.477 5.284 5.142 5.003 5.364 5.262 5.14 4.998 4.857 4.709 5.267 5.095 4.923 4.802 4.691 5.031 4.888 4.768 4.669 4.501 4.925 5.02 4.867 4.479 4.31 4.12 4.835
0.0279 5.419 5.469 5.394 5.201 5.058 4.919 5.28 5.178 5.056 4.914 4.774 4.625 5.183 5.011 4.839 4.718 4.608 4.947 4.804 4.685 4.586 4.417 4.841 4.936 4.784 4.396 4.226 4.036 4.751
0.0285 5.335 5.385 5.31 5.117 4.975 4.835 5.196 5.095 4.972 4.83 4.69 4.541 5.1 4.927 4.755 4.635 4.524 4.863 4.721 4.601 4.502 4.334 4.757 4.853 4.7 4.312 4.143 3.952 4.667
0.0292 5.252 5.301 5.226 5.033 4.891 4.752 5.113 5.011 4.888 4.747 4.606 4.458 5.016 4.843 4.671 4.551 4.44 4.78 4.637 4.517 4.418 4.25 4.674 4.769 4.616 4.228 4.059 3.868 4.583
0.0299 5.112 5.162 5.087 4.894 4.751 4.612 4.973 4.871 4.749 4.607 4.467 4.318 4.876 4.704 4.532 4.411 4.301 4.64 4.497 4.378 4.279 4.11 4.534 4.629 4.477 4.089 3.919 3.729 4.444
0.0307 4.797 4.846 4.771 4.578 4.436 4.297 4.658 4.556 4.433 4.292 4.151 4.003 4.561 4.388 4.216 4.096 3.985 4.325 4.182 4.062 3.963 3.795 4.219 4.314 4.161 3.773 3.604 3.413 4.128
0.0314 4.481 4.531 4.456 4.263 4.12 3.981 4.342 4.24 4.118 3.976 3.836 3.687 4.245 4.073 3.901 3.78 3.67 4.009 3.867 3.747 3.648 3.479 3.903 3.998 3.846 3.458 3.288 3.098 3.813
0.0322 4.166 4.215 4.14 3.947 3.805 3.666 4.027 3.925 3.802 3.661 3.52 3.372 3.93 3.757 3.586 3.465 3.354 3.694 3.551 3.431 3.332 3.164 3.588 3.683 3.53 3.142 2.973 2.783 3.498
0.0329 3.85 3.9 3.825 3.632 3.489 3.35 3.711 3.609 3.487 3.345 3.205 3.056 3.614 3.442 3.27 3.149 3.039 3.378 3.236 3.116 3.017 2.848 3.272 3.367 3.215 2.827 2.657 2.467 3.182
0.0337 3.535 3.584 3.509 3.316 3.174 3.035 3.396 3.294 3.172 3.03 2.889 2.741 3.299 3.126 2.955 2.834 2.723 3.063 2.92 2.8 2.701 2.533 2.957 3.052 2.899 2.511 2.342 2.152 2.867
0.0345 3.219 3.269 3.194 3.001 2.858 2.719 3.08 2.978 2.856 2.714 2.574 2.425 2.984 2.811 2.639 2.518 2.408 2.747 2.605 2.485 2.386 2.217 2.641 2.737 2.584 2.196 2.026 1.836 2.551
0.0354 2.904 2.953 2.878 2.685 2.543 2.404 2.765 2.663 2.541 2.399 2.258 2.11 2.668 2.495 2.324 2.203 2.092 2.432 2.289 2.169 2.07 1.902 2.326 2.421 2.268 1.88 1.711 1.521 2.236
0.0362 2.588 2.638 2.563 2.37 2.227 2.088 2.449 2.348 2.225 2.083 1.943 1.794 2.353 2.18 2.008 1.887 1.777 2.116 1.974 1.854 1.755 1.587 2.01 2.106 1.953 1.565 1.395 1.205 1.92
0.0371 2.273 2.322 2.247 2.054 1.912 1.773 2.134 2.032 1.91 1.768 1.627 1.479 2.037 1.864 1.693 1.572 1.461 1.801 1.658 1.538 1.439 1.271 1.695 1.79 1.637 1.249 1.08 0.89 1.605
0.038 2.026 2.075 2.0 1.807 1.665 1.526 1.887 1.785 1.663 1.521 1.38 1.232 1.79 1.618 1.446 1.325 1.214 1.554 1.411 1.291 1.192 1.024 1.448 1.543 1.39 1.002 0.833 0.643 1.358
0.0389 1.889 1.938 1.864 1.671 1.528 1.389 1.75 1.648 1.526 1.384 1.243 1.095 1.653 1.481 1.309 1.188 1.078 1.417 1.274 1.155 1.056 0.887 1.311 1.406 1.254 0.866 0.696 0.506 1.221
0.0398 1.752 1.802 1.727 1.534 1.391 1.252 1.613 1.511 1.389 1.247 1.107 0.958 1.516 1.344 1.172 1.051 0.941 1.28 1.138 1.018 0.919 0.75 1.174 1.269 1.117 0.729 0.559 0.369 1.084
0.0408 1.615 1.665 1.59 1.397 1.255 1.115 1.476 1.375 1.252 1.11 0.97 0.821 1.38 1.207 1.035 0.914 0.804 1.143 1.001 0.881 0.782 0.614 1.037 1.133 0.98 0.592 0.423 0.232 0.947
0.0418 1.478 1.528 1.453 1.26 1.118 0.979 1.339 1.238 1.115 0.973 0.833 0.684 1.243 1.07 0.898 0.778 0.667 1.006 0.864 0.744 0.645 0.477 0.901 0.996 0.843 0.455 0.286 0.095 0.81
0.0428 1.342 1.391 1.316 1.123 0.981 0.842 1.203 1.101 0.978 0.837 0.696 0.548 1.106 0.933 0.762 0.641 0.53 0.87 0.727 0.607 0.508 0.34 0.764 0.859 0.706 0.318 0.149 -0.041 0.674
0.0438 1.205 1.254 1.179 0.986 0.844 0.705 1.066 0.964 0.842 0.7 0.559 0.411 0.969 0.797 0.625 0.504 0.393 0.733 0.59 0.47 0.371 0.203 0.627 0.722 0.569 0.181 0.012 -0.178 0.537
0.0449 1.068 1.117 1.043 0.85 0.707 0.568 0.929 0.827 0.705 0.563 0.422 0.274 0.832 0.66 0.488 0.367 0.256 0.596 0.453 0.334 0.235 0.066 0.49 0.585 0.432 0.045 -0.125 -0.315 0.4
0.046 0.931 0.981 0.906 0.713 0.57 0.431 0.792 0.69 0.568 0.426 0.286 0.137 0.695 0.523 0.351 0.23 0.12 0.459 0.317 0.197 0.098 -0.071 0.353 0.448 0.296 -0.092 -0.262 -0.452 0.263
0.0471 0.794 0.844 0.769 0.576 0.434 0.294 0.655 0.554 0.431 0.289 0.149 0.0 0.559 0.386 0.214 0.093 -0.017 0.322 0.18 0.06 -0.039 -0.207 0.216 0.312 0.159 -0.229 -0.398 -0.589 0.126
0.0482 0.687 0.737 0.662 0.469 0.327 0.187 0.548 0.447 0.324 0.182 0.042 -0.107 0.452 0.279 0.107 -0.014 -0.124 0.215 0.073 -0.047 -0.146 -0.314 0.109 0.205 0.052 -0.336 -0.505 -0.696 0.019
0.0494 0.607 0.656 0.582 0.389 0.246 0.107 0.468 0.366 0.244 0.102 -0.038 -0.187 0.371 0.199 0.027 -0.094 -0.204 0.135 -0.008 -0.127 -0.226 -0.395 0.029 0.124 -0.028 -0.416 -0.586 -0.776 -0.061
0.0506 0.527 0.576 0.501 0.308 0.166 0.027 0.388 0.286 0.164 0.022 -0.119 -0.267 0.291 0.119 -0.053 -0.174 -0.285 0.055 -0.088 -0.208 -0.307 -0.475 -0.051 0.044 -0.109 -0.497 -0.666 -0.856 -0.141
0.0518 0.447 0.496 0.421 0.228 0.086 -0.053 0.308 0.206 0.083 -0.058 -0.199 -0.347 0.211 0.038 -0.134 -0.254 -0.365 -0.025 -0.168 -0.288 -0.387 -0.555 -0.131 -0.036 -0.189 -0.577 -0.746 -0.937 -0.222
0.053 0.366 0.416 0.341 0.148 0.006 -0.134 0.227 0.126 0.003 -0.139 -0.279 -0.428 0.131 -0.042 -0.214 -0.334 -0.445 -0.106 -0.248 -0.368 -0.467 -0.635 -0.212 -0.116 -0.269 -0.657 -0.826 -1.017 -0.302
0.0543 0.286 0.336 0.261 0.068 -0.075 -0.214 0.147 0.045 -0.077 -0.219 -0.359 -0.508 0.05 -0.122 -0.294 -0.415 -0.525 -0.186 -0.328 -0.448 -0.547 -0.716 -0.292 -0.197 -0.349 -0.737 -0.907 -1.097 -0.382
0.0556 0.206 0.255 0.181 -0.012 -0.155 -0.294 0.067 -0.035 -0.157 -0.299 -0.44 -0.588 -0.03 -0.202 -0.374 -0.495 -0.606 -0.266 -0.409 -0.529 -0.628 -0.796 -0.372 -0.277 -0.43 -0.818 -0.987 -1.177 -0.462
0.057 0.126 0.175 0.1 -0.093 -0.235 -0.374 -0.013 -0.115 -0.237 -0.379 -0.52 -0.668 -0.11 -0.283 -0.454 -0.575 -0.686 -0.346 -0.489 -0.609 -0.708 -0.876 -0.452 -0.357 -0.51 -0.898 -1.067 -1.257 -0.542
0.0584 0.045 0.095 0.02 -0.173 -0.315 -0.454 -0.094 -0.195 -0.318 -0.46 -0.6 -0.749 -0.19 -0.363 -0.535 -0.655 -0.766 -0.427 -0.569 -0.689 -0.788 -0.956 -0.532 -0.437 -0.59 -0.978 -1.147 -1.338 -0.623
0.0598 -0.035 0.015 -0.06 -0.253 -0.396 -0.535 -0.174 -0.275 -0.398 -0.54 -0.68 -0.829 -0.27 -0.443 -0.615 -0.736 -0.846 -0.507 -0.649 -0.769 -0.868 -1.036 -0.613 -0.517 -0.67 -1.058 -1.228 -1.418 -0.703
0.0612 -0.098 -0.049 -0.124 -0.317 -0.459 -0.598 -0.237 -0.339 -0.461 -0.603 -0.744 -0.892 -0.334 -0.507 -0.678 -0.799 -0.91 -0.57 -0.713 -0.833 -0.932 -1.1 -0.676 -0.581 -0.734 -1.122 -1.291 -1.481 -0.766
0.0627 -0.154 -0.104 -0.179 -0.372 -0.514 -0.654 -0.293 -0.394 -0.517 -0.659 -0.799 -0.948 -0.389 -0.562 -0.734 -0.854 -0.965 -0.626 -0.768 -0.888 -0.987 -1.155 -0.732 -0.636 -0.789 -1.177 -1.346 -1.537 -0.822
0.0642 -0.209 -0.16 -0.234 -0.427 -0.57 -0.709 -0.348 -0.45 -0.572 -0.714 -0.855 -1.003 -0.445 -0.617 -0.789 -0.91 -1.02 -0.681 -0.824 -0.943 -1.042 -1.211 -0.787 -0.692 -0.844 -1.232 -1.402 -1.592 -0.877
0.0657 -0.264 -0.215 -0.29 -0.483 -0.625 -0.764 -0.403 -0.505 -0.628 -0.769 -0.91 -1.058 -0.5 -0.673 -0.844 -0.965 -1.076 -0.736 -0.879 -0.999 -1.098 -1.266 -0.842 -0.747 -0.9 -1.288 -1.457 -1.647 -0.932
0.0673 -0.32 -0.27 -0.345 -0.538 -0.68 -0.82 -0.459 -0.56 -0.683 -0.825 -0.965 -1.114 -0.555 -0.728 -0.9 -1.021 -1.131 -0.792 -0.934 -1.054 -1.153 -1.321 -0.898 -0.802 -0.955 -1.343 -1.512 -1.703 -0.988
0.0689 -0.375 -0.326 -0.4 -0.593 -0.736 -0.875 -0.514 -0.616 -0.738 -0.88 -1.021 -1.169 -0.611 -0.783 -0.955 -1.076 -1.187 -0.847 -0.99 -1.109 -1.208 -1.377 -0.953 -0.858 -1.011 -1.398 -1.568 -1.758 -1.043
0.0706 -0.43 -0.381 -0.456 -0.649 -0.791 -0.93 -0.569 -0.671 -0.794 -0.935 -1.076 -1.224 -0.666 -0.839 -1.011 -1.131 -1.242 -0.902 -1.045 -1.165 -1.264 -1.432 -1.008 -0.913 -1.066 -1.454 -1.623 -1.813 -1.098
0.0723 -0.486 -0.436 -0.511 -0.704 -0.846 -0.986 -0.625 -0.726 -0.849 -0.991 -1.131 -1.28 -0.721 -0.894 -1.066 -1.187 -1.297 -0.958 -1.1 -1.22 -1.319 -1.487 -1.064 -0.968 -1.121 -1.509 -1.678 -1.869 -1.154
0.0741 -0.541 -0.492 -0.566 -0.759 -0.902 -1.041 -0.68 -0.782 -0.904 -1.046 -1.187 -1.335 -0.777 -0.949 -1.121 -1.242 -1.353 -1.013 -1.156 -1.276 -1.375 -1.543 -1.119 -1.024 -1.177 -1.565 -1.734 -1.924 -1.209
0.0758 -0.596 -0.547 -0.622 -0.815 -0.957 -1.096 -0.736 -0.837 -0.96 -1.101 -1.242 -1.391 -0.832 -1.005 -1.177 -1.297 -1.408 -1.068 -1.211 -1.331 -1.43 -1.598 -1.174 -1.079 -1.232 -1.62 -1.789 -1.98 -1.265
0.0777 -0.67 -0.62 -0.695 -0.888 -1.031 -1.17 -0.809 -0.911 -1.033 -1.175 -1.315 -1.464 -0.906 -1.078 -1.25 -1.371 -1.481 -1.142 -1.284 -1.404 -1.503 -1.672 -1.248 -1.152 -1.305 -1.693 -1.863 -2.053 -1.338
0.0795 -0.747 -0.698 -0.773 -0.966 -1.108 -1.247 -0.886 -0.988 -1.111 -1.252 -1.393 -1.541 -0.983 -1.156 -1.327 -1.448 -1.559 -1.219 -1.362 -1.482 -1.581 -1.749 -1.325 -1.23 -1.383 -1.771 -1.94 -2.13 -1.415
