web/models/grb/offaxis/3/grb_0.2967_0.5179_0.0063096.dat
# %ECSV 1.0
# ---
# datatype:
# - {name: time, datatype: float64}
# - {name: swift_uvot_uvw2, datatype: float64}
# - {name: swift_uvot_uvm2, datatype: float64}
# - {name: swift_uvot_uvw1, datatype: float64}
# - {name: swift_uvot_U, datatype: float64}
# - {name: swift_uvot_B, datatype: float64}
# - {name: swift_uvot_V, datatype: float64}
# - {name: swift_uvot_W, datatype: float64}
# - {name: johnson_U, datatype: float64}
# - {name: johnson_B, datatype: float64}
# - {name: johnson_V, datatype: float64}
# - {name: johnson_R, datatype: float64}
# - {name: johnson_I, datatype: float64}
# - {name: sdss_u, datatype: float64}
# - {name: sdss_g, datatype: float64}
# - {name: sdss_r, datatype: float64}
# - {name: sdss_i, datatype: float64}
# - {name: sdss_z, datatype: float64}
# - {name: PS1_g, datatype: float64}
# - {name: PS1_r, datatype: float64}
# - {name: PS1_i, datatype: float64}
# - {name: PS1_z, datatype: float64}
# - {name: PS1_Y, datatype: float64}
# - {name: PS1_w, datatype: float64}
# - {name: ATLAS_c, datatype: float64}
# - {name: ATLAS_o, datatype: float64}
# - {name: ukirt_J, datatype: float64}
# - {name: ukirt_H, datatype: float64}
# - {name: ukirt_K, datatype: float64}
# - {name: Clear, datatype: float64}
# meta: !!omap
# - comment: [E = 0.00022477106672309015, Eta0 = 8.02, GammaB = 12.0, dL = 0.012188, epsb = 6.760829753919819e-06, epse = 0.1, n = 0.00630957344480193,
#     p = 2.15, theta_obs = 0.29670597283903605, xiN = 1.0, z = 0.0, type = grb, E_kiso = 0.517947467923121]
# schema: astropy-2.0
time swift_uvot_uvw2 swift_uvot_uvm2 swift_uvot_uvw1 swift_uvot_U swift_uvot_B swift_uvot_V swift_uvot_W johnson_U johnson_B johnson_V johnson_R johnson_I sdss_u sdss_g sdss_r sdss_i sdss_z PS1_g PS1_r PS1_i PS1_z PS1_Y PS1_w ATLAS_c ATLAS_o ukirt_J ukirt_H ukirt_K Clear
[from data line 361]
54.5931 8.877 8.926 8.851 8.658 8.516 8.377 8.738 8.636 8.514 8.372 8.231 8.083 8.641 8.468 8.297 8.176 8.065 8.405 8.262 8.142 8.043 7.875 8.299 8.394 8.241 7.853 7.684 7.494 8.209
55.9101 8.913 8.963 8.888 8.695 8.552 8.413 8.774 8.672 8.55 8.408 8.268 8.119 8.677 8.505 8.333 8.212 8.102 8.441 8.298 8.179 8.08 7.911 8.335 8.43 8.278 7.89 7.72 7.53 8.245
57.2588 8.949 8.999 8.924 8.731 8.589 8.45 8.81 8.709 8.586 8.444 8.304 8.155 8.714 8.541 8.369 8.249 8.138 8.477 8.335 8.215 8.116 7.948 8.372 8.467 8.314 7.926 7.757 7.566 8.281
58.6401 8.986 9.035 8.96 8.767 8.625 8.486 8.847 8.745 8.623 8.481 8.34 8.192 8.75 8.577 8.406 8.285 8.174 8.514 8.371 8.251 8.152 7.984 8.408 8.503 8.35 7.962 7.793 7.603 8.318
60.0546 9.022 9.071 8.997 8.804 8.661 8.522 8.883 8.781 8.659 8.517 8.377 8.228 8.786 8.614 8.442 8.321 8.211 8.55 8.407 8.288 8.189 8.02 8.444 8.539 8.387 7.999 7.829 7.639 8.354
61.5034 9.058 9.108 9.033 8.84 8.698 8.558 8.919 8.818 8.695 8.553 8.413 8.264 8.823 8.65 8.478 8.358 8.247 8.586 8.444 8.324 8.225 8.057 8.48 8.576 8.423 8.035 7.866 7.675 8.39
62.987 9.095 9.144 9.069 8.876 8.734 8.595 8.956 8.854 8.732 8.59 8.449 8.301 8.859 8.686 8.515 8.394 8.283 8.623 8.48 8.36 8.261 8.093 8.517 8.612 8.459 8.071 7.902 7.712 8.427
64.5065 9.13 9.179 9.105 8.912 8.769 8.63 8.991 8.889 8.767 8.625 8.484 8.336 8.894 8.722 8.55 8.429 8.318 8.658 8.515 8.396 8.296 8.128 8.552 8.647 8.494 8.107 7.937 7.747 8.462
66.0626 9.165 9.214 9.139 8.946 8.804 8.665 9.026 8.924 8.801 8.66 8.519 8.371 8.929 8.756 8.584 8.464 8.353 8.693 8.55 8.43 8.331 8.163 8.587 8.682 8.529 8.141 7.972 7.782 8.497
67.6562 9.199 9.249 9.174 8.981 8.839 8.699 9.06 8.959 8.836 8.694 8.554 8.405 8.964 8.791 8.619 8.498 8.388 8.727 8.585 8.465 8.366 8.198 8.621 8.717 8.564 8.176 8.007 7.816 8.531
69.2883 9.234 9.283 9.209 9.016 8.873 8.734 9.095 8.993 8.871 8.729 8.588 8.44 8.998 8.826 8.654 8.533 8.422 8.762 8.619 8.5 8.401 8.232 8.656 8.751 8.598 8.211 8.041 7.851 8.566
70.9597 9.269 9.318 9.243 9.05 8.908 8.769 9.13 9.028 8.905 8.764 8.623 8.475 9.033 8.86 8.689 8.568 8.457 8.797 8.654 8.534 8.435 8.267 8.691 8.786 8.633 8.245 8.076 7.886 8.601
72.6715 9.303 9.353 9.278 9.085 8.943 8.803 9.164 9.063 8.94 8.798 8.658 8.509 9.068 8.895 8.723 8.602 8.492 8.831 8.689 8.569 8.47 8.302 8.725 8.821 8.668 8.28 8.111 7.92 8.635
74.4246 9.338 9.387 9.313 9.12 8.977 8.838 9.199 9.097 8.975 8.833 8.692 8.544 9.102 8.93 8.758 8.637 8.527 8.866 8.723 8.604 8.505 8.336 8.76 8.855 8.703 8.315 8.145 7.955 8.67
76.2199 9.373 9.422 9.347 9.154 9.012 8.873 9.234 9.132 9.009 8.868 8.727 8.579 9.137 8.964 8.793 8.672 8.561 8.901 8.758 8.638 8.539 8.371 8.795 8.89 8.737 8.349 8.18 7.99 8.705
78.0586 9.407 9.457 9.382 9.189 9.047 8.907 9.268 9.167 9.044 8.902 8.762 8.613 9.172 8.999 8.827 8.706 8.596 8.935 8.793 8.673 8.574 8.406 8.829 8.925 8.772 8.384 8.215 8.024 8.739
79.9416 9.442 9.491 9.417 9.224 9.081 8.942 9.303 9.201 9.079 8.937 8.796 8.648 9.206 9.034 8.862 8.741 8.631 8.97 8.827 8.708 8.609 8.44 8.864 8.959 8.807 8.419 8.249 8.059 8.774
81.87 9.475 9.524 9.45 9.257 9.114 8.975 9.336 9.234 9.112 8.97 8.829 8.681 9.239 9.067 8.895 8.774 8.664 9.003 8.86 8.741 8.642 8.473 8.897 8.992 8.84 8.452 8.282 8.092 8.807
83.845 9.508 9.557 9.482 9.289 9.147 9.008 9.368 9.267 9.144 9.002 8.862 8.713 9.272 9.099 8.927 8.807 8.696 9.035 8.893 8.773 8.674 8.506 8.93 9.025 8.872 8.484 8.315 8.124 8.839
85.8676 9.54 9.59 9.515 9.322 9.179 9.04 9.401 9.299 9.177 9.035 8.895 8.746 9.304 9.132 8.96 8.839 8.729 9.068 8.925 8.806 8.707 8.538 8.962 9.057 8.905 8.517 8.347 8.157 8.872
87.939 9.573 9.622 9.547 9.354 9.212 9.073 9.434 9.332 9.209 9.068 8.927 8.778 9.337 9.164 8.992 8.872 8.761 9.101 8.958 8.838 8.739 8.571 8.995 9.09 8.937 8.549 8.38 8.189 8.904
90.0604 9.605 9.655 9.58 9.387 9.244 9.105 9.466 9.364 9.242 9.1 8.96 8.811 9.369 9.197 9.025 8.904 8.794 9.133 8.991 8.871 8.772 8.603 9.027 9.122 8.97 8.582 8.412 8.222 8.937
92.2329 9.638 9.687 9.612 9.419 9.277 9.138 9.499 9.397 9.274 9.133 8.992 8.844 9.402 9.229 9.058 8.937 8.826 9.166 9.023 8.903 8.804 8.636 9.06 9.155 9.002 8.614 8.445 8.255 8.97
94.4579 9.67 9.72 9.645 9.452 9.309 9.17 9.531 9.429 9.307 9.165 9.025 8.876 9.434 9.262 9.09 8.969 8.859 9.198 9.056 8.936 8.837 8.668 9.092 9.187 9.035 8.647 8.477 8.287 9.002
96.7365 9.703 9.752 9.677 9.484 9.342 9.203 9.564 9.462 9.34 9.198 9.057 8.909 9.467 9.294 9.123 9.002 8.891 9.231 9.088 8.968 8.869 8.701 9.125 9.22 9.067 8.679 8.51 8.32 9.035
99.0701 9.735 9.785 9.71 9.517 9.374 9.235 9.596 9.494 9.372 9.23 9.09 8.941 9.5 9.327 9.155 9.034 8.924 9.263 9.121 9.001 8.902 8.733 9.157 9.253 9.1 8.712 8.542 8.352 9.067
101.4599 9.768 9.817 9.742 9.549 9.407 9.268 9.629 9.527 9.405 9.263 9.122 8.974 9.532 9.359 9.188 9.067 8.956 9.296 9.153 9.033 8.934 8.766 9.19 9.285 9.132 8.744 8.575 8.385 9.1
103.9075 9.807 9.857 9.782 9.589 9.446 9.307 9.668 9.567 9.444 9.302 9.162 9.013 9.572 9.399 9.227 9.106 8.996 9.335 9.193 9.073 8.974 8.806 9.229 9.325 9.172 8.784 8.614 8.424 9.139
106.4141 9.847 9.897 9.822 9.629 9.487 9.347 9.708 9.607 9.484 9.342 9.202 9.053 9.612 9.439 9.267 9.146 9.036 9.375 9.233 9.113 9.014 8.846 9.269 9.365 9.212 8.824 8.655 8.464 9.179
108.9811 9.887 9.937 9.862 9.669 9.527 9.387 9.748 9.647 9.524 9.382 9.242 9.093 9.652 9.479 9.307 9.187 9.076 9.415 9.273 9.153 9.054 8.886 9.309 9.405 9.252 8.864 8.695 8.504 9.219
111.6101 9.927 9.977 9.902 9.709 9.567 9.428 9.788 9.687 9.564 9.422 9.282 9.133 9.692 9.519 9.347 9.227 9.116 9.455 9.313 9.193 9.094 8.926 9.35 9.445 9.292 8.904 8.735 8.544 9.259
114.3025 9.967 10.017 9.942 9.749 9.607 9.468 9.828 9.727 9.604 9.462 9.322 9.173 9.732 9.559 9.387 9.267 9.156 9.495 9.353 9.233 9.134 8.966 9.39 9.485 9.332 8.944 8.775 8.584 9.299
117.0598 10.007 10.057 9.982 9.789 9.647 9.508 9.868 9.767 9.644 9.502 9.362 9.213 9.772 9.599 9.427 9.307 9.196 9.535 9.393 9.273 9.174 9.006 9.43 9.525 9.372 8.984 8.815 8.624 9.339
119.8836 10.048 10.097 10.022 9.829 9.687 9.548 9.908 9.807 9.684 9.542 9.402 9.253 9.812 9.639 9.467 9.347 9.236 9.575 9.433 9.313 9.214 9.046 9.47 9.565 9.412 9.024 8.855 8.664 9.379
122.7756 10.088 10.137 10.062 9.869 9.727 9.588 9.948 9.847 9.724 9.583 9.442 9.293 9.852 9.679 9.507 9.387 9.276 9.616 9.473 9.353 9.254 9.086 9.51 9.605 9.452 9.064 8.895 8.704 9.419
125.7373 10.128 10.177 10.102 9.909 9.767 9.628 9.989 9.887 9.764 9.623 9.482 9.334 9.892 9.719 9.547 9.427 9.316 9.656 9.513 9.393 9.294 9.126 9.55 9.645 9.492 9.104 8.935 8.745 9.46
128.7705 10.17 10.219 10.144 9.951 9.809 9.67 10.031 9.929 9.806 9.665 9.524 9.376 9.934 9.761 9.589 9.469 9.358 9.698 9.555 9.435 9.336 9.168 9.592 9.687 9.534 9.146 8.977 8.787 9.502
131.8769 10.237 10.287 10.212 10.019 9.876 9.737 10.098 9.996 9.874 9.732 9.592 9.443 10.001 9.829 9.657 9.536 9.426 9.765 9.623 9.503 9.404 9.235 9.659 9.754 9.602 9.214 9.044 8.854 9.569
135.0582 10.305 10.354 10.279 10.086 9.944 9.805 10.166 10.064 9.942 9.8 9.659 9.511 10.069 9.896 9.725 9.604 9.493 9.833 9.69 9.57 9.471 9.303 9.727 9.822 9.669 9.281 9.112 8.922 9.637
138.3162 10.372 10.422 10.347 10.154 10.011 9.872 10.233 10.132 10.009 9.867 9.727 9.578 10.137 9.964 9.792 9.671 9.561 9.9 9.758 9.638 9.539 9.371 9.794 9.89 9.737 9.349 9.179 8.989 9.704
141.6528 10.44 10.489 10.414 10.221 10.079 9.94 10.301 10.199 10.077 9.935 9.794 9.646 10.204 10.031 9.86 9.739 9.628 9.968 9.825 9.705 9.606 9.438 9.862 9.957 9.804 9.416 9.247 9.057 9.772
145.0699 10.507 10.557 10.482 10.289 10.147 10.007 10.368 10.267 10.144 10.002 9.862 9.713 10.272 10.099 9.927 9.806 9.696 10.035 9.893 9.773 9.674 9.506 9.929 10.025 9.872 9.484 9.315 9.124 9.839
148.5695 10.575 10.624 10.549 10.357 10.214 10.075 10.436 10.334 10.212 10.07 9.929 9.781 10.339 10.167 9.995 9.874 9.763 10.103 9.96 9.84 9.741 9.573 9.997 10.092 9.939 9.551 9.382 9.192 9.907
152.1534 10.642 10.692 10.617 10.424 10.282 10.143 10.503 10.402 10.279 10.137 9.997 9.848 10.407 10.234 10.062 9.942 9.831 10.17 10.028 9.908 9.809 9.641 10.065 10.16 10.007 9.619 9.45 9.259 9.974
155.8238 10.71 10.759 10.685 10.492 10.349 10.21 10.571 10.469 10.347 10.205 10.064 9.916 10.474 10.302 10.13 10.009 9.898 10.238 10.095 9.976 9.876 9.708 10.132 10.227 10.074 9.687 9.517 9.327 10.042
159.5828 10.778 10.827 10.752 10.559 10.417 10.278 10.638 10.537 10.414 10.272 10.132 9.983 10.542 10.369 10.197 10.077 9.966 10.305 10.163 10.043 9.944 9.776 10.2 10.295 10.142 9.754 9.585 9.394 10.109
163.4324 10.852 10.902 10.827 10.634 10.492 10.352 10.713 10.612 10.489 10.347 10.207 10.058 10.617 10.444 10.272 10.151 10.041 10.38 10.238 10.118 10.019 9.851 10.274 10.37 10.217 9.829 9.66 9.469 10.184
167.375 10.954 11.003 10.928 10.735 10.593 10.454 10.815 10.713 10.59 10.449 10.308 10.16 10.718 10.545 10.373 10.253 10.142 10.482 10.339 10.219 10.12 9.952 10.376 10.471 10.318 9.93 9.761 9.57 10.285
171.4126 11.055 11.104 11.03 10.837 10.694 10.555 10.916 10.814 10.692 10.55 10.409 10.261 10.819 10.647 10.475 10.354 10.243 10.583 10.44 10.32 10.221 10.053 10.477 10.572 10.419 10.032 9.862 9.672 10.387
175.5476 11.156 11.206 11.131 10.938 10.796 10.656 11.017 10.916 10.793 10.651 10.511 10.362 10.921 10.748 10.576 10.455 10.345 10.684 10.542 10.422 10.323 10.155 10.578 10.674 10.521 10.133 9.964 9.773 10.488
179.7823 11.258 11.307 11.232 11.039 10.897 10.758 11.119 11.017 10.894 10.753 10.612 10.464 11.022 10.849 10.677 10.557 10.446 10.786 10.643 10.523 10.424 10.256 10.68 10.775 10.622 10.234 10.065 9.874 10.589
184.1193 11.359 11.408 11.334 11.141 10.998 10.859 11.22 11.118 10.996 10.854 10.713 10.565 11.123 10.951 10.779 10.658 10.547 10.887 10.744 10.624 10.525 10.357 10.781 10.876 10.723 10.335 10.166 9.976 10.691
188.5608 11.46 11.51 11.435 11.242 11.099 10.96 11.321 11.22 11.097 10.955 10.815 10.666 11.225 11.052 10.88 10.759 10.649 10.988 10.846 10.726 10.627 10.459 10.882 10.978 10.825 10.437 10.268 10.077 10.792
193.1095 11.562 11.611 11.536 11.343 11.201 11.062 11.423 11.321 11.198 11.057 10.916 10.768 11.326 11.153 10.981 10.861 10.75 11.09 10.947 10.827 10.728 10.56 10.984 11.079 10.926 10.538 10.369 10.178 10.893
197.7679 11.663 11.712 11.638 11.445 11.302 11.163 11.524 11.422 11.3 11.158 11.017 10.869 11.427 11.255 11.083 10.962 10.851 11.191 11.048 10.928 10.829 10.661 11.085 11.18 11.027 10.639 10.47 10.28 10.995
202.5387 11.764 11.814 11.739 11.546 11.403 11.264 11.625 11.524 11.401 11.259 11.119 10.97 11.529 11.356 11.184 11.063 10.953 11.292 11.15 11.03 10.931 10.763 11.186 11.282 11.129 10.741 10.571 10.381 11.096
207.4245 11.888 11.937 11.863 11.67 11.527 11.388 11.749 11.647 11.525 11.383 11.242 11.094 11.652 11.48 11.308 11.187 11.076 11.416 11.273 11.154 11.054 10.886 11.31 11.405 11.252 10.865 10.695 10.505 11.22
212.4283 12.052 12.101 12.027 11.834 11.691 11.552 11.913 11.811 11.689 11.547 11.406 11.258 11.816 11.644 11.472 11.351 11.24 11.58 11.437 11.318 11.219 11.05 11.474 11.569 11.416 11.029 10.859 10.669 11.384
217.5527 12.216 12.265 12.191 11.998 11.855 11.716 12.077 11.975 11.853 11.711 11.57 11.422 11.98 11.808 11.636 11.515 11.404 11.744 11.601 11.482 11.383 11.214 11.638 11.733 11.58 11.193 11.023 10.833 11.548
222.8008 12.38 12.429 12.355 12.162 12.019 11.88 12.241 12.139 12.017 11.875 11.734 11.586 12.144 11.972 11.8 11.679 11.568 11.908 11.765 11.646 11.547 11.378 11.802 11.897 11.745 11.357 11.187 10.997 11.712
228.1754 12.544 12.593 12.519 12.326 12.183 12.044 12.405 12.303 12.181 12.039 11.898 11.75 12.308 12.136 11.964 11.843 11.733 12.072 11.929 11.81 11.711 11.542 11.966 12.061 11.909 11.521 11.351 11.161 11.876
233.6797 12.708 12.757 12.683 12.49 12.347 12.208 12.569 12.467 12.345 12.203 12.062 11.914 12.472 12.3 12.128 12.007 11.897 12.236 12.093 11.974 11.875 11.706 12.13 12.225 12.073 11.685 11.515 11.325 12.04
239.3168 12.872 12.921 12.847 12.654 12.511 12.372 12.733 12.631 12.509 12.367 12.226 12.078 12.636 12.464 12.292 12.171 12.061 12.4 12.257 12.138 12.039 11.87 12.294 12.389 12.237 11.849 11.679 11.489 12.204
245.0899 13.036 13.085 13.011 12.818 12.675 12.536 12.897 12.795 12.673 12.531 12.39 12.242 12.8 12.628 12.456 12.335 12.225 12.564 12.421 12.302 12.203 12.034 12.458 12.553 12.401 12.013 11.843 11.653 12.368
251.0022 13.2 13.249 13.175 12.982 12.839 12.7 13.061 12.959 12.837 12.695 12.554 12.406 12.964 12.792 12.62 12.499 12.389 12.728 12.585 12.466 12.367 12.198 12.622 12.717 12.565 12.177 12.007 11.817 12.532
257.0572 13.364 13.413 13.339 13.146 13.003 12.864 13.225 13.123 13.001 12.859 12.718 12.57 13.128 12.956 12.784 12.663 12.553 12.892 12.749 12.63 12.531 12.362 12.786 12.881 12.729 12.341 12.171 11.981 12.696
263.2582 13.603 13.652 13.577 13.384 13.242 13.103 13.464 13.362 13.24 13.098 12.957 12.809 13.367 13.194 13.023 12.902 12.791 13.131 12.988 12.868 12.769 12.601 13.025 13.12 12.967 12.579 12.41 12.22 12.935
269.6088 13.916 13.966 13.891 13.698 13.556 13.416 13.777 13.676 13.553 13.411 13.271 13.122 13.681 13.508 13.336 13.216 13.105 13.444 13.302 13.182 13.083 12.915 13.338 13.434 13.281 12.893 12.724 12.533 13.248
276.1126 14.23 14.279 14.205 14.012 13.869 13.73 14.091 13.989 13.867 13.725 13.584 13.436 13.994 13.822 13.65 13.529 13.418 13.758 13.615 13.495 13.396 13.228 13.652 13.747 13.594 13.206 13.037 12.847 13.562
282.7734 14.543 14.593 14.518 14.325 14.183 14.044 14.404 14.303 14.18 14.038 13.898 13.749 14.308 14.135 13.963 13.843 13.732 14.071 13.929 13.809 13.71 13.542 13.966 14.061 13.908 13.52 13.351 13.16 13.875
289.5947 14.857 14.907 14.832 14.639 14.496 14.357 14.718 14.616 14.494 14.352 14.212 14.063 14.621 14.449 14.277 14.156 14.046 14.385 14.242 14.123 14.024 13.855 14.279 14.374 14.222 13.834 13.664 13.474 14.189
296.5807 15.171 15.22 15.145 14.952 14.81 14.671 15.032 14.93 14.807 14.666 14.525 14.377 14.935 14.762 14.59 14.47 14.359 14.699 14.556 14.436 14.337 14.169 14.593 14.688 14.535 14.147 13.978 13.788 14.503
303.7351 15.484 15.534 15.459 15.266 15.123 14.984 15.345 15.243 15.121 14.979 14.839 14.69 15.248 15.076 14.904 14.783 14.673 15.012 14.87 14.75 14.651 14.482 14.906 15.002 14.849 14.461 14.291 14.101 14.816
311.0622 15.798 15.847 15.772 15.579 15.437 15.298 15.659 15.557 15.435 15.293 15.152 15.004 15.562 15.389 15.218 15.097 14.986 15.326 15.183 15.063 14.964 14.796 15.22 15.315 15.162 14.774 14.605 14.415 15.13
318.566 16.111 16.161 16.086 15.893 15.751 15.611 15.972 15.871 15.748 15.606 15.466 15.317 15.876 15.703 15.531 15.41 15.3 15.639 15.497 15.377 15.278 15.11 15.533 15.629 15.476 15.088 14.919 14.728 15.443
326.2508 16.425 16.474 16.399 16.207 16.064 15.925 16.286 16.184 16.062 15.92 15.779 15.631 16.189 16.017 15.845 15.724 15.613 15.953 15.81 15.69 15.591 15.423 15.847 15.942 15.789 15.401 15.232 15.042 15.757
334.121 16.738 16.788 16.713 16.52 16.378 16.239 16.599 16.498 16.375 16.233 16.093 15.944 16.503 16.33 16.158 16.038 15.927 16.266 16.124 16.004 15.905 15.737 16.161 16.256 16.103 15.715 15.546 15.355 16.07
342.181 17.052 17.101 17.027 16.834 16.691 16.552 16.913 16.811 16.689 16.547 16.407 16.258 16.816 16.644 16.472 16.351 16.241 16.58 16.437 16.318 16.219 16.05 16.474 16.569 16.417 16.029 15.859 15.669 16.384
350.4355 17.366 17.415 17.34 17.147 17.005 16.866 17.227 17.125 17.002 16.861 16.72 16.572 17.13 16.957 16.785 16.665 16.554 16.894 16.751 16.631 16.532 16.364 16.788 16.883 16.73 16.342 16.173 15.982 16.697
358.8891 17.679 17.729 17.654 17.461 17.318 17.179 17.54 17.438 17.316 17.174 17.034 16.885 17.443 17.271 17.099 16.978 16.868 17.207 17.065 16.945 16.846 16.677 17.101 17.196 17.044 16.656 16.486 16.296 17.011
367.5467 17.993 18.042 17.967 17.774 17.632 17.493 17.854 17.752 17.63 17.488 17.347 17.199 17.757 17.584 17.413 17.292 17.181 17.521 17.378 17.258 17.159 16.991 17.415 17.51 17.357 16.969 16.8 16.61 17.325
