web/models/grb/offaxis/3/grb_0.2967_0.0193_0.0398107.dat
# %ECSV 1.0
# ---
# datatype:
# - {name: time, datatype: float64}
# - {name: swift_uvot_uvw2, datatype: float64}
# - {name: swift_uvot_uvm2, datatype: float64}
# - {name: swift_uvot_uvw1, datatype: float64}
# - {name: swift_uvot_U, datatype: float64}
# - {name: swift_uvot_B, datatype: float64}
# - {name: swift_uvot_V, datatype: float64}
# - {name: swift_uvot_W, datatype: float64}
# - {name: johnson_U, datatype: float64}
# - {name: johnson_B, datatype: float64}
# - {name: johnson_V, datatype: float64}
# - {name: johnson_R, datatype: float64}
# - {name: johnson_I, datatype: float64}
# - {name: sdss_u, datatype: float64}
# - {name: sdss_g, datatype: float64}
# - {name: sdss_r, datatype: float64}
# - {name: sdss_i, datatype: float64}
# - {name: sdss_z, datatype: float64}
# - {name: PS1_g, datatype: float64}
# - {name: PS1_r, datatype: float64}
# - {name: PS1_i, datatype: float64}
# - {name: PS1_z, datatype: float64}
# - {name: PS1_Y, datatype: float64}
# - {name: ukirt_J, datatype: float64}
# - {name: ukirt_H, datatype: float64}
# - {name: ukirt_K, datatype: float64}
# meta: !!omap
# - comment: [E = 8.378552168254813e-06, Eta0 = 8.02, GammaB = 12.0, dL = 0.012188, epsb = 6.760829753919819e-06, epse = 0.1, n = 0.03981071705534969,
#     p = 2.15, theta_obs = 0.29670597283903605, xiN = 1.0, z = 0.0, type = grb, E_kiso = 0.019306977288832496]
# schema: astropy-2.0
time swift_uvot_uvw2 swift_uvot_uvm2 swift_uvot_uvw1 swift_uvot_U swift_uvot_B swift_uvot_V swift_uvot_W johnson_U johnson_B johnson_V johnson_R johnson_I sdss_u sdss_g sdss_r sdss_i sdss_z PS1_g PS1_r PS1_i PS1_z PS1_Y ukirt_J ukirt_H ukirt_K
[from data line 396]
125.7373 28.38 28.429 28.354 28.161 28.019 27.88 28.241 28.139 28.017 27.875 27.734 27.586 28.144 27.971 27.8 27.679 27.568 27.908 27.765 27.645 27.546 27.378 27.356 27.187 26.997
128.7705 28.693 28.743 28.668 28.475 28.333 28.193 28.554 28.453 28.33 28.188 28.048 27.899 28.458 28.285 28.113 27.992 27.882 28.221 28.079 27.959 27.86 27.692 27.67 27.501 27.31
131.8769 29.007 29.056 28.981 28.789 28.646 28.507 28.868 28.766 28.644 28.502 28.361 28.213 28.771 28.599 28.427 28.306 28.195 28.535 28.392 28.272 28.173 28.005 27.983 27.814 27.624
135.0582 29.32 29.37 29.295 29.102 28.96 28.821 29.181 29.08 28.957 28.815 28.675 28.526 29.085 28.912 28.74 28.62 28.509 28.848 28.706 28.586 28.487 28.319 28.297 28.128 27.937
138.3162 29.634 29.683 29.609 29.416 29.273 29.134 29.495 29.393 29.271 29.129 28.989 28.84 29.398 29.226 29.054 28.933 28.823 29.162 29.019 28.9 28.801 28.632 28.611 28.441 28.251
141.6528 29.948 29.997 29.922 29.729 29.587 29.448 29.809 29.707 29.584 29.443 29.302 29.153 29.712 29.539 29.367 29.247 29.136 29.476 29.333 29.213 29.114 28.946 28.924 28.755 28.564
145.0699 30.261 30.311 30.236 30.043 29.9 29.761 30.122 30.02 29.898 29.756 29.616 29.467 30.025 29.853 29.681 29.56 29.45 29.789 29.647 29.527 29.428 29.259 29.238 29.068 28.878
148.5695 30.575 30.624 30.549 30.356 30.214 30.075 30.436 30.334 30.212 30.07 29.929 29.781 30.339 30.166 29.995 29.874 29.763 30.103 29.96 29.84 29.741 29.573 29.551 29.382 29.192
152.1534 30.888 30.938 30.863 30.67 30.528 30.388 30.749 30.648 30.525 30.383 30.243 30.094 30.653 30.48 30.308 30.187 30.077 30.416 30.274 30.154 30.055 29.887 29.865 29.696 29.505
155.8238 31.202 31.251 31.176 30.984 30.841 30.702 31.063 30.961 30.839 30.697 30.556 30.408 30.966 30.794 30.622 30.501 30.39 30.73 30.587 30.467 30.368 30.2 30.178 30.009 29.819
159.5828 31.515 31.565 31.49 31.297 31.155 31.016 31.376 31.275 31.152 31.01 30.87 30.721 31.28 31.107 30.935 30.815 30.704 31.043 30.901 30.781 30.682 30.514 30.492 30.323 30.132
163.4324 31.829 31.878 31.804 31.611 31.468 31.329 31.69 31.588 31.466 31.324 31.183 31.035 31.593 31.421 31.249 31.128 31.018 31.357 31.214 31.095 30.996 30.827 30.806 30.636 30.446
167.375 32.143 32.192 32.117 31.924 31.782 31.643 32.003 31.902 31.779 31.638 31.497 31.348 31.907 31.734 31.562 31.442 31.331 31.671 31.528 31.408 31.309 31.141 31.119 30.95 30.759
171.4126 32.456 32.506 32.431 32.238 32.095 31.956 32.317 32.215 32.093 31.951 31.811 31.662 32.22 32.048 31.876 31.755 31.645 31.984 31.842 31.722 31.623 31.454 31.433 31.263 31.073
175.5476 32.77 32.819 32.744 32.551 32.409 32.27 32.631 32.529 32.407 32.265 32.124 31.976 32.534 32.361 32.19 32.069 31.958 32.298 32.155 32.035 31.936 31.768 31.746 31.577 31.387
179.7823 33.083 33.133 33.058 32.865 32.723 32.583 32.944 32.843 32.72 32.578 32.438 32.289 32.848 32.675 32.503 32.382 32.272 32.611 32.469 32.349 32.25 32.082 32.06 31.891 31.7
184.1193 33.397 33.446 33.371 33.178 33.036 32.897 33.258 33.156 33.034 32.892 32.751 32.603 33.161 32.989 32.817 32.696 32.585 32.925 32.782 32.662 32.563 32.395 32.373 32.204 32.014
188.5608 33.71 33.76 33.685 33.492 33.35 33.211 33.571 33.47 33.347 33.205 33.065 32.916 33.475 33.302 33.13 33.01 32.899 33.238 33.096 32.976 32.877 32.709 32.687 32.518 32.327
193.1095 34.024 34.073 33.999 33.806 33.663 33.524 33.885 33.783 33.661 33.519 33.378 33.23 33.788 33.616 33.444 33.323 33.212 33.552 33.409 33.29 33.191 33.022 33.001 32.831 32.641
197.7679 34.338 34.387 34.312 34.119 33.977 33.838 34.198 34.097 33.974 33.832 33.692 33.543 34.102 33.929 33.757 33.637 33.526 33.865 33.723 33.603 33.504 33.336 33.314 33.145 32.954
202.5387 34.651 34.701 34.626 34.433 34.29 34.151 34.512 34.41 34.288 34.146 34.006 33.857 34.415 34.243 34.071 33.95 33.84 34.179 34.036 33.917 33.818 33.649 33.628 33.458 33.268
207.4245 34.965 35.014 34.939 34.746 34.604 34.465 34.826 34.724 34.602 34.46 34.319 34.171 34.729 34.556 34.385 34.264 34.153 34.493 34.35 34.23 34.131 33.963 33.941 33.772 33.582
212.4283 35.278 35.328 35.253 35.06 34.917 34.778 35.139 35.037 34.915 34.773 34.633 34.484 35.043 34.87 34.698 34.577 34.467 34.806 34.664 34.544 34.445 34.277 34.255 34.085 33.895
217.5527 35.592 35.641 35.566 35.373 35.231 35.092 35.453 35.351 35.229 35.087 34.946 34.798 35.356 35.184 35.012 34.891 34.78 35.12 34.977 34.857 34.758 34.59 34.568 34.399 34.209
222.8008 35.905 35.955 35.88 35.687 35.545 35.405 35.766 35.665 35.542 35.4 35.26 35.111 35.67 35.497 35.325 35.205 35.094 35.433 35.291 35.171 35.072 34.904 34.882 34.713 34.522
228.1754 36.219 36.268 36.194 36.001 35.858 35.719 36.08 35.978 35.856 35.714 35.573 35.425 35.983 35.811 35.639 35.518 35.407 35.747 35.604 35.485 35.385 35.217 35.196 35.026 34.836
233.6797 36.533 36.582 36.507 36.314 36.172 36.033 36.393 36.292 36.169 36.027 35.887 35.738 36.297 36.124 35.952 35.832 35.721 36.06 35.918 35.798 35.699 35.531 35.509 35.34 35.149
239.3168 36.846 36.896 36.821 36.628 36.485 36.346 36.707 36.605 36.483 36.341 36.201 36.052 36.61 36.438 36.266 36.145 36.035 36.374 36.231 36.112 36.013 35.844 35.823 35.653 35.463
245.0899 37.16 37.209 37.134 36.941 36.799 36.66 37.021 36.919 36.796 36.655 36.514 36.366 36.924 36.751 36.58 36.459 36.348 36.688 36.545 36.425 36.326 36.158 36.136 35.967 35.777
251.0022 37.473 37.523 37.448 37.255 37.112 36.973 37.334 37.232 37.11 36.968 36.828 36.679 37.237 37.065 36.893 36.772 36.662 37.001 36.859 36.739 36.64 36.471 36.45 36.28 36.09
257.0572 37.787 37.836 37.761 37.568 37.426 37.287 37.648 37.546 37.424 37.282 37.141 36.993 37.551 37.378 37.207 37.086 36.975 37.315 37.172 37.052 36.953 36.785 36.763 36.594 36.404
263.2582 38.1 38.15 38.075 37.882 37.74 37.6 37.961 37.86 37.737 37.595 37.455 37.306 37.865 37.692 37.52 37.4 37.289 37.628 37.486 37.366 37.267 37.099 37.077 36.908 36.717
269.6088 38.414 38.463 38.389 38.196 38.053 37.914 38.275 38.173 38.051 37.909 37.768 37.62 38.178 38.006 37.834 37.713 37.602 37.942 37.799 37.679 37.58 37.412 37.39 37.221 37.031
276.1126 38.727 38.777 38.702 38.509 38.367 38.228 38.588 38.487 38.364 38.222 38.082 37.933 38.492 38.319 38.147 38.027 37.916 38.255 38.113 37.993 37.894 37.726 37.704 37.535 37.344
282.7734 39.041 39.09 39.016 38.823 38.68 38.541 38.902 38.8 38.678 38.536 38.396 38.247 38.805 38.633 38.461 38.34 38.23 38.569 38.426 38.307 38.208 38.039 38.018 37.848 37.658
289.5947 39.355 39.404 39.329 39.136 38.994 38.855 39.216 39.114 38.991 38.85 38.709 38.561 39.119 38.946 38.774 38.654 38.543 38.883 38.74 38.62 38.521 38.353 38.331 38.162 37.972
296.5807 39.668 39.718 39.643 39.45 39.307 39.168 39.529 39.427 39.305 39.163 39.023 38.874 39.432 39.26 39.088 38.967 38.857 39.196 39.054 38.934 38.835 38.666 38.645 38.475 38.285
303.7351 39.982 40.031 39.956 39.763 39.621 39.482 39.843 39.741 39.619 39.477 39.336 39.188 39.746 39.573 39.402 39.281 39.17 39.51 39.367 39.247 39.148 38.98 38.958 38.789 38.599
311.0622 40.295 40.345 40.27 40.077 39.935 39.795 40.156 40.055 39.932 39.79 39.65 39.501 40.06 39.887 39.715 39.594 39.484 39.823 39.681 39.561 39.462 39.294 39.272 39.103 38.912
318.566 40.609 40.658 40.583 40.391 40.248 40.109 40.47 40.368 40.246 40.104 39.963 39.815 40.373 40.201 40.029 39.908 39.797 40.137 39.994 39.874 39.775 39.607 39.585 39.416 39.226
326.2508 40.922 40.972 40.897 40.704 40.562 40.423 40.783 40.682 40.559 40.417 40.277 40.128 40.687 40.514 40.342 40.222 40.111 40.45 40.308 40.188 40.089 39.921 39.899 39.73 39.539
334.121 41.236 41.285 41.211 41.018 40.875 40.736 41.097 40.995 40.873 40.731 40.59 40.442 41.0 40.828 40.656 40.535 40.425 40.764 40.621 40.502 40.403 40.234 40.213 40.043 39.853
342.181 41.55 41.599 41.524 41.331 41.189 41.05 41.411 41.309 41.186 41.045 40.904 40.755 41.314 41.141 40.969 40.849 40.738 41.078 40.935 40.815 40.716 40.548 40.526 40.357 40.166
350.4355 41.863 41.913 41.838 41.645 41.502 41.363 41.724 41.622 41.5 41.358 41.218 41.069 41.627 41.455 41.283 41.162 41.052 41.391 41.249 41.129 41.03 40.861 40.84 40.67 40.48
358.8891 42.177 42.226 42.151 41.958 41.816 41.677 42.038 41.936 41.814 41.672 41.531 41.383 41.941 41.768 41.597 41.476 41.365 41.705 41.562 41.442 41.343 41.175 41.153 40.984 40.794
367.5467 42.49 42.54 42.465 42.272 42.13 41.99 42.351 42.25 42.127 41.985 41.845 41.696 42.255 42.082 41.91 41.789 41.679 42.018 41.876 41.756 41.657 41.489 41.467 41.298 41.107
376.4131 42.804 42.853 42.778 42.585 42.443 42.304 42.665 42.563 42.441 42.299 42.158 42.01 42.568 42.396 42.224 42.103 41.992 42.332 42.189 42.069 41.97 41.802 41.78 41.611 41.421
385.4933 43.117 43.167 43.092 42.899 42.757 42.618 42.978 42.877 42.754 42.612 42.472 42.323 42.882 42.709 42.537 42.417 42.306 42.645 42.503 42.383 42.284 42.116 42.094 41.925 41.734
394.7926 43.431 43.48 43.406 43.213 43.07 42.931 43.292 43.19 43.068 42.926 42.785 42.637 43.195 43.023 42.851 42.73 42.62 42.959 42.816 42.697 42.598 42.429 42.408 42.238 42.048
404.3163 43.745 43.794 43.719 43.526 43.384 43.245 43.605 43.504 43.381 43.24 43.099 42.95 43.509 43.336 43.164 43.044 42.933 43.273 43.13 43.01 42.911 42.743 42.721 42.552 42.361
414.0697 44.058 44.108 44.033 43.84 43.697 43.558 43.919 43.817 43.695 43.553 43.413 43.264 43.822 43.65 43.478 43.357 43.247 43.586 43.444 43.324 43.225 43.056 43.035 42.865 42.675
424.0583 44.372 44.421 44.346 44.153 44.011 43.872 44.233 44.131 44.009 43.867 43.726 43.578 44.136 43.963 43.792 43.671 43.56 43.9 43.757 43.637 43.538 43.37 43.348 43.179 42.989
434.2879 44.685 44.735 44.66 44.467 44.324 44.185 44.546 44.445 44.322 44.18 44.04 43.891 44.45 44.277 44.105 43.984 43.874 44.213 44.071 43.951 43.852 43.684 43.662 43.492 43.302
444.7643 44.999 45.048 44.973 44.78 44.638 44.499 44.86 44.758 44.636 44.494 44.353 44.205 44.763 44.591 44.419 44.298 44.187 44.527 44.384 44.264 44.165 43.997 43.975 43.806 43.616
455.4934 45.312 45.362 45.287 45.094 44.952 44.813 45.173 45.072 44.949 44.807 44.667 44.518 45.077 44.904 44.732 44.612 44.501 44.84 44.698 44.578 44.479 44.311 44.289 44.12 43.929
466.4814 45.626 45.675 45.601 45.408 45.265 45.126 45.487 45.385 45.263 45.121 44.98 44.832 45.39 45.218 45.046 44.925 44.814 45.154 45.011 44.892 44.792 44.624 44.603 44.433 44.243
477.7344 45.94 45.989 45.914 45.721 45.579 45.44 45.8 45.699 45.576 45.434 45.294 45.145 45.704 45.531 45.359 45.239 45.128 45.467 45.325 45.205 45.106 44.938 44.916 44.747 44.556
489.2588 46.253 46.303 46.228 46.035 45.892 45.753 46.114 46.012 45.89 45.748 45.608 45.459 46.017 45.845 45.673 45.552 45.442 45.781 45.638 45.519 45.42 45.251 45.23 45.06 44.87
501.0613 46.567 46.616 46.541 46.348 46.206 46.067 46.428 46.326 46.203 46.062 45.921 45.773 46.331 46.158 45.987 45.866 45.755 46.095 45.952 45.832 45.733 45.565 45.543 45.374 45.184
513.1485 46.88 46.93 46.855 46.662 46.519 46.38 46.741 46.639 46.517 46.375 46.235 46.086 46.645 46.472 46.3 46.179 46.069 46.408 46.266 46.146 46.047 45.878 45.857 45.687 45.497
525.5272 47.194 47.243 47.168 46.975 46.833 46.694 47.055 46.953 46.831 46.689 46.548 46.4 46.958 46.786 46.614 46.493 46.382 46.722 46.579 46.459 46.36 46.192 46.17 46.001 45.811
538.2046 47.507 47.557 47.482 47.289 47.147 47.007 47.368 47.267 47.144 47.002 46.862 46.713 47.272 47.099 46.927 46.807 46.696 47.035 46.893 46.773 46.674 46.506 46.484 46.315 46.124
551.1878 47.821 47.87 47.796 47.603 47.46 47.321 47.682 47.58 47.458 47.316 47.175 47.027 47.585 47.413 47.241 47.12 47.009 47.349 47.206 47.086 46.987 46.819 46.797 46.628 46.438
564.4842 48.134 48.184 48.109 47.916 47.774 47.635 47.995 47.894 47.771 47.629 47.489 47.34 47.899 47.726 47.554 47.434 47.323 47.662 47.52 47.4 47.301 47.133 47.111 46.942 46.751
578.1013 48.448 48.498 48.423 48.23 48.087 47.948 48.309 48.207 48.085 47.943 47.803 47.654 48.212 48.04 47.868 47.747 47.637 47.976 47.833 47.714 47.615 47.446 47.425 47.255 47.065
592.0469 48.762 48.811 48.736 48.543 48.401 48.262 48.623 48.521 48.398 48.257 48.116 47.968 48.526 48.353 48.181 48.061 47.95 48.29 48.147 48.027 47.928 47.76 47.738 47.569 47.379
606.329 49.075 49.125 49.05 48.857 48.714 48.575 48.936 48.834 48.712 48.57 48.43 48.281 48.839 48.667 48.495 48.374 48.264 48.603 48.461 48.341 48.242 48.073 48.052 47.882 47.692
620.9555 49.389 49.438 49.363 49.17 49.028 48.889 49.25 49.148 49.026 48.884 48.743 48.595 49.153 48.98 48.809 48.688 48.577 48.917 48.774 48.654 48.555 48.387 48.365 48.196 48.006
635.9349 49.702 49.752 49.677 49.484 49.342 49.202 49.563 49.462 49.339 49.197 49.057 48.908 49.467 49.294 49.122 49.001 48.891 49.23 49.088 48.968 48.869 48.701 48.679 48.51 48.319
651.2757 50.016 50.065 49.991 49.798 49.655 49.516 49.877 49.775 49.653 49.511 49.37 49.222 49.78 49.608 49.436 49.315 49.204 49.544 49.401 49.281 49.182 49.014 48.992 48.823 48.633
666.9865 50.329 50.379 50.304 50.111 49.969 49.83 50.19 50.089 49.966 49.824 49.684 49.535 50.094 49.921 49.749 49.629 49.518 49.857 49.715 49.595 49.496 49.328 49.306 49.137 48.946
683.0763 50.643 50.692 50.618 50.425 50.282 50.143 50.504 50.402 50.28 50.138 49.998 49.849 50.407 50.235 50.063 49.942 49.832 50.171 50.028 49.909 49.81 49.641 49.62 49.45 49.26
699.5543 50.957 51.006 50.931 50.738 50.596 50.457 50.818 50.716 50.593 50.452 50.311 50.163 50.721 50.548 50.376 50.256 50.145 50.485 50.342 50.222 50.123 49.955 49.933 49.764 49.573
716.4297 51.27 51.32 51.245 51.052 50.909 50.77 51.131 51.029 50.907 50.765 50.625 50.476 51.034 50.862 50.69 50.569 50.459 50.798 50.656 50.536 50.437 50.268 50.247 50.077 49.887
733.7123 51.584 51.633 51.558 51.365 51.223 51.084 51.445 51.343 51.221 51.079 50.938 50.79 51.348 51.175 51.004 50.883 50.772 51.112 50.969 50.849 50.75 50.582 50.56 50.391 50.201
751.4117 51.897 51.947 51.872 51.679 51.537 51.397 51.758 51.657 51.534 51.392 51.252 51.103 51.662 51.489 51.317 51.196 51.086 51.425 51.283 51.163 51.064 50.896 50.874 50.705 50.514
769.5381 52.211 52.26 52.185 51.993 51.85 51.711 52.072 51.97 51.848 51.706 51.565 51.417 51.975 51.803 51.631 51.51 51.399 51.739 51.596 51.476 51.377 51.209 51.187 51.018 50.828
788.1018 52.524 52.574 52.499 52.306 52.164 52.025 52.385 52.284 52.161 52.019 51.879 51.73 52.289 52.116 51.944 51.824 51.713 52.052 51.91 51.79 51.691 51.523 51.501 51.332 51.141
807.1133 52.838 52.887 52.813 52.62 52.477 52.338 52.699 52.597 52.475 52.333 52.192 52.044 52.602 52.43 52.258 52.137 52.027 52.366 52.223 52.104 52.005 51.836 51.815 51.645 51.455
826.5834 53.152 53.201 53.126 52.933 52.791 52.652 53.012 52.911 52.788 52.647 52.506 52.357 52.916 52.743 52.571 52.451 52.34 52.68 52.537 52.417 52.318 52.15 52.128 51.959 51.768
846.5232 53.465 53.515 53.44 53.247 53.104 52.965 53.326 53.224 53.102 52.96 52.82 52.671 53.229 53.057 52.885 52.764 52.654 52.993 52.851 52.731 52.632 52.463 52.442 52.272 52.082
866.944 53.779 53.828 53.753 53.56 53.418 53.279 53.64 53.538 53.416 53.274 53.133 52.985 53.543 53.37 53.199 53.078 52.967 53.307 53.164 53.044 52.945 52.777 52.755 52.586 52.396
887.8575 54.092 54.142 54.067 53.874 53.732 53.592 53.953 53.852 53.729 53.587 53.447 53.298 53.857 53.684 53.512 53.391 53.281 53.62 53.478 53.358 53.259 53.091 53.069 52.9 52.709
909.2754 54.406 54.455 54.38 54.187 54.045 53.906 54.267 54.165 54.043 53.901 53.76 53.612 54.17 53.998 53.826 53.705 53.594 53.934 53.791 53.671 53.572 53.404 53.382 53.213 53.023
931.21 54.719 54.769 54.694 54.501 54.359 54.22 54.58 54.479 54.356 54.214 54.074 53.925 54.484 54.311 54.139 54.019 53.908 54.247 54.105 53.985 53.886 53.718 53.696 53.527 53.336
953.6737 55.033 55.082 55.008 54.815 54.672 54.533 54.894 54.792 54.67 54.528 54.387 54.239 54.797 54.625 54.453 54.332 54.222 54.561 54.418 54.299 54.2 54.031 54.01 53.84 53.65
976.6793 55.347 55.396 55.321 55.128 54.986 54.847 55.207 55.106 54.983 54.842 54.701 54.552 55.111 54.938 54.766 54.646 54.535 54.875 54.732 54.612 54.513 54.345 54.323 54.154 53.963
1000.2399 55.66 55.71 55.635 55.442 55.299 55.16 55.521 55.419 55.297 55.155 55.015 54.866 55.424 55.252 55.08 54.959 54.849 55.188 55.046 54.926 54.827 54.658 54.637 54.467 54.277
