web/models/linear/48/-16_224_0_228.dat
# %ECSV 1.0
# ---
# datatype:
# - {name: time, datatype: float64}
# - {name: swift_uvot_uvw2, datatype: float64}
# - {name: swift_uvot_uvm2, datatype: float64}
# - {name: swift_uvot_uvw1, datatype: float64}
# - {name: swift_uvot_U, datatype: float64}
# - {name: swift_uvot_B, datatype: float64}
# - {name: swift_uvot_V, datatype: float64}
# - {name: swift_uvot_W, datatype: float64}
# - {name: johnson_U, datatype: float64}
# - {name: johnson_B, datatype: float64}
# - {name: johnson_V, datatype: float64}
# - {name: johnson_R, datatype: float64}
# - {name: johnson_I, datatype: float64}
# - {name: sdss_u, datatype: float64}
# - {name: sdss_g, datatype: float64}
# - {name: sdss_r, datatype: float64}
# - {name: sdss_i, datatype: float64}
# - {name: sdss_z, datatype: float64}
# - {name: PS1_g, datatype: float64}
# - {name: PS1_r, datatype: float64}
# - {name: PS1_i, datatype: float64}
# - {name: PS1_z, datatype: float64}
# - {name: PS1_Y, datatype: float64}
# - {name: PS1_w, datatype: float64}
# - {name: ATLAS_c, datatype: float64}
# - {name: ATLAS_o, datatype: float64}
# - {name: ukirt_J, datatype: float64}
# - {name: ukirt_H, datatype: float64}
# - {name: ukirt_K, datatype: float64}
# - {name: Clear, datatype: float64}
# meta: !!omap
# - comment: [M=-16.224489795918366, dM=0.22797045620951936]
# schema: astropy-2.0
time swift_uvot_uvw2 swift_uvot_uvm2 swift_uvot_uvw1 swift_uvot_U swift_uvot_B swift_uvot_V swift_uvot_W johnson_U johnson_B johnson_V johnson_R johnson_I sdss_u sdss_g sdss_r sdss_i sdss_z PS1_g PS1_r PS1_i PS1_z PS1_Y PS1_w ATLAS_c ATLAS_o ukirt_J ukirt_H ukirt_K Clear
[from data line 136]
10.251256281407034 -13.887506224725303 -13.887506224725303 -13.887506224725303 -13.887506224725303 -13.887506224725303 -13.887506224725303 -13.887506224725303 -13.887506224725303 -13.887506224725303 -13.887506224725303 -13.887506224725303 -13.887506224725303 -13.887506224725303 -13.887506224725303 -13.887506224725303 -13.887506224725303 -13.887506224725303 -13.887506224725303 -13.887506224725303 -13.887506224725303 -13.887506224725303 -13.887506224725303 -13.887506224725303 -13.887506224725303 -13.887506224725303 -13.887506224725303 -13.887506224725303 -13.887506224725303 -13.887506224725303
10.326633165829145 -13.870322521995943 -13.870322521995943 -13.870322521995943 -13.870322521995943 -13.870322521995943 -13.870322521995943 -13.870322521995943 -13.870322521995943 -13.870322521995943 -13.870322521995943 -13.870322521995943 -13.870322521995943 -13.870322521995943 -13.870322521995943 -13.870322521995943 -13.870322521995943 -13.870322521995943 -13.870322521995943 -13.870322521995943 -13.870322521995943 -13.870322521995943 -13.870322521995943 -13.870322521995943 -13.870322521995943 -13.870322521995943 -13.870322521995943 -13.870322521995943 -13.870322521995943 -13.870322521995943
10.402010050251256 -13.853138819266581 -13.853138819266581 -13.853138819266581 -13.853138819266581 -13.853138819266581 -13.853138819266581 -13.853138819266581 -13.853138819266581 -13.853138819266581 -13.853138819266581 -13.853138819266581 -13.853138819266581 -13.853138819266581 -13.853138819266581 -13.853138819266581 -13.853138819266581 -13.853138819266581 -13.853138819266581 -13.853138819266581 -13.853138819266581 -13.853138819266581 -13.853138819266581 -13.853138819266581 -13.853138819266581 -13.853138819266581 -13.853138819266581 -13.853138819266581 -13.853138819266581 -13.853138819266581
10.477386934673365 -13.835955116537221 -13.835955116537221 -13.835955116537221 -13.835955116537221 -13.835955116537221 -13.835955116537221 -13.835955116537221 -13.835955116537221 -13.835955116537221 -13.835955116537221 -13.835955116537221 -13.835955116537221 -13.835955116537221 -13.835955116537221 -13.835955116537221 -13.835955116537221 -13.835955116537221 -13.835955116537221 -13.835955116537221 -13.835955116537221 -13.835955116537221 -13.835955116537221 -13.835955116537221 -13.835955116537221 -13.835955116537221 -13.835955116537221 -13.835955116537221 -13.835955116537221 -13.835955116537221
10.552763819095476 -13.81877141380786 -13.81877141380786 -13.81877141380786 -13.81877141380786 -13.81877141380786 -13.81877141380786 -13.81877141380786 -13.81877141380786 -13.81877141380786 -13.81877141380786 -13.81877141380786 -13.81877141380786 -13.81877141380786 -13.81877141380786 -13.81877141380786 -13.81877141380786 -13.81877141380786 -13.81877141380786 -13.81877141380786 -13.81877141380786 -13.81877141380786 -13.81877141380786 -13.81877141380786 -13.81877141380786 -13.81877141380786 -13.81877141380786 -13.81877141380786 -13.81877141380786 -13.81877141380786
10.628140703517587 -13.8015877110785 -13.8015877110785 -13.8015877110785 -13.8015877110785 -13.8015877110785 -13.8015877110785 -13.8015877110785 -13.8015877110785 -13.8015877110785 -13.8015877110785 -13.8015877110785 -13.8015877110785 -13.8015877110785 -13.8015877110785 -13.8015877110785 -13.8015877110785 -13.8015877110785 -13.8015877110785 -13.8015877110785 -13.8015877110785 -13.8015877110785 -13.8015877110785 -13.8015877110785 -13.8015877110785 -13.8015877110785 -13.8015877110785 -13.8015877110785 -13.8015877110785 -13.8015877110785
10.703517587939697 -13.784404008349139 -13.784404008349139 -13.784404008349139 -13.784404008349139 -13.784404008349139 -13.784404008349139 -13.784404008349139 -13.784404008349139 -13.784404008349139 -13.784404008349139 -13.784404008349139 -13.784404008349139 -13.784404008349139 -13.784404008349139 -13.784404008349139 -13.784404008349139 -13.784404008349139 -13.784404008349139 -13.784404008349139 -13.784404008349139 -13.784404008349139 -13.784404008349139 -13.784404008349139 -13.784404008349139 -13.784404008349139 -13.784404008349139 -13.784404008349139 -13.784404008349139 -13.784404008349139
10.778894472361808 -13.767220305619778 -13.767220305619778 -13.767220305619778 -13.767220305619778 -13.767220305619778 -13.767220305619778 -13.767220305619778 -13.767220305619778 -13.767220305619778 -13.767220305619778 -13.767220305619778 -13.767220305619778 -13.767220305619778 -13.767220305619778 -13.767220305619778 -13.767220305619778 -13.767220305619778 -13.767220305619778 -13.767220305619778 -13.767220305619778 -13.767220305619778 -13.767220305619778 -13.767220305619778 -13.767220305619778 -13.767220305619778 -13.767220305619778 -13.767220305619778 -13.767220305619778 -13.767220305619778
10.854271356783919 -13.750036602890418 -13.750036602890418 -13.750036602890418 -13.750036602890418 -13.750036602890418 -13.750036602890418 -13.750036602890418 -13.750036602890418 -13.750036602890418 -13.750036602890418 -13.750036602890418 -13.750036602890418 -13.750036602890418 -13.750036602890418 -13.750036602890418 -13.750036602890418 -13.750036602890418 -13.750036602890418 -13.750036602890418 -13.750036602890418 -13.750036602890418 -13.750036602890418 -13.750036602890418 -13.750036602890418 -13.750036602890418 -13.750036602890418 -13.750036602890418 -13.750036602890418 -13.750036602890418
10.92964824120603 -13.732852900161056 -13.732852900161056 -13.732852900161056 -13.732852900161056 -13.732852900161056 -13.732852900161056 -13.732852900161056 -13.732852900161056 -13.732852900161056 -13.732852900161056 -13.732852900161056 -13.732852900161056 -13.732852900161056 -13.732852900161056 -13.732852900161056 -13.732852900161056 -13.732852900161056 -13.732852900161056 -13.732852900161056 -13.732852900161056 -13.732852900161056 -13.732852900161056 -13.732852900161056 -13.732852900161056 -13.732852900161056 -13.732852900161056 -13.732852900161056 -13.732852900161056 -13.732852900161056
11.00502512562814 -13.715669197431696 -13.715669197431696 -13.715669197431696 -13.715669197431696 -13.715669197431696 -13.715669197431696 -13.715669197431696 -13.715669197431696 -13.715669197431696 -13.715669197431696 -13.715669197431696 -13.715669197431696 -13.715669197431696 -13.715669197431696 -13.715669197431696 -13.715669197431696 -13.715669197431696 -13.715669197431696 -13.715669197431696 -13.715669197431696 -13.715669197431696 -13.715669197431696 -13.715669197431696 -13.715669197431696 -13.715669197431696 -13.715669197431696 -13.715669197431696 -13.715669197431696 -13.715669197431696
11.08040201005025 -13.698485494702336 -13.698485494702336 -13.698485494702336 -13.698485494702336 -13.698485494702336 -13.698485494702336 -13.698485494702336 -13.698485494702336 -13.698485494702336 -13.698485494702336 -13.698485494702336 -13.698485494702336 -13.698485494702336 -13.698485494702336 -13.698485494702336 -13.698485494702336 -13.698485494702336 -13.698485494702336 -13.698485494702336 -13.698485494702336 -13.698485494702336 -13.698485494702336 -13.698485494702336 -13.698485494702336 -13.698485494702336 -13.698485494702336 -13.698485494702336 -13.698485494702336 -13.698485494702336
11.15577889447236 -13.681301791972974 -13.681301791972974 -13.681301791972974 -13.681301791972974 -13.681301791972974 -13.681301791972974 -13.681301791972974 -13.681301791972974 -13.681301791972974 -13.681301791972974 -13.681301791972974 -13.681301791972974 -13.681301791972974 -13.681301791972974 -13.681301791972974 -13.681301791972974 -13.681301791972974 -13.681301791972974 -13.681301791972974 -13.681301791972974 -13.681301791972974 -13.681301791972974 -13.681301791972974 -13.681301791972974 -13.681301791972974 -13.681301791972974 -13.681301791972974 -13.681301791972974 -13.681301791972974
11.231155778894472 -13.664118089243614 -13.664118089243614 -13.664118089243614 -13.664118089243614 -13.664118089243614 -13.664118089243614 -13.664118089243614 -13.664118089243614 -13.664118089243614 -13.664118089243614 -13.664118089243614 -13.664118089243614 -13.664118089243614 -13.664118089243614 -13.664118089243614 -13.664118089243614 -13.664118089243614 -13.664118089243614 -13.664118089243614 -13.664118089243614 -13.664118089243614 -13.664118089243614 -13.664118089243614 -13.664118089243614 -13.664118089243614 -13.664118089243614 -13.664118089243614 -13.664118089243614 -13.664118089243614
11.306532663316581 -13.646934386514253 -13.646934386514253 -13.646934386514253 -13.646934386514253 -13.646934386514253 -13.646934386514253 -13.646934386514253 -13.646934386514253 -13.646934386514253 -13.646934386514253 -13.646934386514253 -13.646934386514253 -13.646934386514253 -13.646934386514253 -13.646934386514253 -13.646934386514253 -13.646934386514253 -13.646934386514253 -13.646934386514253 -13.646934386514253 -13.646934386514253 -13.646934386514253 -13.646934386514253 -13.646934386514253 -13.646934386514253 -13.646934386514253 -13.646934386514253 -13.646934386514253 -13.646934386514253
11.381909547738692 -13.629750683784891 -13.629750683784891 -13.629750683784891 -13.629750683784891 -13.629750683784891 -13.629750683784891 -13.629750683784891 -13.629750683784891 -13.629750683784891 -13.629750683784891 -13.629750683784891 -13.629750683784891 -13.629750683784891 -13.629750683784891 -13.629750683784891 -13.629750683784891 -13.629750683784891 -13.629750683784891 -13.629750683784891 -13.629750683784891 -13.629750683784891 -13.629750683784891 -13.629750683784891 -13.629750683784891 -13.629750683784891 -13.629750683784891 -13.629750683784891 -13.629750683784891 -13.629750683784891
11.457286432160803 -13.612566981055531 -13.612566981055531 -13.612566981055531 -13.612566981055531 -13.612566981055531 -13.612566981055531 -13.612566981055531 -13.612566981055531 -13.612566981055531 -13.612566981055531 -13.612566981055531 -13.612566981055531 -13.612566981055531 -13.612566981055531 -13.612566981055531 -13.612566981055531 -13.612566981055531 -13.612566981055531 -13.612566981055531 -13.612566981055531 -13.612566981055531 -13.612566981055531 -13.612566981055531 -13.612566981055531 -13.612566981055531 -13.612566981055531 -13.612566981055531 -13.612566981055531 -13.612566981055531
11.532663316582914 -13.595383278326171 -13.595383278326171 -13.595383278326171 -13.595383278326171 -13.595383278326171 -13.595383278326171 -13.595383278326171 -13.595383278326171 -13.595383278326171 -13.595383278326171 -13.595383278326171 -13.595383278326171 -13.595383278326171 -13.595383278326171 -13.595383278326171 -13.595383278326171 -13.595383278326171 -13.595383278326171 -13.595383278326171 -13.595383278326171 -13.595383278326171 -13.595383278326171 -13.595383278326171 -13.595383278326171 -13.595383278326171 -13.595383278326171 -13.595383278326171 -13.595383278326171 -13.595383278326171
11.608040201005025 -13.578199575596809 -13.578199575596809 -13.578199575596809 -13.578199575596809 -13.578199575596809 -13.578199575596809 -13.578199575596809 -13.578199575596809 -13.578199575596809 -13.578199575596809 -13.578199575596809 -13.578199575596809 -13.578199575596809 -13.578199575596809 -13.578199575596809 -13.578199575596809 -13.578199575596809 -13.578199575596809 -13.578199575596809 -13.578199575596809 -13.578199575596809 -13.578199575596809 -13.578199575596809 -13.578199575596809 -13.578199575596809 -13.578199575596809 -13.578199575596809 -13.578199575596809 -13.578199575596809
11.683417085427134 -13.561015872867449 -13.561015872867449 -13.561015872867449 -13.561015872867449 -13.561015872867449 -13.561015872867449 -13.561015872867449 -13.561015872867449 -13.561015872867449 -13.561015872867449 -13.561015872867449 -13.561015872867449 -13.561015872867449 -13.561015872867449 -13.561015872867449 -13.561015872867449 -13.561015872867449 -13.561015872867449 -13.561015872867449 -13.561015872867449 -13.561015872867449 -13.561015872867449 -13.561015872867449 -13.561015872867449 -13.561015872867449 -13.561015872867449 -13.561015872867449 -13.561015872867449 -13.561015872867449
11.758793969849245 -13.543832170138089 -13.543832170138089 -13.543832170138089 -13.543832170138089 -13.543832170138089 -13.543832170138089 -13.543832170138089 -13.543832170138089 -13.543832170138089 -13.543832170138089 -13.543832170138089 -13.543832170138089 -13.543832170138089 -13.543832170138089 -13.543832170138089 -13.543832170138089 -13.543832170138089 -13.543832170138089 -13.543832170138089 -13.543832170138089 -13.543832170138089 -13.543832170138089 -13.543832170138089 -13.543832170138089 -13.543832170138089 -13.543832170138089 -13.543832170138089 -13.543832170138089 -13.543832170138089
11.834170854271356 -13.526648467408727 -13.526648467408727 -13.526648467408727 -13.526648467408727 -13.526648467408727 -13.526648467408727 -13.526648467408727 -13.526648467408727 -13.526648467408727 -13.526648467408727 -13.526648467408727 -13.526648467408727 -13.526648467408727 -13.526648467408727 -13.526648467408727 -13.526648467408727 -13.526648467408727 -13.526648467408727 -13.526648467408727 -13.526648467408727 -13.526648467408727 -13.526648467408727 -13.526648467408727 -13.526648467408727 -13.526648467408727 -13.526648467408727 -13.526648467408727 -13.526648467408727 -13.526648467408727
11.909547738693465 -13.509464764679366 -13.509464764679366 -13.509464764679366 -13.509464764679366 -13.509464764679366 -13.509464764679366 -13.509464764679366 -13.509464764679366 -13.509464764679366 -13.509464764679366 -13.509464764679366 -13.509464764679366 -13.509464764679366 -13.509464764679366 -13.509464764679366 -13.509464764679366 -13.509464764679366 -13.509464764679366 -13.509464764679366 -13.509464764679366 -13.509464764679366 -13.509464764679366 -13.509464764679366 -13.509464764679366 -13.509464764679366 -13.509464764679366 -13.509464764679366 -13.509464764679366 -13.509464764679366
11.984924623115576 -13.492281061950006 -13.492281061950006 -13.492281061950006 -13.492281061950006 -13.492281061950006 -13.492281061950006 -13.492281061950006 -13.492281061950006 -13.492281061950006 -13.492281061950006 -13.492281061950006 -13.492281061950006 -13.492281061950006 -13.492281061950006 -13.492281061950006 -13.492281061950006 -13.492281061950006 -13.492281061950006 -13.492281061950006 -13.492281061950006 -13.492281061950006 -13.492281061950006 -13.492281061950006 -13.492281061950006 -13.492281061950006 -13.492281061950006 -13.492281061950006 -13.492281061950006 -13.492281061950006
12.060301507537687 -13.475097359220646 -13.475097359220646 -13.475097359220646 -13.475097359220646 -13.475097359220646 -13.475097359220646 -13.475097359220646 -13.475097359220646 -13.475097359220646 -13.475097359220646 -13.475097359220646 -13.475097359220646 -13.475097359220646 -13.475097359220646 -13.475097359220646 -13.475097359220646 -13.475097359220646 -13.475097359220646 -13.475097359220646 -13.475097359220646 -13.475097359220646 -13.475097359220646 -13.475097359220646 -13.475097359220646 -13.475097359220646 -13.475097359220646 -13.475097359220646 -13.475097359220646 -13.475097359220646
12.135678391959798 -13.457913656491284 -13.457913656491284 -13.457913656491284 -13.457913656491284 -13.457913656491284 -13.457913656491284 -13.457913656491284 -13.457913656491284 -13.457913656491284 -13.457913656491284 -13.457913656491284 -13.457913656491284 -13.457913656491284 -13.457913656491284 -13.457913656491284 -13.457913656491284 -13.457913656491284 -13.457913656491284 -13.457913656491284 -13.457913656491284 -13.457913656491284 -13.457913656491284 -13.457913656491284 -13.457913656491284 -13.457913656491284 -13.457913656491284 -13.457913656491284 -13.457913656491284 -13.457913656491284
