web/models/linear/48/-16_224_0_921.dat
# %ECSV 1.0
# ---
# datatype:
# - {name: time, datatype: float64}
# - {name: sdss_u, datatype: float64}
# - {name: sdss_g, datatype: float64}
# - {name: sdss_r, datatype: float64}
# - {name: sdss_i, datatype: float64}
# - {name: sdss_z, datatype: float64}
# - {name: Clear, datatype: float64}
# - {name: johnson_B, datatype: float64}
# - {name: johnson_V, datatype: float64}
# - {name: johnson_R, datatype: float64}
# - {name: johnson_I, datatype: float64}
# - {name: ukirt_J, datatype: float64}
# - {name: ukirt_H, datatype: float64}
# - {name: ukirt_K, datatype: float64}
# meta: !!omap
# - comment: [M=-16.224489795918366, dM=0.9208527728773267]
# schema: astropy-2.0
time sdss_u sdss_g sdss_r sdss_i sdss_z Clear johnson_B johnson_V johnson_R johnson_I ukirt_J ukirt_H ukirt_K
[from data line 178]
13.417085427135678 -3.869329476408506 -3.869329476408506 -3.869329476408506 -3.869329476408506 -3.869329476408506 -3.869329476408506 -3.869329476408506 -3.869329476408506 -3.869329476408506 -3.869329476408506 -3.869329476408506 -3.869329476408506 -3.869329476408506
13.492462311557787 -3.799918463377553 -3.799918463377553 -3.799918463377553 -3.799918463377553 -3.799918463377553 -3.799918463377553 -3.799918463377553 -3.799918463377553 -3.799918463377553 -3.799918463377553 -3.799918463377553 -3.799918463377553 -3.799918463377553
13.567839195979898 -3.7305074503465985 -3.7305074503465985 -3.7305074503465985 -3.7305074503465985 -3.7305074503465985 -3.7305074503465985 -3.7305074503465985 -3.7305074503465985 -3.7305074503465985 -3.7305074503465985 -3.7305074503465985 -3.7305074503465985 -3.7305074503465985
13.64321608040201 -3.661096437315644 -3.661096437315644 -3.661096437315644 -3.661096437315644 -3.661096437315644 -3.661096437315644 -3.661096437315644 -3.661096437315644 -3.661096437315644 -3.661096437315644 -3.661096437315644 -3.661096437315644 -3.661096437315644
13.718592964824118 -3.591685424284691 -3.591685424284691 -3.591685424284691 -3.591685424284691 -3.591685424284691 -3.591685424284691 -3.591685424284691 -3.591685424284691 -3.591685424284691 -3.591685424284691 -3.591685424284691 -3.591685424284691 -3.591685424284691
13.79396984924623 -3.5222744112537363 -3.5222744112537363 -3.5222744112537363 -3.5222744112537363 -3.5222744112537363 -3.5222744112537363 -3.5222744112537363 -3.5222744112537363 -3.5222744112537363 -3.5222744112537363 -3.5222744112537363 -3.5222744112537363 -3.5222744112537363
13.86934673366834 -3.4528633982227817 -3.4528633982227817 -3.4528633982227817 -3.4528633982227817 -3.4528633982227817 -3.4528633982227817 -3.4528633982227817 -3.4528633982227817 -3.4528633982227817 -3.4528633982227817 -3.4528633982227817 -3.4528633982227817 -3.4528633982227817
13.944723618090451 -3.383452385191827 -3.383452385191827 -3.383452385191827 -3.383452385191827 -3.383452385191827 -3.383452385191827 -3.383452385191827 -3.383452385191827 -3.383452385191827 -3.383452385191827 -3.383452385191827 -3.383452385191827 -3.383452385191827
14.020100502512562 -3.3140413721608706 -3.3140413721608706 -3.3140413721608706 -3.3140413721608706 -3.3140413721608706 -3.3140413721608706 -3.3140413721608706 -3.3140413721608706 -3.3140413721608706 -3.3140413721608706 -3.3140413721608706 -3.3140413721608706 -3.3140413721608706
14.095477386934672 -3.2446303591299177 -3.2446303591299177 -3.2446303591299177 -3.2446303591299177 -3.2446303591299177 -3.2446303591299177 -3.2446303591299177 -3.2446303591299177 -3.2446303591299177 -3.2446303591299177 -3.2446303591299177 -3.2446303591299177 -3.2446303591299177
14.170854271356783 -3.175219346098963 -3.175219346098963 -3.175219346098963 -3.175219346098963 -3.175219346098963 -3.175219346098963 -3.175219346098963 -3.175219346098963 -3.175219346098963 -3.175219346098963 -3.175219346098963 -3.175219346098963 -3.175219346098963
14.246231155778894 -3.1058083330680084 -3.1058083330680084 -3.1058083330680084 -3.1058083330680084 -3.1058083330680084 -3.1058083330680084 -3.1058083330680084 -3.1058083330680084 -3.1058083330680084 -3.1058083330680084 -3.1058083330680084 -3.1058083330680084 -3.1058083330680084
14.321608040201003 -3.0363973200370555 -3.0363973200370555 -3.0363973200370555 -3.0363973200370555 -3.0363973200370555 -3.0363973200370555 -3.0363973200370555 -3.0363973200370555 -3.0363973200370555 -3.0363973200370555 -3.0363973200370555 -3.0363973200370555 -3.0363973200370555
14.396984924623114 -2.966986307006101 -2.966986307006101 -2.966986307006101 -2.966986307006101 -2.966986307006101 -2.966986307006101 -2.966986307006101 -2.966986307006101 -2.966986307006101 -2.966986307006101 -2.966986307006101 -2.966986307006101 -2.966986307006101
14.472361809045225 -2.8975752939751462 -2.8975752939751462 -2.8975752939751462 -2.8975752939751462 -2.8975752939751462 -2.8975752939751462 -2.8975752939751462 -2.8975752939751462 -2.8975752939751462 -2.8975752939751462 -2.8975752939751462 -2.8975752939751462 -2.8975752939751462
14.547738693467336 -2.8281642809441916 -2.8281642809441916 -2.8281642809441916 -2.8281642809441916 -2.8281642809441916 -2.8281642809441916 -2.8281642809441916 -2.8281642809441916 -2.8281642809441916 -2.8281642809441916 -2.8281642809441916 -2.8281642809441916 -2.8281642809441916
14.623115577889447 -2.758753267913237 -2.758753267913237 -2.758753267913237 -2.758753267913237 -2.758753267913237 -2.758753267913237 -2.758753267913237 -2.758753267913237 -2.758753267913237 -2.758753267913237 -2.758753267913237 -2.758753267913237 -2.758753267913237
14.698492462311556 -2.689342254882284 -2.689342254882284 -2.689342254882284 -2.689342254882284 -2.689342254882284 -2.689342254882284 -2.689342254882284 -2.689342254882284 -2.689342254882284 -2.689342254882284 -2.689342254882284 -2.689342254882284 -2.689342254882284
14.773869346733667 -2.6199312418513294 -2.6199312418513294 -2.6199312418513294 -2.6199312418513294 -2.6199312418513294 -2.6199312418513294 -2.6199312418513294 -2.6199312418513294 -2.6199312418513294 -2.6199312418513294 -2.6199312418513294 -2.6199312418513294 -2.6199312418513294
14.849246231155778 -2.5505202288203748 -2.5505202288203748 -2.5505202288203748 -2.5505202288203748 -2.5505202288203748 -2.5505202288203748 -2.5505202288203748 -2.5505202288203748 -2.5505202288203748 -2.5505202288203748 -2.5505202288203748 -2.5505202288203748 -2.5505202288203748
14.924623115577887 -2.481109215789422 -2.481109215789422 -2.481109215789422 -2.481109215789422 -2.481109215789422 -2.481109215789422 -2.481109215789422 -2.481109215789422 -2.481109215789422 -2.481109215789422 -2.481109215789422 -2.481109215789422 -2.481109215789422
15.0 -2.4116982027584655 -2.4116982027584655 -2.4116982027584655 -2.4116982027584655 -2.4116982027584655 -2.4116982027584655 -2.4116982027584655 -2.4116982027584655 -2.4116982027584655 -2.4116982027584655 -2.4116982027584655 -2.4116982027584655 -2.4116982027584655
