web/models/linear/48/-16_224_0_311.dat
# %ECSV 1.0
# ---
# datatype:
# - {name: time, datatype: float64}
# - {name: sdss_u, datatype: float64}
# - {name: sdss_g, datatype: float64}
# - {name: sdss_r, datatype: float64}
# - {name: sdss_i, datatype: float64}
# - {name: sdss_z, datatype: float64}
# - {name: Clear, datatype: float64}
# - {name: johnson_B, datatype: float64}
# - {name: johnson_V, datatype: float64}
# - {name: johnson_R, datatype: float64}
# - {name: johnson_I, datatype: float64}
# - {name: ukirt_J, datatype: float64}
# - {name: ukirt_H, datatype: float64}
# - {name: ukirt_K, datatype: float64}
# meta: !!omap
# - comment: [M=-16.224489795918366, dM=0.3108955361862286]
# schema: astropy-2.0
time sdss_u sdss_g sdss_r sdss_i sdss_z Clear johnson_B johnson_V johnson_R johnson_I ukirt_J ukirt_H ukirt_K
[from data line 175]
13.190954773869345 -12.123480838687964 -12.123480838687964 -12.123480838687964 -12.123480838687964 -12.123480838687964 -12.123480838687964 -12.123480838687964 -12.123480838687964 -12.123480838687964 -12.123480838687964 -12.123480838687964 -12.123480838687964 -12.123480838687964
13.266331658291456 -12.100046501789503 -12.100046501789503 -12.100046501789503 -12.100046501789503 -12.100046501789503 -12.100046501789503 -12.100046501789503 -12.100046501789503 -12.100046501789503 -12.100046501789503 -12.100046501789503 -12.100046501789503 -12.100046501789503
13.341708542713567 -12.076612164891046 -12.076612164891046 -12.076612164891046 -12.076612164891046 -12.076612164891046 -12.076612164891046 -12.076612164891046 -12.076612164891046 -12.076612164891046 -12.076612164891046 -12.076612164891046 -12.076612164891046 -12.076612164891046
13.417085427135678 -12.053177827992585 -12.053177827992585 -12.053177827992585 -12.053177827992585 -12.053177827992585 -12.053177827992585 -12.053177827992585 -12.053177827992585 -12.053177827992585 -12.053177827992585 -12.053177827992585 -12.053177827992585 -12.053177827992585
13.492462311557787 -12.029743491094127 -12.029743491094127 -12.029743491094127 -12.029743491094127 -12.029743491094127 -12.029743491094127 -12.029743491094127 -12.029743491094127 -12.029743491094127 -12.029743491094127 -12.029743491094127 -12.029743491094127 -12.029743491094127
13.567839195979898 -12.006309154195666 -12.006309154195666 -12.006309154195666 -12.006309154195666 -12.006309154195666 -12.006309154195666 -12.006309154195666 -12.006309154195666 -12.006309154195666 -12.006309154195666 -12.006309154195666 -12.006309154195666 -12.006309154195666
13.64321608040201 -11.982874817297207 -11.982874817297207 -11.982874817297207 -11.982874817297207 -11.982874817297207 -11.982874817297207 -11.982874817297207 -11.982874817297207 -11.982874817297207 -11.982874817297207 -11.982874817297207 -11.982874817297207 -11.982874817297207
13.718592964824118 -11.959440480398747 -11.959440480398747 -11.959440480398747 -11.959440480398747 -11.959440480398747 -11.959440480398747 -11.959440480398747 -11.959440480398747 -11.959440480398747 -11.959440480398747 -11.959440480398747 -11.959440480398747 -11.959440480398747
13.79396984924623 -11.936006143500288 -11.936006143500288 -11.936006143500288 -11.936006143500288 -11.936006143500288 -11.936006143500288 -11.936006143500288 -11.936006143500288 -11.936006143500288 -11.936006143500288 -11.936006143500288 -11.936006143500288 -11.936006143500288
13.86934673366834 -11.912571806601829 -11.912571806601829 -11.912571806601829 -11.912571806601829 -11.912571806601829 -11.912571806601829 -11.912571806601829 -11.912571806601829 -11.912571806601829 -11.912571806601829 -11.912571806601829 -11.912571806601829 -11.912571806601829
13.944723618090451 -11.88913746970337 -11.88913746970337 -11.88913746970337 -11.88913746970337 -11.88913746970337 -11.88913746970337 -11.88913746970337 -11.88913746970337 -11.88913746970337 -11.88913746970337 -11.88913746970337 -11.88913746970337 -11.88913746970337
14.020100502512562 -11.86570313280491 -11.86570313280491 -11.86570313280491 -11.86570313280491 -11.86570313280491 -11.86570313280491 -11.86570313280491 -11.86570313280491 -11.86570313280491 -11.86570313280491 -11.86570313280491 -11.86570313280491 -11.86570313280491
14.095477386934672 -11.84226879590645 -11.84226879590645 -11.84226879590645 -11.84226879590645 -11.84226879590645 -11.84226879590645 -11.84226879590645 -11.84226879590645 -11.84226879590645 -11.84226879590645 -11.84226879590645 -11.84226879590645 -11.84226879590645
14.170854271356783 -11.818834459007991 -11.818834459007991 -11.818834459007991 -11.818834459007991 -11.818834459007991 -11.818834459007991 -11.818834459007991 -11.818834459007991 -11.818834459007991 -11.818834459007991 -11.818834459007991 -11.818834459007991 -11.818834459007991
14.246231155778894 -11.79540012210953 -11.79540012210953 -11.79540012210953 -11.79540012210953 -11.79540012210953 -11.79540012210953 -11.79540012210953 -11.79540012210953 -11.79540012210953 -11.79540012210953 -11.79540012210953 -11.79540012210953 -11.79540012210953
14.321608040201003 -11.771965785211073 -11.771965785211073 -11.771965785211073 -11.771965785211073 -11.771965785211073 -11.771965785211073 -11.771965785211073 -11.771965785211073 -11.771965785211073 -11.771965785211073 -11.771965785211073 -11.771965785211073 -11.771965785211073
14.396984924623114 -11.748531448312612 -11.748531448312612 -11.748531448312612 -11.748531448312612 -11.748531448312612 -11.748531448312612 -11.748531448312612 -11.748531448312612 -11.748531448312612 -11.748531448312612 -11.748531448312612 -11.748531448312612 -11.748531448312612
14.472361809045225 -11.725097111414154 -11.725097111414154 -11.725097111414154 -11.725097111414154 -11.725097111414154 -11.725097111414154 -11.725097111414154 -11.725097111414154 -11.725097111414154 -11.725097111414154 -11.725097111414154 -11.725097111414154 -11.725097111414154
14.547738693467336 -11.701662774515693 -11.701662774515693 -11.701662774515693 -11.701662774515693 -11.701662774515693 -11.701662774515693 -11.701662774515693 -11.701662774515693 -11.701662774515693 -11.701662774515693 -11.701662774515693 -11.701662774515693 -11.701662774515693
14.623115577889447 -11.678228437617234 -11.678228437617234 -11.678228437617234 -11.678228437617234 -11.678228437617234 -11.678228437617234 -11.678228437617234 -11.678228437617234 -11.678228437617234 -11.678228437617234 -11.678228437617234 -11.678228437617234 -11.678228437617234
14.698492462311556 -11.654794100718775 -11.654794100718775 -11.654794100718775 -11.654794100718775 -11.654794100718775 -11.654794100718775 -11.654794100718775 -11.654794100718775 -11.654794100718775 -11.654794100718775 -11.654794100718775 -11.654794100718775 -11.654794100718775
14.773869346733667 -11.631359763820315 -11.631359763820315 -11.631359763820315 -11.631359763820315 -11.631359763820315 -11.631359763820315 -11.631359763820315 -11.631359763820315 -11.631359763820315 -11.631359763820315 -11.631359763820315 -11.631359763820315 -11.631359763820315
14.849246231155778 -11.607925426921856 -11.607925426921856 -11.607925426921856 -11.607925426921856 -11.607925426921856 -11.607925426921856 -11.607925426921856 -11.607925426921856 -11.607925426921856 -11.607925426921856 -11.607925426921856 -11.607925426921856 -11.607925426921856
14.924623115577887 -11.584491090023397 -11.584491090023397 -11.584491090023397 -11.584491090023397 -11.584491090023397 -11.584491090023397 -11.584491090023397 -11.584491090023397 -11.584491090023397 -11.584491090023397 -11.584491090023397 -11.584491090023397 -11.584491090023397
15.0 -11.561056753124937 -11.561056753124937 -11.561056753124937 -11.561056753124937 -11.561056753124937 -11.561056753124937 -11.561056753124937 -11.561056753124937 -11.561056753124937 -11.561056753124937 -11.561056753124937 -11.561056753124937 -11.561056753124937
