web/models/linear/34/-14_939_0_123.dat
# %ECSV 1.0
# ---
# datatype:
# - {name: time, datatype: float64}
# - {name: swift_uvot_uvw2, datatype: float64}
# - {name: swift_uvot_uvm2, datatype: float64}
# - {name: swift_uvot_uvw1, datatype: float64}
# - {name: swift_uvot_U, datatype: float64}
# - {name: swift_uvot_B, datatype: float64}
# - {name: swift_uvot_V, datatype: float64}
# - {name: swift_uvot_W, datatype: float64}
# - {name: johnson_U, datatype: float64}
# - {name: johnson_B, datatype: float64}
# - {name: johnson_V, datatype: float64}
# - {name: johnson_R, datatype: float64}
# - {name: johnson_I, datatype: float64}
# - {name: sdss_u, datatype: float64}
# - {name: sdss_g, datatype: float64}
# - {name: sdss_r, datatype: float64}
# - {name: sdss_i, datatype: float64}
# - {name: sdss_z, datatype: float64}
# - {name: PS1_g, datatype: float64}
# - {name: PS1_r, datatype: float64}
# - {name: PS1_i, datatype: float64}
# - {name: PS1_z, datatype: float64}
# - {name: PS1_Y, datatype: float64}
# - {name: PS1_w, datatype: float64}
# - {name: ATLAS_c, datatype: float64}
# - {name: ATLAS_o, datatype: float64}
# - {name: ukirt_J, datatype: float64}
# - {name: ukirt_H, datatype: float64}
# - {name: ukirt_K, datatype: float64}
# - {name: Clear, datatype: float64}
# meta: !!omap
# - comment: [M=-14.938775510204081, dM=0.12257636323289027]
# schema: astropy-2.0
time swift_uvot_uvw2 swift_uvot_uvm2 swift_uvot_uvw1 swift_uvot_U swift_uvot_B swift_uvot_V swift_uvot_W johnson_U johnson_B johnson_V johnson_R johnson_I sdss_u sdss_g sdss_r sdss_i sdss_z PS1_g PS1_r PS1_i PS1_z PS1_Y PS1_w ATLAS_c ATLAS_o ukirt_J ukirt_H ukirt_K Clear
0.0 -14.938775510204081 -14.938775510204081 -14.938775510204081 -14.938775510204081 -14.938775510204081 -14.938775510204081 -14.938775510204081 -14.938775510204081 -14.938775510204081 -14.938775510204081 -14.938775510204081 -14.938775510204081 -14.938775510204081 -14.938775510204081 -14.938775510204081 -14.938775510204081 -14.938775510204081 -14.938775510204081 -14.938775510204081 -14.938775510204081 -14.938775510204081 -14.938775510204081 -14.938775510204081 -14.938775510204081 -14.938775510204081 -14.938775510204081 -14.938775510204081 -14.938775510204081 -14.938775510204081
0.07537688442211055 -14.929536085839793 -14.929536085839793 -14.929536085839793 -14.929536085839793 -14.929536085839793 -14.929536085839793 -14.929536085839793 -14.929536085839793 -14.929536085839793 -14.929536085839793 -14.929536085839793 -14.929536085839793 -14.929536085839793 -14.929536085839793 -14.929536085839793 -14.929536085839793 -14.929536085839793 -14.929536085839793 -14.929536085839793 -14.929536085839793 -14.929536085839793 -14.929536085839793 -14.929536085839793 -14.929536085839793 -14.929536085839793 -14.929536085839793 -14.929536085839793 -14.929536085839793 -14.929536085839793
0.1507537688442211 -14.920296661475504 -14.920296661475504 -14.920296661475504 -14.920296661475504 -14.920296661475504 -14.920296661475504 -14.920296661475504 -14.920296661475504 -14.920296661475504 -14.920296661475504 -14.920296661475504 -14.920296661475504 -14.920296661475504 -14.920296661475504 -14.920296661475504 -14.920296661475504 -14.920296661475504 -14.920296661475504 -14.920296661475504 -14.920296661475504 -14.920296661475504 -14.920296661475504 -14.920296661475504 -14.920296661475504 -14.920296661475504 -14.920296661475504 -14.920296661475504 -14.920296661475504 -14.920296661475504
0.22613065326633164 -14.911057237111217 -14.911057237111217 -14.911057237111217 -14.911057237111217 -14.911057237111217 -14.911057237111217 -14.911057237111217 -14.911057237111217 -14.911057237111217 -14.911057237111217 -14.911057237111217 -14.911057237111217 -14.911057237111217 -14.911057237111217 -14.911057237111217 -14.911057237111217 -14.911057237111217 -14.911057237111217 -14.911057237111217 -14.911057237111217 -14.911057237111217 -14.911057237111217 -14.911057237111217 -14.911057237111217 -14.911057237111217 -14.911057237111217 -14.911057237111217 -14.911057237111217 -14.911057237111217
0.3015075376884422 -14.901817812746929 -14.901817812746929 -14.901817812746929 -14.901817812746929 -14.901817812746929 -14.901817812746929 -14.901817812746929 -14.901817812746929 -14.901817812746929 -14.901817812746929 -14.901817812746929 -14.901817812746929 -14.901817812746929 -14.901817812746929 -14.901817812746929 -14.901817812746929 -14.901817812746929 -14.901817812746929 -14.901817812746929 -14.901817812746929 -14.901817812746929 -14.901817812746929 -14.901817812746929 -14.901817812746929 -14.901817812746929 -14.901817812746929 -14.901817812746929 -14.901817812746929 -14.901817812746929
0.37688442211055273 -14.89257838838264 -14.89257838838264 -14.89257838838264 -14.89257838838264 -14.89257838838264 -14.89257838838264 -14.89257838838264 -14.89257838838264 -14.89257838838264 -14.89257838838264 -14.89257838838264 -14.89257838838264 -14.89257838838264 -14.89257838838264 -14.89257838838264 -14.89257838838264 -14.89257838838264 -14.89257838838264 -14.89257838838264 -14.89257838838264 -14.89257838838264 -14.89257838838264 -14.89257838838264 -14.89257838838264 -14.89257838838264 -14.89257838838264 -14.89257838838264 -14.89257838838264 -14.89257838838264
0.4522613065326633 -14.883338964018352 -14.883338964018352 -14.883338964018352 -14.883338964018352 -14.883338964018352 -14.883338964018352 -14.883338964018352 -14.883338964018352 -14.883338964018352 -14.883338964018352 -14.883338964018352 -14.883338964018352 -14.883338964018352 -14.883338964018352 -14.883338964018352 -14.883338964018352 -14.883338964018352 -14.883338964018352 -14.883338964018352 -14.883338964018352 -14.883338964018352 -14.883338964018352 -14.883338964018352 -14.883338964018352 -14.883338964018352 -14.883338964018352 -14.883338964018352 -14.883338964018352 -14.883338964018352
0.5276381909547738 -14.874099539654065 -14.874099539654065 -14.874099539654065 -14.874099539654065 -14.874099539654065 -14.874099539654065 -14.874099539654065 -14.874099539654065 -14.874099539654065 -14.874099539654065 -14.874099539654065 -14.874099539654065 -14.874099539654065 -14.874099539654065 -14.874099539654065 -14.874099539654065 -14.874099539654065 -14.874099539654065 -14.874099539654065 -14.874099539654065 -14.874099539654065 -14.874099539654065 -14.874099539654065 -14.874099539654065 -14.874099539654065 -14.874099539654065 -14.874099539654065 -14.874099539654065 -14.874099539654065
0.6030150753768844 -14.864860115289776 -14.864860115289776 -14.864860115289776 -14.864860115289776 -14.864860115289776 -14.864860115289776 -14.864860115289776 -14.864860115289776 -14.864860115289776 -14.864860115289776 -14.864860115289776 -14.864860115289776 -14.864860115289776 -14.864860115289776 -14.864860115289776 -14.864860115289776 -14.864860115289776 -14.864860115289776 -14.864860115289776 -14.864860115289776 -14.864860115289776 -14.864860115289776 -14.864860115289776 -14.864860115289776 -14.864860115289776 -14.864860115289776 -14.864860115289776 -14.864860115289776 -14.864860115289776
0.6783919597989949 -14.855620690925488 -14.855620690925488 -14.855620690925488 -14.855620690925488 -14.855620690925488 -14.855620690925488 -14.855620690925488 -14.855620690925488 -14.855620690925488 -14.855620690925488 -14.855620690925488 -14.855620690925488 -14.855620690925488 -14.855620690925488 -14.855620690925488 -14.855620690925488 -14.855620690925488 -14.855620690925488 -14.855620690925488 -14.855620690925488 -14.855620690925488 -14.855620690925488 -14.855620690925488 -14.855620690925488 -14.855620690925488 -14.855620690925488 -14.855620690925488 -14.855620690925488 -14.855620690925488
0.7537688442211055 -14.846381266561199 -14.846381266561199 -14.846381266561199 -14.846381266561199 -14.846381266561199 -14.846381266561199 -14.846381266561199 -14.846381266561199 -14.846381266561199 -14.846381266561199 -14.846381266561199 -14.846381266561199 -14.846381266561199 -14.846381266561199 -14.846381266561199 -14.846381266561199 -14.846381266561199 -14.846381266561199 -14.846381266561199 -14.846381266561199 -14.846381266561199 -14.846381266561199 -14.846381266561199 -14.846381266561199 -14.846381266561199 -14.846381266561199 -14.846381266561199 -14.846381266561199 -14.846381266561199
0.829145728643216 -14.83714184219691 -14.83714184219691 -14.83714184219691 -14.83714184219691 -14.83714184219691 -14.83714184219691 -14.83714184219691 -14.83714184219691 -14.83714184219691 -14.83714184219691 -14.83714184219691 -14.83714184219691 -14.83714184219691 -14.83714184219691 -14.83714184219691 -14.83714184219691 -14.83714184219691 -14.83714184219691 -14.83714184219691 -14.83714184219691 -14.83714184219691 -14.83714184219691 -14.83714184219691 -14.83714184219691 -14.83714184219691 -14.83714184219691 -14.83714184219691 -14.83714184219691 -14.83714184219691
0.9045226130653266 -14.827902417832624 -14.827902417832624 -14.827902417832624 -14.827902417832624 -14.827902417832624 -14.827902417832624 -14.827902417832624 -14.827902417832624 -14.827902417832624 -14.827902417832624 -14.827902417832624 -14.827902417832624 -14.827902417832624 -14.827902417832624 -14.827902417832624 -14.827902417832624 -14.827902417832624 -14.827902417832624 -14.827902417832624 -14.827902417832624 -14.827902417832624 -14.827902417832624 -14.827902417832624 -14.827902417832624 -14.827902417832624 -14.827902417832624 -14.827902417832624 -14.827902417832624 -14.827902417832624
0.9798994974874371 -14.818662993468335 -14.818662993468335 -14.818662993468335 -14.818662993468335 -14.818662993468335 -14.818662993468335 -14.818662993468335 -14.818662993468335 -14.818662993468335 -14.818662993468335 -14.818662993468335 -14.818662993468335 -14.818662993468335 -14.818662993468335 -14.818662993468335 -14.818662993468335 -14.818662993468335 -14.818662993468335 -14.818662993468335 -14.818662993468335 -14.818662993468335 -14.818662993468335 -14.818662993468335 -14.818662993468335 -14.818662993468335 -14.818662993468335 -14.818662993468335 -14.818662993468335 -14.818662993468335
1.0552763819095476 -14.809423569104046 -14.809423569104046 -14.809423569104046 -14.809423569104046 -14.809423569104046 -14.809423569104046 -14.809423569104046 -14.809423569104046 -14.809423569104046 -14.809423569104046 -14.809423569104046 -14.809423569104046 -14.809423569104046 -14.809423569104046 -14.809423569104046 -14.809423569104046 -14.809423569104046 -14.809423569104046 -14.809423569104046 -14.809423569104046 -14.809423569104046 -14.809423569104046 -14.809423569104046 -14.809423569104046 -14.809423569104046 -14.809423569104046 -14.809423569104046 -14.809423569104046 -14.809423569104046
1.1306532663316582 -14.800184144739758 -14.800184144739758 -14.800184144739758 -14.800184144739758 -14.800184144739758 -14.800184144739758 -14.800184144739758 -14.800184144739758 -14.800184144739758 -14.800184144739758 -14.800184144739758 -14.800184144739758 -14.800184144739758 -14.800184144739758 -14.800184144739758 -14.800184144739758 -14.800184144739758 -14.800184144739758 -14.800184144739758 -14.800184144739758 -14.800184144739758 -14.800184144739758 -14.800184144739758 -14.800184144739758 -14.800184144739758 -14.800184144739758 -14.800184144739758 -14.800184144739758 -14.800184144739758
1.2060301507537687 -14.79094472037547 -14.79094472037547 -14.79094472037547 -14.79094472037547 -14.79094472037547 -14.79094472037547 -14.79094472037547 -14.79094472037547 -14.79094472037547 -14.79094472037547 -14.79094472037547 -14.79094472037547 -14.79094472037547 -14.79094472037547 -14.79094472037547 -14.79094472037547 -14.79094472037547 -14.79094472037547 -14.79094472037547 -14.79094472037547 -14.79094472037547 -14.79094472037547 -14.79094472037547 -14.79094472037547 -14.79094472037547 -14.79094472037547 -14.79094472037547 -14.79094472037547 -14.79094472037547
1.2814070351758793 -14.781705296011182 -14.781705296011182 -14.781705296011182 -14.781705296011182 -14.781705296011182 -14.781705296011182 -14.781705296011182 -14.781705296011182 -14.781705296011182 -14.781705296011182 -14.781705296011182 -14.781705296011182 -14.781705296011182 -14.781705296011182 -14.781705296011182 -14.781705296011182 -14.781705296011182 -14.781705296011182 -14.781705296011182 -14.781705296011182 -14.781705296011182 -14.781705296011182 -14.781705296011182 -14.781705296011182 -14.781705296011182 -14.781705296011182 -14.781705296011182 -14.781705296011182 -14.781705296011182
1.3567839195979898 -14.772465871646894 -14.772465871646894 -14.772465871646894 -14.772465871646894 -14.772465871646894 -14.772465871646894 -14.772465871646894 -14.772465871646894 -14.772465871646894 -14.772465871646894 -14.772465871646894 -14.772465871646894 -14.772465871646894 -14.772465871646894 -14.772465871646894 -14.772465871646894 -14.772465871646894 -14.772465871646894 -14.772465871646894 -14.772465871646894 -14.772465871646894 -14.772465871646894 -14.772465871646894 -14.772465871646894 -14.772465871646894 -14.772465871646894 -14.772465871646894 -14.772465871646894 -14.772465871646894
1.4321608040201004 -14.763226447282605 -14.763226447282605 -14.763226447282605 -14.763226447282605 -14.763226447282605 -14.763226447282605 -14.763226447282605 -14.763226447282605 -14.763226447282605 -14.763226447282605 -14.763226447282605 -14.763226447282605 -14.763226447282605 -14.763226447282605 -14.763226447282605 -14.763226447282605 -14.763226447282605 -14.763226447282605 -14.763226447282605 -14.763226447282605 -14.763226447282605 -14.763226447282605 -14.763226447282605 -14.763226447282605 -14.763226447282605 -14.763226447282605 -14.763226447282605 -14.763226447282605 -14.763226447282605
1.507537688442211 -14.753987022918317 -14.753987022918317 -14.753987022918317 -14.753987022918317 -14.753987022918317 -14.753987022918317 -14.753987022918317 -14.753987022918317 -14.753987022918317 -14.753987022918317 -14.753987022918317 -14.753987022918317 -14.753987022918317 -14.753987022918317 -14.753987022918317 -14.753987022918317 -14.753987022918317 -14.753987022918317 -14.753987022918317 -14.753987022918317 -14.753987022918317 -14.753987022918317 -14.753987022918317 -14.753987022918317 -14.753987022918317 -14.753987022918317 -14.753987022918317 -14.753987022918317 -14.753987022918317
1.5829145728643215 -14.74474759855403 -14.74474759855403 -14.74474759855403 -14.74474759855403 -14.74474759855403 -14.74474759855403 -14.74474759855403 -14.74474759855403 -14.74474759855403 -14.74474759855403 -14.74474759855403 -14.74474759855403 -14.74474759855403 -14.74474759855403 -14.74474759855403 -14.74474759855403 -14.74474759855403 -14.74474759855403 -14.74474759855403 -14.74474759855403 -14.74474759855403 -14.74474759855403 -14.74474759855403 -14.74474759855403 -14.74474759855403 -14.74474759855403 -14.74474759855403 -14.74474759855403 -14.74474759855403
1.658291457286432 -14.735508174189741 -14.735508174189741 -14.735508174189741 -14.735508174189741 -14.735508174189741 -14.735508174189741 -14.735508174189741 -14.735508174189741 -14.735508174189741 -14.735508174189741 -14.735508174189741 -14.735508174189741 -14.735508174189741 -14.735508174189741 -14.735508174189741 -14.735508174189741 -14.735508174189741 -14.735508174189741 -14.735508174189741 -14.735508174189741 -14.735508174189741 -14.735508174189741 -14.735508174189741 -14.735508174189741 -14.735508174189741 -14.735508174189741 -14.735508174189741 -14.735508174189741 -14.735508174189741
1.7336683417085426 -14.726268749825453 -14.726268749825453 -14.726268749825453 -14.726268749825453 -14.726268749825453 -14.726268749825453 -14.726268749825453 -14.726268749825453 -14.726268749825453 -14.726268749825453 -14.726268749825453 -14.726268749825453 -14.726268749825453 -14.726268749825453 -14.726268749825453 -14.726268749825453 -14.726268749825453 -14.726268749825453 -14.726268749825453 -14.726268749825453 -14.726268749825453 -14.726268749825453 -14.726268749825453 -14.726268749825453 -14.726268749825453 -14.726268749825453 -14.726268749825453 -14.726268749825453 -14.726268749825453
1.809045226130653 -14.717029325461164 -14.717029325461164 -14.717029325461164 -14.717029325461164 -14.717029325461164 -14.717029325461164 -14.717029325461164 -14.717029325461164 -14.717029325461164 -14.717029325461164 -14.717029325461164 -14.717029325461164 -14.717029325461164 -14.717029325461164 -14.717029325461164 -14.717029325461164 -14.717029325461164 -14.717029325461164 -14.717029325461164 -14.717029325461164 -14.717029325461164 -14.717029325461164 -14.717029325461164 -14.717029325461164 -14.717029325461164 -14.717029325461164 -14.717029325461164 -14.717029325461164 -14.717029325461164
1.8844221105527637 -14.707789901096875 -14.707789901096875 -14.707789901096875 -14.707789901096875 -14.707789901096875 -14.707789901096875 -14.707789901096875 -14.707789901096875 -14.707789901096875 -14.707789901096875 -14.707789901096875 -14.707789901096875 -14.707789901096875 -14.707789901096875 -14.707789901096875 -14.707789901096875 -14.707789901096875 -14.707789901096875 -14.707789901096875 -14.707789901096875 -14.707789901096875 -14.707789901096875 -14.707789901096875 -14.707789901096875 -14.707789901096875 -14.707789901096875 -14.707789901096875 -14.707789901096875 -14.707789901096875
