web/models/linear/34/-14_939_0_066.dat
# %ECSV 1.0
# ---
# datatype:
# - {name: time, datatype: float64}
# - {name: sdss_u, datatype: float64}
# - {name: sdss_g, datatype: float64}
# - {name: sdss_r, datatype: float64}
# - {name: sdss_i, datatype: float64}
# - {name: sdss_z, datatype: float64}
# - {name: Clear, datatype: float64}
# - {name: johnson_B, datatype: float64}
# - {name: johnson_V, datatype: float64}
# - {name: johnson_R, datatype: float64}
# - {name: johnson_I, datatype: float64}
# - {name: ukirt_J, datatype: float64}
# - {name: ukirt_H, datatype: float64}
# - {name: ukirt_K, datatype: float64}
# meta: !!omap
# - comment: [M=-14.938775510204081, dM=0.06590750868872473]
# schema: astropy-2.0
time sdss_u sdss_g sdss_r sdss_i sdss_z Clear johnson_B johnson_V johnson_R johnson_I ukirt_J ukirt_H ukirt_K
[from data line 116]
8.743718592964823 -14.362498801066488 -14.362498801066488 -14.362498801066488 -14.362498801066488 -14.362498801066488 -14.362498801066488 -14.362498801066488 -14.362498801066488 -14.362498801066488 -14.362498801066488 -14.362498801066488 -14.362498801066488 -14.362498801066488
8.819095477386934 -14.357530898401508 -14.357530898401508 -14.357530898401508 -14.357530898401508 -14.357530898401508 -14.357530898401508 -14.357530898401508 -14.357530898401508 -14.357530898401508 -14.357530898401508 -14.357530898401508 -14.357530898401508 -14.357530898401508
8.894472361809044 -14.35256299573653 -14.35256299573653 -14.35256299573653 -14.35256299573653 -14.35256299573653 -14.35256299573653 -14.35256299573653 -14.35256299573653 -14.35256299573653 -14.35256299573653 -14.35256299573653 -14.35256299573653 -14.35256299573653
8.969849246231155 -14.34759509307155 -14.34759509307155 -14.34759509307155 -14.34759509307155 -14.34759509307155 -14.34759509307155 -14.34759509307155 -14.34759509307155 -14.34759509307155 -14.34759509307155 -14.34759509307155 -14.34759509307155 -14.34759509307155
9.045226130653266 -14.34262719040657 -14.34262719040657 -14.34262719040657 -14.34262719040657 -14.34262719040657 -14.34262719040657 -14.34262719040657 -14.34262719040657 -14.34262719040657 -14.34262719040657 -14.34262719040657 -14.34262719040657 -14.34262719040657
9.120603015075377 -14.337659287741593 -14.337659287741593 -14.337659287741593 -14.337659287741593 -14.337659287741593 -14.337659287741593 -14.337659287741593 -14.337659287741593 -14.337659287741593 -14.337659287741593 -14.337659287741593 -14.337659287741593 -14.337659287741593
9.195979899497488 -14.332691385076613 -14.332691385076613 -14.332691385076613 -14.332691385076613 -14.332691385076613 -14.332691385076613 -14.332691385076613 -14.332691385076613 -14.332691385076613 -14.332691385076613 -14.332691385076613 -14.332691385076613 -14.332691385076613
9.271356783919597 -14.327723482411633 -14.327723482411633 -14.327723482411633 -14.327723482411633 -14.327723482411633 -14.327723482411633 -14.327723482411633 -14.327723482411633 -14.327723482411633 -14.327723482411633 -14.327723482411633 -14.327723482411633 -14.327723482411633
9.346733668341708 -14.322755579746655 -14.322755579746655 -14.322755579746655 -14.322755579746655 -14.322755579746655 -14.322755579746655 -14.322755579746655 -14.322755579746655 -14.322755579746655 -14.322755579746655 -14.322755579746655 -14.322755579746655 -14.322755579746655
9.422110552763819 -14.317787677081675 -14.317787677081675 -14.317787677081675 -14.317787677081675 -14.317787677081675 -14.317787677081675 -14.317787677081675 -14.317787677081675 -14.317787677081675 -14.317787677081675 -14.317787677081675 -14.317787677081675 -14.317787677081675
9.497487437185928 -14.312819774416695 -14.312819774416695 -14.312819774416695 -14.312819774416695 -14.312819774416695 -14.312819774416695 -14.312819774416695 -14.312819774416695 -14.312819774416695 -14.312819774416695 -14.312819774416695 -14.312819774416695 -14.312819774416695
9.572864321608039 -14.307851871751716 -14.307851871751716 -14.307851871751716 -14.307851871751716 -14.307851871751716 -14.307851871751716 -14.307851871751716 -14.307851871751716 -14.307851871751716 -14.307851871751716 -14.307851871751716 -14.307851871751716 -14.307851871751716
9.64824120603015 -14.302883969086738 -14.302883969086738 -14.302883969086738 -14.302883969086738 -14.302883969086738 -14.302883969086738 -14.302883969086738 -14.302883969086738 -14.302883969086738 -14.302883969086738 -14.302883969086738 -14.302883969086738 -14.302883969086738
9.72361809045226 -14.297916066421758 -14.297916066421758 -14.297916066421758 -14.297916066421758 -14.297916066421758 -14.297916066421758 -14.297916066421758 -14.297916066421758 -14.297916066421758 -14.297916066421758 -14.297916066421758 -14.297916066421758 -14.297916066421758
9.798994974874372 -14.292948163756778 -14.292948163756778 -14.292948163756778 -14.292948163756778 -14.292948163756778 -14.292948163756778 -14.292948163756778 -14.292948163756778 -14.292948163756778 -14.292948163756778 -14.292948163756778 -14.292948163756778 -14.292948163756778
9.874371859296481 -14.2879802610918 -14.2879802610918 -14.2879802610918 -14.2879802610918 -14.2879802610918 -14.2879802610918 -14.2879802610918 -14.2879802610918 -14.2879802610918 -14.2879802610918 -14.2879802610918 -14.2879802610918 -14.2879802610918
9.949748743718592 -14.28301235842682 -14.28301235842682 -14.28301235842682 -14.28301235842682 -14.28301235842682 -14.28301235842682 -14.28301235842682 -14.28301235842682 -14.28301235842682 -14.28301235842682 -14.28301235842682 -14.28301235842682 -14.28301235842682
10.025125628140703 -14.27804445576184 -14.27804445576184 -14.27804445576184 -14.27804445576184 -14.27804445576184 -14.27804445576184 -14.27804445576184 -14.27804445576184 -14.27804445576184 -14.27804445576184 -14.27804445576184 -14.27804445576184 -14.27804445576184
10.100502512562812 -14.273076553096862 -14.273076553096862 -14.273076553096862 -14.273076553096862 -14.273076553096862 -14.273076553096862 -14.273076553096862 -14.273076553096862 -14.273076553096862 -14.273076553096862 -14.273076553096862 -14.273076553096862 -14.273076553096862
10.175879396984923 -14.268108650431882 -14.268108650431882 -14.268108650431882 -14.268108650431882 -14.268108650431882 -14.268108650431882 -14.268108650431882 -14.268108650431882 -14.268108650431882 -14.268108650431882 -14.268108650431882 -14.268108650431882 -14.268108650431882
10.251256281407034 -14.263140747766903 -14.263140747766903 -14.263140747766903 -14.263140747766903 -14.263140747766903 -14.263140747766903 -14.263140747766903 -14.263140747766903 -14.263140747766903 -14.263140747766903 -14.263140747766903 -14.263140747766903 -14.263140747766903
10.326633165829145 -14.258172845101925 -14.258172845101925 -14.258172845101925 -14.258172845101925 -14.258172845101925 -14.258172845101925 -14.258172845101925 -14.258172845101925 -14.258172845101925 -14.258172845101925 -14.258172845101925 -14.258172845101925 -14.258172845101925
10.402010050251256 -14.253204942436945 -14.253204942436945 -14.253204942436945 -14.253204942436945 -14.253204942436945 -14.253204942436945 -14.253204942436945 -14.253204942436945 -14.253204942436945 -14.253204942436945 -14.253204942436945 -14.253204942436945 -14.253204942436945
10.477386934673365 -14.248237039771965 -14.248237039771965 -14.248237039771965 -14.248237039771965 -14.248237039771965 -14.248237039771965 -14.248237039771965 -14.248237039771965 -14.248237039771965 -14.248237039771965 -14.248237039771965 -14.248237039771965 -14.248237039771965
10.552763819095476 -14.243269137106987 -14.243269137106987 -14.243269137106987 -14.243269137106987 -14.243269137106987 -14.243269137106987 -14.243269137106987 -14.243269137106987 -14.243269137106987 -14.243269137106987 -14.243269137106987 -14.243269137106987 -14.243269137106987
10.628140703517587 -14.238301234442007 -14.238301234442007 -14.238301234442007 -14.238301234442007 -14.238301234442007 -14.238301234442007 -14.238301234442007 -14.238301234442007 -14.238301234442007 -14.238301234442007 -14.238301234442007 -14.238301234442007 -14.238301234442007
10.703517587939697 -14.233333331777027 -14.233333331777027 -14.233333331777027 -14.233333331777027 -14.233333331777027 -14.233333331777027 -14.233333331777027 -14.233333331777027 -14.233333331777027 -14.233333331777027 -14.233333331777027 -14.233333331777027 -14.233333331777027
10.778894472361808 -14.22836542911205 -14.22836542911205 -14.22836542911205 -14.22836542911205 -14.22836542911205 -14.22836542911205 -14.22836542911205 -14.22836542911205 -14.22836542911205 -14.22836542911205 -14.22836542911205 -14.22836542911205 -14.22836542911205
10.854271356783919 -14.22339752644707 -14.22339752644707 -14.22339752644707 -14.22339752644707 -14.22339752644707 -14.22339752644707 -14.22339752644707 -14.22339752644707 -14.22339752644707 -14.22339752644707 -14.22339752644707 -14.22339752644707 -14.22339752644707
10.92964824120603 -14.21842962378209 -14.21842962378209 -14.21842962378209 -14.21842962378209 -14.21842962378209 -14.21842962378209 -14.21842962378209 -14.21842962378209 -14.21842962378209 -14.21842962378209 -14.21842962378209 -14.21842962378209 -14.21842962378209
11.00502512562814 -14.213461721117111 -14.213461721117111 -14.213461721117111 -14.213461721117111 -14.213461721117111 -14.213461721117111 -14.213461721117111 -14.213461721117111 -14.213461721117111 -14.213461721117111 -14.213461721117111 -14.213461721117111 -14.213461721117111
11.08040201005025 -14.208493818452132 -14.208493818452132 -14.208493818452132 -14.208493818452132 -14.208493818452132 -14.208493818452132 -14.208493818452132 -14.208493818452132 -14.208493818452132 -14.208493818452132 -14.208493818452132 -14.208493818452132 -14.208493818452132
11.15577889447236 -14.203525915787152 -14.203525915787152 -14.203525915787152 -14.203525915787152 -14.203525915787152 -14.203525915787152 -14.203525915787152 -14.203525915787152 -14.203525915787152 -14.203525915787152 -14.203525915787152 -14.203525915787152 -14.203525915787152
11.231155778894472 -14.198558013122174 -14.198558013122174 -14.198558013122174 -14.198558013122174 -14.198558013122174 -14.198558013122174 -14.198558013122174 -14.198558013122174 -14.198558013122174 -14.198558013122174 -14.198558013122174 -14.198558013122174 -14.198558013122174
11.306532663316581 -14.193590110457194 -14.193590110457194 -14.193590110457194 -14.193590110457194 -14.193590110457194 -14.193590110457194 -14.193590110457194 -14.193590110457194 -14.193590110457194 -14.193590110457194 -14.193590110457194 -14.193590110457194 -14.193590110457194
11.381909547738692 -14.188622207792214 -14.188622207792214 -14.188622207792214 -14.188622207792214 -14.188622207792214 -14.188622207792214 -14.188622207792214 -14.188622207792214 -14.188622207792214 -14.188622207792214 -14.188622207792214 -14.188622207792214 -14.188622207792214
11.457286432160803 -14.183654305127234 -14.183654305127234 -14.183654305127234 -14.183654305127234 -14.183654305127234 -14.183654305127234 -14.183654305127234 -14.183654305127234 -14.183654305127234 -14.183654305127234 -14.183654305127234 -14.183654305127234 -14.183654305127234
11.532663316582914 -14.178686402462256 -14.178686402462256 -14.178686402462256 -14.178686402462256 -14.178686402462256 -14.178686402462256 -14.178686402462256 -14.178686402462256 -14.178686402462256 -14.178686402462256 -14.178686402462256 -14.178686402462256 -14.178686402462256
11.608040201005025 -14.173718499797276 -14.173718499797276 -14.173718499797276 -14.173718499797276 -14.173718499797276 -14.173718499797276 -14.173718499797276 -14.173718499797276 -14.173718499797276 -14.173718499797276 -14.173718499797276 -14.173718499797276 -14.173718499797276
11.683417085427134 -14.168750597132297 -14.168750597132297 -14.168750597132297 -14.168750597132297 -14.168750597132297 -14.168750597132297 -14.168750597132297 -14.168750597132297 -14.168750597132297 -14.168750597132297 -14.168750597132297 -14.168750597132297 -14.168750597132297
11.758793969849245 -14.163782694467319 -14.163782694467319 -14.163782694467319 -14.163782694467319 -14.163782694467319 -14.163782694467319 -14.163782694467319 -14.163782694467319 -14.163782694467319 -14.163782694467319 -14.163782694467319 -14.163782694467319 -14.163782694467319
11.834170854271356 -14.158814791802339 -14.158814791802339 -14.158814791802339 -14.158814791802339 -14.158814791802339 -14.158814791802339 -14.158814791802339 -14.158814791802339 -14.158814791802339 -14.158814791802339 -14.158814791802339 -14.158814791802339 -14.158814791802339
11.909547738693465 -14.153846889137359 -14.153846889137359 -14.153846889137359 -14.153846889137359 -14.153846889137359 -14.153846889137359 -14.153846889137359 -14.153846889137359 -14.153846889137359 -14.153846889137359 -14.153846889137359 -14.153846889137359 -14.153846889137359
11.984924623115576 -14.148878986472381 -14.148878986472381 -14.148878986472381 -14.148878986472381 -14.148878986472381 -14.148878986472381 -14.148878986472381 -14.148878986472381 -14.148878986472381 -14.148878986472381 -14.148878986472381 -14.148878986472381 -14.148878986472381
12.060301507537687 -14.143911083807401 -14.143911083807401 -14.143911083807401 -14.143911083807401 -14.143911083807401 -14.143911083807401 -14.143911083807401 -14.143911083807401 -14.143911083807401 -14.143911083807401 -14.143911083807401 -14.143911083807401 -14.143911083807401
12.135678391959798 -14.138943181142421 -14.138943181142421 -14.138943181142421 -14.138943181142421 -14.138943181142421 -14.138943181142421 -14.138943181142421 -14.138943181142421 -14.138943181142421 -14.138943181142421 -14.138943181142421 -14.138943181142421 -14.138943181142421
12.21105527638191 -14.133975278477443 -14.133975278477443 -14.133975278477443 -14.133975278477443 -14.133975278477443 -14.133975278477443 -14.133975278477443 -14.133975278477443 -14.133975278477443 -14.133975278477443 -14.133975278477443 -14.133975278477443 -14.133975278477443
12.286432160804019 -14.129007375812463 -14.129007375812463 -14.129007375812463 -14.129007375812463 -14.129007375812463 -14.129007375812463 -14.129007375812463 -14.129007375812463 -14.129007375812463 -14.129007375812463 -14.129007375812463 -14.129007375812463 -14.129007375812463
12.36180904522613 -14.124039473147484 -14.124039473147484 -14.124039473147484 -14.124039473147484 -14.124039473147484 -14.124039473147484 -14.124039473147484 -14.124039473147484 -14.124039473147484 -14.124039473147484 -14.124039473147484 -14.124039473147484 -14.124039473147484
12.43718592964824 -14.119071570482506 -14.119071570482506 -14.119071570482506 -14.119071570482506 -14.119071570482506 -14.119071570482506 -14.119071570482506 -14.119071570482506 -14.119071570482506 -14.119071570482506 -14.119071570482506 -14.119071570482506 -14.119071570482506
12.51256281407035 -14.114103667817526 -14.114103667817526 -14.114103667817526 -14.114103667817526 -14.114103667817526 -14.114103667817526 -14.114103667817526 -14.114103667817526 -14.114103667817526 -14.114103667817526 -14.114103667817526 -14.114103667817526 -14.114103667817526
12.58793969849246 -14.109135765152546 -14.109135765152546 -14.109135765152546 -14.109135765152546 -14.109135765152546 -14.109135765152546 -14.109135765152546 -14.109135765152546 -14.109135765152546 -14.109135765152546 -14.109135765152546 -14.109135765152546 -14.109135765152546
12.663316582914572 -14.104167862487568 -14.104167862487568 -14.104167862487568 -14.104167862487568 -14.104167862487568 -14.104167862487568 -14.104167862487568 -14.104167862487568 -14.104167862487568 -14.104167862487568 -14.104167862487568 -14.104167862487568 -14.104167862487568
12.738693467336683 -14.099199959822588 -14.099199959822588 -14.099199959822588 -14.099199959822588 -14.099199959822588 -14.099199959822588 -14.099199959822588 -14.099199959822588 -14.099199959822588 -14.099199959822588 -14.099199959822588 -14.099199959822588 -14.099199959822588
12.814070351758794 -14.094232057157608 -14.094232057157608 -14.094232057157608 -14.094232057157608 -14.094232057157608 -14.094232057157608 -14.094232057157608 -14.094232057157608 -14.094232057157608 -14.094232057157608 -14.094232057157608 -14.094232057157608 -14.094232057157608
12.889447236180903 -14.08926415449263 -14.08926415449263 -14.08926415449263 -14.08926415449263 -14.08926415449263 -14.08926415449263 -14.08926415449263 -14.08926415449263 -14.08926415449263 -14.08926415449263 -14.08926415449263 -14.08926415449263 -14.08926415449263
12.964824120603014 -14.08429625182765 -14.08429625182765 -14.08429625182765 -14.08429625182765 -14.08429625182765 -14.08429625182765 -14.08429625182765 -14.08429625182765 -14.08429625182765 -14.08429625182765 -14.08429625182765 -14.08429625182765 -14.08429625182765
13.040201005025125 -14.07932834916267 -14.07932834916267 -14.07932834916267 -14.07932834916267 -14.07932834916267 -14.07932834916267 -14.07932834916267 -14.07932834916267 -14.07932834916267 -14.07932834916267 -14.07932834916267 -14.07932834916267 -14.07932834916267
