web/models/linear/34/-14_939_0_424.dat
# %ECSV 1.0
# ---
# datatype:
# - {name: time, datatype: float64}
# - {name: swift_uvot_uvw2, datatype: float64}
# - {name: swift_uvot_uvm2, datatype: float64}
# - {name: swift_uvot_uvw1, datatype: float64}
# - {name: swift_uvot_U, datatype: float64}
# - {name: swift_uvot_B, datatype: float64}
# - {name: swift_uvot_V, datatype: float64}
# - {name: swift_uvot_W, datatype: float64}
# - {name: johnson_U, datatype: float64}
# - {name: johnson_B, datatype: float64}
# - {name: johnson_V, datatype: float64}
# - {name: johnson_R, datatype: float64}
# - {name: johnson_I, datatype: float64}
# - {name: sdss_u, datatype: float64}
# - {name: sdss_g, datatype: float64}
# - {name: sdss_r, datatype: float64}
# - {name: sdss_i, datatype: float64}
# - {name: sdss_z, datatype: float64}
# - {name: PS1_g, datatype: float64}
# - {name: PS1_r, datatype: float64}
# - {name: PS1_i, datatype: float64}
# - {name: PS1_z, datatype: float64}
# - {name: PS1_Y, datatype: float64}
# - {name: PS1_w, datatype: float64}
# - {name: ATLAS_c, datatype: float64}
# - {name: ATLAS_o, datatype: float64}
# - {name: ukirt_J, datatype: float64}
# - {name: ukirt_H, datatype: float64}
# - {name: ukirt_K, datatype: float64}
# - {name: Clear, datatype: float64}
# meta: !!omap
# - comment: [M=-14.938775510204081, dM=0.42398491465793026]
# schema: astropy-2.0
time swift_uvot_uvw2 swift_uvot_uvm2 swift_uvot_uvw1 swift_uvot_U swift_uvot_B swift_uvot_V swift_uvot_W johnson_U johnson_B johnson_V johnson_R johnson_I sdss_u sdss_g sdss_r sdss_i sdss_z PS1_g PS1_r PS1_i PS1_z PS1_Y PS1_w ATLAS_c ATLAS_o ukirt_J ukirt_H ukirt_K Clear
[from data line 109]
8.21608040201005 -11.455281362135157 -11.455281362135157 -11.455281362135157 -11.455281362135157 -11.455281362135157 -11.455281362135157 -11.455281362135157 -11.455281362135157 -11.455281362135157 -11.455281362135157 -11.455281362135157 -11.455281362135157 -11.455281362135157 -11.455281362135157 -11.455281362135157 -11.455281362135157 -11.455281362135157 -11.455281362135157 -11.455281362135157 -11.455281362135157 -11.455281362135157 -11.455281362135157 -11.455281362135157 -11.455281362135157 -11.455281362135157 -11.455281362135157 -11.455281362135157 -11.455281362135157 -11.455281362135157
8.29145728643216 -11.423322700226269 -11.423322700226269 -11.423322700226269 -11.423322700226269 -11.423322700226269 -11.423322700226269 -11.423322700226269 -11.423322700226269 -11.423322700226269 -11.423322700226269 -11.423322700226269 -11.423322700226269 -11.423322700226269 -11.423322700226269 -11.423322700226269 -11.423322700226269 -11.423322700226269 -11.423322700226269 -11.423322700226269 -11.423322700226269 -11.423322700226269 -11.423322700226269 -11.423322700226269 -11.423322700226269 -11.423322700226269 -11.423322700226269 -11.423322700226269 -11.423322700226269 -11.423322700226269
8.36683417085427 -11.391364038317379 -11.391364038317379 -11.391364038317379 -11.391364038317379 -11.391364038317379 -11.391364038317379 -11.391364038317379 -11.391364038317379 -11.391364038317379 -11.391364038317379 -11.391364038317379 -11.391364038317379 -11.391364038317379 -11.391364038317379 -11.391364038317379 -11.391364038317379 -11.391364038317379 -11.391364038317379 -11.391364038317379 -11.391364038317379 -11.391364038317379 -11.391364038317379 -11.391364038317379 -11.391364038317379 -11.391364038317379 -11.391364038317379 -11.391364038317379 -11.391364038317379 -11.391364038317379
8.442211055276381 -11.359405376408489 -11.359405376408489 -11.359405376408489 -11.359405376408489 -11.359405376408489 -11.359405376408489 -11.359405376408489 -11.359405376408489 -11.359405376408489 -11.359405376408489 -11.359405376408489 -11.359405376408489 -11.359405376408489 -11.359405376408489 -11.359405376408489 -11.359405376408489 -11.359405376408489 -11.359405376408489 -11.359405376408489 -11.359405376408489 -11.359405376408489 -11.359405376408489 -11.359405376408489 -11.359405376408489 -11.359405376408489 -11.359405376408489 -11.359405376408489 -11.359405376408489 -11.359405376408489
8.517587939698492 -11.327446714499601 -11.327446714499601 -11.327446714499601 -11.327446714499601 -11.327446714499601 -11.327446714499601 -11.327446714499601 -11.327446714499601 -11.327446714499601 -11.327446714499601 -11.327446714499601 -11.327446714499601 -11.327446714499601 -11.327446714499601 -11.327446714499601 -11.327446714499601 -11.327446714499601 -11.327446714499601 -11.327446714499601 -11.327446714499601 -11.327446714499601 -11.327446714499601 -11.327446714499601 -11.327446714499601 -11.327446714499601 -11.327446714499601 -11.327446714499601 -11.327446714499601 -11.327446714499601
8.592964824120603 -11.295488052590711 -11.295488052590711 -11.295488052590711 -11.295488052590711 -11.295488052590711 -11.295488052590711 -11.295488052590711 -11.295488052590711 -11.295488052590711 -11.295488052590711 -11.295488052590711 -11.295488052590711 -11.295488052590711 -11.295488052590711 -11.295488052590711 -11.295488052590711 -11.295488052590711 -11.295488052590711 -11.295488052590711 -11.295488052590711 -11.295488052590711 -11.295488052590711 -11.295488052590711 -11.295488052590711 -11.295488052590711 -11.295488052590711 -11.295488052590711 -11.295488052590711 -11.295488052590711
8.668341708542712 -11.263529390681821 -11.263529390681821 -11.263529390681821 -11.263529390681821 -11.263529390681821 -11.263529390681821 -11.263529390681821 -11.263529390681821 -11.263529390681821 -11.263529390681821 -11.263529390681821 -11.263529390681821 -11.263529390681821 -11.263529390681821 -11.263529390681821 -11.263529390681821 -11.263529390681821 -11.263529390681821 -11.263529390681821 -11.263529390681821 -11.263529390681821 -11.263529390681821 -11.263529390681821 -11.263529390681821 -11.263529390681821 -11.263529390681821 -11.263529390681821 -11.263529390681821 -11.263529390681821
8.743718592964823 -11.231570728772933 -11.231570728772933 -11.231570728772933 -11.231570728772933 -11.231570728772933 -11.231570728772933 -11.231570728772933 -11.231570728772933 -11.231570728772933 -11.231570728772933 -11.231570728772933 -11.231570728772933 -11.231570728772933 -11.231570728772933 -11.231570728772933 -11.231570728772933 -11.231570728772933 -11.231570728772933 -11.231570728772933 -11.231570728772933 -11.231570728772933 -11.231570728772933 -11.231570728772933 -11.231570728772933 -11.231570728772933 -11.231570728772933 -11.231570728772933 -11.231570728772933 -11.231570728772933
8.819095477386934 -11.199612066864043 -11.199612066864043 -11.199612066864043 -11.199612066864043 -11.199612066864043 -11.199612066864043 -11.199612066864043 -11.199612066864043 -11.199612066864043 -11.199612066864043 -11.199612066864043 -11.199612066864043 -11.199612066864043 -11.199612066864043 -11.199612066864043 -11.199612066864043 -11.199612066864043 -11.199612066864043 -11.199612066864043 -11.199612066864043 -11.199612066864043 -11.199612066864043 -11.199612066864043 -11.199612066864043 -11.199612066864043 -11.199612066864043 -11.199612066864043 -11.199612066864043 -11.199612066864043
8.894472361809044 -11.167653404955155 -11.167653404955155 -11.167653404955155 -11.167653404955155 -11.167653404955155 -11.167653404955155 -11.167653404955155 -11.167653404955155 -11.167653404955155 -11.167653404955155 -11.167653404955155 -11.167653404955155 -11.167653404955155 -11.167653404955155 -11.167653404955155 -11.167653404955155 -11.167653404955155 -11.167653404955155 -11.167653404955155 -11.167653404955155 -11.167653404955155 -11.167653404955155 -11.167653404955155 -11.167653404955155 -11.167653404955155 -11.167653404955155 -11.167653404955155 -11.167653404955155 -11.167653404955155
8.969849246231155 -11.135694743046265 -11.135694743046265 -11.135694743046265 -11.135694743046265 -11.135694743046265 -11.135694743046265 -11.135694743046265 -11.135694743046265 -11.135694743046265 -11.135694743046265 -11.135694743046265 -11.135694743046265 -11.135694743046265 -11.135694743046265 -11.135694743046265 -11.135694743046265 -11.135694743046265 -11.135694743046265 -11.135694743046265 -11.135694743046265 -11.135694743046265 -11.135694743046265 -11.135694743046265 -11.135694743046265 -11.135694743046265 -11.135694743046265 -11.135694743046265 -11.135694743046265 -11.135694743046265
9.045226130653266 -11.103736081137376 -11.103736081137376 -11.103736081137376 -11.103736081137376 -11.103736081137376 -11.103736081137376 -11.103736081137376 -11.103736081137376 -11.103736081137376 -11.103736081137376 -11.103736081137376 -11.103736081137376 -11.103736081137376 -11.103736081137376 -11.103736081137376 -11.103736081137376 -11.103736081137376 -11.103736081137376 -11.103736081137376 -11.103736081137376 -11.103736081137376 -11.103736081137376 -11.103736081137376 -11.103736081137376 -11.103736081137376 -11.103736081137376 -11.103736081137376 -11.103736081137376 -11.103736081137376
9.120603015075377 -11.071777419228486 -11.071777419228486 -11.071777419228486 -11.071777419228486 -11.071777419228486 -11.071777419228486 -11.071777419228486 -11.071777419228486 -11.071777419228486 -11.071777419228486 -11.071777419228486 -11.071777419228486 -11.071777419228486 -11.071777419228486 -11.071777419228486 -11.071777419228486 -11.071777419228486 -11.071777419228486 -11.071777419228486 -11.071777419228486 -11.071777419228486 -11.071777419228486 -11.071777419228486 -11.071777419228486 -11.071777419228486 -11.071777419228486 -11.071777419228486 -11.071777419228486 -11.071777419228486
9.195979899497488 -11.039818757319598 -11.039818757319598 -11.039818757319598 -11.039818757319598 -11.039818757319598 -11.039818757319598 -11.039818757319598 -11.039818757319598 -11.039818757319598 -11.039818757319598 -11.039818757319598 -11.039818757319598 -11.039818757319598 -11.039818757319598 -11.039818757319598 -11.039818757319598 -11.039818757319598 -11.039818757319598 -11.039818757319598 -11.039818757319598 -11.039818757319598 -11.039818757319598 -11.039818757319598 -11.039818757319598 -11.039818757319598 -11.039818757319598 -11.039818757319598 -11.039818757319598 -11.039818757319598
9.271356783919597 -11.007860095410708 -11.007860095410708 -11.007860095410708 -11.007860095410708 -11.007860095410708 -11.007860095410708 -11.007860095410708 -11.007860095410708 -11.007860095410708 -11.007860095410708 -11.007860095410708 -11.007860095410708 -11.007860095410708 -11.007860095410708 -11.007860095410708 -11.007860095410708 -11.007860095410708 -11.007860095410708 -11.007860095410708 -11.007860095410708 -11.007860095410708 -11.007860095410708 -11.007860095410708 -11.007860095410708 -11.007860095410708 -11.007860095410708 -11.007860095410708 -11.007860095410708 -11.007860095410708
9.346733668341708 -10.975901433501818 -10.975901433501818 -10.975901433501818 -10.975901433501818 -10.975901433501818 -10.975901433501818 -10.975901433501818 -10.975901433501818 -10.975901433501818 -10.975901433501818 -10.975901433501818 -10.975901433501818 -10.975901433501818 -10.975901433501818 -10.975901433501818 -10.975901433501818 -10.975901433501818 -10.975901433501818 -10.975901433501818 -10.975901433501818 -10.975901433501818 -10.975901433501818 -10.975901433501818 -10.975901433501818 -10.975901433501818 -10.975901433501818 -10.975901433501818 -10.975901433501818 -10.975901433501818
9.422110552763819 -10.94394277159293 -10.94394277159293 -10.94394277159293 -10.94394277159293 -10.94394277159293 -10.94394277159293 -10.94394277159293 -10.94394277159293 -10.94394277159293 -10.94394277159293 -10.94394277159293 -10.94394277159293 -10.94394277159293 -10.94394277159293 -10.94394277159293 -10.94394277159293 -10.94394277159293 -10.94394277159293 -10.94394277159293 -10.94394277159293 -10.94394277159293 -10.94394277159293 -10.94394277159293 -10.94394277159293 -10.94394277159293 -10.94394277159293 -10.94394277159293 -10.94394277159293 -10.94394277159293
9.497487437185928 -10.911984109684042 -10.911984109684042 -10.911984109684042 -10.911984109684042 -10.911984109684042 -10.911984109684042 -10.911984109684042 -10.911984109684042 -10.911984109684042 -10.911984109684042 -10.911984109684042 -10.911984109684042 -10.911984109684042 -10.911984109684042 -10.911984109684042 -10.911984109684042 -10.911984109684042 -10.911984109684042 -10.911984109684042 -10.911984109684042 -10.911984109684042 -10.911984109684042 -10.911984109684042 -10.911984109684042 -10.911984109684042 -10.911984109684042 -10.911984109684042 -10.911984109684042 -10.911984109684042
9.572864321608039 -10.880025447775152 -10.880025447775152 -10.880025447775152 -10.880025447775152 -10.880025447775152 -10.880025447775152 -10.880025447775152 -10.880025447775152 -10.880025447775152 -10.880025447775152 -10.880025447775152 -10.880025447775152 -10.880025447775152 -10.880025447775152 -10.880025447775152 -10.880025447775152 -10.880025447775152 -10.880025447775152 -10.880025447775152 -10.880025447775152 -10.880025447775152 -10.880025447775152 -10.880025447775152 -10.880025447775152 -10.880025447775152 -10.880025447775152 -10.880025447775152 -10.880025447775152 -10.880025447775152
9.64824120603015 -10.848066785866262 -10.848066785866262 -10.848066785866262 -10.848066785866262 -10.848066785866262 -10.848066785866262 -10.848066785866262 -10.848066785866262 -10.848066785866262 -10.848066785866262 -10.848066785866262 -10.848066785866262 -10.848066785866262 -10.848066785866262 -10.848066785866262 -10.848066785866262 -10.848066785866262 -10.848066785866262 -10.848066785866262 -10.848066785866262 -10.848066785866262 -10.848066785866262 -10.848066785866262 -10.848066785866262 -10.848066785866262 -10.848066785866262 -10.848066785866262 -10.848066785866262 -10.848066785866262
9.72361809045226 -10.816108123957374 -10.816108123957374 -10.816108123957374 -10.816108123957374 -10.816108123957374 -10.816108123957374 -10.816108123957374 -10.816108123957374 -10.816108123957374 -10.816108123957374 -10.816108123957374 -10.816108123957374 -10.816108123957374 -10.816108123957374 -10.816108123957374 -10.816108123957374 -10.816108123957374 -10.816108123957374 -10.816108123957374 -10.816108123957374 -10.816108123957374 -10.816108123957374 -10.816108123957374 -10.816108123957374 -10.816108123957374 -10.816108123957374 -10.816108123957374 -10.816108123957374 -10.816108123957374
9.798994974874372 -10.784149462048482 -10.784149462048482 -10.784149462048482 -10.784149462048482 -10.784149462048482 -10.784149462048482 -10.784149462048482 -10.784149462048482 -10.784149462048482 -10.784149462048482 -10.784149462048482 -10.784149462048482 -10.784149462048482 -10.784149462048482 -10.784149462048482 -10.784149462048482 -10.784149462048482 -10.784149462048482 -10.784149462048482 -10.784149462048482 -10.784149462048482 -10.784149462048482 -10.784149462048482 -10.784149462048482 -10.784149462048482 -10.784149462048482 -10.784149462048482 -10.784149462048482 -10.784149462048482
9.874371859296481 -10.752190800139594 -10.752190800139594 -10.752190800139594 -10.752190800139594 -10.752190800139594 -10.752190800139594 -10.752190800139594 -10.752190800139594 -10.752190800139594 -10.752190800139594 -10.752190800139594 -10.752190800139594 -10.752190800139594 -10.752190800139594 -10.752190800139594 -10.752190800139594 -10.752190800139594 -10.752190800139594 -10.752190800139594 -10.752190800139594 -10.752190800139594 -10.752190800139594 -10.752190800139594 -10.752190800139594 -10.752190800139594 -10.752190800139594 -10.752190800139594 -10.752190800139594 -10.752190800139594
9.949748743718592 -10.720232138230706 -10.720232138230706 -10.720232138230706 -10.720232138230706 -10.720232138230706 -10.720232138230706 -10.720232138230706 -10.720232138230706 -10.720232138230706 -10.720232138230706 -10.720232138230706 -10.720232138230706 -10.720232138230706 -10.720232138230706 -10.720232138230706 -10.720232138230706 -10.720232138230706 -10.720232138230706 -10.720232138230706 -10.720232138230706 -10.720232138230706 -10.720232138230706 -10.720232138230706 -10.720232138230706 -10.720232138230706 -10.720232138230706 -10.720232138230706 -10.720232138230706 -10.720232138230706
10.025125628140703 -10.688273476321815 -10.688273476321815 -10.688273476321815 -10.688273476321815 -10.688273476321815 -10.688273476321815 -10.688273476321815 -10.688273476321815 -10.688273476321815 -10.688273476321815 -10.688273476321815 -10.688273476321815 -10.688273476321815 -10.688273476321815 -10.688273476321815 -10.688273476321815 -10.688273476321815 -10.688273476321815 -10.688273476321815 -10.688273476321815 -10.688273476321815 -10.688273476321815 -10.688273476321815 -10.688273476321815 -10.688273476321815 -10.688273476321815 -10.688273476321815 -10.688273476321815 -10.688273476321815
