web/models/kne/3/Metzger_0.024890_0.354138_0.450000.dat
# %ECSV 0.9
# ---
# datatype:
# - {name: time, datatype: float64}
# - {name: sdss_u, datatype: float64}
# - {name: sdss_g, datatype: float64}
# - {name: sdss_r, datatype: float64}
# - {name: sdss_i, datatype: float64}
# - {name: sdss_z, datatype: float64}
# - {name: PS1_y, datatype: float64}
# - {name: ukirt_J, datatype: float64}
# - {name: ukirt_H, datatype: float64}
# - {name: ukirt_K, datatype: float64}
# - {name: johnson_U, datatype: float64}
# - {name: johnson_B, datatype: float64}
# - {name: johnson_V, datatype: float64}
# - {name: johnson_R, datatype: float64}
# - {name: johnson_I, datatype: float64}
# - {name: Clear, datatype: float64}
# meta: !!omap
# - comment: [vej = 0.35413793103448277, mej = 0.024889660212162802, Ye = 0.45, redshift = 0.0]
# schema: astropy-2.0
time sdss_u sdss_g sdss_r sdss_i sdss_z PS1_y ukirt_J ukirt_H ukirt_K johnson_U johnson_B johnson_V johnson_R johnson_I Clear
[from data line 792]
39.700000 220.078909 156.473391 116.285341 90.751746 75.176702 65.435362 45.723046 28.248997 16.822983 212.447918 174.192395 133.148272 111.399997 73.608494 114.678092
39.750000 220.365912 156.685612 116.450083 90.886165 75.292537 65.539525 45.803433 28.308029 16.867797 212.725966 174.425484 133.332965 111.558949 73.722452 114.840929
39.800000 220.652895 156.897818 116.614813 91.020577 75.408365 65.643683 45.883817 28.367059 16.912610 213.003994 174.658557 133.517646 111.717890 73.836404 115.003756
39.850000 220.939856 157.110011 116.779534 91.154981 75.524186 65.747835 45.964197 28.426088 16.957422 213.282002 174.891614 133.702315 111.876822 73.950350 115.166572
39.900000 221.226798 157.322189 116.944244 91.289377 75.640002 65.851982 46.044574 28.485115 17.002234 213.559990 175.124655 133.886972 112.035743 74.064290 115.329379
39.950000 221.513718 157.534352 117.108944 91.423765 75.755811 65.956123 46.124947 28.544140 17.047046 213.837959 175.357680 134.071617 112.194655 74.178223 115.492175
40.000000 221.800619 157.746501 117.273633 91.558146 75.871613 66.060259 46.205317 28.603164 17.091857 214.115908 175.590689 134.256251 112.353556 74.292150 115.654960
40.050000 222.087499 157.958637 117.438312 91.692518 75.987410 66.164390 46.285684 28.662185 17.136668 214.393837 175.823682 134.440872 112.512448 74.406071 115.817736
40.100000 222.374359 158.170757 117.602981 91.826883 76.103200 66.268515 46.366047 28.721206 17.181478 214.671747 176.056659 134.625481 112.671330 74.519986 115.980501
40.150000 222.661198 158.382864 117.767639 91.961239 76.218983 66.372635 46.446406 28.780224 17.226287 214.949637 176.289621 134.810078 112.830202 74.633895 116.143257
40.200000 222.948017 158.594957 117.932287 92.095588 76.334761 66.476750 46.526762 28.839241 17.271097 215.227508 176.522566 134.994663 112.989065 74.747798 116.306002
40.250000 223.234816 158.807035 118.096925 92.229929 76.450532 66.580859 46.607115 28.898256 17.315905 215.505359 176.755495 135.179237 113.147917 74.861694 116.468737
40.300000 223.521595 159.019099 118.261552 92.364263 76.566297 66.684963 46.687465 28.957269 17.360713 215.783190 176.988409 135.363798 113.306760 74.975584 116.631461
40.350000 223.808353 159.231149 118.426169 92.498588 76.682055 66.789061 46.767811 29.016281 17.405521 216.061002 177.221307 135.548348 113.465593 75.089468 116.794176
40.400000 224.095091 159.443185 118.590776 92.632906 76.797807 66.893155 46.848153 29.075291 17.450328 216.338795 177.454189 135.732885 113.624416 75.203347 116.956881
40.450000 224.381810 159.655207 118.755373 92.767216 76.913553 66.997242 46.928492 29.134300 17.495134 216.616568 177.687055 135.917411 113.783229 75.317218 117.119575
40.500000 224.668508 159.867215 118.919960 92.901518 77.029293 67.101325 47.008828 29.193307 17.539940 216.894322 177.919906 136.101925 113.942033 75.431084 117.282260
40.550000 224.955186 160.079209 119.084536 93.035812 77.145026 67.205402 47.089160 29.252312 17.584745 217.172057 178.152741 136.286428 114.100827 75.544944 117.444934
40.600000 225.241844 160.291189 119.249102 93.170099 77.260753 67.309474 47.169489 29.311315 17.629550 217.449772 178.385560 136.470918 114.259611 75.658798 117.607599
40.650000 225.528482 160.503155 119.413658 93.304378 77.376474 67.413541 47.249815 29.370317 17.674355 217.727468 178.618364 136.655397 114.418386 75.772645 117.770253
40.700000 225.815100 160.715107 119.578204 93.438649 77.492189 67.517602 47.330137 29.429317 17.719159 218.005145 178.851152 136.839864 114.577151 75.886487 117.932898
40.750000 226.101698 160.927045 119.742740 93.572913 77.607898 67.621658 47.410456 29.488315 17.763962 218.282803 179.083924 137.024319 114.735906 76.000322 118.095532
40.800000 226.388277 161.138969 119.907265 93.707169 77.723600 67.725709 47.490772 29.547312 17.808765 218.560441 179.316681 137.208762 114.894651 76.114152 118.258157
40.850000 226.674835 161.350879 120.071781 93.841417 77.839296 67.829755 47.571084 29.606307 17.853567 218.838060 179.549422 137.393194 115.053387 76.227975 118.420771
40.900000 226.961374 161.562776 120.236286 93.975658 77.954986 67.933795 47.651393 29.665301 17.898369 219.115660 179.782148 137.577615 115.212114 76.341792 118.583376
40.950000 227.247893 161.774658 120.400782 94.109890 78.070670 68.037830 47.731698 29.724292 17.943170 219.393242 180.014858 137.762023 115.370830 76.455603 118.745971
41.000000 227.534392 161.986527 120.565267 94.244116 78.186348 68.141860 47.812000 29.783283 17.987971 219.670804 180.247553 137.946420 115.529537 76.569409 118.908556
41.050000 227.820871 162.198382 120.729742 94.378333 78.302019 68.245885 47.892299 29.842271 18.032771 219.948347 180.480232 138.130805 115.688235 76.683208 119.071131
41.100000 228.107331 162.410223 120.894208 94.512543 78.417684 68.349904 47.972594 29.901258 18.077570 220.225871 180.712896 138.315179 115.846923 76.797001 119.233696
41.150000 228.393771 162.622051 121.058663 94.646746 78.533343 68.453918 48.052886 29.960243 18.122369 220.503376 180.945544 138.499541 116.005601 76.910788 119.396251
41.200000 228.680192 162.833864 121.223108 94.780940 78.648996 68.557927 48.133175 30.019226 18.167168 220.780862 181.178177 138.683892 116.164270 77.024569 119.558796
41.250000 228.966592 163.045664 121.387544 94.915128 78.764643 68.661931 48.213460 30.078208 18.211966 221.058330 181.410795 138.868231 116.322929 77.138345 119.721332
41.300000 229.252974 163.257451 121.551969 95.049307 78.880284 68.765929 48.293742 30.137188 18.256763 221.335778 181.643397 139.052558 116.481579 77.252114 119.883858
41.350000 229.539336 163.469223 121.716384 95.183479 78.995919 68.869922 48.374020 30.196167 18.301560 221.613208 181.875984 139.236874 116.640219 77.365877 120.046374
41.400000 229.825678 163.680982 121.880790 95.317644 79.111547 68.973910 48.454296 30.255144 18.346357 221.890619 182.108556 139.421179 116.798850 77.479635 120.208880
41.450000 230.112001 163.892728 122.045185 95.451801 79.227170 69.077893 48.534568 30.314119 18.391152 222.168011 182.341113 139.605472 116.957472 77.593386 120.371376
41.500000 230.398304 164.104459 122.209571 95.585950 79.342786 69.181871 48.614836 30.373092 18.435948 222.445384 182.573654 139.789753 117.116084 77.707132 120.533863
41.550000 230.684588 164.316178 122.373947 95.720092 79.458396 69.285844 48.695102 30.432064 18.480742 222.722739 182.806180 139.974023 117.274686 77.820871 120.696340
41.600000 230.970853 164.527882 122.538313 95.854226 79.574000 69.389811 48.775364 30.491034 18.525536 223.000075 183.038691 140.158282 117.433279 77.934605 120.858807
41.650000 231.257098 164.739573 122.702669 95.988353 79.689599 69.493773 48.855622 30.550003 18.570330 223.277392 183.271187 140.342529 117.591863 78.048332 121.021265
41.700000 231.543324 164.951251 122.867015 96.122472 79.805191 69.597731 48.935878 30.608970 18.615123 223.554691 183.503668 140.526765 117.750437 78.162054 121.183713
41.750000 231.829531 165.162915 123.031351 96.256584 79.920777 69.701683 49.016130 30.667935 18.659916 223.831971 183.736133 140.710990 117.909002 78.275770 121.346151
41.800000 232.115718 165.374565 123.195678 96.390689 80.036357 69.805629 49.096379 30.726899 18.704707 224.109233 183.968584 140.895203 118.067558 78.389480 121.508579
41.850000 232.401886 165.586203 123.359995 96.524786 80.151931 69.909571 49.176624 30.785861 18.749499 224.386476 184.201019 141.079405 118.226104 78.503184 121.670998
41.900000 232.688035 165.797826 123.524302 96.658875 80.267499 70.013508 49.256866 30.844821 18.794290 224.663700 184.433440 141.263595 118.384641 78.616883 121.833407
41.950000 232.974165 166.009437 123.688599 96.792957 80.383061 70.117439 49.337105 30.903780 18.839080 224.940907 184.665845 141.447774 118.543168 78.730575 121.995807
42.000000 233.260276 166.221033 123.852886 96.927032 80.498617 70.221365 49.417341 30.962736 18.883870 225.218094 184.898235 141.631942 118.701687 78.844261 122.158197
42.050000 233.546368 166.432617 124.017164 97.061099 80.614167 70.325287 49.497573 31.021692 18.928659 225.495263 185.130611 141.816099 118.860196 78.957942 122.320577
42.100000 233.832440 166.644187 124.181432 97.195159 80.729711 70.429203 49.577802 31.080646 18.973447 225.772414 185.362971 142.000245 119.018695 79.071617 122.482948
42.150000 234.118494 166.855744 124.345691 97.329211 80.845249 70.533114 49.658028 31.139598 19.018235 226.049547 185.595317 142.184379 119.177186 79.185286 122.645309
42.200000 234.404528 167.067288 124.509939 97.463256 80.960781 70.637020 49.738251 31.198548 19.063023 226.326661 185.827647 142.368502 119.335667 79.298949 122.807661
42.250000 234.690544 167.278818 124.674178 97.597294 81.076307 70.740921 49.818470 31.257497 19.107810 226.603757 186.059963 142.552614 119.494139 79.412606 122.970003
42.300000 234.976541 167.490335 124.838407 97.731324 81.191827 70.844817 49.898686 31.316444 19.152596 226.880835 186.292264 142.736714 119.652601 79.526258 123.132335
42.350000 235.262518 167.701839 125.002627 97.865347 81.307341 70.948707 49.978899 31.375389 19.197382 227.157894 186.524550 142.920804 119.811055 79.639904 123.294659
42.400000 235.548477 167.913329 125.166837 97.999363 81.422849 71.052593 50.059108 31.434333 19.242167 227.434935 186.756821 143.104882 119.969499 79.753544 123.456972
42.450000 235.834417 168.124806 125.331037 98.133371 81.538351 71.156474 50.139314 31.493275 19.286951 227.711958 186.989078 143.288949 120.127934 79.867178 123.619276
42.500000 236.120338 168.336270 125.495228 98.267372 81.653848 71.260349 50.219517 31.552216 19.331736 227.988963 187.221319 143.473005 120.286360 79.980806 123.781571
42.550000 236.406241 168.547721 125.659409 98.401365 81.769338 71.364220 50.299717 31.611155 19.376519 228.265950 187.453546 143.657050 120.444777 80.094429 123.943856
42.600000 236.692124 168.759159 125.823581 98.535352 81.884823 71.468086 50.379913 31.670092 19.421302 228.542919 187.685759 143.841084 120.603185 80.208045 124.106132
42.650000 236.977989 168.970584 125.987743 98.669331 82.000301 71.571946 50.460107 31.729028 19.466084 228.819869 187.917956 144.025107 120.761583 80.321656 124.268398
42.700000 237.263835 169.181995 126.151895 98.803302 82.115774 71.675802 50.540297 31.787961 19.510866 229.096802 188.150139 144.209119 120.919972 80.435262 124.430655
42.750000 237.549663 169.393394 126.316038 98.937267 82.231241 71.779652 50.620483 31.846894 19.555647 229.373716 188.382307 144.393119 121.078353 80.548861 124.592903
42.800000 237.835472 169.604779 126.480171 99.071224 82.346702 71.883498 50.700667 31.905824 19.600428 229.650613 188.614461 144.577109 121.236724 80.662455 124.755141
42.850000 238.121262 169.816152 126.644295 99.205174 82.462157 71.987338 50.780847 31.964754 19.645208 229.927492 188.846600 144.761088 121.395086 80.776043 124.917370
42.900000 238.407033 170.027511 126.808410 99.339117 82.577606 72.091174 50.861024 32.023681 19.689987 230.204352 189.078725 144.945056 121.553439 80.889625 125.079589
42.950000 238.692787 170.238857 126.972515 99.473052 82.693050 72.195004 50.941198 32.082607 19.734766 230.481195 189.310834 145.129012 121.711783 81.003202 125.241799
43.000000 238.978521 170.450190 127.136610 99.606980 82.808487 72.298830 51.021369 32.141531 19.779544 230.758020 189.542930 145.312958 121.870118 81.116773 125.404000
43.050000 239.264237 170.661511 127.300696 99.740901 82.923919 72.402650 51.101536 32.200453 19.824322 231.034827 189.775011 145.496893 122.028443 81.230338 125.566191
43.100000 239.549935 170.872818 127.464772 99.874815 83.039345 72.506466 51.181700 32.259374 19.869099 231.311616 190.007077 145.680817 122.186760 81.343898 125.728374
43.150000 239.835614 171.084113 127.628839 100.008722 83.154765 72.610276 51.261861 32.318293 19.913876 231.588388 190.239129 145.864730 122.345068 81.457452 125.890546
43.200000 240.121274 171.295394 127.792897 100.142621 83.270179 72.714082 51.342019 32.377211 19.958652 231.865142 190.471166 146.048632 122.503367 81.571000 126.052710
43.250000 240.406917 171.506663 127.956945 100.276514 83.385588 72.817883 51.422174 32.436127 20.003427 232.141878 190.703189 146.232524 122.661657 81.684542 126.214864
43.300000 240.692541 171.717919 128.120984 100.410399 83.500990 72.921679 51.502325 32.495041 20.048202 232.418596 190.935198 146.416404 122.819938 81.798079 126.377009
43.350000 240.978146 171.929161 128.285014 100.544277 83.616387 73.025469 51.582473 32.553954 20.092976 232.695296 191.167192 146.600274 122.978210 81.911610 126.539145
43.400000 241.263733 172.140392 128.449034 100.678147 83.731778 73.129255 51.662618 32.612865 20.137749 232.971979 191.399172 146.784132 123.136473 82.025136 126.701272
43.450000 241.549302 172.351609 128.613045 100.812011 83.847163 73.233036 51.742760 32.671775 20.182522 233.248645 191.631137 146.967980 123.294727 82.138656 126.863389
43.500000 241.834853 172.562813 128.777046 100.945868 83.962543 73.336812 51.822898 32.730682 20.227295 233.525292 191.863088 147.151818 123.452972 82.252170 127.025497
43.550000 242.120386 172.774005 128.941038 101.079717 84.077917 73.440584 51.903034 32.789589 20.272067 233.801923 192.095025 147.335644 123.611208 82.365679 127.187596
43.600000 242.405900 172.985184 129.105021 101.213559 84.193285 73.544350 51.983166 32.848493 20.316838 234.078535 192.326948 147.519460 123.769436 82.479182 127.349686
43.650000 242.691396 173.196350 129.268995 101.347395 84.308647 73.648111 52.063295 32.907396 20.361608 234.355130 192.558856 147.703265 123.927654 82.592679 127.511767
43.700000 242.976874 173.407503 129.432959 101.481223 84.424003 73.751868 52.143421 32.966297 20.406378 234.631708 192.790750 147.887059 124.085864 82.706171 127.673838
43.750000 243.262334 173.618644 129.596914 101.615044 84.539354 73.855619 52.223544 33.025197 20.451148 234.908268 193.022630 148.070842 124.244065 82.819657 127.835901
43.800000 243.547776 173.829772 129.760859 101.748858 84.654699 73.959366 52.303663 33.084095 20.495917 235.184811 193.254496 148.254615 124.402257 82.933138 127.997954
43.850000 243.833200 174.040888 129.924796 101.882665 84.770039 74.063108 52.383780 33.142992 20.540685 235.461336 193.486347 148.438377 124.560440 83.046613 128.159998
43.900000 244.118605 174.251990 130.088723 102.016465 84.885372 74.166845 52.463893 33.201887 20.585453 235.737844 193.718185 148.622129 124.718614 83.160082 128.322033
43.950000 244.403993 174.463081 130.252641 102.150257 85.000700 74.270577 52.544003 33.260780 20.630220 236.014334 193.950008 148.805869 124.876780 83.273546 128.484059
44.000000 244.689363 174.674158 130.416550 102.284043 85.116022 74.374304 52.624110 33.319671 20.674986 236.290808 194.181817 148.989600 125.034936 83.387005 128.646076
44.050000 244.974715 174.885223 130.580449 102.417822 85.231339 74.478026 52.704214 33.378561 20.719752 236.567264 194.413612 149.173319 125.193084 83.500457 128.808084
44.100000 245.260049 175.096275 130.744340 102.551594 85.346650 74.581744 52.784315 33.437450 20.764517 236.843702 194.645393 149.357028 125.351223 83.613905 128.970083
44.150000 245.545365 175.307315 130.908221 102.685359 85.461955 74.685456 52.864412 33.496336 20.809282 237.120124 194.877160 149.540726 125.509354 83.727346 129.132073
44.200000 245.830663 175.518342 131.072093 102.819116 85.577254 74.789164 52.944506 33.555221 20.854046 237.396528 195.108913 149.724414 125.667476 83.840783 129.294054
44.250000 246.115943 175.729357 131.235956 102.952867 85.692548 74.892867 53.024598 33.614105 20.898809 237.672915 195.340652 149.908091 125.825589 83.954213 129.456025
44.300000 246.401205 175.940359 131.399810 103.086611 85.807836 74.996565 53.104686 33.672987 20.943572 237.949284 195.572377 150.091758 125.983693 84.067638 129.617988
44.350000 246.686450 176.151349 131.563655 103.220348 85.923119 75.100259 53.184771 33.731867 20.988334 238.225637 195.804088 150.275414 126.141788 84.181058 129.779942
