web/models/kne/3/Metzger_0.038208_0.224483_0.100000.dat
# %ECSV 0.9
# ---
# datatype:
# - {name: time, datatype: float64}
# - {name: sdss_u, datatype: float64}
# - {name: sdss_g, datatype: float64}
# - {name: sdss_r, datatype: float64}
# - {name: sdss_i, datatype: float64}
# - {name: sdss_z, datatype: float64}
# - {name: PS1_y, datatype: float64}
# - {name: ukirt_J, datatype: float64}
# - {name: ukirt_H, datatype: float64}
# - {name: ukirt_K, datatype: float64}
# - {name: johnson_U, datatype: float64}
# - {name: johnson_B, datatype: float64}
# - {name: johnson_V, datatype: float64}
# - {name: johnson_R, datatype: float64}
# - {name: johnson_I, datatype: float64}
# - {name: Clear, datatype: float64}
# meta: !!omap
# - comment: [vej = 0.22448275862068964, mej = 0.038208046189546235, Ye = 0.1, redshift = 0.0]
# schema: astropy-2.0
time sdss_u sdss_g sdss_r sdss_i sdss_z PS1_y ukirt_J ukirt_H ukirt_K johnson_U johnson_B johnson_V johnson_R johnson_I Clear
[from data line 1755]
87.850000 336.925945 242.971850 183.515259 145.676342 122.558871 108.080940 78.719682 52.579105 35.382929 325.660691 269.159777 208.475261 176.280177 120.229263 181.135174
87.900000 337.121730 243.116783 183.627906 145.768370 122.638261 108.152393 78.774968 52.619869 35.414025 325.850386 269.318900 208.601475 176.388887 120.307378 181.246526
87.950000 337.317508 243.261712 183.740550 145.860396 122.717649 108.223845 78.830253 52.660633 35.445121 326.040076 269.478018 208.727686 176.497594 120.385490 181.357874
88.000000 337.513281 243.406637 183.853190 145.952419 122.797035 108.295295 78.885536 52.701396 35.476216 326.229759 269.637132 208.853893 176.606297 120.463601 181.469220
88.050000 337.709047 243.551557 183.965827 146.044440 122.876420 108.366744 78.940819 52.742159 35.507311 326.419437 269.796241 208.980096 176.714998 120.541709 181.580562
88.100000 337.904808 243.696472 184.078462 146.136459 122.955802 108.438190 78.996100 52.782920 35.538405 326.609109 269.955346 209.106296 176.823695 120.619816 181.691902
88.150000 338.100562 243.841384 184.191092 146.228474 123.035182 108.509635 79.051380 52.823681 35.569500 326.798774 270.114445 209.232491 176.932390 120.697920 181.803238
88.200000 338.296311 243.986291 184.303720 146.320488 123.114560 108.581078 79.106659 52.864441 35.600593 326.988435 270.273540 209.358684 177.041081 120.776023 181.914571
88.250000 338.492053 244.131194 184.416345 146.412499 123.193936 108.652519 79.161936 52.905201 35.631687 327.178089 270.432630 209.484872 177.149770 120.854123 182.025901
88.300000 338.687790 244.276093 184.528966 146.504507 123.273309 108.723959 79.217212 52.945960 35.662780 327.367738 270.591715 209.611057 177.258455 120.932221 182.137228
88.350000 338.883520 244.420987 184.641584 146.596513 123.352681 108.795397 79.272487 52.986718 35.693872 327.557380 270.750795 209.737239 177.367137 121.010318 182.248551
88.400000 339.079244 244.565877 184.754199 146.688516 123.432051 108.866833 79.327761 53.027475 35.724964 327.747017 270.909871 209.863417 177.475816 121.088412 182.359872
88.450000 339.274963 244.710763 184.866811 146.780517 123.511419 108.938267 79.383034 53.068231 35.756056 327.936648 271.068942 209.989591 177.584492 121.166505 182.471189
88.500000 339.470675 244.855645 184.979420 146.872516 123.590785 109.009699 79.438305 53.108987 35.787148 328.126274 271.228008 210.115761 177.693166 121.244595 182.582504
88.550000 339.666382 245.000522 185.092026 146.964512 123.670148 109.081130 79.493575 53.149742 35.818239 328.315894 271.387070 210.241928 177.801836 121.322684 182.693815
88.600000 339.862082 245.145395 185.204628 147.056506 123.749510 109.152559 79.548844 53.190497 35.849329 328.505507 271.546126 210.368091 177.910503 121.400770 182.805123
88.650000 340.057777 245.290264 185.317227 147.148497 123.828869 109.223986 79.604112 53.231250 35.880419 328.695116 271.705178 210.494251 178.019167 121.478855 182.916428
88.700000 340.253465 245.435129 185.429823 147.240485 123.908227 109.295411 79.659379 53.272003 35.911509 328.884718 271.864226 210.620407 178.127828 121.556937 183.027730
88.750000 340.449148 245.579989 185.542416 147.332472 123.987583 109.366835 79.714644 53.312755 35.942598 329.074315 272.023268 210.746560 178.236486 121.635018 183.139028
88.800000 340.644825 245.724845 185.655006 147.424456 124.066936 109.438256 79.769908 53.353507 35.973687 329.263905 272.182306 210.872708 178.345141 121.713096 183.250324
88.850000 340.840495 245.869697 185.767593 147.516437 124.146288 109.509677 79.825171 53.394257 36.004776 329.453491 272.341339 210.998854 178.453793 121.791173 183.361617
88.900000 341.036160 246.014545 185.880176 147.608416 124.225637 109.581095 79.880432 53.435007 36.035864 329.643070 272.500368 211.124995 178.562442 121.869247 183.472906
88.950000 341.231819 246.159388 185.992757 147.700392 124.304985 109.652511 79.935693 53.475757 36.066952 329.832644 272.659392 211.251133 178.671088 121.947320 183.584192
89.000000 341.427472 246.304227 186.105334 147.792366 124.384330 109.723926 79.990952 53.516505 36.098039 330.022212 272.818411 211.377268 178.779731 122.025390 183.695476
89.050000 341.623119 246.449062 186.217908 147.884338 124.463673 109.795339 80.046210 53.557253 36.129126 330.211774 272.977425 211.503399 178.888371 122.103459 183.806756
89.100000 341.818760 246.593893 186.330479 147.976307 124.543015 109.866751 80.101467 53.598000 36.160213 330.401330 273.136435 211.629526 178.997008 122.181526 183.918033
89.150000 342.014395 246.738720 186.443047 148.068274 124.622354 109.938160 80.156723 53.638747 36.191299 330.590881 273.295440 211.755650 179.105642 122.259590 184.029307
89.200000 342.210025 246.883542 186.555611 148.160238 124.701692 110.009568 80.211977 53.679492 36.222385 330.780426 273.454440 211.881770 179.214273 122.337653 184.140578
89.250000 342.405648 247.028360 186.668173 148.252200 124.781027 110.080974 80.267230 53.720237 36.253470 330.969966 273.613436 212.007886 179.322901 122.415714 184.251846
89.300000 342.601266 247.173175 186.780732 148.344159 124.860360 110.152378 80.322482 53.760981 36.284555 331.159500 273.772427 212.133999 179.431526 122.493773 184.363110
89.350000 342.796877 247.317984 186.893287 148.436116 124.939692 110.223781 80.377733 53.801725 36.315640 331.349028 273.931413 212.260109 179.540148 122.571829 184.474372
89.400000 342.992483 247.462790 187.005839 148.528070 125.019021 110.295182 80.432982 53.842468 36.346724 331.538550 274.090395 212.386214 179.648767 122.649884 184.585631
89.450000 343.188083 247.607591 187.118388 148.620023 125.098348 110.366581 80.488231 53.883210 36.377808 331.728067 274.249372 212.512317 179.757383 122.727937 184.696886
89.500000 343.383677 247.752389 187.230934 148.711972 125.177674 110.437978 80.543478 53.923951 36.408891 331.917578 274.408344 212.638415 179.865996 122.805988 184.808139
89.550000 343.579265 247.897182 187.343477 148.803920 125.256997 110.509374 80.598724 53.964692 36.439974 332.107083 274.567312 212.764511 179.974606 122.884037 184.919388
89.600000 343.774847 248.041971 187.456017 148.895864 125.336318 110.580768 80.653969 54.005432 36.471057 332.296583 274.726275 212.890602 180.083214 122.962084 185.030635
89.650000 343.970424 248.186756 187.568554 148.987807 125.415638 110.652160 80.709212 54.046171 36.502139 332.486077 274.885233 213.016690 180.191818 123.040129 185.141878
89.700000 344.165994 248.331536 187.681088 149.079747 125.494955 110.723550 80.764455 54.086909 36.533221 332.675566 275.044187 213.142775 180.300419 123.118172 185.253118
89.750000 344.361559 248.476313 187.793618 149.171684 125.574271 110.794939 80.819696 54.127647 36.564302 332.865048 275.203136 213.268856 180.409017 123.196213 185.364355
89.800000 344.557118 248.621085 187.906146 149.263620 125.653584 110.866326 80.874936 54.168384 36.595383 333.054526 275.362081 213.394933 180.517613 123.274253 185.475589
89.850000 344.752671 248.765853 188.018670 149.355552 125.732895 110.937711 80.930175 54.209121 36.626464 333.243997 275.521021 213.521007 180.626205 123.352290 185.586821
89.900000 344.948218 248.910617 188.131191 149.447483 125.812205 111.009095 80.985412 54.249856 36.657544 333.433463 275.679956 213.647078 180.734794 123.430325 185.698049
89.950000 345.143760 249.055377 188.243710 149.539411 125.891512 111.080476 81.040649 54.290591 36.688624 333.622923 275.838887 213.773145 180.843381 123.508359 185.809274
90.000000 345.339295 249.200132 188.356225 149.631336 125.970818 111.151856 81.095884 54.331325 36.719703 333.812378 275.997813 213.899208 180.951964 123.586390 185.920496
90.050000 345.534825 249.344884 188.468737 149.723260 126.050121 111.223235 81.151118 54.372059 36.750782 334.001827 276.156734 214.025268 181.060545 123.664420 186.031715
90.100000 345.730349 249.489631 188.581246 149.815180 126.129423 111.294611 81.206351 54.412792 36.781861 334.191271 276.315651 214.151324 181.169122 123.742447 186.142931
90.150000 345.925868 249.634375 188.693752 149.907099 126.208722 111.365986 81.261583 54.453524 36.812939 334.380709 276.474563 214.277377 181.277697 123.820473 186.254144
90.200000 346.121380 249.779114 188.806255 149.999015 126.288020 111.437360 81.316813 54.494255 36.844017 334.570141 276.633471 214.403426 181.386269 123.898497 186.365354
90.250000 346.316887 249.923849 188.918754 150.090929 126.367315 111.508731 81.372043 54.534986 36.875095 334.759568 276.792374 214.529472 181.494838 123.976518 186.476560
90.300000 346.512387 250.068580 189.031251 150.182840 126.446609 111.580101 81.427271 54.575716 36.906172 334.948989 276.951273 214.655514 181.603404 124.054538 186.587764
90.350000 346.707883 250.213307 189.143745 150.274749 126.525900 111.651469 81.482498 54.616445 36.937248 335.138404 277.110167 214.781553 181.711967 124.132556 186.698965
90.400000 346.903372 250.358030 189.256235 150.366655 126.605190 111.722835 81.537723 54.657174 36.968325 335.327814 277.269056 214.907588 181.820527 124.210572 186.810163
90.450000 347.098855 250.502748 189.368723 150.458559 126.684478 111.794200 81.592948 54.697901 36.999401 335.517219 277.427941 215.033620 181.929084 124.288586 186.921358
90.500000 347.294333 250.647463 189.481207 150.550461 126.763763 111.865563 81.648171 54.738628 37.030476 335.706617 277.586821 215.159648 182.037638 124.366598 187.032550
90.550000 347.489805 250.792173 189.593689 150.642360 126.843047 111.936924 81.703394 54.779355 37.061551 335.896011 277.745697 215.285673 182.146189 124.444608 187.143738
90.600000 347.685271 250.936879 189.706167 150.734257 126.922329 112.008284 81.758615 54.820081 37.092626 336.085399 277.904568 215.411694 182.254737 124.522617 187.254924
90.650000 347.880732 251.081582 189.818643 150.826152 127.001609 112.079641 81.813834 54.860806 37.123700 336.274781 278.063435 215.537712 182.363283 124.600623 187.366107
90.700000 348.076187 251.226280 189.931115 150.918044 127.080887 112.150998 81.869053 54.901530 37.154774 336.464157 278.222297 215.663727 182.471825 124.678628 187.477287
90.750000 348.271636 251.370974 190.043584 151.009934 127.160163 112.222352 81.924271 54.942254 37.185848 336.653528 278.381154 215.789737 182.580365 124.756630 187.588464
90.800000 348.467079 251.515664 190.156051 151.101822 127.239436 112.293705 81.979487 54.982976 37.216921 336.842894 278.540007 215.915745 182.688902 124.834631 187.699638
90.850000 348.662517 251.660350 190.268514 151.193707 127.318708 112.365056 82.034702 55.023699 37.247994 337.032254 278.698856 216.041749 182.797436 124.912630 187.810808
90.900000 348.857949 251.805032 190.380974 151.285590 127.397979 112.436405 82.089916 55.064420 37.279066 337.221609 278.857699 216.167749 182.905966 124.990626 187.921976
90.950000 349.053375 251.949709 190.493431 151.377470 127.477247 112.507753 82.145129 55.105141 37.310138 337.410958 279.016539 216.293746 183.014494 125.068621 188.033141
91.000000 349.248795 252.094383 190.605886 151.469348 127.556513 112.579099 82.200341 55.145861 37.341210 337.600301 279.175374 216.419740 183.123020 125.146614 188.144303
91.050000 349.444210 252.239053 190.718337 151.561224 127.635777 112.650443 82.255551 55.186580 37.372281 337.789639 279.334204 216.545730 183.231542 125.224605 188.255462
91.100000 349.639619 252.383718 190.830785 151.653097 127.715039 112.721785 82.310761 55.227299 37.403352 337.978972 279.493030 216.671716 183.340061 125.302594 188.366618
91.150000 349.835023 252.528380 190.943230 151.744968 127.794300 112.793126 82.365969 55.268017 37.434423 338.168299 279.651851 216.797700 183.448578 125.380582 188.477771
91.200000 350.030420 252.673037 191.055672 151.836837 127.873558 112.864466 82.421176 55.308734 37.465493 338.357620 279.810668 216.923679 183.557091 125.458567 188.588921
91.250000 350.225812 252.817691 191.168111 151.928703 127.952814 112.935803 82.476382 55.349451 37.496562 338.546936 279.969480 217.049656 183.665602 125.536551 188.700068
91.300000 350.421199 252.962340 191.280547 152.020567 128.032069 113.007139 82.531586 55.390167 37.527632 338.736247 280.128288 217.175629 183.774110 125.614532 188.811212
91.350000 350.616579 253.106985 191.392980 152.112429 128.111321 113.078473 82.586790 55.430882 37.558701 338.925552 280.287091 217.301598 183.882614 125.692512 188.922353
91.400000 350.811954 253.251627 191.505411 152.204288 128.190572 113.149806 82.641992 55.471597 37.589769 339.114852 280.445890 217.427564 183.991117 125.770490 189.033491
91.450000 351.007324 253.396264 191.617838 152.296145 128.269821 113.221136 82.697193 55.512311 37.620837 339.304146 280.604684 217.553526 184.099616 125.848466 189.144626
91.500000 351.202687 253.540897 191.730262 152.388000 128.349068 113.292466 82.752393 55.553024 37.651905 339.493434 280.763474 217.679486 184.208112 125.926440 189.255759
91.550000 351.398045 253.685526 191.842683 152.479852 128.428312 113.363793 82.807592 55.593736 37.682972 339.682718 280.922260 217.805441 184.316605 126.004412 189.366888
91.600000 351.593398 253.830152 191.955101 152.571702 128.507555 113.435119 82.862790 55.634448 37.714039 339.871995 281.081040 217.931394 184.425096 126.082382 189.478014
91.650000 351.788745 253.974773 192.067516 152.663550 128.586796 113.506443 82.917986 55.675159 37.745106 340.061268 281.239817 218.057342 184.533584 126.160350 189.589138
91.700000 351.984086 254.119390 192.179928 152.755395 128.666035 113.577765 82.973182 55.715869 37.776172 340.250535 281.398589 218.183288 184.642069 126.238317 189.700258
91.750000 352.179421 254.264003 192.292338 152.847238 128.745273 113.649086 83.028376 55.756579 37.807238 340.439796 281.557356 218.309230 184.750551 126.316282 189.811376
91.800000 352.374751 254.408612 192.404744 152.939079 128.824508 113.720405 83.083569 55.797288 37.838304 340.629052 281.716119 218.435168 184.859030 126.394244 189.922490
91.850000 352.570075 254.553218 192.517147 153.030917 128.903741 113.791723 83.138761 55.837996 37.869369 340.818303 281.874878 218.561104 184.967506 126.472205 190.033602
91.900000 352.765394 254.697819 192.629547 153.122753 128.982972 113.863038 83.193952 55.878704 37.900433 341.007548 282.033632 218.687035 185.075980 126.550164 190.144711
91.950000 352.960707 254.842416 192.741944 153.214587 129.062202 113.934352 83.249142 55.919411 37.931498 341.196788 282.192382 218.812964 185.184450 126.628121 190.255816
92.000000 353.156014 254.987009 192.854339 153.306418 129.141429 114.005665 83.304330 55.960117 37.962562 341.386022 282.351127 218.938889 185.292918 126.706076 190.366919
92.050000 353.351316 255.131598 192.966730 153.398247 129.220655 114.076976 83.359517 56.000822 37.993625 341.575251 282.509868 219.064810 185.401383 126.784030 190.478019
92.100000 353.546613 255.276183 193.079119 153.490074 129.299879 114.148285 83.414704 56.041527 38.024688 341.764475 282.668604 219.190729 185.509845 126.861981 190.589116
92.150000 353.741903 255.420765 193.191504 153.581898 129.379101 114.219592 83.469889 56.082231 38.055751 341.953693 282.827336 219.316643 185.618304 126.939931 190.700210
92.200000 353.937188 255.565342 193.303886 153.673721 129.458321 114.290898 83.525073 56.122935 38.086814 342.142906 282.986064 219.442555 185.726761 127.017879 190.811302
92.250000 354.132468 255.709915 193.416266 153.765540 129.537539 114.362202 83.580255 56.163638 38.117876 342.332113 283.144787 219.568463 185.835214 127.095824 190.922390
92.300000 354.327742 255.854484 193.528642 153.857358 129.616755 114.433505 83.635437 56.204340 38.148937 342.521315 283.303505 219.694368 185.943665 127.173768 191.033475
92.350000 354.523010 255.999050 193.641016 153.949173 129.695969 114.504805 83.690617 56.245041 38.179998 342.710512 283.462220 219.820269 186.052113 127.251711 191.144558
92.400000 354.718273 256.143611 193.753387 154.040986 129.775181 114.576105 83.745797 56.285742 38.211059 342.899703 283.620930 219.946167 186.160558 127.329651 191.255637
