web/models/kne/3/Metzger_0.005553_0.175862_0.100000.dat
# %ECSV 0.9
# ---
# datatype:
# - {name: time, datatype: float64}
# - {name: sdss_u, datatype: float64}
# - {name: sdss_g, datatype: float64}
# - {name: sdss_r, datatype: float64}
# - {name: sdss_i, datatype: float64}
# - {name: sdss_z, datatype: float64}
# - {name: PS1_y, datatype: float64}
# - {name: ukirt_J, datatype: float64}
# - {name: ukirt_H, datatype: float64}
# - {name: ukirt_K, datatype: float64}
# - {name: johnson_U, datatype: float64}
# - {name: johnson_B, datatype: float64}
# - {name: johnson_V, datatype: float64}
# - {name: johnson_R, datatype: float64}
# - {name: johnson_I, datatype: float64}
# - {name: Clear, datatype: float64}
# meta: !!omap
# - comment: [vej = 0.17586206896551723, mej = 0.00555320171962985, Ye = 0.1, redshift = 0.0]
# schema: astropy-2.0
time sdss_u sdss_g sdss_r sdss_i sdss_z PS1_y ukirt_J ukirt_H ukirt_K johnson_U johnson_B johnson_V johnson_R johnson_I Clear
[from data line 2462]
123.200000 691.073640 505.661194 388.137000 313.214815 267.367512 238.615408 180.176136 127.918144 93.333031 668.856185 557.371031 437.498305 373.820758 262.743356 383.427898
123.250000 691.348323 505.864753 388.295402 313.344378 267.479399 238.716195 180.254310 127.976007 93.377371 669.122351 557.594437 437.675683 373.973653 262.853458 383.584488
123.300000 691.623001 506.068308 388.453801 313.473939 267.591285 238.816979 180.332482 128.033869 93.421710 669.388512 557.817839 437.853058 374.126545 262.963559 383.741076
123.350000 691.897675 506.271860 388.612197 313.603498 267.703168 238.917763 180.410653 128.091730 93.466049 669.654669 558.041238 438.030430 374.279435 263.073658 383.897661
123.400000 692.172343 506.475409 388.770591 313.733055 267.815050 239.018545 180.488823 128.149590 93.510388 669.920821 558.264633 438.207798 374.432322 263.183756 384.054244
123.450000 692.447007 506.678954 388.928982 313.862610 267.926930 239.119325 180.566992 128.207450 93.554726 670.186968 558.488025 438.385164 374.585207 263.293852 384.210824
123.500000 692.721667 506.882496 389.087371 313.992163 268.038808 239.220104 180.645160 128.265310 93.599064 670.453111 558.711412 438.562528 374.738090 263.403946 384.367402
123.550000 692.996322 507.086034 389.245757 314.121714 268.150685 239.320881 180.723327 128.323168 93.643401 670.719250 558.934796 438.739888 374.890970 263.514038 384.523977
123.600000 693.270972 507.289570 389.404141 314.251263 268.262560 239.421657 180.801493 128.381026 93.687738 670.985384 559.158176 438.917245 375.043847 263.624129 384.680550
123.650000 693.545617 507.493101 389.562522 314.380810 268.374433 239.522432 180.879658 128.438883 93.732074 671.251514 559.381553 439.094600 375.196723 263.734218 384.837120
123.700000 693.820258 507.696630 389.720901 314.510355 268.486305 239.623205 180.957821 128.496739 93.776410 671.517639 559.604925 439.271951 375.349595 263.844306 384.993688
123.750000 694.094894 507.900155 389.879277 314.639898 268.598175 239.723976 181.035984 128.554595 93.820745 671.783759 559.828294 439.449300 375.502466 263.954392 385.150253
123.800000 694.369526 508.103677 390.037650 314.769439 268.710043 239.824746 181.114145 128.612450 93.865080 672.049875 560.051660 439.626646 375.655333 264.064476 385.306816
123.850000 694.644153 508.307195 390.196021 314.898978 268.821910 239.925514 181.192306 128.670304 93.909414 672.315987 560.275021 439.803989 375.808199 264.174558 385.463376
123.900000 694.918775 508.510710 390.354390 315.028515 268.933775 240.026281 181.270465 128.728157 93.953748 672.582094 560.498379 439.981329 375.961062 264.284639 385.619934
123.950000 695.193393 508.714222 390.512756 315.158050 269.045638 240.127047 181.348623 128.786010 93.998081 672.848197 560.721733 440.158666 376.113923 264.394719 385.776489
124.000000 695.468006 508.917730 390.671119 315.287583 269.157499 240.227811 181.426781 128.843862 94.042414 673.114295 560.945084 440.336000 376.266781 264.504796 385.933042
124.050000 695.742614 509.121235 390.829480 315.417114 269.269359 240.328573 181.504937 128.901714 94.086747 673.380389 561.168430 440.513332 376.419636 264.614872 386.089592
124.100000 696.017218 509.324737 390.987839 315.546643 269.381217 240.429334 181.583092 128.959564 94.131079 673.646478 561.391773 440.690660 376.572490 264.724946 386.246140
124.150000 696.291817 509.528235 391.146194 315.676169 269.493074 240.530094 181.661246 129.017414 94.175410 673.912563 561.615113 440.867986 376.725341 264.835019 386.402685
124.200000 696.566411 509.731730 391.304548 315.805694 269.604928 240.630852 181.739398 129.075263 94.219742 674.178643 561.838448 441.045309 376.878189 264.945090 386.559228
124.250000 696.841001 509.935221 391.462899 315.935217 269.716782 240.731608 181.817550 129.133112 94.264072 674.444719 562.061780 441.222629 377.031035 265.055159 386.715768
124.300000 697.115586 510.138710 391.621247 316.064738 269.828633 240.832363 181.895701 129.190960 94.308402 674.710790 562.285109 441.399946 377.183879 265.165227 386.872306
124.350000 697.390167 510.342195 391.779593 316.194257 269.940483 240.933117 181.973851 129.248807 94.352732 674.976857 562.508433 441.577260 377.336720 265.275293 387.028841
124.400000 697.664743 510.545676 391.937936 316.323774 270.052331 241.033869 182.051999 129.306653 94.397061 675.242919 562.731754 441.754572 377.489559 265.385357 387.185374
124.450000 697.939314 510.749155 392.096277 316.453289 270.164177 241.134620 182.130147 129.364499 94.441390 675.508977 562.955071 441.931880 377.642395 265.495420 387.341904
124.500000 698.213881 510.952629 392.254615 316.582801 270.276022 241.235369 182.208293 129.422344 94.485718 675.775031 563.178385 442.109186 377.795229 265.605481 387.498432
124.550000 698.488443 511.156101 392.412950 316.712312 270.387865 241.336117 182.286438 129.480188 94.530046 676.041080 563.401694 442.286489 377.948060 265.715541 387.654957
124.600000 698.763001 511.359569 392.571284 316.841821 270.499706 241.436863 182.364583 129.538032 94.574374 676.307124 563.625000 442.463789 378.100889 265.825598 387.811480
124.650000 699.037554 511.563034 392.729614 316.971328 270.611546 241.537607 182.442726 129.595875 94.618701 676.573164 563.848303 442.641086 378.253716 265.935654 387.968000
124.700000 699.312102 511.766496 392.887942 317.100833 270.723383 241.638351 182.520868 129.653717 94.663027 676.839200 564.071602 442.818380 378.406540 266.045709 388.124518
124.750000 699.586646 511.969954 393.046268 317.230336 270.835220 241.739092 182.599009 129.711558 94.707353 677.105231 564.294897 442.995671 378.559362 266.155762 388.281034
124.800000 699.861185 512.173409 393.204591 317.359837 270.947054 241.839833 182.677149 129.769399 94.751679 677.371258 564.518188 443.172960 378.712181 266.265813 388.437547
124.850000 700.135719 512.376861 393.362912 317.489336 271.058887 241.940571 182.755288 129.827239 94.796004 677.637280 564.741476 443.350245 378.864998 266.375862 388.594057
124.900000 700.410249 512.580309 393.521230 317.618833 271.170718 242.041309 182.833426 129.885078 94.840328 677.903298 564.964760 443.527528 379.017813 266.485910 388.750565
124.950000 700.684775 512.783754 393.679545 317.748327 271.282548 242.142045 182.911562 129.942917 94.884653 678.169311 565.188040 443.704808 379.170625 266.595957 388.907070
125.000000 700.959296 512.987196 393.837858 317.877820 271.394376 242.242779 182.989698 130.000755 94.928976 678.435320 565.411317 443.882085 379.323435 266.706001 389.063573
125.050000 701.233812 513.190634 393.996169 318.007311 271.506202 242.343512 183.067833 130.058592 94.973299 678.701325 565.634590 444.059360 379.476242 266.816044 389.220074
125.100000 701.508323 513.394069 394.154477 318.136800 271.618027 242.444243 183.145966 130.116429 95.017622 678.967325 565.857859 444.236631 379.629047 266.926086 389.376572
125.150000 701.782830 513.597501 394.312783 318.266287 271.729850 242.544973 183.224099 130.174264 95.061944 679.233321 566.081125 444.413900 379.781850 267.036125 389.533068
125.200000 702.057333 513.800930 394.471086 318.395772 271.841671 242.645702 183.302230 130.232100 95.106266 679.499312 566.304387 444.591165 379.934650 267.146163 389.689561
125.250000 702.331831 514.004355 394.629386 318.525255 271.953490 242.746429 183.380361 130.289934 95.150588 679.765299 566.527645 444.768428 380.087448 267.256200 389.846051
125.300000 702.606324 514.207777 394.787684 318.654736 272.065308 242.847154 183.458490 130.347768 95.194909 680.031281 566.750900 444.945688 380.240243 267.366235 390.002540
125.350000 702.880812 514.411195 394.945980 318.784215 272.177124 242.947878 183.536618 130.405601 95.239229 680.297259 566.974151 445.122946 380.393036 267.476268 390.159025
125.400000 703.155297 514.614610 395.104273 318.913692 272.288939 243.048601 183.614745 130.463433 95.283549 680.563233 567.197398 445.300200 380.545827 267.586299 390.315509
125.450000 703.429776 514.818022 395.262563 319.043167 272.400752 243.149322 183.692871 130.521264 95.327869 680.829202 567.420642 445.477452 380.698615 267.696329 390.471990
125.500000 703.704251 515.021431 395.420852 319.172640 272.512563 243.250042 183.770996 130.579095 95.372188 681.095167 567.643882 445.654700 380.851401 267.806357 390.628468
125.550000 703.978722 515.224836 395.579137 319.302111 272.624372 243.350760 183.849120 130.636926 95.416506 681.361127 567.867118 445.831946 381.004184 267.916384 390.784944
125.600000 704.253187 515.428238 395.737420 319.431581 272.736180 243.451477 183.927243 130.694755 95.460824 681.627083 568.090351 446.009189 381.156965 268.026409 390.941417
125.650000 704.527649 515.631637 395.895701 319.561048 272.847987 243.552192 184.005365 130.752584 95.505142 681.893034 568.313580 446.186430 381.309744 268.136432 391.097888
125.700000 704.802105 515.835033 396.053979 319.690513 272.959791 243.652906 184.083486 130.810412 95.549459 682.158982 568.536806 446.363667 381.462520 268.246454 391.254357
125.750000 705.076558 516.038425 396.212255 319.819976 273.071594 243.753618 184.161606 130.868239 95.593776 682.424924 568.760027 446.540902 381.615294 268.356474 391.410823
125.800000 705.351005 516.241814 396.370528 319.949437 273.183395 243.854329 184.239724 130.926066 95.638092 682.690863 568.983246 446.718133 381.768065 268.466493 391.567286
125.850000 705.625448 516.445199 396.528798 320.078897 273.295195 243.955038 184.317842 130.983892 95.682408 682.956796 569.206460 446.895362 381.920834 268.576510 391.723747
125.900000 705.899887 516.648581 396.687066 320.208354 273.406993 244.055746 184.395958 131.041717 95.726724 683.222726 569.429671 447.072589 382.073601 268.686525 391.880206
125.950000 706.174321 516.851960 396.845332 320.337809 273.518789 244.156453 184.474074 131.099542 95.771039 683.488651 569.652878 447.249812 382.226365 268.796538 392.036662
126.000000 706.448750 517.055336 397.003595 320.467262 273.630584 244.257158 184.552188 131.157366 95.815353 683.754572 569.876082 447.427032 382.379127 268.906550 392.193116
126.050000 706.723175 517.258709 397.161856 320.596714 273.742376 244.357862 184.630302 131.215189 95.859667 684.020488 570.099282 447.604250 382.531886 269.016561 392.349568
126.100000 706.997596 517.462078 397.320114 320.726163 273.854168 244.458564 184.708414 131.273011 95.903981 684.286400 570.322478 447.781465 382.684643 269.126569 392.506016
126.150000 707.272011 517.665444 397.478370 320.855611 273.965957 244.559264 184.786525 131.330833 95.948294 684.552307 570.545671 447.958677 382.837398 269.236576 392.662463
126.200000 707.546423 517.868806 397.636623 320.985056 274.077745 244.659963 184.864635 131.388654 95.992606 684.818211 570.768860 448.135886 382.990150 269.346582 392.818907
126.250000 707.820829 518.072166 397.794874 321.114499 274.189532 244.760661 184.942744 131.446475 96.036919 685.084109 570.992046 448.313093 383.142900 269.456586 392.975348
126.300000 708.095232 518.275522 397.953122 321.243941 274.301316 244.861357 185.020852 131.504294 96.081230 685.350004 571.215227 448.490296 383.295648 269.566588 393.131788
126.350000 708.369629 518.478875 398.111368 321.373381 274.413099 244.962052 185.098960 131.562113 96.125542 685.615894 571.438406 448.667497 383.448393 269.676589 393.288224
126.400000 708.644022 518.682224 398.269612 321.502818 274.524881 245.062746 185.177065 131.619932 96.169852 685.881779 571.661580 448.844695 383.601136 269.786588 393.444658
126.450000 708.918411 518.885570 398.427853 321.632254 274.636660 245.163438 185.255170 131.677749 96.214163 686.147661 571.884751 449.021890 383.753876 269.896585 393.601090
126.500000 709.192795 519.088913 398.586091 321.761687 274.748438 245.264128 185.333274 131.735566 96.258473 686.413538 572.107919 449.199083 383.906615 270.006581 393.757520
126.550000 709.467175 519.292253 398.744327 321.891119 274.860215 245.364817 185.411377 131.793382 96.302782 686.679410 572.331082 449.376272 384.059350 270.116575 393.913946
126.600000 709.741550 519.495589 398.902560 322.020549 274.971990 245.465505 185.489479 131.851198 96.347091 686.945278 572.554242 449.553459 384.212084 270.226567 394.070371
126.650000 710.015920 519.698923 399.060792 322.149977 275.083763 245.566191 185.567579 131.909013 96.391399 687.211142 572.777399 449.730643 384.364815 270.336558 394.226793
126.700000 710.290286 519.902253 399.219020 322.279403 275.195534 245.666875 185.645679 131.966827 96.435707 687.477001 573.000552 449.907824 384.517543 270.446548 394.383213
126.750000 710.564648 520.105579 399.377246 322.408826 275.307304 245.767559 185.723778 132.024640 96.480015 687.742856 573.223701 450.085002 384.670269 270.556535 394.539630
126.800000 710.839005 520.308903 399.535470 322.538248 275.419072 245.868240 185.801875 132.082453 96.524322 688.008707 573.446847 450.262178 384.822993 270.666521 394.696045
126.850000 711.113357 520.512223 399.693691 322.667668 275.530839 245.968921 185.879972 132.140265 96.568629 688.274554 573.669989 450.439351 384.975715 270.776506 394.852457
126.900000 711.387705 520.715540 399.851910 322.797086 275.642604 246.069599 185.958067 132.198076 96.612935 688.540396 573.893127 450.616521 385.128434 270.886488 395.008867
126.950000 711.662049 520.918853 400.010126 322.926502 275.754367 246.170277 186.036161 132.255887 96.657241 688.806233 574.116262 450.793688 385.281151 270.996470 395.165274
127.000000 711.936388 521.122164 400.168340 323.055916 275.866128 246.270953 186.114255 132.313697 96.701546 689.072066 574.339394 450.970852 385.433865 271.106449 395.321679
127.050000 712.210723 521.325471 400.326551 323.185329 275.977888 246.371627 186.192347 132.371506 96.745851 689.337895 574.562521 451.148014 385.586577 271.216427 395.478082
127.100000 712.485053 521.528775 400.484760 323.314739 276.089647 246.472300 186.270438 132.429315 96.790155 689.603720 574.785645 451.325173 385.739287 271.326404 395.634482
127.150000 712.759378 521.732076 400.642966 323.444147 276.201403 246.572972 186.348528 132.487122 96.834459 689.869540 575.008766 451.502329 385.891994 271.436378 395.790880
127.200000 713.033699 521.935373 400.801170 323.573553 276.313158 246.673642 186.426617 132.544930 96.878763 690.135356 575.231883 451.679482 386.044699 271.546352 395.947275
127.250000 713.308016 522.138667 400.959372 323.702958 276.424912 246.774311 186.504706 132.602736 96.923066 690.401168 575.454996 451.856632 386.197402 271.656323 396.103668
127.300000 713.582328 522.341958 401.117571 323.832360 276.536664 246.874978 186.582793 132.660542 96.967368 690.666975 575.678106 452.033780 386.350102 271.766293 396.260058
127.350000 713.856635 522.545246 401.275768 323.961760 276.648414 246.975644 186.660878 132.718347 97.011670 690.932778 575.901212 452.210925 386.502800 271.876261 396.416447
127.400000 714.130938 522.748530 401.433962 324.091159 276.760162 247.076308 186.738963 132.776151 97.055972 691.198576 576.124315 452.388067 386.655495 271.986228 396.572832
127.450000 714.405237 522.951811 401.592153 324.220555 276.871909 247.176971 186.817047 132.833955 97.100273 691.464371 576.347414 452.565206 386.808189 272.096193 396.729215
127.500000 714.679531 523.155089 401.750343 324.349950 276.983654 247.277633 186.895130 132.891758 97.144574 691.730160 576.570509 452.742343 386.960879 272.206157 396.885596
127.550000 714.953821 523.358364 401.908530 324.479343 277.095398 247.378293 186.973212 132.949560 97.188874 691.995946 576.793601 452.919477 387.113568 272.316119 397.041975
127.600000 715.228106 523.561636 402.066714 324.608734 277.207140 247.478952 187.051293 133.007362 97.233174 692.261727 577.016689 453.096608 387.266254 272.426079 397.198351
127.650000 715.502387 523.764904 402.224896 324.738122 277.318880 247.579609 187.129372 133.065163 97.277474 692.527504 577.239774 453.273736 387.418938 272.536038 397.354724
