web/models/kne/3/Metzger_0.001000_0.289310_0.100000.dat
# %ECSV 0.9
# ---
# datatype:
# - {name: time, datatype: float64}
# - {name: sdss_u, datatype: float64}
# - {name: sdss_g, datatype: float64}
# - {name: sdss_r, datatype: float64}
# - {name: sdss_i, datatype: float64}
# - {name: sdss_z, datatype: float64}
# - {name: PS1_y, datatype: float64}
# - {name: ukirt_J, datatype: float64}
# - {name: ukirt_H, datatype: float64}
# - {name: ukirt_K, datatype: float64}
# - {name: johnson_U, datatype: float64}
# - {name: johnson_B, datatype: float64}
# - {name: johnson_V, datatype: float64}
# - {name: johnson_R, datatype: float64}
# - {name: johnson_I, datatype: float64}
# - {name: Clear, datatype: float64}
# meta: !!omap
# - comment: [vej = 0.2893103448275862, mej = 0.001, Ye = 0.1, redshift = 0.0]
# schema: astropy-2.0
time sdss_u sdss_g sdss_r sdss_i sdss_z PS1_y ukirt_J ukirt_H ukirt_K johnson_U johnson_B johnson_V johnson_R johnson_I Clear
[from data line 2546]
127.400000 nan nan nan 671.047412 576.555198 517.254434 396.584281 288.431488 216.631700 nan nan nan nan 567.020395 nan
127.450000 nan nan nan 671.304630 576.777445 517.454720 396.739829 288.546854 216.720312 nan nan nan nan 567.239112 nan
127.500000 nan nan nan 671.561843 576.999689 517.655002 396.895375 288.662219 216.808924 nan nan nan nan 567.457826 nan
127.550000 nan nan nan 671.819052 577.221929 517.855282 397.050919 288.777582 216.897534 nan nan nan nan 567.676536 nan
127.600000 nan nan nan 672.076257 577.444165 518.055558 397.206460 288.892943 216.986144 nan nan nan nan 567.895242 nan
127.650000 nan nan nan 672.333458 577.666397 518.255831 397.361999 289.008302 217.074751 nan nan nan nan 568.113944 nan
127.700000 nan nan nan 672.590654 577.888626 518.456100 397.517536 289.123659 217.163358 nan nan nan nan 568.332643 nan
127.750000 nan nan nan 672.847846 578.110851 518.656367 397.673069 289.239015 217.251963 nan nan nan nan 568.551339 nan
127.800000 nan nan nan 673.105033 578.333073 518.856630 397.828601 289.354369 217.340567 nan nan nan nan 568.770030 nan
127.850000 nan nan nan 673.362217 578.555291 519.056890 397.984130 289.469721 217.429170 nan nan nan nan 568.988718 nan
127.900000 nan nan nan 673.619396 578.777505 519.257146 398.139656 289.585072 217.517772 nan nan nan nan 569.207403 nan
127.950000 nan nan nan 673.876571 578.999715 519.457399 398.295180 289.700421 217.606372 nan nan nan nan 569.426084 nan
128.000000 nan nan nan 674.133741 579.221922 519.657649 398.450701 289.815768 217.694971 nan nan nan nan 569.644761 nan
128.050000 nan nan nan 674.390907 579.444126 519.857896 398.606220 289.931113 217.783568 nan nan nan nan 569.863435 nan
128.100000 nan nan nan 674.648069 579.666325 520.058140 398.761737 290.046457 217.872165 nan nan nan nan 570.082105 nan
128.150000 nan nan nan 674.905227 579.888521 520.258380 398.917251 290.161798 217.960760 nan nan nan nan 570.300772 nan
128.200000 nan nan nan 675.162380 580.110713 520.458617 399.072763 290.277138 218.049354 nan nan nan nan 570.519435 nan
128.250000 nan nan nan 675.419529 580.332902 520.658850 399.228272 290.392477 218.137946 nan nan nan nan 570.738094 nan
128.300000 nan nan nan 675.676674 580.555087 520.859081 399.383778 290.507813 218.226538 nan nan nan nan 570.956750 nan
128.350000 nan nan nan 675.933814 580.777268 521.059308 399.539283 290.623148 218.315128 nan nan nan nan 571.175402 nan
128.400000 nan nan nan 676.190950 580.999446 521.259532 399.694784 290.738481 218.403716 nan nan nan nan 571.394051 nan
128.450000 nan nan nan 676.448082 581.221620 521.459752 399.850284 290.853812 218.492304 nan nan nan nan 571.612696 nan
128.500000 nan nan nan 676.705210 581.443790 521.659970 400.005781 290.969142 218.580890 nan nan nan nan 571.831337 nan
128.550000 nan nan nan 676.962333 581.665957 521.860184 400.161275 291.084470 218.669475 nan nan nan nan 572.049975 nan
128.600000 nan nan nan 677.219453 581.888120 522.060395 400.316767 291.199796 218.758059 nan nan nan nan 572.268609 nan
128.650000 nan nan nan 677.476568 582.110279 522.260602 400.472256 291.315120 218.846641 nan nan nan nan 572.487240 nan
128.700000 nan nan nan 677.733678 582.332435 522.460807 400.627743 291.430443 218.935223 nan nan nan nan 572.705867 nan
128.750000 nan nan nan 677.990785 582.554587 522.661008 400.783228 291.545764 219.023803 nan nan nan nan 572.924491 nan
128.800000 nan nan nan 678.247887 582.776736 522.861206 400.938710 291.661083 219.112381 nan nan nan nan 573.143111 nan
128.850000 nan nan nan 678.504985 582.998880 523.061400 401.094190 291.776400 219.200959 nan nan nan nan 573.361727 nan
128.900000 nan nan nan 678.762078 583.221022 523.261592 401.249667 291.891716 219.289535 nan nan nan nan 573.580340 nan
128.950000 nan nan nan 679.019168 583.443159 523.461780 401.405142 292.007030 219.378110 nan nan nan nan 573.798949 nan
129.000000 nan nan nan 679.276253 583.665293 523.661965 401.560614 292.122342 219.466683 nan nan nan nan 574.017555 nan
129.050000 nan nan nan 679.533334 583.887424 523.862147 401.716084 292.237653 219.555256 nan nan nan nan 574.236157 nan
129.100000 nan nan nan 679.790410 584.109550 524.062325 401.871552 292.352961 219.643827 nan nan nan nan 574.454756 nan
129.150000 nan nan nan 680.047483 584.331674 524.262500 402.027017 292.468268 219.732397 nan nan nan nan 574.673351 nan
129.200000 nan nan nan 680.304551 584.553793 524.462672 402.182479 292.583574 219.820965 nan nan nan nan 574.891942 nan
129.250000 nan nan nan 680.561615 584.775909 524.662841 402.337939 292.698877 219.909533 nan nan nan nan 575.110530 nan
129.300000 nan nan nan 680.818674 584.998021 524.863007 402.493397 292.814179 219.998099 nan nan nan nan 575.329114 nan
129.350000 nan nan nan 681.075730 585.220130 525.063169 402.648852 292.929479 220.086664 nan nan nan nan 575.547695 nan
129.400000 nan nan nan 681.332781 585.442235 525.263328 402.804305 293.044778 220.175227 nan nan nan nan 575.766272 nan
129.450000 nan nan nan 681.589828 585.664336 525.463484 402.959756 293.160074 220.263790 nan nan nan nan 575.984846 nan
129.500000 nan nan nan 681.846871 585.886434 525.663637 403.115203 293.275369 220.352351 nan nan nan nan 576.203416 nan
129.550000 nan nan nan 682.103909 586.108528 525.863786 403.270649 293.390662 220.440911 nan nan nan nan 576.421983 nan
129.600000 nan nan nan 682.360944 586.330619 526.063932 403.426092 293.505954 220.529469 nan nan nan nan 576.640546 nan
129.650000 nan nan nan 682.617974 586.552706 526.264075 403.581533 293.621243 220.618027 nan nan nan nan 576.859105 nan
129.700000 nan nan nan 682.874999 586.774789 526.464215 403.736971 293.736532 220.706583 nan nan nan nan 577.077661 nan
129.750000 nan nan nan 683.132021 586.996869 526.664351 403.892407 293.851818 220.795137 nan nan nan nan 577.296214 nan
129.800000 nan nan nan 683.389039 587.218945 526.864485 404.047840 293.967102 220.883691 nan nan nan nan 577.514763 nan
129.850000 nan nan nan 683.646052 587.441018 527.064615 404.203271 294.082385 220.972243 nan nan nan nan 577.733308 nan
129.900000 nan nan nan 683.903061 587.663087 527.264742 404.358700 294.197666 221.060794 nan nan nan nan 577.951850 nan
129.950000 nan nan nan 684.160066 587.885152 527.464865 404.514126 294.312946 221.149344 nan nan nan nan 578.170388 nan
130.000000 nan nan nan 684.417066 588.107214 527.664986 404.669549 294.428224 221.237893 nan nan nan nan 578.388923 nan
130.050000 nan nan nan 684.674063 588.329272 527.865103 404.824971 294.543500 221.326440 nan nan nan nan 578.607454 nan
130.100000 nan nan nan 684.931055 588.551327 528.065217 404.980390 294.658774 221.414986 nan nan nan nan 578.825982 nan
130.150000 nan nan nan 685.188043 588.773378 528.265328 405.135806 294.774046 221.503531 nan nan nan nan 579.044506 nan
130.200000 nan nan nan 685.445027 588.995425 528.465436 405.291220 294.889317 221.592075 nan nan nan nan 579.263027 nan
130.250000 nan nan nan 685.702006 589.217469 528.665540 405.446632 295.004586 221.680617 nan nan nan nan 579.481544 nan
130.300000 nan nan nan 685.958982 589.439509 528.865642 405.602041 295.119854 221.769158 nan nan nan nan 579.700058 nan
130.350000 nan nan nan 686.215953 589.661546 529.065740 405.757447 295.235119 221.857698 nan nan nan nan 579.918568 nan
130.400000 nan nan nan 686.472920 589.883579 529.265834 405.912852 295.350383 221.946237 nan nan nan nan 580.137074 nan
130.450000 nan nan nan 686.729883 590.105609 529.465926 406.068254 295.465646 222.034774 nan nan nan nan 580.355577 nan
130.500000 nan nan nan 686.986841 590.327635 529.666015 406.223653 295.580906 222.123310 nan nan nan nan 580.574077 nan
130.550000 nan nan nan 687.243796 590.549657 529.866100 406.379050 295.696165 222.211845 nan nan nan nan 580.792573 nan
130.600000 nan nan nan 687.500746 590.771676 530.066182 406.534445 295.811422 222.300379 nan nan nan nan 581.011066 nan
130.650000 nan nan nan 687.757692 590.993691 530.266261 406.689837 295.926678 222.388911 nan nan nan nan 581.229555 nan
130.700000 nan nan nan 688.014634 591.215703 530.466337 406.845227 296.041932 222.477442 nan nan nan nan 581.448040 nan
130.750000 nan nan nan 688.271572 591.437711 530.666409 407.000615 296.157184 222.565972 nan nan nan nan 581.666522 nan
130.800000 nan nan nan 688.528505 591.659716 530.866479 407.156000 296.272434 222.654501 nan nan nan nan 581.885001 nan
130.850000 nan nan nan 688.785435 591.881717 531.066545 407.311382 296.387682 222.743028 nan nan nan nan 582.103476 nan
130.900000 nan nan nan 689.042360 592.103714 531.266608 407.466763 296.502929 222.831554 nan nan nan nan 582.321947 nan
130.950000 nan nan nan 689.299281 592.325708 531.466668 407.622140 296.618175 222.920079 nan nan nan nan 582.540415 nan
131.000000 nan nan nan 689.556198 592.547698 531.666724 407.777516 296.733418 223.008603 nan nan nan nan 582.758879 nan
131.050000 nan nan nan 689.813111 592.769685 531.866778 407.932889 296.848660 223.097126 nan nan nan nan 582.977340 nan
131.100000 nan nan nan 690.070019 592.991668 532.066828 408.088260 296.963900 223.185647 nan nan nan nan 583.195798 nan
131.150000 nan nan nan 690.326923 593.213648 532.266875 408.243628 297.079138 223.274167 nan nan nan nan 583.414252 nan
131.200000 nan nan nan 690.583824 593.435624 532.466919 408.398994 297.194375 223.362686 nan nan nan nan 583.632702 nan
131.250000 nan nan nan 690.840720 593.657596 532.666960 408.554357 297.309610 223.451203 nan nan nan nan 583.851150 nan
131.300000 nan nan nan 691.097612 593.879565 532.866997 408.709718 297.424843 223.539720 nan nan nan nan 584.069593 nan
131.350000 nan nan nan 691.354499 594.101531 533.067032 408.865077 297.540075 223.628235 nan nan nan nan 584.288033 nan
131.400000 nan nan nan 691.611383 594.323492 533.267063 409.020433 297.655305 223.716748 nan nan nan nan 584.506470 nan
131.450000 nan nan nan 691.868262 594.545451 533.467091 409.175787 297.770533 223.805261 nan nan nan nan 584.724903 nan
131.500000 nan nan nan 692.125138 594.767406 533.667116 409.331139 297.885760 223.893772 nan nan nan nan 584.943332 nan
131.550000 nan nan nan 692.382009 594.989357 533.867138 409.486488 298.000985 223.982283 nan nan nan nan 585.161758 nan
131.600000 nan nan nan 692.638876 595.211304 534.067156 409.641834 298.116208 224.070791 nan nan nan nan 585.380181 nan
131.650000 nan nan nan 692.895739 595.433249 534.267172 409.797179 298.231429 224.159299 nan nan nan nan 585.598600 nan
131.700000 nan nan nan 693.152598 595.655189 534.467184 409.952521 298.346649 224.247806 nan nan nan nan 585.817016 nan
131.750000 nan nan nan 693.409452 595.877126 534.667193 410.107860 298.461867 224.336311 nan nan nan nan 586.035428 nan
131.800000 nan nan nan 693.666303 596.099060 534.867199 410.263197 298.577083 224.424815 nan nan nan nan 586.253837 nan
131.850000 nan nan nan 693.923149 596.320990 535.067202 410.418532 298.692298 224.513318 nan nan nan nan 586.472242 nan
131.900000 nan nan nan 694.179991 596.542916 535.267202 410.573865 298.807511 224.601819 nan nan nan nan 586.690644 nan
131.950000 nan nan nan 694.436829 596.764839 535.467198 410.729195 298.922722 224.690319 nan nan nan nan 586.909042 nan
132.000000 nan nan nan 694.693663 596.986759 535.667192 410.884522 299.037932 224.778818 nan nan nan nan 587.127437 nan
132.050000 nan nan nan 694.950493 597.208675 535.867182 411.039848 299.153140 224.867316 nan nan nan nan 587.345828 nan
132.100000 nan nan nan 695.207319 597.430587 536.067169 411.195171 299.268346 224.955813 nan nan nan nan 587.564216 nan
132.150000 nan nan nan 695.464140 597.652496 536.267153 411.350491 299.383551 225.044308 nan nan nan nan 587.782601 nan
132.200000 nan nan nan 695.720958 597.874401 536.467134 411.505809 299.498753 225.132802 nan nan nan nan 588.000982 nan
132.250000 nan nan nan 695.977771 598.096303 536.667111 411.661125 299.613955 225.221295 nan nan nan nan 588.219359 nan
132.300000 nan nan nan 696.234580 598.318201 536.867086 411.816438 299.729154 225.309787 nan nan nan nan 588.437734 nan
132.350000 nan nan nan 696.491385 598.540096 537.067057 411.971749 299.844352 225.398278 nan nan nan nan 588.656104 nan
132.400000 nan nan nan 696.748186 598.761987 537.267026 412.127058 299.959548 225.486767 nan nan nan nan 588.874471 nan
132.450000 nan nan nan 697.004983 598.983875 537.466991 412.282364 300.074743 225.575255 nan nan nan nan 589.092835 nan
132.500000 nan nan nan 697.261776 599.205759 537.666953 412.437668 300.189935 225.663742 nan nan nan nan 589.311195 nan
132.550000 nan nan nan 697.518564 599.427640 537.866911 412.592970 300.305126 225.752227 nan nan nan nan 589.529552 nan
132.600000 nan nan nan 697.775349 599.649517 538.066867 412.748269 300.420316 225.840712 nan nan nan nan 589.747906 nan
132.650000 nan nan nan 698.032129 599.871391 538.266820 412.903566 300.535504 225.929195 nan nan nan nan 589.966256 nan
132.700000 nan nan nan 698.288906 600.093261 538.466769 413.058860 300.650690 226.017677 nan nan nan nan 590.184602 nan
132.750000 nan nan nan 698.545678 600.315128 538.666715 413.214152 300.765874 226.106158 nan nan nan nan 590.402945 nan
132.800000 nan nan nan 698.802446 600.536991 538.866659 413.369442 300.881057 226.194637 nan nan nan nan 590.621285 nan
132.850000 nan nan nan 699.059210 600.758851 539.066599 413.524729 300.996238 226.283115 nan nan nan nan 590.839621 nan
132.900000 nan nan nan 699.315970 600.980707 539.266536 413.680015 301.111417 226.371592 nan nan nan nan 591.057954 nan
132.950000 nan nan nan 699.572726 601.202560 539.466469 413.835297 301.226595 226.460068 nan nan nan nan 591.276283 nan
133.000000 nan nan nan 699.829478 601.424409 539.666400 413.990577 301.341771 226.548543 nan nan nan nan 591.494609 nan
133.050000 nan nan nan 700.086225 601.646255 539.866328 414.145855 301.456945 226.637016 nan nan nan nan 591.712931 nan
133.100000 nan nan nan 700.342969 601.868097 540.066252 414.301131 301.572118 226.725488 nan nan nan nan 591.931250 nan
133.150000 nan nan nan 700.599708 602.089936 540.266174 414.456404 301.687289 226.813959 nan nan nan nan 592.149566 nan
133.200000 nan nan nan 700.856444 602.311771 540.466092 414.611675 301.802458 226.902429 nan nan nan nan 592.367878 nan
133.250000 nan nan nan 701.113175 602.533603 540.666007 414.766944 301.917626 226.990898 nan nan nan nan 592.586187 nan
133.300000 nan nan nan 701.369902 602.755431 540.865919 414.922210 302.032792 227.079365 nan nan nan nan 592.804492 nan
133.350000 nan nan nan 701.626626 602.977256 541.065828 415.077474 302.147956 227.167831 nan nan nan nan 593.022794 nan
133.400000 nan nan nan 701.883345 603.199078 541.265734 415.232735 302.263119 227.256296 nan nan nan nan 593.241092 nan
133.450000 nan nan nan 702.140060 603.420895 541.465636 415.387994 302.378280 227.344760 nan nan nan nan 593.459387 nan
133.500000 nan nan nan 702.396771 603.642710 541.665536 415.543251 302.493439 227.433222 nan nan nan nan 593.677679 nan
133.550000 nan nan nan 702.653478 603.864521 541.865432 415.698505 302.608597 227.521684 nan nan nan nan 593.895967 nan
133.600000 nan nan nan 702.910180 604.086328 542.065326 415.853757 302.723753 227.610144 nan nan nan nan 594.114252 nan
133.650000 nan nan nan 703.166879 604.308132 542.265216 416.009007 302.838907 227.698602 nan nan nan nan 594.332533 nan
133.700000 nan nan nan 703.423574 604.529932 542.465103 416.164255 302.954059 227.787060 nan nan nan nan 594.550811 nan
133.750000 nan nan nan 703.680264 604.751729 542.664987 416.319500 303.069210 227.875517 nan nan nan nan 594.769086 nan
133.800000 nan nan nan 703.936951 604.973523 542.864868 416.474742 303.184360 227.963972 nan nan nan nan 594.987357 nan
133.850000 nan nan nan 704.193634 605.195313 543.064746 416.629983 303.299507 228.052426 nan nan nan nan 595.205625 nan
133.900000 nan nan nan 704.450312 605.417100 543.264621 416.785221 303.414653 228.140879 nan nan nan nan 595.423889 nan
133.950000 nan nan nan 704.706986 605.638883 543.464492 416.940456 303.529798 228.229330 nan nan nan nan 595.642150 nan
