web/models/kne/3/Metzger_0.001535_0.256897_0.450000.dat
# %ECSV 0.9
# ---
# datatype:
# - {name: time, datatype: float64}
# - {name: sdss_u, datatype: float64}
# - {name: sdss_g, datatype: float64}
# - {name: sdss_r, datatype: float64}
# - {name: sdss_i, datatype: float64}
# - {name: sdss_z, datatype: float64}
# - {name: PS1_y, datatype: float64}
# - {name: ukirt_J, datatype: float64}
# - {name: ukirt_H, datatype: float64}
# - {name: ukirt_K, datatype: float64}
# - {name: johnson_U, datatype: float64}
# - {name: johnson_B, datatype: float64}
# - {name: johnson_V, datatype: float64}
# - {name: johnson_R, datatype: float64}
# - {name: johnson_I, datatype: float64}
# - {name: Clear, datatype: float64}
# meta: !!omap
# - comment: [vej = 0.25689655172413794, mej = 0.0015350971392881912, Ye = 0.45, redshift = 0.0]
# schema: astropy-2.0
time sdss_u sdss_g sdss_r sdss_i sdss_z PS1_y ukirt_J ukirt_H ukirt_K johnson_U johnson_B johnson_V johnson_R johnson_I Clear
[from data line 495]
24.850000 247.197336 177.036683 132.686728 104.495247 87.291079 76.526660 54.730222 35.384249 22.711909 238.781363 196.584930 151.298584 127.293853 85.558412 130.912551
24.900000 247.698188 177.407136 132.974391 104.730038 87.493462 76.708691 54.870796 35.487584 22.790452 239.266600 196.991772 151.621037 127.571420 85.757524 131.196893
24.950000 248.198975 177.777544 133.262020 104.964802 87.695824 76.890704 55.011356 35.590913 22.868992 239.751774 197.398562 151.943452 127.848954 85.956614 131.481202
25.000000 248.699697 178.147906 133.549615 105.199541 87.898164 77.072699 55.151905 35.694235 22.947529 240.236885 197.805302 152.265827 128.126456 86.155684 131.765477
25.050000 249.200354 178.518222 133.837176 105.434253 88.100483 77.254675 55.292441 35.797550 23.026062 240.721934 198.211991 152.588164 128.403926 86.354733 132.049719
25.100000 249.700948 178.888493 134.124704 105.668940 88.302781 77.436633 55.432964 35.900858 23.104592 241.206921 198.618628 152.910462 128.681364 86.553762 132.333929
25.150000 250.201477 179.258718 134.412199 105.903600 88.505058 77.618573 55.573476 36.004159 23.183118 241.691846 199.025216 153.232722 128.958770 86.752769 132.618105
25.200000 250.701942 179.628898 134.699660 106.138235 88.707313 77.800495 55.713975 36.107453 23.261641 242.176710 199.431752 153.554944 129.236143 86.951756 132.902248
25.250000 251.202343 179.999033 134.987088 106.372845 88.909548 77.982399 55.854462 36.210740 23.340161 242.661512 199.838239 153.877127 129.513485 87.150723 133.186359
25.300000 251.702681 180.369123 135.274483 106.607428 89.111762 78.164284 55.994937 36.314021 23.418678 243.146252 200.244675 154.199272 129.790796 87.349669 133.470437
25.350000 252.202955 180.739168 135.561844 106.841986 89.313954 78.346151 56.135400 36.417295 23.497191 243.630931 200.651061 154.521379 130.068074 87.548594 133.754482
25.400000 252.703166 181.109169 135.849173 107.076519 89.516126 78.528001 56.275850 36.520561 23.575701 244.115550 201.057398 154.843448 130.345321 87.747499 134.038495
25.450000 253.203314 181.479124 136.136469 107.311026 89.718277 78.709832 56.416289 36.623821 23.654207 244.600107 201.463684 155.165479 130.622537 87.946384 134.322475
25.500000 253.703399 181.849036 136.423731 107.545508 89.920407 78.891646 56.556715 36.727075 23.732711 245.084604 201.869921 155.487473 130.899721 88.145248 134.606423
25.550000 254.203422 182.218902 136.710962 107.779964 90.122517 79.073441 56.697129 36.830321 23.811211 245.569040 202.276109 155.809429 131.176874 88.344092 134.890339
25.600000 254.703382 182.588725 136.998159 108.014396 90.324605 79.255219 56.837532 36.933561 23.889707 246.053416 202.682247 156.131347 131.453996 88.542916 135.174222
25.650000 255.203279 182.958504 137.285324 108.248802 90.526673 79.436979 56.977922 37.036793 23.968201 246.537731 203.088335 156.453228 131.731086 88.741719 135.458074
25.700000 255.703114 183.328238 137.572457 108.483183 90.728721 79.618722 57.118301 37.140019 24.046691 247.021987 203.494375 156.775072 132.008146 88.940503 135.741893
25.750000 256.202888 183.697929 137.859557 108.717539 90.930748 79.800446 57.258667 37.243239 24.125177 247.506183 203.900366 157.096879 132.285174 89.139266 136.025681
25.800000 256.702599 184.067576 138.146625 108.951870 91.132755 79.982153 57.399022 37.346451 24.203661 247.990319 204.306308 157.418648 132.562172 89.338010 136.309436
25.850000 257.202249 184.437179 138.433660 109.186176 91.334741 80.163843 57.539364 37.449657 24.282141 248.474395 204.712201 157.740380 132.839138 89.536733 136.593160
25.900000 257.701837 184.806738 138.720664 109.420457 91.536706 80.345514 57.679695 37.552856 24.360618 248.958413 205.118046 158.062076 133.116074 89.735437 136.876853
25.950000 258.201364 185.176255 139.007635 109.654714 91.738652 80.527169 57.820014 37.656049 24.439091 249.442371 205.523843 158.383735 133.392980 89.934120 137.160513
26.000000 258.700830 185.545728 139.294575 109.888946 91.940577 80.708806 57.960322 37.759234 24.517562 249.926270 205.929591 158.705357 133.669855 90.132784 137.444143
26.050000 259.200235 185.915157 139.581482 110.123153 92.142482 80.890425 58.100617 37.862413 24.596029 250.410110 206.335291 159.026942 133.946699 90.331428 137.727740
26.100000 259.699579 186.284544 139.868358 110.357336 92.344367 81.072027 58.240901 37.965586 24.674492 250.893892 206.740943 159.348491 134.223513 90.530053 138.011307
26.150000 260.198862 186.653888 140.155203 110.591494 92.546232 81.253612 58.381173 38.068751 24.752952 251.377615 207.146547 159.670003 134.500297 90.728657 138.294842
26.200000 260.698085 187.023189 140.442015 110.825628 92.748076 81.435179 58.521433 38.171910 24.831410 251.861279 207.552103 159.991479 134.777050 90.927243 138.578346
26.250000 261.197247 187.392447 140.728796 111.059737 92.949901 81.616729 58.661682 38.275063 24.909863 252.344886 207.957612 160.312919 135.053773 91.125808 138.861819
26.300000 261.696350 187.761663 141.015546 111.293822 93.151705 81.798262 58.801919 38.378209 24.988314 252.828434 208.363073 160.634323 135.330467 91.324354 139.145261
26.350000 262.195392 188.130836 141.302264 111.527882 93.353490 81.979778 58.942144 38.481348 25.066761 253.311924 208.768487 160.955690 135.607130 91.522881 139.428672
26.400000 262.694375 188.499967 141.588951 111.761919 93.555255 82.161276 59.082358 38.584480 25.145205 253.795357 209.173854 161.277022 135.883763 91.721388 139.712053
26.450000 263.193298 188.869056 141.875607 111.995931 93.757000 82.342758 59.222561 38.687606 25.223646 254.278732 209.579173 161.598318 136.160366 91.919875 139.995402
26.500000 263.692161 189.238102 142.162232 112.229920 93.958725 82.524222 59.362751 38.790726 25.302083 254.762050 209.984446 161.919578 136.436940 92.118344 140.278721
26.550000 264.190965 189.607106 142.448825 112.463884 94.160431 82.705669 59.502931 38.893839 25.380517 255.245310 210.389671 162.240803 136.713484 92.316793 140.562009
26.600000 264.689710 189.976069 142.735388 112.697824 94.362117 82.887100 59.643098 38.996945 25.458948 255.728514 210.794850 162.561991 136.989998 92.515223 140.845267
26.650000 265.188396 190.344990 143.021920 112.931740 94.563783 83.068513 59.783255 39.100045 25.537375 256.211660 211.199982 162.883145 137.266483 92.713633 141.128494
26.700000 265.687023 190.713869 143.308421 113.165633 94.765430 83.249910 59.923399 39.203138 25.615800 256.694750 211.605068 163.204263 137.542938 92.912025 141.411691
26.750000 266.185591 191.082706 143.594891 113.399502 94.967057 83.431289 60.063533 39.306224 25.694221 257.177783 212.010108 163.525346 137.819364 93.110397 141.694858
26.800000 266.684101 191.451502 143.881330 113.633347 95.168665 83.612652 60.203655 39.409304 25.772638 257.660759 212.415101 163.846393 138.095760 93.308751 141.977994
26.850000 267.182552 191.820256 144.167739 113.867168 95.370253 83.793998 60.343765 39.512378 25.851053 258.143679 212.820048 164.167406 138.372127 93.507085 142.261100
26.900000 267.680945 192.188969 144.454118 114.100966 95.571822 83.975328 60.483865 39.615445 25.929464 258.626543 213.224949 164.488383 138.648465 93.705401 142.544176
26.950000 268.179280 192.557642 144.740466 114.334740 95.773371 84.156640 60.623953 39.718506 26.007872 259.109350 213.629804 164.809325 138.924774 93.903697 142.827223
27.000000 268.677557 192.926272 145.026784 114.568491 95.974902 84.337936 60.764030 39.821560 26.086276 259.592102 214.034613 165.130233 139.201054 94.101975 143.110239
27.050000 269.175776 193.294863 145.313071 114.802218 96.176413 84.519216 60.904095 39.924608 26.164678 260.074798 214.439377 165.451106 139.477305 94.300233 143.393225
27.100000 269.673938 193.663412 145.599329 115.035922 96.377904 84.700479 61.044149 40.027649 26.243076 260.557439 214.844095 165.771944 139.753527 94.498473 143.676182
27.150000 270.172042 194.031920 145.885556 115.269602 96.579377 84.881725 61.184192 40.130684 26.321471 261.040023 215.248768 166.092748 140.029721 94.696695 143.959109
27.200000 270.670088 194.400388 146.171753 115.503260 96.780830 85.062955 61.324224 40.233712 26.399863 261.522553 215.653395 166.413517 140.305885 94.894897 144.242006
27.250000 271.168078 194.768815 146.457920 115.736894 96.982265 85.244168 61.464244 40.336734 26.478251 262.005027 216.057977 166.734251 140.582021 95.093081 144.524874
27.300000 271.666010 195.137202 146.744057 115.970505 97.183680 85.425365 61.604254 40.439750 26.556636 262.487446 216.462515 167.054952 140.858128 95.291246 144.807713
27.350000 272.163886 195.505548 147.030165 116.204093 97.385077 85.606545 61.744252 40.542759 26.635018 262.969811 216.867007 167.375618 141.134207 95.489393 145.090522
27.400000 272.661705 195.873855 147.316243 116.437657 97.586454 85.787709 61.884239 40.645762 26.713397 263.452120 217.271454 167.696250 141.410257 95.687521 145.373301
27.450000 273.159467 196.242121 147.602291 116.671199 97.787813 85.968857 62.024216 40.748758 26.791772 263.934375 217.675857 168.016848 141.686279 95.885631 145.656052
27.500000 273.657173 196.610347 147.888309 116.904718 97.989152 86.149988 62.164181 40.851748 26.870144 264.416576 218.080215 168.337412 141.962273 96.083722 145.938773
27.550000 274.154822 196.978533 148.174298 117.138214 98.190473 86.331104 62.304135 40.954732 26.948513 264.898722 218.484528 168.657942 142.238238 96.281795 146.221465
27.600000 274.652415 197.346679 148.460258 117.371687 98.391775 86.512203 62.444078 41.057709 27.026879 265.380814 218.888797 168.978438 142.514175 96.479850 146.504128
27.650000 275.149952 197.714786 148.746188 117.605138 98.593059 86.693285 62.584010 41.160681 27.105241 265.862852 219.293022 169.298901 142.790084 96.677886 146.786762
27.700000 275.647434 198.082853 149.032088 117.838565 98.794324 86.874352 62.723931 41.263645 27.183600 266.344835 219.697203 169.619329 143.065965 96.875904 147.069367
27.750000 276.144859 198.450880 149.317960 118.071970 98.995570 87.055403 62.863841 41.366604 27.261956 266.826765 220.101340 169.939725 143.341818 97.073904 147.351944
27.800000 276.642229 198.818868 149.603802 118.305353 99.196797 87.236437 63.003740 41.469556 27.340309 267.308642 220.505432 170.260087 143.617643 97.271885 147.634492
27.850000 277.139544 199.186817 149.889616 118.538712 99.398006 87.417456 63.143628 41.572501 27.418658 267.790465 220.909481 170.580415 143.893440 97.469849 147.917010
27.900000 277.636803 199.554726 150.175400 118.772050 99.599197 87.598458 63.283506 41.675441 27.497005 268.272234 221.313486 170.900710 144.169209 97.667794 148.199501
27.950000 278.134007 199.922597 150.461155 119.005365 99.800369 87.779445 63.423372 41.778374 27.575348 268.753950 221.717448 171.220972 144.444951 97.865721 148.481963
28.000000 278.631156 200.290428 150.746882 119.238657 100.001522 87.960415 63.563228 41.881301 27.653688 269.235613 222.121366 171.541201 144.720665 98.063630 148.764396
28.050000 279.128250 200.658220 151.032579 119.471927 100.202658 88.141370 63.703073 41.984222 27.732024 269.717223 222.525240 171.861396 144.996351 98.261521 149.046801
28.100000 279.625289 201.025973 151.318248 119.705175 100.403774 88.322309 63.842907 42.087136 27.810357 270.198780 222.929071 172.181559 145.272010 98.459395 149.329177
28.150000 280.122273 201.393688 151.603888 119.938401 100.604873 88.503232 63.982730 42.190044 27.888688 270.680285 223.332860 172.501689 145.547642 98.657250 149.611526
28.200000 280.619203 201.761364 151.889500 120.171604 100.805953 88.684139 64.122543 42.292946 27.967015 271.161737 223.736605 172.821785 145.823246 98.855088 149.893846
28.250000 281.116079 202.129001 152.175083 120.404785 101.007015 88.865031 64.262345 42.395842 28.045338 271.643136 224.140306 173.141850 146.098822 99.052907 150.176138
28.300000 281.612901 202.496600 152.460637 120.637944 101.208059 89.045906 64.402136 42.498731 28.123659 272.124483 224.543966 173.461881 146.374372 99.250709 150.458401
28.350000 282.109668 202.864161 152.746164 120.871082 101.409085 89.226766 64.541916 42.601615 28.201976 272.605778 224.947582 173.781880 146.649894 99.448493 150.740637
28.400000 282.606381 203.231683 153.031661 121.104197 101.610093 89.407611 64.681686 42.704492 28.280290 273.087020 225.351156 174.101846 146.925389 99.646260 151.022845
28.450000 283.103041 203.599167 153.317131 121.337290 101.811082 89.588440 64.821445 42.807363 28.358601 273.568211 225.754687 174.421780 147.200857 99.844009 151.305025
28.500000 283.599647 203.966613 153.602572 121.570361 102.012054 89.769253 64.961193 42.910228 28.436909 274.049350 226.158175 174.741681 147.476298 100.041740 151.587177
28.550000 284.096199 204.334021 153.887985 121.803411 102.213008 89.950051 65.100931 43.013086 28.515213 274.530437 226.561622 175.061550 147.751713 100.239454 151.869302
28.600000 284.592698 204.701391 154.173370 122.036438 102.413943 90.130833 65.240659 43.115939 28.593514 275.011473 226.965026 175.381387 148.027100 100.437150 152.151398
28.650000 285.089143 205.068723 154.458727 122.269444 102.614861 90.311599 65.380375 43.218785 28.671812 275.492457 227.368387 175.701192 148.302460 100.634828 152.433468
28.700000 285.585536 205.436017 154.744056 122.502428 102.815761 90.492351 65.520082 43.321625 28.750107 275.973389 227.771707 176.020965 148.577794 100.832489 152.715509
28.750000 286.081875 205.803274 155.029358 122.735391 103.016643 90.673087 65.659777 43.424459 28.828399 276.454271 228.174985 176.340706 148.853101 101.030133 152.997523
28.800000 286.578161 206.170493 155.314631 122.968332 103.217508 90.853807 65.799462 43.527287 28.906687 276.935101 228.578221 176.660414 149.128381 101.227759 153.279510
28.850000 287.074395 206.537675 155.599877 123.201251 103.418354 91.034512 65.939137 43.630109 28.984973 277.415881 228.981415 176.980091 149.403635 101.425368 153.561469
28.900000 287.570576 206.904819 155.885094 123.434149 103.619183 91.215202 66.078801 43.732925 29.063255 277.896609 229.384568 177.299737 149.678862 101.622960 153.843401
28.950000 288.066704 207.271926 156.170285 123.667026 103.819994 91.395876 66.218455 43.835734 29.141533 278.377287 229.787679 177.619350 149.954063 101.820534 154.125306
29.000000 288.562780 207.638996 156.455447 123.899881 104.020788 91.576536 66.358099 43.938538 29.219809 278.857915 230.190748 177.938932 150.229237 102.018091 154.407183
29.050000 289.058803 208.006028 156.740583 124.132715 104.221564 91.757180 66.497731 44.041335 29.298082 279.338491 230.593776 178.258482 150.504386 102.215631 154.689034
29.100000 289.554775 208.373024 157.025690 124.365527 104.422322 91.937808 66.637354 44.144127 29.376351 279.819018 230.996763 178.578001 150.779507 102.413153 154.970857
29.150000 290.050694 208.739982 157.310771 124.598318 104.623063 92.118422 66.776966 44.246912 29.454617 280.299494 231.399709 178.897488 151.054603 102.610659 155.252653
29.200000 290.546562 209.106904 157.595824 124.831088 104.823787 92.299021 66.916568 44.349692 29.532880 280.779920 231.802614 179.216944 151.329672 102.808147 155.534423
29.250000 291.042377 209.473789 157.880850 125.063837 105.024493 92.479604 67.056160 44.452465 29.611140 281.260296 232.205477 179.536369 151.604716 103.005619 155.816165
29.300000 291.538141 209.840637 158.165848 125.296564 105.225182 92.660172 67.195741 44.555232 29.689396 281.740622 232.608300 179.855763 151.879733 103.203073 156.097881
29.350000 292.033853 210.207449 158.450820 125.529271 105.425853 92.840726 67.335312 44.657994 29.767650 282.220899 233.011082 180.175125 152.154724 103.400510 156.379570
29.400000 292.529514 210.574224 158.735764 125.761956 105.626507 93.021264 67.474873 44.760749 29.845900 282.701126 233.413823 180.494457 152.429690 103.597931 156.661232
29.450000 293.025124 210.940962 159.020682 125.994621 105.827143 93.201788 67.614423 44.863498 29.924147 283.181303 233.816524 180.813757 152.704629 103.795334 156.942868
