web/models/kne/3/Metzger_0.003617_0.483793_0.100000.dat
# %ECSV 0.9
# ---
# datatype:
# - {name: time, datatype: float64}
# - {name: sdss_u, datatype: float64}
# - {name: sdss_g, datatype: float64}
# - {name: sdss_r, datatype: float64}
# - {name: sdss_i, datatype: float64}
# - {name: sdss_z, datatype: float64}
# - {name: PS1_y, datatype: float64}
# - {name: ukirt_J, datatype: float64}
# - {name: ukirt_H, datatype: float64}
# - {name: ukirt_K, datatype: float64}
# - {name: johnson_U, datatype: float64}
# - {name: johnson_B, datatype: float64}
# - {name: johnson_V, datatype: float64}
# - {name: johnson_R, datatype: float64}
# - {name: johnson_I, datatype: float64}
# - {name: Clear, datatype: float64}
# meta: !!omap
# - comment: [vej = 0.48379310344827586, mej = 0.0036174920645118385, Ye = 0.1, redshift = 0.0]
# schema: astropy-2.0
time sdss_u sdss_g sdss_r sdss_i sdss_z PS1_y ukirt_J ukirt_H ukirt_K johnson_U johnson_B johnson_V johnson_R johnson_I Clear
[from data line 1522]
76.200000 nan 616.649331 474.355083 383.614187 328.070959 293.229882 222.386723 158.987754 116.984995 nan 679.246119 534.125318 457.018211 322.468010 468.652485
76.250000 nan 617.042606 474.661175 383.864603 328.287249 293.424741 222.537924 159.099742 117.070876 nan 679.677711 534.468046 457.313671 322.680855 468.955081
76.300000 nan 617.435867 474.967257 384.115011 328.503531 293.619593 222.689120 159.211728 117.156755 nan 680.109289 534.810763 457.609122 322.893692 469.257666
76.350000 nan 617.829114 475.273328 384.365410 328.719807 293.814439 222.840312 159.323710 117.242631 nan 680.540852 535.153468 457.904563 323.106523 469.560241
76.400000 nan 618.222347 475.579390 384.615801 328.936075 294.009278 222.991499 159.435689 117.328505 nan 680.972399 535.496161 458.199993 323.319347 469.862806
76.450000 nan 618.615567 475.885440 384.866183 329.152336 294.204111 223.142681 159.547664 117.414377 nan 681.403932 535.838842 458.495414 323.532163 470.165360
76.500000 nan 619.008774 476.191481 385.116558 329.368590 294.398938 223.293859 159.659637 117.500247 nan 681.835450 536.181511 458.790825 323.744973 470.467904
76.550000 nan 619.401967 476.497511 385.366923 329.584837 294.593759 223.445032 159.771606 117.586114 nan 682.266953 536.524169 459.086226 323.957776 470.770438
76.600000 nan 619.795146 476.803530 385.617281 329.801077 294.788574 223.596200 159.883572 117.671979 nan 682.698440 536.866815 459.381616 324.170572 471.072962
76.650000 nan 620.188312 477.109540 385.867630 330.017310 294.983382 223.747364 159.995534 117.757842 nan 683.129913 537.209449 459.676997 324.383361 471.375476
76.700000 nan 620.581464 477.415538 386.117971 330.233536 295.178184 223.898522 160.107494 117.843703 nan 683.561371 537.552072 459.972368 324.596143 471.677979
76.750000 nan 620.974603 477.721527 386.368304 330.449755 295.372979 224.049677 160.219450 117.929561 nan 683.992814 537.894683 460.267729 324.808918 471.980472
76.800000 nan 621.367728 478.027505 386.618628 330.665967 295.567768 224.200826 160.331403 118.015417 nan 684.424242 538.237282 460.563080 325.021686 472.282955
76.850000 nan 621.760839 478.333473 386.868944 330.882171 295.762552 224.351971 160.443353 118.101270 nan 684.855655 538.579870 460.858421 325.234447 472.585428
76.900000 nan 622.153937 478.639431 387.119252 331.098369 295.957328 224.503111 160.555299 118.187122 nan 685.287053 538.922446 461.153752 325.447201 472.887890
76.950000 nan 622.547022 478.945378 387.369551 331.314560 296.152099 224.654247 160.667243 118.272971 nan 685.718436 539.265010 461.449073 325.659949 473.190343
77.000000 nan 622.940093 479.251315 387.619842 331.530743 296.346863 224.805378 160.779183 118.358818 nan 686.149805 539.607563 461.744385 325.872689 473.492785
77.050000 nan 623.333151 479.557242 387.870125 331.746920 296.541621 224.956504 160.891119 118.444662 nan 686.581159 539.950104 462.039686 326.085423 473.795217
77.100000 nan 623.726195 479.863159 388.120400 331.963090 296.736373 225.107626 161.003053 118.530505 nan 687.012497 540.292634 462.334978 326.298150 474.097639
77.150000 nan 624.119226 480.169065 388.370667 332.179252 296.931119 225.258743 161.114984 118.616345 nan 687.443821 540.635152 462.630259 326.510870 474.400051
77.200000 nan 624.512244 480.474961 388.620925 332.395408 297.125858 225.409855 161.226911 118.702183 nan 687.875130 540.977658 462.925531 326.723583 474.702452
77.250000 nan 624.905248 480.780846 388.871175 332.611557 297.320592 225.560963 161.338835 118.788018 nan 688.306425 541.320153 463.220793 326.936289 475.004844
77.300000 nan 625.298238 481.086722 389.121417 332.827698 297.515319 225.712066 161.450756 118.873852 nan 688.737704 541.662636 463.516045 327.148988 475.307225
77.350000 nan 625.691215 481.392587 389.371650 333.043833 297.710040 225.863165 161.562673 118.959683 nan 689.168969 542.005108 463.811287 327.361681 475.609596
77.400000 nan 626.084179 481.698442 389.621876 333.259961 297.904754 226.014258 161.674588 119.045511 nan 689.600219 542.347568 464.106520 327.574366 475.911958
77.450000 nan 626.477130 482.004287 389.872093 333.476081 298.099463 226.165348 161.786499 119.131338 nan 690.031454 542.690016 464.401742 327.787045 476.214309
77.500000 nan 626.870067 482.310122 390.122302 333.692195 298.294165 226.316432 161.898407 119.217162 nan 690.462674 543.032453 464.696955 327.999717 476.516650
77.550000 nan 627.262991 482.615946 390.372503 333.908302 298.488861 226.467512 162.010312 119.302984 nan 690.893880 543.374879 464.992158 328.212382 476.818981
77.600000 nan 627.655901 482.921760 390.622695 334.124402 298.683551 226.618588 162.122214 119.388804 nan 691.325071 543.717293 465.287351 328.425040 477.121302
77.650000 nan 628.048798 483.227564 390.872880 334.340495 298.878235 226.769659 162.234112 119.474622 nan 691.756248 544.059695 465.582534 328.637692 477.423612
77.700000 nan 628.441682 483.533358 391.123056 334.556581 299.072912 226.920725 162.346007 119.560437 nan 692.187409 544.402086 465.877708 328.850336 477.725913
77.750000 nan 628.834552 483.839142 391.373224 334.772660 299.267583 227.071787 162.457899 119.646250 nan 692.618556 544.744466 466.172871 329.062974 478.028204
77.800000 nan 629.227410 484.144915 391.623384 334.988732 299.462249 227.222844 162.569788 119.732061 nan 693.049688 545.086834 466.468025 329.275605 478.330485
77.850000 nan 629.620254 484.450679 391.873536 335.204797 299.656908 227.373896 162.681674 119.817870 nan 693.480806 545.429190 466.763169 329.488229 478.632755
77.900000 nan 630.013084 484.756432 392.123679 335.420855 299.851561 227.524944 162.793557 119.903676 nan 693.911909 545.771536 467.058304 329.700847 478.935016
77.950000 nan 630.405902 485.062175 392.373815 335.636907 300.046208 227.675988 162.905436 119.989480 nan 694.342997 546.113869 467.353429 329.913457 479.237267
78.000000 nan 630.798706 485.367908 392.623942 335.852951 300.240848 227.827026 163.017312 120.075282 nan 694.774071 546.456191 467.648544 330.126061 479.539507
78.050000 nan 631.191497 485.673631 392.874061 336.068989 300.435483 227.978061 163.129185 120.161082 nan 695.205130 546.798502 467.943649 330.338658 479.841738
78.100000 nan 631.584274 485.979343 393.124173 336.285020 300.630111 228.129090 163.241055 120.246879 nan 695.636175 547.140802 468.238744 330.551249 480.143959
78.150000 nan 631.977039 486.285046 393.374276 336.501043 300.824733 228.280115 163.352922 120.332674 nan 696.067205 547.483090 468.533830 330.763832 480.446169
78.200000 nan 632.369790 486.590739 393.624371 336.717060 301.019349 228.431136 163.464786 120.418467 nan 696.498220 547.825366 468.828906 330.976409 480.748370
78.250000 nan 632.762528 486.896421 393.874457 336.933070 301.213960 228.582152 163.576646 120.504258 nan 696.929221 548.167631 469.123972 331.188979 481.050561
78.300000 nan 633.155253 487.202094 394.124536 337.149073 301.408563 228.733163 163.688503 120.590046 nan 697.360207 548.509885 469.419029 331.401542 481.352742
78.350000 nan 633.547965 487.507756 394.374607 337.365070 301.603161 228.884170 163.800358 120.675833 nan 697.791179 548.852128 469.714076 331.614099 481.654913
78.400000 nan 633.940663 487.813408 394.624670 337.581059 301.797753 229.035172 163.912209 120.761617 nan 698.222136 549.194359 470.009113 331.826648 481.957074
78.450000 nan 634.333349 488.119051 394.874724 337.797042 301.992339 229.186170 164.024056 120.847399 nan 698.653079 549.536579 470.304141 332.039192 482.259225
78.500000 nan 634.726021 488.424683 395.124771 338.013018 302.186918 229.337163 164.135901 120.933178 nan 699.084007 549.878787 470.599159 332.251728 482.561366
78.550000 nan 635.118680 488.730305 395.374809 338.228986 302.381492 229.488152 164.247743 121.018956 nan 699.514921 550.220984 470.894167 332.464257 482.863497
78.600000 nan 635.511326 489.035917 395.624839 338.444948 302.576059 229.639136 164.359581 121.104731 nan 699.945820 550.563170 471.189166 332.676780 483.165619
78.650000 nan 635.903959 489.341519 395.874862 338.660904 302.770620 229.790116 164.471416 121.190504 nan 700.376705 550.905344 471.484155 332.889297 483.467730
78.700000 nan 636.296579 489.647111 396.124876 338.876852 302.965176 229.941091 164.583248 121.276275 nan 700.807575 551.247507 471.779134 333.101806 483.769832
78.750000 nan 636.689186 489.952694 396.374882 339.092794 303.159725 230.092061 164.695077 121.362043 nan 701.238431 551.589659 472.074104 333.314309 484.071923
78.800000 nan 637.081780 490.258266 396.624880 339.308728 303.354268 230.243027 164.806903 121.447810 nan 701.669273 551.931800 472.369064 333.526805 484.374005
78.850000 nan 637.474360 490.563828 396.874871 339.524656 303.548805 230.393989 164.918726 121.533574 nan 702.100100 552.273929 472.664015 333.739294 484.676077
78.900000 nan 637.866928 490.869380 397.124853 339.740577 303.743336 230.544946 165.030545 121.619336 nan 702.530912 552.616047 472.958955 333.951777 484.978139
78.950000 nan 638.259483 491.174922 397.374827 339.956492 303.937861 230.695899 165.142362 121.705095 nan 702.961711 552.958154 473.253887 334.164253 485.280191
79.000000 nan 638.652024 491.480455 397.624793 340.172399 304.132380 230.846847 165.254175 121.790853 nan 703.392495 553.300249 473.548809 334.376722 485.582234
79.050000 nan 639.044553 491.785977 397.874751 340.388300 304.326893 230.997790 165.365986 121.876608 nan 703.823264 553.642334 473.843721 334.589185 485.884266
79.100000 nan 639.437068 492.091489 398.124702 340.604194 304.521399 231.148729 165.477793 121.962361 nan 704.254019 553.984407 474.138623 334.801641 486.186289
79.150000 nan 639.829571 492.396992 398.374644 340.820081 304.715900 231.299664 165.589597 122.048112 nan 704.684760 554.326468 474.433516 335.014090 486.488302
79.200000 nan 640.222060 492.702484 398.624578 341.035962 304.910395 231.450594 165.701398 122.133861 nan 705.115487 554.668519 474.728400 335.226533 486.790305
79.250000 nan 640.614537 493.007967 398.874505 341.251835 305.104884 231.601519 165.813195 122.219608 nan 705.546199 555.010558 475.023274 335.438969 487.092299
79.300000 nan 641.007000 493.313440 399.124423 341.467702 305.299367 231.752440 165.924990 122.305352 nan 705.976897 555.352587 475.318138 335.651398 487.394282
79.350000 nan 641.399451 493.618902 399.374333 341.683562 305.493843 231.903357 166.036782 122.391094 nan 706.407580 555.694604 475.612993 335.863821 487.696256
79.400000 nan 641.791889 493.924355 399.624236 341.899415 305.688314 232.054269 166.148570 122.476834 nan 706.838250 556.036610 475.907839 336.076237 487.998220
79.450000 nan 642.184313 494.229798 399.874130 342.115262 305.882779 232.205177 166.260355 122.562572 nan 707.268905 556.378604 476.202675 336.288647 488.300175
79.500000 nan 642.576725 494.535231 400.124017 342.331102 306.077238 232.356080 166.372138 122.648308 nan 707.699546 556.720588 476.497501 336.501050 488.602119
79.550000 nan 642.969124 494.840655 400.373896 342.546935 306.271690 232.506979 166.483917 122.734041 nan 708.130172 557.062560 476.792318 336.713446 488.904054
79.600000 nan 643.361510 495.146068 400.623766 342.762761 306.466137 232.657873 166.595693 122.819772 nan 708.560784 557.404521 477.087125 336.925836 489.205979
79.650000 nan 643.753883 495.451472 400.873629 342.978581 306.660578 232.808763 166.707466 122.905501 nan 708.991382 557.746472 477.381923 337.138219 489.507894
79.700000 nan 644.146244 495.756865 401.123484 343.194394 306.855013 232.959648 166.819236 122.991228 nan 709.421966 558.088411 477.676711 337.350595 489.809800
79.750000 nan 644.538591 496.062249 401.373331 343.410200 307.049442 233.110529 166.931002 123.076953 nan 709.852536 558.430338 477.971490 337.562965 490.111696
79.800000 nan 644.930926 496.367623 401.623170 343.626000 307.243865 233.261406 167.042766 123.162675 nan 710.283091 558.772255 478.266260 337.775328 490.413582
79.850000 nan 645.323247 496.672987 401.873001 343.841793 307.438282 233.412278 167.154527 123.248395 nan 710.713633 559.114161 478.561020 337.987685 490.715458
79.900000 nan 645.715556 496.978342 402.122825 344.057579 307.632693 233.563145 167.266284 123.334114 nan 711.144160 559.456056 478.855770 338.200035 491.017325
79.950000 nan 646.107852 497.283686 402.372640 344.273358 307.827098 233.714008 167.378039 123.419830 nan 711.574673 559.797939 479.150512 338.412379 491.319182
80.000000 nan 646.500136 497.589021 402.622448 344.489131 308.021497 233.864867 167.489790 123.505543 nan 712.005172 560.139812 479.445243 338.624716 491.621030
80.050000 nan 646.892406 497.894346 402.872248 344.704897 308.215890 234.015721 167.601538 123.591255 nan 712.435656 560.481673 479.739966 338.837046 491.922867
80.100000 nan 647.284664 498.199662 403.122040 344.920656 308.410277 234.166571 167.713284 123.676964 nan 712.866127 560.823523 480.034679 339.049370 492.224696
80.150000 nan 647.676908 498.504967 403.371824 345.136409 308.604658 234.317416 167.825026 123.762672 nan 713.296584 561.165363 480.329382 339.261687 492.526514
80.200000 nan 648.069140 498.810263 403.621600 345.352155 308.799034 234.468257 167.936765 123.848377 nan 713.727026 561.507191 480.624076 339.473998 492.828323
80.250000 nan 648.461360 499.115549 403.871368 345.567895 308.993403 234.619094 168.048501 123.934080 nan 714.157454 561.849008 480.918761 339.686302 493.130122
80.300000 nan 648.853566 499.420825 404.121129 345.783627 309.187767 234.769926 168.160234 124.019780 nan 714.587868 562.190815 481.213436 339.898600 493.431911
80.350000 nan 649.245760 499.726091 404.370881 345.999353 309.382124 234.920754 168.271964 124.105479 nan 715.018269 562.532610 481.508102 340.110891 493.733691
80.400000 nan 649.637941 500.031348 404.620626 346.215073 309.576476 235.071577 168.383691 124.191176 nan 715.448655 562.874394 481.802759 340.323176 494.035462
80.450000 nan 650.030110 500.336595 404.870363 346.430786 309.770822 235.222396 168.495414 124.276870 nan 715.879027 563.216167 482.097406 340.535454 494.337222
80.500000 nan 650.422265 500.641832 405.120093 346.646492 309.965162 235.373211 168.607135 124.362562 nan 716.309385 563.557930 482.392044 340.747725 494.638973
80.550000 nan 650.814408 500.947060 405.369814 346.862191 310.159496 235.524021 168.718853 124.448252 nan 716.739729 563.899681 482.686672 340.959990 494.940715
80.600000 nan 651.206538 501.252278 405.619528 347.077884 310.353824 235.674826 168.830567 124.533940 nan 717.170059 564.241421 482.981291 341.172249 495.242447
80.650000 nan 651.598656 501.557486 405.869233 347.293571 310.548146 235.825628 168.942279 124.619625 nan 717.600375 564.583151 483.275901 341.384501 495.544169
80.700000 nan 651.990761 501.862684 406.118932 347.509250 310.742462 235.976425 169.053987 124.705309 nan 718.030677 564.924869 483.570502 341.596746 495.845882
80.750000 nan 652.382853 502.167873 406.368622 347.724923 310.936773 236.127217 169.165693 124.790990 nan 718.460965 565.266577 483.865093 341.808985 496.147585
80.800000 nan 652.774933 502.473052 406.618304 347.940590 311.131077 236.278005 169.277395 124.876670 nan 718.891239 565.608273 484.159675 342.021218 496.449279
80.850000 nan 653.166999 502.778222 406.867979 348.156250 311.325376 236.428789 169.389095 124.962347 nan 719.321499 565.949959 484.454247 342.233444 496.750963
80.900000 nan 653.559054 503.083381 407.117646 348.371903 311.519669 236.579569 169.500791 125.048021 nan 719.751746 566.291634 484.748811 342.445664 497.052637
80.950000 nan 653.951095 503.388532 407.367305 348.587549 311.713956 236.730344 169.612484 125.133694 nan 720.181978 566.633298 485.043365 342.657877 497.354302
81.000000 nan 654.343125 503.693672 407.616957 348.803190 311.908237 236.881114 169.724175 125.219365 nan 720.612196 566.974951 485.337909 342.870084 497.655958
81.050000 nan 654.735141 503.998803 407.866601 349.018823 312.102512 237.031881 169.835862 125.305033 nan 721.042401 567.316593 485.632445 343.082284 497.957604
