web/models/kne/3/Metzger_0.003617_0.030000_0.100000.dat
# %ECSV 0.9
# ---
# datatype:
# - {name: time, datatype: float64}
# - {name: sdss_u, datatype: float64}
# - {name: sdss_g, datatype: float64}
# - {name: sdss_r, datatype: float64}
# - {name: sdss_i, datatype: float64}
# - {name: sdss_z, datatype: float64}
# - {name: PS1_y, datatype: float64}
# - {name: ukirt_J, datatype: float64}
# - {name: ukirt_H, datatype: float64}
# - {name: ukirt_K, datatype: float64}
# - {name: johnson_U, datatype: float64}
# - {name: johnson_B, datatype: float64}
# - {name: johnson_V, datatype: float64}
# - {name: johnson_R, datatype: float64}
# - {name: johnson_I, datatype: float64}
# - {name: Clear, datatype: float64}
# meta: !!omap
# - comment: [vej = 0.03, mej = 0.0036174920645118385, Ye = 0.1, redshift = 0.0]
# schema: astropy-2.0
time sdss_u sdss_g sdss_r sdss_i sdss_z PS1_y ukirt_J ukirt_H ukirt_K johnson_U johnson_B johnson_V johnson_R johnson_I Clear
[from data line 198]
10.000000 13.991020 5.431122 0.191955 -3.022504 -4.917249 -6.067460 -8.278783 -10.034370 -10.997910 12.951781 7.789370 2.368584 -0.431483 -5.104447 -0.013539
10.050000 14.162294 5.555394 0.286385 -2.947131 -4.853557 -6.011104 -8.237368 -10.006353 -10.978745 13.117426 7.926758 2.475555 -0.340692 -5.041935 0.079694
10.100000 14.333939 5.679955 0.381053 -2.871554 -4.789682 -5.954577 -8.195808 -9.978215 -10.959477 13.283433 8.064458 2.582784 -0.249670 -4.979241 0.173163
10.150000 14.505953 5.804804 0.475956 -2.795775 -4.725624 -5.897880 -8.154105 -9.949958 -10.940106 13.449799 8.202469 2.690271 -0.158418 -4.916367 0.266865
10.200000 14.678335 5.929939 0.571094 -2.719794 -4.661385 -5.841015 -8.112258 -9.921582 -10.920634 13.616523 8.340789 2.798015 -0.066938 -4.853313 0.360800
10.250000 14.851082 6.055359 0.666466 -2.643612 -4.596965 -5.783982 -8.070270 -9.893087 -10.901061 13.783603 8.479416 2.906013 0.024769 -4.790080 0.454966
10.300000 14.784834 6.011479 0.636787 -2.664220 -4.612014 -5.795540 -8.074717 -9.891157 -10.894914 13.720032 8.429293 2.870367 -0.003177 -4.804568 0.425858
10.350000 14.956999 6.136494 0.731866 -2.588260 -4.547772 -5.738656 -8.032823 -9.862706 -10.875352 13.886552 8.567466 2.978026 0.088251 -4.741509 0.519736
10.400000 15.129523 6.261788 0.827173 -2.512103 -4.483353 -5.681609 -7.990789 -9.834140 -10.855692 14.053419 8.705939 3.085934 0.179901 -4.678275 0.613840
10.450000 15.302403 6.387359 0.922707 -2.435751 -4.418759 -5.624398 -7.948617 -9.805459 -10.835934 14.220634 8.844712 3.194090 0.271772 -4.614868 0.708169
10.500000 15.475637 6.513205 1.018467 -2.359206 -4.353990 -5.567025 -7.906309 -9.776664 -10.816079 14.388194 8.983782 3.302493 0.363863 -4.551288 0.802722
10.550000 15.649223 6.639326 1.114451 -2.282467 -4.289048 -5.509491 -7.863864 -9.747756 -10.796127 14.556096 9.123149 3.411141 0.456172 -4.487537 0.897498
10.600000 15.823160 6.765719 1.210658 -2.205537 -4.223934 -5.451797 -7.821285 -9.718735 -10.776079 14.724339 9.262809 3.520033 0.548698 -4.423615 0.992494
10.650000 15.997445 6.892383 1.307087 -2.128417 -4.158649 -5.393944 -7.778571 -9.689603 -10.755935 14.892922 9.402762 3.629167 0.641440 -4.359525 1.087710
10.700000 15.924188 6.843405 1.273525 -2.152134 -4.176332 -5.407838 -7.784746 -9.688854 -10.750603 14.822572 9.347009 3.589128 0.609758 -4.376599 1.054767
10.750000 16.097848 6.969630 1.369633 -2.075260 -4.111247 -5.350156 -7.742144 -9.659781 -10.730484 14.990551 9.486471 3.697891 0.702193 -4.312704 1.149666
10.800000 16.271847 7.096119 1.465956 -1.998200 -4.045995 -5.292319 -7.699410 -9.630599 -10.710272 15.158861 9.626217 3.806891 0.794838 -4.248644 1.244780
10.850000 16.446184 7.222870 1.562495 -1.920956 -3.980577 -5.234328 -7.656547 -9.601309 -10.689968 15.327500 9.766247 3.916125 0.887692 -4.184419 1.340107
10.900000 16.620856 7.349882 1.659247 -1.843529 -3.914994 -5.176184 -7.613555 -9.571911 -10.669573 15.496465 9.906559 4.025593 0.980754 -4.120033 1.435645
10.950000 16.795862 7.477153 1.756211 -1.765920 -3.849249 -5.117888 -7.570434 -9.542408 -10.649087 15.665754 10.047151 4.135293 1.074022 -4.055485 1.531394
11.000000 16.971198 7.604681 1.853385 -1.688130 -3.783341 -5.059442 -7.527187 -9.512799 -10.628510 15.835365 10.188020 4.245222 1.167495 -3.990776 1.627350
11.050000 16.891769 7.551207 1.816392 -1.714599 -3.803359 -5.075409 -7.534902 -9.513110 -10.623917 15.759044 10.127304 4.201304 1.132511 -4.010143 1.591018
11.100000 17.066440 7.678265 1.913219 -1.637078 -3.737671 -5.017152 -7.491782 -9.483572 -10.603376 15.928013 10.267648 4.310834 1.225651 -3.945650 1.686632
11.150000 17.241432 7.805572 2.010250 -1.559381 -3.671825 -4.958748 -7.448538 -9.453932 -10.582748 16.097295 10.408262 4.420588 1.318991 -3.881000 1.782450
11.200000 17.416744 7.933127 2.107485 -1.481510 -3.605823 -4.900199 -7.405171 -9.424190 -10.562032 16.266888 10.549144 4.530564 1.412528 -3.816196 1.878468
11.250000 17.592373 8.060929 2.204921 -1.403466 -3.539665 -4.841506 -7.361683 -9.394347 -10.541230 16.436790 10.690292 4.640761 1.506261 -3.751238 1.974686
11.300000 17.768316 8.188976 2.302557 -1.325251 -3.473353 -4.782670 -7.318074 -9.364404 -10.520342 16.606998 10.831704 4.751176 1.600189 -3.686128 2.071103
11.350000 17.944572 8.317264 2.400392 -1.246865 -3.406888 -4.723691 -7.274345 -9.334361 -10.499369 16.777509 10.973378 4.861808 1.694310 -3.620867 2.167716
11.400000 18.121137 8.445794 2.498423 -1.168311 -3.340272 -4.664572 -7.230497 -9.304219 -10.478312 16.948322 11.115312 4.972655 1.788622 -3.555456 2.264524
11.450000 18.034402 8.386990 2.457352 -1.198056 -3.363076 -4.683017 -7.240062 -9.305815 -10.474626 16.864932 11.048715 4.924133 1.749714 -3.577559 2.224164
11.500000 18.210252 8.515010 2.555005 -1.119797 -3.296704 -4.624109 -7.196361 -9.275761 -10.453617 17.035054 11.190082 5.034547 1.843663 -3.512386 2.320599
11.550000 18.386402 8.643263 2.652849 -1.041374 -3.230184 -4.565065 -7.152543 -9.245610 -10.432527 17.205468 11.331701 5.145169 1.937798 -3.447069 2.417223
11.600000 18.562848 8.771748 2.750881 -0.962789 -3.163519 -4.505886 -7.108612 -9.215365 -10.411355 17.376171 11.473569 5.255998 2.032117 -3.381607 2.514034
11.650000 18.739590 8.900461 2.849101 -0.884043 -3.096709 -4.446572 -7.064567 -9.185026 -10.390103 17.547161 11.615685 5.367032 2.126618 -3.316002 2.611031
11.700000 18.916623 9.029401 2.947506 -0.805137 -3.029757 -4.387125 -7.020411 -9.154593 -10.368771 17.718436 11.758046 5.478268 2.221300 -3.250256 2.708211
11.750000 19.093946 9.158566 3.046095 -0.726075 -2.962662 -4.327547 -6.976143 -9.124068 -10.347360 17.889991 11.900649 5.589706 2.316161 -3.184369 2.805574
11.800000 19.271555 9.287953 3.144867 -0.646855 -2.895427 -4.267838 -6.931764 -9.093451 -10.325870 18.061826 12.043493 5.701343 2.411199 -3.118344 2.903118
11.850000 19.449447 9.417561 3.243818 -0.567481 -2.828053 -4.208000 -6.887277 -9.062744 -10.304303 18.233936 12.186575 5.813177 2.506412 -3.052182 3.000840
11.900000 19.354188 9.352526 3.197972 -0.601073 -2.854133 -4.229363 -6.899031 -9.065872 -10.301710 18.142296 12.113105 5.759267 2.462906 -3.077503 2.955763
11.950000 19.531306 9.481579 3.296509 -0.522025 -2.787031 -4.169762 -6.854711 -9.035269 -10.280206 18.313658 12.255572 5.870628 2.557721 -3.011607 3.053076
12.000000 19.708698 9.610845 3.395220 -0.442827 -2.719794 -4.110036 -6.810285 -9.004578 -10.258627 18.485287 12.398267 5.982179 2.652706 -2.945577 3.150561
12.050000 19.886360 9.740322 3.494103 -0.363482 -2.652424 -4.050186 -6.765755 -8.973801 -10.236973 18.657179 12.541190 6.093918 2.747858 -2.879416 3.248217
12.100000 20.064290 9.870007 3.593157 -0.283990 -2.584922 -3.990214 -6.721122 -8.942936 -10.215245 18.829332 12.684338 6.205844 2.843176 -2.813125 3.346042
12.150000 20.242485 9.999898 3.692379 -0.204353 -2.517290 -3.930121 -6.676386 -8.911987 -10.193443 19.001742 12.827709 6.317954 2.938659 -2.746705 3.444035
12.200000 20.420942 10.129993 3.791768 -0.124573 -2.449529 -3.869908 -6.631548 -8.880953 -10.171570 19.174408 12.971299 6.430246 3.034304 -2.680157 3.542193
12.250000 20.599658 10.260289 3.891323 -0.044651 -2.381641 -3.809577 -6.586611 -8.849836 -10.149624 19.347326 13.115107 6.542719 3.130109 -2.613483 3.640514
12.300000 20.496725 10.189637 3.841166 -0.081718 -2.410685 -3.833583 -6.600354 -8.854365 -10.148038 19.248258 13.035447 6.483950 3.082452 -2.641718 3.591180
12.350000 20.674613 10.319338 3.940273 -0.002150 -2.343093 -3.773511 -6.555602 -8.823367 -10.126169 19.420375 13.178595 6.595913 3.177828 -2.575335 3.689059
12.400000 20.852749 10.449232 4.039538 0.077554 -2.275378 -3.713326 -6.510754 -8.792289 -10.104230 19.592735 13.321951 6.708049 3.273358 -2.508830 3.787095
12.450000 21.031131 10.579318 4.138960 0.157394 -2.207542 -3.653027 -6.465810 -8.761130 -10.082222 19.765334 13.465514 6.820356 3.369040 -2.442205 3.885287
12.500000 21.209756 10.709592 4.238536 0.237366 -2.139585 -3.592617 -6.420772 -8.729893 -10.060146 19.938168 13.609281 6.932833 3.464873 -2.375462 3.983633
12.550000 21.388620 10.840053 4.338266 0.317470 -2.071511 -3.532097 -6.375641 -8.698578 -10.038004 20.111236 13.753249 7.045477 3.560856 -2.308602 4.082130
12.600000 21.567720 10.970698 4.438147 0.397704 -2.003319 -3.471468 -6.330417 -8.667185 -10.015794 20.284533 13.897416 7.158285 3.656985 -2.241626 4.180777
12.650000 21.747053 11.101525 4.538177 0.478066 -1.935012 -3.410731 -6.285101 -8.635716 -9.993519 20.458058 14.041779 7.271257 3.753259 -2.174536 4.279572
12.700000 21.926616 11.232532 4.638354 0.558555 -1.866590 -3.349888 -6.239696 -8.604172 -9.971178 20.631806 14.186335 7.384389 3.849677 -2.107332 4.378512
12.750000 21.814728 11.155317 4.583154 0.517414 -1.899115 -3.377000 -6.255785 -8.610363 -9.970797 20.524070 14.099445 7.319938 3.797161 -2.138987 4.324195
12.800000 21.993402 11.285681 4.682845 0.597517 -1.831017 -3.316443 -6.210587 -8.578955 -9.948546 20.696959 14.243290 7.432519 3.893112 -2.072101 4.422656
12.850000 22.172295 11.416216 4.782678 0.677742 -1.762811 -3.255784 -6.165302 -8.547475 -9.926233 20.870061 14.387320 7.545253 3.989201 -2.005108 4.521257
12.900000 22.351405 11.546920 4.882649 0.758087 -1.694496 -3.195024 -6.119932 -8.515923 -9.903858 21.043374 14.531532 7.658139 4.085424 -1.938008 4.619996
12.950000 22.530727 11.677791 4.982757 0.838549 -1.626076 -3.134165 -6.074478 -8.484300 -9.881422 21.216895 14.675923 7.771174 4.181781 -1.870803 4.718870
13.000000 22.710260 11.808826 5.083000 0.919128 -1.557550 -3.073209 -6.028940 -8.452607 -9.858925 21.390620 14.820491 7.884357 4.278269 -1.803494 4.817878
13.050000 22.889999 11.940022 5.183376 0.999822 -1.488920 -3.012155 -5.983320 -8.420845 -9.836368 21.564546 14.965234 7.997684 4.374887 -1.736082 4.917018
13.100000 23.069942 12.071378 5.283883 1.080628 -1.420189 -2.951007 -5.937619 -8.389014 -9.813751 21.738670 15.110148 8.111154 4.471632 -1.668570 5.016288
13.150000 23.250085 12.202890 5.384520 1.161547 -1.351356 -2.889765 -5.891838 -8.357116 -9.791076 21.912990 15.255231 8.224765 4.568503 -1.600957 5.115686
13.200000 23.129019 12.118941 5.324137 1.116214 -1.387464 -2.920080 -5.910352 -8.365034 -9.791954 21.796368 15.160924 8.154480 4.510994 -1.636134 5.056249
13.250000 23.308211 12.249764 5.424250 1.196715 -1.318984 -2.859149 -5.864799 -8.333290 -9.769383 21.969768 15.305245 8.267498 4.607363 -1.568867 5.155130
13.300000 23.487593 12.380736 5.524486 1.277322 -1.250408 -2.798128 -5.819170 -8.301481 -9.746756 22.143353 15.449726 8.380650 4.703850 -1.501506 5.254133
13.350000 23.667161 12.511854 5.624843 1.358034 -1.181738 -2.737020 -5.773465 -8.269608 -9.724074 22.317119 15.594364 8.493933 4.800455 -1.434051 5.353256
13.400000 23.846912 12.643115 5.725318 1.438848 -1.112975 -2.675824 -5.727686 -8.237673 -9.701337 22.491063 15.739156 8.607345 4.897176 -1.366505 5.452496
13.450000 24.026842 12.774518 5.825909 1.519763 -1.044120 -2.614544 -5.681834 -8.205675 -9.678545 22.665183 15.884101 8.720884 4.994010 -1.298868 5.551852
13.500000 24.206950 12.906059 5.926616 1.600778 -0.975176 -2.553179 -5.635910 -8.173616 -9.655700 22.839474 16.029195 8.834548 5.090957 -1.231141 5.651321
13.550000 24.387231 13.037737 6.027435 1.681890 -0.906142 -2.491731 -5.589915 -8.141498 -9.632803 23.013935 16.174436 8.948335 5.188013 -1.163328 5.750903
13.600000 24.567682 13.169549 6.128365 1.763098 -0.837022 -2.430202 -5.543851 -8.109319 -9.609853 23.188561 16.319820 9.062242 5.285177 -1.095428 5.850594
13.650000 24.748300 13.301492 6.229404 1.844401 -0.767816 -2.368593 -5.497717 -8.077083 -9.586852 23.363350 16.465346 9.176267 5.382447 -1.027443 5.950394
13.700000 24.616668 13.209782 6.163041 1.794226 -0.808070 -2.402616 -5.519047 -8.087015 -9.589209 23.236499 16.362496 9.099254 5.319176 -1.066695 5.885048
13.750000 24.796267 13.340984 6.263516 1.875077 -0.739247 -2.341346 -5.473164 -8.054949 -9.566327 23.410303 16.507204 9.212641 5.415903 -0.999086 5.984290
13.800000 24.976023 13.472310 6.364093 1.956018 -0.670342 -2.280001 -5.427216 -8.022828 -9.543396 23.584259 16.652044 9.326139 5.512731 -0.931397 6.083634
13.850000 25.155931 13.603757 6.464771 2.037045 -0.601359 -2.218580 -5.381204 -7.990652 -9.520417 23.758364 16.797015 9.439746 5.609656 -0.863629 6.183078
13.900000 25.335990 13.735322 6.565547 2.118159 -0.532297 -2.157087 -5.335128 -7.958422 -9.497390 23.932616 16.942112 9.553461 5.706677 -0.795784 6.282619
13.950000 25.516195 13.867002 6.666420 2.199357 -0.463158 -2.095522 -5.288991 -7.926139 -9.474316 24.107010 17.087334 9.667280 5.803793 -0.727863 6.382256
14.000000 25.696543 13.998797 6.767387 2.280637 -0.393945 -2.033887 -5.242792 -7.893803 -9.451195 24.281544 17.232677 9.781201 5.901001 -0.659867 6.481987
14.050000 25.877031 14.130702 6.868447 2.361999 -0.324658 -1.972182 -5.196534 -7.861415 -9.428029 24.456214 17.378140 9.895223 5.998300 -0.591799 6.581809
14.100000 26.057656 14.262717 6.969597 2.443439 -0.255298 -1.910409 -5.150216 -7.828977 -9.404818 24.631018 17.523719 10.009343 6.095687 -0.523659 6.681722
14.150000 26.238415 14.394837 7.070837 2.524957 -0.185868 -1.848570 -5.103841 -7.796489 -9.381563 24.805953 17.669412 10.123560 6.193160 -0.455449 6.781723
14.200000 26.095964 14.295173 6.998339 2.469808 -0.230384 -1.886408 -5.128075 -7.808507 -9.385458 24.668626 17.557809 10.039646 6.123975 -0.498891 6.710315
14.250000 26.275640 14.426504 7.098975 2.550842 -0.161365 -1.824935 -5.081972 -7.776208 -9.362336 24.842512 17.702630 10.153181 6.220868 -0.431085 6.809719
14.300000 26.455439 14.557933 7.199694 2.631948 -0.092280 -1.763399 -5.035815 -7.743861 -9.339171 25.016518 17.847557 10.266804 6.317842 -0.363214 6.909206
14.350000 26.635358 14.689458 7.300493 2.713125 -0.023130 -1.701802 -4.989604 -7.711468 -9.315965 25.190642 17.992587 10.380515 6.414894 -0.295278 7.008773
14.400000 26.815394 14.821077 7.401371 2.794372 0.046084 -1.640145 -4.943341 -7.679029 -9.292719 25.364880 18.137717 10.494311 6.512023 -0.227279 7.108418
14.450000 26.995544 14.952786 7.502326 2.875686 0.115359 -1.578430 -4.897026 -7.646545 -9.269432 25.539229 18.282944 10.608190 6.609228 -0.159219 7.208140
14.500000 27.175804 15.084585 7.603356 2.957066 0.184695 -1.516657 -4.850661 -7.614018 -9.246105 25.713687 18.428266 10.722150 6.706505 -0.091099 7.307936
14.550000 27.356173 15.216470 7.704459 3.038511 0.254091 -1.454829 -4.804247 -7.581447 -9.222740 25.888249 18.573681 10.836188 6.803855 -0.022920 7.407804
14.600000 27.536645 15.348440 7.805633 3.120018 0.323544 -1.392945 -4.757785 -7.548834 -9.199336 26.062913 18.719185 10.950303 6.901273 0.045317 7.507743
14.650000 27.717219 15.480491 7.906876 3.201588 0.393054 -1.331009 -4.711276 -7.516179 -9.175895 26.237677 18.864777 11.064493 6.998760 0.113609 7.607751
14.700000 27.563727 15.372702 7.828106 3.141349 0.344174 -1.372755 -4.738491 -7.530345 -9.181382 26.089657 18.744234 10.973528 6.923528 0.065876 7.530144
14.750000 27.743157 15.503918 7.928710 3.222403 0.413245 -1.311209 -4.692274 -7.497894 -9.158087 26.263313 18.888904 11.086995 7.020399 0.133738 7.629520
14.800000 27.922678 15.635207 8.029376 3.303513 0.482369 -1.249613 -4.646013 -7.465405 -9.134756 26.437059 19.033653 11.200531 7.117331 0.201651 7.728959
14.850000 28.102288 15.766569 8.130105 3.384679 0.551543 -1.187969 -4.599708 -7.432877 -9.111391 26.610891 19.178479 11.314132 7.214324 0.269615 7.828458
14.900000 28.281984 15.898001 8.230893 3.465898 0.620767 -1.126277 -4.553362 -7.400311 -9.087991 26.784807 19.323379 11.427797 7.311376 0.337628 7.928018
14.950000 28.461762 16.029500 8.331740 3.547169 0.690040 -1.064540 -4.506974 -7.367709 -9.064557 26.958804 19.468350 11.541525 7.408484 0.405689 8.027635
15.000000 28.641619 16.161064 8.432642 3.628490 0.759359 -1.002758 -4.460547 -7.335071 -9.041091 27.132878 19.613391 11.655312 7.505647 0.473797 8.127307
15.050000 28.821553 16.292691 8.533599 3.709860 0.828723 -0.940933 -4.414080 -7.302397 -9.017592 27.307027 19.758498 11.769157 7.602864 0.541950 8.227034
