web/models/kne/3/mosfit_kn_0.009764_0.3590_10.0000.dat
# %ECSV 1.0
# ---
# datatype:
# - {name: time, datatype: float64}
# - {name: PS1_g, datatype: float64}
# - {name: PS1_i, datatype: float64}
# - {name: PS1_r, datatype: float64}
# - {name: PS1_w, datatype: float64}
# - {name: PS1_y, datatype: float64}
# - {name: PS1_z, datatype: float64}
# - {name: swift_uvot_B, datatype: float64}
# - {name: swift_uvot_U, datatype: float64}
# - {name: swift_uvot_uvm2, datatype: float64}
# - {name: swift_uvot_uvw1, datatype: float64}
# - {name: swift_uvot_uvw2, datatype: float64}
# - {name: swift_uvot_V, datatype: float64}
# - {name: johnson_B, datatype: float64}
# - {name: johnson_I, datatype: float64}
# - {name: johnson_R, datatype: float64}
# - {name: johnson_U, datatype: float64}
# - {name: johnson_V, datatype: float64}
# - {name: sdss_g, datatype: float64}
# - {name: sdss_i, datatype: float64}
# - {name: sdss_r, datatype: float64}
# - {name: sdss_u, datatype: float64}
# - {name: sdss_z, datatype: float64}
# - {name: ATLAS_c, datatype: float64}
# - {name: ATLAS_o, datatype: float64}
# - {name: ukirt_H, datatype: float64}
# - {name: ukirt_J, datatype: float64}
# - {name: ukirt_K, datatype: float64}
# - {name: Clear, datatype: float64}
# meta: !!omap
# - comment: [kappa = 10.0, type = rprocess, mass = 0.009763877790252312, velocity = 0.359, theta_obs = 0.0, tfloor = 1000.0]
# schema: astropy-2.0
time PS1_g PS1_i PS1_r PS1_w PS1_y PS1_z swift_uvot_B swift_uvot_U swift_uvot_uvm2 swift_uvot_uvw1 swift_uvot_uvw2 swift_uvot_V johnson_B johnson_I johnson_R johnson_U johnson_V sdss_g sdss_i sdss_r sdss_u sdss_z ATLAS_c ATLAS_o ukirt_H ukirt_J ukirt_K Clear
[from data line 440]
26.51302605210421 12.2004215649722 3.318592751772904 6.793663529810754 4.825739718306767 -0.20459729675234684 1.2130786680947736 15.740328141536668 22.39927223943159 36.28786754346076 18.36485477150614 20.8778712779858 10.159938257842985 14.536390824570478 1.7650794453509535 4.735112212075953 21.368271060179847 9.20491592267423 13.012961666286635 3.399848703885908 7.022152189307178 22.900377769606415 0.6396510560727897 8.772740099553396 4.320327574943619 -5.153584674667843 -3.004095379178152 -6.513873355141014 2.539845674545429
26.573146292585168 12.209598207989174 3.3277693947898968 6.802840172827747 4.83491636132376 -0.19542065373535422 1.2222553111117662 15.749504784553661 22.40844888244858 36.297044186477756 18.37403141452313 20.887047921002793 10.169114900859977 14.545567467587471 1.7742560883679461 4.744288855092946 21.37744770319683 9.214092565691223 13.022138309303628 3.409025346902883 7.031328832324171 22.909554412623407 0.6488276990897823 8.781916742570388 4.329504217960594 -5.14440803165085 -2.9949187361611593 -6.504696712124021 2.5490223175624216
26.63326653306613 12.218760499286585 3.33693168608729 6.81200246412514 4.844078652621153 -0.186258362437961 1.2314176024091594 15.758667075851072 22.417611173745975 36.306206477775156 18.383193705820542 20.896210212300186 10.17827719215737 14.554729758884864 1.783418379665357 4.753451146390339 21.386609994494233 9.223254856988616 13.031300600601021 3.418187638200294 7.040491123621582 22.9187167039208 0.6579899903871755 8.791079033867781 4.338666509258005 -5.135245740353457 -2.985756444863766 -6.495534420826628 2.558184608859815
26.693386773547093 12.22790847109641 3.346079657897132 6.821150435934982 4.853226624430995 -0.17711039062813683 1.2405655742190014 15.767815047660896 22.426759145555817 36.31535444958499 18.392341677630366 20.905358184110018 10.187425163967195 14.563877730694706 1.7925663514751813 4.762599118200181 21.395757966304068 9.232402828798458 13.040448572410863 3.427335610010118 7.049639095431406 22.927864675730632 0.6671379621969997 8.800227005677623 4.347814481067829 -5.126097768543615 -2.976608473053924 -6.486386449016804 2.567332580669639
26.753507014028056 12.237042157746956 3.3552133445476784 6.83028412258551 4.862360311081524 -0.16797670397759035 1.2496992608695479 15.776948734311443 22.435892832206356 36.32448813623552 18.401475364280913 20.914491870760553 10.196558850617741 14.573011417345235 1.8017000381257278 4.77173280485071 21.404891652954603 9.241536515448987 13.049582259061392 3.4364692966606647 7.058772782081952 22.936998362381182 0.6762716488475462 8.809360692328152 4.356948167718375 -5.116964081893086 -2.9674747864033955 -6.477252762366257 2.5764662673201855
26.81362725450902 12.24616159485592 3.3643327816566426 6.839403559694492 4.871479748190506 -0.15885726686860835 1.258818697978512 15.786068171420407 22.445012269315328 36.3336075733445 18.410594801389877 20.92361130786953 10.205678287726723 14.582130854454217 1.810819475234692 4.780852241959692 21.414011090063575 9.250655952557969 13.058701696170374 3.445588733769629 7.067892219190917 22.946117799490153 0.6853910859565104 8.818480129437134 4.3660676048273395 -5.107844644784104 -2.9583553492944135 -6.468133325257293 2.5855857044291497
26.873747494989978 12.25526681257092 3.3734379993716246 6.848508777409474 4.880584965905488 -0.1497520491536264 1.267923915693494 15.795173389135389 22.45411748703031 36.34271279105948 18.41970001910486 20.93271652558452 10.214783505441705 14.591236072169199 1.819924692949674 4.789957459674674 21.423116307778567 9.25976117027295 13.067806913885356 3.4546939514846287 7.0769974369058986 22.955223017205135 0.6944963036715102 8.827585347152116 4.375172822542339 -5.098739427069122 -2.9492501315794315 -6.459028107542293 2.5946909221441494
26.93386773547094 12.264357840074158 3.382529026874881 6.857599804912731 4.889675993408744 -0.1406610216503701 1.2770149431967504 15.804264416638645 22.463208514533566 36.351803818562736 18.428791046608115 20.941807553087774 10.223874532944961 14.600327099672455 1.8290157204529303 4.79904848717793 21.432207335281817 9.268852197776207 13.076897941388612 3.463784978987885 7.086088464409155 22.96431404470839 0.7035873311747665 8.836676374655372 4.384263850045578 -5.089648399565866 -2.940159104076175 -6.449937080039037 2.6037819496474057
26.993987975951903 12.27343471216317 3.391605898963874 6.866676677001724 4.8987528654977375 -0.13158414956137676 1.2860918152857437 15.813341288727639 22.47228538662256 36.36088069065174 18.437867918697126 20.95088442517677 10.232951405033955 14.609403971761449 1.8380925925419236 4.808125359266923 21.441284207370817 9.2779290698652 13.085974813477605 3.4728618510768783 7.095165336498166 22.973390916797385 0.7126642032637598 8.845753246744366 4.393340722134589 -5.080571527476873 -2.931082231987182 -6.440860207950044 2.612858821736399
27.054108216432866 12.282497461539066 3.4006686483397885 6.875739426377638 4.907815614873652 -0.12252140018548019 1.295154564661658 15.822404038103553 22.481348135998473 36.36994344002765 18.446930668073023 20.959947174552674 10.242014154409851 14.618466721137363 1.847155341917838 4.817188108642838 21.45034695674672 9.286991819241114 13.09503756285352 3.481924600452775 7.1042280858740625 22.9824536661733 0.7217269526396564 8.85481599612028 4.402403471510485 -5.0715087781009585 -2.9220194826112675 -6.431797458574147 2.6219215711122956
27.11422845691383 12.291546118016239 3.4097173048169616 6.884788082854811 4.916864271350825 -0.11347274370828941 1.304203221138831 15.831452694580726 22.490396792475646 36.37899209650482 18.455979324550196 20.968995831029854 10.251062810887042 14.627515377614536 1.856203998395011 4.826236765120011 21.459395613223897 9.296040475718288 13.104086219330693 3.490973256929948 7.1132767423512355 22.991502322650472 0.7307756091168471 8.863864652597453 4.411452127987658 -5.0624601216237854 -2.9129708261340945 -6.422748802096956 2.6309702275894864
27.174348697394787 12.30058071460899 3.4187519014096956 6.8938226794475455 4.925898867943559 -0.10443814711555532 1.3132378177315651 15.84048729117346 22.49943138906838 36.38802669309755 18.46501392114293 20.97803042762259 10.260097407479776 14.63654997420727 1.865238594987745 4.835271361712745 21.46843020981664 9.305075072311022 13.113120815923427 3.5000078535226997 7.12231133894397 23.000536919243206 0.7398102057095812 8.872899249190187 4.42048672458041 -5.053425525031051 -2.9039362295413604 -6.413714205504222 2.6400048241822205
27.23446893787575 12.30960128630386 3.427772473104582 6.902843251142432 4.9349194396384455 -0.09541757542066875 1.3222583894264517 15.849507862868347 22.508451960763267 36.39704726479244 18.474034492837816 20.987050999317468 10.269117979174645 14.645570545902157 1.8742591666826316 4.844291933407631 21.477450781511514 9.314095644005908 13.122141387618314 3.5090284252175685 7.131331910638856 23.009557490938093 0.74883077740445 8.881919820885074 4.429507296275279 -5.044404953336165 -2.894915657846474 -6.404693633809353 2.6490253958770893
27.294589178356713 12.31860786557231 3.4367790523730157 6.9118498304108655 4.943926018906879 -0.08641099615223524 1.3312649686948852 15.85851444213678 22.5174585400317 36.40605384406087 18.48304107210625 20.99605757858591 10.278124558443096 14.65457712517059 1.883265745951065 4.853298512676065 21.48645736077996 9.323102223274342 13.131147966886747 3.51803500448602 7.14033848990729 23.018564070206526 0.7578373566729013 8.890926400153507 4.43851387554373 -5.035398374067731 -2.8859090785780404 -6.395687054540902 2.6580319751455406
27.354709418837675 12.327600482759653 3.4457716695603757 6.9208424475982255 4.952918636094239 -0.07741837896487525 1.3402575858822452 15.86750705932414 22.52645115721906 36.41504646124823 18.49203368929361 21.00505019577326 10.287117175630438 14.66356974235795 1.892258363138425 4.862291129863425 21.49544997796731 9.332094840461702 13.140140584074107 3.527027621673362 7.14933110709465 23.027556687393886 0.7668299738602435 8.899919017340867 4.447506492731073 -5.026405756880371 -2.8769164613906804 -6.38669443735356 2.667024592332883
27.414829659318634 12.336579167969663 3.4547503547703684 6.929821132808218 4.961897321304232 -0.06843969375488257 1.3492362710922379 15.87648574453415 22.535429842429053 36.424025146458234 18.50101237450362 21.014028880983265 10.296095860840449 14.672548427567943 1.9012370483484355 4.8712698150734175 21.50442866317731 9.341073525671694 13.1491192692841 3.5360063068833725 7.15830979230466 23.03653537260388 0.775808659070254 8.90889770255086 4.456485177941083 -5.017427071670379 -2.8679377761806877 -6.3777157521435495 2.6760032775428932
27.474949899799597 12.345543954490221 3.463715141290944 6.938785919328776 4.970862107824807 -0.0594749072343248 1.3582010576128134 15.885450531054708 22.544394628949618 36.4329899329788 18.509977161024178 21.02299366750383 10.305060647361007 14.681513214088518 1.9102018348689933 4.880234601593993 21.51339344969788 9.350038312192252 13.158084055804675 3.5449710934039302 7.167274578825218 23.045500159124444 0.7847734455908117 8.917862489071435 4.465449964461641 -5.008462285149821 -2.85897298966013 -6.368750965622992 2.684968064063451
27.53507014028056 12.354494875782809 3.4726660625835137 6.9477368406213635 4.979813029117377 -0.05052398594173724 1.3671519789053832 15.894401452347278 22.5533455502422 36.44194085427137 18.518928082316748 21.03194458879641 10.314011568653594 14.690464135381088 1.9191527561615631 4.889185522886563 21.522344370990456 9.35898923348484 13.167034977097245 3.553922014696518 7.176225500117788 23.054451080417024 0.7937243668833993 8.926813410364005 4.474400885754228 -4.999511363857233 -2.8500220683675423 -6.359800044330404 2.6939189853560386
27.595190380761522 12.363431961154685 3.4816031479554077 6.95667392599324 4.988750114489253 -0.04158690056986103 1.3760890642772772 15.903338537719172 22.562282635614082 36.450877939643256 18.527865167688642 21.040881674168286 10.32294865402547 14.699401220752964 1.928089841533457 4.898122608258439 21.531281456362333 9.367926318856716 13.175972062469121 3.562859100068394 7.185162585489682 23.063388165788908 0.8026614522552755 8.935750495735881 4.4833379711261045 -4.990574278485357 -2.841084982995666 -6.350862958958528 2.702856070727915
27.655310621242485 12.372355244154836 3.4905264309555584 6.96559720899339 4.997673397489422 -0.03266361756971037 1.3850123472774278 15.912261820719323 22.571205918614233 36.459801222643414 18.536788450688793 21.049804957168444 10.331871937025621 14.708324503753133 1.9370131245336077 4.9070458912586075 21.540204739362494 9.376849601856884 13.18489534546929 3.5717823830685447 7.194085868489832 23.07231144878906 0.8115847352554262 8.94467377873605 4.492261254126255 -4.981650995485206 -2.8321616999955155 -6.341939675958377 2.7117793537280654
27.715430861723444 12.38126475747471 3.4994359442754153 6.974506722313265 5.0065829108092785 -0.023754104249835706 1.3939218605972847 15.921171334039197 22.58011543193411 36.46871073596328 18.545697964008667 21.058714470488308 10.340781450345496 14.71723401707299 1.9459226378534824 4.915955404578464 21.549114252682358 9.385759115176741 13.193804858789147 3.5806918963884193 7.202995381809707 23.081220962108937 0.8204942485753008 8.953583292055907 4.50117076744613 -4.972741482165332 -2.823252186675641 -6.333030162638503 2.72068886704794
27.775551102204407 12.390160533754049 3.5083317205547537 6.9834024985926035 5.015478687088617 -0.014858327970497243 1.402817636876641 15.930067110318536 22.58901120821345 36.47760651224262 18.554593740288006 21.067610246767646 10.349677226624834 14.726129793352328 1.9548184141328209 4.924851180857803 21.558010028961696 9.39465489145608 13.202700635068485 3.589587672667758 7.2118911580890455 23.090116738388275 0.8293900248546393 8.962479068335245 4.510066543725468 -4.963845705885993 -2.8143564103963024 -6.324134386359164 2.7295846433272786
27.83567134268537 12.399042603721568 3.517213790522291 6.992284568560123 5.024360757056137 -0.00597625800297763 1.4116997068441606 15.938949180286055 22.59789327818097 36.486488582210136 18.563475810255525 21.076492316735166 10.358559296592354 14.735011863319848 1.9637004841003405 4.933733250825322 21.566892098929216 9.4035369614236 13.211582705036005 3.5984697426352774 7.220773228056565 23.098998808355795 0.8382720948221589 8.971361138302765 4.518948613692988 -4.954963635918474 -2.8054743404287827 -6.3152523163916445 2.738466713294798
27.895791583166332 12.407910997964855 3.5260821847655777 7.0011529628034275 5.033229151299441 0.002892136240308929 1.4205681010874471 15.947817574529342 22.606761672424255 36.49535697645344 18.572344204498812 21.085360710978463 10.36742769083564 14.743880257563152 1.972568878343627 4.942601645068627 21.57576049317251 9.412405355666904 13.220451099279309 3.607338136878564 7.229641622299852 23.10786720259908 0.8471404890654455 8.980229532546069 4.5278170079362745 -4.946095241675169 -2.7966059461854784 -6.306383922148358 2.7473351075380847
27.955911823647295 12.416765748235274 3.534936935035997 7.010007713073829 5.042083901569843 0.011746886510728416 1.4294228513578666 15.956672324799761 22.61561642269467 36.504211726723845 18.58119895476923 21.094215461248883 10.37628244110606 14.752735007833572 1.9814236286140465 4.951456395339046 21.584615243442922 9.421260105937305 13.22930584954971 3.6161928871489835 7.238496372570271 23.116721952869497 0.855995239335865 8.98908428281647 4.536671758206694 -4.937240491404768 -2.7877511959150767 -6.2975291718779385 2.7561898578085042
28.016032064128254 12.42560688806913 3.5437780748698344 7.018848852907684 5.050925041403698 0.020588026344583454 1.438263991191704 15.965513464633617 22.624457562528526 36.5130528665577 18.590040094603086 21.10305660108273 10.385123580939915 14.761576147667409 1.9902647684479016 4.9602975351728835 21.593456383276777 9.43010124577116 13.238146989383566 3.6250340269828385 7.247337512404126 23.125563092703345 0.86483637916972 8.997925422650326 4.545512898040549 -4.928399351570913 -2.7789100560812217 -6.288688032044083 2.7650309976423593
28.076152304609217 12.434434445990803 3.5526056327915256 7.027676410829375 5.059752599325389 0.029415584266274664 1.447091549113395 15.97434102255529 22.63328512045021 36.521880424479384 18.59886765252476 21.111884159004422 10.393951138861606 14.7704037055891 1.999092326369575 4.969125093094575 21.602283941198458 9.438928803692852 13.246974547305257 3.633861584904512 7.2561650703258 23.134390650625036 0.8736639370913934 9.006752980572017 4.5543404559622225 -4.919571793649221 -2.7700824981595304 -6.27986047412241 2.7738585555640505
28.13627254509018 12.443248454715299 3.5614196415160215 7.036490419553871 5.068566608049885 0.03822959299075279 1.455905557837891 15.983155031279786 22.642099129174706 36.53069443320388 18.607681661249256 21.120698167728907 10.402765147586084 14.779217714313596 2.007906335094071 4.977939101819071 21.611097949922957 9.447742812417347 13.255788556029753 3.642675593629008 7.2649790790502955 23.143204659349532 0.8824779458158893 9.015566989296513 4.563154464686718 -4.9107577849247255 -2.7612684894350346 -6.271046465397914 2.7826725642885286
