web/models/kne/3/mosfit_kn_0.268580_0.4060_3.6500.dat
# %ECSV 1.0
# ---
# datatype:
# - {name: time, datatype: float64}
# - {name: PS1_g, datatype: float64}
# - {name: PS1_i, datatype: float64}
# - {name: PS1_r, datatype: float64}
# - {name: PS1_w, datatype: float64}
# - {name: PS1_y, datatype: float64}
# - {name: PS1_z, datatype: float64}
# - {name: swift_uvot_B, datatype: float64}
# - {name: swift_uvot_U, datatype: float64}
# - {name: swift_uvot_uvm2, datatype: float64}
# - {name: swift_uvot_uvw1, datatype: float64}
# - {name: swift_uvot_uvw2, datatype: float64}
# - {name: swift_uvot_V, datatype: float64}
# - {name: johnson_B, datatype: float64}
# - {name: johnson_I, datatype: float64}
# - {name: johnson_R, datatype: float64}
# - {name: johnson_U, datatype: float64}
# - {name: johnson_V, datatype: float64}
# - {name: sdss_g, datatype: float64}
# - {name: sdss_i, datatype: float64}
# - {name: sdss_r, datatype: float64}
# - {name: sdss_u, datatype: float64}
# - {name: sdss_z, datatype: float64}
# - {name: ATLAS_c, datatype: float64}
# - {name: ATLAS_o, datatype: float64}
# - {name: ukirt_H, datatype: float64}
# - {name: ukirt_J, datatype: float64}
# - {name: ukirt_K, datatype: float64}
# - {name: Clear, datatype: float64}
# meta: !!omap
# - comment: [kappa = 3.65, type = rprocess, mass = 0.2685795883840597, velocity = 0.406, theta_obs = 0.0, tfloor = 1000.0]
# schema: astropy-2.0
time PS1_g PS1_i PS1_r PS1_w PS1_y PS1_z swift_uvot_B swift_uvot_U swift_uvot_uvm2 swift_uvot_uvw1 swift_uvot_uvw2 swift_uvot_V johnson_B johnson_I johnson_R johnson_U johnson_V sdss_g sdss_i sdss_r sdss_u sdss_z ATLAS_c ATLAS_o ukirt_H ukirt_J ukirt_K Clear
[from data line 169]
10.220440881763526 -17.155085463938207 -19.02078948839602 -18.354743144884758 -18.30874828008154 -19.524584946298393 -19.348333991090332 -16.344296925641608 -15.632827787560597 -11.216023858350987 -13.683740358939502 -11.72651366096343 -17.768033624463826 -16.44025957117082 -19.618791380728286 -18.760162871929904 -15.72208347205213 -17.845286199865985 -16.97471621407031 -19.01278070804784 -18.344131325580726 -14.84723791244928 -19.401614120369448 -17.693169525455605 -18.687372716168298 -19.783893952574566 -19.769980137544625 -19.63828096345876 -18.547199458191983
10.280561122244489 -17.11077451681721 -18.995890988975273 -18.322104906525283 -18.278247576334188 -19.507537427589288 -19.32820231123266 -16.29319829777619 -15.566157572757557 -11.11398257339275 -13.612705605871742 -11.65342865749729 -17.728874291316707 -16.390360215116363 -19.596183877589983 -18.73006924588574 -15.657974574817228 -17.807064121264432 -16.928689814882762 -18.987671865213844 -18.3112476458958 -14.781908416025153 -19.38238750436689 -17.654973905927065 -18.65890617481 -19.777908434602494 -19.758973314010397 -19.635645267849423 -18.52057912104902
10.34068136272545 -17.068023854738588 -18.97199237321173 -18.290687665273655 -18.24894411864312 -19.49127044137798 -19.30893635039812 -16.243848569719177 -15.501683862811948 -11.015203785182862 -13.544248261026883 -11.583113040350973 -17.691115994517165 -16.342184140128428 -19.574513001051088 -18.701132356753007 -15.595985313653237 -17.77022235189333 -16.884272767958883 -18.963568816376863 -18.279589785549373 -14.718729914207973 -19.364003162954244 -17.618178453277267 -18.63155251139551 -19.77240386390052 -19.74858296842319 -19.633400979009444 -18.495060124049143
10.400801603206412 -17.041891184260543 -18.95903060187182 -18.27247170247359 -18.232227004980963 -19.483644702345178 -19.299213156006996 -16.213101209085636 -15.460369026006386 -10.949948051391555 -13.500299230125705 -11.537941642649802 -17.668465082267197 -16.312262026989778 -19.56310930637085 -18.68465467350615 -15.556404532894785 -17.748215478151682 -16.856975617930647 -18.950464125219035 -18.261204391668144 -14.67831600785587 -19.354897476996094 -17.596215945412883 -18.616182743015326 -19.772308742806853 -19.745068930101617 -19.63558782299083 -18.48099637736329
10.460921843687375 -16.97185982297425 -18.917070506545013 -18.219309687342182 -18.18231965256439 -19.453068836217362 -19.26416087489752 -16.133222780042342 -15.357964651228109 -10.796589953150363 -13.392689036418375 -11.427929001670808 -17.605837653086233 -16.234157001845894 -19.524474533522557 -18.63521231877532 -15.45769138152987 -17.68697091130386 -16.784461653009277 -18.908199170215916 -18.20767763220287 -14.577820981463354 -19.321165604578372 -17.535098731987215 -18.56910658300091 -19.75781438280119 -19.723272783878407 -19.62596850562338 -18.436769729758158
10.521042084168336 -16.92619224556532 -18.891158662934142 -18.18551136327665 -18.15086061593151 -19.43517816403407 -19.243114903252838 -16.080615565969858 -15.289501447717289 -10.692325448254273 -13.320895054396065 -11.354605152133285 -17.565367113516547 -16.182809772404156 -19.50090667188877 -18.604043939158174 -15.391822258659513 -17.64748195397798 -16.737046287540007 -18.882072571503414 -18.173619644960066 -14.510692744855529 -19.301052413248918 -17.495726033535703 -18.53960739929338 -19.751266925765073 -19.711574341175968 -19.62286130685905 -18.409329331541215
10.581162324649299 -16.89633140469322 -18.875652626450297 -18.164273418777537 -18.131347516693346 -19.425505190011254 -19.231146708207394 -16.04570733951648 -15.243070463335968 -10.619910942594778 -13.272216123291276 -11.304895553564037 -17.539275481288723 -16.14882326669449 -19.487105723382847 -18.584723270725238 -15.347274282723557 -17.622107902062925 -16.705915163688356 -18.86641038674357 -18.152191487540392 -14.46522724438994 -19.289763811937046 -17.470450186502102 -18.52150160723804 -19.749849256891775 -19.70640759475799 -19.62394821580874 -18.392746903543955
10.64128256513026 -16.831513486938068 -18.837040225108677 -18.115193939897676 -18.085470917715778 -19.39755161225353 -19.198997614450803 -15.971664418823998 -15.147988554517102 -10.477460141353049 -13.173403630570828 -11.204372156277035 -17.48132326103396 -16.076476500992815 -19.45161019684899 -18.539157650656303 -15.255625868630755 -17.56547513375787 -16.638777585815152 -18.82751270505656 -18.102761425042466 -14.371898118437283 -19.258859310743013 -17.414026348487095 -18.47815813037025 -19.7369946342191 -19.686695208146556 -19.615676324086785 -18.352243427204424
10.701402805611222 -16.80729012792165 -18.825201707459414 -18.098407239316288 -18.07022207923712 -19.390755062505782 -19.190215807848308 -15.943076475219222 -15.109455850798383 -10.416570114313174 -13.133275303491914 -11.163509970045563 -17.460337846634648 -16.048696257150276 -19.441246580781144 -18.5240378197559 -15.218714052012452 -17.545117566838965 -16.613457635870574 -18.815539263779844 -18.085807535441294 -14.334189418754697 -19.250667482667296 -17.393780795735516 -18.464090413066927 -19.737346640358858 -19.683800109698986 -19.618198854667238 -18.339544240771204
10.761523046092185 -16.77641813895521 -18.808947215603613 -18.076311403229486 -18.049961176405542 -19.38045520411256 -19.177570804619748 -15.907049120516678 -15.061689561830534 -10.34244034689776 -13.083763740675955 -11.113192304145926 -17.433281910011626 -16.013627253427764 -19.426734399304213 -18.503914483415286 -15.172859385857269 -17.51880619665259 -16.58129111360754 -18.799125444547897 -18.063513130256474 -14.287392089326811 -19.238720284341326 -17.367612544233637 -18.44521042470742 -19.735494491994952 -19.678110476497217 -19.618912398590652 -18.322301075199636
10.821643286573146 -16.701874241271355 -18.76382197512097 -18.0194264094977 -17.996833781785355 -19.347326186397957 -19.139715517903362 -15.822116735310676 -14.953127071783126 -10.180899244712695 -12.97214050158182 -11.000138087717012 -17.366399730960442 -15.930640221879603 -19.38512064781688 -18.45101618468303 -15.068139406393517 -17.45343414050255 -16.504141040163027 -18.753679286421807 -18.006224431703615 -14.180767969926045 -19.20227419698458 -17.30256416112237 -18.394819520904377 -19.719401203380503 -19.65427761476592 -19.607995445371028 -18.275274644814097
10.881763527054108 -16.680123807778582 -18.753538377029724 -18.004557774609786 -17.983453042741946 -19.34172284047042 -19.13226762177178 -15.7963123783546 -14.918110380424388 -10.12526127515667 -12.936093798136543 -10.963600834665147 -17.34762908047084 -15.905600157043857 -19.376207554398405 -18.437707625356065 -15.034618754013415 -17.435256329631393 -16.48137446250235 -18.74327050753962 -17.99119696661302 -14.146502597994353 -19.1953773252229 -17.284525346179365 -18.382490110825174 -19.72045036716471 -19.65230413442482 -19.61106683966676 -18.26428186624705
10.941883767535069 -16.638999172904256 -18.730430846518953 -17.974244612208512 -17.95550388365008 -19.325973972333212 -19.113617899063478 -15.748812773843579 -14.856133962186586 -10.030916553082964 -12.872683077204545 -10.899493079181969 -17.311178928226216 -15.859308290949436 -19.355255431558255 -18.409852684355805 -14.974991066807021 -17.39974246662237 -16.438652877487954 -18.71996618443596 -17.960632574461837 -14.085701923579919 -19.177595369365612 -17.249244345106263 -18.356175672079598 -19.715168032095814 -19.64226585193593 -19.608967100078388 -18.24009592711242
11.002004008016032 -16.562469247736882 -18.68390114071577 -17.9157129484833 -17.900978978950413 -19.29171025514254 -19.074516900289336 -15.661653573307241 -14.744863714871101 -9.865838290924835 -12.759521939930565 -10.785364670817973 -17.24241232050205 -15.77417874239583 -19.31232014242654 -18.3554331659719 -14.867626603190029 -17.33254792139824 -16.359462930581756 -18.673108522048754 -17.901678059786228 -13.976376576773877 -19.1399446492618 -17.18247655898603 -18.3043266606359 -19.698369517840263 -19.61753025005546 -19.59748197126515 -18.191867249505123
11.062124248496994 -16.544328220216205 -18.675926337437936 -17.90366993887826 -17.890313583780237 -19.287895725840105 -19.069061162279528 -15.639906532113443 -14.714944448721248 -9.817710046993827 -12.729102343084246 -10.754670290018765 -17.22689637246611 -15.753124796508796 -19.305564923898945 -18.344789038484308 -14.839029475632294 -17.31756841086266 -16.34042022852487 -18.66502250596188 -17.889490474018288 -13.947112766187058 -19.13498188995078 -17.1676526682705 -18.294555120609726 -19.70048400104099 -19.616950007539256 -19.60140098653573 -18.183343948011057
11.122244488977955 -16.49850493840617 -18.64963194718241 -17.86955918294172 -17.85887714070391 -19.26959821804493 -19.047608155995306 -15.587150507394771 -14.646487481768009 -9.714309943161851 -12.65988285376416 -10.684995598355908 -17.18610771194702 -15.701707735528693 -19.281615479552993 -18.31337315741503 -14.773110291746018 -17.277815508846125 -16.292864485590748 -18.638514372009478 -17.855100169777067 -13.879909795268297 -19.11447803445654 -17.128214246979656 -18.264817564448705 -19.69359077986075 -19.604873163558203 -19.597979830608217 -18.156034345723988
11.182364729458918 -16.421836616345846 -18.602918982055208 -17.810852901501164 -17.804343981804358 -19.235164747479576 -19.008327354413677 -15.499833418578632 -14.53508033499542 -9.549394406973239 -12.547811350671783 -10.572404943279551 -17.117141507489137 -15.616463859874944 -19.23850495716079 -18.258820233345745 -14.665590833765656 -17.21045160136089 -16.213537764283608 -18.591473272373342 -17.795960428000583 -13.770413172628917 -19.076658654719303 -17.061372229227505 -18.21284436272485 -19.67668821972628 -19.580001217210548 -19.586417439493605 -18.107861746789915
11.242484969939879 -16.405691072242572 -18.596189922678903 -17.800352802464232 -17.79517333827819 -19.232298993192813 -19.003936073505407 -15.480336777652958 -14.508009334100915 -9.50552574388816 -12.520657274210407 -10.545130845595384 -17.10341202540952 -15.597623796409245 -19.232909704654457 -18.24963068353781 -14.639740693252012 -17.197229200517402 -16.196556305848713 -18.584640996448698 -17.78532290457255 -13.743939517918164 -19.072728153367873 -17.048323712066438 -18.204467065956553 -19.679342740401783 -19.580146019621285 -19.590754231303823 -18.100698105751807
11.302605210420841 -16.357767157608283 -18.568425234902186 -17.7645134314343 -17.762208277395164 -19.212810194383962 -18.98117854379432 -15.42523283299617 -14.436687175450924 -9.398278979401859 -12.449358469409884 -10.473641931269139 -17.06065234894662 -15.543933324600058 -19.20757452415308 -18.216604959530926 -14.571030245430567 -17.155560586853614 -16.146842434616158 -18.556655231655288 -17.749187454410542 -13.673891022264435 -19.05095930152285 -17.007043072159505 -18.173182332450732 -19.671687058796877 -19.567110163254338 -19.586705782732526 -18.07204180097255
11.362725450901802 -16.27891443599884 -18.520176964101953 -17.704002917423445 -17.706134185833697 -19.1771391415757 -18.940537833851092 -15.33546464080538 -14.322290367869286 -9.229439080185639 -12.335518480518903 -10.35968075423986 -16.9896184302696 -15.456331476415585 -19.1630202895517 -18.160386759919895 -14.460593334348061 -17.086197373628625 -16.06527128722476 -18.508071062905742 -17.688222566588667 -13.561414435025636 -19.011825326014726 -16.938309573644794 -18.119612535315053 -19.65401932893698 -19.541255779681457 -19.57452927560348 -18.022540257347792
11.422845691382765 -16.261598240475532 -18.512602338079898 -17.692524212378338 -17.696085908913606 -19.173571242395422 -18.935386238366725 -15.314670154016216 -14.293654605104784 -9.183497913133593 -12.307191078131137 -10.331355440170164 -16.974785659001867 -15.43623175132128 -19.156622934426608 -18.150279603846872 -14.433216773665471 -17.07190003163008 -16.047089541238968 -18.500389450756156 -17.67659799593403 -13.533386525706632 -19.007154796719128 -16.92422291468068 -18.110349709993496 -19.656191808367375 -19.540817666198578 -19.578453414980995 -18.01459192012688
11.482965931863728 -16.22114318715079 -18.48969814365473 -17.662585126858996 -17.66874608254316 -19.157889765327543 -18.916849292830484 -15.26794379137008 -14.232798743815156 -9.091493284413929 -12.24704963321578 -10.271265370146793 -16.938798368212346 -15.390763461886475 -19.13584151004691 -18.12281801779686 -14.374628040466188 -17.036881836468286 -16.005074755289126 -18.477292423762055 -17.64639460614495 -13.473621724839884 -18.98948634665155 -16.88959670739255 -18.08441090313229 -19.650864361105086 -19.53078111413932 -19.57628642494695 -17.99104496353321
11.543086172344688 -16.156227936741843 -18.4505836641749 -17.61312637284764 -17.623159739858227 -19.12940238220127 -18.884159087041663 -15.193798505609195 -14.13787683309824 -8.95084970944865 -12.153546795028713 -10.177945135749308 -16.88043588820583 -15.318482503160208 -19.099851681183495 -18.077016438088844 -14.283035462881923 -16.9799543808293 -15.937865867715058 -18.437894281953113 -17.596543793153074 -13.380294266631694 -18.958077046461188 -16.833274328210805 -18.04085156294514 -19.63762564018635 -19.510606397908656 -19.567704441060393 -17.951056468529085
11.603206412825651 -16.122353397330524 -18.431982276653383 -17.588400115929 -17.600754409731394 -19.117097018448472 -18.86936295080467 -15.154454042973946 -14.08623022591236 -8.872176117380274 -12.102945748535152 -10.127509738753776 -16.85043192509629 -15.280250030574262 -19.083102241844607 -18.05446359672746 -14.233357783542175 -16.950805750185346 -15.902633160229147 -18.41912487292344 -17.571583478991712 -13.329586239155837 -18.944041498991258 -16.804499958981243 -18.019628070561744 -19.634362364723362 -19.50322981410288 -19.567203766259556 -17.93197719353966
11.663326653306612 -16.06778599293607 -18.39966066395588 -17.547155597458417 -17.562928138972946 -19.09395253103842 -18.842586822839884 -15.09191149414714 -14.005765029457677 -8.752396803060702 -12.024274868875615 -10.04915317220274 -16.80149095472703 -15.219338303150906 -19.05348104344131 -18.016396059098156 -14.155757873526486 -16.90311840112821 -15.846086992127173 -18.38655839697175 -17.529995425910556 -13.25048113011622 -18.918376301173687 -16.75737898836669 -17.983499408373778 -19.624408323015686 -19.48727477493353 -19.56128145946751 -17.899011709876262
11.723446893787575 -15.986099228031936 -18.349356438476736 -17.484260007496513 -17.504930209746004 -19.056608153381678 -18.80011171806048 -14.99895789893036 -13.88751897147742 -8.57879357643434 -11.90910281641381 -9.934564215493381 -16.72771907593032 -15.128707946106207 -19.00699235266335 -17.958005227366495 -14.041548945873068 -16.83113081761517 -15.761607636943964 -18.33590847165615 -17.46660991653398 -13.134139790922017 -18.87747467832984 -16.686232969250216 -17.927848995759526 -19.605712756502985 -19.46009377193489 -19.548289463302787 -17.847903594821766
11.783567134268537 -15.945160945847334 -18.326001812277113 -17.453848600924502 -17.47730124016833 -19.04052176361425 -18.781146775775177 -14.951698577575627 -13.826083753941614 -8.486394991155816 -11.849665117674828 -9.875520756625264 -16.691204091502502 -15.082761942046478 -18.985778631027063 -17.930129610626466 -13.982373233774911 -16.79562367974531 -15.719104096160113 -18.31236001598059 -17.43592130262618 -13.073764686876288 -18.859394568481083 -16.651218978330302 -17.90151144553061 -19.600096035586546 -19.44971263477818 -19.545876576513677 -17.82415155435526
11.843687374749498 -15.897713733546652 -18.298312077324983 -17.41822813912803 -17.444839718339562 -19.02100459591857 -18.75839195950892 -14.897141852514093 -13.755594669142983 -8.381160368820208 -11.781654130075374 -9.808007433266596 -16.648717279580627 -15.029690872477136 -18.960497081302645 -17.897368549353835 -13.914420886750644 -16.75427627906506 -15.669897629934244 -18.284452376759788 -17.399987045644316 -13.004460731675547 -18.837636724731777 -16.610444083929234 -17.870480783838794 -19.592360511621628 -19.436615152345986 -19.541747901666625 -17.796060346835763
