web/models/kne/3/mosfit_kn_0.268580_0.3120_10.0000.dat
# %ECSV 1.0
# ---
# datatype:
# - {name: time, datatype: float64}
# - {name: PS1_g, datatype: float64}
# - {name: PS1_i, datatype: float64}
# - {name: PS1_r, datatype: float64}
# - {name: PS1_w, datatype: float64}
# - {name: PS1_y, datatype: float64}
# - {name: PS1_z, datatype: float64}
# - {name: swift_uvot_B, datatype: float64}
# - {name: swift_uvot_U, datatype: float64}
# - {name: swift_uvot_uvm2, datatype: float64}
# - {name: swift_uvot_uvw1, datatype: float64}
# - {name: swift_uvot_uvw2, datatype: float64}
# - {name: swift_uvot_V, datatype: float64}
# - {name: johnson_B, datatype: float64}
# - {name: johnson_I, datatype: float64}
# - {name: johnson_R, datatype: float64}
# - {name: johnson_U, datatype: float64}
# - {name: johnson_V, datatype: float64}
# - {name: sdss_g, datatype: float64}
# - {name: sdss_i, datatype: float64}
# - {name: sdss_r, datatype: float64}
# - {name: sdss_u, datatype: float64}
# - {name: sdss_z, datatype: float64}
# - {name: ATLAS_c, datatype: float64}
# - {name: ATLAS_o, datatype: float64}
# - {name: ukirt_H, datatype: float64}
# - {name: ukirt_J, datatype: float64}
# - {name: ukirt_K, datatype: float64}
# - {name: Clear, datatype: float64}
# meta: !!omap
# - comment: [kappa = 10.0, type = rprocess, mass = 0.2685795883840597, velocity = 0.312, theta_obs = 0.0, tfloor = 1000.0]
# schema: astropy-2.0
time PS1_g PS1_i PS1_r PS1_w PS1_y PS1_z swift_uvot_B swift_uvot_U swift_uvot_uvm2 swift_uvot_uvw1 swift_uvot_uvw2 swift_uvot_V johnson_B johnson_I johnson_R johnson_U johnson_V sdss_g sdss_i sdss_r sdss_u sdss_z ATLAS_c ATLAS_o ukirt_H ukirt_J ukirt_K Clear
[from data line 169]
10.220440881763526 -17.748256612021525 -19.216802331408633 -18.708505388675256 -18.627913940999452 -19.561768176352476 -19.447684792153055 -17.074642955802812 -16.681508970500172 -12.998943121684622 -14.87975262850755 -13.000532499433216 -18.253318430192166 -17.148077602626376 -19.7686182374063 -19.063925908376238 -16.717624612869788 -18.312815129868905 -17.60288517523838 -19.21305611734409 -18.702397579128593 -15.866865317657819 -19.483062875269823 -18.16504793025814 -18.958619454887167 -19.59943244774855 -19.68603356751375 -19.386936198120917 -18.790845931378843
10.280561122244489 -17.81005698860323 -19.261859564031845 -18.76018499152556 -18.678535686151516 -19.60020978019358 -19.488706198769457 -17.142155105405596 -16.762440489513075 -13.11128840963525 -14.96928109907298 -13.095081403945294 -18.310463094373237 -17.21472170976716 -19.81175816187194 -19.11358195434825 -16.79628201489478 -18.369269367747926 -17.666157148928026 -19.258291181239535 -18.754245470051423 -15.946501249140148 -19.52335527565218 -18.221896884786446 -19.006939371111713 -19.62873109032127 -19.71947496390289 -19.413484370874997 -18.838453440793224
10.34068136272545 -17.871681188201052 -19.306775273046988 -18.811706867443636 -18.729035649565127 -19.638530431331027 -19.529597846680247 -17.20947352598386 -16.843151297563548 -13.2233868924733 -15.058757958879383 -13.1897243335461 -18.36743227813707 -17.281180273965656 -19.854763018329706 -19.163091093426143 -16.87472042716638 -18.42555413496379 -17.72924962251487 -19.303384190216555 -18.805933552962113 -16.025913215346463 -19.563521493104385 -18.278593099549898 -19.055118119806416 -19.6579442803654 -19.75281457979861 -19.439958334472745 -18.885959676035977
10.400801603206412 -17.93313262805933 -19.351552180020732 -18.863073998705833 -18.779416729851945 -19.67673258151928 -19.5703622982721 -17.276601911070976 -16.923645753364767 -13.335244263046068 -15.14818595853539 -13.28446498528692 -18.424229227570105 -17.347456890338652 -19.897635443509458 -19.212456163978324 -16.95294410048658 -18.48167260873264 -17.792166080324847 -19.34833787275771 -18.8574648288839 -16.10510552937578 -19.603564046184445 -18.335139716826827 -19.103158485147507 -19.687074023078118 -19.78605463084783 -19.466359939317833 -18.93336739382642
10.460921843687375 -17.994395387997262 -19.39618026586656 -18.91427402094708 -18.82966685278099 -19.714808539366153 -19.610990960883363 -17.34352237360489 -17.00390134744426 -13.446826928240817 -15.237537360140898 -13.379274344024154 -18.480839696660773 -17.413533908036158 -19.94036608576967 -19.261665447301255 -17.030931317097224 -18.537610740895417 -17.854890089831787 -19.393142146844102 -18.908826887984738 -16.184056153831836 -19.643474583113605 -18.391522475841402 -19.151049216665523 -19.716115761119323 -19.819189148093894 -19.492685549816052 -18.980665547610087
10.521042084168336 -18.055479648772934 -19.44066670347972 -18.96531528322205 -18.87979412607331 -19.752764291434772 -19.651490289408358 -17.410246161314557 -17.08393184695293 -13.558154331774851 -15.32682545603608 -13.474167195481343 -18.537273054339718 -17.479422355783377 -19.982961767603282 -19.310726868254548 -17.10869542284372 -18.59337773562849 -17.917432102250093 -19.437804216918497 -18.960028121676462 -16.262778632705537 -19.68325941379918 -18.447750594688674 -19.198797999061785 -19.745073764973654 -19.852223187848086 -19.518938899754975 -19.027861682335256
10.581162324649299 -18.116366901084504 -19.484999763695292 -19.016183367653436 -18.92978442209035 -19.790590771651733 -19.69185018700845 -17.476752507314412 -17.163711157566386 -13.66918759974752 -15.41601818683759 -13.569109586985778 -18.59351272374304 -17.545101739720725 -20.02541152393616 -19.359626751642917 -17.186211239115636 -18.64895724383659 -17.97977301915278 -19.482312281836123 -19.011054060355548 -16.34124742083449 -19.72290871743903 -18.503807462647472 -19.246391690197218 -19.773942554421705 -19.885149653979344 -19.545115565945764 -19.074942833120083
10.64128256513026 -18.17706669981627 -19.529186202968347 -19.066886125468 -18.979645346315657 -19.82829362865319 -19.732076740454456 -17.543051964782947 -17.243252184510478 -13.779944917986406 -15.505127800981242 -13.664115021612119 -18.649567510008122 -17.610582403221805 -20.067721783565517 -19.408372547959598 -17.263491279517613 -18.704357913297272 -18.041922647645432 -19.52667312748103 -19.061912596146335 -16.419475218899446 -19.762428444116615 -18.559701727828717 -19.293837515136136 -19.802726166681715 -19.917973322261737 -19.57121908038072 -19.121916073170908
10.701402805611222 -18.237579568568858 -19.57322682647078 -19.117424240416057 -19.029377505146936 -19.865873771089753 -19.77217082478953 -17.609145009197633 -17.322555286475527 -13.890426125403103 -15.594152289078593 -13.759181652901663 -18.705438049957117 -17.675864767559307 -20.109893374802922 -19.456964908158618 -17.340535931620142 -18.75958034752214 -18.10388149306304 -19.570887555878613 -19.112604423947328 -16.49746242362932 -19.80181946482487 -18.61543390814159 -19.34113614267183 -19.831425567531685 -19.950695141188852 -19.59725040527958 -19.168782020131765
10.761523046092185 -18.29788975964906 -19.617111717286804 -19.167785487010747 -19.07896884577534 -19.90332355717598 -19.812123920064657 -17.675013968265613 -17.401598223643617 -14.000597942528387 -15.683063671434656 -13.854279480605353 -18.7611102782786 -17.74093137631207 -20.15191703196565 -19.50539222621612 -17.41732374711414 -18.814610664005805 -18.16563330248666 -19.61494558853179 -19.16311727857371 -16.57518727996349 -19.84107349126747 -18.670989852987976 -19.388276418342922 -19.8600361531947 -19.983309139680525 -19.62320582872177 -19.2155295890435
10.821643286573146 -18.358005346995476 -19.66084665050909 -19.21797653925383 -19.128425808816907 -19.940647846591837 -19.851941249508105 -17.740667746521154 -17.480391852601738 -14.110475572552165 -15.77187183757994 -13.949419270739497 -18.816591661915194 -17.80579094917162 -20.193798258362563 -19.553660834576647 -17.493865260074443 -18.869456192149304 -18.227186358330556 -19.65885302478286 -19.21345787046695 -16.65266048090002 -19.880195630981827 -18.726376871304247 -19.435264486715464 -19.888561433927038 -20.015819447968166 -19.649088434738037 -19.262164770392705
10.881763527054108 -18.4179186581086 -19.704427024761593 -19.267991578311268 -19.177742582874604 -19.97784322377008 -19.891618943950142 -17.80609768628245 -17.55892516042657 -14.220042167678425 -15.860561545851333 -14.044584538445516 -18.87187544012128 -17.87043490489705 -20.235532788557215 -19.601765203950336 -17.570149873195017 -18.924110242736077 -18.288532725330793 -19.702605230965595 -19.26362036806152 -16.729871282397237 -19.919182127154613 -18.78158807632273 -19.482095050229287 -19.916999528891207 -20.048223498962763 -19.67489678265984 -19.30868222786982
10.941883767535069 -18.477626196505934 -19.7478509875366 -19.317828098412857 -19.226916585493914 -20.014908458929224 -19.931155539429355 -17.871299791423347 -17.63719293967082 -14.329289378213574 -15.949124152560525 -14.139765807137671 -18.926958629296912 -17.93485925198008 -20.277118943024412 -19.6497029477817 -17.646172600163894 -18.97856984634435 -18.34966876960671 -19.746200337424007 -19.313602266726306 -16.8068146340247 -19.958031566575674 -18.836620338284078 -19.528765840499673 -19.945349966363533 -20.080520486532194 -19.700630607612087 -19.355079599827096
11.002004008016032 -18.537134064067384 -19.79112300916535 -19.367491207130758 -19.27595270866025 -20.05184736446914 -19.970555112020776 -17.93628077009877 -17.715203315211117 -14.438228419971612 -16.037566413165347 -14.234970260123973 -18.98184691506539 -17.999070546686372 -20.318560994999714 -19.697478910753496 -17.721941335775846 -19.032840577242172 -18.41060074301673 -19.789642831807974 -19.363408704544334 -16.883498551879335 -19.996747937661272 -18.891479183809317 -19.575281564831712 -19.973615560684227 -20.112713685887638 -19.726292403636197 -19.40136143822599
11.062124248496994 -18.596429210235463 -19.83423493686786 -19.416970819586776 -19.324840895074686 -20.08865367429644 -20.009810670810655 -18.001025978147577 -17.792937819291286 -14.546831475379761 -16.125864276864128 -14.33017146885684 -19.036528690348604 -18.063054301890705 -20.35985132989949 -19.745083503286757 -17.797438284392772 -19.086910964849185 -18.471315172311336 -19.832924510157568 -19.413029569792375 -16.959904994073245 -20.035324436218627 -18.94615285397471 -19.62163300208962 -20.001792531075143 -20.144798199736442 -19.751879115496266 -19.44751844967449
11.122244488977955 -18.655513544670654 -19.877188473712053 -19.46626871751656 -19.373582740562885 -20.125328983276773 -20.04892386128523 -18.065537454608258 -17.870398762593904 -14.65510121725153 -16.214017698493244 -14.425369015033759 -19.091005859822616 -18.126812469845962 -20.400991612486294 -19.792518407083872 -17.872665725497534 -19.140782854785684 -18.531813992261483 -19.876047078051293 -19.462466663056386 -17.036036282642115 -20.073762678871923 -19.00064308303353 -19.66782180456514 -20.029882222832956 -20.176775495364154 -19.777391993040997 -19.493552121136357
11.182364729458918 -18.714393937548728 -19.919988590981177 -19.515390616259474 -19.42218372097436 -20.161877496391778 -20.087899194475014 -18.129822767337338 -17.947595343407787 -14.763050451706533 -16.302034695274283 -14.520571264223271 -19.145284803701134 -18.19035245436798 -20.44198658586642 -19.83978904375353 -17.94763259128682 -19.194462505931696 -18.592104246494632 -19.91901552700531 -19.51172573274727 -17.11190148651932 -20.11206707740218 -19.054956086219565 -19.713853233971737 -20.05788769255957 -20.20864915829307 -19.802833727924757 -19.539467537561457
11.242484969939879 -18.773053355669802 -19.962624502123578 -19.564323272141095 -19.47063060519172 -20.19829082465982 -20.126727359500087 -18.193862844438684 -18.024503579023925 -14.870643219309446 -16.389884596560318 -14.615744156932355 -19.199350332406706 -18.253655396059315 -20.482826148864987 -19.886882812482398 -18.022315763457872 -19.247934910143446 -18.652168361128894 -19.96181900550539 -19.560793499183102 -17.18747716976628 -20.15022856102494 -19.109076485360568 -19.759715156091193 -20.085803724560837 -20.240412544955735 -19.828200036539393 -19.585252432376024
11.302605210420841 -18.831498852056185 -20.005101294124188 -19.613072544889825 -19.51892898797615 -20.23457325690348 -20.165412964070324 -18.257665462115746 -18.10113292793483 -14.97789270166685 -16.47757567736326 -14.710896154261771 -19.253208995093846 -18.316728902038818 -20.523515151076037 -19.93380526927827 -18.09672442713489 -19.301206491184125 -18.712013568592862 -20.004462621618515 -19.609675856525364 -17.262772659322767 -20.188251634384784 -19.163010652313908 -19.805412959424213 -20.113633412119484 -20.272069298915305 -19.853493633321314 -19.630911988486197
11.362725450901802 -18.889730394800672 -20.04741938233421 -19.661638674335666 -19.5670789189451 -20.27072534736318 -20.203956517610955 -18.321230500627774 -18.177483014437374 -15.084797634013952 -16.565104772784913 -14.806023144825588 -19.306860947079826 -18.37957279577312 -20.564054041130284 -19.980556628418988 -18.17085826811769 -19.354277369157217 -18.77163980477521 -20.046946786546673 -19.658373058450582 -17.337787647976608 -20.22613680449812 -19.216758558971776 -19.85094687624379 -20.141377394222793 -20.303620029702856 -19.87871516283375 -19.676446245300294
11.422845691382765 -18.947738085254482 -20.08957267364993 -19.71001407488524 -19.61507269371122 -20.306742439159358 -20.242352815587346 -18.38454685005565 -18.253539772863938 -15.191336600462208 -16.652452627578693 -14.901103206581098 -19.360297447295924 -18.44217606105213 -20.60443713348895 -20.02712965984066 -18.24470375147004 -19.407138889092202 -18.83103684453662 -20.089265368087794 -19.706877506156086 -17.41250842283444 -20.26387900260268 -19.27031125147904 -19.896309949765705 -20.16903286530608 -20.335061102487497 -19.90386235518867 -19.721848033317553
11.482965931863728 -19.005530791534504 -20.131567446932035 -19.758206043963273 -19.662917323070452 -20.342629768979386 -20.28060750825805 -18.447624310166876 -18.32931518440855 -15.297526516616745 -16.739630559892742 -14.996148006207019 -19.413526680926953 -18.504548302483283 -20.6446703995701 -20.073531288075614 -18.31827249850574 -19.4597990893547 -18.89021378991316 -20.13142467275955 -19.755196536390986 -17.486946781095707 -20.30148375028629 -19.323676741589395 -19.94150888836174 -20.19660353413133 -20.366396926649752 -19.928938441294562 -19.76712384690737
11.543086172344688 -19.063098502074336 -20.1733975287142 -19.80620690565919 -19.71060498511939 -20.37838260535816 -20.31871531480169 -18.510451650605646 -18.40479503342671 -15.403345733020387 -16.82661908715673 -15.091135171956726 -19.466539809935323 -18.56667838238762 -20.68474807508312 -20.119754193553707 -18.39155083148323 -19.512249217179797 -18.949160300031647 -20.173418487831825 -19.803322460738446 -17.56108886685853 -20.338945902610845 -19.37684596315945 -19.9865366453961 -20.224086524468273 -20.397623794875575 -19.953941082105416 -19.81226639260477
11.603206412825651 -19.120441325536213 -20.215063416267842 -19.854017009584375 -19.758135791463847 -20.414001550121093 -20.356676806416303 -18.573028917143894 -18.479979150928934 -15.508793274212444 -16.913415228759394 -15.186060439616703 -19.51933712393099 -18.62856628366709 -20.72467068067762 -20.16579868952266 -18.464538639051923 -19.564489521961278 -19.00787645651521 -20.21524730733665 -19.851255644624644 -17.634934581438948 -20.37626602401378 -19.429818998606425 -20.03139354283734 -20.251482469886867 -20.428742335161427 -19.978870901593858 -19.85727574273442
11.663326653306612 -19.177565276174864 -20.25656950124036 -19.901641388169562 -19.805514501630128 -20.449490323400052 -20.39449597319905 -18.635362732050613 -18.55487556120579 -15.613880248010087 -17.000025731536432 -15.28093028882051 -19.571924234386657 -18.690218478466324 -20.76444240779723 -20.211669546649038 -18.537243721238987 -19.616525504267713 -19.066368422698936 -20.25691554059531 -19.89900115187286 -17.70849184721154 -20.413448015765496 -19.482601276533682 -20.07608420765102 -20.27879406766322 -20.459755716557222 -20.00373027143668 -19.902156294480537
11.723446893787575 -19.234457182233324 -20.297907514552502 -19.949069857887185 -19.852730752856118 -20.48484249630251 -20.432165683638086 -18.69743835568241 -18.629465676239505 -15.718578530745301 -17.086425836734556 -15.375716168733756 -19.6242894642974 -18.75162036142845 -20.804055511137626 -20.257357051740048 -18.609648182198566 -19.66834560607818 -19.12462260430866 -20.298414868517707 -19.946548779978173 -17.781742534998628 -20.450484923421453 -19.535180851199776 -20.120599275088313 -20.30601727840645 -20.490658826621626 -20.028515850202236 -19.946898362712773
11.783567134268537 -19.291122316524856 -20.339081353094848 -19.996306861987723 -19.899788700176728 -20.520061384210084 -20.46968948854646 -18.75926158838815 -18.703756496470927 -15.822897717043997 -17.172621079933847 -15.470423064368507 -19.67643775968818 -18.81277759261174 -20.843513713385732 -20.30286541270935 -18.681758834623345 -19.71995467032618 -19.18264440157227 -20.339749203238515 -19.9939030022011 -17.854693567206503 -20.48738021832179 -19.587562473285836 -20.164942825995027 -20.33315451500648 -20.521454495405198 -20.053229761757137 -19.99150577149104
11.843687374749498 -19.347565980974437 -20.38009493295368 -20.04335686628492 -19.946692530559247 -20.55515031937869 -20.507070956276632 -18.820838260989074 -18.777755060933643 -15.926847477087986 -17.25861712708687 -15.5650561164069 -19.72837409003579 -18.873695864639725 -20.882820756004634 -20.34819886144514 -18.75358252742557 -19.77135756480004 -19.240439244583634 -20.380922476156904 -20.041068313839556 -17.92735190195822 -20.524137389624286 -19.6397509241255 -20.20911896516621 -20.360208206344726 -20.552145569248612 -20.07787414601928 -20.03598237926905
