web/models/kne/3/mosfit_kn_0.268580_0.1867_10.0000.dat
# %ECSV 1.0
# ---
# datatype:
# - {name: time, datatype: float64}
# - {name: PS1_g, datatype: float64}
# - {name: PS1_i, datatype: float64}
# - {name: PS1_r, datatype: float64}
# - {name: PS1_w, datatype: float64}
# - {name: PS1_y, datatype: float64}
# - {name: PS1_z, datatype: float64}
# - {name: swift_uvot_B, datatype: float64}
# - {name: swift_uvot_U, datatype: float64}
# - {name: swift_uvot_uvm2, datatype: float64}
# - {name: swift_uvot_uvw1, datatype: float64}
# - {name: swift_uvot_uvw2, datatype: float64}
# - {name: swift_uvot_V, datatype: float64}
# - {name: johnson_B, datatype: float64}
# - {name: johnson_I, datatype: float64}
# - {name: johnson_R, datatype: float64}
# - {name: johnson_U, datatype: float64}
# - {name: johnson_V, datatype: float64}
# - {name: sdss_g, datatype: float64}
# - {name: sdss_i, datatype: float64}
# - {name: sdss_r, datatype: float64}
# - {name: sdss_u, datatype: float64}
# - {name: sdss_z, datatype: float64}
# - {name: ATLAS_c, datatype: float64}
# - {name: ATLAS_o, datatype: float64}
# - {name: ukirt_H, datatype: float64}
# - {name: ukirt_J, datatype: float64}
# - {name: ukirt_K, datatype: float64}
# - {name: Clear, datatype: float64}
# meta: !!omap
# - comment: [kappa = 10.0, type = rprocess, mass = 0.2685795883840597, velocity = 0.1866666666666667, theta_obs = 0.0, tfloor = 1000.0]
# schema: astropy-2.0
time PS1_g PS1_i PS1_r PS1_w PS1_y PS1_z swift_uvot_B swift_uvot_U swift_uvot_uvm2 swift_uvot_uvw1 swift_uvot_uvw2 swift_uvot_V johnson_B johnson_I johnson_R johnson_U johnson_V sdss_g sdss_i sdss_r sdss_u sdss_z ATLAS_c ATLAS_o ukirt_H ukirt_J ukirt_K Clear
[from data line 255]
15.390781563126252 -7.411855495146238 -12.250400445750174 -10.386699491113198 -10.998285382548989 -14.012534879013252 -13.33113913110271 -5.488230240558006 -2.338885703828275 6.898772838748461 -1.889683760335021 0.02402904323836852 -8.708589918345641 -5.890816425917706 -13.227653497505464 -11.308167030472049 -2.804165322434262 -9.017230861196166 -6.963864193818292 -12.209371055201625 -10.311634121572393 -1.6974773817493194 -13.55610552888903 -9.053271165019883 -11.497243569096884 -16.14680671682105 -15.276961342017437 -16.588161159133087 -11.980565327509893
15.450901803607215 -7.407915501288063 -12.250494018278353 -10.385166600465627 -10.99794928303071 -14.014379458906241 -13.332267712453536 -5.482707337145732 -2.329965785217336 6.913309747890943 -1.8844673724496626 0.02941608750594371 -8.705464097629633 -5.88588614415729 -13.228293505653365 -11.307521290799116 -2.795757460030679 -9.014551915634835 -6.959556787631875 -12.20942017332483 -10.309979486244867 -1.6886991607605673 -13.557513468330615 -9.051004645605172 -11.496934022269674 -16.1513681665909 -15.280280190587057 -16.59359700540413 -11.981396151809953
15.511022044088175 -7.404051110907837 -12.250627738829056 -10.383688179565578 -10.997657644537036 -14.016248848912802 -13.333427342942201 -5.477273829896819 -2.321164878194306 6.927675658277097 -1.8793397288324871 0.034713952633606215 -8.702406498338668 -5.881040517086301 -13.228968928932947 -11.306922741941918 -2.787464169985665 -9.011937645645139 -6.955328211336358 -12.20950983479538 -10.308380309457377 -1.6800386371139098 -13.558950129879559 -9.048799354970516 -11.4966685654524 -16.155930843197496 -15.283611058618458 -16.59902653659969 -11.982261511055317
15.571142284569138 -7.4002684923936535 -12.250805858273033 -10.382269251871623 -10.99741490656676 -14.018146465830945 -13.334621781333382 -5.471936643311191 -2.3124915290079784 6.9418594265246165 -1.8743075481225797 0.03991580907123948 -8.699422908341045 -5.876286174417448 -13.229683756449042 -11.306375971238609 -2.779293753594392 -9.009393616146431 -6.951184808106152 -12.209644311504224 -10.306841674849583 -1.671504291859538 -13.560419135958295 -9.046660656195105 -11.496451629865625 -16.16049686311969 -15.286956657176045 -16.604451449297525 -11.983165280572141
15.631262525050099 -7.396566487947069 -12.25102768225419 -10.380908935542479 -10.997220310033295 -14.020071814860486 -13.335850452122013 -5.466694441266507 -2.3039440179661064 6.955863489689606 -1.8693694703422454 0.045023007084396216 -8.696512269802696 -5.871621835260651 -13.230437354665511 -11.30588018461933 -2.7712445484864934 -9.00691881029683 -6.947125378047314 -12.209822903875835 -10.305362688859905 -1.6630944237050471 -13.561919939673874 -9.044587574168936 -11.496282463729095 -16.165066035123253 -15.290316656050393 -16.609871648580544 -11.984106826074807
15.691382765531062 -7.392938873749486 -12.25128909612085 -10.37960226489174 -10.997069501644052 -14.022021695474365 -13.337109781801182 -5.4615401754614465 -2.2955135265674897 6.969699668758939 -1.8645185537612181 0.05004255103114774 -8.693668790472337 -5.867040749530993 -13.231225892881017 -11.305430867448305 -2.763308002552496 -9.004507660130193 -6.943143505329097 -12.210041473912252 -10.30393832420021 -1.65480029017548 -13.563449110436263 -9.04257475142522 -11.496156731513612 -16.169636571530607 -15.293688621255423 -16.61528580022528 -11.985082396037505
15.751503006012024 -7.389389774268622 -12.251592968384557 -10.3783526142613 -10.996965468570092 -14.023998429367364 -13.338402316548255 -5.4564784667301245 -2.2872057400564394 6.9833606006942945 -1.8597592656604252 0.05496989149298104 -8.690896347629693 -5.862547340816903 -13.23205206752122 -11.305031103814002 -2.755489640080626 -9.002163893525735 -6.939243428937107 -12.210302903855137 -10.302571995360594 -1.6466275344666137 -13.565009103985659 -9.040625781906737 -11.496077416281807 -16.174209939610012 -15.297074410706522 -16.620695095150225 -11.986094605123618
15.811623246492985 -7.38592444486363 -12.25194293011505 -10.377164269031791 -10.996911998990946 -14.026004940822645 -13.339731270592345 -5.451515211518077 -2.27902792986999 6.99683682735493 -1.8550973179868708 0.05979921716333125 -8.688199875431117 -5.858147253482006 -13.232919287564624 -11.304684807025922 -2.747796524685928 -8.999892253834608 -6.935430552302364 -12.21061084255588 -10.301268039110578 -1.6385833731191823 -13.566603018403178 -9.03874523713787 -11.496048299862078 -16.178787960687085 -15.300476350033332 -16.626100998273664 -11.987146761945677
15.871743486973948 -7.382538350350973 -12.252336003356294 -10.376033622778014 -10.996905935601475 -14.028038926471815 -13.341094065510255 -5.446645266634881 -2.27097364727328 7.010137029427043 -1.850527634178682 0.06453564466262351 -8.685575158650042 -5.853835561802793 -13.23382478428978 -11.304388700677006 -2.740222403971988 -8.997688689222032 -6.931700198497168 -12.210962294796328 -10.300022804017601 -1.6306614139469922 -13.568228380042733 -9.036929219601308 -11.496066238899054 -16.183369372759607 -15.303892700826243 -16.631502581534324 -11.98823615155856
15.931863727454909 -7.379225677557919 -12.252768346315381 -10.374956038299565 -10.996943214548782 -14.030097399040962 -13.342487365313982 -5.441862048052598 -2.2630346532697665 7.023272247857013 -1.8460437336916153 0.06918571486074798 -8.683016787077637 -5.849605961271486 -13.234764981426814 -11.304138570007957 -2.7327592880087903 -8.995547999733391 -6.9280463748707 -12.21135339696822 -10.298831595162916 -1.6228534888651858 -13.569881986706367 -9.035172726495482 -11.496127185842173 -16.187952509662665 -15.307321192583405 -16.63689860286682 -11.989359273145208
15.991983967935871 -7.37599117263775 -12.253243243488381 -10.373935388846593 -10.997027260923087 -14.032183006934709 -13.343914079403625 -5.437170878994727 -2.255217508781655 7.036233958012709 -1.8416507707865466 0.07374418243543035 -8.680529218158359 -5.845463547545261 -13.235742963510859 -11.303937952639924 -2.7254135505961696 -8.993474470510508 -6.924473960825175 -12.211787449560969 -10.297698332164007 -1.6151661094865055 -13.571566643073467 -9.03347988811511 -11.496234560244822 -16.192539026843487 -15.310763934747822 -16.642290396786287 -11.990519119745091
16.052104208416832 -7.37284024456434 -12.253764426119389 -10.37297608149867 -10.997161968734748 -14.03429875142784 -13.345377508491136 -5.432577830486124 -2.2475297049090237 7.04901240849322 -1.8373546279251758 0.07820506296644014 -8.678117528900817 -5.841414131565358 -13.236762232439158 -11.303790871636778 -2.718192468168106 -8.991472981681008 -6.920988518268434 -12.21226820218492 -10.296627475121731 -1.6076067101099056 -13.573285529955452 -9.031855407400009 -11.49639224935509 -16.197130786613393 -15.314223310391366 -16.64767945760571 -11.991719090271467
16.112224448897795 -7.369768802905163 -12.254329212470267 -10.372074865985805 -10.997344494093895 -14.036442561045153 -13.346875332273527 -5.42807826205249 -2.239965420151382 7.061615439774955 -1.8331507253308206 0.08257297250251172 -8.675777918278229 -5.837453269596654 -13.237820295756492 -11.303694375272581 -2.711090396815916 -8.989539880020379 -6.917585828540247 -12.212792957484968 -10.295615733045604 -1.6001695203612343 -13.57503642183147 -9.030295770814973 -11.496597421841663 -16.20172665959014 -15.317697759135545 -16.653064958057527 -11.992956741031406
16.172344689378757 -7.366771086302766 -12.254933791739298 -10.37122714455494 -10.99757080802151 -14.03861147064653 -13.34840424042433 -5.423665649264367 -2.2325164919375418 7.0740539797881015 -1.8290326469240266 0.08685438966000847 -8.673505023001422 -5.833574715026696 -13.238913605572382 -11.303644285141374 -2.704099420538164 -8.98767001126872 -6.914259952687214 -12.213357883084406 -10.29465845085138 -1.5928464476101745 -13.576816141087473 -9.028796019771104 -11.496846064408182 -16.206324988650117 -15.321185025519117 -16.658445661053772 -11.994228601047663
16.23246492985972 -7.363853179227657 -12.255582348505278 -10.370437867193338 -10.997845281639336 -14.040808838423278 -13.349967929997462 -5.419346825791883 -2.225191361103853 7.086317017903345 -1.8250070214380716 0.09104257439330654 -8.671304550691705 -5.829785008819805 -13.240046087029153 -11.303645118356311 -2.69722773727769 -8.98586886154648 -6.911017148345717 -12.21396718437509 -10.293760638245466 -1.5856458680518593 -13.578628249488567 -9.027361440599098 -11.497142539877885 -16.210927843448882 -15.324687768361418 -16.66382322012367 -11.995538482110089
16.29258517034068 -7.3610168986558655 -12.256276185949524 -10.3697085436513 -10.998169258794004 -14.04303574306681 -13.351567572319958 -5.415123813454993 -2.2179924884832047 7.0984014451645345 -1.8210757778686033 0.0951355485259211 -8.669178220513924 -5.826086085269772 -13.241218971880226 -11.303698258350192 -2.6904777411333325 -8.984138083328064 -6.907859279388422 -12.214622170089466 -10.292923822593583 -1.5785702263387513 -13.580473879490977 -9.025993628318254 -11.497488192457492 -16.215535948757807 -15.328206874156898 -16.669198244868163 -11.996887570825407
16.352705410821642 -7.358259095925401 -12.25701325428366 -10.369036680570058 -10.998540561601864 -14.045290610676169 -13.353201399553 -5.410993034884203 -2.210915376171787 7.110313342358052 -1.817235380108872 0.09913687322048803 -8.667123110238741 -5.822474519055628 -13.242430357777792 -11.303801443067478 -2.6838450725407914 -8.98247486851412 -6.904783097136011 -12.215320778242642 -10.29214547901848 -1.571615064650036 -13.582351336800347 -9.024689883278327 -11.497880854460316 -16.220148464677845 -15.33174116718822 -16.674570130625806 -11.998274000489655
16.412825651302605 -7.355575500594487 -12.25779074540359 -10.368418879778183 -10.998956216546478 -14.04757126695916 -13.354866978805227 -5.406949647976634 -2.203953954793345 7.1220608611117315 -1.8134810602849778 0.10305135954703859 -8.665135248633941 -5.818945674736845 -13.243677633480264 -11.303951586925447 -2.677323846761681 -8.98087540125889 -6.90178419801315 -12.216060184539703 -10.291422166648427 -1.5647743662788116 -13.58425828757536 -9.023446535721433 -11.498317564594736 -16.2247641965153 -15.335289004632191 -16.679937997109132 -11.999695214779234
16.472945891783567 -7.352972774431379 -12.258613230541098 -10.367860554740957 -10.999421001089384 -14.049881373955024 -13.356568344884359 -5.40300113864233 -2.197117478319548 7.133631915767251 -1.8098200826238826 0.10687162243227322 -8.663220882406073 -5.815506716860298 -13.244965084864415 -11.304153627843966 -2.67092305055056 -8.979345685088054 -6.898869434317891 -12.216844983117667 -10.290759364528608 -1.5580573139090603 -13.586198617943985 -9.02226936978721 -11.49880309086777 -16.229385389025058 -15.338853279275444 -16.685303631455067 -12.001155376243382
16.53306613226453 -7.350451088940737 -12.259480898749331 -10.36736188688387 -10.99993508993137 -14.0522211270601 -13.35830569134309 -5.39914767434369 -2.190406105054752 7.145026432546612 -1.80625256825726 0.11059751700809217 -8.661380191840468 -5.81215780472775 -13.24629290173765 -11.304407739220974 -2.6646428430747027 -8.977885893502096 -6.89603897603865 -12.21767536273548 -10.290157255431787 -1.5514640681051084 -13.588172519737807 -9.021158556458069 -11.499337611384703 -16.234012242465333 -15.342434189016458 -16.69066723436426 -12.002654657007863
16.59318637274549 -7.348007661562583 -12.260391943899407 -10.366920675911597 -11.00049656288256 -14.05458914299162 -13.360077462595275 -5.395386091629489 -2.1838158537198815 7.156249800685257 -1.8027753895476901 0.11423219258489015 -8.65961059568382 -5.80889590973403 -13.247659408946621 -11.304711925991732 -2.6584793659279993 -8.97649354643377 -6.893289951741384 -12.218549506422871 -10.289613611098556 -1.544990683221119 -13.590178502644541 -9.020111712002912 -11.499919215047516 -16.238644025640184 -15.346030704310873 -16.69602828360428 -12.004191413220795
16.65330661322645 -7.345638227666651 -12.261343558317357 -10.366533526302888 -11.001102448787865 -14.056983245698866 -13.361881224808574 -5.391711556003954 -2.1773406664929595 7.16731014650932 -1.799383791062485 0.1177804501100046 -8.657908126863411 -5.8057164043712675 -13.249061995122553 -11.305063105264843 -2.65242674536718 -8.975164832493297 -6.890617964140979 -12.21946459038362 -10.289124993271628 -1.5386311537225517 -13.592214231809816 -9.019125171089346 -11.50054494250261 -16.243279539233924 -15.349641179033213 -16.701385893466348 -12.005763090174728
16.713426853707414 -7.343350784641629 -12.26234121207936 -10.366206926407084 -11.001758469143219 -14.059407806341166 -13.363721799580386 -5.388133060691792 -2.170991673170679 7.17819290737079 -1.7960865061614224 0.12123341400955967 -8.65628028011286 -5.802627895057121 -13.250505785630253 -11.305467192345066 -2.646495788319403 -8.973906953774103 -6.888031240943775 -12.220426112397789 -10.288697969278573 -1.5323965229168302 -13.594284349541912 -9.018205871424652 -11.501220503199203 -16.247921442189238 -15.353269055023748 -16.7067421702351 -12.007374667224067
16.773547094188377 -7.34114218396142 -12.263382849530942 -10.36593837949031 -11.002462442878205 -14.061861242771059 -13.365597411684167 -5.384647030336796 -2.164764382050084 7.18890414022171 -1.7928800081931224 0.124594639512289 -8.654724131278819 -5.799626959256127 -13.251988871698234 -11.305921922291422 -2.640682140834596 -8.972717100903774 -6.885526534134581 -12.221432004693451 -10.288330010753306 -1.5262823386770208 -13.596387154186438 -9.017351112275467 -11.501943725628596 -16.252568883463262 -15.356913146759439 -16.71209649735674 -12.009024273951763
16.83366733466934 -7.339013064243094 -12.264468971091418 -10.365728441158684 -11.003214873307297 -14.064343994221744 -13.367508526089953 -5.381254160472856 -2.1586596104219957 7.199442892703762 -1.7897649371184872 0.12786345743039407 -8.653240296052253 -5.796714261938337 -13.253511733478042 -11.306427808939922 -2.6349866013258105 -8.971595865898523 -6.883104494992214 -12.222482769114524 -10.288021679261323 -1.5202894149724955 -13.598523098329025 -9.016561467526856 -11.50271511526233 -16.257222202619147 -15.3605738392522 -16.717449181253908 -12.010712366407628
16.8937875751503 -7.336957788354805 -12.265595839139287 -10.36557260759647 -11.004011814626544 -14.066853147063334 -13.36945189257996 -5.377948069871233 -2.152669379926788 7.20981981630002 -1.7867350337454897 0.13104619594718558 -8.651823523164996 -5.793883695969381 -13.255070889923115 -11.306980760746452 -2.6294014319540016 -8.970538203894643 -6.880759313401494 -12.223574647059063 -10.287768414528102 -1.5144098409525952 -13.60068906194952 -9.015832084480042 -11.503530740359142 -16.26187976221306 -15.364248911315244 -16.72279899468428 -12.012435544758322
16.95390781563126 -7.3349839771004 -12.266768666804904 -10.365477061947157 -11.004858718614106 -14.06939286745752 -13.371432106520587 -5.374737328215985 -2.1468042961180345 7.220021039792603 -1.7837986169600657 0.13413439878224098 -8.650480954932497 -5.7911434616943005 -13.256671225648368 -11.307586413983614 -2.6239369305470217 -8.969550977707586 -6.878498829581936 -12.224712878039483 -10.287576475078364 -1.508654139864074 -13.602889469373167 -9.015169573873916 -11.504396041396241 -16.26654409676664 -15.367941643506562 -16.728147945442405 -12.014198553200881
17.014028056112224 -7.333089067689897 -12.26798579075421 -10.365439777803722 -11.005753817700352 -14.071961881681965 -13.373447735385415 -5.371619021651127 -2.141060691452843 7.2300515241394665 -1.7809528091684608 0.13713096493521393 -8.649210213658353 -5.788490770102687 -13.258311198070178 -11.308242931974572 -2.6185895427980665 -8.968631903336862 -6.876320398865783 -12.225895788738672 -10.287443808630297 -1.5030186768543352 -13.605122948365906 -9.014571740824273 -11.50530925890937 -16.271214533710264 -15.371651088213074 -16.733495553676377 -12.015999879195096
