web/models/kne/3/mosfit_kn_0.406447_0.3120_0.5000.dat
# %ECSV 1.0
# ---
# datatype:
# - {name: time, datatype: float64}
# - {name: PS1_g, datatype: float64}
# - {name: PS1_i, datatype: float64}
# - {name: PS1_r, datatype: float64}
# - {name: PS1_w, datatype: float64}
# - {name: PS1_y, datatype: float64}
# - {name: PS1_z, datatype: float64}
# - {name: swift_uvot_B, datatype: float64}
# - {name: swift_uvot_U, datatype: float64}
# - {name: swift_uvot_uvm2, datatype: float64}
# - {name: swift_uvot_uvw1, datatype: float64}
# - {name: swift_uvot_uvw2, datatype: float64}
# - {name: swift_uvot_V, datatype: float64}
# - {name: johnson_B, datatype: float64}
# - {name: johnson_I, datatype: float64}
# - {name: johnson_R, datatype: float64}
# - {name: johnson_U, datatype: float64}
# - {name: johnson_V, datatype: float64}
# - {name: sdss_g, datatype: float64}
# - {name: sdss_i, datatype: float64}
# - {name: sdss_r, datatype: float64}
# - {name: sdss_u, datatype: float64}
# - {name: sdss_z, datatype: float64}
# - {name: ATLAS_c, datatype: float64}
# - {name: ATLAS_o, datatype: float64}
# - {name: ukirt_H, datatype: float64}
# - {name: ukirt_J, datatype: float64}
# - {name: ukirt_K, datatype: float64}
# - {name: Clear, datatype: float64}
# meta: !!omap
# - comment: [kappa = 0.5, type = rprocess, mass = 0.4064473885499596, velocity = 0.312, theta_obs = 0.0, tfloor = 1000.0]
# schema: astropy-2.0
time PS1_g PS1_i PS1_r PS1_w PS1_y PS1_z swift_uvot_B swift_uvot_U swift_uvot_uvm2 swift_uvot_uvw1 swift_uvot_uvw2 swift_uvot_V johnson_B johnson_I johnson_R johnson_U johnson_V sdss_g sdss_i sdss_r sdss_u sdss_z ATLAS_c ATLAS_o ukirt_H ukirt_J ukirt_K Clear
[from data line 282]
17.014028056112224 -25.082707197361316 -24.592381293341052 -24.835013976645293 -24.897565364478194 -24.21561012858783 -24.378670932155586 -25.040264297026386 -26.265698767412484 -26.709778312075606 -26.59870879537399 -26.549714285234195 -24.974328027144896 -25.04979227039936 -24.93801353203611 -24.993406950089298 -26.00354080011875 -24.98118787382173 -25.10899740739548 -24.608067503554167 -24.83740258017347 -25.248380260653427 -24.341683707733655 -25.009778330499923 -24.75536458634961 -23.28526048018 -23.8118189073961 -22.779359815179806 -24.821527888317423
17.074148296593187 -25.029663829377302 -24.553542980940986 -24.790904268325953 -24.850311978351147 -24.18171688679644 -24.342895340102206 -24.98294441620078 -26.196078714975126 -26.604811639125522 -26.504667731123188 -26.43379217876092 -24.926241122249053 -24.99270016841948 -24.90055927002108 -24.95048471305471 -25.936390945646945 -24.933301005793936 -25.05471412336089 -24.56909754507988 -24.793305161636674 -25.180677374678186 -24.306360910365346 -24.95964601118983 -24.713228425976457 -23.258016505413735 -23.781506327874347 -22.754212939823685 -24.775096673727983
17.13426853707415 -25.01182033970169 -24.54172059048391 -24.77684734443434 -24.834931710214434 -24.171990153075953 -24.33237096315496 -24.963286040279915 -26.17120651590623 -26.564983794392173 -26.469494033937906 -26.389365717173433 -24.910496929177246 -24.973139232010965 -24.889323639927056 -24.936931890667797 -25.91256494327433 -24.917642281695183 -25.036344845359313 -24.55721934247471 -24.779253171657256 -25.156616134917265 -24.296028558432337 -24.943039321490907 -24.70000946405092 -23.251105610699142 -23.77329641611812 -22.74818929705425 -24.760069000449487
17.19438877755511 -24.94129601077022 -24.48987731628277 -24.718070498077847 -24.77208392245613 -24.126647638220255 -24.28455439906463 -24.887122718987815 -26.07886731738386 -26.42634828184717 -26.345382832234563 -26.236635169149224 -24.846479637354825 -24.89728161419285 -24.83930131433824 -24.879722016188037 -25.82346819351483 -24.85389275342944 -24.964188409345276 -24.505202856206978 -24.72049058428169 -25.06678646729739 -24.248808181128858 -24.87636321000462 -24.64383797436641 -23.21449045283861 -23.73265688543789 -22.71432099407425 -24.698330747187818
17.25450901803607 -24.918068386115806 -24.474103770465128 -24.699529977901538 -24.751933784873774 -24.113467610105346 -24.270387432913303 -24.861641672586245 -26.046932382830423 -26.375985811573063 -26.300850370490565 -26.180721987945933 -24.825845746361967 -24.871923983380512 -24.824254583146523 -24.86180800319603 -25.792825496142246 -24.833366802006772 -24.940309226538613 -24.489360172598005 -24.7019553089328 -25.035850043315122 -24.23487928956126 -24.854675692069144 -24.6263393809385 -23.20478922312082 -23.72135224285202 -22.705713407968272 -24.678629920350623
17.314629258517034 -24.90002997728947 -24.462294809872045 -24.685408451728055 -24.736473562741974 -24.10382595043984 -24.25992106798695 -24.841718615546313 -26.02161615155918 -26.335289902112876 -26.265041320591074 -26.13541967378453 -24.80997374394151 -24.85210469541109 -24.81305313768025 -24.848210610929417 -25.768588480962126 -24.817585487811137 -24.92172617283563 -24.47749342183629 -24.687837970465978 -25.011367005542855 -24.224611972211125 -24.837926372307813 -24.613089637595156 -23.19805337336939 -23.713277392724024 -22.69989052069334 -24.663548078426025
17.374749498997996 -24.790745229625575 -24.381866390922724 -24.59426521836896 -24.639206367116717 -24.033436208289842 -24.18571181808991 -24.723687042336373 -25.878609078956334 -26.121289057618483 -26.07384513276159 -25.900468621510647 -24.71070966602869 -24.73456130982735 -24.7354403385041 -24.759501977555562 -25.630571516091607 -24.71874725637139 -24.80991705485117 -24.396797159666317 -24.5967118011985 -24.872203953125158 -24.151325862309445 -24.734636752562675 -24.52599714096177 -23.14110836424932 -23.65014070455091 -22.64716328598055 -24.56806798900878
17.43486973947896 -24.734258132654592 -24.3414730996788 -24.54789401769604 -24.58947508250258 -23.998641740268294 -24.148787379216277 -24.662310098807307 -25.803309520417947 -26.006577105356804 -25.971966176316812 -25.774351755842652 -24.65980054274069 -24.673462024522518 -24.696618562511585 -24.714493452830705 -25.558048129074937 -24.66807977613548 -24.752021126019113 -24.35625437119544 -24.55034843856069 -24.799036848830784 -24.11491713188891 -24.681510177044554 -24.481894120742584 -23.113802441495515 -23.61938864393286 -22.62220218852034 -24.519358016194328
17.494989979959918 -24.744844771358068 -24.351272511934923 -24.55798587613227 -24.599730373516966 -24.00816727792913 -24.158417103661005 -24.673136111114797 -25.814816419086917 -26.020008759580232 -25.984768274663637 -25.788336594345406 -24.670114519168457 -24.684274365177664 -24.706341082680307 -24.72451857442912 -25.5694193526944 -24.67838186331162 -24.76267669182791 -24.366061098168643 -24.560439941723118 -24.8104396338298 -24.124521615403545 -24.69193215550847 -24.49187487993063 -23.122961823870437 -23.62871648508957 -22.631246991697328 -24.529562939325107
17.55511022044088 -24.724583922855388 -24.338038436401845 -24.542141286641836 -24.582430359678664 -23.99737785050256 -24.14669770142975 -24.65073794397424 -25.786341207312518 -25.974364564535456 -25.94475002437573 -25.737771782028588 -24.652286775254783 -24.661998559236928 -24.69379342699461 -24.709269976209367 -25.542154724446437 -24.660660495567154 -24.741800551232433 -24.35276172371621 -24.544598420790837 -24.782893021948187 -24.11302757000973 -24.673142082249324 -24.477022515042623 -23.115440195741478 -23.619691574172776 -22.62474768154854 -24.512714003613727
17.615230460921843 -24.628432261291398 -24.268472941603694 -24.462695662945606 -24.49754695300358 -23.93706319767981 -24.082864146703997 -24.54648616178026 -25.659108735449898 -25.78240622646812 -25.77420739035304 -25.527545852144694 -24.565326919472447 -24.55821644479512 -24.62682680989599 -24.632085466506137 -25.419493109005213 -24.57410829323528 -24.643319953038976 -24.282948998782974 -24.46516230725086 -24.65915912418902 -24.050047866179405 -24.582575927120143 -24.401342407020028 -23.067480243843917 -23.566051082328894 -22.580647670536745 -24.429567782182566
17.675350701402806 -24.54880654631321 -24.211566407072258 -24.39734177809946 -24.427632873302212 -23.888064584316773 -24.030857692706817 -24.45992214432903 -25.552924128758132 -25.621207522648092 -25.631464696550843 -25.351177595089712 -24.493538106950822 -24.472062227808497 -24.572143569572457 -24.568671633221523 -25.317202133174323 -24.502674367108682 -24.561702995241 -24.225830966160693 -24.399813899125444 -24.555945213949286 -23.99877267398704 -24.507749229188267 -24.339220786663667 -23.029029801552753 -23.522754346446995 -22.54548646072354 -24.36117652113401
17.73547094188377 -24.545251022426857 -24.210888063753213 -24.395593348125857 -24.425312649867088 -23.888387932649042 -24.030800051174648 -24.455486901780514 -25.54600539862415 -25.60734149417876 -25.619945749919903 -25.33541960385611 -24.490973851939952 -24.467679440423623 -24.571746958018334 -24.56716941401884 -25.310775651722974 -24.50015548684307 -24.557895236815703 -24.22512582253516 -24.398065987415496 -24.549401423659933 -23.998807751492848 -24.504803157842776 -24.33788265449225 -23.03068847205356 -23.52379974306057 -22.547561121261715 -24.359051671348517
17.795591182364728 -24.483292341031735 -24.167297250758057 -24.345169406364526 -24.371268738311187 -23.851193309862406 -23.991172705183637 -24.387906703450987 -25.462577998789637 -25.479667895097386 -25.507306080631942 -25.195822575534685 -24.435336926612987 -24.400437079675118 -24.529955675081904 -24.518320064542582 -25.230486161903684 -24.444810530628708 -24.494326001111517 -24.181363828062548 -24.347644420549308 -24.46836080305582 -23.959772936731305 -24.446744199975026 -24.290083181655646 -23.00201632432969 -23.4912146749552 -22.521541875145253 -24.30626840119798
17.85571142284569 -24.404121239345695 -24.111338017817943 -24.28057053262945 -24.302170456537535 -23.803321090670124 -23.94022474868379 -24.301618493171475 -25.356282706253044 -25.317718944890956 -25.364476102530205 -25.01918974439594 -24.364138476984742 -24.314583159868913 -24.476273041939358 -24.455717999886037 -25.128144675449892 -24.373986757697722 -24.413118956724222 -24.125188039794914 -24.283046227014164 -24.3650646478941 -23.909575354730244 -24.372523454755086 -24.22881371748323 -22.964909906488696 -23.449168257249724 -22.48778162531879 -24.23879634214913
17.915831663326653 -24.383835275027952 -24.098520613418035 -24.26497215307787 -24.285142264593134 -23.793106817556104 -23.929020432933257 -24.27903952653213 -25.327271232994164 -25.270862729971707 -25.323799133804776 -24.96770032567556 -24.34641383447878 -24.292145682232537 -24.464188770525396 -24.4407637767812 -25.100402535885344 -24.356384031954953 -24.392177779753794 -24.11230090036975 -24.267447512245504 -24.3370140630514 -23.89861286697151 -24.353835556501124 -24.214289665798 -22.958158895597172 -23.44082876284368 -22.482105879567445 -24.222299268507115
17.975951903807616 -24.32270073512827 -24.056041500902907 -24.215544056890703 -24.232180843872815 -23.75713254676258 -23.890572186546333 -24.21217109361904 -25.24434627222222 -25.14349633431213 -25.211924475874383 -24.828955756706254 -24.291668646063204 -24.225634412404315 -24.423542310849584 -24.39294828534336 -25.02064205925046 -24.30194628644802 -24.329406358405645 -24.069647473012363 -24.218017393866784 -24.256480459293446 -23.8607695353617 -24.296703929939838 -24.167551680135055 -22.93083451226479 -23.40953835203427 -22.457464671870127 -24.170681262241303
18.036072144288575 -24.207586335505802 -23.97475779572158 -24.121649157010268 -24.132017735412923 -23.68765559093145 -23.816604684207388 -24.086636267756624 -25.08973597665161 -24.90877450240728 -25.005495847617958 -24.574312224218463 -24.188109641075865 -24.1007609829385 -24.345587352024147 -24.30199100871831 -24.87174758609082 -24.19895548474711 -24.211322793513208 -23.988047174622498 -24.124114481993555 -24.106174372809228 -23.787902290350846 -24.188889225325596 -24.07855941653075 -22.87704320425284 -23.34855998038165 -22.408530465007953 -24.073015459192426
18.096192384769537 -24.13442394180196 -23.924130503711325 -24.062614141652876 -24.068907271408158 -23.644901445016053 -23.770855936722484 -24.00651725374595 -24.990281360065048 -24.756298491729364 -24.872003322516303 -24.409076948479957 -24.122621600306104 -24.021092387914326 -24.297181413877464 -24.244922398918114 -24.77608369461714 -24.133853619877904 -24.13618217792891 -23.93720863281633 -24.06507099711792 -24.00956345779573 -23.742888896755066 -24.1206182567033 -24.022807680863885 -22.84473939095713 -23.311471264019676 -22.379456736483704 -24.011612216199865
18.1563126252505 -24.140697370477575 -23.93066569498698 -24.069051635472167 -24.07529789580506 -23.651528132159516 -23.77744782185836 -24.012709805154586 -24.99624946921683 -24.7616523136961 -24.8775782772692 -24.414284966644523 -24.128984063776386 -24.027290217769192 -24.303742427570587 -24.25138277969885 -24.782095756650115 -24.140220605384478 -24.1424326264735 -23.943741368499154 -24.07150837775477 -24.015564488237366 -23.749489335527993 -24.126948639111863 -24.029283395762473 -22.851487483374 -23.318163783872734 -22.386242327091118 -24.01802287680379
18.216432865731463 -24.128593189619263 -23.9240029388586 -24.06035779397966 -24.065632196323214 -23.64676759123256 -23.7719637353778 -23.998924013670273 -24.977798876914008 -24.730440421418386 -24.850966418434766 -24.380054677582578 -24.118730136724544 -24.01361439490888 -24.297616562563455 -24.24316494253744 -24.76455842592775 -24.130060870049178 -24.12985073599824 -23.937027557090698 -24.062812106267817 -23.997797675725554 -23.74418312195763 -24.11602909871748 -24.021384514818713 -22.849250776116424 -23.314771885090728 -22.384785013297247 -24.008774751548074
18.276553106212425 -23.976471401699513 -23.817330599169626 -23.93670653018102 -23.93404603529916 -23.5560018676839 -23.67514710263592 -23.83273001362336 -24.772704946578656 -24.419369897757072 -24.57855137324337 -24.04470771552845 -23.982019773215885 -23.84835702634103 -24.195436605715035 -24.123507443201586 -24.567061342380125 -23.994151413655405 -23.973738478382867 -23.82992806525115 -23.939134763058636 -23.798371969658376 -23.648856997764245 -23.973854676866804 -23.90440579833406 -22.77957569200051 -23.235449059745168 -22.321612994499006 -23.880756048630207
18.336673346693384 -23.866812691419597 -23.741542286974973 -23.84824765367764 -23.839886175496954 -23.492090914131953 -23.606717225831737 -23.712554315913625 -24.62361507714789 -24.192003163865493 -24.380254768864624 -23.800338250929997 -23.883795716188676 -23.72890051077546 -24.12300589419762 -24.03804599118913 -24.423596329393746 -23.896540799869538 -23.861105688714463 -23.753820562815235 -23.850649679216254 -23.653456118798886 -23.58154373849068 -23.87167018232642 -23.82095788590867 -22.731398735742193 -23.180081070658378 -22.278276306561807 -23.789347306030137
18.396793587174347 -23.870722124468884 -23.746385521802793 -23.85274134598399 -23.844225264570493 -23.497261907347937 -23.61176350749213 -23.716173445255777 -24.626437980746996 -24.192676323003525 -24.381732482013856 -23.800555856966174 -23.888019783246783 -23.73253972546712 -24.12794181997737 -24.042622581151562 -24.426573864248386 -23.900781981404627 -23.864933126044683 -23.758654986816996 -23.85514256644754 -23.65639349257732 -23.586620878394235 -23.875786417249376 -23.825590198764335 -22.73700376312666 -23.18548780165356 -22.284014727143614 -23.793763361987352
18.45691382765531 -23.874737792666565 -23.751297510633815 -23.857317811205352 -23.848653461928873 -23.502488514571116 -23.616870402321997 -23.71991044446511 -24.629410760830925 -24.19358606305867 -24.383414637324723 -23.801028996619888 -23.89233742527494 -23.736296016870554 -24.132942785587492 -24.04727862981596 -24.429695046452508 -23.905116061187282 -23.868870089691416 -23.763558517920185 -23.859718254728328 -23.65947611758802 -23.591757396625965 -23.88000062394699 -23.83029974433125 -22.742646996855417 -23.19094069564782 -22.289785997708936 -23.798265493380608
18.517034068136272 -23.792035818113053 -23.694940889368006 -23.791094311207974 -23.77812879267818 -23.4553863888201 -23.56624666897522 -23.629010000182593 -24.516068705824203 -24.01978701019438 -24.2323861834363 -23.614689452741725 -23.818497545007624 -23.64596833806552 -24.0792042182546 -23.983400087240316 -24.320705084492655 -23.831763814713828 -23.783854786831 -23.70695305622128 -23.793470084896775 -23.549349319671826 -23.542006038401873 -23.803150559447168 -23.767998284574414 -22.70779703092804 -23.150494788443066 -22.258698578164445 -23.729938649254123
18.577154308617235 -23.618959955515493 -23.575453295622157 -23.65150673747058 -23.630131726465535 -23.35476708742256 -23.458445605676754 -23.439213499424955 -24.280750747531687 -23.66255719835982 -23.921867601242788 -23.23370246565537 -23.663364939007174 -23.457371181963328 -23.96505904440452 -23.848617226779762 -24.09418072321139 -23.67765001399492 -23.606073782371713 -23.58695780560577 -23.65382131022839 -23.32049171880362 -23.435989668370887 -23.64207524132615 -23.636451304044126 -22.632143206155174 -23.063447460679125 -22.190695623002036 -23.58655939242359
18.637274549098194 -23.53753816542625 -23.520677570823647 -23.58672110325779 -23.56133400944584 -23.30939674722984 -23.409494287962342 -23.349456061671845 -24.168422022919724 -23.490124697200002 -23.772855290747508 -23.050335189955312 -23.590823412761843 -23.36822735078901 -23.912948633993675 -23.786238362151348 -23.986195195818844 -23.605628623483895 -23.522312714137446 -23.53192888326781 -23.58899969378113 -23.211335763093217 -23.38793106054597 -23.566669169971934 -23.57569550725165 -22.59921207996777 -23.024843691930776 -22.161569107801938 -23.520131221234166
