web/models/kne/3/mosfit_kn_0.500000_0.0300_10.0000.dat
# %ECSV 1.0
# ---
# datatype:
# - {name: time, datatype: float64}
# - {name: PS1_g, datatype: float64}
# - {name: PS1_i, datatype: float64}
# - {name: PS1_r, datatype: float64}
# - {name: PS1_w, datatype: float64}
# - {name: PS1_y, datatype: float64}
# - {name: PS1_z, datatype: float64}
# - {name: swift_uvot_B, datatype: float64}
# - {name: swift_uvot_U, datatype: float64}
# - {name: swift_uvot_uvm2, datatype: float64}
# - {name: swift_uvot_uvw1, datatype: float64}
# - {name: swift_uvot_uvw2, datatype: float64}
# - {name: swift_uvot_V, datatype: float64}
# - {name: johnson_B, datatype: float64}
# - {name: johnson_I, datatype: float64}
# - {name: johnson_R, datatype: float64}
# - {name: johnson_U, datatype: float64}
# - {name: johnson_V, datatype: float64}
# - {name: sdss_g, datatype: float64}
# - {name: sdss_i, datatype: float64}
# - {name: sdss_r, datatype: float64}
# - {name: sdss_u, datatype: float64}
# - {name: sdss_z, datatype: float64}
# - {name: ATLAS_c, datatype: float64}
# - {name: ATLAS_o, datatype: float64}
# - {name: ukirt_H, datatype: float64}
# - {name: ukirt_J, datatype: float64}
# - {name: ukirt_K, datatype: float64}
# - {name: Clear, datatype: float64}
# meta: !!omap
# - comment: [kappa = 10.0, type = rprocess, mass = 0.5000000000045836, velocity = 0.030000000000000023, theta_obs = 0.0, tfloor = 1000.0]
# schema: astropy-2.0
time PS1_g PS1_i PS1_r PS1_w PS1_y PS1_z swift_uvot_B swift_uvot_U swift_uvot_uvm2 swift_uvot_uvw1 swift_uvot_uvw2 swift_uvot_V johnson_B johnson_I johnson_R johnson_U johnson_V sdss_g sdss_i sdss_r sdss_u sdss_z ATLAS_c ATLAS_o ukirt_H ukirt_J ukirt_K Clear
[from data line 201]
12.144288577154308 -3.9451203720845562 -8.452197750558259 -6.722233758811438 -7.237330866125067 -10.070643127514316 -9.447889123661088 -2.1511281987426853 0.7199124102403867 9.486871557469541 1.4651412524205658 3.368542797518558 -5.174138243947273 -2.5066447253707342 -9.384794764688468 -7.572595486039238 0.2965170375588212 -5.4473724539004715 -3.5273075838873424 -8.414835964998932 -6.656886087514575 1.3732296937822674 -9.650341841495269 -5.450224189945914 -7.733573612867524 -11.98273357913594 -11.214524031625588 -12.352755281353287 -8.124890122564459
12.20440881763527 -3.9078124510901624 -8.4305683621678 -6.694275407354535 -7.213849744765017 -10.055800408461053 -9.430281738659634 -2.107709575160782 0.7764566727097313 9.56608741519593 1.5080717670259607 3.4117950005054145 -5.14007064893254 -2.46537952114036 -9.365266344148388 -7.5479204711567265 0.3510880355519387 -5.414921337764668 -3.4885729959432332 -8.39303251083411 -6.62848107481576 1.4291977345071771 -9.633779712713864 -5.419307931603488 -7.7102472003594436 -11.97834968302537 -11.205355194160232 -12.351721163017844 -8.105835910066546
12.264529058116231 -3.880664793202442 -8.415763283038444 -6.674488188594836 -7.197593451466364 -10.04633872873427 -9.418642977474576 -2.0757498593990773 0.8187519422934211 9.626201876363286 1.5396214941361746 3.4436095993548723 -5.11547117661457 -2.435120160420276 -9.352116007673203 -7.53072356879309 0.391829401387216 -5.391598450376393 -3.4603021613738782 -8.378090439441266 -6.608341310605574 1.4710403660850169 -9.62296517342935 -5.397196016580015 -7.694110687502587 -11.97712515332478 -11.200362173741086 -12.353135436390213 -8.093068412214528
12.324649298597194 -3.845366118034903 -8.395447767260933 -6.648124887655005 -7.175523926214993 -10.032510654407467 -9.4021712788118 -2.03460781845597 0.8724439090202376 9.701491525370663 1.5802355962798846 3.484559005194946 -5.0832626779339245 -2.396048310962286 -9.33381019854264 -7.5075113680582755 0.443634425738917 -5.360944445802713 -3.423639941384682 -8.357608667824774 -6.581548952075167 1.5241840038972398 -9.607495650535629 -5.368015202497798 -7.672184219250671 -11.973300812925165 -11.191961168177825 -12.352516523806825 -8.075238573846963
12.384769539078157 -3.816005355597305 -8.379113405496827 -6.6265327793669115 -7.157671431609121 -10.02181726095154 -9.389178822336763 -2.000165212983883 0.9178002834911505 9.765594903258773 1.6141924534750456 3.518819640834853 -5.056585710517834 -2.363410934089018 -9.31922392335392 -7.488664726325401 0.4873497488429802 -5.335623236909137 -3.3930936438960124 -8.341129803099854 -6.559582851987962 1.569064670706144 -9.595375932225636 -5.343977554337389 -7.65445403076443 -11.971308523701525 -11.185988195707049 -12.353312883977042 -8.061076070266022
12.444889779559118 -3.7862086512226334 -8.362466467640264 -6.604578507705305 -7.139498372631277 -10.01086543153816 -9.375905510247708 -1.9652370349667614 0.9637482554398782 9.830439047122304 1.6486052201836192 3.5535506303443545 -5.029495575388315 -2.3303101706471137 -9.304342419631759 -7.469487480721811 0.5316406124535679 -5.309905738015119 -3.36210011655373 -8.324337032339173 -6.537250135371018 1.614533373114071 -9.582984986291905 -5.319558346759887 -7.636402509661249 -11.969143794539006 -11.1798034751372 -12.353964941955391 -8.046631706710254
12.50501002004008 -3.7513537223135174 -8.342392165907349 -6.578538896758399 -7.117716300273038 -9.997193409014908 -9.359623318423242 -1.924612426061706 1.016762551627988 9.904659033912996 1.688620647520143 3.5939376166067274 -4.997679734093706 -2.291745716467361 -9.28625345280117 -7.446575976126895 0.5827916551410152 -5.279637616900136 -3.3258998614181934 -8.304098858078373 -6.510784053229006 1.6670100786037345 -9.567696228785216 -5.290752581644487 -7.614754766849909 -11.965352950732926 -11.171492155643088 -12.353342290374217 -8.029045265212034
12.565130260521041 -3.724354949021471 -8.327593389356842 -6.558816529957117 -7.101513969477367 -9.98767977517181 -9.347954626635389 -1.8928499146213362 1.0587541139810421 9.96412674886789 1.719856701626839 3.6254914123142226 -4.973186931765377 -2.261688527228469 -9.273094134807486 -7.429440879849143 0.6232447724889912 -5.256426177292092 -3.297790594472705 -8.2891648582501 -6.49070880722995 1.7085587934891677 -9.556848826791828 -5.268750576423784 -7.598661515361194 -11.96399868390486 -11.166405149676136 -12.354604698859466 -8.01630960138187
12.625250501002004 -3.687494838768348 -8.306130061532837 -6.531139741414993 -7.0782870762208105 -9.97288732357795 -9.330441637102656 -1.849975998400214 1.1145407018022804 10.041933797260608 1.762035920013148 3.6680858959503273 -4.939486216029672 -2.220973052499588 -9.253700826638209 -7.405036173584983 0.6770891298715643 -5.2243475781679445 -3.2595289363344904 -8.267530923878734 -6.462585555962299 1.7637876195008495 -9.540374015996758 -5.238201376389426 -7.575569994316034 -11.959507971698622 -11.157201656939398 -12.353418412768614 -7.997462352053439
12.685370741482965 -3.6598253550392634 -8.2908427654956 -6.510855760387884 -7.061587763696995 -9.962965475541825 -9.318331281900623 -1.8174687133580136 1.1574350948998993 10.102508859373117 1.7939601676666155 3.7003556459564604 -4.914354940998849 -2.1902066725573417 -9.240079037401038 -7.387389179317421 0.718421024416951 -5.20052486688497 -3.2307322639530334 -8.252106465581672 -6.441941623639309 1.8062343583148532 -9.529099935313567 -5.215611057819878 -7.558977718580344 -11.9578743559539 -11.15177642970952 -12.354443927201187 -7.9842888901656295
12.745490981963927 -3.629216923899854 -8.273556532035506 -6.488193732788385 -7.042788512373956 -9.951452692922462 -9.30446322085725 -1.781653768163266 1.20442834304086 10.16849684259524 1.8291237307432877 3.735902427895802 -4.886474836738384 -2.1562698427687406 -9.224585528675917 -7.367569862738013 0.7637326051259198 -5.174056700311415 -3.198911018520736 -8.23467269792058 -6.418891421242421 1.8527468548465187 -9.516132995107878 -5.19047123946601 -7.540291830814869 -11.955282491940087 -11.145103562635777 -12.354714738387996 -7.969286846085808
12.80561122244489 -3.595313713366206 -8.254031169572276 -6.462866858731413 -7.021637407605592 -9.938159049543529 -9.288626940084654 -1.742129810820564 1.2560194444332142 10.240555054746189 1.8679168676825246 3.775122503776004 -4.855513165445793 -2.118778688786311 -9.206995850004393 -7.345317392854629 0.8135081361382636 -5.144623542043829 -3.163698829417161 -8.214988158811494 -6.393144571949119 1.9038201298011614 -9.501270821868513 -5.162474438056908 -7.519261006219526 -11.951620678708926 -11.137035581545243 -12.354144374888525 -7.952238115531802
12.86573146292585 -3.568557774192449 -8.239306486262823 -6.4432877323248405 -7.005558006681891 -9.92864962964088 -9.276989286598578 -1.7106691582008005 1.297580225984998 10.299216404350396 1.8987439247164777 3.8063174678710756 -4.831216312676674 -2.089023744858118 -9.19389164894594 -7.328316036385403 0.8535491412198472 -5.1216094825062415 -3.135847501125255 -8.200130316772718 -6.373213184792057 1.944948403290958 -9.49044955564423 -5.140664474139083 -7.503280626624083 -11.950174277083947 -11.131900722254889 -12.355286407646718 -7.939594947480142
12.925851703406813 -3.531488230662081 -8.217610502361712 -6.415389015424893 -6.982138466190833 -9.913618526465573 -9.259237961317464 -1.6675861828415173 1.3535724093702053 10.377025094993378 1.9409882504877634 3.849046017549217 -4.797285868562516 -2.0481265239895525 -9.174267271368166 -7.303718008920879 0.9075986486766464 -5.089323166047454 -3.0973782061691857 -8.178264234602555 -6.344863251371162 2.000388981154675 -9.473743086679534 -5.109919583068017 -7.47998548521819 -11.945450315631748 -11.122461779723965 -12.353871978433444 -7.920570730135488
12.985971943887774 -3.5040001941567844 -8.202357410693217 -6.395199749738403 -6.965519679776833 -9.903670276850836 -9.247124233352775 -1.6353110105395274 1.3961238890662033 10.43691134771224 1.9725728560045757 3.8810272971944717 -4.772293568059383 -2.017595834846006 -9.160663614679418 -7.286161035712511 0.9486034922545873 -5.065643322885049 -3.0687761389003043 -8.162875813685595 -6.324314010210497 2.0425023047000224 -9.462462244499896 -5.087468711035914 -7.463464014082177 -11.943708287232473 -11.116965881168104 -12.35476543523294 -7.907453529589006
13.046092184368737 -3.4739726986142117 -8.185374827753051 -6.372954439315901 -6.9470868057598345 -9.892344342088482 -9.233488872520272 -1.6001781213454713 1.442215925937962 10.501458665665982 2.0069470261269733 3.915835434467564 -4.744924603613996 -1.9843277593835966 -9.145440402324756 -7.266727610238218 0.9930459401116988 -5.039677599427709 -3.0375608168727375 -8.145748984343744 -6.301684038343165 2.0881279849307433 -9.449716220152986 -5.062815472136943 -7.445133271963531 -11.941135088502344 -11.110388863019425 -12.355003763103339 -7.8927575528076055
13.1062124248497 -3.4395672692916968 -8.165422606165436 -6.347171616777807 -6.925534695557101 -9.878660184428654 -9.217245260746889 -1.5601145248241999 1.4944248461350187 10.574082642174943 2.046143127188405 3.955525640694152 -4.71346180270442 -1.9463361304634612 -9.127438379448158 -7.244066662398041 1.0434264984460273 -5.009774230106562 -3.0018392728973176 -8.125636994832366 -6.27547399881875 2.139821161843365 -9.434459538188431 -5.034368839695862 -7.423692384852281 -11.937152488896972 -11.101968479979865 -12.354138096379435 -7.875349975152179
13.16633266533066 -3.4127888168737286 -8.150597241088295 -6.327524452561963 -6.909391700729994 -9.869019212076928 -9.205487009477888 -1.5286553881181952 1.535930828651875 10.632446397232474 2.076863624914687 3.9866653193246795 -4.689114659933094 -1.916595181188278 -9.11422657307033 -7.227006453593792 1.0834198374206205 -4.986720503396353 -2.9739723264097684 -8.110679539445922 -6.2554727026408585 2.180901368047561 -9.423518755030962 -5.012521867620112 -7.4076398564594115 -11.935537975782642 -11.09668247429317 -12.355102834193088 -7.862637924571825
13.226452905811623 -3.377379925117161 -8.129933997068317 -6.300913189448938 -6.887109829948681 -9.854752289436046 -9.188607459923581 -1.4874707082390437 1.5895125866926387 10.706792095848328 2.117110825864082 4.027442777749833 -4.656702238123132 -1.877535873035882 -9.095554736550657 -7.2035928936340925 1.1351348609632583 -4.955908336600722 -2.9372205892126146 -8.089853396899773 -6.228423558432343 2.2339588054080295 -9.407649225577597 -4.983200848931535 -7.385467719857122 -11.93117652696399 -11.087790091998604 -12.353925061532019 -7.84459270547071
13.286573146292584 -3.348487727947358 -8.113649625945119 -6.2795433911492715 -6.86944745935401 -9.843937522695416 -9.175558238396562 -1.4536387290858521 1.6339469616243287 10.768951821598677 2.150118368098451 4.060915207172485 -4.630369589686414 -1.8455261801102412 -9.0809738266558 -7.184962772569333 1.1779725228751192 -4.930948025382766 -2.907180189478211 -8.073429789945692 -6.206678476185825 2.277945679197604 -9.395464967272087 -4.959517626512184 -7.367897558753569 -11.92883446746661 -11.081572529455242 -12.354306715535797 -7.8305563808003775
13.346693386773547 -3.320559568025896 -8.097999278519872 -6.258940952239094 -6.852460435160843 -9.833614155180737 -9.163058369089487 -1.4208988849796989 1.6770140212360298 10.829255268094983 2.1820352155550897 4.0932949598240285 -4.604931781872559 -1.8145653945911138 -9.066983030395008 -7.167033239788794 1.2194841108559795 -4.90685025672471 -2.8781338448500904 -8.057643892143762 -6.185709792504959 2.3205776545508527 -9.383808639963132 -4.936665375627118 -7.350998917432108 -11.926764963374497 -11.075727676934315 -12.354891046395798 -7.817103691337515
13.40681362725451 -3.2841267777985195 -8.076594944353612 -6.231475394339068 -6.829426983668991 -9.818730946651897 -9.145510334481006 -1.3785748275759169 1.7319820791160192 10.90528769728413 2.2233250155800026 4.135165042121095 -4.571544324877828 -1.7744249654762216 -9.04761095193247 -7.142846044981337 1.2725474681279425 -4.875107922391881 -2.8403323110974377 -8.036073695289314 -6.157794887958286 2.3750140878513903 -9.367294767869723 -4.906450054395162 -7.32807177616051 -11.921988677514095 -11.066328519720281 -12.353365034749133 -7.798400673203805
13.46693386773547 -3.2574882700679986 -8.061782298915805 -6.211893421000969 -6.813337794932757 -9.809050315449106 -9.133732206444662 -1.3472992609241807 1.7732096131767607 10.963064804151191 2.2537660497211225 4.166073270144125 -4.547299917043131 -1.7448723317760477 -9.034398186435972 -7.125848944451499 1.3122756097704058 -4.852161829183392 -2.8126167059515517 -8.02113057625439 -6.137858513240033 2.415824001044502 -9.356331689068647 -4.8847074385483324 -7.3120648113155795 -11.920264177586295 -11.060964971216334 -12.354199624678957 -7.785722404050528
13.527054108216433 -3.225018655310272 -8.043019260631592 -6.1876028336002875 -6.793101126372729 -9.796236059210877 -9.11848627631116 -1.3094537888323743 1.8225924275503937 11.031600577538022 2.2906216258786753 4.203481978787039 -4.517602658520723 -1.709028906814755 -9.01749023507912 -7.1045599715615575 1.35991992317966 -4.823973519604363 -2.7788986604515564 -8.002216362992982 -6.113156270422753 2.4647235549220525 -9.342031827657546 -4.8579160332183235 -7.291921886432107 -11.916674650473949 -11.053156218415888 -12.353577764846955 -7.769442745117239
13.587174348697394 -3.193224423123393 -8.024695866212745 -6.163847237204418 -6.7733356163175 -9.783759758140071 -9.103619494845105 -1.2723747576100763 1.8710131653798892 11.098815015273683 2.3267042384214247 4.240120375723727 -4.48853051038092 -1.6739228303068325 -9.000990827443466 -7.083760284979424 1.406631369086646 -4.796388720712518 -2.7458774305325306 -7.983744444744083 -6.088995167328495 2.5126701459631917 -9.328096307748801 -4.8317062082437445 -7.272246900068566 -11.91326785891169 -11.04560126637981 -12.353089259646664 -7.7535699840357175
13.647294589178356 -3.166997677894141 -8.010113924685545 -6.144569678899909 -6.757511949311716 -9.77423280275433 -9.092025599674542 -1.2415784808793362 1.911615958565527 11.15564011360085 2.3566204646601823 4.270526757003946 -4.464654797438421 -1.6448363283039529 -8.987986264819138 -7.067042678389293 1.4457560149001725 -4.773802219297154 -2.71858998288403 -7.969034153698473 -6.069366328212205 2.552863698048551 -9.317308607662547 -4.810309945018663 -7.256500217842774 -11.911583729354794 -11.040330087588808 -12.353929148269279 -7.741114410430452
13.707414829659317 -3.1299336501859543 -7.988202388629375 -6.1165484120714275 -6.733991425988712 -9.758899610276472 -9.074002165731763 -1.198566939861997 1.9673910623392568 11.23249102151085 2.398461057295194 4.313018618682044 -4.430647139678315 -1.6040554999984773 -8.96812814026526 -7.042359046118539 1.4996069362317388 -4.741476947367588 -2.6801457043117694 -7.946955664051263 -6.040886938119545 2.608107155082262 -9.300335839343479 -4.7795356911081655 -7.233078131766337 -11.906459574806119 -11.030536738552781 -12.352091126470624 -7.72198071701812
13.76753507014028 -3.1024795167976116 -7.972761141409244 -6.096263630357104 -6.717279993125107 -9.748674208080423 -9.061643388930918 -1.1663963990521709 2.009683031880325 11.291465349275015 2.429682651368861 4.344767352220767 -4.405613815065313 -1.573658215810067 -8.954315549335671 -7.024725615307468 1.5403727801558875 -4.717781304241215 -2.6515972778721952 -7.931382103037645 -6.020238131800291 2.6499783237735386 -9.288811336817204 -4.757071476176815 -7.2164433616312 -11.90433090442596 -11.024705022999369 -12.352569155954372 -7.708750517269731
