web/models/kne/3/mosfit_kn_0.002290_0.0300_0.5000.dat
# %ECSV 1.0
# ---
# datatype:
# - {name: time, datatype: float64}
# - {name: PS1_g, datatype: float64}
# - {name: PS1_i, datatype: float64}
# - {name: PS1_r, datatype: float64}
# - {name: PS1_w, datatype: float64}
# - {name: PS1_y, datatype: float64}
# - {name: PS1_z, datatype: float64}
# - {name: swift_uvot_B, datatype: float64}
# - {name: swift_uvot_U, datatype: float64}
# - {name: swift_uvot_uvm2, datatype: float64}
# - {name: swift_uvot_uvw1, datatype: float64}
# - {name: swift_uvot_uvw2, datatype: float64}
# - {name: swift_uvot_V, datatype: float64}
# - {name: johnson_B, datatype: float64}
# - {name: johnson_I, datatype: float64}
# - {name: johnson_R, datatype: float64}
# - {name: johnson_U, datatype: float64}
# - {name: johnson_V, datatype: float64}
# - {name: sdss_g, datatype: float64}
# - {name: sdss_i, datatype: float64}
# - {name: sdss_r, datatype: float64}
# - {name: sdss_u, datatype: float64}
# - {name: sdss_z, datatype: float64}
# - {name: ATLAS_c, datatype: float64}
# - {name: ATLAS_o, datatype: float64}
# - {name: ukirt_H, datatype: float64}
# - {name: ukirt_J, datatype: float64}
# - {name: ukirt_K, datatype: float64}
# - {name: Clear, datatype: float64}
# meta: !!omap
# - comment: [kappa = 0.5, type = rprocess, mass = 0.0022901433483143324, velocity = 0.030000000000000023, theta_obs = 0.0, tfloor = 1000.0]
# schema: astropy-2.0
time PS1_g PS1_i PS1_r PS1_w PS1_y PS1_z swift_uvot_B swift_uvot_U swift_uvot_uvm2 swift_uvot_uvw1 swift_uvot_uvw2 swift_uvot_V johnson_B johnson_I johnson_R johnson_U johnson_V sdss_g sdss_i sdss_r sdss_u sdss_z ATLAS_c ATLAS_o ukirt_H ukirt_J ukirt_K Clear
[from data line 29]
1.8036072144288577 -12.603737916526061 -12.829027184561657 -12.803606983221663 -12.746902674543623 -12.704032015633562 -12.771234544551646 -12.33928818644322 -12.955041506419622 -11.744797738653151 -12.246265660497357 -11.232888755939822 -12.736428285397398 -12.364173004132532 -13.245812667443204 -13.025557107244225 -12.811418432677144 -12.756382306802186 -12.567269799228171 -12.837952415256364 -12.805385296861527 -12.025618723796754 -12.757960270939765 -12.689022316751597 -12.830199028105334 -12.107944605349166 -12.481653962537072 -11.705004787719185 -12.72945208435992
1.8637274549098195 -12.537214295672072 -12.806633898107904 -12.764445844140138 -12.703026388787872 -12.69753589710966 -12.758667789875151 -12.25873193772727 -12.837803077163148 -11.533114071232017 -12.075639005883332 -11.01347432421193 -12.684122510951365 -12.284837575840019 -13.22794709637628 -12.990597018180676 -12.70105481383543 -12.705098485924678 -12.49687846906708 -12.81513013515534 -12.766098609128882 -11.913203136669885 -12.746940765238186 -12.63302191692528 -12.798091444114021 -12.122490033627551 -12.486641743678051 -11.725918377954796 -12.69033104479485
1.9238476953907815 -12.465677112468398 -12.780418816870665 -12.72097801676745 -12.655031495940161 -12.68770609453826 -12.742577193700395 -12.172747031846136 -12.714249500229755 -11.313279811146572 -11.898381910997156 -10.787487097105796 -12.62710593919006 -12.20014153206725 -13.206402088947186 -12.951481130103605 -12.584513263409171 -12.649158854709304 -12.421370294856118 -12.788472802989794 -12.722490579508783 -11.794535611709467 -12.732451656223915 -12.572385667161612 -12.761932539726182 -12.13436180201281 -12.488660668923524 -11.744349753078838 -12.647355003413843
1.9839679358717435 -12.389338184121748 -12.750562121157714 -12.67339332175279 -12.603134186900018 -12.6747170150683 -12.72313886151629 -12.081552609213492 -12.584629765786168 -11.085633077631435 -11.714851965898383 -10.555434794649127 -12.565574122122147 -12.110306259683593 -13.181356374443187 -12.908399680752655 -12.462035489458085 -12.588760605725787 -12.340959894047536 -12.758160768369748 -12.674750147366378 -11.669857838545354 -12.714669165710504 -12.507325430637977 -12.721912642659348 -12.14373067287237 -12.48788312106006 -11.760468607135016 -12.60074645113054
2.0440881763527052 -12.308469748563695 -12.717278988096385 -12.62192644396313 -12.547596902784619 -12.65876866400614 -12.700558078993911 -11.985436334321086 -12.449281327980977 -10.850649471563742 -11.525523807166067 -10.317966699543394 -12.499775213185178 -12.015620930131345 -13.153020994548303 -12.861585304427631 -12.333948071285363 -12.524152896742178 -12.2559244963273 -12.724409633183651 -12.623111212183726 -11.53949758260044 -12.693797783998342 -12.438107202422177 -12.67826272520919 -12.150780809125992 -12.48450037101758 -11.774454439852223 -12.550770811916845
2.1042084168336674 -12.223350825038821 -12.680783669224045 -12.566814331421696 -12.488683383242964 -12.640056987178028 -12.675037270864333 -11.884695166930872 -12.308556061692979 -10.608829753875554 -11.330892879720373 -10.075755643954686 -12.429962154866462 -11.916383711978401 -13.121605162806269 -12.81127206131788 -12.20059122207098 -12.455589409345487 -12.166548749203283 -12.687434159925921 -12.567809999125927 -11.403796648732616 -12.670038828048948 -12.365001558935074 -12.63121453576705 -12.155688349035623 -12.478697411491718 -11.786477627641021 -12.497693206177036
2.164328657314629 -12.13428143770729 -12.641299581602663 -12.508307917576413 -12.426670266728959 -12.618782334381446 -12.646785097167488 -11.779650961650063 -12.1628392094998 -10.36072715582604 -11.13149819807278 -9.829522537164234 -12.356405715356786 -11.812917191646978 -13.08732588854878 -12.75770669346975 -12.062337146359418 -12.38334123900797 -12.073139302568432 -12.647458406481693 -12.5090968148195 -11.263129464159416 -12.643599365358682 -12.288296722007157 -12.581011534891076 -12.158627636350639 -12.470660199813127 -11.796704982539959 -12.441789366619354
2.224448897795591 -12.041533805999567 -12.599027165590488 -12.446633622400913 -12.3618070490987 -12.595123338851426 -12.61598803450564 -11.670596333062814 -12.012481575001637 -10.10684514661476 -10.927835910379109 -9.579932139425122 -12.279350984319876 -11.705514723765521 -13.050377554170353 -12.701111735130272 -11.919524761871163 -12.307653795515686 -11.975974540960692 -12.60468342098303 -12.447197494128783 -11.117837012603928 -12.61466438440074 -12.208253785513499 -12.527873100346305 -12.159753031518255 -12.46055387556712 -11.805283948854155 -12.383307496842288
2.284569138276553 -11.945474094810766 -12.554225799723273 -12.382090613383223 -12.29441549455979 -12.569304044098804 -12.58288318400119 -11.55792932681446 -11.857966817233088 -9.847886466218462 -10.720567908908887 -9.327835715314365 -12.19912682815447 -11.594573748310108 -13.011009598072693 -12.641778708810023 -11.772621054532745 -12.228855141113007 -11.875429821985524 -12.55936955560113 -12.38241085495945 -10.968390172786702 -12.583468111638272 -12.12521831088516 -12.472084959230134 -12.15924626068574 -12.448579075673932 -11.812384000060232 -12.322562491457969
2.344689378757515 -11.846407149512252 -12.507110473091902 -12.314927550236838 -12.224762672282896 -12.54150962106495 -12.547666696660471 -11.441981440375628 -11.699697007293963 -9.584432113003313 -10.51025136946329 -9.073950701781492 -12.116006876594351 -11.480425449035238 -12.96942863139017 -12.579950027812476 -11.622014418611545 -12.147218337436206 -11.771817669735256 -12.511732624299139 -12.31498523090579 -10.815180539174278 -12.550204327814285 -12.039477980643252 -12.413884605669221 -12.15725738882483 -12.434901465919522 -11.818145201931605 -12.259815358876622
2.4048096192384767 -11.744659693985735 -12.45790796524517 -12.245409154155915 -12.153129095043287 -12.511932539988155 -12.510543790849997 -11.323109585771391 -11.538106822059504 -9.31711140237159 -10.29748109418085 -8.819026267085256 -12.03028434905746 -11.363425800647974 -12.925851754450257 -12.515882812465346 -11.468124791702127 -12.063035518230938 -11.66547334235414 -12.462000352551161 -12.245185170040234 -10.658631901087254 -12.515075375922908 -11.95133892606803 -12.353523251220953 -12.153937583306414 -12.419690587711381 -11.822706932634455 -12.195337887610922
2.464929859719439 -11.64055711709052 -12.406841819947765 -12.1737980360661 -12.079789889160342 -12.480760522762218 -12.471715570173885 -11.201670271951222 -11.373631154059183 -9.046553173381383 -10.082847830639441 -8.563792741847148 -11.942251415393336 -11.243929983846662 -12.880492381085606 -12.449831504680937 -11.311372469923732 -11.976597447723181 -11.55673090797288 -12.410397270284417 -12.173273236451934 -10.499168674216968 -12.478279267872452 -11.861104498738708 -12.291248984428496 -12.149430947137317 -12.403109939677568 -11.826200871268194 -12.129394793332544
2.5250501002004007 -11.534418874560082 -12.354129757874261 -12.100351321828242 -12.005011293355654 -12.448174690800577 -12.431376894811379 -11.078014384048782 -11.206698404471567 -8.773375513640328 -9.866929051818172 -8.308949779022047 -11.852195215270129 -11.122287209719136 -12.833557861002529 -12.382044674659387 -11.15217166702002 -11.888189582169096 -11.445918477271562 -12.357142104369032 -12.09950663115345 -10.337209371841585 -12.440007623135667 -11.76907114417876 -12.227303712604733 -12.143873574686255 -12.385315630068588 -11.82875031260579 -12.062240474450583
2.5851703406813624 -11.426574431211911 -12.299994651997501 -12.025333542763192 -11.92906363516924 -12.414358659719529 -12.389726206550495 -10.952504788645332 -11.037752257953741 -8.498217825414564 -9.650314502706845 -8.05519456254514 -11.760412308292818 -10.998858109086566 -12.78525991369036 -12.312777356674697 -10.990951543618703 -11.798106348864755 -11.333374587151699 -12.302458804424017 -12.02415011896262 -10.173187905111547 -12.400455292848527 -11.6755429829343 -12.16193513486802 -12.137400045994776 -12.366464056233715 -11.830475867483637 -11.994131265902261
2.6452905811623246 -11.317285224360667 -12.244613258620003 -11.948954927583646 -11.85215931833346 -12.379457433099503 -12.346920505913506 -10.82542950257426 -10.867143372672192 -8.221580192905908 -9.433473891181894 -7.80307104680006 -11.6671385953899 -10.873928934634701 -12.735766278867075 -12.242232206091572 -10.828051702392251 -11.706581916066144 -11.219367828700477 -12.246524999424295 -11.947414150185143 -10.007447683641786 -12.359776383905405 -11.580760923432027 -12.095339854837661 -12.130115951020349 -12.34667826633524 -11.831472059684137 -11.925267402872333
2.7054108216432864 -11.206885668513547 -12.188209859189847 -11.871483442935826 -11.774565675800215 -12.343653130911072 -12.303157992242895 -10.697158307313376 -10.695324427075583 -7.94411237334231 -9.216992888433602 -7.5532380467166895 -11.572676157554415 -10.747866312233722 -12.685289209937267 -12.170666442230715 -10.663910399469156 -11.613915515954892 -11.10424200269561 -12.189566122555657 -11.869567205563012 -9.840432310615448 -12.3181650417105 -11.485031000217099 -12.027766883644908 -12.122149449177948 -12.326110467444094 -11.831851624431396 -11.855898960773175
2.7655310621242486 -11.095594751691209 -12.130931944169792 -11.793095469862696 -11.696455341613099 -12.307065097798748 -12.258568742818312 -10.56793318517639 -10.522588957743633 -7.666227222258935 -9.001257134259948 -7.306112370162662 -11.477223806433631 -10.620910247897676 -12.633968180484853 -12.098249484406473 -10.498812494057319 -11.520304093488514 -10.988222112816715 -12.131730436196104 -11.790786039215906 -9.67243014499914 -12.275748668268331 -11.388553289214993 -11.95938000003192 -12.11358430599409 -12.304860162875835 -11.831688404912056 -11.786185924106665
2.8256513026052104 -10.983656130205013 -12.072943095695337 -11.713987034957345 -11.618018232506415 -12.26982492176452 -12.213296623709038 -10.438023976726615 -10.349265272079222 -7.388387969690576 -8.786686602538847 -7.062135148681698 -11.381003076725673 -10.493327922276862 -12.581957631792601 -12.025169095881047 -10.333076565230439 -11.425966783125288 -10.871558596517481 -12.073182396374786 -11.711267214922305 -9.503763896270474 -12.232667980245537 -11.2915493628768 -11.890360461125038 -12.104510820163606 -12.283035990585718 -11.831061044938396 -11.716303251417717
2.885771543086172 -10.871274744229833 -12.014381272350718 -11.634323598560279 -11.539411614261788 -12.23204306688567 -12.167462693248154 -10.307657800507581 -10.175628501012657 -7.110978343731687 -8.573629877129285 -6.821654124589326 -11.28420115315577 -10.365344021789639 -12.529387660254311 -11.951583572636181 -10.166970002677537 -11.331088578729174 -10.754462047240416 -12.014060712461365 -11.631176733493724 -9.33470454777467 -12.189041288544722 -11.194204876499558 -11.820860823429218 -12.095003751892468 -12.26072854265915 -11.83003429481351 -11.646394383098126
2.9458917835671343 -10.758624024125876 -11.955363720676768 -11.55424580859199 -11.460766345545412 -12.19381302411314 -12.121169638635791 -10.177026967871463 -10.001910469765729 -6.8343175380447745 -8.362376816747918 -6.584940047289706 -11.186977275476544 -10.237148612049104 -12.476368712917544 -11.877627305486762 -10.000718496152185 -11.235826704127765 -10.637110623350363 -11.954483279325707 -11.550655784665071 -9.165480940838133 -12.144968865697692 -11.096676295577979 -11.751010379660531 -12.085125495694003 -12.238013983824237 -11.828661884308394 -11.576577342738013
3.006012024048096 -10.645860641796077 -11.895996795262036 -11.473881213018444 -11.382198870364366 -12.155219318908106 -12.07451047936086 -10.046305342225363 -9.828320093540874 -6.558690527187497 -8.153183111362505 -6.352215651079515 -11.08947596721449 -10.108913318636223 -12.423000886818116 -11.803421981103003 -9.834525701332694 -11.140323697558701 -10.519665232629762 -11.89455704639549 -11.469832484834424 -8.996299689864209 -12.100541464505596 -10.999104381724614 -11.680926020315887 -12.074931663618036 -12.214960734202174 -11.826991373961933 -11.506956093607315
3.066132264529058 -10.533102188600978 -11.836361300206466 -11.393326550867187 -11.303794124430784 -12.116325920544515 -12.027555778635115 -9.915623397773345 -9.655012334444386 -6.284302724118976 -7.946234747994367 -6.123618664178569 -10.991806814472824 -9.980766783741103 -12.369360158357107 -11.729059803266317 -9.668543223860564 -11.04468750954119 -10.40224653842202 -11.834363276683657 -11.388804088438746 -8.827314715663324 -12.055827867200666 -10.90159416234119 -11.610696079679279 -12.064463736264662 -12.191620200579043 -11.825058076318305 -11.437604881379286
3.12625250501002 -10.420448341837094 -11.776526469888147 -11.312664520770586 -11.225622464171927 -12.077187521724415 -11.980365963427566 -9.785091749331826 -9.482117537365085 -6.0113234168564516 -7.741683158692165 -5.899242345708927 -10.894063477484607 -9.85281791460633 -12.315511586952638 -11.654619490986235 -9.502898923512408 -10.949010286031376 -10.284956755192756 -11.773971600502673 -11.30765380141975 -8.65865592441125 -12.010886926131139 -10.804234186826829 -11.540395816711886 -12.053756714346465 -12.168036070418696 -11.822891618338216 -11.368584130235213
3.186372745490982 -10.307972515562085 -11.71654446892072 -11.23195713084515 -11.147733441925602 -12.03784522445103 -11.932986542597224 -9.654791798759536 -9.309729806620979 -5.7398689629494575 -7.539632565163874 -5.679123497509767 -10.796316073646175 -9.725146708218983 -12.261504159983929 -11.580160006871242 -9.337685658506604 -10.853360892462652 -10.167871048142345 -11.713434483703207 -11.226444092438008 -8.490417769071339 -11.965762918771805 -10.707089100962612 -11.47008139404937 -12.04283648517295 -12.144240916394116 -11.820513813256904 -11.29993483525821
3.2464929859719436 -10.195730134895342 -11.656455830230552 -11.151252230194757 -11.070162497779545 -11.998330935241288 -11.885452900934297 -9.524784925210092 -9.1379184757489 -5.47001984525416 -7.340154026630081 -5.46325936353956 -10.698618578000396 -9.597813346426406 -12.207375931686457 -11.505726801706146 -9.172972343660277 -10.757792235686841 -10.051046054622006 -11.652792694021361 -11.14522323738722 -8.322670447285923 -11.920490237548176 -10.61020720459739 -11.399795927725176 -12.031722843586115 -12.12025983822686 -11.817941270874266 -11.23168488750597
3.306613226452906 -10.083752189181094 -11.596285182605097 -11.07057835699564 -10.9929261904316 -11.958664008543831 -11.837786579357967 -9.395105257312519 -8.96671913064404 -5.201807768152807 -7.1432761591749205 -5.251599262951373 -10.601002920153004 -9.470851119684522 -12.153150018354186 -11.431346967055013 -9.008795252086525 -10.662335479101992 -9.93451324414588 -11.592071004206677 -11.064020134122803 -8.155451056448335 -11.87508977911774 -10.513614738476669 -11.329564836222072 -12.020427454796534 -12.096107825801566 -11.815183760283626 -11.163844800121048
3.3667334669338675 -9.972056796383466 -11.536048835821422 -10.989953880402137 -10.916031321929172 -11.918857312344926 -11.790001926972824 -9.265772555056728 -8.796149667271731 -4.935239324503285 -6.94900416522934 -5.044066316781443 -10.503489383605935 -9.344279143110889 -12.098841745595472 -11.357037939189631 -8.845173517349718 -10.567010307230172 -9.818290830125918 -11.531285818202264 -10.982853472786616 -7.988779308510825 -11.829575437568423 -10.417326362159631 -11.259404248546279 -12.008957875805864 -12.071794704478885 -11.81224762044783 -11.096416215601952
