web/models/kne/3/mosfit_kn_0.062996_0.1710_10.0000.dat
# %ECSV 1.0
# ---
# datatype:
# - {name: time, datatype: float64}
# - {name: PS1_g, datatype: float64}
# - {name: PS1_i, datatype: float64}
# - {name: PS1_r, datatype: float64}
# - {name: PS1_w, datatype: float64}
# - {name: PS1_y, datatype: float64}
# - {name: PS1_z, datatype: float64}
# - {name: swift_uvot_B, datatype: float64}
# - {name: swift_uvot_U, datatype: float64}
# - {name: swift_uvot_uvm2, datatype: float64}
# - {name: swift_uvot_uvw1, datatype: float64}
# - {name: swift_uvot_uvw2, datatype: float64}
# - {name: swift_uvot_V, datatype: float64}
# - {name: johnson_B, datatype: float64}
# - {name: johnson_I, datatype: float64}
# - {name: johnson_R, datatype: float64}
# - {name: johnson_U, datatype: float64}
# - {name: johnson_V, datatype: float64}
# - {name: sdss_g, datatype: float64}
# - {name: sdss_i, datatype: float64}
# - {name: sdss_r, datatype: float64}
# - {name: sdss_u, datatype: float64}
# - {name: sdss_z, datatype: float64}
# - {name: ATLAS_c, datatype: float64}
# - {name: ATLAS_o, datatype: float64}
# - {name: ukirt_H, datatype: float64}
# - {name: ukirt_J, datatype: float64}
# - {name: ukirt_K, datatype: float64}
# - {name: Clear, datatype: float64}
# meta: !!omap
# - comment: [kappa = 10.0, type = rprocess, mass = 0.06299605249512866, velocity = 0.17100000000000004, theta_obs = 0.0, tfloor = 1000.0]
# schema: astropy-2.0
time PS1_g PS1_i PS1_r PS1_w PS1_y PS1_z swift_uvot_B swift_uvot_U swift_uvot_uvm2 swift_uvot_uvw1 swift_uvot_uvw2 swift_uvot_V johnson_B johnson_I johnson_R johnson_U johnson_V sdss_g sdss_i sdss_r sdss_u sdss_z ATLAS_c ATLAS_o ukirt_H ukirt_J ukirt_K Clear
[from data line 172]
10.400801603206412 -1.5972727704799539 -7.976326713209403 -5.493834191719742 -6.593044567498243 -10.409687357459276 -9.451429825379325 0.9376571015767865 5.401532665189865 16.606499504231827 4.295006738066363 6.3476489466829165 -3.1909805745824054 0.27567432208437 -9.167016220931902 -6.791956026472364 4.7346185076432405 -3.6989595298902396 -1.009040967065129 -7.9187786034660235 -5.366815153746796 5.991648154068532 -9.792752063014483 -3.8984529375235155 -7.095973156157935 -13.59949660805153 -12.247710122870446 -14.383398578389508 -8.04319842378348
10.460921843687375 -1.5248800570919663 -7.931169141113621 -5.437787363734898 -6.546058104565269 -10.376417954417025 -9.413214212047336 1.0209441735977165 5.5083487587497615 16.74525755918477 4.372173265126484 6.428487011739158 -3.1236311436456825 0.35380977942270747 -9.125709918356943 -6.743236113097606 4.8377370118925604 -3.635657101266518 -0.9341759802705418 -7.8733394171876725 -5.3097617012582 6.097572209138384 -9.75677112867606 -3.8380299044167288 -7.0490003287482494 -13.58514659462008 -12.224741566155009 -14.375226271891195 -8.004847508135882
10.521042084168336 -1.452196184666814 -7.885786184946024 -5.381490789654055 -6.498855772488685 -10.342951918855476 -9.374788530406857 1.1045506840080221 5.615550382782963 16.884394887562998 4.449590897657032 6.509622614446432 -3.055996989556829 0.43223372910234986 -9.084189993895617 -6.694306716065513 4.9412268113873274 -3.57209804168743 -0.859014300512424 -7.827674601387784 -5.252453372257282 6.203879049560985 -9.720591824475644 -3.777353205151197 -7.001811092349417 -13.570652672541426 -12.201605898632229 -14.366928176206597 -7.96631309975794
10.581162324649299 -1.3792304328678284 -7.840184434582813 -5.324952153021716 -6.451444301216966 -10.309294636650215 -9.336158657827482 1.1884662451723826 5.72312484537747 17.02389591949865 4.527249971527425 6.591045717736833 -2.988086922607647 0.5109362304333371 -9.042462662130816 -6.645174906368106 5.045075515331828 -3.5082908883923 -0.7835654639690937 -7.781790780182725 -5.194897950099406 6.310556019408384 -9.684219856267351 -3.7164309054703004 -6.954412220541304 -13.556018321843835 -12.178307478965545 -14.358507137043597 -7.927601102337416
10.64128256513026 -1.3060601153466322 -7.794416701766629 -5.268234073884184 -6.40387806302396 -10.275488194478779 -9.29737113854495 1.2726037042145044 5.830963815332151 17.163624137508698 4.605069130744646 6.672671529134245 -2.919973766483051 0.5898347630651164 -9.00057726721138 -6.595896750689108 5.149178072070811 -3.4443048921502113 -0.7079090194743287 -7.735741023725193 -5.1371589695915 6.417495539856528 -9.647699787015984 -3.6553294914930845 -6.9068581193876 -13.541268548813806 -12.154879102003749 -14.34998256857506 -7.888758109007057
10.701402805611222 -1.2325922088709795 -7.748420069583091 -5.211261620312246 -6.356092109309603 -10.241482787008387 -9.25837069929809 1.3570680995261142 5.939198379384045 17.303746048242377 4.683146652060053 6.754602449322032 -2.8515700895473843 0.6690285693610816 -8.958475159907266 -6.546405575982928 5.253661405182804 -3.380057262045459 -0.6319492244065827 -7.689462111254954 -5.079160380854244 6.524827657981955 -9.610978877156686 -3.5939691584694344 -6.859083897902014 -13.52637443997432 -12.131282349317745 -14.341332368984963 -7.8497287689275375
10.761523046092185 -1.1588196268925266 -7.702189994246567 -5.154029251713617 -6.308081699203569 -10.207274950379475 -9.219153415892762 1.4418675047254303 6.047838835499615 17.444275148484053 4.761490105907242 6.836846409656797 -2.782869299780633 0.7485251626480822 -8.916152163520163 -6.496696658682926 5.358535397668501 -3.315541930016292 -0.555678774537256 -7.642949479695993 -5.020896547418978 6.632562535374618 -9.574053467540882 -3.5323439141733104 -6.811084859209231 -13.511334267435727 -12.107514713360688 -14.332555365994606 -7.8105091859147
10.821643286573146 -1.0848035831212677 -7.655768342243832 -5.096586580276163 -6.259889905610905 -10.172898076110197 -9.179756202098712 1.5269329278354682 6.156799459644802 17.58510364516759 4.840035173662187 6.9193363179623155 -2.7139290794559416 0.8282592212626267 -8.873647404306652 -6.4468144290225675 5.463716908559338 -3.250813760377455 -0.47916065083791537 -7.596245200471348 -4.962417807775594 6.740615031905666 -9.536958910316162 -3.470506405190772 -6.7629041109427135 -13.496167918976257 -12.083602240473128 -14.323667022557787 -7.771136281210982
10.881763527054108 -1.010533336935353 -7.609148085992654 -5.038925110725696 -6.211509406959355 -10.138346727484713 -9.140172950285734 1.6122765622771495 6.2660956671643575 17.726251649815584 4.918793356054945 7.0020841370416385 -2.644739407172037 0.9082421831649474 -8.830954383887708 -6.396751491709545 5.569220786803307 -3.1858634045446594 -0.4023837883208081 -7.5493422140603705 -4.903715531437012 6.849000389188742 -9.499689450616291 -3.408447488203361 -6.714534375423522 -13.480872497528827 -12.059540886556482 -14.314665258444792 -7.731603933417084
10.941883767535069 -0.9359581241984749 -7.56229498847139 -4.981004023728541 -6.162904872946946 -10.103593851383632 -9.10037360266271 1.6979557589882155 6.375799142248475 17.867810213301777 4.997818197311208 7.085145763906549 -2.5752525860931224 0.988528137394354 -8.788041217442697 -6.346471676177175 5.675116385855102 -3.120645826142405 -0.32529593753682917 -7.502206121078725 -4.844748278427655 6.957789694424523 -9.46221646383707 -3.3461236656371263 -6.665940370257477 -13.46543242169444 -12.03530985799789 -14.305538229446027 -7.691882126988929
11.002004008016032 -0.8610885195236939 -7.515216492748156 -4.922832031225397 -6.114083912799284 -10.06864549386151 -9.060364777343928 1.7839586581792843 6.485895333516609 18.009761464850374 5.077098683923502 7.168509719856587 -2.5054786429759384 1.0691057630569352 -8.744914909479828 -6.295982953894666 5.781389516444982 -3.055170709742556 -0.24790797037205436 -7.454844403571972 -4.785524878630483 7.066968446165003 -9.424546360356949 -3.283544101435538 -6.617129744228674 -13.44985152247 -12.01091400472169 -14.296289030762244 -7.651977501873439
11.062124248496994 -0.7859750946737343 -7.467947229701579 -4.86445014363067 -6.065082111222981 -10.033529298026878 -9.020177023599576 1.8702282694699235 6.596313442883961 18.152016703479564 5.156581831498421 7.252120627512429 -2.4354652595698427 1.1499211313247277 -8.701607827833417 -6.245322026380198 5.887971511262975 -2.98948339173769 -0.17027191611610704 -7.407291861425165 -4.726086948227017 7.176466320172157 -9.386708396393644 -3.2207522825186707 -6.56813811654569 -13.43414629342753 -11.986374904619941 -14.28693049832251 -7.611920550508717
11.122244488977955 -0.7105908040773379 -7.420469069842994 -4.805836688431651 -6.015880733155257 -9.998230996103459 -8.979794453712149 1.9567951775933323 6.707091795807365 18.2946248556677 5.23629622317058 7.336008323646489 -2.365187058562939 1.2310030378760535 -8.6581031146934 -6.194469782111239 5.994899407529573 -2.923559993139137 -0.09235993431184752 -7.359530280837223 -4.666412480412898 7.286321295200775 -9.348687482714126 -3.157725070358506 -6.518946795316758 -13.41830863941574 -11.961681662684425 -14.277456542301577 -7.571695419697857
11.182364729458918 -0.6348785117426914 -7.372743417081864 -4.746945689879141 -5.9664400060937695 -9.962720053635934 -8.939183157362223 2.043723917046706 6.818311033067097 18.437688007650316 5.316301939619681 7.420235643331573 -2.294590323945525 1.3124123039572628 -8.614364820278688 -6.143385523448289 6.102251219534274 -2.857349832240474 -0.014113223470371139 -7.311520884574136 -4.606454794740618 7.396613344853229 -9.310451333986514 -3.094413511794727 -6.469516053880842 -13.402320921327869 -11.93681078230309 -14.267853728591804 -7.531268334837247
11.242484969939879 -0.5588984327299329 -7.324811451002091 -4.687825939848498 -5.91680224394187 -9.927029311935076 -8.89837944694321 2.130946612819046 6.929886778279002 18.581100433063536 5.3965359174924465 7.504736628777074 -2.2237318195498483 1.394084740829001 -8.570431418472808 -6.092112852758576 6.20994513317309 -2.7909068297865653 0.0644062636127174 -7.263305052386979 -4.546263409091509 7.507258669589447 -9.272034703077612 -3.0308693601271486 -6.419888238000393 -13.386202667429961 -11.911787859691943 -14.258137219648644 -7.490675512959708
11.302605210420841 -0.48265472070513127 -7.276676239074877 -4.628480954687273 -5.866970533728466 -9.891161334463039 -8.857386087466939 2.2184586432500177 7.041813476282677 18.724855743615013 5.476993965593913 7.589506857838902 -2.1526155348543634 1.476015894808352 -8.526305825553983 -6.040655077022888 6.31797568181997 -2.724234923856643 0.14319426152214376 -7.2148858694108675 -4.485841884808348 7.618251697691409 -9.233440311436265 -2.967096251431478 -6.370066472507165 -13.369955642069813 -11.886615032168118 -14.248308505729932 -7.449919712130075
11.362725450901802 -0.4061031135391602 -7.228307922616519 -4.568875148493294 -5.816914109954183 -9.855092518353032 -8.816176852257218 2.30631001306432 7.1541536579545095 18.869033132345717 5.55772260062918 7.674595013109521 -2.0811998659382995 1.558252851433451 -8.481960242793775 -5.988980762083654 6.42640333390834 -2.6572949211301706 0.22229632220422957 -7.166233338511354 -4.425154086195278 7.729654428068553 -9.194643215483431 -2.9030562832634033 -6.32002003462512 -13.353566259775674 -11.86127416721529 -14.238357265967403 -7.408974846857834
11.422845691382765 -0.3292715835594606 -7.179725755635182 -4.509031268909869 -5.7666527149921265 -9.818838282521032 -8.774768752529702 2.394469223296224 7.266868266533706 19.013584030519205 5.6386926411504135 7.759970527912984 -2.009511225948473 1.6407657842748475 -8.437412685804652 -5.937110318355299 6.5351901752543 -2.5901119891772035 0.3016836701358372 -7.117366808868653 -4.364223096876216 7.841428039949516 -9.155659736266681 -2.8387735291998517 -6.269768700747527 -13.337043816606931 -11.835777356163105 -14.228290781261046 -7.367857873508594
11.482965931863728 -0.2521572493232327 -7.1309280102285655 -4.448947144531683 -5.716184513093765 -9.78239737229341 -8.733160325875122 2.4829395862153705 7.379961630327809 19.158514440662938 5.719907242766631 7.8456366830118505 -1.9375469754377874 1.7235577191431124 -8.392661596398476 -5.885042006079638 6.644340308517165 -2.5226838034820505 0.3813592770256591 -7.068284548047945 -4.303046703575006 7.953576769665052 -9.116488563805056 -2.774245588519939 -6.2193106721132985 -13.32038782574015 -11.810123772712993 -14.218108803642016 -7.326567357516414
11.543086172344688 -0.1747243304080648 -7.08189057857556 -4.388594032723319 -5.665484676943464 -9.745750743072055 -8.691330399344182 2.571761532582845 7.49348434905782 19.30388841669156 5.801403951445021 7.931632825055473 -1.8652734858684752 1.806666678281111 -8.347684541416893 -5.832750507944209 6.753902638567613 -2.4549787494979265 0.4613599644531874 -7.018962338417474 -4.2415957143904315 8.066150772942944 -9.077109588069696 -2.7094418424886335 -6.168621161735093 -13.303587364336005 -11.784298810818468 -14.207803055913091 -7.285082290161782
11.603206412825651 -0.09701054855618452 -7.032639339537532 -4.328002549201351 -5.61457974740474 -9.70891907539702 -8.649301817089743 2.6608925597752533 7.60738363636019 19.449640226201804 5.883143429253241 8.017917701106821 -1.7927263564920295 1.890052475022333 -8.302505712734167 -5.780263197370126 6.863825961502304 -2.387030664957128 0.5416469249767175 -6.969426185114873 -4.179901204156327 8.179097604409922 -9.037544689339505 -2.644394718663481 -6.117726741810863 -13.286654801459095 -11.758318629211518 -14.197383175183605 -7.243425404195154
11.663326653306612 -0.019023314081305642 -6.983179556666759 -4.267178828506761 -5.563475071824104 -9.671906665942558 -8.607079270605098 2.7503243644774225 7.721649331594751 19.59575770532863 5.965118078899128 8.104483302887978 -1.7199126412868118 1.973707187289971 -8.257130071348595 -5.727585699355438 6.974100351905939 -2.318846386021691 0.6222125398031331 -6.919681380325962 -4.117969393931062 8.292407121598036 -8.997798426661472 -2.579110639191171 -6.066632793912898 -13.269592893950735 -11.732186694335931 -14.186851401822372 -7.201601375834912
11.723446893787575 0.05928991643123993 -6.9334757063862895 -4.206080584366312 -5.512134113867422 -9.634685386836441 -8.564631525370547 2.840116287197522 7.836355608790324 19.742334379541987 6.047382905130725 8.191387329867453 -1.6467829132875813 2.057686642987622 -8.211524536784005 -5.674680706990494 7.084797533028063 -2.2503793921730137 0.7031108755995241 -6.869692238029792 -4.055757337884387 8.406152873105643 -8.957841101888135 -2.5135446124704863 -6.015302822777588 -13.252385382163963 -11.705881361094937 -14.176195348806518 -7.1595792409000225
11.783567134268537 0.13789446406025974 -6.883551593008317 -4.144735969866904 -5.460581272426452 -9.597274266937 -8.521979598218437 2.930229255373761 7.951453944876956 19.88930994297139 6.129901797171584 8.278591871139046 -1.573369909800111 2.141953907793251 -8.16571136272777 -5.621573384979304 7.19587043415731 -2.1816607991525467 0.7843062554408675 -6.819482678798323 -3.9932936134144725 8.52028664538059 -8.917692846649299 -2.447726447283838 -5.963761257382849 -13.2350436547512 -11.679417501615655 -14.16542389190324 -7.117379894844298
11.843687374749498 0.21677138729998546 -6.8334203168288 -4.0831604268551125 -5.408829940624713 -9.55968382782924 -8.479135080666591 3.0206419520236674 8.066917945178922 20.036651909411024 6.212655130569935 8.366076277011572 -1.499691548244695 2.2264888014618793 -8.119702817188152 -5.568277601806362 7.307293414557179 -2.1127077013356095 0.8657791952505711 -6.769065868433195 -3.9305938936658613 8.634782185963346 -8.877364797959046 -2.3816724493580566 -5.9120215221021155 -13.217574107581045 -11.652803396507776 -14.154542063874585 -7.075014854232702
11.90380761523046 0.2959886109763943 -6.783035873960834 -4.021299241492642 -5.356832850315758 -9.52187759828842 -8.436057496257838 3.1114310683088933 8.18284342251129 20.184480747939762 6.295713864231924 8.453915068787246 -1.4256838977329103 2.3113634640927887 -8.07345604715395 -5.514745080908246 7.419159134171654 -2.0434599210536293 0.9475995839028961 -6.718395593182187 -3.8676026089997073 8.74973451337981 -8.836818459910472 -2.3153244468147527 -5.860036390945691 -13.199955579652014 -11.626010936802816 -14.143533704416223 -7.03244404663101
11.963927855711422 0.37546520850289866 -6.732453532750533 -3.95921791188929 -5.3046466734147835 -9.483899622692533 -8.392795582048382 3.2025053489456825 8.299116768326051 20.332654825445445 6.378993742994794 8.54201968180124 -1.351423279734061 2.396491839417983 -8.027022645276151 -5.461034026446357 7.531357527277905 -1.9739896896782814 1.0296841626437114 -6.667527383557257 -3.8043862653796445 8.865030829586225 -8.796100377315046 -2.2487518867008482 -5.807862557948997 -13.18221411533713 -11.599074356616812 -14.132418951950639 -6.989715790968329
12.024048096192384 0.45521765886999077 -6.681662288638428 -3.8969032689439764 -5.252260056871627 -9.445741254637099 -8.349339693637923 3.293883438207751 8.415761406578017 20.481204055336125 6.462512107853229 8.630408275842477 -1.276894239622213 2.481891401507386 -7.980392396860526 -5.4071329469700595 7.643911182748376 -1.9042825843538378 1.1120498896143083 -6.616450188074303 -3.7409314836743413 8.980694319754079 -8.755201440663978 -2.181940699730358 -5.755488704289871 -13.164344861055762 -11.571987087827347 -14.121194182191664 -6.946820549295243
