web/models/kne/3/villar_0.0019_0.3903_10.0000.dat
# %ECSV 1.0
# ---
# datatype:
# - {name: time, datatype: float64}
# - {name: swift_uvot_uvw2, datatype: float64}
# - {name: swift_uvot_uvm2, datatype: float64}
# - {name: swift_uvot_uvw1, datatype: float64}
# - {name: swift_uvot_U, datatype: float64}
# - {name: swift_uvot_B, datatype: float64}
# - {name: swift_uvot_V, datatype: float64}
# - {name: swift_uvot_W, datatype: float64}
# - {name: johnson_U, datatype: float64}
# - {name: johnson_B, datatype: float64}
# - {name: johnson_V, datatype: float64}
# - {name: johnson_R, datatype: float64}
# - {name: johnson_I, datatype: float64}
# - {name: sdss_u, datatype: float64}
# - {name: sdss_g, datatype: float64}
# - {name: sdss_r, datatype: float64}
# - {name: sdss_i, datatype: float64}
# - {name: sdss_z, datatype: float64}
# - {name: PS1_g, datatype: float64}
# - {name: PS1_r, datatype: float64}
# - {name: PS1_i, datatype: float64}
# - {name: PS1_z, datatype: float64}
# - {name: PS1_Y, datatype: float64}
# - {name: PS1_w, datatype: float64}
# - {name: ATLAS_c, datatype: float64}
# - {name: ATLAS_o, datatype: float64}
# - {name: ukirt_J, datatype: float64}
# - {name: ukirt_H, datatype: float64}
# - {name: ukirt_K, datatype: float64}
# - {name: Clear, datatype: float64}
# meta: !!omap
# - comment: [kappa = 10.0, type = villar, mass = 0.001861645566637777, velocity = 0.3903333333333333, theta_obs = 0.0]
# schema: astropy-2.0
time swift_uvot_uvw2 swift_uvot_uvm2 swift_uvot_uvw1 swift_uvot_U swift_uvot_B swift_uvot_V swift_uvot_W johnson_U johnson_B johnson_V johnson_R johnson_I sdss_u sdss_g sdss_r sdss_i sdss_z PS1_g PS1_r PS1_i PS1_z PS1_Y PS1_w ATLAS_c ATLAS_o ukirt_J ukirt_H ukirt_K Clear
0.001 nan nan nan nan nan nan nan nan nan nan nan nan nan nan nan nan nan nan nan nan nan nan nan nan nan nan nan nan nan
0.00103 -1.815 -2.152 -2.53 -3.129 -3.308 -3.328 -2.779 -3.169 -3.307 -3.323 -3.212 -3.005 -3.164 -3.325 -3.279 -3.147 -2.974 -3.34 -3.287 -3.155 -3.027 -2.958 -3.254 -3.317 -3.223 -2.534 -2.115 -1.589 -3.252
0.001061 -2.946 -3.215 -3.466 -3.863 -3.922 -3.852 -3.562 -3.882 -3.92 -3.846 -3.671 -3.409 -3.881 -3.907 -3.763 -3.58 -3.37 -3.91 -3.772 -3.589 -3.433 -3.354 -3.752 -3.856 -3.685 -2.879 -2.432 -1.884 -3.765
0.001094 -3.543 -3.77 -3.963 -4.259 -4.262 -4.148 -3.997 -4.268 -4.259 -4.141 -3.936 -3.649 -4.269 -4.231 -4.04 -3.833 -3.606 -4.229 -4.05 -3.843 -3.675 -3.593 -4.038 -4.161 -3.953 -3.091 -2.631 -2.072 -4.058
0.001127 -3.942 -4.142 -4.3 -4.532 -4.5 -4.36 -4.299 -4.535 -4.497 -4.353 -4.13 -3.827 -4.537 -4.46 -4.241 -4.019 -3.782 -4.455 -4.251 -4.03 -3.854 -3.772 -4.244 -4.378 -4.147 -3.252 -2.784 -2.218 -4.268
0.001161 -4.24 -4.42 -4.554 -4.742 -4.686 -4.529 -4.532 -4.741 -4.683 -4.521 -4.286 -3.972 -4.744 -4.64 -4.401 -4.17 -3.925 -4.633 -4.412 -4.182 -4.001 -3.919 -4.408 -4.55 -4.304 -3.385 -2.912 -2.341 -4.436
0.001196 -4.478 -4.642 -4.759 -4.915 -4.841 -4.671 -4.722 -4.911 -4.838 -4.663 -4.419 -4.097 -4.914 -4.791 -4.538 -4.299 -4.049 -4.782 -4.55 -4.312 -4.127 -4.046 -4.547 -4.695 -4.438 -3.502 -3.024 -2.451 -4.578
0.001232 -4.676 -4.828 -4.932 -5.063 -4.976 -4.796 -4.884 -5.056 -4.973 -4.788 -4.536 -4.208 -5.06 -4.922 -4.658 -4.414 -4.16 -4.913 -4.67 -4.427 -4.24 -4.159 -4.67 -4.821 -4.556 -3.607 -3.126 -2.55 -4.703
0.001269 -4.845 -4.988 -5.082 -5.193 -5.096 -4.908 -5.026 -5.185 -5.093 -4.9 -4.643 -4.311 -5.189 -5.04 -4.767 -4.518 -4.261 -5.029 -4.78 -4.532 -4.343 -4.262 -4.78 -4.935 -4.663 -3.704 -3.221 -2.643 -4.815
0.001308 -4.994 -5.128 -5.215 -5.31 -5.205 -5.011 -5.153 -5.301 -5.202 -5.003 -4.742 -4.405 -5.305 -5.147 -4.867 -4.615 -4.356 -5.135 -4.88 -4.629 -4.439 -4.359 -4.882 -5.039 -4.762 -3.795 -3.31 -2.73 -4.918
0.001347 -5.126 -5.255 -5.334 -5.417 -5.305 -5.106 -5.268 -5.407 -5.302 -5.098 -4.834 -4.495 -5.411 -5.245 -4.96 -4.706 -4.444 -5.234 -4.974 -4.72 -4.529 -4.449 -4.977 -5.136 -4.854 -3.881 -3.394 -2.813 -5.013
0.001388 -5.246 -5.369 -5.444 -5.517 -5.399 -5.196 -5.374 -5.505 -5.396 -5.188 -4.921 -4.579 -5.51 -5.338 -5.049 -4.792 -4.529 -5.326 -5.062 -4.807 -4.614 -4.535 -5.066 -5.227 -4.941 -3.963 -3.475 -2.893 -5.103
0.00143 -5.356 -5.475 -5.545 -5.61 -5.488 -5.282 -5.472 -5.597 -5.485 -5.273 -5.004 -4.661 -5.602 -5.426 -5.133 -4.874 -4.61 -5.413 -5.146 -4.889 -4.696 -4.617 -5.15 -5.313 -5.025 -4.042 -3.553 -2.97 -5.189
0.001473 -5.457 -5.572 -5.64 -5.697 -5.572 -5.363 -5.564 -5.684 -5.569 -5.355 -5.084 -4.739 -5.689 -5.509 -5.213 -4.953 -4.688 -5.496 -5.227 -4.968 -4.774 -4.696 -5.231 -5.395 -5.104 -4.118 -3.629 -3.045 -5.27
0.001518 -5.551 -5.664 -5.728 -5.78 -5.652 -5.441 -5.651 -5.767 -5.649 -5.433 -5.161 -4.814 -5.772 -5.588 -5.29 -5.029 -4.763 -5.576 -5.304 -5.044 -4.85 -4.772 -5.309 -5.474 -5.181 -4.192 -3.702 -3.118 -5.349
0.001564 -5.639 -5.749 -5.812 -5.86 -5.73 -5.517 -5.733 -5.846 -5.726 -5.508 -5.235 -4.887 -5.851 -5.665 -5.365 -5.103 -4.836 -5.652 -5.379 -5.118 -4.923 -4.845 -5.384 -5.549 -5.256 -4.265 -3.774 -3.189 -5.424
0.001611 -5.722 -5.831 -5.891 -5.936 -5.804 -5.59 -5.811 -5.921 -5.801 -5.582 -5.307 -4.959 -5.927 -5.739 -5.438 -5.175 -4.907 -5.726 -5.452 -5.19 -4.995 -4.917 -5.457 -5.623 -5.328 -4.335 -3.844 -3.259 -5.497
0.00166 -5.8 -5.907 -5.967 -6.009 -5.876 -5.661 -5.886 -5.994 -5.872 -5.652 -5.377 -5.028 -6.0 -5.81 -5.508 -5.245 -4.977 -5.797 -5.523 -5.26 -5.065 -4.987 -5.528 -5.694 -5.398 -4.404 -3.913 -3.328 -5.568
0.00171 -5.875 -5.981 -6.04 -6.08 -5.946 -5.73 -5.958 -6.065 -5.942 -5.722 -5.446 -5.097 -6.07 -5.88 -5.577 -5.313 -5.045 -5.867 -5.591 -5.329 -5.133 -5.056 -5.597 -5.763 -5.467 -4.472 -3.98 -3.395 -5.637
0.001761 -5.946 -6.051 -6.109 -6.148 -6.014 -5.798 -6.027 -6.133 -6.01 -5.789 -5.513 -5.164 -6.139 -5.948 -5.644 -5.38 -5.112 -5.935 -5.659 -5.396 -5.2 -5.123 -5.664 -5.831 -5.534 -4.539 -4.047 -3.462 -5.705
0.001815 -6.013 -6.118 -6.176 -6.215 -6.08 -5.864 -6.094 -6.2 -6.076 -5.855 -5.579 -5.229 -6.205 -6.014 -5.71 -5.446 -5.178 -6.001 -5.725 -5.462 -5.266 -5.189 -5.73 -5.897 -5.6 -4.604 -4.113 -3.527 -5.771
0.00187 -6.078 -6.183 -6.241 -6.28 -6.145 -5.928 -6.159 -6.265 -6.141 -5.92 -5.644 -5.294 -6.27 -6.079 -5.775 -5.511 -5.243 -6.066 -5.789 -5.527 -5.331 -5.253 -5.795 -5.962 -5.665 -4.669 -4.177 -3.592 -5.836
0.001926 -6.14 -6.246 -6.304 -6.343 -6.208 -5.992 -6.221 -6.328 -6.205 -5.983 -5.708 -5.358 -6.333 -6.142 -5.839 -5.575 -5.306 -6.129 -5.853 -5.59 -5.395 -5.317 -5.859 -6.025 -5.728 -4.733 -4.241 -3.656 -5.899
0.001984 -6.2 -6.306 -6.364 -6.404 -6.27 -6.054 -6.283 -6.39 -6.267 -6.046 -5.77 -5.421 -6.395 -6.204 -5.901 -5.637 -5.369 -6.191 -5.916 -5.653 -5.457 -5.38 -5.921 -6.088 -5.791 -4.796 -4.304 -3.719 -5.962
0.002044 -6.258 -6.364 -6.424 -6.465 -6.331 -6.116 -6.342 -6.45 -6.328 -6.107 -5.832 -5.483 -6.455 -6.266 -5.963 -5.699 -5.431 -6.253 -5.977 -5.715 -5.519 -5.442 -5.983 -6.149 -5.853 -4.858 -4.367 -3.782 -6.023
0.002106 -6.313 -6.421 -6.481 -6.524 -6.391 -6.176 -6.4 -6.509 -6.388 -6.168 -5.893 -5.544 -6.514 -6.326 -6.024 -5.761 -5.493 -6.313 -6.038 -5.776 -5.581 -5.503 -6.043 -6.209 -5.914 -4.92 -4.429 -3.844 -6.084
0.00217 -6.367 -6.476 -6.537 -6.582 -6.45 -6.236 -6.457 -6.567 -6.447 -6.228 -5.953 -5.605 -6.572 -6.385 -6.084 -5.821 -5.554 -6.372 -6.098 -5.837 -5.641 -5.564 -6.103 -6.269 -5.974 -4.981 -4.491 -3.906 -6.143
0.002236 -6.42 -6.529 -6.591 -6.638 -6.508 -6.295 -6.512 -6.624 -6.505 -6.287 -6.013 -5.665 -6.629 -6.443 -6.143 -5.881 -5.614 -6.43 -6.157 -5.896 -5.701 -5.623 -6.162 -6.328 -6.034 -5.042 -4.552 -3.967 -6.202
0.002303 -6.47 -6.581 -6.645 -6.694 -6.565 -6.353 -6.566 -6.681 -6.562 -6.345 -6.072 -5.725 -6.686 -6.501 -6.202 -5.94 -5.673 -6.488 -6.216 -5.955 -5.761 -5.683 -6.221 -6.386 -6.093 -5.102 -4.612 -4.028 -6.26
0.002373 -6.519 -6.632 -6.697 -6.749 -6.622 -6.411 -6.619 -6.736 -6.618 -6.402 -6.13 -5.784 -6.741 -6.558 -6.26 -5.999 -5.732 -6.545 -6.274 -6.014 -5.819 -5.741 -6.279 -6.443 -6.151 -5.162 -4.672 -4.088 -6.318
0.002445 -6.567 -6.681 -6.748 -6.803 -6.677 -6.468 -6.671 -6.79 -6.674 -6.459 -6.188 -5.842 -6.795 -6.614 -6.317 -6.057 -5.791 -6.601 -6.331 -6.072 -5.878 -5.799 -6.336 -6.5 -6.208 -5.221 -4.732 -4.148 -6.375
0.002519 -6.614 -6.73 -6.798 -6.857 -6.732 -6.524 -6.722 -6.844 -6.729 -6.516 -6.245 -5.9 -6.849 -6.669 -6.374 -6.114 -5.849 -6.657 -6.388 -6.129 -5.936 -5.857 -6.392 -6.556 -6.266 -5.28 -4.791 -4.208 -6.431
0.002595 -6.659 -6.777 -6.846 -6.909 -6.787 -6.58 -6.772 -6.896 -6.783 -6.571 -6.302 -5.958 -6.901 -6.724 -6.43 -6.172 -5.907 -6.712 -6.444 -6.186 -5.993 -5.914 -6.448 -6.611 -6.322 -5.339 -4.85 -4.267 -6.487
0.002673 -6.703 -6.823 -6.894 -6.961 -6.84 -6.635 -6.822 -6.948 -6.837 -6.627 -6.358 -6.015 -6.953 -6.778 -6.486 -6.228 -5.964 -6.766 -6.5 -6.243 -6.05 -5.971 -6.504 -6.666 -6.378 -5.397 -4.908 -4.326 -6.542
0.002754 -6.746 -6.868 -6.941 -7.012 -6.893 -6.69 -6.87 -7.0 -6.89 -6.681 -6.414 -6.072 -7.005 -6.832 -6.542 -6.284 -6.021 -6.82 -6.555 -6.299 -6.106 -6.027 -6.559 -6.72 -6.434 -5.455 -4.967 -4.385 -6.597
0.002837 -6.787 -6.912 -6.987 -7.062 -6.946 -6.744 -6.918 -7.051 -6.943 -6.736 -6.469 -6.128 -7.055 -6.885 -6.597 -6.34 -6.078 -6.873 -6.61 -6.355 -6.162 -6.083 -6.613 -6.774 -6.489 -5.512 -5.025 -4.443 -6.651
0.002923 -6.828 -6.955 -7.033 -7.112 -6.998 -6.798 -6.965 -7.101 -6.995 -6.789 -6.524 -6.184 -7.105 -6.938 -6.651 -6.396 -6.134 -6.926 -6.665 -6.41 -6.218 -6.139 -6.667 -6.828 -6.544 -5.569 -5.082 -4.501 -6.705
0.003012 -6.868 -6.997 -7.077 -7.161 -7.05 -6.851 -7.011 -7.15 -7.046 -6.843 -6.579 -6.24 -7.155 -6.99 -6.705 -6.451 -6.19 -6.978 -6.719 -6.465 -6.274 -6.194 -6.721 -6.88 -6.599 -5.626 -5.14 -4.559 -6.758
0.003103 -6.907 -7.038 -7.121 -7.209 -7.101 -6.904 -7.057 -7.199 -7.097 -6.896 -6.633 -6.295 -7.204 -7.041 -6.759 -6.506 -6.245 -7.03 -6.772 -6.52 -6.329 -6.249 -6.774 -6.933 -6.653 -5.683 -5.197 -4.617 -6.811
0.003196 -6.945 -7.078 -7.164 -7.257 -7.151 -6.956 -7.101 -7.248 -7.148 -6.948 -6.687 -6.35 -7.252 -7.093 -6.812 -6.56 -6.3 -7.081 -6.825 -6.574 -6.383 -6.303 -6.827 -6.985 -6.707 -5.739 -5.254 -4.674 -6.863
0.003293 -6.982 -7.118 -7.206 -7.305 -7.201 -7.008 -7.146 -7.295 -7.198 -7.0 -6.74 -6.405 -7.3 -7.143 -6.865 -6.614 -6.355 -7.132 -6.878 -6.628 -6.438 -6.358 -6.88 -7.037 -6.76 -5.795 -5.311 -4.731 -6.915
0.003393 -7.018 -7.157 -7.248 -7.352 -7.251 -7.06 -7.189 -7.343 -7.248 -7.052 -6.793 -6.459 -7.347 -7.194 -6.918 -6.668 -6.41 -7.183 -6.931 -6.682 -6.492 -6.412 -6.932 -7.088 -6.813 -5.851 -5.367 -4.788 -6.967
0.003495 -7.053 -7.195 -7.288 -7.398 -7.3 -7.111 -7.232 -7.39 -7.297 -7.103 -6.846 -6.513 -7.394 -7.244 -6.97 -6.722 -6.464 -7.233 -6.983 -6.735 -6.546 -6.465 -6.984 -7.139 -6.866 -5.906 -5.423 -4.845 -7.019
0.003601 -7.088 -7.232 -7.329 -7.444 -7.349 -7.162 -7.275 -7.436 -7.346 -7.154 -6.899 -6.567 -7.44 -7.293 -7.022 -6.775 -6.518 -7.283 -7.035 -6.788 -6.6 -6.519 -7.035 -7.19 -6.919 -5.962 -5.479 -4.902 -7.07
0.00371 -7.122 -7.269 -7.368 -7.489 -7.397 -7.213 -7.317 -7.482 -7.394 -7.205 -6.951 -6.621 -7.486 -7.342 -7.074 -6.828 -6.572 -7.332 -7.086 -6.841 -6.653 -6.572 -7.087 -7.24 -6.971 -6.017 -5.535 -4.958 -7.12
0.003822 -7.155 -7.305 -7.407 -7.534 -7.445 -7.264 -7.358 -7.527 -7.442 -7.256 -7.003 -6.674 -7.531 -7.391 -7.125 -6.88 -6.626 -7.381 -7.138 -6.893 -6.706 -6.625 -7.137 -7.29 -7.023 -6.072 -5.591 -5.014 -7.171
0.003938 -7.187 -7.34 -7.446 -7.579 -7.493 -7.314 -7.399 -7.572 -7.49 -7.306 -7.055 -6.728 -7.576 -7.44 -7.176 -6.933 -6.679 -7.43 -7.189 -6.946 -6.759 -6.678 -7.188 -7.339 -7.074 -6.127 -5.646 -5.07 -7.221
0.004057 -7.219 -7.375 -7.483 -7.623 -7.54 -7.363 -7.439 -7.617 -7.537 -7.355 -7.106 -6.781 -7.621 -7.488 -7.227 -6.985 -6.732 -7.478 -7.239 -6.998 -6.812 -6.73 -7.238 -7.388 -7.126 -6.181 -5.702 -5.126 -7.27
0.00418 -7.249 -7.409 -7.52 -7.666 -7.587 -7.413 -7.479 -7.661 -7.584 -7.405 -7.158 -6.833 -7.665 -7.536 -7.278 -7.037 -6.785 -7.526 -7.29 -7.05 -6.864 -6.783 -7.288 -7.437 -7.177 -6.236 -5.757 -5.182 -7.32
0.004306 -7.28 -7.442 -7.557 -7.709 -7.634 -7.462 -7.519 -7.705 -7.631 -7.454 -7.209 -6.886 -7.708 -7.583 -7.328 -7.089 -6.838 -7.574 -7.34 -7.101 -6.916 -6.835 -7.338 -7.486 -7.228 -6.29 -5.812 -5.238 -7.369
0.004436 -7.309 -7.474 -7.593 -7.752 -7.68 -7.511 -7.558 -7.748 -7.677 -7.503 -7.259 -6.938 -7.751 -7.63 -7.378 -7.14 -6.891 -7.622 -7.39 -7.152 -6.968 -6.887 -7.387 -7.534 -7.278 -6.344 -5.867 -5.293 -7.418
0.00457 -7.338 -7.506 -7.629 -7.794 -7.726 -7.559 -7.596 -7.791 -7.723 -7.551 -7.31 -6.99 -7.794 -7.677 -7.428 -7.191 -6.943 -7.669 -7.439 -7.203 -7.02 -6.938 -7.436 -7.582 -7.328 -6.398 -5.921 -5.349 -7.467
0.004709 -7.366 -7.538 -7.664 -7.836 -7.771 -7.607 -7.634 -7.833 -7.768 -7.6 -7.36 -7.042 -7.837 -7.723 -7.477 -7.242 -6.995 -7.715 -7.489 -7.254 -7.072 -6.99 -7.485 -7.63 -7.379 -6.451 -5.976 -5.404 -7.515
0.004851 -7.393 -7.568 -7.698 -7.877 -7.816 -7.655 -7.672 -7.875 -7.813 -7.648 -7.41 -7.094 -7.879 -7.77 -7.526 -7.293 -7.047 -7.762 -7.538 -7.305 -7.123 -7.041 -7.534 -7.677 -7.428 -6.505 -6.03 -5.459 -7.563
0.004998 -7.42 -7.598 -7.732 -7.918 -7.861 -7.703 -7.709 -7.917 -7.858 -7.696 -7.46 -7.145 -7.92 -7.815 -7.575 -7.344 -7.099 -7.808 -7.587 -7.355 -7.175 -7.092 -7.582 -7.725 -7.478 -6.558 -6.085 -5.514 -7.611
0.005149 -7.446 -7.628 -7.765 -7.959 -7.906 -7.751 -7.746 -7.959 -7.903 -7.743 -7.509 -7.197 -7.961 -7.861 -7.624 -7.394 -7.15 -7.854 -7.635 -7.406 -7.226 -7.143 -7.63 -7.771 -7.528 -6.612 -6.139 -5.569 -7.658
0.005305 -7.471 -7.657 -7.798 -7.999 -7.95 -7.798 -7.782 -7.999 -7.947 -7.79 -7.559 -7.248 -8.002 -7.906 -7.673 -7.444 -7.202 -7.9 -7.684 -7.456 -7.277 -7.194 -7.678 -7.818 -7.577 -6.665 -6.193 -5.624 -7.706
0.005465 -7.496 -7.685 -7.83 -8.039 -7.994 -7.845 -7.818 -8.04 -7.991 -7.837 -7.608 -7.299 -8.043 -7.951 -7.721 -7.494 -7.253 -7.945 -7.732 -7.506 -7.327 -7.245 -7.726 -7.864 -7.626 -6.718 -6.247 -5.678 -7.753
0.00563 -7.52 -7.713 -7.862 -8.079 -8.037 -7.892 -7.854 -8.08 -8.035 -7.884 -7.657 -7.349 -8.083 -7.996 -7.769 -7.544 -7.304 -7.99 -7.78 -7.555 -7.378 -7.295 -7.773 -7.91 -7.674 -6.77 -6.301 -5.733 -7.8
0.005801 -7.544 -7.74 -7.893 -8.118 -8.081 -7.938 -7.889 -8.12 -8.078 -7.931 -7.705 -7.4 -8.122 -8.04 -7.817 -7.594 -7.355 -8.035 -7.828 -7.605 -7.428 -7.346 -7.821 -7.956 -7.723 -6.823 -6.354 -5.787 -7.846
0.005976 -7.567 -7.766 -7.924 -8.156 -8.124 -7.984 -7.924 -8.159 -8.121 -7.977 -7.754 -7.45 -8.162 -8.084 -7.864 -7.643 -7.405 -8.079 -7.875 -7.654 -7.478 -7.396 -7.868 -8.002 -7.771 -6.876 -6.408 -5.842 -7.892
0.006157 -7.589 -7.792 -7.954 -8.195 -8.166 -8.03 -7.958 -8.199 -8.164 -8.023 -7.802 -7.501 -8.201 -8.128 -7.912 -7.692 -7.456 -8.123 -7.922 -7.703 -7.528 -7.446 -7.914 -8.047 -7.819 -6.928 -6.461 -5.896 -7.939
0.006343 -7.611 -7.818 -7.984 -8.233 -8.209 -8.076 -7.992 -8.237 -8.206 -8.069 -7.85 -7.551 -8.239 -8.172 -7.959 -7.741 -7.506 -8.167 -7.97 -7.752 -7.578 -7.496 -7.961 -8.092 -7.867 -6.98 -6.514 -5.95 -7.984
0.006535 -7.632 -7.842 -8.014 -8.27 -8.251 -8.121 -8.026 -8.276 -8.248 -8.114 -7.898 -7.601 -8.277 -8.215 -8.006 -7.79 -7.557 -8.211 -8.016 -7.801 -7.628 -7.546 -8.007 -8.137 -7.915 -7.033 -6.568 -6.004 -8.03
0.006732 -7.653 -7.867 -8.042 -8.307 -8.293 -8.166 -8.059 -8.314 -8.29 -8.159 -7.946 -7.65 -8.315 -8.258 -8.053 -7.839 -7.607 -8.254 -8.063 -7.849 -7.677 -7.595 -8.053 -8.182 -7.963 -7.085 -6.621 -6.058 -8.075
0.006936 -7.672 -7.89 -8.071 -8.344 -8.334 -8.211 -8.092 -8.351 -8.331 -8.204 -7.993 -7.7 -8.353 -8.301 -8.099 -7.887 -7.657 -8.297 -8.109 -7.898 -7.727 -7.645 -8.099 -8.226 -8.01 -7.136 -6.674 -6.112 -8.121
0.007146 -7.692 -7.913 -8.099 -8.381 -8.375 -8.256 -8.125 -8.388 -8.373 -8.249 -8.04 -7.75 -8.39 -8.343 -8.146 -7.936 -7.706 -8.34 -8.156 -7.946 -7.776 -7.694 -8.145 -8.27 -8.057 -7.188 -6.726 -6.166 -8.166
0.007362 -7.711 -7.936 -8.126 -8.417 -8.416 -8.301 -8.157 -8.425 -8.414 -8.294 -8.088 -7.799 -8.427 -8.385 -8.192 -7.984 -7.756 -8.383 -8.202 -7.994 -7.825 -7.743 -8.19 -8.314 -8.104 -7.24 -6.779 -6.219 -8.21
0.007585 -7.729 -7.958 -8.153 -8.452 -8.457 -8.345 -8.189 -8.462 -8.454 -8.338 -8.134 -7.848 -8.463 -8.427 -8.238 -8.032 -7.805 -8.425 -8.248 -8.042 -7.874 -7.792 -8.235 -8.357 -8.151 -7.291 -6.832 -6.273 -8.255
0.007814 -7.746 -7.979 -8.179 -8.488 -8.497 -8.389 -8.22 -8.498 -8.495 -8.382 -8.181 -7.897 -8.499 -8.469 -8.283 -8.08 -7.855 -8.467 -8.293 -8.089 -7.923 -7.841 -8.28 -8.401 -8.197 -7.343 -6.884 -6.326 -8.299
0.00805 -7.763 -8.0 -8.205 -8.523 -8.537 -8.433 -8.252 -8.534 -8.535 -8.426 -8.228 -7.946 -8.535 -8.51 -8.329 -8.127 -7.904 -8.509 -8.339 -8.137 -7.971 -7.89 -8.325 -8.444 -8.244 -7.394 -6.937 -6.38 -8.343
0.008294 -7.779 -8.02 -8.23 -8.557 -8.577 -8.476 -8.283 -8.569 -8.574 -8.47 -8.274 -7.994 -8.57 -8.551 -8.374 -8.175 -7.953 -8.55 -8.384 -8.184 -8.02 -7.939 -8.369 -8.487 -8.29 -7.445 -6.989 -6.433 -8.387
0.008545 -7.795 -8.039 -8.255 -8.591 -8.616 -8.52 -8.313 -8.604 -8.614 -8.513 -8.32 -8.043 -8.605 -8.592 -8.419 -8.222 -8.002 -8.592 -8.429 -8.231 -8.068 -7.987 -8.414 -8.529 -8.336 -7.496 -7.041 -6.486 -8.431
0.008803 -7.81 -8.058 -8.28 -8.625 -8.655 -8.563 -8.343 -8.639 -8.653 -8.556 -8.366 -8.091 -8.639 -8.633 -8.464 -8.269 -8.05 -8.633 -8.473 -8.278 -8.116 -8.036 -8.458 -8.572 -8.382 -7.547 -7.094 -6.54 -8.474
0.009069 -7.825 -8.077 -8.304 -8.659 -8.694 -8.606 -8.373 -8.674 -8.692 -8.599 -8.412 -8.139 -8.674 -8.673 -8.509 -8.316 -8.099 -8.673 -8.518 -8.325 -8.164 -8.084 -8.502 -8.614 -8.427 -7.598 -7.146 -6.593 -8.517
0.009344 -7.839 -8.094 -8.327 -8.692 -8.733 -8.648 -8.402 -8.708 -8.73 -8.642 -8.457 -8.187 -8.707 -8.713 -8.553 -8.363 -8.147 -8.714 -8.562 -8.372 -8.212 -8.132 -8.545 -8.656 -8.473 -7.649 -7.198 -6.646 -8.56
0.009626 -7.852 -8.112 -8.35 -8.724 -8.771 -8.691 -8.432 -8.741 -8.769 -8.684 -8.503 -8.235 -8.741 -8.752 -8.597 -8.409 -8.195 -8.754 -8.607 -8.418 -8.26 -8.18 -8.589 -8.697 -8.518 -7.699 -7.25 -6.699 -8.603
