web/models/kne/3/villar_0.2183_0.3903_1.0000.dat
# %ECSV 1.0
# ---
# datatype:
# - {name: time, datatype: float64}
# - {name: swift_uvot_uvw2, datatype: float64}
# - {name: swift_uvot_uvm2, datatype: float64}
# - {name: swift_uvot_uvw1, datatype: float64}
# - {name: swift_uvot_U, datatype: float64}
# - {name: swift_uvot_B, datatype: float64}
# - {name: swift_uvot_V, datatype: float64}
# - {name: swift_uvot_W, datatype: float64}
# - {name: johnson_U, datatype: float64}
# - {name: johnson_B, datatype: float64}
# - {name: johnson_V, datatype: float64}
# - {name: johnson_R, datatype: float64}
# - {name: johnson_I, datatype: float64}
# - {name: sdss_u, datatype: float64}
# - {name: sdss_g, datatype: float64}
# - {name: sdss_r, datatype: float64}
# - {name: sdss_i, datatype: float64}
# - {name: sdss_z, datatype: float64}
# - {name: PS1_g, datatype: float64}
# - {name: PS1_r, datatype: float64}
# - {name: PS1_i, datatype: float64}
# - {name: PS1_z, datatype: float64}
# - {name: PS1_Y, datatype: float64}
# - {name: PS1_w, datatype: float64}
# - {name: ATLAS_c, datatype: float64}
# - {name: ATLAS_o, datatype: float64}
# - {name: ukirt_J, datatype: float64}
# - {name: ukirt_H, datatype: float64}
# - {name: ukirt_K, datatype: float64}
# - {name: Clear, datatype: float64}
# meta: !!omap
# - comment: [kappa = 1.0, type = villar, mass = 0.21832694463104688, velocity = 0.3903333333333333, theta_obs = 0.0]
# schema: astropy-2.0
time swift_uvot_uvw2 swift_uvot_uvm2 swift_uvot_uvw1 swift_uvot_U swift_uvot_B swift_uvot_V swift_uvot_W johnson_U johnson_B johnson_V johnson_R johnson_I sdss_u sdss_g sdss_r sdss_i sdss_z PS1_g PS1_r PS1_i PS1_z PS1_Y PS1_w ATLAS_c ATLAS_o ukirt_J ukirt_H ukirt_K Clear
[from data line 353]
36.974349 50.911 56.126 79.361 89.927 78.099 70.11 53.179 87.884 75.813 68.062 59.705 54.718 89.198 74.044 65.196 59.676 55.211 49.645 49.85 49.828 49.413 47.667 60.914 67.466 60.649 49.484 45.983 43.358 47.881
38.092613 54.594 59.809 83.044 93.61 81.782 73.793 56.862 91.567 79.496 71.745 63.388 58.401 92.881 77.727 68.879 63.359 58.893 53.328 53.533 53.511 53.096 51.35 64.597 71.148 64.332 53.167 49.666 47.04 51.564
39.244698 58.503 63.718 86.953 97.519 85.691 77.702 60.771 95.476 83.405 75.653 67.297 62.31 96.79 81.636 72.788 67.268 62.802 57.237 57.442 57.42 57.005 55.259 68.506 75.057 68.241 57.076 53.575 50.949 55.473
40.431627 62.652 67.867 91.102 101.668 89.84 81.851 64.92 99.625 87.554 79.802 71.446 66.459 100.939 85.785 76.937 71.417 66.951 61.386 61.591 61.569 61.154 59.408 72.655 79.206 72.39 61.225 57.724 55.098 59.622
41.654454 67.055 72.271 95.506 106.072 94.243 86.255 69.324 104.029 91.958 84.206 75.85 70.863 105.343 90.188 81.34 75.821 71.355 65.79 65.994 65.973 65.558 63.812 77.059 83.61 76.793 65.629 62.128 59.502 64.026
42.914265 71.729 76.945 100.18 110.746 98.917 90.929 73.998 108.703 96.632 88.88 80.524 75.537 110.017 94.862 86.015 80.495 76.029 70.464 70.669 70.647 70.232 68.486 81.733 88.284 81.468 70.303 66.802 64.176 68.7
44.212178 76.691 81.906 105.141 115.707 103.879 95.89 78.959 113.664 101.593 93.842 85.485 80.498 114.978 99.824 90.976 85.456 80.99 75.425 75.63 75.608 75.193 73.447 86.694 93.245 86.429 75.264 71.763 69.137 73.661
45.549345 81.956 87.172 110.407 120.973 109.144 101.156 84.225 118.93 106.859 99.107 90.751 85.764 120.244 105.089 96.242 90.722 86.256 80.691 80.895 80.874 80.459 78.713 91.96 98.511 91.694 80.53 77.029 74.403 78.927
46.926954 87.545 92.761 115.996 126.562 114.733 106.745 89.814 124.519 112.448 104.696 96.34 91.353 125.833 110.678 101.831 96.311 91.845 86.28 86.485 86.463 86.048 84.302 97.549 104.1 97.284 86.119 82.618 79.992 84.516
48.346227 93.478 98.693 121.928 132.494 120.666 112.678 95.746 130.451 118.38 110.629 102.272 97.285 131.765 116.611 107.763 102.243 97.778 92.212 92.417 92.395 91.98 90.234 103.481 110.033 103.216 92.051 88.55 85.925 90.448
49.808426 99.774 104.99 128.225 138.791 126.962 118.974 102.043 136.748 124.677 116.925 108.569 103.582 138.062 122.907 114.06 108.54 104.074 98.509 98.714 98.692 98.277 96.531 109.778 116.329 109.513 98.348 94.847 92.221 96.745
51.314848 106.458 111.673 134.908 145.474 133.646 125.657 108.726 143.431 131.36 123.609 115.252 110.265 144.745 129.591 120.743 115.223 110.757 105.192 105.397 105.375 104.96 103.214 116.461 123.012 116.196 105.031 101.53 98.904 103.428
52.86683 113.551 118.767 142.002 152.568 140.739 132.751 115.82 150.525 138.453 130.702 122.346 117.359 151.839 136.684 127.836 122.317 117.851 112.286 112.49 112.469 112.054 110.308 123.555 130.106 123.289 112.124 108.624 105.998 110.522
54.465752 121.08 126.296 149.531 160.097 148.268 140.28 123.349 158.054 145.983 138.231 129.875 124.888 159.368 144.213 135.366 129.846 125.38 119.815 120.019 119.998 119.583 117.837 131.084 137.635 130.818 119.654 116.153 113.527 118.051
56.113031 129.072 134.287 157.522 168.088 156.26 148.271 131.34 166.045 153.974 146.223 137.866 132.879 167.359 152.205 143.357 137.837 133.372 127.806 128.011 127.989 127.574 125.828 139.075 145.627 138.81 127.645 124.144 121.519 126.042
57.810132 137.554 142.77 166.004 176.571 164.742 156.754 139.822 174.527 162.456 154.705 146.348 141.361 175.841 160.687 151.839 146.319 141.854 136.288 136.493 136.472 136.056 134.31 147.557 154.109 147.292 136.127 132.627 130.001 134.524
59.55856 146.557 151.773 175.007 185.574 173.745 165.757 148.825 183.53 171.459 163.708 155.351 150.364 184.844 169.69 160.842 155.322 150.857 145.291 145.496 145.475 145.059 143.313 156.56 163.112 156.295 145.13 141.63 139.004 143.527
61.359868 156.113 161.328 184.563 195.129 183.301 175.312 158.381 193.086 181.015 173.264 164.907 159.92 194.4 179.246 170.398 164.878 160.413 154.847 155.052 155.03 154.615 152.869 166.116 172.668 165.851 154.686 151.185 148.56 153.083
63.215655 166.255 171.471 194.706 205.272 193.443 185.455 168.524 203.229 191.158 183.406 175.05 170.063 204.543 189.388 180.541 175.021 170.555 164.99 165.194 165.173 164.758 163.012 176.259 182.81 175.993 164.829 161.328 158.702 163.226
65.127569 177.021 182.236 205.471 216.037 204.209 196.22 179.289 213.994 201.923 194.172 185.815 180.828 215.308 200.154 191.306 185.786 181.321 175.755 175.96 175.938 175.523 173.777 187.024 193.576 186.759 175.594 172.093 169.468 173.991
67.097308 188.447 193.663 216.898 227.464 215.635 207.647 190.715 225.421 213.349 205.598 197.242 192.255 226.735 211.58 202.732 197.213 192.747 187.181 187.386 187.365 186.949 185.204 198.45 205.002 198.185 187.02 183.52 180.894 185.418
69.126621 200.575 205.791 229.026 239.592 227.763 219.775 202.844 237.549 225.477 217.726 209.37 204.383 238.863 223.708 214.86 209.341 204.875 199.31 199.514 199.493 199.077 197.332 210.579 217.13 210.313 199.148 195.648 193.022 197.546
71.217308 213.448 218.663 241.898 252.464 240.636 232.648 215.716 250.421 238.35 230.599 222.242 217.255 251.735 236.581 227.733 222.213 217.748 212.182 212.387 212.365 211.95 210.204 223.451 230.003 223.186 212.021 208.521 205.895 210.418
73.371227 227.111 232.327 255.561 266.128 254.299 246.311 229.379 264.084 252.013 244.262 235.905 230.918 265.398 250.244 241.396 235.876 231.411 225.845 226.05 226.029 225.613 223.867 237.114 243.666 236.849 225.684 222.184 219.558 224.082
75.59029 241.613 246.829 270.064 280.63 268.801 260.813 243.881 278.587 266.515 258.764 250.407 245.421 279.901 264.746 255.898 250.378 245.913 240.347 240.552 240.531 240.115 238.37 251.616 258.168 251.351 240.186 236.686 234.06 238.584
77.876467 257.006 262.221 285.456 296.022 284.194 276.205 259.274 293.979 281.908 274.157 265.8 260.813 295.293 280.139 271.291 265.771 261.305 255.74 255.945 255.923 255.508 253.762 267.009 273.561 266.744 255.579 252.078 249.453 253.976
80.231787 273.343 278.559 301.794 312.36 300.531 292.543 275.612 310.317 298.246 290.494 282.138 277.151 311.631 296.476 287.629 282.109 277.643 272.078 272.283 272.261 271.846 270.1 283.347 289.898 283.082 271.917 268.416 265.79 270.314
82.658343 290.684 295.9 319.135 329.701 317.872 309.884 292.953 327.658 315.587 307.835 299.479 294.492 328.972 313.817 304.97 299.45 294.984 289.419 289.623 289.602 289.187 287.441 300.688 307.239 300.422 289.258 285.757 283.131 287.655
85.158288 309.09 314.306 337.541 348.107 336.278 328.29 311.358 346.063 333.992 326.241 317.884 312.898 347.378 332.223 323.375 317.855 313.39 307.824 308.029 308.008 307.592 305.846 319.093 325.645 318.828 307.663 304.163 301.537 306.061
87.733843 328.626 333.842 357.076 367.643 355.814 347.826 330.894 365.599 353.528 345.777 337.42 332.433 366.913 351.759 342.911 337.391 332.926 327.36 327.565 327.544 327.128 325.382 338.629 345.181 338.364 327.199 323.699 321.073 325.596
90.387293 349.361 354.577 377.812 388.378 376.549 368.561 351.63 386.335 374.264 366.512 358.156 353.169 387.649 372.494 363.647 358.127 353.661 348.096 348.301 348.279 347.864 346.118 359.365 365.916 359.1 347.935 344.434 341.808 346.332
93.120995 371.37 376.586 399.821 410.387 398.558 390.57 373.638 408.344 396.272 388.521 380.164 375.178 409.658 394.503 385.655 380.135 375.67 370.104 370.309 370.288 369.872 368.127 381.373 387.925 381.108 369.943 366.443 363.817 368.341
95.937376 394.73 399.946 423.181 433.747 421.918 413.93 396.999 431.704 419.632 411.881 403.525 398.538 433.018 417.863 409.015 403.496 399.03 393.465 393.669 393.648 393.233 391.487 404.734 411.285 404.468 393.304 389.803 387.177 391.701
98.838937 419.525 424.74 447.975 458.541 446.713 438.724 421.793 456.498 444.427 436.676 428.319 423.332 457.812 442.658 433.81 428.29 423.824 418.259 418.464 418.442 418.027 416.281 429.528 436.08 429.263 418.098 414.597 411.972 416.495
101.828253 445.842 451.057 474.292 484.858 473.03 465.041 448.11 482.815 470.744 462.993 454.636 449.649 484.129 468.975 460.127 454.607 450.141 444.576 444.781 444.759 444.344 442.598 455.845 462.397 455.58 444.415 440.914 438.288 442.812
104.907979 473.774 478.99 502.225 512.791 500.963 492.974 476.043 510.748 498.677 490.925 482.569 477.582 512.062 496.908 488.06 482.54 478.074 472.509 472.714 472.692 472.277 470.531 483.778 490.329 483.513 472.348 468.847 466.221 470.745
108.080849 503.423 508.638 531.873 542.439 530.611 522.622 505.691 540.396 528.325 520.574 512.217 507.23 541.71 526.556 517.708 512.188 507.722 502.157 502.362 502.34 501.925 500.179 513.426 519.977 513.161 501.996 498.495 495.869 500.393
111.349681 534.891 540.107 563.342 573.908 562.079 554.091 537.16 571.865 559.793 552.042 543.686 538.699 573.179 558.024 549.176 543.657 539.191 533.626 533.83 533.809 533.393 531.648 544.895 551.446 544.629 533.464 529.964 527.338 531.862
114.717376 568.292 573.508 596.742 607.309 595.48 587.492 570.56 605.265 593.194 585.443 577.086 572.099 606.579 591.425 582.577 577.057 572.592 567.026 567.231 567.21 566.794 565.048 578.295 584.847 578.03 566.865 563.365 560.739 565.263
118.186925 603.744 608.959 632.194 642.76 630.932 622.943 606.012 640.717 628.646 620.895 612.538 607.551 642.031 626.877 618.029 612.509 608.044 602.478 602.683 602.661 602.246 600.5 613.747 620.299 613.482 602.317 598.816 596.191 600.714
121.761408 641.372 646.588 669.823 680.389 668.56 660.572 643.641 678.346 666.275 658.523 650.167 645.18 679.66 664.505 655.658 650.138 645.672 640.107 640.312 640.29 639.875 638.129 651.376 657.927 651.11 639.946 636.445 633.819 638.343
125.443999 681.311 686.527 709.762 720.328 708.5 700.511 683.58 718.285 706.214 698.462 690.106 685.119 719.599 704.445 695.597 690.077 685.611 680.046 680.251 680.229 679.814 678.068 691.315 697.866 691.05 679.885 676.384 673.758 678.282
129.237967 723.703 728.919 752.154 762.72 750.891 742.903 725.971 760.676 748.605 740.854 732.497 727.511 761.991 746.836 737.988 732.468 728.003 722.437 722.642 722.621 722.205 720.46 733.706 740.258 733.441 722.276 718.776 716.15 720.674
133.146681 768.698 773.913 797.74 nan nan 788.053 770.966 nan 799.875 785.867 777.492 772.505 nan 795.416 782.982 777.463 772.997 767.432 767.637 767.615 767.2 765.454 778.701 785.257 778.436 767.271 763.77 761.144 765.668
137.173612 nan nan nan nan nan nan nan nan nan nan nan nan nan nan nan nan nan nan nan nan nan nan nan nan nan nan nan nan nan
141.322334 nan nan nan nan nan nan nan nan nan nan nan nan nan nan nan nan nan nan nan nan nan nan nan nan nan nan nan nan nan
145.596532 nan nan nan nan nan nan nan nan nan nan nan nan nan nan nan nan nan nan nan nan nan nan nan nan nan nan nan nan nan
150.0 nan nan nan nan nan nan nan nan nan nan nan nan nan nan nan nan nan nan nan nan nan nan nan nan nan nan nan nan nan
