web/models/kne/3/villar_0.0416_0.1710_1.0000.dat
# %ECSV 1.0
# ---
# datatype:
# - {name: time, datatype: float64}
# - {name: swift_uvot_uvw2, datatype: float64}
# - {name: swift_uvot_uvm2, datatype: float64}
# - {name: swift_uvot_uvw1, datatype: float64}
# - {name: swift_uvot_U, datatype: float64}
# - {name: swift_uvot_B, datatype: float64}
# - {name: swift_uvot_V, datatype: float64}
# - {name: swift_uvot_W, datatype: float64}
# - {name: johnson_U, datatype: float64}
# - {name: johnson_B, datatype: float64}
# - {name: johnson_V, datatype: float64}
# - {name: johnson_R, datatype: float64}
# - {name: johnson_I, datatype: float64}
# - {name: sdss_u, datatype: float64}
# - {name: sdss_g, datatype: float64}
# - {name: sdss_r, datatype: float64}
# - {name: sdss_i, datatype: float64}
# - {name: sdss_z, datatype: float64}
# - {name: PS1_g, datatype: float64}
# - {name: PS1_r, datatype: float64}
# - {name: PS1_i, datatype: float64}
# - {name: PS1_z, datatype: float64}
# - {name: PS1_Y, datatype: float64}
# - {name: PS1_w, datatype: float64}
# - {name: ATLAS_c, datatype: float64}
# - {name: ATLAS_o, datatype: float64}
# - {name: ukirt_J, datatype: float64}
# - {name: ukirt_H, datatype: float64}
# - {name: ukirt_K, datatype: float64}
# - {name: Clear, datatype: float64}
# meta: !!omap
# - comment: [kappa = 1.0, type = villar, mass = 0.04162766037032262, velocity = 0.17100000000000004, theta_obs = 0.0]
# schema: astropy-2.0
time swift_uvot_uvw2 swift_uvot_uvm2 swift_uvot_uvw1 swift_uvot_U swift_uvot_B swift_uvot_V swift_uvot_W johnson_U johnson_B johnson_V johnson_R johnson_I sdss_u sdss_g sdss_r sdss_i sdss_z PS1_g PS1_r PS1_i PS1_z PS1_Y PS1_w ATLAS_c ATLAS_o ukirt_J ukirt_H ukirt_K Clear
[from data line 358]
42.914265 177.969 183.184 206.419 216.985 205.157 197.168 180.237 214.942 202.871 195.12 186.763 181.776 216.256 201.102 192.254 186.734 182.268 176.703 176.908 176.886 176.471 174.725 187.972 194.524 187.707 176.542 173.041 170.416 174.939
44.212178 189.368 194.583 217.818 228.384 216.556 208.567 191.636 226.341 214.27 206.519 198.162 193.175 227.655 212.501 203.653 198.133 193.668 188.102 188.307 188.285 187.87 186.124 199.371 205.923 199.106 187.941 184.44 181.815 186.338
45.549345 201.467 206.682 229.917 240.483 228.655 220.666 203.735 238.44 226.369 218.618 210.261 205.274 239.754 224.6 215.752 210.232 205.766 200.201 200.406 200.384 199.969 198.223 211.47 218.022 211.205 200.04 196.539 193.914 198.437
46.926954 214.309 219.524 242.759 253.325 241.497 233.508 216.577 251.282 239.211 231.46 223.103 218.116 252.596 237.442 228.594 223.074 218.608 213.043 213.248 213.226 212.811 211.065 224.312 230.863 224.047 212.882 209.381 206.755 211.279
48.346227 227.939 233.155 256.39 266.956 255.127 247.139 230.207 264.912 252.841 245.09 236.733 231.747 266.226 251.072 242.224 236.704 232.239 226.673 226.878 226.857 226.441 224.695 237.942 244.494 237.677 226.512 223.012 220.386 224.91
49.808426 242.406 247.622 270.857 281.423 269.594 261.606 244.675 279.38 267.309 259.557 251.201 246.214 280.694 265.539 256.692 251.172 246.706 241.141 241.346 241.324 240.909 239.163 252.41 258.961 252.145 240.98 237.479 234.853 239.377
51.314848 257.762 262.978 286.213 296.779 284.95 276.962 260.031 294.736 282.664 274.913 266.557 261.57 296.05 280.895 272.047 266.528 262.062 256.497 256.701 256.68 256.265 254.519 267.766 274.317 267.5 256.335 252.835 250.209 254.733
52.86683 274.061 279.276 302.511 313.077 301.249 293.261 276.329 311.034 298.963 291.212 282.855 277.868 312.348 297.194 288.346 282.826 278.361 272.795 273.0 272.978 272.563 270.817 284.064 290.616 283.799 272.634 269.133 266.508 271.031
54.465752 291.36 296.576 319.811 330.377 318.548 310.56 293.629 328.334 316.263 308.511 300.155 295.168 329.648 314.493 305.645 300.126 295.66 290.095 290.299 290.278 289.863 288.117 301.364 307.915 301.098 289.934 286.433 283.807 288.331
56.113031 309.722 314.938 338.172 348.739 336.91 328.922 311.99 346.695 334.624 326.873 318.516 313.529 348.009 332.855 324.007 318.487 314.022 308.456 308.661 308.64 308.224 306.478 319.725 326.277 319.46 308.295 304.795 302.169 306.692
57.810132 329.211 334.427 357.662 368.228 356.399 348.411 331.479 366.184 354.113 346.362 338.005 333.019 367.499 352.344 343.496 337.976 333.511 327.945 328.15 328.129 327.713 325.968 339.214 345.766 338.949 327.784 324.284 321.658 326.182
59.55856 349.897 355.113 378.347 388.913 377.085 369.097 352.165 386.87 374.799 367.048 358.691 353.704 388.184 373.03 364.182 358.662 354.197 348.631 348.836 348.815 348.399 346.653 359.9 366.452 359.635 348.47 344.97 342.344 346.867
61.359868 371.853 377.069 400.303 410.87 399.041 391.053 374.121 408.826 396.755 389.004 380.647 375.66 410.14 394.986 386.138 380.618 376.153 370.587 370.792 370.771 370.355 368.609 381.856 388.408 381.591 370.426 366.926 364.3 368.823
63.215655 395.157 400.373 423.608 434.174 422.345 414.357 397.425 432.131 420.059 412.308 403.951 398.965 433.445 418.29 409.442 403.923 399.457 393.891 394.096 394.075 393.659 391.914 405.16 411.712 404.895 393.73 390.23 387.604 392.128
65.127569 419.892 425.108 448.343 458.909 447.08 439.092 422.161 456.866 444.795 437.043 428.687 423.7 458.18 443.025 434.177 428.658 424.192 418.627 418.831 418.81 418.395 416.649 429.896 436.447 429.63 418.466 414.965 412.339 416.863
67.097308 446.146 451.362 474.597 485.163 473.334 465.346 448.415 483.12 471.048 463.297 454.941 449.954 484.434 469.279 460.431 454.912 450.446 444.881 445.085 445.064 444.649 442.903 456.15 462.701 455.884 444.72 441.219 438.593 443.117
69.126621 474.012 479.228 502.463 513.029 501.2 493.212 476.281 510.986 498.915 491.163 482.807 477.82 512.3 497.145 488.297 482.778 478.312 472.747 472.951 472.93 472.515 470.769 484.016 490.567 483.75 472.586 469.085 466.459 470.983
71.217308 503.589 508.805 532.04 542.606 530.777 522.789 505.858 540.563 528.492 520.74 512.384 507.397 541.877 526.722 517.875 512.355 507.889 502.324 502.529 502.507 502.092 500.346 513.593 520.144 513.328 502.163 498.662 496.036 500.56
73.371227 534.983 540.198 563.433 573.999 562.171 554.182 537.251 571.956 559.885 552.134 543.777 538.79 573.27 558.116 549.268 543.748 539.282 533.717 533.922 533.9 533.485 531.739 544.986 551.538 544.721 533.556 530.055 527.429 531.953
75.59029 568.304 573.519 596.754 607.32 595.492 587.503 570.572 605.277 593.206 585.454 577.098 572.111 606.591 591.437 582.589 577.069 572.603 567.038 567.243 567.221 566.806 565.06 578.307 584.858 578.042 566.877 563.376 560.75 565.274
77.876467 603.67 608.886 632.121 642.687 630.858 622.87 605.939 640.644 628.573 620.821 612.465 607.478 641.958 626.803 617.956 612.436 607.97 602.405 602.61 602.588 602.173 600.427 613.674 620.225 613.409 602.244 598.743 596.117 600.641
80.231787 641.209 646.425 669.66 680.226 668.397 660.409 643.477 678.182 666.111 658.36 650.003 645.017 679.497 664.342 655.494 649.974 645.509 639.943 640.148 640.127 639.711 637.965 651.212 657.764 650.947 639.782 636.282 633.656 638.18
82.658343 681.053 686.268 709.503 720.069 708.241 700.252 683.321 718.026 705.955 698.204 689.847 684.86 719.34 704.186 695.338 689.818 685.352 679.787 679.992 679.97 679.555 677.809 691.056 697.607 690.791 679.626 676.125 673.499 678.023
85.158288 723.343 728.558 751.793 762.359 750.531 742.542 725.611 760.316 748.245 740.494 732.137 727.15 761.63 746.476 737.628 732.108 727.642 722.077 722.282 722.26 721.845 720.099 733.346 739.898 733.081 721.916 718.415 715.79 720.313
87.733843 768.23 773.445 797.046 nan nan 787.519 770.498 nan 796.336 785.392 777.024 772.037 nan 794.311 782.515 776.995 772.529 766.964 767.169 767.147 766.732 764.986 778.233 784.787 777.968 766.803 763.302 760.676 765.2
90.387293 nan nan nan nan nan nan nan nan nan nan nan nan nan nan nan nan nan nan nan nan nan nan nan nan nan nan nan nan nan
93.120995 nan nan nan nan nan nan nan nan nan nan nan nan nan nan nan nan nan nan nan nan nan nan nan nan nan nan nan nan nan
95.937376 nan nan nan nan nan nan nan nan nan nan nan nan nan nan nan nan nan nan nan nan nan nan nan nan nan nan nan nan nan
98.838937 nan nan nan nan nan nan nan nan nan nan nan nan nan nan nan nan nan nan nan nan nan nan nan nan nan nan nan nan nan
101.828253 nan nan nan nan nan nan nan nan nan nan nan nan nan nan nan nan nan nan nan nan nan nan nan nan nan nan nan nan nan
104.907979 nan nan nan nan nan nan nan nan nan nan nan nan nan nan nan nan nan nan nan nan nan nan nan nan nan nan nan nan nan
108.080849 nan nan nan nan nan nan nan nan nan nan nan nan nan nan nan nan nan nan nan nan nan nan nan nan nan nan nan nan nan
111.349681 nan nan nan nan nan nan nan nan nan nan nan nan nan nan nan nan nan nan nan nan nan nan nan nan nan nan nan nan nan
114.717376 nan nan nan nan nan nan nan nan nan nan nan nan nan nan nan nan nan nan nan nan nan nan nan nan nan nan nan nan nan
118.186925 nan nan nan nan nan nan nan nan nan nan nan nan nan nan nan nan nan nan nan nan nan nan nan nan nan nan nan nan nan
121.761408 nan nan nan nan nan nan nan nan nan nan nan nan nan nan nan nan nan nan nan nan nan nan nan nan nan nan nan nan nan
125.443999 nan nan nan nan nan nan nan nan nan nan nan nan nan nan nan nan nan nan nan nan nan nan nan nan nan nan nan nan nan
129.237967 nan nan nan nan nan nan nan nan nan nan nan nan nan nan nan nan nan nan nan nan nan nan nan nan nan nan nan nan nan
133.146681 nan nan nan nan nan nan nan nan nan nan nan nan nan nan nan nan nan nan nan nan nan nan nan nan nan nan nan nan nan
137.173612 nan nan nan nan nan nan nan nan nan nan nan nan nan nan nan nan nan nan nan nan nan nan nan nan nan nan nan nan nan
141.322334 nan nan nan nan nan nan nan nan nan nan nan nan nan nan nan nan nan nan nan nan nan nan nan nan nan nan nan nan nan
145.596532 nan nan nan nan nan nan nan nan nan nan nan nan nan nan nan nan nan nan nan nan nan nan nan nan nan nan nan nan nan
150.0 nan nan nan nan nan nan nan nan nan nan nan nan nan nan nan nan nan nan nan nan nan nan nan nan nan nan nan nan nan
