web/models/kne/3/villar_0.1443_0.4060_1.0000.dat
# %ECSV 1.0
# ---
# datatype:
# - {name: time, datatype: float64}
# - {name: swift_uvot_uvw2, datatype: float64}
# - {name: swift_uvot_uvm2, datatype: float64}
# - {name: swift_uvot_uvw1, datatype: float64}
# - {name: swift_uvot_U, datatype: float64}
# - {name: swift_uvot_B, datatype: float64}
# - {name: swift_uvot_V, datatype: float64}
# - {name: swift_uvot_W, datatype: float64}
# - {name: johnson_U, datatype: float64}
# - {name: johnson_B, datatype: float64}
# - {name: johnson_V, datatype: float64}
# - {name: johnson_R, datatype: float64}
# - {name: johnson_I, datatype: float64}
# - {name: sdss_u, datatype: float64}
# - {name: sdss_g, datatype: float64}
# - {name: sdss_r, datatype: float64}
# - {name: sdss_i, datatype: float64}
# - {name: sdss_z, datatype: float64}
# - {name: PS1_g, datatype: float64}
# - {name: PS1_r, datatype: float64}
# - {name: PS1_i, datatype: float64}
# - {name: PS1_z, datatype: float64}
# - {name: PS1_Y, datatype: float64}
# - {name: PS1_w, datatype: float64}
# - {name: ATLAS_c, datatype: float64}
# - {name: ATLAS_o, datatype: float64}
# - {name: ukirt_J, datatype: float64}
# - {name: ukirt_H, datatype: float64}
# - {name: ukirt_K, datatype: float64}
# - {name: Clear, datatype: float64}
# meta: !!omap
# - comment: [kappa = 1.0, type = villar, mass = 0.1442699905917794, velocity = 0.406, theta_obs = 0.0]
# schema: astropy-2.0
time swift_uvot_uvw2 swift_uvot_uvm2 swift_uvot_uvw1 swift_uvot_U swift_uvot_B swift_uvot_V swift_uvot_W johnson_U johnson_B johnson_V johnson_R johnson_I sdss_u sdss_g sdss_r sdss_i sdss_z PS1_g PS1_r PS1_i PS1_z PS1_Y PS1_w ATLAS_c ATLAS_o ukirt_J ukirt_H ukirt_K Clear
[from data line 144]
0.073012 -13.469 -13.635 -13.754 -13.914 -13.843 -13.675 -13.72 -13.911 -13.84 -13.667 -13.424 -13.103 -13.914 -13.794 -13.542 -13.305 -13.055 -13.785 -13.554 -13.317 -13.133 -13.051 -13.551 -13.698 -13.442 -12.509 -12.032 -11.459 -13.582
0.07522 -13.484 -13.655 -13.779 -13.948 -13.882 -13.717 -13.748 -13.946 -13.879 -13.709 -13.469 -13.15 -13.949 -13.834 -13.586 -13.351 -13.103 -13.826 -13.598 -13.363 -13.18 -13.098 -13.595 -13.74 -13.487 -12.559 -12.083 -11.511 -13.625
0.077495 -13.499 -13.674 -13.803 -13.982 -13.921 -13.759 -13.777 -13.98 -13.918 -13.752 -13.514 -13.197 -13.983 -13.874 -13.63 -13.397 -13.151 -13.866 -13.642 -13.409 -13.227 -13.145 -13.638 -13.781 -13.532 -12.609 -12.134 -11.563 -13.667
0.079839 -13.513 -13.693 -13.827 -14.015 -13.959 -13.802 -13.805 -14.014 -13.956 -13.794 -13.559 -13.245 -14.017 -13.914 -13.674 -13.443 -13.198 -13.906 -13.686 -13.455 -13.274 -13.192 -13.681 -13.823 -13.577 -12.658 -12.185 -11.614 -13.709
0.082253 -13.527 -13.711 -13.85 -14.048 -13.997 -13.844 -13.833 -14.048 -13.994 -13.836 -13.604 -13.292 -14.051 -13.953 -13.718 -13.489 -13.246 -13.946 -13.729 -13.5 -13.321 -13.239 -13.724 -13.864 -13.622 -12.708 -12.236 -11.666 -13.752
0.084741 -13.541 -13.729 -13.874 -14.081 -14.035 -13.886 -13.861 -14.082 -14.032 -13.878 -13.648 -13.339 -14.085 -13.992 -13.762 -13.535 -13.293 -13.986 -13.773 -13.546 -13.367 -13.285 -13.767 -13.905 -13.666 -12.758 -12.286 -11.718 -13.794
0.087304 -13.554 -13.747 -13.896 -14.114 -14.073 -13.927 -13.889 -14.115 -14.07 -13.92 -13.693 -13.386 -14.118 -14.032 -13.805 -13.58 -13.34 -14.026 -13.816 -13.592 -13.414 -13.332 -13.809 -13.946 -13.711 -12.807 -12.337 -11.77 -13.835
0.089944 -13.566 -13.764 -13.919 -14.146 -14.111 -13.969 -13.916 -14.148 -14.108 -13.962 -13.737 -13.433 -14.151 -14.071 -13.848 -13.626 -13.387 -14.065 -13.859 -13.637 -13.461 -13.378 -13.852 -13.987 -13.755 -12.857 -12.388 -11.821 -13.877
0.092665 -13.578 -13.78 -13.941 -14.178 -14.148 -14.01 -13.943 -14.181 -14.145 -14.003 -13.781 -13.479 -14.183 -14.109 -13.892 -13.671 -13.435 -14.104 -13.902 -13.682 -13.507 -13.425 -13.894 -14.028 -13.799 -12.906 -12.439 -11.873 -13.919
0.095467 -13.59 -13.796 -13.962 -14.209 -14.185 -14.052 -13.97 -14.214 -14.182 -14.044 -13.826 -13.526 -14.216 -14.148 -13.935 -13.717 -13.482 -14.143 -13.945 -13.727 -13.553 -13.471 -13.936 -14.068 -13.843 -12.955 -12.489 -11.925 -13.96
0.098355 -13.601 -13.812 -13.983 -14.241 -14.222 -14.093 -13.996 -14.246 -14.219 -14.086 -13.87 -13.573 -14.248 -14.186 -13.978 -13.762 -13.528 -14.182 -13.988 -13.772 -13.6 -13.518 -13.978 -14.108 -13.887 -13.005 -12.54 -11.976 -14.001
0.101329 -13.612 -13.827 -14.004 -14.272 -14.259 -14.134 -14.023 -14.278 -14.256 -14.126 -13.914 -13.619 -14.28 -14.224 -14.02 -13.807 -13.575 -14.221 -14.031 -13.817 -13.646 -13.564 -14.02 -14.148 -13.93 -13.054 -12.59 -12.028 -14.043
0.104394 -13.622 -13.841 -14.024 -14.302 -14.295 -14.174 -14.049 -14.31 -14.292 -14.167 -13.957 -13.665 -14.311 -14.262 -14.063 -13.852 -13.622 -14.259 -14.073 -13.862 -13.692 -13.61 -14.062 -14.188 -13.974 -13.103 -12.641 -12.079 -14.083
0.107551 -13.631 -13.856 -14.044 -14.333 -14.331 -14.215 -14.074 -14.341 -14.328 -14.208 -14.001 -13.711 -14.343 -14.3 -14.105 -13.897 -13.668 -14.297 -14.115 -13.907 -13.738 -13.656 -14.104 -14.228 -14.017 -13.152 -12.691 -12.131 -14.124
0.110804 -13.641 -13.869 -14.064 -14.363 -14.367 -14.255 -14.1 -14.372 -14.364 -14.248 -14.044 -13.758 -14.373 -14.337 -14.148 -13.942 -13.715 -14.335 -14.157 -13.951 -13.784 -13.702 -14.145 -14.267 -14.061 -13.201 -12.741 -12.182 -14.165
0.114155 -13.649 -13.882 -14.083 -14.393 -14.403 -14.295 -14.125 -14.403 -14.4 -14.288 -14.088 -13.804 -14.404 -14.375 -14.19 -13.986 -13.761 -14.373 -14.199 -13.996 -13.829 -13.748 -14.186 -14.307 -14.104 -13.25 -12.792 -12.234 -14.205
0.117608 -13.657 -13.895 -14.102 -14.422 -14.438 -14.335 -14.15 -14.434 -14.436 -14.328 -14.131 -13.849 -14.434 -14.412 -14.232 -14.031 -13.808 -14.411 -14.241 -14.04 -13.875 -13.794 -14.227 -14.346 -14.147 -13.299 -12.842 -12.285 -14.245
0.121165 -13.665 -13.907 -14.12 -14.451 -14.473 -14.375 -14.175 -14.464 -14.471 -14.368 -14.174 -13.895 -14.464 -14.448 -14.273 -14.075 -13.854 -14.448 -14.283 -14.084 -13.92 -13.84 -14.268 -14.385 -14.19 -13.347 -12.892 -12.336 -14.285
0.124829 -13.672 -13.918 -14.138 -14.48 -14.508 -14.414 -14.199 -14.494 -14.506 -14.408 -14.217 -13.941 -14.494 -14.485 -14.315 -14.119 -13.9 -14.485 -14.324 -14.129 -13.966 -13.885 -14.309 -14.423 -14.232 -13.396 -12.942 -12.387 -14.325
0.128605 -13.678 -13.929 -14.155 -14.508 -14.543 -14.454 -14.223 -14.523 -14.541 -14.447 -14.259 -13.986 -14.523 -14.521 -14.356 -14.163 -13.946 -14.522 -14.366 -14.172 -14.011 -13.931 -14.349 -14.462 -14.275 -13.445 -12.992 -12.439 -14.365
0.132494 -13.684 -13.94 -14.172 -14.536 -14.577 -14.493 -14.247 -14.552 -14.575 -14.487 -14.302 -14.032 -14.552 -14.557 -14.398 -14.207 -13.992 -14.559 -14.407 -14.216 -14.056 -13.976 -14.39 -14.5 -14.317 -13.493 -13.042 -12.49 -14.405
0.136502 -13.69 -13.95 -14.188 -14.564 -14.611 -14.532 -14.271 -14.581 -14.609 -14.526 -14.344 -14.077 -14.581 -14.593 -14.439 -14.251 -14.037 -14.595 -14.448 -14.26 -14.101 -14.022 -14.43 -14.538 -14.359 -13.542 -13.092 -12.541 -14.444
0.14063 -13.694 -13.959 -14.204 -14.592 -14.645 -14.57 -14.294 -14.61 -14.643 -14.564 -14.386 -14.122 -14.609 -14.629 -14.48 -14.295 -14.083 -14.631 -14.489 -14.303 -14.146 -14.067 -14.47 -14.576 -14.401 -13.59 -13.142 -12.592 -14.483
0.144883 -13.699 -13.967 -14.22 -14.619 -14.679 -14.609 -14.317 -14.638 -14.677 -14.603 -14.429 -14.167 -14.637 -14.664 -14.52 -14.338 -14.128 -14.667 -14.529 -14.347 -14.191 -14.112 -14.51 -14.614 -14.443 -13.638 -13.191 -12.643 -14.522
0.149265 -13.702 -13.976 -14.235 -14.645 -14.712 -14.647 -14.34 -14.666 -14.71 -14.641 -14.47 -14.212 -14.665 -14.699 -14.561 -14.381 -14.174 -14.703 -14.57 -14.39 -14.236 -14.158 -14.549 -14.651 -14.485 -13.686 -13.241 -12.694 -14.561
0.15378 -13.706 -13.983 -14.25 -14.671 -14.745 -14.685 -14.363 -14.693 -14.743 -14.679 -14.512 -14.257 -14.692 -14.734 -14.601 -14.425 -14.219 -14.738 -14.61 -14.433 -14.281 -14.203 -14.589 -14.688 -14.526 -13.734 -13.291 -12.745 -14.599
0.15843 -13.708 -13.99 -14.264 -14.697 -14.778 -14.723 -14.385 -14.72 -14.776 -14.717 -14.554 -14.302 -14.719 -14.768 -14.641 -14.468 -14.264 -14.773 -14.65 -14.476 -14.325 -14.248 -14.628 -14.725 -14.568 -13.782 -13.34 -12.796 -14.638
0.163222 -13.71 -13.996 -14.277 -14.723 -14.81 -14.761 -14.407 -14.747 -14.808 -14.755 -14.595 -14.346 -14.745 -14.803 -14.681 -14.51 -14.309 -14.808 -14.69 -14.519 -14.37 -14.293 -14.667 -14.762 -14.609 -13.83 -13.39 -12.846 -14.676
0.168159 -13.712 -14.002 -14.29 -14.748 -14.842 -14.798 -14.428 -14.773 -14.84 -14.793 -14.636 -14.391 -14.771 -14.837 -14.721 -14.553 -14.354 -14.843 -14.729 -14.561 -14.414 -14.337 -14.706 -14.798 -14.65 -13.878 -13.439 -12.897 -14.714
0.173245 -13.712 -14.007 -14.303 -14.773 -14.874 -14.835 -14.45 -14.799 -14.872 -14.83 -14.677 -14.435 -14.797 -14.87 -14.761 -14.596 -14.398 -14.877 -14.769 -14.604 -14.458 -14.382 -14.744 -14.834 -14.69 -13.926 -13.489 -12.948 -14.751
0.178484 -13.713 -14.012 -14.315 -14.797 -14.906 -14.872 -14.471 -14.825 -14.904 -14.867 -14.718 -14.479 -14.822 -14.904 -14.8 -14.638 -14.443 -14.911 -14.808 -14.646 -14.502 -14.426 -14.783 -14.87 -14.731 -13.974 -13.538 -12.999 -14.789
0.183882 -13.712 -14.015 -14.326 -14.821 -14.937 -14.909 -14.492 -14.85 -14.935 -14.904 -14.759 -14.523 -14.847 -14.937 -14.839 -14.68 -14.487 -14.945 -14.847 -14.688 -14.546 -14.471 -14.821 -14.906 -14.771 -14.021 -13.587 -13.049 -14.826
0.189444 -13.711 -14.019 -14.337 -14.844 -14.968 -14.945 -14.512 -14.875 -14.966 -14.94 -14.799 -14.567 -14.871 -14.97 -14.878 -14.722 -14.532 -14.979 -14.886 -14.73 -14.589 -14.515 -14.859 -14.941 -14.812 -14.069 -13.636 -13.1 -14.863
0.195173 -13.709 -14.021 -14.348 -14.867 -14.998 -14.981 -14.532 -14.899 -14.996 -14.976 -14.84 -14.61 -14.895 -15.002 -14.917 -14.764 -14.576 -15.012 -14.925 -14.772 -14.633 -14.559 -14.897 -14.977 -14.852 -14.116 -13.685 -13.15 -14.9
0.201076 -13.707 -14.023 -14.358 -14.89 -15.028 -15.017 -14.552 -14.923 -15.027 -15.012 -14.88 -14.654 -14.919 -15.034 -14.955 -14.806 -14.62 -15.045 -14.963 -14.814 -14.676 -14.603 -14.934 -15.011 -14.891 -14.163 -13.734 -13.201 -14.937
0.207158 -13.704 -14.024 -14.367 -14.912 -15.058 -15.053 -14.571 -14.946 -15.057 -15.048 -14.919 -14.697 -14.942 -15.066 -14.993 -14.847 -14.664 -15.078 -15.001 -14.855 -14.72 -14.647 -14.972 -15.046 -14.931 -14.21 -13.783 -13.251 -14.973
0.213423 -13.701 -14.025 -14.376 -14.934 -15.088 -15.088 -14.591 -14.969 -15.086 -15.084 -14.959 -14.74 -14.965 -15.098 -15.031 -14.889 -14.707 -15.11 -15.039 -14.897 -14.763 -14.691 -15.009 -15.081 -14.97 -14.257 -13.832 -13.301 -15.009
0.219878 -13.696 -14.024 -14.384 -14.955 -15.117 -15.123 -14.61 -14.992 -15.115 -15.119 -14.999 -14.784 -14.987 -15.129 -15.069 -14.93 -14.751 -15.142 -15.077 -14.938 -14.806 -14.735 -15.046 -15.115 -15.01 -14.304 -13.881 -13.351 -15.045
0.226528 -13.692 -14.023 -14.392 -14.976 -15.146 -15.158 -14.628 -15.014 -15.144 -15.154 -15.038 -14.826 -15.009 -15.16 -15.107 -14.971 -14.794 -15.174 -15.115 -14.979 -14.848 -14.779 -15.082 -15.148 -15.049 -14.351 -13.93 -13.402 -15.081
0.233379 -13.686 -14.022 -14.399 -14.996 -15.174 -15.193 -14.646 -15.036 -15.173 -15.189 -15.077 -14.869 -15.031 -15.191 -15.144 -15.012 -14.838 -15.206 -15.152 -15.019 -14.891 -14.822 -15.119 -15.182 -15.087 -14.398 -13.978 -13.452 -15.117
0.240437 -13.68 -14.019 -14.405 -15.016 -15.202 -15.227 -14.664 -15.057 -15.201 -15.223 -15.116 -14.912 -15.052 -15.221 -15.181 -15.052 -14.881 -15.237 -15.189 -15.06 -14.934 -14.865 -15.155 -15.215 -15.126 -14.445 -14.027 -13.502 -15.152
0.247709 -13.673 -14.016 -14.411 -15.035 -15.23 -15.261 -14.682 -15.078 -15.229 -15.257 -15.154 -14.954 -15.072 -15.251 -15.218 -15.092 -14.924 -15.267 -15.226 -15.1 -14.976 -14.909 -15.191 -15.248 -15.164 -14.491 -14.075 -13.552 -15.187
0.255201 -13.665 -14.012 -14.416 -15.054 -15.257 -15.295 -14.699 -15.098 -15.256 -15.291 -15.193 -14.996 -15.092 -15.281 -15.254 -15.133 -14.966 -15.298 -15.262 -15.14 -15.018 -14.952 -15.226 -15.281 -15.202 -14.537 -14.123 -13.602 -15.221
0.262919 -13.657 -14.007 -14.421 -15.072 -15.284 -15.328 -14.716 -15.118 -15.283 -15.324 -15.231 -15.038 -15.111 -15.31 -15.291 -15.173 -15.009 -15.328 -15.298 -15.18 -15.06 -14.994 -15.262 -15.313 -15.24 -14.584 -14.172 -13.651 -15.256
0.270871 -13.648 -14.002 -14.425 -15.09 -15.31 -15.361 -14.733 -15.138 -15.31 -15.357 -15.269 -15.08 -15.13 -15.339 -15.327 -15.212 -15.051 -15.358 -15.334 -15.22 -15.102 -15.037 -15.297 -15.345 -15.278 -14.63 -14.22 -13.701 -15.29
0.279064 -13.638 -13.996 -14.428 -15.107 -15.336 -15.394 -14.749 -15.156 -15.336 -15.39 -15.306 -15.122 -15.149 -15.367 -15.362 -15.252 -15.093 -15.387 -15.37 -15.259 -15.143 -15.08 -15.332 -15.377 -15.315 -14.676 -14.268 -13.751 -15.324
0.287504 -13.628 -13.988 -14.431 -15.124 -15.362 -15.426 -14.765 -15.175 -15.362 -15.423 -15.344 -15.163 -15.167 -15.395 -15.398 -15.291 -15.135 -15.416 -15.406 -15.299 -15.185 -15.122 -15.366 -15.408 -15.352 -14.722 -14.316 -13.801 -15.358
0.296199 -13.617 -13.981 -14.433 -15.14 -15.387 -15.458 -14.78 -15.193 -15.387 -15.455 -15.381 -15.205 -15.184 -15.423 -15.433 -15.33 -15.177 -15.445 -15.441 -15.338 -15.226 -15.165 -15.4 -15.439 -15.389 -14.768 -14.364 -13.85 -15.391
0.305157 -13.605 -13.972 -14.434 -15.156 -15.412 -15.49 -14.795 -15.21 -15.412 -15.487 -15.418 -15.246 -15.201 -15.45 -15.468 -15.369 -15.219 -15.473 -15.476 -15.377 -15.267 -15.207 -15.434 -15.47 -15.426 -14.813 -14.411 -13.9 -15.424
0.314387 -13.592 -13.962 -14.435 -15.171 -15.437 -15.521 -14.81 -15.227 -15.436 -15.519 -15.454 -15.287 -15.218 -15.477 -15.502 -15.408 -15.26 -15.501 -15.51 -15.415 -15.308 -15.249 -15.468 -15.5 -15.462 -14.859 -14.459 -13.949 -15.457
0.323895 -13.579 -13.952 -14.435 -15.186 -15.46 -15.552 -14.824 -15.243 -15.46 -15.55 -15.491 -15.327 -15.233 -15.504 -15.537 -15.446 -15.302 -15.529 -15.544 -15.454 -15.349 -15.29 -15.501 -15.53 -15.498 -14.904 -14.507 -13.998 -15.489
0.333691 -13.564 -13.94 -14.434 -15.2 -15.484 -15.583 -14.838 -15.258 -15.484 -15.581 -15.527 -15.368 -15.248 -15.53 -15.571 -15.484 -15.343 -15.556 -15.578 -15.492 -15.389 -15.332 -15.535 -15.56 -15.534 -14.949 -14.554 -14.047 -15.521
0.343783 -13.55 -13.928 -14.433 -15.213 -15.507 -15.613 -14.852 -15.273 -15.507 -15.611 -15.562 -15.408 -15.263 -15.555 -15.604 -15.522 -15.384 -15.583 -15.612 -15.529 -15.429 -15.373 -15.567 -15.589 -15.569 -14.994 -14.601 -14.097 -15.553
0.354181 -13.534 -13.914 -14.43 -15.226 -15.529 -15.643 -14.865 -15.288 -15.53 -15.641 -15.598 -15.448 -15.277 -15.581 -15.638 -15.559 -15.424 -15.609 -15.645 -15.567 -15.469 -15.415 -15.6 -15.618 -15.604 -15.039 -14.649 -14.146 -15.585
0.364893 -13.517 -13.9 -14.427 -15.238 -15.551 -15.673 -14.878 -15.302 -15.552 -15.671 -15.633 -15.488 -15.29 -15.605 -15.671 -15.597 -15.465 -15.635 -15.678 -15.604 -15.509 -15.456 -15.632 -15.646 -15.639 -15.084 -14.696 -14.195 -15.616
0.375929 -13.5 -13.885 -14.424 -15.249 -15.573 -15.702 -14.89 -15.315 -15.573 -15.7 -15.668 -15.527 -15.303 -15.63 -15.703 -15.634 -15.505 -15.66 -15.711 -15.642 -15.549 -15.497 -15.664 -15.674 -15.674 -15.129 -14.743 -14.243 -15.647
0.387298 -13.482 -13.869 -14.419 -15.26 -15.594 -15.731 -14.902 -15.327 -15.594 -15.729 -15.703 -15.567 -15.315 -15.654 -15.736 -15.671 -15.545 -15.685 -15.743 -15.678 -15.588 -15.537 -15.695 -15.702 -15.708 -15.173 -14.79 -14.292 -15.677
0.399012 -13.463 -13.852 -14.414 -15.27 -15.614 -15.759 -14.913 -15.339 -15.615 -15.758 -15.737 -15.606 -15.327 -15.677 -15.768 -15.707 -15.585 -15.71 -15.775 -15.715 -15.627 -15.578 -15.726 -15.729 -15.742 -15.217 -14.836 -14.341 -15.708
0.41108 -13.443 -13.833 -14.407 -15.279 -15.634 -15.787 -14.924 -15.351 -15.635 -15.786 -15.771 -15.645 -15.337 -15.7 -15.799 -15.743 -15.624 -15.734 -15.807 -15.751 -15.666 -15.618 -15.757 -15.756 -15.775 -15.262 -14.883 -14.389 -15.738
0.423513 -13.422 -13.814 -14.4 -15.288 -15.654 -15.814 -14.935 -15.361 -15.655 -15.814 -15.805 -15.683 -15.348 -15.722 -15.83 -15.779 -15.663 -15.757 -15.838 -15.787 -15.705 -15.658 -15.788 -15.782 -15.809 -15.306 -14.929 -14.438 -15.767
0.436321 -13.401 -13.794 -14.392 -15.296 -15.672 -15.841 -14.945 -15.371 -15.674 -15.841 -15.838 -15.722 -15.357 -15.744 -15.861 -15.815 -15.702 -15.78 -15.869 -15.823 -15.743 -15.698 -15.818 -15.808 -15.842 -15.349 -14.976 -14.486 -15.796
0.449518 -13.379 -13.772 -14.384 -15.303 -15.691 -15.868 -14.954 -15.38 -15.692 -15.868 -15.871 -15.76 -15.366 -15.765 -15.892 -15.85 -15.741 -15.803 -15.9 -15.858 -15.781 -15.737 -15.847 -15.834 -15.874 -15.393 -15.022 -14.535 -15.825
0.463113 -13.355 -13.75 -14.374 -15.31 -15.708 -15.894 -14.964 -15.389 -15.71 -15.894 -15.903 -15.797 -15.373 -15.786 -15.922 -15.885 -15.779 -15.825 -15.93 -15.893 -15.819 -15.777 -15.876 -15.859 -15.906 -15.436 -15.068 -14.583 -15.853
0.47712 -13.331 -13.726 -14.363 -15.316 -15.725 -15.92 -14.972 -15.397 -15.727 -15.92 -15.936 -15.835 -15.381 -15.806 -15.951 -15.92 -15.818 -15.846 -15.959 -15.928 -15.857 -15.816 -15.905 -15.883 -15.938 -15.48 -15.114 -14.631 -15.881
0.49155 -13.306 -13.701 -14.352 -15.321 -15.742 -15.945 -14.98 -15.404 -15.744 -15.945 -15.967 -15.872 -15.387 -15.826 -15.981 -15.954 -15.856 -15.867 -15.989 -15.962 -15.894 -15.855 -15.934 -15.907 -15.97 -15.523 -15.16 -14.679 -15.909
0.506416 -13.28 -13.675 -14.339 -15.325 -15.757 -15.97 -14.988 -15.41 -15.759 -15.97 -15.999 -15.909 -15.393 -15.845 -16.009 -15.988 -15.893 -15.888 -16.018 -15.996 -15.931 -15.893 -15.962 -15.931 -16.001 -15.565 -15.205 -14.727 -15.936
