web/models/kne/3/villar_0.0338_0.2337_1.0000.dat
# %ECSV 1.0
# ---
# datatype:
# - {name: time, datatype: float64}
# - {name: swift_uvot_uvw2, datatype: float64}
# - {name: swift_uvot_uvm2, datatype: float64}
# - {name: swift_uvot_uvw1, datatype: float64}
# - {name: swift_uvot_U, datatype: float64}
# - {name: swift_uvot_B, datatype: float64}
# - {name: swift_uvot_V, datatype: float64}
# - {name: swift_uvot_W, datatype: float64}
# - {name: johnson_U, datatype: float64}
# - {name: johnson_B, datatype: float64}
# - {name: johnson_V, datatype: float64}
# - {name: johnson_R, datatype: float64}
# - {name: johnson_I, datatype: float64}
# - {name: sdss_u, datatype: float64}
# - {name: sdss_g, datatype: float64}
# - {name: sdss_r, datatype: float64}
# - {name: sdss_i, datatype: float64}
# - {name: sdss_z, datatype: float64}
# - {name: PS1_g, datatype: float64}
# - {name: PS1_r, datatype: float64}
# - {name: PS1_i, datatype: float64}
# - {name: PS1_z, datatype: float64}
# - {name: PS1_Y, datatype: float64}
# - {name: PS1_w, datatype: float64}
# - {name: ATLAS_c, datatype: float64}
# - {name: ATLAS_o, datatype: float64}
# - {name: ukirt_J, datatype: float64}
# - {name: ukirt_H, datatype: float64}
# - {name: ukirt_K, datatype: float64}
# - {name: Clear, datatype: float64}
# meta: !!omap
# - comment: [kappa = 1.0, type = villar, mass = 0.03383890769761434, velocity = 0.2336666666666667, theta_obs = 0.0]
# schema: astropy-2.0
time swift_uvot_uvw2 swift_uvot_uvm2 swift_uvot_uvw1 swift_uvot_U swift_uvot_B swift_uvot_V swift_uvot_W johnson_U johnson_B johnson_V johnson_R johnson_I sdss_u sdss_g sdss_r sdss_i sdss_z PS1_g PS1_r PS1_i PS1_z PS1_Y PS1_w ATLAS_c ATLAS_o ukirt_J ukirt_H ukirt_K Clear
[from data line 147]
0.079839 -12.448 -12.615 -12.736 -12.899 -12.83 -12.662 -12.703 -12.896 -12.826 -12.654 -12.412 -12.092 -12.899 -12.78 -12.53 -12.293 -12.044 -12.772 -12.542 -12.305 -12.122 -12.04 -12.539 -12.685 -12.431 -11.499 -11.022 -10.449 -12.569
0.082253 -12.463 -12.635 -12.76 -12.933 -12.868 -12.705 -12.731 -12.93 -12.865 -12.697 -12.457 -12.139 -12.934 -12.82 -12.574 -12.339 -12.092 -12.812 -12.586 -12.351 -12.169 -12.087 -12.582 -12.727 -12.476 -11.549 -11.073 -10.501 -12.612
0.084741 -12.477 -12.654 -12.784 -12.966 -12.907 -12.747 -12.76 -12.965 -12.904 -12.739 -12.502 -12.186 -12.968 -12.86 -12.618 -12.385 -12.14 -12.853 -12.63 -12.397 -12.216 -12.134 -12.625 -12.768 -12.52 -11.598 -11.124 -10.553 -12.654
0.087304 -12.491 -12.672 -12.808 -13.0 -12.945 -12.789 -12.788 -12.999 -12.942 -12.781 -12.547 -12.233 -13.002 -12.9 -12.662 -12.431 -12.187 -12.893 -12.673 -12.443 -12.263 -12.18 -12.668 -12.81 -12.565 -11.648 -11.175 -10.605 -12.697
0.089944 -12.505 -12.69 -12.831 -13.032 -12.983 -12.831 -12.816 -13.033 -12.98 -12.823 -12.591 -12.28 -13.035 -12.939 -12.705 -12.477 -12.234 -12.932 -12.717 -12.489 -12.309 -12.227 -12.711 -12.851 -12.61 -11.697 -11.226 -10.656 -12.739
0.092665 -12.518 -12.708 -12.854 -13.065 -13.021 -12.873 -12.843 -13.066 -13.018 -12.865 -12.636 -12.327 -13.069 -12.978 -12.749 -12.523 -12.282 -12.972 -12.76 -12.534 -12.356 -12.274 -12.754 -12.892 -12.654 -11.747 -11.276 -10.708 -12.78
0.095467 -12.531 -12.725 -12.876 -13.097 -13.058 -12.914 -12.87 -13.099 -13.055 -12.907 -12.68 -12.374 -13.102 -13.017 -12.792 -12.568 -12.329 -13.012 -12.803 -12.579 -12.402 -12.32 -12.796 -12.933 -12.698 -11.796 -11.327 -10.76 -12.822
0.098355 -12.543 -12.742 -12.899 -13.129 -13.096 -12.955 -12.898 -13.132 -13.093 -12.948 -12.725 -12.421 -13.134 -13.056 -12.836 -12.614 -12.376 -13.051 -12.846 -12.625 -12.449 -12.367 -12.839 -12.973 -12.742 -11.846 -11.378 -10.811 -12.864
0.101329 -12.554 -12.758 -12.92 -13.161 -13.133 -12.997 -12.924 -13.165 -13.13 -12.989 -12.769 -12.468 -13.167 -13.095 -12.879 -12.659 -12.423 -13.09 -12.889 -12.67 -12.495 -12.413 -12.881 -13.014 -12.786 -11.895 -11.428 -10.863 -12.905
0.104394 -12.566 -12.773 -12.941 -13.192 -13.17 -13.038 -12.951 -13.197 -13.167 -13.031 -12.813 -12.514 -13.199 -13.133 -12.921 -12.704 -12.47 -13.129 -12.932 -12.715 -12.541 -12.459 -12.923 -13.054 -12.83 -11.944 -11.479 -10.915 -12.946
0.107551 -12.576 -12.789 -12.962 -13.223 -13.206 -13.079 -12.977 -13.229 -13.204 -13.072 -12.857 -12.56 -13.231 -13.171 -12.964 -12.75 -12.517 -13.167 -12.975 -12.76 -12.587 -12.505 -12.965 -13.094 -12.874 -11.993 -11.529 -10.966 -12.987
0.110804 -12.586 -12.803 -12.983 -13.254 -13.243 -13.119 -13.003 -13.261 -13.24 -13.112 -12.9 -12.607 -13.262 -13.209 -13.007 -12.794 -12.563 -13.206 -13.017 -12.805 -12.633 -12.552 -13.007 -13.134 -12.917 -12.043 -11.579 -11.018 -13.028
0.114155 -12.596 -12.817 -13.003 -13.284 -13.279 -13.16 -13.029 -13.292 -13.276 -13.153 -12.944 -12.653 -13.294 -13.247 -13.049 -12.839 -12.61 -13.244 -13.059 -12.849 -12.679 -12.598 -13.048 -13.174 -12.961 -12.092 -11.63 -11.069 -13.069
0.117608 -12.605 -12.831 -13.022 -13.315 -13.315 -13.2 -13.054 -13.323 -13.312 -13.193 -12.987 -12.699 -13.325 -13.284 -13.091 -12.884 -12.656 -13.282 -13.101 -12.894 -12.725 -12.644 -13.089 -13.213 -13.004 -12.141 -11.68 -11.12 -13.11
0.121165 -12.614 -12.844 -13.041 -13.344 -13.351 -13.24 -13.08 -13.354 -13.348 -13.233 -13.031 -12.745 -13.355 -13.322 -13.134 -12.929 -12.703 -13.32 -13.143 -12.938 -12.771 -12.689 -13.131 -13.252 -13.047 -12.189 -11.73 -11.172 -13.15
0.124829 -12.622 -12.857 -13.06 -13.374 -13.386 -13.28 -13.104 -13.385 -13.383 -13.273 -13.074 -12.791 -13.385 -13.359 -13.175 -12.973 -12.749 -13.357 -13.185 -12.983 -12.816 -12.735 -13.172 -13.291 -13.09 -12.238 -11.78 -11.223 -13.19
0.128605 -12.63 -12.869 -13.078 -13.403 -13.421 -13.32 -13.129 -13.415 -13.419 -13.313 -13.117 -12.837 -13.415 -13.395 -13.217 -13.017 -12.795 -13.394 -13.227 -13.027 -12.862 -12.781 -13.213 -13.33 -13.133 -12.287 -11.831 -11.274 -13.23
0.132494 -12.637 -12.88 -13.096 -13.432 -13.456 -13.359 -13.153 -13.445 -13.454 -13.353 -13.16 -12.882 -13.445 -13.432 -13.259 -13.061 -12.841 -13.432 -13.268 -13.071 -12.907 -12.827 -13.253 -13.369 -13.175 -12.335 -11.881 -11.325 -13.27
0.136502 -12.643 -12.891 -13.113 -13.46 -13.491 -13.399 -13.178 -13.474 -13.488 -13.392 -13.202 -12.928 -13.474 -13.468 -13.3 -13.105 -12.887 -13.468 -13.31 -13.115 -12.953 -12.872 -13.294 -13.407 -13.218 -12.384 -11.931 -11.377 -13.31
0.14063 -12.649 -12.902 -13.13 -13.488 -13.525 -13.438 -13.201 -13.503 -13.523 -13.431 -13.245 -12.973 -13.503 -13.504 -13.341 -13.149 -12.932 -13.505 -13.351 -13.158 -12.998 -12.918 -13.334 -13.446 -13.26 -12.432 -11.98 -11.428 -13.349
0.144883 -12.654 -12.912 -13.147 -13.516 -13.559 -13.477 -13.225 -13.532 -13.557 -13.47 -13.287 -13.018 -13.532 -13.54 -13.382 -13.193 -12.978 -13.541 -13.392 -13.202 -13.043 -12.963 -13.374 -13.484 -13.302 -12.481 -12.03 -11.479 -13.389
0.149265 -12.659 -12.921 -13.163 -13.543 -13.593 -13.515 -13.248 -13.561 -13.591 -13.509 -13.329 -13.063 -13.56 -13.575 -13.423 -13.237 -13.024 -13.577 -13.432 -13.245 -13.088 -13.008 -13.414 -13.521 -13.344 -12.529 -12.08 -11.53 -13.428
0.15378 -12.663 -12.929 -13.178 -13.57 -13.627 -13.554 -13.271 -13.589 -13.624 -13.548 -13.371 -13.108 -13.588 -13.611 -13.464 -13.28 -13.069 -13.613 -13.473 -13.289 -13.132 -13.053 -13.454 -13.559 -13.386 -12.577 -12.13 -11.581 -13.466
0.15843 -12.667 -12.937 -13.193 -13.597 -13.66 -13.592 -13.294 -13.616 -13.658 -13.586 -13.413 -13.153 -13.615 -13.646 -13.504 -13.323 -13.114 -13.649 -13.513 -13.332 -13.177 -13.099 -13.493 -13.596 -13.428 -12.625 -12.179 -11.631 -13.505
0.163222 -12.67 -12.945 -13.207 -13.623 -13.693 -13.63 -13.316 -13.644 -13.69 -13.624 -13.455 -13.198 -13.642 -13.68 -13.545 -13.366 -13.159 -13.684 -13.553 -13.375 -13.222 -13.143 -13.533 -13.633 -13.469 -12.673 -12.229 -11.682 -13.544
0.168159 -12.672 -12.952 -13.221 -13.648 -13.725 -13.668 -13.338 -13.671 -13.723 -13.662 -13.496 -13.242 -13.669 -13.715 -13.585 -13.409 -13.204 -13.719 -13.593 -13.418 -13.266 -13.188 -13.572 -13.67 -13.51 -12.721 -12.278 -11.733 -13.582
0.173245 -12.674 -12.958 -13.235 -13.674 -13.758 -13.705 -13.36 -13.697 -13.755 -13.7 -13.538 -13.287 -13.696 -13.749 -13.624 -13.452 -13.249 -13.754 -13.633 -13.46 -13.31 -13.233 -13.611 -13.707 -13.551 -12.769 -12.328 -11.784 -13.62
0.178484 -12.675 -12.963 -13.248 -13.699 -13.79 -13.743 -13.381 -13.723 -13.788 -13.737 -13.579 -13.331 -13.721 -13.783 -13.664 -13.495 -13.294 -13.789 -13.673 -13.503 -13.354 -13.278 -13.649 -13.743 -13.592 -12.817 -12.377 -11.834 -13.658
0.183882 -12.676 -12.968 -13.26 -13.723 -13.821 -13.78 -13.402 -13.749 -13.819 -13.774 -13.62 -13.375 -13.747 -13.816 -13.704 -13.537 -13.339 -13.823 -13.712 -13.545 -13.398 -13.322 -13.688 -13.779 -13.633 -12.865 -12.426 -11.885 -13.695
0.189444 -12.676 -12.973 -13.272 -13.747 -13.853 -13.816 -13.423 -13.775 -13.851 -13.811 -13.66 -13.419 -13.772 -13.85 -13.743 -13.579 -13.383 -13.857 -13.751 -13.588 -13.442 -13.367 -13.726 -13.815 -13.673 -12.912 -12.476 -11.936 -13.733
0.195173 -12.675 -12.976 -13.283 -13.771 -13.884 -13.853 -13.444 -13.8 -13.882 -13.848 -13.701 -13.463 -13.797 -13.883 -13.782 -13.621 -13.427 -13.891 -13.79 -13.63 -13.486 -13.411 -13.764 -13.85 -13.714 -12.96 -12.525 -11.986 -13.77
0.201076 -12.674 -12.979 -13.294 -13.794 -13.914 -13.889 -13.464 -13.824 -13.912 -13.884 -13.741 -13.507 -13.821 -13.915 -13.82 -13.663 -13.472 -13.924 -13.829 -13.671 -13.53 -13.455 -13.802 -13.886 -13.754 -13.007 -12.574 -12.036 -13.807
0.207158 -12.671 -12.981 -13.304 -13.817 -13.945 -13.925 -13.484 -13.848 -13.943 -13.92 -13.781 -13.55 -13.845 -13.948 -13.859 -13.705 -13.516 -13.957 -13.867 -13.713 -13.573 -13.499 -13.84 -13.921 -13.793 -13.054 -12.623 -12.087 -13.843
0.213423 -12.669 -12.983 -13.314 -13.84 -13.974 -13.961 -13.503 -13.872 -13.973 -13.956 -13.821 -13.594 -13.868 -13.98 -13.897 -13.747 -13.559 -13.99 -13.905 -13.754 -13.616 -13.543 -13.877 -13.955 -13.833 -13.101 -12.672 -12.137 -13.88
0.219878 -12.665 -12.983 -13.323 -13.861 -14.004 -13.996 -13.522 -13.895 -14.003 -13.991 -13.861 -13.637 -13.891 -14.011 -13.935 -13.788 -13.603 -14.022 -13.943 -13.796 -13.659 -13.587 -13.914 -13.99 -13.872 -13.148 -12.72 -12.187 -13.916
0.226528 -12.661 -12.983 -13.331 -13.883 -14.033 -14.031 -13.541 -13.918 -14.032 -14.027 -13.9 -13.68 -13.914 -14.043 -13.973 -13.829 -13.647 -14.055 -13.981 -13.837 -13.702 -13.63 -13.951 -14.024 -13.912 -13.195 -12.769 -12.237 -13.952
0.233379 -12.656 -12.983 -13.339 -13.904 -14.062 -14.066 -13.559 -13.94 -14.061 -14.062 -13.939 -13.723 -13.936 -14.074 -14.011 -13.87 -13.69 -14.086 -14.019 -13.878 -13.745 -13.674 -13.988 -14.058 -13.951 -13.242 -12.818 -12.288 -13.988
0.240437 -12.651 -12.981 -13.346 -13.924 -14.091 -14.101 -13.578 -13.962 -14.089 -14.096 -13.978 -13.765 -13.957 -14.104 -14.048 -13.911 -13.733 -14.118 -14.056 -13.918 -13.788 -13.717 -14.024 -14.091 -13.989 -13.289 -12.866 -12.338 -14.023
0.247709 -12.645 -12.979 -13.352 -13.944 -14.119 -14.135 -13.595 -13.983 -14.117 -14.131 -14.017 -13.808 -13.978 -14.135 -14.085 -13.951 -13.776 -14.149 -14.093 -13.959 -13.83 -13.761 -14.06 -14.125 -14.028 -13.335 -12.915 -12.387 -14.058
0.255201 -12.638 -12.976 -13.358 -13.963 -14.146 -14.169 -13.613 -14.004 -14.145 -14.165 -14.056 -13.85 -13.999 -14.164 -14.122 -13.991 -13.819 -14.18 -14.13 -13.999 -13.872 -13.804 -14.096 -14.157 -14.066 -13.381 -12.963 -12.437 -14.093
0.262919 -12.63 -12.972 -13.363 -13.982 -14.174 -14.202 -13.63 -14.025 -14.173 -14.198 -14.094 -13.892 -14.019 -14.194 -14.158 -14.032 -13.862 -14.21 -14.166 -14.039 -13.914 -13.846 -14.131 -14.19 -14.104 -13.428 -13.011 -12.487 -14.128
0.270871 -12.621 -12.967 -13.368 -14.001 -14.2 -14.236 -13.646 -14.044 -14.199 -14.232 -14.132 -13.934 -14.038 -14.223 -14.194 -14.071 -13.904 -14.24 -14.202 -14.079 -13.956 -13.889 -14.167 -14.222 -14.142 -13.474 -13.059 -12.537 -14.162
0.279064 -12.612 -12.961 -13.372 -14.018 -14.227 -14.269 -13.662 -14.064 -14.226 -14.265 -14.17 -13.976 -14.057 -14.252 -14.23 -14.111 -13.946 -14.27 -14.238 -14.119 -13.998 -13.932 -14.202 -14.254 -14.179 -13.52 -13.107 -12.586 -14.196
0.287504 -12.602 -12.955 -13.375 -14.035 -14.253 -14.301 -13.678 -14.082 -14.252 -14.298 -14.207 -14.018 -14.075 -14.28 -14.266 -14.15 -13.988 -14.299 -14.274 -14.158 -14.039 -13.974 -14.236 -14.286 -14.216 -13.566 -13.155 -12.636 -14.23
0.296199 -12.591 -12.948 -13.377 -14.052 -14.278 -14.333 -13.694 -14.101 -14.278 -14.33 -14.244 -14.059 -14.093 -14.308 -14.301 -14.189 -14.03 -14.328 -14.309 -14.197 -14.08 -14.016 -14.271 -14.317 -14.253 -13.611 -13.203 -12.685 -14.263
0.305157 -12.58 -12.939 -13.379 -14.068 -14.303 -14.365 -13.709 -14.118 -14.303 -14.362 -14.281 -14.1 -14.11 -14.336 -14.336 -14.228 -14.072 -14.357 -14.344 -14.236 -14.121 -14.059 -14.305 -14.348 -14.29 -13.657 -13.251 -12.735 -14.296
0.314387 -12.567 -12.93 -13.38 -14.083 -14.328 -14.397 -13.723 -14.135 -14.327 -14.394 -14.318 -14.141 -14.127 -14.363 -14.371 -14.267 -14.113 -14.385 -14.378 -14.274 -14.162 -14.1 -14.338 -14.378 -14.326 -13.702 -13.298 -12.784 -14.329
0.323895 -12.554 -12.92 -13.38 -14.098 -14.352 -14.428 -13.737 -14.152 -14.351 -14.425 -14.354 -14.181 -14.143 -14.389 -14.405 -14.305 -14.154 -14.412 -14.413 -14.313 -14.203 -14.142 -14.372 -14.408 -14.362 -13.748 -13.345 -12.833 -14.362
0.333691 -12.539 -12.909 -13.379 -14.112 -14.375 -14.459 -13.751 -14.167 -14.375 -14.456 -14.39 -14.222 -14.158 -14.416 -14.439 -14.343 -14.195 -14.439 -14.447 -14.351 -14.243 -14.184 -14.405 -14.438 -14.398 -13.793 -13.393 -12.882 -14.394
0.343783 -12.524 -12.897 -13.378 -14.126 -14.398 -14.489 -13.764 -14.182 -14.398 -14.486 -14.426 -14.262 -14.173 -14.441 -14.473 -14.381 -14.236 -14.466 -14.48 -14.389 -14.283 -14.225 -14.438 -14.467 -14.433 -13.838 -13.44 -12.931 -14.426
0.354181 -12.508 -12.883 -13.376 -14.138 -14.421 -14.519 -13.777 -14.197 -14.421 -14.516 -14.462 -14.302 -14.187 -14.466 -14.506 -14.419 -14.277 -14.492 -14.514 -14.426 -14.323 -14.266 -14.47 -14.496 -14.469 -13.883 -13.487 -12.98 -14.457
0.364893 -12.491 -12.869 -13.372 -14.151 -14.443 -14.548 -13.789 -14.211 -14.443 -14.546 -14.497 -14.341 -14.2 -14.491 -14.539 -14.456 -14.317 -14.518 -14.547 -14.463 -14.363 -14.307 -14.502 -14.524 -14.503 -13.927 -13.534 -13.029 -14.488
0.375929 -12.474 -12.854 -13.368 -14.162 -14.464 -14.577 -13.801 -14.224 -14.465 -14.575 -14.531 -14.381 -14.213 -14.515 -14.571 -14.493 -14.357 -14.543 -14.579 -14.5 -14.402 -14.347 -14.534 -14.552 -14.538 -13.972 -13.581 -13.077 -14.519
0.387298 -12.455 -12.838 -13.364 -14.173 -14.485 -14.606 -13.812 -14.236 -14.485 -14.604 -14.566 -14.42 -14.225 -14.539 -14.604 -14.529 -14.397 -14.568 -14.611 -14.537 -14.441 -14.388 -14.565 -14.579 -14.572 -14.016 -13.627 -13.126 -14.549
0.399012 -12.435 -12.82 -13.358 -14.182 -14.505 -14.634 -13.823 -14.248 -14.506 -14.632 -14.6 -14.459 -14.236 -14.562 -14.635 -14.565 -14.436 -14.592 -14.643 -14.573 -14.48 -14.428 -14.596 -14.606 -14.605 -14.06 -13.674 -13.174 -14.579
0.41108 -12.414 -12.801 -13.351 -14.191 -14.525 -14.662 -13.833 -14.259 -14.526 -14.66 -14.633 -14.497 -14.247 -14.585 -14.667 -14.601 -14.475 -14.616 -14.674 -14.609 -14.519 -14.468 -14.626 -14.633 -14.639 -14.104 -13.72 -13.223 -14.608
0.423513 -12.392 -12.781 -13.343 -14.2 -14.544 -14.689 -13.843 -14.269 -14.545 -14.687 -14.667 -14.536 -14.256 -14.607 -14.697 -14.637 -14.514 -14.639 -14.705 -14.645 -14.557 -14.507 -14.656 -14.659 -14.672 -14.147 -13.766 -13.271 -14.637
0.436321 -12.37 -12.76 -13.335 -14.207 -14.562 -14.715 -13.852 -14.278 -14.563 -14.714 -14.7 -14.573 -14.265 -14.628 -14.728 -14.672 -14.553 -14.662 -14.736 -14.68 -14.595 -14.547 -14.686 -14.684 -14.704 -14.191 -13.812 -13.319 -14.666
0.449518 -12.346 -12.738 -13.325 -14.214 -14.58 -14.741 -13.861 -14.287 -14.581 -14.741 -14.732 -14.611 -14.273 -14.649 -14.758 -14.707 -14.591 -14.684 -14.766 -14.715 -14.633 -14.586 -14.715 -14.709 -14.736 -14.234 -13.858 -13.367 -14.694
0.463113 -12.321 -12.714 -13.314 -14.22 -14.597 -14.767 -13.868 -14.295 -14.598 -14.766 -14.764 -14.648 -14.28 -14.669 -14.787 -14.741 -14.629 -14.705 -14.795 -14.749 -14.67 -14.625 -14.743 -14.733 -14.768 -14.277 -13.903 -13.414 -14.722
0.47712 -12.295 -12.689 -13.302 -14.224 -14.613 -14.792 -13.876 -14.302 -14.615 -14.792 -14.796 -14.685 -14.287 -14.688 -14.816 -14.775 -14.667 -14.726 -14.824 -14.783 -14.707 -14.663 -14.772 -14.757 -14.799 -14.319 -13.949 -13.462 -14.749
0.49155 -12.268 -12.662 -13.289 -14.228 -14.629 -14.816 -13.882 -14.307 -14.63 -14.816 -14.827 -14.722 -14.292 -14.707 -14.845 -14.809 -14.704 -14.746 -14.853 -14.817 -14.743 -14.701 -14.799 -14.78 -14.83 -14.362 -13.994 -13.509 -14.776
0.506416 -12.239 -12.634 -13.275 -14.231 -14.643 -14.84 -13.888 -14.312 -14.645 -14.84 -14.857 -14.758 -14.296 -14.725 -14.873 -14.842 -14.741 -14.766 -14.881 -14.85 -14.78 -14.739 -14.826 -14.803 -14.86 -14.404 -14.039 -13.557 -14.802
0.521733 -12.21 -12.605 -13.259 -14.233 -14.657 -14.863 -13.894 -14.316 -14.659 -14.863 -14.888 -14.794 -14.3 -14.742 -14.9 -14.875 -14.777 -14.784 -14.908 -14.883 -14.816 -14.777 -14.853 -14.825 -14.89 -14.446 -14.084 -13.604 -14.828
0.537512 -12.179 -12.574 -13.243 -14.234 -14.67 -14.886 -13.898 -14.319 -14.673 -14.886 -14.917 -14.829 -14.302 -14.759 -14.927 -14.907 -14.814 -14.802 -14.935 -14.915 -14.851 -14.814 -14.879 -14.846 -14.919 -14.488 -14.128 -13.651 -14.853
0.553769 -12.147 -12.541 -13.225 -14.234 -14.683 -14.907 -13.902 -14.321 -14.685 -14.908 -14.946 -14.864 -14.303 -14.775 -14.953 -14.939 -14.849 -14.82 -14.961 -14.947 -14.886 -14.851 -14.905 -14.867 -14.948 -14.529 -14.173 -13.697 -14.878
