web/models/linear/83/-19_531_0_030.dat
# %ECSV 1.0
# ---
# datatype:
# - {name: time, datatype: float64}
# - {name: swift_uvot_uvw2, datatype: float64}
# - {name: swift_uvot_uvm2, datatype: float64}
# - {name: swift_uvot_uvw1, datatype: float64}
# - {name: swift_uvot_U, datatype: float64}
# - {name: swift_uvot_B, datatype: float64}
# - {name: swift_uvot_V, datatype: float64}
# - {name: swift_uvot_W, datatype: float64}
# - {name: johnson_U, datatype: float64}
# - {name: johnson_B, datatype: float64}
# - {name: johnson_V, datatype: float64}
# - {name: johnson_R, datatype: float64}
# - {name: johnson_I, datatype: float64}
# - {name: sdss_u, datatype: float64}
# - {name: sdss_g, datatype: float64}
# - {name: sdss_r, datatype: float64}
# - {name: sdss_i, datatype: float64}
# - {name: sdss_z, datatype: float64}
# - {name: PS1_g, datatype: float64}
# - {name: PS1_r, datatype: float64}
# - {name: PS1_i, datatype: float64}
# - {name: PS1_z, datatype: float64}
# - {name: PS1_Y, datatype: float64}
# - {name: PS1_w, datatype: float64}
# - {name: ATLAS_c, datatype: float64}
# - {name: ATLAS_o, datatype: float64}
# - {name: ukirt_J, datatype: float64}
# - {name: ukirt_H, datatype: float64}
# - {name: ukirt_K, datatype: float64}
# - {name: Clear, datatype: float64}
# meta: !!omap
# - comment: [M=-19.53061224489796, dM=0.030345556064724315]
# schema: astropy-2.0
time swift_uvot_uvw2 swift_uvot_uvm2 swift_uvot_uvw1 swift_uvot_U swift_uvot_B swift_uvot_V swift_uvot_W johnson_U johnson_B johnson_V johnson_R johnson_I sdss_u sdss_g sdss_r sdss_i sdss_z PS1_g PS1_r PS1_i PS1_z PS1_Y PS1_w ATLAS_c ATLAS_o ukirt_J ukirt_H ukirt_K Clear
[from data line 82]
6.180904522613065 -19.343049260176297 -19.343049260176297 -19.343049260176297 -19.343049260176297 -19.343049260176297 -19.343049260176297 -19.343049260176297 -19.343049260176297 -19.343049260176297 -19.343049260176297 -19.343049260176297 -19.343049260176297 -19.343049260176297 -19.343049260176297 -19.343049260176297 -19.343049260176297 -19.343049260176297 -19.343049260176297 -19.343049260176297 -19.343049260176297 -19.343049260176297 -19.343049260176297 -19.343049260176297 -19.343049260176297 -19.343049260176297 -19.343049260176297 -19.343049260176297 -19.343049260176297 -19.343049260176297
6.256281407035175 -19.34076190670408 -19.34076190670408 -19.34076190670408 -19.34076190670408 -19.34076190670408 -19.34076190670408 -19.34076190670408 -19.34076190670408 -19.34076190670408 -19.34076190670408 -19.34076190670408 -19.34076190670408 -19.34076190670408 -19.34076190670408 -19.34076190670408 -19.34076190670408 -19.34076190670408 -19.34076190670408 -19.34076190670408 -19.34076190670408 -19.34076190670408 -19.34076190670408 -19.34076190670408 -19.34076190670408 -19.34076190670408 -19.34076190670408 -19.34076190670408 -19.34076190670408 -19.34076190670408
6.331658291457286 -19.338474553231865 -19.338474553231865 -19.338474553231865 -19.338474553231865 -19.338474553231865 -19.338474553231865 -19.338474553231865 -19.338474553231865 -19.338474553231865 -19.338474553231865 -19.338474553231865 -19.338474553231865 -19.338474553231865 -19.338474553231865 -19.338474553231865 -19.338474553231865 -19.338474553231865 -19.338474553231865 -19.338474553231865 -19.338474553231865 -19.338474553231865 -19.338474553231865 -19.338474553231865 -19.338474553231865 -19.338474553231865 -19.338474553231865 -19.338474553231865 -19.338474553231865 -19.338474553231865
6.407035175879397 -19.33618719975965 -19.33618719975965 -19.33618719975965 -19.33618719975965 -19.33618719975965 -19.33618719975965 -19.33618719975965 -19.33618719975965 -19.33618719975965 -19.33618719975965 -19.33618719975965 -19.33618719975965 -19.33618719975965 -19.33618719975965 -19.33618719975965 -19.33618719975965 -19.33618719975965 -19.33618719975965 -19.33618719975965 -19.33618719975965 -19.33618719975965 -19.33618719975965 -19.33618719975965 -19.33618719975965 -19.33618719975965 -19.33618719975965 -19.33618719975965 -19.33618719975965 -19.33618719975965
6.482412060301507 -19.333899846287434 -19.333899846287434 -19.333899846287434 -19.333899846287434 -19.333899846287434 -19.333899846287434 -19.333899846287434 -19.333899846287434 -19.333899846287434 -19.333899846287434 -19.333899846287434 -19.333899846287434 -19.333899846287434 -19.333899846287434 -19.333899846287434 -19.333899846287434 -19.333899846287434 -19.333899846287434 -19.333899846287434 -19.333899846287434 -19.333899846287434 -19.333899846287434 -19.333899846287434 -19.333899846287434 -19.333899846287434 -19.333899846287434 -19.333899846287434 -19.333899846287434 -19.333899846287434
6.557788944723617 -19.331612492815218 -19.331612492815218 -19.331612492815218 -19.331612492815218 -19.331612492815218 -19.331612492815218 -19.331612492815218 -19.331612492815218 -19.331612492815218 -19.331612492815218 -19.331612492815218 -19.331612492815218 -19.331612492815218 -19.331612492815218 -19.331612492815218 -19.331612492815218 -19.331612492815218 -19.331612492815218 -19.331612492815218 -19.331612492815218 -19.331612492815218 -19.331612492815218 -19.331612492815218 -19.331612492815218 -19.331612492815218 -19.331612492815218 -19.331612492815218 -19.331612492815218 -19.331612492815218
6.633165829145728 -19.329325139343005 -19.329325139343005 -19.329325139343005 -19.329325139343005 -19.329325139343005 -19.329325139343005 -19.329325139343005 -19.329325139343005 -19.329325139343005 -19.329325139343005 -19.329325139343005 -19.329325139343005 -19.329325139343005 -19.329325139343005 -19.329325139343005 -19.329325139343005 -19.329325139343005 -19.329325139343005 -19.329325139343005 -19.329325139343005 -19.329325139343005 -19.329325139343005 -19.329325139343005 -19.329325139343005 -19.329325139343005 -19.329325139343005 -19.329325139343005 -19.329325139343005 -19.329325139343005
6.708542713567839 -19.32703778587079 -19.32703778587079 -19.32703778587079 -19.32703778587079 -19.32703778587079 -19.32703778587079 -19.32703778587079 -19.32703778587079 -19.32703778587079 -19.32703778587079 -19.32703778587079 -19.32703778587079 -19.32703778587079 -19.32703778587079 -19.32703778587079 -19.32703778587079 -19.32703778587079 -19.32703778587079 -19.32703778587079 -19.32703778587079 -19.32703778587079 -19.32703778587079 -19.32703778587079 -19.32703778587079 -19.32703778587079 -19.32703778587079 -19.32703778587079 -19.32703778587079 -19.32703778587079
6.783919597989949 -19.324750432398574 -19.324750432398574 -19.324750432398574 -19.324750432398574 -19.324750432398574 -19.324750432398574 -19.324750432398574 -19.324750432398574 -19.324750432398574 -19.324750432398574 -19.324750432398574 -19.324750432398574 -19.324750432398574 -19.324750432398574 -19.324750432398574 -19.324750432398574 -19.324750432398574 -19.324750432398574 -19.324750432398574 -19.324750432398574 -19.324750432398574 -19.324750432398574 -19.324750432398574 -19.324750432398574 -19.324750432398574 -19.324750432398574 -19.324750432398574 -19.324750432398574 -19.324750432398574
6.859296482412059 -19.322463078926358 -19.322463078926358 -19.322463078926358 -19.322463078926358 -19.322463078926358 -19.322463078926358 -19.322463078926358 -19.322463078926358 -19.322463078926358 -19.322463078926358 -19.322463078926358 -19.322463078926358 -19.322463078926358 -19.322463078926358 -19.322463078926358 -19.322463078926358 -19.322463078926358 -19.322463078926358 -19.322463078926358 -19.322463078926358 -19.322463078926358 -19.322463078926358 -19.322463078926358 -19.322463078926358 -19.322463078926358 -19.322463078926358 -19.322463078926358 -19.322463078926358 -19.322463078926358
6.93467336683417 -19.320175725454142 -19.320175725454142 -19.320175725454142 -19.320175725454142 -19.320175725454142 -19.320175725454142 -19.320175725454142 -19.320175725454142 -19.320175725454142 -19.320175725454142 -19.320175725454142 -19.320175725454142 -19.320175725454142 -19.320175725454142 -19.320175725454142 -19.320175725454142 -19.320175725454142 -19.320175725454142 -19.320175725454142 -19.320175725454142 -19.320175725454142 -19.320175725454142 -19.320175725454142 -19.320175725454142 -19.320175725454142 -19.320175725454142 -19.320175725454142 -19.320175725454142 -19.320175725454142
7.010050251256281 -19.317888371981926 -19.317888371981926 -19.317888371981926 -19.317888371981926 -19.317888371981926 -19.317888371981926 -19.317888371981926 -19.317888371981926 -19.317888371981926 -19.317888371981926 -19.317888371981926 -19.317888371981926 -19.317888371981926 -19.317888371981926 -19.317888371981926 -19.317888371981926 -19.317888371981926 -19.317888371981926 -19.317888371981926 -19.317888371981926 -19.317888371981926 -19.317888371981926 -19.317888371981926 -19.317888371981926 -19.317888371981926 -19.317888371981926 -19.317888371981926 -19.317888371981926 -19.317888371981926
7.085427135678391 -19.31560101850971 -19.31560101850971 -19.31560101850971 -19.31560101850971 -19.31560101850971 -19.31560101850971 -19.31560101850971 -19.31560101850971 -19.31560101850971 -19.31560101850971 -19.31560101850971 -19.31560101850971 -19.31560101850971 -19.31560101850971 -19.31560101850971 -19.31560101850971 -19.31560101850971 -19.31560101850971 -19.31560101850971 -19.31560101850971 -19.31560101850971 -19.31560101850971 -19.31560101850971 -19.31560101850971 -19.31560101850971 -19.31560101850971 -19.31560101850971 -19.31560101850971 -19.31560101850971
7.160804020100501 -19.313313665037498 -19.313313665037498 -19.313313665037498 -19.313313665037498 -19.313313665037498 -19.313313665037498 -19.313313665037498 -19.313313665037498 -19.313313665037498 -19.313313665037498 -19.313313665037498 -19.313313665037498 -19.313313665037498 -19.313313665037498 -19.313313665037498 -19.313313665037498 -19.313313665037498 -19.313313665037498 -19.313313665037498 -19.313313665037498 -19.313313665037498 -19.313313665037498 -19.313313665037498 -19.313313665037498 -19.313313665037498 -19.313313665037498 -19.313313665037498 -19.313313665037498 -19.313313665037498
7.236180904522612 -19.311026311565282 -19.311026311565282 -19.311026311565282 -19.311026311565282 -19.311026311565282 -19.311026311565282 -19.311026311565282 -19.311026311565282 -19.311026311565282 -19.311026311565282 -19.311026311565282 -19.311026311565282 -19.311026311565282 -19.311026311565282 -19.311026311565282 -19.311026311565282 -19.311026311565282 -19.311026311565282 -19.311026311565282 -19.311026311565282 -19.311026311565282 -19.311026311565282 -19.311026311565282 -19.311026311565282 -19.311026311565282 -19.311026311565282 -19.311026311565282 -19.311026311565282 -19.311026311565282
7.311557788944723 -19.308738958093066 -19.308738958093066 -19.308738958093066 -19.308738958093066 -19.308738958093066 -19.308738958093066 -19.308738958093066 -19.308738958093066 -19.308738958093066 -19.308738958093066 -19.308738958093066 -19.308738958093066 -19.308738958093066 -19.308738958093066 -19.308738958093066 -19.308738958093066 -19.308738958093066 -19.308738958093066 -19.308738958093066 -19.308738958093066 -19.308738958093066 -19.308738958093066 -19.308738958093066 -19.308738958093066 -19.308738958093066 -19.308738958093066 -19.308738958093066 -19.308738958093066 -19.308738958093066
7.3869346733668335 -19.30645160462085 -19.30645160462085 -19.30645160462085 -19.30645160462085 -19.30645160462085 -19.30645160462085 -19.30645160462085 -19.30645160462085 -19.30645160462085 -19.30645160462085 -19.30645160462085 -19.30645160462085 -19.30645160462085 -19.30645160462085 -19.30645160462085 -19.30645160462085 -19.30645160462085 -19.30645160462085 -19.30645160462085 -19.30645160462085 -19.30645160462085 -19.30645160462085 -19.30645160462085 -19.30645160462085 -19.30645160462085 -19.30645160462085 -19.30645160462085 -19.30645160462085 -19.30645160462085
7.462311557788944 -19.304164251148634 -19.304164251148634 -19.304164251148634 -19.304164251148634 -19.304164251148634 -19.304164251148634 -19.304164251148634 -19.304164251148634 -19.304164251148634 -19.304164251148634 -19.304164251148634 -19.304164251148634 -19.304164251148634 -19.304164251148634 -19.304164251148634 -19.304164251148634 -19.304164251148634 -19.304164251148634 -19.304164251148634 -19.304164251148634 -19.304164251148634 -19.304164251148634 -19.304164251148634 -19.304164251148634 -19.304164251148634 -19.304164251148634 -19.304164251148634 -19.304164251148634 -19.304164251148634
7.537688442211055 -19.30187689767642 -19.30187689767642 -19.30187689767642 -19.30187689767642 -19.30187689767642 -19.30187689767642 -19.30187689767642 -19.30187689767642 -19.30187689767642 -19.30187689767642 -19.30187689767642 -19.30187689767642 -19.30187689767642 -19.30187689767642 -19.30187689767642 -19.30187689767642 -19.30187689767642 -19.30187689767642 -19.30187689767642 -19.30187689767642 -19.30187689767642 -19.30187689767642 -19.30187689767642 -19.30187689767642 -19.30187689767642 -19.30187689767642 -19.30187689767642 -19.30187689767642 -19.30187689767642
7.613065326633166 -19.299589544204203 -19.299589544204203 -19.299589544204203 -19.299589544204203 -19.299589544204203 -19.299589544204203 -19.299589544204203 -19.299589544204203 -19.299589544204203 -19.299589544204203 -19.299589544204203 -19.299589544204203 -19.299589544204203 -19.299589544204203 -19.299589544204203 -19.299589544204203 -19.299589544204203 -19.299589544204203 -19.299589544204203 -19.299589544204203 -19.299589544204203 -19.299589544204203 -19.299589544204203 -19.299589544204203 -19.299589544204203 -19.299589544204203 -19.299589544204203 -19.299589544204203 -19.299589544204203
7.688442211055276 -19.297302190731987 -19.297302190731987 -19.297302190731987 -19.297302190731987 -19.297302190731987 -19.297302190731987 -19.297302190731987 -19.297302190731987 -19.297302190731987 -19.297302190731987 -19.297302190731987 -19.297302190731987 -19.297302190731987 -19.297302190731987 -19.297302190731987 -19.297302190731987 -19.297302190731987 -19.297302190731987 -19.297302190731987 -19.297302190731987 -19.297302190731987 -19.297302190731987 -19.297302190731987 -19.297302190731987 -19.297302190731987 -19.297302190731987 -19.297302190731987 -19.297302190731987 -19.297302190731987
7.763819095477386 -19.295014837259775 -19.295014837259775 -19.295014837259775 -19.295014837259775 -19.295014837259775 -19.295014837259775 -19.295014837259775 -19.295014837259775 -19.295014837259775 -19.295014837259775 -19.295014837259775 -19.295014837259775 -19.295014837259775 -19.295014837259775 -19.295014837259775 -19.295014837259775 -19.295014837259775 -19.295014837259775 -19.295014837259775 -19.295014837259775 -19.295014837259775 -19.295014837259775 -19.295014837259775 -19.295014837259775 -19.295014837259775 -19.295014837259775 -19.295014837259775 -19.295014837259775 -19.295014837259775
7.839195979899497 -19.29272748378756 -19.29272748378756 -19.29272748378756 -19.29272748378756 -19.29272748378756 -19.29272748378756 -19.29272748378756 -19.29272748378756 -19.29272748378756 -19.29272748378756 -19.29272748378756 -19.29272748378756 -19.29272748378756 -19.29272748378756 -19.29272748378756 -19.29272748378756 -19.29272748378756 -19.29272748378756 -19.29272748378756 -19.29272748378756 -19.29272748378756 -19.29272748378756 -19.29272748378756 -19.29272748378756 -19.29272748378756 -19.29272748378756 -19.29272748378756 -19.29272748378756 -19.29272748378756
7.914572864321608 -19.290440130315343 -19.290440130315343 -19.290440130315343 -19.290440130315343 -19.290440130315343 -19.290440130315343 -19.290440130315343 -19.290440130315343 -19.290440130315343 -19.290440130315343 -19.290440130315343 -19.290440130315343 -19.290440130315343 -19.290440130315343 -19.290440130315343 -19.290440130315343 -19.290440130315343 -19.290440130315343 -19.290440130315343 -19.290440130315343 -19.290440130315343 -19.290440130315343 -19.290440130315343 -19.290440130315343 -19.290440130315343 -19.290440130315343 -19.290440130315343 -19.290440130315343 -19.290440130315343
7.989949748743718 -19.288152776843127 -19.288152776843127 -19.288152776843127 -19.288152776843127 -19.288152776843127 -19.288152776843127 -19.288152776843127 -19.288152776843127 -19.288152776843127 -19.288152776843127 -19.288152776843127 -19.288152776843127 -19.288152776843127 -19.288152776843127 -19.288152776843127 -19.288152776843127 -19.288152776843127 -19.288152776843127 -19.288152776843127 -19.288152776843127 -19.288152776843127 -19.288152776843127 -19.288152776843127 -19.288152776843127 -19.288152776843127 -19.288152776843127 -19.288152776843127 -19.288152776843127 -19.288152776843127
8.065326633165828 -19.28586542337091 -19.28586542337091 -19.28586542337091 -19.28586542337091 -19.28586542337091 -19.28586542337091 -19.28586542337091 -19.28586542337091 -19.28586542337091 -19.28586542337091 -19.28586542337091 -19.28586542337091 -19.28586542337091 -19.28586542337091 -19.28586542337091 -19.28586542337091 -19.28586542337091 -19.28586542337091 -19.28586542337091 -19.28586542337091 -19.28586542337091 -19.28586542337091 -19.28586542337091 -19.28586542337091 -19.28586542337091 -19.28586542337091 -19.28586542337091 -19.28586542337091 -19.28586542337091
