web/models/linear/83/-19_531_0_005.dat
# %ECSV 1.0
# ---
# datatype:
# - {name: time, datatype: float64}
# - {name: swift_uvot_uvw2, datatype: float64}
# - {name: swift_uvot_uvm2, datatype: float64}
# - {name: swift_uvot_uvw1, datatype: float64}
# - {name: swift_uvot_U, datatype: float64}
# - {name: swift_uvot_B, datatype: float64}
# - {name: swift_uvot_V, datatype: float64}
# - {name: swift_uvot_W, datatype: float64}
# - {name: johnson_U, datatype: float64}
# - {name: johnson_B, datatype: float64}
# - {name: johnson_V, datatype: float64}
# - {name: johnson_R, datatype: float64}
# - {name: johnson_I, datatype: float64}
# - {name: sdss_u, datatype: float64}
# - {name: sdss_g, datatype: float64}
# - {name: sdss_r, datatype: float64}
# - {name: sdss_i, datatype: float64}
# - {name: sdss_z, datatype: float64}
# - {name: PS1_g, datatype: float64}
# - {name: PS1_r, datatype: float64}
# - {name: PS1_i, datatype: float64}
# - {name: PS1_z, datatype: float64}
# - {name: PS1_Y, datatype: float64}
# - {name: PS1_w, datatype: float64}
# - {name: ATLAS_c, datatype: float64}
# - {name: ATLAS_o, datatype: float64}
# - {name: ukirt_J, datatype: float64}
# - {name: ukirt_H, datatype: float64}
# - {name: ukirt_K, datatype: float64}
# - {name: Clear, datatype: float64}
# meta: !!omap
# - comment: [M=-19.53061224489796, dM=0.0047171489618058615]
# schema: astropy-2.0
time swift_uvot_uvw2 swift_uvot_uvm2 swift_uvot_uvw1 swift_uvot_U swift_uvot_B swift_uvot_V swift_uvot_W johnson_U johnson_B johnson_V johnson_R johnson_I sdss_u sdss_g sdss_r sdss_i sdss_z PS1_g PS1_r PS1_i PS1_z PS1_Y PS1_w ATLAS_c ATLAS_o ukirt_J ukirt_H ukirt_K Clear
0.0 -19.53061224489796 -19.53061224489796 -19.53061224489796 -19.53061224489796 -19.53061224489796 -19.53061224489796 -19.53061224489796 -19.53061224489796 -19.53061224489796 -19.53061224489796 -19.53061224489796 -19.53061224489796 -19.53061224489796 -19.53061224489796 -19.53061224489796 -19.53061224489796 -19.53061224489796 -19.53061224489796 -19.53061224489796 -19.53061224489796 -19.53061224489796 -19.53061224489796 -19.53061224489796 -19.53061224489796 -19.53061224489796 -19.53061224489796 -19.53061224489796 -19.53061224489796 -19.53061224489796
0.07537688442211055 -19.530256680905865 -19.530256680905865 -19.530256680905865 -19.530256680905865 -19.530256680905865 -19.530256680905865 -19.530256680905865 -19.530256680905865 -19.530256680905865 -19.530256680905865 -19.530256680905865 -19.530256680905865 -19.530256680905865 -19.530256680905865 -19.530256680905865 -19.530256680905865 -19.530256680905865 -19.530256680905865 -19.530256680905865 -19.530256680905865 -19.530256680905865 -19.530256680905865 -19.530256680905865 -19.530256680905865 -19.530256680905865 -19.530256680905865 -19.530256680905865 -19.530256680905865 -19.530256680905865
0.1507537688442211 -19.529901116913766 -19.529901116913766 -19.529901116913766 -19.529901116913766 -19.529901116913766 -19.529901116913766 -19.529901116913766 -19.529901116913766 -19.529901116913766 -19.529901116913766 -19.529901116913766 -19.529901116913766 -19.529901116913766 -19.529901116913766 -19.529901116913766 -19.529901116913766 -19.529901116913766 -19.529901116913766 -19.529901116913766 -19.529901116913766 -19.529901116913766 -19.529901116913766 -19.529901116913766 -19.529901116913766 -19.529901116913766 -19.529901116913766 -19.529901116913766 -19.529901116913766 -19.529901116913766
0.22613065326633164 -19.52954555292167 -19.52954555292167 -19.52954555292167 -19.52954555292167 -19.52954555292167 -19.52954555292167 -19.52954555292167 -19.52954555292167 -19.52954555292167 -19.52954555292167 -19.52954555292167 -19.52954555292167 -19.52954555292167 -19.52954555292167 -19.52954555292167 -19.52954555292167 -19.52954555292167 -19.52954555292167 -19.52954555292167 -19.52954555292167 -19.52954555292167 -19.52954555292167 -19.52954555292167 -19.52954555292167 -19.52954555292167 -19.52954555292167 -19.52954555292167 -19.52954555292167 -19.52954555292167
0.3015075376884422 -19.529189988929577 -19.529189988929577 -19.529189988929577 -19.529189988929577 -19.529189988929577 -19.529189988929577 -19.529189988929577 -19.529189988929577 -19.529189988929577 -19.529189988929577 -19.529189988929577 -19.529189988929577 -19.529189988929577 -19.529189988929577 -19.529189988929577 -19.529189988929577 -19.529189988929577 -19.529189988929577 -19.529189988929577 -19.529189988929577 -19.529189988929577 -19.529189988929577 -19.529189988929577 -19.529189988929577 -19.529189988929577 -19.529189988929577 -19.529189988929577 -19.529189988929577 -19.529189988929577
0.37688442211055273 -19.52883442493748 -19.52883442493748 -19.52883442493748 -19.52883442493748 -19.52883442493748 -19.52883442493748 -19.52883442493748 -19.52883442493748 -19.52883442493748 -19.52883442493748 -19.52883442493748 -19.52883442493748 -19.52883442493748 -19.52883442493748 -19.52883442493748 -19.52883442493748 -19.52883442493748 -19.52883442493748 -19.52883442493748 -19.52883442493748 -19.52883442493748 -19.52883442493748 -19.52883442493748 -19.52883442493748 -19.52883442493748 -19.52883442493748 -19.52883442493748 -19.52883442493748 -19.52883442493748
0.4522613065326633 -19.528478860945384 -19.528478860945384 -19.528478860945384 -19.528478860945384 -19.528478860945384 -19.528478860945384 -19.528478860945384 -19.528478860945384 -19.528478860945384 -19.528478860945384 -19.528478860945384 -19.528478860945384 -19.528478860945384 -19.528478860945384 -19.528478860945384 -19.528478860945384 -19.528478860945384 -19.528478860945384 -19.528478860945384 -19.528478860945384 -19.528478860945384 -19.528478860945384 -19.528478860945384 -19.528478860945384 -19.528478860945384 -19.528478860945384 -19.528478860945384 -19.528478860945384 -19.528478860945384
0.5276381909547738 -19.52812329695329 -19.52812329695329 -19.52812329695329 -19.52812329695329 -19.52812329695329 -19.52812329695329 -19.52812329695329 -19.52812329695329 -19.52812329695329 -19.52812329695329 -19.52812329695329 -19.52812329695329 -19.52812329695329 -19.52812329695329 -19.52812329695329 -19.52812329695329 -19.52812329695329 -19.52812329695329 -19.52812329695329 -19.52812329695329 -19.52812329695329 -19.52812329695329 -19.52812329695329 -19.52812329695329 -19.52812329695329 -19.52812329695329 -19.52812329695329 -19.52812329695329 -19.52812329695329
0.6030150753768844 -19.52776773296119 -19.52776773296119 -19.52776773296119 -19.52776773296119 -19.52776773296119 -19.52776773296119 -19.52776773296119 -19.52776773296119 -19.52776773296119 -19.52776773296119 -19.52776773296119 -19.52776773296119 -19.52776773296119 -19.52776773296119 -19.52776773296119 -19.52776773296119 -19.52776773296119 -19.52776773296119 -19.52776773296119 -19.52776773296119 -19.52776773296119 -19.52776773296119 -19.52776773296119 -19.52776773296119 -19.52776773296119 -19.52776773296119 -19.52776773296119 -19.52776773296119 -19.52776773296119
0.6783919597989949 -19.527412168969096 -19.527412168969096 -19.527412168969096 -19.527412168969096 -19.527412168969096 -19.527412168969096 -19.527412168969096 -19.527412168969096 -19.527412168969096 -19.527412168969096 -19.527412168969096 -19.527412168969096 -19.527412168969096 -19.527412168969096 -19.527412168969096 -19.527412168969096 -19.527412168969096 -19.527412168969096 -19.527412168969096 -19.527412168969096 -19.527412168969096 -19.527412168969096 -19.527412168969096 -19.527412168969096 -19.527412168969096 -19.527412168969096 -19.527412168969096 -19.527412168969096 -19.527412168969096
0.7537688442211055 -19.527056604977002 -19.527056604977002 -19.527056604977002 -19.527056604977002 -19.527056604977002 -19.527056604977002 -19.527056604977002 -19.527056604977002 -19.527056604977002 -19.527056604977002 -19.527056604977002 -19.527056604977002 -19.527056604977002 -19.527056604977002 -19.527056604977002 -19.527056604977002 -19.527056604977002 -19.527056604977002 -19.527056604977002 -19.527056604977002 -19.527056604977002 -19.527056604977002 -19.527056604977002 -19.527056604977002 -19.527056604977002 -19.527056604977002 -19.527056604977002 -19.527056604977002 -19.527056604977002
0.829145728643216 -19.526701040984904 -19.526701040984904 -19.526701040984904 -19.526701040984904 -19.526701040984904 -19.526701040984904 -19.526701040984904 -19.526701040984904 -19.526701040984904 -19.526701040984904 -19.526701040984904 -19.526701040984904 -19.526701040984904 -19.526701040984904 -19.526701040984904 -19.526701040984904 -19.526701040984904 -19.526701040984904 -19.526701040984904 -19.526701040984904 -19.526701040984904 -19.526701040984904 -19.526701040984904 -19.526701040984904 -19.526701040984904 -19.526701040984904 -19.526701040984904 -19.526701040984904 -19.526701040984904
0.9045226130653266 -19.52634547699281 -19.52634547699281 -19.52634547699281 -19.52634547699281 -19.52634547699281 -19.52634547699281 -19.52634547699281 -19.52634547699281 -19.52634547699281 -19.52634547699281 -19.52634547699281 -19.52634547699281 -19.52634547699281 -19.52634547699281 -19.52634547699281 -19.52634547699281 -19.52634547699281 -19.52634547699281 -19.52634547699281 -19.52634547699281 -19.52634547699281 -19.52634547699281 -19.52634547699281 -19.52634547699281 -19.52634547699281 -19.52634547699281 -19.52634547699281 -19.52634547699281 -19.52634547699281
0.9798994974874371 -19.52598991300071 -19.52598991300071 -19.52598991300071 -19.52598991300071 -19.52598991300071 -19.52598991300071 -19.52598991300071 -19.52598991300071 -19.52598991300071 -19.52598991300071 -19.52598991300071 -19.52598991300071 -19.52598991300071 -19.52598991300071 -19.52598991300071 -19.52598991300071 -19.52598991300071 -19.52598991300071 -19.52598991300071 -19.52598991300071 -19.52598991300071 -19.52598991300071 -19.52598991300071 -19.52598991300071 -19.52598991300071 -19.52598991300071 -19.52598991300071 -19.52598991300071 -19.52598991300071
1.0552763819095476 -19.525634349008616 -19.525634349008616 -19.525634349008616 -19.525634349008616 -19.525634349008616 -19.525634349008616 -19.525634349008616 -19.525634349008616 -19.525634349008616 -19.525634349008616 -19.525634349008616 -19.525634349008616 -19.525634349008616 -19.525634349008616 -19.525634349008616 -19.525634349008616 -19.525634349008616 -19.525634349008616 -19.525634349008616 -19.525634349008616 -19.525634349008616 -19.525634349008616 -19.525634349008616 -19.525634349008616 -19.525634349008616 -19.525634349008616 -19.525634349008616 -19.525634349008616 -19.525634349008616
1.1306532663316582 -19.52527878501652 -19.52527878501652 -19.52527878501652 -19.52527878501652 -19.52527878501652 -19.52527878501652 -19.52527878501652 -19.52527878501652 -19.52527878501652 -19.52527878501652 -19.52527878501652 -19.52527878501652 -19.52527878501652 -19.52527878501652 -19.52527878501652 -19.52527878501652 -19.52527878501652 -19.52527878501652 -19.52527878501652 -19.52527878501652 -19.52527878501652 -19.52527878501652 -19.52527878501652 -19.52527878501652 -19.52527878501652 -19.52527878501652 -19.52527878501652 -19.52527878501652 -19.52527878501652
1.2060301507537687 -19.524923221024423 -19.524923221024423 -19.524923221024423 -19.524923221024423 -19.524923221024423 -19.524923221024423 -19.524923221024423 -19.524923221024423 -19.524923221024423 -19.524923221024423 -19.524923221024423 -19.524923221024423 -19.524923221024423 -19.524923221024423 -19.524923221024423 -19.524923221024423 -19.524923221024423 -19.524923221024423 -19.524923221024423 -19.524923221024423 -19.524923221024423 -19.524923221024423 -19.524923221024423 -19.524923221024423 -19.524923221024423 -19.524923221024423 -19.524923221024423 -19.524923221024423 -19.524923221024423
1.2814070351758793 -19.52456765703233 -19.52456765703233 -19.52456765703233 -19.52456765703233 -19.52456765703233 -19.52456765703233 -19.52456765703233 -19.52456765703233 -19.52456765703233 -19.52456765703233 -19.52456765703233 -19.52456765703233 -19.52456765703233 -19.52456765703233 -19.52456765703233 -19.52456765703233 -19.52456765703233 -19.52456765703233 -19.52456765703233 -19.52456765703233 -19.52456765703233 -19.52456765703233 -19.52456765703233 -19.52456765703233 -19.52456765703233 -19.52456765703233 -19.52456765703233 -19.52456765703233 -19.52456765703233
1.3567839195979898 -19.524212093040234 -19.524212093040234 -19.524212093040234 -19.524212093040234 -19.524212093040234 -19.524212093040234 -19.524212093040234 -19.524212093040234 -19.524212093040234 -19.524212093040234 -19.524212093040234 -19.524212093040234 -19.524212093040234 -19.524212093040234 -19.524212093040234 -19.524212093040234 -19.524212093040234 -19.524212093040234 -19.524212093040234 -19.524212093040234 -19.524212093040234 -19.524212093040234 -19.524212093040234 -19.524212093040234 -19.524212093040234 -19.524212093040234 -19.524212093040234 -19.524212093040234 -19.524212093040234
1.4321608040201004 -19.523856529048135 -19.523856529048135 -19.523856529048135 -19.523856529048135 -19.523856529048135 -19.523856529048135 -19.523856529048135 -19.523856529048135 -19.523856529048135 -19.523856529048135 -19.523856529048135 -19.523856529048135 -19.523856529048135 -19.523856529048135 -19.523856529048135 -19.523856529048135 -19.523856529048135 -19.523856529048135 -19.523856529048135 -19.523856529048135 -19.523856529048135 -19.523856529048135 -19.523856529048135 -19.523856529048135 -19.523856529048135 -19.523856529048135 -19.523856529048135 -19.523856529048135 -19.523856529048135
1.507537688442211 -19.52350096505604 -19.52350096505604 -19.52350096505604 -19.52350096505604 -19.52350096505604 -19.52350096505604 -19.52350096505604 -19.52350096505604 -19.52350096505604 -19.52350096505604 -19.52350096505604 -19.52350096505604 -19.52350096505604 -19.52350096505604 -19.52350096505604 -19.52350096505604 -19.52350096505604 -19.52350096505604 -19.52350096505604 -19.52350096505604 -19.52350096505604 -19.52350096505604 -19.52350096505604 -19.52350096505604 -19.52350096505604 -19.52350096505604 -19.52350096505604 -19.52350096505604 -19.52350096505604
1.5829145728643215 -19.523145401063946 -19.523145401063946 -19.523145401063946 -19.523145401063946 -19.523145401063946 -19.523145401063946 -19.523145401063946 -19.523145401063946 -19.523145401063946 -19.523145401063946 -19.523145401063946 -19.523145401063946 -19.523145401063946 -19.523145401063946 -19.523145401063946 -19.523145401063946 -19.523145401063946 -19.523145401063946 -19.523145401063946 -19.523145401063946 -19.523145401063946 -19.523145401063946 -19.523145401063946 -19.523145401063946 -19.523145401063946 -19.523145401063946 -19.523145401063946 -19.523145401063946 -19.523145401063946
1.658291457286432 -19.522789837071848 -19.522789837071848 -19.522789837071848 -19.522789837071848 -19.522789837071848 -19.522789837071848 -19.522789837071848 -19.522789837071848 -19.522789837071848 -19.522789837071848 -19.522789837071848 -19.522789837071848 -19.522789837071848 -19.522789837071848 -19.522789837071848 -19.522789837071848 -19.522789837071848 -19.522789837071848 -19.522789837071848 -19.522789837071848 -19.522789837071848 -19.522789837071848 -19.522789837071848 -19.522789837071848 -19.522789837071848 -19.522789837071848 -19.522789837071848 -19.522789837071848 -19.522789837071848
1.7336683417085426 -19.522434273079753 -19.522434273079753 -19.522434273079753 -19.522434273079753 -19.522434273079753 -19.522434273079753 -19.522434273079753 -19.522434273079753 -19.522434273079753 -19.522434273079753 -19.522434273079753 -19.522434273079753 -19.522434273079753 -19.522434273079753 -19.522434273079753 -19.522434273079753 -19.522434273079753 -19.522434273079753 -19.522434273079753 -19.522434273079753 -19.522434273079753 -19.522434273079753 -19.522434273079753 -19.522434273079753 -19.522434273079753 -19.522434273079753 -19.522434273079753 -19.522434273079753 -19.522434273079753
1.809045226130653 -19.52207870908766 -19.52207870908766 -19.52207870908766 -19.52207870908766 -19.52207870908766 -19.52207870908766 -19.52207870908766 -19.52207870908766 -19.52207870908766 -19.52207870908766 -19.52207870908766 -19.52207870908766 -19.52207870908766 -19.52207870908766 -19.52207870908766 -19.52207870908766 -19.52207870908766 -19.52207870908766 -19.52207870908766 -19.52207870908766 -19.52207870908766 -19.52207870908766 -19.52207870908766 -19.52207870908766 -19.52207870908766 -19.52207870908766 -19.52207870908766 -19.52207870908766 -19.52207870908766
1.8844221105527637 -19.52172314509556 -19.52172314509556 -19.52172314509556 -19.52172314509556 -19.52172314509556 -19.52172314509556 -19.52172314509556 -19.52172314509556 -19.52172314509556 -19.52172314509556 -19.52172314509556 -19.52172314509556 -19.52172314509556 -19.52172314509556 -19.52172314509556 -19.52172314509556 -19.52172314509556 -19.52172314509556 -19.52172314509556 -19.52172314509556 -19.52172314509556 -19.52172314509556 -19.52172314509556 -19.52172314509556 -19.52172314509556 -19.52172314509556 -19.52172314509556 -19.52172314509556 -19.52172314509556
1.9597989949748742 -19.521367581103465 -19.521367581103465 -19.521367581103465 -19.521367581103465 -19.521367581103465 -19.521367581103465 -19.521367581103465 -19.521367581103465 -19.521367581103465 -19.521367581103465 -19.521367581103465 -19.521367581103465 -19.521367581103465 -19.521367581103465 -19.521367581103465 -19.521367581103465 -19.521367581103465 -19.521367581103465 -19.521367581103465 -19.521367581103465 -19.521367581103465 -19.521367581103465 -19.521367581103465 -19.521367581103465 -19.521367581103465 -19.521367581103465 -19.521367581103465 -19.521367581103465 -19.521367581103465
