web/models/linear/83/-19_531_0_026.dat
# %ECSV 1.0
# ---
# datatype:
# - {name: time, datatype: float64}
# - {name: swift_uvot_uvw2, datatype: float64}
# - {name: swift_uvot_uvm2, datatype: float64}
# - {name: swift_uvot_uvw1, datatype: float64}
# - {name: swift_uvot_U, datatype: float64}
# - {name: swift_uvot_B, datatype: float64}
# - {name: swift_uvot_V, datatype: float64}
# - {name: swift_uvot_W, datatype: float64}
# - {name: johnson_U, datatype: float64}
# - {name: johnson_B, datatype: float64}
# - {name: johnson_V, datatype: float64}
# - {name: johnson_R, datatype: float64}
# - {name: johnson_I, datatype: float64}
# - {name: sdss_u, datatype: float64}
# - {name: sdss_g, datatype: float64}
# - {name: sdss_r, datatype: float64}
# - {name: sdss_i, datatype: float64}
# - {name: sdss_z, datatype: float64}
# - {name: PS1_g, datatype: float64}
# - {name: PS1_r, datatype: float64}
# - {name: PS1_i, datatype: float64}
# - {name: PS1_z, datatype: float64}
# - {name: PS1_Y, datatype: float64}
# - {name: PS1_w, datatype: float64}
# - {name: ATLAS_c, datatype: float64}
# - {name: ATLAS_o, datatype: float64}
# - {name: ukirt_J, datatype: float64}
# - {name: ukirt_H, datatype: float64}
# - {name: ukirt_K, datatype: float64}
# - {name: Clear, datatype: float64}
# meta: !!omap
# - comment: [M=-19.53061224489796, dM=0.025985264452188205]
# schema: astropy-2.0
time swift_uvot_uvw2 swift_uvot_uvm2 swift_uvot_uvw1 swift_uvot_U swift_uvot_B swift_uvot_V swift_uvot_W johnson_U johnson_B johnson_V johnson_R johnson_I sdss_u sdss_g sdss_r sdss_i sdss_z PS1_g PS1_r PS1_i PS1_z PS1_Y PS1_w ATLAS_c ATLAS_o ukirt_J ukirt_H ukirt_K Clear
[from data line 110]
8.29145728643216 -19.315156534615998 -19.315156534615998 -19.315156534615998 -19.315156534615998 -19.315156534615998 -19.315156534615998 -19.315156534615998 -19.315156534615998 -19.315156534615998 -19.315156534615998 -19.315156534615998 -19.315156534615998 -19.315156534615998 -19.315156534615998 -19.315156534615998 -19.315156534615998 -19.315156534615998 -19.315156534615998 -19.315156534615998 -19.315156534615998 -19.315156534615998 -19.315156534615998 -19.315156534615998 -19.315156534615998 -19.315156534615998 -19.315156534615998 -19.315156534615998 -19.315156534615998 -19.315156534615998
8.36683417085427 -19.313197846340707 -19.313197846340707 -19.313197846340707 -19.313197846340707 -19.313197846340707 -19.313197846340707 -19.313197846340707 -19.313197846340707 -19.313197846340707 -19.313197846340707 -19.313197846340707 -19.313197846340707 -19.313197846340707 -19.313197846340707 -19.313197846340707 -19.313197846340707 -19.313197846340707 -19.313197846340707 -19.313197846340707 -19.313197846340707 -19.313197846340707 -19.313197846340707 -19.313197846340707 -19.313197846340707 -19.313197846340707 -19.313197846340707 -19.313197846340707 -19.313197846340707 -19.313197846340707
8.442211055276381 -19.311239158065415 -19.311239158065415 -19.311239158065415 -19.311239158065415 -19.311239158065415 -19.311239158065415 -19.311239158065415 -19.311239158065415 -19.311239158065415 -19.311239158065415 -19.311239158065415 -19.311239158065415 -19.311239158065415 -19.311239158065415 -19.311239158065415 -19.311239158065415 -19.311239158065415 -19.311239158065415 -19.311239158065415 -19.311239158065415 -19.311239158065415 -19.311239158065415 -19.311239158065415 -19.311239158065415 -19.311239158065415 -19.311239158065415 -19.311239158065415 -19.311239158065415 -19.311239158065415
8.517587939698492 -19.309280469790124 -19.309280469790124 -19.309280469790124 -19.309280469790124 -19.309280469790124 -19.309280469790124 -19.309280469790124 -19.309280469790124 -19.309280469790124 -19.309280469790124 -19.309280469790124 -19.309280469790124 -19.309280469790124 -19.309280469790124 -19.309280469790124 -19.309280469790124 -19.309280469790124 -19.309280469790124 -19.309280469790124 -19.309280469790124 -19.309280469790124 -19.309280469790124 -19.309280469790124 -19.309280469790124 -19.309280469790124 -19.309280469790124 -19.309280469790124 -19.309280469790124 -19.309280469790124
8.592964824120603 -19.307321781514833 -19.307321781514833 -19.307321781514833 -19.307321781514833 -19.307321781514833 -19.307321781514833 -19.307321781514833 -19.307321781514833 -19.307321781514833 -19.307321781514833 -19.307321781514833 -19.307321781514833 -19.307321781514833 -19.307321781514833 -19.307321781514833 -19.307321781514833 -19.307321781514833 -19.307321781514833 -19.307321781514833 -19.307321781514833 -19.307321781514833 -19.307321781514833 -19.307321781514833 -19.307321781514833 -19.307321781514833 -19.307321781514833 -19.307321781514833 -19.307321781514833 -19.307321781514833
8.668341708542712 -19.305363093239546 -19.305363093239546 -19.305363093239546 -19.305363093239546 -19.305363093239546 -19.305363093239546 -19.305363093239546 -19.305363093239546 -19.305363093239546 -19.305363093239546 -19.305363093239546 -19.305363093239546 -19.305363093239546 -19.305363093239546 -19.305363093239546 -19.305363093239546 -19.305363093239546 -19.305363093239546 -19.305363093239546 -19.305363093239546 -19.305363093239546 -19.305363093239546 -19.305363093239546 -19.305363093239546 -19.305363093239546 -19.305363093239546 -19.305363093239546 -19.305363093239546 -19.305363093239546
8.743718592964823 -19.303404404964255 -19.303404404964255 -19.303404404964255 -19.303404404964255 -19.303404404964255 -19.303404404964255 -19.303404404964255 -19.303404404964255 -19.303404404964255 -19.303404404964255 -19.303404404964255 -19.303404404964255 -19.303404404964255 -19.303404404964255 -19.303404404964255 -19.303404404964255 -19.303404404964255 -19.303404404964255 -19.303404404964255 -19.303404404964255 -19.303404404964255 -19.303404404964255 -19.303404404964255 -19.303404404964255 -19.303404404964255 -19.303404404964255 -19.303404404964255 -19.303404404964255 -19.303404404964255
8.819095477386934 -19.301445716688963 -19.301445716688963 -19.301445716688963 -19.301445716688963 -19.301445716688963 -19.301445716688963 -19.301445716688963 -19.301445716688963 -19.301445716688963 -19.301445716688963 -19.301445716688963 -19.301445716688963 -19.301445716688963 -19.301445716688963 -19.301445716688963 -19.301445716688963 -19.301445716688963 -19.301445716688963 -19.301445716688963 -19.301445716688963 -19.301445716688963 -19.301445716688963 -19.301445716688963 -19.301445716688963 -19.301445716688963 -19.301445716688963 -19.301445716688963 -19.301445716688963 -19.301445716688963
8.894472361809044 -19.299487028413672 -19.299487028413672 -19.299487028413672 -19.299487028413672 -19.299487028413672 -19.299487028413672 -19.299487028413672 -19.299487028413672 -19.299487028413672 -19.299487028413672 -19.299487028413672 -19.299487028413672 -19.299487028413672 -19.299487028413672 -19.299487028413672 -19.299487028413672 -19.299487028413672 -19.299487028413672 -19.299487028413672 -19.299487028413672 -19.299487028413672 -19.299487028413672 -19.299487028413672 -19.299487028413672 -19.299487028413672 -19.299487028413672 -19.299487028413672 -19.299487028413672 -19.299487028413672
8.969849246231155 -19.29752834013838 -19.29752834013838 -19.29752834013838 -19.29752834013838 -19.29752834013838 -19.29752834013838 -19.29752834013838 -19.29752834013838 -19.29752834013838 -19.29752834013838 -19.29752834013838 -19.29752834013838 -19.29752834013838 -19.29752834013838 -19.29752834013838 -19.29752834013838 -19.29752834013838 -19.29752834013838 -19.29752834013838 -19.29752834013838 -19.29752834013838 -19.29752834013838 -19.29752834013838 -19.29752834013838 -19.29752834013838 -19.29752834013838 -19.29752834013838 -19.29752834013838 -19.29752834013838
9.045226130653266 -19.29556965186309 -19.29556965186309 -19.29556965186309 -19.29556965186309 -19.29556965186309 -19.29556965186309 -19.29556965186309 -19.29556965186309 -19.29556965186309 -19.29556965186309 -19.29556965186309 -19.29556965186309 -19.29556965186309 -19.29556965186309 -19.29556965186309 -19.29556965186309 -19.29556965186309 -19.29556965186309 -19.29556965186309 -19.29556965186309 -19.29556965186309 -19.29556965186309 -19.29556965186309 -19.29556965186309 -19.29556965186309 -19.29556965186309 -19.29556965186309 -19.29556965186309 -19.29556965186309
9.120603015075377 -19.2936109635878 -19.2936109635878 -19.2936109635878 -19.2936109635878 -19.2936109635878 -19.2936109635878 -19.2936109635878 -19.2936109635878 -19.2936109635878 -19.2936109635878 -19.2936109635878 -19.2936109635878 -19.2936109635878 -19.2936109635878 -19.2936109635878 -19.2936109635878 -19.2936109635878 -19.2936109635878 -19.2936109635878 -19.2936109635878 -19.2936109635878 -19.2936109635878 -19.2936109635878 -19.2936109635878 -19.2936109635878 -19.2936109635878 -19.2936109635878 -19.2936109635878 -19.2936109635878
9.195979899497488 -19.29165227531251 -19.29165227531251 -19.29165227531251 -19.29165227531251 -19.29165227531251 -19.29165227531251 -19.29165227531251 -19.29165227531251 -19.29165227531251 -19.29165227531251 -19.29165227531251 -19.29165227531251 -19.29165227531251 -19.29165227531251 -19.29165227531251 -19.29165227531251 -19.29165227531251 -19.29165227531251 -19.29165227531251 -19.29165227531251 -19.29165227531251 -19.29165227531251 -19.29165227531251 -19.29165227531251 -19.29165227531251 -19.29165227531251 -19.29165227531251 -19.29165227531251 -19.29165227531251
9.271356783919597 -19.28969358703722 -19.28969358703722 -19.28969358703722 -19.28969358703722 -19.28969358703722 -19.28969358703722 -19.28969358703722 -19.28969358703722 -19.28969358703722 -19.28969358703722 -19.28969358703722 -19.28969358703722 -19.28969358703722 -19.28969358703722 -19.28969358703722 -19.28969358703722 -19.28969358703722 -19.28969358703722 -19.28969358703722 -19.28969358703722 -19.28969358703722 -19.28969358703722 -19.28969358703722 -19.28969358703722 -19.28969358703722 -19.28969358703722 -19.28969358703722 -19.28969358703722 -19.28969358703722
9.346733668341708 -19.28773489876193 -19.28773489876193 -19.28773489876193 -19.28773489876193 -19.28773489876193 -19.28773489876193 -19.28773489876193 -19.28773489876193 -19.28773489876193 -19.28773489876193 -19.28773489876193 -19.28773489876193 -19.28773489876193 -19.28773489876193 -19.28773489876193 -19.28773489876193 -19.28773489876193 -19.28773489876193 -19.28773489876193 -19.28773489876193 -19.28773489876193 -19.28773489876193 -19.28773489876193 -19.28773489876193 -19.28773489876193 -19.28773489876193 -19.28773489876193 -19.28773489876193 -19.28773489876193
9.422110552763819 -19.285776210486638 -19.285776210486638 -19.285776210486638 -19.285776210486638 -19.285776210486638 -19.285776210486638 -19.285776210486638 -19.285776210486638 -19.285776210486638 -19.285776210486638 -19.285776210486638 -19.285776210486638 -19.285776210486638 -19.285776210486638 -19.285776210486638 -19.285776210486638 -19.285776210486638 -19.285776210486638 -19.285776210486638 -19.285776210486638 -19.285776210486638 -19.285776210486638 -19.285776210486638 -19.285776210486638 -19.285776210486638 -19.285776210486638 -19.285776210486638 -19.285776210486638 -19.285776210486638
9.497487437185928 -19.283817522211347 -19.283817522211347 -19.283817522211347 -19.283817522211347 -19.283817522211347 -19.283817522211347 -19.283817522211347 -19.283817522211347 -19.283817522211347 -19.283817522211347 -19.283817522211347 -19.283817522211347 -19.283817522211347 -19.283817522211347 -19.283817522211347 -19.283817522211347 -19.283817522211347 -19.283817522211347 -19.283817522211347 -19.283817522211347 -19.283817522211347 -19.283817522211347 -19.283817522211347 -19.283817522211347 -19.283817522211347 -19.283817522211347 -19.283817522211347 -19.283817522211347 -19.283817522211347
9.572864321608039 -19.281858833936056 -19.281858833936056 -19.281858833936056 -19.281858833936056 -19.281858833936056 -19.281858833936056 -19.281858833936056 -19.281858833936056 -19.281858833936056 -19.281858833936056 -19.281858833936056 -19.281858833936056 -19.281858833936056 -19.281858833936056 -19.281858833936056 -19.281858833936056 -19.281858833936056 -19.281858833936056 -19.281858833936056 -19.281858833936056 -19.281858833936056 -19.281858833936056 -19.281858833936056 -19.281858833936056 -19.281858833936056 -19.281858833936056 -19.281858833936056 -19.281858833936056 -19.281858833936056
9.64824120603015 -19.27990014566077 -19.27990014566077 -19.27990014566077 -19.27990014566077 -19.27990014566077 -19.27990014566077 -19.27990014566077 -19.27990014566077 -19.27990014566077 -19.27990014566077 -19.27990014566077 -19.27990014566077 -19.27990014566077 -19.27990014566077 -19.27990014566077 -19.27990014566077 -19.27990014566077 -19.27990014566077 -19.27990014566077 -19.27990014566077 -19.27990014566077 -19.27990014566077 -19.27990014566077 -19.27990014566077 -19.27990014566077 -19.27990014566077 -19.27990014566077 -19.27990014566077 -19.27990014566077
9.72361809045226 -19.277941457385477 -19.277941457385477 -19.277941457385477 -19.277941457385477 -19.277941457385477 -19.277941457385477 -19.277941457385477 -19.277941457385477 -19.277941457385477 -19.277941457385477 -19.277941457385477 -19.277941457385477 -19.277941457385477 -19.277941457385477 -19.277941457385477 -19.277941457385477 -19.277941457385477 -19.277941457385477 -19.277941457385477 -19.277941457385477 -19.277941457385477 -19.277941457385477 -19.277941457385477 -19.277941457385477 -19.277941457385477 -19.277941457385477 -19.277941457385477 -19.277941457385477 -19.277941457385477
9.798994974874372 -19.275982769110186 -19.275982769110186 -19.275982769110186 -19.275982769110186 -19.275982769110186 -19.275982769110186 -19.275982769110186 -19.275982769110186 -19.275982769110186 -19.275982769110186 -19.275982769110186 -19.275982769110186 -19.275982769110186 -19.275982769110186 -19.275982769110186 -19.275982769110186 -19.275982769110186 -19.275982769110186 -19.275982769110186 -19.275982769110186 -19.275982769110186 -19.275982769110186 -19.275982769110186 -19.275982769110186 -19.275982769110186 -19.275982769110186 -19.275982769110186 -19.275982769110186 -19.275982769110186
9.874371859296481 -19.274024080834895 -19.274024080834895 -19.274024080834895 -19.274024080834895 -19.274024080834895 -19.274024080834895 -19.274024080834895 -19.274024080834895 -19.274024080834895 -19.274024080834895 -19.274024080834895 -19.274024080834895 -19.274024080834895 -19.274024080834895 -19.274024080834895 -19.274024080834895 -19.274024080834895 -19.274024080834895 -19.274024080834895 -19.274024080834895 -19.274024080834895 -19.274024080834895 -19.274024080834895 -19.274024080834895 -19.274024080834895 -19.274024080834895 -19.274024080834895 -19.274024080834895 -19.274024080834895
9.949748743718592 -19.272065392559604 -19.272065392559604 -19.272065392559604 -19.272065392559604 -19.272065392559604 -19.272065392559604 -19.272065392559604 -19.272065392559604 -19.272065392559604 -19.272065392559604 -19.272065392559604 -19.272065392559604 -19.272065392559604 -19.272065392559604 -19.272065392559604 -19.272065392559604 -19.272065392559604 -19.272065392559604 -19.272065392559604 -19.272065392559604 -19.272065392559604 -19.272065392559604 -19.272065392559604 -19.272065392559604 -19.272065392559604 -19.272065392559604 -19.272065392559604 -19.272065392559604 -19.272065392559604
10.025125628140703 -19.270106704284313 -19.270106704284313 -19.270106704284313 -19.270106704284313 -19.270106704284313 -19.270106704284313 -19.270106704284313 -19.270106704284313 -19.270106704284313 -19.270106704284313 -19.270106704284313 -19.270106704284313 -19.270106704284313 -19.270106704284313 -19.270106704284313 -19.270106704284313 -19.270106704284313 -19.270106704284313 -19.270106704284313 -19.270106704284313 -19.270106704284313 -19.270106704284313 -19.270106704284313 -19.270106704284313 -19.270106704284313 -19.270106704284313 -19.270106704284313 -19.270106704284313 -19.270106704284313
10.100502512562812 -19.26814801600902 -19.26814801600902 -19.26814801600902 -19.26814801600902 -19.26814801600902 -19.26814801600902 -19.26814801600902 -19.26814801600902 -19.26814801600902 -19.26814801600902 -19.26814801600902 -19.26814801600902 -19.26814801600902 -19.26814801600902 -19.26814801600902 -19.26814801600902 -19.26814801600902 -19.26814801600902 -19.26814801600902 -19.26814801600902 -19.26814801600902 -19.26814801600902 -19.26814801600902 -19.26814801600902 -19.26814801600902 -19.26814801600902 -19.26814801600902 -19.26814801600902 -19.26814801600902
10.175879396984923 -19.266189327733734 -19.266189327733734 -19.266189327733734 -19.266189327733734 -19.266189327733734 -19.266189327733734 -19.266189327733734 -19.266189327733734 -19.266189327733734 -19.266189327733734 -19.266189327733734 -19.266189327733734 -19.266189327733734 -19.266189327733734 -19.266189327733734 -19.266189327733734 -19.266189327733734 -19.266189327733734 -19.266189327733734 -19.266189327733734 -19.266189327733734 -19.266189327733734 -19.266189327733734 -19.266189327733734 -19.266189327733734 -19.266189327733734 -19.266189327733734 -19.266189327733734 -19.266189327733734
