web/models/linear/83/-19_531_0_019.dat
# %ECSV 1.0
# ---
# datatype:
# - {name: time, datatype: float64}
# - {name: sdss_u, datatype: float64}
# - {name: sdss_g, datatype: float64}
# - {name: sdss_r, datatype: float64}
# - {name: sdss_i, datatype: float64}
# - {name: sdss_z, datatype: float64}
# - {name: Clear, datatype: float64}
# - {name: johnson_B, datatype: float64}
# - {name: johnson_V, datatype: float64}
# - {name: johnson_R, datatype: float64}
# - {name: johnson_I, datatype: float64}
# - {name: ukirt_J, datatype: float64}
# - {name: ukirt_H, datatype: float64}
# - {name: ukirt_K, datatype: float64}
# meta: !!omap
# - comment: [M=-19.53061224489796, dM=0.01905422208552365]
# schema: astropy-2.0
time sdss_u sdss_g sdss_r sdss_i sdss_z Clear johnson_B johnson_V johnson_R johnson_I ukirt_J ukirt_H ukirt_K
0.0 -19.53061224489796 -19.53061224489796 -19.53061224489796 -19.53061224489796 -19.53061224489796 -19.53061224489796 -19.53061224489796 -19.53061224489796 -19.53061224489796 -19.53061224489796 -19.53061224489796 -19.53061224489796 -19.53061224489796
0.07537688442211055 -19.529175997002067 -19.529175997002067 -19.529175997002067 -19.529175997002067 -19.529175997002067 -19.529175997002067 -19.529175997002067 -19.529175997002067 -19.529175997002067 -19.529175997002067 -19.529175997002067 -19.529175997002067 -19.529175997002067
0.1507537688442211 -19.52773974910617 -19.52773974910617 -19.52773974910617 -19.52773974910617 -19.52773974910617 -19.52773974910617 -19.52773974910617 -19.52773974910617 -19.52773974910617 -19.52773974910617 -19.52773974910617 -19.52773974910617 -19.52773974910617
0.22613065326633164 -19.52630350121028 -19.52630350121028 -19.52630350121028 -19.52630350121028 -19.52630350121028 -19.52630350121028 -19.52630350121028 -19.52630350121028 -19.52630350121028 -19.52630350121028 -19.52630350121028 -19.52630350121028 -19.52630350121028
0.3015075376884422 -19.524867253314383 -19.524867253314383 -19.524867253314383 -19.524867253314383 -19.524867253314383 -19.524867253314383 -19.524867253314383 -19.524867253314383 -19.524867253314383 -19.524867253314383 -19.524867253314383 -19.524867253314383 -19.524867253314383
0.37688442211055273 -19.52343100541849 -19.52343100541849 -19.52343100541849 -19.52343100541849 -19.52343100541849 -19.52343100541849 -19.52343100541849 -19.52343100541849 -19.52343100541849 -19.52343100541849 -19.52343100541849 -19.52343100541849 -19.52343100541849
0.4522613065326633 -19.521994757522595 -19.521994757522595 -19.521994757522595 -19.521994757522595 -19.521994757522595 -19.521994757522595 -19.521994757522595 -19.521994757522595 -19.521994757522595 -19.521994757522595 -19.521994757522595 -19.521994757522595 -19.521994757522595
0.5276381909547738 -19.520558509626703 -19.520558509626703 -19.520558509626703 -19.520558509626703 -19.520558509626703 -19.520558509626703 -19.520558509626703 -19.520558509626703 -19.520558509626703 -19.520558509626703 -19.520558509626703 -19.520558509626703 -19.520558509626703
0.6030150753768844 -19.51912226173081 -19.51912226173081 -19.51912226173081 -19.51912226173081 -19.51912226173081 -19.51912226173081 -19.51912226173081 -19.51912226173081 -19.51912226173081 -19.51912226173081 -19.51912226173081 -19.51912226173081 -19.51912226173081
0.6783919597989949 -19.517686013834915 -19.517686013834915 -19.517686013834915 -19.517686013834915 -19.517686013834915 -19.517686013834915 -19.517686013834915 -19.517686013834915 -19.517686013834915 -19.517686013834915 -19.517686013834915 -19.517686013834915 -19.517686013834915
0.7537688442211055 -19.516249765939023 -19.516249765939023 -19.516249765939023 -19.516249765939023 -19.516249765939023 -19.516249765939023 -19.516249765939023 -19.516249765939023 -19.516249765939023 -19.516249765939023 -19.516249765939023 -19.516249765939023 -19.516249765939023
0.829145728643216 -19.514813518043127 -19.514813518043127 -19.514813518043127 -19.514813518043127 -19.514813518043127 -19.514813518043127 -19.514813518043127 -19.514813518043127 -19.514813518043127 -19.514813518043127 -19.514813518043127 -19.514813518043127 -19.514813518043127
0.9045226130653266 -19.513377270147235 -19.513377270147235 -19.513377270147235 -19.513377270147235 -19.513377270147235 -19.513377270147235 -19.513377270147235 -19.513377270147235 -19.513377270147235 -19.513377270147235 -19.513377270147235 -19.513377270147235 -19.513377270147235
0.9798994974874371 -19.511941022251342 -19.511941022251342 -19.511941022251342 -19.511941022251342 -19.511941022251342 -19.511941022251342 -19.511941022251342 -19.511941022251342 -19.511941022251342 -19.511941022251342 -19.511941022251342 -19.511941022251342 -19.511941022251342
1.0552763819095476 -19.510504774355447 -19.510504774355447 -19.510504774355447 -19.510504774355447 -19.510504774355447 -19.510504774355447 -19.510504774355447 -19.510504774355447 -19.510504774355447 -19.510504774355447 -19.510504774355447 -19.510504774355447 -19.510504774355447
1.1306532663316582 -19.509068526459554 -19.509068526459554 -19.509068526459554 -19.509068526459554 -19.509068526459554 -19.509068526459554 -19.509068526459554 -19.509068526459554 -19.509068526459554 -19.509068526459554 -19.509068526459554 -19.509068526459554 -19.509068526459554
1.2060301507537687 -19.50763227856366 -19.50763227856366 -19.50763227856366 -19.50763227856366 -19.50763227856366 -19.50763227856366 -19.50763227856366 -19.50763227856366 -19.50763227856366 -19.50763227856366 -19.50763227856366 -19.50763227856366 -19.50763227856366
1.2814070351758793 -19.506196030667766 -19.506196030667766 -19.506196030667766 -19.506196030667766 -19.506196030667766 -19.506196030667766 -19.506196030667766 -19.506196030667766 -19.506196030667766 -19.506196030667766 -19.506196030667766 -19.506196030667766 -19.506196030667766
1.3567839195979898 -19.50475978277187 -19.50475978277187 -19.50475978277187 -19.50475978277187 -19.50475978277187 -19.50475978277187 -19.50475978277187 -19.50475978277187 -19.50475978277187 -19.50475978277187 -19.50475978277187 -19.50475978277187 -19.50475978277187
1.4321608040201004 -19.503323534875978 -19.503323534875978 -19.503323534875978 -19.503323534875978 -19.503323534875978 -19.503323534875978 -19.503323534875978 -19.503323534875978 -19.503323534875978 -19.503323534875978 -19.503323534875978 -19.503323534875978 -19.503323534875978
1.507537688442211 -19.501887286980086 -19.501887286980086 -19.501887286980086 -19.501887286980086 -19.501887286980086 -19.501887286980086 -19.501887286980086 -19.501887286980086 -19.501887286980086 -19.501887286980086 -19.501887286980086 -19.501887286980086 -19.501887286980086
1.5829145728643215 -19.50045103908419 -19.50045103908419 -19.50045103908419 -19.50045103908419 -19.50045103908419 -19.50045103908419 -19.50045103908419 -19.50045103908419 -19.50045103908419 -19.50045103908419 -19.50045103908419 -19.50045103908419 -19.50045103908419
1.658291457286432 -19.499014791188298 -19.499014791188298 -19.499014791188298 -19.499014791188298 -19.499014791188298 -19.499014791188298 -19.499014791188298 -19.499014791188298 -19.499014791188298 -19.499014791188298 -19.499014791188298 -19.499014791188298 -19.499014791188298
1.7336683417085426 -19.497578543292402 -19.497578543292402 -19.497578543292402 -19.497578543292402 -19.497578543292402 -19.497578543292402 -19.497578543292402 -19.497578543292402 -19.497578543292402 -19.497578543292402 -19.497578543292402 -19.497578543292402 -19.497578543292402
1.809045226130653 -19.49614229539651 -19.49614229539651 -19.49614229539651 -19.49614229539651 -19.49614229539651 -19.49614229539651 -19.49614229539651 -19.49614229539651 -19.49614229539651 -19.49614229539651 -19.49614229539651 -19.49614229539651 -19.49614229539651
1.8844221105527637 -19.494706047500618 -19.494706047500618 -19.494706047500618 -19.494706047500618 -19.494706047500618 -19.494706047500618 -19.494706047500618 -19.494706047500618 -19.494706047500618 -19.494706047500618 -19.494706047500618 -19.494706047500618 -19.494706047500618
1.9597989949748742 -19.49326979960472 -19.49326979960472 -19.49326979960472 -19.49326979960472 -19.49326979960472 -19.49326979960472 -19.49326979960472 -19.49326979960472 -19.49326979960472 -19.49326979960472 -19.49326979960472 -19.49326979960472 -19.49326979960472
2.0351758793969847 -19.49183355170883 -19.49183355170883 -19.49183355170883 -19.49183355170883 -19.49183355170883 -19.49183355170883 -19.49183355170883 -19.49183355170883 -19.49183355170883 -19.49183355170883 -19.49183355170883 -19.49183355170883 -19.49183355170883
2.1105527638190953 -19.490397303812934 -19.490397303812934 -19.490397303812934 -19.490397303812934 -19.490397303812934 -19.490397303812934 -19.490397303812934 -19.490397303812934 -19.490397303812934 -19.490397303812934 -19.490397303812934 -19.490397303812934 -19.490397303812934
2.185929648241206 -19.48896105591704 -19.48896105591704 -19.48896105591704 -19.48896105591704 -19.48896105591704 -19.48896105591704 -19.48896105591704 -19.48896105591704 -19.48896105591704 -19.48896105591704 -19.48896105591704 -19.48896105591704 -19.48896105591704
2.2613065326633164 -19.487524808021146 -19.487524808021146 -19.487524808021146 -19.487524808021146 -19.487524808021146 -19.487524808021146 -19.487524808021146 -19.487524808021146 -19.487524808021146 -19.487524808021146 -19.487524808021146 -19.487524808021146 -19.487524808021146
2.336683417085427 -19.486088560125253 -19.486088560125253 -19.486088560125253 -19.486088560125253 -19.486088560125253 -19.486088560125253 -19.486088560125253 -19.486088560125253 -19.486088560125253 -19.486088560125253 -19.486088560125253 -19.486088560125253 -19.486088560125253
2.4120603015075375 -19.48465231222936 -19.48465231222936 -19.48465231222936 -19.48465231222936 -19.48465231222936 -19.48465231222936 -19.48465231222936 -19.48465231222936 -19.48465231222936 -19.48465231222936 -19.48465231222936 -19.48465231222936 -19.48465231222936
2.487437185929648 -19.483216064333465 -19.483216064333465 -19.483216064333465 -19.483216064333465 -19.483216064333465 -19.483216064333465 -19.483216064333465 -19.483216064333465 -19.483216064333465 -19.483216064333465 -19.483216064333465 -19.483216064333465 -19.483216064333465
2.5628140703517586 -19.481779816437573 -19.481779816437573 -19.481779816437573 -19.481779816437573 -19.481779816437573 -19.481779816437573 -19.481779816437573 -19.481779816437573 -19.481779816437573 -19.481779816437573 -19.481779816437573 -19.481779816437573 -19.481779816437573
2.638190954773869 -19.480343568541677 -19.480343568541677 -19.480343568541677 -19.480343568541677 -19.480343568541677 -19.480343568541677 -19.480343568541677 -19.480343568541677 -19.480343568541677 -19.480343568541677 -19.480343568541677 -19.480343568541677 -19.480343568541677
2.7135678391959797 -19.478907320645785 -19.478907320645785 -19.478907320645785 -19.478907320645785 -19.478907320645785 -19.478907320645785 -19.478907320645785 -19.478907320645785 -19.478907320645785 -19.478907320645785 -19.478907320645785 -19.478907320645785 -19.478907320645785
2.78894472361809 -19.47747107274989 -19.47747107274989 -19.47747107274989 -19.47747107274989 -19.47747107274989 -19.47747107274989 -19.47747107274989 -19.47747107274989 -19.47747107274989 -19.47747107274989 -19.47747107274989 -19.47747107274989 -19.47747107274989
2.8643216080402008 -19.476034824853997 -19.476034824853997 -19.476034824853997 -19.476034824853997 -19.476034824853997 -19.476034824853997 -19.476034824853997 -19.476034824853997 -19.476034824853997 -19.476034824853997 -19.476034824853997 -19.476034824853997 -19.476034824853997
2.9396984924623113 -19.474598576958105 -19.474598576958105 -19.474598576958105 -19.474598576958105 -19.474598576958105 -19.474598576958105 -19.474598576958105 -19.474598576958105 -19.474598576958105 -19.474598576958105 -19.474598576958105 -19.474598576958105 -19.474598576958105
3.015075376884422 -19.47316232906221 -19.47316232906221 -19.47316232906221 -19.47316232906221 -19.47316232906221 -19.47316232906221 -19.47316232906221 -19.47316232906221 -19.47316232906221 -19.47316232906221 -19.47316232906221 -19.47316232906221 -19.47316232906221
3.0904522613065324 -19.471726081166317 -19.471726081166317 -19.471726081166317 -19.471726081166317 -19.471726081166317 -19.471726081166317 -19.471726081166317 -19.471726081166317 -19.471726081166317 -19.471726081166317 -19.471726081166317 -19.471726081166317 -19.471726081166317
3.165829145728643 -19.47028983327042 -19.47028983327042 -19.47028983327042 -19.47028983327042 -19.47028983327042 -19.47028983327042 -19.47028983327042 -19.47028983327042 -19.47028983327042 -19.47028983327042 -19.47028983327042 -19.47028983327042 -19.47028983327042
3.2412060301507535 -19.46885358537453 -19.46885358537453 -19.46885358537453 -19.46885358537453 -19.46885358537453 -19.46885358537453 -19.46885358537453 -19.46885358537453 -19.46885358537453 -19.46885358537453 -19.46885358537453 -19.46885358537453 -19.46885358537453
3.316582914572864 -19.467417337478636 -19.467417337478636 -19.467417337478636 -19.467417337478636 -19.467417337478636 -19.467417337478636 -19.467417337478636 -19.467417337478636 -19.467417337478636 -19.467417337478636 -19.467417337478636 -19.467417337478636 -19.467417337478636
3.3919597989949746 -19.46598108958274 -19.46598108958274 -19.46598108958274 -19.46598108958274 -19.46598108958274 -19.46598108958274 -19.46598108958274 -19.46598108958274 -19.46598108958274 -19.46598108958274 -19.46598108958274 -19.46598108958274 -19.46598108958274
3.467336683417085 -19.46454484168685 -19.46454484168685 -19.46454484168685 -19.46454484168685 -19.46454484168685 -19.46454484168685 -19.46454484168685 -19.46454484168685 -19.46454484168685 -19.46454484168685 -19.46454484168685 -19.46454484168685 -19.46454484168685
3.5427135678391957 -19.463108593790952 -19.463108593790952 -19.463108593790952 -19.463108593790952 -19.463108593790952 -19.463108593790952 -19.463108593790952 -19.463108593790952 -19.463108593790952 -19.463108593790952 -19.463108593790952 -19.463108593790952 -19.463108593790952
3.618090452261306 -19.46167234589506 -19.46167234589506 -19.46167234589506 -19.46167234589506 -19.46167234589506 -19.46167234589506 -19.46167234589506 -19.46167234589506 -19.46167234589506 -19.46167234589506 -19.46167234589506 -19.46167234589506 -19.46167234589506
3.6934673366834168 -19.460236097999164 -19.460236097999164 -19.460236097999164 -19.460236097999164 -19.460236097999164 -19.460236097999164 -19.460236097999164 -19.460236097999164 -19.460236097999164 -19.460236097999164 -19.460236097999164 -19.460236097999164 -19.460236097999164
3.7688442211055273 -19.458799850103272 -19.458799850103272 -19.458799850103272 -19.458799850103272 -19.458799850103272 -19.458799850103272 -19.458799850103272 -19.458799850103272 -19.458799850103272 -19.458799850103272 -19.458799850103272 -19.458799850103272 -19.458799850103272
3.844221105527638 -19.45736360220738 -19.45736360220738 -19.45736360220738 -19.45736360220738 -19.45736360220738 -19.45736360220738 -19.45736360220738 -19.45736360220738 -19.45736360220738 -19.45736360220738 -19.45736360220738 -19.45736360220738 -19.45736360220738
3.9195979899497484 -19.455927354311484 -19.455927354311484 -19.455927354311484 -19.455927354311484 -19.455927354311484 -19.455927354311484 -19.455927354311484 -19.455927354311484 -19.455927354311484 -19.455927354311484 -19.455927354311484 -19.455927354311484 -19.455927354311484
3.994974874371859 -19.454491106415592 -19.454491106415592 -19.454491106415592 -19.454491106415592 -19.454491106415592 -19.454491106415592 -19.454491106415592 -19.454491106415592 -19.454491106415592 -19.454491106415592 -19.454491106415592 -19.454491106415592 -19.454491106415592
4.0703517587939695 -19.453054858519696 -19.453054858519696 -19.453054858519696 -19.453054858519696 -19.453054858519696 -19.453054858519696 -19.453054858519696 -19.453054858519696 -19.453054858519696 -19.453054858519696 -19.453054858519696 -19.453054858519696 -19.453054858519696
4.14572864321608 -19.451618610623804 -19.451618610623804 -19.451618610623804 -19.451618610623804 -19.451618610623804 -19.451618610623804 -19.451618610623804 -19.451618610623804 -19.451618610623804 -19.451618610623804 -19.451618610623804 -19.451618610623804 -19.451618610623804
4.221105527638191 -19.450182362727908 -19.450182362727908 -19.450182362727908 -19.450182362727908 -19.450182362727908 -19.450182362727908 -19.450182362727908 -19.450182362727908 -19.450182362727908 -19.450182362727908 -19.450182362727908 -19.450182362727908 -19.450182362727908
4.296482412060302 -19.448746114832016 -19.448746114832016 -19.448746114832016 -19.448746114832016 -19.448746114832016 -19.448746114832016 -19.448746114832016 -19.448746114832016 -19.448746114832016 -19.448746114832016 -19.448746114832016 -19.448746114832016 -19.448746114832016
