web/models/linear/83/-19_531_0_008.dat
# %ECSV 1.0
# ---
# datatype:
# - {name: time, datatype: float64}
# - {name: sdss_u, datatype: float64}
# - {name: sdss_g, datatype: float64}
# - {name: sdss_r, datatype: float64}
# - {name: sdss_i, datatype: float64}
# - {name: sdss_z, datatype: float64}
# - {name: Clear, datatype: float64}
# - {name: johnson_B, datatype: float64}
# - {name: johnson_V, datatype: float64}
# - {name: johnson_R, datatype: float64}
# - {name: johnson_I, datatype: float64}
# - {name: ukirt_J, datatype: float64}
# - {name: ukirt_H, datatype: float64}
# - {name: ukirt_K, datatype: float64}
# meta: !!omap
# - comment: [M=-19.53061224489796, dM=0.007512482411700718]
# schema: astropy-2.0
time sdss_u sdss_g sdss_r sdss_i sdss_z Clear johnson_B johnson_V johnson_R johnson_I ukirt_J ukirt_H ukirt_K
[from data line 118]
8.894472361809044 -19.463792677718512 -19.463792677718512 -19.463792677718512 -19.463792677718512 -19.463792677718512 -19.463792677718512 -19.463792677718512 -19.463792677718512 -19.463792677718512 -19.463792677718512 -19.463792677718512 -19.463792677718512 -19.463792677718512
8.969849246231155 -19.46322641020004 -19.46322641020004 -19.46322641020004 -19.46322641020004 -19.46322641020004 -19.46322641020004 -19.46322641020004 -19.46322641020004 -19.46322641020004 -19.46322641020004 -19.46322641020004 -19.46322641020004 -19.46322641020004
9.045226130653266 -19.46266014268157 -19.46266014268157 -19.46266014268157 -19.46266014268157 -19.46266014268157 -19.46266014268157 -19.46266014268157 -19.46266014268157 -19.46266014268157 -19.46266014268157 -19.46266014268157 -19.46266014268157 -19.46266014268157
9.120603015075377 -19.462093875163102 -19.462093875163102 -19.462093875163102 -19.462093875163102 -19.462093875163102 -19.462093875163102 -19.462093875163102 -19.462093875163102 -19.462093875163102 -19.462093875163102 -19.462093875163102 -19.462093875163102 -19.462093875163102
9.195979899497488 -19.46152760764463 -19.46152760764463 -19.46152760764463 -19.46152760764463 -19.46152760764463 -19.46152760764463 -19.46152760764463 -19.46152760764463 -19.46152760764463 -19.46152760764463 -19.46152760764463 -19.46152760764463 -19.46152760764463
9.271356783919597 -19.46096134012616 -19.46096134012616 -19.46096134012616 -19.46096134012616 -19.46096134012616 -19.46096134012616 -19.46096134012616 -19.46096134012616 -19.46096134012616 -19.46096134012616 -19.46096134012616 -19.46096134012616 -19.46096134012616
9.346733668341708 -19.460395072607692 -19.460395072607692 -19.460395072607692 -19.460395072607692 -19.460395072607692 -19.460395072607692 -19.460395072607692 -19.460395072607692 -19.460395072607692 -19.460395072607692 -19.460395072607692 -19.460395072607692 -19.460395072607692
9.422110552763819 -19.45982880508922 -19.45982880508922 -19.45982880508922 -19.45982880508922 -19.45982880508922 -19.45982880508922 -19.45982880508922 -19.45982880508922 -19.45982880508922 -19.45982880508922 -19.45982880508922 -19.45982880508922 -19.45982880508922
9.497487437185928 -19.45926253757075 -19.45926253757075 -19.45926253757075 -19.45926253757075 -19.45926253757075 -19.45926253757075 -19.45926253757075 -19.45926253757075 -19.45926253757075 -19.45926253757075 -19.45926253757075 -19.45926253757075 -19.45926253757075
9.572864321608039 -19.458696270052283 -19.458696270052283 -19.458696270052283 -19.458696270052283 -19.458696270052283 -19.458696270052283 -19.458696270052283 -19.458696270052283 -19.458696270052283 -19.458696270052283 -19.458696270052283 -19.458696270052283 -19.458696270052283
9.64824120603015 -19.45813000253381 -19.45813000253381 -19.45813000253381 -19.45813000253381 -19.45813000253381 -19.45813000253381 -19.45813000253381 -19.45813000253381 -19.45813000253381 -19.45813000253381 -19.45813000253381 -19.45813000253381 -19.45813000253381
9.72361809045226 -19.45756373501534 -19.45756373501534 -19.45756373501534 -19.45756373501534 -19.45756373501534 -19.45756373501534 -19.45756373501534 -19.45756373501534 -19.45756373501534 -19.45756373501534 -19.45756373501534 -19.45756373501534 -19.45756373501534
9.798994974874372 -19.456997467496873 -19.456997467496873 -19.456997467496873 -19.456997467496873 -19.456997467496873 -19.456997467496873 -19.456997467496873 -19.456997467496873 -19.456997467496873 -19.456997467496873 -19.456997467496873 -19.456997467496873 -19.456997467496873
9.874371859296481 -19.4564311999784 -19.4564311999784 -19.4564311999784 -19.4564311999784 -19.4564311999784 -19.4564311999784 -19.4564311999784 -19.4564311999784 -19.4564311999784 -19.4564311999784 -19.4564311999784 -19.4564311999784 -19.4564311999784
9.949748743718592 -19.45586493245993 -19.45586493245993 -19.45586493245993 -19.45586493245993 -19.45586493245993 -19.45586493245993 -19.45586493245993 -19.45586493245993 -19.45586493245993 -19.45586493245993 -19.45586493245993 -19.45586493245993 -19.45586493245993
10.025125628140703 -19.455298664941463 -19.455298664941463 -19.455298664941463 -19.455298664941463 -19.455298664941463 -19.455298664941463 -19.455298664941463 -19.455298664941463 -19.455298664941463 -19.455298664941463 -19.455298664941463 -19.455298664941463 -19.455298664941463
10.100502512562812 -19.454732397422994 -19.454732397422994 -19.454732397422994 -19.454732397422994 -19.454732397422994 -19.454732397422994 -19.454732397422994 -19.454732397422994 -19.454732397422994 -19.454732397422994 -19.454732397422994 -19.454732397422994 -19.454732397422994
10.175879396984923 -19.45416612990452 -19.45416612990452 -19.45416612990452 -19.45416612990452 -19.45416612990452 -19.45416612990452 -19.45416612990452 -19.45416612990452 -19.45416612990452 -19.45416612990452 -19.45416612990452 -19.45416612990452 -19.45416612990452
10.251256281407034 -19.453599862386053 -19.453599862386053 -19.453599862386053 -19.453599862386053 -19.453599862386053 -19.453599862386053 -19.453599862386053 -19.453599862386053 -19.453599862386053 -19.453599862386053 -19.453599862386053 -19.453599862386053 -19.453599862386053
10.326633165829145 -19.453033594867584 -19.453033594867584 -19.453033594867584 -19.453033594867584 -19.453033594867584 -19.453033594867584 -19.453033594867584 -19.453033594867584 -19.453033594867584 -19.453033594867584 -19.453033594867584 -19.453033594867584 -19.453033594867584
10.402010050251256 -19.45246732734911 -19.45246732734911 -19.45246732734911 -19.45246732734911 -19.45246732734911 -19.45246732734911 -19.45246732734911 -19.45246732734911 -19.45246732734911 -19.45246732734911 -19.45246732734911 -19.45246732734911 -19.45246732734911
10.477386934673365 -19.451901059830643 -19.451901059830643 -19.451901059830643 -19.451901059830643 -19.451901059830643 -19.451901059830643 -19.451901059830643 -19.451901059830643 -19.451901059830643 -19.451901059830643 -19.451901059830643 -19.451901059830643 -19.451901059830643
10.552763819095476 -19.451334792312174 -19.451334792312174 -19.451334792312174 -19.451334792312174 -19.451334792312174 -19.451334792312174 -19.451334792312174 -19.451334792312174 -19.451334792312174 -19.451334792312174 -19.451334792312174 -19.451334792312174 -19.451334792312174
10.628140703517587 -19.450768524793702 -19.450768524793702 -19.450768524793702 -19.450768524793702 -19.450768524793702 -19.450768524793702 -19.450768524793702 -19.450768524793702 -19.450768524793702 -19.450768524793702 -19.450768524793702 -19.450768524793702 -19.450768524793702
10.703517587939697 -19.450202257275233 -19.450202257275233 -19.450202257275233 -19.450202257275233 -19.450202257275233 -19.450202257275233 -19.450202257275233 -19.450202257275233 -19.450202257275233 -19.450202257275233 -19.450202257275233 -19.450202257275233 -19.450202257275233
10.778894472361808 -19.449635989756764 -19.449635989756764 -19.449635989756764 -19.449635989756764 -19.449635989756764 -19.449635989756764 -19.449635989756764 -19.449635989756764 -19.449635989756764 -19.449635989756764 -19.449635989756764 -19.449635989756764 -19.449635989756764
10.854271356783919 -19.449069722238292 -19.449069722238292 -19.449069722238292 -19.449069722238292 -19.449069722238292 -19.449069722238292 -19.449069722238292 -19.449069722238292 -19.449069722238292 -19.449069722238292 -19.449069722238292 -19.449069722238292 -19.449069722238292
10.92964824120603 -19.448503454719823 -19.448503454719823 -19.448503454719823 -19.448503454719823 -19.448503454719823 -19.448503454719823 -19.448503454719823 -19.448503454719823 -19.448503454719823 -19.448503454719823 -19.448503454719823 -19.448503454719823 -19.448503454719823
11.00502512562814 -19.447937187201354 -19.447937187201354 -19.447937187201354 -19.447937187201354 -19.447937187201354 -19.447937187201354 -19.447937187201354 -19.447937187201354 -19.447937187201354 -19.447937187201354 -19.447937187201354 -19.447937187201354 -19.447937187201354
11.08040201005025 -19.447370919682882 -19.447370919682882 -19.447370919682882 -19.447370919682882 -19.447370919682882 -19.447370919682882 -19.447370919682882 -19.447370919682882 -19.447370919682882 -19.447370919682882 -19.447370919682882 -19.447370919682882 -19.447370919682882
11.15577889447236 -19.446804652164413 -19.446804652164413 -19.446804652164413 -19.446804652164413 -19.446804652164413 -19.446804652164413 -19.446804652164413 -19.446804652164413 -19.446804652164413 -19.446804652164413 -19.446804652164413 -19.446804652164413 -19.446804652164413
11.231155778894472 -19.446238384645945 -19.446238384645945 -19.446238384645945 -19.446238384645945 -19.446238384645945 -19.446238384645945 -19.446238384645945 -19.446238384645945 -19.446238384645945 -19.446238384645945 -19.446238384645945 -19.446238384645945 -19.446238384645945
11.306532663316581 -19.445672117127472 -19.445672117127472 -19.445672117127472 -19.445672117127472 -19.445672117127472 -19.445672117127472 -19.445672117127472 -19.445672117127472 -19.445672117127472 -19.445672117127472 -19.445672117127472 -19.445672117127472 -19.445672117127472
11.381909547738692 -19.445105849609003 -19.445105849609003 -19.445105849609003 -19.445105849609003 -19.445105849609003 -19.445105849609003 -19.445105849609003 -19.445105849609003 -19.445105849609003 -19.445105849609003 -19.445105849609003 -19.445105849609003 -19.445105849609003
11.457286432160803 -19.444539582090535 -19.444539582090535 -19.444539582090535 -19.444539582090535 -19.444539582090535 -19.444539582090535 -19.444539582090535 -19.444539582090535 -19.444539582090535 -19.444539582090535 -19.444539582090535 -19.444539582090535 -19.444539582090535
11.532663316582914 -19.443973314572062 -19.443973314572062 -19.443973314572062 -19.443973314572062 -19.443973314572062 -19.443973314572062 -19.443973314572062 -19.443973314572062 -19.443973314572062 -19.443973314572062 -19.443973314572062 -19.443973314572062 -19.443973314572062
11.608040201005025 -19.443407047053594 -19.443407047053594 -19.443407047053594 -19.443407047053594 -19.443407047053594 -19.443407047053594 -19.443407047053594 -19.443407047053594 -19.443407047053594 -19.443407047053594 -19.443407047053594 -19.443407047053594 -19.443407047053594
11.683417085427134 -19.442840779535125 -19.442840779535125 -19.442840779535125 -19.442840779535125 -19.442840779535125 -19.442840779535125 -19.442840779535125 -19.442840779535125 -19.442840779535125 -19.442840779535125 -19.442840779535125 -19.442840779535125 -19.442840779535125
11.758793969849245 -19.442274512016656 -19.442274512016656 -19.442274512016656 -19.442274512016656 -19.442274512016656 -19.442274512016656 -19.442274512016656 -19.442274512016656 -19.442274512016656 -19.442274512016656 -19.442274512016656 -19.442274512016656 -19.442274512016656
11.834170854271356 -19.441708244498184 -19.441708244498184 -19.441708244498184 -19.441708244498184 -19.441708244498184 -19.441708244498184 -19.441708244498184 -19.441708244498184 -19.441708244498184 -19.441708244498184 -19.441708244498184 -19.441708244498184 -19.441708244498184
11.909547738693465 -19.441141976979715 -19.441141976979715 -19.441141976979715 -19.441141976979715 -19.441141976979715 -19.441141976979715 -19.441141976979715 -19.441141976979715 -19.441141976979715 -19.441141976979715 -19.441141976979715 -19.441141976979715 -19.441141976979715
11.984924623115576 -19.440575709461246 -19.440575709461246 -19.440575709461246 -19.440575709461246 -19.440575709461246 -19.440575709461246 -19.440575709461246 -19.440575709461246 -19.440575709461246 -19.440575709461246 -19.440575709461246 -19.440575709461246 -19.440575709461246
12.060301507537687 -19.440009441942774 -19.440009441942774 -19.440009441942774 -19.440009441942774 -19.440009441942774 -19.440009441942774 -19.440009441942774 -19.440009441942774 -19.440009441942774 -19.440009441942774 -19.440009441942774 -19.440009441942774 -19.440009441942774
12.135678391959798 -19.439443174424305 -19.439443174424305 -19.439443174424305 -19.439443174424305 -19.439443174424305 -19.439443174424305 -19.439443174424305 -19.439443174424305 -19.439443174424305 -19.439443174424305 -19.439443174424305 -19.439443174424305 -19.439443174424305
12.21105527638191 -19.438876906905836 -19.438876906905836 -19.438876906905836 -19.438876906905836 -19.438876906905836 -19.438876906905836 -19.438876906905836 -19.438876906905836 -19.438876906905836 -19.438876906905836 -19.438876906905836 -19.438876906905836 -19.438876906905836
12.286432160804019 -19.438310639387364 -19.438310639387364 -19.438310639387364 -19.438310639387364 -19.438310639387364 -19.438310639387364 -19.438310639387364 -19.438310639387364 -19.438310639387364 -19.438310639387364 -19.438310639387364 -19.438310639387364 -19.438310639387364
12.36180904522613 -19.437744371868895 -19.437744371868895 -19.437744371868895 -19.437744371868895 -19.437744371868895 -19.437744371868895 -19.437744371868895 -19.437744371868895 -19.437744371868895 -19.437744371868895 -19.437744371868895 -19.437744371868895 -19.437744371868895
12.43718592964824 -19.437178104350426 -19.437178104350426 -19.437178104350426 -19.437178104350426 -19.437178104350426 -19.437178104350426 -19.437178104350426 -19.437178104350426 -19.437178104350426 -19.437178104350426 -19.437178104350426 -19.437178104350426 -19.437178104350426
12.51256281407035 -19.436611836831954 -19.436611836831954 -19.436611836831954 -19.436611836831954 -19.436611836831954 -19.436611836831954 -19.436611836831954 -19.436611836831954 -19.436611836831954 -19.436611836831954 -19.436611836831954 -19.436611836831954 -19.436611836831954
12.58793969849246 -19.436045569313485 -19.436045569313485 -19.436045569313485 -19.436045569313485 -19.436045569313485 -19.436045569313485 -19.436045569313485 -19.436045569313485 -19.436045569313485 -19.436045569313485 -19.436045569313485 -19.436045569313485 -19.436045569313485
12.663316582914572 -19.435479301795016 -19.435479301795016 -19.435479301795016 -19.435479301795016 -19.435479301795016 -19.435479301795016 -19.435479301795016 -19.435479301795016 -19.435479301795016 -19.435479301795016 -19.435479301795016 -19.435479301795016 -19.435479301795016
12.738693467336683 -19.434913034276544 -19.434913034276544 -19.434913034276544 -19.434913034276544 -19.434913034276544 -19.434913034276544 -19.434913034276544 -19.434913034276544 -19.434913034276544 -19.434913034276544 -19.434913034276544 -19.434913034276544 -19.434913034276544
12.814070351758794 -19.434346766758075 -19.434346766758075 -19.434346766758075 -19.434346766758075 -19.434346766758075 -19.434346766758075 -19.434346766758075 -19.434346766758075 -19.434346766758075 -19.434346766758075 -19.434346766758075 -19.434346766758075 -19.434346766758075
12.889447236180903 -19.433780499239607 -19.433780499239607 -19.433780499239607 -19.433780499239607 -19.433780499239607 -19.433780499239607 -19.433780499239607 -19.433780499239607 -19.433780499239607 -19.433780499239607 -19.433780499239607 -19.433780499239607 -19.433780499239607
12.964824120603014 -19.433214231721134 -19.433214231721134 -19.433214231721134 -19.433214231721134 -19.433214231721134 -19.433214231721134 -19.433214231721134 -19.433214231721134 -19.433214231721134 -19.433214231721134 -19.433214231721134 -19.433214231721134 -19.433214231721134
13.040201005025125 -19.432647964202665 -19.432647964202665 -19.432647964202665 -19.432647964202665 -19.432647964202665 -19.432647964202665 -19.432647964202665 -19.432647964202665 -19.432647964202665 -19.432647964202665 -19.432647964202665 -19.432647964202665 -19.432647964202665
13.115577889447234 -19.432081696684197 -19.432081696684197 -19.432081696684197 -19.432081696684197 -19.432081696684197 -19.432081696684197 -19.432081696684197 -19.432081696684197 -19.432081696684197 -19.432081696684197 -19.432081696684197 -19.432081696684197 -19.432081696684197
