web/models/kne/1/Metzger_0.090038_0.483793_0.100000.dat
# %ECSV 0.9
# ---
# datatype:
# - {name: time, datatype: float64}
# - {name: sdss_u, datatype: float64}
# - {name: sdss_g, datatype: float64}
# - {name: sdss_r, datatype: float64}
# - {name: sdss_i, datatype: float64}
# - {name: sdss_z, datatype: float64}
# - {name: PS1_y, datatype: float64}
# - {name: ukirt_J, datatype: float64}
# - {name: ukirt_H, datatype: float64}
# - {name: ukirt_K, datatype: float64}
# - {name: johnson_U, datatype: float64}
# - {name: johnson_B, datatype: float64}
# - {name: johnson_V, datatype: float64}
# - {name: johnson_R, datatype: float64}
# - {name: johnson_I, datatype: float64}
# - {name: Clear, datatype: float64}
# meta: !!omap
# - comment: [vej = 0.48379310344827586, mej = 0.09003814830589497, Ye = 0.1, redshift = 0.0]
# schema: astropy-2.0
time sdss_u sdss_g sdss_r sdss_i sdss_z PS1_y ukirt_J ukirt_H ukirt_K johnson_U johnson_B johnson_V johnson_R johnson_I Clear
[from data line 2019]
101.050000 472.490336 343.037222 261.042032 208.809464 176.869542 156.851175 116.203457 79.925559 55.979970 456.974050 379.131327 295.473256 251.058440 173.649319 257.757953
101.100000 472.725696 343.211557 261.177623 208.920311 176.965223 156.937331 116.270212 79.974887 56.017695 457.202102 379.322691 295.625128 251.189306 173.743469 257.891989
101.150000 472.961049 343.385887 261.313209 209.031155 177.060901 157.023486 116.336965 80.024214 56.055420 457.430148 379.514050 295.776996 251.320168 173.837616 258.026022
101.200000 473.196395 343.560213 261.448793 209.141996 177.156577 157.109638 116.403716 80.073540 56.093144 457.658187 379.705404 295.928860 251.451026 173.931761 258.160051
101.250000 473.431735 343.734534 261.584372 209.252834 177.252251 157.195788 116.470466 80.122866 56.130868 457.886220 379.896753 296.080719 251.581881 174.025904 258.294077
101.300000 473.667068 343.908850 261.719948 209.363670 177.347922 157.281936 116.537215 80.172190 56.168591 458.114246 380.088096 296.232574 251.712733 174.120044 258.428099
101.350000 473.902395 344.083161 261.855520 209.474503 177.443591 157.368082 116.603962 80.221513 56.206313 458.342266 380.279434 296.384426 251.843581 174.214182 258.562117
101.400000 474.137715 344.257468 261.991089 209.585332 177.539257 157.454226 116.670707 80.270835 56.244035 458.570279 380.470766 296.536273 251.974426 174.308318 258.696132
101.450000 474.373028 344.431769 262.126654 209.696159 177.634921 157.540368 116.737451 80.320156 56.281756 458.798286 380.662094 296.688116 252.105267 174.402451 258.830144
101.500000 474.608335 344.606066 262.262216 209.806983 177.730583 157.626508 116.804194 80.369476 56.319476 459.026287 380.853416 296.839955 252.236105 174.496582 258.964152
101.550000 474.843635 344.780359 262.397773 209.917805 177.826242 157.712645 116.870934 80.418795 56.357196 459.254281 381.044733 296.991790 252.366939 174.590711 259.098156
101.600000 475.078928 344.954646 262.533328 210.028623 177.921899 157.798781 116.937674 80.468113 56.394915 459.482269 381.236044 297.143621 252.497770 174.684837 259.232157
101.650000 475.314215 345.128929 262.668878 210.139439 178.017553 157.884914 117.004412 80.517430 56.432633 459.710251 381.427350 297.295448 252.628598 174.778961 259.366154
101.700000 475.549496 345.303207 262.804426 210.250252 178.113205 157.971045 117.071148 80.566746 56.470351 459.938226 381.618651 297.447270 252.759422 174.873083 259.500148
101.750000 475.784769 345.477480 262.939969 210.361061 178.208855 158.057174 117.137883 80.616061 56.508068 460.166195 381.809947 297.599089 252.890242 174.967202 259.634138
101.800000 476.020037 345.651749 263.075509 210.471869 178.304502 158.143301 117.204616 80.665376 56.545785 460.394158 382.001237 297.750904 253.021060 175.061319 259.768124
101.850000 476.255297 345.826012 263.211046 210.582673 178.400147 158.229426 117.271348 80.714689 56.583501 460.622114 382.192523 297.902714 253.151873 175.155433 259.902107
101.900000 476.490551 346.000271 263.346578 210.693474 178.495790 158.315549 117.338078 80.764001 56.621216 460.850064 382.383803 298.054520 253.282684 175.249546 260.036087
101.950000 476.725799 346.174526 263.482108 210.804273 178.591430 158.401670 117.404807 80.813312 56.658930 461.078007 382.575077 298.206323 253.413490 175.343656 260.170063
102.000000 476.961039 346.348775 263.617633 210.915068 178.687068 158.487789 117.471534 80.862622 56.696644 461.305944 382.766347 298.358121 253.544294 175.437763 260.304035
102.050000 477.196274 346.523020 263.753155 211.025861 178.782703 158.573905 117.538260 80.911931 56.734358 461.533875 382.957611 298.509915 253.675094 175.531868 260.438004
102.100000 477.431502 346.697260 263.888674 211.136651 178.878336 158.660020 117.604984 80.961240 56.772070 461.761800 383.148870 298.661706 253.805890 175.625971 260.571970
102.150000 477.666723 346.871495 264.024189 211.247439 178.973967 158.746132 117.671707 81.010547 56.809782 461.989718 383.340124 298.813492 253.936684 175.720072 260.705932
102.200000 477.901938 347.045726 264.159700 211.358223 179.069595 158.832242 117.738428 81.059853 56.847494 462.217630 383.531372 298.965274 254.067473 175.814170 260.839890
102.250000 478.137146 347.219952 264.295208 211.469005 179.165221 158.918351 117.805148 81.109158 56.885204 462.445535 383.722616 299.117052 254.198260 175.908266 260.973845
102.300000 478.372347 347.394173 264.430712 211.579784 179.260845 159.004457 117.871866 81.158463 56.922914 462.673434 383.913854 299.268826 254.329042 176.002360 261.107797
102.350000 478.607542 347.568390 264.566213 211.690560 179.356466 159.090561 117.938583 81.207766 56.960624 462.901327 384.105087 299.420596 254.459822 176.096451 261.241745
102.400000 478.842731 347.742602 264.701710 211.801333 179.452085 159.176663 118.005298 81.257068 56.998333 463.129214 384.296314 299.572362 254.590598 176.190540 261.375689
102.450000 479.077913 347.916809 264.837204 211.912103 179.547701 159.262763 118.072012 81.306370 57.036041 463.357094 384.487537 299.724124 254.721371 176.284627 261.509630
102.500000 479.313089 348.091011 264.972694 212.022871 179.643315 159.348861 118.138724 81.355670 57.073748 463.584968 384.678754 299.875882 254.852140 176.378711 261.643567
102.550000 479.548258 348.265209 265.108181 212.133635 179.738927 159.434956 118.205435 81.404969 57.111455 463.812836 384.869966 300.027635 254.982906 176.472793 261.777501
102.600000 479.783420 348.439402 265.243664 212.244397 179.834536 159.521050 118.272144 81.454268 57.149162 464.040697 385.061173 300.179385 255.113668 176.566873 261.911432
102.650000 480.018576 348.613590 265.379143 212.355156 179.930143 159.607142 118.338852 81.503565 57.186867 464.268552 385.252375 300.331131 255.244427 176.660950 262.045358
102.700000 480.253726 348.787774 265.514619 212.465913 180.025748 159.693231 118.405558 81.552862 57.224572 464.496401 385.443571 300.482873 255.375183 176.755026 262.179282
102.750000 480.488869 348.961953 265.650091 212.576666 180.121350 159.779319 118.472263 81.602157 57.262277 464.724244 385.634763 300.634611 255.505935 176.849098 262.313202
102.800000 480.724005 349.136127 265.785560 212.687417 180.216950 159.865404 118.538966 81.651451 57.299980 464.952080 385.825949 300.786344 255.636684 176.943169 262.447118
102.850000 480.959135 349.310297 265.921026 212.798165 180.312548 159.951487 118.605667 81.700745 57.337683 465.179910 386.017130 300.938074 255.767429 177.037237 262.581031
102.900000 481.194259 349.484462 266.056487 212.908910 180.408143 160.037569 118.672368 81.750037 57.375386 465.407734 386.208305 301.089800 255.898172 177.131303 262.714941
102.950000 481.429376 349.658622 266.191946 213.019652 180.503736 160.123648 118.739067 81.799329 57.413088 465.635551 386.399476 301.241522 256.028910 177.225367 262.848847
103.000000 481.664487 349.832777 266.327401 213.130392 180.599327 160.209725 118.805764 81.848620 57.450789 465.863362 386.590641 301.393239 256.159646 177.319428 262.982749
103.050000 481.899591 350.006928 266.462852 213.241129 180.694915 160.295800 118.872460 81.897909 57.488489 466.091167 386.781802 301.544953 256.290378 177.413487 263.116648
103.100000 482.134689 350.181075 266.598299 213.351863 180.790501 160.381873 118.939154 81.947198 57.526189 466.318966 386.972957 301.696663 256.421106 177.507544 263.250544
103.150000 482.369780 350.355216 266.733744 213.462594 180.886084 160.467944 119.005847 81.996485 57.563889 466.546759 387.164107 301.848368 256.551831 177.601598 263.384436
103.200000 482.604865 350.529353 266.869184 213.573322 180.981666 160.554013 119.072538 82.045772 57.601587 466.774545 387.355251 302.000070 256.682553 177.695650 263.518325
103.250000 482.839943 350.703486 267.004622 213.684048 181.077244 160.640080 119.139228 82.095058 57.639285 467.002325 387.546391 302.151768 256.813272 177.789700 263.652210
103.300000 483.075015 350.877613 267.140055 213.794771 181.172821 160.726145 119.205916 82.144342 57.676983 467.230099 387.737526 302.303462 256.943987 177.883748 263.786091
103.350000 483.310081 351.051736 267.275485 213.905491 181.268395 160.812208 119.272603 82.193626 57.714680 467.457866 387.928655 302.455151 257.074698 177.977793 263.919970
103.400000 483.545140 351.225855 267.410912 214.016208 181.363967 160.898268 119.339288 82.242909 57.752376 467.685628 388.119779 302.606837 257.205407 178.071836 264.053844
103.450000 483.780193 351.399968 267.546335 214.126923 181.459537 160.984327 119.405972 82.292191 57.790071 467.913383 388.310898 302.758519 257.336112 178.165877 264.187716
103.500000 484.015239 351.574077 267.681755 214.237634 181.555104 161.070383 119.472655 82.341472 57.827766 468.141132 388.502012 302.910197 257.466813 178.259915 264.321584
103.550000 484.250279 351.748182 267.817171 214.348343 181.650669 161.156438 119.539336 82.390751 57.865460 468.368875 388.693121 303.061871 257.597511 178.353951 264.455448
103.600000 484.485312 351.922282 267.952584 214.459049 181.746231 161.242491 119.606015 82.440030 57.903154 468.596611 388.884224 303.213541 257.728206 178.447985 264.589309
103.650000 484.720339 352.096377 268.087993 214.569753 181.841792 161.328541 119.672693 82.489308 57.940847 468.824342 389.075323 303.365207 257.858898 178.542017 264.723167
103.700000 484.955360 352.270468 268.223399 214.680453 181.937350 161.414589 119.739370 82.538585 57.978539 469.052066 389.266416 303.516868 257.989586 178.636046 264.857021
103.750000 485.190374 352.444554 268.358801 214.791151 182.032905 161.500636 119.806045 82.587861 58.016231 469.279784 389.457505 303.668526 258.120271 178.730073 264.990871
103.800000 485.425382 352.618635 268.494200 214.901846 182.128459 161.586680 119.872718 82.637136 58.053922 469.507496 389.648588 303.820180 258.250952 178.824098 265.124719
103.850000 485.660383 352.792712 268.629595 215.012539 182.224009 161.672722 119.939390 82.686410 58.091613 469.735201 389.839666 303.971831 258.381631 178.918120 265.258562
103.900000 485.895378 352.966784 268.764987 215.123228 182.319558 161.758763 120.006061 82.735683 58.129303 469.962901 390.030739 304.123477 258.512305 179.012140 265.392403
103.950000 486.130367 353.140851 268.900375 215.233915 182.415104 161.844801 120.072730 82.784956 58.166992 470.190594 390.221807 304.275119 258.642977 179.106158 265.526240
104.000000 486.365349 353.314914 269.035760 215.344599 182.510649 161.930837 120.139398 82.834227 58.204680 470.418281 390.412870 304.426757 258.773645 179.200174 265.660073
104.050000 486.600325 353.488973 269.171141 215.455281 182.606190 162.016871 120.206064 82.883497 58.242368 470.645962 390.603927 304.578391 258.904310 179.294187 265.793903
104.100000 486.835294 353.663026 269.306519 215.565959 182.701730 162.102903 120.272729 82.932766 58.280056 470.873637 390.794980 304.730022 259.034971 179.388198 265.927730
104.150000 487.070257 353.837076 269.441893 215.676635 182.797267 162.188933 120.339392 82.982034 58.317742 471.101305 390.986027 304.881648 259.165629 179.482207 266.061553
104.200000 487.305214 354.011120 269.577264 215.787308 182.892802 162.274961 120.406054 83.031302 58.355429 471.328968 391.177070 305.033271 259.296284 179.576214 266.195373
104.250000 487.540164 354.185160 269.712632 215.897979 182.988334 162.360987 120.472714 83.080568 58.393114 471.556624 391.368107 305.184889 259.426936 179.670218 266.329189
104.300000 487.775109 354.359196 269.847996 216.008646 183.083864 162.447011 120.539373 83.129833 58.430799 471.784275 391.559139 305.336504 259.557584 179.764220 266.463002
104.350000 488.010046 354.533226 269.983356 216.119311 183.179392 162.533033 120.606030 83.179098 58.468483 472.011919 391.750167 305.488114 259.688229 179.858220 266.596812
104.400000 488.244978 354.707253 270.118713 216.229973 183.274918 162.619053 120.672686 83.228361 58.506167 472.239557 391.941189 305.639721 259.818870 179.952218 266.730618
104.450000 488.479903 354.881274 270.254067 216.340633 183.370441 162.705071 120.739340 83.277624 58.543850 472.467188 392.132206 305.791324 259.949508 180.046213 266.864420
104.500000 488.714821 355.055291 270.389417 216.451289 183.465962 162.791087 120.805993 83.326885 58.581532 472.694814 392.323218 305.942923 260.080143 180.140206 266.998220
104.550000 488.949734 355.229304 270.524764 216.561943 183.561481 162.877101 120.872645 83.376146 58.619214 472.922434 392.514225 306.094518 260.210775 180.234197 267.132016
104.600000 489.184640 355.403312 270.660107 216.672594 183.656997 162.963113 120.939295 83.425406 58.656895 473.150047 392.705227 306.246109 260.341403 180.328185 267.265808
104.650000 489.419540 355.577315 270.795447 216.783243 183.752511 163.049123 121.005944 83.474664 58.694575 473.377654 392.896223 306.397696 260.472028 180.422172 267.399597
104.700000 489.654433 355.751314 270.930783 216.893888 183.848023 163.135130 121.072591 83.523922 58.732255 473.605256 393.087215 306.549279 260.602650 180.516156 267.533383
104.750000 489.889320 355.925308 271.066116 217.004531 183.943532 163.221136 121.139236 83.573179 58.769934 473.832851 393.278202 306.700858 260.733268 180.610138 267.667165
104.800000 490.124201 356.099298 271.201446 217.115172 184.039040 163.307140 121.205881 83.622435 58.807613 474.060440 393.469184 306.852434 260.863883 180.704117 267.800944
104.850000 490.359075 356.273283 271.336772 217.225809 184.134544 163.393142 121.272524 83.671689 58.845291 474.288023 393.660160 307.004005 260.994495 180.798094 267.934720
104.900000 490.593943 356.447264 271.472095 217.336444 184.230047 163.479141 121.339165 83.720943 58.882968 474.515600 393.851132 307.155573 261.125103 180.892069 268.068492
104.950000 490.828805 356.621240 271.607414 217.447076 184.325547 163.565139 121.405805 83.770196 58.920645 474.743170 394.042098 307.307137 261.255708 180.986042 268.202261
105.000000 491.063661 356.795211 271.742730 217.557706 184.421046 163.651135 121.472443 83.819448 58.958321 474.970735 394.233060 307.458696 261.386310 181.080013 268.336026
105.050000 491.298510 356.969178 271.878042 217.668332 184.516541 163.737129 121.539080 83.868699 58.995997 475.198294 394.424016 307.610252 261.516909 181.173981 268.469788
105.100000 491.533353 357.143141 272.013351 217.778956 184.612035 163.823120 121.605716 83.917949 59.033672 475.425846 394.614968 307.761804 261.647504 181.267947 268.603547
105.150000 491.768190 357.317099 272.148657 217.889577 184.707526 163.909110 121.672350 83.967198 59.071346 475.653393 394.805914 307.913352 261.778096 181.361911 268.737302
105.200000 492.003020 357.491052 272.283959 218.000196 184.803015 163.995098 121.738982 84.016447 59.109020 475.880933 394.996856 308.064897 261.908685 181.455873 268.871054
105.250000 492.237845 357.665001 272.419257 218.110812 184.898502 164.081083 121.805613 84.065694 59.146693 476.108467 395.187792 308.216437 262.039270 181.549832 269.004802
105.300000 492.472663 357.838946 272.554553 218.221425 184.993986 164.167067 121.872243 84.114940 59.184365 476.335996 395.378724 308.367974 262.169852 181.643789 269.138547
105.350000 492.707474 358.012885 272.689845 218.332035 185.089468 164.253049 121.938871 84.164186 59.222037 476.563518 395.569650 308.519506 262.300431 181.737744 269.272289
105.400000 492.942280 358.186821 272.825133 218.442643 185.184948 164.339028 122.005498 84.213430 59.259708 476.791034 395.760572 308.671035 262.431007 181.831697 269.406027
105.450000 493.177079 358.360752 272.960418 218.553248 185.280426 164.425006 122.072124 84.262673 59.297379 477.018544 395.951488 308.822560 262.561579 181.925648 269.539762
105.500000 493.411872 358.534678 273.095700 218.663850 185.375901 164.510982 122.138748 84.311916 59.335049 477.246048 396.142399 308.974081 262.692148 182.019596 269.673494
105.550000 493.646658 358.708600 273.230978 218.774450 185.471374 164.596955 122.205370 84.361157 59.372718 477.473546 396.333306 309.125598 262.822714 182.113542 269.807222
