web/models/kne/1/Metzger_0.024890_0.305517_0.450000.dat
# %ECSV 0.9
# ---
# datatype:
# - {name: time, datatype: float64}
# - {name: sdss_u, datatype: float64}
# - {name: sdss_g, datatype: float64}
# - {name: sdss_r, datatype: float64}
# - {name: sdss_i, datatype: float64}
# - {name: sdss_z, datatype: float64}
# - {name: PS1_y, datatype: float64}
# - {name: ukirt_J, datatype: float64}
# - {name: ukirt_H, datatype: float64}
# - {name: ukirt_K, datatype: float64}
# - {name: johnson_U, datatype: float64}
# - {name: johnson_B, datatype: float64}
# - {name: johnson_V, datatype: float64}
# - {name: johnson_R, datatype: float64}
# - {name: johnson_I, datatype: float64}
# - {name: Clear, datatype: float64}
# meta: !!omap
# - comment: [vej = 0.30551724137931036, mej = 0.024889660212162802, Ye = 0.45, redshift = 0.0]
# schema: astropy-2.0
time sdss_u sdss_g sdss_r sdss_i sdss_z PS1_y ukirt_J ukirt_H ukirt_K johnson_U johnson_B johnson_V johnson_R johnson_I Clear
[from data line 698]
35.000000 176.474772 124.277033 91.331869 70.423741 57.683834 49.722940 33.637581 19.421209 10.164150 170.209871 138.812639 105.151177 87.329772 56.401829 90.015123
35.050000 176.741878 124.474397 91.484954 70.548549 57.791309 49.819530 33.711999 19.475710 10.205392 170.468625 139.029465 105.322869 87.477458 56.507555 90.166432
35.100000 177.008962 124.671747 91.638029 70.673349 57.898778 49.916116 33.786413 19.530211 10.246634 170.727358 139.246274 105.494549 87.625133 56.613274 90.317731
35.150000 177.276024 124.869082 91.791093 70.798141 58.006241 50.012696 33.860824 19.584710 10.287876 170.986071 139.463067 105.666217 87.772799 56.718988 90.469019
35.200000 177.543065 125.066401 91.944146 70.922925 58.113698 50.109271 33.935232 19.639208 10.329118 171.244762 139.679843 105.837872 87.920454 56.824695 90.620297
35.250000 177.810084 125.263706 92.097189 71.047701 58.221148 50.205841 34.009637 19.693705 10.370361 171.503433 139.896602 106.009515 88.068099 56.930396 90.771565
35.300000 178.077081 125.460996 92.250221 71.172469 58.328592 50.302405 34.084039 19.748201 10.411603 171.762083 140.113344 106.181145 88.215734 57.036092 90.922822
35.350000 178.344057 125.658271 92.403243 71.297230 58.436030 50.398965 34.158438 19.802696 10.452846 172.020712 140.330069 106.352763 88.363359 57.141781 91.074069
35.400000 178.611012 125.855532 92.556254 71.421982 58.543462 50.495519 34.232834 19.857190 10.494088 172.279320 140.546778 106.524369 88.510974 57.247464 91.225305
35.450000 178.877945 126.052777 92.709255 71.546727 58.650887 50.592068 34.307227 19.911682 10.535331 172.537908 140.763470 106.695962 88.658579 57.353141 91.376531
35.500000 179.144857 126.250008 92.862245 71.671463 58.758306 50.688612 34.381617 19.966173 10.576574 172.796476 140.980146 106.867543 88.806174 57.458812 91.527746
35.550000 179.411747 126.447224 93.015224 71.796192 58.865719 50.785151 34.456004 20.020664 10.617817 173.055023 141.196805 107.039112 88.953759 57.564477 91.678952
35.600000 179.678616 126.644426 93.168193 71.920913 58.973126 50.881684 34.530387 20.075153 10.659060 173.313549 141.413448 107.210668 89.101334 57.670136 91.830147
35.650000 179.945464 126.841613 93.321152 72.045627 59.080527 50.978213 34.604768 20.129640 10.700303 173.572055 141.630074 107.382212 89.248899 57.775789 91.981331
35.700000 180.212291 127.038785 93.474100 72.170332 59.187921 51.074736 34.679145 20.184127 10.741547 173.830540 141.846683 107.553744 89.396454 57.881436 92.132505
35.750000 180.479096 127.235942 93.627037 72.295030 59.295310 51.171254 34.753520 20.238613 10.782790 174.089006 142.063277 107.725264 89.543999 57.987077 92.283669
35.800000 180.745880 127.433085 93.779964 72.419720 59.402692 51.267768 34.827892 20.293097 10.824033 174.347450 142.279853 107.896772 89.691534 58.092712 92.434823
35.850000 181.012644 127.630214 93.932881 72.544402 59.510068 51.364276 34.902260 20.347580 10.865277 174.605875 142.496414 108.068267 89.839060 58.198341 92.585967
35.900000 181.279386 127.827328 94.085788 72.669077 59.617438 51.460778 34.976626 20.402062 10.906521 174.864279 142.712958 108.239751 89.986575 58.303964 92.737100
35.950000 181.546107 128.024427 94.238684 72.793743 59.724802 51.557276 35.050988 20.456543 10.947764 175.122663 142.929486 108.411222 90.134081 58.409581 92.888223
36.000000 181.812807 128.221512 94.391569 72.918402 59.832160 51.653769 35.125348 20.511023 10.989008 175.381027 143.145997 108.582681 90.281576 58.515193 93.039336
36.050000 182.079487 128.418583 94.544445 73.043054 59.939511 51.750257 35.199704 20.565501 11.030252 175.639370 143.362492 108.754128 90.429062 58.620798 93.190439
36.100000 182.346145 128.615639 94.697310 73.167697 60.046857 51.846739 35.274057 20.619978 11.071496 175.897694 143.578971 108.925563 90.576538 58.726397 93.341531
36.150000 182.612783 128.812680 94.850164 73.292333 60.154197 51.943217 35.348408 20.674455 11.112740 176.155997 143.795434 109.096986 90.724005 58.831991 93.492614
36.200000 182.879399 129.009708 95.003009 73.416962 60.261530 52.039689 35.422755 20.728930 11.153984 176.414280 144.011881 109.268398 90.871461 58.937578 93.643686
36.250000 183.145995 129.206721 95.155843 73.541582 60.368857 52.136157 35.497100 20.783403 11.195228 176.672544 144.228311 109.439797 91.018908 59.043160 93.794748
36.300000 183.412570 129.403719 95.308667 73.666195 60.476179 52.232619 35.571441 20.837876 11.236472 176.930787 144.444725 109.611184 91.166345 59.148736 93.945800
36.350000 183.679125 129.600704 95.461481 73.790801 60.583494 52.329076 35.645779 20.892348 11.277716 177.189011 144.661124 109.782559 91.313772 59.254306 94.096843
36.400000 183.945659 129.797674 95.614284 73.915399 60.690804 52.425529 35.720115 20.946818 11.318960 177.447214 144.877506 109.953922 91.461190 59.359870 94.247875
36.450000 184.212172 129.994630 95.767078 74.039989 60.798107 52.521976 35.794447 21.001287 11.360204 177.705398 145.093872 110.125274 91.608598 59.465428 94.398897
36.500000 184.478665 130.191572 95.919861 74.164571 60.905404 52.618418 35.868777 21.055755 11.401449 177.963562 145.310222 110.296613 91.755996 59.570981 94.549909
36.550000 184.745137 130.388499 96.072634 74.289146 61.012695 52.714855 35.943103 21.110222 11.442693 178.221706 145.526557 110.467941 91.903384 59.676527 94.700911
36.600000 185.011589 130.585412 96.225397 74.413714 61.119981 52.811288 36.017426 21.164687 11.483937 178.479830 145.742875 110.639257 92.050763 59.782068 94.851903
36.650000 185.278020 130.782311 96.378150 74.538274 61.227260 52.907715 36.091747 21.219152 11.525182 178.737935 145.959177 110.810561 92.198133 59.887603 95.002885
36.700000 185.544431 130.979197 96.530892 74.662826 61.334533 53.004137 36.166064 21.273615 11.566426 178.996020 146.175464 110.981853 92.345492 59.993132 95.153857
36.750000 185.810821 131.176068 96.683625 74.787371 61.441801 53.100555 36.240379 21.328077 11.607671 179.254086 146.391735 111.153134 92.492842 60.098655 95.304819
36.800000 186.077191 131.372924 96.836347 74.911908 61.549062 53.196967 36.314690 21.382538 11.648915 179.512131 146.607990 111.324403 92.640183 60.204173 95.455772
36.850000 186.343541 131.569767 96.989060 75.036438 61.656318 53.293374 36.388999 21.436998 11.690159 179.770158 146.824229 111.495660 92.787514 60.309684 95.606714
36.900000 186.609870 131.766596 97.141762 75.160960 61.763567 53.389777 36.463305 21.491457 11.731404 180.028164 147.040452 111.666905 92.934835 60.415190 95.757647
36.950000 186.876180 131.963411 97.294455 75.285475 61.870811 53.486174 36.537607 21.545914 11.772648 180.286152 147.256660 111.838139 93.082147 60.520690 95.908570
37.000000 187.142469 132.160212 97.447137 75.409982 61.978049 53.582567 36.611907 21.600370 11.813893 180.544119 147.472852 112.009361 93.229449 60.626185 96.059482
37.050000 187.408737 132.356999 97.599810 75.534482 62.085281 53.678954 36.686204 21.654825 11.855137 180.802068 147.689028 112.180571 93.376742 60.731673 96.210386
37.100000 187.674986 132.553772 97.752472 75.658975 62.192507 53.775337 36.760497 21.709279 11.896382 181.059997 147.905189 112.351770 93.524025 60.837156 96.361279
37.150000 187.941215 132.750531 97.905125 75.783460 62.299727 53.871715 36.834788 21.763732 11.937626 181.317906 148.121334 112.522957 93.671299 60.942633 96.512162
37.200000 188.207423 132.947277 98.057767 75.907938 62.406941 53.968088 36.909076 21.818183 11.978871 181.575797 148.337463 112.694133 93.818564 61.048105 96.663036
37.250000 188.473612 133.144008 98.210400 76.032408 62.514149 54.064455 36.983361 21.872634 12.020115 181.833668 148.553577 112.865297 93.965819 61.153571 96.813900
37.300000 188.739781 133.340726 98.363023 76.156871 62.621351 54.160818 37.057643 21.927083 12.061360 182.091519 148.769675 113.036449 94.113064 61.259031 96.964754
37.350000 189.005929 133.537430 98.515636 76.281326 62.728548 54.257177 37.131922 21.981531 12.102604 182.349352 148.985758 113.207590 94.260300 61.364485 97.115599
37.400000 189.272058 133.734120 98.668239 76.405774 62.835739 54.353530 37.206198 22.035978 12.143849 182.607165 149.201825 113.378719 94.407527 61.469933 97.266433
37.450000 189.538167 133.930796 98.820832 76.530215 62.942924 54.449878 37.280471 22.090423 12.185093 182.864960 149.417877 113.549837 94.554745 61.575376 97.417258
37.500000 189.804256 134.127459 98.973415 76.654648 63.050103 54.546222 37.354742 22.144868 12.226338 183.122735 149.633914 113.720944 94.701953 61.680814 97.568074
37.550000 190.070325 134.324108 99.125989 76.779074 63.157276 54.642560 37.429009 22.199311 12.267582 183.380491 149.849935 113.892039 94.849151 61.786245 97.718880
37.600000 190.336374 134.520743 99.278552 76.903493 63.264443 54.738894 37.503273 22.253753 12.308826 183.638228 150.065940 114.063122 94.996341 61.891671 97.869676
37.650000 190.602404 134.717365 99.431106 77.027904 63.371605 54.835223 37.577535 22.308194 12.350071 183.895946 150.281931 114.234195 95.143521 61.997091 98.020462
37.700000 190.868414 134.913973 99.583651 77.152308 63.478761 54.931547 37.651793 22.362634 12.391315 184.153645 150.497906 114.405255 95.290691 62.102506 98.171239
37.750000 191.134405 135.110567 99.736185 77.276705 63.585911 55.027866 37.726049 22.417072 12.432559 184.411325 150.713865 114.576305 95.437853 62.207915 98.322006
37.800000 191.400375 135.307148 99.888710 77.401094 63.693055 55.124180 37.800302 22.471509 12.473804 184.668987 150.929810 114.747343 95.585005 62.313318 98.472764
37.850000 191.666326 135.503716 100.041225 77.525476 63.800193 55.220490 37.874551 22.525945 12.515048 184.926629 151.145739 114.918370 95.732148 62.418716 98.623512
37.900000 191.932258 135.700269 100.193730 77.649851 63.907326 55.316795 37.948798 22.580380 12.556292 185.184253 151.361653 115.089385 95.879282 62.524108 98.774251
37.950000 192.198170 135.896810 100.346226 77.774219 64.014453 55.413094 38.023042 22.634814 12.597536 185.441857 151.577552 115.260389 96.026406 62.629495 98.924980
38.000000 192.464063 136.093337 100.498712 77.898579 64.121574 55.509389 38.097283 22.689247 12.638780 185.699443 151.793435 115.431382 96.173521 62.734875 99.075699
38.050000 192.729936 136.289850 100.651188 78.022933 64.228690 55.605680 38.171522 22.743678 12.680024 185.957011 152.009304 115.602364 96.320628 62.840251 99.226409
38.100000 192.995790 136.486350 100.803654 78.147279 64.335799 55.701965 38.245757 22.798108 12.721268 186.214559 152.225157 115.773334 96.467724 62.945621 99.377110
38.150000 193.261624 136.682836 100.956111 78.271617 64.442903 55.798246 38.319989 22.852537 12.762512 186.472089 152.440996 115.944293 96.614812 63.050985 99.527801
38.200000 193.527439 136.879309 101.108559 78.395949 64.550002 55.894522 38.394219 22.906965 12.803756 186.729600 152.656819 116.115241 96.761891 63.156343 99.678482
38.250000 193.793235 137.075769 101.260997 78.520273 64.657094 55.990793 38.468445 22.961392 12.845000 186.987093 152.872627 116.286178 96.908960 63.261696 99.829154
38.300000 194.059011 137.272215 101.413425 78.644591 64.764181 56.087059 38.542669 23.015817 12.886244 187.244567 153.088421 116.457104 97.056021 63.367044 99.979817
38.350000 194.324768 137.468648 101.565843 78.768901 64.871262 56.183321 38.616890 23.070241 12.927487 187.502023 153.304199 116.628018 97.203072 63.472386 100.130470
38.400000 194.590506 137.665068 101.718253 78.893204 64.978338 56.279578 38.691108 23.124664 12.968731 187.759460 153.519962 116.798922 97.350114 63.577722 100.281114
38.450000 194.856225 137.861475 101.870652 79.017499 65.085408 56.375830 38.765323 23.179086 13.009974 188.016878 153.735711 116.969814 97.497147 63.683053 100.431749
38.500000 195.121925 138.057868 102.023042 79.141788 65.192472 56.472077 38.839535 23.233507 13.051218 188.274278 153.951444 117.140695 97.644171 63.788379 100.582374
38.550000 195.387605 138.254248 102.175423 79.266070 65.299530 56.568320 38.913745 23.287926 13.092461 188.531660 154.167163 117.311565 97.791186 63.893698 100.732990
38.600000 195.653266 138.450615 102.327794 79.390344 65.406583 56.664557 38.987951 23.342345 13.133705 188.789023 154.382867 117.482424 97.938192 63.999013 100.883596
38.650000 195.918909 138.646968 102.480155 79.514611 65.513630 56.760791 39.062155 23.396762 13.174948 189.046368 154.598556 117.653272 98.085189 64.104322 101.034193
38.700000 196.184532 138.843309 102.632508 79.638872 65.620672 56.857019 39.136356 23.451178 13.216191 189.303695 154.814230 117.824109 98.232177 64.209625 101.184781
38.750000 196.450137 139.039636 102.784850 79.763125 65.727708 56.953243 39.210554 23.505592 13.257434 189.561003 155.029889 117.994935 98.379156 64.314923 101.335360
38.800000 196.715722 139.235950 102.937184 79.887371 65.834738 57.049462 39.284749 23.560006 13.298677 189.818294 155.245534 118.165750 98.526126 64.420215 101.485929
38.850000 196.981289 139.432251 103.089507 80.011610 65.941763 57.145676 39.358941 23.614418 13.339920 190.075566 155.461164 118.336554 98.673087 64.525502 101.636489
38.900000 197.246836 139.628539 103.241822 80.135842 66.048782 57.241885 39.433130 23.668829 13.381163 190.332819 155.676779 118.507347 98.820039 64.630784 101.787040
38.950000 197.512365 139.824814 103.394127 80.260067 66.155796 57.338090 39.507317 23.723239 13.422405 190.590055 155.892380 118.678130 98.966982 64.736060 101.937581
39.000000 197.777875 140.021076 103.546423 80.384285 66.262804 57.434290 39.581500 23.777648 13.463648 190.847272 156.107965 118.848901 99.113916 64.841331 102.088113
39.050000 198.043366 140.217325 103.698709 80.508496 66.369806 57.530486 39.655681 23.832055 13.504891 191.104472 156.323537 119.019661 99.260841 64.946596 102.238636
39.100000 198.308839 140.413561 103.850986 80.632700 66.476803 57.626677 39.729859 23.886462 13.546133 191.361653 156.539093 119.190411 99.407758 65.051855 102.389150
39.150000 198.574292 140.609784 104.003254 80.756897 66.583794 57.722863 39.804034 23.940867 13.587375 191.618816 156.754636 119.361149 99.554665 65.157110 102.539655
39.200000 198.839727 140.805993 104.155512 80.881087 66.690780 57.819045 39.878206 23.995271 13.628617 191.875962 156.970163 119.531877 99.701564 65.262359 102.690151
39.250000 199.105144 141.002190 104.307761 81.005270 66.797760 57.915221 39.952376 24.049674 13.669860 192.133089 157.185676 119.702594 99.848454 65.367602 102.840637
39.300000 199.370542 141.198375 104.460001 81.129446 66.904734 58.011394 40.026542 24.104075 13.711101 192.390198 157.401175 119.873300 99.995334 65.472840 102.991114
39.350000 199.635921 141.394546 104.612232 81.253615 67.011704 58.107561 40.100706 24.158476 13.752343 192.647290 157.616659 120.043996 100.142207 65.578073 103.141582
39.400000 199.901281 141.590704 104.764453 81.377777 67.118667 58.203724 40.174867 24.212875 13.793585 192.904363 157.832128 120.214681 100.289070 65.683301 103.292042
39.450000 200.166623 141.786850 104.916665 81.501932 67.225625 58.299882 40.249025 24.267273 13.834827 193.161419 158.047583 120.385354 100.435925 65.788523 103.442492
39.500000 200.431947 141.982982 105.068868 81.626080 67.332578 58.396036 40.323181 24.321669 13.876068 193.418457 158.263024 120.556018 100.582770 65.893739 103.592932
39.550000 200.697252 142.179102 105.221062 81.750222 67.439525 58.492185 40.397333 24.376065 13.917310 193.675477 158.478451 120.726670 100.729607 65.998950 103.743364
39.600000 200.962539 142.375209 105.373246 81.874356 67.546466 58.588330 40.471483 24.430459 13.958551 193.932480 158.693863 120.897312 100.876435 66.104156 103.893787
39.650000 201.227807 142.571304 105.525421 81.998484 67.653402 58.684470 40.545630 24.484852 13.999792 194.189464 158.909260 121.067943 101.023255 66.209357 104.044201
39.700000 201.493057 142.767385 105.677587 82.122605 67.760333 58.780605 40.619774 24.539244 14.041033 194.446431 159.124644 121.238563 101.170066 66.314552 104.194605
