web/models/kne/1/Metzger_0.001535_0.046207_0.100000.dat
# %ECSV 0.9
# ---
# datatype:
# - {name: time, datatype: float64}
# - {name: sdss_u, datatype: float64}
# - {name: sdss_g, datatype: float64}
# - {name: sdss_r, datatype: float64}
# - {name: sdss_i, datatype: float64}
# - {name: sdss_z, datatype: float64}
# - {name: PS1_y, datatype: float64}
# - {name: ukirt_J, datatype: float64}
# - {name: ukirt_H, datatype: float64}
# - {name: ukirt_K, datatype: float64}
# - {name: johnson_U, datatype: float64}
# - {name: johnson_B, datatype: float64}
# - {name: johnson_V, datatype: float64}
# - {name: johnson_R, datatype: float64}
# - {name: johnson_I, datatype: float64}
# - {name: Clear, datatype: float64}
# meta: !!omap
# - comment: [vej = 0.046206896551724136, mej = 0.0015350971392881912, Ye = 0.1, redshift = 0.0]
# schema: astropy-2.0
time sdss_u sdss_g sdss_r sdss_i sdss_z PS1_y ukirt_J ukirt_H ukirt_K johnson_U johnson_B johnson_V johnson_R johnson_I Clear
[from data line 2677]
133.950000 517.483588 377.578393 288.947099 232.476565 197.939024 176.289370 132.318547 93.055888 67.123049 500.715658 416.589204 326.166963 278.154255 194.456574 285.396854
134.000000 517.675087 377.720256 289.057448 232.566788 198.016911 176.359511 132.372907 93.096073 67.153797 500.901213 416.744918 326.290554 278.260760 194.533216 285.505938
134.050000 517.866582 377.862117 289.167795 232.657010 198.094798 176.429650 132.427266 93.136258 67.184545 501.086764 416.900629 326.414144 278.367265 194.609857 285.615022
134.100000 518.058075 378.003976 289.278141 232.747231 198.172683 176.499789 132.481624 93.176443 67.215293 501.272313 417.056339 326.537732 278.473767 194.686498 285.724103
134.150000 518.249565 378.145832 289.388485 232.837451 198.250568 176.569927 132.535982 93.216627 67.246041 501.457860 417.212046 326.661319 278.580269 194.763137 285.833184
134.200000 518.441052 378.287687 289.498828 232.927670 198.328452 176.640065 132.590339 93.256811 67.276788 501.643404 417.367751 326.784904 278.686769 194.839775 285.942263
134.250000 518.632537 378.429540 289.609169 233.017887 198.406334 176.710201 132.644696 93.296995 67.307535 501.828945 417.523454 326.908487 278.793268 194.916413 286.051341
134.300000 518.824019 378.571391 289.719510 233.108103 198.484216 176.780337 132.699052 93.337178 67.338282 502.014484 417.679155 327.032069 278.899765 194.993050 286.160417
134.350000 519.015498 378.713241 289.829848 233.198319 198.562097 176.850472 132.753408 93.377361 67.369029 502.200020 417.834853 327.155649 279.006261 195.069685 286.269491
134.400000 519.206975 378.855088 289.940185 233.288533 198.639977 176.920606 132.807763 93.417544 67.399776 502.385553 417.990550 327.279227 279.112756 195.146320 286.378565
134.450000 519.398449 378.996933 290.050521 233.378746 198.717856 176.990740 132.862118 93.457726 67.430522 502.571084 418.146244 327.402804 279.219249 195.222954 286.487637
134.500000 519.589920 379.138777 290.160855 233.468958 198.795734 177.060872 132.916472 93.497908 67.461268 502.756612 418.301937 327.526379 279.325741 195.299587 286.596707
134.550000 519.781389 379.280618 290.271188 233.559169 198.873611 177.131004 132.970825 93.538090 67.492014 502.942138 418.457627 327.649953 279.432231 195.376219 286.705776
134.600000 519.972854 379.422458 290.381520 233.649378 198.951487 177.201135 133.025178 93.578271 67.522760 503.127661 418.613315 327.773525 279.538721 195.452850 286.814844
134.650000 520.164317 379.564295 290.491850 233.739587 199.029363 177.271265 133.079530 93.618452 67.553506 503.313181 418.769001 327.897095 279.645208 195.529481 286.923910
134.700000 520.355778 379.706131 290.602178 233.829794 199.107237 177.341394 133.133882 93.658633 67.584252 503.498699 418.924684 328.020663 279.751695 195.606110 287.032975
134.750000 520.547235 379.847965 290.712505 233.920000 199.185110 177.411523 133.188233 93.698813 67.614997 503.684214 419.080366 328.144230 279.858180 195.682738 287.142039
134.800000 520.738690 379.989796 290.822831 234.010206 199.262983 177.481650 133.242584 93.738993 67.645742 503.869727 419.236045 328.267796 279.964663 195.759366 287.251101
134.850000 520.930143 380.131626 290.933155 234.100410 199.340854 177.551777 133.296934 93.779173 67.676487 504.055237 419.391723 328.391359 280.071146 195.835992 287.360161
134.900000 521.121592 380.273454 291.043478 234.190613 199.418725 177.621903 133.351283 93.819352 67.707231 504.240744 419.547398 328.514921 280.177626 195.912618 287.469220
134.950000 521.313039 380.415280 291.153800 234.280814 199.496595 177.692028 133.405632 93.859531 67.737976 504.426249 419.703071 328.638482 280.284106 195.989243 287.578278
135.000000 521.504484 380.557104 291.264120 234.371015 199.574464 177.762153 133.459981 93.899709 67.768720 504.611751 419.858742 328.762040 280.390584 196.065867 287.687335
135.050000 521.695925 380.698927 291.374438 234.461215 199.652332 177.832276 133.514329 93.939887 67.799464 504.797251 420.014410 328.885597 280.497061 196.142490 287.796390
135.100000 521.887364 380.840747 291.484755 234.551413 199.730199 177.902399 133.568676 93.980065 67.830208 504.982748 420.170077 329.009153 280.603536 196.219112 287.905443
135.150000 522.078800 380.982565 291.595071 234.641611 199.808065 177.972521 133.623023 94.020243 67.860952 505.168242 420.325741 329.132707 280.710010 196.295733 288.014495
135.200000 522.270234 381.124382 291.705385 234.731807 199.885930 178.042643 133.677369 94.060420 67.891696 505.353734 420.481404 329.256259 280.816483 196.372354 288.123546
135.250000 522.461664 381.266196 291.815698 234.822002 199.963794 178.112763 133.731714 94.100597 67.922439 505.539223 420.637064 329.379810 280.922954 196.448973 288.232595
135.300000 522.653092 381.408009 291.926009 234.912196 200.041657 178.182883 133.786059 94.140774 67.953182 505.724710 420.792722 329.503358 281.029424 196.525591 288.341643
135.350000 522.844518 381.549820 292.036319 235.002389 200.119519 178.253002 133.840404 94.180950 67.983925 505.910194 420.948378 329.626906 281.135893 196.602209 288.450690
135.400000 523.035941 381.691629 292.146628 235.092581 200.197381 178.323120 133.894748 94.221126 68.014668 506.095675 421.104032 329.750451 281.242360 196.678826 288.559735
135.450000 523.227361 381.833436 292.256935 235.182771 200.275241 178.393237 133.949091 94.261301 68.045411 506.281154 421.259684 329.873995 281.348826 196.755441 288.668779
135.500000 523.418778 381.975241 292.367241 235.272961 200.353101 178.463353 134.003434 94.301476 68.076153 506.466630 421.415333 329.997538 281.455290 196.832056 288.777821
135.550000 523.610193 382.117044 292.477545 235.363149 200.430960 178.533469 134.057776 94.341651 68.106895 506.652104 421.570981 330.121079 281.561753 196.908670 288.886862
135.600000 523.801605 382.258845 292.587848 235.453337 200.508817 178.603584 134.112118 94.381826 68.137637 506.837575 421.726626 330.244618 281.668215 196.985283 288.995902
135.650000 523.993014 382.400644 292.698149 235.543523 200.586674 178.673698 134.166459 94.422000 68.168379 507.023044 421.882269 330.368155 281.774676 197.061896 289.104940
135.700000 524.184421 382.542441 292.808449 235.633708 200.664530 178.743811 134.220800 94.462174 68.199121 507.208510 422.037910 330.491691 281.881135 197.138507 289.213976
135.750000 524.375825 382.684237 292.918748 235.723892 200.742385 178.813923 134.275140 94.502347 68.229862 507.393973 422.193549 330.615226 281.987592 197.215117 289.323012
135.800000 524.567226 382.826030 293.029045 235.814075 200.820239 178.884035 134.329479 94.542520 68.260603 507.579434 422.349186 330.738758 282.094049 197.291727 289.432046
135.850000 524.758625 382.967822 293.139341 235.904257 200.898092 178.954146 134.383818 94.582693 68.291344 507.764892 422.504821 330.862289 282.200504 197.368335 289.541078
135.900000 524.950021 383.109612 293.249635 235.994438 200.975944 179.024256 134.438156 94.622866 68.322085 507.950348 422.660453 330.985819 282.306957 197.444943 289.650109
135.950000 525.141414 383.251400 293.359928 236.084617 201.053796 179.094365 134.492494 94.663038 68.352826 508.135801 422.816084 331.109347 282.413409 197.521550 289.759139
136.000000 525.332805 383.393186 293.470220 236.174796 201.131646 179.164473 134.546831 94.703210 68.383566 508.321251 422.971712 331.232873 282.519860 197.598156 289.868167
136.050000 525.524193 383.534970 293.580510 236.264973 201.209496 179.234581 134.601168 94.743381 68.414307 508.506699 423.127339 331.356397 282.626310 197.674761 289.977194
136.100000 525.715578 383.676752 293.690799 236.355149 201.287344 179.304688 134.655504 94.783552 68.445047 508.692144 423.282963 331.479920 282.732758 197.751365 290.086220
136.150000 525.906961 383.818532 293.801086 236.445325 201.365192 179.374794 134.709840 94.823723 68.475787 508.877587 423.438585 331.603441 282.839205 197.827968 290.195244
136.200000 526.098341 383.960310 293.911372 236.535499 201.443038 179.444899 134.764175 94.863893 68.506526 509.063027 423.594205 331.726961 282.945650 197.904570 290.304267
136.250000 526.289718 384.102087 294.021656 236.625671 201.520884 179.515004 134.818509 94.904063 68.537266 509.248465 423.749823 331.850479 283.052094 197.981172 290.413288
136.300000 526.481093 384.243861 294.131939 236.715843 201.598729 179.585107 134.872843 94.944233 68.568005 509.433900 423.905438 331.973996 283.158537 198.057772 290.522308
136.350000 526.672465 384.385634 294.242221 236.806014 201.676573 179.655210 134.927176 94.984403 68.598744 509.619332 424.061052 332.097511 283.264978 198.134372 290.631326
136.400000 526.863834 384.527405 294.352501 236.896184 201.754416 179.725312 134.981509 95.024572 68.629483 509.804762 424.216663 332.221024 283.371418 198.210970 290.740344
136.450000 527.055201 384.669174 294.462780 236.986352 201.832258 179.795413 135.035842 95.064741 68.660222 509.990190 424.372273 332.344535 283.477857 198.287568 290.849359
136.500000 527.246565 384.810941 294.573057 237.076520 201.910100 179.865514 135.090173 95.104909 68.690961 510.175614 424.527880 332.468045 283.584294 198.364165 290.958374
136.550000 527.437927 384.952706 294.683333 237.166686 201.987940 179.935614 135.144504 95.145077 68.721699 510.361037 424.683485 332.591554 283.690730 198.440761 291.067387
136.600000 527.629285 385.094469 294.793608 237.256851 202.065779 180.005712 135.198835 95.185245 68.752437 510.546456 424.839088 332.715061 283.797165 198.517356 291.176398
136.650000 527.820641 385.236230 294.903881 237.347015 202.143618 180.075810 135.253165 95.225412 68.783175 510.731873 424.994689 332.838566 283.903598 198.593950 291.285408
136.700000 528.011995 385.377989 295.014153 237.437178 202.221455 180.145908 135.307494 95.265579 68.813913 510.917288 425.150288 332.962069 284.010030 198.670544 291.394417
136.750000 528.203346 385.519747 295.124423 237.527340 202.299292 180.216004 135.361823 95.305746 68.844651 511.102700 425.305885 333.085571 284.116461 198.747136 291.503425
136.800000 528.394694 385.661503 295.234692 237.617501 202.377128 180.286100 135.416152 95.345913 68.875388 511.288109 425.461480 333.209072 284.222890 198.823728 291.612431
136.850000 528.586039 385.803256 295.344959 237.707661 202.454963 180.356195 135.470480 95.386079 68.906125 511.473516 425.617072 333.332570 284.329318 198.900318 291.721435
136.900000 528.777382 385.945008 295.455225 237.797819 202.532797 180.426289 135.524807 95.426244 68.936862 511.658920 425.772663 333.456067 284.435744 198.976908 291.830439
136.950000 528.968722 386.086758 295.565490 237.887977 202.610630 180.496382 135.579134 95.466410 68.967599 511.844322 425.928251 333.579563 284.542169 199.053497 291.939440
137.000000 529.160060 386.228506 295.675753 237.978133 202.688462 180.566475 135.633460 95.506575 68.998336 512.029721 426.083837 333.703057 284.648593 199.130085 292.048441
137.050000 529.351395 386.370252 295.786015 238.068289 202.766293 180.636567 135.687785 95.546740 69.029072 512.215118 426.239421 333.826549 284.755016 199.206672 292.157440
137.100000 529.542727 386.511997 295.896276 238.158443 202.844123 180.706657 135.742110 95.586904 69.059808 512.400512 426.395003 333.950040 284.861437 199.283258 292.266438
137.150000 529.734057 386.653739 296.006535 238.248596 202.921952 180.776748 135.796435 95.627068 69.090544 512.585904 426.550583 334.073529 284.967857 199.359844 292.375434
137.200000 529.925384 386.795479 296.116793 238.338748 202.999781 180.846837 135.850759 95.667232 69.121280 512.771293 426.706161 334.197016 285.074275 199.436428 292.484429
137.250000 530.116708 386.937218 296.227049 238.428899 203.077609 180.916926 135.905082 95.707395 69.152016 512.956679 426.861737 334.320502 285.180692 199.513012 292.593423
137.300000 530.308030 387.078955 296.337304 238.519049 203.155435 180.987013 135.959405 95.747558 69.182751 513.142063 427.017311 334.443986 285.287108 199.589594 292.702415
137.350000 530.499349 387.220690 296.447557 238.609198 203.233261 181.057100 136.013727 95.787721 69.213487 513.327444 427.172882 334.567469 285.393522 199.666176 292.811405
137.400000 530.690666 387.362423 296.557809 238.699345 203.311086 181.127186 136.068049 95.827883 69.244222 513.512823 427.328452 334.690950 285.499935 199.742757 292.920395
137.450000 530.881979 387.504154 296.668060 238.789492 203.388910 181.197272 136.122370 95.868045 69.274957 513.698200 427.484019 334.814430 285.606347 199.819337 293.029383
137.500000 531.073291 387.645883 296.778309 238.879637 203.466733 181.267356 136.176691 95.908207 69.305691 513.883573 427.639585 334.937907 285.712758 199.895916 293.138370
137.550000 531.264599 387.787610 296.888557 238.969782 203.544555 181.337440 136.231011 95.948369 69.336426 514.068944 427.795148 335.061384 285.819167 199.972494 293.247355
137.600000 531.455905 387.929336 296.998804 239.059925 203.622376 181.407523 136.285331 95.988530 69.367160 514.254313 427.950709 335.184858 285.925574 200.049071 293.356339
137.650000 531.647209 388.071060 297.109049 239.150067 203.700196 181.477606 136.339650 96.028690 69.397894 514.439679 428.106268 335.308331 286.031981 200.125648 293.465321
137.700000 531.838509 388.212781 297.219292 239.240208 203.778016 181.547687 136.393968 96.068851 69.428628 514.625043 428.261825 335.431803 286.138386 200.202223 293.574302
137.750000 532.029807 388.354501 297.329535 239.330348 203.855834 181.617768 136.448286 96.109011 69.459362 514.810404 428.417380 335.555273 286.244789 200.278798 293.683282
137.800000 532.221103 388.496219 297.439775 239.420487 203.933652 181.687848 136.502603 96.149170 69.490096 514.995762 428.572933 335.678741 286.351192 200.355372 293.792260
137.850000 532.412396 388.637935 297.550015 239.510625 204.011468 181.757927 136.556920 96.189330 69.520829 515.181118 428.728484 335.802208 286.457593 200.431945 293.901237
137.900000 532.603686 388.779649 297.660253 239.600761 204.089284 181.828005 136.611237 96.229489 69.551562 515.366472 428.884032 335.925673 286.563992 200.508517 294.010213
137.950000 532.794973 388.921362 297.770490 239.690897 204.167099 181.898083 136.665552 96.269648 69.582295 515.551823 429.039579 336.049136 286.670391 200.585088 294.119187
138.000000 532.986258 389.063072 297.880725 239.781032 204.244913 181.968159 136.719867 96.309806 69.613028 515.737171 429.195123 336.172598 286.776788 200.661658 294.228160
138.050000 533.177541 389.204781 297.990959 239.871165 204.322726 182.038235 136.774182 96.349964 69.643761 515.922517 429.350666 336.296058 286.883183 200.738227 294.337132
138.100000 533.368820 389.346488 298.101191 239.961297 204.400538 182.108310 136.828496 96.390122 69.674493 516.107860 429.506206 336.419517 286.989578 200.814796 294.446102
138.150000 533.560097 389.488193 298.211423 240.051429 204.478349 182.178385 136.882810 96.430279 69.705225 516.293201 429.661744 336.542974 287.095971 200.891363 294.555071
138.200000 533.751372 389.629896 298.321652 240.141559 204.556160 182.248458 136.937123 96.470436 69.735957 516.478539 429.817281 336.666430 287.202362 200.967930 294.664038
138.250000 533.942644 389.771597 298.431881 240.231688 204.633969 182.318531 136.991435 96.510593 69.766689 516.663875 429.972815 336.789884 287.308753 201.044496 294.773004
138.300000 534.133913 389.913296 298.542108 240.321816 204.711778 182.388603 137.045747 96.550749 69.797421 516.849208 430.128347 336.913336 287.415142 201.121061 294.881969
138.350000 534.325180 390.054994 298.652333 240.411943 204.789585 182.458674 137.100058 96.590905 69.828152 517.034539 430.283877 337.036787 287.521529 201.197625 294.990932
138.400000 534.516444 390.196689 298.762557 240.502069 204.867392 182.528745 137.154369 96.631061 69.858884 517.219867 430.439405 337.160236 287.627916 201.274188 295.099894
138.450000 534.707705 390.338383 298.872780 240.592193 204.945198 182.598814 137.208679 96.671216 69.889615 517.405193 430.594930 337.283683 287.734301 201.350750 295.208854
