web/models/kne/1/Metzger_0.008525_0.078621_0.100000.dat
# %ECSV 0.9
# ---
# datatype:
# - {name: time, datatype: float64}
# - {name: sdss_u, datatype: float64}
# - {name: sdss_g, datatype: float64}
# - {name: sdss_r, datatype: float64}
# - {name: sdss_i, datatype: float64}
# - {name: sdss_z, datatype: float64}
# - {name: PS1_y, datatype: float64}
# - {name: ukirt_J, datatype: float64}
# - {name: ukirt_H, datatype: float64}
# - {name: ukirt_K, datatype: float64}
# - {name: johnson_U, datatype: float64}
# - {name: johnson_B, datatype: float64}
# - {name: johnson_V, datatype: float64}
# - {name: johnson_R, datatype: float64}
# - {name: johnson_I, datatype: float64}
# - {name: Clear, datatype: float64}
# meta: !!omap
# - comment: [vej = 0.07862068965517241, mej = 0.008524704073694048, Ye = 0.1, redshift = 0.0]
# schema: astropy-2.0
time sdss_u sdss_g sdss_r sdss_i sdss_z PS1_y ukirt_J ukirt_H ukirt_K johnson_U johnson_B johnson_V johnson_R johnson_I Clear
[from data line 2878]
144.000000 468.602598 340.974258 260.137632 208.644948 177.158531 157.424962 117.357408 81.600604 58.001958 453.304830 376.559151 294.082002 250.295323 173.984089 256.900021
144.050000 468.765312 341.094780 260.231367 208.721575 177.224673 157.484518 117.403550 81.634698 58.028030 453.462492 376.691447 294.186993 250.385791 174.049172 256.992681
144.100000 468.928024 341.215301 260.325100 208.798201 177.290813 157.544074 117.449692 81.668791 58.054102 453.620151 376.823741 294.291983 250.476257 174.114254 257.085340
144.150000 469.090734 341.335820 260.418832 208.874827 177.356953 157.603629 117.495833 81.702884 58.080173 453.777808 376.956034 294.396972 250.566723 174.179335 257.177998
144.200000 469.253441 341.456338 260.512563 208.951451 177.423093 157.663184 117.541974 81.736977 58.106244 453.935464 377.088325 294.501960 250.657188 174.244416 257.270655
144.250000 469.416147 341.576854 260.606293 209.028075 177.489231 157.722738 117.588115 81.771070 58.132316 454.093117 377.220614 294.606946 250.747651 174.309496 257.363310
144.300000 469.578850 341.697369 260.700022 209.104698 177.555369 157.782291 117.634255 81.805162 58.158387 454.250768 377.352902 294.711931 250.838114 174.374576 257.455965
144.350000 469.741551 341.817882 260.793750 209.181320 177.621506 157.841844 117.680394 81.839254 58.184458 454.408417 377.485188 294.816914 250.928575 174.439654 257.548618
144.400000 469.904250 341.938394 260.887476 209.257941 177.687643 157.901396 117.726534 81.873346 58.210529 454.566064 377.617472 294.921896 251.019035 174.504732 257.641270
144.450000 470.066946 342.058904 260.981202 209.334561 177.753778 157.960948 117.772672 81.907438 58.236600 454.723709 377.749754 295.026877 251.109494 174.569810 257.733921
144.500000 470.229641 342.179412 261.074926 209.411180 177.819913 158.020498 117.818811 81.941529 58.262670 454.881351 377.882035 295.131857 251.199952 174.634886 257.826571
144.550000 470.392333 342.299919 261.168649 209.487799 177.886047 158.080049 117.864949 81.975621 58.288741 455.038992 378.014314 295.236835 251.290409 174.699962 257.919220
144.600000 470.555024 342.420425 261.262371 209.564416 177.952181 158.139598 117.911086 82.009712 58.314811 455.196631 378.146592 295.341812 251.380865 174.765037 258.011868
144.650000 470.717712 342.540929 261.356092 209.641033 178.018314 158.199147 117.957223 82.043802 58.340881 455.354267 378.278867 295.446788 251.471320 174.830112 258.104515
144.700000 470.880398 342.661431 261.449812 209.717649 178.084446 158.258696 118.003360 82.077893 58.366951 455.511902 378.411141 295.551763 251.561774 174.895185 258.197160
144.750000 471.043082 342.781932 261.543531 209.794263 178.150577 158.318243 118.049496 82.111983 58.393021 455.669534 378.543414 295.656736 251.652226 174.960258 258.289805
144.800000 471.205764 342.902432 261.637248 209.870878 178.216708 158.377790 118.095632 82.146073 58.419091 455.827165 378.675684 295.761708 251.742678 175.025331 258.382448
144.850000 471.368443 343.022930 261.730965 209.947491 178.282838 158.437337 118.141767 82.180162 58.445161 455.984793 378.807953 295.866678 251.833128 175.090402 258.475091
144.900000 471.531121 343.143426 261.824680 210.024103 178.348967 158.496883 118.187902 82.214252 58.471230 456.142419 378.940220 295.971648 251.923578 175.155473 258.567732
144.950000 471.693796 343.263921 261.918394 210.100714 178.415095 158.556428 118.234036 82.248341 58.497300 456.300044 379.072486 296.076616 252.014026 175.220543 258.660372
145.000000 471.856469 343.384414 262.012107 210.177325 178.481223 158.615973 118.280170 82.282430 58.523369 456.457666 379.204750 296.181582 252.104474 175.285613 258.753011
145.050000 472.019140 343.504906 262.105819 210.253935 178.547350 158.675517 118.326304 82.316519 58.549438 456.615286 379.337012 296.286548 252.194920 175.350682 258.845648
145.100000 472.181809 343.625396 262.199530 210.330543 178.613476 158.735060 118.372437 82.350607 58.575507 456.772904 379.469272 296.391512 252.285365 175.415750 258.938285
145.150000 472.344476 343.745885 262.293240 210.407151 178.679602 158.794603 118.418570 82.384695 58.601576 456.930520 379.601531 296.496475 252.375809 175.480817 259.030921
145.200000 472.507141 343.866372 262.386948 210.483758 178.745727 158.854145 118.464702 82.418783 58.627645 457.088134 379.733788 296.601436 252.466252 175.545884 259.123555
145.250000 472.669803 343.986858 262.480656 210.560365 178.811851 158.913686 118.510834 82.452871 58.653713 457.245745 379.866044 296.706397 252.556694 175.610950 259.216189
145.300000 472.832464 344.107342 262.574362 210.636970 178.877974 158.973227 118.556966 82.486958 58.679782 457.403355 379.998297 296.811356 252.647135 175.676015 259.308821
145.350000 472.995122 344.227825 262.668067 210.713574 178.944097 159.032767 118.603097 82.521045 58.705850 457.560963 380.130549 296.916313 252.737574 175.741080 259.401452
145.400000 473.157778 344.348306 262.761771 210.790178 179.010219 159.092307 118.649227 82.555132 58.731918 457.718569 380.262800 297.021270 252.828013 175.806144 259.494082
145.450000 473.320432 344.468786 262.855474 210.866781 179.076340 159.151846 118.695358 82.589219 58.757986 457.876172 380.395049 297.126225 252.918451 175.871207 259.586711
145.500000 473.483084 344.589264 262.949176 210.943382 179.142461 159.211384 118.741487 82.623305 58.784054 458.033774 380.527296 297.231179 253.008887 175.936269 259.679339
145.550000 473.645734 344.709741 263.042877 211.019983 179.208580 159.270922 118.787617 82.657391 58.810122 458.191373 380.659541 297.336131 253.099323 176.001331 259.771966
145.600000 473.808382 344.830216 263.136576 211.096583 179.274700 159.330459 118.833746 82.691477 58.836190 458.348971 380.791784 297.441083 253.189757 176.066392 259.864591
145.650000 473.971027 344.950690 263.230275 211.173183 179.340818 159.389996 118.879874 82.725563 58.862257 458.506566 380.924026 297.546033 253.280190 176.131452 259.957216
145.700000 474.133671 345.071162 263.323972 211.249781 179.406936 159.449531 118.926002 82.759648 58.888325 458.664160 381.056267 297.650981 253.370622 176.196512 260.049839
145.750000 474.296312 345.191633 263.417668 211.326378 179.473053 159.509067 118.972130 82.793733 58.914392 458.821751 381.188505 297.755929 253.461054 176.261571 260.142462
145.800000 474.458951 345.312102 263.511363 211.402975 179.539169 159.568601 119.018257 82.827818 58.940459 458.979340 381.320742 297.860875 253.551484 176.326629 260.235083
145.850000 474.621588 345.432570 263.605057 211.479571 179.605284 159.628135 119.064384 82.861903 58.966526 459.136928 381.452977 297.965820 253.641913 176.391687 260.327703
145.900000 474.784223 345.553036 263.698750 211.556166 179.671399 159.687669 119.110510 82.895987 58.992593 459.294513 381.585211 298.070763 253.732341 176.456744 260.420322
145.950000 474.946856 345.673500 263.792442 211.632760 179.737513 159.747201 119.156636 82.930071 59.018660 459.452096 381.717443 298.175706 253.822768 176.521800 260.512940
146.000000 475.109486 345.793964 263.886133 211.709353 179.803627 159.806734 119.202762 82.964155 59.044726 459.609677 381.849673 298.280647 253.913193 176.586855 260.605557
146.050000 475.272115 345.914425 263.979822 211.785945 179.869739 159.866265 119.248887 82.998239 59.070793 459.767256 381.981902 298.385587 254.003618 176.651910 260.698173
146.100000 475.434742 346.034885 264.073511 211.862536 179.935851 159.925796 119.295011 83.032322 59.096859 459.924833 382.114129 298.490525 254.094042 176.716964 260.790787
146.150000 475.597366 346.155344 264.167198 211.939127 180.001962 159.985326 119.341136 83.066405 59.122925 460.082408 382.246354 298.595462 254.184464 176.782017 260.883401
146.200000 475.759988 346.275801 264.260884 212.015716 180.068073 160.044856 119.387259 83.100488 59.148991 460.239981 382.378577 298.700398 254.274886 176.847070 260.976013
146.250000 475.922608 346.396257 264.354569 212.092305 180.134183 160.104385 119.433383 83.134571 59.175057 460.397552 382.510799 298.805333 254.365306 176.912122 261.068624
146.300000 476.085226 346.516711 264.448253 212.168893 180.200292 160.163913 119.479506 83.168653 59.201123 460.555121 382.643019 298.910266 254.455726 176.977173 261.161235
146.350000 476.247842 346.637164 264.541936 212.245480 180.266400 160.223441 119.525628 83.202735 59.227188 460.712688 382.775238 299.015198 254.546144 177.042224 261.253844
146.400000 476.410456 346.757615 264.635618 212.322066 180.332508 160.282969 119.571750 83.236817 59.253254 460.870252 382.907455 299.120129 254.636562 177.107274 261.346452
146.450000 476.573068 346.878064 264.729298 212.398652 180.398615 160.342495 119.617872 83.270899 59.279319 461.027815 383.039670 299.225059 254.726978 177.172323 261.439059
146.500000 476.735677 346.998512 264.822978 212.475236 180.464721 160.402021 119.663993 83.304980 59.305385 461.185376 383.171883 299.329987 254.817393 177.237371 261.531665
146.550000 476.898285 347.118959 264.916656 212.551820 180.530826 160.461546 119.710114 83.339061 59.331450 461.342935 383.304095 299.434914 254.907807 177.302419 261.624269
146.600000 477.060890 347.239404 265.010333 212.628403 180.596931 160.521071 119.756235 83.373142 59.357515 461.500491 383.436305 299.539840 254.998220 177.367466 261.716873
146.650000 477.223493 347.359848 265.104010 212.704984 180.663035 160.580595 119.802355 83.407223 59.383579 461.658046 383.568514 299.644764 255.088632 177.432512 261.809476
146.700000 477.386095 347.480290 265.197685 212.781565 180.729139 160.640119 119.848474 83.441303 59.409644 461.815598 383.700721 299.749687 255.179043 177.497558 261.902077
146.750000 477.548694 347.600731 265.291359 212.858146 180.795241 160.699642 119.894593 83.475383 59.435709 461.973149 383.832926 299.854609 255.269453 177.562603 261.994678
146.800000 477.711291 347.721170 265.385031 212.934725 180.861343 160.759164 119.940712 83.509463 59.461773 462.130698 383.965129 299.959530 255.359862 177.627647 262.087277
146.850000 477.873885 347.841607 265.478703 213.011303 180.927444 160.818685 119.986830 83.543543 59.487837 462.288244 384.097331 300.064449 255.450269 177.692691 262.179875
146.900000 478.036478 347.962044 265.572374 213.087881 180.993545 160.878206 120.032948 83.577622 59.513902 462.445789 384.229531 300.169367 255.540676 177.757734 262.272472
146.950000 478.199069 348.082478 265.666043 213.164458 181.059645 160.937727 120.079066 83.611701 59.539966 462.603331 384.361730 300.274284 255.631081 177.822776 262.365068
147.000000 478.361657 348.202911 265.759712 213.241033 181.125744 160.997247 120.125183 83.645780 59.566030 462.760871 384.493927 300.379200 255.721486 177.887817 262.457663
147.050000 478.524244 348.323343 265.853379 213.317608 181.191842 161.056766 120.171299 83.679859 59.592093 462.918410 384.626122 300.484114 255.811889 177.952858 262.550257
147.100000 478.686828 348.443773 265.947045 213.394182 181.257940 161.116284 120.217416 83.713937 59.618157 463.075946 384.758315 300.589027 255.902292 178.017898 262.642850
147.150000 478.849410 348.564202 266.040710 213.470756 181.324037 161.175802 120.263531 83.748015 59.644220 463.233480 384.890507 300.693939 255.992693 178.082938 262.735441
147.200000 479.011991 348.684629 266.134374 213.547328 181.390133 161.235320 120.309647 83.782093 59.670284 463.391013 385.022697 300.798849 256.083094 178.147976 262.828032
147.250000 479.174569 348.805055 266.228037 213.623900 181.456229 161.294836 120.355762 83.816171 59.696347 463.548543 385.154886 300.903759 256.173493 178.213014 262.920621
147.300000 479.337145 348.925479 266.321699 213.700470 181.522324 161.354353 120.401876 83.850248 59.722410 463.706071 385.287073 301.008667 256.263891 178.278052 263.013210
147.350000 479.499719 349.045902 266.415360 213.777040 181.588418 161.413868 120.447990 83.884326 59.748473 463.863598 385.419258 301.113573 256.354288 178.343088 263.105797
147.400000 479.662290 349.166323 266.509019 213.853609 181.654511 161.473383 120.494104 83.918402 59.774536 464.021122 385.551442 301.218479 256.444684 178.408124 263.198383
147.450000 479.824860 349.286743 266.602678 213.930177 181.720604 161.532897 120.540217 83.952479 59.800599 464.178644 385.683624 301.323383 256.535079 178.473160 263.290968
147.500000 479.987428 349.407161 266.696335 214.006744 181.786696 161.592411 120.586330 83.986555 59.826661 464.336164 385.815804 301.428286 256.625473 178.538194 263.383552
147.550000 480.149993 349.527578 266.789991 214.083311 181.852787 161.651924 120.632442 84.020632 59.852724 464.493682 385.947982 301.533187 256.715866 178.603228 263.476135
147.600000 480.312557 349.647993 266.883647 214.159876 181.918878 161.711436 120.678554 84.054707 59.878786 464.651199 386.080159 301.638088 256.806258 178.668261 263.568717
147.650000 480.475118 349.768407 266.977301 214.236441 181.984968 161.770948 120.724666 84.088783 59.904848 464.808713 386.212335 301.742987 256.896649 178.733294 263.661298
147.700000 480.637677 349.888820 267.070954 214.313005 182.051057 161.830459 120.770777 84.122858 59.930910 464.966225 386.344508 301.847885 256.987038 178.798325 263.753877
147.750000 480.800234 350.009230 267.164605 214.389568 182.117145 161.889970 120.816888 84.156934 59.956972 465.123735 386.476680 301.952781 257.077427 178.863357 263.846456
147.800000 480.962789 350.129640 267.258256 214.466130 182.183233 161.949480 120.862998 84.191009 59.983034 465.281243 386.608851 302.057677 257.167815 178.928387 263.939033
147.850000 481.125342 350.250048 267.351906 214.542691 182.249320 162.008989 120.909108 84.225083 60.009095 465.438749 386.741019 302.162571 257.258201 178.993417 264.031610
147.900000 481.287893 350.370454 267.445554 214.619251 182.315407 162.068498 120.955217 84.259158 60.035157 465.596253 386.873186 302.267464 257.348587 179.058446 264.124185
147.950000 481.450442 350.490859 267.539202 214.695811 182.381492 162.128006 121.001326 84.293232 60.061218 465.753755 387.005352 302.372355 257.438971 179.123474 264.216759
148.000000 481.612989 350.611263 267.632848 214.772370 182.447577 162.187514 121.047435 84.327306 60.087279 465.911255 387.137516 302.477245 257.529355 179.188502 264.309333
148.050000 481.775534 350.731665 267.726493 214.848928 182.513661 162.247020 121.093543 84.361379 60.113340 466.068754 387.269678 302.582134 257.619737 179.253529 264.401905
148.100000 481.938076 350.852065 267.820138 214.925484 182.579745 162.306527 121.139651 84.395453 60.139401 466.226250 387.401838 302.687022 257.710118 179.318555 264.494476
148.150000 482.100617 350.972464 267.913781 215.002041 182.645828 162.366032 121.185758 84.429526 60.165462 466.383744 387.533997 302.791909 257.800499 179.383580 264.587046
148.200000 482.263155 351.092862 268.007423 215.078596 182.711910 162.425538 121.231865 84.463599 60.191523 466.541236 387.666154 302.896794 257.890878 179.448605 264.679614
148.250000 482.425692 351.213258 268.101064 215.155150 182.777991 162.485042 121.277971 84.497671 60.217583 466.698726 387.798310 303.001678 257.981256 179.513629 264.772182
148.300000 482.588226 351.333652 268.194703 215.231704 182.844072 162.544546 121.324077 84.531744 60.243644 466.856214 387.930464 303.106561 258.071633 179.578653 264.864749
148.350000 482.750758 351.454045 268.288342 215.308257 182.910152 162.604049 121.370183 84.565816 60.269704 467.013700 388.062616 303.211442 258.162009 179.643676 264.957314
148.400000 482.913288 351.574437 268.381980 215.384808 182.976231 162.663552 121.416288 84.599888 60.295764 467.171184 388.194766 303.316323 258.252384 179.708698 265.049879
148.450000 483.075816 351.694827 268.475616 215.461359 183.042310 162.723054 121.462393 84.633959 60.321824 467.328666 388.326915 303.421201 258.342758 179.773719 265.142442
148.500000 483.238342 351.815216 268.569251 215.537910 183.108388 162.782555 121.508498 84.668031 60.347884 467.486146 388.459063 303.526079 258.433131 179.838740 265.235005
