web/models/kne/1/Metzger_0.001535_0.159655_0.450000.dat
# %ECSV 0.9
# ---
# datatype:
# - {name: time, datatype: float64}
# - {name: sdss_u, datatype: float64}
# - {name: sdss_g, datatype: float64}
# - {name: sdss_r, datatype: float64}
# - {name: sdss_i, datatype: float64}
# - {name: sdss_z, datatype: float64}
# - {name: PS1_y, datatype: float64}
# - {name: ukirt_J, datatype: float64}
# - {name: ukirt_H, datatype: float64}
# - {name: ukirt_K, datatype: float64}
# - {name: johnson_U, datatype: float64}
# - {name: johnson_B, datatype: float64}
# - {name: johnson_V, datatype: float64}
# - {name: johnson_R, datatype: float64}
# - {name: johnson_I, datatype: float64}
# - {name: Clear, datatype: float64}
# meta: !!omap
# - comment: [vej = 0.1596551724137931, mej = 0.0015350971392881912, Ye = 0.45, redshift = 0.0]
# schema: astropy-2.0
time sdss_u sdss_g sdss_r sdss_i sdss_z PS1_y ukirt_J ukirt_H ukirt_K johnson_U johnson_B johnson_V johnson_R johnson_I Clear
[from data line 1618]
81.000000 609.456745 445.399948 341.434619 275.171428 234.631572 209.212506 157.562991 111.403450 80.878678 589.796644 491.150384 385.098187 328.771837 230.543195 337.269345
81.050000 609.823863 445.671966 341.646257 275.344505 234.781015 209.347107 157.667355 111.480657 80.937803 590.152373 491.448940 385.335197 328.976112 230.690252 337.478561
81.100000 610.190970 445.943976 341.857889 275.517579 234.930454 209.481703 157.771717 111.557862 80.996928 590.508093 491.747488 385.572202 329.180381 230.837305 337.687771
81.150000 610.558068 446.215979 342.069515 275.690647 235.079889 209.616297 157.876076 111.635066 81.056051 590.863803 492.046027 385.809200 329.384645 230.984355 337.896976
81.200000 610.925155 446.487974 342.281136 275.863712 235.229320 209.750887 157.980433 111.712268 81.115173 591.219503 492.344558 386.046191 329.588903 231.131401 338.106176
81.250000 611.292232 446.759963 342.492751 276.036772 235.378748 209.885474 158.084788 111.789468 81.174295 591.575193 492.643081 386.283177 329.793156 231.278443 338.315370
81.300000 611.659299 447.031943 342.704361 276.209827 235.528172 210.020058 158.189140 111.866668 81.233415 591.930873 492.941596 386.520156 329.997404 231.425482 338.524558
81.350000 612.026355 447.303916 342.915965 276.382879 235.677593 210.154639 158.293490 111.943865 81.292534 592.286543 493.240103 386.757128 330.201647 231.572517 338.733741
81.400000 612.393401 447.575882 343.127564 276.555925 235.827010 210.289216 158.397838 112.021061 81.351653 592.642203 493.538601 386.994094 330.405884 231.719548 338.942918
81.450000 612.760437 447.847841 343.339157 276.728968 235.976423 210.423790 158.502184 112.098255 81.410770 592.997854 493.837092 387.231054 330.610115 231.866576 339.152090
81.500000 613.127463 448.119792 343.550745 276.902006 236.125832 210.558361 158.606527 112.175448 81.469887 593.353494 494.135574 387.468008 330.814342 232.013600 339.361257
81.550000 613.494479 448.391736 343.762327 277.075039 236.275238 210.692929 158.710867 112.252640 81.529002 593.709125 494.434048 387.704956 331.018563 232.160620 339.570418
81.600000 613.861484 448.663672 343.973903 277.248069 236.424640 210.827493 158.815206 112.329830 81.588116 594.064746 494.732514 387.941897 331.222779 232.307637 339.779573
81.650000 614.228480 448.935601 344.185474 277.421093 236.574038 210.962054 158.919542 112.407018 81.647230 594.420357 495.030972 388.178831 331.426989 232.454650 339.988723
81.700000 614.595465 449.207523 344.397039 277.594114 236.723433 211.096612 159.023875 112.484205 81.706342 594.775958 495.329422 388.415760 331.631194 232.601660 340.197868
81.750000 614.962440 449.479438 344.608599 277.767130 236.872824 211.231166 159.128207 112.561390 81.765454 595.131550 495.627863 388.652682 331.835394 232.748666 340.407007
81.800000 615.329405 449.751345 344.820154 277.940141 237.022211 211.365718 159.232536 112.638574 81.824564 595.487131 495.926297 388.889598 332.039588 232.895669 340.616140
81.850000 615.696359 450.023245 345.031702 278.113149 237.171595 211.500266 159.336862 112.715756 81.883674 595.842703 496.224722 389.126508 332.243777 233.042667 340.825268
81.900000 616.063304 450.295137 345.243246 278.286152 237.320975 211.634811 159.441187 112.792937 81.942782 596.198265 496.523139 389.363411 332.447961 233.189663 341.034391
81.950000 616.430238 450.567022 345.454783 278.459150 237.470351 211.769352 159.545509 112.870116 82.001890 596.553817 496.821548 389.600308 332.652140 233.336654 341.243509
82.000000 616.797162 450.838900 345.666316 278.632144 237.619724 211.903891 159.649828 112.947293 82.060996 596.909359 497.119950 389.837199 332.856313 233.483642 341.452620
82.050000 617.164076 451.110771 345.877842 278.805134 237.769093 212.038426 159.754146 113.024470 82.120102 597.264892 497.418342 390.074084 333.060481 233.630627 341.661727
82.100000 617.530980 451.382634 346.089364 278.978119 237.918458 212.172958 159.858461 113.101644 82.179206 597.620415 497.716727 390.310962 333.264644 233.777608 341.870828
82.150000 617.897874 451.654490 346.300879 279.151101 238.067819 212.307487 159.962773 113.178817 82.238310 597.975928 498.015104 390.547834 333.468801 233.924585 342.079923
82.200000 618.264758 451.926339 346.512390 279.324077 238.217177 212.442012 160.067084 113.255989 82.297412 598.331431 498.313473 390.784700 333.672953 234.071559 342.289013
82.250000 618.631632 452.198180 346.723894 279.497050 238.366532 212.576535 160.171392 113.333159 82.356514 598.686925 498.611834 391.021559 333.877100 234.218529 342.498098
82.300000 618.998496 452.470015 346.935394 279.670018 238.515882 212.711054 160.275698 113.410327 82.415615 599.042409 498.910186 391.258413 334.081242 234.365495 342.707177
82.350000 619.365349 452.741842 347.146887 279.842981 238.665229 212.845570 160.380001 113.487494 82.474714 599.397883 499.208531 391.495260 334.285378 234.512458 342.916251
82.400000 619.732193 453.013661 347.358376 280.015941 238.814573 212.980083 160.484302 113.564660 82.533813 599.753347 499.506867 391.732101 334.489509 234.659418 343.125320
82.450000 620.099026 453.285474 347.569858 280.188896 238.963913 213.114592 160.588601 113.641824 82.592911 600.108802 499.805196 391.968935 334.693635 234.806373 343.334383
82.500000 620.465850 453.557279 347.781336 280.361846 239.113249 213.249098 160.692897 113.718986 82.652007 600.464247 500.103516 392.205764 334.897756 234.953326 343.543441
82.550000 620.832663 453.829077 347.992808 280.534793 239.262581 213.383602 160.797191 113.796147 82.711103 600.819682 500.401829 392.442586 335.101871 235.100274 343.752493
82.600000 621.199466 454.100867 348.204274 280.707735 239.411910 213.518101 160.901483 113.873307 82.770198 601.175107 500.700133 392.679402 335.305981 235.247219 343.961540
82.650000 621.566259 454.372651 348.415735 280.880672 239.561235 213.652598 161.005773 113.950465 82.829291 601.530523 500.998430 392.916212 335.510086 235.394161 344.170581
82.700000 621.933043 454.644427 348.627190 281.053606 239.710557 213.787092 161.110060 114.027621 82.888384 601.885929 501.296718 393.153015 335.714185 235.541099 344.379617
82.750000 622.299816 454.916196 348.838641 281.226535 239.859875 213.921582 161.214345 114.104776 82.947476 602.241326 501.594998 393.389813 335.918280 235.688033 344.588648
82.800000 622.666579 455.187958 349.050085 281.399459 240.009189 214.056069 161.318628 114.181929 83.006567 602.596712 501.893271 393.626604 336.122369 235.834964 344.797673
82.850000 623.033333 455.459712 349.261524 281.572380 240.158499 214.190553 161.422908 114.259081 83.065657 602.952089 502.191535 393.863389 336.326453 235.981891 345.006693
82.900000 623.400076 455.731460 349.472958 281.745296 240.307807 214.325034 161.527186 114.336232 83.124746 603.307457 502.489792 394.100168 336.530531 236.128815 345.215708
82.950000 623.766809 456.003200 349.684386 281.918207 240.457110 214.459511 161.631462 114.413381 83.183833 603.662815 502.788040 394.336940 336.734605 236.275735 345.424717
83.000000 624.133532 456.274933 349.895809 282.091115 240.606410 214.593986 161.735735 114.490528 83.242920 604.018163 503.086281 394.573707 336.938673 236.422652 345.633721
83.050000 624.500246 456.546658 350.107226 282.264018 240.755706 214.728457 161.840006 114.567674 83.302006 604.373501 503.384513 394.810467 337.142736 236.569565 345.842720
83.100000 624.866949 456.818377 350.318638 282.436917 240.904999 214.862925 161.944275 114.644818 83.361091 604.728830 503.682738 395.047221 337.346794 236.716475 346.051713
83.150000 625.233643 457.090088 350.530045 282.609811 241.054288 214.997390 162.048542 114.721961 83.420175 605.084149 503.980954 395.283969 337.550846 236.863381 346.260700
83.200000 625.600326 457.361792 350.741446 282.782702 241.203573 215.131852 162.152806 114.799102 83.479258 605.439459 504.279163 395.520711 337.754894 237.010283 346.469683
83.250000 625.967000 457.633490 350.952842 282.955588 241.352855 215.266310 162.257068 114.876242 83.538340 605.794759 504.577364 395.757447 337.958936 237.157182 346.678660
83.300000 626.333663 457.905179 351.164232 283.128469 241.502133 215.400765 162.361327 114.953381 83.597421 606.150050 504.875556 395.994176 338.162973 237.304077 346.887632
83.350000 626.700317 458.176862 351.375617 283.301347 241.651407 215.535218 162.465585 115.030517 83.656501 606.505330 505.173741 396.230900 338.367005 237.450969 347.096598
83.400000 627.066961 458.448538 351.586997 283.474220 241.800678 215.669667 162.569840 115.107653 83.715580 606.860602 505.471918 396.467617 338.571031 237.597858 347.305559
83.450000 627.433595 458.720206 351.798371 283.647089 241.949946 215.804112 162.674093 115.184787 83.774658 607.215863 505.770087 396.704328 338.775053 237.744743 347.514515
83.500000 627.800218 458.991867 352.009739 283.819953 242.099210 215.938555 162.778343 115.261919 83.833736 607.571115 506.068248 396.941033 338.979069 237.891624 347.723466
83.550000 628.166833 459.263521 352.221103 283.992813 242.248470 216.072995 162.882591 115.339050 83.892812 607.926358 506.366401 397.177732 339.183080 238.038502 347.932411
83.600000 628.533437 459.535168 352.432461 284.165669 242.397726 216.207431 162.986837 115.416179 83.951887 608.281591 506.664547 397.414425 339.387086 238.185376 348.141351
83.650000 628.900031 459.806808 352.643813 284.338521 242.546979 216.341864 163.091081 115.493307 84.010961 608.636814 506.962684 397.651111 339.591086 238.332247 348.350285
83.700000 629.266615 460.078441 352.855160 284.511369 242.696229 216.476294 163.195322 115.570433 84.070034 608.992028 507.260813 397.887792 339.795082 238.479114 348.559214
83.750000 629.633190 460.350067 353.066502 284.684212 242.845475 216.610721 163.299561 115.647558 84.129107 609.347233 507.558935 398.124466 339.999072 238.625978 348.768138
83.800000 629.999755 460.621685 353.277839 284.857051 242.994717 216.745145 163.403798 115.724682 84.188178 609.702428 507.857049 398.361135 340.203058 238.772838 348.977057
83.850000 630.366310 460.893296 353.489170 285.029885 243.143956 216.879565 163.508033 115.801804 84.247248 610.057613 508.155155 398.597797 340.407038 238.919695 349.185970
83.900000 630.732855 461.164901 353.700495 285.202716 243.293191 217.013983 163.612265 115.878924 84.306318 610.412789 508.453252 398.834453 340.611012 239.066548 349.394878
83.950000 631.099390 461.436498 353.911816 285.375542 243.442422 217.148397 163.716495 115.956043 84.365386 610.767955 508.751343 399.071103 340.814982 239.213398 349.603781
84.000000 631.465915 461.708088 354.123131 285.548364 243.591650 217.282808 163.820723 116.033160 84.424453 611.123112 509.049425 399.307747 341.018947 239.360244 349.812678
84.050000 631.832431 461.979671 354.334440 285.721182 243.740875 217.417216 163.924948 116.110276 84.483520 611.478259 509.347499 399.544385 341.222906 239.507087 350.021570
84.100000 632.198936 462.251247 354.545744 285.893995 243.890096 217.551621 164.029171 116.187391 84.542585 611.833397 509.645566 399.781016 341.426861 239.653926 350.230457
84.150000 632.565432 462.522816 354.757043 286.066804 244.039313 217.686023 164.133392 116.264504 84.601650 612.188525 509.943624 400.017642 341.630810 239.800762 350.439339
84.200000 632.931918 462.794377 354.968337 286.239609 244.188527 217.820422 164.237611 116.341615 84.660714 612.543644 510.241675 400.254262 341.834754 239.947594 350.648215
84.250000 633.298395 463.065932 355.179625 286.412410 244.337737 217.954817 164.341827 116.418725 84.719776 612.898753 510.539718 400.490875 342.038693 240.094423 350.857086
84.300000 633.664861 463.337480 355.390908 286.585207 244.486944 218.089210 164.446041 116.495834 84.778838 613.253853 510.837754 400.727483 342.242627 240.241248 351.065952
84.350000 634.031318 463.609020 355.602186 286.757999 244.636147 218.223599 164.550253 116.572941 84.837898 613.608944 511.135781 400.964084 342.446555 240.388070 351.274812
84.400000 634.397765 463.880554 355.813458 286.930787 244.785346 218.357985 164.654463 116.650046 84.896958 613.964025 511.433801 401.200680 342.650479 240.534888 351.483668
84.450000 634.764202 464.152080 356.024725 287.103571 244.934542 218.492368 164.758670 116.727150 84.956017 614.319096 511.731812 401.437269 342.854397 240.681703 351.692518
84.500000 635.130629 464.423600 356.235986 287.276350 245.083735 218.626748 164.862875 116.804253 85.015075 614.674158 512.029816 401.673852 343.058311 240.828514 351.901362
84.550000 635.497047 464.695112 356.447243 287.449126 245.232924 218.761125 164.967078 116.881354 85.074131 615.029211 512.327813 401.910429 343.262219 240.975322 352.110202
84.600000 635.863455 464.966618 356.658494 287.621897 245.382109 218.895498 165.071279 116.958454 85.133187 615.384254 512.625801 402.147001 343.466122 241.122127 352.319036
84.650000 636.229853 465.238116 356.869739 287.794664 245.531291 219.029869 165.175477 117.035552 85.192242 615.739288 512.923782 402.383566 343.670020 241.268927 352.527865
84.700000 636.596242 465.509607 357.080980 287.967427 245.680469 219.164236 165.279673 117.112648 85.251296 616.094313 513.221754 402.620125 343.873913 241.415725 352.736689
84.750000 636.962621 465.781091 357.292215 288.140185 245.829644 219.298601 165.383867 117.189744 85.310349 616.449328 513.519719 402.856678 344.077801 241.562519 352.945507
84.800000 637.328990 466.052569 357.503445 288.312940 245.978815 219.432962 165.488059 117.266837 85.369401 616.804333 513.817677 403.093225 344.281684 241.709310 353.154321
84.850000 637.695349 466.324039 357.714669 288.485690 246.127983 219.567320 165.592248 117.343930 85.428452 617.159330 514.115626 403.329766 344.485562 241.856097 353.363129
84.900000 638.061699 466.595502 357.925888 288.658436 246.277147 219.701675 165.696435 117.421020 85.487502 617.514317 514.413568 403.566301 344.689434 242.002880 353.571932
84.950000 638.428038 466.866959 358.137102 288.831178 246.426308 219.836027 165.800620 117.498110 85.546551 617.869294 514.711502 403.802831 344.893302 242.149660 353.780729
85.000000 638.794369 467.138408 358.348311 289.003915 246.575465 219.970376 165.904803 117.575197 85.605599 618.224262 515.009428 404.039354 345.097164 242.296437 353.989522
85.050000 639.160689 467.409850 358.559514 289.176649 246.724619 220.104721 166.008983 117.652284 85.664646 618.579221 515.307347 404.275871 345.301022 242.443211 354.198309
85.100000 639.527000 467.681285 358.770712 289.349378 246.873769 220.239064 166.113161 117.729369 85.723693 618.934171 515.605258 404.512382 345.504874 242.589980 354.407091
85.150000 639.893301 467.952714 358.981905 289.522103 247.022915 220.373404 166.217337 117.806452 85.782738 619.289111 515.903161 404.748887 345.708721 242.736747 354.615868
85.200000 640.259593 468.224135 359.193093 289.694824 247.172058 220.507740 166.321511 117.883534 85.841782 619.644042 516.201056 404.985386 345.912563 242.883510 354.824640
85.250000 640.625875 468.495550 359.404275 289.867541 247.321198 220.642073 166.425682 117.960614 85.900825 619.998963 516.498944 405.221879 346.116401 243.030269 355.033406
85.300000 640.992147 468.766957 359.615452 290.040253 247.470334 220.776404 166.529851 118.037693 85.959868 620.353875 516.796824 405.458366 346.320233 243.177025 355.242167
85.350000 641.358410 469.038357 359.826624 290.212961 247.619467 220.910731 166.634018 118.114771 86.018909 620.708778 517.094696 405.694848 346.524060 243.323778 355.450923
85.400000 641.724663 469.309751 360.037790 290.385666 247.768596 221.045055 166.738183 118.191847 86.077950 621.063672 517.392561 405.931323 346.727882 243.470527 355.659674
85.450000 642.090906 469.581138 360.248951 290.558366 247.917721 221.179376 166.842345 118.268922 86.136989 621.418556 517.690417 406.167792 346.931699 243.617273 355.868420
85.500000 642.457140 469.852517 360.460107 290.731062 248.066844 221.313694 166.946506 118.345995 86.196028 621.773431 517.988267 406.404256 347.135511 243.764015 356.077160
