web/models/kne/1/Metzger_0.020089_0.402759_0.450000.dat
# %ECSV 0.9
# ---
# datatype:
# - {name: time, datatype: float64}
# - {name: sdss_u, datatype: float64}
# - {name: sdss_g, datatype: float64}
# - {name: sdss_r, datatype: float64}
# - {name: sdss_i, datatype: float64}
# - {name: sdss_z, datatype: float64}
# - {name: PS1_y, datatype: float64}
# - {name: ukirt_J, datatype: float64}
# - {name: ukirt_H, datatype: float64}
# - {name: ukirt_K, datatype: float64}
# - {name: johnson_U, datatype: float64}
# - {name: johnson_B, datatype: float64}
# - {name: johnson_V, datatype: float64}
# - {name: johnson_R, datatype: float64}
# - {name: johnson_I, datatype: float64}
# - {name: Clear, datatype: float64}
# meta: !!omap
# - comment: [vej = 0.4027586206896552, mej = 0.02008866315339448, Ye = 0.45, redshift = 0.0]
# schema: astropy-2.0
time sdss_u sdss_g sdss_r sdss_i sdss_z PS1_y ukirt_J ukirt_H ukirt_K johnson_U johnson_B johnson_V johnson_R johnson_I Clear
[from data line 1811]
90.650000 574.742600 419.062352 320.415356 257.548572 219.090511 194.978798 145.992498 102.225017 73.292874 556.085596 462.475270 361.844041 308.401129 215.212289 316.463394
90.700000 575.053205 419.292479 320.594388 257.694973 219.216911 195.092638 146.080752 102.290289 73.342845 556.386564 462.727855 362.044545 308.573930 215.336670 316.640376
90.750000 575.363801 419.522601 320.773415 257.841370 219.343308 195.206475 146.169003 102.355559 73.392814 556.687524 462.980433 362.245043 308.746726 215.461049 316.817355
90.800000 575.674390 419.752716 320.952438 257.987764 219.469703 195.320310 146.257252 102.420828 73.442783 556.988475 463.233005 362.445536 308.919519 215.585424 316.994328
90.850000 575.984970 419.982826 321.131457 258.134155 219.596094 195.434142 146.345500 102.486096 73.492751 557.289419 463.485571 362.646024 309.092307 215.709796 317.171297
90.900000 576.295542 420.212930 321.310471 258.280541 219.722482 195.547971 146.433746 102.551363 73.542719 557.590355 463.738129 362.846507 309.265090 215.834166 317.348262
90.950000 576.606105 420.443028 321.489480 258.426925 219.848868 195.661798 146.521989 102.616628 73.592685 557.891282 463.990682 363.046985 309.437870 215.958532 317.525222
91.000000 576.916661 420.673120 321.668485 258.573304 219.975250 195.775622 146.610231 102.681892 73.642651 558.192202 464.243227 363.247458 309.610645 216.082896 317.702178
91.050000 577.227208 420.903205 321.847486 258.719681 220.101629 195.889444 146.698471 102.747155 73.692616 558.493114 464.495766 363.447926 309.783415 216.207257 317.879130
91.100000 577.537747 421.133285 322.026481 258.866053 220.228006 196.003263 146.786709 102.812417 73.742580 558.794018 464.748299 363.648388 309.956182 216.331615 318.056077
91.150000 577.848277 421.363359 322.205473 259.012422 220.354379 196.117079 146.874945 102.877678 73.792543 559.094914 465.000825 363.848846 310.128944 216.455970 318.233020
91.200000 578.158800 421.593428 322.384460 259.158788 220.480750 196.230893 146.963180 102.942937 73.842506 559.395802 465.253344 364.049298 310.301702 216.580322 318.409958
91.250000 578.469314 421.823490 322.563443 259.305150 220.607117 196.344704 147.051412 103.008195 73.892467 559.696682 465.505857 364.249746 310.474455 216.704671 318.586892
91.300000 578.779820 422.053546 322.742421 259.451508 220.733482 196.458513 147.139643 103.073452 73.942428 559.997554 465.758363 364.450188 310.647205 216.829017 318.763821
91.350000 579.090318 422.283597 322.921394 259.597863 220.859843 196.572319 147.227871 103.138707 73.992388 560.298419 466.010863 364.650625 310.819950 216.953360 318.940746
91.400000 579.400808 422.513641 323.100364 259.744215 220.986202 196.686122 147.316098 103.203962 74.042348 560.599275 466.263356 364.851057 310.992691 217.077701 319.117667
91.450000 579.711289 422.743680 323.279328 259.890562 221.112558 196.799923 147.404323 103.269215 74.092306 560.900123 466.515842 365.051485 311.165427 217.202038 319.294583
91.500000 580.021763 422.973712 323.458289 260.036907 221.238910 196.913721 147.492546 103.334466 74.142264 561.200964 466.768322 365.251907 311.338159 217.326373 319.471495
91.550000 580.332228 423.203739 323.637245 260.183248 221.365260 197.027516 147.580767 103.399717 74.192221 561.501797 467.020796 365.452324 311.510887 217.450704 319.648402
91.600000 580.642685 423.433760 323.816196 260.329585 221.491607 197.141309 147.668986 103.464966 74.242177 561.802621 467.273263 365.652736 311.683611 217.575033 319.825306
91.650000 580.953134 423.663775 323.995143 260.475919 221.617951 197.255099 147.757204 103.530215 74.292132 562.103438 467.525724 365.853143 311.856330 217.699359 320.002204
91.700000 581.263575 423.893784 324.174086 260.622249 221.744292 197.368887 147.845419 103.595462 74.342087 562.404247 467.778178 366.053544 312.029045 217.823682 320.179099
91.750000 581.574007 424.123788 324.353024 260.768576 221.870630 197.482672 147.933633 103.660707 74.392040 562.705049 468.030625 366.253941 312.201756 217.948002 320.355989
91.800000 581.884432 424.353785 324.531957 260.914899 221.996965 197.596454 148.021844 103.725952 74.441993 563.005842 468.283066 366.454333 312.374463 218.072319 320.532874
91.850000 582.194848 424.583777 324.710887 261.061219 222.123297 197.710234 148.110054 103.791195 74.491945 563.306627 468.535501 366.654720 312.547165 218.196633 320.709755
91.900000 582.505256 424.813762 324.889811 261.207535 222.249626 197.824012 148.198262 103.856437 74.541897 563.607405 468.787929 366.855102 312.719863 218.320945 320.886632
91.950000 582.815657 425.043742 325.068732 261.353847 222.375952 197.937786 148.286468 103.921678 74.591847 563.908174 469.040350 367.055478 312.892557 218.445253 321.063505
92.000000 583.126048 425.273716 325.247648 261.500157 222.502275 198.051558 148.374673 103.986917 74.641797 564.208936 469.292765 367.255850 313.065247 218.569559 321.240373
92.050000 583.436432 425.503684 325.426559 261.646462 222.628595 198.165328 148.462875 104.052156 74.691746 564.509690 469.545174 367.456217 313.237932 218.693862 321.417236
92.100000 583.746808 425.733646 325.605466 261.792765 222.754912 198.279095 148.551075 104.117393 74.741694 564.810437 469.797576 367.656578 313.410613 218.818162 321.594096
92.150000 584.057176 425.963603 325.784369 261.939063 222.881227 198.392859 148.639274 104.182629 74.791641 565.111175 470.049971 367.856935 313.583290 218.942459 321.770951
92.200000 584.367535 426.193554 325.963268 262.085358 223.007538 198.506621 148.727471 104.247863 74.841588 565.411905 470.302360 368.057287 313.755963 219.066753 321.947802
92.250000 584.677887 426.423498 326.142161 262.231650 223.133847 198.620380 148.815666 104.313097 74.891534 565.712628 470.554743 368.257633 313.928631 219.191044 322.124648
92.300000 584.988230 426.653437 326.321051 262.377938 223.260152 198.734137 148.903859 104.378329 74.941479 566.013343 470.807119 368.457975 314.101295 219.315332 322.301490
92.350000 585.298565 426.883370 326.499936 262.524223 223.386455 198.847891 148.992050 104.443560 74.991423 566.314050 471.059489 368.658311 314.273955 219.439618 322.478327
92.400000 585.608893 427.113298 326.678817 262.670504 223.512755 198.961642 149.080239 104.508790 75.041366 566.614749 471.311852 368.858643 314.446611 219.563900 322.655161
92.450000 585.919212 427.343219 326.857693 262.816782 223.639052 199.075391 149.168427 104.574019 75.091309 566.915441 471.564209 369.058970 314.619263 219.688180 322.831990
92.500000 586.229523 427.573135 327.036565 262.963056 223.765345 199.189138 149.256612 104.639246 75.141251 567.216125 471.816559 369.259291 314.791910 219.812457 323.008814
92.550000 586.539826 427.803044 327.215433 263.109327 223.891636 199.302881 149.344796 104.704472 75.191192 567.516800 472.068903 369.459608 314.964553 219.936731 323.185635
92.600000 586.850121 428.032948 327.394296 263.255595 224.017924 199.416622 149.432978 104.769697 75.241132 567.817469 472.321241 369.659920 315.137192 220.061002 323.362451
92.650000 587.160408 428.262847 327.573154 263.401858 224.144209 199.530361 149.521158 104.834921 75.291071 568.118129 472.573572 369.860226 315.309827 220.185270 323.539262
92.700000 587.470687 428.492739 327.752009 263.548119 224.270492 199.644097 149.609336 104.900143 75.341010 568.418782 472.825897 370.060528 315.482457 220.309536 323.716070
92.750000 587.780958 428.722626 327.930859 263.694376 224.396771 199.757831 149.697512 104.965364 75.390948 568.719426 473.078215 370.260825 315.655083 220.433798 323.892873
92.800000 588.091221 428.952506 328.109705 263.840629 224.523047 199.871561 149.785687 105.030585 75.440885 569.020063 473.330527 370.461116 315.827705 220.558058 324.069671
92.850000 588.401475 429.182381 328.288546 263.986879 224.649321 199.985290 149.873860 105.095803 75.490821 569.320693 473.582832 370.661403 316.000323 220.682315 324.246466
92.900000 588.711722 429.412251 328.467383 264.133126 224.775591 200.099016 149.962030 105.161021 75.540757 569.621314 473.835131 370.861685 316.172937 220.806569 324.423256
92.950000 589.021961 429.642114 328.646215 264.279369 224.901859 200.212739 150.050199 105.226237 75.590691 569.921928 474.087424 371.061962 316.345546 220.930820 324.600041
93.000000 589.332192 429.871972 328.825043 264.425608 225.028124 200.326459 150.138366 105.291453 75.640625 570.222534 474.339710 371.262234 316.518152 221.055068 324.776823
93.050000 589.642415 430.101824 329.003867 264.571844 225.154385 200.440178 150.226531 105.356667 75.690558 570.523132 474.591990 371.462501 316.690753 221.179314 324.953600
93.100000 589.952629 430.331670 329.182687 264.718077 225.280644 200.553893 150.314695 105.421879 75.740491 570.823723 474.844263 371.662763 316.863350 221.303556 325.130373
93.150000 590.262836 430.561510 329.361502 264.864306 225.406900 200.667606 150.402856 105.487091 75.790422 571.124306 475.096530 371.863020 317.035942 221.427796 325.307141
93.200000 590.573035 430.791345 329.540313 265.010532 225.533154 200.781317 150.491016 105.552301 75.840353 571.424881 475.348791 372.063272 317.208531 221.552033 325.483906
93.250000 590.883226 431.021174 329.719119 265.156754 225.659404 200.895024 150.579174 105.617511 75.890283 571.725448 475.601045 372.263519 317.381115 221.676267 325.660666
93.300000 591.193409 431.250997 329.897921 265.302973 225.785651 201.008730 150.667330 105.682718 75.940212 572.026008 475.853293 372.463761 317.553696 221.800498 325.837421
93.350000 591.503584 431.480814 330.076719 265.449189 225.911896 201.122433 150.755484 105.747925 75.990141 572.326560 476.105534 372.663999 317.726272 221.924727 326.014173
93.400000 591.813751 431.710626 330.255512 265.595401 226.038137 201.236133 150.843636 105.813131 76.040068 572.627105 476.357770 372.864231 317.898843 222.048952 326.190920
93.450000 592.123910 431.940432 330.434301 265.741609 226.164376 201.349831 150.931787 105.878335 76.089995 572.927641 476.609998 373.064458 318.071411 222.173175 326.367663
93.500000 592.434061 432.170232 330.613086 265.887814 226.290612 201.463526 151.019935 105.943538 76.139921 573.228170 476.862221 373.264681 318.243975 222.297395 326.544401
93.550000 592.744204 432.400026 330.791866 266.034016 226.416844 201.577218 151.108082 106.008740 76.189846 573.528691 477.114437 373.464899 318.416534 222.421612 326.721135
93.600000 593.054339 432.629815 330.970642 266.180214 226.543074 201.690908 151.196227 106.073941 76.239771 573.829205 477.366647 373.665111 318.589089 222.545826 326.897865
93.650000 593.364466 432.859598 331.149414 266.326409 226.669302 201.804596 151.284370 106.139140 76.289694 574.129711 477.618850 373.865319 318.761640 222.670038 327.074591
93.700000 593.674585 433.089375 331.328181 266.472600 226.795526 201.918281 151.372511 106.204339 76.339617 574.430209 477.871047 374.065522 318.934187 222.794246 327.251313
93.750000 593.984697 433.319146 331.506944 266.618788 226.921747 202.031964 151.460651 106.269536 76.389539 574.730700 478.123238 374.265720 319.106730 222.918452 327.428030
93.800000 594.294800 433.548912 331.685703 266.764973 227.047966 202.145643 151.548789 106.334732 76.439461 575.031183 478.375422 374.465913 319.279269 223.042655 327.604743
93.850000 594.604896 433.778672 331.864458 266.911154 227.174181 202.259321 151.636924 106.399926 76.489381 575.331658 478.627600 374.666101 319.451803 223.166855 327.781451
93.900000 594.914983 434.008426 332.043208 267.057332 227.300394 202.372996 151.725058 106.465120 76.539301 575.632126 478.879772 374.866284 319.624333 223.291052 327.958156
93.950000 595.225063 434.238175 332.221953 267.203506 227.426604 202.486668 151.813190 106.530312 76.589220 575.932586 479.131937 375.066462 319.796859 223.415247 328.134856
94.000000 595.535135 434.467918 332.400695 267.349677 227.552811 202.600338 151.901321 106.595503 76.639138 576.233038 479.384096 375.266636 319.969382 223.539438 328.311552
94.050000 595.845199 434.697655 332.579432 267.495844 227.679015 202.714005 151.989449 106.660693 76.689056 576.533483 479.636249 375.466804 320.141899 223.663627 328.488243
94.100000 596.155255 434.927387 332.758165 267.642008 227.805216 202.827670 152.077576 106.725882 76.738972 576.833920 479.888396 375.666968 320.314413 223.787813 328.664931
94.150000 596.465303 435.157112 332.936894 267.788169 227.931415 202.941332 152.165701 106.791069 76.788888 577.134349 480.140536 375.867127 320.486923 223.911997 328.841614
94.200000 596.775343 435.386833 333.115618 267.934326 228.057610 203.054992 152.253824 106.856256 76.838803 577.434771 480.392670 376.067281 320.659428 224.036177 329.018293
94.250000 597.085375 435.616547 333.294338 268.080480 228.183803 203.168649 152.341945 106.921441 76.888717 577.735185 480.644797 376.267430 320.831930 224.160355 329.194968
94.300000 597.395400 435.846256 333.473054 268.226631 228.309993 203.282304 152.430064 106.986625 76.938631 578.035592 480.896919 376.467574 321.004427 224.284530 329.371638
94.350000 597.705416 436.075959 333.651765 268.372778 228.436180 203.395956 152.518182 107.051807 76.988544 578.335991 481.149034 376.667713 321.176920 224.408702 329.548304
94.400000 598.015425 436.305656 333.830472 268.518921 228.562364 203.509606 152.606297 107.116989 77.038456 578.636382 481.401142 376.867848 321.349409 224.532871 329.724966
94.450000 598.325426 436.535348 334.009175 268.665061 228.688545 203.623253 152.694411 107.182169 77.088367 578.936766 481.653245 377.067977 321.521894 224.657037 329.901624
94.500000 598.635419 436.765034 334.187874 268.811198 228.814724 203.736898 152.782523 107.247348 77.138277 579.237143 481.905341 377.268102 321.694375 224.781201 330.078278
94.550000 598.945405 436.994715 334.366568 268.957332 228.940899 203.850540 152.870634 107.312526 77.188187 579.537511 482.157431 377.468222 321.866852 224.905362 330.254927
94.600000 599.255382 437.224389 334.545258 269.103462 229.067072 203.964180 152.958742 107.377703 77.238096 579.837872 482.409514 377.668337 322.039324 225.029520 330.431572
94.650000 599.565351 437.454059 334.723944 269.249588 229.193242 204.077817 153.046849 107.442878 77.288004 580.138226 482.661592 377.868447 322.211793 225.153675 330.608213
94.700000 599.875313 437.683722 334.902625 269.395712 229.319409 204.191451 153.134954 107.508053 77.337911 580.438572 482.913663 378.068552 322.384257 225.277827 330.784850
94.750000 600.185267 437.913380 335.081303 269.541831 229.445573 204.305083 153.223057 107.573226 77.387817 580.738910 483.165728 378.268652 322.556718 225.401977 330.961482
94.800000 600.495213 438.143032 335.259976 269.687948 229.571734 204.418713 153.311158 107.638398 77.437723 581.039241 483.417786 378.468748 322.729174 225.526124 331.138110
94.850000 600.805152 438.372679 335.438644 269.834061 229.697893 204.532340 153.399257 107.703569 77.487628 581.339564 483.669839 378.668839 322.901626 225.650268 331.314734
94.900000 601.115082 438.602320 335.617309 269.980171 229.824048 204.645965 153.487355 107.768738 77.537532 581.639880 483.921885 378.868925 323.074074 225.774409 331.491354
94.950000 601.425005 438.831955 335.795969 270.126277 229.950201 204.759587 153.575451 107.833907 77.587436 581.940188 484.173925 379.069006 323.246518 225.898548 331.667970
95.000000 601.734920 439.061585 335.974625 270.272380 230.076351 204.873207 153.663545 107.899074 77.637338 582.240489 484.425958 379.269082 323.418958 226.022684 331.844581
95.050000 602.044827 439.291209 336.153277 270.418480 230.202498 204.986824 153.751637 107.964240 77.687240 582.540782 484.677986 379.469153 323.591394 226.146817 332.021189
95.100000 602.354726 439.520827 336.331924 270.564576 230.328643 205.100438 153.839727 108.029405 77.737141 582.841068 484.930007 379.669220 323.763825 226.270947 332.197792
95.150000 602.664618 439.750440 336.510567 270.710669 230.454784 205.214051 153.927816 108.094568 77.787042 583.141346 485.182022 379.869282 323.936253 226.395074 332.374391
