web/models/kne/1/Metzger_0.002920_0.289310_0.100000.dat
# %ECSV 0.9
# ---
# datatype:
# - {name: time, datatype: float64}
# - {name: sdss_u, datatype: float64}
# - {name: sdss_g, datatype: float64}
# - {name: sdss_r, datatype: float64}
# - {name: sdss_i, datatype: float64}
# - {name: sdss_z, datatype: float64}
# - {name: PS1_y, datatype: float64}
# - {name: ukirt_J, datatype: float64}
# - {name: ukirt_H, datatype: float64}
# - {name: ukirt_K, datatype: float64}
# - {name: johnson_U, datatype: float64}
# - {name: johnson_B, datatype: float64}
# - {name: johnson_V, datatype: float64}
# - {name: johnson_R, datatype: float64}
# - {name: johnson_I, datatype: float64}
# - {name: Clear, datatype: float64}
# meta: !!omap
# - comment: [vej = 0.2893103448275862, mej = 0.002919709587218229, Ye = 0.1, redshift = 0.0]
# schema: astropy-2.0
time sdss_u sdss_g sdss_r sdss_i sdss_z PS1_y ukirt_J ukirt_H ukirt_K johnson_U johnson_B johnson_V johnson_R johnson_I Clear
[from data line 497]
24.950000 221.509971 157.910071 117.725589 92.194271 76.620624 66.880161 47.169631 29.697187 18.272241 213.879653 175.627507 134.587020 112.840680 75.052556 116.118483
25.000000 221.965566 158.246953 117.987099 92.407647 76.804497 67.045506 47.297233 29.790889 18.343372 214.321032 175.997516 134.880203 113.092999 75.233451 116.376970
25.050000 222.421093 158.583787 118.248574 92.620996 76.988347 67.210832 47.424822 29.884583 18.414499 214.762345 176.367472 135.173346 113.345284 75.414324 116.635422
25.100000 222.876552 158.920573 118.510013 92.834318 77.172176 67.376138 47.552398 29.978269 18.485622 215.203594 176.737375 135.466447 113.597535 75.595175 116.893840
25.150000 223.331945 159.257312 118.771418 93.047612 77.355981 67.541425 47.679960 30.071948 18.556741 215.644777 177.107225 135.759509 113.849753 75.776003 117.152223
25.200000 223.787271 159.594003 119.032787 93.260879 77.539765 67.706693 47.807510 30.165620 18.627857 216.085896 177.477021 136.052530 114.101937 75.956810 117.410571
25.250000 224.242530 159.930647 119.294122 93.474119 77.723526 67.871942 47.935046 30.259284 18.698969 216.526951 177.846766 136.345512 114.354088 76.137596 117.668885
25.300000 224.697722 160.267244 119.555422 93.687333 77.907265 68.037171 48.062570 30.352940 18.770077 216.967942 178.216457 136.638453 114.606205 76.318359 117.927165
25.350000 225.152849 160.603794 119.816687 93.900519 78.090982 68.202381 48.190080 30.446590 18.841181 217.408869 178.586097 136.931354 114.858290 76.499101 118.185410
25.400000 225.607909 160.940298 120.077917 94.113679 78.274677 68.367573 48.317578 30.540231 18.912282 217.849732 178.955684 137.224216 115.110341 76.679822 118.443622
25.450000 226.062904 161.276754 120.339113 94.326811 78.458350 68.532745 48.445063 30.633866 18.983378 218.290531 179.325219 137.517038 115.362359 76.860521 118.701799
25.500000 226.517833 161.613164 120.600275 94.539918 78.642001 68.697899 48.572535 30.727493 19.054471 218.731268 179.694703 137.809821 115.614344 77.041199 118.959943
25.550000 226.972697 161.949528 120.861402 94.752997 78.825630 68.863034 48.699994 30.821112 19.125561 219.171941 180.064135 138.102565 115.866297 77.221855 119.218052
25.600000 227.427495 162.285846 121.122495 94.966051 79.009238 69.028149 48.827440 30.914724 19.196646 219.612552 180.433515 138.395269 116.118217 77.402490 119.476128
25.650000 227.882229 162.622118 121.383555 95.179077 79.192824 69.193247 48.954874 31.008329 19.267728 220.053100 180.802844 138.687934 116.370104 77.583104 119.734171
25.700000 228.336898 162.958344 121.644580 95.392078 79.376388 69.358325 49.082295 31.101927 19.338806 220.493585 181.172122 138.980560 116.621959 77.763697 119.992180
25.750000 228.791503 163.294524 121.905571 95.605052 79.559931 69.523385 49.209704 31.195517 19.409880 220.934008 181.541349 139.273148 116.873781 77.944269 120.250156
25.800000 229.246043 163.630658 122.166529 95.818001 79.743452 69.688427 49.337099 31.289101 19.480951 221.374369 181.910525 139.565697 117.125572 78.124819 120.508099
25.850000 229.700519 163.966747 122.427454 96.030923 79.926952 69.853449 49.464483 31.382676 19.552018 221.814669 182.279651 139.858207 117.377330 78.305349 120.766008
25.900000 230.154932 164.302791 122.688344 96.243819 80.110431 70.018454 49.591853 31.476245 19.623081 222.254906 182.648726 140.150679 117.629056 78.485858 121.023885
25.950000 230.609281 164.638790 122.949202 96.456690 80.293888 70.183440 49.719212 31.569807 19.694141 222.695083 183.017751 140.443112 117.880750 78.666346 121.281728
26.000000 231.063566 164.974744 123.210026 96.669535 80.477324 70.348408 49.846557 31.663361 19.765197 223.135198 183.386726 140.735507 118.132412 78.846813 121.539539
26.050000 231.517788 165.310653 123.470817 96.882354 80.660739 70.513357 49.973891 31.756908 19.836249 223.575252 183.755651 141.027865 118.384043 79.027260 121.797317
26.100000 231.971947 165.646517 123.731575 97.095147 80.844133 70.678289 50.101212 31.850448 19.907298 224.015245 184.124526 141.320184 118.635642 79.207686 122.055062
26.150000 232.426043 165.982337 123.992300 97.307915 81.027506 70.843202 50.228520 31.943981 19.978343 224.455177 184.493351 141.612465 118.887209 79.388092 122.312776
26.200000 232.880077 166.318112 124.252992 97.520657 81.210858 71.008097 50.355817 32.037506 20.049384 224.895050 184.862127 141.904709 119.138745 79.568477 122.570456
26.250000 233.334048 166.653843 124.513651 97.733374 81.394189 71.172974 50.483101 32.131025 20.120422 225.334861 185.230854 142.196915 119.390250 79.748842 122.828104
26.300000 233.787957 166.989530 124.774278 97.946066 81.577500 71.337833 50.610373 32.224537 20.191456 225.774613 185.599531 142.489084 119.641723 79.929186 123.085721
26.350000 234.241804 167.325173 125.034872 98.158732 81.760789 71.502674 50.737632 32.318041 20.262486 226.214305 185.968159 142.781215 119.893166 80.109510 123.343305
26.400000 234.695589 167.660771 125.295434 98.371373 81.944058 71.667497 50.864880 32.411539 20.333513 226.653937 186.336739 143.073309 120.144577 80.289814 123.600857
26.450000 235.149312 167.996327 125.555963 98.583990 82.127306 71.832303 50.992115 32.505029 20.404536 227.093510 186.705269 143.365366 120.395957 80.470097 123.858377
26.500000 235.602974 168.331838 125.816460 98.796581 82.310534 71.997090 51.119338 32.598513 20.475556 227.533023 187.073751 143.657386 120.647306 80.650361 124.115865
26.550000 236.056575 168.667307 126.076925 99.009147 82.493741 72.161860 51.246549 32.691989 20.546572 227.972478 187.442185 143.949369 120.898625 80.830604 124.373322
26.600000 236.510115 169.002731 126.337358 99.221688 82.676928 72.326612 51.373749 32.785459 20.617585 228.411873 187.810570 144.241315 121.149913 81.010828 124.630747
26.650000 236.963593 169.338113 126.597759 99.434205 82.860094 72.491347 51.500936 32.878921 20.688593 228.851209 188.178908 144.533225 121.401170 81.191031 124.888141
26.700000 237.417011 169.673452 126.858128 99.646697 83.043240 72.656064 51.628111 32.972377 20.759599 229.290487 188.547197 144.825098 121.652397 81.371215 125.145503
26.750000 237.870369 170.008747 127.118466 99.859164 83.226366 72.820764 51.755274 33.065826 20.830600 229.729707 188.915438 145.116934 121.903593 81.551378 125.402834
26.800000 238.323666 170.344000 127.378771 100.071607 83.409471 72.985446 51.882425 33.159268 20.901599 230.168868 189.283632 145.408734 122.154759 81.731522 125.660133
26.850000 238.776903 170.679211 127.639045 100.284025 83.592557 73.150110 52.009565 33.252703 20.972593 230.607971 189.651778 145.700498 122.405895 81.911647 125.917402
26.900000 239.230080 171.014378 127.899288 100.496419 83.775622 73.314757 52.136693 33.346131 21.043584 231.047017 190.019877 145.992226 122.657001 82.091751 126.174639
26.950000 239.683198 171.349504 128.159499 100.708788 83.958667 73.479387 52.263808 33.439552 21.114572 231.486005 190.387929 146.283918 122.908077 82.271836 126.431846
27.000000 240.136255 171.684587 128.419679 100.921133 84.141693 73.644000 52.390913 33.532967 21.185556 231.924935 190.755933 146.575574 123.159122 82.451902 126.689022
27.050000 240.589254 172.019627 128.679828 101.133454 84.324698 73.808595 52.518005 33.626375 21.256536 232.363808 191.123891 146.867194 123.410138 82.631948 126.946166
27.100000 241.042193 172.354626 128.939946 101.345751 84.507684 73.973174 52.645086 33.719775 21.327513 232.802623 191.491801 147.158778 123.661124 82.811975 127.203281
27.150000 241.495073 172.689583 129.200032 101.558024 84.690650 74.137735 52.772155 33.813170 21.398487 233.241382 191.859665 147.450327 123.912081 82.991982 127.460364
27.200000 241.947894 173.024498 129.460088 101.770273 84.873596 74.302279 52.899212 33.906557 21.469457 233.680084 192.227483 147.741841 124.163008 83.171970 127.717418
27.250000 242.400657 173.359372 129.720113 101.982498 85.056522 74.466806 53.026258 33.999938 21.540423 234.118729 192.595254 148.033318 124.413905 83.351938 127.974440
27.300000 242.853361 173.694204 129.980107 102.194699 85.239429 74.631316 53.153292 34.093312 21.611386 234.557318 192.962978 148.324761 124.664773 83.531888 128.231433
27.350000 243.306006 174.028994 130.240071 102.406876 85.422316 74.795809 53.280315 34.186679 21.682346 234.995850 193.330657 148.616169 124.915612 83.711818 128.488395
27.400000 243.758594 174.363744 130.500003 102.619030 85.605183 74.960286 53.407326 34.280039 21.753302 235.434326 193.698290 148.907541 125.166421 83.891730 128.745327
27.450000 244.211123 174.698452 130.759906 102.831160 85.788032 75.124745 53.534325 34.373393 21.824254 235.872747 194.065876 149.198879 125.417201 84.071622 129.002229
27.500000 244.663595 175.033119 131.019778 103.043266 85.970860 75.289188 53.661314 34.466740 21.895203 236.311111 194.433417 149.490181 125.667952 84.251495 129.259102
27.550000 245.116009 175.367745 131.279620 103.255349 86.153670 75.453614 53.788290 34.560081 21.966149 236.749420 194.800913 149.781449 125.918674 84.431349 129.515944
27.600000 245.568365 175.702331 131.539431 103.467408 86.336460 75.618023 53.915256 34.653415 22.037091 237.187673 195.168363 150.072682 126.169367 84.611185 129.772756
27.650000 246.020665 176.036875 131.799213 103.679444 86.519231 75.782415 54.042210 34.746742 22.108030 237.625871 195.535768 150.363881 126.420032 84.791001 130.029539
27.700000 246.472907 176.371379 132.058964 103.891457 86.701982 75.946791 54.169152 34.840063 22.178965 238.064014 195.903127 150.655045 126.670667 84.970799 130.286292
27.750000 246.925092 176.705843 132.318686 104.103446 86.884715 76.111151 54.296084 34.933377 22.249897 238.502102 196.270442 150.946175 126.921274 85.150578 130.543016
27.800000 247.377220 177.040266 132.578377 104.315412 87.067428 76.275494 54.423004 35.026685 22.320825 238.940135 196.637711 151.237270 127.171852 85.330339 130.799710
27.850000 247.829292 177.374650 132.838039 104.527355 87.250123 76.439820 54.549913 35.119986 22.391750 239.378114 197.004936 151.528332 127.422402 85.510080 131.056375
27.900000 248.281307 177.708993 133.097671 104.739276 87.432798 76.604130 54.676811 35.213280 22.462672 239.816037 197.372116 151.819359 127.672924 85.689804 131.313011
27.950000 248.733266 178.043296 133.357274 104.951173 87.615455 76.768424 54.803697 35.306568 22.533590 240.253907 197.739251 152.110353 127.923417 85.869508 131.569617
28.000000 249.185168 178.377559 133.616847 105.163047 87.798092 76.932701 54.930572 35.399850 22.604505 240.691722 198.106342 152.401312 128.173881 86.049194 131.826194
28.050000 249.637015 178.711782 133.876390 105.374898 87.980711 77.096962 55.057437 35.493124 22.675416 241.129483 198.473389 152.692238 128.424318 86.228862 132.082743
28.100000 250.088806 179.045966 134.135905 105.586727 88.163311 77.261207 55.184290 35.586393 22.746324 241.567191 198.840392 152.983130 128.674726 86.408512 132.339262
28.150000 250.540541 179.380110 134.395389 105.798532 88.345892 77.425435 55.311132 35.679655 22.817228 242.004844 199.207350 153.273988 128.925107 86.588143 132.595752
28.200000 250.992221 179.714215 134.654845 106.010316 88.528455 77.589648 55.437963 35.772911 22.888130 242.442444 199.574265 153.564813 129.175459 86.767756 132.852214
28.250000 251.443845 180.048281 134.914272 106.222076 88.710999 77.753844 55.564783 35.866160 22.959027 242.879991 199.941136 153.855605 129.425784 86.947350 133.108647
28.300000 251.895414 180.382307 135.173669 106.433814 88.893525 77.918024 55.691592 35.959403 23.029922 243.317484 200.307963 154.146363 129.676081 87.126927 133.365051
28.350000 252.346928 180.716294 135.433038 106.645529 89.076032 78.082188 55.818390 36.052639 23.100813 243.754924 200.674747 154.437088 129.926350 87.306485 133.621427
28.400000 252.798387 181.050243 135.692378 106.857222 89.258520 78.246337 55.945177 36.145869 23.171700 244.192311 201.041487 154.727780 130.176591 87.486026 133.877774
28.450000 253.249792 181.384152 135.951689 107.068893 89.440990 78.410469 56.071953 36.239093 23.242585 244.629645 201.408184 155.018439 130.426805 87.665548 134.134093
28.500000 253.701141 181.718023 136.210971 107.280541 89.623442 78.574585 56.198718 36.332310 23.313466 245.066927 201.774838 155.309065 130.676992 87.845052 134.390384
28.550000 254.152437 182.051855 136.470224 107.492168 89.805875 78.738686 56.325473 36.425521 23.384343 245.504156 202.141449 155.599658 130.927151 88.024538 134.646646
28.600000 254.603678 182.385648 136.729449 107.703772 89.988290 78.902770 56.452216 36.518725 23.455218 245.941333 202.508016 155.890218 131.177282 88.204007 134.902880
28.650000 255.054865 182.719403 136.988646 107.915353 90.170687 79.066839 56.578949 36.611923 23.526089 246.378457 202.874541 156.180746 131.427386 88.383458 135.159086
28.700000 255.505998 183.053120 137.247814 108.126913 90.353066 79.230892 56.705671 36.705115 23.596956 246.815530 203.241024 156.471241 131.677464 88.562890 135.415264
28.750000 255.957077 183.386798 137.506954 108.338451 90.535426 79.394930 56.832383 36.798301 23.667821 247.252550 203.607463 156.761703 131.927514 88.742306 135.671414
28.800000 256.408103 183.720438 137.766065 108.549967 90.717769 79.558952 56.959083 36.891480 23.738682 247.689519 203.973861 157.052134 132.177537 88.921703 135.927537
28.850000 256.859075 184.054041 138.025149 108.761461 90.900093 79.722958 57.085773 36.984654 23.809539 248.126436 204.340215 157.342531 132.427533 89.101083 136.183631
28.900000 257.309993 184.387605 138.284204 108.972933 91.082399 79.886948 57.212453 37.077820 23.880394 248.563301 204.706528 157.632897 132.677502 89.280445 136.439698
28.950000 257.760859 184.721132 138.543231 109.184383 91.264688 80.050923 57.339121 37.170981 23.951245 249.000115 205.072799 157.923231 132.927444 89.459790 136.695737
29.000000 258.211671 185.054620 138.802230 109.395811 91.446958 80.214883 57.465779 37.264136 24.022092 249.436878 205.439027 158.213532 133.177360 89.639117 136.951749
29.050000 258.662431 185.388072 139.061202 109.607218 91.629211 80.378827 57.592427 37.357284 24.092937 249.873589 205.805214 158.503802 133.427248 89.818426 137.207733
29.100000 259.113137 185.721485 139.320145 109.818604 91.811446 80.542756 57.719064 37.450426 24.163778 250.310250 206.171359 158.794039 133.677111 89.997719 137.463689
29.150000 259.563791 186.054862 139.579061 110.029967 91.993663 80.706669 57.845690 37.543562 24.234616 250.746860 206.537462 159.084245 133.926946 90.176993 137.719619
29.200000 260.014393 186.388201 139.837950 110.241310 92.175863 80.870567 57.972306 37.636691 24.305451 251.183419 206.903524 159.374419 134.176755 90.356251 137.975521
29.250000 260.464942 186.721503 140.096810 110.452631 92.358044 81.034450 58.098911 37.729815 24.376282 251.619928 207.269544 159.664562 134.426538 90.535491 138.231396
29.300000 260.915438 187.054767 140.355643 110.663930 92.540209 81.198317 58.225506 37.822932 24.447110 252.056386 207.635523 159.954672 134.676295 90.714714 138.487244
29.350000 261.365883 187.387995 140.614449 110.875208 92.722355 81.362169 58.352091 37.916044 24.517935 252.492794 208.001461 160.244752 134.926025 90.893920 138.743064
29.400000 261.816276 187.721186 140.873227 111.086465 92.904484 81.526006 58.478665 38.009149 24.588756 252.929152 208.367357 160.534800 135.175729 91.073109 138.998858
29.450000 262.266617 188.054340 141.131978 111.297701 93.086596 81.689828 58.605229 38.102248 24.659575 253.365459 208.733213 160.824817 135.425407 91.252280 139.254625
29.500000 262.716906 188.387457 141.390702 111.508915 93.268690 81.853635 58.731782 38.195341 24.730390 253.801717 209.099028 161.114802 135.675058 91.431434 139.510365
29.550000 263.167144 188.720538 141.649399 111.720109 93.450767 82.017426 58.858325 38.288428 24.801202 254.237926 209.464801 161.404757 135.924684 91.610572 139.766078
29.600000 263.617331 189.053582 141.908068 111.931281 93.632826 82.181203 58.984858 38.381508 24.872010 254.674084 209.830535 161.694680 136.174284 91.789692 140.021765
