web/models/kne/1/Metzger_0.038208_0.467586_0.450000.dat
# %ECSV 0.9
# ---
# datatype:
# - {name: time, datatype: float64}
# - {name: sdss_u, datatype: float64}
# - {name: sdss_g, datatype: float64}
# - {name: sdss_r, datatype: float64}
# - {name: sdss_i, datatype: float64}
# - {name: sdss_z, datatype: float64}
# - {name: PS1_y, datatype: float64}
# - {name: ukirt_J, datatype: float64}
# - {name: ukirt_H, datatype: float64}
# - {name: ukirt_K, datatype: float64}
# - {name: johnson_U, datatype: float64}
# - {name: johnson_B, datatype: float64}
# - {name: johnson_V, datatype: float64}
# - {name: johnson_R, datatype: float64}
# - {name: johnson_I, datatype: float64}
# - {name: Clear, datatype: float64}
# meta: !!omap
# - comment: [vej = 0.4675862068965517, mej = 0.038208046189546235, Ye = 0.45, redshift = 0.0]
# schema: astropy-2.0
time sdss_u sdss_g sdss_r sdss_i sdss_z PS1_y ukirt_J ukirt_H ukirt_K johnson_U johnson_B johnson_V johnson_R johnson_I Clear
[from data line 790]
39.600000 229.475904 163.290380 121.464266 94.884566 78.668322 68.524313 47.991718 29.780907 17.864357 221.535956 181.729348 139.015548 116.379165 77.035385 119.791316
39.650000 229.775366 163.511843 121.636206 95.024880 78.789251 68.633069 48.075674 29.842589 17.911210 221.826077 181.972576 139.208298 116.545067 77.154358 119.961270
39.700000 230.074805 163.733290 121.808135 95.165185 78.910173 68.741818 48.159627 29.904270 17.958061 222.116177 182.215787 139.401035 116.710956 77.273323 120.131213
39.750000 230.374221 163.954720 121.980051 95.305480 79.031087 68.850561 48.243575 29.965948 18.004912 222.406254 182.458980 139.593759 116.876835 77.392280 120.301143
39.800000 230.673615 164.176134 122.151956 95.445767 79.151994 68.959298 48.327519 30.027624 18.051762 222.696310 182.702155 139.786469 117.042702 77.511231 120.471062
39.850000 230.972985 164.397532 122.323849 95.586045 79.272894 69.068028 48.411459 30.089297 18.098611 222.986343 182.945311 139.979165 117.208558 77.630175 120.640970
39.900000 231.272333 164.618915 122.495730 95.726314 79.393787 69.176752 48.495395 30.150969 18.145459 223.276354 183.188450 140.171847 117.374403 77.749111 120.810866
39.950000 231.571658 164.840281 122.667600 95.866574 79.514672 69.285470 48.579327 30.212639 18.192306 223.566343 183.431571 140.364517 117.540236 77.868040 120.980750
40.000000 231.870960 165.061631 122.839458 96.006825 79.635549 69.394181 48.663255 30.274306 18.239152 223.856311 183.674674 140.557172 117.706059 77.986962 121.150623
40.050000 232.170240 165.282965 123.011304 96.147067 79.756420 69.502887 48.747179 30.335971 18.285998 224.146256 183.917760 140.749814 117.871870 78.105877 121.320484
40.100000 232.469497 165.504283 123.183138 96.287300 79.877283 69.611586 48.831098 30.397634 18.332842 224.436180 184.160827 140.942443 118.037670 78.224785 121.490334
40.150000 232.768731 165.725586 123.354961 96.427524 79.998139 69.720279 48.915014 30.459295 18.379686 224.726082 184.403877 141.135058 118.203459 78.343686 121.660172
40.200000 233.067942 165.946872 123.526772 96.567739 80.118988 69.828965 48.998925 30.520953 18.426528 225.015962 184.646909 141.327660 118.369237 78.462580 121.829999
40.250000 233.367132 166.168143 123.698572 96.707946 80.239829 69.937646 49.082832 30.582610 18.473370 225.305820 184.889923 141.520248 118.535004 78.581466 121.999814
40.300000 233.666298 166.389398 123.870360 96.848143 80.360664 70.046320 49.166736 30.644264 18.520211 225.595657 185.132919 141.712824 118.700759 78.700346 122.169618
40.350000 233.965442 166.610637 124.042136 96.988332 80.481491 70.154988 49.250635 30.705916 18.567051 225.885472 185.375898 141.905385 118.866504 78.819218 122.339411
40.400000 234.264564 166.831860 124.213901 97.128511 80.602310 70.263650 49.334530 30.767566 18.613890 226.175265 185.618859 142.097934 119.032238 78.938084 122.509192
40.450000 234.563663 167.053067 124.385655 97.268682 80.723123 70.372306 49.418421 30.829214 18.660729 226.465037 185.861803 142.290469 119.197960 79.056942 122.678962
40.500000 234.862740 167.274259 124.557396 97.408844 80.843928 70.480956 49.502308 30.890860 18.707566 226.754787 186.104729 142.482990 119.363672 79.175794 122.848720
40.550000 235.161795 167.495435 124.729127 97.548997 80.964727 70.589599 49.586191 30.952503 18.754403 227.044515 186.347637 142.675499 119.529372 79.294638 123.018467
40.600000 235.460827 167.716596 124.900845 97.689142 81.085518 70.698237 49.670070 31.014144 18.801238 227.334223 186.590528 142.867994 119.695062 79.413475 123.188203
40.650000 235.759837 167.937740 125.072553 97.829277 81.206302 70.806868 49.753945 31.075784 18.848073 227.623908 186.833402 143.060476 119.860741 79.532306 123.357927
40.700000 236.058825 168.158869 125.244249 97.969404 81.327079 70.915493 49.837816 31.137421 18.894907 227.913573 187.076258 143.252945 120.026408 79.651129 123.527641
40.750000 236.357791 168.379983 125.415933 98.109522 81.447848 71.024112 49.921683 31.199056 18.941740 228.203216 187.319096 143.445401 120.192065 79.769946 123.697343
40.800000 236.656735 168.601081 125.587606 98.249631 81.568611 71.132725 50.005546 31.260688 18.988572 228.492837 187.561917 143.637843 120.357711 79.888755 123.867033
40.850000 236.955656 168.822163 125.759268 98.389732 81.689366 71.241332 50.089404 31.322319 19.035403 228.782437 187.804721 143.830273 120.523346 80.007558 124.036713
40.900000 237.254556 169.043230 125.930918 98.529823 81.810114 71.349933 50.173259 31.383947 19.082233 229.072016 188.047508 144.022689 120.688970 80.126353 124.206381
40.950000 237.553433 169.264281 126.102557 98.669907 81.930856 71.458527 50.257110 31.445574 19.129062 229.361574 188.290277 144.215092 120.854583 80.245142 124.376038
41.000000 237.852289 169.485317 126.274185 98.809981 82.051590 71.567116 50.340957 31.507198 19.175890 229.651111 188.533028 144.407482 121.020186 80.363924 124.545684
41.050000 238.151122 169.706338 126.445801 98.950047 82.172317 71.675699 50.424800 31.568820 19.222718 229.940626 188.775763 144.599859 121.185777 80.482699 124.715319
41.100000 238.449934 169.927343 126.617406 99.090104 82.293037 71.784275 50.508639 31.630440 19.269545 230.230120 189.018480 144.792223 121.351358 80.601467 124.884942
41.150000 238.748724 170.148332 126.789000 99.230152 82.413750 71.892846 50.592474 31.692058 19.316370 230.519593 189.261181 144.984574 121.516928 80.720228 125.054555
41.200000 239.047492 170.369306 126.960582 99.370192 82.534456 72.001410 50.676305 31.753673 19.363195 230.809045 189.503863 145.176912 121.682487 80.838982 125.224156
41.250000 239.346238 170.590265 127.132153 99.510223 82.655155 72.109968 50.760132 31.815287 19.410019 231.098477 189.746529 145.369237 121.848036 80.957729 125.393747
41.300000 239.644962 170.811209 127.303713 99.650245 82.775847 72.218521 50.843954 31.876898 19.456842 231.387887 189.989178 145.561549 122.013574 81.076470 125.563326
41.350000 239.943665 171.032137 127.475262 99.790259 82.896531 72.327067 50.927773 31.938508 19.503664 231.677276 190.231810 145.753848 122.179101 81.195203 125.732894
41.400000 240.242346 171.253050 127.646800 99.930264 83.017209 72.435608 51.011589 32.000115 19.550485 231.966644 190.474424 145.946134 122.344617 81.313930 125.902451
41.450000 240.541005 171.473948 127.818326 100.070261 83.137880 72.544142 51.095400 32.061720 19.597305 232.255991 190.717022 146.138408 122.510123 81.432650 126.071997
41.500000 240.839643 171.694831 127.989841 100.210249 83.258544 72.652670 51.179207 32.123323 19.644125 232.545318 190.959602 146.330668 122.675618 81.551363 126.241532
41.550000 241.138259 171.915698 128.161345 100.350229 83.379201 72.761193 51.263010 32.184923 19.690943 232.834623 191.202166 146.522916 122.841102 81.670070 126.411057
41.600000 241.436854 172.136550 128.332838 100.490200 83.499851 72.869709 51.346809 32.246522 19.737761 233.123908 191.444712 146.715151 123.006576 81.788769 126.580570
41.650000 241.735427 172.357387 128.504320 100.630162 83.620494 72.978220 51.430605 32.308119 19.784577 233.413172 191.687242 146.907373 123.172039 81.907462 126.750072
41.700000 242.033978 172.578209 128.675791 100.770116 83.741130 73.086724 51.514396 32.369713 19.831393 233.702416 191.929755 147.099582 123.337491 82.026148 126.919563
41.750000 242.332508 172.799016 128.847250 100.910062 83.861759 73.195223 51.598183 32.431305 19.878208 233.991638 192.172251 147.291778 123.502933 82.144827 127.089044
41.800000 242.631017 173.019807 129.018699 101.049999 83.982381 73.303716 51.681967 32.492896 19.925022 234.280840 192.414730 147.483962 123.668365 82.263499 127.258513
41.850000 242.929504 173.240584 129.190136 101.189927 84.102997 73.412202 51.765747 32.554484 19.971835 234.570022 192.657192 147.676133 123.833786 82.382165 127.427972
41.900000 243.227970 173.461346 129.361563 101.329847 84.223605 73.520683 51.849522 32.616070 20.018647 234.859183 192.899637 147.868291 123.999196 82.500824 127.597420
41.950000 243.526415 173.682092 129.532978 101.469759 84.344207 73.629158 51.933294 32.677654 20.065458 235.148323 193.142066 148.060436 124.164595 82.619476 127.766856
42.000000 243.824839 173.902824 129.704383 101.609662 84.464801 73.737627 52.017062 32.739235 20.112268 235.437443 193.384478 148.252569 124.329985 82.738122 127.936282
42.050000 244.123241 174.123541 129.875777 101.749556 84.585389 73.846090 52.100826 32.800815 20.159078 235.726542 193.626873 148.444690 124.495363 82.856760 128.105698
42.100000 244.421622 174.344242 130.047159 101.889443 84.705970 73.954548 52.184586 32.862393 20.205886 236.015621 193.869252 148.636797 124.660732 82.975392 128.275102
42.150000 244.719982 174.564929 130.218531 102.029321 84.826544 74.062999 52.268343 32.923968 20.252694 236.304680 194.111613 148.828892 124.826090 83.094018 128.444496
42.200000 245.018320 174.785601 130.389891 102.169190 84.947111 74.171445 52.352095 32.985541 20.299500 236.593718 194.353959 149.020975 124.991437 83.212636 128.613879
42.250000 245.316638 175.006258 130.561241 102.309051 85.067671 74.279884 52.435843 33.047113 20.346306 236.882735 194.596287 149.213044 125.156774 83.331248 128.783251
42.300000 245.614935 175.226900 130.732580 102.448904 85.188225 74.388318 52.519588 33.108682 20.393111 237.171733 194.838599 149.405102 125.322100 83.449854 128.952612
42.350000 245.913210 175.447528 130.903908 102.588748 85.308772 74.496746 52.603329 33.170249 20.439914 237.460710 195.080895 149.597146 125.487416 83.568452 129.121963
42.400000 246.211465 175.668141 131.075225 102.728584 85.429312 74.605168 52.687066 33.231814 20.486717 237.749667 195.323174 149.789179 125.652722 83.687044 129.291303
42.450000 246.509698 175.888738 131.246532 102.868412 85.549845 74.713584 52.770799 33.293377 20.533519 238.038603 195.565436 149.981198 125.818018 83.805630 129.460632
42.500000 246.807911 176.109321 131.417827 103.008231 85.670371 74.821995 52.854528 33.354937 20.580321 238.327520 195.807682 150.173206 125.983303 83.924208 129.629951
42.550000 247.106103 176.329890 131.589112 103.148042 85.790891 74.930400 52.938253 33.416496 20.627121 238.616416 196.049912 150.365200 126.148577 84.042781 129.799259
42.600000 247.404273 176.550443 131.760386 103.287845 85.911404 75.038798 53.021975 33.478053 20.673920 238.905292 196.292125 150.557183 126.313842 84.161346 129.968556
42.650000 247.702423 176.770982 131.931649 103.427639 86.031910 75.147191 53.105692 33.539607 20.720718 239.194148 196.534322 150.749153 126.479096 84.279905 130.137843
42.700000 248.000553 176.991507 132.102901 103.567426 86.152409 75.255579 53.189406 33.601160 20.767516 239.482984 196.776502 150.941110 126.644340 84.398457 130.307119
42.750000 248.298661 177.212016 132.274143 103.707204 86.272901 75.363960 53.273116 33.662710 20.814312 239.771800 197.018666 151.133055 126.809573 84.517003 130.476385
42.800000 248.596749 177.432512 132.445374 103.846973 86.393387 75.472336 53.356822 33.724258 20.861108 240.060596 197.260814 151.324988 126.974797 84.635542 130.645640
42.850000 248.894816 177.652992 132.616594 103.986735 86.513866 75.580706 53.440524 33.785805 20.907903 240.349372 197.502945 151.516909 127.140010 84.754075 130.814884
42.900000 249.192862 177.873458 132.787804 104.126488 86.634339 75.689070 53.524223 33.847349 20.954696 240.638128 197.745060 151.708817 127.305212 84.872601 130.984118
42.950000 249.490888 178.093909 132.959002 104.266233 86.754805 75.797429 53.607917 33.908891 21.001489 240.926865 197.987159 151.900713 127.470405 84.991120 131.153341
43.000000 249.788893 178.314346 133.130190 104.405970 86.875264 75.905781 53.691608 33.970431 21.048281 241.215581 198.229242 152.092596 127.635587 85.109633 131.322554
43.050000 250.086878 178.534769 133.301368 104.545698 86.995716 76.014128 53.775295 34.031969 21.095072 241.504277 198.471309 152.284467 127.800760 85.228140 131.491757
43.100000 250.384842 178.755176 133.472535 104.685419 87.116162 76.122470 53.858979 34.093504 21.141862 241.792954 198.713359 152.476327 127.965922 85.346640 131.660948
43.150000 250.682786 178.975570 133.643691 104.825131 87.236601 76.230805 53.942658 34.155038 21.188651 242.081611 198.955393 152.668173 128.131074 85.465133 131.830130
43.200000 250.980709 179.195949 133.814837 104.964835 87.357033 76.339135 54.026334 34.216570 21.235440 242.370248 199.197411 152.860008 128.296215 85.583620 131.999301
43.250000 251.278611 179.416313 133.985972 105.104531 87.477459 76.447459 54.110006 34.278099 21.282227 242.658866 199.439413 153.051830 128.461347 85.702100 132.168461
43.300000 251.576494 179.636664 134.157096 105.244219 87.597878 76.555777 54.193674 34.339627 21.329013 242.947463 199.681399 153.243641 128.626469 85.820574 132.337611
43.350000 251.874356 179.856999 134.328210 105.383899 87.718290 76.664090 54.277338 34.401152 21.375799 243.236041 199.923369 153.435439 128.791580 85.939042 132.506751
43.400000 252.172197 180.077321 134.499314 105.523570 87.838696 76.772397 54.360999 34.462676 21.422583 243.524600 200.165323 153.627225 128.956682 86.057503 132.675880
43.450000 252.470018 180.297628 134.670406 105.663234 87.959095 76.880699 54.444655 34.524197 21.469367 243.813139 200.407261 153.818998 129.121773 86.175957 132.844999
43.500000 252.767819 180.517921 134.841489 105.802889 88.079488 76.988994 54.528308 34.585716 21.516150 244.101658 200.649182 154.010760 129.286854 86.294405 133.014108
43.550000 253.065600 180.738200 135.012561 105.942537 88.199874 77.097284 54.611957 34.647234 21.562932 244.390158 200.891088 154.202510 129.451925 86.412847 133.183206
43.600000 253.363361 180.958464 135.183622 106.082176 88.320253 77.205569 54.695603 34.708749 21.609712 244.678638 201.132978 154.394247 129.616987 86.531282 133.352294
43.650000 253.661101 181.178714 135.354673 106.221807 88.440626 77.313847 54.779245 34.770262 21.656492 244.967099 201.374852 154.585973 129.782038 86.649711 133.521372
43.700000 253.958821 181.398950 135.525714 106.361431 88.560992 77.422120 54.862883 34.831773 21.703271 245.255540 201.616711 154.777686 129.947079 86.768133 133.690439
43.750000 254.256521 181.619171 135.696744 106.501046 88.681352 77.530388 54.946517 34.893282 21.750049 245.543962 201.858553 154.969388 130.112111 86.886549 133.859496
43.800000 254.554201 181.839379 135.867763 106.640653 88.801705 77.638650 55.030147 34.954789 21.796827 245.832365 202.100380 155.161077 130.277132 87.004959 134.028543
43.850000 254.851861 182.059572 136.038772 106.780252 88.922052 77.746906 55.113774 35.016294 21.843603 246.120748 202.342190 155.352755 130.442143 87.123362 134.197579
43.900000 255.149501 182.279751 136.209771 106.919843 89.042392 77.855157 55.197397 35.077797 21.890378 246.409112 202.583985 155.544420 130.607145 87.241759 134.366606
43.950000 255.447121 182.499917 136.380760 107.059427 89.162726 77.963402 55.281016 35.139298 21.937152 246.697457 202.825765 155.736074 130.772136 87.360149 134.535622
44.000000 255.744721 182.720068 136.551738 107.199002 89.283053 78.071641 55.364632 35.200796 21.983926 246.985782 203.067528 155.927715 130.937118 87.478533 134.704628
44.050000 256.042301 182.940205 136.722706 107.338569 89.403374 78.179875 55.448244 35.262293 22.030698 247.274088 203.309276 156.119345 131.102090 87.596911 134.873623
44.100000 256.339861 183.160327 136.893663 107.478128 89.523688 78.288103 55.531852 35.323788 22.077470 247.562375 203.551008 156.310963 131.267052 87.715282 135.042609
44.150000 256.637401 183.380436 137.064610 107.617680 89.643995 78.396326 55.615456 35.385280 22.124241 247.850643 203.792725 156.502569 131.432004 87.833647 135.211584
44.200000 256.934921 183.600531 137.235547 107.757223 89.764297 78.504543 55.699057 35.446771 22.171010 248.138891 204.034425 156.694163 131.596946 87.952006 135.380549
44.250000 257.232422 183.820612 137.406474 107.896759 89.884591 78.612755 55.782654 35.508260 22.217779 248.427121 204.276111 156.885746 131.761878 88.070358 135.549504
