web/models/kne/1/Metzger_0.003617_0.111034_0.450000.dat
# %ECSV 0.9
# ---
# datatype:
# - {name: time, datatype: float64}
# - {name: sdss_u, datatype: float64}
# - {name: sdss_g, datatype: float64}
# - {name: sdss_r, datatype: float64}
# - {name: sdss_i, datatype: float64}
# - {name: sdss_z, datatype: float64}
# - {name: PS1_y, datatype: float64}
# - {name: ukirt_J, datatype: float64}
# - {name: ukirt_H, datatype: float64}
# - {name: ukirt_K, datatype: float64}
# - {name: johnson_U, datatype: float64}
# - {name: johnson_B, datatype: float64}
# - {name: johnson_V, datatype: float64}
# - {name: johnson_R, datatype: float64}
# - {name: johnson_I, datatype: float64}
# - {name: Clear, datatype: float64}
# meta: !!omap
# - comment: [vej = 0.11103448275862068, mej = 0.0036174920645118385, Ye = 0.45, redshift = 0.0]
# schema: astropy-2.0
time sdss_u sdss_g sdss_r sdss_i sdss_z PS1_y ukirt_J ukirt_H ukirt_K johnson_U johnson_B johnson_V johnson_R johnson_I Clear
[from data line 988]
49.500000 242.927139 173.952016 130.354763 102.643974 85.734441 75.155051 53.735538 34.728111 22.281176 234.653135 193.169435 148.650317 125.053678 84.031517 128.610775
49.550000 243.178490 174.137926 130.499125 102.761802 85.836005 75.246402 53.806083 34.779968 22.320591 234.896649 193.373607 148.812138 125.192973 84.131440 128.753471
49.600000 243.429829 174.323829 130.643481 102.879625 85.937566 75.337750 53.876626 34.831825 22.360006 235.140152 193.577770 148.973953 125.332262 84.231359 128.896160
49.650000 243.681157 174.509723 130.787831 102.997445 86.039123 75.429095 53.947167 34.883680 22.399421 235.383644 193.781923 149.135761 125.471546 84.331275 129.038844
49.700000 243.932473 174.695609 130.932175 103.115260 86.140677 75.520437 54.017706 34.935535 22.438836 235.627124 193.986068 149.297562 125.610825 84.431187 129.181522
49.750000 244.183777 174.881487 131.076514 103.233070 86.242227 75.611776 54.088244 34.987390 22.478251 235.870594 194.190204 149.459356 125.750098 84.531096 129.324195
49.800000 244.435070 175.067357 131.220847 103.350876 86.343774 75.703112 54.158780 35.039243 22.517665 236.114052 194.394330 149.621144 125.889365 84.631001 129.466862
49.850000 244.686351 175.253219 131.365174 103.468678 86.445318 75.794445 54.229314 35.091096 22.557080 236.357499 194.598448 149.782925 126.028627 84.730904 129.609523
49.900000 244.937620 175.439073 131.509495 103.586475 86.546858 75.885776 54.299847 35.142948 22.596495 236.600935 194.802556 149.944699 126.167884 84.830802 129.752178
49.950000 245.188878 175.624919 131.653810 103.704269 86.648394 75.977103 54.370377 35.194799 22.635909 236.844360 195.006656 150.106467 126.307135 84.930698 129.894828
50.000000 245.440124 175.810757 131.798120 103.822057 86.749927 76.068428 54.440906 35.246650 22.675323 237.087773 195.210746 150.268227 126.446380 85.030590 130.037472
50.050000 245.691359 175.996587 131.942424 103.939842 86.851457 76.159750 54.511433 35.298499 22.714738 237.331176 195.414828 150.429981 126.585620 85.130479 130.180110
50.100000 245.942582 176.182409 132.086722 104.057622 86.952983 76.251068 54.581959 35.350348 22.754152 237.574567 195.618900 150.591729 126.724854 85.230364 130.322743
50.150000 246.193794 176.368223 132.231014 104.175398 87.054506 76.342384 54.652482 35.402197 22.793566 237.817947 195.822963 150.753469 126.864083 85.330246 130.465370
50.200000 246.444994 176.554029 132.375301 104.293169 87.156025 76.433697 54.723004 35.454044 22.832980 238.061316 196.027018 150.915203 127.003307 85.430125 130.607991
50.250000 246.696182 176.739827 132.519582 104.410937 87.257541 76.525008 54.793524 35.505891 22.872394 238.304674 196.231063 151.076931 127.142525 85.530000 130.750607
50.300000 246.947359 176.925617 132.663857 104.528700 87.359054 76.616315 54.864043 35.557737 22.911808 238.548021 196.435100 151.238651 127.281737 85.629872 130.893217
50.350000 247.198525 177.111399 132.808127 104.646458 87.460563 76.707619 54.934559 35.609582 22.951222 238.791357 196.639128 151.400365 127.420945 85.729741 131.035822
50.400000 247.449679 177.297173 132.952390 104.764212 87.562068 76.798921 55.005074 35.661426 22.990636 239.034682 196.843146 151.562073 127.560146 85.829606 131.178420
50.450000 247.700822 177.482939 133.096648 104.881962 87.663571 76.890220 55.075587 35.713270 23.030049 239.277996 197.047156 151.723773 127.699343 85.929468 131.321014
50.500000 247.951953 177.668697 133.240901 104.999708 87.765069 76.981515 55.146098 35.765113 23.069463 239.521299 197.251157 151.885467 127.838533 86.029327 131.463601
50.550000 248.203073 177.854447 133.385147 105.117450 87.866565 77.072808 55.216608 35.816955 23.108876 239.764591 197.455149 152.047155 127.977719 86.129182 131.606183
50.600000 248.454182 178.040190 133.529388 105.235187 87.968057 77.164098 55.287115 35.868796 23.148290 240.007871 197.659132 152.208835 128.116899 86.229034 131.748759
50.650000 248.705279 178.225924 133.673623 105.352920 88.069545 77.255386 55.357621 35.920637 23.187703 240.251141 197.863106 152.370509 128.256073 86.328883 131.891330
50.700000 248.956364 178.411651 133.817853 105.470648 88.171030 77.346670 55.428126 35.972477 23.227116 240.494400 198.067072 152.532177 128.395242 86.428728 132.033895
50.750000 249.207439 178.597369 133.962077 105.588373 88.272512 77.437951 55.498628 36.024316 23.266529 240.737648 198.271028 152.693838 128.534406 86.528570 132.176455
50.800000 249.458502 178.783080 134.106295 105.706093 88.373990 77.529230 55.569129 36.076154 23.305942 240.980885 198.474976 152.855492 128.673564 86.628409 132.319009
50.850000 249.709553 178.968783 134.250508 105.823808 88.475465 77.620506 55.639628 36.127992 23.345355 241.224111 198.678915 153.017140 128.812717 86.728244 132.461557
50.900000 249.960594 179.154478 134.394714 105.941520 88.576937 77.711779 55.710125 36.179829 23.384768 241.467326 198.882845 153.178781 128.951865 86.828076 132.604100
50.950000 250.211623 179.340165 134.538916 106.059227 88.678405 77.803049 55.780620 36.231665 23.424180 241.710530 199.086766 153.340416 129.091007 86.927905 132.746637
51.000000 250.462640 179.525844 134.683111 106.176930 88.779870 77.894316 55.851114 36.283500 23.463593 241.953724 199.290678 153.502043 129.230143 87.027731 132.889169
51.050000 250.713647 179.711516 134.827301 106.294629 88.881331 77.985580 55.921606 36.335334 23.503005 242.196906 199.494582 153.663665 129.369275 87.127553 133.031695
51.100000 250.964642 179.897180 134.971485 106.412324 88.982789 78.076842 55.992096 36.387168 23.542418 242.440078 199.698476 153.825280 129.508401 87.227372 133.174216
51.150000 251.215626 180.082835 135.115664 106.530014 89.084244 78.168100 56.062585 36.439001 23.581830 242.683239 199.902362 153.986888 129.647521 87.327187 133.316731
51.200000 251.466598 180.268484 135.259837 106.647700 89.185695 78.259356 56.133071 36.490833 23.621242 242.926389 200.106239 154.148490 129.786637 87.427000 133.459240
51.250000 251.717560 180.454124 135.404004 106.765382 89.287143 78.350609 56.203556 36.542665 23.660654 243.169528 200.310108 154.310085 129.925746 87.526809 133.601744
51.300000 251.968510 180.639756 135.548166 106.883060 89.388587 78.441859 56.274040 36.594496 23.700066 243.412656 200.513968 154.471674 130.064851 87.626615 133.744242
51.350000 252.219449 180.825381 135.692322 107.000733 89.490028 78.533107 56.344521 36.646326 23.739478 243.655774 200.717819 154.633256 130.203950 87.726417 133.886735
51.400000 252.470376 181.010998 135.836473 107.118402 89.591466 78.624351 56.415001 36.698155 23.778889 243.898880 200.921661 154.794831 130.343044 87.826216 134.029223
51.450000 252.721293 181.196607 135.980618 107.236067 89.692900 78.715593 56.485479 36.749983 23.818301 244.141976 201.125494 154.956401 130.482133 87.926012 134.171705
51.500000 252.972198 181.382208 136.124757 107.353728 89.794331 78.806832 56.555955 36.801811 23.857712 244.385061 201.329319 155.117963 130.621216 88.025805 134.314181
51.550000 253.223093 181.567802 136.268891 107.471385 89.895759 78.898068 56.626429 36.853638 23.897123 244.628136 201.533135 155.279519 130.760294 88.125594 134.456652
51.600000 253.473976 181.753388 136.413019 107.589037 89.997183 78.989301 56.696902 36.905464 23.936535 244.871200 201.736942 155.441069 130.899366 88.225380 134.599117
51.650000 253.724848 181.938966 136.557142 107.706685 90.098604 79.080531 56.767373 36.957289 23.975946 245.114253 201.940741 155.602612 131.038433 88.325163 134.741577
51.700000 253.975708 182.124536 136.701259 107.824329 90.200022 79.171759 56.837843 37.009114 24.015357 245.357295 202.144531 155.764149 131.177495 88.424943 134.884031
51.750000 254.226558 182.310099 136.845370 107.941969 90.301436 79.262983 56.908310 37.060937 24.054767 245.600326 202.348313 155.925679 131.316552 88.524719 135.026480
51.800000 254.477397 182.495654 136.989476 108.059605 90.402847 79.354205 56.978776 37.112760 24.094178 245.843347 202.552085 156.087203 131.455603 88.624492 135.168924
51.850000 254.728224 182.681201 137.133576 108.177236 90.504254 79.445424 57.049240 37.164583 24.133589 246.086357 202.755849 156.248720 131.594649 88.724262 135.311362
51.900000 254.979041 182.866741 137.277671 108.294863 90.605659 79.536641 57.119702 37.216404 24.172999 246.329357 202.959605 156.410231 131.733690 88.824028 135.453794
51.950000 255.229846 183.052273 137.421761 108.412487 90.707060 79.627854 57.190163 37.268225 24.212409 246.572346 203.163352 156.571735 131.872726 88.923792 135.596221
52.000000 255.480641 183.237797 137.565844 108.530105 90.808457 79.719065 57.260622 37.320045 24.251819 246.815324 203.367090 156.733233 132.011756 89.023552 135.738643
52.050000 255.731424 183.423314 137.709923 108.647720 90.909851 79.810273 57.331079 37.371864 24.291229 247.058292 203.570819 156.894725 132.150781 89.123308 135.881059
52.100000 255.982196 183.608823 137.853995 108.765331 91.011242 79.901478 57.401534 37.423682 24.330639 247.301249 203.774540 157.056210 132.289801 89.223062 136.023470
52.150000 256.232958 183.794324 137.998062 108.882937 91.112630 79.992680 57.471988 37.475500 24.370049 247.544195 203.978253 157.217689 132.428815 89.322812 136.165875
52.200000 256.483708 183.979818 138.142124 109.000540 91.214014 80.083879 57.542440 37.527317 24.409459 247.787131 204.181957 157.379161 132.567824 89.422559 136.308275
52.250000 256.734447 184.165304 138.286180 109.118138 91.315395 80.175076 57.612890 37.579133 24.448868 248.030056 204.385652 157.540627 132.706828 89.522303 136.450670
52.300000 256.985176 184.350782 138.430231 109.235732 91.416773 80.266270 57.683339 37.630948 24.488277 248.272971 204.589339 157.702086 132.845827 89.622044 136.593059
52.350000 257.235893 184.536253 138.574276 109.353322 91.518147 80.357461 57.753785 37.682762 24.527687 248.515875 204.793017 157.863539 132.984820 89.721781 136.735442
52.400000 257.486599 184.721716 138.718316 109.470907 91.619518 80.448649 57.824230 37.734576 24.567096 248.758768 204.996686 158.024986 133.123808 89.821515 136.877821
52.450000 257.737295 184.907171 138.862350 109.588489 91.720886 80.539835 57.894674 37.786389 24.606505 249.001651 205.200348 158.186427 133.262791 89.921246 137.020193
52.500000 257.987980 185.092619 139.006379 109.706066 91.822250 80.631018 57.965115 37.838201 24.645913 249.244524 205.404000 158.347861 133.401769 90.020974 137.162561
52.550000 258.238653 185.278060 139.150402 109.823640 91.923611 80.722197 58.035555 37.890013 24.685322 249.487386 205.607644 158.509288 133.540742 90.120698 137.304923
52.600000 258.489316 185.463493 139.294420 109.941209 92.024969 80.813375 58.105993 37.941823 24.724730 249.730237 205.811280 158.670710 133.679709 90.220420 137.447280
52.650000 258.739968 185.648918 139.438432 110.058774 92.126324 80.904549 58.176430 37.993633 24.764139 249.973078 206.014907 158.832124 133.818671 90.320138 137.589631
52.700000 258.990609 185.834335 139.582439 110.176335 92.227675 80.995721 58.246864 38.045442 24.803547 250.215909 206.218525 158.993533 133.957628 90.419853 137.731977
52.750000 259.241239 186.019746 139.726440 110.293892 92.329023 81.086890 58.317297 38.097251 24.842955 250.458729 206.422136 159.154935 134.096580 90.519564 137.874317
52.800000 259.491859 186.205148 139.870436 110.411445 92.430368 81.178056 58.387728 38.149058 24.882363 250.701538 206.625737 159.316331 134.235526 90.619273 138.016653
52.850000 259.742467 186.390543 140.014427 110.528993 92.531709 81.269219 58.458158 38.200865 24.921771 250.944337 206.829330 159.477721 134.374468 90.718978 138.158982
52.900000 259.993065 186.575931 140.158412 110.646538 92.633047 81.360379 58.528586 38.252671 24.961178 251.187126 207.032915 159.639104 134.513404 90.818680 138.301307
52.950000 260.243652 186.761311 140.302391 110.764078 92.734382 81.451537 58.599012 38.304476 25.000586 251.429905 207.236491 159.800481 134.652335 90.918379 138.443626
53.000000 260.494228 186.946683 140.446366 110.881615 92.835713 81.542692 58.669436 38.356281 25.039993 251.672672 207.440059 159.961852 134.791261 91.018075 138.585940
53.050000 260.744793 187.132048 140.590334 110.999147 92.937042 81.633845 58.739859 38.408084 25.079400 251.915430 207.643619 160.123216 134.930181 91.117767 138.728248
53.100000 260.995348 187.317406 140.734298 111.116675 93.038367 81.724994 58.810280 38.459887 25.118807 252.158177 207.847170 160.284574 135.069097 91.217457 138.870551
53.150000 261.245891 187.502756 140.878256 111.234199 93.139688 81.816141 58.880699 38.511689 25.158214 252.400914 208.050712 160.445926 135.208007 91.317143 139.012849
53.200000 261.496424 187.688098 141.022208 111.351719 93.241007 81.907285 58.951117 38.563490 25.197621 252.643640 208.254247 160.607272 135.346912 91.416826 139.155142
53.250000 261.746947 187.873433 141.166156 111.469235 93.342322 81.998426 59.021532 38.615291 25.237027 252.886356 208.457773 160.768611 135.485813 91.516505 139.297429
53.300000 261.997458 188.058761 141.310097 111.586747 93.443634 82.089565 59.091946 38.667091 25.276433 253.129062 208.661290 160.929944 135.624707 91.616182 139.439711
53.350000 262.247959 188.244081 141.454034 111.704255 93.544943 82.180700 59.162359 38.718890 25.315840 253.371758 208.864799 161.091271 135.763597 91.715855 139.581987
53.400000 262.498449 188.429394 141.597965 111.821759 93.646248 82.271833 59.232769 38.770688 25.355246 253.614443 209.068300 161.252591 135.902482 91.815526 139.724258
53.450000 262.748929 188.614699 141.741890 111.939258 93.747550 82.362964 59.303178 38.822485 25.394651 253.857117 209.271792 161.413906 136.041361 91.915193 139.866524
53.500000 262.999398 188.799997 141.885811 112.056754 93.848849 82.454091 59.373586 38.874282 25.434057 254.099782 209.475277 161.575214 136.180236 92.014857 140.008785
53.550000 263.249856 188.985287 142.029726 112.174246 93.950145 82.545216 59.443991 38.926078 25.473463 254.342436 209.678752 161.736516 136.319105 92.114517 140.151041
53.600000 263.500303 189.170570 142.173635 112.291733 94.051437 82.636338 59.514395 38.977873 25.512868 254.585080 209.882220 161.897811 136.457969 92.214175 140.293291
53.650000 263.750740 189.355846 142.317539 112.409217 94.152727 82.727457 59.584797 39.029667 25.552273 254.827714 210.085679 162.059101 136.596828 92.313829 140.435535
53.700000 264.001166 189.541114 142.461438 112.526696 94.254013 82.818574 59.655198 39.081461 25.591678 255.070337 210.289130 162.220384 136.735682 92.413481 140.577775
53.750000 264.251582 189.726375 142.605332 112.644172 94.355295 82.909688 59.725596 39.133253 25.631083 255.312951 210.492572 162.381661 136.874531 92.513129 140.720009
53.800000 264.501987 189.911628 142.749220 112.761643 94.456575 83.000799 59.795993 39.185045 25.670488 255.555554 210.696007 162.542931 137.013375 92.612774 140.862238
53.850000 264.752381 190.096874 142.893103 112.879110 94.557851 83.091907 59.866389 39.236836 25.709892 255.798146 210.899433 162.704196 137.152214 92.712415 141.004462
53.900000 265.002765 190.282113 143.036980 112.996574 94.659124 83.183013 59.936782 39.288627 25.749297 256.040729 211.102850 162.865454 137.291048 92.812054 141.146681
53.950000 265.253138 190.467344 143.180852 113.114033 94.760394 83.274116 60.007174 39.340416 25.788701 256.283301 211.306260 163.026707 137.429876 92.911690 141.288894
54.000000 265.503501 190.652568 143.324719 113.231488 94.861661 83.365216 60.077564 39.392205 25.828105 256.525864 211.509661 163.187953 137.568700 93.011322 141.431102
54.050000 265.753853 190.837785 143.468581 113.348940 94.962924 83.456314 60.147953 39.443993 25.867509 256.768416 211.713054 163.349193 137.707518 93.110951 141.573305
54.100000 266.004194 191.022994 143.612437 113.466387 95.064184 83.547408 60.218340 39.495780 25.906912 257.010958 211.916439 163.510426 137.846332 93.210577 141.715503
