web/models/kne/1/Metzger_0.008525_0.062414_0.100000.dat
# %ECSV 0.9
# ---
# datatype:
# - {name: time, datatype: float64}
# - {name: sdss_u, datatype: float64}
# - {name: sdss_g, datatype: float64}
# - {name: sdss_r, datatype: float64}
# - {name: sdss_i, datatype: float64}
# - {name: sdss_z, datatype: float64}
# - {name: PS1_y, datatype: float64}
# - {name: ukirt_J, datatype: float64}
# - {name: ukirt_H, datatype: float64}
# - {name: ukirt_K, datatype: float64}
# - {name: johnson_U, datatype: float64}
# - {name: johnson_B, datatype: float64}
# - {name: johnson_V, datatype: float64}
# - {name: johnson_R, datatype: float64}
# - {name: johnson_I, datatype: float64}
# - {name: Clear, datatype: float64}
# meta: !!omap
# - comment: [vej = 0.06241379310344827, mej = 0.008524704073694048, Ye = 0.1, redshift = 0.0]
# schema: astropy-2.0
time sdss_u sdss_g sdss_r sdss_i sdss_z PS1_y ukirt_J ukirt_H ukirt_K johnson_U johnson_B johnson_V johnson_R johnson_I Clear
[from data line 1203]
60.250000 168.013017 118.585680 87.399465 67.614642 55.563254 48.034744 32.830200 19.404961 10.674638 162.079873 132.348191 100.479623 83.611867 54.350754 86.153268
60.300000 168.163145 118.696594 87.485483 67.684760 55.623626 48.088996 32.871984 19.435547 10.697768 162.225305 132.470048 100.576103 83.694848 54.410142 86.238287
60.350000 168.313266 118.807504 87.571497 67.754876 55.683996 48.143247 32.913768 19.466133 10.720899 162.370731 132.591901 100.672579 83.777827 54.469529 86.323303
60.400000 168.463382 118.918410 87.657509 67.824989 55.744365 48.197496 32.955551 19.496720 10.744031 162.516151 132.713748 100.769052 83.860802 54.528914 86.408316
60.450000 168.613492 119.029312 87.743517 67.895101 55.804732 48.251744 32.997334 19.527306 10.767162 162.661566 132.835591 100.865521 83.943776 54.588298 86.493327
60.500000 168.763595 119.140210 87.829523 67.965210 55.865098 48.305991 33.039116 19.557892 10.790294 162.806975 132.957430 100.961988 84.026746 54.647680 86.578334
60.550000 168.913693 119.251104 87.915526 68.035317 55.925462 48.360236 33.080897 19.588478 10.813426 162.952377 133.079264 101.058450 84.109714 54.707061 86.663339
60.600000 169.063784 119.361994 88.001527 68.105422 55.985825 48.414481 33.122677 19.619063 10.836559 163.097775 133.201093 101.154910 84.192679 54.766440 86.748341
60.650000 169.213870 119.472880 88.087524 68.175526 56.046186 48.468723 33.164457 19.649649 10.859691 163.243166 133.322918 101.251366 84.275641 54.825817 86.833340
60.700000 169.363950 119.583761 88.173519 68.245627 56.106545 48.522965 33.206236 19.680235 10.882824 163.388552 133.444738 101.347818 84.358601 54.885193 86.918336
60.750000 169.514023 119.694639 88.259511 68.315726 56.166903 48.577206 33.248015 19.710820 10.905957 163.533932 133.566553 101.444268 84.441558 54.944568 87.003330
60.800000 169.664091 119.805512 88.345499 68.385823 56.227259 48.631445 33.289793 19.741405 10.929091 163.679306 133.688364 101.540714 84.524512 55.003940 87.088321
60.850000 169.814153 119.916382 88.431486 68.455918 56.287614 48.685683 33.331570 19.771991 10.952224 163.824674 133.810170 101.637157 84.607464 55.063312 87.173309
60.900000 169.964209 120.027248 88.517469 68.526011 56.347967 48.739919 33.373346 19.802576 10.975358 163.970037 133.931972 101.733596 84.690413 55.122682 87.258294
60.950000 170.114259 120.138109 88.603449 68.596102 56.408319 48.794154 33.415122 19.833161 10.998492 164.115394 134.053770 101.830032 84.773359 55.182050 87.343277
61.000000 170.264303 120.248967 88.689427 68.666191 56.468669 48.848389 33.456897 19.863746 11.021627 164.260746 134.175562 101.926465 84.856303 55.241417 87.428257
61.050000 170.414341 120.359820 88.775402 68.736278 56.529017 48.902621 33.498672 19.894330 11.044761 164.406091 134.297350 102.022894 84.939244 55.300782 87.513234
61.100000 170.564373 120.470670 88.861374 68.806362 56.589364 48.956853 33.540446 19.924915 11.067896 164.551431 134.419134 102.119320 85.022182 55.360146 87.598208
61.150000 170.714399 120.581515 88.947343 68.876445 56.649710 49.011083 33.582219 19.955500 11.091031 164.696766 134.540913 102.215743 85.105118 55.419509 87.683180
61.200000 170.864420 120.692357 89.033310 68.946526 56.710053 49.065312 33.623992 19.986084 11.114167 164.842094 134.662688 102.312163 85.188051 55.478870 87.768148
61.250000 171.014434 120.803194 89.119274 69.016605 56.770396 49.119540 33.665764 20.016668 11.137302 164.987418 134.784458 102.408579 85.270982 55.538229 87.853115
61.300000 171.164443 120.914028 89.205235 69.086682 56.830736 49.173766 33.707535 20.047252 11.160438 165.132735 134.906223 102.504992 85.353909 55.597587 87.938078
61.350000 171.314446 121.024857 89.291193 69.156756 56.891075 49.227992 33.749306 20.077837 11.183574 165.278047 135.027984 102.601402 85.436835 55.656943 88.023038
61.400000 171.464443 121.135683 89.377148 69.226829 56.951413 49.282216 33.791076 20.108420 11.206710 165.423353 135.149741 102.697808 85.519757 55.716298 88.107996
61.450000 171.614434 121.246504 89.463101 69.296900 57.011749 49.336439 33.832845 20.139004 11.229847 165.568653 135.271493 102.794211 85.602677 55.775651 88.192951
61.500000 171.764419 121.357322 89.549051 69.366968 57.072084 49.390660 33.874614 20.169588 11.252984 165.713948 135.393240 102.890611 85.685594 55.835003 88.277904
61.550000 171.914398 121.468136 89.634998 69.437035 57.132417 49.444880 33.916382 20.200172 11.276121 165.859237 135.514983 102.987008 85.768509 55.894354 88.362854
61.600000 172.064372 121.578945 89.720942 69.507100 57.192748 49.499099 33.958149 20.230755 11.299258 166.004521 135.636722 103.083401 85.851421 55.953702 88.447801
61.650000 172.214339 121.689751 89.806883 69.577162 57.253078 49.553317 33.999916 20.261339 11.322396 166.149799 135.758456 103.179791 85.934330 56.013050 88.532745
61.700000 172.364301 121.800553 89.892822 69.647223 57.313406 49.607534 34.041682 20.291922 11.345534 166.295072 135.880186 103.276178 86.017237 56.072396 88.617686
61.750000 172.514257 121.911351 89.978758 69.717282 57.373733 49.661749 34.083447 20.322505 11.368672 166.440338 136.001911 103.372561 86.100141 56.131740 88.702625
61.800000 172.664208 122.022145 90.064692 69.787339 57.434058 49.715963 34.125212 20.353088 11.391810 166.585600 136.123632 103.468941 86.183043 56.191083 88.787561
61.850000 172.814152 122.132935 90.150622 69.857393 57.494382 49.770176 34.166976 20.383671 11.414948 166.730855 136.245348 103.565318 86.265942 56.250424 88.872495
61.900000 172.964091 122.243721 90.236550 69.927446 57.554704 49.824387 34.208740 20.414254 11.438087 166.876106 136.367060 103.661692 86.348838 56.309764 88.957425
61.950000 173.114024 122.354503 90.322475 69.997497 57.615025 49.878598 34.250503 20.444837 11.461226 167.021350 136.488767 103.758063 86.431732 56.369103 89.042354
62.000000 173.263951 122.465281 90.408397 70.067545 57.675344 49.932807 34.292265 20.475419 11.484365 167.166589 136.610470 103.854430 86.514623 56.428440 89.127279
62.050000 173.413872 122.576055 90.494317 70.137592 57.735662 49.987015 34.334026 20.506002 11.507505 167.311823 136.732168 103.950794 86.597512 56.487775 89.212202
62.100000 173.563788 122.686826 90.580233 70.207637 57.795978 50.041221 34.375787 20.536584 11.530644 167.457051 136.853863 104.047155 86.680398 56.547109 89.297121
62.150000 173.713698 122.797592 90.666148 70.277680 57.856293 50.095427 34.417547 20.567166 11.553784 167.602273 136.975552 104.143513 86.763281 56.606442 89.382039
62.200000 173.863602 122.908355 90.752059 70.347720 57.916606 50.149631 34.459307 20.597748 11.576924 167.747490 137.097237 104.239867 86.846162 56.665773 89.466953
62.250000 174.013500 123.019114 90.837968 70.417759 57.976917 50.203834 34.501066 20.628330 11.600065 167.892701 137.218918 104.336218 86.929040 56.725103 89.551865
62.300000 174.163393 123.129869 90.923873 70.487796 58.037227 50.258035 34.542824 20.658912 11.623205 168.037907 137.340595 104.432566 87.011916 56.784431 89.636775
62.350000 174.313280 123.240620 91.009777 70.557831 58.097536 50.312236 34.584582 20.689494 11.646346 168.183108 137.462267 104.528911 87.094789 56.843757 89.721681
62.400000 174.463161 123.351367 91.095677 70.627864 58.157843 50.366435 34.626339 20.720075 11.669487 168.328303 137.583934 104.625253 87.177660 56.903083 89.806585
62.450000 174.613037 123.462110 91.181575 70.697895 58.218148 50.420633 34.668095 20.750657 11.692629 168.473492 137.705598 104.721591 87.260528 56.962406 89.891486
62.500000 174.762907 123.572849 91.267470 70.767924 58.278452 50.474830 34.709851 20.781238 11.715770 168.618676 137.827257 104.817926 87.343393 57.021729 89.976385
62.550000 174.912771 123.683585 91.353362 70.837951 58.338755 50.529025 34.751606 20.811820 11.738912 168.763854 137.948911 104.914258 87.426256 57.081049 90.061281
62.600000 175.062629 123.794316 91.439252 70.907976 58.399056 50.583220 34.793361 20.842401 11.762054 168.909027 138.070561 105.010587 87.509116 57.140369 90.146174
62.650000 175.212482 123.905044 91.525139 70.977999 58.459355 50.637413 34.835114 20.872982 11.785196 169.054195 138.192207 105.106912 87.591974 57.199687 90.231065
62.700000 175.362329 124.015768 91.611023 71.048020 58.519653 50.691605 34.876868 20.903563 11.808338 169.199357 138.313848 105.203235 87.674829 57.259003 90.315953
62.750000 175.512171 124.126488 91.696905 71.118039 58.579950 50.745795 34.918620 20.934143 11.831481 169.344514 138.435485 105.299554 87.757682 57.318318 90.400838
62.800000 175.662006 124.237204 91.782784 71.188056 58.640245 50.799985 34.960372 20.964724 11.854624 169.489665 138.557118 105.395870 87.840532 57.377632 90.485721
62.850000 175.811837 124.347916 91.868660 71.258072 58.700538 50.854173 35.002123 20.995305 11.877767 169.634810 138.678747 105.492183 87.923379 57.436944 90.570601
62.900000 175.961661 124.458625 91.954533 71.328085 58.760830 50.908360 35.043874 21.025885 11.900910 169.779951 138.800371 105.588493 88.006224 57.496254 90.655478
62.950000 176.111480 124.569330 92.040404 71.398096 58.821121 50.962546 35.085624 21.056465 11.924054 169.925086 138.921990 105.684800 88.089067 57.555563 90.740353
63.000000 176.261293 124.680031 92.126272 71.468106 58.881410 51.016731 35.127373 21.087046 11.947198 170.070215 139.043606 105.781103 88.171906 57.614871 90.825225
63.050000 176.411101 124.790728 92.212138 71.538113 58.941697 51.070914 35.169122 21.117626 11.970342 170.215339 139.165217 105.877403 88.254744 57.674177 90.910095
63.100000 176.560903 124.901421 92.298001 71.608119 59.001983 51.125096 35.210870 21.148206 11.993486 170.360458 139.286823 105.973700 88.337579 57.733482 90.994962
63.150000 176.710699 125.012110 92.383861 71.678122 59.062268 51.179277 35.252617 21.178785 12.016630 170.505571 139.408426 106.069994 88.420411 57.792786 91.079826
63.200000 176.860490 125.122796 92.469718 71.748124 59.122551 51.233457 35.294364 21.209365 12.039775 170.650679 139.530024 106.166285 88.503241 57.852088 91.164688
63.250000 177.010275 125.233478 92.555573 71.818124 59.182832 51.287635 35.336110 21.239945 12.062920 170.795782 139.651618 106.262573 88.586068 57.911388 91.249547
63.300000 177.160055 125.344156 92.641425 71.888122 59.243112 51.341813 35.377856 21.270524 12.086065 170.940879 139.773207 106.358857 88.668893 57.970687 91.334403
63.350000 177.309829 125.454830 92.727275 71.958118 59.303391 51.395989 35.419601 21.301103 12.109210 171.085971 139.894793 106.455139 88.751715 58.029985 91.419257
63.400000 177.459597 125.565500 92.813122 72.028112 59.363668 51.450164 35.461345 21.331683 12.132356 171.231057 140.016374 106.551417 88.834535 58.089281 91.504108
63.450000 177.609360 125.676167 92.898966 72.098104 59.423943 51.504338 35.503089 21.362262 12.155501 171.376138 140.137950 106.647692 88.917352 58.148576 91.588957
63.500000 177.759117 125.786830 92.984808 72.168094 59.484217 51.558510 35.544832 21.392841 12.178647 171.521214 140.259523 106.743964 89.000166 58.207869 91.673803
63.550000 177.908869 125.897489 93.070646 72.238082 59.544490 51.612681 35.586574 21.423419 12.201793 171.666284 140.381091 106.840233 89.082979 58.267161 91.758646
63.600000 178.058615 126.008145 93.156483 72.308068 59.604761 51.666852 35.628316 21.453998 12.224940 171.811349 140.502655 106.936499 89.165788 58.326451 91.843487
63.650000 178.208356 126.118796 93.242316 72.378053 59.665031 51.721021 35.670057 21.484577 12.248086 171.956409 140.624214 107.032762 89.248595 58.385740 91.928325
63.700000 178.358091 126.229444 93.328147 72.448035 59.725299 51.775188 35.711797 21.515155 12.271233 172.101463 140.745769 107.129021 89.331400 58.445028 92.013161
63.750000 178.507820 126.340088 93.413976 72.518015 59.785566 51.829355 35.753537 21.545733 12.294380 172.246512 140.867321 107.225278 89.414202 58.504314 92.097994
63.800000 178.657544 126.450728 93.499802 72.587994 59.845831 51.883520 35.795276 21.576312 12.317527 172.391556 140.988867 107.321531 89.497002 58.563599 92.182824
63.850000 178.807263 126.561365 93.585625 72.657971 59.906095 51.937684 35.837015 21.606890 12.340675 172.536595 141.110410 107.417781 89.579799 58.622882 92.267652
63.900000 178.956976 126.671998 93.671445 72.727946 59.966357 51.991847 35.878753 21.637468 12.363822 172.681628 141.231948 107.514029 89.662594 58.682164 92.352478
63.950000 179.106684 126.782627 93.757263 72.797919 60.026618 52.046009 35.920490 21.668045 12.386970 172.826656 141.353482 107.610273 89.745386 58.741444 92.437300
64.000000 179.256386 126.893252 93.843078 72.867890 60.086878 52.100170 35.962227 21.698623 12.410118 172.971678 141.475012 107.706514 89.828176 58.800723 92.522120
64.050000 179.406082 127.003874 93.928891 72.937859 60.147136 52.154329 36.003963 21.729201 12.433267 173.116695 141.596538 107.802752 89.910963 58.860001 92.606938
64.100000 179.555773 127.114492 94.014701 73.007826 60.207392 52.208487 36.045698 21.759778 12.456415 173.261707 141.718059 107.898987 89.993748 58.919277 92.691753
64.150000 179.705459 127.225106 94.100508 73.077791 60.267647 52.262644 36.087433 21.790355 12.479564 173.406714 141.839577 107.995218 90.076530 58.978552 92.776566
64.200000 179.855139 127.335716 94.186313 73.147755 60.327901 52.316800 36.129167 21.820932 12.502713 173.551716 141.961090 108.091447 90.159310 59.037825 92.861376
64.250000 180.004814 127.446323 94.272116 73.217716 60.388153 52.370955 36.170900 21.851509 12.525862 173.696712 142.082599 108.187673 90.242088 59.097097 92.946183
64.300000 180.154483 127.556926 94.357915 73.287676 60.448403 52.425108 36.212633 21.882086 12.549011 173.841703 142.204103 108.283895 90.324863 59.156368 93.030988
64.350000 180.304147 127.667525 94.443712 73.357633 60.508653 52.479261 36.254366 21.912663 12.572160 173.986689 142.325604 108.380115 90.407635 59.215637 93.115790
64.400000 180.453805 127.778121 94.529507 73.427589 60.568900 52.533412 36.296097 21.943240 12.595310 174.131669 142.447100 108.476331 90.490405 59.274905 93.200590
64.450000 180.603458 127.888713 94.615299 73.497543 60.629147 52.587562 36.337828 21.973816 12.618460 174.276645 142.568592 108.572545 90.573173 59.334171 93.285387
64.500000 180.753105 127.999301 94.701088 73.567495 60.689391 52.641710 36.379559 22.004393 12.641610 174.421615 142.690080 108.668755 90.655938 59.393436 93.370181
64.550000 180.902747 128.109886 94.786874 73.637446 60.749635 52.695858 36.421288 22.034969 12.664760 174.566580 142.811564 108.764962 90.738700 59.452699 93.454973
64.600000 181.052384 128.220467 94.872659 73.707394 60.809877 52.750004 36.463017 22.065545 12.687911 174.711539 142.933043 108.861167 90.821461 59.511961 93.539763
64.650000 181.202015 128.331044 94.958440 73.777340 60.870117 52.804150 36.504746 22.096121 12.711062 174.856494 143.054519 108.957368 90.904218 59.571222 93.624550
64.700000 181.351641 128.441617 95.044219 73.847285 60.930356 52.858294 36.546474 22.126697 12.734212 175.001443 143.175990 109.053566 90.986974 59.630481 93.709334
64.750000 181.501261 128.552187 95.129995 73.917228 60.990594 52.912437 36.588201 22.157273 12.757364 175.146387 143.297457 109.149761 91.069727 59.689739 93.794116
64.800000 181.650876 128.662753 95.215769 73.987168 61.050830 52.966578 36.629928 22.187848 12.780515 175.291326 143.418920 109.245953 91.152477 59.748996 93.878896
64.850000 181.800486 128.773316 95.301540 74.057107 61.111065 53.020719 36.671654 22.218424 12.803666 175.436259 143.540379 109.342142 91.235225 59.808251 93.963673
64.900000 181.950090 128.883875 95.387309 74.127044 61.171298 53.074858 36.713379 22.248999 12.826818 175.581188 143.661833 109.438328 91.317971 59.867504 94.048447
64.950000 182.099689 128.994430 95.473075 74.196980 61.231530 53.128996 36.755104 22.279574 12.849970 175.726111 143.783284 109.534512 91.400714 59.926757 94.133219
65.000000 182.249282 129.104982 95.558839 74.266913 61.291760 53.183133 36.796828 22.310150 12.873122 175.871030 143.904730 109.630692 91.483455 59.986008 94.217988
