web/models/kne/1/Metzger_0.090038_0.451379_0.450000.dat
# %ECSV 0.9
# ---
# datatype:
# - {name: time, datatype: float64}
# - {name: sdss_u, datatype: float64}
# - {name: sdss_g, datatype: float64}
# - {name: sdss_r, datatype: float64}
# - {name: sdss_i, datatype: float64}
# - {name: sdss_z, datatype: float64}
# - {name: PS1_y, datatype: float64}
# - {name: ukirt_J, datatype: float64}
# - {name: ukirt_H, datatype: float64}
# - {name: ukirt_K, datatype: float64}
# - {name: johnson_U, datatype: float64}
# - {name: johnson_B, datatype: float64}
# - {name: johnson_V, datatype: float64}
# - {name: johnson_R, datatype: float64}
# - {name: johnson_I, datatype: float64}
# - {name: Clear, datatype: float64}
# meta: !!omap
# - comment: [vej = 0.4513793103448276, mej = 0.09003814830589497, Ye = 0.45, redshift = 0.0]
# schema: astropy-2.0
time sdss_u sdss_g sdss_r sdss_i sdss_z PS1_y ukirt_J ukirt_H ukirt_K johnson_U johnson_B johnson_V johnson_R johnson_I Clear
[from data line 2292]
114.700000 519.359642 377.777241 288.081075 230.930491 195.976120 174.064699 129.560630 89.819017 63.567292 502.390865 417.256084 325.748422 277.158373 192.451591 284.488119
114.750000 519.583846 377.943332 288.210271 231.036124 196.067311 174.146820 129.624275 89.866068 63.603293 502.608110 417.438392 325.893122 277.283070 192.541324 284.615835
114.800000 519.808045 378.109421 288.339465 231.141756 196.158500 174.228940 129.687919 89.913117 63.639295 502.825351 417.620697 326.037819 277.407764 192.631056 284.743549
114.850000 520.032240 378.275506 288.468656 231.247385 196.249688 174.311058 129.751562 89.960167 63.675295 503.042587 417.802998 326.182514 277.532456 192.720786 284.871260
114.900000 520.256430 378.441588 288.597844 231.353013 196.340874 174.393176 129.815205 90.007215 63.711296 503.259818 417.985295 326.327206 277.657145 192.810514 284.998969
114.950000 520.480616 378.607667 288.727030 231.458639 196.432058 174.475291 129.878846 90.054263 63.747296 503.477046 418.167589 326.471895 277.781833 192.900241 285.126675
115.000000 520.704797 378.773742 288.856214 231.564262 196.523241 174.557405 129.942486 90.101310 63.783295 503.694269 418.349879 326.616582 277.906518 192.989966 285.254379
115.050000 520.928974 378.939814 288.985395 231.669884 196.614423 174.639518 130.006126 90.148357 63.819295 503.911487 418.532165 326.761266 278.031200 193.079689 285.382081
115.100000 521.153146 379.105883 289.114574 231.775504 196.705603 174.721630 130.069764 90.195403 63.855293 504.128702 418.714448 326.905946 278.155880 193.169411 285.509780
115.150000 521.377313 379.271949 289.243751 231.881122 196.796781 174.803740 130.133401 90.242448 63.891292 504.345912 418.896728 327.050625 278.280558 193.259132 285.637477
115.200000 521.601477 379.438012 289.372925 231.986739 196.887957 174.885848 130.197037 90.289493 63.927290 504.563117 419.079004 327.195300 278.405234 193.348851 285.765172
115.250000 521.825635 379.604071 289.502096 232.092353 196.979132 174.967956 130.260673 90.336537 63.963288 504.780318 419.261276 327.339973 278.529907 193.438568 285.892864
115.300000 522.049789 379.770127 289.631265 232.197965 197.070306 175.050061 130.324307 90.383580 63.999285 504.997515 419.443545 327.484642 278.654578 193.528284 286.020553
115.350000 522.273939 379.936180 289.760432 232.303575 197.161477 175.132166 130.387940 90.430623 64.035282 505.214708 419.625810 327.629309 278.779246 193.617998 286.148241
115.400000 522.498084 380.102229 289.889596 232.409184 197.252648 175.214269 130.451572 90.477665 64.071278 505.431896 419.808071 327.773974 278.903913 193.707711 286.275925
115.450000 522.722225 380.268276 290.018758 232.514790 197.343816 175.296371 130.515204 90.524707 64.107274 505.649080 419.990329 327.918635 279.028576 193.797422 286.403608
115.500000 522.946361 380.434319 290.147917 232.620395 197.434983 175.378471 130.578834 90.571748 64.143270 505.866260 420.172583 328.063294 279.153238 193.887131 286.531288
115.550000 523.170493 380.600359 290.277074 232.725998 197.526149 175.460570 130.642463 90.618788 64.179265 506.083435 420.354834 328.207950 279.277897 193.976839 286.658966
115.600000 523.394620 380.766396 290.406229 232.831599 197.617312 175.542667 130.706092 90.665827 64.215260 506.300606 420.537081 328.352603 279.402554 194.066546 286.786641
115.650000 523.618743 380.932429 290.535381 232.937198 197.708475 175.624763 130.769719 90.712866 64.251254 506.517772 420.719325 328.497254 279.527209 194.156251 286.914314
115.700000 523.842862 381.098459 290.664531 233.042795 197.799635 175.706858 130.833345 90.759905 64.287249 506.734934 420.901565 328.641902 279.651861 194.245954 287.041984
115.750000 524.066975 381.264487 290.793678 233.148390 197.890794 175.788951 130.896971 90.806942 64.323242 506.952092 421.083801 328.786547 279.776511 194.335656 287.169653
115.800000 524.291085 381.430510 290.922823 233.253983 197.981952 175.871043 130.960595 90.853979 64.359235 507.169246 421.266034 328.931189 279.901159 194.425356 287.297318
115.850000 524.515190 381.596531 291.051966 233.359574 198.073108 175.953133 131.024218 90.901016 64.395228 507.386395 421.448264 329.075829 280.025804 194.515054 287.424982
115.900000 524.739290 381.762549 291.181106 233.465164 198.164262 176.035222 131.087841 90.948052 64.431221 507.603540 421.630489 329.220466 280.150447 194.604752 287.552643
115.950000 524.963386 381.928563 291.310244 233.570751 198.255414 176.117310 131.151462 90.995087 64.467213 507.820681 421.812712 329.365100 280.275088 194.694447 287.680301
116.000000 525.187478 382.094574 291.439379 233.676337 198.346566 176.199396 131.215082 91.042121 64.503205 508.037817 421.994930 329.509731 280.399726 194.784141 287.807958
116.050000 525.411565 382.260582 291.568512 233.781921 198.437715 176.281481 131.278702 91.089155 64.539196 508.254949 422.177146 329.654359 280.524362 194.873833 287.935612
116.100000 525.635647 382.426586 291.697642 233.887503 198.528863 176.363565 131.342320 91.136188 64.575187 508.472077 422.359357 329.798985 280.648996 194.963524 288.063263
116.150000 525.859725 382.592588 291.826770 233.993083 198.620009 176.445647 131.405937 91.183221 64.611177 508.689200 422.541565 329.943608 280.773628 195.053213 288.190912
116.200000 526.083799 382.758586 291.955896 234.098661 198.711154 176.527728 131.469554 91.230253 64.647168 508.906320 422.723770 330.088229 280.898257 195.142901 288.318559
116.250000 526.307868 382.924581 292.085019 234.204237 198.802297 176.609807 131.533169 91.277284 64.683157 509.123434 422.905971 330.232846 281.022884 195.232587 288.446203
116.300000 526.531933 383.090573 292.214140 234.309811 198.893439 176.691885 131.596784 91.324315 64.719147 509.340545 423.088168 330.377461 281.147508 195.322272 288.573845
116.350000 526.755994 383.256562 292.343259 234.415383 198.984579 176.773962 131.660397 91.371345 64.755136 509.557651 423.270362 330.522073 281.272131 195.411955 288.701485
116.400000 526.980050 383.422547 292.472375 234.520954 199.075717 176.856037 131.724009 91.418375 64.791124 509.774753 423.452552 330.666683 281.396751 195.501637 288.829122
116.450000 527.204101 383.588529 292.601489 234.626522 199.166854 176.938111 131.787621 91.465404 64.827112 509.991851 423.634739 330.811289 281.521368 195.591317 288.956757
116.500000 527.428148 383.754508 292.730600 234.732089 199.257989 177.020183 131.851231 91.512432 64.863100 510.208944 423.816922 330.955893 281.645984 195.680995 289.084390
116.550000 527.652191 383.920484 292.859709 234.837654 199.349123 177.102254 131.914841 91.559459 64.899087 510.426033 423.999102 331.100495 281.770597 195.770672 289.212020
116.600000 527.876229 384.086457 292.988815 234.943217 199.440255 177.184324 131.978449 91.606486 64.935074 510.643118 424.181278 331.245093 281.895208 195.860347 289.339648
116.650000 528.100263 384.252427 293.117919 235.048778 199.531386 177.266392 132.042057 91.653513 64.971061 510.860199 424.363451 331.389689 282.019816 195.950021 289.467273
116.700000 528.324292 384.418393 293.247021 235.154337 199.622515 177.348459 132.105663 91.700538 65.007047 511.077275 424.545620 331.534282 282.144422 196.039693 289.594897
116.750000 528.548317 384.584356 293.376120 235.259894 199.713642 177.430524 132.169269 91.747563 65.043033 511.294347 424.727785 331.678872 282.269026 196.129364 289.722517
116.800000 528.772337 384.750316 293.505217 235.365450 199.804768 177.512589 132.232873 91.794588 65.079018 511.511415 424.909948 331.823460 282.393628 196.219033 289.850136
116.850000 528.996353 384.916273 293.634312 235.471003 199.895892 177.594651 132.296477 91.841612 65.115004 511.728478 425.092106 331.968045 282.518227 196.308701 289.977752
116.900000 529.220365 385.082226 293.763404 235.576555 199.987015 177.676713 132.360079 91.888635 65.150988 511.945537 425.274261 332.112627 282.642824 196.398367 290.105365
116.950000 529.444372 385.248177 293.892494 235.682105 200.078136 177.758773 132.423681 91.935657 65.186972 512.162592 425.456413 332.257207 282.767419 196.488031 290.232977
117.000000 529.668375 385.414124 294.021581 235.787652 200.169255 177.840831 132.487282 91.982679 65.222956 512.379643 425.638561 332.401783 282.892011 196.577694 290.360586
117.050000 529.892374 385.580068 294.150666 235.893198 200.260373 177.922889 132.550881 92.029701 65.258940 512.596689 425.820705 332.546357 283.016602 196.667356 290.488192
117.100000 530.116368 385.746009 294.279749 235.998742 200.351490 178.004944 132.614480 92.076721 65.294923 512.813731 426.002846 332.690929 283.141189 196.757016 290.615797
117.150000 530.340357 385.911947 294.408829 236.104285 200.442604 178.086999 132.678078 92.123741 65.330905 513.030769 426.184983 332.835497 283.265775 196.846674 290.743399
117.200000 530.564342 386.077882 294.537907 236.209825 200.533718 178.169052 132.741674 92.170761 65.366888 513.247803 426.367117 332.980063 283.390358 196.936331 290.870998
117.250000 530.788323 386.243813 294.666983 236.315363 200.624829 178.251104 132.805270 92.217779 65.402870 513.464832 426.549248 333.124626 283.514939 197.025986 290.998596
117.300000 531.012299 386.409742 294.796056 236.420900 200.715939 178.333154 132.868865 92.264798 65.438851 513.681857 426.731375 333.269187 283.639518 197.115640 291.126191
117.350000 531.236271 386.575667 294.925127 236.526435 200.807048 178.415203 132.932458 92.311815 65.474832 513.898878 426.913498 333.413745 283.764095 197.205292 291.253783
117.400000 531.460239 386.741589 295.054195 236.631968 200.898155 178.497251 132.996051 92.358832 65.510813 514.115894 427.095618 333.558300 283.888669 197.294943 291.381373
117.450000 531.684202 386.907508 295.183261 236.737499 200.989260 178.579297 133.059643 92.405848 65.546793 514.332907 427.277734 333.702852 284.013241 197.384592 291.508961
117.500000 531.908161 387.073423 295.312325 236.843028 201.080364 178.661342 133.123234 92.452864 65.582773 514.549915 427.459847 333.847402 284.137810 197.474240 291.636547
117.550000 532.132116 387.239336 295.441386 236.948555 201.171467 178.743385 133.186824 92.499879 65.618753 514.766919 427.641957 333.991949 284.262378 197.563886 291.764130
117.600000 532.356066 387.405245 295.570445 237.054080 201.262567 178.825428 133.250412 92.546893 65.654732 514.983918 427.824063 334.136493 284.386943 197.653530 291.891711
117.650000 532.580011 387.571151 295.699501 237.159604 201.353666 178.907468 133.314000 92.593907 65.690711 515.200914 428.006165 334.281035 284.511506 197.743173 292.019289
117.700000 532.803953 387.737054 295.828555 237.265126 201.444764 178.989508 133.377587 92.640920 65.726689 515.417905 428.188264 334.425574 284.636066 197.832815 292.146866
117.750000 533.027890 387.902954 295.957607 237.370645 201.535860 179.071546 133.441173 92.687933 65.762667 515.634892 428.370359 334.570110 284.760625 197.922455 292.274440
117.800000 533.251822 388.068851 296.086657 237.476163 201.626955 179.153582 133.504758 92.734945 65.798644 515.851875 428.552451 334.714643 284.885181 198.012093 292.402011
117.850000 533.475750 388.234745 296.215704 237.581679 201.718047 179.235618 133.568342 92.781956 65.834622 516.068853 428.734540 334.859174 285.009734 198.101730 292.529580
117.900000 533.699674 388.400635 296.344749 237.687193 201.809139 179.317652 133.631925 92.828967 65.870598 516.285827 428.916625 335.003702 285.134286 198.191366 292.657147
117.950000 533.923593 388.566523 296.473791 237.792706 201.900229 179.399684 133.695507 92.875977 65.906575 516.502798 429.098706 335.148228 285.258835 198.281000 292.784712
118.000000 534.147509 388.732407 296.602831 237.898216 201.991317 179.481715 133.759088 92.922986 65.942551 516.719763 429.280784 335.292751 285.383382 198.370632 292.912274
118.050000 534.371419 388.898288 296.731869 238.003725 202.082404 179.563745 133.822668 92.969995 65.978526 516.936725 429.462859 335.437271 285.507927 198.460263 293.039834
118.100000 534.595326 389.064166 296.860904 238.109232 202.173489 179.645774 133.886247 93.017003 66.014502 517.153682 429.644930 335.581788 285.632469 198.549892 293.167391
118.150000 534.819228 389.230041 296.989937 238.214736 202.264572 179.727801 133.949825 93.064010 66.050477 517.370636 429.826998 335.726303 285.757009 198.639520 293.294947
118.200000 535.043125 389.395912 297.118967 238.320239 202.355654 179.809827 134.013403 93.111017 66.086451 517.587585 430.009062 335.870815 285.881547 198.729146 293.422500
118.250000 535.267018 389.561781 297.247996 238.425741 202.446735 179.891851 134.076979 93.158024 66.122425 517.804529 430.191122 336.015324 286.006083 198.818771 293.550050
118.300000 535.490907 389.727646 297.377021 238.531240 202.537814 179.973874 134.140554 93.205029 66.158399 518.021470 430.373180 336.159831 286.130616 198.908394 293.677599
118.350000 535.714792 389.893509 297.506045 238.636737 202.628891 180.055896 134.204128 93.252034 66.194372 518.238406 430.555233 336.304335 286.255148 198.998016 293.805145
118.400000 535.938672 390.059368 297.635066 238.742233 202.719967 180.137916 134.267701 93.299039 66.230345 518.455338 430.737283 336.448836 286.379677 199.087636 293.932688
118.450000 536.162548 390.225224 297.764085 238.847727 202.811041 180.219935 134.331274 93.346042 66.266317 518.672266 430.919330 336.593335 286.504203 199.177254 294.060230
118.500000 536.386420 390.391077 297.893101 238.953219 202.902114 180.301953 134.394845 93.393046 66.302290 518.889190 431.101374 336.737831 286.628728 199.266872 294.187769
118.550000 536.610287 390.556927 298.022116 239.058709 202.993185 180.383969 134.458415 93.440048 66.338261 519.106110 431.283413 336.882324 286.753250 199.356487 294.315305
118.600000 536.834150 390.722773 298.151127 239.164197 203.084255 180.465984 134.521985 93.487050 66.374233 519.323025 431.465450 337.026815 286.877770 199.446101 294.442840
118.650000 537.058008 390.888617 298.280137 239.269683 203.175323 180.547997 134.585553 93.534051 66.410204 519.539936 431.647483 337.171303 287.002287 199.535714 294.570372
118.700000 537.281862 391.054457 298.409144 239.375168 203.266389 180.630010 134.649121 93.581052 66.446174 519.756843 431.829512 337.315788 287.126803 199.625325 294.697901
118.750000 537.505712 391.220295 298.538149 239.480650 203.357454 180.712020 134.712687 93.628052 66.482144 519.973746 432.011538 337.460271 287.251316 199.714935 294.825429
118.800000 537.729558 391.386129 298.667151 239.586131 203.448518 180.794030 134.776253 93.675052 66.518114 520.190645 432.193561 337.604751 287.375827 199.804543 294.952954
118.850000 537.953399 391.551960 298.796151 239.691610 203.539580 180.876038 134.839817 93.722051 66.554084 520.407539 432.375580 337.749228 287.500335 199.894149 295.080477
118.900000 538.177236 391.717788 298.925149 239.797087 203.630640 180.958045 134.903381 93.769049 66.590053 520.624430 432.557596 337.893703 287.624842 199.983754 295.207997
118.950000 538.401069 391.883613 299.054144 239.902563 203.721699 181.040050 134.966944 93.816046 66.626021 520.841316 432.739608 338.038175 287.749346 200.073358 295.335516
119.000000 538.624897 392.049435 299.183138 240.008036 203.812756 181.122054 135.030505 93.863043 66.661989 521.058198 432.921617 338.182644 287.873848 200.162960 295.463032
119.050000 538.848721 392.215254 299.312128 240.113508 203.903812 181.204057 135.094066 93.910040 66.697957 521.275075 433.103622 338.327111 287.998348 200.252560 295.590545
119.100000 539.072540 392.381069 299.441117 240.218977 203.994866 181.286058 135.157626 93.957035 66.733925 521.491949 433.285624 338.471575 288.122845 200.342159 295.718057
119.150000 539.296356 392.546882 299.570103 240.324445 204.085919 181.368058 135.221184 94.004031 66.769892 521.708818 433.467623 338.616036 288.247340 200.431757 295.845566
119.200000 539.520167 392.712691 299.699087 240.429911 204.176970 181.450057 135.284742 94.051025 66.805859 521.925684 433.649618 338.760495 288.371833 200.521353 295.973072
