web/models/kne/1/mosfit_kn_0.117276_0.2963_10.0000.dat
# %ECSV 1.0
# ---
# datatype:
# - {name: time, datatype: float64}
# - {name: PS1_g, datatype: float64}
# - {name: PS1_i, datatype: float64}
# - {name: PS1_r, datatype: float64}
# - {name: PS1_w, datatype: float64}
# - {name: PS1_y, datatype: float64}
# - {name: PS1_z, datatype: float64}
# - {name: swift_uvot_B, datatype: float64}
# - {name: swift_uvot_U, datatype: float64}
# - {name: swift_uvot_uvm2, datatype: float64}
# - {name: swift_uvot_uvw1, datatype: float64}
# - {name: swift_uvot_uvw2, datatype: float64}
# - {name: swift_uvot_V, datatype: float64}
# - {name: johnson_B, datatype: float64}
# - {name: johnson_I, datatype: float64}
# - {name: johnson_R, datatype: float64}
# - {name: johnson_U, datatype: float64}
# - {name: johnson_V, datatype: float64}
# - {name: sdss_g, datatype: float64}
# - {name: sdss_i, datatype: float64}
# - {name: sdss_r, datatype: float64}
# - {name: sdss_u, datatype: float64}
# - {name: sdss_z, datatype: float64}
# - {name: ATLAS_c, datatype: float64}
# - {name: ATLAS_o, datatype: float64}
# - {name: ukirt_H, datatype: float64}
# - {name: ukirt_J, datatype: float64}
# - {name: ukirt_K, datatype: float64}
# - {name: Clear, datatype: float64}
# meta: !!omap
# - comment: [kappa = 10.0, type = rprocess, mass = 0.11727632184323686, velocity = 0.29633333333333334, theta_obs = 0.0, tfloor = 1000.0]
# schema: astropy-2.0
time PS1_g PS1_i PS1_r PS1_w PS1_y PS1_z swift_uvot_B swift_uvot_U swift_uvot_uvm2 swift_uvot_uvw1 swift_uvot_uvw2 swift_uvot_V johnson_B johnson_I johnson_R johnson_U johnson_V sdss_g sdss_i sdss_r sdss_u sdss_z ATLAS_c ATLAS_o ukirt_H ukirt_J ukirt_K Clear
[from data line 492]
29.639278557114228 6.817779110152049 -2.0640497030472282 1.4110210749906038 -0.5569027365133827 -5.587239751572497 -4.169563786725359 10.357685686716536 17.01662978461144 30.905225088640616 12.982212316686006 15.495228823165657 4.777295803022834 9.153748369750346 -3.617563009469179 -0.6475302427441789 15.985628605359697 3.822273467854081 7.630319211466485 -1.982793750934242 1.6395097344870457 17.517735314786265 -4.74299139874736 3.3900976447332454 -1.0623148798765314 -10.536227129487992 -8.386737833998302 -11.896515809961164 -2.842796780274721
29.69939879759519 6.824593219893451 -2.057235593305826 1.4178351847320236 -0.5500886267719629 -5.580425641831077 -4.162749676983957 10.364499796457938 17.02344389435286 30.91203919838203 12.989026426427408 15.50204293290706 4.7841099127642535 9.160562479491748 -3.610748899727777 -0.6407161330027769 15.992442715101117 3.8290875775955007 7.637133321207905 -1.975979641192822 1.6463238442284478 17.524549424527684 -4.736177289005941 3.396911754474665 -1.0555007701351293 -10.529413019746572 -8.379923724256882 -11.889701700219744 -2.8359826705333013
29.75951903807615 6.831381877648042 -2.0504469355512356 1.4246238424865965 -0.5432999690173723 -5.573636984076504 -4.155961019229366 10.371288454212529 17.03023255210745 30.918827856136605 12.995815084181999 15.50883159066165 4.790898570518826 9.167351137246339 -3.603960241973186 -0.6339274752481863 15.99923137285569 3.8358762353500735 7.643921978962478 -1.9691909834382493 1.6531125019830384 17.531338082282275 -4.729388631251368 3.403700412229256 -1.0487121123805387 -10.522624361992 -8.373135066502309 -11.882913042465171 -2.8291940127787285
29.819639278557112 6.83814503473922 -2.043683778460057 1.431386999577775 -0.5365368119262115 -5.566873826985326 -4.1491978621381875 10.378051611303707 17.03699570919861 30.92559101322779 13.002578241273177 15.515594747752829 4.797661727610005 9.174114294337517 -3.5971970848820076 -0.6271643181570254 16.005994529946868 3.842639392441252 7.6506851360536565 -1.9624278263470707 1.659875659074217 17.538101239373436 -4.722625474160189 3.4104635693204166 -1.0419489552893602 -10.51586120490082 -8.36637190941113 -11.876149885373993 -2.82243085568755
29.879759519038075 6.844882437795032 -2.036946375404245 1.4381244026336049 -0.5297994088703817 -5.560136423929496 -4.1424604590823755 10.38478901435952 17.04373311225444 30.932328416283607 13.00931564432899 15.52233215080864 4.804399130665835 9.18085169739333 -3.5904596818261956 -0.6204269151011956 16.012731933002698 3.849376795497082 7.657422539109486 -1.9556904232912586 1.666613062130029 17.544838642429266 -4.715888071104377 3.4172009723762464 -1.035211552233548 -10.509123801844991 -8.3596345063553 -11.86941248231818 -2.81569345263172
29.939879759519037 6.851593943593084 -2.0302348696061934 1.4448359084316564 -0.5230879030723301 -5.553424918131444 -4.135748953284324 10.391500520157571 17.05044461805249 30.93903992208166 13.01602715012704 15.529043656606692 4.811110636463886 9.187563203191381 -3.583748176028144 -0.613715409303144 16.01944343880075 3.8560883012951335 7.664134044907538 -1.9489789174931893 1.6733245679280806 17.551550148227317 -4.709176565306308 3.423912478174298 -1.0285000464354965 -10.50241229604694 -8.352923000557249 -11.862700976520111 -2.8089819468336685
30.0 6.858280198456335 -2.0235486147429427 1.4515221632948894 -0.5164016482090972 -5.546738663268211 -4.129062698421073 10.398186775020822 17.057130872915724 30.945726176944905 13.022713404990292 15.535729911469943 4.817796891327119 9.194249458054632 -3.5770619211648933 -0.6070291544398934 16.026129693663982 3.8627745561583664 7.670820299770771 -1.9422926626299564 1.6800108227913313 17.55823640309055 -4.702490310443075 3.430598733037531 -1.0218137915722458 -10.495726041183707 -8.346236745694016 -11.856014721656878 -2.8022956919704356
