web/models/kne/1/mosfit_kn_0.022361_0.4687_10.0000.dat
# %ECSV 1.0
# ---
# datatype:
# - {name: time, datatype: float64}
# - {name: PS1_g, datatype: float64}
# - {name: PS1_i, datatype: float64}
# - {name: PS1_r, datatype: float64}
# - {name: PS1_w, datatype: float64}
# - {name: PS1_y, datatype: float64}
# - {name: PS1_z, datatype: float64}
# - {name: swift_uvot_B, datatype: float64}
# - {name: swift_uvot_U, datatype: float64}
# - {name: swift_uvot_uvm2, datatype: float64}
# - {name: swift_uvot_uvw1, datatype: float64}
# - {name: swift_uvot_uvw2, datatype: float64}
# - {name: swift_uvot_V, datatype: float64}
# - {name: johnson_B, datatype: float64}
# - {name: johnson_I, datatype: float64}
# - {name: johnson_R, datatype: float64}
# - {name: johnson_U, datatype: float64}
# - {name: johnson_V, datatype: float64}
# - {name: sdss_g, datatype: float64}
# - {name: sdss_i, datatype: float64}
# - {name: sdss_r, datatype: float64}
# - {name: sdss_u, datatype: float64}
# - {name: sdss_z, datatype: float64}
# - {name: ATLAS_c, datatype: float64}
# - {name: ATLAS_o, datatype: float64}
# - {name: ukirt_H, datatype: float64}
# - {name: ukirt_J, datatype: float64}
# - {name: ukirt_K, datatype: float64}
# - {name: Clear, datatype: float64}
# meta: !!omap
# - comment: [kappa = 10.0, type = rprocess, mass = 0.022360679775100388, velocity = 0.4686666666666667, theta_obs = 0.0, tfloor = 1000.0]
# schema: astropy-2.0
time PS1_g PS1_i PS1_r PS1_w PS1_y PS1_z swift_uvot_B swift_uvot_U swift_uvot_uvm2 swift_uvot_uvw1 swift_uvot_uvw2 swift_uvot_V johnson_B johnson_I johnson_R johnson_U johnson_V sdss_g sdss_i sdss_r sdss_u sdss_z ATLAS_c ATLAS_o ukirt_H ukirt_J ukirt_K Clear
0.06012024048096192 -11.360805380127754 -11.530824174601761 -11.526361173854855 -11.47599175789109 -11.385996745693223 -11.460767810750117 -11.113881392717257 -11.775723840208911 -10.684785381879841 -11.135369321021216 -10.184948127607164 -11.475578529470464 -11.137284227978238 -11.941965811891013 -11.743099769491582 -11.623422936100251 -11.494289410039913 -11.329182958250374 -11.540284444177935 -11.528281597126746 -10.84016800316915 -11.445572204525671 -11.433036473994225 -11.544206273363091 -10.76367401065088 -11.149306981201333 -10.352781907821898 -11.452769808281467
0.12024048096192384 -11.601650110807817 -12.18333421259814 -12.021628666558204 -11.93540901197169 -12.1883787084432 -12.205809702988226 -11.22288099164016 -11.545005056926918 -9.58999346743989 -10.435290004812696 -9.066002244366484 -11.846953289314978 -11.258607868268275 -12.637245476049952 -12.278559019309025 -11.455646508190888 -11.875924183419889 -11.533974132016311 -12.18874886690724 -12.022079463552888 -10.652761657184389 -12.205384558998116 -11.77450132436375 -12.10698900013453 -11.764936113812999 -12.060332666203218 -11.414052150230914 -11.960025444130373
0.18036072144288576 -11.634680838044158 -12.500954827959259 -12.229074404771954 -12.132904735895078 -12.61261035238439 -12.589022678780513 -11.16296479115449 -11.25398787332438 -8.72855174743233 -9.872800595318196 -8.282507656085944 -11.966387738479362 -11.209037987708527 -12.985441763829872 -12.515749570719745 -11.206161831181724 -12.003853154147935 -11.542106310179214 -12.503492046250777 -12.227937045194182 -10.388772562347288 -12.599471387373296 -11.881736645062926 -12.364386491424604 -12.332003785487602 -12.56271918945149 -12.023985792861607 -12.196919458996476
0.24048096192384769 -11.580986300900573 -12.677485414828649 -12.315703498200374 -12.219853996882684 -12.87714719607342 -12.819542151795407 -11.032947422273011 -10.938388049344141 -7.963576513664566 -9.370426058342538 -7.642089446286192 -11.980426787675562 -11.088567054350115 -13.187301280328267 -12.627696288751917 -10.923210678846893 -12.025645676622288 -11.468257008315828 -12.677649806782618 -12.312927475555941 -10.093504034835927 -12.839208067321497 -11.890886557878968 -12.493433179927997 -12.715611881463767 -12.892426394571375 -12.443295341718786 -12.319295115831146
0.3006012024048096 -11.481204126779563 -12.77682618322359 -12.336800556596561 -12.24693703207894 -13.053804314730115 -12.966195342424722 -10.86630557435867 -10.61182121226441 -7.255616889272523 -8.907769373482957 -7.088158967732422 -11.937745251979994 -10.931080641610457 -13.308961614128656 -12.671639566326853 -10.624301072948807 -11.990330913349323 -11.351018584071326 -12.774908528987723 -12.332347267831878 -9.78350601683836 -12.994143968441279 -11.847495731745248 -12.552679818442556 -12.997845152517565 -13.126857059834299 -12.757209147517441 -12.379436922415135
0.3607214428857715 -11.356483512884967 -12.82974936502578 -12.319585032514002 -12.2392979054829 -13.176581490975696 -13.061770197454177 -10.681258586651829 -10.284341616625738 -6.592926794370729 -8.480195657946421 -6.5995882390320695 -11.862856227380735 -10.75493910847991 -13.382106237187383 -12.675577226710299 -10.32109782842965 -11.922548400139233 -11.21069716089453 -12.825952988384763 -12.313429465906616 -9.470062136467181 -13.09735417266829 -11.774673097125063 -12.570647983718981 -13.216826294209001 -13.302258108101642 -13.005106448482094 -12.403082228796016
0.42084168336673344 -11.217243044783984 -12.852210075411623 -12.2779591322894 -12.209686912000492 -13.263297865058625 -13.123386990503008 -10.486543186583585 -9.960045208821278 -5.967307845012189 -8.083193481630957 -6.162188368682532 -11.76810050279273 -10.568959413530731 -13.423216851381927 -12.653859024947007 -10.018608653913745 -11.834712312974174 -11.057228442155935 -12.846687695148695 -12.27008385937733 -9.157961493388296 -13.166124047684828 -11.683966330458695 -12.561991075782082 -13.392735760736707 -13.437738891272557 -13.207882043143416 -12.403342257984562
0.48096192384769537 -11.069282721344784 -12.853510136062223 -12.219921217489862 -12.165393198154213 -13.324438714533002 -13.161087883038363 -10.286899182698185 -9.640766633991635 -5.372934210745657 -7.712903372194013 -5.765873482322309 -11.660487881353625 -10.377930145233915 -13.441929563634567 -12.614765023468319 -9.719237887757394 -11.73387836013246 -10.896108332448033 -12.846382299944334 -12.210313775729542 -8.849471184591806 -13.210599906514133 -11.581887874792951 -12.535182061342365 -13.537546201627835 -13.544599252963854 -13.377955359071885 -12.387743906021065
0.5410821643286573 -10.916208756166714 -12.839590751073455 -12.150541155855414 -12.111013176271808 -13.36673516433919 -13.181308853403824 -10.085230339100193 -9.327489168616871 -4.80572850433884 -7.3662136262110245 -5.403298116717185 -11.544431135760409 -10.184783818097557 -13.444408413328325 -12.56354956733902 -9.424346079132075 -11.624487853223629 -10.730741187440618 -12.830956508434923 -12.139193159843025 -8.54586202796467 -13.237286304115532 -11.472512787718525 -12.495603266028947 -13.65897176794684 -13.630109925754839 -13.523333626351109 -12.36104283975159
0.6012024048096192 -10.759348561786979 -12.813777633038121 -12.07238802382399 -12.048826863478208 -13.394214380747034 -13.187812450648568 -9.882247737369429 -9.01929794381676 -4.260599995429415 -7.039036313410421 -5.067375769612731 -11.421918234964814 -9.990271925292053 -13.434178227573412 -12.50295674741028 -9.133328829427374 -11.508565213871298 -10.56228154055253 -12.803716995626058 -12.059289740308117 -8.246444928580665 -13.25001036121149 -11.357607996740917 -12.446118617137305 -13.761931168538231 -13.698787695509862 -13.6492008563774 -12.325704983705688
0.6613226452905812 -10.600414137353855 -12.778958678637622 -11.987908850267388 -11.981043068831152 -13.410163513531899 -13.183737119230194 -9.679313790959771 -8.716601927945558 -3.7354449762677637 -6.72936560053504 -4.7539950117416865 -11.295067461961487 -9.79576767732841 -13.41423919535406 -12.435523382387867 -8.846783293680566 -11.388241171483864 -10.392340551414154 -12.76754078124787 -11.973053318430775 -7.9517735121181765 -13.251944348430413 -11.239115738292043 -12.389328709420653 -13.850199992793042 -13.75418901076676 -13.75947611897576 -12.284020545782965
0.721442885771543 -10.440204664275097 -12.736966710373263 -11.898544501954813 -11.908942129658193 -13.416777127612658 -13.17114154583436 -9.476913733617646 -8.419053985988754 -3.2277667934080183 -6.434878567623574 -4.459300225051454 -11.165022849016506 -9.60177251378774 -13.386526394375952 -12.362776573698941 -8.564522918800598 -11.26467581211651 -10.221628633374298 -12.724250861053221 -11.881925143352596 -7.661619554701655 -13.24517922231097 -11.118053933931407 -12.326821041450717 -13.926424227820034 -13.798757291125854 -13.856937987970548 -12.237362279095567
0.781563126252505 -10.279306498287308 -12.689184883120443 -11.8053753485942 -11.833482482810087 -13.415718130384331 -13.151583606417763 -9.275392739070345 -8.12636071019206 -2.7356232460623735 -6.153668917838324 -4.180275174490106 -11.032636387189651 -9.408643219570813 -13.352501954529725 -12.2858625157964 -8.286377668552511 -11.138733115832745 -10.050663899709189 -12.675222793042522 -11.786986019952685 -7.37578122860663 -13.23129765205671 -10.995176511032518 -12.259788301205017 -13.992614267743074 -13.834347307654953 -13.943698312631978 -12.186760959554555
0.8416833667334669 -10.117993864324522 -12.636571493145734 -11.709098051164428 -11.75527533967843 -13.408189261851078 -13.126173805657828 -9.07481533414278 -7.838040270625886 -2.257140292703535 -5.883930743309236 -3.91430965609015 -10.89840556897003 -9.216457038575822 -13.313193384914818 -12.205537409591251 -8.011969860264163 -11.010922995156934 -9.879661929286367 -12.621408250464743 -11.688932159936165 -7.0938521868153614 -13.211432473280542 -10.8709080062299 -12.189028202151402 -14.05028003531516 -13.862331394849592 -14.02135671224597 -12.132898185464569
0.9018036072144289 -9.956631237573141 -12.579986048431913 -11.61038344153436 -11.674915639304562 -13.395224486653401 -13.095880712056509 -8.87539755602224 -7.553915319676481 -1.7911222574458412 -5.624378327550197 -3.659532783990563 -10.762860418989543 -9.025435608371705 -13.269509262443215 -12.122511678464242 -7.741198611637021 -10.881782110412724 -9.708945035036418 -12.563662008646368 -11.588434976082507 -6.8157124174131845 -13.186567423188862 -10.745714739258307 -12.11527970995304 -14.100669809887075 -13.883862247105137 -14.091223216765057 -12.076414199791596
0.9619238476953907 -9.79514392844992 -12.519878690426314 -11.509478794057255 -11.592611545549687 -13.37746721262521 -13.061274141849903 -8.676899890006322 -7.273328698142443 -1.3358749572101685 -5.373459261717439 -3.4139737261819323 -10.626090907070573 -8.835353407908716 -13.221954778387055 -12.037082885894101 -7.473484404729202 -10.751413191842099 -9.538393396349676 -12.502428996835437 -11.485740187474622 -6.540758363137957 -13.157290989949164 -10.619646694971543 -12.03887436829131 -14.144675323427299 -13.899720272565224 -14.154262251464685 -12.017582536125087
1.0220440881763526 -9.633847372093634 -12.456868689242242 -11.406887745934498 -11.508812419844947 -13.355642726879289 -13.023039905718345 -8.479549006996649 -6.996267825123912 -0.8907563370598863 -5.13037808495584 -3.176529078104696 -10.488516549323077 -8.646437870614502 -13.171178758517794 -11.949776509381504 -7.208862189787563 -10.620238210600588 -9.368296806280103 -12.438325610306507 -11.38135241942507 -6.269014365517673 -13.12429766884705 -10.493077115716147 -11.960354178172157 -14.18314857311177 -13.910701340226337 -14.211361501877489 -11.956877437835942
1.0821643286573146 -9.472753116671164 -12.391304242497387 -11.302828408918515 -11.423706782819458 -13.330222676919128 -12.981602800204062 -8.28325230109127 -6.722373843203737 -0.4547403588157577 -4.8941406269069 -2.945987199939569 -10.350256091942118 -8.458603548768536 -13.11756438230611 -11.860841303289355 -6.947023291708938 -10.48838305589763 -9.198638033329996 -12.371696721274343 -11.275489206940321 -6.000157082569277 -13.088023848300683 -10.366094418966014 -11.879989002517739 -14.216717518944646 -13.917363614162069 -14.263194080096147 -11.894527717753878
1.1422845691382766 -9.31170894738612 -12.323369847217922 -11.19735413521628 -11.337335169937273 -13.301518286281144 -12.93722547778522 -8.087750172602448 -6.451120031173332 -0.026651232412631565 -4.663712991492321 -2.7211626169564194 -10.211260010946177 -8.27160173250235 -13.06133238562608 -11.770365101315232 -6.687489891923406 -10.355807993175057 -9.02923587558762 -12.302723428397346 -11.168202367680156 -5.733692366360046 -13.048744922996995 -10.238630407988634 -11.797889195278373 -14.245858503243534 -13.920109441717974 -14.310284612388172 -11.830621282748144
1.2024048096192383 -9.150769901510412 -12.253344255154612 -11.090657276760751 -11.249867637028448 -13.269890045035755 -12.890237486665175 -7.893029414117755 -6.182317161907527 0.3941438179801411 -4.438457105395095 -2.5013068614551623 -10.071655538965977 -8.085422973259234 -13.002784585076814 -11.678559802239505 -6.430106414998679 -10.222644507743508 -8.860126353769875 -12.231682288664505 -11.059684113506556 -5.469455328346857 -13.006797961951992 -10.110789320311788 -11.714280131911963 -14.271034157576226 -13.919356037169253 -14.353124837391958 -11.765354081123949
1.2625250501002003 -8.98992494446846 -12.181427182744446 -10.982855761936143 -11.161407382333461 -13.235615906785387 -12.840886983518214 -7.699013548768675 -5.915722700359822 0.8082984046883164 -4.217759952578479 -2.2857308009767006 -9.931498012013595 -7.899995653647579 -12.942142890022936 -11.585563134360825 -6.174661564043166 -10.088952911155163 -8.691280450527294 -12.158770924892668 -10.950051899079352 -5.207225301324954 -12.962438634719096 -9.982609046435016 -11.629312720848706 -14.292621918889592 -13.915436510394857 -14.392120733822773 -11.698856360811796
1.3226452905811623 -8.829106654155652 -12.107752089269326 -10.874004737593506 -11.072001608898745 -13.198905069220288 -12.78935414174951 -7.5055716029683515 -5.651047013107799 1.216487039182998 -4.001030207421721 -2.073791990440078 -9.790781624839273 -7.715194860360008 -12.879562372844628 -11.491450605430764 -5.920895050670005 -9.954733180043165 -8.522613529831862 -12.08412077711408 -10.839360062625705 -4.946732444099311 -12.915854719444049 -9.854071413361645 -11.543075480384655 -14.310929024069361 -13.908614316766046 -14.427607889387344 -11.631203701579746
1.3827655310621243 -8.66820657937824 -12.03240135475177 -10.764111911004015 -10.981655621731381 -13.1599128236099 -12.735766156979427 -7.3125337398256205 -5.387969129851555 1.6193899594182932 -3.7877039612250303 -1.864893261762791 -9.64945504002123 -7.530857832785699 -12.815146341401721 -11.39625064227647 -5.668513444569509 -9.819940435127668 -8.354000723971442 -12.007812289003077 -10.727615224128897 -4.687673698564989 -12.867181037186484 -9.725117021685481 -11.45560953130488 -14.326206634055241 -13.89909772255981 -14.459865392310503 -11.562430578370257
1.442885771543086 -8.50717213012473 -11.955474938204524 -10.653217686630612 -10.89040524857877 -13.118796967245157 -12.680258605473167 -7.119798996902783 -5.126267653147387 2.0175174082350873 -3.5773490056697272 -1.6585803957538334 -9.507512156837496 -7.346888559204142 -12.749011295468346 -11.300019602470261 -5.417317653076498 -9.684573364438814 -8.185376384628107 -11.929943887889767 -10.614857103912758 -4.429842595443247 -12.8165591051002 -9.595731059532078 -11.36698094401794 -14.33868767432413 -13.887086143957353 -14.489147833941283 -11.492595132943837
1.503006012024048 -8.345968333513785 -11.87706811580302 -10.541366519911168 -10.798290458264415 -13.075702081203442 -12.62295713502132 -6.92729132585595 -4.865763861239252 2.4112946472635572 -3.3696066848540513 -1.4544813159156997 -9.364957929833537 -7.163215034341256 -12.681266596960807 -11.20281545508669 -5.167148110277228 -9.548640973763598 -8.016694417060766 -11.850609548823634 -10.501129625813554 -4.173073357971457 -12.764119630023423 -9.465910382282203 -11.277255776033996 -14.348580506219884 -13.872759543416374 -14.51568186742241 -11.421756217899972
1.56312625250501 -8.184560400167484 -11.7972624135985 -10.428594520416912 -10.705343998731447 -13.030753853907857 -12.563970449970334 -6.734939191556864 -4.606294527750805 2.801103902055197 -3.1641623705815998 -1.2522743479635277 -9.221793094351877 -6.979769486513931 -12.612006404855382 -11.10468659243158 -4.917858704611071 -9.412147793930908 -7.847910103856499 -11.769889637091726 -10.386468393910544 -3.917214270519711 -12.709975908589364 -9.335648813229351 -11.1864895734902 -14.356068091213617 -13.85627539261918 -14.539666860488525 -11.349963770417926
1.6232464929859718 -8.022698198560647 -11.715983348958527 -10.314757628545674 -10.61143713801787 -12.983948055695098 -12.503266706207121 -6.542432289619536 -4.347408302843441 3.187704552022958 -2.9604868932173463 -1.0514301236294474 -9.077815043159926 -6.796253171983334 -12.541176878645174 -11.00551324077528 -4.669022345993554 -9.27490081105814 -7.6787579583572985 -11.687707831684566 -10.270727165574645 -3.6618273392539358 -12.65410458427679 -9.204749541388892 -11.094575323059566 -14.361243936043378 -13.837683147559881 -14.561225635547055 -11.277123481702294
1.6833667334669338 -7.86048749629213 -11.633384486026337 -10.199991329695877 -10.51669278834325 -12.935454448914268 -12.441009734738824 -6.3498640195146825 -4.089162341065613 3.571139665370901 -2.7585013996402625 -0.851868084181596 -8.933147578379767 -6.612757984605068 -12.468935946436776 -10.905433138608533 -4.420704290969876 -9.137023603996697 -7.509339903312089 -11.604217280273286 -10.154041992689127 -3.406976842992151 -12.596670645911772 -9.073324347832497 -11.001652207309505 -14.364295107521412 -13.81716254616556 -14.580549388594866 -11.203360886738647
