web/models/kne/1/mosfit_kn_0.062996_0.2807_10.0000.dat
# %ECSV 1.0
# ---
# datatype:
# - {name: time, datatype: float64}
# - {name: PS1_g, datatype: float64}
# - {name: PS1_i, datatype: float64}
# - {name: PS1_r, datatype: float64}
# - {name: PS1_w, datatype: float64}
# - {name: PS1_y, datatype: float64}
# - {name: PS1_z, datatype: float64}
# - {name: swift_uvot_B, datatype: float64}
# - {name: swift_uvot_U, datatype: float64}
# - {name: swift_uvot_uvm2, datatype: float64}
# - {name: swift_uvot_uvw1, datatype: float64}
# - {name: swift_uvot_uvw2, datatype: float64}
# - {name: swift_uvot_V, datatype: float64}
# - {name: johnson_B, datatype: float64}
# - {name: johnson_I, datatype: float64}
# - {name: johnson_R, datatype: float64}
# - {name: johnson_U, datatype: float64}
# - {name: johnson_V, datatype: float64}
# - {name: sdss_g, datatype: float64}
# - {name: sdss_i, datatype: float64}
# - {name: sdss_r, datatype: float64}
# - {name: sdss_u, datatype: float64}
# - {name: sdss_z, datatype: float64}
# - {name: ATLAS_c, datatype: float64}
# - {name: ATLAS_o, datatype: float64}
# - {name: ukirt_H, datatype: float64}
# - {name: ukirt_J, datatype: float64}
# - {name: ukirt_K, datatype: float64}
# - {name: Clear, datatype: float64}
# meta: !!omap
# - comment: [kappa = 10.0, type = rprocess, mass = 0.06299605249512866, velocity = 0.2806666666666667, theta_obs = 0.0, tfloor = 1000.0]
# schema: astropy-2.0
time PS1_g PS1_i PS1_r PS1_w PS1_y PS1_z swift_uvot_B swift_uvot_U swift_uvot_uvm2 swift_uvot_uvw1 swift_uvot_uvw2 swift_uvot_V johnson_B johnson_I johnson_R johnson_U johnson_V sdss_g sdss_i sdss_r sdss_u sdss_z ATLAS_c ATLAS_o ukirt_H ukirt_J ukirt_K Clear
0.06012024048096192 -10.708680221954303 -10.735103082094852 -10.784864174645676 -10.75319969506415 -10.539135383950615 -10.633400965049127 -10.50702820873002 -11.28942007206458 -10.514195486604784 -10.835241035562007 -10.057894822971004 -10.776330704462548 -10.52682086319733 -11.131716666789117 -10.988316415167453 -11.11420708284885 -10.792000171825274 -10.689655465926151 -10.745941977246254 -10.787076377637774 -10.337432100203152 -10.6132956319456 -10.747651935575355 -10.780430108874981 -9.849198318270103 -10.265602061113535 -9.4177382583001 -10.715949650054313
0.12024048096192384 -11.20431825283891 -11.550233583718548 -11.478907128787519 -11.410031492892934 -11.468826151245413 -11.51937520281594 -10.901429475779338 -11.417150299248817 -9.950359913597392 -10.564997810593102 -9.421397958136012 -11.37568707592208 -10.929731304090854 -11.979440971653254 -11.712425880416426 -11.292209318080648 -11.398496962130336 -11.15728074904034 -11.55798239165092 -11.480316586887174 -10.50075841775234 -11.510358657679074 -11.318579880896333 -11.524927313225373 -10.930464838419665 -11.277963704866936 -10.544977081273801 -11.405886180155171
0.18036072144288576 -11.38910736929791 -11.964013374374804 -11.804917866774733 -11.719079741477305 -11.966548797290582 -11.984942726730328 -11.012533701656164 -11.34019259338384 -9.399000287014786 -10.237470631348558 -8.874133491781947 -11.632315293436541 -11.048032950233647 -12.41720649156018 -12.061159939991139 -11.24982698213896 -11.661098155520742 -11.32202446703321 -11.969495771986374 -11.80540068925259 -10.447278109188396 -11.984265427097132 -11.56023787592984 -11.88912160004989 -11.539760861747881 -11.836673079012757 -11.187871508213652 -11.742819341902226
0.24048096192384769 -11.460565505028235 -12.220695885905268 -11.99003811272453 -11.896209665286879 -12.29230171376173 -12.28414723310781 -11.023693110702528 -11.20064393549514 -8.885843870414586 -9.915603071322092 -8.401158950069675 -11.760400472956338 -11.065724506758684 -12.693682770471419 -12.265423432387578 -11.137491515427744 -11.794559327020318 -11.37727770993056 -12.224313755446694 -11.989549073460566 -10.325603691313727 -12.290474114738572 -11.679496798959121 -12.10640075479855 -11.957869458324753 -12.212953253132211 -11.633708618528631 -11.944947473064627
0.3006012024048096 -11.476303618330359 -12.394793089102745 -12.102579920963308 -12.005842721865001 -12.526273532091583 -12.495035394681828 -10.987367891947894 -11.036215319836007 -8.407997827902193 -9.610014070041206 -7.985259695118078 -11.823538322588238 -11.035511444456784 -12.884978786208727 -12.394896493526836 -10.995862752412943 -11.862691845852316 -11.379159759349307 -12.396795550481112 -12.101098930077487 -10.175726413049375 -12.507541144909364 -11.73739128895491 -12.247354029515893 -12.272392059880433 -12.491009503452533 -11.972387015373512 -12.077620728211738
0.3607214428857715 -11.460335401794683 -12.518645942973148 -12.1718202670227 -12.075418173205659 -12.703604403230617 -12.651692694014969 -10.925028484541912 -10.861191983436935 -7.960263223597528 -9.322086193626156 -7.614182879828707 -11.848669989626199 -10.97898896518981 -13.024224457593842 -12.479533334516717 -10.84065150867729 -11.89254681298795 -11.35095095943866 -12.519206566056464 -12.169338241937133 -10.013024957360557 -12.669803210074715 -11.759636594208995 -12.342388768064563 -12.522096194169341 -12.707952294023917 -12.243790244697513 -12.168771212415166
0.42084168336673344 -11.424629325921511 -12.60905060908474 -12.212772535808902 -12.11893082830052 -12.842718508829627 -12.77193043214707 -10.847167031177058 -10.681944063315356 -7.5379541719506475 -9.050875324924235 -7.279123190395097 -11.849448006892722 -10.906723847159906 -13.128675434801035 -12.534742303276253 -10.679040436964595 -11.897842815114162 -11.30419575386961 -12.608298931399968 -12.20928585275141 -9.844488129077025 -12.79521776531011 -11.75919623735334 -12.407179373799977 -12.72750373208831 -12.883347548266906 -12.469081626741437 -12.23270010497723
0.48096192384769537 -11.375951931548922 -12.675833048824838 -12.234129355089003 -12.144449570687588 -12.954476508365858 -12.86622006401366 -10.75961456850009 -10.50171339630225 -7.137418637273288 -8.795021484689158 -6.973730482079915 -11.833699843608986 -10.824594882121112 -13.208449932625374 -12.56946690319091 -10.514779483235774 -11.88644992538302 -11.245392686896292 -12.673870578498292 -12.229637533603217 -9.673742772964271 -12.894349026866436 -11.743470304520311 -12.450839467339456 -12.900801730289595 -13.028779088338263 -12.66085172786182 -12.277680125975898
0.5410821643286573 -11.318638352536041 -12.725338675670663 -12.241490728690927 -12.15716072683863 -13.04590234184193 -12.941330816549943 -10.666094110812303 -10.322532522271874 -6.756197059314231 -8.553461739522081 -6.693569407758119 -11.806458314868912 -10.736354225737767 -13.270084919626967 -12.589469727933597 -10.350233099889145 -11.863427561702158 -11.178701291426307 -12.722248511307637 -12.235995893091598 -9.503073558535498 -12.974026427784384 -11.717206088791539 -12.479242809706736 -13.049877403325636 -13.151742200259127 -12.827249221017263 -12.309030221285706
0.6012024048096192 -11.25455441399593 -12.761195291109644 -12.237821499140598 -12.159762236007357 -13.12123892794018 -13.001272937346364 -10.567923501158305 -10.144259213022693 -6.390362705553819 -8.323645289167967 -6.4335761909944935 -11.770175990238585 -10.643357184411645 -13.317382832100925 -12.597871046133033 -10.185538091473571 -11.83126078233977 -11.105833639218918 -12.757043860751871 -12.231324306400886 -9.33254133289454 -13.038317435868265 -11.682660782049332 -12.495615657358563 -13.17976766046719 -13.256913973719618 -12.973550247708799 -12.329605378841766
0.6613226452905812 -11.18573945040609 -12.786467186412462 -12.225804116238308 -12.154733482288922 -13.18389812546842 -13.049328003578147 -10.466830946306224 -9.967770548620667 -6.038545182566415 -8.104814928510837 -6.191246856785252 -11.727245576157188 -10.547346269551706 -13.353506085740563 -12.597435822558467 -10.021738084130185 -11.792355746084338 -11.028739973037087 -12.781311470893328 -12.218306568781916 -9.1631493050423 -13.090534257730297 -11.642083768233427 -12.502780116209866 -13.294322671477515 -13.347946217273153 -13.103736630439682 -12.341956275500667
0.721442885771543 -11.113513038128549 -12.80330076245038 -12.207275239278701 -12.143761745027497 -13.23630994264061 -13.08781951451655 -10.363883812695242 -9.793452341342075 -5.6993444740656 -7.896049953713717 -5.964311937853836 -11.679267981814576 -10.44940169389362 -13.380681252563129 -12.590068788981654 -9.859351181275066 -11.748325318233073 -10.948668123591183 -12.79719003399224 -12.19877995337459 -8.995382276921191 -13.13302566790254 -11.596967903881872 -12.502688261639392 -13.396330804103938 -13.427465345142265 -13.220703948552115 -12.347833950199014
0.781563126252505 -11.038488569003242 -12.813074256383903 -12.183323261467578 -12.127832880191907 -13.280122671859687 -13.118293584326288 -10.259457427210911 -9.621054812505871 -5.370906589223899 -7.69601351134245 -5.750368094504438 -11.627107689260871 -10.34991559380741 -13.400363296499844 -12.576926607019818 -9.698246117976954 -11.700048755419148 -10.866165060818371 -12.80605046139149 -12.17383192256058 -8.829075717284844 -13.167362966158702 -11.548098779003126 -12.496543760076495 -13.487787269671186 -13.49730984118185 -13.326551081269303 -12.348298405329672
0.8416833667334669 -10.961472669771997 -12.817079433989669 -12.155057895886525 -12.10796696962717 -13.316794290448382 -13.142145942915349 -10.154211667510939 -9.450841233257172 -5.052453922446445 -7.504129319994792 -5.548025048406554 -11.571736886879311 -10.249554226795542 -13.413890873672127 -12.559157848846915 -9.538763442579896 -11.648504563385805 -10.781995514359402 -12.809179994818809 -12.144572806716027 -8.664551168391448 -13.19495641720545 -11.496382677563304 -12.48552267294734 -13.570357658101829 -13.559051737661141 -13.423005241719482 -12.344406489551396
0.9018036072144289 -10.882877642399365 -12.816192810502844 -12.123179526376475 -12.084800327539806 -13.34736504396604 -13.160355022012968 -10.048415354002096 -9.282703423450105 -4.74290902805054 -7.319565983088765 -5.3557907582154165 -11.513720755016134 -10.148595654033347 -13.422186935498647 -12.537503438163224 -9.380866713746212 -11.5942663091009 -10.696531626505319 -12.807450703709353 -12.111702639866717 -8.501752438249248 -13.216799497752643 -11.442334724648706 -12.470394193615846 -13.64529066000953 -13.61384576583207 -13.511377023753253 -12.336838907304895
0.9619238476953907 -10.802965296566303 -12.811075971344685 -12.088197385308863 -12.058793941817889 -13.372639059199098 -13.173670991972894 -9.942205868965505 -9.116455247923998 -4.441260710996267 -7.141528554308767 -5.172340068100748 -11.453450986188642 -10.047186144009025 -13.425953564232877 -12.51250853756326 -9.224430833753711 -11.537733624629263 -10.610000622386071 -12.801520306430518 -12.075730068210007 -8.34053696048736 -13.23365568538554 -11.386307508097353 -12.45172842609298 -13.713572862113617 -13.662596292060803 -13.592707154622923 -12.32609785951924
1.0220440881763526 -10.722237573727949 -12.802461270971683 -12.050757682833204 -12.030542617436701 -13.39342606337901 -13.182874914046607 -9.836017639757888 -8.952344779835943 -4.147258177205429 -6.969759719346431 -4.996992843301932 -11.391510524214727 -9.945760868075752 -13.425944742473394 -12.484835555885667 -9.069741071113377 -11.479490931231469 -10.522884749857226 -12.792119043366803 -12.037302168570445 -8.181182023438147 -13.246312284843196 -11.328845877366938 -12.430199946787361 -13.776107173160506 -13.706164500797192 -13.667925684749987 -12.31279205702311
1.0821643286573146 -10.640789371130097 -12.790744479753204 -12.011140819764687 -12.000297261757318 -13.410230678567903 -13.188430077023359 -9.729851176570296 -8.7901304330593 -3.8600484621771107 -6.80356421178292 -4.828701623562676 -11.328090322352839 -9.844327774700247 -13.422587214876522 -12.454792793421074 -8.916601027719057 -11.419735768591506 -10.435252894950349 -12.7796397350229 -11.9966986495319 -8.023477685024556 -13.255242918231112 -11.270115060174746 -12.40613640851862 -13.833538334518314 -13.745132045076643 -13.737718822921819 -12.297206378461567
1.1422845691382766 -10.558663201768947 -12.776233251506781 -11.96955243222055 -11.968241586400428 -13.423457363619384 -13.190704087336709 -9.623665234184202 -8.629557999937365 -3.5788438540877925 -6.6423002361344885 -4.6665389973140705 -11.263316490840928 -9.742852827700514 -13.416216232754607 -12.422611176601308 -8.7647959343576 -11.358600543426006 -10.347124634499316 -12.764387414735605 -11.954124350457178 -7.867196931828211 -13.260824528925887 -11.210220968027542 -12.37978612855498 -13.886396148861822 -13.779972287676168 -13.802653483536476 -12.27955622404016
1.2024048096192383 -10.476269821897723 -12.75943624221302 -11.926465440891842 -11.934811939717349 -13.433644839426044 -13.190224974207414 -9.517844865995812 -8.470934427830574 -3.3037258622301406 -6.485935241973273 -4.510239098812367 -11.197638162563372 -9.641718160597804 -13.407348565821977 -12.388767247077485 -8.614649692617437 -11.296532789973506 -10.258902568239687 -12.74686990612631 -11.910053403754883 -7.712661757141639 -13.26358681988042 -11.149586126100548 -12.351629423997412 -13.935251012683983 -13.811241724893682 -13.863308715375327 -12.260277766428818
1.2625250501002003 -10.393533013372984 -12.74050585710409 -11.881943600420772 -11.900061436223446 -13.441030759732673 -13.187197744315373 -9.412240384818464 -8.313926967496439 -3.03391114654547 -6.333836798522476 -4.358975816786582 -11.131049103060182 -9.540781597396645 -13.396161018734666 -12.353347949873747 -8.465862799803105 -11.23353266512497 -10.170490656898998 -12.727237312116486 -11.864548500692216 -7.5595614651899545 -13.2637433100248 -11.088191935348508 -12.321768964949804 -13.980452574779958 -13.839239545114717 -13.920067382181658 -12.239454957944389
1.3226452905811623 -10.310513330840951 -12.719656897000284 -11.836142377992864 -11.864130815944609 -13.445885976489063 -13.181871986877134 -9.306864250017483 -8.158424925478549 -2.7689779995282064 -6.1856322860003665 -4.212218076466797 -11.063659096104097 -9.440059101781365 -13.382884306206126 -12.316522818944382 -8.318347615328154 -11.169713186395319 -10.081936180495852 -12.70570291533291 -11.817764806728892 -7.407801591621546 -13.26154885021312 -11.026134604285058 -12.290384167047481 -14.022343275204923 -13.86427605433738 -13.973292915610676 -12.21724622771637
1.3827655310621243 -10.227422967472855 -12.69718160225425 -11.789324092589197 -11.827260892745741 -13.448529134691292 -13.174556715228558 -9.201906389093157 -8.004554968672757 -2.50887790111227 -6.041207487992946 -4.069719055702773 -10.995709617170608 -9.339739448103227 -13.36781790972416 -12.278558461663824 -8.172243896014841 -11.105315446484061 -9.993444619229095 -12.682558231477135 -11.769965262871835 -7.257519707140876 -13.257314277218573 -10.963638899421522 -12.257745479309623 -14.061271641829387 -13.886686592095606 -14.02334213419392 -12.193895805218471
1.442885771543086 -10.144240829314715 -12.673198596077615 -11.741553185183058 -11.789508453599762 -13.449130825200495 -13.165402663754495 -9.097301222081288 -7.85214015493791 -2.2531582750600903 -5.900178927828996 -3.930987198533099 -10.92722271552611 -9.239761186727925 -13.3510952814176 -12.239533070857604 -8.027395085408592 -11.040365123935432 -9.904982812728917 -12.657920480208826 -11.721213765806677 -7.108552610114156 -13.251195422110502 -10.900718145100008 -12.223940550466086 -14.097475898776784 -13.906678981220997 -14.070473172413214 -12.169478903458248
1.503006012024048 -10.060948548055624 -12.647812166066625 -11.6928863289451 -11.75092396011431 -13.447841078759275 -13.154542373427525 -8.992991277364688 -7.70102532826531 -2.001422870872907 -5.762210148954505 -3.7955973202545787 -10.85821777385653 -9.140070546382496 -13.33283376708658 -12.199515483019223 -7.883663883935423 -10.974884853884548 -9.816521801874671 -12.631892714584474 -11.671566489958973 -6.960757134640314 -13.24332933144495 -10.837384331352311 -12.18904654010002 -14.131165667007666 -13.924436064052264 -14.114913183222695 -12.144062395388744
1.56312625250501 -9.977649426564703 -12.621193725564837 -11.643469025274431 -11.711640580750604 -13.444855027793867 -13.142162154638406 -8.889059938801378 -7.551240208626808 -1.753558696476694 -5.627159978379108 -3.6633331918580967 -10.788821493799567 -9.040750943484571 -13.313211375957962 -12.158655921079788 -7.741090638488288 -10.909001756581985 -9.72815913180451 -12.604645701972448 -11.621169180114883 -6.814171276489827 -13.233904217823014 -10.773753695959485 -12.153217463303836 -14.162564447966622 -13.940168753607976 -14.156893670147335 -12.117784878190374
1.6232464929859718 -9.894370689046692 -12.593452739608502 -11.593378965237449 -11.671728778541599 -13.44031226844173 -13.128390173383657 -8.785508906507477 -7.402721372227088 -1.5093377499902365 -5.494815698803279 -3.5339207942135107 -10.719087293666878 -8.94180574810376 -13.29234610069695 -12.11703943547705 -7.5996241354827205 -10.842770892313387 -9.639914980038675 -12.576288092488657 -11.57009939351413 -6.6687402398429185 -13.223051045119902 -10.709872333996202 -12.116543651135476 -14.191850094578589 -13.954037786918574 -14.196603573029199 -12.09072656474639
1.6833667334669338 -9.811138997121098 -12.564688438790785 -11.542687335684825 -11.631253213264934 -13.434338611760985 -13.113342164156645 -8.682342389836244 -7.255415661078786 -1.2685615641528463 -5.364989774828999 -3.407121909774634 -10.64906501319146 -8.843240549275876 -13.270344684591493 -12.0747436236237 -7.459222000626468 -10.776243495652691 -9.551809798541218 -12.54691839796056 -11.518428218903463 -6.524418524920961 -13.210887998522889 -10.645783422798978 -12.079107337453365 -14.219182060895983 -13.966187580288397 -14.234212062715235 -12.062960665418956
