web/models/kne/1/mosfit_kn_0.041628_0.2493_10.0000.dat
# %ECSV 1.0
# ---
# datatype:
# - {name: time, datatype: float64}
# - {name: PS1_g, datatype: float64}
# - {name: PS1_i, datatype: float64}
# - {name: PS1_r, datatype: float64}
# - {name: PS1_w, datatype: float64}
# - {name: PS1_y, datatype: float64}
# - {name: PS1_z, datatype: float64}
# - {name: swift_uvot_B, datatype: float64}
# - {name: swift_uvot_U, datatype: float64}
# - {name: swift_uvot_uvm2, datatype: float64}
# - {name: swift_uvot_uvw1, datatype: float64}
# - {name: swift_uvot_uvw2, datatype: float64}
# - {name: swift_uvot_V, datatype: float64}
# - {name: johnson_B, datatype: float64}
# - {name: johnson_I, datatype: float64}
# - {name: johnson_R, datatype: float64}
# - {name: johnson_U, datatype: float64}
# - {name: johnson_V, datatype: float64}
# - {name: sdss_g, datatype: float64}
# - {name: sdss_i, datatype: float64}
# - {name: sdss_r, datatype: float64}
# - {name: sdss_u, datatype: float64}
# - {name: sdss_z, datatype: float64}
# - {name: ATLAS_c, datatype: float64}
# - {name: ATLAS_o, datatype: float64}
# - {name: ukirt_H, datatype: float64}
# - {name: ukirt_J, datatype: float64}
# - {name: ukirt_K, datatype: float64}
# - {name: Clear, datatype: float64}
# meta: !!omap
# - comment: [kappa = 10.0, type = rprocess, mass = 0.04162766037032262, velocity = 0.24933333333333338, theta_obs = 0.0, tfloor = 1000.0]
# schema: astropy-2.0
time PS1_g PS1_i PS1_r PS1_w PS1_y PS1_z swift_uvot_B swift_uvot_U swift_uvot_uvm2 swift_uvot_uvw1 swift_uvot_uvw2 swift_uvot_V johnson_B johnson_I johnson_R johnson_U johnson_V sdss_g sdss_i sdss_r sdss_u sdss_z ATLAS_c ATLAS_o ukirt_H ukirt_J ukirt_K Clear
[from data line 406]
24.468937875751504 8.148140515716129 -0.733688297483166 2.741382480554684 0.7734586690506973 -4.256878346008417 -2.8392023811612965 11.688047092280598 18.34699119017552 32.2355864942047 14.312573722250086 16.825590228729737 6.107657208586914 10.484109775314408 -2.287201603905099 0.6828311628198833 17.315990010923777 5.152634873418161 8.960680617030565 -0.6524323453701619 2.9698711400511257 18.848096720350345 -3.4126299931832804 4.720459050297325 0.2680465256875486 -9.205865723923912 -7.056376428434222 -10.566154404397084 -1.5124353747106412
24.529058116232463 8.154720070576378 -0.7271087426229172 2.7479620354149326 0.780038223910946 -4.250298791148168 -2.832622826301048 11.694626647140847 18.353570745035768 32.24216604906494 14.319153277110317 16.83216978358997 6.114236763447162 10.490689330174657 -2.280622049044868 0.6894107176801321 17.322569565784026 5.15921442827841 8.967260171890814 -0.6458527905099132 2.9764506949113567 18.854676275210593 -3.4060504383230317 4.727038605157574 0.2746260805477796 -9.199286169063663 -7.049796873573973 -10.559574849536835 -1.5058558198503924
24.589178356713425 8.161269127131252 -0.7205596860680252 2.754511091969807 0.786587280465838 -4.243749734593294 -2.8260737697461558 11.70117570369574 18.36011980159066 32.24871510561983 14.325702333665209 16.83871884014486 6.120785820002037 10.49723838672955 -2.274072992489976 0.6959597742350241 17.3291186223389 5.165763484833302 8.973809228445706 -0.6393037339550389 2.9829997514662487 18.861225331765485 -3.3995013817681574 4.733587661712466 0.2811751371026716 -9.192737112508789 -7.043247817019099 -10.55302579298196 -1.4993067632955182
24.649298597194388 8.167788249161188 -0.7140405640380898 2.7610302139997422 0.7931064024957557 -4.2372306125633585 -2.8195546477162203 11.707694825725675 18.366638923620577 32.25523422764976 14.332221455695144 16.845237962174796 6.127304942031972 10.503757508759485 -2.2675538704600404 0.7024788962649595 17.335637744368835 5.172282606863219 8.980328350475624 -0.6327846119251035 2.989518873496184 18.867744453795403 -3.392982259738222 4.740106783742384 0.28769425913260704 -9.186217990478854 -7.036728694989163 -10.546506670952025 -1.4927876412655827
24.70941883767535 8.174277607158924 -0.7075512060403533 2.7675195719974965 0.79959576049351 -4.230741254565622 -2.813065289718484 11.714184183723411 18.37312828161833 32.2617235856475 14.338710813692881 16.851727320172532 6.133794300029709 10.510246866757221 -2.261064512462304 0.708968254262696 17.34212710236657 5.178771964860974 8.986817708473378 -0.626295253927367 2.9960082314939207 18.874233811793157 -3.3864929017404855 4.746596141740138 0.2941836171303436 -9.1797286324811 -7.030239336991409 -10.540017312954289 -1.4862982832678462
24.769539078156313 8.180737780767497 -0.7010910324317976 2.773979745606052 0.8060559341020657 -4.224281080957049 -2.806605116109928 11.720644357331967 18.379588455226887 32.26818375925606 14.345170987301437 16.858187493781088 6.140254473638282 10.516707040365777 -2.2546043388537482 0.7154284278712517 17.348587275975145 5.185232138469529 8.993277882081934 -0.6198350803187935 3.0024684051024764 18.880693985401713 -3.380032728131912 4.753056315348694 0.300643790738917 -9.173268458872544 -7.023779163382853 -10.533557139345715 -1.4798381096592728
24.829659318637272 8.187168867496393 -0.6946599457028846 2.7804108323349475 0.8124870208309787 -4.217849994228153 -2.800174029381015 11.72707544406088 18.3860195419558 32.27461484598496 14.35160207403035 16.86461858051 6.146685560367177 10.52313812709469 -2.248173252124835 0.7218595146001647 17.35501836270404 5.1916632251984245 8.999708968810847 -0.6134039935898983 3.0088994918313894 18.887125072130626 -3.3736016414030168 4.759487402077607 0.30707487746781226 -9.166837372143648 -7.017348076653958 -10.52712605261682 -1.4734070229303775
24.889779559118235 8.193571365317478 -0.6882574478817993 2.7868133301560327 0.8188895186520462 -4.211447496407068 -2.79377153155993 11.733477941881965 18.392422039776868 32.28101734380605 14.358004571851435 16.871021078331086 6.1530880581882625 10.529540624915775 -2.24177075430375 0.72826201242125 17.361420860525126 5.19806572301951 9.006111466631914 -0.607001495768813 3.0153019896524746 18.893527569951694 -3.3671991435819315 4.765889899898674 0.3134773752888975 -9.160434874322563 -7.010945578832873 -10.520723554795735 -1.4670045251092922
24.949899799599198 8.199945649118234 -0.681883164081043 2.793187613956807 0.8252638024528203 -4.205073212606312 -2.7873972477591735 11.739852225682721 18.398796323577642 32.287391627606816 14.364378855652191 16.877395362131843 6.159462341989019 10.535914908716531 -2.2353964705029936 0.7346362962220063 17.367795144325882 5.204440006820284 9.012485750432688 -0.6006272119680567 3.021676273453231 18.899901853752468 -3.360824859781175 4.772264183699448 0.31985165908965385 -9.154060590521789 -7.004571295032099 -10.514349270994979 -1.460630241308536
25.01002004008016 8.206292074821029 -0.6755367383782485 2.7995340396595836 0.8316102281556148 -4.198726786903517 -2.781050822056379 11.746198651385516 18.405142749280436 32.29373805330961 14.370725281354986 16.883741787834637 6.165808767691813 10.542261334419326 -2.229050044800199 0.7409827219248009 17.374141570028677 5.210786432523061 9.018832176135483 -0.5942807862652622 3.0280226991560255 18.906248279455262 -3.3544784340783806 4.778610609402243 0.3261980847924484 -9.147714164819012 -6.998224869329322 -10.508002845292184 -1.4542838156057414
25.07014028056112 8.21261106099108 -0.6692177522082154 2.8058530258296344 0.8379292143256478 -4.192407800733466 -2.774731835886346 11.752517637555567 18.41146173545047 32.30005703947965 14.377044267525037 16.890060774004688 6.172127753861864 10.548580320589359 -2.2227310586301483 0.7473017080948339 17.380460556198727 5.217105418693111 9.025151162305516 -0.5879618000952114 3.0343416853260763 18.912567265625295 -3.34815944790833 4.784929595572276 0.33251707096249916 -9.141395178648962 -6.991905883159271 -10.501683859122133 -1.4479648294356906
25.130260521042082 8.218902780367454 -0.6629260328318232 2.8121447452060266 0.8442209337020401 -4.186116081357092 -2.7684401165099537 11.758809356931941 18.41775345482686 32.30634875885603 14.383335986901411 16.896352493381062 6.178419473238239 10.554872039965751 -2.216439339253774 0.7535934274712262 17.386752275575102 5.223397138069504 9.031442881681908 -0.5816700807188369 3.040633404702451 18.918858985001688 -3.3418677285319554 4.791221314948668 0.3388087903388737 -9.13510345927257 -6.985614163782897 -10.495392139745759 -1.441673110059316
25.190380761523045 8.225167804343325 -0.6566610088559521 2.8184097691818977 0.8504859576779111 -4.179851057381203 -2.7621750925340827 11.765074380907812 18.424018478802733 32.3126137828319 14.389601010877282 16.902617517356934 6.1846844972141275 10.561137063941622 -2.2101743152779028 0.7598584514470972 17.39301729955099 5.229662162045375 9.03770790565778 -0.5754050567429658 3.046898428678322 18.92512400897756 -3.3356027045560843 4.797486338924539 0.3450738143147447 -9.128838435296698 -6.979349139807008 -10.489127115769888 -1.4354080860834273
25.250501002004007 8.231406296982353 -0.6504225162169419 2.824648261820908 0.8567244503169213 -4.173612564742193 -2.7559365998950724 11.771312873546822 18.430256971441743 32.31885227547092 14.395839503516292 16.908856009995944 6.190922989853138 10.567375556580632 -2.2039358226388925 0.7660969440861074 17.39925579219 5.235900654684385 9.04394639829679 -0.5691665641039378 3.053136921317332 18.93136250161657 -3.3293642119170563 4.8037248315635495 0.3513123069537549 -9.122599942657688 -6.9731106471679976 -10.48288862313086 -1.429169593444417
25.31062124248497 8.23761854708561 -0.6442102661136673 2.8308605119241648 0.8629367004201782 -4.167400314638936 -2.749724349791798 11.777525123650097 18.436469221545 32.325064525574184 14.402051753619567 16.91506826009922 6.197135239956395 10.573587806683907 -2.197723572535618 0.7723091941893643 17.405468042293258 5.242112904787642 9.050158648400046 -0.562954314000681 3.0593491714206067 18.937574751719826 -3.3231519618137995 4.809937081666806 0.35752455705702957 -9.116387692554431 -6.966898397064741 -10.476676373027603 -1.4229573433411602
25.37074148296593 8.243804985490772 -0.6380238277085049 2.837046950329327 0.8691231388253584 -4.161213876233774 -2.7435379113866354 11.78371156205526 18.44265565995018 32.33125096397934 14.40823819202473 16.92125469850438 6.203321678361557 10.57977424508907 -2.1915371341304555 0.7784956325945445 17.41165448069842 5.248299343192804 9.056345086805209 -0.5567678755955185 3.065535609825769 18.943761190125006 -3.316965523408637 4.8161235200719865 0.363710995462192 -9.110201254149269 -6.960711958659578 -10.47048993462244 -1.4167709049359978
25.430861723446892 8.24996599554181 -0.631862817657467 2.843207960380383 0.8752841488763963 -4.155052866182736 -2.7373769013355975 11.789872572106297 18.448816670001218 32.33741197403039 14.414399202075767 16.92741570855542 6.209482688412595 10.585935255140107 -2.1853761240794176 0.7846566426455823 17.417815490749458 5.25446035324386 9.062506096856264 -0.5506068655444807 3.071696619876807 18.949922200176044 -3.310804513357599 4.822284530123024 0.36987200551322985 -9.104040244098213 -6.954550948608523 -10.464328924571403 -1.41060989488496
25.490981963927855 8.25610191432892 -0.6257268988703579 2.849343879167492 0.8814200676635053 -4.148916947395609 -2.7312409825484885 11.796008490893406 18.454952588788327 32.3435478928175 14.420535120862876 16.933551627342528 6.215618607199722 10.592071173927216 -2.1792402052923086 0.7907925614326914 17.423951409536585 5.260596272030969 9.068642015643373 -0.5444709467573716 3.077832538663916 18.956058118963153 -3.30466859457049 4.8284204489101334 0.3760079243003389 -9.097904325311104 -6.948415029821414 -10.458193005784294 -1.404473976097833
25.551102204408817 8.26221298557872 -0.6196158276205566 2.8554549504172932 0.8875311389133067 -4.1428058761458075 -2.725129911298687 11.802119562143208 18.46106366003813 32.3496589640673 14.426646192112678 16.93966269859233 6.221729678449523 10.598182245177018 -2.173129134042507 0.7969036326824928 17.430062480786386 5.26670734328077 9.074753086893175 -0.5383598755075703 3.0839436099137174 18.962169190212954 -3.298557523320671 4.834531520159935 0.3821189955501403 -9.091793254061303 -6.942303958571612 -10.452081934534474 -1.3983629048480317
25.61122244488978 8.268299566885542 -0.6135292463137532 2.8615415317240966 0.8936177202201101 -4.136719294839004 -2.7190433299918837 11.808206143450011 18.46715024134493 32.355745545374106 14.432732773419481 16.945749279899132 6.2278162597563265 10.604268826483821 -2.167042552735704 0.8029902139892962 17.43614906209319 5.272793924587574 9.080839668199978 -0.5322732942007491 3.090030191220521 18.968255771519758 -3.2924709420138676 4.840618101466738 0.38820557685696144 -9.0857066727545 -6.936217377264809 -10.445995353227671 -1.3922763235412283
25.67134268537074 8.274361830680999 -0.6074669825182788 2.8676037955195532 0.8996799840155845 -4.1306570310435475 -2.7129810661964093 11.814268407245486 18.473212505140406 32.36180780916957 14.438795037214955 16.951811543694607 6.233878523551783 10.610331090279296 -2.1609802889402294 0.8090524777847705 17.442211325888646 5.27885618838303 9.086901931995435 -0.5262110304052925 3.096092455015995 18.974318035315232 -3.286408678218411 4.846680365262195 0.39426784065241804 -9.079644408959043 -6.930155113469352 -10.439933089432214 -1.3862140597457717
25.7314629258517 8.280400176667921 -0.6014286365313559 2.873642141506494 0.9057183300025073 -4.124618685056625 -2.7069427202094865 11.820306753232408 18.47925085112733 32.3678461551565 14.444833383201878 16.95784988968153 6.239916869538706 10.616369436266218 -2.1549419429533065 0.8150908237716934 17.44824967187557 5.284894534369971 9.092940277982375 -0.5201726844183696 3.102130801002918 18.980356381302155 -3.280370332231488 4.8527187112491355 0.4003061866393409 -9.073606062972102 -6.924116767482429 -10.433894743445292 -1.3801757137588488
25.791583166332664 8.286414878073085 -0.5954139351261922 2.87965684291164 0.9117330314076533 -4.118603983651461 -2.7009280188043228 11.826321454637572 18.485265552532475 32.373860856561656 14.450848084607042 16.963864591086693 6.24593157094387 10.622384137671364 -2.148927241548143 0.8211055251768393 17.454264373280733 5.290909235775117 9.098954979387521 -0.5141579830132059 3.1081455024080817 18.9863710827073 -3.2743556308263244 4.858733412654281 0.4063208880445046 -9.067591361566956 -6.918102066077266 -10.427880042040128 -1.3741610123536852
25.851703406813627 8.292406382972892 -0.5894224302263851 2.885648347811447 0.9177245363074604 -4.112612478751654 -2.6949365139045156 11.83231295953738 18.491257057432282 32.37985236146147 14.456839589506849 16.9698560959865 6.251923075843677 10.62837564257119 -2.1429357366483357 0.8270970300766642 17.46025587818054 5.296900740674924 9.104946484287328 -0.5081664781133988 3.114137007307889 18.992362587607108 -3.2683641259265173 4.8647249175540885 0.41231239294431177 -9.061599856667149 -6.9121105611774585 -10.42188853714032 -1.368169507453878
25.91182364729459 8.298374925991983 -0.5834538872072947 2.891616890830555 0.9236930793265685 -4.1066439357325635 -2.6889679708854253 11.83828150255647 18.49722560045139 32.38582090448056 14.46280813252594 16.97582463900559 6.257891618862767 10.63434418559028 -2.1369671936292454 0.8330655730957546 17.466224421199648 5.302869283694032 9.110915027306437 -0.5021979350943084 3.1201055503269792 18.998331130626216 -3.262395582907427 4.870693460573197 0.4182809359634021 -9.05563131364804 -6.90614201815835 -10.41591999412123 -1.3622009644347877
25.97194388777555 8.304320694749023 -0.577508118450254 2.897562659587596 0.9296388480836093 -4.100698166975505 -2.6830222021283845 11.84422727131351 18.50317136920843 32.391766673237605 14.46875390128298 16.98177040776263 6.263837387619808 10.64028995434732 -2.1310214248722046 0.8390113418527954 17.47217018995669 5.308815052451073 9.116860796063477 -0.49625216633726765 3.12605131908402 19.004276899383257 -3.256449814150386 4.876639229330237 0.4242267047204429 -9.049685544891 -6.90019624940131 -10.40997422536419 -1.3562551956777469
26.03206412825651 8.310244113426801 -0.5715846997724938 2.903486078265356 0.9355622667613694 -4.094774748297745 -2.6770987834506244 11.85015068999127 18.50909478788619 32.39769009191537 14.474677319960758 16.987693826440392 6.269760806297586 10.64621337302508 -2.1250980061944444 0.8449347605305555 17.47809360863445 5.314738471128833 9.122784214741237 -0.49032874765948975 3.131974737761798 19.010200318061017 -3.2505263954726082 4.8825626480079976 0.4301501233982208 -9.04376212621324 -6.8942728307235495 -10.404050806686412 -1.350331776999969
26.092184368737474 8.316145269066642 -0.5656835441326535 2.9093872339051963 0.9414634224012097 -4.0888735926579045 -2.671197627810784 11.85605184563111 18.51499594352603 32.40359124755521 14.480578475600598 16.99359498208025 6.275661961937426 10.65211452866492 -2.1191968505545864 0.8508359161703958 17.48399476427429 5.320639626768673 9.128685370381078 -0.48442759201964947 3.137875893401638 19.016101473700857 -3.244625239832768 4.888463803647838 0.43605127903806107 -9.0378609705734 -6.888371675083709 -10.398149651046571 -1.3444306213601287
