web/models/kne/1/mosfit_kn_0.003466_0.0613_3.6500.dat
# %ECSV 1.0
# ---
# datatype:
# - {name: time, datatype: float64}
# - {name: PS1_g, datatype: float64}
# - {name: PS1_i, datatype: float64}
# - {name: PS1_r, datatype: float64}
# - {name: PS1_w, datatype: float64}
# - {name: PS1_y, datatype: float64}
# - {name: PS1_z, datatype: float64}
# - {name: swift_uvot_B, datatype: float64}
# - {name: swift_uvot_U, datatype: float64}
# - {name: swift_uvot_uvm2, datatype: float64}
# - {name: swift_uvot_uvw1, datatype: float64}
# - {name: swift_uvot_uvw2, datatype: float64}
# - {name: swift_uvot_V, datatype: float64}
# - {name: johnson_B, datatype: float64}
# - {name: johnson_I, datatype: float64}
# - {name: johnson_R, datatype: float64}
# - {name: johnson_U, datatype: float64}
# - {name: johnson_V, datatype: float64}
# - {name: sdss_g, datatype: float64}
# - {name: sdss_i, datatype: float64}
# - {name: sdss_r, datatype: float64}
# - {name: sdss_u, datatype: float64}
# - {name: sdss_z, datatype: float64}
# - {name: ATLAS_c, datatype: float64}
# - {name: ATLAS_o, datatype: float64}
# - {name: ukirt_H, datatype: float64}
# - {name: ukirt_J, datatype: float64}
# - {name: ukirt_K, datatype: float64}
# - {name: Clear, datatype: float64}
# meta: !!omap
# - comment: [kappa = 3.65, type = rprocess, mass = 0.003465724215782086, velocity = 0.061333333333333344, theta_obs = 0.0, tfloor = 1000.0]
# schema: astropy-2.0
time PS1_g PS1_i PS1_r PS1_w PS1_y PS1_z swift_uvot_B swift_uvot_U swift_uvot_uvm2 swift_uvot_uvw1 swift_uvot_uvw2 swift_uvot_V johnson_B johnson_I johnson_R johnson_U johnson_V sdss_g sdss_i sdss_r sdss_u sdss_z ATLAS_c ATLAS_o ukirt_H ukirt_J ukirt_K Clear
0.06012024048096192 -9.405444113130397 -8.889000429969016 -9.141324428455437 -9.20973476235405 -8.503132621314702 -8.669656767283822 -9.370844498381736 -10.618889941650362 -11.128178093902651 -10.997229565983044 -10.988640816682377 -9.287938525605714 -9.379961341828874 -9.232088585668816 -9.297540621486508 -10.352183687285052 -9.294436416026953 -9.434011960356017 -8.904928608889833 -9.143688069835232 -9.598032695858674 -8.631837777001863 -9.327188054919766 -9.058058642561075 -7.5605329845866 -8.092748984016465 -7.0507614384379185 -9.132220979910759
0.12024048096192384 -10.293582791270381 -9.926740490593513 -10.123521606841166 -10.159770229871494 -9.59293550311374 -9.739647540202654 -10.213735771195253 -11.332305912207925 -11.472324737885277 -11.458562276231277 -11.222140479369646 -10.228099898286846 -10.22534344020935 -10.284421245892805 -10.292325083424398 -11.091508388353859 -10.236774945756489 -10.309073564885676 -9.94128058052894 -10.125986108743614 -10.331452819426072 -9.706610015312105 -10.24627726266166 -10.061191746313511 -8.72015527773902 -9.22019573628189 -8.232324565748497 -10.091336679573697
0.18036072144288576 -10.73482401224652 -10.485465025318579 -10.638520086380119 -10.651928990723754 -10.192591969693972 -10.323735957706042 -10.618969134475453 -11.63626877342045 -11.494374341605681 -11.577239489933255 -11.169531410075923 -10.709706188889811 -10.632768464175854 -10.854667198734724 -10.817424400210058 -11.415491216649915 -10.720272670969118 -10.74001138052747 -10.498909178462803 -10.640990028644346 -10.650609279159635 -10.294495413099902 -10.71255357086212 -10.593030876379181 -9.374315049349258 -9.849342890929778 -8.903430319566484 -10.591696631488894
0.24048096192384769 -11.036869349435356 -10.878663269841962 -10.99768973340101 -10.994869472954925 -10.617662040739049 -10.73668268196844 -10.89283806077032 -11.83201417160939 -11.476510958784537 -11.636491721707536 -11.10136705398649 -11.04273386584443 -10.90848467735768 -11.256861822108625 -11.1845731223601 -11.626526217624892 -11.054882244753548 -11.034054351920197 -10.891251937305277 -11.000117320976717 -10.857796960146082 -10.710423324052876 -11.034458190839018 -10.965526846996614 -9.841669859257534 -10.297344804199005 -9.383840796421799 -10.941654348823562
0.3006012024048096 -11.25410803143069 -11.17408747761342 -11.263841047307732 -11.24814667797219 -10.940538240565711 -11.049113042712015 -11.085761039498198 -11.958297144397534 -11.423018862453315 -11.650444310730013 -11.01009642475493 -11.286298980961462 -11.103096506858211 -11.56005048489557 -11.457672595427539 -11.765743916559483 -11.299885931937437 -11.244427776429227 -11.185938115147565 -11.266198931168585 -10.993647745656716 -11.025439542434867 -11.2690322339237 -11.243297727850816 -10.20089660889372 -10.639965980968762 -9.754236052250478 -11.20140644289565
0.3607214428857715 -11.41635846310761 -11.406412672368216 -11.469856864336538 -11.443447000477747 -11.197575251231573 -11.29674237366677 -11.226110923771639 -12.039226440633133 -11.345386429964094 -11.634215543062858 -10.902855021689305 -11.471943620642683 -11.245043330991077 -11.7993763883361 -11.670000636452553 -11.85812353106342 -11.486885289677938 -11.400525997328224 -11.417598192923233 -11.472125510379545 -11.082959263457877 -11.275411400395559 -11.447055859109625 -11.459880512019254 -10.490621696238945 -10.914780266660332 -10.053966203718064 -11.402867078491052
0.42084168336673344 -11.541198253583307 -11.595423064936732 -11.634710626546383 -11.599170479830274 -11.409315255196102 -11.49982452332468 -11.330811017289115 -12.0897692594348 -11.252732693907749 -11.598565972366561 -10.78664802402438 -11.618036627893737 -11.351275912893048 -11.994834674012964 -11.840707229663085 -11.919034762720308 -11.634273953688455 -11.519733565323094 -11.605996303681856 -11.63687496404517 -11.141020106703579 -11.480660857273648 -11.586535890018563 -11.63454044820666 -10.732413424462466 -11.142879824988066 -10.304927703036897 -11.564526933365897
0.48096192384769537 -11.639022062233071 -11.752894789234656 -11.769671663088364 -11.726228660911833 -11.588007085956953 -11.670428633683514 -11.409844816557683 -12.11868039333094 -11.150160291940669 -11.549645443267309 -10.665270799271202 -11.735468546736946 -11.431795120315357 -12.15833314865365 -11.981172229867749 -11.957485019499298 -11.752958082853214 -11.612323960767625 -11.762896043820632 -11.771719385305985 -11.176786446559941 -11.653299539132611 -11.698136514709052 -11.778729544434636 -10.939158800616758 -11.336855812096383 -10.520211179823951 -11.697354982596213
0.5410821643286573 -11.716538044651728 -11.886443794510075 -11.882023608016468 -11.831667639657795 -11.7415758899687 -11.816362396415716 -11.46964984617875 -12.13158673151213 -11.040893488960254 -11.491373953585864 -10.541083624417244 -11.831274422203563 -11.49304970353269 -12.297573918681028 -12.098751600958579 -11.979268000200467 -11.849982801850201 -11.684925535540334 -11.895905155855555 -11.883944304806722 -11.196018243373178 -11.801162878980183 -11.788742584335203 -11.899850916157941 -11.119199624713099 -11.504856932306529 -10.708291281337717 -11.808434096711782
0.6012024048096192 -11.77784602378857 -12.000952596700625 -11.976360936301589 -11.919897728904818 -11.875172597663823 -11.942674738612471 -11.514089446625714 -12.131659741171532 -10.926105654119084 -11.42555290115185 -10.414623208351784 -11.909831147405178 -11.538914750826045 -12.417514634458506 -12.19810420082598 -11.987695407529532 -11.929735301942655 -11.741569234002132 -12.009899003991826 -11.978145180271191 -11.201996726090986 -11.92932424399725 -11.862612271008413 -12.002605720373367 -11.278046683434313 -11.652227878932953 -10.874792347181915 -11.902215327064809
0.6613226452905812 -11.826095740398213 -12.10006679609931 -12.056147608774701 -11.99425911232698 -11.992611571025495 -12.053115936272167 -11.54616412774 -12.12145775221357 -10.807067615977179 -11.353849268328045 -10.286727814403672 -11.974465895010084 -11.57239758810356 -12.521848061409575 -12.282734103021948 -11.985415863889461 -11.995548764036348 -11.785361076009995 -12.108518696963682 -12.057786810986943 -11.197351537945881 -12.041549166208032 -11.922993798207884 -12.090524226580452 -11.419740808075465 -11.782904785833706 -11.023826975138851 -11.982061609629842
0.721442885771543 -11.863615528560558 -12.186484339242174 -12.12394636881994 -12.057221736424388 -12.096716184193887 -12.15046175060909 -11.568090835410853 -12.102867359548402 -10.684706807804488 -11.277489068621591 -10.158003940951378 -12.027639493005797 -11.59572023843014 -12.613307212667088 -12.355233914995598 -11.974383425088295 -12.049888475832676 -11.818596758359234 -12.194458841671256 -12.125432577156854 -11.184022551855488 -12.14062474304411 -11.972288867204863 -12.166218507735387 -11.547273544424018 -11.89980146377623 -11.15843998919267 -12.050459641380833
0.781563126252505 -11.891955816589235 -12.262110095776588 -12.181531443634057 -12.110481906333455 -12.189513030002583 -12.236692505927778 -11.581311748648126 -12.077018259662218 -10.559268693121883 -11.197017184170459 -10.028447072317665 -12.071026703328364 -11.610330882545114 -12.693831146646144 -12.417407653438783 -11.955790501253116 -12.094434362133535 -11.842795428002955 -12.269621056236684 -12.18285695558258 -11.163187899855576 -12.228542506316735 -12.012121440606887 -12.23151215846265 -11.66283421791112 -12.005032314168831 -11.28087174919697 -12.109126590632737
0.8416833667334669 -11.91246719151879 -12.328525777523005 -12.230399952097812 -12.15548077139859 -12.272662293291638 -12.313438588828394 -11.587107316870703 -12.044984503428662 -10.431235392443611 -11.113110119360776 -9.898355833798224 -12.106060539932113 -11.617513447893074 -12.76502356277333 -12.470771392157822 -11.930753043529425 -12.130622440910662 -11.859287219989998 -12.33558496021141 -12.231557381431415 -11.13595446364993 -12.306939993016766 -12.043888730370202 -12.287933582791162 -11.76818813681466 -12.100314114541744 -11.392920766908235 -12.159514987136859
0.9018036072144289 -11.926065911946075 -12.386883086221872 -12.271616616279832 -12.193234480226511 -12.347396864018592 -12.38190200001279 -11.586321331733622 -12.00740299522339 -10.300666243596467 -11.026034690355146 -9.767646506639082 -12.13373910554757 -11.618116139812646 -12.828059023008624 -12.516410061817115 -11.899949139850047 -12.159454558574366 -11.868967586433232 -12.393500084014537 -12.27259861968653 -11.10299059447824 -12.377026762858403 -12.068556906149368 -12.336580977113396 -11.864676755282682 -12.186938404588544 -11.495962425994025 -12.20265622117127
0.9619238476953907 -11.933531868283254 -12.438139841780398 -12.306073651117213 -12.224597854235775 -12.41473576142095 -12.443078470105036 -11.579678894432412 -11.964841805386879 -10.167690359729797 -10.93607977126485 -9.636341387285924 -12.154904337757674 -11.612867403762767 -12.883912578997691 -12.555231147623893 -11.863978175391285 -12.181775473241226 -11.872600668543107 -12.444322611752678 -12.306872925424006 -11.06488831726896 -12.439804251377478 -12.086943495392717 -12.378371793567133 -11.953401075224493 -12.265968463611772 -11.591123406485798 -12.239416335378905
1.0220440881763526 -11.935563970667769 -12.483121284769965 -12.33455001509693 -12.250320964301586 -12.47554724046454 -12.497819895224023 -11.567840171563912 -11.917848278197436 -10.032536523880506 -10.843589169078083 -9.504586476555609 -12.170299816580005 -11.602429626659724 -12.933421563925666 -12.588024275255549 -11.823410200279422 -12.198330628795569 -11.870874160837293 -12.488876636199482 -12.335159347548554 -11.022212545892689 -12.49612834105843 -12.099773585133722 -12.41410253496392 -12.035287131377038 -12.33830367459534 -11.679347961754496 -12.270552358430944
1.0821643286573146 -11.932591562500754 -12.522411725074765 -12.357572336326399 -12.270903748808983 -12.530469835412994 -12.54674411755575 -11.551186037416993 -11.866668556369628 -9.895084646392668 -10.748591461573938 -9.372203107261704 -12.180407434759381 -11.58718727543253 -12.977185634356704 -12.615330075721253 -11.778517658811218 -12.209604896767344 -11.864203699700298 -12.527745014552227 -12.357984338931338 -10.975228943815605 -12.546622059586827 -12.10751107217746 -12.444323009497538 -12.111046183081607 -12.404621949100017 -11.761369929350474 -12.296576532203307
1.1422845691382766 -11.925051160863482 -12.55655272627708 -12.375643336830127 -12.286828931589628 -12.580081522041429 -12.59041521761267 -11.53012024893065 -11.81161380248632 -9.75539132455133 -10.651247140727413 -9.239204781594989 -12.185699830320111 -11.567546460026396 -13.015756646977145 -12.637660663854763 -11.729629965268568 -12.216072848104458 -11.853016476150522 -12.561468337011608 -12.375850544490472 -10.924262385636805 -12.591852962779218 -12.110615506382167 -12.46955139199791 -12.181305278690003 -12.465527768058278 -11.83783171452477 -12.317979093578941
1.2024048096192383 -11.913299997014732 -12.58599482394322 -12.38917896644054 -12.298495823819238 -12.62486535678038 -12.629303823946376 -11.504970761039026 -11.752929952169975 -9.613478956486027 -10.551674558004738 -9.105584399430228 -12.18656603057741 -11.543837398631553 -13.049594348501518 -12.655440508875426 -11.67700911278412 -12.218125353425096 -11.837661432447781 -12.590496269603264 -12.389173796892887 -10.869570744762598 -12.632294818702743 -12.109464970318626 -12.490217629905338 -12.246591412063024 -12.521527930716479 -11.909274044047303 -12.33516650743196
1.2625250501002003 -11.897573494704172 -12.611076725239538 -12.39847924248691 -12.306189901603002 -12.665196731780348 -12.66377127300931 -11.475940170261484 -11.690730329805472 -9.46922343859191 -10.449859863653241 -8.971205181492849 -12.183275652406753 -11.516265598216048 -13.079047879864795 -12.668979489132052 -11.620785544329959 -12.216034390266033 -11.818364838292172 -12.615166536662663 -12.398253852039822 -10.811279686838695 -12.668312579929442 -12.104319075855674 -12.506637997551096 -12.307329569896373 -12.57302470501587 -11.976137269898588 -12.348433834726311
1.3226452905811623 -11.878132053405288 -12.63212863307162 -12.40384840033105 -12.310204478908524 -12.701430437489805 -12.69416292434963 -11.443266684769064 -11.625191828466512 -9.322636961470202 -10.345894655071675 -8.83607230320344 -12.176112488247341 -11.485071258409118 -13.104454436357795 -12.678588515880122 -11.561148011594177 -12.210085340869055 -11.795380874344037 -12.63580868420176 -12.4033947788236 -10.749574739156103 -12.700254044135892 -12.095454434519901 -12.519127636308571 -12.363908059769313 -12.620390991288149 -12.038820186293558 -12.358080388002364
1.3827655310621243 -11.85517987348538 -12.649422609744203 -12.405533119792445 -12.310777092826939 -12.733862699656981 -12.720765716187046 -11.407132739030256 -11.5564377061032 -9.173686074302235 -10.239825965296383 -8.700155001180118 -12.165303096034219 -11.45043894498086 -13.126092971532987 -12.684520962524577 -11.49823107904804 -12.200506455908966 -11.76890769669999 -12.65269412859718 -12.404843037195086 -10.684587233278098 -12.728408583542397 -12.083091478621224 -12.52794415821663 -12.416656136739304 -12.663940881220233 -12.097662349545855 -12.364350167047924
1.442885771543086 -11.82886553343037 -12.663176534488318 -12.403725181186473 -12.3080919837866 -12.762736400949777 -12.743812899354836 -11.367664469998441 -11.484534256068883 -9.022281207063262 -10.131649527753748 -8.563377040269827 -12.151018416443115 -11.412497189819607 -13.144188516648835 -12.686975675216125 -11.432112307559354 -12.187470572365731 -11.739087717145562 -12.6660400801768 -12.40279011570843 -10.616391317446183 -12.75301200869455 -12.067395912130934 -12.533290892371927 -12.46585094209079 -12.703935814980001 -12.15295153949892 -12.367434781316486
1.503006012024048 -11.799331574762668 -12.67358977833636 -12.398602556564935 -12.302321365088265 -12.78827148802515 -12.763516474555825 -11.324985880223625 -11.4095561619102 -8.868369195275697 -10.021387320567907 -8.425703657382954 -12.133419213255571 -11.371372115381288 -13.158946341722839 -12.686136575019315 -11.36287562719388 -12.171140112836392 -11.706058403905839 -12.676045360368668 -12.397413711144285 -10.545068056201963 -12.774278462406272 -12.048524578250088 -12.535355472483953 -12.511740841502375 -12.740611115850447 -12.204944984712006 -12.367512661758333
1.56312625250501 -11.766666066343454 -12.680813372098978 -12.390292366698805 -12.293587842359006 -12.810642138080528 -12.780041662534245 -11.279164307150548 -11.331516843612892 -8.711826321885127 -9.909000674290915 -8.28704081166578 -12.112613255805293 -11.327133602914351 -13.170524132013483 -12.68213758344314 -11.290544394265602 -12.151624839482905 -11.669902217192174 -12.682860380944287 -12.388840575420712 -10.470637529162605 -12.7923756088523 -12.02658192078669 -12.534276093965673 -12.554532004403034 -12.774158304853527 -12.253858770970892 -12.364714102949907
1.6232464929859718 -11.73101478621053 -12.685026041189449 -12.378961009410165 -12.2820547624546 -12.830039037653549 -12.793574493091544 -11.230334544597735 -11.250521714625545 -8.55268232250355 -9.79457411519574 -8.147442066854328 -12.08875679514507 -11.27991796351877 -13.179104067063918 -12.675148826948767 -11.215229502227235 -12.129082147930282 -11.630761953472692 -12.686663549960944 -12.377236887596919 -10.393208853215956 -12.80749079223165 -12.001722402800272 -12.530225058363786 -12.594432134462624 -12.804777224979807 -12.299906015648856 -12.35920616392269
1.6833667334669338 -11.692430519395423 -12.686336020423958 -12.364695536661028 -12.267806903761027 -12.846591115700043 -12.804235852626995 -11.178530833395001 -11.16655770674468 -8.39080624458012 -9.678059258430078 -8.006817256107798 -12.061919508478304 -11.229762001079674 -13.184800360168538 -12.66526367715133 -11.136926442893433 -12.103583701365357 -11.588685446874205 -12.687562549347167 -12.362689288937503 -10.31277448675512 -12.819747149386256 -11.974013885706913 -12.523299645960808 -12.631599053623395 -12.832612468078677 -12.343253506683867 -12.351081116848945
