web/models/kne/1/mosfit_kn_0.001862_0.2963_10.0000.dat
# %ECSV 1.0
# ---
# datatype:
# - {name: time, datatype: float64}
# - {name: PS1_g, datatype: float64}
# - {name: PS1_i, datatype: float64}
# - {name: PS1_r, datatype: float64}
# - {name: PS1_w, datatype: float64}
# - {name: PS1_y, datatype: float64}
# - {name: PS1_z, datatype: float64}
# - {name: swift_uvot_B, datatype: float64}
# - {name: swift_uvot_U, datatype: float64}
# - {name: swift_uvot_uvm2, datatype: float64}
# - {name: swift_uvot_uvw1, datatype: float64}
# - {name: swift_uvot_uvw2, datatype: float64}
# - {name: swift_uvot_V, datatype: float64}
# - {name: johnson_B, datatype: float64}
# - {name: johnson_I, datatype: float64}
# - {name: johnson_R, datatype: float64}
# - {name: johnson_U, datatype: float64}
# - {name: johnson_V, datatype: float64}
# - {name: sdss_g, datatype: float64}
# - {name: sdss_i, datatype: float64}
# - {name: sdss_r, datatype: float64}
# - {name: sdss_u, datatype: float64}
# - {name: sdss_z, datatype: float64}
# - {name: ATLAS_c, datatype: float64}
# - {name: ATLAS_o, datatype: float64}
# - {name: ukirt_H, datatype: float64}
# - {name: ukirt_J, datatype: float64}
# - {name: ukirt_K, datatype: float64}
# - {name: Clear, datatype: float64}
# meta: !!omap
# - comment: [kappa = 10.0, type = rprocess, mass = 0.001861645566637777, velocity = 0.29633333333333334, theta_obs = 0.0, tfloor = 1000.0]
# schema: astropy-2.0
time PS1_g PS1_i PS1_r PS1_w PS1_y PS1_z swift_uvot_B swift_uvot_U swift_uvot_uvm2 swift_uvot_uvw1 swift_uvot_uvw2 swift_uvot_V johnson_B johnson_I johnson_R johnson_U johnson_V sdss_g sdss_i sdss_r sdss_u sdss_z ATLAS_c ATLAS_o ukirt_H ukirt_J ukirt_K Clear
[from data line 384]
23.14629258517034 15.622919040716834 6.741090227517557 10.216161005555406 8.24823719405142 3.2179001789923056 4.635576143839426 19.16282561728132 25.82176971517624 39.71036501920541 21.787352247250798 24.300368753730442 13.582435733587637 17.95888830031513 5.187576921095606 8.157609687820607 24.790768535924492 12.627413398418883 16.435459142031288 6.822346179630543 10.44464966505183 26.322875245351067 4.062148531817424 12.195237575298048 7.742825050688253 -1.7310871989231897 0.4184020965665005 -3.0913758793963786 5.962343150290081
23.206412825651302 15.634912640290324 6.7530838270910465 10.228154605128896 8.26023079362491 3.2298937785657778 4.647569743412916 19.17481921685481 25.83376331474973 39.722358618778905 21.79934584682428 24.312362353303932 13.59442933316111 17.97088189988862 5.199570520669096 8.169603287394096 24.80276213549798 12.639406997992372 16.447452741604778 6.834339779204033 10.45664326462532 26.334868844924557 4.074142131390914 12.207231174871538 7.754818650261743 -1.7190935993496999 0.4303956961399904 -3.0793822798228887 5.974336749863554
23.266533066132265 15.646879238242981 6.765050425043704 10.240121203081536 8.27219739157755 3.241860376518435 4.659536341365573 19.186785814807468 25.84572991270238 39.734325216731555 21.811312444776938 24.32432895125659 13.606395931113767 17.982848497841278 5.211537118621753 8.181569885346754 24.81472873345063 12.651373595945012 16.459419339557417 6.84630637715669 10.468609862577978 26.346835442877207 4.086108729343572 12.219197772824177 7.766785248214401 -1.7071270013970603 0.44236229409262995 -3.0674156818702314 5.986303347816211
23.326653306613224 15.658818947019704 6.776990133820409 10.252060911858258 8.284137100354272 3.2538000852951576 4.671476050142278 19.198725523584173 25.857669621479094 39.74626492550828 21.82325215355365 24.3362686600333 13.61833563989049 17.994788206617983 5.223476827398476 8.193509594123459 24.82666844222735 12.663313304721735 16.47135904833414 6.858246085933413 10.4805495713547 26.35877515165392 4.098048438120294 12.2311374816009 7.778724956991123 -1.6951872926203377 0.4543020028693525 -3.055475973093509 5.998243056592933
23.386773547094187 15.670731875802879 6.788903062603584 10.263973840641434 8.296050029137447 3.265713014078333 4.6833889789254535 19.210638452367366 25.86958255026227 39.75817785429145 21.835165082336825 24.348181588816477 13.630248568673665 18.00670113540116 5.235389756181651 8.205422522906634 24.838581371010527 12.67522623350491 16.483271977117315 6.870159014716588 10.492462500137876 26.370688080437095 4.10996136690347 12.243050410384075 7.790637885774299 -1.6832743638371623 0.4662149316525279 -3.0435630443103334 6.010155985376109
23.44689378757515 15.682618139070836 6.800789325871541 10.275860103909391 8.307936292405405 3.2775992773462903 4.695275242193411 19.222524715635306 25.881468813530226 39.7700641175594 21.847051345604786 24.360067852084438 13.642134831941622 18.018587398669116 5.247276019449591 8.217308786174591 24.850467634278484 12.687112496772867 16.495158240385273 6.882045277984545 10.504348763405815 26.382574343705052 4.121847630171427 12.254936673652033 7.802524149042256 -1.671388100569205 0.4781011949204852 -3.031676781042376 6.022042248644066
23.507014028056112 15.694477845819641 6.812649032620364 10.287719810658214 8.319795999154227 3.2894589840951127 4.707134948942233 19.234384422384128 25.89332852027905 39.78192382430822 21.85891105235361 24.37192755883326 13.653994538690444 18.030447105417938 5.259135726198413 8.229168492923414 24.862327341027296 12.69897220352169 16.507017947134095 6.89390498473335 10.516208470154638 26.394434050453874 4.1337073369202315 12.266796380400855 7.8143838557910605 -1.6595283938203826 0.4899609016693076 -3.0198170742935715 6.0339019553928885
23.567134268537075 15.706311107030366 6.824482293831089 10.299553071868939 8.331629260364952 3.301292245305838 4.718968210152958 19.246217683594853 25.905161781489774 39.79375708551895 21.870744313564334 24.383760820043985 13.66582779990117 18.042280366628663 5.270968987409138 8.241001754134139 24.87416060223802 12.710805464732415 16.51885120834482 6.905738245944075 10.528041731365363 26.4062673116646 4.1455405981309745 12.27862964161158 7.826217117001786 -1.6476951326096574 0.5017941628800329 -3.0079838130828462 6.045735216603614
23.627254509018034 15.71811803048126 6.836289217281983 10.311359995319815 8.343436183815829 3.3130991687567146 4.730775133603853 19.258024607045748 25.916968704940658 39.80556400896983 21.882551237015218 24.39556774349487 13.677634723352046 18.054087290079558 5.282775910860033 8.252808677585033 24.88596752568891 12.722612388183292 16.530658131795697 6.91754516939497 10.539848654816257 26.418074235115483 4.157347521581851 12.290436565062457 7.83802404045268 -1.6358882091587807 0.5136010863309095 -2.996176889631952 6.05754214005449
23.687374749498996 15.729898724203757 6.84806991100448 10.32314068904233 8.355216877538343 3.324879862479211 4.742555827326349 19.269805300768244 25.928749398663165 39.81734470269234 21.894331930737714 24.407348437217365 13.689415417074542 18.065867983802054 5.294556604582529 8.26458937130753 24.89774821941141 12.734393081905806 16.54243882551821 6.929325863117466 10.551629348538754 26.42985492883799 4.169128215304347 12.302217258784971 7.849804734175176 -1.6241075154362667 0.5253817800534235 -2.9843961959094556 6.069322833776987
23.74749498997996 15.741653297870446 6.859824484671169 10.334895262709 8.366971451205014 3.3366344361459 4.754310400993038 19.281559874434933 25.940503972329843 39.82909927635902 21.906086504404403 24.419103010884047 13.701169990741231 18.077622557468743 5.306311178249218 8.276343944974201 24.909502793078094 12.746147655572477 16.554193399184882 6.941080436784155 10.563383922205443 26.44160950250467 4.1808827889710365 12.313971832451642 7.8615593078418655 -1.6123529417695954 0.5371363537200948 -2.9726416222427665 6.081077407443676
23.80761523046092 15.75338185777241 6.871553044573133 10.346623822610965 8.378700011106979 3.3483629960478645 4.766038960895003 19.293288434336898 25.95223253223181 39.84082783626098 21.917815064306367 24.43083157078602 13.712898550643196 18.089351117370708 5.318039738151183 8.288072504876165 24.921231352980058 12.757876215474441 16.565921959086847 6.9528089966861195 10.575112482107407 26.453338062406637 4.192611348873001 12.325700392353607 7.87328786774383 -1.600624381867631 0.5488649136220594 -2.960913062340802 6.09280596734564
23.867735470941884 15.76508451139551 6.883255698196233 10.358326476234065 8.390402664730079 3.3600656496709647 4.777741614518103 19.304991087959998 25.963935185854908 39.85253048988408 21.92951771792946 24.442534224409112 13.724601204266296 18.10105377099379 5.329742391774283 8.299775158499266 24.93293400660316 12.769578869097542 16.577624612709947 6.96451165030922 10.586815135730507 26.465040716029733 4.204314002496101 12.337403045976707 7.88499052136693 -1.5889217282445307 0.5605675672451595 -2.949210408717702 6.1045086209687405
23.927855711422843 15.776761365564944 6.894932552365667 10.370003330403517 8.40207951889953 3.371742503840398 4.789418468687536 19.31666794212943 25.975612040024345 39.864207344053526 21.9411945720989 24.454211078578552 13.73627805843573 18.11273062516324 5.341419245943716 8.311452012668717 24.9446108607726 12.781255723266993 16.589301466879398 6.976188504478653 10.59849198989994 26.47671757019917 4.215990856665535 12.349079900146158 7.896667375536364 -1.5772448740750795 0.5722444214146107 -2.9375335545482684 6.116185475138174
23.987975951903806 15.78841252473877 6.9065837115394935 10.381654489577343 8.413730678073357 3.3833936630142425 4.801069627861363 19.328319101303258 25.98726319919818 39.87585850322735 21.952845731272735 24.465862237752386 13.747929217609574 18.124381784337068 5.353070405117543 8.323103171842543 24.95626201994643 12.79290688244082 16.600952626053225 6.98783966365248 10.610143149073767 26.488368729373004 4.227642015839361 12.360731059319985 7.90831853471019 -1.5655937149012529 0.5838955805884374 -2.9258823953744417 6.127836634312018
24.04809619238477 15.800038092047846 6.918209278848568 10.3932800568864 8.425356245382414 3.3950192303232996 4.812695195170438 19.339944668612333 25.998888766507243 39.887484070536416 21.964471298581795 24.477487805061447 13.759554784918631 18.136007351646125 5.364695972426618 8.3347287391516 24.967887587255493 12.804532449749876 16.612578193362282 6.999465230961555 10.621768716382842 26.49999429668207 4.239267583148436 12.372356626629042 7.919944102019265 -1.5539681475921958 0.5955211478974944 -2.914256828065367 6.139462201621075
24.10821643286573 15.811638175950868 6.929809362751573 10.404880140789423 8.436956329285437 3.4066193142263224 4.824295279073443 19.351544752515355 26.01048885041026 39.89908415443944 21.976071382484815 24.489087888964466 13.771154868821654 18.147607435549148 5.3762960563296405 8.346328823054623 24.979487671158516 12.8161325336529 16.624178277265305 7.011065314864577 10.633368800285865 26.511594380585084 4.250867667051459 12.383956710532065 7.931544185922288 -1.542368063689173 0.6071212318005172 -2.902656744162344 6.151062285524098
24.168336673346694 15.823212876959474 6.9413840637601965 10.416454841798028 8.44853103029406 3.4181940152349277 4.835869980082066 19.36311945352396 26.022063551418874 39.91065885544804 21.98764608349343 24.500662589973082 13.78272956983026 18.15918213655777 5.387870757338246 8.357903524063246 24.99106237216713 12.827707234661505 16.63575297827391 7.022640015873183 10.64494350129447 26.5231690815937 4.262442368060064 12.395531411540688 7.943118886930893 -1.5307933626805676 0.6186959328091226 -2.8910820431537387 6.1626369865327035
24.228456913827653 15.834762298762133 6.952933485562838 10.428004263600688 8.460080452096701 3.4297434370375868 4.847419401884707 19.374668875326602 26.033612973221523 39.922208277250704 21.999195505296083 24.512212011775734 13.794278991632918 18.170731558360412 5.399420179140887 8.369452945865888 25.00261179396978 12.839256656464164 16.64730240007657 7.034189437675842 10.656492923097112 26.53471850339635 4.273991789862723 12.40708083334333 7.954668308733552 -1.5192439408779086 0.6302453546117817 -2.8795326213510797 6.174186408335363
24.288577154308616 15.846286547722084 6.9644577345228065 10.439528512560656 8.47160470105667 3.4412676859975555 4.858943650844676 19.38619312428657 26.04513722218149 39.93373252621066 22.010719754256048 24.523736260735692 13.805803240592887 18.18225580732038 5.410944428100856 8.380977194825856 25.014136042929742 12.850780905424132 16.658826649036538 7.045713686635793 10.66801717205708 26.546242752356317 4.285516038822674 12.418605082303298 7.966192557693503 -1.5077196919179399 0.6417696035717504 -2.8680083723911287 6.185710657295331
24.34869739478958 15.857785721421962 6.975956908222685 10.451027686260517 8.48310387475653 3.452766859697416 4.870442824544554 19.39769229798645 26.056636395881362 39.94523169991053 22.02221892795592 24.53523543443557 13.817302414292747 18.19375498102026 5.422443601800734 8.392476368525735 25.02563521662961 12.862280079123993 16.670325822736398 7.057212860335671 10.679516345756959 26.557741926056188 4.2970152125225525 12.430104256003158 7.9776917313933815 -1.4962205182180794 0.6532687772716108 -2.8565091986912505 6.197209830995192
24.40881763527054 15.86925992269089 6.987431109491613 10.462501887529445 8.494578076025476 3.4642410609663443 4.8819170258134825 19.409166499255377 26.068110597150287 39.95670590117947 22.033693129224847 24.5467096357045 13.828776615561676 18.205229182289187 5.433917803069662 8.403950569794663 25.03710941789855 12.873754280392939 16.681800024005344 7.068687061604599 10.690990547025887 26.569216127325113 4.308489413791481 12.441578457272104 7.98916593266231 -1.484746316949151 0.6647429785405392 -2.845034997422322 6.20868403226412
24.468937875751504 15.880709254216914 6.998880441017619 10.473951219055468 8.506027407551482 3.4756903924923677 4.893366357339488 19.4206158307814 26.079559928676304 39.968155232705485 22.045142460750863 24.558158967230515 13.8402259470877 18.216678513815193 5.445367134595686 8.415399901320669 25.04855874942456 12.885203611918945 16.69324935553135 7.080136393130623 10.70243987855191 26.58066545885113 4.319938745317504 12.45302778879811 8.000615264188333 -1.4732969854231277 0.6761923100665626 -2.833585665896299 6.2201333637901435
24.529058116232463 15.892133817055214 7.010305003855937 10.485375781893786 8.5174519703898 3.4871149553306857 4.904790920177806 19.4320403936197 26.09098449151462 39.97957979554379 22.056567023589178 24.569583530068822 13.851650509926017 18.22810307665351 5.456791697433986 8.426824464158987 25.059983312262872 12.896628174757263 16.704673918369668 7.091560955968923 10.71386444139021 26.592090021689447 4.3313633081558045 12.464452351636428 8.012039827026634 -1.4618724225848096 0.6876168729048806 -2.8221611030579985 6.231557926628444
24.589178356713425 15.903533710288702 7.021704897089425 10.496775675127257 8.52885186362327 3.498514848564156 4.916190813411294 19.44344028685319 26.1023843847481 39.99097968877727 22.06796691682266 24.58098342330231 13.863050403159487 18.239502969887 5.468191590667474 8.438224357392475 25.07138320549635 12.908028067990733 16.716073811603138 7.102960849202411 10.725264334623699 26.603489914922925 4.3427632013892925 12.475852244869898 8.023439720260122 -1.4504725293513394 0.6990167661383508 -2.8107612098245105 6.242957819861932
24.649298597194388 15.91490903336286 7.033080220163583 10.508150998201433 8.540227186697447 3.5098901716383146 4.927566136485453 19.454815609927348 26.11375970782226 40.00235501185144 22.079342239896818 24.59235874637647 13.874425726233646 18.250878292961158 5.479566913741633 8.449599680466633 25.082758528570515 12.91940339106491 16.727449134677315 7.11433617227657 10.736639657697857 26.614865237997087 4.354138524463451 12.487227567944075 8.03481504333428 -1.439097206277163 0.7103920892125095 -2.799385886750352 6.25433314293609
24.70941883767535 15.926259883715765 7.04443107051647 10.51950184855432 8.551578037050334 3.5212410219912194 4.93891698683834 19.466166460280235 26.125110558175155 40.013705862204326 22.09069309024971 24.603709596729363 13.88577657658655 18.262229143314045 5.49091776409452 8.46095053081952 25.094109378923413 12.930754241417796 16.7387999850302 7.125687022629474 10.747990508050744 26.62621608834998 4.365489374816356 12.498578418296962 8.046165893687185 -1.427746355924276 0.7217429395654142 -2.788035036397447 6.265683993288995
24.769539078156313 15.937586359034572 7.055757545835277 10.530828323873127 8.56290451236914 3.5325674973100263 4.950243462157147 19.47749293559904 26.136437033493962 40.02503233752314 22.102019565568522 24.615036072048174 13.897103051905358 18.27355561863285 5.502244239413344 8.472277006138327 25.10543585424222 12.942080716736603 16.75012646034901 7.137013497948281 10.759316983369569 26.637542563668788 4.376815850135163 12.509904893615769 8.057492369005992 -1.416419880605469 0.7330694148842212 -2.77670856107864 6.277010468607802
24.829659318637272 15.94888855747806 7.067059744278765 10.542130522316615 8.574206710812629 3.5438696957535143 4.961545660600635 19.48879513404253 26.14773923193745 40.03633453596663 22.11332176401201 24.62633827049166 13.908405250348846 18.28485781707634 5.513546437856815 8.483579204581815 25.116738052685708 12.953382915180091 16.761428658792497 7.148315696391769 10.770619181813057 26.648844762112276 4.388118048578651 12.521207092059257 8.06879456744948 -1.405117682161981 0.7443716133277092 -2.765406362635152 6.28831266705129
