web/models/kne/1/mosfit_kn_0.002817_0.5000_3.6500.dat
# %ECSV 1.0
# ---
# datatype:
# - {name: time, datatype: float64}
# - {name: PS1_g, datatype: float64}
# - {name: PS1_i, datatype: float64}
# - {name: PS1_r, datatype: float64}
# - {name: PS1_w, datatype: float64}
# - {name: PS1_y, datatype: float64}
# - {name: PS1_z, datatype: float64}
# - {name: swift_uvot_B, datatype: float64}
# - {name: swift_uvot_U, datatype: float64}
# - {name: swift_uvot_uvm2, datatype: float64}
# - {name: swift_uvot_uvw1, datatype: float64}
# - {name: swift_uvot_uvw2, datatype: float64}
# - {name: swift_uvot_V, datatype: float64}
# - {name: johnson_B, datatype: float64}
# - {name: johnson_I, datatype: float64}
# - {name: johnson_R, datatype: float64}
# - {name: johnson_U, datatype: float64}
# - {name: johnson_V, datatype: float64}
# - {name: sdss_g, datatype: float64}
# - {name: sdss_i, datatype: float64}
# - {name: sdss_r, datatype: float64}
# - {name: sdss_u, datatype: float64}
# - {name: sdss_z, datatype: float64}
# - {name: ATLAS_c, datatype: float64}
# - {name: ATLAS_o, datatype: float64}
# - {name: ukirt_H, datatype: float64}
# - {name: ukirt_J, datatype: float64}
# - {name: ukirt_K, datatype: float64}
# - {name: Clear, datatype: float64}
# meta: !!omap
# - comment: [kappa = 3.65, type = rprocess, mass = 0.0028172691138521437, velocity = 0.5, theta_obs = 0.0, tfloor = 1000.0]
# schema: astropy-2.0
time PS1_g PS1_i PS1_r PS1_w PS1_y PS1_z swift_uvot_B swift_uvot_U swift_uvot_uvm2 swift_uvot_uvw1 swift_uvot_uvw2 swift_uvot_V johnson_B johnson_I johnson_R johnson_U johnson_V sdss_g sdss_i sdss_r sdss_u sdss_z ATLAS_c ATLAS_o ukirt_H ukirt_J ukirt_K Clear
[from data line 117]
7.0941883767535066 11.77327075301882 2.8914419398195434 6.3665127178573755 4.398588906353389 -0.6317481087057253 0.7859278561414129 15.313177329583308 21.97212142747822 35.86071673150739 17.937703959552778 20.45072046603242 9.732787445889606 14.1092400126171 1.3379286333975928 4.307961400122575 20.94112024822647 8.777765110720852 12.585810854333257 2.9726978919325298 6.595001377353817 22.473226957653047 0.21250024411941126 8.345589287600017 3.8931767629902403 -5.580735486621221 -3.43124619113153 -6.941024167094392 2.1126948625920505
7.154308617234468 11.805622552807193 2.9237937396078983 6.398864517645748 4.430940706141762 -0.5993963089173526 0.8182796559297678 15.34552912937168 22.004473227266583 35.89306853129576 17.97005575934115 20.48307226582079 9.765139245677979 14.141591812405473 1.3702804331859655 4.340313199910947 20.97347204801484 8.810116910509224 12.61816265412163 3.0050496917209024 6.62735317714219 22.50557875744141 0.24485204390778392 8.37794108738839 3.925528562778613 -5.548383686832849 -3.3988943913431573 -6.9086723673060195 2.145046662380423
7.214428857715431 11.837828279126246 2.9559994659269506 6.4310702439648 4.463146432460814 -0.5671905825983004 0.8504853822488201 15.377734855690715 22.036678953585636 35.92527425761481 18.002261485660185 20.515277992139847 9.797344971997031 14.173797538724525 1.402486159505 4.37251892623 21.005677774333893 8.842322636828277 12.650368380440682 3.0372554180399547 6.659558903461225 22.53778448376046 0.2770577702268362 8.410146813707442 3.9577342890976652 -5.516177960513796 -3.366688665024105 -6.876466640986967 2.1772523886994755
7.274549098196393 11.86988897711501 2.9880601639157334 6.463130941953583 4.495207130449597 -0.5351298846095354 0.8825460802376028 15.409795553679498 22.06873965157441 35.95733495560359 18.034322183648968 20.54733869012862 9.829405669985796 14.205858236713308 1.4345468574937827 4.4045796242187825 21.037738472322665 8.87438333481706 12.682429078429465 3.0693161160287197 6.691619601450007 22.569845181749237 0.3091184682156012 8.442207511696225 3.98979498708643 -5.484117262525014 -3.3346279670353223 -6.844405942998202 2.2093130866882404
7.3346693386773545 11.901805636855851 3.019976823656556 6.495047601694406 4.527123790190419 -0.5032132248686949 0.9144627399784255 15.44171221342032 22.10065631131524 35.989251615344415 18.06623884338979 20.579255349869452 9.861322329726637 14.23777489645413 1.4664635172346054 4.436496283959605 21.069655132063488 8.906299994557882 12.714345738170287 3.10123277576956 6.72353626119083 22.601761841490067 0.34103512795644164 8.474124171437047 4.021711646827253 -5.452200602784191 -3.3027113072944996 -6.812489283257362 2.241229746429081
7.394789579158316 11.933579255450333 3.0517504422510378 6.526821220288888 4.558897408784901 -0.4714396062742132 0.9462363585729072 15.473485832014802 22.132429929909723 36.02102523393889 18.098012461984272 20.61102896846393 9.893095948321118 14.269548515048612 1.4982371358290871 4.468269902554087 21.10142875065798 8.938073613152364 12.746119356764769 3.133006394364042 6.755309879785312 22.63353546008455 0.37280874655092333 8.50589779003153 4.053485265421752 -5.420426984189709 -3.270937688700018 -6.78071566466288 2.2730033650235626
7.454909819639278 11.965210769317913 3.083381956118636 6.558452734156486 4.590528922652499 -0.43980809240663277 0.9778678724405054 15.5051173458824 22.164061443777314 36.052656747806495 18.12964397585187 20.64266048233152 9.924727462188699 14.30118002891621 1.5298686496966853 4.499901416421685 21.133060264525568 8.969705127019962 12.777750870632367 3.1646379082316223 6.78694139365291 22.66516697395214 0.4044402604185038 8.537529303899127 4.085116779289333 -5.388795470322111 -3.2393061748324197 -6.7490841507953 2.304634878891143
7.51503006012024 11.996711815470515 3.114883002271238 6.589953780309088 4.622029968805101 -0.4083070462540128 1.0093689185931076 15.536618392035003 22.195562489929923 36.08415779395909 18.161145022004472 20.67416152848413 9.956228508341319 14.332681075068813 1.5613696958492875 4.531402462574287 21.164561310678174 9.001206173172564 12.80925191678497 3.1961389543842422 6.818442439805512 22.69666802010475 0.43594130657112373 8.56903035005173 4.116617825441935 -5.357294424169509 -3.2078051286798175 -6.71758310464268 2.336135925043763
7.575150300601202 12.028055082310072 3.1462262691107945 6.6212970471486265 4.65337323564464 -0.37696377941447423 1.040712185432664 15.567961658874559 22.22690575676947 36.11550106079864 18.19248828884403 20.705504795323673 9.987571775180857 14.364024341908351 1.5927129626888439 4.562745729413826 21.19590457751772 9.032549440012103 12.840595183624508 3.227482221223781 6.8497857066450685 22.728011286944295 0.4672845734106623 8.600373616891268 4.147961092281491 -5.32595115732997 -3.176461861840279 -6.686239837803141 2.3674791918833016
7.635270541082164 12.059263192086203 3.1774343788869253 6.652505156924775 4.6845813454207885 -0.3457556696383435 1.0719202952087947 15.59916976865069 22.25811386654561 36.14670917057478 18.22369639862016 20.73671290509981 10.018779884956988 14.3952324516845 1.6239210724649746 4.593953839189974 21.22711268729386 9.063757549788251 12.871803293400657 3.2586903309999116 6.880993816421199 22.759219396720425 0.4984926831867931 8.631581726667417 4.179169202057622 -5.294743047553822 -3.1452537520641304 -6.65503172802701 2.3986873016594323
7.695390781563126 12.09033434817762 3.208505534978343 6.683576313016175 4.715652501512189 -0.3146845135469256 1.1029914513002126 15.630240924742107 22.28918502263702 36.17778032666619 18.254767554711577 20.767784061191218 10.049851041048406 14.4263036077759 1.6549922285563925 4.6250249952813745 21.258183843385268 9.094828705879651 12.902874449492057 3.2897614870913294 6.912064972512617 22.790290552811847 0.5295638392782109 8.662652882758817 4.21024035814904 -5.263671891462422 -3.1141825959727303 -6.6239605719355925 2.42975845775085
7.755511022044088 12.121268392557774 3.2394395793584785 6.714510357396328 4.746586545892342 -0.2837504691667725 1.133925495680348 15.661174969122243 22.320119067017163 36.208714371046334 18.285701599091713 20.79871810557137 10.080785085428559 14.457237652156053 1.6859262729365279 4.655959039661528 21.28911788776542 9.125762750259804 12.93380849387221 3.3206955314714826 6.9429990168927525 22.82122459719199 0.5604978836583641 8.69358692713897 4.241174402529193 -5.2327378470822685 -3.0832485515925776 -6.593026527555439 2.4606925021310033
7.8156312625250495 12.152065754358716 3.270236941159421 6.745307719197271 4.7773839076932845 -0.25295310736582977 1.1647228574812907 15.691972330923186 22.350916428818106 36.23951173284728 18.316498960892655 20.829515467372314 10.111582447229502 14.488035013956996 1.7167236347374706 4.68675640146247 21.319915249566364 9.156560112060747 12.964605855673152 3.3514928932724253 6.973796378693695 22.852021958992932 0.5912952454593068 8.724384288939913 4.271971764330136 -5.201940485281326 -3.052451189791635 -6.562229165754497 2.491489863931946
7.875751503006012 12.182727133937341 3.3008983207380638 6.775969098775896 4.808045287271927 -0.22229172778720496 1.1953842370599332 15.722633710501828 22.38157780839674 36.270173112425915 18.347160340471298 20.86017684695095 10.142243826808127 14.518696393535638 1.7473850143161131 4.717417781041113 21.35057662914499 9.187221491639372 12.995267235251777 3.38215427285105 7.004457758272338 22.882683338571567 0.6219566250379316 8.755045668518537 4.302633143908761 -5.171279105702701 -3.02178981021301 -6.531567786175872 2.522151243510571
7.935871743486974 12.213253285286818 3.3314244720875408 6.806495250125373 4.838571438621386 -0.19176557643772796 1.2259103884094102 15.753159861851305 22.41210395974622 36.30069926377539 18.377686491820775 20.890702998300426 10.172769978157604 14.549222544885115 1.7779111656655902 4.747943932390572 21.381102780494466 9.217747642988849 13.025793386601254 3.412680424200527 7.034983909621815 22.913209489921044 0.6524827763874086 8.785571819868014 4.333159295258238 -5.140752954353224 -2.991263658863533 -6.501041634826395 2.552677394860048
7.995991983967936 12.243644972011616 3.3618161588123385 6.836886936850188 4.868963125346202 -0.1613738897129302 1.256302075134208 15.783551548576103 22.442495646471016 36.3310909505002 18.408078178545573 20.921094685025224 10.203161664882401 14.579614231609913 1.808302852390388 4.778335619115388 21.41149446721927 9.248139329713664 13.05618507332607 3.443072110925325 7.0653755963466125 22.943601176645842 0.6828744631122063 8.81596350659283 4.363550981983035 -5.1103612676284085 -2.9608719721387353 -6.470649948101597 2.5830690815848456
8.056112224448897 12.273902971646908 3.392074158447631 6.867144936485463 4.8992211249814765 -0.1311158900776377 1.2865600747695005 15.813809548211395 22.472753646106305 36.36134895013548 18.438336178180865 20.951352684660517 10.233419664517694 14.609872231245205 1.8385608520256804 4.80859361875068 21.441752466854556 9.27839732934894 13.086443072961345 3.4733301105606174 7.095633595981905 22.97385917628113 0.7131324627474989 8.846221506228105 4.393808981618328 -5.080103267993134 -2.930613972503443 -6.440391948466305 2.613327081220138
8.11623246492986 12.304028056120302 3.4221992429210246 6.897270020958857 4.92934620945487 -0.10099080560424412 1.316685159242894 15.843934632684789 22.502878730579702 36.39147403460887 18.46846126265426 20.98147776913391 10.263544748991087 14.639997315718599 1.868685936499074 4.838718703224074 21.47187755132795 9.308522413822333 13.116568157434738 3.503455195034011 7.125758680455299 23.003984260754528 0.7432575472208924 8.876346590701498 4.4239340660917215 -5.04997818351974 -2.9004888880300492 -6.410266863992911 2.6434521656935317
8.176352705410821 12.334020995903039 3.452192182703744 6.927262960741594 4.959339149237607 -0.07099786582150713 1.3466780990256133 15.873927572467526 22.53287167036244 36.42146697439161 18.498454202436996 21.011470708916637 10.293537688773824 14.669990255501318 1.898678876281811 4.868711643006793 21.501870491110687 9.33851535360507 13.146561097217475 3.533448134816748 7.155751620238036 23.033977200537255 0.7732504870036294 8.906339530484235 4.4539270058744584 -5.019985243737003 -2.8704959482473122 -6.380273924210174 2.6734451054762687
8.236472945891784 12.36388254770155 3.482053734502273 6.957124512540123 4.989200701036136 -0.04113631402299589 1.3765396508241423 15.903789124266037 22.562733222160958 36.45132852619013 18.528315754235507 21.04133226071516 10.323399240572336 14.699851807299847 1.9285404280803222 4.898573194805322 21.531732042909205 9.368376905403599 13.176422649016004 3.563309686615259 7.185613172036547 23.063838752335784 0.8031120388021407 8.936201082282764 4.48378855767297 -4.990123691938474 -2.8406343964487832 -6.350412372411663 2.70330665727478
8.296593186372744 12.39361345581603 3.511784642616753 6.986855420654603 5.018931609150616 -0.011405405908497812 1.4062705589386226 15.933520032380518 22.592464130275438 36.48105943430461 18.558046662349987 21.07106316882964 10.353130148686816 14.729582715414328 1.9582713361948025 4.928304102919802 21.561462951023685 9.39810781351808 13.206153557130484 3.5930405947297395 7.215344080151027 23.093569660450264 0.832842946916621 8.965931990397245 4.51351946578745 -4.960392783823994 -2.810903488334303 -6.3206814642971825 2.7330375653892602
8.356713426853707 12.423214477495108 3.541385664295831 7.016456442333663 5.048532630829676 0.018195615770562057 1.4358715806177003 15.963121054059595 22.62206515195451 36.510660455983675 18.587647684029065 21.100664190508706 10.382731170365894 14.759183737093405 1.9878723578738802 4.957905124598862 21.591063972702756 9.427708835197139 13.235754578809544 3.622641616408817 7.244945101830105 23.123170682129334 0.8624439685956986 8.995533012076304 4.543120487466528 -4.930791762144934 -2.781302466655243 -6.291080442618105 2.762638587068338
8.41683366733467 12.45268635628447 3.570857543085193 7.045928321123043 5.078004509619056 0.047667494559942014 1.4653434594070625 15.992592932848957 22.651537030743878 36.54013233477305 18.617119562818427 21.130136069298086 10.412203049155274 14.788655615882767 2.0173442366632424 4.987377003388242 21.62053585149213 9.457180713986519 13.265226457598924 3.6521134951981793 7.274416980619467 23.152642560918704 0.8919158473850608 9.025004890865684 4.57259236625589 -4.901319883355554 -2.751830587865863 -6.261608563828743 2.792110465857718
8.47695390781563 12.482029813568278 3.600201000369001 7.075271778406833 5.107347966902864 0.0770109518437323 1.4946869166908705 16.021936390132765 22.680880488027675 36.56947579205685 18.646463020102235 21.159479526581887 10.441546506439064 14.817999073166575 2.0466876939470504 5.01672046067205 21.649879308775937 9.48652417127031 13.294569914882715 3.6814569524819873 7.303760437903275 23.1819860182025 0.9212593046688689 9.054348348149492 4.601935823539698 -4.871976426071764 -2.722487130582073 -6.232265106544935 2.821453923141508
8.537074148296593 12.51124559794345 3.629416784744155 7.104487562782005 5.136563751278018 0.106226736218904 1.5239027010660244 16.05115217450792 22.71009627240284 36.598691576432024 18.675678804477407 21.188695310957048 10.470762290814235 14.84721485754173 2.0759034783222043 5.045936245047204 21.679095093151098 9.515739955645481 13.323785699257886 3.710672736857159 7.332976222278447 23.211201802577666 0.9504750890440405 9.083564132524646 4.63115160791487 -4.842760641696592 -2.693271346206901 -6.203049322169763 2.85066970751668
8.597194388777554 12.540334442661134 3.6585056294618568 7.133576407499689 5.16565259599572 0.13531558093658802 1.5529915457837262 16.08024101922562 22.739185117120535 36.627780421149716 18.70476764919509 21.217784155674742 10.49985113553192 14.876303702259431 2.104992323039906 5.075025089764906 21.70818393786879 9.544828800363183 13.352874543975588 3.739761581574843 7.362065066996131 23.24029064729536 0.9795639337617246 9.112652977242348 4.660240452632554 -4.813671796978908 -2.664182501489217 -6.173960477452079 2.879758552234364
8.657314629258517 12.56929705462925 3.687468241429972 7.162539019467804 5.194615207963835 0.16427819290470325 1.5819541577518414 16.109203631193736 22.768147729088646 36.65674303311783 18.733730261163206 21.246746767642858 10.528813747500035 14.905266314227546 2.1339549350080214 5.103987701733021 21.737146549836908 9.57379141233128 13.381837155943703 3.7687241935429583 7.391027678964246 23.269253259263472 1.0085265457298398 9.141615589210463 4.689203064600669 -4.784709185010793 -2.635219889521102 -6.144997865483964 2.908721164202479
8.71743486973948 12.598134173036755 3.7163053598374773 7.191376137875309 5.223452326371323 0.1931153113122086 1.6107912761593468 16.13804074960124 22.796984847496155 36.68558015152532 18.76256737957071 21.275583886050363 10.55765086590754 14.934103432635052 2.1627920534155267 5.132824820140526 21.765983668244402 9.602628530738786 13.41067427435119 3.7975613119504636 7.419864797371751 23.29809037767098 1.0373636641373452 9.170452707617951 4.718040183008174 -4.755872066603287 -2.6063827711135965 -6.116160747076458 2.9375582826099844
8.77755511022044 12.626846520518775 3.745017707319498 7.220088485357348 5.252164673853361 0.22182765879424693 1.6395036236413674 16.166753097083262 22.825697194978183 36.71429249900736 18.791279727052743 21.304296233532394 10.586363213389578 14.962815780117072 2.1915044008975473 5.161537167622547 21.79469601572643 9.631340878220824 13.43938662183323 3.826273659432484 7.448577144853772 23.32680272515301 1.0660760116193657 9.19916505509999 4.746752530490195 -4.727159719121249 -2.577670423631558 -6.087448399594438 2.9662706300920227
