web/models/kne/1/villar_0.0224_0.1083_10.0000.dat
# %ECSV 1.0
# ---
# datatype:
# - {name: time, datatype: float64}
# - {name: swift_uvot_uvw2, datatype: float64}
# - {name: swift_uvot_uvm2, datatype: float64}
# - {name: swift_uvot_uvw1, datatype: float64}
# - {name: swift_uvot_U, datatype: float64}
# - {name: swift_uvot_B, datatype: float64}
# - {name: swift_uvot_V, datatype: float64}
# - {name: swift_uvot_W, datatype: float64}
# - {name: johnson_U, datatype: float64}
# - {name: johnson_B, datatype: float64}
# - {name: johnson_V, datatype: float64}
# - {name: johnson_R, datatype: float64}
# - {name: johnson_I, datatype: float64}
# - {name: sdss_u, datatype: float64}
# - {name: sdss_g, datatype: float64}
# - {name: sdss_r, datatype: float64}
# - {name: sdss_i, datatype: float64}
# - {name: sdss_z, datatype: float64}
# - {name: PS1_g, datatype: float64}
# - {name: PS1_r, datatype: float64}
# - {name: PS1_i, datatype: float64}
# - {name: PS1_z, datatype: float64}
# - {name: PS1_Y, datatype: float64}
# - {name: PS1_w, datatype: float64}
# - {name: ATLAS_c, datatype: float64}
# - {name: ATLAS_o, datatype: float64}
# - {name: ukirt_J, datatype: float64}
# - {name: ukirt_H, datatype: float64}
# - {name: ukirt_K, datatype: float64}
# - {name: Clear, datatype: float64}
# meta: !!omap
# - comment: [kappa = 10.0, type = villar, mass = 0.022360679775100388, velocity = 0.10833333333333334, theta_obs = 0.0]
# schema: astropy-2.0
time swift_uvot_uvw2 swift_uvot_uvm2 swift_uvot_uvw1 swift_uvot_U swift_uvot_B swift_uvot_V swift_uvot_W johnson_U johnson_B johnson_V johnson_R johnson_I sdss_u sdss_g sdss_r sdss_i sdss_z PS1_g PS1_r PS1_i PS1_z PS1_Y PS1_w ATLAS_c ATLAS_o ukirt_J ukirt_H ukirt_K Clear
[from data line 78]
0.010217 -8.7 -8.622 -8.546 -8.284 -8.001 -7.675 -8.398 -8.243 -7.998 -7.664 -7.312 -6.895 -8.252 -7.898 -7.472 -7.146 -6.833 -7.882 -7.503 -7.185 -6.972 -6.948 -7.521 -7.732 -7.338 -6.195 -5.668 -5.053 -7.587
0.010526 -8.737 -8.662 -8.588 -8.33 -8.05 -7.725 -8.44 -8.29 -8.046 -7.715 -7.364 -6.947 -8.299 -7.947 -7.523 -7.198 -6.886 -7.931 -7.554 -7.236 -7.023 -6.997 -7.571 -7.782 -7.389 -6.248 -5.722 -5.108 -7.637
0.010845 -8.774 -8.702 -8.629 -8.377 -8.098 -7.775 -8.483 -8.337 -8.095 -7.765 -7.415 -6.999 -8.345 -7.996 -7.574 -7.25 -6.938 -7.98 -7.604 -7.287 -7.074 -7.046 -7.622 -7.832 -7.441 -6.302 -5.776 -5.162 -7.687
0.011173 -8.81 -8.741 -8.671 -8.423 -8.147 -7.825 -8.525 -8.383 -8.143 -7.815 -7.466 -7.051 -8.392 -8.045 -7.625 -7.301 -6.99 -8.029 -7.654 -7.338 -7.125 -7.096 -7.672 -7.881 -7.492 -6.355 -5.83 -5.216 -7.737
0.011511 -8.846 -8.781 -8.712 -8.469 -8.195 -7.875 -8.566 -8.43 -8.191 -7.865 -7.517 -7.103 -8.438 -8.094 -7.675 -7.353 -7.042 -8.077 -7.704 -7.389 -7.176 -7.145 -7.722 -7.931 -7.543 -6.408 -5.883 -5.27 -7.786
0.011859 -8.882 -8.82 -8.753 -8.514 -8.243 -7.924 -8.608 -8.476 -8.239 -7.914 -7.568 -7.155 -8.484 -8.142 -7.726 -7.404 -7.095 -8.126 -7.754 -7.44 -7.227 -7.195 -7.772 -7.98 -7.593 -6.461 -5.937 -5.325 -7.836
0.012217 -8.917 -8.859 -8.794 -8.56 -8.291 -7.974 -8.65 -8.522 -8.287 -7.964 -7.619 -7.207 -8.53 -8.191 -7.776 -7.456 -7.147 -8.174 -7.804 -7.49 -7.278 -7.244 -7.822 -8.029 -7.644 -6.514 -5.991 -5.379 -7.886
0.012587 -8.953 -8.897 -8.835 -8.606 -8.339 -8.024 -8.691 -8.568 -8.335 -8.014 -7.67 -7.259 -8.576 -8.239 -7.826 -7.507 -7.199 -8.223 -7.854 -7.541 -7.329 -7.293 -7.872 -8.078 -7.695 -6.567 -6.044 -5.433 -7.935
0.012968 -8.988 -8.936 -8.875 -8.651 -8.386 -8.073 -8.732 -8.614 -8.383 -8.063 -7.72 -7.311 -8.622 -8.287 -7.877 -7.558 -7.251 -8.271 -7.904 -7.592 -7.38 -7.342 -7.922 -8.127 -7.745 -6.62 -6.098 -5.487 -7.984
0.01336 -9.022 -8.974 -8.915 -8.696 -8.434 -8.122 -8.773 -8.659 -8.43 -8.112 -7.771 -7.363 -8.667 -8.336 -7.927 -7.609 -7.302 -8.319 -7.954 -7.642 -7.43 -7.392 -7.971 -8.176 -7.796 -6.673 -6.151 -5.541 -8.034
0.013764 -9.057 -9.012 -8.955 -8.741 -8.481 -8.172 -8.813 -8.705 -8.478 -8.162 -7.821 -7.414 -8.713 -8.384 -7.977 -7.66 -7.354 -8.367 -8.003 -7.693 -7.481 -7.441 -8.021 -8.225 -7.846 -6.726 -6.205 -5.595 -8.083
0.01418 -9.091 -9.049 -8.995 -8.786 -8.529 -8.221 -8.854 -8.75 -8.525 -8.211 -7.872 -7.466 -8.758 -8.431 -8.027 -7.711 -7.406 -8.415 -8.053 -7.743 -7.531 -7.49 -8.07 -8.274 -7.897 -6.779 -6.258 -5.649 -8.132
0.014609 -9.125 -9.087 -9.035 -8.831 -8.576 -8.27 -8.894 -8.795 -8.572 -8.26 -7.922 -7.517 -8.803 -8.479 -8.077 -7.762 -7.458 -8.462 -8.102 -7.793 -7.582 -7.539 -8.12 -8.322 -7.947 -6.832 -6.311 -5.702 -8.181
0.015051 -9.158 -9.124 -9.074 -8.875 -8.623 -8.319 -8.934 -8.84 -8.619 -8.309 -7.972 -7.569 -8.848 -8.527 -8.126 -7.813 -7.509 -8.51 -8.152 -7.844 -7.632 -7.588 -8.169 -8.371 -7.997 -6.884 -6.365 -5.756 -8.229
0.015506 -9.191 -9.161 -9.113 -8.92 -8.67 -8.367 -8.974 -8.885 -8.666 -8.358 -8.022 -7.62 -8.893 -8.575 -8.176 -7.864 -7.561 -8.558 -8.201 -7.894 -7.683 -7.637 -8.218 -8.419 -8.047 -6.937 -6.418 -5.81 -8.278
0.015975 -9.224 -9.197 -9.152 -8.964 -8.716 -8.416 -9.014 -8.929 -8.713 -8.406 -8.073 -7.671 -8.937 -8.622 -8.226 -7.914 -7.612 -8.605 -8.25 -7.944 -7.733 -7.686 -8.267 -8.468 -8.097 -6.99 -6.471 -5.864 -8.327
0.016458 -9.257 -9.233 -9.19 -9.008 -8.763 -8.465 -9.053 -8.974 -8.759 -8.455 -8.122 -7.722 -8.982 -8.669 -8.275 -7.965 -7.663 -8.652 -8.299 -7.994 -7.783 -7.735 -8.316 -8.516 -8.147 -7.042 -6.524 -5.917 -8.375
0.016956 -9.29 -9.269 -9.229 -9.052 -8.81 -8.513 -9.092 -9.018 -8.806 -8.504 -8.172 -7.774 -9.026 -8.716 -8.324 -8.016 -7.715 -8.699 -8.348 -8.044 -7.833 -7.784 -8.365 -8.564 -8.197 -7.095 -6.578 -5.971 -8.423
0.017469 -9.322 -9.305 -9.267 -9.095 -8.856 -8.562 -9.131 -9.062 -8.852 -8.552 -8.222 -7.825 -9.07 -8.763 -8.374 -8.066 -7.766 -8.746 -8.397 -8.094 -7.883 -7.833 -8.413 -8.612 -8.247 -7.147 -6.631 -6.025 -8.472
0.017997 -9.354 -9.341 -9.305 -9.139 -8.902 -8.61 -9.17 -9.106 -8.899 -8.6 -8.272 -7.876 -9.114 -8.81 -8.423 -8.116 -7.817 -8.793 -8.446 -8.144 -7.933 -7.882 -8.462 -8.66 -8.296 -7.199 -6.684 -6.078 -8.52
0.018541 -9.385 -9.376 -9.342 -9.182 -8.948 -8.658 -9.209 -9.15 -8.945 -8.649 -8.322 -7.927 -9.158 -8.857 -8.472 -8.167 -7.868 -8.84 -8.495 -8.193 -7.983 -7.93 -8.511 -8.707 -8.346 -7.252 -6.737 -6.132 -8.568
0.019102 -9.416 -9.411 -9.38 -9.225 -8.994 -8.706 -9.247 -9.194 -8.991 -8.697 -8.371 -7.977 -9.201 -8.904 -8.521 -8.217 -7.919 -8.887 -8.543 -8.243 -8.033 -7.979 -8.559 -8.755 -8.395 -7.304 -6.79 -6.185 -8.616
0.01968 -9.447 -9.445 -9.417 -9.268 -9.04 -8.754 -9.286 -9.237 -9.037 -8.745 -8.421 -8.028 -9.245 -8.95 -8.57 -8.267 -7.97 -8.934 -8.592 -8.293 -8.083 -8.028 -8.607 -8.802 -8.445 -7.356 -6.842 -6.239 -8.664
0.020275 -9.478 -9.48 -9.454 -9.311 -9.086 -8.802 -9.324 -9.281 -9.082 -8.793 -8.47 -8.079 -9.288 -8.997 -8.619 -8.317 -8.021 -8.98 -8.64 -8.342 -8.133 -8.077 -8.656 -8.85 -8.494 -7.408 -6.895 -6.292 -8.711
0.020888 -9.508 -9.514 -9.491 -9.354 -9.131 -8.85 -9.361 -9.324 -9.128 -8.84 -8.519 -8.129 -9.331 -9.043 -8.667 -8.367 -8.072 -9.026 -8.689 -8.392 -8.183 -8.125 -8.704 -8.897 -8.543 -7.46 -6.948 -6.346 -8.759
0.02152 -9.538 -9.547 -9.527 -9.396 -9.177 -8.897 -9.399 -9.367 -9.173 -8.888 -8.568 -8.18 -9.374 -9.089 -8.716 -8.417 -8.123 -9.073 -8.737 -8.441 -8.233 -8.174 -8.752 -8.944 -8.592 -7.513 -7.001 -6.399 -8.807
0.022171 -9.568 -9.581 -9.563 -9.439 -9.222 -8.945 -9.437 -9.41 -9.219 -8.936 -8.618 -8.231 -9.417 -9.135 -8.765 -8.466 -8.173 -9.119 -8.785 -8.491 -8.282 -8.223 -8.8 -8.991 -8.641 -7.565 -7.054 -6.452 -8.854
0.022841 -9.598 -9.614 -9.599 -9.481 -9.267 -8.992 -9.474 -9.452 -9.264 -8.983 -8.667 -8.281 -9.46 -9.181 -8.813 -8.516 -8.224 -9.165 -8.833 -8.54 -8.332 -8.271 -8.848 -9.038 -8.69 -7.616 -7.106 -6.506 -8.901
0.023532 -9.627 -9.647 -9.635 -9.523 -9.312 -9.04 -9.511 -9.495 -9.309 -9.03 -8.716 -8.331 -9.502 -9.227 -8.861 -8.566 -8.275 -9.211 -8.882 -8.589 -8.382 -8.32 -8.895 -9.085 -8.739 -7.668 -7.159 -6.559 -8.949
0.024244 -9.655 -9.68 -9.67 -9.565 -9.357 -9.087 -9.548 -9.537 -9.354 -9.078 -8.764 -8.382 -9.544 -9.273 -8.91 -8.615 -8.325 -9.256 -8.929 -8.638 -8.431 -8.368 -8.943 -9.132 -8.788 -7.72 -7.211 -6.612 -8.996
0.024977 -9.684 -9.712 -9.705 -9.606 -9.402 -9.134 -9.584 -9.579 -9.398 -9.125 -8.813 -8.432 -9.586 -9.318 -8.958 -8.665 -8.376 -9.302 -8.977 -8.687 -8.481 -8.417 -8.991 -9.178 -8.836 -7.772 -7.264 -6.665 -9.043
0.025733 -9.712 -9.744 -9.74 -9.648 -9.447 -9.181 -9.621 -9.621 -9.443 -9.172 -8.862 -8.482 -9.628 -9.364 -9.006 -8.714 -8.426 -9.348 -9.025 -8.736 -8.53 -8.465 -9.038 -9.225 -8.885 -7.824 -7.317 -6.718 -9.09
0.026511 -9.74 -9.776 -9.775 -9.689 -9.491 -9.228 -9.657 -9.663 -9.488 -9.219 -8.91 -8.532 -9.67 -9.409 -9.054 -8.764 -8.476 -9.393 -9.073 -8.785 -8.579 -8.514 -9.085 -9.271 -8.933 -7.875 -7.369 -6.771 -9.136
0.027313 -9.767 -9.807 -9.809 -9.73 -9.535 -9.275 -9.693 -9.705 -9.532 -9.266 -8.959 -8.582 -9.711 -9.454 -9.102 -8.813 -8.526 -9.438 -9.12 -8.834 -8.629 -8.562 -9.133 -9.317 -8.982 -7.927 -7.421 -6.824 -9.183
0.028139 -9.795 -9.838 -9.844 -9.771 -9.58 -9.321 -9.729 -9.746 -9.576 -9.312 -9.007 -8.632 -9.753 -9.499 -9.149 -8.862 -8.577 -9.483 -9.168 -8.883 -8.678 -8.61 -9.18 -9.364 -9.03 -7.979 -7.474 -6.878 -9.23
0.02899 -9.821 -9.869 -9.877 -9.811 -9.624 -9.368 -9.764 -9.787 -9.62 -9.359 -9.056 -8.682 -9.794 -9.544 -9.197 -8.911 -8.627 -9.528 -9.215 -8.931 -8.727 -8.659 -9.227 -9.41 -9.078 -8.03 -7.526 -6.931 -9.276
0.029867 -9.848 -9.899 -9.911 -9.852 -9.667 -9.414 -9.8 -9.828 -9.664 -9.405 -9.104 -8.732 -9.835 -9.589 -9.245 -8.96 -8.677 -9.573 -9.262 -8.98 -8.776 -8.707 -9.274 -9.455 -9.126 -8.082 -7.578 -6.983 -9.322
0.03077 -9.874 -9.93 -9.944 -9.892 -9.711 -9.461 -9.835 -9.869 -9.708 -9.452 -9.152 -8.781 -9.876 -9.634 -9.292 -9.009 -8.727 -9.618 -9.31 -9.029 -8.825 -8.755 -9.321 -9.501 -9.174 -8.133 -7.631 -7.036 -9.369
0.031701 -9.9 -9.959 -9.978 -9.932 -9.755 -9.507 -9.87 -9.91 -9.751 -9.498 -9.2 -8.831 -9.916 -9.678 -9.339 -9.058 -8.776 -9.663 -9.357 -9.077 -8.874 -8.804 -9.367 -9.547 -9.222 -8.185 -7.683 -7.089 -9.415
0.032659 -9.925 -9.989 -10.01 -9.972 -9.798 -9.553 -9.904 -9.95 -9.795 -9.544 -9.248 -8.881 -9.957 -9.722 -9.387 -9.106 -8.826 -9.707 -9.404 -9.125 -8.923 -8.852 -9.414 -9.592 -9.27 -8.236 -7.735 -7.142 -9.461
0.033647 -9.951 -10.018 -10.043 -10.012 -9.841 -9.599 -9.939 -9.991 -9.838 -9.59 -9.296 -8.93 -9.997 -9.767 -9.434 -9.155 -8.876 -9.752 -9.451 -9.174 -8.972 -8.9 -9.46 -9.638 -9.318 -8.287 -7.787 -7.195 -9.507
0.034665 -9.975 -10.047 -10.075 -10.051 -9.885 -9.645 -9.973 -10.031 -9.881 -9.636 -9.344 -8.979 -10.037 -9.811 -9.481 -9.204 -8.926 -9.796 -9.497 -9.222 -9.021 -8.948 -9.507 -9.683 -9.366 -8.338 -7.839 -7.248 -9.552
0.035713 -10.0 -10.075 -10.107 -10.09 -9.928 -9.691 -10.007 -10.071 -9.924 -9.682 -9.391 -9.029 -10.077 -9.855 -9.528 -9.252 -8.975 -9.84 -9.544 -9.27 -9.069 -8.996 -9.553 -9.728 -9.413 -8.39 -7.891 -7.301 -9.598
0.036793 -10.024 -10.104 -10.139 -10.13 -9.97 -9.736 -10.041 -10.111 -9.967 -9.727 -9.439 -9.078 -10.116 -9.898 -9.575 -9.3 -9.025 -9.884 -9.591 -9.318 -9.118 -9.044 -9.599 -9.773 -9.461 -8.441 -7.943 -7.353 -9.644
0.037906 -10.048 -10.131 -10.17 -10.168 -10.013 -9.782 -10.075 -10.15 -10.01 -9.773 -9.486 -9.127 -10.156 -9.942 -9.621 -9.349 -9.074 -9.928 -9.637 -9.366 -9.167 -9.092 -9.645 -9.818 -9.508 -8.492 -7.995 -7.406 -9.689
0.039052 -10.071 -10.159 -10.201 -10.207 -10.056 -9.827 -10.108 -10.189 -10.052 -9.818 -9.534 -9.176 -10.195 -9.985 -9.668 -9.397 -9.124 -9.971 -9.683 -9.414 -9.215 -9.14 -9.691 -9.863 -9.555 -8.543 -8.047 -7.459 -9.734
0.040234 -10.094 -10.186 -10.232 -10.245 -10.098 -9.872 -10.141 -10.228 -10.094 -9.864 -9.581 -9.225 -10.234 -10.029 -9.714 -9.445 -9.173 -10.015 -9.73 -9.462 -9.264 -9.188 -9.737 -9.907 -9.602 -8.594 -8.099 -7.511 -9.779
0.04145 -10.117 -10.213 -10.262 -10.284 -10.14 -9.917 -10.174 -10.267 -10.137 -9.909 -9.628 -9.274 -10.273 -10.072 -9.761 -9.493 -9.222 -10.058 -9.776 -9.51 -9.312 -9.236 -9.783 -9.952 -9.649 -8.645 -8.151 -7.564 -9.824
0.042704 -10.139 -10.239 -10.293 -10.322 -10.182 -9.962 -10.207 -10.306 -10.179 -9.954 -9.675 -9.323 -10.311 -10.115 -9.807 -9.541 -9.271 -10.102 -9.822 -9.557 -9.361 -9.284 -9.828 -9.996 -9.696 -8.696 -8.203 -7.617 -9.869
0.043996 -10.161 -10.265 -10.323 -10.36 -10.224 -10.007 -10.24 -10.345 -10.22 -9.999 -9.722 -9.372 -10.35 -10.158 -9.853 -9.589 -9.32 -10.145 -9.868 -9.605 -9.409 -9.332 -9.874 -10.04 -9.743 -8.747 -8.255 -7.669 -9.914
0.045326 -10.182 -10.291 -10.352 -10.397 -10.265 -10.052 -10.272 -10.383 -10.262 -10.043 -9.769 -9.421 -10.388 -10.2 -9.899 -9.637 -9.369 -10.188 -9.914 -9.652 -9.457 -9.379 -9.919 -10.085 -9.79 -8.797 -8.306 -7.722 -9.959
0.046697 -10.204 -10.316 -10.381 -10.434 -10.307 -10.096 -10.304 -10.421 -10.304 -10.088 -9.816 -9.47 -10.426 -10.243 -9.945 -9.684 -9.418 -10.23 -9.96 -9.7 -9.505 -9.427 -9.964 -10.128 -9.836 -8.848 -8.358 -7.774 -10.003
0.048109 -10.224 -10.341 -10.41 -10.472 -10.348 -10.141 -10.336 -10.459 -10.345 -10.133 -9.862 -9.518 -10.464 -10.285 -9.991 -9.732 -9.467 -10.273 -10.005 -9.747 -9.553 -9.475 -10.009 -10.172 -9.883 -8.899 -8.41 -7.827 -10.048
0.049564 -10.245 -10.366 -10.439 -10.508 -10.389 -10.185 -10.368 -10.496 -10.386 -10.177 -9.909 -9.567 -10.501 -10.328 -10.037 -9.78 -9.516 -10.316 -10.051 -9.794 -9.601 -9.522 -10.054 -10.216 -9.929 -8.949 -8.461 -7.879 -10.092
0.051063 -10.265 -10.39 -10.467 -10.545 -10.43 -10.229 -10.399 -10.534 -10.427 -10.221 -9.956 -9.615 -10.538 -10.37 -10.083 -9.827 -9.565 -10.358 -10.096 -9.841 -9.649 -9.57 -10.099 -10.259 -9.976 -9.0 -8.513 -7.931 -10.136
0.052608 -10.284 -10.414 -10.495 -10.582 -10.471 -10.273 -10.43 -10.571 -10.468 -10.265 -10.002 -9.663 -10.576 -10.412 -10.128 -9.874 -9.613 -10.4 -10.141 -9.889 -9.697 -9.617 -10.144 -10.303 -10.022 -9.05 -8.564 -7.984 -10.18
0.054199 -10.303 -10.438 -10.523 -10.618 -10.512 -10.317 -10.461 -10.608 -10.509 -10.309 -10.048 -9.712 -10.612 -10.453 -10.173 -9.922 -9.662 -10.442 -10.187 -9.935 -9.745 -9.665 -10.189 -10.346 -10.068 -9.101 -8.616 -8.036 -10.224
0.055838 -10.322 -10.461 -10.551 -10.654 -10.552 -10.361 -10.492 -10.645 -10.549 -10.353 -10.094 -9.76 -10.649 -10.495 -10.219 -9.969 -9.71 -10.484 -10.232 -9.982 -9.793 -9.712 -10.233 -10.389 -10.114 -9.151 -8.667 -8.088 -10.268
0.057527 -10.341 -10.483 -10.578 -10.689 -10.593 -10.405 -10.522 -10.681 -10.589 -10.397 -10.14 -9.808 -10.685 -10.536 -10.264 -10.016 -9.759 -10.526 -10.277 -10.029 -9.84 -9.76 -10.277 -10.432 -10.16 -9.201 -8.719 -8.14 -10.312
0.059267 -10.359 -10.506 -10.604 -10.725 -10.633 -10.448 -10.553 -10.718 -10.629 -10.44 -10.186 -9.856 -10.722 -10.578 -10.309 -10.063 -9.807 -10.568 -10.321 -10.076 -9.888 -9.807 -10.322 -10.475 -10.206 -9.252 -8.77 -8.193 -10.355
0.061059 -10.376 -10.527 -10.631 -10.76 -10.672 -10.492 -10.583 -10.754 -10.669 -10.484 -10.232 -9.904 -10.757 -10.619 -10.354 -10.109 -9.855 -10.609 -10.366 -10.122 -9.935 -9.854 -10.366 -10.518 -10.251 -9.302 -8.821 -8.245 -10.399
0.062906 -10.393 -10.549 -10.657 -10.795 -10.712 -10.535 -10.613 -10.789 -10.709 -10.527 -10.278 -9.952 -10.793 -10.66 -10.398 -10.156 -9.903 -10.65 -10.411 -10.169 -9.983 -9.901 -10.41 -10.56 -10.297 -9.352 -8.872 -8.297 -10.442
0.064808 -10.41 -10.57 -10.683 -10.83 -10.752 -10.578 -10.642 -10.825 -10.749 -10.57 -10.323 -9.999 -10.829 -10.7 -10.443 -10.203 -9.951 -10.691 -10.455 -10.215 -10.03 -9.949 -10.454 -10.602 -10.342 -9.402 -8.924 -8.349 -10.485
0.066769 -10.426 -10.591 -10.708 -10.864 -10.791 -10.621 -10.672 -10.86 -10.788 -10.613 -10.369 -10.047 -10.864 -10.741 -10.488 -10.249 -9.999 -10.732 -10.5 -10.262 -10.078 -9.996 -10.497 -10.645 -10.388 -9.452 -8.975 -8.401 -10.528
0.068788 -10.442 -10.611 -10.733 -10.899 -10.83 -10.664 -10.701 -10.895 -10.827 -10.656 -10.414 -10.095 -10.899 -10.781 -10.532 -10.296 -10.047 -10.773 -10.544 -10.308 -10.125 -10.043 -10.541 -10.687 -10.433 -9.502 -9.026 -8.453 -10.571
0.070868 -10.457 -10.631 -10.758 -10.933 -10.869 -10.706 -10.73 -10.93 -10.866 -10.699 -10.459 -10.142 -10.933 -10.822 -10.576 -10.342 -10.095 -10.814 -10.588 -10.354 -10.172 -10.09 -10.584 -10.729 -10.478 -9.552 -9.077 -8.505 -10.614
0.073012 -10.472 -10.65 -10.782 -10.966 -10.908 -10.749 -10.758 -10.965 -10.905 -10.741 -10.505 -10.189 -10.968 -10.862 -10.62 -10.388 -10.143 -10.854 -10.632 -10.4 -10.219 -10.137 -10.628 -10.77 -10.523 -9.602 -9.128 -8.557 -10.656
0.07522 -10.487 -10.669 -10.806 -11.0 -10.946 -10.791 -10.787 -10.999 -10.943 -10.783 -10.55 -10.237 -11.002 -10.901 -10.664 -10.434 -10.19 -10.894 -10.676 -10.446 -10.266 -10.184 -10.671 -10.812 -10.568 -9.652 -9.179 -8.609 -10.699
0.077495 -10.501 -10.687 -10.83 -11.033 -10.984 -10.833 -10.815 -11.033 -10.982 -10.826 -10.594 -10.284 -11.036 -10.941 -10.708 -10.48 -10.238 -10.934 -10.719 -10.492 -10.313 -10.23 -10.714 -10.853 -10.612 -9.702 -9.23 -8.661 -10.741
0.079839 -10.515 -10.705 -10.853 -11.066 -11.023 -10.875 -10.843 -11.067 -11.02 -10.868 -10.639 -10.331 -11.069 -10.98 -10.752 -10.526 -10.285 -10.974 -10.763 -10.537 -10.359 -10.277 -10.757 -10.894 -10.657 -9.751 -9.281 -8.713 -10.783
0.082253 -10.528 -10.723 -10.876 -11.098 -11.06 -10.917 -10.871 -11.1 -11.058 -10.91 -10.684 -10.378 -11.103 -11.02 -10.796 -10.572 -10.333 -11.014 -10.806 -10.583 -10.406 -10.324 -10.799 -10.935 -10.702 -9.801 -9.332 -8.765 -10.825
0.084741 -10.541 -10.74 -10.898 -11.131 -11.098 -10.959 -10.898 -11.134 -11.095 -10.951 -10.728 -10.425 -11.136 -11.059 -10.839 -10.618 -10.38 -11.053 -10.85 -10.629 -10.453 -10.371 -10.842 -10.976 -10.746 -9.85 -9.382 -8.816 -10.867
