web/models/kne/1/villar_0.1443_0.3590_10.0000.dat
# %ECSV 1.0
# ---
# datatype:
# - {name: time, datatype: float64}
# - {name: swift_uvot_uvw2, datatype: float64}
# - {name: swift_uvot_uvm2, datatype: float64}
# - {name: swift_uvot_uvw1, datatype: float64}
# - {name: swift_uvot_U, datatype: float64}
# - {name: swift_uvot_B, datatype: float64}
# - {name: swift_uvot_V, datatype: float64}
# - {name: swift_uvot_W, datatype: float64}
# - {name: johnson_U, datatype: float64}
# - {name: johnson_B, datatype: float64}
# - {name: johnson_V, datatype: float64}
# - {name: johnson_R, datatype: float64}
# - {name: johnson_I, datatype: float64}
# - {name: sdss_u, datatype: float64}
# - {name: sdss_g, datatype: float64}
# - {name: sdss_r, datatype: float64}
# - {name: sdss_i, datatype: float64}
# - {name: sdss_z, datatype: float64}
# - {name: PS1_g, datatype: float64}
# - {name: PS1_r, datatype: float64}
# - {name: PS1_i, datatype: float64}
# - {name: PS1_z, datatype: float64}
# - {name: PS1_Y, datatype: float64}
# - {name: PS1_w, datatype: float64}
# - {name: ATLAS_c, datatype: float64}
# - {name: ATLAS_o, datatype: float64}
# - {name: ukirt_J, datatype: float64}
# - {name: ukirt_H, datatype: float64}
# - {name: ukirt_K, datatype: float64}
# - {name: Clear, datatype: float64}
# meta: !!omap
# - comment: [kappa = 10.0, type = villar, mass = 0.1442699905917794, velocity = 0.359, theta_obs = 0.0]
# schema: astropy-2.0
time swift_uvot_uvw2 swift_uvot_uvm2 swift_uvot_uvw1 swift_uvot_U swift_uvot_B swift_uvot_V swift_uvot_W johnson_U johnson_B johnson_V johnson_R johnson_I sdss_u sdss_g sdss_r sdss_i sdss_z PS1_g PS1_r PS1_i PS1_z PS1_Y PS1_w ATLAS_c ATLAS_o ukirt_J ukirt_H ukirt_K Clear
[from data line 146]
0.077495 -11.83 -12.116 -12.396 -12.841 -12.928 -12.878 -12.525 -12.865 -12.926 -12.872 -12.712 -12.463 -12.863 -12.92 -12.798 -12.627 -12.426 -12.926 -12.807 -12.636 -12.486 -12.409 -12.784 -12.879 -12.726 -11.947 -11.506 -10.963 -12.793
0.079839 -11.833 -12.123 -12.411 -12.867 -12.961 -12.916 -12.548 -12.892 -12.959 -12.911 -12.754 -12.508 -12.89 -12.955 -12.839 -12.671 -12.471 -12.961 -12.847 -12.679 -12.531 -12.455 -12.824 -12.916 -12.767 -11.995 -11.556 -11.014 -12.832
0.082253 -11.836 -12.13 -12.425 -12.893 -12.994 -12.954 -12.571 -12.919 -12.992 -12.949 -12.796 -12.553 -12.917 -12.99 -12.879 -12.714 -12.516 -12.997 -12.888 -12.722 -12.576 -12.5 -12.863 -12.953 -12.809 -12.043 -11.606 -11.065 -12.87
0.084741 -11.838 -12.136 -12.438 -12.918 -13.026 -12.992 -12.593 -12.946 -13.024 -12.987 -12.837 -12.597 -12.943 -13.024 -12.919 -12.757 -12.561 -13.032 -12.928 -12.765 -12.62 -12.545 -12.902 -12.99 -12.85 -12.092 -11.656 -11.116 -12.908
0.087304 -11.839 -12.142 -12.452 -12.944 -13.058 -13.029 -12.615 -12.972 -13.056 -13.024 -12.879 -12.642 -12.97 -13.058 -12.959 -12.8 -12.606 -13.066 -12.967 -12.808 -12.665 -12.59 -12.941 -13.027 -12.891 -12.14 -11.705 -11.167 -12.947
0.089944 -11.84 -12.147 -12.464 -12.968 -13.09 -13.067 -12.637 -12.998 -13.088 -13.061 -12.92 -12.686 -12.995 -13.092 -12.999 -12.842 -12.651 -13.101 -13.007 -12.85 -12.709 -12.635 -12.98 -13.063 -12.932 -12.188 -11.755 -11.218 -12.985
0.092665 -11.841 -12.152 -12.476 -12.993 -13.122 -13.104 -12.658 -13.024 -13.12 -13.099 -12.961 -12.731 -13.021 -13.125 -13.038 -12.885 -12.696 -13.135 -13.046 -12.893 -12.753 -12.68 -13.019 -13.099 -12.973 -12.235 -11.805 -11.269 -13.022
0.095467 -11.841 -12.155 -12.488 -13.017 -13.153 -13.14 -12.68 -13.049 -13.151 -13.136 -13.002 -12.775 -13.046 -13.159 -13.078 -12.927 -12.741 -13.169 -13.086 -12.935 -12.797 -12.724 -13.057 -13.135 -13.014 -12.283 -11.854 -11.32 -13.06
0.098355 -11.84 -12.159 -12.499 -13.04 -13.184 -13.177 -12.7 -13.074 -13.182 -13.172 -13.042 -12.819 -13.07 -13.192 -13.117 -12.97 -12.785 -13.203 -13.125 -12.978 -12.841 -12.769 -13.095 -13.171 -13.054 -12.331 -11.903 -11.371 -13.097
0.101329 -11.839 -12.161 -12.51 -13.063 -13.215 -13.213 -12.721 -13.099 -13.213 -13.209 -13.083 -12.863 -13.094 -13.224 -13.156 -13.012 -12.83 -13.236 -13.164 -13.02 -12.885 -12.814 -13.133 -13.206 -13.094 -12.379 -11.953 -11.421 -13.134
0.104394 -11.837 -12.163 -12.52 -13.086 -13.245 -13.25 -12.742 -13.123 -13.244 -13.245 -13.123 -12.907 -13.118 -13.257 -13.194 -13.054 -12.874 -13.27 -13.202 -13.062 -12.929 -12.858 -13.171 -13.241 -13.134 -12.426 -12.002 -11.472 -13.171
0.107551 -11.834 -12.165 -12.53 -13.108 -13.275 -13.285 -12.762 -13.146 -13.274 -13.281 -13.163 -12.95 -13.141 -13.289 -13.233 -13.096 -12.918 -13.302 -13.241 -13.103 -12.972 -12.902 -13.209 -13.276 -13.174 -12.474 -12.051 -11.523 -13.208
0.110804 -11.831 -12.165 -12.539 -13.13 -13.305 -13.321 -12.782 -13.17 -13.304 -13.317 -13.203 -12.994 -13.164 -13.321 -13.271 -13.137 -12.962 -13.335 -13.279 -13.145 -13.016 -12.946 -13.246 -13.311 -13.214 -12.521 -12.1 -11.573 -13.244
0.114155 -11.828 -12.166 -12.547 -13.152 -13.334 -13.356 -12.801 -13.193 -13.333 -13.352 -13.243 -13.037 -13.187 -13.352 -13.309 -13.179 -13.006 -13.367 -13.317 -13.186 -13.059 -12.991 -13.283 -13.345 -13.253 -12.568 -12.149 -11.624 -13.281
0.117608 -11.824 -12.165 -12.556 -13.173 -13.363 -13.391 -12.82 -13.215 -13.362 -13.387 -13.282 -13.08 -13.209 -13.384 -13.347 -13.22 -13.05 -13.4 -13.355 -13.227 -13.102 -13.034 -13.32 -13.379 -13.293 -12.615 -12.198 -11.674 -13.317
0.121165 -11.819 -12.164 -12.563 -13.194 -13.392 -13.426 -12.839 -13.237 -13.391 -13.422 -13.322 -13.123 -13.231 -13.414 -13.385 -13.261 -13.093 -13.431 -13.392 -13.269 -13.145 -13.078 -13.357 -13.413 -13.332 -12.662 -12.247 -11.725 -13.353
0.124829 -11.813 -12.162 -12.57 -13.214 -13.42 -13.461 -12.858 -13.259 -13.42 -13.457 -13.361 -13.166 -13.252 -13.445 -13.422 -13.302 -13.137 -13.463 -13.43 -13.309 -13.188 -13.122 -13.393 -13.447 -13.371 -12.709 -12.296 -11.775 -13.388
0.128605 -11.807 -12.159 -12.577 -13.234 -13.449 -13.495 -12.877 -13.28 -13.448 -13.492 -13.4 -13.209 -13.273 -13.475 -13.459 -13.343 -13.18 -13.494 -13.467 -13.35 -13.231 -13.166 -13.43 -13.48 -13.409 -12.756 -12.345 -11.825 -13.424
0.132494 -11.801 -12.156 -12.583 -13.253 -13.476 -13.529 -12.895 -13.301 -13.476 -13.526 -13.439 -13.252 -13.294 -13.505 -13.496 -13.383 -13.223 -13.525 -13.504 -13.391 -13.273 -13.209 -13.466 -13.513 -13.448 -12.803 -12.394 -11.876 -13.459
0.136502 -11.794 -12.152 -12.588 -13.272 -13.504 -13.563 -12.913 -13.321 -13.503 -13.56 -13.477 -13.294 -13.314 -13.535 -13.533 -13.423 -13.266 -13.556 -13.54 -13.431 -13.316 -13.252 -13.502 -13.546 -13.486 -12.85 -12.442 -11.926 -13.494
0.14063 -11.786 -12.147 -12.593 -13.29 -13.531 -13.597 -12.93 -13.341 -13.53 -13.593 -13.516 -13.337 -13.333 -13.564 -13.569 -13.464 -13.309 -13.586 -13.577 -13.471 -13.358 -13.296 -13.537 -13.578 -13.524 -12.896 -12.491 -11.976 -13.528
0.144883 -11.777 -12.142 -12.597 -13.308 -13.557 -13.63 -12.947 -13.361 -13.557 -13.627 -13.554 -13.379 -13.352 -13.594 -13.605 -13.504 -13.351 -13.616 -13.613 -13.511 -13.4 -13.339 -13.573 -13.61 -13.562 -12.943 -12.539 -12.026 -13.563
0.149265 -11.768 -12.136 -12.601 -13.326 -13.584 -13.663 -12.964 -13.38 -13.583 -13.66 -13.592 -13.421 -13.371 -13.622 -13.641 -13.543 -13.394 -13.645 -13.649 -13.551 -13.442 -13.382 -13.608 -13.642 -13.6 -12.989 -12.588 -12.076 -13.597
0.15378 -11.759 -12.129 -12.604 -13.342 -13.609 -13.695 -12.981 -13.398 -13.609 -13.693 -13.629 -13.462 -13.389 -13.651 -13.677 -13.583 -13.436 -13.675 -13.685 -13.591 -13.484 -13.425 -13.643 -13.674 -13.637 -13.035 -12.636 -12.126 -13.631
0.15843 -11.748 -12.121 -12.606 -13.359 -13.635 -13.728 -12.997 -13.416 -13.635 -13.725 -13.667 -13.504 -13.407 -13.679 -13.713 -13.622 -13.479 -13.704 -13.72 -13.63 -13.526 -13.467 -13.677 -13.705 -13.674 -13.081 -12.684 -12.176 -13.665
0.163222 -11.737 -12.113 -12.608 -13.375 -13.66 -13.76 -13.013 -13.434 -13.66 -13.758 -13.704 -13.546 -13.424 -13.706 -13.748 -13.662 -13.521 -13.732 -13.756 -13.669 -13.567 -13.51 -13.712 -13.736 -13.711 -13.128 -12.733 -12.226 -13.698
0.168159 -11.726 -12.104 -12.609 -13.39 -13.685 -13.792 -13.029 -13.451 -13.685 -13.789 -13.741 -13.587 -13.441 -13.734 -13.783 -13.701 -13.562 -13.761 -13.791 -13.708 -13.608 -13.552 -13.746 -13.767 -13.748 -13.173 -12.781 -12.276 -13.732
0.173245 -11.713 -12.094 -12.61 -13.405 -13.709 -13.823 -13.045 -13.468 -13.709 -13.821 -13.778 -13.628 -13.457 -13.76 -13.818 -13.739 -13.604 -13.789 -13.825 -13.747 -13.649 -13.595 -13.78 -13.798 -13.784 -13.219 -12.829 -12.326 -13.765
0.178484 -11.701 -12.084 -12.61 -13.42 -13.733 -13.854 -13.06 -13.484 -13.733 -13.852 -13.814 -13.669 -13.473 -13.787 -13.852 -13.778 -13.646 -13.816 -13.86 -13.786 -13.69 -13.637 -13.813 -13.828 -13.82 -13.265 -12.877 -12.375 -13.797
0.183882 -11.687 -12.072 -12.61 -13.434 -13.757 -13.885 -13.074 -13.499 -13.757 -13.883 -13.851 -13.71 -13.488 -13.813 -13.886 -13.816 -13.687 -13.844 -13.894 -13.824 -13.731 -13.679 -13.847 -13.857 -13.856 -13.31 -12.924 -12.425 -13.83
0.189444 -11.673 -12.06 -12.608 -13.447 -13.78 -13.916 -13.089 -13.515 -13.78 -13.914 -13.887 -13.75 -13.502 -13.839 -13.92 -13.854 -13.728 -13.871 -13.928 -13.862 -13.772 -13.721 -13.88 -13.887 -13.892 -13.356 -12.972 -12.474 -13.862
0.195173 -11.658 -12.047 -12.607 -13.46 -13.803 -13.946 -13.103 -13.529 -13.803 -13.944 -13.923 -13.791 -13.517 -13.865 -13.954 -13.892 -13.769 -13.897 -13.962 -13.9 -13.812 -13.762 -13.913 -13.916 -13.928 -13.401 -13.02 -12.524 -13.894
0.201076 -11.643 -12.033 -12.604 -13.473 -13.825 -13.976 -13.117 -13.543 -13.826 -13.975 -13.958 -13.831 -13.53 -13.89 -13.987 -13.93 -13.81 -13.923 -13.995 -13.938 -13.852 -13.804 -13.945 -13.945 -13.963 -13.446 -13.067 -12.573 -13.926
0.207158 -11.627 -12.018 -12.601 -13.484 -13.847 -14.005 -13.13 -13.557 -13.848 -14.004 -13.994 -13.871 -13.543 -13.914 -14.02 -13.967 -13.851 -13.949 -14.028 -13.975 -13.892 -13.845 -13.977 -13.973 -13.998 -13.492 -13.115 -12.623 -13.957
0.213423 -11.61 -12.003 -12.597 -13.496 -13.868 -14.034 -13.144 -13.57 -13.869 -14.034 -14.029 -13.911 -13.556 -13.939 -14.053 -14.005 -13.891 -13.974 -14.061 -14.013 -13.932 -13.886 -14.009 -14.001 -14.033 -13.536 -13.162 -12.672 -13.988
0.219878 -11.593 -11.987 -12.593 -13.506 -13.889 -14.063 -13.156 -13.582 -13.89 -14.063 -14.063 -13.95 -13.568 -13.962 -14.085 -14.042 -13.931 -14.0 -14.093 -14.05 -13.972 -13.927 -14.041 -14.029 -14.067 -13.581 -13.209 -12.721 -14.019
0.226528 -11.575 -11.969 -12.588 -13.516 -13.91 -14.092 -13.169 -13.594 -13.911 -14.091 -14.098 -13.99 -13.579 -13.986 -14.118 -14.078 -13.971 -14.024 -14.125 -14.086 -14.011 -13.968 -14.073 -14.057 -14.101 -13.626 -13.256 -12.77 -14.05
0.233379 -11.557 -11.951 -12.582 -13.526 -13.93 -14.12 -13.181 -13.606 -13.931 -14.12 -14.132 -14.029 -13.59 -14.009 -14.149 -14.115 -14.011 -14.048 -14.157 -14.123 -14.05 -14.009 -14.104 -14.084 -14.135 -13.671 -13.303 -12.819 -14.08
0.240437 -11.537 -11.932 -12.575 -13.535 -13.949 -14.147 -13.193 -13.616 -13.951 -14.148 -14.166 -14.068 -13.6 -14.032 -14.181 -14.151 -14.051 -14.072 -14.189 -14.159 -14.09 -14.049 -14.135 -14.11 -14.169 -13.715 -13.35 -12.868 -14.11
0.247709 -11.518 -11.912 -12.568 -13.543 -13.968 -14.175 -13.204 -13.627 -13.97 -14.175 -14.2 -14.107 -13.61 -14.054 -14.212 -14.187 -14.09 -14.096 -14.22 -14.195 -14.128 -14.09 -14.165 -14.137 -14.202 -13.759 -13.397 -12.917 -14.14
0.255201 -11.497 -11.892 -12.56 -13.551 -13.987 -14.202 -13.215 -13.636 -13.989 -14.202 -14.233 -14.145 -13.619 -14.076 -14.243 -14.223 -14.129 -14.119 -14.251 -14.231 -14.167 -14.13 -14.195 -14.163 -14.235 -13.803 -13.444 -12.966 -14.169
0.262919 -11.476 -11.87 -12.552 -13.558 -14.005 -14.228 -13.226 -13.645 -14.007 -14.229 -14.266 -14.183 -13.627 -14.097 -14.274 -14.258 -14.169 -14.141 -14.282 -14.267 -14.205 -14.17 -14.225 -14.188 -14.268 -13.847 -13.491 -13.015 -14.198
0.270871 -11.454 -11.847 -12.542 -13.564 -14.023 -14.255 -13.236 -13.654 -14.025 -14.256 -14.299 -14.222 -13.635 -14.118 -14.304 -14.294 -14.207 -14.163 -14.312 -14.302 -14.244 -14.21 -14.255 -14.213 -14.3 -13.891 -13.537 -13.063 -14.227
0.279064 -11.432 -11.824 -12.532 -13.57 -14.04 -14.281 -13.246 -13.662 -14.043 -14.282 -14.332 -14.259 -13.643 -14.138 -14.334 -14.329 -14.246 -14.185 -14.342 -14.337 -14.281 -14.249 -14.284 -14.238 -14.332 -13.935 -13.584 -13.112 -14.256
0.287504 -11.409 -11.799 -12.522 -13.575 -14.057 -14.306 -13.256 -13.669 -14.059 -14.308 -14.364 -14.297 -13.649 -14.158 -14.363 -14.363 -14.284 -14.206 -14.372 -14.372 -14.319 -14.289 -14.313 -14.262 -14.364 -13.979 -13.63 -13.161 -14.284
0.296199 -11.386 -11.774 -12.51 -13.58 -14.073 -14.331 -13.265 -13.675 -14.076 -14.333 -14.396 -14.334 -13.655 -14.177 -14.392 -14.398 -14.322 -14.227 -14.401 -14.406 -14.357 -14.328 -14.342 -14.286 -14.396 -14.022 -13.676 -13.209 -14.312
0.305157 -11.362 -11.747 -12.498 -13.583 -14.088 -14.356 -13.274 -13.681 -14.092 -14.358 -14.428 -14.372 -13.66 -14.196 -14.421 -14.432 -14.36 -14.248 -14.43 -14.44 -14.394 -14.367 -14.37 -14.31 -14.427 -14.065 -13.722 -13.257 -14.339
0.314387 -11.337 -11.72 -12.485 -13.587 -14.103 -14.38 -13.282 -13.686 -14.107 -14.382 -14.459 -14.409 -13.665 -14.215 -14.45 -14.465 -14.398 -14.268 -14.458 -14.474 -14.431 -14.406 -14.398 -14.333 -14.458 -14.108 -13.768 -13.306 -14.367
0.323895 -11.312 -11.691 -12.471 -13.589 -14.118 -14.403 -13.29 -13.691 -14.122 -14.406 -14.49 -14.445 -13.669 -14.233 -14.478 -14.499 -14.435 -14.287 -14.487 -14.508 -14.468 -14.444 -14.425 -14.356 -14.488 -14.151 -13.814 -13.354 -14.393
0.333691 -11.286 -11.662 -12.456 -13.591 -14.132 -14.427 -13.298 -13.695 -14.136 -14.43 -14.521 -14.482 -13.672 -14.25 -14.506 -14.532 -14.473 -14.306 -14.514 -14.541 -14.504 -14.483 -14.453 -14.378 -14.519 -14.194 -13.86 -13.402 -14.42
0.343783 -11.26 -11.631 -12.441 -13.592 -14.145 -14.45 -13.305 -13.698 -14.149 -14.453 -14.551 -14.518 -13.675 -14.267 -14.533 -14.565 -14.509 -14.324 -14.542 -14.574 -14.541 -14.521 -14.48 -14.4 -14.548 -14.236 -13.905 -13.45 -14.446
0.354181 -11.233 -11.6 -12.424 -13.592 -14.158 -14.472 -13.312 -13.701 -14.162 -14.476 -14.581 -14.554 -13.676 -14.284 -14.56 -14.598 -14.546 -14.342 -14.569 -14.607 -14.577 -14.559 -14.506 -14.421 -14.578 -14.279 -13.951 -13.498 -14.472
0.364893 -11.206 -11.567 -12.407 -13.592 -14.17 -14.494 -13.318 -13.702 -14.175 -14.498 -14.61 -14.589 -13.677 -14.3 -14.586 -14.63 -14.583 -14.36 -14.596 -14.639 -14.612 -14.597 -14.532 -14.442 -14.607 -14.321 -13.996 -13.546 -14.498
0.375929 -11.178 -11.533 -12.39 -13.59 -14.182 -14.516 -13.324 -13.703 -14.187 -14.52 -14.64 -14.625 -13.678 -14.315 -14.613 -14.662 -14.619 -14.377 -14.622 -14.672 -14.648 -14.634 -14.558 -14.463 -14.636 -14.363 -14.041 -13.593 -14.523
0.387298 -11.149 -11.498 -12.371 -13.588 -14.193 -14.537 -13.33 -13.704 -14.198 -14.541 -14.669 -14.66 -13.677 -14.33 -14.638 -14.694 -14.655 -14.393 -14.648 -14.703 -14.683 -14.671 -14.583 -14.483 -14.664 -14.405 -14.086 -13.641 -14.548
0.399012 -11.121 -11.462 -12.351 -13.586 -14.203 -14.557 -13.335 -13.703 -14.209 -14.562 -14.697 -14.695 -13.676 -14.344 -14.664 -14.725 -14.69 -14.409 -14.673 -14.735 -14.718 -14.708 -14.609 -14.502 -14.692 -14.447 -14.131 -13.688 -14.572
0.41108 -11.091 -11.425 -12.331 -13.582 -14.213 -14.577 -13.34 -13.702 -14.219 -14.582 -14.725 -14.729 -13.674 -14.358 -14.688 -14.756 -14.726 -14.424 -14.698 -14.766 -14.753 -14.745 -14.633 -14.521 -14.72 -14.488 -14.176 -13.736 -14.596
0.423513 -11.062 -11.386 -12.31 -13.578 -14.222 -14.597 -13.344 -13.7 -14.228 -14.602 -14.753 -14.763 -13.671 -14.371 -14.713 -14.786 -14.761 -14.439 -14.723 -14.797 -14.787 -14.782 -14.657 -14.54 -14.747 -14.53 -14.221 -13.783 -14.62
0.436321 -11.032 -11.347 -12.287 -13.573 -14.231 -14.616 -13.348 -13.698 -14.237 -14.621 -14.781 -14.797 -13.668 -14.383 -14.737 -14.817 -14.795 -14.454 -14.747 -14.827 -14.821 -14.818 -14.681 -14.558 -14.774 -14.571 -14.265 -13.83 -14.643
0.449518 -11.001 -11.306 -12.264 -13.567 -14.239 -14.634 -13.351 -13.694 -14.245 -14.64 -14.808 -14.831 -13.664 -14.395 -14.761 -14.846 -14.83 -14.467 -14.771 -14.857 -14.855 -14.854 -14.705 -14.576 -14.801 -14.612 -14.31 -13.877 -14.666
0.463113 -10.971 -11.264 -12.241 -13.56 -14.246 -14.652 -13.354 -13.69 -14.253 -14.659 -14.834 -14.864 -13.658 -14.407 -14.784 -14.876 -14.864 -14.48 -14.794 -14.887 -14.888 -14.89 -14.728 -14.593 -14.827 -14.652 -14.354 -13.924 -14.689
0.47712 -10.94 -11.221 -12.216 -13.552 -14.252 -14.669 -13.356 -13.685 -14.26 -14.676 -14.86 -14.897 -13.652 -14.417 -14.806 -14.905 -14.898 -14.493 -14.817 -14.916 -14.921 -14.925 -14.75 -14.609 -14.853 -14.693 -14.398 -13.971 -14.711
0.49155 -10.909 -11.177 -12.19 -13.544 -14.258 -14.686 -13.358 -13.679 -14.266 -14.694 -14.886 -14.93 -13.646 -14.428 -14.828 -14.934 -14.931 -14.505 -14.839 -14.945 -14.954 -14.96 -14.772 -14.625 -14.878 -14.733 -14.442 -14.018 -14.732
0.506416 -10.877 -11.131 -12.163 -13.535 -14.263 -14.703 -13.359 -13.672 -14.271 -14.71 -14.911 -14.962 -13.638 -14.437 -14.85 -14.962 -14.965 -14.516 -14.861 -14.974 -14.987 -14.995 -14.794 -14.64 -14.903 -14.773 -14.485 -14.064 -14.754
0.521733 -10.846 -11.084 -12.136 -13.524 -14.268 -14.718 -13.36 -13.664 -14.276 -14.727 -14.936 -14.995 -13.629 -14.446 -14.871 -14.99 -14.998 -14.527 -14.883 -15.002 -15.019 -15.03 -14.815 -14.655 -14.927 -14.813 -14.529 -14.111 -14.775
0.537512 -10.814 -11.036 -12.107 -13.513 -14.271 -14.733 -13.361 -13.656 -14.28 -14.742 -14.961 -15.026 -13.62 -14.454 -14.892 -15.018 -15.03 -14.537 -14.903 -15.029 -15.051 -15.064 -14.836 -14.67 -14.951 -14.853 -14.572 -14.157 -14.795
