web/models/kne.last_good/kappa_1_10/35/villar_0.0035_0.4530_10.0000.dat
# %ECSV 1.0
# ---
# datatype:
# - {name: time, datatype: float64}
# - {name: swift_uvot_uvw2, datatype: float64}
# - {name: swift_uvot_uvm2, datatype: float64}
# - {name: swift_uvot_uvw1, datatype: float64}
# - {name: swift_uvot_U, datatype: float64}
# - {name: swift_uvot_B, datatype: float64}
# - {name: swift_uvot_V, datatype: float64}
# - {name: swift_uvot_W, datatype: float64}
# - {name: johnson_U, datatype: float64}
# - {name: johnson_B, datatype: float64}
# - {name: johnson_V, datatype: float64}
# - {name: johnson_R, datatype: float64}
# - {name: johnson_I, datatype: float64}
# - {name: sdss_u, datatype: float64}
# - {name: sdss_g, datatype: float64}
# - {name: sdss_r, datatype: float64}
# - {name: sdss_i, datatype: float64}
# - {name: sdss_z, datatype: float64}
# - {name: PS1_g, datatype: float64}
# - {name: PS1_r, datatype: float64}
# - {name: PS1_i, datatype: float64}
# - {name: PS1_z, datatype: float64}
# - {name: PS1_Y, datatype: float64}
# - {name: PS1_w, datatype: float64}
# - {name: ATLAS_c, datatype: float64}
# - {name: ATLAS_o, datatype: float64}
# - {name: ukirt_J, datatype: float64}
# - {name: ukirt_H, datatype: float64}
# - {name: ukirt_K, datatype: float64}
# - {name: Clear, datatype: float64}
# meta: !!omap
# - comment: [kappa = 10.0, type = villar, mass = 0.003465724215782086, velocity = 0.453, theta_obs = 0.0]
# schema: astropy-2.0
time swift_uvot_uvw2 swift_uvot_uvm2 swift_uvot_uvw1 swift_uvot_U swift_uvot_B swift_uvot_V swift_uvot_W johnson_U johnson_B johnson_V johnson_R johnson_I sdss_u sdss_g sdss_r sdss_i sdss_z PS1_g PS1_r PS1_i PS1_z PS1_Y PS1_w ATLAS_c ATLAS_o ukirt_J ukirt_H ukirt_K Clear
[from data line 218]
0.66217 -7.192 -4.333 -6.777 -8.834 -10.49 -11.643 -9.743 -9.136 -10.534 -11.687 -12.48 -12.991 -9.029 -10.955 -12.152 -12.71 -13.044 -11.198 -12.189 -12.738 -13.018 -13.205 -12.184 -11.578 -12.435 -13.324 -13.289 -13.068 -12.204
0.682197 -7.196 -4.336 -6.781 -8.838 -10.494 -11.647 -9.747 -9.14 -10.538 -11.691 -12.484 -12.995 -9.033 -10.959 -12.156 -12.714 -13.048 -11.201 -12.193 -12.742 -13.022 -13.209 -12.188 -11.582 -12.439 -13.328 -13.293 -13.072 -12.207
0.70283 -7.2 -4.34 -6.784 -8.841 -10.497 -11.65 -9.75 -9.143 -10.541 -11.694 -12.487 -12.998 -9.037 -10.963 -12.159 -12.717 -13.051 -11.205 -12.196 -12.746 -13.025 -13.212 -12.191 -11.585 -12.443 -13.331 -13.296 -13.076 -12.211
0.724086 -7.202 -4.342 -6.787 -8.844 -10.5 -11.653 -9.753 -9.145 -10.544 -11.697 -12.489 -13.001 -9.039 -10.965 -12.161 -12.719 -13.053 -11.207 -12.199 -12.748 -13.028 -13.214 -12.194 -11.588 -12.445 -13.333 -13.299 -13.078 -12.213
0.745986 -7.204 -4.344 -6.788 -8.846 -10.502 -11.654 -9.755 -9.147 -10.545 -11.698 -12.491 -13.002 -9.041 -10.967 -12.163 -12.721 -13.055 -11.209 -12.2 -12.75 -13.03 -13.216 -12.196 -11.589 -12.447 -13.335 -13.3 -13.08 -12.215
0.768548 -7.205 -4.345 -6.789 -8.847 -10.503 -11.655 -9.755 -9.148 -10.546 -11.699 -12.492 -13.003 -9.042 -10.968 -12.164 -12.722 -13.056 -11.21 -12.201 -12.751 -13.03 -13.217 -12.196 -11.59 -12.448 -13.336 -13.301 -13.081 -12.216
0.791792 -7.205 -4.345 -6.789 -8.847 -10.503 -11.655 -9.756 -9.148 -10.546 -11.699 -12.492 -13.003 -9.042 -10.968 -12.164 -12.722 -13.056 -11.21 -12.201 -12.751 -13.031 -13.217 -12.197 -11.59 -12.448 -13.336 -13.301 -13.081 -12.216
0.815739 -7.204 -4.344 -6.788 -8.846 -10.502 -11.654 -9.755 -9.147 -10.545 -11.698 -12.491 -13.003 -9.041 -10.967 -12.163 -12.721 -13.055 -11.209 -12.2 -12.75 -13.03 -13.216 -12.196 -11.589 -12.447 -13.335 -13.3 -13.08 -12.215
0.840411 -7.202 -4.342 -6.787 -8.844 -10.5 -11.653 -9.753 -9.145 -10.544 -11.696 -12.489 -13.001 -9.039 -10.965 -12.161 -12.719 -13.053 -11.207 -12.199 -12.748 -13.028 -13.214 -12.194 -11.588 -12.445 -13.333 -13.299 -13.078 -12.213
0.865828 -7.199 -4.339 -6.784 -8.841 -10.497 -11.65 -9.75 -9.142 -10.541 -11.694 -12.486 -12.998 -9.036 -10.962 -12.158 -12.716 -13.051 -11.204 -12.196 -12.745 -13.025 -13.211 -12.191 -11.585 -12.442 -13.33 -13.296 -13.075 -12.21
0.892015 -7.195 -4.335 -6.78 -8.837 -10.493 -11.646 -9.746 -9.138 -10.537 -11.69 -12.482 -12.994 -9.032 -10.958 -12.154 -12.713 -13.047 -11.2 -12.192 -12.741 -13.021 -13.208 -12.187 -11.581 -12.438 -13.327 -13.292 -13.071 -12.206
0.918993 -7.19 -4.33 -6.775 -8.832 -10.488 -11.641 -9.741 -9.133 -10.532 -11.685 -12.477 -12.989 -9.027 -10.953 -12.149 -12.708 -13.042 -11.195 -12.187 -12.736 -13.016 -13.203 -12.182 -11.576 -12.433 -13.322 -13.287 -13.066 -12.201
0.946787 -7.184 -4.324 -6.769 -8.826 -10.482 -11.635 -9.735 -9.127 -10.526 -11.679 -12.471 -12.983 -9.021 -10.947 -12.143 -12.701 -13.036 -11.189 -12.181 -12.73 -13.01 -13.196 -12.176 -11.57 -12.427 -13.315 -13.281 -13.06 -12.195
0.975422 -7.177 -4.317 -6.761 -8.819 -10.475 -11.627 -9.728 -9.12 -10.518 -11.671 -12.464 -12.976 -9.014 -10.94 -12.136 -12.694 -13.028 -11.182 -12.173 -12.723 -13.003 -13.189 -12.169 -11.562 -12.42 -13.308 -13.273 -13.053 -12.188
1.004923 -7.168 -4.308 -6.753 -8.81 -10.466 -11.619 -9.719 -9.111 -10.51 -11.663 -12.455 -12.967 -9.005 -10.931 -12.127 -12.685 -13.019 -11.173 -12.165 -12.714 -12.994 -13.18 -12.16 -11.554 -12.411 -13.299 -13.265 -13.044 -12.179
1.035317 -7.158 -4.298 -6.743 -8.8 -10.456 -11.609 -9.709 -9.101 -10.5 -11.653 -12.445 -12.957 -8.995 -10.921 -12.117 -12.675 -13.009 -11.163 -12.155 -12.704 -12.984 -13.17 -12.15 -11.544 -12.401 -13.289 -13.255 -13.034 -12.169
1.066629 -7.147 -4.287 -6.731 -8.788 -10.444 -11.597 -9.697 -9.09 -10.488 -11.641 -12.434 -12.945 -8.983 -10.91 -12.106 -12.664 -12.998 -11.152 -12.143 -12.692 -12.972 -13.159 -12.138 -11.532 -12.39 -13.278 -13.243 -13.023 -12.158
1.098888 -7.134 -4.274 -6.718 -8.775 -10.431 -11.584 -9.684 -9.077 -10.475 -11.628 -12.421 -12.932 -8.97 -10.897 -12.093 -12.651 -12.985 -11.139 -12.13 -12.679 -12.959 -13.146 -12.125 -11.519 -12.377 -13.265 -13.23 -13.01 -12.145
1.132124 -7.119 -4.259 -6.703 -8.761 -10.417 -11.57 -9.67 -9.062 -10.461 -11.613 -12.406 -12.918 -8.956 -10.882 -12.078 -12.636 -12.97 -11.124 -12.115 -12.665 -12.945 -13.131 -12.111 -11.505 -12.362 -13.25 -13.216 -12.995 -12.13
1.166364 -7.103 -4.243 -6.687 -8.744 -10.4 -11.553 -9.653 -9.046 -10.444 -11.597 -12.39 -12.901 -8.939 -10.866 -12.062 -12.62 -12.954 -11.108 -12.099 -12.648 -12.928 -13.115 -12.094 -11.488 -12.346 -13.234 -13.199 -12.979 -12.114
1.20164 -7.084 -4.224 -6.669 -8.726 -10.382 -11.535 -9.635 -9.028 -10.426 -11.579 -12.372 -12.883 -8.921 -10.847 -12.044 -12.602 -12.936 -11.09 -12.081 -12.63 -12.91 -13.097 -12.076 -11.47 -12.327 -13.216 -13.181 -12.96 -12.095
1.237983 -7.064 -4.204 -6.649 -8.706 -10.362 -11.515 -9.615 -9.007 -10.406 -11.559 -12.351 -12.863 -8.901 -10.827 -12.024 -12.582 -12.916 -11.069 -12.061 -12.61 -12.89 -13.077 -12.056 -11.45 -12.307 -13.196 -13.161 -12.94 -12.075
1.275425 -7.042 -4.182 -6.627 -8.684 -10.34 -11.493 -9.593 -8.985 -10.384 -11.537 -12.329 -12.841 -8.879 -10.805 -12.001 -12.56 -12.894 -11.047 -12.039 -12.588 -12.868 -13.055 -12.034 -11.428 -12.285 -13.174 -13.139 -12.918 -12.053
1.313999 -7.018 -4.158 -6.603 -8.66 -10.316 -11.469 -9.569 -8.961 -10.36 -11.513 -12.305 -12.817 -8.855 -10.781 -11.977 -12.535 -12.87 -11.023 -12.015 -12.564 -12.844 -13.03 -12.01 -11.404 -12.261 -13.149 -13.115 -12.894 -12.029
1.35374 -6.992 -4.132 -6.576 -8.634 -10.29 -11.442 -9.543 -8.935 -10.333 -11.486 -12.279 -12.79 -8.829 -10.755 -11.951 -12.509 -12.843 -10.997 -11.988 -12.538 -12.818 -13.004 -11.984 -11.377 -12.235 -13.123 -13.088 -12.868 -12.003
1.394683 -6.963 -4.103 -6.548 -8.605 -10.261 -11.414 -9.514 -8.906 -10.305 -11.457 -12.25 -12.762 -8.8 -10.726 -11.922 -12.48 -12.814 -10.968 -11.96 -12.509 -12.789 -12.975 -11.955 -11.349 -12.206 -13.094 -13.06 -12.839 -11.974
1.436864 -6.932 -4.072 -6.516 -8.574 -10.23 -11.382 -9.483 -8.875 -10.273 -11.426 -12.219 -12.73 -8.769 -10.695 -11.891 -12.449 -12.783 -10.937 -11.928 -12.478 -12.758 -12.944 -11.924 -11.317 -12.175 -13.063 -13.028 -12.808 -11.943
1.480321 -6.898 -4.038 -6.482 -8.54 -10.196 -11.349 -9.449 -8.841 -10.24 -11.392 -12.185 -12.697 -8.735 -10.661 -11.857 -12.415 -12.749 -10.903 -11.894 -12.444 -12.724 -12.91 -11.89 -11.284 -12.141 -13.029 -12.995 -12.774 -11.909
1.525092 -6.861 -4.001 -6.446 -8.503 -10.159 -11.312 -9.412 -8.804 -10.203 -11.356 -12.148 -12.66 -8.698 -10.624 -11.82 -12.378 -12.713 -10.866 -11.858 -12.407 -12.687 -12.873 -11.853 -11.247 -12.104 -12.992 -12.958 -12.737 -11.872
1.571218 -6.822 -3.962 -6.406 -8.463 -10.12 -11.272 -9.372 -8.765 -10.163 -11.316 -12.109 -12.62 -8.659 -10.585 -11.781 -12.339 -12.673 -10.827 -11.818 -12.368 -12.647 -12.834 -11.813 -11.207 -12.065 -12.953 -12.918 -12.698 -11.833
1.618738 -6.779 -3.919 -6.363 -8.421 -10.077 -11.23 -9.33 -8.722 -10.121 -11.273 -12.066 -12.578 -8.616 -10.542 -11.738 -12.296 -12.63 -10.784 -11.775 -12.325 -12.605 -12.791 -11.771 -11.165 -12.022 -12.91 -12.876 -12.655 -11.79
1.667696 -6.733 -3.873 -6.318 -8.375 -10.031 -11.184 -9.284 -8.676 -10.075 -11.227 -12.02 -12.532 -8.57 -10.496 -11.692 -12.25 -12.584 -10.738 -11.73 -12.279 -12.559 -12.745 -11.725 -11.119 -11.976 -12.864 -12.83 -12.609 -11.744
1.718134 -6.684 -3.824 -6.268 -8.325 -9.981 -11.134 -9.234 -8.627 -10.025 -11.178 -11.971 -12.482 -8.52 -10.447 -11.643 -12.201 -12.535 -10.689 -11.68 -12.229 -12.509 -12.696 -11.675 -11.069 -11.926 -12.815 -12.78 -12.559 -11.695
1.770098 -6.63 -3.77 -6.215 -8.272 -9.928 -11.081 -9.181 -8.574 -9.972 -11.125 -11.918 -12.429 -8.467 -10.393 -11.59 -12.148 -12.482 -10.635 -11.627 -12.176 -12.456 -12.643 -11.622 -11.016 -11.873 -12.762 -12.727 -12.506 -11.641
1.823633 -6.573 -3.714 -6.158 -8.215 -9.871 -11.024 -9.124 -8.517 -9.915 -11.068 -11.861 -12.372 -8.41 -10.336 -11.533 -12.091 -12.425 -10.579 -11.57 -12.119 -12.399 -12.586 -11.565 -10.959 -11.816 -12.705 -12.67 -12.449 -11.585
1.878788 -6.512 -3.652 -6.097 -8.154 -9.81 -10.963 -9.063 -8.456 -9.854 -11.007 -11.8 -12.311 -8.349 -10.275 -11.472 -12.03 -12.364 -10.518 -11.509 -12.058 -12.338 -12.525 -11.504 -10.898 -11.755 -12.644 -12.609 -12.388 -11.523
1.93561 -6.447 -3.587 -6.032 -8.089 -9.745 -10.898 -8.998 -8.39 -9.789 -10.941 -11.734 -12.246 -8.284 -10.21 -11.406 -11.964 -12.298 -10.452 -11.444 -11.993 -12.273 -12.459 -11.439 -10.833 -11.69 -12.578 -12.544 -12.323 -11.458
1.994152 -6.377 -3.517 -5.962 -8.019 -9.675 -10.828 -8.928 -8.32 -9.719 -10.872 -11.664 -12.176 -8.214 -10.14 -11.336 -11.894 -12.229 -10.382 -11.374 -11.923 -12.203 -12.389 -11.369 -10.763 -11.62 -12.508 -12.474 -12.253 -11.388
2.054463 -6.302 -3.442 -5.887 -7.944 -9.6 -10.753 -8.853 -8.246 -9.644 -10.797 -11.59 -12.101 -8.139 -10.065 -11.262 -11.82 -12.154 -10.308 -11.299 -11.848 -12.128 -12.315 -11.294 -10.688 -11.545 -12.434 -12.399 -12.178 -11.313
2.116599 -6.223 -3.363 -5.807 -7.864 -9.521 -10.673 -8.773 -8.166 -9.564 -10.717 -11.51 -12.021 -8.06 -9.986 -11.182 -11.74 -12.074 -10.228 -11.219 -11.769 -12.048 -12.235 -11.214 -10.608 -11.466 -12.354 -12.319 -12.099 -11.234
2.180614 -6.137 -3.278 -5.722 -7.779 -9.435 -10.588 -8.688 -8.081 -9.479 -10.632 -11.425 -11.936 -7.974 -9.9 -11.097 -11.655 -11.989 -10.143 -11.134 -11.683 -11.963 -12.15 -11.129 -10.523 -11.38 -12.269 -12.234 -12.013 -11.149
2.246566 -6.047 -3.187 -5.631 -7.688 -9.344 -10.497 -8.597 -7.99 -9.388 -10.541 -11.334 -11.845 -7.884 -9.81 -11.006 -11.564 -11.898 -10.052 -11.043 -11.593 -11.872 -12.059 -11.038 -10.432 -11.29 -12.178 -12.143 -11.923 -11.058
2.314511 -5.95 -3.09 -5.534 -7.592 -9.248 -10.4 -8.501 -7.893 -9.291 -10.444 -11.237 -11.748 -7.787 -9.713 -10.909 -11.467 -11.801 -9.955 -10.946 -11.496 -11.776 -11.962 -10.942 -10.335 -11.193 -12.081 -12.046 -11.826 -10.961
2.384512 -5.847 -2.987 -5.431 -7.488 -9.144 -10.297 -8.397 -7.79 -9.188 -10.341 -11.134 -11.645 -7.683 -9.61 -10.806 -11.364 -11.698 -9.852 -10.843 -11.392 -11.672 -11.859 -10.838 -10.232 -11.09 -11.978 -11.943 -11.723 -10.858
2.45663 -5.737 -2.877 -5.321 -7.379 -9.035 -10.187 -8.287 -7.68 -9.078 -10.231 -11.024 -11.535 -7.574 -9.5 -10.696 -11.254 -11.588 -9.742 -10.733 -11.283 -11.562 -11.749 -10.728 -10.122 -10.98 -11.868 -11.833 -11.613 -10.748
2.530929 -5.62 -2.76 -5.204 -7.261 -8.918 -10.07 -8.17 -7.563 -8.961 -10.114 -10.907 -11.418 -7.457 -9.383 -10.579 -11.137 -11.471 -9.625 -10.616 -11.166 -11.445 -11.632 -10.611 -10.005 -10.863 -11.751 -11.716 -11.496 -10.631
2.607475 -5.495 -2.635 -5.08 -7.137 -8.793 -9.946 -8.046 -7.438 -8.837 -9.99 -10.782 -11.294 -7.332 -9.258 -10.454 -11.012 -11.346 -9.5 -10.492 -11.041 -11.321 -11.507 -10.487 -9.881 -10.738 -11.626 -11.592 -11.371 -10.506
2.686337 -5.363 -2.503 -4.947 -7.005 -8.661 -9.813 -7.913 -7.306 -8.704 -9.857 -10.65 -11.161 -7.2 -9.126 -10.322 -10.88 -11.214 -9.368 -10.359 -10.909 -11.188 -11.375 -10.354 -9.748 -10.606 -11.494 -11.459 -11.239 -10.374
2.767583 -5.222 -2.362 -4.806 -6.864 -8.52 -9.672 -7.773 -7.165 -8.563 -9.716 -10.509 -11.021 -7.059 -8.985 -10.181 -10.739 -11.073 -9.227 -10.218 -10.768 -11.048 -11.234 -10.214 -9.607 -10.465 -11.353 -11.318 -11.098 -10.233
2.851287 -5.072 -2.212 -4.657 -6.714 -8.37 -9.523 -7.623 -7.015 -8.414 -9.566 -10.359 -10.871 -6.909 -8.835 -10.031 -10.589 -10.923 -9.077 -10.069 -10.618 -10.898 -11.084 -10.064 -9.458 -10.315 -11.203 -11.169 -10.948 -10.083
2.937522 -4.913 -2.053 -4.497 -6.555 -8.211 -9.364 -7.464 -6.856 -8.255 -9.407 -10.2 -10.712 -6.75 -8.676 -9.872 -10.43 -10.764 -8.918 -9.909 -10.459 -10.739 -10.925 -9.905 -9.299 -10.156 -11.044 -11.01 -10.789 -9.924
3.026365 -4.744 -1.884 -4.328 -6.386 -8.042 -9.194 -7.295 -6.687 -8.085 -9.238 -10.031 -10.542 -6.581 -8.507 -9.703 -10.261 -10.595 -8.749 -9.74 -10.29 -10.57 -10.756 -9.736 -9.129 -9.987 -10.875 -10.84 -10.62 -9.755
3.117896 -4.564 -1.704 -4.149 -6.206 -7.862 -9.015 -7.115 -6.507 -7.906 -9.058 -9.851 -10.363 -6.401 -8.327 -9.523 -10.081 -10.415 -8.569 -9.561 -10.11 -10.39 -10.576 -9.556 -8.95 -9.807 -10.695 -10.661 -10.44 -9.575
3.212194 -4.373 -1.513 -3.958 -6.015 -7.671 -8.824 -6.924 -6.316 -7.715 -8.868 -9.66 -10.172 -6.21 -8.136 -9.332 -9.89 -10.225 -8.378 -9.37 -9.919 -10.199 -10.385 -9.365 -8.759 -9.616 -10.504 -10.47 -10.249 -9.384
3.309345 -4.17 -1.31 -3.755 -5.812 -7.468 -8.621 -6.721 -6.114 -7.512 -8.665 -9.458 -9.969 -6.007 -7.933 -9.13 -9.688 -10.022 -8.175 -9.167 -9.716 -9.996 -10.183 -9.162 -8.556 -9.413 -10.302 -10.267 -10.046 -9.181
3.409434 -3.955 -1.095 -3.54 -5.597 -7.253 -8.406 -6.506 -5.898 -7.297 -8.45 -9.242 -9.754 -5.792 -7.718 -8.914 -9.472 -9.806 -7.96 -8.952 -9.501 -9.781 -9.967 -8.947 -8.341 -9.198 -10.086 -10.052 -9.831 -8.966
3.51255 -3.726 -0.867 -3.311 -5.368 -7.024 -8.177 -6.277 -5.67 -7.068 -8.221 -9.014 -9.525 -5.563 -7.489 -8.686 -9.244 -9.578 -7.732 -8.723 -9.272 -9.552 -9.739 -8.718 -8.112 -8.969 -9.858 -9.823 -9.602 -8.738
3.618785 -3.484 -0.624 -3.068 -5.126 -6.782 -7.934 -6.035 -5.427 -6.825 -7.978 -8.771 -9.282 -5.321 -7.247 -8.443 -9.001 -9.335 -7.489 -8.48 -9.03 -9.31 -9.496 -8.476 -7.869 -8.727 -9.615 -9.58 -9.36 -8.495
3.728232 -3.226 -0.366 -2.811 -4.868 -6.524 -7.677 -5.777 -5.169 -6.568 -7.72 -8.513 -9.025 -5.063 -6.989 -8.185 -8.743 -9.077 -7.231 -8.223 -8.772 -9.052 -9.238 -8.218 -7.612 -8.469 -9.357 -9.323 -9.102 -8.237
3.84099 -2.952 -0.092 -2.537 -4.594 -6.25 -7.403 -5.503 -4.895 -6.294 -7.447 -8.24 -8.751 -4.789 -6.715 -7.912 -8.47 -8.804 -6.957 -7.949 -8.498 -8.778 -8.965 -7.944 -7.338 -8.195 -9.084 -9.049 -8.828 -7.963
3.957158 -2.662 0.198 -2.246 -4.304 -5.96 -7.113 -5.213 -4.605 -6.004 -7.156 -7.949 -8.461 -4.499 -6.425 -7.621 -8.179 -8.513 -6.667 -7.658 -8.208 -8.488 -8.674 -7.654 -7.048 -7.905 -8.793 -8.759 -8.538 -7.673
4.07684 -2.354 0.506 -1.938 -3.995 -5.651 -6.804 -4.904 -4.297 -5.695 -6.848 -7.641 -8.152 -4.191 -6.117 -7.313 -7.871 -8.205 -6.359 -7.35 -7.9 -8.179 -8.366 -7.345 -6.739 -7.597 -8.485 -8.45 -8.23 -7.365
4.200141 -2.026 0.834 -1.611 -3.668 -5.324 -6.477 -4.577 -3.969 -5.368 -6.521 -7.313 -7.825 -3.863 -5.789 -6.985 -7.544 -7.878 -6.031 -7.023 -7.572 -7.852 -8.039 -7.018 -6.412 -7.269 -8.158 -8.123 -7.902 -7.037
4.327172 -1.679 1.181 -1.263 -3.321 -4.977 -6.13 -4.23 -3.622 -5.021 -6.173 -6.966 -7.478 -3.516 -5.442 -6.638 -7.196 -7.53 -5.684 -6.675 -7.225 -7.505 -7.691 -6.671 -6.065 -6.922 -7.81 -7.776 -7.555 -6.69
4.458044 -1.31 1.55 -0.895 -2.952 -4.608 -5.761 -3.861 -3.253 -4.652 -5.805 -6.597 -7.109 -3.147 -5.073 -6.269 -6.827 -7.162 -5.315 -6.307 -6.856 -7.136 -7.322 -6.302 -5.696 -6.553 -7.441 -7.407 -7.186 -6.321
4.592874 -0.919 1.941 -0.503 -2.561 -4.217 -5.369 -3.47 -2.862 -4.26 -5.413 -6.206 -6.717 -2.756 -4.682 -5.878 -6.436 -6.77 -4.924 -5.915 -6.465 -6.745 -6.931 -5.911 -5.304 -6.162 -7.05 -7.015 -6.795 -5.93
4.731783 -0.503 2.357 -0.088 -2.145 -3.801 -4.954 -3.054 -2.446 -3.845 -4.998 -5.79 -6.302 -2.34 -4.266 -5.462 -6.021 -6.355 -4.508 -5.5 -6.049 -6.329 -6.516 -5.495 -4.889 -5.746 -6.635 -6.6 -6.379 -5.514
4.874892 -0.062 2.798 0.353 -1.704 -3.36 -4.513 -2.613 -2.006 -3.404 -4.557 -5.35 -5.861 -1.899 -3.825 -5.022 -5.58 -5.914 -4.067 -5.059 -5.608 -5.888 -6.075 -5.054 -4.448 -5.305 -6.194 -6.159 -5.938 -5.073
5.02233 0.406 3.266 0.821 -1.236 -2.892 -4.045 -2.145 -1.537 -2.936 -4.089 -4.881 -5.393 -1.431 -3.357 -4.553 -5.112 -5.446 -3.599 -4.591 -5.14 -5.42 -5.607 -4.586 -3.98 -4.837 -5.726 -5.691 -5.47 -4.605
5.174227 0.902 3.762 1.318 -0.739 -2.395 -3.548 -1.648 -1.041 -2.439 -3.592 -4.385 -4.896 -0.934 -2.861 -4.057 -4.615 -4.949 -3.103 -4.094 -4.643 -4.923 -5.11 -4.089 -3.483 -4.341 -5.229 -5.194 -4.974 -4.109
5.330718 1.43 4.29 1.845 -0.212 -1.868 -3.021 -1.121 -0.513 -1.912 -3.065 -3.857 -4.369 -0.407 -2.333 -3.529 -4.088 -4.422 -2.575 -3.567 -4.116 -4.396 -4.582 -3.562 -2.956 -3.813 -4.702 -4.667 -4.446 -3.581
