web/models/kne.last_good/kappa_1_10/35/villar_0.0630_0.2337_1.0000.dat
# %ECSV 1.0
# ---
# datatype:
# - {name: time, datatype: float64}
# - {name: swift_uvot_uvw2, datatype: float64}
# - {name: swift_uvot_uvm2, datatype: float64}
# - {name: swift_uvot_uvw1, datatype: float64}
# - {name: swift_uvot_U, datatype: float64}
# - {name: swift_uvot_B, datatype: float64}
# - {name: swift_uvot_V, datatype: float64}
# - {name: swift_uvot_W, datatype: float64}
# - {name: johnson_U, datatype: float64}
# - {name: johnson_B, datatype: float64}
# - {name: johnson_V, datatype: float64}
# - {name: johnson_R, datatype: float64}
# - {name: johnson_I, datatype: float64}
# - {name: sdss_u, datatype: float64}
# - {name: sdss_g, datatype: float64}
# - {name: sdss_r, datatype: float64}
# - {name: sdss_i, datatype: float64}
# - {name: sdss_z, datatype: float64}
# - {name: PS1_g, datatype: float64}
# - {name: PS1_r, datatype: float64}
# - {name: PS1_i, datatype: float64}
# - {name: PS1_z, datatype: float64}
# - {name: PS1_Y, datatype: float64}
# - {name: PS1_w, datatype: float64}
# - {name: ATLAS_c, datatype: float64}
# - {name: ATLAS_o, datatype: float64}
# - {name: ukirt_J, datatype: float64}
# - {name: ukirt_H, datatype: float64}
# - {name: ukirt_K, datatype: float64}
# - {name: Clear, datatype: float64}
# meta: !!omap
# - comment: [kappa = 1.0, type = villar, mass = 0.06299605249512866, velocity = 0.2336666666666667, theta_obs = 0.0]
# schema: astropy-2.0
time swift_uvot_uvw2 swift_uvot_uvm2 swift_uvot_uvw1 swift_uvot_U swift_uvot_B swift_uvot_V swift_uvot_W johnson_U johnson_B johnson_V johnson_R johnson_I sdss_u sdss_g sdss_r sdss_i sdss_z PS1_g PS1_r PS1_i PS1_z PS1_Y PS1_w ATLAS_c ATLAS_o ukirt_J ukirt_H ukirt_K Clear
[from data line 357]
41.654454 149.893 155.109 178.343 188.91 177.081 169.093 152.161 186.866 174.795 167.044 158.687 153.7 188.18 173.026 164.178 158.658 154.193 148.627 148.832 148.811 148.395 146.649 159.896 166.448 159.631 148.466 144.966 142.34 146.863
42.914265 159.59 164.806 188.041 198.607 186.778 178.79 161.859 196.564 184.493 176.741 168.385 163.398 197.878 182.723 173.876 168.356 163.89 158.325 158.529 158.508 158.093 156.347 169.594 176.145 169.328 158.164 154.663 152.037 156.561
44.212178 169.883 175.099 198.334 208.9 197.071 189.083 172.152 206.857 194.786 187.034 178.678 173.691 208.171 193.016 184.168 178.649 174.183 168.618 168.822 168.801 168.386 166.64 179.887 186.438 179.621 168.457 164.956 162.33 166.854
45.549345 180.808 186.024 209.259 219.825 207.996 200.008 183.077 217.782 205.71 197.959 189.603 184.616 219.096 203.941 195.093 189.574 185.108 179.543 179.747 179.726 179.311 177.565 190.812 197.363 190.546 179.382 175.881 173.255 177.779
46.926954 192.404 197.62 220.854 231.421 219.592 211.604 194.672 229.377 217.306 209.555 201.198 196.211 230.691 215.537 206.689 201.169 196.704 191.138 191.343 191.322 190.906 189.16 202.407 208.959 202.142 190.977 187.477 184.851 189.374
48.346227 204.712 209.927 233.162 243.728 231.9 223.911 206.98 241.685 229.614 221.863 213.506 208.519 242.999 227.845 218.997 213.477 209.012 203.446 203.651 203.629 203.214 201.468 214.715 221.267 214.45 203.285 199.784 197.159 201.682
49.808426 217.775 222.991 246.226 256.792 244.963 236.975 220.044 254.749 242.677 234.926 226.57 221.583 256.063 240.908 232.06 226.541 222.075 216.51 216.714 216.693 216.278 214.532 227.779 234.33 227.513 216.349 212.848 210.222 214.746
51.314848 231.641 236.856 260.091 270.657 258.829 250.841 233.909 268.614 256.543 248.792 240.435 235.448 269.928 254.774 245.926 240.406 235.941 230.375 230.58 230.558 230.143 228.397 241.644 248.196 241.379 230.214 226.714 224.088 228.611
52.86683 246.358 251.574 274.808 285.375 273.546 265.558 248.626 283.331 271.26 263.509 255.152 250.165 284.645 269.491 260.643 255.123 250.658 245.092 245.297 245.276 244.86 243.114 256.361 262.913 256.096 244.931 241.431 238.805 243.328
54.465752 261.979 267.194 290.429 300.995 289.167 281.178 264.247 298.952 286.881 279.13 270.773 265.786 300.266 285.112 276.264 270.744 266.278 260.713 260.918 260.896 260.481 258.735 271.982 278.534 271.717 260.552 257.051 254.425 258.949
56.113031 278.558 283.774 307.009 317.575 305.747 297.758 280.827 315.532 303.461 295.709 287.353 282.366 316.846 301.692 292.844 287.324 282.858 277.293 277.498 277.476 277.061 275.315 288.562 295.113 288.297 277.132 273.631 271.005 275.529
57.810132 296.156 301.372 324.607 335.173 323.344 315.356 298.425 333.13 321.059 313.307 304.951 299.964 334.444 319.289 310.442 304.922 300.456 294.891 295.096 295.074 294.659 292.913 306.16 312.711 305.895 294.73 291.229 288.603 293.127
59.55856 314.835 320.051 343.285 353.852 342.023 334.035 317.103 351.808 339.737 331.986 323.629 318.642 353.122 337.968 329.12 323.6 319.135 313.569 313.774 313.753 313.337 311.591 324.838 331.39 324.573 313.408 309.908 307.282 311.806
61.359868 334.66 339.876 363.111 373.677 361.848 353.86 336.929 371.634 359.563 351.811 343.455 338.468 372.948 357.793 348.946 343.426 338.96 333.395 333.6 333.578 333.163 331.417 344.664 351.215 344.399 333.234 329.733 327.107 331.631
63.215655 355.703 360.919 384.154 394.72 382.891 374.903 357.972 392.677 380.605 372.854 364.498 359.511 393.991 378.836 369.988 364.469 360.003 354.438 354.642 354.621 354.206 352.46 365.707 372.258 365.441 354.277 350.776 348.15 352.674
65.127569 378.038 383.254 406.489 417.055 405.226 397.238 380.306 415.012 402.94 395.189 386.832 381.846 416.326 401.171 392.323 386.804 382.338 376.772 376.977 376.956 376.54 374.795 388.041 394.593 387.776 376.611 373.111 370.485 375.009
67.097308 401.744 406.96 430.195 440.761 428.932 420.944 404.013 438.718 426.647 418.895 410.539 405.552 440.032 424.877 416.03 410.51 406.044 400.479 400.684 400.662 400.247 398.501 411.748 418.299 411.483 400.318 396.817 394.191 398.715
69.126621 426.906 432.122 455.357 465.923 454.094 446.106 429.175 463.88 451.809 444.057 435.701 430.714 465.194 450.039 441.192 435.672 431.206 425.641 425.846 425.824 425.409 423.663 436.91 443.461 436.645 425.48 421.979 419.353 423.877
71.217308 453.613 458.829 482.064 492.63 480.801 472.813 455.882 490.587 478.516 470.764 462.408 457.421 491.901 476.746 467.899 462.379 457.913 452.348 452.553 452.531 452.116 450.37 463.617 470.168 463.352 452.187 448.686 446.06 450.584
73.371227 481.96 487.176 510.411 520.977 509.148 501.16 484.229 518.934 506.863 499.111 490.755 485.768 520.248 505.093 496.246 490.726 486.26 480.695 480.899 480.878 480.463 478.717 491.964 498.515 491.698 480.534 477.033 474.407 478.931
75.59029 512.048 517.263 540.498 551.064 539.236 531.248 514.316 549.021 536.95 529.199 520.842 515.855 550.335 535.181 526.333 520.813 516.348 510.782 510.987 510.965 510.55 508.804 522.051 528.603 521.786 510.621 507.121 504.495 509.018
77.876467 543.983 549.198 572.433 582.999 571.171 563.182 546.251 580.956 568.885 561.134 552.777 547.79 582.27 567.116 558.268 552.748 548.283 542.717 542.922 542.9 542.485 540.739 553.986 560.538 553.721 542.556 539.055 536.43 540.953
80.231787 577.879 583.094 606.329 616.895 605.067 597.078 580.147 614.852 602.781 595.03 586.673 581.686 616.166 601.012 592.164 586.644 582.178 576.613 576.818 576.796 576.381 574.635 587.882 594.434 587.617 576.452 572.951 570.326 574.849
82.658343 613.856 619.072 642.306 652.872 641.044 633.056 616.124 650.829 638.758 631.007 622.65 617.663 652.143 636.989 628.141 622.621 618.156 612.59 612.795 612.774 612.358 610.612 623.859 630.411 623.594 612.429 608.929 606.303 610.826
85.158288 652.042 657.258 680.493 691.059 679.23 671.242 654.311 689.016 676.944 669.193 660.837 655.85 690.33 675.175 666.327 660.808 656.342 650.777 650.981 650.96 650.545 648.799 662.046 668.597 661.78 650.616 647.115 644.489 649.013
87.733843 692.573 697.789 721.024 731.59 719.761 711.773 694.842 729.547 717.476 709.724 701.368 696.381 730.861 715.706 706.859 701.339 696.873 691.308 691.512 691.491 691.076 689.33 702.577 709.128 702.311 691.147 687.646 685.02 689.544
90.387293 735.593 740.809 764.044 774.61 762.781 754.793 737.862 772.567 760.495 752.744 744.388 739.401 773.881 758.726 749.878 744.359 739.893 734.328 734.532 734.511 734.096 732.35 745.597 752.148 745.331 734.166 730.666 728.04 732.564
93.120995 781.255 786.47 nan nan nan nan 783.523 nan nan nan 790.941 785.081 nan nan nan nan 785.587 779.989 780.194 780.172 779.757 778.011 nan nan nan 779.828 776.327 773.701 778.225
95.937376 nan nan nan nan nan nan nan nan nan nan nan nan nan nan nan nan nan nan nan nan nan nan nan nan nan nan nan nan nan
98.838937 nan nan nan nan nan nan nan nan nan nan nan nan nan nan nan nan nan nan nan nan nan nan nan nan nan nan nan nan nan
101.828253 nan nan nan nan nan nan nan nan nan nan nan nan nan nan nan nan nan nan nan nan nan nan nan nan nan nan nan nan nan
104.907979 nan nan nan nan nan nan nan nan nan nan nan nan nan nan nan nan nan nan nan nan nan nan nan nan nan nan nan nan nan
108.080849 nan nan nan nan nan nan nan nan nan nan nan nan nan nan nan nan nan nan nan nan nan nan nan nan nan nan nan nan nan
111.349681 nan nan nan nan nan nan nan nan nan nan nan nan nan nan nan nan nan nan nan nan nan nan nan nan nan nan nan nan nan
114.717376 nan nan nan nan nan nan nan nan nan nan nan nan nan nan nan nan nan nan nan nan nan nan nan nan nan nan nan nan nan
118.186925 nan nan nan nan nan nan nan nan nan nan nan nan nan nan nan nan nan nan nan nan nan nan nan nan nan nan nan nan nan
121.761408 nan nan nan nan nan nan nan nan nan nan nan nan nan nan nan nan nan nan nan nan nan nan nan nan nan nan nan nan nan
125.443999 nan nan nan nan nan nan nan nan nan nan nan nan nan nan nan nan nan nan nan nan nan nan nan nan nan nan nan nan nan
129.237967 nan nan nan nan nan nan nan nan nan nan nan nan nan nan nan nan nan nan nan nan nan nan nan nan nan nan nan nan nan
133.146681 nan nan nan nan nan nan nan nan nan nan nan nan nan nan nan nan nan nan nan nan nan nan nan nan nan nan nan nan nan
137.173612 nan nan nan nan nan nan nan nan nan nan nan nan nan nan nan nan nan nan nan nan nan nan nan nan nan nan nan nan nan
141.322334 nan nan nan nan nan nan nan nan nan nan nan nan nan nan nan nan nan nan nan nan nan nan nan nan nan nan nan nan nan
145.596532 nan nan nan nan nan nan nan nan nan nan nan nan nan nan nan nan nan nan nan nan nan nan nan nan nan nan nan nan nan
150.0 nan nan nan nan nan nan nan nan nan nan nan nan nan nan nan nan nan nan nan nan nan nan nan nan nan nan nan nan nan
