web/models/kne.last_good/kappa_1_10/35/villar_0.1443_0.1083_1.0000.dat
# %ECSV 1.0
# ---
# datatype:
# - {name: time, datatype: float64}
# - {name: swift_uvot_uvw2, datatype: float64}
# - {name: swift_uvot_uvm2, datatype: float64}
# - {name: swift_uvot_uvw1, datatype: float64}
# - {name: swift_uvot_U, datatype: float64}
# - {name: swift_uvot_B, datatype: float64}
# - {name: swift_uvot_V, datatype: float64}
# - {name: swift_uvot_W, datatype: float64}
# - {name: johnson_U, datatype: float64}
# - {name: johnson_B, datatype: float64}
# - {name: johnson_V, datatype: float64}
# - {name: johnson_R, datatype: float64}
# - {name: johnson_I, datatype: float64}
# - {name: sdss_u, datatype: float64}
# - {name: sdss_g, datatype: float64}
# - {name: sdss_r, datatype: float64}
# - {name: sdss_i, datatype: float64}
# - {name: sdss_z, datatype: float64}
# - {name: PS1_g, datatype: float64}
# - {name: PS1_r, datatype: float64}
# - {name: PS1_i, datatype: float64}
# - {name: PS1_z, datatype: float64}
# - {name: PS1_Y, datatype: float64}
# - {name: PS1_w, datatype: float64}
# - {name: ATLAS_c, datatype: float64}
# - {name: ATLAS_o, datatype: float64}
# - {name: ukirt_J, datatype: float64}
# - {name: ukirt_H, datatype: float64}
# - {name: ukirt_K, datatype: float64}
# - {name: Clear, datatype: float64}
# meta: !!omap
# - comment: [kappa = 1.0, type = villar, mass = 0.1442699905917794, velocity = 0.10833333333333334, theta_obs = 0.0]
# schema: astropy-2.0
time swift_uvot_uvw2 swift_uvot_uvm2 swift_uvot_uvw1 swift_uvot_U swift_uvot_B swift_uvot_V swift_uvot_W johnson_U johnson_B johnson_V johnson_R johnson_I sdss_u sdss_g sdss_r sdss_i sdss_z PS1_g PS1_r PS1_i PS1_z PS1_Y PS1_w ATLAS_c ATLAS_o ukirt_J ukirt_H ukirt_K Clear
[from data line 357]
41.654454 23.286 28.502 51.737 62.303 50.474 42.486 25.555 60.26 48.189 40.437 32.081 27.094 61.574 46.419 37.571 32.052 27.586 22.021 22.225 22.204 21.789 20.043 33.29 39.841 33.024 21.86 18.359 15.733 20.257
42.914265 25.249 30.465 53.7 64.266 52.437 44.449 27.518 62.223 50.152 42.4 34.044 29.057 63.537 48.382 39.535 34.015 29.549 23.984 24.189 24.167 23.752 22.006 35.253 41.804 34.988 23.823 20.322 17.696 22.22
44.212178 27.333 32.549 55.784 66.35 54.521 46.533 29.602 64.307 52.235 44.484 36.128 31.141 65.621 50.466 41.618 36.099 31.633 26.068 26.272 26.251 25.835 24.09 37.337 43.888 37.071 25.906 22.406 19.78 24.304
45.549345 29.545 34.76 57.995 68.561 56.733 48.745 31.813 66.518 54.447 46.696 38.339 33.352 67.832 52.678 43.83 38.31 33.845 28.279 28.484 28.462 28.047 26.301 39.548 46.1 39.283 28.118 24.618 21.992 26.515
46.926954 31.892 37.108 60.343 70.909 59.08 51.092 34.161 68.866 56.795 49.043 40.687 35.7 70.18 55.025 46.178 40.658 36.192 30.627 30.831 30.81 30.395 28.649 41.896 48.447 41.63 30.466 26.965 24.339 28.863
48.346227 34.384 39.6 62.834 73.401 61.572 53.584 36.652 71.357 59.286 51.535 43.178 38.191 72.671 57.517 48.669 43.149 38.684 33.118 33.323 33.302 32.886 31.14 44.387 50.939 44.122 32.957 29.457 26.831 31.354
49.808426 37.029 42.244 65.479 76.045 64.217 56.228 39.297 74.002 61.931 54.179 45.823 40.836 75.316 60.162 51.314 45.794 41.328 35.763 35.968 35.946 35.531 33.785 47.032 53.583 46.767 35.602 32.101 29.475 33.999
51.314848 39.836 45.051 68.286 78.852 67.024 59.035 42.104 76.809 64.738 56.986 48.63 43.643 78.123 62.969 54.121 48.601 44.135 38.57 38.775 38.753 38.338 36.592 49.839 56.39 49.574 38.409 34.908 32.282 36.806
52.86683 42.815 48.031 71.265 81.832 70.003 62.015 45.083 79.788 67.717 59.966 51.609 46.622 81.102 65.948 57.1 51.58 47.115 41.549 41.754 41.733 41.317 39.571 52.818 59.37 52.553 41.388 37.888 35.262 39.785
54.465752 45.977 51.193 74.428 84.994 73.165 65.177 48.246 82.951 70.879 63.128 54.772 49.785 84.265 69.11 60.262 54.743 50.277 44.712 44.916 44.895 44.48 42.734 55.981 62.532 55.715 44.551 41.05 38.424 42.948
56.113031 49.334 54.549 77.784 88.35 76.522 68.533 51.602 86.307 74.236 66.485 58.128 53.141 87.621 72.467 63.619 58.099 53.634 48.068 48.273 48.251 47.836 46.09 59.337 65.889 59.072 47.907 44.406 41.781 46.304
57.810132 52.896 58.112 81.347 91.913 80.084 72.096 55.165 89.87 77.799 70.047 61.691 56.704 91.184 76.029 67.181 61.662 57.196 51.631 51.835 51.814 51.399 49.653 62.9 69.451 62.634 51.47 47.969 45.343 49.867
59.55856 56.678 61.893 85.128 95.694 83.866 75.877 58.946 93.651 81.58 73.829 65.472 60.485 94.965 79.811 70.963 65.443 60.977 55.412 55.617 55.595 55.18 53.434 66.681 73.232 66.416 55.251 51.75 49.124 53.648
61.359868 60.691 65.907 89.142 99.708 87.879 79.891 62.96 97.665 85.593 77.842 69.486 64.499 98.979 83.824 74.976 69.457 64.991 59.426 59.63 59.609 59.193 57.448 70.695 77.246 70.429 59.264 55.764 53.138 57.662
63.215655 64.951 70.167 93.402 103.968 92.139 84.151 67.219 101.925 89.853 82.102 73.745 68.759 103.239 88.084 79.236 73.717 69.251 63.685 63.89 63.869 63.453 61.708 74.954 81.506 74.689 63.524 60.024 57.398 61.922
65.127569 69.473 74.688 97.923 108.489 96.661 88.672 71.741 106.446 94.375 86.624 78.267 73.28 107.76 92.606 83.758 78.238 73.772 68.207 68.412 68.39 67.975 66.229 79.476 86.028 79.211 68.046 64.545 61.919 66.443
67.097308 74.272 79.487 102.722 113.288 101.46 93.472 76.54 111.245 99.174 91.423 83.066 78.079 112.559 97.405 88.557 83.037 78.572 73.006 73.211 73.189 72.774 71.028 84.275 90.827 84.01 72.845 69.344 66.719 71.242
69.126621 79.366 84.581 107.816 118.382 106.554 98.565 81.634 116.339 104.268 96.517 88.16 83.173 117.653 102.499 93.651 88.131 83.665 78.1 78.305 78.283 77.868 76.122 89.369 95.921 89.104 77.939 74.438 71.813 76.336
71.217308 84.772 89.988 113.223 123.789 111.96 103.972 87.041 121.746 109.675 101.923 93.567 88.58 123.06 107.905 99.058 93.538 89.072 83.507 83.711 83.69 83.275 81.529 94.776 101.327 94.51 83.346 79.845 77.219 81.743
73.371227 90.511 95.727 118.961 129.528 117.699 109.711 92.779 127.484 115.413 107.662 99.305 94.318 128.798 113.644 104.796 99.276 94.811 89.245 89.45 89.429 89.013 87.267 100.514 107.066 100.249 89.084 85.584 82.958 87.481
75.59029 96.602 101.818 125.052 135.619 123.79 115.802 98.87 133.575 121.504 113.753 105.396 100.409 134.889 119.735 110.887 105.367 100.902 95.336 95.541 95.52 95.104 93.358 106.605 113.157 106.34 95.175 91.675 89.049 93.572
77.876467 103.067 108.283 131.517 142.084 130.255 122.267 105.335 140.04 127.969 120.218 111.861 106.874 141.354 126.2 117.352 111.832 107.367 101.801 102.006 101.985 101.569 99.823 113.07 119.622 112.805 101.64 98.14 95.514 100.038
80.231787 109.929 115.145 138.379 148.946 137.117 129.129 112.197 146.902 134.831 127.08 118.723 113.736 148.216 133.062 124.214 118.694 114.229 108.663 108.868 108.847 108.431 106.685 119.932 126.484 119.667 108.502 105.002 102.376 106.899
82.658343 117.212 122.428 145.663 156.229 144.4 136.412 119.481 154.186 142.115 134.363 126.007 121.02 155.5 140.345 131.497 125.978 121.512 115.947 116.151 116.13 115.715 113.969 127.216 133.767 126.95 115.786 112.285 109.659 114.183
85.158288 124.943 130.158 153.393 163.959 152.131 144.143 127.211 161.916 149.845 142.094 133.737 128.75 163.23 148.076 139.228 133.708 129.243 123.677 123.882 123.86 123.445 121.699 134.946 141.498 134.681 123.516 120.016 117.39 121.913
87.733843 133.148 138.364 161.599 172.165 160.336 152.348 135.416 170.122 158.05 150.299 141.942 136.956 171.436 156.281 147.433 141.913 137.448 131.882 132.087 132.066 131.65 129.905 143.151 149.703 142.886 131.721 128.221 125.595 130.119
90.387293 141.857 147.073 170.308 180.874 169.045 161.057 144.126 178.831 166.759 159.008 150.652 145.665 180.145 164.99 156.142 150.623 146.157 140.592 140.796 140.775 140.359 138.614 151.861 158.412 151.595 140.43 136.93 134.304 138.828
93.120995 151.101 156.317 179.551 190.118 178.289 170.301 153.369 188.074 176.003 168.252 159.895 154.908 189.388 174.234 165.386 159.866 155.401 149.835 150.04 150.019 149.603 147.857 161.104 167.656 160.839 149.674 146.174 143.548 148.072
95.937376 160.912 166.128 189.363 199.929 188.1 180.112 163.181 197.886 185.815 178.063 169.707 164.72 199.2 184.045 175.198 169.678 165.212 159.647 159.852 159.83 159.415 157.669 170.916 177.467 170.651 159.486 155.985 153.359 157.883
98.838937 171.326 176.542 199.777 210.343 198.514 190.526 173.595 208.3 196.229 188.477 180.121 175.134 209.614 194.459 185.611 180.092 175.626 170.061 170.265 170.244 169.829 168.083 181.33 187.881 181.064 169.9 166.399 163.773 168.297
101.828253 182.38 187.595 210.83 221.396 209.568 201.579 184.648 219.353 207.282 199.531 191.174 186.187 220.667 205.513 196.665 191.145 186.679 181.114 181.319 181.297 180.882 179.136 192.383 198.935 192.118 180.953 177.452 174.826 179.35
104.907979 194.112 199.327 222.562 233.128 221.3 213.311 196.38 231.085 219.014 211.263 202.906 197.919 232.399 217.245 208.397 202.877 198.411 192.846 193.051 193.029 192.614 190.868 204.115 210.667 203.85 192.685 189.184 186.559 191.082
108.080849 206.564 211.78 235.015 245.581 233.752 225.764 208.832 243.538 231.466 223.715 215.359 210.372 244.852 229.697 220.849 215.33 210.864 205.298 205.503 205.482 205.066 203.321 216.568 223.119 216.302 205.137 201.637 199.011 203.535
111.349681 219.781 224.997 248.232 258.798 246.969 238.981 222.05 256.755 244.683 236.932 228.576 223.589 258.069 242.914 234.066 228.547 224.081 218.516 218.72 218.699 218.284 216.538 229.785 236.336 229.519 218.354 214.854 212.228 216.752
114.717376 233.81 239.025 262.26 272.826 260.998 253.009 236.078 270.783 258.712 250.961 242.604 237.617 272.097 256.943 248.095 242.575 238.11 232.544 232.749 232.727 232.312 230.566 243.813 250.365 243.548 232.383 228.882 226.257 230.78
118.186925 248.7 253.915 277.15 287.716 275.888 267.9 250.968 285.673 273.602 265.851 257.494 252.507 286.987 271.833 262.985 257.465 253.0 247.434 247.639 247.617 247.202 245.456 258.703 265.255 258.438 247.273 243.773 241.147 245.67
121.761408 264.504 269.72 292.955 303.521 291.692 283.704 266.773 301.478 289.406 281.655 273.299 268.312 302.792 287.637 278.789 273.27 268.804 263.239 263.443 263.422 263.006 261.261 274.508 281.059 274.242 263.077 259.577 256.951 261.475
125.443999 281.279 286.495 309.729 320.296 308.467 300.479 283.547 318.252 306.181 298.43 290.073 285.086 319.566 304.412 295.564 290.044 285.579 280.013 280.218 280.197 279.781 278.035 291.282 297.834 291.017 279.852 276.352 273.726 278.249
129.237967 299.084 304.299 327.534 338.1 326.272 318.283 301.352 336.057 323.986 316.235 307.878 302.891 337.371 322.217 313.369 307.849 303.384 297.818 298.023 298.001 297.586 295.84 309.087 315.639 308.822 297.657 294.156 291.531 296.054
133.146681 317.982 323.197 346.432 356.998 345.17 337.181 320.25 354.955 342.884 335.133 326.776 321.789 356.269 341.115 332.267 326.747 322.282 316.716 316.921 316.899 316.484 314.738 327.985 334.537 327.72 316.555 313.054 310.429 314.952
137.173612 338.04 343.256 366.491 377.057 365.228 357.24 340.309 375.014 362.943 355.191 346.835 341.848 376.328 361.173 352.325 346.806 342.34 336.775 336.979 336.958 336.543 334.797 348.044 354.595 347.778 336.614 333.113 330.487 335.011
141.322334 359.33 364.546 387.781 398.347 386.518 378.53 361.599 396.304 384.233 376.481 368.125 363.138 397.618 382.463 373.616 368.096 363.63 358.065 358.27 358.248 357.833 356.087 369.334 375.885 369.069 357.904 354.403 351.777 356.301
145.596532 381.928 387.143 410.378 420.944 409.116 401.128 384.196 418.901 406.83 399.079 390.722 385.735 420.215 405.061 396.213 390.693 386.228 380.662 380.867 380.845 380.43 378.684 391.931 398.483 391.666 380.501 377.0 374.375 378.898
150.0 405.913 411.128 434.363 444.929 433.101 425.112 408.181 442.886 430.815 423.064 414.707 409.72 444.2 429.046 420.198 414.678 410.213 404.647 404.852 404.83 404.415 402.669 415.916 422.468 415.651 404.486 400.985 398.36 402.883
