web/models/kne/48/mosfit_kn_0.041628_0.4060_3.6500.dat
# %ECSV 1.0
# ---
# datatype:
# - {name: time, datatype: float64}
# - {name: PS1_g, datatype: float64}
# - {name: PS1_i, datatype: float64}
# - {name: PS1_r, datatype: float64}
# - {name: PS1_w, datatype: float64}
# - {name: PS1_y, datatype: float64}
# - {name: PS1_z, datatype: float64}
# - {name: swift_uvot_B, datatype: float64}
# - {name: swift_uvot_U, datatype: float64}
# - {name: swift_uvot_uvm2, datatype: float64}
# - {name: swift_uvot_uvw1, datatype: float64}
# - {name: swift_uvot_uvw2, datatype: float64}
# - {name: swift_uvot_V, datatype: float64}
# - {name: johnson_B, datatype: float64}
# - {name: johnson_I, datatype: float64}
# - {name: johnson_R, datatype: float64}
# - {name: johnson_U, datatype: float64}
# - {name: johnson_V, datatype: float64}
# - {name: sdss_g, datatype: float64}
# - {name: sdss_i, datatype: float64}
# - {name: sdss_r, datatype: float64}
# - {name: sdss_u, datatype: float64}
# - {name: sdss_z, datatype: float64}
# - {name: ATLAS_c, datatype: float64}
# - {name: ATLAS_o, datatype: float64}
# - {name: ukirt_H, datatype: float64}
# - {name: ukirt_J, datatype: float64}
# - {name: ukirt_K, datatype: float64}
# - {name: Clear, datatype: float64}
# meta: !!omap
# - comment: [kappa = 3.65, type = rprocess, mass = 0.04162766037032262, velocity = 0.406, theta_obs = 0.0, tfloor = 1000.0]
# schema: astropy-2.0
time PS1_g PS1_i PS1_r PS1_w PS1_y PS1_z swift_uvot_B swift_uvot_U swift_uvot_uvm2 swift_uvot_uvw1 swift_uvot_uvw2 swift_uvot_V johnson_B johnson_I johnson_R johnson_U johnson_V sdss_g sdss_i sdss_r sdss_u sdss_z ATLAS_c ATLAS_o ukirt_H ukirt_J ukirt_K Clear
[from data line 319]
19.238476953907814 8.481564451554053 -0.4002643616452417 3.074806416392608 1.1068826048886216 -3.9234544101704927 -2.5057784453233722 12.021471028118523 18.680415126013443 32.569010430042624 14.64599765808801 17.15901416456766 6.441081144424838 10.817533711152333 -1.9537776680671923 1.0162550986578076 17.6494139467617 5.486058809256085 9.29410455286849 -0.31900840953223764 3.30329507588905 19.18152065618827 -3.079206057345356 5.05388298613525 0.6014704615254729 -8.872441788085988 -6.722952492596297 -10.23273046855916 -1.1790114388727169
19.298597194388776 8.489616166552949 -0.39221264664634603 3.0828581313915038 1.1149343198875172 -3.915402695171597 -2.4977267303244766 12.029522743117418 18.68846684101234 32.57706214504151 14.654049373086888 17.16706587956654 6.449132859423734 10.825585426151228 -1.9457259530682967 1.0243068136567033 17.657465661760597 5.494110524254981 9.302156267867385 -0.31095669453334196 3.311346790887928 19.189572371187165 -3.0711543423464605 5.061934701134145 0.6095221765243686 -8.864390073087092 -6.714900777597402 -10.224678753560264 -1.1709597238738212
19.35871743486974 8.49764812522773 -0.38418068797154703 3.0908900900663028 1.1229662785623162 -3.907370736496798 -2.4896947716496776 12.037554701792217 18.696498799687138 32.58509410371631 14.662081331761687 17.17509783824134 6.457164818098533 10.833617384826027 -1.9376939943934977 1.0323387723315023 17.665497620435396 5.50214248292978 9.310188226542184 -0.30292473585854296 3.319378749562727 19.197604329861964 -3.0631223836716615 5.069966659808944 0.6175541351991498 -8.856358114412293 -6.706868818922603 -10.216646794885465 -1.1629277651990222
19.4188376753507 8.505660552734255 -0.37616826046502183 3.098902517572828 1.1309787060688414 -3.8993583089902906 -2.4816823441431524 12.045567129298743 18.704511227193663 32.59310653122284 14.670093759268212 17.183110265747864 6.46517724560504 10.841629812332553 -1.9296815668869725 1.0403511998380275 17.673510047941903 5.510154910436305 9.31820065404871 -0.2949123083520355 3.327391177069252 19.20561675736849 -3.055109956165154 5.0779790873154695 0.625566562705675 -8.848345686905768 -6.6988563914160775 -10.208634367378957 -1.1549153376925148
19.478957915831664 8.513653674593975 -0.36817513860530227 3.1068956394325298 1.138971827928561 -3.891365187130571 -2.473689222283433 12.053560251158462 18.712504349053383 32.60109965308256 14.678086881127932 17.191103387607583 6.47317036746476 10.849622934192272 -1.921688445027253 1.048344321697747 17.681503169801623 5.518148032296007 9.326193775908429 -0.28691918649231596 3.3353842989289717 19.21360987922821 -3.0471168343054345 5.085972209175189 0.6335596845653946 -8.840352565046066 -6.690863269556376 -10.200641245519238 -1.1469222158327952
19.539078156312623 8.521627700449628 -0.3602011127496496 3.1148696652881824 1.1469458537842137 -3.8833911612749183 -2.46571519642778 12.061534277014115 18.720478374909035 32.609073678938195 14.686060906983585 17.199077413463236 6.481144393320412 10.857596960047925 -1.9137144191716002 1.0563183475533997 17.689477195657275 5.5261220581516595 9.334167801764064 -0.2789451606366633 3.3433583247846244 19.22158390508386 -3.039142808449782 5.093946235030824 0.6415337104210472 -8.832378539190413 -6.682889243700723 -10.192667219663585 -1.1389481899771425
19.599198396793586 8.52958288090143 -0.35224593229784773 3.122824845740002 1.1549010342360155 -3.8754359808231165 -2.4577600159759783 12.069489457465917 18.728433555360837 32.61702885939001 14.694016087435386 17.207032593915038 6.489099573772214 10.865552140499727 -1.9057592387197984 1.0642735280052016 17.697432376109077 5.534077238603479 9.342122982215884 -0.2709899801848614 3.3513135052364262 19.229539085535663 -3.03118762799798 5.101901415482644 0.6494888908728491 -8.824423358738594 -6.674934063248903 -10.184712039211783 -1.1309930095253407
19.65931863727455 8.537519420751707 -0.3443093924475882 3.1307613855902616 1.162837574086275 -3.867499440972839 -2.4498234761257187 12.077425997316176 18.736370095211097 32.624965399240274 14.701952627285664 17.214969133765297 6.4970361136224914 10.873488680349986 -1.8978226988695388 1.0722100678554611 17.705368915959355 5.542013778453739 9.350059522066143 -0.2630534403345841 3.3592500450867036 19.237475625385922 -3.0232510881477026 5.109837955332903 0.6574254307231264 -8.816486818888334 -6.666997523398644 -10.176775499361506 -1.1230564696750633
19.71943887775551 8.545437538760634 -0.33639127443864325 3.1386795035992066 1.17075569209522 -3.8595813229638942 -2.441905358116774 12.085344115325121 18.74428821322004 32.63288351724921 14.709870745294591 17.222887251774242 6.504954231631436 10.881406798358931 -1.8899045808605939 1.080128185864406 17.7132870339683 5.549931896462684 9.357977640075088 -0.25513532232565694 3.3671681630956307 19.245393743394867 -3.0153329701387754 5.117756073341848 0.6653435487320536 -8.80856870087939 -6.659079405389699 -10.168857381352579 -1.1151383516661184
19.779559118236474 8.55333745338024 -0.3284913598190542 3.1465794182187956 1.178655606714809 -3.851681408344305 -2.4340054434971847 12.09324402994471 18.75218812783963 32.64078343186881 14.717770659914198 17.23078716639383 6.512854146251025 10.88930671297852 -1.8820046662410048 1.0880281004839951 17.72118694858789 5.557831811082273 9.365877554694677 -0.24723540770605013 3.3750680777152375 19.253293658014456 -3.0074330555191686 5.125655987961437 0.6732434633516604 -8.8006687862598 -6.65117949077011 -10.160957466732972 -1.1072384370465294
19.839679358717433 8.561219362886234 -0.32060945031306076 3.154461327724789 1.1865375162208025 -3.8437994988383117 -2.4261235339911913 12.101125939450704 18.760070037345624 32.6486653413748 14.725652569420191 17.238669075899843 6.520736055757019 10.897188622484514 -1.8741227567350114 1.0959100099899886 17.729068858093882 5.565713720588266 9.37375946420067 -0.2393534982000567 3.382949987221231 19.26117556752045 -2.999551146013175 5.133537897467431 0.6811253728576538 -8.792786876753807 -6.643297581264116 -10.153075557226979 -1.099356527540536
19.899799599198396 8.569083466373026 -0.3127453468262509 3.162325431211581 1.1944016197075946 -3.8359353953515196 -2.4182594305043814 12.108990042937513 18.767934140832416 32.6565294448616 14.733516672906983 17.246533179386635 6.528600159243811 10.905052725971323 -1.8662586532482015 1.1037741134767807 17.736932961580674 5.573577824075058 9.381623567687463 -0.23148939471326457 3.390814090708023 19.269039671007242 -2.991687042526383 5.141402000954223 0.688989476344446 -8.784922773267015 -6.635433477777324 -10.145211453740187 -1.0914924240537438
19.95991983967936 8.576929989810136 -0.3048988233891414 3.1701719546486906 1.2022481431447218 -3.82808887191441 -2.410412907067272 12.116836566374623 18.775780664269544 32.664375968298714 14.741363196344093 17.254379702823744 6.53644668268092 10.912899249408433 -1.858412129811092 1.111620636913908 17.744779485017784 5.581424347512168 9.38947009112459 -0.22364287127615512 3.3986606141451325 19.27688619444437 -2.9838405190892736 5.14924852439135 0.6968359997815554 -8.777076249829905 -6.627586954340215 -10.137364930303077 -1.0836459006166343
20.02004008016032 8.584759136660693 -0.2970696765386016 3.178001101499248 1.2100772899952617 -3.8202597250638526 -2.402583760216732 12.124665713225163 18.783609811120083 32.67220511514926 14.74919234319465 17.262208849674284 6.544275829531478 10.920728396258973 -1.8505829829605522 1.1194497837644477 17.75260863186834 5.589253494362725 9.39729923797513 -0.21581372442559754 3.40648976099569 19.28471534129491 -2.976011372238716 5.15707767124189 0.704665146632113 -8.769247102979348 -6.619757807489657 -10.12953578345252 -1.0758167537660768
20.080160320641284 8.592571100716473 -0.2892577124828044 3.1858130655550276 1.217889254051041 -3.812447761008073 -2.394771796160935 12.13247767728096 18.791421775175863 32.680017079205044 14.75700430725043 17.27002081373008 6.5520877935872575 10.92854036031477 -1.842771018904755 1.127261747820245 17.76042059592412 5.597065458418505 9.40511120203091 -0.2080017603698181 3.4143017250514696 19.29252730535069 -2.9681994081829366 5.164889635297669 0.7124771106878924 -8.761435138923568 -6.611945843433878 -10.12172381939674 -1.0680047897102973
20.140280561122243 8.600366079157702 -0.2814627340415754 3.1936080439962566 1.22568423249227 -3.804652782566844 -2.386976817719706 12.140272655722189 18.79921675361709 32.687812057646276 14.764799285691659 17.27781579217131 6.5598827720284865 10.936335338755999 -1.834976040463526 1.135056726261474 17.76821557436535 5.604860436859734 9.412906180472138 -0.2002067819285891 3.4220967034926986 19.300322283791917 -2.9604044297417076 5.172684613738898 0.7202720891291214 -8.75364016048234 -6.604150864992649 -10.113928840955511 -1.0602098112690683
20.200400801603205 8.608144265901263 -0.27368454729803204 3.2013862307398178 1.2334624192358312 -3.796874595823283 -2.3791986309761626 12.148050842465732 18.806994940360653 32.69559024438983 14.772577472435202 17.285593978914854 6.567660958772048 10.944113525499542 -1.8271978537199827 1.1428349130050173 17.77599376110891 5.612638623603295 9.4206843672157 -0.19242859518502797 3.429874890236242 19.30810047053548 -2.9526262429981465 5.180462800482459 0.7280502758726826 -8.745861973738778 -6.596372678249088 -10.10615065421195 -1.0524316245255072
20.260521042084168 8.615905832673718 -0.2659229805255592 3.2091477975122906 1.241223986008304 -3.78911302905081 -2.3714370642036897 12.155812409238205 18.814756507133126 32.7033518111623 14.780339039207675 17.293355545687326 6.575422525544503 10.951875092272015 -1.8194362869475098 1.1505964797774901 17.783755327881384 5.620400190375768 9.428445933988172 -0.18466702841257288 3.437636457008715 19.31586203730795 -2.9448646762256914 5.188224367254932 0.7358118426451377 -8.738100406966305 -6.588611111476615 -10.098389087439495 -1.044670057753052
20.32064128256513 8.623650997915497 -0.2581778152837977 3.216892962754052 1.2489691512500656 -3.7813678638090487 -2.363691898961928 12.163557574479967 18.822501672374887 32.71109697640407 14.788084204449454 17.301100710929106 6.583167690786282 10.959620257513777 -1.8116911217057483 1.1583416450192516 17.791500493123145 5.628145355617529 9.436191099229934 -0.17692186317079361 3.445381622250494 19.323607202549713 -2.937119510983912 5.195969532496694 0.7435570078869169 -8.730355241724544 -6.580865946234853 -10.090643922197716 -1.0369248925112728
20.38076152304609 8.631379940126074 -0.2504488730732213 3.2246219049646285 1.256698093460642 -3.7736389215984723 -2.355962956751352 12.17128651669056 18.830230614585464 32.71882591861465 14.79581314666003 17.308829653139682 6.590896632996858 10.967349199724353 -1.8039621794951541 1.166070587229828 17.79922943533372 5.635874297828106 9.44392004144051 -0.1691929209602172 3.4531105644610705 19.33133614476029 -2.9293905687733357 5.20369847470727 0.7512859500974933 -8.722626299513967 -6.573137004024277 -10.08291497998714 -1.0291959503006964
20.440881763527052 8.639092842062563 -0.24273597113671386 3.232334806901118 1.2644109953971494 -3.7659260196619826 -2.3482500548148444 12.17899941862705 18.83794351652197 32.72653882055114 14.80352604859652 17.316542555076172 6.598609534933348 10.97506210166086 -1.7962492775586645 1.1737834891663355 17.80694233727021 5.643587199764613 9.451632943377017 -0.16148001902372755 3.46082346639756 19.339049046696797 -2.921677666836846 5.2114113766437775 0.758998852033983 -8.714913397577478 -6.565424102087787 -10.07520207805065 -1.0214830483642068
20.501002004008015 8.6467898901682 -0.23503892303109453 3.2400318550067553 1.2721080435027687 -3.7582289715563455 -2.340553006709225 12.18669646673267 18.84564056462759 32.73423586865676 14.81122309670214 17.32423960318179 6.606306583038985 10.98275914976648 -1.7885522294530452 1.1814805372719548 17.81463938537585 5.651284247870232 9.459329991482637 -0.15378297091809046 3.4685205145031794 19.346746094802416 -2.913980618731209 5.219108424749397 0.7666959001396201 -8.70721634947184 -6.55772705398215 -10.067505029945012 -1.0137860002585697
20.561122244488978 8.654471257768215 -0.2273575554310625 3.2477132226067695 1.2797894111028008 -3.7505476039563312 -2.332871639109193 12.194377834332702 18.853321932227622 32.74191723625679 14.818904464302172 17.331920970781823 6.613987950638999 10.990440517366512 -1.7808708618530131 1.1891619048719868 17.822320752975862 5.658965615470247 9.467011359082651 -0.1461016033180762 3.4762018821032115 19.354427462402448 -2.9062992511311947 5.226789792349411 0.7743772677396343 -8.699534981871826 -6.550045686382136 -10.059823662344998 -1.0061046326585554
20.62124248496994 8.66213709881885 -0.21969171438042778 3.2553790636574043 1.2874552521534177 -3.7428817629056965 -2.3252057980585583 12.202043675383337 18.86098777327824 32.74958307730742 14.826570305352806 17.339586811832458 6.621653791689634 10.998106358417147 -1.7732050208023784 1.1968277459226215 17.829986594026497 5.666631456520881 9.474677200133286 -0.13843576226744148 3.483867723153846 19.362093303453065 -2.89863341008056 5.234455633400046 0.7820431087902691 -8.691869140821192 -6.542379845331501 -10.052157821294363 -0.9984387916079207
20.6813627254509 8.669787621271627 -0.21204119192764992 3.2630295861102 1.2951057746062133 -3.7352312404529187 -2.3175552756057805 12.209694197836114 18.868638295731035 32.757233599760205 14.834220827805584 17.347237334285236 6.629304314142412 11.005756880869924 -1.7655544983496005 1.2044782683753994 17.837637116479275 5.674281978973677 9.482327722586081 -0.1307852398146636 3.491518245606624 19.36974382590586 -2.890982887627782 5.2421061558528415 0.7896936312430469 -8.684218618368396 -6.534729322878723 -10.044507298841586 -0.9907882691551428
20.741482965931862 8.677422990771184 -0.20440582242809313 3.2706649556097567 1.3027411441057701 -3.727595870953362 -2.3099199061062237 12.217329567335671 18.876273665230592 32.764868969259766 14.841856197305141 17.354872703784793 6.636939683641969 11.013392250369481 -1.7579191288500438 1.2121136378749562 17.845272485978832 5.681917348473234 9.489963092085638 -0.12314987031510682 3.499153615106181 19.377379195405418 -2.8833475181282253 5.249741525352398 0.7973290007426037 -8.67658324886884 -6.527093953379149 -10.036871929342029 -0.983152899655586
20.801603206412825 8.68504337360557 -0.1967854395937252 3.2782853384441246 1.310361526940138 -3.719975488118976 -2.3022995232718557 12.22494995017004 18.88389404806496 32.772489352094134 14.849476580139509 17.36249308661916 6.644560066476354 11.02101263320385 -1.7502987460156758 1.2197340207093241 17.852892868813218 5.689537731307602 9.497583474920006 -0.11552948748072112 3.506773997940549 19.384999578239785 -2.8757271352938396 5.257361908186766 0.8049493835769894 -8.668962866034471 -6.519473570544781 -10.029251546507643 -0.9755325168212003
20.861723446893787 8.69264893920155 -0.18917987399772684 3.285890904040105 1.3179670925361364 -3.7123699225229956 -2.2946939576758574 12.232555515766038 18.891499613660958 32.78009491769012 14.857082145735507 17.37009865221516 6.652165632072335 11.028618198799848 -1.7426931804196775 1.2273395863053225 17.860498434409198 5.697143296903582 9.505189040515987 -0.10792392188474054 3.514379563536547 19.392605143835784 -2.868121569697859 5.2649674737827645 0.81255494917297 -8.66135730043849 -6.5118680049488 -10.021645980911662 -0.9679269512252198
