web/models/kne/48/mosfit_kn_0.005245_0.2963_10.0000.dat
# %ECSV 1.0
# ---
# datatype:
# - {name: time, datatype: float64}
# - {name: PS1_g, datatype: float64}
# - {name: PS1_i, datatype: float64}
# - {name: PS1_r, datatype: float64}
# - {name: PS1_w, datatype: float64}
# - {name: PS1_y, datatype: float64}
# - {name: PS1_z, datatype: float64}
# - {name: swift_uvot_B, datatype: float64}
# - {name: swift_uvot_U, datatype: float64}
# - {name: swift_uvot_uvm2, datatype: float64}
# - {name: swift_uvot_uvw1, datatype: float64}
# - {name: swift_uvot_uvw2, datatype: float64}
# - {name: swift_uvot_V, datatype: float64}
# - {name: johnson_B, datatype: float64}
# - {name: johnson_I, datatype: float64}
# - {name: johnson_R, datatype: float64}
# - {name: johnson_U, datatype: float64}
# - {name: johnson_V, datatype: float64}
# - {name: sdss_g, datatype: float64}
# - {name: sdss_i, datatype: float64}
# - {name: sdss_r, datatype: float64}
# - {name: sdss_u, datatype: float64}
# - {name: sdss_z, datatype: float64}
# - {name: ATLAS_c, datatype: float64}
# - {name: ATLAS_o, datatype: float64}
# - {name: ukirt_H, datatype: float64}
# - {name: ukirt_J, datatype: float64}
# - {name: ukirt_K, datatype: float64}
# - {name: Clear, datatype: float64}
# meta: !!omap
# - comment: [kappa = 10.0, type = rprocess, mass = 0.005244756555828381, velocity = 0.29633333333333334, theta_obs = 0.0, tfloor = 1000.0]
# schema: astropy-2.0
time PS1_g PS1_i PS1_r PS1_w PS1_y PS1_z swift_uvot_B swift_uvot_U swift_uvot_uvm2 swift_uvot_uvw1 swift_uvot_uvw2 swift_uvot_V johnson_B johnson_I johnson_R johnson_U johnson_V sdss_g sdss_i sdss_r sdss_u sdss_z ATLAS_c ATLAS_o ukirt_H ukirt_J ukirt_K Clear
0.06012024048096192 -10.840241030135527 -10.862499282488969 -10.91382824984322 -10.882754861925594 -10.665056252964735 -10.75988380618039 -10.639896246314528 -11.42580230909072 -10.659866605232832 -10.97721100573624 -10.20508700858857 -10.906512559777266 -10.659589296006796 -11.258694328894887 -11.11690049575093 -11.249916673323483 -10.922097824134019 -10.82158179681711 -10.873377920778218 -10.916047269963762 -10.473326765591935 -10.739637771458721 -10.878262190355539 -10.90875750061004 -9.973168638830073 -10.390461054662302 -9.541113465948639 -10.845118922069528
0.12024048096192384 -11.27357639907217 -11.635333909770154 -11.557961412181754 -11.487654707292982 -11.559682801890627 -11.608030448883433 -10.965620073618034 -11.468256741093281 -9.968138881900707 -10.597866907017703 -9.43790132641372 -11.449981809759723 -10.994389546696727 -12.066183515092163 -11.793019700916105 -11.345744162404252 -11.473181477453947 -11.22515137873572 -11.642927319698675 -11.559316379495677 -10.553541142031548 -11.599579840120668 -11.391693696186866 -11.606567976298638 -11.028953717399206 -11.372989442056925 -10.645769274827488 -11.485328509513089
0.18036072144288576 -11.34642048824512 -11.974878381060332 -11.795143315078995 -11.70647689996322 -11.997275671049152 -12.008043995400275 -10.95247830810542 -11.23645182343573 -9.186395221236733 -10.079142089102806 -8.669662327693487 -11.606134327375443 -10.989799361093894 -12.433758209804513 -12.056848412185392 -11.15401876156157 -11.636420660842662 -11.27465209350314 -11.979824539271515 -11.795365820579136 -10.34880354466317 -12.009367437823855 -11.531204753657516 -11.888526758840463 -11.596988391757142 -11.881895323675769 -11.253061001968232 -11.737223384469058
0.24048096192384769 -11.34668549831213 -12.184997060291494 -11.923990787336152 -11.828282536726782 -12.286069179547017 -12.266562689610119 -10.884169423296612 -10.997802887744506 -8.527630360964288 -9.641344880845892 -8.070277672159602 -11.670036228203202 -10.929156294395671 -12.666443413760764 -12.207668736978611 -10.945957068185212 -11.70661437426691 -11.256557651024792 -12.187819804739899 -11.923030736401294 -10.130027823374235 -12.27591780421097 -11.586280280710941 -12.054273831734434 -11.99121788919271 -12.228381875333143 -11.678928484693108 -11.888206725364903
0.3006012024048096 -11.303423907059607 -12.320590482756462 -11.989859566838064 -11.893081720803842 -12.48975396972753 -12.44395382131703 -10.781802013129493 -10.751089868700241 -7.9300436253704225 -9.244034952318643 -7.559231261007792 -11.679736160710334 -10.834009014041936 -12.821619563746555 -12.292997735536819 -10.724748682229094 -11.722192164648211 -11.19764230267041 -12.321576849723836 -11.987684382033823 -9.899346644487217 -12.460400410924155 -11.591383584129726 -12.152768492861057 -12.28682621530069 -12.482378473190925 -12.002097806006622 -11.979968567977686
0.3607214428857715 -11.228545165094843 -12.405912622382047 -12.012405228245644 -11.918364984492946 -12.636844431737675 -12.567117838811281 -10.6534491632688 -10.493892172134007 -7.3634288283485665 -8.867712727318153 -7.099259401224675 -11.651337547243507 -10.712684015421686 -12.924747777194263 -12.33356815036376 -10.490007545024895 -11.699473101795695 -11.108729881305859 -12.40523463235263 -12.008977302486539 -9.65584692270923 -12.590112549069516 -11.561119528031316 -12.205464313920338 -12.51789613606803 -12.675430338766487 -12.258353862093363 -12.030968885723468
0.42084168336673344 -11.132971466151318 -12.457062671826407 -12.005816812975212 -11.917224884663575 -12.74518145807141 -12.653240081955914 -10.508448361723659 -10.231127046622106 -6.82089452431548 -8.509648866899866 -6.679013814796239 -11.597567824721857 -10.574602999449056 -12.992419487594386 -12.343996208537977 -10.247521422114698 -11.651258051979044 -11.000287668497997 -12.454845233061747 -12.001103834123779 -9.405107465037457 -12.682396683471726 -11.507479611260862 -12.2272616280814 -12.704512726035604 -12.826599694195105 -12.468468966853566 -12.054627168315264
0.48096192384769537 -11.023450025959267 -12.483854095750893 -11.978777708532125 -11.897667640042666 -12.825602115463095 -12.712773639156971 -10.352614538511304 -9.96600586650013 -6.298710657621405 -8.168406475973438 -6.291608181183971 -11.526249039718241 -10.425626282303554 -13.034737365766748 -12.333213405783756 -10.00101605137716 -11.585409432685301 -10.878794214287666 -12.480194375645812 -11.972751949213976 -9.150732953279217 -12.747796971078493 -11.437831975937538 -12.22725686421974 -12.858818385644957 -12.947434963542344 -12.644983975599365 -12.059132121689018
0.5410821643286573 -10.904139680325784 -12.492518330280156 -11.936753704922545 -11.864706896858443 -12.8850302743108 -12.7523830100486 -10.189478049313074 -9.700313393233468 -5.794032832402627 -7.842568749159948 -5.931825636755498 -11.442264162772872 -10.26931457349177 -13.05812859898704 -12.306853016513248 -9.752620537140519 -11.506837570161517 -10.748227346935533 -12.487494705890274 -11.929390598238108 -8.894771088537983 -12.793039283737588 -11.356754057178229 -12.211194714301321 -12.988613943087087 -13.045338755049672 -12.79596617519118 -12.049623671973926
0.6012024048096192 -10.776771237299254 -12.486596831963332 -11.88260666900483 -11.820917048905049 -12.927635367489021 -12.776000340207663 -10.020207609491607 -9.433716265977523 -5.302652831092607 -7.529326739908999 -5.5940144251877335 -11.347948599413844 -10.106877181986732 -13.066313330322956 -12.267938462083531 -9.502289366626464 -11.417912560278845 -10.610159892404294 -12.48027066793945 -11.873880072658842 -8.637098291029677 -12.822114558801445 -11.266376620974441 -12.182205387425782 -13.09887771880623 -13.124922761885747 -12.92663843067526 -12.028832535965783
0.6613226452905812 -10.643420563311494 -12.46918049270878 -11.819052069766425 -11.768784750405104 -12.956845624668194 -12.786928034079672 -9.846574574295996 -9.167140519245063 -4.823266076934003 -7.227871959709731 -5.275315218173947 -11.245733686909045 -9.940098978245956 -13.062477835837456 -12.21926597322539 -9.251116110738781 -11.321078437535464 -10.46657963681934 -12.461603984753342 -11.80893784832696 -8.378769381076054 -12.838354672629517 -11.168975523246356 -12.143138224215821 -13.193458181385099 -13.189845340998454 -13.040975994017375 -11.999304875130434
0.721442885771543 -10.5050849797329 -12.442205593474984 -11.747673639563434 -11.70973725193246 -12.974921420505083 -12.787304397412207 -9.669287474286403 -8.900521751893464 -4.35382178559298 -6.936689445849069 -4.972593903068002 -11.136931351525032 -9.7697085703884 -13.04865063319297 -12.162502197228886 -8.999185316552804 -11.217664643260521 -10.318402393215713 -12.433422152048479 -11.736147210355963 -8.119829317935867 -12.843927987155563 -11.065751194290154 -12.095713852459848 -13.275027940200006 -13.242592789813353 -13.141775487665884 -11.96254660785332
0.781563126252505 -10.362514075408598 -12.407141945988247 -11.669670375999281 -11.644855080020662 -12.983581577895968 -12.778754490541875 -9.488874758019367 -8.633797798635232 -3.8927475920334613 -6.654540234164958 -4.683349775760423 -11.02253178502447 -9.59625025129068 -13.026372470614824 -12.098910295570981 -8.746548667928408 -11.108675244254778 -10.16631536408255 -12.397188235444805 -11.656706732979387 -7.8602993970767265 -12.840482741288106 -10.957608955421279 -12.041236618422992 -13.345621510463877 -13.285057143129373 -13.231166195483206 -11.919699629863949
0.8416833667334669 -10.216175022067109 -12.365058867345944 -11.58588402114857 -11.57489293280463 -12.984106241507742 -12.762478819013143 -9.305617295953123 -8.366757905871882 -3.4385916933491627 -6.3802276131928615 -4.405387866645135 -10.903200036692866 -9.420020219562652 -12.996772905148763 -12.029387937690796 -8.493089348531601 -10.994788508575082 -10.010733591954786 -12.353965850800854 -11.571457239906007 -7.600036521134559 -12.829239529984164 -10.845150087708024 -11.980639425037918 -13.406787869304305 -13.318666141973148 -13.310777728942325 -11.87157531510774
0.9018036072144289 -10.066465777944007 -12.316824364181098 -11.497004950613672 -11.500471589926278 -12.977527719028146 -12.739447683540277 -9.11976823272915 -8.099272302892917 -2.9902619683211134 -6.112786391849188 -4.136950024441152 -10.779488715498353 -9.241283714757603 -12.960766928913447 -11.954669379280329 -8.238751050774013 -10.876567554263177 -9.852014437076129 -12.304618567145713 -11.481088418210277 -7.338963994998338 -12.81118434284597 -10.72887632428916 -11.9146835173993 -13.459767760776147 -13.34456667635038 -13.381913239849668 -11.8188383346539
0.9619238476953907 -9.913486310347768 -12.262993522809147 -11.403414413935824 -11.421927927449023 -12.964565055700845 -12.710317681148897 -8.93128377008128 -7.830927785169592 -2.546441679751992 -5.851086986389937 -3.8762734085808535 -10.651641538795175 -9.060012646661985 -12.918956829010952 -11.875182601697595 -7.983189634681686 -10.754269227543814 -9.690218429595987 -12.249697059476379 -11.385979738902403 -7.076716073995186 -12.786990329720993 -10.608996547888943 -11.843824936634668 -13.505492982182597 -13.363594651111724 -13.445568427020314 -11.76187791905603
1.0220440881763526 -9.757549218234036 -12.20417402052485 -11.305608751876939 -11.339711381187243 -12.94592848258425 -12.675760413990353 -8.740386558819264 -7.561707333699843 -2.1065190692369944 -5.594487483979975 -3.6222091976511837 -10.520068632020198 -8.876437618087948 -12.871979690753445 -11.791452018647341 -7.726434619087705 -10.628310676981998 -9.525632814219875 -12.189806247709267 -11.286627142455288 -6.813309650438875 -12.757338988599649 -10.48588700616543 -11.768604069624207 -13.544802342786946 -13.376531195017128 -13.502620475387664 -11.701170301664785
1.0821643286573146 -9.59862791607998 -12.140680847689023 -11.203771696152884 -11.253982804384286 -12.922058249503916 -12.636168142586346 -8.546940645812786 -7.291198332181796 -1.6694244297140797 -5.342038317268933 -3.373403235104376 -10.384848303417755 -8.690437133253276 -12.820186810498122 -11.703699347928193 -7.468124485615004 -10.498782127574467 -9.358201392669407 -12.125257771940294 -11.183212397201778 -6.548365999452308 -12.722635835805605 -10.359606721366177 -11.689264059972526 -13.578300508308361 -13.38390692078679 -13.55372354742835 -11.636920506134647
1.1422845691382766 -9.436648791504307 -12.072743958603525 -11.09801614600709 -11.164841121095712 -12.89329690500196 -12.5918400924375 -8.3507741649614 -7.018982917421592 -1.2341678083784862 -5.092862776145957 -3.1286569241926396 -10.245998316457953 -8.50185396991208 -12.763840943162112 -11.612073171652614 -7.207886390579869 -10.365713287882945 -9.187824196796939 -12.056278587448812 -11.0758462429561 -6.281496311712722 -12.683192417336784 -10.230160757581803 -11.605972768495114 -13.606479261625742 -13.386146383735438 -13.599414502477634 -11.569269645574689
1.2024048096192383 -9.271771668328501 -12.000705382952521 -10.988615076023667 -11.07253557921581 -12.860050893595805 -12.54315825260301 -8.151990791054217 -6.745016833503534 -0.8003576197149114 -4.846496254723096 -2.8872442933993834 -10.103736919188552 -8.31079908961382 -12.70330284428572 -11.516866471560771 -6.945704733253486 -10.229328670262293 -9.014645430544146 -11.983209018282803 -10.964800941528576 -6.012676503629528 -12.639397521963716 -10.097750263977758 -11.51903258973853 -13.629826673019439 -13.383701162536832 -13.640205870150035 -11.498486452418373
1.2625250501002003 -9.103884930107817 -11.924692545513533 -10.875603370439109 -10.977096780616158 -12.822537630628634 -12.490305191714057 -7.950400460848189 -6.468915979438474 -0.3671756893367677 -4.602206621044971 -2.648227477262729 -9.958022393582652 -8.117096316999945 -12.638726384527079 -11.418144809207941 -6.681230602558756 -10.089597801005608 -8.83853269791544 -11.906174113524912 -10.850109173181135 -5.741544291212879 -12.591444117674051 -9.962328370717906 -11.42852421791158 -13.648680950999859 -13.376855079152284 -13.676472515886447 -11.424638062966501
1.3226452905811623 -8.932992743672035 -11.844881537620964 -10.759091080968446 -10.878626119336978 -12.780996744813802 -12.433496017272745 -7.745951988800598 -6.190489244582995 0.06587723010838165 -4.3594877053464565 -2.410933662254425 -9.808910307182874 -7.920704582456985 -12.57030640027071 -11.316040570515 -6.414298990511178 -9.94658458456742 -8.659475312547276 -11.825348301918499 -10.731879518744467 -5.467925316146882 -12.539554752922246 -9.823943771895927 -11.334589735403284 -13.663365679249216 -13.365894072866416 -13.708563471570743 -11.34785031360682
1.3827655310621243 -8.758861312851351 -11.76126687637673 -10.638983540438236 -10.77703858538996 -12.73551137588214 -12.372779152099351 -7.5383341401773505 -5.909239295941582 0.4996924073895821 -4.117599147287567 -2.174493272281953 -9.656229782685728 -7.721329542899213 -12.498063765653857 -11.210492230462805 -6.144445313700981 -9.800131578985221 -8.477219497627573 -11.740723783371578 -10.610014343177241 -5.1913407668771505 -12.48378888860394 -9.682430330563516 -11.237182799927279 -13.674086456297372 -13.350968489350253 -13.73672186337444 -11.268079193420668
1.442885771543086 -8.581582949957589 -11.674040681422664 -10.515435147430825 -10.672478166481127 -12.686309326316074 -12.308368659574409 -7.32760816432319 -5.625145393688822 0.9344587736781991 -3.8762668014450514 -1.9385222951475742 -9.500103858805755 -7.519039305065579 -12.422201308153006 -11.101668425630262 -5.871665024008525 -9.650367658064363 -8.291849053768434 -11.652491773091516 -10.48466717764791 -4.91178075232769 -12.424365104921371 -9.5379043855554 -11.136475997732447 -13.681116994416003 -13.332331675797631 -13.76123533777436 -11.185481470939784
1.503006012024048 -8.400958330088244 -11.583184709384966 -10.388356903331495 -10.564867072179247 -12.633443222231069 -12.240289230376895 -7.113512677150836 -5.337797680372027 1.3708837365666833 -3.634901133448984 -1.7023476079925923 -9.340381803925936 -7.313588119736533 -12.34272210428544 -10.989508937523269 -5.595574407153123 -9.497154556394383 -8.103148798882511 -11.560632201191599 -10.355746256898737 -4.628849626065055 -12.361317476962572 -9.39022207075741 -11.0324205896414 -13.68460890463522 -13.31009063200989 -13.782286028270947 -11.100013953326577
1.56312625250501 -8.216928656576936 -11.488760546808994 -10.25776390259951 -10.454223236110298 -12.57702071746806 -12.16863037277534 -6.8959485291454135 -5.046997581478827 1.809354646213774 -3.3931303484140147 -1.46552707994806 -9.177037899531204 -7.104888100134556 -12.259701764168184 -10.874049124127307 -5.315993183716998 -9.340475734134158 -7.911049487759545 -11.465205493918944 -10.2232648224855 -4.342359239444296 -12.294741935242897 -9.239359916376628 -10.925058090040967 -13.684733256640145 -13.284388027512398 -13.800064588113708 -11.011716370169893
1.6232464929859718 -8.029315527188512 -11.390738286865343 -10.123568226080817 -10.340471631988954 -12.517070591681243 -12.093397544837714 -6.674685721968273 -4.752392295973156 2.2504527949508786 -3.150475090287354 -1.2275257073959298 -9.009932220707697 -6.892724493898296 -12.173128300153675 -10.75522737630201 -5.032590204835163 -9.180203465113726 -7.715359699629989 -11.366180261464969 -10.087132243348478 -4.051967954947546 -12.224652319750575 -9.085186941588255 -10.814335662527945 -13.68160199674305 -13.255298370265434 -13.814708819277504 -10.920544243405157
1.6833667334669338 -7.838088463466253 -11.289176731231105 -9.985794432875092 -10.223639613766924 -12.453685781492556 -12.014670106578915 -6.449663763362557 -4.45384658053019 2.6944387035248925 -2.906667964870308 -0.9880275114861834 -8.839058212311254 -6.677047209441852 -12.083071159200209 -10.633085671300996 -4.745244356393947 -9.01633978971933 -7.5160412416691535 -11.263614480061044 -9.947371394525177 -3.7575483616616445 -12.151133325743704 -8.927699539036489 -10.700298721931176 -13.675355495519932 -13.222940903974594 -13.826373872960891 -10.826542144387883
