web/models/kne/48/mosfit_kn_0.018177_0.2023_10.0000.dat
# %ECSV 1.0
# ---
# datatype:
# - {name: time, datatype: float64}
# - {name: PS1_g, datatype: float64}
# - {name: PS1_i, datatype: float64}
# - {name: PS1_r, datatype: float64}
# - {name: PS1_w, datatype: float64}
# - {name: PS1_y, datatype: float64}
# - {name: PS1_z, datatype: float64}
# - {name: swift_uvot_B, datatype: float64}
# - {name: swift_uvot_U, datatype: float64}
# - {name: swift_uvot_uvm2, datatype: float64}
# - {name: swift_uvot_uvw1, datatype: float64}
# - {name: swift_uvot_uvw2, datatype: float64}
# - {name: swift_uvot_V, datatype: float64}
# - {name: johnson_B, datatype: float64}
# - {name: johnson_I, datatype: float64}
# - {name: johnson_R, datatype: float64}
# - {name: johnson_U, datatype: float64}
# - {name: johnson_V, datatype: float64}
# - {name: sdss_g, datatype: float64}
# - {name: sdss_i, datatype: float64}
# - {name: sdss_r, datatype: float64}
# - {name: sdss_u, datatype: float64}
# - {name: sdss_z, datatype: float64}
# - {name: ATLAS_c, datatype: float64}
# - {name: ATLAS_o, datatype: float64}
# - {name: ukirt_H, datatype: float64}
# - {name: ukirt_J, datatype: float64}
# - {name: ukirt_K, datatype: float64}
# - {name: Clear, datatype: float64}
# meta: !!omap
# - comment: [kappa = 10.0, type = rprocess, mass = 0.018176879801416274, velocity = 0.20233333333333337, theta_obs = 0.0, tfloor = 1000.0]
# schema: astropy-2.0
time PS1_g PS1_i PS1_r PS1_w PS1_y PS1_z swift_uvot_B swift_uvot_U swift_uvot_uvm2 swift_uvot_uvw1 swift_uvot_uvw2 swift_uvot_V johnson_B johnson_I johnson_R johnson_U johnson_V sdss_g sdss_i sdss_r sdss_u sdss_z ATLAS_c ATLAS_o ukirt_H ukirt_J ukirt_K Clear
[from data line 144]
8.71743486973948 5.902562070014419 -2.8641107081618244 0.5656332622438853 -1.3611769991722689 -6.3373588046273 -4.940994606327465 9.396198307336608 15.952924150968517 29.725785816391582 12.060078280430098 14.547785382385477 3.882154029340252 8.219884830513294 -4.400584611278538 -1.4543802021296528 14.939809658292738 2.950956131525511 6.704951479022423 -2.783836134624771 0.7891456160507282 16.458585300253255 -5.50253790888247 2.527574923221394 -1.8663377633364497 -11.204792622216251 -9.092120307964196 -12.538332621290438 -3.606959257679474
8.77755511022044 6.109246352374331 -2.7279112811948814 0.7295799638647971 -1.222386203711956 -6.231730880006676 -4.822323754288238 9.631204660216397 16.25048509787076 30.094241938723357 12.271042478311411 14.774207727473648 4.076547609884453 8.438009911461744 -4.274811245677493 -1.3139850839767788 15.226435774249374 3.130803205738533 6.917851222613649 -2.6470346440964043 0.9561356772776719 16.753364379162345 -5.391127272830669 2.7020129154209904 -1.727698885414295 -11.149077990471524 -9.013870749193627 -12.498989181778038 -3.492703326491995
8.837675350701403 6.247034802505773 -2.634794010693504 0.8402767673443279 -1.1276470441596587 -6.157984059218773 -4.740308094371635 9.78694137907026 16.445885476965163 30.334480780994344 12.41146800903973 14.924484515519381 4.206551495376558 8.58300406210407 -4.188307317115455 -1.2182745503904548 15.41488429771342 3.251529160207805 7.059574903820209 -2.553538058580518 1.0687654268407698 16.94699100713999 -5.313735706393636 2.8193533370869694 -1.6330591875228073 -11.106971437134268 -8.957482141644578 -12.46726011760744 -3.413541087920997
8.897795591182364 6.265182870317467 -2.61664594288181 0.8584248351560397 -1.1094989763479468 -6.139835991407061 -4.722160026559941 9.805089446881954 16.464033544776875 30.352628848806045 12.429616076851424 14.942632583331076 4.224699563188252 8.601152129915764 -4.170159249303761 -1.2001264825787608 15.433032365525133 3.2696772280195168 7.077722971631921 -2.5353899907688238 1.086913494652464 16.9651390749517 -5.295587638581942 2.8375014048986813 -1.6149111197111132 -11.088823369322556 -8.939334073832866 -12.449112049795746 -3.395393020109303
8.957915831663327 6.283397614451154 -2.5984311987481234 0.8766395792897264 -1.0912842322142602 -6.121621247273392 -4.703945282426254 9.823304191015641 16.48224828891056 30.370843592939732 12.44783082098511 14.960847327464762 4.242914307321938 8.619366874049451 -4.151944505170074 -1.1819117384450741 15.45124710965882 3.2878919721532034 7.095937715765608 -2.517175246635137 1.1051282387861505 16.983353819085387 -5.277372894448256 2.855716149032368 -1.5966963755774266 -11.07060862518887 -8.921119329699179 -12.430897305662059 -3.3771782759756164
9.018036072144287 6.3016891303075795 -2.580139682891698 0.894931095146152 -1.0729927163578346 -6.103329731416949 -4.685653766569828 9.841595706872067 16.500539804766987 30.389135108796157 12.466122336841536 14.979138843321188 4.261205823178382 8.637658389905877 -4.133652989313648 -1.1636202225886485 15.469538625515245 3.306183488009629 7.1142292316220335 -2.4988837307787115 1.1234197546425762 17.001645334941813 -5.259081378591812 2.8740076648887936 -1.578404859721001 -11.052317109332444 -8.902827813842753 -12.412605789805616 -3.358886760119173
9.07815631262525 6.320052820075084 -2.5617759931242112 0.9132947849136386 -1.054629026590348 -6.084966041649462 -4.667290076802342 9.859959396639553 16.518903494534474 30.40749879856364 12.484486026609023 14.997502533088674 4.279569512945868 8.656022079673363 -4.115289299546162 -1.145256532821162 15.487902315282732 3.3245471777771156 7.13259292138952 -2.480520041011207 1.1417834444100627 17.0200090247093 -5.240717688824326 2.89237135465628 -1.5600411699535144 -11.033953419564957 -8.884464124075267 -12.394242100038129 -3.3405230703516864
9.138276553106213 6.338475115093356 -2.543353698105939 0.9317170799319108 -1.0362067315720758 -6.06654374663119 -4.64886778178407 9.878381691657825 16.537325789552746 30.425921093581923 12.502908321627313 15.015924828106964 4.297991807964141 8.674444374691635 -4.096867004527872 -1.1268342378028897 15.506324610301004 3.342969472795388 7.151015216407792 -2.462097745992935 1.1602057394283527 17.03843131972757 -5.2222953938060535 2.9107936496745523 -1.5416188749352244 -11.015531124546685 -8.866041829056995 -12.375819805019857 -3.322100775333414
9.198396793587174 6.356963313422792 -2.5248654997764852 0.9502052782613468 -1.017718533242622 -6.048055548301754 -4.630379583454616 9.89686988998728 16.5558139878822 30.44440929191136 12.521396519956749 15.0344130264364 4.316480006293577 8.69293257302109 -4.078378806198436 -1.108346039473436 15.52481280863044 3.361457671124824 7.169503414737246 -2.443609547663499 1.1786939377577887 17.056919518057025 -5.203807195476617 2.929281848004006 -1.5231306766057884 -10.997042926217249 -8.847553630727559 -12.35733160669042 -3.303612577003978
9.258517034068136 6.375510203905854 -2.506318609293441 0.968752168744409 -0.9991716427595776 -6.029508657818692 -4.611832692971571 9.915416780470323 16.574360878365244 30.46295618239441 12.539943410439793 15.052959916919445 4.335026896776639 8.711479463504133 -4.0598319157153915 -1.0897991489903915 15.543359699113502 3.380004561607886 7.18805030522029 -2.425062657180437 1.197240828240833 17.07546640854007 -5.185260304993555 2.9478287384870505 -1.5045837861227263 -10.978496035734187 -8.829006740244496 -12.338784716207359 -3.285065686520916
9.318637274549097 6.394117296247455 -2.4877115169518227 0.9873592610860094 -0.9805645504179772 -6.010901565477091 -4.593225600629953 9.934023872811942 16.592967970706844 30.481563274736022 12.558550502781411 15.071567009261063 4.353633989118239 8.730086555845752 -4.041224823373773 -1.0711920566487911 15.561966791455102 3.3986116539494864 7.206657397561891 -2.4064555648388364 1.2158479205824513 17.09407350088167 -5.166653212651955 2.966435830828651 -1.4859766937811258 -10.959888943392587 -8.810399647902896 -12.320177623865758 -3.2664585941793156
9.37875751503006 6.41278086730237 -2.469047945896925 1.0060228321409248 -0.9619009793630617 -5.992237994422176 -4.5745620295750555 9.95268744386684 16.61163154176176 30.50022684579093 12.57721407383631 15.09023058031596 4.372297560173155 8.74875012690065 -4.022561252318876 -1.0525284855938757 15.580630362510018 3.417275225004402 7.225320968616806 -2.387791993783921 1.234511491637349 17.112737071936586 -5.147989641597039 2.9850994018835664 -1.4673131227262104 -10.941225372337671 -8.79173607684798 -12.301514052810843 -3.2477950231244
9.438877755511022 6.431490300992468 -2.450338512206809 1.0247322658310232 -0.9431915456729456 -5.973528560732078 -4.555852595884939 9.971396877556955 16.630340975451876 30.518936279481043 12.595923507526425 15.108940014006077 4.391006993863253 8.767459560590765 -4.0038518186287595 -1.0338190519037596 15.599339796200116 3.4359846586945 7.244030402306922 -2.3690825600938226 1.253220925327465 17.131446505626702 -5.129280207906941 3.0038088355736825 -1.448603689036112 -10.922515938647573 -8.773026643157882 -12.282804619120745 -3.229085589434302
9.498997995991983 6.4502541560813675 -2.4315746571179098 1.0434961209199223 -0.9244276905840465 -5.9547647056431785 -4.53708874079604 9.990160732645855 16.649104830540775 30.537700134569935 12.614687362615324 15.127703869094976 4.409770848952152 8.786223415679665 -3.9850879635398604 -1.0150551968148604 15.618103651289015 3.4547485137833993 7.262794257395804 -2.3503187050049235 1.2719847804163642 17.1502103607156 -5.110516352818042 3.0225726906625816 -1.429839833947213 -10.903752083558674 -8.754262788068983 -12.264040764031845 -3.2103217343454027
9.559118236472946 6.46906633560743 -2.4127624775918477 1.0623083004459843 -0.9056155110580022 -5.935952526117116 -4.518276561269978 10.008972912171917 16.66791701006682 30.556512314096 12.633499542141386 15.146516048621038 4.428583028478214 8.805035595205727 -3.9662757840137983 -0.9962430172888161 15.636915830815077 3.4735606933094614 7.281606436921866 -2.3315065254788614 1.2907969599424263 17.169022540241645 -5.09170417329198 3.041384870188626 -1.4110276544211509 -10.884939904032612 -8.735450608542921 -12.245228584505783 -3.1915095548193406
9.619238476953907 6.487918878594243 -2.393909934605034 1.0811608434328157 -0.8867629680711708 -5.917099983130285 -4.499424018283165 10.02782545515873 16.68676955305365 30.57536485708282 12.6523520851282 15.165368591607852 4.4474355714650455 8.82388813819254 -3.9474232410269847 -0.9773904743019848 15.655768373801909 3.4924132362962927 7.300458979908697 -2.31265398249203 1.3096495029292399 17.187875083228477 -5.0728516303051485 3.0602374131754573 -1.3921751114343373 -10.86608736104578 -8.71659806555609 -12.226376041518952 -3.1726570118325093
9.67935871743487 6.506814864656771 -2.3750139485425237 1.1000568294953261 -0.8678669820086604 -5.898203997067775 -4.480528032220654 10.04672144122124 16.70566553911616 30.59426084314534 12.671248071190728 15.184264577670362 4.466331557527556 8.84278412425505 -3.9285272549644743 -0.9584944882394744 15.674664359864419 3.511309222358803 7.319354965971208 -2.2937579964295196 1.328545488991768 17.206771069290987 -5.053955644242638 3.0791333992379677 -1.373279125371809 -10.84719137498327 -8.69770207949358 -12.207480055456442 -3.153761025769999
9.739478957915832 6.525744597472336 -2.3560842157269413 1.1189865623108908 -0.8489372491930958 -5.87927426425221 -4.461598299405072 10.065651174036823 16.724595271931726 30.613190575960903 12.690177804006293 15.203194310485944 4.485261290343121 8.861713857070633 -3.909597522148892 -0.939564755423892 15.693594092679984 3.530238955174368 7.338284698786772 -2.274828263613955 1.3474752218073327 17.22570080210655 -5.0350259114270735 3.0980631320535323 -1.3543493925562444 -10.828261642167705 -8.678772346678015 -12.188550322640877 -3.134831292954434
9.799599198396793 6.544714772395643 -2.337114040803634 1.1379567372342159 -0.8299670742697707 -5.860304089328903 -4.4426281244817645 10.08462134896013 16.74356544685505 30.63216075088422 12.7091479789296 15.222164485409252 4.504231465266428 8.88068403199394 -3.8906273472255846 -0.9205945805005846 15.712564267603309 3.549209130097693 7.357254873710097 -2.2558580886906476 1.36644539673064 17.244670977029877 -5.016055736503766 3.1170333069768574 -1.335379217632937 -10.80929146724438 -8.65980217175469 -12.16958014771757 -3.115861118031127
9.859719438877756 6.563717817462269 -2.3181109957370083 1.1569597823008237 -0.8109640292031628 -5.841301044262277 -4.423625079415139 10.103624394026756 16.76256849192166 30.65116379595084 12.728151023996226 15.241167530475877 4.523234510333054 8.899687077060566 -3.871624302158959 -0.901591535433959 15.731567312669917 3.568212175164301 7.376257918776705 -2.236855043624022 1.3854484417972657 17.263674022096485 -4.9970526914371405 3.1360363520434653 -1.3163761725663115 -10.790288422177772 -8.640799126688082 -12.150577102650944 -3.096858072964501
9.919839679358716 6.582746913681721 -2.2990818995175744 1.1759888785202754 -0.7919349329837111 -5.822271948042825 -4.404595983195705 10.12265349024619 16.78159758814111 30.67019289217028 12.747180120215678 15.260196626695311 4.542263606552505 8.91871617328 -3.852595205939525 -0.882562439214525 15.750596408889368 3.5872412713837525 7.395287014996157 -2.2178259474045703 1.4044775380166996 17.282703118315936 -4.978023595217689 3.155065448262917 -1.2973470763468598 -10.77125932595832 -8.62177003046863 -12.131548006431492 -3.0778289767450495
9.97995991983968 6.601805875855575 -2.280022937343702 1.19504784069413 -0.7728759708098387 -5.803212985868971 -4.3855370210218325 10.141712452420062 16.800656550314983 30.68925185434414 12.766239082389532 15.279255588869184 4.56132256872636 8.937775135453872 -3.8335362437656526 -0.8635034770406527 15.769655371063223 3.606300233557607 7.414345977170029 -2.1987669852307157 1.423536500190572 17.30176208048981 -4.958964633043834 3.1741244104367894 -1.2782881141730051 -10.752200363784466 -8.602711068294775 -12.112489044257638 -3.058770014571195
10.040080160320642 6.62089144793077 -2.260937365268507 1.2141334127693248 -0.7537903987346439 -5.784127413793776 -4.366451448946638 10.160798024495257 16.81974212239016 30.708337426419337 12.785324654464727 15.298341160944378 4.580408140801555 8.956860707529067 -3.814450671690458 -0.8444179049654579 15.788740943138418 3.625385805632802 7.433431549245206 -2.179681413155521 1.4426220722657668 17.320847652564986 -4.939879060968639 3.1932099825119664 -1.2592025420978104 -10.733114791709271 -8.58362549621958 -12.093403472182443 -3.039684442496
10.100200400801603 6.6399922197126315 -2.2418365934866458 1.233234184551204 -0.7346896269527825 -5.7650266420119145 -4.347350677164776 10.179898796277119 16.83884289417204 30.72743819820121 12.804425426246588 15.31744193272624 4.599508912583416 8.975961479310929 -3.7953498999085964 -0.8253171331835965 15.80784171492028 3.644486577414681 7.4525323210270855 -2.1605806413736595 1.4617228440476282 17.339948424346865 -4.920778289186778 3.2123107542938456 -1.240101770315949 -10.714014019927392 -8.564524724437701 -12.074302700400581 -3.0205836707141387
10.160320641282565 6.659111156295783 -2.2227176569034945 1.2523531211343553 -0.7155706903696313 -5.745907705428763 -4.328231740581625 10.19901773286027 16.85796183075519 30.746557134784357 12.82354436282974 15.336560869309391 4.618627849166567 8.99508041589408 -3.776230963325445 -0.8061981966004452 15.82696065150343 3.6636055139978323 7.471651257610237 -2.1414617047905082 1.4808417806307794 17.359067360930016 -4.901659352603627 3.231429690876997 -1.2209828337327977 -10.69489508334424 -8.54540578785455 -12.05518376381743 -3.0014647341309875
10.220440881763526 6.678246644218753 -2.2035821689805246 1.2714886090573074 -0.6964352024466791 -5.726772217505793 -4.309096252658655 10.21815322078324 16.877097318678143 30.765692622707324 12.84267985075271 15.355696357232361 4.637763337089537 9.01421590381705 -3.7570954754024752 -0.7870627086774931 15.8460961394264 3.6827410019207845 7.490786745533189 -2.1223262168675383 1.4999772685537494 17.37820284885297 -4.882523864680657 3.250565178799949 -1.2018473458098278 -10.675759595421288 -8.526270299931598 -12.03604827589446 -2.9823292462080175
10.280561122244489 6.697390259215439 -2.1844385539838385 1.2906322240540113 -0.6772915874499752 -5.707628602509089 -4.289952637661969 10.237296835779926 16.896240933674846 30.784836237704017 12.861823465749396 15.374839972229047 4.656906952086241 9.033359518813736 -3.737951860405789 -0.7679190936807891 15.865239754423104 3.7018846169174884 7.509930360529893 -2.103182601870852 1.5191208835504355 17.397346463849672 -4.863380249683971 3.269708793796653 -1.1827037308131416 -10.656615980424585 -8.507126684934894 -12.016904660897774 -2.9631856312113314
10.34068136272545 6.71654842108893 -2.1652803921103647 1.309790385927485 -0.6581334255765015 -5.688470440635616 -4.270794475788495 10.2564549976534 16.91539909554832 30.803994399577487 12.88098162762287 15.393998134102521 4.676065113959715 9.05251768068721 -3.7187936985323153 -0.7487609318073154 15.884397916296578 3.721042778790962 7.529088522403367 -2.0840244399973606 1.5382790454239093 17.416504625723146 -4.844222087810479 3.2888669556701267 -1.16354556893965 -10.63745781855111 -8.48796852306142 -11.997746499024283 -2.94402746933784
