web/models/kne/48/mosfit_kn_0.144270_0.0770_0.5000.dat
# %ECSV 1.0
# ---
# datatype:
# - {name: time, datatype: float64}
# - {name: PS1_g, datatype: float64}
# - {name: PS1_i, datatype: float64}
# - {name: PS1_r, datatype: float64}
# - {name: PS1_w, datatype: float64}
# - {name: PS1_y, datatype: float64}
# - {name: PS1_z, datatype: float64}
# - {name: swift_uvot_B, datatype: float64}
# - {name: swift_uvot_U, datatype: float64}
# - {name: swift_uvot_uvm2, datatype: float64}
# - {name: swift_uvot_uvw1, datatype: float64}
# - {name: swift_uvot_uvw2, datatype: float64}
# - {name: swift_uvot_V, datatype: float64}
# - {name: johnson_B, datatype: float64}
# - {name: johnson_I, datatype: float64}
# - {name: johnson_R, datatype: float64}
# - {name: johnson_U, datatype: float64}
# - {name: johnson_V, datatype: float64}
# - {name: sdss_g, datatype: float64}
# - {name: sdss_i, datatype: float64}
# - {name: sdss_r, datatype: float64}
# - {name: sdss_u, datatype: float64}
# - {name: sdss_z, datatype: float64}
# - {name: ATLAS_c, datatype: float64}
# - {name: ATLAS_o, datatype: float64}
# - {name: ukirt_H, datatype: float64}
# - {name: ukirt_J, datatype: float64}
# - {name: ukirt_K, datatype: float64}
# - {name: Clear, datatype: float64}
# meta: !!omap
# - comment: [kappa = 0.5, type = rprocess, mass = 0.1442699905917794, velocity = 0.07700000000000001, theta_obs = 0.0, tfloor = 1000.0]
# schema: astropy-2.0
time PS1_g PS1_i PS1_r PS1_w PS1_y PS1_z swift_uvot_B swift_uvot_U swift_uvot_uvm2 swift_uvot_uvw1 swift_uvot_uvw2 swift_uvot_V johnson_B johnson_I johnson_R johnson_U johnson_V sdss_g sdss_i sdss_r sdss_u sdss_z ATLAS_c ATLAS_o ukirt_H ukirt_J ukirt_K Clear
[from data line 456]
27.474949899799597 4.008304855547387 -4.2812539317450415 -1.0396380353943613 -2.796973838883723 -7.5473241380495715 -6.2391090375750125 7.310174610125299 13.444453630678375 26.732212242710215 10.132710004073342 12.518785783054597 2.0713841618298607 6.245834127981272 -5.747448000232299 -2.903355902206795 12.504256341195948 1.235635349515081 4.768430220843847 -4.205167184093135 -0.8364973174292167 13.968421442250367 -6.752663057034756 0.850971519248116 -3.301266980271329 -12.077283084818278 -10.117126169363447 -13.300126406030655 -4.878112136002191
27.53507014028056 4.0579267414308795 -4.248939738020692 -1.00048979838121 -2.76394694446374 -7.522532505361319 -6.211124121524971 7.366754081133537 13.516326228231677 26.821855755519405 10.183668000828927 12.573332005690304 2.1179674051199866 6.298423763731474 -5.717674035941612 -2.869780035609069 12.573517294975083 1.2788487885268853 4.8195908562650835 -4.172697708953894 -0.7966175584205715 14.039645348783782 -6.726383862623422 0.8927181857584898 -3.268266723521176 -12.06472037691137 -10.09903214328183 -13.291574976834964 -4.85101309076148
27.595190380761522 4.107525025998253 -4.216637705702357 -0.961358971509334 -2.7309355324963214 -7.4977475519034265 -6.183147653483303 7.423305304876483 13.588162927014675 26.91143760087677 10.234590782226096 12.627848507527887 2.1645298920498197 6.350982233879719 -5.687911264776409 -2.8362253558998356 12.642741562896134 1.3220366793048501 4.8707264685455165 -4.140240746920032 -0.7567550985672788 14.110832665007305 -6.700114626269507 0.9344448341154887 -3.2352822893506783 -12.052157351921602 -10.08094132077005 -13.283020949171094 -4.823929045168445
27.655310621242485 4.157099776773876 -4.184347812245193 -0.9222455114939265 -2.697939555843618 -7.472969273387164 -6.155179622946676 7.479828362616247 13.659963832469124 27.000958078975014 10.285478510532986 12.682335389556854 2.2110716709845653 6.403509636314247 -5.658159667376764 -2.8026918035419373 12.711929247779644 1.365199080803914 4.92183712817388 -4.107796275037874 -0.716909897719038 14.181983492207468 -6.673855337250512 0.9761515257939202 -3.2023136309241274 -12.03959402420663 -10.062853706709427 -13.274464341672372 -4.7968599522405775
27.715430861723444 4.206651206313943 -4.152069936055565 -0.8831492578549671 -2.664958866661067 -7.448197586495979 -6.127219931873231 7.536323499190737 13.731729254363021 27.090417739775024 10.336331495736353 12.73679291066761 2.257592927362963 6.456006221685705 -5.628419132114209 -2.7691792168273937 12.781080649818726 1.4083361799634477 4.972923054761367 -4.075364170892506 -0.6770817965464815 14.253098134313333 -6.6476059018831535 1.017838446224193 -3.16936060073159 -12.027030361718312 -10.044769244820982 -13.265905137293695 -4.769805680179395
27.775551102204407 4.2561794847836865 -4.119803984252464 -0.8440700842347226 -2.6319933466066914 -7.423432430716517 -6.09926850752208 7.59279091160665 13.803459442660717 27.17981705766753 10.38715000354383 12.79122128326296 2.304093806745981 6.508472195766984 -5.598689574094911 -2.7356874639691613 12.85019601145694 1.4514481263879044 5.023984424315575 -4.04294434090378 -0.637270670381973 14.32417683600427 -6.621366250477081 1.0595057445215872 -3.136423080706656 -12.01446634567551 -10.0266878964063 -13.257343329155427 -4.742766122137283
27.83567134268537 4.305684714998286 -4.087549909686814 -0.8050079185477799 -2.5990429241669766 -7.398673781909775 -6.071325317491922 7.649230720888011 13.875154552339364 27.26915638824423 10.437934229886743 12.845620646060688 2.3505743912452344 6.560907693168737 -5.568970951008999 -2.7022164606462455 12.919275483418591 1.4945350103662338 5.075021343577841 -4.0105367374154355 -0.5974764497091201 14.395219747830641 -6.595136351573974 1.1011535121516758 -3.1035009995386 -12.001901978516967 -10.008609650839462 -13.248778926652934 -4.715741210800903
27.895791583166332 4.355166946566342 -4.055307701304773 -0.7659627315614692 -2.5661075648196707 -7.3739216446350575 -6.043390361215106 7.705642988031113 13.94681466331468 27.358435992929003 10.488684315464987 12.899991079534502 2.3970347128706555 6.613312792281075 -5.539263254151773 -2.668766160001373 12.988319143965288 1.5375968753739169 5.126033864569237 -3.9781413490167417 -0.5576991085557914 14.466226945974778 -6.5689162038738225 1.142781795031862 -3.0705943228415578 -11.98933727940357 -9.990534519630232 -13.240211952001049 -4.688730910081436
27.955911823647295 4.40462623866777 -4.023077341353929 -0.7269344862143079 -2.533187227425806 -7.349176018039554 -6.01546363215915 7.762027784814717 14.018439868917856 27.447656147937526 10.539400410033064 12.954332674369141 2.443474812801944 6.665687581457057 -5.509566468565562 -2.6353365084208606 13.057327084347666 1.580633773427336 5.177022049143609 -3.945758157570385 -0.5179386129657182 14.53719851997418 -6.542705800415707 1.1843906472115506 -3.0377030095794666 -11.976772264230744 -9.97246251004986 -13.23164242487868 -4.661735178362996
28.016032064128254 4.4540626123392 -3.990858837913791 -0.6879231761373639 -2.5002818973650065 -7.324436921792348 -5.987545146564592 7.818385139981431 14.090030208643896 27.536817061540408 10.590082623587662 13.008645479446251 2.4898946963335495 6.718032108731254 -5.479880603336858 -2.6019274791184026 13.12629934386094 1.6236457230311376 5.227985919925597 -3.913387170877698 -0.4781949601657942 14.608134506045563 -6.516505155801742 1.2259800900782203 -3.0048270451765546 -11.964206960825779 -9.954393645182671 -13.223070374104003 -4.634753996414336
28.076152304609217 4.503476037012231 -3.9586522340771246 -0.6489288365216517 -2.467391595875146 -7.299704403407734 -5.959634951560258 7.874715024054905 14.161585649172093 27.625918850781655 10.640731012641051 13.062929487183222 2.536294320159029 6.770346367656398 -5.450205700145015 -2.5685390815807567 13.195235891525712 1.6666326973369852 5.278925446470684 -3.881028431896727 -0.4384681896178044 14.679034868271863 -6.490314313875043 1.2675501008539314 -2.971966450849024 -11.95164141323964 -9.936327969586996 -13.214495840931695 -4.60778737524171
28.13627254509018 4.552866585602899 -3.9264575022181702 -0.609951418915653 -2.4345162723562375 -7.274978453952805 -5.931733031756021 7.93101752426847 14.233106302967755 27.714961810432875 10.691345738862417 13.117184802596974 2.582673738814118 6.822630460716464 -5.420541734792375 -2.5351712524423258 13.264136837178302 1.7095947608007858 5.32984070473244 -3.8486819125741256 -0.3987582557155278 14.749899715324908 -6.464133259243017 1.3091007451876635 -2.9391211759950764 -11.939075632354006 -9.918265484125753 -13.205918841107207 -4.58083526538271
28.196392785571142 4.6022344571255935 -3.89427452857106 -0.5709907729741737 -2.401655788689574 -7.25025899574387 -5.903839295607707 7.9872928700686865 14.304592460174277 27.803946452098746 10.741927092107364 13.171411667927263 2.62903312603808 6.874884623095557 -5.3908886028478795 -2.5018238396535013 13.333002462241044 1.7525320890445097 5.380731900309943 -3.8163474983626244 -0.3590650092216485 14.820729332070517 -6.437961904388754 1.3506321964763401 -2.9062910825309096 -11.926509588672667 -9.90020613645841 -13.197339359329304 -4.55389754373579
28.256513026052104 4.651579814380948 -3.862103223888358 -0.5320467774940241 -2.3688100319493444 -7.225545970567353 -5.875953673177001 8.043541250039457 14.376044359833138 27.89287322276731 10.792475324393607 13.225610285702519 2.67537262150834 6.927109051651904 -5.361246222706174 -2.468496716695328 13.401832998801211 1.795444825827899 5.431599201553645 -3.7840250993365387 -0.3193883305019263 14.891523952753314 -6.411800182272227 1.392144597097662 -2.8734760575144946 -11.913943264017648 -9.88214988924877 -13.188757388964836 -4.526974108492254
28.316633266533064 4.700902726645957 -3.8299435625183875 -0.4931193866782202 -2.335978954180913 -7.200839370841283 -5.848076150662926 8.099762747263604 14.447462109092974 27.981742405546935 10.842990591369652 13.279780756293157 2.7216922767172376 6.979303844578638 -5.331614571976707 -2.4351898228440065 13.470628551614652 1.8383330325973215 5.482442680641952 -3.7517146894283826 -0.2797281765700177 14.962283680908257 -6.3856480790187575 1.4336380094248646 -2.8406760528901565 -11.901376669789519 -9.864096744254647 -13.180172946077098 -4.500064912609947
28.376753507014026 4.750203251565193 -3.7977955265770724 -0.454208564026235 -2.3031625155340762 -7.176139195107769 -5.820206721081362 8.155957431689583 14.518845798636981 28.070554261690294 10.893473036084949 13.333923167182991 2.7679921322970165 7.031469087690759 -5.3019936354898 -2.4019031055498745 13.539389209567084 1.8811967606442106 5.533262397783911 -3.7194162503700667 -0.24008451386889007 15.033008603795821 -6.359505587201806 1.4751124858393538 -2.8078910286676617 -11.88880982088749 -9.846046707917536 -13.171586049390099 -4.473169915917161
28.43687374749499 4.799481453926848 -3.7656590931478995 -0.41531426717760667 -2.2703606712271274 -7.151445437827828 -5.7923453729561025 8.212125381309033 14.590195529150698 28.159309063156467 10.94392280818857 13.38803761343566 2.8142722357491996 7.083604874202468 -5.272383393376564 -2.3686365072359132 13.60811507122892 1.9240360676410997 5.584058420524816 -3.687129758840495 -0.20045730285961127 15.103698818640048 -6.333372695134187 1.516568084782186 -2.7751209398975973 -11.876242729729983 -9.82799978347346 -13.162996715695135 -4.44628907413712
28.49699398797595 4.848737364253246 -3.7335342625173595 -0.37643648134087826 -2.237573400290298 -7.126758111896514 -5.7644921152688156 8.268266635451614 14.661511352947567 28.24800702088098 10.99434002162921 13.442124152571445 2.860532602338039 7.135711261124392 -5.2427838473623565 -2.3353899943975103 13.67680618849829 1.9668509811830528 5.634830781170326 -3.654855214816166 -0.1608465320137853 15.174354374761041 -6.307249410488236 1.558004835358453 -2.742365765391135 -11.863675419448485 -9.809955988358963 -13.154404969986702 -4.419422363078596
28.557114228456914 4.897970939129959 -3.701421085227139 -0.337575251317066 -2.204800733093464 -7.102077270218778 -5.73664700136824 8.3243811500422 14.73279321803842 28.336648216108028 11.044724714174663 13.496182761351033 2.90677317762223 7.187788227515842 -5.213195045955895 -2.3021635854474036 13.745462512614235 2.009641463886587 5.685579436000285 -3.622592668732576 -0.12125225037971532 15.24497521813517 -6.281135782919556 1.5994227034333441 -2.70962553522315 -11.851107936530772 -9.791915370889031 -13.145810855175524 -4.392569801787793
28.617234468937873 4.947182249878761 -3.6693195334323114 -0.2987305291954634 -2.172042620385941 -7.0774029031287355 -5.708810015295125 8.380469010400915 14.804041234110574 28.425232927271576 11.09507704014094 13.550213541372976 2.952994015631549 7.239835873136645 -5.183616964657612 -2.268957218157664 13.814084150933137 2.052407579479783 5.736304459254917 -3.590342092318277 -0.08167441270861886 15.315561455057694 -6.255031796458965 1.6408217529034452 -2.676900199886063 -11.838540290712219 -9.773877930958095 -13.13721438591118 -4.365731342340613
28.677354709418836 4.996371477246111 -3.6372295045191727 -0.2599021786464206 -2.139298937004206 -7.05273494126633 -5.680981074968834 8.43653042524905 14.875255665055978 28.5137616206972 11.145397264873935 13.604216713259746 2.999195273857331 7.291854412799324 -5.1540495093346115 -2.2357707534678655 13.882671359690669 2.0951494880637815 5.78700603766876 -3.5581033822301578 -0.04211288381471334 15.38611334472348 -6.228937372554562 1.6822021411448418 -2.6441896339986393 -11.82597245666244 -9.755843622267973 -13.128615549877763 -4.338906872997583
28.7374749498998 5.045538788530468 -3.6051509048845887 -0.22109007411096115 -2.1065695671605233 -7.02807332238395 -5.653160106218724 8.492565588123238 14.946436755756078 28.60223473773887 11.195685639234263 13.658192482763912 3.045377097214643 7.343844046992643 -5.124492594236943 -2.2026040618225666 13.951224376776164 2.137867337938533 5.837684344137575 -3.5258764441744006 -0.0025675394379653937 15.456631127518055 -6.202852440155144 1.723564013985488 -2.61149372152218 -11.813404413132387 -9.737812403973008 -13.120014337868112 -4.312096289980438
28.79759519038076 5.0946842422252026 -3.573083714959804 -0.18229417777432033 -2.07385447061025 -7.003418043206331 -5.6253471002536415 8.548574569827537 15.017584597639697 28.69065252970461 11.245942302292633 13.712140936887668 3.0915395279810616 7.395804861535865 -5.094946202542615 -2.169457090095624 14.019743291964904 2.1805611817170982 5.888339439680621 -3.4936612581927307 0.0369616554786667 15.527114891756941 -6.176776990087696 1.7649074242098983 -2.578812421867518 -11.800836173343042 -9.71978428076701 -13.111410767129497 -4.285299553119657
28.857715430861724 5.143807890742504 -3.5410279191708227 -0.143514456644116 -2.041153611352282 -6.978769103579285 -5.597542051769793 8.604557434292815 15.088699273498598 28.779015235822033 11.296167386252591 13.76606215581878 3.1376826028060973 7.447736935728987 -5.065410321137192 -2.136329789428058 14.08822818672008 2.2232310667460657 5.938971379056781 -3.461457808337638 0.07647473111051184 15.597564717238264 -6.150711016471817 1.8062324193627965 -2.5461456986584707 -11.788267752258877 -9.70175925970853 -13.102804856221864 -4.258516625857673
28.917835671342683 5.192909787197557 -3.508983501313878 -0.10475087707481734 -2.008466952920447 -6.9541265027821275 -5.569744954864166 8.66051424622843 15.159780867052639 28.86732309500451 11.346361023382574 13.819956220324517 3.1838063591172157 7.499640349494566 -5.035884936307752 -2.103222110464576 14.156679143425748 2.2658770410748224 5.989580217739725 -3.4292660780290873 0.11597171831905229 15.6679806847235 -6.124654512852068 1.8475390475482811 -2.5134935150278537 -11.775699164427563 -9.683737347370725 -13.094196623358501 -4.231747471286944
28.977955911823646 5.241989987475808 -3.476950443147029 -0.0660034031001544 -1.975794456948936 -6.9294902384049095 -5.541955801789928 8.716445073453627 15.230829465865146 28.955576349444602 11.396523348129044 13.873823214005188 3.22991083707129 7.551515185552621 -5.006370032431767 -2.07013400190488 14.225096248200042 2.3084991552719663 6.04016601404318 -3.3970860486406274 0.15545265034784705 15.738362878826617 -6.0986074710209515 1.8888273591968208 -2.480855832184954 -11.763130423322641 -9.665718548973848 -13.085586085900987 -4.204992050943659
29.03807615230461 5.291048480724498 -3.4449287717897725 -0.02727205253963305 -1.9431361313954554 -6.904860344155406 -5.5141746248533074 8.772349908504047 15.301845063338835 29.0437751243296 11.446654426224594 13.92766314758347 3.2759960139035966 7.60336145629681 -4.976865636109596 -2.0370654592583763 14.293479496307818 2.351097401302165 6.090728757660635 -3.3649177470890734 0.1949175057636232 15.808711290875621 -6.07256992065178 1.9300973476657113 -2.4482326575936675 -11.750561563497575 -9.647702897608157 -13.076973277378839 -4.178250365350991
29.09819639278557 5.340085266017898 -3.412918507447813 0.011443164884834545 -1.9104919773432805 -6.880236848167698 -5.486401450212082 8.828228755098174 15.37282766680553 29.13191956058898 11.49675433292936 13.98147604242611 3.3220618763333283 7.6551791844718196 -4.947371767490135 -2.0040164710391943 14.361828896491645 2.393671779967053 6.141268448485668 -3.332761193348386 0.23436627138764266 15.879025926051504 -6.046541885582979 1.9713490147607438 -2.415623991823921 -11.737992616156577 -9.629690422007878 -13.068358228722266 -4.15152240927771
