web/models/kne/48/mosfit_kn_0.095333_0.3590_0.5000.dat
# %ECSV 1.0
# ---
# datatype:
# - {name: time, datatype: float64}
# - {name: PS1_g, datatype: float64}
# - {name: PS1_i, datatype: float64}
# - {name: PS1_r, datatype: float64}
# - {name: PS1_w, datatype: float64}
# - {name: PS1_y, datatype: float64}
# - {name: PS1_z, datatype: float64}
# - {name: swift_uvot_B, datatype: float64}
# - {name: swift_uvot_U, datatype: float64}
# - {name: swift_uvot_uvm2, datatype: float64}
# - {name: swift_uvot_uvw1, datatype: float64}
# - {name: swift_uvot_uvw2, datatype: float64}
# - {name: swift_uvot_V, datatype: float64}
# - {name: johnson_B, datatype: float64}
# - {name: johnson_I, datatype: float64}
# - {name: johnson_R, datatype: float64}
# - {name: johnson_U, datatype: float64}
# - {name: johnson_V, datatype: float64}
# - {name: sdss_g, datatype: float64}
# - {name: sdss_i, datatype: float64}
# - {name: sdss_r, datatype: float64}
# - {name: sdss_u, datatype: float64}
# - {name: sdss_z, datatype: float64}
# - {name: ATLAS_c, datatype: float64}
# - {name: ATLAS_o, datatype: float64}
# - {name: ukirt_H, datatype: float64}
# - {name: ukirt_J, datatype: float64}
# - {name: ukirt_K, datatype: float64}
# - {name: Clear, datatype: float64}
# meta: !!omap
# - comment: [kappa = 0.5, type = rprocess, mass = 0.09533330950298248, velocity = 0.359, theta_obs = 0.0, tfloor = 1000.0]
# schema: astropy-2.0
time PS1_g PS1_i PS1_r PS1_w PS1_y PS1_z swift_uvot_B swift_uvot_U swift_uvot_uvm2 swift_uvot_uvw1 swift_uvot_uvw2 swift_uvot_V johnson_B johnson_I johnson_R johnson_U johnson_V sdss_g sdss_i sdss_r sdss_u sdss_z ATLAS_c ATLAS_o ukirt_H ukirt_J ukirt_K Clear
[from data line 260]
15.691382765531062 6.711955090891237 -2.1698737223080578 1.305197055729792 -0.6627267557741945 -5.693063770833309 -4.275387805986188 10.251861667455707 16.910805765350627 30.799401069379794 12.876388297425176 15.389404803904828 4.671471783762022 9.047924350489517 -3.7233870287300084 -0.7533542620050084 15.879804586098885 3.716449448593269 7.5244951922056735 -2.0886177701950537 1.5336857152262162 17.411911295525453 -4.848815418008172 3.2842736254724336 -1.1681388991373431 -10.642051148748804 -8.492561853259113 -12.002339829221976 -2.948620799535533
15.751503006012024 6.720846269065639 -2.1609825441336383 1.3140882339042115 -0.6538355775997751 -5.684172592658907 -4.266496627811769 10.260752845630126 16.919696943525047 30.808292247554217 12.885279475599596 15.398295982079247 4.6803629619364235 9.056815528663936 -3.714495850555589 -0.744463083830589 15.888695764273287 3.7253406267676885 7.533386370380093 -2.079726592020652 1.5425768934006356 17.420802473699872 -4.8399242398337705 3.293164803646853 -1.1592477209629415 -10.633159970574384 -8.483670675084694 -11.993448651047574 -2.9397296213611313
15.811623246492985 6.729705022802381 -2.152123790396896 1.322946987640936 -0.6449768238630327 -5.675313838922165 -4.2576378740750265 10.269611599366868 16.92855569726179 30.81715100129095 12.894138229336338 15.40715473581599 4.689221715673166 9.065674282400678 -3.7056370968188466 -0.7356043300938466 15.897554518010029 3.734199380504413 7.542245124116818 -2.0708678382839096 1.551435647137378 17.429661227436615 -4.831065486097028 3.3020235573835777 -1.150388967226199 -10.62430121683766 -8.47481192134797 -11.984589897310832 -2.930870867624389
15.871743486973948 6.738531580860698 -2.143297232338579 1.3317735456992708 -0.6361502658047158 -5.666487280863848 -4.24881131601671 10.278438157425185 16.937382255320106 30.825977559349273 12.902964787394655 15.415981293874307 4.698048273731483 9.074500840458995 -3.6968105387605297 -0.7267777720355297 15.906381076068346 3.743025938562748 7.551071682175152 -2.0620412802255927 1.560262205195695 17.43848778549493 -4.822238928038711 3.3108501154419123 -1.1415624091678822 -10.615474658779325 -8.465985363289652 -11.975763339252515 -2.922044309566072
15.931863727454909 6.747326185689015 -2.1345026275102796 1.3405681505275702 -0.6273556609764164 -5.657692676035531 -4.24001671118841 10.287232762253485 16.946176860148405 30.834772164177583 12.911759392222972 15.424775898702624 4.7068428785598 9.083295445287295 -3.6880159339322303 -0.7179831672072303 15.915175680896663 3.751820543391047 7.559866287003452 -2.0532466753972756 1.569056810024012 17.44728239032323 -4.813444323210394 3.3196447202702117 -1.132767804339565 -10.606680053951026 -8.457190758461335 -11.966968734424198 -2.913249704737755
15.991983967935871 6.756089087950681 -2.1257397252485966 1.3493310527892532 -0.6185927587147333 -5.648929773773865 -4.231253808926727 10.295995664515168 16.95493976241009 30.843535066439255 12.920522294484638 15.433538800964289 4.715605780821465 9.092058347548978 -3.679253031670547 -0.7092202649455472 15.923938583158328 3.7605834456527303 7.568629189265135 -2.0444837731356102 1.5778197122856774 17.456045292584914 -4.804681420948729 3.328407622531895 -1.1240049020778997 -10.597917151689343 -8.448427856199652 -11.958205832162532 -2.9044868024760895
16.052104208416832 6.764820532361977 -2.1170082808373003 1.3580624972005317 -0.609861314303437 -5.640198329362569 -4.222522364515431 10.304727108926464 16.963671206821385 30.852266510850544 12.929253738895934 15.442270245375585 4.724337225232762 9.100789791960274 -3.670521587259251 -0.700488820534251 15.932670027569625 3.7693148900640088 7.577360633676431 -2.035752328724314 1.5865511566969737 17.46477673699621 -4.7959499765374325 3.337139066943191 -1.1152734576666035 -10.589185707278064 -8.439696411788374 -11.949474387751236 -2.8957553580647932
16.112224448897795 6.773520760049543 -2.1083080531497522 1.3667627248880976 -0.601161086615889 -5.631498101675003 -4.213822136827883 10.313427336614012 16.972371434508933 30.8609667385381 12.937953966583482 15.450970473063133 4.733037452920327 9.109490019647822 -3.661821359571703 -0.6917885928467029 15.94137025525719 3.7780151177515746 7.586060861363979 -2.027052101036748 1.5952513843845217 17.47347696468376 -4.787249748849867 3.345839294630739 -1.1065732299790554 -10.580485479590498 -8.430996184100808 -11.94077416006367 -2.8870551303772274
16.172344689378757 6.782189994784087 -2.0996388184151904 1.3754319596226416 -0.5924918518813271 -5.622828866940459 -4.205152902093321 10.322096571348574 16.981040669243495 30.869635973272654 12.946623201318044 15.459639707797695 4.7417066876548715 9.118159254382384 -3.653152124837141 -0.6831193581121411 15.950039489991735 3.7866843524861187 7.594730096098523 -2.018382866302204 1.6039206191190836 17.48214619941832 -4.778580514115323 3.354508529365301 -1.0979039952444936 -10.571816244855954 -8.422326949366264 -11.932104925329126 -2.8783858956426833
16.23246492985972 6.790828459684892 -2.091000353514403 1.384070424523447 -0.5838533869805396 -5.614190402039654 -4.196514437192533 10.330735036249362 16.989679134144282 30.87827443817346 12.95526166621885 15.468278172698483 4.750345152555677 9.126797719283172 -3.6445136599363535 -0.6744808932113535 15.95867795489254 3.795322817386924 7.6033685609993285 -2.0097444014013988 1.612559084019889 17.490784664319108 -4.769942049214517 3.3631469942660885 -1.0892655303436882 -10.563177779955149 -8.413688484465458 -11.92346646042832 -2.869747430741878
16.29258517034068 6.7994363913711275 -2.0823924218281498 1.3926783562096823 -0.5752454552943043 -5.6055824703534185 -4.18790650550628 10.339342967935615 16.998287065830517 30.886882369859695 12.963869597905084 15.476886104384736 4.758953084241912 9.135405650969425 -3.6359057282501004 -0.6658729615251004 15.967285886578775 3.8039307490731593 7.611976492685564 -2.0011364697151635 1.6211670157061242 17.499392596005343 -4.761334117528282 3.371754925952324 -1.080657598657453 -10.554569848268914 -8.405080552779223 -11.914858528742085 -2.8611394990556427
16.352705410821642 6.808014024690667 -2.07381478850861 1.401255989529222 -0.5666678219747467 -5.597004837033879 -4.1793288721867405 10.347920601255154 17.006864699150075 30.89546000317924 12.972447231224624 15.485463737704276 4.767530717561452 9.143983284288964 -3.6273280949305606 -0.6572953282055607 15.975863519898315 3.812508382392699 7.620554126005121 -1.9925588363956237 1.629744649025664 17.5079702293249 -4.752756484208742 3.3803325592718814 -1.0720799653379132 -10.545992214949374 -8.396502919459683 -11.906280895422546 -2.852561865736103
16.412825651302605 6.816561588128334 -2.0652672250709436 1.4098035529668884 -0.5581202585370804 -5.588457273596212 -4.170781308749074 10.35646816469282 17.01541226258774 30.904007566616908 12.98099479466229 15.494011301141942 4.776078280999118 9.15253084772663 -3.6187805314928942 -0.6487477647678943 15.984411083335981 3.821055945830383 7.629101689442788 -1.9840112729579573 1.6382922124633303 17.516517792762567 -4.744208920771076 3.3888801227095477 -1.0635324019002468 -10.537444651511708 -8.387955356022017 -11.89773333198488 -2.8440143022984365
16.472945891783567 6.825079287979676 -2.056749525219601 1.4183212528182487 -0.5496025586857378 -5.57993957374487 -4.162263608897732 10.364985864544163 17.023929962439084 30.912525266468254 12.989512494513633 15.502529000993285 4.784595980850461 9.161048547577973 -3.6102628316415517 -0.6402300649165518 15.992928783187342 3.8295736456817258 7.63761938929413 -1.9754935731066148 1.6468099123146729 17.52503549261391 -4.735691220919733 3.3973978225608903 -1.0550147020489042 -10.528926951660347 -8.379437656170657 -11.889215632133537 -2.835496602447094
16.53306613226453 6.83356733745331 -2.048261475745967 1.4268093022918826 -0.5411145092121039 -5.571451524271218 -4.153775559424098 10.373473914017797 17.032418011912718 30.921013315941888 12.998000543987267 15.511017050466918 4.7930840303241125 9.169536597051607 -3.601774782167918 -0.6317420154429179 16.001416832660976 3.8380616951553597 7.646107438767764 -1.9670055236329809 1.6552979617883068 17.533523542087543 -4.727203171446099 3.405885872034524 -1.0465266525752703 -10.520438902186713 -8.370949606697023 -11.880727582659903 -2.8270085529734423
16.59318637274549 6.842025959095963 -2.039802854103332 1.4352679239345179 -0.5326558875694687 -5.562992902628583 -4.1453169377814625 10.381932535660432 17.040876633555353 30.929471937584527 13.00645916562992 15.519475672109571 4.801542651966748 9.177995218694242 -3.5933161605252826 -0.6232833938002826 16.00987545430361 3.846520316797995 7.654566060410399 -1.9585469019903279 1.6637565834309598 17.54198216373018 -4.718744549803446 3.4143444936771594 -1.0380680309326173 -10.511980280544078 -8.362490985054388 -11.87226896101725 -2.818549931330807
16.65330661322645 6.850455371530693 -2.0313734416685847 1.4436973363692474 -0.5242264751347214 -5.554563490193853 -4.136887525346715 10.39036194809518 17.0493060459901 30.93790135001927 13.01488857806465 15.527905084544301 4.809972064401477 9.18642463112899 -3.5848867480905353 -0.6148539813655354 16.01830486673834 3.8549497292327244 7.662995472845147 -1.9501174895555984 1.6721859958656893 17.550411576164926 -4.710315137368717 3.4227739061119067 -1.0296386184978878 -10.503550868109349 -8.354061572619658 -11.86383954858252 -2.8101205188960776
16.713426853707414 6.858855793990788 -2.0229730192084894 1.4520977588293427 -0.5158260526746261 -5.546163067733758 -4.12848710288662 10.398762370555275 17.057706468450196 30.946301772479355 13.023289000524745 15.536305507004396 4.8183724868615725 9.194825053589085 -3.57648632563044 -0.6064535589054401 16.026705289198436 3.8633501516928197 7.671395895305224 -1.941717067095503 1.6805864183257846 17.55881199862502 -4.701914714908622 3.431174328572002 -1.0212381960377925 -10.495150445649253 -8.345661150159563 -11.855439126122425 -2.8017200964359823
16.773547094188377 6.867227425055393 -2.014601388143884 1.4604693898939658 -0.5074544216100207 -5.537791436669153 -4.1201154718220145 10.40713400161988 17.0660780995148 30.954673403543968 13.03166063158935 15.544677138069002 4.826744117926178 9.20319668465369 -3.5681146945658346 -0.5980819278408347 16.03507692026306 3.871721782757443 7.679767526369847 -1.9333454360308977 1.68895804939039 17.567183629689627 -4.693543083844016 3.4395459596366074 -1.0128665649731872 -10.48677881458463 -8.33728951909494 -11.84706749505782 -2.793348465371377
16.83366733466934 6.875570460126266 -2.0062583530730116 1.4688124249648382 -0.4991113865391483 -5.529448401598263 -4.111772436751142 10.415477036690753 17.074421134585673 30.96301643861484 13.040003666660223 15.553020173139874 4.835087152997068 9.211539719724563 -3.559771659494962 -0.5897388927699623 16.04341995533393 3.8800648178283152 7.68811056144072 -1.9250024009600253 1.6973010844612624 17.5755266647605 -4.685200048773126 3.44788899470748 -1.0045235299023147 -10.478435779513758 -8.328946484024067 -11.83872445998693 -2.7850054303004868
16.8937875751503 6.883885111407064 -1.997943701792213 1.477127076245619 -0.49079673525836753 -5.521133750317482 -4.103457785470344 10.423791687971551 17.082735785866454 30.97133108989563 13.048318317941021 15.561334824420673 4.843401804277849 9.219854371005361 -3.5514570082141637 -0.5814242414891637 16.051734606614712 3.888379469109096 7.6964252127215005 -1.9166877496792267 1.705615735742061 17.58384131604128 -4.676885397492345 3.4562036459882606 -0.9962088786215162 -10.470121128232977 -8.320631832743286 -11.830409808706149 -2.776690779019706
16.95390781563126 6.8921715803843675 -1.9896572328149098 1.4854135452229222 -0.4825102662810643 -5.5128472813401785 -4.09517131649304 10.432078156948855 17.091022254843757 30.979617558872935 13.056604786918324 15.569621293397976 4.851688273255152 9.228140839982647 -3.5431705392368604 -0.5731377725118783 16.060021075592015 3.8966659380863993 7.704711681698804 -1.9084012807019235 1.7139022047193642 17.592127785018583 -4.668598928515042 3.464490114965564 -0.987922409644213 -10.461834659255674 -8.312345363765983 -11.822123339728845 -2.7684043100424027
17.014028056112224 6.900430077037729 -1.9813987361615482 1.4936720418762839 -0.4742517696276849 -5.504588784686817 -4.086912819839679 10.440336653602216 17.099280751497137 30.987876055526296 13.064863283571686 15.577879790051337 4.859946769908514 9.236399336636026 -3.534912042583499 -0.5648792758584988 16.068279572245377 3.904924434739761 7.712970178352165 -1.9001427840485619 1.7221607013727258 17.600386281671963 -4.66034043186168 3.4727486116189255 -0.9796639129908513 -10.453576162602312 -8.304086867112622 -11.813864843075484 -2.760145813389041
17.074148296593187 6.9086607968688085 -1.9731680163304866 1.5019027617073633 -0.4660210497966233 -5.4963580648557375 -4.078682100008617 10.448567373433278 17.1075114713282 30.99610677535738 13.073094003402765 15.586110509882417 4.868177489739593 9.244630056467088 -3.526681322752437 -0.5566485560274372 16.076510292076456 3.9131551545708403 7.721200898183245 -1.8919120642174825 1.7303914212038052 17.608617001503024 -4.652109712030601 3.480979331450005 -0.971433193159772 -10.445345442771233 -8.295856147281542 -11.805634123244404 -2.7519150935579617
17.13426853707415 6.916863919002747 -1.9649648941965303 1.5101058838413195 -0.45781792766266705 -5.488154942721799 -4.070478977874661 10.456770495567234 17.115714593462155 31.00430989749132 13.081297125536704 15.594313632016355 4.876380611873532 9.252833178601044 -3.518478200618481 -0.548445433893481 16.084713414210395 3.9213582767047965 7.729404020317201 -1.883708942083544 1.7385945433377437 17.61682012363698 -4.6439065898966625 3.489182453583961 -0.9632300710258335 -10.437142320637276 -8.287653025147604 -11.797431001110466 -2.7437119714240232
17.19438877755511 6.925039643189148 -1.956789170010147 1.5182816080277028 -0.4496422034762837 -5.479979218535398 -4.0623032536882775 10.464946219753635 17.123890317648538 31.012485621677715 13.089472849723105 15.602489356202756 4.884556336059933 9.261008902787427 -3.51030247643208 -0.5402697097070976 16.092889138396796 3.92953400089118 7.737579744503584 -1.875533217897143 1.7467702675241448 17.624995847823364 -4.635730865710261 3.4973581777703444 -0.9550543468394324 -10.428966596450893 -8.279477300961203 -11.789255276924065 -2.735536247237622
17.25450901803607 6.933188159052754 -1.9486406541465229 1.5264301238913092 -0.4414936876126774 -5.471830702671792 -4.054154737824653 10.473094735617241 17.132038833512144 31.020634137541325 13.097621365586711 15.610637872066363 4.892704851923539 9.269157418651051 -3.5021539605684735 -0.5321211938434913 16.101037654260402 3.937682516754786 7.745728260367191 -1.8673847020335366 1.754918783387751 17.63314436368697 -4.627582349846655 3.5055066936339507 -0.946905830975826 -10.420818080587287 -8.271328785097596 -11.781106761060459 -2.727387731374016
17.314629258517034 6.941309661966404 -1.9405191512328734 1.5345516268049586 -0.43337218469902794 -5.463709199758142 -4.046033234911004 10.481216238530891 17.140160336425794 31.02875564045497 13.10574286850036 15.618759374980012 4.900826354837188 9.277278921564701 -3.494032457654824 -0.5239996909298241 16.10915915717405 3.9458040196684356 7.75384976328084 -1.8592631991198871 1.7630402863014005 17.64126586660062 -4.619460846933006 3.5136281965476 -0.9387843280621766 -10.412696577673637 -8.263207282183947 -11.772985258146809 -2.7192662284603664
