web/models/kne.last_good/9/villar_0.0512_0.3903_10.0000.dat
# %ECSV 1.0
# ---
# datatype:
# - {name: time, datatype: float64}
# - {name: swift_uvot_uvw2, datatype: float64}
# - {name: swift_uvot_uvm2, datatype: float64}
# - {name: swift_uvot_uvw1, datatype: float64}
# - {name: swift_uvot_U, datatype: float64}
# - {name: swift_uvot_B, datatype: float64}
# - {name: swift_uvot_V, datatype: float64}
# - {name: swift_uvot_W, datatype: float64}
# - {name: johnson_U, datatype: float64}
# - {name: johnson_B, datatype: float64}
# - {name: johnson_V, datatype: float64}
# - {name: johnson_R, datatype: float64}
# - {name: johnson_I, datatype: float64}
# - {name: sdss_u, datatype: float64}
# - {name: sdss_g, datatype: float64}
# - {name: sdss_r, datatype: float64}
# - {name: sdss_i, datatype: float64}
# - {name: sdss_z, datatype: float64}
# - {name: PS1_g, datatype: float64}
# - {name: PS1_r, datatype: float64}
# - {name: PS1_i, datatype: float64}
# - {name: PS1_z, datatype: float64}
# - {name: PS1_Y, datatype: float64}
# - {name: PS1_w, datatype: float64}
# - {name: ATLAS_c, datatype: float64}
# - {name: ATLAS_o, datatype: float64}
# - {name: ukirt_J, datatype: float64}
# - {name: ukirt_H, datatype: float64}
# - {name: ukirt_K, datatype: float64}
# - {name: Clear, datatype: float64}
# meta: !!omap
# - comment: [kappa = 10.0, type = villar, mass = 0.051209162050732976, velocity = 0.3903333333333333, theta_obs = 0.0, tfloor = 2500.0]
# schema: astropy-2.0
time swift_uvot_uvw2 swift_uvot_uvm2 swift_uvot_uvw1 swift_uvot_U swift_uvot_B swift_uvot_V swift_uvot_W johnson_U johnson_B johnson_V johnson_R johnson_I sdss_u sdss_g sdss_r sdss_i sdss_z PS1_g PS1_r PS1_i PS1_z PS1_Y PS1_w ATLAS_c ATLAS_o ukirt_J ukirt_H ukirt_K Clear
[from data line 271]
3.212194 -8.703 -3.504 -4.47 -6.173 -8.96 -10.962 -9.078 -6.67 -9.091 -11.08 -12.665 -13.742 -6.447 -9.81 -11.939 -13.064 -13.834 -10.785 -12.108 -13.142 -13.758 -14.217 -12.262 -11.024 -12.576 -14.746 -15.066 -15.127 -12.722
3.309345 -8.646 -3.448 -4.414 -6.117 -8.903 -10.906 -9.021 -6.614 -9.034 -11.024 -12.609 -13.686 -6.391 -9.754 -11.883 -13.007 -13.778 -10.728 -12.052 -13.086 -13.702 -14.161 -12.206 -10.967 -12.519 -14.689 -15.01 -15.07 -12.666
3.409434 -8.59 -3.391 -4.357 -6.06 -8.847 -10.849 -8.965 -6.557 -8.978 -10.968 -12.552 -13.629 -6.334 -9.697 -11.826 -12.951 -13.722 -10.672 -11.995 -13.029 -13.645 -14.104 -12.149 -10.911 -12.463 -14.633 -14.953 -15.014 -12.609
3.51255 -8.533 -3.335 -4.301 -6.003 -8.79 -10.792 -8.908 -6.5 -8.921 -10.911 -12.496 -13.573 -6.278 -9.641 -11.769 -12.894 -13.665 -10.615 -11.939 -12.973 -13.588 -14.047 -12.092 -10.854 -12.406 -14.576 -14.896 -14.957 -12.552
3.618785 -8.476 -3.278 -4.244 -5.947 -8.733 -10.735 -8.851 -6.443 -8.864 -10.854 -12.439 -13.516 -6.221 -9.584 -11.712 -12.837 -13.608 -10.558 -11.882 -12.916 -13.531 -13.991 -12.035 -10.797 -12.349 -14.519 -14.839 -14.9 -12.496
3.728232 -8.419 -3.221 -4.187 -5.889 -8.676 -10.678 -8.794 -6.386 -8.807 -10.797 -12.382 -13.459 -6.164 -9.527 -11.655 -12.78 -13.551 -10.501 -11.825 -12.859 -13.474 -13.933 -11.978 -10.74 -12.292 -14.462 -14.782 -14.843 -12.438
3.84099 -8.362 -3.163 -4.129 -5.832 -8.619 -10.621 -8.737 -6.329 -8.75 -10.74 -12.324 -13.401 -6.106 -9.469 -11.598 -12.723 -13.494 -10.444 -11.767 -12.801 -13.417 -13.876 -11.921 -10.683 -12.235 -14.405 -14.725 -14.786 -12.381
3.957158 -8.304 -3.106 -4.072 -5.775 -8.561 -10.564 -8.679 -6.272 -8.693 -10.682 -12.267 -13.344 -6.049 -9.412 -11.541 -12.665 -13.436 -10.386 -11.71 -12.744 -13.36 -13.819 -11.864 -10.625 -12.177 -14.347 -14.668 -14.728 -12.324
4.07684 -8.247 -3.048 -4.014 -5.717 -8.504 -10.506 -8.622 -6.214 -8.635 -10.624 -12.209 -13.286 -5.991 -9.354 -11.483 -12.608 -13.378 -10.329 -11.652 -12.686 -13.302 -13.761 -11.806 -10.568 -12.12 -14.29 -14.61 -14.67 -12.266
4.200141 -8.189 -2.99 -3.956 -5.659 -8.446 -10.448 -8.564 -6.156 -8.577 -10.566 -12.151 -13.228 -5.933 -9.296 -11.425 -12.55 -13.321 -10.271 -11.594 -12.628 -13.244 -13.703 -11.748 -10.51 -12.062 -14.232 -14.552 -14.613 -12.208
4.327172 -8.131 -2.932 -3.898 -5.601 -8.388 -10.39 -8.506 -6.098 -8.519 -10.508 -12.093 -13.17 -5.875 -9.238 -11.367 -12.492 -13.262 -10.213 -11.536 -12.57 -13.186 -13.645 -11.69 -10.452 -12.004 -14.174 -14.494 -14.554 -12.15
4.458044 -8.072 -2.874 -3.84 -5.543 -8.329 -10.332 -8.447 -6.039 -8.46 -10.45 -12.035 -13.112 -5.817 -9.18 -11.309 -12.433 -13.204 -10.154 -11.478 -12.512 -13.128 -13.587 -11.632 -10.393 -11.945 -14.115 -14.436 -14.496 -12.092
4.592874 -8.014 -2.815 -3.781 -5.484 -8.271 -10.273 -8.389 -5.981 -8.402 -10.391 -11.976 -13.053 -5.758 -9.121 -11.25 -12.375 -13.146 -10.096 -11.419 -12.453 -13.069 -13.528 -11.573 -10.335 -11.887 -14.057 -14.377 -14.438 -12.033
4.731783 -7.955 -2.757 -3.722 -5.425 -8.212 -10.214 -8.33 -5.922 -8.343 -10.333 -11.918 -12.994 -5.699 -9.062 -11.191 -12.316 -13.087 -10.037 -11.361 -12.394 -13.01 -13.469 -11.514 -10.276 -11.828 -13.998 -14.318 -14.379 -11.974
4.874892 -7.896 -2.698 -3.663 -5.366 -8.153 -10.155 -8.271 -5.863 -8.284 -10.274 -11.859 -12.935 -5.64 -9.003 -11.132 -12.257 -13.028 -9.978 -11.302 -12.335 -12.951 -13.41 -11.455 -10.217 -11.769 -13.939 -14.259 -14.32 -11.915
5.02233 -7.837 -2.638 -3.604 -5.307 -8.094 -10.096 -8.212 -5.804 -8.225 -10.214 -11.799 -12.876 -5.581 -8.944 -11.073 -12.198 -12.968 -9.919 -11.242 -12.276 -12.892 -13.351 -11.396 -10.158 -11.71 -13.88 -14.2 -14.261 -11.856
5.174227 -7.777 -2.579 -3.545 -5.248 -8.034 -10.037 -8.152 -5.744 -8.165 -10.155 -11.74 -12.817 -5.522 -8.885 -11.013 -12.138 -12.909 -9.859 -11.183 -12.217 -12.832 -13.292 -11.337 -10.098 -11.65 -13.82 -14.14 -14.201 -11.797
5.330718 -7.718 -2.519 -3.485 -5.188 -7.975 -9.977 -8.092 -5.685 -8.106 -10.095 -11.68 -12.757 -5.462 -8.825 -10.954 -12.078 -12.849 -9.8 -11.123 -12.157 -12.773 -13.232 -11.277 -10.038 -11.59 -13.761 -14.081 -14.141 -11.737
5.491942 -7.658 -2.459 -3.425 -5.128 -7.915 -9.917 -8.032 -5.625 -8.046 -10.035 -11.62 -12.697 -5.402 -8.765 -10.894 -12.019 -12.789 -9.74 -11.063 -12.097 -12.713 -13.172 -11.217 -9.978 -11.531 -13.701 -14.021 -14.081 -11.677
5.658042 -7.598 -2.399 -3.365 -5.068 -7.855 -9.857 -7.972 -5.565 -7.986 -9.975 -11.56 -12.637 -5.342 -8.705 -10.834 -11.958 -12.729 -9.68 -11.003 -12.037 -12.653 -13.112 -11.157 -9.918 -11.47 -13.64 -13.961 -14.021 -11.617
5.829166 -7.537 -2.339 -3.305 -5.007 -7.794 -9.796 -7.912 -5.504 -7.925 -9.915 -11.5 -12.577 -5.282 -8.645 -10.773 -11.898 -12.669 -9.619 -10.943 -11.977 -12.592 -13.051 -11.096 -9.858 -11.41 -13.58 -13.9 -13.961 -11.556
6.005465 -7.476 -2.278 -3.244 -4.947 -7.734 -9.736 -7.851 -5.444 -7.865 -9.854 -11.439 -12.516 -5.221 -8.584 -10.713 -11.837 -12.608 -9.559 -10.882 -11.916 -12.532 -12.991 -11.036 -9.797 -11.349 -13.519 -13.84 -13.9 -11.496
6.187096 -7.416 -2.217 -3.183 -4.886 -7.673 -9.675 -7.79 -5.383 -7.804 -9.793 -11.378 -12.455 -5.16 -8.523 -10.652 -11.776 -12.547 -9.498 -10.821 -11.855 -12.471 -12.93 -10.975 -9.736 -11.288 -13.459 -13.779 -13.839 -11.435
6.37422 -7.355 -2.156 -3.122 -4.825 -7.612 -9.614 -7.729 -5.322 -7.743 -9.732 -11.317 -12.394 -5.099 -8.462 -10.591 -11.715 -12.486 -9.437 -10.76 -11.794 -12.41 -12.869 -10.914 -9.675 -11.227 -13.397 -13.718 -13.778 -11.374
6.567004 -7.293 -2.095 -3.061 -4.764 -7.55 -9.552 -7.668 -5.26 -7.681 -9.671 -11.256 -12.333 -5.038 -8.401 -10.529 -11.654 -12.425 -9.375 -10.699 -11.733 -12.348 -12.808 -10.852 -9.614 -11.166 -13.336 -13.656 -13.717 -11.313
6.765619 -7.232 -2.033 -2.999 -4.702 -7.489 -9.491 -7.606 -5.199 -7.62 -9.609 -11.194 -12.271 -4.976 -8.339 -10.468 -11.593 -12.363 -9.314 -10.637 -11.671 -12.287 -12.746 -10.791 -9.552 -11.105 -13.275 -13.595 -13.655 -11.251
6.97024 -7.17 -1.971 -2.937 -4.64 -7.427 -9.429 -7.545 -5.137 -7.558 -9.548 -11.132 -12.209 -4.914 -8.277 -10.406 -11.531 -12.302 -9.252 -10.575 -11.609 -12.225 -12.684 -10.729 -9.491 -11.043 -13.213 -13.533 -13.594 -11.189
7.181051 -7.108 -1.909 -2.875 -4.578 -7.365 -9.367 -7.483 -5.075 -7.496 -9.486 -11.07 -12.147 -4.852 -8.215 -10.344 -11.469 -12.24 -9.19 -10.513 -11.547 -12.163 -12.622 -10.667 -9.429 -10.981 -13.151 -13.471 -13.532 -11.127
7.398237 -7.046 -1.847 -2.813 -4.516 -7.303 -9.305 -7.421 -5.013 -7.434 -9.423 -11.008 -12.085 -4.79 -8.153 -10.282 -11.407 -12.177 -9.128 -10.451 -11.485 -12.101 -12.56 -10.605 -9.367 -10.919 -13.089 -13.409 -13.469 -11.065
7.621991 -6.983 -1.785 -2.751 -4.454 -7.24 -9.243 -7.358 -4.95 -7.371 -9.361 -10.946 -12.023 -4.728 -8.091 -10.219 -11.344 -12.115 -9.065 -10.389 -11.423 -12.038 -12.498 -10.542 -9.304 -10.856 -13.026 -13.346 -13.407 -11.003
7.852513 -6.921 -1.722 -2.688 -4.391 -7.178 -9.18 -7.295 -4.888 -7.309 -9.298 -10.883 -11.96 -4.665 -8.028 -10.157 -11.281 -12.052 -9.003 -10.326 -11.36 -11.976 -12.435 -10.48 -9.241 -10.793 -12.964 -13.284 -13.344 -10.94
8.090007 -6.858 -1.659 -2.625 -4.328 -7.115 -9.117 -7.233 -4.825 -7.246 -9.235 -10.82 -11.897 -4.602 -7.965 -10.094 -11.219 -11.989 -8.94 -10.263 -11.297 -11.913 -12.372 -10.417 -9.179 -10.731 -12.901 -13.221 -13.282 -10.877
8.334684 -6.795 -1.596 -2.562 -4.265 -7.052 -9.054 -7.169 -4.762 -7.183 -9.172 -10.757 -11.834 -4.539 -7.902 -10.031 -11.156 -11.926 -8.877 -10.2 -11.234 -11.85 -12.309 -10.354 -9.115 -10.668 -12.838 -13.158 -13.218 -10.814
8.586761 -6.731 -1.533 -2.499 -4.202 -6.988 -8.991 -7.106 -4.699 -7.119 -9.109 -10.694 -11.771 -4.476 -7.839 -9.968 -11.092 -11.863 -8.813 -10.137 -11.171 -11.787 -12.246 -10.291 -9.052 -10.604 -12.774 -13.095 -13.155 -10.751
8.846461 -6.668 -1.469 -2.435 -4.138 -6.925 -8.927 -7.043 -4.635 -7.056 -9.046 -10.63 -11.707 -4.412 -7.775 -9.904 -11.029 -11.8 -8.75 -10.073 -11.107 -11.723 -12.182 -10.227 -8.989 -10.541 -12.711 -13.031 -13.092 -10.687
9.114017 -6.604 -1.406 -2.372 -4.074 -6.861 -8.863 -6.979 -4.571 -6.992 -8.982 -10.567 -11.644 -4.349 -7.712 -9.84 -10.965 -11.736 -8.686 -10.01 -11.044 -11.659 -12.119 -10.163 -8.925 -10.477 -12.647 -12.967 -13.028 -10.623
9.389664 -6.54 -1.342 -2.308 -4.011 -6.797 -8.8 -6.915 -4.507 -6.928 -8.918 -10.503 -11.58 -4.285 -7.648 -9.776 -10.901 -11.672 -8.622 -9.946 -10.98 -11.595 -12.055 -10.099 -8.861 -10.413 -12.583 -12.903 -12.964 -10.56
9.673648 -6.476 -1.278 -2.244 -3.946 -6.733 -8.735 -6.851 -4.443 -6.864 -8.854 -10.439 -11.516 -4.221 -7.584 -9.712 -10.837 -11.608 -8.558 -9.882 -10.916 -11.531 -11.99 -10.035 -8.797 -10.349 -12.519 -12.839 -12.9 -10.495
9.966221 -6.412 -1.213 -2.179 -3.882 -6.669 -8.671 -6.787 -4.379 -6.8 -8.79 -10.374 -11.451 -4.156 -7.519 -9.648 -10.773 -11.544 -8.494 -9.817 -10.851 -11.467 -11.926 -9.971 -8.733 -10.285 -12.455 -12.775 -12.836 -10.431
10.267642 -6.347 -1.149 -2.115 -3.818 -6.604 -8.607 -6.722 -4.314 -6.735 -8.725 -10.31 -11.387 -4.092 -7.455 -9.584 -10.708 -11.479 -8.429 -9.753 -10.787 -11.402 -11.862 -9.907 -8.668 -10.22 -12.39 -12.711 -12.771 -10.367
10.57818 -6.283 -1.084 -2.05 -3.753 -6.54 -8.542 -6.657 -4.25 -6.671 -8.66 -10.245 -11.322 -4.027 -7.39 -9.519 -10.643 -11.414 -8.365 -9.688 -10.722 -11.338 -11.797 -9.842 -8.603 -10.155 -12.326 -12.646 -12.706 -10.302
10.89811 -6.218 -1.019 -1.985 -3.688 -6.475 -8.477 -6.593 -4.185 -6.606 -8.595 -10.18 -11.257 -3.962 -7.325 -9.454 -10.579 -11.349 -8.3 -9.623 -10.657 -11.273 -11.732 -9.777 -8.539 -10.091 -12.261 -12.581 -12.642 -10.237
11.227716 -6.153 -0.954 -1.92 -3.623 -6.41 -8.412 -6.527 -4.12 -6.541 -8.53 -10.115 -11.192 -3.897 -7.26 -9.389 -10.514 -11.284 -8.235 -9.558 -10.592 -11.208 -11.667 -9.712 -8.473 -10.026 -12.196 -12.516 -12.576 -10.172
11.56729 -6.087 -0.889 -1.855 -3.558 -6.344 -8.347 -6.462 -4.055 -6.475 -8.465 -10.05 -11.127 -3.832 -7.195 -9.324 -10.448 -11.219 -8.169 -9.493 -10.527 -11.143 -11.602 -9.647 -8.408 -9.96 -12.13 -12.451 -12.511 -10.107
11.917135 -6.022 -0.823 -1.789 -3.492 -6.279 -8.281 -6.397 -3.989 -6.41 -8.4 -9.984 -11.061 -3.766 -7.129 -9.258 -10.383 -11.154 -8.104 -9.427 -10.461 -11.077 -11.536 -9.581 -8.343 -9.895 -12.065 -12.385 -12.446 -10.041
12.277561 -5.956 -0.758 -1.724 -3.427 -6.213 -8.216 -6.331 -3.923 -6.344 -8.334 -9.919 -10.996 -3.701 -7.064 -9.192 -10.317 -11.088 -8.038 -9.362 -10.396 -11.011 -11.471 -9.515 -8.277 -9.829 -11.999 -12.319 -12.38 -9.976
12.648887 -5.89 -0.692 -1.658 -3.361 -6.148 -8.15 -6.265 -3.858 -6.279 -8.268 -9.853 -10.93 -3.635 -6.998 -9.127 -10.251 -11.022 -7.973 -9.296 -10.33 -10.946 -11.405 -9.45 -8.211 -9.763 -11.933 -12.254 -12.314 -9.91
13.031444 -5.824 -0.626 -1.592 -3.295 -6.082 -8.084 -6.199 -3.792 -6.213 -8.202 -9.787 -10.864 -3.569 -6.932 -9.061 -10.185 -10.956 -7.907 -9.23 -10.264 -10.88 -11.339 -9.384 -8.145 -9.697 -11.867 -12.188 -12.248 -9.844
13.425571 -5.758 -0.56 -1.526 -3.229 -6.015 -8.018 -6.133 -3.725 -6.146 -8.136 -9.721 -10.798 -3.503 -6.866 -8.994 -10.119 -10.89 -7.84 -9.164 -10.198 -10.813 -11.273 -9.317 -8.079 -9.631 -11.801 -12.121 -12.182 -9.778
13.831619 -5.692 -0.493 -1.459 -3.162 -5.949 -7.951 -6.067 -3.659 -6.08 -8.07 -9.654 -10.731 -3.436 -6.799 -8.928 -10.053 -10.824 -7.774 -9.097 -10.131 -10.747 -11.206 -9.251 -8.013 -9.565 -11.735 -12.055 -12.116 -9.711
14.249947 -5.625 -0.427 -1.393 -3.096 -5.883 -7.885 -6.0 -3.593 -6.014 -8.003 -9.588 -10.665 -3.37 -6.733 -8.862 -9.986 -10.757 -7.708 -9.031 -10.065 -10.681 -11.14 -9.185 -7.946 -9.498 -11.668 -11.989 -12.049 -9.645
14.680926 -5.559 -0.36 -1.326 -3.029 -5.816 -7.818 -5.934 -3.526 -5.947 -7.936 -9.521 -10.598 -3.303 -6.666 -8.795 -9.92 -10.69 -7.641 -8.964 -9.998 -10.614 -11.073 -9.118 -7.88 -9.432 -11.602 -11.922 -11.982 -9.578
15.124941 -5.492 -0.293 -1.259 -2.962 -5.749 -7.751 -5.867 -3.459 -5.88 -7.87 -9.454 -10.531 -3.236 -6.599 -8.728 -9.853 -10.624 -7.574 -8.897 -9.931 -10.547 -11.006 -9.051 -7.813 -9.365 -11.535 -11.855 -11.916 -9.511
15.582385 -5.425 -0.226 -1.192 -2.895 -5.682 -7.684 -5.8 -3.392 -5.813 -7.803 -9.387 -10.464 -3.169 -6.532 -8.661 -9.786 -10.557 -7.507 -8.83 -9.864 -10.48 -10.939 -8.984 -7.746 -9.298 -11.468 -11.788 -11.849 -9.444
16.053663 -5.358 -0.159 -1.125 -2.828 -5.615 -7.617 -5.732 -3.325 -5.746 -7.735 -9.32 -10.397 -3.102 -6.465 -8.594 -9.718 -10.489 -7.44 -8.763 -9.797 -10.413 -10.872 -8.917 -7.678 -9.231 -11.401 -11.721 -11.781 -9.377
16.539195 -5.29 -0.092 -1.058 -2.761 -5.547 -7.55 -5.665 -3.257 -5.678 -7.668 -9.253 -10.33 -3.035 -6.398 -8.526 -9.651 -10.422 -7.372 -8.696 -9.73 -10.345 -10.805 -8.85 -7.611 -9.163 -11.333 -11.653 -11.714 -9.31
17.039412 -5.223 -0.024 -0.99 -2.693 -5.48 -7.482 -5.598 -3.19 -5.611 -7.6 -9.185 -10.262 -2.967 -6.33 -8.459 -9.584 -10.354 -7.305 -8.628 -9.662 -10.278 -10.737 -8.782 -7.544 -9.096 -11.266 -11.586 -11.647 -9.242
17.554757 -5.155 0.043 -0.923 -2.625 -5.412 -7.414 -5.53 -3.122 -5.543 -7.533 -9.118 -10.195 -2.9 -6.263 -8.391 -9.516 -10.287 -7.237 -8.561 -9.595 -10.21 -10.669 -8.714 -7.476 -9.028 -11.198 -11.518 -11.579 -9.174
18.085689 -5.087 0.111 -0.855 -2.558 -5.344 -7.347 -5.462 -3.054 -5.475 -7.465 -9.05 -10.127 -2.832 -6.195 -8.324 -9.448 -10.219 -7.169 -8.493 -9.527 -10.142 -10.602 -8.647 -7.408 -8.96 -11.13 -11.451 -11.511 -9.107
18.632678 -5.019 0.179 -0.787 -2.49 -5.276 -7.279 -5.394 -2.987 -5.407 -7.397 -8.982 -10.059 -2.764 -6.127 -8.256 -9.38 -10.151 -7.101 -8.425 -9.459 -10.075 -10.534 -8.579 -7.34 -8.892 -11.062 -11.383 -11.443 -9.039
19.196211 -4.951 0.247 -0.719 -2.422 -5.208 -7.211 -5.326 -2.918 -5.339 -7.329 -8.914 -9.991 -2.696 -6.059 -8.187 -9.312 -10.083 -7.033 -8.357 -9.391 -10.006 -10.466 -8.51 -7.272 -8.824 -10.994 -11.314 -11.375 -8.971
19.776787 -4.883 0.315 -0.65 -2.353 -5.14 -7.142 -5.258 -2.85 -5.271 -7.261 -8.846 -9.922 -2.627 -5.99 -8.119 -9.244 -10.015 -6.965 -8.289 -9.322 -9.938 -10.397 -8.442 -7.204 -8.756 -10.926 -11.246 -11.307 -8.902
20.374923 -4.815 0.384 -0.582 -2.285 -5.072 -7.074 -5.189 -2.782 -5.203 -7.192 -8.777 -9.854 -2.559 -5.922 -8.051 -9.175 -9.946 -6.897 -8.22 -9.254 -9.87 -10.329 -8.374 -7.135 -8.687 -10.858 -11.178 -11.238 -8.834
20.991149 -4.746 0.452 -0.514 -2.216 -5.003 -7.005 -5.121 -2.713 -5.134 -7.124 -8.709 -9.785 -2.49 -5.854 -7.982 -9.107 -9.878 -6.828 -8.152 -9.186 -9.801 -10.26 -8.305 -7.067 -8.619 -10.789 -11.109 -11.17 -8.765
21.626011 -4.677 0.521 -0.445 -2.148 -4.934 -6.937 -5.052 -2.645 -5.066 -7.055 -8.64 -9.717 -2.422 -5.785 -7.914 -9.038 -9.809 -6.759 -8.083 -9.117 -9.733 -10.192 -8.237 -6.998 -8.55 -10.72 -11.041 -11.101 -8.697
22.280075 -4.609 0.59 -0.376 -2.079 -4.866 -6.868 -4.983 -2.576 -4.997 -6.986 -8.571 -9.648 -2.353 -5.716 -7.845 -8.969 -9.74 -6.691 -8.014 -9.048 -9.664 -10.123 -8.168 -6.929 -8.481 -10.651 -10.972 -11.032 -8.628
22.953921 -4.54 0.659 -0.307 -2.01 -4.797 -6.799 -4.914 -2.507 -4.928 -6.917 -8.502 -9.579 -2.284 -5.647 -7.776 -8.9 -9.671 -6.622 -7.945 -8.979 -9.595 -10.054 -8.099 -6.86 -8.412 -10.583 -10.903 -10.963 -8.559
23.648147 -4.471 0.728 -0.238 -1.941 -4.728 -6.73 -4.845 -2.438 -4.859 -6.848 -8.433 -9.51 -2.215 -5.578 -7.707 -8.831 -9.602 -6.553 -7.876 -8.91 -9.526 -9.985 -8.03 -6.791 -8.343 -10.513 -10.834 -10.894 -8.49
24.363369 -4.401 0.797 -0.169 -1.872 -4.658 -6.661 -4.776 -2.368 -4.789 -6.779 -8.364 -9.441 -2.146 -5.509 -7.637 -8.762 -9.533 -6.483 -7.807 -8.841 -9.456 -9.916 -7.961 -6.722 -8.274 -10.444 -10.764 -10.825 -8.421
25.100222 -4.332 0.866 -0.099 -1.802 -4.589 -6.591 -4.707 -2.299 -4.72 -6.71 -8.294 -9.371 -2.076 -5.439 -7.568 -8.693 -9.464 -6.414 -7.738 -8.771 -9.387 -9.846 -7.891 -6.653 -8.205 -10.375 -10.695 -10.756 -8.351
25.859362 -4.262 0.936 -0.03 -1.733 -4.52 -6.522 -4.637 -2.23 -4.651 -6.64 -8.225 -9.302 -2.007 -5.37 -7.499 -8.623 -9.394 -6.345 -7.668 -8.702 -9.318 -9.777 -7.822 -6.583 -8.135 -10.305 -10.626 -10.686 -8.282
26.64146 -4.193 1.006 0.04 -1.663 -4.45 -6.452 -4.568 -2.16 -4.581 -6.571 -8.155 -9.232 -1.937 -5.3 -7.429 -8.554 -9.325 -6.275 -7.598 -8.632 -9.248 -9.707 -7.752 -6.514 -8.066 -10.236 -10.556 -10.617 -8.212
