web/models/linear/44/-15_857_0_789.dat
# %ECSV 1.0
# ---
# datatype:
# - {name: time, datatype: float64}
# - {name: swift_uvot_uvw2, datatype: float64}
# - {name: swift_uvot_uvm2, datatype: float64}
# - {name: swift_uvot_uvw1, datatype: float64}
# - {name: swift_uvot_U, datatype: float64}
# - {name: swift_uvot_B, datatype: float64}
# - {name: swift_uvot_V, datatype: float64}
# - {name: swift_uvot_W, datatype: float64}
# - {name: johnson_U, datatype: float64}
# - {name: johnson_B, datatype: float64}
# - {name: johnson_V, datatype: float64}
# - {name: johnson_R, datatype: float64}
# - {name: johnson_I, datatype: float64}
# - {name: sdss_u, datatype: float64}
# - {name: sdss_g, datatype: float64}
# - {name: sdss_r, datatype: float64}
# - {name: sdss_i, datatype: float64}
# - {name: sdss_z, datatype: float64}
# - {name: PS1_g, datatype: float64}
# - {name: PS1_r, datatype: float64}
# - {name: PS1_i, datatype: float64}
# - {name: PS1_z, datatype: float64}
# - {name: PS1_Y, datatype: float64}
# - {name: PS1_w, datatype: float64}
# - {name: ATLAS_c, datatype: float64}
# - {name: ATLAS_o, datatype: float64}
# - {name: ukirt_J, datatype: float64}
# - {name: ukirt_H, datatype: float64}
# - {name: ukirt_K, datatype: float64}
# - {name: Clear, datatype: float64}
# meta: !!omap
# - comment: [M=-15.857142857142858, dM=0.7885372992905649]
# schema: astropy-2.0
time swift_uvot_uvw2 swift_uvot_uvm2 swift_uvot_uvw1 swift_uvot_U swift_uvot_B swift_uvot_V swift_uvot_W johnson_U johnson_B johnson_V johnson_R johnson_I sdss_u sdss_g sdss_r sdss_i sdss_z PS1_g PS1_r PS1_i PS1_z PS1_Y PS1_w ATLAS_c ATLAS_o ukirt_J ukirt_H ukirt_K Clear
[from data line 28]
2.1105527638190953 -14.192893280750711 -14.192893280750711 -14.192893280750711 -14.192893280750711 -14.192893280750711 -14.192893280750711 -14.192893280750711 -14.192893280750711 -14.192893280750711 -14.192893280750711 -14.192893280750711 -14.192893280750711 -14.192893280750711 -14.192893280750711 -14.192893280750711 -14.192893280750711 -14.192893280750711 -14.192893280750711 -14.192893280750711 -14.192893280750711 -14.192893280750711 -14.192893280750711 -14.192893280750711 -14.192893280750711 -14.192893280750711 -14.192893280750711 -14.192893280750711 -14.192893280750711 -14.192893280750711
2.185929648241206 -14.133455795879563 -14.133455795879563 -14.133455795879563 -14.133455795879563 -14.133455795879563 -14.133455795879563 -14.133455795879563 -14.133455795879563 -14.133455795879563 -14.133455795879563 -14.133455795879563 -14.133455795879563 -14.133455795879563 -14.133455795879563 -14.133455795879563 -14.133455795879563 -14.133455795879563 -14.133455795879563 -14.133455795879563 -14.133455795879563 -14.133455795879563 -14.133455795879563 -14.133455795879563 -14.133455795879563 -14.133455795879563 -14.133455795879563 -14.133455795879563 -14.133455795879563 -14.133455795879563
2.2613065326633164 -14.074018311008414 -14.074018311008414 -14.074018311008414 -14.074018311008414 -14.074018311008414 -14.074018311008414 -14.074018311008414 -14.074018311008414 -14.074018311008414 -14.074018311008414 -14.074018311008414 -14.074018311008414 -14.074018311008414 -14.074018311008414 -14.074018311008414 -14.074018311008414 -14.074018311008414 -14.074018311008414 -14.074018311008414 -14.074018311008414 -14.074018311008414 -14.074018311008414 -14.074018311008414 -14.074018311008414 -14.074018311008414 -14.074018311008414 -14.074018311008414 -14.074018311008414 -14.074018311008414
2.336683417085427 -14.014580826137266 -14.014580826137266 -14.014580826137266 -14.014580826137266 -14.014580826137266 -14.014580826137266 -14.014580826137266 -14.014580826137266 -14.014580826137266 -14.014580826137266 -14.014580826137266 -14.014580826137266 -14.014580826137266 -14.014580826137266 -14.014580826137266 -14.014580826137266 -14.014580826137266 -14.014580826137266 -14.014580826137266 -14.014580826137266 -14.014580826137266 -14.014580826137266 -14.014580826137266 -14.014580826137266 -14.014580826137266 -14.014580826137266 -14.014580826137266 -14.014580826137266 -14.014580826137266
2.4120603015075375 -13.955143341266119 -13.955143341266119 -13.955143341266119 -13.955143341266119 -13.955143341266119 -13.955143341266119 -13.955143341266119 -13.955143341266119 -13.955143341266119 -13.955143341266119 -13.955143341266119 -13.955143341266119 -13.955143341266119 -13.955143341266119 -13.955143341266119 -13.955143341266119 -13.955143341266119 -13.955143341266119 -13.955143341266119 -13.955143341266119 -13.955143341266119 -13.955143341266119 -13.955143341266119 -13.955143341266119 -13.955143341266119 -13.955143341266119 -13.955143341266119 -13.955143341266119 -13.955143341266119
2.487437185929648 -13.89570585639497 -13.89570585639497 -13.89570585639497 -13.89570585639497 -13.89570585639497 -13.89570585639497 -13.89570585639497 -13.89570585639497 -13.89570585639497 -13.89570585639497 -13.89570585639497 -13.89570585639497 -13.89570585639497 -13.89570585639497 -13.89570585639497 -13.89570585639497 -13.89570585639497 -13.89570585639497 -13.89570585639497 -13.89570585639497 -13.89570585639497 -13.89570585639497 -13.89570585639497 -13.89570585639497 -13.89570585639497 -13.89570585639497 -13.89570585639497 -13.89570585639497 -13.89570585639497
2.5628140703517586 -13.836268371523822 -13.836268371523822 -13.836268371523822 -13.836268371523822 -13.836268371523822 -13.836268371523822 -13.836268371523822 -13.836268371523822 -13.836268371523822 -13.836268371523822 -13.836268371523822 -13.836268371523822 -13.836268371523822 -13.836268371523822 -13.836268371523822 -13.836268371523822 -13.836268371523822 -13.836268371523822 -13.836268371523822 -13.836268371523822 -13.836268371523822 -13.836268371523822 -13.836268371523822 -13.836268371523822 -13.836268371523822 -13.836268371523822 -13.836268371523822 -13.836268371523822 -13.836268371523822
2.638190954773869 -13.776830886652673 -13.776830886652673 -13.776830886652673 -13.776830886652673 -13.776830886652673 -13.776830886652673 -13.776830886652673 -13.776830886652673 -13.776830886652673 -13.776830886652673 -13.776830886652673 -13.776830886652673 -13.776830886652673 -13.776830886652673 -13.776830886652673 -13.776830886652673 -13.776830886652673 -13.776830886652673 -13.776830886652673 -13.776830886652673 -13.776830886652673 -13.776830886652673 -13.776830886652673 -13.776830886652673 -13.776830886652673 -13.776830886652673 -13.776830886652673 -13.776830886652673 -13.776830886652673
2.7135678391959797 -13.717393401781525 -13.717393401781525 -13.717393401781525 -13.717393401781525 -13.717393401781525 -13.717393401781525 -13.717393401781525 -13.717393401781525 -13.717393401781525 -13.717393401781525 -13.717393401781525 -13.717393401781525 -13.717393401781525 -13.717393401781525 -13.717393401781525 -13.717393401781525 -13.717393401781525 -13.717393401781525 -13.717393401781525 -13.717393401781525 -13.717393401781525 -13.717393401781525 -13.717393401781525 -13.717393401781525 -13.717393401781525 -13.717393401781525 -13.717393401781525 -13.717393401781525 -13.717393401781525
2.78894472361809 -13.657955916910378 -13.657955916910378 -13.657955916910378 -13.657955916910378 -13.657955916910378 -13.657955916910378 -13.657955916910378 -13.657955916910378 -13.657955916910378 -13.657955916910378 -13.657955916910378 -13.657955916910378 -13.657955916910378 -13.657955916910378 -13.657955916910378 -13.657955916910378 -13.657955916910378 -13.657955916910378 -13.657955916910378 -13.657955916910378 -13.657955916910378 -13.657955916910378 -13.657955916910378 -13.657955916910378 -13.657955916910378 -13.657955916910378 -13.657955916910378 -13.657955916910378 -13.657955916910378
2.8643216080402008 -13.59851843203923 -13.59851843203923 -13.59851843203923 -13.59851843203923 -13.59851843203923 -13.59851843203923 -13.59851843203923 -13.59851843203923 -13.59851843203923 -13.59851843203923 -13.59851843203923 -13.59851843203923 -13.59851843203923 -13.59851843203923 -13.59851843203923 -13.59851843203923 -13.59851843203923 -13.59851843203923 -13.59851843203923 -13.59851843203923 -13.59851843203923 -13.59851843203923 -13.59851843203923 -13.59851843203923 -13.59851843203923 -13.59851843203923 -13.59851843203923 -13.59851843203923 -13.59851843203923
2.9396984924623113 -13.539080947168081 -13.539080947168081 -13.539080947168081 -13.539080947168081 -13.539080947168081 -13.539080947168081 -13.539080947168081 -13.539080947168081 -13.539080947168081 -13.539080947168081 -13.539080947168081 -13.539080947168081 -13.539080947168081 -13.539080947168081 -13.539080947168081 -13.539080947168081 -13.539080947168081 -13.539080947168081 -13.539080947168081 -13.539080947168081 -13.539080947168081 -13.539080947168081 -13.539080947168081 -13.539080947168081 -13.539080947168081 -13.539080947168081 -13.539080947168081 -13.539080947168081 -13.539080947168081
3.015075376884422 -13.479643462296934 -13.479643462296934 -13.479643462296934 -13.479643462296934 -13.479643462296934 -13.479643462296934 -13.479643462296934 -13.479643462296934 -13.479643462296934 -13.479643462296934 -13.479643462296934 -13.479643462296934 -13.479643462296934 -13.479643462296934 -13.479643462296934 -13.479643462296934 -13.479643462296934 -13.479643462296934 -13.479643462296934 -13.479643462296934 -13.479643462296934 -13.479643462296934 -13.479643462296934 -13.479643462296934 -13.479643462296934 -13.479643462296934 -13.479643462296934 -13.479643462296934 -13.479643462296934
3.0904522613065324 -13.420205977425786 -13.420205977425786 -13.420205977425786 -13.420205977425786 -13.420205977425786 -13.420205977425786 -13.420205977425786 -13.420205977425786 -13.420205977425786 -13.420205977425786 -13.420205977425786 -13.420205977425786 -13.420205977425786 -13.420205977425786 -13.420205977425786 -13.420205977425786 -13.420205977425786 -13.420205977425786 -13.420205977425786 -13.420205977425786 -13.420205977425786 -13.420205977425786 -13.420205977425786 -13.420205977425786 -13.420205977425786 -13.420205977425786 -13.420205977425786 -13.420205977425786 -13.420205977425786
3.165829145728643 -13.360768492554637 -13.360768492554637 -13.360768492554637 -13.360768492554637 -13.360768492554637 -13.360768492554637 -13.360768492554637 -13.360768492554637 -13.360768492554637 -13.360768492554637 -13.360768492554637 -13.360768492554637 -13.360768492554637 -13.360768492554637 -13.360768492554637 -13.360768492554637 -13.360768492554637 -13.360768492554637 -13.360768492554637 -13.360768492554637 -13.360768492554637 -13.360768492554637 -13.360768492554637 -13.360768492554637 -13.360768492554637 -13.360768492554637 -13.360768492554637 -13.360768492554637 -13.360768492554637
3.2412060301507535 -13.301331007683489 -13.301331007683489 -13.301331007683489 -13.301331007683489 -13.301331007683489 -13.301331007683489 -13.301331007683489 -13.301331007683489 -13.301331007683489 -13.301331007683489 -13.301331007683489 -13.301331007683489 -13.301331007683489 -13.301331007683489 -13.301331007683489 -13.301331007683489 -13.301331007683489 -13.301331007683489 -13.301331007683489 -13.301331007683489 -13.301331007683489 -13.301331007683489 -13.301331007683489 -13.301331007683489 -13.301331007683489 -13.301331007683489 -13.301331007683489 -13.301331007683489 -13.301331007683489
3.316582914572864 -13.24189352281234 -13.24189352281234 -13.24189352281234 -13.24189352281234 -13.24189352281234 -13.24189352281234 -13.24189352281234 -13.24189352281234 -13.24189352281234 -13.24189352281234 -13.24189352281234 -13.24189352281234 -13.24189352281234 -13.24189352281234 -13.24189352281234 -13.24189352281234 -13.24189352281234 -13.24189352281234 -13.24189352281234 -13.24189352281234 -13.24189352281234 -13.24189352281234 -13.24189352281234 -13.24189352281234 -13.24189352281234 -13.24189352281234 -13.24189352281234 -13.24189352281234 -13.24189352281234
3.3919597989949746 -13.182456037941193 -13.182456037941193 -13.182456037941193 -13.182456037941193 -13.182456037941193 -13.182456037941193 -13.182456037941193 -13.182456037941193 -13.182456037941193 -13.182456037941193 -13.182456037941193 -13.182456037941193 -13.182456037941193 -13.182456037941193 -13.182456037941193 -13.182456037941193 -13.182456037941193 -13.182456037941193 -13.182456037941193 -13.182456037941193 -13.182456037941193 -13.182456037941193 -13.182456037941193 -13.182456037941193 -13.182456037941193 -13.182456037941193 -13.182456037941193 -13.182456037941193 -13.182456037941193
3.467336683417085 -13.123018553070045 -13.123018553070045 -13.123018553070045 -13.123018553070045 -13.123018553070045 -13.123018553070045 -13.123018553070045 -13.123018553070045 -13.123018553070045 -13.123018553070045 -13.123018553070045 -13.123018553070045 -13.123018553070045 -13.123018553070045 -13.123018553070045 -13.123018553070045 -13.123018553070045 -13.123018553070045 -13.123018553070045 -13.123018553070045 -13.123018553070045 -13.123018553070045 -13.123018553070045 -13.123018553070045 -13.123018553070045 -13.123018553070045 -13.123018553070045 -13.123018553070045 -13.123018553070045
3.5427135678391957 -13.063581068198896 -13.063581068198896 -13.063581068198896 -13.063581068198896 -13.063581068198896 -13.063581068198896 -13.063581068198896 -13.063581068198896 -13.063581068198896 -13.063581068198896 -13.063581068198896 -13.063581068198896 -13.063581068198896 -13.063581068198896 -13.063581068198896 -13.063581068198896 -13.063581068198896 -13.063581068198896 -13.063581068198896 -13.063581068198896 -13.063581068198896 -13.063581068198896 -13.063581068198896 -13.063581068198896 -13.063581068198896 -13.063581068198896 -13.063581068198896 -13.063581068198896 -13.063581068198896
3.618090452261306 -13.00414358332775 -13.00414358332775 -13.00414358332775 -13.00414358332775 -13.00414358332775 -13.00414358332775 -13.00414358332775 -13.00414358332775 -13.00414358332775 -13.00414358332775 -13.00414358332775 -13.00414358332775 -13.00414358332775 -13.00414358332775 -13.00414358332775 -13.00414358332775 -13.00414358332775 -13.00414358332775 -13.00414358332775 -13.00414358332775 -13.00414358332775 -13.00414358332775 -13.00414358332775 -13.00414358332775 -13.00414358332775 -13.00414358332775 -13.00414358332775 -13.00414358332775 -13.00414358332775
3.6934673366834168 -12.944706098456601 -12.944706098456601 -12.944706098456601 -12.944706098456601 -12.944706098456601 -12.944706098456601 -12.944706098456601 -12.944706098456601 -12.944706098456601 -12.944706098456601 -12.944706098456601 -12.944706098456601 -12.944706098456601 -12.944706098456601 -12.944706098456601 -12.944706098456601 -12.944706098456601 -12.944706098456601 -12.944706098456601 -12.944706098456601 -12.944706098456601 -12.944706098456601 -12.944706098456601 -12.944706098456601 -12.944706098456601 -12.944706098456601 -12.944706098456601 -12.944706098456601 -12.944706098456601
3.7688442211055273 -12.885268613585453 -12.885268613585453 -12.885268613585453 -12.885268613585453 -12.885268613585453 -12.885268613585453 -12.885268613585453 -12.885268613585453 -12.885268613585453 -12.885268613585453 -12.885268613585453 -12.885268613585453 -12.885268613585453 -12.885268613585453 -12.885268613585453 -12.885268613585453 -12.885268613585453 -12.885268613585453 -12.885268613585453 -12.885268613585453 -12.885268613585453 -12.885268613585453 -12.885268613585453 -12.885268613585453 -12.885268613585453 -12.885268613585453 -12.885268613585453 -12.885268613585453 -12.885268613585453
3.844221105527638 -12.825831128714304 -12.825831128714304 -12.825831128714304 -12.825831128714304 -12.825831128714304 -12.825831128714304 -12.825831128714304 -12.825831128714304 -12.825831128714304 -12.825831128714304 -12.825831128714304 -12.825831128714304 -12.825831128714304 -12.825831128714304 -12.825831128714304 -12.825831128714304 -12.825831128714304 -12.825831128714304 -12.825831128714304 -12.825831128714304 -12.825831128714304 -12.825831128714304 -12.825831128714304 -12.825831128714304 -12.825831128714304 -12.825831128714304 -12.825831128714304 -12.825831128714304 -12.825831128714304
3.9195979899497484 -12.766393643843156 -12.766393643843156 -12.766393643843156 -12.766393643843156 -12.766393643843156 -12.766393643843156 -12.766393643843156 -12.766393643843156 -12.766393643843156 -12.766393643843156 -12.766393643843156 -12.766393643843156 -12.766393643843156 -12.766393643843156 -12.766393643843156 -12.766393643843156 -12.766393643843156 -12.766393643843156 -12.766393643843156 -12.766393643843156 -12.766393643843156 -12.766393643843156 -12.766393643843156 -12.766393643843156 -12.766393643843156 -12.766393643843156 -12.766393643843156 -12.766393643843156 -12.766393643843156
