web/models/linear/44/-15_857_1_075.dat
# %ECSV 1.0
# ---
# datatype:
# - {name: time, datatype: float64}
# - {name: sdss_u, datatype: float64}
# - {name: sdss_g, datatype: float64}
# - {name: sdss_r, datatype: float64}
# - {name: sdss_i, datatype: float64}
# - {name: sdss_z, datatype: float64}
# - {name: Clear, datatype: float64}
# - {name: johnson_B, datatype: float64}
# - {name: johnson_V, datatype: float64}
# - {name: johnson_R, datatype: float64}
# - {name: johnson_I, datatype: float64}
# - {name: ukirt_J, datatype: float64}
# - {name: ukirt_H, datatype: float64}
# - {name: ukirt_K, datatype: float64}
# meta: !!omap
# - comment: [M=-15.857142857142858, dM=1.0753706008311428]
# schema: astropy-2.0
time sdss_u sdss_g sdss_r sdss_i sdss_z Clear johnson_B johnson_V johnson_R johnson_I ukirt_J ukirt_H ukirt_K
[from data line 178]
13.417085427135678 -1.4288036399611936 -1.4288036399611936 -1.4288036399611936 -1.4288036399611936 -1.4288036399611936 -1.4288036399611936 -1.4288036399611936 -1.4288036399611936 -1.4288036399611936 -1.4288036399611936 -1.4288036399611936 -1.4288036399611936 -1.4288036399611936
13.492462311557787 -1.3477455544714108 -1.3477455544714108 -1.3477455544714108 -1.3477455544714108 -1.3477455544714108 -1.3477455544714108 -1.3477455544714108 -1.3477455544714108 -1.3477455544714108 -1.3477455544714108 -1.3477455544714108 -1.3477455544714108 -1.3477455544714108
13.567839195979898 -1.266687468981626 -1.266687468981626 -1.266687468981626 -1.266687468981626 -1.266687468981626 -1.266687468981626 -1.266687468981626 -1.266687468981626 -1.266687468981626 -1.266687468981626 -1.266687468981626 -1.266687468981626 -1.266687468981626
13.64321608040201 -1.1856293834918397 -1.1856293834918397 -1.1856293834918397 -1.1856293834918397 -1.1856293834918397 -1.1856293834918397 -1.1856293834918397 -1.1856293834918397 -1.1856293834918397 -1.1856293834918397 -1.1856293834918397 -1.1856293834918397 -1.1856293834918397
13.718592964824118 -1.1045712980020568 -1.1045712980020568 -1.1045712980020568 -1.1045712980020568 -1.1045712980020568 -1.1045712980020568 -1.1045712980020568 -1.1045712980020568 -1.1045712980020568 -1.1045712980020568 -1.1045712980020568 -1.1045712980020568 -1.1045712980020568
13.79396984924623 -1.0235132125122721 -1.0235132125122721 -1.0235132125122721 -1.0235132125122721 -1.0235132125122721 -1.0235132125122721 -1.0235132125122721 -1.0235132125122721 -1.0235132125122721 -1.0235132125122721 -1.0235132125122721 -1.0235132125122721 -1.0235132125122721
13.86934673366834 -0.9424551270224875 -0.9424551270224875 -0.9424551270224875 -0.9424551270224875 -0.9424551270224875 -0.9424551270224875 -0.9424551270224875 -0.9424551270224875 -0.9424551270224875 -0.9424551270224875 -0.9424551270224875 -0.9424551270224875 -0.9424551270224875
13.944723618090451 -0.861397041532701 -0.861397041532701 -0.861397041532701 -0.861397041532701 -0.861397041532701 -0.861397041532701 -0.861397041532701 -0.861397041532701 -0.861397041532701 -0.861397041532701 -0.861397041532701 -0.861397041532701 -0.861397041532701
14.020100502512562 -0.7803389560429164 -0.7803389560429164 -0.7803389560429164 -0.7803389560429164 -0.7803389560429164 -0.7803389560429164 -0.7803389560429164 -0.7803389560429164 -0.7803389560429164 -0.7803389560429164 -0.7803389560429164 -0.7803389560429164 -0.7803389560429164
14.095477386934672 -0.6992808705531335 -0.6992808705531335 -0.6992808705531335 -0.6992808705531335 -0.6992808705531335 -0.6992808705531335 -0.6992808705531335 -0.6992808705531335 -0.6992808705531335 -0.6992808705531335 -0.6992808705531335 -0.6992808705531335 -0.6992808705531335
14.170854271356783 -0.6182227850633488 -0.6182227850633488 -0.6182227850633488 -0.6182227850633488 -0.6182227850633488 -0.6182227850633488 -0.6182227850633488 -0.6182227850633488 -0.6182227850633488 -0.6182227850633488 -0.6182227850633488 -0.6182227850633488 -0.6182227850633488
14.246231155778894 -0.5371646995735624 -0.5371646995735624 -0.5371646995735624 -0.5371646995735624 -0.5371646995735624 -0.5371646995735624 -0.5371646995735624 -0.5371646995735624 -0.5371646995735624 -0.5371646995735624 -0.5371646995735624 -0.5371646995735624 -0.5371646995735624
14.321608040201003 -0.4561066140837795 -0.4561066140837795 -0.4561066140837795 -0.4561066140837795 -0.4561066140837795 -0.4561066140837795 -0.4561066140837795 -0.4561066140837795 -0.4561066140837795 -0.4561066140837795 -0.4561066140837795 -0.4561066140837795 -0.4561066140837795
14.396984924623114 -0.37504852859399485 -0.37504852859399485 -0.37504852859399485 -0.37504852859399485 -0.37504852859399485 -0.37504852859399485 -0.37504852859399485 -0.37504852859399485 -0.37504852859399485 -0.37504852859399485 -0.37504852859399485 -0.37504852859399485 -0.37504852859399485
14.472361809045225 -0.2939904431042102 -0.2939904431042102 -0.2939904431042102 -0.2939904431042102 -0.2939904431042102 -0.2939904431042102 -0.2939904431042102 -0.2939904431042102 -0.2939904431042102 -0.2939904431042102 -0.2939904431042102 -0.2939904431042102 -0.2939904431042102
14.547738693467336 -0.21293235761442553 -0.21293235761442553 -0.21293235761442553 -0.21293235761442553 -0.21293235761442553 -0.21293235761442553 -0.21293235761442553 -0.21293235761442553 -0.21293235761442553 -0.21293235761442553 -0.21293235761442553 -0.21293235761442553 -0.21293235761442553
14.623115577889447 -0.1318742721246391 -0.1318742721246391 -0.1318742721246391 -0.1318742721246391 -0.1318742721246391 -0.1318742721246391 -0.1318742721246391 -0.1318742721246391 -0.1318742721246391 -0.1318742721246391 -0.1318742721246391 -0.1318742721246391 -0.1318742721246391
14.698492462311556 -0.05081618663485621 -0.05081618663485621 -0.05081618663485621 -0.05081618663485621 -0.05081618663485621 -0.05081618663485621 -0.05081618663485621 -0.05081618663485621 -0.05081618663485621 -0.05081618663485621 -0.05081618663485621 -0.05081618663485621 -0.05081618663485621
14.773869346733667 0.03024189885492845 0.03024189885492845 0.03024189885492845 0.03024189885492845 0.03024189885492845 0.03024189885492845 0.03024189885492845 0.03024189885492845 0.03024189885492845 0.03024189885492845 0.03024189885492845 0.03024189885492845 0.03024189885492845
14.849246231155778 0.11129998434471311 0.11129998434471311 0.11129998434471311 0.11129998434471311 0.11129998434471311 0.11129998434471311 0.11129998434471311 0.11129998434471311 0.11129998434471311 0.11129998434471311 0.11129998434471311 0.11129998434471311 0.11129998434471311
14.924623115577887 0.19235806983449777 0.19235806983449777 0.19235806983449777 0.19235806983449777 0.19235806983449777 0.19235806983449777 0.19235806983449777 0.19235806983449777 0.19235806983449777 0.19235806983449777 0.19235806983449777 0.19235806983449777 0.19235806983449777
15.0 0.2734161553242842 0.2734161553242842 0.2734161553242842 0.2734161553242842 0.2734161553242842 0.2734161553242842 0.2734161553242842 0.2734161553242842 0.2734161553242842 0.2734161553242842 0.2734161553242842 0.2734161553242842 0.2734161553242842
