web/models/linear/44/-15_857_0_077.dat
# %ECSV 1.0
# ---
# datatype:
# - {name: time, datatype: float64}
# - {name: swift_uvot_uvw2, datatype: float64}
# - {name: swift_uvot_uvm2, datatype: float64}
# - {name: swift_uvot_uvw1, datatype: float64}
# - {name: swift_uvot_U, datatype: float64}
# - {name: swift_uvot_B, datatype: float64}
# - {name: swift_uvot_V, datatype: float64}
# - {name: swift_uvot_W, datatype: float64}
# - {name: johnson_U, datatype: float64}
# - {name: johnson_B, datatype: float64}
# - {name: johnson_V, datatype: float64}
# - {name: johnson_R, datatype: float64}
# - {name: johnson_I, datatype: float64}
# - {name: sdss_u, datatype: float64}
# - {name: sdss_g, datatype: float64}
# - {name: sdss_r, datatype: float64}
# - {name: sdss_i, datatype: float64}
# - {name: sdss_z, datatype: float64}
# - {name: PS1_g, datatype: float64}
# - {name: PS1_r, datatype: float64}
# - {name: PS1_i, datatype: float64}
# - {name: PS1_z, datatype: float64}
# - {name: PS1_Y, datatype: float64}
# - {name: PS1_w, datatype: float64}
# - {name: ATLAS_c, datatype: float64}
# - {name: ATLAS_o, datatype: float64}
# - {name: ukirt_J, datatype: float64}
# - {name: ukirt_H, datatype: float64}
# - {name: ukirt_K, datatype: float64}
# - {name: Clear, datatype: float64}
# meta: !!omap
# - comment: [M=-15.857142857142858, dM=0.07696669794067013]
# schema: astropy-2.0
time swift_uvot_uvw2 swift_uvot_uvm2 swift_uvot_uvw1 swift_uvot_U swift_uvot_B swift_uvot_V swift_uvot_W johnson_U johnson_B johnson_V johnson_R johnson_I sdss_u sdss_g sdss_r sdss_i sdss_z PS1_g PS1_r PS1_i PS1_z PS1_Y PS1_w ATLAS_c ATLAS_o ukirt_J ukirt_H ukirt_K Clear
0.0 -15.857142857142858 -15.857142857142858 -15.857142857142858 -15.857142857142858 -15.857142857142858 -15.857142857142858 -15.857142857142858 -15.857142857142858 -15.857142857142858 -15.857142857142858 -15.857142857142858 -15.857142857142858 -15.857142857142858 -15.857142857142858 -15.857142857142858 -15.857142857142858 -15.857142857142858 -15.857142857142858 -15.857142857142858 -15.857142857142858 -15.857142857142858 -15.857142857142858 -15.857142857142858 -15.857142857142858 -15.857142857142858 -15.857142857142858 -15.857142857142858 -15.857142857142858 -15.857142857142858
0.07537688442211055 -15.851341347247832 -15.851341347247832 -15.851341347247832 -15.851341347247832 -15.851341347247832 -15.851341347247832 -15.851341347247832 -15.851341347247832 -15.851341347247832 -15.851341347247832 -15.851341347247832 -15.851341347247832 -15.851341347247832 -15.851341347247832 -15.851341347247832 -15.851341347247832 -15.851341347247832 -15.851341347247832 -15.851341347247832 -15.851341347247832 -15.851341347247832 -15.851341347247832 -15.851341347247832 -15.851341347247832 -15.851341347247832 -15.851341347247832 -15.851341347247832 -15.851341347247832 -15.851341347247832
0.1507537688442211 -15.845539837352806 -15.845539837352806 -15.845539837352806 -15.845539837352806 -15.845539837352806 -15.845539837352806 -15.845539837352806 -15.845539837352806 -15.845539837352806 -15.845539837352806 -15.845539837352806 -15.845539837352806 -15.845539837352806 -15.845539837352806 -15.845539837352806 -15.845539837352806 -15.845539837352806 -15.845539837352806 -15.845539837352806 -15.845539837352806 -15.845539837352806 -15.845539837352806 -15.845539837352806 -15.845539837352806 -15.845539837352806 -15.845539837352806 -15.845539837352806 -15.845539837352806 -15.845539837352806
0.22613065326633164 -15.839738327457782 -15.839738327457782 -15.839738327457782 -15.839738327457782 -15.839738327457782 -15.839738327457782 -15.839738327457782 -15.839738327457782 -15.839738327457782 -15.839738327457782 -15.839738327457782 -15.839738327457782 -15.839738327457782 -15.839738327457782 -15.839738327457782 -15.839738327457782 -15.839738327457782 -15.839738327457782 -15.839738327457782 -15.839738327457782 -15.839738327457782 -15.839738327457782 -15.839738327457782 -15.839738327457782 -15.839738327457782 -15.839738327457782 -15.839738327457782 -15.839738327457782 -15.839738327457782
0.3015075376884422 -15.833936817562757 -15.833936817562757 -15.833936817562757 -15.833936817562757 -15.833936817562757 -15.833936817562757 -15.833936817562757 -15.833936817562757 -15.833936817562757 -15.833936817562757 -15.833936817562757 -15.833936817562757 -15.833936817562757 -15.833936817562757 -15.833936817562757 -15.833936817562757 -15.833936817562757 -15.833936817562757 -15.833936817562757 -15.833936817562757 -15.833936817562757 -15.833936817562757 -15.833936817562757 -15.833936817562757 -15.833936817562757 -15.833936817562757 -15.833936817562757 -15.833936817562757 -15.833936817562757
0.37688442211055273 -15.828135307667731 -15.828135307667731 -15.828135307667731 -15.828135307667731 -15.828135307667731 -15.828135307667731 -15.828135307667731 -15.828135307667731 -15.828135307667731 -15.828135307667731 -15.828135307667731 -15.828135307667731 -15.828135307667731 -15.828135307667731 -15.828135307667731 -15.828135307667731 -15.828135307667731 -15.828135307667731 -15.828135307667731 -15.828135307667731 -15.828135307667731 -15.828135307667731 -15.828135307667731 -15.828135307667731 -15.828135307667731 -15.828135307667731 -15.828135307667731 -15.828135307667731 -15.828135307667731
0.4522613065326633 -15.822333797772705 -15.822333797772705 -15.822333797772705 -15.822333797772705 -15.822333797772705 -15.822333797772705 -15.822333797772705 -15.822333797772705 -15.822333797772705 -15.822333797772705 -15.822333797772705 -15.822333797772705 -15.822333797772705 -15.822333797772705 -15.822333797772705 -15.822333797772705 -15.822333797772705 -15.822333797772705 -15.822333797772705 -15.822333797772705 -15.822333797772705 -15.822333797772705 -15.822333797772705 -15.822333797772705 -15.822333797772705 -15.822333797772705 -15.822333797772705 -15.822333797772705 -15.822333797772705
0.5276381909547738 -15.81653228787768 -15.81653228787768 -15.81653228787768 -15.81653228787768 -15.81653228787768 -15.81653228787768 -15.81653228787768 -15.81653228787768 -15.81653228787768 -15.81653228787768 -15.81653228787768 -15.81653228787768 -15.81653228787768 -15.81653228787768 -15.81653228787768 -15.81653228787768 -15.81653228787768 -15.81653228787768 -15.81653228787768 -15.81653228787768 -15.81653228787768 -15.81653228787768 -15.81653228787768 -15.81653228787768 -15.81653228787768 -15.81653228787768 -15.81653228787768 -15.81653228787768 -15.81653228787768
0.6030150753768844 -15.810730777982654 -15.810730777982654 -15.810730777982654 -15.810730777982654 -15.810730777982654 -15.810730777982654 -15.810730777982654 -15.810730777982654 -15.810730777982654 -15.810730777982654 -15.810730777982654 -15.810730777982654 -15.810730777982654 -15.810730777982654 -15.810730777982654 -15.810730777982654 -15.810730777982654 -15.810730777982654 -15.810730777982654 -15.810730777982654 -15.810730777982654 -15.810730777982654 -15.810730777982654 -15.810730777982654 -15.810730777982654 -15.810730777982654 -15.810730777982654 -15.810730777982654 -15.810730777982654
0.6783919597989949 -15.80492926808763 -15.80492926808763 -15.80492926808763 -15.80492926808763 -15.80492926808763 -15.80492926808763 -15.80492926808763 -15.80492926808763 -15.80492926808763 -15.80492926808763 -15.80492926808763 -15.80492926808763 -15.80492926808763 -15.80492926808763 -15.80492926808763 -15.80492926808763 -15.80492926808763 -15.80492926808763 -15.80492926808763 -15.80492926808763 -15.80492926808763 -15.80492926808763 -15.80492926808763 -15.80492926808763 -15.80492926808763 -15.80492926808763 -15.80492926808763 -15.80492926808763 -15.80492926808763
0.7537688442211055 -15.799127758192604 -15.799127758192604 -15.799127758192604 -15.799127758192604 -15.799127758192604 -15.799127758192604 -15.799127758192604 -15.799127758192604 -15.799127758192604 -15.799127758192604 -15.799127758192604 -15.799127758192604 -15.799127758192604 -15.799127758192604 -15.799127758192604 -15.799127758192604 -15.799127758192604 -15.799127758192604 -15.799127758192604 -15.799127758192604 -15.799127758192604 -15.799127758192604 -15.799127758192604 -15.799127758192604 -15.799127758192604 -15.799127758192604 -15.799127758192604 -15.799127758192604 -15.799127758192604
0.829145728643216 -15.793326248297578 -15.793326248297578 -15.793326248297578 -15.793326248297578 -15.793326248297578 -15.793326248297578 -15.793326248297578 -15.793326248297578 -15.793326248297578 -15.793326248297578 -15.793326248297578 -15.793326248297578 -15.793326248297578 -15.793326248297578 -15.793326248297578 -15.793326248297578 -15.793326248297578 -15.793326248297578 -15.793326248297578 -15.793326248297578 -15.793326248297578 -15.793326248297578 -15.793326248297578 -15.793326248297578 -15.793326248297578 -15.793326248297578 -15.793326248297578 -15.793326248297578 -15.793326248297578
0.9045226130653266 -15.787524738402553 -15.787524738402553 -15.787524738402553 -15.787524738402553 -15.787524738402553 -15.787524738402553 -15.787524738402553 -15.787524738402553 -15.787524738402553 -15.787524738402553 -15.787524738402553 -15.787524738402553 -15.787524738402553 -15.787524738402553 -15.787524738402553 -15.787524738402553 -15.787524738402553 -15.787524738402553 -15.787524738402553 -15.787524738402553 -15.787524738402553 -15.787524738402553 -15.787524738402553 -15.787524738402553 -15.787524738402553 -15.787524738402553 -15.787524738402553 -15.787524738402553 -15.787524738402553
0.9798994974874371 -15.781723228507527 -15.781723228507527 -15.781723228507527 -15.781723228507527 -15.781723228507527 -15.781723228507527 -15.781723228507527 -15.781723228507527 -15.781723228507527 -15.781723228507527 -15.781723228507527 -15.781723228507527 -15.781723228507527 -15.781723228507527 -15.781723228507527 -15.781723228507527 -15.781723228507527 -15.781723228507527 -15.781723228507527 -15.781723228507527 -15.781723228507527 -15.781723228507527 -15.781723228507527 -15.781723228507527 -15.781723228507527 -15.781723228507527 -15.781723228507527 -15.781723228507527 -15.781723228507527
1.0552763819095476 -15.775921718612501 -15.775921718612501 -15.775921718612501 -15.775921718612501 -15.775921718612501 -15.775921718612501 -15.775921718612501 -15.775921718612501 -15.775921718612501 -15.775921718612501 -15.775921718612501 -15.775921718612501 -15.775921718612501 -15.775921718612501 -15.775921718612501 -15.775921718612501 -15.775921718612501 -15.775921718612501 -15.775921718612501 -15.775921718612501 -15.775921718612501 -15.775921718612501 -15.775921718612501 -15.775921718612501 -15.775921718612501 -15.775921718612501 -15.775921718612501 -15.775921718612501 -15.775921718612501
1.1306532663316582 -15.770120208717477 -15.770120208717477 -15.770120208717477 -15.770120208717477 -15.770120208717477 -15.770120208717477 -15.770120208717477 -15.770120208717477 -15.770120208717477 -15.770120208717477 -15.770120208717477 -15.770120208717477 -15.770120208717477 -15.770120208717477 -15.770120208717477 -15.770120208717477 -15.770120208717477 -15.770120208717477 -15.770120208717477 -15.770120208717477 -15.770120208717477 -15.770120208717477 -15.770120208717477 -15.770120208717477 -15.770120208717477 -15.770120208717477 -15.770120208717477 -15.770120208717477 -15.770120208717477
1.2060301507537687 -15.764318698822452 -15.764318698822452 -15.764318698822452 -15.764318698822452 -15.764318698822452 -15.764318698822452 -15.764318698822452 -15.764318698822452 -15.764318698822452 -15.764318698822452 -15.764318698822452 -15.764318698822452 -15.764318698822452 -15.764318698822452 -15.764318698822452 -15.764318698822452 -15.764318698822452 -15.764318698822452 -15.764318698822452 -15.764318698822452 -15.764318698822452 -15.764318698822452 -15.764318698822452 -15.764318698822452 -15.764318698822452 -15.764318698822452 -15.764318698822452 -15.764318698822452 -15.764318698822452
1.2814070351758793 -15.758517188927426 -15.758517188927426 -15.758517188927426 -15.758517188927426 -15.758517188927426 -15.758517188927426 -15.758517188927426 -15.758517188927426 -15.758517188927426 -15.758517188927426 -15.758517188927426 -15.758517188927426 -15.758517188927426 -15.758517188927426 -15.758517188927426 -15.758517188927426 -15.758517188927426 -15.758517188927426 -15.758517188927426 -15.758517188927426 -15.758517188927426 -15.758517188927426 -15.758517188927426 -15.758517188927426 -15.758517188927426 -15.758517188927426 -15.758517188927426 -15.758517188927426 -15.758517188927426
1.3567839195979898 -15.7527156790324 -15.7527156790324 -15.7527156790324 -15.7527156790324 -15.7527156790324 -15.7527156790324 -15.7527156790324 -15.7527156790324 -15.7527156790324 -15.7527156790324 -15.7527156790324 -15.7527156790324 -15.7527156790324 -15.7527156790324 -15.7527156790324 -15.7527156790324 -15.7527156790324 -15.7527156790324 -15.7527156790324 -15.7527156790324 -15.7527156790324 -15.7527156790324 -15.7527156790324 -15.7527156790324 -15.7527156790324 -15.7527156790324 -15.7527156790324 -15.7527156790324 -15.7527156790324
1.4321608040201004 -15.746914169137375 -15.746914169137375 -15.746914169137375 -15.746914169137375 -15.746914169137375 -15.746914169137375 -15.746914169137375 -15.746914169137375 -15.746914169137375 -15.746914169137375 -15.746914169137375 -15.746914169137375 -15.746914169137375 -15.746914169137375 -15.746914169137375 -15.746914169137375 -15.746914169137375 -15.746914169137375 -15.746914169137375 -15.746914169137375 -15.746914169137375 -15.746914169137375 -15.746914169137375 -15.746914169137375 -15.746914169137375 -15.746914169137375 -15.746914169137375 -15.746914169137375 -15.746914169137375
1.507537688442211 -15.74111265924235 -15.74111265924235 -15.74111265924235 -15.74111265924235 -15.74111265924235 -15.74111265924235 -15.74111265924235 -15.74111265924235 -15.74111265924235 -15.74111265924235 -15.74111265924235 -15.74111265924235 -15.74111265924235 -15.74111265924235 -15.74111265924235 -15.74111265924235 -15.74111265924235 -15.74111265924235 -15.74111265924235 -15.74111265924235 -15.74111265924235 -15.74111265924235 -15.74111265924235 -15.74111265924235 -15.74111265924235 -15.74111265924235 -15.74111265924235 -15.74111265924235 -15.74111265924235
1.5829145728643215 -15.735311149347325 -15.735311149347325 -15.735311149347325 -15.735311149347325 -15.735311149347325 -15.735311149347325 -15.735311149347325 -15.735311149347325 -15.735311149347325 -15.735311149347325 -15.735311149347325 -15.735311149347325 -15.735311149347325 -15.735311149347325 -15.735311149347325 -15.735311149347325 -15.735311149347325 -15.735311149347325 -15.735311149347325 -15.735311149347325 -15.735311149347325 -15.735311149347325 -15.735311149347325 -15.735311149347325 -15.735311149347325 -15.735311149347325 -15.735311149347325 -15.735311149347325 -15.735311149347325
1.658291457286432 -15.7295096394523 -15.7295096394523 -15.7295096394523 -15.7295096394523 -15.7295096394523 -15.7295096394523 -15.7295096394523 -15.7295096394523 -15.7295096394523 -15.7295096394523 -15.7295096394523 -15.7295096394523 -15.7295096394523 -15.7295096394523 -15.7295096394523 -15.7295096394523 -15.7295096394523 -15.7295096394523 -15.7295096394523 -15.7295096394523 -15.7295096394523 -15.7295096394523 -15.7295096394523 -15.7295096394523 -15.7295096394523 -15.7295096394523 -15.7295096394523 -15.7295096394523 -15.7295096394523
1.7336683417085426 -15.723708129557274 -15.723708129557274 -15.723708129557274 -15.723708129557274 -15.723708129557274 -15.723708129557274 -15.723708129557274 -15.723708129557274 -15.723708129557274 -15.723708129557274 -15.723708129557274 -15.723708129557274 -15.723708129557274 -15.723708129557274 -15.723708129557274 -15.723708129557274 -15.723708129557274 -15.723708129557274 -15.723708129557274 -15.723708129557274 -15.723708129557274 -15.723708129557274 -15.723708129557274 -15.723708129557274 -15.723708129557274 -15.723708129557274 -15.723708129557274 -15.723708129557274 -15.723708129557274
1.809045226130653 -15.717906619662248 -15.717906619662248 -15.717906619662248 -15.717906619662248 -15.717906619662248 -15.717906619662248 -15.717906619662248 -15.717906619662248 -15.717906619662248 -15.717906619662248 -15.717906619662248 -15.717906619662248 -15.717906619662248 -15.717906619662248 -15.717906619662248 -15.717906619662248 -15.717906619662248 -15.717906619662248 -15.717906619662248 -15.717906619662248 -15.717906619662248 -15.717906619662248 -15.717906619662248 -15.717906619662248 -15.717906619662248 -15.717906619662248 -15.717906619662248 -15.717906619662248 -15.717906619662248
1.8844221105527637 -15.712105109767222 -15.712105109767222 -15.712105109767222 -15.712105109767222 -15.712105109767222 -15.712105109767222 -15.712105109767222 -15.712105109767222 -15.712105109767222 -15.712105109767222 -15.712105109767222 -15.712105109767222 -15.712105109767222 -15.712105109767222 -15.712105109767222 -15.712105109767222 -15.712105109767222 -15.712105109767222 -15.712105109767222 -15.712105109767222 -15.712105109767222 -15.712105109767222 -15.712105109767222 -15.712105109767222 -15.712105109767222 -15.712105109767222 -15.712105109767222 -15.712105109767222 -15.712105109767222
1.9597989949748742 -15.706303599872198 -15.706303599872198 -15.706303599872198 -15.706303599872198 -15.706303599872198 -15.706303599872198 -15.706303599872198 -15.706303599872198 -15.706303599872198 -15.706303599872198 -15.706303599872198 -15.706303599872198 -15.706303599872198 -15.706303599872198 -15.706303599872198 -15.706303599872198 -15.706303599872198 -15.706303599872198 -15.706303599872198 -15.706303599872198 -15.706303599872198 -15.706303599872198 -15.706303599872198 -15.706303599872198 -15.706303599872198 -15.706303599872198 -15.706303599872198 -15.706303599872198 -15.706303599872198
