web/models/linear/99/-21_000_0_002.dat
# %ECSV 1.0
# ---
# datatype:
# - {name: time, datatype: float64}
# - {name: sdss_u, datatype: float64}
# - {name: sdss_g, datatype: float64}
# - {name: sdss_r, datatype: float64}
# - {name: sdss_i, datatype: float64}
# - {name: sdss_z, datatype: float64}
# - {name: Clear, datatype: float64}
# - {name: johnson_B, datatype: float64}
# - {name: johnson_V, datatype: float64}
# - {name: johnson_R, datatype: float64}
# - {name: johnson_I, datatype: float64}
# - {name: ukirt_J, datatype: float64}
# - {name: ukirt_H, datatype: float64}
# - {name: ukirt_K, datatype: float64}
# meta: !!omap
# - comment: [M=-21.0, dM=0.0021718998507771624]
# schema: astropy-2.0
time sdss_u sdss_g sdss_r sdss_i sdss_z Clear johnson_B johnson_V johnson_R johnson_I ukirt_J ukirt_H ukirt_K
[from data line 60]
4.522613065326633 -20.990177337358293 -20.990177337358293 -20.990177337358293 -20.990177337358293 -20.990177337358293 -20.990177337358293 -20.990177337358293 -20.990177337358293 -20.990177337358293 -20.990177337358293 -20.990177337358293 -20.990177337358293 -20.990177337358293
4.597989949748744 -20.990013626314266 -20.990013626314266 -20.990013626314266 -20.990013626314266 -20.990013626314266 -20.990013626314266 -20.990013626314266 -20.990013626314266 -20.990013626314266 -20.990013626314266 -20.990013626314266 -20.990013626314266 -20.990013626314266
4.673366834170854 -20.989849915270238 -20.989849915270238 -20.989849915270238 -20.989849915270238 -20.989849915270238 -20.989849915270238 -20.989849915270238 -20.989849915270238 -20.989849915270238 -20.989849915270238 -20.989849915270238 -20.989849915270238 -20.989849915270238
4.748743718592964 -20.98968620422621 -20.98968620422621 -20.98968620422621 -20.98968620422621 -20.98968620422621 -20.98968620422621 -20.98968620422621 -20.98968620422621 -20.98968620422621 -20.98968620422621 -20.98968620422621 -20.98968620422621 -20.98968620422621
4.824120603015075 -20.989522493182182 -20.989522493182182 -20.989522493182182 -20.989522493182182 -20.989522493182182 -20.989522493182182 -20.989522493182182 -20.989522493182182 -20.989522493182182 -20.989522493182182 -20.989522493182182 -20.989522493182182 -20.989522493182182
4.899497487437186 -20.98935878213815 -20.98935878213815 -20.98935878213815 -20.98935878213815 -20.98935878213815 -20.98935878213815 -20.98935878213815 -20.98935878213815 -20.98935878213815 -20.98935878213815 -20.98935878213815 -20.98935878213815 -20.98935878213815
4.974874371859296 -20.989195071094123 -20.989195071094123 -20.989195071094123 -20.989195071094123 -20.989195071094123 -20.989195071094123 -20.989195071094123 -20.989195071094123 -20.989195071094123 -20.989195071094123 -20.989195071094123 -20.989195071094123 -20.989195071094123
5.050251256281406 -20.989031360050095 -20.989031360050095 -20.989031360050095 -20.989031360050095 -20.989031360050095 -20.989031360050095 -20.989031360050095 -20.989031360050095 -20.989031360050095 -20.989031360050095 -20.989031360050095 -20.989031360050095 -20.989031360050095
5.125628140703517 -20.988867649006067 -20.988867649006067 -20.988867649006067 -20.988867649006067 -20.988867649006067 -20.988867649006067 -20.988867649006067 -20.988867649006067 -20.988867649006067 -20.988867649006067 -20.988867649006067 -20.988867649006067 -20.988867649006067
5.201005025125628 -20.98870393796204 -20.98870393796204 -20.98870393796204 -20.98870393796204 -20.98870393796204 -20.98870393796204 -20.98870393796204 -20.98870393796204 -20.98870393796204 -20.98870393796204 -20.98870393796204 -20.98870393796204 -20.98870393796204
5.276381909547738 -20.98854022691801 -20.98854022691801 -20.98854022691801 -20.98854022691801 -20.98854022691801 -20.98854022691801 -20.98854022691801 -20.98854022691801 -20.98854022691801 -20.98854022691801 -20.98854022691801 -20.98854022691801 -20.98854022691801
5.351758793969848 -20.98837651587398 -20.98837651587398 -20.98837651587398 -20.98837651587398 -20.98837651587398 -20.98837651587398 -20.98837651587398 -20.98837651587398 -20.98837651587398 -20.98837651587398 -20.98837651587398 -20.98837651587398 -20.98837651587398
5.427135678391959 -20.988212804829953 -20.988212804829953 -20.988212804829953 -20.988212804829953 -20.988212804829953 -20.988212804829953 -20.988212804829953 -20.988212804829953 -20.988212804829953 -20.988212804829953 -20.988212804829953 -20.988212804829953 -20.988212804829953
5.50251256281407 -20.988049093785925 -20.988049093785925 -20.988049093785925 -20.988049093785925 -20.988049093785925 -20.988049093785925 -20.988049093785925 -20.988049093785925 -20.988049093785925 -20.988049093785925 -20.988049093785925 -20.988049093785925 -20.988049093785925
5.57788944723618 -20.987885382741897 -20.987885382741897 -20.987885382741897 -20.987885382741897 -20.987885382741897 -20.987885382741897 -20.987885382741897 -20.987885382741897 -20.987885382741897 -20.987885382741897 -20.987885382741897 -20.987885382741897 -20.987885382741897
5.6532663316582905 -20.98772167169787 -20.98772167169787 -20.98772167169787 -20.98772167169787 -20.98772167169787 -20.98772167169787 -20.98772167169787 -20.98772167169787 -20.98772167169787 -20.98772167169787 -20.98772167169787 -20.98772167169787 -20.98772167169787
5.7286432160804015 -20.987557960653838 -20.987557960653838 -20.987557960653838 -20.987557960653838 -20.987557960653838 -20.987557960653838 -20.987557960653838 -20.987557960653838 -20.987557960653838 -20.987557960653838 -20.987557960653838 -20.987557960653838 -20.987557960653838
5.8040201005025125 -20.98739424960981 -20.98739424960981 -20.98739424960981 -20.98739424960981 -20.98739424960981 -20.98739424960981 -20.98739424960981 -20.98739424960981 -20.98739424960981 -20.98739424960981 -20.98739424960981 -20.98739424960981 -20.98739424960981
5.879396984924623 -20.987230538565782 -20.987230538565782 -20.987230538565782 -20.987230538565782 -20.987230538565782 -20.987230538565782 -20.987230538565782 -20.987230538565782 -20.987230538565782 -20.987230538565782 -20.987230538565782 -20.987230538565782 -20.987230538565782
5.954773869346733 -20.987066827521755 -20.987066827521755 -20.987066827521755 -20.987066827521755 -20.987066827521755 -20.987066827521755 -20.987066827521755 -20.987066827521755 -20.987066827521755 -20.987066827521755 -20.987066827521755 -20.987066827521755 -20.987066827521755
6.030150753768844 -20.986903116477727 -20.986903116477727 -20.986903116477727 -20.986903116477727 -20.986903116477727 -20.986903116477727 -20.986903116477727 -20.986903116477727 -20.986903116477727 -20.986903116477727 -20.986903116477727 -20.986903116477727 -20.986903116477727
6.105527638190955 -20.986739405433696 -20.986739405433696 -20.986739405433696 -20.986739405433696 -20.986739405433696 -20.986739405433696 -20.986739405433696 -20.986739405433696 -20.986739405433696 -20.986739405433696 -20.986739405433696 -20.986739405433696 -20.986739405433696
6.180904522613065 -20.986575694389668 -20.986575694389668 -20.986575694389668 -20.986575694389668 -20.986575694389668 -20.986575694389668 -20.986575694389668 -20.986575694389668 -20.986575694389668 -20.986575694389668 -20.986575694389668 -20.986575694389668 -20.986575694389668
6.256281407035175 -20.98641198334564 -20.98641198334564 -20.98641198334564 -20.98641198334564 -20.98641198334564 -20.98641198334564 -20.98641198334564 -20.98641198334564 -20.98641198334564 -20.98641198334564 -20.98641198334564 -20.98641198334564 -20.98641198334564
6.331658291457286 -20.986248272301612 -20.986248272301612 -20.986248272301612 -20.986248272301612 -20.986248272301612 -20.986248272301612 -20.986248272301612 -20.986248272301612 -20.986248272301612 -20.986248272301612 -20.986248272301612 -20.986248272301612 -20.986248272301612
6.407035175879397 -20.986084561257584 -20.986084561257584 -20.986084561257584 -20.986084561257584 -20.986084561257584 -20.986084561257584 -20.986084561257584 -20.986084561257584 -20.986084561257584 -20.986084561257584 -20.986084561257584 -20.986084561257584 -20.986084561257584
6.482412060301507 -20.985920850213557 -20.985920850213557 -20.985920850213557 -20.985920850213557 -20.985920850213557 -20.985920850213557 -20.985920850213557 -20.985920850213557 -20.985920850213557 -20.985920850213557 -20.985920850213557 -20.985920850213557 -20.985920850213557
6.557788944723617 -20.985757139169525 -20.985757139169525 -20.985757139169525 -20.985757139169525 -20.985757139169525 -20.985757139169525 -20.985757139169525 -20.985757139169525 -20.985757139169525 -20.985757139169525 -20.985757139169525 -20.985757139169525 -20.985757139169525
6.633165829145728 -20.985593428125497 -20.985593428125497 -20.985593428125497 -20.985593428125497 -20.985593428125497 -20.985593428125497 -20.985593428125497 -20.985593428125497 -20.985593428125497 -20.985593428125497 -20.985593428125497 -20.985593428125497 -20.985593428125497
6.708542713567839 -20.98542971708147 -20.98542971708147 -20.98542971708147 -20.98542971708147 -20.98542971708147 -20.98542971708147 -20.98542971708147 -20.98542971708147 -20.98542971708147 -20.98542971708147 -20.98542971708147 -20.98542971708147 -20.98542971708147
6.783919597989949 -20.985266006037442 -20.985266006037442 -20.985266006037442 -20.985266006037442 -20.985266006037442 -20.985266006037442 -20.985266006037442 -20.985266006037442 -20.985266006037442 -20.985266006037442 -20.985266006037442 -20.985266006037442 -20.985266006037442
6.859296482412059 -20.985102294993414 -20.985102294993414 -20.985102294993414 -20.985102294993414 -20.985102294993414 -20.985102294993414 -20.985102294993414 -20.985102294993414 -20.985102294993414 -20.985102294993414 -20.985102294993414 -20.985102294993414 -20.985102294993414
6.93467336683417 -20.984938583949386 -20.984938583949386 -20.984938583949386 -20.984938583949386 -20.984938583949386 -20.984938583949386 -20.984938583949386 -20.984938583949386 -20.984938583949386 -20.984938583949386 -20.984938583949386 -20.984938583949386 -20.984938583949386
7.010050251256281 -20.984774872905355 -20.984774872905355 -20.984774872905355 -20.984774872905355 -20.984774872905355 -20.984774872905355 -20.984774872905355 -20.984774872905355 -20.984774872905355 -20.984774872905355 -20.984774872905355 -20.984774872905355 -20.984774872905355
7.085427135678391 -20.984611161861327 -20.984611161861327 -20.984611161861327 -20.984611161861327 -20.984611161861327 -20.984611161861327 -20.984611161861327 -20.984611161861327 -20.984611161861327 -20.984611161861327 -20.984611161861327 -20.984611161861327 -20.984611161861327
7.160804020100501 -20.9844474508173 -20.9844474508173 -20.9844474508173 -20.9844474508173 -20.9844474508173 -20.9844474508173 -20.9844474508173 -20.9844474508173 -20.9844474508173 -20.9844474508173 -20.9844474508173 -20.9844474508173 -20.9844474508173
7.236180904522612 -20.98428373977327 -20.98428373977327 -20.98428373977327 -20.98428373977327 -20.98428373977327 -20.98428373977327 -20.98428373977327 -20.98428373977327 -20.98428373977327 -20.98428373977327 -20.98428373977327 -20.98428373977327 -20.98428373977327
7.311557788944723 -20.984120028729244 -20.984120028729244 -20.984120028729244 -20.984120028729244 -20.984120028729244 -20.984120028729244 -20.984120028729244 -20.984120028729244 -20.984120028729244 -20.984120028729244 -20.984120028729244 -20.984120028729244 -20.984120028729244
7.3869346733668335 -20.983956317685212 -20.983956317685212 -20.983956317685212 -20.983956317685212 -20.983956317685212 -20.983956317685212 -20.983956317685212 -20.983956317685212 -20.983956317685212 -20.983956317685212 -20.983956317685212 -20.983956317685212 -20.983956317685212
7.462311557788944 -20.983792606641185 -20.983792606641185 -20.983792606641185 -20.983792606641185 -20.983792606641185 -20.983792606641185 -20.983792606641185 -20.983792606641185 -20.983792606641185 -20.983792606641185 -20.983792606641185 -20.983792606641185 -20.983792606641185
7.537688442211055 -20.983628895597157 -20.983628895597157 -20.983628895597157 -20.983628895597157 -20.983628895597157 -20.983628895597157 -20.983628895597157 -20.983628895597157 -20.983628895597157 -20.983628895597157 -20.983628895597157 -20.983628895597157 -20.983628895597157
7.613065326633166 -20.98346518455313 -20.98346518455313 -20.98346518455313 -20.98346518455313 -20.98346518455313 -20.98346518455313 -20.98346518455313 -20.98346518455313 -20.98346518455313 -20.98346518455313 -20.98346518455313 -20.98346518455313 -20.98346518455313
7.688442211055276 -20.9833014735091 -20.9833014735091 -20.9833014735091 -20.9833014735091 -20.9833014735091 -20.9833014735091 -20.9833014735091 -20.9833014735091 -20.9833014735091 -20.9833014735091 -20.9833014735091 -20.9833014735091 -20.9833014735091
7.763819095477386 -20.983137762465073 -20.983137762465073 -20.983137762465073 -20.983137762465073 -20.983137762465073 -20.983137762465073 -20.983137762465073 -20.983137762465073 -20.983137762465073 -20.983137762465073 -20.983137762465073 -20.983137762465073 -20.983137762465073
7.839195979899497 -20.982974051421042 -20.982974051421042 -20.982974051421042 -20.982974051421042 -20.982974051421042 -20.982974051421042 -20.982974051421042 -20.982974051421042 -20.982974051421042 -20.982974051421042 -20.982974051421042 -20.982974051421042 -20.982974051421042
7.914572864321608 -20.982810340377014 -20.982810340377014 -20.982810340377014 -20.982810340377014 -20.982810340377014 -20.982810340377014 -20.982810340377014 -20.982810340377014 -20.982810340377014 -20.982810340377014 -20.982810340377014 -20.982810340377014 -20.982810340377014
7.989949748743718 -20.982646629332987 -20.982646629332987 -20.982646629332987 -20.982646629332987 -20.982646629332987 -20.982646629332987 -20.982646629332987 -20.982646629332987 -20.982646629332987 -20.982646629332987 -20.982646629332987 -20.982646629332987 -20.982646629332987
8.065326633165828 -20.98248291828896 -20.98248291828896 -20.98248291828896 -20.98248291828896 -20.98248291828896 -20.98248291828896 -20.98248291828896 -20.98248291828896 -20.98248291828896 -20.98248291828896 -20.98248291828896 -20.98248291828896 -20.98248291828896
8.140703517587939 -20.98231920724493 -20.98231920724493 -20.98231920724493 -20.98231920724493 -20.98231920724493 -20.98231920724493 -20.98231920724493 -20.98231920724493 -20.98231920724493 -20.98231920724493 -20.98231920724493 -20.98231920724493 -20.98231920724493
8.21608040201005 -20.9821554962009 -20.9821554962009 -20.9821554962009 -20.9821554962009 -20.9821554962009 -20.9821554962009 -20.9821554962009 -20.9821554962009 -20.9821554962009 -20.9821554962009 -20.9821554962009 -20.9821554962009 -20.9821554962009
8.29145728643216 -20.981991785156872 -20.981991785156872 -20.981991785156872 -20.981991785156872 -20.981991785156872 -20.981991785156872 -20.981991785156872 -20.981991785156872 -20.981991785156872 -20.981991785156872 -20.981991785156872 -20.981991785156872 -20.981991785156872
8.36683417085427 -20.981828074112844 -20.981828074112844 -20.981828074112844 -20.981828074112844 -20.981828074112844 -20.981828074112844 -20.981828074112844 -20.981828074112844 -20.981828074112844 -20.981828074112844 -20.981828074112844 -20.981828074112844 -20.981828074112844
8.442211055276381 -20.981664363068816 -20.981664363068816 -20.981664363068816 -20.981664363068816 -20.981664363068816 -20.981664363068816 -20.981664363068816 -20.981664363068816 -20.981664363068816 -20.981664363068816 -20.981664363068816 -20.981664363068816 -20.981664363068816
8.517587939698492 -20.98150065202479 -20.98150065202479 -20.98150065202479 -20.98150065202479 -20.98150065202479 -20.98150065202479 -20.98150065202479 -20.98150065202479 -20.98150065202479 -20.98150065202479 -20.98150065202479 -20.98150065202479 -20.98150065202479
8.592964824120603 -20.98133694098076 -20.98133694098076 -20.98133694098076 -20.98133694098076 -20.98133694098076 -20.98133694098076 -20.98133694098076 -20.98133694098076 -20.98133694098076 -20.98133694098076 -20.98133694098076 -20.98133694098076 -20.98133694098076
8.668341708542712 -20.98117322993673 -20.98117322993673 -20.98117322993673 -20.98117322993673 -20.98117322993673 -20.98117322993673 -20.98117322993673 -20.98117322993673 -20.98117322993673 -20.98117322993673 -20.98117322993673 -20.98117322993673 -20.98117322993673
8.743718592964823 -20.9810095188927 -20.9810095188927 -20.9810095188927 -20.9810095188927 -20.9810095188927 -20.9810095188927 -20.9810095188927 -20.9810095188927 -20.9810095188927 -20.9810095188927 -20.9810095188927 -20.9810095188927 -20.9810095188927
