web/models/kne.last_good/kappa_1_10/37/villar_0.0098_0.1710_10.0000.dat
# %ECSV 1.0
# ---
# datatype:
# - {name: time, datatype: float64}
# - {name: swift_uvot_uvw2, datatype: float64}
# - {name: swift_uvot_uvm2, datatype: float64}
# - {name: swift_uvot_uvw1, datatype: float64}
# - {name: swift_uvot_U, datatype: float64}
# - {name: swift_uvot_B, datatype: float64}
# - {name: swift_uvot_V, datatype: float64}
# - {name: swift_uvot_W, datatype: float64}
# - {name: johnson_U, datatype: float64}
# - {name: johnson_B, datatype: float64}
# - {name: johnson_V, datatype: float64}
# - {name: johnson_R, datatype: float64}
# - {name: johnson_I, datatype: float64}
# - {name: sdss_u, datatype: float64}
# - {name: sdss_g, datatype: float64}
# - {name: sdss_r, datatype: float64}
# - {name: sdss_i, datatype: float64}
# - {name: sdss_z, datatype: float64}
# - {name: PS1_g, datatype: float64}
# - {name: PS1_r, datatype: float64}
# - {name: PS1_i, datatype: float64}
# - {name: PS1_z, datatype: float64}
# - {name: PS1_Y, datatype: float64}
# - {name: PS1_w, datatype: float64}
# - {name: ATLAS_c, datatype: float64}
# - {name: ATLAS_o, datatype: float64}
# - {name: ukirt_J, datatype: float64}
# - {name: ukirt_H, datatype: float64}
# - {name: ukirt_K, datatype: float64}
# - {name: Clear, datatype: float64}
# meta: !!omap
# - comment: [kappa = 10.0, type = villar, mass = 0.009763877790252312, velocity = 0.17100000000000004, theta_obs = 0.0]
# schema: astropy-2.0
time swift_uvot_uvw2 swift_uvot_uvm2 swift_uvot_uvw1 swift_uvot_U swift_uvot_B swift_uvot_V swift_uvot_W johnson_U johnson_B johnson_V johnson_R johnson_I sdss_u sdss_g sdss_r sdss_i sdss_z PS1_g PS1_r PS1_i PS1_z PS1_Y PS1_w ATLAS_c ATLAS_o ukirt_J ukirt_H ukirt_K Clear
[from data line 78]
0.010217 -8.694 -8.726 -8.723 -8.631 -8.43 -8.165 -8.603 -8.604 -8.426 -8.155 -7.846 -7.466 -8.611 -8.347 -7.99 -7.698 -7.41 -8.331 -8.009 -7.72 -7.514 -7.449 -8.022 -8.208 -7.869 -6.808 -6.301 -5.703 -8.073
0.010526 -8.724 -8.76 -8.76 -8.674 -8.476 -8.213 -8.641 -8.648 -8.472 -8.204 -7.895 -7.517 -8.655 -8.394 -8.039 -7.748 -7.461 -8.378 -8.058 -7.77 -7.564 -7.499 -8.07 -8.256 -7.918 -6.861 -6.354 -5.756 -8.121
0.010845 -8.754 -8.794 -8.796 -8.716 -8.522 -8.261 -8.679 -8.691 -8.518 -8.252 -7.945 -7.568 -8.698 -8.441 -8.088 -7.799 -7.512 -8.424 -8.106 -7.82 -7.615 -7.548 -8.119 -8.304 -7.968 -6.913 -6.407 -5.81 -8.169
0.011173 -8.784 -8.827 -8.832 -8.759 -8.567 -8.309 -8.717 -8.734 -8.564 -8.3 -7.995 -7.619 -8.741 -8.487 -8.137 -7.849 -7.564 -8.471 -8.155 -7.87 -7.665 -7.598 -8.167 -8.351 -8.017 -6.966 -6.461 -5.864 -8.217
0.011511 -8.814 -8.861 -8.868 -8.801 -8.613 -8.357 -8.755 -8.777 -8.609 -8.348 -8.044 -7.67 -8.783 -8.533 -8.186 -7.899 -7.615 -8.517 -8.204 -7.92 -7.715 -7.647 -8.215 -8.398 -8.067 -7.018 -6.514 -5.918 -8.265
0.011859 -8.843 -8.893 -8.904 -8.843 -8.658 -8.404 -8.792 -8.82 -8.654 -8.395 -8.093 -7.721 -8.826 -8.579 -8.234 -7.949 -7.666 -8.564 -8.252 -7.969 -7.765 -7.697 -8.263 -8.445 -8.116 -7.07 -6.567 -5.972 -8.312
0.012217 -8.871 -8.926 -8.94 -8.885 -8.703 -8.452 -8.829 -8.862 -8.7 -8.443 -8.142 -7.771 -8.868 -8.625 -8.283 -7.999 -7.717 -8.61 -8.3 -8.019 -7.815 -7.746 -8.311 -8.492 -8.165 -7.123 -6.62 -6.025 -8.36
0.012587 -8.9 -8.958 -8.975 -8.927 -8.748 -8.499 -8.866 -8.904 -8.745 -8.49 -8.192 -7.822 -8.911 -8.671 -8.331 -8.049 -7.767 -8.655 -8.349 -8.068 -7.865 -7.795 -8.359 -8.539 -8.214 -7.175 -6.673 -6.079 -8.407
0.012968 -8.928 -8.989 -9.009 -8.968 -8.793 -8.546 -8.903 -8.946 -8.789 -8.537 -8.241 -7.872 -8.952 -8.717 -8.38 -8.099 -7.818 -8.701 -8.397 -8.118 -7.915 -7.844 -8.407 -8.586 -8.263 -7.227 -6.726 -6.133 -8.454
0.01336 -8.955 -9.021 -9.044 -9.009 -8.837 -8.593 -8.939 -8.988 -8.834 -8.585 -8.289 -7.923 -8.994 -8.762 -8.428 -8.148 -7.869 -8.747 -8.445 -8.167 -7.965 -7.893 -8.455 -8.633 -8.312 -7.279 -6.779 -6.186 -8.501
0.013764 -8.983 -9.052 -9.078 -9.05 -8.882 -8.64 -8.975 -9.03 -8.878 -8.632 -8.338 -7.973 -9.036 -8.807 -8.476 -8.198 -7.919 -8.792 -8.492 -8.216 -8.015 -7.942 -8.502 -8.679 -8.36 -7.331 -6.832 -6.24 -8.548
0.01418 -9.009 -9.083 -9.112 -9.091 -8.926 -8.687 -9.011 -9.071 -8.923 -8.678 -8.387 -8.023 -9.077 -8.852 -8.524 -8.247 -7.97 -8.838 -8.54 -8.265 -8.064 -7.991 -8.549 -8.725 -8.409 -7.383 -6.884 -6.293 -8.595
0.014609 -9.036 -9.113 -9.146 -9.132 -8.97 -8.734 -9.047 -9.112 -8.967 -8.725 -8.435 -8.074 -9.118 -8.897 -8.572 -8.297 -8.02 -8.883 -8.588 -8.314 -8.114 -8.04 -8.597 -8.771 -8.457 -7.435 -6.937 -6.347 -8.641
0.015051 -9.062 -9.143 -9.179 -9.172 -9.014 -8.781 -9.082 -9.153 -9.011 -8.772 -8.484 -8.124 -9.159 -8.942 -8.619 -8.346 -8.07 -8.928 -8.635 -8.363 -8.163 -8.089 -8.644 -8.817 -8.505 -7.487 -6.99 -6.4 -8.688
0.015506 -9.088 -9.172 -9.212 -9.212 -9.058 -8.827 -9.117 -9.194 -9.054 -8.818 -8.532 -8.174 -9.2 -8.987 -8.667 -8.395 -8.121 -8.973 -8.683 -8.412 -8.213 -8.138 -8.691 -8.863 -8.554 -7.539 -7.042 -6.453 -8.734
0.015975 -9.113 -9.202 -9.245 -9.252 -9.101 -8.873 -9.152 -9.234 -9.098 -8.865 -8.58 -8.223 -9.24 -9.031 -8.714 -8.444 -8.171 -9.017 -8.73 -8.461 -8.262 -8.187 -8.737 -8.909 -8.602 -7.59 -7.095 -6.506 -8.78
0.016458 -9.138 -9.23 -9.277 -9.292 -9.145 -8.919 -9.187 -9.275 -9.141 -8.911 -8.628 -8.273 -9.28 -9.076 -8.762 -8.493 -8.221 -9.062 -8.777 -8.509 -8.311 -8.236 -8.784 -8.954 -8.65 -7.642 -7.147 -6.56 -8.827
0.016956 -9.162 -9.259 -9.309 -9.331 -9.188 -8.965 -9.221 -9.315 -9.184 -8.957 -8.676 -8.323 -9.32 -9.12 -8.809 -8.542 -8.271 -9.106 -8.824 -8.558 -8.361 -8.284 -8.831 -9.0 -8.698 -7.694 -7.2 -6.613 -8.873
0.017469 -9.187 -9.287 -9.341 -9.37 -9.231 -9.011 -9.255 -9.355 -9.227 -9.003 -8.724 -8.372 -9.36 -9.164 -8.856 -8.59 -8.32 -9.15 -8.871 -8.606 -8.41 -8.333 -8.877 -9.045 -8.745 -7.745 -7.252 -6.666 -8.918
0.017997 -9.21 -9.315 -9.372 -9.409 -9.274 -9.057 -9.289 -9.394 -9.27 -9.048 -8.772 -8.422 -9.399 -9.208 -8.903 -8.639 -8.37 -9.194 -8.918 -8.655 -8.459 -8.381 -8.923 -9.09 -8.793 -7.796 -7.305 -6.719 -8.964
0.018541 -9.234 -9.342 -9.403 -9.448 -9.316 -9.103 -9.323 -9.434 -9.313 -9.094 -8.82 -8.471 -9.439 -9.251 -8.95 -8.687 -8.42 -9.238 -8.964 -8.703 -8.508 -8.43 -8.97 -9.135 -8.84 -7.848 -7.357 -6.772 -9.01
0.019102 -9.257 -9.369 -9.434 -9.486 -9.359 -9.148 -9.356 -9.473 -9.355 -9.14 -8.867 -8.521 -9.478 -9.295 -8.997 -8.736 -8.47 -9.282 -9.011 -8.751 -8.557 -8.478 -9.016 -9.18 -8.888 -7.899 -7.409 -6.825 -9.055
0.01968 -9.279 -9.396 -9.464 -9.525 -9.401 -9.193 -9.39 -9.512 -9.398 -9.185 -8.915 -8.57 -9.517 -9.338 -9.043 -8.784 -8.519 -9.326 -9.057 -8.799 -8.605 -8.527 -9.062 -9.225 -8.935 -7.95 -7.461 -6.878 -9.1
0.020275 -9.301 -9.422 -9.495 -9.563 -9.443 -9.238 -9.423 -9.551 -9.44 -9.23 -8.962 -8.619 -9.555 -9.381 -9.09 -8.832 -8.568 -9.369 -9.104 -8.847 -8.654 -8.575 -9.107 -9.269 -8.982 -8.001 -7.513 -6.931 -9.145
0.020888 -9.323 -9.448 -9.524 -9.601 -9.485 -9.283 -9.455 -9.589 -9.482 -9.275 -9.009 -8.668 -9.594 -9.424 -9.136 -8.88 -8.618 -9.412 -9.15 -8.895 -8.703 -8.623 -9.153 -9.314 -9.029 -8.053 -7.565 -6.984 -9.19
0.02152 -9.345 -9.473 -9.554 -9.638 -9.527 -9.328 -9.488 -9.627 -9.523 -9.32 -9.056 -8.717 -9.632 -9.467 -9.183 -8.928 -8.667 -9.455 -9.196 -8.943 -8.751 -8.671 -9.199 -9.358 -9.076 -8.104 -7.617 -7.037 -9.235
0.022171 -9.366 -9.498 -9.583 -9.675 -9.568 -9.373 -9.52 -9.665 -9.565 -9.365 -9.103 -8.766 -9.67 -9.51 -9.229 -8.976 -8.716 -9.498 -9.242 -8.99 -8.8 -8.719 -9.244 -9.402 -9.123 -8.155 -7.669 -7.089 -9.28
0.022841 -9.386 -9.523 -9.612 -9.712 -9.61 -9.418 -9.552 -9.703 -9.606 -9.409 -9.15 -8.815 -9.708 -9.552 -9.275 -9.024 -8.765 -9.541 -9.288 -9.038 -8.848 -8.768 -9.289 -9.446 -9.17 -8.206 -7.721 -7.142 -9.325
0.023532 -9.406 -9.547 -9.64 -9.749 -9.651 -9.462 -9.584 -9.741 -9.648 -9.454 -9.197 -8.864 -9.745 -9.594 -9.32 -9.072 -8.814 -9.584 -9.333 -9.085 -8.896 -8.816 -9.334 -9.49 -9.216 -8.256 -7.773 -7.195 -9.369
0.024244 -9.426 -9.571 -9.668 -9.786 -9.692 -9.506 -9.616 -9.778 -9.689 -9.498 -9.243 -8.912 -9.782 -9.636 -9.366 -9.119 -8.863 -9.626 -9.379 -9.133 -8.944 -8.863 -9.379 -9.533 -9.263 -8.307 -7.825 -7.247 -9.413
0.024977 -9.445 -9.595 -9.696 -9.822 -9.733 -9.55 -9.647 -9.815 -9.729 -9.542 -9.29 -8.961 -9.819 -9.678 -9.412 -9.167 -8.912 -9.668 -9.424 -9.18 -8.992 -8.911 -9.424 -9.577 -9.309 -8.358 -7.877 -7.3 -9.457
0.025733 -9.464 -9.618 -9.724 -9.858 -9.773 -9.594 -9.678 -9.852 -9.77 -9.586 -9.336 -9.009 -9.856 -9.72 -9.457 -9.214 -8.961 -9.711 -9.47 -9.227 -9.04 -8.959 -9.469 -9.62 -9.355 -8.409 -7.928 -7.353 -9.501
0.026511 -9.482 -9.64 -9.751 -9.894 -9.814 -9.638 -9.709 -9.889 -9.81 -9.63 -9.382 -9.057 -9.892 -9.762 -9.503 -9.261 -9.009 -9.752 -9.515 -9.274 -9.088 -9.007 -9.513 -9.663 -9.401 -8.459 -7.98 -7.405 -9.545
0.027313 -9.5 -9.663 -9.778 -9.929 -9.854 -9.682 -9.739 -9.925 -9.851 -9.674 -9.428 -9.106 -9.928 -9.803 -9.548 -9.308 -9.058 -9.794 -9.56 -9.321 -9.136 -9.055 -9.558 -9.706 -9.447 -8.51 -8.032 -7.458 -9.589
0.028139 -9.518 -9.684 -9.804 -9.965 -9.894 -9.725 -9.77 -9.961 -9.891 -9.718 -9.474 -9.154 -9.964 -9.844 -9.593 -9.356 -9.106 -9.836 -9.605 -9.368 -9.184 -9.102 -9.602 -9.749 -9.493 -8.56 -8.083 -7.51 -9.633
0.02899 -9.535 -9.706 -9.83 -10.0 -9.933 -9.769 -9.8 -9.997 -9.93 -9.761 -9.52 -9.202 -10.0 -9.885 -9.638 -9.402 -9.155 -9.877 -9.649 -9.414 -9.232 -9.15 -9.646 -9.791 -9.539 -8.61 -8.135 -7.562 -9.676
0.029867 -9.552 -9.727 -9.856 -10.034 -9.973 -9.812 -9.829 -10.032 -9.97 -9.804 -9.566 -9.25 -10.036 -9.926 -9.683 -9.449 -9.203 -9.918 -9.694 -9.461 -9.279 -9.197 -9.69 -9.834 -9.585 -8.661 -8.186 -7.615 -9.719
0.03077 -9.568 -9.747 -9.881 -10.069 -10.012 -9.855 -9.859 -10.068 -10.009 -9.847 -9.612 -9.298 -10.071 -9.967 -9.727 -9.496 -9.251 -9.959 -9.739 -9.508 -9.327 -9.245 -9.734 -9.876 -9.63 -8.711 -8.237 -7.667 -9.762
0.031701 -9.584 -9.767 -9.906 -10.103 -10.052 -9.898 -9.888 -10.103 -10.049 -9.89 -9.657 -9.345 -10.106 -10.007 -9.772 -9.542 -9.299 -10.0 -9.783 -9.554 -9.374 -9.292 -9.778 -9.918 -9.675 -8.761 -8.289 -7.719 -9.805
0.032659 -9.599 -9.787 -9.931 -10.137 -10.09 -9.94 -9.917 -10.138 -10.088 -9.933 -9.703 -9.393 -10.14 -10.047 -9.816 -9.589 -9.347 -10.041 -9.827 -9.6 -9.422 -9.339 -9.821 -9.96 -9.721 -8.811 -8.34 -7.772 -9.848
0.033647 -9.614 -9.806 -9.955 -10.171 -10.129 -9.983 -9.946 -10.172 -10.126 -9.976 -9.748 -9.44 -10.175 -10.088 -9.86 -9.635 -9.395 -10.081 -9.871 -9.646 -9.469 -9.387 -9.865 -10.002 -9.766 -8.861 -8.391 -7.824 -9.891
0.034665 -9.628 -9.825 -9.979 -10.204 -10.168 -10.025 -9.975 -10.206 -10.165 -10.018 -9.793 -9.488 -10.209 -10.127 -9.904 -9.682 -9.443 -10.122 -9.915 -9.693 -9.516 -9.434 -9.908 -10.044 -9.811 -8.911 -8.442 -7.876 -9.933
0.035713 -9.642 -9.843 -10.002 -10.237 -10.206 -10.067 -10.003 -10.24 -10.203 -10.06 -9.838 -9.535 -10.243 -10.167 -9.948 -9.728 -9.49 -10.162 -9.959 -9.738 -9.563 -9.481 -9.951 -10.085 -9.855 -8.961 -8.494 -7.928 -9.976
0.036793 -9.655 -9.861 -10.025 -10.27 -10.244 -10.11 -10.031 -10.274 -10.241 -10.102 -9.883 -9.583 -10.276 -10.206 -9.992 -9.774 -9.538 -10.202 -10.003 -9.784 -9.61 -9.528 -9.994 -10.126 -9.9 -9.011 -8.545 -7.98 -10.018
0.037906 -9.668 -9.878 -10.048 -10.302 -10.282 -10.151 -10.059 -10.308 -10.279 -10.144 -9.928 -9.63 -10.309 -10.246 -10.036 -9.82 -9.585 -10.241 -10.046 -9.83 -9.657 -9.575 -10.037 -10.167 -9.945 -9.061 -8.596 -8.032 -10.06
0.039052 -9.681 -9.895 -10.07 -10.335 -10.319 -10.193 -10.087 -10.341 -10.317 -10.186 -9.972 -9.677 -10.342 -10.285 -10.079 -9.865 -9.633 -10.281 -10.089 -9.876 -9.704 -9.622 -10.08 -10.208 -9.989 -9.111 -8.647 -8.084 -10.102
0.040234 -9.693 -9.911 -10.092 -10.366 -10.357 -10.235 -10.114 -10.374 -10.354 -10.228 -10.017 -9.724 -10.375 -10.324 -10.123 -9.911 -9.68 -10.32 -10.133 -9.921 -9.75 -9.668 -10.122 -10.249 -10.033 -9.16 -8.698 -8.136 -10.144
0.04145 -9.704 -9.927 -10.114 -10.398 -10.394 -10.276 -10.141 -10.406 -10.391 -10.269 -10.061 -9.77 -10.407 -10.362 -10.166 -9.956 -9.727 -10.359 -10.176 -9.966 -9.797 -9.715 -10.164 -10.289 -10.077 -9.21 -8.748 -8.188 -10.185
0.042704 -9.716 -9.942 -10.135 -10.429 -10.431 -10.317 -10.168 -10.438 -10.428 -10.31 -10.105 -9.817 -10.439 -10.401 -10.209 -10.002 -9.774 -10.398 -10.219 -10.012 -9.843 -9.762 -10.207 -10.33 -10.121 -9.259 -8.799 -8.24 -10.227
0.043996 -9.726 -9.957 -10.155 -10.46 -10.468 -10.358 -10.195 -10.47 -10.465 -10.351 -10.149 -9.864 -10.471 -10.439 -10.252 -10.047 -9.821 -10.437 -10.261 -10.057 -9.89 -9.808 -10.249 -10.37 -10.165 -9.309 -8.85 -8.291 -10.268
0.045326 -9.736 -9.972 -10.176 -10.491 -10.504 -10.399 -10.221 -10.502 -10.502 -10.392 -10.193 -9.91 -10.503 -10.477 -10.294 -10.092 -9.868 -10.475 -10.304 -10.102 -9.936 -9.855 -10.291 -10.41 -10.209 -9.358 -8.901 -8.343 -10.309
0.046697 -9.746 -9.986 -10.196 -10.521 -10.54 -10.439 -10.247 -10.533 -10.538 -10.433 -10.237 -9.957 -10.534 -10.515 -10.337 -10.137 -9.915 -10.514 -10.347 -10.147 -9.982 -9.901 -10.332 -10.45 -10.253 -9.407 -8.951 -8.395 -10.35
0.048109 -9.755 -9.999 -10.215 -10.551 -10.576 -10.48 -10.273 -10.564 -10.574 -10.473 -10.28 -10.003 -10.565 -10.552 -10.379 -10.182 -9.962 -10.552 -10.389 -10.192 -10.028 -9.947 -10.374 -10.489 -10.296 -9.457 -9.002 -8.447 -10.391
0.049564 -9.763 -10.012 -10.234 -10.581 -10.612 -10.52 -10.298 -10.595 -10.61 -10.514 -10.324 -10.049 -10.595 -10.589 -10.422 -10.227 -10.008 -10.59 -10.431 -10.236 -10.074 -9.994 -10.415 -10.529 -10.339 -9.506 -9.052 -8.498 -10.431
0.051063 -9.771 -10.024 -10.253 -10.61 -10.647 -10.56 -10.324 -10.626 -10.645 -10.554 -10.367 -10.095 -10.626 -10.626 -10.464 -10.272 -10.055 -10.627 -10.473 -10.281 -10.12 -10.04 -10.456 -10.568 -10.382 -9.555 -9.103 -8.55 -10.472
0.052608 -9.779 -10.036 -10.271 -10.639 -10.683 -10.6 -10.349 -10.656 -10.68 -10.594 -10.41 -10.141 -10.655 -10.663 -10.506 -10.316 -10.101 -10.665 -10.515 -10.325 -10.166 -10.086 -10.497 -10.607 -10.425 -9.604 -9.153 -8.601 -10.512
0.054199 -9.786 -10.047 -10.289 -10.668 -10.718 -10.64 -10.374 -10.686 -10.715 -10.633 -10.453 -10.187 -10.685 -10.7 -10.547 -10.36 -10.147 -10.702 -10.556 -10.369 -10.211 -10.132 -10.538 -10.646 -10.468 -9.653 -9.203 -8.653 -10.552
0.055838 -9.792 -10.058 -10.306 -10.697 -10.752 -10.679 -10.398 -10.715 -10.75 -10.673 -10.496 -10.233 -10.714 -10.736 -10.589 -10.405 -10.193 -10.739 -10.598 -10.413 -10.257 -10.178 -10.579 -10.684 -10.511 -9.701 -9.254 -8.704 -10.592
0.057527 -9.798 -10.068 -10.323 -10.725 -10.787 -10.718 -10.422 -10.744 -10.784 -10.712 -10.539 -10.278 -10.743 -10.772 -10.63 -10.449 -10.239 -10.776 -10.639 -10.457 -10.302 -10.224 -10.619 -10.723 -10.553 -9.75 -9.304 -8.756 -10.631
0.059267 -9.804 -10.078 -10.339 -10.752 -10.821 -10.757 -10.446 -10.773 -10.819 -10.751 -10.581 -10.324 -10.772 -10.808 -10.671 -10.493 -10.285 -10.812 -10.68 -10.501 -10.348 -10.269 -10.66 -10.761 -10.596 -9.799 -9.354 -8.807 -10.671
0.061059 -9.809 -10.087 -10.355 -10.78 -10.855 -10.796 -10.47 -10.802 -10.853 -10.79 -10.624 -10.369 -10.8 -10.844 -10.712 -10.536 -10.331 -10.848 -10.721 -10.545 -10.393 -10.315 -10.7 -10.799 -10.638 -9.847 -9.404 -8.858 -10.71
0.062906 -9.813 -10.096 -10.371 -10.807 -10.888 -10.835 -10.493 -10.83 -10.886 -10.829 -10.666 -10.415 -10.828 -10.879 -10.753 -10.58 -10.377 -10.884 -10.762 -10.589 -10.438 -10.361 -10.74 -10.836 -10.68 -9.896 -9.454 -8.91 -10.749
0.064808 -9.817 -10.104 -10.386 -10.833 -10.922 -10.873 -10.517 -10.857 -10.92 -10.868 -10.708 -10.46 -10.856 -10.914 -10.794 -10.624 -10.422 -10.92 -10.803 -10.632 -10.483 -10.406 -10.78 -10.874 -10.722 -9.944 -9.504 -8.961 -10.788
0.066769 -9.82 -10.111 -10.4 -10.859 -10.955 -10.911 -10.54 -10.885 -10.953 -10.906 -10.75 -10.505 -10.883 -10.949 -10.834 -10.667 -10.468 -10.956 -10.843 -10.675 -10.528 -10.451 -10.819 -10.911 -10.763 -9.993 -9.554 -9.012 -10.827
0.068788 -9.823 -10.118 -10.414 -10.885 -10.988 -10.949 -10.562 -10.912 -10.986 -10.944 -10.792 -10.549 -10.91 -10.984 -10.875 -10.71 -10.513 -10.991 -10.883 -10.718 -10.573 -10.497 -10.859 -10.948 -10.805 -10.041 -9.604 -9.063 -10.865
0.070868 -9.825 -10.124 -10.428 -10.911 -11.02 -10.987 -10.585 -10.939 -11.018 -10.982 -10.833 -10.594 -10.936 -11.018 -10.915 -10.753 -10.558 -11.026 -10.923 -10.761 -10.617 -10.542 -10.898 -10.985 -10.846 -10.089 -9.654 -9.114 -10.904
0.073012 -9.827 -10.13 -10.441 -10.936 -11.052 -11.025 -10.607 -10.965 -11.051 -11.019 -10.875 -10.639 -10.962 -11.052 -10.955 -10.796 -10.603 -11.061 -10.963 -10.804 -10.662 -10.587 -10.937 -11.022 -10.887 -10.137 -9.703 -9.165 -10.942
0.07522 -9.828 -10.135 -10.454 -10.961 -11.084 -11.062 -10.629 -10.991 -11.083 -11.057 -10.916 -10.683 -10.988 -11.086 -10.995 -10.839 -10.648 -11.096 -11.003 -10.847 -10.706 -10.632 -10.976 -11.058 -10.928 -10.185 -9.753 -9.216 -10.98
0.077495 -9.828 -10.14 -10.466 -10.985 -11.116 -11.099 -10.65 -11.017 -11.114 -11.094 -10.957 -10.728 -11.013 -11.12 -11.034 -10.882 -10.693 -11.13 -11.042 -10.889 -10.75 -10.677 -11.014 -11.094 -10.969 -10.233 -9.803 -9.267 -11.018
0.079839 -9.828 -10.144 -10.478 -11.009 -11.147 -11.136 -10.671 -11.042 -11.146 -11.131 -10.998 -10.772 -11.038 -11.153 -11.073 -10.924 -10.738 -11.164 -11.081 -10.932 -10.794 -10.721 -11.053 -11.13 -11.01 -10.281 -9.852 -9.318 -11.055
0.082253 -9.827 -10.147 -10.489 -11.033 -11.178 -11.172 -10.693 -11.067 -11.177 -11.168 -11.039 -10.816 -11.063 -11.186 -11.112 -10.966 -10.782 -11.198 -11.121 -10.974 -10.838 -10.766 -11.091 -11.166 -11.05 -10.329 -9.901 -9.369 -11.093
0.084741 -9.826 -10.15 -10.5 -11.056 -11.209 -11.209 -10.713 -11.091 -11.207 -11.204 -11.079 -10.86 -11.087 -11.219 -11.151 -11.008 -10.827 -11.231 -11.159 -11.016 -10.882 -10.811 -11.129 -11.201 -11.09 -10.376 -9.951 -9.42 -11.13
