web/models/kne.last_good/kappa_1_10/37/villar_0.0338_0.0770_1.0000.dat
# %ECSV 1.0
# ---
# datatype:
# - {name: time, datatype: float64}
# - {name: swift_uvot_uvw2, datatype: float64}
# - {name: swift_uvot_uvm2, datatype: float64}
# - {name: swift_uvot_uvw1, datatype: float64}
# - {name: swift_uvot_U, datatype: float64}
# - {name: swift_uvot_B, datatype: float64}
# - {name: swift_uvot_V, datatype: float64}
# - {name: swift_uvot_W, datatype: float64}
# - {name: johnson_U, datatype: float64}
# - {name: johnson_B, datatype: float64}
# - {name: johnson_V, datatype: float64}
# - {name: johnson_R, datatype: float64}
# - {name: johnson_I, datatype: float64}
# - {name: sdss_u, datatype: float64}
# - {name: sdss_g, datatype: float64}
# - {name: sdss_r, datatype: float64}
# - {name: sdss_i, datatype: float64}
# - {name: sdss_z, datatype: float64}
# - {name: PS1_g, datatype: float64}
# - {name: PS1_r, datatype: float64}
# - {name: PS1_i, datatype: float64}
# - {name: PS1_z, datatype: float64}
# - {name: PS1_Y, datatype: float64}
# - {name: PS1_w, datatype: float64}
# - {name: ATLAS_c, datatype: float64}
# - {name: ATLAS_o, datatype: float64}
# - {name: ukirt_J, datatype: float64}
# - {name: ukirt_H, datatype: float64}
# - {name: ukirt_K, datatype: float64}
# - {name: Clear, datatype: float64}
# meta: !!omap
# - comment: [kappa = 1.0, type = villar, mass = 0.03383890769761434, velocity = 0.07700000000000001, theta_obs = 0.0]
# schema: astropy-2.0
time swift_uvot_uvw2 swift_uvot_uvm2 swift_uvot_uvw1 swift_uvot_U swift_uvot_B swift_uvot_V swift_uvot_W johnson_U johnson_B johnson_V johnson_R johnson_I sdss_u sdss_g sdss_r sdss_i sdss_z PS1_g PS1_r PS1_i PS1_z PS1_Y PS1_w ATLAS_c ATLAS_o ukirt_J ukirt_H ukirt_K Clear
[from data line 151]
0.089944 -11.979 -11.98 -11.954 -11.81 -11.584 -11.3 -11.823 -11.779 -11.58 -11.29 -10.967 -10.576 -11.787 -11.495 -11.116 -10.814 -10.518 -11.478 -11.138 -10.84 -10.63 -10.574 -11.153 -11.347 -10.991 -9.905 -9.392 -8.788 -11.209
0.092665 -12.008 -12.013 -11.989 -11.851 -11.628 -11.346 -11.86 -11.821 -11.625 -11.337 -11.016 -10.626 -11.829 -11.54 -11.164 -10.863 -10.568 -11.523 -11.185 -10.888 -10.679 -10.622 -11.2 -11.394 -11.039 -9.956 -9.444 -8.841 -11.256
0.095467 -12.036 -12.045 -12.024 -11.893 -11.673 -11.393 -11.896 -11.863 -11.669 -11.384 -11.064 -10.675 -11.87 -11.585 -11.212 -10.912 -10.618 -11.568 -11.233 -10.937 -10.728 -10.669 -11.247 -11.44 -11.088 -10.008 -9.496 -8.894 -11.302
0.098355 -12.064 -12.076 -12.058 -11.934 -11.717 -11.44 -11.932 -11.905 -11.713 -11.43 -11.112 -10.725 -11.912 -11.63 -11.259 -10.961 -10.668 -11.613 -11.28 -10.985 -10.777 -10.717 -11.294 -11.486 -11.136 -10.059 -9.548 -8.947 -11.349
0.101329 -12.091 -12.108 -12.093 -11.974 -11.761 -11.486 -11.967 -11.946 -11.757 -11.477 -11.16 -10.775 -11.953 -11.675 -11.307 -11.01 -10.718 -11.658 -11.327 -11.034 -10.826 -10.765 -11.341 -11.532 -11.184 -10.11 -9.6 -8.999 -11.395
0.104394 -12.118 -12.139 -12.127 -12.015 -11.805 -11.532 -12.003 -11.987 -11.801 -11.523 -11.208 -10.824 -11.994 -11.72 -11.354 -11.059 -10.767 -11.703 -11.374 -11.082 -10.874 -10.813 -11.388 -11.578 -11.232 -10.161 -9.652 -9.052 -11.441
0.107551 -12.145 -12.17 -12.161 -12.056 -11.849 -11.579 -12.038 -12.028 -11.845 -11.569 -11.256 -10.874 -12.035 -11.764 -11.401 -11.107 -10.817 -11.748 -11.421 -11.13 -10.923 -10.86 -11.435 -11.623 -11.28 -10.212 -9.704 -9.104 -11.487
0.110804 -12.172 -12.2 -12.194 -12.096 -11.892 -11.625 -12.073 -12.069 -11.889 -11.616 -11.304 -10.923 -12.076 -11.809 -11.449 -11.156 -10.867 -11.793 -11.468 -11.178 -10.972 -10.908 -11.481 -11.669 -11.327 -10.264 -9.756 -9.157 -11.533
0.114155 -12.198 -12.231 -12.228 -12.136 -11.936 -11.671 -12.108 -12.11 -11.932 -11.662 -11.352 -10.972 -12.117 -11.853 -11.496 -11.205 -10.916 -11.837 -11.515 -11.227 -11.02 -10.955 -11.528 -11.715 -11.375 -10.315 -9.808 -9.209 -11.579
0.117608 -12.224 -12.261 -12.261 -12.176 -11.979 -11.717 -12.143 -12.151 -11.976 -11.708 -11.4 -11.022 -12.157 -11.898 -11.543 -11.253 -10.966 -11.881 -11.562 -11.275 -11.069 -11.003 -11.574 -11.76 -11.423 -10.366 -9.859 -9.262 -11.625
0.121165 -12.249 -12.29 -12.294 -12.216 -12.023 -11.763 -12.177 -12.191 -12.019 -11.754 -11.447 -11.071 -12.198 -11.942 -11.59 -11.302 -11.015 -11.926 -11.609 -11.323 -11.117 -11.051 -11.621 -11.805 -11.47 -10.417 -9.911 -9.314 -11.671
0.124829 -12.274 -12.32 -12.326 -12.256 -12.066 -11.808 -12.212 -12.231 -12.062 -11.799 -11.495 -11.12 -12.238 -11.986 -11.637 -11.35 -11.065 -11.97 -11.655 -11.371 -11.166 -11.098 -11.667 -11.85 -11.518 -10.468 -9.963 -9.367 -11.717
0.128605 -12.299 -12.349 -12.358 -12.295 -12.109 -11.854 -12.246 -12.271 -12.105 -11.845 -11.542 -11.169 -12.278 -12.03 -11.684 -11.398 -11.114 -12.014 -11.702 -11.418 -11.214 -11.146 -11.713 -11.896 -11.565 -10.519 -10.015 -9.419 -11.762
0.132494 -12.324 -12.377 -12.39 -12.334 -12.152 -11.9 -12.28 -12.311 -12.148 -11.891 -11.59 -11.218 -12.318 -12.073 -11.73 -11.446 -11.164 -12.058 -11.748 -11.466 -11.263 -11.193 -11.759 -11.94 -11.612 -10.569 -10.066 -9.472 -11.808
0.136502 -12.348 -12.406 -12.422 -12.373 -12.194 -11.945 -12.313 -12.351 -12.191 -11.936 -11.637 -11.267 -12.357 -12.117 -11.777 -11.494 -11.213 -12.102 -11.794 -11.514 -11.311 -11.241 -11.805 -11.985 -11.66 -10.62 -10.118 -9.524 -11.853
0.14063 -12.372 -12.434 -12.454 -12.412 -12.237 -11.99 -12.347 -12.39 -12.233 -11.981 -11.684 -11.316 -12.396 -12.16 -11.823 -11.543 -11.262 -12.145 -11.841 -11.562 -11.359 -11.288 -11.851 -12.03 -11.707 -10.671 -10.17 -9.576 -11.898
0.144883 -12.396 -12.461 -12.485 -12.451 -12.279 -12.035 -12.38 -12.43 -12.276 -12.027 -11.732 -11.365 -12.436 -12.204 -11.87 -11.59 -11.311 -12.189 -11.887 -11.609 -11.407 -11.336 -11.897 -12.075 -11.754 -10.722 -10.221 -9.629 -11.943
0.149265 -12.419 -12.489 -12.516 -12.489 -12.321 -12.081 -12.413 -12.469 -12.318 -12.072 -11.779 -11.414 -12.475 -12.247 -11.916 -11.638 -11.36 -12.232 -11.933 -11.657 -11.455 -11.383 -11.942 -12.119 -11.801 -10.772 -10.273 -9.681 -11.988
0.15378 -12.442 -12.516 -12.546 -12.527 -12.363 -12.125 -12.446 -12.508 -12.36 -12.117 -11.826 -11.463 -12.513 -12.29 -11.962 -11.686 -11.409 -12.275 -11.979 -11.704 -11.503 -11.43 -11.988 -12.163 -11.847 -10.823 -10.324 -9.733 -12.033
0.15843 -12.464 -12.542 -12.577 -12.565 -12.405 -12.17 -12.478 -12.546 -12.402 -12.161 -11.872 -11.511 -12.552 -12.333 -12.008 -11.734 -11.458 -12.318 -12.024 -11.752 -11.551 -11.478 -12.033 -12.207 -11.894 -10.873 -10.376 -9.786 -12.078
0.163222 -12.486 -12.569 -12.607 -12.603 -12.447 -12.215 -12.511 -12.585 -12.444 -12.206 -11.919 -11.56 -12.59 -12.376 -12.054 -11.781 -11.507 -12.361 -12.07 -11.799 -11.599 -11.525 -12.078 -12.252 -11.941 -10.924 -10.427 -9.838 -12.122
0.168159 -12.508 -12.595 -12.636 -12.641 -12.489 -12.259 -12.543 -12.623 -12.485 -12.251 -11.966 -11.608 -12.629 -12.418 -12.1 -11.829 -11.555 -12.404 -12.116 -11.846 -11.647 -11.572 -12.123 -12.295 -11.987 -10.974 -10.479 -9.89 -12.167
0.173245 -12.529 -12.62 -12.666 -12.678 -12.53 -12.304 -12.575 -12.661 -12.527 -12.295 -12.012 -11.657 -12.667 -12.461 -12.146 -11.876 -11.604 -12.447 -12.161 -11.893 -11.695 -11.619 -12.169 -12.339 -12.034 -11.025 -10.53 -9.942 -12.211
0.178484 -12.55 -12.646 -12.695 -12.715 -12.571 -12.348 -12.606 -12.699 -12.568 -12.34 -12.059 -11.705 -12.704 -12.503 -12.192 -11.924 -11.653 -12.489 -12.207 -11.94 -11.743 -11.667 -12.213 -12.383 -12.08 -11.075 -10.581 -9.994 -12.255
0.183882 -12.57 -12.67 -12.724 -12.752 -12.612 -12.392 -12.638 -12.737 -12.609 -12.384 -12.105 -11.753 -12.742 -12.545 -12.237 -11.971 -11.701 -12.532 -12.252 -11.987 -11.791 -11.714 -12.258 -12.426 -12.126 -11.125 -10.633 -10.046 -12.3
0.189444 -12.591 -12.695 -12.752 -12.789 -12.653 -12.436 -12.669 -12.774 -12.65 -12.428 -12.151 -11.801 -12.779 -12.587 -12.283 -12.018 -11.75 -12.574 -12.297 -12.034 -11.838 -11.761 -12.303 -12.47 -12.172 -11.176 -10.684 -10.098 -12.344
0.195173 -12.61 -12.719 -12.78 -12.825 -12.694 -12.48 -12.7 -12.811 -12.691 -12.472 -12.198 -11.849 -12.816 -12.629 -12.328 -12.065 -11.798 -12.616 -12.342 -12.081 -11.886 -11.808 -12.347 -12.513 -12.218 -11.226 -10.735 -10.15 -12.387
0.201076 -12.63 -12.743 -12.808 -12.862 -12.734 -12.524 -12.731 -12.848 -12.731 -12.516 -12.244 -11.897 -12.853 -12.671 -12.373 -12.112 -11.846 -12.658 -12.387 -12.128 -11.933 -11.855 -12.392 -12.556 -12.264 -11.276 -10.786 -10.202 -12.431
0.207158 -12.649 -12.766 -12.836 -12.898 -12.775 -12.568 -12.761 -12.885 -12.772 -12.559 -12.29 -11.945 -12.89 -12.712 -12.418 -12.159 -11.894 -12.7 -12.432 -12.174 -11.981 -11.902 -12.436 -12.599 -12.31 -11.326 -10.837 -10.254 -12.475
0.213423 -12.667 -12.789 -12.863 -12.933 -12.815 -12.611 -12.792 -12.921 -12.812 -12.603 -12.335 -11.993 -12.926 -12.753 -12.463 -12.206 -11.943 -12.741 -12.477 -12.221 -12.028 -11.949 -12.48 -12.642 -12.356 -11.376 -10.888 -10.306 -12.518
0.219878 -12.685 -12.812 -12.89 -12.969 -12.855 -12.655 -12.822 -12.958 -12.852 -12.646 -12.381 -12.041 -12.962 -12.795 -12.508 -12.253 -11.991 -12.783 -12.521 -12.267 -12.075 -11.996 -12.524 -12.684 -12.401 -11.426 -10.939 -10.358 -12.562
0.226528 -12.703 -12.834 -12.916 -13.004 -12.895 -12.698 -12.852 -12.994 -12.891 -12.69 -12.427 -12.089 -12.998 -12.835 -12.553 -12.299 -12.039 -12.824 -12.566 -12.313 -12.122 -12.042 -12.568 -12.727 -12.447 -11.476 -10.99 -10.41 -12.605
0.233379 -12.72 -12.855 -12.942 -13.039 -12.934 -12.741 -12.881 -13.03 -12.931 -12.733 -12.472 -12.136 -13.034 -12.876 -12.597 -12.346 -12.086 -12.865 -12.61 -12.36 -12.169 -12.089 -12.612 -12.769 -12.492 -11.526 -11.041 -10.462 -12.648
0.240437 -12.737 -12.877 -12.968 -13.074 -12.974 -12.784 -12.91 -13.065 -12.971 -12.776 -12.517 -12.184 -13.069 -12.917 -12.642 -12.392 -12.134 -12.906 -12.655 -12.406 -12.216 -12.136 -12.656 -12.811 -12.537 -11.576 -11.092 -10.513 -12.691
0.247709 -12.753 -12.897 -12.993 -13.108 -13.013 -12.826 -12.939 -13.1 -13.01 -12.818 -12.563 -12.231 -13.104 -12.957 -12.686 -12.438 -12.182 -12.947 -12.699 -12.452 -12.263 -12.183 -12.699 -12.853 -12.582 -11.625 -11.143 -10.565 -12.733
0.255201 -12.769 -12.918 -13.018 -13.142 -13.052 -12.869 -12.968 -13.135 -13.049 -12.861 -12.608 -12.278 -13.139 -12.998 -12.73 -12.485 -12.23 -12.988 -12.743 -12.498 -12.31 -12.229 -12.743 -12.895 -12.627 -11.675 -11.194 -10.617 -12.776
0.262919 -12.785 -12.938 -13.043 -13.176 -13.091 -12.911 -12.997 -13.17 -13.088 -12.903 -12.653 -12.326 -13.174 -13.038 -12.774 -12.531 -12.277 -13.028 -12.786 -12.544 -12.357 -12.276 -12.786 -12.937 -12.672 -11.725 -11.244 -10.668 -12.819
0.270871 -12.8 -12.957 -13.067 -13.21 -13.129 -12.954 -13.025 -13.205 -13.126 -12.946 -12.698 -12.373 -13.208 -13.077 -12.818 -12.577 -12.324 -13.068 -12.83 -12.589 -12.404 -12.322 -12.829 -12.979 -12.717 -11.774 -11.295 -10.72 -12.861
0.279064 -12.814 -12.976 -13.091 -13.243 -13.168 -12.996 -13.053 -13.239 -13.165 -12.988 -12.742 -12.42 -13.242 -13.117 -12.862 -12.622 -12.372 -13.108 -12.874 -12.635 -12.45 -12.369 -12.872 -13.02 -12.761 -11.824 -11.346 -10.772 -12.903
0.287504 -12.828 -12.995 -13.115 -13.276 -13.206 -13.038 -13.081 -13.273 -13.203 -13.03 -12.787 -12.467 -13.276 -13.157 -12.905 -12.668 -12.419 -13.148 -12.917 -12.68 -12.497 -12.415 -12.915 -13.061 -12.806 -11.873 -11.396 -10.823 -12.945
0.296199 -12.842 -13.013 -13.138 -13.309 -13.244 -13.079 -13.108 -13.307 -13.241 -13.072 -12.832 -12.513 -13.31 -13.196 -12.949 -12.714 -12.466 -13.188 -12.96 -12.726 -12.543 -12.461 -12.957 -13.102 -12.85 -11.922 -11.447 -10.875 -12.987
0.305157 -12.855 -13.031 -13.161 -13.342 -13.281 -13.121 -13.136 -13.34 -13.278 -13.113 -12.876 -12.56 -13.343 -13.235 -12.992 -12.759 -12.513 -13.227 -13.004 -12.771 -12.59 -12.507 -13.0 -13.143 -12.894 -11.972 -11.497 -10.926 -13.029
0.314387 -12.867 -13.048 -13.183 -13.374 -13.319 -13.162 -13.163 -13.373 -13.316 -13.155 -12.92 -12.607 -13.376 -13.274 -13.035 -12.805 -12.56 -13.266 -13.047 -12.816 -12.636 -12.554 -13.042 -13.183 -12.938 -12.021 -11.548 -10.977 -13.07
0.323895 -12.879 -13.064 -13.205 -13.406 -13.356 -13.204 -13.189 -13.406 -13.353 -13.196 -12.964 -12.653 -13.409 -13.312 -13.078 -12.85 -12.607 -13.305 -13.089 -12.861 -12.682 -12.6 -13.084 -13.224 -12.982 -12.07 -11.598 -11.029 -13.111
0.333691 -12.891 -13.081 -13.227 -13.437 -13.393 -13.245 -13.216 -13.438 -13.39 -13.237 -13.008 -12.699 -13.441 -13.351 -13.121 -12.895 -12.654 -13.344 -13.132 -12.906 -12.728 -12.646 -13.126 -13.264 -13.026 -12.119 -11.648 -11.08 -13.153
0.343783 -12.902 -13.096 -13.248 -13.469 -13.43 -13.286 -13.242 -13.471 -13.427 -13.278 -13.052 -12.746 -13.473 -13.389 -13.164 -12.94 -12.7 -13.383 -13.175 -12.951 -12.774 -12.692 -13.168 -13.304 -13.07 -12.168 -11.698 -11.131 -13.194
0.354181 -12.912 -13.111 -13.268 -13.499 -13.466 -13.326 -13.268 -13.502 -13.463 -13.319 -13.095 -12.792 -13.505 -13.427 -13.206 -12.985 -12.747 -13.421 -13.217 -12.996 -12.82 -12.737 -13.209 -13.344 -13.113 -12.217 -11.749 -11.183 -13.234
0.364893 -12.922 -13.126 -13.289 -13.53 -13.502 -13.367 -13.293 -13.534 -13.5 -13.359 -13.139 -12.838 -13.536 -13.464 -13.249 -13.029 -12.793 -13.459 -13.259 -13.04 -12.865 -12.783 -13.251 -13.384 -13.156 -12.266 -11.799 -11.234 -13.275
0.375929 -12.932 -13.14 -13.308 -13.56 -13.538 -13.407 -13.318 -13.565 -13.536 -13.4 -13.182 -12.884 -13.567 -13.502 -13.291 -13.074 -12.839 -13.497 -13.301 -13.084 -12.911 -12.829 -13.292 -13.423 -13.199 -12.314 -11.849 -11.285 -13.316
0.387298 -12.94 -13.153 -13.328 -13.59 -13.574 -13.447 -13.343 -13.596 -13.571 -13.44 -13.225 -12.93 -13.598 -13.539 -13.333 -13.118 -12.886 -13.535 -13.343 -13.129 -12.956 -12.874 -13.333 -13.462 -13.242 -12.363 -11.899 -11.336 -13.356
0.399012 -12.949 -13.166 -13.346 -13.62 -13.61 -13.487 -13.368 -13.627 -13.607 -13.48 -13.268 -12.975 -13.628 -13.576 -13.375 -13.163 -12.932 -13.573 -13.385 -13.173 -13.002 -12.92 -13.374 -13.501 -13.285 -12.411 -11.949 -11.387 -13.396
0.41108 -12.956 -13.178 -13.365 -13.649 -13.645 -13.526 -13.392 -13.657 -13.642 -13.519 -13.311 -13.021 -13.658 -13.613 -13.416 -13.207 -12.978 -13.61 -13.426 -13.217 -13.047 -12.965 -13.415 -13.54 -13.328 -12.46 -11.998 -11.438 -13.436
0.423513 -12.963 -13.19 -13.383 -13.678 -13.68 -13.566 -13.416 -13.687 -13.677 -13.559 -13.354 -13.066 -13.688 -13.649 -13.458 -13.251 -13.023 -13.647 -13.467 -13.261 -13.092 -13.011 -13.455 -13.579 -13.37 -12.508 -12.048 -11.489 -13.475
0.436321 -12.97 -13.201 -13.4 -13.706 -13.714 -13.605 -13.44 -13.716 -13.711 -13.598 -13.396 -13.111 -13.717 -13.685 -13.499 -13.295 -13.069 -13.684 -13.509 -13.304 -13.137 -13.056 -13.496 -13.617 -13.413 -12.557 -12.098 -11.54 -13.515
0.449518 -12.976 -13.212 -13.417 -13.734 -13.748 -13.644 -13.463 -13.745 -13.746 -13.637 -13.439 -13.156 -13.746 -13.721 -13.54 -13.338 -13.114 -13.72 -13.549 -13.348 -13.182 -13.101 -13.536 -13.655 -13.455 -12.605 -12.147 -11.59 -13.554
0.463113 -12.981 -13.222 -13.433 -13.762 -13.782 -13.683 -13.486 -13.774 -13.78 -13.676 -13.481 -13.201 -13.775 -13.757 -13.581 -13.382 -13.16 -13.756 -13.59 -13.391 -13.227 -13.146 -13.576 -13.693 -13.497 -12.653 -12.197 -11.641 -13.593
0.47712 -12.985 -13.231 -13.449 -13.789 -13.816 -13.721 -13.509 -13.803 -13.814 -13.715 -13.523 -13.246 -13.803 -13.792 -13.621 -13.425 -13.205 -13.792 -13.631 -13.434 -13.271 -13.191 -13.615 -13.73 -13.538 -12.701 -12.246 -11.692 -13.632
0.49155 -12.989 -13.24 -13.464 -13.816 -13.849 -13.759 -13.532 -13.83 -13.847 -13.753 -13.564 -13.291 -13.831 -13.827 -13.662 -13.468 -13.25 -13.828 -13.671 -13.477 -13.316 -13.236 -13.655 -13.768 -13.58 -12.749 -12.296 -11.742 -13.671
0.506416 -12.993 -13.248 -13.479 -13.842 -13.882 -13.797 -13.554 -13.858 -13.88 -13.791 -13.606 -13.335 -13.858 -13.862 -13.702 -13.511 -13.295 -13.863 -13.711 -13.52 -13.36 -13.28 -13.694 -13.805 -13.621 -12.796 -12.345 -11.793 -13.709
0.521733 -12.995 -13.255 -13.493 -13.868 -13.915 -13.835 -13.575 -13.885 -13.913 -13.829 -13.647 -13.38 -13.885 -13.897 -13.742 -13.554 -13.34 -13.898 -13.751 -13.563 -13.404 -13.325 -13.733 -13.841 -13.662 -12.844 -12.394 -11.843 -13.747
0.537512 -12.997 -13.261 -13.507 -13.894 -13.947 -13.872 -13.597 -13.912 -13.945 -13.866 -13.688 -13.424 -13.911 -13.931 -13.782 -13.596 -13.385 -13.933 -13.791 -13.605 -13.448 -13.369 -13.772 -13.878 -13.703 -12.892 -12.443 -11.894 -13.785
0.553769 -12.998 -13.267 -13.52 -13.919 -13.979 -13.91 -13.618 -13.938 -13.977 -13.904 -13.729 -13.468 -13.937 -13.965 -13.821 -13.639 -13.429 -13.968 -13.83 -13.648 -13.492 -13.413 -13.81 -13.914 -13.744 -12.939 -12.492 -11.944 -13.823
0.570517 -12.999 -13.272 -13.532 -13.943 -14.011 -13.946 -13.638 -13.964 -14.009 -13.941 -13.77 -13.512 -13.963 -13.998 -13.86 -13.681 -13.473 -14.002 -13.869 -13.69 -13.536 -13.457 -13.849 -13.95 -13.784 -12.986 -12.541 -11.994 -13.86
0.587772 -12.999 -13.277 -13.544 -13.968 -14.042 -13.983 -13.658 -13.989 -14.04 -13.977 -13.81 -13.556 -13.988 -14.031 -13.899 -13.723 -13.518 -14.036 -13.908 -13.732 -13.579 -13.501 -13.887 -13.986 -13.824 -13.034 -12.59 -12.044 -13.897
0.605549 -12.998 -13.28 -13.555 -13.991 -14.073 -14.019 -13.678 -14.014 -14.071 -14.014 -13.851 -13.599 -14.013 -14.064 -13.938 -13.765 -13.561 -14.069 -13.947 -13.773 -13.623 -13.545 -13.924 -14.021 -13.864 -13.081 -12.639 -12.094 -13.934
0.623863 -12.996 -13.283 -13.566 -14.014 -14.104 -14.055 -13.697 -14.039 -14.102 -14.05 -13.891 -13.643 -14.037 -14.096 -13.976 -13.806 -13.605 -14.102 -13.985 -13.815 -13.666 -13.589 -13.962 -14.056 -13.904 -13.128 -12.687 -12.144 -13.97
