web/models/kne.last_good/kappa_1_10/37/villar_0.1775_0.2493_1.0000.dat
# %ECSV 1.0
# ---
# datatype:
# - {name: time, datatype: float64}
# - {name: swift_uvot_uvw2, datatype: float64}
# - {name: swift_uvot_uvm2, datatype: float64}
# - {name: swift_uvot_uvw1, datatype: float64}
# - {name: swift_uvot_U, datatype: float64}
# - {name: swift_uvot_B, datatype: float64}
# - {name: swift_uvot_V, datatype: float64}
# - {name: swift_uvot_W, datatype: float64}
# - {name: johnson_U, datatype: float64}
# - {name: johnson_B, datatype: float64}
# - {name: johnson_V, datatype: float64}
# - {name: johnson_R, datatype: float64}
# - {name: johnson_I, datatype: float64}
# - {name: sdss_u, datatype: float64}
# - {name: sdss_g, datatype: float64}
# - {name: sdss_r, datatype: float64}
# - {name: sdss_i, datatype: float64}
# - {name: sdss_z, datatype: float64}
# - {name: PS1_g, datatype: float64}
# - {name: PS1_r, datatype: float64}
# - {name: PS1_i, datatype: float64}
# - {name: PS1_z, datatype: float64}
# - {name: PS1_Y, datatype: float64}
# - {name: PS1_w, datatype: float64}
# - {name: ATLAS_c, datatype: float64}
# - {name: ATLAS_o, datatype: float64}
# - {name: ukirt_J, datatype: float64}
# - {name: ukirt_H, datatype: float64}
# - {name: ukirt_K, datatype: float64}
# - {name: Clear, datatype: float64}
# meta: !!omap
# - comment: [kappa = 1.0, type = villar, mass = 0.1774768329891343, velocity = 0.24933333333333335, theta_obs = 0.0]
# schema: astropy-2.0
time swift_uvot_uvw2 swift_uvot_uvm2 swift_uvot_uvw1 swift_uvot_U swift_uvot_B swift_uvot_V swift_uvot_W johnson_U johnson_B johnson_V johnson_R johnson_I sdss_u sdss_g sdss_r sdss_i sdss_z PS1_g PS1_r PS1_i PS1_z PS1_Y PS1_w ATLAS_c ATLAS_o ukirt_J ukirt_H ukirt_K Clear
[from data line 355]
39.244698 44.262 49.478 72.713 83.279 71.45 63.462 46.531 81.236 69.165 61.413 53.057 48.07 82.55 67.395 58.548 53.028 48.562 42.997 43.202 43.18 42.765 41.019 54.266 60.817 54.001 42.836 39.335 36.709 41.233
40.431627 47.523 52.738 75.973 86.539 74.711 66.722 49.791 84.496 72.425 64.674 56.317 51.33 85.81 70.656 61.808 56.288 51.823 46.257 46.462 46.44 46.025 44.279 57.526 64.078 57.261 46.096 42.595 39.97 44.493
41.654454 50.983 56.199 79.434 90.0 78.171 70.183 53.252 87.957 75.885 68.134 59.778 54.791 89.271 74.116 65.268 59.749 55.283 49.718 49.922 49.901 49.486 47.74 60.987 67.538 60.721 49.556 46.056 43.43 47.954
42.914265 54.656 59.872 83.107 93.673 81.844 73.856 56.924 91.63 79.558 71.807 63.45 58.464 92.944 77.789 68.941 63.422 58.956 53.39 53.595 53.574 53.158 51.413 64.659 71.211 64.394 53.229 49.729 47.103 51.627
44.212178 58.555 63.77 87.005 97.571 85.743 77.754 60.823 95.528 83.457 75.705 67.349 62.362 96.842 81.688 72.84 67.32 62.854 57.289 57.494 57.472 57.057 55.311 68.558 75.109 68.293 57.128 53.627 51.001 55.525
45.549345 62.692 67.908 91.143 101.709 89.88 81.892 64.961 99.666 87.595 79.843 71.487 66.5 100.98 85.825 76.978 71.458 66.992 61.427 61.632 61.61 61.195 59.449 72.696 79.247 72.431 61.266 57.765 55.139 59.663
46.926954 67.084 72.3 95.535 106.101 94.272 86.284 69.353 104.058 91.987 84.235 75.879 70.892 105.372 90.217 81.37 75.85 71.384 65.819 66.023 66.002 65.587 63.841 77.088 83.639 76.822 65.658 62.157 59.531 64.055
48.346227 71.746 76.962 100.196 110.763 98.934 90.946 74.014 108.719 96.648 88.897 80.54 75.553 110.033 94.879 86.031 80.511 76.046 70.48 70.685 70.664 70.248 68.502 81.749 88.301 81.484 70.319 66.819 64.193 68.716
49.808426 76.694 81.909 105.144 115.71 103.882 95.893 78.962 113.667 101.596 93.845 85.488 80.501 114.981 99.827 90.979 85.459 80.994 75.428 75.633 75.611 75.196 73.45 86.697 93.249 86.432 75.267 71.766 69.141 73.664
51.314848 81.945 87.161 110.396 120.962 109.133 101.145 84.214 118.919 106.848 99.096 90.74 85.753 120.233 105.078 96.231 90.711 86.245 80.68 80.885 80.863 80.448 78.702 91.949 98.5 91.684 80.519 77.018 74.392 78.916
52.86683 87.519 92.735 115.97 126.536 114.707 106.719 89.788 124.493 112.422 104.67 96.314 91.327 125.807 110.652 101.805 96.285 91.819 86.254 86.459 86.437 86.022 84.276 97.523 104.074 97.258 86.093 82.592 79.966 84.49
54.465752 93.436 98.652 121.886 132.452 120.624 112.636 95.704 130.409 118.338 110.587 102.23 97.243 131.723 116.569 107.721 102.201 97.736 92.17 92.375 92.354 91.938 90.192 103.439 109.991 103.174 92.009 88.509 85.883 90.406
56.113031 99.716 104.931 128.166 138.732 126.904 118.915 101.984 136.689 124.618 116.866 108.51 103.523 138.003 122.849 114.001 108.481 104.015 98.45 98.655 98.633 98.218 96.472 109.719 116.27 109.454 98.289 94.788 92.162 96.686
57.810132 106.381 111.596 134.831 145.397 133.569 125.581 108.649 143.354 131.283 123.532 115.175 110.188 144.668 129.514 120.666 115.146 110.681 105.115 105.32 105.298 104.883 103.137 116.384 122.936 116.119 104.954 101.453 98.828 103.351
59.55856 113.455 118.671 141.906 152.472 140.643 132.655 115.724 150.429 138.358 130.606 122.25 117.263 151.743 136.588 127.741 122.221 117.755 112.19 112.394 112.373 111.958 110.212 123.459 130.01 123.193 112.029 108.528 105.902 110.426
61.359868 120.964 126.18 149.415 159.981 148.152 140.164 123.233 157.938 145.867 138.115 129.759 124.772 159.252 144.097 135.249 129.73 125.264 119.699 119.903 119.882 119.467 117.721 130.968 137.519 130.702 119.538 116.037 113.411 117.935
63.215655 128.934 134.15 157.385 167.951 156.122 148.134 131.203 165.908 153.837 146.085 137.729 132.742 167.222 152.067 143.219 137.7 133.234 127.669 127.873 127.852 127.437 125.691 138.938 145.489 138.672 127.508 124.007 121.381 125.905
65.127569 137.394 142.609 165.844 176.41 164.582 156.593 139.662 174.367 162.296 154.545 146.188 141.201 175.681 160.527 151.679 146.159 141.693 136.128 136.333 136.311 135.896 134.15 147.397 153.949 147.132 135.967 132.466 129.841 134.364
67.097308 146.372 151.588 174.823 185.389 173.56 165.572 148.641 183.346 171.275 163.523 155.167 150.18 184.66 169.505 160.658 155.138 150.672 145.107 145.312 145.29 144.875 143.129 156.376 162.927 156.111 144.946 141.445 138.819 143.343
69.126621 155.903 161.118 184.353 194.919 183.091 175.102 158.171 192.876 180.805 173.054 164.697 159.71 194.19 179.036 170.188 164.668 160.202 154.637 154.842 154.82 154.405 152.659 165.906 172.458 165.641 154.476 150.975 148.35 152.873
71.217308 166.018 171.234 194.468 205.035 193.206 185.218 168.286 202.991 190.92 183.169 174.812 169.825 204.305 189.151 180.303 174.783 170.318 164.752 164.957 164.936 164.52 162.774 176.021 182.573 175.756 164.591 161.091 158.465 162.989
73.371227 176.754 181.97 205.205 215.771 203.942 195.954 179.023 213.728 201.657 193.905 185.549 180.562 215.042 199.887 191.04 185.52 181.054 175.489 175.694 175.672 175.257 173.511 186.758 193.309 186.493 175.328 171.827 169.201 173.725
75.59029 188.15 193.366 216.601 227.167 215.338 207.35 190.419 225.124 213.052 205.301 196.945 191.958 226.438 211.283 202.435 196.916 192.45 186.885 187.089 187.068 186.652 184.907 198.154 204.705 197.888 186.723 183.223 180.597 185.121
77.876467 200.246 205.461 228.696 239.262 227.434 219.445 202.514 237.219 225.148 217.397 209.04 204.053 238.533 223.379 214.531 209.011 204.545 198.98 199.185 199.163 198.748 197.002 210.249 216.8 209.984 198.819 195.318 192.692 197.216
80.231787 213.084 218.299 241.534 252.1 240.272 232.283 215.352 250.057 237.986 230.235 221.878 216.891 251.371 236.217 227.369 221.849 217.384 211.818 212.023 212.001 211.586 209.84 223.087 229.639 222.822 211.657 208.156 205.531 210.054
82.658343 226.71 231.926 255.161 265.727 253.898 245.91 228.979 263.684 251.612 243.861 235.505 230.518 264.998 249.843 240.995 235.476 231.01 225.445 225.649 225.628 225.213 223.467 236.714 243.265 236.448 225.284 221.783 219.157 223.681
85.158288 241.173 246.389 269.624 280.19 268.361 260.373 243.442 278.147 266.076 258.324 249.968 244.981 279.461 264.306 255.459 249.939 245.473 239.908 240.112 240.091 239.676 237.93 251.177 257.728 250.911 239.747 236.246 233.62 238.144
87.733843 256.525 261.74 284.975 295.541 283.713 275.724 258.793 293.498 281.427 273.676 265.319 260.332 294.812 279.658 270.81 265.29 260.824 255.259 255.464 255.442 255.027 253.281 266.528 273.079 266.263 255.098 251.597 248.971 253.495
90.387293 272.818 278.034 301.269 311.835 300.006 292.018 275.087 309.792 297.721 289.969 281.613 276.626 311.106 295.951 287.104 281.584 277.118 271.553 271.758 271.736 271.321 269.575 282.822 289.373 282.557 271.392 267.891 265.265 269.789
93.120995 290.113 295.328 318.563 329.129 317.301 309.313 292.381 327.086 315.015 307.264 298.907 293.92 328.4 313.246 304.398 298.878 294.413 288.847 289.052 289.03 288.615 286.869 300.116 306.668 299.851 288.686 285.186 282.56 287.083
95.937376 308.469 313.685 336.92 347.486 335.657 327.669 310.738 345.443 333.371 325.62 317.264 312.277 346.757 331.602 322.754 317.235 312.769 307.204 307.408 307.387 306.971 305.226 318.473 325.024 318.207 307.042 303.542 300.916 305.44
98.838937 327.953 333.168 356.403 366.969 355.141 347.152 330.221 364.926 352.855 345.103 336.747 331.76 366.24 351.086 342.238 336.718 332.252 326.687 326.892 326.87 326.455 324.709 337.956 344.507 337.691 326.526 323.025 320.399 324.923
101.828253 348.632 353.848 377.083 387.649 375.82 367.832 350.901 385.606 373.535 365.783 357.427 352.44 386.92 371.765 362.918 357.398 352.932 347.367 347.571 347.55 347.135 345.389 358.636 365.187 358.37 347.206 343.705 341.079 345.603
104.907979 370.582 375.798 399.032 409.599 397.77 389.782 372.85 407.555 395.484 387.733 379.376 374.389 408.869 393.715 384.867 379.347 374.882 369.316 369.521 369.5 369.084 367.338 380.585 387.137 380.32 369.155 365.655 363.029 367.552
108.080849 393.879 399.095 422.33 432.896 421.067 413.079 396.148 430.853 418.782 411.03 402.674 397.687 432.167 417.012 408.164 402.645 398.179 392.614 392.818 392.797 392.382 390.636 403.883 410.434 403.617 392.453 388.952 386.326 390.85
111.349681 418.607 423.823 447.058 457.624 445.795 437.807 420.876 455.581 443.509 435.758 427.402 422.415 456.895 441.74 432.892 427.373 422.907 417.342 417.546 417.525 417.11 415.364 428.611 435.162 428.345 417.181 413.68 411.054 415.578
114.717376 444.853 450.069 473.304 483.87 472.041 464.053 447.122 481.827 469.756 462.004 453.648 448.661 483.141 467.986 459.139 453.619 449.153 443.588 443.793 443.771 443.356 441.61 454.857 461.408 454.592 443.427 439.926 437.3 441.824
118.186925 472.711 477.927 501.162 511.728 499.899 491.911 474.98 509.685 497.614 489.862 481.506 476.519 510.999 495.844 486.997 481.477 477.011 471.446 471.65 471.629 471.214 469.468 482.715 489.266 482.449 471.285 467.784 465.158 469.682
121.761408 502.28 507.495 530.73 541.296 529.468 521.48 504.548 539.253 527.182 519.431 511.074 506.087 540.567 525.413 516.565 511.045 506.58 501.014 501.219 501.197 500.782 499.036 512.283 518.835 512.018 500.853 497.353 494.727 499.25
125.443999 533.664 538.88 562.114 572.68 560.852 552.864 535.932 570.637 558.566 550.815 542.458 537.471 571.951 556.797 547.949 542.429 537.964 532.398 532.603 532.582 532.166 530.42 543.667 550.219 543.402 532.237 528.737 526.111 530.634
129.237967 566.975 572.191 595.426 605.992 594.163 586.175 569.243 603.948 591.877 584.126 575.769 570.783 605.262 590.108 581.26 575.74 571.275 565.709 565.914 565.893 565.477 563.731 576.978 583.53 576.713 565.548 562.048 559.422 563.946
133.146681 602.332 607.547 630.782 641.348 629.52 621.531 604.6 639.305 627.234 619.483 611.126 606.139 640.619 625.465 616.617 611.097 606.631 601.066 601.271 601.249 600.834 599.088 612.335 618.886 612.07 600.905 597.404 594.778 599.302
137.173612 639.859 645.075 668.31 678.876 667.047 659.059 642.128 676.833 664.761 657.01 648.654 643.667 678.147 662.992 654.144 648.625 644.159 638.594 638.798 638.777 638.361 636.616 649.863 656.414 649.597 638.432 634.932 632.306 636.83
141.322334 679.691 684.907 708.142 718.708 706.879 698.891 681.959 716.664 704.593 696.842 688.485 683.499 717.979 702.824 693.976 688.456 683.991 678.425 678.63 678.609 678.193 676.448 689.694 696.246 689.429 678.264 674.764 672.138 676.662
145.596532 721.969 727.184 750.419 760.985 749.157 741.168 724.237 758.942 746.871 739.12 730.763 725.776 760.256 745.102 736.254 730.734 726.269 720.703 720.908 720.886 720.471 718.725 731.972 738.524 731.707 720.542 717.041 714.416 718.939
150.0 766.842 772.058 795.399 nan nan 786.06 769.111 nan 792.546 783.996 775.637 770.65 nan 790.678 781.128 775.608 771.142 765.577 765.782 765.76 765.345 763.599 776.846 783.398 776.581 765.416 761.915 759.289 763.813
