web/models/kne.last_good/kappa_1_10/37/villar_0.0010_0.2023_1.0000.dat
# %ECSV 1.0
# ---
# datatype:
# - {name: time, datatype: float64}
# - {name: swift_uvot_uvw2, datatype: float64}
# - {name: swift_uvot_uvm2, datatype: float64}
# - {name: swift_uvot_uvw1, datatype: float64}
# - {name: swift_uvot_U, datatype: float64}
# - {name: swift_uvot_B, datatype: float64}
# - {name: swift_uvot_V, datatype: float64}
# - {name: swift_uvot_W, datatype: float64}
# - {name: johnson_U, datatype: float64}
# - {name: johnson_B, datatype: float64}
# - {name: johnson_V, datatype: float64}
# - {name: johnson_R, datatype: float64}
# - {name: johnson_I, datatype: float64}
# - {name: sdss_u, datatype: float64}
# - {name: sdss_g, datatype: float64}
# - {name: sdss_r, datatype: float64}
# - {name: sdss_i, datatype: float64}
# - {name: sdss_z, datatype: float64}
# - {name: PS1_g, datatype: float64}
# - {name: PS1_r, datatype: float64}
# - {name: PS1_i, datatype: float64}
# - {name: PS1_z, datatype: float64}
# - {name: PS1_Y, datatype: float64}
# - {name: PS1_w, datatype: float64}
# - {name: ATLAS_c, datatype: float64}
# - {name: ATLAS_o, datatype: float64}
# - {name: ukirt_J, datatype: float64}
# - {name: ukirt_H, datatype: float64}
# - {name: ukirt_K, datatype: float64}
# - {name: Clear, datatype: float64}
# meta: !!omap
# - comment: [kappa = 1.0, type = villar, mass = 0.001, velocity = 0.20233333333333337, theta_obs = 0.0]
# schema: astropy-2.0
time swift_uvot_uvw2 swift_uvot_uvm2 swift_uvot_uvw1 swift_uvot_U swift_uvot_B swift_uvot_V swift_uvot_W johnson_U johnson_B johnson_V johnson_R johnson_I sdss_u sdss_g sdss_r sdss_i sdss_z PS1_g PS1_r PS1_i PS1_z PS1_Y PS1_w ATLAS_c ATLAS_o ukirt_J ukirt_H ukirt_K Clear
[from data line 219]
0.682197 -4.862 0.331 -0.857 -2.58 -5.339 -7.321 -5.418 -3.072 -5.468 -7.438 -9.003 -10.066 -2.852 -6.18 -8.287 -9.398 -10.158 -7.059 -8.435 -9.469 -10.078 -10.518 -8.601 -7.379 -8.914 -11.054 -11.365 -11.419 -8.991
0.70283 -4.718 0.488 -0.221 -1.82 -4.74 -6.841 -4.986 -2.339 -4.885 -6.971 -8.653 -9.795 -2.102 -5.638 -7.874 -9.067 -9.89 -6.712 -8.057 -9.147 -9.803 -10.284 -8.241 -6.925 -8.557 -10.878 -11.242 -11.338 -8.723
0.724086 -4.561 0.651 0.466 -0.984 -4.08 -6.309 -4.523 -1.533 -4.244 -6.454 -8.265 -9.493 -1.275 -5.039 -7.417 -8.698 -9.591 -6.369 -7.646 -8.792 -9.497 -10.024 -7.843 -6.425 -8.162 -10.68 -11.103 -11.246 -8.439
0.745986 -4.389 0.825 1.211 -0.061 -3.35 -5.719 -4.032 -0.643 -3.537 -5.883 -7.835 -9.157 -0.362 -4.378 -6.91 -8.287 -9.257 -6.036 -7.202 -8.398 -9.156 -9.734 -7.403 -5.872 -7.724 -10.456 -10.945 -11.14 -8.14
0.768548 -4.201 1.014 2.021 0.959 -2.542 -5.064 -3.514 0.342 -2.756 -5.248 -7.357 -8.781 0.647 -3.645 -6.345 -7.829 -8.883 -5.718 -6.729 -7.963 -8.777 -9.412 -6.916 -5.261 -7.237 -10.204 -10.765 -11.018 -7.827
0.791792 -3.994 1.221 2.906 2.089 -1.646 -4.334 -2.977 1.433 -1.891 -4.544 -6.827 -8.362 1.767 -2.832 -5.716 -7.317 -8.464 -5.414 -6.231 -7.484 -8.354 -9.056 -6.374 -4.582 -6.695 -9.92 -10.56 -10.878 -7.502
0.815739 -3.767 1.448 3.876 3.344 -0.648 -3.52 -2.434 2.646 -0.931 -3.759 -6.236 -7.893 3.011 -1.927 -5.014 -6.744 -7.994 -5.12 -5.719 -6.957 -7.884 -8.661 -5.772 -3.828 -6.092 -9.598 -10.328 -10.717 -7.165
0.840411 -3.516 1.699 4.942 4.743 0.464 -2.609 -1.899 3.998 0.136 -2.883 -5.576 -7.367 4.398 -0.917 -4.227 -6.101 -7.466 -4.828 -5.206 -6.383 -7.362 -8.226 -5.1 -2.987 -5.418 -9.234 -10.063 -10.534 -6.818
0.865828 -3.239 1.976 6.119 6.306 1.707 -1.588 -1.387 5.509 1.326 -1.904 -4.839 -6.778 5.948 0.212 -3.345 -5.378 -6.87 -4.527 -4.707 -5.764 -6.784 -7.749 -4.349 -2.047 -4.664 -8.821 -9.762 -10.323 -6.46
0.892015 -2.932 2.284 7.422 8.058 3.102 -0.439 -0.905 7.203 2.656 -0.807 -4.013 -6.114 7.685 1.478 -2.352 -4.562 -6.198 -4.207 -4.23 -5.111 -6.15 -7.23 -3.507 -0.993 -3.818 -8.351 -9.418 -10.082 -6.089
0.918993 -2.59 2.626 8.87 10.028 4.671 0.857 -0.448 9.108 4.146 0.427 -3.085 -5.367 9.64 2.903 -1.232 -3.64 -5.438 -3.859 -3.775 -4.44 -5.462 -6.672 -2.559 0.191 -2.866 -7.817 -9.025 -9.804 -5.699
0.946787 -2.208 3.008 10.486 12.251 6.441 2.322 0.001 11.257 5.823 1.817 -2.04 -4.523 11.845 4.511 0.036 -2.595 -4.575 -3.474 -3.326 -3.773 -4.729 -6.078 -1.49 1.528 -1.791 -7.206 -8.575 -9.484 -5.283
0.975422 -1.779 3.436 12.297 14.769 8.447 3.987 0.464 13.692 7.714 3.388 -0.86 -3.567 14.343 6.334 1.475 -1.407 -3.593 -3.045 -2.864 -3.129 -3.971 -5.458 -0.278 3.042 -0.575 -6.508 -8.057 -9.115 -4.834
1.004923 -1.297 3.919 14.337 17.633 10.727 5.883 0.962 16.46 9.856 5.168 0.476 -2.483 17.182 8.406 3.116 -0.05 -2.473 -2.563 -2.366 -2.508 -3.212 -4.815 1.099 4.763 0.809 -5.705 -7.462 -8.688 -4.339
1.035317 -0.752 4.464 16.648 20.904 13.33 8.052 1.514 19.62 12.292 7.192 1.995 -1.249 20.423 10.773 4.992 1.503 -1.191 -2.017 -1.815 -1.887 -2.466 -4.15 2.671 6.728 2.387 -4.781 -6.774 -8.193 -3.787
1.066629 -0.132 5.084 19.28 24.657 16.316 10.542 2.136 23.242 15.073 9.502 3.725 0.16 24.139 13.488 7.147 3.288 0.281 -1.398 -1.194 -1.233 -1.724 -3.452 4.475 8.982 4.196 -3.712 -5.977 -7.616 -3.164
1.098888 0.576 5.792 22.298 28.983 19.756 13.415 2.844 27.414 18.263 12.145 5.706 1.774 28.418 16.616 9.632 5.349 1.977 -0.69 -0.485 -0.512 -0.956 -2.699 6.552 11.58 6.278 -2.471 -5.05 -6.942 -2.454
1.132124 1.389 6.605 25.779 33.994 23.738 16.744 3.658 32.242 21.942 15.184 7.981 3.629 33.37 20.237 12.512 7.739 3.939 0.124 0.328 0.306 -0.118 -1.864 8.957 14.588 8.688 -1.025 -3.969 -6.153 -1.64
1.166364 2.329 7.545 29.822 39.832 28.375 20.621 4.597 37.859 26.207 18.692 10.607 5.769 39.129 24.45 15.867 10.523 6.216 1.063 1.268 1.247 0.83 -0.916 11.757 18.091 11.491 0.667 -2.702 -5.224 -0.7
1.20164 2.919 8.135 31.37 41.936 30.107 22.119 5.188 39.893 27.821 20.07 11.714 6.727 41.207 26.052 17.204 11.685 7.219 1.654 1.858 1.837 1.422 -0.324 12.923 19.474 12.657 1.493 -2.008 -4.634 -0.11
1.237983 3.359 8.575 31.81 42.376 30.547 22.559 5.628 40.333 28.262 20.51 12.154 7.167 41.647 26.492 17.645 12.125 7.659 2.094 2.299 2.277 1.862 0.116 13.363 19.914 13.098 1.933 -1.568 -4.194 0.33
1.275425 3.827 9.042 32.277 42.843 31.015 23.026 6.095 40.8 28.729 20.978 12.621 7.634 42.114 26.96 18.112 12.592 8.126 2.561 2.766 2.744 2.329 0.583 13.83 20.382 13.565 2.4 -1.101 -3.727 0.797
1.313999 4.323 9.538 32.773 43.339 31.511 23.522 6.591 41.296 29.225 21.474 13.117 8.13 42.61 27.456 18.608 13.088 8.622 3.057 3.262 3.24 2.825 1.079 14.326 20.877 14.061 2.896 -0.605 -3.231 1.293
1.35374 4.849 10.065 33.299 43.866 32.037 24.049 7.117 41.822 29.751 22.0 13.643 8.656 43.136 27.982 19.134 13.614 9.149 3.583 3.788 3.767 3.351 1.605 14.852 21.404 14.587 3.422 -0.078 -2.704 1.819
1.394683 5.408 10.623 33.858 44.424 32.596 24.607 7.676 42.381 30.31 22.559 14.202 9.215 43.695 28.541 19.693 14.173 9.707 4.142 4.347 4.325 3.91 2.164 15.411 21.963 15.146 3.981 0.48 -2.145 2.378
1.436864 6.001 11.216 34.451 45.017 33.189 25.2 8.269 42.974 30.903 23.152 14.795 9.808 44.288 29.134 20.286 14.766 10.3 4.735 4.94 4.918 4.503 2.757 16.004 22.556 15.739 4.574 1.073 -1.552 2.971
1.480321 6.63 11.846 35.081 45.647 33.818 25.83 8.899 43.604 31.532 23.781 15.425 10.438 44.918 29.763 20.915 15.396 10.93 5.365 5.569 5.548 5.132 3.387 16.634 23.185 16.368 5.203 1.703 -0.923 3.601
1.525092 7.298 12.514 35.749 46.315 34.486 26.498 9.567 44.272 32.2 24.449 16.093 11.106 45.586 30.431 21.583 16.064 11.598 6.033 6.237 6.216 5.801 4.055 17.302 23.853 17.036 5.872 2.371 -0.255 4.269
1.571218 8.007 13.223 36.458 47.024 35.195 27.207 10.276 44.981 32.91 25.158 16.802 11.815 46.295 31.14 22.293 16.773 12.307 6.742 6.946 6.925 6.51 4.764 18.011 24.562 17.745 6.581 3.08 0.454 4.978
1.618738 8.76 13.976 37.21 47.777 35.948 27.96 11.028 45.733 33.662 25.911 17.554 12.567 47.047 31.893 23.045 17.525 13.06 7.494 7.699 7.678 7.262 5.516 18.763 25.315 18.498 7.333 3.833 1.207 5.73
1.667696 9.559 14.774 38.009 48.575 36.747 28.759 11.827 46.532 34.461 26.71 18.353 13.366 47.846 32.692 23.844 18.324 13.859 8.293 8.498 8.476 8.061 6.315 19.562 26.114 19.297 8.132 4.632 2.006 6.529
1.718134 10.407 15.622 38.857 49.423 37.595 29.606 12.675 47.38 35.309 27.558 19.201 14.214 48.694 33.54 24.692 19.172 14.707 9.141 9.346 9.324 8.909 7.163 20.41 26.962 20.145 8.98 5.479 2.854 7.377
1.770098 11.307 16.522 39.757 50.323 38.495 30.506 13.575 48.28 36.209 28.458 20.101 15.114 49.594 34.44 25.592 20.072 15.607 10.041 10.246 10.224 9.809 8.063 21.31 27.862 21.045 9.88 6.379 3.754 8.277
1.823633 12.262 17.478 40.712 51.279 39.45 31.462 14.53 49.235 37.164 29.413 21.056 16.069 50.549 35.395 26.547 21.027 16.562 10.996 11.201 11.18 10.764 9.018 22.265 28.817 22.0 10.835 7.335 4.709 9.232
1.878788 13.276 18.491 41.726 52.292 40.464 32.476 15.544 50.249 38.178 30.427 22.07 17.083 51.563 36.409 27.561 22.041 17.576 12.01 12.215 12.193 11.778 10.032 23.279 29.831 23.014 11.849 8.349 5.723 10.246
1.93561 14.352 19.568 42.803 53.369 41.54 33.552 16.62 51.325 39.254 31.503 23.146 18.159 52.639 37.485 28.637 23.117 18.652 13.086 13.291 13.27 12.854 11.108 24.355 30.907 24.09 12.925 9.425 6.799 11.323
1.994152 15.494 20.71 43.945 54.511 42.682 34.694 17.763 52.468 40.397 32.645 24.289 19.302 53.782 38.627 29.779 24.26 19.794 14.229 14.433 14.412 13.997 12.251 25.498 32.049 25.232 14.068 10.567 7.941 12.465
2.054463 16.707 21.922 45.157 55.723 43.895 35.906 18.975 53.68 41.609 33.858 25.501 20.514 54.994 39.84 30.992 25.472 21.006 15.441 15.646 15.624 15.209 13.463 26.71 33.261 26.445 15.28 11.779 9.153 13.677
2.116599 17.993 23.209 46.444 57.01 45.181 37.193 20.262 54.967 42.896 35.144 26.788 21.801 56.281 41.126 32.279 26.759 22.293 16.728 16.933 16.911 16.496 14.75 27.997 34.548 27.732 16.567 13.066 10.44 14.964
2.180614 19.359 24.575 47.81 58.376 46.547 38.559 21.628 56.333 44.262 36.51 28.154 23.167 57.647 42.492 33.644 28.125 23.659 18.094 18.298 18.277 17.862 16.116 29.363 35.914 29.097 17.933 14.432 11.806 16.33
2.246566 20.809 26.025 49.259 59.826 47.997 40.009 23.077 57.782 45.711 37.96 29.603 24.616 59.096 43.942 35.094 29.574 25.109 19.543 19.748 19.727 19.311 17.565 30.812 37.364 30.547 19.382 15.882 13.256 17.779
2.314511 22.348 27.563 50.798 61.364 49.536 41.547 24.616 59.321 47.25 39.499 31.142 26.155 60.635 45.481 36.633 31.113 26.647 21.082 21.287 21.265 20.85 19.104 32.351 38.903 32.086 20.921 17.42 14.795 19.318
2.384512 23.981 29.196 52.431 62.997 51.169 43.181 26.249 60.954 48.883 41.132 32.775 27.788 62.268 47.114 38.266 32.746 28.281 22.715 22.92 22.898 22.483 20.737 33.984 40.536 33.719 22.554 19.054 16.428 20.951
2.45663 25.714 30.93 54.165 64.731 52.902 44.914 27.983 62.688 50.617 42.865 34.509 29.522 64.002 48.847 40.0 34.48 30.014 24.449 24.653 24.632 24.217 22.471 35.718 42.269 35.452 24.288 20.787 18.161 22.685
2.530929 27.554 32.77 56.005 66.571 54.742 46.754 29.823 64.528 52.457 44.705 36.349 31.362 65.842 50.687 41.839 36.32 31.854 26.289 26.493 26.472 26.057 24.311 37.558 44.109 37.292 26.128 22.627 20.001 24.525
2.607475 29.507 34.723 57.958 68.524 56.695 48.707 31.776 66.481 54.409 46.658 38.302 33.315 67.795 52.64 43.792 38.273 33.807 28.242 28.446 28.425 28.009 26.264 39.511 46.062 39.245 28.08 24.58 21.954 26.478
2.686337 31.58 36.796 60.03 70.597 58.768 50.78 33.848 68.553 56.482 48.731 40.374 35.387 69.867 54.713 45.865 40.345 35.88 30.314 30.519 30.498 30.082 28.336 41.583 48.135 41.318 30.153 26.653 24.027 28.55
2.767583 33.78 38.996 62.231 72.797 60.968 52.98 36.048 70.753 58.682 50.931 42.574 37.588 72.067 56.913 48.065 42.545 38.08 32.514 32.719 32.698 32.282 30.536 43.783 50.335 43.518 32.353 28.853 26.227 30.751
2.851287 36.115 41.331 64.566 75.132 63.303 55.315 38.384 73.089 61.017 53.266 44.91 39.923 74.403 59.248 50.4 44.881 40.415 34.85 35.054 35.033 34.618 32.872 46.119 52.67 45.853 34.689 31.188 28.562 33.086
2.937522 38.594 43.809 67.044 77.61 65.782 57.793 40.862 75.567 63.496 55.745 47.388 42.401 76.881 61.727 52.879 47.359 42.894 37.328 37.533 37.511 37.096 35.35 48.597 55.149 48.332 37.167 33.666 31.041 35.564
3.026365 41.225 46.44 69.675 80.241 68.413 60.424 43.493 78.198 66.127 58.375 50.019 45.032 79.512 64.358 55.51 49.99 45.524 39.959 40.164 40.142 39.727 37.981 51.228 57.779 50.963 39.798 36.297 33.671 38.195
3.117896 44.017 49.232 72.467 83.033 71.205 63.217 46.285 80.99 68.919 61.168 52.811 47.824 82.304 67.15 58.302 52.782 48.317 42.751 42.956 42.934 42.519 40.773 54.02 60.572 53.755 42.59 39.089 36.464 40.987
3.212194 46.981 52.196 75.431 85.997 74.169 66.18 49.249 83.954 71.883 64.132 55.775 50.788 85.268 70.114 61.266 55.746 51.28 45.715 45.92 45.898 45.483 43.737 56.984 63.535 56.719 45.554 42.053 39.427 43.951
3.309345 50.126 55.342 78.577 89.143 77.314 69.326 52.395 87.1 75.029 67.277 58.921 53.934 88.414 73.259 64.411 58.892 54.426 48.861 49.065 49.044 48.629 46.883 60.13 66.681 59.864 48.7 45.199 42.573 47.097
3.409434 53.465 58.681 81.916 92.482 80.653 72.665 55.734 90.439 78.367 70.616 62.26 57.273 91.753 76.598 67.75 62.231 57.765 52.2 52.404 52.383 51.968 50.222 63.469 70.02 63.203 52.039 48.538 45.912 50.436
3.51255 57.009 62.225 85.46 96.026 84.197 76.209 59.277 93.983 81.911 74.16 65.804 60.817 95.297 80.142 71.294 65.775 61.309 55.743 55.948 55.927 55.511 53.766 67.013 73.564 66.747 55.582 52.082 49.456 53.98
3.618785 60.771 65.986 89.221 99.787 87.959 79.97 63.039 97.744 85.673 77.922 69.565 64.578 99.058 83.904 75.056 69.536 65.07 59.505 59.71 59.688 59.273 57.527 70.774 77.326 70.509 59.344 55.843 53.217 57.741
3.728232 64.763 69.979 93.214 103.78 91.951 83.963 67.032 101.737 89.665 81.914 73.558 68.571 103.051 87.896 79.048 73.529 69.063 63.498 63.702 63.681 63.265 61.52 74.767 81.318 74.501 63.336 59.836 57.21 61.734
3.84099 69.001 74.216 97.451 108.017 96.189 88.2 71.269 105.974 93.903 86.152 77.795 72.808 107.288 92.134 83.286 77.766 73.301 67.735 67.94 67.918 67.503 65.757 79.004 85.556 78.739 67.574 64.073 61.448 65.971
3.957158 73.499 78.714 101.949 112.515 100.687 92.698 75.767 110.472 98.401 90.65 82.293 77.306 111.786 96.632 87.784 82.264 77.798 72.233 72.438 72.416 72.001 70.255 83.502 90.054 83.237 72.072 68.571 65.945 70.469
4.07684 78.273 83.488 106.723 117.289 105.461 97.472 80.541 115.246 103.175 95.424 87.067 82.08 116.56 101.406 92.558 87.038 82.572 77.007 77.212 77.19 76.775 75.029 88.276 94.828 88.011 76.846 73.345 70.72 75.243
4.200141 83.34 88.555 111.79 122.356 110.528 102.54 85.608 120.313 108.242 100.491 92.134 87.147 121.627 106.473 97.625 92.105 87.64 82.074 82.279 82.257 81.842 80.096 93.343 99.895 93.078 81.913 78.413 75.787 80.31
4.327172 88.718 93.934 117.169 127.735 115.906 107.918 90.987 125.692 113.62 105.869 97.513 92.526 127.006 111.851 103.003 97.484 93.018 87.453 87.657 87.636 87.22 85.475 98.722 105.273 98.456 87.291 83.791 81.165 85.689
4.458044 94.427 99.642 122.877 133.443 121.615 113.626 96.695 131.4 119.329 111.578 103.221 98.234 132.714 117.56 108.712 103.192 98.727 93.161 93.366 93.344 92.929 91.183 104.43 110.982 104.165 93.0 89.499 86.874 91.397
4.592874 100.486 105.701 128.936 139.502 127.674 119.685 102.754 137.459 125.388 117.637 109.28 104.293 138.773 123.619 114.771 109.251 104.786 99.22 99.425 99.403 98.988 97.242 110.489 117.041 110.224 99.059 95.558 92.933 97.456
4.731783 106.917 112.133 135.367 145.934 134.105 126.117 109.185 143.89 131.819 124.068 115.711 110.724 145.204 130.05 121.202 115.682 111.217 105.651 105.856 105.835 105.419 103.673 116.92 123.472 116.655 105.49 101.99 99.364 103.887
4.874892 113.743 118.959 142.193 152.76 140.931 132.943 116.011 150.716 138.645 130.894 122.537 117.55 152.03 136.876 128.028 122.508 118.043 112.477 112.682 112.661 112.245 110.499 123.746 130.298 123.481 112.316 108.816 106.19 110.713
5.02233 120.988 126.204 149.439 160.005 148.176 140.188 123.257 157.962 145.89 138.139 129.783 124.796 159.276 144.121 135.273 129.754 125.288 119.723 119.927 119.906 119.49 117.745 130.992 137.543 130.726 119.561 116.061 113.435 117.959
5.174227 128.678 133.894 157.129 167.695 155.866 147.878 130.947 165.652 153.58 145.829 137.473 132.486 166.966 151.811 142.963 137.444 132.978 127.413 127.617 127.596 127.181 125.435 138.682 145.233 138.416 127.252 123.751 121.125 125.649
5.330718 136.84 142.056 165.291 175.857 164.028 156.04 139.109 173.814 161.743 153.991 145.635 140.648 175.128 159.973 151.126 145.606 141.14 135.575 135.78 135.758 135.343 133.597 146.844 153.395 146.579 135.414 131.913 129.287 133.811
5.491942 145.504 150.719 173.954 184.52 172.692 164.704 147.772 182.477 170.406 162.655 154.298 149.311 183.791 168.637 159.789 154.269 149.804 144.238 144.443 144.421 144.006 142.26 155.507 162.059 155.242 144.077 140.577 137.951 142.474
5.658042 154.699 159.915 183.15 193.716 181.887 173.899 156.968 191.673 179.602 171.85 163.494 158.507 192.987 177.832 168.984 163.465 158.999 153.434 153.638 153.617 153.202 151.456 164.703 171.254 164.437 153.273 149.772 147.146 151.67
5.829166 164.459 169.675 192.91 203.476 191.647 183.659 166.728 201.433 189.362 181.61 173.254 168.267 202.747 187.592 178.744 173.225 168.759 163.194 163.398 163.377 162.962 161.216 174.463 181.014 174.197 163.033 159.532 156.906 161.43
6.005465 174.819 180.034 203.269 213.835 202.007 194.018 177.087 211.792 199.721 191.97 183.613 178.626 213.106 197.952 189.104 183.584 179.118 173.553 173.758 173.736 173.321 171.575 184.822 191.373 184.557 173.392 169.891 167.265 171.789
6.187096 185.814 191.03 214.265 224.831 213.002 205.014 188.082 222.787 210.716 202.965 194.608 189.622 224.101 208.947 200.099 194.579 190.114 184.548 184.753 184.732 184.316 182.57 195.817 202.369 195.552 184.387 180.887 178.261 182.785
