web/models/kne.last_good/kappa_1_10/19/villar_0.0035_0.2023_10.0000.dat
# %ECSV 1.0
# ---
# datatype:
# - {name: time, datatype: float64}
# - {name: swift_uvot_uvw2, datatype: float64}
# - {name: swift_uvot_uvm2, datatype: float64}
# - {name: swift_uvot_uvw1, datatype: float64}
# - {name: swift_uvot_U, datatype: float64}
# - {name: swift_uvot_B, datatype: float64}
# - {name: swift_uvot_V, datatype: float64}
# - {name: swift_uvot_W, datatype: float64}
# - {name: johnson_U, datatype: float64}
# - {name: johnson_B, datatype: float64}
# - {name: johnson_V, datatype: float64}
# - {name: johnson_R, datatype: float64}
# - {name: johnson_I, datatype: float64}
# - {name: sdss_u, datatype: float64}
# - {name: sdss_g, datatype: float64}
# - {name: sdss_r, datatype: float64}
# - {name: sdss_i, datatype: float64}
# - {name: sdss_z, datatype: float64}
# - {name: PS1_g, datatype: float64}
# - {name: PS1_r, datatype: float64}
# - {name: PS1_i, datatype: float64}
# - {name: PS1_z, datatype: float64}
# - {name: PS1_Y, datatype: float64}
# - {name: PS1_w, datatype: float64}
# - {name: ATLAS_c, datatype: float64}
# - {name: ATLAS_o, datatype: float64}
# - {name: ukirt_J, datatype: float64}
# - {name: ukirt_H, datatype: float64}
# - {name: ukirt_K, datatype: float64}
# - {name: Clear, datatype: float64}
# meta: !!omap
# - comment: [kappa = 10.0, type = villar, mass = 0.003465724215782086, velocity = 0.20233333333333337, theta_obs = 0.0]
# schema: astropy-2.0
time swift_uvot_uvw2 swift_uvot_uvm2 swift_uvot_uvw1 swift_uvot_U swift_uvot_B swift_uvot_V swift_uvot_W johnson_U johnson_B johnson_V johnson_R johnson_I sdss_u sdss_g sdss_r sdss_i sdss_z PS1_g PS1_r PS1_i PS1_z PS1_Y PS1_w ATLAS_c ATLAS_o ukirt_J ukirt_H ukirt_K Clear
[from data line 220]
0.70283 -7.05 -5.045 -7.208 -9.203 -10.679 -11.694 -9.853 -9.473 -10.713 -11.729 -12.402 -12.823 -9.382 -11.085 -12.13 -12.599 -12.867 -11.286 -12.16 -12.624 -12.85 -12.999 -12.133 -11.621 -12.365 -13.05 -12.964 -12.702 -12.126
0.724086 -7.049 -4.917 -7.124 -9.131 -10.633 -11.669 -9.818 -9.405 -10.669 -11.705 -12.396 -12.831 -9.312 -11.049 -12.116 -12.599 -12.876 -11.255 -12.147 -12.624 -12.858 -13.013 -12.123 -11.597 -12.358 -13.074 -12.995 -12.739 -12.12
0.745986 -7.048 -4.786 -7.037 -9.055 -10.586 -11.642 -9.782 -9.334 -10.623 -11.68 -12.389 -12.837 -9.24 -11.01 -12.1 -12.597 -12.884 -11.222 -12.132 -12.622 -12.865 -13.025 -12.112 -11.572 -12.35 -13.097 -13.025 -12.776 -12.112
0.768548 -7.049 -4.653 -6.949 -8.977 -10.536 -11.614 -9.744 -9.261 -10.574 -11.653 -12.38 -12.843 -9.164 -10.969 -12.083 -12.593 -12.891 -11.187 -12.116 -12.619 -12.87 -13.036 -12.099 -11.544 -12.34 -13.118 -13.055 -12.812 -12.103
0.791792 -7.05 -4.518 -6.858 -8.896 -10.483 -11.583 -9.704 -9.185 -10.523 -11.624 -12.37 -12.847 -9.085 -10.926 -12.064 -12.588 -12.897 -11.151 -12.098 -12.615 -12.875 -13.046 -12.085 -11.515 -12.329 -13.14 -13.085 -12.848 -12.093
0.815739 -7.051 -4.38 -6.765 -8.812 -10.429 -11.551 -9.663 -9.106 -10.47 -11.593 -12.359 -12.85 -9.004 -10.881 -12.043 -12.582 -12.901 -11.113 -12.079 -12.61 -12.878 -13.056 -12.069 -11.484 -12.316 -13.16 -13.114 -12.884 -12.082
0.840411 -7.053 -4.24 -6.67 -8.725 -10.371 -11.516 -9.619 -9.024 -10.414 -11.56 -12.346 -12.852 -8.919 -10.833 -12.021 -12.574 -12.904 -11.073 -12.058 -12.602 -12.879 -13.064 -12.052 -11.451 -12.302 -13.179 -13.142 -12.919 -12.069
0.865828 -7.059 -4.199 -6.643 -8.701 -10.357 -11.509 -9.61 -9.002 -10.4 -11.553 -12.346 -12.857 -8.896 -10.822 -12.018 -12.576 -12.91 -11.064 -12.055 -12.605 -12.885 -13.071 -12.051 -11.444 -12.302 -13.19 -13.155 -12.935 -12.07
0.892015 -7.065 -4.206 -6.65 -8.707 -10.363 -11.516 -9.616 -9.009 -10.407 -11.56 -12.353 -12.864 -8.902 -10.828 -12.025 -12.583 -12.917 -11.071 -12.062 -12.611 -12.891 -13.078 -12.057 -11.451 -12.308 -13.197 -13.162 -12.941 -12.077
0.918993 -7.072 -4.212 -6.656 -8.713 -10.369 -11.522 -9.622 -9.015 -10.413 -11.566 -12.359 -12.87 -8.909 -10.835 -12.031 -12.589 -12.923 -11.077 -12.068 -12.618 -12.897 -13.084 -12.063 -11.457 -12.315 -13.203 -13.168 -12.948 -12.083
0.946787 -7.077 -4.217 -6.662 -8.719 -10.375 -11.528 -9.628 -9.02 -10.419 -11.572 -12.364 -12.876 -8.914 -10.84 -12.036 -12.594 -12.928 -11.082 -12.074 -12.623 -12.903 -13.089 -12.069 -11.463 -12.32 -13.208 -13.174 -12.953 -12.088
0.975422 -7.082 -4.222 -6.667 -8.724 -10.38 -11.533 -9.633 -9.025 -10.424 -11.576 -12.369 -12.881 -8.919 -10.845 -12.041 -12.599 -12.933 -11.087 -12.079 -12.628 -12.908 -13.094 -12.074 -11.468 -12.325 -13.213 -13.179 -12.958 -12.093
1.004923 -7.086 -4.226 -6.671 -8.728 -10.384 -11.537 -9.637 -9.029 -10.428 -11.581 -12.373 -12.885 -8.923 -10.849 -12.045 -12.604 -12.938 -11.091 -12.083 -12.632 -12.912 -13.098 -12.078 -11.472 -12.329 -13.218 -13.183 -12.962 -12.097
1.035317 -7.09 -4.23 -6.674 -8.732 -10.388 -11.54 -9.641 -9.033 -10.432 -11.584 -12.377 -12.889 -8.927 -10.853 -12.049 -12.607 -12.941 -11.095 -12.086 -12.636 -12.916 -13.102 -12.082 -11.476 -12.333 -13.221 -13.187 -12.966 -12.101
1.066629 -7.093 -4.233 -6.677 -8.735 -10.391 -11.543 -9.644 -9.036 -10.434 -11.587 -12.38 -12.891 -8.93 -10.856 -12.052 -12.61 -12.944 -11.098 -12.089 -12.639 -12.919 -13.105 -12.085 -11.478 -12.336 -13.224 -13.189 -12.969 -12.104
1.098888 -7.095 -4.235 -6.679 -8.737 -10.393 -11.545 -9.646 -9.038 -10.436 -11.589 -12.382 -12.893 -8.932 -10.858 -12.054 -12.612 -12.946 -11.1 -12.091 -12.641 -12.921 -13.107 -12.087 -11.48 -12.338 -13.226 -13.191 -12.971 -12.106
1.132124 -7.096 -4.236 -6.681 -8.738 -10.394 -11.547 -9.647 -9.039 -10.438 -11.591 -12.383 -12.895 -8.933 -10.859 -12.055 -12.613 -12.947 -11.101 -12.093 -12.642 -12.922 -13.108 -12.088 -11.482 -12.339 -13.227 -13.193 -12.972 -12.107
1.166364 -7.097 -4.237 -6.681 -8.738 -10.394 -11.547 -9.647 -9.04 -10.438 -11.591 -12.384 -12.895 -8.933 -10.86 -12.056 -12.614 -12.948 -11.102 -12.093 -12.642 -12.922 -13.109 -12.088 -11.482 -12.34 -13.228 -13.193 -12.973 -12.108
1.20164 -7.096 -4.236 -6.681 -8.738 -10.394 -11.547 -9.647 -9.039 -10.438 -11.591 -12.383 -12.895 -8.933 -10.859 -12.055 -12.613 -12.948 -11.101 -12.093 -12.642 -12.922 -13.108 -12.088 -11.482 -12.339 -13.227 -13.193 -12.972 -12.107
1.237983 -7.095 -4.235 -6.679 -8.737 -10.393 -11.545 -9.646 -9.038 -10.436 -11.589 -12.382 -12.893 -8.932 -10.858 -12.054 -12.612 -12.946 -11.1 -12.091 -12.641 -12.921 -13.107 -12.087 -11.48 -12.338 -13.226 -13.191 -12.971 -12.106
1.275425 -7.093 -4.233 -6.677 -8.734 -10.39 -11.543 -9.643 -9.036 -10.434 -11.587 -12.38 -12.891 -8.929 -10.856 -12.052 -12.61 -12.944 -11.098 -12.089 -12.638 -12.918 -13.105 -12.084 -11.478 -12.335 -13.224 -13.189 -12.968 -12.104
1.313999 -7.089 -4.229 -6.674 -8.731 -10.387 -11.54 -9.64 -9.032 -10.431 -11.584 -12.376 -12.888 -8.926 -10.852 -12.048 -12.606 -12.941 -11.094 -12.086 -12.635 -12.915 -13.101 -12.081 -11.475 -12.332 -13.22 -13.186 -12.965 -12.1
1.35374 -7.085 -4.225 -6.669 -8.727 -10.383 -11.535 -9.636 -9.028 -10.426 -11.579 -12.372 -12.883 -8.922 -10.848 -12.044 -12.602 -12.936 -11.09 -12.081 -12.631 -12.911 -13.097 -12.077 -11.47 -12.328 -13.216 -13.181 -12.961 -12.096
1.394683 -7.079 -4.219 -6.664 -8.721 -10.377 -11.53 -9.63 -9.022 -10.421 -11.574 -12.366 -12.878 -8.916 -10.842 -12.038 -12.596 -12.931 -11.084 -12.076 -12.625 -12.905 -13.091 -12.071 -11.465 -12.322 -13.21 -13.176 -12.955 -12.09
1.436864 -7.073 -4.213 -6.657 -8.714 -10.37 -11.523 -9.623 -9.016 -10.414 -11.567 -12.36 -12.871 -8.909 -10.835 -12.032 -12.59 -12.924 -11.078 -12.069 -12.618 -12.898 -13.085 -12.064 -11.458 -12.315 -13.204 -13.169 -12.948 -12.084
1.480321 -7.065 -4.205 -6.649 -8.706 -10.362 -11.515 -9.615 -9.008 -10.406 -11.559 -12.352 -12.863 -8.901 -10.828 -12.024 -12.582 -12.916 -11.07 -12.061 -12.61 -12.89 -13.077 -12.056 -11.45 -12.307 -13.196 -13.161 -12.94 -12.076
1.525092 -7.055 -4.195 -6.64 -8.697 -10.353 -11.506 -9.606 -8.998 -10.397 -11.55 -12.342 -12.854 -8.892 -10.818 -12.014 -12.572 -12.907 -11.06 -12.052 -12.601 -12.881 -13.067 -12.047 -11.441 -12.298 -13.186 -13.152 -12.931 -12.066
1.571218 -7.044 -4.185 -6.629 -8.686 -10.342 -11.495 -9.595 -8.988 -10.386 -11.539 -12.332 -12.843 -8.881 -10.807 -12.004 -12.562 -12.896 -11.05 -12.041 -12.59 -12.87 -13.057 -12.036 -11.43 -12.287 -13.176 -13.141 -12.92 -12.056
1.618738 -7.032 -4.172 -6.617 -8.674 -10.33 -11.483 -9.583 -8.975 -10.374 -11.527 -12.319 -12.831 -8.869 -10.795 -11.991 -12.55 -12.884 -11.037 -12.029 -12.578 -12.858 -13.044 -12.024 -11.418 -12.275 -13.163 -13.129 -12.908 -12.043
1.667696 -7.019 -4.159 -6.603 -8.66 -10.316 -11.469 -9.569 -8.962 -10.36 -11.513 -12.306 -12.817 -8.855 -10.782 -11.978 -12.536 -12.87 -11.024 -12.015 -12.564 -12.844 -13.031 -12.01 -11.404 -12.262 -13.15 -13.115 -12.894 -12.03
1.718134 -7.003 -4.143 -6.588 -8.645 -10.301 -11.454 -9.554 -8.946 -10.345 -11.498 -12.29 -12.802 -8.84 -10.766 -11.962 -12.52 -12.854 -11.008 -12.0 -12.549 -12.829 -13.015 -11.995 -11.389 -12.246 -13.134 -13.1 -12.879 -12.014
1.770098 -6.986 -4.126 -6.571 -8.628 -10.284 -11.437 -9.537 -8.929 -10.328 -11.48 -12.273 -12.785 -8.823 -10.749 -11.945 -12.503 -12.837 -10.991 -11.983 -12.532 -12.812 -12.998 -11.978 -11.372 -12.229 -13.117 -13.083 -12.862 -11.997
1.823633 -6.967 -4.107 -6.552 -8.609 -10.265 -11.418 -9.518 -8.91 -10.309 -11.461 -12.254 -12.766 -8.804 -10.73 -11.926 -12.484 -12.818 -10.972 -11.964 -12.513 -12.793 -12.979 -11.959 -11.353 -12.21 -13.098 -13.064 -12.843 -11.978
1.878788 -6.946 -4.086 -6.531 -8.588 -10.244 -11.397 -9.497 -8.889 -10.288 -11.441 -12.233 -12.745 -8.783 -10.709 -11.905 -12.463 -12.797 -10.951 -11.943 -12.492 -12.772 -12.958 -11.938 -11.332 -12.189 -13.077 -13.043 -12.822 -11.957
1.93561 -6.923 -4.063 -6.508 -8.565 -10.221 -11.374 -9.474 -8.866 -10.265 -11.418 -12.21 -12.722 -8.76 -10.686 -11.882 -12.44 -12.775 -10.928 -11.92 -12.469 -12.749 -12.935 -11.915 -11.309 -12.166 -13.054 -13.02 -12.799 -11.934
1.994152 -6.898 -4.038 -6.483 -8.54 -10.196 -11.349 -9.449 -8.841 -10.24 -11.392 -12.185 -12.697 -8.735 -10.661 -11.857 -12.415 -12.749 -10.903 -11.895 -12.444 -12.724 -12.91 -11.89 -11.284 -12.141 -13.029 -12.995 -12.774 -11.909
2.054463 -6.871 -4.011 -6.455 -8.512 -10.169 -11.321 -9.421 -8.814 -10.212 -11.365 -12.158 -12.669 -8.708 -10.634 -11.83 -12.388 -12.722 -10.876 -11.867 -12.417 -12.696 -12.883 -11.862 -11.256 -12.114 -13.002 -12.967 -12.747 -11.882
2.116599 -6.841 -3.981 -6.425 -8.483 -10.139 -11.291 -9.392 -8.784 -10.182 -11.335 -12.128 -12.64 -8.678 -10.604 -11.8 -12.358 -12.692 -10.846 -11.837 -12.387 -12.667 -12.853 -11.833 -11.226 -12.084 -12.972 -12.937 -12.717 -11.852
2.180614 -6.808 -3.948 -6.393 -8.45 -10.106 -11.259 -9.359 -8.752 -10.15 -11.303 -12.096 -12.607 -8.645 -10.571 -11.768 -12.326 -12.66 -10.814 -11.805 -12.354 -12.634 -12.821 -11.8 -11.194 -12.051 -12.94 -12.905 -12.684 -11.819
2.246566 -6.773 -3.913 -6.358 -8.415 -10.071 -11.224 -9.324 -8.716 -10.115 -11.268 -12.061 -12.572 -8.61 -10.536 -11.733 -12.291 -12.625 -10.778 -11.77 -12.319 -12.599 -12.786 -11.765 -11.159 -12.016 -12.905 -12.87 -12.649 -11.784
2.314511 -6.735 -3.876 -6.32 -8.377 -10.033 -11.186 -9.286 -8.679 -10.077 -11.23 -12.023 -12.534 -8.572 -10.498 -11.695 -12.253 -12.587 -10.741 -11.732 -12.281 -12.561 -12.748 -11.727 -11.121 -11.978 -12.867 -12.832 -12.611 -11.747
2.384512 -6.695 -3.835 -6.279 -8.336 -9.992 -11.145 -9.245 -8.638 -10.036 -11.189 -11.982 -12.493 -8.531 -10.458 -11.654 -12.212 -12.546 -10.7 -11.691 -12.24 -12.52 -12.707 -11.686 -11.08 -11.938 -12.826 -12.791 -12.571 -11.706
2.45663 -6.65 -3.791 -6.235 -8.292 -9.948 -11.101 -9.201 -8.594 -9.992 -11.145 -11.938 -12.449 -8.487 -10.413 -11.61 -12.168 -12.502 -10.656 -11.647 -12.196 -12.476 -12.663 -11.642 -11.036 -11.893 -12.782 -12.747 -12.526 -11.662
2.530929 -6.603 -3.743 -6.188 -8.245 -9.901 -11.054 -9.154 -8.546 -9.945 -11.097 -11.89 -12.402 -8.44 -10.366 -11.562 -12.12 -12.454 -10.608 -11.6 -12.149 -12.429 -12.615 -11.595 -10.989 -11.846 -12.734 -12.7 -12.479 -11.614
2.607475 -6.552 -3.692 -6.137 -8.194 -9.85 -11.003 -9.103 -8.495 -9.894 -11.046 -11.839 -12.351 -8.389 -10.315 -11.511 -12.069 -12.403 -10.557 -11.549 -12.098 -12.378 -12.564 -11.544 -10.938 -11.795 -12.683 -12.649 -12.428 -11.563
2.686337 -6.497 -3.637 -6.082 -8.139 -9.795 -10.948 -9.048 -8.44 -9.839 -10.992 -11.784 -12.296 -8.334 -10.26 -11.456 -12.015 -12.349 -10.502 -11.494 -12.043 -12.323 -12.509 -11.489 -10.883 -11.74 -12.628 -12.594 -12.373 -11.508
2.767583 -6.439 -3.579 -6.023 -8.08 -9.736 -10.889 -8.989 -8.382 -9.78 -10.933 -11.726 -12.237 -8.275 -10.202 -11.398 -11.956 -12.29 -10.444 -11.435 -11.985 -12.264 -12.451 -11.43 -10.824 -11.682 -12.57 -12.535 -12.315 -11.45
2.851287 -6.376 -3.516 -5.96 -8.018 -9.674 -10.826 -8.926 -8.319 -9.717 -10.87 -11.663 -12.174 -8.213 -10.139 -11.335 -11.893 -12.227 -10.381 -11.372 -11.922 -12.201 -12.388 -11.368 -10.761 -11.619 -12.507 -12.472 -12.252 -11.387
2.937522 -6.308 -3.448 -5.893 -7.95 -9.606 -10.759 -8.859 -8.251 -9.65 -10.803 -11.596 -12.107 -8.145 -10.071 -11.268 -11.826 -12.16 -10.313 -11.305 -11.854 -12.134 -12.321 -11.3 -10.694 -11.551 -12.44 -12.405 -12.184 -11.319
3.026365 -6.236 -3.376 -5.821 -7.878 -9.534 -10.687 -8.787 -8.179 -9.578 -10.731 -11.524 -12.035 -8.073 -9.999 -11.196 -11.754 -12.088 -10.241 -11.233 -11.782 -12.062 -12.249 -11.228 -10.622 -11.479 -12.368 -12.333 -12.112 -11.247
3.117896 -6.159 -3.3 -5.744 -7.801 -9.457 -10.61 -8.71 -8.103 -9.501 -10.654 -11.447 -11.958 -7.996 -9.922 -11.119 -11.677 -12.011 -10.165 -11.156 -11.705 -11.985 -12.172 -11.151 -10.545 -11.402 -12.291 -12.256 -12.035 -11.171
3.212194 -6.077 -3.217 -5.662 -7.719 -9.375 -10.528 -8.628 -8.02 -9.419 -10.572 -11.364 -11.876 -7.914 -9.84 -11.036 -11.595 -11.929 -10.082 -11.074 -11.623 -11.903 -12.089 -11.069 -10.463 -11.32 -12.209 -12.174 -11.953 -11.088
3.309345 -5.99 -3.13 -5.574 -7.631 -9.288 -10.44 -8.54 -7.933 -9.331 -10.484 -11.277 -11.788 -7.827 -9.753 -10.949 -11.507 -11.841 -9.995 -10.986 -11.536 -11.815 -12.002 -10.981 -10.375 -11.233 -12.121 -12.086 -11.866 -11.001
3.409434 -5.896 -3.036 -5.481 -7.538 -9.194 -10.347 -8.447 -7.839 -9.238 -10.391 -11.183 -11.695 -7.733 -9.659 -10.855 -11.413 -11.747 -9.901 -10.893 -11.442 -11.722 -11.908 -10.888 -10.282 -11.139 -12.027 -11.993 -11.772 -10.907
3.51255 -5.796 -2.936 -5.381 -7.438 -9.094 -10.247 -8.347 -7.74 -9.138 -10.291 -11.084 -11.595 -7.633 -9.559 -10.756 -11.314 -11.648 -9.802 -10.793 -11.342 -11.622 -11.809 -10.788 -10.182 -11.039 -11.928 -11.893 -11.672 -10.807
3.618785 -5.69 -2.83 -5.275 -7.332 -8.988 -10.141 -8.241 -7.633 -9.032 -10.185 -10.977 -11.489 -7.527 -9.453 -10.649 -11.207 -11.542 -9.695 -10.687 -11.236 -11.516 -11.702 -10.682 -10.076 -10.933 -11.821 -11.787 -11.566 -10.701
3.728232 -5.577 -2.717 -5.162 -7.219 -8.875 -10.028 -8.128 -7.52 -8.919 -10.072 -10.864 -11.376 -7.414 -9.34 -10.536 -11.094 -11.429 -9.582 -10.574 -11.123 -11.403 -11.589 -10.569 -9.963 -10.82 -11.708 -11.674 -11.453 -10.588
3.84099 -5.457 -2.597 -5.041 -7.099 -8.755 -9.907 -8.008 -7.4 -8.798 -9.951 -10.744 -11.255 -7.294 -9.22 -10.416 -10.974 -11.308 -9.462 -10.453 -11.003 -11.283 -11.469 -10.449 -9.842 -10.7 -11.588 -11.553 -11.333 -10.468
3.957158 -5.329 -2.469 -4.913 -6.97 -8.627 -9.779 -7.879 -7.272 -8.67 -9.823 -10.616 -11.127 -7.166 -9.092 -10.288 -10.846 -11.18 -9.334 -10.325 -10.875 -11.154 -11.341 -10.32 -9.714 -10.572 -11.46 -11.425 -11.205 -10.34
4.07684 -5.192 -2.332 -4.777 -6.834 -8.49 -9.643 -7.743 -7.135 -8.534 -9.687 -10.479 -10.991 -7.029 -8.955 -10.151 -10.71 -11.044 -9.197 -10.189 -10.738 -11.018 -11.205 -10.184 -9.578 -10.435 -11.324 -11.289 -11.068 -10.203
4.200141 -5.047 -2.187 -4.632 -6.689 -8.345 -9.498 -7.598 -6.991 -8.389 -9.542 -10.335 -10.846 -6.884 -8.81 -10.007 -10.565 -10.899 -9.053 -10.044 -10.593 -10.873 -11.06 -10.039 -9.433 -10.29 -11.179 -11.144 -10.923 -10.058
4.327172 -4.893 -2.033 -4.478 -6.535 -8.191 -9.344 -7.444 -6.836 -8.235 -9.388 -10.18 -10.692 -6.73 -8.656 -9.852 -10.411 -10.745 -8.898 -9.89 -10.439 -10.719 -10.906 -9.885 -9.279 -10.136 -11.025 -10.99 -10.769 -9.904
4.458044 -4.73 -1.87 -4.314 -6.371 -8.027 -9.18 -7.28 -6.673 -8.071 -9.224 -10.017 -10.528 -6.567 -8.493 -9.689 -10.247 -10.581 -8.735 -9.726 -10.276 -10.555 -10.742 -9.721 -9.115 -9.973 -10.861 -10.826 -10.606 -9.741
4.592874 -4.556 -1.696 -4.14 -6.197 -7.853 -9.006 -7.106 -6.499 -7.897 -9.05 -9.843 -10.354 -6.392 -8.319 -9.515 -10.073 -10.407 -8.561 -9.552 -10.101 -10.381 -10.568 -9.547 -8.941 -9.799 -10.687 -10.652 -10.432 -9.567
4.731783 -4.371 -1.511 -3.955 -6.013 -7.669 -8.821 -6.922 -6.314 -7.712 -8.865 -9.658 -10.169 -6.208 -8.134 -9.33 -9.888 -10.222 -8.376 -9.367 -9.917 -10.196 -10.383 -9.363 -8.756 -9.614 -10.502 -10.467 -10.247 -9.382
4.874892 -4.174 -1.314 -3.759 -5.816 -7.472 -8.625 -6.725 -6.117 -7.516 -8.669 -9.461 -9.973 -6.011 -7.937 -9.133 -9.692 -10.026 -8.179 -9.171 -9.72 -10.0 -10.187 -9.166 -8.56 -9.417 -10.306 -10.271 -10.05 -9.185
5.02233 -3.966 -1.106 -3.55 -5.608 -7.264 -8.416 -6.517 -5.909 -7.307 -8.46 -9.253 -9.764 -5.803 -7.729 -8.925 -9.483 -9.817 -7.971 -8.962 -9.512 -9.792 -9.978 -8.958 -8.351 -9.209 -10.097 -10.062 -9.842 -8.977
5.174227 -3.744 -0.884 -3.329 -5.386 -7.042 -8.195 -6.295 -5.687 -7.086 -8.239 -9.031 -9.543 -5.581 -7.507 -8.703 -9.261 -9.596 -7.749 -8.741 -9.29 -9.57 -9.756 -8.736 -8.13 -8.987 -9.875 -9.841 -9.62 -8.755
5.330718 -3.509 -0.649 -3.094 -5.151 -6.807 -7.96 -6.06 -5.452 -6.851 -8.003 -8.796 -9.308 -5.346 -7.272 -8.468 -9.026 -9.36 -7.514 -8.506 -9.055 -9.335 -9.521 -8.501 -7.895 -8.752 -9.64 -9.606 -9.385 -8.52
