web/models/kne.last_good/kappa_1_10/19/villar_0.0043_0.1397_1.0000.dat
# %ECSV 1.0
# ---
# datatype:
# - {name: time, datatype: float64}
# - {name: swift_uvot_uvw2, datatype: float64}
# - {name: swift_uvot_uvm2, datatype: float64}
# - {name: swift_uvot_uvw1, datatype: float64}
# - {name: swift_uvot_U, datatype: float64}
# - {name: swift_uvot_B, datatype: float64}
# - {name: swift_uvot_V, datatype: float64}
# - {name: swift_uvot_W, datatype: float64}
# - {name: johnson_U, datatype: float64}
# - {name: johnson_B, datatype: float64}
# - {name: johnson_V, datatype: float64}
# - {name: johnson_R, datatype: float64}
# - {name: johnson_I, datatype: float64}
# - {name: sdss_u, datatype: float64}
# - {name: sdss_g, datatype: float64}
# - {name: sdss_r, datatype: float64}
# - {name: sdss_i, datatype: float64}
# - {name: sdss_z, datatype: float64}
# - {name: PS1_g, datatype: float64}
# - {name: PS1_r, datatype: float64}
# - {name: PS1_i, datatype: float64}
# - {name: PS1_z, datatype: float64}
# - {name: PS1_Y, datatype: float64}
# - {name: PS1_w, datatype: float64}
# - {name: ATLAS_c, datatype: float64}
# - {name: ATLAS_o, datatype: float64}
# - {name: ukirt_J, datatype: float64}
# - {name: ukirt_H, datatype: float64}
# - {name: ukirt_K, datatype: float64}
# - {name: Clear, datatype: float64}
# meta: !!omap
# - comment: [kappa = 1.0, type = villar, mass = 0.004263435211354371, velocity = 0.13966666666666672, theta_obs = 0.0]
# schema: astropy-2.0
time swift_uvot_uvw2 swift_uvot_uvm2 swift_uvot_uvw1 swift_uvot_U swift_uvot_B swift_uvot_V swift_uvot_W johnson_U johnson_B johnson_V johnson_R johnson_I sdss_u sdss_g sdss_r sdss_i sdss_z PS1_g PS1_r PS1_i PS1_z PS1_Y PS1_w ATLAS_c ATLAS_o ukirt_J ukirt_H ukirt_K Clear
[from data line 218]
0.66217 -9.349 -9.594 -10.638 -12.02 -12.758 -13.204 -11.852 -12.159 -12.766 -13.212 -13.419 -13.474 -12.124 -12.934 -13.355 -13.472 -13.477 -13.015 -13.366 -13.483 -13.499 -13.509 -13.299 -13.142 -13.41 -13.29 -13.005 -12.585 -13.259
0.682197 -9.258 -9.476 -10.552 -11.962 -12.724 -13.189 -11.812 -12.105 -12.733 -13.198 -13.419 -13.486 -12.069 -12.908 -13.349 -13.476 -13.49 -12.991 -13.36 -13.488 -13.51 -13.524 -13.293 -13.125 -13.409 -13.314 -13.035 -12.621 -13.252
0.70283 -9.164 -9.351 -10.461 -11.899 -12.686 -13.171 -11.77 -12.047 -12.696 -13.18 -13.416 -13.495 -12.009 -12.877 -13.34 -13.479 -13.501 -12.964 -13.352 -13.491 -13.52 -13.538 -13.284 -13.105 -13.405 -13.337 -13.064 -12.655 -13.243
0.724086 -9.067 -9.219 -10.363 -11.831 -12.644 -13.149 -11.724 -11.984 -12.654 -13.159 -13.411 -13.503 -11.944 -12.843 -13.328 -13.479 -13.51 -12.934 -13.34 -13.491 -13.527 -13.55 -13.273 -13.082 -13.399 -13.359 -13.092 -12.688 -13.231
0.745986 -8.967 -9.078 -10.26 -11.758 -12.598 -13.123 -11.674 -11.915 -12.609 -13.134 -13.403 -13.508 -11.874 -12.805 -13.313 -13.476 -13.517 -12.899 -13.325 -13.489 -13.533 -13.56 -13.258 -13.055 -13.39 -13.378 -13.119 -12.72 -13.216
0.768548 -8.865 -8.929 -10.15 -11.679 -12.547 -13.094 -11.62 -11.841 -12.559 -13.106 -13.392 -13.51 -11.798 -12.763 -13.294 -13.471 -13.521 -12.861 -13.307 -13.484 -13.536 -13.568 -13.24 -13.025 -13.378 -13.397 -13.144 -12.751 -13.198
0.791792 -8.76 -8.771 -10.033 -11.593 -12.491 -13.061 -11.561 -11.76 -12.503 -13.074 -13.377 -13.511 -11.715 -12.716 -13.272 -13.463 -13.523 -12.818 -13.286 -13.476 -13.536 -13.574 -13.219 -12.99 -13.362 -13.413 -13.168 -12.781 -13.177
0.815739 -8.653 -8.603 -9.909 -11.5 -12.429 -13.023 -11.498 -11.673 -12.443 -13.037 -13.36 -13.508 -11.626 -12.663 -13.246 -13.451 -13.522 -12.77 -13.26 -13.466 -13.534 -13.577 -13.195 -12.951 -13.343 -13.427 -13.191 -12.81 -13.153
0.840411 -8.545 -8.425 -9.777 -11.401 -12.362 -12.981 -11.43 -11.579 -12.376 -12.996 -13.338 -13.503 -11.53 -12.606 -13.216 -13.437 -13.519 -12.717 -13.231 -13.451 -13.529 -13.578 -13.166 -12.908 -13.321 -13.44 -13.211 -12.838 -13.125
0.865828 -8.435 -8.235 -9.637 -11.293 -12.288 -12.933 -11.357 -11.478 -12.304 -12.949 -13.313 -13.494 -11.426 -12.543 -13.181 -13.418 -13.512 -12.659 -13.197 -13.433 -13.52 -13.576 -13.133 -12.859 -13.294 -13.45 -13.23 -12.864 -13.093
0.892015 -8.325 -8.033 -9.487 -11.177 -12.208 -12.88 -11.278 -11.368 -12.224 -12.897 -13.283 -13.482 -11.313 -12.473 -13.142 -13.396 -13.502 -12.595 -13.158 -13.411 -13.509 -13.57 -13.096 -12.805 -13.263 -13.457 -13.248 -12.888 -13.057
0.918993 -8.215 -7.818 -9.329 -11.052 -12.12 -12.821 -11.193 -11.249 -12.138 -12.84 -13.249 -13.467 -11.192 -12.397 -13.097 -13.369 -13.489 -12.524 -13.115 -13.385 -13.493 -13.562 -13.054 -12.746 -13.228 -13.463 -13.263 -12.911 -13.016
0.946787 -8.106 -7.59 -9.16 -10.917 -12.024 -12.756 -11.102 -11.121 -12.043 -12.776 -13.21 -13.447 -11.061 -12.314 -13.047 -13.338 -13.471 -12.447 -13.065 -13.355 -13.474 -13.55 -13.007 -12.68 -13.187 -13.465 -13.276 -12.933 -12.97
0.975422 -7.998 -7.346 -8.98 -10.771 -11.92 -12.684 -11.004 -10.983 -11.941 -12.705 -13.166 -13.423 -10.919 -12.222 -12.991 -13.301 -13.45 -12.362 -13.01 -13.319 -13.45 -13.534 -12.954 -12.607 -13.141 -13.464 -13.286 -12.952 -12.92
1.004923 -7.892 -7.087 -8.789 -10.614 -11.807 -12.604 -10.898 -10.833 -11.829 -12.627 -13.115 -13.395 -10.767 -12.123 -12.928 -13.26 -13.424 -12.27 -12.949 -13.278 -13.422 -13.514 -12.896 -12.527 -13.089 -13.46 -13.294 -12.97 -12.863
1.035317 -7.789 -6.811 -8.586 -10.444 -11.683 -12.516 -10.784 -10.672 -11.707 -12.541 -13.059 -13.361 -10.602 -12.014 -12.858 -13.212 -13.393 -12.169 -12.88 -13.232 -13.388 -13.49 -12.831 -12.439 -13.031 -13.453 -13.299 -12.985 -12.801
1.066629 -7.688 -6.516 -8.37 -10.261 -11.549 -12.419 -10.662 -10.498 -11.575 -12.446 -12.996 -13.322 -10.423 -11.895 -12.781 -13.158 -13.356 -12.059 -12.804 -13.179 -13.35 -13.461 -12.759 -12.343 -12.966 -13.442 -13.302 -12.998 -12.733
1.098888 -7.591 -6.202 -8.14 -10.064 -11.403 -12.313 -10.53 -10.309 -11.431 -12.342 -12.925 -13.277 -10.231 -11.765 -12.695 -13.097 -13.314 -11.939 -12.72 -13.119 -13.305 -13.426 -12.679 -12.237 -12.893 -13.426 -13.301 -13.008 -12.658
1.132124 -7.497 -5.867 -7.895 -9.85 -11.244 -12.196 -10.389 -10.105 -11.275 -12.228 -12.846 -13.226 -10.022 -11.624 -12.6 -13.029 -13.266 -11.808 -12.627 -13.052 -13.254 -13.386 -12.591 -12.121 -12.813 -13.407 -13.297 -13.016 -12.575
1.166364 -7.406 -5.512 -7.635 -9.619 -11.072 -12.068 -10.237 -9.885 -11.105 -12.102 -12.759 -13.168 -9.797 -11.47 -12.495 -12.952 -13.211 -11.666 -12.524 -12.976 -13.196 -13.34 -12.494 -11.995 -12.723 -13.382 -13.288 -13.021 -12.485
1.20164 -7.318 -5.134 -7.358 -9.37 -10.884 -11.928 -10.073 -9.646 -10.92 -11.964 -12.662 -13.102 -9.552 -11.302 -12.379 -12.867 -13.148 -11.511 -12.41 -12.892 -13.13 -13.287 -12.388 -11.856 -12.624 -13.352 -13.276 -13.023 -12.386
1.237983 -7.231 -4.734 -7.064 -9.099 -10.679 -11.773 -9.896 -9.387 -10.719 -11.813 -12.555 -13.028 -9.288 -11.119 -12.251 -12.772 -13.077 -11.343 -12.285 -12.798 -13.056 -13.226 -12.271 -11.705 -12.514 -13.316 -13.259 -13.021 -12.278
1.275425 -7.146 -4.315 -6.75 -8.806 -10.456 -11.604 -9.706 -9.106 -10.5 -11.648 -12.437 -12.945 -9.001 -10.919 -12.11 -12.666 -12.997 -11.16 -12.148 -12.694 -12.972 -13.157 -12.142 -11.539 -12.393 -13.274 -13.238 -13.016 -12.16
1.313999 -7.061 -3.878 -6.417 -8.488 -10.213 -11.419 -9.501 -8.802 -10.261 -11.466 -12.306 -12.852 -8.689 -10.701 -11.955 -12.548 -12.908 -10.962 -11.996 -12.578 -12.879 -13.08 -12.001 -11.358 -12.259 -13.225 -13.211 -13.006 -12.032
1.35374 -6.976 -3.43 -6.063 -8.143 -9.949 -11.216 -9.281 -8.471 -10.001 -11.267 -12.161 -12.748 -8.351 -10.463 -11.785 -12.417 -12.807 -10.747 -11.83 -12.449 -12.774 -12.992 -11.846 -11.16 -12.111 -13.168 -13.178 -12.992 -11.893
1.394683 -6.888 -2.983 -5.685 -7.769 -9.66 -10.992 -9.042 -8.111 -9.718 -11.049 -12.001 -12.632 -7.983 -10.203 -11.597 -12.272 -12.695 -10.515 -11.647 -12.307 -12.657 -12.894 -11.676 -10.943 -11.948 -13.103 -13.139 -12.974 -11.742
1.436864 -6.797 -2.552 -5.284 -7.361 -9.345 -10.747 -8.785 -7.719 -9.409 -10.809 -11.825 -12.502 -7.582 -9.919 -11.389 -12.111 -12.569 -10.264 -11.446 -12.149 -12.527 -12.785 -11.49 -10.706 -11.768 -13.028 -13.092 -12.949 -11.578
1.480321 -6.702 -2.155 -4.857 -6.916 -9.0 -10.478 -8.508 -7.292 -9.071 -10.546 -11.631 -12.358 -7.145 -9.608 -11.161 -11.932 -12.429 -9.994 -11.225 -11.973 -12.381 -12.662 -11.285 -10.446 -11.57 -12.943 -13.038 -12.92 -11.4
1.525092 -6.601 -1.811 -4.401 -6.432 -8.623 -10.182 -8.208 -6.826 -8.702 -10.256 -11.417 -12.198 -6.668 -9.268 -10.909 -11.734 -12.273 -9.704 -10.982 -11.779 -12.219 -12.524 -11.06 -10.161 -11.351 -12.847 -12.975 -12.883 -11.208
1.571218 -6.493 -1.526 -3.915 -5.902 -8.21 -9.856 -7.884 -6.317 -8.297 -9.938 -11.18 -12.019 -6.147 -8.894 -10.631 -11.515 -12.098 -9.395 -10.716 -11.564 -12.039 -12.371 -10.813 -9.848 -11.11 -12.737 -12.902 -12.839 -11.0
1.618738 -6.378 -1.294 -3.395 -5.323 -7.757 -9.496 -7.534 -5.76 -7.855 -9.588 -10.919 -11.82 -5.576 -8.484 -10.325 -11.271 -11.903 -9.068 -10.423 -11.326 -11.838 -12.2 -10.541 -9.505 -10.844 -12.614 -12.819 -12.788 -10.777
1.667696 -6.253 -1.102 -2.838 -4.689 -7.259 -9.1 -7.156 -5.149 -7.369 -9.201 -10.63 -11.599 -4.95 -8.033 -9.986 -11.001 -11.686 -8.725 -10.102 -11.062 -11.615 -12.009 -10.241 -9.128 -10.549 -12.474 -12.723 -12.727 -10.536
1.718134 -6.118 -0.931 -2.24 -3.992 -6.711 -8.662 -6.748 -4.477 -6.835 -8.775 -10.31 -11.354 -4.262 -7.537 -9.61 -10.7 -11.444 -8.371 -9.751 -10.769 -11.366 -11.796 -9.912 -8.713 -10.224 -12.316 -12.614 -12.657 -10.28
1.770098 -5.97 -0.766 -1.595 -3.226 -6.107 -8.178 -6.309 -3.739 -6.247 -8.304 -9.957 -11.08 -3.506 -6.99 -9.194 -10.366 -11.174 -8.012 -9.367 -10.444 -11.088 -11.559 -9.548 -8.255 -9.863 -12.139 -12.49 -12.575 -10.006
1.823633 -5.81 -0.598 -0.899 -2.382 -5.44 -7.641 -5.838 -2.925 -5.6 -7.782 -9.565 -10.774 -2.671 -6.385 -8.733 -9.994 -10.872 -7.656 -8.95 -10.085 -10.779 -11.296 -9.145 -7.749 -9.463 -11.938 -12.349 -12.481 -9.715
1.878788 -5.635 -0.42 -0.143 -1.45 -4.702 -7.044 -5.336 -2.025 -4.884 -7.204 -9.129 -10.434 -1.749 -5.716 -8.219 -9.579 -10.534 -7.309 -8.498 -9.686 -10.434 -11.002 -8.7 -7.19 -9.02 -11.712 -12.188 -12.373 -9.409
1.93561 -5.442 -0.227 0.68 -0.417 -3.884 -6.381 -4.806 -1.029 -4.093 -6.562 -8.646 -10.053 -0.727 -4.975 -7.648 -9.115 -10.155 -6.977 -8.015 -9.245 -10.049 -10.675 -8.206 -6.571 -8.527 -11.456 -12.005 -12.249 -9.088
1.994152 -5.231 -0.016 1.579 0.728 -2.975 -5.642 -4.256 0.077 -3.216 -5.848 -8.107 -9.628 0.407 -4.15 -7.01 -8.596 -9.73 -6.662 -7.505 -8.757 -9.62 -10.313 -7.656 -5.882 -7.978 -11.167 -11.797 -12.106 -8.754
2.054463 -4.999 0.217 2.565 2.002 -1.963 -4.815 -3.697 1.308 -2.242 -5.051 -7.507 -9.151 1.67 -3.232 -6.297 -8.014 -9.253 -6.358 -6.979 -8.221 -9.142 -9.911 -7.044 -5.116 -7.365 -10.84 -11.56 -11.942 -8.408
2.116599 -4.743 0.473 3.65 3.423 -0.833 -3.89 -3.146 2.682 -1.157 -4.161 -6.836 -8.616 3.079 -2.206 -5.497 -7.36 -8.715 -6.056 -6.451 -7.635 -8.61 -9.468 -6.361 -4.261 -6.679 -10.47 -11.291 -11.755 -8.052
2.180614 -4.459 0.757 4.849 5.014 0.433 -2.85 -2.618 4.22 0.054 -3.164 -6.085 -8.015 4.656 -1.057 -4.599 -6.623 -8.109 -5.747 -5.937 -7.003 -8.021 -8.98 -5.596 -3.304 -5.911 -10.049 -10.983 -11.54 -7.684
2.246566 -4.144 1.071 6.178 6.799 1.854 -1.679 -2.122 5.946 1.41 -2.045 -5.242 -7.338 6.427 0.234 -3.587 -5.791 -7.423 -5.42 -5.447 -6.334 -7.373 -8.45 -4.737 -2.23 -5.048 -9.569 -10.632 -11.292 -7.303
2.314511 -3.794 1.422 7.657 8.81 3.456 -0.356 -1.653 7.89 2.933 -0.785 -4.294 -6.575 8.422 1.689 -2.443 -4.85 -6.646 -5.063 -4.98 -5.646 -6.669 -7.878 -3.769 -1.02 -4.075 -9.023 -10.23 -11.008 -6.903
2.384512 -3.402 1.814 9.309 11.083 5.267 1.144 -1.192 10.088 4.647 0.637 -3.225 -5.711 10.677 3.334 -1.146 -3.78 -5.762 -4.669 -4.52 -4.964 -5.919 -7.27 -2.674 0.347 -2.976 -8.398 -9.768 -10.68 -6.477
2.45663 -2.962 2.253 11.165 13.663 7.321 2.849 -0.718 12.582 6.585 2.247 -2.015 -4.731 13.235 5.202 0.33 -2.562 -4.756 -4.228 -4.046 -4.306 -5.144 -6.635 -1.433 1.899 -1.729 -7.681 -9.237 -10.3 -6.016
2.530929 -2.467 2.749 13.258 16.602 9.662 4.796 -0.207 15.423 8.783 4.074 -0.643 -3.617 16.15 7.329 2.014 -1.169 -3.605 -3.732 -3.535 -3.672 -4.368 -5.977 -0.018 3.666 -0.308 -6.856 -8.624 -9.86 -5.508
2.607475 -1.905 3.311 15.633 19.966 12.34 7.027 0.361 18.672 11.287 6.155 0.918 -2.348 19.483 9.764 3.944 0.429 -2.286 -3.171 -2.968 -3.037 -3.607 -5.296 1.599 5.687 1.315 -5.904 -7.916 -9.349 -4.94
2.686337 -1.266 3.95 18.345 23.833 15.416 9.594 1.002 22.405 14.152 8.534 2.701 -0.896 23.312 12.561 6.165 2.27 -0.768 -2.532 -2.327 -2.365 -2.851 -4.58 3.458 8.01 3.179 -4.801 -7.093 -8.753 -4.297
2.767583 -0.534 4.681 21.461 28.301 18.969 12.561 1.734 26.714 17.446 11.263 4.746 0.771 27.731 15.792 8.733 4.4 0.984 -1.8 -1.595 -1.621 -2.062 -3.806 5.604 10.693 5.331 -3.518 -6.134 -8.056 -3.564
2.851287 0.308 5.523 25.063 33.489 23.092 16.008 2.576 31.712 21.253 14.406 7.099 2.689 32.856 19.541 11.715 6.874 3.015 -0.958 -0.753 -0.776 -1.198 -2.944 8.095 13.808 7.825 -2.019 -5.013 -7.237 -2.722
2.937522 1.283 6.499 29.258 39.548 27.904 20.032 3.551 37.539 25.677 18.043 9.821 4.908 38.832 23.914 15.197 9.765 5.378 0.017 0.222 0.201 -0.215 -1.961 11.001 17.444 10.735 -0.261 -3.696 -6.27 -1.747
3.026365 1.796 7.012 30.247 40.813 28.984 20.996 4.065 38.77 26.699 18.947 10.591 5.604 40.084 24.929 16.081 10.562 6.096 0.531 0.735 0.714 0.299 -1.447 11.8 18.351 11.534 0.37 -3.131 -5.757 -1.233
3.117896 2.248 7.464 30.699 41.265 29.436 21.448 4.517 39.222 27.151 19.399 11.043 6.056 40.536 25.381 16.534 11.014 6.548 0.983 1.187 1.166 0.751 -0.995 12.252 18.803 11.986 0.822 -2.679 -5.305 -0.781
3.212194 2.728 7.944 31.179 41.745 29.916 21.928 4.997 39.702 27.63 19.879 11.523 6.536 41.016 25.861 17.013 11.494 7.028 1.463 1.667 1.646 1.231 -0.515 12.732 19.283 12.466 1.302 -2.199 -4.825 -0.301
3.309345 3.237 8.453 31.688 42.254 30.425 22.437 5.506 40.211 28.14 20.388 12.032 7.045 41.525 26.37 17.523 12.003 7.537 1.972 2.177 2.155 1.74 -0.006 13.241 19.792 12.976 1.811 -1.69 -4.316 0.208
3.409434 3.778 8.994 32.229 42.795 30.966 22.978 6.046 40.752 28.68 20.929 12.572 7.586 42.066 26.911 18.063 12.543 8.078 2.512 2.717 2.696 2.28 0.535 13.781 20.333 13.516 2.351 -1.149 -3.775 0.749
3.51255 4.352 9.567 32.802 43.368 31.54 23.552 6.62 41.325 29.254 21.503 13.146 8.159 42.639 27.485 18.637 13.117 8.652 3.086 3.291 3.27 2.854 1.108 14.355 20.907 14.09 2.925 -0.575 -3.201 1.322
3.618785 4.961 10.177 33.411 43.977 32.149 24.161 7.229 41.934 29.863 22.112 13.755 8.768 43.248 28.094 19.246 13.726 9.261 3.695 3.9 3.879 3.463 1.717 14.964 21.516 14.699 3.534 0.034 -2.592 1.931
3.728232 5.607 10.823 34.058 44.624 32.795 24.807 7.876 42.581 30.51 22.758 14.402 9.415 43.895 28.74 19.892 14.373 9.907 4.342 4.546 4.525 4.11 2.364 15.611 22.162 15.345 4.181 0.68 -1.946 2.578
3.84099 6.293 11.509 34.744 45.31 33.481 25.493 8.562 43.267 31.196 23.444 15.088 10.101 44.581 29.426 20.579 15.059 10.593 5.028 5.233 5.211 4.796 3.05 16.297 22.848 16.032 4.867 1.366 -1.26 3.264
3.957158 7.022 12.237 35.472 46.038 34.21 26.221 9.29 43.995 31.924 24.173 15.816 10.829 45.309 30.155 21.307 15.787 11.321 5.756 5.961 5.939 5.524 3.778 17.025 23.577 16.76 5.595 2.094 -0.532 3.992
4.07684 7.795 13.01 36.245 46.811 34.983 26.994 10.063 44.768 32.697 24.946 16.589 11.602 46.082 30.928 22.08 16.56 12.094 6.529 6.734 6.712 6.297 4.551 17.798 24.349 17.533 6.368 2.867 0.241 4.765
4.200141 8.615 13.831 37.065 47.632 35.803 27.815 10.883 45.588 33.517 25.766 17.409 12.422 46.902 31.748 22.9 17.38 12.915 7.349 7.554 7.533 7.117 5.371 18.618 25.17 18.353 7.188 3.688 1.062 5.586
4.327172 9.486 14.701 37.936 48.502 36.674 28.685 11.754 46.459 34.388 26.637 18.28 13.293 47.773 32.619 23.771 18.251 13.786 8.22 8.425 8.403 7.988 6.242 19.489 26.041 19.224 8.059 4.558 1.933 6.456
4.458044 10.41 15.626 38.861 49.427 37.598 29.61 12.678 47.383 35.312 27.561 19.204 14.218 48.698 33.543 24.695 19.175 14.71 9.144 9.349 9.328 8.912 7.166 20.413 26.965 20.148 8.983 5.483 2.857 7.381
4.592874 11.391 16.607 39.842 50.408 38.579 30.591 13.659 48.364 36.293 28.542 20.185 15.199 49.679 34.524 25.676 20.156 15.691 10.125 10.33 10.309 9.893 8.148 21.394 27.946 21.129 9.964 6.464 3.838 8.362
4.731783 12.432 17.648 40.883 51.449 39.62 31.632 14.701 49.406 37.335 29.583 21.227 16.24 50.72 35.565 26.717 21.198 16.732 11.167 11.371 11.35 10.935 9.189 22.436 28.987 22.17 11.006 7.505 4.879 9.403
4.874892 13.537 18.753 41.988 52.554 40.725 32.737 15.806 50.511 38.44 30.688 22.332 17.345 51.825 36.67 27.823 22.303 17.837 12.272 12.477 12.455 12.04 10.294 23.541 30.092 23.276 12.111 8.61 5.984 10.508
5.02233 14.711 19.926 43.161 53.727 41.899 33.91 16.979 51.684 39.613 31.861 23.505 18.518 52.998 37.844 28.996 23.476 19.01 13.445 13.65 13.628 13.213 11.467 24.714 31.265 24.449 13.284 9.783 7.157 11.681
5.174227 15.956 21.171 44.406 54.972 43.144 35.155 18.224 52.929 40.858 33.107 24.75 19.763 54.243 39.089 30.241 24.721 20.255 14.69 14.895 14.873 14.458 12.712 25.959 32.51 25.694 14.529 11.028 8.402 12.926
5.330718 17.277 22.493 45.728 56.294 44.465 36.477 19.546 54.251 42.179 34.428 26.072 21.085 55.565 40.41 31.562 26.043 21.577 16.012 16.216 16.195 15.779 14.034 27.281 33.832 27.015 15.85 12.35 9.724 14.248
5.491942 18.68 23.895 47.13 57.696 45.868 37.879 20.948 55.653 43.582 35.831 27.474 22.487 56.967 41.813 32.965 27.445 22.98 17.414 17.619 17.597 17.182 15.436 28.683 35.235 28.418 17.253 13.752 11.127 15.65
5.658042 20.169 25.384 48.619 59.185 47.357 39.368 22.437 57.142 45.071 37.32 28.963 23.976 58.456 43.302 34.454 28.934 24.468 18.903 19.108 19.086 18.671 16.925 30.172 36.723 29.907 18.742 15.241 12.615 17.139
