web/models/kne.last_good/kappa_1_10/19/villar_0.0416_0.2807_1.0000.dat
# %ECSV 1.0
# ---
# datatype:
# - {name: time, datatype: float64}
# - {name: swift_uvot_uvw2, datatype: float64}
# - {name: swift_uvot_uvm2, datatype: float64}
# - {name: swift_uvot_uvw1, datatype: float64}
# - {name: swift_uvot_U, datatype: float64}
# - {name: swift_uvot_B, datatype: float64}
# - {name: swift_uvot_V, datatype: float64}
# - {name: swift_uvot_W, datatype: float64}
# - {name: johnson_U, datatype: float64}
# - {name: johnson_B, datatype: float64}
# - {name: johnson_V, datatype: float64}
# - {name: johnson_R, datatype: float64}
# - {name: johnson_I, datatype: float64}
# - {name: sdss_u, datatype: float64}
# - {name: sdss_g, datatype: float64}
# - {name: sdss_r, datatype: float64}
# - {name: sdss_i, datatype: float64}
# - {name: sdss_z, datatype: float64}
# - {name: PS1_g, datatype: float64}
# - {name: PS1_r, datatype: float64}
# - {name: PS1_i, datatype: float64}
# - {name: PS1_z, datatype: float64}
# - {name: PS1_Y, datatype: float64}
# - {name: PS1_w, datatype: float64}
# - {name: ATLAS_c, datatype: float64}
# - {name: ATLAS_o, datatype: float64}
# - {name: ukirt_J, datatype: float64}
# - {name: ukirt_H, datatype: float64}
# - {name: ukirt_K, datatype: float64}
# - {name: Clear, datatype: float64}
# meta: !!omap
# - comment: [kappa = 1.0, type = villar, mass = 0.04162766037032262, velocity = 0.2806666666666667, theta_obs = 0.0]
# schema: astropy-2.0
time swift_uvot_uvw2 swift_uvot_uvm2 swift_uvot_uvw1 swift_uvot_U swift_uvot_B swift_uvot_V swift_uvot_W johnson_U johnson_B johnson_V johnson_R johnson_I sdss_u sdss_g sdss_r sdss_i sdss_z PS1_g PS1_r PS1_i PS1_z PS1_Y PS1_w ATLAS_c ATLAS_o ukirt_J ukirt_H ukirt_K Clear
[from data line 357]
41.654454 279.399 284.614 307.849 318.415 306.587 298.598 281.667 316.372 304.301 296.549 288.193 283.206 317.686 302.532 293.684 288.164 283.698 278.133 278.338 278.316 277.901 276.155 289.402 295.953 289.137 277.972 274.471 271.845 276.369
42.914265 297.026 302.241 325.476 336.042 324.214 316.225 299.294 333.999 321.928 314.177 305.82 300.833 335.313 320.159 311.311 305.791 301.326 295.76 295.965 295.943 295.528 293.782 307.029 313.581 306.764 295.599 292.098 289.473 293.996
44.212178 315.735 320.951 344.186 354.752 342.923 334.935 318.004 352.709 340.638 332.886 324.53 319.543 354.023 338.868 330.02 324.501 320.035 314.47 314.674 314.653 314.238 312.492 325.739 332.29 325.473 314.309 310.808 308.182 312.706
45.549345 335.594 340.809 364.044 374.61 362.782 354.793 337.862 372.567 360.496 352.745 344.388 339.401 373.881 358.727 349.879 344.359 339.893 334.328 334.533 334.511 334.096 332.35 345.597 352.149 345.332 334.167 330.666 328.041 332.564
46.926954 356.671 361.887 385.122 395.688 383.859 375.871 358.94 393.645 381.574 373.822 365.466 360.479 394.959 379.804 370.957 365.437 360.971 355.406 355.611 355.589 355.174 353.428 366.675 373.226 366.41 355.245 351.744 349.118 353.642
48.346227 379.043 384.259 407.494 418.06 406.231 398.243 381.312 416.017 403.946 396.194 387.838 382.851 417.331 402.176 393.329 387.809 383.343 377.778 377.983 377.961 377.546 375.8 389.047 395.598 388.782 377.617 374.116 371.49 376.014
49.808426 402.789 408.005 431.24 441.806 429.977 421.989 405.058 439.763 427.691 419.94 411.584 406.597 441.077 425.922 417.074 411.555 407.089 401.524 401.728 401.707 401.291 399.546 412.793 419.344 412.527 401.362 397.862 395.236 399.76
51.314848 427.993 433.209 456.443 467.009 455.181 447.193 430.261 464.966 452.895 445.144 436.787 431.8 466.28 451.126 442.278 436.758 432.293 426.727 426.932 426.911 426.495 424.749 437.996 444.548 437.731 426.566 423.066 420.44 424.963
52.86683 454.744 459.96 483.195 493.761 481.932 473.944 457.013 491.718 479.647 471.895 463.539 458.552 493.032 477.877 469.029 463.51 459.044 453.479 453.683 453.662 453.247 451.501 464.748 471.299 464.482 453.318 449.817 447.191 451.715
54.465752 483.138 488.354 511.589 522.155 510.326 502.338 485.407 520.112 508.041 500.289 491.933 486.946 521.426 506.271 497.423 491.904 487.438 481.873 482.077 482.056 481.641 479.895 493.142 499.693 492.876 481.712 478.211 475.585 480.109
56.113031 513.276 518.491 541.726 552.292 540.464 532.475 515.544 550.249 538.178 530.427 522.07 517.083 551.563 536.409 527.561 522.041 517.576 512.01 512.215 512.193 511.778 510.032 523.279 529.831 523.014 511.849 508.348 505.723 510.246
57.810132 545.264 550.479 573.714 584.28 572.452 564.463 547.532 582.237 570.166 562.415 554.058 549.071 583.551 568.397 559.549 554.029 549.564 543.998 544.203 544.181 543.766 542.02 555.267 561.819 555.002 543.837 540.336 537.711 542.234
59.55856 579.216 584.432 607.666 618.233 606.404 598.416 581.484 616.189 604.118 596.367 588.01 583.023 617.503 602.349 593.501 587.981 583.516 577.95 578.155 578.134 577.718 575.972 589.219 595.771 588.954 577.789 574.289 571.663 576.186
61.359868 615.253 620.469 643.703 654.27 642.441 634.453 617.521 652.226 640.155 632.404 624.047 619.06 653.54 638.386 629.538 624.018 619.553 613.987 614.192 614.171 613.755 612.009 625.256 631.808 624.991 613.826 610.326 607.7 612.223
63.215655 653.503 658.718 681.953 692.519 680.691 672.702 655.771 690.476 678.405 670.654 662.297 657.31 691.79 676.636 667.788 662.268 657.803 652.237 652.442 652.42 652.005 650.259 663.506 670.058 663.241 652.076 648.575 645.95 650.473
65.127569 694.101 699.317 722.552 733.118 721.289 713.301 696.37 731.075 719.003 711.252 702.896 697.909 732.389 717.234 708.386 702.867 698.401 692.836 693.04 693.019 692.603 690.858 704.105 710.656 703.839 692.674 689.174 686.548 691.072
67.097308 737.192 742.408 765.643 776.209 764.38 756.392 739.461 774.166 762.095 754.343 745.987 741.0 775.48 760.325 751.478 745.958 741.492 735.927 736.132 736.11 735.695 733.949 747.196 753.747 746.931 735.766 732.265 729.639 734.163
69.126621 782.93 788.145 nan nan nan nan 785.198 nan nan nan 795.344 786.867 nan nan nan nan 787.584 781.664 781.869 781.847 781.434 779.686 nan nan nan 781.503 778.002 775.377 779.9
71.217308 nan nan nan nan nan nan nan nan nan nan nan nan nan nan nan nan nan nan nan nan nan nan nan nan nan nan nan nan nan
73.371227 nan nan nan nan nan nan nan nan nan nan nan nan nan nan nan nan nan nan nan nan nan nan nan nan nan nan nan nan nan
75.59029 nan nan nan nan nan nan nan nan nan nan nan nan nan nan nan nan nan nan nan nan nan nan nan nan nan nan nan nan nan
77.876467 nan nan nan nan nan nan nan nan nan nan nan nan nan nan nan nan nan nan nan nan nan nan nan nan nan nan nan nan nan
80.231787 nan nan nan nan nan nan nan nan nan nan nan nan nan nan nan nan nan nan nan nan nan nan nan nan nan nan nan nan nan
82.658343 nan nan nan nan nan nan nan nan nan nan nan nan nan nan nan nan nan nan nan nan nan nan nan nan nan nan nan nan nan
85.158288 nan nan nan nan nan nan nan nan nan nan nan nan nan nan nan nan nan nan nan nan nan nan nan nan nan nan nan nan nan
87.733843 nan nan nan nan nan nan nan nan nan nan nan nan nan nan nan nan nan nan nan nan nan nan nan nan nan nan nan nan nan
90.387293 nan nan nan nan nan nan nan nan nan nan nan nan nan nan nan nan nan nan nan nan nan nan nan nan nan nan nan nan nan
93.120995 nan nan nan nan nan nan nan nan nan nan nan nan nan nan nan nan nan nan nan nan nan nan nan nan nan nan nan nan nan
95.937376 nan nan nan nan nan nan nan nan nan nan nan nan nan nan nan nan nan nan nan nan nan nan nan nan nan nan nan nan nan
98.838937 nan nan nan nan nan nan nan nan nan nan nan nan nan nan nan nan nan nan nan nan nan nan nan nan nan nan nan nan nan
101.828253 nan nan nan nan nan nan nan nan nan nan nan nan nan nan nan nan nan nan nan nan nan nan nan nan nan nan nan nan nan
104.907979 nan nan nan nan nan nan nan nan nan nan nan nan nan nan nan nan nan nan nan nan nan nan nan nan nan nan nan nan nan
108.080849 nan nan nan nan nan nan nan nan nan nan nan nan nan nan nan nan nan nan nan nan nan nan nan nan nan nan nan nan nan
111.349681 nan nan nan nan nan nan nan nan nan nan nan nan nan nan nan nan nan nan nan nan nan nan nan nan nan nan nan nan nan
114.717376 nan nan nan nan nan nan nan nan nan nan nan nan nan nan nan nan nan nan nan nan nan nan nan nan nan nan nan nan nan
118.186925 nan nan nan nan nan nan nan nan nan nan nan nan nan nan nan nan nan nan nan nan nan nan nan nan nan nan nan nan nan
121.761408 nan nan nan nan nan nan nan nan nan nan nan nan nan nan nan nan nan nan nan nan nan nan nan nan nan nan nan nan nan
125.443999 nan nan nan nan nan nan nan nan nan nan nan nan nan nan nan nan nan nan nan nan nan nan nan nan nan nan nan nan nan
129.237967 nan nan nan nan nan nan nan nan nan nan nan nan nan nan nan nan nan nan nan nan nan nan nan nan nan nan nan nan nan
133.146681 nan nan nan nan nan nan nan nan nan nan nan nan nan nan nan nan nan nan nan nan nan nan nan nan nan nan nan nan nan
137.173612 nan nan nan nan nan nan nan nan nan nan nan nan nan nan nan nan nan nan nan nan nan nan nan nan nan nan nan nan nan
141.322334 nan nan nan nan nan nan nan nan nan nan nan nan nan nan nan nan nan nan nan nan nan nan nan nan nan nan nan nan nan
145.596532 nan nan nan nan nan nan nan nan nan nan nan nan nan nan nan nan nan nan nan nan nan nan nan nan nan nan nan nan nan
150.0 nan nan nan nan nan nan nan nan nan nan nan nan nan nan nan nan nan nan nan nan nan nan nan nan nan nan nan nan nan
