web/models/kne.last_good/kappa_0.5_3.0.v2/12/villar_0.0953_0.5000_0.5000.dat
# %ECSV 1.0
# ---
# datatype:
# - {name: time, datatype: float64}
# - {name: swift_uvot_uvw2, datatype: float64}
# - {name: swift_uvot_uvm2, datatype: float64}
# - {name: swift_uvot_uvw1, datatype: float64}
# - {name: swift_uvot_U, datatype: float64}
# - {name: swift_uvot_B, datatype: float64}
# - {name: swift_uvot_V, datatype: float64}
# - {name: swift_uvot_W, datatype: float64}
# - {name: johnson_U, datatype: float64}
# - {name: johnson_B, datatype: float64}
# - {name: johnson_V, datatype: float64}
# - {name: johnson_R, datatype: float64}
# - {name: johnson_I, datatype: float64}
# - {name: sdss_u, datatype: float64}
# - {name: sdss_g, datatype: float64}
# - {name: sdss_r, datatype: float64}
# - {name: sdss_i, datatype: float64}
# - {name: sdss_z, datatype: float64}
# - {name: PS1_g, datatype: float64}
# - {name: PS1_r, datatype: float64}
# - {name: PS1_i, datatype: float64}
# - {name: PS1_z, datatype: float64}
# - {name: PS1_Y, datatype: float64}
# - {name: PS1_w, datatype: float64}
# - {name: ATLAS_c, datatype: float64}
# - {name: ATLAS_o, datatype: float64}
# - {name: ukirt_J, datatype: float64}
# - {name: ukirt_H, datatype: float64}
# - {name: ukirt_K, datatype: float64}
# - {name: Clear, datatype: float64}
# meta: !!omap
# - comment: [kappa = 0.5, type = villar, mass = 0.09533330950298248, velocity = 0.5, theta_obs = 0.0, tfloor = 2500.0]
# schema: astropy-2.0
time swift_uvot_uvw2 swift_uvot_uvm2 swift_uvot_uvw1 swift_uvot_U swift_uvot_B swift_uvot_V swift_uvot_W johnson_U johnson_B johnson_V johnson_R johnson_I sdss_u sdss_g sdss_r sdss_i sdss_z PS1_g PS1_r PS1_i PS1_z PS1_Y PS1_w ATLAS_c ATLAS_o ukirt_J ukirt_H ukirt_K Clear
[from data line 203]
0.423513 -16.902 -17.133 -17.332 -17.638 -17.646 -17.537 -17.372 -17.648 -17.643 -17.53 -17.328 -17.043 -17.649 -17.617 -17.431 -17.226 -17.001 -17.616 -17.441 -17.236 -17.069 -16.989 -17.428 -17.549 -17.344 -16.488 -16.03 -15.471 -17.448
0.436321 -16.812 -17.056 -17.271 -17.607 -17.631 -17.534 -17.329 -17.62 -17.629 -17.528 -17.334 -17.057 -17.62 -17.607 -17.434 -17.236 -17.016 -17.607 -17.443 -17.246 -17.082 -17.003 -17.428 -17.544 -17.35 -16.51 -16.055 -15.5 -17.446
0.449518 -16.719 -16.975 -17.208 -17.573 -17.614 -17.53 -17.283 -17.589 -17.612 -17.524 -17.34 -17.07 -17.589 -17.594 -17.435 -17.245 -17.029 -17.596 -17.445 -17.254 -17.095 -17.016 -17.427 -17.537 -17.355 -16.531 -16.08 -15.528 -17.443
0.463113 -16.622 -16.89 -17.141 -17.537 -17.596 -17.525 -17.236 -17.556 -17.593 -17.519 -17.344 -17.082 -17.555 -17.58 -17.436 -17.253 -17.043 -17.584 -17.445 -17.262 -17.106 -17.028 -17.425 -17.53 -17.358 -16.552 -16.105 -15.556 -17.438
0.47712 -16.521 -16.8 -17.07 -17.498 -17.575 -17.518 -17.187 -17.52 -17.573 -17.512 -17.347 -17.093 -17.519 -17.565 -17.435 -17.26 -17.055 -17.57 -17.444 -17.268 -17.117 -17.04 -17.422 -17.52 -17.36 -16.572 -16.129 -15.584 -17.433
0.49155 -16.416 -16.707 -16.997 -17.457 -17.553 -17.509 -17.137 -17.482 -17.551 -17.504 -17.348 -17.103 -17.48 -17.547 -17.433 -17.265 -17.066 -17.554 -17.441 -17.274 -17.127 -17.051 -17.417 -17.509 -17.362 -16.592 -16.153 -15.611 -17.426
0.506416 -16.307 -16.61 -16.92 -17.413 -17.528 -17.499 -17.084 -17.442 -17.526 -17.494 -17.349 -17.113 -17.439 -17.528 -17.429 -17.27 -17.077 -17.536 -17.438 -17.278 -17.136 -17.062 -17.411 -17.497 -17.362 -16.611 -16.176 -15.638 -17.418
0.521733 -16.194 -16.508 -16.839 -17.366 -17.501 -17.488 -17.029 -17.398 -17.499 -17.483 -17.348 -17.121 -17.395 -17.506 -17.424 -17.274 -17.087 -17.517 -17.433 -17.282 -17.144 -17.072 -17.404 -17.482 -17.36 -16.629 -16.199 -15.665 -17.408
0.537512 -16.076 -16.401 -16.755 -17.316 -17.472 -17.474 -16.972 -17.352 -17.471 -17.47 -17.346 -17.129 -17.348 -17.483 -17.418 -17.276 -17.096 -17.496 -17.426 -17.284 -17.151 -17.081 -17.395 -17.466 -17.358 -16.647 -16.222 -15.691 -17.397
0.553769 -15.955 -16.29 -16.667 -17.263 -17.441 -17.459 -16.914 -17.303 -17.44 -17.455 -17.343 -17.135 -17.298 -17.457 -17.41 -17.278 -17.104 -17.472 -17.418 -17.286 -17.157 -17.09 -17.385 -17.448 -17.354 -16.664 -16.244 -15.717 -17.384
0.570517 -15.829 -16.174 -16.575 -17.207 -17.407 -17.442 -16.853 -17.251 -17.406 -17.438 -17.338 -17.141 -17.245 -17.43 -17.401 -17.278 -17.11 -17.447 -17.409 -17.286 -17.163 -17.097 -17.373 -17.429 -17.348 -16.68 -16.266 -15.743 -17.37
0.587772 -15.698 -16.053 -16.479 -17.148 -17.371 -17.423 -16.79 -17.196 -17.37 -17.42 -17.332 -17.145 -17.189 -17.4 -17.39 -17.277 -17.116 -17.419 -17.398 -17.284 -17.167 -17.104 -17.36 -17.407 -17.341 -16.696 -16.287 -15.768 -17.354
0.605549 -15.564 -15.927 -16.379 -17.086 -17.332 -17.403 -16.725 -17.138 -17.332 -17.399 -17.325 -17.148 -17.129 -17.368 -17.377 -17.274 -17.121 -17.39 -17.385 -17.282 -17.17 -17.11 -17.345 -17.383 -17.333 -16.711 -16.307 -15.794 -17.336
0.623863 -15.424 -15.796 -16.275 -17.02 -17.291 -17.38 -16.658 -17.076 -17.29 -17.377 -17.316 -17.151 -17.067 -17.333 -17.363 -17.27 -17.125 -17.358 -17.371 -17.278 -17.172 -17.115 -17.328 -17.358 -17.323 -16.726 -16.327 -15.818 -17.317
0.642731 -15.28 -15.659 -16.166 -16.95 -17.246 -17.355 -16.589 -17.011 -17.246 -17.352 -17.305 -17.152 -17.001 -17.296 -17.347 -17.265 -17.127 -17.323 -17.354 -17.273 -17.173 -17.119 -17.309 -17.33 -17.312 -16.739 -16.347 -15.842 -17.296
0.66217 -15.132 -15.516 -16.053 -16.877 -17.199 -17.327 -16.518 -16.942 -17.2 -17.326 -17.293 -17.151 -16.931 -17.256 -17.328 -17.258 -17.129 -17.286 -17.336 -17.266 -17.173 -17.122 -17.289 -17.3 -17.298 -16.752 -16.366 -15.866 -17.273
0.682197 -14.979 -15.368 -15.936 -16.8 -17.149 -17.298 -16.444 -16.87 -17.15 -17.297 -17.279 -17.15 -16.857 -17.213 -17.308 -17.25 -17.129 -17.247 -17.316 -17.258 -17.172 -17.124 -17.267 -17.267 -17.283 -16.764 -16.384 -15.89 -17.249
0.70283 -14.822 -15.214 -15.814 -16.719 -17.096 -17.266 -16.368 -16.794 -17.097 -17.265 -17.263 -17.147 -16.78 -17.168 -17.286 -17.24 -17.128 -17.205 -17.294 -17.248 -17.169 -17.125 -17.242 -17.232 -17.267 -16.775 -16.402 -15.913 -17.222
0.724086 -14.66 -15.054 -15.687 -16.634 -17.04 -17.232 -16.29 -16.714 -17.041 -17.232 -17.245 -17.143 -16.698 -17.12 -17.262 -17.228 -17.125 -17.16 -17.27 -17.237 -17.165 -17.125 -17.216 -17.195 -17.248 -16.786 -16.419 -15.935 -17.194
0.745986 -14.494 -14.887 -15.555 -16.545 -16.98 -17.195 -16.209 -16.63 -16.982 -17.195 -17.226 -17.137 -16.613 -17.069 -17.235 -17.215 -17.121 -17.112 -17.244 -17.224 -17.159 -17.124 -17.188 -17.155 -17.227 -16.795 -16.435 -15.957 -17.163
0.768548 -14.324 -14.714 -15.418 -16.451 -16.917 -17.155 -16.126 -16.542 -16.92 -17.156 -17.204 -17.13 -16.523 -17.014 -17.207 -17.2 -17.116 -17.061 -17.215 -17.209 -17.152 -17.121 -17.157 -17.113 -17.205 -16.804 -16.451 -15.979 -17.131
0.791792 -14.149 -14.535 -15.277 -16.353 -16.851 -17.113 -16.04 -16.449 -16.854 -17.115 -17.18 -17.121 -16.429 -16.957 -17.176 -17.183 -17.109 -17.008 -17.185 -17.192 -17.144 -17.117 -17.125 -17.068 -17.18 -16.811 -16.466 -16.0 -17.096
0.815739 -13.971 -14.348 -15.129 -16.25 -16.78 -17.067 -15.952 -16.352 -16.784 -17.07 -17.155 -17.111 -16.33 -16.896 -17.142 -17.164 -17.101 -16.951 -17.151 -17.173 -17.134 -17.112 -17.09 -17.02 -17.153 -16.818 -16.481 -16.021 -17.06
0.840411 -13.789 -14.154 -14.977 -16.142 -16.706 -17.019 -15.861 -16.25 -16.711 -17.023 -17.127 -17.099 -16.226 -16.832 -17.106 -17.143 -17.091 -16.891 -17.116 -17.153 -17.122 -17.106 -17.053 -16.969 -17.124 -16.823 -16.494 -16.041 -17.021
0.865828 -13.604 -13.953 -14.819 -16.03 -16.628 -16.968 -15.768 -16.144 -16.634 -16.972 -17.097 -17.085 -16.118 -16.764 -17.068 -17.12 -17.08 -16.827 -17.077 -17.13 -17.109 -17.098 -17.013 -16.915 -17.092 -16.827 -16.507 -16.061 -16.979
0.892015 -13.417 -13.745 -14.656 -15.912 -16.546 -16.913 -15.672 -16.032 -16.552 -16.919 -17.064 -17.07 -16.004 -16.692 -17.026 -17.095 -17.066 -16.76 -17.036 -17.106 -17.093 -17.088 -16.971 -16.857 -17.059 -16.831 -16.519 -16.08 -16.936
0.918993 -13.227 -13.528 -14.486 -15.789 -16.46 -16.856 -15.573 -15.916 -16.467 -16.862 -17.029 -17.052 -15.885 -16.617 -16.982 -17.068 -17.051 -16.689 -16.993 -17.079 -17.076 -17.077 -16.926 -16.797 -17.022 -16.833 -16.531 -16.098 -16.89
0.946787 -13.037 -13.304 -14.311 -15.66 -16.37 -16.794 -15.471 -15.794 -16.377 -16.802 -16.991 -17.033 -15.761 -16.538 -16.935 -17.038 -17.034 -16.615 -16.946 -17.049 -17.058 -17.065 -16.879 -16.733 -16.983 -16.834 -16.541 -16.116 -16.841
0.975422 -12.845 -13.072 -14.131 -15.526 -16.275 -16.73 -15.366 -15.667 -16.283 -16.738 -16.951 -17.012 -15.631 -16.454 -16.885 -17.006 -17.015 -16.537 -16.896 -17.018 -17.037 -17.051 -16.829 -16.666 -16.942 -16.834 -16.551 -16.134 -16.79
1.004923 -12.655 -12.831 -13.944 -15.385 -16.175 -16.661 -15.258 -15.534 -16.184 -16.671 -16.908 -16.989 -15.496 -16.367 -16.831 -16.971 -16.994 -16.455 -16.844 -16.984 -17.014 -17.035 -16.776 -16.595 -16.897 -16.832 -16.559 -16.151 -16.737
1.035317 -12.465 -12.581 -13.751 -15.239 -16.07 -16.589 -15.147 -15.395 -16.081 -16.599 -16.862 -16.963 -15.354 -16.275 -16.775 -16.934 -16.971 -16.368 -16.788 -16.947 -16.989 -17.017 -16.72 -16.521 -16.85 -16.829 -16.567 -16.167 -16.681
1.066629 -12.279 -12.323 -13.552 -15.087 -15.961 -16.512 -15.033 -15.25 -15.973 -16.524 -16.814 -16.935 -15.206 -16.178 -16.715 -16.894 -16.946 -16.278 -16.728 -16.908 -16.961 -16.997 -16.661 -16.443 -16.799 -16.825 -16.574 -16.182 -16.622
1.098888 -12.097 -12.055 -13.347 -14.928 -15.846 -16.432 -14.915 -15.099 -15.859 -16.446 -16.762 -16.905 -15.052 -16.077 -16.651 -16.852 -16.919 -16.183 -16.666 -16.866 -16.932 -16.975 -16.599 -16.361 -16.746 -16.819 -16.579 -16.197 -16.561
1.132124 -11.921 -11.778 -13.135 -14.762 -15.726 -16.347 -14.795 -14.941 -15.741 -16.362 -16.707 -16.873 -14.891 -15.971 -16.584 -16.806 -16.889 -16.084 -16.599 -16.821 -16.9 -16.952 -16.534 -16.274 -16.689 -16.812 -16.584 -16.211 -16.497
1.166364 -11.752 -11.492 -12.918 -14.589 -15.601 -16.258 -14.67 -14.777 -15.617 -16.275 -16.649 -16.838 -14.724 -15.86 -16.513 -16.757 -16.857 -15.98 -16.529 -16.773 -16.865 -16.926 -16.466 -16.184 -16.63 -16.803 -16.588 -16.225 -16.43
1.20164 -11.591 -11.196 -12.694 -14.409 -15.47 -16.165 -14.542 -14.606 -15.487 -16.183 -16.587 -16.801 -14.549 -15.744 -16.438 -16.706 -16.822 -15.872 -16.456 -16.722 -16.828 -16.898 -16.394 -16.089 -16.566 -16.792 -16.59 -16.237 -16.36
1.237983 -11.439 -10.889 -12.463 -14.222 -15.333 -16.066 -14.411 -14.427 -15.352 -16.086 -16.523 -16.761 -14.367 -15.623 -16.359 -16.651 -16.785 -15.758 -16.378 -16.668 -16.788 -16.868 -16.319 -15.99 -16.499 -16.78 -16.592 -16.249 -16.287
1.275425 -11.298 -10.573 -12.227 -14.028 -15.19 -15.963 -14.276 -14.242 -15.211 -15.985 -16.454 -16.718 -14.177 -15.496 -16.276 -16.592 -16.745 -15.64 -16.296 -16.611 -16.746 -16.835 -16.24 -15.886 -16.429 -16.766 -16.592 -16.261 -16.211
1.313999 -11.168 -10.246 -11.984 -13.825 -15.04 -15.855 -14.136 -14.049 -15.063 -15.879 -16.382 -16.672 -13.98 -15.363 -16.188 -16.53 -16.702 -15.516 -16.21 -16.55 -16.7 -16.8 -16.158 -15.778 -16.355 -16.751 -16.591 -16.271 -16.133
1.35374 -11.049 -9.91 -11.734 -13.614 -14.885 -15.741 -13.993 -13.848 -14.91 -15.767 -16.306 -16.623 -13.775 -15.225 -16.096 -16.465 -16.657 -15.388 -16.12 -16.486 -16.652 -16.762 -16.072 -15.665 -16.277 -16.733 -16.588 -16.28 -16.051
1.394683 -10.94 -9.563 -11.479 -13.395 -14.722 -15.622 -13.846 -13.639 -14.75 -15.651 -16.226 -16.572 -13.561 -15.08 -15.999 -16.396 -16.608 -15.254 -16.025 -16.418 -16.6 -16.722 -15.982 -15.546 -16.194 -16.714 -16.584 -16.289 -15.966
1.436864 -10.842 -9.206 -11.218 -13.168 -14.553 -15.498 -13.695 -13.421 -14.583 -15.529 -16.142 -16.517 -13.339 -14.93 -15.898 -16.322 -16.556 -15.114 -15.925 -16.346 -16.545 -16.679 -15.888 -15.423 -16.108 -16.692 -16.579 -16.297 -15.878
1.480321 -10.753 -8.841 -10.95 -12.931 -14.376 -15.367 -13.539 -13.195 -14.409 -15.401 -16.053 -16.459 -13.108 -14.772 -15.791 -16.245 -16.501 -14.97 -15.821 -16.27 -16.487 -16.633 -15.789 -15.294 -16.017 -16.669 -16.573 -16.304 -15.787
1.525092 -10.672 -8.467 -10.677 -12.685 -14.192 -15.231 -13.379 -12.96 -14.228 -15.267 -15.961 -16.397 -12.867 -14.609 -15.679 -16.164 -16.443 -14.82 -15.712 -16.19 -16.426 -16.585 -15.687 -15.159 -15.922 -16.643 -16.565 -16.31 -15.693
1.571218 -10.599 -8.087 -10.397 -12.43 -14.001 -15.088 -13.215 -12.716 -14.04 -15.128 -15.863 -16.332 -12.618 -14.438 -15.562 -16.078 -16.381 -14.664 -15.598 -16.106 -16.361 -16.533 -15.58 -15.019 -15.823 -16.615 -16.555 -16.315 -15.596
1.618738 -10.531 -7.704 -10.112 -12.165 -13.801 -14.939 -13.046 -12.463 -13.844 -14.982 -15.762 -16.263 -12.358 -14.26 -15.44 -15.988 -16.315 -14.503 -15.478 -16.018 -16.292 -16.478 -15.469 -14.873 -15.718 -16.585 -16.544 -16.319 -15.496
1.667696 -10.469 -7.32 -9.822 -11.89 -13.594 -14.784 -12.872 -12.199 -13.64 -14.83 -15.655 -16.191 -12.089 -14.075 -15.312 -15.894 -16.246 -14.336 -15.353 -15.925 -16.219 -16.42 -15.353 -14.721 -15.609 -16.552 -16.532 -16.322 -15.393
1.718134 -10.411 -6.942 -9.526 -11.604 -13.378 -14.621 -12.693 -11.926 -13.429 -14.671 -15.544 -16.115 -11.809 -13.882 -15.177 -15.794 -16.173 -14.164 -15.223 -15.827 -16.143 -16.359 -15.233 -14.563 -15.495 -16.517 -16.517 -16.324 -15.287
1.770098 -10.357 -6.576 -9.224 -11.307 -13.154 -14.451 -12.51 -11.642 -13.209 -14.505 -15.427 -16.034 -11.518 -13.682 -15.037 -15.69 -16.096 -13.987 -15.087 -15.725 -16.062 -16.294 -15.107 -14.399 -15.375 -16.479 -16.501 -16.325 -15.178
1.823633 -10.304 -6.23 -8.918 -11.0 -12.92 -14.275 -12.322 -11.347 -12.98 -14.333 -15.305 -15.95 -11.216 -13.473 -14.891 -15.58 -16.015 -13.805 -14.946 -15.618 -15.977 -16.226 -14.977 -14.228 -15.251 -16.438 -16.483 -16.325 -15.066
1.878788 -10.254 -5.914 -8.606 -10.681 -12.678 -14.09 -12.129 -11.042 -12.742 -14.153 -15.178 -15.861 -10.903 -13.257 -14.738 -15.465 -15.929 -13.619 -14.799 -15.506 -15.888 -16.154 -14.841 -14.05 -15.12 -16.395 -16.463 -16.324 -14.951
1.93561 -10.205 -5.635 -8.288 -10.35 -12.426 -13.898 -11.93 -10.724 -12.496 -13.965 -15.045 -15.768 -10.578 -13.031 -14.578 -15.345 -15.839 -13.429 -14.645 -15.388 -15.794 -16.079 -14.7 -13.865 -14.985 -16.349 -16.442 -16.321 -14.834
1.994152 -10.157 -5.398 -7.965 -10.006 -12.164 -13.697 -11.727 -10.395 -12.24 -13.77 -14.907 -15.671 -10.24 -12.797 -14.411 -15.219 -15.745 -13.235 -14.486 -15.265 -15.696 -15.999 -14.553 -13.673 -14.843 -16.3 -16.418 -16.318 -14.714
2.054463 -10.11 -5.205 -7.637 -9.65 -11.892 -13.489 -11.519 -10.054 -11.975 -13.567 -14.763 -15.569 -9.89 -12.554 -14.237 -15.088 -15.645 -13.039 -14.321 -15.137 -15.592 -15.916 -14.401 -13.474 -14.695 -16.248 -16.392 -16.313 -14.593
2.116599 -10.063 -5.051 -7.303 -9.282 -11.61 -13.272 -11.305 -9.7 -11.699 -13.355 -14.612 -15.462 -9.527 -12.301 -14.056 -14.95 -15.541 -12.842 -14.149 -15.003 -15.484 -15.829 -14.243 -13.267 -14.541 -16.192 -16.364 -16.307 -14.469
2.180614 -10.016 -4.929 -6.963 -8.899 -11.317 -13.045 -11.087 -9.333 -11.414 -13.136 -14.456 -15.35 -9.151 -12.039 -13.867 -14.806 -15.432 -12.644 -13.972 -14.863 -15.371 -15.737 -14.079 -13.052 -14.381 -16.134 -16.334 -16.299 -14.343
2.246566 -9.969 -4.832 -6.616 -8.503 -11.013 -12.81 -10.863 -8.952 -11.118 -12.907 -14.293 -15.233 -8.76 -11.767 -13.67 -14.656 -15.318 -12.448 -13.788 -14.718 -15.253 -15.642 -13.909 -12.829 -14.215 -16.072 -16.302 -16.29 -14.216
2.314511 -9.921 -4.753 -6.263 -8.092 -10.697 -12.565 -10.636 -8.558 -10.811 -12.669 -14.123 -15.111 -8.355 -11.484 -13.466 -14.499 -15.198 -12.255 -13.599 -14.566 -15.129 -15.542 -13.732 -12.598 -14.041 -16.006 -16.267 -16.28 -14.088
2.384512 -9.874 -4.686 -5.904 -7.667 -10.37 -12.311 -10.403 -8.149 -10.493 -12.422 -13.947 -14.983 -7.936 -11.191 -13.253 -14.335 -15.073 -12.067 -13.404 -14.408 -15.0 -15.438 -13.549 -12.359 -13.861 -15.937 -16.23 -16.269 -13.96
2.45663 -9.822 -4.624 -5.59 -7.293 -10.079 -12.082 -10.197 -7.789 -10.21 -12.2 -13.785 -14.862 -7.567 -10.93 -13.058 -14.183 -14.954 -11.904 -13.228 -14.262 -14.877 -15.337 -13.381 -12.143 -13.695 -15.865 -16.185 -16.246 -13.842
2.530929 -9.755 -4.556 -5.522 -7.225 -10.012 -12.014 -10.129 -7.722 -10.143 -12.132 -13.717 -14.794 -7.499 -10.862 -12.991 -14.115 -14.886 -11.837 -13.16 -14.194 -14.81 -15.269 -13.314 -12.075 -13.627 -15.797 -16.118 -16.178 -13.774
2.607475 -9.686 -4.488 -5.454 -7.157 -9.944 -11.946 -10.061 -7.654 -10.075 -12.064 -13.649 -14.726 -7.431 -10.794 -12.923 -14.047 -14.818 -11.769 -13.092 -14.126 -14.742 -15.201 -13.246 -12.007 -13.559 -15.729 -16.05 -16.11 -13.706
2.686337 -9.618 -4.42 -5.385 -7.088 -9.875 -11.877 -9.993 -7.585 -10.006 -11.996 -13.581 -14.657 -7.362 -10.725 -12.854 -13.979 -14.75 -11.7 -13.024 -14.057 -14.673 -15.132 -13.177 -11.939 -13.491 -15.661 -15.981 -16.042 -13.637
2.767583 -9.549 -4.351 -5.317 -7.019 -9.806 -11.808 -9.924 -7.516 -9.937 -11.927 -13.512 -14.589 -7.294 -10.657 -12.785 -13.91 -14.681 -11.631 -12.955 -13.989 -14.604 -15.064 -13.108 -11.87 -13.422 -15.592 -15.912 -15.973 -13.568
2.851287 -9.48 -4.282 -5.247 -6.95 -9.737 -11.739 -9.855 -7.447 -9.868 -11.858 -13.443 -14.519 -7.224 -10.587 -12.716 -13.841 -14.612 -11.562 -12.886 -13.919 -14.535 -14.994 -13.039 -11.801 -13.353 -15.523 -15.843 -15.904 -13.499
2.937522 -9.41 -4.212 -5.178 -6.881 -9.668 -11.67 -9.785 -7.378 -9.799 -11.788 -13.373 -14.45 -7.155 -10.518 -12.647 -13.771 -14.542 -11.493 -12.816 -13.85 -14.466 -14.925 -12.97 -11.731 -13.283 -15.453 -15.774 -15.834 -13.43
3.026365 -9.34 -4.142 -5.108 -6.811 -9.598 -11.6 -9.715 -7.308 -9.729 -11.718 -13.303 -14.38 -7.085 -10.448 -12.577 -13.701 -14.472 -11.423 -12.746 -13.78 -14.396 -14.855 -12.9 -11.661 -13.213 -15.383 -15.704 -15.764 -13.36
