web/models/kne.last_good/kappa_0.5_3.0.v2/12/villar_0.0224_0.3433_0.5000.dat
# %ECSV 1.0
# ---
# datatype:
# - {name: time, datatype: float64}
# - {name: swift_uvot_uvw2, datatype: float64}
# - {name: swift_uvot_uvm2, datatype: float64}
# - {name: swift_uvot_uvw1, datatype: float64}
# - {name: swift_uvot_U, datatype: float64}
# - {name: swift_uvot_B, datatype: float64}
# - {name: swift_uvot_V, datatype: float64}
# - {name: swift_uvot_W, datatype: float64}
# - {name: johnson_U, datatype: float64}
# - {name: johnson_B, datatype: float64}
# - {name: johnson_V, datatype: float64}
# - {name: johnson_R, datatype: float64}
# - {name: johnson_I, datatype: float64}
# - {name: sdss_u, datatype: float64}
# - {name: sdss_g, datatype: float64}
# - {name: sdss_r, datatype: float64}
# - {name: sdss_i, datatype: float64}
# - {name: sdss_z, datatype: float64}
# - {name: PS1_g, datatype: float64}
# - {name: PS1_r, datatype: float64}
# - {name: PS1_i, datatype: float64}
# - {name: PS1_z, datatype: float64}
# - {name: PS1_Y, datatype: float64}
# - {name: PS1_w, datatype: float64}
# - {name: ATLAS_c, datatype: float64}
# - {name: ATLAS_o, datatype: float64}
# - {name: ukirt_J, datatype: float64}
# - {name: ukirt_H, datatype: float64}
# - {name: ukirt_K, datatype: float64}
# - {name: Clear, datatype: float64}
# meta: !!omap
# - comment: [kappa = 0.5, type = villar, mass = 0.022360679775100388, velocity = 0.3433333333333334, theta_obs = 0.0, tfloor = 2500.0]
# schema: astropy-2.0
time swift_uvot_uvw2 swift_uvot_uvm2 swift_uvot_uvw1 swift_uvot_U swift_uvot_B swift_uvot_V swift_uvot_W johnson_U johnson_B johnson_V johnson_R johnson_I sdss_u sdss_g sdss_r sdss_i sdss_z PS1_g PS1_r PS1_i PS1_z PS1_Y PS1_w ATLAS_c ATLAS_o ukirt_J ukirt_H ukirt_K Clear
[from data line 272]
3.309345 -7.454 -2.255 -3.221 -4.924 -7.711 -9.713 -7.829 -5.421 -7.842 -9.831 -11.416 -12.493 -5.198 -8.561 -10.69 -11.815 -12.585 -9.536 -10.859 -11.893 -12.509 -12.968 -11.013 -9.775 -11.327 -13.497 -13.817 -13.878 -11.473
3.409434 -7.392 -2.194 -3.16 -4.863 -7.649 -9.651 -7.767 -5.359 -7.78 -9.77 -11.355 -12.432 -5.137 -8.5 -10.628 -11.753 -12.524 -9.474 -10.798 -11.832 -12.447 -12.907 -10.951 -9.713 -11.265 -13.435 -13.755 -13.816 -11.412
3.51255 -7.33 -2.132 -3.098 -4.801 -7.588 -9.59 -7.705 -5.298 -7.719 -9.708 -11.293 -12.37 -5.075 -8.438 -10.567 -11.691 -12.462 -9.413 -10.736 -11.77 -12.386 -12.845 -10.89 -9.651 -11.203 -13.373 -13.694 -13.754 -11.35
3.618785 -7.268 -2.07 -3.036 -4.739 -7.526 -9.528 -7.643 -5.236 -7.657 -9.646 -11.231 -12.308 -5.013 -8.376 -10.505 -11.629 -12.4 -9.351 -10.674 -11.708 -12.324 -12.783 -10.828 -9.589 -11.141 -13.311 -13.632 -13.692 -11.288
3.728232 -7.206 -2.008 -2.974 -4.677 -7.463 -9.465 -7.581 -5.173 -7.594 -9.584 -11.169 -12.246 -4.951 -8.314 -10.442 -11.567 -12.338 -9.288 -10.612 -11.646 -12.261 -12.721 -10.765 -9.527 -11.079 -13.249 -13.569 -13.63 -11.226
3.84099 -7.144 -1.945 -2.911 -4.614 -7.401 -9.403 -7.519 -5.111 -7.532 -9.521 -11.106 -12.183 -4.888 -8.251 -10.38 -11.505 -12.275 -9.226 -10.549 -11.583 -12.199 -12.658 -10.703 -9.465 -11.017 -13.187 -13.507 -13.568 -11.163
3.957158 -7.081 -1.883 -2.849 -4.551 -7.338 -9.34 -7.456 -5.048 -7.469 -9.459 -11.044 -12.121 -4.826 -8.189 -10.317 -11.442 -12.213 -9.163 -10.487 -11.521 -12.136 -12.595 -10.64 -9.402 -10.954 -13.124 -13.444 -13.505 -11.1
4.07684 -7.018 -1.82 -2.786 -4.489 -7.275 -9.278 -7.393 -4.985 -7.406 -9.396 -10.981 -12.058 -4.763 -8.126 -10.254 -11.379 -12.15 -9.1 -10.424 -11.458 -12.073 -12.533 -10.577 -9.339 -10.891 -13.061 -13.381 -13.442 -11.038
4.200141 -6.955 -1.757 -2.723 -4.425 -7.212 -9.214 -7.33 -4.922 -7.343 -9.333 -10.918 -11.995 -4.7 -8.063 -10.191 -11.316 -12.087 -9.037 -10.361 -11.395 -12.01 -12.469 -10.514 -9.276 -10.828 -12.998 -13.318 -13.379 -10.974
4.327172 -6.892 -1.693 -2.659 -4.362 -7.149 -9.151 -7.267 -4.859 -7.28 -9.269 -10.854 -11.931 -4.636 -7.999 -10.128 -11.253 -12.024 -8.974 -10.297 -11.331 -11.947 -12.406 -10.451 -9.213 -10.765 -12.935 -13.255 -13.316 -10.911
4.458044 -6.828 -1.63 -2.596 -4.299 -7.085 -9.088 -7.203 -4.795 -7.216 -9.206 -10.791 -11.868 -4.573 -7.936 -10.064 -11.189 -11.96 -8.91 -10.234 -11.268 -11.883 -12.343 -10.387 -9.149 -10.701 -12.871 -13.191 -13.252 -10.848
4.592874 -6.764 -1.566 -2.532 -4.235 -7.022 -9.024 -7.139 -4.732 -7.153 -9.142 -10.727 -11.804 -4.509 -7.872 -10.001 -11.125 -11.896 -8.847 -10.17 -11.204 -11.82 -12.279 -10.324 -9.085 -10.637 -12.807 -13.128 -13.188 -10.784
4.731783 -6.7 -1.502 -2.468 -4.171 -6.958 -8.96 -7.075 -4.668 -7.089 -9.078 -10.663 -11.74 -4.445 -7.808 -9.937 -11.061 -11.832 -8.783 -10.106 -11.14 -11.756 -12.215 -10.26 -9.021 -10.573 -12.743 -13.064 -13.124 -10.72
4.874892 -6.636 -1.438 -2.404 -4.107 -6.893 -8.895 -7.011 -4.603 -7.024 -9.014 -10.599 -11.676 -4.381 -7.744 -9.872 -10.997 -11.768 -8.718 -10.042 -11.076 -11.691 -12.151 -10.195 -8.957 -10.509 -12.679 -12.999 -13.06 -10.656
5.02233 -6.572 -1.373 -2.339 -4.042 -6.829 -8.831 -6.947 -4.539 -6.96 -8.949 -10.534 -11.611 -4.316 -7.679 -9.808 -10.933 -11.703 -8.654 -9.977 -11.011 -11.627 -12.086 -10.131 -8.893 -10.445 -12.615 -12.935 -12.996 -10.591
5.174227 -6.507 -1.309 -2.275 -3.977 -6.764 -8.766 -6.882 -4.474 -6.895 -8.885 -10.47 -11.546 -4.251 -7.615 -9.743 -10.868 -11.639 -8.589 -9.913 -10.947 -11.562 -12.021 -10.066 -8.828 -10.38 -12.55 -12.87 -12.931 -10.526
5.330718 -6.442 -1.244 -2.21 -3.912 -6.699 -8.701 -6.817 -4.409 -6.83 -8.82 -10.405 -11.482 -4.187 -7.55 -9.678 -10.803 -11.574 -8.524 -9.848 -10.882 -11.497 -11.957 -10.001 -8.763 -10.315 -12.485 -12.805 -12.866 -10.461
5.491942 -6.377 -1.179 -2.145 -3.847 -6.634 -8.636 -6.752 -4.344 -6.765 -8.755 -10.34 -11.416 -4.121 -7.484 -9.613 -10.738 -11.509 -8.459 -9.783 -10.816 -11.432 -11.891 -9.936 -8.698 -10.25 -12.42 -12.74 -12.801 -10.396
5.658042 -6.312 -1.113 -2.079 -3.782 -6.569 -8.571 -6.687 -4.279 -6.7 -8.689 -10.274 -11.351 -4.056 -7.419 -9.548 -10.673 -11.443 -8.394 -9.717 -10.751 -11.367 -11.826 -9.871 -8.633 -10.185 -12.355 -12.675 -12.735 -10.331
5.829166 -6.246 -1.048 -2.014 -3.716 -6.503 -8.505 -6.621 -4.213 -6.634 -8.624 -10.209 -11.286 -3.991 -7.354 -9.482 -10.607 -11.378 -8.328 -9.652 -10.686 -11.301 -11.76 -9.805 -8.567 -10.119 -12.289 -12.609 -12.67 -10.265
6.005465 -6.18 -0.982 -1.948 -3.651 -6.437 -8.44 -6.555 -4.148 -6.569 -8.558 -10.143 -11.22 -3.925 -7.288 -9.417 -10.541 -11.312 -8.262 -9.586 -10.62 -11.236 -11.695 -9.74 -8.501 -10.053 -12.223 -12.544 -12.604 -10.2
6.187096 -6.114 -0.916 -1.882 -3.585 -6.372 -8.374 -6.489 -4.082 -6.503 -8.492 -10.077 -11.154 -3.859 -7.222 -9.351 -10.475 -11.246 -8.197 -9.52 -10.554 -11.17 -11.629 -9.674 -8.435 -9.987 -12.157 -12.478 -12.538 -10.134
6.37422 -6.048 -0.85 -1.816 -3.519 -6.305 -8.307 -6.423 -4.015 -6.436 -8.426 -10.011 -11.088 -3.793 -7.156 -9.284 -10.409 -11.18 -8.13 -9.454 -10.488 -11.103 -11.563 -9.607 -8.369 -9.921 -12.091 -12.411 -12.472 -10.068
6.567004 -5.982 -0.783 -1.749 -3.452 -6.239 -8.241 -6.357 -3.949 -6.37 -8.36 -9.944 -11.021 -3.726 -7.089 -9.218 -10.343 -11.114 -8.064 -9.387 -10.421 -11.037 -11.496 -9.541 -8.303 -9.855 -12.025 -12.345 -12.406 -10.001
6.765619 -5.915 -0.717 -1.683 -3.386 -6.172 -8.175 -6.29 -3.882 -6.303 -8.293 -9.878 -10.955 -3.66 -7.023 -9.151 -10.276 -11.047 -7.997 -9.321 -10.355 -10.97 -11.43 -9.474 -8.236 -9.788 -11.958 -12.278 -12.339 -9.935
6.97024 -5.848 -0.65 -1.616 -3.319 -6.106 -8.108 -6.223 -3.816 -6.237 -8.226 -9.811 -10.888 -3.593 -6.956 -9.085 -10.209 -10.98 -7.931 -9.254 -10.288 -10.904 -11.363 -9.408 -8.169 -9.721 -11.891 -12.212 -12.272 -9.868
7.181051 -5.781 -0.583 -1.549 -3.252 -6.039 -8.041 -6.156 -3.749 -6.17 -8.159 -9.744 -10.821 -3.526 -6.889 -9.018 -10.142 -10.913 -7.864 -9.187 -10.221 -10.837 -11.296 -9.341 -8.102 -9.654 -11.824 -12.145 -12.205 -9.801
7.398237 -5.714 -0.516 -1.482 -3.185 -5.971 -7.974 -6.089 -3.681 -6.102 -8.092 -9.677 -10.754 -3.459 -6.822 -8.95 -10.075 -10.846 -7.796 -9.12 -10.154 -10.769 -11.229 -9.273 -8.035 -9.587 -11.757 -12.077 -12.138 -9.734
7.621991 -5.647 -0.448 -1.414 -3.117 -5.904 -7.906 -6.022 -3.614 -6.035 -8.025 -9.609 -10.686 -3.391 -6.754 -8.883 -10.008 -10.779 -7.729 -9.052 -10.086 -10.702 -11.161 -9.206 -7.968 -9.52 -11.69 -12.01 -12.071 -9.666
7.852513 -5.579 -0.381 -1.347 -3.05 -5.836 -7.839 -5.954 -3.546 -5.967 -7.957 -9.542 -10.619 -3.324 -6.687 -8.816 -9.94 -10.711 -7.661 -8.985 -10.019 -10.635 -11.094 -9.139 -7.9 -9.452 -11.622 -11.943 -12.003 -9.599
8.090007 -5.512 -0.313 -1.279 -2.982 -5.769 -7.771 -5.886 -3.479 -5.9 -7.889 -9.474 -10.551 -3.256 -6.619 -8.748 -9.872 -10.643 -7.594 -8.917 -9.951 -10.567 -11.026 -9.071 -7.832 -9.384 -11.555 -11.875 -11.935 -9.531
8.334684 -5.444 -0.245 -1.211 -2.914 -5.701 -7.703 -5.818 -3.411 -5.832 -7.821 -9.406 -10.483 -3.188 -6.551 -8.68 -9.805 -10.575 -7.526 -8.849 -9.883 -10.499 -10.958 -9.003 -7.764 -9.317 -11.487 -11.807 -11.867 -9.463
8.586761 -5.376 -0.177 -1.143 -2.846 -5.633 -7.635 -5.75 -3.343 -5.764 -7.753 -9.338 -10.415 -3.12 -6.483 -8.612 -9.736 -10.507 -7.458 -8.781 -9.815 -10.431 -10.89 -8.935 -7.696 -9.248 -11.418 -11.739 -11.799 -9.395
8.846461 -5.307 -0.109 -1.075 -2.778 -5.564 -7.567 -5.682 -3.274 -5.695 -7.685 -9.27 -10.347 -3.052 -6.415 -8.543 -9.668 -10.439 -7.389 -8.713 -9.747 -10.362 -10.822 -8.866 -7.628 -9.18 -11.35 -11.67 -11.731 -9.327
9.114017 -5.239 -0.04 -1.006 -2.709 -5.496 -7.498 -5.614 -3.206 -5.627 -7.616 -9.201 -10.278 -2.983 -6.346 -8.475 -9.6 -10.371 -7.321 -8.644 -9.678 -10.294 -10.753 -8.798 -7.56 -9.112 -11.282 -11.602 -11.663 -9.258
9.389664 -5.17 0.028 -0.938 -2.64 -5.427 -7.429 -5.545 -3.137 -5.558 -7.548 -9.133 -10.21 -2.915 -6.278 -8.406 -9.531 -10.302 -7.252 -8.576 -9.61 -10.225 -10.685 -8.729 -7.491 -9.043 -11.213 -11.533 -11.594 -9.189
9.673648 -5.101 0.097 -0.869 -2.572 -5.358 -7.361 -5.476 -3.068 -5.489 -7.479 -9.064 -10.141 -2.846 -6.209 -8.338 -9.462 -10.233 -7.183 -8.507 -9.541 -10.157 -10.616 -8.661 -7.422 -8.974 -11.144 -11.465 -11.525 -9.121
9.966221 -5.032 0.166 -0.8 -2.503 -5.289 -7.292 -5.407 -3.0 -5.42 -7.41 -8.995 -10.072 -2.777 -6.14 -8.269 -9.393 -10.164 -7.114 -8.438 -9.472 -10.088 -10.547 -8.592 -7.353 -8.905 -11.075 -11.396 -11.456 -9.052
10.267642 -4.963 0.235 -0.731 -2.434 -5.22 -7.223 -5.338 -2.93 -5.351 -7.341 -8.926 -10.003 -2.708 -6.071 -8.199 -9.324 -10.095 -7.045 -8.369 -9.403 -10.018 -10.478 -8.522 -7.284 -8.836 -11.006 -11.326 -11.387 -8.983
10.57818 -4.894 0.304 -0.661 -2.364 -5.151 -7.153 -5.269 -2.861 -5.282 -7.272 -8.856 -9.933 -2.638 -6.001 -8.13 -9.255 -10.026 -6.976 -8.299 -9.333 -9.949 -10.408 -8.453 -7.215 -8.767 -10.937 -11.257 -11.318 -8.913
10.89811 -4.824 0.374 -0.592 -2.295 -5.082 -7.084 -5.199 -2.792 -5.213 -7.202 -8.787 -9.864 -2.569 -5.932 -8.061 -9.185 -9.956 -6.907 -8.23 -9.264 -9.88 -10.339 -8.384 -7.145 -8.697 -10.867 -11.188 -11.248 -8.844
11.227716 -4.755 0.444 -0.522 -2.225 -5.012 -7.014 -5.13 -2.722 -5.143 -7.133 -8.717 -9.794 -2.499 -5.862 -7.991 -9.116 -9.887 -6.837 -8.16 -9.194 -9.81 -10.269 -8.314 -7.076 -8.628 -10.798 -11.118 -11.179 -8.774
11.56729 -4.685 0.513 -0.453 -2.155 -4.942 -6.944 -5.06 -2.652 -5.073 -7.063 -8.648 -9.724 -2.429 -5.793 -7.921 -9.046 -9.817 -6.767 -8.091 -9.125 -9.74 -10.199 -8.244 -7.006 -8.558 -10.728 -11.048 -11.109 -8.704
11.917135 -4.615 0.583 -0.383 -2.085 -4.872 -6.874 -4.99 -2.582 -5.003 -6.993 -8.578 -9.655 -2.36 -5.723 -7.851 -8.976 -9.747 -6.697 -8.021 -9.055 -9.67 -10.129 -8.174 -6.936 -8.488 -10.658 -10.978 -11.039 -8.634
12.277561 -4.545 0.653 -0.313 -2.015 -4.802 -6.804 -4.92 -2.512 -4.933 -6.923 -8.508 -9.584 -2.289 -5.652 -7.781 -8.906 -9.677 -6.627 -7.951 -8.984 -9.6 -10.059 -8.104 -6.866 -8.418 -10.588 -10.908 -10.969 -8.564
12.648887 -4.475 0.724 -0.242 -1.945 -4.732 -6.734 -4.85 -2.442 -4.863 -6.853 -8.437 -9.514 -2.219 -5.582 -7.711 -8.836 -9.607 -6.557 -7.88 -8.914 -9.53 -9.989 -8.034 -6.796 -8.348 -10.518 -10.838 -10.899 -8.494
13.031444 -4.404 0.794 -0.172 -1.875 -4.662 -6.664 -4.779 -2.372 -4.793 -6.782 -8.367 -9.444 -2.149 -5.512 -7.641 -8.765 -9.536 -6.487 -7.81 -8.844 -9.46 -9.919 -7.964 -6.725 -8.277 -10.447 -10.768 -10.828 -8.424
13.425571 -4.334 0.865 -0.101 -1.804 -4.591 -6.593 -4.709 -2.301 -4.722 -6.712 -8.296 -9.373 -2.078 -5.441 -7.57 -8.695 -9.466 -6.416 -7.739 -8.773 -9.389 -9.848 -7.893 -6.655 -8.207 -10.377 -10.697 -10.758 -8.353
13.831619 -4.263 0.935 -0.031 -1.734 -4.52 -6.523 -4.638 -2.23 -4.651 -6.641 -8.226 -9.303 -2.008 -5.371 -7.499 -8.624 -9.395 -6.345 -7.669 -8.703 -9.318 -9.778 -7.822 -6.584 -8.136 -10.306 -10.626 -10.687 -8.283
14.249947 -4.192 1.006 0.04 -1.663 -4.45 -6.452 -4.567 -2.16 -4.581 -6.57 -8.155 -9.232 -1.937 -5.3 -7.429 -8.553 -9.324 -6.275 -7.598 -8.632 -9.248 -9.707 -7.752 -6.513 -8.065 -10.235 -10.556 -10.616 -8.212
14.680926 -4.122 1.077 0.111 -1.592 -4.379 -6.381 -4.496 -2.089 -4.51 -6.499 -8.084 -9.161 -1.866 -5.229 -7.358 -8.482 -9.253 -6.204 -7.527 -8.561 -9.177 -9.636 -7.681 -6.442 -7.994 -10.164 -10.485 -10.545 -8.141
15.124941 -4.05 1.148 0.182 -1.521 -4.308 -6.31 -4.425 -2.018 -4.439 -6.428 -8.013 -9.09 -1.795 -5.158 -7.287 -8.411 -9.182 -6.133 -7.456 -8.49 -9.106 -9.565 -7.61 -6.371 -7.923 -10.093 -10.414 -10.474 -8.07
15.582385 -3.979 1.219 0.253 -1.45 -4.236 -6.238 -4.354 -1.946 -4.367 -6.357 -7.942 -9.019 -1.724 -5.087 -7.215 -8.34 -9.111 -6.061 -7.385 -8.419 -9.034 -9.494 -7.538 -6.3 -7.852 -10.022 -10.342 -10.403 -7.999
16.053663 -3.908 1.291 0.325 -1.378 -4.165 -6.167 -4.283 -1.875 -4.296 -6.286 -7.87 -8.947 -1.652 -5.015 -7.144 -8.269 -9.04 -5.99 -7.313 -8.347 -8.963 -9.422 -7.467 -6.229 -7.781 -9.951 -10.271 -10.332 -7.927
16.539195 -3.836 1.362 0.396 -1.307 -4.094 -6.096 -4.211 -1.804 -4.225 -6.214 -7.799 -8.876 -1.581 -4.944 -7.073 -8.197 -8.968 -5.919 -7.242 -8.276 -8.892 -9.351 -7.396 -6.157 -7.709 -9.879 -10.2 -10.26 -7.856
17.039412 -3.765 1.434 0.468 -1.235 -4.022 -6.024 -4.14 -1.732 -4.153 -6.143 -7.727 -8.804 -1.509 -4.872 -7.001 -8.126 -8.897 -5.847 -7.17 -8.204 -8.82 -9.279 -7.324 -6.086 -7.638 -9.808 -10.128 -10.189 -7.784
17.554757 -3.693 1.505 0.539 -1.163 -3.95 -5.952 -4.068 -1.66 -4.081 -6.071 -7.656 -8.733 -1.438 -4.801 -6.929 -8.054 -8.825 -5.775 -7.099 -8.133 -8.748 -9.207 -7.252 -6.014 -7.566 -9.736 -10.056 -10.117 -7.712
18.085689 -3.621 1.577 0.611 -1.092 -3.878 -5.881 -3.996 -1.588 -4.009 -5.999 -7.584 -8.661 -1.366 -4.729 -6.857 -7.982 -8.753 -5.703 -7.027 -8.061 -8.676 -9.136 -7.18 -5.942 -7.494 -9.664 -9.984 -10.045 -7.641
18.632678 -3.549 1.649 0.683 -1.02 -3.806 -5.809 -3.924 -1.516 -3.937 -5.927 -7.512 -8.589 -1.294 -4.657 -6.785 -7.91 -8.681 -5.631 -6.955 -7.989 -8.604 -9.064 -7.109 -5.87 -7.422 -9.592 -9.912 -9.973 -7.569
19.196211 -3.477 1.721 0.755 -0.948 -3.734 -5.736 -3.852 -1.444 -3.865 -5.855 -7.44 -8.517 -1.222 -4.585 -6.713 -7.838 -8.609 -5.559 -6.883 -7.917 -8.532 -8.992 -7.036 -5.798 -7.35 -9.52 -9.84 -9.901 -7.497
19.776787 -3.405 1.793 0.828 -0.875 -3.662 -5.664 -3.78 -1.372 -3.793 -5.783 -7.368 -8.444 -1.149 -4.512 -6.641 -7.766 -8.537 -5.487 -6.811 -7.844 -8.46 -8.919 -6.964 -5.726 -7.278 -9.448 -9.768 -9.829 -7.424
20.374923 -3.333 1.866 0.9 -0.803 -3.59 -5.592 -3.708 -1.3 -3.721 -5.71 -7.295 -8.372 -1.077 -4.44 -6.569 -7.694 -8.464 -5.415 -6.738 -7.772 -8.388 -8.847 -6.892 -5.654 -7.206 -9.376 -9.696 -9.756 -7.352
20.991149 -3.26 1.938 0.972 -0.731 -3.517 -5.52 -3.635 -1.227 -3.648 -5.638 -7.223 -8.3 -1.005 -4.368 -6.496 -7.621 -8.392 -5.342 -6.666 -7.7 -8.315 -8.775 -6.819 -5.581 -7.133 -9.303 -9.623 -9.684 -7.28
21.626011 -3.188 2.011 1.045 -0.658 -3.445 -5.447 -3.563 -1.155 -3.576 -5.565 -7.15 -8.227 -0.932 -4.295 -6.424 -7.549 -8.319 -5.27 -6.593 -7.627 -8.243 -8.702 -6.747 -5.509 -7.061 -9.231 -9.551 -9.612 -7.207
22.280075 -3.115 2.083 1.117 -0.585 -3.372 -5.374 -3.49 -1.082 -3.503 -5.493 -7.078 -8.154 -0.86 -4.223 -6.351 -7.476 -8.247 -5.197 -6.521 -7.555 -8.17 -8.629 -6.674 -5.436 -6.988 -9.158 -9.478 -9.539 -7.134
22.953921 -3.042 2.156 1.19 -0.513 -3.299 -5.302 -3.417 -1.009 -3.43 -5.42 -7.005 -8.082 -0.787 -4.15 -6.279 -7.403 -8.174 -5.124 -6.448 -7.482 -8.097 -8.557 -6.602 -5.363 -6.915 -9.085 -9.406 -9.466 -7.062
23.648147 -2.969 2.229 1.263 -0.44 -3.227 -5.229 -3.344 -0.937 -3.358 -5.347 -6.932 -8.009 -0.714 -4.077 -6.206 -7.33 -8.101 -5.052 -6.375 -7.409 -8.025 -8.484 -6.529 -5.29 -6.842 -9.012 -9.333 -9.393 -6.989
24.363369 -2.897 2.302 1.336 -0.367 -3.154 -5.156 -3.271 -0.864 -3.285 -5.274 -6.859 -7.936 -0.641 -4.004 -6.133 -7.257 -8.028 -4.979 -6.302 -7.336 -7.952 -8.411 -6.456 -5.217 -6.769 -8.939 -9.26 -9.32 -6.916
25.100222 -2.823 2.375 1.409 -0.294 -3.081 -5.083 -3.198 -0.791 -3.212 -5.201 -6.786 -7.863 -0.568 -3.931 -6.06 -7.184 -7.955 -4.906 -6.229 -7.263 -7.879 -8.338 -6.383 -5.144 -6.696 -8.866 -9.187 -9.247 -6.843
25.859362 -2.75 2.448 1.482 -0.221 -3.007 -5.01 -3.125 -0.717 -3.138 -5.128 -6.713 -7.79 -0.495 -3.858 -5.986 -7.111 -7.882 -4.832 -6.156 -7.19 -7.805 -8.265 -6.309 -5.071 -6.623 -8.793 -9.113 -9.174 -6.77
26.64146 -2.677 2.521 1.556 -0.147 -2.934 -4.936 -3.052 -0.644 -3.065 -5.055 -6.64 -7.716 -0.421 -3.784 -5.913 -7.038 -7.809 -4.759 -6.083 -7.116 -7.732 -8.191 -6.236 -4.998 -6.55 -8.72 -9.04 -9.101 -6.696
27.447213 -2.604 2.595 1.629 -0.074 -2.861 -4.863 -2.978 -0.571 -2.992 -4.981 -6.566 -7.643 -0.348 -3.711 -5.84 -6.964 -7.735 -4.686 -6.009 -7.043 -7.659 -8.118 -6.163 -4.924 -6.476 -8.647 -8.967 -9.027 -6.623
28.277335 -2.53 2.668 1.702 -0.0 -2.787 -4.789 -2.905 -0.497 -2.918 -4.908 -6.493 -7.57 -0.275 -3.638 -5.766 -6.891 -7.662 -4.612 -5.936 -6.97 -7.585 -8.044 -6.089 -4.851 -6.403 -8.573 -8.893 -8.954 -6.549
