web/models/kne.last_good/kappa_0.5_3.0.v2/12/villar_0.0023_0.4217_0.5000.dat
# %ECSV 1.0
# ---
# datatype:
# - {name: time, datatype: float64}
# - {name: swift_uvot_uvw2, datatype: float64}
# - {name: swift_uvot_uvm2, datatype: float64}
# - {name: swift_uvot_uvw1, datatype: float64}
# - {name: swift_uvot_U, datatype: float64}
# - {name: swift_uvot_B, datatype: float64}
# - {name: swift_uvot_V, datatype: float64}
# - {name: swift_uvot_W, datatype: float64}
# - {name: johnson_U, datatype: float64}
# - {name: johnson_B, datatype: float64}
# - {name: johnson_V, datatype: float64}
# - {name: johnson_R, datatype: float64}
# - {name: johnson_I, datatype: float64}
# - {name: sdss_u, datatype: float64}
# - {name: sdss_g, datatype: float64}
# - {name: sdss_r, datatype: float64}
# - {name: sdss_i, datatype: float64}
# - {name: sdss_z, datatype: float64}
# - {name: PS1_g, datatype: float64}
# - {name: PS1_r, datatype: float64}
# - {name: PS1_i, datatype: float64}
# - {name: PS1_z, datatype: float64}
# - {name: PS1_Y, datatype: float64}
# - {name: PS1_w, datatype: float64}
# - {name: ATLAS_c, datatype: float64}
# - {name: ATLAS_o, datatype: float64}
# - {name: ukirt_J, datatype: float64}
# - {name: ukirt_H, datatype: float64}
# - {name: ukirt_K, datatype: float64}
# - {name: Clear, datatype: float64}
# meta: !!omap
# - comment: [kappa = 0.5, type = villar, mass = 0.0022901433483143324, velocity = 0.4216666666666667, theta_obs = 0.0, tfloor = 2500.0]
# schema: astropy-2.0
time swift_uvot_uvw2 swift_uvot_uvm2 swift_uvot_uvw1 swift_uvot_U swift_uvot_B swift_uvot_V swift_uvot_W johnson_U johnson_B johnson_V johnson_R johnson_I sdss_u sdss_g sdss_r sdss_i sdss_z PS1_g PS1_r PS1_i PS1_z PS1_Y PS1_w ATLAS_c ATLAS_o ukirt_J ukirt_H ukirt_K Clear
[from data line 69]
0.007814 -15.51 -14.284 -13.994 -13.333 -12.868 -12.401 -13.853 -13.262 -12.864 -12.389 -11.94 -11.432 -13.273 -12.718 -12.136 -11.73 -11.357 -13.172 -12.782 -12.586 -12.735 -13.486 -12.228 -12.492 -11.972 -10.631 -10.056 -9.4 -12.332
0.00805 -15.509 -14.312 -14.026 -13.367 -12.902 -12.436 -13.884 -13.296 -12.899 -12.424 -11.976 -11.469 -13.307 -12.753 -12.172 -11.765 -11.393 -13.188 -12.795 -12.593 -12.734 -13.476 -12.263 -12.527 -12.008 -10.668 -10.092 -9.437 -12.367
0.008294 -15.509 -14.34 -14.058 -13.4 -12.937 -12.471 -13.916 -13.329 -12.933 -12.459 -12.011 -11.505 -13.341 -12.788 -12.207 -11.801 -11.429 -13.204 -12.807 -12.601 -12.733 -13.466 -12.298 -12.562 -12.043 -10.705 -10.129 -9.474 -12.402
0.008545 -15.508 -14.367 -14.09 -13.434 -12.971 -12.506 -13.947 -13.363 -12.967 -12.495 -12.047 -11.541 -13.375 -12.822 -12.243 -11.837 -11.465 -13.22 -12.821 -12.609 -12.734 -13.457 -12.333 -12.597 -12.079 -10.741 -10.166 -9.51 -12.437
0.008803 -15.508 -14.395 -14.121 -13.467 -13.005 -12.541 -13.979 -13.397 -13.002 -12.53 -12.082 -11.576 -13.408 -12.857 -12.278 -11.873 -11.501 -13.237 -12.835 -12.618 -12.734 -13.447 -12.368 -12.632 -12.114 -10.777 -10.203 -9.547 -12.472
0.009069 -15.509 -14.423 -14.153 -13.501 -13.04 -12.576 -14.01 -13.43 -13.036 -12.564 -12.118 -11.612 -13.441 -12.891 -12.313 -11.908 -11.537 -13.255 -12.849 -12.628 -12.736 -13.438 -12.403 -12.667 -12.15 -10.814 -10.239 -9.584 -12.506
0.009344 -15.51 -14.451 -14.184 -13.534 -13.074 -12.611 -14.041 -13.463 -13.07 -12.599 -12.153 -11.648 -13.475 -12.925 -12.348 -11.944 -11.573 -13.273 -12.864 -12.638 -12.737 -13.429 -12.438 -12.701 -12.185 -10.85 -10.276 -9.621 -12.541
0.009626 -15.511 -14.478 -14.215 -13.567 -13.108 -12.645 -14.072 -13.496 -13.104 -12.634 -12.188 -11.684 -13.508 -12.96 -12.383 -11.979 -11.609 -13.291 -12.88 -12.648 -12.74 -13.421 -12.473 -12.736 -12.22 -10.887 -10.313 -9.658 -12.576
0.009917 -15.512 -14.506 -14.245 -13.6 -13.142 -12.68 -14.102 -13.53 -13.138 -12.669 -12.223 -11.72 -13.541 -12.994 -12.418 -12.015 -11.645 -13.31 -12.896 -12.66 -12.743 -13.413 -12.508 -12.77 -12.255 -10.923 -10.349 -9.695 -12.61
0.010217 -15.514 -14.533 -14.276 -13.633 -13.175 -12.715 -14.132 -13.562 -13.172 -12.703 -12.258 -11.755 -13.574 -13.028 -12.453 -12.05 -11.68 -13.329 -12.912 -12.672 -12.746 -13.405 -12.542 -12.805 -12.29 -10.959 -10.386 -9.732 -12.645
0.010526 -15.516 -14.56 -14.306 -13.665 -13.209 -12.749 -14.163 -13.595 -13.205 -12.738 -12.294 -11.791 -13.607 -13.062 -12.488 -12.085 -11.716 -13.349 -12.929 -12.684 -12.75 -13.397 -12.577 -12.839 -12.325 -10.995 -10.422 -9.768 -12.679
0.010845 -15.519 -14.587 -14.336 -13.698 -13.242 -12.783 -14.192 -13.628 -13.239 -12.772 -12.328 -11.826 -13.639 -13.095 -12.523 -12.121 -11.752 -13.369 -12.947 -12.697 -12.755 -13.39 -12.611 -12.873 -12.36 -11.031 -10.459 -9.805 -12.713
0.011173 -15.522 -14.614 -14.366 -13.73 -13.276 -12.818 -14.222 -13.66 -13.272 -12.806 -12.363 -11.862 -13.672 -13.129 -12.557 -12.156 -11.787 -13.389 -12.965 -12.71 -12.76 -13.383 -12.646 -12.907 -12.395 -11.067 -10.495 -9.842 -12.747
0.011511 -15.525 -14.641 -14.396 -13.762 -13.309 -12.852 -14.252 -13.693 -13.305 -12.84 -12.398 -11.897 -13.704 -13.163 -12.592 -12.191 -11.823 -13.41 -12.983 -12.724 -12.765 -13.377 -12.68 -12.941 -12.43 -11.103 -10.531 -9.878 -12.781
0.011859 -15.528 -14.668 -14.426 -13.794 -13.342 -12.886 -14.281 -13.725 -13.339 -12.874 -12.433 -11.932 -13.736 -13.196 -12.626 -12.226 -11.858 -13.431 -13.002 -12.739 -12.772 -13.371 -12.714 -12.975 -12.464 -11.139 -10.568 -9.915 -12.815
0.012217 -15.532 -14.694 -14.455 -13.826 -13.375 -12.92 -14.31 -13.757 -13.372 -12.908 -12.467 -11.967 -13.768 -13.229 -12.661 -12.261 -11.893 -13.452 -13.021 -12.754 -12.778 -13.365 -12.748 -13.008 -12.499 -11.175 -10.604 -9.951 -12.849
0.012587 -15.536 -14.721 -14.484 -13.858 -13.408 -12.954 -14.338 -13.789 -13.404 -12.942 -12.502 -12.003 -13.8 -13.263 -12.695 -12.296 -11.929 -13.474 -13.041 -12.77 -12.786 -13.359 -12.782 -13.042 -12.533 -11.211 -10.64 -9.988 -12.883
0.012968 -15.54 -14.747 -14.512 -13.889 -13.441 -12.987 -14.367 -13.821 -13.437 -12.976 -12.536 -12.038 -13.832 -13.296 -12.729 -12.33 -11.964 -13.496 -13.061 -12.786 -12.794 -13.354 -12.816 -13.076 -12.568 -11.247 -10.676 -10.024 -12.916
0.01336 -15.545 -14.773 -14.541 -13.92 -13.474 -13.021 -14.395 -13.852 -13.47 -13.01 -12.571 -12.073 -13.863 -13.329 -12.763 -12.365 -11.999 -13.518 -13.082 -12.803 -12.802 -13.35 -12.85 -13.109 -12.602 -11.283 -10.712 -10.061 -12.95
0.013764 -15.549 -14.798 -14.569 -13.951 -13.506 -13.054 -14.423 -13.883 -13.502 -13.043 -12.605 -12.108 -13.895 -13.361 -12.797 -12.399 -12.034 -13.541 -13.102 -12.82 -12.811 -13.346 -12.883 -13.142 -12.636 -11.318 -10.748 -10.097 -12.983
0.01418 -15.554 -14.824 -14.597 -13.982 -13.538 -13.088 -14.451 -13.915 -13.534 -13.076 -12.639 -12.142 -13.926 -13.394 -12.831 -12.434 -12.069 -13.564 -13.124 -12.837 -12.821 -13.342 -12.917 -13.175 -12.67 -11.354 -10.784 -10.134 -13.016
0.014609 -15.559 -14.849 -14.625 -14.013 -13.57 -13.121 -14.478 -13.945 -13.567 -13.11 -12.673 -12.177 -13.957 -13.426 -12.865 -12.468 -12.104 -13.587 -13.145 -12.855 -12.831 -13.339 -12.95 -13.208 -12.704 -11.39 -10.82 -10.17 -13.049
0.015051 -15.564 -14.874 -14.652 -14.044 -13.602 -13.154 -14.505 -13.976 -13.599 -13.143 -12.707 -12.212 -13.987 -13.459 -12.898 -12.503 -12.138 -13.61 -13.167 -12.874 -12.842 -13.336 -12.983 -13.241 -12.738 -11.425 -10.856 -10.206 -13.082
0.015506 -15.57 -14.899 -14.679 -14.074 -13.634 -13.187 -14.532 -14.007 -13.63 -13.176 -12.741 -12.246 -14.018 -13.491 -12.932 -12.537 -12.173 -13.634 -13.189 -12.893 -12.853 -13.333 -13.017 -13.274 -12.772 -11.461 -10.892 -10.242 -13.115
0.015975 -15.575 -14.923 -14.706 -14.104 -13.666 -13.22 -14.558 -14.037 -13.662 -13.209 -12.774 -12.281 -14.048 -13.523 -12.965 -12.571 -12.208 -13.657 -13.212 -12.912 -12.865 -13.331 -13.05 -13.306 -12.805 -11.496 -10.928 -10.279 -13.147
0.016458 -15.581 -14.947 -14.732 -14.134 -13.697 -13.253 -14.584 -14.067 -13.693 -13.241 -12.808 -12.315 -14.078 -13.555 -12.998 -12.605 -12.242 -13.681 -13.235 -12.932 -12.878 -13.33 -13.082 -13.339 -12.839 -11.531 -10.964 -10.315 -13.18
0.016956 -15.587 -14.971 -14.758 -14.164 -13.729 -13.285 -14.61 -14.097 -13.725 -13.274 -12.841 -12.349 -14.108 -13.587 -13.032 -12.639 -12.276 -13.705 -13.258 -12.952 -12.891 -13.329 -13.115 -13.371 -12.872 -11.566 -10.999 -10.351 -13.212
0.017469 -15.593 -14.995 -14.784 -14.193 -13.76 -13.318 -14.635 -14.127 -13.756 -13.306 -12.875 -12.384 -14.138 -13.618 -13.064 -12.672 -12.311 -13.729 -13.281 -12.972 -12.904 -13.329 -13.148 -13.403 -12.906 -11.602 -11.035 -10.387 -13.244
0.017997 -15.598 -15.018 -14.809 -14.222 -13.79 -13.35 -14.66 -14.156 -13.787 -13.338 -12.908 -12.418 -14.167 -13.649 -13.097 -12.706 -12.345 -13.754 -13.305 -12.993 -12.918 -13.329 -13.18 -13.435 -12.939 -11.637 -11.071 -10.423 -13.276
0.018541 -15.604 -15.04 -14.834 -14.251 -13.821 -13.382 -14.685 -14.186 -13.817 -13.371 -12.941 -12.452 -14.197 -13.681 -13.13 -12.739 -12.379 -13.778 -13.328 -13.014 -12.933 -13.329 -13.212 -13.466 -12.972 -11.672 -11.106 -10.459 -13.308
0.019102 -15.61 -15.063 -14.859 -14.28 -13.852 -13.414 -14.709 -14.215 -13.848 -13.402 -12.974 -12.485 -14.226 -13.711 -13.163 -12.773 -12.413 -13.803 -13.352 -13.036 -12.947 -13.33 -13.244 -13.498 -13.005 -11.706 -11.141 -10.495 -13.34
0.01968 -15.616 -15.085 -14.883 -14.308 -13.882 -13.446 -14.733 -14.243 -13.878 -13.434 -13.007 -12.519 -14.254 -13.742 -13.195 -12.806 -12.447 -13.827 -13.377 -13.058 -12.963 -13.331 -13.276 -13.529 -13.037 -11.741 -11.177 -10.53 -13.372
0.020275 -15.622 -15.106 -14.907 -14.336 -13.912 -13.477 -14.757 -14.272 -13.908 -13.466 -13.039 -12.553 -14.283 -13.773 -13.227 -12.839 -12.481 -13.852 -13.401 -13.08 -12.979 -13.334 -13.308 -13.561 -13.07 -11.776 -11.212 -10.566 -13.403
0.020888 -15.628 -15.128 -14.93 -14.364 -13.942 -13.508 -14.78 -14.3 -13.938 -13.497 -13.072 -12.586 -14.311 -13.803 -13.259 -12.872 -12.514 -13.877 -13.426 -13.102 -12.995 -13.336 -13.34 -13.592 -13.102 -11.811 -11.247 -10.602 -13.434
0.02152 -15.633 -15.148 -14.953 -14.392 -13.971 -13.54 -14.802 -14.328 -13.968 -13.528 -13.104 -12.62 -14.339 -13.833 -13.291 -12.905 -12.548 -13.901 -13.45 -13.125 -13.012 -13.339 -13.371 -13.622 -13.134 -11.845 -11.282 -10.637 -13.465
0.022171 -15.639 -15.169 -14.976 -14.419 -14.001 -13.571 -14.825 -14.355 -13.997 -13.559 -13.136 -12.653 -14.366 -13.863 -13.323 -12.938 -12.581 -13.926 -13.475 -13.148 -13.029 -13.343 -13.402 -13.653 -13.167 -11.88 -11.317 -10.673 -13.496
0.022841 -15.644 -15.188 -14.998 -14.446 -14.03 -13.601 -14.846 -14.383 -14.026 -13.59 -13.168 -12.686 -14.393 -13.893 -13.354 -12.97 -12.615 -13.951 -13.5 -13.171 -13.047 -13.347 -13.433 -13.683 -13.198 -11.914 -11.352 -10.708 -13.526
0.023532 -15.65 -15.208 -15.019 -14.472 -14.059 -13.632 -14.868 -14.41 -14.055 -13.621 -13.2 -12.719 -14.42 -13.922 -13.386 -13.003 -12.648 -13.976 -13.525 -13.195 -13.065 -13.351 -13.464 -13.713 -13.23 -11.948 -11.387 -10.744 -13.557
0.024244 -15.655 -15.227 -15.04 -14.499 -14.087 -13.662 -14.888 -14.436 -14.084 -13.651 -13.232 -12.752 -14.447 -13.951 -13.417 -13.035 -12.681 -14.0 -13.55 -13.218 -13.083 -13.356 -13.495 -13.743 -13.262 -11.982 -11.422 -10.779 -13.587
0.024977 -15.659 -15.245 -15.061 -14.525 -14.116 -13.693 -14.909 -14.463 -14.112 -13.681 -13.263 -12.784 -14.473 -13.98 -13.448 -13.067 -12.714 -14.025 -13.575 -13.242 -13.102 -13.362 -13.525 -13.773 -13.293 -12.017 -11.457 -10.814 -13.617
0.025733 -15.664 -15.263 -15.081 -14.55 -14.144 -13.723 -14.929 -14.489 -14.14 -13.711 -13.294 -12.817 -14.499 -14.009 -13.479 -13.099 -12.746 -14.05 -13.6 -13.266 -13.121 -13.368 -13.555 -13.803 -13.324 -12.05 -11.491 -10.85 -13.646
0.026511 -15.668 -15.28 -15.101 -14.575 -14.171 -13.752 -14.948 -14.514 -14.168 -13.741 -13.326 -12.849 -14.525 -14.037 -13.509 -13.131 -12.779 -14.074 -13.625 -13.29 -13.14 -13.375 -13.585 -13.832 -13.355 -12.084 -11.526 -10.885 -13.676
0.027313 -15.672 -15.296 -15.12 -14.6 -14.199 -13.782 -14.966 -14.539 -14.195 -13.771 -13.356 -12.882 -14.55 -14.066 -13.54 -13.162 -12.811 -14.099 -13.651 -13.314 -13.16 -13.382 -13.615 -13.861 -13.386 -12.118 -11.56 -10.92 -13.705
0.028139 -15.675 -15.312 -15.138 -14.625 -14.226 -13.811 -14.985 -14.564 -14.222 -13.8 -13.387 -12.914 -14.575 -14.093 -13.57 -13.194 -12.844 -14.123 -13.676 -13.339 -13.18 -13.39 -13.645 -13.89 -13.417 -12.152 -11.595 -10.955 -13.734
0.02899 -15.678 -15.328 -15.156 -14.649 -14.253 -13.84 -15.002 -14.589 -14.249 -13.829 -13.418 -12.946 -14.599 -14.121 -13.6 -13.225 -12.876 -14.147 -13.701 -13.363 -13.201 -13.398 -13.674 -13.918 -13.447 -12.185 -11.629 -10.99 -13.763
0.029867 -15.681 -15.342 -15.173 -14.672 -14.279 -13.869 -15.019 -14.613 -14.276 -13.858 -13.448 -12.977 -14.624 -14.148 -13.63 -13.256 -12.908 -14.171 -13.726 -13.388 -13.221 -13.407 -13.703 -13.946 -13.478 -12.219 -11.663 -11.025 -13.791
0.03077 -15.683 -15.356 -15.19 -14.695 -14.306 -13.897 -15.035 -14.637 -14.302 -13.886 -13.478 -13.009 -14.647 -14.175 -13.659 -13.287 -12.94 -14.195 -13.751 -13.412 -13.242 -13.416 -13.732 -13.974 -13.508 -12.252 -11.697 -11.059 -13.819
0.031701 -15.684 -15.369 -15.206 -14.718 -14.331 -13.926 -15.051 -14.66 -14.328 -13.915 -13.508 -13.04 -14.67 -14.202 -13.688 -13.317 -12.971 -14.219 -13.777 -13.437 -13.263 -13.425 -13.76 -14.002 -13.537 -12.285 -11.731 -11.094 -13.847
0.032659 -15.685 -15.382 -15.221 -14.74 -14.357 -13.953 -15.066 -14.683 -14.353 -13.943 -13.538 -13.072 -14.693 -14.228 -13.717 -13.348 -13.003 -14.242 -13.802 -13.462 -13.285 -13.436 -13.788 -14.029 -13.567 -12.318 -11.765 -11.129 -13.875
0.033647 -15.686 -15.394 -15.235 -14.762 -14.382 -13.981 -15.08 -14.705 -14.378 -13.97 -13.567 -13.103 -14.715 -14.254 -13.746 -13.378 -13.034 -14.266 -13.827 -13.487 -13.306 -13.446 -13.816 -14.056 -13.596 -12.351 -11.799 -11.163 -13.902
0.034665 -15.686 -15.405 -15.249 -14.784 -14.407 -14.008 -15.094 -14.727 -14.403 -13.998 -13.596 -13.134 -14.737 -14.28 -13.775 -13.408 -13.065 -14.289 -13.851 -13.512 -13.328 -13.457 -13.844 -14.083 -13.625 -12.383 -11.832 -11.197 -13.929
0.035713 -15.685 -15.415 -15.262 -14.804 -14.431 -14.035 -15.107 -14.748 -14.427 -14.025 -13.625 -13.164 -14.759 -14.305 -13.803 -13.438 -13.096 -14.312 -13.876 -13.536 -13.35 -13.469 -13.872 -14.109 -13.654 -12.416 -11.866 -11.232 -13.956
0.036793 -15.683 -15.424 -15.275 -14.825 -14.455 -14.062 -15.119 -14.769 -14.451 -14.051 -13.654 -13.195 -14.78 -14.33 -13.831 -13.467 -13.127 -14.335 -13.901 -13.561 -13.372 -13.48 -13.899 -14.135 -13.683 -12.448 -11.899 -11.266 -13.982
0.037906 -15.681 -15.432 -15.286 -14.844 -14.479 -14.089 -15.13 -14.79 -14.475 -14.078 -13.682 -13.225 -14.8 -14.354 -13.859 -13.497 -13.157 -14.357 -13.925 -13.586 -13.394 -13.493 -13.925 -14.161 -13.711 -12.481 -11.933 -11.3 -14.008
0.039052 -15.677 -15.44 -15.297 -14.864 -14.502 -14.115 -15.141 -14.81 -14.498 -14.104 -13.71 -13.255 -14.82 -14.378 -13.886 -13.526 -13.187 -14.379 -13.95 -13.611 -13.416 -13.505 -13.952 -14.186 -13.739 -12.513 -11.966 -11.334 -14.034
0.040234 -15.673 -15.446 -15.307 -14.882 -14.524 -14.14 -15.151 -14.829 -14.52 -14.13 -13.738 -13.285 -14.839 -14.402 -13.913 -13.554 -13.218 -14.401 -13.974 -13.635 -13.439 -13.518 -13.978 -14.211 -13.766 -12.545 -11.999 -11.368 -14.059
0.04145 -15.668 -15.452 -15.316 -14.9 -14.546 -14.166 -15.16 -14.848 -14.543 -14.155 -13.766 -13.314 -14.858 -14.425 -13.94 -13.583 -13.247 -14.423 -13.998 -13.66 -13.461 -13.532 -14.004 -14.236 -13.794 -12.577 -12.032 -11.402 -14.084
0.042704 -15.662 -15.456 -15.324 -14.918 -14.568 -14.191 -15.168 -14.866 -14.564 -14.18 -13.793 -13.343 -14.876 -14.448 -13.966 -13.611 -13.277 -14.444 -14.021 -13.684 -13.484 -13.545 -14.029 -14.26 -13.821 -12.608 -12.064 -11.435 -14.109
0.043996 -15.655 -15.46 -15.331 -14.934 -14.589 -14.215 -15.175 -14.883 -14.586 -14.205 -13.82 -13.373 -14.893 -14.47 -13.992 -13.639 -13.306 -14.465 -14.045 -13.709 -13.506 -13.56 -14.054 -14.284 -13.848 -12.64 -12.097 -11.469 -14.133
0.045326 -15.647 -15.462 -15.337 -14.951 -14.61 -14.239 -15.182 -14.9 -14.606 -14.229 -13.847 -13.401 -14.91 -14.492 -14.018 -13.667 -13.336 -14.485 -14.068 -13.733 -13.529 -13.574 -14.079 -14.307 -13.874 -12.671 -12.129 -11.502 -14.157
0.046697 -15.638 -15.463 -15.342 -14.966 -14.63 -14.263 -15.187 -14.916 -14.626 -14.253 -13.873 -13.43 -14.926 -14.513 -14.043 -13.694 -13.365 -14.505 -14.091 -13.757 -13.552 -13.589 -14.103 -14.33 -13.9 -12.702 -12.162 -11.536 -14.18
0.048109 -15.628 -15.463 -15.346 -14.981 -14.65 -14.286 -15.191 -14.932 -14.646 -14.276 -13.899 -13.458 -14.942 -14.534 -14.068 -13.721 -13.393 -14.525 -14.114 -13.781 -13.574 -13.604 -14.127 -14.353 -13.926 -12.733 -12.194 -11.569 -14.203
0.049564 -15.617 -15.462 -15.349 -14.995 -14.669 -14.309 -15.195 -14.947 -14.665 -14.299 -13.924 -13.486 -14.956 -14.555 -14.093 -13.748 -13.422 -14.544 -14.137 -13.805 -13.597 -13.619 -14.151 -14.375 -13.952 -12.764 -12.226 -11.602 -14.225
0.051063 -15.604 -15.459 -15.351 -15.008 -14.687 -14.332 -15.197 -14.961 -14.684 -14.321 -13.95 -13.514 -14.97 -14.574 -14.117 -13.775 -13.45 -14.563 -14.159 -13.828 -13.62 -13.634 -14.174 -14.396 -13.977 -12.794 -12.258 -11.635 -14.247
0.052608 -15.59 -15.456 -15.352 -15.02 -14.705 -14.354 -15.199 -14.974 -14.702 -14.344 -13.975 -13.542 -14.984 -14.594 -14.141 -13.801 -13.478 -14.581 -14.181 -13.852 -13.642 -13.65 -14.196 -14.417 -14.001 -12.825 -12.29 -11.668 -14.269
0.054199 -15.575 -15.45 -15.352 -15.032 -14.723 -14.375 -15.199 -14.987 -14.719 -14.365 -13.999 -13.569 -14.996 -14.612 -14.164 -13.827 -13.505 -14.599 -14.202 -13.875 -13.665 -13.666 -14.219 -14.438 -14.026 -12.855 -12.321 -11.701 -14.29
0.055838 -15.558 -15.444 -15.35 -15.043 -14.739 -14.396 -15.198 -14.999 -14.735 -14.386 -14.023 -13.596 -15.008 -14.63 -14.187 -13.852 -13.532 -14.617 -14.224 -13.898 -13.687 -13.682 -14.24 -14.458 -14.05 -12.885 -12.353 -11.733 -14.311
