web/models/kne.last_good/2/villar_0.0019_0.4530_10.0000.dat
# %ECSV 1.0
# ---
# datatype:
# - {name: time, datatype: float64}
# - {name: swift_uvot_uvw2, datatype: float64}
# - {name: swift_uvot_uvm2, datatype: float64}
# - {name: swift_uvot_uvw1, datatype: float64}
# - {name: swift_uvot_U, datatype: float64}
# - {name: swift_uvot_B, datatype: float64}
# - {name: swift_uvot_V, datatype: float64}
# - {name: swift_uvot_W, datatype: float64}
# - {name: johnson_U, datatype: float64}
# - {name: johnson_B, datatype: float64}
# - {name: johnson_V, datatype: float64}
# - {name: johnson_R, datatype: float64}
# - {name: johnson_I, datatype: float64}
# - {name: sdss_u, datatype: float64}
# - {name: sdss_g, datatype: float64}
# - {name: sdss_r, datatype: float64}
# - {name: sdss_i, datatype: float64}
# - {name: sdss_z, datatype: float64}
# - {name: PS1_g, datatype: float64}
# - {name: PS1_r, datatype: float64}
# - {name: PS1_i, datatype: float64}
# - {name: PS1_z, datatype: float64}
# - {name: PS1_Y, datatype: float64}
# - {name: PS1_w, datatype: float64}
# - {name: ATLAS_c, datatype: float64}
# - {name: ATLAS_o, datatype: float64}
# - {name: ukirt_J, datatype: float64}
# - {name: ukirt_H, datatype: float64}
# - {name: ukirt_K, datatype: float64}
# - {name: Clear, datatype: float64}
# meta: !!omap
# - comment: [kappa = 10.0, type = villar, mass = 0.001861645566637777, velocity = 0.453, theta_obs = 0.0, tfloor = 2500.0]
# schema: astropy-2.0
time swift_uvot_uvw2 swift_uvot_uvm2 swift_uvot_uvw1 swift_uvot_U swift_uvot_B swift_uvot_V swift_uvot_W johnson_U johnson_B johnson_V johnson_R johnson_I sdss_u sdss_g sdss_r sdss_i sdss_z PS1_g PS1_r PS1_i PS1_z PS1_Y PS1_w ATLAS_c ATLAS_o ukirt_J ukirt_H ukirt_K Clear
[from data line 136]
0.057527 -15.361 -15.298 -15.23 -14.99 -14.717 -14.398 -15.085 -14.951 -14.714 -14.388 -14.041 -13.628 -14.959 -14.616 -14.199 -13.877 -13.567 -14.6 -14.228 -13.913 -13.701 -13.67 -14.246 -14.454 -14.067 -12.934 -12.409 -11.796 -14.31
0.059267 -15.335 -15.282 -15.221 -14.995 -14.73 -14.416 -15.077 -14.958 -14.726 -14.406 -14.063 -13.653 -14.966 -14.631 -14.219 -13.901 -13.593 -14.614 -14.247 -13.934 -13.722 -13.686 -14.264 -14.47 -14.088 -12.962 -12.439 -11.828 -14.328
0.061059 -15.306 -15.264 -15.209 -14.999 -14.741 -14.433 -15.068 -14.963 -14.738 -14.423 -14.084 -13.678 -14.971 -14.644 -14.239 -13.923 -13.618 -14.627 -14.265 -13.955 -13.743 -13.703 -14.282 -14.486 -14.109 -12.99 -12.47 -11.86 -14.344
0.062906 -15.276 -15.244 -15.196 -15.002 -14.752 -14.449 -15.057 -14.967 -14.748 -14.44 -14.104 -13.702 -14.975 -14.657 -14.258 -13.946 -13.642 -14.64 -14.283 -13.976 -13.765 -13.72 -14.3 -14.501 -14.129 -13.019 -12.499 -11.891 -14.36
0.064808 -15.244 -15.223 -15.182 -15.004 -14.762 -14.465 -15.045 -14.971 -14.758 -14.456 -14.124 -13.725 -14.979 -14.669 -14.276 -13.967 -13.667 -14.652 -14.3 -13.996 -13.785 -13.737 -14.317 -14.516 -14.149 -13.046 -12.529 -11.923 -14.376
0.066769 -15.209 -15.199 -15.166 -15.005 -14.771 -14.481 -15.032 -14.973 -14.767 -14.471 -14.144 -13.749 -14.981 -14.68 -14.294 -13.989 -13.69 -14.663 -14.317 -14.016 -13.806 -13.754 -14.333 -14.53 -14.168 -13.074 -12.559 -11.954 -14.391
0.068788 -15.173 -15.174 -15.148 -15.005 -14.779 -14.495 -15.018 -14.974 -14.776 -14.486 -14.163 -13.772 -14.982 -14.69 -14.312 -14.01 -13.714 -14.673 -14.334 -14.035 -13.826 -13.771 -14.349 -14.543 -14.187 -13.101 -12.588 -11.985 -14.405
0.070868 -15.134 -15.146 -15.128 -15.003 -14.786 -14.509 -15.002 -14.974 -14.783 -14.5 -14.181 -13.794 -14.981 -14.7 -14.329 -14.03 -13.737 -14.683 -14.349 -14.055 -13.846 -13.788 -14.364 -14.555 -14.205 -13.128 -12.617 -12.016 -14.419
0.073012 -15.093 -15.117 -15.107 -15.0 -14.793 -14.522 -14.984 -14.973 -14.789 -14.513 -14.199 -13.816 -14.98 -14.708 -14.345 -14.05 -13.76 -14.692 -14.365 -14.073 -13.866 -13.804 -14.378 -14.567 -14.223 -13.155 -12.646 -12.046 -14.431
0.07522 -15.05 -15.085 -15.084 -14.996 -14.798 -14.535 -14.965 -14.971 -14.795 -14.525 -14.217 -13.838 -14.977 -14.716 -14.36 -14.07 -13.782 -14.7 -14.379 -14.091 -13.886 -13.821 -14.392 -14.578 -14.24 -13.181 -12.675 -12.077 -14.443
0.077495 -15.004 -15.051 -15.058 -14.991 -14.802 -14.546 -14.945 -14.967 -14.799 -14.537 -14.233 -13.859 -14.973 -14.723 -14.375 -14.089 -13.804 -14.707 -14.393 -14.109 -13.905 -13.838 -14.405 -14.588 -14.256 -13.207 -12.703 -12.107 -14.455
0.079839 -14.956 -15.014 -15.031 -14.984 -14.806 -14.557 -14.923 -14.962 -14.802 -14.548 -14.25 -13.88 -14.968 -14.729 -14.389 -14.107 -13.826 -14.713 -14.407 -14.127 -13.924 -13.854 -14.417 -14.597 -14.272 -13.233 -12.731 -12.138 -14.465
0.082253 -14.905 -14.975 -15.002 -14.976 -14.808 -14.567 -14.899 -14.955 -14.804 -14.558 -14.265 -13.9 -14.961 -14.734 -14.403 -14.125 -13.847 -14.719 -14.419 -14.143 -13.942 -13.871 -14.429 -14.605 -14.287 -13.259 -12.759 -12.168 -14.475
0.084741 -14.852 -14.934 -14.971 -14.966 -14.809 -14.576 -14.874 -14.947 -14.805 -14.567 -14.28 -13.92 -14.953 -14.737 -14.415 -14.142 -13.867 -14.723 -14.431 -14.16 -13.96 -13.887 -14.439 -14.613 -14.302 -13.284 -12.787 -12.198 -14.484
0.087304 -14.796 -14.89 -14.937 -14.955 -14.809 -14.585 -14.848 -14.938 -14.805 -14.576 -14.294 -13.94 -14.943 -14.74 -14.427 -14.159 -13.887 -14.727 -14.443 -14.176 -13.978 -13.903 -14.449 -14.619 -14.316 -13.309 -12.815 -12.227 -14.492
0.089944 -14.737 -14.843 -14.902 -14.942 -14.808 -14.592 -14.82 -14.927 -14.804 -14.583 -14.308 -13.958 -14.932 -14.742 -14.439 -14.175 -13.907 -14.729 -14.453 -14.191 -13.995 -13.919 -14.459 -14.625 -14.329 -13.334 -12.842 -12.257 -14.5
0.092665 -14.676 -14.794 -14.864 -14.927 -14.805 -14.598 -14.79 -14.915 -14.802 -14.59 -14.321 -13.977 -14.919 -14.742 -14.449 -14.19 -13.926 -14.73 -14.463 -14.206 -14.012 -13.934 -14.467 -14.63 -14.341 -13.358 -12.869 -12.286 -14.506
0.095467 -14.611 -14.741 -14.824 -14.911 -14.801 -14.604 -14.759 -14.901 -14.798 -14.596 -14.333 -13.995 -14.905 -14.742 -14.459 -14.205 -13.945 -14.731 -14.472 -14.22 -14.028 -13.95 -14.475 -14.633 -14.353 -13.382 -12.896 -12.315 -14.512
0.098355 -14.544 -14.686 -14.781 -14.893 -14.796 -14.609 -14.726 -14.885 -14.793 -14.6 -14.344 -14.012 -14.889 -14.74 -14.468 -14.22 -13.963 -14.73 -14.48 -14.233 -14.044 -13.965 -14.481 -14.636 -14.364 -13.405 -12.923 -12.345 -14.516
0.101329 -14.473 -14.628 -14.736 -14.873 -14.79 -14.612 -14.691 -14.867 -14.787 -14.604 -14.355 -14.028 -14.871 -14.737 -14.476 -14.233 -13.98 -14.728 -14.488 -14.246 -14.06 -13.98 -14.487 -14.637 -14.374 -13.429 -12.949 -12.373 -14.52
0.104394 -14.399 -14.567 -14.688 -14.852 -14.782 -14.615 -14.655 -14.848 -14.779 -14.607 -14.365 -14.044 -14.852 -14.733 -14.483 -14.246 -13.997 -14.725 -14.495 -14.258 -14.075 -13.994 -14.492 -14.638 -14.383 -13.452 -12.975 -12.402 -14.523
0.107551 -14.323 -14.503 -14.638 -14.828 -14.773 -14.616 -14.617 -14.827 -14.77 -14.608 -14.374 -14.06 -14.83 -14.727 -14.489 -14.258 -14.013 -14.72 -14.5 -14.27 -14.089 -14.008 -14.496 -14.637 -14.392 -13.474 -13.001 -12.431 -14.524
0.110804 -14.243 -14.435 -14.585 -14.803 -14.762 -14.616 -14.578 -14.804 -14.759 -14.609 -14.382 -14.075 -14.807 -14.721 -14.494 -14.269 -14.029 -14.715 -14.505 -14.281 -14.103 -14.022 -14.498 -14.635 -14.4 -13.496 -13.026 -12.459 -14.525
0.114155 -14.159 -14.365 -14.53 -14.775 -14.75 -14.616 -14.536 -14.779 -14.747 -14.608 -14.389 -14.089 -14.781 -14.712 -14.498 -14.28 -14.044 -14.708 -14.509 -14.291 -14.117 -14.036 -14.5 -14.632 -14.406 -13.518 -13.051 -12.487 -14.525
0.117608 -14.072 -14.29 -14.471 -14.746 -14.736 -14.614 -14.493 -14.753 -14.733 -14.607 -14.395 -14.103 -14.754 -14.703 -14.502 -14.29 -14.059 -14.699 -14.512 -14.3 -14.129 -14.049 -14.501 -14.628 -14.412 -13.539 -13.076 -12.515 -14.523
0.121165 -13.982 -14.213 -14.41 -14.714 -14.72 -14.61 -14.449 -14.724 -14.718 -14.604 -14.401 -14.115 -14.725 -14.691 -14.504 -14.299 -14.073 -14.69 -14.514 -14.309 -14.142 -14.061 -14.501 -14.622 -14.417 -13.56 -13.101 -12.542 -14.521
0.124829 -13.888 -14.131 -14.346 -14.68 -14.703 -14.606 -14.402 -14.693 -14.701 -14.599 -14.406 -14.128 -14.693 -14.679 -14.505 -14.307 -14.086 -14.679 -14.514 -14.317 -14.153 -14.073 -14.5 -14.616 -14.421 -13.58 -13.125 -12.57 -14.517
0.128605 -13.791 -14.046 -14.279 -14.644 -14.684 -14.6 -14.354 -14.659 -14.682 -14.594 -14.409 -14.139 -14.659 -14.665 -14.505 -14.314 -14.099 -14.666 -14.514 -14.324 -14.164 -14.085 -14.497 -14.607 -14.424 -13.6 -13.149 -12.597 -14.513
0.132494 -13.69 -13.958 -14.209 -14.605 -14.664 -14.593 -14.305 -14.624 -14.662 -14.587 -14.412 -14.15 -14.623 -14.649 -14.504 -14.321 -14.111 -14.652 -14.513 -14.33 -14.174 -14.096 -14.493 -14.598 -14.426 -13.62 -13.173 -12.624 -14.507
0.136502 -13.585 -13.865 -14.135 -14.564 -14.641 -14.584 -14.253 -14.586 -14.639 -14.579 -14.413 -14.16 -14.585 -14.631 -14.502 -14.326 -14.122 -14.636 -14.51 -14.335 -14.184 -14.107 -14.489 -14.587 -14.427 -13.639 -13.196 -12.651 -14.499
0.14063 -13.477 -13.768 -14.059 -14.52 -14.617 -14.574 -14.2 -14.546 -14.615 -14.569 -14.414 -14.169 -14.544 -14.612 -14.498 -14.331 -14.132 -14.619 -14.507 -14.34 -14.192 -14.117 -14.483 -14.574 -14.427 -13.658 -13.219 -12.678 -14.491
0.144883 -13.364 -13.668 -13.979 -14.474 -14.591 -14.563 -14.145 -14.503 -14.589 -14.558 -14.413 -14.177 -14.5 -14.591 -14.493 -14.335 -14.142 -14.599 -14.502 -14.343 -14.2 -14.127 -14.475 -14.56 -14.426 -13.676 -13.242 -12.704 -14.481
0.149265 -13.248 -13.563 -13.896 -14.425 -14.562 -14.55 -14.088 -14.458 -14.561 -14.545 -14.411 -14.185 -14.454 -14.568 -14.487 -14.337 -14.151 -14.579 -14.495 -14.345 -14.208 -14.136 -14.467 -14.544 -14.423 -13.693 -13.264 -12.73 -14.47
0.15378 -13.128 -13.454 -13.809 -14.374 -14.532 -14.535 -14.029 -14.41 -14.53 -14.531 -14.408 -14.192 -14.406 -14.543 -14.48 -14.339 -14.159 -14.556 -14.488 -14.347 -14.214 -14.144 -14.457 -14.527 -14.42 -13.711 -13.286 -12.756 -14.458
0.15843 -13.004 -13.34 -13.719 -14.319 -14.499 -14.519 -13.969 -14.359 -14.498 -14.515 -14.404 -14.197 -14.354 -14.516 -14.471 -14.339 -14.166 -14.531 -14.479 -14.347 -14.22 -14.152 -14.445 -14.508 -14.415 -13.727 -13.308 -12.782 -14.444
0.163222 -12.875 -13.222 -13.625 -14.262 -14.464 -14.501 -13.907 -14.306 -14.463 -14.497 -14.399 -14.202 -14.3 -14.487 -14.461 -14.339 -14.172 -14.505 -14.469 -14.346 -14.224 -14.159 -14.433 -14.487 -14.409 -13.743 -13.329 -12.807 -14.429
0.168159 -12.743 -13.099 -13.528 -14.201 -14.427 -14.481 -13.843 -14.25 -14.426 -14.478 -14.392 -14.206 -14.242 -14.457 -14.449 -14.337 -14.177 -14.476 -14.457 -14.345 -14.228 -14.165 -14.418 -14.465 -14.401 -13.758 -13.35 -12.832 -14.412
0.173245 -12.607 -12.971 -13.426 -14.138 -14.387 -14.46 -13.777 -14.19 -14.387 -14.457 -14.384 -14.209 -14.182 -14.423 -14.436 -14.334 -14.182 -14.446 -14.443 -14.342 -14.231 -14.171 -14.403 -14.44 -14.392 -13.773 -13.37 -12.857 -14.394
0.178484 -12.466 -12.838 -13.321 -14.071 -14.345 -14.436 -13.709 -14.128 -14.345 -14.434 -14.374 -14.211 -14.118 -14.388 -14.421 -14.33 -14.185 -14.413 -14.429 -14.337 -14.233 -14.175 -14.385 -14.414 -14.382 -13.787 -13.39 -12.881 -14.374
0.183882 -12.321 -12.701 -13.212 -14.001 -14.3 -14.411 -13.64 -14.062 -14.3 -14.409 -14.363 -14.211 -14.052 -14.35 -14.404 -14.324 -14.187 -14.378 -14.412 -14.332 -14.233 -14.179 -14.366 -14.386 -14.37 -13.801 -13.409 -12.905 -14.353
0.189444 -12.173 -12.558 -13.098 -13.927 -14.253 -14.384 -13.568 -13.993 -14.253 -14.382 -14.351 -14.211 -13.981 -14.31 -14.386 -14.317 -14.189 -14.341 -14.394 -14.325 -14.233 -14.182 -14.346 -14.356 -14.356 -13.814 -13.428 -12.929 -14.33
0.195173 -12.02 -12.409 -12.981 -13.85 -14.203 -14.354 -13.494 -13.921 -14.204 -14.353 -14.337 -14.21 -13.908 -14.268 -14.366 -14.309 -14.189 -14.302 -14.374 -14.317 -14.231 -14.184 -14.324 -14.323 -14.341 -13.826 -13.446 -12.953 -14.306
0.201076 -11.863 -12.255 -12.859 -13.769 -14.15 -14.322 -13.419 -13.845 -14.151 -14.322 -14.321 -14.207 -13.83 -14.223 -14.344 -14.299 -14.188 -14.26 -14.352 -14.307 -14.229 -14.186 -14.3 -14.288 -14.325 -13.837 -13.464 -12.976 -14.279
0.207158 -11.702 -12.096 -12.733 -13.684 -14.094 -14.288 -13.341 -13.765 -14.095 -14.288 -14.304 -14.203 -13.749 -14.175 -14.32 -14.288 -14.186 -14.215 -14.328 -14.296 -14.225 -14.186 -14.274 -14.251 -14.306 -13.847 -13.482 -12.999 -14.251
0.213423 -11.537 -11.93 -12.602 -13.596 -14.035 -14.252 -13.261 -13.682 -14.037 -14.252 -14.285 -14.198 -13.665 -14.124 -14.294 -14.275 -14.182 -14.168 -14.302 -14.283 -14.22 -14.185 -14.246 -14.212 -14.286 -13.857 -13.498 -13.021 -14.221
0.219878 -11.368 -11.759 -12.466 -13.503 -13.973 -14.213 -13.179 -13.595 -13.975 -14.214 -14.264 -14.191 -13.576 -14.07 -14.266 -14.26 -14.177 -14.118 -14.274 -14.269 -14.213 -14.183 -14.216 -14.17 -14.264 -13.866 -13.515 -13.043 -14.189
0.226528 -11.196 -11.581 -12.326 -13.406 -13.907 -14.171 -13.095 -13.503 -13.91 -14.173 -14.241 -14.183 -13.483 -14.014 -14.235 -14.244 -14.171 -14.065 -14.244 -14.253 -14.205 -14.179 -14.184 -14.126 -14.24 -13.874 -13.53 -13.065 -14.156
0.233379 -11.02 -11.397 -12.181 -13.305 -13.838 -14.127 -13.008 -13.408 -13.842 -14.13 -14.216 -14.173 -13.385 -13.954 -14.203 -14.226 -14.164 -14.009 -14.212 -14.235 -14.196 -14.175 -14.15 -14.079 -14.214 -13.881 -13.545 -13.086 -14.12
0.240437 -10.842 -11.206 -12.031 -13.199 -13.766 -14.08 -12.92 -13.308 -13.77 -14.084 -14.189 -14.162 -13.284 -13.892 -14.168 -14.206 -14.155 -13.951 -14.177 -14.216 -14.185 -14.169 -14.114 -14.029 -14.186 -13.888 -13.559 -13.106 -14.082
0.247709 -10.66 -11.008 -11.876 -13.089 -13.69 -14.03 -12.828 -13.204 -13.695 -14.035 -14.16 -14.15 -13.177 -13.825 -14.131 -14.184 -14.144 -13.889 -14.14 -14.194 -14.173 -14.162 -14.076 -13.977 -14.156 -13.893 -13.573 -13.127 -14.042
0.255201 -10.477 -10.804 -11.716 -12.974 -13.61 -13.978 -12.734 -13.095 -13.616 -13.983 -14.129 -14.135 -13.066 -13.756 -14.091 -14.16 -14.132 -13.824 -14.101 -14.171 -14.159 -14.154 -14.035 -13.921 -14.123 -13.897 -13.586 -13.147 -14.0
0.262919 -10.291 -10.592 -11.551 -12.854 -13.526 -13.922 -12.638 -12.981 -13.532 -13.928 -14.095 -14.119 -12.95 -13.683 -14.048 -14.134 -14.118 -13.755 -14.059 -14.145 -14.143 -14.144 -13.992 -13.863 -14.089 -13.9 -13.598 -13.166 -13.956
0.270871 -10.105 -10.372 -11.38 -12.728 -13.438 -13.863 -12.539 -12.862 -13.445 -13.87 -14.06 -14.101 -12.829 -13.606 -14.003 -14.106 -14.102 -13.683 -14.014 -14.118 -14.126 -14.133 -13.947 -13.802 -14.051 -13.902 -13.609 -13.185 -13.91
0.279064 -9.918 -10.145 -11.203 -12.597 -13.346 -13.8 -12.437 -12.738 -13.354 -13.808 -14.021 -14.082 -12.703 -13.525 -13.955 -14.076 -14.085 -13.608 -13.967 -14.088 -14.106 -14.12 -13.899 -13.737 -14.012 -13.903 -13.62 -13.203 -13.861
0.287504 -9.732 -9.91 -11.021 -12.461 -13.249 -13.734 -12.333 -12.609 -13.259 -13.744 -13.98 -14.06 -12.571 -13.441 -13.904 -14.043 -14.066 -13.528 -13.916 -14.056 -14.085 -14.106 -13.848 -13.669 -13.969 -13.903 -13.63 -13.221 -13.81
0.296199 -9.548 -9.667 -10.834 -12.319 -13.148 -13.665 -12.225 -12.474 -13.159 -13.675 -13.937 -14.036 -12.434 -13.352 -13.85 -14.008 -14.045 -13.445 -13.863 -14.021 -14.062 -14.09 -13.795 -13.597 -13.924 -13.901 -13.638 -13.238 -13.756
0.305157 -9.366 -9.415 -10.64 -12.171 -13.042 -13.591 -12.115 -12.334 -13.054 -13.603 -13.89 -14.011 -12.29 -13.259 -13.792 -13.97 -14.021 -13.358 -13.806 -13.984 -14.036 -14.072 -13.739 -13.522 -13.876 -13.898 -13.646 -13.254 -13.7
0.314387 -9.188 -9.155 -10.441 -12.017 -12.932 -13.514 -12.001 -12.187 -12.944 -13.527 -13.841 -13.983 -12.141 -13.161 -13.731 -13.93 -13.996 -13.267 -13.746 -13.944 -14.009 -14.052 -13.679 -13.443 -13.825 -13.894 -13.653 -13.27 -13.641
0.323895 -9.016 -8.886 -10.235 -11.857 -12.816 -13.433 -11.884 -12.035 -12.83 -13.448 -13.789 -13.952 -11.985 -13.059 -13.667 -13.887 -13.968 -13.171 -13.683 -13.902 -13.979 -14.03 -13.617 -13.36 -13.772 -13.888 -13.659 -13.285 -13.58
0.333691 -8.851 -8.607 -10.024 -11.689 -12.695 -13.347 -11.764 -11.876 -12.71 -13.364 -13.734 -13.92 -11.823 -12.952 -13.599 -13.841 -13.938 -13.071 -13.616 -13.857 -13.947 -14.006 -13.552 -13.273 -13.715 -13.881 -13.664 -13.3 -13.515
0.343783 -8.693 -8.32 -9.806 -11.515 -12.568 -13.257 -11.64 -11.71 -12.585 -13.275 -13.675 -13.885 -11.654 -12.84 -13.528 -13.792 -13.906 -12.966 -13.545 -13.808 -13.912 -13.98 -13.483 -13.182 -13.654 -13.872 -13.668 -13.314 -13.449
0.354181 -8.544 -8.022 -9.583 -11.334 -12.436 -13.163 -11.513 -11.538 -12.455 -13.183 -13.613 -13.847 -11.478 -12.723 -13.452 -13.74 -13.871 -12.857 -13.471 -13.757 -13.875 -13.952 -13.411 -13.087 -13.591 -13.862 -13.671 -13.327 -13.379
0.364893 -8.405 -7.715 -9.353 -11.146 -12.298 -13.064 -11.382 -11.358 -12.319 -13.085 -13.548 -13.807 -11.295 -12.601 -13.372 -13.684 -13.834 -12.743 -13.393 -13.703 -13.835 -13.922 -13.336 -12.987 -13.523 -13.85 -13.672 -13.339 -13.307
0.375929 -8.276 -7.398 -9.117 -10.95 -12.154 -12.96 -11.248 -11.172 -12.177 -12.983 -13.479 -13.764 -11.104 -12.474 -13.289 -13.625 -13.793 -12.625 -13.31 -13.645 -13.792 -13.889 -13.257 -12.883 -13.452 -13.836 -13.673 -13.351 -13.231
0.387298 -8.158 -7.071 -8.875 -10.746 -12.004 -12.851 -11.11 -10.977 -12.029 -12.876 -13.407 -13.718 -10.905 -12.34 -13.201 -13.563 -13.75 -12.501 -13.224 -13.584 -13.746 -13.854 -13.175 -12.774 -13.378 -13.82 -13.672 -13.361 -13.153
0.399012 -8.05 -6.734 -8.627 -10.535 -11.847 -12.736 -10.967 -10.775 -11.874 -12.764 -13.33 -13.669 -10.699 -12.201 -13.108 -13.497 -13.704 -12.372 -13.133 -13.519 -13.697 -13.817 -13.089 -12.66 -13.299 -13.803 -13.67 -13.371 -13.072
0.41108 -7.952 -6.387 -8.373 -10.314 -11.684 -12.617 -10.821 -10.565 -11.713 -12.647 -13.25 -13.617 -10.484 -12.056 -13.011 -13.428 -13.655 -12.237 -13.037 -13.451 -13.646 -13.776 -12.998 -12.541 -13.217 -13.783 -13.666 -13.38 -12.987
