web/models/linear/90/-20_082_0_048.dat
# %ECSV 1.0
# ---
# datatype:
# - {name: time, datatype: float64}
# - {name: sdss_u, datatype: float64}
# - {name: sdss_g, datatype: float64}
# - {name: sdss_r, datatype: float64}
# - {name: sdss_i, datatype: float64}
# - {name: sdss_z, datatype: float64}
# - {name: Clear, datatype: float64}
# - {name: johnson_B, datatype: float64}
# - {name: johnson_V, datatype: float64}
# - {name: johnson_R, datatype: float64}
# - {name: johnson_I, datatype: float64}
# - {name: ukirt_J, datatype: float64}
# - {name: ukirt_H, datatype: float64}
# - {name: ukirt_K, datatype: float64}
# meta: !!omap
# - comment: [M=-20.081632653061227, dM=0.04832801721026124]
# schema: astropy-2.0
time sdss_u sdss_g sdss_r sdss_i sdss_z Clear johnson_B johnson_V johnson_R johnson_I ukirt_J ukirt_H ukirt_K
0.0 -20.081632653061227 -20.081632653061227 -20.081632653061227 -20.081632653061227 -20.081632653061227 -20.081632653061227 -20.081632653061227 -20.081632653061227 -20.081632653061227 -20.081632653061227 -20.081632653061227 -20.081632653061227 -20.081632653061227
0.07537688442211055 -20.077989837693618 -20.077989837693618 -20.077989837693618 -20.077989837693618 -20.077989837693618 -20.077989837693618 -20.077989837693618 -20.077989837693618 -20.077989837693618 -20.077989837693618 -20.077989837693618 -20.077989837693618 -20.077989837693618
0.1507537688442211 -20.074347022326013 -20.074347022326013 -20.074347022326013 -20.074347022326013 -20.074347022326013 -20.074347022326013 -20.074347022326013 -20.074347022326013 -20.074347022326013 -20.074347022326013 -20.074347022326013 -20.074347022326013 -20.074347022326013
0.22613065326633164 -20.070704206958403 -20.070704206958403 -20.070704206958403 -20.070704206958403 -20.070704206958403 -20.070704206958403 -20.070704206958403 -20.070704206958403 -20.070704206958403 -20.070704206958403 -20.070704206958403 -20.070704206958403 -20.070704206958403
0.3015075376884422 -20.067061391590798 -20.067061391590798 -20.067061391590798 -20.067061391590798 -20.067061391590798 -20.067061391590798 -20.067061391590798 -20.067061391590798 -20.067061391590798 -20.067061391590798 -20.067061391590798 -20.067061391590798 -20.067061391590798
0.37688442211055273 -20.06341857622319 -20.06341857622319 -20.06341857622319 -20.06341857622319 -20.06341857622319 -20.06341857622319 -20.06341857622319 -20.06341857622319 -20.06341857622319 -20.06341857622319 -20.06341857622319 -20.06341857622319 -20.06341857622319
0.4522613065326633 -20.059775760855583 -20.059775760855583 -20.059775760855583 -20.059775760855583 -20.059775760855583 -20.059775760855583 -20.059775760855583 -20.059775760855583 -20.059775760855583 -20.059775760855583 -20.059775760855583 -20.059775760855583 -20.059775760855583
0.5276381909547738 -20.056132945487974 -20.056132945487974 -20.056132945487974 -20.056132945487974 -20.056132945487974 -20.056132945487974 -20.056132945487974 -20.056132945487974 -20.056132945487974 -20.056132945487974 -20.056132945487974 -20.056132945487974 -20.056132945487974
0.6030150753768844 -20.052490130120365 -20.052490130120365 -20.052490130120365 -20.052490130120365 -20.052490130120365 -20.052490130120365 -20.052490130120365 -20.052490130120365 -20.052490130120365 -20.052490130120365 -20.052490130120365 -20.052490130120365 -20.052490130120365
0.6783919597989949 -20.04884731475276 -20.04884731475276 -20.04884731475276 -20.04884731475276 -20.04884731475276 -20.04884731475276 -20.04884731475276 -20.04884731475276 -20.04884731475276 -20.04884731475276 -20.04884731475276 -20.04884731475276 -20.04884731475276
0.7537688442211055 -20.04520449938515 -20.04520449938515 -20.04520449938515 -20.04520449938515 -20.04520449938515 -20.04520449938515 -20.04520449938515 -20.04520449938515 -20.04520449938515 -20.04520449938515 -20.04520449938515 -20.04520449938515 -20.04520449938515
0.829145728643216 -20.041561684017545 -20.041561684017545 -20.041561684017545 -20.041561684017545 -20.041561684017545 -20.041561684017545 -20.041561684017545 -20.041561684017545 -20.041561684017545 -20.041561684017545 -20.041561684017545 -20.041561684017545 -20.041561684017545
0.9045226130653266 -20.037918868649935 -20.037918868649935 -20.037918868649935 -20.037918868649935 -20.037918868649935 -20.037918868649935 -20.037918868649935 -20.037918868649935 -20.037918868649935 -20.037918868649935 -20.037918868649935 -20.037918868649935 -20.037918868649935
0.9798994974874371 -20.034276053282326 -20.034276053282326 -20.034276053282326 -20.034276053282326 -20.034276053282326 -20.034276053282326 -20.034276053282326 -20.034276053282326 -20.034276053282326 -20.034276053282326 -20.034276053282326 -20.034276053282326 -20.034276053282326
1.0552763819095476 -20.03063323791472 -20.03063323791472 -20.03063323791472 -20.03063323791472 -20.03063323791472 -20.03063323791472 -20.03063323791472 -20.03063323791472 -20.03063323791472 -20.03063323791472 -20.03063323791472 -20.03063323791472 -20.03063323791472
1.1306532663316582 -20.02699042254711 -20.02699042254711 -20.02699042254711 -20.02699042254711 -20.02699042254711 -20.02699042254711 -20.02699042254711 -20.02699042254711 -20.02699042254711 -20.02699042254711 -20.02699042254711 -20.02699042254711 -20.02699042254711
1.2060301507537687 -20.023347607179506 -20.023347607179506 -20.023347607179506 -20.023347607179506 -20.023347607179506 -20.023347607179506 -20.023347607179506 -20.023347607179506 -20.023347607179506 -20.023347607179506 -20.023347607179506 -20.023347607179506 -20.023347607179506
1.2814070351758793 -20.019704791811897 -20.019704791811897 -20.019704791811897 -20.019704791811897 -20.019704791811897 -20.019704791811897 -20.019704791811897 -20.019704791811897 -20.019704791811897 -20.019704791811897 -20.019704791811897 -20.019704791811897 -20.019704791811897
1.3567839195979898 -20.01606197644429 -20.01606197644429 -20.01606197644429 -20.01606197644429 -20.01606197644429 -20.01606197644429 -20.01606197644429 -20.01606197644429 -20.01606197644429 -20.01606197644429 -20.01606197644429 -20.01606197644429 -20.01606197644429
1.4321608040201004 -20.012419161076682 -20.012419161076682 -20.012419161076682 -20.012419161076682 -20.012419161076682 -20.012419161076682 -20.012419161076682 -20.012419161076682 -20.012419161076682 -20.012419161076682 -20.012419161076682 -20.012419161076682 -20.012419161076682
1.507537688442211 -20.008776345709073 -20.008776345709073 -20.008776345709073 -20.008776345709073 -20.008776345709073 -20.008776345709073 -20.008776345709073 -20.008776345709073 -20.008776345709073 -20.008776345709073 -20.008776345709073 -20.008776345709073 -20.008776345709073
1.5829145728643215 -20.005133530341467 -20.005133530341467 -20.005133530341467 -20.005133530341467 -20.005133530341467 -20.005133530341467 -20.005133530341467 -20.005133530341467 -20.005133530341467 -20.005133530341467 -20.005133530341467 -20.005133530341467 -20.005133530341467
1.658291457286432 -20.00149071497386 -20.00149071497386 -20.00149071497386 -20.00149071497386 -20.00149071497386 -20.00149071497386 -20.00149071497386 -20.00149071497386 -20.00149071497386 -20.00149071497386 -20.00149071497386 -20.00149071497386 -20.00149071497386
1.7336683417085426 -19.997847899606253 -19.997847899606253 -19.997847899606253 -19.997847899606253 -19.997847899606253 -19.997847899606253 -19.997847899606253 -19.997847899606253 -19.997847899606253 -19.997847899606253 -19.997847899606253 -19.997847899606253 -19.997847899606253
1.809045226130653 -19.994205084238644 -19.994205084238644 -19.994205084238644 -19.994205084238644 -19.994205084238644 -19.994205084238644 -19.994205084238644 -19.994205084238644 -19.994205084238644 -19.994205084238644 -19.994205084238644 -19.994205084238644 -19.994205084238644
1.8844221105527637 -19.990562268871038 -19.990562268871038 -19.990562268871038 -19.990562268871038 -19.990562268871038 -19.990562268871038 -19.990562268871038 -19.990562268871038 -19.990562268871038 -19.990562268871038 -19.990562268871038 -19.990562268871038 -19.990562268871038
1.9597989949748742 -19.98691945350343 -19.98691945350343 -19.98691945350343 -19.98691945350343 -19.98691945350343 -19.98691945350343 -19.98691945350343 -19.98691945350343 -19.98691945350343 -19.98691945350343 -19.98691945350343 -19.98691945350343 -19.98691945350343
2.0351758793969847 -19.98327663813582 -19.98327663813582 -19.98327663813582 -19.98327663813582 -19.98327663813582 -19.98327663813582 -19.98327663813582 -19.98327663813582 -19.98327663813582 -19.98327663813582 -19.98327663813582 -19.98327663813582 -19.98327663813582
2.1105527638190953 -19.979633822768214 -19.979633822768214 -19.979633822768214 -19.979633822768214 -19.979633822768214 -19.979633822768214 -19.979633822768214 -19.979633822768214 -19.979633822768214 -19.979633822768214 -19.979633822768214 -19.979633822768214 -19.979633822768214
2.185929648241206 -19.975991007400605 -19.975991007400605 -19.975991007400605 -19.975991007400605 -19.975991007400605 -19.975991007400605 -19.975991007400605 -19.975991007400605 -19.975991007400605 -19.975991007400605 -19.975991007400605 -19.975991007400605 -19.975991007400605
2.2613065326633164 -19.972348192033 -19.972348192033 -19.972348192033 -19.972348192033 -19.972348192033 -19.972348192033 -19.972348192033 -19.972348192033 -19.972348192033 -19.972348192033 -19.972348192033 -19.972348192033 -19.972348192033
2.336683417085427 -19.96870537666539 -19.96870537666539 -19.96870537666539 -19.96870537666539 -19.96870537666539 -19.96870537666539 -19.96870537666539 -19.96870537666539 -19.96870537666539 -19.96870537666539 -19.96870537666539 -19.96870537666539 -19.96870537666539
2.4120603015075375 -19.965062561297785 -19.965062561297785 -19.965062561297785 -19.965062561297785 -19.965062561297785 -19.965062561297785 -19.965062561297785 -19.965062561297785 -19.965062561297785 -19.965062561297785 -19.965062561297785 -19.965062561297785 -19.965062561297785
2.487437185929648 -19.961419745930176 -19.961419745930176 -19.961419745930176 -19.961419745930176 -19.961419745930176 -19.961419745930176 -19.961419745930176 -19.961419745930176 -19.961419745930176 -19.961419745930176 -19.961419745930176 -19.961419745930176 -19.961419745930176
2.5628140703517586 -19.957776930562567 -19.957776930562567 -19.957776930562567 -19.957776930562567 -19.957776930562567 -19.957776930562567 -19.957776930562567 -19.957776930562567 -19.957776930562567 -19.957776930562567 -19.957776930562567 -19.957776930562567 -19.957776930562567
2.638190954773869 -19.95413411519496 -19.95413411519496 -19.95413411519496 -19.95413411519496 -19.95413411519496 -19.95413411519496 -19.95413411519496 -19.95413411519496 -19.95413411519496 -19.95413411519496 -19.95413411519496 -19.95413411519496 -19.95413411519496
2.7135678391959797 -19.950491299827352 -19.950491299827352 -19.950491299827352 -19.950491299827352 -19.950491299827352 -19.950491299827352 -19.950491299827352 -19.950491299827352 -19.950491299827352 -19.950491299827352 -19.950491299827352 -19.950491299827352 -19.950491299827352
2.78894472361809 -19.946848484459746 -19.946848484459746 -19.946848484459746 -19.946848484459746 -19.946848484459746 -19.946848484459746 -19.946848484459746 -19.946848484459746 -19.946848484459746 -19.946848484459746 -19.946848484459746 -19.946848484459746 -19.946848484459746
2.8643216080402008 -19.943205669092137 -19.943205669092137 -19.943205669092137 -19.943205669092137 -19.943205669092137 -19.943205669092137 -19.943205669092137 -19.943205669092137 -19.943205669092137 -19.943205669092137 -19.943205669092137 -19.943205669092137 -19.943205669092137
2.9396984924623113 -19.939562853724528 -19.939562853724528 -19.939562853724528 -19.939562853724528 -19.939562853724528 -19.939562853724528 -19.939562853724528 -19.939562853724528 -19.939562853724528 -19.939562853724528 -19.939562853724528 -19.939562853724528 -19.939562853724528
3.015075376884422 -19.935920038356922 -19.935920038356922 -19.935920038356922 -19.935920038356922 -19.935920038356922 -19.935920038356922 -19.935920038356922 -19.935920038356922 -19.935920038356922 -19.935920038356922 -19.935920038356922 -19.935920038356922 -19.935920038356922
3.0904522613065324 -19.932277222989313 -19.932277222989313 -19.932277222989313 -19.932277222989313 -19.932277222989313 -19.932277222989313 -19.932277222989313 -19.932277222989313 -19.932277222989313 -19.932277222989313 -19.932277222989313 -19.932277222989313 -19.932277222989313
3.165829145728643 -19.928634407621708 -19.928634407621708 -19.928634407621708 -19.928634407621708 -19.928634407621708 -19.928634407621708 -19.928634407621708 -19.928634407621708 -19.928634407621708 -19.928634407621708 -19.928634407621708 -19.928634407621708 -19.928634407621708
3.2412060301507535 -19.9249915922541 -19.9249915922541 -19.9249915922541 -19.9249915922541 -19.9249915922541 -19.9249915922541 -19.9249915922541 -19.9249915922541 -19.9249915922541 -19.9249915922541 -19.9249915922541 -19.9249915922541 -19.9249915922541
3.316582914572864 -19.921348776886493 -19.921348776886493 -19.921348776886493 -19.921348776886493 -19.921348776886493 -19.921348776886493 -19.921348776886493 -19.921348776886493 -19.921348776886493 -19.921348776886493 -19.921348776886493 -19.921348776886493 -19.921348776886493
3.3919597989949746 -19.917705961518884 -19.917705961518884 -19.917705961518884 -19.917705961518884 -19.917705961518884 -19.917705961518884 -19.917705961518884 -19.917705961518884 -19.917705961518884 -19.917705961518884 -19.917705961518884 -19.917705961518884 -19.917705961518884
3.467336683417085 -19.914063146151275 -19.914063146151275 -19.914063146151275 -19.914063146151275 -19.914063146151275 -19.914063146151275 -19.914063146151275 -19.914063146151275 -19.914063146151275 -19.914063146151275 -19.914063146151275 -19.914063146151275 -19.914063146151275
3.5427135678391957 -19.91042033078367 -19.91042033078367 -19.91042033078367 -19.91042033078367 -19.91042033078367 -19.91042033078367 -19.91042033078367 -19.91042033078367 -19.91042033078367 -19.91042033078367 -19.91042033078367 -19.91042033078367 -19.91042033078367
3.618090452261306 -19.90677751541606 -19.90677751541606 -19.90677751541606 -19.90677751541606 -19.90677751541606 -19.90677751541606 -19.90677751541606 -19.90677751541606 -19.90677751541606 -19.90677751541606 -19.90677751541606 -19.90677751541606 -19.90677751541606
3.6934673366834168 -19.903134700048454 -19.903134700048454 -19.903134700048454 -19.903134700048454 -19.903134700048454 -19.903134700048454 -19.903134700048454 -19.903134700048454 -19.903134700048454 -19.903134700048454 -19.903134700048454 -19.903134700048454 -19.903134700048454
3.7688442211055273 -19.899491884680845 -19.899491884680845 -19.899491884680845 -19.899491884680845 -19.899491884680845 -19.899491884680845 -19.899491884680845 -19.899491884680845 -19.899491884680845 -19.899491884680845 -19.899491884680845 -19.899491884680845 -19.899491884680845
3.844221105527638 -19.89584906931324 -19.89584906931324 -19.89584906931324 -19.89584906931324 -19.89584906931324 -19.89584906931324 -19.89584906931324 -19.89584906931324 -19.89584906931324 -19.89584906931324 -19.89584906931324 -19.89584906931324 -19.89584906931324
3.9195979899497484 -19.89220625394563 -19.89220625394563 -19.89220625394563 -19.89220625394563 -19.89220625394563 -19.89220625394563 -19.89220625394563 -19.89220625394563 -19.89220625394563 -19.89220625394563 -19.89220625394563 -19.89220625394563 -19.89220625394563
3.994974874371859 -19.88856343857802 -19.88856343857802 -19.88856343857802 -19.88856343857802 -19.88856343857802 -19.88856343857802 -19.88856343857802 -19.88856343857802 -19.88856343857802 -19.88856343857802 -19.88856343857802 -19.88856343857802 -19.88856343857802
4.0703517587939695 -19.884920623210416 -19.884920623210416 -19.884920623210416 -19.884920623210416 -19.884920623210416 -19.884920623210416 -19.884920623210416 -19.884920623210416 -19.884920623210416 -19.884920623210416 -19.884920623210416 -19.884920623210416 -19.884920623210416
4.14572864321608 -19.881277807842807 -19.881277807842807 -19.881277807842807 -19.881277807842807 -19.881277807842807 -19.881277807842807 -19.881277807842807 -19.881277807842807 -19.881277807842807 -19.881277807842807 -19.881277807842807 -19.881277807842807 -19.881277807842807
4.221105527638191 -19.8776349924752 -19.8776349924752 -19.8776349924752 -19.8776349924752 -19.8776349924752 -19.8776349924752 -19.8776349924752 -19.8776349924752 -19.8776349924752 -19.8776349924752 -19.8776349924752 -19.8776349924752 -19.8776349924752
4.296482412060302 -19.873992177107592 -19.873992177107592 -19.873992177107592 -19.873992177107592 -19.873992177107592 -19.873992177107592 -19.873992177107592 -19.873992177107592 -19.873992177107592 -19.873992177107592 -19.873992177107592 -19.873992177107592 -19.873992177107592
