web/models/linear/90/-20_082_0_077.dat
# %ECSV 1.0
# ---
# datatype:
# - {name: time, datatype: float64}
# - {name: sdss_u, datatype: float64}
# - {name: sdss_g, datatype: float64}
# - {name: sdss_r, datatype: float64}
# - {name: sdss_i, datatype: float64}
# - {name: sdss_z, datatype: float64}
# - {name: Clear, datatype: float64}
# - {name: johnson_B, datatype: float64}
# - {name: johnson_V, datatype: float64}
# - {name: johnson_R, datatype: float64}
# - {name: johnson_I, datatype: float64}
# - {name: ukirt_J, datatype: float64}
# - {name: ukirt_H, datatype: float64}
# - {name: ukirt_K, datatype: float64}
# meta: !!omap
# - comment: [M=-20.081632653061227, dM=0.07696669794067013]
# schema: astropy-2.0
time sdss_u sdss_g sdss_r sdss_i sdss_z Clear johnson_B johnson_V johnson_R johnson_I ukirt_J ukirt_H ukirt_K
[from data line 59]
4.447236180904522 -19.73934356925473 -19.73934356925473 -19.73934356925473 -19.73934356925473 -19.73934356925473 -19.73934356925473 -19.73934356925473 -19.73934356925473 -19.73934356925473 -19.73934356925473 -19.73934356925473 -19.73934356925473 -19.73934356925473
4.522613065326633 -19.733542059359703 -19.733542059359703 -19.733542059359703 -19.733542059359703 -19.733542059359703 -19.733542059359703 -19.733542059359703 -19.733542059359703 -19.733542059359703 -19.733542059359703 -19.733542059359703 -19.733542059359703 -19.733542059359703
4.597989949748744 -19.727740549464677 -19.727740549464677 -19.727740549464677 -19.727740549464677 -19.727740549464677 -19.727740549464677 -19.727740549464677 -19.727740549464677 -19.727740549464677 -19.727740549464677 -19.727740549464677 -19.727740549464677 -19.727740549464677
4.673366834170854 -19.721939039569655 -19.721939039569655 -19.721939039569655 -19.721939039569655 -19.721939039569655 -19.721939039569655 -19.721939039569655 -19.721939039569655 -19.721939039569655 -19.721939039569655 -19.721939039569655 -19.721939039569655 -19.721939039569655
4.748743718592964 -19.71613752967463 -19.71613752967463 -19.71613752967463 -19.71613752967463 -19.71613752967463 -19.71613752967463 -19.71613752967463 -19.71613752967463 -19.71613752967463 -19.71613752967463 -19.71613752967463 -19.71613752967463 -19.71613752967463
4.824120603015075 -19.710336019779604 -19.710336019779604 -19.710336019779604 -19.710336019779604 -19.710336019779604 -19.710336019779604 -19.710336019779604 -19.710336019779604 -19.710336019779604 -19.710336019779604 -19.710336019779604 -19.710336019779604 -19.710336019779604
4.899497487437186 -19.704534509884578 -19.704534509884578 -19.704534509884578 -19.704534509884578 -19.704534509884578 -19.704534509884578 -19.704534509884578 -19.704534509884578 -19.704534509884578 -19.704534509884578 -19.704534509884578 -19.704534509884578 -19.704534509884578
4.974874371859296 -19.698732999989552 -19.698732999989552 -19.698732999989552 -19.698732999989552 -19.698732999989552 -19.698732999989552 -19.698732999989552 -19.698732999989552 -19.698732999989552 -19.698732999989552 -19.698732999989552 -19.698732999989552 -19.698732999989552
5.050251256281406 -19.692931490094526 -19.692931490094526 -19.692931490094526 -19.692931490094526 -19.692931490094526 -19.692931490094526 -19.692931490094526 -19.692931490094526 -19.692931490094526 -19.692931490094526 -19.692931490094526 -19.692931490094526 -19.692931490094526
5.125628140703517 -19.6871299801995 -19.6871299801995 -19.6871299801995 -19.6871299801995 -19.6871299801995 -19.6871299801995 -19.6871299801995 -19.6871299801995 -19.6871299801995 -19.6871299801995 -19.6871299801995 -19.6871299801995 -19.6871299801995
5.201005025125628 -19.681328470304475 -19.681328470304475 -19.681328470304475 -19.681328470304475 -19.681328470304475 -19.681328470304475 -19.681328470304475 -19.681328470304475 -19.681328470304475 -19.681328470304475 -19.681328470304475 -19.681328470304475 -19.681328470304475
5.276381909547738 -19.67552696040945 -19.67552696040945 -19.67552696040945 -19.67552696040945 -19.67552696040945 -19.67552696040945 -19.67552696040945 -19.67552696040945 -19.67552696040945 -19.67552696040945 -19.67552696040945 -19.67552696040945 -19.67552696040945
5.351758793969848 -19.669725450514424 -19.669725450514424 -19.669725450514424 -19.669725450514424 -19.669725450514424 -19.669725450514424 -19.669725450514424 -19.669725450514424 -19.669725450514424 -19.669725450514424 -19.669725450514424 -19.669725450514424 -19.669725450514424
5.427135678391959 -19.663923940619398 -19.663923940619398 -19.663923940619398 -19.663923940619398 -19.663923940619398 -19.663923940619398 -19.663923940619398 -19.663923940619398 -19.663923940619398 -19.663923940619398 -19.663923940619398 -19.663923940619398 -19.663923940619398
5.50251256281407 -19.658122430724376 -19.658122430724376 -19.658122430724376 -19.658122430724376 -19.658122430724376 -19.658122430724376 -19.658122430724376 -19.658122430724376 -19.658122430724376 -19.658122430724376 -19.658122430724376 -19.658122430724376 -19.658122430724376
5.57788944723618 -19.65232092082935 -19.65232092082935 -19.65232092082935 -19.65232092082935 -19.65232092082935 -19.65232092082935 -19.65232092082935 -19.65232092082935 -19.65232092082935 -19.65232092082935 -19.65232092082935 -19.65232092082935 -19.65232092082935
5.6532663316582905 -19.646519410934324 -19.646519410934324 -19.646519410934324 -19.646519410934324 -19.646519410934324 -19.646519410934324 -19.646519410934324 -19.646519410934324 -19.646519410934324 -19.646519410934324 -19.646519410934324 -19.646519410934324 -19.646519410934324
5.7286432160804015 -19.6407179010393 -19.6407179010393 -19.6407179010393 -19.6407179010393 -19.6407179010393 -19.6407179010393 -19.6407179010393 -19.6407179010393 -19.6407179010393 -19.6407179010393 -19.6407179010393 -19.6407179010393 -19.6407179010393
5.8040201005025125 -19.634916391144273 -19.634916391144273 -19.634916391144273 -19.634916391144273 -19.634916391144273 -19.634916391144273 -19.634916391144273 -19.634916391144273 -19.634916391144273 -19.634916391144273 -19.634916391144273 -19.634916391144273 -19.634916391144273
5.879396984924623 -19.629114881249247 -19.629114881249247 -19.629114881249247 -19.629114881249247 -19.629114881249247 -19.629114881249247 -19.629114881249247 -19.629114881249247 -19.629114881249247 -19.629114881249247 -19.629114881249247 -19.629114881249247 -19.629114881249247
5.954773869346733 -19.62331337135422 -19.62331337135422 -19.62331337135422 -19.62331337135422 -19.62331337135422 -19.62331337135422 -19.62331337135422 -19.62331337135422 -19.62331337135422 -19.62331337135422 -19.62331337135422 -19.62331337135422 -19.62331337135422
6.030150753768844 -19.617511861459196 -19.617511861459196 -19.617511861459196 -19.617511861459196 -19.617511861459196 -19.617511861459196 -19.617511861459196 -19.617511861459196 -19.617511861459196 -19.617511861459196 -19.617511861459196 -19.617511861459196 -19.617511861459196
6.105527638190955 -19.61171035156417 -19.61171035156417 -19.61171035156417 -19.61171035156417 -19.61171035156417 -19.61171035156417 -19.61171035156417 -19.61171035156417 -19.61171035156417 -19.61171035156417 -19.61171035156417 -19.61171035156417 -19.61171035156417
6.180904522613065 -19.605908841669144 -19.605908841669144 -19.605908841669144 -19.605908841669144 -19.605908841669144 -19.605908841669144 -19.605908841669144 -19.605908841669144 -19.605908841669144 -19.605908841669144 -19.605908841669144 -19.605908841669144 -19.605908841669144
6.256281407035175 -19.60010733177412 -19.60010733177412 -19.60010733177412 -19.60010733177412 -19.60010733177412 -19.60010733177412 -19.60010733177412 -19.60010733177412 -19.60010733177412 -19.60010733177412 -19.60010733177412 -19.60010733177412 -19.60010733177412
6.331658291457286 -19.594305821879093 -19.594305821879093 -19.594305821879093 -19.594305821879093 -19.594305821879093 -19.594305821879093 -19.594305821879093 -19.594305821879093 -19.594305821879093 -19.594305821879093 -19.594305821879093 -19.594305821879093 -19.594305821879093
6.407035175879397 -19.58850431198407 -19.58850431198407 -19.58850431198407 -19.58850431198407 -19.58850431198407 -19.58850431198407 -19.58850431198407 -19.58850431198407 -19.58850431198407 -19.58850431198407 -19.58850431198407 -19.58850431198407 -19.58850431198407
6.482412060301507 -19.582702802089045 -19.582702802089045 -19.582702802089045 -19.582702802089045 -19.582702802089045 -19.582702802089045 -19.582702802089045 -19.582702802089045 -19.582702802089045 -19.582702802089045 -19.582702802089045 -19.582702802089045 -19.582702802089045
6.557788944723617 -19.57690129219402 -19.57690129219402 -19.57690129219402 -19.57690129219402 -19.57690129219402 -19.57690129219402 -19.57690129219402 -19.57690129219402 -19.57690129219402 -19.57690129219402 -19.57690129219402 -19.57690129219402 -19.57690129219402
6.633165829145728 -19.571099782298994 -19.571099782298994 -19.571099782298994 -19.571099782298994 -19.571099782298994 -19.571099782298994 -19.571099782298994 -19.571099782298994 -19.571099782298994 -19.571099782298994 -19.571099782298994 -19.571099782298994 -19.571099782298994
6.708542713567839 -19.565298272403968 -19.565298272403968 -19.565298272403968 -19.565298272403968 -19.565298272403968 -19.565298272403968 -19.565298272403968 -19.565298272403968 -19.565298272403968 -19.565298272403968 -19.565298272403968 -19.565298272403968 -19.565298272403968
6.783919597989949 -19.559496762508942 -19.559496762508942 -19.559496762508942 -19.559496762508942 -19.559496762508942 -19.559496762508942 -19.559496762508942 -19.559496762508942 -19.559496762508942 -19.559496762508942 -19.559496762508942 -19.559496762508942 -19.559496762508942
6.859296482412059 -19.553695252613917 -19.553695252613917 -19.553695252613917 -19.553695252613917 -19.553695252613917 -19.553695252613917 -19.553695252613917 -19.553695252613917 -19.553695252613917 -19.553695252613917 -19.553695252613917 -19.553695252613917 -19.553695252613917
6.93467336683417 -19.54789374271889 -19.54789374271889 -19.54789374271889 -19.54789374271889 -19.54789374271889 -19.54789374271889 -19.54789374271889 -19.54789374271889 -19.54789374271889 -19.54789374271889 -19.54789374271889 -19.54789374271889 -19.54789374271889
7.010050251256281 -19.542092232823865 -19.542092232823865 -19.542092232823865 -19.542092232823865 -19.542092232823865 -19.542092232823865 -19.542092232823865 -19.542092232823865 -19.542092232823865 -19.542092232823865 -19.542092232823865 -19.542092232823865 -19.542092232823865
7.085427135678391 -19.53629072292884 -19.53629072292884 -19.53629072292884 -19.53629072292884 -19.53629072292884 -19.53629072292884 -19.53629072292884 -19.53629072292884 -19.53629072292884 -19.53629072292884 -19.53629072292884 -19.53629072292884 -19.53629072292884
7.160804020100501 -19.530489213033814 -19.530489213033814 -19.530489213033814 -19.530489213033814 -19.530489213033814 -19.530489213033814 -19.530489213033814 -19.530489213033814 -19.530489213033814 -19.530489213033814 -19.530489213033814 -19.530489213033814 -19.530489213033814
7.236180904522612 -19.52468770313879 -19.52468770313879 -19.52468770313879 -19.52468770313879 -19.52468770313879 -19.52468770313879 -19.52468770313879 -19.52468770313879 -19.52468770313879 -19.52468770313879 -19.52468770313879 -19.52468770313879 -19.52468770313879
7.311557788944723 -19.518886193243766 -19.518886193243766 -19.518886193243766 -19.518886193243766 -19.518886193243766 -19.518886193243766 -19.518886193243766 -19.518886193243766 -19.518886193243766 -19.518886193243766 -19.518886193243766 -19.518886193243766 -19.518886193243766
7.3869346733668335 -19.51308468334874 -19.51308468334874 -19.51308468334874 -19.51308468334874 -19.51308468334874 -19.51308468334874 -19.51308468334874 -19.51308468334874 -19.51308468334874 -19.51308468334874 -19.51308468334874 -19.51308468334874 -19.51308468334874
7.462311557788944 -19.507283173453715 -19.507283173453715 -19.507283173453715 -19.507283173453715 -19.507283173453715 -19.507283173453715 -19.507283173453715 -19.507283173453715 -19.507283173453715 -19.507283173453715 -19.507283173453715 -19.507283173453715 -19.507283173453715
7.537688442211055 -19.50148166355869 -19.50148166355869 -19.50148166355869 -19.50148166355869 -19.50148166355869 -19.50148166355869 -19.50148166355869 -19.50148166355869 -19.50148166355869 -19.50148166355869 -19.50148166355869 -19.50148166355869 -19.50148166355869
7.613065326633166 -19.495680153663663 -19.495680153663663 -19.495680153663663 -19.495680153663663 -19.495680153663663 -19.495680153663663 -19.495680153663663 -19.495680153663663 -19.495680153663663 -19.495680153663663 -19.495680153663663 -19.495680153663663 -19.495680153663663
7.688442211055276 -19.489878643768638 -19.489878643768638 -19.489878643768638 -19.489878643768638 -19.489878643768638 -19.489878643768638 -19.489878643768638 -19.489878643768638 -19.489878643768638 -19.489878643768638 -19.489878643768638 -19.489878643768638 -19.489878643768638
7.763819095477386 -19.484077133873612 -19.484077133873612 -19.484077133873612 -19.484077133873612 -19.484077133873612 -19.484077133873612 -19.484077133873612 -19.484077133873612 -19.484077133873612 -19.484077133873612 -19.484077133873612 -19.484077133873612 -19.484077133873612
7.839195979899497 -19.478275623978586 -19.478275623978586 -19.478275623978586 -19.478275623978586 -19.478275623978586 -19.478275623978586 -19.478275623978586 -19.478275623978586 -19.478275623978586 -19.478275623978586 -19.478275623978586 -19.478275623978586 -19.478275623978586
7.914572864321608 -19.47247411408356 -19.47247411408356 -19.47247411408356 -19.47247411408356 -19.47247411408356 -19.47247411408356 -19.47247411408356 -19.47247411408356 -19.47247411408356 -19.47247411408356 -19.47247411408356 -19.47247411408356 -19.47247411408356
7.989949748743718 -19.466672604188535 -19.466672604188535 -19.466672604188535 -19.466672604188535 -19.466672604188535 -19.466672604188535 -19.466672604188535 -19.466672604188535 -19.466672604188535 -19.466672604188535 -19.466672604188535 -19.466672604188535 -19.466672604188535
8.065326633165828 -19.460871094293513 -19.460871094293513 -19.460871094293513 -19.460871094293513 -19.460871094293513 -19.460871094293513 -19.460871094293513 -19.460871094293513 -19.460871094293513 -19.460871094293513 -19.460871094293513 -19.460871094293513 -19.460871094293513
8.140703517587939 -19.455069584398487 -19.455069584398487 -19.455069584398487 -19.455069584398487 -19.455069584398487 -19.455069584398487 -19.455069584398487 -19.455069584398487 -19.455069584398487 -19.455069584398487 -19.455069584398487 -19.455069584398487 -19.455069584398487
8.21608040201005 -19.44926807450346 -19.44926807450346 -19.44926807450346 -19.44926807450346 -19.44926807450346 -19.44926807450346 -19.44926807450346 -19.44926807450346 -19.44926807450346 -19.44926807450346 -19.44926807450346 -19.44926807450346 -19.44926807450346
8.29145728643216 -19.443466564608435 -19.443466564608435 -19.443466564608435 -19.443466564608435 -19.443466564608435 -19.443466564608435 -19.443466564608435 -19.443466564608435 -19.443466564608435 -19.443466564608435 -19.443466564608435 -19.443466564608435 -19.443466564608435
8.36683417085427 -19.43766505471341 -19.43766505471341 -19.43766505471341 -19.43766505471341 -19.43766505471341 -19.43766505471341 -19.43766505471341 -19.43766505471341 -19.43766505471341 -19.43766505471341 -19.43766505471341 -19.43766505471341 -19.43766505471341
8.442211055276381 -19.431863544818384 -19.431863544818384 -19.431863544818384 -19.431863544818384 -19.431863544818384 -19.431863544818384 -19.431863544818384 -19.431863544818384 -19.431863544818384 -19.431863544818384 -19.431863544818384 -19.431863544818384 -19.431863544818384
8.517587939698492 -19.42606203492336 -19.42606203492336 -19.42606203492336 -19.42606203492336 -19.42606203492336 -19.42606203492336 -19.42606203492336 -19.42606203492336 -19.42606203492336 -19.42606203492336 -19.42606203492336 -19.42606203492336 -19.42606203492336
8.592964824120603 -19.420260525028333 -19.420260525028333 -19.420260525028333 -19.420260525028333 -19.420260525028333 -19.420260525028333 -19.420260525028333 -19.420260525028333 -19.420260525028333 -19.420260525028333 -19.420260525028333 -19.420260525028333 -19.420260525028333
8.668341708542712 -19.414459015133307 -19.414459015133307 -19.414459015133307 -19.414459015133307 -19.414459015133307 -19.414459015133307 -19.414459015133307 -19.414459015133307 -19.414459015133307 -19.414459015133307 -19.414459015133307 -19.414459015133307 -19.414459015133307
8.743718592964823 -19.40865750523828 -19.40865750523828 -19.40865750523828 -19.40865750523828 -19.40865750523828 -19.40865750523828 -19.40865750523828 -19.40865750523828 -19.40865750523828 -19.40865750523828 -19.40865750523828 -19.40865750523828 -19.40865750523828
