web/models/linear/90/-20_082_0_228.dat
# %ECSV 1.0
# ---
# datatype:
# - {name: time, datatype: float64}
# - {name: sdss_u, datatype: float64}
# - {name: sdss_g, datatype: float64}
# - {name: sdss_r, datatype: float64}
# - {name: sdss_i, datatype: float64}
# - {name: sdss_z, datatype: float64}
# - {name: Clear, datatype: float64}
# - {name: johnson_B, datatype: float64}
# - {name: johnson_V, datatype: float64}
# - {name: johnson_R, datatype: float64}
# - {name: johnson_I, datatype: float64}
# - {name: ukirt_J, datatype: float64}
# - {name: ukirt_H, datatype: float64}
# - {name: ukirt_K, datatype: float64}
# meta: !!omap
# - comment: [M=-20.081632653061227, dM=0.22797045620951936]
# schema: astropy-2.0
time sdss_u sdss_g sdss_r sdss_i sdss_z Clear johnson_B johnson_V johnson_R johnson_I ukirt_J ukirt_H ukirt_K
[from data line 118]
8.894472361809044 -18.05395573099666 -18.05395573099666 -18.05395573099666 -18.05395573099666 -18.05395573099666 -18.05395573099666 -18.05395573099666 -18.05395573099666 -18.05395573099666 -18.05395573099666 -18.05395573099666 -18.05395573099666 -18.05395573099666
8.969849246231155 -18.036772028267297 -18.036772028267297 -18.036772028267297 -18.036772028267297 -18.036772028267297 -18.036772028267297 -18.036772028267297 -18.036772028267297 -18.036772028267297 -18.036772028267297 -18.036772028267297 -18.036772028267297 -18.036772028267297
9.045226130653266 -18.01958832553794 -18.01958832553794 -18.01958832553794 -18.01958832553794 -18.01958832553794 -18.01958832553794 -18.01958832553794 -18.01958832553794 -18.01958832553794 -18.01958832553794 -18.01958832553794 -18.01958832553794 -18.01958832553794
9.120603015075377 -18.002404622808577 -18.002404622808577 -18.002404622808577 -18.002404622808577 -18.002404622808577 -18.002404622808577 -18.002404622808577 -18.002404622808577 -18.002404622808577 -18.002404622808577 -18.002404622808577 -18.002404622808577 -18.002404622808577
9.195979899497488 -17.985220920079215 -17.985220920079215 -17.985220920079215 -17.985220920079215 -17.985220920079215 -17.985220920079215 -17.985220920079215 -17.985220920079215 -17.985220920079215 -17.985220920079215 -17.985220920079215 -17.985220920079215 -17.985220920079215
9.271356783919597 -17.968037217349853 -17.968037217349853 -17.968037217349853 -17.968037217349853 -17.968037217349853 -17.968037217349853 -17.968037217349853 -17.968037217349853 -17.968037217349853 -17.968037217349853 -17.968037217349853 -17.968037217349853 -17.968037217349853
9.346733668341708 -17.950853514620494 -17.950853514620494 -17.950853514620494 -17.950853514620494 -17.950853514620494 -17.950853514620494 -17.950853514620494 -17.950853514620494 -17.950853514620494 -17.950853514620494 -17.950853514620494 -17.950853514620494 -17.950853514620494
9.422110552763819 -17.933669811891132 -17.933669811891132 -17.933669811891132 -17.933669811891132 -17.933669811891132 -17.933669811891132 -17.933669811891132 -17.933669811891132 -17.933669811891132 -17.933669811891132 -17.933669811891132 -17.933669811891132 -17.933669811891132
9.497487437185928 -17.916486109161774 -17.916486109161774 -17.916486109161774 -17.916486109161774 -17.916486109161774 -17.916486109161774 -17.916486109161774 -17.916486109161774 -17.916486109161774 -17.916486109161774 -17.916486109161774 -17.916486109161774 -17.916486109161774
9.572864321608039 -17.89930240643241 -17.89930240643241 -17.89930240643241 -17.89930240643241 -17.89930240643241 -17.89930240643241 -17.89930240643241 -17.89930240643241 -17.89930240643241 -17.89930240643241 -17.89930240643241 -17.89930240643241 -17.89930240643241
9.64824120603015 -17.88211870370305 -17.88211870370305 -17.88211870370305 -17.88211870370305 -17.88211870370305 -17.88211870370305 -17.88211870370305 -17.88211870370305 -17.88211870370305 -17.88211870370305 -17.88211870370305 -17.88211870370305 -17.88211870370305
9.72361809045226 -17.86493500097369 -17.86493500097369 -17.86493500097369 -17.86493500097369 -17.86493500097369 -17.86493500097369 -17.86493500097369 -17.86493500097369 -17.86493500097369 -17.86493500097369 -17.86493500097369 -17.86493500097369 -17.86493500097369
9.798994974874372 -17.84775129824433 -17.84775129824433 -17.84775129824433 -17.84775129824433 -17.84775129824433 -17.84775129824433 -17.84775129824433 -17.84775129824433 -17.84775129824433 -17.84775129824433 -17.84775129824433 -17.84775129824433 -17.84775129824433
9.874371859296481 -17.830567595514967 -17.830567595514967 -17.830567595514967 -17.830567595514967 -17.830567595514967 -17.830567595514967 -17.830567595514967 -17.830567595514967 -17.830567595514967 -17.830567595514967 -17.830567595514967 -17.830567595514967 -17.830567595514967
9.949748743718592 -17.81338389278561 -17.81338389278561 -17.81338389278561 -17.81338389278561 -17.81338389278561 -17.81338389278561 -17.81338389278561 -17.81338389278561 -17.81338389278561 -17.81338389278561 -17.81338389278561 -17.81338389278561 -17.81338389278561
10.025125628140703 -17.796200190056247 -17.796200190056247 -17.796200190056247 -17.796200190056247 -17.796200190056247 -17.796200190056247 -17.796200190056247 -17.796200190056247 -17.796200190056247 -17.796200190056247 -17.796200190056247 -17.796200190056247 -17.796200190056247
10.100502512562812 -17.779016487326885 -17.779016487326885 -17.779016487326885 -17.779016487326885 -17.779016487326885 -17.779016487326885 -17.779016487326885 -17.779016487326885 -17.779016487326885 -17.779016487326885 -17.779016487326885 -17.779016487326885 -17.779016487326885
10.175879396984923 -17.761832784597527 -17.761832784597527 -17.761832784597527 -17.761832784597527 -17.761832784597527 -17.761832784597527 -17.761832784597527 -17.761832784597527 -17.761832784597527 -17.761832784597527 -17.761832784597527 -17.761832784597527 -17.761832784597527
10.251256281407034 -17.744649081868165 -17.744649081868165 -17.744649081868165 -17.744649081868165 -17.744649081868165 -17.744649081868165 -17.744649081868165 -17.744649081868165 -17.744649081868165 -17.744649081868165 -17.744649081868165 -17.744649081868165 -17.744649081868165
10.326633165829145 -17.727465379138803 -17.727465379138803 -17.727465379138803 -17.727465379138803 -17.727465379138803 -17.727465379138803 -17.727465379138803 -17.727465379138803 -17.727465379138803 -17.727465379138803 -17.727465379138803 -17.727465379138803 -17.727465379138803
10.402010050251256 -17.710281676409444 -17.710281676409444 -17.710281676409444 -17.710281676409444 -17.710281676409444 -17.710281676409444 -17.710281676409444 -17.710281676409444 -17.710281676409444 -17.710281676409444 -17.710281676409444 -17.710281676409444 -17.710281676409444
10.477386934673365 -17.693097973680082 -17.693097973680082 -17.693097973680082 -17.693097973680082 -17.693097973680082 -17.693097973680082 -17.693097973680082 -17.693097973680082 -17.693097973680082 -17.693097973680082 -17.693097973680082 -17.693097973680082 -17.693097973680082
10.552763819095476 -17.67591427095072 -17.67591427095072 -17.67591427095072 -17.67591427095072 -17.67591427095072 -17.67591427095072 -17.67591427095072 -17.67591427095072 -17.67591427095072 -17.67591427095072 -17.67591427095072 -17.67591427095072 -17.67591427095072
10.628140703517587 -17.658730568221362 -17.658730568221362 -17.658730568221362 -17.658730568221362 -17.658730568221362 -17.658730568221362 -17.658730568221362 -17.658730568221362 -17.658730568221362 -17.658730568221362 -17.658730568221362 -17.658730568221362 -17.658730568221362
10.703517587939697 -17.641546865492 -17.641546865492 -17.641546865492 -17.641546865492 -17.641546865492 -17.641546865492 -17.641546865492 -17.641546865492 -17.641546865492 -17.641546865492 -17.641546865492 -17.641546865492 -17.641546865492
10.778894472361808 -17.62436316276264 -17.62436316276264 -17.62436316276264 -17.62436316276264 -17.62436316276264 -17.62436316276264 -17.62436316276264 -17.62436316276264 -17.62436316276264 -17.62436316276264 -17.62436316276264 -17.62436316276264 -17.62436316276264
10.854271356783919 -17.60717946003328 -17.60717946003328 -17.60717946003328 -17.60717946003328 -17.60717946003328 -17.60717946003328 -17.60717946003328 -17.60717946003328 -17.60717946003328 -17.60717946003328 -17.60717946003328 -17.60717946003328 -17.60717946003328
10.92964824120603 -17.589995757303917 -17.589995757303917 -17.589995757303917 -17.589995757303917 -17.589995757303917 -17.589995757303917 -17.589995757303917 -17.589995757303917 -17.589995757303917 -17.589995757303917 -17.589995757303917 -17.589995757303917 -17.589995757303917
11.00502512562814 -17.572812054574555 -17.572812054574555 -17.572812054574555 -17.572812054574555 -17.572812054574555 -17.572812054574555 -17.572812054574555 -17.572812054574555 -17.572812054574555 -17.572812054574555 -17.572812054574555 -17.572812054574555 -17.572812054574555
11.08040201005025 -17.555628351845197 -17.555628351845197 -17.555628351845197 -17.555628351845197 -17.555628351845197 -17.555628351845197 -17.555628351845197 -17.555628351845197 -17.555628351845197 -17.555628351845197 -17.555628351845197 -17.555628351845197 -17.555628351845197
11.15577889447236 -17.538444649115835 -17.538444649115835 -17.538444649115835 -17.538444649115835 -17.538444649115835 -17.538444649115835 -17.538444649115835 -17.538444649115835 -17.538444649115835 -17.538444649115835 -17.538444649115835 -17.538444649115835 -17.538444649115835
11.231155778894472 -17.521260946386477 -17.521260946386477 -17.521260946386477 -17.521260946386477 -17.521260946386477 -17.521260946386477 -17.521260946386477 -17.521260946386477 -17.521260946386477 -17.521260946386477 -17.521260946386477 -17.521260946386477 -17.521260946386477
11.306532663316581 -17.504077243657115 -17.504077243657115 -17.504077243657115 -17.504077243657115 -17.504077243657115 -17.504077243657115 -17.504077243657115 -17.504077243657115 -17.504077243657115 -17.504077243657115 -17.504077243657115 -17.504077243657115 -17.504077243657115
11.381909547738692 -17.486893540927753 -17.486893540927753 -17.486893540927753 -17.486893540927753 -17.486893540927753 -17.486893540927753 -17.486893540927753 -17.486893540927753 -17.486893540927753 -17.486893540927753 -17.486893540927753 -17.486893540927753 -17.486893540927753
11.457286432160803 -17.46970983819839 -17.46970983819839 -17.46970983819839 -17.46970983819839 -17.46970983819839 -17.46970983819839 -17.46970983819839 -17.46970983819839 -17.46970983819839 -17.46970983819839 -17.46970983819839 -17.46970983819839 -17.46970983819839
11.532663316582914 -17.452526135469032 -17.452526135469032 -17.452526135469032 -17.452526135469032 -17.452526135469032 -17.452526135469032 -17.452526135469032 -17.452526135469032 -17.452526135469032 -17.452526135469032 -17.452526135469032 -17.452526135469032 -17.452526135469032
11.608040201005025 -17.43534243273967 -17.43534243273967 -17.43534243273967 -17.43534243273967 -17.43534243273967 -17.43534243273967 -17.43534243273967 -17.43534243273967 -17.43534243273967 -17.43534243273967 -17.43534243273967 -17.43534243273967 -17.43534243273967
11.683417085427134 -17.418158730010312 -17.418158730010312 -17.418158730010312 -17.418158730010312 -17.418158730010312 -17.418158730010312 -17.418158730010312 -17.418158730010312 -17.418158730010312 -17.418158730010312 -17.418158730010312 -17.418158730010312 -17.418158730010312
11.758793969849245 -17.40097502728095 -17.40097502728095 -17.40097502728095 -17.40097502728095 -17.40097502728095 -17.40097502728095 -17.40097502728095 -17.40097502728095 -17.40097502728095 -17.40097502728095 -17.40097502728095 -17.40097502728095 -17.40097502728095
11.834170854271356 -17.383791324551588 -17.383791324551588 -17.383791324551588 -17.383791324551588 -17.383791324551588 -17.383791324551588 -17.383791324551588 -17.383791324551588 -17.383791324551588 -17.383791324551588 -17.383791324551588 -17.383791324551588 -17.383791324551588
11.909547738693465 -17.36660762182223 -17.36660762182223 -17.36660762182223 -17.36660762182223 -17.36660762182223 -17.36660762182223 -17.36660762182223 -17.36660762182223 -17.36660762182223 -17.36660762182223 -17.36660762182223 -17.36660762182223 -17.36660762182223
11.984924623115576 -17.349423919092867 -17.349423919092867 -17.349423919092867 -17.349423919092867 -17.349423919092867 -17.349423919092867 -17.349423919092867 -17.349423919092867 -17.349423919092867 -17.349423919092867 -17.349423919092867 -17.349423919092867 -17.349423919092867
12.060301507537687 -17.332240216363505 -17.332240216363505 -17.332240216363505 -17.332240216363505 -17.332240216363505 -17.332240216363505 -17.332240216363505 -17.332240216363505 -17.332240216363505 -17.332240216363505 -17.332240216363505 -17.332240216363505 -17.332240216363505
12.135678391959798 -17.315056513634147 -17.315056513634147 -17.315056513634147 -17.315056513634147 -17.315056513634147 -17.315056513634147 -17.315056513634147 -17.315056513634147 -17.315056513634147 -17.315056513634147 -17.315056513634147 -17.315056513634147 -17.315056513634147
12.21105527638191 -17.297872810904785 -17.297872810904785 -17.297872810904785 -17.297872810904785 -17.297872810904785 -17.297872810904785 -17.297872810904785 -17.297872810904785 -17.297872810904785 -17.297872810904785 -17.297872810904785 -17.297872810904785 -17.297872810904785
12.286432160804019 -17.280689108175423 -17.280689108175423 -17.280689108175423 -17.280689108175423 -17.280689108175423 -17.280689108175423 -17.280689108175423 -17.280689108175423 -17.280689108175423 -17.280689108175423 -17.280689108175423 -17.280689108175423 -17.280689108175423
12.36180904522613 -17.263505405446065 -17.263505405446065 -17.263505405446065 -17.263505405446065 -17.263505405446065 -17.263505405446065 -17.263505405446065 -17.263505405446065 -17.263505405446065 -17.263505405446065 -17.263505405446065 -17.263505405446065 -17.263505405446065
12.43718592964824 -17.246321702716703 -17.246321702716703 -17.246321702716703 -17.246321702716703 -17.246321702716703 -17.246321702716703 -17.246321702716703 -17.246321702716703 -17.246321702716703 -17.246321702716703 -17.246321702716703 -17.246321702716703 -17.246321702716703
12.51256281407035 -17.229137999987344 -17.229137999987344 -17.229137999987344 -17.229137999987344 -17.229137999987344 -17.229137999987344 -17.229137999987344 -17.229137999987344 -17.229137999987344 -17.229137999987344 -17.229137999987344 -17.229137999987344 -17.229137999987344
12.58793969849246 -17.211954297257982 -17.211954297257982 -17.211954297257982 -17.211954297257982 -17.211954297257982 -17.211954297257982 -17.211954297257982 -17.211954297257982 -17.211954297257982 -17.211954297257982 -17.211954297257982 -17.211954297257982 -17.211954297257982
12.663316582914572 -17.19477059452862 -17.19477059452862 -17.19477059452862 -17.19477059452862 -17.19477059452862 -17.19477059452862 -17.19477059452862 -17.19477059452862 -17.19477059452862 -17.19477059452862 -17.19477059452862 -17.19477059452862 -17.19477059452862
12.738693467336683 -17.17758689179926 -17.17758689179926 -17.17758689179926 -17.17758689179926 -17.17758689179926 -17.17758689179926 -17.17758689179926 -17.17758689179926 -17.17758689179926 -17.17758689179926 -17.17758689179926 -17.17758689179926 -17.17758689179926
12.814070351758794 -17.1604031890699 -17.1604031890699 -17.1604031890699 -17.1604031890699 -17.1604031890699 -17.1604031890699 -17.1604031890699 -17.1604031890699 -17.1604031890699 -17.1604031890699 -17.1604031890699 -17.1604031890699 -17.1604031890699
12.889447236180903 -17.143219486340538 -17.143219486340538 -17.143219486340538 -17.143219486340538 -17.143219486340538 -17.143219486340538 -17.143219486340538 -17.143219486340538 -17.143219486340538 -17.143219486340538 -17.143219486340538 -17.143219486340538 -17.143219486340538
12.964824120603014 -17.12603578361118 -17.12603578361118 -17.12603578361118 -17.12603578361118 -17.12603578361118 -17.12603578361118 -17.12603578361118 -17.12603578361118 -17.12603578361118 -17.12603578361118 -17.12603578361118 -17.12603578361118 -17.12603578361118
13.040201005025125 -17.108852080881817 -17.108852080881817 -17.108852080881817 -17.108852080881817 -17.108852080881817 -17.108852080881817 -17.108852080881817 -17.108852080881817 -17.108852080881817 -17.108852080881817 -17.108852080881817 -17.108852080881817 -17.108852080881817
13.115577889447234 -17.091668378152455 -17.091668378152455 -17.091668378152455 -17.091668378152455 -17.091668378152455 -17.091668378152455 -17.091668378152455 -17.091668378152455 -17.091668378152455 -17.091668378152455 -17.091668378152455 -17.091668378152455 -17.091668378152455
