web/models/linear/90/-20_082_0_921.dat
# %ECSV 1.0
# ---
# datatype:
# - {name: time, datatype: float64}
# - {name: sdss_u, datatype: float64}
# - {name: sdss_g, datatype: float64}
# - {name: sdss_r, datatype: float64}
# - {name: sdss_i, datatype: float64}
# - {name: sdss_z, datatype: float64}
# - {name: Clear, datatype: float64}
# - {name: johnson_B, datatype: float64}
# - {name: johnson_V, datatype: float64}
# - {name: johnson_R, datatype: float64}
# - {name: johnson_I, datatype: float64}
# - {name: ukirt_J, datatype: float64}
# - {name: ukirt_H, datatype: float64}
# - {name: ukirt_K, datatype: float64}
# meta: !!omap
# - comment: [M=-20.081632653061227, dM=0.9208527728773267]
# schema: astropy-2.0
time sdss_u sdss_g sdss_r sdss_i sdss_z Clear johnson_B johnson_V johnson_R johnson_I ukirt_J ukirt_H ukirt_K
0.0 -20.081632653061227 -20.081632653061227 -20.081632653061227 -20.081632653061227 -20.081632653061227 -20.081632653061227 -20.081632653061227 -20.081632653061227 -20.081632653061227 -20.081632653061227 -20.081632653061227 -20.081632653061227 -20.081632653061227
0.07537688442211055 -20.012221640030273 -20.012221640030273 -20.012221640030273 -20.012221640030273 -20.012221640030273 -20.012221640030273 -20.012221640030273 -20.012221640030273 -20.012221640030273 -20.012221640030273 -20.012221640030273 -20.012221640030273 -20.012221640030273
0.1507537688442211 -19.942810626999318 -19.942810626999318 -19.942810626999318 -19.942810626999318 -19.942810626999318 -19.942810626999318 -19.942810626999318 -19.942810626999318 -19.942810626999318 -19.942810626999318 -19.942810626999318 -19.942810626999318 -19.942810626999318
0.22613065326633164 -19.873399613968363 -19.873399613968363 -19.873399613968363 -19.873399613968363 -19.873399613968363 -19.873399613968363 -19.873399613968363 -19.873399613968363 -19.873399613968363 -19.873399613968363 -19.873399613968363 -19.873399613968363 -19.873399613968363
0.3015075376884422 -19.80398860093741 -19.80398860093741 -19.80398860093741 -19.80398860093741 -19.80398860093741 -19.80398860093741 -19.80398860093741 -19.80398860093741 -19.80398860093741 -19.80398860093741 -19.80398860093741 -19.80398860093741 -19.80398860093741
0.37688442211055273 -19.734577587906458 -19.734577587906458 -19.734577587906458 -19.734577587906458 -19.734577587906458 -19.734577587906458 -19.734577587906458 -19.734577587906458 -19.734577587906458 -19.734577587906458 -19.734577587906458 -19.734577587906458 -19.734577587906458
0.4522613065326633 -19.665166574875503 -19.665166574875503 -19.665166574875503 -19.665166574875503 -19.665166574875503 -19.665166574875503 -19.665166574875503 -19.665166574875503 -19.665166574875503 -19.665166574875503 -19.665166574875503 -19.665166574875503 -19.665166574875503
0.5276381909547738 -19.59575556184455 -19.59575556184455 -19.59575556184455 -19.59575556184455 -19.59575556184455 -19.59575556184455 -19.59575556184455 -19.59575556184455 -19.59575556184455 -19.59575556184455 -19.59575556184455 -19.59575556184455 -19.59575556184455
0.6030150753768844 -19.526344548813594 -19.526344548813594 -19.526344548813594 -19.526344548813594 -19.526344548813594 -19.526344548813594 -19.526344548813594 -19.526344548813594 -19.526344548813594 -19.526344548813594 -19.526344548813594 -19.526344548813594 -19.526344548813594
0.6783919597989949 -19.45693353578264 -19.45693353578264 -19.45693353578264 -19.45693353578264 -19.45693353578264 -19.45693353578264 -19.45693353578264 -19.45693353578264 -19.45693353578264 -19.45693353578264 -19.45693353578264 -19.45693353578264 -19.45693353578264
0.7537688442211055 -19.387522522751684 -19.387522522751684 -19.387522522751684 -19.387522522751684 -19.387522522751684 -19.387522522751684 -19.387522522751684 -19.387522522751684 -19.387522522751684 -19.387522522751684 -19.387522522751684 -19.387522522751684 -19.387522522751684
0.829145728643216 -19.31811150972073 -19.31811150972073 -19.31811150972073 -19.31811150972073 -19.31811150972073 -19.31811150972073 -19.31811150972073 -19.31811150972073 -19.31811150972073 -19.31811150972073 -19.31811150972073 -19.31811150972073 -19.31811150972073
0.9045226130653266 -19.248700496689775 -19.248700496689775 -19.248700496689775 -19.248700496689775 -19.248700496689775 -19.248700496689775 -19.248700496689775 -19.248700496689775 -19.248700496689775 -19.248700496689775 -19.248700496689775 -19.248700496689775 -19.248700496689775
0.9798994974874371 -19.17928948365882 -19.17928948365882 -19.17928948365882 -19.17928948365882 -19.17928948365882 -19.17928948365882 -19.17928948365882 -19.17928948365882 -19.17928948365882 -19.17928948365882 -19.17928948365882 -19.17928948365882 -19.17928948365882
1.0552763819095476 -19.10987847062787 -19.10987847062787 -19.10987847062787 -19.10987847062787 -19.10987847062787 -19.10987847062787 -19.10987847062787 -19.10987847062787 -19.10987847062787 -19.10987847062787 -19.10987847062787 -19.10987847062787 -19.10987847062787
1.1306532663316582 -19.040467457596915 -19.040467457596915 -19.040467457596915 -19.040467457596915 -19.040467457596915 -19.040467457596915 -19.040467457596915 -19.040467457596915 -19.040467457596915 -19.040467457596915 -19.040467457596915 -19.040467457596915 -19.040467457596915
1.2060301507537687 -18.97105644456596 -18.97105644456596 -18.97105644456596 -18.97105644456596 -18.97105644456596 -18.97105644456596 -18.97105644456596 -18.97105644456596 -18.97105644456596 -18.97105644456596 -18.97105644456596 -18.97105644456596 -18.97105644456596
1.2814070351758793 -18.901645431535005 -18.901645431535005 -18.901645431535005 -18.901645431535005 -18.901645431535005 -18.901645431535005 -18.901645431535005 -18.901645431535005 -18.901645431535005 -18.901645431535005 -18.901645431535005 -18.901645431535005 -18.901645431535005
1.3567839195979898 -18.83223441850405 -18.83223441850405 -18.83223441850405 -18.83223441850405 -18.83223441850405 -18.83223441850405 -18.83223441850405 -18.83223441850405 -18.83223441850405 -18.83223441850405 -18.83223441850405 -18.83223441850405 -18.83223441850405
1.4321608040201004 -18.762823405473096 -18.762823405473096 -18.762823405473096 -18.762823405473096 -18.762823405473096 -18.762823405473096 -18.762823405473096 -18.762823405473096 -18.762823405473096 -18.762823405473096 -18.762823405473096 -18.762823405473096 -18.762823405473096
1.507537688442211 -18.69341239244214 -18.69341239244214 -18.69341239244214 -18.69341239244214 -18.69341239244214 -18.69341239244214 -18.69341239244214 -18.69341239244214 -18.69341239244214 -18.69341239244214 -18.69341239244214 -18.69341239244214 -18.69341239244214
1.5829145728643215 -18.624001379411187 -18.624001379411187 -18.624001379411187 -18.624001379411187 -18.624001379411187 -18.624001379411187 -18.624001379411187 -18.624001379411187 -18.624001379411187 -18.624001379411187 -18.624001379411187 -18.624001379411187 -18.624001379411187
1.658291457286432 -18.554590366380232 -18.554590366380232 -18.554590366380232 -18.554590366380232 -18.554590366380232 -18.554590366380232 -18.554590366380232 -18.554590366380232 -18.554590366380232 -18.554590366380232 -18.554590366380232 -18.554590366380232 -18.554590366380232
1.7336683417085426 -18.48517935334928 -18.48517935334928 -18.48517935334928 -18.48517935334928 -18.48517935334928 -18.48517935334928 -18.48517935334928 -18.48517935334928 -18.48517935334928 -18.48517935334928 -18.48517935334928 -18.48517935334928 -18.48517935334928
1.809045226130653 -18.415768340318326 -18.415768340318326 -18.415768340318326 -18.415768340318326 -18.415768340318326 -18.415768340318326 -18.415768340318326 -18.415768340318326 -18.415768340318326 -18.415768340318326 -18.415768340318326 -18.415768340318326 -18.415768340318326
1.8844221105527637 -18.34635732728737 -18.34635732728737 -18.34635732728737 -18.34635732728737 -18.34635732728737 -18.34635732728737 -18.34635732728737 -18.34635732728737 -18.34635732728737 -18.34635732728737 -18.34635732728737 -18.34635732728737 -18.34635732728737
1.9597989949748742 -18.276946314256417 -18.276946314256417 -18.276946314256417 -18.276946314256417 -18.276946314256417 -18.276946314256417 -18.276946314256417 -18.276946314256417 -18.276946314256417 -18.276946314256417 -18.276946314256417 -18.276946314256417 -18.276946314256417
2.0351758793969847 -18.207535301225462 -18.207535301225462 -18.207535301225462 -18.207535301225462 -18.207535301225462 -18.207535301225462 -18.207535301225462 -18.207535301225462 -18.207535301225462 -18.207535301225462 -18.207535301225462 -18.207535301225462 -18.207535301225462
2.1105527638190953 -18.138124288194508 -18.138124288194508 -18.138124288194508 -18.138124288194508 -18.138124288194508 -18.138124288194508 -18.138124288194508 -18.138124288194508 -18.138124288194508 -18.138124288194508 -18.138124288194508 -18.138124288194508 -18.138124288194508
2.185929648241206 -18.068713275163553 -18.068713275163553 -18.068713275163553 -18.068713275163553 -18.068713275163553 -18.068713275163553 -18.068713275163553 -18.068713275163553 -18.068713275163553 -18.068713275163553 -18.068713275163553 -18.068713275163553 -18.068713275163553
2.2613065326633164 -17.9993022621326 -17.9993022621326 -17.9993022621326 -17.9993022621326 -17.9993022621326 -17.9993022621326 -17.9993022621326 -17.9993022621326 -17.9993022621326 -17.9993022621326 -17.9993022621326 -17.9993022621326 -17.9993022621326
2.336683417085427 -17.929891249101644 -17.929891249101644 -17.929891249101644 -17.929891249101644 -17.929891249101644 -17.929891249101644 -17.929891249101644 -17.929891249101644 -17.929891249101644 -17.929891249101644 -17.929891249101644 -17.929891249101644 -17.929891249101644
2.4120603015075375 -17.86048023607069 -17.86048023607069 -17.86048023607069 -17.86048023607069 -17.86048023607069 -17.86048023607069 -17.86048023607069 -17.86048023607069 -17.86048023607069 -17.86048023607069 -17.86048023607069 -17.86048023607069 -17.86048023607069
2.487437185929648 -17.791069223039734 -17.791069223039734 -17.791069223039734 -17.791069223039734 -17.791069223039734 -17.791069223039734 -17.791069223039734 -17.791069223039734 -17.791069223039734 -17.791069223039734 -17.791069223039734 -17.791069223039734 -17.791069223039734
2.5628140703517586 -17.721658210008783 -17.721658210008783 -17.721658210008783 -17.721658210008783 -17.721658210008783 -17.721658210008783 -17.721658210008783 -17.721658210008783 -17.721658210008783 -17.721658210008783 -17.721658210008783 -17.721658210008783 -17.721658210008783
2.638190954773869 -17.65224719697783 -17.65224719697783 -17.65224719697783 -17.65224719697783 -17.65224719697783 -17.65224719697783 -17.65224719697783 -17.65224719697783 -17.65224719697783 -17.65224719697783 -17.65224719697783 -17.65224719697783 -17.65224719697783
2.7135678391959797 -17.582836183946874 -17.582836183946874 -17.582836183946874 -17.582836183946874 -17.582836183946874 -17.582836183946874 -17.582836183946874 -17.582836183946874 -17.582836183946874 -17.582836183946874 -17.582836183946874 -17.582836183946874 -17.582836183946874
2.78894472361809 -17.51342517091592 -17.51342517091592 -17.51342517091592 -17.51342517091592 -17.51342517091592 -17.51342517091592 -17.51342517091592 -17.51342517091592 -17.51342517091592 -17.51342517091592 -17.51342517091592 -17.51342517091592 -17.51342517091592
2.8643216080402008 -17.444014157884965 -17.444014157884965 -17.444014157884965 -17.444014157884965 -17.444014157884965 -17.444014157884965 -17.444014157884965 -17.444014157884965 -17.444014157884965 -17.444014157884965 -17.444014157884965 -17.444014157884965 -17.444014157884965
2.9396984924623113 -17.37460314485401 -17.37460314485401 -17.37460314485401 -17.37460314485401 -17.37460314485401 -17.37460314485401 -17.37460314485401 -17.37460314485401 -17.37460314485401 -17.37460314485401 -17.37460314485401 -17.37460314485401 -17.37460314485401
3.015075376884422 -17.305192131823055 -17.305192131823055 -17.305192131823055 -17.305192131823055 -17.305192131823055 -17.305192131823055 -17.305192131823055 -17.305192131823055 -17.305192131823055 -17.305192131823055 -17.305192131823055 -17.305192131823055 -17.305192131823055
3.0904522613065324 -17.2357811187921 -17.2357811187921 -17.2357811187921 -17.2357811187921 -17.2357811187921 -17.2357811187921 -17.2357811187921 -17.2357811187921 -17.2357811187921 -17.2357811187921 -17.2357811187921 -17.2357811187921 -17.2357811187921
3.165829145728643 -17.166370105761146 -17.166370105761146 -17.166370105761146 -17.166370105761146 -17.166370105761146 -17.166370105761146 -17.166370105761146 -17.166370105761146 -17.166370105761146 -17.166370105761146 -17.166370105761146 -17.166370105761146 -17.166370105761146
3.2412060301507535 -17.096959092730195 -17.096959092730195 -17.096959092730195 -17.096959092730195 -17.096959092730195 -17.096959092730195 -17.096959092730195 -17.096959092730195 -17.096959092730195 -17.096959092730195 -17.096959092730195 -17.096959092730195 -17.096959092730195
3.316582914572864 -17.02754807969924 -17.02754807969924 -17.02754807969924 -17.02754807969924 -17.02754807969924 -17.02754807969924 -17.02754807969924 -17.02754807969924 -17.02754807969924 -17.02754807969924 -17.02754807969924 -17.02754807969924 -17.02754807969924
3.3919597989949746 -16.958137066668286 -16.958137066668286 -16.958137066668286 -16.958137066668286 -16.958137066668286 -16.958137066668286 -16.958137066668286 -16.958137066668286 -16.958137066668286 -16.958137066668286 -16.958137066668286 -16.958137066668286 -16.958137066668286
3.467336683417085 -16.88872605363733 -16.88872605363733 -16.88872605363733 -16.88872605363733 -16.88872605363733 -16.88872605363733 -16.88872605363733 -16.88872605363733 -16.88872605363733 -16.88872605363733 -16.88872605363733 -16.88872605363733 -16.88872605363733
3.5427135678391957 -16.819315040606376 -16.819315040606376 -16.819315040606376 -16.819315040606376 -16.819315040606376 -16.819315040606376 -16.819315040606376 -16.819315040606376 -16.819315040606376 -16.819315040606376 -16.819315040606376 -16.819315040606376 -16.819315040606376
3.618090452261306 -16.749904027575422 -16.749904027575422 -16.749904027575422 -16.749904027575422 -16.749904027575422 -16.749904027575422 -16.749904027575422 -16.749904027575422 -16.749904027575422 -16.749904027575422 -16.749904027575422 -16.749904027575422 -16.749904027575422
3.6934673366834168 -16.680493014544467 -16.680493014544467 -16.680493014544467 -16.680493014544467 -16.680493014544467 -16.680493014544467 -16.680493014544467 -16.680493014544467 -16.680493014544467 -16.680493014544467 -16.680493014544467 -16.680493014544467 -16.680493014544467
3.7688442211055273 -16.611082001513513 -16.611082001513513 -16.611082001513513 -16.611082001513513 -16.611082001513513 -16.611082001513513 -16.611082001513513 -16.611082001513513 -16.611082001513513 -16.611082001513513 -16.611082001513513 -16.611082001513513 -16.611082001513513
3.844221105527638 -16.541670988482558 -16.541670988482558 -16.541670988482558 -16.541670988482558 -16.541670988482558 -16.541670988482558 -16.541670988482558 -16.541670988482558 -16.541670988482558 -16.541670988482558 -16.541670988482558 -16.541670988482558 -16.541670988482558
3.9195979899497484 -16.472259975451607 -16.472259975451607 -16.472259975451607 -16.472259975451607 -16.472259975451607 -16.472259975451607 -16.472259975451607 -16.472259975451607 -16.472259975451607 -16.472259975451607 -16.472259975451607 -16.472259975451607 -16.472259975451607
3.994974874371859 -16.402848962420652 -16.402848962420652 -16.402848962420652 -16.402848962420652 -16.402848962420652 -16.402848962420652 -16.402848962420652 -16.402848962420652 -16.402848962420652 -16.402848962420652 -16.402848962420652 -16.402848962420652 -16.402848962420652
4.0703517587939695 -16.333437949389698 -16.333437949389698 -16.333437949389698 -16.333437949389698 -16.333437949389698 -16.333437949389698 -16.333437949389698 -16.333437949389698 -16.333437949389698 -16.333437949389698 -16.333437949389698 -16.333437949389698 -16.333437949389698
4.14572864321608 -16.264026936358743 -16.264026936358743 -16.264026936358743 -16.264026936358743 -16.264026936358743 -16.264026936358743 -16.264026936358743 -16.264026936358743 -16.264026936358743 -16.264026936358743 -16.264026936358743 -16.264026936358743 -16.264026936358743
4.221105527638191 -16.194615923327788 -16.194615923327788 -16.194615923327788 -16.194615923327788 -16.194615923327788 -16.194615923327788 -16.194615923327788 -16.194615923327788 -16.194615923327788 -16.194615923327788 -16.194615923327788 -16.194615923327788 -16.194615923327788
4.296482412060302 -16.125204910296834 -16.125204910296834 -16.125204910296834 -16.125204910296834 -16.125204910296834 -16.125204910296834 -16.125204910296834 -16.125204910296834 -16.125204910296834 -16.125204910296834 -16.125204910296834 -16.125204910296834 -16.125204910296834
