web/models/linear/90/-20_082_0_105.dat
# %ECSV 1.0
# ---
# datatype:
# - {name: time, datatype: float64}
# - {name: sdss_u, datatype: float64}
# - {name: sdss_g, datatype: float64}
# - {name: sdss_r, datatype: float64}
# - {name: sdss_i, datatype: float64}
# - {name: sdss_z, datatype: float64}
# - {name: Clear, datatype: float64}
# - {name: johnson_B, datatype: float64}
# - {name: johnson_V, datatype: float64}
# - {name: johnson_R, datatype: float64}
# - {name: johnson_I, datatype: float64}
# - {name: ukirt_J, datatype: float64}
# - {name: ukirt_H, datatype: float64}
# - {name: ukirt_K, datatype: float64}
# meta: !!omap
# - comment: [M=-20.081632653061227, dM=0.10496361336732253]
# schema: astropy-2.0
time sdss_u sdss_g sdss_r sdss_i sdss_z Clear johnson_B johnson_V johnson_R johnson_I ukirt_J ukirt_H ukirt_K
0.0 -20.081632653061227 -20.081632653061227 -20.081632653061227 -20.081632653061227 -20.081632653061227 -20.081632653061227 -20.081632653061227 -20.081632653061227 -20.081632653061227 -20.081632653061227 -20.081632653061227 -20.081632653061227 -20.081632653061227
0.07537688442211055 -20.073720822907912 -20.073720822907912 -20.073720822907912 -20.073720822907912 -20.073720822907912 -20.073720822907912 -20.073720822907912 -20.073720822907912 -20.073720822907912 -20.073720822907912 -20.073720822907912 -20.073720822907912 -20.073720822907912
0.1507537688442211 -20.065808992754597 -20.065808992754597 -20.065808992754597 -20.065808992754597 -20.065808992754597 -20.065808992754597 -20.065808992754597 -20.065808992754597 -20.065808992754597 -20.065808992754597 -20.065808992754597 -20.065808992754597 -20.065808992754597
0.22613065326633164 -20.05789716260128 -20.05789716260128 -20.05789716260128 -20.05789716260128 -20.05789716260128 -20.05789716260128 -20.05789716260128 -20.05789716260128 -20.05789716260128 -20.05789716260128 -20.05789716260128 -20.05789716260128 -20.05789716260128
0.3015075376884422 -20.049985332447964 -20.049985332447964 -20.049985332447964 -20.049985332447964 -20.049985332447964 -20.049985332447964 -20.049985332447964 -20.049985332447964 -20.049985332447964 -20.049985332447964 -20.049985332447964 -20.049985332447964 -20.049985332447964
0.37688442211055273 -20.04207350229465 -20.04207350229465 -20.04207350229465 -20.04207350229465 -20.04207350229465 -20.04207350229465 -20.04207350229465 -20.04207350229465 -20.04207350229465 -20.04207350229465 -20.04207350229465 -20.04207350229465 -20.04207350229465
0.4522613065326633 -20.034161672141334 -20.034161672141334 -20.034161672141334 -20.034161672141334 -20.034161672141334 -20.034161672141334 -20.034161672141334 -20.034161672141334 -20.034161672141334 -20.034161672141334 -20.034161672141334 -20.034161672141334 -20.034161672141334
0.5276381909547738 -20.026249841988015 -20.026249841988015 -20.026249841988015 -20.026249841988015 -20.026249841988015 -20.026249841988015 -20.026249841988015 -20.026249841988015 -20.026249841988015 -20.026249841988015 -20.026249841988015 -20.026249841988015 -20.026249841988015
0.6030150753768844 -20.0183380118347 -20.0183380118347 -20.0183380118347 -20.0183380118347 -20.0183380118347 -20.0183380118347 -20.0183380118347 -20.0183380118347 -20.0183380118347 -20.0183380118347 -20.0183380118347 -20.0183380118347 -20.0183380118347
0.6783919597989949 -20.010426181681385 -20.010426181681385 -20.010426181681385 -20.010426181681385 -20.010426181681385 -20.010426181681385 -20.010426181681385 -20.010426181681385 -20.010426181681385 -20.010426181681385 -20.010426181681385 -20.010426181681385 -20.010426181681385
0.7537688442211055 -20.00251435152807 -20.00251435152807 -20.00251435152807 -20.00251435152807 -20.00251435152807 -20.00251435152807 -20.00251435152807 -20.00251435152807 -20.00251435152807 -20.00251435152807 -20.00251435152807 -20.00251435152807 -20.00251435152807
0.829145728643216 -19.994602521374755 -19.994602521374755 -19.994602521374755 -19.994602521374755 -19.994602521374755 -19.994602521374755 -19.994602521374755 -19.994602521374755 -19.994602521374755 -19.994602521374755 -19.994602521374755 -19.994602521374755 -19.994602521374755
0.9045226130653266 -19.986690691221437 -19.986690691221437 -19.986690691221437 -19.986690691221437 -19.986690691221437 -19.986690691221437 -19.986690691221437 -19.986690691221437 -19.986690691221437 -19.986690691221437 -19.986690691221437 -19.986690691221437 -19.986690691221437
0.9798994974874371 -19.978778861068122 -19.978778861068122 -19.978778861068122 -19.978778861068122 -19.978778861068122 -19.978778861068122 -19.978778861068122 -19.978778861068122 -19.978778861068122 -19.978778861068122 -19.978778861068122 -19.978778861068122 -19.978778861068122
1.0552763819095476 -19.970867030914807 -19.970867030914807 -19.970867030914807 -19.970867030914807 -19.970867030914807 -19.970867030914807 -19.970867030914807 -19.970867030914807 -19.970867030914807 -19.970867030914807 -19.970867030914807 -19.970867030914807 -19.970867030914807
1.1306532663316582 -19.962955200761492 -19.962955200761492 -19.962955200761492 -19.962955200761492 -19.962955200761492 -19.962955200761492 -19.962955200761492 -19.962955200761492 -19.962955200761492 -19.962955200761492 -19.962955200761492 -19.962955200761492 -19.962955200761492
1.2060301507537687 -19.955043370608173 -19.955043370608173 -19.955043370608173 -19.955043370608173 -19.955043370608173 -19.955043370608173 -19.955043370608173 -19.955043370608173 -19.955043370608173 -19.955043370608173 -19.955043370608173 -19.955043370608173 -19.955043370608173
1.2814070351758793 -19.94713154045486 -19.94713154045486 -19.94713154045486 -19.94713154045486 -19.94713154045486 -19.94713154045486 -19.94713154045486 -19.94713154045486 -19.94713154045486 -19.94713154045486 -19.94713154045486 -19.94713154045486 -19.94713154045486
1.3567839195979898 -19.939219710301543 -19.939219710301543 -19.939219710301543 -19.939219710301543 -19.939219710301543 -19.939219710301543 -19.939219710301543 -19.939219710301543 -19.939219710301543 -19.939219710301543 -19.939219710301543 -19.939219710301543 -19.939219710301543
1.4321608040201004 -19.93130788014823 -19.93130788014823 -19.93130788014823 -19.93130788014823 -19.93130788014823 -19.93130788014823 -19.93130788014823 -19.93130788014823 -19.93130788014823 -19.93130788014823 -19.93130788014823 -19.93130788014823 -19.93130788014823
1.507537688442211 -19.923396049994913 -19.923396049994913 -19.923396049994913 -19.923396049994913 -19.923396049994913 -19.923396049994913 -19.923396049994913 -19.923396049994913 -19.923396049994913 -19.923396049994913 -19.923396049994913 -19.923396049994913 -19.923396049994913
1.5829145728643215 -19.915484219841595 -19.915484219841595 -19.915484219841595 -19.915484219841595 -19.915484219841595 -19.915484219841595 -19.915484219841595 -19.915484219841595 -19.915484219841595 -19.915484219841595 -19.915484219841595 -19.915484219841595 -19.915484219841595
1.658291457286432 -19.90757238968828 -19.90757238968828 -19.90757238968828 -19.90757238968828 -19.90757238968828 -19.90757238968828 -19.90757238968828 -19.90757238968828 -19.90757238968828 -19.90757238968828 -19.90757238968828 -19.90757238968828 -19.90757238968828
1.7336683417085426 -19.899660559534965 -19.899660559534965 -19.899660559534965 -19.899660559534965 -19.899660559534965 -19.899660559534965 -19.899660559534965 -19.899660559534965 -19.899660559534965 -19.899660559534965 -19.899660559534965 -19.899660559534965 -19.899660559534965
1.809045226130653 -19.89174872938165 -19.89174872938165 -19.89174872938165 -19.89174872938165 -19.89174872938165 -19.89174872938165 -19.89174872938165 -19.89174872938165 -19.89174872938165 -19.89174872938165 -19.89174872938165 -19.89174872938165 -19.89174872938165
1.8844221105527637 -19.88383689922833 -19.88383689922833 -19.88383689922833 -19.88383689922833 -19.88383689922833 -19.88383689922833 -19.88383689922833 -19.88383689922833 -19.88383689922833 -19.88383689922833 -19.88383689922833 -19.88383689922833 -19.88383689922833
1.9597989949748742 -19.875925069075016 -19.875925069075016 -19.875925069075016 -19.875925069075016 -19.875925069075016 -19.875925069075016 -19.875925069075016 -19.875925069075016 -19.875925069075016 -19.875925069075016 -19.875925069075016 -19.875925069075016 -19.875925069075016
2.0351758793969847 -19.8680132389217 -19.8680132389217 -19.8680132389217 -19.8680132389217 -19.8680132389217 -19.8680132389217 -19.8680132389217 -19.8680132389217 -19.8680132389217 -19.8680132389217 -19.8680132389217 -19.8680132389217 -19.8680132389217
2.1105527638190953 -19.860101408768386 -19.860101408768386 -19.860101408768386 -19.860101408768386 -19.860101408768386 -19.860101408768386 -19.860101408768386 -19.860101408768386 -19.860101408768386 -19.860101408768386 -19.860101408768386 -19.860101408768386 -19.860101408768386
2.185929648241206 -19.85218957861507 -19.85218957861507 -19.85218957861507 -19.85218957861507 -19.85218957861507 -19.85218957861507 -19.85218957861507 -19.85218957861507 -19.85218957861507 -19.85218957861507 -19.85218957861507 -19.85218957861507 -19.85218957861507
2.2613065326633164 -19.844277748461753 -19.844277748461753 -19.844277748461753 -19.844277748461753 -19.844277748461753 -19.844277748461753 -19.844277748461753 -19.844277748461753 -19.844277748461753 -19.844277748461753 -19.844277748461753 -19.844277748461753 -19.844277748461753
2.336683417085427 -19.836365918308438 -19.836365918308438 -19.836365918308438 -19.836365918308438 -19.836365918308438 -19.836365918308438 -19.836365918308438 -19.836365918308438 -19.836365918308438 -19.836365918308438 -19.836365918308438 -19.836365918308438 -19.836365918308438
2.4120603015075375 -19.828454088155123 -19.828454088155123 -19.828454088155123 -19.828454088155123 -19.828454088155123 -19.828454088155123 -19.828454088155123 -19.828454088155123 -19.828454088155123 -19.828454088155123 -19.828454088155123 -19.828454088155123 -19.828454088155123
2.487437185929648 -19.820542258001808 -19.820542258001808 -19.820542258001808 -19.820542258001808 -19.820542258001808 -19.820542258001808 -19.820542258001808 -19.820542258001808 -19.820542258001808 -19.820542258001808 -19.820542258001808 -19.820542258001808 -19.820542258001808
2.5628140703517586 -19.81263042784849 -19.81263042784849 -19.81263042784849 -19.81263042784849 -19.81263042784849 -19.81263042784849 -19.81263042784849 -19.81263042784849 -19.81263042784849 -19.81263042784849 -19.81263042784849 -19.81263042784849 -19.81263042784849
2.638190954773869 -19.804718597695175 -19.804718597695175 -19.804718597695175 -19.804718597695175 -19.804718597695175 -19.804718597695175 -19.804718597695175 -19.804718597695175 -19.804718597695175 -19.804718597695175 -19.804718597695175 -19.804718597695175 -19.804718597695175
2.7135678391959797 -19.79680676754186 -19.79680676754186 -19.79680676754186 -19.79680676754186 -19.79680676754186 -19.79680676754186 -19.79680676754186 -19.79680676754186 -19.79680676754186 -19.79680676754186 -19.79680676754186 -19.79680676754186 -19.79680676754186
2.78894472361809 -19.788894937388545 -19.788894937388545 -19.788894937388545 -19.788894937388545 -19.788894937388545 -19.788894937388545 -19.788894937388545 -19.788894937388545 -19.788894937388545 -19.788894937388545 -19.788894937388545 -19.788894937388545 -19.788894937388545
2.8643216080402008 -19.78098310723523 -19.78098310723523 -19.78098310723523 -19.78098310723523 -19.78098310723523 -19.78098310723523 -19.78098310723523 -19.78098310723523 -19.78098310723523 -19.78098310723523 -19.78098310723523 -19.78098310723523 -19.78098310723523
2.9396984924623113 -19.77307127708191 -19.77307127708191 -19.77307127708191 -19.77307127708191 -19.77307127708191 -19.77307127708191 -19.77307127708191 -19.77307127708191 -19.77307127708191 -19.77307127708191 -19.77307127708191 -19.77307127708191 -19.77307127708191
3.015075376884422 -19.765159446928596 -19.765159446928596 -19.765159446928596 -19.765159446928596 -19.765159446928596 -19.765159446928596 -19.765159446928596 -19.765159446928596 -19.765159446928596 -19.765159446928596 -19.765159446928596 -19.765159446928596 -19.765159446928596
3.0904522613065324 -19.75724761677528 -19.75724761677528 -19.75724761677528 -19.75724761677528 -19.75724761677528 -19.75724761677528 -19.75724761677528 -19.75724761677528 -19.75724761677528 -19.75724761677528 -19.75724761677528 -19.75724761677528 -19.75724761677528
3.165829145728643 -19.749335786621966 -19.749335786621966 -19.749335786621966 -19.749335786621966 -19.749335786621966 -19.749335786621966 -19.749335786621966 -19.749335786621966 -19.749335786621966 -19.749335786621966 -19.749335786621966 -19.749335786621966 -19.749335786621966
3.2412060301507535 -19.741423956468648 -19.741423956468648 -19.741423956468648 -19.741423956468648 -19.741423956468648 -19.741423956468648 -19.741423956468648 -19.741423956468648 -19.741423956468648 -19.741423956468648 -19.741423956468648 -19.741423956468648 -19.741423956468648
3.316582914572864 -19.733512126315333 -19.733512126315333 -19.733512126315333 -19.733512126315333 -19.733512126315333 -19.733512126315333 -19.733512126315333 -19.733512126315333 -19.733512126315333 -19.733512126315333 -19.733512126315333 -19.733512126315333 -19.733512126315333
3.3919597989949746 -19.725600296162018 -19.725600296162018 -19.725600296162018 -19.725600296162018 -19.725600296162018 -19.725600296162018 -19.725600296162018 -19.725600296162018 -19.725600296162018 -19.725600296162018 -19.725600296162018 -19.725600296162018 -19.725600296162018
3.467336683417085 -19.717688466008703 -19.717688466008703 -19.717688466008703 -19.717688466008703 -19.717688466008703 -19.717688466008703 -19.717688466008703 -19.717688466008703 -19.717688466008703 -19.717688466008703 -19.717688466008703 -19.717688466008703 -19.717688466008703
3.5427135678391957 -19.709776635855388 -19.709776635855388 -19.709776635855388 -19.709776635855388 -19.709776635855388 -19.709776635855388 -19.709776635855388 -19.709776635855388 -19.709776635855388 -19.709776635855388 -19.709776635855388 -19.709776635855388 -19.709776635855388
3.618090452261306 -19.70186480570207 -19.70186480570207 -19.70186480570207 -19.70186480570207 -19.70186480570207 -19.70186480570207 -19.70186480570207 -19.70186480570207 -19.70186480570207 -19.70186480570207 -19.70186480570207 -19.70186480570207 -19.70186480570207
3.6934673366834168 -19.693952975548754 -19.693952975548754 -19.693952975548754 -19.693952975548754 -19.693952975548754 -19.693952975548754 -19.693952975548754 -19.693952975548754 -19.693952975548754 -19.693952975548754 -19.693952975548754 -19.693952975548754 -19.693952975548754
3.7688442211055273 -19.68604114539544 -19.68604114539544 -19.68604114539544 -19.68604114539544 -19.68604114539544 -19.68604114539544 -19.68604114539544 -19.68604114539544 -19.68604114539544 -19.68604114539544 -19.68604114539544 -19.68604114539544 -19.68604114539544
3.844221105527638 -19.678129315242124 -19.678129315242124 -19.678129315242124 -19.678129315242124 -19.678129315242124 -19.678129315242124 -19.678129315242124 -19.678129315242124 -19.678129315242124 -19.678129315242124 -19.678129315242124 -19.678129315242124 -19.678129315242124
3.9195979899497484 -19.670217485088806 -19.670217485088806 -19.670217485088806 -19.670217485088806 -19.670217485088806 -19.670217485088806 -19.670217485088806 -19.670217485088806 -19.670217485088806 -19.670217485088806 -19.670217485088806 -19.670217485088806 -19.670217485088806
3.994974874371859 -19.66230565493549 -19.66230565493549 -19.66230565493549 -19.66230565493549 -19.66230565493549 -19.66230565493549 -19.66230565493549 -19.66230565493549 -19.66230565493549 -19.66230565493549 -19.66230565493549 -19.66230565493549 -19.66230565493549
4.0703517587939695 -19.654393824782176 -19.654393824782176 -19.654393824782176 -19.654393824782176 -19.654393824782176 -19.654393824782176 -19.654393824782176 -19.654393824782176 -19.654393824782176 -19.654393824782176 -19.654393824782176 -19.654393824782176 -19.654393824782176
4.14572864321608 -19.64648199462886 -19.64648199462886 -19.64648199462886 -19.64648199462886 -19.64648199462886 -19.64648199462886 -19.64648199462886 -19.64648199462886 -19.64648199462886 -19.64648199462886 -19.64648199462886 -19.64648199462886 -19.64648199462886
4.221105527638191 -19.638570164475546 -19.638570164475546 -19.638570164475546 -19.638570164475546 -19.638570164475546 -19.638570164475546 -19.638570164475546 -19.638570164475546 -19.638570164475546 -19.638570164475546 -19.638570164475546 -19.638570164475546 -19.638570164475546
4.296482412060302 -19.630658334322227 -19.630658334322227 -19.630658334322227 -19.630658334322227 -19.630658334322227 -19.630658334322227 -19.630658334322227 -19.630658334322227 -19.630658334322227 -19.630658334322227 -19.630658334322227 -19.630658334322227 -19.630658334322227
