web/models/linear/90/-20_082_1_713.dat
# %ECSV 1.0
# ---
# datatype:
# - {name: time, datatype: float64}
# - {name: sdss_u, datatype: float64}
# - {name: sdss_g, datatype: float64}
# - {name: sdss_r, datatype: float64}
# - {name: sdss_i, datatype: float64}
# - {name: sdss_z, datatype: float64}
# - {name: Clear, datatype: float64}
# - {name: johnson_B, datatype: float64}
# - {name: johnson_V, datatype: float64}
# - {name: johnson_R, datatype: float64}
# - {name: johnson_I, datatype: float64}
# - {name: ukirt_J, datatype: float64}
# - {name: ukirt_H, datatype: float64}
# - {name: ukirt_K, datatype: float64}
# meta: !!omap
# - comment: [M=-20.081632653061227, dM=1.7126240426614048]
# schema: astropy-2.0
time sdss_u sdss_g sdss_r sdss_i sdss_z Clear johnson_B johnson_V johnson_R johnson_I ukirt_J ukirt_H ukirt_K
[from data line 178]
13.417085427135678 2.8967904318932973 2.8967904318932973 2.8967904318932973 2.8967904318932973 2.8967904318932973 2.8967904318932973 2.8967904318932973 2.8967904318932973 2.8967904318932973 2.8967904318932973 2.8967904318932973 2.8967904318932973 2.8967904318932973
13.492462311557787 3.025882696415511 3.025882696415511 3.025882696415511 3.025882696415511 3.025882696415511 3.025882696415511 3.025882696415511 3.025882696415511 3.025882696415511 3.025882696415511 3.025882696415511 3.025882696415511 3.025882696415511
13.567839195979898 3.1549749609377287 3.1549749609377287 3.1549749609377287 3.1549749609377287 3.1549749609377287 3.1549749609377287 3.1549749609377287 3.1549749609377287 3.1549749609377287 3.1549749609377287 3.1549749609377287 3.1549749609377287 3.1549749609377287
13.64321608040201 3.284067225459946 3.284067225459946 3.284067225459946 3.284067225459946 3.284067225459946 3.284067225459946 3.284067225459946 3.284067225459946 3.284067225459946 3.284067225459946 3.284067225459946 3.284067225459946 3.284067225459946
13.718592964824118 3.41315948998216 3.41315948998216 3.41315948998216 3.41315948998216 3.41315948998216 3.41315948998216 3.41315948998216 3.41315948998216 3.41315948998216 3.41315948998216 3.41315948998216 3.41315948998216 3.41315948998216
13.79396984924623 3.5422517545043775 3.5422517545043775 3.5422517545043775 3.5422517545043775 3.5422517545043775 3.5422517545043775 3.5422517545043775 3.5422517545043775 3.5422517545043775 3.5422517545043775 3.5422517545043775 3.5422517545043775 3.5422517545043775
13.86934673366834 3.671344019026595 3.671344019026595 3.671344019026595 3.671344019026595 3.671344019026595 3.671344019026595 3.671344019026595 3.671344019026595 3.671344019026595 3.671344019026595 3.671344019026595 3.671344019026595 3.671344019026595
13.944723618090451 3.8004362835488124 3.8004362835488124 3.8004362835488124 3.8004362835488124 3.8004362835488124 3.8004362835488124 3.8004362835488124 3.8004362835488124 3.8004362835488124 3.8004362835488124 3.8004362835488124 3.8004362835488124 3.8004362835488124
14.020100502512562 3.92952854807103 3.92952854807103 3.92952854807103 3.92952854807103 3.92952854807103 3.92952854807103 3.92952854807103 3.92952854807103 3.92952854807103 3.92952854807103 3.92952854807103 3.92952854807103 3.92952854807103
14.095477386934672 4.058620812593244 4.058620812593244 4.058620812593244 4.058620812593244 4.058620812593244 4.058620812593244 4.058620812593244 4.058620812593244 4.058620812593244 4.058620812593244 4.058620812593244 4.058620812593244 4.058620812593244
14.170854271356783 4.187713077115461 4.187713077115461 4.187713077115461 4.187713077115461 4.187713077115461 4.187713077115461 4.187713077115461 4.187713077115461 4.187713077115461 4.187713077115461 4.187713077115461 4.187713077115461 4.187713077115461
14.246231155778894 4.316805341637679 4.316805341637679 4.316805341637679 4.316805341637679 4.316805341637679 4.316805341637679 4.316805341637679 4.316805341637679 4.316805341637679 4.316805341637679 4.316805341637679 4.316805341637679 4.316805341637679
14.321608040201003 4.4458976061598925 4.4458976061598925 4.4458976061598925 4.4458976061598925 4.4458976061598925 4.4458976061598925 4.4458976061598925 4.4458976061598925 4.4458976061598925 4.4458976061598925 4.4458976061598925 4.4458976061598925 4.4458976061598925
14.396984924623114 4.57498987068211 4.57498987068211 4.57498987068211 4.57498987068211 4.57498987068211 4.57498987068211 4.57498987068211 4.57498987068211 4.57498987068211 4.57498987068211 4.57498987068211 4.57498987068211 4.57498987068211
14.472361809045225 4.704082135204327 4.704082135204327 4.704082135204327 4.704082135204327 4.704082135204327 4.704082135204327 4.704082135204327 4.704082135204327 4.704082135204327 4.704082135204327 4.704082135204327 4.704082135204327 4.704082135204327
14.547738693467336 4.833174399726545 4.833174399726545 4.833174399726545 4.833174399726545 4.833174399726545 4.833174399726545 4.833174399726545 4.833174399726545 4.833174399726545 4.833174399726545 4.833174399726545 4.833174399726545 4.833174399726545
14.623115577889447 4.962266664248762 4.962266664248762 4.962266664248762 4.962266664248762 4.962266664248762 4.962266664248762 4.962266664248762 4.962266664248762 4.962266664248762 4.962266664248762 4.962266664248762 4.962266664248762 4.962266664248762
14.698492462311556 5.091358928770976 5.091358928770976 5.091358928770976 5.091358928770976 5.091358928770976 5.091358928770976 5.091358928770976 5.091358928770976 5.091358928770976 5.091358928770976 5.091358928770976 5.091358928770976 5.091358928770976
14.773869346733667 5.220451193293194 5.220451193293194 5.220451193293194 5.220451193293194 5.220451193293194 5.220451193293194 5.220451193293194 5.220451193293194 5.220451193293194 5.220451193293194 5.220451193293194 5.220451193293194 5.220451193293194
14.849246231155778 5.349543457815411 5.349543457815411 5.349543457815411 5.349543457815411 5.349543457815411 5.349543457815411 5.349543457815411 5.349543457815411 5.349543457815411 5.349543457815411 5.349543457815411 5.349543457815411 5.349543457815411
14.924623115577887 5.478635722337625 5.478635722337625 5.478635722337625 5.478635722337625 5.478635722337625 5.478635722337625 5.478635722337625 5.478635722337625 5.478635722337625 5.478635722337625 5.478635722337625 5.478635722337625 5.478635722337625
15.0 5.607727986859846 5.607727986859846 5.607727986859846 5.607727986859846 5.607727986859846 5.607727986859846 5.607727986859846 5.607727986859846 5.607727986859846 5.607727986859846 5.607727986859846 5.607727986859846 5.607727986859846
