web/models/kne.last_good/kappa_0.5_3.0.v2/1/villar_0.0065_0.3433_0.5000.dat
# %ECSV 1.0
# ---
# datatype:
# - {name: time, datatype: float64}
# - {name: swift_uvot_uvw2, datatype: float64}
# - {name: swift_uvot_uvm2, datatype: float64}
# - {name: swift_uvot_uvw1, datatype: float64}
# - {name: swift_uvot_U, datatype: float64}
# - {name: swift_uvot_B, datatype: float64}
# - {name: swift_uvot_V, datatype: float64}
# - {name: swift_uvot_W, datatype: float64}
# - {name: johnson_U, datatype: float64}
# - {name: johnson_B, datatype: float64}
# - {name: johnson_V, datatype: float64}
# - {name: johnson_R, datatype: float64}
# - {name: johnson_I, datatype: float64}
# - {name: sdss_u, datatype: float64}
# - {name: sdss_g, datatype: float64}
# - {name: sdss_r, datatype: float64}
# - {name: sdss_i, datatype: float64}
# - {name: sdss_z, datatype: float64}
# - {name: PS1_g, datatype: float64}
# - {name: PS1_r, datatype: float64}
# - {name: PS1_i, datatype: float64}
# - {name: PS1_z, datatype: float64}
# - {name: PS1_Y, datatype: float64}
# - {name: PS1_w, datatype: float64}
# - {name: ATLAS_c, datatype: float64}
# - {name: ATLAS_o, datatype: float64}
# - {name: ukirt_J, datatype: float64}
# - {name: ukirt_H, datatype: float64}
# - {name: ukirt_K, datatype: float64}
# - {name: Clear, datatype: float64}
# meta: !!omap
# - comment: [kappa = 0.5, type = villar, mass = 0.006451950121499907, velocity = 0.3433333333333334, theta_obs = 0.0, tfloor = 2500.0]
# schema: astropy-2.0
time swift_uvot_uvw2 swift_uvot_uvm2 swift_uvot_uvw1 swift_uvot_U swift_uvot_B swift_uvot_V swift_uvot_W johnson_U johnson_B johnson_V johnson_R johnson_I sdss_u sdss_g sdss_r sdss_i sdss_z PS1_g PS1_r PS1_i PS1_z PS1_Y PS1_w ATLAS_c ATLAS_o ukirt_J ukirt_H ukirt_K Clear
0.001 -16.939 -13.577 -11.528 -10.808 -10.316 -9.828 -11.393 -10.732 -10.312 -9.816 -9.352 -8.83 -10.744 -10.159 -9.554 -9.134 -8.752 -14.005 -13.792 -13.806 -14.213 -15.2 -9.652 -9.925 -9.385 -8.012 -7.428 -6.765 -9.762
0.00103 -16.923 -13.57 -11.564 -10.845 -10.353 -9.864 -11.429 -10.769 -10.349 -9.853 -9.389 -8.867 -10.781 -10.196 -9.591 -9.171 -8.789 -13.99 -13.777 -13.79 -14.197 -15.184 -9.689 -9.961 -9.422 -8.049 -7.465 -6.802 -9.799
0.001061 -16.907 -13.565 -11.601 -10.881 -10.389 -9.901 -11.466 -10.806 -10.386 -9.89 -9.426 -8.904 -10.817 -10.233 -9.628 -9.208 -8.826 -13.975 -13.761 -13.775 -14.181 -15.167 -9.726 -9.998 -9.459 -8.086 -7.502 -6.839 -9.836
0.001094 -16.892 -13.559 -11.638 -10.918 -10.426 -9.938 -11.503 -10.842 -10.423 -9.927 -9.463 -8.941 -10.854 -10.27 -9.665 -9.245 -8.863 -13.96 -13.746 -13.759 -14.165 -15.151 -9.763 -10.035 -9.496 -8.123 -7.54 -6.877 -9.873
0.001127 -16.876 -13.554 -11.674 -10.955 -10.463 -9.976 -11.539 -10.879 -10.46 -9.964 -9.5 -8.978 -10.891 -10.307 -9.702 -9.282 -8.9 -13.946 -13.732 -13.744 -14.149 -15.135 -9.8 -10.072 -9.533 -8.161 -7.577 -6.914 -9.91
0.001161 -16.861 -13.55 -11.711 -10.992 -10.501 -10.013 -11.576 -10.916 -10.497 -10.001 -9.537 -9.015 -10.928 -10.344 -9.739 -9.32 -8.938 -13.932 -13.717 -13.729 -14.133 -15.119 -9.837 -10.11 -9.57 -8.198 -7.614 -6.951 -9.947
0.001196 -16.845 -13.546 -11.748 -11.029 -10.538 -10.05 -11.613 -10.954 -10.534 -10.038 -9.574 -9.053 -10.965 -10.381 -9.776 -9.357 -8.975 -13.917 -13.702 -13.714 -14.118 -15.103 -9.875 -10.147 -9.607 -8.236 -7.652 -6.989 -9.985
0.001232 -16.83 -13.542 -11.785 -11.066 -10.575 -10.087 -11.65 -10.991 -10.571 -10.075 -9.612 -9.09 -11.003 -10.419 -9.814 -9.394 -9.013 -13.903 -13.688 -13.699 -14.102 -15.088 -9.912 -10.184 -9.645 -8.273 -7.689 -7.026 -10.022
0.001269 -16.815 -13.539 -11.822 -11.104 -10.612 -10.125 -11.687 -11.028 -10.609 -10.113 -9.649 -9.128 -11.04 -10.456 -9.851 -9.432 -9.05 -13.89 -13.673 -13.684 -14.087 -15.072 -9.949 -10.221 -9.682 -8.311 -7.727 -7.064 -10.059
0.001308 -16.8 -13.537 -11.859 -11.141 -10.65 -10.162 -11.724 -11.065 -10.646 -10.15 -9.687 -9.165 -11.077 -10.493 -9.889 -9.469 -9.088 -13.876 -13.659 -13.669 -14.072 -15.056 -9.987 -10.259 -9.72 -8.348 -7.765 -7.102 -10.097
0.001347 -16.784 -13.535 -11.896 -11.178 -10.687 -10.199 -11.76 -11.102 -10.683 -10.188 -9.724 -9.203 -11.114 -10.531 -9.926 -9.507 -9.125 -13.862 -13.645 -13.654 -14.056 -15.04 -10.024 -10.296 -9.757 -8.386 -7.802 -7.139 -10.134
0.001388 -16.769 -13.534 -11.933 -11.215 -10.724 -10.237 -11.797 -11.139 -10.72 -10.225 -9.762 -9.24 -11.151 -10.568 -9.963 -9.544 -9.163 -13.849 -13.631 -13.639 -14.041 -15.025 -10.062 -10.334 -9.795 -8.424 -7.84 -7.177 -10.172
0.00143 -16.754 -13.533 -11.969 -11.252 -10.762 -10.274 -11.834 -11.177 -10.758 -10.263 -9.799 -9.278 -11.189 -10.605 -10.001 -9.582 -9.2 -13.835 -13.617 -13.625 -14.026 -15.009 -10.099 -10.371 -9.832 -8.461 -7.878 -7.215 -10.209
0.001473 -16.74 -13.533 -12.006 -11.29 -10.799 -10.312 -11.871 -11.214 -10.795 -10.3 -9.837 -9.315 -11.226 -10.643 -10.038 -9.619 -9.238 -13.822 -13.603 -13.61 -14.011 -14.994 -10.136 -10.408 -9.87 -8.499 -7.915 -7.253 -10.246
0.001518 -16.725 -13.533 -12.043 -11.327 -10.836 -10.349 -11.908 -11.251 -10.833 -10.337 -9.874 -9.353 -11.263 -10.68 -10.076 -9.657 -9.276 -13.809 -13.589 -13.596 -13.996 -14.978 -10.174 -10.446 -9.907 -8.537 -7.953 -7.29 -10.284
0.001564 -16.71 -13.534 -12.08 -11.364 -10.874 -10.387 -11.945 -11.288 -10.87 -10.375 -9.912 -9.391 -11.3 -10.718 -10.113 -9.695 -9.313 -13.796 -13.575 -13.582 -13.981 -14.962 -10.211 -10.483 -9.945 -8.574 -7.991 -7.328 -10.321
0.001611 -16.695 -13.535 -12.117 -11.401 -10.911 -10.424 -11.982 -11.326 -10.907 -10.412 -9.949 -9.428 -11.338 -10.755 -10.151 -9.732 -9.351 -13.783 -13.562 -13.567 -13.966 -14.947 -10.249 -10.521 -9.982 -8.612 -8.028 -7.366 -10.359
0.00166 -16.681 -13.537 -12.154 -11.438 -10.948 -10.462 -12.019 -11.363 -10.945 -10.45 -9.987 -9.466 -11.375 -10.792 -10.188 -9.77 -9.388 -13.771 -13.549 -13.553 -13.951 -14.931 -10.286 -10.558 -10.02 -8.65 -8.066 -7.404 -10.396
0.00171 -16.666 -13.54 -12.191 -11.476 -10.986 -10.499 -12.056 -11.4 -10.982 -10.487 -10.024 -9.503 -11.412 -10.83 -10.226 -9.807 -9.426 -13.758 -13.535 -13.539 -13.936 -14.916 -10.324 -10.596 -10.057 -8.687 -8.104 -7.441 -10.434
0.001761 -16.652 -13.543 -12.228 -11.513 -11.023 -10.536 -12.092 -11.437 -11.019 -10.525 -10.062 -9.541 -11.449 -10.867 -10.263 -9.845 -9.464 -13.746 -13.522 -13.525 -13.921 -14.901 -10.361 -10.633 -10.095 -8.725 -8.142 -7.479 -10.471
0.001815 -16.637 -13.546 -12.265 -11.55 -11.06 -10.574 -12.129 -11.475 -11.057 -10.562 -10.099 -9.579 -11.486 -10.904 -10.301 -9.882 -9.501 -13.734 -13.509 -13.511 -13.906 -14.885 -10.399 -10.67 -10.132 -8.763 -8.179 -7.517 -10.508
0.00187 -16.623 -13.551 -12.302 -11.587 -11.098 -10.611 -12.166 -11.512 -11.094 -10.6 -10.137 -9.616 -11.524 -10.942 -10.338 -9.92 -9.539 -13.722 -13.496 -13.497 -13.892 -14.87 -10.436 -10.708 -10.17 -8.8 -8.217 -7.555 -10.546
0.001926 -16.608 -13.555 -12.338 -11.624 -11.135 -10.649 -12.203 -11.549 -11.131 -10.637 -10.174 -9.654 -11.561 -10.979 -10.376 -9.958 -9.576 -13.71 -13.483 -13.484 -13.877 -14.854 -10.474 -10.745 -10.207 -8.838 -8.255 -7.593 -10.583
0.001984 -16.594 -13.561 -12.375 -11.661 -11.172 -10.686 -12.239 -11.586 -11.168 -10.674 -10.212 -9.691 -11.598 -11.016 -10.413 -9.995 -9.614 -13.699 -13.471 -13.47 -13.862 -14.839 -10.511 -10.783 -10.245 -8.876 -8.293 -7.63 -10.621
0.002044 -16.58 -13.567 -12.412 -11.699 -11.209 -10.724 -12.276 -11.623 -11.206 -10.712 -10.249 -9.729 -11.635 -11.054 -10.451 -10.033 -9.652 -13.687 -13.458 -13.457 -13.848 -14.824 -10.548 -10.82 -10.282 -8.913 -8.33 -7.668 -10.658
0.002106 -16.566 -13.574 -12.449 -11.736 -11.247 -10.761 -12.313 -11.66 -11.243 -10.749 -10.287 -9.767 -11.672 -11.091 -10.488 -10.07 -9.689 -13.676 -13.446 -13.443 -13.833 -14.809 -10.586 -10.857 -10.32 -8.951 -8.368 -7.706 -10.695
0.00217 -16.552 -13.581 -12.485 -11.773 -11.284 -10.798 -12.349 -11.697 -11.28 -10.787 -10.324 -9.804 -11.709 -11.128 -10.526 -10.108 -9.727 -13.665 -13.434 -13.43 -13.819 -14.793 -10.623 -10.895 -10.357 -8.989 -8.406 -7.744 -10.733
0.002236 -16.538 -13.589 -12.522 -11.81 -11.321 -10.836 -12.386 -11.734 -11.317 -10.824 -10.362 -9.842 -11.746 -11.166 -10.563 -10.145 -9.764 -13.654 -13.422 -13.417 -13.805 -14.778 -10.661 -10.932 -10.395 -9.026 -8.444 -7.781 -10.77
0.002303 -16.524 -13.597 -12.558 -11.847 -11.358 -10.873 -12.423 -11.771 -11.355 -10.861 -10.399 -9.879 -11.783 -11.203 -10.6 -10.183 -9.802 -13.644 -13.41 -13.404 -13.79 -14.763 -10.698 -10.969 -10.432 -9.064 -8.481 -7.819 -10.807
0.002373 -16.51 -13.606 -12.595 -11.884 -11.395 -10.91 -12.459 -11.808 -11.392 -10.899 -10.437 -9.917 -11.82 -11.24 -10.638 -10.22 -9.84 -13.634 -13.399 -13.391 -13.776 -14.748 -10.735 -11.007 -10.47 -9.102 -8.519 -7.857 -10.845
0.002445 -16.497 -13.616 -12.632 -11.921 -11.433 -10.948 -12.496 -11.845 -11.429 -10.936 -10.474 -9.954 -11.857 -11.277 -10.675 -10.258 -9.877 -13.623 -13.387 -13.378 -13.762 -14.732 -10.773 -11.044 -10.507 -9.139 -8.557 -7.895 -10.882
0.002519 -16.483 -13.626 -12.668 -11.958 -11.47 -10.985 -12.532 -11.882 -11.466 -10.973 -10.512 -9.992 -11.894 -11.314 -10.713 -10.295 -9.915 -13.614 -13.376 -13.365 -13.748 -14.717 -10.81 -11.081 -10.544 -9.177 -8.594 -7.932 -10.919
0.002595 -16.469 -13.637 -12.705 -11.995 -11.507 -11.022 -12.569 -11.919 -11.503 -11.01 -10.549 -10.029 -11.931 -11.352 -10.75 -10.333 -9.952 -13.604 -13.365 -13.353 -13.734 -14.702 -10.847 -11.118 -10.582 -9.215 -8.632 -7.97 -10.956
0.002673 -16.456 -13.649 -12.741 -12.031 -11.544 -11.06 -12.605 -11.956 -11.54 -11.048 -10.586 -10.067 -11.968 -11.389 -10.787 -10.37 -9.99 -13.595 -13.354 -13.341 -13.72 -14.687 -10.885 -11.156 -10.619 -9.252 -8.67 -8.008 -10.994
0.002754 -16.443 -13.661 -12.778 -12.068 -11.581 -11.097 -12.641 -11.993 -11.577 -11.085 -10.624 -10.104 -12.005 -11.426 -10.825 -10.407 -10.027 -13.586 -13.343 -13.328 -13.706 -14.672 -10.922 -11.193 -10.657 -9.29 -8.708 -8.046 -11.031
0.002837 -16.43 -13.673 -12.814 -12.105 -11.618 -11.134 -12.678 -12.03 -11.614 -11.122 -10.661 -10.142 -12.042 -11.463 -10.862 -10.445 -10.065 -13.577 -13.333 -13.316 -13.692 -14.657 -10.959 -11.23 -10.694 -9.328 -8.745 -8.084 -11.068
0.002923 -16.417 -13.687 -12.85 -12.142 -11.655 -11.171 -12.714 -12.067 -11.652 -11.16 -10.698 -10.179 -12.079 -11.5 -10.899 -10.482 -10.102 -13.569 -13.323 -13.304 -13.679 -14.642 -10.996 -11.267 -10.731 -9.365 -8.783 -8.121 -11.105
0.003012 -16.404 -13.701 -12.887 -12.179 -11.692 -11.208 -12.75 -12.104 -11.689 -11.197 -10.736 -10.217 -12.116 -11.537 -10.937 -10.52 -10.14 -13.56 -13.313 -13.293 -13.665 -14.627 -11.034 -11.304 -10.769 -9.403 -8.821 -8.159 -11.142
0.003103 -16.391 -13.715 -12.923 -12.216 -11.729 -11.246 -12.786 -12.141 -11.726 -11.234 -10.773 -10.254 -12.153 -11.574 -10.974 -10.557 -10.177 -13.553 -13.303 -13.281 -13.652 -14.612 -11.071 -11.341 -10.806 -9.44 -8.858 -8.197 -11.18
0.003196 -16.378 -13.73 -12.959 -12.252 -11.766 -11.283 -12.823 -12.177 -11.763 -11.271 -10.81 -10.292 -12.189 -11.611 -11.011 -10.595 -10.215 -13.545 -13.294 -13.27 -13.638 -14.597 -11.108 -11.379 -10.843 -9.478 -8.896 -8.235 -11.217
0.003293 -16.366 -13.746 -12.995 -12.289 -11.803 -11.32 -12.859 -12.214 -11.8 -11.308 -10.848 -10.329 -12.226 -11.648 -11.048 -10.632 -10.252 -13.538 -13.285 -13.259 -13.625 -14.583 -11.145 -11.416 -10.881 -9.516 -8.934 -8.272 -11.254
0.003393 -16.353 -13.762 -13.031 -12.326 -11.84 -11.357 -12.895 -12.251 -11.836 -11.345 -10.885 -10.367 -12.263 -11.685 -11.086 -10.669 -10.29 -13.531 -13.276 -13.248 -13.612 -14.568 -11.182 -11.453 -10.918 -9.553 -8.971 -8.31 -11.291
0.003495 -16.341 -13.779 -13.067 -12.362 -11.877 -11.394 -12.931 -12.288 -11.873 -11.383 -10.922 -10.404 -12.299 -11.722 -11.123 -10.707 -10.327 -13.525 -13.268 -13.237 -13.599 -14.553 -11.22 -11.49 -10.955 -9.591 -9.009 -8.348 -11.328
0.003601 -16.329 -13.796 -13.103 -12.399 -11.914 -11.431 -12.967 -12.324 -11.91 -11.42 -10.96 -10.441 -12.336 -11.759 -11.16 -10.744 -10.364 -13.519 -13.259 -13.227 -13.586 -14.538 -11.257 -11.527 -10.992 -9.628 -9.047 -8.385 -11.365
0.00371 -16.317 -13.814 -13.139 -12.436 -11.951 -11.468 -13.003 -12.361 -11.947 -11.457 -10.997 -10.479 -12.373 -11.796 -11.197 -10.781 -10.402 -13.513 -13.252 -13.217 -13.574 -14.524 -11.294 -11.564 -11.03 -9.666 -9.084 -8.423 -11.402
0.003822 -16.305 -13.832 -13.175 -12.472 -11.988 -11.506 -13.038 -12.398 -11.984 -11.494 -11.034 -10.516 -12.409 -11.833 -11.234 -10.819 -10.439 -13.508 -13.244 -13.207 -13.561 -14.509 -11.331 -11.601 -11.067 -9.704 -9.122 -8.461 -11.439
0.003938 -16.293 -13.851 -13.211 -12.509 -12.025 -11.543 -13.074 -12.434 -12.021 -11.531 -11.071 -10.554 -12.446 -11.87 -11.272 -10.856 -10.477 -13.503 -13.237 -13.197 -13.549 -14.495 -11.368 -11.638 -11.104 -9.741 -9.16 -8.499 -11.476
0.004057 -16.282 -13.87 -13.247 -12.545 -12.061 -11.58 -13.11 -12.471 -12.058 -11.568 -11.108 -10.591 -12.482 -11.907 -11.309 -10.893 -10.514 -13.498 -13.23 -13.187 -13.536 -14.48 -11.405 -11.675 -11.141 -9.779 -9.197 -8.536 -11.513
0.00418 -16.271 -13.89 -13.283 -12.582 -12.098 -11.617 -13.146 -12.507 -12.094 -11.605 -11.146 -10.628 -12.519 -11.944 -11.346 -10.93 -10.551 -13.494 -13.223 -13.178 -13.524 -14.466 -11.442 -11.712 -11.178 -9.816 -9.235 -8.574 -11.55
0.004306 -16.259 -13.91 -13.319 -12.618 -12.135 -11.654 -13.181 -12.544 -12.131 -11.642 -11.183 -10.666 -12.555 -11.981 -11.383 -10.968 -10.589 -13.491 -13.217 -13.169 -13.512 -14.451 -11.479 -11.749 -11.216 -9.854 -9.272 -8.612 -11.587
0.004436 -16.248 -13.931 -13.354 -12.654 -12.171 -11.691 -13.217 -12.58 -12.168 -11.679 -11.22 -10.703 -12.592 -12.017 -11.42 -11.005 -10.626 -13.488 -13.211 -13.161 -13.5 -14.437 -11.516 -11.786 -11.253 -9.891 -9.31 -8.649 -11.624
0.00457 -16.238 -13.952 -13.39 -12.691 -12.208 -11.727 -13.253 -12.616 -12.204 -11.716 -11.257 -10.74 -12.628 -12.054 -11.457 -11.042 -10.663 -13.485 -13.206 -13.152 -13.489 -14.423 -11.553 -11.822 -11.29 -9.929 -9.348 -8.687 -11.661
0.004709 -16.227 -13.973 -13.426 -12.727 -12.245 -11.764 -13.288 -12.653 -12.241 -11.753 -11.294 -10.777 -12.665 -12.091 -11.494 -11.079 -10.701 -13.483 -13.201 -13.144 -13.477 -14.408 -11.59 -11.859 -11.327 -9.966 -9.385 -8.725 -11.698
0.004851 -16.217 -13.995 -13.461 -12.763 -12.281 -11.801 -13.323 -12.689 -12.278 -11.789 -11.331 -10.815 -12.701 -12.127 -11.531 -11.116 -10.738 -13.481 -13.196 -13.136 -13.466 -14.394 -11.627 -11.896 -11.364 -10.004 -9.423 -8.762 -11.735
0.004998 -16.207 -14.018 -13.496 -12.8 -12.318 -11.838 -13.359 -12.725 -12.314 -11.826 -11.368 -10.852 -12.737 -12.164 -11.568 -11.153 -10.775 -13.48 -13.192 -13.129 -13.455 -14.38 -11.664 -11.933 -11.401 -10.041 -9.46 -8.8 -11.771
0.005149 -16.197 -14.041 -13.532 -12.836 -12.354 -11.875 -13.394 -12.762 -12.351 -11.863 -11.405 -10.889 -12.773 -12.201 -11.605 -11.191 -10.812 -13.479 -13.188 -13.122 -13.444 -14.366 -11.7 -11.97 -11.438 -10.078 -9.498 -8.838 -11.808
0.005305 -16.187 -14.064 -13.567 -12.872 -12.391 -11.912 -13.429 -12.798 -12.387 -11.9 -11.442 -10.926 -12.81 -12.237 -11.642 -11.228 -10.85 -13.478 -13.185 -13.115 -13.434 -14.352 -11.737 -12.006 -11.475 -10.116 -9.535 -8.875 -11.845
0.005465 -16.178 -14.087 -13.602 -12.908 -12.427 -11.948 -13.464 -12.834 -12.424 -11.937 -11.479 -10.963 -12.846 -12.274 -11.679 -11.265 -10.887 -13.479 -13.182 -13.109 -13.423 -14.338 -11.774 -12.043 -11.512 -10.153 -9.573 -8.913 -11.882
0.00563 -16.169 -14.111 -13.637 -12.944 -12.464 -11.985 -13.499 -12.87 -12.46 -11.973 -11.516 -11.001 -12.882 -12.31 -11.716 -11.302 -10.924 -13.479 -13.18 -13.103 -13.413 -14.325 -11.811 -12.08 -11.549 -10.191 -9.61 -8.95 -11.918
0.005801 -16.16 -14.135 -13.673 -12.98 -12.5 -12.022 -13.534 -12.906 -12.496 -12.01 -11.553 -11.038 -12.918 -12.347 -11.752 -11.339 -10.961 -13.481 -13.178 -13.097 -13.403 -14.311 -11.848 -12.116 -11.586 -10.228 -9.648 -8.988 -11.955
0.005976 -16.151 -14.16 -13.708 -13.016 -12.536 -12.058 -13.569 -12.942 -12.533 -12.047 -11.59 -11.075 -12.954 -12.383 -11.789 -11.376 -10.998 -13.483 -13.177 -13.092 -13.393 -14.297 -11.884 -12.153 -11.623 -10.265 -9.685 -9.026 -11.991
0.006157 -16.143 -14.185 -13.743 -13.052 -12.573 -12.095 -13.604 -12.978 -12.569 -12.083 -11.627 -11.112 -12.99 -12.42 -11.826 -11.413 -11.035 -13.485 -13.176 -13.087 -13.384 -14.284 -11.921 -12.189 -11.659 -10.303 -9.723 -9.063 -12.028
0.006343 -16.134 -14.21 -13.777 -13.087 -12.609 -12.132 -13.639 -13.014 -12.605 -12.12 -11.664 -11.149 -13.026 -12.456 -11.863 -11.45 -11.073 -13.488 -13.175 -13.083 -13.375 -14.271 -11.958 -12.226 -11.696 -10.34 -9.76 -9.101 -12.064
0.006535 -16.126 -14.235 -13.812 -13.123 -12.645 -12.168 -13.674 -13.05 -12.641 -12.157 -11.7 -11.186 -13.061 -12.492 -11.899 -11.487 -11.11 -13.491 -13.175 -13.079 -13.366 -14.257 -11.994 -12.262 -11.733 -10.377 -9.798 -9.138 -12.101
0.006732 -16.119 -14.261 -13.847 -13.159 -12.681 -12.205 -13.708 -13.085 -12.678 -12.193 -11.737 -11.223 -13.097 -12.529 -11.936 -11.523 -11.147 -13.495 -13.176 -13.075 -13.357 -14.244 -12.031 -12.299 -11.77 -10.415 -9.835 -9.176 -12.137
0.006936 -16.112 -14.287 -13.881 -13.195 -12.717 -12.241 -13.743 -13.121 -12.714 -12.23 -11.774 -11.26 -13.133 -12.565 -11.973 -11.56 -11.184 -13.5 -13.177 -13.072 -13.349 -14.231 -12.067 -12.335 -11.806 -10.452 -9.873 -9.214 -12.174
0.007146 -16.105 -14.313 -13.916 -13.23 -12.754 -12.278 -13.777 -13.157 -12.75 -12.266 -11.811 -11.297 -13.168 -12.601 -12.009 -11.597 -11.221 -13.505 -13.179 -13.07 -13.341 -14.218 -12.104 -12.371 -11.843 -10.489 -9.91 -9.251 -12.21
0.007362 -16.098 -14.339 -13.95 -13.266 -12.79 -12.314 -13.811 -13.192 -12.786 -12.302 -11.847 -11.334 -13.204 -12.637 -12.046 -11.634 -11.258 -13.511 -13.181 -13.068 -13.333 -14.205 -12.14 -12.408 -11.88 -10.527 -9.947 -9.289 -12.247
