web/models/kne.last_good/kappa_0.5_3.0.v2/1/villar_0.0953_0.0613_0.5000.dat
# %ECSV 1.0
# ---
# datatype:
# - {name: time, datatype: float64}
# - {name: swift_uvot_uvw2, datatype: float64}
# - {name: swift_uvot_uvm2, datatype: float64}
# - {name: swift_uvot_uvw1, datatype: float64}
# - {name: swift_uvot_U, datatype: float64}
# - {name: swift_uvot_B, datatype: float64}
# - {name: swift_uvot_V, datatype: float64}
# - {name: swift_uvot_W, datatype: float64}
# - {name: johnson_U, datatype: float64}
# - {name: johnson_B, datatype: float64}
# - {name: johnson_V, datatype: float64}
# - {name: johnson_R, datatype: float64}
# - {name: johnson_I, datatype: float64}
# - {name: sdss_u, datatype: float64}
# - {name: sdss_g, datatype: float64}
# - {name: sdss_r, datatype: float64}
# - {name: sdss_i, datatype: float64}
# - {name: sdss_z, datatype: float64}
# - {name: PS1_g, datatype: float64}
# - {name: PS1_r, datatype: float64}
# - {name: PS1_i, datatype: float64}
# - {name: PS1_z, datatype: float64}
# - {name: PS1_Y, datatype: float64}
# - {name: PS1_w, datatype: float64}
# - {name: ATLAS_c, datatype: float64}
# - {name: ATLAS_o, datatype: float64}
# - {name: ukirt_J, datatype: float64}
# - {name: ukirt_H, datatype: float64}
# - {name: ukirt_K, datatype: float64}
# - {name: Clear, datatype: float64}
# meta: !!omap
# - comment: [kappa = 0.5, type = villar, mass = 0.09533330950298248, velocity = 0.06133333333333335, theta_obs = 0.0, tfloor = 2500.0]
# schema: astropy-2.0
time swift_uvot_uvw2 swift_uvot_uvm2 swift_uvot_uvw1 swift_uvot_U swift_uvot_B swift_uvot_V swift_uvot_W johnson_U johnson_B johnson_V johnson_R johnson_I sdss_u sdss_g sdss_r sdss_i sdss_z PS1_g PS1_r PS1_i PS1_z PS1_Y PS1_w ATLAS_c ATLAS_o ukirt_J ukirt_H ukirt_K Clear
[from data line 345]
29.132564 -6.544 -1.346 -2.312 -4.015 -6.801 -8.804 -6.919 -4.512 -6.932 -8.922 -10.507 -11.584 -4.289 -7.652 -9.781 -10.905 -11.676 -8.626 -9.95 -10.984 -11.6 -12.059 -10.104 -8.865 -10.417 -12.587 -12.908 -12.968 -10.564
30.013659 -6.495 -1.297 -2.263 -3.966 -6.753 -8.755 -6.87 -4.463 -6.884 -8.873 -10.458 -11.535 -4.24 -7.603 -9.732 -10.856 -11.627 -8.578 -9.901 -10.935 -11.551 -12.01 -10.055 -8.816 -10.368 -12.538 -12.859 -12.919 -10.515
30.921401 -6.447 -1.248 -2.214 -3.917 -6.704 -8.706 -6.821 -4.414 -6.835 -8.824 -10.409 -11.486 -4.191 -7.554 -9.683 -10.808 -11.578 -8.529 -9.852 -10.886 -11.502 -11.961 -10.006 -8.767 -10.32 -12.49 -12.81 -12.87 -10.466
31.856598 -6.398 -1.2 -2.166 -3.868 -6.655 -8.657 -6.773 -4.365 -6.786 -8.776 -10.361 -11.438 -4.143 -7.506 -9.634 -10.759 -11.53 -8.48 -9.804 -10.838 -11.453 -11.912 -9.957 -8.719 -10.271 -12.441 -12.761 -12.822 -10.417
32.820079 -6.35 -1.151 -2.117 -3.82 -6.607 -8.609 -6.725 -4.317 -6.738 -8.727 -10.312 -11.389 -4.094 -7.457 -9.586 -10.711 -11.481 -8.432 -9.755 -10.789 -11.405 -11.864 -9.909 -8.671 -10.223 -12.393 -12.713 -12.774 -10.369
33.8127 -6.302 -1.103 -2.069 -3.772 -6.559 -8.561 -6.676 -4.269 -6.69 -8.679 -10.264 -11.341 -4.046 -7.409 -9.538 -10.662 -11.433 -8.384 -9.707 -10.741 -11.357 -11.816 -9.861 -8.622 -10.174 -12.344 -12.665 -12.725 -10.321
34.835342 -6.254 -1.055 -2.021 -3.724 -6.511 -8.513 -6.628 -4.221 -6.642 -8.631 -10.216 -11.293 -3.998 -7.361 -9.49 -10.614 -11.385 -8.336 -9.659 -10.693 -11.309 -11.768 -9.813 -8.574 -10.126 -12.296 -12.617 -12.677 -10.273
35.888913 -6.206 -1.007 -1.973 -3.676 -6.463 -8.465 -6.58 -4.173 -6.594 -8.583 -10.168 -11.245 -3.95 -7.313 -9.442 -10.567 -11.337 -8.288 -9.611 -10.645 -11.261 -11.72 -9.765 -8.526 -10.079 -12.249 -12.569 -12.629 -10.225
36.974349 -6.158 -0.96 -1.925 -3.628 -6.415 -8.417 -6.533 -4.125 -6.546 -8.536 -10.12 -11.197 -3.902 -7.265 -9.394 -10.519 -11.29 -8.24 -9.564 -10.597 -11.213 -11.672 -9.717 -8.479 -10.031 -12.201 -12.521 -12.582 -10.177
38.092613 -6.11 -0.912 -1.878 -3.581 -6.367 -8.37 -6.485 -4.077 -6.498 -8.488 -10.073 -11.15 -3.855 -7.218 -9.347 -10.471 -11.242 -8.192 -9.516 -10.55 -11.165 -11.625 -9.67 -8.431 -9.983 -12.153 -12.474 -12.534 -10.13
39.244698 -6.063 -0.864 -1.83 -3.533 -6.32 -8.322 -6.438 -4.03 -6.451 -8.441 -10.025 -11.102 -3.807 -7.17 -9.299 -10.424 -11.195 -8.145 -9.468 -10.502 -11.118 -11.577 -9.622 -8.384 -9.936 -12.106 -12.426 -12.487 -10.082
40.431627 -6.015 -0.817 -1.783 -3.486 -6.273 -8.275 -6.39 -3.983 -6.404 -8.393 -9.978 -11.055 -3.76 -7.123 -9.252 -10.376 -11.147 -8.098 -9.421 -10.455 -11.071 -11.53 -9.575 -8.336 -9.888 -12.058 -12.379 -12.439 -10.035
41.654454 -5.968 -0.77 -1.736 -3.438 -6.225 -8.227 -6.343 -3.935 -6.356 -8.346 -9.931 -11.008 -3.713 -7.076 -9.204 -10.329 -11.1 -8.05 -9.374 -10.408 -11.023 -11.483 -9.527 -8.289 -9.841 -12.011 -12.331 -12.392 -9.987
42.914265 -5.921 -0.723 -1.688 -3.391 -6.178 -8.18 -6.296 -3.888 -6.309 -8.299 -9.884 -10.96 -3.665 -7.028 -9.157 -10.282 -11.053 -8.003 -9.327 -10.36 -10.976 -11.435 -9.48 -8.242 -9.794 -11.964 -12.284 -12.345 -9.94
44.212178 -5.874 -0.675 -1.641 -3.344 -6.131 -8.133 -6.249 -3.841 -6.262 -8.252 -9.836 -10.913 -3.618 -6.981 -9.11 -10.235 -11.006 -7.956 -9.279 -10.313 -10.929 -11.388 -9.433 -8.195 -9.747 -11.917 -12.237 -12.298 -9.893
45.549345 -5.827 -0.628 -1.594 -3.297 -6.084 -8.086 -6.202 -3.794 -6.215 -8.204 -9.789 -10.866 -3.571 -6.934 -9.063 -10.188 -10.959 -7.909 -9.232 -10.266 -10.882 -11.341 -9.386 -8.148 -9.7 -11.87 -12.19 -12.251 -9.846
46.926954 -5.78 -0.581 -1.547 -3.25 -6.037 -8.039 -6.155 -3.747 -6.168 -8.157 -9.742 -10.819 -3.524 -6.887 -9.016 -10.141 -10.911 -7.862 -9.185 -10.219 -10.835 -11.294 -9.339 -8.101 -9.653 -11.823 -12.143 -12.204 -9.799
48.346227 -5.733 -0.534 -1.5 -3.203 -5.99 -7.992 -6.108 -3.7 -6.121 -8.111 -9.695 -10.772 -3.477 -6.84 -8.969 -10.094 -10.865 -7.815 -9.138 -10.172 -10.788 -11.247 -9.292 -8.054 -9.606 -11.776 -12.096 -12.157 -9.752
49.808426 -5.686 -0.487 -1.453 -3.156 -5.943 -7.945 -6.061 -3.653 -6.074 -8.064 -9.648 -10.725 -3.43 -6.793 -8.922 -10.047 -10.818 -7.768 -9.091 -10.125 -10.741 -11.2 -9.245 -8.007 -9.559 -11.729 -12.049 -12.11 -9.705
51.314848 -5.639 -0.441 -1.406 -3.109 -5.896 -7.898 -6.014 -3.606 -6.027 -8.017 -9.601 -10.678 -3.383 -6.746 -8.875 -10.0 -10.771 -7.721 -9.045 -10.078 -10.694 -11.153 -9.198 -7.96 -9.512 -11.682 -12.002 -12.063 -9.658
52.86683 -5.592 -0.394 -1.36 -3.062 -5.849 -7.851 -5.967 -3.559 -5.98 -7.97 -9.555 -10.631 -3.336 -6.699 -8.828 -9.953 -10.724 -7.674 -8.998 -10.031 -10.647 -11.106 -9.151 -7.913 -9.465 -11.635 -11.955 -12.016 -9.611
54.465752 -5.545 -0.347 -1.313 -3.015 -5.802 -7.804 -5.92 -3.512 -5.933 -7.923 -9.508 -10.585 -3.29 -6.653 -8.781 -9.906 -10.677 -7.627 -8.951 -9.985 -10.6 -11.059 -9.104 -7.866 -9.418 -11.588 -11.908 -11.969 -9.564
56.113031 -5.498 -0.3 -1.266 -2.969 -5.755 -7.758 -5.873 -3.465 -5.886 -7.876 -9.461 -10.538 -3.243 -6.606 -8.734 -9.859 -10.63 -7.58 -8.904 -9.938 -10.553 -11.013 -9.057 -7.819 -9.371 -11.541 -11.861 -11.922 -9.518
57.810132 -5.451 -0.253 -1.219 -2.922 -5.708 -7.711 -5.826 -3.418 -5.839 -7.829 -9.414 -10.491 -3.196 -6.559 -8.688 -9.812 -10.583 -7.533 -8.857 -9.891 -10.506 -10.966 -9.011 -7.772 -9.324 -11.494 -11.815 -11.875 -9.471
59.55856 -5.404 -0.206 -1.172 -2.875 -5.662 -7.664 -5.779 -3.372 -5.793 -7.782 -9.367 -10.444 -3.149 -6.512 -8.641 -9.765 -10.536 -7.487 -8.81 -9.844 -10.46 -10.919 -8.964 -7.725 -9.277 -11.447 -11.768 -11.828 -9.424
61.359868 -5.358 -0.159 -1.125 -2.828 -5.615 -7.617 -5.732 -3.325 -5.746 -7.735 -9.32 -10.397 -3.102 -6.465 -8.594 -9.718 -10.489 -7.44 -8.763 -9.797 -10.413 -10.872 -8.917 -7.678 -9.23 -11.4 -11.721 -11.781 -9.377
63.215655 -5.311 -0.112 -1.078 -2.781 -5.568 -7.57 -5.685 -3.278 -5.699 -7.688 -9.273 -10.35 -3.055 -6.418 -8.547 -9.671 -10.442 -7.393 -8.716 -9.75 -10.366 -10.825 -8.87 -7.631 -9.183 -11.353 -11.674 -11.734 -9.33
65.127569 -5.264 -0.065 -1.031 -2.734 -5.521 -7.523 -5.638 -3.231 -5.652 -7.641 -9.226 -10.303 -3.008 -6.371 -8.5 -9.624 -10.395 -7.346 -8.669 -9.703 -10.319 -10.778 -8.823 -7.584 -9.136 -11.306 -11.627 -11.687 -9.283
67.097308 -5.217 -0.018 -0.984 -2.687 -5.474 -7.476 -5.591 -3.184 -5.605 -7.594 -9.179 -10.256 -2.961 -6.324 -8.453 -9.577 -10.348 -7.299 -8.622 -9.656 -10.272 -10.731 -8.776 -7.537 -9.089 -11.259 -11.58 -11.64 -9.236
69.126621 -5.169 0.029 -0.937 -2.64 -5.427 -7.429 -5.544 -3.137 -5.558 -7.547 -9.132 -10.209 -2.914 -6.277 -8.406 -9.53 -10.301 -7.252 -8.575 -9.609 -10.225 -10.684 -8.729 -7.49 -9.042 -11.212 -11.533 -11.593 -9.189
71.217308 -5.122 0.076 -0.89 -2.593 -5.379 -7.382 -5.497 -3.09 -5.511 -7.5 -9.085 -10.162 -2.867 -6.23 -8.359 -9.483 -10.254 -7.204 -8.528 -9.562 -10.178 -10.637 -8.682 -7.443 -8.995 -11.165 -11.486 -11.546 -9.142
73.371227 -5.075 0.123 -0.843 -2.546 -5.332 -7.335 -5.45 -3.042 -5.463 -7.453 -9.038 -10.115 -2.82 -6.183 -8.311 -9.436 -10.207 -7.157 -8.481 -9.515 -10.13 -10.59 -8.634 -7.396 -8.948 -11.118 -11.438 -11.499 -9.095
75.59029 -5.028 0.17 -0.796 -2.498 -5.285 -7.287 -5.403 -2.995 -5.416 -7.406 -8.991 -10.068 -2.773 -6.136 -8.264 -9.389 -10.16 -7.11 -8.434 -9.468 -10.083 -10.542 -8.587 -7.349 -8.901 -11.071 -11.391 -11.452 -9.047
77.876467 -4.981 0.218 -0.748 -2.451 -5.238 -7.24 -5.356 -2.948 -5.369 -7.359 -8.943 -10.02 -2.725 -6.088 -8.217 -9.342 -10.113 -7.063 -8.386 -9.42 -10.036 -10.495 -8.54 -7.302 -8.854 -11.024 -11.344 -11.405 -9.0
80.231787 -4.934 0.265 -0.701 -2.404 -5.191 -7.193 -5.308 -2.901 -5.322 -7.311 -8.896 -9.973 -2.678 -6.041 -8.17 -9.295 -10.065 -7.016 -8.339 -9.373 -9.989 -10.448 -8.493 -7.254 -8.807 -10.977 -11.297 -11.357 -8.953
82.658343 -4.886 0.312 -0.654 -2.357 -5.143 -7.146 -5.261 -2.853 -5.274 -7.264 -8.849 -9.926 -2.631 -5.994 -8.123 -9.247 -10.018 -6.968 -8.292 -9.326 -9.942 -10.401 -8.446 -7.207 -8.759 -10.929 -11.25 -11.31 -8.906
85.158288 -4.839 0.359 -0.606 -2.309 -5.096 -7.098 -5.214 -2.806 -5.227 -7.217 -8.802 -9.878 -2.583 -5.946 -8.075 -9.2 -9.971 -6.921 -8.245 -9.278 -9.894 -10.353 -8.398 -7.16 -8.712 -10.882 -11.202 -11.263 -8.858
87.733843 -4.792 0.407 -0.559 -2.262 -5.049 -7.051 -5.166 -2.759 -5.18 -7.169 -8.754 -9.831 -2.536 -5.899 -8.028 -9.152 -9.923 -6.874 -8.197 -9.231 -9.847 -10.306 -8.351 -7.112 -8.665 -10.835 -11.155 -11.215 -8.811
90.387293 -4.744 0.454 -0.512 -2.214 -5.001 -7.003 -5.119 -2.711 -5.132 -7.122 -8.707 -9.784 -2.489 -5.852 -7.98 -9.105 -9.876 -6.826 -8.15 -9.184 -9.799 -10.259 -8.303 -7.065 -8.617 -10.787 -11.107 -11.168 -8.764
93.120995 -4.697 0.502 -0.464 -2.167 -4.954 -6.956 -5.072 -2.664 -5.085 -7.074 -8.659 -9.736 -2.441 -5.804 -7.933 -9.058 -9.828 -6.779 -8.102 -9.136 -9.752 -10.211 -8.256 -7.018 -8.57 -10.74 -11.06 -11.12 -8.716
95.937376 -4.649 0.549 -0.417 -2.119 -4.906 -6.908 -5.024 -2.616 -5.037 -7.027 -8.612 -9.689 -2.394 -5.757 -7.885 -9.01 -9.781 -6.731 -8.055 -9.089 -9.704 -10.164 -8.208 -6.97 -8.522 -10.692 -11.012 -11.073 -8.668
98.838937 -4.602 0.597 -0.369 -2.072 -4.859 -6.861 -4.976 -2.569 -4.99 -6.979 -8.564 -9.641 -2.346 -5.709 -7.838 -8.962 -9.733 -6.684 -8.007 -9.041 -9.657 -10.116 -8.161 -6.922 -8.474 -10.645 -10.965 -11.025 -8.621
101.828253 -4.554 0.644 -0.321 -2.024 -4.811 -6.813 -4.929 -2.521 -4.942 -6.932 -8.517 -9.593 -2.298 -5.661 -7.79 -8.915 -9.686 -6.636 -7.96 -8.993 -9.609 -10.068 -8.113 -6.875 -8.427 -10.597 -10.917 -10.978 -8.573
104.907979 -4.506 0.692 -0.274 -1.977 -4.763 -6.766 -4.881 -2.473 -4.894 -6.884 -8.469 -9.546 -2.251 -5.614 -7.743 -8.867 -9.638 -6.588 -7.912 -8.946 -9.561 -10.021 -8.066 -6.827 -8.379 -10.549 -10.869 -10.93 -8.526
108.080849 -4.459 0.74 -0.226 -1.929 -4.716 -6.718 -4.833 -2.426 -4.847 -6.836 -8.421 -9.498 -2.203 -5.566 -7.695 -8.819 -9.59 -6.541 -7.864 -8.898 -9.514 -9.973 -8.018 -6.779 -8.331 -10.501 -10.822 -10.882 -8.478
111.349681 -4.411 0.788 -0.178 -1.881 -4.668 -6.67 -4.786 -2.378 -4.799 -6.789 -8.373 -9.45 -2.155 -5.518 -7.647 -8.772 -9.543 -6.493 -7.816 -8.85 -9.466 -9.925 -7.97 -6.732 -8.284 -10.454 -10.774 -10.835 -8.43
114.717376 -4.363 0.835 -0.13 -1.833 -4.62 -6.622 -4.738 -2.33 -4.751 -6.741 -8.326 -9.402 -2.107 -5.47 -7.599 -8.724 -9.495 -6.445 -7.769 -8.802 -9.418 -9.877 -7.922 -6.684 -8.236 -10.406 -10.726 -10.787 -8.382
118.186925 -4.315 0.883 -0.083 -1.785 -4.572 -6.574 -4.69 -2.282 -4.703 -6.693 -8.278 -9.355 -2.06 -5.423 -7.551 -8.676 -9.447 -6.397 -7.721 -8.755 -9.37 -9.829 -7.874 -6.636 -8.188 -10.358 -10.678 -10.739 -8.334
121.761408 -4.267 0.931 -0.035 -1.737 -4.524 -6.526 -4.642 -2.234 -4.655 -6.645 -8.23 -9.307 -2.012 -5.375 -7.503 -8.628 -9.399 -6.349 -7.673 -8.707 -9.322 -9.782 -7.826 -6.588 -8.14 -10.31 -10.63 -10.691 -8.286
125.443999 -4.219 0.979 0.013 -1.69 -4.476 -6.478 -4.594 -2.186 -4.607 -6.597 -8.182 -9.259 -1.964 -5.327 -7.455 -8.58 -9.351 -6.301 -7.625 -8.659 -9.274 -9.734 -7.778 -6.54 -8.092 -10.262 -10.582 -10.643 -8.239
129.237967 -4.171 1.027 0.061 -1.641 -4.428 -6.43 -4.546 -2.138 -4.559 -6.549 -8.134 -9.211 -1.916 -5.279 -7.407 -8.532 -9.303 -6.253 -7.577 -8.611 -9.226 -9.686 -7.73 -6.492 -8.044 -10.214 -10.534 -10.595 -8.19
133.146681 -4.123 1.075 0.109 -1.593 -4.38 -6.382 -4.498 -2.09 -4.511 -6.501 -8.086 -9.163 -1.868 -5.231 -7.359 -8.484 -9.255 -6.205 -7.529 -8.563 -9.178 -9.637 -7.682 -6.444 -7.996 -10.166 -10.486 -10.547 -8.142
137.173612 -4.075 1.123 0.158 -1.545 -4.332 -6.334 -4.45 -2.042 -4.463 -6.453 -8.038 -9.114 -1.819 -5.182 -7.311 -8.436 -9.207 -6.157 -7.481 -8.514 -9.13 -9.589 -7.634 -6.396 -7.948 -10.118 -10.438 -10.499 -8.094
141.322334 -4.027 1.172 0.206 -1.497 -4.284 -6.286 -4.402 -1.994 -4.415 -6.405 -7.989 -9.066 -1.771 -5.134 -7.263 -8.388 -9.159 -6.109 -7.432 -8.466 -9.082 -9.541 -7.586 -6.348 -7.9 -10.07 -10.39 -10.451 -8.046
145.596532 -3.979 1.22 0.254 -1.449 -4.236 -6.238 -4.353 -1.946 -4.367 -6.356 -7.941 -9.018 -1.723 -5.086 -7.215 -8.339 -9.11 -6.061 -7.384 -8.418 -9.034 -9.493 -7.538 -6.299 -7.851 -10.021 -10.342 -10.402 -7.998
150.0 -3.93 1.268 0.302 -1.401 -4.187 -6.19 -4.305 -1.897 -4.318 -6.308 -7.893 -8.97 -1.675 -5.038 -7.166 -8.291 -9.062 -6.012 -7.336 -8.37 -8.985 -9.445 -7.49 -6.251 -7.803 -9.973 -10.293 -10.354 -7.95
