web/models/kne.last_good/kappa_0.5_3.0.v2/1/villar_0.0120_0.4373_0.5000.dat
# %ECSV 1.0
# ---
# datatype:
# - {name: time, datatype: float64}
# - {name: swift_uvot_uvw2, datatype: float64}
# - {name: swift_uvot_uvm2, datatype: float64}
# - {name: swift_uvot_uvw1, datatype: float64}
# - {name: swift_uvot_U, datatype: float64}
# - {name: swift_uvot_B, datatype: float64}
# - {name: swift_uvot_V, datatype: float64}
# - {name: swift_uvot_W, datatype: float64}
# - {name: johnson_U, datatype: float64}
# - {name: johnson_B, datatype: float64}
# - {name: johnson_V, datatype: float64}
# - {name: johnson_R, datatype: float64}
# - {name: johnson_I, datatype: float64}
# - {name: sdss_u, datatype: float64}
# - {name: sdss_g, datatype: float64}
# - {name: sdss_r, datatype: float64}
# - {name: sdss_i, datatype: float64}
# - {name: sdss_z, datatype: float64}
# - {name: PS1_g, datatype: float64}
# - {name: PS1_r, datatype: float64}
# - {name: PS1_i, datatype: float64}
# - {name: PS1_z, datatype: float64}
# - {name: PS1_Y, datatype: float64}
# - {name: PS1_w, datatype: float64}
# - {name: ATLAS_c, datatype: float64}
# - {name: ATLAS_o, datatype: float64}
# - {name: ukirt_J, datatype: float64}
# - {name: ukirt_H, datatype: float64}
# - {name: ukirt_K, datatype: float64}
# - {name: Clear, datatype: float64}
# meta: !!omap
# - comment: [kappa = 0.5, type = villar, mass = 0.012011244339858356, velocity = 0.43733333333333335, theta_obs = 0.0, tfloor = 2500.0]
# schema: astropy-2.0
time swift_uvot_uvw2 swift_uvot_uvm2 swift_uvot_uvw1 swift_uvot_U swift_uvot_B swift_uvot_V swift_uvot_W johnson_U johnson_B johnson_V johnson_R johnson_I sdss_u sdss_g sdss_r sdss_i sdss_z PS1_g PS1_r PS1_i PS1_z PS1_Y PS1_w ATLAS_c ATLAS_o ukirt_J ukirt_H ukirt_K Clear
[from data line 273]
3.409434 -6.379 -1.18 -2.146 -3.849 -6.636 -8.638 -6.753 -4.346 -6.767 -8.756 -10.341 -11.418 -4.123 -7.486 -9.615 -10.74 -11.51 -8.461 -9.784 -10.818 -11.434 -11.893 -9.938 -8.699 -10.252 -12.422 -12.742 -12.802 -10.398
3.51255 -6.311 -1.113 -2.079 -3.781 -6.568 -8.57 -6.686 -4.278 -6.699 -8.689 -10.274 -11.351 -4.056 -7.419 -9.547 -10.672 -11.443 -8.393 -9.717 -10.751 -11.366 -11.826 -9.87 -8.632 -10.184 -12.354 -12.674 -12.735 -10.33
3.618785 -6.243 -1.045 -2.011 -3.714 -6.501 -8.503 -6.618 -4.211 -6.632 -8.621 -10.206 -11.283 -3.988 -7.351 -9.48 -10.604 -11.375 -8.326 -9.649 -10.683 -11.299 -11.758 -9.803 -8.564 -10.116 -12.286 -12.607 -12.667 -10.263
3.728232 -6.175 -0.977 -1.943 -3.646 -6.433 -8.435 -6.55 -4.143 -6.564 -8.553 -10.138 -11.215 -3.92 -7.283 -9.412 -10.536 -11.307 -8.258 -9.581 -10.615 -11.231 -11.69 -9.735 -8.496 -10.048 -12.218 -12.539 -12.599 -10.195
3.84099 -6.107 -0.909 -1.875 -3.577 -6.364 -8.366 -6.482 -4.074 -6.495 -8.485 -10.07 -11.147 -3.852 -7.215 -9.343 -10.468 -11.239 -8.189 -9.513 -10.547 -11.162 -11.621 -9.666 -8.428 -9.98 -12.15 -12.47 -12.531 -10.126
3.957158 -6.039 -0.84 -1.806 -3.509 -6.296 -8.298 -6.413 -4.006 -6.427 -8.416 -10.001 -11.078 -3.783 -7.146 -9.275 -10.399 -11.17 -8.121 -9.444 -10.478 -11.094 -11.553 -9.598 -8.359 -9.912 -12.082 -12.402 -12.462 -10.058
4.07684 -5.97 -0.771 -1.737 -3.44 -6.227 -8.229 -6.345 -3.937 -6.358 -8.348 -9.932 -11.009 -3.714 -7.077 -9.206 -10.331 -11.102 -8.052 -9.375 -10.409 -11.025 -11.484 -9.529 -8.291 -9.843 -12.013 -12.333 -12.394 -9.989
4.200141 -5.901 -0.702 -1.668 -3.371 -6.158 -8.16 -6.276 -3.868 -6.289 -8.279 -9.863 -10.94 -3.645 -7.008 -9.137 -10.262 -11.033 -7.983 -9.306 -10.34 -10.956 -11.415 -9.46 -8.222 -9.774 -11.944 -12.264 -12.325 -9.92
4.327172 -5.832 -0.633 -1.599 -3.302 -6.089 -8.091 -6.207 -3.799 -6.22 -8.209 -9.794 -10.871 -3.576 -6.939 -9.068 -10.193 -10.963 -7.914 -9.237 -10.271 -10.887 -11.346 -9.391 -8.152 -9.705 -11.875 -12.195 -12.255 -9.851
4.458044 -5.762 -0.564 -1.53 -3.233 -6.019 -8.021 -6.137 -3.729 -6.15 -8.14 -9.725 -10.802 -3.507 -6.87 -8.998 -10.123 -10.894 -7.844 -9.168 -10.202 -10.817 -11.277 -9.321 -8.083 -9.635 -11.805 -12.125 -12.186 -9.782
4.592874 -5.693 -0.494 -1.46 -3.163 -5.95 -7.952 -6.067 -3.66 -6.081 -8.07 -9.655 -10.732 -3.437 -6.8 -8.929 -10.053 -10.824 -7.775 -9.098 -10.132 -10.748 -11.207 -9.252 -8.013 -9.565 -11.735 -12.056 -12.116 -9.712
4.731783 -5.623 -0.424 -1.39 -3.093 -5.88 -7.882 -5.997 -3.59 -6.011 -8.0 -9.585 -10.662 -3.367 -6.73 -8.859 -9.983 -10.754 -7.705 -9.028 -10.062 -10.678 -11.137 -9.182 -7.943 -9.495 -11.666 -11.986 -12.046 -9.642
4.874892 -5.553 -0.354 -1.32 -3.023 -5.81 -7.812 -5.927 -3.52 -5.941 -7.93 -9.515 -10.592 -3.297 -6.66 -8.789 -9.913 -10.684 -7.635 -8.958 -9.992 -10.608 -11.067 -9.112 -7.873 -9.425 -11.595 -11.916 -11.976 -9.572
5.02233 -5.482 -0.284 -1.25 -2.952 -5.739 -7.741 -5.857 -3.449 -5.87 -7.86 -9.445 -10.522 -3.227 -6.59 -8.718 -9.843 -10.614 -7.564 -8.888 -9.922 -10.537 -10.996 -9.041 -7.803 -9.355 -11.525 -11.845 -11.906 -9.501
5.174227 -5.412 -0.213 -1.179 -2.882 -5.669 -7.671 -5.786 -3.379 -5.8 -7.789 -9.374 -10.451 -3.156 -6.519 -8.648 -9.772 -10.543 -7.494 -8.817 -9.851 -10.467 -10.926 -8.971 -7.732 -9.284 -11.454 -11.775 -11.835 -9.431
5.330718 -5.341 -0.142 -1.108 -2.811 -5.598 -7.6 -5.716 -3.308 -5.729 -7.718 -9.303 -10.38 -3.085 -6.448 -8.577 -9.702 -10.472 -7.423 -8.746 -9.78 -10.396 -10.855 -8.9 -7.662 -9.214 -11.384 -11.704 -11.765 -9.36
5.491942 -5.27 -0.071 -1.037 -2.74 -5.527 -7.529 -5.645 -3.237 -5.658 -7.647 -9.232 -10.309 -3.014 -6.377 -8.506 -9.631 -10.401 -7.352 -8.675 -9.709 -10.325 -10.784 -8.829 -7.591 -9.143 -11.313 -11.633 -11.694 -9.289
5.658042 -5.199 -0.0 -0.966 -2.669 -5.456 -7.458 -5.573 -3.166 -5.587 -7.576 -9.161 -10.238 -2.943 -6.306 -8.435 -9.559 -10.33 -7.281 -8.604 -9.638 -10.254 -10.713 -8.758 -7.519 -9.071 -11.241 -11.562 -11.622 -9.218
5.829166 -5.127 0.071 -0.895 -2.597 -5.384 -7.386 -5.502 -3.094 -5.515 -7.505 -9.09 -10.167 -2.872 -6.235 -8.363 -9.488 -10.259 -7.209 -8.533 -9.567 -10.182 -10.642 -8.686 -7.448 -9.0 -11.17 -11.49 -11.551 -9.146
6.005465 -5.056 0.143 -0.823 -2.526 -5.313 -7.315 -5.43 -3.023 -5.444 -7.433 -9.018 -10.095 -2.8 -6.163 -8.292 -9.416 -10.187 -7.138 -8.461 -9.495 -10.111 -10.57 -8.615 -7.376 -8.928 -11.098 -11.419 -11.479 -9.075
6.187096 -4.984 0.215 -0.751 -2.454 -5.241 -7.243 -5.359 -2.951 -5.372 -7.361 -8.946 -10.023 -2.728 -6.091 -8.22 -9.345 -10.115 -7.066 -8.389 -9.423 -10.039 -10.498 -8.543 -7.305 -8.857 -11.027 -11.347 -11.408 -9.003
6.37422 -4.912 0.287 -0.679 -2.382 -5.169 -7.171 -5.287 -2.879 -5.3 -7.289 -8.874 -9.951 -2.656 -6.019 -8.148 -9.273 -10.043 -6.994 -8.317 -9.351 -9.967 -10.426 -8.471 -7.233 -8.785 -10.955 -11.275 -11.336 -8.931
6.567004 -4.84 0.359 -0.607 -2.31 -5.097 -7.099 -5.214 -2.807 -5.228 -7.217 -8.802 -9.879 -2.584 -5.947 -8.076 -9.2 -9.971 -6.922 -8.245 -9.279 -9.895 -10.354 -8.399 -7.16 -8.712 -10.883 -11.203 -11.263 -8.859
6.765619 -4.767 0.431 -0.535 -2.238 -5.024 -7.026 -5.142 -2.734 -5.155 -7.145 -8.73 -9.807 -2.512 -5.875 -8.003 -9.128 -9.899 -6.849 -8.173 -9.207 -9.822 -10.282 -8.326 -7.088 -8.64 -10.81 -11.13 -11.191 -8.787
6.97024 -4.695 0.504 -0.462 -2.165 -4.952 -6.954 -5.07 -2.662 -5.083 -7.072 -8.657 -9.734 -2.439 -5.802 -7.931 -9.056 -9.826 -6.777 -8.1 -9.134 -9.75 -10.209 -8.254 -7.016 -8.568 -10.738 -11.058 -11.118 -8.714
7.181051 -4.622 0.576 -0.389 -2.092 -4.879 -6.881 -4.997 -2.589 -5.01 -7.0 -8.584 -9.661 -2.366 -5.729 -7.858 -8.983 -9.754 -6.704 -8.028 -9.061 -9.677 -10.136 -8.181 -6.943 -8.495 -10.665 -10.985 -11.046 -8.641
7.398237 -4.549 0.649 -0.317 -2.019 -4.806 -6.808 -4.924 -2.516 -4.937 -6.927 -8.512 -9.588 -2.293 -5.656 -7.785 -8.91 -9.681 -6.631 -7.955 -8.989 -9.604 -10.063 -8.108 -6.87 -8.422 -10.592 -10.912 -10.973 -8.568
7.621991 -4.476 0.722 -0.243 -1.946 -4.733 -6.735 -4.851 -2.443 -4.864 -6.854 -8.439 -9.515 -2.22 -5.583 -7.712 -8.837 -9.608 -6.558 -7.882 -8.915 -9.531 -9.99 -8.035 -6.797 -8.349 -10.519 -10.839 -10.9 -8.495
7.852513 -4.403 0.796 -0.17 -1.873 -4.66 -6.662 -4.778 -2.37 -4.791 -6.78 -8.365 -9.442 -2.147 -5.51 -7.639 -8.764 -9.534 -6.485 -7.808 -8.842 -9.458 -9.917 -7.962 -6.724 -8.276 -10.446 -10.766 -10.826 -8.422
8.090007 -4.329 0.869 -0.097 -1.8 -4.586 -6.589 -4.704 -2.296 -4.717 -6.707 -8.292 -9.369 -2.074 -5.437 -7.565 -8.69 -9.461 -6.411 -7.735 -8.769 -9.384 -9.844 -7.889 -6.65 -8.202 -10.372 -10.692 -10.753 -8.349
8.334684 -4.256 0.943 -0.023 -1.726 -4.513 -6.515 -4.631 -2.223 -4.644 -6.633 -8.218 -9.295 -2.0 -5.363 -7.492 -8.617 -9.387 -6.338 -7.661 -8.695 -9.311 -9.77 -7.815 -6.577 -8.129 -10.299 -10.619 -10.679 -8.275
8.586761 -4.182 1.016 0.051 -1.652 -4.439 -6.441 -4.557 -2.149 -4.57 -6.56 -8.145 -9.221 -1.926 -5.289 -7.418 -8.543 -9.314 -6.264 -7.588 -8.621 -9.237 -9.696 -7.741 -6.503 -8.055 -10.225 -10.545 -10.606 -8.201
8.846461 -4.108 1.09 0.124 -1.578 -4.365 -6.367 -4.483 -2.075 -4.496 -6.486 -8.071 -9.147 -1.852 -5.216 -7.344 -8.469 -9.24 -6.19 -7.514 -8.548 -9.163 -9.622 -7.667 -6.429 -7.981 -10.151 -10.471 -10.532 -8.127
9.114017 -4.034 1.164 0.199 -1.504 -4.291 -6.293 -4.409 -2.001 -4.422 -6.412 -7.997 -9.073 -1.778 -5.141 -7.27 -8.395 -9.166 -6.116 -7.44 -8.473 -9.089 -9.548 -7.593 -6.355 -7.907 -10.077 -10.397 -10.458 -8.053
9.389664 -3.96 1.239 0.273 -1.43 -4.217 -6.219 -4.335 -1.927 -4.348 -6.337 -7.922 -8.999 -1.704 -5.067 -7.196 -8.321 -9.091 -6.042 -7.365 -8.399 -9.015 -9.474 -7.519 -6.281 -7.833 -10.003 -10.323 -10.384 -7.979
9.673648 -3.885 1.313 0.347 -1.356 -4.143 -6.145 -4.26 -1.853 -4.274 -6.263 -7.848 -8.925 -1.63 -4.993 -7.122 -8.246 -9.017 -5.968 -7.291 -8.325 -8.941 -9.4 -7.445 -6.206 -7.758 -9.928 -10.249 -10.309 -7.905
9.966221 -3.811 1.388 0.422 -1.281 -4.068 -6.07 -4.186 -1.778 -4.199 -6.189 -7.773 -8.85 -1.555 -4.918 -7.047 -8.172 -8.943 -5.893 -7.216 -8.25 -8.866 -9.325 -7.37 -6.132 -7.684 -9.854 -10.174 -10.235 -7.83
10.267642 -3.736 1.462 0.496 -1.207 -3.993 -5.995 -4.111 -1.703 -4.124 -6.114 -7.699 -8.776 -1.481 -4.844 -6.972 -8.097 -8.868 -5.818 -7.142 -8.176 -8.791 -9.251 -7.295 -6.057 -7.609 -9.779 -10.099 -10.16 -7.756
10.57818 -3.661 1.537 0.571 -1.132 -3.919 -5.921 -4.036 -1.629 -4.05 -6.039 -7.624 -8.701 -1.406 -4.769 -6.898 -8.022 -8.793 -5.744 -7.067 -8.101 -8.717 -9.176 -7.221 -5.982 -7.534 -9.704 -10.025 -10.085 -7.681
10.89811 -3.586 1.612 0.646 -1.057 -3.844 -5.846 -3.961 -1.554 -3.975 -5.964 -7.549 -8.626 -1.331 -4.694 -6.823 -7.947 -8.718 -5.669 -6.992 -8.026 -8.642 -9.101 -7.146 -5.907 -7.459 -9.629 -9.95 -10.01 -7.606
11.227716 -3.511 1.687 0.721 -0.982 -3.768 -5.771 -3.886 -1.479 -3.9 -5.889 -7.474 -8.551 -1.256 -4.619 -6.748 -7.872 -8.643 -5.593 -6.917 -7.951 -8.567 -9.026 -7.071 -5.832 -7.384 -9.554 -9.875 -9.935 -7.531
11.56729 -3.436 1.762 0.796 -0.906 -3.693 -5.695 -3.811 -1.403 -3.824 -5.814 -7.399 -8.476 -1.181 -4.544 -6.672 -7.797 -8.568 -5.518 -6.842 -7.876 -8.491 -8.951 -6.995 -5.757 -7.309 -9.479 -9.799 -9.86 -7.455
11.917135 -3.361 1.838 0.872 -0.831 -3.618 -5.62 -3.736 -1.328 -3.749 -5.738 -7.323 -8.4 -1.105 -4.468 -6.597 -7.722 -8.492 -5.443 -6.766 -7.8 -8.416 -8.875 -6.92 -5.682 -7.234 -9.404 -9.724 -9.785 -7.38
12.277561 -3.285 1.913 0.947 -0.756 -3.542 -5.545 -3.66 -1.252 -3.673 -5.663 -7.248 -8.325 -1.03 -4.393 -6.521 -7.646 -8.417 -5.367 -6.691 -7.725 -8.34 -8.8 -6.845 -5.606 -7.158 -9.328 -9.648 -9.709 -7.305
12.648887 -3.21 1.989 1.023 -0.68 -3.467 -5.469 -3.585 -1.177 -3.598 -5.587 -7.172 -8.249 -0.954 -4.317 -6.446 -7.571 -8.341 -5.292 -6.615 -7.649 -8.265 -8.724 -6.769 -5.531 -7.083 -9.253 -9.573 -9.633 -7.229
13.031444 -3.134 2.064 1.099 -0.604 -3.391 -5.393 -3.509 -1.101 -3.522 -5.512 -7.096 -8.173 -0.878 -4.241 -6.37 -7.495 -8.266 -5.216 -6.54 -7.573 -8.189 -8.648 -6.693 -5.455 -7.007 -9.177 -9.497 -9.558 -7.153
13.425571 -3.058 2.14 1.174 -0.528 -3.315 -5.317 -3.433 -1.025 -3.446 -5.436 -7.021 -8.097 -0.802 -4.166 -6.294 -7.419 -8.19 -5.14 -6.464 -7.498 -8.113 -8.572 -6.617 -5.379 -6.931 -9.101 -9.421 -9.482 -7.077
13.831619 -2.982 2.216 1.25 -0.452 -3.239 -5.241 -3.357 -0.949 -3.37 -5.36 -6.945 -8.021 -0.726 -4.09 -6.218 -7.343 -8.114 -5.064 -6.388 -7.422 -8.037 -8.496 -6.541 -5.303 -6.855 -9.025 -9.345 -9.406 -7.001
14.249947 -2.906 2.292 1.327 -0.376 -3.163 -5.165 -3.281 -0.873 -3.294 -5.284 -6.868 -7.945 -0.65 -4.013 -6.142 -7.267 -8.038 -4.988 -6.312 -7.345 -7.961 -8.42 -6.465 -5.227 -6.779 -8.949 -9.269 -9.33 -6.925
14.680926 -2.83 2.369 1.403 -0.3 -3.087 -5.089 -3.205 -0.797 -3.218 -5.207 -6.792 -7.869 -0.574 -3.937 -6.066 -7.191 -7.961 -4.912 -6.235 -7.269 -7.885 -8.344 -6.389 -5.151 -6.703 -8.873 -9.193 -9.253 -6.849
15.124941 -2.753 2.445 1.479 -0.224 -3.01 -5.013 -3.128 -0.72 -3.141 -5.131 -6.716 -7.793 -0.498 -3.861 -5.99 -7.114 -7.885 -4.835 -6.159 -7.193 -7.809 -8.268 -6.313 -5.074 -6.626 -8.796 -9.117 -9.177 -6.773
15.582385 -2.677 2.522 1.556 -0.147 -2.934 -4.936 -3.052 -0.644 -3.065 -5.055 -6.639 -7.716 -0.421 -3.784 -5.913 -7.038 -7.809 -4.759 -6.082 -7.116 -7.732 -8.191 -6.236 -4.998 -6.55 -8.72 -9.04 -9.101 -6.696
16.053663 -2.6 2.598 1.632 -0.071 -2.857 -4.86 -2.975 -0.567 -2.988 -4.978 -6.563 -7.64 -0.345 -3.708 -5.836 -6.961 -7.732 -4.682 -6.006 -7.04 -7.655 -8.115 -6.16 -4.921 -6.473 -8.643 -8.963 -9.024 -6.62
16.539195 -2.524 2.675 1.709 0.006 -2.781 -4.783 -2.898 -0.491 -2.912 -4.901 -6.486 -7.563 -0.268 -3.631 -5.76 -6.884 -7.655 -4.606 -5.929 -6.963 -7.579 -8.038 -6.083 -4.844 -6.396 -8.567 -8.887 -8.947 -6.543
17.039412 -2.447 2.752 1.786 0.083 -2.704 -4.706 -2.822 -0.414 -2.835 -4.824 -6.409 -7.486 -0.191 -3.554 -5.683 -6.808 -7.578 -4.529 -5.852 -6.886 -7.502 -7.961 -6.006 -4.768 -6.32 -8.49 -8.81 -8.871 -6.466
17.554757 -2.37 2.829 1.863 0.16 -2.627 -4.629 -2.745 -0.337 -2.758 -4.748 -6.332 -7.409 -0.114 -3.477 -5.606 -6.731 -7.502 -4.452 -5.775 -6.809 -7.425 -7.884 -5.929 -4.691 -6.243 -8.413 -8.733 -8.794 -6.389
18.085689 -2.293 2.906 1.94 0.237 -2.55 -4.552 -2.668 -0.26 -2.681 -4.671 -6.255 -7.332 -0.037 -3.4 -5.529 -6.654 -7.425 -4.375 -5.698 -6.732 -7.348 -7.807 -5.852 -4.614 -6.166 -8.336 -8.656 -8.717 -6.312
18.632678 -2.216 2.983 2.017 0.314 -2.473 -4.475 -2.591 -0.183 -2.604 -4.593 -6.178 -7.255 0.04 -3.323 -5.452 -6.577 -7.347 -4.298 -5.621 -6.655 -7.271 -7.73 -5.775 -4.537 -6.089 -8.259 -8.579 -8.64 -6.235
19.196211 -2.139 3.06 2.094 0.391 -2.396 -4.398 -2.513 -0.106 -2.527 -4.516 -6.101 -7.178 0.117 -3.246 -5.375 -6.499 -7.27 -4.221 -5.544 -6.578 -7.194 -7.653 -5.698 -4.459 -6.011 -8.181 -8.502 -8.562 -6.158
19.776787 -2.061 3.137 2.171 0.469 -2.318 -4.32 -2.436 -0.028 -2.449 -4.439 -6.024 -7.101 0.194 -3.169 -5.297 -6.422 -7.193 -4.143 -5.467 -6.501 -7.116 -7.576 -5.62 -4.382 -5.934 -8.104 -8.424 -8.485 -6.08
20.374923 -1.984 3.215 2.249 0.546 -2.241 -4.243 -2.359 0.049 -2.372 -4.361 -5.946 -7.023 0.272 -3.091 -5.22 -6.345 -7.115 -4.066 -5.389 -6.423 -7.039 -7.498 -5.543 -4.305 -5.857 -8.027 -8.347 -8.408 -6.003
20.991149 -1.906 3.292 2.326 0.623 -2.163 -4.166 -2.281 0.127 -2.294 -4.284 -5.869 -6.946 0.349 -3.014 -5.142 -6.267 -7.038 -3.988 -5.312 -6.346 -6.961 -7.421 -5.465 -4.227 -5.779 -7.949 -8.269 -8.33 -5.926
21.626011 -1.829 3.37 2.404 0.701 -2.086 -4.088 -2.203 0.204 -2.217 -4.206 -5.791 -6.868 0.427 -2.936 -5.065 -6.189 -6.96 -3.911 -5.234 -6.268 -6.884 -7.343 -5.388 -4.149 -5.701 -7.872 -8.192 -8.252 -5.848
22.280075 -1.751 3.448 2.482 0.779 -2.008 -4.01 -2.126 0.282 -2.139 -4.129 -5.713 -6.79 0.505 -2.858 -4.987 -6.112 -6.883 -3.833 -5.156 -6.19 -6.806 -7.265 -5.31 -4.072 -5.624 -7.794 -8.114 -8.175 -5.77
22.953921 -1.673 3.525 2.559 0.857 -1.93 -3.932 -2.048 0.36 -2.061 -4.051 -5.636 -6.713 0.582 -2.781 -4.909 -6.034 -6.805 -3.755 -5.079 -6.113 -6.728 -7.187 -5.232 -3.994 -5.546 -7.716 -8.036 -8.097 -5.692
23.648147 -1.595 3.603 2.637 0.934 -1.852 -3.854 -1.97 0.438 -1.983 -3.973 -5.558 -6.635 0.66 -2.703 -4.831 -5.956 -6.727 -3.677 -5.001 -6.035 -6.65 -7.11 -5.154 -3.916 -5.468 -7.638 -7.958 -8.019 -5.615
24.363369 -1.517 3.681 2.715 1.012 -1.774 -3.776 -1.892 0.516 -1.905 -3.895 -5.48 -6.557 0.738 -2.625 -4.753 -5.878 -6.649 -3.599 -4.923 -5.957 -6.572 -7.032 -5.076 -3.838 -5.39 -7.56 -7.88 -7.941 -5.537
25.100222 -1.439 3.759 2.793 1.091 -1.696 -3.698 -1.814 0.594 -1.827 -3.817 -5.402 -6.479 0.816 -2.547 -4.675 -5.8 -6.571 -3.521 -4.845 -5.879 -6.494 -6.953 -4.998 -3.76 -5.312 -7.482 -7.802 -7.863 -5.458
25.859362 -1.361 3.837 2.872 1.169 -1.618 -3.62 -1.736 0.672 -1.749 -3.739 -5.324 -6.4 0.895 -2.468 -4.597 -5.722 -6.493 -3.443 -4.767 -5.8 -6.416 -6.875 -4.92 -3.682 -5.234 -7.404 -7.724 -7.785 -5.38
26.64146 -1.283 3.916 2.95 1.247 -1.54 -3.542 -1.658 0.75 -1.671 -3.66 -5.245 -6.322 0.973 -2.39 -4.519 -5.644 -6.414 -3.365 -4.688 -5.722 -6.338 -6.797 -4.842 -3.604 -5.156 -7.326 -7.646 -7.707 -5.302
27.447213 -1.204 3.994 3.028 1.325 -1.462 -3.464 -1.579 0.828 -1.593 -3.582 -5.167 -6.244 1.051 -2.312 -4.441 -5.565 -6.336 -3.287 -4.61 -5.644 -6.26 -6.719 -4.764 -3.525 -5.077 -7.247 -7.568 -7.628 -5.224
28.277335 -1.126 4.072 3.107 1.404 -1.383 -3.385 -1.501 0.907 -1.514 -3.504 -5.089 -6.165 1.13 -2.233 -4.362 -5.487 -6.258 -3.208 -4.532 -5.565 -6.181 -6.64 -4.685 -3.447 -4.999 -7.169 -7.489 -7.55 -5.145
29.132564 -1.048 4.151 3.185 1.482 -1.305 -3.307 -1.422 0.985 -1.436 -3.425 -5.01 -6.087 1.208 -2.155 -4.284 -5.408 -6.179 -3.13 -4.453 -5.487 -6.103 -6.562 -4.607 -3.368 -4.92 -7.09 -7.411 -7.471 -5.067
30.013659 -0.969 4.23 3.264 1.561 -1.226 -3.228 -1.344 1.064 -1.357 -3.347 -4.931 -6.008 1.287 -2.076 -4.205 -5.33 -6.101 -3.051 -4.374 -5.408 -6.024 -6.483 -4.528 -3.29 -4.842 -7.012 -7.332 -7.393 -4.988
30.921401 -0.89 4.308 3.342 1.639 -1.147 -3.15 -1.265 1.143 -1.278 -3.268 -4.853 -5.93 1.365 -1.998 -4.126 -5.251 -6.022 -2.972 -4.296 -5.33 -5.945 -6.405 -4.449 -3.211 -4.763 -6.933 -7.253 -7.314 -4.91
