web/models/kne.last_good/kappa_0.5_3.0.v2/1/villar_0.0012_0.1083_0.5000.dat
# %ECSV 1.0
# ---
# datatype:
# - {name: time, datatype: float64}
# - {name: swift_uvot_uvw2, datatype: float64}
# - {name: swift_uvot_uvm2, datatype: float64}
# - {name: swift_uvot_uvw1, datatype: float64}
# - {name: swift_uvot_U, datatype: float64}
# - {name: swift_uvot_B, datatype: float64}
# - {name: swift_uvot_V, datatype: float64}
# - {name: swift_uvot_W, datatype: float64}
# - {name: johnson_U, datatype: float64}
# - {name: johnson_B, datatype: float64}
# - {name: johnson_V, datatype: float64}
# - {name: johnson_R, datatype: float64}
# - {name: johnson_I, datatype: float64}
# - {name: sdss_u, datatype: float64}
# - {name: sdss_g, datatype: float64}
# - {name: sdss_r, datatype: float64}
# - {name: sdss_i, datatype: float64}
# - {name: sdss_z, datatype: float64}
# - {name: PS1_g, datatype: float64}
# - {name: PS1_r, datatype: float64}
# - {name: PS1_i, datatype: float64}
# - {name: PS1_z, datatype: float64}
# - {name: PS1_Y, datatype: float64}
# - {name: PS1_w, datatype: float64}
# - {name: ATLAS_c, datatype: float64}
# - {name: ATLAS_o, datatype: float64}
# - {name: ukirt_J, datatype: float64}
# - {name: ukirt_H, datatype: float64}
# - {name: ukirt_K, datatype: float64}
# - {name: Clear, datatype: float64}
# meta: !!omap
# - comment: [kappa = 0.5, type = villar, mass = 0.0012301715156502338, velocity = 0.10833333333333334, theta_obs = 0.0, tfloor = 2500.0]
# schema: astropy-2.0
time swift_uvot_uvw2 swift_uvot_uvm2 swift_uvot_uvw1 swift_uvot_U swift_uvot_B swift_uvot_V swift_uvot_W johnson_U johnson_B johnson_V johnson_R johnson_I sdss_u sdss_g sdss_r sdss_i sdss_z PS1_g PS1_r PS1_i PS1_z PS1_Y PS1_w ATLAS_c ATLAS_o ukirt_J ukirt_H ukirt_K Clear
[from data line 209]
0.506416 -10.157 -10.549 -11.244 -12.265 -12.723 -12.955 -11.937 -12.355 -12.726 -12.956 -13.0 -12.922 -12.336 -12.818 -13.004 -12.994 -12.907 -12.864 -13.013 -13.002 -12.944 -12.912 -12.955 -12.914 -13.0 -12.591 -12.237 -11.763 -12.929
0.521733 -9.983 -10.37 -11.102 -12.167 -12.657 -12.913 -11.851 -12.262 -12.66 -12.915 -12.976 -12.913 -12.242 -12.761 -12.973 -12.977 -12.901 -12.811 -12.982 -12.986 -12.936 -12.908 -12.923 -12.869 -12.976 -12.599 -12.252 -11.784 -12.895
0.537512 -9.805 -10.184 -10.956 -12.065 -12.587 -12.868 -11.763 -12.166 -12.591 -12.871 -12.951 -12.903 -12.144 -12.701 -12.94 -12.958 -12.892 -12.754 -12.949 -12.967 -12.926 -12.903 -12.888 -12.821 -12.949 -12.605 -12.266 -11.805 -12.858
0.553769 -9.623 -9.991 -10.804 -11.958 -12.514 -12.82 -11.673 -12.065 -12.518 -12.824 -12.923 -12.891 -12.041 -12.637 -12.904 -12.938 -12.883 -12.695 -12.914 -12.947 -12.914 -12.896 -12.851 -12.77 -12.92 -12.611 -12.28 -11.825 -12.819
0.570517 -9.438 -9.792 -10.647 -11.846 -12.437 -12.769 -11.58 -11.959 -12.441 -12.774 -12.893 -12.878 -11.933 -12.569 -12.866 -12.915 -12.871 -12.632 -12.876 -12.925 -12.901 -12.889 -12.812 -12.717 -12.889 -12.615 -12.293 -11.845 -12.778
0.587772 -9.251 -9.585 -10.484 -11.73 -12.355 -12.716 -11.484 -11.849 -12.361 -12.721 -12.861 -12.862 -11.821 -12.499 -12.825 -12.89 -12.858 -12.565 -12.835 -12.901 -12.886 -12.88 -12.77 -12.66 -12.856 -12.619 -12.305 -11.864 -12.735
0.605549 -9.062 -9.37 -10.317 -11.608 -12.27 -12.659 -11.386 -11.733 -12.277 -12.665 -12.826 -12.846 -11.703 -12.424 -12.782 -12.863 -12.844 -12.496 -12.792 -12.874 -12.87 -12.869 -12.726 -12.601 -12.82 -12.621 -12.317 -11.883 -12.69
0.623863 -8.872 -9.148 -10.143 -11.481 -12.181 -12.598 -11.285 -11.613 -12.188 -12.605 -12.79 -12.827 -11.581 -12.346 -12.735 -12.834 -12.827 -12.422 -12.746 -12.846 -12.851 -12.857 -12.679 -12.538 -12.782 -12.623 -12.328 -11.901 -12.642
0.642731 -8.681 -8.918 -9.964 -11.348 -12.087 -12.535 -11.181 -11.487 -12.095 -12.543 -12.75 -12.806 -11.453 -12.264 -12.686 -12.803 -12.809 -12.345 -12.698 -12.815 -12.831 -12.843 -12.63 -12.472 -12.741 -12.623 -12.337 -11.919 -12.592
0.66217 -8.491 -8.681 -9.78 -11.21 -11.989 -12.468 -11.074 -11.356 -11.999 -12.477 -12.708 -12.784 -11.319 -12.178 -12.634 -12.769 -12.789 -12.265 -12.646 -12.782 -12.809 -12.828 -12.578 -12.402 -12.698 -12.622 -12.346 -11.936 -12.54
0.682197 -8.303 -8.435 -9.59 -11.066 -11.887 -12.397 -10.965 -11.22 -11.897 -12.407 -12.664 -12.759 -11.18 -12.088 -12.579 -12.733 -12.767 -12.18 -12.592 -12.746 -12.785 -12.811 -12.524 -12.33 -12.651 -12.619 -12.355 -11.952 -12.485
0.70283 -8.117 -8.181 -9.394 -10.917 -11.78 -12.322 -10.853 -11.078 -11.791 -12.334 -12.616 -12.733 -11.035 -11.994 -12.52 -12.695 -12.743 -12.092 -12.534 -12.708 -12.758 -12.792 -12.466 -12.253 -12.603 -12.616 -12.362 -11.968 -12.428
0.724086 -7.936 -7.918 -9.192 -10.761 -11.668 -12.244 -10.738 -10.93 -11.68 -12.257 -12.566 -12.704 -10.884 -11.895 -12.459 -12.654 -12.717 -11.999 -12.473 -12.668 -12.73 -12.772 -12.406 -12.173 -12.551 -12.611 -12.368 -11.984 -12.368
0.745986 -7.76 -7.647 -8.985 -10.599 -11.551 -12.162 -10.619 -10.776 -11.565 -12.177 -12.513 -12.673 -10.727 -11.792 -12.394 -12.61 -12.689 -11.903 -12.409 -12.625 -12.7 -12.749 -12.343 -12.09 -12.496 -12.605 -12.374 -11.998 -12.306
0.768548 -7.591 -7.367 -8.772 -10.431 -11.429 -12.076 -10.498 -10.616 -11.445 -12.092 -12.458 -12.64 -10.564 -11.684 -12.325 -12.563 -12.658 -11.802 -12.341 -12.579 -12.667 -12.725 -12.277 -12.002 -12.439 -12.597 -12.379 -12.013 -12.241
0.791792 -7.43 -7.078 -8.554 -10.257 -11.302 -11.986 -10.374 -10.45 -11.319 -12.003 -12.399 -12.605 -10.394 -11.572 -12.253 -12.514 -12.625 -11.697 -12.271 -12.53 -12.632 -12.699 -12.208 -11.911 -12.378 -12.588 -12.382 -12.026 -12.173
0.815739 -7.279 -6.78 -8.33 -10.075 -11.17 -11.891 -10.246 -10.277 -11.189 -11.911 -12.337 -12.567 -10.218 -11.455 -12.177 -12.462 -12.59 -11.588 -12.196 -12.479 -12.594 -12.671 -12.136 -11.815 -12.314 -12.578 -12.385 -12.039 -12.104
0.840411 -7.138 -6.473 -8.1 -9.887 -11.032 -11.792 -10.115 -10.098 -11.053 -11.814 -12.272 -12.527 -10.035 -11.333 -12.098 -12.406 -12.553 -11.474 -12.118 -12.425 -12.555 -12.641 -12.061 -11.716 -12.247 -12.566 -12.386 -12.051 -12.031
0.865828 -7.008 -6.157 -7.865 -9.692 -10.889 -11.689 -9.981 -9.913 -10.911 -11.712 -12.203 -12.484 -9.845 -11.206 -12.015 -12.348 -12.513 -11.356 -12.036 -12.367 -12.512 -12.608 -11.983 -11.612 -12.177 -12.552 -12.387 -12.063 -11.956
0.892015 -6.888 -5.832 -7.624 -9.49 -10.74 -11.581 -9.844 -9.72 -10.764 -11.606 -12.131 -12.439 -9.649 -11.074 -11.928 -12.287 -12.471 -11.233 -11.951 -12.307 -12.467 -12.574 -11.901 -11.504 -12.103 -12.537 -12.386 -12.074 -11.878
0.918993 -6.78 -5.499 -7.379 -9.281 -10.585 -11.468 -9.703 -9.52 -10.612 -11.496 -12.056 -12.391 -9.444 -10.936 -11.836 -12.222 -12.426 -11.105 -11.861 -12.243 -12.419 -12.537 -11.816 -11.392 -12.026 -12.52 -12.385 -12.084 -11.798
0.946787 -6.682 -5.156 -7.128 -9.064 -10.424 -11.351 -9.559 -9.313 -10.454 -11.381 -11.977 -12.34 -9.233 -10.794 -11.741 -12.154 -12.378 -10.973 -11.768 -12.176 -12.369 -12.498 -11.728 -11.275 -11.945 -12.502 -12.382 -12.094 -11.715
0.975422 -6.593 -4.806 -6.872 -8.839 -10.258 -11.228 -9.411 -9.099 -10.289 -11.26 -11.895 -12.287 -9.014 -10.645 -11.641 -12.082 -12.328 -10.837 -11.67 -12.106 -12.316 -12.456 -11.636 -11.154 -11.86 -12.481 -12.378 -12.103 -11.63
1.004923 -6.513 -4.45 -6.611 -8.607 -10.084 -11.1 -9.26 -8.877 -10.119 -11.136 -11.809 -12.231 -8.787 -10.491 -11.537 -12.007 -12.275 -10.696 -11.568 -12.032 -12.259 -12.412 -11.54 -11.028 -11.772 -12.459 -12.373 -12.111 -11.542
1.035317 -6.441 -4.087 -6.346 -8.367 -9.905 -10.967 -9.105 -8.647 -9.942 -11.005 -11.719 -12.172 -8.552 -10.331 -11.429 -11.928 -12.219 -10.55 -11.462 -11.955 -12.2 -12.366 -11.441 -10.897 -11.68 -12.435 -12.366 -12.119 -11.452
1.066629 -6.375 -3.721 -6.076 -8.118 -9.719 -10.829 -8.946 -8.41 -9.76 -10.87 -11.626 -12.109 -8.309 -10.166 -11.315 -11.846 -12.159 -10.399 -11.352 -11.874 -12.138 -12.317 -11.338 -10.761 -11.584 -12.41 -12.359 -12.125 -11.359
1.098888 -6.315 -3.354 -5.802 -7.861 -9.526 -10.686 -8.784 -8.164 -9.57 -10.73 -11.528 -12.044 -8.057 -9.994 -11.198 -11.76 -12.097 -10.244 -11.237 -11.79 -12.073 -12.265 -11.232 -10.621 -11.484 -12.382 -12.35 -12.131 -11.264
1.132124 -6.26 -2.989 -5.524 -7.596 -9.327 -10.536 -8.618 -7.91 -9.375 -10.584 -11.427 -11.976 -7.797 -9.816 -11.075 -11.67 -12.032 -10.085 -11.118 -11.702 -12.004 -12.211 -11.121 -10.476 -11.38 -12.352 -12.34 -12.136 -11.167
1.166364 -6.209 -2.634 -5.242 -7.322 -9.12 -10.381 -8.449 -7.648 -9.172 -10.432 -11.321 -11.904 -7.529 -9.632 -10.947 -11.576 -11.964 -9.922 -10.995 -11.61 -11.932 -12.154 -11.007 -10.325 -11.272 -12.32 -12.328 -12.141 -11.067
1.20164 -6.16 -2.292 -4.956 -7.039 -8.906 -10.22 -8.275 -7.377 -8.963 -10.275 -11.212 -11.83 -7.251 -9.442 -10.815 -11.478 -11.892 -9.754 -10.866 -11.514 -11.857 -12.094 -10.889 -10.169 -11.159 -12.287 -12.315 -12.144 -10.965
1.237983 -6.115 -1.973 -4.666 -6.747 -8.685 -10.053 -8.098 -7.097 -8.746 -10.113 -11.098 -11.752 -6.964 -9.245 -10.677 -11.376 -11.817 -9.583 -10.733 -11.414 -11.778 -12.031 -10.767 -10.008 -11.042 -12.251 -12.301 -12.147 -10.861
1.275425 -6.071 -1.684 -4.372 -6.445 -8.457 -9.88 -7.918 -6.809 -8.523 -9.944 -10.979 -11.67 -6.669 -9.041 -10.534 -11.269 -11.738 -9.409 -10.596 -11.31 -11.696 -11.966 -10.64 -9.841 -10.921 -12.212 -12.285 -12.149 -10.755
1.313999 -6.028 -1.43 -4.075 -6.134 -8.221 -9.701 -7.733 -6.511 -8.292 -9.769 -10.857 -11.585 -6.363 -8.83 -10.385 -11.158 -11.656 -9.233 -10.454 -11.202 -11.611 -11.898 -10.51 -9.669 -10.795 -12.172 -12.268 -12.15 -10.648
1.35374 -5.987 -1.216 -3.774 -5.813 -7.977 -9.515 -7.545 -6.203 -8.054 -9.588 -10.729 -11.496 -6.048 -8.612 -10.231 -11.043 -11.57 -9.054 -10.307 -11.089 -11.521 -11.826 -10.375 -9.492 -10.665 -12.129 -12.249 -12.15 -10.539
1.394683 -5.946 -1.04 -3.469 -5.483 -7.726 -9.323 -7.353 -5.886 -7.808 -9.401 -10.598 -11.404 -5.723 -8.388 -10.072 -10.923 -11.481 -8.874 -10.155 -10.972 -11.428 -11.752 -10.236 -9.308 -10.53 -12.084 -12.229 -12.15 -10.428
1.436864 -5.906 -0.899 -3.161 -5.142 -7.466 -9.124 -7.157 -5.559 -7.555 -9.207 -10.461 -11.308 -5.387 -8.156 -9.907 -10.798 -11.388 -8.693 -9.999 -10.851 -11.331 -11.674 -10.092 -9.119 -10.391 -12.036 -12.207 -12.148 -10.316
1.480321 -5.867 -0.788 -2.849 -4.79 -7.198 -8.918 -6.958 -5.222 -7.293 -9.007 -10.32 -11.209 -5.041 -7.916 -9.735 -10.669 -11.291 -8.513 -9.838 -10.726 -11.23 -11.594 -9.944 -8.923 -10.246 -11.986 -12.183 -12.145 -10.204
1.525092 -5.828 -0.699 -2.532 -4.428 -6.921 -8.705 -6.756 -4.875 -7.024 -8.801 -10.174 -11.105 -4.685 -7.669 -9.558 -10.535 -11.19 -8.335 -9.673 -10.596 -11.125 -11.51 -9.791 -8.722 -10.096 -11.934 -12.158 -12.142 -10.09
1.571218 -5.788 -0.627 -2.211 -4.055 -6.635 -8.485 -6.55 -4.517 -6.747 -8.587 -10.023 -10.998 -4.317 -7.414 -9.375 -10.395 -11.085 -8.16 -9.504 -10.461 -11.017 -11.423 -9.634 -8.514 -9.942 -11.878 -12.131 -12.138 -9.976
1.618738 -5.749 -0.567 -1.885 -3.671 -6.341 -8.257 -6.342 -4.148 -6.461 -8.366 -9.867 -10.886 -3.938 -7.151 -9.185 -10.251 -10.976 -7.989 -9.33 -10.322 -10.904 -11.333 -9.471 -8.3 -9.782 -11.82 -12.102 -12.132 -9.863
1.667696 -5.71 -0.515 -1.555 -3.276 -6.038 -8.022 -6.13 -3.768 -6.166 -8.138 -9.706 -10.77 -3.548 -6.88 -8.989 -10.101 -10.862 -7.824 -9.153 -10.178 -10.787 -11.239 -9.304 -8.08 -9.617 -11.759 -12.072 -12.126 -9.749
1.718134 -5.658 -0.46 -1.426 -3.129 -5.915 -7.917 -6.033 -3.625 -6.046 -8.036 -9.621 -10.698 -3.403 -6.766 -8.894 -10.019 -10.79 -7.74 -9.064 -10.098 -10.713 -11.173 -9.217 -7.979 -9.531 -11.701 -12.021 -12.082 -9.678
1.770098 -5.602 -0.403 -1.369 -3.072 -5.859 -7.861 -5.976 -3.569 -5.99 -7.979 -9.564 -10.641 -3.346 -6.709 -8.838 -9.962 -10.733 -7.684 -9.007 -10.041 -10.657 -11.116 -9.161 -7.922 -9.474 -11.644 -11.965 -12.025 -9.621
1.823633 -5.545 -0.346 -1.312 -3.015 -5.802 -7.804 -5.92 -3.512 -5.933 -7.923 -9.507 -10.584 -3.289 -6.652 -8.781 -9.906 -10.677 -7.627 -8.95 -9.984 -10.6 -11.059 -9.104 -7.866 -9.418 -11.588 -11.908 -11.969 -9.564
1.878788 -5.488 -0.29 -1.256 -2.958 -5.745 -7.747 -5.863 -3.455 -5.876 -7.866 -9.451 -10.528 -3.233 -6.596 -8.724 -9.849 -10.62 -7.57 -8.894 -9.928 -10.543 -11.003 -9.047 -7.809 -9.361 -11.531 -11.851 -11.912 -9.507
1.93561 -5.432 -0.233 -1.199 -2.902 -5.689 -7.691 -5.806 -3.399 -5.82 -7.809 -9.394 -10.471 -3.176 -6.539 -8.668 -9.792 -10.563 -7.514 -8.837 -9.871 -10.487 -10.946 -8.991 -7.752 -9.304 -11.474 -11.795 -11.855 -9.451
1.994152 -5.375 -0.177 -1.142 -2.845 -5.632 -7.634 -5.75 -3.342 -5.763 -7.753 -9.338 -10.414 -3.119 -6.482 -8.611 -9.736 -10.507 -7.457 -8.781 -9.814 -10.43 -10.889 -8.934 -7.696 -9.248 -11.418 -11.738 -11.799 -9.394
2.054463 -5.318 -0.12 -1.086 -2.789 -5.576 -7.578 -5.693 -3.286 -5.707 -7.696 -9.281 -10.358 -3.063 -6.426 -8.555 -9.679 -10.45 -7.401 -8.724 -9.758 -10.374 -10.833 -8.878 -7.639 -9.191 -11.361 -11.682 -11.742 -9.338
2.116599 -5.262 -0.064 -1.029 -2.732 -5.519 -7.521 -5.637 -3.229 -5.65 -7.64 -9.224 -10.301 -3.006 -6.369 -8.498 -9.623 -10.394 -7.344 -8.668 -9.701 -10.317 -10.776 -8.821 -7.583 -9.135 -11.305 -11.625 -11.686 -9.281
2.180614 -5.205 -0.007 -0.973 -2.676 -5.463 -7.465 -5.58 -3.173 -5.594 -7.583 -9.168 -10.245 -2.95 -6.313 -8.442 -9.566 -10.337 -7.288 -8.611 -9.645 -10.261 -10.72 -8.765 -7.526 -9.078 -11.248 -11.569 -11.629 -9.225
2.246566 -5.149 0.05 -0.916 -2.619 -5.406 -7.408 -5.524 -3.116 -5.537 -7.527 -9.111 -10.188 -2.893 -6.256 -8.385 -9.51 -10.281 -7.231 -8.554 -9.588 -10.204 -10.663 -8.708 -7.47 -9.022 -11.192 -11.512 -11.573 -9.168
2.314511 -5.092 0.106 -0.86 -2.563 -5.349 -7.352 -5.467 -3.059 -5.48 -7.47 -9.055 -10.132 -2.837 -6.2 -8.329 -9.453 -10.224 -7.174 -8.498 -9.532 -10.147 -10.607 -8.652 -7.413 -8.965 -11.135 -11.455 -11.516 -9.112
2.384512 -5.036 0.163 -0.803 -2.506 -5.293 -7.295 -5.411 -3.003 -5.424 -7.413 -8.998 -10.075 -2.78 -6.143 -8.272 -9.397 -10.167 -7.118 -8.441 -9.475 -10.091 -10.55 -8.595 -7.357 -8.909 -11.079 -11.399 -11.459 -9.055
2.45663 -4.979 0.219 -0.747 -2.449 -5.236 -7.238 -5.354 -2.946 -5.367 -7.357 -8.942 -10.018 -2.724 -6.087 -8.215 -9.34 -10.111 -7.061 -8.385 -9.419 -10.034 -10.493 -8.538 -7.3 -8.852 -11.022 -11.342 -11.403 -8.998
2.530929 -4.922 0.276 -0.69 -2.393 -5.18 -7.182 -5.297 -2.89 -5.311 -7.3 -8.885 -9.962 -2.667 -6.03 -8.159 -9.283 -10.054 -7.005 -8.328 -9.362 -9.978 -10.437 -8.482 -7.243 -8.795 -10.965 -11.286 -11.346 -8.942
2.607475 -4.866 0.333 -0.633 -2.336 -5.123 -7.125 -5.241 -2.833 -5.254 -7.243 -8.828 -9.905 -2.61 -5.973 -8.102 -9.227 -9.997 -6.948 -8.271 -9.305 -9.921 -10.38 -8.425 -7.186 -8.739 -10.909 -11.229 -11.289 -8.885
2.686337 -4.809 0.39 -0.576 -2.279 -5.066 -7.068 -5.184 -2.776 -5.197 -7.187 -8.771 -9.848 -2.553 -5.916 -8.045 -9.17 -9.941 -6.891 -8.214 -9.248 -9.864 -10.323 -8.368 -7.13 -8.682 -10.852 -11.172 -11.233 -8.828
2.767583 -4.752 0.446 -0.519 -2.222 -5.009 -7.011 -5.127 -2.719 -5.14 -7.13 -8.715 -9.791 -2.496 -5.859 -7.988 -9.113 -9.884 -6.834 -8.158 -9.191 -9.807 -10.266 -8.311 -7.073 -8.625 -10.795 -11.115 -11.176 -8.771
2.851287 -4.695 0.503 -0.462 -2.165 -4.952 -6.954 -5.07 -2.662 -5.083 -7.073 -8.658 -9.734 -2.439 -5.802 -7.931 -9.056 -9.827 -6.777 -8.101 -9.134 -9.75 -10.209 -8.254 -7.016 -8.568 -10.738 -11.058 -11.119 -8.714
2.937522 -4.638 0.561 -0.405 -2.108 -4.895 -6.897 -5.013 -2.605 -5.026 -7.016 -8.6 -9.677 -2.382 -5.745 -7.874 -8.999 -9.77 -6.72 -8.043 -9.077 -9.693 -10.152 -8.197 -6.959 -8.511 -10.681 -11.001 -11.062 -8.657
3.026365 -4.581 0.618 -0.348 -2.051 -4.838 -6.84 -4.955 -2.548 -4.969 -6.958 -8.543 -9.62 -2.325 -5.688 -7.817 -8.942 -9.712 -6.663 -7.986 -9.02 -9.636 -10.095 -8.14 -6.901 -8.454 -10.624 -10.944 -11.004 -8.6
3.117896 -4.523 0.675 -0.291 -1.994 -4.78 -6.783 -4.898 -2.49 -4.911 -6.901 -8.486 -9.563 -2.268 -5.631 -7.76 -8.884 -9.655 -6.605 -7.929 -8.963 -9.579 -10.038 -8.083 -6.844 -8.396 -10.566 -10.887 -10.947 -8.543
3.212194 -4.466 0.733 -0.233 -1.936 -4.723 -6.725 -4.841 -2.433 -4.854 -6.844 -8.428 -9.505 -2.21 -5.573 -7.702 -8.827 -9.598 -6.548 -7.871 -8.905 -9.521 -9.98 -8.025 -6.787 -8.339 -10.509 -10.829 -10.89 -8.485
3.309345 -4.408 0.79 -0.176 -1.879 -4.665 -6.668 -4.783 -2.375 -4.796 -6.786 -8.371 -9.448 -2.153 -5.516 -7.644 -8.769 -9.54 -6.49 -7.814 -8.848 -9.463 -9.923 -7.968 -6.729 -8.281 -10.451 -10.771 -10.832 -8.428
3.409434 -4.351 0.848 -0.118 -1.821 -4.608 -6.61 -4.725 -2.318 -4.739 -6.728 -8.313 -9.39 -2.095 -5.458 -7.587 -8.711 -9.482 -6.433 -7.756 -8.79 -9.406 -9.865 -7.91 -6.671 -8.223 -10.393 -10.714 -10.774 -8.37
3.51255 -4.293 0.906 -0.06 -1.763 -4.55 -6.552 -4.667 -2.26 -4.681 -6.67 -8.255 -9.332 -2.037 -5.4 -7.529 -8.654 -9.424 -6.375 -7.698 -8.732 -9.348 -9.807 -7.852 -6.613 -8.166 -10.336 -10.656 -10.716 -8.312
3.618785 -4.235 0.964 -0.002 -1.705 -4.492 -6.494 -4.609 -2.202 -4.623 -6.612 -8.197 -9.274 -1.979 -5.342 -7.471 -8.595 -9.366 -6.317 -7.64 -8.674 -9.29 -9.749 -7.794 -6.555 -8.107 -10.278 -10.598 -10.658 -8.254
3.728232 -4.176 1.022 0.056 -1.647 -4.434 -6.436 -4.551 -2.144 -4.565 -6.554 -8.139 -9.216 -1.921 -5.284 -7.413 -8.537 -9.308 -6.259 -7.582 -8.616 -9.232 -9.691 -7.736 -6.497 -8.049 -10.219 -10.54 -10.6 -8.196
3.84099 -4.118 1.08 0.114 -1.588 -4.375 -6.377 -4.493 -2.085 -4.506 -6.496 -8.081 -9.157 -1.862 -5.226 -7.354 -8.479 -9.25 -6.2 -7.524 -8.558 -9.173 -9.632 -7.677 -6.439 -7.991 -10.161 -10.481 -10.542 -8.137
3.957158 -4.06 1.139 0.173 -1.53 -4.317 -6.319 -4.434 -2.027 -4.448 -6.437 -8.022 -9.099 -1.804 -5.167 -7.296 -8.42 -9.191 -6.142 -7.465 -8.499 -9.115 -9.574 -7.619 -6.38 -7.932 -10.102 -10.423 -10.483 -8.079
4.07684 -4.001 1.198 0.232 -1.471 -4.258 -6.26 -4.376 -1.968 -4.389 -6.379 -7.963 -9.04 -1.745 -5.108 -7.237 -8.362 -9.133 -6.083 -7.406 -8.44 -9.056 -9.515 -7.56 -6.322 -7.874 -10.044 -10.364 -10.425 -8.02
