web/models/kne.last_good/kappa_0.5_3.0.v2/1/villar_0.0338_0.0770_0.5000.dat
# %ECSV 1.0
# ---
# datatype:
# - {name: time, datatype: float64}
# - {name: swift_uvot_uvw2, datatype: float64}
# - {name: swift_uvot_uvm2, datatype: float64}
# - {name: swift_uvot_uvw1, datatype: float64}
# - {name: swift_uvot_U, datatype: float64}
# - {name: swift_uvot_B, datatype: float64}
# - {name: swift_uvot_V, datatype: float64}
# - {name: swift_uvot_W, datatype: float64}
# - {name: johnson_U, datatype: float64}
# - {name: johnson_B, datatype: float64}
# - {name: johnson_V, datatype: float64}
# - {name: johnson_R, datatype: float64}
# - {name: johnson_I, datatype: float64}
# - {name: sdss_u, datatype: float64}
# - {name: sdss_g, datatype: float64}
# - {name: sdss_r, datatype: float64}
# - {name: sdss_i, datatype: float64}
# - {name: sdss_z, datatype: float64}
# - {name: PS1_g, datatype: float64}
# - {name: PS1_r, datatype: float64}
# - {name: PS1_i, datatype: float64}
# - {name: PS1_z, datatype: float64}
# - {name: PS1_Y, datatype: float64}
# - {name: PS1_w, datatype: float64}
# - {name: ATLAS_c, datatype: float64}
# - {name: ATLAS_o, datatype: float64}
# - {name: ukirt_J, datatype: float64}
# - {name: ukirt_H, datatype: float64}
# - {name: ukirt_K, datatype: float64}
# - {name: Clear, datatype: float64}
# meta: !!omap
# - comment: [kappa = 0.5, type = villar, mass = 0.03383890769761434, velocity = 0.07700000000000001, theta_obs = 0.0, tfloor = 2500.0]
# schema: astropy-2.0
time swift_uvot_uvw2 swift_uvot_uvm2 swift_uvot_uvw1 swift_uvot_U swift_uvot_B swift_uvot_V swift_uvot_W johnson_U johnson_B johnson_V johnson_R johnson_I sdss_u sdss_g sdss_r sdss_i sdss_z PS1_g PS1_r PS1_i PS1_z PS1_Y PS1_w ATLAS_c ATLAS_o ukirt_J ukirt_H ukirt_K Clear
[from data line 347]
30.921401 -4.972 0.226 -0.739 -2.442 -5.229 -7.231 -5.347 -2.939 -5.36 -7.35 -8.935 -10.011 -2.716 -6.079 -8.208 -9.333 -10.104 -7.054 -8.378 -9.411 -10.027 -10.486 -8.531 -7.293 -8.845 -11.015 -11.335 -11.396 -8.991
31.856598 -4.923 0.276 -0.69 -2.393 -5.18 -7.182 -5.298 -2.89 -5.311 -7.301 -8.885 -9.962 -2.667 -6.03 -8.159 -9.284 -10.055 -7.005 -8.328 -9.362 -9.978 -10.437 -8.482 -7.244 -8.796 -10.966 -11.286 -11.347 -8.942
32.820079 -4.874 0.325 -0.641 -2.344 -5.131 -7.133 -5.249 -2.841 -5.262 -7.251 -8.836 -9.913 -2.618 -5.981 -8.11 -9.235 -10.005 -6.956 -8.279 -9.313 -9.929 -10.388 -8.433 -7.195 -8.747 -10.917 -11.237 -11.298 -8.893
33.8127 -4.825 0.374 -0.592 -2.295 -5.082 -7.084 -5.199 -2.792 -5.213 -7.202 -8.787 -9.864 -2.569 -5.932 -8.061 -9.185 -9.956 -6.907 -8.23 -9.264 -9.88 -10.339 -8.384 -7.145 -8.697 -10.867 -11.188 -11.248 -8.844
34.835342 -4.775 0.423 -0.543 -2.246 -5.032 -7.035 -5.15 -2.742 -5.163 -7.153 -8.738 -9.815 -2.52 -5.883 -8.011 -9.136 -9.907 -6.857 -8.181 -9.215 -9.83 -10.29 -8.334 -7.096 -8.648 -10.818 -11.138 -11.199 -8.795
35.888913 -4.726 0.472 -0.493 -2.196 -4.983 -6.985 -5.101 -2.693 -5.114 -7.104 -8.689 -9.765 -2.47 -5.833 -7.962 -9.087 -9.858 -6.808 -8.132 -9.165 -9.781 -10.24 -8.285 -7.047 -8.599 -10.769 -11.089 -11.15 -8.745
36.974349 -4.677 0.522 -0.444 -2.147 -4.934 -6.936 -5.051 -2.644 -5.065 -7.054 -8.639 -9.716 -2.421 -5.784 -7.913 -9.038 -9.808 -6.759 -8.082 -9.116 -9.732 -10.191 -8.236 -6.997 -8.55 -10.72 -11.04 -11.1 -8.696
38.092613 -4.627 0.571 -0.395 -2.098 -4.884 -6.887 -5.002 -2.594 -5.015 -7.005 -8.59 -9.667 -2.372 -5.735 -7.863 -8.988 -9.759 -6.709 -8.033 -9.067 -9.682 -10.142 -8.186 -6.948 -8.5 -10.67 -10.99 -11.051 -8.647
39.244698 -4.578 0.621 -0.345 -2.048 -4.835 -6.837 -4.953 -2.545 -4.966 -6.956 -8.54 -9.617 -2.322 -5.685 -7.814 -8.939 -9.71 -6.66 -7.983 -9.017 -9.633 -10.092 -8.137 -6.899 -8.451 -10.621 -10.941 -11.002 -8.597
40.431627 -4.528 0.67 -0.296 -1.999 -4.785 -6.788 -4.903 -2.495 -4.916 -6.906 -8.491 -9.568 -2.273 -5.636 -7.765 -8.889 -9.66 -6.61 -7.934 -8.968 -9.584 -10.043 -8.088 -6.849 -8.401 -10.571 -10.892 -10.952 -8.548
41.654454 -4.479 0.72 -0.246 -1.949 -4.736 -6.738 -4.854 -2.446 -4.867 -6.856 -8.441 -9.518 -2.223 -5.586 -7.715 -8.84 -9.611 -6.561 -7.884 -8.918 -9.534 -9.993 -8.038 -6.8 -8.352 -10.522 -10.842 -10.903 -8.498
42.914265 -4.429 0.769 -0.197 -1.9 -4.686 -6.688 -4.804 -2.396 -4.817 -6.807 -8.392 -9.469 -2.174 -5.537 -7.665 -8.79 -9.561 -6.511 -7.835 -8.869 -9.484 -9.944 -7.988 -6.75 -8.302 -10.472 -10.792 -10.853 -8.449
44.212178 -4.38 0.819 -0.147 -1.85 -4.637 -6.639 -4.754 -2.347 -4.768 -6.757 -8.342 -9.419 -2.124 -5.487 -7.616 -8.74 -9.511 -6.462 -7.785 -8.819 -9.435 -9.894 -7.939 -6.7 -8.252 -10.422 -10.743 -10.803 -8.399
45.549345 -4.33 0.869 -0.097 -1.8 -4.587 -6.589 -4.705 -2.297 -4.718 -6.708 -8.292 -9.369 -2.074 -5.437 -7.566 -8.691 -9.462 -6.412 -7.735 -8.769 -9.385 -9.844 -7.889 -6.651 -8.203 -10.373 -10.693 -10.754 -8.349
46.926954 -4.28 0.918 -0.048 -1.75 -4.537 -6.539 -4.655 -2.247 -4.668 -6.658 -8.243 -9.32 -2.025 -5.388 -7.516 -8.641 -9.412 -6.362 -7.686 -8.72 -9.335 -9.794 -7.839 -6.601 -8.153 -10.323 -10.643 -10.704 -8.299
48.346227 -4.23 0.968 0.002 -1.701 -4.487 -6.49 -4.605 -2.197 -4.618 -6.608 -8.193 -9.27 -1.975 -5.338 -7.467 -8.591 -9.362 -6.312 -7.636 -8.67 -9.285 -9.745 -7.79 -6.551 -8.103 -10.273 -10.594 -10.654 -8.25
49.808426 -4.181 1.018 0.052 -1.651 -4.438 -6.44 -4.555 -2.148 -4.569 -6.558 -8.143 -9.22 -1.925 -5.288 -7.417 -8.541 -9.312 -6.263 -7.586 -8.62 -9.236 -9.695 -7.74 -6.501 -8.053 -10.223 -10.544 -10.604 -8.2
51.314848 -4.131 1.068 0.102 -1.601 -4.388 -6.39 -4.505 -2.098 -4.519 -6.508 -8.093 -9.17 -1.875 -5.238 -7.367 -8.491 -9.262 -6.213 -7.536 -8.57 -9.186 -9.645 -7.69 -6.451 -8.003 -10.173 -10.494 -10.554 -8.15
52.86683 -4.081 1.118 0.152 -1.551 -4.338 -6.34 -4.455 -2.048 -4.469 -6.458 -8.043 -9.12 -1.825 -5.188 -7.317 -8.441 -9.212 -6.163 -7.486 -8.52 -9.136 -9.595 -7.64 -6.401 -7.953 -10.124 -10.444 -10.504 -8.1
54.465752 -4.031 1.168 0.202 -1.501 -4.288 -6.29 -4.405 -1.998 -4.419 -6.408 -7.993 -9.07 -1.775 -5.138 -7.267 -8.391 -9.162 -6.113 -7.436 -8.47 -9.086 -9.545 -7.59 -6.351 -7.903 -10.074 -10.394 -10.454 -8.05
56.113031 -3.981 1.218 0.252 -1.451 -4.238 -6.24 -4.355 -1.948 -4.369 -6.358 -7.943 -9.02 -1.725 -5.088 -7.217 -8.341 -9.112 -6.063 -7.386 -8.42 -9.036 -9.495 -7.54 -6.301 -7.853 -10.023 -10.344 -10.404 -8.0
57.810132 -3.93 1.268 0.302 -1.401 -4.188 -6.19 -4.305 -1.898 -4.319 -6.308 -7.893 -8.97 -1.675 -5.038 -7.167 -8.291 -9.062 -6.013 -7.336 -8.37 -8.986 -9.445 -7.49 -6.251 -7.803 -9.973 -10.294 -10.354 -7.95
59.55856 -3.88 1.318 0.352 -1.351 -4.137 -6.14 -4.255 -1.847 -4.268 -6.258 -7.843 -8.92 -1.625 -4.988 -7.116 -8.241 -9.012 -5.962 -7.286 -8.32 -8.935 -9.395 -7.439 -6.201 -7.753 -9.923 -10.243 -10.304 -7.9
61.359868 -3.83 1.368 0.402 -1.3 -4.087 -6.089 -4.205 -1.797 -4.218 -6.208 -7.793 -8.869 -1.574 -4.937 -7.066 -8.191 -8.962 -5.912 -7.236 -8.269 -8.885 -9.344 -7.389 -6.151 -7.703 -9.873 -10.193 -10.254 -7.849
63.215655 -3.78 1.419 0.453 -1.25 -4.037 -6.039 -4.155 -1.747 -4.168 -6.157 -7.742 -8.819 -1.524 -4.887 -7.016 -8.141 -8.911 -5.862 -7.185 -8.219 -8.835 -9.294 -7.339 -6.101 -7.653 -9.823 -10.143 -10.204 -7.799
65.127569 -3.729 1.469 0.503 -1.2 -3.987 -5.989 -4.104 -1.697 -4.118 -6.107 -7.692 -8.769 -1.474 -4.837 -6.966 -8.09 -8.861 -5.812 -7.135 -8.169 -8.785 -9.244 -7.289 -6.05 -7.602 -9.772 -10.093 -10.153 -7.749
67.097308 -3.679 1.519 0.553 -1.149 -3.936 -5.938 -4.054 -1.646 -4.067 -6.057 -7.642 -8.718 -1.423 -4.787 -6.915 -8.04 -8.811 -5.761 -7.085 -8.119 -8.734 -9.193 -7.238 -6.0 -7.552 -9.722 -10.042 -10.103 -7.698
69.126621 -3.629 1.57 0.604 -1.099 -3.886 -5.888 -4.003 -1.596 -4.017 -6.006 -7.591 -8.668 -1.373 -4.736 -6.865 -7.989 -8.76 -5.711 -7.034 -8.068 -8.684 -9.143 -7.188 -5.949 -7.502 -9.672 -9.992 -10.052 -7.648
71.217308 -3.578 1.62 0.654 -1.048 -3.835 -5.837 -3.953 -1.545 -3.966 -5.956 -7.541 -8.618 -1.323 -4.686 -6.814 -7.939 -8.71 -5.66 -6.984 -8.018 -8.633 -9.093 -7.137 -5.899 -7.451 -9.621 -9.941 -10.002 -7.597
73.371227 -3.528 1.671 0.705 -0.998 -3.785 -5.787 -3.902 -1.495 -3.916 -5.905 -7.49 -8.567 -1.272 -4.635 -6.764 -7.888 -8.659 -5.61 -6.933 -7.967 -8.583 -9.042 -7.087 -5.848 -7.401 -9.571 -9.891 -9.951 -7.547
75.59029 -3.477 1.721 0.755 -0.947 -3.734 -5.736 -3.852 -1.444 -3.865 -5.855 -7.44 -8.516 -1.221 -4.585 -6.713 -7.838 -8.609 -5.559 -6.883 -7.917 -8.532 -8.991 -7.036 -5.798 -7.35 -9.52 -9.84 -9.901 -7.496
77.876467 -3.426 1.772 0.806 -0.897 -3.684 -5.686 -3.801 -1.394 -3.815 -5.804 -7.389 -8.466 -1.171 -4.534 -6.663 -7.787 -8.558 -5.509 -6.832 -7.866 -8.482 -8.941 -6.986 -5.747 -7.299 -9.469 -9.79 -9.85 -7.446
80.231787 -3.376 1.823 0.857 -0.846 -3.633 -5.635 -3.751 -1.343 -3.764 -5.753 -7.338 -8.415 -1.12 -4.483 -6.612 -7.737 -8.507 -5.458 -6.781 -7.815 -8.431 -8.89 -6.935 -5.697 -7.249 -9.419 -9.739 -9.8 -7.395
82.658343 -3.325 1.873 0.908 -0.795 -3.582 -5.584 -3.7 -1.292 -3.713 -5.703 -7.288 -8.364 -1.069 -4.432 -6.561 -7.686 -8.457 -5.407 -6.731 -7.764 -8.38 -8.839 -6.884 -5.646 -7.198 -9.368 -9.688 -9.749 -7.344
85.158288 -3.274 1.924 0.958 -0.745 -3.531 -5.533 -3.649 -1.241 -3.662 -5.652 -7.237 -8.314 -1.019 -4.382 -6.51 -7.635 -8.406 -5.356 -6.68 -7.714 -8.329 -8.789 -6.833 -5.595 -7.147 -9.317 -9.637 -9.698 -7.294
87.733843 -3.223 1.975 1.009 -0.694 -3.48 -5.483 -3.598 -1.191 -3.612 -5.601 -7.186 -8.263 -0.968 -4.331 -6.46 -7.584 -8.355 -5.305 -6.629 -7.663 -8.279 -8.738 -6.783 -5.544 -7.096 -9.266 -9.587 -9.647 -7.243
90.387293 -3.173 2.026 1.06 -0.643 -3.43 -5.432 -3.547 -1.14 -3.561 -5.55 -7.135 -8.212 -0.917 -4.28 -6.409 -7.533 -8.304 -5.255 -6.578 -7.612 -8.228 -8.687 -6.732 -5.493 -7.045 -9.215 -9.536 -9.596 -7.192
93.120995 -3.122 2.077 1.111 -0.592 -3.379 -5.381 -3.496 -1.089 -3.51 -5.499 -7.084 -8.161 -0.866 -4.229 -6.358 -7.482 -8.253 -5.204 -6.527 -7.561 -8.177 -8.636 -6.681 -5.442 -6.994 -9.164 -9.485 -9.545 -7.141
95.937376 -3.071 2.128 1.162 -0.541 -3.328 -5.33 -3.445 -1.038 -3.459 -5.448 -7.033 -8.11 -0.815 -4.178 -6.307 -7.431 -8.202 -5.153 -6.476 -7.51 -8.126 -8.585 -6.63 -5.391 -6.943 -9.113 -9.434 -9.494 -7.09
98.838937 -3.02 2.179 1.213 -0.49 -3.277 -5.279 -3.394 -0.987 -3.408 -5.397 -6.982 -8.059 -0.764 -4.127 -6.256 -7.38 -8.151 -5.102 -6.425 -7.459 -8.075 -8.534 -6.579 -5.34 -6.892 -9.062 -9.383 -9.443 -7.039
101.828253 -2.968 2.23 1.264 -0.439 -3.226 -5.228 -3.343 -0.936 -3.357 -5.346 -6.931 -8.008 -0.713 -4.076 -6.205 -7.329 -8.1 -5.051 -6.374 -7.408 -8.024 -8.483 -6.528 -5.289 -6.841 -9.011 -9.332 -9.392 -6.988
104.907979 -2.917 2.281 1.315 -0.388 -3.174 -5.177 -3.292 -0.884 -3.305 -5.295 -6.88 -7.957 -0.662 -4.025 -6.154 -7.278 -8.049 -4.999 -6.323 -7.357 -7.972 -8.432 -6.477 -5.238 -6.79 -8.96 -9.281 -9.341 -6.937
108.080849 -2.866 2.332 1.366 -0.336 -3.123 -5.125 -3.241 -0.833 -3.254 -5.244 -6.829 -7.906 -0.611 -3.974 -6.102 -7.227 -7.998 -4.948 -6.272 -7.306 -7.921 -8.38 -6.425 -5.187 -6.739 -8.909 -9.229 -9.29 -6.885
111.349681 -2.815 2.384 1.418 -0.285 -3.072 -5.074 -3.19 -0.782 -3.203 -5.193 -6.777 -7.854 -0.559 -3.922 -6.051 -7.176 -7.947 -4.897 -6.22 -7.254 -7.87 -8.329 -6.374 -5.136 -6.688 -8.858 -9.178 -9.239 -6.834
114.717376 -2.764 2.435 1.469 -0.234 -3.021 -5.023 -3.138 -0.731 -3.152 -5.141 -6.726 -7.803 -0.508 -3.871 -6.0 -7.124 -7.895 -4.846 -6.169 -7.203 -7.819 -8.278 -6.323 -5.084 -6.637 -8.807 -9.127 -9.187 -6.783
118.186925 -2.712 2.486 1.52 -0.183 -2.969 -4.972 -3.087 -0.679 -3.1 -5.09 -6.675 -7.752 -0.457 -3.82 -5.949 -7.073 -7.844 -4.794 -6.118 -7.152 -7.767 -8.227 -6.272 -5.033 -6.585 -8.755 -9.075 -9.136 -6.732
121.761408 -2.661 2.537 1.572 -0.131 -2.918 -4.92 -3.036 -0.628 -3.049 -5.039 -6.623 -7.7 -0.405 -3.768 -5.897 -7.022 -7.793 -4.743 -6.067 -7.1 -7.716 -8.175 -6.22 -4.982 -6.534 -8.704 -9.024 -9.085 -6.68
125.443999 -2.61 2.589 1.623 -0.08 -2.867 -4.869 -2.984 -0.577 -2.998 -4.987 -6.572 -7.649 -0.354 -3.717 -5.846 -6.97 -7.741 -4.692 -6.015 -7.049 -7.665 -8.124 -6.169 -4.93 -6.482 -8.652 -8.973 -9.033 -6.629
129.237967 -2.558 2.64 1.675 -0.028 -2.815 -4.817 -2.933 -0.525 -2.946 -4.936 -6.521 -7.597 -0.302 -3.665 -5.794 -6.919 -7.69 -4.64 -5.964 -6.997 -7.613 -8.072 -6.117 -4.879 -6.431 -8.601 -8.921 -8.982 -6.577
133.146681 -2.507 2.692 1.726 0.023 -2.764 -4.766 -2.881 -0.474 -2.895 -4.884 -6.469 -7.546 -0.251 -3.614 -5.743 -6.867 -7.638 -4.589 -5.912 -6.946 -7.562 -8.021 -6.066 -4.827 -6.379 -8.549 -8.87 -8.93 -6.526
137.173612 -2.455 2.743 1.778 0.075 -2.712 -4.714 -2.83 -0.422 -2.843 -4.833 -6.417 -7.494 -0.199 -3.562 -5.691 -6.816 -7.587 -4.537 -5.861 -6.894 -7.51 -7.969 -6.014 -4.776 -6.328 -8.498 -8.818 -8.879 -6.474
141.322334 -2.403 2.795 1.829 0.126 -2.66 -4.663 -2.778 -0.37 -2.791 -4.781 -6.366 -7.443 -0.148 -3.511 -5.64 -6.764 -7.535 -4.485 -5.809 -6.843 -7.458 -7.918 -5.963 -4.724 -6.276 -8.446 -8.767 -8.827 -6.423
145.596532 -2.352 2.847 1.881 0.178 -2.609 -4.611 -2.726 -0.319 -2.74 -4.729 -6.314 -7.391 -0.096 -3.459 -5.588 -6.713 -7.483 -4.434 -5.757 -6.791 -7.407 -7.866 -5.911 -4.672 -6.225 -8.395 -8.715 -8.775 -6.371
150.0 -2.3 2.898 1.933 0.23 -2.557 -4.559 -2.675 -0.267 -2.688 -4.678 -6.263 -7.339 -0.044 -3.407 -5.536 -6.661 -7.432 -4.382 -5.706 -6.739 -7.355 -7.814 -5.859 -4.621 -6.173 -8.343 -8.663 -8.724 -6.319
