web/models/kne/18/Metzger_0.038208_0.062414_0.100000.dat
# %ECSV 0.9
# ---
# datatype:
# - {name: time, datatype: float64}
# - {name: sdss_u, datatype: float64}
# - {name: sdss_g, datatype: float64}
# - {name: sdss_r, datatype: float64}
# - {name: sdss_i, datatype: float64}
# - {name: sdss_z, datatype: float64}
# - {name: PS1_y, datatype: float64}
# - {name: ukirt_J, datatype: float64}
# - {name: ukirt_H, datatype: float64}
# - {name: ukirt_K, datatype: float64}
# - {name: johnson_U, datatype: float64}
# - {name: johnson_B, datatype: float64}
# - {name: johnson_V, datatype: float64}
# - {name: johnson_R, datatype: float64}
# - {name: johnson_I, datatype: float64}
# - {name: Clear, datatype: float64}
# meta: !!omap
# - comment: [vej = 0.06241379310344827, mej = 0.038208046189546235, Ye = 0.1, redshift = 0.0]
# schema: astropy-2.0
time sdss_u sdss_g sdss_r sdss_i sdss_z PS1_y ukirt_J ukirt_H ukirt_K johnson_U johnson_B johnson_V johnson_R johnson_I Clear
[from data line 1309]
65.550000 116.017934 79.962529 57.266256 42.903300 34.175192 28.733679 17.780570 8.173903 1.985979 111.686088 89.993536 66.778751 54.513979 33.298173 56.360580
65.600000 116.123134 80.040150 57.326366 42.952227 34.217265 28.771447 17.809569 8.195026 2.001859 111.787986 90.078853 66.846220 54.571954 33.339554 56.419988
65.650000 116.228323 80.117762 57.386470 43.001149 34.259333 28.809212 17.838566 8.216148 2.017738 111.889873 90.164161 66.913681 54.629922 33.380931 56.479389
65.700000 116.333501 80.195366 57.446567 43.050067 34.301398 28.846973 17.867561 8.237269 2.033616 111.991748 90.249459 66.981135 54.687885 33.422304 56.538784
65.750000 116.438667 80.272962 57.506658 43.098979 34.343459 28.884731 17.896553 8.258388 2.049494 112.093612 90.334748 67.048582 54.745842 33.463673 56.598174
65.800000 116.543821 80.350549 57.566744 43.147887 34.385515 28.922485 17.925543 8.279506 2.065370 112.195466 90.420029 67.116022 54.803792 33.505038 56.657557
65.850000 116.648963 80.428128 57.626823 43.196790 34.427568 28.960236 17.954530 8.300622 2.081246 112.297307 90.505299 67.183455 54.861737 33.546399 56.716934
65.900000 116.754095 80.505699 57.686895 43.245688 34.469617 28.997983 17.983515 8.321737 2.097120 112.399138 90.590561 67.250881 54.919676 33.587757 56.776305
65.950000 116.859214 80.583262 57.746962 43.294581 34.511662 29.035727 18.012498 8.342850 2.112994 112.500958 90.675814 67.318300 54.977610 33.629110 56.835670
66.000000 116.964322 80.660817 57.807023 43.343470 34.553702 29.073468 18.041478 8.363962 2.128867 112.602767 90.761058 67.385712 55.035537 33.670460 56.895029
66.050000 117.069419 80.738363 57.867078 43.392354 34.595739 29.111205 18.070456 8.385072 2.144739 112.704564 90.846292 67.453117 55.093458 33.711805 56.954382
66.100000 117.174505 80.815902 57.927126 43.441233 34.637772 29.148938 18.099431 8.406181 2.160611 112.806351 90.931518 67.520515 55.151374 33.753147 57.013729
66.150000 117.279579 80.893432 57.987169 43.490108 34.679801 29.186669 18.128404 8.427288 2.176481 112.908127 91.016734 67.587906 55.209284 33.794485 57.073070
66.200000 117.384642 80.970954 58.047205 43.538977 34.721827 29.224396 18.157375 8.448394 2.192351 113.009891 91.101942 67.655291 55.267188 33.835819 57.132405
66.250000 117.489693 81.048468 58.107236 43.587842 34.763848 29.262119 18.186343 8.469499 2.208220 113.111645 91.187140 67.722668 55.325087 33.877150 57.191734
66.300000 117.594733 81.125974 58.167260 43.636703 34.805865 29.299839 18.215309 8.490602 2.224088 113.213388 91.272330 67.790039 55.382979 33.918476 57.251058
66.350000 117.699762 81.203473 58.227279 43.685558 34.847879 29.337556 18.244273 8.511704 2.239955 113.315120 91.357511 67.857403 55.440866 33.959799 57.310375
66.400000 117.804780 81.280963 58.287291 43.734409 34.889888 29.375269 18.273234 8.532804 2.255822 113.416841 91.442682 67.924760 55.498747 34.001118 57.369687
66.450000 117.909786 81.358445 58.347298 43.783256 34.931894 29.412979 18.302193 8.553903 2.271687 113.518552 91.527845 67.992110 55.556623 34.042433 57.428992
66.500000 118.014782 81.435919 58.407298 43.832097 34.973896 29.450686 18.331150 8.575000 2.287552 113.620252 91.612999 68.059453 55.614493 34.083745 57.488292
66.550000 118.119766 81.513385 58.467293 43.880935 35.015894 29.488389 18.360104 8.596097 2.303416 113.721941 91.698145 68.126790 55.672357 34.125053 57.547586
66.600000 118.224739 81.590843 58.527282 43.929767 35.057889 29.526089 18.389056 8.617191 2.319280 113.823619 91.783281 68.194120 55.730216 34.166357 57.606874
66.650000 118.329702 81.668294 58.587265 43.978595 35.099879 29.563786 18.418006 8.638285 2.335142 113.925287 91.868409 68.261443 55.788069 34.207657 57.666157
66.700000 118.434653 81.745736 58.647242 44.027418 35.141866 29.601479 18.446953 8.659376 2.351004 114.026944 91.953528 68.328760 55.845916 34.248954 57.725434
66.750000 118.539593 81.823171 58.707214 44.076237 35.183849 29.639169 18.475898 8.680467 2.366865 114.128590 92.038638 68.396070 55.903758 34.290247 57.784704
66.800000 118.644522 81.900598 58.767179 44.125051 35.225828 29.676856 18.504841 8.701556 2.382725 114.230226 92.123740 68.463373 55.961594 34.331536 57.843970
66.850000 118.749440 81.978017 58.827139 44.173861 35.267804 29.714540 18.533782 8.722644 2.398584 114.331851 92.208833 68.530669 56.019424 34.372821 57.903229
66.900000 118.854348 82.055429 58.887093 44.222666 35.309775 29.752220 18.562720 8.743730 2.414443 114.433466 92.293917 68.597959 56.077249 34.414103 57.962483
66.950000 118.959244 82.132832 58.947041 44.271467 35.351743 29.789897 18.591656 8.764815 2.430301 114.535070 92.378992 68.665242 56.135069 34.455382 58.021731
67.000000 119.064130 82.210228 59.006983 44.320263 35.393708 29.827571 18.620590 8.785899 2.446158 114.636664 92.464059 68.732519 56.192883 34.496656 58.080973
67.050000 119.169005 82.287616 59.066920 44.369055 35.435668 29.865242 18.649521 8.806981 2.462014 114.738247 92.549118 68.799789 56.250691 34.537927 58.140210
67.100000 119.273869 82.364997 59.126851 44.417842 35.477625 29.902909 18.678451 8.828062 2.477870 114.839820 92.634168 68.867053 56.308494 34.579194 58.199441
67.150000 119.378722 82.442369 59.186776 44.466625 35.519578 29.940573 18.707378 8.849142 2.493724 114.941382 92.719209 68.934310 56.366292 34.620458 58.258666
67.200000 119.483564 82.519734 59.246695 44.515403 35.561528 29.978234 18.736303 8.870220 2.509578 115.042934 92.804242 69.001561 56.424084 34.661718 58.317886
67.250000 119.588396 82.597092 59.306609 44.564177 35.603473 30.015892 18.765225 8.891297 2.525432 115.144476 92.889266 69.068805 56.481870 34.702975 58.377100
67.300000 119.693217 82.674442 59.366517 44.612947 35.645416 30.053547 18.794146 8.912373 2.541284 115.246007 92.974282 69.136042 56.539652 34.744228 58.436309
67.350000 119.798028 82.751784 59.426420 44.661712 35.687354 30.091198 18.823064 8.933447 2.557136 115.347529 93.059290 69.203273 56.597427 34.785477 58.495512
67.400000 119.902828 82.829119 59.486317 44.710473 35.729289 30.128846 18.851980 8.954520 2.572987 115.449040 93.144289 69.270498 56.655198 34.826723 58.554709
67.450000 120.007617 82.906446 59.546208 44.759229 35.771220 30.166492 18.880894 8.975592 2.588837 115.550540 93.229279 69.337716 56.712963 34.867965 58.613901
67.500000 120.112396 82.983766 59.606094 44.807981 35.813148 30.204134 18.909806 8.996662 2.604687 115.652031 93.314261 69.404928 56.770723 34.909204 58.673088
67.550000 120.217164 83.061078 59.665974 44.856728 35.855072 30.241772 18.938716 9.017731 2.620536 115.753511 93.399235 69.472133 56.828477 34.950439 58.732269
67.600000 120.321922 83.138383 59.725848 44.905472 35.896992 30.279408 18.967623 9.038799 2.636384 115.854981 93.484201 69.539332 56.886226 34.991671 58.791444
67.650000 120.426669 83.215680 59.785717 44.954211 35.938909 30.317041 18.996528 9.059865 2.652231 115.956441 93.569158 69.606525 56.943969 35.032899 58.850614
67.700000 120.531406 83.292970 59.845581 45.002945 35.980822 30.354670 19.025431 9.080930 2.668078 116.057891 93.654107 69.673712 57.001708 35.074123 58.909778
67.750000 120.636132 83.370252 59.905439 45.051675 36.022732 30.392297 19.054332 9.101994 2.683924 116.159331 93.739048 69.740892 57.059441 35.115345 58.968937
67.800000 120.740848 83.447527 59.965291 45.100401 36.064638 30.429920 19.083231 9.123057 2.699769 116.260761 93.823981 69.808065 57.117169 35.156562 59.028091
67.850000 120.845554 83.524794 60.025138 45.149123 36.106541 30.467540 19.112128 9.144118 2.715613 116.362181 93.908905 69.875233 57.174891 35.197777 59.087239
67.900000 120.950249 83.602055 60.084980 45.197841 36.148440 30.505158 19.141022 9.165178 2.731457 116.463591 93.993821 69.942394 57.232608 35.238987 59.146382
67.950000 121.054934 83.679307 60.144815 45.246554 36.190335 30.542772 19.169915 9.186237 2.747300 116.564991 94.078729 70.009549 57.290321 35.280195 59.205519
68.000000 121.159609 83.756553 60.204646 45.295263 36.232228 30.580383 19.198805 9.207294 2.763143 116.666381 94.163629 70.076698 57.348027 35.321399 59.264652
68.050000 121.264274 83.833791 60.264471 45.343967 36.274116 30.617991 19.227693 9.228350 2.778984 116.767761 94.248520 70.143840 57.405729 35.362599 59.323778
68.100000 121.368928 83.911022 60.324291 45.392668 36.316001 30.655596 19.256579 9.249405 2.794825 116.869132 94.333404 70.210976 57.463425 35.403796 59.382900
68.150000 121.473572 83.988246 60.384105 45.441364 36.357883 30.693198 19.285463 9.270459 2.810666 116.970492 94.418280 70.278107 57.521117 35.444990 59.442016
68.200000 121.578206 84.065462 60.443914 45.490056 36.399761 30.730797 19.314345 9.291512 2.826505 117.071843 94.503147 70.345231 57.578803 35.486180 59.501126
68.250000 121.682830 84.142672 60.503718 45.538744 36.441635 30.768393 19.343225 9.312563 2.842344 117.173184 94.588006 70.412348 57.636484 35.527367 59.560232
68.300000 121.787443 84.219874 60.563516 45.587428 36.483507 30.805986 19.372103 9.333613 2.858182 117.274515 94.672858 70.479460 57.694160 35.568550 59.619332
68.350000 121.892047 84.297069 60.623309 45.636107 36.525374 30.843576 19.400979 9.354661 2.874020 117.375836 94.757701 70.546566 57.751830 35.609730 59.678427
68.400000 121.996640 84.374256 60.683096 45.684783 36.567239 30.881163 19.429853 9.375709 2.889857 117.477148 94.842537 70.613665 57.809496 35.650907 59.737516
68.450000 122.101224 84.451437 60.742879 45.733454 36.609100 30.918747 19.458724 9.396755 2.905693 117.578450 94.927364 70.680759 57.867157 35.692081 59.796601
68.500000 122.205798 84.528610 60.802655 45.782121 36.650957 30.956328 19.487594 9.417800 2.921528 117.679742 95.012184 70.747846 57.924812 35.733251 59.855680
68.550000 122.310361 84.605777 60.862427 45.830784 36.692811 30.993906 19.516461 9.438844 2.937363 117.781025 95.096995 70.814927 57.982463 35.774417 59.914754
68.600000 122.414915 84.682936 60.922194 45.879443 36.734662 31.031481 19.545327 9.459887 2.953197 117.882298 95.181799 70.882003 58.040108 35.815581 59.973823
68.650000 122.519458 84.760088 60.981955 45.928098 36.776509 31.069054 19.574190 9.480928 2.969031 117.983562 95.266595 70.949072 58.097748 35.856741 60.032887
68.700000 122.623992 84.837233 61.041711 45.976749 36.818353 31.106623 19.603052 9.501969 2.984864 118.084816 95.351383 71.016135 58.155384 35.897898 60.091945
68.750000 122.728516 84.914372 61.101461 46.025395 36.860194 31.144189 19.631911 9.523008 3.000696 118.186060 95.436163 71.083192 58.213014 35.939051 60.150998
68.800000 122.833030 84.991503 61.161207 46.074038 36.902031 31.181753 19.660769 9.544045 3.016527 118.287295 95.520936 71.150244 58.270640 35.980202 60.210047
68.850000 122.937534 85.068627 61.220947 46.122677 36.943865 31.219314 19.689624 9.565082 3.032358 118.388520 95.605701 71.217289 58.328260 36.021349 60.269090
68.900000 123.042029 85.145744 61.280682 46.171311 36.985696 31.256871 19.718478 9.586118 3.048189 118.489736 95.690458 71.284329 58.385875 36.062492 60.328128
68.950000 123.146514 85.222854 61.340412 46.219942 37.027523 31.294426 19.747329 9.607152 3.064018 118.590943 95.775207 71.351362 58.443486 36.103633 60.387160
69.000000 123.250988 85.299958 61.400137 46.268568 37.069347 31.331978 19.776179 9.628185 3.079847 118.692140 95.859948 71.418390 58.501092 36.144770 60.446188
69.050000 123.355454 85.377054 61.459857 46.317191 37.111168 31.369527 19.805026 9.649217 3.095675 118.793328 95.944682 71.485412 58.558692 36.185904 60.505211
69.100000 123.459909 85.454143 61.519571 46.365810 37.152985 31.407074 19.833872 9.670248 3.111503 118.894507 96.029408 71.552427 58.616288 36.227035 60.564229
69.150000 123.564355 85.531226 61.579281 46.414424 37.194799 31.444617 19.862716 9.691277 3.127330 118.995676 96.114127 71.619438 58.673879 36.268163 60.623241
69.200000 123.668792 85.608302 61.638985 46.463035 37.236610 31.482158 19.891557 9.712306 3.143157 119.096836 96.198838 71.686442 58.731465 36.309287 60.682249
69.250000 123.773218 85.685371 61.698685 46.511642 37.278418 31.519695 19.920397 9.733333 3.158982 119.197986 96.283541 71.753440 58.789046 36.350408 60.741252
69.300000 123.877635 85.762433 61.758379 46.560244 37.320222 31.557230 19.949235 9.754359 3.174807 119.299128 96.368237 71.820433 58.846622 36.391526 60.800249
69.350000 123.982043 85.839488 61.818068 46.608843 37.362023 31.594763 19.978071 9.775384 3.190632 119.400260 96.452925 71.887420 58.904194 36.432641 60.859242
69.400000 124.086441 85.916537 61.877752 46.657438 37.403821 31.632292 20.006905 9.796408 3.206456 119.501383 96.537605 71.954401 58.961761 36.473753 60.918230
69.450000 124.190830 85.993579 61.937432 46.706029 37.445616 31.669818 20.035737 9.817431 3.222279 119.602496 96.622278 72.021376 59.019322 36.514861 60.977213
69.500000 124.295209 86.070614 61.997106 46.754616 37.487407 31.707342 20.064567 9.838452 3.238102 119.703601 96.706944 72.088346 59.076879 36.555967 61.036191
69.550000 124.399578 86.147642 62.056775 46.803199 37.529195 31.744863 20.093395 9.859473 3.253924 119.804696 96.791602 72.155310 59.134432 36.597069 61.095163
69.600000 124.503938 86.224664 62.116439 46.851779 37.570980 31.782381 20.122221 9.880492 3.269745 119.905783 96.876253 72.222268 59.191979 36.638168 61.154131
69.650000 124.608289 86.301679 62.176098 46.900354 37.612762 31.819897 20.151046 9.901510 3.285566 120.006860 96.960896 72.289220 59.249522 36.679264 61.213095
69.700000 124.712631 86.378687 62.235753 46.948926 37.654541 31.857410 20.179868 9.922527 3.301387 120.107928 97.045532 72.356167 59.307060 36.720357 61.272053
69.750000 124.816963 86.455689 62.295402 46.997494 37.696316 31.894920 20.208689 9.943543 3.317206 120.208988 97.130160 72.423109 59.364593 36.761447 61.331006
69.800000 124.921285 86.532684 62.355047 47.046058 37.738089 31.932427 20.237507 9.964558 3.333025 120.310038 97.214781 72.490044 59.422122 36.802534 61.389955
69.850000 125.025599 86.609672 62.414686 47.094618 37.779858 31.969931 20.266324 9.985572 3.348844 120.411079 97.299395 72.556974 59.479646 36.843617 61.448899
69.900000 125.129903 86.686654 62.474321 47.143174 37.821624 32.007433 20.295139 10.006585 3.364662 120.512111 97.384001 72.623898 59.537165 36.884698 61.507837
69.950000 125.234198 86.763629 62.533951 47.191727 37.863387 32.044932 20.323952 10.027596 3.380479 120.613135 97.468600 72.690817 59.594680 36.925775 61.566772
70.000000 125.338484 86.840598 62.593576 47.240276 37.905147 32.082429 20.352764 10.048607 3.396296 120.714149 97.553191 72.757730 59.652190 36.966850 61.625701
70.050000 125.442760 86.917560 62.653196 47.288821 37.946903 32.119922 20.381573 10.069616 3.412112 120.815155 97.637776 72.824638 59.709695 37.007921 61.684625
70.100000 125.547027 86.994516 62.712811 47.337362 37.988657 32.157413 20.410381 10.090624 3.427927 120.916152 97.722353 72.891540 59.767196 37.048990 61.743545
70.150000 125.651286 87.071465 62.772421 47.385900 38.030407 32.194901 20.439186 10.111631 3.443742 121.017139 97.806923 72.958437 59.824692 37.090055 61.802460
70.200000 125.755535 87.148408 62.832027 47.434433 38.072155 32.232387 20.467990 10.132638 3.459557 121.118119 97.891485 73.025328 59.882183 37.131117 61.861370
70.250000 125.859775 87.225344 62.891628 47.482964 38.113899 32.269870 20.496792 10.153643 3.475370 121.219089 97.976041 73.092213 59.939670 37.172177 61.920276
70.300000 125.964006 87.302274 62.951224 47.531490 38.155640 32.307350 20.525593 10.174647 3.491184 121.320050 98.060589 73.159093 59.997152 37.213233 61.979177
70.350000 126.068227 87.379197 63.010815 47.580013 38.197379 32.344828 20.554391 10.195650 3.506996 121.421003 98.145130 73.225968 60.054630 37.254287 62.038073
70.400000 126.172440 87.456114 63.070402 47.628531 38.239114 32.382303 20.583188 10.216651 3.522808 121.521947 98.229664 73.292837 60.112103 37.295337 62.096964
70.450000 126.276644 87.533024 63.129983 47.677047 38.280846 32.419776 20.611983 10.237652 3.538620 121.622883 98.314191 73.359700 60.169572 37.336384 62.155851
