web/models/kne/18/Metzger_0.001902_0.451379_0.450000.dat
# %ECSV 0.9
# ---
# datatype:
# - {name: time, datatype: float64}
# - {name: sdss_u, datatype: float64}
# - {name: sdss_g, datatype: float64}
# - {name: sdss_r, datatype: float64}
# - {name: sdss_i, datatype: float64}
# - {name: sdss_z, datatype: float64}
# - {name: PS1_y, datatype: float64}
# - {name: ukirt_J, datatype: float64}
# - {name: ukirt_H, datatype: float64}
# - {name: ukirt_K, datatype: float64}
# - {name: johnson_U, datatype: float64}
# - {name: johnson_B, datatype: float64}
# - {name: johnson_V, datatype: float64}
# - {name: johnson_R, datatype: float64}
# - {name: johnson_I, datatype: float64}
# - {name: Clear, datatype: float64}
# meta: !!omap
# - comment: [vej = 0.4513793103448276, mej = 0.0019019705740394193, Ye = 0.45, redshift = 0.0]
# schema: astropy-2.0
time sdss_u sdss_g sdss_r sdss_i sdss_z PS1_y ukirt_J ukirt_H ukirt_K johnson_U johnson_B johnson_V johnson_R johnson_I Clear
[from data line 1748]
87.500000 nan nan 619.022504 502.062500 430.448523 385.515129 294.112843 212.247989 157.950672 nan nan 696.045276 596.679015 423.223251 611.673213
87.550000 nan nan 619.366451 502.343950 430.691666 385.734216 294.282925 212.374055 158.047432 nan nan 696.430346 597.011028 423.462527 612.013235
87.600000 nan nan 619.710388 502.625392 430.934802 385.953297 294.453002 212.500117 158.144189 nan nan 696.815406 597.343031 423.701797 612.353247
87.650000 nan nan 620.054315 502.906827 431.177932 386.172372 294.623074 212.626177 158.240945 nan nan 697.200454 597.675025 423.941060 612.693250
87.700000 nan nan 620.398233 503.188253 431.421056 386.391441 294.793142 212.752233 158.337698 nan nan 697.585492 598.007010 424.180316 613.033243
87.750000 nan nan 620.742141 503.469672 431.664172 386.610504 294.963206 212.878286 158.434448 nan nan 697.970519 598.338986 424.419566 613.373226
87.800000 nan nan 621.086039 503.751083 431.907282 386.829561 295.133265 213.004335 158.531197 nan nan 698.355534 598.670952 424.658810 613.713200
87.850000 nan nan 621.429928 504.032486 432.150385 387.048612 295.303320 213.130382 158.627943 nan nan 698.740539 599.002908 424.898047 614.053164
87.900000 nan nan 621.773807 504.313882 432.393482 387.267657 295.473370 213.256426 158.724687 nan nan 699.125533 599.334856 425.137277 614.393118
87.950000 nan nan 622.117676 504.595269 432.636572 387.486697 295.643416 213.382466 158.821429 nan nan 699.510516 599.666794 425.376501 614.733064
88.000000 nan nan 622.461535 504.876649 432.879655 387.705730 295.813457 213.508504 158.918169 nan nan 699.895489 599.998723 425.615718 615.072999
88.050000 nan nan 622.805385 505.158021 433.122732 387.924758 295.983494 213.634538 159.014906 nan nan 700.280450 600.330643 425.854929 615.412925
88.100000 nan nan 623.149226 505.439385 433.365802 388.143780 296.153526 213.760569 159.111641 nan nan 700.665401 600.662553 426.094134 615.752842
88.150000 nan nan 623.493057 505.720742 433.608866 388.362795 296.323554 213.886597 159.208374 nan nan 701.050340 600.994454 426.333332 616.092749
88.200000 nan nan 623.836878 506.002090 433.851923 388.581805 296.493578 214.012622 159.305104 nan nan 701.435269 601.326346 426.572523 616.432646
88.250000 nan nan 624.180689 506.283431 434.094973 388.800809 296.663597 214.138644 159.401833 nan nan 701.820187 601.658229 426.811708 616.772534
88.300000 nan nan 624.524491 506.564765 434.338017 389.019808 296.833612 214.264662 159.498559 nan nan 702.205094 601.990102 427.050886 617.112413
88.350000 nan nan 624.868283 506.846090 434.581054 389.238800 297.003622 214.390678 159.595283 nan nan 702.589990 602.321966 427.290058 617.452282
88.400000 nan nan 625.212066 507.127408 434.824084 389.457786 297.173628 214.516690 159.692005 nan nan 702.974876 602.653821 427.529224 617.792142
88.450000 nan nan 625.555839 507.408718 435.067108 389.676767 297.343630 214.642700 159.788724 nan nan 703.359750 602.985666 427.768383 618.131992
88.500000 nan nan 625.899603 507.690020 435.310126 389.895742 297.513627 214.768706 159.885441 nan nan 703.744614 603.317503 428.007535 618.471832
88.550000 nan nan 626.243357 507.971315 435.553137 390.114710 297.683620 214.894709 159.982156 nan nan 704.129467 603.649330 428.246682 618.811663
88.600000 nan nan 626.587101 508.252602 435.796141 390.333673 297.853608 215.020710 160.078869 nan nan 704.514309 603.981148 428.485821 619.151485
88.650000 nan nan 626.930836 508.533881 436.039138 390.552630 298.023592 215.146707 160.175580 nan nan 704.899141 604.312957 428.724954 619.491297
88.700000 nan nan 627.274561 508.815153 436.282130 390.771582 298.193572 215.272700 160.272288 nan nan 705.283962 604.644756 428.964081 619.831100
88.750000 nan nan 627.618277 509.096417 436.525114 390.990527 298.363547 215.398691 160.368994 nan nan 705.668771 604.976546 429.203201 620.170894
88.800000 nan nan 627.961983 509.377673 436.768092 391.209467 298.533518 215.524679 160.465698 nan nan 706.053571 605.308328 429.442315 620.510678
88.850000 nan nan 628.305679 509.658921 437.011064 391.428400 298.703484 215.650664 160.562400 nan nan 706.438359 605.640100 429.681423 620.850452
88.900000 nan nan 628.649367 509.940162 437.254028 391.647328 298.873446 215.776645 160.659100 nan nan 706.823137 605.971862 429.920524 621.190217
88.950000 nan nan 628.993044 510.221395 437.496987 391.866250 299.043404 215.902624 160.755797 nan nan 707.207904 606.303616 430.159618 621.529973
89.000000 nan nan 629.336712 510.502620 437.739939 392.085167 299.213357 216.028599 160.852492 nan nan 707.592660 606.635360 430.398706 621.869719
89.050000 nan nan 629.680371 510.783838 437.982884 392.304077 299.383306 216.154572 160.949185 nan nan 707.977405 606.967096 430.637788 622.209456
89.100000 nan nan 630.024020 511.065048 438.225823 392.522982 299.553250 216.280541 161.045876 nan nan 708.362140 607.298822 430.876863 622.549184
89.150000 nan nan 630.367659 511.346251 438.468755 392.741881 299.723190 216.406507 161.142564 nan nan 708.746864 607.630539 431.115932 622.888902
89.200000 nan nan 630.711289 511.627446 438.711681 392.960774 299.893126 216.532471 161.239250 nan nan 709.131577 607.962247 431.354995 623.228611
89.250000 nan nan 631.054910 511.908633 438.954600 393.179661 300.063058 216.658431 161.335935 nan nan 709.516280 608.293946 431.594051 623.568311
89.300000 nan nan 631.398521 512.189812 439.197512 393.398542 300.232985 216.784388 161.432616 nan nan 709.900972 608.625635 431.833101 623.908001
89.350000 nan nan 631.742123 512.470984 439.440419 393.617418 300.402907 216.910342 161.529296 nan nan 710.285653 608.957316 432.072144 624.247681
89.400000 nan nan 632.085715 512.752148 439.683318 393.836288 300.572826 217.036293 161.625974 nan nan 710.670324 609.288987 432.311181 624.587353
89.450000 nan nan 632.429298 513.033305 439.926212 394.055152 300.742740 217.162241 161.722649 nan nan 711.054984 609.620649 432.550211 624.927015
89.500000 nan nan 632.772871 513.314454 440.169098 394.274010 300.912649 217.288185 161.819322 nan nan 711.439633 609.952303 432.789236 625.266668
89.550000 nan nan 633.116435 513.595596 440.411978 394.492862 301.082555 217.414127 161.915993 nan nan 711.824272 610.283947 433.028253 625.606311
89.600000 nan nan 633.459989 513.876729 440.654852 394.711709 301.252456 217.540066 162.012662 nan nan 712.208900 610.615582 433.267265 625.945945
89.650000 nan nan 633.803534 514.157856 440.897719 394.930550 301.422352 217.666001 162.109328 nan nan 712.593517 610.947208 433.506270 626.285570
89.700000 nan nan 634.147070 514.438974 441.140580 395.149385 301.592245 217.791934 162.205992 nan nan 712.978124 611.278825 433.745269 626.625185
89.750000 nan nan 634.490596 514.720085 441.383435 395.368214 301.762133 217.917864 162.302655 nan nan 713.362720 611.610432 433.984261 626.964792
89.800000 nan nan 634.834113 515.001189 441.626282 395.587038 301.932016 218.043790 162.399314 nan nan 713.747306 611.942031 434.223247 627.304388
89.850000 nan nan 635.177620 515.282285 441.869124 395.805856 302.101896 218.169714 162.495972 nan nan 714.131881 612.273621 434.462227 627.643976
89.900000 nan nan 635.521118 515.563373 442.111959 396.024668 302.271771 218.295634 162.592628 nan nan 714.516445 612.605201 434.701200 627.983554
89.950000 nan nan 635.864607 515.844454 442.354787 396.243474 302.441641 218.421551 162.689281 nan nan 714.900999 612.936773 434.940167 628.323123
90.000000 nan nan 636.208086 516.125527 442.597609 396.462275 302.611508 218.547466 162.785932 nan nan 715.285542 613.268336 435.179128 628.662683
90.050000 nan nan 636.551556 516.406593 442.840425 396.681070 302.781370 218.673377 162.882581 nan nan 715.670075 613.599889 435.418082 629.002234
90.100000 nan nan 636.895016 516.687651 443.083234 396.899859 302.951227 218.799285 162.979228 nan nan 716.054597 613.931434 435.657030 629.341775
90.150000 nan nan 637.238467 516.968701 443.326037 397.118642 303.121081 218.925191 163.075873 nan nan 716.439108 614.262969 435.895972 629.681307
90.200000 nan nan 637.581909 517.249744 443.568833 397.337420 303.290930 219.051093 163.172515 nan nan 716.823609 614.594496 436.134907 630.020830
90.250000 nan nan 637.925341 517.530780 443.811623 397.556192 303.460775 219.176992 163.269156 nan nan 717.208100 614.926013 436.373836 630.360343
90.300000 nan nan 638.268764 517.811808 444.054407 397.774958 303.630615 219.302888 163.365794 nan nan 717.592580 615.257522 436.612759 630.699848
90.350000 nan nan 638.612178 518.092828 444.297184 397.993718 303.800451 219.428782 163.462430 nan nan 717.977049 615.589021 436.851675 631.039343
90.400000 nan nan 638.955582 518.373841 444.539954 398.212473 303.970283 219.554672 163.559064 nan nan 718.361508 615.920512 437.090585 631.378829
90.450000 nan nan 639.298978 518.654846 444.782719 398.431222 304.140111 219.680559 163.655695 nan nan 718.745956 616.251993 437.329489 631.718305
90.500000 nan nan 639.642363 518.935844 445.025476 398.649966 304.309934 219.806443 163.752325 nan nan 719.130394 616.583466 437.568387 632.057773
90.550000 nan nan 639.985740 519.216835 445.268228 398.868703 304.479753 219.932324 163.848952 nan nan 719.514821 616.914930 437.807278 632.397231
90.600000 nan nan 640.329107 519.497818 445.510973 399.087435 304.649568 220.058202 163.945577 nan nan 719.899238 617.246384 438.046163 632.736680
90.650000 nan nan 640.672465 519.778793 445.753712 399.306162 304.819378 220.184077 164.042200 nan nan 720.283644 617.577830 438.285042 633.076120
90.700000 nan nan 641.015813 520.059761 445.996444 399.524882 304.989185 220.309949 164.138821 nan nan 720.668040 617.909267 438.523914 633.415551
90.750000 nan nan 641.359152 520.340721 446.239170 399.743597 305.158987 220.435818 164.235439 nan nan 721.052426 618.240695 438.762780 633.754972
90.800000 nan nan 641.702482 520.621674 446.481889 399.962306 305.328784 220.561684 164.332056 nan nan 721.436801 618.572113 439.001640 634.094385
90.850000 nan nan 642.045803 520.902620 446.724602 400.181010 305.498578 220.687547 164.428670 nan nan 721.821165 618.903523 439.240494 634.433788
90.900000 nan nan 642.389115 521.183558 446.967309 400.399708 305.668367 220.813407 164.525282 nan nan 722.205519 619.234924 439.479341 634.773182
90.950000 nan nan 642.732417 521.464488 447.210010 400.618400 305.838151 220.939264 164.621892 nan nan 722.589863 619.566317 439.718182 635.112567
91.000000 nan nan 643.075710 521.745411 447.452704 400.837086 306.007932 221.065118 164.718500 nan nan 722.974196 619.897700 439.957017 635.451943
91.050000 nan nan 643.418993 522.026327 447.695391 401.055767 306.177708 221.190970 164.815106 nan nan 723.358519 620.229074 440.195846 635.791309
91.100000 nan nan 643.762268 522.307235 447.938073 401.274442 306.347480 221.316818 164.911709 nan nan 723.742831 620.560440 440.434668 636.130667
91.150000 nan nan 644.105533 522.588136 448.180748 401.493112 306.517248 221.442663 165.008310 nan nan 724.127133 620.891796 440.673484 636.470015
91.200000 nan nan 644.448789 522.869029 448.423416 401.711776 306.687012 221.568505 165.104910 nan nan 724.511424 621.223144 440.912294 636.809355
91.250000 nan nan 644.792036 523.149915 448.666079 401.930434 306.856771 221.694344 165.201507 nan nan 724.895705 621.554483 441.151098 637.148685
91.300000 nan nan 645.135273 523.430793 448.908735 402.149087 307.026526 221.820180 165.298102 nan nan 725.279976 621.885812 441.389896 637.488006
91.350000 nan nan 645.478502 523.711664 449.151384 402.367734 307.196277 221.946013 165.394694 nan nan 725.664237 622.217133 441.628687 637.827318
91.400000 nan nan 645.821721 523.992528 449.394028 402.586375 307.366024 222.071843 165.491285 nan nan 726.048487 622.548446 441.867472 638.166621
91.450000 nan nan 646.164931 524.273384 449.636665 402.805011 307.535766 222.197670 165.587873 nan nan 726.432726 622.879749 442.106251 638.505915
91.500000 nan nan 646.508132 524.554233 449.879296 403.023641 307.705504 222.323494 165.684460 nan nan 726.816955 623.211043 442.345023 638.845199
91.550000 nan nan 646.851323 524.835074 450.121920 403.242265 307.875238 222.449316 165.781044 nan nan 727.201174 623.542329 442.583790 639.184475
91.600000 nan nan 647.194506 525.115908 450.364538 403.460884 308.044968 222.575134 165.877626 nan nan 727.585383 623.873606 442.822550 639.523742
91.650000 nan nan 647.537679 525.396735 450.607150 403.679497 308.214693 222.700949 165.974206 nan nan 727.969581 624.204874 443.061304 639.862999
91.700000 nan nan 647.880843 525.677554 450.849755 403.898105 308.384414 222.826761 166.070784 nan nan 728.353769 624.536133 443.300052 640.202248
91.750000 nan nan 648.223998 525.958366 451.092355 404.116707 308.554131 222.952571 166.167359 nan nan 728.737946 624.867383 443.538794 640.541487
91.800000 nan nan 648.567144 526.239170 451.334947 404.335303 308.723844 223.078377 166.263933 nan nan 729.122114 625.198625 443.777529 640.880718
91.850000 nan nan 648.910280 526.519967 451.577534 404.553894 308.893553 223.204180 166.360504 nan nan 729.506271 625.529858 444.016259 641.219939
91.900000 nan nan 649.253408 526.800757 451.820114 404.772479 309.063257 223.329981 166.457073 nan nan 729.890417 625.861081 444.254982 641.559151
91.950000 nan nan 649.596526 527.081539 452.062689 404.991058 309.232957 223.455778 166.553640 nan nan 730.274554 626.192297 444.493699 641.898355
92.000000 nan nan 649.939635 527.362314 452.305256 405.209632 309.402653 223.581573 166.650205 nan nan 730.658680 626.523503 444.732410 642.237549
92.050000 nan nan 650.282736 527.643082 452.547818 405.428201 309.572345 223.707364 166.746768 nan nan 731.042795 626.854700 444.971114 642.576734
92.100000 nan nan 650.625827 527.923842 452.790373 405.646764 309.742033 223.833153 166.843329 nan nan 731.426901 627.185889 445.209813 642.915911
92.150000 nan nan 650.968908 528.204595 453.032922 405.865321 309.911716 223.958938 166.939888 nan nan 731.810996 627.517069 445.448505 643.255078
92.200000 nan nan 651.311981 528.485341 453.275465 406.083872 310.081395 224.084721 167.036444 nan nan 732.195081 627.848240 445.687191 643.594236
92.250000 nan nan 651.655045 528.766079 453.518001 406.302418 310.251070 224.210501 167.132998 nan nan 732.579156 628.179403 445.925871 643.933386
92.300000 nan nan 651.998100 529.046810 453.760532 406.520959 310.420741 224.336278 167.229551 nan nan 732.963220 628.510557 446.164545 644.272526
92.350000 nan nan 652.341145 529.327534 454.003056 406.739494 310.590407 224.462051 167.326101 nan nan 733.347274 628.841702 446.403213 644.611657
92.400000 nan nan 652.684182 529.608250 454.245573 406.958023 310.760070 224.587822 167.422649 nan nan 733.731318 629.172838 446.641875 644.950780
92.450000 nan nan 653.027209 529.888959 454.488085 407.176547 310.929728 224.713590 167.519194 nan nan 734.115352 629.503965 446.880530 645.289893
92.500000 nan nan 653.370227 530.169661 454.730590 407.395065 311.099382 224.839355 167.615738 nan nan 734.499376 629.835084 447.119180 645.628998
92.550000 nan nan 653.713237 530.450355 454.973089 407.613578 311.269032 224.965117 167.712280 nan nan 734.883389 630.166194 447.357823 645.968094
92.600000 nan nan 654.056237 530.731042 455.215582 407.832085 311.438678 225.090876 167.808819 nan nan 735.267392 630.497296 447.596460 646.307180
92.650000 nan nan 654.399228 531.011722 455.458069 408.050587 311.608319 225.216633 167.905357 nan nan 735.651385 630.828388 447.835091 646.646258
92.700000 nan nan 654.742210 531.292395 455.700549 408.269083 311.777957 225.342386 168.001892 nan nan 736.035368 631.159472 448.073716 646.985327
92.750000 nan nan 655.085183 531.573060 455.943023 408.487573 311.947590 225.468136 168.098425 nan nan 736.419341 631.490547 448.312335 647.324387
92.800000 nan nan 655.428147 531.853718 456.185491 408.706058 312.117219 225.593883 168.194956 nan nan 736.803303 631.821614 448.550948 647.663437
