web/models/kne/18/Metzger_0.013086_0.240690_0.100000.dat
# %ECSV 0.9
# ---
# datatype:
# - {name: time, datatype: float64}
# - {name: sdss_u, datatype: float64}
# - {name: sdss_g, datatype: float64}
# - {name: sdss_r, datatype: float64}
# - {name: sdss_i, datatype: float64}
# - {name: sdss_z, datatype: float64}
# - {name: PS1_y, datatype: float64}
# - {name: ukirt_J, datatype: float64}
# - {name: ukirt_H, datatype: float64}
# - {name: ukirt_K, datatype: float64}
# - {name: johnson_U, datatype: float64}
# - {name: johnson_B, datatype: float64}
# - {name: johnson_V, datatype: float64}
# - {name: johnson_R, datatype: float64}
# - {name: johnson_I, datatype: float64}
# - {name: Clear, datatype: float64}
# meta: !!omap
# - comment: [vej = 0.24068965517241378, mej = 0.013086248836806117, Ye = 0.1, redshift = 0.0]
# schema: astropy-2.0
time sdss_u sdss_g sdss_r sdss_i sdss_z PS1_y ukirt_J ukirt_H ukirt_K johnson_U johnson_B johnson_V johnson_R johnson_I Clear
[from data line 2466]
123.400000 655.115461 478.806631 367.062391 295.831414 252.246602 224.915326 169.370432 119.712125 86.857878 633.988171 527.976058 413.994831 353.450996 247.850841 362.585115
123.450000 655.376101 478.999771 367.212676 295.954331 252.352743 225.010932 169.444578 119.766995 86.899915 634.240728 528.188035 414.163125 353.596055 247.955289 362.733682
123.500000 655.636737 479.192909 367.362959 296.077245 252.458883 225.106537 169.518723 119.821865 86.941951 634.493280 528.400008 414.331416 353.741112 248.059735 362.882245
123.550000 655.897368 479.386043 367.513239 296.200158 252.565021 225.202140 169.592866 119.876734 86.983987 634.745828 528.611977 414.499704 353.886166 248.164179 363.030807
123.600000 656.157994 479.579174 367.663517 296.323068 252.671157 225.297742 169.667009 119.931602 87.026022 634.998372 528.823943 414.667990 354.031218 248.268622 363.179365
123.650000 656.418616 479.772302 367.813792 296.445977 252.777291 225.393343 169.741151 119.986469 87.068057 635.250911 529.035905 414.836272 354.176267 248.373063 363.327922
123.700000 656.679233 479.965426 367.964064 296.568883 252.883424 225.488942 169.815291 120.041336 87.110092 635.503446 529.247864 415.004552 354.321314 248.477502 363.476475
123.750000 656.939845 480.158547 368.114334 296.691788 252.989555 225.584539 169.889430 120.096202 87.152126 635.755976 529.459819 415.172829 354.466358 248.581940 363.625027
123.800000 657.200453 480.351665 368.264602 296.814690 253.095684 225.680135 169.963569 120.151068 87.194159 636.008502 529.671770 415.341103 354.611401 248.686376 363.773576
123.850000 657.461057 480.544779 368.414867 296.937591 253.201812 225.775730 170.037706 120.205932 87.236192 636.261024 529.883717 415.509375 354.756440 248.790811 363.922122
123.900000 657.721655 480.737890 368.565130 297.060489 253.307938 225.871323 170.111842 120.260796 87.278225 636.513541 530.095661 415.677643 354.901478 248.895244 364.070666
123.950000 657.982250 480.930998 368.715390 297.183386 253.414063 225.966914 170.185978 120.315660 87.320257 636.766053 530.307601 415.845909 355.046513 248.999675 364.219208
124.000000 658.242839 481.124102 368.865647 297.306281 253.520185 226.062505 170.260112 120.370522 87.362289 637.018562 530.519538 416.014172 355.191545 249.104105 364.367747
124.050000 658.503424 481.317203 369.015902 297.429173 253.626306 226.158093 170.334245 120.425384 87.404320 637.271066 530.731471 416.182432 355.336575 249.208533 364.516283
124.100000 658.764005 481.510301 369.166155 297.552064 253.732426 226.253681 170.408377 120.480245 87.446351 637.523565 530.943400 416.350689 355.481603 249.312959 364.664818
124.150000 659.024581 481.703396 369.316405 297.674953 253.838544 226.349266 170.482508 120.535106 87.488381 637.776060 531.155326 416.518943 355.626629 249.417384 364.813349
124.200000 659.285152 481.896487 369.466653 297.797840 253.944660 226.444851 170.556638 120.589966 87.530411 638.028551 531.367248 416.687195 355.771652 249.521807 364.961879
124.250000 659.545719 482.089575 369.616898 297.920724 254.050774 226.540434 170.630766 120.644825 87.572440 638.281037 531.579166 416.855443 355.916672 249.626229 365.110405
124.300000 659.806281 482.282660 369.767141 298.043607 254.156887 226.636015 170.704894 120.699683 87.614469 638.533519 531.791081 417.023689 356.061691 249.730649 365.258930
124.350000 660.066839 482.475741 369.917381 298.166488 254.262998 226.731595 170.779021 120.754541 87.656498 638.785996 532.002992 417.191932 356.206706 249.835067 365.407452
124.400000 660.327392 482.668820 370.067619 298.289367 254.369108 226.827173 170.853146 120.809398 87.698526 639.038469 532.214899 417.360172 356.351720 249.939484 365.555971
124.450000 660.587941 482.861894 370.217854 298.412244 254.475216 226.922750 170.927271 120.864255 87.740553 639.290938 532.426803 417.528410 356.496731 250.043899 365.704488
124.500000 660.848485 483.054966 370.368087 298.535119 254.581322 227.018326 171.001395 120.919110 87.782581 639.543402 532.638703 417.696644 356.641740 250.148312 365.853003
124.550000 661.109025 483.248034 370.518317 298.657992 254.687427 227.113900 171.075517 120.973965 87.824607 639.795862 532.850599 417.864876 356.786746 250.252724 366.001515
124.600000 661.369560 483.441099 370.668545 298.780863 254.793529 227.209473 171.149639 121.028819 87.866634 640.048317 533.062492 418.033105 356.931750 250.357134 366.150024
124.650000 661.630090 483.634161 370.818770 298.903732 254.899631 227.305044 171.223759 121.083673 87.908659 640.300768 533.274382 418.201331 357.076751 250.461543 366.298532
124.700000 661.890616 483.827220 370.968993 299.026599 255.005730 227.400614 171.297878 121.138526 87.950685 640.553215 533.486267 418.369555 357.221751 250.565950 366.447036
124.750000 662.151138 484.020275 371.119213 299.149464 255.111828 227.496182 171.371997 121.193378 87.992710 640.805657 533.698149 418.537775 357.366747 250.670355 366.595539
124.800000 662.411655 484.213327 371.269431 299.272327 255.217925 227.591749 171.446114 121.248230 88.034734 641.058095 533.910028 418.705993 357.511742 250.774759 366.744039
124.850000 662.672167 484.406375 371.419647 299.395188 255.324019 227.687314 171.520230 121.303081 88.076758 641.310529 534.121902 418.874208 357.656734 250.879161 366.892536
124.900000 662.932675 484.599421 371.569860 299.518048 255.430112 227.782878 171.594345 121.357931 88.118782 641.562958 534.333774 419.042420 357.801724 250.983562 367.041031
124.950000 663.193178 484.792463 371.720070 299.640905 255.536204 227.878441 171.668459 121.412780 88.160805 641.815383 534.545641 419.210629 357.946711 251.087960 367.189524
125.000000 663.453677 484.985502 371.870278 299.763760 255.642294 227.974002 171.742572 121.467629 88.202827 642.067803 534.757505 419.378836 358.091696 251.192358 367.338014
125.050000 663.714171 485.178537 372.020484 299.886614 255.748382 228.069562 171.816684 121.522477 88.244849 642.320219 534.969365 419.547040 358.236679 251.296753 367.486502
125.100000 663.974661 485.371570 372.170687 300.009465 255.854468 228.165120 171.890795 121.577324 88.286871 642.572631 535.181222 419.715240 358.381659 251.401147 367.634987
125.150000 664.235146 485.564599 372.320888 300.132314 255.960553 228.260677 171.964905 121.632171 88.328893 642.825039 535.393075 419.883439 358.526637 251.505540 367.783470
125.200000 664.495627 485.757625 372.471086 300.255162 256.066636 228.356232 172.039014 121.687017 88.370913 643.077442 535.604924 420.051634 358.671612 251.609931 367.931950
125.250000 664.756103 485.950647 372.621282 300.378007 256.172718 228.451786 172.113122 121.741862 88.412934 643.329840 535.816770 420.219826 358.816585 251.714320 368.080428
125.300000 665.016575 486.143667 372.771475 300.500851 256.278797 228.547338 172.187229 121.796707 88.454954 643.582234 536.028613 420.388016 358.961556 251.818708 368.228904
125.350000 665.277042 486.336683 372.921666 300.623693 256.384876 228.642889 172.261334 121.851551 88.496973 643.834624 536.240451 420.556203 359.106525 251.923094 368.377377
125.400000 665.537505 486.529696 373.071854 300.746532 256.490952 228.738438 172.335439 121.906394 88.538992 644.087010 536.452286 420.724387 359.251491 252.027478 368.525848
125.450000 665.797963 486.722705 373.222040 300.869370 256.597027 228.833987 172.409543 121.961237 88.581011 644.339391 536.664118 420.892569 359.396454 252.131861 368.674316
125.500000 666.058417 486.915712 373.372223 300.992206 256.703101 228.929533 172.483645 122.016079 88.623029 644.591768 536.875946 421.060747 359.541416 252.236242 368.822782
125.550000 666.318866 487.108715 373.522404 301.115040 256.809172 229.025078 172.557747 122.070920 88.665047 644.844141 537.087770 421.228923 359.686375 252.340622 368.971245
125.600000 666.579311 487.301714 373.672583 301.237872 256.915242 229.120622 172.631847 122.125760 88.707064 645.096509 537.299591 421.397096 359.831331 252.445000 369.119706
125.650000 666.839751 487.494711 373.822759 301.360702 257.021311 229.216164 172.705947 122.180600 88.749081 645.348873 537.511408 421.565266 359.976286 252.549376 369.268165
125.700000 667.100187 487.687704 373.972933 301.483530 257.127378 229.311705 172.780045 122.235439 88.791097 645.601232 537.723221 421.733434 360.121238 252.653751 369.416621
125.750000 667.360618 487.880695 374.123104 301.606356 257.233443 229.407245 172.854143 122.290278 88.833113 645.853587 537.935031 421.901598 360.266187 252.758124 369.565075
125.800000 667.621045 488.073681 374.273273 301.729180 257.339506 229.502783 172.928239 122.345116 88.875128 646.105938 538.146837 422.069760 360.411134 252.862495 369.713526
125.850000 667.881468 488.266665 374.423439 301.852002 257.445568 229.598319 173.002334 122.399953 88.917143 646.358285 538.358640 422.237919 360.556079 252.966865 369.861975
125.900000 668.141885 488.459645 374.573603 301.974823 257.551629 229.693854 173.076428 122.454789 88.959158 646.610627 538.570439 422.406076 360.701022 253.071234 370.010422
125.950000 668.402299 488.652623 374.723764 302.097641 257.657687 229.789388 173.150522 122.509625 89.001172 646.862965 538.782235 422.574229 360.845962 253.175601 370.158866
126.000000 668.662708 488.845597 374.873923 302.220457 257.763744 229.884920 173.224614 122.564460 89.043186 647.115298 538.994027 422.742380 360.990900 253.279966 370.307308
126.050000 668.923112 489.038567 375.024080 302.343272 257.869800 229.980451 173.298705 122.619294 89.085199 647.367627 539.205815 422.910528 361.135835 253.384329 370.455747
126.100000 669.183512 489.231535 375.174234 302.466084 257.975853 230.075980 173.372795 122.674128 89.127211 647.619952 539.417600 423.078673 361.280768 253.488691 370.604184
126.150000 669.443908 489.424499 375.324386 302.588895 258.081905 230.171508 173.446884 122.728961 89.169224 647.872273 539.629382 423.246816 361.425699 253.593052 370.752619
126.200000 669.704299 489.617460 375.474535 302.711703 258.187956 230.267035 173.520972 122.783793 89.211236 648.124589 539.841159 423.414956 361.570628 253.697410 370.901051
126.250000 669.964685 489.810418 375.624682 302.834510 258.294005 230.362560 173.595059 122.838625 89.253247 648.376901 540.052933 423.583092 361.715554 253.801768 371.049480
126.300000 670.225067 490.003372 375.774826 302.957315 258.400052 230.458084 173.669145 122.893456 89.295258 648.629208 540.264704 423.751227 361.860478 253.906123 371.197908
126.350000 670.485445 490.196324 375.924968 303.080118 258.506098 230.553606 173.743230 122.948286 89.337269 648.881512 540.476471 423.919358 362.005399 254.010477 371.346333
126.400000 670.745818 490.389272 376.075107 303.202919 258.612142 230.649127 173.817314 123.003115 89.379279 649.133811 540.688234 424.087487 362.150318 254.114830 371.494755
126.450000 671.006187 490.582217 376.225244 303.325718 258.718184 230.744646 173.891397 123.057944 89.421288 649.386105 540.899994 424.255613 362.295235 254.219181 371.643175
126.500000 671.266551 490.775159 376.375379 303.448515 258.824225 230.840164 173.965478 123.112772 89.463297 649.638396 541.111751 424.423736 362.440149 254.323530 371.791593
126.550000 671.526911 490.968097 376.525511 303.571310 258.930264 230.935681 174.039559 123.167600 89.505306 649.890682 541.323503 424.591856 362.585061 254.427877 371.940008
126.600000 671.787266 491.161032 376.675641 303.694103 259.036302 231.031196 174.113639 123.222427 89.547314 650.142964 541.535253 424.759974 362.729971 254.532224 372.088421
126.650000 672.047617 491.353965 376.825768 303.816894 259.142338 231.126709 174.187718 123.277253 89.589322 650.395241 541.746998 424.928089 362.874879 254.636568 372.236832
126.700000 672.307964 491.546893 376.975893 303.939684 259.248372 231.222221 174.261795 123.332078 89.631330 650.647514 541.958740 425.096201 363.019784 254.740911 372.385240
126.750000 672.568306 491.739819 377.126016 304.062471 259.354405 231.317732 174.335872 123.386903 89.673337 650.899783 542.170479 425.264310 363.164687 254.845252 372.533645
126.800000 672.828643 491.932742 377.276136 304.185257 259.460436 231.413242 174.409947 123.441727 89.715343 651.152048 542.382214 425.432417 363.309587 254.949592 372.682049
126.850000 673.088977 492.125661 377.426254 304.308040 259.566465 231.508750 174.484022 123.496551 89.757349 651.404308 542.593945 425.600520 363.454485 255.053930 372.830450
126.900000 673.349305 492.318577 377.576369 304.430822 259.672493 231.604256 174.558095 123.551373 89.799355 651.656564 542.805673 425.768622 363.599381 255.158267 372.978848
126.950000 673.609630 492.511490 377.726482 304.553602 259.778519 231.699761 174.632168 123.606196 89.841360 651.908816 543.017398 425.936720 363.744274 255.262602 373.127244
127.000000 673.869949 492.704399 377.876592 304.676380 259.884544 231.795265 174.706239 123.661017 89.883365 652.161063 543.229118 426.104816 363.889166 255.366935 373.275638
127.050000 674.130265 492.897306 378.026700 304.799156 259.990567 231.890767 174.780310 123.715838 89.925369 652.413307 543.440836 426.272908 364.034054 255.471267 373.424029
127.100000 674.390576 493.090209 378.176806 304.921930 260.096588 231.986268 174.854379 123.770658 89.967373 652.665545 543.652549 426.440999 364.178941 255.575597 373.572419
127.150000 674.650883 493.283109 378.326909 305.044702 260.202608 232.081768 174.928448 123.825477 90.009376 652.917780 543.864260 426.609086 364.323825 255.679926 373.720805
127.200000 674.911185 493.476006 378.477009 305.167472 260.308626 232.177266 175.002515 123.880296 90.051379 653.170010 544.075966 426.777171 364.468707 255.784253 373.869189
127.250000 675.171483 493.668900 378.627108 305.290240 260.414643 232.272762 175.076581 123.935114 90.093381 653.422236 544.287669 426.945252 364.613587 255.888578 374.017571
127.300000 675.431776 493.861790 378.777204 305.413006 260.520657 232.368257 175.150647 123.989931 90.135383 653.674458 544.499369 427.113332 364.758464 255.992902 374.165951
127.350000 675.692065 494.054678 378.927297 305.535771 260.626671 232.463751 175.224711 124.044748 90.177385 653.926676 544.711065 427.281408 364.903339 256.097224 374.314328
127.400000 675.952349 494.247562 379.077388 305.658533 260.732682 232.559243 175.298774 124.099564 90.219386 654.178889 544.922758 427.449482 365.048211 256.201545 374.462703
127.450000 676.212629 494.440443 379.227477 305.781294 260.838693 232.654734 175.372836 124.154379 90.261387 654.431098 545.134447 427.617553 365.193082 256.305864 374.611075
127.500000 676.472905 494.633320 379.377563 305.904053 260.944701 232.750224 175.446898 124.209194 90.303387 654.683303 545.346132 427.785621 365.337950 256.410182 374.759445
127.550000 676.733177 494.826195 379.527647 306.026809 261.050708 232.845712 175.520958 124.264007 90.345387 654.935503 545.557814 427.953686 365.482815 256.514498 374.907812
127.600000 676.993443 495.019066 379.677729 306.149564 261.156713 232.941199 175.595017 124.318821 90.387386 655.187700 545.769493 428.121749 365.627679 256.618812 375.056178
127.650000 677.253706 495.211935 379.827808 306.272317 261.262717 233.036684 175.669075 124.373633 90.429385 655.439892 545.981168 428.289809 365.772540 256.723125 375.204541
127.700000 677.513964 495.404800 379.977884 306.395068 261.368719 233.132168 175.743132 124.428445 90.471384 655.692079 546.192839 428.457866 365.917399 256.827437 375.352901
127.750000 677.774218 495.597662 380.127959 306.517817 261.474720 233.227650 175.817188 124.483256 90.513382 655.944263 546.404507 428.625921 366.062255 256.931746 375.501259
127.800000 678.034467 495.790520 380.278030 306.640565 261.580718 233.323131 175.891243 124.538067 90.555380 656.196442 546.616171 428.793973 366.207109 257.036054 375.649615
127.850000 678.294712 495.983376 380.428100 306.763310 261.686716 233.418611 175.965297 124.592877 90.597377 656.448617 546.827832 428.962022 366.351961 257.140361 375.797968
127.900000 678.554953 496.176228 380.578167 306.886054 261.792711 233.514089 176.039350 124.647686 90.639373 656.700788 547.039490 429.130068 366.496811 257.244666 375.946319
