web/models/kne/18/Metzger_0.001535_0.467586_0.450000.dat
# %ECSV 0.9
# ---
# datatype:
# - {name: time, datatype: float64}
# - {name: sdss_u, datatype: float64}
# - {name: sdss_g, datatype: float64}
# - {name: sdss_r, datatype: float64}
# - {name: sdss_i, datatype: float64}
# - {name: sdss_z, datatype: float64}
# - {name: PS1_y, datatype: float64}
# - {name: ukirt_J, datatype: float64}
# - {name: ukirt_H, datatype: float64}
# - {name: ukirt_K, datatype: float64}
# - {name: johnson_U, datatype: float64}
# - {name: johnson_B, datatype: float64}
# - {name: johnson_V, datatype: float64}
# - {name: johnson_R, datatype: float64}
# - {name: johnson_I, datatype: float64}
# - {name: Clear, datatype: float64}
# meta: !!omap
# - comment: [vej = 0.4675862068965517, mej = 0.0015350971392881912, Ye = 0.45, redshift = 0.0]
# schema: astropy-2.0
time sdss_u sdss_g sdss_r sdss_i sdss_z PS1_y ukirt_J ukirt_H ukirt_K johnson_U johnson_B johnson_V johnson_R johnson_I Clear
[from data line 1439]
72.050000 nan 717.377063 552.877471 447.955748 383.720518 343.420925 261.458188 188.071787 139.419412 nan nan 621.978888 532.832727 377.240122 546.284245
72.100000 nan 717.856804 553.250913 448.261305 383.984465 343.658742 261.642774 188.208563 139.524355 nan nan 622.396999 533.193207 377.499869 546.653424
72.150000 nan 718.336528 553.624342 448.566851 384.248403 343.896551 261.827354 188.345334 139.629295 nan nan 622.815095 533.553673 377.759607 547.022589
72.200000 nan 718.816234 553.997757 448.872386 384.512333 344.134352 262.011928 188.482101 139.734232 nan nan 623.233176 533.914126 378.019336 547.391741
72.250000 nan 719.295923 554.371159 449.177911 384.776252 344.372144 262.196496 188.618864 139.839166 nan nan 623.651242 534.274567 378.279055 547.760880
72.300000 nan 719.775594 554.744547 449.483424 385.040163 344.609928 262.381058 188.755622 139.944097 nan nan 624.069293 534.634994 378.538766 548.130005
72.350000 nan 720.255247 555.117922 449.788927 385.304064 344.847704 262.565614 188.892376 140.049025 nan nan 624.487328 534.995408 378.798468 548.499117
72.400000 nan 720.734883 555.491283 450.094419 385.567957 345.085472 262.750164 189.029126 140.153950 nan nan 624.905349 535.355810 379.058161 548.868216
72.450000 nan 721.214502 555.864631 450.399901 385.831840 345.323232 262.934707 189.165872 140.258871 nan nan 625.323354 535.716199 379.317845 549.237302
72.500000 nan 721.694103 556.237966 450.705371 386.095713 345.560983 263.119244 189.302613 140.363790 nan nan 625.741344 536.076574 379.577519 549.606374
72.550000 nan 722.173686 556.611287 451.010831 386.359578 345.798726 263.303775 189.439350 140.468705 nan nan 626.159319 536.436937 379.837185 549.975434
72.600000 nan 722.653253 556.984595 451.316280 386.623434 346.036461 263.488300 189.576082 140.573618 nan nan 626.577279 536.797287 380.096842 550.344480
72.650000 nan 723.132801 557.357889 451.621718 386.887280 346.274188 263.672819 189.712811 140.678527 nan nan 626.995224 537.157624 380.356489 550.713512
72.700000 nan 723.612333 557.731170 451.927145 387.151117 346.511907 263.857332 189.849535 140.783434 nan nan 627.413154 537.517949 380.616128 551.082532
72.750000 nan 724.091846 558.104438 452.232562 387.414945 346.749618 264.041839 189.986255 140.888337 nan nan 627.831069 537.878260 380.875758 551.451538
72.800000 nan 724.571343 558.477693 452.537968 387.678764 346.987320 264.226340 190.122970 140.993238 nan nan 628.248968 538.238559 381.135379 551.820532
72.850000 nan 725.050822 558.850934 452.843363 387.942574 347.225015 264.410834 190.259681 141.098135 nan nan 628.666853 538.598845 381.394990 552.189512
72.900000 nan 725.530284 559.224162 453.148748 388.206375 347.462701 264.595323 190.396388 141.203029 nan nan 629.084723 538.959118 381.654593 552.558479
72.950000 nan 726.009728 559.597376 453.454122 388.470166 347.700379 264.779805 190.533091 141.307920 nan nan 629.502578 539.319378 381.914187 552.927433
73.000000 nan 726.489155 559.970578 453.759485 388.733949 347.938049 264.964281 190.669790 141.412808 nan nan 629.920417 539.679625 382.173772 553.296373
73.050000 nan 726.968565 560.343766 454.064838 388.997722 348.175711 265.148752 190.806484 141.517693 nan nan 630.338242 540.039860 382.433348 553.665301
73.100000 nan 727.447957 560.716941 454.370179 389.261486 348.413365 265.333216 190.943174 141.622576 nan nan 630.756052 540.400082 382.692915 554.034216
73.150000 nan 727.927333 561.090102 454.675511 389.525241 348.651011 265.517674 191.079860 141.727455 nan nan 631.173847 540.760291 382.952473 554.403117
73.200000 nan 728.406690 561.463251 454.980831 389.788988 348.888649 265.702126 191.216541 141.832331 nan nan 631.591627 541.120487 383.212022 554.772005
73.250000 nan 728.886031 561.836386 455.286141 390.052725 349.126278 265.886572 191.353219 141.937204 nan nan 632.009392 541.480671 383.471563 555.140881
73.300000 nan 729.365354 562.209508 455.591440 390.316453 349.363900 266.071012 191.489892 142.042074 nan nan 632.427142 541.840842 383.731094 555.509743
73.350000 nan 729.844661 562.582616 455.896729 390.580172 349.601513 266.255446 191.626561 142.146940 nan nan 632.844877 542.201000 383.990617 555.878592
73.400000 nan 730.323950 562.955712 456.202007 390.843882 349.839119 266.439874 191.763225 142.251804 nan nan 633.262598 542.561146 384.250131 556.247429
73.450000 nan 730.803221 563.328794 456.507274 391.107583 350.076716 266.624296 191.899886 142.356665 nan nan 633.680303 542.921279 384.509635 556.616252
73.500000 nan 731.282476 563.701863 456.812531 391.371274 350.314306 266.808712 192.036542 142.461523 nan nan 634.097994 543.281399 384.769131 556.985062
73.550000 nan 731.761713 564.074919 457.117777 391.634957 350.551887 266.993121 192.173194 142.566378 nan nan 634.515670 543.641506 385.028618 557.353859
73.600000 nan 732.240934 564.447962 457.423013 391.898631 350.789460 267.177525 192.309842 142.671230 nan nan 634.933331 544.001601 385.288097 557.722643
73.650000 nan 732.720137 564.820992 457.728238 392.162296 351.027026 267.361923 192.446485 142.776079 nan nan 635.350977 544.361684 385.547566 558.091415
73.700000 nan 733.199323 565.194009 458.033453 392.425952 351.264583 267.546315 192.583125 142.880925 nan nan 635.768608 544.721753 385.807027 558.460173
73.750000 nan 733.678492 565.567012 458.338657 392.689599 351.502132 267.730700 192.719760 142.985767 nan nan 636.186225 545.081810 386.066478 558.828918
73.800000 nan 734.157643 565.940003 458.643850 392.953237 351.739674 267.915080 192.856391 143.090607 nan nan 636.603827 545.441855 386.325921 559.197651
73.850000 nan 734.636778 566.312980 458.949033 393.216865 351.977207 268.099454 192.993017 143.195444 nan nan 637.021414 545.801886 386.585355 559.566370
73.900000 nan 735.115896 566.685944 459.254205 393.480485 352.214732 268.283822 193.129640 143.300278 nan nan 637.438986 546.161906 386.844781 559.935077
73.950000 nan 735.594997 567.058895 459.559367 393.744096 352.452250 268.468184 193.266258 143.405109 nan nan 637.856543 546.521912 387.104197 560.303771
74.000000 nan 736.074080 567.431834 459.864518 394.007698 352.689759 268.652540 193.402872 143.509937 nan nan 638.274086 546.881906 387.363605 560.672452
74.050000 nan 736.553147 567.804759 460.169659 394.271291 352.927260 268.836889 193.539482 143.614761 nan nan 638.691614 547.241888 387.623004 561.041119
74.100000 nan 737.032196 568.177671 460.474790 394.534876 353.164754 269.021233 193.676088 143.719583 nan nan 639.109128 547.601857 387.882394 561.409775
74.150000 nan 737.511229 568.550570 460.779909 394.798451 353.402239 269.205571 193.812690 143.824402 nan nan 639.526627 547.961813 388.141775 561.778417
74.200000 nan 737.990245 568.923456 461.085019 395.062017 353.639717 269.389903 193.949287 143.929218 nan nan 639.944111 548.321757 388.401148 562.147046
74.250000 nan 738.469243 569.296329 461.390118 395.325575 353.877186 269.574229 194.085881 144.034031 nan nan 640.361580 548.681689 388.660512 562.515663
74.300000 nan 738.948225 569.669189 461.695206 395.589123 354.114648 269.758549 194.222470 144.138841 nan nan 640.779035 549.041608 388.919867 562.884266
74.350000 nan 739.427190 570.042036 462.000284 395.852663 354.352102 269.942863 194.359055 144.243648 nan nan 641.196475 549.401514 389.179213 563.252857
74.400000 nan inf 570.414871 462.305352 396.116193 354.589548 270.127172 194.495635 144.348452 nan nan 641.613901 549.761408 389.438551 563.621435
74.450000 nan nan 570.787692 462.610409 396.379715 354.826986 270.311474 194.632212 144.453253 nan nan 642.031312 550.121289 389.697879 563.990001
74.500000 nan nan 571.160500 462.915456 396.643228 355.064416 270.495770 194.768785 144.558051 nan nan 642.448708 550.481159 389.957200 564.358553
74.550000 nan nan 571.533295 463.220492 396.906732 355.301838 270.680061 194.905353 144.662846 nan nan 642.866090 550.841015 390.216511 564.727093
74.600000 nan nan 571.906078 463.525518 397.170228 355.539252 270.864345 195.041917 144.767638 nan nan 643.283457 551.200859 390.475814 565.095620
74.650000 nan nan 572.278847 463.830534 397.433714 355.776659 271.048624 195.178477 144.872427 nan nan 643.700810 551.560691 390.735108 565.464134
74.700000 nan nan 572.651604 464.135539 397.697192 356.014057 271.232897 195.315033 144.977213 nan nan 644.118148 551.920510 390.994393 565.832636
74.750000 nan nan 573.024348 464.440534 397.960660 356.251448 271.417163 195.451585 145.081996 nan nan 644.535471 552.280317 391.253670 566.201125
74.800000 nan nan 573.397079 464.745518 398.224120 356.488830 271.601424 195.588133 145.186777 nan nan 644.952780 552.640112 391.512938 566.569601
74.850000 nan nan 573.769797 465.050492 398.487571 356.726205 271.785679 195.724676 145.291554 nan nan 645.370075 552.999894 391.772197 566.938064
74.900000 nan nan 574.142502 465.355456 398.751013 356.963572 271.969928 195.861215 145.396328 nan nan 645.787355 553.359664 392.031448 567.306515
74.950000 nan nan 574.515194 465.660409 399.014447 357.200932 272.154171 195.997751 145.501100 nan nan 646.204620 553.719421 392.290690 567.674953
75.000000 nan nan 574.887874 465.965352 399.277871 357.438283 272.338409 196.134282 145.605868 nan nan 646.621871 554.079166 392.549924 568.043378
75.050000 nan nan 575.260541 466.270285 399.541287 357.675626 272.522640 196.270809 145.710634 nan nan 647.039108 554.438899 392.809148 568.411791
75.100000 nan nan 575.633194 466.575207 399.804694 357.912962 272.706866 196.407332 145.815396 nan nan 647.456330 554.798619 393.068364 568.780191
75.150000 nan nan 576.005836 466.880119 400.068093 358.150290 272.891086 196.543851 145.920156 nan nan 647.873538 555.158327 393.327572 569.148578
75.200000 nan nan 576.378464 467.185021 400.331482 358.387610 273.075299 196.680365 146.024912 nan nan 648.290731 555.518023 393.586771 569.516953
75.250000 nan nan 576.751079 467.489913 400.594863 358.624922 273.259507 196.816876 146.129666 nan nan 648.707910 555.877706 393.845961 569.885315
75.300000 nan nan 577.123682 467.794794 400.858235 358.862227 273.443710 196.953382 146.234417 nan nan 649.125074 556.237377 394.105143 570.253664
75.350000 nan nan 577.496272 468.099665 401.121598 359.099524 273.627906 197.089885 146.339165 nan nan 649.542224 556.597036 394.364316 570.622001
75.400000 nan nan 577.868849 468.404526 401.384953 359.336812 273.812096 197.226383 146.443909 nan nan 649.959360 556.956683 394.623480 570.990326
75.450000 nan nan 578.241414 468.709376 401.648298 359.574093 273.996281 197.362877 146.548651 nan nan 650.376481 557.316317 394.882636 571.358637
75.500000 nan nan 578.613966 469.014216 401.911635 359.811367 274.180460 197.499367 146.653390 nan nan 650.793588 557.675939 395.141784 571.726937
75.550000 nan nan 578.986505 469.319046 402.174964 360.048632 274.364633 197.635853 146.758127 nan nan 651.210681 558.035549 395.400922 572.095223
75.600000 nan nan 579.359031 469.623866 402.438283 360.285890 274.548800 197.772335 146.862860 nan nan 651.627759 558.395147 395.660053 572.463497
75.650000 nan nan 579.731545 469.928676 402.701594 360.523140 274.732961 197.908813 146.967590 nan nan 652.044823 558.754732 395.919174 572.831759
75.700000 nan nan 580.104046 470.233475 402.964896 360.760383 274.917117 198.045287 147.072317 nan nan 652.461873 559.114305 396.178287 573.200008
75.750000 nan nan 580.476534 470.538264 403.228190 360.997617 275.101266 198.181756 147.177042 nan nan 652.878909 559.473866 396.437392 573.568244
75.800000 nan nan 580.849010 470.843043 403.491475 361.234844 275.285410 198.318222 147.281763 nan nan 653.295930 559.833415 396.696488 573.936468
75.850000 nan nan 581.221473 471.147812 403.754751 361.472063 275.469548 198.454684 147.386482 nan nan 653.712937 560.192952 396.955575 574.304680
75.900000 nan nan 581.593924 471.452570 404.018018 361.709274 275.653680 198.591141 147.491198 nan nan 654.129929 560.552476 397.214654 574.672879
75.950000 nan nan 581.966362 471.757319 404.281277 361.946478 275.837807 198.727595 147.595910 nan nan 654.546908 560.911989 397.473725 575.041066
76.000000 nan nan 582.338787 472.062057 404.544527 362.183674 276.021928 198.864044 147.700620 nan nan 654.963872 561.271489 397.732787 575.409240
76.050000 nan nan 582.711199 472.366785 404.807769 362.420862 276.206043 199.000489 147.805327 nan nan 655.380822 561.630977 397.991840 575.777401
76.100000 nan nan 583.083599 472.671503 405.071002 362.658043 276.390152 199.136931 147.910031 nan nan 655.797757 561.990453 398.250885 576.145551
76.150000 nan nan 583.455987 472.976211 405.334226 362.895215 276.574255 199.273368 148.014732 nan nan 656.214679 562.349916 398.509922 576.513687
76.200000 nan nan 583.828362 473.280908 405.597441 363.132381 276.758353 199.409801 148.119431 nan nan 656.631586 562.709368 398.768950 576.881812
76.250000 nan nan 584.200724 473.585596 405.860648 363.369538 276.942445 199.546230 148.224126 nan nan 657.048480 563.068808 399.027969 577.249924
76.300000 nan nan 584.573074 473.890273 406.123847 363.606688 277.126531 199.682655 148.328819 nan nan 657.465359 563.428235 399.286981 577.618023
76.350000 nan nan 584.945411 474.194941 406.387037 363.843830 277.310611 199.819076 148.433508 nan nan 657.882224 563.787651 399.545983 577.986110
76.400000 nan nan 585.317735 474.499598 406.650218 364.080964 277.494686 199.955493 148.538195 nan nan 658.299074 564.147054 399.804977 578.354185
76.450000 nan nan 585.690048 474.804245 406.913390 364.318091 277.678754 200.091906 148.642879 nan nan 658.715911 564.506445 400.063963 578.722248
76.500000 nan nan 586.062347 475.108882 407.176554 364.555210 277.862817 200.228315 148.747560 nan nan 659.132733 564.865825 400.322940 579.090298
76.550000 nan nan 586.434634 475.413509 407.439710 364.792322 278.046875 200.364720 148.852238 nan nan 659.549542 565.225192 400.581909 579.458336
76.600000 nan nan 586.806909 475.718126 407.702856 365.029426 278.230926 200.501121 148.956913 nan nan 659.966336 565.584547 400.840870 579.826361
76.650000 nan nan 587.179171 476.022733 407.965995 365.266522 278.414972 200.637518 149.061585 nan nan 660.383116 565.943890 401.099822 580.194374
76.700000 nan nan 587.551421 476.327330 408.229124 365.503611 278.599013 200.773911 149.166254 nan nan 660.799883 566.303221 401.358766 580.562375
76.750000 nan nan 587.923658 476.631917 408.492246 365.740692 278.783047 200.910300 149.270921 nan nan 661.216635 566.662541 401.617701 580.930363
76.800000 nan nan 588.295883 476.936493 408.755358 365.977765 278.967076 201.046685 149.375585 nan nan 661.633373 567.021848 401.876628 581.298339
76.850000 nan nan 588.668095 477.241060 409.018462 366.214831 279.151099 201.183065 149.480245 nan nan 662.050097 567.381143 402.135546 581.666303
76.900000 nan nan 589.040295 477.545617 409.281558 366.451889 279.335116 201.319442 149.584903 nan nan 662.466807 567.740426 402.394456 582.034255
76.950000 nan nan 589.412483 477.850164 409.544645 366.688940 279.519128 201.455815 149.689558 nan nan 662.883503 568.099698 402.653358 582.402194
77.000000 nan nan 589.784658 478.154700 409.807723 366.925983 279.703134 201.592184 149.794210 nan nan 663.300185 568.458957 402.912251 582.770121
77.050000 nan nan 590.156820 478.459227 410.070793 367.163018 279.887134 201.728549 149.898860 nan nan 663.716853 568.818204 403.171136 583.138036
77.100000 nan nan 590.528971 478.763744 410.333855 367.400046 280.071128 201.864910 150.003506 nan nan 664.133507 569.177440 403.430013 583.505939
77.150000 nan nan 590.901109 479.068251 410.596908 367.637066 280.255117 202.001267 150.108150 nan nan 664.550147 569.536663 403.688881 583.873829
77.200000 nan nan 591.273234 479.372748 410.859952 367.874079 280.439100 202.137619 150.212790 nan nan 664.966774 569.895875 403.947741 584.241707
77.250000 nan nan 591.645347 479.677235 411.122988 368.111084 280.623078 202.273968 150.317428 nan nan 665.383386 570.255075 404.206593 584.609573
77.300000 nan nan 592.017448 479.981712 411.386016 368.348082 280.807050 202.410313 150.422063 nan nan 665.799984 570.614263 404.465436 584.977427
