web/models/kne/18/Metzger_0.212177_0.451379_0.450000.dat
# %ECSV 0.9
# ---
# datatype:
# - {name: time, datatype: float64}
# - {name: sdss_u, datatype: float64}
# - {name: sdss_g, datatype: float64}
# - {name: sdss_r, datatype: float64}
# - {name: sdss_i, datatype: float64}
# - {name: sdss_z, datatype: float64}
# - {name: PS1_y, datatype: float64}
# - {name: ukirt_J, datatype: float64}
# - {name: ukirt_H, datatype: float64}
# - {name: ukirt_K, datatype: float64}
# - {name: johnson_U, datatype: float64}
# - {name: johnson_B, datatype: float64}
# - {name: johnson_V, datatype: float64}
# - {name: johnson_R, datatype: float64}
# - {name: johnson_I, datatype: float64}
# - {name: Clear, datatype: float64}
# meta: !!omap
# - comment: [vej = 0.4513793103448276, mej = 0.2121769878034849, Ye = 0.45, redshift = 0.0]
# schema: astropy-2.0
time sdss_u sdss_g sdss_r sdss_i sdss_z PS1_y ukirt_J ukirt_H ukirt_K johnson_U johnson_B johnson_V johnson_R johnson_I Clear
[from data line 2954]
147.800000 531.806634 386.868982 295.042543 236.531518 200.743277 178.308193 132.737365 92.037606 65.147948 514.436063 427.284125 333.605078 283.860060 197.134571 291.364144
147.850000 531.985555 387.001534 295.145654 236.615827 200.816063 178.373741 132.788170 92.075170 65.176696 514.609432 427.429616 333.720560 283.959581 197.206193 291.466074
147.900000 532.164475 387.134084 295.248764 236.700136 200.888848 178.439289 132.838976 92.112734 65.205444 514.782799 427.575106 333.836042 284.059101 197.277814 291.568003
147.950000 532.343391 387.266632 295.351872 236.784444 200.961631 178.504836 132.889780 92.150297 65.234191 514.956163 427.720593 333.951521 284.158619 197.349435 291.669931
148.000000 532.522305 387.399178 295.454979 236.868750 201.034414 178.570382 132.940584 92.187860 65.262938 515.129524 427.866078 334.066999 284.258136 197.421054 291.771857
148.050000 532.701216 387.531722 295.558084 236.953055 201.107196 178.635927 132.991388 92.225423 65.291685 515.302883 428.011561 334.182475 284.357652 197.492673 291.873782
148.100000 532.880124 387.664264 295.661188 237.037359 201.179977 178.701472 133.042191 92.262985 65.320432 515.476239 428.157043 334.297950 284.457166 197.564290 291.975705
148.150000 533.059030 387.796805 295.764291 237.121662 201.252757 178.767015 133.092993 92.300547 65.349178 515.649592 428.302521 334.413423 284.556679 197.635907 292.077627
148.200000 533.237934 387.929343 295.867392 237.205964 201.325536 178.832558 133.143795 92.338108 65.377924 515.822943 428.447998 334.528894 284.656190 197.707523 292.179548
148.250000 533.416834 388.061880 295.970492 237.290265 201.398314 178.898100 133.194596 92.375670 65.406670 515.996292 428.593473 334.644364 284.755700 197.779138 292.281467
148.300000 533.595732 388.194415 296.073590 237.374565 201.471091 178.963641 133.245396 92.413230 65.435416 516.169638 428.738946 334.759832 284.855209 197.850752 292.383384
148.350000 533.774627 388.326947 296.176687 237.458863 201.543867 179.029181 133.296196 92.450791 65.464161 516.342981 428.884416 334.875299 284.954716 197.922365 292.485301
148.400000 533.953520 388.459478 296.279783 237.543161 201.616643 179.094721 133.346995 92.488351 65.492907 516.516322 429.029884 334.990764 285.054222 197.993977 292.587216
148.450000 534.132410 388.592007 296.382877 237.627457 201.689417 179.160259 133.397794 92.525910 65.521652 516.689660 429.175351 335.106227 285.153727 198.065588 292.689129
148.500000 534.311297 388.724534 296.485970 237.711752 201.762190 179.225797 133.448592 92.563470 65.550397 516.862996 429.320815 335.221689 285.253230 198.137199 292.791041
148.550000 534.490182 388.857060 296.589061 237.796046 201.834963 179.291334 133.499390 92.601029 65.579141 517.036329 429.466277 335.337149 285.352732 198.208808 292.892952
148.600000 534.669064 388.989583 296.692151 237.880339 201.907734 179.356870 133.550187 92.638587 65.607886 517.209659 429.611737 335.452607 285.452232 198.280416 292.994861
148.650000 534.847944 389.122105 296.795239 237.964631 201.980505 179.422406 133.600984 92.676145 65.636630 517.382987 429.757195 335.568064 285.551731 198.352024 293.096769
148.700000 535.026820 389.254624 296.898326 238.048922 202.053275 179.487940 133.651779 92.713703 65.665374 517.556313 429.902651 335.683519 285.651229 198.423631 293.198676
148.750000 535.205695 389.387142 297.001412 238.133211 202.126043 179.553474 133.702575 92.751260 65.694117 517.729636 430.048104 335.798973 285.750726 198.495236 293.300581
148.800000 535.384566 389.519658 297.104496 238.217500 202.198811 179.619007 133.753369 92.788818 65.722861 517.902956 430.193556 335.914425 285.850221 198.566841 293.402484
148.850000 535.563435 389.652171 297.207578 238.301787 202.271578 179.684539 133.804164 92.826374 65.751604 518.076274 430.339005 336.029875 285.949714 198.638445 293.504387
148.900000 535.742301 389.784683 297.310660 238.386073 202.344344 179.750071 133.854957 92.863931 65.780347 518.249590 430.484453 336.145324 286.049207 198.710048 293.606288
148.950000 535.921165 389.917194 297.413740 238.470358 202.417109 179.815601 133.905750 92.901487 65.809090 518.422902 430.629898 336.260771 286.148698 198.781650 293.708187
149.000000 536.100026 390.049702 297.516818 238.554642 202.489873 179.881131 133.956542 92.939042 65.837832 518.596213 430.775341 336.376217 286.248187 198.853251 293.810085
149.050000 536.278884 390.182208 297.619895 238.638925 202.562636 179.946660 134.007334 92.976597 65.866575 518.769520 430.920783 336.491661 286.347676 198.924852 293.911982
149.100000 536.457740 390.314713 297.722971 238.723207 202.635399 180.012188 134.058126 93.014152 65.895317 518.942825 431.066222 336.607103 286.447163 198.996451 294.013877
149.150000 536.636593 390.447215 297.826045 238.807488 202.708160 180.077715 134.108916 93.051707 65.924059 519.116128 431.211658 336.722544 286.546648 199.068049 294.115771
149.200000 536.815444 390.579716 297.929118 238.891767 202.780920 180.143241 134.159706 93.089261 65.952800 519.289428 431.357093 336.837983 286.646132 199.139647 294.217664
149.250000 536.994292 390.712215 298.032189 238.976045 202.853680 180.208767 134.210496 93.126815 65.981542 519.462726 431.502526 336.953420 286.745615 199.211244 294.319555
149.300000 537.173137 390.844712 298.135259 239.060323 202.926438 180.274292 134.261285 93.164368 66.010283 519.636021 431.647957 337.068856 286.845097 199.282839 294.421444
149.350000 537.351980 390.977207 298.238328 239.144599 202.999196 180.339816 134.312073 93.201921 66.039024 519.809313 431.793385 337.184290 286.944577 199.354434 294.523333
149.400000 537.530820 391.109700 298.341395 239.228874 203.071952 180.405339 134.362861 93.239474 66.067765 519.982603 431.938812 337.299723 287.044055 199.426028 294.625220
149.450000 537.709657 391.242191 298.444461 239.313148 203.144708 180.470861 134.413648 93.277026 66.096505 520.155891 432.084236 337.415154 287.143533 199.497621 294.727105
149.500000 537.888492 391.374681 298.547525 239.397421 203.217463 180.536383 134.464435 93.314578 66.125246 520.329176 432.229659 337.530583 287.243009 199.569213 294.828989
149.550000 538.067324 391.507168 298.650588 239.481693 203.290217 180.601903 134.515221 93.352130 66.153986 520.502458 432.375079 337.646011 287.342484 199.640804 294.930872
149.600000 538.246154 391.639654 298.753650 239.565963 203.362970 180.667423 134.566006 93.389681 66.182726 520.675738 432.520497 337.761438 287.441957 199.712394 295.032754
149.650000 538.424981 391.772138 298.856710 239.650233 203.435722 180.732942 134.616791 93.427232 66.211465 520.849015 432.665913 337.876862 287.541429 199.783984 295.134634
149.700000 538.603805 391.904619 298.959769 239.734501 203.508473 180.798461 134.667575 93.464782 66.240205 521.022290 432.811327 337.992285 287.640900 199.855572 295.236512
149.750000 538.782627 392.037099 299.062826 239.818769 203.581223 180.863978 134.718359 93.502332 66.268944 521.195562 432.956739 338.107707 287.740369 199.927160 295.338389
149.800000 538.961446 392.169578 299.165882 239.903035 203.653972 180.929495 134.769142 93.539882 66.297683 521.368832 433.102149 338.223126 287.839837 199.998746 295.440265
149.850000 539.140263 392.302054 299.268936 239.987300 203.726721 180.995011 134.819925 93.577431 66.326421 521.542099 433.247557 338.338545 287.939304 200.070332 295.542140
149.900000 539.319077 392.434528 299.371990 240.071564 203.799468 181.060526 134.870707 93.614980 66.355160 521.715364 433.392962 338.453961 288.038769 200.141917 295.644013
149.950000 539.497888 392.567001 299.475041 240.155827 203.872215 181.126040 134.921488 93.652529 66.383898 521.888626 433.538366 338.569376 288.138233 200.213501 295.745884
150.000000 539.676699 392.699473 299.578093 240.240090 203.944961 181.191554 134.972270 93.690077 66.412636 522.061889 433.683769 338.684791 288.237697 200.285085 295.847756
