web/models/kne/18/Metzger_0.138217_0.435172_0.100000.dat
# %ECSV 0.9
# ---
# datatype:
# - {name: time, datatype: float64}
# - {name: sdss_u, datatype: float64}
# - {name: sdss_g, datatype: float64}
# - {name: sdss_r, datatype: float64}
# - {name: sdss_i, datatype: float64}
# - {name: sdss_z, datatype: float64}
# - {name: PS1_y, datatype: float64}
# - {name: ukirt_J, datatype: float64}
# - {name: ukirt_H, datatype: float64}
# - {name: ukirt_K, datatype: float64}
# - {name: johnson_U, datatype: float64}
# - {name: johnson_B, datatype: float64}
# - {name: johnson_V, datatype: float64}
# - {name: johnson_R, datatype: float64}
# - {name: johnson_I, datatype: float64}
# - {name: Clear, datatype: float64}
# meta: !!omap
# - comment: [vej = 0.43517241379310345, mej = 0.13821730389118514, Ye = 0.1, redshift = 0.0]
# schema: astropy-2.0
time sdss_u sdss_g sdss_r sdss_i sdss_z PS1_y ukirt_J ukirt_H ukirt_K johnson_U johnson_B johnson_V johnson_R johnson_I Clear
[from data line 704]
35.300000 123.733591 84.944433 60.512480 45.041080 35.633561 29.765384 17.943113 7.555778 0.848088 119.074376 95.738308 70.754347 57.548543 34.687957 59.537188
35.350000 123.946618 85.101684 60.634318 45.140302 35.718922 29.842039 18.002035 7.598773 0.880477 119.280724 95.911123 70.891066 57.666062 34.771919 59.657606
35.400000 124.159641 85.258933 60.756155 45.239525 35.804283 29.918696 18.060959 7.641769 0.912870 119.487068 96.083936 71.027784 57.783581 34.855881 59.778023
35.450000 124.372658 85.416179 60.877991 45.338747 35.889645 29.995353 18.119884 7.684768 0.945265 119.693407 96.256745 71.164500 57.901099 34.939843 59.898438
35.500000 124.585671 85.573422 60.999827 45.437970 35.975008 30.072011 18.178811 7.727769 0.977663 119.899741 96.429551 71.301215 58.018616 35.023806 60.018853
35.550000 124.798679 85.730663 61.121661 45.537192 36.060370 30.148670 18.237740 7.770773 1.010063 120.106071 96.602354 71.437927 58.136132 35.107770 60.139267
35.600000 125.011682 85.887902 61.243494 45.636415 36.145734 30.225331 18.296670 7.813779 1.042467 120.312396 96.775154 71.574639 58.253648 35.191734 60.259680
35.650000 125.224680 86.045137 61.365325 45.735637 36.231098 30.301991 18.355602 7.856787 1.074873 120.518716 96.947950 71.711348 58.371162 35.275699 60.380092
35.700000 125.437672 86.202370 61.487156 45.834859 36.316462 30.378653 18.414536 7.899798 1.107282 120.725032 97.120743 71.848055 58.488676 35.359665 60.500503
35.750000 125.650660 86.359600 61.608985 45.934080 36.401826 30.455315 18.473471 7.942810 1.139693 120.931342 97.293533 71.984761 58.606188 35.443630 60.620912
35.800000 125.863641 86.516827 61.730813 46.033302 36.487191 30.531978 18.532408 7.985825 1.172108 121.137647 97.466318 72.121464 58.723699 35.527596 60.741320
35.850000 126.076618 86.674052 61.852640 46.132523 36.572556 30.608642 18.591346 8.028842 1.204525 121.343947 97.639101 72.258166 58.841209 35.611563 60.861727
35.900000 126.289589 86.831273 61.974466 46.231744 36.657922 30.685307 18.650285 8.071861 1.236944 121.550242 97.811879 72.394865 58.958718 35.695529 60.982133
35.950000 126.502555 86.988491 62.096290 46.330964 36.743287 30.761972 18.709226 8.114883 1.269366 121.756532 97.984654 72.531563 59.076226 35.779497 61.102537
36.000000 126.715514 87.145706 62.218112 46.430184 36.828653 30.838637 18.768168 8.157906 1.301791 121.962817 98.157425 72.668258 59.193733 35.863464 61.222940
36.050000 126.928469 87.302918 62.339933 46.529403 36.914019 30.915303 18.827112 8.200932 1.334218 122.169096 98.330192 72.804951 59.311238 35.947431 61.343342
36.100000 127.141417 87.460127 62.461752 46.628622 36.999385 30.991970 18.886057 8.243959 1.366648 122.375369 98.502956 72.941642 59.428741 36.031399 61.463742
36.150000 127.354360 87.617333 62.583570 46.727840 37.084752 31.068637 18.945003 8.286989 1.399081 122.581637 98.675715 73.078331 59.546244 36.115367 61.584140
36.200000 127.567297 87.774535 62.705386 46.827058 37.170118 31.145305 19.003951 8.330021 1.431516 122.787900 98.848470 73.215017 59.663745 36.199335 61.704537
36.250000 127.780227 87.931734 62.827201 46.926275 37.255484 31.221973 19.062899 8.373054 1.463953 122.994157 99.021221 73.351701 59.781244 36.283303 61.824932
36.300000 127.993152 88.088930 62.949013 47.025492 37.340850 31.298641 19.121849 8.416090 1.496393 123.200408 99.193968 73.488382 59.898742 36.367271 61.945326
36.350000 128.206071 88.246122 63.070824 47.124707 37.426216 31.375310 19.180801 8.459128 1.528835 123.406653 99.366711 73.625061 60.016238 36.451239 62.065718
36.400000 128.418983 88.403311 63.192633 47.223922 37.511582 31.451979 19.239753 8.502167 1.561280 123.612893 99.539450 73.761737 60.133733 36.535207 62.186108
36.450000 128.631890 88.560496 63.314441 47.323136 37.596948 31.528648 19.298707 8.545209 1.593727 123.819127 99.712184 73.898411 60.251226 36.619175 62.306496
36.500000 128.844790 88.717677 63.436246 47.422350 37.682314 31.605318 19.357661 8.588252 1.626176 124.025354 99.884914 74.035082 60.368717 36.703143 62.426882
36.550000 129.057683 88.874855 63.558049 47.521562 37.767680 31.681988 19.416617 8.631297 1.658628 124.231576 100.057640 74.171751 60.486207 36.787111 62.547267
36.600000 129.270571 89.032029 63.679851 47.620774 37.853045 31.758658 19.475574 8.674344 1.691083 124.437792 100.230361 74.308417 60.603695 36.871078 62.667650
36.650000 129.483452 89.189199 63.801650 47.719984 37.938410 31.835328 19.534531 8.717393 1.723539 124.644001 100.403078 74.445080 60.721181 36.955046 62.788030
36.700000 129.696326 89.346366 63.923447 47.819194 38.023775 31.911998 19.593490 8.760443 1.755998 124.850204 100.575790 74.581740 60.838665 37.039013 62.908409
36.750000 129.909194 89.503529 64.045242 47.918403 38.109140 31.988669 19.652450 8.803495 1.788459 125.056401 100.748497 74.718397 60.956147 37.122980 63.028786
36.800000 130.122055 89.660687 64.167035 48.017610 38.194504 32.065339 19.711411 8.846550 1.820923 125.262592 100.921200 74.855052 61.073627 37.206946 63.149160
36.850000 130.334909 89.817842 64.288826 48.116817 38.279867 32.142010 19.770372 8.889605 1.853388 125.468776 101.093898 74.991703 61.191105 37.290913 63.269532
36.900000 130.547756 89.974993 64.410615 48.216022 38.365231 32.218681 19.829335 8.932663 1.885856 125.674954 101.266591 75.128352 61.308582 37.374879 63.389903
36.950000 130.760597 90.132140 64.532401 48.315227 38.450594 32.295351 19.888298 8.975722 1.918326 125.881125 101.439280 75.264997 61.426056 37.458844 63.510271
37.000000 130.973431 90.289283 64.654185 48.414430 38.535956 32.372022 19.947263 9.018783 1.950798 126.087290 101.611964 75.401640 61.543528 37.542810 63.630637
37.050000 131.186258 90.446421 64.775967 48.513632 38.621318 32.448692 20.006228 9.061845 1.983273 126.293448 101.784642 75.538279 61.660998 37.626774 63.751000
37.100000 131.399077 90.603556 64.897746 48.612833 38.706680 32.525363 20.065194 9.104909 2.015750 126.499600 101.957316 75.674916 61.778466 37.710739 63.871361
37.150000 131.611890 90.760686 65.019523 48.712032 38.792040 32.602033 20.124160 9.147975 2.048228 126.705744 102.129984 75.811549 61.895931 37.794703 63.991720
37.200000 131.824696 90.917812 65.141297 48.811230 38.877401 32.678703 20.183128 9.191042 2.080709 126.911882 102.302648 75.948179 62.013395 37.878666 64.112077
37.250000 132.037494 91.074933 65.263069 48.910427 38.962760 32.755373 20.242096 9.234111 2.113192 127.118013 102.475307 76.084805 62.130856 37.962629 64.232431
37.300000 132.250285 91.232050 65.384839 49.009622 39.048119 32.832043 20.301065 9.277181 2.145677 127.324137 102.647960 76.221429 62.248315 38.046591 64.352782
37.350000 132.463069 91.389163 65.506605 49.108816 39.133477 32.908712 20.360035 9.320253 2.178164 127.530255 102.820608 76.358048 62.365771 38.130552 64.473131
37.400000 132.675846 91.546271 65.628370 49.208009 39.218835 32.985382 20.419005 9.363326 2.210653 127.736365 102.993251 76.494665 62.483225 38.214513 64.593478
37.450000 132.888615 91.703375 65.750131 49.307200 39.304192 33.062051 20.477976 9.406401 2.243145 127.942468 103.165888 76.631278 62.600677 38.298474 64.713822
37.500000 133.101376 91.860474 65.871890 49.406390 39.389548 33.138719 20.536947 9.449477 2.275638 128.148564 103.338520 76.767888 62.718126 38.382433 64.834163
37.550000 133.314131 92.017569 65.993646 49.505578 39.474903 33.215388 20.595920 9.492555 2.308133 128.354653 103.511147 76.904494 62.835573 38.466392 64.954502
37.600000 133.526877 92.174659 66.115399 49.604764 39.560258 33.292056 20.654892 9.535634 2.340630 128.560734 103.683768 77.041097 62.953017 38.550350 65.074838
37.650000 133.739616 92.331745 66.237150 49.703949 39.645611 33.368723 20.713866 9.578715 2.373129 128.766809 103.856384 77.177696 63.070458 38.634308 65.195171
37.700000 133.952347 92.488825 66.358898 49.803133 39.730964 33.445390 20.772839 9.621797 2.405630 128.972876 104.028994 77.314291 63.187897 38.718264 65.315502
37.750000 134.165071 92.645901 66.480643 49.902314 39.816316 33.522057 20.831814 9.664880 2.438133 129.178935 104.201599 77.450883 63.305334 38.802220 65.435830
37.800000 134.377786 92.802972 66.602384 50.001494 39.901666 33.598723 20.890788 9.707964 2.470638 129.384988 104.374198 77.587471 63.422768 38.886175 65.556155
37.850000 134.590494 92.960039 66.724124 50.100673 39.987016 33.675389 20.949764 9.751050 2.503145 129.591032 104.546791 77.724055 63.540199 38.970128 65.676477
37.900000 134.803194 93.117100 66.845860 50.199849 40.072365 33.752054 21.008739 9.794137 2.535654 129.797069 104.719379 77.860636 63.657627 39.054081 65.796796
37.950000 135.015886 93.274156 66.967593 50.299024 40.157713 33.828719 21.067715 9.837226 2.568164 130.003099 104.891961 77.997213 63.775052 39.138034 65.917112
38.000000 135.228570 93.431208 67.089323 50.398197 40.243060 33.905383 21.126692 9.880316 2.600677 130.209121 105.064537 78.133786 63.892475 39.221985 66.037426
38.050000 135.441246 93.588255 67.211050 50.497368 40.328406 33.982047 21.185669 9.923407 2.633191 130.415135 105.237107 78.270355 64.009895 39.305935 66.157736
38.100000 135.653914 93.745296 67.332774 50.596537 40.413750 34.058709 21.244646 9.966499 2.665707 130.621142 105.409671 78.406920 64.127312 39.389884 66.278044
38.150000 135.866574 93.902332 67.454494 50.695705 40.499094 34.135372 21.303623 10.009592 2.698224 130.827141 105.582230 78.543481 64.244726 39.473832 66.398348
38.200000 136.079225 94.059364 67.576212 50.794870 40.584436 34.212033 21.362601 10.052687 2.730744 131.033132 105.754782 78.680038 64.362137 39.557779 66.518649
38.250000 136.291868 94.216390 67.697926 50.894034 40.669777 34.288694 21.421579 10.095783 2.763265 131.239115 105.927328 78.816591 64.479546 39.641725 66.638947
38.300000 136.504503 94.373411 67.819638 50.993195 40.755118 34.365354 21.480558 10.138879 2.795788 131.445090 106.099869 78.953140 64.596951 39.725669 66.759242
38.350000 136.717130 94.530427 67.941346 51.092355 40.840456 34.442014 21.539536 10.181977 2.828313 131.651057 106.272403 79.089686 64.714353 39.809613 66.879534
38.400000 136.929748 94.687437 68.063050 51.191512 40.925794 34.518672 21.598515 10.225077 2.860840 131.857016 106.444931 79.226226 64.831752 39.893555 66.999822
38.450000 137.142358 94.844442 68.184751 51.290668 41.011130 34.595330 21.657494 10.268177 2.893368 132.062967 106.617453 79.362763 64.949148 39.977497 67.120108
38.500000 137.354959 95.001442 68.306449 51.389821 41.096465 34.671987 21.716474 10.311278 2.925898 132.268910 106.789969 79.499296 65.066541 40.061437 67.240390
38.550000 137.567552 95.158436 68.428144 51.488973 41.181799 34.748643 21.775453 10.354381 2.958429 132.474845 106.962478 79.635824 65.183931 40.145375 67.360668
38.600000 137.780136 95.315425 68.549835 51.588122 41.267131 34.825299 21.834433 10.397484 2.990962 132.680772 107.134981 79.772348 65.301318 40.229313 67.480944
38.650000 137.992712 95.472409 68.671523 51.687269 41.352462 34.901953 21.893412 10.440589 3.023497 132.886690 107.307478 79.908868 65.418701 40.313249 67.601216
38.700000 138.205279 95.629387 68.793207 51.786414 41.437791 34.978607 21.952392 10.483694 3.056033 133.092600 107.479968 80.045384 65.536082 40.397184 67.721485
38.750000 138.417837 95.786359 68.914888 51.885556 41.523119 35.055260 22.011372 10.526801 3.088571 133.298502 107.652452 80.181895 65.653459 40.481117 67.841750
38.800000 138.630387 95.943326 69.036565 51.984697 41.608446 35.131911 22.070352 10.569908 3.121111 133.504396 107.824930 80.318401 65.770832 40.565050 67.962012
38.850000 138.842927 96.100288 69.158239 52.083835 41.693771 35.208562 22.129332 10.613016 3.153652 133.710281 107.997401 80.454904 65.888203 40.648980 68.082270
38.900000 139.055459 96.257244 69.279909 52.182971 41.779095 35.285212 22.188312 10.656126 3.186195 133.916157 108.169866 80.591402 66.005570 40.732910 68.202525
38.950000 139.267982 96.414194 69.401575 52.282104 41.864417 35.361861 22.247292 10.699236 3.218739 134.122025 108.342324 80.727895 66.122934 40.816838 68.322776
39.000000 139.480496 96.571138 69.523238 52.381235 41.949738 35.438508 22.306272 10.742347 3.251285 134.327885 108.514775 80.864384 66.240294 40.900764 68.443024
39.050000 139.693001 96.728077 69.644897 52.480364 42.035057 35.515155 22.365252 10.785459 3.283832 134.533736 108.687220 81.000868 66.357651 40.984689 68.563268
39.100000 139.905497 96.885010 69.766552 52.579490 42.120374 35.591800 22.424232 10.828572 3.316381 134.739578 108.859658 81.137348 66.475004 41.068613 68.683508
39.150000 140.117985 97.041937 69.888204 52.678614 42.205690 35.668445 22.483212 10.871686 3.348931 134.945412 109.032089 81.273823 66.592354 41.152534 68.803745
39.200000 140.330462 97.198858 70.009852 52.777736 42.291004 35.745088 22.542192 10.914801 3.381483 135.151237 109.204514 81.410294 66.709701 41.236455 68.923978
39.250000 140.542931 97.355773 70.131496 52.876855 42.376317 35.821730 22.601171 10.957917 3.414036 135.357053 109.376932 81.546760 66.827043 41.320374 69.044208
39.300000 140.755391 97.512683 70.253136 52.975972 42.461628 35.898371 22.660151 11.001033 3.446591 135.562861 109.549343 81.683221 66.944383 41.404291 69.164433
39.350000 140.967841 97.669586 70.374773 53.075086 42.546937 35.975011 22.719130 11.044150 3.479147 135.768659 109.721747 81.819677 67.061719 41.488207 69.284655
39.400000 141.180282 97.826484 70.496405 53.174197 42.632245 36.051650 22.778110 11.087268 3.511704 135.974449 109.894144 81.956129 67.179051 41.572121 69.404873
39.450000 141.392714 97.983376 70.618034 53.273306 42.717550 36.128287 22.837089 11.130387 3.544263 136.180230 110.066535 82.092576 67.296379 41.656033 69.525088
39.500000 141.605137 98.140261 70.739659 53.372413 42.802854 36.204924 22.896068 11.173506 3.576823 136.386002 110.238918 82.229018 67.413704 41.739944 69.645298
39.550000 141.817550 98.297141 70.861280 53.471517 42.888157 36.281559 22.955047 11.216626 3.609385 136.591765 110.411294 82.365456 67.531025 41.823853 69.765505
39.600000 142.029954 98.454014 70.982897 53.570618 42.973457 36.358192 23.014025 11.259747 3.641948 136.797519 110.583664 82.501888 67.648343 41.907760 69.885708
39.650000 142.242348 98.610882 71.104509 53.669716 43.058756 36.434825 23.073003 11.302869 3.674512 137.003264 110.756026 82.638316 67.765656 41.991665 70.005906
39.700000 142.454733 98.767743 71.226118 53.768812 43.144052 36.511456 23.131981 11.345991 3.707078 137.209000 110.928382 82.774738 67.882966 42.075569 70.126101
39.750000 142.667108 98.924598 71.347723 53.867905 43.229347 36.588085 23.190959 11.389114 3.739645 137.414726 111.100730 82.911156 68.000272 42.159471 70.246292
39.800000 142.879474 99.081446 71.469324 53.966996 43.314640 36.664714 23.249936 11.432238 3.772213 137.620444 111.273071 83.047569 68.117574 42.243371 70.366479
39.850000 143.091830 99.238289 71.590920 54.066083 43.399931 36.741341 23.308914 11.475362 3.804783 137.826152 111.445405 83.183976 68.234873 42.327270 70.486662
39.900000 143.304176 99.395125 71.712513 54.165168 43.485221 36.817966 23.367890 11.518487 3.837354 138.031851 111.617731 83.320379 68.352167 42.411166 70.606841
39.950000 143.516513 99.551955 71.834101 54.264251 43.570508 36.894590 23.426867 11.561613 3.869926 138.237541 111.790051 83.456777 68.469458 42.495061 70.727016
40.000000 143.728840 99.708779 71.955685 54.363330 43.655793 36.971213 23.485843 11.604739 3.902499 138.443221 111.962363 83.593169 68.586745 42.578954 70.847186
40.050000 143.941158 99.865596 72.077265 54.462406 43.741076 37.047834 23.544819 11.647866 3.935074 138.648893 112.134668 83.729557 68.704028 42.662845 70.967353
40.100000 144.153465 100.022407 72.198841 54.561480 43.826358 37.124454 23.603794 11.690993 3.967649 138.854554 112.306966 83.865939 68.821307 42.746733 71.087515
40.150000 144.365763 100.179212 72.320412 54.660551 43.911637 37.201072 23.662769 11.734121 4.000226 139.060207 112.479256 84.002316 68.938582 42.830621 71.207674
