web/models/kne/18/Metzger_0.013086_0.078621_0.100000.dat
# %ECSV 0.9
# ---
# datatype:
# - {name: time, datatype: float64}
# - {name: sdss_u, datatype: float64}
# - {name: sdss_g, datatype: float64}
# - {name: sdss_r, datatype: float64}
# - {name: sdss_i, datatype: float64}
# - {name: sdss_z, datatype: float64}
# - {name: PS1_y, datatype: float64}
# - {name: ukirt_J, datatype: float64}
# - {name: ukirt_H, datatype: float64}
# - {name: ukirt_K, datatype: float64}
# - {name: johnson_U, datatype: float64}
# - {name: johnson_B, datatype: float64}
# - {name: johnson_V, datatype: float64}
# - {name: johnson_R, datatype: float64}
# - {name: johnson_I, datatype: float64}
# - {name: Clear, datatype: float64}
# meta: !!omap
# - comment: [vej = 0.07862068965517241, mej = 0.013086248836806117, Ye = 0.1, redshift = 0.0]
# schema: astropy-2.0
time sdss_u sdss_g sdss_r sdss_i sdss_z PS1_y ukirt_J ukirt_H ukirt_K johnson_U johnson_B johnson_V johnson_R johnson_I Clear
[from data line 1491]
74.650000 212.806851 151.568297 112.883051 88.309180 73.322390 63.950469 44.990700 28.192576 17.216591 205.459305 168.626788 129.114470 108.180970 71.813565 111.336078
74.700000 212.957085 151.679380 112.969277 88.379531 73.383011 64.004980 45.032762 28.223458 17.240030 205.604851 168.748796 129.211141 108.264164 71.873204 111.421307
74.750000 213.107315 151.790460 113.055500 88.449880 73.443630 64.059489 45.074825 28.254341 17.263469 205.750393 168.870801 129.307810 108.347356 71.932841 111.506533
74.800000 213.257540 151.901537 113.141721 88.520228 73.504249 64.113997 45.116886 28.285223 17.286908 205.895930 168.992802 129.404476 108.430546 71.992477 111.591757
74.850000 213.407760 152.012610 113.227940 88.590574 73.564866 64.168504 45.158947 28.316104 17.310346 206.041462 169.114800 129.501139 108.513734 72.052112 111.676979
74.900000 213.557976 152.123680 113.314156 88.660918 73.625481 64.223010 45.201007 28.346986 17.333785 206.186990 169.236794 129.597799 108.596920 72.111745 111.762198
74.950000 213.708187 152.234747 113.400371 88.731261 73.686095 64.277515 45.243067 28.377867 17.357224 206.332514 169.358784 129.694457 108.680103 72.171378 111.847416
75.000000 213.858393 152.345811 113.486582 88.801602 73.746708 64.332019 45.285126 28.408749 17.380663 206.478033 169.480771 129.791112 108.763284 72.231008 111.932631
75.050000 214.008595 152.456872 113.572792 88.871941 73.807320 64.386522 45.327184 28.439629 17.404102 206.623548 169.602754 129.887765 108.846463 72.290638 112.017844
75.100000 214.158792 152.567929 113.658999 88.942278 73.867930 64.441023 45.369241 28.470510 17.427541 206.769058 169.724733 129.984415 108.929640 72.350266 112.103054
75.150000 214.308985 152.678983 113.745204 89.012614 73.928539 64.495524 45.411298 28.501390 17.450980 206.914563 169.846709 130.081062 109.012815 72.409893 112.188263
75.200000 214.459173 152.790034 113.831407 89.082948 73.989147 64.550023 45.453355 28.532271 17.474419 207.060065 169.968682 130.177707 109.095988 72.469519 112.273469
75.250000 214.609356 152.901082 113.917608 89.153281 74.049753 64.604522 45.495411 28.563151 17.497859 207.205561 170.090650 130.274349 109.179158 72.529143 112.358673
75.300000 214.759534 153.012127 114.003806 89.223611 74.110358 64.659019 45.537466 28.594030 17.521298 207.351054 170.212616 130.370988 109.262326 72.588767 112.443875
75.350000 214.909708 153.123168 114.090002 89.293940 74.170961 64.713515 45.579520 28.624910 17.544737 207.496542 170.334577 130.467625 109.345493 72.648388 112.529074
75.400000 215.059878 153.234207 114.176196 89.364268 74.231564 64.768010 45.621574 28.655789 17.568176 207.642025 170.456535 130.564259 109.428657 72.708009 112.614271
75.450000 215.210043 153.345242 114.262387 89.434594 74.292165 64.822504 45.663627 28.686668 17.591616 207.787504 170.578490 130.660890 109.511818 72.767628 112.699466
75.500000 215.360203 153.456274 114.348576 89.504918 74.352764 64.876997 45.705679 28.717547 17.615055 207.932978 170.700441 130.757519 109.594978 72.827246 112.784659
75.550000 215.510358 153.567303 114.434763 89.575240 74.413363 64.931488 45.747731 28.748426 17.638494 208.078449 170.822388 130.854145 109.678136 72.886863 112.869850
75.600000 215.660509 153.678328 114.520948 89.645561 74.473960 64.985979 45.789782 28.779304 17.661934 208.223914 170.944332 130.950768 109.761291 72.946478 112.955038
75.650000 215.810656 153.789351 114.607130 89.715880 74.534555 65.040468 45.831833 28.810182 17.685373 208.369376 171.066272 131.047389 109.844444 73.006092 113.040224
75.700000 215.960798 153.900370 114.693311 89.786197 74.595150 65.094957 45.873883 28.841060 17.708813 208.514832 171.188209 131.144007 109.927596 73.065705 113.125408
75.750000 216.110935 154.011386 114.779489 89.856513 74.655743 65.149444 45.915932 28.871938 17.732252 208.660285 171.310142 131.240623 110.010745 73.125317 113.210590
75.800000 216.261067 154.122399 114.865664 89.926827 74.716335 65.203930 45.957981 28.902815 17.755692 208.805733 171.432071 131.337235 110.093891 73.184927 113.295769
75.850000 216.411195 154.233409 114.951838 89.997139 74.776925 65.258416 46.000029 28.933692 17.779132 208.951177 171.553997 131.433846 110.177036 73.244536 113.380946
75.900000 216.561319 154.344416 115.038009 90.067450 74.837514 65.312900 46.042076 28.964569 17.802571 209.096616 171.675920 131.530453 110.260179 73.304144 113.466122
75.950000 216.711438 154.455420 115.124178 90.137759 74.898102 65.367383 46.084123 28.995446 17.826011 209.242051 171.797839 131.627058 110.343319 73.363750 113.551294
76.000000 216.861552 154.566420 115.210345 90.208066 74.958689 65.421864 46.126169 29.026322 17.849451 209.387481 171.919754 131.723661 110.426458 73.423356 113.636465
76.050000 217.011662 154.677417 115.296509 90.278372 75.019274 65.476345 46.168215 29.057199 17.872891 209.532907 172.041666 131.820261 110.509594 73.482960 113.721634
76.100000 217.161767 154.788412 115.382671 90.348676 75.079858 65.530825 46.210259 29.088075 17.896331 209.678329 172.163574 131.916858 110.592728 73.542562 113.806800
76.150000 217.311868 154.899403 115.468831 90.418978 75.140440 65.585304 46.252304 29.118950 17.919771 209.823746 172.285479 132.013452 110.675860 73.602164 113.891964
76.200000 217.461964 155.010391 115.554989 90.489279 75.201021 65.639781 46.294347 29.149826 17.943211 209.969159 172.407381 132.110044 110.758990 73.661764 113.977126
76.250000 217.612056 155.121375 115.641145 90.559578 75.261601 65.694258 46.336390 29.180701 17.966650 210.114568 172.529278 132.206634 110.842117 73.721363 114.062286
76.300000 217.762143 155.232357 115.727298 90.629876 75.322180 65.748733 46.378432 29.211576 17.990090 210.259972 172.651173 132.303221 110.925243 73.780960 114.147443
76.350000 217.912226 155.343336 115.813449 90.700171 75.382758 65.803207 46.420474 29.242451 18.013531 210.405372 172.773063 132.399805 111.008366 73.840557 114.232598
76.400000 218.062304 155.454311 115.899598 90.770465 75.443334 65.857680 46.462515 29.273326 18.036971 210.550767 172.894951 132.496386 111.091488 73.900152 114.317752
76.450000 218.212378 155.565284 115.985745 90.840758 75.503908 65.912153 46.504556 29.304200 18.060411 210.696159 173.016834 132.592965 111.174607 73.959745 114.402903
76.500000 218.362447 155.676253 116.071889 90.911049 75.564482 65.966624 46.546595 29.335075 18.083851 210.841545 173.138715 132.689542 111.257724 74.019338 114.488051
76.550000 218.512511 155.787219 116.158032 90.981338 75.625054 66.021094 46.588635 29.365948 18.107291 210.986928 173.260591 132.786116 111.340839 74.078929 114.573198
76.600000 218.662571 155.898182 116.244172 91.051625 75.685625 66.075563 46.630673 29.396822 18.130731 211.132306 173.382465 132.882687 111.423952 74.138519 114.658342
76.650000 218.812627 156.009142 116.330310 91.121911 75.746195 66.130030 46.672711 29.427696 18.154172 211.277680 173.504334 132.979255 111.507063 74.198108 114.743485
76.700000 218.962678 156.120099 116.416445 91.192196 75.806763 66.184497 46.714748 29.458569 18.177612 211.423049 173.626201 133.075821 111.590172 74.257695 114.828625
76.750000 219.112724 156.231052 116.502579 91.262478 75.867330 66.238963 46.756785 29.489442 18.201052 211.568415 173.748063 133.172385 111.673279 74.317282 114.913763
76.800000 219.262766 156.342003 116.588710 91.332759 75.927896 66.293427 46.798821 29.520315 18.224493 211.713776 173.869923 133.268946 111.756383 74.376867 114.998898
76.850000 219.412804 156.452951 116.674839 91.403039 75.988460 66.347891 46.840856 29.551187 18.247933 211.859132 173.991779 133.365504 111.839486 74.436450 115.084032
76.900000 219.562837 156.563895 116.760966 91.473316 76.049023 66.402353 46.882891 29.582060 18.271373 212.004484 174.113631 133.462060 111.922586 74.496033 115.169163
76.950000 219.712866 156.674837 116.847090 91.543592 76.109585 66.456815 46.924925 29.612932 18.294814 212.149832 174.235480 133.558613 112.005684 74.555614 115.254293
77.000000 219.862890 156.785775 116.933213 91.613867 76.170146 66.511275 46.966958 29.643804 18.318254 212.295176 174.357325 133.655164 112.088781 74.615194 115.339420
77.050000 220.012910 156.896710 117.019333 91.684140 76.230705 66.565734 47.008991 29.674675 18.341695 212.440515 174.479167 133.751712 112.171875 74.674773 115.424545
77.100000 220.162925 157.007642 117.105451 91.754411 76.291263 66.620193 47.051023 29.705547 18.365135 212.585850 174.601006 133.848257 112.254967 74.734350 115.509668
77.150000 220.312936 157.118572 117.191567 91.824680 76.351820 66.674650 47.093055 29.736418 18.388576 212.731181 174.722841 133.944800 112.338057 74.793926 115.594788
77.200000 220.462942 157.229498 117.277680 91.894948 76.412375 66.729106 47.135086 29.767289 18.412017 212.876507 174.844672 134.041341 112.421145 74.853501 115.679907
77.250000 220.612944 157.340421 117.363792 91.965214 76.472929 66.783561 47.177116 29.798160 18.435457 213.021830 174.966501 134.137878 112.504230 74.913075 115.765023
77.300000 220.762942 157.451340 117.449901 92.035479 76.533482 66.838015 47.219146 29.829030 18.458898 213.167147 175.088325 134.234414 112.587314 74.972647 115.850137
77.350000 220.912935 157.562257 117.536008 92.105742 76.594034 66.892467 47.261175 29.859900 18.482339 213.312461 175.210147 134.330946 112.670396 75.032219 115.935249
77.400000 221.062923 157.673171 117.622113 92.176004 76.654584 66.946919 47.303204 29.890770 18.505779 213.457770 175.331964 134.427477 112.753475 75.091789 116.020359
77.450000 221.212907 157.784082 117.708216 92.246263 76.715133 67.001370 47.345231 29.921640 18.529220 213.603076 175.453779 134.524004 112.836553 75.151357 116.105467
77.500000 221.362887 157.894990 117.794317 92.316522 76.775681 67.055820 47.387259 29.952510 18.552661 213.748376 175.575590 134.620529 112.919628 75.210925 116.190572
77.550000 221.512862 158.005894 117.880415 92.386778 76.836227 67.110268 47.429285 29.983379 18.576102 213.893673 175.697397 134.717052 113.002702 75.270491 116.275676
77.600000 221.662833 158.116796 117.966511 92.457033 76.896772 67.164716 47.471311 30.014248 18.599543 214.038965 175.819201 134.813572 113.085773 75.330056 116.360777
77.650000 221.812800 158.227694 118.052605 92.527286 76.957316 67.219162 47.513337 30.045117 18.622984 214.184253 175.941002 134.910089 113.168842 75.389620 116.445876
77.700000 221.962762 158.338590 118.138697 92.597538 77.017859 67.273608 47.555361 30.075986 18.646425 214.329537 176.062799 135.006604 113.251909 75.449182 116.530973
77.750000 222.112720 158.449482 118.224787 92.667788 77.078400 67.328052 47.597385 30.106854 18.669866 214.474817 176.184593 135.103117 113.334974 75.508744 116.616068
77.800000 222.262673 158.560372 118.310874 92.738037 77.138940 67.382495 47.639409 30.137722 18.693307 214.620092 176.306384 135.199627 113.418037 75.568304 116.701161
77.850000 222.412622 158.671258 118.396960 92.808284 77.199479 67.436938 47.681432 30.168590 18.716748 214.765363 176.428171 135.296134 113.501098 75.627863 116.786252
77.900000 222.562566 158.782142 118.483043 92.878529 77.260017 67.491379 47.723454 30.199458 18.740189 214.910630 176.549954 135.392639 113.584157 75.687420 116.871340
77.950000 222.712506 158.893022 118.569124 92.948773 77.320553 67.545819 47.765476 30.230325 18.763630 215.055893 176.671734 135.489141 113.667214 75.746977 116.956427
78.000000 222.862442 159.003900 118.655203 93.019015 77.381088 67.600258 47.807497 30.261193 18.787071 215.201151 176.793511 135.585641 113.750269 75.806532 117.041511
78.050000 223.012373 159.114774 118.741280 93.089255 77.441622 67.654696 47.849517 30.292060 18.810512 215.346406 176.915284 135.682138 113.833322 75.866086 117.126593
78.100000 223.162300 159.225645 118.827355 93.159494 77.502154 67.709133 47.891537 30.322926 18.833953 215.491656 177.037054 135.778633 113.916373 75.925638 117.211673
78.150000 223.312223 159.336514 118.913427 93.229731 77.562686 67.763569 47.933556 30.353793 18.857394 215.636901 177.158821 135.875125 113.999421 75.985190 117.296751
78.200000 223.462141 159.447379 118.999497 93.299967 77.623216 67.818004 47.975574 30.384659 18.880835 215.782143 177.280584 135.971615 114.082468 76.044740 117.381827
78.250000 223.612055 159.558241 119.085565 93.370201 77.683744 67.872438 48.017592 30.415525 18.904277 215.927380 177.402344 136.068102 114.165512 76.104289 117.466901
78.300000 223.761964 159.669100 119.171631 93.440434 77.744272 67.926871 48.059609 30.446391 18.927718 216.072614 177.524101 136.164587 114.248555 76.163837 117.551972
78.350000 223.911870 159.779957 119.257695 93.510665 77.804798 67.981302 48.101626 30.477257 18.951159 216.217843 177.645854 136.261069 114.331596 76.223383 117.637042
78.400000 224.061770 159.890810 119.343757 93.580894 77.865323 68.035733 48.143642 30.508122 18.974600 216.363067 177.767603 136.357549 114.414634 76.282929 117.722109
78.450000 224.211667 160.001660 119.429817 93.651122 77.925847 68.090163 48.185658 30.538987 18.998042 216.508288 177.889350 136.454026 114.497670 76.342473 117.807174
78.500000 224.361559 160.112508 119.515874 93.721348 77.986369 68.144591 48.227672 30.569852 19.021483 216.653505 178.011093 136.550501 114.580705 76.402015 117.892238
78.550000 224.511447 160.223352 119.601929 93.791572 78.046890 68.199019 48.269687 30.600717 19.044925 216.798717 178.132832 136.646973 114.663737 76.461557 117.977299
78.600000 224.661330 160.334193 119.687983 93.861795 78.107410 68.253445 48.311700 30.631581 19.068366 216.943925 178.254568 136.743442 114.746768 76.521098 118.062358
78.650000 224.811209 160.445032 119.774034 93.932016 78.167929 68.307871 48.353713 30.662446 19.091807 217.089129 178.376301 136.839910 114.829796 76.580637 118.147414
78.700000 224.961084 160.555867 119.860083 94.002236 78.228446 68.362295 48.395725 30.693310 19.115249 217.234329 178.498031 136.936374 114.912822 76.640175 118.232469
78.750000 225.110955 160.666699 119.946129 94.072454 78.288963 68.416719 48.437737 30.724173 19.138690 217.379524 178.619757 137.032837 114.995847 76.699712 118.317522
78.800000 225.260821 160.777529 120.032174 94.142671 78.349478 68.471141 48.479748 30.755037 19.162132 217.524716 178.741480 137.129296 115.078869 76.759247 118.402572
78.850000 225.410682 160.888355 120.118217 94.212886 78.409991 68.525562 48.521759 30.785900 19.185573 217.669903 178.863199 137.225754 115.161889 76.818781 118.487621
78.900000 225.560540 160.999179 120.204257 94.283099 78.470504 68.579983 48.563769 30.816763 19.209015 217.815086 178.984915 137.322209 115.244907 76.878315 118.572667
78.950000 225.710393 161.109999 120.290295 94.353311 78.531015 68.634402 48.605778 30.847626 19.232456 217.960265 179.106628 137.418661 115.327923 76.937846 118.657712
79.000000 225.860242 161.220817 120.376332 94.423522 78.591525 68.688820 48.647787 30.878489 19.255898 218.105440 179.228338 137.515111 115.410938 76.997377 118.742754
79.050000 226.010087 161.331631 120.462366 94.493730 78.652033 68.743237 48.689795 30.909351 19.279340 218.250611 179.350044 137.611558 115.493950 77.056907 118.827794
79.100000 226.159927 161.442443 120.548398 94.563937 78.712541 68.797653 48.731802 30.940213 19.302781 218.395778 179.471746 137.708003 115.576960 77.116435 118.912832
79.150000 226.309763 161.553251 120.634427 94.634143 78.773047 68.852068 48.773809 30.971075 19.326223 218.540940 179.593446 137.804446 115.659968 77.175962 118.997868
79.200000 226.459595 161.664057 120.720455 94.704347 78.833552 68.906482 48.815815 31.001937 19.349665 218.686098 179.715142 137.900885 115.742974 77.235488 119.082902
79.250000 226.609422 161.774860 120.806481 94.774549 78.894056 68.960895 48.857821 31.032798 19.373106 218.831253 179.836835 137.997323 115.825978 77.295013 119.167934
79.300000 226.759246 161.885660 120.892504 94.844750 78.954558 69.015307 48.899826 31.063660 19.396548 218.976403 179.958524 138.093758 115.908981 77.354536 119.252964
