web/models/kne/18/Metzger_0.038208_0.046207_0.100000.dat
# %ECSV 0.9
# ---
# datatype:
# - {name: time, datatype: float64}
# - {name: sdss_u, datatype: float64}
# - {name: sdss_g, datatype: float64}
# - {name: sdss_r, datatype: float64}
# - {name: sdss_i, datatype: float64}
# - {name: sdss_z, datatype: float64}
# - {name: PS1_y, datatype: float64}
# - {name: ukirt_J, datatype: float64}
# - {name: ukirt_H, datatype: float64}
# - {name: ukirt_K, datatype: float64}
# - {name: johnson_U, datatype: float64}
# - {name: johnson_B, datatype: float64}
# - {name: johnson_V, datatype: float64}
# - {name: johnson_R, datatype: float64}
# - {name: johnson_I, datatype: float64}
# - {name: Clear, datatype: float64}
# meta: !!omap
# - comment: [vej = 0.046206896551724136, mej = 0.038208046189546235, Ye = 0.1, redshift = 0.0]
# schema: astropy-2.0
time sdss_u sdss_g sdss_r sdss_i sdss_z PS1_y ukirt_J ukirt_H ukirt_K johnson_U johnson_B johnson_V johnson_R johnson_I Clear
[from data line 499]
25.050000 30.560562 17.004508 8.593244 3.353014 0.216592 -1.713381 -5.513109 -8.694739 -10.605072 28.923030 20.756959 12.102860 7.582979 -0.095952 8.260522
25.100000 30.665535 17.081270 8.652094 3.400425 0.256992 -1.677384 -5.486082 -8.675768 -10.591462 29.024624 20.841593 12.169236 7.639645 -0.056260 8.318653
25.150000 30.770597 17.158099 8.710998 3.447882 0.297433 -1.641350 -5.459024 -8.656771 -10.577829 29.126305 20.926300 12.235673 7.696363 -0.016528 8.376838
25.200000 30.875746 17.234996 8.769958 3.495386 0.337915 -1.605277 -5.431934 -8.637748 -10.564175 29.228071 21.011082 12.302170 7.753135 0.023246 8.435078
25.250000 30.980985 17.311961 8.828972 3.542936 0.378439 -1.569166 -5.404812 -8.618700 -10.550500 29.329924 21.095937 12.368728 7.809960 0.063060 8.493372
25.300000 31.086312 17.388994 8.888041 3.590533 0.419004 -1.533017 -5.377659 -8.599627 -10.536803 29.431863 21.180865 12.435346 7.866838 0.102915 8.551721
25.350000 31.191727 17.466095 8.947164 3.638175 0.459609 -1.496830 -5.350474 -8.580527 -10.523084 29.533887 21.265867 12.502024 7.923770 0.142811 8.610123
25.400000 31.297231 17.543263 9.006343 3.685865 0.500257 -1.460606 -5.323258 -8.561403 -10.509344 29.635998 21.350943 12.568762 7.980754 0.182747 8.668580
25.450000 31.402823 17.620499 9.065575 3.733600 0.540945 -1.424343 -5.296011 -8.542253 -10.495582 29.738194 21.436092 12.635560 8.037791 0.222724 8.727090
25.500000 31.508503 17.697803 9.124862 3.781381 0.581674 -1.388043 -5.268732 -8.523077 -10.481799 29.840476 21.521314 12.702418 8.094881 0.262741 8.785655
25.550000 31.614271 17.775174 9.184204 3.829209 0.622444 -1.351704 -5.241423 -8.503876 -10.467995 29.942844 21.606609 12.769336 8.152024 0.302799 8.844273
25.600000 31.720127 17.852613 9.243600 3.877083 0.663255 -1.315329 -5.214082 -8.484650 -10.454169 30.045297 21.691978 12.836314 8.209220 0.342897 8.902946
25.650000 31.826071 17.930118 9.303050 3.925002 0.704107 -1.278915 -5.186710 -8.465399 -10.440322 30.147835 21.777419 12.903351 8.266468 0.383035 8.961672
25.700000 31.932103 18.007691 9.362555 3.972968 0.745000 -1.242464 -5.159307 -8.446123 -10.426453 30.250459 21.862934 12.970449 8.323769 0.423214 9.020452
25.750000 31.588440 17.761110 9.177611 3.827387 0.623546 -1.348766 -5.234743 -8.493837 -10.455719 29.918422 21.589262 12.759603 8.146342 0.304196 8.837980
25.800000 31.693718 17.838128 9.236687 3.875004 0.664140 -1.312583 -5.207545 -8.474708 -10.441960 30.020316 21.674166 12.826219 8.203230 0.344081 8.896336
25.850000 31.799083 17.915213 9.295816 3.922667 0.704775 -1.276362 -5.180315 -8.455554 -10.428181 30.122294 21.759142 12.892893 8.260170 0.384006 8.954745
25.900000 31.904535 17.992364 9.354999 3.970375 0.745449 -1.240104 -5.153055 -8.436376 -10.414380 30.224357 21.844191 12.959627 8.317162 0.423970 9.013208
25.950000 32.010074 18.069582 9.414235 4.018128 0.786164 -1.203809 -5.125765 -8.417172 -10.400559 30.326504 21.929312 13.026420 8.374205 0.463975 9.071723
26.000000 32.115698 18.146866 9.473525 4.065927 0.826919 -1.167477 -5.098444 -8.397944 -10.386717 30.428735 22.014504 13.093271 8.431301 0.504019 9.130291
26.050000 32.221410 18.224216 9.532869 4.113771 0.867715 -1.131109 -5.071092 -8.378691 -10.372853 30.531050 22.099769 13.160181 8.488448 0.544103 9.188912
26.100000 32.327208 18.301632 9.592265 4.161660 0.908550 -1.094703 -5.043710 -8.359414 -10.358969 30.633449 22.185105 13.227150 8.545648 0.584226 9.247586
26.150000 32.433092 18.379115 9.651715 4.209594 0.949425 -1.058260 -5.016297 -8.340111 -10.345065 30.735932 22.270513 13.294178 8.602898 0.624389 9.306313
26.200000 32.539062 18.456663 9.711218 4.257572 0.990340 -1.021781 -4.988854 -8.320784 -10.331139 30.838499 22.355993 13.361264 8.660201 0.664591 9.365092
26.250000 32.645118 18.534277 9.770774 4.305596 1.031296 -0.985265 -4.961381 -8.301433 -10.317193 30.941149 22.441544 13.428408 8.717555 0.704833 9.423924
26.300000 32.751260 18.611957 9.830383 4.353665 1.072291 -0.948712 -4.933877 -8.282057 -10.303226 31.043883 22.527166 13.495611 8.774960 0.745113 9.482808
26.350000 32.857488 18.689703 9.890045 4.401778 1.113325 -0.912123 -4.906343 -8.262656 -10.289239 31.146700 22.612860 13.562872 8.832417 0.785434 9.541745
26.400000 32.963802 18.767514 9.949760 4.449936 1.154400 -0.875497 -4.878779 -8.243232 -10.275231 31.249601 22.698625 13.630192 8.889925 0.825793 9.600734
26.450000 33.070202 18.845391 10.009528 4.498139 1.195514 -0.838834 -4.851185 -8.223782 -10.261202 31.352585 22.784461 13.697569 8.947484 0.866192 9.659775
26.500000 33.176687 18.923333 10.069348 4.546386 1.236668 -0.802135 -4.823561 -8.204309 -10.247153 31.455652 22.870368 13.765005 9.005095 0.906629 9.718869
26.550000 33.283257 19.001341 10.129221 4.594678 1.277861 -0.765400 -4.795907 -8.184811 -10.233083 31.558802 22.956347 13.832498 9.062756 0.947106 9.778014
26.600000 33.389913 19.079414 10.189147 4.643014 1.319093 -0.728628 -4.768223 -8.165289 -10.218994 31.662034 23.042396 13.900050 9.120469 0.987621 9.837212
26.650000 33.496653 19.157552 10.249125 4.691395 1.360366 -0.691820 -4.740509 -8.145742 -10.204883 31.765350 23.128516 13.967659 9.178232 1.028176 9.896462
26.700000 33.603479 19.235755 10.309155 4.739820 1.401677 -0.654976 -4.712765 -8.126172 -10.190753 31.868748 23.214706 14.035326 9.236047 1.068769 9.955763
26.750000 33.710390 19.314023 10.369238 4.788289 1.443028 -0.618096 -4.684991 -8.106577 -10.176602 31.972229 23.300967 14.103051 9.293912 1.109401 10.015116
26.800000 33.817385 19.392356 10.429373 4.836802 1.484417 -0.581179 -4.657187 -8.086959 -10.162431 32.075792 23.387298 14.170833 9.351827 1.150072 10.074521
26.850000 33.458360 19.134422 10.235622 4.684040 1.356779 -0.693040 -4.736908 -8.137812 -10.194071 31.728873 23.101154 13.950111 9.165903 1.024970 9.883345
26.900000 33.564590 19.212190 10.295320 4.732198 1.397864 -0.656397 -4.709313 -8.118345 -10.180013 31.831694 23.186865 14.017402 9.223398 1.065341 9.942318
26.950000 33.670903 19.290023 10.355070 4.780401 1.438988 -0.619718 -4.681690 -8.098854 -10.165935 31.934597 23.272645 14.084751 9.280943 1.105750 10.001343
27.000000 33.777300 19.367919 10.414872 4.828646 1.480151 -0.583004 -4.654036 -8.079339 -10.151837 32.037580 23.358495 14.152157 9.338538 1.146198 10.060419
27.050000 33.883780 19.445880 10.474725 4.876935 1.521352 -0.546254 -4.626354 -8.059801 -10.137719 32.140646 23.444414 14.219619 9.396183 1.186683 10.119545
27.100000 33.990344 19.523904 10.534629 4.925268 1.562591 -0.509468 -4.598642 -8.040239 -10.123582 32.243792 23.530402 14.287137 9.453877 1.227207 10.178723
27.150000 34.096991 19.601992 10.594585 4.973643 1.603869 -0.472648 -4.570902 -8.020653 -10.109424 32.347019 23.616460 14.354713 9.511622 1.267768 10.237951
27.200000 34.203721 19.680143 10.654591 5.022063 1.645186 -0.435792 -4.543132 -8.001044 -10.095247 32.450327 23.702586 14.422344 9.569416 1.308368 10.297230
27.250000 34.310534 19.758358 10.714649 5.070525 1.686541 -0.398900 -4.515333 -7.981412 -10.081050 32.553715 23.788782 14.490032 9.627259 1.349005 10.356560
27.300000 34.417431 19.836637 10.774758 5.119030 1.727934 -0.361974 -4.487505 -7.961756 -10.066833 32.657184 23.875046 14.557776 9.685152 1.389680 10.415940
27.350000 34.524409 19.914979 10.834918 5.167578 1.769365 -0.325012 -4.459648 -7.942077 -10.052597 32.760734 23.961379 14.625576 9.743095 1.430393 10.475370
27.400000 34.631471 19.993384 10.895128 5.216170 1.810834 -0.288015 -4.431762 -7.922374 -10.038341 32.864364 24.047781 14.693433 9.801087 1.471143 10.534851
27.450000 34.738615 20.071852 10.955389 5.264804 1.852342 -0.250983 -4.403848 -7.902649 -10.024066 32.968074 24.134251 14.761345 9.859128 1.511931 10.594382
27.500000 34.845842 20.150382 11.015701 5.313481 1.893887 -0.213917 -4.375904 -7.882900 -10.009771 33.071864 24.220790 14.829313 9.917218 1.552757 10.653963
27.550000 34.953150 20.228976 11.076064 5.362200 1.935470 -0.176815 -4.347932 -7.863127 -9.995456 33.175734 24.307396 14.897336 9.975357 1.593619 10.713595
27.600000 35.060541 20.307633 11.136477 5.410962 1.977091 -0.139679 -4.319931 -7.843332 -9.981123 33.279684 24.394071 14.965416 10.033545 1.634519 10.773276
27.650000 35.168013 20.386352 11.196940 5.459767 2.018750 -0.102508 -4.291902 -7.823514 -9.966769 33.383713 24.480814 15.033551 10.091782 1.675457 10.833007
27.700000 35.275568 20.465134 11.257454 5.508614 2.060446 -0.065302 -4.263844 -7.803672 -9.952397 33.487822 24.567625 15.101741 10.150068 1.716431 10.892788
27.750000 35.383204 20.543978 11.318018 5.557504 2.102180 -0.028061 -4.235758 -7.783808 -9.938005 33.592010 24.654504 15.169986 10.208403 1.757443 10.952618
27.800000 35.490922 20.622884 11.378631 5.606436 2.143952 0.009213 -4.207643 -7.763920 -9.923594 33.696278 24.741450 15.238287 10.266786 1.798492 11.012499
27.850000 35.598720 20.701852 11.439295 5.655410 2.185761 0.046523 -4.179500 -7.744010 -9.909164 33.800624 24.828464 15.306643 10.325218 1.839577 11.072428
27.900000 35.706601 20.780883 11.500009 5.704426 2.227607 0.083866 -4.151329 -7.724077 -9.894714 33.905050 24.915545 15.375054 10.383698 1.880700 11.132407
27.950000 35.814562 20.859975 11.560773 5.753484 2.269491 0.121244 -4.123129 -7.704122 -9.880246 34.009554 25.002693 15.443520 10.442226 1.921859 11.192436
28.000000 35.439232 20.589987 11.357667 5.593091 2.135278 0.003473 -4.207409 -7.758319 -9.914421 33.646838 24.703309 15.212309 10.247277 1.790290 10.992013
28.050000 35.546412 20.668504 11.417985 5.641788 2.176850 0.040572 -4.179423 -7.738519 -9.900068 33.750586 24.789825 15.280274 10.305376 1.831143 11.051601
28.100000 35.653673 20.747082 11.478353 5.690525 2.218460 0.077704 -4.151410 -7.718696 -9.885698 33.854412 24.876407 15.348294 10.363522 1.872032 11.111238
28.150000 35.761013 20.825722 11.538769 5.739304 2.260106 0.114871 -4.123369 -7.698851 -9.871308 33.958316 24.963055 15.416368 10.421716 1.912958 11.170923
28.200000 35.868433 20.904421 11.599234 5.788124 2.301788 0.152071 -4.095300 -7.678983 -9.856899 34.062297 25.049770 15.484496 10.479958 1.953920 11.230657
28.250000 35.975933 20.983182 11.659748 5.836986 2.343507 0.189305 -4.067203 -7.659093 -9.842472 34.166355 25.136550 15.552678 10.538247 1.994918 11.290440
28.300000 36.083512 21.062004 11.720311 5.885889 2.385263 0.226572 -4.039079 -7.639181 -9.828026 34.270490 25.223396 15.620913 10.596583 2.035953 11.350270
28.350000 36.191170 21.140885 11.780923 5.934832 2.427055 0.263873 -4.010927 -7.619247 -9.813562 34.374702 25.310308 15.689202 10.654967 2.077023 11.410149
28.400000 36.298907 21.219828 11.841583 5.983817 2.468883 0.301207 -3.982748 -7.599290 -9.799078 34.478991 25.397286 15.757545 10.713398 2.118129 11.470076
28.450000 36.406723 21.298830 11.902291 6.032842 2.510748 0.338575 -3.954541 -7.579312 -9.784577 34.583357 25.484329 15.825941 10.771875 2.159270 11.530051
28.500000 36.514618 21.377893 11.963048 6.081909 2.552649 0.375976 -3.926307 -7.559311 -9.770057 34.687799 25.571437 15.894390 10.830400 2.200448 11.590073
28.550000 36.622591 21.457015 12.023853 6.131016 2.594586 0.413410 -3.898046 -7.539288 -9.755518 34.792317 25.658611 15.962893 10.888971 2.241661 11.650144
28.600000 36.730643 21.536198 12.084706 6.180164 2.636558 0.450877 -3.869757 -7.519244 -9.740961 34.896912 25.745849 16.031448 10.947589 2.282909 11.710262
28.650000 36.838773 21.615440 12.145608 6.229352 2.678567 0.488377 -3.841441 -7.499177 -9.726386 35.001582 25.833153 16.100057 11.006253 2.324193 11.770427
28.700000 36.946981 21.694742 12.206557 6.278580 2.720612 0.525910 -3.813099 -7.479089 -9.711792 35.106329 25.920521 16.168718 11.064964 2.365513 11.830640
28.750000 37.055267 21.774103 12.267554 6.327849 2.762692 0.563476 -3.784729 -7.458979 -9.697180 35.211151 26.007954 16.237432 11.123722 2.406868 11.890900
28.800000 37.163630 21.853524 12.328598 6.377158 2.804809 0.601075 -3.756332 -7.438847 -9.682550 35.316048 26.095451 16.306199 11.182526 2.448258 11.951208
28.850000 37.272071 21.933003 12.389690 6.426508 2.846960 0.638707 -3.727908 -7.418693 -9.667901 35.421021 26.183013 16.375018 11.241375 2.489683 12.011562
28.900000 37.380590 22.012542 12.450830 6.475897 2.889147 0.676371 -3.699457 -7.398518 -9.653235 35.526069 26.270639 16.443889 11.300271 2.531143 12.071964
28.950000 37.489185 22.092140 12.512017 6.525327 2.931370 0.714068 -3.670980 -7.378322 -9.638550 35.631193 26.358328 16.512813 11.359213 2.572638 12.132413
29.000000 37.597858 22.171797 12.573251 6.574796 2.973628 0.751797 -3.642476 -7.358103 -9.623848 35.736390 26.446082 16.581789 11.418201 2.614168 12.192908
29.050000 37.706607 22.251512 12.634532 6.624305 3.015921 0.789559 -3.613945 -7.337864 -9.609127 35.841663 26.533900 16.650816 11.477234 2.655733 12.253450
29.100000 37.815433 22.331286 12.695861 6.673853 3.058250 0.827353 -3.585388 -7.317603 -9.594388 35.947010 26.621781 16.719896 11.536313 2.697332 12.314038
29.150000 37.924336 22.411118 12.757236 6.723442 3.100613 0.865180 -3.556804 -7.297320 -9.579632 36.052432 26.709725 16.789027 11.595438 2.738967 12.374673
29.200000 37.531728 22.128353 12.544211 6.554954 2.959425 0.741135 -3.645926 -7.355075 -9.616507 35.672977 26.396308 16.546696 11.390917 2.600534 12.164446
29.250000 37.639835 22.207598 12.605131 6.604172 3.001470 0.778675 -3.617561 -7.334952 -9.601870 35.777628 26.483607 16.615317 11.449603 2.641855 12.224631
29.300000 37.748016 22.286900 12.666098 6.653429 3.043549 0.816248 -3.589171 -7.314809 -9.587216 35.882351 26.570968 16.683988 11.508334 2.683210 12.284862
29.350000 37.856273 22.366260 12.727111 6.702725 3.085664 0.853852 -3.560754 -7.294644 -9.572545 35.987147 26.658391 16.752711 11.567109 2.724599 12.345139
29.400000 37.964605 22.445677 12.788170 6.752060 3.127812 0.891488 -3.532311 -7.274458 -9.557855 36.092017 26.745877 16.821484 11.625929 2.766023 12.405462
29.450000 38.073012 22.525151 12.849274 6.801433 3.169995 0.929155 -3.503842 -7.254251 -9.543149 36.196959 26.833425 16.890308 11.684794 2.807480 12.465829
29.500000 38.181493 22.604682 12.910425 6.850846 3.212213 0.966854 -3.475348 -7.234024 -9.528424 36.301973 26.921035 16.959183 11.743702 2.848971 12.526243
29.550000 38.290048 22.684270 12.971621 6.900296 3.254464 1.004584 -3.446828 -7.213776 -9.513683 36.407060 27.008706 17.028107 11.802656 2.890495 12.586701
29.600000 38.398678 22.763915 13.032862 6.949785 3.296749 1.042346 -3.418281 -7.193507 -9.498924 36.512219 27.096440 17.097082 11.861653 2.932053 12.647205
29.650000 38.507382 22.843616 13.094149 6.999313 3.339069 1.080139 -3.389710 -7.173217 -9.484147 36.617450 27.184234 17.166107 11.920695 2.973645 12.707753
29.700000 38.616160 22.923374 13.155482 7.048878 3.381422 1.117963 -3.361112 -7.152907 -9.469354 36.722752 27.272090 17.235182 11.979780 3.015270 12.768346
29.750000 38.725012 23.003187 13.216859 7.098482 3.423809 1.155818 -3.332489 -7.132576 -9.454543 36.828126 27.360007 17.304307 12.038909 3.056929 12.828984
29.800000 38.833937 23.083057 13.278282 7.148124 3.466230 1.193704 -3.303841 -7.112225 -9.439715 36.933572 27.447985 17.373482 12.098082 3.098621 12.889667
29.850000 38.942935 23.162983 13.339749 7.197803 3.508684 1.231621 -3.275167 -7.091853 -9.424870 37.039089 27.536023 17.442706 12.157299 3.140346 12.950394
29.900000 39.052006 23.242965 13.401262 7.247521 3.551172 1.269569 -3.246468 -7.071461 -9.410008 37.144677 27.624123 17.511979 12.216559 3.182104 13.011166
29.950000 39.161151 23.323002 13.462819 7.297276 3.593693 1.307547 -3.217744 -7.051049 -9.395129 37.250336 27.712282 17.581302 12.275862 3.223895 13.071982
30.000000 39.270368 23.403095 13.524420 7.347069 3.636248 1.345556 -3.188995 -7.030616 -9.380232 37.356065 27.800503 17.650674 12.335209 3.265719 13.132842
30.050000 39.379657 23.483243 13.586066 7.396899 3.678836 1.383596 -3.160220 -7.010163 -9.365319 37.461865 27.888783 17.720095 12.394599 3.307575 13.193746
30.100000 39.489019 23.563446 13.647757 7.446767 3.721457 1.421666 -3.131421 -6.989690 -9.350389 37.567735 27.977123 17.789565 12.454032 3.349465 13.254694
