web/models/kne/18/Metzger_0.001000_0.256897_0.450000.dat
# %ECSV 0.9
# ---
# datatype:
# - {name: time, datatype: float64}
# - {name: sdss_u, datatype: float64}
# - {name: sdss_g, datatype: float64}
# - {name: sdss_r, datatype: float64}
# - {name: sdss_i, datatype: float64}
# - {name: sdss_z, datatype: float64}
# - {name: PS1_y, datatype: float64}
# - {name: ukirt_J, datatype: float64}
# - {name: ukirt_H, datatype: float64}
# - {name: ukirt_K, datatype: float64}
# - {name: johnson_U, datatype: float64}
# - {name: johnson_B, datatype: float64}
# - {name: johnson_V, datatype: float64}
# - {name: johnson_R, datatype: float64}
# - {name: johnson_I, datatype: float64}
# - {name: Clear, datatype: float64}
# meta: !!omap
# - comment: [vej = 0.25689655172413794, mej = 0.001, Ye = 0.45, redshift = 0.0]
# schema: astropy-2.0
time sdss_u sdss_g sdss_r sdss_i sdss_z PS1_y ukirt_J ukirt_H ukirt_K johnson_U johnson_B johnson_V johnson_R johnson_I Clear
[from data line 302]
15.200000 168.905169 119.227784 87.882813 67.996605 55.883073 48.315538 33.031494 19.534850 10.756985 162.942082 133.060073 101.029684 84.075855 54.664300 86.630249
15.250000 169.483638 119.655108 88.214173 68.266681 56.115585 48.524460 33.192362 19.652555 10.845953 163.502452 133.529575 101.401371 84.395513 54.893020 86.957760
15.300000 170.061946 120.082318 88.545450 68.536692 56.348045 48.733337 33.353199 19.770244 10.934914 164.062665 133.998949 101.772961 84.715091 55.121689 87.285189
15.350000 170.640094 120.509415 88.876644 68.806640 56.580452 48.942170 33.514007 19.887917 11.023869 164.622724 134.468197 102.144455 85.034589 55.350307 87.612536
15.400000 171.218081 120.936399 89.207754 69.076524 56.812808 49.150958 33.674786 20.005575 11.112816 165.182629 134.937320 102.515854 85.354008 55.578874 87.939802
15.450000 171.795909 121.363271 89.538783 69.346345 57.045112 49.359702 33.835535 20.123216 11.201756 165.742380 135.406317 102.887158 85.673349 55.807391 88.266986
15.500000 172.373579 121.790031 89.869730 69.616103 57.277365 49.568402 33.996256 20.240842 11.290689 166.301978 135.875189 103.258368 85.992612 56.035858 88.594090
15.550000 172.951092 122.216681 90.200595 69.885798 57.509567 49.777059 34.156947 20.358451 11.379615 166.861425 136.343938 103.629484 86.311797 56.264275 88.921113
15.600000 173.528449 122.643221 90.531380 70.155432 57.741718 49.985671 34.317609 20.476045 11.468534 167.420722 136.812564 104.000507 86.630904 56.492642 89.248057
15.650000 174.105650 123.069650 90.862084 70.425003 57.973819 50.194241 34.478243 20.593624 11.557447 167.979868 137.281067 104.371437 86.949935 56.720961 89.574922
15.700000 174.682697 123.495971 91.192708 70.694513 58.205870 50.402767 34.638848 20.711187 11.646352 168.538865 137.749449 104.742275 87.268889 56.949230 89.901708
15.750000 175.259589 123.922184 91.523253 70.963962 58.437870 50.611251 34.799425 20.828735 11.735251 169.097714 138.217710 105.113021 87.587767 57.177450 90.228415
15.800000 175.836329 124.348289 91.853718 71.233350 58.669822 50.819692 34.959973 20.946267 11.824143 169.656415 138.685850 105.483677 87.906570 57.405622 90.555045
15.850000 176.412917 124.774286 92.184105 71.502677 58.901723 51.028091 35.120494 21.063784 11.913028 170.214969 139.153870 105.854241 88.225297 57.633746 90.881596
15.900000 176.989354 125.200177 92.514413 71.771944 59.133576 51.236447 35.280986 21.181285 12.001907 170.773378 139.621772 106.224715 88.543949 57.861821 91.208071
15.950000 177.565640 125.625962 92.844644 72.041152 59.365380 51.444762 35.441451 21.298772 12.090779 171.331642 140.089555 106.595100 88.862527 58.089849 91.534469
16.000000 178.141777 126.051642 93.174797 72.310299 59.597135 51.653035 35.601888 21.416243 12.179644 171.889761 140.557220 106.965396 89.181031 58.317830 91.860791
16.050000 178.717765 126.477216 93.504873 72.579388 59.828842 51.861266 35.762297 21.533700 12.268502 172.447737 141.024769 107.335602 89.499461 58.545763 92.187036
16.100000 179.293605 126.902687 93.834872 72.848417 60.060500 52.069456 35.922679 21.651141 12.357354 173.005570 141.492200 107.705721 89.817818 58.773649 92.513207
16.150000 179.869298 127.328053 94.164795 73.117388 60.292111 52.277605 36.083034 21.768568 12.446199 173.563261 141.959516 108.075751 90.136103 59.001488 92.839302
16.200000 180.444844 127.753316 94.494643 73.386301 60.523674 52.485713 36.243361 21.885979 12.535037 174.120811 142.426717 108.445694 90.454314 59.229281 93.165322
16.250000 181.020245 128.178477 94.824414 73.655156 60.755190 52.693781 36.403662 22.003376 12.623869 174.678221 142.893802 108.815551 90.772454 59.457028 93.491268
16.300000 181.595501 128.603535 95.154111 73.923952 60.986659 52.901808 36.563935 22.120759 12.712694 175.235490 143.360774 109.185321 91.090522 59.684728 93.817140
16.350000 182.170613 129.028492 95.483734 74.192692 61.218081 53.109794 36.724182 22.238126 12.801513 175.792621 143.827633 109.555005 91.408518 59.912383 94.142939
16.400000 182.745582 129.453348 95.813282 74.461374 61.449456 53.317741 36.884402 22.355479 12.890325 176.349614 144.294378 109.924603 91.726444 60.139992 94.468664
16.450000 183.320408 129.878103 96.142756 74.730000 61.680785 53.525648 37.044596 22.472818 12.979131 176.906469 144.761012 110.294117 92.044299 60.367556 94.794317
16.500000 183.895092 130.302759 96.472156 74.998569 61.912068 53.733515 37.204763 22.590142 13.067930 177.463187 145.227533 110.663545 92.362083 60.595075 95.119897
16.550000 184.469636 130.727315 96.801484 75.267081 62.143304 53.941343 37.364904 22.707452 13.156723 178.019769 145.693944 111.032890 92.679798 60.822548 95.445405
16.600000 185.044039 131.151771 97.130739 75.535538 62.374496 54.149131 37.525019 22.824747 13.245509 178.576216 146.160244 111.402151 92.997443 61.049978 95.770841
16.650000 185.618302 131.576130 97.459921 75.803939 62.605641 54.356881 37.685108 22.942028 13.334289 179.132529 146.626434 111.771328 93.315019 61.277362 96.096206
16.700000 186.192427 132.000390 97.789032 76.072284 62.836741 54.564591 37.845172 23.059295 13.423062 179.688707 147.092515 112.140423 93.632527 61.504703 96.421500
16.750000 186.766413 132.424553 98.118070 76.340575 63.067797 54.772263 38.005209 23.176548 13.511829 180.244752 147.558487 112.509435 93.949965 61.731999 96.746724
16.800000 187.340262 132.848619 98.447038 76.608810 63.298807 54.979896 38.165221 23.293787 13.600589 180.800664 148.024350 112.878365 94.267336 61.959252 97.071877
16.850000 187.913975 133.272588 98.775935 76.876991 63.529773 55.187492 38.325207 23.411011 13.689344 181.356445 148.490106 113.247213 94.584639 62.186461 97.396960
16.900000 188.487551 133.696462 99.104761 77.145118 63.760694 55.395048 38.485168 23.528222 13.778091 181.912094 148.955755 113.615980 94.901874 62.413627 97.721974
16.950000 189.060992 134.120240 99.433516 77.413191 63.991572 55.602567 38.645103 23.645419 13.866833 182.467613 149.421297 113.984667 95.219042 62.640749 98.046919
17.000000 189.634298 134.543923 99.762202 77.681209 64.222405 55.810049 38.805014 23.762602 13.955568 183.023001 149.886733 114.353272 95.536143 62.867829 98.371794
17.050000 190.207470 134.967511 100.090819 77.949175 64.453195 56.017492 38.964899 23.879771 14.044297 183.578261 150.352064 114.721798 95.853178 63.094865 98.696602
17.100000 190.780509 135.391005 100.419366 78.217086 64.683941 56.224899 39.124760 23.996927 14.133020 184.133392 150.817289 115.090244 96.170147 63.321860 99.021341
17.150000 191.353416 135.814406 100.747845 78.484945 64.914644 56.432268 39.284595 24.114069 14.221736 184.688395 151.282410 115.458611 96.487050 63.548812 99.346012
17.200000 191.926190 136.237714 101.076254 78.752752 65.145304 56.639600 39.444406 24.231197 14.310447 185.243270 151.747427 115.826899 96.803888 63.775722 99.670616
17.250000 192.498833 136.660929 101.404596 79.020505 65.375920 56.846895 39.604193 24.348312 14.399151 185.798019 152.212341 116.195109 97.120660 64.002589 99.995152
17.300000 193.071345 137.084051 101.732870 79.288207 65.606494 57.054153 39.763954 24.465413 14.487848 186.352642 152.677151 116.563240 97.437367 64.229416 100.319622
17.350000 193.643727 137.507082 102.061076 79.555856 65.837026 57.261375 39.923692 24.582501 14.576540 186.907139 153.141860 116.931294 97.754010 64.456200 100.644025
17.400000 194.215980 137.930021 102.389216 79.823454 66.067515 57.468561 40.083405 24.699575 14.665225 187.461512 153.606466 117.299270 98.070589 64.682943 100.968362
17.450000 194.788104 138.352870 102.717288 80.091000 66.297963 57.675710 40.243094 24.816636 14.753905 188.015760 154.070970 117.667170 98.387103 64.909646 101.292633
17.500000 195.360100 138.775628 103.045294 80.358495 66.528368 57.882823 40.402759 24.933684 14.842578 188.569885 154.535374 118.034993 98.703554 65.136307 101.616838
17.550000 195.931969 139.198296 103.373233 80.625939 66.758731 58.089901 40.562400 25.050718 14.931245 189.123886 154.999677 118.402739 99.019942 65.362927 101.940978
17.600000 196.503710 139.620874 103.701107 80.893332 66.989054 58.296942 40.722018 25.167740 15.019906 189.677765 155.463880 118.770410 99.336267 65.589507 102.265053
17.650000 197.075326 140.043364 104.028915 81.160674 67.219334 58.503949 40.881611 25.284748 15.108561 190.231523 155.927984 119.138005 99.652529 65.816046 102.589064
17.700000 197.646815 140.465764 104.356658 81.427966 67.449574 58.710919 41.041181 25.401743 15.197210 190.785159 156.391988 119.505525 99.968728 66.042545 102.913010
17.750000 198.218179 140.888076 104.684335 81.695208 67.679772 58.917855 41.200727 25.518725 15.285852 191.338674 156.855894 119.872970 100.284866 66.269004 103.236892
17.800000 198.789419 141.310300 105.011949 81.962401 67.909930 59.124756 41.360250 25.635694 15.374489 191.892069 157.319702 120.240341 100.600941 66.495424 103.560710
17.850000 199.360535 141.732437 105.339497 82.229543 68.140048 59.331621 41.519750 25.752650 15.463120 192.445345 157.783412 120.607638 100.916955 66.721803 103.884465
17.900000 199.931528 142.154487 105.666982 82.496636 68.370124 59.538452 41.679226 25.869593 15.551745 192.998501 158.247025 120.974861 101.232908 66.948143 104.208157
17.950000 200.502398 142.576450 105.994402 82.763680 68.600161 59.745248 41.838679 25.986524 15.640364 193.551540 158.710541 121.342010 101.548799 67.174444 104.531786
18.000000 201.073146 142.998326 106.321760 83.030675 68.830158 59.952010 41.998109 26.103441 15.728976 194.104460 159.173961 121.709086 101.864630 67.400706 104.855352
18.050000 201.643772 143.420117 106.649054 83.297622 69.060114 60.158738 42.157517 26.220346 15.817583 194.657263 159.637285 122.076090 102.180401 67.626929 105.178856
18.100000 202.214277 143.841822 106.976285 83.564519 69.290031 60.365431 42.316901 26.337238 15.906184 195.209949 160.100514 122.443021 102.496111 67.853113 105.502298
18.150000 202.784662 144.263442 107.303453 83.831369 69.519909 60.572091 42.476263 26.454118 15.994779 195.762519 160.563647 122.809880 102.811761 68.079258 105.825678
18.200000 203.354926 144.684978 107.630559 84.098170 69.749747 60.778716 42.635602 26.570985 16.083368 196.314973 161.026686 123.176668 103.127352 68.305365 106.148996
18.250000 203.925072 145.106429 107.957603 84.364924 69.979546 60.985308 42.794918 26.687839 16.171951 196.867312 161.489631 123.543384 103.442883 68.531433 106.472254
18.300000 204.495098 145.527796 108.284585 84.631630 70.209306 61.191866 42.954212 26.804681 16.260529 197.419537 161.952483 123.910029 103.758355 68.757463 106.795450
18.350000 205.065006 145.949080 108.611506 84.898288 70.439027 61.398391 43.113484 26.921511 16.349100 197.971647 162.415241 124.276603 104.073769 68.983456 107.118586
18.400000 205.634797 146.370280 108.938365 85.164899 70.668710 61.604883 43.272733 27.038328 16.437666 198.523644 162.877906 124.643106 104.389124 69.209411 107.441662
18.450000 206.204470 146.791398 109.265164 85.431463 70.898354 61.811341 43.431960 27.155132 16.526226 199.075528 163.340479 125.009540 104.704420 69.435328 107.764677
18.500000 206.774027 147.212433 109.591902 85.697980 71.127960 62.017767 43.591165 27.271925 16.614780 199.627299 163.802959 125.375903 105.019659 69.661207 108.087633
18.550000 207.343467 147.633386 109.918579 85.964451 71.357527 62.224160 43.750348 27.388705 16.703328 200.178958 164.265348 125.742197 105.334839 69.887049 108.410528
18.600000 207.912792 148.054257 110.245196 86.230875 71.587057 62.430520 43.909509 27.505472 16.791870 200.730505 164.727646 126.108422 105.649962 70.112854 108.733365
18.650000 208.482002 148.475047 110.571753 86.497253 71.816548 62.636847 44.068649 27.622228 16.880407 201.281941 165.189854 126.474578 105.965028 70.338622 109.056143
18.700000 209.051097 148.895756 110.898250 86.763585 72.046003 62.843142 44.227766 27.738971 16.968938 201.833267 165.651970 126.840665 106.280037 70.564354 109.378861
18.750000 209.620077 149.316384 111.224688 87.029871 72.275419 63.049405 44.386862 27.855703 17.057463 202.384482 166.113997 127.206684 106.594988 70.790048 109.701522
18.800000 210.188945 149.736932 111.551067 87.296112 72.504798 63.255635 44.545936 27.972422 17.145982 202.935588 166.575935 127.572635 106.909884 71.015706 110.024124
18.850000 210.757699 150.157400 111.877387 87.562307 72.734140 63.461834 44.704989 28.089129 17.234496 203.486585 167.037783 127.938518 107.224723 71.241328 110.346667
18.900000 211.326341 150.577789 112.203649 87.828456 72.963445 63.668000 44.864020 28.205824 17.323004 204.037473 167.499542 128.304334 107.539506 71.466913 110.669153
18.950000 211.894870 150.998098 112.529852 88.094561 73.192713 63.874135 45.023030 28.322508 17.411506 204.588253 167.961213 128.670082 107.854233 71.692463 110.991582
19.000000 212.463288 151.418328 112.855996 88.360621 73.421944 64.080238 45.182019 28.439179 17.500003 205.138926 168.422795 129.035764 108.168904 71.917976 111.313953
19.050000 213.031595 151.838480 113.182083 88.626636 73.651139 64.286310 45.340987 28.555839 17.588494 205.689491 168.884290 129.401379 108.483520 72.143454 111.636267
19.100000 213.599791 152.258553 113.508113 88.892606 73.880297 64.492350 45.499933 28.672486 17.676979 206.239949 169.345698 129.766927 108.798081 72.368896 111.958524
19.150000 214.167876 152.678549 113.834084 89.158532 74.109419 64.698359 45.658859 28.789122 17.765458 206.790301 169.807019 130.132410 109.112587 72.594302 112.280725
19.200000 214.735853 153.098466 114.159999 89.424415 74.338504 64.904337 45.817763 28.905747 17.853932 207.340547 170.268253 130.497827 109.427038 72.819673 112.602869
19.250000 215.303719 153.518307 114.485857 89.690253 74.567554 65.110283 45.976647 29.022359 17.942401 207.890687 170.729401 130.863178 109.741435 73.045009 112.924958
19.300000 215.871477 153.938071 114.811658 89.956047 74.796568 65.316199 46.135510 29.138960 18.030863 208.440723 171.190464 131.228465 110.055777 73.270310 113.246990
19.350000 216.439127 154.357758 115.137402 90.221798 75.025546 65.522084 46.294352 29.255549 18.119320 208.990654 171.651440 131.593686 110.370066 73.495576 113.568966
19.400000 217.006669 154.777369 115.463091 90.487505 75.254488 65.727939 46.453174 29.372127 18.207772 209.540481 172.112332 131.958843 110.684301 73.720807 113.890888
19.450000 217.574103 155.196904 115.788723 90.753169 75.483395 65.933763 46.611975 29.488693 18.296218 210.090204 172.573139 132.323935 110.998482 73.946004 114.212754
19.500000 218.141431 155.616363 116.114299 91.018790 75.712267 66.139556 46.770756 29.605247 18.384658 210.639825 173.033862 132.688963 111.312610 74.171166 114.534565
19.550000 218.708652 156.035747 116.439820 91.284368 75.941104 66.345320 46.929516 29.721790 18.473093 211.189342 173.494500 133.053927 111.626684 74.396293 114.856321
19.600000 219.275766 156.455055 116.765286 91.549903 76.169905 66.551053 47.088256 29.838322 18.561523 211.738757 173.955055 133.418828 111.940706 74.621386 115.178023
19.650000 219.842775 156.874289 117.090697 91.815396 76.398672 66.756756 47.246976 29.954842 18.649946 212.288070 174.415526 133.783665 112.254675 74.846446 115.499670
19.700000 220.409679 157.293449 117.416052 92.080846 76.627404 66.962429 47.405676 30.071351 18.738365 212.837281 174.875915 134.148439 112.568592 75.071471 115.821263
19.750000 220.976479 157.712535 117.741353 92.346254 76.856101 67.168072 47.564355 30.187848 18.826777 213.386391 175.336220 134.513151 112.882456 75.296462 116.142803
19.800000 221.543173 158.131546 118.066600 92.611620 77.084764 67.373685 47.723015 30.304335 18.915185 213.935401 175.796444 134.877799 113.196268 75.521420 116.464288
19.850000 222.109764 158.550484 118.391792 92.876944 77.313393 67.579269 47.881654 30.420810 19.003587 214.484310 176.256585 135.242386 113.510028 75.746344 116.785721
19.900000 222.676252 158.969349 118.716930 93.142227 77.541987 67.784824 48.040274 30.537273 19.091983 215.033120 176.716645 135.606910 113.823737 75.971235 117.107100
