web/models/kne/18/mosfit_kn_0.014776_0.0770_3.6500.dat
# %ECSV 1.0
# ---
# datatype:
# - {name: time, datatype: float64}
# - {name: PS1_g, datatype: float64}
# - {name: PS1_i, datatype: float64}
# - {name: PS1_r, datatype: float64}
# - {name: PS1_w, datatype: float64}
# - {name: PS1_y, datatype: float64}
# - {name: PS1_z, datatype: float64}
# - {name: swift_uvot_B, datatype: float64}
# - {name: swift_uvot_U, datatype: float64}
# - {name: swift_uvot_uvm2, datatype: float64}
# - {name: swift_uvot_uvw1, datatype: float64}
# - {name: swift_uvot_uvw2, datatype: float64}
# - {name: swift_uvot_V, datatype: float64}
# - {name: johnson_B, datatype: float64}
# - {name: johnson_I, datatype: float64}
# - {name: johnson_R, datatype: float64}
# - {name: johnson_U, datatype: float64}
# - {name: johnson_V, datatype: float64}
# - {name: sdss_g, datatype: float64}
# - {name: sdss_i, datatype: float64}
# - {name: sdss_r, datatype: float64}
# - {name: sdss_u, datatype: float64}
# - {name: sdss_z, datatype: float64}
# - {name: ATLAS_c, datatype: float64}
# - {name: ATLAS_o, datatype: float64}
# - {name: ukirt_H, datatype: float64}
# - {name: ukirt_J, datatype: float64}
# - {name: ukirt_K, datatype: float64}
# - {name: Clear, datatype: float64}
# meta: !!omap
# - comment: [kappa = 3.65, type = rprocess, mass = 0.014775890654408853, velocity = 0.07700000000000001, theta_obs = 0.0, tfloor = 1000.0]
# schema: astropy-2.0
time PS1_g PS1_i PS1_r PS1_w PS1_y PS1_z swift_uvot_B swift_uvot_U swift_uvot_uvm2 swift_uvot_uvw1 swift_uvot_uvw2 swift_uvot_V johnson_B johnson_I johnson_R johnson_U johnson_V sdss_g sdss_i sdss_r sdss_u sdss_z ATLAS_c ATLAS_o ukirt_H ukirt_J ukirt_K Clear
[from data line 404]
24.34869739478958 8.580282863301782 -0.30154594989749484 3.173524828140355 1.2056010166363684 -3.824735998422746 -2.4070600335756254 12.12018943986627 18.77913353776119 32.667728841790364 14.74471606983574 17.25773257631539 6.539799556172567 10.91625212290008 -1.8550592563194455 1.1149735104055545 17.748132358509448 5.584777221003832 9.392822964616236 -0.22028999778450853 3.402013487636779 19.280239067936016 -2.980487645597627 5.1526013978829965 0.700188873273202 -8.773723376338241 -6.6242340808485505 -10.13401205681143 -1.0802930271249878
24.40881763527054 8.584731491689439 -0.29709732150983825 3.1779734565280116 1.210049645024025 -3.8202873700350892 -2.402611405187969 12.124638068253926 18.783582166148847 32.67217747017802 14.749164698223396 17.262181204703047 6.544248184560241 10.920700751287736 -1.8506106279317889 1.119422138793211 17.752580986897105 5.589225849391489 9.397271593003893 -0.21584136939685195 3.4064621160244357 19.284687696323672 -2.9760390172099704 5.157050026270653 0.7046375016608586 -8.769274747950584 -6.619785452460894 -10.129563428423774 -1.0758443987373312
24.468937875751504 8.589168012533186 -0.29266080066609135 3.1824099773717407 1.2144861658677542 -3.81585084919136 -2.398174884344222 12.129074589097673 18.788018686992576 32.67661399102176 14.753601219067143 17.266617725546794 6.5486847054039705 10.925137272131483 -1.846174107088042 1.123858659636958 17.757017507740834 5.593662370235218 9.401708113847622 -0.21140484855310504 3.4108986368681826 19.2891242171674 -2.9716024963662235 5.161486547114382 0.7090740225046055 -8.764838227106855 -6.615348931617165 -10.125126907580027 -1.0714078778935843
24.529058116232463 8.593592506148795 -0.2882363070504823 3.1868344709873497 1.218910659483381 -3.811426355575751 -2.393750390728613 12.133499082713282 18.792443180608203 32.68103848463738 14.758025712682752 17.271042219162403 6.55310919901958 10.929561765747092 -1.841749613472433 1.128283153252567 17.761442001356443 5.5980868638508445 9.406132607463249 -0.206980354937496 3.4153231304837917 19.29354871078303 -2.9671780027506145 5.165911040730009 0.7134985161202145 -8.760413733491246 -6.610924438001556 -10.120702413964418 -1.0669833842779752
24.589178356713425 8.598005061394893 -0.2838237518044018 3.191247026233448 1.2233232147294615 -3.8070138003296528 -2.3893378354825323 12.137911637959363 18.796855735854283 32.68545103988347 14.76243826792885 17.2754547744085 6.557521754265678 10.933974320993173 -1.8373370582263524 1.1326957084986475 17.76585455660254 5.602499419096925 9.41054516270933 -0.2025677996913977 3.41973568572989 19.29796126602911 -2.962765447504516 5.17032359597609 0.7179110713663128 -8.756001178245148 -6.606511882755457 -10.11628985871832 -1.062570829031877
24.649298597194388 8.602405730403433 -0.2794230827958444 3.1956476952419877 1.2277238837380189 -3.802613131321113 -2.384937166473975 12.14231230696792 18.80125640486284 32.689851708892014 14.76683893693739 17.27985544341704 6.5619224232742175 10.93837499000173 -1.832936389217795 1.137096377507205 17.77025522561108 5.606900088105465 9.414945831717887 -0.19816713068285807 3.4241363547384296 19.302361935037666 -2.9583647784959766 5.174724264984647 0.7223117403748525 -8.751600509236608 -6.602111213746918 -10.11188918970978 -1.0581701600233373
24.70941883767535 8.606794602429346 -0.27503421076993106 3.200036567267901 1.2321127557639144 -3.7982242592952 -2.3805482944480616 12.146701178993833 18.805645276888736 32.69424058091791 14.771227808963303 17.284244315442955 6.566311295300131 10.942763862027626 -1.8285475171918817 1.1414852495331005 17.774644097636994 5.611288960131378 9.419334703743782 -0.19377825865694476 3.428525226764343 19.306750807063562 -2.9539759064700633 5.1791131370105425 0.7267006124007658 -8.747211637210695 -6.5977223417210045 -10.107500317683867 -1.053781287997424
24.769539078156313 8.611171737925822 -0.27065707527345495 3.204413702764395 1.2364898912604083 -3.7938471237987237 -2.3761711589515855 12.15107831449031 18.81002241238523 32.698617716414404 14.77560494445978 17.28862145093943 6.570688430796607 10.94714099752412 -1.8241703816954056 1.1458623850295944 17.77902123313347 5.615666095627872 9.423711839240276 -0.18940112316046864 3.432902362260819 19.311127942560056 -2.949598770973587 5.183490272507036 0.7310777478972419 -8.742834501714201 -6.593345206224511 -10.10312318218739 -1.0494041525009479
24.829659318637272 8.615537204630765 -0.26629160856851186 3.20877916946932 1.2408553579653514 -3.7894816570937806 -2.3718056922466424 12.155443781195252 18.814387879090173 32.702983183119336 14.779970411164722 17.292986917644374 6.57505389750155 10.951506464229062 -1.8198049149904625 1.1502278517345375 17.783386699838413 5.620031562332797 9.428077305945202 -0.18503565645552555 3.437267828965762 19.315493409265 -2.945233304268644 5.187855739211962 0.735443214602185 -8.738469035009276 -6.588979739519585 -10.098757715482447 -1.0450386857960048
24.889779559118235 8.619891073267656 -0.26193773993163916 3.2131330381062106 1.245209226602224 -3.78512778845689 -2.3674518236097697 12.159797649832125 18.818741747727046 32.70733705175622 14.784324279801595 17.297340786281246 6.5794077661384405 10.955860332865935 -1.8154510463535898 1.1545817203714102 17.787740568475304 5.624385430969688 9.432431174582092 -0.1806817878186351 3.441621697602635 19.31984727790187 -2.9408794356317536 5.192209607848852 0.7397970832390754 -8.734115166372385 -6.584625870882695 -10.094403846845557 -1.0406848171591143
24.949899799599198 8.624233422479755 -0.25759539071952275 3.2174753873183093 1.2495515758143227 -3.7807854392447915 -2.3631094743976533 12.164139999044242 18.823084096939144 32.71167940096833 14.788666629013711 17.301683135493363 6.583750115350539 10.960202682078052 -1.8111086971414734 1.1589240695835266 17.792082917687402 5.628727780181786 9.43677352379419 -0.17633943860653645 3.445964046814751 19.32418962711397 -2.936537086419655 5.196551957060951 0.7441394324511741 -8.729772817160287 -6.580283521670596 -10.090061497633458 -1.0363424679470157
25.01002004008016 8.628564332760256 -0.2532644804390216 3.2218062975988104 1.2538824860948417 -3.7764545289642903 -2.358778564117152 12.168470909324743 18.827415007219663 32.71601031124883 14.792997539294213 17.306014045773864 6.58808102563104 10.964533592358553 -1.8067777868609722 1.1632549798640277 17.796413827967903 5.6330586904622875 9.441104434074692 -0.1720085283260353 3.4502949570952524 19.32852053739449 -2.932206176139154 5.200882867341452 0.7484703427316752 -8.725441906879785 -6.575952611390095 -10.085730587352957 -1.0320115576665145
25.07014028056112 8.632883847401978 -0.24894496579729974 3.2261258122405323 1.2582020007365458 -3.7721350143225685 -2.3544590494754303 12.172790423966465 18.831734521861367 32.72032982589055 14.797317053935934 17.310333560415586 6.592400540272762 10.968853107000257 -1.8024582722192504 1.1675744945057318 17.800733342609625 5.637378205104009 9.445423948716414 -0.16768901368431344 3.4546144717369742 19.332840052036193 -2.927886661497432 5.205202381983174 0.7527898573733971 -8.721122392238064 -6.571633096748373 -10.081411072711235 -1.0276920430247927
25.130260521042082 8.637192048435427 -0.24463676476385032 3.2304340132739995 1.262510201770013 -3.767826813289119 -2.350150848441981 12.177098624999914 18.836042722894835 32.724638026924005 14.801625254969384 17.314641761449035 6.5967087413062115 10.973161308033724 -1.798150071185801 1.171882695539199 17.805041543643075 5.6416864061374765 9.449732149749881 -0.16338081265086402 3.4589226727704236 19.33714825306966 -2.9235784604639825 5.209510583016641 0.7570980584068465 -8.716814191204596 -6.567324895714906 -10.077102871677786 -1.0233838419913432
25.190380761523045 8.64148899867537 -0.24033981452390663 3.2347309635139254 1.2668071520099566 -3.7635298630491754 -2.345853898202037 12.181395575239858 18.84033967313478 32.72893497716394 14.805922205209328 17.31893871168898 6.601005691546155 10.977458258273668 -1.7938531209458572 1.1761796457791427 17.80933849388302 5.6459833563774025 9.454029099989807 -0.15908386241092032 3.4632196230103673 19.341445203309604 -2.919281510224039 5.213807533256585 0.7613950086467902 -8.71251724096467 -6.56302794547498 -10.072805921437842 -1.0190868917513995
25.250501002004007 8.64577489114751 -0.23605392205176656 3.2390168559860832 1.2710930444820967 -3.7592439705770175 -2.341568005729897 12.185681467711998 18.84462556560692 32.73322086963609 14.810208097681468 17.32322460416112 6.605291584018313 10.981744150745808 -1.7895672284737172 1.1804655382512828 17.813624386355176 5.65026924884956 9.458314992461965 -0.1547979699387625 3.4675055154825074 19.345731095781744 -2.914995617751881 5.218093425728725 0.7656809011189303 -8.708231348492513 -6.558742053002822 -10.068520028965684 -1.0148009992792417
25.31062124248497 8.650049518399872 -0.23177929479940573 3.2432914832384263 1.2753676717344575 -3.7549693433246745 -2.3372933784775363 12.189956094964359 18.84890019285928 32.73749549688844 14.814482724933828 17.32749923141348 6.609566211270656 10.986018777998169 -1.7852926012213564 1.1847401655036436 17.81789901360752 5.654543876101903 9.462589619714308 -0.15052334268641943 3.4717801427348682 19.350005723034105 -2.910720990499538 5.222368052981068 0.7699555283712911 -8.70395672124017 -6.554467425750479 -10.064245401713341 -1.0105263720268987
25.37074148296593 8.65431309465965 -0.22751571853962815 3.2475550594982217 1.279631247994235 -3.750705767064879 -2.3330298022177587 12.194219671224136 18.853163769119057 32.74175907314823 14.818746301193606 17.331762807673257 6.6138297875304515 10.990282354257946 -1.7810290249615788 1.1890037417634212 17.822162589867315 5.658807452361699 9.466853195974103 -0.14625976642664185 3.476043718994646 19.354269299293883 -2.9064574142397426 5.226631629240863 0.7742191046310687 -8.699693144980374 -6.550203849490684 -10.059981825453564 -1.0062627957671033
25.430861723446892 8.658565693947615 -0.2232631192516621 3.2518076587861877 1.2838838472822012 -3.746453167776931 -2.3287772029297926 12.198472270512102 18.857416368407023 32.7460116724362 14.822998900481572 17.336015406961224 6.6180823868184 10.994534953545912 -1.7767764256736127 1.1932563410513872 17.826415189155263 5.663060051649665 9.47110579526207 -0.14200716713867578 3.480296318282612 19.35852189858185 -2.9022048149517943 5.230884228528829 0.7784717039190348 -8.695440545692408 -6.5459512502027355 -10.055729226165598 -1.002010196479155
25.490981963927855 8.662807362880844 -0.21902145031845066 3.256049327719399 1.2881255162154126 -3.7422114988437016 -2.324535533996581 12.202713939445314 18.861658037340234 32.75025334136941 14.827240569414784 17.340257075894435 6.622324055751629 10.998776622479124 -1.7725347567404013 1.1974980099845987 17.830656858088492 5.667301720582876 9.47534746419528 -0.1377654982054466 3.4845379872158233 19.36276356751506 -2.897963146018565 5.235125897462041 0.7827133728522639 -8.691198876759197 -6.541709581269506 -10.051487557232369 -0.9977685275459258
25.551102204408817 8.667038171506896 -0.2147906416923817 3.2602801363454503 1.2923563248414638 -3.7379806902176504 -2.3203047253705122 12.206944748071383 18.865888845966285 32.75448414999547 14.831471378040852 17.344487884520504 6.62655486437768 11.003007431105193 -1.7683039481143323 1.2017288186106676 17.834887666714543 5.671532529208927 9.479578272821332 -0.1335346895793954 3.4887687958418923 19.36699437614111 -2.893732337392514 5.239356706088092 0.7869441814783151 -8.686968068133146 -6.537478772643455 -10.047256748606317 -0.9935377189198746
25.61122244488978 8.671258183729247 -0.21057062947003047 3.2645001485678016 1.2965763370638328 -3.733760677995299 -2.316084713148161 12.211164760293734 18.870108858188654 32.758704162217825 14.835691390263204 17.348707896742855 6.630774876600031 11.007227443327544 -1.764083935891981 1.2059488308330188 17.839107678936895 5.675752541431279 9.4837982850437 -0.12931467735704416 3.4929888080642435 19.37121438836348 -2.8895123251701627 5.243576718310461 0.7911641937006664 -8.682748055910794 -6.533258760421104 -10.043036736383966 -0.9893177066975234
25.67134268537074 8.675467457082675 -0.20636135611662 3.26870942192123 1.3007856104172433 -3.729551404641871 -2.3118754397947505 12.215374033647144 18.874318131542065 32.76291343557124 14.839900663616632 17.352917170096266 6.63498414995346 11.011436716680954 -1.7598746625385706 1.2101581041864293 17.843316952290323 5.679961814784707 9.488007558397111 -0.12510540400361592 3.4971980814176717 19.37542366171689 -2.8853030518167344 5.247785991663871 0.7953734670540946 -8.678538782557366 -6.529049487067676 -10.038827463030538 -0.9851084333440951
25.7314629258517 8.679666043137662 -0.20216277006163352 3.2729080079762163 1.3049841964722297 -3.7253528185868845 -2.307676853739764 12.21957261970213 18.87851671759705 32.76711202162623 14.844099249671618 17.357115756151252 6.639182736008446 11.01563530273594 -1.7556760764835841 1.2143566902414158 17.84751553834531 5.684160400839693 9.492206144452098 -0.12090681794862945 3.501396667472658 19.379622247771877 -2.881104465761748 5.251984577718858 0.7995720531090811 -8.67434019650238 -6.524850901012689 -10.034628876975551 -0.9809098472891087
25.791583166332664 8.683854015468562 -0.19797479773073334 3.2770959803071165 1.30917216880313 -3.7211648462559843 -2.303488881408864 12.223760592033031 18.88270468992795 32.771299993957136 14.848287222002519 17.36130372848217 6.643370708339346 11.019823275066841 -1.7514881041526662 1.218544662572316 17.85170351067621 5.6883483731705935 9.496394116782998 -0.11671884561772927 3.5055846398035584 19.383810220102777 -2.8769164934308478 5.256172550049758 0.8037600254399813 -8.67015222417148 -6.520662928681789 -10.030440904644651 -0.9767218749582085
25.851703406813627 8.688031435436017 -0.19379737776326067 3.2812734002745714 1.3133495887706026 -3.7169874262885294 -2.299311461441391 12.227938012000504 18.886882109895424 32.775477413924584 14.852464641969974 17.365481148449625 6.647548128306801 11.024000695034314 -1.7473106841852113 1.2227220825397886 17.855880930643664 5.692525793138048 9.500571536750453 -0.11254142565027436 3.5097620597710133 19.38798764007025 -2.872739073463393 5.260349970017231 0.8079374454074362 -8.665974804204025 -6.516485508714334 -10.026263484677196 -0.9725444549907536
25.91182364729459 8.692198364952493 -0.18963044824680253 3.2854403297910473 1.3175165182870607 -3.7128204967720535 -2.295144531924933 12.232104941516962 18.891049039411882 32.77964434344106 14.85663157148645 17.3696480779661 6.651715057823277 11.028167624550772 -1.7431437546687532 1.2268890120562468 17.86004786016014 5.696692722654524 9.504738466266929 -0.10837449613379846 3.513928989287489 19.392154569586708 -2.868572143946917 5.264516899533689 0.8121043749239121 -8.661807874687549 -6.512318579197858 -10.02209655516072 -0.9683775254742777
25.97194388777555 8.69635485409436 -0.18547395910491815 3.289596818932914 1.3216730074289273 -3.708664007630187 -2.2909880427830487 12.236261430658846 18.89520552855375 32.78380083258293 14.860788060628316 17.373804567107968 6.655871546965144 11.032324113692656 -1.7389872655268688 1.2310455011981312 17.864204349302007 5.700849211796391 9.508894955408795 -0.10421800699193184 3.518085478429356 19.396311058728575 -2.8644156548050503 5.2686733886755555 0.8162608640657787 -8.657651385545682 -6.5081620900559916 -10.017940066018854 -0.9642210363324111
26.03206412825651 8.700500965617337 -0.1813278475819402 3.293742930455892 1.3258191189519053 -3.704517896107209 -2.2868419312600707 12.240407542181824 18.899351640076727 32.787946944105904 14.864934172151294 17.377950678630945 6.660017658488122 11.036470225215616 -1.7348411540038908 1.2351916127210913 17.868350460824985 5.704995323319369 9.513041066931773 -0.1000718954689539 3.5222315899523338 19.400457170251553 -2.8602695432820724 5.272819500198533 0.8204069755887566 -8.653505274022704 -6.504015978533014 -10.013793954495876 -0.9600749248094331
