web/models/kne/18/mosfit_kn_0.218327_0.3903_0.5000.dat
# %ECSV 1.0
# ---
# datatype:
# - {name: time, datatype: float64}
# - {name: PS1_g, datatype: float64}
# - {name: PS1_i, datatype: float64}
# - {name: PS1_r, datatype: float64}
# - {name: PS1_w, datatype: float64}
# - {name: PS1_y, datatype: float64}
# - {name: PS1_z, datatype: float64}
# - {name: swift_uvot_B, datatype: float64}
# - {name: swift_uvot_U, datatype: float64}
# - {name: swift_uvot_uvm2, datatype: float64}
# - {name: swift_uvot_uvw1, datatype: float64}
# - {name: swift_uvot_uvw2, datatype: float64}
# - {name: swift_uvot_V, datatype: float64}
# - {name: johnson_B, datatype: float64}
# - {name: johnson_I, datatype: float64}
# - {name: johnson_R, datatype: float64}
# - {name: johnson_U, datatype: float64}
# - {name: johnson_V, datatype: float64}
# - {name: sdss_g, datatype: float64}
# - {name: sdss_i, datatype: float64}
# - {name: sdss_r, datatype: float64}
# - {name: sdss_u, datatype: float64}
# - {name: sdss_z, datatype: float64}
# - {name: ATLAS_c, datatype: float64}
# - {name: ATLAS_o, datatype: float64}
# - {name: ukirt_H, datatype: float64}
# - {name: ukirt_J, datatype: float64}
# - {name: ukirt_K, datatype: float64}
# - {name: Clear, datatype: float64}
# meta: !!omap
# - comment: [kappa = 0.5, type = rprocess, mass = 0.21832694463104688, velocity = 0.3903333333333333, theta_obs = 0.0, tfloor = 1000.0]
# schema: astropy-2.0
time PS1_g PS1_i PS1_r PS1_w PS1_y PS1_z swift_uvot_B swift_uvot_U swift_uvot_uvm2 swift_uvot_uvw1 swift_uvot_uvw2 swift_uvot_V johnson_B johnson_I johnson_R johnson_U johnson_V sdss_g sdss_i sdss_r sdss_u sdss_z ATLAS_c ATLAS_o ukirt_H ukirt_J ukirt_K Clear
[from data line 226]
13.647294589178356 -28.718126192917133 -27.781115695445173 -28.190585681982157 -28.366371741442666 -27.245447001054917 -27.469284885577245 -28.80473449998058 -30.40654610867554 -31.951022235365446 -31.560100072180806 -32.17783433072938 -28.452653698304868 -28.80852553803273 -28.082779188666002 -28.3126711460275 -30.067989783133495 -28.45428159395936 -28.78255254324788 -27.80097539577712 -28.192156339279784 -29.32843203943735 -27.417951751043965 -28.55894205677357 -28.050835780517946 -26.09568234793867 -26.724658092942608 -25.518572574930737 -28.27106393245554
13.707414829659317 -28.751522951938355 -27.81370846287201 -28.2234840509628 -28.39949614044759 -27.277740873156322 -27.501694006502344 -28.838349740383606 -30.440793280551937 -31.98704567298915 -31.595779397422614 -32.214504840409255 -28.48576935667377 -28.842132769686536 -28.11529045391052 -28.345505361051686 -30.102109145890196 -28.487389489179634 -28.81601522058208 -27.833575869936986 -28.2250525506924 -29.362575434228706 -27.450334174163853 -28.59219391379341 -28.083628298767547 -26.12754775148497 -26.756726298483482 -25.55029404136032 -28.304164170127653
13.76753507014028 -28.78484997239182 -27.846247654312624 -28.256322736138202 -28.432556374738294 -27.30998709780959 -27.534053199201196 -28.871890781109226 -30.474953255973034 -32.0229445088466 -31.631341731700378 -32.251036881833016 -28.518820952119494 -28.875665969997225 -28.147749765452758 -28.378281183337474 -30.13614395227845 -28.52043348245592 -28.84940681861929 -27.866122614541595 -28.25788911956808 -29.39663377129957 -27.48266719927665 -28.62537898715475 -28.116363264100457 -26.159373924177288 -26.78875130272875 -25.58197908105903 -28.337200760399508
13.827655310621243 -28.818108845766037 -27.878734520691335 -28.28910311587496 -28.465553914551744 -27.342186803859576 -27.56636363929772 -28.905359310174312 -30.50902800724451 -32.05872156254602 -31.66678970763254 -32.287433595535994 -28.55180995571856 -28.909126823145556 -28.180158340600745 -28.410999963974295 -30.17009611648484 -28.55341504127647 -28.882728957659065 -27.898616883703493 -28.290667423487363 -29.43060897608145 -27.514951991059693 -28.658498804500212 -28.149042009831486 -26.191161824528702 -26.820734144052825 -25.613628596650365 -28.37017516134427
13.887775551102203 -28.85129968215459 -27.91116888544554 -28.32182512064218 -28.498488767251526 -27.374339712523152 -27.59862508714244 -28.938755519385346 -30.543017967420543 -32.0943779916235 -31.702124320645364 -32.32369641485526 -28.58473637605008 -28.94251551765889 -28.21251597460438 -28.443661610461525 -30.2039660221723 -28.5863341711663 -28.915981772149824 -27.93105850353461 -28.323387392272128 -29.464501441825526 -27.547188300692795 -28.691553421899574 -28.181664428487405 -26.2229110317015 -26.852674468126505 -25.64524212085171 -28.40308736987021
13.947895791583166 -28.884423953908165 -27.943551895683356 -28.35449001933169 -28.531362289657398 -27.406446854149582 -27.630838617836577 -28.972080973116718 -30.57692497174198 -32.12991643708412 -31.737348035003414 -32.35982828577603 -28.6176015705128 -28.97583361426895 -28.244823782434267 -28.476267365648155 -30.237755449224768 -28.61919222611174 -28.949166761922402 -27.963448624190708 -28.356050294057358 -29.4983129591097 -27.579377192809886 -28.72454425083669 -28.214231745949583 -26.254622412948173 -26.88457321870345 -25.676820467344164 -28.435938731273538
14.008016032064127 -28.917482359854105 -27.97588395523187 -28.387098326134144 -28.564175075551006 -27.43850852687915 -27.66300457001421 -29.005336453846226 -30.610750049154767 -32.1653386633178 -31.772462452975212 -32.39583125167473 -28.65040613360285 -29.00908189213061 -28.277082138811817 -28.508817720100527 -30.271465376187525 -28.65198979750113 -28.982284650770787 -27.995787652259416 -28.388656642352768 -29.532044516227085 -27.611518996568645 -28.757471934821286 -28.24674443739081 -26.28629611900578 -26.916430615623028 -25.70836373851433 -28.46872982880269
14.06813627254509 -28.950476798644402 -28.008166636924496 -28.419651736045317 -28.59692890836179 -27.47052618620998 -27.69512444417119 -29.03852395207909 -30.64449546015215 -32.200647730397165 -31.807470461157408 -32.4317086745231 -28.683151848919987 -29.042262338139263 -28.309292584302643 -28.541314342736392 -30.305098008421123 -28.684728665542544 -29.01533736480241 -28.028077163633363 -28.421208131384574 -29.565698329160632 -27.64361520195001 -28.790338311742136 -28.279204154742672 -26.317933441071922 -26.948248027215502 -25.73987317147608 -28.50146243451592
14.128256513026052 -28.983407171502744 -28.040399582026936 -28.452149987517235 -28.62962359658983 -27.50249938042497 -27.72719782420669 -29.071643442874386 -30.678161397529742 -32.2358444824887 -31.842372759739934 -32.46746164611404 -28.715838525698462 -29.075374924414795 -28.341454734554798 -28.5737569511893 -30.338653494173037 -28.71740863672446 -29.04832482727029 -28.06031680200828 -28.453704499007824 -29.59927455477871 -27.675665384514954 -28.823143234006654 -28.31161060207279 -26.349533797900456 -26.98002493293199 -25.771348142540905 -28.534136347585388
14.188376753507013 -29.016274896356258 -28.072583908048756 -28.484594310706424 -28.662260451983208 -27.534429118824626 -27.759225760920625 -29.104696428824248 -30.711749612738295 -32.27093140796969 -31.877171677557357 -32.50309293316514 -28.748467475782864 -29.108421150226164 -28.37356967732201 -28.606146751573924 -30.37213353407581 -28.750031019768013 -29.0812484814116 -28.092507687714754 -28.486146974667967 -29.632774903499488 -27.707670585366948 -28.85588806353768 -28.343964969836826 -26.381098047244166 -27.011762261675756 -25.802789459567578 -28.566752869299012
14.248496993987976 -29.04908061314682 -28.10471998267955 -28.516985175304388 -28.69484001803702 -27.566315671222377 -27.791208561650436 -29.13768362675735 -30.745261048820662 -32.30591012173974 -31.91186868335601 -32.53860440489254 -28.781039242918506 -29.141401729374085 -28.405637753365724 -28.638484191791324 -30.405539024951704 -28.782596355577002 -29.114108990141663 -28.12465019099564 -28.51853602741679 -29.66620028105522 -27.739631103071467 -28.888573389427776 -28.37626769174193 -26.412626322037514 -27.043460210612214 -25.834197210483275 -28.59931253360246
14.308617234468937 -29.081826030257467 -28.13680921717033 -28.54932410409818 -28.727363898492992 -27.59816034156934 -27.823147571516245 -29.170606828549303 -30.778697742781684 -32.34078338400041 -31.94646638217007 -32.57399909407621 -28.813555430643422 -29.174318450476186 -28.437660344451913 -28.670770770857327 -30.43887195378271 -28.815106244619756 -29.146908086822414 -28.156745725896712 -28.550873179329646 -29.699552684039787 -27.771548273136606 -28.92120086482379 -28.40852025132447 -26.444119775662994 -27.075120003863766 -25.865572499012806 -28.63181693401799
14.3687374749499 -29.114511435161354 -28.168851646997837 -28.581611226991175 -28.759832291622693 -27.629963074715302 -27.855042770114924 -29.203466392803723 -30.812060262485286 -32.37555238389556 -31.98096582833914 -32.609278425069625 -28.846016237396157 -29.207171669339175 -28.469637461126577 -28.70300659850899 -30.47213284567808 -28.847560882708812 -29.179646080184067 -28.18879433025847 -28.58315855971613 -29.732832645798837 -27.80342206703759 -28.953770730158936 -28.440722745186306 -26.47557822619134 -27.106741518999335 -25.896915101529135 -28.664266260004645
14.428857715430862 -29.147137584892473 -28.20084776843654 -28.61384713808036 -28.79224586248638 -27.661724272903427 -27.8868945957589 -29.23626314993592 -30.845349653956387 -32.41021880503954 -32.01536856829763 -32.64444432226682 -28.878422328154453 -29.23996221350905 -28.50156957381585 -28.73519224798142 -30.505322702643547 -28.879960932121445 -29.212323749207272 -28.220796502805747 -28.615392762051535 -29.76604117680127 -27.835252914662636 -28.98628369392961 -28.472875732976952 -26.507001944054643 -27.13832508835562 -25.92822524503276 -28.696661167612127
14.488977955911823 -29.179705419232516 -28.23279826039048 -28.646032614197523 -28.824605459034753 -27.69344452082585 -27.918703669288032 -29.268998113019535 -30.878567145469535 -32.44478451071201 -32.049676329374016 -32.679498888437486 -28.91077455064198 -29.27269109320291 -28.53345733553618 -28.767328475238624 -30.538442709035316 -28.912307237889095 -29.24494205560311 -28.252752924896303 -28.647576562541648 -29.79917946983729 -27.867041428412573 -29.01874064743467 -28.504979957072507 -26.538391381733707 -27.169871226530606 -25.95950333839809 -28.729002495837648
14.549098196392785 -29.212216194953307 -28.264704115625285 -28.678168747286144 -28.856912245331117 -27.725124715735507 -27.950470924613438 -29.301672612846527 -30.911714284971357 -32.47925168790413 -32.083891162546934 -32.714444551176136 -28.943074068518683 -29.305359636338814 -28.565301712820947 -28.79941635111007 -30.571494368505167 -28.944600960958674 -29.277502278302165 -28.284664591781734 -28.679711052491594 -29.832249037053433 -27.898788533644616 -29.05114279847531 -28.537036474555855 -26.569747302263252 -27.201380759649254 -25.990750100338676 -28.76129139975731
14.609218436873746 -29.24467077029247 -28.296565943829197 -28.71025624038575 -28.889166992288295 -27.75676537744447 -27.98219691603915 -29.334287577376436 -30.944792205023308 -32.51362207178385 -32.118014674620575 -32.7492832727012 -28.975321652346217 -29.337968768167592 -28.59710329067112 -28.83145655875743 -30.604478771873175 -28.976842869335645 -29.310005296411887 -28.316532115490016 -28.711796934340743 -29.865250977276094 -27.930494776613468 -29.083490959165612 -28.569045955646857 -26.601070099203024 -27.232854140609675 -26.021965882736687 -28.793528641810333
14.669338677354709 -29.27706947754322 -28.328383846263776 -28.7422952814938 -28.9213699509407 -27.788366523752543 -28.013881693389973 -29.36684340377677 -30.97780149326649 -32.5478968118599 -32.152047895160344 -32.78401641448422 -29.00751755289462 -29.370518883332565 -28.62886214741722 -28.863449267700762 -30.637396467909596 -29.009033211409815 -29.342451461639723 -28.3483555994561 -28.743834395530552 -29.898185846734684 -27.962160199668524 -29.115785418887157 -28.601008557834966 -26.632359673194635 -27.264291325104022 -26.053150547582092 -28.82571446512774
14.729458917835672 -29.309413346789697 -28.360158608796446 -28.774286748285647 -28.953522065823663 -27.81992885202781 -28.04552598801015 -29.399341190469467 -31.010743448461007 -32.582077795037954 -32.1859925867237 -32.818646084596104 -29.03966271415521 -29.40301107761343 -28.66057904463186 -28.895395336088907 -30.670248714527208 -29.041172928674005 -29.3748418245384 -28.38013583184953 -28.7758243131411 -29.931054911163297 -27.993785526229953 -29.148027162510193 -28.632925126558035 -26.66361659708611 -27.29569294453814 -26.084304626558424 -28.85784980600313
14.789579158316633 -29.341703148153577 -28.39189076831559 -28.806231265326616 -28.985624025361627 -27.85145281464345 -28.077130284719285 -29.431781772841525 -31.04361909733532 -32.616166609854425 -32.21985021911768 -32.85317408288274 -29.071757824025923 -29.435446183874298 -28.692254496002196 -28.927295369839563 -30.703036499440188 -29.073262706640378 -29.407177174778152 -28.41187335175718 -28.80776731116912 -29.963859165745585 -28.02537123355002 -29.180216916976622 -28.664796255594922 -26.694841204339617 -27.327059388293833 -26.115428413818332 -28.889935344992583
14.849699398797595 -29.37394023344689 -28.423581434272922 -28.83813003327072 -29.01767709674031 -27.882939433016247 -28.108695638745793 -29.464166570339742 -31.076430057387636 -32.65016545312115 -32.253622867661136 -32.88760282349141 -29.103804148941645 -29.467825618960383 -28.72388958682806 -28.959150550233492 -30.735761399792853 -29.105303809278166 -29.439458884443113 -28.4435692709188 -28.839664589671905 -29.996600195338488 -28.05691836897667 -29.212355989342225 -28.69662311361731 -26.726034392285293 -27.35839161209176 -26.14652276560667 -28.92197234119232
14.909819639278556 -29.406124534260343 -28.455230333358195 -28.869982855791143 -29.049681139677492 -27.914388359682505 -28.140221731088157 -29.496495571969323 -31.109176486066747 -32.68407497791873 -32.2873110804197 -32.921933146253615 -29.135801548225146 -29.500149369653407 -28.75548402343589 -28.990960664561165 -30.768423538674067 -29.137296093809578 -29.47168690231587 -28.475223317953944 -28.871515951825195 -30.02927812961273 -28.088426606868264 -29.24444427321868 -28.728405477250814 -26.75719570922508 -27.38968921323556 -26.17758719579587 -28.9539606473779
14.969939879759519 -29.43824455117996 -28.486826017769822 -28.90177826440029 -29.08162466934309 -27.945788168424475 -28.171697127051996 -29.528757266341465 -31.141846840177916 -32.71788357797386 -32.32090325279953 -32.95615342932722 -29.16773853976012 -29.532405924863937 -28.787026363739898 -29.02271424841577 -30.80101137897436 -29.169228078473136 -29.503849725215545 -28.506824044525594 -28.903309929341354 -30.061881430456125 -28.11988451443888 -29.276470277254543 -28.760131884721112 -26.788313762328496 -27.42094078269613 -26.208610323465727 -28.985888779348077
15.03006012024048 -29.470328619438817 -28.518395989972394 -28.9335440777994 -29.113535738024883 -27.977166052793958 -28.203149139256674 -29.560980215576713 -31.174470338884355 -32.751622326755125 -32.35443009594627 -32.99029542375236 -29.199643167407487 -29.564623838354937 -28.81854402592258 -29.054439054036713 -30.83355400687123 -29.201127799047054 -29.535975756785238 -28.53839896106935 -28.93507433870475 -30.094439209093302 -28.151319376709623 -29.308462186238273 -28.791830045065012 -26.819415303014843 -27.452173281049355 -26.239618751705894 -29.017784764096515
15.090180360721442 -29.50236216465015 -28.549925810347556 -28.965265804105123 -29.145399814184465 -28.008507625604615 -28.234563360149032 -29.593149810655543 -31.207032275756053 -32.78527626966952 -32.38787669320045 -33.024344091794866 -29.231500903170115 -29.59678850224192 -28.850022584497907 -29.086120600258944 -30.86603673529699 -29.232980728696948 -29.56805041204012 -28.569933626635358 -28.96679468845308 -30.12693677495168 -28.182716790791922 -29.34040544887134 -28.82348548406492 -26.850486021636947 -27.48337236156285 -26.270598197591838 -29.049634073244857
15.150300601202405 -29.53434588659409 -28.581415971462203 -28.99694401391944 -29.17721752544404 -28.03981330402122 -28.265940235862512 -29.62526680906076 -31.239533577110397 -32.81884682558639 -32.42124436092725 -33.05830103686038 -29.263312373868146 -29.6289006717986 -28.88146251135699 -29.117759441125408 -30.898460456184058 -29.264787492145313 -29.600074408065655 -28.601428535749065 -28.99847154867377 -30.159375026523918 -28.214077196071106 -29.372300726747884 -28.85509874498812 -26.881526228935236 -27.514538385080325 -26.30154893658483 -29.081437327566064
15.210420841683366 -29.566280314141355 -28.61286680234766 -29.028579111538715 -29.208989331109265 -28.07108334434025 -28.29728005063867 -29.657331795297168 -31.271974990219356 -32.852335216479176 -32.45453422241912 -33.092167658747655 -29.295078038012605 -29.660960929401238 -28.912864115588032 -29.149355964963448 -30.930825883656905 -29.29654854588154 -29.63204829041885 -28.63288401933085 -29.03010532316646 -30.191754684256935 -28.245400870279553 -29.40414851192159 -28.88667020577044 -26.912536078529246 -27.545671553563302 -26.332471088262462 -29.11319497976926
