web/models/kne/18/mosfit_kn_0.095333_0.2180_0.5000.dat
# %ECSV 1.0
# ---
# datatype:
# - {name: time, datatype: float64}
# - {name: PS1_g, datatype: float64}
# - {name: PS1_i, datatype: float64}
# - {name: PS1_r, datatype: float64}
# - {name: PS1_w, datatype: float64}
# - {name: PS1_y, datatype: float64}
# - {name: PS1_z, datatype: float64}
# - {name: swift_uvot_B, datatype: float64}
# - {name: swift_uvot_U, datatype: float64}
# - {name: swift_uvot_uvm2, datatype: float64}
# - {name: swift_uvot_uvw1, datatype: float64}
# - {name: swift_uvot_uvw2, datatype: float64}
# - {name: swift_uvot_V, datatype: float64}
# - {name: johnson_B, datatype: float64}
# - {name: johnson_I, datatype: float64}
# - {name: johnson_R, datatype: float64}
# - {name: johnson_U, datatype: float64}
# - {name: johnson_V, datatype: float64}
# - {name: sdss_g, datatype: float64}
# - {name: sdss_i, datatype: float64}
# - {name: sdss_r, datatype: float64}
# - {name: sdss_u, datatype: float64}
# - {name: sdss_z, datatype: float64}
# - {name: ATLAS_c, datatype: float64}
# - {name: ATLAS_o, datatype: float64}
# - {name: ukirt_H, datatype: float64}
# - {name: ukirt_J, datatype: float64}
# - {name: ukirt_K, datatype: float64}
# - {name: Clear, datatype: float64}
# meta: !!omap
# - comment: [kappa = 0.5, type = rprocess, mass = 0.09533330950298248, velocity = 0.21800000000000003, theta_obs = 0.0, tfloor = 1000.0]
# schema: astropy-2.0
time PS1_g PS1_i PS1_r PS1_w PS1_y PS1_z swift_uvot_B swift_uvot_U swift_uvot_uvm2 swift_uvot_uvw1 swift_uvot_uvw2 swift_uvot_V johnson_B johnson_I johnson_R johnson_U johnson_V sdss_g sdss_i sdss_r sdss_u sdss_z ATLAS_c ATLAS_o ukirt_H ukirt_J ukirt_K Clear
[from data line 433]
26.092184368737474 6.89994416430693 -1.981884648892347 1.4931861291455029 -0.4747376823584837 -5.505074697417616 -4.0873987325704775 10.439850740871417 17.098794838766338 30.98739014279551 13.064377370840887 15.577393877320539 4.859460857177715 9.235913423905227 -3.5353979553142976 -0.5653651885892976 16.067793659514578 3.90443852200898 7.712484265621384 -1.9006286967793606 1.721674788641927 17.599900368941164 -4.660826344592479 3.4722626988881444 -0.9801498257216501 -10.454062075333093 -8.304572779843403 -11.814350755806283 -2.76063172611984
26.152304609218437 6.9042802742714215 -1.9775485389278558 1.4975222391099763 -0.47040157239401026 -5.5007385874531245 -4.083062622605986 10.444186850835909 17.10313094873081 30.991726252759992 13.068713480805378 15.58172998728503 4.863796967142206 9.240249533869719 -3.5310618453498064 -0.5610290786248064 16.07212976947907 3.9087746319734533 7.716820375585858 -1.8962925868148695 1.7260108986064182 17.604236478905637 -4.656490234627988 3.476598808852618 -0.9758137157571589 -10.44972596536862 -8.30023666987893 -11.810014645841791 -2.7562956161553487
26.2124248496994 6.908606760193621 -1.9732220530056743 1.5018487250321755 -0.46607508647181106 -5.496412101530925 -4.078736136683805 10.44851333675809 17.10745743465301 30.996052738682184 13.073039966727578 15.586056473207211 4.868123453064405 9.2445760197919 -3.526735359427625 -0.556702592702625 16.07645625540127 3.9131011178956525 7.721146861508057 -1.8919661008926703 1.7303373845286174 17.608562964827836 -4.652163748705789 3.480925294774817 -0.9714872298349597 -10.44539947944642 -8.29591018395673 -11.805688159919592 -2.7519691302331495
26.27254509018036 6.912923669106217 -1.9689051440930783 1.5061656339447715 -0.461758177559215 -5.492095192618329 -4.074419227771209 10.452830245670704 17.111774343565607 31.000369647594784 13.077356875640174 15.590373382119825 4.872440361977001 9.248892928704496 -3.522418450515011 -0.552385683790029 16.080773164313864 3.9174180268082486 7.725463770420653 -1.8876491919800742 1.7346542934412135 17.612879873740432 -4.647846839793193 3.485242203687413 -0.9671703209223637 -10.441082570533824 -8.291593275044134 -11.801371251006996 -2.7476522213205534
26.33266533066132 6.917231041213299 -1.9645977719859964 1.5104730060518534 -0.4574508054521331 -5.487787820511247 -4.070111855664127 10.457137617777768 17.11608171567269 31.004677019701862 13.081664247747256 15.59468075422689 4.876747734084083 9.253200300811578 -3.518111078407947 -0.5480783116829471 16.085080536420946 3.9217253989153305 7.729771142527735 -1.8833418198729923 1.7389616655482953 17.617187245847514 -4.643539467686111 3.489549575794495 -0.9628629488152818 -10.436775198426743 -8.287285902937052 -11.797063878899914 -2.7433448492134715
26.392785571142284 6.921528920463871 -1.9602998927354243 1.5147708853024255 -0.453152926201561 -5.483489941260675 -4.065813976413555 10.461435497028358 17.12037959492326 31.008974898952435 13.085962126997828 15.59897863347748 4.881045613334655 9.25749818006215 -3.513813199157357 -0.543780432432375 16.08937841567152 3.9260232781659026 7.734069021778307 -1.8790439406224202 1.7432595447988675 17.621485125098086 -4.639241588435539 3.493847455045067 -0.9585650695647097 -10.43247731917617 -8.28298802368648 -11.792765999649342 -2.7390469699628994
26.452905811623246 6.92581735324266 -1.956011459956617 1.5190593180812328 -0.4488644934227537 -5.479201508481868 -4.0615255436347475 10.465723929807147 17.124668027702068 31.013263331731235 13.090250559776617 15.603267066256269 4.885334046113445 9.261786612840957 -3.5095247663785676 -0.5394919996535676 16.093666848450326 3.93031171094471 7.738357454557114 -1.8747555078436307 1.747547977577657 17.625773557876894 -4.634953155656749 3.4981358878238744 -0.9542766367859201 -10.428188886397363 -8.278699590907673 -11.788477566870553 -2.73475853718411
26.51302605210421 6.930096381302171 -1.951732431897124 1.5233383461407257 -0.4445854653632608 -5.474922480422375 -4.057246515575255 10.470002957866658 17.12894705576156 31.017542359790742 13.094529587836128 15.60754609431578 4.8896130741729555 9.26606564090045 -3.505245738319057 -0.5352129715940748 16.09794587650982 3.9345907390042028 7.742636482616607 -1.87047647978412 1.7518270056371676 17.630052585936387 -4.6306741275972385 3.5024149158833673 -0.9499976087264095 -10.42390985833787 -8.27442056284818 -11.784198538811042 -2.7304795091245992
26.573146292585168 6.934366049525096 -1.9474627636741992 1.5276080143636506 -0.440315797140336 -5.47065281219945 -4.05297684735233 10.474272626089565 17.133216723984486 31.021812028013652 13.098799256059035 15.611815762538686 4.89388274239588 9.270335309123375 -3.50097607009615 -0.5309433033711499 16.102215544732744 3.9388604072271276 7.746906150839532 -1.8662068115611952 1.7560966738600747 17.63432225415931 -4.626404459374314 3.506684584106292 -0.9457279405034846 -10.419640190114945 -8.270150894625255 -11.779928870588117 -2.7262098409016744
26.63326653306613 6.938626400788763 -1.943202412410514 1.531868365627318 -0.4360554458766508 -5.466392460935783 -4.048716496088645 10.47853297735325 17.13747707524817 31.02607237927734 13.10305960732272 15.616076113802372 4.898143093659548 9.27459566038706 -3.4967157188324647 -0.5266829521074647 16.10647589599641 3.943120758490795 7.751166502103217 -1.8619464602975278 1.76035702512376 17.638582605422997 -4.622144108110646 3.5109449353699773 -0.9414675892398172 -10.415379838851278 -8.265890543361587 -11.77566851932445 -2.721949489638007
26.693386773547093 6.942877476084526 -1.9389513371147515 1.5361194409230805 -0.4318043705808883 -5.46214138564002 -4.044465420792882 10.482784052649013 17.141728150543933 31.030323454573104 13.107310682618483 15.620327189098134 4.90239416895531 9.278846735682823 -3.492464643536702 -0.5224318768117022 16.110726971292173 3.9473718337865575 7.75541757739898 -1.8576953850017652 1.7646081004195224 17.64283368071876 -4.617893032814884 3.51519601066574 -0.9372165139440547 -10.411128763555515 -8.261639468065825 -11.771417444028687 -2.7176984143422445
26.753507014028056 6.947119318077615 -1.9347094951216803 1.5403612829161695 -0.42756252858781707 -5.457899543646931 -4.040223578799811 10.487025894642084 17.145969992537005 31.034565296566182 13.111552524611572 15.624569031091205 4.906636010948399 9.283088577675894 -3.488222801543631 -0.518190034818631 16.114968813285262 3.9516136757796465 7.759659419392051 -1.8534535430086763 1.7688499424126114 17.64707552271183 -4.613651190821795 3.519437852658811 -0.9329746719509657 -10.406886921562426 -8.257397626072736 -11.767175602035598 -2.7134565723491555
26.81362725450902 6.951351966331547 -1.9304768468677302 1.5445939311701196 -0.423329880333867 -5.453666895392999 -4.035990930545861 10.491258542896034 17.150202640790955 31.03879794482012 13.115785172865504 15.628801679345155 4.910868659202332 9.287321225929844 -3.483990153289681 -0.5139573865646809 16.119201461539213 3.9558463240335966 7.763892067646001 -1.849220894754744 1.7730825906665437 17.65130817096578 -4.609418542567862 3.523670500912761 -0.9287420236970334 -10.402654273308476 -8.253164977818786 -11.762942953781666 -2.709223924095223
26.873747494989978 6.955575462466523 -1.926253350732754 1.5488174273050959 -0.4191063841988907 -5.449443399258023 -4.0317674344108845 10.49548203903101 17.15442613692593 31.043021440955098 13.12000866900048 15.633025175480132 4.915092155337308 9.29154472206482 -3.4797666571547046 -0.5097338904297046 16.12342495767417 3.960069820168573 7.768115563780977 -1.8449973986197676 1.77730608680152 17.655531667100757 -4.605195046432886 3.5278939970477374 -0.9245185275620571 -10.3984307771735 -8.248941481683827 -11.75871945764669 -2.705000427960247
26.93386773547094 6.959789851284164 -1.9220389619151312 1.5530318161227186 -0.414891995381268 -5.445229010440382 -4.027553045593262 10.499696427848633 17.158640525743554 31.04723582977272 13.124223057818103 15.637239564297754 4.919306544154948 9.295759110882443 -3.475552268337082 -0.5055195016120819 16.12763934649181 3.9642842089861956 7.7723299525986 -1.8407830098021272 1.7815204756191427 17.65974605591838 -4.600980657615246 3.53210838586536 -0.9203041387444166 -10.394216388355877 -8.244727092866187 -11.754505068829049 -2.7007860391426064
26.993987975951903 6.963995171958253 -1.9178336412410246 1.5572371367968252 -0.41068667470716136 -5.441023689766293 -4.023347724919155 10.50390174852274 17.16284584641766 31.05144115044683 13.12842837849221 15.641444884971861 4.923511864829037 9.29996443155655 -3.4713469476629752 -0.5013141809379753 16.1318446671659 3.968489529660302 7.776535273272707 -1.8365776891280383 1.7857257962932493 17.663951376592486 -4.596775336941157 3.5363137065394668 -0.9160988180703278 -10.39001106768177 -8.24052177219208 -11.75029974815496 -2.6965807184685175
27.054108216432866 6.968191466029605 -1.9136373471696722 1.5614334308681599 -0.4064903806358089 -5.436827395694941 -4.019151430847803 10.508098042594092 17.167042140489013 31.055637444518172 13.132624672563562 15.645641179043213 4.92770815890039 9.304160725627902 -3.4671506535916228 -0.49711788686662284 16.136040961237253 3.972685823731637 7.780731567344059 -1.8323813950566858 1.7899220903646018 17.66814767066384 -4.592579042869804 3.540510000610819 -0.9119025239989753 -10.385814773610436 -8.236325478120746 -11.746103454083608 -2.692384424397165
27.11422845691383 6.972378774361783 -1.9094500388375124 1.5656207392003374 -0.40230307230364915 -5.432640087362763 -4.014964122515643 10.51228535092627 17.171229448821173 31.05982475285035 13.13681198089574 15.649828487375391 4.931895467232567 9.308348033960062 -3.4629633452594453 -0.4929305785344631 16.14022826956943 3.9768731320638144 7.784918875676219 -1.8281940867245083 1.7941093986967793 17.672334978996 -4.588391734537627 3.544697308942979 -0.9077152156667978 -10.381627465278259 -8.232138169788568 -11.74191614575143 -2.6881971160649876
27.174348697394787 6.976557135533881 -1.9052716776653966 1.5697991003724354 -0.3981247111315511 -5.428461726190665 -4.010785761343527 10.516463712098368 17.17540780999327 31.064003114022444 13.140990342067838 15.654006848547489 4.936073828404665 9.31252639513216 -3.4587849840873472 -0.48875221736236507 16.14440663074153 3.9810514932359125 7.789097236848317 -1.8240157255524103 1.7982877598688773 17.676513340168096 -4.584213373365529 3.548875670115077 -0.9035368544946998 -10.37744910410616 -8.22795980861647 -11.737737784579332 -2.6840187548928895
27.23446893787575 6.9807265904803195 -1.9011022227189578 1.573968555318892 -0.3939552561850945 -5.4242922712442265 -4.006616306397088 10.520633167044807 17.179577264939727 31.068172568968894 13.145159797014276 15.658176303493928 4.940243283351104 9.316695850078617 -3.4546155291409084 -0.4845827624159085 16.148576085687985 3.985220948182369 7.7932666917947735 -1.8198462706059715 1.8024572148153162 17.680682795114553 -4.58004391841909 3.5530451250615336 -0.899367399548261 -10.373279649159704 -8.223790353670013 -11.733568329632893 -2.6798492999464507
27.294589178356713 6.984887177517152 -1.8969416356821434 1.5781291423557064 -0.3897946691482801 -5.420131684207394 -4.002455719360274 10.524793754081621 17.18373785197654 31.07233315600571 13.14932038405109 15.662336890530742 4.944403870387936 9.320856437115431 -3.450454942104094 -0.48042217537909404 16.1527366727248 3.9893815352191835 7.797427278831588 -1.8156856835691393 1.8066178018521306 17.684843382151367 -4.575883331382258 3.557205712098348 -0.8952068125114288 -10.36911906212289 -8.219629766633199 -11.729407742596061 -2.6756887129096185
27.354709418837675 6.989038932760661 -1.8927898804386167 1.5822808975992153 -0.38564291390477123 -5.4159799289638855 -3.9983039641167473 10.528945509325148 17.18788960722005 31.076484911249228 13.153472139294617 15.666488645774269 4.948555625631445 9.325008192358958 -3.4463031868605674 -0.4762704201355674 16.15688842796831 3.9935332904626923 7.801579034075097 -1.8115339283256304 1.8107695570956572 17.688995137394876 -4.571731576138749 3.561357467341857 -0.8910550572679199 -10.36496730687938 -8.21547801138969 -11.725255987352552 -2.6715369576661097
27.414829659318634 6.993181900237779 -1.888646912961498 1.586423865076334 -0.3814999464276525 -5.411836961486767 -3.9941609966396285 10.533088476802266 17.19203257469717 31.08062787872635 13.157615106771736 15.670631613251388 4.952698593108564 9.329151159836076 -3.4421602193834486 -0.4721274526584487 16.161031395445427 3.997676257939811 7.8057220015522155 -1.8073909608485117 1.814912524572776 17.693138104871995 -4.56758860866163 3.5655004348189756 -0.8869120897908012 -10.360824339402262 -8.211335043912571 -11.721113019875434 -2.667393990188991
27.474949899799597 6.997316117756256 -1.8845126954430391 1.5905580825948107 -0.37736572890917586 -5.40770274396829 -3.9900267791211697 10.537222694320725 17.196166792215646 31.08476209624482 13.161749324290195 15.674765830769847 4.9568328106270405 9.333285377354535 -3.4380260018649897 -0.4679932351399898 16.165165612963904 4.001810475458288 7.809856219070692 -1.803256743330035 1.8190467420912348 17.69727232239047 -4.5634543911431535 3.5696346523374523 -0.8827778722723245 -10.356690121883785 -8.207200826394095 -11.716978802356957 -2.6632597726705143
27.53507014028056 7.001441621793205 -1.88038719140609 1.59468358663176 -0.37324022487222663 -5.403577239931341 -3.9859012750842204 10.541348198357674 17.200292296252595 31.088887600281762 13.165874828327144 15.678891334806796 4.96095831466399 9.337410881391484 -3.4339004978280405 -0.4638677311030406 16.169291117000853 4.005935979495237 7.813981723107641 -1.7991312392930858 1.823172246128184 17.70139782642742 -4.559328887106204 3.5737601563744015 -0.8786523682353753 -10.352564617846836 -8.203075322357146 -11.712853298320008 -2.659134268633565
27.595190380761522 7.005558454328291 -1.8762703588709861 1.598800419166846 -0.3691233923371229 -5.399460407396255 -3.9817844425491167 10.545465030892778 17.20440912878768 31.09300443281686 13.169991660862248 15.6830081673419 4.965075147199076 9.341527713926588 -3.4297836652929368 -0.4597508985679368 16.17340794953594 4.010052812030323 7.818098555642727 -1.7950144067579998 1.8272890786632878 17.705514658962507 -4.555212054571118 3.5778769889094875 -0.8745355357002893 -10.34844778531175 -8.19895848982206 -11.708736465784922 -2.655017436098479
27.655310621242485 7.0096666516467465 -1.8721621615525486 1.6029086164853013 -0.3650151950186853 -5.3953522100777995 -3.977676245230679 10.549573228211216 17.208517326106136 31.097112630135317 13.174099858180703 15.687116364660355 4.969183344517531 9.345635911245026 -3.4256754679744814 -0.45564270124949924 16.177516146854394 4.014161009348778 7.822206752961183 -1.7909062094395445 1.8313972759817432 17.709622856280962 -4.551103857252663 3.581985186227943 -0.870427338381834 -10.344339587993295 -8.194850292503604 -11.704628268466466 -2.6509092387800237
27.715430861723444 7.013766250779607 -1.86806256241967 1.6070082156181797 -0.3609155958858068 -5.391252610944921 -3.9735766460978006 10.553672827344094 17.212616925239015 31.10121222926818 13.178199457313564 15.691215963793216 4.97328294365041 9.349735510377904 -3.4215758688416207 -0.45154310211662074 16.181615745987273 4.018260608481657 7.826306352094061 -1.7868066103066838 1.835496875114604 17.71372245541384 -4.547004258119802 3.5860847853608213 -0.8663277392489732 -10.340239988860416 -8.190750693370726 -11.700528669333606 -2.646809639647145
