web/models/kne/18/mosfit_kn_0.006452_0.4060_0.5000.dat
# %ECSV 1.0
# ---
# datatype:
# - {name: time, datatype: float64}
# - {name: PS1_g, datatype: float64}
# - {name: PS1_i, datatype: float64}
# - {name: PS1_r, datatype: float64}
# - {name: PS1_w, datatype: float64}
# - {name: PS1_y, datatype: float64}
# - {name: PS1_z, datatype: float64}
# - {name: swift_uvot_B, datatype: float64}
# - {name: swift_uvot_U, datatype: float64}
# - {name: swift_uvot_uvm2, datatype: float64}
# - {name: swift_uvot_uvw1, datatype: float64}
# - {name: swift_uvot_uvw2, datatype: float64}
# - {name: swift_uvot_V, datatype: float64}
# - {name: johnson_B, datatype: float64}
# - {name: johnson_I, datatype: float64}
# - {name: johnson_R, datatype: float64}
# - {name: johnson_U, datatype: float64}
# - {name: johnson_V, datatype: float64}
# - {name: sdss_g, datatype: float64}
# - {name: sdss_i, datatype: float64}
# - {name: sdss_r, datatype: float64}
# - {name: sdss_u, datatype: float64}
# - {name: sdss_z, datatype: float64}
# - {name: ATLAS_c, datatype: float64}
# - {name: ATLAS_o, datatype: float64}
# - {name: ukirt_H, datatype: float64}
# - {name: ukirt_J, datatype: float64}
# - {name: ukirt_K, datatype: float64}
# - {name: Clear, datatype: float64}
# meta: !!omap
# - comment: [kappa = 0.5, type = rprocess, mass = 0.006451950121499907, velocity = 0.406, theta_obs = 0.0, tfloor = 1000.0]
# schema: astropy-2.0
time PS1_g PS1_i PS1_r PS1_w PS1_y PS1_z swift_uvot_B swift_uvot_U swift_uvot_uvm2 swift_uvot_uvw1 swift_uvot_uvw2 swift_uvot_V johnson_B johnson_I johnson_R johnson_U johnson_V sdss_g sdss_i sdss_r sdss_u sdss_z ATLAS_c ATLAS_o ukirt_H ukirt_J ukirt_K Clear
[from data line 412]
24.829659318637272 13.560889495684183 4.679060682484888 8.154131460522738 6.186207649018751 1.155870633959637 2.5735465988067574 17.100796072248652 23.759740170143573 37.648335474172754 19.725322702218133 22.238339208697784 11.520406188554968 15.896858755282462 3.1255473760629373 6.095580142787937 22.72873899089183 10.565383853386214 14.37342959699862 4.760316634597892 8.382620120019162 24.2608457003184 2.0001189867847735 10.13320803026538 5.6807955056556025 -3.793116743955859 -1.6436274484661682 -5.15340542442903 3.9003136052574128
24.889779559118235 13.57156745118246 4.689738637983165 8.164809416021015 6.196885604517028 1.1665485894579142 2.5842245543050346 17.11147402774693 23.77041812564185 37.65901342967103 19.736000657716406 22.249017164196058 11.531084144053246 15.90753671078074 3.1362253315612323 6.106258098286214 22.739416946390108 10.576061808884491 14.384107552496896 4.770994590096169 8.393298075517457 24.271523655816676 2.0107969422830507 10.143885985763657 5.69147346115388 -3.782438788457582 -1.632949492967891 -5.142727468930753 3.91099156075569
24.949899799599198 13.582224978415205 4.700396165215928 8.17546694325376 6.207543131749791 1.1772061166906589 2.594882081537797 17.122131554979692 23.781075652874605 37.669670956903786 19.746658184949162 22.259674691428813 11.54174167128599 15.918194238013502 3.146882858793977 6.116915625518977 22.75007447362286 10.586719336117236 14.394765079729659 4.781652117328914 8.403955602750202 24.28218118304943 2.0214544695157954 10.154543512996419 5.7021309883866245 -3.771781261224837 -1.6222919657351462 -5.132069941698008 3.9216490879884347
25.01002004008016 13.592862134772865 4.711033321573588 8.18610409961142 6.218180288107433 1.187843273048319 2.6055192378954573 17.132768711337352 23.791712809232266 37.68030811326144 19.757295341306822 22.270311847786473 11.55237882764365 15.928831394371162 3.157520015151637 6.127552781876637 22.760711629980513 10.597356492474896 14.405402236087301 4.792289273686574 8.414592759107862 24.29281833940709 2.0320916258734556 10.165180669354061 5.712768144744285 -3.761144104867177 -1.611654809377486 -5.121432785340348 3.932286244346095
25.07014028056112 13.603479004249515 4.721650191050237 8.19672096908807 6.228797157584083 1.1984601425249686 2.616136107372107 17.143385580814 23.802329678708915 37.69092498273809 19.76791221078346 22.280928717263112 11.5629956971203 15.939448263847794 3.1681368846282867 6.138169651353269 22.771328499457162 10.607973361951545 14.41601910556395 4.802906143163224 8.425209628584511 24.30343520888374 2.042708495350105 10.175797538830711 5.723385014220934 -3.7505272353905275 -1.6010379399008365 -5.110815915863698 3.9429031138227444
25.130260521042082 13.614075636572434 4.732246823373156 8.207317601411006 6.2393937899070195 1.2090567748478875 2.6267327396950257 17.15398221313692 23.81292631103184 37.70152161506101 19.77850884310639 22.291525349586042 11.573592329443219 15.95004489617073 3.1787335169512057 6.148766283676205 22.781925131780092 10.618569994274482 14.426615737886888 4.813502775486143 8.43580626090743 24.314031841206667 2.053305127673024 10.186394171153648 5.733981646543853 -3.7399306030675907 -1.5904413075778998 -5.100219283540779 3.9534997461456634
25.190380761523045 13.624652103084518 4.742823289885241 8.217894067923073 6.249970256419104 1.219633241359972 2.63730920620711 17.164558679649005 23.823502777543915 37.712098081573096 19.789085309618475 22.302101816098126 11.584168795955303 15.960621362682815 3.18930998346329 6.15934275018829 22.792501598292176 10.629146460786549 14.437192204398972 4.824079241998227 8.446382727419515 24.32460830771874 2.0638815941851085 10.196970637665732 5.7445581130559376 -3.729354136555524 -1.5798648410658331 -5.089642817028695 3.964076212657748
25.250501002004007 13.63520950406409 4.753380690864812 8.228451468902662 6.260527657398676 1.2301906423395614 2.647866607186682 17.175116080628577 23.834060178523497 37.72265548255267 19.799642710598047 22.312659217077698 11.594726196934875 15.971178763662387 3.199867384442862 6.1699001511678615 22.803058999271748 10.639703861766138 14.447749605378544 4.834636642977799 8.456940128399086 24.335165708698323 2.07443899516468 10.207528038645304 5.755115514035509 -3.7187967355759346 -1.5693074400862437 -5.079085416049123 3.9746336136373195
25.31062124248497 13.645744806655777 4.763915993456482 8.238986771494332 6.271062959990346 1.2407259449312313 2.658401909778352 17.185651383220264 23.844595481115167 37.73319078514435 19.810178013189724 22.323194519669375 11.605261499526563 15.981714066254057 3.2104026870345495 6.180435453759531 22.813594301863425 10.650239164357808 14.458284907970214 4.845171945569486 8.467475430990774 24.345701011289993 2.084974297756368 10.218063341236974 5.765650816627197 -3.7082614329842647 -1.5587721374945738 -5.068550113457436 3.985168916229007
25.37074148296593 13.656261160522778 4.774432347323501 8.24950312536135 6.281579313857364 1.2512422987982497 2.66891826364537 17.196167737087265 23.855111834982186 37.743707139011356 19.820694367056742 22.333710873536393 11.615777853393581 15.992230420121075 3.22091904090155 6.19095180762655 22.824110655730436 10.660755518224827 14.468801261837232 4.855688299436487 8.477991784857775 24.35621736515701 2.0954906516233684 10.228579695103992 5.7761671704941975 -3.6977450791172464 -1.5482557836275554 -5.058033759590435 3.9956852700960255
25.430861723446892 13.66675761217806 4.7849287989787825 8.259999577016615 6.292075765512628 1.2617387504535138 2.679414715300652 17.206664188742547 23.86560828663746 37.75420359066663 19.831190818712017 22.344207325191668 11.626274305048845 16.002726871776357 3.231415492556832 6.201448259281832 22.834607107385708 10.67125196988009 14.479297713492496 4.866184751091769 8.488488236513057 24.366713816812286 2.1059871032786504 10.239076146759256 5.786663622149479 -3.6872486274619822 -1.5377593319722913 -5.047537307935153 4.00618172175129
25.490981963927855 13.677234215112382 4.795405401913104 8.270476179950936 6.3025523684469675 1.2722153533878355 2.6898913182349737 17.21714079167687 23.87608488957178 37.76468019360096 19.84166742164634 22.35468392812599 11.636750907983167 16.01320347471068 3.2418920954911536 6.211924862216153 22.84508371032004 10.68172857281443 14.489774316426836 4.876661354026091 8.498964839447378 24.377190419746604 2.116463706212972 10.249552749693596 5.797140225083801 -3.6767720245276605 -1.5272827290379696 -5.037060705000831 4.016658324685611
25.551102204408817 13.687691037339835 4.805862224140558 8.28093300217839 6.3130091906744035 1.2826721756152892 2.7003481404624274 17.227597613904322 23.886541711799232 37.775137015828406 19.852124243873792 22.365140750353437 11.64720773021062 16.023660296938115 3.2523489177186073 6.222381684443589 22.855540532547483 10.692185395041866 14.500231138654271 4.887118176253544 8.509421661674832 24.387647241974058 2.126920528440426 10.260009571921032 5.807597047311255 -3.666315202300207 -1.5168259068105159 -5.026603882773378 4.027115146913065
25.61122244488978 13.698128145594168 4.816299332394891 8.291370110432723 6.323446298928754 1.2931092838696223 2.7107852487167605 17.238034722158655 23.89697882005357 37.785574124082736 19.862561352128125 22.375577858607777 11.657644838464954 16.034097405192465 3.2627860259729404 6.23281879269794 22.865977640801816 10.7026225032962 14.510668246908605 4.897555284507877 8.519858769929165 24.398084350228395 2.137357636694759 10.270446680175365 5.818034155565588 -3.6558780940458737 -1.5063887985561828 -5.016166774519045 4.037552255167398
25.67134268537074 13.708545602501054 4.826716789301777 8.301787567339609 6.33386375583564 1.3035267407765083 2.7212027056236465 17.24845217906554 23.907396276960455 37.795991580989636 19.87297880903501 22.385995315514663 11.66806229537184 16.04451486209935 3.2732034828798264 6.243236249604826 22.87639509770871 10.713039960203085 14.521085703815508 4.907972741414763 8.530276226836051 24.40850180713528 2.147775093601645 10.280864137082268 5.828451612472474 -3.6454606371389877 -1.4959713416492968 -5.005749317612159 4.047969712074284
25.7314629258517 13.718943466519935 4.837114653320658 8.312185431358508 6.344261619854521 1.3139246047954067 2.731600569642527 17.258850043084422 23.917794140979343 37.80638944500851 19.8833766730539 22.39639317953355 11.678460159390738 16.054912726118232 3.283601346898707 6.253634113623707 22.886792961727593 10.723437824221984 14.531483567834389 4.918370605433644 8.540674090854932 24.41889967115417 2.1581729576205255 10.291262001101149 5.8388494764913546 -3.6350627731200893 -1.4855734776303984 -4.995351453593278 4.0583675760931825
25.791583166332664 13.72932180517731 4.847492991978033 8.322563770015865 6.354639958511896 1.3243029434527642 2.7419789082999024 17.269228381741797 23.928172479636707 37.81676778366588 19.893755011711267 22.40677151819092 11.688838498048096 16.065291064775607 3.2939796855560823 6.264012452281082 22.89717130038497 10.733816162879341 14.541861906491764 4.928748944091019 8.551052429512307 24.429278009811533 2.1685512962779008 10.301640339758524 5.84922781514873 -3.624684434462732 -1.4751951389730409 -4.984973114935903 4.06874591475054
25.851703406813627 13.739680670190282 4.8578518569910045 8.332922635028854 6.364998823524868 1.3346618084657536 2.752337773312874 17.27958724675477 23.93853134464969 37.82712664867886 19.90411387672425 22.4171303832039 11.699197363061085 16.07564992978858 3.304338550569054 6.274371317294054 22.907530165397937 10.74417502789233 14.552220771504736 4.939107809103991 8.561411294525278 24.439636874824515 2.1789101612908723 10.311999204771496 5.859586680161701 -3.6143255694497425 -1.4648362739600516 -4.974614249922931 4.079104779763529
25.91182364729459 13.750020138451973 4.868191325252695 8.343262103290545 6.375338291786559 1.3450012767274444 2.762677241574565 17.28992671501646 23.94887081291138 37.837466116940554 19.91445334498594 22.42746985146559 11.709536831322776 16.08598939805027 3.3146780188307448 6.2847107855557445 22.917869633659627 10.754514496154021 14.562560239766427 4.9494472773656994 8.57175076278697 24.449976343086206 2.189249629552581 10.322338673033187 5.869926148423392 -3.6039861011880516 -1.4544968056983607 -4.9642747816612225 4.08944424802522
25.97194388777555 13.760340264333948 4.8785114511346706 8.353582229172503 6.385658417668534 1.3553214026094018 2.77299736745654 17.300246840898435 23.95919093879335 37.84778624282253 19.924773470867905 22.437789977347556 11.719856957204733 16.096309523932245 3.32499814471272 6.29503091143772 22.928189759541603 10.764834622035997 14.572880365648402 4.959767403247657 8.582070888668945 24.460296468968174 2.1995697554345384 10.332658798915162 5.880246274305367 -3.593665975306094 -1.4441766798164033 -4.953954655779265 4.099764373907178
26.03206412825651 13.770641112980808 4.888812299781531 8.363883077819363 6.395959266315394 1.3656222512562621 2.7832982161034003 17.310547689545295 23.969491787440205 37.85808709146938 19.935074319514765 22.448090825994417 11.730157805851594 16.106610372579105 3.3352989933595802 6.30533176008458 22.938490608188467 10.775135470682839 14.583181214295244 4.970068251894517 8.592371737315805 24.47059731761503 2.2098706040813987 10.342959647562022 5.890547122952228 -3.583365126659234 -1.433875831169543 -4.943653807132405 4.110065222554038
26.092184368737474 13.780922743026842 4.899093929827565 8.374164707865397 6.406240896361428 1.3759038813022961 2.7935798461494343 17.32082931959133 23.979773417486243 37.868368721515424 19.9453559495608 22.45837245604045 11.740439435897628 16.11689200262514 3.3455806234056142 6.315613390130614 22.948772238234497 10.785417100728873 14.593462844341296 4.980349881940551 8.602653367361839 24.48087894766107 2.2201522341274327 10.353241277608056 5.900828752998262 -3.5730834966132 -1.423594201123509 -4.933372177086371 4.120346852600072
26.152304609218437 13.79118521721363 4.909356404014353 8.384427182052185 6.416503370548217 1.3861663554890846 2.803842320336223 17.331091793778118 23.99003589167303 37.878631195702205 19.955618423747588 22.46863493022724 11.750701910084416 16.127154476811928 3.3558430975924027 6.3258758643174025 22.959034712421285 10.795679574915662 14.603725318528067 4.99061235612734 8.612915841548627 24.491141421847857 2.230414708314221 10.363503751794827 5.91109122718505 -3.5628210224264114 -1.4133317269367205 -4.923109702899582 4.13060932678686
26.2124248496994 13.801428599595749 4.919599786396454 8.394670564434303 6.426746752930317 1.3964097378712026 2.814085702718323 17.341335176160218 24.00027927405514 37.88887457808432 19.9658618061297 22.47887831260935 11.760945292466534 16.137397859194028 3.366086479974503 6.336119246699503 22.969278094803396 10.80592295729778 14.613968700910185 5.000855738509458 8.623159223930745 24.501384804229964 2.240658090696339 10.373747134176945 5.921334609567168 -3.5525776400442934 -1.4030883445546025 -4.912866320517464 4.140852709168978
26.27254509018036 13.811652950465358 4.929824137266081 8.404894915303913 6.436971103799944 1.4066340887408124 2.8243100535879506 17.351559527029845 24.01050362492476 37.899098928953926 19.976086156999315 22.489102663478967 11.771169643336144 16.147622210063656 3.3763108308441305 6.34634359756913 22.979502445673006 10.81614730816739 14.624193051779795 5.0110800893790675 8.633383574800355 24.511609155099585 2.250882441565949 10.383971485046573 5.931558960436778 -3.5423532891746836 -1.3928639936849927 -4.9026419696478545 4.151077060038588
26.33266533066132 13.821858330273535 4.940029517074258 8.41510029511209 6.447176483608104 1.4168394685489893 2.8345154333961275 17.361764906838022 24.020709004732936 37.90930430876211 19.98629153680748 22.499308043287133 11.78137502314432 16.157827589871815 3.3865162106523075 6.356548977377289 22.989707825481183 10.826352687975566 14.634398431587972 5.021285469187244 8.643588954608532 24.52181453490776 2.261087821374126 10.394176864854732 5.941764340244955 -3.5321479093665067 -1.3826586138768158 -4.8924365898396776 4.161282439846765
26.392785571142284 13.832044795637692 4.950215982438415 8.425286760476247 6.457362948972261 1.4270259339131464 2.8447018987602846 17.37195137220218 24.030895470097093 37.91949077412627 19.99647800217165 22.5094945086513 11.791561488508478 16.16801405523599 3.3967026760164645 6.366735442741464 22.99989429084534 10.836539153339723 14.644584896952129 5.031471934551401 8.653775419972689 24.53200100027192 2.271274286738283 10.404363330218889 5.951950805609112 -3.5219614440023497 -1.3724721485126588 -4.8822501244755205 4.171468905210922
26.452905811623246 13.842212407846333 4.960383594647038 8.435454372684887 6.467530561180901 1.4371935461217866 2.854869510968907 17.382118984410802 24.041063082305723 37.9296583863349 20.00664561438028 22.51966212085993 11.801729100717118 16.178181667444612 3.406870288225087 6.376903054950087 23.01006190305398 10.846706765548364 14.654752509160769 5.041639546760042 8.66394303218133 24.54216861248055 2.281441898946923 10.414530942427529 5.962118417817752 -3.5117938317937094 -1.3623045363040185 -4.87208251226688 4.181636517419562
26.51302605210421 13.852361234030095 4.970532420830818 8.445603198868668 6.477679387364681 1.447342372305549 2.865018337152687 17.392267810594582 24.051211908489503 37.93980721251867 20.016794440564052 22.529810947043703 11.81187792690088 16.188330493628392 3.417019114408867 6.387051881133867 23.020210729237753 10.856855591732144 14.664901335344549 5.051788372943804 8.674091858365092 24.55231743866433 2.2915907251306855 10.424679768611309 5.9722672440015145 -3.5016450056099293 -1.3521557101202384 -4.861933686083118 4.191785343603325
