web/models/kne/18/mosfit_kn_0.004263_0.3590_10.0000.dat
# %ECSV 1.0
# ---
# datatype:
# - {name: time, datatype: float64}
# - {name: PS1_g, datatype: float64}
# - {name: PS1_i, datatype: float64}
# - {name: PS1_r, datatype: float64}
# - {name: PS1_w, datatype: float64}
# - {name: PS1_y, datatype: float64}
# - {name: PS1_z, datatype: float64}
# - {name: swift_uvot_B, datatype: float64}
# - {name: swift_uvot_U, datatype: float64}
# - {name: swift_uvot_uvm2, datatype: float64}
# - {name: swift_uvot_uvw1, datatype: float64}
# - {name: swift_uvot_uvw2, datatype: float64}
# - {name: swift_uvot_V, datatype: float64}
# - {name: johnson_B, datatype: float64}
# - {name: johnson_I, datatype: float64}
# - {name: johnson_R, datatype: float64}
# - {name: johnson_U, datatype: float64}
# - {name: johnson_V, datatype: float64}
# - {name: sdss_g, datatype: float64}
# - {name: sdss_i, datatype: float64}
# - {name: sdss_r, datatype: float64}
# - {name: sdss_u, datatype: float64}
# - {name: sdss_z, datatype: float64}
# - {name: ATLAS_c, datatype: float64}
# - {name: ATLAS_o, datatype: float64}
# - {name: ukirt_H, datatype: float64}
# - {name: ukirt_J, datatype: float64}
# - {name: ukirt_K, datatype: float64}
# - {name: Clear, datatype: float64}
# meta: !!omap
# - comment: [kappa = 10.0, type = rprocess, mass = 0.004263435211354371, velocity = 0.359, theta_obs = 0.0, tfloor = 1000.0]
# schema: astropy-2.0
time PS1_g PS1_i PS1_r PS1_w PS1_y PS1_z swift_uvot_B swift_uvot_U swift_uvot_uvm2 swift_uvot_uvw1 swift_uvot_uvw2 swift_uvot_V johnson_B johnson_I johnson_R johnson_U johnson_V sdss_g sdss_i sdss_r sdss_u sdss_z ATLAS_c ATLAS_o ukirt_H ukirt_J ukirt_K Clear
[from data line 116]
7.034068136272545 9.677687283060479 0.7958584698611837 4.2709292478990335 2.303005436395047 -2.7273315786640673 -1.3096556138169468 13.217593859624948 19.87653795751987 33.76513326154904 15.842120489594418 18.35513699607407 7.637203975931263 12.013656542658758 -0.7576548365607669 2.212377930164233 18.845536778268126 6.6821816407625105 10.490227384374915 0.8771144219741878 4.499417907395458 20.377643487694694 -1.8830832258389307 6.250005817641675 1.7975932930318983 -7.676318956579563 -5.526829661089872 -9.036607637052734 0.017111392633708533
7.0941883767535066 9.704664908206837 0.8228360950075597 4.297906873045392 2.329983061541405 -2.700353953517709 -1.2826779886705708 13.244571484771324 19.903515582666238 33.792110886695404 15.869098114740794 18.382114621220445 7.664181601077622 12.040634167805116 -0.7306772114143909 2.239355555310591 18.872514403414485 6.709159265908869 10.517205009521273 0.904092047120546 4.526395532541834 20.404621112841063 -1.8561056006925725 6.276983442788033 1.8245709181782566 -7.649341331433205 -5.499852035943514 -9.009630011906376 0.0440890177800668
7.154308617234468 9.731304144773336 0.8494753315740589 4.324546109611909 2.356622298107922 -2.673714716951192 -1.2560387521040717 13.271210721337823 19.930154819232744 33.818750123261914 15.895737351307293 18.408753857786945 7.6908208376441385 12.067273404371633 -0.7040379748478918 2.265994791877108 18.899153639981 6.735798502475386 10.54384424608779 0.9307312836870452 4.553034769108333 20.43126034940757 -1.8294663641260733 6.30362267935455 1.8512101547447557 -7.622702094866688 -5.473212799376997 -8.982990775339877 0.0707282543465837
7.214428857715431 9.757623693965112 0.8757948807658344 4.350865658803684 2.3829418472996977 -2.6473951677594165 -1.229719202912296 13.297530270529599 19.95647436842452 33.84506967245369 15.922056900499069 18.43507340697872 7.717140386835896 12.093592953563409 -0.6777184256561162 2.2923143410688835 18.925473189172777 6.762118051667161 10.570163795279566 0.9570508328788208 4.579354318300108 20.457579898599345 -1.8031468149342977 6.329942228546326 1.8775297039365313 -7.596382545674913 -5.446893250185221 -8.956671226148101 0.09704780353834153
7.274549098196393 9.783639407880678 0.9018105946814003 4.376881372719232 2.408957561215246 -2.6213794538438684 -1.2037034889967302 13.323545984445165 19.982490082340078 33.87108538636925 15.948072614414635 18.461089120894286 7.743156100751462 12.119608667478957 -0.6517027117405503 2.3183300549844317 18.951488903088325 6.788133765582709 10.596179509195114 0.9830665467943867 4.605370032215674 20.483595612514904 -1.7771311010187318 6.355957942461874 1.9035454178520972 -7.570366831759364 -5.420877536269673 -8.930655512232535 0.12306351745390742
7.3346693386773545 9.809367516551806 0.9275387033525284 4.4026094813903605 2.4346856698863917 -2.5956513451727403 -1.1779753803256021 13.349274093116293 20.008218191011203 33.896813495040384 15.973800723085763 18.486817229565414 7.76888420942259 12.145336776150103 -0.6259746030694222 2.3440581636555775 18.977217011759453 6.8138618742538375 10.62190761786626 1.0087946554655147 4.631098140886802 20.50932372118603 -1.7514029923476038 6.38168605113302 1.9292735265232253 -7.544638723088236 -5.395149427598545 -8.904927403561407 0.1487916261250355
7.394789579158316 9.834822509042986 0.9529936958437091 4.428064473881559 2.4601406623775723 -2.570196352681542 -1.1525203878344215 13.374729085607473 20.033673183502394 33.92226848753157 15.999255715576943 18.512272222056605 7.794339201913789 12.170791768641283 -0.6005196105782415 2.369513156146758 19.002672004250652 6.839316866745036 10.64736261035744 1.0342496479567131 4.656553133377983 20.53477871367722 -1.7259479998564053 6.4071410436242004 1.954728519014406 -7.519183730597038 -5.369694435107347 -8.879472411070209 0.17424661861623392
7.454909819639278 9.860018083812268 0.9781892706129902 4.453260048650822 2.4853362371468357 -2.5450007779122785 -1.1273248130651403 13.399924660376755 20.058868758271664 33.94746406230084 16.024451290346224 18.537467796825876 7.819534776683052 12.195987343410565 -0.5753240358089604 2.3947087309160393 19.027867579019915 6.864512441514299 10.672558185126704 1.0594452227259765 4.681748708147264 20.55997428844649 -1.700752425087142 6.432336618393464 1.979924093783687 -7.4939881558277746 -5.344498860338083 -8.854276836300945 0.1994421933854973
7.51503006012024 9.88497028512775 1.0031414719284726 4.478212249966305 2.510288438462318 -2.520048576596796 -1.102372611749658 13.424876861692237 20.08382095958715 33.97241626361632 16.049403491661707 18.562419998141348 7.8444869779985344 12.22093954472603 -0.550371834493478 2.419660932231504 19.052819780335398 6.889464642829782 10.697510386442186 1.084397424041459 4.7067009094627466 20.584926489761976 -1.6758002237716596 6.457288819708946 2.0048762950991694 -7.469035954512292 -5.319546659022601 -8.829324634985463 0.22439439470097966
7.575150300601202 9.909685578438712 1.0278567652394344 4.502927543277266 2.53500373177328 -2.4953332832858344 -1.0776573184386962 13.449592155003199 20.108536252898112 33.99713155692728 16.07411878497267 18.58713529145231 7.869202271309496 12.245654838036991 -0.5256565411825163 2.4443762255424657 19.07753507364636 6.914179936140743 10.722225679753148 1.1091127173524207 4.731416202773708 20.609641783072938 -1.6510849304606978 6.482004113019908 2.029591588410131 -7.44432066120133 -5.294831365711639 -8.804609341674501 0.24910968801194144
7.635270541082164 9.934178421712136 1.0523496085128592 4.527420386550691 2.5594965750467225 -2.4708404400124095 -1.0531644751652713 13.474084998276624 20.133029096171533 34.021624400200714 16.098611628246093 18.611628134725745 7.893695114582921 12.270147681310434 -0.5011636979090914 2.4688690688159083 19.102027916919784 6.938672779414168 10.74671852302659 1.1336055606258455 4.755909046047133 20.63413462634636 -1.626592087187273 6.506496956293351 2.054084431683556 -7.419827817927906 -5.270338522438214 -8.780116498401076 0.27360253128536627
7.695390781563126 9.958458912328219 1.0766300991289413 4.551700877166773 2.5837770656628045 -2.4465599493963275 -1.0288839845491893 13.498365488892706 20.15730958678762 34.04590489081679 16.122892118862175 18.635908625341827 7.917975605199003 12.294428171926516 -0.47688320729300937 2.4931495594319903 19.126308407535866 6.96295327003025 10.770999013642673 1.1578860512419276 4.780189536663215 20.658415116962445 -1.602311596571191 6.530777446909433 2.078364922299638 -7.3955473273118235 -5.246058031822132 -8.755836007784994 0.29788302190144833
7.755511022044088 9.982537096496582 1.1007082832973047 4.575779061335137 2.6078552498311502 -2.422481765227964 -1.0048058003808258 13.522443673061069 20.18138777095598 34.06998307498515 16.14697030303054 18.659986809510183 7.942053789367367 12.318506356094879 -0.4528050231246459 2.517227743600336 19.15038659170423 6.987031454198614 10.795077197811018 1.181964235410291 4.804267720831579 20.682493301130805 -1.5782334124028274 6.554855631077778 2.1024431064680016 -7.37146914314346 -5.221979847653769 -8.73175782361663 0.3219612060698118
7.8156312625250495 10.006422500277559 1.1245936870782813 4.599664465116131 2.6317406536121446 -2.3985963614469696 -0.9809203965998492 13.546329076842046 20.205273174736966 34.09386847876614 16.170855706811516 18.683872213291167 7.965939193148343 12.342391759875856 -0.4289196193436693 2.5411131473813304 19.174271995485224 7.010916857979608 10.818962601592013 1.2058496391912676 4.828153124612555 20.706378704911792 -1.5543480086218509 6.578741034858773 2.126328510248978 -7.347583739362466 -5.198094443872774 -8.707872419835654 0.3458466098507884
7.875751503006012 10.030123260369184 1.1482944471699064 4.623365225207756 2.6554414137037696 -2.3748956013553446 -0.9572196365082242 13.57002983693367 20.22897393482859 34.11756923885776 16.19455646690314 18.7075729733828 7.989639953239986 12.36609251996748 -0.40521885925204426 2.5648139074729555 19.19797275557685 7.034617618071233 10.842663361683638 1.2295503992828927 4.85185388470418 20.730079465003417 -1.530647248530208 6.602441794950398 2.150029270340603 -7.323882979270841 -5.174393683781149 -8.684171659744012 0.3695473699424312
7.935871743486974 10.053648027026512 1.1718192138272165 4.646889991865066 2.67896618036108 -2.3513708346980344 -0.933694869850914 13.593554603590981 20.2524987014859 34.14109400551507 16.21808123356045 18.73109774004011 8.013164719897297 12.389617286624791 -0.3816940925947341 2.5883386741302656 19.22149752223416 7.058142384728543 10.866188128340948 1.2530751659402206 4.8753786513614905 20.753604231660727 -1.5071224818728979 6.625966561607708 2.173554036997931 -7.3003582126135305 -5.150868917123839 -8.660646893086701 0.3930721365997414
7.995991983967936 10.077003774519753 1.1951749613204754 4.670245739358325 2.7023219278543387 -2.3280150872047933 -0.9103391223576551 13.61691035108424 20.275854448979153 34.164449753008334 16.24143698105371 18.75445348753336 8.036520467390538 12.41297303411805 -0.3583383451014752 2.6116944216235245 19.2448532697274 7.081498132221802 10.889543875834207 1.2764309134334617 4.898734398854749 20.77695997915398 -1.4837667343796568 6.649322309100967 2.1969097844911722 -7.277002465120272 -5.12751316963058 -8.63729114559346 0.4164278840929825
8.056112224448897 10.100197614717583 1.2183688015183058 4.693439579556156 2.725515768052169 -2.304821247006945 -0.8871452821598247 13.64010419128207 20.29904828917699 34.18764359320616 16.26463082125154 18.7776473277312 8.059714307588386 12.43616687431588 -0.3351445049036448 2.634888261821355 19.26804710992525 7.104691972419633 10.912737716032037 1.2996247536312922 4.92192823905258 20.800153819351817 -1.4605728941818263 6.672516149298797 2.2201036246890027 -7.253808624922441 -5.10431932943275 -8.61409730539563 0.4396217242908307
8.11623246492986 10.123236206700579 1.2414073935013015 4.7164781715391335 2.748554360035147 -2.2817826550239673 -0.8641066901768291 13.663142783265066 20.322086881159976 34.21068218518915 16.287669413234536 18.80068591971418 8.082752899571364 12.459205466298858 -0.31210591292064915 2.657926853804333 19.291085701908226 7.1277305644026105 10.935776308015015 1.3226633456142878 4.944966831035575 20.8231924113348 -1.4375343021988307 6.695554741281775 2.2431422166719983 -7.230770032939463 -5.081280737449772 -8.591058713412634 0.46266031627380855
8.176352705410821 10.146125771813352 1.2642969586140573 4.739367736651907 2.7714439251479206 -2.2588930899111936 -0.8412171250640732 13.686032348377822 20.344976446272742 34.23357175030191 16.31055897834729 18.82357548482695 8.105642464684138 12.482095031411632 -0.2892163478078933 2.6808164189171064 19.313975267021 7.150620129515384 10.958665873127789 1.3455529107270614 4.967856396148331 20.846081976447568 -1.414644737086057 6.718444306394549 2.266031781784772 -7.20788046782669 -5.058391172336998 -8.56816914829986 0.48554988138658217
8.236472945891784 10.168871936274488 1.287043123075211 4.762113901113061 2.7941900896090743 -2.2361469254500577 -0.8184709606029195 13.708778512838975 20.367722610733885 34.256317914763066 16.333305142808445 18.846321649288097 8.128388629145274 12.504841195872785 -0.26647018334673955 2.70356258337826 19.336721431482136 7.173366293976538 10.981412037588942 1.3682990751881974 4.990602560609485 20.86882814090871 -1.3918985726249211 6.741190470855702 2.288777946245908 -7.185134303365536 -5.035645007875845 -8.545422983838725 0.5082960458477181
8.296593186372744 10.191479891540585 1.3096510783412896 4.784721856379139 2.816798044875153 -2.2135389701839614 -0.795863005336841 13.731386468105054 20.390330565999975 34.278925870029155 16.35591309807454 18.868929604554186 8.15099658441137 12.527449151138864 -0.24386222808066105 2.7261705386443387 19.359329386748232 7.195974249242616 11.00401999285502 1.3909070304542936 5.013210515875581 20.8914360961748 -1.3692906173588248 6.763798426121781 2.311385901512004 -7.162526348099457 -5.013037052609766 -8.522815028572628 0.5309040011138144
8.356713426853707 10.213954645277585 1.332125832078308 4.80719661011614 2.8392727986121535 -2.1910642164469607 -0.7733882515998225 13.753861221842072 20.412805319736982 34.301400623766156 16.378387851811542 18.891404358291187 8.17347133814837 12.549923904875882 -0.2213874743436426 2.7486452923813394 19.381804140485233 7.218449002979617 11.026494746592022 1.4133817841912943 5.035685269612582 20.913910849911808 -1.3468158636218241 6.786273179858782 2.333860655249005 -7.140051594362457 -4.990562298872765 -8.500340274835628 0.5533787548508151
8.41683366733467 10.236301377648722 1.3544725644494449 4.829543342487277 2.861619530983308 -2.168717484075824 -0.7510415192286857 13.77620795421321 20.435152052108123 34.323747356137304 16.40073458418268 18.91375109066233 8.195818070519508 12.57227063724702 -0.19904074197250576 2.770992024752494 19.40415087285637 7.240795735350754 11.048841478963176 1.4357285165624312 5.058032001983719 20.93625758228295 -1.3244691312506873 6.808619912229936 2.3562073876201417 -7.11770486199132 -4.9682155665016285 -8.47799354246449 0.5757254872219519
8.47695390781563 10.258523986496044 1.376695173296767 4.851765951334617 2.88384213983063 -2.146494875228484 -0.7288189103813636 13.798430563060531 20.457374660955452 34.345969964984626 16.42295719303 18.935973699509653 8.218040679366847 12.594493246094341 -0.17681813312518369 2.793214633599816 19.42637348170371 7.263018344198094 11.071064087810498 1.4579511254097532 5.080254610831041 20.958480191130278 -1.3022465224033652 6.830842521077258 2.378429996467464 -7.09548225314398 -4.945992957654289 -8.455770933617169 0.5979480960692918
8.537074148296593 10.280626690542238 1.3987978773429433 4.873868655380793 2.9059448438768065 -2.1243921711823077 -0.7067162063351873 13.820533267106708 20.479477365001628 34.36807266903081 16.445059897076195 18.95807640355584 8.240143383413024 12.616595950140518 -0.1547154290789896 2.8153173376459923 19.448476185749886 7.28512104824427 11.093166791856675 1.4800538294559473 5.102357314877235 20.980582895176454 -1.2801438183571712 6.852945225123435 2.400532700513658 -7.073379549097804 -4.923890253608112 -8.433668229570975 0.6200508001154681
8.597194388777554 10.3026134983293 1.4207846851300232 4.895855463167873 2.9279316516638865 -2.1024053633952455 -0.6847293985481073 13.842520074893788 20.5014641727887 34.39005947681788 16.467046704863257 18.98006321134291 8.262130191200086 12.638582757927598 -0.13272862129192742 2.8373041454330723 19.470462993536955 7.30710785603135 11.115153599643754 1.5020406372430095 5.124344122664297 21.002569702963527 -1.258157010570109 6.874932032910515 2.42251950830072 -7.051392741310724 -4.90190344582105 -8.411681421783912 0.6420376079025303
8.657314629258517 10.324487937681237 1.4426591244819598 4.917729902519792 2.949806091015823 -2.080530924043309 -0.6628549591961708 13.864394514245724 20.523338612140634 34.41193391616981 16.488921144215194 19.001937650694845 8.284004630552023 12.660457197279534 -0.11085418193999086 2.859178584785009 19.492337432888895 7.328982295383269 11.137028038995673 1.523915076594946 5.146218562016234 21.02444414231546 -1.2362825712181724 6.896806472262451 2.4443939476526566 -7.029518301958805 -4.880029006469114 -8.389806982431976 0.6639120472544668
8.71743486973948 10.346253488011676 1.4644246748123813 4.939495452850231 2.9715716413462445 -2.0587653737128697 -0.6410894088657493 13.886160064576163 20.545104162471066 34.43369946650025 16.510686694545633 19.023703201025274 8.305770180882462 12.682222747609956 -0.0890886316095516 2.8809441351154303 19.514102983219324 7.350747845713708 11.158793589326113 1.5456806269253853 5.167984112346673 21.046209692645892 -1.2145170208877332 6.918572022592873 2.466159497983096 -7.007752751628366 -4.858263456138674 -8.368041432101537 0.6856775975849061
