web/models/kne/18/mosfit_kn_0.014776_0.2023_3.6500.dat
# %ECSV 1.0
# ---
# datatype:
# - {name: time, datatype: float64}
# - {name: PS1_g, datatype: float64}
# - {name: PS1_i, datatype: float64}
# - {name: PS1_r, datatype: float64}
# - {name: PS1_w, datatype: float64}
# - {name: PS1_y, datatype: float64}
# - {name: PS1_z, datatype: float64}
# - {name: swift_uvot_B, datatype: float64}
# - {name: swift_uvot_U, datatype: float64}
# - {name: swift_uvot_uvm2, datatype: float64}
# - {name: swift_uvot_uvw1, datatype: float64}
# - {name: swift_uvot_uvw2, datatype: float64}
# - {name: swift_uvot_V, datatype: float64}
# - {name: johnson_B, datatype: float64}
# - {name: johnson_I, datatype: float64}
# - {name: johnson_R, datatype: float64}
# - {name: johnson_U, datatype: float64}
# - {name: johnson_V, datatype: float64}
# - {name: sdss_g, datatype: float64}
# - {name: sdss_i, datatype: float64}
# - {name: sdss_r, datatype: float64}
# - {name: sdss_u, datatype: float64}
# - {name: sdss_z, datatype: float64}
# - {name: ATLAS_c, datatype: float64}
# - {name: ATLAS_o, datatype: float64}
# - {name: ukirt_H, datatype: float64}
# - {name: ukirt_J, datatype: float64}
# - {name: ukirt_K, datatype: float64}
# - {name: Clear, datatype: float64}
# meta: !!omap
# - comment: [kappa = 3.65, type = rprocess, mass = 0.014775890654408853, velocity = 0.20233333333333337, theta_obs = 0.0, tfloor = 1000.0]
# schema: astropy-2.0
time PS1_g PS1_i PS1_r PS1_w PS1_y PS1_z swift_uvot_B swift_uvot_U swift_uvot_uvm2 swift_uvot_uvw1 swift_uvot_uvw2 swift_uvot_V johnson_B johnson_I johnson_R johnson_U johnson_V sdss_g sdss_i sdss_r sdss_u sdss_z ATLAS_c ATLAS_o ukirt_H ukirt_J ukirt_K Clear
[from data line 57]
3.4869739478957915 -8.365924413783397 -11.89155997916382 -10.558065712426146 -10.813675219611714 -13.087861755378398 -12.636055552426342 -6.949316247054727 -4.892279423331711 2.3760153244088906 -3.3925751142473355 -1.4772201649199022 -9.383687582653472 -7.184650651826491 -12.695053630139281 -11.218541490817639 -5.192981848287516 -9.56692905000329 -8.037144217804002 -11.865162627863715 -10.51795390897384 -4.199344706409587 -12.77689556932108 -9.483788457893567 -11.29248845887826 -14.357236460751766 -13.883017114237857 -14.52323651887191 -11.435730995784557
3.5470941883767533 -8.210401598678345 -11.799805975392985 -10.440550428642261 -10.711602541263492 -13.023340098511778 -12.560568374552403 -6.769624191541875 -4.660152050257569 2.7101371337928244 -3.2023974677614926 -1.2896223161825335 -9.242439590402586 -7.011891361747264 -12.611535460447342 -11.112440771478777 -4.968810230928231 -9.430874729558257 -7.875857879902313 -11.772694208132677 -10.398967716680207 -3.9700480250658288 -12.70518597082864 -9.35257606656748 -11.192142750869376 -14.33366264084034 -13.840724030842482 -14.512541743002599 -11.350164263882316
3.6072144288577155 -8.051943766807064 -11.705814907065761 -10.320513870612587 -10.607402437893114 -12.956912207125733 -12.483032734491566 -6.586677110651467 -4.424132402656813 3.048638745982772 -3.009982547111338 -1.0995875538300512 -9.098329407353269 -6.836076343524486 -12.525893062178064 -11.004072093457548 -4.740831188376113 -9.29210515422067 -7.71156979876201 -11.677980915004671 -10.277419624843365 -3.736847907658838 -12.631500820036319 -9.218825624872675 -11.089585331705436 -14.308758836019988 -13.796834929530347 -14.500716258799836 -11.262763189268767
3.6673346693386772 -7.890592637778244 -11.609620161344516 -10.197993316726102 -10.50111131637184 -12.88860769834491 -12.403479517901967 -6.400519471011928 -4.184269427850111 3.391430924693581 -2.815357839759329 -0.9071260333753837 -8.951395568415236 -6.657253354436538 -12.438159203012209 -10.893475959938563 -4.509093638502534 -9.150661649705823 -7.544322471272782 -11.581056293514287 -10.153346451829108 -3.499792961566026 -12.555871597583526 -9.082577369759761 -10.984853989783048 -14.282550171819304 -13.751377135714156 -14.48778422003089 -11.173563850025694
3.727454909819639 -7.7263155164684605 -11.511205022155497 -10.072966139384398 -10.392711577072049 -12.81841646149326 -12.321895694829887 -6.211112131657447 -3.9405084292269166 3.738566096907136 -2.6184643776061374 -0.712163061393237 -8.80160762695721 -6.475389299135696 -12.348319700899914 -10.780637474618626 -4.2735459450168385 -9.00651866852632 -7.3740817891802735 -11.4819035169449 -10.026724536126785 -3.2588292647269235 -12.478287351932131 -8.943806387931499 -10.877933192529703 -14.255037659106387 -13.704346737324665 -14.47375056725022 -11.082554677371554
3.787575150300601 -7.559034940275211 -11.410522446190896 -9.945373568004836 -10.282153243957275 -12.746304254402698 -12.238241587900447 -6.018365669625388 -3.6927324311314713 4.090180457183263 -2.419193028106736 -0.5145746087868761 -8.648893496358625 -6.290402631977589 -12.256331951981878 -10.665508496601543 -4.034076052581998 -8.8596104410969 -7.200767574772211 -11.380475273787205 -9.897493698003288 -3.0138412464396325 -12.398711422483615 -8.802448651262047 -10.768775334020528 -14.226207599189935 -13.655720817849593 -14.458608506165723 -10.989695663165353
3.847695390781563 -7.388796445354089 -11.307607556634416 -9.81525551759141 -10.16947461450263 -12.672301478351127 -12.152549230456096 -5.822329292376561 -3.4409967735256686 4.446173341212487 -2.217578690740058 -0.3143800720431531 -8.493295143642314 -6.10234580778663 -12.162230204050346 -10.548132104784013 -3.7907391905107812 -8.709981838520767 -7.024426355713196 -11.276806880555057 -9.765693432393387 -2.7648839777442724 -12.317176408952353 -8.658547243958381 -10.657420240139821 -14.196084413841524 -13.605526727133695 -14.442380965986457 -10.895024300893112
3.9078156312625247 -7.215533305538369 -11.20241996660642 -9.682561563619139 -10.054633041177947 -12.596378778723558 -12.06478452507298 -5.622925919918994 -3.1852000977071526 4.806657367599205 -2.01352766063648 -0.1114715699060862 -8.334750313807692 -5.91114938211231 -12.06597800526784 -10.428468071794168 -3.543438536786756 -8.55757684798341 -6.844989075926691 -11.170857736750683 -9.631271979868927 -2.5118574138050853 -12.233651076687106 -8.51204727763566 -10.543827596201396 -14.16465664687985 -13.55374503176934 -14.425062536335316 -10.79850696770471
3.967935871743487 -7.039220540728213 -11.094947030269768 -9.547274703064073 -9.937615726164584 -12.518528522522203 -11.974937516096649 -5.420125598605089 -2.9252996949231225 5.17166394347839 -1.8069961357142712 0.09420892036899575 -8.17323543172056 -5.716789521825966 -11.967564830383683 -10.3065071396924 -3.292134238577973 -8.40237706147107 -6.662429702633332 -11.062615144545926 -9.494211334562 -2.2547196165698224 -12.148127525367336 -8.362930151963166 -10.427986665902367 -14.131925463940236 -13.500373097898189 -14.406657538371126 -10.700136239199285
4.028056112224449 -6.859881987914527 -10.985208681518515 -9.409417094440489 -9.818444633145802 -12.438768643382812 -11.883026647455797 -5.2139534904027505 -2.6613214264870066 5.5411308053665715 -1.5979972978877828 0.30266224297107813 -8.008772287775454 -5.519295568752888 -11.867010599643343 -10.182276169387052 -3.0368530510034764 -8.24440804632358 -6.476772503800419 -10.95209917222089 -9.354533071078794 -1.9934966292356826 -12.060625269016008 -8.21121959996681 -10.309921258106538 -14.09790689902781 -13.445428070683414 -14.387181742554825 -10.59993507102826
4.0881763527054105 -6.677467188860362 -10.873174777431736 -9.2689510560853 -9.697088283579767 -12.357077401036936 -11.789026465849837 -5.00435117981204 -2.3931874544980225 5.915135920965377 -1.3864607272866887 0.5139722814526739 -7.841313599864422 -5.318616345005655 -11.764288353099872 -10.055747012654265 -2.7775211222353247 -8.083628650667832 -6.28796526430083 -10.83927954564274 -9.212198293404636 -1.7281118210595459 -11.971121491431997 -8.056874594402412 -10.189602186820323 -14.062593164835134 -13.388896037957776 -14.366632113797307 -10.497879586311765
4.148296593186372 -6.491962412775685 -10.758839655230634 -9.12586835665456 -9.57354134758054 -12.273452242686123 -11.692932839387353 -4.791301733548031 -2.1208715572302417 6.29368665798937 -1.1723593519416649 0.7281794689563772 -7.670846208113169 -5.114740725363184 -11.659394005826293 -9.926918728415252 -2.5141147561599486 -7.920030844359364 -6.095993618239124 -10.72415061309485 -9.067197868394672 -1.458539744687286 -11.8796139720782 -7.8998859501699314 -10.067026244521102 -14.025987601120276 -13.330777918243244 -14.345014164204864 -10.393968777171096
4.208416833667335 -6.303372708232899 -10.64221013086005 -8.980175809565125 -9.447811712295238 -12.187900346099436 -11.594752475148304 -4.574809490730028 -1.8443740268495998 6.67675446011321 -0.9556884678826445 0.9453015641360243 -7.497374449633026 -4.907678080607955 -11.552335116758396 -9.795804248991075 -2.2466360495954274 -7.75362358485937 -5.900862563041027 -10.606719277246732 -8.919537881448196 -1.1847812917103617 -11.786110959029443 -7.740260659934179 -9.94220340744926 -13.988099055159092 -13.27108208590319 -14.32233754170097 -10.288213125261656
4.268537074148297 -6.111603749714778 -10.523226008570017 -8.83180016892485 -9.319836179392258 -12.100375835265194 -11.494433342200576 -4.354766899638359 -1.5635562387596378 7.064497328327126 -0.7363327856632647 1.1654669985499635 -7.320810098602267 -4.697330234077256 -11.443056549243035 -9.662343167945046 -1.9749523122192092 -7.584326598019985 -5.702474790909022 -10.486925074461357 -8.769143465831455 -0.9066997223105844 -11.6905641208362 -7.577919349530209 -9.81507299008177 -13.948904749888465 -13.209775502395702 -14.298587091339437 -10.180561073966867
4.328657314629258 -5.916723242177042 -10.401935980507044 -8.680798559248686 -9.189667024502679 -12.010918733152032 -11.392018645455124 -4.131249114146903 -1.2785066087255712 7.45676796079971 -0.5143605911721845 1.3886199465968088 -7.141215871646279 -4.4837747383267725 -11.331604980186178 -9.526594725311039 -1.6991512998151603 -7.412205403713938 -5.500899868219911 -10.364817026690929 -8.61607159161597 -0.6243833936030363 -11.59301693412857 -7.412923171230847 -9.68568917563191 -13.908432514990297 -13.146891898842997 -14.273786968999287 -10.071061767232496
4.38877755511022 -5.718739397539068 -10.278348638225285 -8.5271801898962 -9.057313805198515 -11.919537295314768 -11.287516433286857 -3.904264351964076 -0.9892304834542462 7.85353155733375 -0.28977378237398055 1.6147706916360574 -6.95859915837102 -4.26702470699983 -11.217989554217429 -9.38857418352302 -1.4192401924104314 -7.237272145613216 -5.296146118986371 -10.240403844699326 -8.460330802686737 -0.3378384159202952 -11.49347899925008 -7.24528145604749 -9.554063741229903 -13.866691147510364 -13.082440162268155 -14.24794632640438 -9.959726971081508
4.448897795591182 -5.517598737261249 -10.152430908335308 -8.370904541520616 -8.922742004981146 -11.826206752571089 -11.180898200287483 -3.673751382681721 -0.6956469898573479 8.254868829404721 -0.06250647867815884 1.8439975164508806 -6.772909841317117 -4.047026598660469 -11.102180437741637 -9.248251373792701 -1.1351425408786686 -7.059483642957891 -5.088158367043949 -10.113652358209944 -8.30187934735557 -0.04698548134584257 -11.391924742210495 -7.074949948869893 -9.420164610668902 -13.823669736937168 -13.016403394327794 -14.221058847451394 -9.846530057224339
4.509018036072144 -5.313270816367055 -10.024165103995717 -8.211949590357346 -8.785933430271093 -11.730914391810447 -11.072148840108955 -3.439675019105258 -0.3977076629636931 8.660817130858739 0.16748009691626864 2.0763513978904204 -6.584119270832994 -3.8237519660319603 -10.984162171570954 -9.105613190998849 -0.8468134189375686 -6.878817562866801 -4.876905177854969 -9.984544875319958 -8.140694180834043 0.24822253595520039 -11.288341540311606 -6.901904299017403 -9.283975951597547 -13.77936432956117 -12.948774001365313 -14.193123520576057 -9.731458631528334
4.569138276553106 -5.105816677121364 -9.89359515354531 -8.05036699673554 -8.646934738410508 -11.633696127500244 -10.961307169225396 -3.2021033092209548 -0.09549238461461917 9.071243973488464 0.40012244307376976 2.3117797757362415 -6.3922842624253144 -3.597271328467841 -10.863976880286021 -8.96071383695179 -0.5543325368531814 -6.695333917239716 -4.662449337885608 -9.853125655998554 -7.976826834772535 0.5477054102195567 -11.182768694372758 -6.726199250790792 -9.145546576088304 -13.733799491313297 -12.879582121261313 -14.16416136469383 -9.614556592872994
4.629258517034068 -4.895207752902326 -9.76070451164249 -7.886136206811756 -8.50572871975901 -11.534539992676827 -10.848358978741715 -2.961003361609303 0.2110443288340138 9.486184687408304 0.635455842794777 2.550329432732529 -6.197378057152759 -3.3675583675197136 -10.741610132241679 -8.813541570111376 -0.25765798245614524 -6.509012320856777 -4.444761386259035 -9.719378170323996 -7.810255790594134 0.8515071579553002 -11.075194487346813 -6.547811814121101 -9.004861697632656 -13.68697135259321 -12.808820573507694 -14.134171172825026 -9.495812274869362
4.68937875751503 -4.681502761312615 -9.625535481266656 -7.719306995217572 -8.362359942687085 -11.43348048899325 -10.73334158482723 -2.7164407867113125 0.5218254781289391 9.905513656109793 0.8734186248880076 2.7919486647442118 -5.999455516671824 -3.13468106100029 -10.617102485916085 -8.664148752748766 0.04313322227265781 -6.319910932563457 -4.223901750717367 -9.583345056436094 -7.641030733189549 1.1595502390591328 -10.965656790113805 -6.366794390888018 -8.861968138113863 -13.638903287128324 -12.736518225727378 -14.10317276189504 -9.37526754776874
4.749498997995992 -4.464603958955049 -9.488024688880099 -7.549803000189801 -8.216761898385716 -11.330468462570078 -10.616199631309406 -2.468304837733931 0.8369932048359809 10.329395853766506 1.1141206589822343 3.036759329572384 -5.7984253246523325 -2.8985385531450665 -10.490395711084243 -8.512472910561836 0.34817667608929137 -6.127947510292306 -3.9997697860610515 -9.444962723692516 -7.469073679543445 1.4719744116020728 -10.854104377346161 -6.183063965404951 -8.716801962030427 -13.589569208324564 -12.662638858059799 -14.071147471543187 -9.252867947861656
4.809619238476953 -4.244620175546334 -9.348248210714 -7.377714375097391 -8.06901433818032 -11.225565011736549 -10.496999963141658 -2.2167177928453183 1.1563999415750106 10.757615668163304 1.3574443272388241 3.284652100899962 -5.594389370124156 -2.6592528951481715 -10.361561894857918 -8.358603096405758 0.6573267623877467 -5.933225471770489 -3.7724775503047425 -9.304307775290042 -7.294475244134588 1.7886319822940955 -10.740603548343088 -5.996716002008515 -8.569445117880683 -13.539007865044555 -12.587231864959277 -14.03812680636907 -9.128685683098006
4.869739478957916 -4.021521099992942 -9.206188135772955 -7.203019095158005 -7.919098263682383 -11.118756828600667 -10.375726998367192 -1.9616450918006756 1.480093008010375 11.190216060960992 1.6034244576899508 3.5356719085637214 -5.387319534946536 -2.4167960129999284 -10.230585265719185 -8.202526264141216 0.9706269471470531 -5.73572339838648 -3.541993861766386 -9.161362337365588 -7.1172124988396845 2.1095685078376825 -10.625141369170166 -5.807725556358889 -8.419881065203967 -13.48721402438027 -12.510288755023494 -14.004108062294359 -9.002707344226906
4.929859719438878 -3.795275058139289 -9.061825564799566 -7.025694010528447 -7.766993661200825 -11.010029754957138 -10.252364236383915 -1.7030506937902345 1.8081215233655714 11.627243379734683 1.8520965787524095 3.7898642173128008 -5.1771864485710966 -2.1711384545427355 -10.097449121617796 -8.044228438426295 1.2881223795862762 -5.535418806685201 -3.308286156406961 -9.016107551434551 -6.937261383510425 2.434831275797702 -10.507704072955129 -5.616066454257513 -8.268092220959904 -13.434181846648821 -12.431800328853269 -13.96908798520714 -8.874918663236677
4.98997995991984 -3.5659741755130625 -8.915225300392056 -6.845815818407228 -7.612767879306794 -10.899435847337724 -10.12696857150539 -1.4410382574309033 2.140360833247499 12.068518748832414 2.103361241902349 4.047136295104302 -4.964076746950757 -1.922384034808328 -9.962214951220798 -7.883786122827126 1.6096895495598562 -5.332400432430579 -3.0714493390388853 -8.868608703910574 -6.7546989997769735 2.76429508565899 -10.388348406219965 -5.421819272588095 -8.114148205239129 -13.379944345919641 -12.35180875291899 -13.93309329220333 -8.745380779122538
5.050100200400801 -3.333643160824238 -8.766406584697393 -6.663406851192519 -7.456440408649296 -10.7869910705082 -9.99955692344832 -1.1756354676609526 2.4767806592925545 12.513989341927406 2.3571926374541623 4.307469748538658 -4.748014091099802 -1.670563840168619 -9.82490165038331 -7.721226355926494 1.9352964903489744 -5.126696590359232 -2.831508921027659 -8.718885287252167 -6.569547430566516 3.097928299881527 -10.26709271149608 -5.22500622991112 -7.958070871994085 -13.324513169133601 -12.270328098972845 -13.896134053452121 -8.614113344392571
