web/models/kne/18/villar_0.3304_0.1710_1.0000.dat
# %ECSV 1.0
# ---
# datatype:
# - {name: time, datatype: float64}
# - {name: swift_uvot_uvw2, datatype: float64}
# - {name: swift_uvot_uvm2, datatype: float64}
# - {name: swift_uvot_uvw1, datatype: float64}
# - {name: swift_uvot_U, datatype: float64}
# - {name: swift_uvot_B, datatype: float64}
# - {name: swift_uvot_V, datatype: float64}
# - {name: swift_uvot_W, datatype: float64}
# - {name: johnson_U, datatype: float64}
# - {name: johnson_B, datatype: float64}
# - {name: johnson_V, datatype: float64}
# - {name: johnson_R, datatype: float64}
# - {name: johnson_I, datatype: float64}
# - {name: sdss_u, datatype: float64}
# - {name: sdss_g, datatype: float64}
# - {name: sdss_r, datatype: float64}
# - {name: sdss_i, datatype: float64}
# - {name: sdss_z, datatype: float64}
# - {name: PS1_g, datatype: float64}
# - {name: PS1_r, datatype: float64}
# - {name: PS1_i, datatype: float64}
# - {name: PS1_z, datatype: float64}
# - {name: PS1_Y, datatype: float64}
# - {name: PS1_w, datatype: float64}
# - {name: ATLAS_c, datatype: float64}
# - {name: ATLAS_o, datatype: float64}
# - {name: ukirt_J, datatype: float64}
# - {name: ukirt_H, datatype: float64}
# - {name: ukirt_K, datatype: float64}
# - {name: Clear, datatype: float64}
# meta: !!omap
# - comment: [kappa = 1.0, type = villar, mass = 0.33039895931513485, velocity = 0.17100000000000004, theta_obs = 0.0]
# schema: astropy-2.0
time swift_uvot_uvw2 swift_uvot_uvm2 swift_uvot_uvw1 swift_uvot_U swift_uvot_B swift_uvot_V swift_uvot_W johnson_U johnson_B johnson_V johnson_R johnson_I sdss_u sdss_g sdss_r sdss_i sdss_z PS1_g PS1_r PS1_i PS1_z PS1_Y PS1_w ATLAS_c ATLAS_o ukirt_J ukirt_H ukirt_K Clear
[from data line 353]
36.974349 8.033 13.248 36.483 47.049 35.221 27.232 10.301 45.006 32.935 25.184 16.827 11.84 46.32 31.166 22.318 16.798 12.332 6.767 6.972 6.95 6.535 4.789 18.036 24.588 17.771 6.606 3.105 0.479 5.003
38.092613 9.099 14.314 37.549 48.115 36.287 28.298 11.367 46.072 34.001 26.25 17.893 12.906 47.386 32.232 23.384 17.864 13.399 7.833 8.038 8.016 7.601 5.855 19.102 25.654 18.837 7.672 4.171 1.546 6.069
39.244698 10.23 15.446 38.681 49.247 37.418 29.43 12.499 47.204 35.133 27.381 19.025 14.038 48.518 33.363 24.516 18.996 14.53 8.965 9.169 9.148 8.733 6.987 20.234 26.785 19.968 8.804 5.303 2.677 7.201
40.431627 11.431 16.647 39.882 50.448 38.619 30.631 13.7 48.405 36.334 28.582 20.226 15.239 49.719 34.564 25.717 20.197 15.731 10.166 10.371 10.349 9.934 8.188 21.435 27.986 21.17 10.005 6.504 3.878 8.402
41.654454 12.706 17.922 41.157 51.723 39.894 31.906 14.975 49.68 37.609 29.857 21.501 16.514 50.994 35.839 26.991 21.472 17.006 11.441 11.645 11.624 11.209 9.463 22.71 29.261 22.444 11.28 7.779 5.153 9.677
42.914265 14.059 19.275 42.51 53.076 41.247 33.259 16.328 51.033 38.962 31.21 22.854 17.867 52.347 37.192 28.345 22.825 18.359 12.794 12.998 12.977 12.562 10.816 24.063 30.614 23.797 12.633 9.132 6.506 11.03
44.212178 15.496 20.711 43.946 54.512 42.684 34.695 17.764 52.469 40.398 32.646 24.29 19.303 53.783 38.629 29.781 24.261 19.795 14.23 14.435 14.413 13.998 12.252 25.499 32.05 25.234 14.069 10.568 7.942 12.466
45.549345 17.02 22.236 45.47 56.037 44.208 36.22 19.288 53.993 41.922 34.171 25.814 20.827 55.307 40.153 31.305 25.785 21.32 15.754 15.959 15.938 15.522 13.776 27.023 33.575 26.758 15.593 12.093 9.467 13.99
46.926954 18.638 23.854 47.088 57.655 45.826 37.838 20.906 55.611 43.54 35.789 27.432 22.445 56.925 41.771 32.923 27.403 22.938 17.372 17.577 17.556 17.14 15.394 28.641 35.193 28.376 17.211 13.711 11.085 15.608
48.346227 20.355 25.571 48.806 59.372 47.543 39.555 22.624 57.329 45.258 37.506 29.15 24.163 58.643 43.488 34.64 29.121 24.655 19.09 19.294 19.273 18.858 17.112 30.359 36.91 30.093 18.929 15.428 12.802 17.326
49.808426 22.178 27.394 50.629 61.195 49.366 41.378 24.446 59.151 47.08 39.329 30.972 25.986 60.465 45.311 36.463 30.943 26.478 20.912 21.117 21.096 20.68 18.934 32.181 38.733 31.916 20.751 17.251 14.625 19.149
51.314848 24.113 29.328 52.563 63.129 51.301 43.312 26.381 61.086 49.015 41.264 32.907 27.92 62.4 47.246 38.398 32.878 28.413 22.847 23.052 23.03 22.615 20.869 34.116 40.668 33.851 22.686 19.185 16.56 21.083
52.86683 26.166 31.382 54.617 65.183 53.354 45.366 28.435 63.14 51.068 43.317 34.961 29.974 64.454 49.299 40.451 34.932 30.466 24.901 25.105 25.084 24.669 22.923 36.17 42.721 35.904 24.74 21.239 18.613 23.137
54.465752 28.346 33.561 56.796 67.362 55.534 47.546 30.614 65.319 53.248 45.497 37.14 32.153 66.633 51.479 42.631 37.111 32.646 27.08 27.285 27.263 26.848 25.102 38.349 44.901 38.084 26.919 23.418 20.793 25.316
56.113031 30.659 35.875 59.11 69.676 57.847 49.859 32.928 67.633 55.562 47.81 39.454 34.467 68.947 53.792 44.944 39.425 34.959 29.394 29.598 29.577 29.162 27.416 40.663 47.214 40.397 29.233 25.732 23.106 27.63
57.810132 33.115 38.33 61.565 72.131 60.303 52.314 35.383 70.088 58.017 50.266 41.909 36.922 71.402 56.248 47.4 41.88 37.415 31.849 32.054 32.032 31.617 29.871 43.118 49.67 42.853 31.688 28.187 25.562 30.085
59.55856 35.721 40.937 64.171 74.738 62.909 54.921 37.989 72.694 60.623 52.872 44.515 39.528 74.008 58.854 50.006 44.486 40.021 34.455 34.66 34.639 34.223 32.477 45.724 52.276 45.459 34.294 30.794 28.168 32.692
61.359868 38.487 43.703 66.938 77.504 65.675 57.687 40.756 75.461 63.39 55.638 47.282 42.295 76.775 61.62 52.772 47.253 42.787 37.222 37.426 37.405 36.99 35.244 48.491 55.042 48.225 37.061 33.56 30.934 35.458
63.215655 41.423 46.639 69.874 80.44 68.611 60.623 43.692 78.397 66.326 58.574 50.218 45.231 79.711 64.556 55.709 50.189 45.723 40.158 40.363 40.341 39.926 38.18 51.427 57.978 51.162 39.997 36.496 33.87 38.394
65.127569 44.54 49.755 72.99 83.556 71.728 63.74 46.808 81.513 69.442 61.691 53.334 48.347 82.827 67.673 58.825 53.305 48.84 43.274 43.479 43.457 43.042 41.296 54.543 61.095 54.278 43.113 39.613 36.987 41.51
67.097308 47.848 53.063 76.298 86.864 75.036 67.047 50.116 84.821 72.75 64.999 56.642 51.655 86.135 70.981 62.133 56.613 52.147 46.582 46.787 46.765 46.35 44.604 57.851 64.403 57.586 46.421 42.92 40.294 44.818
69.126621 51.359 56.574 79.809 90.375 78.547 70.558 53.627 88.332 76.261 68.509 60.153 55.166 89.646 74.492 65.644 60.124 55.658 50.093 50.298 50.276 49.861 48.115 61.362 67.913 61.097 49.932 46.431 43.805 48.329
71.217308 55.085 60.301 83.536 94.102 82.273 74.285 57.353 92.058 79.987 72.236 63.879 58.893 93.372 78.218 69.37 63.85 59.385 53.819 54.024 54.003 53.587 51.841 65.088 71.64 64.823 53.658 50.158 47.532 52.056
73.371227 59.04 64.256 87.491 98.057 86.228 78.24 61.309 96.014 83.943 76.191 67.835 62.848 97.328 82.173 73.326 67.806 63.34 57.775 57.979 57.958 57.543 55.797 69.044 75.595 68.778 57.614 54.113 51.487 56.011
75.59029 63.238 68.454 91.689 102.255 90.426 82.438 65.507 100.212 88.141 80.389 72.033 67.046 101.526 86.371 77.524 72.004 67.538 61.973 62.178 62.156 61.741 59.995 73.242 79.793 72.977 61.812 58.311 55.685 60.209
77.876467 67.694 72.91 96.145 106.711 94.882 86.894 69.963 104.668 92.597 84.845 76.489 71.502 105.982 90.827 81.98 76.46 71.994 66.429 66.634 66.612 66.197 64.451 77.698 84.249 77.433 66.268 62.767 60.141 64.665
80.231787 72.424 77.64 100.874 111.441 99.612 91.624 74.692 109.397 97.326 89.575 81.218 76.231 110.711 95.557 86.709 81.189 76.724 71.158 71.363 71.342 70.926 69.18 82.427 88.979 82.162 70.997 67.497 64.871 69.395
82.658343 77.444 82.66 105.894 116.461 104.632 96.644 79.712 114.417 102.346 94.595 86.238 81.251 115.731 100.577 91.729 86.209 81.744 76.178 76.383 76.362 75.946 74.2 87.447 93.999 87.182 76.017 72.517 69.891 74.415
85.158288 82.772 87.988 111.223 121.789 109.96 101.972 85.041 119.746 107.674 99.923 91.567 86.58 121.06 105.905 97.057 91.538 87.072 81.507 81.711 81.69 81.275 79.529 92.776 99.327 92.51 81.346 77.845 75.219 79.743
87.733843 88.428 93.643 116.878 127.444 115.616 107.627 90.696 125.401 113.33 105.579 97.222 92.235 126.715 111.561 102.713 97.193 92.727 87.162 87.367 87.345 86.93 85.184 98.431 104.982 98.166 87.001 83.5 80.874 85.398
90.387293 94.43 99.646 122.881 133.447 121.618 113.63 96.699 131.404 119.332 111.581 103.225 98.238 132.718 117.563 108.715 103.196 98.73 93.165 93.369 93.348 92.933 91.187 104.434 110.985 104.168 93.004 89.503 86.877 91.401
93.120995 100.801 106.017 129.252 139.818 127.989 120.001 103.07 137.775 125.704 117.952 109.596 104.609 139.089 123.934 115.087 109.567 105.101 99.536 99.741 99.719 99.304 97.558 110.805 117.356 110.54 99.375 95.874 93.248 97.772
95.937376 107.564 112.78 136.014 146.58 134.752 126.764 109.832 144.537 132.466 124.715 116.358 111.371 145.851 130.697 121.849 116.329 111.864 106.298 106.503 106.482 106.066 104.32 117.567 124.119 117.302 106.137 102.637 100.011 104.534
98.838937 114.742 119.957 143.192 153.758 141.93 133.941 117.01 151.715 139.644 131.893 123.536 118.549 153.029 137.875 129.027 123.507 119.041 113.476 113.681 113.659 113.244 111.498 124.745 131.296 124.48 113.315 109.814 107.188 111.712
101.828253 122.36 127.576 150.811 161.377 149.548 141.56 124.628 159.333 147.262 139.511 131.154 126.167 160.647 145.493 136.645 131.125 126.66 121.094 121.299 121.278 120.862 119.116 132.363 138.915 132.098 120.933 117.433 114.807 119.331
104.907979 130.446 135.662 158.897 169.463 157.634 149.646 132.715 167.42 155.348 147.597 139.241 134.254 168.734 153.579 144.731 139.212 134.746 129.181 129.385 129.364 128.949 127.203 140.45 147.001 140.184 129.02 125.519 122.893 127.417
108.080849 139.029 144.245 167.479 178.046 166.217 158.229 141.297 176.002 163.931 156.18 147.823 142.836 177.316 162.162 153.314 147.794 143.329 137.763 137.968 137.947 137.531 135.785 149.032 155.584 148.767 137.602 134.102 131.476 135.999
111.349681 148.139 153.354 176.589 187.155 175.327 167.338 150.407 185.112 173.041 165.29 156.933 151.946 186.426 171.272 162.424 156.904 152.438 146.873 147.078 147.056 146.641 144.895 158.142 164.694 157.877 146.712 143.211 140.586 145.109
114.717376 157.808 163.023 186.258 196.824 184.996 177.008 160.076 194.781 182.71 174.959 166.602 161.615 196.095 180.941 172.093 166.573 162.108 156.542 156.747 156.725 156.31 154.564 167.811 174.363 167.546 156.381 152.88 150.255 154.778
118.186925 168.071 173.286 196.521 207.087 195.259 187.27 170.339 205.044 192.973 185.222 176.865 171.878 206.358 191.204 182.356 176.836 172.37 166.805 167.01 166.988 166.573 164.827 178.074 184.626 177.809 166.644 163.143 160.517 165.041
121.761408 178.964 184.179 207.414 217.98 206.152 198.163 181.232 215.937 203.866 196.115 187.758 182.771 217.251 202.097 193.249 187.729 183.263 177.698 177.903 177.881 177.466 175.72 188.967 195.519 188.702 177.537 174.036 171.41 175.934
125.443999 190.525 195.741 218.976 229.542 217.713 209.725 192.794 227.499 215.428 207.676 199.32 194.333 228.813 213.658 204.811 199.291 194.825 189.26 189.465 189.443 189.028 187.282 200.529 207.08 200.264 189.099 185.598 182.972 187.496
129.237967 202.797 208.013 231.248 241.814 229.985 221.997 205.066 239.771 227.7 219.948 211.592 206.605 241.085 225.93 217.082 211.563 207.097 201.532 201.736 201.715 201.3 199.554 212.801 219.352 212.535 201.371 197.87 195.244 199.768
133.146681 215.823 221.038 244.273 254.839 243.011 235.022 218.091 252.796 240.725 232.974 224.617 219.63 254.11 238.956 230.108 224.588 220.122 214.557 214.762 214.74 214.325 212.579 225.826 232.378 225.561 214.396 210.895 208.269 212.793
137.173612 229.648 234.863 258.098 268.664 256.836 248.847 231.916 266.621 254.55 246.799 238.442 233.455 267.935 252.781 243.933 238.413 233.948 228.382 228.587 228.565 228.15 226.404 239.651 246.203 239.386 228.221 224.72 222.095 226.618
141.322334 244.322 249.537 272.772 283.338 271.51 263.521 246.59 281.295 269.224 261.473 253.116 248.129 282.609 267.455 258.607 253.087 248.622 243.056 243.261 243.239 242.824 241.078 254.325 260.877 254.06 242.895 239.394 236.769 241.292
145.596532 259.897 265.112 288.347 298.913 287.085 279.097 262.165 296.87 284.799 277.048 268.691 263.704 298.184 283.03 274.182 268.662 264.197 258.631 258.836 258.814 258.399 256.653 269.9 276.452 269.635 258.47 254.97 252.344 256.867
150.0 276.428 281.644 304.879 315.445 303.616 295.628 278.697 313.402 301.331 293.579 285.223 280.236 314.716 299.561 290.714 285.194 280.728 275.163 275.367 275.346 274.931 273.185 286.432 292.983 286.166 275.002 271.501 268.875 273.399
