web/models/kne/18/villar_0.0052_0.3120_10.0000.dat
# %ECSV 1.0
# ---
# datatype:
# - {name: time, datatype: float64}
# - {name: swift_uvot_uvw2, datatype: float64}
# - {name: swift_uvot_uvm2, datatype: float64}
# - {name: swift_uvot_uvw1, datatype: float64}
# - {name: swift_uvot_U, datatype: float64}
# - {name: swift_uvot_B, datatype: float64}
# - {name: swift_uvot_V, datatype: float64}
# - {name: swift_uvot_W, datatype: float64}
# - {name: johnson_U, datatype: float64}
# - {name: johnson_B, datatype: float64}
# - {name: johnson_V, datatype: float64}
# - {name: johnson_R, datatype: float64}
# - {name: johnson_I, datatype: float64}
# - {name: sdss_u, datatype: float64}
# - {name: sdss_g, datatype: float64}
# - {name: sdss_r, datatype: float64}
# - {name: sdss_i, datatype: float64}
# - {name: sdss_z, datatype: float64}
# - {name: PS1_g, datatype: float64}
# - {name: PS1_r, datatype: float64}
# - {name: PS1_i, datatype: float64}
# - {name: PS1_z, datatype: float64}
# - {name: PS1_Y, datatype: float64}
# - {name: PS1_w, datatype: float64}
# - {name: ATLAS_c, datatype: float64}
# - {name: ATLAS_o, datatype: float64}
# - {name: ukirt_J, datatype: float64}
# - {name: ukirt_H, datatype: float64}
# - {name: ukirt_K, datatype: float64}
# - {name: Clear, datatype: float64}
# meta: !!omap
# - comment: [kappa = 10.0, type = villar, mass = 0.005244756555828381, velocity = 0.312, theta_obs = 0.0]
# schema: astropy-2.0
time swift_uvot_uvw2 swift_uvot_uvm2 swift_uvot_uvw1 swift_uvot_U swift_uvot_B swift_uvot_V swift_uvot_W johnson_U johnson_B johnson_V johnson_R johnson_I sdss_u sdss_g sdss_r sdss_i sdss_z PS1_g PS1_r PS1_i PS1_z PS1_Y PS1_w ATLAS_c ATLAS_o ukirt_J ukirt_H ukirt_K Clear
[from data line 218]
0.66217 -7.39 -4.53 -6.975 -9.032 -10.688 -11.841 -9.941 -9.333 -10.732 -11.885 -12.677 -13.189 -9.227 -11.153 -12.349 -12.908 -13.242 -11.395 -12.387 -12.936 -13.216 -13.403 -12.382 -11.776 -12.633 -13.522 -13.487 -13.266 -12.401
0.682197 -7.401 -4.541 -6.985 -9.042 -10.698 -11.851 -9.951 -9.344 -10.742 -11.895 -12.688 -13.199 -9.237 -11.164 -12.36 -12.918 -13.252 -11.406 -12.397 -12.946 -13.226 -13.413 -12.392 -11.786 -12.644 -13.532 -13.497 -13.277 -12.412
0.70283 -7.41 -4.55 -6.995 -9.052 -10.708 -11.861 -9.961 -9.353 -10.752 -11.905 -12.697 -13.209 -9.247 -11.173 -12.369 -12.928 -13.262 -11.415 -12.407 -12.956 -13.236 -13.423 -12.402 -11.796 -12.653 -13.542 -13.507 -13.286 -12.421
0.724086 -7.42 -4.56 -7.004 -9.062 -10.718 -11.87 -9.971 -9.363 -10.761 -11.914 -12.707 -13.218 -9.257 -11.183 -12.379 -12.937 -13.271 -11.425 -12.416 -12.966 -13.246 -13.432 -12.412 -11.805 -12.663 -13.551 -13.516 -13.296 -12.431
0.745986 -7.429 -4.569 -7.013 -9.071 -10.727 -11.879 -9.98 -9.372 -10.77 -11.923 -12.716 -13.227 -9.266 -11.192 -12.388 -12.946 -13.28 -11.434 -12.425 -12.975 -13.255 -13.441 -12.421 -11.814 -12.672 -13.56 -13.525 -13.305 -12.44
0.768548 -7.437 -4.577 -7.022 -9.079 -10.735 -11.888 -9.988 -9.38 -10.779 -11.932 -12.724 -13.236 -9.274 -11.2 -12.396 -12.955 -13.289 -11.442 -12.434 -12.983 -13.263 -13.45 -12.429 -11.823 -12.68 -13.569 -13.534 -13.313 -12.448
0.791792 -7.445 -4.585 -7.03 -9.087 -10.743 -11.896 -9.996 -9.389 -10.787 -11.94 -12.733 -13.244 -9.282 -11.208 -12.405 -12.963 -13.297 -11.451 -12.442 -12.991 -13.271 -13.458 -12.437 -11.831 -12.688 -13.577 -13.542 -13.321 -12.456
0.815739 -7.453 -4.593 -7.038 -9.095 -10.751 -11.904 -10.004 -9.396 -10.795 -11.947 -12.74 -13.252 -9.29 -11.216 -12.412 -12.97 -13.304 -11.458 -12.45 -12.999 -13.279 -13.465 -12.445 -11.839 -12.696 -13.584 -13.55 -13.329 -12.464
0.840411 -7.46 -4.6 -7.045 -9.102 -10.758 -11.911 -10.011 -9.403 -10.802 -11.955 -12.747 -13.259 -9.297 -11.223 -12.419 -12.977 -13.312 -11.465 -12.457 -13.006 -13.286 -13.472 -12.452 -11.846 -12.703 -13.591 -13.557 -13.336 -12.471
0.865828 -7.467 -4.607 -7.051 -9.109 -10.765 -11.917 -10.018 -9.41 -10.808 -11.961 -12.754 -13.265 -9.304 -11.23 -12.426 -12.984 -13.318 -11.472 -12.463 -13.013 -13.293 -13.479 -12.459 -11.852 -12.71 -13.598 -13.563 -13.343 -12.478
0.892015 -7.473 -4.613 -7.057 -9.115 -10.771 -11.923 -10.024 -9.416 -10.814 -11.967 -12.76 -13.271 -9.31 -11.236 -12.432 -12.99 -13.324 -11.478 -12.469 -13.019 -13.299 -13.485 -12.465 -11.858 -12.716 -13.604 -13.569 -13.349 -12.484
0.918993 -7.478 -4.618 -7.063 -9.12 -10.776 -11.929 -10.029 -9.421 -10.82 -11.973 -12.765 -13.277 -9.315 -11.241 -12.437 -12.995 -13.33 -11.483 -12.475 -13.024 -13.304 -13.49 -12.47 -11.864 -12.721 -13.609 -13.575 -13.354 -12.489
0.946787 -7.483 -4.623 -7.068 -9.125 -10.781 -11.934 -10.034 -9.426 -10.825 -11.978 -12.77 -13.282 -9.32 -11.246 -12.442 -13.0 -13.334 -11.488 -12.48 -13.029 -13.309 -13.495 -12.475 -11.869 -12.726 -13.614 -13.58 -13.359 -12.494
0.975422 -7.487 -4.627 -7.072 -9.129 -10.785 -11.938 -10.038 -9.43 -10.829 -11.982 -12.774 -13.286 -9.324 -11.25 -12.446 -13.005 -13.339 -11.492 -12.484 -13.033 -13.313 -13.5 -12.479 -11.873 -12.73 -13.619 -13.584 -13.363 -12.498
1.004923 -7.491 -4.631 -7.076 -9.133 -10.789 -11.942 -10.042 -9.434 -10.833 -11.985 -12.778 -13.29 -9.328 -11.254 -12.45 -13.008 -13.342 -11.496 -12.488 -13.037 -13.317 -13.503 -12.483 -11.877 -12.734 -13.622 -13.588 -13.367 -12.502
1.035317 -7.494 -4.634 -7.078 -9.136 -10.792 -11.944 -10.045 -9.437 -10.835 -11.988 -12.781 -13.293 -9.331 -11.257 -12.453 -13.011 -13.345 -11.499 -12.49 -13.04 -13.32 -13.506 -12.486 -11.879 -12.737 -13.625 -13.59 -13.37 -12.505
1.066629 -7.496 -4.636 -7.081 -9.138 -10.794 -11.947 -10.047 -9.439 -10.838 -11.99 -12.783 -13.295 -9.333 -11.259 -12.455 -13.013 -13.347 -11.501 -12.493 -13.042 -13.322 -13.508 -12.488 -11.882 -12.739 -13.627 -13.593 -13.372 -12.507
1.098888 -7.497 -4.637 -7.082 -9.139 -10.795 -11.948 -10.048 -9.44 -10.839 -11.992 -12.785 -13.296 -9.334 -11.26 -12.457 -13.015 -13.349 -11.502 -12.494 -13.043 -13.323 -13.51 -12.489 -11.883 -12.74 -13.629 -13.594 -13.373 -12.508
1.132124 -7.498 -4.638 -7.083 -9.14 -10.796 -11.949 -10.049 -9.441 -10.84 -11.992 -12.785 -13.297 -9.335 -11.261 -12.457 -13.015 -13.349 -11.503 -12.495 -13.044 -13.324 -13.51 -12.49 -11.884 -12.741 -13.629 -13.595 -13.374 -12.509
1.166364 -7.498 -4.638 -7.082 -9.14 -10.796 -11.948 -10.049 -9.441 -10.839 -11.992 -12.785 -13.296 -9.335 -11.261 -12.457 -13.015 -13.349 -11.503 -12.494 -13.044 -13.324 -13.51 -12.49 -11.883 -12.741 -13.629 -13.594 -13.374 -12.509
1.20164 -7.497 -4.637 -7.081 -9.138 -10.794 -11.947 -10.047 -9.44 -10.838 -11.991 -12.784 -13.295 -9.334 -11.26 -12.456 -13.014 -13.348 -11.502 -12.493 -13.043 -13.322 -13.509 -12.488 -11.882 -12.74 -13.628 -13.593 -13.373 -12.508
1.237983 -7.495 -4.635 -7.079 -9.136 -10.792 -11.945 -10.045 -9.438 -10.836 -11.989 -12.782 -13.293 -9.331 -11.258 -12.454 -13.012 -13.346 -11.5 -12.491 -13.04 -13.32 -13.507 -12.486 -11.88 -12.738 -13.626 -13.591 -13.371 -12.506
1.275425 -7.491 -4.632 -7.076 -9.133 -10.789 -11.942 -10.042 -9.435 -10.833 -11.986 -12.779 -13.29 -9.328 -11.254 -12.451 -13.009 -13.343 -11.497 -12.488 -13.037 -13.317 -13.504 -12.483 -11.877 -12.734 -13.623 -13.588 -13.367 -12.503
1.313999 -7.487 -4.627 -7.072 -9.129 -10.785 -11.938 -10.038 -9.43 -10.829 -11.982 -12.775 -13.286 -9.324 -11.25 -12.447 -13.005 -13.339 -11.492 -12.484 -13.033 -13.313 -13.5 -12.479 -11.873 -12.73 -13.619 -13.584 -13.363 -12.498
1.35374 -7.482 -4.622 -7.067 -9.124 -10.78 -11.933 -10.033 -9.425 -10.824 -11.977 -12.769 -13.281 -9.319 -11.245 -12.441 -12.999 -13.334 -11.487 -12.479 -13.028 -13.308 -13.494 -12.474 -11.868 -12.725 -13.613 -13.579 -13.358 -12.493
1.394683 -7.476 -4.616 -7.06 -9.118 -10.774 -11.926 -10.027 -9.419 -10.818 -11.97 -12.763 -13.275 -9.313 -11.239 -12.435 -12.993 -13.327 -11.481 -12.472 -13.022 -13.302 -13.488 -12.468 -11.862 -12.719 -13.607 -13.573 -13.352 -12.487
1.436864 -7.468 -4.608 -7.053 -9.11 -10.766 -11.919 -10.019 -9.411 -10.81 -11.963 -12.755 -13.267 -9.305 -11.231 -12.427 -12.986 -13.32 -11.473 -12.465 -13.014 -13.294 -13.481 -12.46 -11.854 -12.711 -13.6 -13.565 -13.344 -12.479
1.480321 -7.46 -4.6 -7.044 -9.101 -10.757 -11.91 -10.01 -9.403 -10.801 -11.954 -12.747 -13.258 -9.296 -11.223 -12.419 -12.977 -13.311 -11.465 -12.456 -13.005 -13.285 -13.472 -12.451 -11.845 -12.702 -13.591 -13.556 -13.335 -12.471
1.525092 -7.449 -4.589 -7.034 -9.091 -10.747 -11.9 -10.0 -9.392 -10.791 -11.944 -12.736 -13.248 -9.286 -11.212 -12.408 -12.967 -13.301 -11.454 -12.446 -12.995 -13.275 -13.462 -12.441 -11.835 -12.692 -13.581 -13.546 -13.325 -12.46
1.571218 -7.438 -4.578 -7.022 -9.08 -10.736 -11.888 -9.989 -9.381 -10.779 -11.932 -12.725 -13.236 -9.275 -11.201 -12.397 -12.955 -13.289 -11.443 -12.434 -12.984 -13.264 -13.45 -12.43 -11.823 -12.681 -13.569 -13.534 -13.314 -12.449
1.618738 -7.425 -4.565 -7.009 -9.066 -10.722 -11.875 -9.975 -9.368 -10.766 -11.919 -12.712 -13.223 -9.262 -11.188 -12.384 -12.942 -13.276 -11.43 -12.421 -12.971 -13.25 -13.437 -12.416 -11.81 -12.668 -13.556 -13.521 -13.301 -12.436
1.667696 -7.41 -4.55 -6.994 -9.052 -10.708 -11.861 -9.961 -9.353 -10.752 -11.904 -12.697 -13.209 -9.247 -11.173 -12.369 -12.927 -13.261 -11.415 -12.406 -12.956 -13.236 -13.422 -12.402 -11.796 -12.653 -13.541 -13.507 -13.286 -12.421
1.718134 -7.394 -4.534 -6.978 -9.035 -10.691 -11.844 -9.944 -9.337 -10.735 -11.888 -12.681 -13.192 -9.23 -11.157 -12.353 -12.911 -13.245 -11.399 -12.39 -12.939 -13.219 -13.406 -12.385 -11.779 -12.637 -13.525 -13.49 -13.27 -12.405
1.770098 -7.375 -4.515 -6.96 -9.017 -10.673 -11.826 -9.926 -9.319 -10.717 -11.87 -12.663 -13.174 -9.212 -11.138 -12.335 -12.893 -13.227 -11.381 -12.372 -12.921 -13.201 -13.388 -12.367 -11.761 -12.618 -13.507 -13.472 -13.251 -12.386
1.823633 -7.355 -4.495 -6.94 -8.997 -10.653 -11.806 -9.906 -9.299 -10.697 -11.85 -12.643 -13.154 -9.192 -11.118 -12.315 -12.873 -13.207 -11.361 -12.352 -12.901 -13.181 -13.368 -12.347 -11.741 -12.598 -13.487 -13.452 -13.231 -12.366
1.878788 -7.333 -4.473 -6.918 -8.975 -10.631 -11.784 -9.884 -9.277 -10.675 -11.828 -12.621 -13.132 -9.17 -11.096 -12.293 -12.851 -13.185 -11.339 -12.33 -12.879 -13.159 -13.346 -12.325 -11.719 -12.576 -13.465 -13.43 -13.209 -12.344
1.93561 -7.309 -4.449 -6.894 -8.951 -10.607 -11.76 -9.86 -9.252 -10.651 -11.804 -12.596 -13.108 -9.146 -11.072 -12.268 -12.827 -13.161 -11.314 -12.306 -12.855 -13.135 -13.322 -12.301 -11.695 -12.552 -13.441 -13.406 -13.185 -12.32
1.994152 -7.283 -4.423 -6.868 -8.925 -10.581 -11.734 -9.834 -9.226 -10.625 -11.778 -12.57 -13.082 -9.12 -11.046 -12.242 -12.8 -13.134 -11.288 -12.28 -12.829 -13.109 -13.295 -12.275 -11.669 -12.526 -13.414 -13.38 -13.159 -12.294
2.054463 -7.255 -4.395 -6.839 -8.896 -10.552 -11.705 -9.805 -9.198 -10.596 -11.749 -12.542 -13.053 -9.091 -11.018 -12.214 -12.772 -13.106 -11.26 -12.251 -12.8 -13.08 -13.267 -12.246 -11.64 -12.497 -13.386 -13.351 -13.13 -12.266
2.116599 -7.223 -4.364 -6.808 -8.865 -10.521 -11.674 -9.774 -9.167 -10.565 -11.718 -12.511 -13.022 -9.06 -10.986 -12.183 -12.741 -13.075 -11.229 -12.22 -12.769 -13.049 -13.236 -12.215 -11.609 -12.466 -13.355 -13.32 -13.099 -12.235
2.180614 -7.19 -4.33 -6.774 -8.832 -10.488 -11.64 -9.741 -9.133 -10.531 -11.684 -12.477 -12.989 -9.027 -10.953 -12.149 -12.707 -13.041 -11.195 -12.186 -12.736 -13.016 -13.202 -12.182 -11.575 -12.433 -13.321 -13.286 -13.066 -12.201
2.246566 -7.153 -4.294 -6.738 -8.795 -10.451 -11.604 -9.704 -9.097 -10.495 -11.648 -12.441 -12.952 -8.99 -10.916 -12.113 -12.671 -13.005 -11.159 -12.15 -12.699 -12.979 -13.166 -12.145 -11.539 -12.396 -13.285 -13.25 -13.029 -12.165
2.314511 -7.114 -4.254 -6.699 -8.756 -10.412 -11.565 -9.665 -9.057 -10.456 -11.609 -12.401 -12.913 -8.951 -10.877 -12.073 -12.631 -12.966 -11.119 -12.111 -12.66 -12.94 -13.126 -12.106 -11.5 -12.357 -13.245 -13.211 -12.99 -12.125
2.384512 -7.072 -4.212 -6.656 -8.714 -10.37 -11.522 -9.623 -9.015 -10.414 -11.566 -12.359 -12.871 -8.909 -10.835 -12.031 -12.589 -12.923 -11.077 -12.068 -12.618 -12.898 -13.084 -12.064 -11.458 -12.315 -13.203 -13.169 -12.948 -12.083
2.45663 -7.026 -4.166 -6.611 -8.668 -10.324 -11.477 -9.577 -8.969 -10.368 -11.521 -12.313 -12.825 -8.863 -10.789 -11.985 -12.544 -12.878 -11.031 -12.023 -12.572 -12.852 -13.039 -12.018 -11.412 -12.269 -13.158 -13.123 -12.902 -12.037
2.530929 -6.977 -4.117 -6.562 -8.619 -10.275 -11.428 -9.528 -8.92 -10.319 -11.472 -12.264 -12.776 -8.814 -10.74 -11.936 -12.495 -12.829 -10.982 -11.974 -12.523 -12.803 -12.99 -11.969 -11.363 -12.22 -13.109 -13.074 -12.853 -11.988
2.607475 -6.925 -4.065 -6.509 -8.567 -10.223 -11.375 -9.476 -8.868 -10.266 -11.419 -12.212 -12.723 -8.762 -10.688 -11.884 -12.442 -12.776 -10.93 -11.921 -12.471 -12.751 -12.937 -11.917 -11.31 -12.168 -13.056 -13.021 -12.801 -11.936
2.686337 -6.868 -4.008 -6.453 -8.51 -10.166 -11.319 -9.419 -8.812 -10.21 -11.363 -12.156 -12.667 -8.705 -10.631 -11.828 -12.386 -12.72 -10.874 -11.865 -12.414 -12.694 -12.881 -11.86 -11.254 -12.111 -13.0 -12.965 -12.744 -11.879
2.767583 -6.808 -3.948 -6.393 -8.45 -10.106 -11.259 -9.359 -8.751 -10.15 -11.302 -12.095 -12.607 -8.645 -10.571 -11.767 -12.325 -12.659 -10.813 -11.805 -12.354 -12.634 -12.82 -11.8 -11.194 -12.051 -12.939 -12.905 -12.684 -11.819
2.851287 -6.743 -3.883 -6.328 -8.385 -10.041 -11.194 -9.294 -8.686 -10.085 -11.238 -12.031 -12.542 -8.58 -10.506 -11.703 -12.261 -12.595 -10.748 -11.74 -12.289 -12.569 -12.756 -11.735 -11.129 -11.986 -12.875 -12.84 -12.619 -11.754
2.937522 -6.674 -3.814 -6.259 -8.316 -9.972 -11.125 -9.225 -8.617 -10.016 -11.169 -11.961 -12.473 -8.511 -10.437 -11.633 -12.191 -12.526 -10.679 -11.671 -12.22 -12.5 -12.686 -11.666 -11.06 -11.917 -12.805 -12.771 -12.55 -11.685
3.026365 -6.6 -3.74 -6.185 -8.242 -9.898 -11.051 -9.151 -8.543 -9.942 -11.095 -11.888 -12.399 -8.437 -10.363 -11.56 -12.118 -12.452 -10.605 -11.597 -12.146 -12.426 -12.613 -11.592 -10.986 -11.843 -12.732 -12.697 -12.476 -11.611
3.117896 -6.522 -3.662 -6.106 -8.163 -9.819 -10.972 -9.072 -8.465 -9.863 -11.016 -11.809 -12.32 -8.358 -10.285 -11.481 -12.039 -12.373 -10.527 -11.518 -12.067 -12.347 -12.534 -11.513 -10.907 -11.764 -12.653 -12.618 -12.397 -11.533
3.212194 -6.437 -3.577 -6.022 -8.079 -9.735 -10.888 -8.988 -8.38 -9.779 -10.932 -11.724 -12.236 -8.274 -10.2 -11.396 -11.955 -12.289 -10.442 -11.434 -11.983 -12.263 -12.45 -11.429 -10.823 -11.68 -12.569 -12.534 -12.313 -11.448
3.309345 -6.348 -3.488 -5.932 -7.989 -9.645 -10.798 -8.898 -8.291 -9.689 -10.842 -11.635 -12.146 -8.184 -10.111 -11.307 -11.865 -12.199 -10.353 -11.344 -11.893 -12.173 -12.36 -11.339 -10.733 -11.591 -12.479 -12.444 -12.224 -11.359
3.409434 -6.252 -3.392 -5.836 -7.894 -9.55 -10.702 -8.803 -8.195 -9.593 -10.746 -11.539 -12.051 -8.089 -10.015 -11.211 -11.769 -12.103 -10.257 -11.248 -11.798 -12.078 -12.264 -11.244 -10.637 -11.495 -12.383 -12.348 -12.128 -11.263
3.51255 -6.15 -3.29 -5.734 -7.792 -9.448 -10.6 -8.701 -8.093 -9.492 -10.644 -11.437 -11.949 -7.987 -9.913 -11.109 -11.667 -12.001 -10.155 -11.146 -11.696 -11.976 -12.162 -11.142 -10.536 -11.393 -12.281 -12.247 -12.026 -11.161
3.618785 -6.041 -3.181 -5.626 -7.683 -9.339 -10.492 -8.592 -7.984 -9.383 -10.536 -11.328 -11.84 -7.878 -9.804 -11.0 -11.559 -11.893 -10.046 -11.038 -11.587 -11.867 -12.053 -11.033 -10.427 -11.284 -12.172 -12.138 -11.917 -11.052
3.728232 -5.926 -3.066 -5.51 -7.568 -9.224 -10.376 -8.476 -7.869 -9.267 -10.42 -11.213 -11.724 -7.763 -9.689 -10.885 -11.443 -11.777 -9.931 -10.922 -11.472 -11.751 -11.938 -10.918 -10.311 -11.169 -12.057 -12.022 -11.802 -10.937
3.84099 -5.803 -2.943 -5.387 -7.445 -9.101 -10.253 -8.354 -7.746 -9.144 -10.297 -11.09 -11.601 -7.64 -9.566 -10.762 -11.32 -11.654 -9.808 -10.799 -11.349 -11.628 -11.815 -10.795 -10.188 -11.046 -11.934 -11.899 -11.679 -10.814
3.957158 -5.672 -2.812 -5.256 -7.314 -8.97 -10.122 -8.223 -7.615 -9.014 -10.166 -10.959 -11.471 -7.509 -9.435 -10.631 -11.189 -11.523 -9.677 -10.668 -11.218 -11.498 -11.684 -10.664 -10.058 -10.915 -11.803 -11.769 -11.548 -10.683
4.07684 -5.533 -2.673 -5.117 -7.175 -8.831 -9.983 -8.084 -7.476 -8.874 -10.027 -10.82 -11.331 -7.37 -9.296 -10.492 -11.05 -11.384 -9.538 -10.529 -11.079 -11.359 -11.545 -10.525 -9.918 -10.776 -11.664 -11.629 -11.409 -10.544
4.200141 -5.385 -2.525 -4.969 -7.027 -8.683 -9.835 -7.936 -7.328 -8.726 -9.879 -10.672 -11.184 -7.222 -9.148 -10.344 -10.902 -11.236 -9.39 -10.381 -10.931 -11.211 -11.397 -10.377 -9.77 -10.628 -11.516 -11.481 -11.261 -10.396
4.327172 -5.228 -2.368 -4.812 -6.869 -8.525 -9.678 -7.778 -7.171 -8.569 -9.722 -10.515 -11.026 -7.065 -8.991 -10.187 -10.745 -11.079 -9.233 -10.224 -10.774 -11.053 -11.24 -10.219 -9.613 -10.471 -11.359 -11.324 -11.104 -10.239
4.458044 -5.061 -2.201 -4.645 -6.702 -8.358 -9.511 -7.611 -7.004 -8.402 -9.555 -10.348 -10.859 -6.897 -8.824 -10.02 -10.578 -10.912 -9.066 -10.057 -10.606 -10.886 -11.073 -10.052 -9.446 -10.304 -11.192 -11.157 -10.937 -10.072
4.592874 -4.883 -2.023 -4.468 -6.525 -8.181 -9.334 -7.434 -6.826 -8.225 -9.378 -10.17 -10.682 -6.72 -8.646 -9.842 -10.4 -10.734 -8.888 -9.88 -10.429 -10.709 -10.895 -9.875 -9.269 -10.126 -11.014 -10.98 -10.759 -9.894
4.731783 -4.695 -1.835 -4.279 -6.336 -7.992 -9.145 -7.245 -6.638 -8.036 -9.189 -9.982 -10.493 -6.531 -8.458 -9.654 -10.212 -10.546 -8.7 -9.691 -10.24 -10.52 -10.707 -9.686 -9.08 -9.938 -10.826 -10.791 -10.571 -9.706
4.874892 -4.494 -1.634 -4.079 -6.136 -7.792 -8.945 -7.045 -6.437 -7.836 -8.989 -9.781 -10.293 -6.331 -8.257 -9.453 -10.012 -10.346 -8.499 -9.491 -10.04 -10.32 -10.507 -9.486 -8.88 -9.737 -10.626 -10.591 -10.37 -9.505
5.02233 -4.282 -1.422 -3.866 -5.924 -7.58 -8.732 -6.833 -6.225 -7.623 -8.776 -9.569 -10.08 -6.119 -8.045 -9.241 -9.799 -10.133 -8.287 -9.278 -9.828 -10.107 -10.294 -9.274 -8.667 -9.525 -10.413 -10.378 -10.158 -9.293
