web/models/kne/18/villar_0.0630_0.0927_10.0000.dat
# %ECSV 1.0
# ---
# datatype:
# - {name: time, datatype: float64}
# - {name: swift_uvot_uvw2, datatype: float64}
# - {name: swift_uvot_uvm2, datatype: float64}
# - {name: swift_uvot_uvw1, datatype: float64}
# - {name: swift_uvot_U, datatype: float64}
# - {name: swift_uvot_B, datatype: float64}
# - {name: swift_uvot_V, datatype: float64}
# - {name: swift_uvot_W, datatype: float64}
# - {name: johnson_U, datatype: float64}
# - {name: johnson_B, datatype: float64}
# - {name: johnson_V, datatype: float64}
# - {name: johnson_R, datatype: float64}
# - {name: johnson_I, datatype: float64}
# - {name: sdss_u, datatype: float64}
# - {name: sdss_g, datatype: float64}
# - {name: sdss_r, datatype: float64}
# - {name: sdss_i, datatype: float64}
# - {name: sdss_z, datatype: float64}
# - {name: PS1_g, datatype: float64}
# - {name: PS1_r, datatype: float64}
# - {name: PS1_i, datatype: float64}
# - {name: PS1_z, datatype: float64}
# - {name: PS1_Y, datatype: float64}
# - {name: PS1_w, datatype: float64}
# - {name: ATLAS_c, datatype: float64}
# - {name: ATLAS_o, datatype: float64}
# - {name: ukirt_J, datatype: float64}
# - {name: ukirt_H, datatype: float64}
# - {name: ukirt_K, datatype: float64}
# - {name: Clear, datatype: float64}
# meta: !!omap
# - comment: [kappa = 10.0, type = villar, mass = 0.06299605249512866, velocity = 0.09266666666666673, theta_obs = 0.0]
# schema: astropy-2.0
time swift_uvot_uvw2 swift_uvot_uvm2 swift_uvot_uvw1 swift_uvot_U swift_uvot_B swift_uvot_V swift_uvot_W johnson_U johnson_B johnson_V johnson_R johnson_I sdss_u sdss_g sdss_r sdss_i sdss_z PS1_g PS1_r PS1_i PS1_z PS1_Y PS1_w ATLAS_c ATLAS_o ukirt_J ukirt_H ukirt_K Clear
[from data line 286]
5.02233 -9.72 -7.888 -9.989 -11.967 -13.406 -14.392 -12.566 -12.23 -13.439 -14.426 -15.074 -15.476 -12.143 -13.8 -14.814 -15.265 -15.518 -13.993 -14.842 -15.288 -15.504 -15.645 -14.811 -14.318 -15.038 -15.682 -15.585 -15.314 -14.8
5.174227 -9.716 -7.759 -9.904 -11.895 -13.361 -14.368 -12.531 -12.163 -13.395 -14.402 -15.068 -15.484 -12.073 -13.764 -14.8 -15.264 -15.527 -13.962 -14.829 -15.288 -15.511 -15.658 -14.801 -14.295 -15.031 -15.706 -15.616 -15.351 -14.793
5.330718 -9.712 -7.626 -9.817 -11.82 -13.313 -14.341 -12.494 -12.092 -13.348 -14.377 -15.061 -15.491 -12.001 -13.725 -14.784 -15.262 -15.535 -13.929 -14.814 -15.287 -15.518 -15.67 -14.79 -14.269 -15.023 -15.728 -15.646 -15.388 -14.785
5.491942 -9.709 -7.491 -9.727 -11.742 -13.263 -14.312 -12.455 -12.019 -13.3 -14.35 -15.052 -15.496 -11.925 -13.684 -14.767 -15.258 -15.542 -13.894 -14.798 -15.284 -15.524 -15.682 -14.777 -14.241 -15.013 -15.75 -15.676 -15.424 -14.776
5.658042 -9.707 -7.353 -9.635 -11.66 -13.21 -14.282 -12.414 -11.943 -13.248 -14.32 -15.042 -15.5 -11.846 -13.64 -14.747 -15.253 -15.548 -13.857 -14.78 -15.279 -15.528 -15.692 -14.762 -14.212 -15.002 -15.771 -15.705 -15.46 -14.765
5.829166 -9.706 -7.212 -9.54 -11.575 -13.155 -14.249 -12.372 -11.863 -13.194 -14.289 -15.03 -15.503 -11.764 -13.595 -14.726 -15.247 -15.552 -13.818 -14.76 -15.273 -15.53 -15.701 -14.746 -14.18 -14.989 -15.791 -15.734 -15.495 -14.753
6.005465 -9.705 -7.068 -9.442 -11.487 -13.096 -14.214 -12.327 -11.78 -13.138 -14.255 -15.016 -15.504 -11.678 -13.546 -14.703 -15.238 -15.555 -13.777 -14.738 -15.266 -15.532 -15.708 -14.728 -14.146 -14.974 -15.81 -15.761 -15.53 -14.739
6.187096 -9.705 -6.921 -9.342 -11.395 -13.035 -14.176 -12.281 -11.694 -13.078 -14.219 -15.001 -15.504 -11.589 -13.495 -14.678 -15.228 -15.556 -13.733 -14.715 -15.256 -15.532 -15.715 -14.708 -14.11 -14.957 -15.828 -15.788 -15.564 -14.724
6.37422 -9.708 -6.848 -9.292 -11.349 -13.005 -14.158 -12.258 -11.651 -13.049 -14.202 -14.995 -15.506 -11.544 -13.471 -14.667 -15.225 -15.559 -13.713 -14.704 -15.254 -15.533 -15.72 -14.699 -14.093 -14.951 -15.839 -15.804 -15.584 -14.719
6.567004 -9.712 -6.852 -9.297 -11.354 -13.01 -14.163 -12.263 -11.655 -13.054 -14.207 -14.999 -15.511 -11.549 -13.475 -14.671 -15.229 -15.563 -13.717 -14.709 -15.258 -15.538 -15.724 -14.704 -14.098 -14.955 -15.843 -15.809 -15.588 -14.723
6.765619 -9.716 -6.856 -9.3 -11.358 -13.014 -14.167 -12.267 -11.659 -13.058 -14.21 -15.003 -15.515 -11.553 -13.479 -14.675 -15.233 -15.567 -13.721 -14.713 -15.262 -15.542 -15.728 -14.708 -14.102 -14.959 -15.847 -15.813 -15.592 -14.727
6.97024 -9.719 -6.859 -9.304 -11.361 -13.017 -14.17 -12.27 -11.662 -13.061 -14.213 -15.006 -15.518 -11.556 -13.482 -14.678 -15.236 -15.57 -13.724 -14.716 -15.265 -15.545 -15.731 -14.711 -14.105 -14.962 -15.85 -15.816 -15.595 -14.73
7.181051 -9.721 -6.861 -9.306 -11.363 -13.019 -14.172 -12.272 -11.664 -13.063 -14.216 -15.008 -15.52 -11.558 -13.484 -14.68 -15.238 -15.573 -13.726 -14.718 -15.267 -15.547 -15.733 -14.713 -14.107 -14.964 -15.852 -15.818 -15.597 -14.732
7.398237 -9.723 -6.863 -9.307 -11.365 -13.021 -14.173 -12.273 -11.666 -13.064 -14.217 -15.01 -15.521 -11.56 -13.486 -14.682 -15.24 -15.574 -13.728 -14.719 -15.269 -15.548 -15.735 -14.714 -14.108 -14.966 -15.854 -15.819 -15.599 -14.734
7.621991 -9.723 -6.863 -9.308 -11.365 -13.021 -14.174 -12.274 -11.666 -13.065 -14.218 -15.01 -15.522 -11.56 -13.486 -14.682 -15.24 -15.575 -13.728 -14.72 -15.269 -15.549 -15.735 -14.715 -14.109 -14.966 -15.854 -15.82 -15.599 -14.734
7.852513 -9.723 -6.863 -9.307 -11.365 -13.021 -14.173 -12.274 -11.666 -13.064 -14.217 -15.01 -15.521 -11.56 -13.486 -14.682 -15.24 -15.574 -13.728 -14.719 -15.269 -15.549 -15.735 -14.715 -14.108 -14.966 -15.854 -15.819 -15.599 -14.734
8.090007 -9.721 -6.861 -9.306 -11.363 -13.019 -14.172 -12.272 -11.665 -13.063 -14.216 -15.009 -15.52 -11.558 -13.484 -14.681 -15.239 -15.573 -13.726 -14.718 -15.267 -15.547 -15.734 -14.713 -14.107 -14.964 -15.853 -15.818 -15.597 -14.732
8.334684 -9.719 -6.859 -9.304 -11.361 -13.017 -14.17 -12.27 -11.662 -13.061 -14.213 -15.006 -15.518 -11.556 -13.482 -14.678 -15.236 -15.57 -13.724 -14.716 -15.265 -15.545 -15.731 -14.711 -14.105 -14.962 -15.85 -15.816 -15.595 -14.73
8.586761 -9.716 -6.856 -9.3 -11.357 -13.013 -14.166 -12.266 -11.659 -13.057 -14.21 -15.003 -15.514 -11.552 -13.479 -14.675 -15.233 -15.567 -13.721 -14.712 -15.261 -15.541 -15.728 -14.707 -14.101 -14.958 -15.847 -15.812 -15.591 -14.727
8.846461 -9.711 -6.851 -9.295 -11.353 -13.009 -14.161 -12.262 -11.654 -13.053 -14.205 -14.998 -15.51 -11.548 -13.474 -14.67 -15.228 -15.562 -13.716 -14.707 -15.257 -15.537 -15.723 -14.703 -14.097 -14.954 -15.842 -15.808 -15.587 -14.722
9.114017 -9.705 -6.845 -9.29 -11.347 -13.003 -14.156 -12.256 -11.648 -13.047 -14.199 -14.992 -15.504 -11.542 -13.468 -14.664 -15.222 -15.556 -13.71 -14.702 -15.251 -15.531 -15.717 -14.697 -14.091 -14.948 -15.836 -15.802 -15.581 -14.716
9.389664 -9.698 -6.838 -9.282 -11.34 -12.996 -14.149 -12.249 -11.641 -13.04 -14.192 -14.985 -15.497 -11.535 -13.461 -14.657 -15.215 -15.549 -13.703 -14.694 -15.244 -15.524 -15.71 -14.69 -14.084 -14.941 -15.829 -15.795 -15.574 -14.709
9.673648 -9.689 -6.83 -9.274 -11.331 -12.987 -14.14 -12.24 -11.633 -13.031 -14.184 -14.977 -15.488 -11.526 -13.452 -14.649 -15.207 -15.541 -13.695 -14.686 -15.235 -15.515 -15.702 -14.681 -14.075 -14.932 -15.821 -15.786 -15.565 -14.701
9.966221 -9.68 -6.82 -9.264 -11.321 -12.978 -14.13 -12.23 -11.623 -13.021 -14.174 -14.967 -15.478 -11.517 -13.443 -14.639 -15.197 -15.531 -13.685 -14.676 -15.226 -15.505 -15.692 -14.671 -14.065 -14.923 -15.811 -15.776 -15.556 -14.691
10.267642 -9.668 -6.808 -9.253 -11.31 -12.966 -14.119 -12.219 -11.611 -13.01 -14.163 -14.955 -15.467 -11.505 -13.431 -14.627 -15.186 -15.52 -13.673 -14.665 -15.214 -15.494 -15.68 -14.66 -14.054 -14.911 -15.8 -15.765 -15.544 -14.679
10.57818 -9.655 -6.795 -9.24 -11.297 -12.953 -14.106 -12.206 -11.598 -12.997 -14.15 -14.943 -15.454 -11.492 -13.418 -14.615 -15.173 -15.507 -13.66 -14.652 -15.201 -15.481 -15.668 -14.647 -14.041 -14.898 -15.787 -15.752 -15.531 -14.666
10.89811 -9.641 -6.781 -9.225 -11.283 -12.939 -14.091 -12.192 -11.584 -12.982 -14.135 -14.928 -15.44 -11.478 -13.404 -14.6 -15.158 -15.492 -13.646 -14.637 -15.187 -15.467 -15.653 -14.633 -14.026 -14.884 -15.772 -15.737 -15.517 -14.652
11.227716 -9.624 -6.765 -9.209 -11.266 -12.922 -14.075 -12.175 -11.568 -12.966 -14.119 -14.912 -15.423 -11.461 -13.387 -14.584 -15.142 -15.476 -13.63 -14.621 -15.17 -15.45 -15.637 -14.616 -14.01 -14.867 -15.756 -15.721 -15.5 -14.636
11.56729 -9.606 -6.746 -9.191 -11.248 -12.904 -14.057 -12.157 -11.549 -12.948 -14.101 -14.893 -15.405 -11.443 -13.369 -14.565 -15.124 -15.458 -13.611 -14.603 -15.152 -15.432 -15.618 -14.598 -13.992 -14.849 -15.738 -15.703 -15.482 -14.617
11.917135 -9.586 -6.726 -9.171 -11.228 -12.884 -14.037 -12.137 -11.529 -12.928 -14.081 -14.873 -15.385 -11.423 -13.349 -14.545 -15.103 -15.438 -13.591 -14.583 -15.132 -15.412 -15.598 -14.578 -13.972 -14.829 -15.717 -15.683 -15.462 -14.597
12.277561 -9.564 -6.704 -9.149 -11.206 -12.862 -14.015 -12.115 -11.507 -12.906 -14.058 -14.851 -15.363 -11.401 -13.327 -14.523 -15.081 -15.415 -13.569 -14.561 -15.11 -15.39 -15.576 -14.556 -13.95 -14.807 -15.695 -15.661 -15.44 -14.575
12.648887 -9.54 -6.68 -9.124 -11.181 -12.837 -13.99 -12.09 -11.483 -12.881 -14.034 -14.827 -15.338 -11.377 -13.303 -14.499 -15.057 -15.391 -13.545 -14.536 -15.086 -15.365 -15.552 -14.531 -13.925 -14.783 -15.671 -15.636 -15.416 -14.551
13.031444 -9.513 -6.653 -9.097 -11.155 -12.811 -13.964 -12.064 -11.456 -12.855 -14.007 -14.8 -15.312 -11.35 -13.276 -14.472 -15.03 -15.364 -13.518 -14.509 -15.059 -15.339 -15.525 -14.505 -13.899 -14.756 -15.644 -15.61 -15.389 -14.524
13.425571 -9.484 -6.624 -9.068 -11.126 -12.782 -13.934 -12.035 -11.427 -12.825 -13.978 -14.771 -15.282 -11.321 -13.247 -14.443 -15.001 -15.335 -13.489 -14.48 -15.03 -15.31 -15.496 -14.476 -13.869 -14.727 -15.615 -15.58 -15.36 -14.495
13.831619 -9.452 -6.592 -9.037 -11.094 -12.75 -13.903 -12.003 -11.395 -12.794 -13.946 -14.739 -15.251 -11.289 -13.215 -14.411 -14.969 -15.303 -13.457 -14.449 -14.998 -15.278 -15.464 -14.444 -13.838 -14.695 -15.583 -15.549 -15.328 -14.463
14.249947 -9.418 -6.558 -9.002 -11.059 -12.715 -13.868 -11.968 -11.361 -12.759 -13.912 -14.705 -15.216 -11.255 -13.181 -14.377 -14.935 -15.269 -13.423 -14.414 -14.964 -15.243 -15.43 -14.409 -13.803 -14.661 -15.549 -15.514 -15.294 -14.429
14.680926 -9.38 -6.52 -8.965 -11.022 -12.678 -13.831 -11.931 -11.323 -12.722 -13.875 -14.667 -15.179 -11.217 -13.143 -14.339 -14.898 -15.232 -13.385 -14.377 -14.926 -15.206 -15.392 -14.372 -13.766 -14.623 -15.511 -15.477 -15.256 -14.391
15.124941 -9.34 -6.48 -8.924 -10.982 -12.638 -13.791 -11.891 -11.283 -12.682 -13.834 -14.627 -15.139 -11.177 -13.103 -14.299 -14.857 -15.191 -13.345 -14.336 -14.886 -15.166 -15.352 -14.332 -13.726 -14.583 -15.471 -15.437 -15.216 -14.351
15.582385 -9.296 -6.436 -8.881 -10.938 -12.594 -13.747 -11.847 -11.239 -12.638 -13.791 -14.583 -15.095 -11.133 -13.059 -14.255 -14.814 -15.148 -13.301 -14.293 -14.842 -15.122 -15.308 -14.288 -13.682 -14.539 -15.428 -15.393 -15.172 -14.307
16.053663 -9.249 -6.389 -8.834 -10.891 -12.547 -13.7 -11.8 -11.192 -12.591 -13.744 -14.536 -15.048 -11.086 -13.012 -14.208 -14.767 -15.101 -13.254 -14.246 -14.795 -15.075 -15.261 -14.241 -13.635 -14.492 -15.38 -15.346 -15.125 -14.26
16.539195 -9.199 -6.339 -8.783 -10.841 -12.497 -13.649 -11.749 -11.142 -12.54 -13.693 -14.486 -14.997 -11.036 -12.962 -14.158 -14.716 -15.05 -13.204 -14.195 -14.745 -15.024 -15.211 -14.19 -13.584 -14.442 -15.33 -15.295 -15.075 -14.21
17.039412 -9.144 -6.284 -8.729 -10.786 -12.442 -13.595 -11.695 -11.087 -12.486 -13.639 -14.431 -14.943 -10.981 -12.907 -14.103 -14.661 -14.996 -13.149 -14.141 -14.69 -14.97 -15.156 -14.136 -13.53 -14.387 -15.275 -15.241 -15.02 -14.155
17.554757 -9.086 -6.226 -8.67 -10.728 -12.384 -13.536 -11.637 -11.029 -12.427 -13.58 -14.373 -14.884 -10.923 -12.849 -14.045 -14.603 -14.937 -13.091 -14.082 -14.632 -14.912 -15.098 -14.078 -13.471 -14.329 -15.217 -15.182 -14.962 -14.097
18.085689 -9.023 -6.163 -8.608 -10.665 -12.321 -13.474 -11.574 -10.966 -12.365 -13.517 -14.31 -14.822 -10.86 -12.786 -13.982 -14.54 -14.874 -13.028 -14.02 -14.569 -14.849 -15.035 -14.015 -13.409 -14.266 -15.154 -15.12 -14.899 -14.034
18.632678 -8.956 -6.096 -8.54 -10.598 -12.254 -13.406 -11.507 -10.899 -12.297 -13.45 -14.243 -14.755 -10.793 -12.719 -13.915 -14.473 -14.807 -12.961 -13.952 -14.502 -14.782 -14.968 -13.948 -13.341 -14.199 -15.087 -15.052 -14.832 -13.967
19.196211 -8.884 -6.024 -8.468 -10.526 -12.182 -13.334 -11.435 -10.827 -12.225 -13.378 -14.171 -14.683 -10.721 -12.647 -13.843 -14.401 -14.735 -12.889 -13.88 -14.43 -14.71 -14.896 -13.876 -13.269 -14.127 -15.015 -14.98 -14.76 -13.895
19.776787 -8.807 -5.947 -8.391 -10.449 -12.105 -13.257 -11.358 -10.75 -12.148 -13.301 -14.094 -14.605 -10.644 -12.57 -13.766 -14.324 -14.658 -12.812 -13.803 -14.353 -14.633 -14.819 -13.799 -13.192 -14.05 -14.938 -14.903 -14.683 -13.818
20.374923 -8.724 -5.864 -8.309 -10.366 -12.022 -13.175 -11.275 -10.668 -12.066 -13.219 -14.012 -14.523 -10.561 -12.487 -13.684 -14.242 -14.576 -12.73 -13.721 -14.27 -14.55 -14.737 -13.716 -13.11 -13.967 -14.856 -14.821 -14.6 -13.735
20.991149 -8.636 -5.776 -8.221 -10.278 -11.934 -13.087 -11.187 -10.58 -11.978 -13.131 -13.924 -14.435 -10.473 -12.399 -13.596 -14.154 -14.488 -12.642 -13.633 -14.182 -14.462 -14.649 -13.628 -13.022 -13.879 -14.768 -14.733 -14.512 -13.647
21.626011 -8.542 -5.683 -8.127 -10.184 -11.84 -12.993 -11.093 -10.486 -11.884 -13.037 -13.83 -14.341 -10.379 -12.305 -13.502 -14.06 -14.394 -12.548 -13.539 -14.088 -14.368 -14.555 -13.534 -12.928 -13.785 -14.674 -14.639 -14.418 -13.554
22.280075 -8.442 -5.582 -8.027 -10.084 -11.74 -12.893 -10.993 -10.385 -11.784 -12.937 -13.729 -14.241 -10.279 -12.205 -13.401 -13.959 -14.294 -12.447 -13.439 -13.988 -14.268 -14.454 -13.434 -12.828 -13.685 -14.573 -14.539 -14.318 -13.453
22.953921 -8.335 -5.475 -7.92 -9.977 -11.633 -12.786 -10.886 -10.278 -11.677 -12.83 -13.622 -14.134 -10.172 -12.098 -13.294 -13.853 -14.187 -12.34 -13.332 -13.881 -14.161 -14.347 -13.327 -12.721 -13.578 -14.467 -14.432 -14.211 -13.346
23.648147 -8.221 -5.361 -7.806 -9.863 -11.519 -12.672 -10.772 -10.164 -11.563 -12.716 -13.508 -14.02 -10.058 -11.984 -13.18 -13.739 -14.073 -12.226 -13.218 -13.767 -14.047 -14.234 -13.213 -12.607 -13.464 -14.353 -14.318 -14.097 -13.232
24.363369 -8.1 -5.24 -7.685 -9.742 -11.398 -12.551 -10.651 -10.043 -11.442 -12.594 -13.387 -13.899 -9.937 -11.863 -13.059 -13.617 -13.951 -12.105 -13.097 -13.646 -13.926 -14.112 -13.092 -12.486 -13.343 -14.231 -14.197 -13.976 -13.111
25.100222 -7.971 -5.111 -7.555 -9.613 -11.269 -12.421 -10.521 -9.914 -11.312 -12.465 -13.258 -13.769 -9.808 -11.734 -12.93 -13.488 -13.822 -11.976 -12.967 -13.517 -13.796 -13.983 -12.963 -12.356 -13.214 -14.102 -14.067 -13.847 -12.982
25.859362 -7.833 -4.973 -7.418 -9.475 -11.131 -12.284 -10.384 -9.776 -11.175 -12.328 -13.12 -13.632 -9.67 -11.596 -12.792 -13.35 -13.684 -11.838 -12.83 -13.379 -13.659 -13.845 -12.825 -12.219 -13.076 -13.964 -13.93 -13.709 -12.844
26.64146 -7.687 -4.827 -7.271 -9.329 -10.985 -12.137 -10.237 -9.63 -11.028 -12.181 -12.974 -13.485 -9.524 -11.45 -12.646 -13.204 -13.538 -11.692 -12.683 -13.233 -13.512 -13.699 -12.679 -12.072 -12.93 -13.818 -13.783 -13.563 -12.698
27.447213 -7.531 -4.671 -7.116 -9.173 -10.829 -11.982 -10.082 -9.474 -10.873 -12.025 -12.818 -13.33 -9.368 -11.294 -12.49 -13.048 -13.382 -11.536 -12.528 -13.077 -13.357 -13.543 -12.523 -11.917 -12.774 -13.662 -13.628 -13.407 -12.542
28.277335 -7.365 -4.505 -6.95 -9.007 -10.663 -11.816 -9.916 -9.308 -10.707 -11.86 -12.652 -13.164 -9.202 -11.128 -12.324 -12.883 -13.217 -11.37 -12.362 -12.911 -13.191 -13.378 -12.357 -11.751 -12.608 -13.497 -13.462 -13.241 -12.376
29.132564 -7.189 -4.329 -6.774 -8.831 -10.487 -11.64 -9.74 -9.132 -10.531 -11.684 -12.476 -12.988 -9.026 -10.952 -12.148 -12.707 -13.041 -11.194 -12.186 -12.735 -13.015 -13.201 -12.181 -11.575 -12.432 -13.321 -13.286 -13.065 -12.2
30.013659 -7.002 -4.142 -6.587 -8.644 -10.3 -11.453 -9.553 -8.945 -10.344 -11.497 -12.289 -12.801 -8.839 -10.765 -11.961 -12.519 -12.854 -11.007 -11.999 -12.548 -12.828 -13.014 -11.994 -11.388 -12.245 -13.133 -13.099 -12.878 -12.013
30.921401 -6.803 -3.943 -6.388 -8.445 -10.101 -11.254 -9.354 -8.746 -10.145 -11.298 -12.091 -12.602 -8.64 -10.566 -11.763 -12.321 -12.655 -10.808 -11.8 -12.349 -12.629 -12.816 -11.795 -11.189 -12.046 -12.935 -12.9 -12.679 -11.814
31.856598 -6.592 -3.732 -6.177 -8.234 -9.89 -11.043 -9.143 -8.535 -9.934 -11.087 -11.879 -12.391 -8.429 -10.355 -11.551 -12.109 -12.444 -10.597 -11.589 -12.138 -12.418 -12.604 -11.584 -10.978 -11.835 -12.723 -12.689 -12.468 -11.603
32.820079 -6.368 -3.508 -5.952 -8.01 -9.666 -10.818 -8.919 -8.311 -9.709 -10.862 -11.655 -12.167 -8.205 -10.131 -11.327 -11.885 -12.219 -10.373 -11.364 -11.914 -12.194 -12.38 -11.36 -10.753 -11.611 -12.499 -12.464 -12.244 -11.379
33.8127 -6.13 -3.27 -5.714 -7.771 -9.427 -10.58 -8.68 -8.073 -9.471 -10.624 -11.417 -11.928 -7.966 -9.893 -11.089 -11.647 -11.981 -10.135 -11.126 -11.675 -11.955 -12.142 -11.121 -10.515 -11.373 -12.261 -12.226 -12.006 -11.141
34.835342 -5.877 -3.017 -5.461 -7.518 -9.174 -10.327 -8.427 -7.82 -9.218 -10.371 -11.164 -11.675 -7.713 -9.64 -10.836 -11.394 -11.728 -9.882 -10.873 -11.422 -11.702 -11.889 -10.868 -10.262 -11.119 -12.008 -11.973 -11.752 -10.888
35.888913 -5.608 -2.748 -5.192 -7.25 -8.906 -10.058 -8.159 -7.551 -8.949 -10.102 -10.895 -11.407 -7.445 -9.371 -10.567 -11.125 -11.459 -9.613 -10.604 -11.154 -11.434 -11.62 -10.6 -9.994 -10.851 -11.739 -11.705 -11.484 -10.619
36.974349 -5.323 -2.463 -4.907 -6.964 -8.62 -9.773 -7.873 -7.266 -8.664 -9.817 -10.61 -11.121 -7.16 -9.086 -10.282 -10.84 -11.174 -9.328 -10.319 -10.869 -11.148 -11.335 -10.314 -9.708 -10.566 -11.454 -11.419 -11.199 -10.334
