web/models/kne/18/villar_0.4064_0.3903_10.0000.dat
# %ECSV 1.0
# ---
# datatype:
# - {name: time, datatype: float64}
# - {name: swift_uvot_uvw2, datatype: float64}
# - {name: swift_uvot_uvm2, datatype: float64}
# - {name: swift_uvot_uvw1, datatype: float64}
# - {name: swift_uvot_U, datatype: float64}
# - {name: swift_uvot_B, datatype: float64}
# - {name: swift_uvot_V, datatype: float64}
# - {name: swift_uvot_W, datatype: float64}
# - {name: johnson_U, datatype: float64}
# - {name: johnson_B, datatype: float64}
# - {name: johnson_V, datatype: float64}
# - {name: johnson_R, datatype: float64}
# - {name: johnson_I, datatype: float64}
# - {name: sdss_u, datatype: float64}
# - {name: sdss_g, datatype: float64}
# - {name: sdss_r, datatype: float64}
# - {name: sdss_i, datatype: float64}
# - {name: sdss_z, datatype: float64}
# - {name: PS1_g, datatype: float64}
# - {name: PS1_r, datatype: float64}
# - {name: PS1_i, datatype: float64}
# - {name: PS1_z, datatype: float64}
# - {name: PS1_Y, datatype: float64}
# - {name: PS1_w, datatype: float64}
# - {name: ATLAS_c, datatype: float64}
# - {name: ATLAS_o, datatype: float64}
# - {name: ukirt_J, datatype: float64}
# - {name: ukirt_H, datatype: float64}
# - {name: ukirt_K, datatype: float64}
# - {name: Clear, datatype: float64}
# meta: !!omap
# - comment: [kappa = 10.0, type = villar, mass = 0.4064473885499596, velocity = 0.3903333333333333, theta_obs = 0.0]
# schema: astropy-2.0
time swift_uvot_uvw2 swift_uvot_uvm2 swift_uvot_uvw1 swift_uvot_U swift_uvot_B swift_uvot_V swift_uvot_W johnson_U johnson_B johnson_V johnson_R johnson_I sdss_u sdss_g sdss_r sdss_i sdss_z PS1_g PS1_r PS1_i PS1_z PS1_Y PS1_w ATLAS_c ATLAS_o ukirt_J ukirt_H ukirt_K Clear
[from data line 280]
4.200141 -11.077 -8.217 -10.662 -12.719 -14.375 -15.528 -13.628 -13.021 -14.419 -15.572 -16.365 -16.876 -12.914 -14.84 -16.037 -16.595 -16.929 -15.082 -16.074 -16.623 -16.903 -17.09 -16.069 -15.463 -16.32 -17.209 -17.174 -16.953 -16.088
4.327172 -11.087 -8.227 -10.671 -12.729 -14.385 -15.537 -13.638 -13.03 -14.428 -15.581 -16.374 -16.885 -12.924 -14.85 -16.046 -16.604 -16.938 -15.092 -16.083 -16.633 -16.913 -17.099 -16.079 -15.472 -16.33 -17.218 -17.183 -16.963 -16.098
4.458044 -11.096 -8.236 -10.68 -12.738 -14.394 -15.546 -13.647 -13.039 -14.437 -15.59 -16.383 -16.895 -12.933 -14.859 -16.055 -16.613 -16.947 -15.101 -16.092 -16.642 -16.922 -17.108 -16.088 -15.481 -16.339 -17.227 -17.192 -16.972 -16.107
4.592874 -11.105 -8.245 -10.689 -12.746 -14.403 -15.555 -13.655 -13.048 -14.446 -15.599 -16.392 -16.903 -12.942 -14.868 -16.064 -16.622 -16.956 -15.11 -16.101 -16.651 -16.93 -17.117 -16.096 -15.49 -16.348 -17.236 -17.201 -16.981 -16.116
4.731783 -11.113 -8.253 -10.698 -12.755 -14.411 -15.564 -13.664 -13.056 -14.455 -15.608 -16.4 -16.912 -12.95 -14.876 -16.072 -16.63 -16.965 -15.118 -16.11 -16.659 -16.939 -17.125 -16.105 -15.499 -16.356 -17.244 -17.21 -16.989 -16.124
4.874892 -11.122 -8.262 -10.706 -12.763 -14.419 -15.572 -13.672 -13.065 -14.463 -15.616 -16.409 -16.92 -12.958 -14.885 -16.081 -16.639 -16.973 -15.127 -16.118 -16.667 -16.947 -17.134 -16.113 -15.507 -16.364 -17.253 -17.218 -16.997 -16.133
5.02233 -11.13 -8.27 -10.714 -12.771 -14.427 -15.58 -13.68 -13.073 -14.471 -15.624 -16.417 -16.928 -12.966 -14.893 -16.089 -16.647 -16.981 -15.135 -16.126 -16.675 -16.955 -17.142 -16.121 -15.515 -16.372 -17.261 -17.226 -17.005 -16.141
5.174227 -11.137 -8.277 -10.722 -12.779 -14.435 -15.588 -13.688 -13.08 -14.479 -15.632 -16.424 -16.936 -12.974 -14.9 -16.096 -16.654 -16.989 -15.142 -16.134 -16.683 -16.963 -17.149 -16.129 -15.523 -16.38 -17.268 -17.234 -17.013 -16.148
5.330718 -11.145 -8.285 -10.729 -12.786 -14.442 -15.595 -13.695 -13.088 -14.486 -15.639 -16.432 -16.943 -12.982 -14.908 -16.104 -16.662 -16.996 -15.15 -16.141 -16.691 -16.97 -17.157 -16.136 -15.53 -16.388 -17.276 -17.241 -17.021 -16.156
5.491942 -11.152 -8.292 -10.736 -12.794 -14.45 -15.602 -13.702 -13.095 -14.493 -15.646 -16.439 -16.95 -12.989 -14.915 -16.111 -16.669 -17.003 -15.157 -16.148 -16.698 -16.977 -17.164 -16.144 -15.537 -16.395 -17.283 -17.248 -17.028 -16.163
5.658042 -11.158 -8.298 -10.743 -12.8 -14.456 -15.609 -13.709 -13.102 -14.5 -15.653 -16.446 -16.957 -12.995 -14.921 -16.118 -16.676 -17.01 -15.163 -16.155 -16.704 -16.984 -17.171 -16.15 -15.544 -16.401 -17.29 -17.255 -17.034 -16.169
5.829166 -11.165 -8.305 -10.749 -12.807 -14.463 -15.615 -13.716 -13.108 -14.506 -15.659 -16.452 -16.963 -13.002 -14.928 -16.124 -16.682 -17.016 -15.17 -16.161 -16.711 -16.991 -17.177 -16.157 -15.55 -16.408 -17.296 -17.261 -17.041 -16.176
6.005465 -11.171 -8.311 -10.755 -12.813 -14.469 -15.621 -13.722 -13.114 -14.512 -15.665 -16.458 -16.969 -13.008 -14.934 -16.13 -16.688 -17.022 -15.176 -16.167 -16.717 -16.997 -17.183 -16.163 -15.556 -16.414 -17.302 -17.267 -17.047 -16.182
6.187096 -11.176 -8.316 -10.761 -12.818 -14.474 -15.627 -13.727 -13.119 -14.518 -15.671 -16.463 -16.975 -13.013 -14.939 -16.135 -16.694 -17.028 -15.181 -16.173 -16.722 -17.002 -17.189 -16.168 -15.562 -16.419 -17.308 -17.273 -17.052 -16.187
6.37422 -11.181 -8.322 -10.766 -12.823 -14.479 -15.632 -13.732 -13.125 -14.523 -15.676 -16.469 -16.98 -13.018 -14.944 -16.141 -16.699 -17.033 -15.187 -16.178 -16.727 -17.007 -17.194 -16.173 -15.567 -16.424 -17.313 -17.278 -17.057 -16.193
6.567004 -11.186 -8.326 -10.771 -12.828 -14.484 -15.637 -13.737 -13.129 -14.528 -15.681 -16.473 -16.985 -13.023 -14.949 -16.145 -16.703 -17.038 -15.191 -16.183 -16.732 -17.012 -17.198 -16.178 -15.572 -16.429 -17.317 -17.283 -17.062 -16.197
6.765619 -11.19 -8.331 -10.775 -12.832 -14.488 -15.641 -13.741 -13.134 -14.532 -15.685 -16.478 -16.989 -13.027 -14.953 -16.15 -16.708 -17.042 -15.196 -16.187 -16.736 -17.016 -17.203 -16.182 -15.576 -16.433 -17.322 -17.287 -17.066 -16.202
6.97024 -11.194 -8.334 -10.779 -12.836 -14.492 -15.645 -13.745 -13.137 -14.536 -15.689 -16.481 -16.993 -13.031 -14.957 -16.153 -16.711 -17.046 -15.199 -16.191 -16.74 -17.02 -17.206 -16.186 -15.58 -16.437 -17.325 -17.291 -17.07 -16.205
7.181051 -11.197 -8.338 -10.782 -12.839 -14.495 -15.648 -13.748 -13.141 -14.539 -15.692 -16.485 -16.996 -13.034 -14.96 -16.157 -16.715 -17.049 -15.203 -16.194 -16.743 -17.023 -17.21 -16.189 -15.583 -16.44 -17.329 -17.294 -17.073 -16.209
7.398237 -11.2 -8.34 -10.785 -12.842 -14.498 -15.651 -13.751 -13.143 -14.542 -15.695 -16.487 -16.999 -13.037 -14.963 -16.159 -16.717 -17.052 -15.205 -16.197 -16.746 -17.026 -17.212 -16.192 -15.586 -16.443 -17.331 -17.297 -17.076 -16.211
7.621991 -11.202 -8.342 -10.787 -12.844 -14.5 -15.653 -13.753 -13.145 -14.544 -15.697 -16.489 -17.001 -13.039 -14.965 -16.161 -16.72 -17.054 -15.207 -16.199 -16.748 -17.028 -17.215 -16.194 -15.588 -16.445 -17.334 -17.299 -17.078 -16.213
7.852513 -11.204 -8.344 -10.788 -12.846 -14.502 -15.654 -13.755 -13.147 -14.546 -15.698 -16.491 -17.003 -13.041 -14.967 -16.163 -16.721 -17.055 -15.209 -16.2 -16.75 -17.03 -17.216 -16.196 -15.59 -16.447 -17.335 -17.301 -17.08 -16.215
8.090007 -11.205 -8.345 -10.789 -12.847 -14.503 -15.655 -13.756 -13.148 -14.546 -15.699 -16.492 -17.003 -13.042 -14.968 -16.164 -16.722 -17.056 -15.21 -16.201 -16.751 -17.031 -17.217 -16.197 -15.59 -16.448 -17.336 -17.301 -17.081 -16.216
8.334684 -11.205 -8.345 -10.79 -12.847 -14.503 -15.656 -13.756 -13.148 -14.547 -15.699 -16.492 -17.004 -13.042 -14.968 -16.164 -16.722 -17.056 -15.21 -16.202 -16.751 -17.031 -17.217 -16.197 -15.591 -16.448 -17.336 -17.302 -17.081 -16.216
8.586761 -11.204 -8.345 -10.789 -12.846 -14.502 -15.655 -13.755 -13.148 -14.546 -15.699 -16.492 -17.003 -13.041 -14.967 -16.164 -16.722 -17.056 -15.21 -16.201 -16.75 -17.03 -17.217 -16.196 -15.59 -16.447 -17.336 -17.301 -17.08 -16.216
8.846461 -11.203 -8.343 -10.788 -12.845 -14.501 -15.654 -13.754 -13.146 -14.545 -15.698 -16.49 -17.002 -13.04 -14.966 -16.162 -16.72 -17.055 -15.208 -16.2 -16.749 -17.029 -17.215 -16.195 -15.589 -16.446 -17.334 -17.3 -17.079 -16.214
9.114017 -11.201 -8.341 -10.786 -12.843 -14.499 -15.652 -13.752 -13.144 -14.543 -15.696 -16.488 -17.0 -13.038 -14.964 -16.16 -16.718 -17.053 -15.206 -16.198 -16.747 -17.027 -17.213 -16.193 -15.587 -16.444 -17.332 -17.298 -17.077 -16.212
9.389664 -11.198 -8.338 -10.783 -12.84 -14.496 -15.649 -13.749 -13.141 -14.54 -15.693 -16.485 -16.997 -13.035 -14.961 -16.157 -16.716 -17.05 -15.203 -16.195 -16.744 -17.024 -17.211 -16.19 -15.584 -16.441 -17.33 -17.295 -17.074 -16.209
9.673648 -11.195 -8.335 -10.779 -12.836 -14.492 -15.645 -13.745 -13.138 -14.536 -15.689 -16.482 -16.993 -13.031 -14.958 -16.154 -16.712 -17.046 -15.2 -16.191 -16.74 -17.02 -17.207 -16.186 -15.58 -16.438 -17.326 -17.291 -17.071 -16.206
9.966221 -11.19 -8.33 -10.774 -12.832 -14.488 -15.641 -13.741 -13.133 -14.532 -15.684 -16.477 -16.989 -13.027 -14.953 -16.149 -16.707 -17.041 -15.195 -16.186 -16.736 -17.016 -17.202 -16.182 -15.576 -16.433 -17.321 -17.287 -17.066 -16.201
10.267642 -11.184 -8.324 -10.769 -12.826 -14.482 -15.635 -13.735 -13.127 -14.526 -15.679 -16.471 -16.983 -13.021 -14.947 -16.143 -16.701 -17.036 -15.189 -16.181 -16.73 -17.01 -17.196 -16.176 -15.57 -16.427 -17.315 -17.281 -17.06 -16.195
10.57818 -11.177 -8.318 -10.762 -12.819 -14.475 -15.628 -13.728 -13.121 -14.519 -15.672 -16.465 -16.976 -13.014 -14.94 -16.137 -16.695 -17.029 -15.183 -16.174 -16.723 -17.003 -17.19 -16.169 -15.563 -16.42 -17.309 -17.274 -17.053 -16.189
10.89811 -11.17 -8.31 -10.754 -12.812 -14.468 -15.62 -13.72 -13.113 -14.511 -15.664 -16.457 -16.968 -13.007 -14.933 -16.129 -16.687 -17.021 -15.175 -16.166 -16.716 -16.995 -17.182 -16.161 -15.555 -16.413 -17.301 -17.266 -17.046 -16.181
11.227716 -11.161 -8.301 -10.745 -12.803 -14.459 -15.611 -13.711 -13.104 -14.502 -15.655 -16.448 -16.959 -12.998 -14.924 -16.12 -16.678 -17.012 -15.166 -16.157 -16.707 -16.986 -17.173 -16.153 -15.546 -16.404 -17.292 -17.257 -17.037 -16.172
11.56729 -11.15 -8.291 -10.735 -12.792 -14.448 -15.601 -13.701 -13.094 -14.492 -15.645 -16.438 -16.949 -12.987 -14.913 -16.11 -16.668 -17.002 -15.156 -16.147 -16.696 -16.976 -17.163 -16.142 -15.536 -16.393 -17.282 -17.247 -17.026 -16.162
11.917135 -11.139 -8.279 -10.724 -12.781 -14.437 -15.59 -13.69 -13.082 -14.481 -15.633 -16.426 -16.938 -12.976 -14.902 -16.098 -16.656 -16.99 -15.144 -16.136 -16.685 -16.965 -17.151 -16.131 -15.525 -16.382 -17.27 -17.236 -17.015 -16.15
12.277561 -11.126 -8.266 -10.711 -12.768 -14.424 -15.577 -13.677 -13.069 -14.468 -15.621 -16.413 -16.925 -12.963 -14.889 -16.085 -16.643 -16.977 -15.131 -16.123 -16.672 -16.952 -17.138 -16.118 -15.512 -16.369 -17.257 -17.223 -17.002 -16.137
12.648887 -11.112 -8.252 -10.696 -12.754 -14.41 -15.562 -13.663 -13.055 -14.453 -15.606 -16.399 -16.91 -12.949 -14.875 -16.071 -16.629 -16.963 -15.117 -16.108 -16.658 -16.938 -17.124 -16.104 -15.497 -16.355 -17.243 -17.208 -16.988 -16.123
13.031444 -11.096 -8.236 -10.681 -12.738 -14.394 -15.547 -13.647 -13.039 -14.438 -15.59 -16.383 -16.895 -12.933 -14.859 -16.055 -16.613 -16.947 -15.101 -16.093 -16.642 -16.922 -17.108 -16.088 -15.482 -16.339 -17.227 -17.193 -16.972 -16.107
13.425571 -11.078 -8.219 -10.663 -12.72 -14.376 -15.529 -13.629 -13.022 -14.42 -15.573 -16.366 -16.877 -12.915 -14.841 -16.038 -16.596 -16.93 -15.084 -16.075 -16.624 -16.904 -17.091 -16.07 -15.464 -16.321 -17.21 -17.175 -16.954 -16.09
13.831619 -11.059 -8.199 -10.644 -12.701 -14.357 -15.51 -13.61 -13.002 -14.401 -15.554 -16.346 -16.858 -12.896 -14.822 -16.018 -16.577 -16.911 -15.064 -16.056 -16.605 -16.885 -17.072 -16.051 -15.445 -16.302 -17.191 -17.156 -16.935 -16.07
14.249947 -11.038 -8.178 -10.623 -12.68 -14.336 -15.489 -13.589 -12.981 -14.38 -15.533 -16.325 -16.837 -12.875 -14.801 -15.997 -16.556 -16.89 -15.043 -16.035 -16.584 -16.864 -17.051 -16.03 -15.424 -16.281 -17.17 -17.135 -16.914 -16.049
14.680926 -11.015 -8.156 -10.6 -12.657 -14.313 -15.466 -13.566 -12.959 -14.357 -15.51 -16.303 -16.814 -12.852 -14.778 -15.975 -16.533 -16.867 -15.021 -16.012 -16.561 -16.841 -17.028 -16.007 -15.401 -16.258 -17.147 -17.112 -16.891 -16.027
15.124941 -10.991 -8.131 -10.575 -12.632 -14.288 -15.441 -13.541 -12.934 -14.332 -15.485 -16.278 -16.789 -12.827 -14.754 -15.95 -16.508 -16.842 -14.996 -15.987 -16.536 -16.816 -17.003 -15.982 -15.376 -16.234 -17.122 -17.087 -16.867 -16.002
15.582385 -10.964 -8.104 -10.548 -12.605 -14.261 -15.414 -13.514 -12.907 -14.305 -15.458 -16.251 -16.762 -12.8 -14.727 -15.923 -16.481 -16.815 -14.969 -15.96 -16.509 -16.789 -16.976 -15.955 -15.349 -16.207 -17.095 -17.06 -16.84 -15.975
16.053663 -10.934 -8.074 -10.519 -12.576 -14.232 -15.385 -13.485 -12.877 -14.276 -15.429 -16.221 -16.733 -12.771 -14.697 -15.893 -16.452 -16.786 -14.939 -15.931 -16.48 -16.76 -16.946 -15.926 -15.32 -16.177 -17.065 -17.031 -16.81 -15.945
16.539195 -10.903 -8.043 -10.487 -12.544 -14.2 -15.353 -13.453 -12.846 -14.244 -15.397 -16.19 -16.701 -12.74 -14.666 -15.862 -16.42 -16.754 -14.908 -15.899 -16.449 -16.728 -16.915 -15.894 -15.288 -16.146 -17.034 -16.999 -16.779 -15.914
17.039412 -10.868 -8.009 -10.453 -12.51 -14.166 -15.319 -13.419 -12.812 -14.21 -15.363 -16.156 -16.667 -12.705 -14.631 -15.828 -16.386 -16.72 -14.874 -15.865 -16.414 -16.694 -16.881 -15.86 -15.254 -16.111 -17.0 -16.965 -16.744 -15.88
17.554757 -10.832 -7.972 -10.416 -12.473 -14.13 -15.282 -13.382 -12.775 -14.173 -15.326 -16.119 -16.63 -12.669 -14.595 -15.791 -16.349 -16.683 -14.837 -15.828 -16.378 -16.657 -16.844 -15.823 -15.217 -16.075 -16.963 -16.928 -16.708 -15.843
18.085689 -10.792 -7.932 -10.377 -12.434 -14.09 -15.243 -13.343 -12.735 -14.134 -15.286 -16.079 -16.591 -12.629 -14.555 -15.751 -16.309 -16.643 -14.797 -15.789 -16.338 -16.618 -16.804 -15.784 -15.178 -16.035 -16.923 -16.889 -16.668 -15.803
18.632678 -10.749 -7.889 -10.334 -12.391 -14.047 -15.2 -13.3 -12.693 -14.091 -15.244 -16.037 -16.548 -12.586 -14.512 -15.709 -16.267 -16.601 -14.755 -15.746 -16.295 -16.575 -16.762 -15.741 -15.135 -15.992 -16.881 -16.846 -16.625 -15.76
19.196211 -10.704 -7.844 -10.288 -12.346 -14.002 -15.154 -13.254 -12.647 -14.045 -15.198 -15.991 -16.502 -12.541 -14.467 -15.663 -16.221 -16.555 -14.709 -15.7 -16.25 -16.529 -16.716 -15.696 -15.089 -15.947 -16.835 -16.8 -16.58 -15.715
19.776787 -10.655 -7.795 -10.239 -12.296 -13.953 -15.105 -13.205 -12.598 -13.996 -15.149 -15.942 -16.453 -12.492 -14.418 -15.614 -16.172 -16.506 -14.66 -15.651 -16.201 -16.48 -16.667 -15.646 -15.04 -15.898 -16.786 -16.751 -16.531 -15.666
20.374923 -10.602 -7.742 -10.187 -12.244 -13.9 -15.053 -13.153 -12.545 -13.944 -15.097 -15.889 -16.401 -12.439 -14.365 -15.561 -16.119 -16.453 -14.607 -15.599 -16.148 -16.428 -16.614 -15.594 -14.988 -15.845 -16.733 -16.699 -16.478 -15.613
20.991149 -10.546 -7.686 -10.13 -12.188 -13.844 -14.996 -13.097 -12.489 -13.887 -15.04 -15.833 -16.345 -12.383 -14.309 -15.505 -16.063 -16.397 -14.551 -15.542 -16.092 -16.372 -16.558 -15.538 -14.931 -15.789 -16.677 -16.642 -16.422 -15.557
21.626011 -10.486 -7.626 -10.07 -12.127 -13.784 -14.936 -13.036 -12.429 -13.827 -14.98 -15.773 -16.284 -12.323 -14.249 -15.445 -16.003 -16.337 -14.491 -15.482 -16.032 -16.311 -16.498 -15.477 -14.871 -15.729 -16.617 -16.582 -16.362 -15.497
22.280075 -10.421 -7.561 -10.006 -12.063 -13.719 -14.872 -12.972 -12.364 -13.763 -14.916 -15.708 -16.22 -12.258 -14.184 -15.38 -15.939 -16.273 -14.426 -15.418 -15.967 -16.247 -16.434 -15.413 -14.807 -15.664 -16.553 -16.518 -16.297 -15.432
22.953921 -10.353 -7.493 -9.937 -11.994 -13.651 -14.803 -12.903 -12.296 -13.694 -14.847 -15.64 -16.151 -12.19 -14.116 -15.312 -15.87 -16.204 -14.358 -15.349 -15.899 -16.178 -16.365 -15.344 -14.738 -15.596 -16.484 -16.449 -16.229 -15.364
23.648147 -10.279 -7.419 -9.864 -11.921 -13.577 -14.73 -12.83 -12.222 -13.621 -14.774 -15.566 -16.078 -12.116 -14.042 -15.238 -15.797 -16.131 -14.284 -15.276 -15.825 -16.105 -16.291 -15.271 -14.665 -15.522 -16.411 -16.376 -16.155 -15.29
24.363369 -10.201 -7.341 -9.786 -11.843 -13.499 -14.652 -12.752 -12.144 -13.543 -14.695 -15.488 -16.0 -12.038 -13.964 -15.16 -15.718 -16.052 -14.206 -15.198 -15.747 -16.027 -16.213 -15.193 -14.587 -15.444 -16.332 -16.298 -16.077 -15.212
25.100222 -10.118 -7.258 -9.702 -11.76 -13.416 -14.568 -12.668 -12.061 -13.459 -14.612 -15.405 -15.916 -11.955 -13.881 -15.077 -15.635 -15.969 -14.123 -15.114 -15.664 -15.943 -16.13 -15.109 -14.503 -15.361 -16.249 -16.214 -15.994 -15.129
25.859362 -10.029 -7.169 -9.613 -11.671 -13.327 -14.479 -12.58 -11.972 -13.37 -14.523 -15.316 -15.827 -11.866 -13.792 -14.988 -15.546 -15.88 -14.034 -15.025 -15.575 -15.855 -16.041 -15.021 -14.414 -15.272 -16.16 -16.125 -15.905 -15.04
26.64146 -9.934 -7.074 -9.519 -11.576 -13.232 -14.385 -12.485 -11.877 -13.276 -14.429 -15.221 -15.733 -11.771 -13.697 -14.893 -15.451 -15.785 -13.939 -14.931 -15.48 -15.76 -15.946 -14.926 -14.32 -15.177 -16.065 -16.031 -15.81 -14.945
27.447213 -9.833 -6.973 -9.418 -11.475 -13.131 -14.284 -12.384 -11.776 -13.175 -14.328 -15.12 -15.632 -11.67 -13.596 -14.792 -15.35 -15.685 -13.838 -14.83 -15.379 -15.659 -15.845 -14.825 -14.219 -15.076 -15.964 -15.93 -15.709 -14.844
28.277335 -9.726 -6.866 -9.311 -11.368 -13.024 -14.177 -12.277 -11.669 -13.068 -14.22 -15.013 -15.525 -11.563 -13.489 -14.685 -15.243 -15.577 -13.731 -14.723 -15.272 -15.552 -15.738 -14.718 -14.112 -14.969 -15.857 -15.823 -15.602 -14.737
29.132564 -9.612 -6.752 -9.196 -11.254 -12.91 -14.062 -12.163 -11.555 -12.953 -14.106 -14.899 -15.41 -11.449 -13.375 -14.571 -15.129 -15.463 -13.617 -14.608 -15.158 -15.438 -15.624 -14.604 -13.997 -14.855 -15.743 -15.708 -15.488 -14.623
