web/models/kne.last_good/11/villar_0.0182_0.5000_10.0000.dat
# %ECSV 1.0
# ---
# datatype:
# - {name: time, datatype: float64}
# - {name: swift_uvot_uvw2, datatype: float64}
# - {name: swift_uvot_uvm2, datatype: float64}
# - {name: swift_uvot_uvw1, datatype: float64}
# - {name: swift_uvot_U, datatype: float64}
# - {name: swift_uvot_B, datatype: float64}
# - {name: swift_uvot_V, datatype: float64}
# - {name: swift_uvot_W, datatype: float64}
# - {name: johnson_U, datatype: float64}
# - {name: johnson_B, datatype: float64}
# - {name: johnson_V, datatype: float64}
# - {name: johnson_R, datatype: float64}
# - {name: johnson_I, datatype: float64}
# - {name: sdss_u, datatype: float64}
# - {name: sdss_g, datatype: float64}
# - {name: sdss_r, datatype: float64}
# - {name: sdss_i, datatype: float64}
# - {name: sdss_z, datatype: float64}
# - {name: PS1_g, datatype: float64}
# - {name: PS1_r, datatype: float64}
# - {name: PS1_i, datatype: float64}
# - {name: PS1_z, datatype: float64}
# - {name: PS1_Y, datatype: float64}
# - {name: PS1_w, datatype: float64}
# - {name: ATLAS_c, datatype: float64}
# - {name: ATLAS_o, datatype: float64}
# - {name: ukirt_J, datatype: float64}
# - {name: ukirt_H, datatype: float64}
# - {name: ukirt_K, datatype: float64}
# - {name: Clear, datatype: float64}
# meta: !!omap
# - comment: [kappa = 10.0, type = villar, mass = 0.018176879801416274, velocity = 0.5, theta_obs = 0.0, tfloor = 2500.0]
# schema: astropy-2.0
time swift_uvot_uvw2 swift_uvot_uvm2 swift_uvot_uvw1 swift_uvot_U swift_uvot_B swift_uvot_V swift_uvot_W johnson_U johnson_B johnson_V johnson_R johnson_I sdss_u sdss_g sdss_r sdss_i sdss_z PS1_g PS1_r PS1_i PS1_z PS1_Y PS1_w ATLAS_c ATLAS_o ukirt_J ukirt_H ukirt_K Clear
[from data line 203]
0.423513 -13.331 -13.725 -14.382 -15.36 -15.787 -15.995 -15.021 -15.444 -15.789 -15.995 -16.021 -15.928 -15.427 -15.873 -16.032 -16.008 -15.912 -15.915 -16.041 -16.017 -15.95 -15.913 -15.985 -15.956 -16.023 -15.582 -15.22 -14.74 -15.961
0.436321 -13.157 -13.549 -14.243 -15.264 -15.722 -15.954 -14.936 -15.354 -15.725 -15.955 -15.998 -15.92 -15.335 -15.817 -16.003 -15.992 -15.906 -15.863 -16.011 -16.001 -15.942 -15.91 -15.954 -15.912 -15.999 -15.589 -15.235 -14.761 -15.928
0.449518 -12.98 -13.367 -14.099 -15.164 -15.654 -15.91 -14.848 -15.259 -15.657 -15.912 -15.973 -15.91 -15.239 -15.758 -15.97 -15.974 -15.898 -15.808 -15.979 -15.983 -15.933 -15.905 -15.92 -15.866 -15.973 -15.596 -15.249 -14.782 -15.892
0.463113 -12.798 -13.177 -13.95 -15.06 -15.583 -15.864 -14.758 -15.161 -15.586 -15.866 -15.947 -15.899 -15.139 -15.696 -15.936 -15.954 -15.889 -15.75 -15.945 -15.964 -15.922 -15.899 -15.884 -15.817 -15.945 -15.602 -15.263 -14.802 -15.854
0.47712 -12.613 -12.981 -13.795 -14.951 -15.507 -15.814 -14.666 -15.057 -15.512 -15.818 -15.918 -15.886 -15.034 -15.63 -15.899 -15.933 -15.878 -15.688 -15.908 -15.942 -15.909 -15.892 -15.845 -15.764 -15.915 -15.607 -15.276 -14.821 -15.814
0.49155 -12.425 -12.778 -13.635 -14.836 -15.428 -15.762 -14.571 -14.949 -15.433 -15.766 -15.887 -15.872 -14.924 -15.561 -15.859 -15.909 -15.866 -15.624 -15.869 -15.919 -15.895 -15.883 -15.805 -15.709 -15.883 -15.61 -15.288 -14.841 -15.771
0.506416 -12.235 -12.567 -13.47 -14.717 -15.345 -15.707 -14.473 -14.837 -15.351 -15.712 -15.853 -15.856 -14.809 -15.489 -15.817 -15.883 -15.852 -15.556 -15.827 -15.893 -15.879 -15.873 -15.762 -15.651 -15.848 -15.613 -15.3 -14.859 -15.727
0.521733 -12.043 -12.349 -13.299 -14.593 -15.258 -15.648 -14.372 -14.719 -15.264 -15.654 -15.817 -15.838 -14.689 -15.413 -15.772 -15.855 -15.836 -15.484 -15.783 -15.866 -15.862 -15.862 -15.716 -15.59 -15.811 -15.615 -15.311 -14.877 -15.68
0.537512 -11.85 -12.123 -13.122 -14.463 -15.166 -15.586 -14.269 -14.596 -15.174 -15.593 -15.779 -15.818 -14.564 -15.333 -15.724 -15.825 -15.819 -15.409 -15.735 -15.836 -15.842 -15.848 -15.668 -15.526 -15.771 -15.615 -15.321 -14.895 -15.631
0.553769 -11.656 -11.89 -12.94 -14.328 -15.071 -15.521 -14.164 -14.468 -15.079 -15.529 -15.739 -15.796 -14.433 -15.249 -15.674 -15.792 -15.799 -15.33 -15.685 -15.804 -15.821 -15.834 -15.618 -15.458 -15.729 -15.615 -15.33 -14.912 -15.579
0.570517 -11.464 -11.648 -12.753 -14.187 -14.971 -15.452 -14.055 -14.334 -14.98 -15.461 -15.695 -15.773 -14.297 -15.161 -15.62 -15.757 -15.778 -15.248 -15.632 -15.77 -15.798 -15.818 -15.564 -15.387 -15.684 -15.613 -15.339 -14.929 -15.526
0.587772 -11.273 -11.398 -12.559 -14.041 -14.866 -15.38 -13.944 -14.195 -14.876 -15.39 -15.649 -15.747 -14.155 -15.069 -15.563 -15.72 -15.755 -15.161 -15.576 -15.733 -15.772 -15.8 -15.508 -15.312 -15.637 -15.61 -15.346 -14.945 -15.469
0.605549 -11.085 -11.14 -12.36 -13.889 -14.757 -15.303 -13.829 -14.051 -14.768 -15.315 -15.601 -15.719 -14.008 -14.972 -15.503 -15.68 -15.73 -15.071 -15.517 -15.694 -15.745 -15.78 -15.449 -15.234 -15.587 -15.605 -15.353 -14.96 -15.411
0.623863 -10.902 -10.873 -12.156 -13.73 -14.643 -15.223 -13.712 -13.9 -14.655 -15.237 -15.549 -15.69 -13.854 -14.872 -15.44 -15.638 -15.703 -14.977 -15.454 -15.652 -15.716 -15.758 -15.388 -15.152 -15.534 -15.6 -15.359 -14.975 -15.349
0.642731 -10.725 -10.598 -11.945 -13.565 -14.523 -15.139 -13.592 -13.743 -14.538 -15.154 -15.495 -15.658 -13.694 -14.766 -15.373 -15.592 -15.673 -14.878 -15.389 -15.607 -15.684 -15.735 -15.323 -15.067 -15.477 -15.592 -15.363 -14.989 -15.286
0.66217 -10.555 -10.314 -11.729 -13.394 -14.399 -15.051 -13.468 -13.581 -14.415 -15.068 -15.437 -15.623 -13.528 -14.657 -15.303 -15.544 -15.642 -14.775 -15.32 -15.56 -15.65 -15.71 -15.256 -14.977 -15.418 -15.584 -15.367 -15.003 -15.219
0.682197 -10.394 -10.02 -11.507 -13.217 -14.27 -14.959 -13.342 -13.412 -14.287 -14.977 -15.377 -15.587 -13.355 -14.542 -15.229 -15.494 -15.608 -14.668 -15.247 -15.51 -15.614 -15.682 -15.185 -14.884 -15.356 -15.574 -15.37 -15.016 -15.15
0.70283 -10.243 -9.718 -11.28 -13.032 -14.135 -14.862 -13.212 -13.236 -14.154 -14.882 -15.313 -15.548 -13.176 -14.423 -15.152 -15.44 -15.572 -14.557 -15.171 -15.457 -15.575 -15.653 -15.111 -14.786 -15.291 -15.563 -15.372 -15.028 -15.079
0.724086 -10.102 -9.406 -11.047 -12.841 -13.995 -14.761 -13.079 -13.054 -14.015 -14.783 -15.247 -15.506 -12.99 -14.298 -15.071 -15.383 -15.533 -14.441 -15.091 -15.402 -15.534 -15.622 -15.035 -14.685 -15.222 -15.55 -15.373 -15.04 -15.005
0.745986 -9.972 -9.086 -10.808 -12.643 -13.849 -14.656 -12.943 -12.864 -13.871 -14.679 -15.176 -15.462 -12.797 -14.169 -14.985 -15.323 -15.492 -14.32 -15.007 -15.343 -15.49 -15.588 -14.954 -14.579 -15.15 -15.535 -15.373 -15.051 -14.928
0.768548 -9.853 -8.756 -10.564 -12.437 -13.697 -14.545 -12.803 -12.668 -13.722 -14.571 -15.103 -15.415 -12.596 -14.034 -14.896 -15.26 -15.448 -14.195 -14.919 -15.281 -15.444 -15.552 -14.871 -14.469 -15.074 -15.519 -15.371 -15.061 -14.849
0.791792 -9.745 -8.417 -10.315 -12.224 -13.539 -14.43 -12.66 -12.465 -13.566 -14.458 -15.026 -15.366 -12.388 -13.894 -14.803 -15.193 -15.402 -14.065 -14.828 -15.215 -15.395 -15.514 -14.784 -14.354 -14.995 -15.501 -15.369 -15.071 -14.767
0.815739 -9.647 -8.07 -10.06 -12.003 -13.375 -14.31 -12.513 -12.254 -13.405 -14.341 -14.945 -15.314 -12.173 -13.748 -14.705 -15.124 -15.352 -13.93 -14.732 -15.146 -15.342 -15.474 -14.693 -14.235 -14.912 -15.482 -15.365 -15.08 -14.682
0.840411 -9.559 -7.714 -9.8 -11.774 -13.205 -14.185 -12.363 -12.036 -13.237 -14.218 -14.861 -15.259 -11.949 -13.596 -14.603 -15.05 -15.3 -13.791 -14.632 -15.074 -15.287 -15.431 -14.599 -14.111 -14.825 -15.46 -15.361 -15.088 -14.595
0.865828 -9.479 -7.352 -9.535 -11.537 -13.028 -14.054 -12.208 -11.809 -13.063 -14.09 -14.772 -15.201 -11.718 -13.439 -14.496 -14.973 -15.245 -13.646 -14.528 -14.999 -15.229 -15.385 -14.501 -13.982 -14.735 -15.437 -15.354 -15.096 -14.505
0.892015 -9.408 -6.984 -9.266 -11.292 -12.844 -13.918 -12.051 -11.575 -12.883 -13.957 -14.68 -15.14 -11.478 -13.276 -14.385 -14.892 -15.187 -13.497 -14.419 -14.919 -15.168 -15.337 -14.4 -13.848 -14.64 -15.412 -15.347 -15.103 -14.413
0.918993 -9.342 -6.613 -8.991 -11.038 -12.654 -13.776 -11.889 -11.332 -12.696 -13.818 -14.584 -15.076 -11.23 -13.106 -14.269 -14.807 -15.126 -13.343 -14.306 -14.836 -15.104 -15.286 -14.294 -13.709 -14.542 -15.385 -15.338 -15.109 -14.318
0.946787 -9.282 -6.241 -8.712 -10.775 -12.457 -13.629 -11.723 -11.081 -12.502 -13.674 -14.484 -15.008 -10.973 -12.93 -14.148 -14.718 -15.062 -13.185 -14.188 -14.749 -15.036 -15.233 -14.185 -13.565 -14.439 -15.355 -15.328 -15.114 -14.22
0.975422 -9.226 -5.873 -8.429 -10.504 -12.252 -13.476 -11.554 -10.821 -12.301 -13.524 -14.379 -14.937 -10.707 -12.748 -14.021 -14.625 -14.994 -13.022 -14.066 -14.658 -14.965 -15.176 -14.072 -13.416 -14.331 -15.324 -15.317 -15.118 -14.12
1.004923 -9.174 -5.516 -8.141 -10.223 -12.04 -13.316 -11.38 -10.552 -12.093 -13.368 -14.27 -14.863 -10.431 -12.559 -13.89 -14.528 -14.923 -12.854 -13.938 -14.563 -14.891 -15.117 -13.954 -13.261 -14.22 -15.291 -15.304 -15.121 -14.018
1.035317 -9.125 -5.174 -7.849 -9.932 -11.821 -13.15 -11.202 -10.274 -11.878 -13.207 -14.157 -14.786 -10.146 -12.363 -13.753 -14.427 -14.849 -12.683 -13.806 -14.463 -14.813 -15.054 -13.832 -13.101 -14.104 -15.255 -15.29 -15.124 -13.913
1.066629 -9.078 -4.858 -7.553 -9.632 -11.593 -12.978 -11.02 -9.987 -11.655 -13.039 -14.039 -14.704 -9.851 -12.16 -13.611 -14.321 -14.77 -12.507 -13.669 -14.36 -14.731 -14.989 -13.706 -12.935 -13.983 -15.217 -15.274 -15.125 -13.806
1.098888 -9.033 -4.574 -7.252 -9.321 -11.358 -12.799 -10.834 -9.689 -11.425 -12.864 -13.916 -14.619 -9.547 -11.949 -13.463 -14.21 -14.688 -12.328 -13.527 -14.251 -14.645 -14.921 -13.575 -12.762 -13.857 -15.176 -15.256 -15.126 -13.697
1.132124 -8.989 -4.327 -6.947 -9.0 -11.114 -12.613 -10.644 -9.382 -11.186 -12.683 -13.789 -14.53 -9.231 -11.731 -13.309 -14.094 -14.602 -12.147 -13.379 -14.139 -14.556 -14.849 -13.439 -12.584 -13.727 -15.133 -15.237 -15.126 -13.586
1.166364 -8.946 -4.122 -6.638 -8.669 -10.861 -12.42 -10.45 -9.064 -10.94 -12.495 -13.656 -14.438 -8.905 -11.506 -13.148 -13.974 -14.513 -11.963 -13.227 -14.021 -14.462 -14.774 -13.299 -12.4 -13.591 -15.087 -15.216 -15.124 -13.473
1.20164 -8.904 -3.955 -6.324 -8.326 -10.6 -12.22 -10.251 -8.735 -10.685 -12.3 -13.519 -14.341 -8.568 -11.272 -12.982 -13.848 -14.419 -11.777 -13.069 -13.899 -14.364 -14.695 -13.154 -12.209 -13.45 -15.039 -15.193 -15.122 -13.358
1.237983 -8.862 -3.822 -6.006 -7.972 -10.329 -12.013 -10.048 -8.395 -10.421 -12.098 -13.376 -14.24 -8.219 -11.031 -12.809 -13.718 -14.32 -11.591 -12.906 -13.772 -14.262 -14.613 -13.004 -12.012 -13.304 -14.988 -15.169 -15.118 -13.242
1.275425 -8.82 -3.717 -5.683 -7.606 -10.049 -11.797 -9.841 -8.044 -10.148 -11.889 -13.228 -14.134 -7.859 -10.78 -12.63 -13.581 -14.218 -11.406 -12.738 -13.64 -14.155 -14.528 -12.849 -11.807 -13.152 -14.934 -15.142 -15.114 -13.125
1.313999 -8.778 -3.633 -5.354 -7.228 -9.76 -11.574 -9.63 -7.681 -9.867 -11.672 -13.074 -14.025 -7.487 -10.522 -12.443 -13.44 -14.111 -11.223 -12.565 -13.503 -14.044 -14.439 -12.688 -11.596 -12.995 -14.877 -15.114 -15.108 -13.006
1.35374 -8.736 -3.563 -5.02 -6.837 -9.461 -11.342 -9.416 -7.306 -9.576 -11.447 -12.914 -13.91 -7.102 -10.254 -12.25 -13.292 -13.999 -11.043 -12.387 -13.36 -13.929 -14.346 -12.522 -11.378 -12.831 -14.817 -15.083 -15.101 -12.888
1.394683 -8.694 -3.504 -4.68 -6.434 -9.151 -11.102 -9.198 -6.919 -9.275 -11.215 -12.749 -13.792 -6.704 -9.977 -12.049 -13.139 -13.882 -10.868 -12.204 -13.213 -13.808 -14.25 -12.35 -11.152 -12.662 -14.754 -15.051 -15.093 -12.769
1.436864 -8.646 -3.448 -4.414 -6.117 -8.903 -10.906 -9.021 -6.613 -9.034 -11.024 -12.609 -13.686 -6.391 -9.754 -11.882 -13.007 -13.778 -10.728 -12.052 -13.086 -13.701 -14.161 -12.205 -10.967 -12.519 -14.689 -15.009 -15.07 -12.666
1.480321 -8.585 -3.387 -4.353 -6.056 -8.842 -10.845 -8.96 -6.553 -8.974 -10.963 -12.548 -13.625 -6.33 -9.693 -11.822 -12.946 -13.717 -10.668 -11.991 -13.025 -13.641 -14.1 -12.145 -10.906 -12.458 -14.628 -14.949 -15.009 -12.605
1.525092 -8.524 -3.326 -4.292 -5.995 -8.781 -10.784 -8.899 -6.491 -8.912 -10.902 -12.487 -13.564 -6.269 -9.632 -11.76 -12.885 -13.656 -10.606 -11.93 -12.964 -13.579 -14.039 -12.084 -10.845 -12.397 -14.567 -14.887 -14.948 -12.544
1.571218 -8.463 -3.265 -4.23 -5.933 -8.72 -10.722 -8.838 -6.43 -8.851 -10.841 -12.426 -13.502 -6.207 -9.57 -11.699 -12.824 -13.595 -10.545 -11.869 -12.902 -13.518 -13.977 -12.022 -10.784 -12.336 -14.506 -14.826 -14.887 -12.482
1.618738 -8.401 -3.203 -4.169 -5.872 -8.659 -10.661 -8.776 -6.369 -8.79 -10.779 -12.364 -13.441 -6.146 -9.509 -11.638 -12.762 -13.533 -10.484 -11.807 -12.841 -13.457 -13.916 -11.961 -10.722 -12.274 -14.444 -14.765 -14.825 -12.421
1.667696 -8.34 -3.141 -4.107 -5.81 -8.597 -10.599 -8.715 -6.307 -8.728 -10.717 -12.302 -13.379 -6.084 -9.447 -11.576 -12.701 -13.471 -10.422 -11.745 -12.779 -13.395 -13.854 -11.899 -10.661 -12.213 -14.383 -14.703 -14.763 -12.359
1.718134 -8.278 -3.079 -4.045 -5.748 -8.535 -10.537 -8.653 -6.245 -8.666 -10.655 -12.24 -13.317 -6.022 -9.385 -11.514 -12.639 -13.409 -10.36 -11.683 -12.717 -13.333 -13.792 -11.837 -10.599 -12.151 -14.321 -14.641 -14.701 -12.297
1.770098 -8.215 -3.017 -3.983 -5.686 -8.473 -10.475 -8.59 -6.183 -8.604 -10.593 -12.178 -13.255 -5.96 -9.323 -11.452 -12.576 -13.347 -10.298 -11.621 -12.655 -13.271 -13.73 -11.775 -10.536 -12.088 -14.258 -14.579 -14.639 -12.235
1.823633 -8.153 -2.955 -3.92 -5.623 -8.41 -10.412 -8.528 -6.12 -8.541 -10.531 -12.116 -13.192 -5.897 -9.26 -11.389 -12.514 -13.285 -10.235 -11.559 -12.592 -13.208 -13.667 -11.712 -10.474 -12.026 -14.196 -14.516 -14.577 -12.172
1.878788 -8.09 -2.892 -3.858 -5.56 -8.347 -10.349 -8.465 -6.057 -8.478 -10.468 -12.053 -13.13 -5.835 -9.198 -11.326 -12.451 -13.222 -10.172 -11.496 -12.53 -13.145 -13.605 -11.649 -10.411 -11.963 -14.133 -14.453 -14.514 -12.11
1.93561 -8.027 -2.829 -3.795 -5.497 -8.284 -10.286 -8.402 -5.994 -8.415 -10.405 -11.99 -13.067 -5.772 -9.135 -11.263 -12.388 -13.159 -10.109 -11.433 -12.467 -13.082 -13.542 -11.586 -10.348 -11.9 -14.07 -14.39 -14.451 -12.046
1.994152 -7.964 -2.765 -3.731 -5.434 -8.221 -10.223 -8.339 -5.931 -8.352 -10.342 -11.926 -13.003 -5.708 -9.071 -11.2 -12.325 -13.096 -10.046 -11.369 -12.403 -13.019 -13.478 -11.523 -10.285 -11.837 -14.007 -14.327 -14.388 -11.983
2.054463 -7.9 -2.702 -3.668 -5.371 -8.157 -10.16 -8.275 -5.867 -8.288 -10.278 -11.863 -12.94 -5.645 -9.008 -11.136 -12.261 -13.032 -9.982 -11.306 -12.34 -12.955 -13.415 -11.46 -10.221 -11.773 -13.943 -14.263 -14.324 -11.92
2.116599 -7.836 -2.638 -3.604 -5.307 -8.094 -10.096 -8.211 -5.804 -8.225 -10.214 -11.799 -12.876 -5.581 -8.944 -11.073 -12.197 -12.968 -9.919 -11.242 -12.276 -12.892 -13.351 -11.396 -10.157 -11.709 -13.879 -14.2 -14.26 -11.856
2.180614 -7.772 -2.574 -3.54 -5.243 -8.029 -10.032 -8.147 -5.739 -8.16 -10.15 -11.735 -12.812 -5.517 -8.88 -11.009 -12.133 -12.904 -9.854 -11.178 -12.212 -12.827 -13.287 -11.332 -10.093 -11.645 -13.815 -14.135 -14.196 -11.792
2.246566 -7.708 -2.509 -3.475 -5.178 -7.965 -9.967 -8.083 -5.675 -8.096 -10.086 -11.67 -12.747 -5.452 -8.815 -10.944 -12.069 -12.84 -9.79 -11.113 -12.147 -12.763 -13.222 -11.267 -10.029 -11.581 -13.751 -14.071 -14.132 -11.727
2.314511 -7.643 -2.445 -3.411 -5.113 -7.9 -9.902 -8.018 -5.61 -8.031 -10.021 -11.606 -12.683 -5.388 -8.751 -10.879 -12.004 -12.775 -9.725 -11.049 -12.083 -12.698 -13.158 -11.202 -9.964 -11.516 -13.686 -14.006 -14.067 -11.662
2.384512 -7.578 -2.38 -3.346 -5.048 -7.835 -9.837 -7.953 -5.545 -7.966 -9.956 -11.541 -12.618 -5.323 -8.686 -10.814 -11.939 -12.71 -9.66 -10.984 -12.018 -12.633 -13.093 -11.137 -9.899 -11.451 -13.621 -13.941 -14.002 -11.597
2.45663 -7.513 -2.314 -3.28 -4.983 -7.77 -9.772 -7.888 -5.48 -7.901 -9.891 -11.475 -12.552 -5.257 -8.62 -10.749 -11.874 -12.645 -9.595 -10.918 -11.952 -12.568 -13.027 -11.072 -9.834 -11.386 -13.556 -13.876 -13.937 -11.532
2.530929 -7.447 -2.249 -3.215 -4.918 -7.704 -9.707 -7.822 -5.414 -7.835 -9.825 -11.41 -12.487 -5.192 -8.555 -10.684 -11.808 -12.579 -9.529 -10.853 -11.887 -12.502 -12.962 -11.007 -9.768 -11.32 -13.49 -13.811 -13.871 -11.467
2.607475 -7.381 -2.183 -3.149 -4.852 -7.639 -9.641 -7.756 -5.349 -7.77 -9.759 -11.344 -12.421 -5.126 -8.489 -10.618 -11.742 -12.513 -9.464 -10.787 -11.821 -12.437 -12.896 -10.941 -9.702 -11.254 -13.424 -13.745 -13.805 -11.401
2.686337 -7.315 -2.117 -3.083 -4.786 -7.572 -9.575 -7.69 -5.282 -7.703 -9.693 -11.278 -12.355 -5.06 -8.423 -10.552 -11.676 -12.447 -9.397 -10.721 -11.755 -12.37 -12.83 -10.875 -9.636 -11.188 -13.358 -13.678 -13.739 -11.335
2.767583 -7.249 -2.05 -3.016 -4.719 -7.506 -9.508 -7.624 -5.216 -7.637 -9.627 -11.211 -12.288 -4.993 -8.356 -10.485 -11.61 -12.381 -9.331 -10.654 -11.688 -12.304 -12.763 -10.808 -9.57 -11.122 -13.292 -13.612 -13.673 -11.268
2.851287 -7.182 -1.984 -2.95 -4.652 -7.439 -9.441 -7.557 -5.149 -7.57 -9.56 -11.145 -12.222 -4.927 -8.29 -10.418 -11.543 -12.314 -9.264 -10.588 -11.622 -12.237 -12.696 -10.741 -9.503 -11.055 -13.225 -13.545 -13.606 -11.201
2.937522 -7.115 -1.917 -2.883 -4.585 -7.372 -9.374 -7.49 -5.082 -7.503 -9.493 -11.078 -12.155 -4.86 -8.223 -10.351 -11.476 -12.247 -9.197 -10.521 -11.555 -12.17 -12.629 -10.674 -9.436 -10.988 -13.158 -13.478 -13.539 -11.134
3.026365 -7.048 -1.849 -2.815 -4.518 -7.305 -9.307 -7.423 -5.015 -7.436 -9.426 -11.01 -12.087 -4.792 -8.155 -10.284 -11.409 -12.18 -9.13 -10.453 -11.487 -12.103 -12.562 -10.607 -9.369 -10.921 -13.091 -13.411 -13.472 -11.067
3.117896 -6.98 -1.782 -2.748 -4.451 -7.237 -9.24 -7.355 -4.947 -7.368 -9.358 -10.943 -12.02 -4.725 -8.088 -10.216 -11.341 -12.112 -9.062 -10.386 -11.42 -12.035 -12.495 -10.539 -9.301 -10.853 -13.023 -13.343 -13.404 -11.0
