web/models/kne.last_good/11/villar_0.0079_0.1083_10.0000.dat
# %ECSV 1.0
# ---
# datatype:
# - {name: time, datatype: float64}
# - {name: swift_uvot_uvw2, datatype: float64}
# - {name: swift_uvot_uvm2, datatype: float64}
# - {name: swift_uvot_uvw1, datatype: float64}
# - {name: swift_uvot_U, datatype: float64}
# - {name: swift_uvot_B, datatype: float64}
# - {name: swift_uvot_V, datatype: float64}
# - {name: swift_uvot_W, datatype: float64}
# - {name: johnson_U, datatype: float64}
# - {name: johnson_B, datatype: float64}
# - {name: johnson_V, datatype: float64}
# - {name: johnson_R, datatype: float64}
# - {name: johnson_I, datatype: float64}
# - {name: sdss_u, datatype: float64}
# - {name: sdss_g, datatype: float64}
# - {name: sdss_r, datatype: float64}
# - {name: sdss_i, datatype: float64}
# - {name: sdss_z, datatype: float64}
# - {name: PS1_g, datatype: float64}
# - {name: PS1_r, datatype: float64}
# - {name: PS1_i, datatype: float64}
# - {name: PS1_z, datatype: float64}
# - {name: PS1_Y, datatype: float64}
# - {name: PS1_w, datatype: float64}
# - {name: ATLAS_c, datatype: float64}
# - {name: ATLAS_o, datatype: float64}
# - {name: ukirt_J, datatype: float64}
# - {name: ukirt_H, datatype: float64}
# - {name: ukirt_K, datatype: float64}
# - {name: Clear, datatype: float64}
# meta: !!omap
# - comment: [kappa = 10.0, type = villar, mass = 0.00793700525986525, velocity = 0.10833333333333334, theta_obs = 0.0, tfloor = 2500.0]
# schema: astropy-2.0
time swift_uvot_uvw2 swift_uvot_uvm2 swift_uvot_uvw1 swift_uvot_U swift_uvot_B swift_uvot_V swift_uvot_W johnson_U johnson_B johnson_V johnson_R johnson_I sdss_u sdss_g sdss_r sdss_i sdss_z PS1_g PS1_r PS1_i PS1_z PS1_Y PS1_w ATLAS_c ATLAS_o ukirt_J ukirt_H ukirt_K Clear
[from data line 276]
3.728232 -6.656 -1.458 -2.424 -4.127 -6.914 -8.916 -7.031 -4.624 -7.045 -9.034 -10.619 -11.696 -4.401 -7.764 -9.893 -11.017 -11.788 -8.739 -10.062 -11.096 -11.712 -12.171 -10.216 -8.977 -10.529 -12.699 -13.02 -13.08 -10.676
3.84099 -6.6 -1.401 -2.367 -4.07 -6.857 -8.859 -6.975 -4.567 -6.988 -8.977 -10.562 -11.639 -4.344 -7.707 -9.836 -10.961 -11.731 -8.682 -10.005 -11.039 -11.655 -12.114 -10.159 -8.921 -10.473 -12.643 -12.963 -13.024 -10.619
3.957158 -6.543 -1.345 -2.311 -4.014 -6.8 -8.802 -6.918 -4.51 -6.931 -8.921 -10.506 -11.583 -4.288 -7.651 -9.779 -10.904 -11.675 -8.625 -9.949 -10.983 -11.598 -12.058 -10.102 -8.864 -10.416 -12.586 -12.906 -12.967 -10.563
4.07684 -6.487 -1.288 -2.254 -3.957 -6.744 -8.746 -6.862 -4.454 -6.875 -8.865 -10.449 -11.526 -4.231 -7.594 -9.723 -10.848 -11.619 -8.569 -9.892 -10.926 -11.542 -12.001 -10.046 -8.808 -10.36 -12.53 -12.85 -12.911 -10.506
4.200141 -6.431 -1.232 -2.198 -3.901 -6.688 -8.69 -6.805 -4.398 -6.819 -8.808 -10.393 -11.47 -4.175 -7.538 -9.667 -10.792 -11.562 -8.513 -9.836 -10.87 -11.486 -11.945 -9.99 -8.751 -10.304 -12.474 -12.794 -12.854 -10.45
4.327172 -6.375 -1.176 -2.142 -3.845 -6.632 -8.634 -6.749 -4.342 -6.763 -8.752 -10.337 -11.414 -4.119 -7.482 -9.611 -10.735 -11.506 -8.457 -9.78 -10.814 -11.43 -11.889 -9.934 -8.695 -10.247 -12.418 -12.738 -12.798 -10.394
4.458044 -6.319 -1.12 -2.086 -3.789 -6.576 -8.578 -6.694 -4.286 -6.707 -8.696 -10.281 -11.358 -4.063 -7.426 -9.555 -10.68 -11.45 -8.401 -9.724 -10.758 -11.374 -11.833 -9.878 -8.64 -10.192 -12.362 -12.682 -12.743 -10.338
4.592874 -6.263 -1.065 -2.031 -3.733 -6.52 -8.522 -6.638 -4.23 -6.651 -8.641 -10.226 -11.303 -4.008 -7.371 -9.499 -10.624 -11.395 -8.345 -9.669 -10.703 -11.318 -11.777 -9.822 -8.584 -10.136 -12.306 -12.626 -12.687 -10.282
4.731783 -6.208 -1.009 -1.975 -3.678 -6.465 -8.467 -6.582 -4.175 -6.596 -8.585 -10.17 -11.247 -3.952 -7.315 -9.444 -10.568 -11.339 -8.29 -9.613 -10.647 -11.263 -11.722 -9.767 -8.528 -10.081 -12.251 -12.571 -12.631 -10.227
4.874892 -6.152 -0.954 -1.92 -3.623 -6.409 -8.412 -6.527 -4.119 -6.54 -8.53 -10.115 -11.192 -3.897 -7.26 -9.389 -10.513 -11.284 -8.234 -9.558 -10.592 -11.208 -11.667 -9.712 -8.473 -10.025 -12.195 -12.516 -12.576 -10.172
5.02233 -6.097 -0.899 -1.865 -3.568 -6.354 -8.356 -6.472 -4.064 -6.485 -8.475 -10.06 -11.137 -3.842 -7.205 -9.333 -10.458 -11.229 -8.179 -9.503 -10.537 -11.152 -11.612 -9.656 -8.418 -9.97 -12.14 -12.46 -12.521 -10.117
5.174227 -6.042 -0.844 -1.81 -3.513 -6.299 -8.302 -6.417 -4.009 -6.43 -8.42 -10.005 -11.082 -3.787 -7.15 -9.278 -10.403 -11.174 -8.124 -9.448 -10.482 -11.097 -11.557 -9.601 -8.363 -9.915 -12.085 -12.405 -12.466 -10.062
5.330718 -5.988 -0.789 -1.755 -3.458 -6.245 -8.247 -6.362 -3.955 -6.376 -8.365 -9.95 -11.027 -3.732 -7.095 -9.224 -10.348 -11.119 -8.07 -9.393 -10.427 -11.043 -11.502 -9.547 -8.308 -9.86 -12.03 -12.351 -12.411 -10.007
5.491942 -5.933 -0.734 -1.7 -3.403 -6.19 -8.192 -6.308 -3.9 -6.321 -8.311 -9.895 -10.972 -3.677 -7.04 -9.169 -10.294 -11.065 -8.015 -9.338 -10.372 -10.988 -11.447 -9.492 -8.254 -9.806 -11.976 -12.296 -12.357 -9.952
5.658042 -5.878 -0.68 -1.646 -3.349 -6.136 -8.138 -6.253 -3.846 -6.267 -8.256 -9.841 -10.918 -3.623 -6.986 -9.115 -10.239 -11.01 -7.961 -9.284 -10.318 -10.934 -11.393 -9.438 -8.199 -9.751 -11.921 -12.242 -12.302 -9.898
5.829166 -5.824 -0.626 -1.592 -3.294 -6.081 -8.083 -6.199 -3.791 -6.212 -8.202 -9.787 -10.863 -3.569 -6.932 -9.06 -10.185 -10.956 -7.906 -9.23 -10.264 -10.879 -11.338 -9.383 -8.145 -9.697 -11.867 -12.187 -12.248 -9.843
6.005465 -5.77 -0.571 -1.537 -3.24 -6.027 -8.029 -6.145 -3.737 -6.158 -8.148 -9.732 -10.809 -3.514 -6.877 -9.006 -10.131 -10.902 -7.852 -9.175 -10.209 -10.825 -11.284 -9.329 -8.091 -9.643 -11.813 -12.133 -12.194 -9.789
6.187096 -5.716 -0.517 -1.483 -3.186 -5.973 -7.975 -6.091 -3.683 -6.104 -8.094 -9.678 -10.755 -3.46 -6.823 -8.952 -10.077 -10.848 -7.798 -9.121 -10.155 -10.771 -11.23 -9.275 -8.037 -9.589 -11.759 -12.079 -12.14 -9.735
6.37422 -5.662 -0.463 -1.429 -3.132 -5.919 -7.921 -6.037 -3.629 -6.05 -8.04 -9.624 -10.701 -3.406 -6.769 -8.898 -10.023 -10.794 -7.744 -9.067 -10.101 -10.717 -11.176 -9.221 -7.983 -9.535 -11.705 -12.025 -12.086 -9.681
6.567004 -5.608 -0.41 -1.376 -3.078 -5.865 -7.867 -5.983 -3.575 -5.996 -7.986 -9.571 -10.647 -3.352 -6.716 -8.844 -9.969 -10.74 -7.69 -9.014 -10.048 -10.663 -11.122 -9.167 -7.929 -9.481 -11.651 -11.971 -12.032 -9.627
6.765619 -5.554 -0.356 -1.322 -3.025 -5.811 -7.814 -5.929 -3.521 -5.942 -7.932 -9.517 -10.594 -3.299 -6.662 -8.791 -9.915 -10.686 -7.636 -8.96 -9.994 -10.61 -11.069 -9.114 -7.875 -9.427 -11.597 -11.918 -11.978 -9.574
6.97024 -5.501 -0.302 -1.268 -2.971 -5.758 -7.76 -5.876 -3.468 -5.889 -7.878 -9.463 -10.54 -3.245 -6.608 -8.737 -9.862 -10.632 -7.583 -8.906 -9.94 -10.556 -11.015 -9.06 -7.822 -9.374 -11.544 -11.864 -11.924 -9.52
7.181051 -5.447 -0.249 -1.215 -2.917 -5.704 -7.706 -5.822 -3.414 -5.835 -7.825 -9.41 -10.486 -3.192 -6.555 -8.683 -9.808 -10.579 -7.529 -8.853 -9.887 -10.502 -10.961 -9.006 -7.768 -9.32 -11.49 -11.81 -11.871 -9.466
7.398237 -5.394 -0.195 -1.161 -2.864 -5.651 -7.653 -5.768 -3.361 -5.782 -7.771 -9.356 -10.433 -3.138 -6.501 -8.63 -9.754 -10.525 -7.476 -8.799 -9.833 -10.449 -10.908 -8.953 -7.714 -9.266 -11.436 -11.757 -11.817 -9.413
7.621991 -5.34 -0.142 -1.108 -2.81 -5.597 -7.599 -5.715 -3.307 -5.728 -7.718 -9.303 -10.379 -3.084 -6.448 -8.576 -9.701 -10.472 -7.422 -8.746 -9.78 -10.395 -10.854 -8.899 -7.661 -9.213 -11.383 -11.703 -11.764 -9.359
7.852513 -5.287 -0.088 -1.054 -2.757 -5.544 -7.546 -5.661 -3.254 -5.675 -7.664 -9.249 -10.326 -3.031 -6.394 -8.523 -9.647 -10.418 -7.369 -8.692 -9.726 -10.342 -10.801 -8.846 -7.607 -9.159 -11.33 -11.65 -11.71 -9.306
8.090007 -5.233 -0.035 -1.001 -2.703 -5.49 -7.492 -5.608 -3.2 -5.621 -7.611 -9.196 -10.273 -2.978 -6.341 -8.469 -9.594 -10.365 -7.315 -8.639 -9.673 -10.288 -10.748 -8.792 -7.554 -9.106 -11.276 -11.596 -11.657 -9.252
8.334684 -5.18 0.019 -0.947 -2.65 -5.437 -7.439 -5.555 -3.147 -5.568 -7.557 -9.142 -10.219 -2.924 -6.287 -8.416 -9.541 -10.311 -7.262 -8.585 -9.619 -10.235 -10.694 -8.739 -7.501 -9.053 -11.223 -11.543 -11.604 -9.199
8.586761 -5.126 0.072 -0.894 -2.597 -5.383 -7.386 -5.501 -3.093 -5.514 -7.504 -9.089 -10.166 -2.871 -6.234 -8.362 -9.487 -10.258 -7.208 -8.532 -9.566 -10.181 -10.641 -8.686 -7.447 -8.999 -11.169 -11.489 -11.55 -9.146
8.846461 -5.073 0.126 -0.84 -2.543 -5.33 -7.332 -5.448 -3.04 -5.461 -7.451 -9.035 -10.112 -2.817 -6.18 -8.309 -9.434 -10.205 -7.155 -8.478 -9.512 -10.128 -10.587 -8.632 -7.394 -8.946 -11.116 -11.436 -11.497 -9.092
9.114017 -5.019 0.179 -0.787 -2.49 -5.276 -7.279 -5.394 -2.987 -5.408 -7.397 -8.982 -10.059 -2.764 -6.127 -8.256 -9.38 -10.151 -7.102 -8.425 -9.459 -10.075 -10.534 -8.579 -7.34 -8.892 -11.062 -11.383 -11.443 -9.039
9.389664 -4.966 0.233 -0.733 -2.436 -5.223 -7.225 -5.341 -2.933 -5.354 -7.344 -8.928 -10.005 -2.71 -6.073 -8.202 -9.327 -10.098 -7.048 -8.371 -9.405 -10.021 -10.48 -8.525 -7.287 -8.839 -11.009 -11.329 -11.39 -8.985
9.673648 -4.912 0.286 -0.68 -2.383 -5.169 -7.172 -5.287 -2.879 -5.3 -7.29 -8.875 -9.952 -2.657 -6.02 -8.149 -9.273 -10.044 -6.994 -8.318 -9.352 -9.968 -10.427 -8.472 -7.233 -8.785 -10.955 -11.276 -11.336 -8.932
9.966221 -4.859 0.34 -0.626 -2.329 -5.116 -7.118 -5.234 -2.826 -5.247 -7.236 -8.821 -9.898 -2.603 -5.966 -8.095 -9.22 -9.99 -6.941 -8.264 -9.298 -9.914 -10.373 -8.418 -7.18 -8.732 -10.902 -11.222 -11.283 -8.878
10.267642 -4.805 0.393 -0.573 -2.275 -5.062 -7.064 -5.18 -2.772 -5.193 -7.183 -8.768 -9.845 -2.55 -5.913 -8.041 -9.166 -9.937 -6.887 -8.211 -9.245 -9.86 -10.319 -8.364 -7.126 -8.678 -10.848 -11.168 -11.229 -8.824
10.57818 -4.751 0.447 -0.519 -2.222 -5.009 -7.011 -5.126 -2.719 -5.14 -7.129 -8.714 -9.791 -2.496 -5.859 -7.988 -9.112 -9.883 -6.834 -8.157 -9.191 -9.807 -10.266 -8.311 -7.072 -8.624 -10.794 -11.115 -11.175 -8.771
10.89811 -4.698 0.501 -0.465 -2.168 -4.955 -6.957 -5.072 -2.665 -5.086 -7.075 -8.66 -9.737 -2.442 -5.805 -7.934 -9.059 -9.829 -6.78 -8.103 -9.137 -9.753 -10.212 -8.257 -7.018 -8.571 -10.741 -11.061 -11.121 -8.717
11.227716 -4.644 0.555 -0.411 -2.114 -4.901 -6.903 -5.019 -2.611 -5.032 -7.022 -8.606 -9.683 -2.388 -5.751 -7.88 -9.005 -9.776 -6.726 -8.049 -9.083 -9.699 -10.158 -8.203 -6.965 -8.517 -10.687 -11.007 -11.068 -8.663
11.56729 -4.59 0.609 -0.357 -2.06 -4.847 -6.849 -4.965 -2.557 -4.978 -6.968 -8.552 -9.629 -2.334 -5.697 -7.826 -8.951 -9.722 -6.672 -7.995 -9.029 -9.645 -10.104 -8.149 -6.911 -8.463 -10.633 -10.953 -11.014 -8.609
11.917135 -4.536 0.663 -0.303 -2.006 -4.793 -6.795 -4.911 -2.503 -4.924 -6.914 -8.498 -9.575 -2.28 -5.643 -7.772 -8.897 -9.668 -6.618 -7.941 -8.975 -9.591 -10.05 -8.095 -6.857 -8.409 -10.579 -10.899 -10.96 -8.555
12.277561 -4.482 0.717 -0.249 -1.952 -4.739 -6.741 -4.857 -2.449 -4.87 -6.86 -8.444 -9.521 -2.226 -5.589 -7.718 -8.843 -9.614 -6.564 -7.887 -8.921 -9.537 -9.996 -8.041 -6.803 -8.355 -10.525 -10.845 -10.906 -8.501
12.648887 -4.428 0.771 -0.195 -1.898 -4.685 -6.687 -4.802 -2.395 -4.816 -6.805 -8.39 -9.467 -2.172 -5.535 -7.664 -8.789 -9.559 -6.51 -7.833 -8.867 -9.483 -9.942 -7.987 -6.748 -8.301 -10.471 -10.791 -10.851 -8.447
13.031444 -4.373 0.825 -0.141 -1.844 -4.631 -6.633 -4.748 -2.341 -4.762 -6.751 -8.336 -9.413 -2.118 -5.481 -7.61 -8.734 -9.505 -6.456 -7.779 -8.813 -9.429 -9.888 -7.933 -6.694 -8.246 -10.416 -10.737 -10.797 -8.393
13.425571 -4.319 0.879 -0.087 -1.789 -4.576 -6.578 -4.694 -2.286 -4.707 -6.697 -8.282 -9.358 -2.063 -5.426 -7.555 -8.68 -9.451 -6.401 -7.725 -8.758 -9.374 -9.833 -7.878 -6.64 -8.192 -10.362 -10.682 -10.743 -8.338
13.831619 -4.265 0.934 -0.032 -1.735 -4.522 -6.524 -4.639 -2.232 -4.653 -6.642 -8.227 -9.304 -2.009 -5.372 -7.501 -8.625 -9.396 -6.347 -7.67 -8.704 -9.32 -9.779 -7.824 -6.585 -8.137 -10.308 -10.628 -10.688 -8.284
14.249947 -4.21 0.988 0.022 -1.68 -4.467 -6.469 -4.585 -2.177 -4.598 -6.588 -8.173 -9.249 -1.954 -5.318 -7.446 -8.571 -9.342 -6.292 -7.616 -8.65 -9.265 -9.724 -7.769 -6.531 -8.083 -10.253 -10.573 -10.634 -8.229
14.680926 -4.155 1.043 0.077 -1.626 -4.413 -6.415 -4.53 -2.123 -4.544 -6.533 -8.118 -9.195 -1.9 -5.263 -7.392 -8.516 -9.287 -6.238 -7.561 -8.595 -9.211 -9.67 -7.715 -6.476 -8.028 -10.198 -10.519 -10.579 -8.175
15.124941 -4.101 1.098 0.132 -1.571 -4.358 -6.36 -4.476 -2.068 -4.489 -6.478 -8.063 -9.14 -1.845 -5.208 -7.337 -8.462 -9.232 -6.183 -7.506 -8.54 -9.156 -9.615 -7.66 -6.422 -7.974 -10.144 -10.464 -10.524 -8.12
15.582385 -4.046 1.153 0.187 -1.516 -4.303 -6.305 -4.421 -2.013 -4.434 -6.424 -8.008 -9.085 -1.79 -5.153 -7.282 -8.407 -9.178 -6.128 -7.451 -8.485 -9.101 -9.56 -7.605 -6.367 -7.919 -10.089 -10.409 -10.47 -8.065
16.053663 -3.991 1.207 0.242 -1.461 -4.248 -6.25 -4.366 -1.958 -4.379 -6.369 -7.954 -9.03 -1.735 -5.098 -7.227 -8.352 -9.123 -6.073 -7.397 -8.43 -9.046 -9.505 -7.55 -6.312 -7.864 -10.034 -10.354 -10.415 -8.01
16.539195 -3.936 1.262 0.297 -1.406 -4.193 -6.195 -4.311 -1.903 -4.324 -6.314 -7.898 -8.975 -1.68 -5.043 -7.172 -8.297 -9.068 -6.018 -7.342 -8.375 -8.991 -9.45 -7.495 -6.257 -7.809 -9.979 -10.299 -10.36 -7.955
17.039412 -3.881 1.318 0.352 -1.351 -4.138 -6.14 -4.256 -1.848 -4.269 -6.259 -7.843 -8.92 -1.625 -4.988 -7.117 -8.242 -9.013 -5.963 -7.286 -8.32 -8.936 -9.395 -7.44 -6.202 -7.754 -9.924 -10.244 -10.305 -7.9
17.554757 -3.826 1.373 0.407 -1.296 -4.083 -6.085 -4.2 -1.793 -4.214 -6.203 -7.788 -8.865 -1.57 -4.933 -7.062 -8.186 -8.957 -5.908 -7.231 -8.265 -8.881 -9.34 -7.385 -6.146 -7.698 -9.869 -10.189 -10.249 -7.845
18.085689 -3.77 1.428 0.462 -1.241 -4.027 -6.03 -4.145 -1.737 -4.158 -6.148 -7.733 -8.81 -1.515 -4.878 -7.006 -8.131 -8.902 -5.852 -7.176 -8.21 -8.825 -9.285 -7.33 -6.091 -7.643 -9.813 -10.133 -10.194 -7.79
18.632678 -3.715 1.484 0.518 -1.185 -3.972 -5.974 -4.09 -1.682 -4.103 -6.093 -7.677 -8.754 -1.459 -4.822 -6.951 -8.076 -8.847 -5.797 -7.12 -8.154 -8.77 -9.229 -7.274 -6.036 -7.588 -9.758 -10.078 -10.139 -7.734
19.196211 -3.659 1.539 0.573 -1.13 -3.917 -5.919 -4.034 -1.627 -4.048 -6.037 -7.622 -8.699 -1.404 -4.767 -6.896 -8.02 -8.791 -5.742 -7.065 -8.099 -8.715 -9.174 -7.219 -5.98 -7.532 -9.702 -10.023 -10.083 -7.679
19.776787 -3.604 1.595 0.629 -1.074 -3.861 -5.863 -3.979 -1.571 -3.992 -5.982 -7.566 -8.643 -1.348 -4.711 -6.84 -7.965 -8.736 -5.686 -7.009 -8.043 -8.659 -9.118 -7.163 -5.925 -7.477 -9.647 -9.967 -10.028 -7.623
20.374923 -3.548 1.65 0.684 -1.018 -3.805 -5.807 -3.923 -1.515 -3.936 -5.926 -7.511 -8.588 -1.293 -4.656 -6.784 -7.909 -8.68 -5.63 -6.954 -7.988 -8.603 -9.062 -7.107 -5.869 -7.421 -9.591 -9.911 -9.972 -7.567
20.991149 -3.492 1.706 0.74 -0.963 -3.749 -5.752 -3.867 -1.459 -3.88 -5.87 -7.455 -8.532 -1.237 -4.6 -6.729 -7.853 -8.624 -5.574 -6.898 -7.932 -8.548 -9.007 -7.052 -5.813 -7.365 -9.535 -9.856 -9.916 -7.512
21.626011 -3.436 1.762 0.796 -0.907 -3.694 -5.696 -3.811 -1.404 -3.825 -5.814 -7.399 -8.476 -1.181 -4.544 -6.673 -7.797 -8.568 -5.519 -6.842 -7.876 -8.492 -8.951 -6.996 -5.757 -7.309 -9.479 -9.8 -9.86 -7.456
22.280075 -3.381 1.818 0.852 -0.851 -3.638 -5.64 -3.755 -1.348 -3.769 -5.758 -7.343 -8.42 -1.125 -4.488 -6.617 -7.741 -8.512 -5.463 -6.786 -7.82 -8.436 -8.895 -6.94 -5.701 -7.253 -9.423 -9.744 -9.804 -7.4
22.953921 -3.324 1.874 0.908 -0.795 -3.582 -5.584 -3.699 -1.292 -3.713 -5.702 -7.287 -8.364 -1.069 -4.432 -6.561 -7.685 -8.456 -5.407 -6.73 -7.764 -8.38 -8.839 -6.884 -5.645 -7.197 -9.367 -9.688 -9.748 -7.344
23.648147 -3.268 1.93 0.964 -0.739 -3.525 -5.528 -3.643 -1.235 -3.656 -5.646 -7.231 -8.308 -1.013 -4.376 -6.504 -7.629 -8.4 -5.35 -6.674 -7.708 -8.323 -8.783 -6.828 -5.589 -7.141 -9.311 -9.631 -9.692 -7.288
24.363369 -3.212 1.986 1.02 -0.682 -3.469 -5.471 -3.587 -1.179 -3.6 -5.59 -7.175 -8.251 -0.956 -4.32 -6.448 -7.573 -8.344 -5.294 -6.618 -7.652 -8.267 -8.726 -6.771 -5.533 -7.085 -9.255 -9.575 -9.636 -7.231
25.100222 -3.156 2.043 1.077 -0.626 -3.413 -5.415 -3.531 -1.123 -3.544 -5.533 -7.118 -8.195 -0.9 -4.263 -6.392 -7.517 -8.287 -5.238 -6.561 -7.595 -8.211 -8.67 -6.715 -5.477 -7.029 -9.199 -9.519 -9.58 -7.175
25.859362 -3.099 2.099 1.133 -0.57 -3.356 -5.359 -3.474 -1.066 -3.487 -5.477 -7.062 -8.139 -0.844 -4.207 -6.336 -7.46 -8.231 -5.181 -6.505 -7.539 -8.154 -8.614 -6.659 -5.42 -6.972 -9.142 -9.462 -9.523 -7.119
26.64146 -3.043 2.156 1.19 -0.513 -3.3 -5.302 -3.418 -1.01 -3.431 -5.421 -7.005 -8.082 -0.787 -4.15 -6.279 -7.404 -8.175 -5.125 -6.448 -7.482 -8.098 -8.557 -6.602 -5.364 -6.916 -9.086 -9.406 -9.467 -7.062
27.447213 -2.986 2.212 1.246 -0.457 -3.243 -5.245 -3.361 -0.953 -3.374 -5.364 -6.949 -8.026 -0.731 -4.094 -6.222 -7.347 -8.118 -5.068 -6.392 -7.426 -8.041 -8.501 -6.545 -5.307 -6.859 -9.029 -9.349 -9.41 -7.006
28.277335 -2.93 2.269 1.303 -0.4 -3.187 -5.189 -3.304 -0.897 -3.318 -5.307 -6.892 -7.969 -0.674 -4.037 -6.166 -7.29 -8.061 -5.012 -6.335 -7.369 -7.985 -8.444 -6.489 -5.25 -6.802 -8.972 -9.293 -9.353 -6.949
29.132564 -2.873 2.326 1.36 -0.343 -3.13 -5.132 -3.248 -0.84 -3.261 -5.25 -6.835 -7.912 -0.617 -3.98 -6.109 -7.234 -8.004 -4.955 -6.278 -7.312 -7.928 -8.387 -6.432 -5.194 -6.746 -8.916 -9.236 -9.297 -6.892
30.013659 -2.816 2.383 1.417 -0.286 -3.073 -5.075 -3.191 -0.783 -3.204 -5.194 -6.778 -7.855 -0.56 -3.923 -6.052 -7.177 -7.948 -4.898 -6.221 -7.255 -7.871 -8.33 -6.375 -5.137 -6.689 -8.859 -9.179 -9.24 -6.835
30.921401 -2.759 2.439 1.474 -0.229 -3.016 -5.018 -3.134 -0.726 -3.147 -5.137 -6.722 -7.798 -0.503 -3.866 -5.995 -7.12 -7.891 -4.841 -6.165 -7.198 -7.814 -8.273 -6.318 -5.08 -6.632 -8.802 -9.122 -9.183 -6.778
31.856598 -2.702 2.496 1.531 -0.172 -2.959 -4.961 -3.077 -0.669 -3.09 -5.08 -6.664 -7.741 -0.446 -3.809 -5.938 -7.063 -7.834 -4.784 -6.108 -7.141 -7.757 -8.216 -6.261 -5.023 -6.575 -8.745 -9.065 -9.126 -6.721
32.820079 -2.645 2.554 1.588 -0.115 -2.902 -4.904 -3.02 -0.612 -3.033 -5.023 -6.607 -7.684 -0.389 -3.752 -5.881 -7.006 -7.777 -4.727 -6.05 -7.084 -7.7 -8.159 -6.204 -4.966 -6.518 -8.688 -9.008 -9.069 -6.664
