web/models/grb/onaxis/19/grb_0.0000_1.3895_0.2511886.dat
# %ECSV 1.0
# ---
# datatype:
# - {name: time, datatype: float64}
# - {name: swift_uvot_uvw2, datatype: float64}
# - {name: swift_uvot_uvm2, datatype: float64}
# - {name: swift_uvot_uvw1, datatype: float64}
# - {name: swift_uvot_U, datatype: float64}
# - {name: swift_uvot_B, datatype: float64}
# - {name: swift_uvot_V, datatype: float64}
# - {name: swift_uvot_W, datatype: float64}
# - {name: johnson_U, datatype: float64}
# - {name: johnson_B, datatype: float64}
# - {name: johnson_V, datatype: float64}
# - {name: johnson_R, datatype: float64}
# - {name: johnson_I, datatype: float64}
# - {name: sdss_u, datatype: float64}
# - {name: sdss_g, datatype: float64}
# - {name: sdss_r, datatype: float64}
# - {name: sdss_i, datatype: float64}
# - {name: sdss_z, datatype: float64}
# - {name: PS1_g, datatype: float64}
# - {name: PS1_r, datatype: float64}
# - {name: PS1_i, datatype: float64}
# - {name: PS1_z, datatype: float64}
# - {name: PS1_Y, datatype: float64}
# - {name: ukirt_J, datatype: float64}
# - {name: ukirt_H, datatype: float64}
# - {name: ukirt_K, datatype: float64}
# meta: !!omap
# - comment: [E = 0.0006029923955985727, Eta0 = 8.02, GammaB = 12.0, dL = 0.012188, epsb = 6.760829753919819e-06, epse = 0.1, n = 0.25118864315095824,
#     p = 2.15, theta_obs = 0.0, xiN = 1.0, z = 0.0, type = grb, E_kiso = 1.3894954943731375]
# schema: astropy-2.0
time swift_uvot_uvw2 swift_uvot_uvm2 swift_uvot_uvw1 swift_uvot_U swift_uvot_B swift_uvot_V swift_uvot_W johnson_U johnson_B johnson_V johnson_R johnson_I sdss_u sdss_g sdss_r sdss_i sdss_z PS1_g PS1_r PS1_i PS1_z PS1_Y ukirt_J ukirt_H ukirt_K
[from data line 469]
716.4297 36.326 36.376 36.301 36.108 35.966 35.827 36.187 36.086 35.963 35.821 35.681 35.532 36.091 35.918 35.746 35.626 35.515 35.854 35.712 35.592 35.493 35.325 35.303 35.134 34.943
733.7123 36.661 36.711 36.636 36.443 36.301 36.161 36.522 36.421 36.298 36.156 36.016 35.867 36.426 36.253 36.081 35.96 35.85 36.189 36.047 35.927 35.828 35.66 35.638 35.469 35.278
751.4117 36.996 37.046 36.971 36.778 36.635 36.496 36.857 36.755 36.633 36.491 36.351 36.202 36.76 36.588 36.416 36.295 36.185 36.524 36.381 36.262 36.163 35.994 35.973 35.803 35.613
769.5381 37.331 37.38 37.306 37.113 36.97 36.831 37.192 37.09 36.968 36.826 36.685 36.537 37.095 36.923 36.751 36.63 36.519 36.859 36.716 36.596 36.497 36.329 36.307 36.138 35.948
788.1018 37.666 37.715 37.64 37.447 37.305 37.166 37.527 37.425 37.303 37.161 37.02 36.872 37.43 37.257 37.086 36.965 36.854 37.194 37.051 36.931 36.832 36.664 36.642 36.473 36.283
807.1133 38.001 38.05 37.975 37.782 37.64 37.501 37.862 37.76 37.637 37.496 37.355 37.206 37.765 37.592 37.42 37.3 37.189 37.529 37.386 37.266 37.167 36.999 36.977 36.808 36.617
826.5834 38.335 38.385 38.31 38.117 37.975 37.836 38.196 38.095 37.972 37.83 37.69 37.541 38.1 37.927 37.755 37.635 37.524 37.863 37.721 37.601 37.502 37.334 37.312 37.143 36.952
846.5232 38.67 38.72 38.645 38.452 38.309 38.17 38.531 38.429 38.307 38.165 38.025 37.876 38.435 38.262 38.09 37.969 37.859 38.198 38.056 37.936 37.837 37.669 37.647 37.477 37.287
866.944 39.005 39.055 38.98 38.787 38.644 38.505 38.866 38.764 38.642 38.5 38.36 38.211 38.769 38.597 38.425 38.304 38.194 38.533 38.39 38.271 38.172 38.003 37.982 37.812 37.622
887.8575 39.34 39.389 39.314 39.122 38.979 38.84 39.201 39.099 38.977 38.835 38.694 38.546 39.104 38.932 38.76 38.639 38.528 38.868 38.725 38.605 38.506 38.338 38.316 38.147 37.957
909.2754 39.675 39.724 39.649 39.456 39.314 39.175 39.536 39.434 39.312 39.17 39.029 38.881 39.439 39.266 39.095 38.974 38.863 39.203 39.06 38.94 38.841 38.673 38.651 38.482 38.292
931.21 40.01 40.059 39.984 39.791 39.649 39.51 39.87 39.769 39.646 39.505 39.364 39.215 39.774 39.601 39.429 39.309 39.198 39.538 39.395 39.275 39.176 39.008 38.986 38.817 38.626
953.6737 40.344 40.394 40.319 40.126 39.984 39.844 40.205 40.104 39.981 39.839 39.699 39.55 40.109 39.936 39.764 39.644 39.533 39.872 39.73 39.61 39.511 39.343 39.321 39.152 38.961
976.6793 40.679 40.729 40.654 40.461 40.318 40.179 40.54 40.438 40.316 40.174 40.034 39.885 40.443 40.271 40.099 39.978 39.868 40.207 40.065 39.945 39.846 39.677 39.656 39.486 39.296
1000.2399 41.014 41.063 40.989 40.796 40.653 40.514 40.875 40.773 40.651 40.509 40.369 40.22 40.778 40.606 40.434 40.313 40.203 40.542 40.399 40.28 40.181 40.012 39.991 39.821 39.631
1024.3688 41.349 41.398 41.323 41.131 40.988 40.849 41.21 41.108 40.986 40.844 40.703 40.555 41.113 40.941 40.769 40.648 40.537 40.877 40.734 40.614 40.515 40.347 40.325 40.156 39.966
1049.0798 41.684 41.733 41.658 41.465 41.323 41.184 41.545 41.443 41.321 41.179 41.038 40.89 41.448 41.275 41.104 40.983 40.872 41.212 41.069 40.949 40.85 40.682 40.66 40.491 40.301
1074.3869 42.019 42.068 41.993 41.8 41.658 41.519 41.879 41.778 41.655 41.513 41.373 41.224 41.783 41.61 41.438 41.318 41.207 41.546 41.404 41.284 41.185 41.017 40.995 40.826 40.635
1100.3045 42.353 42.403 42.328 42.135 41.993 41.853 42.214 42.113 41.99 41.848 41.708 41.559 42.118 41.945 41.773 41.652 41.542 41.881 41.739 41.619 41.52 41.352 41.33 41.161 40.97
1126.8473 42.688 42.738 42.663 42.47 42.327 42.188 42.549 42.447 42.325 42.183 42.043 41.894 42.452 42.28 42.108 41.987 41.877 42.216 42.074 41.954 41.855 41.686 41.665 41.495 41.305
1154.0304 43.023 43.072 42.998 42.805 42.662 42.523 42.884 42.782 42.66 42.518 42.377 42.229 42.787 42.615 42.443 42.322 42.212 42.551 42.408 42.289 42.19 42.021 42.0 41.83 41.64
1181.8693 43.358 43.407 43.332 43.139 42.997 42.858 43.219 43.117 42.995 42.853 42.712 42.564 43.122 42.95 42.778 42.657 42.546 42.886 42.743 42.623 42.524 42.356 42.334 42.165 41.975
1210.3797 43.693 43.742 43.667 43.474 43.332 43.193 43.554 43.452 43.329 43.188 43.047 42.899 43.457 43.284 43.113 42.992 42.881 43.221 43.078 42.958 42.859 42.691 42.669 42.5 42.31
1239.5778 44.027 44.077 44.002 43.809 43.667 43.528 43.888 43.787 43.664 43.522 43.382 43.233 43.792 43.619 43.447 43.327 43.216 43.555 43.413 43.293 43.194 43.026 43.004 42.835 42.644
1269.4803 44.362 44.412 44.337 44.144 44.002 43.862 44.223 44.122 43.999 43.857 43.717 43.568 44.127 43.954 43.782 43.661 43.551 43.89 43.748 43.628 43.529 43.361 43.339 43.17 42.979
1300.1042 44.697 44.747 44.672 44.479 44.336 44.197 44.558 44.456 44.334 44.192 44.052 43.903 44.461 44.289 44.117 43.996 43.886 44.225 44.083 43.963 43.864 43.695 43.674 43.504 43.314
1331.4668 45.032 45.081 45.007 44.814 44.671 44.532 44.893 44.791 44.669 44.527 44.386 44.238 44.796 44.624 44.452 44.331 44.22 44.56 44.417 44.298 44.198 44.03 44.009 43.839 43.649
1363.586 45.367 45.416 45.341 45.148 45.006 44.867 45.228 45.126 45.004 44.862 44.721 44.573 45.131 44.958 44.787 44.666 44.555 44.895 44.752 44.632 44.533 44.365 44.343 44.174 43.984
1396.48 45.702 45.751 45.676 45.483 45.341 45.202 45.563 45.461 45.338 45.197 45.056 44.908 45.466 45.293 45.121 45.001 44.89 45.23 45.087 44.967 44.868 44.7 44.678 44.509 44.318
1430.1675 46.036 46.086 46.011 45.818 45.676 45.537 45.897 45.796 45.673 45.531 45.391 45.242 45.801 45.628 45.456 45.336 45.225 45.564 45.422 45.302 45.203 45.035 45.013 44.844 44.653
1464.6676 46.371 46.421 46.346 46.153 46.01 45.871 46.232 46.131 46.008 45.866 45.726 45.577 46.136 45.963 45.791 45.67 45.56 45.899 45.757 45.637 45.538 45.37 45.348 45.178 44.988
1500.0 46.706 46.756 46.681 46.488 46.345 46.206 46.567 46.465 46.343 46.201 46.061 45.912 46.47 46.298 46.126 46.005 45.895 46.234 46.091 45.972 45.873 45.704 45.683 45.513 45.323
