web/models/grb/onaxis/19/grb_0.0000_2.6827_0.0001585.dat
# %ECSV 1.0
# ---
# datatype:
# - {name: time, datatype: float64}
# - {name: swift_uvot_uvw2, datatype: float64}
# - {name: swift_uvot_uvm2, datatype: float64}
# - {name: swift_uvot_uvw1, datatype: float64}
# - {name: swift_uvot_U, datatype: float64}
# - {name: swift_uvot_B, datatype: float64}
# - {name: swift_uvot_V, datatype: float64}
# - {name: swift_uvot_W, datatype: float64}
# - {name: johnson_U, datatype: float64}
# - {name: johnson_B, datatype: float64}
# - {name: johnson_V, datatype: float64}
# - {name: johnson_R, datatype: float64}
# - {name: johnson_I, datatype: float64}
# - {name: sdss_u, datatype: float64}
# - {name: sdss_g, datatype: float64}
# - {name: sdss_r, datatype: float64}
# - {name: sdss_i, datatype: float64}
# - {name: sdss_z, datatype: float64}
# - {name: PS1_g, datatype: float64}
# - {name: PS1_r, datatype: float64}
# - {name: PS1_i, datatype: float64}
# - {name: PS1_z, datatype: float64}
# - {name: PS1_Y, datatype: float64}
# - {name: ukirt_J, datatype: float64}
# - {name: ukirt_H, datatype: float64}
# - {name: ukirt_K, datatype: float64}
# meta: !!omap
# - comment: [E = 0.0011641960487160344, Eta0 = 8.02, GammaB = 12.0, dL = 0.012188, epsb = 6.760829753919819e-06, epse = 0.1, n = 0.00015848931924611142,
#     p = 2.15, theta_obs = 0.0, xiN = 1.0, z = 0.0, type = grb, E_kiso = 2.6826957952797246]
# schema: astropy-2.0
time swift_uvot_uvw2 swift_uvot_uvm2 swift_uvot_uvw1 swift_uvot_U swift_uvot_B swift_uvot_V swift_uvot_W johnson_U johnson_B johnson_V johnson_R johnson_I sdss_u sdss_g sdss_r sdss_i sdss_z PS1_g PS1_r PS1_i PS1_z PS1_Y ukirt_J ukirt_H ukirt_K
0.01 -1.932 -1.882 -1.957 -2.15 -2.293 -2.432 -2.071 -2.173 -2.295 -2.437 -2.577 -2.726 -2.168 -2.34 -2.512 -2.633 -2.743 -2.404 -2.546 -2.666 -2.765 -2.934 -2.955 -3.125 -3.315
0.0102 -1.94 -1.891 -1.966 -2.159 -2.301 -2.44 -2.079 -2.181 -2.303 -2.445 -2.586 -2.734 -2.176 -2.349 -2.52 -2.641 -2.752 -2.412 -2.555 -2.675 -2.774 -2.942 -2.964 -3.133 -3.323
0.0105 -1.949 -1.899 -1.974 -2.167 -2.309 -2.449 -2.088 -2.189 -2.312 -2.454 -2.594 -2.743 -2.184 -2.357 -2.529 -2.65 -2.76 -2.421 -2.563 -2.683 -2.782 -2.95 -2.972 -3.141 -3.332
0.0107 -1.957 -1.908 -1.983 -2.175 -2.318 -2.457 -2.096 -2.198 -2.32 -2.462 -2.603 -2.751 -2.193 -2.365 -2.537 -2.658 -2.769 -2.429 -2.572 -2.692 -2.791 -2.959 -2.981 -3.15 -3.34
0.011 -1.966 -1.916 -1.991 -2.184 -2.326 -2.465 -2.105 -2.206 -2.329 -2.471 -2.611 -2.76 -2.201 -2.374 -2.546 -2.666 -2.777 -2.438 -2.58 -2.7 -2.799 -2.967 -2.989 -3.158 -3.349
0.0113 -1.974 -1.925 -1.999 -2.192 -2.335 -2.474 -2.113 -2.215 -2.337 -2.479 -2.62 -2.768 -2.21 -2.382 -2.554 -2.675 -2.785 -2.446 -2.589 -2.708 -2.807 -2.976 -2.997 -3.167 -3.357
0.0115 -1.982 -1.933 -2.008 -2.201 -2.343 -2.482 -2.122 -2.223 -2.346 -2.487 -2.628 -2.777 -2.218 -2.391 -2.563 -2.683 -2.794 -2.454 -2.597 -2.717 -2.816 -2.984 -3.006 -3.175 -3.366
0.0118 -1.991 -1.941 -2.016 -2.209 -2.352 -2.491 -2.13 -2.232 -2.354 -2.496 -2.636 -2.785 -2.227 -2.399 -2.571 -2.692 -2.802 -2.463 -2.605 -2.725 -2.824 -2.993 -3.014 -3.184 -3.374
0.0121 -1.999 -1.95 -2.025 -2.218 -2.36 -2.499 -2.138 -2.24 -2.362 -2.504 -2.645 -2.793 -2.235 -2.408 -2.579 -2.7 -2.811 -2.471 -2.614 -2.734 -2.833 -3.001 -3.023 -3.192 -3.382
0.0124 -2.01 -1.96 -2.035 -2.228 -2.37 -2.51 -2.149 -2.25 -2.373 -2.515 -2.655 -2.804 -2.245 -2.418 -2.59 -2.71 -2.821 -2.482 -2.624 -2.744 -2.843 -3.011 -3.033 -3.202 -3.393
0.0127 -2.022 -1.973 -2.048 -2.241 -2.383 -2.522 -2.162 -2.263 -2.386 -2.527 -2.668 -2.817 -2.258 -2.431 -2.603 -2.723 -2.834 -2.494 -2.637 -2.757 -2.856 -3.024 -3.046 -3.215 -3.406
0.013 -2.035 -1.986 -2.061 -2.254 -2.396 -2.535 -2.174 -2.276 -2.398 -2.54 -2.681 -2.829 -2.271 -2.444 -2.615 -2.736 -2.847 -2.507 -2.65 -2.77 -2.869 -3.037 -3.059 -3.228 -3.418
0.0133 -2.048 -1.999 -2.073 -2.266 -2.409 -2.548 -2.187 -2.289 -2.411 -2.553 -2.694 -2.842 -2.284 -2.456 -2.628 -2.749 -2.86 -2.52 -2.663 -2.782 -2.882 -3.05 -3.071 -3.241 -3.431
0.0136 -2.061 -2.011 -2.086 -2.279 -2.422 -2.561 -2.2 -2.302 -2.424 -2.566 -2.706 -2.855 -2.297 -2.469 -2.641 -2.762 -2.872 -2.533 -2.675 -2.795 -2.894 -3.063 -3.084 -3.254 -3.444
0.014 -2.074 -2.024 -2.099 -2.292 -2.434 -2.574 -2.213 -2.314 -2.437 -2.579 -2.719 -2.868 -2.309 -2.482 -2.654 -2.775 -2.885 -2.546 -2.688 -2.808 -2.907 -3.075 -3.097 -3.266 -3.457
0.0143 -2.086 -2.037 -2.112 -2.305 -2.447 -2.586 -2.226 -2.327 -2.45 -2.592 -2.732 -2.881 -2.322 -2.495 -2.667 -2.787 -2.898 -2.559 -2.701 -2.821 -2.92 -3.088 -3.11 -3.279 -3.47
0.0146 -2.099 -2.05 -2.125 -2.318 -2.46 -2.599 -2.238 -2.34 -2.462 -2.604 -2.745 -2.893 -2.335 -2.508 -2.679 -2.8 -2.911 -2.571 -2.714 -2.834 -2.933 -3.101 -3.123 -3.292 -3.482
0.015 -2.112 -2.063 -2.138 -2.33 -2.473 -2.612 -2.251 -2.353 -2.475 -2.617 -2.758 -2.906 -2.348 -2.52 -2.692 -2.813 -2.924 -2.584 -2.727 -2.847 -2.946 -3.114 -3.136 -3.305 -3.495
0.0154 -2.125 -2.075 -2.15 -2.343 -2.486 -2.625 -2.264 -2.366 -2.488 -2.63 -2.77 -2.919 -2.361 -2.533 -2.705 -2.826 -2.936 -2.597 -2.74 -2.859 -2.958 -3.127 -3.148 -3.318 -3.508
0.0157 -2.138 -2.088 -2.163 -2.356 -2.498 -2.638 -2.277 -2.378 -2.501 -2.643 -2.783 -2.932 -2.373 -2.546 -2.718 -2.838 -2.949 -2.61 -2.752 -2.872 -2.971 -3.139 -3.161 -3.33 -3.521
0.0161 -2.15 -2.101 -2.176 -2.369 -2.511 -2.65 -2.289 -2.391 -2.513 -2.655 -2.796 -2.944 -2.386 -2.559 -2.73 -2.851 -2.962 -2.622 -2.765 -2.885 -2.984 -3.152 -3.174 -3.343 -3.533
0.0165 -2.163 -2.113 -2.188 -2.381 -2.524 -2.663 -2.302 -2.404 -2.526 -2.668 -2.808 -2.957 -2.399 -2.571 -2.743 -2.864 -2.974 -2.635 -2.778 -2.897 -2.996 -3.165 -3.186 -3.356 -3.546
0.0169 -2.176 -2.126 -2.201 -2.394 -2.536 -2.676 -2.315 -2.416 -2.539 -2.681 -2.821 -2.97 -2.411 -2.584 -2.756 -2.876 -2.987 -2.648 -2.79 -2.91 -3.009 -3.177 -3.199 -3.368 -3.559
0.0173 -2.188 -2.139 -2.214 -2.407 -2.549 -2.688 -2.327 -2.429 -2.551 -2.693 -2.834 -2.982 -2.424 -2.597 -2.768 -2.889 -3.0 -2.66 -2.803 -2.923 -3.022 -3.19 -3.212 -3.381 -3.571
0.0177 -2.201 -2.151 -2.226 -2.419 -2.562 -2.701 -2.34 -2.442 -2.564 -2.706 -2.846 -2.995 -2.437 -2.609 -2.781 -2.902 -3.012 -2.673 -2.816 -2.935 -3.034 -3.203 -3.224 -3.394 -3.584
0.0181 -2.214 -2.164 -2.239 -2.432 -2.574 -2.713 -2.353 -2.454 -2.577 -2.719 -2.859 -3.008 -2.449 -2.622 -2.794 -2.914 -3.025 -2.686 -2.828 -2.948 -3.047 -3.215 -3.237 -3.406 -3.597
0.0186 -2.226 -2.177 -2.252 -2.445 -2.587 -2.726 -2.365 -2.467 -2.589 -2.731 -2.872 -3.02 -2.462 -2.635 -2.806 -2.927 -3.038 -2.698 -2.841 -2.961 -3.06 -3.228 -3.25 -3.419 -3.609
0.019 -2.239 -2.189 -2.264 -2.457 -2.6 -2.739 -2.378 -2.48 -2.602 -2.744 -2.884 -3.033 -2.475 -2.647 -2.819 -2.94 -3.05 -2.711 -2.854 -2.973 -3.072 -3.241 -3.262 -3.432 -3.622
0.0195 -2.251 -2.202 -2.277 -2.469 -2.612 -2.751 -2.39 -2.492 -2.614 -2.756 -2.897 -3.045 -2.487 -2.659 -2.831 -2.952 -3.063 -2.723 -2.866 -2.986 -3.085 -3.253 -3.275 -3.444 -3.634
0.02 -2.26 -2.21 -2.285 -2.478 -2.62 -2.759 -2.399 -2.5 -2.623 -2.765 -2.905 -3.054 -2.495 -2.668 -2.84 -2.96 -3.071 -2.732 -2.874 -2.994 -3.093 -3.261 -3.283 -3.452 -3.643
0.0204 -2.268 -2.219 -2.293 -2.486 -2.629 -2.768 -2.407 -2.509 -2.631 -2.773 -2.914 -3.062 -2.504 -2.676 -2.848 -2.969 -3.08 -2.74 -2.883 -3.002 -3.102 -3.27 -3.291 -3.461 -3.651
0.0209 -2.277 -2.227 -2.302 -2.495 -2.637 -2.776 -2.416 -2.517 -2.64 -2.782 -2.922 -3.071 -2.512 -2.685 -2.857 -2.977 -3.088 -2.749 -2.891 -3.011 -3.11 -3.278 -3.3 -3.469 -3.66
0.0214 -2.285 -2.236 -2.31 -2.503 -2.646 -2.785 -2.424 -2.526 -2.648 -2.79 -2.931 -3.079 -2.521 -2.693 -2.865 -2.986 -3.096 -2.757 -2.9 -3.019 -3.118 -3.287 -3.308 -3.478 -3.668
0.022 -2.293 -2.244 -2.319 -2.512 -2.654 -2.793 -2.433 -2.534 -2.657 -2.798 -2.939 -3.088 -2.529 -2.702 -2.874 -2.994 -3.105 -2.766 -2.908 -3.028 -3.127 -3.295 -3.317 -3.486 -3.677
0.0225 -2.302 -2.252 -2.327 -2.52 -2.663 -2.802 -2.441 -2.543 -2.665 -2.807 -2.947 -3.096 -2.538 -2.71 -2.882 -3.003 -3.113 -2.774 -2.917 -3.036 -3.135 -3.304 -3.325 -3.495 -3.685
0.023 -2.31 -2.261 -2.336 -2.529 -2.671 -2.81 -2.449 -2.551 -2.674 -2.815 -2.956 -3.104 -2.546 -2.719 -2.891 -3.011 -3.122 -2.782 -2.925 -3.045 -3.144 -3.312 -3.334 -3.503 -3.693
0.0236 -2.319 -2.269 -2.344 -2.537 -2.68 -2.819 -2.458 -2.56 -2.682 -2.824 -2.964 -3.113 -2.555 -2.727 -2.899 -3.02 -3.13 -2.791 -2.933 -3.053 -3.152 -3.321 -3.342 -3.512 -3.702
0.0242 -2.327 -2.278 -2.353 -2.546 -2.688 -2.827 -2.466 -2.568 -2.69 -2.832 -2.973 -3.121 -2.563 -2.736 -2.907 -3.028 -3.139 -2.799 -2.942 -3.062 -3.161 -3.329 -3.351 -3.52 -3.71
0.0247 -2.335 -2.285 -2.36 -2.553 -2.695 -2.835 -2.474 -2.575 -2.698 -2.84 -2.98 -3.129 -2.57 -2.743 -2.915 -3.036 -3.146 -2.807 -2.949 -3.069 -3.168 -3.336 -3.358 -3.527 -3.718
0.0253 -2.339 -2.289 -2.364 -2.557 -2.7 -2.839 -2.478 -2.58 -2.702 -2.844 -2.984 -3.133 -2.575 -2.747 -2.919 -3.04 -3.15 -2.811 -2.953 -3.073 -3.172 -3.341 -3.362 -3.532 -3.722
0.0259 -2.343 -2.294 -2.368 -2.561 -2.704 -2.843 -2.482 -2.584 -2.706 -2.848 -2.988 -3.137 -2.579 -2.751 -2.923 -3.044 -3.154 -2.815 -2.958 -3.077 -3.176 -3.345 -3.366 -3.536 -3.726
0.0266 -2.347 -2.298 -2.373 -2.565 -2.708 -2.847 -2.486 -2.588 -2.71 -2.852 -2.993 -3.141 -2.583 -2.755 -2.927 -3.048 -3.159 -2.819 -2.962 -3.082 -3.181 -3.349 -3.371 -3.54 -3.73
0.0272 -2.351 -2.302 -2.377 -2.57 -2.712 -2.851 -2.49 -2.592 -2.714 -2.856 -2.997 -3.145 -2.587 -2.76 -2.931 -3.052 -3.163 -2.823 -2.966 -3.086 -3.185 -3.353 -3.375 -3.544 -3.734
0.0279 -2.355 -2.306 -2.381 -2.574 -2.716 -2.855 -2.494 -2.596 -2.719 -2.86 -3.001 -3.149 -2.591 -2.764 -2.936 -3.056 -3.167 -2.827 -2.97 -3.09 -3.189 -3.357 -3.379 -3.548 -3.739
0.0285 -2.36 -2.31 -2.385 -2.578 -2.72 -2.859 -2.499 -2.6 -2.723 -2.865 -3.005 -3.154 -2.595 -2.768 -2.94 -3.06 -3.171 -2.832 -2.974 -3.094 -3.193 -3.361 -3.383 -3.552 -3.743
0.0292 -2.364 -2.314 -2.389 -2.582 -2.724 -2.864 -2.503 -2.604 -2.727 -2.869 -3.009 -3.158 -2.599 -2.772 -2.944 -3.065 -3.175 -2.836 -2.978 -3.098 -3.197 -3.365 -3.387 -3.556 -3.747
0.0299 -2.368 -2.318 -2.393 -2.586 -2.729 -2.868 -2.507 -2.609 -2.731 -2.873 -3.013 -3.162 -2.604 -2.776 -2.948 -3.069 -3.179 -2.84 -2.982 -3.102 -3.201 -3.37 -3.391 -3.561 -3.751
0.0307 -2.372 -2.323 -2.397 -2.59 -2.733 -2.872 -2.511 -2.613 -2.735 -2.877 -3.017 -3.166 -2.608 -2.78 -2.952 -3.073 -3.183 -2.844 -2.987 -3.106 -3.205 -3.374 -3.395 -3.565 -3.755
0.0314 -2.371 -2.322 -2.397 -2.59 -2.732 -2.871 -2.511 -2.612 -2.735 -2.877 -3.017 -3.166 -2.607 -2.78 -2.952 -3.072 -3.183 -2.844 -2.986 -3.106 -3.205 -3.373 -3.395 -3.564 -3.755
0.0322 -2.364 -2.315 -2.39 -2.582 -2.725 -2.864 -2.503 -2.605 -2.727 -2.869 -3.01 -3.158 -2.6 -2.772 -2.944 -3.065 -3.176 -2.836 -2.979 -3.099 -3.198 -3.366 -3.388 -3.557 -3.747
0.0329 -2.357 -2.307 -2.382 -2.575 -2.717 -2.857 -2.496 -2.597 -2.72 -2.862 -3.002 -3.151 -2.592 -2.765 -2.937 -3.058 -3.168 -2.829 -2.971 -3.091 -3.19 -3.358 -3.38 -3.549 -3.74
0.0337 -2.349 -2.3 -2.375 -2.568 -2.71 -2.849 -2.488 -2.59 -2.712 -2.854 -2.995 -3.143 -2.585 -2.758 -2.929 -3.05 -3.161 -2.821 -2.964 -3.084 -3.183 -3.351 -3.373 -3.542 -3.732
0.0345 -2.342 -2.292 -2.367 -2.56 -2.703 -2.842 -2.481 -2.583 -2.705 -2.847 -2.987 -3.136 -2.578 -2.75 -2.922 -3.043 -3.153 -2.814 -2.957 -3.076 -3.175 -3.344 -3.365 -3.535 -3.725
0.0354 -2.335 -2.285 -2.36 -2.553 -2.695 -2.834 -2.474 -2.575 -2.698 -2.84 -2.98 -3.129 -2.57 -2.743 -2.915 -3.035 -3.146 -2.807 -2.949 -3.069 -3.168 -3.336 -3.358 -3.527 -3.718
0.0362 -2.327 -2.278 -2.353 -2.545 -2.688 -2.827 -2.466 -2.568 -2.69 -2.832 -2.973 -3.121 -2.563 -2.735 -2.907 -3.028 -3.139 -2.799 -2.942 -3.062 -3.161 -3.329 -3.351 -3.52 -3.71
0.0371 -2.32 -2.27 -2.345 -2.538 -2.681 -2.82 -2.459 -2.56 -2.683 -2.825 -2.965 -3.114 -2.555 -2.728 -2.9 -3.021 -3.131 -2.792 -2.934 -3.054 -3.153 -3.321 -3.343 -3.513 -3.703
0.038 -2.312 -2.263 -2.338 -2.531 -2.673 -2.812 -2.451 -2.553 -2.676 -2.817 -2.958 -3.106 -2.548 -2.721 -2.892 -3.013 -3.124 -2.784 -2.927 -3.047 -3.146 -3.314 -3.336 -3.505 -3.695
0.0389 -2.305 -2.256 -2.33 -2.523 -2.666 -2.805 -2.444 -2.546 -2.668 -2.81 -2.95 -3.099 -2.541 -2.713 -2.885 -3.006 -3.116 -2.777 -2.92 -3.039 -3.138 -3.307 -3.328 -3.498 -3.688
0.0398 -2.295 -2.246 -2.32 -2.513 -2.656 -2.795 -2.434 -2.536 -2.658 -2.8 -2.941 -3.089 -2.531 -2.703 -2.875 -2.996 -3.107 -2.767 -2.91 -3.029 -3.128 -3.297 -3.318 -3.488 -3.678
0.0408 -2.283 -2.234 -2.308 -2.501 -2.644 -2.783 -2.422 -2.524 -2.646 -2.788 -2.928 -3.077 -2.519 -2.691 -2.863 -2.984 -3.094 -2.755 -2.898 -3.017 -3.116 -3.285 -3.306 -3.476 -3.666
0.0418 -2.271 -2.221 -2.296 -2.489 -2.632 -2.771 -2.41 -2.512 -2.634 -2.776 -2.916 -3.065 -2.507 -2.679 -2.851 -2.972 -3.082 -2.743 -2.885 -3.005 -3.104 -3.273 -3.294 -3.464 -3.654
0.0428 -2.259 -2.209 -2.284 -2.477 -2.62 -2.759 -2.398 -2.5 -2.622 -2.764 -2.904 -3.053 -2.495 -2.667 -2.839 -2.96 -3.07 -2.731 -2.873 -2.993 -3.092 -3.261 -3.282 -3.452 -3.642
0.0438 -2.247 -2.197 -2.272 -2.465 -2.608 -2.747 -2.386 -2.487 -2.61 -2.752 -2.892 -3.041 -2.482 -2.655 -2.827 -2.948 -3.058 -2.719 -2.861 -2.981 -3.08 -3.248 -3.27 -3.44 -3.63
0.0449 -2.235 -2.185 -2.26 -2.453 -2.595 -2.735 -2.374 -2.475 -2.598 -2.74 -2.88 -3.029 -2.47 -2.643 -2.815 -2.936 -3.046 -2.707 -2.849 -2.969 -3.068 -3.236 -3.258 -3.427 -3.618
0.046 -2.223 -2.173 -2.248 -2.441 -2.583 -2.722 -2.362 -2.463 -2.586 -2.728 -2.868 -3.017 -2.458 -2.631 -2.803 -2.923 -3.034 -2.695 -2.837 -2.957 -3.056 -3.224 -3.246 -3.415 -3.606
0.0471 -2.211 -2.161 -2.236 -2.429 -2.571 -2.71 -2.35 -2.451 -2.574 -2.716 -2.856 -3.005 -2.446 -2.619 -2.791 -2.911 -3.022 -2.683 -2.825 -2.945 -3.044 -3.212 -3.234 -3.403 -3.594
0.0482 -2.198 -2.149 -2.224 -2.417 -2.559 -2.698 -2.338 -2.439 -2.562 -2.703 -2.844 -2.993 -2.434 -2.607 -2.779 -2.899 -3.01 -2.671 -2.813 -2.933 -3.032 -3.2 -3.222 -3.391 -3.582
0.0494 -2.186 -2.137 -2.212 -2.405 -2.547 -2.686 -2.325 -2.427 -2.55 -2.691 -2.832 -2.98 -2.422 -2.595 -2.767 -2.887 -2.998 -2.658 -2.801 -2.921 -3.02 -3.188 -3.21 -3.379 -3.569
0.0506 -2.181 -2.132 -2.206 -2.399 -2.542 -2.681 -2.32 -2.422 -2.544 -2.686 -2.827 -2.975 -2.417 -2.589 -2.761 -2.882 -2.993 -2.653 -2.796 -2.916 -3.015 -3.183 -3.205 -3.374 -3.564
0.0518 -2.179 -2.129 -2.204 -2.397 -2.54 -2.679 -2.318 -2.42 -2.542 -2.684 -2.824 -2.973 -2.415 -2.587 -2.759 -2.88 -2.99 -2.651 -2.794 -2.913 -3.012 -3.181 -3.202 -3.372 -3.562
0.053 -2.177 -2.127 -2.202 -2.395 -2.537 -2.677 -2.316 -2.417 -2.54 -2.682 -2.822 -2.971 -2.412 -2.585 -2.757 -2.878 -2.988 -2.649 -2.791 -2.911 -3.01 -3.178 -3.2 -3.369 -3.56
0.0543 -2.175 -2.125 -2.2 -2.393 -2.535 -2.674 -2.314 -2.415 -2.538 -2.68 -2.82 -2.969 -2.41 -2.583 -2.755 -2.875 -2.986 -2.647 -2.789 -2.909 -3.008 -3.176 -3.198 -3.367 -3.558
0.0556 -2.172 -2.123 -2.198 -2.391 -2.533 -2.672 -2.311 -2.413 -2.535 -2.677 -2.818 -2.966 -2.408 -2.581 -2.752 -2.873 -2.984 -2.644 -2.787 -2.907 -3.006 -3.174 -3.196 -3.365 -3.555
0.057 -2.17 -2.121 -2.196 -2.388 -2.531 -2.67 -2.309 -2.411 -2.533 -2.675 -2.816 -2.964 -2.406 -2.578 -2.75 -2.871 -2.982 -2.642 -2.785 -2.905 -3.004 -3.172 -3.194 -3.363 -3.553
0.0584 -2.168 -2.118 -2.193 -2.386 -2.529 -2.668 -2.307 -2.409 -2.531 -2.673 -2.813 -2.962 -2.404 -2.576 -2.748 -2.869 -2.979 -2.64 -2.783 -2.902 -3.001 -3.17 -3.191 -3.361 -3.551
0.0598 -2.166 -2.116 -2.191 -2.384 -2.526 -2.666 -2.305 -2.406 -2.529 -2.671 -2.811 -2.96 -2.401 -2.574 -2.746 -2.867 -2.977 -2.638 -2.78 -2.9 -2.999 -3.167 -3.189 -3.358 -3.549
0.0612 -2.164 -2.114 -2.189 -2.382 -2.524 -2.663 -2.303 -2.404 -2.527 -2.669 -2.809 -2.958 -2.399 -2.572 -2.744 -2.864 -2.975 -2.636 -2.778 -2.898 -2.997 -3.165 -3.187 -3.356 -3.547
0.0627 -2.161 -2.112 -2.187 -2.38 -2.522 -2.661 -2.3 -2.402 -2.525 -2.666 -2.807 -2.955 -2.397 -2.57 -2.741 -2.862 -2.973 -2.633 -2.776 -2.896 -2.995 -3.163 -3.185 -3.354 -3.544
0.0642 -2.175 -2.125 -2.2 -2.393 -2.536 -2.675 -2.314 -2.416 -2.538 -2.68 -2.82 -2.969 -2.411 -2.583 -2.755 -2.876 -2.986 -2.647 -2.79 -2.909 -3.008 -3.177 -3.198 -3.368 -3.558
0.0657 -2.192 -2.142 -2.217 -2.41 -2.552 -2.692 -2.331 -2.432 -2.555 -2.697 -2.837 -2.986 -2.427 -2.6 -2.772 -2.893 -3.003 -2.664 -2.806 -2.926 -3.025 -3.193 -3.215 -3.384 -3.575
0.0673 -2.209 -2.159 -2.234 -2.427 -2.569 -2.708 -2.348 -2.449 -2.572 -2.714 -2.854 -3.003 -2.444 -2.617 -2.789 -2.909 -3.02 -2.681 -2.823 -2.943 -3.042 -3.21 -3.232 -3.401 -3.592
0.0689 -2.225 -2.176 -2.251 -2.444 -2.586 -2.725 -2.364 -2.466 -2.589 -2.73 -2.871 -3.019 -2.461 -2.634 -2.805 -2.926 -3.037 -2.697 -2.84 -2.96 -3.059 -3.227 -3.249 -3.418 -3.608
0.0706 -2.242 -2.193 -2.268 -2.46 -2.603 -2.742 -2.381 -2.483 -2.605 -2.747 -2.888 -3.036 -2.478 -2.65 -2.822 -2.943 -3.054 -2.714 -2.857 -2.977 -3.076 -3.244 -3.266 -3.435 -3.625
0.0723 -2.259 -2.209 -2.284 -2.477 -2.62 -2.759 -2.398 -2.5 -2.622 -2.764 -2.904 -3.053 -2.495 -2.667 -2.839 -2.96 -3.07 -2.731 -2.874 -2.993 -3.092 -3.261 -3.282 -3.452 -3.642
0.0741 -2.276 -2.226 -2.301 -2.494 -2.637 -2.776 -2.415 -2.516 -2.639 -2.781 -2.921 -3.07 -2.511 -2.684 -2.856 -2.977 -3.087 -2.748 -2.89 -3.01 -3.109 -3.277 -3.299 -3.469 -3.659
0.0758 -2.293 -2.243 -2.318 -2.511 -2.653 -2.792 -2.432 -2.533 -2.656 -2.798 -2.938 -3.087 -2.528 -2.701 -2.873 -2.993 -3.104 -2.765 -2.907 -3.027 -3.126 -3.294 -3.316 -3.485 -3.676
0.0777 -2.309 -2.26 -2.335 -2.528 -2.67 -2.809 -2.448 -2.55 -2.673 -2.814 -2.955 -3.103 -2.545 -2.718 -2.889 -3.01 -3.121 -2.781 -2.924 -3.044 -3.143 -3.311 -3.333 -3.502 -3.692
0.0795 -2.326 -2.277 -2.352 -2.545 -2.687 -2.826 -2.465 -2.567 -2.689 -2.831 -2.972 -3.12 -2.562 -2.734 -2.906 -3.027 -3.138 -2.798 -2.941 -3.061 -3.16 -3.328 -3.35 -3.519 -3.709
0.0815 -2.347 -2.297 -2.372 -2.565 -2.708 -2.847 -2.486 -2.588 -2.71 -2.852 -2.992 -3.141 -2.583 -2.755 -2.927 -3.048 -3.158 -2.819 -2.961 -3.081 -3.18 -3.349 -3.37 -3.54 -3.73
