web/models/grb/onaxis/19/grb_0.0000_138.9495_0.0039811.dat
# %ECSV 1.0
# ---
# datatype:
# - {name: time, datatype: float64}
# - {name: swift_uvot_uvw2, datatype: float64}
# - {name: swift_uvot_uvm2, datatype: float64}
# - {name: swift_uvot_uvw1, datatype: float64}
# - {name: swift_uvot_U, datatype: float64}
# - {name: swift_uvot_B, datatype: float64}
# - {name: swift_uvot_V, datatype: float64}
# - {name: swift_uvot_W, datatype: float64}
# - {name: johnson_U, datatype: float64}
# - {name: johnson_B, datatype: float64}
# - {name: johnson_V, datatype: float64}
# - {name: johnson_R, datatype: float64}
# - {name: johnson_I, datatype: float64}
# - {name: sdss_u, datatype: float64}
# - {name: sdss_g, datatype: float64}
# - {name: sdss_r, datatype: float64}
# - {name: sdss_i, datatype: float64}
# - {name: sdss_z, datatype: float64}
# - {name: PS1_g, datatype: float64}
# - {name: PS1_r, datatype: float64}
# - {name: PS1_i, datatype: float64}
# - {name: PS1_z, datatype: float64}
# - {name: PS1_Y, datatype: float64}
# - {name: ukirt_J, datatype: float64}
# - {name: ukirt_H, datatype: float64}
# - {name: ukirt_K, datatype: float64}
# meta: !!omap
# - comment: [E = 0.06029923955985733, Eta0 = 8.02, GammaB = 12.0, dL = 0.012188, epsb = 6.760829753919819e-06, epse = 0.1, n = 0.003981071705534973,
#     p = 2.15, theta_obs = 0.0, xiN = 1.0, z = 0.0, type = grb, E_kiso = 138.9495494373139]
# schema: astropy-2.0
time swift_uvot_uvw2 swift_uvot_uvm2 swift_uvot_uvw1 swift_uvot_U swift_uvot_B swift_uvot_V swift_uvot_W johnson_U johnson_B johnson_V johnson_R johnson_I sdss_u sdss_g sdss_r sdss_i sdss_z PS1_g PS1_r PS1_i PS1_z PS1_Y ukirt_J ukirt_H ukirt_K
[from data line 260]
4.9155 -5.439 -5.39 -5.465 -5.658 -5.8 -5.939 -5.578 -5.68 -5.802 -5.944 -6.085 -6.233 -5.675 -5.848 -6.019 -6.14 -6.251 -5.911 -6.054 -6.174 -6.273 -6.441 -6.463 -6.632 -6.822
5.0341 -5.383 -5.333 -5.408 -5.601 -5.743 -5.882 -5.522 -5.623 -5.746 -5.888 -6.028 -6.177 -5.618 -5.791 -5.963 -6.083 -6.194 -5.855 -5.997 -6.117 -6.216 -6.384 -6.406 -6.575 -6.766
5.1555 -5.326 -5.276 -5.351 -5.544 -5.687 -5.826 -5.465 -5.567 -5.689 -5.831 -5.971 -6.12 -5.562 -5.734 -5.906 -6.027 -6.137 -5.798 -5.94 -6.06 -6.159 -6.328 -6.349 -6.519 -6.709
5.2799 -5.269 -5.22 -5.295 -5.487 -5.63 -5.769 -5.408 -5.51 -5.632 -5.774 -5.915 -6.063 -5.505 -5.677 -5.849 -5.97 -6.081 -5.741 -5.884 -6.004 -6.103 -6.271 -6.293 -6.462 -6.652
5.4072 -5.212 -5.163 -5.238 -5.431 -5.573 -5.712 -5.352 -5.453 -5.576 -5.717 -5.858 -6.007 -5.448 -5.621 -5.793 -5.913 -6.024 -5.684 -5.827 -5.947 -6.046 -6.214 -6.236 -6.405 -6.596
5.5377 -5.155 -5.106 -5.181 -5.374 -5.516 -5.655 -5.294 -5.396 -5.518 -5.66 -5.801 -5.949 -5.391 -5.564 -5.735 -5.856 -5.967 -5.627 -5.77 -5.89 -5.989 -6.157 -6.179 -6.348 -6.538
5.6713 -5.097 -5.048 -5.123 -5.316 -5.458 -5.597 -5.236 -5.338 -5.46 -5.602 -5.743 -5.891 -5.333 -5.505 -5.677 -5.798 -5.909 -5.569 -5.712 -5.832 -5.931 -6.099 -6.121 -6.29 -6.48
5.8081 -5.039 -4.99 -5.064 -5.257 -5.4 -5.539 -5.178 -5.28 -5.402 -5.544 -5.685 -5.833 -5.275 -5.447 -5.619 -5.74 -5.851 -5.511 -5.654 -5.774 -5.873 -6.041 -6.063 -6.232 -6.422
5.9482 -4.981 -4.932 -5.006 -5.199 -5.342 -5.481 -5.12 -5.222 -5.344 -5.486 -5.627 -5.775 -5.217 -5.389 -5.561 -5.682 -5.792 -5.453 -5.596 -5.715 -5.814 -5.983 -6.004 -6.174 -6.364
6.0917 -4.923 -4.873 -4.948 -5.141 -5.284 -5.423 -5.062 -5.164 -5.286 -5.428 -5.568 -5.717 -5.159 -5.331 -5.503 -5.624 -5.734 -5.395 -5.537 -5.657 -5.756 -5.925 -5.946 -6.116 -6.306
6.2386 -4.865 -4.815 -4.89 -5.083 -5.226 -5.365 -5.004 -5.106 -5.228 -5.37 -5.51 -5.659 -5.1 -5.273 -5.445 -5.566 -5.676 -5.337 -5.479 -5.599 -5.698 -5.866 -5.888 -6.058 -6.248
6.3891 -4.807 -4.757 -4.832 -5.025 -5.167 -5.307 -4.946 -5.047 -5.17 -5.312 -5.452 -5.601 -5.042 -5.215 -5.387 -5.507 -5.618 -5.279 -5.421 -5.541 -5.64 -5.808 -5.83 -5.999 -6.19
6.5433 -4.749 -4.699 -4.774 -4.967 -5.109 -5.248 -4.888 -4.989 -5.112 -5.254 -5.394 -5.543 -4.984 -5.157 -5.329 -5.449 -5.56 -5.221 -5.363 -5.483 -5.582 -5.75 -5.772 -5.941 -6.132
6.7011 -4.69 -4.641 -4.716 -4.909 -5.051 -5.19 -4.83 -4.931 -5.054 -5.195 -5.336 -5.485 -4.926 -5.099 -5.271 -5.391 -5.502 -5.162 -5.305 -5.425 -5.524 -5.692 -5.714 -5.883 -6.074
6.8627 -4.632 -4.583 -4.658 -4.851 -4.993 -5.132 -4.771 -4.873 -4.996 -5.137 -5.278 -5.426 -4.868 -5.041 -5.212 -5.333 -5.444 -5.104 -5.247 -5.367 -5.466 -5.634 -5.656 -5.825 -6.015
7.0283 -4.573 -4.524 -4.599 -4.792 -4.934 -5.073 -4.712 -4.814 -4.936 -5.078 -5.219 -5.367 -4.809 -4.981 -5.153 -5.274 -5.385 -5.045 -5.188 -5.308 -5.407 -5.575 -5.597 -5.766 -5.956
7.1978 -4.513 -4.463 -4.538 -4.731 -4.873 -5.013 -4.652 -4.753 -4.876 -5.018 -5.158 -5.307 -4.748 -4.921 -5.093 -5.214 -5.324 -4.985 -5.127 -5.247 -5.346 -5.514 -5.536 -5.705 -5.896
7.3715 -4.452 -4.403 -4.478 -4.671 -4.813 -4.952 -4.591 -4.693 -4.815 -4.957 -5.098 -5.246 -4.688 -4.86 -5.032 -5.153 -5.264 -4.924 -5.067 -5.187 -5.286 -5.454 -5.476 -5.645 -5.835
7.5493 -4.392 -4.342 -4.417 -4.61 -4.752 -4.892 -4.531 -4.632 -4.755 -4.897 -5.037 -5.186 -4.627 -4.8 -4.972 -5.092 -5.203 -4.864 -5.006 -5.126 -5.225 -5.393 -5.415 -5.584 -5.775
7.7314 -4.331 -4.282 -4.357 -4.549 -4.692 -4.831 -4.47 -4.572 -4.694 -4.836 -4.977 -5.125 -4.567 -4.739 -4.911 -5.032 -5.143 -4.803 -4.946 -5.066 -5.165 -5.333 -5.355 -5.524 -5.714
7.9179 -4.271 -4.221 -4.296 -4.489 -4.631 -4.77 -4.41 -4.511 -4.634 -4.776 -4.916 -5.065 -4.506 -4.679 -4.851 -4.971 -5.082 -4.743 -4.885 -5.005 -5.104 -5.272 -5.294 -5.463 -5.654
8.1089 -4.21 -4.161 -4.235 -4.428 -4.571 -4.71 -4.349 -4.451 -4.573 -4.715 -4.856 -5.004 -4.446 -4.618 -4.79 -4.911 -5.022 -4.682 -4.825 -4.945 -5.044 -5.212 -5.234 -5.403 -5.593
8.3045 -4.15 -4.1 -4.175 -4.368 -4.51 -4.649 -4.289 -4.39 -4.513 -4.655 -4.795 -4.944 -4.385 -4.558 -4.73 -4.85 -4.961 -4.622 -4.764 -4.884 -4.983 -5.151 -5.173 -5.342 -5.533
8.5049 -4.089 -4.04 -4.114 -4.307 -4.45 -4.589 -4.228 -4.33 -4.452 -4.594 -4.735 -4.883 -4.325 -4.497 -4.669 -4.79 -4.901 -4.561 -4.704 -4.823 -4.923 -5.091 -5.112 -5.282 -5.472
8.71 -4.029 -3.979 -4.054 -4.247 -4.389 -4.528 -4.168 -4.269 -4.392 -4.534 -4.674 -4.823 -4.264 -4.437 -4.609 -4.729 -4.84 -4.501 -4.643 -4.763 -4.862 -5.03 -5.052 -5.221 -5.412
8.9201 -3.969 -3.92 -3.995 -4.188 -4.33 -4.469 -4.108 -4.21 -4.332 -4.474 -4.615 -4.763 -4.205 -4.378 -4.549 -4.67 -4.781 -4.441 -4.584 -4.704 -4.803 -4.971 -4.993 -5.162 -5.352
9.1353 -3.911 -3.862 -3.936 -4.129 -4.272 -4.411 -4.05 -4.152 -4.274 -4.416 -4.556 -4.705 -4.147 -4.319 -4.491 -4.612 -4.722 -4.383 -4.526 -4.645 -4.744 -4.913 -4.934 -5.104 -5.294
9.3557 -3.853 -3.803 -3.878 -4.071 -4.213 -4.353 -3.992 -4.093 -4.216 -4.358 -4.498 -4.647 -4.088 -4.261 -4.433 -4.553 -4.664 -4.325 -4.467 -4.587 -4.686 -4.854 -4.876 -5.045 -5.236
9.5814 -3.794 -3.745 -3.82 -4.013 -4.155 -4.294 -3.933 -4.035 -4.157 -4.299 -4.44 -4.588 -4.03 -4.203 -4.374 -4.495 -4.606 -4.266 -4.409 -4.529 -4.628 -4.796 -4.818 -4.987 -5.177
9.8125 -3.736 -3.687 -3.761 -3.954 -4.097 -4.236 -3.875 -3.977 -4.099 -4.241 -4.382 -4.53 -3.972 -4.144 -4.316 -4.437 -4.547 -4.208 -4.351 -4.47 -4.569 -4.738 -4.759 -4.929 -5.119
10.0492 -3.678 -3.628 -3.703 -3.896 -4.038 -4.178 -3.817 -3.918 -4.041 -4.183 -4.323 -4.472 -3.913 -4.086 -4.258 -4.379 -4.489 -4.15 -4.292 -4.412 -4.511 -4.679 -4.701 -4.87 -5.061
10.2917 -3.619 -3.57 -3.645 -3.838 -3.98 -4.119 -3.758 -3.86 -3.983 -4.124 -4.265 -4.413 -3.855 -4.028 -4.2 -4.32 -4.431 -4.091 -4.234 -4.354 -4.453 -4.621 -4.643 -4.812 -5.002
10.5399 -3.561 -3.512 -3.586 -3.779 -3.922 -4.061 -3.7 -3.802 -3.924 -4.066 -4.207 -4.355 -3.797 -3.969 -4.141 -4.262 -4.373 -4.033 -4.176 -4.295 -4.395 -4.563 -4.584 -4.754 -4.944
10.7942 -3.503 -3.453 -3.528 -3.721 -3.864 -4.003 -3.642 -3.743 -3.866 -4.008 -4.148 -4.297 -3.738 -3.911 -4.083 -4.204 -4.314 -3.975 -4.117 -4.237 -4.336 -4.504 -4.526 -4.696 -4.886
11.0546 -3.444 -3.395 -3.47 -3.663 -3.805 -3.944 -3.584 -3.685 -3.808 -3.949 -4.09 -4.239 -3.68 -3.853 -4.025 -4.145 -4.256 -3.916 -4.059 -4.179 -4.278 -4.446 -4.468 -4.637 -4.828
11.3212 -3.389 -3.34 -3.415 -3.608 -3.75 -3.889 -3.528 -3.63 -3.752 -3.894 -4.035 -4.183 -3.625 -3.798 -3.969 -4.09 -4.201 -3.861 -4.004 -4.124 -4.223 -4.391 -4.413 -4.582 -4.772
11.5943 -3.335 -3.286 -3.361 -3.554 -3.696 -3.835 -3.475 -3.576 -3.699 -3.84 -3.981 -4.13 -3.571 -3.744 -3.916 -4.036 -4.147 -3.808 -3.95 -4.07 -4.169 -4.337 -4.359 -4.528 -4.719
11.874 -3.282 -3.232 -3.307 -3.5 -3.642 -3.782 -3.421 -3.522 -3.645 -3.787 -3.927 -4.076 -3.517 -3.69 -3.862 -3.982 -4.093 -3.754 -3.896 -4.016 -4.115 -4.283 -4.305 -4.474 -4.665
12.1605 -3.228 -3.178 -3.253 -3.446 -3.589 -3.728 -3.367 -3.469 -3.591 -3.733 -3.873 -4.022 -3.463 -3.636 -3.808 -3.929 -4.039 -3.7 -3.842 -3.962 -4.061 -4.229 -4.251 -4.421 -4.611
12.4538 -3.174 -3.124 -3.199 -3.392 -3.535 -3.674 -3.313 -3.415 -3.537 -3.679 -3.819 -3.968 -3.41 -3.582 -3.754 -3.875 -3.985 -3.646 -3.789 -3.908 -4.007 -4.176 -4.197 -4.367 -4.557
12.7542 -3.12 -3.071 -3.145 -3.338 -3.481 -3.62 -3.259 -3.361 -3.483 -3.625 -3.766 -3.914 -3.356 -3.528 -3.7 -3.821 -3.932 -3.592 -3.735 -3.855 -3.954 -4.122 -4.144 -4.313 -4.503
13.0619 -3.066 -3.017 -3.092 -3.285 -3.427 -3.566 -3.205 -3.307 -3.429 -3.571 -3.712 -3.86 -3.302 -3.475 -3.646 -3.767 -3.878 -3.538 -3.681 -3.801 -3.9 -4.068 -4.09 -4.259 -4.449
13.377 -3.012 -2.963 -3.038 -3.231 -3.373 -3.512 -3.151 -3.253 -3.376 -3.517 -3.658 -3.806 -3.248 -3.421 -3.593 -3.713 -3.824 -3.484 -3.627 -3.747 -3.846 -4.014 -4.036 -4.205 -4.395
13.6997 -2.959 -2.909 -2.984 -3.177 -3.319 -3.458 -3.098 -3.199 -3.322 -3.464 -3.604 -3.753 -3.194 -3.367 -3.539 -3.659 -3.77 -3.431 -3.573 -3.693 -3.792 -3.96 -3.982 -4.151 -4.342
14.0302 -2.905 -2.855 -2.93 -3.123 -3.265 -3.405 -3.044 -3.145 -3.268 -3.41 -3.55 -3.699 -3.14 -3.313 -3.485 -3.606 -3.716 -3.377 -3.519 -3.639 -3.738 -3.906 -3.928 -4.097 -4.288
14.3686 -2.85 -2.801 -2.876 -3.069 -3.211 -3.35 -2.989 -3.091 -3.213 -3.355 -3.496 -3.644 -3.086 -3.259 -3.43 -3.551 -3.662 -3.322 -3.465 -3.585 -3.684 -3.852 -3.874 -4.043 -4.233
14.7153 -2.796 -2.746 -2.821 -3.014 -3.157 -3.296 -2.935 -3.037 -3.159 -3.301 -3.441 -3.59 -3.032 -3.204 -3.376 -3.497 -3.607 -3.268 -3.41 -3.53 -3.629 -3.798 -3.819 -3.989 -4.179
15.0702 -2.741 -2.692 -2.767 -2.96 -3.102 -3.241 -2.881 -2.982 -3.105 -3.246 -3.387 -3.536 -2.977 -3.15 -3.322 -3.442 -3.553 -3.213 -3.356 -3.476 -3.575 -3.743 -3.765 -3.934 -4.125
15.4338 -2.687 -2.638 -2.712 -2.905 -3.048 -3.187 -2.826 -2.928 -3.05 -3.192 -3.333 -3.481 -2.923 -3.095 -3.267 -3.388 -3.498 -3.159 -3.302 -3.421 -3.52 -3.689 -3.71 -3.88 -4.07
15.8061 -2.633 -2.583 -2.658 -2.851 -2.993 -3.132 -2.772 -2.873 -2.996 -3.138 -3.278 -3.427 -2.868 -3.041 -3.213 -3.333 -3.444 -3.105 -3.247 -3.367 -3.466 -3.634 -3.656 -3.825 -4.016
16.1874 -2.578 -2.529 -2.603 -2.796 -2.939 -3.078 -2.717 -2.819 -2.941 -3.083 -3.224 -3.372 -2.814 -2.986 -3.158 -3.279 -3.39 -3.05 -3.193 -3.313 -3.412 -3.58 -3.602 -3.771 -3.961
16.5779 -2.524 -2.474 -2.549 -2.742 -2.884 -3.024 -2.663 -2.764 -2.887 -3.029 -3.169 -3.318 -2.759 -2.932 -3.104 -3.224 -3.335 -2.996 -3.138 -3.258 -3.357 -3.525 -3.547 -3.716 -3.907
16.9778 -2.469 -2.42 -2.495 -2.688 -2.83 -2.969 -2.608 -2.71 -2.832 -2.974 -3.115 -3.263 -2.705 -2.877 -3.049 -3.17 -3.281 -2.941 -3.084 -3.204 -3.303 -3.471 -3.493 -3.662 -3.852
17.3873 -2.415 -2.365 -2.44 -2.633 -2.776 -2.915 -2.554 -2.655 -2.778 -2.92 -3.06 -3.209 -2.65 -2.823 -2.995 -3.116 -3.226 -2.887 -3.029 -3.149 -3.248 -3.416 -3.438 -3.608 -3.798
17.8068 -2.36 -2.311 -2.386 -2.579 -2.721 -2.86 -2.499 -2.601 -2.723 -2.865 -3.006 -3.154 -2.596 -2.769 -2.94 -3.061 -3.172 -2.832 -2.975 -3.095 -3.194 -3.362 -3.384 -3.553 -3.743
18.2363 -2.309 -2.259 -2.334 -2.527 -2.669 -2.809 -2.448 -2.549 -2.672 -2.814 -2.954 -3.103 -2.544 -2.717 -2.889 -3.01 -3.12 -2.781 -2.923 -3.043 -3.142 -3.31 -3.332 -3.501 -3.692
18.6762 -2.257 -2.208 -2.282 -2.475 -2.618 -2.757 -2.396 -2.498 -2.62 -2.762 -2.903 -3.051 -2.493 -2.665 -2.837 -2.958 -3.069 -2.729 -2.872 -2.992 -3.091 -3.259 -3.281 -3.45 -3.64
19.1268 -2.205 -2.156 -2.231 -2.424 -2.566 -2.705 -2.345 -2.446 -2.569 -2.71 -2.851 -3.0 -2.441 -2.614 -2.786 -2.906 -3.017 -2.677 -2.82 -2.94 -3.039 -3.207 -3.229 -3.398 -3.589
19.5882 -2.154 -2.104 -2.179 -2.372 -2.515 -2.654 -2.293 -2.395 -2.517 -2.659 -2.799 -2.948 -2.39 -2.562 -2.734 -2.855 -2.965 -2.626 -2.768 -2.888 -2.987 -3.156 -3.177 -3.347 -3.537
20.0607 -2.102 -2.053 -2.128 -2.321 -2.463 -2.602 -2.241 -2.343 -2.465 -2.607 -2.748 -2.896 -2.338 -2.511 -2.682 -2.803 -2.914 -2.574 -2.717 -2.837 -2.936 -3.104 -3.126 -3.295 -3.485
20.5446 -2.051 -2.001 -2.076 -2.269 -2.411 -2.55 -2.19 -2.291 -2.414 -2.556 -2.696 -2.845 -2.286 -2.459 -2.631 -2.751 -2.862 -2.523 -2.665 -2.785 -2.884 -3.052 -3.074 -3.243 -3.434
21.0402 -1.999 -1.95 -2.024 -2.217 -2.36 -2.499 -2.138 -2.24 -2.362 -2.504 -2.644 -2.793 -2.235 -2.407 -2.579 -2.7 -2.81 -2.471 -2.614 -2.733 -2.832 -3.001 -3.022 -3.192 -3.382
21.5478 -1.947 -1.898 -1.973 -2.166 -2.308 -2.447 -2.086 -2.188 -2.311 -2.452 -2.593 -2.741 -2.183 -2.356 -2.527 -2.648 -2.759 -2.419 -2.562 -2.682 -2.781 -2.949 -2.971 -3.14 -3.33
22.0676 -1.896 -1.846 -1.921 -2.114 -2.256 -2.396 -2.035 -2.136 -2.259 -2.401 -2.541 -2.69 -2.131 -2.304 -2.476 -2.597 -2.707 -2.368 -2.51 -2.63 -2.729 -2.897 -2.919 -3.088 -3.279
22.5999 -1.844 -1.795 -1.87 -2.063 -2.205 -2.344 -1.984 -2.085 -2.208 -2.349 -2.49 -2.639 -2.08 -2.253 -2.425 -2.545 -2.656 -2.316 -2.459 -2.579 -2.678 -2.846 -2.868 -3.037 -3.228
23.1451 -1.795 -1.746 -1.82 -2.013 -2.156 -2.295 -1.934 -2.036 -2.158 -2.3 -2.441 -2.589 -2.031 -2.203 -2.375 -2.496 -2.607 -2.267 -2.41 -2.529 -2.629 -2.797 -2.818 -2.988 -3.178
23.7034 -1.746 -1.696 -1.771 -1.964 -2.106 -2.246 -1.885 -1.986 -2.109 -2.251 -2.391 -2.54 -1.981 -2.154 -2.326 -2.447 -2.557 -2.218 -2.36 -2.48 -2.579 -2.747 -2.769 -2.938 -3.129
24.2752 -1.696 -1.647 -1.722 -1.915 -2.057 -2.196 -1.835 -1.937 -2.059 -2.201 -2.342 -2.49 -1.932 -2.105 -2.276 -2.397 -2.508 -2.168 -2.311 -2.431 -2.53 -2.698 -2.72 -2.889 -3.079
24.8608 -1.647 -1.597 -1.672 -1.865 -2.008 -2.147 -1.786 -1.888 -2.01 -2.152 -2.292 -2.441 -1.883 -2.055 -2.227 -2.348 -2.458 -2.119 -2.262 -2.381 -2.48 -2.649 -2.67 -2.84 -3.03
25.4606 -1.598 -1.548 -1.623 -1.816 -1.958 -2.097 -1.737 -1.838 -1.961 -2.103 -2.243 -2.392 -1.833 -2.006 -2.178 -2.298 -2.409 -2.07 -2.212 -2.332 -2.431 -2.599 -2.621 -2.79 -2.981
26.0748 -1.548 -1.499 -1.574 -1.767 -1.909 -2.048 -1.687 -1.789 -1.911 -2.053 -2.194 -2.342 -1.784 -1.956 -2.128 -2.249 -2.36 -2.02 -2.163 -2.283 -2.382 -2.55 -2.572 -2.741 -2.931
26.7038 -1.499 -1.449 -1.524 -1.717 -1.86 -1.999 -1.638 -1.74 -1.862 -2.004 -2.144 -2.293 -1.735 -1.907 -2.079 -2.2 -2.31 -1.971 -2.113 -2.233 -2.332 -2.501 -2.522 -2.692 -2.882
27.3479 -1.449 -1.4 -1.475 -1.668 -1.81 -1.949 -1.588 -1.69 -1.813 -1.954 -2.095 -2.244 -1.685 -1.858 -2.03 -2.15 -2.261 -1.921 -2.064 -2.184 -2.283 -2.451 -2.473 -2.642 -2.833
28.0077 -1.4 -1.351 -1.425 -1.618 -1.761 -1.9 -1.539 -1.641 -1.763 -1.905 -2.046 -2.194 -1.636 -1.808 -1.98 -2.101 -2.212 -1.872 -2.015 -2.134 -2.234 -2.402 -2.423 -2.593 -2.783
28.6833 -1.35 -1.301 -1.376 -1.569 -1.711 -1.85 -1.49 -1.591 -1.714 -1.856 -1.996 -2.145 -1.586 -1.759 -1.931 -2.051 -2.162 -1.823 -1.965 -2.085 -2.184 -2.352 -2.374 -2.543 -2.734
29.3752 -1.3 -1.251 -1.326 -1.519 -1.661 -1.8 -1.44 -1.541 -1.664 -1.806 -1.946 -2.095 -1.536 -1.709 -1.881 -2.001 -2.112 -1.773 -1.915 -2.035 -2.134 -2.302 -2.324 -2.493 -2.684
30.0838 -1.25 -1.201 -1.276 -1.469 -1.611 -1.75 -1.39 -1.491 -1.614 -1.756 -1.896 -2.045 -1.486 -1.659 -1.831 -1.951 -2.062 -1.723 -1.865 -1.985 -2.084 -2.252 -2.274 -2.443 -2.634
30.8096 -1.2 -1.151 -1.226 -1.419 -1.561 -1.7 -1.34 -1.441 -1.564 -1.706 -1.846 -1.995 -1.436 -1.609 -1.781 -1.901 -2.012 -1.673 -1.815 -1.935 -2.034 -2.202 -2.224 -2.393 -2.584
31.5528 -1.15 -1.101 -1.176 -1.369 -1.511 -1.65 -1.29 -1.391 -1.514 -1.655 -1.796 -1.945 -1.386 -1.559 -1.731 -1.851 -1.962 -1.623 -1.765 -1.885 -1.984 -2.152 -2.174 -2.343 -2.534
32.3139 -1.1 -1.051 -1.126 -1.319 -1.461 -1.6 -1.24 -1.341 -1.464 -1.605 -1.746 -1.895 -1.336 -1.509 -1.681 -1.801 -1.912 -1.572 -1.715 -1.835 -1.934 -2.102 -2.124 -2.293 -2.484
33.0935 -1.05 -1.001 -1.076 -1.269 -1.411 -1.55 -1.19 -1.291 -1.414 -1.555 -1.696 -1.845 -1.286 -1.459 -1.631 -1.751 -1.862 -1.522 -1.665 -1.785 -1.884 -2.052 -2.074 -2.243 -2.434
33.8918 -1.0 -0.951 -1.026 -1.219 -1.361 -1.5 -1.14 -1.241 -1.364 -1.505 -1.646 -1.795 -1.236 -1.409 -1.581 -1.701 -1.812 -1.472 -1.615 -1.735 -1.834 -2.002 -2.024 -2.193 -2.384
34.7093 -0.95 -0.901 -0.976 -1.169 -1.311 -1.45 -1.09 -1.191 -1.314 -1.455 -1.596 -1.745 -1.186 -1.359 -1.531 -1.651 -1.762 -1.422 -1.565 -1.685 -1.784 -1.952 -1.974 -2.143 -2.334
35.5466 -0.9 -0.851 -0.926 -1.119 -1.261 -1.4 -1.04 -1.141 -1.264 -1.405 -1.546 -1.695 -1.136 -1.309 -1.481 -1.601 -1.712 -1.372 -1.515 -1.635 -1.734 -1.902 -1.924 -2.093 -2.284
36.4041 -0.852 -0.802 -0.877 -1.07 -1.213 -1.352 -0.991 -1.093 -1.215 -1.357 -1.497 -1.646 -1.088 -1.26 -1.432 -1.553 -1.663 -1.324 -1.466 -1.586 -1.685 -1.854 -1.875 -2.045 -2.235
37.2823 -0.805 -0.756 -0.83 -1.023 -1.166 -1.305 -0.944 -1.046 -1.168 -1.31 -1.451 -1.599 -1.041 -1.213 -1.385 -1.506 -1.617 -1.277 -1.42 -1.539 -1.639 -1.807 -1.828 -1.998 -2.188
38.1817 -0.758 -0.709 -0.784 -0.977 -1.119 -1.258 -0.897 -0.999 -1.121 -1.263 -1.404 -1.552 -0.994 -1.167 -1.338 -1.459 -1.57 -1.23 -1.373 -1.493 -1.592 -1.76 -1.782 -1.951 -2.141
39.1028 -0.712 -0.662 -0.737 -0.93 -1.072 -1.211 -0.851 -0.952 -1.075 -1.217 -1.357 -1.506 -0.947 -1.12 -1.292 -1.412 -1.523 -1.184 -1.326 -1.446 -1.545 -1.713 -1.735 -1.904 -2.095
