web/models/grb/onaxis/19/grb_0.0000_51.7947_0.0100000.dat
# %ECSV 1.0
# ---
# datatype:
# - {name: time, datatype: float64}
# - {name: swift_uvot_uvw2, datatype: float64}
# - {name: swift_uvot_uvm2, datatype: float64}
# - {name: swift_uvot_uvw1, datatype: float64}
# - {name: swift_uvot_U, datatype: float64}
# - {name: swift_uvot_B, datatype: float64}
# - {name: swift_uvot_V, datatype: float64}
# - {name: swift_uvot_W, datatype: float64}
# - {name: johnson_U, datatype: float64}
# - {name: johnson_B, datatype: float64}
# - {name: johnson_V, datatype: float64}
# - {name: johnson_R, datatype: float64}
# - {name: johnson_I, datatype: float64}
# - {name: sdss_u, datatype: float64}
# - {name: sdss_g, datatype: float64}
# - {name: sdss_r, datatype: float64}
# - {name: sdss_i, datatype: float64}
# - {name: sdss_z, datatype: float64}
# - {name: PS1_g, datatype: float64}
# - {name: PS1_r, datatype: float64}
# - {name: PS1_i, datatype: float64}
# - {name: PS1_z, datatype: float64}
# - {name: PS1_Y, datatype: float64}
# - {name: PS1_w, datatype: float64}
# - {name: ATLAS_c, datatype: float64}
# - {name: ATLAS_o, datatype: float64}
# - {name: ukirt_J, datatype: float64}
# - {name: ukirt_H, datatype: float64}
# - {name: ukirt_K, datatype: float64}
# - {name: Clear, datatype: float64}
# meta: !!omap
# - comment: [E = 0.022477106672309028, Eta0 = 8.02, GammaB = 12.0, dL = 0.012188, epsb = 6.760829753919819e-06, epse = 0.1, n = 0.01,
#     p = 2.15, theta_obs = 0.0, xiN = 1.0, z = 0.0, type = grb, E_kiso = 51.794746792312125]
# schema: astropy-2.0
time swift_uvot_uvw2 swift_uvot_uvm2 swift_uvot_uvw1 swift_uvot_U swift_uvot_B swift_uvot_V swift_uvot_W johnson_U johnson_B johnson_V johnson_R johnson_I sdss_u sdss_g sdss_r sdss_i sdss_z PS1_g PS1_r PS1_i PS1_z PS1_Y PS1_w ATLAS_c ATLAS_o ukirt_J ukirt_H ukirt_K Clear
[from data line 480]
931.21 7.529 7.579 7.504 7.311 7.168 7.029 7.39 7.288 7.166 7.024 6.884 6.735 7.293 7.121 6.949 6.828 6.718 7.057 6.915 6.795 6.696 6.527 6.951 7.046 6.894 6.506 6.336 6.146 6.861
953.6737 7.701 7.75 7.675 7.482 7.34 7.201 7.562 7.46 7.338 7.196 7.055 6.907 7.465 7.293 7.121 7.0 6.889 7.229 7.086 6.966 6.867 6.699 7.123 7.218 7.065 6.677 6.508 6.318 7.033
976.6793 7.873 7.922 7.847 7.654 7.512 7.373 7.733 7.632 7.509 7.367 7.227 7.078 7.637 7.464 7.292 7.172 7.061 7.4 7.258 7.138 7.039 6.871 7.295 7.39 7.237 6.849 6.68 6.489 7.204
1000.2399 8.044 8.094 8.019 7.826 7.683 7.544 7.905 7.803 7.681 7.539 7.399 7.25 7.808 7.636 7.464 7.343 7.233 7.572 7.43 7.31 7.211 7.042 7.466 7.561 7.409 7.021 6.851 6.661 7.376
1024.3688 8.216 8.265 8.19 7.997 7.855 7.716 8.077 7.975 7.853 7.711 7.57 7.422 7.98 7.808 7.636 7.515 7.404 7.744 7.601 7.481 7.382 7.214 7.638 7.733 7.58 7.192 7.023 6.833 7.548
1049.0798 8.476 8.525 8.45 8.257 8.115 7.976 8.337 8.235 8.113 7.971 7.83 7.682 8.24 8.067 7.896 7.775 7.664 8.004 7.861 7.741 7.642 7.474 7.898 7.993 7.84 7.452 7.283 7.093 7.808
1074.3869 8.811 8.86 8.785 8.592 8.45 8.311 8.672 8.57 8.447 8.306 8.165 8.017 8.575 8.402 8.23 8.11 7.999 8.339 8.196 8.076 7.977 7.809 8.233 8.328 8.175 7.787 7.618 7.428 8.143
1100.3045 9.145 9.195 9.12 8.927 8.785 8.646 9.006 8.905 8.782 8.64 8.5 8.351 8.91 8.737 8.565 8.445 8.334 8.673 8.531 8.411 8.312 8.144 8.568 8.663 8.51 8.122 7.953 7.762 8.477
1126.8473 9.48 9.53 9.455 9.262 9.12 8.98 9.341 9.24 9.117 8.975 8.835 8.686 9.245 9.072 8.9 8.779 8.669 9.008 8.866 8.746 8.647 8.479 8.902 8.998 8.845 8.457 8.288 8.097 8.812
1154.0304 9.815 9.865 9.79 9.597 9.454 9.315 9.676 9.574 9.452 9.31 9.17 9.021 9.579 9.407 9.235 9.114 9.004 9.343 9.2 9.081 8.982 8.813 9.237 9.332 9.18 8.792 8.622 8.432 9.147
1181.8693 10.15 10.199 10.125 9.932 9.789 9.65 10.011 9.909 9.787 9.645 9.504 9.356 9.914 9.742 9.57 9.449 9.338 9.678 9.535 9.415 9.316 9.148 9.572 9.667 9.514 9.126 8.957 8.767 9.482
1210.3797 10.485 10.534 10.459 10.266 10.124 9.985 10.346 10.244 10.122 9.98 9.839 9.691 10.249 10.076 9.905 9.784 9.673 10.013 9.87 9.75 9.651 9.483 9.907 10.002 9.849 9.461 9.292 9.102 9.817
1239.5778 10.82 10.869 10.794 10.601 10.459 10.32 10.68 10.579 10.456 10.315 10.174 10.025 10.584 10.411 10.239 10.119 10.008 10.348 10.205 10.085 9.986 9.818 10.242 10.337 10.184 9.796 9.627 9.436 10.151
1269.4803 11.154 11.204 11.129 10.936 10.794 10.655 11.015 10.914 10.791 10.649 10.509 10.36 10.919 10.746 10.574 10.454 10.343 10.682 10.54 10.42 10.321 10.153 10.577 10.672 10.519 10.131 9.962 9.771 10.486
1300.1042 11.489 11.539 11.464 11.271 11.128 10.989 11.35 11.248 11.126 10.984 10.844 10.695 11.254 11.081 10.909 10.788 10.678 11.017 10.875 10.755 10.656 10.488 10.911 11.007 10.854 10.466 10.296 10.106 10.821
1331.4668 11.824 11.874 11.799 11.606 11.463 11.324 11.685 11.583 11.461 11.319 11.179 11.03 11.588 11.416 11.244 11.123 11.013 11.352 11.209 11.09 10.991 10.822 11.246 11.341 11.189 10.801 10.631 10.441 11.156
1363.586 12.159 12.208 12.133 11.941 11.798 11.659 12.02 11.918 11.796 11.654 11.513 11.365 11.923 11.751 11.579 11.458 11.347 11.687 11.544 11.424 11.325 11.157 11.581 11.676 11.523 11.135 10.966 10.776 11.491
1396.48 12.494 12.543 12.468 12.275 12.133 11.994 12.355 12.253 12.131 11.989 11.848 11.7 12.258 12.085 11.914 11.793 11.682 12.022 11.879 11.759 11.66 11.492 11.916 12.011 11.858 11.47 11.301 11.111 11.826
1430.1675 12.829 12.878 12.803 12.61 12.468 12.329 12.689 12.588 12.465 12.323 12.183 12.034 12.593 12.42 12.248 12.128 12.017 12.356 12.214 12.094 11.995 11.827 12.251 12.346 12.193 11.805 11.636 11.445 12.16
1464.6676 13.163 13.213 13.138 12.945 12.803 12.663 13.024 12.923 12.8 12.658 12.518 12.369 12.928 12.755 12.583 12.463 12.352 12.691 12.549 12.429 12.33 12.162 12.585 12.681 12.528 12.14 11.971 11.78 12.495
1500.0 13.498 13.548 13.473 13.28 13.137 12.998 13.359 13.257 13.135 12.993 12.853 12.704 13.262 13.09 12.918 12.797 12.687 13.026 12.884 12.764 12.665 12.496 12.92 13.016 12.863 12.475 12.305 12.115 12.83
