web/models/grb/onaxis/19/grb_0.0000_0.7197_6.3095734.dat
# %ECSV 1.0
# ---
# datatype:
# - {name: time, datatype: float64}
# - {name: swift_uvot_uvw2, datatype: float64}
# - {name: swift_uvot_uvm2, datatype: float64}
# - {name: swift_uvot_uvw1, datatype: float64}
# - {name: swift_uvot_U, datatype: float64}
# - {name: swift_uvot_B, datatype: float64}
# - {name: swift_uvot_V, datatype: float64}
# - {name: swift_uvot_W, datatype: float64}
# - {name: johnson_U, datatype: float64}
# - {name: johnson_B, datatype: float64}
# - {name: johnson_V, datatype: float64}
# - {name: johnson_R, datatype: float64}
# - {name: johnson_I, datatype: float64}
# - {name: sdss_u, datatype: float64}
# - {name: sdss_g, datatype: float64}
# - {name: sdss_r, datatype: float64}
# - {name: sdss_i, datatype: float64}
# - {name: sdss_z, datatype: float64}
# - {name: PS1_g, datatype: float64}
# - {name: PS1_r, datatype: float64}
# - {name: PS1_i, datatype: float64}
# - {name: PS1_z, datatype: float64}
# - {name: PS1_Y, datatype: float64}
# - {name: PS1_w, datatype: float64}
# - {name: ATLAS_c, datatype: float64}
# - {name: ATLAS_o, datatype: float64}
# - {name: ukirt_J, datatype: float64}
# - {name: ukirt_H, datatype: float64}
# - {name: ukirt_K, datatype: float64}
# - {name: Clear, datatype: float64}
# meta: !!omap
# - comment: [E = 0.0003123183844771778, Eta0 = 8.02, GammaB = 12.0, dL = 0.012188, epsb = 6.760829753919819e-06, epse = 0.1, n = 6.30957344480193,
#     p = 2.15, theta_obs = 0.0, xiN = 1.0, z = 0.0, type = grb, E_kiso = 0.7196856730011522]
# schema: astropy-2.0
time swift_uvot_uvw2 swift_uvot_uvm2 swift_uvot_uvw1 swift_uvot_U swift_uvot_B swift_uvot_V swift_uvot_W johnson_U johnson_B johnson_V johnson_R johnson_I sdss_u sdss_g sdss_r sdss_i sdss_z PS1_g PS1_r PS1_i PS1_z PS1_Y PS1_w ATLAS_c ATLAS_o ukirt_J ukirt_H ukirt_K Clear
[from data line 234]
2.6449 1.436 1.485 1.41 1.217 1.075 0.936 1.297 1.195 1.072 0.931 0.79 0.642 1.2 1.027 0.855 0.735 0.624 0.964 0.821 0.701 0.602 0.434 0.858 0.953 0.8 0.412 0.243 0.053 0.768
2.7087 1.478 1.527 1.452 1.259 1.117 0.978 1.339 1.237 1.114 0.973 0.832 0.684 1.242 1.069 0.897 0.777 0.666 1.006 0.863 0.743 0.644 0.476 0.9 0.995 0.842 0.454 0.285 0.094 0.809
2.7741 1.519 1.569 1.494 1.301 1.158 1.019 1.38 1.279 1.156 1.014 0.874 0.725 1.284 1.111 0.939 0.818 0.708 1.047 0.905 0.785 0.686 0.518 0.941 1.037 0.884 0.496 0.326 0.136 0.851
2.841 1.556 1.606 1.531 1.338 1.196 1.056 1.417 1.316 1.193 1.051 0.911 0.762 1.321 1.148 0.976 0.855 0.745 1.084 0.942 0.822 0.723 0.555 0.978 1.074 0.921 0.533 0.364 0.173 0.888
2.9095 1.593 1.643 1.568 1.375 1.233 1.094 1.454 1.353 1.23 1.088 0.948 0.799 1.358 1.185 1.013 0.893 0.782 1.121 0.979 0.859 0.76 0.592 1.016 1.111 0.958 0.57 0.401 0.21 0.925
2.9797 1.63 1.68 1.605 1.412 1.27 1.131 1.491 1.39 1.267 1.125 0.985 0.836 1.395 1.222 1.05 0.93 0.819 1.158 1.016 0.896 0.797 0.629 1.053 1.148 0.995 0.607 0.438 0.247 0.962
3.0516 1.668 1.717 1.642 1.449 1.307 1.168 1.529 1.427 1.304 1.163 1.022 0.873 1.432 1.259 1.087 0.967 0.856 1.196 1.053 0.933 0.834 0.666 1.09 1.185 1.032 0.644 0.475 0.284 0.999
3.1252 1.705 1.754 1.679 1.486 1.344 1.205 1.566 1.464 1.341 1.2 1.059 0.911 1.469 1.296 1.125 1.004 0.893 1.233 1.09 0.97 0.871 0.703 1.127 1.222 1.069 0.681 0.512 0.322 1.037
3.2006 1.742 1.791 1.716 1.523 1.381 1.242 1.603 1.501 1.379 1.237 1.096 0.948 1.506 1.333 1.162 1.041 0.93 1.27 1.127 1.007 0.908 0.74 1.164 1.259 1.106 0.718 0.549 0.359 1.074
3.2778 1.779 1.828 1.753 1.56 1.418 1.279 1.64 1.538 1.416 1.274 1.133 0.985 1.543 1.371 1.199 1.078 0.967 1.307 1.164 1.044 0.945 0.777 1.201 1.296 1.143 0.755 0.586 0.396 1.111
3.3569 1.816 1.865 1.791 1.598 1.455 1.316 1.677 1.575 1.453 1.311 1.17 1.022 1.58 1.408 1.236 1.115 1.004 1.344 1.201 1.081 0.982 0.814 1.238 1.333 1.18 0.792 0.623 0.433 1.148
3.4378 1.853 1.902 1.828 1.635 1.492 1.353 1.714 1.612 1.49 1.348 1.207 1.059 1.617 1.445 1.273 1.152 1.042 1.381 1.238 1.119 1.02 0.851 1.275 1.37 1.218 0.83 0.66 0.47 1.185
3.5208 1.89 1.939 1.864 1.671 1.529 1.39 1.751 1.649 1.527 1.385 1.244 1.096 1.654 1.482 1.31 1.189 1.078 1.418 1.275 1.155 1.056 0.888 1.312 1.407 1.254 0.866 0.697 0.507 1.222
3.6057 1.926 1.975 1.9 1.707 1.565 1.426 1.787 1.685 1.563 1.421 1.28 1.132 1.69 1.517 1.346 1.225 1.114 1.454 1.311 1.191 1.092 0.924 1.348 1.443 1.29 0.902 0.733 0.543 1.258
3.6927 1.962 2.011 1.936 1.743 1.601 1.462 1.823 1.721 1.599 1.457 1.316 1.168 1.726 1.553 1.382 1.261 1.15 1.49 1.347 1.227 1.128 0.96 1.384 1.479 1.326 0.938 0.769 0.579 1.294
3.7818 1.998 2.047 1.972 1.779 1.637 1.498 1.859 1.757 1.634 1.493 1.352 1.204 1.762 1.589 1.417 1.297 1.186 1.526 1.383 1.263 1.164 0.996 1.42 1.515 1.362 0.974 0.805 0.614 1.329
3.873 2.034 2.083 2.008 1.815 1.673 1.534 1.894 1.793 1.67 1.528 1.388 1.239 1.798 1.625 1.453 1.333 1.222 1.561 1.419 1.299 1.2 1.032 1.456 1.551 1.398 1.01 0.841 0.65 1.365
3.9664 2.069 2.119 2.044 1.851 1.709 1.57 1.93 1.829 1.706 1.564 1.424 1.275 1.834 1.661 1.489 1.369 1.258 1.597 1.455 1.335 1.236 1.068 1.492 1.587 1.434 1.046 0.877 0.686 1.401
4.0621 2.105 2.155 2.08 1.887 1.745 1.605 1.966 1.865 1.742 1.6 1.46 1.311 1.87 1.697 1.525 1.405 1.294 1.633 1.491 1.371 1.272 1.104 1.527 1.623 1.47 1.082 0.913 0.722 1.437
4.1601 2.141 2.191 2.116 1.923 1.781 1.641 2.002 1.901 1.778 1.636 1.496 1.347 1.906 1.733 1.561 1.44 1.33 1.669 1.527 1.407 1.308 1.14 1.563 1.659 1.506 1.118 0.949 0.758 1.473
4.2604 2.177 2.227 2.152 1.959 1.816 1.677 2.038 1.936 1.814 1.672 1.532 1.383 1.942 1.769 1.597 1.476 1.366 1.705 1.563 1.443 1.344 1.175 1.599 1.695 1.542 1.154 0.984 0.794 1.509
4.3632 2.213 2.263 2.188 1.995 1.852 1.713 2.074 1.972 1.85 1.708 1.568 1.419 1.977 1.805 1.633 1.512 1.402 1.741 1.599 1.479 1.38 1.211 1.635 1.73 1.578 1.19 1.02 0.83 1.545
4.4685 2.249 2.299 2.224 2.031 1.889 1.749 2.11 2.009 1.886 1.744 1.604 1.455 2.014 1.841 1.669 1.548 1.438 1.777 1.635 1.515 1.416 1.248 1.671 1.767 1.614 1.226 1.057 0.866 1.581
4.5763 2.286 2.335 2.26 2.068 1.925 1.786 2.147 2.045 1.923 1.781 1.64 1.492 2.05 1.878 1.706 1.585 1.474 1.814 1.671 1.551 1.452 1.284 1.708 1.803 1.65 1.262 1.093 0.903 1.618
4.6867 2.322 2.372 2.297 2.104 1.962 1.823 2.183 2.082 1.959 1.817 1.677 1.528 2.087 1.914 1.742 1.622 1.511 1.85 1.708 1.588 1.489 1.321 1.745 1.84 1.687 1.299 1.13 0.939 1.654
4.7997 2.359 2.409 2.334 2.141 1.998 1.859 2.22 2.118 1.996 1.854 1.714 1.565 2.123 1.951 1.779 1.658 1.548 1.887 1.744 1.625 1.526 1.357 1.781 1.876 1.724 1.336 1.166 0.976 1.691
4.9155 2.396 2.445 2.37 2.177 2.035 1.896 2.257 2.155 2.032 1.891 1.75 1.602 2.16 1.987 1.815 1.695 1.584 1.924 1.781 1.661 1.562 1.394 1.818 1.913 1.76 1.372 1.203 1.013 1.728
5.0341 2.432 2.482 2.407 2.214 2.071 1.932 2.293 2.191 2.069 1.927 1.787 1.638 2.197 2.024 1.852 1.731 1.621 1.96 1.818 1.698 1.599 1.43 1.854 1.95 1.797 1.409 1.239 1.049 1.764
5.1555 2.469 2.518 2.443 2.25 2.108 1.969 2.33 2.228 2.106 1.964 1.823 1.675 2.233 2.061 1.889 1.768 1.657 1.997 1.854 1.734 1.635 1.467 1.891 1.986 1.833 1.445 1.276 1.086 1.801
5.2799 2.505 2.555 2.48 2.287 2.145 2.005 2.366 2.265 2.142 2.0 1.86 1.711 2.27 2.097 1.925 1.805 1.694 2.033 1.891 1.771 1.672 1.504 1.928 2.023 1.87 1.482 1.313 1.122 1.837
5.4072 2.542 2.591 2.517 2.324 2.181 2.042 2.403 2.301 2.179 2.037 1.896 1.748 2.306 2.134 1.962 1.841 1.73 2.07 1.927 1.808 1.709 1.54 1.964 2.059 1.906 1.519 1.349 1.159 1.874
5.5377 2.579 2.628 2.553 2.36 2.218 2.079 2.439 2.338 2.215 2.074 1.933 1.784 2.343 2.17 1.998 1.878 1.767 2.106 1.964 1.844 1.745 1.577 2.001 2.096 1.943 1.555 1.386 1.195 1.91
5.6713 2.614 2.663 2.588 2.396 2.253 2.114 2.475 2.373 2.251 2.109 1.968 1.82 2.378 2.206 2.034 1.913 1.802 2.142 1.999 1.879 1.78 1.612 2.036 2.131 1.978 1.59 1.421 1.231 1.946
5.8081 2.648 2.697 2.622 2.43 2.287 2.148 2.509 2.407 2.285 2.143 2.002 1.854 2.412 2.24 2.068 1.947 1.836 2.176 2.033 1.913 1.814 1.646 2.07 2.165 2.012 1.624 1.455 1.265 1.98
5.9482 2.682 2.731 2.656 2.464 2.321 2.182 2.543 2.441 2.319 2.177 2.036 1.888 2.446 2.274 2.102 1.981 1.87 2.21 2.067 1.947 1.848 1.68 2.104 2.199 2.046 1.658 1.489 1.299 2.014
6.0917 2.716 2.765 2.691 2.498 2.355 2.216 2.577 2.475 2.353 2.211 2.07 1.922 2.48 2.308 2.136 2.015 1.904 2.244 2.101 1.981 1.882 1.714 2.138 2.233 2.08 1.692 1.523 1.333 2.048
6.2386 2.75 2.799 2.725 2.532 2.389 2.25 2.611 2.509 2.387 2.245 2.104 1.956 2.514 2.342 2.17 2.049 1.938 2.278 2.135 2.015 1.916 1.748 2.172 2.267 2.114 1.726 1.557 1.367 2.082
6.3891 2.784 2.833 2.759 2.566 2.423 2.284 2.645 2.543 2.421 2.279 2.138 1.99 2.548 2.376 2.204 2.083 1.972 2.312 2.169 2.05 1.95 1.782 2.206 2.301 2.148 1.761 1.591 1.401 2.116
6.5433 2.818 2.867 2.793 2.6 2.457 2.318 2.679 2.577 2.455 2.313 2.172 2.024 2.582 2.41 2.238 2.117 2.006 2.346 2.203 2.084 1.985 1.816 2.24 2.335 2.182 1.795 1.625 1.435 2.15
6.7011 2.852 2.901 2.827 2.634 2.491 2.352 2.713 2.611 2.489 2.347 2.206 2.058 2.616 2.444 2.272 2.151 2.041 2.38 2.237 2.118 2.019 1.85 2.274 2.369 2.217 1.829 1.659 1.469 2.184
6.8627 2.886 2.935 2.861 2.668 2.525 2.386 2.747 2.645 2.523 2.381 2.24 2.092 2.65 2.478 2.306 2.185 2.075 2.414 2.271 2.152 2.053 1.884 2.308 2.403 2.251 1.863 1.693 1.503 2.218
7.0283 2.92 2.969 2.895 2.702 2.559 2.42 2.781 2.679 2.557 2.415 2.275 2.126 2.684 2.512 2.34 2.219 2.109 2.448 2.305 2.186 2.087 1.918 2.342 2.437 2.285 1.897 1.727 1.537 2.252
7.1978 2.952 3.002 2.927 2.734 2.591 2.452 2.813 2.711 2.589 2.447 2.307 2.158 2.716 2.544 2.372 2.251 2.141 2.48 2.337 2.218 2.119 1.95 2.374 2.469 2.317 1.929 1.759 1.569 2.284
7.3715 2.983 3.032 2.958 2.765 2.622 2.483 2.844 2.742 2.62 2.478 2.337 2.189 2.747 2.575 2.403 2.282 2.171 2.511 2.368 2.249 2.15 1.981 2.405 2.5 2.347 1.96 1.79 1.6 2.315
7.5493 3.014 3.063 2.988 2.796 2.653 2.514 2.875 2.773 2.651 2.509 2.368 2.22 2.778 2.606 2.434 2.313 2.202 2.542 2.399 2.279 2.18 2.012 2.436 2.531 2.378 1.99 1.821 1.631 2.346
7.7314 3.045 3.094 3.019 2.826 2.684 2.545 2.906 2.804 2.682 2.54 2.399 2.251 2.809 2.637 2.465 2.344 2.233 2.573 2.43 2.31 2.211 2.043 2.467 2.562 2.409 2.021 1.852 1.662 2.377
7.9179 3.076 3.125 3.05 2.857 2.715 2.576 2.937 2.835 2.713 2.571 2.43 2.282 2.84 2.667 2.496 2.375 2.264 2.604 2.461 2.341 2.242 2.074 2.498 2.593 2.44 2.052 1.883 1.693 2.408
8.1089 3.107 3.156 3.081 2.888 2.746 2.607 2.968 2.866 2.743 2.602 2.461 2.313 2.871 2.698 2.526 2.406 2.295 2.635 2.492 2.372 2.273 2.105 2.529 2.624 2.471 2.083 1.914 1.724 2.439
8.3045 3.138 3.187 3.112 2.919 2.777 2.638 2.998 2.897 2.774 2.632 2.492 2.343 2.902 2.729 2.557 2.437 2.326 2.665 2.523 2.403 2.304 2.136 2.56 2.655 2.502 2.114 1.945 1.754 2.469
8.5049 3.168 3.218 3.143 2.95 2.808 2.669 3.029 2.928 2.805 2.663 2.523 2.374 2.933 2.76 2.588 2.468 2.357 2.696 2.554 2.434 2.335 2.167 2.591 2.686 2.533 2.145 1.976 1.785 2.5
8.71 3.199 3.249 3.174 2.981 2.839 2.699 3.06 2.959 2.836 2.694 2.554 2.405 2.964 2.791 2.619 2.499 2.388 2.727 2.585 2.465 2.366 2.198 2.621 2.717 2.564 2.176 2.007 1.816 2.531
8.9201 3.23 3.28 3.205 3.012 2.87 2.73 3.091 2.99 2.867 2.725 2.585 2.436 2.995 2.822 2.65 2.529 2.419 2.758 2.616 2.496 2.397 2.229 2.652 2.748 2.595 2.207 2.038 1.847 2.562
9.1353 3.261 3.311 3.236 3.043 2.901 2.761 3.122 3.021 2.898 2.756 2.616 2.467 3.026 2.853 2.681 2.56 2.45 2.789 2.647 2.527 2.428 2.26 2.683 2.779 2.626 2.238 2.069 1.878 2.593
9.3557 3.292 3.342 3.267 3.074 2.932 2.793 3.153 3.052 2.929 2.787 2.647 2.498 3.057 2.884 2.712 2.592 2.481 2.82 2.678 2.558 2.459 2.291 2.715 2.81 2.657 2.269 2.1 1.909 2.624
9.5814 3.324 3.373 3.298 3.105 2.963 2.824 3.184 3.083 2.96 2.818 2.678 2.529 3.088 2.915 2.743 2.623 2.512 2.851 2.709 2.589 2.49 2.322 2.746 2.841 2.688 2.3 2.131 1.94 2.655
9.8125 3.355 3.404 3.329 3.136 2.994 2.855 3.216 3.114 2.991 2.85 2.709 2.561 3.119 2.946 2.774 2.654 2.543 2.883 2.74 2.62 2.521 2.353 2.777 2.872 2.719 2.331 2.162 1.971 2.686
10.0492 3.386 3.435 3.36 3.167 3.025 2.886 3.247 3.145 3.023 2.881 2.74 2.592 3.15 2.977 2.806 2.685 2.574 2.914 2.771 2.651 2.552 2.384 2.808 2.903 2.75 2.362 2.193 2.003 2.718
10.2917 3.417 3.466 3.391 3.198 3.056 2.917 3.278 3.176 3.054 2.912 2.771 2.623 3.181 3.008 2.837 2.716 2.605 2.945 2.802 2.682 2.583 2.415 2.839 2.934 2.781 2.393 2.224 2.034 2.749
10.5399 3.448 3.497 3.422 3.23 3.087 2.948 3.309 3.207 3.085 2.943 2.802 2.654 3.212 3.04 2.868 2.747 2.636 2.976 2.833 2.713 2.614 2.446 2.87 2.965 2.812 2.424 2.255 2.065 2.78
10.7942 3.479 3.528 3.454 3.261 3.118 2.979 3.34 3.238 3.116 2.974 2.833 2.685 3.243 3.071 2.899 2.778 2.667 3.007 2.864 2.745 2.645 2.477 2.901 2.996 2.843 2.456 2.286 2.096 2.811
11.0546 3.51 3.559 3.485 3.292 3.149 3.01 3.371 3.269 3.147 3.005 2.865 2.716 3.274 3.102 2.93 2.809 2.699 3.038 2.895 2.776 2.677 2.508 2.932 3.027 2.875 2.487 2.317 2.127 2.842
11.3212 3.541 3.591 3.516 3.323 3.18 3.041 3.402 3.3 3.178 3.036 2.896 2.747 3.305 3.133 2.961 2.84 2.73 3.069 2.927 2.807 2.708 2.539 2.963 3.058 2.906 2.518 2.348 2.158 2.873
11.5943 3.585 3.635 3.56 3.367 3.224 3.085 3.446 3.344 3.222 3.08 2.94 2.791 3.35 3.177 3.005 2.884 2.774 3.113 2.971 2.851 2.752 2.584 3.007 3.103 2.95 2.562 2.392 2.202 2.917
11.874 3.63 3.68 3.605 3.412 3.27 3.13 3.491 3.39 3.267 3.125 2.985 2.836 3.395 3.222 3.05 2.93 2.819 3.158 3.016 2.896 2.797 2.629 3.053 3.148 2.995 2.607 2.438 2.247 2.962
12.1605 3.676 3.725 3.65 3.457 3.315 3.176 3.536 3.435 3.312 3.17 3.03 2.881 3.44 3.267 3.095 2.975 2.864 3.203 3.061 2.941 2.842 2.674 3.098 3.193 3.04 2.652 2.483 2.292 3.007
12.4538 3.721 3.77 3.695 3.502 3.36 3.221 3.582 3.48 3.358 3.216 3.075 2.927 3.485 3.312 3.141 3.02 2.909 3.249 3.106 2.986 2.887 2.719 3.143 3.238 3.085 2.697 2.528 2.338 3.053
12.7542 3.766 3.815 3.74 3.547 3.405 3.266 3.627 3.525 3.403 3.261 3.12 2.972 3.53 3.358 3.186 3.065 2.954 3.294 3.151 3.031 2.932 2.764 3.188 3.283 3.13 2.742 2.573 2.383 3.098
13.0619 3.811 3.86 3.786 3.593 3.45 3.311 3.672 3.57 3.448 3.306 3.165 3.017 3.575 3.403 3.231 3.11 2.999 3.339 3.196 3.077 2.978 2.809 3.233 3.328 3.175 2.788 2.618 2.428 3.143
13.377 3.856 3.906 3.831 3.638 3.495 3.356 3.717 3.615 3.493 3.351 3.211 3.062 3.62 3.448 3.276 3.155 3.045 3.384 3.242 3.122 3.023 2.854 3.278 3.373 3.221 2.833 2.663 2.473 3.188
13.6997 3.901 3.951 3.876 3.683 3.54 3.401 3.762 3.661 3.538 3.396 3.256 3.107 3.666 3.493 3.321 3.2 3.09 3.429 3.287 3.167 3.068 2.9 3.323 3.419 3.266 2.878 2.708 2.518 3.233
14.0302 3.946 3.996 3.921 3.728 3.586 3.447 3.807 3.706 3.583 3.441 3.301 3.152 3.711 3.538 3.366 3.246 3.135 3.474 3.332 3.212 3.113 2.945 3.369 3.464 3.311 2.923 2.754 2.563 3.278
14.3686 3.993 4.043 3.968 3.775 3.633 3.493 3.854 3.753 3.63 3.488 3.348 3.199 3.758 3.585 3.413 3.293 3.182 3.521 3.379 3.259 3.16 2.992 3.415 3.511 3.358 2.97 2.801 2.61 3.325
14.7153 4.065 4.114 4.039 3.846 3.704 3.565 3.926 3.824 3.702 3.56 3.419 3.271 3.829 3.656 3.485 3.364 3.253 3.593 3.45 3.33 3.231 3.063 3.487 3.582 3.429 3.041 2.872 2.682 3.397
15.0702 4.136 4.186 4.111 3.918 3.775 3.636 3.997 3.895 3.773 3.631 3.491 3.342 3.9 3.728 3.556 3.435 3.325 3.664 3.522 3.402 3.303 3.134 3.558 3.653 3.501 3.113 2.943 2.753 3.468
15.4338 4.208 4.257 4.182 3.989 3.847 3.708 4.068 3.967 3.844 3.702 3.562 3.413 3.972 3.799 3.627 3.507 3.396 3.735 3.593 3.473 3.374 3.206 3.63 3.725 3.572 3.184 3.015 2.824 3.539
15.8061 4.279 4.328 4.254 4.061 3.918 3.779 4.14 4.038 3.916 3.774 3.633 3.485 4.043 3.871 3.699 3.578 3.467 3.807 3.664 3.544 3.445 3.277 3.701 3.796 3.643 3.255 3.086 2.896 3.611
16.1874 4.35 4.4 4.325 4.132 3.99 3.85 4.211 4.11 3.987 3.845 3.705 3.556 4.115 3.942 3.77 3.649 3.539 3.878 3.736 3.616 3.517 3.349 3.772 3.868 3.715 3.327 3.158 2.967 3.682
16.5779 4.422 4.471 4.396 4.203 4.061 3.922 4.283 4.181 4.059 3.917 3.776 3.628 4.186 4.013 3.842 3.721 3.61 3.95 3.807 3.687 3.588 3.42 3.844 3.939 3.786 3.398 3.229 3.039 3.754
16.9778 4.493 4.543 4.468 4.275 4.132 3.993 4.354 4.252 4.13 3.988 3.848 3.699 4.257 4.085 3.913 3.792 3.682 4.021 3.878 3.759 3.66 3.491 3.915 4.01 3.858 3.47 3.3 3.11 3.825
17.3873 4.564 4.614 4.539 4.346 4.204 4.065 4.425 4.324 4.201 4.059 3.919 3.77 4.329 4.156 3.984 3.864 3.753 4.092 3.95 3.83 3.731 3.563 3.987 4.082 3.929 3.541 3.372 3.181 3.896
17.8068 4.636 4.685 4.61 4.418 4.275 4.136 4.497 4.395 4.273 4.131 3.99 3.842 4.4 4.228 4.056 3.935 3.824 4.164 4.021 3.901 3.802 3.634 4.058 4.153 4.0 3.612 3.443 3.253 3.968
18.2363 4.715 4.764 4.689 4.496 4.354 4.215 4.575 4.474 4.351 4.209 4.069 3.92 4.479 4.306 4.134 4.014 3.903 4.242 4.1 3.98 3.881 3.713 4.137 4.232 4.079 3.691 3.522 3.331 4.046
18.6762 4.82 4.87 4.795 4.602 4.459 4.32 4.681 4.579 4.457 4.315 4.175 4.026 4.584 4.412 4.24 4.119 4.009 4.348 4.205 4.086 3.987 3.818 4.242 4.337 4.185 3.797 3.627 3.437 4.152
19.1268 4.926 4.975 4.9 4.707 4.565 4.426 4.787 4.685 4.563 4.421 4.28 4.132 4.69 4.517 4.346 4.225 4.114 4.454 4.311 4.191 4.092 3.924 4.348 4.443 4.29 3.902 3.733 3.543 4.258
19.5882 5.031 5.081 5.006 4.813 4.67 4.531 4.892 4.791 4.668 4.526 4.386 4.237 4.796 4.623 4.451 4.33 4.22 4.559 4.417 4.297 4.198 4.03 4.453 4.549 4.396 4.008 3.839 3.648 4.363
20.0607 5.137 5.186 5.111 4.918 4.776 4.637 4.998 4.896 4.774 4.632 4.491 4.343 4.901 4.729 4.557 4.436 4.325 4.665 4.522 4.402 4.303 4.135 4.559 4.654 4.501 4.113 3.944 3.754 4.469
20.5446 5.242 5.292 5.217 5.024 4.882 4.743 5.103 5.002 4.879 4.737 4.597 4.448 5.007 4.834 4.662 4.542 4.431 4.77 4.628 4.508 4.409 4.241 4.665 4.76 4.607 4.219 4.05 3.859 4.574
21.0402 5.348 5.397 5.323 5.13 4.987 4.848 5.209 5.107 4.985 4.843 4.703 4.554 5.112 4.94 4.768 4.647 4.537 4.876 4.733 4.614 4.515 4.346 4.77 4.865 4.713 4.325 4.155 3.965 4.68
21.5478 5.454 5.503 5.428 5.235 5.093 4.954 5.315 5.213 5.09 4.949 4.808 4.66 5.218 5.045 4.873 4.753 4.642 4.982 4.839 4.719 4.62 4.452 4.876 4.971 4.818 4.43 4.261 4.071 4.785
