web/models/grb/onaxis/19/grb_0.0000_0.0518_0.0000398.dat
# %ECSV 1.0
# ---
# datatype:
# - {name: time, datatype: float64}
# - {name: swift_uvot_uvw2, datatype: float64}
# - {name: swift_uvot_uvm2, datatype: float64}
# - {name: swift_uvot_uvw1, datatype: float64}
# - {name: swift_uvot_U, datatype: float64}
# - {name: swift_uvot_B, datatype: float64}
# - {name: swift_uvot_V, datatype: float64}
# - {name: swift_uvot_W, datatype: float64}
# - {name: johnson_U, datatype: float64}
# - {name: johnson_B, datatype: float64}
# - {name: johnson_V, datatype: float64}
# - {name: johnson_R, datatype: float64}
# - {name: johnson_I, datatype: float64}
# - {name: sdss_u, datatype: float64}
# - {name: sdss_g, datatype: float64}
# - {name: sdss_r, datatype: float64}
# - {name: sdss_i, datatype: float64}
# - {name: sdss_z, datatype: float64}
# - {name: PS1_g, datatype: float64}
# - {name: PS1_r, datatype: float64}
# - {name: PS1_i, datatype: float64}
# - {name: PS1_z, datatype: float64}
# - {name: PS1_Y, datatype: float64}
# - {name: ukirt_J, datatype: float64}
# - {name: ukirt_H, datatype: float64}
# - {name: ukirt_K, datatype: float64}
# meta: !!omap
# - comment: [E = 2.247710667230903e-05, Eta0 = 8.02, GammaB = 12.0, dL = 0.012188, epsb = 6.760829753919819e-06, epse = 0.1, n = 3.9810717055349695e-05,
#     p = 2.15, theta_obs = 0.0, xiN = 1.0, z = 0.0, type = grb, E_kiso = 0.05179474679231213]
# schema: astropy-2.0
time swift_uvot_uvw2 swift_uvot_uvm2 swift_uvot_uvw1 swift_uvot_U swift_uvot_B swift_uvot_V swift_uvot_W johnson_U johnson_B johnson_V johnson_R johnson_I sdss_u sdss_g sdss_r sdss_i sdss_z PS1_g PS1_r PS1_i PS1_z PS1_Y ukirt_J ukirt_H ukirt_K
[from data line 396]
125.7373 15.686 15.736 15.661 15.468 15.326 15.187 15.547 15.446 15.323 15.181 15.041 14.892 15.451 15.278 15.106 14.986 14.875 15.214 15.072 14.952 14.853 14.685 14.663 14.494 14.303
128.7705 15.721 15.77 15.695 15.502 15.36 15.221 15.582 15.48 15.358 15.216 15.075 14.927 15.485 15.313 15.141 15.02 14.909 15.249 15.106 14.986 14.887 14.719 14.697 14.528 14.338
131.8769 15.755 15.804 15.729 15.537 15.394 15.255 15.616 15.514 15.392 15.25 15.109 14.961 15.519 15.347 15.175 15.054 14.943 15.283 15.14 15.02 14.921 14.753 14.731 14.562 14.372
135.0582 15.789 15.838 15.763 15.571 15.428 15.289 15.65 15.548 15.426 15.284 15.143 14.995 15.553 15.381 15.209 15.088 14.977 15.317 15.174 15.054 14.955 14.787 14.765 14.596 14.406
138.3162 15.823 15.872 15.797 15.605 15.462 15.323 15.684 15.582 15.46 15.318 15.177 15.029 15.587 15.415 15.243 15.122 15.011 15.351 15.208 15.088 14.989 14.821 14.799 14.63 14.44
141.6528 15.857 15.906 15.832 15.639 15.496 15.357 15.718 15.616 15.494 15.352 15.211 15.063 15.621 15.449 15.277 15.156 15.045 15.385 15.242 15.122 15.023 14.855 14.833 14.664 14.474
145.0699 15.891 15.94 15.866 15.673 15.53 15.391 15.752 15.65 15.528 15.386 15.245 15.097 15.655 15.483 15.311 15.19 15.079 15.419 15.276 15.156 15.057 14.889 14.867 14.698 14.508
148.5695 15.925 15.974 15.9 15.707 15.564 15.425 15.786 15.684 15.562 15.42 15.279 15.131 15.689 15.517 15.345 15.224 15.113 15.453 15.31 15.191 15.091 14.923 14.902 14.732 14.542
152.1534 15.959 16.008 15.934 15.741 15.598 15.459 15.82 15.718 15.596 15.454 15.313 15.165 15.723 15.551 15.379 15.258 15.147 15.487 15.344 15.225 15.126 14.957 14.936 14.766 14.576
155.8238 15.993 16.042 15.968 15.775 15.632 15.493 15.854 15.752 15.63 15.488 15.347 15.199 15.757 15.585 15.413 15.292 15.182 15.521 15.378 15.259 15.16 14.991 14.97 14.8 14.61
159.5828 16.027 16.076 16.002 15.809 15.666 15.527 15.888 15.786 15.664 15.522 15.381 15.233 15.791 15.619 15.447 15.326 15.216 15.555 15.412 15.293 15.194 15.025 15.004 14.834 14.644
163.4324 16.058 16.107 16.033 15.84 15.697 15.558 15.919 15.817 15.695 15.553 15.412 15.264 15.822 15.65 15.478 15.357 15.246 15.586 15.443 15.323 15.224 15.056 15.034 14.865 14.675
167.375 16.089 16.138 16.063 15.87 15.728 15.589 15.95 15.848 15.726 15.584 15.443 15.295 15.853 15.681 15.509 15.388 15.277 15.617 15.474 15.354 15.255 15.087 15.065 14.896 14.706
171.4126 16.12 16.169 16.094 15.901 15.759 15.62 15.981 15.879 15.757 15.615 15.474 15.326 15.884 15.711 15.54 15.419 15.308 15.648 15.505 15.385 15.286 15.118 15.096 14.927 14.737
175.5476 16.151 16.2 16.125 15.932 15.79 15.651 16.012 15.91 15.787 15.646 15.505 15.357 15.915 15.742 15.571 15.45 15.339 15.679 15.536 15.416 15.317 15.149 15.127 14.958 14.768
179.7823 16.182 16.231 16.156 15.963 15.821 15.682 16.042 15.941 15.818 15.677 15.536 15.387 15.946 15.773 15.601 15.481 15.37 15.71 15.567 15.447 15.348 15.18 15.158 14.989 14.798
184.1193 16.212 16.262 16.187 15.994 15.852 15.713 16.073 15.972 15.849 15.707 15.567 15.418 15.977 15.804 15.632 15.512 15.401 15.74 15.598 15.478 15.379 15.211 15.189 15.02 14.829
188.5608 16.243 16.293 16.218 16.025 15.883 15.744 16.104 16.003 15.88 15.738 15.598 15.449 16.008 15.835 15.663 15.543 15.432 15.771 15.629 15.509 15.41 15.242 15.22 15.051 14.86
193.1095 16.274 16.324 16.249 16.056 15.914 15.774 16.135 16.034 15.911 15.769 15.629 15.48 16.039 15.866 15.694 15.573 15.463 15.802 15.66 15.54 15.441 15.273 15.251 15.082 14.891
197.7679 16.305 16.355 16.28 16.087 15.944 15.805 16.166 16.064 15.942 15.8 15.66 15.511 16.07 15.897 15.725 15.604 15.494 15.833 15.691 15.571 15.472 15.303 15.282 15.112 14.922
202.5387 16.336 16.386 16.311 16.118 15.975 15.836 16.197 16.095 15.973 15.831 15.691 15.542 16.1 15.928 15.756 15.635 15.525 15.864 15.722 15.602 15.503 15.334 15.313 15.143 14.953
207.4245 16.367 16.417 16.342 16.149 16.006 15.867 16.228 16.127 16.004 15.862 15.722 15.573 16.132 15.959 15.787 15.666 15.556 15.895 15.753 15.633 15.534 15.366 15.344 15.174 14.984
212.4283 16.398 16.448 16.373 16.18 16.038 15.898 16.259 16.158 16.035 15.893 15.753 15.604 16.163 15.99 15.818 15.697 15.587 15.926 15.784 15.664 15.565 15.397 15.375 15.206 15.015
217.5527 16.429 16.479 16.404 16.211 16.069 15.93 16.29 16.189 16.066 15.924 15.784 15.635 16.194 16.021 15.849 15.729 15.618 15.957 15.815 15.695 15.596 15.428 15.406 15.237 15.046
222.8008 16.461 16.51 16.435 16.242 16.1 15.961 16.321 16.22 16.097 15.955 15.815 15.666 16.225 16.052 15.88 15.76 15.649 15.988 15.846 15.726 15.627 15.459 15.437 15.268 15.077
228.1754 16.492 16.541 16.466 16.273 16.131 15.992 16.353 16.251 16.128 15.987 15.846 15.698 16.256 16.083 15.911 15.791 15.68 16.02 15.877 15.757 15.658 15.49 15.468 15.299 15.108
233.6797 16.523 16.572 16.497 16.304 16.162 16.023 16.384 16.282 16.16 16.018 15.877 15.729 16.287 16.114 15.943 15.822 15.711 16.051 15.908 15.788 15.689 15.521 15.499 15.33 15.14
239.3168 16.554 16.603 16.528 16.335 16.193 16.054 16.415 16.313 16.191 16.049 15.908 15.76 16.318 16.145 15.974 15.853 15.742 16.082 15.939 15.819 15.72 15.552 15.53 15.361 15.171
245.0899 16.585 16.634 16.559 16.367 16.224 16.085 16.446 16.344 16.222 16.08 15.939 15.791 16.349 16.177 16.005 15.884 15.773 16.113 15.97 15.85 15.751 15.583 15.561 15.392 15.202
251.0022 16.616 16.665 16.591 16.398 16.255 16.116 16.477 16.375 16.253 16.111 15.97 15.822 16.38 16.208 16.036 15.915 15.804 16.144 16.001 15.882 15.782 15.614 15.593 15.423 15.233
257.0572 16.651 16.701 16.626 16.433 16.29 16.151 16.512 16.41 16.288 16.146 16.006 15.857 16.415 16.243 16.071 15.95 15.84 16.179 16.036 15.917 15.818 15.649 15.628 15.458 15.268
263.2582 16.696 16.746 16.671 16.478 16.335 16.196 16.557 16.456 16.333 16.191 16.051 15.902 16.461 16.288 16.116 15.995 15.885 16.224 16.082 15.962 15.863 15.695 15.673 15.503 15.313
269.6088 16.741 16.791 16.716 16.523 16.381 16.242 16.602 16.501 16.378 16.236 16.096 15.947 16.506 16.333 16.161 16.041 15.93 16.269 16.127 16.007 15.908 15.74 15.718 15.549 15.358
276.1126 16.787 16.836 16.761 16.568 16.426 16.287 16.647 16.546 16.423 16.282 16.141 15.992 16.551 16.378 16.206 16.086 15.975 16.314 16.172 16.052 15.953 15.785 15.763 15.594 15.403
282.7734 16.832 16.881 16.806 16.613 16.471 16.332 16.693 16.591 16.469 16.327 16.186 16.038 16.596 16.423 16.252 16.131 16.02 16.36 16.217 16.097 15.998 15.83 15.808 15.639 15.449
289.5947 16.877 16.926 16.851 16.658 16.516 16.377 16.738 16.636 16.514 16.372 16.231 16.083 16.641 16.469 16.297 16.176 16.065 16.405 16.262 16.142 16.043 15.875 15.853 15.684 15.494
296.5807 16.922 16.971 16.897 16.704 16.561 16.422 16.783 16.681 16.559 16.417 16.276 16.128 16.686 16.514 16.342 16.221 16.111 16.45 16.307 16.188 16.089 15.92 15.899 15.729 15.539
303.7351 16.967 17.017 16.942 16.749 16.606 16.467 16.828 16.726 16.604 16.462 16.322 16.173 16.731 16.559 16.387 16.266 16.156 16.495 16.353 16.233 16.134 15.965 15.944 15.774 15.584
311.0622 17.012 17.062 16.987 16.794 16.652 16.512 16.873 16.772 16.649 16.507 16.367 16.218 16.777 16.604 16.432 16.311 16.201 16.54 16.398 16.278 16.179 16.011 15.989 15.82 15.629
318.566 17.057 17.107 17.032 16.839 16.697 16.558 16.918 16.817 16.694 16.552 16.412 16.263 16.822 16.649 16.477 16.357 16.246 16.585 16.443 16.323 16.224 16.056 16.034 15.865 15.674
326.2508 17.114 17.163 17.088 16.896 16.753 16.614 16.975 16.873 16.751 16.609 16.468 16.32 16.878 16.706 16.534 16.413 16.302 16.642 16.499 16.379 16.28 16.112 16.09 15.921 15.731
334.121 17.185 17.235 17.16 16.967 16.825 16.685 17.046 16.945 16.822 16.68 16.54 16.391 16.95 16.777 16.605 16.484 16.374 16.713 16.571 16.451 16.352 16.184 16.162 15.993 15.802
342.181 17.257 17.306 17.231 17.038 16.896 16.757 17.118 17.016 16.894 16.752 16.611 16.463 17.021 16.848 16.677 16.556 16.445 16.785 16.642 16.522 16.423 16.255 16.233 16.064 15.874
350.4355 17.328 17.378 17.303 17.11 16.967 16.828 17.189 17.087 16.965 16.823 16.683 16.534 17.092 16.92 16.748 16.627 16.517 16.856 16.713 16.594 16.495 16.326 16.305 16.135 15.945
358.8891 17.399 17.449 17.374 17.181 17.039 16.9 17.26 17.159 17.036 16.894 16.754 16.605 17.164 16.991 16.819 16.699 16.588 16.927 16.785 16.665 16.566 16.398 16.376 16.207 16.016
367.5467 17.471 17.52 17.445 17.252 17.11 16.971 17.332 17.23 17.108 16.966 16.825 16.677 17.235 17.063 16.891 16.77 16.659 16.999 16.856 16.736 16.637 16.469 16.447 16.278 16.088
376.4131 17.542 17.592 17.517 17.324 17.181 17.042 17.403 17.301 17.179 17.037 16.897 16.748 17.307 17.134 16.962 16.841 16.731 17.07 16.928 16.808 16.709 16.541 16.519 16.349 16.159
385.4933 17.614 17.663 17.588 17.395 17.253 17.114 17.475 17.373 17.25 17.109 16.968 16.82 17.378 17.205 17.033 16.913 16.802 17.142 16.999 16.879 16.78 16.612 16.59 16.421 16.231
394.7926 17.685 17.734 17.66 17.467 17.324 17.185 17.546 17.444 17.322 17.18 17.039 16.891 17.449 17.277 17.105 16.984 16.874 17.213 17.07 16.951 16.852 16.683 16.662 16.492 16.302
404.3163 17.756 17.806 17.731 17.538 17.396 17.257 17.617 17.516 17.393 17.251 17.111 16.962 17.521 17.348 17.176 17.056 16.945 17.284 17.142 17.022 16.923 16.755 16.733 16.564 16.373
414.0697 17.847 17.897 17.822 17.629 17.487 17.348 17.708 17.607 17.484 17.342 17.202 17.053 17.612 17.439 17.267 17.147 17.036 17.375 17.233 17.113 17.014 16.846 16.824 16.655 16.464
424.0583 17.953 18.002 17.928 17.735 17.592 17.453 17.814 17.712 17.59 17.448 17.308 17.159 17.717 17.545 17.373 17.252 17.142 17.481 17.338 17.219 17.12 16.951 16.93 16.76 16.57
434.2879 18.059 18.108 18.033 17.84 17.698 17.559 17.92 17.818 17.695 17.554 17.413 17.265 17.823 17.65 17.478 17.358 17.247 17.587 17.444 17.324 17.225 17.057 17.035 16.866 16.676
444.7643 18.164 18.214 18.139 17.946 17.803 17.664 18.025 17.923 17.801 17.659 17.519 17.37 17.928 17.756 17.584 17.463 17.353 17.692 17.55 17.43 17.331 17.162 17.141 16.971 16.781
455.4934 18.27 18.319 18.244 18.051 17.909 17.77 18.131 18.029 17.907 17.765 17.624 17.476 18.034 17.861 17.69 17.569 17.458 17.798 17.655 17.535 17.436 17.268 17.246 17.077 16.887
466.4814 18.375 18.425 18.35 18.157 18.015 17.875 18.236 18.135 18.012 17.87 17.73 17.581 18.14 17.967 17.795 17.675 17.564 17.903 17.761 17.641 17.542 17.374 17.352 17.183 16.992
477.7344 18.481 18.53 18.456 18.263 18.12 17.981 18.342 18.24 18.118 17.976 17.835 17.687 18.245 18.073 17.901 17.78 17.669 18.009 17.866 17.747 17.648 17.479 17.458 17.288 17.098
489.2588 18.587 18.636 18.561 18.368 18.226 18.087 18.447 18.346 18.223 18.082 17.941 17.792 18.351 18.178 18.006 17.886 17.775 18.115 17.972 17.852 17.753 17.585 17.563 17.394 17.203
501.0613 18.692 18.742 18.667 18.474 18.331 18.192 18.553 18.451 18.329 18.187 18.047 17.898 18.456 18.284 18.112 17.991 17.881 18.22 18.078 17.958 17.859 17.69 17.669 17.499 17.309
513.1485 18.798 18.847 18.772 18.579 18.437 18.298 18.659 18.557 18.435 18.293 18.152 18.004 18.562 18.389 18.218 18.097 17.986 18.326 18.183 18.063 17.964 17.796 17.774 17.605 17.415
525.5272 18.951 19.0 18.925 18.732 18.59 18.451 18.812 18.71 18.588 18.446 18.305 18.157 18.715 18.542 18.371 18.25 18.139 18.479 18.336 18.216 18.117 17.949 17.927 17.758 17.568
538.2046 19.122 19.172 19.097 18.904 18.762 18.623 18.983 18.882 18.759 18.617 18.477 18.328 18.887 18.714 18.542 18.422 18.311 18.65 18.508 18.388 18.289 18.121 18.099 17.93 17.739
551.1878 19.294 19.344 19.269 19.076 18.933 18.794 19.155 19.053 18.931 18.789 18.649 18.5 19.058 18.886 18.714 18.593 18.483 18.822 18.679 18.56 18.461 18.292 18.271 18.101 17.911
564.4842 19.466 19.515 19.44 19.247 19.105 18.966 19.327 19.225 19.103 18.961 18.82 18.672 19.23 19.057 18.886 18.765 18.654 18.994 18.851 18.731 18.632 18.464 18.442 18.273 18.083
578.1013 19.637 19.687 19.612 19.419 19.277 19.137 19.498 19.397 19.274 19.132 18.992 18.843 19.402 19.229 19.057 18.937 18.826 19.165 19.023 18.903 18.804 18.636 18.614 18.445 18.254
592.0469 19.809 19.858 19.784 19.591 19.448 19.309 19.67 19.568 19.446 19.304 19.164 19.015 19.573 19.401 19.229 19.108 18.998 19.337 19.194 19.075 18.976 18.807 18.786 18.616 18.426
606.329 19.981 20.03 19.955 19.762 19.62 19.481 19.842 19.74 19.618 19.476 19.335 19.187 19.745 19.572 19.401 19.28 19.169 19.509 19.366 19.246 19.147 18.979 18.957 18.788 18.598
620.9555 20.152 20.202 20.127 19.934 19.792 19.652 20.013 19.912 19.789 19.647 19.507 19.358 19.917 19.744 19.572 19.452 19.341 19.68 19.538 19.418 19.319 19.151 19.129 18.96 18.769
635.9349 20.324 20.373 20.299 20.106 19.963 19.824 20.185 20.083 19.961 19.819 19.679 19.53 20.088 19.916 19.744 19.623 19.513 19.852 19.709 19.59 19.491 19.322 19.301 19.131 18.941
651.2757 20.496 20.545 20.47 20.277 20.135 19.996 20.357 20.255 20.133 19.991 19.85 19.702 20.26 20.087 19.916 19.795 19.684 20.024 19.881 19.761 19.662 19.494 19.472 19.303 19.113
666.9865 20.808 20.857 20.782 20.589 20.447 20.308 20.669 20.567 20.445 20.303 20.162 20.014 20.572 20.4 20.228 20.107 19.996 20.336 20.193 20.073 19.974 19.806 19.784 19.615 19.425
683.0763 21.143 21.192 21.117 20.924 20.782 20.643 21.004 20.902 20.779 20.638 20.497 20.349 20.907 20.734 20.562 20.442 20.331 20.671 20.528 20.408 20.309 20.141 20.119 19.95 19.76
699.5543 21.477 21.527 21.452 21.259 21.117 20.978 21.338 21.237 21.114 20.972 20.832 20.683 21.242 21.069 20.897 20.777 20.666 21.005 20.863 20.743 20.644 20.476 20.454 20.285 20.094
716.4297 21.812 21.862 21.787 21.594 21.452 21.312 21.673 21.572 21.449 21.307 21.167 21.018 21.577 21.404 21.232 21.111 21.001 21.34 21.198 21.078 20.979 20.811 20.789 20.62 20.429
733.7123 22.147 22.197 22.122 21.929 21.786 21.647 22.008 21.906 21.784 21.642 21.502 21.353 21.911 21.739 21.567 21.446 21.336 21.675 21.532 21.413 21.314 21.145 21.124 20.954 20.764
751.4117 22.482 22.531 22.457 22.264 22.121 21.982 22.343 22.241 22.119 21.977 21.836 21.688 22.246 22.074 21.902 21.781 21.67 22.01 21.867 21.747 21.648 21.48 21.458 21.289 21.099
769.5381 22.817 22.866 22.791 22.598 22.456 22.317 22.678 22.576 22.454 22.312 22.171 22.023 22.581 22.408 22.237 22.116 22.005 22.345 22.202 22.082 21.983 21.815 21.793 21.624 21.434
788.1018 23.152 23.201 23.126 22.933 22.791 22.652 23.013 22.911 22.788 22.647 22.506 22.357 22.916 22.743 22.571 22.451 22.34 22.68 22.537 22.417 22.318 22.15 22.128 21.959 21.768
807.1133 23.486 23.536 23.461 23.268 23.126 22.987 23.347 23.246 23.123 22.981 22.841 22.692 23.251 23.078 22.906 22.786 22.675 23.014 22.872 22.752 22.653 22.485 22.463 22.294 22.103
826.5834 23.821 23.871 23.796 23.603 23.46 23.321 23.682 23.581 23.458 23.316 23.176 23.027 23.586 23.413 23.241 23.12 23.01 23.349 23.207 23.087 22.988 22.82 22.798 22.628 22.438
846.5232 24.156 24.206 24.131 23.938 23.795 23.656 24.017 23.915 23.793 23.651 23.511 23.362 23.92 23.748 23.576 23.455 23.345 23.684 23.541 23.422 23.323 23.154 23.133 22.963 22.773
866.944 24.491 24.54 24.465 24.273 24.13 23.991 24.352 24.25 24.128 23.986 23.845 23.697 24.255 24.083 23.911 23.79 23.679 24.019 23.876 23.756 23.657 23.489 23.467 23.298 23.108
887.8575 24.826 24.875 24.8 24.607 24.465 24.326 24.687 24.585 24.463 24.321 24.18 24.032 24.59 24.417 24.246 24.125 24.014 24.354 24.211 24.091 23.992 23.824 23.802 23.633 23.443
909.2754 25.161 25.21 25.135 24.942 24.8 24.661 25.021 24.92 24.797 24.656 24.515 24.366 24.925 24.752 24.58 24.46 24.349 24.689 24.546 24.426 24.327 24.159 24.137 23.968 23.777
931.21 25.495 25.545 25.47 25.277 25.135 24.995 25.356 25.255 25.132 24.99 24.85 24.701 25.26 25.087 24.915 24.795 24.684 25.023 24.881 24.761 24.662 24.494 24.472 24.303 24.112
953.6737 25.83 25.88 25.805 25.612 25.469 25.33 25.691 25.589 25.467 25.325 25.185 25.036 25.594 25.422 25.25 25.129 25.019 25.358 25.216 25.096 24.997 24.828 24.807 24.637 24.447
976.6793 26.165 26.214 26.14 25.947 25.804 25.665 26.026 25.924 25.802 25.66 25.52 25.371 25.929 25.757 25.585 25.464 25.354 25.693 25.55 25.431 25.332 25.163 25.142 24.972 24.782
