web/models/grb/onaxis/19/grb_0.0000_0.0193_0.0000158.dat
# %ECSV 1.0
# ---
# datatype:
# - {name: time, datatype: float64}
# - {name: swift_uvot_uvw2, datatype: float64}
# - {name: swift_uvot_uvm2, datatype: float64}
# - {name: swift_uvot_uvw1, datatype: float64}
# - {name: swift_uvot_U, datatype: float64}
# - {name: swift_uvot_B, datatype: float64}
# - {name: swift_uvot_V, datatype: float64}
# - {name: swift_uvot_W, datatype: float64}
# - {name: johnson_U, datatype: float64}
# - {name: johnson_B, datatype: float64}
# - {name: johnson_V, datatype: float64}
# - {name: johnson_R, datatype: float64}
# - {name: johnson_I, datatype: float64}
# - {name: sdss_u, datatype: float64}
# - {name: sdss_g, datatype: float64}
# - {name: sdss_r, datatype: float64}
# - {name: sdss_i, datatype: float64}
# - {name: sdss_z, datatype: float64}
# - {name: PS1_g, datatype: float64}
# - {name: PS1_r, datatype: float64}
# - {name: PS1_i, datatype: float64}
# - {name: PS1_z, datatype: float64}
# - {name: PS1_Y, datatype: float64}
# - {name: ukirt_J, datatype: float64}
# - {name: ukirt_H, datatype: float64}
# - {name: ukirt_K, datatype: float64}
# meta: !!omap
# - comment: [E = 8.378552168254813e-06, Eta0 = 8.02, GammaB = 12.0, dL = 0.012188, epsb = 6.760829753919819e-06, epse = 0.1, n = 1.584893192461114e-05,
#     p = 2.15, theta_obs = 0.0, xiN = 1.0, z = 0.0, type = grb, E_kiso = 0.019306977288832496]
# schema: astropy-2.0
time swift_uvot_uvw2 swift_uvot_uvm2 swift_uvot_uvw1 swift_uvot_U swift_uvot_B swift_uvot_V swift_uvot_W johnson_U johnson_B johnson_V johnson_R johnson_I sdss_u sdss_g sdss_r sdss_i sdss_z PS1_g PS1_r PS1_i PS1_z PS1_Y ukirt_J ukirt_H ukirt_K
[from data line 302]
13.377 13.746 13.796 13.721 13.528 13.385 13.246 13.607 13.505 13.383 13.241 13.101 12.952 13.51 13.338 13.166 13.045 12.935 13.274 13.131 13.012 12.913 12.744 12.723 12.553 12.363
13.6997 13.793 13.842 13.767 13.575 13.432 13.293 13.654 13.552 13.43 13.288 13.147 12.999 13.557 13.385 13.213 13.092 12.981 13.321 13.178 13.058 12.959 12.791 12.769 12.6 12.41
14.0302 13.84 13.889 13.814 13.621 13.479 13.34 13.701 13.599 13.476 13.335 13.194 13.046 13.604 13.431 13.259 13.139 13.028 13.368 13.225 13.105 13.006 12.838 12.816 12.647 12.457
14.3686 13.886 13.936 13.861 13.668 13.526 13.387 13.747 13.646 13.523 13.381 13.241 13.092 13.651 13.478 13.306 13.186 13.075 13.414 13.272 13.152 13.053 12.885 12.863 12.694 12.503
14.7153 13.933 13.983 13.908 13.715 13.572 13.433 13.794 13.692 13.57 13.428 13.288 13.139 13.697 13.525 13.353 13.232 13.122 13.461 13.319 13.199 13.1 12.931 12.91 12.74 12.55
15.0702 13.98 14.029 13.954 13.761 13.619 13.48 13.84 13.739 13.616 13.474 13.334 13.185 13.744 13.571 13.399 13.279 13.168 13.507 13.365 13.245 13.146 12.978 12.956 12.787 12.596
15.4338 14.025 14.075 14.0 13.807 13.665 13.526 13.886 13.785 13.662 13.52 13.38 13.231 13.79 13.617 13.445 13.325 13.214 13.553 13.411 13.291 13.192 13.024 13.002 12.833 12.642
15.8061 14.071 14.121 14.046 13.853 13.711 13.572 13.932 13.831 13.708 13.566 13.426 13.277 13.836 13.663 13.491 13.371 13.26 13.599 13.457 13.337 13.238 13.07 13.048 12.879 12.688
16.1874 14.117 14.167 14.092 13.899 13.757 13.617 13.978 13.877 13.754 13.612 13.472 13.323 13.882 13.709 13.537 13.417 13.306 13.645 13.503 13.383 13.284 13.116 13.094 12.925 12.734
16.5779 14.163 14.213 14.138 13.945 13.803 13.663 14.024 13.923 13.8 13.658 13.518 13.369 13.928 13.755 13.583 13.463 13.352 13.691 13.549 13.429 13.33 13.162 13.14 12.971 12.78
16.9778 14.209 14.259 14.184 13.991 13.849 13.709 14.07 13.969 13.846 13.704 13.564 13.415 13.974 13.801 13.629 13.508 13.398 13.737 13.595 13.475 13.376 13.208 13.186 13.017 12.826
17.3873 14.255 14.305 14.23 14.037 13.894 13.755 14.116 14.015 13.892 13.75 13.61 13.461 14.02 13.847 13.675 13.554 13.444 13.783 13.641 13.521 13.422 13.254 13.232 13.062 12.872
17.8068 14.301 14.351 14.276 14.083 13.94 13.801 14.162 14.06 13.938 13.796 13.656 13.507 14.065 13.893 13.721 13.6 13.49 13.829 13.687 13.567 13.468 13.299 13.278 13.108 12.918
18.2363 14.347 14.397 14.322 14.129 13.986 13.847 14.208 14.106 13.984 13.842 13.702 13.553 14.111 13.939 13.767 13.646 13.536 13.875 13.733 13.613 13.514 13.345 13.324 13.154 12.964
18.6762 14.393 14.443 14.368 14.175 14.032 13.893 14.254 14.152 14.03 13.888 13.748 13.599 14.157 13.985 13.813 13.692 13.582 13.921 13.778 13.659 13.56 13.391 13.37 13.2 13.01
19.1268 14.437 14.486 14.412 14.219 14.076 13.937 14.298 14.196 14.074 13.932 13.792 13.643 14.201 14.029 13.857 13.736 13.626 13.965 13.822 13.703 13.604 13.435 13.414 13.244 13.054
19.5882 14.48 14.529 14.454 14.261 14.119 13.98 14.341 14.239 14.117 13.975 13.834 13.686 14.244 14.071 13.9 13.779 13.668 14.008 13.865 13.745 13.646 13.478 13.456 13.287 13.097
20.0607 14.523 14.572 14.497 14.304 14.162 14.023 14.383 14.282 14.159 14.017 13.877 13.728 14.287 14.114 13.942 13.822 13.711 14.05 13.908 13.788 13.689 13.521 13.499 13.33 13.139
20.5446 14.565 14.615 14.54 14.347 14.205 14.065 14.426 14.325 14.202 14.06 13.92 13.771 14.33 14.157 13.985 13.864 13.754 14.093 13.951 13.831 13.732 13.564 13.542 13.373 13.182
21.0402 14.608 14.658 14.583 14.39 14.247 14.108 14.469 14.367 14.245 14.103 13.963 13.814 14.372 14.2 14.028 13.907 13.797 14.136 13.993 13.874 13.775 13.606 13.585 13.415 13.225
21.5478 14.651 14.7 14.625 14.432 14.29 14.151 14.512 14.41 14.288 14.146 14.005 13.857 14.415 14.243 14.071 13.95 13.839 14.179 14.036 13.916 13.817 13.649 13.627 13.458 13.268
22.0676 14.694 14.743 14.668 14.475 14.333 14.194 14.554 14.453 14.33 14.189 14.048 13.899 14.458 14.285 14.113 13.993 13.882 14.222 14.079 13.959 13.86 13.692 13.67 13.501 13.31
22.5999 14.736 14.786 14.711 14.518 14.376 14.236 14.597 14.496 14.373 14.231 14.091 13.942 14.501 14.328 14.156 14.035 13.925 14.264 14.122 14.002 13.903 13.735 13.713 13.544 13.353
23.1451 14.779 14.829 14.754 14.561 14.418 14.279 14.64 14.538 14.416 14.274 14.134 13.985 14.543 14.371 14.199 14.078 13.968 14.307 14.164 14.045 13.946 13.777 13.756 13.586 13.396
23.7034 14.822 14.871 14.796 14.603 14.461 14.322 14.683 14.581 14.459 14.317 14.176 14.028 14.586 14.414 14.242 14.121 14.01 14.35 14.207 14.087 13.988 13.82 13.798 13.629 13.439
24.2752 14.866 14.916 14.841 14.648 14.505 14.366 14.727 14.625 14.503 14.361 14.221 14.072 14.631 14.458 14.286 14.165 14.055 14.394 14.252 14.132 14.033 13.864 13.843 13.673 13.483
24.8608 14.911 14.961 14.886 14.693 14.55 14.411 14.772 14.67 14.548 14.406 14.266 14.117 14.675 14.503 14.331 14.21 14.1 14.439 14.296 14.177 14.078 13.909 13.888 13.718 13.528
25.4606 14.956 15.005 14.931 14.738 14.595 14.456 14.817 14.715 14.593 14.451 14.31 14.162 14.72 14.548 14.376 14.255 14.144 14.484 14.341 14.222 14.122 13.954 13.933 13.763 13.573
26.0748 15.001 15.05 14.975 14.782 14.64 14.501 14.862 14.76 14.638 14.496 14.355 14.207 14.765 14.593 14.421 14.3 14.189 14.529 14.386 14.266 14.167 13.999 13.977 13.808 13.618
26.7038 15.046 15.095 15.02 14.827 14.685 14.546 14.907 14.805 14.682 14.541 14.4 14.252 14.81 14.637 14.466 14.345 14.234 14.574 14.431 14.311 14.212 14.044 14.022 13.853 13.663
27.3479 15.091 15.14 15.065 14.872 14.73 14.591 14.951 14.85 14.727 14.585 14.445 14.296 14.855 14.682 14.51 14.39 14.279 14.618 14.476 14.356 14.257 14.089 14.067 13.898 13.707
28.0077 15.135 15.185 15.11 14.917 14.775 14.635 14.996 14.895 14.772 14.63 14.49 14.341 14.9 14.727 14.555 14.435 14.324 14.663 14.521 14.401 14.302 14.134 14.112 13.943 13.752
28.6833 15.18 15.23 15.155 14.962 14.819 14.68 15.041 14.939 14.817 14.675 14.535 14.386 14.945 14.772 14.6 14.479 14.369 14.708 14.566 14.446 14.347 14.178 14.157 13.987 13.797
29.3752 15.225 15.275 15.2 15.007 14.864 14.725 15.086 14.984 14.862 14.72 14.58 14.431 14.989 14.817 14.645 14.524 14.414 14.753 14.61 14.491 14.392 14.223 14.202 14.032 13.842
30.0838 15.27 15.319 15.245 15.052 14.909 14.77 15.131 15.029 14.907 14.765 14.624 14.476 15.034 14.862 14.69 14.569 14.458 14.798 14.655 14.536 14.436 14.268 14.247 14.077 13.887
30.8096 15.311 15.361 15.286 15.093 14.95 14.811 15.172 15.071 14.948 14.806 14.666 14.517 15.076 14.903 14.731 14.61 14.5 14.839 14.697 14.577 14.478 14.31 14.288 14.118 13.928
31.5528 15.352 15.402 15.327 15.134 14.991 14.852 15.213 15.112 14.989 14.847 14.707 14.558 15.117 14.944 14.772 14.651 14.541 14.88 14.738 14.618 14.519 14.351 14.329 14.159 13.969
32.3139 15.393 15.443 15.368 15.175 15.033 14.893 15.254 15.153 15.03 14.888 14.748 14.599 15.158 14.985 14.813 14.692 14.582 14.921 14.779 14.659 14.56 14.392 14.37 14.201 14.01
33.0935 15.434 15.484 15.409 15.216 15.074 14.934 15.295 15.194 15.071 14.929 14.789 14.64 15.199 15.026 14.854 14.733 14.623 14.962 14.82 14.7 14.601 14.433 14.411 14.242 14.051
33.8918 15.475 15.525 15.45 15.257 15.115 14.975 15.336 15.235 15.112 14.97 14.83 14.681 15.24 15.067 14.895 14.774 14.664 15.003 14.861 14.741 14.642 14.474 14.452 14.283 14.092
34.7093 15.516 15.566 15.491 15.298 15.156 15.016 15.377 15.276 15.153 15.011 14.871 14.722 15.281 15.108 14.936 14.815 14.705 15.044 14.902 14.782 14.683 14.515 14.493 14.324 14.133
35.5466 15.557 15.607 15.532 15.339 15.197 15.057 15.418 15.317 15.194 15.052 14.912 14.763 15.322 15.149 14.977 14.856 14.746 15.085 14.943 14.823 14.724 14.556 14.534 14.365 14.174
36.4041 15.598 15.648 15.573 15.38 15.238 15.098 15.459 15.358 15.235 15.093 14.953 14.804 15.363 15.19 15.018 14.897 14.787 15.126 14.984 14.864 14.765 14.597 14.575 14.406 14.215
37.2823 15.639 15.689 15.614 15.421 15.279 15.139 15.5 15.399 15.276 15.134 14.994 14.845 15.404 15.231 15.059 14.938 14.828 15.167 15.025 14.905 14.806 14.638 14.616 14.447 14.256
38.1817 15.68 15.73 15.655 15.462 15.319 15.18 15.541 15.439 15.317 15.175 15.035 14.886 15.444 15.272 15.1 14.979 14.869 15.208 15.066 14.946 14.847 14.678 14.657 14.487 14.297
39.1028 15.719 15.768 15.693 15.5 15.358 15.219 15.58 15.478 15.355 15.214 15.073 14.925 15.483 15.31 15.138 15.018 14.907 15.247 15.104 14.984 14.885 14.717 14.695 14.526 14.335
40.046 15.757 15.806 15.732 15.539 15.396 15.257 15.618 15.516 15.394 15.252 15.112 14.963 15.521 15.349 15.177 15.056 14.946 15.285 15.142 15.023 14.924 14.755 14.734 14.564 14.374
41.0121 15.795 15.845 15.77 15.577 15.435 15.296 15.656 15.555 15.432 15.29 15.15 15.001 15.56 15.387 15.215 15.095 14.984 15.323 15.181 15.061 14.962 14.794 14.772 14.603 14.412
42.0014 15.834 15.883 15.809 15.616 15.473 15.334 15.695 15.593 15.471 15.329 15.188 15.04 15.598 15.426 15.254 15.133 15.022 15.362 15.219 15.099 15.0 14.832 14.81 14.641 14.451
43.0146 15.872 15.922 15.847 15.654 15.512 15.372 15.733 15.632 15.509 15.367 15.227 15.078 15.637 15.464 15.292 15.172 15.061 15.4 15.258 15.138 15.039 14.871 14.849 14.68 14.489
44.0523 15.911 15.96 15.885 15.692 15.55 15.411 15.772 15.67 15.548 15.406 15.265 15.117 15.675 15.502 15.331 15.21 15.099 15.439 15.296 15.176 15.077 14.909 14.887 14.718 14.528
45.1149 15.949 15.999 15.924 15.731 15.588 15.449 15.81 15.708 15.586 15.444 15.304 15.155 15.714 15.541 15.369 15.248 15.138 15.477 15.335 15.215 15.116 14.947 14.926 14.756 14.566
46.2033 15.988 16.037 15.962 15.769 15.627 15.488 15.849 15.747 15.624 15.483 15.342 15.194 15.752 15.579 15.408 15.287 15.176 15.516 15.373 15.253 15.154 14.986 14.964 14.795 14.605
47.3178 16.026 16.076 16.001 15.808 15.665 15.526 15.887 15.785 15.663 15.521 15.381 15.232 15.79 15.618 15.446 15.325 15.215 15.554 15.411 15.292 15.193 15.024 15.003 14.833 14.643
48.4593 16.065 16.115 16.04 15.847 15.705 15.565 15.926 15.825 15.702 15.56 15.42 15.271 15.83 15.657 15.485 15.364 15.254 15.593 15.451 15.331 15.232 15.064 15.042 14.873 14.682
49.6283 16.107 16.157 16.082 15.889 15.746 15.607 15.968 15.867 15.744 15.602 15.462 15.313 15.872 15.699 15.527 15.406 15.296 15.635 15.493 15.373 15.274 15.106 15.084 14.914 14.724
50.8255 16.149 16.199 16.124 15.931 15.788 15.649 16.01 15.908 15.786 15.644 15.504 15.355 15.914 15.741 15.569 15.448 15.338 15.677 15.535 15.415 15.316 15.147 15.126 14.956 14.766
52.0515 16.191 16.241 16.166 15.973 15.83 15.691 16.052 15.95 15.828 15.686 15.546 15.397 15.955 15.783 15.611 15.49 15.38 15.719 15.577 15.457 15.358 15.189 15.168 14.998 14.808
53.3072 16.233 16.283 16.208 16.015 15.872 15.733 16.094 15.992 15.87 15.728 15.588 15.439 15.997 15.825 15.653 15.532 15.422 15.761 15.619 15.499 15.4 15.231 15.21 15.04 14.85
54.5931 16.275 16.325 16.25 16.057 15.914 15.775 16.136 16.034 15.912 15.77 15.63 15.481 16.039 15.867 15.695 15.574 15.464 15.803 15.661 15.541 15.442 15.273 15.252 15.082 14.892
55.9101 16.317 16.367 16.292 16.099 15.956 15.817 16.178 16.076 15.954 15.812 15.672 15.523 16.081 15.909 15.737 15.616 15.506 15.845 15.703 15.583 15.484 15.315 15.294 15.124 14.934
57.2588 16.359 16.409 16.334 16.141 15.998 15.859 16.22 16.118 15.996 15.854 15.714 15.565 16.123 15.951 15.779 15.658 15.548 15.887 15.744 15.625 15.526 15.357 15.336 15.166 14.976
58.6401 16.401 16.451 16.376 16.183 16.04 15.901 16.262 16.16 16.038 15.896 15.756 15.607 16.165 15.993 15.821 15.7 15.59 15.929 15.786 15.667 15.568 15.399 15.378 15.208 15.018
60.0546 16.443 16.492 16.418 16.225 16.082 15.943 16.304 16.202 16.08 15.938 15.798 15.649 16.207 16.035 15.863 15.742 15.632 15.971 15.828 15.709 15.61 15.441 15.42 15.25 15.06
61.5034 16.483 16.533 16.458 16.265 16.123 15.983 16.344 16.243 16.12 15.978 15.838 15.689 16.248 16.075 15.903 15.782 15.672 16.011 15.869 15.749 15.65 15.482 15.46 15.291 15.1
62.987 16.52 16.57 16.495 16.302 16.16 16.02 16.381 16.28 16.157 16.015 15.875 15.726 16.285 16.112 15.94 15.82 15.709 16.048 15.906 15.786 15.687 15.519 15.497 15.328 15.137
64.5065 16.557 16.607 16.532 16.339 16.197 16.058 16.418 16.317 16.194 16.052 15.912 15.763 16.322 16.149 15.977 15.857 15.746 16.085 15.943 15.823 15.724 15.556 15.534 15.365 15.174
66.0626 16.595 16.644 16.569 16.376 16.234 16.095 16.455 16.354 16.231 16.09 15.949 15.8 16.359 16.186 16.014 15.894 15.783 16.123 15.98 15.86 15.761 15.593 15.571 15.402 15.211
67.6562 16.632 16.681 16.606 16.413 16.271 16.132 16.493 16.391 16.268 16.127 15.986 15.838 16.396 16.223 16.051 15.931 15.82 16.16 16.017 15.897 15.798 15.63 15.608 15.439 15.249
69.2883 16.669 16.718 16.643 16.45 16.308 16.169 16.53 16.428 16.306 16.164 16.023 15.875 16.433 16.26 16.089 15.968 15.857 16.197 16.054 15.934 15.835 15.667 15.645 15.476 15.286
70.9597 16.706 16.755 16.68 16.487 16.345 16.206 16.567 16.465 16.343 16.201 16.06 15.912 16.47 16.298 16.126 16.005 15.894 16.234 16.091 15.971 15.872 15.704 15.682 15.513 15.323
72.6715 16.743 16.792 16.717 16.525 16.382 16.243 16.604 16.502 16.38 16.238 16.097 15.949 16.507 16.335 16.163 16.042 15.931 16.271 16.128 16.008 15.909 15.741 15.719 15.55 15.36
74.4246 16.78 16.829 16.755 16.562 16.419 16.28 16.641 16.539 16.417 16.275 16.134 15.986 16.544 16.372 16.2 16.079 15.968 16.308 16.165 16.046 15.947 15.778 15.757 15.587 15.397
76.2199 16.817 16.867 16.792 16.599 16.456 16.317 16.678 16.576 16.454 16.312 16.172 16.023 16.581 16.409 16.237 16.116 16.006 16.345 16.202 16.083 15.984 15.815 15.794 15.624 15.434
78.0586 16.854 16.903 16.828 16.635 16.493 16.354 16.714 16.613 16.49 16.349 16.208 16.059 16.618 16.445 16.273 16.153 16.042 16.382 16.239 16.119 16.02 15.852 15.83 15.661 15.47
79.9416 16.889 16.939 16.864 16.671 16.529 16.39 16.75 16.649 16.526 16.384 16.244 16.095 16.654 16.481 16.309 16.189 16.078 16.417 16.275 16.155 16.056 15.888 15.866 15.697 15.506
81.87 16.925 16.975 16.9 16.707 16.565 16.426 16.786 16.685 16.562 16.42 16.28 16.131 16.69 16.517 16.345 16.225 16.114 16.453 16.311 16.191 16.092 15.924 15.902 15.733 15.542
83.845 16.961 17.011 16.936 16.743 16.601 16.461 16.822 16.721 16.598 16.456 16.316 16.167 16.726 16.553 16.381 16.26 16.15 16.489 16.347 16.227 16.128 15.96 15.938 15.769 15.578
85.8676 16.997 17.047 16.972 16.779 16.636 16.497 16.858 16.757 16.634 16.492 16.352 16.203 16.762 16.589 16.417 16.296 16.186 16.525 16.383 16.263 16.164 15.996 15.974 15.804 15.614
87.939 17.033 17.083 17.008 16.815 16.672 16.533 16.894 16.792 16.67 16.528 16.388 16.239 16.797 16.625 16.453 16.332 16.222 16.561 16.419 16.299 16.2 16.031 16.01 15.84 15.65
90.0604 17.069 17.119 17.044 16.851 16.708 16.569 16.93 16.828 16.706 16.564 16.424 16.275 16.833 16.661 16.489 16.368 16.258 16.597 16.454 16.335 16.236 16.067 16.046 15.876 15.686
92.2329 17.105 17.154 17.08 16.887 16.744 16.605 16.966 16.864 16.742 16.6 16.46 16.311 16.869 16.697 16.525 16.404 16.294 16.633 16.49 16.371 16.272 16.103 16.082 15.912 15.722
94.4579 17.141 17.19 17.116 16.923 16.78 16.641 17.002 16.9 16.778 16.636 16.495 16.347 16.905 16.733 16.561 16.44 16.329 16.669 16.526 16.407 16.307 16.139 16.118 15.948 15.758
96.7365 17.177 17.226 17.151 16.959 16.816 16.677 17.038 16.936 16.814 16.672 16.531 16.383 16.941 16.769 16.597 16.476 16.365 16.705 16.562 16.442 16.343 16.175 16.153 15.984 15.794
99.0701 17.213 17.263 17.188 16.995 16.852 16.713 17.074 16.972 16.85 16.708 16.568 16.419 16.978 16.805 16.633 16.512 16.402 16.741 16.599 16.479 16.38 16.211 16.19 16.02 15.83
101.4599 17.25 17.299 17.224 17.031 16.889 16.75 17.111 17.009 16.887 16.745 16.604 16.456 17.014 16.842 16.67 16.549 16.438 16.778 16.635 16.515 16.416 16.248 16.226 16.057 15.867
103.9075 17.286 17.336 17.261 17.068 16.926 16.786 17.147 17.046 16.923 16.781 16.641 16.492 17.051 16.878 16.706 16.586 16.475 16.814 16.672 16.552 16.453 16.285 16.263 16.094 15.903
106.4141 17.323 17.372 17.298 17.105 16.962 16.823 17.184 17.082 16.96 16.818 16.677 16.529 17.087 16.915 16.743 16.622 16.511 16.851 16.708 16.589 16.49 16.321 16.3 16.13 15.94
