web/models/linear/50/-16_408_0_495.dat
# %ECSV 1.0
# ---
# datatype:
# - {name: time, datatype: float64}
# - {name: sdss_u, datatype: float64}
# - {name: sdss_g, datatype: float64}
# - {name: sdss_r, datatype: float64}
# - {name: sdss_i, datatype: float64}
# - {name: sdss_z, datatype: float64}
# - {name: Clear, datatype: float64}
# - {name: johnson_B, datatype: float64}
# - {name: johnson_V, datatype: float64}
# - {name: johnson_R, datatype: float64}
# - {name: johnson_I, datatype: float64}
# - {name: ukirt_J, datatype: float64}
# - {name: ukirt_H, datatype: float64}
# - {name: ukirt_K, datatype: float64}
# meta: !!omap
# - comment: [M=-16.408163265306122, dM=0.4951289998230568]
# schema: astropy-2.0
time sdss_u sdss_g sdss_r sdss_i sdss_z Clear johnson_B johnson_V johnson_R johnson_I ukirt_J ukirt_H ukirt_K
[from data line 59]
4.447236180904522 -14.206207663077954 -14.206207663077954 -14.206207663077954 -14.206207663077954 -14.206207663077954 -14.206207663077954 -14.206207663077954 -14.206207663077954 -14.206207663077954 -14.206207663077954 -14.206207663077954 -14.206207663077954 -14.206207663077954
4.522613065326633 -14.168886381684256 -14.168886381684256 -14.168886381684256 -14.168886381684256 -14.168886381684256 -14.168886381684256 -14.168886381684256 -14.168886381684256 -14.168886381684256 -14.168886381684256 -14.168886381684256 -14.168886381684256 -14.168886381684256
4.597989949748744 -14.131565100290558 -14.131565100290558 -14.131565100290558 -14.131565100290558 -14.131565100290558 -14.131565100290558 -14.131565100290558 -14.131565100290558 -14.131565100290558 -14.131565100290558 -14.131565100290558 -14.131565100290558 -14.131565100290558
4.673366834170854 -14.094243818896862 -14.094243818896862 -14.094243818896862 -14.094243818896862 -14.094243818896862 -14.094243818896862 -14.094243818896862 -14.094243818896862 -14.094243818896862 -14.094243818896862 -14.094243818896862 -14.094243818896862 -14.094243818896862
4.748743718592964 -14.056922537503164 -14.056922537503164 -14.056922537503164 -14.056922537503164 -14.056922537503164 -14.056922537503164 -14.056922537503164 -14.056922537503164 -14.056922537503164 -14.056922537503164 -14.056922537503164 -14.056922537503164 -14.056922537503164
4.824120603015075 -14.019601256109466 -14.019601256109466 -14.019601256109466 -14.019601256109466 -14.019601256109466 -14.019601256109466 -14.019601256109466 -14.019601256109466 -14.019601256109466 -14.019601256109466 -14.019601256109466 -14.019601256109466 -14.019601256109466
4.899497487437186 -13.982279974715768 -13.982279974715768 -13.982279974715768 -13.982279974715768 -13.982279974715768 -13.982279974715768 -13.982279974715768 -13.982279974715768 -13.982279974715768 -13.982279974715768 -13.982279974715768 -13.982279974715768 -13.982279974715768
4.974874371859296 -13.944958693322071 -13.944958693322071 -13.944958693322071 -13.944958693322071 -13.944958693322071 -13.944958693322071 -13.944958693322071 -13.944958693322071 -13.944958693322071 -13.944958693322071 -13.944958693322071 -13.944958693322071 -13.944958693322071
5.050251256281406 -13.907637411928373 -13.907637411928373 -13.907637411928373 -13.907637411928373 -13.907637411928373 -13.907637411928373 -13.907637411928373 -13.907637411928373 -13.907637411928373 -13.907637411928373 -13.907637411928373 -13.907637411928373 -13.907637411928373
5.125628140703517 -13.870316130534675 -13.870316130534675 -13.870316130534675 -13.870316130534675 -13.870316130534675 -13.870316130534675 -13.870316130534675 -13.870316130534675 -13.870316130534675 -13.870316130534675 -13.870316130534675 -13.870316130534675 -13.870316130534675
5.201005025125628 -13.832994849140977 -13.832994849140977 -13.832994849140977 -13.832994849140977 -13.832994849140977 -13.832994849140977 -13.832994849140977 -13.832994849140977 -13.832994849140977 -13.832994849140977 -13.832994849140977 -13.832994849140977 -13.832994849140977
5.276381909547738 -13.79567356774728 -13.79567356774728 -13.79567356774728 -13.79567356774728 -13.79567356774728 -13.79567356774728 -13.79567356774728 -13.79567356774728 -13.79567356774728 -13.79567356774728 -13.79567356774728 -13.79567356774728 -13.79567356774728
5.351758793969848 -13.758352286353581 -13.758352286353581 -13.758352286353581 -13.758352286353581 -13.758352286353581 -13.758352286353581 -13.758352286353581 -13.758352286353581 -13.758352286353581 -13.758352286353581 -13.758352286353581 -13.758352286353581 -13.758352286353581
5.427135678391959 -13.721031004959885 -13.721031004959885 -13.721031004959885 -13.721031004959885 -13.721031004959885 -13.721031004959885 -13.721031004959885 -13.721031004959885 -13.721031004959885 -13.721031004959885 -13.721031004959885 -13.721031004959885 -13.721031004959885
5.50251256281407 -13.683709723566187 -13.683709723566187 -13.683709723566187 -13.683709723566187 -13.683709723566187 -13.683709723566187 -13.683709723566187 -13.683709723566187 -13.683709723566187 -13.683709723566187 -13.683709723566187 -13.683709723566187 -13.683709723566187
5.57788944723618 -13.646388442172489 -13.646388442172489 -13.646388442172489 -13.646388442172489 -13.646388442172489 -13.646388442172489 -13.646388442172489 -13.646388442172489 -13.646388442172489 -13.646388442172489 -13.646388442172489 -13.646388442172489 -13.646388442172489
5.6532663316582905 -13.60906716077879 -13.60906716077879 -13.60906716077879 -13.60906716077879 -13.60906716077879 -13.60906716077879 -13.60906716077879 -13.60906716077879 -13.60906716077879 -13.60906716077879 -13.60906716077879 -13.60906716077879 -13.60906716077879
5.7286432160804015 -13.571745879385093 -13.571745879385093 -13.571745879385093 -13.571745879385093 -13.571745879385093 -13.571745879385093 -13.571745879385093 -13.571745879385093 -13.571745879385093 -13.571745879385093 -13.571745879385093 -13.571745879385093 -13.571745879385093
5.8040201005025125 -13.534424597991396 -13.534424597991396 -13.534424597991396 -13.534424597991396 -13.534424597991396 -13.534424597991396 -13.534424597991396 -13.534424597991396 -13.534424597991396 -13.534424597991396 -13.534424597991396 -13.534424597991396 -13.534424597991396
5.879396984924623 -13.497103316597698 -13.497103316597698 -13.497103316597698 -13.497103316597698 -13.497103316597698 -13.497103316597698 -13.497103316597698 -13.497103316597698 -13.497103316597698 -13.497103316597698 -13.497103316597698 -13.497103316597698 -13.497103316597698
5.954773869346733 -13.459782035204 -13.459782035204 -13.459782035204 -13.459782035204 -13.459782035204 -13.459782035204 -13.459782035204 -13.459782035204 -13.459782035204 -13.459782035204 -13.459782035204 -13.459782035204 -13.459782035204
6.030150753768844 -13.422460753810302 -13.422460753810302 -13.422460753810302 -13.422460753810302 -13.422460753810302 -13.422460753810302 -13.422460753810302 -13.422460753810302 -13.422460753810302 -13.422460753810302 -13.422460753810302 -13.422460753810302 -13.422460753810302
6.105527638190955 -13.385139472416604 -13.385139472416604 -13.385139472416604 -13.385139472416604 -13.385139472416604 -13.385139472416604 -13.385139472416604 -13.385139472416604 -13.385139472416604 -13.385139472416604 -13.385139472416604 -13.385139472416604 -13.385139472416604
6.180904522613065 -13.347818191022906 -13.347818191022906 -13.347818191022906 -13.347818191022906 -13.347818191022906 -13.347818191022906 -13.347818191022906 -13.347818191022906 -13.347818191022906 -13.347818191022906 -13.347818191022906 -13.347818191022906 -13.347818191022906
6.256281407035175 -13.31049690962921 -13.31049690962921 -13.31049690962921 -13.31049690962921 -13.31049690962921 -13.31049690962921 -13.31049690962921 -13.31049690962921 -13.31049690962921 -13.31049690962921 -13.31049690962921 -13.31049690962921 -13.31049690962921
6.331658291457286 -13.273175628235512 -13.273175628235512 -13.273175628235512 -13.273175628235512 -13.273175628235512 -13.273175628235512 -13.273175628235512 -13.273175628235512 -13.273175628235512 -13.273175628235512 -13.273175628235512 -13.273175628235512 -13.273175628235512
6.407035175879397 -13.235854346841814 -13.235854346841814 -13.235854346841814 -13.235854346841814 -13.235854346841814 -13.235854346841814 -13.235854346841814 -13.235854346841814 -13.235854346841814 -13.235854346841814 -13.235854346841814 -13.235854346841814 -13.235854346841814
6.482412060301507 -13.198533065448116 -13.198533065448116 -13.198533065448116 -13.198533065448116 -13.198533065448116 -13.198533065448116 -13.198533065448116 -13.198533065448116 -13.198533065448116 -13.198533065448116 -13.198533065448116 -13.198533065448116 -13.198533065448116
6.557788944723617 -13.16121178405442 -13.16121178405442 -13.16121178405442 -13.16121178405442 -13.16121178405442 -13.16121178405442 -13.16121178405442 -13.16121178405442 -13.16121178405442 -13.16121178405442 -13.16121178405442 -13.16121178405442 -13.16121178405442
6.633165829145728 -13.123890502660721 -13.123890502660721 -13.123890502660721 -13.123890502660721 -13.123890502660721 -13.123890502660721 -13.123890502660721 -13.123890502660721 -13.123890502660721 -13.123890502660721 -13.123890502660721 -13.123890502660721 -13.123890502660721
6.708542713567839 -13.086569221267023 -13.086569221267023 -13.086569221267023 -13.086569221267023 -13.086569221267023 -13.086569221267023 -13.086569221267023 -13.086569221267023 -13.086569221267023 -13.086569221267023 -13.086569221267023 -13.086569221267023 -13.086569221267023
6.783919597989949 -13.049247939873325 -13.049247939873325 -13.049247939873325 -13.049247939873325 -13.049247939873325 -13.049247939873325 -13.049247939873325 -13.049247939873325 -13.049247939873325 -13.049247939873325 -13.049247939873325 -13.049247939873325 -13.049247939873325
6.859296482412059 -13.011926658479627 -13.011926658479627 -13.011926658479627 -13.011926658479627 -13.011926658479627 -13.011926658479627 -13.011926658479627 -13.011926658479627 -13.011926658479627 -13.011926658479627 -13.011926658479627 -13.011926658479627 -13.011926658479627
6.93467336683417 -12.974605377085929 -12.974605377085929 -12.974605377085929 -12.974605377085929 -12.974605377085929 -12.974605377085929 -12.974605377085929 -12.974605377085929 -12.974605377085929 -12.974605377085929 -12.974605377085929 -12.974605377085929 -12.974605377085929
7.010050251256281 -12.937284095692231 -12.937284095692231 -12.937284095692231 -12.937284095692231 -12.937284095692231 -12.937284095692231 -12.937284095692231 -12.937284095692231 -12.937284095692231 -12.937284095692231 -12.937284095692231 -12.937284095692231 -12.937284095692231
7.085427135678391 -12.899962814298533 -12.899962814298533 -12.899962814298533 -12.899962814298533 -12.899962814298533 -12.899962814298533 -12.899962814298533 -12.899962814298533 -12.899962814298533 -12.899962814298533 -12.899962814298533 -12.899962814298533 -12.899962814298533
7.160804020100501 -12.862641532904837 -12.862641532904837 -12.862641532904837 -12.862641532904837 -12.862641532904837 -12.862641532904837 -12.862641532904837 -12.862641532904837 -12.862641532904837 -12.862641532904837 -12.862641532904837 -12.862641532904837 -12.862641532904837
7.236180904522612 -12.825320251511139 -12.825320251511139 -12.825320251511139 -12.825320251511139 -12.825320251511139 -12.825320251511139 -12.825320251511139 -12.825320251511139 -12.825320251511139 -12.825320251511139 -12.825320251511139 -12.825320251511139 -12.825320251511139
7.311557788944723 -12.78799897011744 -12.78799897011744 -12.78799897011744 -12.78799897011744 -12.78799897011744 -12.78799897011744 -12.78799897011744 -12.78799897011744 -12.78799897011744 -12.78799897011744 -12.78799897011744 -12.78799897011744 -12.78799897011744
7.3869346733668335 -12.750677688723743 -12.750677688723743 -12.750677688723743 -12.750677688723743 -12.750677688723743 -12.750677688723743 -12.750677688723743 -12.750677688723743 -12.750677688723743 -12.750677688723743 -12.750677688723743 -12.750677688723743 -12.750677688723743
7.462311557788944 -12.713356407330046 -12.713356407330046 -12.713356407330046 -12.713356407330046 -12.713356407330046 -12.713356407330046 -12.713356407330046 -12.713356407330046 -12.713356407330046 -12.713356407330046 -12.713356407330046 -12.713356407330046 -12.713356407330046
7.537688442211055 -12.676035125936348 -12.676035125936348 -12.676035125936348 -12.676035125936348 -12.676035125936348 -12.676035125936348 -12.676035125936348 -12.676035125936348 -12.676035125936348 -12.676035125936348 -12.676035125936348 -12.676035125936348 -12.676035125936348
7.613065326633166 -12.63871384454265 -12.63871384454265 -12.63871384454265 -12.63871384454265 -12.63871384454265 -12.63871384454265 -12.63871384454265 -12.63871384454265 -12.63871384454265 -12.63871384454265 -12.63871384454265 -12.63871384454265 -12.63871384454265
7.688442211055276 -12.601392563148952 -12.601392563148952 -12.601392563148952 -12.601392563148952 -12.601392563148952 -12.601392563148952 -12.601392563148952 -12.601392563148952 -12.601392563148952 -12.601392563148952 -12.601392563148952 -12.601392563148952 -12.601392563148952
7.763819095477386 -12.564071281755254 -12.564071281755254 -12.564071281755254 -12.564071281755254 -12.564071281755254 -12.564071281755254 -12.564071281755254 -12.564071281755254 -12.564071281755254 -12.564071281755254 -12.564071281755254 -12.564071281755254 -12.564071281755254
7.839195979899497 -12.526750000361556 -12.526750000361556 -12.526750000361556 -12.526750000361556 -12.526750000361556 -12.526750000361556 -12.526750000361556 -12.526750000361556 -12.526750000361556 -12.526750000361556 -12.526750000361556 -12.526750000361556 -12.526750000361556
7.914572864321608 -12.489428718967858 -12.489428718967858 -12.489428718967858 -12.489428718967858 -12.489428718967858 -12.489428718967858 -12.489428718967858 -12.489428718967858 -12.489428718967858 -12.489428718967858 -12.489428718967858 -12.489428718967858 -12.489428718967858
7.989949748743718 -12.452107437574162 -12.452107437574162 -12.452107437574162 -12.452107437574162 -12.452107437574162 -12.452107437574162 -12.452107437574162 -12.452107437574162 -12.452107437574162 -12.452107437574162 -12.452107437574162 -12.452107437574162 -12.452107437574162
8.065326633165828 -12.414786156180464 -12.414786156180464 -12.414786156180464 -12.414786156180464 -12.414786156180464 -12.414786156180464 -12.414786156180464 -12.414786156180464 -12.414786156180464 -12.414786156180464 -12.414786156180464 -12.414786156180464 -12.414786156180464
8.140703517587939 -12.377464874786765 -12.377464874786765 -12.377464874786765 -12.377464874786765 -12.377464874786765 -12.377464874786765 -12.377464874786765 -12.377464874786765 -12.377464874786765 -12.377464874786765 -12.377464874786765 -12.377464874786765 -12.377464874786765
8.21608040201005 -12.340143593393067 -12.340143593393067 -12.340143593393067 -12.340143593393067 -12.340143593393067 -12.340143593393067 -12.340143593393067 -12.340143593393067 -12.340143593393067 -12.340143593393067 -12.340143593393067 -12.340143593393067 -12.340143593393067
8.29145728643216 -12.302822311999371 -12.302822311999371 -12.302822311999371 -12.302822311999371 -12.302822311999371 -12.302822311999371 -12.302822311999371 -12.302822311999371 -12.302822311999371 -12.302822311999371 -12.302822311999371 -12.302822311999371 -12.302822311999371
8.36683417085427 -12.265501030605673 -12.265501030605673 -12.265501030605673 -12.265501030605673 -12.265501030605673 -12.265501030605673 -12.265501030605673 -12.265501030605673 -12.265501030605673 -12.265501030605673 -12.265501030605673 -12.265501030605673 -12.265501030605673
8.442211055276381 -12.228179749211975 -12.228179749211975 -12.228179749211975 -12.228179749211975 -12.228179749211975 -12.228179749211975 -12.228179749211975 -12.228179749211975 -12.228179749211975 -12.228179749211975 -12.228179749211975 -12.228179749211975 -12.228179749211975
8.517587939698492 -12.190858467818277 -12.190858467818277 -12.190858467818277 -12.190858467818277 -12.190858467818277 -12.190858467818277 -12.190858467818277 -12.190858467818277 -12.190858467818277 -12.190858467818277 -12.190858467818277 -12.190858467818277 -12.190858467818277
8.592964824120603 -12.153537186424579 -12.153537186424579 -12.153537186424579 -12.153537186424579 -12.153537186424579 -12.153537186424579 -12.153537186424579 -12.153537186424579 -12.153537186424579 -12.153537186424579 -12.153537186424579 -12.153537186424579 -12.153537186424579
8.668341708542712 -12.11621590503088 -12.11621590503088 -12.11621590503088 -12.11621590503088 -12.11621590503088 -12.11621590503088 -12.11621590503088 -12.11621590503088 -12.11621590503088 -12.11621590503088 -12.11621590503088 -12.11621590503088 -12.11621590503088
