web/models/linear/50/-16_408_0_048.dat
# %ECSV 1.0
# ---
# datatype:
# - {name: time, datatype: float64}
# - {name: swift_uvot_uvw2, datatype: float64}
# - {name: swift_uvot_uvm2, datatype: float64}
# - {name: swift_uvot_uvw1, datatype: float64}
# - {name: swift_uvot_U, datatype: float64}
# - {name: swift_uvot_B, datatype: float64}
# - {name: swift_uvot_V, datatype: float64}
# - {name: swift_uvot_W, datatype: float64}
# - {name: johnson_U, datatype: float64}
# - {name: johnson_B, datatype: float64}
# - {name: johnson_V, datatype: float64}
# - {name: johnson_R, datatype: float64}
# - {name: johnson_I, datatype: float64}
# - {name: sdss_u, datatype: float64}
# - {name: sdss_g, datatype: float64}
# - {name: sdss_r, datatype: float64}
# - {name: sdss_i, datatype: float64}
# - {name: sdss_z, datatype: float64}
# - {name: PS1_g, datatype: float64}
# - {name: PS1_r, datatype: float64}
# - {name: PS1_i, datatype: float64}
# - {name: PS1_z, datatype: float64}
# - {name: PS1_Y, datatype: float64}
# - {name: PS1_w, datatype: float64}
# - {name: ATLAS_c, datatype: float64}
# - {name: ATLAS_o, datatype: float64}
# - {name: ukirt_J, datatype: float64}
# - {name: ukirt_H, datatype: float64}
# - {name: ukirt_K, datatype: float64}
# - {name: Clear, datatype: float64}
# meta: !!omap
# - comment: [M=-16.408163265306122, dM=0.04832801721026124]
# schema: astropy-2.0
time swift_uvot_uvw2 swift_uvot_uvm2 swift_uvot_uvw1 swift_uvot_U swift_uvot_B swift_uvot_V swift_uvot_W johnson_U johnson_B johnson_V johnson_R johnson_I sdss_u sdss_g sdss_r sdss_i sdss_z PS1_g PS1_r PS1_i PS1_z PS1_Y PS1_w ATLAS_c ATLAS_o ukirt_J ukirt_H ukirt_K Clear
[from data line 55]
4.14572864321608 -16.2078084200877 -16.2078084200877 -16.2078084200877 -16.2078084200877 -16.2078084200877 -16.2078084200877 -16.2078084200877 -16.2078084200877 -16.2078084200877 -16.2078084200877 -16.2078084200877 -16.2078084200877 -16.2078084200877 -16.2078084200877 -16.2078084200877 -16.2078084200877 -16.2078084200877 -16.2078084200877 -16.2078084200877 -16.2078084200877 -16.2078084200877 -16.2078084200877 -16.2078084200877 -16.2078084200877 -16.2078084200877 -16.2078084200877 -16.2078084200877 -16.2078084200877 -16.2078084200877
4.221105527638191 -16.204165604720096 -16.204165604720096 -16.204165604720096 -16.204165604720096 -16.204165604720096 -16.204165604720096 -16.204165604720096 -16.204165604720096 -16.204165604720096 -16.204165604720096 -16.204165604720096 -16.204165604720096 -16.204165604720096 -16.204165604720096 -16.204165604720096 -16.204165604720096 -16.204165604720096 -16.204165604720096 -16.204165604720096 -16.204165604720096 -16.204165604720096 -16.204165604720096 -16.204165604720096 -16.204165604720096 -16.204165604720096 -16.204165604720096 -16.204165604720096 -16.204165604720096 -16.204165604720096
4.296482412060302 -16.200522789352487 -16.200522789352487 -16.200522789352487 -16.200522789352487 -16.200522789352487 -16.200522789352487 -16.200522789352487 -16.200522789352487 -16.200522789352487 -16.200522789352487 -16.200522789352487 -16.200522789352487 -16.200522789352487 -16.200522789352487 -16.200522789352487 -16.200522789352487 -16.200522789352487 -16.200522789352487 -16.200522789352487 -16.200522789352487 -16.200522789352487 -16.200522789352487 -16.200522789352487 -16.200522789352487 -16.200522789352487 -16.200522789352487 -16.200522789352487 -16.200522789352487 -16.200522789352487
4.371859296482412 -16.196879973984878 -16.196879973984878 -16.196879973984878 -16.196879973984878 -16.196879973984878 -16.196879973984878 -16.196879973984878 -16.196879973984878 -16.196879973984878 -16.196879973984878 -16.196879973984878 -16.196879973984878 -16.196879973984878 -16.196879973984878 -16.196879973984878 -16.196879973984878 -16.196879973984878 -16.196879973984878 -16.196879973984878 -16.196879973984878 -16.196879973984878 -16.196879973984878 -16.196879973984878 -16.196879973984878 -16.196879973984878 -16.196879973984878 -16.196879973984878 -16.196879973984878 -16.196879973984878
4.447236180904522 -16.193237158617272 -16.193237158617272 -16.193237158617272 -16.193237158617272 -16.193237158617272 -16.193237158617272 -16.193237158617272 -16.193237158617272 -16.193237158617272 -16.193237158617272 -16.193237158617272 -16.193237158617272 -16.193237158617272 -16.193237158617272 -16.193237158617272 -16.193237158617272 -16.193237158617272 -16.193237158617272 -16.193237158617272 -16.193237158617272 -16.193237158617272 -16.193237158617272 -16.193237158617272 -16.193237158617272 -16.193237158617272 -16.193237158617272 -16.193237158617272 -16.193237158617272 -16.193237158617272
4.522613065326633 -16.189594343249663 -16.189594343249663 -16.189594343249663 -16.189594343249663 -16.189594343249663 -16.189594343249663 -16.189594343249663 -16.189594343249663 -16.189594343249663 -16.189594343249663 -16.189594343249663 -16.189594343249663 -16.189594343249663 -16.189594343249663 -16.189594343249663 -16.189594343249663 -16.189594343249663 -16.189594343249663 -16.189594343249663 -16.189594343249663 -16.189594343249663 -16.189594343249663 -16.189594343249663 -16.189594343249663 -16.189594343249663 -16.189594343249663 -16.189594343249663 -16.189594343249663 -16.189594343249663
4.597989949748744 -16.185951527882057 -16.185951527882057 -16.185951527882057 -16.185951527882057 -16.185951527882057 -16.185951527882057 -16.185951527882057 -16.185951527882057 -16.185951527882057 -16.185951527882057 -16.185951527882057 -16.185951527882057 -16.185951527882057 -16.185951527882057 -16.185951527882057 -16.185951527882057 -16.185951527882057 -16.185951527882057 -16.185951527882057 -16.185951527882057 -16.185951527882057 -16.185951527882057 -16.185951527882057 -16.185951527882057 -16.185951527882057 -16.185951527882057 -16.185951527882057 -16.185951527882057 -16.185951527882057
4.673366834170854 -16.18230871251445 -16.18230871251445 -16.18230871251445 -16.18230871251445 -16.18230871251445 -16.18230871251445 -16.18230871251445 -16.18230871251445 -16.18230871251445 -16.18230871251445 -16.18230871251445 -16.18230871251445 -16.18230871251445 -16.18230871251445 -16.18230871251445 -16.18230871251445 -16.18230871251445 -16.18230871251445 -16.18230871251445 -16.18230871251445 -16.18230871251445 -16.18230871251445 -16.18230871251445 -16.18230871251445 -16.18230871251445 -16.18230871251445 -16.18230871251445 -16.18230871251445 -16.18230871251445
4.748743718592964 -16.178665897146843 -16.178665897146843 -16.178665897146843 -16.178665897146843 -16.178665897146843 -16.178665897146843 -16.178665897146843 -16.178665897146843 -16.178665897146843 -16.178665897146843 -16.178665897146843 -16.178665897146843 -16.178665897146843 -16.178665897146843 -16.178665897146843 -16.178665897146843 -16.178665897146843 -16.178665897146843 -16.178665897146843 -16.178665897146843 -16.178665897146843 -16.178665897146843 -16.178665897146843 -16.178665897146843 -16.178665897146843 -16.178665897146843 -16.178665897146843 -16.178665897146843 -16.178665897146843
4.824120603015075 -16.175023081779234 -16.175023081779234 -16.175023081779234 -16.175023081779234 -16.175023081779234 -16.175023081779234 -16.175023081779234 -16.175023081779234 -16.175023081779234 -16.175023081779234 -16.175023081779234 -16.175023081779234 -16.175023081779234 -16.175023081779234 -16.175023081779234 -16.175023081779234 -16.175023081779234 -16.175023081779234 -16.175023081779234 -16.175023081779234 -16.175023081779234 -16.175023081779234 -16.175023081779234 -16.175023081779234 -16.175023081779234 -16.175023081779234 -16.175023081779234 -16.175023081779234 -16.175023081779234
4.899497487437186 -16.171380266411624 -16.171380266411624 -16.171380266411624 -16.171380266411624 -16.171380266411624 -16.171380266411624 -16.171380266411624 -16.171380266411624 -16.171380266411624 -16.171380266411624 -16.171380266411624 -16.171380266411624 -16.171380266411624 -16.171380266411624 -16.171380266411624 -16.171380266411624 -16.171380266411624 -16.171380266411624 -16.171380266411624 -16.171380266411624 -16.171380266411624 -16.171380266411624 -16.171380266411624 -16.171380266411624 -16.171380266411624 -16.171380266411624 -16.171380266411624 -16.171380266411624 -16.171380266411624
4.974874371859296 -16.16773745104402 -16.16773745104402 -16.16773745104402 -16.16773745104402 -16.16773745104402 -16.16773745104402 -16.16773745104402 -16.16773745104402 -16.16773745104402 -16.16773745104402 -16.16773745104402 -16.16773745104402 -16.16773745104402 -16.16773745104402 -16.16773745104402 -16.16773745104402 -16.16773745104402 -16.16773745104402 -16.16773745104402 -16.16773745104402 -16.16773745104402 -16.16773745104402 -16.16773745104402 -16.16773745104402 -16.16773745104402 -16.16773745104402 -16.16773745104402 -16.16773745104402 -16.16773745104402
5.050251256281406 -16.16409463567641 -16.16409463567641 -16.16409463567641 -16.16409463567641 -16.16409463567641 -16.16409463567641 -16.16409463567641 -16.16409463567641 -16.16409463567641 -16.16409463567641 -16.16409463567641 -16.16409463567641 -16.16409463567641 -16.16409463567641 -16.16409463567641 -16.16409463567641 -16.16409463567641 -16.16409463567641 -16.16409463567641 -16.16409463567641 -16.16409463567641 -16.16409463567641 -16.16409463567641 -16.16409463567641 -16.16409463567641 -16.16409463567641 -16.16409463567641 -16.16409463567641 -16.16409463567641
5.125628140703517 -16.160451820308804 -16.160451820308804 -16.160451820308804 -16.160451820308804 -16.160451820308804 -16.160451820308804 -16.160451820308804 -16.160451820308804 -16.160451820308804 -16.160451820308804 -16.160451820308804 -16.160451820308804 -16.160451820308804 -16.160451820308804 -16.160451820308804 -16.160451820308804 -16.160451820308804 -16.160451820308804 -16.160451820308804 -16.160451820308804 -16.160451820308804 -16.160451820308804 -16.160451820308804 -16.160451820308804 -16.160451820308804 -16.160451820308804 -16.160451820308804 -16.160451820308804 -16.160451820308804
5.201005025125628 -16.156809004941195 -16.156809004941195 -16.156809004941195 -16.156809004941195 -16.156809004941195 -16.156809004941195 -16.156809004941195 -16.156809004941195 -16.156809004941195 -16.156809004941195 -16.156809004941195 -16.156809004941195 -16.156809004941195 -16.156809004941195 -16.156809004941195 -16.156809004941195 -16.156809004941195 -16.156809004941195 -16.156809004941195 -16.156809004941195 -16.156809004941195 -16.156809004941195 -16.156809004941195 -16.156809004941195 -16.156809004941195 -16.156809004941195 -16.156809004941195 -16.156809004941195 -16.156809004941195
5.276381909547738 -16.15316618957359 -16.15316618957359 -16.15316618957359 -16.15316618957359 -16.15316618957359 -16.15316618957359 -16.15316618957359 -16.15316618957359 -16.15316618957359 -16.15316618957359 -16.15316618957359 -16.15316618957359 -16.15316618957359 -16.15316618957359 -16.15316618957359 -16.15316618957359 -16.15316618957359 -16.15316618957359 -16.15316618957359 -16.15316618957359 -16.15316618957359 -16.15316618957359 -16.15316618957359 -16.15316618957359 -16.15316618957359 -16.15316618957359 -16.15316618957359 -16.15316618957359 -16.15316618957359
5.351758793969848 -16.14952337420598 -16.14952337420598 -16.14952337420598 -16.14952337420598 -16.14952337420598 -16.14952337420598 -16.14952337420598 -16.14952337420598 -16.14952337420598 -16.14952337420598 -16.14952337420598 -16.14952337420598 -16.14952337420598 -16.14952337420598 -16.14952337420598 -16.14952337420598 -16.14952337420598 -16.14952337420598 -16.14952337420598 -16.14952337420598 -16.14952337420598 -16.14952337420598 -16.14952337420598 -16.14952337420598 -16.14952337420598 -16.14952337420598 -16.14952337420598 -16.14952337420598 -16.14952337420598
5.427135678391959 -16.14588055883837 -16.14588055883837 -16.14588055883837 -16.14588055883837 -16.14588055883837 -16.14588055883837 -16.14588055883837 -16.14588055883837 -16.14588055883837 -16.14588055883837 -16.14588055883837 -16.14588055883837 -16.14588055883837 -16.14588055883837 -16.14588055883837 -16.14588055883837 -16.14588055883837 -16.14588055883837 -16.14588055883837 -16.14588055883837 -16.14588055883837 -16.14588055883837 -16.14588055883837 -16.14588055883837 -16.14588055883837 -16.14588055883837 -16.14588055883837 -16.14588055883837 -16.14588055883837
5.50251256281407 -16.142237743470766 -16.142237743470766 -16.142237743470766 -16.142237743470766 -16.142237743470766 -16.142237743470766 -16.142237743470766 -16.142237743470766 -16.142237743470766 -16.142237743470766 -16.142237743470766 -16.142237743470766 -16.142237743470766 -16.142237743470766 -16.142237743470766 -16.142237743470766 -16.142237743470766 -16.142237743470766 -16.142237743470766 -16.142237743470766 -16.142237743470766 -16.142237743470766 -16.142237743470766 -16.142237743470766 -16.142237743470766 -16.142237743470766 -16.142237743470766 -16.142237743470766 -16.142237743470766
5.57788944723618 -16.138594928103156 -16.138594928103156 -16.138594928103156 -16.138594928103156 -16.138594928103156 -16.138594928103156 -16.138594928103156 -16.138594928103156 -16.138594928103156 -16.138594928103156 -16.138594928103156 -16.138594928103156 -16.138594928103156 -16.138594928103156 -16.138594928103156 -16.138594928103156 -16.138594928103156 -16.138594928103156 -16.138594928103156 -16.138594928103156 -16.138594928103156 -16.138594928103156 -16.138594928103156 -16.138594928103156 -16.138594928103156 -16.138594928103156 -16.138594928103156 -16.138594928103156 -16.138594928103156
5.6532663316582905 -16.13495211273555 -16.13495211273555 -16.13495211273555 -16.13495211273555 -16.13495211273555 -16.13495211273555 -16.13495211273555 -16.13495211273555 -16.13495211273555 -16.13495211273555 -16.13495211273555 -16.13495211273555 -16.13495211273555 -16.13495211273555 -16.13495211273555 -16.13495211273555 -16.13495211273555 -16.13495211273555 -16.13495211273555 -16.13495211273555 -16.13495211273555 -16.13495211273555 -16.13495211273555 -16.13495211273555 -16.13495211273555 -16.13495211273555 -16.13495211273555 -16.13495211273555 -16.13495211273555
5.7286432160804015 -16.13130929736794 -16.13130929736794 -16.13130929736794 -16.13130929736794 -16.13130929736794 -16.13130929736794 -16.13130929736794 -16.13130929736794 -16.13130929736794 -16.13130929736794 -16.13130929736794 -16.13130929736794 -16.13130929736794 -16.13130929736794 -16.13130929736794 -16.13130929736794 -16.13130929736794 -16.13130929736794 -16.13130929736794 -16.13130929736794 -16.13130929736794 -16.13130929736794 -16.13130929736794 -16.13130929736794 -16.13130929736794 -16.13130929736794 -16.13130929736794 -16.13130929736794 -16.13130929736794
5.8040201005025125 -16.127666482000336 -16.127666482000336 -16.127666482000336 -16.127666482000336 -16.127666482000336 -16.127666482000336 -16.127666482000336 -16.127666482000336 -16.127666482000336 -16.127666482000336 -16.127666482000336 -16.127666482000336 -16.127666482000336 -16.127666482000336 -16.127666482000336 -16.127666482000336 -16.127666482000336 -16.127666482000336 -16.127666482000336 -16.127666482000336 -16.127666482000336 -16.127666482000336 -16.127666482000336 -16.127666482000336 -16.127666482000336 -16.127666482000336 -16.127666482000336 -16.127666482000336 -16.127666482000336
5.879396984924623 -16.124023666632727 -16.124023666632727 -16.124023666632727 -16.124023666632727 -16.124023666632727 -16.124023666632727 -16.124023666632727 -16.124023666632727 -16.124023666632727 -16.124023666632727 -16.124023666632727 -16.124023666632727 -16.124023666632727 -16.124023666632727 -16.124023666632727 -16.124023666632727 -16.124023666632727 -16.124023666632727 -16.124023666632727 -16.124023666632727 -16.124023666632727 -16.124023666632727 -16.124023666632727 -16.124023666632727 -16.124023666632727 -16.124023666632727 -16.124023666632727 -16.124023666632727 -16.124023666632727
5.954773869346733 -16.120380851265118 -16.120380851265118 -16.120380851265118 -16.120380851265118 -16.120380851265118 -16.120380851265118 -16.120380851265118 -16.120380851265118 -16.120380851265118 -16.120380851265118 -16.120380851265118 -16.120380851265118 -16.120380851265118 -16.120380851265118 -16.120380851265118 -16.120380851265118 -16.120380851265118 -16.120380851265118 -16.120380851265118 -16.120380851265118 -16.120380851265118 -16.120380851265118 -16.120380851265118 -16.120380851265118 -16.120380851265118 -16.120380851265118 -16.120380851265118 -16.120380851265118 -16.120380851265118
6.030150753768844 -16.116738035897512 -16.116738035897512 -16.116738035897512 -16.116738035897512 -16.116738035897512 -16.116738035897512 -16.116738035897512 -16.116738035897512 -16.116738035897512 -16.116738035897512 -16.116738035897512 -16.116738035897512 -16.116738035897512 -16.116738035897512 -16.116738035897512 -16.116738035897512 -16.116738035897512 -16.116738035897512 -16.116738035897512 -16.116738035897512 -16.116738035897512 -16.116738035897512 -16.116738035897512 -16.116738035897512 -16.116738035897512 -16.116738035897512 -16.116738035897512 -16.116738035897512 -16.116738035897512
