web/models/linear/50/-16_408_0_195.dat
# %ECSV 1.0
# ---
# datatype:
# - {name: time, datatype: float64}
# - {name: sdss_u, datatype: float64}
# - {name: sdss_g, datatype: float64}
# - {name: sdss_r, datatype: float64}
# - {name: sdss_i, datatype: float64}
# - {name: sdss_z, datatype: float64}
# - {name: Clear, datatype: float64}
# - {name: johnson_B, datatype: float64}
# - {name: johnson_V, datatype: float64}
# - {name: johnson_R, datatype: float64}
# - {name: johnson_I, datatype: float64}
# - {name: ukirt_J, datatype: float64}
# - {name: ukirt_H, datatype: float64}
# - {name: ukirt_K, datatype: float64}
# meta: !!omap
# - comment: [M=-16.408163265306122, dM=0.19521384216045568]
# schema: astropy-2.0
time sdss_u sdss_g sdss_r sdss_i sdss_z Clear johnson_B johnson_V johnson_R johnson_I ukirt_J ukirt_H ukirt_K
[from data line 59]
4.447236180904522 -15.54000120343676 -15.54000120343676 -15.54000120343676 -15.54000120343676 -15.54000120343676 -15.54000120343676 -15.54000120343676 -15.54000120343676 -15.54000120343676 -15.54000120343676 -15.54000120343676 -15.54000120343676 -15.54000120343676
4.522613065326633 -15.525286592218634 -15.525286592218634 -15.525286592218634 -15.525286592218634 -15.525286592218634 -15.525286592218634 -15.525286592218634 -15.525286592218634 -15.525286592218634 -15.525286592218634 -15.525286592218634 -15.525286592218634 -15.525286592218634
4.597989949748744 -15.51057198100051 -15.51057198100051 -15.51057198100051 -15.51057198100051 -15.51057198100051 -15.51057198100051 -15.51057198100051 -15.51057198100051 -15.51057198100051 -15.51057198100051 -15.51057198100051 -15.51057198100051 -15.51057198100051
4.673366834170854 -15.495857369782385 -15.495857369782385 -15.495857369782385 -15.495857369782385 -15.495857369782385 -15.495857369782385 -15.495857369782385 -15.495857369782385 -15.495857369782385 -15.495857369782385 -15.495857369782385 -15.495857369782385 -15.495857369782385
4.748743718592964 -15.48114275856426 -15.48114275856426 -15.48114275856426 -15.48114275856426 -15.48114275856426 -15.48114275856426 -15.48114275856426 -15.48114275856426 -15.48114275856426 -15.48114275856426 -15.48114275856426 -15.48114275856426 -15.48114275856426
4.824120603015075 -15.466428147346136 -15.466428147346136 -15.466428147346136 -15.466428147346136 -15.466428147346136 -15.466428147346136 -15.466428147346136 -15.466428147346136 -15.466428147346136 -15.466428147346136 -15.466428147346136 -15.466428147346136 -15.466428147346136
4.899497487437186 -15.45171353612801 -15.45171353612801 -15.45171353612801 -15.45171353612801 -15.45171353612801 -15.45171353612801 -15.45171353612801 -15.45171353612801 -15.45171353612801 -15.45171353612801 -15.45171353612801 -15.45171353612801 -15.45171353612801
4.974874371859296 -15.436998924909885 -15.436998924909885 -15.436998924909885 -15.436998924909885 -15.436998924909885 -15.436998924909885 -15.436998924909885 -15.436998924909885 -15.436998924909885 -15.436998924909885 -15.436998924909885 -15.436998924909885 -15.436998924909885
5.050251256281406 -15.42228431369176 -15.42228431369176 -15.42228431369176 -15.42228431369176 -15.42228431369176 -15.42228431369176 -15.42228431369176 -15.42228431369176 -15.42228431369176 -15.42228431369176 -15.42228431369176 -15.42228431369176 -15.42228431369176
5.125628140703517 -15.407569702473635 -15.407569702473635 -15.407569702473635 -15.407569702473635 -15.407569702473635 -15.407569702473635 -15.407569702473635 -15.407569702473635 -15.407569702473635 -15.407569702473635 -15.407569702473635 -15.407569702473635 -15.407569702473635
5.201005025125628 -15.39285509125551 -15.39285509125551 -15.39285509125551 -15.39285509125551 -15.39285509125551 -15.39285509125551 -15.39285509125551 -15.39285509125551 -15.39285509125551 -15.39285509125551 -15.39285509125551 -15.39285509125551 -15.39285509125551
5.276381909547738 -15.378140480037386 -15.378140480037386 -15.378140480037386 -15.378140480037386 -15.378140480037386 -15.378140480037386 -15.378140480037386 -15.378140480037386 -15.378140480037386 -15.378140480037386 -15.378140480037386 -15.378140480037386 -15.378140480037386
5.351758793969848 -15.363425868819261 -15.363425868819261 -15.363425868819261 -15.363425868819261 -15.363425868819261 -15.363425868819261 -15.363425868819261 -15.363425868819261 -15.363425868819261 -15.363425868819261 -15.363425868819261 -15.363425868819261 -15.363425868819261
5.427135678391959 -15.348711257601137 -15.348711257601137 -15.348711257601137 -15.348711257601137 -15.348711257601137 -15.348711257601137 -15.348711257601137 -15.348711257601137 -15.348711257601137 -15.348711257601137 -15.348711257601137 -15.348711257601137 -15.348711257601137
5.50251256281407 -15.333996646383012 -15.333996646383012 -15.333996646383012 -15.333996646383012 -15.333996646383012 -15.333996646383012 -15.333996646383012 -15.333996646383012 -15.333996646383012 -15.333996646383012 -15.333996646383012 -15.333996646383012 -15.333996646383012
5.57788944723618 -15.319282035164887 -15.319282035164887 -15.319282035164887 -15.319282035164887 -15.319282035164887 -15.319282035164887 -15.319282035164887 -15.319282035164887 -15.319282035164887 -15.319282035164887 -15.319282035164887 -15.319282035164887 -15.319282035164887
5.6532663316582905 -15.304567423946763 -15.304567423946763 -15.304567423946763 -15.304567423946763 -15.304567423946763 -15.304567423946763 -15.304567423946763 -15.304567423946763 -15.304567423946763 -15.304567423946763 -15.304567423946763 -15.304567423946763 -15.304567423946763
5.7286432160804015 -15.289852812728638 -15.289852812728638 -15.289852812728638 -15.289852812728638 -15.289852812728638 -15.289852812728638 -15.289852812728638 -15.289852812728638 -15.289852812728638 -15.289852812728638 -15.289852812728638 -15.289852812728638 -15.289852812728638
5.8040201005025125 -15.275138201510511 -15.275138201510511 -15.275138201510511 -15.275138201510511 -15.275138201510511 -15.275138201510511 -15.275138201510511 -15.275138201510511 -15.275138201510511 -15.275138201510511 -15.275138201510511 -15.275138201510511 -15.275138201510511
5.879396984924623 -15.260423590292387 -15.260423590292387 -15.260423590292387 -15.260423590292387 -15.260423590292387 -15.260423590292387 -15.260423590292387 -15.260423590292387 -15.260423590292387 -15.260423590292387 -15.260423590292387 -15.260423590292387 -15.260423590292387
5.954773869346733 -15.245708979074262 -15.245708979074262 -15.245708979074262 -15.245708979074262 -15.245708979074262 -15.245708979074262 -15.245708979074262 -15.245708979074262 -15.245708979074262 -15.245708979074262 -15.245708979074262 -15.245708979074262 -15.245708979074262
6.030150753768844 -15.230994367856137 -15.230994367856137 -15.230994367856137 -15.230994367856137 -15.230994367856137 -15.230994367856137 -15.230994367856137 -15.230994367856137 -15.230994367856137 -15.230994367856137 -15.230994367856137 -15.230994367856137 -15.230994367856137
6.105527638190955 -15.216279756638013 -15.216279756638013 -15.216279756638013 -15.216279756638013 -15.216279756638013 -15.216279756638013 -15.216279756638013 -15.216279756638013 -15.216279756638013 -15.216279756638013 -15.216279756638013 -15.216279756638013 -15.216279756638013
6.180904522613065 -15.201565145419888 -15.201565145419888 -15.201565145419888 -15.201565145419888 -15.201565145419888 -15.201565145419888 -15.201565145419888 -15.201565145419888 -15.201565145419888 -15.201565145419888 -15.201565145419888 -15.201565145419888 -15.201565145419888
6.256281407035175 -15.186850534201763 -15.186850534201763 -15.186850534201763 -15.186850534201763 -15.186850534201763 -15.186850534201763 -15.186850534201763 -15.186850534201763 -15.186850534201763 -15.186850534201763 -15.186850534201763 -15.186850534201763 -15.186850534201763
6.331658291457286 -15.172135922983639 -15.172135922983639 -15.172135922983639 -15.172135922983639 -15.172135922983639 -15.172135922983639 -15.172135922983639 -15.172135922983639 -15.172135922983639 -15.172135922983639 -15.172135922983639 -15.172135922983639 -15.172135922983639
6.407035175879397 -15.157421311765514 -15.157421311765514 -15.157421311765514 -15.157421311765514 -15.157421311765514 -15.157421311765514 -15.157421311765514 -15.157421311765514 -15.157421311765514 -15.157421311765514 -15.157421311765514 -15.157421311765514 -15.157421311765514
6.482412060301507 -15.14270670054739 -15.14270670054739 -15.14270670054739 -15.14270670054739 -15.14270670054739 -15.14270670054739 -15.14270670054739 -15.14270670054739 -15.14270670054739 -15.14270670054739 -15.14270670054739 -15.14270670054739 -15.14270670054739
6.557788944723617 -15.127992089329265 -15.127992089329265 -15.127992089329265 -15.127992089329265 -15.127992089329265 -15.127992089329265 -15.127992089329265 -15.127992089329265 -15.127992089329265 -15.127992089329265 -15.127992089329265 -15.127992089329265 -15.127992089329265
6.633165829145728 -15.11327747811114 -15.11327747811114 -15.11327747811114 -15.11327747811114 -15.11327747811114 -15.11327747811114 -15.11327747811114 -15.11327747811114 -15.11327747811114 -15.11327747811114 -15.11327747811114 -15.11327747811114 -15.11327747811114
6.708542713567839 -15.098562866893015 -15.098562866893015 -15.098562866893015 -15.098562866893015 -15.098562866893015 -15.098562866893015 -15.098562866893015 -15.098562866893015 -15.098562866893015 -15.098562866893015 -15.098562866893015 -15.098562866893015 -15.098562866893015
6.783919597989949 -15.08384825567489 -15.08384825567489 -15.08384825567489 -15.08384825567489 -15.08384825567489 -15.08384825567489 -15.08384825567489 -15.08384825567489 -15.08384825567489 -15.08384825567489 -15.08384825567489 -15.08384825567489 -15.08384825567489
6.859296482412059 -15.069133644456766 -15.069133644456766 -15.069133644456766 -15.069133644456766 -15.069133644456766 -15.069133644456766 -15.069133644456766 -15.069133644456766 -15.069133644456766 -15.069133644456766 -15.069133644456766 -15.069133644456766 -15.069133644456766
6.93467336683417 -15.054419033238641 -15.054419033238641 -15.054419033238641 -15.054419033238641 -15.054419033238641 -15.054419033238641 -15.054419033238641 -15.054419033238641 -15.054419033238641 -15.054419033238641 -15.054419033238641 -15.054419033238641 -15.054419033238641
7.010050251256281 -15.039704422020515 -15.039704422020515 -15.039704422020515 -15.039704422020515 -15.039704422020515 -15.039704422020515 -15.039704422020515 -15.039704422020515 -15.039704422020515 -15.039704422020515 -15.039704422020515 -15.039704422020515 -15.039704422020515
7.085427135678391 -15.02498981080239 -15.02498981080239 -15.02498981080239 -15.02498981080239 -15.02498981080239 -15.02498981080239 -15.02498981080239 -15.02498981080239 -15.02498981080239 -15.02498981080239 -15.02498981080239 -15.02498981080239 -15.02498981080239
7.160804020100501 -15.010275199584266 -15.010275199584266 -15.010275199584266 -15.010275199584266 -15.010275199584266 -15.010275199584266 -15.010275199584266 -15.010275199584266 -15.010275199584266 -15.010275199584266 -15.010275199584266 -15.010275199584266 -15.010275199584266
7.236180904522612 -14.995560588366141 -14.995560588366141 -14.995560588366141 -14.995560588366141 -14.995560588366141 -14.995560588366141 -14.995560588366141 -14.995560588366141 -14.995560588366141 -14.995560588366141 -14.995560588366141 -14.995560588366141 -14.995560588366141
7.311557788944723 -14.980845977148016 -14.980845977148016 -14.980845977148016 -14.980845977148016 -14.980845977148016 -14.980845977148016 -14.980845977148016 -14.980845977148016 -14.980845977148016 -14.980845977148016 -14.980845977148016 -14.980845977148016 -14.980845977148016
7.3869346733668335 -14.966131365929892 -14.966131365929892 -14.966131365929892 -14.966131365929892 -14.966131365929892 -14.966131365929892 -14.966131365929892 -14.966131365929892 -14.966131365929892 -14.966131365929892 -14.966131365929892 -14.966131365929892 -14.966131365929892
7.462311557788944 -14.951416754711767 -14.951416754711767 -14.951416754711767 -14.951416754711767 -14.951416754711767 -14.951416754711767 -14.951416754711767 -14.951416754711767 -14.951416754711767 -14.951416754711767 -14.951416754711767 -14.951416754711767 -14.951416754711767
7.537688442211055 -14.936702143493642 -14.936702143493642 -14.936702143493642 -14.936702143493642 -14.936702143493642 -14.936702143493642 -14.936702143493642 -14.936702143493642 -14.936702143493642 -14.936702143493642 -14.936702143493642 -14.936702143493642 -14.936702143493642
7.613065326633166 -14.921987532275518 -14.921987532275518 -14.921987532275518 -14.921987532275518 -14.921987532275518 -14.921987532275518 -14.921987532275518 -14.921987532275518 -14.921987532275518 -14.921987532275518 -14.921987532275518 -14.921987532275518 -14.921987532275518
7.688442211055276 -14.907272921057393 -14.907272921057393 -14.907272921057393 -14.907272921057393 -14.907272921057393 -14.907272921057393 -14.907272921057393 -14.907272921057393 -14.907272921057393 -14.907272921057393 -14.907272921057393 -14.907272921057393 -14.907272921057393
7.763819095477386 -14.892558309839268 -14.892558309839268 -14.892558309839268 -14.892558309839268 -14.892558309839268 -14.892558309839268 -14.892558309839268 -14.892558309839268 -14.892558309839268 -14.892558309839268 -14.892558309839268 -14.892558309839268 -14.892558309839268
7.839195979899497 -14.877843698621144 -14.877843698621144 -14.877843698621144 -14.877843698621144 -14.877843698621144 -14.877843698621144 -14.877843698621144 -14.877843698621144 -14.877843698621144 -14.877843698621144 -14.877843698621144 -14.877843698621144 -14.877843698621144
7.914572864321608 -14.863129087403019 -14.863129087403019 -14.863129087403019 -14.863129087403019 -14.863129087403019 -14.863129087403019 -14.863129087403019 -14.863129087403019 -14.863129087403019 -14.863129087403019 -14.863129087403019 -14.863129087403019 -14.863129087403019
7.989949748743718 -14.848414476184892 -14.848414476184892 -14.848414476184892 -14.848414476184892 -14.848414476184892 -14.848414476184892 -14.848414476184892 -14.848414476184892 -14.848414476184892 -14.848414476184892 -14.848414476184892 -14.848414476184892 -14.848414476184892
8.065326633165828 -14.833699864966768 -14.833699864966768 -14.833699864966768 -14.833699864966768 -14.833699864966768 -14.833699864966768 -14.833699864966768 -14.833699864966768 -14.833699864966768 -14.833699864966768 -14.833699864966768 -14.833699864966768 -14.833699864966768
8.140703517587939 -14.818985253748643 -14.818985253748643 -14.818985253748643 -14.818985253748643 -14.818985253748643 -14.818985253748643 -14.818985253748643 -14.818985253748643 -14.818985253748643 -14.818985253748643 -14.818985253748643 -14.818985253748643 -14.818985253748643
8.21608040201005 -14.804270642530518 -14.804270642530518 -14.804270642530518 -14.804270642530518 -14.804270642530518 -14.804270642530518 -14.804270642530518 -14.804270642530518 -14.804270642530518 -14.804270642530518 -14.804270642530518 -14.804270642530518 -14.804270642530518
8.29145728643216 -14.789556031312394 -14.789556031312394 -14.789556031312394 -14.789556031312394 -14.789556031312394 -14.789556031312394 -14.789556031312394 -14.789556031312394 -14.789556031312394 -14.789556031312394 -14.789556031312394 -14.789556031312394 -14.789556031312394
8.36683417085427 -14.774841420094269 -14.774841420094269 -14.774841420094269 -14.774841420094269 -14.774841420094269 -14.774841420094269 -14.774841420094269 -14.774841420094269 -14.774841420094269 -14.774841420094269 -14.774841420094269 -14.774841420094269 -14.774841420094269
8.442211055276381 -14.760126808876144 -14.760126808876144 -14.760126808876144 -14.760126808876144 -14.760126808876144 -14.760126808876144 -14.760126808876144 -14.760126808876144 -14.760126808876144 -14.760126808876144 -14.760126808876144 -14.760126808876144 -14.760126808876144
8.517587939698492 -14.74541219765802 -14.74541219765802 -14.74541219765802 -14.74541219765802 -14.74541219765802 -14.74541219765802 -14.74541219765802 -14.74541219765802 -14.74541219765802 -14.74541219765802 -14.74541219765802 -14.74541219765802 -14.74541219765802
8.592964824120603 -14.730697586439895 -14.730697586439895 -14.730697586439895 -14.730697586439895 -14.730697586439895 -14.730697586439895 -14.730697586439895 -14.730697586439895 -14.730697586439895 -14.730697586439895 -14.730697586439895 -14.730697586439895 -14.730697586439895
8.668341708542712 -14.71598297522177 -14.71598297522177 -14.71598297522177 -14.71598297522177 -14.71598297522177 -14.71598297522177 -14.71598297522177 -14.71598297522177 -14.71598297522177 -14.71598297522177 -14.71598297522177 -14.71598297522177 -14.71598297522177
