web/models/linear/50/-16_408_0_228.dat
# %ECSV 1.0
# ---
# datatype:
# - {name: time, datatype: float64}
# - {name: swift_uvot_uvw2, datatype: float64}
# - {name: swift_uvot_uvm2, datatype: float64}
# - {name: swift_uvot_uvw1, datatype: float64}
# - {name: swift_uvot_U, datatype: float64}
# - {name: swift_uvot_B, datatype: float64}
# - {name: swift_uvot_V, datatype: float64}
# - {name: swift_uvot_W, datatype: float64}
# - {name: johnson_U, datatype: float64}
# - {name: johnson_B, datatype: float64}
# - {name: johnson_V, datatype: float64}
# - {name: johnson_R, datatype: float64}
# - {name: johnson_I, datatype: float64}
# - {name: sdss_u, datatype: float64}
# - {name: sdss_g, datatype: float64}
# - {name: sdss_r, datatype: float64}
# - {name: sdss_i, datatype: float64}
# - {name: sdss_z, datatype: float64}
# - {name: PS1_g, datatype: float64}
# - {name: PS1_r, datatype: float64}
# - {name: PS1_i, datatype: float64}
# - {name: PS1_z, datatype: float64}
# - {name: PS1_Y, datatype: float64}
# - {name: PS1_w, datatype: float64}
# - {name: ATLAS_c, datatype: float64}
# - {name: ATLAS_o, datatype: float64}
# - {name: ukirt_J, datatype: float64}
# - {name: ukirt_H, datatype: float64}
# - {name: ukirt_K, datatype: float64}
# - {name: Clear, datatype: float64}
# meta: !!omap
# - comment: [M=-16.408163265306122, dM=0.22797045620951936]
# schema: astropy-2.0
time swift_uvot_uvw2 swift_uvot_uvm2 swift_uvot_uvw1 swift_uvot_U swift_uvot_B swift_uvot_V swift_uvot_W johnson_U johnson_B johnson_V johnson_R johnson_I sdss_u sdss_g sdss_r sdss_i sdss_z PS1_g PS1_r PS1_i PS1_z PS1_Y PS1_w ATLAS_c ATLAS_o ukirt_J ukirt_H ukirt_K Clear
[from data line 136]
10.251256281407034 -14.07117969411306 -14.07117969411306 -14.07117969411306 -14.07117969411306 -14.07117969411306 -14.07117969411306 -14.07117969411306 -14.07117969411306 -14.07117969411306 -14.07117969411306 -14.07117969411306 -14.07117969411306 -14.07117969411306 -14.07117969411306 -14.07117969411306 -14.07117969411306 -14.07117969411306 -14.07117969411306 -14.07117969411306 -14.07117969411306 -14.07117969411306 -14.07117969411306 -14.07117969411306 -14.07117969411306 -14.07117969411306 -14.07117969411306 -14.07117969411306 -14.07117969411306 -14.07117969411306
10.326633165829145 -14.0539959913837 -14.0539959913837 -14.0539959913837 -14.0539959913837 -14.0539959913837 -14.0539959913837 -14.0539959913837 -14.0539959913837 -14.0539959913837 -14.0539959913837 -14.0539959913837 -14.0539959913837 -14.0539959913837 -14.0539959913837 -14.0539959913837 -14.0539959913837 -14.0539959913837 -14.0539959913837 -14.0539959913837 -14.0539959913837 -14.0539959913837 -14.0539959913837 -14.0539959913837 -14.0539959913837 -14.0539959913837 -14.0539959913837 -14.0539959913837 -14.0539959913837 -14.0539959913837
10.402010050251256 -14.036812288654337 -14.036812288654337 -14.036812288654337 -14.036812288654337 -14.036812288654337 -14.036812288654337 -14.036812288654337 -14.036812288654337 -14.036812288654337 -14.036812288654337 -14.036812288654337 -14.036812288654337 -14.036812288654337 -14.036812288654337 -14.036812288654337 -14.036812288654337 -14.036812288654337 -14.036812288654337 -14.036812288654337 -14.036812288654337 -14.036812288654337 -14.036812288654337 -14.036812288654337 -14.036812288654337 -14.036812288654337 -14.036812288654337 -14.036812288654337 -14.036812288654337 -14.036812288654337
10.477386934673365 -14.019628585924977 -14.019628585924977 -14.019628585924977 -14.019628585924977 -14.019628585924977 -14.019628585924977 -14.019628585924977 -14.019628585924977 -14.019628585924977 -14.019628585924977 -14.019628585924977 -14.019628585924977 -14.019628585924977 -14.019628585924977 -14.019628585924977 -14.019628585924977 -14.019628585924977 -14.019628585924977 -14.019628585924977 -14.019628585924977 -14.019628585924977 -14.019628585924977 -14.019628585924977 -14.019628585924977 -14.019628585924977 -14.019628585924977 -14.019628585924977 -14.019628585924977 -14.019628585924977
10.552763819095476 -14.002444883195617 -14.002444883195617 -14.002444883195617 -14.002444883195617 -14.002444883195617 -14.002444883195617 -14.002444883195617 -14.002444883195617 -14.002444883195617 -14.002444883195617 -14.002444883195617 -14.002444883195617 -14.002444883195617 -14.002444883195617 -14.002444883195617 -14.002444883195617 -14.002444883195617 -14.002444883195617 -14.002444883195617 -14.002444883195617 -14.002444883195617 -14.002444883195617 -14.002444883195617 -14.002444883195617 -14.002444883195617 -14.002444883195617 -14.002444883195617 -14.002444883195617 -14.002444883195617
10.628140703517587 -13.985261180466257 -13.985261180466257 -13.985261180466257 -13.985261180466257 -13.985261180466257 -13.985261180466257 -13.985261180466257 -13.985261180466257 -13.985261180466257 -13.985261180466257 -13.985261180466257 -13.985261180466257 -13.985261180466257 -13.985261180466257 -13.985261180466257 -13.985261180466257 -13.985261180466257 -13.985261180466257 -13.985261180466257 -13.985261180466257 -13.985261180466257 -13.985261180466257 -13.985261180466257 -13.985261180466257 -13.985261180466257 -13.985261180466257 -13.985261180466257 -13.985261180466257 -13.985261180466257
10.703517587939697 -13.968077477736895 -13.968077477736895 -13.968077477736895 -13.968077477736895 -13.968077477736895 -13.968077477736895 -13.968077477736895 -13.968077477736895 -13.968077477736895 -13.968077477736895 -13.968077477736895 -13.968077477736895 -13.968077477736895 -13.968077477736895 -13.968077477736895 -13.968077477736895 -13.968077477736895 -13.968077477736895 -13.968077477736895 -13.968077477736895 -13.968077477736895 -13.968077477736895 -13.968077477736895 -13.968077477736895 -13.968077477736895 -13.968077477736895 -13.968077477736895 -13.968077477736895 -13.968077477736895
10.778894472361808 -13.950893775007534 -13.950893775007534 -13.950893775007534 -13.950893775007534 -13.950893775007534 -13.950893775007534 -13.950893775007534 -13.950893775007534 -13.950893775007534 -13.950893775007534 -13.950893775007534 -13.950893775007534 -13.950893775007534 -13.950893775007534 -13.950893775007534 -13.950893775007534 -13.950893775007534 -13.950893775007534 -13.950893775007534 -13.950893775007534 -13.950893775007534 -13.950893775007534 -13.950893775007534 -13.950893775007534 -13.950893775007534 -13.950893775007534 -13.950893775007534 -13.950893775007534 -13.950893775007534
10.854271356783919 -13.933710072278174 -13.933710072278174 -13.933710072278174 -13.933710072278174 -13.933710072278174 -13.933710072278174 -13.933710072278174 -13.933710072278174 -13.933710072278174 -13.933710072278174 -13.933710072278174 -13.933710072278174 -13.933710072278174 -13.933710072278174 -13.933710072278174 -13.933710072278174 -13.933710072278174 -13.933710072278174 -13.933710072278174 -13.933710072278174 -13.933710072278174 -13.933710072278174 -13.933710072278174 -13.933710072278174 -13.933710072278174 -13.933710072278174 -13.933710072278174 -13.933710072278174 -13.933710072278174
10.92964824120603 -13.916526369548812 -13.916526369548812 -13.916526369548812 -13.916526369548812 -13.916526369548812 -13.916526369548812 -13.916526369548812 -13.916526369548812 -13.916526369548812 -13.916526369548812 -13.916526369548812 -13.916526369548812 -13.916526369548812 -13.916526369548812 -13.916526369548812 -13.916526369548812 -13.916526369548812 -13.916526369548812 -13.916526369548812 -13.916526369548812 -13.916526369548812 -13.916526369548812 -13.916526369548812 -13.916526369548812 -13.916526369548812 -13.916526369548812 -13.916526369548812 -13.916526369548812 -13.916526369548812
11.00502512562814 -13.899342666819452 -13.899342666819452 -13.899342666819452 -13.899342666819452 -13.899342666819452 -13.899342666819452 -13.899342666819452 -13.899342666819452 -13.899342666819452 -13.899342666819452 -13.899342666819452 -13.899342666819452 -13.899342666819452 -13.899342666819452 -13.899342666819452 -13.899342666819452 -13.899342666819452 -13.899342666819452 -13.899342666819452 -13.899342666819452 -13.899342666819452 -13.899342666819452 -13.899342666819452 -13.899342666819452 -13.899342666819452 -13.899342666819452 -13.899342666819452 -13.899342666819452 -13.899342666819452
11.08040201005025 -13.882158964090092 -13.882158964090092 -13.882158964090092 -13.882158964090092 -13.882158964090092 -13.882158964090092 -13.882158964090092 -13.882158964090092 -13.882158964090092 -13.882158964090092 -13.882158964090092 -13.882158964090092 -13.882158964090092 -13.882158964090092 -13.882158964090092 -13.882158964090092 -13.882158964090092 -13.882158964090092 -13.882158964090092 -13.882158964090092 -13.882158964090092 -13.882158964090092 -13.882158964090092 -13.882158964090092 -13.882158964090092 -13.882158964090092 -13.882158964090092 -13.882158964090092 -13.882158964090092
11.15577889447236 -13.86497526136073 -13.86497526136073 -13.86497526136073 -13.86497526136073 -13.86497526136073 -13.86497526136073 -13.86497526136073 -13.86497526136073 -13.86497526136073 -13.86497526136073 -13.86497526136073 -13.86497526136073 -13.86497526136073 -13.86497526136073 -13.86497526136073 -13.86497526136073 -13.86497526136073 -13.86497526136073 -13.86497526136073 -13.86497526136073 -13.86497526136073 -13.86497526136073 -13.86497526136073 -13.86497526136073 -13.86497526136073 -13.86497526136073 -13.86497526136073 -13.86497526136073 -13.86497526136073
11.231155778894472 -13.84779155863137 -13.84779155863137 -13.84779155863137 -13.84779155863137 -13.84779155863137 -13.84779155863137 -13.84779155863137 -13.84779155863137 -13.84779155863137 -13.84779155863137 -13.84779155863137 -13.84779155863137 -13.84779155863137 -13.84779155863137 -13.84779155863137 -13.84779155863137 -13.84779155863137 -13.84779155863137 -13.84779155863137 -13.84779155863137 -13.84779155863137 -13.84779155863137 -13.84779155863137 -13.84779155863137 -13.84779155863137 -13.84779155863137 -13.84779155863137 -13.84779155863137 -13.84779155863137
11.306532663316581 -13.83060785590201 -13.83060785590201 -13.83060785590201 -13.83060785590201 -13.83060785590201 -13.83060785590201 -13.83060785590201 -13.83060785590201 -13.83060785590201 -13.83060785590201 -13.83060785590201 -13.83060785590201 -13.83060785590201 -13.83060785590201 -13.83060785590201 -13.83060785590201 -13.83060785590201 -13.83060785590201 -13.83060785590201 -13.83060785590201 -13.83060785590201 -13.83060785590201 -13.83060785590201 -13.83060785590201 -13.83060785590201 -13.83060785590201 -13.83060785590201 -13.83060785590201 -13.83060785590201
11.381909547738692 -13.813424153172647 -13.813424153172647 -13.813424153172647 -13.813424153172647 -13.813424153172647 -13.813424153172647 -13.813424153172647 -13.813424153172647 -13.813424153172647 -13.813424153172647 -13.813424153172647 -13.813424153172647 -13.813424153172647 -13.813424153172647 -13.813424153172647 -13.813424153172647 -13.813424153172647 -13.813424153172647 -13.813424153172647 -13.813424153172647 -13.813424153172647 -13.813424153172647 -13.813424153172647 -13.813424153172647 -13.813424153172647 -13.813424153172647 -13.813424153172647 -13.813424153172647 -13.813424153172647
11.457286432160803 -13.796240450443287 -13.796240450443287 -13.796240450443287 -13.796240450443287 -13.796240450443287 -13.796240450443287 -13.796240450443287 -13.796240450443287 -13.796240450443287 -13.796240450443287 -13.796240450443287 -13.796240450443287 -13.796240450443287 -13.796240450443287 -13.796240450443287 -13.796240450443287 -13.796240450443287 -13.796240450443287 -13.796240450443287 -13.796240450443287 -13.796240450443287 -13.796240450443287 -13.796240450443287 -13.796240450443287 -13.796240450443287 -13.796240450443287 -13.796240450443287 -13.796240450443287 -13.796240450443287
11.532663316582914 -13.779056747713927 -13.779056747713927 -13.779056747713927 -13.779056747713927 -13.779056747713927 -13.779056747713927 -13.779056747713927 -13.779056747713927 -13.779056747713927 -13.779056747713927 -13.779056747713927 -13.779056747713927 -13.779056747713927 -13.779056747713927 -13.779056747713927 -13.779056747713927 -13.779056747713927 -13.779056747713927 -13.779056747713927 -13.779056747713927 -13.779056747713927 -13.779056747713927 -13.779056747713927 -13.779056747713927 -13.779056747713927 -13.779056747713927 -13.779056747713927 -13.779056747713927 -13.779056747713927
11.608040201005025 -13.761873044984565 -13.761873044984565 -13.761873044984565 -13.761873044984565 -13.761873044984565 -13.761873044984565 -13.761873044984565 -13.761873044984565 -13.761873044984565 -13.761873044984565 -13.761873044984565 -13.761873044984565 -13.761873044984565 -13.761873044984565 -13.761873044984565 -13.761873044984565 -13.761873044984565 -13.761873044984565 -13.761873044984565 -13.761873044984565 -13.761873044984565 -13.761873044984565 -13.761873044984565 -13.761873044984565 -13.761873044984565 -13.761873044984565 -13.761873044984565 -13.761873044984565 -13.761873044984565
11.683417085427134 -13.744689342255205 -13.744689342255205 -13.744689342255205 -13.744689342255205 -13.744689342255205 -13.744689342255205 -13.744689342255205 -13.744689342255205 -13.744689342255205 -13.744689342255205 -13.744689342255205 -13.744689342255205 -13.744689342255205 -13.744689342255205 -13.744689342255205 -13.744689342255205 -13.744689342255205 -13.744689342255205 -13.744689342255205 -13.744689342255205 -13.744689342255205 -13.744689342255205 -13.744689342255205 -13.744689342255205 -13.744689342255205 -13.744689342255205 -13.744689342255205 -13.744689342255205 -13.744689342255205
11.758793969849245 -13.727505639525845 -13.727505639525845 -13.727505639525845 -13.727505639525845 -13.727505639525845 -13.727505639525845 -13.727505639525845 -13.727505639525845 -13.727505639525845 -13.727505639525845 -13.727505639525845 -13.727505639525845 -13.727505639525845 -13.727505639525845 -13.727505639525845 -13.727505639525845 -13.727505639525845 -13.727505639525845 -13.727505639525845 -13.727505639525845 -13.727505639525845 -13.727505639525845 -13.727505639525845 -13.727505639525845 -13.727505639525845 -13.727505639525845 -13.727505639525845 -13.727505639525845 -13.727505639525845
11.834170854271356 -13.710321936796483 -13.710321936796483 -13.710321936796483 -13.710321936796483 -13.710321936796483 -13.710321936796483 -13.710321936796483 -13.710321936796483 -13.710321936796483 -13.710321936796483 -13.710321936796483 -13.710321936796483 -13.710321936796483 -13.710321936796483 -13.710321936796483 -13.710321936796483 -13.710321936796483 -13.710321936796483 -13.710321936796483 -13.710321936796483 -13.710321936796483 -13.710321936796483 -13.710321936796483 -13.710321936796483 -13.710321936796483 -13.710321936796483 -13.710321936796483 -13.710321936796483 -13.710321936796483
11.909547738693465 -13.693138234067122 -13.693138234067122 -13.693138234067122 -13.693138234067122 -13.693138234067122 -13.693138234067122 -13.693138234067122 -13.693138234067122 -13.693138234067122 -13.693138234067122 -13.693138234067122 -13.693138234067122 -13.693138234067122 -13.693138234067122 -13.693138234067122 -13.693138234067122 -13.693138234067122 -13.693138234067122 -13.693138234067122 -13.693138234067122 -13.693138234067122 -13.693138234067122 -13.693138234067122 -13.693138234067122 -13.693138234067122 -13.693138234067122 -13.693138234067122 -13.693138234067122 -13.693138234067122
11.984924623115576 -13.675954531337762 -13.675954531337762 -13.675954531337762 -13.675954531337762 -13.675954531337762 -13.675954531337762 -13.675954531337762 -13.675954531337762 -13.675954531337762 -13.675954531337762 -13.675954531337762 -13.675954531337762 -13.675954531337762 -13.675954531337762 -13.675954531337762 -13.675954531337762 -13.675954531337762 -13.675954531337762 -13.675954531337762 -13.675954531337762 -13.675954531337762 -13.675954531337762 -13.675954531337762 -13.675954531337762 -13.675954531337762 -13.675954531337762 -13.675954531337762 -13.675954531337762 -13.675954531337762
12.060301507537687 -13.658770828608402 -13.658770828608402 -13.658770828608402 -13.658770828608402 -13.658770828608402 -13.658770828608402 -13.658770828608402 -13.658770828608402 -13.658770828608402 -13.658770828608402 -13.658770828608402 -13.658770828608402 -13.658770828608402 -13.658770828608402 -13.658770828608402 -13.658770828608402 -13.658770828608402 -13.658770828608402 -13.658770828608402 -13.658770828608402 -13.658770828608402 -13.658770828608402 -13.658770828608402 -13.658770828608402 -13.658770828608402 -13.658770828608402 -13.658770828608402 -13.658770828608402 -13.658770828608402
12.135678391959798 -13.64158712587904 -13.64158712587904 -13.64158712587904 -13.64158712587904 -13.64158712587904 -13.64158712587904 -13.64158712587904 -13.64158712587904 -13.64158712587904 -13.64158712587904 -13.64158712587904 -13.64158712587904 -13.64158712587904 -13.64158712587904 -13.64158712587904 -13.64158712587904 -13.64158712587904 -13.64158712587904 -13.64158712587904 -13.64158712587904 -13.64158712587904 -13.64158712587904 -13.64158712587904 -13.64158712587904 -13.64158712587904 -13.64158712587904 -13.64158712587904 -13.64158712587904 -13.64158712587904
