web/models/linear/50/-16_408_0_311.dat
# %ECSV 1.0
# ---
# datatype:
# - {name: time, datatype: float64}
# - {name: sdss_u, datatype: float64}
# - {name: sdss_g, datatype: float64}
# - {name: sdss_r, datatype: float64}
# - {name: sdss_i, datatype: float64}
# - {name: sdss_z, datatype: float64}
# - {name: Clear, datatype: float64}
# - {name: johnson_B, datatype: float64}
# - {name: johnson_V, datatype: float64}
# - {name: johnson_R, datatype: float64}
# - {name: johnson_I, datatype: float64}
# - {name: ukirt_J, datatype: float64}
# - {name: ukirt_H, datatype: float64}
# - {name: ukirt_K, datatype: float64}
# meta: !!omap
# - comment: [M=-16.408163265306122, dM=0.3108955361862286]
# schema: astropy-2.0
time sdss_u sdss_g sdss_r sdss_i sdss_z Clear johnson_B johnson_V johnson_R johnson_I ukirt_J ukirt_H ukirt_K
[from data line 59]
4.447236180904522 -15.025537388297016 -15.025537388297016 -15.025537388297016 -15.025537388297016 -15.025537388297016 -15.025537388297016 -15.025537388297016 -15.025537388297016 -15.025537388297016 -15.025537388297016 -15.025537388297016 -15.025537388297016 -15.025537388297016
4.522613065326633 -15.002103051398556 -15.002103051398556 -15.002103051398556 -15.002103051398556 -15.002103051398556 -15.002103051398556 -15.002103051398556 -15.002103051398556 -15.002103051398556 -15.002103051398556 -15.002103051398556 -15.002103051398556 -15.002103051398556
4.597989949748744 -14.978668714500095 -14.978668714500095 -14.978668714500095 -14.978668714500095 -14.978668714500095 -14.978668714500095 -14.978668714500095 -14.978668714500095 -14.978668714500095 -14.978668714500095 -14.978668714500095 -14.978668714500095 -14.978668714500095
4.673366834170854 -14.955234377601636 -14.955234377601636 -14.955234377601636 -14.955234377601636 -14.955234377601636 -14.955234377601636 -14.955234377601636 -14.955234377601636 -14.955234377601636 -14.955234377601636 -14.955234377601636 -14.955234377601636 -14.955234377601636
4.748743718592964 -14.931800040703177 -14.931800040703177 -14.931800040703177 -14.931800040703177 -14.931800040703177 -14.931800040703177 -14.931800040703177 -14.931800040703177 -14.931800040703177 -14.931800040703177 -14.931800040703177 -14.931800040703177 -14.931800040703177
4.824120603015075 -14.908365703804717 -14.908365703804717 -14.908365703804717 -14.908365703804717 -14.908365703804717 -14.908365703804717 -14.908365703804717 -14.908365703804717 -14.908365703804717 -14.908365703804717 -14.908365703804717 -14.908365703804717 -14.908365703804717
4.899497487437186 -14.884931366906258 -14.884931366906258 -14.884931366906258 -14.884931366906258 -14.884931366906258 -14.884931366906258 -14.884931366906258 -14.884931366906258 -14.884931366906258 -14.884931366906258 -14.884931366906258 -14.884931366906258 -14.884931366906258
4.974874371859296 -14.861497030007799 -14.861497030007799 -14.861497030007799 -14.861497030007799 -14.861497030007799 -14.861497030007799 -14.861497030007799 -14.861497030007799 -14.861497030007799 -14.861497030007799 -14.861497030007799 -14.861497030007799 -14.861497030007799
5.050251256281406 -14.83806269310934 -14.83806269310934 -14.83806269310934 -14.83806269310934 -14.83806269310934 -14.83806269310934 -14.83806269310934 -14.83806269310934 -14.83806269310934 -14.83806269310934 -14.83806269310934 -14.83806269310934 -14.83806269310934
5.125628140703517 -14.81462835621088 -14.81462835621088 -14.81462835621088 -14.81462835621088 -14.81462835621088 -14.81462835621088 -14.81462835621088 -14.81462835621088 -14.81462835621088 -14.81462835621088 -14.81462835621088 -14.81462835621088 -14.81462835621088
5.201005025125628 -14.791194019312421 -14.791194019312421 -14.791194019312421 -14.791194019312421 -14.791194019312421 -14.791194019312421 -14.791194019312421 -14.791194019312421 -14.791194019312421 -14.791194019312421 -14.791194019312421 -14.791194019312421 -14.791194019312421
5.276381909547738 -14.767759682413962 -14.767759682413962 -14.767759682413962 -14.767759682413962 -14.767759682413962 -14.767759682413962 -14.767759682413962 -14.767759682413962 -14.767759682413962 -14.767759682413962 -14.767759682413962 -14.767759682413962 -14.767759682413962
5.351758793969848 -14.744325345515502 -14.744325345515502 -14.744325345515502 -14.744325345515502 -14.744325345515502 -14.744325345515502 -14.744325345515502 -14.744325345515502 -14.744325345515502 -14.744325345515502 -14.744325345515502 -14.744325345515502 -14.744325345515502
5.427135678391959 -14.720891008617041 -14.720891008617041 -14.720891008617041 -14.720891008617041 -14.720891008617041 -14.720891008617041 -14.720891008617041 -14.720891008617041 -14.720891008617041 -14.720891008617041 -14.720891008617041 -14.720891008617041 -14.720891008617041
5.50251256281407 -14.697456671718582 -14.697456671718582 -14.697456671718582 -14.697456671718582 -14.697456671718582 -14.697456671718582 -14.697456671718582 -14.697456671718582 -14.697456671718582 -14.697456671718582 -14.697456671718582 -14.697456671718582 -14.697456671718582
5.57788944723618 -14.674022334820123 -14.674022334820123 -14.674022334820123 -14.674022334820123 -14.674022334820123 -14.674022334820123 -14.674022334820123 -14.674022334820123 -14.674022334820123 -14.674022334820123 -14.674022334820123 -14.674022334820123 -14.674022334820123
5.6532663316582905 -14.650587997921663 -14.650587997921663 -14.650587997921663 -14.650587997921663 -14.650587997921663 -14.650587997921663 -14.650587997921663 -14.650587997921663 -14.650587997921663 -14.650587997921663 -14.650587997921663 -14.650587997921663 -14.650587997921663
5.7286432160804015 -14.627153661023204 -14.627153661023204 -14.627153661023204 -14.627153661023204 -14.627153661023204 -14.627153661023204 -14.627153661023204 -14.627153661023204 -14.627153661023204 -14.627153661023204 -14.627153661023204 -14.627153661023204 -14.627153661023204
5.8040201005025125 -14.603719324124745 -14.603719324124745 -14.603719324124745 -14.603719324124745 -14.603719324124745 -14.603719324124745 -14.603719324124745 -14.603719324124745 -14.603719324124745 -14.603719324124745 -14.603719324124745 -14.603719324124745 -14.603719324124745
5.879396984924623 -14.580284987226285 -14.580284987226285 -14.580284987226285 -14.580284987226285 -14.580284987226285 -14.580284987226285 -14.580284987226285 -14.580284987226285 -14.580284987226285 -14.580284987226285 -14.580284987226285 -14.580284987226285 -14.580284987226285
5.954773869346733 -14.556850650327826 -14.556850650327826 -14.556850650327826 -14.556850650327826 -14.556850650327826 -14.556850650327826 -14.556850650327826 -14.556850650327826 -14.556850650327826 -14.556850650327826 -14.556850650327826 -14.556850650327826 -14.556850650327826
6.030150753768844 -14.533416313429367 -14.533416313429367 -14.533416313429367 -14.533416313429367 -14.533416313429367 -14.533416313429367 -14.533416313429367 -14.533416313429367 -14.533416313429367 -14.533416313429367 -14.533416313429367 -14.533416313429367 -14.533416313429367
6.105527638190955 -14.509981976530907 -14.509981976530907 -14.509981976530907 -14.509981976530907 -14.509981976530907 -14.509981976530907 -14.509981976530907 -14.509981976530907 -14.509981976530907 -14.509981976530907 -14.509981976530907 -14.509981976530907 -14.509981976530907
6.180904522613065 -14.486547639632448 -14.486547639632448 -14.486547639632448 -14.486547639632448 -14.486547639632448 -14.486547639632448 -14.486547639632448 -14.486547639632448 -14.486547639632448 -14.486547639632448 -14.486547639632448 -14.486547639632448 -14.486547639632448
6.256281407035175 -14.463113302733989 -14.463113302733989 -14.463113302733989 -14.463113302733989 -14.463113302733989 -14.463113302733989 -14.463113302733989 -14.463113302733989 -14.463113302733989 -14.463113302733989 -14.463113302733989 -14.463113302733989 -14.463113302733989
6.331658291457286 -14.43967896583553 -14.43967896583553 -14.43967896583553 -14.43967896583553 -14.43967896583553 -14.43967896583553 -14.43967896583553 -14.43967896583553 -14.43967896583553 -14.43967896583553 -14.43967896583553 -14.43967896583553 -14.43967896583553
6.407035175879397 -14.416244628937068 -14.416244628937068 -14.416244628937068 -14.416244628937068 -14.416244628937068 -14.416244628937068 -14.416244628937068 -14.416244628937068 -14.416244628937068 -14.416244628937068 -14.416244628937068 -14.416244628937068 -14.416244628937068
6.482412060301507 -14.392810292038611 -14.392810292038611 -14.392810292038611 -14.392810292038611 -14.392810292038611 -14.392810292038611 -14.392810292038611 -14.392810292038611 -14.392810292038611 -14.392810292038611 -14.392810292038611 -14.392810292038611 -14.392810292038611
6.557788944723617 -14.36937595514015 -14.36937595514015 -14.36937595514015 -14.36937595514015 -14.36937595514015 -14.36937595514015 -14.36937595514015 -14.36937595514015 -14.36937595514015 -14.36937595514015 -14.36937595514015 -14.36937595514015 -14.36937595514015
6.633165829145728 -14.34594161824169 -14.34594161824169 -14.34594161824169 -14.34594161824169 -14.34594161824169 -14.34594161824169 -14.34594161824169 -14.34594161824169 -14.34594161824169 -14.34594161824169 -14.34594161824169 -14.34594161824169 -14.34594161824169
6.708542713567839 -14.322507281343231 -14.322507281343231 -14.322507281343231 -14.322507281343231 -14.322507281343231 -14.322507281343231 -14.322507281343231 -14.322507281343231 -14.322507281343231 -14.322507281343231 -14.322507281343231 -14.322507281343231 -14.322507281343231
6.783919597989949 -14.299072944444772 -14.299072944444772 -14.299072944444772 -14.299072944444772 -14.299072944444772 -14.299072944444772 -14.299072944444772 -14.299072944444772 -14.299072944444772 -14.299072944444772 -14.299072944444772 -14.299072944444772 -14.299072944444772
6.859296482412059 -14.275638607546313 -14.275638607546313 -14.275638607546313 -14.275638607546313 -14.275638607546313 -14.275638607546313 -14.275638607546313 -14.275638607546313 -14.275638607546313 -14.275638607546313 -14.275638607546313 -14.275638607546313 -14.275638607546313
6.93467336683417 -14.252204270647853 -14.252204270647853 -14.252204270647853 -14.252204270647853 -14.252204270647853 -14.252204270647853 -14.252204270647853 -14.252204270647853 -14.252204270647853 -14.252204270647853 -14.252204270647853 -14.252204270647853 -14.252204270647853
7.010050251256281 -14.228769933749394 -14.228769933749394 -14.228769933749394 -14.228769933749394 -14.228769933749394 -14.228769933749394 -14.228769933749394 -14.228769933749394 -14.228769933749394 -14.228769933749394 -14.228769933749394 -14.228769933749394 -14.228769933749394
7.085427135678391 -14.205335596850935 -14.205335596850935 -14.205335596850935 -14.205335596850935 -14.205335596850935 -14.205335596850935 -14.205335596850935 -14.205335596850935 -14.205335596850935 -14.205335596850935 -14.205335596850935 -14.205335596850935 -14.205335596850935
7.160804020100501 -14.181901259952475 -14.181901259952475 -14.181901259952475 -14.181901259952475 -14.181901259952475 -14.181901259952475 -14.181901259952475 -14.181901259952475 -14.181901259952475 -14.181901259952475 -14.181901259952475 -14.181901259952475 -14.181901259952475
7.236180904522612 -14.158466923054016 -14.158466923054016 -14.158466923054016 -14.158466923054016 -14.158466923054016 -14.158466923054016 -14.158466923054016 -14.158466923054016 -14.158466923054016 -14.158466923054016 -14.158466923054016 -14.158466923054016 -14.158466923054016
7.311557788944723 -14.135032586155557 -14.135032586155557 -14.135032586155557 -14.135032586155557 -14.135032586155557 -14.135032586155557 -14.135032586155557 -14.135032586155557 -14.135032586155557 -14.135032586155557 -14.135032586155557 -14.135032586155557 -14.135032586155557
7.3869346733668335 -14.111598249257096 -14.111598249257096 -14.111598249257096 -14.111598249257096 -14.111598249257096 -14.111598249257096 -14.111598249257096 -14.111598249257096 -14.111598249257096 -14.111598249257096 -14.111598249257096 -14.111598249257096 -14.111598249257096
7.462311557788944 -14.088163912358638 -14.088163912358638 -14.088163912358638 -14.088163912358638 -14.088163912358638 -14.088163912358638 -14.088163912358638 -14.088163912358638 -14.088163912358638 -14.088163912358638 -14.088163912358638 -14.088163912358638 -14.088163912358638
7.537688442211055 -14.064729575460177 -14.064729575460177 -14.064729575460177 -14.064729575460177 -14.064729575460177 -14.064729575460177 -14.064729575460177 -14.064729575460177 -14.064729575460177 -14.064729575460177 -14.064729575460177 -14.064729575460177 -14.064729575460177
7.613065326633166 -14.041295238561718 -14.041295238561718 -14.041295238561718 -14.041295238561718 -14.041295238561718 -14.041295238561718 -14.041295238561718 -14.041295238561718 -14.041295238561718 -14.041295238561718 -14.041295238561718 -14.041295238561718 -14.041295238561718
7.688442211055276 -14.017860901663258 -14.017860901663258 -14.017860901663258 -14.017860901663258 -14.017860901663258 -14.017860901663258 -14.017860901663258 -14.017860901663258 -14.017860901663258 -14.017860901663258 -14.017860901663258 -14.017860901663258 -14.017860901663258
7.763819095477386 -13.9944265647648 -13.9944265647648 -13.9944265647648 -13.9944265647648 -13.9944265647648 -13.9944265647648 -13.9944265647648 -13.9944265647648 -13.9944265647648 -13.9944265647648 -13.9944265647648 -13.9944265647648 -13.9944265647648
7.839195979899497 -13.97099222786634 -13.97099222786634 -13.97099222786634 -13.97099222786634 -13.97099222786634 -13.97099222786634 -13.97099222786634 -13.97099222786634 -13.97099222786634 -13.97099222786634 -13.97099222786634 -13.97099222786634 -13.97099222786634
7.914572864321608 -13.94755789096788 -13.94755789096788 -13.94755789096788 -13.94755789096788 -13.94755789096788 -13.94755789096788 -13.94755789096788 -13.94755789096788 -13.94755789096788 -13.94755789096788 -13.94755789096788 -13.94755789096788 -13.94755789096788
7.989949748743718 -13.924123554069421 -13.924123554069421 -13.924123554069421 -13.924123554069421 -13.924123554069421 -13.924123554069421 -13.924123554069421 -13.924123554069421 -13.924123554069421 -13.924123554069421 -13.924123554069421 -13.924123554069421 -13.924123554069421
8.065326633165828 -13.900689217170962 -13.900689217170962 -13.900689217170962 -13.900689217170962 -13.900689217170962 -13.900689217170962 -13.900689217170962 -13.900689217170962 -13.900689217170962 -13.900689217170962 -13.900689217170962 -13.900689217170962 -13.900689217170962
8.140703517587939 -13.877254880272503 -13.877254880272503 -13.877254880272503 -13.877254880272503 -13.877254880272503 -13.877254880272503 -13.877254880272503 -13.877254880272503 -13.877254880272503 -13.877254880272503 -13.877254880272503 -13.877254880272503 -13.877254880272503
8.21608040201005 -13.853820543374043 -13.853820543374043 -13.853820543374043 -13.853820543374043 -13.853820543374043 -13.853820543374043 -13.853820543374043 -13.853820543374043 -13.853820543374043 -13.853820543374043 -13.853820543374043 -13.853820543374043 -13.853820543374043
8.29145728643216 -13.830386206475584 -13.830386206475584 -13.830386206475584 -13.830386206475584 -13.830386206475584 -13.830386206475584 -13.830386206475584 -13.830386206475584 -13.830386206475584 -13.830386206475584 -13.830386206475584 -13.830386206475584 -13.830386206475584
8.36683417085427 -13.806951869577125 -13.806951869577125 -13.806951869577125 -13.806951869577125 -13.806951869577125 -13.806951869577125 -13.806951869577125 -13.806951869577125 -13.806951869577125 -13.806951869577125 -13.806951869577125 -13.806951869577125 -13.806951869577125
8.442211055276381 -13.783517532678665 -13.783517532678665 -13.783517532678665 -13.783517532678665 -13.783517532678665 -13.783517532678665 -13.783517532678665 -13.783517532678665 -13.783517532678665 -13.783517532678665 -13.783517532678665 -13.783517532678665 -13.783517532678665
8.517587939698492 -13.760083195780204 -13.760083195780204 -13.760083195780204 -13.760083195780204 -13.760083195780204 -13.760083195780204 -13.760083195780204 -13.760083195780204 -13.760083195780204 -13.760083195780204 -13.760083195780204 -13.760083195780204 -13.760083195780204
8.592964824120603 -13.736648858881745 -13.736648858881745 -13.736648858881745 -13.736648858881745 -13.736648858881745 -13.736648858881745 -13.736648858881745 -13.736648858881745 -13.736648858881745 -13.736648858881745 -13.736648858881745 -13.736648858881745 -13.736648858881745
8.668341708542712 -13.713214521983286 -13.713214521983286 -13.713214521983286 -13.713214521983286 -13.713214521983286 -13.713214521983286 -13.713214521983286 -13.713214521983286 -13.713214521983286 -13.713214521983286 -13.713214521983286 -13.713214521983286 -13.713214521983286
