web/models/linear/50/-16_408_0_578.dat
# %ECSV 1.0
# ---
# datatype:
# - {name: time, datatype: float64}
# - {name: swift_uvot_uvw2, datatype: float64}
# - {name: swift_uvot_uvm2, datatype: float64}
# - {name: swift_uvot_uvw1, datatype: float64}
# - {name: swift_uvot_U, datatype: float64}
# - {name: swift_uvot_B, datatype: float64}
# - {name: swift_uvot_V, datatype: float64}
# - {name: swift_uvot_W, datatype: float64}
# - {name: johnson_U, datatype: float64}
# - {name: johnson_B, datatype: float64}
# - {name: johnson_V, datatype: float64}
# - {name: johnson_R, datatype: float64}
# - {name: johnson_I, datatype: float64}
# - {name: sdss_u, datatype: float64}
# - {name: sdss_g, datatype: float64}
# - {name: sdss_r, datatype: float64}
# - {name: sdss_i, datatype: float64}
# - {name: sdss_z, datatype: float64}
# - {name: PS1_g, datatype: float64}
# - {name: PS1_r, datatype: float64}
# - {name: PS1_i, datatype: float64}
# - {name: PS1_z, datatype: float64}
# - {name: PS1_Y, datatype: float64}
# - {name: PS1_w, datatype: float64}
# - {name: ATLAS_c, datatype: float64}
# - {name: ATLAS_o, datatype: float64}
# - {name: ukirt_J, datatype: float64}
# - {name: ukirt_H, datatype: float64}
# - {name: ukirt_K, datatype: float64}
# - {name: Clear, datatype: float64}
# meta: !!omap
# - comment: [M=-16.408163265306122, dM=0.5782109645659659]
# schema: astropy-2.0
time swift_uvot_uvw2 swift_uvot_uvm2 swift_uvot_uvw1 swift_uvot_U swift_uvot_B swift_uvot_V swift_uvot_W johnson_U johnson_B johnson_V johnson_R johnson_I sdss_u sdss_g sdss_r sdss_i sdss_z PS1_g PS1_r PS1_i PS1_z PS1_Y PS1_w ATLAS_c ATLAS_o ukirt_J ukirt_H ukirt_K Clear
[from data line 27]
2.0351758793969847 -15.231402257018603 -15.231402257018603 -15.231402257018603 -15.231402257018603 -15.231402257018603 -15.231402257018603 -15.231402257018603 -15.231402257018603 -15.231402257018603 -15.231402257018603 -15.231402257018603 -15.231402257018603 -15.231402257018603 -15.231402257018603 -15.231402257018603 -15.231402257018603 -15.231402257018603 -15.231402257018603 -15.231402257018603 -15.231402257018603 -15.231402257018603 -15.231402257018603 -15.231402257018603 -15.231402257018603 -15.231402257018603 -15.231402257018603 -15.231402257018603 -15.231402257018603 -15.231402257018603
2.1105527638190953 -15.187818515970918 -15.187818515970918 -15.187818515970918 -15.187818515970918 -15.187818515970918 -15.187818515970918 -15.187818515970918 -15.187818515970918 -15.187818515970918 -15.187818515970918 -15.187818515970918 -15.187818515970918 -15.187818515970918 -15.187818515970918 -15.187818515970918 -15.187818515970918 -15.187818515970918 -15.187818515970918 -15.187818515970918 -15.187818515970918 -15.187818515970918 -15.187818515970918 -15.187818515970918 -15.187818515970918 -15.187818515970918 -15.187818515970918 -15.187818515970918 -15.187818515970918 -15.187818515970918
2.185929648241206 -15.144234774923232 -15.144234774923232 -15.144234774923232 -15.144234774923232 -15.144234774923232 -15.144234774923232 -15.144234774923232 -15.144234774923232 -15.144234774923232 -15.144234774923232 -15.144234774923232 -15.144234774923232 -15.144234774923232 -15.144234774923232 -15.144234774923232 -15.144234774923232 -15.144234774923232 -15.144234774923232 -15.144234774923232 -15.144234774923232 -15.144234774923232 -15.144234774923232 -15.144234774923232 -15.144234774923232 -15.144234774923232 -15.144234774923232 -15.144234774923232 -15.144234774923232 -15.144234774923232
2.2613065326633164 -15.100651033875547 -15.100651033875547 -15.100651033875547 -15.100651033875547 -15.100651033875547 -15.100651033875547 -15.100651033875547 -15.100651033875547 -15.100651033875547 -15.100651033875547 -15.100651033875547 -15.100651033875547 -15.100651033875547 -15.100651033875547 -15.100651033875547 -15.100651033875547 -15.100651033875547 -15.100651033875547 -15.100651033875547 -15.100651033875547 -15.100651033875547 -15.100651033875547 -15.100651033875547 -15.100651033875547 -15.100651033875547 -15.100651033875547 -15.100651033875547 -15.100651033875547 -15.100651033875547
2.336683417085427 -15.05706729282786 -15.05706729282786 -15.05706729282786 -15.05706729282786 -15.05706729282786 -15.05706729282786 -15.05706729282786 -15.05706729282786 -15.05706729282786 -15.05706729282786 -15.05706729282786 -15.05706729282786 -15.05706729282786 -15.05706729282786 -15.05706729282786 -15.05706729282786 -15.05706729282786 -15.05706729282786 -15.05706729282786 -15.05706729282786 -15.05706729282786 -15.05706729282786 -15.05706729282786 -15.05706729282786 -15.05706729282786 -15.05706729282786 -15.05706729282786 -15.05706729282786 -15.05706729282786
2.4120603015075375 -15.013483551780174 -15.013483551780174 -15.013483551780174 -15.013483551780174 -15.013483551780174 -15.013483551780174 -15.013483551780174 -15.013483551780174 -15.013483551780174 -15.013483551780174 -15.013483551780174 -15.013483551780174 -15.013483551780174 -15.013483551780174 -15.013483551780174 -15.013483551780174 -15.013483551780174 -15.013483551780174 -15.013483551780174 -15.013483551780174 -15.013483551780174 -15.013483551780174 -15.013483551780174 -15.013483551780174 -15.013483551780174 -15.013483551780174 -15.013483551780174 -15.013483551780174 -15.013483551780174
2.487437185929648 -14.969899810732489 -14.969899810732489 -14.969899810732489 -14.969899810732489 -14.969899810732489 -14.969899810732489 -14.969899810732489 -14.969899810732489 -14.969899810732489 -14.969899810732489 -14.969899810732489 -14.969899810732489 -14.969899810732489 -14.969899810732489 -14.969899810732489 -14.969899810732489 -14.969899810732489 -14.969899810732489 -14.969899810732489 -14.969899810732489 -14.969899810732489 -14.969899810732489 -14.969899810732489 -14.969899810732489 -14.969899810732489 -14.969899810732489 -14.969899810732489 -14.969899810732489 -14.969899810732489
2.5628140703517586 -14.926316069684802 -14.926316069684802 -14.926316069684802 -14.926316069684802 -14.926316069684802 -14.926316069684802 -14.926316069684802 -14.926316069684802 -14.926316069684802 -14.926316069684802 -14.926316069684802 -14.926316069684802 -14.926316069684802 -14.926316069684802 -14.926316069684802 -14.926316069684802 -14.926316069684802 -14.926316069684802 -14.926316069684802 -14.926316069684802 -14.926316069684802 -14.926316069684802 -14.926316069684802 -14.926316069684802 -14.926316069684802 -14.926316069684802 -14.926316069684802 -14.926316069684802 -14.926316069684802
2.638190954773869 -14.882732328637116 -14.882732328637116 -14.882732328637116 -14.882732328637116 -14.882732328637116 -14.882732328637116 -14.882732328637116 -14.882732328637116 -14.882732328637116 -14.882732328637116 -14.882732328637116 -14.882732328637116 -14.882732328637116 -14.882732328637116 -14.882732328637116 -14.882732328637116 -14.882732328637116 -14.882732328637116 -14.882732328637116 -14.882732328637116 -14.882732328637116 -14.882732328637116 -14.882732328637116 -14.882732328637116 -14.882732328637116 -14.882732328637116 -14.882732328637116 -14.882732328637116 -14.882732328637116
2.7135678391959797 -14.839148587589431 -14.839148587589431 -14.839148587589431 -14.839148587589431 -14.839148587589431 -14.839148587589431 -14.839148587589431 -14.839148587589431 -14.839148587589431 -14.839148587589431 -14.839148587589431 -14.839148587589431 -14.839148587589431 -14.839148587589431 -14.839148587589431 -14.839148587589431 -14.839148587589431 -14.839148587589431 -14.839148587589431 -14.839148587589431 -14.839148587589431 -14.839148587589431 -14.839148587589431 -14.839148587589431 -14.839148587589431 -14.839148587589431 -14.839148587589431 -14.839148587589431 -14.839148587589431
2.78894472361809 -14.795564846541744 -14.795564846541744 -14.795564846541744 -14.795564846541744 -14.795564846541744 -14.795564846541744 -14.795564846541744 -14.795564846541744 -14.795564846541744 -14.795564846541744 -14.795564846541744 -14.795564846541744 -14.795564846541744 -14.795564846541744 -14.795564846541744 -14.795564846541744 -14.795564846541744 -14.795564846541744 -14.795564846541744 -14.795564846541744 -14.795564846541744 -14.795564846541744 -14.795564846541744 -14.795564846541744 -14.795564846541744 -14.795564846541744 -14.795564846541744 -14.795564846541744 -14.795564846541744
2.8643216080402008 -14.751981105494059 -14.751981105494059 -14.751981105494059 -14.751981105494059 -14.751981105494059 -14.751981105494059 -14.751981105494059 -14.751981105494059 -14.751981105494059 -14.751981105494059 -14.751981105494059 -14.751981105494059 -14.751981105494059 -14.751981105494059 -14.751981105494059 -14.751981105494059 -14.751981105494059 -14.751981105494059 -14.751981105494059 -14.751981105494059 -14.751981105494059 -14.751981105494059 -14.751981105494059 -14.751981105494059 -14.751981105494059 -14.751981105494059 -14.751981105494059 -14.751981105494059 -14.751981105494059
2.9396984924623113 -14.708397364446373 -14.708397364446373 -14.708397364446373 -14.708397364446373 -14.708397364446373 -14.708397364446373 -14.708397364446373 -14.708397364446373 -14.708397364446373 -14.708397364446373 -14.708397364446373 -14.708397364446373 -14.708397364446373 -14.708397364446373 -14.708397364446373 -14.708397364446373 -14.708397364446373 -14.708397364446373 -14.708397364446373 -14.708397364446373 -14.708397364446373 -14.708397364446373 -14.708397364446373 -14.708397364446373 -14.708397364446373 -14.708397364446373 -14.708397364446373 -14.708397364446373 -14.708397364446373
3.015075376884422 -14.664813623398688 -14.664813623398688 -14.664813623398688 -14.664813623398688 -14.664813623398688 -14.664813623398688 -14.664813623398688 -14.664813623398688 -14.664813623398688 -14.664813623398688 -14.664813623398688 -14.664813623398688 -14.664813623398688 -14.664813623398688 -14.664813623398688 -14.664813623398688 -14.664813623398688 -14.664813623398688 -14.664813623398688 -14.664813623398688 -14.664813623398688 -14.664813623398688 -14.664813623398688 -14.664813623398688 -14.664813623398688 -14.664813623398688 -14.664813623398688 -14.664813623398688 -14.664813623398688
3.0904522613065324 -14.621229882351 -14.621229882351 -14.621229882351 -14.621229882351 -14.621229882351 -14.621229882351 -14.621229882351 -14.621229882351 -14.621229882351 -14.621229882351 -14.621229882351 -14.621229882351 -14.621229882351 -14.621229882351 -14.621229882351 -14.621229882351 -14.621229882351 -14.621229882351 -14.621229882351 -14.621229882351 -14.621229882351 -14.621229882351 -14.621229882351 -14.621229882351 -14.621229882351 -14.621229882351 -14.621229882351 -14.621229882351 -14.621229882351
3.165829145728643 -14.577646141303315 -14.577646141303315 -14.577646141303315 -14.577646141303315 -14.577646141303315 -14.577646141303315 -14.577646141303315 -14.577646141303315 -14.577646141303315 -14.577646141303315 -14.577646141303315 -14.577646141303315 -14.577646141303315 -14.577646141303315 -14.577646141303315 -14.577646141303315 -14.577646141303315 -14.577646141303315 -14.577646141303315 -14.577646141303315 -14.577646141303315 -14.577646141303315 -14.577646141303315 -14.577646141303315 -14.577646141303315 -14.577646141303315 -14.577646141303315 -14.577646141303315 -14.577646141303315
3.2412060301507535 -14.53406240025563 -14.53406240025563 -14.53406240025563 -14.53406240025563 -14.53406240025563 -14.53406240025563 -14.53406240025563 -14.53406240025563 -14.53406240025563 -14.53406240025563 -14.53406240025563 -14.53406240025563 -14.53406240025563 -14.53406240025563 -14.53406240025563 -14.53406240025563 -14.53406240025563 -14.53406240025563 -14.53406240025563 -14.53406240025563 -14.53406240025563 -14.53406240025563 -14.53406240025563 -14.53406240025563 -14.53406240025563 -14.53406240025563 -14.53406240025563 -14.53406240025563 -14.53406240025563
3.316582914572864 -14.490478659207945 -14.490478659207945 -14.490478659207945 -14.490478659207945 -14.490478659207945 -14.490478659207945 -14.490478659207945 -14.490478659207945 -14.490478659207945 -14.490478659207945 -14.490478659207945 -14.490478659207945 -14.490478659207945 -14.490478659207945 -14.490478659207945 -14.490478659207945 -14.490478659207945 -14.490478659207945 -14.490478659207945 -14.490478659207945 -14.490478659207945 -14.490478659207945 -14.490478659207945 -14.490478659207945 -14.490478659207945 -14.490478659207945 -14.490478659207945 -14.490478659207945 -14.490478659207945
3.3919597989949746 -14.446894918160258 -14.446894918160258 -14.446894918160258 -14.446894918160258 -14.446894918160258 -14.446894918160258 -14.446894918160258 -14.446894918160258 -14.446894918160258 -14.446894918160258 -14.446894918160258 -14.446894918160258 -14.446894918160258 -14.446894918160258 -14.446894918160258 -14.446894918160258 -14.446894918160258 -14.446894918160258 -14.446894918160258 -14.446894918160258 -14.446894918160258 -14.446894918160258 -14.446894918160258 -14.446894918160258 -14.446894918160258 -14.446894918160258 -14.446894918160258 -14.446894918160258 -14.446894918160258
3.467336683417085 -14.403311177112572 -14.403311177112572 -14.403311177112572 -14.403311177112572 -14.403311177112572 -14.403311177112572 -14.403311177112572 -14.403311177112572 -14.403311177112572 -14.403311177112572 -14.403311177112572 -14.403311177112572 -14.403311177112572 -14.403311177112572 -14.403311177112572 -14.403311177112572 -14.403311177112572 -14.403311177112572 -14.403311177112572 -14.403311177112572 -14.403311177112572 -14.403311177112572 -14.403311177112572 -14.403311177112572 -14.403311177112572 -14.403311177112572 -14.403311177112572 -14.403311177112572 -14.403311177112572
3.5427135678391957 -14.359727436064887 -14.359727436064887 -14.359727436064887 -14.359727436064887 -14.359727436064887 -14.359727436064887 -14.359727436064887 -14.359727436064887 -14.359727436064887 -14.359727436064887 -14.359727436064887 -14.359727436064887 -14.359727436064887 -14.359727436064887 -14.359727436064887 -14.359727436064887 -14.359727436064887 -14.359727436064887 -14.359727436064887 -14.359727436064887 -14.359727436064887 -14.359727436064887 -14.359727436064887 -14.359727436064887 -14.359727436064887 -14.359727436064887 -14.359727436064887 -14.359727436064887 -14.359727436064887
3.618090452261306 -14.3161436950172 -14.3161436950172 -14.3161436950172 -14.3161436950172 -14.3161436950172 -14.3161436950172 -14.3161436950172 -14.3161436950172 -14.3161436950172 -14.3161436950172 -14.3161436950172 -14.3161436950172 -14.3161436950172 -14.3161436950172 -14.3161436950172 -14.3161436950172 -14.3161436950172 -14.3161436950172 -14.3161436950172 -14.3161436950172 -14.3161436950172 -14.3161436950172 -14.3161436950172 -14.3161436950172 -14.3161436950172 -14.3161436950172 -14.3161436950172 -14.3161436950172 -14.3161436950172
3.6934673366834168 -14.272559953969514 -14.272559953969514 -14.272559953969514 -14.272559953969514 -14.272559953969514 -14.272559953969514 -14.272559953969514 -14.272559953969514 -14.272559953969514 -14.272559953969514 -14.272559953969514 -14.272559953969514 -14.272559953969514 -14.272559953969514 -14.272559953969514 -14.272559953969514 -14.272559953969514 -14.272559953969514 -14.272559953969514 -14.272559953969514 -14.272559953969514 -14.272559953969514 -14.272559953969514 -14.272559953969514 -14.272559953969514 -14.272559953969514 -14.272559953969514 -14.272559953969514 -14.272559953969514
3.7688442211055273 -14.228976212921829 -14.228976212921829 -14.228976212921829 -14.228976212921829 -14.228976212921829 -14.228976212921829 -14.228976212921829 -14.228976212921829 -14.228976212921829 -14.228976212921829 -14.228976212921829 -14.228976212921829 -14.228976212921829 -14.228976212921829 -14.228976212921829 -14.228976212921829 -14.228976212921829 -14.228976212921829 -14.228976212921829 -14.228976212921829 -14.228976212921829 -14.228976212921829 -14.228976212921829 -14.228976212921829 -14.228976212921829 -14.228976212921829 -14.228976212921829 -14.228976212921829 -14.228976212921829
3.844221105527638 -14.185392471874142 -14.185392471874142 -14.185392471874142 -14.185392471874142 -14.185392471874142 -14.185392471874142 -14.185392471874142 -14.185392471874142 -14.185392471874142 -14.185392471874142 -14.185392471874142 -14.185392471874142 -14.185392471874142 -14.185392471874142 -14.185392471874142 -14.185392471874142 -14.185392471874142 -14.185392471874142 -14.185392471874142 -14.185392471874142 -14.185392471874142 -14.185392471874142 -14.185392471874142 -14.185392471874142 -14.185392471874142 -14.185392471874142 -14.185392471874142 -14.185392471874142 -14.185392471874142
3.9195979899497484 -14.141808730826456 -14.141808730826456 -14.141808730826456 -14.141808730826456 -14.141808730826456 -14.141808730826456 -14.141808730826456 -14.141808730826456 -14.141808730826456 -14.141808730826456 -14.141808730826456 -14.141808730826456 -14.141808730826456 -14.141808730826456 -14.141808730826456 -14.141808730826456 -14.141808730826456 -14.141808730826456 -14.141808730826456 -14.141808730826456 -14.141808730826456 -14.141808730826456 -14.141808730826456 -14.141808730826456 -14.141808730826456 -14.141808730826456 -14.141808730826456 -14.141808730826456 -14.141808730826456
3.994974874371859 -14.098224989778771 -14.098224989778771 -14.098224989778771 -14.098224989778771 -14.098224989778771 -14.098224989778771 -14.098224989778771 -14.098224989778771 -14.098224989778771 -14.098224989778771 -14.098224989778771 -14.098224989778771 -14.098224989778771 -14.098224989778771 -14.098224989778771 -14.098224989778771 -14.098224989778771 -14.098224989778771 -14.098224989778771 -14.098224989778771 -14.098224989778771 -14.098224989778771 -14.098224989778771 -14.098224989778771 -14.098224989778771 -14.098224989778771 -14.098224989778771 -14.098224989778771 -14.098224989778771
