web/models/grb/offaxis/15/grb_0.2967_0.0193_1.5848932.dat
# %ECSV 1.0
# ---
# datatype:
# - {name: time, datatype: float64}
# - {name: swift_uvot_uvw2, datatype: float64}
# - {name: swift_uvot_uvm2, datatype: float64}
# - {name: swift_uvot_uvw1, datatype: float64}
# - {name: swift_uvot_U, datatype: float64}
# - {name: swift_uvot_B, datatype: float64}
# - {name: swift_uvot_V, datatype: float64}
# - {name: swift_uvot_W, datatype: float64}
# - {name: johnson_U, datatype: float64}
# - {name: johnson_B, datatype: float64}
# - {name: johnson_V, datatype: float64}
# - {name: johnson_R, datatype: float64}
# - {name: johnson_I, datatype: float64}
# - {name: sdss_u, datatype: float64}
# - {name: sdss_g, datatype: float64}
# - {name: sdss_r, datatype: float64}
# - {name: sdss_i, datatype: float64}
# - {name: sdss_z, datatype: float64}
# - {name: PS1_g, datatype: float64}
# - {name: PS1_r, datatype: float64}
# - {name: PS1_i, datatype: float64}
# - {name: PS1_z, datatype: float64}
# - {name: PS1_Y, datatype: float64}
# - {name: ukirt_J, datatype: float64}
# - {name: ukirt_H, datatype: float64}
# - {name: ukirt_K, datatype: float64}
# meta: !!omap
# - comment: [E = 8.378552168254813e-06, Eta0 = 8.02, GammaB = 12.0, dL = 0.012188, epsb = 6.760829753919819e-06, epse = 0.1, n = 1.584893192461114,
#     p = 2.15, theta_obs = 0.29670597283903605, xiN = 1.0, z = 0.0, type = grb, E_kiso = 0.019306977288832496]
# schema: astropy-2.0
time swift_uvot_uvw2 swift_uvot_uvm2 swift_uvot_uvw1 swift_uvot_U swift_uvot_B swift_uvot_V swift_uvot_W johnson_U johnson_B johnson_V johnson_R johnson_I sdss_u sdss_g sdss_r sdss_i sdss_z PS1_g PS1_r PS1_i PS1_z PS1_Y ukirt_J ukirt_H ukirt_K
[from data line 486]
1074.3869 69.605 69.655 69.58 69.387 69.245 69.106 69.466 69.365 69.242 69.1 68.96 68.811 69.37 69.197 69.025 68.905 68.794 69.133 68.991 68.871 68.772 68.604 68.582 68.413 68.222
1100.3045 69.919 69.968 69.894 69.701 69.558 69.419 69.78 69.678 69.556 69.414 69.274 69.125 69.683 69.511 69.339 69.218 69.108 69.447 69.304 69.185 69.086 68.917 68.896 68.726 68.536
1126.8473 70.233 70.282 70.207 70.014 69.872 69.733 70.094 69.992 69.869 69.728 69.587 69.439 69.997 69.824 69.652 69.532 69.421 69.761 69.618 69.498 69.399 69.231 69.209 69.04 68.849
1154.0304 70.546 70.596 70.521 70.328 70.185 70.046 70.407 70.305 70.183 70.041 69.901 69.752 70.31 70.138 69.966 69.845 69.735 70.074 69.932 69.812 69.713 69.544 69.523 69.353 69.163
1181.8693 70.86 70.909 70.834 70.641 70.499 70.36 70.721 70.619 70.497 70.355 70.214 70.066 70.624 70.451 70.28 70.159 70.048 70.388 70.245 70.125 70.026 69.858 69.836 69.667 69.477
1210.3797 71.173 71.223 71.148 70.955 70.813 70.673 71.034 70.933 70.81 70.668 70.528 70.379 70.938 70.765 70.593 70.472 70.362 70.701 70.559 70.439 70.34 70.172 70.15 69.981 69.79
1239.5778 71.487 71.536 71.461 71.269 71.126 70.987 71.348 71.246 71.124 70.982 70.841 70.693 71.251 71.079 70.907 70.786 70.675 71.015 70.872 70.752 70.653 70.485 70.463 70.294 70.104
1269.4803 71.8 71.85 71.775 71.582 71.44 71.301 71.661 71.56 71.437 71.295 71.155 71.006 71.565 71.392 71.22 71.1 70.989 71.328 71.186 71.066 70.967 70.799 70.777 70.608 70.417
1300.1042 72.114 72.163 72.089 71.896 71.753 71.614 71.975 71.873 71.751 71.609 71.468 71.32 71.878 71.706 71.534 71.413 71.303 71.642 71.499 71.38 71.281 71.112 71.091 70.921 70.731
1331.4668 72.428 72.477 72.402 72.209 72.067 71.928 72.288 72.187 72.064 71.923 71.782 71.633 72.192 72.019 71.847 71.727 71.616 71.956 71.813 71.693 71.594 71.426 71.404 71.235 71.044
1363.586 72.741 72.791 72.716 72.523 72.38 72.241 72.602 72.5 72.378 72.236 72.096 71.947 72.505 72.333 72.161 72.04 71.93 72.269 72.127 72.007 71.908 71.739 71.718 71.548 71.358
1396.48 73.055 73.104 73.029 72.836 72.694 72.555 72.916 72.814 72.692 72.55 72.409 72.261 72.819 72.646 72.475 72.354 72.243 72.583 72.44 72.32 72.221 72.053 72.031 71.862 71.672
1430.1675 73.368 73.418 73.343 73.15 73.008 72.868 73.229 73.128 73.005 72.863 72.723 72.574 73.133 72.96 72.788 72.667 72.557 72.896 72.754 72.634 72.535 72.367 72.345 72.176 71.985
1464.6676 73.682 73.731 73.656 73.463 73.321 73.182 73.543 73.441 73.319 73.177 73.036 72.888 73.446 73.274 73.102 72.981 72.87 73.21 73.067 72.947 72.848 72.68 72.658 72.489 72.299
1500.0 73.995 74.045 73.97 73.777 73.635 73.496 73.856 73.755 73.632 73.49 73.35 73.201 73.76 73.587 73.415 73.295 73.184 73.523 73.381 73.261 73.162 72.994 72.972 72.803 72.612
