web/models/grb/offaxis/15/grb_0.2967_138.9495_0.3981072.dat
# %ECSV 1.0
# ---
# datatype:
# - {name: time, datatype: float64}
# - {name: swift_uvot_uvw2, datatype: float64}
# - {name: swift_uvot_uvm2, datatype: float64}
# - {name: swift_uvot_uvw1, datatype: float64}
# - {name: swift_uvot_U, datatype: float64}
# - {name: swift_uvot_B, datatype: float64}
# - {name: swift_uvot_V, datatype: float64}
# - {name: swift_uvot_W, datatype: float64}
# - {name: johnson_U, datatype: float64}
# - {name: johnson_B, datatype: float64}
# - {name: johnson_V, datatype: float64}
# - {name: johnson_R, datatype: float64}
# - {name: johnson_I, datatype: float64}
# - {name: sdss_u, datatype: float64}
# - {name: sdss_g, datatype: float64}
# - {name: sdss_r, datatype: float64}
# - {name: sdss_i, datatype: float64}
# - {name: sdss_z, datatype: float64}
# - {name: PS1_g, datatype: float64}
# - {name: PS1_r, datatype: float64}
# - {name: PS1_i, datatype: float64}
# - {name: PS1_z, datatype: float64}
# - {name: PS1_Y, datatype: float64}
# - {name: ukirt_J, datatype: float64}
# - {name: ukirt_H, datatype: float64}
# - {name: ukirt_K, datatype: float64}
# meta: !!omap
# - comment: [E = 0.06029923955985733, Eta0 = 8.02, GammaB = 12.0, dL = 0.012188, epsb = 6.760829753919819e-06, epse = 0.1, n = 0.3981071705534969,
#     p = 2.15, theta_obs = 0.29670597283903605, xiN = 1.0, z = 0.0, type = grb, E_kiso = 138.9495494373139]
# schema: astropy-2.0
time swift_uvot_uvw2 swift_uvot_uvm2 swift_uvot_uvw1 swift_uvot_U swift_uvot_B swift_uvot_V swift_uvot_W johnson_U johnson_B johnson_V johnson_R johnson_I sdss_u sdss_g sdss_r sdss_i sdss_z PS1_g PS1_r PS1_i PS1_z PS1_Y ukirt_J ukirt_H ukirt_K
[from data line 358]
50.8255 -1.689 -1.639 -1.714 -1.907 -2.049 -2.189 -1.828 -1.929 -2.052 -2.194 -2.334 -2.483 -1.924 -2.097 -2.269 -2.389 -2.5 -2.161 -2.303 -2.423 -2.522 -2.69 -2.712 -2.881 -3.072
52.0515 -1.646 -1.597 -1.671 -1.864 -2.007 -2.146 -1.785 -1.887 -2.009 -2.151 -2.291 -2.44 -1.882 -2.054 -2.226 -2.347 -2.457 -2.118 -2.261 -2.38 -2.479 -2.648 -2.669 -2.839 -3.029
53.3072 -1.603 -1.554 -1.629 -1.822 -1.964 -2.103 -1.742 -1.844 -1.966 -2.108 -2.249 -2.397 -1.839 -2.012 -2.183 -2.304 -2.415 -2.075 -2.218 -2.338 -2.437 -2.605 -2.627 -2.796 -2.986
54.5931 -1.561 -1.511 -1.586 -1.779 -1.921 -2.061 -1.7 -1.801 -1.924 -2.066 -2.206 -2.355 -1.796 -1.969 -2.141 -2.262 -2.372 -2.033 -2.175 -2.295 -2.394 -2.562 -2.584 -2.753 -2.944
55.9101 -1.518 -1.469 -1.543 -1.736 -1.879 -2.018 -1.657 -1.759 -1.881 -2.023 -2.164 -2.312 -1.754 -1.926 -2.098 -2.219 -2.33 -1.99 -2.133 -2.252 -2.351 -2.52 -2.541 -2.711 -2.901
57.2588 -1.475 -1.426 -1.501 -1.694 -1.836 -1.975 -1.614 -1.716 -1.839 -1.98 -2.121 -2.269 -1.711 -1.884 -2.056 -2.176 -2.287 -1.947 -2.09 -2.21 -2.309 -2.477 -2.499 -2.668 -2.859
58.6401 -1.433 -1.383 -1.458 -1.651 -1.794 -1.933 -1.572 -1.673 -1.796 -1.938 -2.078 -2.227 -1.668 -1.841 -2.013 -2.134 -2.244 -1.905 -2.047 -2.167 -2.266 -2.434 -2.456 -2.626 -2.816
60.0546 -1.39 -1.341 -1.416 -1.608 -1.751 -1.89 -1.529 -1.631 -1.753 -1.895 -2.036 -2.184 -1.626 -1.798 -1.97 -2.091 -2.202 -1.862 -2.005 -2.125 -2.224 -2.392 -2.414 -2.583 -2.773
61.5034 -1.347 -1.298 -1.373 -1.566 -1.708 -1.847 -1.487 -1.588 -1.711 -1.853 -1.993 -2.142 -1.583 -1.756 -1.928 -2.048 -2.159 -1.82 -1.962 -2.082 -2.181 -2.349 -2.371 -2.54 -2.731
62.987 -1.305 -1.255 -1.33 -1.523 -1.666 -1.805 -1.444 -1.546 -1.668 -1.81 -1.95 -2.099 -1.541 -1.713 -1.885 -2.006 -2.116 -1.777 -1.919 -2.039 -2.138 -2.307 -2.328 -2.498 -2.688
64.5065 -1.262 -1.213 -1.288 -1.481 -1.623 -1.762 -1.402 -1.503 -1.626 -1.767 -1.908 -2.057 -1.498 -1.671 -1.843 -1.963 -2.074 -1.734 -1.877 -1.997 -2.096 -2.264 -2.286 -2.455 -2.646
66.0626 -1.222 -1.172 -1.247 -1.44 -1.582 -1.722 -1.361 -1.462 -1.585 -1.727 -1.867 -2.016 -1.457 -1.63 -1.802 -1.923 -2.033 -1.694 -1.836 -1.956 -2.055 -2.223 -2.245 -2.414 -2.605
67.6562 -1.181 -1.131 -1.206 -1.399 -1.542 -1.681 -1.32 -1.422 -1.544 -1.686 -1.826 -1.975 -1.417 -1.589 -1.761 -1.882 -1.992 -1.653 -1.796 -1.915 -2.014 -2.183 -2.204 -2.374 -2.564
69.2883 -1.14 -1.091 -1.166 -1.359 -1.501 -1.64 -1.279 -1.381 -1.503 -1.645 -1.786 -1.934 -1.376 -1.548 -1.72 -1.841 -1.952 -1.612 -1.755 -1.875 -1.974 -2.142 -2.164 -2.333 -2.523
70.9597 -1.099 -1.05 -1.125 -1.318 -1.46 -1.599 -1.239 -1.34 -1.463 -1.604 -1.745 -1.894 -1.335 -1.508 -1.68 -1.8 -1.911 -1.571 -1.714 -1.834 -1.933 -2.101 -2.123 -2.292 -2.483
72.6715 -1.059 -1.009 -1.084 -1.277 -1.419 -1.559 -1.198 -1.299 -1.422 -1.564 -1.704 -1.853 -1.294 -1.467 -1.639 -1.76 -1.87 -1.531 -1.673 -1.793 -1.892 -2.06 -2.082 -2.251 -2.442
74.4246 -1.018 -0.968 -1.043 -1.236 -1.379 -1.518 -1.157 -1.259 -1.381 -1.523 -1.663 -1.812 -1.254 -1.426 -1.598 -1.719 -1.829 -1.49 -1.633 -1.752 -1.851 -2.02 -2.041 -2.211 -2.401
76.2199 -0.977 -0.928 -1.003 -1.196 -1.338 -1.477 -1.116 -1.218 -1.34 -1.482 -1.623 -1.771 -1.213 -1.385 -1.557 -1.678 -1.789 -1.449 -1.592 -1.712 -1.811 -1.979 -2.001 -2.17 -2.36
78.0586 -0.936 -0.887 -0.962 -1.155 -1.297 -1.436 -1.076 -1.177 -1.3 -1.441 -1.582 -1.731 -1.172 -1.345 -1.517 -1.637 -1.748 -1.408 -1.551 -1.671 -1.77 -1.938 -1.96 -2.129 -2.32
79.9416 -0.896 -0.846 -0.921 -1.114 -1.256 -1.396 -1.035 -1.136 -1.259 -1.401 -1.541 -1.69 -1.131 -1.304 -1.476 -1.597 -1.707 -1.368 -1.51 -1.63 -1.729 -1.897 -1.919 -2.088 -2.279
81.87 -0.856 -0.807 -0.881 -1.074 -1.217 -1.356 -0.995 -1.097 -1.219 -1.361 -1.502 -1.65 -1.092 -1.264 -1.436 -1.557 -1.668 -1.328 -1.471 -1.591 -1.69 -1.858 -1.88 -2.049 -2.239
83.845 -0.82 -0.77 -0.845 -1.038 -1.181 -1.32 -0.959 -1.061 -1.183 -1.325 -1.465 -1.614 -1.055 -1.228 -1.4 -1.521 -1.631 -1.292 -1.434 -1.554 -1.653 -1.822 -1.843 -2.013 -2.203
85.8676 -0.783 -0.734 -0.809 -1.002 -1.144 -1.283 -0.923 -1.024 -1.147 -1.288 -1.429 -1.578 -1.019 -1.192 -1.364 -1.484 -1.595 -1.255 -1.398 -1.518 -1.617 -1.785 -1.807 -1.976 -2.167
87.939 -0.747 -0.698 -0.773 -0.965 -1.108 -1.247 -0.886 -0.988 -1.11 -1.252 -1.393 -1.541 -0.983 -1.155 -1.327 -1.448 -1.559 -1.219 -1.362 -1.482 -1.581 -1.749 -1.771 -1.94 -2.13
90.0604 -0.711 -0.661 -0.736 -0.929 -1.072 -1.211 -0.85 -0.952 -1.074 -1.216 -1.356 -1.505 -0.947 -1.119 -1.291 -1.412 -1.522 -1.183 -1.325 -1.445 -1.544 -1.713 -1.734 -1.904 -2.094
92.2329 -0.674 -0.625 -0.7 -0.893 -1.035 -1.174 -0.814 -0.915 -1.038 -1.18 -1.32 -1.469 -0.91 -1.083 -1.255 -1.375 -1.486 -1.147 -1.289 -1.409 -1.508 -1.676 -1.698 -1.867 -2.058
94.4579 -0.638 -0.589 -0.664 -0.857 -0.999 -1.138 -0.777 -0.879 -1.001 -1.143 -1.284 -1.432 -0.874 -1.046 -1.218 -1.339 -1.45 -1.11 -1.253 -1.373 -1.472 -1.64 -1.662 -1.831 -2.021
96.7365 -0.602 -0.552 -0.627 -0.82 -0.963 -1.102 -0.741 -0.843 -0.965 -1.107 -1.247 -1.396 -0.838 -1.01 -1.182 -1.303 -1.413 -1.074 -1.216 -1.336 -1.435 -1.604 -1.625 -1.795 -1.985
99.0701 -0.566 -0.516 -0.591 -0.784 -0.926 -1.065 -0.705 -0.806 -0.929 -1.071 -1.211 -1.36 -0.801 -0.974 -1.146 -1.266 -1.377 -1.038 -1.18 -1.3 -1.399 -1.567 -1.589 -1.758 -1.949
101.4599 -0.529 -0.48 -0.555 -0.748 -0.89 -1.029 -0.668 -0.77 -0.892 -1.034 -1.175 -1.323 -0.765 -0.937 -1.109 -1.23 -1.341 -1.001 -1.144 -1.264 -1.363 -1.531 -1.553 -1.722 -1.912
103.9075 -0.494 -0.444 -0.519 -0.712 -0.854 -0.993 -0.633 -0.734 -0.857 -0.999 -1.139 -1.288 -0.729 -0.902 -1.074 -1.194 -1.305 -0.966 -1.108 -1.228 -1.327 -1.495 -1.517 -1.686 -1.877
106.4141 -0.459 -0.409 -0.484 -0.677 -0.82 -0.959 -0.598 -0.7 -0.822 -0.964 -1.104 -1.253 -0.695 -0.867 -1.039 -1.16 -1.27 -0.931 -1.073 -1.193 -1.292 -1.461 -1.482 -1.652 -1.842
108.9811 -0.424 -0.375 -0.45 -0.643 -0.785 -0.924 -0.563 -0.665 -0.787 -0.929 -1.07 -1.218 -0.66 -0.832 -1.004 -1.125 -1.236 -0.896 -1.039 -1.159 -1.258 -1.426 -1.448 -1.617 -1.807
111.6101 -0.39 -0.34 -0.415 -0.608 -0.75 -0.889 -0.529 -0.63 -0.753 -0.895 -1.035 -1.184 -0.625 -0.798 -0.97 -1.09 -1.201 -0.862 -1.004 -1.124 -1.223 -1.391 -1.413 -1.582 -1.773
114.3025 -0.355 -0.305 -0.38 -0.573 -0.716 -0.855 -0.494 -0.596 -0.718 -0.86 -1.0 -1.149 -0.591 -0.763 -0.935 -1.056 -1.166 -0.827 -0.969 -1.089 -1.188 -1.357 -1.378 -1.548 -1.738
117.0598 -0.32 -0.271 -0.346 -0.539 -0.681 -0.82 -0.459 -0.561 -0.683 -0.825 -0.966 -1.114 -0.556 -0.728 -0.9 -1.021 -1.132 -0.792 -0.935 -1.055 -1.154 -1.322 -1.344 -1.513 -1.703
119.8836 -0.285 -0.236 -0.311 -0.504 -0.646 -0.785 -0.425 -0.526 -0.649 -0.791 -0.931 -1.08 -0.521 -0.694 -0.866 -0.986 -1.097 -0.758 -0.9 -1.02 -1.119 -1.287 -1.309 -1.478 -1.669
122.7756 -0.251 -0.201 -0.276 -0.469 -0.612 -0.751 -0.39 -0.492 -0.614 -0.756 -0.896 -1.045 -0.487 -0.659 -0.831 -0.952 -1.062 -0.723 -0.865 -0.985 -1.084 -1.253 -1.274 -1.444 -1.634
125.7373 -0.216 -0.167 -0.242 -0.435 -0.577 -0.716 -0.355 -0.457 -0.579 -0.721 -0.862 -1.01 -0.452 -0.624 -0.796 -0.917 -1.028 -0.688 -0.831 -0.951 -1.05 -1.218 -1.24 -1.409 -1.599
128.7705 -0.181 -0.132 -0.207 -0.4 -0.542 -0.681 -0.321 -0.422 -0.545 -0.687 -0.827 -0.976 -0.417 -0.59 -0.762 -0.882 -0.993 -0.654 -0.796 -0.916 -1.015 -1.183 -1.205 -1.374 -1.565
131.8769 -0.148 -0.099 -0.173 -0.366 -0.509 -0.648 -0.287 -0.389 -0.511 -0.653 -0.793 -0.942 -0.384 -0.556 -0.728 -0.849 -0.959 -0.62 -0.763 -0.882 -0.981 -1.15 -1.171 -1.341 -1.531
135.0582 -0.115 -0.066 -0.141 -0.334 -0.476 -0.615 -0.255 -0.356 -0.479 -0.62 -0.761 -0.91 -0.351 -0.524 -0.696 -0.816 -0.927 -0.587 -0.73 -0.85 -0.949 -1.117 -1.139 -1.308 -1.499
138.3162 -0.083 -0.033 -0.108 -0.301 -0.444 -0.583 -0.222 -0.324 -0.446 -0.588 -0.728 -0.877 -0.319 -0.491 -0.663 -0.784 -0.894 -0.555 -0.698 -0.817 -0.916 -1.085 -1.106 -1.276 -1.466
141.6528 -0.05 -0.001 -0.076 -0.269 -0.411 -0.55 -0.189 -0.291 -0.414 -0.555 -0.696 -0.844 -0.286 -0.459 -0.631 -0.751 -0.862 -0.522 -0.665 -0.785 -0.884 -1.052 -1.074 -1.243 -1.433
145.0699 -0.018 0.032 -0.043 -0.236 -0.379 -0.518 -0.157 -0.259 -0.381 -0.523 -0.663 -0.812 -0.254 -0.426 -0.598 -0.719 -0.829 -0.49 -0.632 -0.752 -0.851 -1.02 -1.041 -1.211 -1.401
148.5695 0.015 0.064 -0.011 -0.204 -0.346 -0.485 -0.124 -0.226 -0.348 -0.49 -0.631 -0.779 -0.221 -0.394 -0.565 -0.686 -0.797 -0.457 -0.6 -0.72 -0.819 -0.987 -1.009 -1.178 -1.368
152.1534 0.047 0.097 0.022 -0.171 -0.314 -0.453 -0.092 -0.194 -0.316 -0.458 -0.598 -0.747 -0.189 -0.361 -0.533 -0.654 -0.764 -0.425 -0.567 -0.687 -0.786 -0.955 -0.976 -1.146 -1.336
155.8238 0.08 0.129 0.054 -0.139 -0.281 -0.42 -0.059 -0.161 -0.283 -0.425 -0.566 -0.714 -0.156 -0.329 -0.5 -0.621 -0.732 -0.392 -0.535 -0.655 -0.754 -0.922 -0.944 -1.113 -1.303
159.5828 0.112 0.162 0.087 -0.106 -0.249 -0.388 -0.027 -0.128 -0.251 -0.393 -0.533 -0.682 -0.123 -0.296 -0.468 -0.589 -0.699 -0.36 -0.502 -0.622 -0.721 -0.889 -0.911 -1.081 -1.271
163.4324 0.145 0.194 0.119 -0.074 -0.216 -0.355 0.006 -0.096 -0.218 -0.36 -0.501 -0.649 -0.091 -0.264 -0.435 -0.556 -0.667 -0.327 -0.47 -0.59 -0.689 -0.857 -0.879 -1.048 -1.238
167.375 0.182 0.232 0.157 -0.036 -0.178 -0.317 0.043 -0.058 -0.181 -0.323 -0.463 -0.612 -0.053 -0.226 -0.398 -0.518 -0.629 -0.29 -0.432 -0.552 -0.651 -0.819 -0.841 -1.01 -1.201
171.4126 0.223 0.272 0.197 0.004 -0.138 -0.277 0.083 -0.018 -0.141 -0.283 -0.423 -0.572 -0.013 -0.186 -0.358 -0.478 -0.589 -0.25 -0.392 -0.512 -0.611 -0.779 -0.801 -0.97 -1.161
175.5476 0.263 0.312 0.237 0.044 -0.098 -0.237 0.123 0.022 -0.101 -0.242 -0.383 -0.532 0.027 -0.146 -0.318 -0.438 -0.549 -0.209 -0.352 -0.472 -0.571 -0.739 -0.761 -0.93 -1.121
179.7823 0.303 0.352 0.277 0.084 -0.058 -0.197 0.164 0.062 -0.061 -0.202 -0.343 -0.491 0.067 -0.106 -0.278 -0.398 -0.509 -0.169 -0.312 -0.432 -0.531 -0.699 -0.721 -0.89 -1.08
184.1193 0.343 0.392 0.317 0.124 -0.018 -0.157 0.204 0.102 -0.02 -0.162 -0.303 -0.451 0.107 -0.066 -0.237 -0.358 -0.469 -0.129 -0.272 -0.392 -0.491 -0.659 -0.681 -0.85 -1.04
188.5608 0.383 0.432 0.357 0.164 0.022 -0.117 0.244 0.142 0.02 -0.122 -0.263 -0.411 0.147 -0.026 -0.197 -0.318 -0.429 -0.089 -0.232 -0.352 -0.451 -0.619 -0.641 -0.81 -1.0
193.1095 0.423 0.472 0.397 0.204 0.062 -0.077 0.284 0.182 0.06 -0.082 -0.223 -0.371 0.187 0.014 -0.157 -0.278 -0.389 -0.049 -0.192 -0.312 -0.411 -0.579 -0.601 -0.77 -0.96
197.7679 0.463 0.512 0.437 0.244 0.102 -0.037 0.324 0.222 0.1 -0.042 -0.183 -0.331 0.227 0.055 -0.117 -0.238 -0.349 -0.009 -0.152 -0.272 -0.371 -0.539 -0.561 -0.73 -0.92
202.5387 0.503 0.552 0.477 0.284 0.142 0.003 0.364 0.262 0.14 -0.002 -0.143 -0.291 0.267 0.095 -0.077 -0.198 -0.309 0.031 -0.112 -0.232 -0.331 -0.499 -0.521 -0.69 -0.88
207.4245 0.543 0.592 0.517 0.325 0.182 0.043 0.404 0.302 0.18 0.038 -0.103 -0.251 0.307 0.135 -0.037 -0.158 -0.269 0.071 -0.072 -0.192 -0.291 -0.459 -0.481 -0.65 -0.84
212.4283 0.606 0.655 0.58 0.387 0.245 0.106 0.467 0.365 0.243 0.101 -0.04 -0.188 0.37 0.198 0.026 -0.095 -0.206 0.134 -0.009 -0.129 -0.228 -0.396 -0.418 -0.587 -0.777
217.5527 0.673 0.723 0.648 0.455 0.313 0.173 0.534 0.433 0.31 0.168 0.028 -0.121 0.438 0.265 0.093 -0.027 -0.138 0.201 0.059 -0.061 -0.16 -0.328 -0.35 -0.519 -0.71
222.8008 0.741 0.79 0.715 0.523 0.38 0.241 0.602 0.5 0.378 0.236 0.095 -0.053 0.505 0.333 0.161 0.04 -0.071 0.269 0.126 0.006 -0.093 -0.261 -0.283 -0.452 -0.642
228.1754 0.808 0.858 0.783 0.59 0.448 0.309 0.669 0.568 0.445 0.303 0.163 0.014 0.573 0.4 0.228 0.108 -0.003 0.336 0.194 0.074 -0.025 -0.193 -0.215 -0.384 -0.575
233.6797 0.876 0.925 0.851 0.658 0.515 0.376 0.737 0.635 0.513 0.371 0.23 0.082 0.64 0.468 0.296 0.175 0.064 0.404 0.261 0.142 0.043 -0.126 -0.147 -0.317 -0.507
239.3168 0.944 0.993 0.918 0.725 0.583 0.444 0.804 0.703 0.58 0.438 0.298 0.149 0.708 0.535 0.363 0.243 0.132 0.471 0.329 0.209 0.11 -0.058 -0.08 -0.249 -0.44
245.0899 1.011 1.061 0.986 0.793 0.65 0.511 0.872 0.77 0.648 0.506 0.366 0.217 0.775 0.603 0.431 0.31 0.2 0.539 0.396 0.277 0.178 0.009 -0.012 -0.182 -0.372
251.0022 1.079 1.128 1.053 0.86 0.718 0.579 0.94 0.838 0.715 0.574 0.433 0.285 0.843 0.67 0.498 0.378 0.267 0.607 0.464 0.344 0.245 0.077 0.055 -0.114 -0.305
257.0572 1.146 1.196 1.121 0.928 0.785 0.646 1.007 0.905 0.783 0.641 0.501 0.352 0.91 0.738 0.566 0.445 0.335 0.674 0.532 0.412 0.313 0.144 0.123 -0.047 -0.237
263.2582 1.214 1.263 1.188 0.995 0.853 0.714 1.075 0.973 0.851 0.709 0.568 0.42 0.978 0.805 0.634 0.513 0.402 0.742 0.599 0.479 0.38 0.212 0.19 0.021 -0.169
269.6088 1.314 1.364 1.289 1.096 0.953 0.814 1.175 1.073 0.951 0.809 0.669 0.52 1.078 0.906 0.734 0.613 0.503 0.842 0.7 0.58 0.481 0.312 0.291 0.121 -0.069
276.1126 1.415 1.465 1.39 1.197 1.055 0.916 1.276 1.175 1.052 0.91 0.77 0.621 1.18 1.007 0.835 0.715 0.604 0.943 0.801 0.681 0.582 0.414 0.392 0.223 0.032
282.7734 1.517 1.566 1.491 1.298 1.156 1.017 1.378 1.276 1.154 1.012 0.871 0.723 1.281 1.109 0.937 0.816 0.705 1.045 0.902 0.782 0.683 0.515 0.493 0.324 0.134
289.5947 1.618 1.668 1.593 1.4 1.257 1.118 1.479 1.377 1.255 1.113 0.973 0.824 1.382 1.21 1.038 0.917 0.807 1.146 1.004 0.884 0.785 0.616 0.595 0.425 0.235
296.5807 1.719 1.769 1.694 1.501 1.359 1.22 1.58 1.479 1.356 1.214 1.074 0.925 1.484 1.311 1.139 1.019 0.908 1.247 1.105 0.985 0.886 0.718 0.696 0.527 0.336
303.7351 1.821 1.87 1.795 1.602 1.46 1.321 1.682 1.58 1.458 1.316 1.175 1.027 1.585 1.413 1.241 1.12 1.009 1.349 1.206 1.086 0.987 0.819 0.797 0.628 0.438
311.0622 1.922 1.972 1.897 1.704 1.561 1.422 1.783 1.681 1.559 1.417 1.277 1.128 1.686 1.514 1.342 1.221 1.111 1.45 1.308 1.188 1.089 0.92 0.899 0.729 0.539
318.566 2.023 2.073 1.998 1.805 1.663 1.524 1.884 1.783 1.66 1.518 1.378 1.229 1.788 1.615 1.443 1.323 1.212 1.551 1.409 1.289 1.19 1.022 1.0 0.831 0.64
326.2508 2.125 2.174 2.099 1.906 1.764 1.625 1.986 1.884 1.762 1.62 1.479 1.331 1.889 1.717 1.545 1.424 1.313 1.653 1.51 1.39 1.291 1.123 1.101 0.932 0.742
334.121 2.233 2.283 2.208 2.015 1.873 1.734 2.094 1.993 1.87 1.728 1.588 1.439 1.998 1.825 1.653 1.533 1.422 1.761 1.619 1.499 1.4 1.232 1.21 1.041 0.85
342.181 2.397 2.447 2.372 2.179 2.037 1.898 2.258 2.157 2.034 1.892 1.752 1.603 2.162 1.989 1.817 1.697 1.586 1.925 1.783 1.663 1.564 1.396 1.374 1.205 1.014
350.4355 2.561 2.611 2.536 2.343 2.201 2.062 2.422 2.321 2.198 2.056 1.916 1.767 2.326 2.153 1.981 1.861 1.75 2.089 1.947 1.827 1.728 1.56 1.538 1.369 1.178
358.8891 2.726 2.775 2.7 2.507 2.365 2.226 2.586 2.485 2.362 2.22 2.08 1.931 2.49 2.317 2.145 2.025 1.914 2.253 2.111 1.991 1.892 1.724 1.702 1.533 1.342
367.5467 2.89 2.939 2.864 2.671 2.529 2.39 2.75 2.649 2.526 2.384 2.244 2.095 2.654 2.481 2.309 2.189 2.078 2.417 2.275 2.155 2.056 1.888 1.866 1.697 1.506
376.4131 3.054 3.103 3.028 2.835 2.693 2.554 2.914 2.813 2.69 2.548 2.408 2.259 2.818 2.645 2.473 2.353 2.242 2.581 2.439 2.319 2.22 2.052 2.03 1.861 1.67
385.4933 3.218 3.267 3.192 2.999 2.857 2.718 3.078 2.977 2.854 2.712 2.572 2.423 2.982 2.809 2.637 2.517 2.406 2.745 2.603 2.483 2.384 2.216 2.194 2.025 1.834
394.7926 3.382 3.431 3.356 3.163 3.021 2.882 3.242 3.141 3.018 2.876 2.736 2.587 3.146 2.973 2.801 2.681 2.57 2.909 2.767 2.647 2.548 2.38 2.358 2.189 1.998
404.3163 3.546 3.595 3.52 3.327 3.185 3.046 3.406 3.305 3.182 3.04 2.9 2.751 3.31 3.137 2.965 2.845 2.734 3.073 2.931 2.811 2.712 2.544 2.522 2.353 2.162
414.0697 3.71 3.759 3.684 3.491 3.349 3.21 3.57 3.469 3.346 3.204 3.064 2.915 3.474 3.301 3.129 3.009 2.898 3.237 3.095 2.975 2.876 2.708 2.686 2.517 2.326
424.0583 3.912 3.962 3.887 3.694 3.552 3.413 3.773 3.672 3.549 3.407 3.267 3.118 3.677 3.504 3.332 3.212 3.101 3.44 3.298 3.178 3.079 2.911 2.889 2.72 2.529
434.2879 4.226 4.276 4.201 4.008 3.865 3.726 4.087 3.985 3.863 3.721 3.581 3.432 3.99 3.818 3.646 3.525 3.415 3.754 3.611 3.492 3.393 3.224 3.203 3.033 2.843
444.7643 4.54 4.589 4.514 4.321 4.179 4.04 4.401 4.299 4.176 4.035 3.894 3.746 4.304 4.131 3.959 3.839 3.728 4.068 3.925 3.805 3.706 3.538 3.516 3.347 3.157
455.4934 4.853 4.903 4.828 4.635 4.492 4.353 4.714 4.612 4.49 4.348 4.208 4.059 4.617 4.445 4.273 4.152 4.042 4.381 4.239 4.119 4.02 3.851 3.83 3.66 3.47
