web/models/grb/offaxis/15/grb_0.2967_372.7594_0.0039811.dat
# %ECSV 1.0
# ---
# datatype:
# - {name: time, datatype: float64}
# - {name: swift_uvot_uvw2, datatype: float64}
# - {name: swift_uvot_uvm2, datatype: float64}
# - {name: swift_uvot_uvw1, datatype: float64}
# - {name: swift_uvot_U, datatype: float64}
# - {name: swift_uvot_B, datatype: float64}
# - {name: swift_uvot_V, datatype: float64}
# - {name: swift_uvot_W, datatype: float64}
# - {name: johnson_U, datatype: float64}
# - {name: johnson_B, datatype: float64}
# - {name: johnson_V, datatype: float64}
# - {name: johnson_R, datatype: float64}
# - {name: johnson_I, datatype: float64}
# - {name: sdss_u, datatype: float64}
# - {name: sdss_g, datatype: float64}
# - {name: sdss_r, datatype: float64}
# - {name: sdss_i, datatype: float64}
# - {name: sdss_z, datatype: float64}
# - {name: PS1_g, datatype: float64}
# - {name: PS1_r, datatype: float64}
# - {name: PS1_i, datatype: float64}
# - {name: PS1_z, datatype: float64}
# - {name: PS1_Y, datatype: float64}
# - {name: ukirt_J, datatype: float64}
# - {name: ukirt_H, datatype: float64}
# - {name: ukirt_K, datatype: float64}
# meta: !!omap
# - comment: [E = 0.16176451642579392, Eta0 = 8.02, GammaB = 12.0, dL = 0.012188, epsb = 6.760829753919819e-06, epse = 0.1, n = 0.003981071705534973,
#     p = 2.15, theta_obs = 0.29670597283903605, xiN = 1.0, z = 0.0, type = grb, E_kiso = 372.7593720314938]
# schema: astropy-2.0
time swift_uvot_uvw2 swift_uvot_uvm2 swift_uvot_uvw1 swift_uvot_U swift_uvot_B swift_uvot_V swift_uvot_W johnson_U johnson_B johnson_V johnson_R johnson_I sdss_u sdss_g sdss_r sdss_i sdss_z PS1_g PS1_r PS1_i PS1_z PS1_Y ukirt_J ukirt_H ukirt_K
[from data line 292]
10.5399 -3.554 -3.504 -3.579 -3.772 -3.914 -4.054 -3.693 -3.794 -3.917 -4.059 -4.199 -4.348 -3.789 -3.962 -4.134 -4.255 -4.365 -4.026 -4.168 -4.288 -4.387 -4.555 -4.577 -4.746 -4.937
10.7942 -3.561 -3.511 -3.586 -3.779 -3.922 -4.061 -3.7 -3.802 -3.924 -4.066 -4.206 -4.355 -3.797 -3.969 -4.141 -4.262 -4.372 -4.033 -4.175 -4.295 -4.394 -4.563 -4.584 -4.754 -4.944
11.0546 -3.568 -3.518 -3.593 -3.786 -3.929 -4.068 -3.707 -3.809 -3.931 -4.073 -4.213 -4.362 -3.804 -3.976 -4.148 -4.269 -4.379 -4.04 -4.183 -4.302 -4.401 -4.57 -4.591 -4.761 -4.951
11.3212 -3.575 -3.526 -3.6 -3.793 -3.936 -4.075 -3.714 -3.816 -3.938 -4.08 -4.221 -4.369 -3.811 -3.983 -4.155 -4.276 -4.387 -4.047 -4.19 -4.31 -4.409 -4.577 -4.598 -4.768 -4.958
11.5943 -3.582 -3.533 -3.608 -3.801 -3.943 -4.082 -3.721 -3.823 -3.945 -4.087 -4.228 -4.376 -3.818 -3.99 -4.162 -4.283 -4.394 -4.054 -4.197 -4.317 -4.416 -4.584 -4.606 -4.775 -4.965
11.874 -3.589 -3.54 -3.615 -3.808 -3.95 -4.089 -3.728 -3.83 -3.952 -4.094 -4.235 -4.383 -3.825 -3.998 -4.169 -4.29 -4.401 -4.061 -4.204 -4.324 -4.423 -4.591 -4.613 -4.782 -4.972
12.1605 -3.596 -3.547 -3.622 -3.815 -3.957 -4.096 -3.736 -3.837 -3.96 -4.101 -4.242 -4.391 -3.832 -4.005 -4.177 -4.297 -4.408 -4.068 -4.211 -4.331 -4.43 -4.598 -4.62 -4.789 -4.98
12.4538 -3.6 -3.551 -3.625 -3.818 -3.961 -4.1 -3.739 -3.841 -3.963 -4.105 -4.246 -4.394 -3.836 -4.008 -4.18 -4.301 -4.412 -4.072 -4.215 -4.334 -4.433 -4.602 -4.623 -4.793 -4.983
12.7542 -3.603 -3.553 -3.628 -3.821 -3.963 -4.102 -3.742 -3.843 -3.966 -4.108 -4.248 -4.397 -3.838 -4.011 -4.183 -4.303 -4.414 -4.075 -4.217 -4.337 -4.436 -4.604 -4.626 -4.795 -4.986
13.0619 -3.605 -3.556 -3.631 -3.823 -3.966 -4.105 -3.744 -3.846 -3.968 -4.11 -4.251 -4.399 -3.841 -4.013 -4.185 -4.306 -4.417 -4.077 -4.22 -4.34 -4.439 -4.607 -4.629 -4.798 -4.988
13.377 -3.608 -3.558 -3.633 -3.826 -3.968 -4.108 -3.747 -3.848 -3.971 -4.113 -4.253 -4.402 -3.843 -4.016 -4.188 -4.309 -4.419 -4.08 -4.222 -4.342 -4.441 -4.609 -4.631 -4.8 -4.991
13.6997 -3.61 -3.561 -3.636 -3.829 -3.971 -4.11 -3.749 -3.851 -3.973 -4.115 -4.256 -4.404 -3.846 -4.019 -4.19 -4.311 -4.422 -4.082 -4.225 -4.345 -4.444 -4.612 -4.634 -4.803 -4.993
14.0302 -3.613 -3.563 -3.638 -3.831 -3.974 -4.113 -3.752 -3.854 -3.976 -4.118 -4.258 -4.407 -3.848 -4.021 -4.193 -4.314 -4.424 -4.085 -4.227 -4.347 -4.446 -4.615 -4.636 -4.806 -4.996
14.3686 -3.615 -3.566 -3.641 -3.834 -3.976 -4.115 -3.754 -3.856 -3.979 -4.12 -4.261 -4.409 -3.851 -4.024 -4.195 -4.316 -4.427 -4.087 -4.23 -4.35 -4.449 -4.617 -4.639 -4.808 -4.998
14.7153 -3.618 -3.568 -3.643 -3.836 -3.979 -4.118 -3.757 -3.859 -3.981 -4.123 -4.263 -4.412 -3.854 -4.026 -4.198 -4.319 -4.429 -4.09 -4.232 -4.352 -4.451 -4.62 -4.641 -4.811 -5.001
15.0702 -3.62 -3.571 -3.646 -3.839 -3.981 -4.12 -3.76 -3.861 -3.984 -4.125 -4.266 -4.415 -3.856 -4.029 -4.201 -4.321 -4.432 -4.092 -4.235 -4.355 -4.454 -4.622 -4.644 -4.813 -5.004
15.4338 -3.623 -3.574 -3.648 -3.841 -3.984 -4.123 -3.762 -3.864 -3.986 -4.128 -4.269 -4.417 -3.859 -4.031 -4.203 -4.324 -4.434 -4.095 -4.238 -4.357 -4.456 -4.625 -4.646 -4.816 -5.006
15.8061 -3.651 -3.601 -3.676 -3.869 -4.011 -4.15 -3.79 -3.891 -4.014 -4.156 -4.296 -4.445 -3.886 -4.059 -4.231 -4.351 -4.462 -4.123 -4.265 -4.385 -4.484 -4.652 -4.674 -4.843 -5.034
16.1874 -3.681 -3.631 -3.706 -3.899 -4.041 -4.18 -3.82 -3.921 -4.044 -4.186 -4.326 -4.475 -3.916 -4.089 -4.261 -4.381 -4.492 -4.153 -4.295 -4.415 -4.514 -4.682 -4.704 -4.873 -5.064
16.5779 -3.711 -3.661 -3.736 -3.929 -4.071 -4.21 -3.85 -3.951 -4.074 -4.216 -4.356 -4.505 -3.946 -4.119 -4.291 -4.411 -4.522 -4.183 -4.325 -4.445 -4.544 -4.712 -4.734 -4.903 -5.094
16.9778 -3.74 -3.691 -3.766 -3.959 -4.101 -4.24 -3.88 -3.981 -4.104 -4.245 -4.386 -4.535 -3.976 -4.149 -4.321 -4.441 -4.552 -4.212 -4.355 -4.475 -4.574 -4.742 -4.764 -4.933 -5.124
17.3873 -3.77 -3.721 -3.796 -3.989 -4.131 -4.27 -3.909 -4.011 -4.134 -4.275 -4.416 -4.564 -4.006 -4.179 -4.351 -4.471 -4.582 -4.242 -4.385 -4.505 -4.604 -4.772 -4.794 -4.963 -5.154
17.8068 -3.8 -3.751 -3.826 -4.019 -4.161 -4.3 -3.939 -4.041 -4.164 -4.305 -4.446 -4.594 -4.036 -4.209 -4.38 -4.501 -4.612 -4.272 -4.415 -4.535 -4.634 -4.802 -4.824 -4.993 -5.183
18.2363 -3.83 -3.781 -3.856 -4.049 -4.191 -4.33 -3.969 -4.071 -4.193 -4.335 -4.476 -4.624 -4.066 -4.239 -4.41 -4.531 -4.642 -4.302 -4.445 -4.565 -4.664 -4.832 -4.854 -5.023 -5.213
18.6762 -3.86 -3.811 -3.886 -4.079 -4.221 -4.36 -3.999 -4.101 -4.223 -4.365 -4.506 -4.654 -4.096 -4.269 -4.44 -4.561 -4.672 -4.332 -4.475 -4.595 -4.694 -4.862 -4.884 -5.053 -5.243
19.1268 -3.89 -3.841 -3.916 -4.109 -4.251 -4.39 -4.029 -4.131 -4.253 -4.395 -4.536 -4.684 -4.126 -4.298 -4.47 -4.591 -4.702 -4.362 -4.505 -4.625 -4.724 -4.892 -4.914 -5.083 -5.273
19.5882 -3.918 -3.869 -3.944 -4.137 -4.279 -4.418 -4.057 -4.159 -4.282 -4.423 -4.564 -4.712 -4.154 -4.327 -4.499 -4.619 -4.73 -4.39 -4.533 -4.653 -4.752 -4.92 -4.942 -5.111 -5.301
20.0607 -3.918 -3.868 -3.943 -4.136 -4.279 -4.418 -4.057 -4.159 -4.281 -4.423 -4.563 -4.712 -4.154 -4.326 -4.498 -4.619 -4.729 -4.39 -4.532 -4.652 -4.751 -4.92 -4.941 -5.111 -5.301
20.5446 -3.917 -3.868 -3.943 -4.136 -4.278 -4.417 -4.056 -4.158 -4.28 -4.422 -4.563 -4.711 -4.153 -4.326 -4.497 -4.618 -4.729 -4.389 -4.532 -4.652 -4.751 -4.919 -4.941 -5.11 -5.3
21.0402 -3.917 -3.867 -3.942 -4.135 -4.278 -4.417 -4.056 -4.158 -4.28 -4.422 -4.562 -4.711 -4.152 -4.325 -4.497 -4.618 -4.728 -4.389 -4.531 -4.651 -4.75 -4.918 -4.94 -5.11 -5.3
21.5478 -3.916 -3.867 -3.942 -4.135 -4.277 -4.416 -4.055 -4.157 -4.279 -4.421 -4.562 -4.71 -4.152 -4.325 -4.496 -4.617 -4.728 -4.388 -4.531 -4.651 -4.75 -4.918 -4.94 -5.109 -5.299
22.0676 -3.916 -3.866 -3.941 -4.134 -4.276 -4.416 -4.055 -4.156 -4.279 -4.421 -4.561 -4.71 -4.151 -4.324 -4.496 -4.617 -4.727 -4.388 -4.53 -4.65 -4.749 -4.917 -4.939 -5.108 -5.299
22.5999 -3.915 -3.866 -3.941 -4.133 -4.276 -4.415 -4.054 -4.156 -4.278 -4.42 -4.561 -4.709 -4.151 -4.323 -4.495 -4.616 -4.727 -4.387 -4.53 -4.65 -4.749 -4.917 -4.939 -5.108 -5.298
23.1451 -3.915 -3.865 -3.94 -4.133 -4.275 -4.414 -4.054 -4.155 -4.278 -4.42 -4.56 -4.709 -4.15 -4.323 -4.495 -4.615 -4.726 -4.387 -4.529 -4.649 -4.748 -4.916 -4.938 -5.107 -5.298
23.7034 -3.914 -3.865 -3.939 -4.132 -4.275 -4.414 -4.053 -4.155 -4.277 -4.419 -4.56 -4.708 -4.15 -4.322 -4.494 -4.615 -4.726 -4.386 -4.529 -4.648 -4.748 -4.916 -4.937 -5.107 -5.297
24.2752 -3.914 -3.864 -3.939 -4.132 -4.274 -4.413 -4.053 -4.154 -4.277 -4.419 -4.559 -4.708 -4.149 -4.322 -4.494 -4.614 -4.725 -4.386 -4.528 -4.648 -4.747 -4.915 -4.937 -5.106 -5.297
24.8608 -3.913 -3.863 -3.938 -4.131 -4.273 -4.412 -4.052 -4.153 -4.276 -4.418 -4.558 -4.707 -4.148 -4.321 -4.493 -4.613 -4.724 -4.385 -4.527 -4.647 -4.746 -4.914 -4.936 -5.105 -5.296
25.4606 -3.91 -3.861 -3.936 -4.129 -4.271 -4.41 -4.049 -4.151 -4.273 -4.415 -4.556 -4.704 -4.146 -4.319 -4.49 -4.611 -4.722 -4.382 -4.525 -4.645 -4.744 -4.912 -4.934 -5.103 -5.293
26.0748 -3.908 -3.858 -3.933 -4.126 -4.269 -4.408 -4.047 -4.149 -4.271 -4.413 -4.553 -4.702 -4.144 -4.316 -4.488 -4.609 -4.719 -4.38 -4.523 -4.642 -4.741 -4.91 -4.931 -5.101 -5.291
26.7038 -3.906 -3.856 -3.931 -4.124 -4.266 -4.405 -4.045 -4.146 -4.269 -4.411 -4.551 -4.7 -4.141 -4.314 -4.486 -4.606 -4.717 -4.378 -4.52 -4.64 -4.739 -4.907 -4.929 -5.098 -5.289
27.3479 -3.903 -3.854 -3.929 -4.122 -4.264 -4.403 -4.042 -4.144 -4.266 -4.408 -4.549 -4.697 -4.139 -4.312 -4.483 -4.604 -4.715 -4.375 -4.518 -4.638 -4.737 -4.905 -4.927 -5.096 -5.286
28.0077 -3.901 -3.851 -3.926 -4.119 -4.262 -4.401 -4.04 -4.142 -4.264 -4.406 -4.546 -4.695 -4.137 -4.309 -4.481 -4.602 -4.712 -4.373 -4.516 -4.635 -4.734 -4.903 -4.924 -5.094 -5.284
28.6833 -3.899 -3.849 -3.924 -4.117 -4.259 -4.398 -4.038 -4.139 -4.262 -4.404 -4.544 -4.693 -4.134 -4.307 -4.479 -4.599 -4.71 -4.371 -4.513 -4.633 -4.732 -4.9 -4.922 -5.091 -5.282
29.3752 -3.896 -3.847 -3.922 -4.115 -4.257 -4.396 -4.035 -4.137 -4.259 -4.401 -4.542 -4.69 -4.132 -4.304 -4.476 -4.597 -4.708 -4.368 -4.511 -4.631 -4.73 -4.898 -4.92 -5.089 -5.279
30.0838 -3.894 -3.844 -3.919 -4.112 -4.255 -4.394 -4.033 -4.135 -4.257 -4.399 -4.539 -4.688 -4.13 -4.302 -4.474 -4.595 -4.705 -4.366 -4.508 -4.628 -4.727 -4.896 -4.917 -5.087 -5.277
30.8096 -3.892 -3.842 -3.917 -4.11 -4.252 -4.391 -4.031 -4.132 -4.255 -4.397 -4.537 -4.686 -4.127 -4.3 -4.472 -4.592 -4.703 -4.364 -4.506 -4.626 -4.725 -4.893 -4.915 -5.084 -5.275
31.5528 -3.891 -3.841 -3.916 -4.109 -4.251 -4.39 -4.03 -4.131 -4.254 -4.396 -4.536 -4.685 -4.126 -4.299 -4.471 -4.591 -4.702 -4.363 -4.505 -4.625 -4.724 -4.892 -4.914 -5.083 -5.274
32.3139 -3.892 -3.843 -3.918 -4.111 -4.253 -4.392 -4.031 -4.133 -4.255 -4.397 -4.538 -4.686 -4.128 -4.301 -4.472 -4.593 -4.704 -4.364 -4.507 -4.627 -4.726 -4.894 -4.916 -5.085 -5.275
33.0935 -3.894 -3.845 -3.919 -4.112 -4.255 -4.394 -4.033 -4.135 -4.257 -4.399 -4.54 -4.688 -4.13 -4.302 -4.474 -4.595 -4.705 -4.366 -4.509 -4.628 -4.727 -4.896 -4.917 -5.087 -5.277
33.8918 -3.896 -3.846 -3.921 -4.114 -4.257 -4.396 -4.035 -4.136 -4.259 -4.401 -4.541 -4.69 -4.131 -4.304 -4.476 -4.597 -4.707 -4.368 -4.51 -4.63 -4.729 -4.897 -4.919 -5.088 -5.279
34.7093 -3.897 -3.848 -3.923 -4.116 -4.258 -4.397 -4.037 -4.138 -4.261 -4.402 -4.543 -4.692 -4.133 -4.306 -4.478 -4.598 -4.709 -4.37 -4.512 -4.632 -4.731 -4.899 -4.921 -5.09 -5.281
35.5466 -3.899 -3.85 -3.925 -4.118 -4.26 -4.399 -4.038 -4.14 -4.262 -4.404 -4.545 -4.693 -4.135 -4.307 -4.479 -4.6 -4.711 -4.371 -4.514 -4.634 -4.733 -4.901 -4.923 -5.092 -5.282
36.4041 -3.901 -3.851 -3.926 -4.119 -4.262 -4.401 -4.04 -4.142 -4.264 -4.406 -4.546 -4.695 -4.137 -4.309 -4.481 -4.602 -4.712 -4.373 -4.516 -4.635 -4.734 -4.903 -4.924 -5.094 -5.284
37.2823 -3.903 -3.853 -3.928 -4.121 -4.263 -4.403 -4.042 -4.143 -4.266 -4.408 -4.548 -4.697 -4.138 -4.311 -4.483 -4.603 -4.714 -4.375 -4.517 -4.637 -4.736 -4.904 -4.926 -5.095 -5.286
38.1817 -3.904 -3.855 -3.93 -4.123 -4.265 -4.404 -4.043 -4.145 -4.268 -4.409 -4.55 -4.698 -4.14 -4.313 -4.484 -4.605 -4.716 -4.376 -4.519 -4.639 -4.738 -4.906 -4.928 -5.097 -5.287
39.1028 -3.906 -3.857 -3.931 -4.124 -4.267 -4.406 -4.045 -4.147 -4.269 -4.411 -4.552 -4.7 -4.142 -4.314 -4.486 -4.607 -4.718 -4.378 -4.521 -4.64 -4.74 -4.908 -4.929 -5.099 -5.289
40.046 -3.888 -3.838 -3.913 -4.106 -4.249 -4.388 -4.027 -4.129 -4.251 -4.393 -4.533 -4.682 -4.124 -4.296 -4.468 -4.589 -4.699 -4.36 -4.502 -4.622 -4.721 -4.89 -4.911 -5.081 -5.271
41.0121 -3.848 -3.799 -3.874 -4.067 -4.209 -4.348 -3.988 -4.089 -4.212 -4.354 -4.494 -4.643 -4.084 -4.257 -4.429 -4.549 -4.66 -4.321 -4.463 -4.583 -4.682 -4.85 -4.872 -5.041 -5.232
42.0014 -3.809 -3.76 -3.835 -4.028 -4.17 -4.309 -3.948 -4.05 -4.172 -4.314 -4.455 -4.603 -4.045 -4.217 -4.389 -4.51 -4.621 -4.281 -4.424 -4.544 -4.643 -4.811 -4.833 -5.002 -5.192
43.0146 -3.77 -3.72 -3.795 -3.988 -4.131 -4.27 -3.909 -4.011 -4.133 -4.275 -4.415 -4.564 -4.006 -4.178 -4.35 -4.471 -4.581 -4.242 -4.384 -4.504 -4.603 -4.772 -4.793 -4.963 -5.153
44.0523 -3.731 -3.681 -3.756 -3.949 -4.091 -4.23 -3.87 -3.971 -4.094 -4.236 -4.376 -4.525 -3.966 -4.139 -4.311 -4.431 -4.542 -4.203 -4.345 -4.465 -4.564 -4.732 -4.754 -4.923 -5.114
45.1149 -3.691 -3.642 -3.717 -3.91 -4.052 -4.191 -3.83 -3.932 -4.054 -4.196 -4.337 -4.485 -3.927 -4.099 -4.271 -4.392 -4.503 -4.163 -4.306 -4.426 -4.525 -4.693 -4.715 -4.884 -5.074
46.2033 -3.652 -3.602 -3.677 -3.87 -4.013 -4.152 -3.791 -3.893 -4.015 -4.157 -4.297 -4.446 -3.888 -4.06 -4.232 -4.353 -4.463 -4.124 -4.266 -4.386 -4.485 -4.654 -4.675 -4.845 -5.035
47.3178 -3.613 -3.563 -3.638 -3.831 -3.973 -4.112 -3.752 -3.853 -3.976 -4.118 -4.258 -4.407 -3.848 -4.021 -4.193 -4.313 -4.424 -4.085 -4.227 -4.347 -4.446 -4.614 -4.636 -4.805 -4.996
48.4593 -3.573 -3.524 -3.599 -3.792 -3.934 -4.073 -3.712 -3.814 -3.936 -4.078 -4.219 -4.367 -3.809 -3.982 -4.153 -4.274 -4.385 -4.045 -4.188 -4.308 -4.407 -4.575 -4.597 -4.766 -4.956
49.6283 -3.534 -3.484 -3.559 -3.752 -3.895 -4.034 -3.673 -3.775 -3.897 -4.039 -4.179 -4.328 -3.77 -3.942 -4.114 -4.235 -4.345 -4.006 -4.149 -4.268 -4.367 -4.536 -4.557 -4.727 -4.917
50.8255 -3.48 -3.43 -3.505 -3.698 -3.841 -3.98 -3.619 -3.721 -3.843 -3.985 -4.125 -4.274 -3.716 -3.888 -4.06 -4.181 -4.291 -3.952 -4.094 -4.214 -4.313 -4.482 -4.503 -4.673 -4.863
52.0515 -3.417 -3.368 -3.443 -3.636 -3.778 -3.917 -3.556 -3.658 -3.78 -3.922 -4.063 -4.211 -3.653 -3.825 -3.997 -4.118 -4.229 -3.889 -4.032 -4.152 -4.251 -4.419 -4.441 -4.61 -4.8
53.3072 -3.355 -3.305 -3.38 -3.573 -3.715 -3.854 -3.494 -3.595 -3.718 -3.86 -4.0 -4.149 -3.59 -3.763 -3.935 -4.055 -4.166 -3.827 -3.969 -4.089 -4.188 -4.356 -4.378 -4.547 -4.738
54.5931 -3.292 -3.242 -3.317 -3.51 -3.653 -3.792 -3.431 -3.533 -3.655 -3.797 -3.937 -4.086 -3.528 -3.7 -3.872 -3.993 -4.103 -3.764 -3.906 -4.026 -4.125 -4.294 -4.315 -4.485 -4.675
55.9101 -3.229 -3.18 -3.255 -3.448 -3.59 -3.729 -3.368 -3.47 -3.592 -3.734 -3.875 -4.023 -3.465 -3.637 -3.809 -3.93 -4.041 -3.701 -3.844 -3.964 -4.063 -4.231 -4.253 -4.422 -4.612
57.2588 -3.166 -3.117 -3.192 -3.385 -3.527 -3.666 -3.306 -3.407 -3.53 -3.672 -3.812 -3.961 -3.402 -3.575 -3.747 -3.867 -3.978 -3.639 -3.781 -3.901 -4.0 -4.168 -4.19 -4.359 -4.55
58.6401 -3.104 -3.054 -3.129 -3.322 -3.465 -3.604 -3.243 -3.345 -3.467 -3.609 -3.749 -3.898 -3.34 -3.512 -3.684 -3.805 -3.915 -3.576 -3.718 -3.838 -3.937 -4.106 -4.127 -4.297 -4.487
60.0546 -3.041 -2.992 -3.067 -3.259 -3.402 -3.541 -3.18 -3.282 -3.404 -3.546 -3.687 -3.835 -3.277 -3.449 -3.621 -3.742 -3.853 -3.513 -3.656 -3.776 -3.875 -4.043 -4.065 -4.234 -4.424
61.5034 -2.978 -2.929 -3.004 -3.197 -3.339 -3.478 -3.118 -3.219 -3.342 -3.484 -3.624 -3.773 -3.214 -3.387 -3.559 -3.679 -3.79 -3.451 -3.593 -3.713 -3.812 -3.98 -4.002 -4.171 -4.362
62.987 -2.916 -2.866 -2.941 -3.134 -3.277 -3.416 -3.055 -3.157 -3.279 -3.421 -3.561 -3.71 -3.152 -3.324 -3.496 -3.617 -3.727 -3.388 -3.53 -3.65 -3.749 -3.918 -3.939 -4.109 -4.299
64.5065 -2.846 -2.797 -2.872 -3.064 -3.207 -3.346 -2.985 -3.087 -3.209 -3.351 -3.492 -3.64 -3.082 -3.254 -3.426 -3.547 -3.658 -3.318 -3.461 -3.581 -3.68 -3.848 -3.87 -4.039 -4.229
66.0626 -2.774 -2.725 -2.8 -2.993 -3.135 -3.274 -2.913 -3.015 -3.138 -3.279 -3.42 -3.568 -3.01 -3.183 -3.355 -3.475 -3.586 -3.246 -3.389 -3.509 -3.608 -3.776 -3.798 -3.967 -4.157
67.6562 -2.703 -2.653 -2.728 -2.921 -3.063 -3.203 -2.842 -2.943 -3.066 -3.208 -3.348 -3.497 -2.938 -3.111 -3.283 -3.403 -3.514 -3.175 -3.317 -3.437 -3.536 -3.704 -3.726 -3.895 -4.086
69.2883 -2.631 -2.581 -2.656 -2.849 -2.992 -3.131 -2.77 -2.872 -2.994 -3.136 -3.276 -3.425 -2.867 -3.039 -3.211 -3.332 -3.442 -3.103 -3.246 -3.365 -3.464 -3.633 -3.654 -3.824 -4.014
70.9597 -2.559 -2.51 -2.585 -2.778 -2.92 -3.059 -2.698 -2.8 -2.922 -3.064 -3.205 -3.353 -2.795 -2.967 -3.139 -3.26 -3.371 -3.031 -3.174 -3.294 -3.393 -3.561 -3.583 -3.752 -3.942
72.6715 -2.487 -2.438 -2.513 -2.706 -2.848 -2.987 -2.627 -2.728 -2.851 -2.992 -3.133 -3.282 -2.723 -2.896 -3.068 -3.188 -3.299 -2.96 -3.102 -3.222 -3.321 -3.489 -3.511 -3.68 -3.871
74.4246 -2.416 -2.366 -2.441 -2.634 -2.776 -2.916 -2.555 -2.656 -2.779 -2.921 -3.061 -3.21 -2.651 -2.824 -2.996 -3.117 -3.227 -2.888 -3.03 -3.15 -3.249 -3.417 -3.439 -3.608 -3.799
76.2199 -2.344 -2.295 -2.369 -2.562 -2.705 -2.844 -2.483 -2.585 -2.707 -2.849 -2.99 -3.138 -2.58 -2.752 -2.924 -3.045 -3.155 -2.816 -2.959 -3.078 -3.177 -3.346 -3.367 -3.537 -3.727
78.0586 -2.272 -2.223 -2.298 -2.491 -2.633 -2.772 -2.411 -2.513 -2.635 -2.777 -2.918 -3.066 -2.508 -2.681 -2.852 -2.973 -3.084 -2.744 -2.887 -3.007 -3.106 -3.274 -3.296 -3.465 -3.655
79.9416 -2.201 -2.151 -2.226 -2.419 -2.561 -2.7 -2.34 -2.441 -2.564 -2.706 -2.846 -2.995 -2.436 -2.609 -2.781 -2.901 -3.012 -2.673 -2.815 -2.935 -3.034 -3.202 -3.224 -3.393 -3.584
81.87 -2.128 -2.079 -2.153 -2.346 -2.489 -2.628 -2.267 -2.369 -2.491 -2.633 -2.774 -2.922 -2.364 -2.536 -2.708 -2.829 -2.94 -2.6 -2.743 -2.863 -2.962 -3.13 -3.152 -3.321 -3.511
83.845 -2.056 -2.006 -2.081 -2.274 -2.416 -2.555 -2.195 -2.296 -2.419 -2.561 -2.701 -2.85 -2.291 -2.464 -2.636 -2.756 -2.867 -2.528 -2.67 -2.79 -2.889 -3.057 -3.079 -3.248 -3.439
