web/models/grb/offaxis/15/grb_0.2967_5.1795_0.0000251.dat
# %ECSV 1.0
# ---
# datatype:
# - {name: time, datatype: float64}
# - {name: swift_uvot_uvw2, datatype: float64}
# - {name: swift_uvot_uvm2, datatype: float64}
# - {name: swift_uvot_uvw1, datatype: float64}
# - {name: swift_uvot_U, datatype: float64}
# - {name: swift_uvot_B, datatype: float64}
# - {name: swift_uvot_V, datatype: float64}
# - {name: swift_uvot_W, datatype: float64}
# - {name: johnson_U, datatype: float64}
# - {name: johnson_B, datatype: float64}
# - {name: johnson_V, datatype: float64}
# - {name: johnson_R, datatype: float64}
# - {name: johnson_I, datatype: float64}
# - {name: sdss_u, datatype: float64}
# - {name: sdss_g, datatype: float64}
# - {name: sdss_r, datatype: float64}
# - {name: sdss_i, datatype: float64}
# - {name: sdss_z, datatype: float64}
# - {name: PS1_g, datatype: float64}
# - {name: PS1_r, datatype: float64}
# - {name: PS1_i, datatype: float64}
# - {name: PS1_z, datatype: float64}
# - {name: PS1_Y, datatype: float64}
# - {name: ukirt_J, datatype: float64}
# - {name: ukirt_H, datatype: float64}
# - {name: ukirt_K, datatype: float64}
# meta: !!omap
# - comment: [E = 0.0022477106672309025, Eta0 = 8.02, GammaB = 12.0, dL = 0.012188, epsb = 6.760829753919819e-06, epse = 0.1, n = 2.5118864315095822e-05,
#     p = 2.15, theta_obs = 0.29670597283903605, xiN = 1.0, z = 0.0, type = grb, E_kiso = 5.1794746792312125]
# schema: astropy-2.0
time swift_uvot_uvw2 swift_uvot_uvm2 swift_uvot_uvw1 swift_uvot_U swift_uvot_B swift_uvot_V swift_uvot_W johnson_U johnson_B johnson_V johnson_R johnson_I sdss_u sdss_g sdss_r sdss_i sdss_z PS1_g PS1_r PS1_i PS1_z PS1_Y ukirt_J ukirt_H ukirt_K
[from data line 314]
17.8068 5.364 5.413 5.339 5.146 5.003 4.864 5.225 5.123 5.001 4.859 4.718 4.57 5.128 4.956 4.784 4.663 4.552 4.892 4.749 4.63 4.531 4.362 4.341 4.171 3.981
18.2363 5.361 5.411 5.336 5.143 5.001 4.862 5.222 5.121 4.998 4.856 4.716 4.567 5.126 4.953 4.781 4.661 4.55 4.889 4.747 4.627 4.528 4.36 4.338 4.169 3.978
18.6762 5.359 5.408 5.333 5.141 4.998 4.859 5.22 5.118 4.996 4.854 4.713 4.565 5.123 4.951 4.779 4.658 4.547 4.887 4.744 4.624 4.525 4.357 4.335 4.166 3.976
19.1268 5.356 5.406 5.331 5.138 4.996 4.856 5.217 5.116 4.993 4.851 4.711 4.562 5.121 4.948 4.776 4.655 4.545 4.884 4.742 4.622 4.523 4.355 4.333 4.164 3.973
19.5882 5.354 5.403 5.328 5.135 4.993 4.854 5.215 5.113 4.991 4.849 4.708 4.56 5.118 4.945 4.774 4.653 4.542 4.882 4.739 4.619 4.52 4.352 4.33 4.161 3.971
20.0607 5.351 5.401 5.326 5.133 4.99 4.851 5.212 5.11 4.988 4.846 4.706 4.557 5.116 4.943 4.771 4.65 4.54 4.879 4.737 4.617 4.518 4.349 4.328 4.158 3.968
20.5446 5.325 5.374 5.299 5.106 4.964 4.825 5.186 5.084 4.962 4.82 4.679 4.531 5.089 4.916 4.745 4.624 4.513 4.853 4.71 4.59 4.491 4.323 4.301 4.132 3.942
21.0402 5.295 5.344 5.269 5.076 4.934 4.795 5.156 5.054 4.932 4.79 4.649 4.501 5.059 4.886 4.715 4.594 4.483 4.823 4.68 4.56 4.461 4.293 4.271 4.102 3.912
21.5478 5.265 5.314 5.239 5.046 4.904 4.765 5.126 5.024 4.902 4.76 4.619 4.471 5.029 4.857 4.685 4.564 4.453 4.793 4.65 4.53 4.431 4.263 4.241 4.072 3.882
22.0676 5.235 5.284 5.209 5.016 4.874 4.735 5.096 4.994 4.872 4.73 4.589 4.441 4.999 4.827 4.655 4.534 4.423 4.763 4.62 4.5 4.401 4.233 4.211 4.042 3.852
22.5999 5.205 5.254 5.18 4.987 4.844 4.705 5.066 4.964 4.842 4.7 4.559 4.411 4.969 4.797 4.625 4.504 4.393 4.733 4.59 4.47 4.371 4.203 4.181 4.012 3.822
23.1451 5.175 5.224 5.15 4.957 4.814 4.675 5.036 4.934 4.812 4.67 4.529 4.381 4.939 4.767 4.595 4.474 4.363 4.703 4.56 4.441 4.341 4.173 4.152 3.982 3.792
23.7034 5.145 5.194 5.12 4.927 4.784 4.645 5.006 4.904 4.782 4.64 4.499 4.351 4.909 4.737 4.565 4.444 4.334 4.673 4.53 4.411 4.312 4.143 4.122 3.952 3.762
24.2752 5.115 5.165 5.09 4.897 4.754 4.615 4.976 4.874 4.752 4.61 4.47 4.321 4.879 4.707 4.535 4.414 4.304 4.643 4.5 4.381 4.282 4.113 4.092 3.922 3.732
24.8608 5.085 5.135 5.06 4.867 4.724 4.585 4.946 4.844 4.722 4.58 4.44 4.291 4.849 4.677 4.505 4.384 4.274 4.613 4.47 4.351 4.252 4.083 4.062 3.892 3.702
25.4606 5.056 5.105 5.03 4.837 4.695 4.556 4.917 4.815 4.693 4.551 4.41 4.262 4.82 4.647 4.476 4.355 4.244 4.584 4.441 4.321 4.222 4.054 4.032 3.863 3.673
26.0748 5.056 5.106 5.031 4.838 4.695 4.556 4.917 4.816 4.693 4.551 4.411 4.262 4.821 4.648 4.476 4.355 4.245 4.584 4.442 4.322 4.223 4.055 4.033 3.863 3.673
26.7038 5.057 5.106 5.031 4.838 4.696 4.557 4.918 4.816 4.694 4.552 4.411 4.263 4.821 4.648 4.477 4.356 4.245 4.585 4.442 4.322 4.223 4.055 4.033 3.864 3.674
27.3479 5.057 5.107 5.032 4.839 4.697 4.557 4.918 4.817 4.694 4.552 4.412 4.263 4.822 4.649 4.477 4.356 4.246 4.585 4.443 4.323 4.224 4.056 4.034 3.865 3.674
28.0077 5.058 5.107 5.032 4.84 4.697 4.558 4.919 4.817 4.695 4.553 4.412 4.264 4.822 4.65 4.478 4.357 4.246 4.586 4.443 4.323 4.224 4.056 4.034 3.865 3.675
28.6833 5.058 5.108 5.033 4.84 4.698 4.559 4.919 4.818 4.695 4.553 4.413 4.264 4.823 4.65 4.478 4.358 4.247 4.586 4.444 4.324 4.225 4.057 4.035 3.866 3.675
29.3752 5.059 5.108 5.034 4.841 4.698 4.559 4.92 4.818 4.696 4.554 4.413 4.265 4.823 4.651 4.479 4.358 4.247 4.587 4.444 4.325 4.225 4.057 4.036 3.866 3.676
30.0838 5.059 5.109 5.034 4.841 4.699 4.56 4.92 4.819 4.696 4.554 4.414 4.265 4.824 4.651 4.479 4.359 4.248 4.587 4.445 4.325 4.226 4.058 4.036 3.867 3.676
30.8096 5.06 5.109 5.035 4.842 4.699 4.56 4.921 4.819 4.697 4.555 4.415 4.266 4.824 4.652 4.48 4.359 4.249 4.588 4.445 4.326 4.227 4.058 4.037 3.867 3.677
31.5528 5.061 5.11 5.035 4.842 4.7 4.561 4.921 4.82 4.697 4.556 4.415 4.266 4.825 4.652 4.48 4.36 4.249 4.589 4.446 4.326 4.227 4.059 4.037 3.868 3.677
32.3139 5.061 5.111 5.036 4.843 4.701 4.562 4.922 4.821 4.698 4.556 4.416 4.267 4.826 4.653 4.481 4.361 4.25 4.589 4.447 4.327 4.228 4.06 4.038 3.869 3.678
33.0935 5.064 5.113 5.038 4.845 4.703 4.564 4.925 4.823 4.701 4.559 4.418 4.27 4.828 4.655 4.484 4.363 4.252 4.592 4.449 4.329 4.23 4.062 4.04 3.871 3.681
33.8918 5.066 5.116 5.041 4.848 4.705 4.566 4.927 4.825 4.703 4.561 4.421 4.272 4.83 4.658 4.486 4.365 4.255 4.594 4.451 4.332 4.233 4.064 4.043 3.873 3.683
34.7093 5.068 5.118 5.043 4.85 4.708 4.569 4.929 4.828 4.705 4.563 4.423 4.274 4.833 4.66 4.488 4.368 4.257 4.596 4.454 4.334 4.235 4.067 4.045 3.876 3.685
35.5466 5.071 5.12 5.045 4.852 4.71 4.571 4.932 4.83 4.708 4.566 4.425 4.277 4.835 4.662 4.491 4.37 4.259 4.599 4.456 4.336 4.237 4.069 4.047 3.878 3.688
36.4041 5.073 5.123 5.048 4.855 4.712 4.573 4.934 4.832 4.71 4.568 4.428 4.279 4.837 4.665 4.493 4.372 4.262 4.601 4.459 4.339 4.24 4.071 4.05 3.88 3.69
37.2823 5.075 5.125 5.05 4.857 4.715 4.576 4.936 4.835 4.712 4.57 4.43 4.281 4.84 4.667 4.495 4.375 4.264 4.603 4.461 4.341 4.242 4.074 4.052 3.883 3.692
38.1817 5.078 5.127 5.052 4.859 4.717 4.578 4.939 4.837 4.715 4.573 4.432 4.284 4.842 4.67 4.498 4.377 4.266 4.606 4.463 4.343 4.244 4.076 4.054 3.885 3.695
39.1028 5.08 5.13 5.055 4.862 4.719 4.58 4.941 4.839 4.717 4.575 4.435 4.286 4.844 4.672 4.5 4.379 4.269 4.608 4.466 4.346 4.247 4.078 4.057 3.887 3.697
40.046 5.082 5.132 5.057 4.864 4.722 4.583 4.943 4.842 4.719 4.577 4.437 4.288 4.847 4.674 4.502 4.382 4.271 4.61 4.468 4.348 4.249 4.081 4.059 3.89 3.699
41.0121 5.084 5.133 5.058 4.865 4.723 4.584 4.945 4.843 4.72 4.579 4.438 4.29 4.848 4.675 4.503 4.383 4.272 4.612 4.469 4.349 4.25 4.082 4.06 3.891 3.7
42.0014 5.082 5.131 5.056 4.864 4.721 4.582 4.943 4.841 4.719 4.577 4.436 4.288 4.846 4.674 4.502 4.381 4.27 4.61 4.467 4.347 4.248 4.08 4.058 3.889 3.699
43.0146 5.08 5.13 5.055 4.862 4.719 4.58 4.941 4.839 4.717 4.575 4.435 4.286 4.844 4.672 4.5 4.379 4.269 4.608 4.466 4.346 4.247 4.078 4.057 3.887 3.697
44.0523 5.078 5.128 5.053 4.86 4.718 4.579 4.939 4.838 4.715 4.573 4.433 4.284 4.843 4.67 4.498 4.378 4.267 4.606 4.464 4.344 4.245 4.077 4.055 3.886 3.695
45.1149 5.077 5.126 5.051 4.858 4.716 4.577 4.938 4.836 4.714 4.572 4.431 4.283 4.841 4.668 4.497 4.376 4.265 4.605 4.462 4.342 4.243 4.075 4.053 3.884 3.694
46.2033 5.075 5.124 5.05 4.857 4.714 4.575 4.936 4.834 4.712 4.57 4.429 4.281 4.839 4.667 4.495 4.374 4.264 4.603 4.46 4.341 4.242 4.073 4.052 3.882 3.692
47.3178 5.073 5.123 5.048 4.855 4.713 4.573 4.934 4.833 4.71 4.568 4.428 4.279 4.838 4.665 4.493 4.372 4.262 4.601 4.459 4.339 4.24 4.072 4.05 3.881 3.69
48.4593 5.072 5.121 5.046 4.853 4.711 4.572 4.932 4.831 4.708 4.567 4.426 4.277 4.836 4.663 4.491 4.371 4.26 4.6 4.457 4.337 4.238 4.07 4.048 3.879 3.688
49.6283 5.07 5.119 5.044 4.851 4.709 4.57 4.931 4.829 4.707 4.565 4.424 4.276 4.834 4.662 4.49 4.369 4.258 4.598 4.455 4.335 4.236 4.068 4.046 3.877 3.687
50.8255 5.068 5.118 5.043 4.85 4.707 4.568 4.929 4.827 4.705 4.563 4.423 4.274 4.832 4.66 4.488 4.367 4.257 4.596 4.454 4.334 4.235 4.066 4.045 3.875 3.685
52.0515 5.085 5.134 5.059 4.866 4.724 4.585 4.946 4.844 4.722 4.58 4.439 4.291 4.849 4.676 4.505 4.384 4.273 4.613 4.47 4.35 4.251 4.083 4.061 3.892 3.702
53.3072 5.124 5.174 5.099 4.906 4.763 4.624 4.985 4.883 4.761 4.619 4.479 4.33 4.888 4.716 4.544 4.423 4.313 4.652 4.509 4.39 4.291 4.122 4.101 3.931 3.741
54.5931 5.163 5.213 5.138 4.945 4.803 4.664 5.024 4.923 4.8 4.658 4.518 4.369 4.928 4.755 4.583 4.463 4.352 4.691 4.549 4.429 4.33 4.162 4.14 3.971 3.78
55.9101 5.203 5.252 5.177 4.984 4.842 4.703 5.064 4.962 4.84 4.698 4.557 4.409 4.967 4.794 4.623 4.502 4.391 4.731 4.588 4.468 4.369 4.201 4.179 4.01 3.82
57.2588 5.242 5.291 5.217 5.024 4.881 4.742 5.103 5.001 4.879 4.737 4.597 4.448 5.006 4.834 4.662 4.541 4.431 4.77 4.627 4.508 4.409 4.24 4.219 4.049 3.859
58.6401 5.281 5.331 5.256 5.063 4.921 4.781 5.142 5.041 4.918 4.776 4.636 4.487 5.046 4.873 4.701 4.581 4.47 4.809 4.667 4.547 4.448 4.28 4.258 4.089 3.898
60.0546 5.321 5.37 5.295 5.102 4.96 4.821 5.182 5.08 4.958 4.816 4.675 4.527 5.085 4.912 4.741 4.62 4.509 4.849 4.706 4.586 4.487 4.319 4.297 4.128 3.938
61.5034 5.36 5.409 5.335 5.142 4.999 4.86 5.221 5.119 4.997 4.855 4.714 4.566 5.124 4.952 4.78 4.659 4.549 4.888 4.745 4.626 4.527 4.358 4.337 4.167 3.977
62.987 5.399 5.449 5.374 5.181 5.039 4.899 5.26 5.159 5.036 4.894 4.754 4.605 5.164 4.991 4.819 4.698 4.588 4.927 4.785 4.665 4.566 4.398 4.376 4.207 4.016
64.5065 5.439 5.488 5.413 5.22 5.078 4.939 5.3 5.198 5.075 4.934 4.793 4.645 5.203 5.03 4.859 4.738 4.627 4.967 4.824 4.704 4.605 4.437 4.415 4.246 4.056
66.0626 5.492 5.541 5.466 5.273 5.131 4.992 5.353 5.251 5.129 4.987 4.846 4.698 5.256 5.083 4.912 4.791 4.68 5.02 4.877 4.757 4.658 4.49 4.468 4.299 4.109
67.6562 5.554 5.604 5.529 5.336 5.194 5.055 5.415 5.314 5.191 5.049 4.909 4.76 5.319 5.146 4.974 4.854 4.743 5.082 4.94 4.82 4.721 4.553 4.531 4.362 4.171
69.2883 5.617 5.667 5.592 5.399 5.256 5.117 5.478 5.376 5.254 5.112 4.972 4.823 5.381 5.209 5.037 4.916 4.806 5.145 5.002 4.883 4.784 4.615 4.594 4.424 4.234
70.9597 5.68 5.729 5.654 5.461 5.319 5.18 5.541 5.439 5.317 5.175 5.034 4.886 5.444 5.271 5.1 4.979 4.868 5.208 5.065 4.945 4.846 4.678 4.656 4.487 4.297
72.6715 5.742 5.792 5.717 5.524 5.382 5.243 5.603 5.502 5.379 5.237 5.097 4.948 5.507 5.334 5.162 5.042 4.931 5.27 5.128 5.008 4.909 4.741 4.719 4.55 4.359
74.4246 5.805 5.855 5.78 5.587 5.444 5.305 5.666 5.564 5.442 5.3 5.16 5.011 5.569 5.397 5.225 5.104 4.994 5.333 5.191 5.071 4.972 4.803 4.782 4.612 4.422
76.2199 5.868 5.917 5.842 5.649 5.507 5.368 5.729 5.627 5.505 5.363 5.222 5.074 5.632 5.46 5.288 5.167 5.056 5.396 5.253 5.133 5.034 4.866 4.844 4.675 4.485
78.0586 5.93 5.98 5.905 5.712 5.57 5.431 5.791 5.69 5.567 5.425 5.285 5.136 5.695 5.522 5.35 5.23 5.119 5.458 5.316 5.196 5.097 4.929 4.907 4.738 4.547
79.9416 5.993 6.043 5.968 5.775 5.632 5.493 5.854 5.752 5.63 5.488 5.348 5.199 5.757 5.585 5.413 5.292 5.182 5.521 5.379 5.259 5.16 4.991 4.97 4.8 4.61
81.87 6.056 6.105 6.03 5.837 5.695 5.556 5.917 5.815 5.693 5.551 5.41 5.262 5.82 5.648 5.476 5.355 5.244 5.584 5.441 5.321 5.222 5.054 5.032 4.863 4.673
83.845 6.125 6.175 6.1 5.907 5.764 5.625 5.986 5.884 5.762 5.62 5.48 5.331 5.889 5.717 5.545 5.424 5.314 5.653 5.511 5.391 5.292 5.123 5.102 4.932 4.742
85.8676 6.197 6.246 6.171 5.979 5.836 5.697 6.058 5.956 5.834 5.692 5.551 5.403 5.961 5.789 5.617 5.496 5.385 5.725 5.582 5.462 5.363 5.195 5.173 5.004 4.814
87.939 6.269 6.318 6.243 6.05 5.908 5.769 6.13 6.028 5.905 5.764 5.623 5.475 6.033 5.86 5.688 5.568 5.457 5.797 5.654 5.534 5.435 5.267 5.245 5.076 4.885
90.0604 6.34 6.39 6.315 6.122 5.98 5.84 6.201 6.1 5.977 5.835 5.695 5.546 6.105 5.932 5.76 5.639 5.529 5.868 5.726 5.606 5.507 5.339 5.317 5.148 4.957
92.2329 6.412 6.462 6.387 6.194 6.051 5.912 6.273 6.171 6.049 5.907 5.767 5.618 6.176 6.004 5.832 5.711 5.601 5.94 5.797 5.678 5.579 5.41 5.389 5.219 5.029
94.4579 6.484 6.533 6.458 6.265 6.123 5.984 6.345 6.243 6.121 5.979 5.838 5.69 6.248 6.076 5.904 5.783 5.672 6.012 5.869 5.749 5.65 5.482 5.46 5.291 5.101
96.7365 6.556 6.605 6.53 6.337 6.195 6.056 6.416 6.315 6.192 6.05 5.91 5.761 6.32 6.147 5.975 5.855 5.744 6.083 5.941 5.821 5.722 5.554 5.532 5.363 5.172
99.0701 6.627 6.677 6.602 6.409 6.266 6.127 6.488 6.387 6.264 6.122 5.982 5.833 6.392 6.219 6.047 5.926 5.816 6.155 6.013 5.893 5.794 5.626 5.604 5.434 5.244
101.4599 6.699 6.748 6.674 6.481 6.338 6.199 6.56 6.458 6.336 6.194 6.053 5.905 6.463 6.291 6.119 5.998 5.888 6.227 6.084 5.965 5.866 5.697 5.676 5.506 5.316
103.9075 6.771 6.82 6.745 6.552 6.41 6.271 6.632 6.53 6.408 6.266 6.125 5.977 6.535 6.362 6.191 6.07 5.959 6.299 6.156 6.036 5.937 5.769 5.747 5.578 5.388
106.4141 6.843 6.893 6.818 6.625 6.482 6.343 6.704 6.602 6.48 6.338 6.198 6.049 6.607 6.435 6.263 6.142 6.032 6.371 6.229 6.109 6.01 5.841 5.82 5.65 5.46
108.9811 6.916 6.965 6.89 6.697 6.555 6.416 6.777 6.675 6.553 6.411 6.27 6.122 6.68 6.507 6.336 6.215 6.104 6.444 6.301 6.181 6.082 5.914 5.892 5.723 5.533
111.6101 6.988 7.038 6.963 6.77 6.627 6.488 6.849 6.747 6.625 6.483 6.343 6.194 6.753 6.58 6.408 6.287 6.177 6.516 6.374 6.254 6.155 5.986 5.965 5.795 5.605
114.3025 7.061 7.11 7.035 6.842 6.7 6.561 6.922 6.82 6.698 6.556 6.415 6.267 6.825 6.652 6.481 6.36 6.249 6.589 6.446 6.326 6.227 6.059 6.037 5.868 5.678
117.0598 7.133 7.183 7.108 6.915 6.773 6.633 6.994 6.893 6.77 6.628 6.488 6.339 6.898 6.725 6.553 6.432 6.322 6.661 6.519 6.399 6.3 6.132 6.11 5.941 5.75
119.8836 7.206 7.255 7.18 6.987 6.845 6.706 7.067 6.965 6.843 6.701 6.56 6.412 6.97 6.798 6.626 6.505 6.394 6.734 6.591 6.471 6.372 6.204 6.182 6.013 5.823
122.7756 7.278 7.328 7.253 7.06 6.918 6.778 7.139 7.038 6.915 6.773 6.633 6.484 7.043 6.87 6.698 6.577 6.467 6.806 6.664 6.544 6.445 6.277 6.255 6.086 5.895
125.7373 7.351 7.4 7.325 7.133 6.99 6.851 7.212 7.11 6.988 6.846 6.705 6.557 7.115 6.943 6.771 6.65 6.539 6.879 6.736 6.616 6.517 6.349 6.327 6.158 5.968
128.7705 7.423 7.473 7.398 7.205 7.063 6.924 7.284 7.183 7.06 6.918 6.778 6.629 7.188 7.015 6.843 6.723 6.612 6.951 6.809 6.689 6.59 6.422 6.4 6.231 6.04
131.8769 7.496 7.545 7.47 7.277 7.135 6.996 7.357 7.255 7.133 6.991 6.85 6.702 7.26 7.087 6.916 6.795 6.684 7.024 6.881 6.761 6.662 6.494 6.472 6.303 6.113
135.0582 7.562 7.611 7.536 7.343 7.201 7.062 7.422 7.321 7.198 7.056 6.916 6.767 7.326 7.153 6.981 6.861 6.75 7.089 6.947 6.827 6.728 6.56 6.538 6.369 6.178
138.3162 7.627 7.677 7.602 7.409 7.266 7.127 7.488 7.386 7.264 7.122 6.982 6.833 7.392 7.219 7.047 6.926 6.816 7.155 7.013 6.893 6.794 6.625 6.604 6.434 6.244
141.6528 7.693 7.742 7.668 7.475 7.332 7.193 7.554 7.452 7.33 7.188 7.047 6.899 7.457 7.285 7.113 6.992 6.881 7.221 7.078 6.959 6.859 6.691 6.67 6.5 6.31
145.0699 7.759 7.808 7.733 7.54 7.398 7.259 7.62 7.518 7.395 7.254 7.113 6.965 7.523 7.35 7.179 7.058 6.947 7.287 7.144 7.024 6.925 6.757 6.735 6.566 6.376
148.5695 7.824 7.874 7.799 7.606 7.464 7.324 7.685 7.584 7.461 7.319 7.179 7.03 7.589 7.416 7.244 7.124 7.013 7.352 7.21 7.09 6.991 6.823 6.801 6.632 6.441
152.1534 7.89 7.94 7.865 7.672 7.529 7.39 7.751 7.649 7.527 7.385 7.245 7.096 7.654 7.482 7.31 7.189 7.079 7.418 7.275 7.156 7.057 6.888 6.867 6.697 6.507
155.8238 7.956 8.005 7.93 7.737 7.595 7.456 7.817 7.715 7.593 7.451 7.31 7.162 7.72 7.548 7.376 7.255 7.144 7.484 7.341 7.221 7.122 6.954 6.932 6.763 6.573
159.5828 8.022 8.071 7.996 7.803 7.661 7.522 7.882 7.781 7.658 7.517 7.376 7.227 7.786 7.613 7.441 7.321 7.21 7.549 7.407 7.287 7.188 7.02 6.998 6.829 6.638
163.4324 8.087 8.137 8.062 7.869 7.726 7.587 7.948 7.847 7.724 7.582 7.442 7.293 7.852 7.679 7.507 7.386 7.276 7.615 7.473 7.353 7.254 7.086 7.064 6.894 6.704
167.375 8.151 8.201 8.126 7.933 7.791 7.652 8.012 7.911 7.788 7.646 7.506 7.357 7.916 7.743 7.571 7.451 7.34 7.679 7.537 7.417 7.318 7.15 7.128 6.959 6.768
171.4126 8.208 8.257 8.182 7.989 7.847 7.708 8.068 7.967 7.844 7.702 7.562 7.413 7.972 7.799 7.627 7.507 7.396 7.735 7.593 7.473 7.374 7.206 7.184 7.015 6.824
175.5476 8.264 8.313 8.238 8.045 7.903 7.764 8.125 8.023 7.9 7.759 7.618 7.469 8.028 7.855 7.683 7.563 7.452 7.792 7.649 7.529 7.43 7.262 7.24 7.071 6.88
179.7823 8.32 8.369 8.294 8.101 7.959 7.82 8.181 8.079 7.957 7.815 7.674 7.526 8.084 7.911 7.74 7.619 7.508 7.848 7.705 7.585 7.486 7.318 7.296 7.127 6.937
184.1193 8.376 8.425 8.35 8.157 8.015 7.876 8.237 8.135 8.013 7.871 7.73 7.582 8.14 7.967 7.796 7.675 7.564 7.904 7.761 7.641 7.542 7.374 7.352 7.183 6.993
188.5608 8.432 8.481 8.406 8.213 8.071 7.932 8.293 8.191 8.069 7.927 7.786 7.638 8.196 8.024 7.852 7.731 7.62 7.96 7.817 7.697 7.598 7.43 7.408 7.239 7.049
193.1095 8.488 8.537 8.463 8.27 8.127 7.988 8.349 8.247 8.125 7.983 7.842 7.694 8.252 8.08 7.908 7.787 7.676 8.016 7.873 7.753 7.654 7.486 7.464 7.295 7.105
197.7679 8.544 8.593 8.519 8.326 8.183 8.044 8.405 8.303 8.181 8.039 7.898 7.75 8.308 8.136 7.964 7.843 7.733 8.072 7.929 7.81 7.711 7.542 7.521 7.351 7.161
