web/models/grb/offaxis/15/grb_0.2967_3.7276_0.2511886.dat
# %ECSV 1.0
# ---
# datatype:
# - {name: time, datatype: float64}
# - {name: swift_uvot_uvw2, datatype: float64}
# - {name: swift_uvot_uvm2, datatype: float64}
# - {name: swift_uvot_uvw1, datatype: float64}
# - {name: swift_uvot_U, datatype: float64}
# - {name: swift_uvot_B, datatype: float64}
# - {name: swift_uvot_V, datatype: float64}
# - {name: swift_uvot_W, datatype: float64}
# - {name: johnson_U, datatype: float64}
# - {name: johnson_B, datatype: float64}
# - {name: johnson_V, datatype: float64}
# - {name: johnson_R, datatype: float64}
# - {name: johnson_I, datatype: float64}
# - {name: sdss_u, datatype: float64}
# - {name: sdss_g, datatype: float64}
# - {name: sdss_r, datatype: float64}
# - {name: sdss_i, datatype: float64}
# - {name: sdss_z, datatype: float64}
# - {name: PS1_g, datatype: float64}
# - {name: PS1_r, datatype: float64}
# - {name: PS1_i, datatype: float64}
# - {name: PS1_z, datatype: float64}
# - {name: PS1_Y, datatype: float64}
# - {name: PS1_w, datatype: float64}
# - {name: ATLAS_c, datatype: float64}
# - {name: ATLAS_o, datatype: float64}
# - {name: ukirt_J, datatype: float64}
# - {name: ukirt_H, datatype: float64}
# - {name: ukirt_K, datatype: float64}
# - {name: Clear, datatype: float64}
# meta: !!omap
# - comment: [E = 0.0016176451642579408, Eta0 = 8.02, GammaB = 12.0, dL = 0.012188, epsb = 6.760829753919819e-06, epse = 0.1, n = 0.25118864315095824,
#     p = 2.15, theta_obs = 0.29670597283903605, xiN = 1.0, z = 0.0, type = grb, E_kiso = 3.7275937203149416]
# schema: astropy-2.0
time swift_uvot_uvw2 swift_uvot_uvm2 swift_uvot_uvw1 swift_uvot_U swift_uvot_B swift_uvot_V swift_uvot_W johnson_U johnson_B johnson_V johnson_R johnson_I sdss_u sdss_g sdss_r sdss_i sdss_z PS1_g PS1_r PS1_i PS1_z PS1_Y PS1_w ATLAS_c ATLAS_o ukirt_J ukirt_H ukirt_K Clear
[from data line 81]
0.0689 -0.969 -0.92 -0.995 -1.188 -1.33 -1.469 -1.108 -1.21 -1.332 -1.474 -1.615 -1.763 -1.205 -1.378 -1.549 -1.67 -1.781 -1.441 -1.584 -1.704 -1.803 -1.971 -1.547 -1.452 -1.605 -1.993 -2.162 -2.352 -1.637
0.0706 -0.984 -0.934 -1.009 -1.202 -1.344 -1.484 -1.123 -1.224 -1.347 -1.489 -1.629 -1.778 -1.219 -1.392 -1.564 -1.684 -1.795 -1.456 -1.598 -1.718 -1.817 -1.985 -1.561 -1.466 -1.619 -2.007 -2.176 -2.367 -1.652
0.0723 -0.998 -0.949 -1.023 -1.216 -1.359 -1.498 -1.137 -1.239 -1.361 -1.503 -1.643 -1.792 -1.234 -1.406 -1.578 -1.699 -1.809 -1.47 -1.613 -1.732 -1.831 -2.0 -1.576 -1.481 -1.633 -2.021 -2.191 -2.381 -1.666
0.0741 -1.012 -0.963 -1.038 -1.231 -1.373 -1.512 -1.151 -1.253 -1.375 -1.517 -1.658 -1.806 -1.248 -1.421 -1.592 -1.713 -1.824 -1.484 -1.627 -1.747 -1.846 -2.014 -1.59 -1.495 -1.648 -2.036 -2.205 -2.395 -1.68
0.0758 -1.027 -0.977 -1.052 -1.245 -1.387 -1.527 -1.166 -1.267 -1.39 -1.532 -1.672 -1.821 -1.262 -1.435 -1.607 -1.727 -1.838 -1.499 -1.641 -1.761 -1.86 -2.028 -1.605 -1.509 -1.662 -2.05 -2.219 -2.41 -1.695
0.0777 -1.041 -0.992 -1.066 -1.259 -1.402 -1.541 -1.18 -1.282 -1.404 -1.546 -1.686 -1.835 -1.277 -1.449 -1.621 -1.742 -1.852 -1.513 -1.656 -1.775 -1.874 -2.043 -1.619 -1.524 -1.676 -2.064 -2.234 -2.424 -1.709
0.0795 -1.055 -1.006 -1.081 -1.274 -1.416 -1.555 -1.194 -1.296 -1.418 -1.56 -1.701 -1.849 -1.291 -1.464 -1.635 -1.756 -1.867 -1.527 -1.67 -1.79 -1.889 -2.057 -1.633 -1.538 -1.691 -2.079 -2.248 -2.438 -1.723
0.0815 -1.067 -1.018 -1.093 -1.286 -1.428 -1.567 -1.207 -1.308 -1.431 -1.572 -1.713 -1.862 -1.303 -1.476 -1.648 -1.768 -1.879 -1.54 -1.682 -1.802 -1.901 -2.069 -1.645 -1.55 -1.703 -2.091 -2.26 -2.451 -1.736
0.0834 -1.079 -1.03 -1.105 -1.298 -1.44 -1.579 -1.218 -1.32 -1.442 -1.584 -1.725 -1.873 -1.315 -1.487 -1.659 -1.78 -1.891 -1.551 -1.694 -1.814 -1.913 -2.081 -1.657 -1.562 -1.715 -2.103 -2.272 -2.462 -1.747
0.0854 -1.091 -1.041 -1.116 -1.309 -1.452 -1.591 -1.23 -1.332 -1.454 -1.596 -1.736 -1.885 -1.327 -1.499 -1.671 -1.792 -1.902 -1.563 -1.706 -1.825 -1.924 -2.093 -1.669 -1.574 -1.726 -2.114 -2.284 -2.474 -1.759
0.0875 -1.103 -1.053 -1.128 -1.321 -1.463 -1.603 -1.242 -1.343 -1.466 -1.608 -1.748 -1.897 -1.338 -1.511 -1.683 -1.803 -1.914 -1.575 -1.717 -1.837 -1.936 -2.104 -1.681 -1.585 -1.738 -2.126 -2.295 -2.486 -1.771
0.0896 -1.114 -1.065 -1.14 -1.333 -1.475 -1.614 -1.253 -1.355 -1.478 -1.619 -1.76 -1.908 -1.35 -1.523 -1.695 -1.815 -1.926 -1.586 -1.729 -1.849 -1.948 -2.116 -1.692 -1.597 -1.75 -2.138 -2.307 -2.498 -1.783
0.0918 -1.126 -1.077 -1.152 -1.344 -1.487 -1.626 -1.265 -1.367 -1.489 -1.631 -1.772 -1.92 -1.362 -1.534 -1.706 -1.827 -1.938 -1.598 -1.741 -1.861 -1.96 -2.128 -1.704 -1.609 -1.762 -2.15 -2.319 -2.509 -1.794
0.094 -1.138 -1.088 -1.163 -1.356 -1.499 -1.638 -1.277 -1.379 -1.501 -1.643 -1.783 -1.932 -1.374 -1.546 -1.718 -1.839 -1.949 -1.61 -1.752 -1.872 -1.971 -2.14 -1.716 -1.621 -1.773 -2.161 -2.331 -2.521 -1.806
0.0963 -1.15 -1.1 -1.175 -1.368 -1.51 -1.649 -1.289 -1.39 -1.513 -1.655 -1.795 -1.944 -1.385 -1.558 -1.73 -1.85 -1.961 -1.622 -1.764 -1.884 -1.983 -2.151 -1.727 -1.632 -1.785 -2.173 -2.342 -2.533 -1.818
0.0986 -1.161 -1.112 -1.187 -1.38 -1.522 -1.661 -1.3 -1.402 -1.525 -1.666 -1.807 -1.955 -1.397 -1.57 -1.741 -1.862 -1.973 -1.633 -1.776 -1.896 -1.995 -2.163 -1.739 -1.644 -1.797 -2.185 -2.354 -2.544 -1.829
0.101 -1.173 -1.124 -1.198 -1.391 -1.534 -1.673 -1.312 -1.414 -1.536 -1.678 -1.819 -1.967 -1.409 -1.581 -1.753 -1.874 -1.985 -1.645 -1.788 -1.908 -2.007 -2.175 -1.751 -1.656 -1.809 -2.197 -2.366 -2.556 -1.841
0.1034 -1.186 -1.137 -1.212 -1.404 -1.547 -1.686 -1.325 -1.427 -1.549 -1.691 -1.832 -1.98 -1.422 -1.594 -1.766 -1.887 -1.998 -1.658 -1.801 -1.921 -2.02 -2.188 -1.764 -1.669 -1.822 -2.21 -2.379 -2.569 -1.854
0.1059 -1.199 -1.15 -1.225 -1.418 -1.56 -1.699 -1.338 -1.44 -1.562 -1.704 -1.845 -1.993 -1.435 -1.607 -1.779 -1.9 -2.011 -1.671 -1.814 -1.934 -2.033 -2.201 -1.777 -1.682 -1.835 -2.223 -2.392 -2.582 -1.867
0.1084 -1.212 -1.163 -1.238 -1.431 -1.573 -1.712 -1.351 -1.453 -1.575 -1.717 -1.858 -2.006 -1.448 -1.621 -1.792 -1.913 -2.024 -1.684 -1.827 -1.947 -2.046 -2.214 -1.79 -1.695 -1.848 -2.236 -2.405 -2.595 -1.88
0.1111 -1.225 -1.176 -1.251 -1.444 -1.586 -1.725 -1.364 -1.466 -1.588 -1.73 -1.871 -2.019 -1.461 -1.634 -1.805 -1.926 -2.037 -1.697 -1.84 -1.96 -2.059 -2.227 -1.803 -1.708 -1.861 -2.249 -2.418 -2.608 -1.893
0.1137 -1.238 -1.189 -1.264 -1.457 -1.599 -1.738 -1.377 -1.479 -1.602 -1.743 -1.884 -2.032 -1.474 -1.647 -1.819 -1.939 -2.05 -1.71 -1.853 -1.973 -2.072 -2.24 -1.816 -1.721 -1.874 -2.262 -2.431 -2.622 -1.907
0.1165 -1.251 -1.202 -1.277 -1.47 -1.612 -1.751 -1.391 -1.492 -1.615 -1.756 -1.897 -2.046 -1.487 -1.66 -1.832 -1.952 -2.063 -1.724 -1.866 -1.986 -2.085 -2.253 -1.829 -1.734 -1.887 -2.275 -2.444 -2.635 -1.92
0.1193 -1.265 -1.215 -1.29 -1.483 -1.625 -1.764 -1.404 -1.505 -1.628 -1.77 -1.91 -2.059 -1.5 -1.673 -1.845 -1.965 -2.076 -1.737 -1.879 -1.999 -2.098 -2.266 -1.842 -1.747 -1.9 -2.288 -2.457 -2.648 -1.933
0.1222 -1.278 -1.228 -1.303 -1.496 -1.638 -1.777 -1.417 -1.518 -1.641 -1.783 -1.923 -2.072 -1.513 -1.686 -1.858 -1.978 -2.089 -1.75 -1.892 -2.012 -2.111 -2.279 -1.855 -1.76 -1.913 -2.301 -2.47 -2.661 -1.946
0.1251 -1.291 -1.241 -1.316 -1.509 -1.651 -1.791 -1.43 -1.531 -1.654 -1.796 -1.936 -2.085 -1.526 -1.699 -1.871 -1.991 -2.102 -1.763 -1.905 -2.025 -2.124 -2.292 -1.869 -1.773 -1.926 -2.314 -2.483 -2.674 -1.959
0.1281 -1.304 -1.255 -1.33 -1.523 -1.665 -1.804 -1.443 -1.545 -1.667 -1.809 -1.95 -2.098 -1.54 -1.712 -1.884 -2.005 -2.116 -1.776 -1.919 -2.039 -2.138 -2.306 -1.882 -1.787 -1.94 -2.328 -2.497 -2.687 -1.972
0.1312 -1.321 -1.271 -1.346 -1.539 -1.682 -1.821 -1.46 -1.562 -1.684 -1.826 -1.966 -2.115 -1.557 -1.729 -1.901 -2.022 -2.132 -1.793 -1.935 -2.055 -2.154 -2.323 -1.899 -1.803 -1.956 -2.344 -2.514 -2.704 -1.989
0.1344 -1.337 -1.288 -1.363 -1.556 -1.698 -1.837 -1.477 -1.578 -1.701 -1.842 -1.983 -2.132 -1.573 -1.746 -1.918 -2.038 -2.149 -1.809 -1.952 -2.072 -2.171 -2.339 -1.915 -1.82 -1.973 -2.361 -2.53 -2.721 -2.006
0.1376 -1.354 -1.305 -1.379 -1.572 -1.715 -1.854 -1.493 -1.595 -1.717 -1.859 -2.0 -2.148 -1.59 -1.762 -1.934 -2.055 -2.166 -1.826 -1.969 -2.088 -2.188 -2.356 -1.932 -1.837 -1.99 -2.377 -2.547 -2.737 -2.022
0.141 -1.371 -1.321 -1.396 -1.589 -1.731 -1.871 -1.51 -1.611 -1.734 -1.876 -2.016 -2.165 -1.606 -1.779 -1.951 -2.071 -2.182 -1.843 -1.985 -2.105 -2.204 -2.372 -1.949 -1.853 -2.006 -2.394 -2.563 -2.754 -2.039
0.1444 -1.387 -1.338 -1.413 -1.606 -1.748 -1.887 -1.526 -1.628 -1.75 -1.892 -2.033 -2.181 -1.623 -1.796 -1.967 -2.088 -2.199 -1.859 -2.002 -2.122 -2.221 -2.389 -1.965 -1.87 -2.023 -2.411 -2.58 -2.77 -2.055
0.1478 -1.404 -1.354 -1.429 -1.622 -1.765 -1.904 -1.543 -1.645 -1.767 -1.909 -2.049 -2.198 -1.64 -1.812 -1.984 -2.105 -2.215 -1.876 -2.019 -2.138 -2.237 -2.406 -1.982 -1.887 -2.039 -2.427 -2.597 -2.787 -2.072
0.1514 -1.421 -1.371 -1.446 -1.639 -1.781 -1.92 -1.56 -1.661 -1.784 -1.926 -2.066 -2.215 -1.656 -1.829 -2.001 -2.121 -2.232 -1.893 -2.035 -2.155 -2.254 -2.422 -1.998 -1.903 -2.056 -2.444 -2.613 -2.804 -2.089
0.1551 -1.437 -1.388 -1.463 -1.655 -1.798 -1.937 -1.576 -1.678 -1.8 -1.942 -2.083 -2.231 -1.673 -1.845 -2.017 -2.138 -2.249 -1.909 -2.052 -2.172 -2.271 -2.439 -2.015 -1.92 -2.073 -2.461 -2.63 -2.82 -2.105
0.1588 -1.454 -1.404 -1.479 -1.672 -1.815 -1.954 -1.593 -1.694 -1.817 -1.959 -2.099 -2.248 -1.689 -1.862 -2.034 -2.155 -2.265 -1.926 -2.068 -2.188 -2.287 -2.455 -2.032 -1.936 -2.089 -2.477 -2.647 -2.837 -2.122
0.1626 -1.469 -1.42 -1.495 -1.688 -1.83 -1.969 -1.609 -1.71 -1.833 -1.975 -2.115 -2.264 -1.705 -1.878 -2.05 -2.17 -2.281 -1.942 -2.084 -2.204 -2.303 -2.471 -2.047 -1.952 -2.105 -2.493 -2.662 -2.853 -2.138
0.1666 -1.483 -1.433 -1.508 -1.701 -1.844 -1.983 -1.622 -1.724 -1.846 -1.988 -2.128 -2.277 -1.719 -1.891 -2.063 -2.184 -2.294 -1.955 -2.097 -2.217 -2.316 -2.485 -2.061 -1.966 -2.118 -2.506 -2.676 -2.866 -2.151
0.1706 -1.496 -1.447 -1.522 -1.715 -1.857 -1.996 -1.635 -1.737 -1.859 -2.001 -2.142 -2.29 -1.732 -1.905 -2.076 -2.197 -2.308 -1.968 -2.111 -2.231 -2.33 -2.498 -2.074 -1.979 -2.132 -2.52 -2.689 -2.879 -2.164
0.1747 -1.51 -1.46 -1.535 -1.728 -1.87 -2.01 -1.649 -1.75 -1.873 -2.015 -2.155 -2.304 -1.745 -1.918 -2.09 -2.21 -2.321 -1.982 -2.124 -2.244 -2.343 -2.511 -2.087 -1.992 -2.145 -2.533 -2.702 -2.893 -2.178
0.1789 -1.523 -1.474 -1.548 -1.741 -1.884 -2.023 -1.662 -1.764 -1.886 -2.028 -2.169 -2.317 -1.759 -1.931 -2.103 -2.224 -2.334 -1.995 -2.138 -2.257 -2.356 -2.525 -2.101 -2.006 -2.158 -2.546 -2.716 -2.906 -2.191
0.1832 -1.536 -1.487 -1.562 -1.755 -1.897 -2.036 -1.675 -1.777 -1.9 -2.041 -2.182 -2.33 -1.772 -1.945 -2.117 -2.237 -2.348 -2.008 -2.151 -2.271 -2.37 -2.538 -2.114 -2.019 -2.172 -2.56 -2.729 -2.919 -2.204
0.1876 -1.55 -1.5 -1.575 -1.768 -1.911 -2.05 -1.689 -1.79 -1.913 -2.055 -2.195 -2.344 -1.785 -1.958 -2.13 -2.251 -2.361 -2.022 -2.164 -2.284 -2.383 -2.551 -2.128 -2.032 -2.185 -2.573 -2.742 -2.933 -2.218
0.1922 -1.563 -1.514 -1.589 -1.781 -1.924 -2.063 -1.702 -1.804 -1.926 -2.068 -2.209 -2.357 -1.799 -1.971 -2.143 -2.264 -2.375 -2.035 -2.178 -2.298 -2.397 -2.565 -2.141 -2.046 -2.199 -2.587 -2.756 -2.946 -2.231
0.1968 -1.576 -1.527 -1.602 -1.795 -1.937 -2.076 -1.716 -1.817 -1.94 -2.082 -2.222 -2.371 -1.812 -1.985 -2.157 -2.277 -2.388 -2.049 -2.191 -2.311 -2.41 -2.578 -2.154 -2.059 -2.212 -2.6 -2.769 -2.96 -2.245
0.2015 -1.59 -1.54 -1.615 -1.808 -1.951 -2.09 -1.729 -1.831 -1.953 -2.095 -2.235 -2.384 -1.826 -1.998 -2.17 -2.291 -2.401 -2.062 -2.204 -2.324 -2.423 -2.592 -2.168 -2.073 -2.225 -2.613 -2.783 -2.973 -2.258
0.2064 -1.604 -1.555 -1.63 -1.823 -1.965 -2.104 -1.743 -1.845 -1.968 -2.109 -2.25 -2.398 -1.84 -2.013 -2.184 -2.305 -2.416 -2.076 -2.219 -2.339 -2.438 -2.606 -2.182 -2.087 -2.24 -2.628 -2.797 -2.987 -2.272
0.2114 -1.62 -1.571 -1.646 -1.839 -1.981 -2.12 -1.76 -1.861 -1.984 -2.126 -2.266 -2.415 -1.856 -2.029 -2.201 -2.321 -2.432 -2.093 -2.235 -2.355 -2.454 -2.622 -2.198 -2.103 -2.256 -2.644 -2.813 -3.004 -2.289
0.2165 -1.637 -1.587 -1.662 -1.855 -1.997 -2.136 -1.776 -1.877 -2.0 -2.142 -2.282 -2.431 -1.872 -2.045 -2.217 -2.337 -2.448 -2.109 -2.251 -2.371 -2.47 -2.638 -2.214 -2.119 -2.272 -2.66 -2.829 -3.02 -2.305
0.2217 -1.653 -1.603 -1.678 -1.871 -2.013 -2.153 -1.792 -1.893 -2.016 -2.158 -2.298 -2.447 -1.888 -2.061 -2.233 -2.353 -2.464 -2.125 -2.267 -2.387 -2.486 -2.654 -2.231 -2.135 -2.288 -2.676 -2.845 -3.036 -2.321
0.2271 -1.669 -1.619 -1.694 -1.887 -2.03 -2.169 -1.808 -1.909 -2.032 -2.174 -2.314 -2.463 -1.904 -2.077 -2.249 -2.37 -2.48 -2.141 -2.283 -2.403 -2.502 -2.67 -2.247 -2.151 -2.304 -2.692 -2.862 -3.052 -2.337
0.2325 -1.685 -1.635 -1.71 -1.903 -2.046 -2.185 -1.824 -1.926 -2.048 -2.19 -2.33 -2.479 -1.921 -2.093 -2.265 -2.386 -2.496 -2.157 -2.299 -2.419 -2.518 -2.687 -2.263 -2.168 -2.32 -2.708 -2.878 -3.068 -2.353
0.2381 -1.701 -1.652 -1.726 -1.919 -2.062 -2.201 -1.84 -1.942 -2.064 -2.206 -2.346 -2.495 -1.937 -2.109 -2.281 -2.402 -2.512 -2.173 -2.316 -2.435 -2.534 -2.703 -2.279 -2.184 -2.336 -2.724 -2.894 -3.084 -2.369
0.2439 -1.717 -1.668 -1.742 -1.935 -2.078 -2.217 -1.856 -1.958 -2.08 -2.222 -2.363 -2.511 -1.953 -2.125 -2.297 -2.418 -2.529 -2.189 -2.332 -2.451 -2.551 -2.719 -2.295 -2.2 -2.353 -2.74 -2.91 -3.1 -2.385
0.2498 -1.733 -1.684 -1.759 -1.952 -2.094 -2.233 -1.872 -1.974 -2.096 -2.238 -2.379 -2.527 -1.969 -2.141 -2.313 -2.434 -2.545 -2.205 -2.348 -2.468 -2.567 -2.735 -2.311 -2.216 -2.369 -2.757 -2.926 -3.116 -2.401
0.2558 -1.749 -1.7 -1.775 -1.968 -2.11 -2.249 -1.888 -1.99 -2.112 -2.254 -2.395 -2.543 -1.985 -2.158 -2.329 -2.45 -2.561 -2.221 -2.364 -2.484 -2.583 -2.751 -2.327 -2.232 -2.385 -2.773 -2.942 -3.132 -2.417
0.262 -1.763 -1.714 -1.789 -1.982 -2.124 -2.263 -1.902 -2.004 -2.127 -2.268 -2.409 -2.557 -1.999 -2.172 -2.343 -2.464 -2.575 -2.235 -2.378 -2.498 -2.597 -2.765 -2.341 -2.246 -2.399 -2.787 -2.956 -3.146 -2.431
0.2683 -1.776 -1.726 -1.801 -1.994 -2.137 -2.276 -1.915 -2.017 -2.139 -2.281 -2.421 -2.57 -2.012 -2.184 -2.356 -2.477 -2.587 -2.248 -2.39 -2.51 -2.609 -2.778 -2.354 -2.259 -2.411 -2.799 -2.969 -3.159 -2.444
0.2748 -1.788 -1.739 -1.814 -2.007 -2.149 -2.288 -1.927 -2.029 -2.152 -2.293 -2.434 -2.582 -2.024 -2.197 -2.369 -2.489 -2.6 -2.26 -2.403 -2.523 -2.622 -2.79 -2.366 -2.271 -2.424 -2.812 -2.981 -3.172 -2.457
0.2814 -1.801 -1.751 -1.826 -2.019 -2.162 -2.301 -1.94 -2.042 -2.164 -2.306 -2.446 -2.595 -2.037 -2.209 -2.381 -2.502 -2.612 -2.273 -2.416 -2.535 -2.634 -2.803 -2.379 -2.284 -2.436 -2.824 -2.994 -3.184 -2.469
0.2882 -1.813 -1.764 -1.839 -2.032 -2.174 -2.313 -1.953 -2.054 -2.177 -2.318 -2.459 -2.608 -2.049 -2.222 -2.394 -2.514 -2.625 -2.285 -2.428 -2.548 -2.647 -2.815 -2.391 -2.296 -2.449 -2.837 -3.006 -3.197 -2.482
0.2951 -1.826 -1.776 -1.851 -2.044 -2.187 -2.326 -1.965 -2.067 -2.189 -2.331 -2.471 -2.62 -2.062 -2.234 -2.406 -2.527 -2.637 -2.298 -2.441 -2.56 -2.659 -2.828 -2.404 -2.309 -2.461 -2.849 -3.019 -3.209 -2.494
0.3022 -1.838 -1.789 -1.864 -2.057 -2.199 -2.338 -1.978 -2.079 -2.202 -2.344 -2.484 -2.633 -2.074 -2.247 -2.419 -2.539 -2.65 -2.311 -2.453 -2.573 -2.672 -2.84 -2.416 -2.321 -2.474 -2.862 -3.031 -3.222 -2.507
0.3095 -1.851 -1.802 -1.876 -2.069 -2.212 -2.351 -1.99 -2.092 -2.214 -2.356 -2.497 -2.645 -2.087 -2.259 -2.431 -2.552 -2.662 -2.323 -2.466 -2.585 -2.684 -2.853 -2.429 -2.334 -2.486 -2.874 -3.044 -3.234 -2.519
0.317 -1.863 -1.814 -1.889 -2.082 -2.224 -2.363 -2.003 -2.104 -2.227 -2.369 -2.509 -2.658 -2.099 -2.272 -2.444 -2.564 -2.675 -2.336 -2.478 -2.598 -2.697 -2.865 -2.441 -2.346 -2.499 -2.887 -3.056 -3.247 -2.532
0.3247 -1.876 -1.827 -1.901 -2.094 -2.237 -2.376 -2.015 -2.117 -2.239 -2.381 -2.522 -2.67 -2.112 -2.284 -2.456 -2.577 -2.687 -2.348 -2.491 -2.61 -2.709 -2.878 -2.454 -2.359 -2.511 -2.899 -3.069 -3.259 -2.544
0.3325 -1.885 -1.835 -1.91 -2.103 -2.246 -2.385 -2.024 -2.126 -2.248 -2.39 -2.53 -2.679 -2.121 -2.293 -2.465 -2.586 -2.696 -2.357 -2.499 -2.619 -2.718 -2.887 -2.463 -2.368 -2.52 -2.908 -3.078 -3.268 -2.553
0.3405 -1.892 -1.843 -1.917 -2.11 -2.253 -2.392 -2.031 -2.133 -2.255 -2.397 -2.538 -2.686 -2.128 -2.3 -2.472 -2.593 -2.704 -2.364 -2.507 -2.626 -2.725 -2.894 -2.47 -2.375 -2.528 -2.915 -3.085 -3.275 -2.56
0.3487 -1.899 -1.85 -1.925 -2.118 -2.26 -2.399 -2.038 -2.14 -2.262 -2.404 -2.545 -2.693 -2.135 -2.308 -2.479 -2.6 -2.711 -2.371 -2.514 -2.634 -2.733 -2.901 -2.477 -2.382 -2.535 -2.923 -3.092 -3.282 -2.567
0.3571 -1.906 -1.857 -1.932 -2.125 -2.267 -2.406 -2.046 -2.147 -2.27 -2.412 -2.552 -2.701 -2.142 -2.315 -2.487 -2.607 -2.718 -2.379 -2.521 -2.641 -2.74 -2.908 -2.484 -2.389 -2.542 -2.93 -3.099 -3.29 -2.575
0.3657 -1.914 -1.864 -1.939 -2.132 -2.274 -2.414 -2.053 -2.154 -2.277 -2.419 -2.559 -2.708 -2.149 -2.322 -2.494 -2.615 -2.725 -2.386 -2.528 -2.648 -2.747 -2.915 -2.492 -2.396 -2.549 -2.937 -3.106 -3.297 -2.582
0.3746 -1.921 -1.871 -1.946 -2.139 -2.282 -2.421 -2.06 -2.162 -2.284 -2.426 -2.566 -2.715 -2.157 -2.329 -2.501 -2.622 -2.732 -2.393 -2.536 -2.655 -2.754 -2.923 -2.499 -2.404 -2.556 -2.944 -3.114 -3.304 -2.589
0.3836 -1.928 -1.879 -1.954 -2.146 -2.289 -2.428 -2.067 -2.169 -2.291 -2.433 -2.574 -2.722 -2.164 -2.336 -2.508 -2.629 -2.74 -2.4 -2.543 -2.663 -2.762 -2.93 -2.506 -2.411 -2.564 -2.952 -3.121 -3.311 -2.596
0.3929 -1.935 -1.886 -1.961 -2.154 -2.296 -2.435 -2.074 -2.176 -2.298 -2.44 -2.581 -2.729 -2.171 -2.344 -2.515 -2.636 -2.747 -2.407 -2.55 -2.67 -2.769 -2.937 -2.513 -2.418 -2.571 -2.959 -3.128 -3.318 -2.603
0.4023 -1.943 -1.893 -1.968 -2.161 -2.303 -2.442 -2.082 -2.183 -2.306 -2.448 -2.588 -2.737 -2.178 -2.351 -2.523 -2.643 -2.754 -2.415 -2.557 -2.677 -2.776 -2.944 -2.52 -2.425 -2.578 -2.966 -3.135 -3.326 -2.611
0.412 -1.95 -1.9 -1.975 -2.168 -2.311 -2.45 -2.089 -2.19 -2.313 -2.455 -2.595 -2.744 -2.185 -2.358 -2.53 -2.651 -2.761 -2.422 -2.564 -2.684 -2.783 -2.951 -2.528 -2.432 -2.585 -2.973 -3.143 -3.333 -2.618
