web/models/grb/offaxis/15/grb_0.2967_0.2683_1.0000000.dat
# %ECSV 1.0
# ---
# datatype:
# - {name: time, datatype: float64}
# - {name: swift_uvot_uvw2, datatype: float64}
# - {name: swift_uvot_uvm2, datatype: float64}
# - {name: swift_uvot_uvw1, datatype: float64}
# - {name: swift_uvot_U, datatype: float64}
# - {name: swift_uvot_B, datatype: float64}
# - {name: swift_uvot_V, datatype: float64}
# - {name: swift_uvot_W, datatype: float64}
# - {name: johnson_U, datatype: float64}
# - {name: johnson_B, datatype: float64}
# - {name: johnson_V, datatype: float64}
# - {name: johnson_R, datatype: float64}
# - {name: johnson_I, datatype: float64}
# - {name: sdss_u, datatype: float64}
# - {name: sdss_g, datatype: float64}
# - {name: sdss_r, datatype: float64}
# - {name: sdss_i, datatype: float64}
# - {name: sdss_z, datatype: float64}
# - {name: PS1_g, datatype: float64}
# - {name: PS1_r, datatype: float64}
# - {name: PS1_i, datatype: float64}
# - {name: PS1_z, datatype: float64}
# - {name: PS1_Y, datatype: float64}
# - {name: ukirt_J, datatype: float64}
# - {name: ukirt_H, datatype: float64}
# - {name: ukirt_K, datatype: float64}
# meta: !!omap
# - comment: [E = 0.00011641960487160349, Eta0 = 8.02, GammaB = 12.0, dL = 0.012188, epsb = 6.760829753919819e-06, epse = 0.1, n = 1.0,
#     p = 2.15, theta_obs = 0.29670597283903605, xiN = 1.0, z = 0.0, type = grb, E_kiso = 0.2682695795279726]
# schema: astropy-2.0
time swift_uvot_uvw2 swift_uvot_uvm2 swift_uvot_uvw1 swift_uvot_U swift_uvot_B swift_uvot_V swift_uvot_W johnson_U johnson_B johnson_V johnson_R johnson_I sdss_u sdss_g sdss_r sdss_i sdss_z PS1_g PS1_r PS1_i PS1_z PS1_Y ukirt_J ukirt_H ukirt_K
[from data line 384]
94.4579 21.6 21.649 21.574 21.381 21.239 21.1 21.461 21.359 21.237 21.095 20.954 20.806 21.364 21.192 21.02 20.899 20.788 21.128 20.985 20.865 20.766 20.598 20.576 20.407 20.217
96.7365 21.913 21.963 21.888 21.695 21.553 21.414 21.774 21.673 21.55 21.408 21.268 21.119 21.678 21.505 21.333 21.213 21.102 21.441 21.299 21.179 21.08 20.912 20.89 20.721 20.53
99.0701 22.227 22.276 22.202 22.009 21.866 21.727 22.088 21.986 21.864 21.722 21.581 21.433 21.991 21.819 21.647 21.526 21.415 21.755 21.612 21.493 21.394 21.225 21.204 21.034 20.844
101.4599 22.541 22.59 22.515 22.322 22.18 22.041 22.401 22.3 22.177 22.035 21.895 21.746 22.305 22.132 21.96 21.84 21.729 22.068 21.926 21.806 21.707 21.539 21.517 21.348 21.157
103.9075 22.854 22.904 22.829 22.636 22.493 22.354 22.715 22.613 22.491 22.349 22.209 22.06 22.618 22.446 22.274 22.153 22.043 22.382 22.239 22.12 22.021 21.852 21.831 21.661 21.471
106.4141 23.168 23.217 23.142 22.949 22.807 22.668 23.029 22.927 22.805 22.663 22.522 22.374 22.932 22.759 22.588 22.467 22.356 22.696 22.553 22.433 22.334 22.166 22.144 21.975 21.785
108.9811 23.481 23.531 23.456 23.263 23.12 22.981 23.342 23.241 23.118 22.976 22.836 22.687 23.246 23.073 22.901 22.78 22.67 23.009 22.867 22.747 22.648 22.48 22.458 22.288 22.098
111.6101 23.795 23.844 23.769 23.576 23.434 23.295 23.656 23.554 23.432 23.29 23.149 23.001 23.559 23.387 23.215 23.094 22.983 23.323 23.18 23.06 22.961 22.793 22.771 22.602 22.412
114.3025 24.108 24.158 24.083 23.89 23.748 23.608 23.969 23.868 23.745 23.603 23.463 23.314 23.873 23.7 23.528 23.408 23.297 23.636 23.494 23.374 23.275 23.107 23.085 22.916 22.725
117.0598 24.422 24.471 24.397 24.204 24.061 23.922 24.283 24.181 24.059 23.917 23.776 23.628 24.186 24.014 23.842 23.721 23.61 23.95 23.807 23.688 23.588 23.42 23.399 23.229 23.039
119.8836 24.736 24.785 24.71 24.517 24.375 24.236 24.596 24.495 24.372 24.23 24.09 23.941 24.5 24.327 24.155 24.035 23.924 24.263 24.121 24.001 23.902 23.734 23.712 23.543 23.352
122.7756 25.049 25.099 25.024 24.831 24.688 24.549 24.91 24.808 24.686 24.544 24.404 24.255 24.813 24.641 24.469 24.348 24.238 24.577 24.434 24.315 24.216 24.047 24.026 23.856 23.666
125.7373 25.363 25.412 25.337 25.144 25.002 24.863 25.224 25.122 24.999 24.858 24.717 24.569 25.127 24.954 24.783 24.662 24.551 24.891 24.748 24.628 24.529 24.361 24.339 24.17 23.98
128.7705 25.676 25.726 25.651 25.458 25.315 25.176 25.537 25.435 25.313 25.171 25.031 24.882 25.441 25.268 25.096 24.975 24.865 25.204 25.062 24.942 24.843 24.674 24.653 24.483 24.293
131.8769 25.99 26.039 25.964 25.771 25.629 25.49 25.851 25.749 25.627 25.485 25.344 25.196 25.754 25.581 25.41 25.289 25.178 25.518 25.375 25.255 25.156 24.988 24.966 24.797 24.607
135.0582 26.303 26.353 26.278 26.085 25.943 25.803 26.164 26.063 25.94 25.798 25.658 25.509 26.068 25.895 25.723 25.603 25.492 25.831 25.689 25.569 25.47 25.302 25.28 25.111 24.92
138.3162 26.617 26.666 26.592 26.399 26.256 26.117 26.478 26.376 26.254 26.112 25.971 25.823 26.381 26.209 26.037 25.916 25.805 26.145 26.002 25.882 25.783 25.615 25.593 25.424 25.234
141.6528 26.93 26.98 26.905 26.712 26.57 26.431 26.791 26.69 26.567 26.425 26.285 26.136 26.695 26.522 26.35 26.23 26.119 26.458 26.316 26.196 26.097 25.929 25.907 25.738 25.547
145.0699 27.244 27.293 27.219 27.026 26.883 26.744 27.105 27.003 26.881 26.739 26.599 26.45 27.008 26.836 26.664 26.543 26.433 26.772 26.629 26.51 26.411 26.242 26.221 26.051 25.861
148.5695 27.558 27.607 27.532 27.339 27.197 27.058 27.419 27.317 27.194 27.053 26.912 26.764 27.322 27.149 26.977 26.857 26.746 27.086 26.943 26.823 26.724 26.556 26.534 26.365 26.175
152.1534 27.871 27.921 27.846 27.653 27.51 27.371 27.732 27.63 27.508 27.366 27.226 27.077 27.635 27.463 27.291 27.17 27.06 27.399 27.257 27.137 27.038 26.869 26.848 26.678 26.488
155.8238 28.185 28.234 28.159 27.966 27.824 27.685 28.046 27.944 27.822 27.68 27.539 27.391 27.949 27.776 27.605 27.484 27.373 27.713 27.57 27.45 27.351 27.183 27.161 26.992 26.802
159.5828 28.498 28.548 28.473 28.28 28.138 27.998 28.359 28.258 28.135 27.993 27.853 27.704 28.263 28.09 27.918 27.797 27.687 28.026 27.884 27.764 27.665 27.497 27.475 27.306 27.115
163.4324 28.812 28.861 28.786 28.594 28.451 28.312 28.673 28.571 28.449 28.307 28.166 28.018 28.576 28.404 28.232 28.111 28.0 28.34 28.197 28.077 27.978 27.81 27.788 27.619 27.429
167.375 29.125 29.175 29.1 28.907 28.765 28.626 28.986 28.885 28.762 28.62 28.48 28.331 28.89 28.717 28.545 28.425 28.314 28.653 28.511 28.391 28.292 28.124 28.102 27.933 27.742
171.4126 29.439 29.488 29.414 29.221 29.078 28.939 29.3 29.198 29.076 28.934 28.793 28.645 29.203 29.031 28.859 28.738 28.628 28.967 28.824 28.705 28.606 28.437 28.416 28.246 28.056
175.5476 29.753 29.802 29.727 29.534 29.392 29.253 29.614 29.512 29.389 29.248 29.107 28.958 29.517 29.344 29.172 29.052 28.941 29.281 29.138 29.018 28.919 28.751 28.729 28.56 28.369
179.7823 30.066 30.116 30.041 29.848 29.705 29.566 29.927 29.825 29.703 29.561 29.421 29.272 29.83 29.658 29.486 29.365 29.255 29.594 29.452 29.332 29.233 29.064 29.043 28.873 28.683
184.1193 30.38 30.429 30.354 30.161 30.019 29.88 30.241 30.139 30.017 29.875 29.734 29.586 30.144 29.971 29.8 29.679 29.568 29.908 29.765 29.645 29.546 29.378 29.356 29.187 28.997
188.5608 30.693 30.743 30.668 30.475 30.333 30.193 30.554 30.453 30.33 30.188 30.048 29.899 30.458 30.285 30.113 29.992 29.882 30.221 30.079 29.959 29.86 29.692 29.67 29.501 29.31
193.1095 31.007 31.056 30.981 30.789 30.646 30.507 30.868 30.766 30.644 30.502 30.361 30.213 30.771 30.599 30.427 30.306 30.195 30.535 30.392 30.272 30.173 30.005 29.983 29.814 29.624
197.7679 31.32 31.37 31.295 31.102 30.96 30.821 31.181 31.08 30.957 30.815 30.675 30.526 31.085 30.912 30.74 30.62 30.509 30.848 30.706 30.586 30.487 30.319 30.297 30.128 29.937
202.5387 31.634 31.683 31.609 31.416 31.273 31.134 31.495 31.393 31.271 31.129 30.988 30.84 31.398 31.226 31.054 30.933 30.823 31.162 31.019 30.9 30.801 30.632 30.611 30.441 30.251
207.4245 31.948 31.997 31.922 31.729 31.587 31.448 31.808 31.707 31.584 31.443 31.302 31.153 31.712 31.539 31.367 31.247 31.136 31.476 31.333 31.213 31.114 30.946 30.924 30.755 30.564
212.4283 32.261 32.311 32.236 32.043 31.9 31.761 32.122 32.02 31.898 31.756 31.616 31.467 32.025 31.853 31.681 31.56 31.45 31.789 31.647 31.527 31.428 31.259 31.238 31.068 30.878
217.5527 32.575 32.624 32.549 32.356 32.214 32.075 32.436 32.334 32.212 32.07 31.929 31.781 32.339 32.166 31.995 31.874 31.763 32.103 31.96 31.84 31.741 31.573 31.551 31.382 31.192
222.8008 32.888 32.938 32.863 32.67 32.527 32.388 32.749 32.648 32.525 32.383 32.243 32.094 32.653 32.48 32.308 32.187 32.077 32.416 32.274 32.154 32.055 31.887 31.865 31.695 31.505
228.1754 33.202 33.251 33.176 32.983 32.841 32.702 33.063 32.961 32.839 32.697 32.556 32.408 32.966 32.794 32.622 32.501 32.39 32.73 32.587 32.467 32.368 32.2 32.178 32.009 31.819
233.6797 33.515 33.565 33.49 33.297 33.155 33.016 33.376 33.275 33.152 33.01 32.87 32.721 33.28 33.107 32.935 32.815 32.704 33.043 32.901 32.781 32.682 32.514 32.492 32.323 32.132
239.3168 33.829 33.878 33.804 33.611 33.468 33.329 33.69 33.588 33.466 33.324 33.183 33.035 33.593 33.421 33.249 33.128 33.017 33.357 33.214 33.095 32.996 32.827 32.806 32.636 32.446
245.0899 34.143 34.192 34.117 33.924 33.782 33.643 34.003 33.902 33.779 33.637 33.497 33.348 33.907 33.734 33.562 33.442 33.331 33.67 33.528 33.408 33.309 33.141 33.119 32.95 32.759
251.0022 34.456 34.506 34.431 34.238 34.095 33.956 34.317 34.215 34.093 33.951 33.811 33.662 34.22 34.048 33.876 33.755 33.645 33.984 33.841 33.722 33.623 33.454 33.433 33.263 33.073
257.0572 34.77 34.819 34.744 34.551 34.409 34.27 34.631 34.529 34.406 34.265 34.124 33.976 34.534 34.361 34.19 34.069 33.958 34.298 34.155 34.035 33.936 33.768 33.746 33.577 33.387
263.2582 35.083 35.133 35.058 34.865 34.722 34.583 34.944 34.842 34.72 34.578 34.438 34.289 34.848 34.675 34.503 34.382 34.272 34.611 34.469 34.349 34.25 34.082 34.06 33.89 33.7
269.6088 35.397 35.446 35.371 35.178 35.036 34.897 35.258 35.156 35.034 34.892 34.751 34.603 35.161 34.989 34.817 34.696 34.585 34.925 34.782 34.662 34.563 34.395 34.373 34.204 34.014
276.1126 35.71 35.76 35.685 35.492 35.35 35.21 35.571 35.47 35.347 35.205 35.065 34.916 35.475 35.302 35.13 35.01 34.899 35.238 35.096 34.976 34.877 34.709 34.687 34.518 34.327
282.7734 36.024 36.073 35.999 35.806 35.663 35.524 35.885 35.783 35.661 35.519 35.378 35.23 35.788 35.616 35.444 35.323 35.212 35.552 35.409 35.289 35.19 35.022 35.0 34.831 34.641
289.5947 36.338 36.387 36.312 36.119 35.977 35.838 36.198 36.097 35.974 35.832 35.692 35.543 36.102 35.929 35.757 35.637 35.526 35.865 35.723 35.603 35.504 35.336 35.314 35.145 34.954
296.5807 36.651 36.701 36.626 36.433 36.29 36.151 36.512 36.41 36.288 36.146 36.006 35.857 36.415 36.243 36.071 35.95 35.84 36.179 36.036 35.917 35.818 35.649 35.628 35.458 35.268
303.7351 36.965 37.014 36.939 36.746 36.604 36.465 36.826 36.724 36.601 36.46 36.319 36.171 36.729 36.556 36.385 36.264 36.153 36.493 36.35 36.23 36.131 35.963 35.941 35.772 35.582
311.0622 37.278 37.328 37.253 37.06 36.917 36.778 37.139 37.037 36.915 36.773 36.633 36.484 37.042 36.87 36.698 36.577 36.467 36.806 36.664 36.544 36.445 36.276 36.255 36.085 35.895
318.566 37.592 37.641 37.566 37.373 37.231 37.092 37.453 37.351 37.229 37.087 36.946 36.798 37.356 37.183 37.012 36.891 36.78 37.12 36.977 36.857 36.758 36.59 36.568 36.399 36.209
326.2508 37.905 37.955 37.88 37.687 37.545 37.405 37.766 37.665 37.542 37.4 37.26 37.111 37.67 37.497 37.325 37.205 37.094 37.433 37.291 37.171 37.072 36.904 36.882 36.713 36.522
334.121 38.219 38.268 38.194 38.001 37.858 37.719 38.08 37.978 37.856 37.714 37.573 37.425 37.983 37.811 37.639 37.518 37.407 37.747 37.604 37.484 37.385 37.217 37.195 37.026 36.836
342.181 38.532 38.582 38.507 38.314 38.172 38.033 38.393 38.292 38.169 38.027 37.887 37.738 38.297 38.124 37.952 37.832 37.721 38.06 37.918 37.798 37.699 37.531 37.509 37.34 37.149
350.4355 38.846 38.895 38.821 38.628 38.485 38.346 38.707 38.605 38.483 38.341 38.201 38.052 38.61 38.438 38.266 38.145 38.035 38.374 38.231 38.112 38.013 37.844 37.823 37.653 37.463
358.8891 39.16 39.209 39.134 38.941 38.799 38.66 39.021 38.919 38.796 38.655 38.514 38.366 38.924 38.751 38.579 38.459 38.348 38.688 38.545 38.425 38.326 38.158 38.136 37.967 37.776
367.5467 39.473 39.523 39.448 39.255 39.112 38.973 39.334 39.232 39.11 38.968 38.828 38.679 39.237 39.065 38.893 38.772 38.662 39.001 38.859 38.739 38.64 38.471 38.45 38.28 38.09
376.4131 39.787 39.836 39.761 39.568 39.426 39.287 39.648 39.546 39.424 39.282 39.141 38.993 39.551 39.378 39.207 39.086 38.975 39.315 39.172 39.052 38.953 38.785 38.763 38.594 38.404
385.4933 40.1 40.15 40.075 39.882 39.74 39.6 39.961 39.86 39.737 39.595 39.455 39.306 39.865 39.692 39.52 39.399 39.289 39.628 39.486 39.366 39.267 39.099 39.077 38.908 38.717
394.7926 40.414 40.463 40.388 40.196 40.053 39.914 40.275 40.173 40.051 39.909 39.768 39.62 40.178 40.006 39.834 39.713 39.602 39.942 39.799 39.679 39.58 39.412 39.39 39.221 39.031
404.3163 40.727 40.777 40.702 40.509 40.367 40.228 40.588 40.487 40.364 40.222 40.082 39.933 40.492 40.319 40.147 40.027 39.916 40.255 40.113 39.993 39.894 39.726 39.704 39.535 39.344
414.0697 41.041 41.09 41.016 40.823 40.68 40.541 40.902 40.8 40.678 40.536 40.395 40.247 40.805 40.633 40.461 40.34 40.23 40.569 40.426 40.307 40.208 40.039 40.018 39.848 39.658
424.0583 41.355 41.404 41.329 41.136 40.994 40.855 41.215 41.114 40.991 40.85 40.709 40.56 41.119 40.946 40.774 40.654 40.543 40.883 40.74 40.62 40.521 40.353 40.331 40.162 39.971
434.2879 41.668 41.718 41.643 41.45 41.307 41.168 41.529 41.427 41.305 41.163 41.023 40.874 41.432 41.26 41.088 40.967 40.857 41.196 41.054 40.934 40.835 40.666 40.645 40.475 40.285
444.7643 41.982 42.031 41.956 41.763 41.621 41.482 41.843 41.741 41.619 41.477 41.336 41.188 41.746 41.573 41.402 41.281 41.17 41.51 41.367 41.247 41.148 40.98 40.958 40.789 40.599
455.4934 42.295 42.345 42.27 42.077 41.935 41.795 42.156 42.055 41.932 41.79 41.65 41.501 42.06 41.887 41.715 41.594 41.484 41.823 41.681 41.561 41.462 41.294 41.272 41.103 40.912
466.4814 42.609 42.658 42.583 42.39 42.248 42.109 42.47 42.368 42.246 42.104 41.963 41.815 42.373 42.201 42.029 41.908 41.797 42.137 41.994 41.874 41.775 41.607 41.585 41.416 41.226
477.7344 42.922 42.972 42.897 42.704 42.562 42.423 42.783 42.682 42.559 42.417 42.277 42.128 42.687 42.514 42.342 42.222 42.111 42.45 42.308 42.188 42.089 41.921 41.899 41.73 41.539
489.2588 43.236 43.285 43.211 43.018 42.875 42.736 43.097 42.995 42.873 42.731 42.59 42.442 43.0 42.828 42.656 42.535 42.425 42.764 42.621 42.502 42.403 42.234 42.213 42.043 41.853
501.0613 43.55 43.599 43.524 43.331 43.189 43.05 43.41 43.309 43.186 43.045 42.904 42.755 43.314 43.141 42.969 42.849 42.738 43.078 42.935 42.815 42.716 42.548 42.526 42.357 42.166
513.1485 43.863 43.913 43.838 43.645 43.502 43.363 43.724 43.622 43.5 43.358 43.218 43.069 43.627 43.455 43.283 43.162 43.052 43.391 43.249 43.129 43.03 42.861 42.84 42.67 42.48
525.5272 44.177 44.226 44.151 43.958 43.816 43.677 44.038 43.936 43.814 43.672 43.531 43.383 43.941 43.768 43.597 43.476 43.365 43.705 43.562 43.442 43.343 43.175 43.153 42.984 42.794
538.2046 44.49 44.54 44.465 44.272 44.129 43.99 44.351 44.25 44.127 43.985 43.845 43.696 44.255 44.082 43.91 43.789 43.679 44.018 43.876 43.756 43.657 43.489 43.467 43.297 43.107
551.1878 44.804 44.853 44.778 44.585 44.443 44.304 44.665 44.563 44.441 44.299 44.158 44.01 44.568 44.396 44.224 44.103 43.992 44.332 44.189 44.069 43.97 43.802 43.78 43.611 43.421
564.4842 45.117 45.167 45.092 44.899 44.757 44.617 44.978 44.877 44.754 44.612 44.472 44.323 44.882 44.709 44.537 44.417 44.306 44.645 44.503 44.383 44.284 44.116 44.094 43.925 43.734
578.1013 45.431 45.48 45.406 45.213 45.07 44.931 45.292 45.19 45.068 44.926 44.785 44.637 45.195 45.023 44.851 44.73 44.619 44.959 44.816 44.697 44.597 44.429 44.408 44.238 44.048
592.0469 45.745 45.794 45.719 45.526 45.384 45.245 45.605 45.504 45.381 45.239 45.099 44.95 45.509 45.336 45.164 45.044 44.933 45.272 45.13 45.01 44.911 44.743 44.721 44.552 44.361
606.329 46.058 46.108 46.033 45.84 45.697 45.558 45.919 45.817 45.695 45.553 45.413 45.264 45.822 45.65 45.478 45.357 45.247 45.586 45.443 45.324 45.225 45.056 45.035 44.865 44.675
620.9555 46.372 46.421 46.346 46.153 46.011 45.872 46.233 46.131 46.008 45.867 45.726 45.578 46.136 45.963 45.792 45.671 45.56 45.9 45.757 45.637 45.538 45.37 45.348 45.179 44.989
635.9349 46.685 46.735 46.66 46.467 46.324 46.185 46.546 46.444 46.322 46.18 46.04 45.891 46.45 46.277 46.105 45.984 45.874 46.213 46.071 45.951 45.852 45.683 45.662 45.492 45.302
651.2757 46.999 47.048 46.973 46.78 46.638 46.499 46.86 46.758 46.636 46.494 46.353 46.205 46.763 46.59 46.419 46.298 46.187 46.527 46.384 46.264 46.165 45.997 45.975 45.806 45.616
666.9865 47.312 47.362 47.287 47.094 46.952 46.812 47.173 47.072 46.949 46.807 46.667 46.518 47.077 46.904 46.732 46.612 46.501 46.84 46.698 46.578 46.479 46.311 46.289 46.12 45.929
683.0763 47.626 47.675 47.601 47.408 47.265 47.126 47.487 47.385 47.263 47.121 46.98 46.832 47.39 47.218 47.046 46.925 46.814 47.154 47.011 46.891 46.792 46.624 46.602 46.433 46.243
699.5543 47.939 47.989 47.914 47.721 47.579 47.44 47.8 47.699 47.576 47.434 47.294 47.145 47.704 47.531 47.359 47.239 47.128 47.467 47.325 47.205 47.106 46.938 46.916 46.747 46.556
716.4297 48.253 48.303 48.228 48.035 47.892 47.753 48.114 48.012 47.89 47.748 47.608 47.459 48.017 47.845 47.673 47.552 47.442 47.781 47.638 47.519 47.42 47.251 47.23 47.06 46.87
733.7123 48.567 48.616 48.541 48.348 48.206 48.067 48.428 48.326 48.203 48.062 47.921 47.773 48.331 48.158 47.986 47.866 47.755 48.095 47.952 47.832 47.733 47.565 47.543 47.374 47.184
751.4117 48.88 48.93 48.855 48.662 48.519 48.38 48.741 48.639 48.517 48.375 48.235 48.086 48.644 48.472 48.3 48.179 48.069 48.408 48.266 48.146 48.047 47.878 47.857 47.687 47.497
