web/models/grb/offaxis/15/grb_0.2967_100.0000_0.0000010.dat
# %ECSV 1.0
# ---
# datatype:
# - {name: time, datatype: float64}
# - {name: swift_uvot_uvw2, datatype: float64}
# - {name: swift_uvot_uvm2, datatype: float64}
# - {name: swift_uvot_uvw1, datatype: float64}
# - {name: swift_uvot_U, datatype: float64}
# - {name: swift_uvot_B, datatype: float64}
# - {name: swift_uvot_V, datatype: float64}
# - {name: swift_uvot_W, datatype: float64}
# - {name: johnson_U, datatype: float64}
# - {name: johnson_B, datatype: float64}
# - {name: johnson_V, datatype: float64}
# - {name: johnson_R, datatype: float64}
# - {name: johnson_I, datatype: float64}
# - {name: sdss_u, datatype: float64}
# - {name: sdss_g, datatype: float64}
# - {name: sdss_r, datatype: float64}
# - {name: sdss_i, datatype: float64}
# - {name: sdss_z, datatype: float64}
# - {name: PS1_g, datatype: float64}
# - {name: PS1_r, datatype: float64}
# - {name: PS1_i, datatype: float64}
# - {name: PS1_z, datatype: float64}
# - {name: PS1_Y, datatype: float64}
# - {name: ukirt_J, datatype: float64}
# - {name: ukirt_H, datatype: float64}
# - {name: ukirt_K, datatype: float64}
# meta: !!omap
# - comment: [E = 0.043396498804093575, Eta0 = 8.02, GammaB = 12.0, dL = 0.012188, epsb = 6.760829753919819e-06, epse = 0.1, n = 1e-06,
#     p = 2.15, theta_obs = 0.29670597283903605, xiN = 1.0, z = 0.0, type = grb, E_kiso = 100.0]
# schema: astropy-2.0
time swift_uvot_uvw2 swift_uvot_uvm2 swift_uvot_uvw1 swift_uvot_U swift_uvot_B swift_uvot_V swift_uvot_W johnson_U johnson_B johnson_V johnson_R johnson_I sdss_u sdss_g sdss_r sdss_i sdss_z PS1_g PS1_r PS1_i PS1_z PS1_Y ukirt_J ukirt_H ukirt_K
[from data line 445]
404.3163 4.609 4.659 4.584 4.391 4.248 4.109 4.47 4.368 4.246 4.104 3.964 3.815 4.373 4.201 4.029 3.908 3.798 4.137 3.995 3.875 3.776 3.607 3.586 3.416 3.226
414.0697 4.647 4.697 4.622 4.429 4.286 4.147 4.508 4.406 4.284 4.142 4.002 3.853 4.412 4.239 4.067 3.946 3.836 4.175 4.033 3.913 3.814 3.645 3.624 3.454 3.264
424.0583 4.687 4.736 4.661 4.468 4.326 4.187 4.547 4.446 4.323 4.182 4.041 3.892 4.451 4.278 4.106 3.986 3.875 4.215 4.072 3.952 3.853 3.685 3.663 3.494 3.303
434.2879 4.726 4.775 4.7 4.508 4.365 4.226 4.587 4.485 4.363 4.221 4.08 3.932 4.49 4.318 4.146 4.025 3.914 4.254 4.111 3.991 3.892 3.724 3.702 3.533 3.343
444.7643 4.765 4.815 4.74 4.547 4.404 4.265 4.626 4.524 4.402 4.26 4.12 3.971 4.529 4.357 4.185 4.064 3.954 4.293 4.151 4.031 3.932 3.763 3.742 3.572 3.382
455.4934 4.805 4.854 4.779 4.586 4.444 4.305 4.665 4.564 4.441 4.299 4.159 4.01 4.569 4.396 4.224 4.104 3.993 4.332 4.19 4.07 3.971 3.803 3.781 3.612 3.421
466.4814 4.844 4.893 4.818 4.625 4.483 4.344 4.705 4.603 4.481 4.339 4.198 4.05 4.608 4.436 4.264 4.143 4.032 4.372 4.229 4.109 4.01 3.842 3.82 3.651 3.461
477.7344 4.883 4.933 4.858 4.665 4.522 4.383 4.744 4.642 4.52 4.378 4.238 4.089 4.647 4.475 4.303 4.182 4.072 4.411 4.269 4.149 4.05 3.881 3.86 3.69 3.5
489.2588 4.922 4.972 4.897 4.704 4.562 4.423 4.783 4.682 4.559 4.417 4.277 4.128 4.687 4.514 4.342 4.222 4.111 4.45 4.308 4.188 4.089 3.921 3.899 3.73 3.539
501.0613 4.962 5.011 4.936 4.743 4.601 4.462 4.823 4.721 4.599 4.457 4.316 4.168 4.726 4.554 4.382 4.261 4.15 4.49 4.347 4.227 4.128 3.96 3.938 3.769 3.579
513.1485 5.004 5.053 4.978 4.785 4.643 4.504 4.865 4.763 4.641 4.499 4.358 4.21 4.768 4.595 4.424 4.303 4.192 4.532 4.389 4.269 4.17 4.002 3.98 3.811 3.621
525.5272 5.066 5.116 5.041 4.848 4.706 4.567 4.927 4.826 4.703 4.561 4.421 4.272 4.831 4.658 4.486 4.366 4.255 4.594 4.452 4.332 4.233 4.065 4.043 3.874 3.683
538.2046 5.129 5.179 5.104 4.911 4.768 4.629 4.99 4.888 4.766 4.624 4.484 4.335 4.893 4.721 4.549 4.428 4.318 4.657 4.514 4.395 4.296 4.127 4.106 3.936 3.746
551.1878 5.192 5.241 5.166 4.973 4.831 4.692 5.053 4.951 4.829 4.687 4.546 4.398 4.956 4.783 4.612 4.491 4.38 4.72 4.577 4.457 4.358 4.19 4.168 3.999 3.809
564.4842 5.254 5.304 5.229 5.036 4.894 4.755 5.115 5.014 4.891 4.749 4.609 4.46 5.019 4.846 4.674 4.554 4.443 4.782 4.64 4.52 4.421 4.253 4.231 4.062 3.871
578.1013 5.317 5.367 5.292 5.099 4.956 4.817 5.178 5.076 4.954 4.812 4.672 4.523 5.081 4.909 4.737 4.616 4.506 4.845 4.703 4.583 4.484 4.315 4.294 4.124 3.934
592.0469 5.38 5.429 5.354 5.161 5.019 4.88 5.241 5.139 5.017 4.875 4.734 4.586 5.144 4.971 4.8 4.679 4.568 4.908 4.765 4.645 4.546 4.378 4.356 4.187 3.997
606.329 5.442 5.492 5.417 5.224 5.082 4.943 5.303 5.202 5.079 4.937 4.797 4.648 5.207 5.034 4.862 4.742 4.631 4.97 4.828 4.708 4.609 4.441 4.419 4.25 4.059
620.9555 5.505 5.555 5.48 5.287 5.144 5.005 5.366 5.264 5.142 5.0 4.86 4.711 5.269 5.097 4.925 4.804 4.694 5.033 4.891 4.771 4.672 4.503 4.482 4.312 4.122
635.9349 5.568 5.617 5.542 5.349 5.207 5.068 5.429 5.327 5.205 5.063 4.922 4.774 5.332 5.16 4.988 4.867 4.756 5.096 4.953 4.833 4.734 4.566 4.544 4.375 4.185
651.2757 5.633 5.682 5.607 5.414 5.272 5.133 5.494 5.392 5.27 5.128 4.987 4.839 5.397 5.225 5.053 4.932 4.821 5.161 5.018 4.898 4.799 4.631 4.609 4.44 4.25
666.9865 5.705 5.754 5.679 5.486 5.344 5.205 5.565 5.464 5.341 5.199 5.059 4.91 5.469 5.296 5.124 5.004 4.893 5.232 5.09 4.97 4.871 4.703 4.681 4.512 4.321
683.0763 5.776 5.826 5.751 5.558 5.415 5.276 5.637 5.536 5.413 5.271 5.131 4.982 5.541 5.368 5.196 5.075 4.965 5.304 5.162 5.042 4.943 4.775 4.753 4.584 4.393
699.5543 5.848 5.897 5.823 5.63 5.487 5.348 5.709 5.607 5.485 5.343 5.202 5.054 5.612 5.44 5.268 5.147 5.037 5.376 5.233 5.114 5.015 4.846 4.825 4.655 4.465
716.4297 5.92 5.969 5.894 5.701 5.559 5.42 5.781 5.679 5.557 5.415 5.274 5.126 5.684 5.511 5.34 5.219 5.108 5.448 5.305 5.185 5.086 4.918 4.896 4.727 4.537
733.7123 5.991 6.041 5.966 5.773 5.631 5.492 5.852 5.751 5.628 5.486 5.346 5.197 5.756 5.583 5.411 5.291 5.18 5.519 5.377 5.257 5.158 4.99 4.968 4.799 4.608
751.4117 6.063 6.113 6.038 5.845 5.702 5.563 5.924 5.822 5.7 5.558 5.418 5.269 5.827 5.655 5.483 5.362 5.252 5.591 5.449 5.329 5.23 5.061 5.04 4.87 4.68
769.5381 6.135 6.184 6.11 5.917 5.774 5.635 5.996 5.894 5.772 5.63 5.489 5.341 5.899 5.727 5.555 5.434 5.323 5.663 5.52 5.4 5.301 5.133 5.111 4.942 4.752
788.1018 6.207 6.256 6.181 5.988 5.846 5.707 6.068 5.966 5.843 5.702 5.561 5.413 5.971 5.798 5.627 5.506 5.395 5.735 5.592 5.472 5.373 5.205 5.183 5.014 4.824
807.1133 6.278 6.328 6.253 6.06 5.918 5.778 6.139 6.038 5.915 5.773 5.633 5.484 6.043 5.87 5.698 5.578 5.467 5.806 5.664 5.544 5.445 5.277 5.255 5.086 4.895
826.5834 6.35 6.4 6.325 6.132 5.99 5.851 6.211 6.11 5.987 5.845 5.705 5.556 6.115 5.942 5.77 5.65 5.539 5.878 5.736 5.616 5.517 5.349 5.327 5.158 4.967
846.5232 6.423 6.472 6.398 6.205 6.062 5.923 6.284 6.182 6.06 5.918 5.777 5.629 6.187 6.015 5.843 5.722 5.611 5.951 5.808 5.689 5.59 5.421 5.4 5.23 5.04
866.944 6.495 6.545 6.47 6.277 6.135 5.996 6.356 6.255 6.132 5.99 5.85 5.701 6.26 6.087 5.915 5.795 5.684 6.023 5.881 5.761 5.662 5.494 5.472 5.303 5.112
887.8575 6.568 6.617 6.543 6.35 6.207 6.068 6.429 6.327 6.205 6.063 5.923 5.774 6.332 6.16 5.988 5.867 5.757 6.096 5.953 5.834 5.735 5.566 5.545 5.375 5.185
909.2754 6.641 6.69 6.615 6.422 6.28 6.141 6.501 6.4 6.277 6.136 5.995 5.846 6.405 6.232 6.06 5.94 5.829 6.169 6.026 5.906 5.807 5.639 5.617 5.448 5.257
931.21 6.713 6.763 6.688 6.495 6.352 6.213 6.574 6.472 6.35 6.208 6.068 5.919 6.477 6.305 6.133 6.012 5.902 6.241 6.098 5.979 5.88 5.711 5.69 5.52 5.33
953.6737 6.786 6.835 6.76 6.567 6.425 6.286 6.647 6.545 6.422 6.281 6.14 5.992 6.55 6.377 6.205 6.085 5.974 6.314 6.171 6.051 5.952 5.784 5.762 5.593 5.403
976.6793 6.858 6.908 6.833 6.64 6.497 6.358 6.719 6.617 6.495 6.353 6.213 6.064 6.622 6.45 6.278 6.157 6.047 6.386 6.244 6.124 6.025 5.856 5.835 5.665 5.475
1000.2399 6.931 6.98 6.905 6.712 6.57 6.431 6.792 6.69 6.568 6.426 6.285 6.137 6.695 6.522 6.351 6.23 6.119 6.459 6.316 6.196 6.097 5.929 5.907 5.738 5.548
1024.3688 7.003 7.053 6.978 6.785 6.642 6.503 6.864 6.762 6.64 6.498 6.358 6.209 6.767 6.595 6.423 6.302 6.192 6.531 6.389 6.269 6.17 6.001 5.98 5.81 5.62
1049.0798 7.072 7.121 7.047 6.854 6.711 6.572 6.933 6.831 6.709 6.567 6.427 6.278 6.836 6.664 6.492 6.371 6.261 6.6 6.457 6.338 6.239 6.07 6.049 5.879 5.689
1074.3869 7.138 7.187 7.112 6.919 6.777 6.638 6.999 6.897 6.775 6.633 6.492 6.344 6.902 6.729 6.558 6.437 6.326 6.666 6.523 6.403 6.304 6.136 6.114 5.945 5.755
1100.3045 7.203 7.253 7.178 6.985 6.843 6.704 7.064 6.963 6.84 6.698 6.558 6.409 6.968 6.795 6.623 6.503 6.392 6.731 6.589 6.469 6.37 6.202 6.18 6.011 5.82
1126.8473 7.269 7.319 7.244 7.051 6.908 6.769 7.13 7.028 6.906 6.764 6.624 6.475 7.033 6.861 6.689 6.568 6.458 6.797 6.655 6.535 6.436 6.267 6.246 6.076 5.886
1154.0304 7.335 7.384 7.31 7.117 6.974 6.835 7.196 7.094 6.972 6.83 6.689 6.541 7.099 6.927 6.755 6.634 6.523 6.863 6.72 6.6 6.501 6.333 6.311 6.142 5.952
1181.8693 7.401 7.45 7.375 7.182 7.04 6.901 7.262 7.16 7.037 6.896 6.755 6.607 7.165 6.992 6.821 6.7 6.589 6.929 6.786 6.666 6.567 6.399 6.377 6.208 6.018
1210.3797 7.466 7.516 7.441 7.248 7.106 6.966 7.327 7.226 7.103 6.961 6.821 6.672 7.231 7.058 6.886 6.766 6.655 6.994 6.852 6.732 6.633 6.465 6.443 6.274 6.083
1239.5778 7.532 7.582 7.507 7.314 7.171 7.032 7.393 7.291 7.169 7.027 6.887 6.738 7.296 7.124 6.952 6.831 6.721 7.06 6.917 6.798 6.699 6.53 6.509 6.339 6.149
1269.4803 7.598 7.647 7.572 7.379 7.237 7.098 7.459 7.357 7.235 7.093 6.952 6.804 7.362 7.19 7.018 6.897 6.786 7.126 6.983 6.863 6.764 6.596 6.574 6.405 6.215
1300.1042 7.664 7.713 7.638 7.445 7.303 7.164 7.524 7.423 7.3 7.158 7.018 6.869 7.428 7.255 7.083 6.963 6.852 7.191 7.049 6.929 6.83 6.662 6.64 6.471 6.28
1331.4668 7.723 7.772 7.697 7.504 7.362 7.223 7.584 7.482 7.359 7.218 7.077 6.929 7.487 7.314 7.143 7.022 6.911 7.251 7.108 6.988 6.889 6.721 6.699 6.53 6.34
1363.586 7.779 7.828 7.753 7.56 7.418 7.279 7.64 7.538 7.416 7.274 7.133 6.985 7.543 7.37 7.199 7.078 6.967 7.307 7.164 7.044 6.945 6.777 6.755 6.586 6.396
1396.48 7.835 7.884 7.809 7.616 7.474 7.335 7.696 7.594 7.472 7.33 7.189 7.041 7.599 7.427 7.255 7.134 7.023 7.363 7.22 7.1 7.001 6.833 6.811 6.642 6.452
1430.1675 7.891 7.94 7.866 7.673 7.53 7.391 7.752 7.65 7.528 7.386 7.245 7.097 7.655 7.483 7.311 7.19 7.079 7.419 7.276 7.156 7.057 6.889 6.867 6.698 6.508
1464.6676 7.947 7.996 7.922 7.729 7.586 7.447 7.808 7.706 7.584 7.442 7.301 7.153 7.711 7.539 7.367 7.246 7.136 7.475 7.332 7.213 7.114 6.945 6.924 6.754 6.564
1500.0 8.003 8.053 7.978 7.785 7.642 7.503 7.864 7.762 7.64 7.498 7.358 7.209 7.767 7.595 7.423 7.302 7.192 7.531 7.388 7.269 7.17 7.001 6.98 6.81 6.62
