web/models/grb/offaxis/15/grb_0.2967_719.6857_1.0000000.dat
# %ECSV 1.0
# ---
# datatype:
# - {name: time, datatype: float64}
# - {name: swift_uvot_uvw2, datatype: float64}
# - {name: swift_uvot_uvm2, datatype: float64}
# - {name: swift_uvot_uvw1, datatype: float64}
# - {name: swift_uvot_U, datatype: float64}
# - {name: swift_uvot_B, datatype: float64}
# - {name: swift_uvot_V, datatype: float64}
# - {name: swift_uvot_W, datatype: float64}
# - {name: johnson_U, datatype: float64}
# - {name: johnson_B, datatype: float64}
# - {name: johnson_V, datatype: float64}
# - {name: johnson_R, datatype: float64}
# - {name: johnson_I, datatype: float64}
# - {name: sdss_u, datatype: float64}
# - {name: sdss_g, datatype: float64}
# - {name: sdss_r, datatype: float64}
# - {name: sdss_i, datatype: float64}
# - {name: sdss_z, datatype: float64}
# - {name: PS1_g, datatype: float64}
# - {name: PS1_r, datatype: float64}
# - {name: PS1_i, datatype: float64}
# - {name: PS1_z, datatype: float64}
# - {name: PS1_Y, datatype: float64}
# - {name: ukirt_J, datatype: float64}
# - {name: ukirt_H, datatype: float64}
# - {name: ukirt_K, datatype: float64}
# meta: !!omap
# - comment: [E = 0.31231838447717747, Eta0 = 8.02, GammaB = 12.0, dL = 0.012188, epsb = 6.760829753919819e-06, epse = 0.1, n = 1.0, p
#       = 2.15, theta_obs = 0.29670597283903605, xiN = 1.0, z = 0.0, type = grb, E_kiso = 719.6856730011514]
# schema: astropy-2.0
time swift_uvot_uvw2 swift_uvot_uvm2 swift_uvot_uvw1 swift_uvot_U swift_uvot_B swift_uvot_V swift_uvot_W johnson_U johnson_B johnson_V johnson_R johnson_I sdss_u sdss_g sdss_r sdss_i sdss_z PS1_g PS1_r PS1_i PS1_z PS1_Y ukirt_J ukirt_H ukirt_K
[from data line 268]
5.9482 -9.333 -9.284 -9.358 -9.551 -9.694 -9.833 -9.472 -9.574 -9.696 -9.838 -9.978 -10.127 -9.569 -9.741 -9.913 -10.034 -10.144 -9.805 -9.948 -10.067 -10.166 -10.335 -10.356 -10.526 -10.716
6.0917 -9.331 -9.281 -9.356 -9.549 -9.691 -9.831 -9.47 -9.571 -9.694 -9.836 -9.976 -10.125 -9.566 -9.739 -9.911 -10.031 -10.142 -9.803 -9.945 -10.065 -10.164 -10.332 -10.354 -10.523 -10.714
6.2386 -9.33 -9.281 -9.355 -9.548 -9.691 -9.83 -9.469 -9.571 -9.693 -9.835 -9.976 -10.124 -9.566 -9.738 -9.91 -10.031 -10.141 -9.802 -9.945 -10.064 -10.163 -10.332 -10.353 -10.523 -10.713
6.3891 -9.332 -9.282 -9.357 -9.55 -9.692 -9.832 -9.471 -9.572 -9.695 -9.837 -9.977 -10.126 -9.567 -9.74 -9.912 -10.033 -10.143 -9.804 -9.946 -10.066 -10.165 -10.333 -10.355 -10.524 -10.715
6.5433 -9.333 -9.284 -9.359 -9.552 -9.694 -9.833 -9.473 -9.574 -9.697 -9.838 -9.979 -10.128 -9.569 -9.742 -9.914 -10.034 -10.145 -9.805 -9.948 -10.068 -10.167 -10.335 -10.357 -10.526 -10.717
6.7011 -9.335 -9.286 -9.361 -9.554 -9.696 -9.835 -9.474 -9.576 -9.698 -9.84 -9.981 -10.129 -9.571 -9.743 -9.915 -10.036 -10.147 -9.807 -9.95 -10.07 -10.169 -10.337 -10.359 -10.528 -10.718
6.8627 -9.337 -9.287 -9.362 -9.555 -9.698 -9.837 -9.476 -9.578 -9.7 -9.842 -9.982 -10.131 -9.573 -9.745 -9.917 -10.038 -10.148 -9.809 -9.951 -10.071 -10.17 -10.339 -10.36 -10.53 -10.72
7.0283 -9.339 -9.289 -9.364 -9.557 -9.699 -9.838 -9.478 -9.579 -9.702 -9.844 -9.984 -10.133 -9.574 -9.747 -9.919 -10.039 -10.15 -9.811 -9.953 -10.073 -10.172 -10.34 -10.362 -10.531 -10.722
7.1978 -9.34 -9.291 -9.366 -9.559 -9.701 -9.84 -9.479 -9.581 -9.703 -9.845 -9.986 -10.134 -9.576 -9.749 -9.92 -10.041 -10.152 -9.812 -9.955 -10.075 -10.174 -10.342 -10.364 -10.533 -10.723
7.3715 -9.342 -9.293 -9.367 -9.56 -9.703 -9.842 -9.481 -9.583 -9.705 -9.847 -9.988 -10.136 -9.578 -9.75 -9.922 -10.043 -10.154 -9.814 -9.957 -10.076 -10.176 -10.344 -10.365 -10.535 -10.725
7.5493 -9.344 -9.294 -9.369 -9.562 -9.705 -9.844 -9.483 -9.585 -9.707 -9.849 -9.989 -10.138 -9.579 -9.752 -9.924 -10.045 -10.155 -9.816 -9.958 -10.078 -10.177 -10.345 -10.367 -10.537 -10.727
7.7314 -9.345 -9.296 -9.371 -9.564 -9.706 -9.845 -9.485 -9.586 -9.709 -9.851 -9.991 -10.14 -9.581 -9.754 -9.926 -10.046 -10.157 -9.818 -9.96 -10.08 -10.179 -10.347 -10.369 -10.538 -10.729
7.9179 -9.324 -9.275 -9.349 -9.542 -9.685 -9.824 -9.463 -9.565 -9.687 -9.829 -9.97 -10.118 -9.56 -9.732 -9.904 -10.025 -10.135 -9.796 -9.939 -10.058 -10.157 -10.326 -10.347 -10.517 -10.707
8.1089 -9.285 -9.235 -9.31 -9.503 -9.645 -9.785 -9.424 -9.525 -9.648 -9.79 -9.93 -10.079 -9.52 -9.693 -9.865 -9.986 -10.096 -9.757 -9.899 -10.019 -10.118 -10.286 -10.308 -10.477 -10.668
8.3045 -9.245 -9.196 -9.271 -9.464 -9.606 -9.745 -9.384 -9.486 -9.609 -9.75 -9.891 -10.039 -9.481 -9.654 -9.825 -9.946 -10.057 -9.717 -9.86 -9.98 -10.079 -10.247 -10.269 -10.438 -10.628
8.5049 -9.206 -9.157 -9.231 -9.424 -9.567 -9.706 -9.345 -9.447 -9.569 -9.711 -9.852 -10.0 -9.442 -9.614 -9.786 -9.907 -10.018 -9.678 -9.821 -9.94 -10.039 -10.208 -10.229 -10.399 -10.589
8.71 -9.167 -9.117 -9.192 -9.385 -9.527 -9.667 -9.306 -9.407 -9.53 -9.672 -9.812 -9.961 -9.402 -9.575 -9.747 -9.868 -9.978 -9.639 -9.781 -9.901 -10.0 -10.168 -10.19 -10.359 -10.55
8.9201 -9.127 -9.078 -9.153 -9.346 -9.488 -9.627 -9.266 -9.368 -9.491 -9.632 -9.773 -9.921 -9.363 -9.536 -9.708 -9.828 -9.939 -9.599 -9.742 -9.862 -9.961 -10.129 -10.151 -10.32 -10.51
9.1353 -9.088 -9.039 -9.113 -9.306 -9.449 -9.588 -9.227 -9.329 -9.451 -9.593 -9.734 -9.882 -9.324 -9.496 -9.668 -9.789 -9.9 -9.56 -9.703 -9.823 -9.922 -10.09 -10.111 -10.281 -10.471
9.3557 -9.049 -8.999 -9.074 -9.267 -9.41 -9.549 -9.188 -9.289 -9.412 -9.554 -9.694 -9.843 -9.284 -9.457 -9.629 -9.75 -9.86 -9.521 -9.663 -9.783 -9.882 -10.05 -10.072 -10.242 -10.432
9.5814 -9.009 -8.96 -9.035 -9.228 -9.37 -9.509 -9.149 -9.25 -9.373 -9.514 -9.655 -9.804 -9.245 -9.418 -9.59 -9.71 -9.821 -9.481 -9.624 -9.744 -9.843 -10.011 -10.033 -10.202 -10.393
9.8125 -8.97 -8.921 -8.995 -9.188 -9.331 -9.47 -9.109 -9.211 -9.333 -9.475 -9.616 -9.764 -9.206 -9.378 -9.55 -9.671 -9.782 -9.442 -9.585 -9.705 -9.804 -9.972 -9.994 -10.163 -10.353
10.0492 -8.914 -8.865 -8.94 -9.133 -9.275 -9.414 -9.053 -9.155 -9.277 -9.419 -9.56 -9.708 -9.15 -9.323 -9.494 -9.615 -9.726 -9.386 -9.529 -9.649 -9.748 -9.916 -9.938 -10.107 -10.297
10.2917 -8.852 -8.802 -8.877 -9.07 -9.212 -9.351 -8.991 -9.092 -9.215 -9.357 -9.497 -9.646 -9.087 -9.26 -9.432 -9.552 -9.663 -9.324 -9.466 -9.586 -9.685 -9.853 -9.875 -10.044 -10.235
10.5399 -8.789 -8.739 -8.814 -9.007 -9.15 -9.289 -8.928 -9.03 -9.152 -9.294 -9.434 -9.583 -9.025 -9.197 -9.369 -9.49 -9.6 -9.261 -9.403 -9.523 -9.622 -9.791 -9.812 -9.982 -10.172
10.7942 -8.726 -8.677 -8.752 -8.945 -9.087 -9.226 -8.865 -8.967 -9.089 -9.231 -9.372 -9.52 -8.962 -9.134 -9.306 -9.427 -9.538 -9.198 -9.341 -9.461 -9.56 -9.728 -9.75 -9.919 -10.109
11.0546 -8.664 -8.614 -8.689 -8.882 -9.024 -9.163 -8.803 -8.904 -9.027 -9.169 -9.309 -9.458 -8.899 -9.072 -9.244 -9.364 -9.475 -9.136 -9.278 -9.398 -9.497 -9.665 -9.687 -9.856 -10.047
11.3212 -8.601 -8.551 -8.626 -8.819 -8.962 -9.101 -8.74 -8.842 -8.964 -9.106 -9.246 -9.395 -8.837 -9.009 -9.181 -9.302 -9.412 -9.073 -9.215 -9.335 -9.434 -9.603 -9.624 -9.794 -9.984
11.5943 -8.538 -8.489 -8.564 -8.757 -8.899 -9.038 -8.677 -8.779 -8.901 -9.043 -9.184 -9.332 -8.774 -8.946 -9.118 -9.239 -9.35 -9.01 -9.153 -9.273 -9.372 -9.54 -9.562 -9.731 -9.921
11.874 -8.476 -8.426 -8.501 -8.694 -8.836 -8.975 -8.615 -8.716 -8.839 -8.981 -9.121 -9.27 -8.711 -8.884 -9.056 -9.176 -9.287 -8.948 -9.09 -9.21 -9.309 -9.477 -9.499 -9.668 -9.859
12.1605 -8.413 -8.363 -8.438 -8.631 -8.774 -8.913 -8.552 -8.654 -8.776 -8.918 -9.058 -9.207 -8.649 -8.821 -8.993 -9.114 -9.224 -8.885 -9.027 -9.147 -9.246 -9.415 -9.436 -9.606 -9.796
12.4538 -8.35 -8.301 -8.376 -8.569 -8.711 -8.85 -8.489 -8.591 -8.713 -8.855 -8.996 -9.144 -8.586 -8.758 -8.93 -9.051 -9.162 -8.822 -8.965 -9.085 -9.184 -9.352 -9.374 -9.543 -9.733
12.7542 -8.28 -8.23 -8.305 -8.498 -8.641 -8.78 -8.419 -8.521 -8.643 -8.785 -8.925 -9.074 -8.515 -8.688 -8.86 -8.981 -9.091 -8.752 -8.894 -9.014 -9.113 -9.281 -9.303 -9.473 -9.663
13.0619 -8.208 -8.159 -8.233 -8.426 -8.569 -8.708 -8.347 -8.449 -8.571 -8.713 -8.854 -9.002 -8.444 -8.616 -8.788 -8.909 -9.02 -8.68 -8.823 -8.942 -9.041 -9.21 -9.231 -9.401 -9.591
13.377 -8.136 -8.087 -8.162 -8.355 -8.497 -8.636 -8.275 -8.377 -8.499 -8.641 -8.782 -8.93 -8.372 -8.545 -8.716 -8.837 -8.948 -8.608 -8.751 -8.871 -8.97 -9.138 -9.16 -9.329 -9.519
13.6997 -8.065 -8.015 -8.09 -8.283 -8.425 -8.564 -8.204 -8.305 -8.428 -8.57 -8.71 -8.859 -8.3 -8.473 -8.645 -8.765 -8.876 -8.537 -8.679 -8.799 -8.898 -9.066 -9.088 -9.257 -9.448
14.0302 -7.993 -7.943 -8.018 -8.211 -8.354 -8.493 -8.132 -8.234 -8.356 -8.498 -8.638 -8.787 -8.229 -8.401 -8.573 -8.694 -8.804 -8.465 -8.607 -8.727 -8.826 -8.995 -9.016 -9.186 -9.376
14.3686 -7.921 -7.872 -7.947 -8.139 -8.282 -8.421 -8.06 -8.162 -8.284 -8.426 -8.567 -8.715 -8.157 -8.329 -8.501 -8.622 -8.733 -8.393 -8.536 -8.656 -8.755 -8.923 -8.945 -9.114 -9.304
14.7153 -7.849 -7.8 -7.875 -8.068 -8.21 -8.349 -7.988 -8.09 -8.213 -8.354 -8.495 -8.643 -8.085 -8.258 -8.43 -8.55 -8.661 -8.321 -8.464 -8.584 -8.683 -8.851 -8.873 -9.042 -9.232
15.0702 -7.778 -7.728 -7.803 -7.996 -8.138 -8.278 -7.917 -8.018 -8.141 -8.283 -8.423 -8.572 -8.013 -8.186 -8.358 -8.478 -8.589 -8.25 -8.392 -8.512 -8.611 -8.779 -8.801 -8.97 -9.161
15.4338 -7.706 -7.656 -7.731 -7.924 -8.067 -8.206 -7.845 -7.947 -8.069 -8.211 -8.351 -8.5 -7.942 -8.114 -8.286 -8.407 -8.517 -8.178 -8.321 -8.44 -8.539 -8.708 -8.729 -8.899 -9.089
15.8061 -7.634 -7.585 -7.66 -7.853 -7.995 -8.134 -7.773 -7.875 -7.997 -8.139 -8.28 -8.428 -7.87 -8.042 -8.214 -8.335 -8.446 -8.106 -8.249 -8.369 -8.468 -8.636 -8.658 -8.827 -9.017
16.1874 -7.562 -7.512 -7.587 -7.78 -7.922 -8.062 -7.701 -7.802 -7.925 -8.067 -8.207 -8.356 -7.797 -7.97 -8.142 -8.262 -8.373 -8.034 -8.176 -8.296 -8.395 -8.563 -8.585 -8.754 -8.945
16.5779 -7.489 -7.44 -7.515 -7.707 -7.85 -7.989 -7.628 -7.73 -7.852 -7.994 -8.135 -8.283 -7.725 -7.897 -8.069 -8.19 -8.301 -7.961 -8.104 -8.224 -8.323 -8.491 -8.513 -8.682 -8.872
16.9778 -7.417 -7.367 -7.442 -7.635 -7.777 -7.916 -7.556 -7.657 -7.78 -7.922 -8.062 -8.211 -7.652 -7.825 -7.997 -8.117 -8.228 -7.889 -8.031 -8.151 -8.25 -8.418 -8.44 -8.609 -8.8
17.3873 -7.344 -7.295 -7.369 -7.562 -7.705 -7.844 -7.483 -7.585 -7.707 -7.849 -7.99 -8.138 -7.58 -7.752 -7.924 -8.045 -8.156 -7.816 -7.959 -8.079 -8.178 -8.346 -8.367 -8.537 -8.727
17.8068 -7.272 -7.222 -7.297 -7.49 -7.632 -7.771 -7.411 -7.512 -7.635 -7.777 -7.917 -8.066 -7.507 -7.68 -7.852 -7.972 -8.083 -7.744 -7.886 -8.006 -8.105 -8.273 -8.295 -8.464 -8.655
18.2363 -7.199 -7.15 -7.224 -7.417 -7.56 -7.699 -7.338 -7.44 -7.562 -7.704 -7.845 -7.993 -7.435 -7.607 -7.779 -7.9 -8.01 -7.671 -7.814 -7.933 -8.032 -8.201 -8.222 -8.392 -8.582
18.6762 -7.126 -7.077 -7.152 -7.345 -7.487 -7.626 -7.266 -7.367 -7.49 -7.632 -7.772 -7.921 -7.362 -7.535 -7.707 -7.827 -7.938 -7.599 -7.741 -7.861 -7.96 -8.128 -8.15 -8.319 -8.51
19.1268 -7.054 -7.004 -7.079 -7.272 -7.415 -7.554 -7.193 -7.295 -7.417 -7.559 -7.699 -7.848 -7.29 -7.462 -7.634 -7.755 -7.865 -7.526 -7.669 -7.788 -7.887 -8.056 -8.077 -8.247 -8.437
19.5882 -6.981 -6.932 -7.007 -7.2 -7.342 -7.481 -7.12 -7.222 -7.345 -7.486 -7.627 -7.776 -7.217 -7.39 -7.562 -7.682 -7.793 -7.453 -7.596 -7.716 -7.815 -7.983 -8.005 -8.174 -8.365
20.0607 -6.91 -6.86 -6.935 -7.128 -7.271 -7.41 -7.049 -7.151 -7.273 -7.415 -7.555 -7.704 -7.146 -7.318 -7.49 -7.611 -7.721 -7.382 -7.524 -7.644 -7.743 -7.912 -7.933 -8.103 -8.293
20.5446 -6.844 -6.795 -6.87 -7.062 -7.205 -7.344 -6.983 -7.085 -7.207 -7.349 -7.49 -7.638 -7.08 -7.252 -7.424 -7.545 -7.656 -7.316 -7.459 -7.579 -7.678 -7.846 -7.868 -8.037 -8.227
21.0402 -6.778 -6.729 -6.804 -6.997 -7.139 -7.278 -6.917 -7.019 -7.142 -7.283 -7.424 -7.572 -7.014 -7.187 -7.359 -7.479 -7.59 -7.25 -7.393 -7.513 -7.612 -7.78 -7.802 -7.971 -8.161
21.5478 -6.713 -6.663 -6.738 -6.931 -7.073 -7.213 -6.852 -6.953 -7.076 -7.218 -7.358 -7.507 -6.948 -7.121 -7.293 -7.414 -7.524 -7.185 -7.327 -7.447 -7.546 -7.714 -7.736 -7.905 -8.096
22.0676 -6.647 -6.597 -6.672 -6.865 -7.008 -7.147 -6.786 -6.888 -7.01 -7.152 -7.292 -7.441 -6.883 -7.055 -7.227 -7.348 -7.458 -7.119 -7.262 -7.381 -7.48 -7.649 -7.67 -7.84 -8.03
22.5999 -6.581 -6.532 -6.607 -6.8 -6.942 -7.081 -6.72 -6.822 -6.944 -7.086 -7.227 -7.375 -6.817 -6.99 -7.161 -7.282 -7.393 -7.053 -7.196 -7.316 -7.415 -7.583 -7.605 -7.774 -7.964
23.1451 -6.516 -6.466 -6.541 -6.734 -6.876 -7.015 -6.655 -6.756 -6.879 -7.021 -7.161 -7.31 -6.751 -6.924 -7.096 -7.216 -7.327 -6.988 -7.13 -7.25 -7.349 -7.517 -7.539 -7.708 -7.899
23.7034 -6.45 -6.4 -6.475 -6.668 -6.811 -6.95 -6.589 -6.691 -6.813 -6.955 -7.095 -7.244 -6.686 -6.858 -7.03 -7.151 -7.261 -6.922 -7.064 -7.184 -7.283 -7.452 -7.473 -7.643 -7.833
24.2752 -6.384 -6.335 -6.409 -6.602 -6.745 -6.884 -6.523 -6.625 -6.747 -6.889 -7.03 -7.178 -6.62 -6.792 -6.964 -7.085 -7.196 -6.856 -6.999 -7.119 -7.218 -7.386 -7.408 -7.577 -7.767
24.8608 -6.318 -6.269 -6.344 -6.537 -6.679 -6.818 -6.457 -6.559 -6.682 -6.823 -6.964 -7.112 -6.554 -6.727 -6.898 -7.019 -7.13 -6.79 -6.933 -7.053 -7.152 -7.32 -7.342 -7.511 -7.701
25.4606 -6.255 -6.206 -6.281 -6.474 -6.616 -6.755 -6.394 -6.496 -6.619 -6.76 -6.901 -7.049 -6.491 -6.664 -6.835 -6.956 -7.067 -6.727 -6.87 -6.99 -7.089 -7.257 -7.279 -7.448 -7.638
26.0748 -6.199 -6.15 -6.225 -6.418 -6.56 -6.699 -6.338 -6.44 -6.562 -6.704 -6.845 -6.993 -6.435 -6.608 -6.779 -6.9 -7.011 -6.671 -6.814 -6.934 -7.033 -7.201 -7.223 -7.392 -7.582
26.7038 -6.143 -6.094 -6.169 -6.362 -6.504 -6.643 -6.282 -6.384 -6.506 -6.648 -6.789 -6.937 -6.379 -6.551 -6.723 -6.844 -6.955 -6.615 -6.758 -6.878 -6.977 -7.145 -7.167 -7.336 -7.526
27.3479 -6.087 -6.038 -6.112 -6.305 -6.448 -6.587 -6.226 -6.328 -6.45 -6.592 -6.733 -6.881 -6.323 -6.495 -6.667 -6.788 -6.899 -6.559 -6.702 -6.822 -6.921 -7.089 -7.111 -7.28 -7.47
28.0077 -6.031 -5.982 -6.056 -6.249 -6.392 -6.531 -6.17 -6.272 -6.394 -6.536 -6.677 -6.825 -6.267 -6.439 -6.611 -6.732 -6.842 -6.503 -6.646 -6.765 -6.864 -7.033 -7.054 -7.224 -7.414
28.6833 -5.975 -5.925 -6.0 -6.193 -6.336 -6.475 -6.114 -6.216 -6.338 -6.48 -6.62 -6.769 -6.211 -6.383 -6.555 -6.676 -6.786 -6.447 -6.59 -6.709 -6.808 -6.977 -6.998 -7.168 -7.358
29.3752 -5.919 -5.869 -5.944 -6.137 -6.28 -6.419 -6.058 -6.16 -6.282 -6.424 -6.564 -6.713 -6.155 -6.327 -6.499 -6.62 -6.73 -6.391 -6.533 -6.653 -6.752 -6.921 -6.942 -7.112 -7.302
30.0838 -5.863 -5.813 -5.888 -6.081 -6.224 -6.363 -6.002 -6.103 -6.226 -6.368 -6.508 -6.657 -6.098 -6.271 -6.443 -6.564 -6.674 -6.335 -6.477 -6.597 -6.696 -6.864 -6.886 -7.056 -7.246
30.8096 -5.807 -5.757 -5.832 -6.025 -6.167 -6.307 -5.946 -6.047 -6.17 -6.312 -6.452 -6.601 -6.042 -6.215 -6.387 -6.507 -6.618 -6.279 -6.421 -6.541 -6.64 -6.808 -6.83 -6.999 -7.19
31.5528 -5.751 -5.701 -5.776 -5.969 -6.111 -6.25 -5.89 -5.991 -6.114 -6.256 -6.396 -6.545 -5.986 -6.159 -6.331 -6.451 -6.562 -6.223 -6.365 -6.485 -6.584 -6.752 -6.774 -6.943 -7.134
32.3139 -5.695 -5.646 -5.721 -5.914 -6.056 -6.195 -5.834 -5.936 -6.058 -6.2 -6.341 -6.489 -5.931 -6.104 -6.275 -6.396 -6.507 -6.167 -6.31 -6.43 -6.529 -6.697 -6.719 -6.888 -7.078
33.0935 -5.641 -5.592 -5.666 -5.859 -6.002 -6.141 -5.78 -5.882 -6.004 -6.146 -6.287 -6.435 -5.877 -6.049 -6.221 -6.342 -6.453 -6.113 -6.256 -6.375 -6.475 -6.643 -6.664 -6.834 -7.024
33.8918 -5.587 -5.537 -5.612 -5.805 -5.948 -6.087 -5.726 -5.828 -5.95 -6.092 -6.232 -6.381 -5.823 -5.995 -6.167 -6.288 -6.398 -6.059 -6.201 -6.321 -6.42 -6.589 -6.61 -6.78 -6.97
34.7093 -5.533 -5.483 -5.558 -5.751 -5.893 -6.032 -5.672 -5.773 -5.896 -6.038 -6.178 -6.327 -5.768 -5.941 -6.113 -6.233 -6.344 -6.005 -6.147 -6.267 -6.366 -6.534 -6.556 -6.725 -6.916
35.5466 -5.478 -5.429 -5.504 -5.697 -5.839 -5.978 -5.617 -5.719 -5.842 -5.983 -6.124 -6.272 -5.714 -5.887 -6.059 -6.179 -6.29 -5.95 -6.093 -6.213 -6.312 -6.48 -6.502 -6.671 -6.861
36.4041 -5.424 -5.375 -5.45 -5.642 -5.785 -5.924 -5.563 -5.665 -5.787 -5.929 -6.07 -6.218 -5.66 -5.832 -6.004 -6.125 -6.236 -5.896 -6.039 -6.159 -6.258 -6.426 -6.448 -6.617 -6.807
37.2823 -5.37 -5.32 -5.395 -5.588 -5.731 -5.87 -5.509 -5.611 -5.733 -5.875 -6.015 -6.164 -5.606 -5.778 -5.95 -6.071 -6.181 -5.842 -5.985 -6.104 -6.203 -6.372 -6.393 -6.563 -6.753
38.1817 -5.316 -5.266 -5.341 -5.534 -5.676 -5.816 -5.455 -5.556 -5.679 -5.821 -5.961 -6.11 -5.551 -5.724 -5.896 -6.017 -6.127 -5.788 -5.93 -6.05 -6.149 -6.317 -6.339 -6.508 -6.699
39.1028 -5.261 -5.212 -5.287 -5.48 -5.622 -5.761 -5.401 -5.502 -5.625 -5.767 -5.907 -6.056 -5.497 -5.67 -5.842 -5.962 -6.073 -5.734 -5.876 -5.996 -6.095 -6.263 -6.285 -6.454 -6.645
40.046 -5.207 -5.158 -5.233 -5.426 -5.568 -5.707 -5.346 -5.448 -5.57 -5.712 -5.853 -6.001 -5.443 -5.616 -5.787 -5.908 -6.019 -5.679 -5.822 -5.942 -6.041 -6.209 -6.231 -6.4 -6.59
41.0121 -5.156 -5.107 -5.181 -5.374 -5.517 -5.656 -5.295 -5.397 -5.519 -5.661 -5.802 -5.95 -5.392 -5.564 -5.736 -5.857 -5.968 -5.628 -5.771 -5.89 -5.99 -6.158 -6.179 -6.349 -6.539
42.0014 -5.107 -5.058 -5.133 -5.326 -5.468 -5.607 -5.246 -5.348 -5.47 -5.612 -5.753 -5.901 -5.343 -5.515 -5.687 -5.808 -5.919 -5.579 -5.722 -5.842 -5.941 -6.109 -6.131 -6.3 -6.49
43.0146 -5.058 -5.009 -5.084 -5.277 -5.419 -5.558 -5.197 -5.299 -5.422 -5.563 -5.704 -5.852 -5.294 -5.467 -5.638 -5.759 -5.87 -5.53 -5.673 -5.793 -5.892 -6.06 -6.082 -6.251 -6.441
44.0523 -5.009 -4.96 -5.035 -5.228 -5.37 -5.509 -5.149 -5.25 -5.373 -5.515 -5.655 -5.804 -5.245 -5.418 -5.59 -5.71 -5.821 -5.482 -5.624 -5.744 -5.843 -6.011 -6.033 -6.202 -6.393
45.1149 -4.961 -4.911 -4.986 -5.179 -5.321 -5.461 -5.1 -5.201 -5.324 -5.466 -5.606 -5.755 -5.196 -5.369 -5.541 -5.661 -5.772 -5.433 -5.575 -5.695 -5.794 -5.962 -5.984 -6.153 -6.344
46.2033 -4.912 -4.862 -4.937 -5.13 -5.273 -5.412 -5.051 -5.153 -5.275 -5.417 -5.557 -5.706 -5.147 -5.32 -5.492 -5.613 -5.723 -5.384 -5.526 -5.646 -5.745 -5.913 -5.935 -6.105 -6.295
