web/models/grb/offaxis/15/grb_0.2967_13.8950_0.0015849.dat
# %ECSV 1.0
# ---
# datatype:
# - {name: time, datatype: float64}
# - {name: swift_uvot_uvw2, datatype: float64}
# - {name: swift_uvot_uvm2, datatype: float64}
# - {name: swift_uvot_uvw1, datatype: float64}
# - {name: swift_uvot_U, datatype: float64}
# - {name: swift_uvot_B, datatype: float64}
# - {name: swift_uvot_V, datatype: float64}
# - {name: swift_uvot_W, datatype: float64}
# - {name: johnson_U, datatype: float64}
# - {name: johnson_B, datatype: float64}
# - {name: johnson_V, datatype: float64}
# - {name: johnson_R, datatype: float64}
# - {name: johnson_I, datatype: float64}
# - {name: sdss_u, datatype: float64}
# - {name: sdss_g, datatype: float64}
# - {name: sdss_r, datatype: float64}
# - {name: sdss_i, datatype: float64}
# - {name: sdss_z, datatype: float64}
# - {name: PS1_g, datatype: float64}
# - {name: PS1_r, datatype: float64}
# - {name: PS1_i, datatype: float64}
# - {name: PS1_z, datatype: float64}
# - {name: PS1_Y, datatype: float64}
# - {name: ukirt_J, datatype: float64}
# - {name: ukirt_H, datatype: float64}
# - {name: ukirt_K, datatype: float64}
# meta: !!omap
# - comment: [E = 0.006029923955985727, Eta0 = 8.02, GammaB = 12.0, dL = 0.012188, epsb = 6.760829753919819e-06, epse = 0.1, n = 0.001584893192461114,
#     p = 2.15, theta_obs = 0.29670597283903605, xiN = 1.0, z = 0.0, type = grb, E_kiso = 13.894954943731374]
# schema: astropy-2.0
time swift_uvot_uvw2 swift_uvot_uvm2 swift_uvot_uvw1 swift_uvot_U swift_uvot_B swift_uvot_V swift_uvot_W johnson_U johnson_B johnson_V johnson_R johnson_I sdss_u sdss_g sdss_r sdss_i sdss_z PS1_g PS1_r PS1_i PS1_z PS1_Y ukirt_J ukirt_H ukirt_K
0.01 18.982 19.032 18.957 18.764 18.621 18.482 18.843 18.741 18.619 18.477 18.337 18.188 18.746 18.574 18.402 18.281 18.171 18.51 18.367 18.248 18.149 17.98 17.959 17.789 17.599
0.0102 18.419 18.468 18.393 18.2 18.058 17.919 18.28 18.178 18.055 17.914 17.773 17.625 18.183 18.01 17.839 17.718 17.607 17.947 17.804 17.684 17.585 17.417 17.395 17.226 17.036
0.0105 17.855 17.905 17.83 17.637 17.494 17.355 17.716 17.615 17.492 17.35 17.21 17.061 17.62 17.447 17.275 17.154 17.044 17.383 17.241 17.121 17.022 16.854 16.832 16.662 16.472
0.0107 17.292 17.341 17.266 17.073 16.931 16.792 17.153 17.051 16.929 16.787 16.646 16.498 17.056 16.884 16.712 16.591 16.48 16.82 16.677 16.557 16.458 16.29 16.268 16.099 15.909
0.011 16.728 16.778 16.703 16.51 16.368 16.229 16.589 16.488 16.365 16.223 16.083 15.934 16.493 16.32 16.148 16.028 15.917 16.256 16.114 15.994 15.895 15.727 15.705 15.536 15.345
0.0113 16.165 16.214 16.14 15.947 15.804 15.665 16.026 15.924 15.802 15.66 15.52 15.371 15.929 15.757 15.585 15.464 15.354 15.693 15.55 15.431 15.332 15.163 15.142 14.972 14.782
0.0115 15.602 15.651 15.576 15.383 15.241 15.102 15.463 15.361 15.238 15.097 14.956 14.808 15.366 15.193 15.021 14.901 14.79 15.13 14.987 14.867 14.768 14.6 14.578 14.409 14.219
0.0118 15.038 15.088 15.013 14.82 14.677 14.538 14.899 14.797 14.675 14.533 14.393 14.244 14.803 14.63 14.458 14.337 14.227 14.566 14.424 14.304 14.205 14.036 14.015 13.845 13.655
0.0121 14.475 14.524 14.449 14.256 14.114 13.975 14.336 14.234 14.112 13.97 13.829 13.681 14.239 14.067 13.895 13.774 13.663 14.003 13.86 13.74 13.641 13.473 13.451 13.282 13.092
0.0124 13.911 13.961 13.886 13.693 13.551 13.412 13.772 13.671 13.548 13.406 13.266 13.117 13.676 13.503 13.331 13.211 13.1 13.439 13.297 13.177 13.078 12.91 12.888 12.719 12.528
0.0127 13.756 13.806 13.731 13.538 13.396 13.256 13.617 13.516 13.393 13.251 13.111 12.962 13.521 13.348 13.176 13.055 12.945 13.284 13.142 13.022 12.923 12.755 12.733 12.564 12.373
0.013 13.612 13.661 13.587 13.394 13.251 13.112 13.473 13.371 13.249 13.107 12.966 12.818 13.376 13.204 13.032 12.911 12.801 13.14 12.997 12.878 12.779 12.61 12.589 12.419 12.229
0.0133 13.468 13.517 13.442 13.249 13.107 12.968 13.329 13.227 13.105 12.963 12.822 12.674 13.232 13.059 12.888 12.767 12.656 12.996 12.853 12.733 12.634 12.466 12.444 12.275 12.085
0.0136 13.323 13.373 13.298 13.105 12.963 12.824 13.184 13.083 12.96 12.818 12.678 12.529 13.088 12.915 12.743 12.623 12.512 12.851 12.709 12.589 12.49 12.322 12.3 12.131 11.94
0.014 13.179 13.229 13.154 12.961 12.818 12.679 13.04 12.938 12.816 12.674 12.534 12.385 12.943 12.771 12.599 12.478 12.368 12.707 12.565 12.445 12.346 12.177 12.156 11.986 11.796
0.0143 13.035 13.084 13.009 12.817 12.674 12.535 12.896 12.794 12.672 12.53 12.389 12.241 12.799 12.627 12.455 12.334 12.223 12.563 12.42 12.3 12.201 12.033 12.011 11.842 11.652
0.0146 12.891 12.94 12.865 12.672 12.53 12.391 12.752 12.65 12.527 12.386 12.245 12.097 12.655 12.482 12.31 12.19 12.079 12.419 12.276 12.156 12.057 11.889 11.867 11.698 11.507
0.015 12.746 12.796 12.721 12.528 12.386 12.246 12.607 12.506 12.383 12.241 12.101 11.952 12.511 12.338 12.166 12.045 11.935 12.274 12.132 12.012 11.913 11.745 11.723 11.554 11.363
0.0154 12.602 12.651 12.577 12.384 12.241 12.102 12.463 12.361 12.239 12.097 11.957 11.808 12.366 12.194 12.022 11.901 11.791 12.13 11.987 11.868 11.769 11.6 11.579 11.409 11.219
0.0157 12.485 12.535 12.46 12.267 12.125 11.985 12.346 12.245 12.122 11.98 11.84 11.691 12.25 12.077 11.905 11.785 11.674 12.013 11.871 11.751 11.652 11.484 11.462 11.293 11.102
0.0161 12.429 12.478 12.404 12.211 12.068 11.929 12.29 12.188 12.066 11.924 11.783 11.635 12.193 12.021 11.849 11.728 11.618 11.957 11.814 11.695 11.596 11.427 11.406 11.236 11.046
0.0165 12.373 12.422 12.347 12.154 12.012 11.873 12.234 12.132 12.009 11.868 11.727 11.579 12.137 11.964 11.793 11.672 11.561 11.901 11.758 11.638 11.539 11.371 11.349 11.18 10.99
0.0169 12.316 12.366 12.291 12.098 11.956 11.816 12.177 12.076 11.953 11.811 11.671 11.522 12.081 11.908 11.736 11.615 11.505 11.844 11.702 11.582 11.483 11.315 11.293 11.124 10.933
0.0173 12.26 12.309 12.234 12.042 11.899 11.76 12.121 12.019 11.897 11.755 11.614 11.466 12.024 11.852 11.68 11.559 11.448 11.788 11.645 11.525 11.426 11.258 11.236 11.067 10.877
0.0177 12.204 12.253 12.178 11.985 11.843 11.704 12.064 11.963 11.84 11.698 11.558 11.409 11.968 11.795 11.623 11.503 11.392 11.731 11.589 11.469 11.37 11.202 11.18 11.011 10.82
0.0181 12.147 12.197 12.122 11.929 11.786 11.647 12.008 11.906 11.784 11.642 11.502 11.353 11.911 11.739 11.567 11.446 11.336 11.675 11.533 11.413 11.314 11.145 11.124 10.954 10.764
0.0186 12.091 12.14 12.065 11.872 11.73 11.591 11.952 11.85 11.728 11.586 11.445 11.297 11.855 11.682 11.511 11.39 11.279 11.619 11.476 11.356 11.257 11.089 11.067 10.898 10.708
0.019 12.034 12.084 12.009 11.816 11.674 11.535 11.895 11.794 11.671 11.529 11.389 11.24 11.799 11.626 11.454 11.334 11.223 11.562 11.42 11.3 11.201 11.033 11.011 10.842 10.651
0.0195 11.978 12.027 11.953 11.76 11.617 11.478 11.839 11.737 11.615 11.473 11.333 11.184 11.742 11.57 11.398 11.277 11.167 11.506 11.363 11.244 11.145 10.976 10.955 10.785 10.595
0.02 11.909 11.959 11.884 11.691 11.548 11.409 11.77 11.668 11.546 11.404 11.264 11.115 11.673 11.501 11.329 11.208 11.098 11.437 11.295 11.175 11.076 10.907 10.886 10.716 10.526
0.0204 11.825 11.875 11.8 11.607 11.465 11.326 11.686 11.585 11.462 11.32 11.18 11.031 11.59 11.417 11.245 11.125 11.014 11.353 11.211 11.091 10.992 10.824 10.802 10.633 10.442
0.0209 11.742 11.791 11.716 11.523 11.381 11.242 11.603 11.501 11.378 11.237 11.096 10.948 11.506 11.333 11.162 11.041 10.93 11.27 11.127 11.007 10.908 10.74 10.718 10.549 10.359
0.0214 11.658 11.707 11.632 11.44 11.297 11.158 11.519 11.417 11.295 11.153 11.012 10.864 11.422 11.25 11.078 10.957 10.846 11.186 11.043 10.923 10.824 10.656 10.634 10.465 10.275
0.022 11.574 11.624 11.549 11.356 11.213 11.074 11.435 11.333 11.211 11.069 10.929 10.78 11.338 11.166 10.994 10.873 10.763 11.102 10.96 10.84 10.741 10.572 10.551 10.381 10.191
0.0225 11.49 11.54 11.465 11.272 11.13 10.991 11.351 11.25 11.127 10.985 10.845 10.696 11.255 11.082 10.91 10.79 10.679 11.018 10.876 10.756 10.657 10.489 10.467 10.298 10.107
0.023 11.407 11.456 11.381 11.188 11.046 10.907 11.268 11.166 11.043 10.902 10.761 10.613 11.171 10.998 10.827 10.706 10.595 10.935 10.792 10.672 10.573 10.405 10.383 10.214 10.024
0.0236 11.323 11.372 11.297 11.105 10.962 10.823 11.184 11.082 10.96 10.818 10.677 10.529 11.087 10.915 10.743 10.622 10.511 10.851 10.708 10.588 10.489 10.321 10.299 10.13 9.94
0.0242 11.239 11.289 11.214 11.021 10.878 10.739 11.1 10.998 10.876 10.734 10.594 10.445 11.003 10.831 10.659 10.538 10.428 10.767 10.625 10.505 10.406 10.237 10.216 10.046 9.856
0.0247 11.155 11.205 11.13 10.937 10.795 10.656 11.016 10.915 10.792 10.65 10.51 10.361 10.92 10.747 10.575 10.455 10.344 10.683 10.541 10.421 10.322 10.154 10.132 9.963 9.772
0.0253 10.932 10.982 10.907 10.714 10.572 10.433 10.793 10.692 10.569 10.427 10.287 10.138 10.697 10.524 10.352 10.232 10.121 10.46 10.318 10.198 10.099 9.931 9.909 9.74 9.549
0.0259 10.617 10.666 10.592 10.399 10.256 10.117 10.478 10.376 10.254 10.112 9.971 9.823 10.381 10.209 10.037 9.916 9.806 10.145 10.002 9.883 9.784 9.615 9.594 9.424 9.234
0.0266 10.302 10.351 10.276 10.083 9.941 9.802 10.162 10.061 9.938 9.796 9.656 9.507 10.066 9.893 9.721 9.601 9.49 9.829 9.687 9.567 9.468 9.3 9.278 9.109 8.918
0.0272 9.986 10.036 9.961 9.768 9.625 9.486 9.847 9.745 9.623 9.481 9.341 9.192 9.75 9.578 9.406 9.285 9.175 9.514 9.371 9.252 9.153 8.984 8.963 8.793 8.603
0.0279 9.671 9.72 9.645 9.452 9.31 9.171 9.531 9.43 9.307 9.166 9.025 8.876 9.435 9.262 9.09 8.97 8.859 9.199 9.056 8.936 8.837 8.669 8.647 8.478 8.287
0.0285 9.355 9.405 9.33 9.137 8.994 8.855 9.216 9.114 8.992 8.85 8.71 8.561 9.119 8.947 8.775 8.654 8.544 8.883 8.74 8.621 8.522 8.353 8.332 8.162 7.972
0.0292 9.04 9.089 9.014 8.821 8.679 8.54 8.901 8.799 8.676 8.535 8.394 8.246 8.804 8.631 8.459 8.339 8.228 8.568 8.425 8.305 8.206 8.038 8.016 7.847 7.657
0.0299 8.724 8.774 8.699 8.506 8.363 8.224 8.585 8.483 8.361 8.219 8.079 7.93 8.488 8.316 8.144 8.023 7.913 8.252 8.11 7.99 7.891 7.722 7.701 7.531 7.341
0.0307 8.409 8.458 8.383 8.19 8.048 7.909 8.27 8.168 8.045 7.904 7.763 7.615 8.173 8.0 7.829 7.708 7.597 7.937 7.794 7.674 7.575 7.407 7.385 7.216 7.026
0.0314 8.093 8.143 8.068 7.875 7.732 7.593 7.954 7.852 7.73 7.588 7.448 7.299 7.857 7.685 7.513 7.392 7.282 7.621 7.479 7.359 7.26 7.091 7.07 6.9 6.71
0.0322 7.911 7.96 7.885 7.692 7.55 7.411 7.771 7.67 7.547 7.405 7.265 7.116 7.675 7.502 7.33 7.21 7.099 7.438 7.296 7.176 7.077 6.909 6.887 6.718 6.527
0.0329 7.774 7.823 7.748 7.555 7.413 7.274 7.635 7.533 7.411 7.269 7.128 6.98 7.538 7.365 7.194 7.073 6.962 7.302 7.159 7.039 6.94 6.772 6.75 6.581 6.391
0.0337 7.637 7.686 7.611 7.418 7.276 7.137 7.498 7.396 7.274 7.132 6.991 6.843 7.401 7.229 7.057 6.936 6.825 7.165 7.022 6.902 6.803 6.635 6.613 6.444 6.254
0.0345 7.5 7.549 7.475 7.282 7.139 7.0 7.361 7.259 7.137 6.995 6.854 6.706 7.264 7.092 6.92 6.799 6.689 7.028 6.885 6.766 6.667 6.498 6.477 6.307 6.117
0.0354 7.363 7.413 7.338 7.145 7.002 6.863 7.224 7.122 7.0 6.858 6.718 6.569 7.127 6.955 6.783 6.662 6.552 6.891 6.749 6.629 6.53 6.361 6.34 6.17 5.98
0.0362 7.226 7.276 7.201 7.008 6.866 6.726 7.087 6.986 6.863 6.721 6.581 6.432 6.991 6.818 6.646 6.525 6.415 6.754 6.612 6.492 6.393 6.225 6.203 6.034 5.843
0.0371 7.089 7.139 7.064 6.871 6.729 6.59 6.95 6.849 6.726 6.584 6.444 6.295 6.854 6.681 6.509 6.389 6.278 6.617 6.475 6.355 6.256 6.088 6.066 5.897 5.706
0.038 6.953 7.002 6.927 6.734 6.592 6.453 6.814 6.712 6.589 6.448 6.307 6.159 6.717 6.544 6.373 6.252 6.141 6.481 6.338 6.218 6.119 5.951 5.929 5.76 5.57
0.0389 6.816 6.865 6.79 6.597 6.455 6.316 6.677 6.575 6.453 6.311 6.17 6.022 6.58 6.408 6.236 6.115 6.004 6.344 6.201 6.081 5.982 5.814 5.792 5.623 5.433
0.0398 6.679 6.728 6.654 6.461 6.318 6.179 6.54 6.438 6.316 6.174 6.033 5.885 6.443 6.271 6.099 5.978 5.867 6.207 6.064 5.945 5.846 5.677 5.656 5.486 5.296
0.0408 6.592 6.642 6.567 6.374 6.232 6.092 6.453 6.352 6.229 6.087 5.947 5.798 6.357 6.184 6.012 5.891 5.781 6.12 5.978 5.858 5.759 5.591 5.569 5.4 5.209
0.0418 6.512 6.562 6.487 6.294 6.151 6.012 6.373 6.271 6.149 6.007 5.867 5.718 6.276 6.104 5.932 5.811 5.701 6.04 5.897 5.778 5.679 5.51 5.489 5.319 5.129
0.0428 6.432 6.481 6.406 6.214 6.071 5.932 6.293 6.191 6.069 5.927 5.786 5.638 6.196 6.024 5.852 5.731 5.62 5.96 5.817 5.697 5.598 5.43 5.408 5.239 5.049
0.0438 6.352 6.401 6.326 6.133 5.991 5.852 6.213 6.111 5.988 5.847 5.706 5.558 6.116 5.943 5.772 5.651 5.54 5.88 5.737 5.617 5.518 5.35 5.328 5.159 4.969
0.0449 6.271 6.321 6.246 6.053 5.911 5.772 6.132 6.031 5.908 5.766 5.626 5.477 6.036 5.863 5.691 5.571 5.46 5.799 5.657 5.537 5.438 5.27 5.248 5.079 4.888
0.046 6.191 6.241 6.166 5.973 5.83 5.691 6.052 5.95 5.828 5.686 5.546 5.397 5.956 5.783 5.611 5.49 5.38 5.719 5.577 5.457 5.358 5.189 5.168 4.998 4.808
0.0471 6.111 6.16 6.086 5.893 5.75 5.611 5.972 5.87 5.748 5.606 5.465 5.317 5.875 5.703 5.531 5.41 5.3 5.639 5.496 5.377 5.278 5.109 5.088 4.918 4.728
0.0482 6.031 6.08 6.005 5.812 5.67 5.531 5.892 5.79 5.668 5.526 5.385 5.237 5.795 5.622 5.451 5.33 5.219 5.559 5.416 5.296 5.197 5.029 5.007 4.838 4.648
0.0494 5.951 6.0 5.925 5.732 5.59 5.451 5.811 5.71 5.587 5.446 5.305 5.156 5.715 5.542 5.37 5.25 5.139 5.478 5.336 5.216 5.117 4.949 4.927 4.758 4.567
0.0506 5.871 5.921 5.846 5.653 5.51 5.371 5.732 5.63 5.508 5.366 5.226 5.077 5.635 5.463 5.291 5.17 5.06 5.399 5.256 5.137 5.038 4.869 4.848 4.678 4.488
0.0518 5.816 5.865 5.79 5.597 5.455 5.316 5.677 5.575 5.453 5.311 5.17 5.022 5.58 5.407 5.236 5.115 5.004 5.344 5.201 5.081 4.982 4.814 4.792 4.623 4.433
0.053 5.76 5.81 5.735 5.542 5.4 5.26 5.621 5.52 5.397 5.255 5.115 4.966 5.525 5.352 5.18 5.06 4.949 5.288 5.146 5.026 4.927 4.759 4.737 4.568 4.377
0.0543 5.705 5.754 5.68 5.487 5.344 5.205 5.566 5.464 5.342 5.2 5.059 4.911 5.469 5.297 5.125 5.004 4.894 5.233 5.09 4.971 4.872 4.703 4.682 4.512 4.322
0.0556 5.65 5.699 5.624 5.431 5.289 5.15 5.511 5.409 5.287 5.145 5.004 4.856 5.414 5.241 5.07 4.949 4.838 5.178 5.035 4.915 4.816 4.648 4.626 4.457 4.267
0.057 5.594 5.644 5.569 5.376 5.234 5.094 5.455 5.354 5.231 5.089 4.949 4.8 5.359 5.186 5.014 4.893 4.783 5.122 4.98 4.86 4.761 4.593 4.571 4.402 4.211
0.0584 5.539 5.588 5.514 5.321 5.178 5.039 5.4 5.298 5.176 5.034 4.893 4.745 5.303 5.131 4.959 4.838 4.727 5.067 4.924 4.805 4.706 4.537 4.516 4.346 4.156
0.0598 5.484 5.533 5.458 5.265 5.123 4.984 5.345 5.243 5.12 4.979 4.838 4.69 5.248 5.075 4.903 4.783 4.672 5.012 4.869 4.749 4.65 4.482 4.46 4.291 4.101
0.0612 5.428 5.478 5.403 5.21 5.068 4.928 5.289 5.188 5.065 4.923 4.783 4.634 5.193 5.02 4.848 4.727 4.617 4.956 4.814 4.694 4.595 4.427 4.405 4.236 4.045
0.0627 5.373 5.422 5.348 5.155 5.012 4.873 5.234 5.132 5.01 4.868 4.727 4.579 5.137 4.965 4.793 4.672 4.561 4.901 4.758 4.638 4.539 4.371 4.35 4.18 3.99
0.0642 5.314 5.363 5.288 5.095 4.953 4.814 5.175 5.073 4.951 4.809 4.668 4.52 5.078 4.905 4.734 4.613 4.502 4.842 4.699 4.579 4.48 4.312 4.29 4.121 3.931
0.0657 5.236 5.286 5.211 5.018 4.875 4.736 5.097 4.995 4.873 4.731 4.591 4.442 5.001 4.828 4.656 4.535 4.425 4.764 4.622 4.502 4.403 4.234 4.213 4.043 3.853
0.0673 5.159 5.208 5.133 4.94 4.798 4.659 5.02 4.918 4.796 4.654 4.513 4.365 4.923 4.75 4.579 4.458 4.347 4.687 4.544 4.424 4.325 4.157 4.135 3.966 3.776
0.0689 5.081 5.131 5.056 4.863 4.72 4.581 4.942 4.84 4.718 4.576 4.436 4.287 4.845 4.673 4.501 4.38 4.27 4.609 4.467 4.347 4.248 4.079 4.058 3.888 3.698
0.0706 5.004 5.053 4.978 4.785 4.643 4.504 4.865 4.763 4.64 4.499 4.358 4.21 4.768 4.595 4.423 4.303 4.192 4.532 4.389 4.269 4.17 4.002 3.98 3.811 3.621
0.0723 4.926 4.976 4.901 4.708 4.565 4.426 4.787 4.685 4.563 4.421 4.281 4.132 4.69 4.518 4.346 4.225 4.115 4.454 4.311 4.192 4.093 3.924 3.903 3.733 3.543
0.0741 4.849 4.898 4.823 4.63 4.488 4.349 4.709 4.608 4.485 4.344 4.203 4.054 4.613 4.44 4.268 4.148 4.037 4.377 4.234 4.114 4.015 3.847 3.825 3.656 3.465
0.0758 4.771 4.82 4.746 4.553 4.41 4.271 4.632 4.53 4.408 4.266 4.126 3.977 4.535 4.363 4.191 4.07 3.96 4.299 4.156 4.037 3.938 3.769 3.748 3.578 3.388
0.0777 4.693 4.743 4.668 4.475 4.333 4.194 4.554 4.453 4.33 4.188 4.048 3.899 4.458 4.285 4.113 3.993 3.882 4.221 4.079 3.959 3.86 3.692 3.67 3.501 3.31
0.0795 4.616 4.665 4.591 4.398 4.255 4.116 4.477 4.375 4.253 4.111 3.97 3.822 4.38 4.208 4.036 3.915 3.804 4.144 4.001 3.882 3.783 3.614 3.593 3.423 3.233
0.0815 4.542 4.591 4.516 4.323 4.181 4.042 4.403 4.301 4.179 4.037 3.896 3.748 4.306 4.134 3.962 3.841 3.73 4.07 3.927 3.807 3.708 3.54 3.518 3.349 3.159
0.0834 4.475 4.524 4.45 4.257 4.114 3.975 4.336 4.234 4.112 3.97 3.829 3.681 4.239 4.067 3.895 3.774 3.664 4.003 3.86 3.741 3.642 3.473 3.452 3.282 3.092
0.0854 4.408 4.458 4.383 4.19 4.047 3.908 4.269 4.167 4.045 3.903 3.763 3.614 4.173 4.0 3.828 3.707 3.597 3.936 3.794 3.674 3.575 3.406 3.385 3.215 3.025
0.0875 4.341 4.391 4.316 4.123 3.981 3.842 4.202 4.101 3.978 3.836 3.696 3.547 4.106 3.933 3.761 3.641 3.53 3.869 3.727 3.607 3.508 3.34 3.318 3.149 2.958
0.0896 4.275 4.324 4.249 4.056 3.914 3.775 4.136 4.034 3.911 3.77 3.629 3.481 4.039 3.866 3.694 3.574 3.463 3.803 3.66 3.54 3.441 3.273 3.251 3.082 2.892
0.0918 4.208 4.257 4.182 3.989 3.847 3.708 4.069 3.967 3.845 3.703 3.562 3.414 3.972 3.8 3.628 3.507 3.396 3.736 3.593 3.473 3.374 3.206 3.184 3.015 2.825
0.094 4.141 4.19 4.116 3.923 3.78 3.641 4.002 3.9 3.778 3.636 3.496 3.347 3.905 3.733 3.561 3.44 3.33 3.669 3.526 3.407 3.308 3.139 3.118 2.948 2.758
0.0963 4.074 4.124 4.049 3.856 3.713 3.574 3.935 3.833 3.711 3.569 3.429 3.28 3.839 3.666 3.494 3.373 3.263 3.602 3.46 3.34 3.241 3.072 3.051 2.881 2.691
0.0986 4.007 4.057 3.982 3.789 3.647 3.508 3.868 3.767 3.644 3.502 3.362 3.213 3.772 3.599 3.427 3.307 3.196 3.535 3.393 3.273 3.174 3.006 2.984 2.815 2.624
