web/models/grb/offaxis/15/grb_0.2967_0.2683_0.3981072.dat
# %ECSV 1.0
# ---
# datatype:
# - {name: time, datatype: float64}
# - {name: swift_uvot_uvw2, datatype: float64}
# - {name: swift_uvot_uvm2, datatype: float64}
# - {name: swift_uvot_uvw1, datatype: float64}
# - {name: swift_uvot_U, datatype: float64}
# - {name: swift_uvot_B, datatype: float64}
# - {name: swift_uvot_V, datatype: float64}
# - {name: swift_uvot_W, datatype: float64}
# - {name: johnson_U, datatype: float64}
# - {name: johnson_B, datatype: float64}
# - {name: johnson_V, datatype: float64}
# - {name: johnson_R, datatype: float64}
# - {name: johnson_I, datatype: float64}
# - {name: sdss_u, datatype: float64}
# - {name: sdss_g, datatype: float64}
# - {name: sdss_r, datatype: float64}
# - {name: sdss_i, datatype: float64}
# - {name: sdss_z, datatype: float64}
# - {name: PS1_g, datatype: float64}
# - {name: PS1_r, datatype: float64}
# - {name: PS1_i, datatype: float64}
# - {name: PS1_z, datatype: float64}
# - {name: PS1_Y, datatype: float64}
# - {name: PS1_w, datatype: float64}
# - {name: ATLAS_c, datatype: float64}
# - {name: ATLAS_o, datatype: float64}
# - {name: ukirt_J, datatype: float64}
# - {name: ukirt_H, datatype: float64}
# - {name: ukirt_K, datatype: float64}
# - {name: Clear, datatype: float64}
# meta: !!omap
# - comment: [E = 0.00011641960487160349, Eta0 = 8.02, GammaB = 12.0, dL = 0.012188, epsb = 6.760829753919819e-06, epse = 0.1, n = 0.3981071705534969,
#     p = 2.15, theta_obs = 0.29670597283903605, xiN = 1.0, z = 0.0, type = grb, E_kiso = 0.2682695795279726]
# schema: astropy-2.0
time swift_uvot_uvw2 swift_uvot_uvm2 swift_uvot_uvw1 swift_uvot_U swift_uvot_B swift_uvot_V swift_uvot_W johnson_U johnson_B johnson_V johnson_R johnson_I sdss_u sdss_g sdss_r sdss_i sdss_z PS1_g PS1_r PS1_i PS1_z PS1_Y PS1_w ATLAS_c ATLAS_o ukirt_J ukirt_H ukirt_K Clear
[from data line 426]
257.0572 31.519 31.568 31.493 31.3 31.158 31.019 31.379 31.278 31.155 31.013 30.873 30.724 31.283 31.11 30.938 30.818 30.707 31.046 30.904 30.784 30.685 30.517 30.941 31.036 30.883 30.495 30.326 30.135 30.85
263.2582 31.832 31.882 31.807 31.614 31.471 31.332 31.693 31.591 31.469 31.327 31.187 31.038 31.596 31.424 31.252 31.131 31.021 31.36 31.217 31.098 30.999 30.83 31.254 31.349 31.197 30.809 30.639 30.449 31.164
269.6088 32.146 32.195 32.12 31.927 31.785 31.646 32.007 31.905 31.782 31.641 31.5 31.352 31.91 31.737 31.566 31.445 31.334 31.674 31.531 31.411 31.312 31.144 31.568 31.663 31.51 31.122 30.953 30.763 31.478
276.1126 32.459 32.509 32.434 32.241 32.098 31.959 32.32 32.218 32.096 31.954 31.814 31.665 32.223 32.051 31.879 31.758 31.648 31.987 31.845 31.725 31.626 31.457 31.881 31.977 31.824 31.436 31.266 31.076 31.791
282.7734 32.773 32.822 32.747 32.554 32.412 32.273 32.634 32.532 32.41 32.268 32.127 31.979 32.537 32.364 32.193 32.072 31.961 32.301 32.158 32.038 31.939 31.771 32.195 32.29 32.137 31.749 31.58 31.39 32.105
289.5947 33.086 33.136 33.061 32.868 32.726 32.586 32.947 32.846 32.723 32.581 32.441 32.292 32.851 32.678 32.506 32.386 32.275 32.614 32.472 32.352 32.253 32.085 32.508 32.604 32.451 32.063 31.894 31.703 32.418
296.5807 33.4 33.449 33.375 33.182 33.039 32.9 33.261 33.159 33.037 32.895 32.754 32.606 33.164 32.992 32.82 32.699 32.588 32.928 32.785 32.665 32.566 32.398 32.822 32.917 32.764 32.376 32.207 32.017 32.732
303.7351 33.713 33.763 33.688 33.495 33.353 33.214 33.574 33.473 33.35 33.208 33.068 32.919 33.478 33.305 33.133 33.013 32.902 33.241 33.099 32.979 32.88 32.712 33.136 33.231 33.078 32.69 32.521 32.33 33.045
311.0622 34.027 34.076 34.002 33.809 33.666 33.527 33.888 33.786 33.664 33.522 33.382 33.233 33.791 33.619 33.447 33.326 33.216 33.555 33.412 33.293 33.194 33.025 33.449 33.544 33.392 33.004 32.834 32.644 33.359
318.566 34.341 34.39 34.315 34.122 33.98 33.841 34.202 34.1 33.977 33.836 33.695 33.547 34.105 33.932 33.76 33.64 33.529 33.869 33.726 33.606 33.507 33.339 33.763 33.858 33.705 33.317 33.148 32.957 33.672
326.2508 34.654 34.704 34.629 34.436 34.293 34.154 34.515 34.413 34.291 34.149 34.009 33.86 34.418 34.246 34.074 33.953 33.843 34.182 34.04 33.92 33.821 33.652 34.076 34.171 34.019 33.631 33.461 33.271 33.986
334.121 34.968 35.017 34.942 34.749 34.607 34.468 34.829 34.727 34.605 34.463 34.322 34.174 34.732 34.559 34.388 34.267 34.156 34.496 34.353 34.233 34.134 33.966 34.39 34.485 34.332 33.944 33.775 33.585 34.3
342.181 35.281 35.331 35.256 35.063 34.921 34.781 35.142 35.041 34.918 34.776 34.636 34.487 35.046 34.873 34.701 34.58 34.47 34.809 34.667 34.547 34.448 34.28 34.703 34.799 34.646 34.258 34.089 33.898 34.613
350.4355 35.595 35.644 35.569 35.377 35.234 35.095 35.456 35.354 35.232 35.09 34.949 34.801 35.359 35.187 35.015 34.894 34.783 35.123 34.98 34.86 34.761 34.593 35.017 35.112 34.959 34.571 34.402 34.212 34.927
358.8891 35.908 35.958 35.883 35.69 35.548 35.409 35.769 35.668 35.545 35.403 35.263 35.114 35.673 35.5 35.328 35.208 35.097 35.436 35.294 35.174 35.075 34.907 35.331 35.426 35.273 34.885 34.716 34.525 35.24
367.5467 36.222 36.271 36.197 36.004 35.861 35.722 36.083 35.981 35.859 35.717 35.576 35.428 35.986 35.814 35.642 35.521 35.411 35.75 35.607 35.488 35.389 35.22 35.644 35.739 35.587 35.199 35.029 34.839 35.554
376.4131 36.536 36.585 36.51 36.317 36.175 36.036 36.396 36.295 36.172 36.031 35.89 35.741 36.3 36.127 35.955 35.835 35.724 36.064 35.921 35.801 35.702 35.534 35.958 36.053 35.9 35.512 35.343 35.152 35.867
385.4933 36.849 36.899 36.824 36.631 36.488 36.349 36.71 36.608 36.486 36.344 36.204 36.055 36.613 36.441 36.269 36.148 36.038 36.377 36.235 36.115 36.016 35.847 36.271 36.366 36.214 35.826 35.656 35.466 36.181
394.7926 37.163 37.212 37.137 36.944 36.802 36.663 37.024 36.922 36.8 36.658 36.517 36.369 36.927 36.754 36.583 36.462 36.351 36.691 36.548 36.428 36.329 36.161 36.585 36.68 36.527 36.139 35.97 35.78 36.495
404.3163 37.476 37.526 37.451 37.258 37.116 36.976 37.337 37.236 37.113 36.971 36.831 36.682 37.241 37.068 36.896 36.775 36.665 37.004 36.862 36.742 36.643 36.475 36.898 36.994 36.841 36.453 36.284 36.093 36.808
414.0697 37.79 37.839 37.764 37.571 37.429 37.29 37.651 37.549 37.427 37.285 37.144 36.996 37.554 37.382 37.21 37.089 36.978 37.318 37.175 37.055 36.956 36.788 37.212 37.307 37.154 36.766 36.597 36.407 37.122
424.0583 38.103 38.153 38.078 37.885 37.743 37.604 37.964 37.863 37.74 37.598 37.458 37.309 37.868 37.695 37.523 37.403 37.292 37.631 37.489 37.369 37.27 37.102 37.526 37.621 37.468 37.08 36.911 36.72 37.435
434.2879 38.417 38.466 38.392 38.199 38.056 37.917 38.278 38.176 38.054 37.912 37.771 37.623 38.181 38.009 37.837 37.716 37.606 37.945 37.802 37.683 37.584 37.415 37.839 37.934 37.782 37.394 37.224 37.034 37.749
444.7643 38.731 38.78 38.705 38.512 38.37 38.231 38.591 38.49 38.367 38.226 38.085 37.936 38.495 38.322 38.15 38.03 37.919 38.259 38.116 37.996 37.897 37.729 38.153 38.248 38.095 37.707 37.538 37.347 38.062
455.4934 39.044 39.094 39.019 38.826 38.683 38.544 38.905 38.803 38.681 38.539 38.399 38.25 38.808 38.636 38.464 38.343 38.233 38.572 38.43 38.31 38.211 38.042 38.466 38.561 38.409 38.021 37.851 37.661 38.376
466.4814 39.358 39.407 39.332 39.139 38.997 38.858 39.219 39.117 38.995 38.853 38.712 38.564 39.122 38.949 38.778 38.657 38.546 38.886 38.743 38.623 38.524 38.356 38.78 38.875 38.722 38.334 38.165 37.975 38.69
477.7344 39.671 39.721 39.646 39.453 39.31 39.171 39.532 39.431 39.308 39.166 39.026 38.877 39.436 39.263 39.091 38.97 38.86 39.199 39.057 38.937 38.838 38.67 39.093 39.189 39.036 38.648 38.478 38.288 39.003
489.2588 39.985 40.034 39.959 39.766 39.624 39.485 39.846 39.744 39.622 39.48 39.339 39.191 39.749 39.577 39.405 39.284 39.173 39.513 39.37 39.25 39.151 38.983 39.407 39.502 39.349 38.961 38.792 38.602 39.317
501.0613 40.298 40.348 40.273 40.08 39.938 39.798 40.159 40.058 39.935 39.793 39.653 39.504 40.063 39.89 39.718 39.598 39.487 39.826 39.684 39.564 39.465 39.297 39.721 39.816 39.663 39.275 39.106 38.915 39.63
513.1485 40.612 40.661 40.587 40.394 40.251 40.112 40.473 40.371 40.249 40.107 39.966 39.818 40.376 40.204 40.032 39.911 39.8 40.14 39.997 39.878 39.778 39.61 40.034 40.129 39.976 39.589 39.419 39.229 39.944
525.5272 40.926 40.975 40.9 40.707 40.565 40.426 40.786 40.685 40.562 40.42 40.28 40.131 40.69 40.517 40.345 40.225 40.114 40.453 40.311 40.191 40.092 39.924 40.348 40.443 40.29 39.902 39.733 39.542 40.257
538.2046 41.239 41.289 41.214 41.021 40.878 40.739 41.1 40.998 40.876 40.734 40.594 40.445 41.003 40.831 40.659 40.538 40.428 40.767 40.624 40.505 40.406 40.237 40.661 40.756 40.604 40.216 40.046 39.856 40.571
551.1878 41.553 41.602 41.527 41.334 41.192 41.053 41.414 41.312 41.189 41.048 40.907 40.759 41.317 41.144 40.973 40.852 40.741 41.081 40.938 40.818 40.719 40.551 40.975 41.07 40.917 40.529 40.36 40.17 40.885
564.4842 41.866 41.916 41.841 41.648 41.505 41.366 41.727 41.625 41.503 41.361 41.221 41.072 41.631 41.458 41.286 41.165 41.055 41.394 41.252 41.132 41.033 40.864 41.288 41.384 41.231 40.843 40.673 40.483 41.198
578.1013 42.18 42.229 42.154 41.961 41.819 41.68 42.041 41.939 41.817 41.675 41.534 41.386 41.944 41.771 41.6 41.479 41.368 41.708 41.565 41.445 41.346 41.178 41.602 41.697 41.544 41.156 40.987 40.797 41.512
592.0469 42.493 42.543 42.468 42.275 42.133 41.993 42.354 42.253 42.13 41.988 41.848 41.699 42.258 42.085 41.913 41.793 41.682 42.021 41.879 41.759 41.66 41.492 41.915 42.011 41.858 41.47 41.301 41.11 41.825
606.329 42.807 42.856 42.782 42.589 42.446 42.307 42.668 42.566 42.444 42.302 42.161 42.013 42.571 42.399 42.227 42.106 41.995 42.335 42.192 42.072 41.973 41.805 42.229 42.324 42.171 41.783 41.614 41.424 42.139
620.9555 43.12 43.17 43.095 42.902 42.76 42.621 42.981 42.88 42.757 42.615 42.475 42.326 42.885 42.712 42.54 42.42 42.309 42.648 42.506 42.386 42.287 42.119 42.543 42.638 42.485 42.097 41.928 41.737 42.452
635.9349 43.434 43.484 43.409 43.216 43.073 42.934 43.295 43.193 43.071 42.929 42.789 42.64 43.198 43.026 42.854 42.733 42.623 42.962 42.819 42.7 42.601 42.432 42.856 42.951 42.799 42.411 42.241 42.051 42.766
651.2757 43.748 43.797 43.722 43.529 43.387 43.248 43.609 43.507 43.384 43.243 43.102 42.954 43.512 43.339 43.167 43.047 42.936 43.276 43.133 43.013 42.914 42.746 43.17 43.265 43.112 42.724 42.555 42.365 43.08
666.9865 44.061 44.111 44.036 43.843 43.7 43.561 43.922 43.82 43.698 43.556 43.416 43.267 43.825 43.653 43.481 43.36 43.25 43.589 43.447 43.327 43.228 43.059 43.483 43.579 43.426 43.038 42.868 42.678 43.393
683.0763 44.375 44.424 44.349 44.156 44.014 43.875 44.236 44.134 44.012 43.87 43.729 43.581 44.139 43.966 43.795 43.674 43.563 43.903 43.76 43.64 43.541 43.373 43.797 43.892 43.739 43.351 43.182 42.992 43.707
699.5543 44.688 44.738 44.663 44.47 44.328 44.188 44.549 44.448 44.325 44.183 44.043 43.894 44.453 44.28 44.108 43.987 43.877 44.216 44.074 43.954 43.855 43.687 44.11 44.206 44.053 43.665 43.496 43.305 44.02
716.4297 45.002 45.051 44.977 44.784 44.641 44.502 44.863 44.761 44.639 44.497 44.356 44.208 44.766 44.594 44.422 44.301 44.19 44.53 44.387 44.267 44.168 44.0 44.424 44.519 44.366 43.978 43.809 43.619 44.334
733.7123 45.315 45.365 45.29 45.097 44.955 44.816 45.176 45.075 44.952 44.81 44.67 44.521 45.08 44.907 44.735 44.615 44.504 44.843 44.701 44.581 44.482 44.314 44.738 44.833 44.68 44.292 44.123 43.932 44.647
751.4117 45.629 45.678 45.604 45.411 45.268 45.129 45.49 45.388 45.266 45.124 44.984 44.835 45.393 45.221 45.049 44.928 44.818 45.157 45.014 44.895 44.796 44.627 45.051 45.146 44.994 44.606 44.436 44.246 44.961
769.5381 45.943 45.992 45.917 45.724 45.582 45.443 45.804 45.702 45.579 45.438 45.297 45.149 45.707 45.534 45.362 45.242 45.131 45.471 45.328 45.208 45.109 44.941 45.365 45.46 45.307 44.919 44.75 44.559 45.274
788.1018 46.256 46.306 46.231 46.038 45.895 45.756 46.117 46.015 45.893 45.751 45.611 45.462 46.02 45.848 45.676 45.555 45.445 45.784 45.642 45.522 45.423 45.254 45.678 45.773 45.621 45.233 45.063 44.873 45.588
807.1133 46.57 46.619 46.544 46.351 46.209 46.07 46.431 46.329 46.207 46.065 45.924 45.776 46.334 46.161 45.99 45.869 45.758 46.098 45.955 45.835 45.736 45.568 45.992 46.087 45.934 45.546 45.377 45.187 45.902
826.5834 46.883 46.933 46.858 46.665 46.523 46.383 46.744 46.643 46.52 46.378 46.238 46.089 46.648 46.475 46.303 46.182 46.072 46.411 46.269 46.149 46.05 45.882 46.305 46.401 46.248 45.86 45.691 45.5 46.215
846.5232 47.197 47.246 47.171 46.979 46.836 46.697 47.058 46.956 46.834 46.692 46.551 46.403 46.961 46.789 46.617 46.496 46.385 46.725 46.582 46.462 46.363 46.195 46.619 46.714 46.561 46.173 46.004 45.814 46.529
866.944 47.51 47.56 47.485 47.292 47.15 47.011 47.371 47.27 47.147 47.005 46.865 46.716 47.275 47.102 46.93 46.81 46.699 47.038 46.896 46.776 46.677 46.509 46.933 47.028 46.875 46.487 46.318 46.127 46.842
887.8575 47.824 47.873 47.799 47.606 47.463 47.324 47.685 47.583 47.461 47.319 47.178 47.03 47.588 47.416 47.244 47.123 47.013 47.352 47.209 47.09 46.991 46.822 47.246 47.341 47.189 46.801 46.631 46.441 47.156
909.2754 48.138 48.187 48.112 47.919 47.777 47.638 47.998 47.897 47.774 47.633 47.492 47.343 47.902 47.729 47.557 47.437 47.326 47.666 47.523 47.403 47.304 47.136 47.56 47.655 47.502 47.114 46.945 46.754 47.469
931.21 48.451 48.501 48.426 48.233 48.09 47.951 48.312 48.21 48.088 47.946 47.806 47.657 48.215 48.043 47.871 47.75 47.64 47.979 47.837 47.717 47.618 47.449 47.873 47.968 47.816 47.428 47.258 47.068 47.783
953.6737 48.765 48.814 48.739 48.546 48.404 48.265 48.626 48.524 48.402 48.26 48.119 47.971 48.529 48.356 48.185 48.064 47.953 48.293 48.15 48.03 47.931 47.763 48.187 48.282 48.129 47.741 47.572 47.382 48.097
976.6793 49.078 49.128 49.053 48.86 48.718 48.578 48.939 48.838 48.715 48.573 48.433 48.284 48.843 48.67 48.498 48.377 48.267 48.606 48.464 48.344 48.245 48.077 48.5 48.596 48.443 48.055 47.886 47.695 48.41
1000.2399 49.392 49.441 49.366 49.173 49.031 48.892 49.253 49.151 49.029 48.887 48.746 48.598 49.156 48.984 48.812 48.691 48.58 48.92 48.777 48.657 48.558 48.39 48.814 48.909 48.756 48.368 48.199 48.009 48.724
1024.3688 49.705 49.755 49.68 49.487 49.345 49.206 49.566 49.465 49.342 49.2 49.06 48.911 49.47 49.297 49.125 49.005 48.894 49.233 49.091 48.971 48.872 48.704 49.128 49.223 49.07 48.682 48.513 48.322 49.037
1049.0798 50.019 50.068 49.994 49.801 49.658 49.519 49.88 49.778 49.656 49.514 49.373 49.225 49.783 49.611 49.439 49.318 49.207 49.547 49.404 49.285 49.186 49.017 49.441 49.536 49.384 48.996 48.826 48.636 49.351
1074.3869 50.333 50.382 50.307 50.114 49.972 49.833 50.193 50.092 49.969 49.828 49.687 49.538 50.097 49.924 49.752 49.632 49.521 49.86 49.718 49.598 49.499 49.331 49.755 49.85 49.697 49.309 49.14 48.949 49.664
1100.3045 50.646 50.696 50.621 50.428 50.285 50.146 50.507 50.405 50.283 50.141 50.001 49.852 50.41 50.238 50.066 49.945 49.835 50.174 50.031 49.912 49.813 49.644 50.068 50.163 50.011 49.623 49.453 49.263 49.978
1126.8473 50.96 51.009 50.934 50.741 50.599 50.46 50.821 50.719 50.597 50.455 50.314 50.166 50.724 50.551 50.38 50.259 50.148 50.488 50.345 50.225 50.126 49.958 50.382 50.477 50.324 49.936 49.767 49.577 50.292
1154.0304 51.273 51.323 51.248 51.055 50.912 50.773 51.134 51.033 50.91 50.768 50.628 50.479 51.038 50.865 50.693 50.572 50.462 50.801 50.659 50.539 50.44 50.272 50.695 50.791 50.638 50.25 50.08 49.89 50.605
1181.8693 51.587 51.636 51.561 51.368 51.226 51.087 51.448 51.346 51.224 51.082 50.941 50.793 51.351 51.179 51.007 50.886 50.775 51.115 50.972 50.852 50.753 50.585 51.009 51.104 50.951 50.563 50.394 50.204 50.919
1210.3797 51.9 51.95 51.875 51.682 51.54 51.4 51.761 51.66 51.537 51.395 51.255 51.106 51.665 51.492 51.32 51.2 51.089 51.428 51.286 51.166 51.067 50.899 51.323 51.418 51.265 50.877 50.708 50.517 51.232
1239.5778 52.214 52.263 52.189 51.996 51.853 51.714 52.075 51.973 51.851 51.709 51.568 51.42 51.978 51.806 51.634 51.513 51.402 51.742 51.599 51.48 51.38 51.212 51.636 51.731 51.578 51.191 51.021 50.831 51.546
1269.4803 52.528 52.577 52.502 52.309 52.167 52.028 52.388 52.287 52.164 52.022 51.882 51.733 52.292 52.119 51.947 51.827 51.716 52.055 51.913 51.793 51.694 51.526 51.95 52.045 51.892 51.504 51.335 51.144 51.859
1300.1042 52.841 52.891 52.816 52.623 52.48 52.341 52.702 52.6 52.478 52.336 52.196 52.047 52.605 52.433 52.261 52.14 52.03 52.369 52.226 52.107 52.008 51.839 52.263 52.358 52.206 51.818 51.648 51.458 52.173
1331.4668 53.155 53.204 53.129 52.936 52.794 52.655 53.016 52.914 52.791 52.65 52.509 52.361 52.919 52.746 52.575 52.454 52.343 52.683 52.54 52.42 52.321 52.153 52.577 52.672 52.519 52.131 51.962 51.772 52.487
1363.586 53.468 53.518 53.443 53.25 53.107 52.968 53.329 53.227 53.105 52.963 52.823 52.674 53.233 53.06 52.888 52.767 52.657 52.996 52.854 52.734 52.635 52.466 52.89 52.986 52.833 52.445 52.275 52.085 52.8
1396.48 53.782 53.831 53.756 53.563 53.421 53.282 53.643 53.541 53.419 53.277 53.136 52.988 53.546 53.373 53.202 53.081 52.97 53.31 53.167 53.047 52.948 52.78 53.204 53.299 53.146 52.758 52.589 52.399 53.114
1430.1675 54.095 54.145 54.07 53.877 53.735 53.595 53.956 53.855 53.732 53.59 53.45 53.301 53.86 53.687 53.515 53.395 53.284 53.623 53.481 53.361 53.262 53.094 53.517 53.613 53.46 53.072 52.903 52.712 53.427
1464.6676 54.409 54.458 54.384 54.191 54.048 53.909 54.27 54.168 54.046 53.904 53.763 53.615 54.173 54.001 53.829 53.708 53.597 53.937 53.794 53.674 53.575 53.407 53.831 53.926 53.773 53.385 53.216 53.026 53.741
1500.0 54.722 54.772 54.697 54.504 54.362 54.223 54.583 54.482 54.359 54.217 54.077 53.928 54.487 54.314 54.142 54.022 53.911 54.25 54.108 53.988 53.889 53.721 54.145 54.24 54.087 53.699 53.53 53.339 54.054
