web/models/kne/2/Metzger_0.006880_0.111034_0.450000.dat
# %ECSV 0.9
# ---
# datatype:
# - {name: time, datatype: float64}
# - {name: sdss_u, datatype: float64}
# - {name: sdss_g, datatype: float64}
# - {name: sdss_r, datatype: float64}
# - {name: sdss_i, datatype: float64}
# - {name: sdss_z, datatype: float64}
# - {name: PS1_y, datatype: float64}
# - {name: ukirt_J, datatype: float64}
# - {name: ukirt_H, datatype: float64}
# - {name: ukirt_K, datatype: float64}
# - {name: johnson_U, datatype: float64}
# - {name: johnson_B, datatype: float64}
# - {name: johnson_V, datatype: float64}
# - {name: johnson_R, datatype: float64}
# - {name: johnson_I, datatype: float64}
# - {name: Clear, datatype: float64}
# meta: !!omap
# - comment: [vej = 0.11103448275862068, mej = 0.006880363458522626, Ye = 0.45, redshift = 0.0]
# schema: astropy-2.0
time sdss_u sdss_g sdss_r sdss_i sdss_z PS1_y ukirt_J ukirt_H ukirt_K johnson_U johnson_B johnson_V johnson_R johnson_I Clear
[from data line 2576]
128.900000 534.343708 389.616089 297.923001 239.497137 203.761095 181.358791 135.854740 95.214960 68.365235 516.998290 429.972621 336.429499 286.756780 200.157658 294.249951
128.950000 534.549086 389.768240 298.041359 239.593913 203.844644 181.434032 135.913059 95.258079 68.398235 517.197293 430.139626 336.562057 286.871017 200.239871 294.366953
129.000000 534.754460 389.920389 298.159715 239.690688 203.928191 181.509273 135.971377 95.301197 68.431234 517.396294 430.306627 336.694614 286.985252 200.322083 294.483954
129.050000 534.959831 390.072536 298.278069 239.787462 204.011737 181.584512 136.029694 95.344316 68.464232 517.595291 430.473627 336.827169 287.099486 200.404294 294.600953
129.100000 535.165199 390.224681 298.396422 239.884235 204.095282 181.659750 136.088011 95.387434 68.497231 517.794286 430.640624 336.959721 287.213718 200.486504 294.717950
129.150000 535.370564 390.376823 298.514773 239.981006 204.178826 181.734988 136.146327 95.430551 68.530229 517.993277 430.807618 337.092272 287.327948 200.568712 294.834946
129.200000 535.575926 390.528964 298.633122 240.077776 204.262369 181.810224 136.204642 95.473668 68.563227 518.192265 430.974610 337.224821 287.442177 200.650920 294.951940
129.250000 535.781284 390.681101 298.751470 240.174544 204.345911 181.885460 136.262957 95.516785 68.596225 518.391251 431.141599 337.357369 287.556404 200.733126 295.068933
129.300000 535.986640 390.833237 298.869816 240.271312 204.429451 181.960694 136.321271 95.559901 68.629223 518.590233 431.308586 337.489914 287.670629 200.815332 295.185923
129.350000 536.191992 390.985371 298.988160 240.368077 204.512991 182.035928 136.379584 95.603017 68.662220 518.789213 431.475571 337.622457 287.784853 200.897536 295.302913
129.400000 536.397341 391.137502 299.106503 240.464842 204.596530 182.111160 136.437897 95.646132 68.695217 518.988189 431.642553 337.754999 287.899076 200.979740 295.419900
129.450000 536.602688 391.289631 299.224844 240.561605 204.680067 182.186392 136.496209 95.689247 68.728214 519.187162 431.809532 337.887538 288.013296 201.061942 295.536886
129.500000 536.808031 391.441758 299.343184 240.658368 204.763603 182.261623 136.554520 95.732362 68.761211 519.386133 431.976509 338.020076 288.127516 201.144143 295.653870
129.550000 537.013371 391.593883 299.461522 240.755128 204.847139 182.336853 136.612831 95.775476 68.794207 519.585100 432.143484 338.152612 288.241733 201.226344 295.770853
129.600000 537.218708 391.746005 299.579858 240.851888 204.930673 182.412082 136.671141 95.818590 68.827203 519.784065 432.310456 338.285145 288.355949 201.308543 295.887834
129.650000 537.424041 391.898125 299.698192 240.948646 205.014206 182.487310 136.729450 95.861703 68.860199 519.983026 432.477426 338.417677 288.470164 201.390741 296.004813
129.700000 537.629372 392.050243 299.816525 241.045403 205.097738 182.562537 136.787759 95.904816 68.893195 520.181985 432.644393 338.550208 288.584376 201.472938 296.121791
129.750000 537.834700 392.202359 299.934856 241.142158 205.181269 182.637763 136.846067 95.947929 68.926190 520.380940 432.811358 338.682736 288.698588 201.555134 296.238767
129.800000 538.040024 392.354472 300.053186 241.238913 205.264799 182.712988 136.904374 95.991041 68.959185 520.579892 432.978320 338.815262 288.812797 201.637329 296.355742
129.850000 538.245346 392.506584 300.171514 241.335666 205.348328 182.788212 136.962681 96.034153 68.992180 520.778842 433.145280 338.947787 288.927005 201.719523 296.472715
129.900000 538.450664 392.658693 300.289840 241.432417 205.431856 182.863435 137.020987 96.077264 69.025175 520.977788 433.312238 339.080309 289.041212 201.801716 296.589686
129.950000 538.655979 392.810800 300.408164 241.529168 205.515383 182.938658 137.079293 96.120375 69.058169 521.176732 433.479193 339.212830 289.155417 201.883908 296.706655
130.000000 538.861291 392.962905 300.526487 241.625917 205.598908 183.013879 137.137598 96.163485 69.091164 521.375672 433.646145 339.345349 289.269620 201.966098 296.823623
130.050000 539.066600 393.115007 300.644809 241.722665 205.682433 183.089100 137.195902 96.206596 69.124158 521.574610 433.813095 339.477866 289.383822 202.048288 296.940590
130.100000 539.271906 393.267107 300.763128 241.819411 205.765956 183.164319 137.254205 96.249705 69.157151 521.773545 433.980043 339.610381 289.498022 202.130477 297.057554
130.150000 539.477209 393.419206 300.881446 241.916156 205.849479 183.239538 137.312508 96.292815 69.190145 521.972476 434.146988 339.742894 289.612221 202.212664 297.174518
130.200000 539.682509 393.571301 300.999762 242.012900 205.933000 183.314755 137.370810 96.335924 69.223138 522.171405 434.313931 339.875405 289.726418 202.294851 297.291479
130.250000 539.887806 393.723395 301.118077 242.109643 206.016520 183.389972 137.429112 96.379032 69.256131 522.370330 434.480871 340.007914 289.840613 202.377036 297.408439
130.300000 540.093099 393.875487 301.236390 242.206384 206.100040 183.465188 137.487412 96.422140 69.289124 522.569253 434.647809 340.140422 289.954807 202.459221 297.525397
130.350000 540.298390 394.027576 301.354702 242.303124 206.183558 183.540403 137.545713 96.465248 69.322117 522.768173 434.814744 340.272927 290.068999 202.541404 297.642354
130.400000 540.503678 394.179663 301.473011 242.399863 206.267075 183.615617 137.604012 96.508355 69.355109 522.967089 434.981677 340.405431 290.183190 202.623587 297.759309
130.450000 540.708962 394.331748 301.591319 242.496601 206.350591 183.690830 137.662311 96.551462 69.388101 523.166003 435.148608 340.537933 290.297379 202.705768 297.876262
130.500000 540.914243 394.483831 301.709626 242.593337 206.434106 183.766042 137.720609 96.594569 69.421093 523.364914 435.315536 340.670433 290.411567 202.787948 297.993214
130.550000 541.119522 394.635911 301.827931 242.690072 206.517620 183.841253 137.778907 96.637675 69.454084 523.563822 435.482461 340.802931 290.525753 202.870127 298.110164
130.600000 541.324797 394.787989 301.946234 242.786806 206.601132 183.916463 137.837204 96.680780 69.487076 523.762727 435.649385 340.935427 290.639937 202.952306 298.227112
130.650000 541.530069 394.940066 302.064535 242.883538 206.684644 183.991672 137.895500 96.723886 69.520067 523.961628 435.816305 341.067922 290.754120 203.034483 298.344059
130.700000 541.735338 395.092139 302.182835 242.980269 206.768155 184.066881 137.953796 96.766991 69.553058 524.160527 435.983224 341.200414 290.868301 203.116659 298.461005
130.750000 541.940604 395.244211 302.301134 243.076999 206.851664 184.142088 138.012091 96.810095 69.586049 524.359423 436.150139 341.332905 290.982481 203.198834 298.577948
130.800000 542.145867 395.396281 302.419430 243.173727 206.935173 184.217295 138.070385 96.853199 69.619039 524.558316 436.317053 341.465394 291.096659 203.281008 298.694890
130.850000 542.351127 395.548348 302.537725 243.270454 207.018680 184.292500 138.128679 96.896303 69.652029 524.757206 436.483964 341.597881 291.210836 203.363181 298.811831
130.900000 542.556384 395.700413 302.656019 243.367180 207.102187 184.367705 138.186972 96.939406 69.685019 524.956093 436.650872 341.730366 291.325011 203.445353 298.928770
130.950000 542.761637 395.852476 302.774310 243.463905 207.185692 184.442908 138.245264 96.982509 69.718009 525.154978 436.817778 341.862849 291.439184 203.527524 299.045707
131.000000 542.966888 396.004537 302.892600 243.560628 207.269196 184.518111 138.303556 97.025611 69.750998 525.353859 436.984682 341.995330 291.553356 203.609693 299.162642
131.050000 543.172136 396.156596 303.010889 243.657350 207.352700 184.593313 138.361847 97.068713 69.783988 525.552737 437.151583 342.127809 291.667526 203.691862 299.279576
131.100000 543.377380 396.308652 303.129176 243.754071 207.436202 184.668514 138.420137 97.111815 69.816977 525.751612 437.318482 342.260287 291.781695 203.774030 299.396509
131.150000 543.582622 396.460706 303.247461 243.850791 207.519703 184.743714 138.478427 97.154916 69.849965 525.950485 437.485379 342.392763 291.895862 203.856196 299.513439
131.200000 543.787860 396.612758 303.365744 243.947509 207.603203 184.818913 138.536716 97.198017 69.882954 526.149354 437.652273 342.525236 292.010028 203.938362 299.630369
131.250000 543.993096 396.764808 303.484026 244.044226 207.686702 184.894111 138.595004 97.241118 69.915942 526.348220 437.819164 342.657708 292.124192 204.020527 299.747296
131.300000 544.198328 396.916856 303.602307 244.140942 207.770200 184.969308 138.653292 97.284218 69.948930 526.547084 437.986053 342.790179 292.238354 204.102690 299.864222
131.350000 544.403557 397.068901 303.720585 244.237656 207.853696 185.044505 138.711579 97.327317 69.981918 526.745944 438.152940 342.922647 292.352515 204.184853 299.981146
131.400000 544.608784 397.220944 303.838862 244.334369 207.937192 185.119700 138.769866 97.370416 70.014906 526.944802 438.319824 343.055113 292.466674 204.267014 300.098069
131.450000 544.814007 397.372986 303.957138 244.431081 208.020687 185.194894 138.828152 97.413515 70.047893 527.143656 438.486706 343.187578 292.580832 204.349175 300.214990
131.500000 545.019227 397.525025 304.075412 244.527792 208.104181 185.270088 138.886437 97.456614 70.080880 527.342508 438.653586 343.320040 292.694988 204.431334 300.331910
131.550000 545.224444 397.677061 304.193684 244.624501 208.187673 185.345280 138.944721 97.499712 70.113867 527.541357 438.820463 343.452501 292.809143 204.513493 300.448828
131.600000 545.429658 397.829096 304.311954 244.721209 208.271165 185.420472 139.003005 97.542809 70.146854 527.740203 438.987337 343.584960 292.923296 204.595650 300.565744
131.650000 545.634869 397.981128 304.430223 244.817916 208.354655 185.495663 139.061289 97.585907 70.179840 527.939046 439.154209 343.717417 293.037448 204.677806 300.682659
131.700000 545.840077 398.133159 304.548490 244.914621 208.438145 185.570853 139.119571 97.629003 70.212826 528.137885 439.321079 343.849872 293.151598 204.759961 300.799572
131.750000 546.045282 398.285187 304.666756 245.011326 208.521633 185.646041 139.177853 97.672100 70.245812 528.336722 439.487946 343.982326 293.265746 204.842116 300.916483
131.800000 546.250484 398.437212 304.785020 245.108029 208.605120 185.721229 139.236134 97.715196 70.278798 528.535557 439.654811 344.114777 293.379893 204.924269 301.033393
131.850000 546.455683 398.589236 304.903282 245.204730 208.688606 185.796416 139.294415 97.758292 70.311783 528.734388 439.821674 344.247227 293.494038 205.006421 301.150301
131.900000 546.660879 398.741258 305.021543 245.301431 208.772092 185.871602 139.352695 97.801387 70.344768 528.933216 439.988534 344.379675 293.608182 205.088572 301.267208
131.950000 546.866072 398.893277 305.139802 245.398130 208.855576 185.946788 139.410974 97.844482 70.377753 529.132041 440.155392 344.512121 293.722324 205.170722 301.384113
132.000000 547.071262 399.045294 305.258060 245.494828 208.939059 186.021972 139.469253 97.887576 70.410738 529.330863 440.322247 344.644565 293.836465 205.252871 301.501016
132.050000 547.276448 399.197309 305.376316 245.591524 209.022541 186.097155 139.527531 97.930670 70.443723 529.529683 440.489100 344.777007 293.950604 205.335019 301.617918
132.100000 547.481632 399.349322 305.494570 245.688219 209.106022 186.172338 139.585809 97.973764 70.476707 529.728499 440.655950 344.909447 294.064742 205.417166 301.734819
132.150000 547.686813 399.501333 305.612823 245.784913 209.189502 186.247519 139.644085 98.016857 70.509691 529.927313 440.822798 345.041886 294.178878 205.499312 301.851717
132.200000 547.891991 399.653342 305.731074 245.881606 209.272980 186.322700 139.702362 98.059950 70.542675 530.126124 440.989644 345.174323 294.293012 205.581457 301.968614
132.250000 548.097165 399.805348 305.849323 245.978298 209.356458 186.397879 139.760637 98.103042 70.575658 530.324931 441.156487 345.306758 294.407145 205.663601 302.085510
132.300000 548.302337 399.957352 305.967571 246.074988 209.439935 186.473058 139.818912 98.146134 70.608642 530.523736 441.323328 345.439191 294.521276 205.745744 302.202404
132.350000 548.507505 400.109354 306.085817 246.171677 209.523411 186.548236 139.877186 98.189226 70.641625 530.722538 441.490167 345.571622 294.635406 205.827885 302.319296
132.400000 548.712671 400.261354 306.204062 246.268365 209.606885 186.623413 139.935460 98.232317 70.674608 530.921337 441.657003 345.704051 294.749534 205.910026 302.436187
132.450000 548.917834 400.413352 306.322305 246.365051 209.690359 186.698589 139.993732 98.275408 70.707590 531.120133 441.823836 345.836479 294.863661 205.992166 302.553076
132.500000 549.122993 400.565347 306.440546 246.461736 209.773831 186.773764 140.052005 98.318498 70.740572 531.318926 441.990668 345.968904 294.977786 206.074305 302.669963
132.550000 549.328150 400.717341 306.558786 246.558420 209.857303 186.848938 140.110276 98.361588 70.773555 531.517716 442.157496 346.101328 295.091910 206.156442 302.786849
132.600000 549.533303 400.869332 306.677024 246.655103 209.940773 186.924111 140.168547 98.404678 70.806537 531.716504 442.324323 346.233750 295.206032 206.238579 302.903734
132.650000 549.738454 401.021321 306.795261 246.751784 210.024242 186.999283 140.226818 98.447767 70.839518 531.915288 442.491147 346.366170 295.320152 206.320715 303.020617
132.700000 549.943601 401.173308 306.913496 246.848464 210.107711 187.074455 140.285087 98.490856 70.872500 532.114070 442.657969 346.498588 295.434271 206.402849 303.137498
132.750000 550.148746 401.325293 307.031729 246.945143 210.191178 187.149625 140.343356 98.533944 70.905481 532.312848 442.824788 346.631005 295.548389 206.484983 303.254377
132.800000 550.353887 401.477276 307.149961 247.041821 210.274644 187.224795 140.401625 98.577032 70.938462 532.511624 442.991605 346.763419 295.662505 206.567115 303.371255
132.850000 550.559026 401.629256 307.268191 247.138497 210.358109 187.299963 140.459892 98.620120 70.971442 532.710397 443.158419 346.895832 295.776619 206.649247 303.488132
132.900000 550.764161 401.781234 307.386419 247.235172 210.441574 187.375131 140.518160 98.663207 71.004423 532.909166 443.325231 347.028243 295.890732 206.731377 303.605006
132.950000 550.969293 401.933211 307.504646 247.331846 210.525037 187.450298 140.576426 98.706294 71.037403 533.107933 443.492041 347.160652 296.004843 206.813507 303.721880
133.000000 551.174423 402.085185 307.622871 247.428519 210.608499 187.525464 140.634692 98.749380 71.070383 533.306697 443.658848 347.293059 296.118953 206.895635 303.838751
133.050000 551.379549 402.237157 307.741095 247.525190 210.691960 187.600629 140.692957 98.792466 71.103363 533.505459 443.825653 347.425465 296.233061 206.977763 303.955621
133.100000 551.584673 402.389126 307.859317 247.621860 210.775419 187.675793 140.751221 98.835552 71.136342 533.704217 443.992456 347.557868 296.347167 207.059889 304.072490
133.150000 551.789793 402.541094 307.977538 247.718529 210.858878 187.750956 140.809485 98.878637 71.169322 533.902972 444.159256 347.690270 296.461273 207.142014 304.189357
133.200000 551.994911 402.693059 308.095756 247.815196 210.942336 187.826118 140.867749 98.921722 71.202301 534.101725 444.326054 347.822670 296.575376 207.224139 304.306222
133.250000 552.200025 402.845023 308.213974 247.911862 211.025793 187.901280 140.926011 98.964806 71.235280 534.300474 444.492849 347.955068 296.689478 207.306262 304.423086
133.300000 552.405137 402.996984 308.332189 248.008527 211.109249 187.976440 140.984273 99.007890 71.268258 534.499221 444.659642 348.087464 296.803579 207.388384 304.539948
133.350000 552.610245 403.148943 308.450403 248.105191 211.192703 188.051600 141.042534 99.050974 71.301237 534.697965 444.826433 348.219859 296.917678 207.470505 304.656809
133.400000 552.815350 403.300900 308.568616 248.201854 211.276157 188.126758 141.100795 99.094057 71.334215 534.896705 444.993221 348.352251 297.031775 207.552626 304.773668
