web/models/kne/2/Metzger_0.111556_0.143448_0.450000.dat
# %ECSV 0.9
# ---
# datatype:
# - {name: time, datatype: float64}
# - {name: sdss_u, datatype: float64}
# - {name: sdss_g, datatype: float64}
# - {name: sdss_r, datatype: float64}
# - {name: sdss_i, datatype: float64}
# - {name: sdss_z, datatype: float64}
# - {name: PS1_y, datatype: float64}
# - {name: ukirt_J, datatype: float64}
# - {name: ukirt_H, datatype: float64}
# - {name: ukirt_K, datatype: float64}
# - {name: johnson_U, datatype: float64}
# - {name: johnson_B, datatype: float64}
# - {name: johnson_V, datatype: float64}
# - {name: johnson_R, datatype: float64}
# - {name: johnson_I, datatype: float64}
# - {name: Clear, datatype: float64}
# meta: !!omap
# - comment: [vej = 0.14344827586206896, mej = 0.11155639876849505, Ye = 0.45, redshift = 0.0]
# schema: astropy-2.0
time sdss_u sdss_g sdss_r sdss_i sdss_z PS1_y ukirt_J ukirt_H ukirt_K johnson_U johnson_B johnson_V johnson_R johnson_I Clear
0.100000 nan nan nan nan nan nan nan nan nan nan nan nan nan nan nan
0.150000 nan nan nan nan nan nan nan nan nan nan nan nan nan nan nan
0.200000 -14.713309 -15.199521 -15.334178 -15.310383 -15.235731 -15.158345 -14.902573 -14.506359 -14.097016 -14.784683 -15.091703 -15.299055 -15.337489 -15.225044 -15.335635
0.250000 -14.814070 -15.346467 -15.509067 -15.502181 -15.437416 -15.366022 -15.121873 -14.735356 -14.332041 -14.891064 -15.225963 -15.462385 -15.515673 -15.427703 -15.511610
0.300000 -14.846015 -15.429665 -15.623356 -15.635316 -15.581578 -15.516869 -15.285686 -14.909978 -14.513374 -14.929237 -15.295067 -15.563806 -15.633633 -15.572953 -15.627110
0.350000 -14.854875 -15.480531 -15.699766 -15.727233 -15.682577 -15.623374 -15.402871 -15.036061 -14.644977 -14.943196 -15.334371 -15.629637 -15.713062 -15.674848 -15.704516
0.400000 -14.836277 -15.509591 -15.757875 -15.803005 -15.768699 -15.715774 -15.507450 -15.150781 -14.765981 -14.930377 -15.350300 -15.675707 -15.774607 -15.761991 -15.763758
0.450000 -14.792151 -15.520992 -15.803208 -15.869007 -15.846826 -15.801258 -15.607205 -15.262415 -14.884971 -14.892976 -15.346387 -15.706970 -15.823960 -15.841315 -15.810416
0.500000 -14.764797 -15.528441 -15.831969 -15.910773 -15.896225 -15.855292 -15.670229 -15.332921 -14.960105 -14.869834 -15.344228 -15.726888 -15.855249 -15.891469 -15.840011
0.550000 -14.715206 -15.523750 -15.854827 -15.950463 -15.945804 -15.910876 -15.737466 -15.409853 -15.043031 -14.825673 -15.327135 -15.738310 -15.881378 -15.942024 -15.863948
0.600000 -14.664951 -15.514112 -15.870157 -15.981071 -15.985397 -15.955926 -15.793110 -15.474308 -15.112930 -14.780326 -15.306270 -15.743270 -15.899675 -15.982504 -15.880256
0.650000 -14.589141 -15.491610 -15.880490 -16.011529 -16.027701 -16.005430 -15.856592 -15.549416 -15.195217 -14.710953 -15.269022 -15.739958 -15.913915 -16.025980 -15.891877
0.700000 -14.539298 -15.475335 -15.884928 -16.028683 -16.052346 -16.034629 -15.894638 -15.594819 -15.245160 -14.665160 -15.243454 -15.735784 -15.920820 -16.051364 -15.897128
0.750000 -14.491194 -15.457576 -15.885917 -16.041193 -16.071648 -16.058063 -15.926098 -15.632954 -15.287412 -14.620716 -15.217292 -15.728975 -15.924044 -16.071338 -15.898854
0.800000 -14.415305 -15.426685 -15.882869 -16.055275 -16.095838 -16.088404 -15.968392 -15.685190 -15.345777 -14.550252 -15.173935 -15.714341 -15.924316 -16.096529 -15.896900
0.850000 -14.339246 -15.393566 -15.876360 -16.065164 -16.115412 -16.113874 -16.005325 -15.731657 -15.398121 -14.479366 -15.128912 -15.696754 -15.920985 -16.117060 -15.891438
0.900000 -14.296119 -15.373071 -15.869906 -16.067371 -16.122738 -16.124318 -16.021833 -15.753209 -15.422780 -14.438965 -15.102140 -15.684452 -15.916208 -16.124893 -15.885536
0.950000 -14.222028 -15.337859 -15.858839 -16.071214 -16.135400 -16.142353 -16.050321 -15.790392 -15.465320 -14.369555 -15.056142 -15.663327 -15.908029 -16.138428 -15.875422
1.000000 -14.148502 -15.301565 -15.845696 -16.072384 -16.145042 -16.157161 -16.075180 -15.823615 -15.503692 -14.300509 -15.009515 -15.640535 -15.897656 -16.148910 -15.863191
1.050000 -14.075698 -15.264448 -15.830795 -16.071234 -16.152038 -16.169124 -16.096816 -15.853301 -15.538334 -14.231999 -14.962491 -15.616372 -15.885416 -16.156712 -15.849167
1.100000 -14.003738 -15.226723 -15.814404 -16.068061 -16.156702 -16.178570 -16.115576 -15.879814 -15.569619 -14.164156 -14.915257 -15.591084 -15.871581 -16.162153 -15.833618
1.150000 -13.932715 -15.188566 -15.796747 -16.063119 -16.159304 -16.185777 -16.131756 -15.903466 -15.597868 -14.097084 -14.867970 -15.564875 -15.856382 -16.165503 -15.816771
1.200000 -13.862700 -15.150125 -15.778016 -16.056625 -16.160075 -16.190986 -16.145614 -15.924527 -15.623361 -14.030865 -14.820755 -15.537919 -15.840017 -16.166995 -15.798819
1.250000 -13.793749 -15.111522 -15.758375 -16.048766 -16.159216 -16.194403 -16.157372 -15.943233 -15.646340 -13.965561 -14.773717 -15.510363 -15.822652 -16.166830 -15.779928
1.300000 -13.725902 -15.072862 -15.737963 -16.039703 -16.156900 -16.196211 -16.167225 -15.959790 -15.667021 -13.901220 -14.726943 -15.482332 -15.804432 -16.165184 -15.760238
1.350000 -13.659188 -15.034230 -15.716901 -16.029577 -16.153280 -16.196568 -16.175345 -15.974380 -15.685591 -13.837879 -14.680502 -15.453933 -15.785482 -16.162209 -15.739872
1.400000 -13.549365 -14.972901 -15.685939 -16.017535 -16.152502 -16.202683 -16.194916 -16.005171 -15.723282 -13.733880 -14.605684 -15.410285 -15.758172 -16.162550 -15.710113
1.450000 -13.484052 -14.933858 -15.663361 -16.005224 -16.146310 -16.200235 -16.199784 -16.016142 -15.738006 -13.671721 -14.559333 -15.380827 -15.737575 -16.156965 -15.688187
1.500000 -13.419947 -14.895056 -15.640425 -15.992190 -16.139179 -16.196718 -16.203332 -16.025584 -15.751072 -13.610654 -14.513490 -15.351260 -15.716549 -16.150420 -15.665880
1.550000 -13.357051 -14.856537 -15.617200 -15.978516 -16.131202 -16.192230 -16.205665 -16.033611 -15.762600 -13.550683 -14.468188 -15.321642 -15.695166 -16.143009 -15.643262
1.600000 -13.246829 -14.792396 -15.581987 -15.961383 -16.124861 -16.192503 -16.218875 -16.057623 -15.793255 -13.445992 -14.391220 -15.274333 -15.663439 -16.137741 -15.609197
1.650000 -13.185539 -14.753958 -15.557905 -15.946280 -16.115122 -16.186053 -16.218861 -16.062986 -15.801923 -13.387444 -14.346420 -15.244247 -15.641088 -16.128536 -15.585685
1.700000 -13.125469 -14.715918 -15.533708 -15.930748 -16.104767 -16.178873 -16.217898 -16.067217 -15.809349 -13.330017 -14.302246 -15.214260 -15.618560 -16.118696 -15.562037
1.750000 -13.014946 -14.650043 -15.495907 -15.910529 -16.095063 -16.175620 -16.227281 -16.087165 -15.835793 -13.224850 -14.223939 -15.164714 -15.584146 -16.110038 -15.525351
1.800000 -12.956557 -14.612320 -15.471186 -15.893957 -16.083367 -16.166918 -16.224445 -16.089234 -15.840879 -13.168940 -14.180460 -15.134552 -15.560995 -16.098827 -15.501147
1.850000 -12.899374 -14.575065 -15.446471 -15.877105 -16.071222 -16.157663 -16.220855 -16.090385 -15.844946 -13.114147 -14.137654 -15.104588 -15.537793 -16.087151 -15.476930
1.900000 -12.788785 -14.507868 -15.406594 -15.854369 -16.058755 -16.151502 -16.227065 -16.106949 -15.867877 -13.008762 -14.058370 -15.053276 -15.501216 -16.075705 -15.438140
1.950000 -12.733312 -14.471093 -15.381595 -15.836765 -16.045583 -16.141054 -16.221960 -16.106319 -15.870000 -12.955530 -14.016386 -15.023347 -15.477641 -16.062974 -15.413610
2.000000 -12.622274 -14.402821 -15.340272 -15.812372 -16.031342 -16.133055 -16.226215 -16.120840 -15.890836 -12.849620 -13.936199 -14.970741 -15.439575 -16.049746 -15.373359
2.050000 -12.568525 -14.366615 -15.315123 -15.794173 -16.017315 -16.121592 -16.219790 -16.118638 -15.891232 -12.797975 -13.895104 -14.940961 -15.415763 -16.036133 -15.348650
2.100000 -12.457110 -14.297393 -15.272507 -15.768292 -16.001480 -16.111939 -16.222283 -16.131317 -15.910178 -12.691618 -13.814124 -14.887201 -15.376366 -16.021300 -15.307094
2.150000 -12.405092 -14.261824 -15.247316 -15.749630 -15.986740 -16.099613 -16.214703 -16.127719 -15.909031 -12.641572 -13.773971 -14.857663 -15.352430 -16.006951 -15.282316
2.200000 -12.293360 -14.191756 -15.203538 -15.722405 -15.969463 -16.088461 -16.215598 -16.138727 -15.926263 -12.534834 -13.692291 -14.802870 -15.311834 -15.990666 -15.239585
2.250000 -12.243070 -14.156883 -15.178395 -15.703391 -15.954134 -16.075402 -16.207006 -16.133886 -15.923732 -12.486392 -13.653120 -14.773650 -15.287869 -15.975705 -15.214830
2.300000 -12.131069 -14.086058 -15.133567 -15.674948 -15.935546 -16.062888 -16.206447 -16.143372 -15.939402 -12.379326 -13.570817 -14.717928 -15.246190 -15.958100 -15.171038
2.350000 -12.082501 -14.051923 -15.108548 -15.655675 -15.919733 -16.049206 -16.196965 -16.137420 -15.935624 -12.332488 -13.532658 -14.689088 -15.222274 -15.942632 -15.146382
2.400000 -11.970273 -13.980417 -15.062767 -15.626122 -15.899949 -16.035447 -16.195076 -16.145514 -15.949866 -12.225139 -13.449800 -14.632525 -15.179611 -15.923823 -15.101628
2.450000 -11.923413 -13.947056 -15.037935 -15.606672 -15.883741 -16.021239 -16.184809 -16.138564 -15.944960 -12.179897 -13.412675 -14.604117 -15.155812 -15.907939 -15.077136
2.500000 -11.810992 -13.874937 -14.991287 -15.576103 -15.862862 -16.006338 -16.181699 -16.145380 -15.957892 -12.072305 -13.329319 -14.546791 -15.112252 -15.888028 -15.031504
2.550000 -11.765826 -13.842377 -14.966695 -15.556544 -15.846337 -15.991686 -16.170741 -16.137534 -15.951963 -12.028650 -13.293244 -14.518858 -15.088626 -15.871806 -15.007230
2.600000 -11.653241 -13.769702 -14.919253 -15.525043 -15.824451 -15.975736 -16.166507 -16.143173 -15.963687 -11.920847 -13.209440 -14.460836 -15.044245 -15.850880 -14.960796
2.650000 -11.609751 -13.737965 -14.894949 -15.505435 -15.807677 -15.960712 -16.154939 -16.134518 -15.956828 -11.878766 -13.174426 -14.433414 -15.020841 -15.834389 -14.936787
2.700000 -11.497029 -13.664786 -14.846779 -15.473077 -15.784862 -15.943793 -16.149666 -16.139068 -15.967436 -11.770781 -13.090219 -14.374756 -14.975706 -15.812528 -14.889616
2.750000 -11.383555 -13.590858 -14.797871 -15.439995 -15.761337 -15.926176 -16.143724 -16.142981 -15.977428 -11.662045 -13.005263 -14.315354 -14.929835 -15.789958 -14.841708
2.800000 -11.342359 -13.560249 -14.773960 -15.420322 -15.744225 -15.910646 -16.131324 -16.133225 -15.969302 -11.622118 -12.971701 -14.288633 -14.906737 -15.773102 -14.818065
2.850000 -11.228785 -13.485887 -14.724414 -15.386481 -15.719875 -15.892166 -16.124456 -16.136166 -15.978297 -11.513241 -12.886403 -14.228677 -14.860202 -15.749701 -14.769509
2.900000 -11.189232 -13.456145 -14.700883 -15.366882 -15.702653 -15.876414 -16.111613 -16.125783 -15.969432 -11.474863 -12.853925 -14.202540 -14.837426 -15.732717 -14.746226
2.950000 -11.075576 -13.381386 -14.650746 -15.332338 -15.677538 -15.857134 -16.103882 -16.127820 -15.977500 -11.365867 -12.768316 -14.142073 -14.790279 -15.708545 -14.697074
3.000000 -10.961205 -13.305937 -14.599941 -15.297145 -15.651791 -15.837235 -16.095565 -16.129305 -15.985039 -11.256158 -12.682011 -14.080928 -14.742467 -15.683744 -14.647253
3.050000 -10.923923 -13.277399 -14.576939 -15.277652 -15.634422 -15.821180 -16.082116 -16.118062 -15.975159 -11.219924 -12.651034 -14.055603 -14.720138 -15.666587 -14.624473
3.100000 -10.809499 -13.201607 -14.525612 -15.241832 -15.607990 -15.800563 -16.073024 -16.118732 -15.981863 -11.110127 -12.564465 -13.994010 -14.671784 -15.641095 -14.574124
3.150000 -10.694377 -13.125152 -14.473650 -15.205400 -15.580964 -15.779365 -16.063385 -16.118892 -15.988081 -10.999637 -12.477225 -13.931769 -14.622798 -15.615011 -14.523142
3.200000 -10.659356 -13.097855 -14.451246 -15.186098 -15.563542 -15.763109 -16.049440 -16.106908 -15.977309 -10.965542 -12.447773 -13.907311 -14.600988 -15.597777 -14.500933
3.250000 -10.544207 -13.021104 -14.398821 -15.149105 -15.535901 -15.741264 -16.039100 -16.106331 -15.982770 -10.854992 -12.360310 -13.844676 -14.551520 -15.571072 -14.449481
3.300000 -10.428376 -12.943715 -14.345791 -15.111532 -15.507698 -15.718873 -16.028250 -16.105279 -15.987782 -10.743766 -12.272197 -13.781421 -14.501451 -15.543809 -14.397425
3.350000 -10.395604 -12.917689 -14.324039 -15.092493 -15.490305 -15.702501 -16.013904 -16.092656 -15.976225 -10.711802 -12.244289 -13.757876 -14.480219 -15.526580 -14.375844
3.400000 -10.279768 -12.840045 -14.270598 -15.054416 -15.461548 -15.679525 -16.002418 -16.090934 -15.980549 -10.600540 -12.155990 -13.694274 -14.429721 -15.498757 -14.323371
3.450000 -10.163265 -12.761785 -14.216577 -15.015787 -15.432259 -15.656033 -15.990450 -16.088770 -15.984456 -10.488617 -12.067061 -13.630078 -14.378648 -15.470404 -14.270320
3.500000 -10.132730 -12.737055 -14.195526 -14.997074 -15.414964 -15.639619 -15.975787 -16.075597 -15.972206 -10.458778 -12.040711 -13.607483 -14.358045 -15.453251 -14.249417
3.550000 -10.016242 -12.658575 -14.141140 -14.957992 -15.385173 -15.615597 -15.963242 -16.072821 -15.975486 -10.346842 -11.951627 -13.542981 -14.306589 -15.424392 -14.195995
3.600000 -9.899100 -12.579499 -14.086197 -14.918383 -15.354876 -15.591085 -15.950242 -16.069630 -15.978376 -10.234259 -11.861931 -13.477906 -14.254583 -15.395029 -14.142018
3.650000 -9.870790 -12.556087 -14.065890 -14.900049 -15.337741 -15.574693 -15.935334 -16.055985 -15.965515 -10.206535 -11.837152 -13.456295 -14.234653 -15.378014 -14.121835
3.700000 -9.753682 -12.476824 -14.010622 -14.860032 -15.306990 -15.549700 -15.921807 -16.052236 -15.967831 -10.093960 -11.747331 -13.390952 -14.182305 -15.348193 -14.067528
3.750000 -9.635932 -12.396983 -13.954820 -14.819511 -15.275757 -15.524241 -15.907851 -16.048095 -15.969783 -9.980750 -11.656913 -13.325056 -14.129428 -15.317892 -14.012688
3.800000 -9.609835 -12.374905 -13.935291 -14.801603 -15.258834 -15.507930 -15.892761 -16.034047 -15.956382 -9.955134 -11.633714 -13.304457 -14.110209 -15.301067 -13.993261
3.850000 -9.492137 -12.294907 -13.879201 -14.760716 -15.227190 -15.482033 -15.878322 -16.029394 -15.957807 -9.841952 -11.543197 -13.238327 -14.057029 -15.270351 -13.938128
3.900000 -9.373809 -12.214348 -13.822594 -14.719344 -15.195084 -15.455691 -15.863475 -16.024372 -15.958889 -9.728147 -11.452100 -13.171662 -14.003338 -15.239175 -13.882481
3.950000 -9.254854 -12.133231 -13.765477 -14.677495 -15.162523 -15.428909 -15.848227 -16.018988 -15.959637 -9.613724 -11.360425 -13.104465 -13.949142 -15.207547 -13.826324
4.000000 -9.231657 -12.112932 -13.747015 -14.660203 -15.145943 -15.412771 -15.832973 -16.004490 -15.945610 -9.590874 -11.339318 -13.085232 -13.930904 -15.191038 -13.807937
4.050000 -9.112781 -12.031696 -13.689656 -14.618036 -15.113022 -15.385604 -15.817296 -15.998648 -15.945886 -9.476505 -11.247579 -13.017846 -13.876452 -15.159045 -13.751534
4.100000 -8.993288 -11.949919 -13.631803 -14.575409 -15.079664 -15.358017 -15.801236 -15.992463 -15.945845 -9.361529 -11.155278 -12.949944 -13.821512 -15.126618 -13.694639
4.150000 -8.873181 -11.867602 -13.573461 -14.532327 -15.045875 -15.330014 -15.784799 -15.985939 -15.945494 -9.245948 -11.062417 -12.881533 -13.766089 -15.093762 -13.637257
4.200000 -8.852893 -11.849124 -13.556130 -14.515727 -15.029720 -15.314136 -15.769475 -15.971090 -15.930942 -9.225877 -11.043434 -12.863720 -13.748898 -15.077652 -13.619972
4.250000 -8.732891 -11.766724 -13.497587 -14.472373 -14.995616 -15.285796 -15.752656 -15.964157 -15.930167 -9.110378 -10.950542 -12.795157 -13.693260 -15.044478 -13.562385
4.300000 -8.612285 -11.683800 -13.438571 -14.428580 -14.961098 -15.257056 -15.735477 -15.956902 -15.929099 -8.994285 -10.857104 -12.726098 -13.637155 -15.010891 -13.504326
4.350000 -8.594196 -11.666720 -13.422130 -14.412547 -14.945314 -15.241427 -15.720157 -15.941848 -15.914211 -8.976316 -10.839742 -12.709389 -13.620793 -14.995132 -13.487912
4.400000 -8.473712 -11.583737 -13.362941 -14.368511 -14.910512 -15.212380 -15.702629 -15.934216 -15.912751 -8.860323 -10.746295 -12.640205 -13.564501 -14.961259 -13.429675
4.450000 -8.352636 -11.500242 -13.303292 -14.324051 -14.875310 -15.182950 -15.684755 -15.926277 -15.911012 -8.743748 -10.652313 -12.570539 -13.507757 -14.926988 -13.370982
4.500000 -8.230970 -11.416238 -13.243188 -14.279171 -14.839713 -15.153141 -15.666540 -15.918036 -15.908999 -8.626592 -10.557801 -12.500396 -13.450564 -14.892323 -13.311835
4.550000 -8.108716 -11.331731 -13.182632 -14.233877 -14.803725 -15.122956 -15.647987 -15.909497 -15.906717 -8.508859 -10.462760 -12.429778 -13.392927 -14.857270 -13.252240
4.600000 -8.094283 -11.317008 -13.167727 -14.218855 -14.788632 -15.107819 -15.632760 -15.894194 -15.891366 -8.494391 -10.448119 -12.414950 -13.377999 -14.842170 -13.237327
4.650000 -7.972185 -11.232482 -13.107044 -14.173364 -14.752408 -15.077376 -15.613907 -15.885326 -15.888740 -8.376793 -10.353109 -12.344251 -13.320221 -14.806878 -13.177599
4.700000 -7.849511 -11.147464 -13.045922 -14.127472 -14.715807 -15.046572 -15.594730 -15.876173 -15.885856 -8.258628 -10.257583 -12.273090 -13.262011 -14.771212 -13.117436
