web/models/kne/2/Metzger_0.058653_0.143448_0.100000.dat
# %ECSV 0.9
# ---
# datatype:
# - {name: time, datatype: float64}
# - {name: sdss_u, datatype: float64}
# - {name: sdss_g, datatype: float64}
# - {name: sdss_r, datatype: float64}
# - {name: sdss_i, datatype: float64}
# - {name: sdss_z, datatype: float64}
# - {name: PS1_y, datatype: float64}
# - {name: ukirt_J, datatype: float64}
# - {name: ukirt_H, datatype: float64}
# - {name: ukirt_K, datatype: float64}
# - {name: johnson_U, datatype: float64}
# - {name: johnson_B, datatype: float64}
# - {name: johnson_V, datatype: float64}
# - {name: johnson_R, datatype: float64}
# - {name: johnson_I, datatype: float64}
# - {name: Clear, datatype: float64}
# meta: !!omap
# - comment: [vej = 0.14344827586206896, mej = 0.058653062403363466, Ye = 0.1, redshift = 0.0]
# schema: astropy-2.0
time sdss_u sdss_g sdss_r sdss_i sdss_z PS1_y ukirt_J ukirt_H ukirt_K johnson_U johnson_B johnson_V johnson_R johnson_I Clear
[from data line 604]
30.300000 64.433313 41.638426 27.361356 18.375091 12.942574 9.570669 2.833572 -2.986340 -6.653047 61.689423 47.969019 33.335914 25.635774 12.398242 26.793363
30.350000 64.589444 41.753335 27.450093 18.447113 13.004352 9.626013 2.875810 -2.955873 -6.630418 61.840618 48.095431 33.435649 25.721319 12.458985 26.881050
30.400000 64.745595 41.868260 27.538844 18.519149 13.066141 9.681368 2.918058 -2.925398 -6.607781 61.991833 48.221861 33.535399 25.806879 12.519740 26.968751
30.450000 64.901767 41.983202 27.627609 18.591197 13.127943 9.736735 2.960316 -2.894913 -6.585136 62.143067 48.348308 33.635164 25.892452 12.580507 27.056467
30.500000 65.057958 42.098161 27.716388 18.663257 13.189756 9.792113 3.002584 -2.864420 -6.562482 62.294321 48.474773 33.734944 25.978038 12.641286 27.144196
30.550000 65.214169 42.213135 27.805181 18.735330 13.251580 9.847501 3.044862 -2.833918 -6.539821 62.445594 48.601254 33.834739 26.063638 12.702075 27.231938
30.600000 65.370399 42.328125 27.893987 18.807415 13.313415 9.902900 3.087149 -2.803408 -6.517151 62.596885 48.727752 33.934548 26.149251 12.762876 27.319694
30.650000 65.526648 42.443130 27.982807 18.879511 13.375262 9.958310 3.129446 -2.772888 -6.494473 62.748195 48.854267 34.034372 26.234878 12.823688 27.407464
30.700000 64.913111 41.996773 27.642594 18.607085 13.144384 9.753524 2.977813 -2.876781 -6.566580 62.154678 48.361258 33.649555 25.907609 12.597004 27.071508
30.750000 65.068014 42.110783 27.730640 18.678550 13.205687 9.808444 3.019732 -2.846539 -6.544113 62.304684 48.486679 33.748512 25.992489 12.657281 27.158513
30.800000 65.222935 42.224808 27.818699 18.750027 13.267000 9.863375 3.061660 -2.816290 -6.521639 62.454707 48.612116 33.847482 26.077382 12.717569 27.245531
30.850000 65.377873 42.338846 27.906771 18.821516 13.328324 9.918315 3.103597 -2.786032 -6.499158 62.604747 48.737568 33.946466 26.162287 12.777866 27.332561
30.900000 65.532827 42.452899 27.994855 18.893015 13.389658 9.973266 3.145543 -2.755766 -6.476668 62.754804 48.863034 34.045462 26.247204 12.838174 27.419603
30.950000 65.687799 42.566966 28.082951 18.964525 13.451002 10.028226 3.187498 -2.725492 -6.454172 62.904877 48.988516 34.144471 26.332133 12.898492 27.506658
31.000000 65.842787 42.681046 28.171058 19.036046 13.512357 10.083196 3.229462 -2.695210 -6.431668 63.054966 49.114011 34.243493 26.417073 12.958820 27.593723
31.050000 65.997790 42.795139 28.259177 19.107578 13.573721 10.138175 3.271434 -2.664921 -6.409156 63.205071 49.239521 34.342528 26.502025 13.019158 27.680801
31.100000 66.152810 42.909246 28.347308 19.179120 13.635095 10.193163 3.313415 -2.634623 -6.386637 63.355191 49.365044 34.441574 26.586988 13.079506 27.767890
31.150000 66.307845 43.023365 28.435450 19.250672 13.696478 10.248161 3.355404 -2.604318 -6.364111 63.505326 49.490581 34.540632 26.671962 13.139863 27.854990
31.200000 66.462894 43.137497 28.523603 19.322234 13.757871 10.303168 3.397402 -2.574005 -6.341578 63.655476 49.616132 34.639702 26.756946 13.200229 27.942100
31.250000 66.617959 43.251641 28.611767 19.393806 13.819273 10.358184 3.439408 -2.543685 -6.319038 63.805640 49.741695 34.738783 26.841942 13.260605 28.029222
31.300000 66.773038 43.365798 28.699941 19.465388 13.880685 10.413208 3.481421 -2.513357 -6.296491 63.955819 49.867271 34.837876 26.926948 13.320989 28.116354
31.350000 66.928130 43.479966 28.788126 19.536979 13.942105 10.468241 3.523443 -2.483022 -6.273937 64.106011 49.992859 34.936979 27.011964 13.381383 28.203497
31.400000 67.083237 43.594146 28.876321 19.608580 14.003535 10.523283 3.565473 -2.452680 -6.251376 64.256216 50.118460 35.036094 27.096991 13.441786 28.290650
31.450000 67.238357 43.708337 28.964526 19.680190 14.064973 10.578333 3.607510 -2.422330 -6.228808 64.406435 50.244073 35.135219 27.182027 13.502197 28.377813
31.500000 67.393490 43.822539 29.052741 19.751809 14.126419 10.633392 3.649555 -2.391974 -6.206234 64.556666 50.369697 35.234354 27.267073 13.562617 28.464986
31.550000 67.548636 43.936753 29.140966 19.823437 14.187874 10.688458 3.691608 -2.361610 -6.183653 64.706911 50.495332 35.333500 27.352128 13.623045 28.552168
31.600000 67.703794 44.050976 29.229200 19.895073 14.249338 10.743533 3.733668 -2.331239 -6.161065 64.857167 50.620979 35.432656 27.437193 13.683481 28.639360
31.650000 67.858965 44.165211 29.317444 19.966719 14.310809 10.798616 3.775735 -2.300862 -6.138471 65.007435 50.746637 35.531821 27.522267 13.743926 28.726561
31.700000 68.014147 44.279455 29.405696 20.038372 14.372289 10.853706 3.817810 -2.270478 -6.115870 65.157715 50.872305 35.630996 27.607351 13.804378 28.813771
31.750000 68.169341 44.393710 29.493958 20.110035 14.433777 10.908804 3.859892 -2.240087 -6.093263 65.308007 50.997984 35.730181 27.692443 13.864839 28.900991
31.800000 68.324546 44.507974 29.582229 20.181705 14.495272 10.963910 3.901981 -2.209689 -6.070649 65.458309 51.123673 35.829374 27.777543 13.925307 28.988218
31.850000 68.479762 44.622247 29.670508 20.253383 14.556775 11.019023 3.944077 -2.179285 -6.048029 65.608622 51.249372 35.928577 27.862652 13.985783 29.075455
31.900000 68.634989 44.736530 29.758795 20.325069 14.618286 11.074143 3.986180 -2.148874 -6.025403 65.758946 51.375081 36.027788 27.947770 14.046266 29.162700
31.950000 68.790226 44.850822 29.847091 20.396763 14.679804 11.129271 4.028289 -2.118457 -6.002771 65.909280 51.500799 36.127008 28.032895 14.106757 29.249953
32.000000 68.945473 44.965123 29.935395 20.468465 14.741329 11.184405 4.070405 -2.088034 -5.980133 66.059624 51.626526 36.226237 28.118029 14.167255 29.337214
32.050000 68.300882 44.495766 29.577295 20.181416 14.497831 10.968256 3.909970 -2.198429 -6.057210 65.436017 51.108268 35.821384 27.773496 13.928153 28.983576
32.100000 68.454776 44.609066 29.664821 20.252483 14.558808 11.022898 3.951705 -2.168285 -6.034785 65.585049 51.232896 35.919741 27.857879 13.988112 29.070068
32.150000 68.608679 44.722374 29.752354 20.323556 14.619793 11.077547 3.993447 -2.138136 -6.012354 65.734091 51.357532 36.018105 27.942270 14.048078 29.156568
32.200000 68.762591 44.835689 29.839895 20.394637 14.680784 11.132202 4.035196 -2.107981 -5.989917 65.883142 51.482177 36.116477 28.026668 14.108051 29.243075
32.250000 68.916512 44.949013 29.927443 20.465724 14.741782 11.186864 4.076950 -2.077819 -5.967475 66.032201 51.606829 36.214857 28.111072 14.168031 29.329590
32.300000 69.070440 45.062344 30.014998 20.536818 14.802786 11.241532 4.118711 -2.047652 -5.945026 66.181268 51.731489 36.313243 28.195484 14.228016 29.416111
32.350000 69.224377 45.175682 30.102560 20.607919 14.863797 11.296207 4.160477 -2.017479 -5.922572 66.330343 51.856157 36.411637 28.279903 14.288009 29.502639
32.400000 69.378322 45.289027 30.190129 20.679026 14.924814 11.350887 4.202250 -1.987300 -5.900113 66.479426 51.980831 36.510038 28.364328 14.348007 29.589174
32.450000 69.532274 45.402380 30.277704 20.750139 14.985837 11.405574 4.244028 -1.957116 -5.877648 66.628516 52.105513 36.608445 28.448760 14.408011 29.675715
32.500000 69.686233 45.515738 30.365285 20.821258 15.046866 11.460266 4.285812 -1.926926 -5.855177 66.777614 52.230202 36.706858 28.533197 14.468022 29.762262
32.550000 69.840199 45.629104 30.452873 20.892383 15.107901 11.514964 4.327602 -1.896731 -5.832701 66.926718 52.354897 36.805278 28.617641 14.528038 29.848816
32.600000 69.994172 45.742475 30.540466 20.963514 15.168942 11.569668 4.369397 -1.866530 -5.810220 67.075828 52.479598 36.903704 28.702091 14.588060 29.935375
32.650000 70.148151 45.855853 30.628065 21.034651 15.229988 11.624377 4.411198 -1.836324 -5.787733 67.224945 52.604306 37.002136 28.786547 14.648088 30.021941
32.700000 70.302136 45.969236 30.715670 21.105793 15.291039 11.679092 4.453004 -1.806112 -5.765241 67.374068 52.729019 37.100574 28.871008 14.708121 30.108512
32.750000 70.456126 46.082625 30.803281 21.176941 15.352096 11.733813 4.494815 -1.775895 -5.742744 67.523197 52.853738 37.199017 28.955475 14.768159 30.195088
32.800000 70.610123 46.196019 30.890897 21.248094 15.413159 11.788538 4.536632 -1.745673 -5.720241 67.672331 52.978462 37.297465 29.039947 14.828203 30.281670
32.850000 70.764124 46.309418 30.978517 21.319252 15.474226 11.843268 4.578453 -1.715446 -5.697734 67.821470 53.103192 37.395919 29.124424 14.888251 30.368257
32.900000 70.918131 46.422823 31.066143 21.390415 15.535299 11.898004 4.620280 -1.685214 -5.675222 67.970615 53.227927 37.494377 29.208907 14.948305 30.454849
32.950000 71.072142 46.536232 31.153774 21.461583 15.596376 11.952744 4.662111 -1.654977 -5.652704 68.119764 53.352666 37.592841 29.293394 15.008364 30.541446
33.000000 71.226158 46.649646 31.241409 21.532756 15.657458 12.007490 4.703948 -1.624735 -5.630182 68.268917 53.477410 37.691309 29.377886 15.068427 30.628047
33.050000 71.380177 46.763064 31.329049 21.603933 15.718545 12.062240 4.745789 -1.594489 -5.607655 68.418075 53.602158 37.789781 29.462382 15.128495 30.714653
33.100000 71.534201 46.876487 31.416694 21.675115 15.779636 12.116994 4.787635 -1.564237 -5.585123 68.567237 53.726911 37.888258 29.546883 15.188568 30.801263
33.150000 71.688229 46.989913 31.504342 21.746301 15.840732 12.171753 4.829485 -1.533981 -5.562586 68.716402 53.851667 37.986739 29.631388 15.248645 30.887878
33.200000 71.842260 47.103343 31.591995 21.817492 15.901832 12.226517 4.871340 -1.503720 -5.540045 68.865571 53.976427 38.085224 29.715897 15.308727 30.974497
33.250000 71.996294 47.216777 31.679651 21.888686 15.962936 12.281284 4.913199 -1.473455 -5.517499 69.014744 54.101191 38.183713 29.800410 15.368812 31.061119
33.300000 72.150331 47.330214 31.767312 21.959885 16.024044 12.336056 4.955063 -1.443185 -5.494948 69.163919 54.225958 38.282205 29.884927 15.428902 31.147746
33.350000 72.304370 47.443655 31.854975 22.031087 16.085157 12.390832 4.996931 -1.412911 -5.472393 69.313097 54.350728 38.380701 29.969447 15.488996 31.234376
33.400000 72.458413 47.557099 31.942643 22.102293 16.146273 12.445612 5.038803 -1.382632 -5.449833 69.462277 54.475501 38.479200 30.053971 15.549094 31.321009
33.450000 72.612457 47.670545 32.030313 22.173503 16.207393 12.500396 5.080679 -1.352349 -5.427269 69.611460 54.600276 38.577702 30.138499 15.609195 31.407646
33.500000 72.766503 47.783994 32.117987 22.244716 16.268517 12.555183 5.122560 -1.322062 -5.404701 69.760644 54.725054 38.676208 30.223029 15.669300 31.494286
33.550000 72.920551 47.897446 32.205664 22.315932 16.329644 12.609974 5.164444 -1.291771 -5.382128 69.909831 54.849834 38.774716 30.307563 15.729409 31.580929
33.600000 73.074600 48.010900 32.293344 22.387152 16.390774 12.664769 5.206332 -1.261476 -5.359551 70.059019 54.974617 38.873226 30.392099 15.789521 31.667575
33.650000 73.228651 48.124356 32.381026 22.458374 16.451908 12.719567 5.248224 -1.231176 -5.336970 70.208208 55.099401 38.971739 30.476639 15.849636 31.754224
33.700000 73.382702 48.237814 32.468711 22.529600 16.513046 12.774369 5.290119 -1.200873 -5.314385 70.357399 55.224187 39.070255 30.561181 15.909755 31.840875
33.750000 73.536755 48.351274 32.556399 22.600829 16.574186 12.829174 5.332018 -1.170566 -5.291795 70.506590 55.348974 39.168772 30.645725 15.969877 31.927529
33.800000 73.690807 48.464735 32.644088 22.672060 16.635329 12.883982 5.373921 -1.140255 -5.269202 70.655782 55.473763 39.267292 30.730272 16.030002 32.014185
33.850000 73.844860 48.578198 32.731780 22.743294 16.696475 12.938793 5.415827 -1.109940 -5.246604 70.804974 55.598552 39.365813 30.814821 16.090130 32.100843
33.900000 73.998913 48.691662 32.819474 22.814531 16.757625 12.993608 5.457737 -1.079621 -5.224003 70.954166 55.723343 39.464336 30.899373 16.150261 32.187503
33.950000 74.152966 48.805127 32.907170 22.885769 16.818776 13.048425 5.499649 -1.049299 -5.201397 71.103359 55.848134 39.562861 30.983926 16.210394 32.274165
34.000000 74.307018 48.918594 32.994867 22.957011 16.879931 13.103245 5.541565 -1.018973 -5.178788 71.252551 55.972926 39.661387 31.068481 16.270530 32.360829
34.050000 74.461070 49.032060 33.082566 23.028254 16.941087 13.158067 5.583485 -0.988643 -5.156175 71.401743 56.097718 39.759914 31.153038 16.330669 32.447495
34.100000 74.615121 49.145528 33.170267 23.099499 17.002247 13.212893 5.625407 -0.958310 -5.133558 71.550933 56.222511 39.858443 31.237596 16.390810 32.534162
34.150000 74.769170 49.258995 33.257969 23.170746 17.063408 13.267720 5.667332 -0.927974 -5.110937 71.700123 56.347303 39.956972 31.322156 16.450953 32.620830
34.200000 74.923219 49.372463 33.345672 23.241995 17.124572 13.322551 5.709260 -0.897634 -5.088313 71.849312 56.472095 40.055502 31.406717 16.511099 32.707500
34.250000 75.077265 49.485931 33.433376 23.313246 17.185738 13.377383 5.751191 -0.867291 -5.065685 71.998500 56.596887 40.154032 31.491280 16.571247 32.794171
34.300000 75.231310 49.599399 33.521081 23.384499 17.246906 13.432218 5.793125 -0.836944 -5.043054 72.147685 56.721678 40.252564 31.575843 16.631397 32.880843
34.350000 75.385353 49.712866 33.608787 23.455752 17.308076 13.487055 5.835062 -0.806595 -5.020419 72.296869 56.846468 40.351095 31.660407 16.691548 32.967515
34.400000 75.539394 49.826333 33.696493 23.527008 17.369247 13.541894 5.877001 -0.776242 -4.997780 72.446051 56.971257 40.449627 31.744972 16.751702 33.054188
34.450000 75.693433 49.939800 33.784200 23.598264 17.430420 13.596735 5.918943 -0.745886 -4.975138 72.595231 57.096046 40.548158 31.829538 16.811858 33.140862
34.500000 75.847468 50.053266 33.871908 23.669522 17.491595 13.651578 5.960887 -0.715527 -4.952493 72.744409 57.220833 40.646690 31.914104 16.872015 33.227537
34.550000 76.001501 50.166730 33.959615 23.740780 17.552772 13.706423 6.002834 -0.685165 -4.929844 72.893583 57.345618 40.745221 31.998671 16.932173 33.314211
34.600000 76.155531 50.280194 34.047323 23.812040 17.613950 13.761270 6.044783 -0.654801 -4.907192 73.042755 57.470402 40.843752 32.083238 16.992333 33.400886
34.650000 76.309557 50.393656 34.135031 23.883301 17.675129 13.816118 6.086734 -0.624433 -4.884537 73.191924 57.595184 40.942283 32.167805 17.052495 33.487561
34.700000 76.463580 50.507117 34.222739 23.954562 17.736309 13.870968 6.128688 -0.594063 -4.861879 73.341090 57.719964 41.040813 32.252372 17.112658 33.574236
34.750000 76.617599 50.620576 34.310446 24.025824 17.797491 13.925819 6.170644 -0.563689 -4.839217 73.490252 57.844742 41.139342 32.336940 17.172822 33.660910
34.800000 76.771615 50.734034 34.398154 24.097086 17.858673 13.980672 6.212602 -0.533313 -4.816552 73.639411 57.969517 41.237870 32.421507 17.232987 33.747585
34.850000 76.925626 50.847490 34.485860 24.168349 17.919857 14.035526 6.254561 -0.502935 -4.793885 73.788565 58.094290 41.336397 32.506073 17.293153 33.834259
34.900000 77.079633 50.960943 34.573566 24.239612 17.981042 14.090381 6.296523 -0.472554 -4.771214 73.937716 58.219060 41.434922 32.590639 17.353320 33.920932
34.950000 77.233636 51.074395 34.661272 24.310875 18.042227 14.145237 6.338487 -0.442170 -4.748540 74.086862 58.343828 41.533447 32.675205 17.413488 34.007605
35.000000 77.387633 51.187844 34.748976 24.382139 18.103413 14.200095 6.380453 -0.411784 -4.725863 74.236005 58.468592 41.631970 32.759770 17.473657 34.094277
35.050000 77.541626 51.301291 34.836680 24.453402 18.164600 14.254953 6.422420 -0.381395 -4.703184 74.385142 58.593353 41.730491 32.844334 17.533826 34.180948
35.100000 77.695614 51.414735 34.924382 24.524665 18.225787 14.309813 6.464389 -0.351004 -4.680501 74.534275 58.718111 41.829011 32.928898 17.593996 34.267618
35.150000 77.849597 51.528176 35.012084 24.595928 18.286974 14.364673 6.506359 -0.320611 -4.657816 74.683402 58.842866 41.927529 33.013460 17.654166 34.354286
35.200000 78.003574 51.641614 35.099783 24.667191 18.348162 14.419534 6.548332 -0.290215 -4.635128 74.832525 58.967617 42.026045 33.098021 17.714337 34.440954
35.250000 78.157545 51.755049 35.187482 24.738454 18.409350 14.474395 6.590305 -0.259817 -4.612437 74.981642 59.092364 42.124558 33.182581 17.774509 34.527620
