web/models/kne/2/Metzger_0.001000_0.094828_0.450000.dat
# %ECSV 0.9
# ---
# datatype:
# - {name: time, datatype: float64}
# - {name: sdss_u, datatype: float64}
# - {name: sdss_g, datatype: float64}
# - {name: sdss_r, datatype: float64}
# - {name: sdss_i, datatype: float64}
# - {name: sdss_z, datatype: float64}
# - {name: PS1_y, datatype: float64}
# - {name: ukirt_J, datatype: float64}
# - {name: ukirt_H, datatype: float64}
# - {name: ukirt_K, datatype: float64}
# - {name: johnson_U, datatype: float64}
# - {name: johnson_B, datatype: float64}
# - {name: johnson_V, datatype: float64}
# - {name: johnson_R, datatype: float64}
# - {name: johnson_I, datatype: float64}
# - {name: Clear, datatype: float64}
# meta: !!omap
# - comment: [vej = 0.09482758620689655, mej = 0.001, Ye = 0.45, redshift = 0.0]
# schema: astropy-2.0
time sdss_u sdss_g sdss_r sdss_i sdss_z PS1_y ukirt_J ukirt_H ukirt_K johnson_U johnson_B johnson_V johnson_R johnson_I Clear
[from data line 304]
15.300000 92.440798 63.054042 44.591745 32.932700 25.861928 21.461211 12.628313 4.925987 0.005971 88.907528 71.224129 52.325029 42.355788 25.152216 43.855888
15.350000 92.781731 63.305150 44.785822 33.090357 25.997261 21.582525 12.721069 4.993091 0.055997 89.237704 71.500303 52.543072 42.542911 25.285295 44.047678
15.400000 93.122589 63.556209 44.979867 33.247991 26.132578 21.703826 12.813819 5.060198 0.106030 89.567809 71.776421 52.761075 42.730003 25.418359 44.239436
15.450000 93.463375 63.807220 45.173879 33.405602 26.267878 21.825115 12.906565 5.127308 0.156071 89.897844 72.052484 52.979040 42.917064 25.551407 44.431162
15.500000 93.804088 64.058183 45.367859 33.563191 26.403162 21.946391 12.999306 5.194419 0.206118 90.227809 72.328492 53.196965 43.104095 25.684439 44.622856
15.550000 94.144728 64.309098 45.561806 33.720758 26.538429 22.067655 13.092043 5.261533 0.256173 90.557705 72.604445 53.414851 43.291095 25.817455 44.814519
15.600000 94.485297 64.559965 45.755722 33.878302 26.673681 22.188906 13.184775 5.328650 0.306235 90.887532 72.880344 53.632699 43.478066 25.950456 45.006150
15.650000 94.825794 64.810785 45.949605 34.035825 26.808916 22.310145 13.277503 5.395768 0.356303 91.217290 73.156189 53.850508 43.665006 26.083442 45.197750
15.700000 95.166220 65.061558 46.143457 34.193325 26.944135 22.431372 13.370225 5.462889 0.406378 91.546980 73.431980 54.068280 43.851916 26.216412 45.389318
15.750000 95.506575 65.312284 46.337277 34.350804 27.079338 22.552587 13.462944 5.530013 0.456460 91.876602 73.707718 54.286013 44.038797 26.349366 45.580856
15.800000 95.846860 65.562964 46.531065 34.508261 27.214526 22.673789 13.555657 5.597138 0.506549 92.206157 73.983402 54.503709 44.225648 26.482306 45.772363
15.850000 96.187075 65.813597 46.724823 34.665696 27.349698 22.794980 13.648367 5.664266 0.556645 92.535644 74.259034 54.721367 44.412469 26.615230 45.963839
15.900000 96.527221 66.064185 46.918549 34.823109 27.484854 22.916158 13.741071 5.731396 0.606747 92.865065 74.534613 54.938987 44.599262 26.748139 46.155285
15.950000 96.867298 66.314727 47.112245 34.980502 27.619994 23.037325 13.833771 5.798528 0.656856 93.194420 74.810140 55.156571 44.786025 26.881033 46.346700
16.000000 97.207306 66.565223 47.305910 35.137873 27.755119 23.158480 13.926467 5.865662 0.706971 93.523709 75.085616 55.374118 44.972760 27.013913 46.538086
16.050000 97.547245 66.815675 47.499544 35.295223 27.890229 23.279623 14.019158 5.932798 0.757093 93.852933 75.361039 55.591628 45.159465 27.146777 46.729442
16.100000 97.887117 67.066081 47.693149 35.452552 28.025323 23.400754 14.111845 5.999937 0.807222 94.182091 75.636411 55.809102 45.346143 27.279627 46.920767
16.150000 98.226922 67.316443 47.886722 35.609860 28.160402 23.521873 14.204527 6.067077 0.857357 94.511184 75.911732 56.026539 45.532791 27.412462 47.112064
16.200000 98.566659 67.566760 48.080266 35.767147 28.295466 23.642981 14.297205 6.134220 0.907498 94.840213 76.187003 56.243941 45.719412 27.545283 47.303330
16.250000 98.906329 67.817033 48.273780 35.924413 28.430515 23.764077 14.389879 6.201365 0.957645 95.169179 76.462222 56.461306 45.906004 27.678089 47.494568
16.300000 99.245933 68.067262 48.467265 36.081659 28.565549 23.885162 14.482548 6.268511 1.007799 95.498080 76.737392 56.678636 46.092569 27.810880 47.685776
16.350000 99.585471 68.317448 48.660719 36.238884 28.700568 24.006235 14.575213 6.335660 1.057959 95.826918 77.012512 56.895930 46.279105 27.943657 47.876955
16.400000 99.924943 68.567589 48.854145 36.396089 28.835572 24.127297 14.667873 6.402811 1.108126 96.155693 77.287582 57.113189 46.465614 28.076420 48.068106
16.450000 100.264350 68.817688 49.047541 36.553274 28.970561 24.248348 14.760529 6.469963 1.158298 96.484405 77.562602 57.330413 46.652096 28.209168 48.259228
16.500000 100.603692 69.067744 49.240908 36.710438 29.105535 24.369387 14.853181 6.537118 1.208477 96.813055 77.837574 57.547601 46.838550 28.341903 48.450321
16.550000 100.942970 69.317757 49.434246 36.867582 29.240495 24.490415 14.945828 6.604274 1.258661 97.141643 78.112496 57.764755 47.024977 28.474623 48.641386
16.600000 101.282183 69.567727 49.627555 37.024707 29.375440 24.611432 15.038471 6.671433 1.308852 97.470169 78.387370 57.981875 47.211376 28.607329 48.832423
16.650000 101.621332 69.817655 49.820836 37.181811 29.510370 24.732437 15.131110 6.738593 1.359049 97.798634 78.662196 58.198960 47.397749 28.740021 49.023431
16.700000 101.960418 70.067540 50.014088 37.338896 29.645286 24.853432 15.223745 6.805755 1.409251 98.127037 78.936973 58.416011 47.584095 28.872699 49.214412
16.750000 102.299440 70.317384 50.207312 37.495961 29.780188 24.974415 15.316375 6.872919 1.459460 98.455381 79.211703 58.633028 47.770414 29.005364 49.405365
16.800000 102.638399 70.567186 50.400507 37.653006 29.915076 25.095387 15.409001 6.940084 1.509674 98.783663 79.486384 58.850010 47.956706 29.138014 49.596290
16.850000 102.977296 70.816947 50.593675 37.810032 30.049949 25.216349 15.501623 7.007252 1.559894 99.111886 79.761019 59.066960 48.142972 29.270651 49.787187
16.900000 103.316130 71.066666 50.786814 37.967038 30.184808 25.337299 15.594240 7.074421 1.610120 99.440048 80.035606 59.283875 48.329212 29.403274 49.978058
16.950000 103.654902 71.316344 50.979926 38.124025 30.319652 25.458239 15.686853 7.141592 1.660351 99.768152 80.310147 59.500757 48.515426 29.535884 50.168900
17.000000 103.993613 71.565982 51.173010 38.280993 30.454483 25.579167 15.779462 7.208765 1.710589 100.096196 80.584640 59.717606 48.701613 29.668480 50.359716
17.050000 104.332262 71.815578 51.366066 38.437941 30.589300 25.700085 15.872067 7.275939 1.760831 100.424181 80.859088 59.934422 48.887775 29.801062 50.550505
17.100000 104.670851 72.065135 51.559095 38.594871 30.724102 25.820993 15.964668 7.343115 1.811080 100.752108 81.133489 60.151205 49.073911 29.933631 50.741267
17.150000 105.009378 72.314650 51.752097 38.751782 30.858891 25.941889 16.057264 7.410293 1.861334 101.079976 81.407844 60.367956 49.260021 30.066187 50.932002
17.200000 105.347845 72.564126 51.945072 38.908673 30.993666 26.062775 16.149856 7.477472 1.911593 101.407786 81.682153 60.584673 49.446105 30.198729 51.122710
17.250000 105.686252 72.813562 52.138019 39.065546 31.128427 26.183650 16.242445 7.544653 1.961858 101.735539 81.956417 60.801358 49.632164 30.331258 51.313392
17.300000 106.024599 73.062958 52.330940 39.222400 31.263175 26.304515 16.335028 7.611836 2.012129 102.063234 82.230635 61.018011 49.818198 30.463774 51.504047
17.350000 106.362886 73.312315 52.523834 39.379236 31.397909 26.425369 16.427608 7.679020 2.062404 102.390872 82.504808 61.234632 50.004206 30.596277 51.694677
17.400000 106.701114 73.561632 52.716701 39.536053 31.532629 26.546213 16.520184 7.746206 2.112686 102.718453 82.778936 61.451221 50.190189 30.728767 51.885280
17.450000 107.039284 73.810911 52.909542 39.692851 31.667336 26.667046 16.612755 7.813393 2.162972 103.045977 83.053020 61.667778 50.376148 30.861243 52.075857
17.500000 107.377394 74.060150 53.102356 39.849631 31.802029 26.787869 16.705323 7.880582 2.213264 103.373445 83.327059 61.884303 50.562081 30.993707 52.266408
17.550000 107.715446 74.309350 53.295144 40.006393 31.936709 26.908681 16.797886 7.947772 2.263561 103.700857 83.601054 62.100797 50.747990 31.126157 52.456933
17.600000 108.053440 74.558512 53.487906 40.163136 32.071375 27.029483 16.890445 8.014964 2.313863 104.028213 83.875005 62.317259 50.933874 31.258595 52.647433
17.650000 108.391376 74.807636 53.680641 40.319861 32.206028 27.150275 16.983000 8.082157 2.364170 104.355514 84.148912 62.533691 51.119733 31.391020 52.837907
17.700000 108.729254 75.056721 53.873351 40.476569 32.340668 27.271056 17.075551 8.149351 2.414482 104.682759 84.422775 62.750091 51.305568 31.523432 53.028356
17.750000 109.067075 75.305768 54.066035 40.633258 32.475294 27.391828 17.168098 8.216547 2.464800 105.009949 84.696595 62.966460 51.491379 31.655831 53.218779
17.800000 109.404839 75.554777 54.258693 40.789929 32.609907 27.512589 17.260640 8.283745 2.515122 105.337085 84.970372 63.182798 51.677165 31.788218 53.409177
17.850000 109.742546 75.803749 54.451326 40.946582 32.744508 27.633340 17.353179 8.350943 2.565450 105.664165 85.244106 63.399105 51.862927 31.920591 53.599550
17.900000 110.080196 76.052683 54.643933 41.103218 32.879095 27.754081 17.445713 8.418143 2.615782 105.991192 85.517796 63.615382 52.048666 32.052953 53.789898
17.950000 110.417791 76.301579 54.836515 41.259836 33.013669 27.874811 17.538244 8.485345 2.666120 106.318165 85.791444 63.831628 52.234380 32.185302 53.980221
18.000000 110.755329 76.550438 55.029071 41.416436 33.148230 27.995532 17.630770 8.552548 2.716462 106.645083 86.065050 64.047845 52.420070 32.317638 54.170519
18.050000 111.092811 76.799260 55.221602 41.573018 33.282778 28.116243 17.723293 8.619752 2.766809 106.971949 86.338613 64.264030 52.605737 32.449962 54.360792
18.100000 111.430238 77.048046 55.414108 41.729583 33.417313 28.236943 17.815811 8.686957 2.817161 107.298760 86.612134 64.480186 52.791380 32.582273 54.551041
18.150000 111.767609 77.296794 55.606590 41.886131 33.551835 28.357634 17.908325 8.754163 2.867517 107.625519 86.885613 64.696312 52.977000 32.714572 54.741266
18.200000 112.104926 77.545506 55.799046 42.042661 33.686345 28.478315 18.000835 8.821371 2.917879 107.952225 87.159051 64.912408 53.162596 32.846859 54.931465
18.250000 112.442187 77.794182 55.991477 42.199174 33.820842 28.598986 18.093341 8.888580 2.968245 108.278879 87.432447 65.128475 53.348168 32.979133 55.121641
18.300000 112.779394 78.042821 56.183884 42.355669 33.955326 28.719647 18.185844 8.955790 3.018616 108.605480 87.705801 65.344512 53.533718 33.111395 55.311793
18.350000 113.116547 78.291424 56.376266 42.512148 34.089798 28.840298 18.278342 9.023001 3.068991 108.932028 87.979115 65.560519 53.719244 33.243645 55.501920
18.400000 113.453645 78.539991 56.568624 42.668609 34.224256 28.960940 18.370836 9.090214 3.119371 109.258525 88.252387 65.776498 53.904747 33.375883 55.692023
18.450000 113.790690 78.788522 56.760958 42.825053 34.358703 29.081572 18.463326 9.157428 3.169756 109.584970 88.525618 65.992447 54.090228 33.508108 55.882103
18.500000 114.127681 79.037018 56.953267 42.981481 34.493137 29.202194 18.555812 9.224642 3.220145 109.911364 88.798809 66.208367 54.275685 33.640322 56.072158
18.550000 114.464619 79.285478 57.145552 43.137891 34.627558 29.322806 18.648294 9.291858 3.270538 110.237706 89.071959 66.424258 54.461120 33.772523 56.262190
18.600000 114.801503 79.533903 57.337813 43.294284 34.761967 29.443409 18.740772 9.359075 3.320937 110.563998 89.345069 66.640120 54.646532 33.904713 56.452198
18.650000 115.138335 79.782292 57.530050 43.450661 34.896363 29.564002 18.833246 9.426293 3.371339 110.890238 89.618139 66.855953 54.831921 34.036891 56.642183
18.700000 115.475114 80.030647 57.722263 43.607021 35.030747 29.684585 18.925716 9.493512 3.421746 111.216428 89.891168 67.071758 55.017288 34.169056 56.832144
18.750000 115.811840 80.278966 57.914452 43.763364 35.165119 29.805159 19.018182 9.560732 3.472157 111.542568 90.164158 67.287534 55.202632 34.301210 57.022082
18.800000 116.148514 80.527250 58.106617 43.919691 35.299478 29.925723 19.110644 9.627953 3.522573 111.868657 90.437108 67.503282 55.387954 34.433352 57.211997
18.850000 116.485136 80.775500 58.298759 44.076001 35.433826 30.046278 19.203102 9.695175 3.572993 112.194696 90.710019 67.719002 55.573254 34.565482 57.401888
18.900000 116.821706 81.023716 58.490877 44.232294 35.568161 30.166823 19.295556 9.762398 3.623417 112.520686 90.982890 67.934694 55.758531 34.697600 57.591757
18.950000 117.158224 81.271897 58.682972 44.388571 35.702484 30.287359 19.388006 9.829622 3.673845 112.846625 91.255722 68.150357 55.943786 34.829707 57.781602
19.000000 117.494691 81.520043 58.875044 44.544832 35.836794 30.407885 19.480452 9.896846 3.724278 113.172516 91.528514 68.365993 56.129020 34.961802 57.971424
19.050000 117.831106 81.768156 59.067092 44.701076 35.971093 30.528402 19.572894 9.964072 3.774714 113.498357 91.801268 68.581600 56.314231 35.093885 58.161224
19.100000 118.167471 82.016234 59.259117 44.857304 36.105380 30.648910 19.665332 10.031299 3.825155 113.824149 92.073984 68.797180 56.499421 35.225957 58.351001
19.150000 118.503785 82.264279 59.451119 45.013516 36.239654 30.769408 19.757766 10.098526 3.875600 114.149893 92.346660 69.012733 56.684588 35.358017 58.540755
19.200000 118.840048 82.512290 59.643098 45.169712 36.373917 30.889897 19.850197 10.165755 3.926049 114.475588 92.619298 69.228258 56.869734 35.490065 58.730486
19.250000 119.176261 82.760267 59.835054 45.325891 36.508168 31.010377 19.942623 10.232984 3.976502 114.801234 92.891898 69.443755 57.054859 35.622102 58.920195
19.300000 119.512423 83.008211 60.026987 45.482055 36.642406 31.130847 20.035045 10.300214 4.026959 115.126832 93.164460 69.659225 57.239962 35.754128 59.109882
19.350000 119.848536 83.256122 60.218898 45.638202 36.776633 31.251308 20.127463 10.367445 4.077420 115.452383 93.436984 69.874668 57.425043 35.886142 59.299546
19.400000 120.184598 83.503999 60.410785 45.794334 36.910848 31.371760 20.219878 10.434676 4.127885 115.777885 93.709469 70.090084 57.610103 36.018145 59.489188
19.450000 120.520611 83.751843 60.602650 45.950449 37.045052 31.492202 20.312288 10.501909 4.178354 116.103340 93.981918 70.305472 57.795141 36.150136 59.678808
19.500000 120.856575 83.999654 60.794493 46.106549 37.179243 31.612635 20.404695 10.569142 4.228827 116.428747 94.254328 70.520834 57.980159 36.282116 59.868406
19.550000 121.192489 84.247433 60.986313 46.262633 37.313423 31.733060 20.497097 10.636375 4.279303 116.754107 94.526701 70.736169 58.165155 36.414085 60.057982
19.600000 121.528354 84.495178 61.178111 46.418701 37.447591 31.853475 20.589496 10.703610 4.329784 117.079420 94.799037 70.951478 58.350130 36.546042 60.247535
19.650000 121.864170 84.742891 61.369886 46.574754 37.581748 31.973881 20.681890 10.770845 4.380268 117.404686 95.071336 71.166759 58.535084 36.677988 60.437067
19.700000 122.199938 84.990571 61.561639 46.730791 37.715892 32.094277 20.774281 10.838081 4.430756 117.729905 95.343597 71.382014 58.720017 36.809923 60.626577
19.750000 122.535657 85.238220 61.753371 46.886812 37.850026 32.214665 20.866667 10.905318 4.481247 118.055077 95.615822 71.597243 58.904929 36.941847 60.816066
19.800000 122.871328 85.485835 61.945080 47.042818 37.984147 32.335044 20.959050 10.972555 4.531743 118.380203 95.888010 71.812445 59.089821 37.073759 61.005532
19.850000 123.206950 85.733419 62.136767 47.198808 38.118258 32.455414 21.051429 11.039793 4.582242 118.705283 96.160161 72.027621 59.274691 37.205661 61.194977
19.900000 123.542525 85.980971 62.328432 47.354783 38.252356 32.575774 21.143804 11.107031 4.632744 119.030317 96.432276 72.242771 59.459541 37.337551 61.384401
19.950000 123.878052 86.228490 62.520075 47.510742 38.386444 32.696126 21.236175 11.174270 4.683251 119.355305 96.704355 72.457895 59.644371 37.469430 61.573803
20.000000 124.213531 86.475978 62.711696 47.666686 38.520519 32.816469 21.328542 11.241510 4.733761 119.680247 96.976397 72.672993 59.829179 37.601298 61.763184
20.050000 124.548963 86.723434 62.903296 47.822615 38.654584 32.936803 21.420905 11.308750 4.784274 120.005144 97.248403 72.888065 60.013968 37.733156 61.952543
20.100000 124.884347 86.970859 63.094874 47.978528 38.788637 33.057127 21.513264 11.375991 4.834791 120.329995 97.520373 73.103111 60.198736 37.865002 62.141882
20.150000 125.219685 87.218252 63.286431 48.134426 38.922678 33.177443 21.605619 11.443232 4.885312 120.654801 97.792308 73.318131 60.383483 37.996837 62.331199
20.200000 125.554975 87.465614 63.477966 48.290309 39.056709 33.297750 21.697971 11.510474 4.935836 120.979562 98.064206 73.533126 60.568210 38.128662 62.520495
