web/models/kne/2/Metzger_0.024890_0.078621_0.450000.dat
# %ECSV 0.9
# ---
# datatype:
# - {name: time, datatype: float64}
# - {name: sdss_u, datatype: float64}
# - {name: sdss_g, datatype: float64}
# - {name: sdss_r, datatype: float64}
# - {name: sdss_i, datatype: float64}
# - {name: sdss_z, datatype: float64}
# - {name: PS1_y, datatype: float64}
# - {name: ukirt_J, datatype: float64}
# - {name: ukirt_H, datatype: float64}
# - {name: ukirt_K, datatype: float64}
# - {name: johnson_U, datatype: float64}
# - {name: johnson_B, datatype: float64}
# - {name: johnson_V, datatype: float64}
# - {name: johnson_R, datatype: float64}
# - {name: johnson_I, datatype: float64}
# - {name: Clear, datatype: float64}
# meta: !!omap
# - comment: [vej = 0.07862068965517241, mej = 0.024889660212162802, Ye = 0.45, redshift = 0.0]
# schema: astropy-2.0
time sdss_u sdss_g sdss_r sdss_i sdss_z PS1_y ukirt_J ukirt_H ukirt_K johnson_U johnson_B johnson_V johnson_R johnson_I Clear
[from data line 802]
40.200000 88.844398 59.947506 41.796227 30.335805 23.386778 19.062515 10.385363 2.822926 -2.003953 85.369790 67.980894 49.398814 39.598198 22.689356 41.072845
40.250000 88.974922 60.043644 41.870534 30.396170 23.438597 19.108968 10.420883 2.848626 -1.984790 85.496195 68.086628 49.482295 39.669842 22.740312 41.146276
40.300000 89.105438 60.139778 41.944838 30.456533 23.490415 19.155420 10.456404 2.874328 -1.965625 85.622594 68.192356 49.565772 39.741484 22.791267 41.219704
40.350000 89.235948 60.235908 42.019140 30.516895 23.542233 19.201871 10.491925 2.900032 -1.946458 85.748988 68.298080 49.649247 39.813124 22.842222 41.293131
40.400000 89.366452 60.332034 42.093439 30.577256 23.594050 19.248323 10.527447 2.925736 -1.927290 85.875374 68.403800 49.732719 39.884762 22.893177 41.366555
40.450000 89.496949 60.428156 42.167737 30.637615 23.645866 19.294774 10.562969 2.951442 -1.908120 86.001755 68.509514 49.816187 39.956398 22.944131 41.439977
40.500000 89.627440 60.524275 42.242031 30.697973 23.697681 19.341225 10.598491 2.977149 -1.888948 86.128130 68.615224 49.899653 40.028032 22.995084 41.513396
40.550000 89.757924 60.620389 42.316324 30.758330 23.749496 19.387675 10.634014 3.002857 -1.869775 86.254498 68.720930 49.983115 40.099663 23.046036 41.586814
40.600000 89.888402 60.716499 42.390614 30.818685 23.801310 19.434126 10.669538 3.028567 -1.850600 86.380861 68.826631 50.066575 40.171292 23.096988 41.660229
40.650000 90.018874 60.812606 42.464902 30.879039 23.853124 19.480576 10.705062 3.054277 -1.831423 86.507217 68.932327 50.150031 40.242920 23.147940 41.733642
40.700000 90.149339 60.908708 42.539188 30.939392 23.904937 19.527026 10.740587 3.079989 -1.812244 86.633567 69.038018 50.233485 40.314545 23.198890 41.807052
40.750000 90.279797 61.004807 42.613471 30.999743 23.956749 19.573475 10.776112 3.105702 -1.793064 86.759911 69.143705 50.316936 40.386168 23.249840 41.880460
40.800000 90.410250 61.100902 42.687752 31.060094 24.008560 19.619924 10.811638 3.131416 -1.773882 86.886249 69.249388 50.400383 40.457788 23.300790 41.953866
40.850000 90.540695 61.196993 42.762031 31.120442 24.060371 19.666373 10.847164 3.157132 -1.754698 87.012581 69.355066 50.483828 40.529407 23.351739 42.027270
40.900000 90.671135 61.293080 42.836307 31.180790 24.112181 19.712822 10.882690 3.182849 -1.735513 87.138906 69.460739 50.567269 40.601024 23.402687 42.100672
40.950000 90.801568 61.389163 42.910581 31.241136 24.163990 19.759270 10.918217 3.208566 -1.716326 87.265226 69.566407 50.650708 40.672638 23.453634 42.174071
41.000000 90.931995 61.485242 42.984853 31.301481 24.215799 19.805718 10.953745 3.234286 -1.697138 87.391540 69.672071 50.734144 40.744250 23.504581 42.247468
41.050000 91.062415 61.581317 43.059122 31.361825 24.267607 19.852165 10.989273 3.260006 -1.677947 87.517847 69.777731 50.817576 40.815861 23.555528 42.320863
41.100000 91.192829 61.677389 43.133389 31.422167 24.319414 19.898613 11.024801 3.285727 -1.658755 87.644149 69.883386 50.901006 40.887469 23.606473 42.394255
41.150000 91.323237 61.773456 43.207654 31.482508 24.371221 19.945060 11.060330 3.311450 -1.639562 87.770444 69.989036 50.984433 40.959075 23.657418 42.467645
41.200000 91.453638 61.869520 43.281916 31.542848 24.423026 19.991506 11.095860 3.337174 -1.620367 87.896733 70.094682 51.067857 41.030679 23.708363 42.541033
41.250000 91.584033 61.965580 43.356176 31.603186 24.474832 20.037953 11.131390 3.362899 -1.601170 88.023017 70.200323 51.151278 41.102280 23.759306 42.614419
41.300000 91.714422 62.061636 43.430434 31.663523 24.526636 20.084399 11.166920 3.388625 -1.581971 88.149294 70.305960 51.234695 41.173880 23.810249 42.687803
41.350000 91.844804 62.157688 43.504690 31.723859 24.578440 20.130844 11.202451 3.414352 -1.562771 88.275566 70.411592 51.318110 41.245477 23.861192 42.761184
41.400000 91.975180 62.253736 43.578943 31.784193 24.630243 20.177290 11.237982 3.440080 -1.543570 88.401831 70.517220 51.401522 41.317073 23.912134 42.834563
41.450000 92.105550 62.349781 43.653194 31.844526 24.682045 20.223735 11.273514 3.465810 -1.524366 88.528090 70.622843 51.484931 41.388666 23.963075 42.907940
41.500000 92.235914 62.445821 43.727443 31.904858 24.733847 20.270180 11.309046 3.491541 -1.505161 88.654344 70.728461 51.568338 41.460257 24.014016 42.981315
41.550000 92.366271 62.541858 43.801689 31.965189 24.785648 20.316624 11.344579 3.517273 -1.485955 88.780591 70.834075 51.651741 41.531846 24.064955 43.054687
41.600000 92.496622 62.637891 43.875933 32.025518 24.837448 20.363068 11.380112 3.543006 -1.466747 88.906832 70.939685 51.735141 41.603433 24.115895 43.128057
41.650000 92.626967 62.733920 43.950175 32.085846 24.889248 20.409512 11.415646 3.568740 -1.447537 89.033068 71.045290 51.818538 41.675018 24.166833 43.201425
41.700000 92.757305 62.829945 44.024414 32.146173 24.941047 20.455956 11.451180 3.594475 -1.428326 89.159297 71.150890 51.901933 41.746601 24.217771 43.274791
41.750000 92.887637 62.925966 44.098651 32.206498 24.992845 20.502399 11.486714 3.620212 -1.409113 89.285521 71.256486 51.985324 41.818182 24.268709 43.348154
41.800000 93.017964 63.021984 44.172886 32.266822 25.044642 20.548842 11.522249 3.645949 -1.389898 89.411738 71.362078 52.068712 41.889760 24.319645 43.421515
41.850000 93.148283 63.117998 44.247119 32.327145 25.096439 20.595284 11.557784 3.671688 -1.370682 89.537950 71.467665 52.152098 41.961337 24.370581 43.494874
41.900000 93.278597 63.214008 44.321349 32.387466 25.148235 20.641726 11.593320 3.697428 -1.351465 89.664156 71.573248 52.235481 42.032911 24.421517 43.568231
41.950000 93.408904 63.310014 44.395577 32.447786 25.200030 20.688168 11.628856 3.723168 -1.332245 89.790355 71.678826 52.318860 42.104483 24.472451 43.641586
42.000000 93.539206 63.406016 44.469803 32.508105 25.251825 20.734609 11.664393 3.748910 -1.313025 89.916549 71.784399 52.402237 42.176054 24.523386 43.714938
42.050000 93.669501 63.502015 44.544027 32.568422 25.303619 20.781051 11.699930 3.774654 -1.293802 90.042737 71.889968 52.485611 42.247622 24.574319 43.788288
42.100000 93.799789 63.598010 44.618248 32.628738 25.355412 20.827491 11.735467 3.800398 -1.274578 90.168919 71.995533 52.568982 42.319188 24.625252 43.861636
42.150000 93.930072 63.694001 44.692467 32.689053 25.407204 20.873932 11.771005 3.826143 -1.255353 90.295096 72.101093 52.652350 42.390752 24.676184 43.934982
42.200000 94.060349 63.789988 44.766683 32.749367 25.458996 20.920372 11.806543 3.851889 -1.236126 90.421266 72.206649 52.735715 42.462313 24.727115 44.008325
42.250000 94.190619 63.885971 44.840898 32.809679 25.510787 20.966812 11.842082 3.877637 -1.216897 90.547430 72.312201 52.819077 42.533873 24.778046 44.081667
42.300000 94.320883 63.981951 44.915110 32.869990 25.562577 21.013251 11.877621 3.903385 -1.197667 90.673589 72.417748 52.902437 42.605431 24.828976 44.155006
42.350000 94.451141 64.077927 44.989320 32.930299 25.614367 21.059690 11.913161 3.929135 -1.178436 90.799742 72.523290 52.985793 42.676986 24.879906 44.228342
42.400000 94.581393 64.173899 45.063527 32.990608 25.666156 21.106129 11.948700 3.954886 -1.159203 90.925889 72.628828 53.069147 42.748540 24.930834 44.301677
42.450000 94.711639 64.269867 45.137733 33.050915 25.717944 21.152567 11.984241 3.980637 -1.139968 91.052030 72.734362 53.152497 42.820091 24.981763 44.375010
42.500000 94.841879 64.365832 45.211936 33.111220 25.769731 21.199005 12.019781 4.006390 -1.120732 91.178165 72.839891 53.235845 42.891641 25.032690 44.448340
42.550000 94.972112 64.461793 45.286137 33.171525 25.821518 21.245443 12.055322 4.032144 -1.101494 91.304294 72.945416 53.319190 42.963188 25.083617 44.521668
42.600000 95.102340 64.557750 45.360335 33.231828 25.873304 21.291880 12.090864 4.057899 -1.082255 91.430418 73.050936 53.402532 43.034733 25.134543 44.594994
42.650000 95.232561 64.653703 45.434531 33.292129 25.925089 21.338317 12.126406 4.083655 -1.063015 91.556536 73.156452 53.485871 43.106276 25.185469 44.668317
42.700000 95.362777 64.749653 45.508725 33.352430 25.976873 21.384753 12.161948 4.109412 -1.043772 91.682648 73.261964 53.569207 43.177817 25.236393 44.741639
42.750000 95.492986 64.845599 45.582917 33.412729 26.028657 21.431190 12.197490 4.135170 -1.024529 91.808754 73.367471 53.652540 43.249356 25.287318 44.814958
42.800000 95.623189 64.941541 45.657107 33.473027 26.080440 21.477625 12.233033 4.160930 -1.005284 91.934854 73.472974 53.735871 43.320893 25.338241 44.888275
42.850000 95.753386 65.037479 45.731294 33.533323 26.132223 21.524061 12.268577 4.186690 -0.986037 92.060949 73.578472 53.819198 43.392428 25.389164 44.961590
42.900000 95.883577 65.133414 45.805479 33.593619 26.184004 21.570496 12.304120 4.212451 -0.966789 92.187038 73.683966 53.902523 43.463960 25.440086 45.034903
42.950000 96.013762 65.229345 45.879662 33.653912 26.235785 21.616931 12.339664 4.238213 -0.947539 92.313121 73.789456 53.985845 43.535491 25.491007 45.108213
43.000000 96.143941 65.325272 45.953842 33.714205 26.287565 21.663365 12.375209 4.263977 -0.928288 92.439198 73.894942 54.069164 43.607020 25.541928 45.181521
43.050000 96.274114 65.421195 46.028021 33.774496 26.339345 21.709799 12.410754 4.289741 -0.909036 92.565270 74.000423 54.152480 43.678546 25.592848 45.254827
43.100000 96.404281 65.517115 46.102197 33.834786 26.391123 21.756233 12.446299 4.315506 -0.889782 92.691336 74.105899 54.235793 43.750071 25.643768 45.328131
43.150000 96.534442 65.613031 46.176370 33.895075 26.442901 21.802666 12.481844 4.341273 -0.870527 92.817396 74.211371 54.319104 43.821593 25.694687 45.401433
43.200000 96.664597 65.708944 46.250542 33.955362 26.494678 21.849099 12.517390 4.367040 -0.851270 92.943450 74.316839 54.402411 43.893113 25.745605 45.474733
43.250000 96.794746 65.804852 46.324711 34.015648 26.546455 21.895531 12.552936 4.392808 -0.832011 93.069499 74.422303 54.485716 43.964632 25.796522 45.548030
43.300000 96.924889 65.900757 46.398878 34.075933 26.598230 21.941963 12.588483 4.418578 -0.812752 93.195542 74.527762 54.569018 44.036148 25.847439 45.621325
43.350000 97.055026 65.996659 46.473043 34.136217 26.650005 21.988395 12.624030 4.444348 -0.793491 93.321579 74.633217 54.652317 44.107662 25.898355 45.694618
43.400000 97.185157 66.092556 46.547206 34.196499 26.701780 22.034826 12.659577 4.470119 -0.774228 93.447610 74.738668 54.735613 44.179174 25.949270 45.767909
43.450000 97.315282 66.188450 46.621366 34.256780 26.753553 22.081257 12.695125 4.495892 -0.754964 93.573636 74.844114 54.818906 44.250684 26.000185 45.841198
43.500000 97.445401 66.284341 46.695524 34.317059 26.805326 22.127688 12.730673 4.521665 -0.735698 93.699656 74.949556 54.902197 44.322192 26.051099 45.914484
43.550000 97.575514 66.380227 46.769680 34.377337 26.857098 22.174118 12.766221 4.547440 -0.716432 93.825671 75.054994 54.985484 44.393698 26.102012 45.987769
43.600000 97.705621 66.476110 46.843834 34.437614 26.908869 22.220548 12.801770 4.573215 -0.697163 93.951680 75.160427 55.068769 44.465202 26.152925 46.061051
43.650000 97.835722 66.571989 46.917985 34.497890 26.960640 22.266977 12.837319 4.598991 -0.677893 94.077683 75.265856 55.152051 44.536704 26.203837 46.134331
43.700000 97.965818 66.667865 46.992135 34.558164 27.012410 22.313406 12.872868 4.624769 -0.658622 94.203680 75.371281 55.235330 44.608203 26.254748 46.207609
43.750000 98.095907 66.763737 47.066282 34.618437 27.064179 22.359835 12.908418 4.650547 -0.639350 94.329672 75.476702 55.318607 44.679701 26.305659 46.280884
43.800000 98.225990 66.859605 47.140426 34.678709 27.115947 22.406263 12.943968 4.676326 -0.620076 94.455658 75.582118 55.401880 44.751197 26.356569 46.354158
43.850000 98.356068 66.955470 47.214569 34.738979 27.167714 22.452691 12.979518 4.702106 -0.600801 94.581639 75.687530 55.485151 44.822690 26.407478 46.427429
43.900000 98.486140 67.051331 47.288709 34.799248 27.219481 22.499118 13.015069 4.727888 -0.581524 94.707614 75.792937 55.568419 44.894182 26.458386 46.500698
43.950000 98.616205 67.147188 47.362848 34.859516 27.271247 22.545545 13.050620 4.753670 -0.562246 94.833583 75.898341 55.651684 44.965672 26.509294 46.573965
44.000000 98.746265 67.243042 47.436983 34.919783 27.323013 22.591972 13.086171 4.779453 -0.542966 94.959547 76.003740 55.734946 45.037159 26.560201 46.647230
44.050000 98.876319 67.338892 47.511117 34.980048 27.374777 22.638398 13.121722 4.805237 -0.523685 95.085505 76.109135 55.818205 45.108645 26.611108 46.720493
44.100000 99.006367 67.434738 47.585249 35.040312 27.426541 22.684824 13.157274 4.831022 -0.504403 95.211457 76.214525 55.901462 45.180128 26.662014 46.793753
44.150000 99.136410 67.530581 47.659378 35.100574 27.478304 22.731250 13.192826 4.856808 -0.485119 95.337404 76.319912 55.984716 45.251609 26.712919 46.867012
44.200000 99.266446 67.626420 47.733505 35.160835 27.530067 22.777675 13.228379 4.882595 -0.465834 95.463345 76.425294 56.067967 45.323089 26.763823 46.940268
44.250000 99.396477 67.722256 47.807630 35.221095 27.581828 22.824099 13.263932 4.908383 -0.446548 95.589281 76.530671 56.151215 45.394566 26.814727 47.013522
44.300000 99.526502 67.818088 47.881753 35.281354 27.633589 22.870524 13.299485 4.934171 -0.427260 95.715211 76.636045 56.234460 45.466041 26.865630 47.086774
44.350000 99.656520 67.913916 47.955873 35.341611 27.685349 22.916948 13.335038 4.959961 -0.407971 95.841136 76.741414 56.317703 45.537515 26.916532 47.160024
44.400000 99.786534 68.009741 48.029991 35.401867 27.737108 22.963371 13.370592 4.985752 -0.388681 95.967055 76.846780 56.400943 45.608986 26.967434 47.233271
44.450000 99.916541 68.105562 48.104107 35.462122 27.788867 23.009794 13.406146 5.011543 -0.369389 96.092968 76.952141 56.484180 45.680455 27.018335 47.306517
44.500000 100.046542 68.201380 48.178221 35.522376 27.840625 23.056217 13.441700 5.037336 -0.350096 96.218876 77.057497 56.567414 45.751922 27.069235 47.379760
44.550000 100.176538 68.297193 48.252333 35.582628 27.892382 23.102639 13.477255 5.063129 -0.330802 96.344778 77.162850 56.650645 45.823387 27.120134 47.453002
44.600000 100.306528 68.393004 48.326442 35.642879 27.944138 23.149061 13.512809 5.088924 -0.311506 96.470675 77.268198 56.733874 45.894851 27.171033 47.526241
44.650000 100.436512 68.488810 48.400550 35.703128 27.995894 23.195482 13.548365 5.114719 -0.292209 96.596567 77.373542 56.817100 45.966312 27.221931 47.599478
44.700000 100.566490 68.584614 48.474655 35.763376 28.047648 23.241903 13.583920 5.140515 -0.272910 96.722452 77.478882 56.900323 46.037771 27.272828 47.672712
44.750000 100.696463 68.680413 48.548758 35.823623 28.099402 23.288324 13.619476 5.166312 -0.253610 96.848333 77.584218 56.983543 46.109228 27.323725 47.745945
44.800000 100.826429 68.776209 48.622858 35.883869 28.151156 23.334744 13.655032 5.192110 -0.234309 96.974207 77.689549 57.066761 46.180683 27.374621 47.819176
44.850000 100.956390 68.872002 48.696957 35.944113 28.202908 23.381163 13.690588 5.217909 -0.215007 97.100077 77.794877 57.149976 46.252136 27.425516 47.892404
44.900000 101.086346 68.967790 48.771053 36.004356 28.254660 23.427583 13.726144 5.243709 -0.195703 97.225940 77.900200 57.233188 46.323587 27.476411 47.965630
44.950000 101.216295 69.063576 48.845147 36.064598 28.306411 23.474002 13.761701 5.269509 -0.176398 97.351799 78.005519 57.316397 46.395036 27.527305 48.038854
45.000000 101.346239 69.159357 48.919239 36.124838 28.358161 23.520420 13.797258 5.295311 -0.157092 97.477652 78.110833 57.399603 46.466483 27.578198 48.112076
45.050000 101.476177 69.255136 48.993329 36.185077 28.409911 23.566838 13.832816 5.321113 -0.137784 97.603499 78.216144 57.482807 46.537928 27.629090 48.185296
45.100000 101.606109 69.350910 49.067417 36.245315 28.461659 23.613256 13.868373 5.346917 -0.118475 97.729341 78.321451 57.566008 46.609371 27.679982 48.258514
