web/models/kne/2/Metzger_0.002920_0.467586_0.450000.dat
# %ECSV 0.9
# ---
# datatype:
# - {name: time, datatype: float64}
# - {name: sdss_u, datatype: float64}
# - {name: sdss_g, datatype: float64}
# - {name: sdss_r, datatype: float64}
# - {name: sdss_i, datatype: float64}
# - {name: sdss_z, datatype: float64}
# - {name: PS1_y, datatype: float64}
# - {name: ukirt_J, datatype: float64}
# - {name: ukirt_H, datatype: float64}
# - {name: ukirt_K, datatype: float64}
# - {name: johnson_U, datatype: float64}
# - {name: johnson_B, datatype: float64}
# - {name: johnson_V, datatype: float64}
# - {name: johnson_R, datatype: float64}
# - {name: johnson_I, datatype: float64}
# - {name: Clear, datatype: float64}
# meta: !!omap
# - comment: [vej = 0.4675862068965517, mej = 0.002919709587218229, Ye = 0.45, redshift = 0.0]
# schema: astropy-2.0
time sdss_u sdss_g sdss_r sdss_i sdss_z PS1_y ukirt_J ukirt_H ukirt_K johnson_U johnson_B johnson_V johnson_R johnson_I Clear
0.100000 nan nan nan nan nan nan nan nan nan nan nan nan nan nan nan
0.150000 nan nan nan nan nan nan nan nan nan nan nan nan nan nan nan
0.200000 -13.619566 -14.365264 -14.657799 -14.729893 -14.711405 -14.668080 -14.478377 -14.137207 -13.762003 -13.722431 -14.186006 -14.557280 -14.679775 -14.706259 -14.665411
0.250000 -13.431747 -14.293373 -14.657090 -14.772702 -14.779793 -14.752002 -14.592447 -14.276357 -13.916654 -13.548628 -14.082084 -14.527016 -14.687520 -14.777174 -14.667489
0.300000 -13.146283 -14.142289 -14.588954 -14.755501 -14.792606 -14.783068 -14.658965 -14.372360 -14.030850 -13.279377 -13.893799 -14.424388 -14.629266 -14.792954 -14.602611
0.350000 -12.805805 -13.943027 -14.477306 -14.697901 -14.766951 -14.776869 -14.690607 -14.435480 -14.113363 -12.955906 -13.655374 -14.276252 -14.528087 -14.770461 -14.494413
0.400000 -12.447250 -13.719327 -14.337634 -14.610292 -14.710208 -14.738960 -14.689380 -14.464788 -14.161466 -12.613570 -13.394222 -14.101536 -14.398484 -14.716777 -14.358058
0.450000 -12.046903 -13.463923 -14.172880 -14.501931 -14.635383 -14.684636 -14.675057 -14.483802 -14.200984 -12.230635 -13.098519 -13.898931 -14.244622 -14.645280 -14.196892
0.500000 -11.638870 -13.196123 -13.993054 -14.377040 -14.543260 -14.612583 -14.642244 -14.483740 -14.221062 -11.839435 -12.791693 -13.682330 -14.075391 -14.556413 -14.020555
0.550000 -11.228678 -12.921262 -13.803303 -14.240607 -14.438720 -14.527614 -14.595617 -14.469173 -14.226209 -11.445476 -12.479146 -13.456969 -13.895909 -14.455046 -13.834185
0.600000 -10.820553 -12.643402 -13.607521 -14.096389 -14.325423 -14.433326 -14.538646 -14.443467 -14.219736 -11.052971 -12.164992 -13.226821 -13.710050 -14.344829 -13.641670
0.650000 -10.318876 -12.307988 -13.377049 -13.932020 -14.200800 -14.333184 -14.486678 -14.431955 -14.233129 -10.571223 -11.783234 -12.952377 -13.492283 -14.224170 -13.415380
0.700000 -9.754845 -11.930912 -13.118164 -13.747787 -14.061579 -14.221751 -14.430076 -14.421546 -14.251189 -10.029593 -11.354028 -12.643935 -13.247729 -14.089446 -13.161211
0.750000 -9.176274 -11.540244 -12.846430 -13.551354 -13.910673 -14.099010 -14.363074 -14.401669 -14.260403 -9.473533 -10.910952 -12.322305 -12.990436 -13.943093 -12.894230
0.800000 -8.585332 -11.137938 -12.563631 -13.344363 -13.749622 -13.966438 -14.287022 -14.373576 -14.261975 -8.905185 -10.456024 -11.989348 -12.722163 -13.786644 -12.616210
0.850000 -7.983833 -10.725630 -12.271258 -13.128187 -13.579714 -13.825265 -14.203030 -14.338286 -14.256877 -8.326345 -9.990932 -11.646620 -12.444380 -13.621375 -12.328637
0.900000 -7.373302 -10.304692 -11.970565 -12.903981 -13.402032 -13.676523 -14.112026 -14.296642 -14.245910 -7.738521 -9.517095 -11.295431 -12.158325 -13.448363 -12.032760
0.950000 -6.755020 -9.876280 -11.662614 -12.672725 -13.217493 -13.521087 -14.014789 -14.249345 -14.229732 -7.142977 -9.035703 -10.936883 -11.865043 -13.268518 -11.729634
1.000000 -6.130064 -9.441367 -11.348299 -12.435249 -13.026878 -13.359700 -13.911983 -14.196984 -14.208894 -6.540779 -8.547761 -10.571907 -11.565420 -13.082615 -11.420152
1.050000 -5.499341 -9.000777 -11.028382 -12.192262 -12.830854 -13.193001 -13.804172 -14.140061 -14.183862 -5.932826 -8.054115 -10.201293 -11.260208 -12.891316 -11.105072
1.100000 -4.863619 -8.555207 -10.703511 -11.944371 -12.629995 -13.021535 -13.691843 -14.079002 -14.155029 -5.319875 -7.555483 -9.825710 -10.950048 -12.695191 -10.785040
1.150000 -4.223544 -8.105249 -10.374240 -11.692098 -12.424794 -12.845778 -13.575418 -14.014178 -14.122734 -4.702566 -7.052473 -9.445730 -10.635489 -12.494731 -10.460608
1.200000 -3.579664 -7.651409 -10.041044 -11.435891 -12.215679 -12.666140 -13.455262 -13.945906 -14.087269 -4.081444 -6.545602 -9.061841 -10.317000 -12.290362 -10.132249
1.250000 -2.932445 -7.194119 -9.704330 -11.176138 -12.003022 -12.482978 -13.331697 -13.874468 -14.048887 -3.456969 -6.035311 -8.674462 -9.994988 -12.082452 -9.800371
1.300000 -2.282283 -6.733747 -9.364452 -10.913178 -11.787147 -12.296606 -13.205004 -13.800109 -14.007809 -2.829535 -5.521978 -8.283952 -9.669802 -11.871324 -9.465325
1.350000 -1.629517 -6.270614 -9.021714 -10.647304 -11.568338 -12.107298 -13.075432 -13.723045 -13.964232 -2.199478 -5.005927 -7.890623 -9.341744 -11.657261 -9.127416
1.400000 -0.974436 -5.804995 -8.676382 -10.378773 -11.346843 -11.915298 -12.943204 -13.643469 -13.918327 -1.567085 -4.487437 -7.494744 -9.011079 -11.440511 -8.786908
1.450000 -0.317289 -5.337127 -8.328687 -10.107810 -11.122883 -11.720819 -12.808515 -13.561555 -13.870248 -0.932604 -3.966750 -7.096551 -8.678039 -11.221293 -8.444033
1.500000 0.341709 -4.867219 -7.978833 -9.834615 -10.896653 -11.524052 -12.671542 -13.477455 -13.820135 -0.296249 -3.444076 -6.696248 -8.342824 -10.999801 -8.098994
1.550000 1.002373 -4.395453 -7.626998 -9.559364 -10.668325 -11.325168 -12.532443 -13.391310 -13.768110 0.341794 -2.919597 -6.294015 -8.005614 -10.776207 -7.751969
1.600000 1.664541 -3.921987 -7.273340 -9.282212 -10.438053 -11.124317 -12.391361 -13.303246 -13.714286 0.981365 -2.393473 -5.890011 -7.666565 -10.550667 -7.403116
1.650000 2.328072 -3.446962 -6.917998 -9.003300 -10.205976 -10.921636 -12.248424 -13.213378 -13.658765 1.622322 -1.865844 -5.484377 -7.325819 -10.323316 -7.052575
1.700000 2.992844 -2.970502 -6.561099 -8.722751 -9.972217 -10.717248 -12.103750 -13.121811 -13.601640 2.264543 -1.336835 -5.077235 -6.983499 -10.094280 -6.700471
1.750000 3.658746 -2.492718 -6.202752 -8.440678 -9.736888 -10.511264 -11.957445 -13.028639 -13.542996 2.907918 -0.806555 -4.668698 -6.639717 -9.863669 -6.346915
1.800000 4.325684 -2.013708 -5.843059 -8.157181 -9.500091 -10.303785 -11.809606 -12.933951 -13.482912 3.552352 -0.275103 -4.258866 -6.294574 -9.631585 -5.992007
1.850000 4.993573 -1.533560 -5.482109 -7.872353 -9.261916 -10.094902 -11.660321 -12.837829 -13.421459 4.197758 0.257435 -3.847826 -5.948160 -9.398119 -5.635838
1.900000 5.662335 -1.052354 -5.119984 -7.586275 -9.022447 -9.884698 -11.509673 -12.740347 -13.358704 4.844061 0.790979 -3.435661 -5.600557 -9.163355 -5.278489
1.950000 6.331904 -0.570162 -4.756759 -7.299024 -8.781761 -9.673250 -11.357737 -12.641573 -13.294709 5.491191 1.325460 -3.022443 -5.251839 -8.927370 -4.920035
2.000000 7.002217 -0.087049 -4.392500 -7.010668 -8.539928 -9.460629 -11.204581 -12.541574 -13.229532 6.139087 1.860812 -2.608239 -4.902074 -8.690232 -4.560544
2.050000 7.673220 0.396926 -4.027270 -6.721271 -8.297011 -9.246898 -11.050269 -12.440407 -13.163226 6.787693 2.396978 -2.193110 -4.551325 -8.452007 -4.200077
2.100000 8.344861 0.881709 -3.661126 -6.430892 -8.053069 -9.032117 -10.894862 -12.338130 -13.095842 7.436958 2.933905 -1.777111 -4.199648 -8.212753 -3.838691
2.150000 9.017095 1.367249 -3.294120 -6.139583 -7.808158 -8.816342 -10.738413 -12.234793 -13.027427 8.086835 3.471542 -1.360294 -3.847097 -7.972526 -3.476439
2.200000 9.689879 1.853500 -2.926300 -5.847396 -7.562329 -8.599623 -10.580975 -12.130446 -12.958024 8.737282 4.009846 -0.942707 -3.493719 -7.731376 -3.113369
2.250000 10.363175 2.340420 -2.557711 -5.554376 -7.315627 -8.382008 -10.422595 -12.025135 -12.887676 9.388258 4.548775 -0.524392 -3.139560 -7.489350 -2.749526
2.300000 11.036945 2.827969 -2.188395 -5.260566 -7.068098 -8.163541 -10.263318 -11.918902 -12.816421 10.039728 5.088290 -0.105392 -2.784662 -7.246492 -2.384952
2.350000 11.711156 3.316110 -1.818390 -4.966007 -6.819781 -7.944264 -10.103186 -11.811787 -12.744296 10.691658 5.628356 0.314256 -2.429065 -7.002844 -2.019686
2.400000 12.385777 3.804810 -1.447734 -4.670736 -6.570717 -7.724216 -9.942237 -11.703830 -12.671337 11.344014 6.168937 0.734516 -2.072804 -6.758444 -1.653765
2.450000 13.060778 4.294034 -1.076461 -4.374788 -6.320940 -7.503433 -9.780510 -11.595065 -12.597576 11.996769 6.710004 1.155355 -1.715914 -6.513328 -1.287222
2.500000 13.736132 4.783754 -0.704602 -4.078198 -6.070484 -7.281950 -9.618038 -11.485526 -12.523044 12.649893 7.251525 1.576742 -1.358428 -6.267529 -0.920091
2.550000 14.411812 5.273939 -0.332188 -3.780995 -5.819382 -7.059798 -9.454854 -11.375245 -12.447771 13.303359 7.793474 1.998646 -1.000375 -6.021081 -0.552400
2.600000 15.087793 5.764564 0.040753 -3.483211 -5.567663 -6.837008 -9.290990 -11.264253 -12.371786 13.957144 8.335823 2.421040 -0.641786 -5.774012 -0.184180
2.650000 15.764052 6.255602 0.414193 -3.184871 -5.315356 -6.613608 -9.126475 -11.152579 -12.295115 14.611222 8.878548 2.843898 -0.282687 -5.526352 0.184543
2.700000 16.440565 6.747029 0.788106 -2.886004 -5.062488 -6.389627 -8.961336 -11.040250 -12.217784 15.265572 9.421624 3.267193 0.076896 -5.278127 0.553744
2.750000 17.117312 7.238821 1.162469 -2.586635 -4.809084 -6.165090 -8.795600 -10.927291 -12.139817 15.920170 9.965029 3.690902 0.436939 -5.029364 0.923396
2.800000 17.794272 7.730956 1.537258 -2.286786 -4.555169 -5.940021 -8.629291 -10.813727 -12.061237 16.574997 10.508740 4.115002 0.797418 -4.780086 1.293479
2.850000 18.471425 8.223413 1.912450 -1.986481 -4.300766 -5.714444 -8.462433 -10.699583 -11.982066 17.230032 11.052738 4.539472 1.158310 -4.530317 1.663968
2.900000 19.148751 8.716171 2.288025 -1.685743 -4.045898 -5.488381 -8.295050 -10.584879 -11.902327 17.885256 11.597001 4.964290 1.519595 -4.280079 2.034842
2.950000 19.826232 9.209212 2.663962 -1.384590 -3.790584 -5.261854 -8.127161 -10.469639 -11.822038 18.540651 12.141510 5.389436 1.881251 -4.029392 2.406083
3.000000 20.503852 9.702515 3.040242 -1.083044 -3.534845 -5.034882 -7.958789 -10.353881 -11.741220 19.196198 12.686248 5.814892 2.243260 -3.778278 2.777669
3.050000 21.181591 10.196063 3.416846 -0.781124 -3.278701 -4.807485 -7.789952 -10.237626 -11.659890 19.851880 13.231195 6.240639 2.605603 -3.526755 3.149582
3.100000 21.859434 10.689839 3.793756 -0.478847 -3.022169 -4.579681 -7.620669 -10.120891 -11.578068 20.507681 13.776336 6.666658 2.968262 -3.274841 3.521805
3.150000 22.537365 11.183825 4.170955 -0.176231 -2.765268 -4.351489 -7.450959 -10.003696 -11.495769 21.163584 14.321653 7.092934 3.331219 -3.022555 3.894320
3.200000 23.215367 11.678006 4.548426 0.126708 -2.508015 -4.122925 -7.280838 -9.886057 -11.413010 21.819574 14.867130 7.519449 3.694458 -2.769913 4.267110
3.250000 23.893426 12.172366 4.926154 0.429952 -2.250425 -3.894005 -7.110323 -9.767990 -11.329807 22.475635 15.412752 7.946189 4.057963 -2.516932 4.640160
3.300000 24.571527 12.666890 5.304123 0.733486 -1.992514 -3.664745 -6.939429 -9.649511 -11.246175 23.131752 15.958504 8.373137 4.421719 -2.263627 5.013454
3.350000 25.249655 13.161563 5.682319 1.037297 -1.734297 -3.435161 -6.768171 -9.530635 -11.162129 23.787912 16.504371 8.800278 4.785710 -2.010013 5.386978
3.400000 25.927797 13.656370 6.060726 1.341368 -1.475789 -3.205267 -6.596565 -9.411376 -11.077681 24.444099 17.050339 9.227600 5.149923 -1.756104 5.760717
3.450000 26.605939 14.151299 6.439331 1.645687 -1.217004 -2.975076 -6.424625 -9.291749 -10.992847 25.100301 17.596394 9.655087 5.514343 -1.501915 6.134656
3.500000 27.284067 14.646336 6.818122 1.950240 -0.957954 -2.744602 -6.252362 -9.171767 -10.907639 25.756504 18.142524 10.082726 5.878957 -1.247459 6.508784
3.550000 27.962169 15.141467 7.197084 2.255013 -0.698654 -2.513858 -6.079792 -9.051442 -10.822068 26.412695 18.688714 10.510505 6.243753 -0.992749 6.883087
3.600000 28.640233 15.636681 7.576205 2.559995 -0.439114 -2.282857 -5.906925 -8.930787 -10.736148 27.068863 19.234953 10.938411 6.608717 -0.737797 7.257552
3.650000 29.318245 16.131965 7.955474 2.865174 -0.179349 -2.051610 -5.733774 -8.809814 -10.649890 27.724993 19.781229 11.366433 6.973838 -0.482616 7.632167
3.700000 29.996195 16.627308 8.334878 3.170538 0.080632 -1.820129 -5.560350 -8.688534 -10.563304 28.381076 20.327529 11.794557 7.339104 -0.227216 8.006922
3.750000 30.674070 17.122698 8.714407 3.476075 0.340817 -1.588425 -5.386665 -8.566958 -10.476402 29.037098 20.873842 12.222773 7.704504 0.028390 8.381803
3.800000 31.351859 17.618124 9.094049 3.781774 0.601195 -1.356510 -5.212730 -8.445097 -10.389193 29.693049 21.420157 12.651070 8.070027 0.284192 8.756801
3.850000 32.029552 18.113575 9.473793 4.087626 0.861755 -1.124393 -5.038554 -8.322961 -10.301689 30.348918 21.966464 13.079437 8.435661 0.540180 9.131905
3.900000 32.707137 18.609041 9.853630 4.393620 1.122487 -0.892084 -4.864148 -8.200560 -10.213898 31.004694 22.512751 13.507864 8.801398 0.796344 9.507104
3.950000 33.384604 19.104511 10.233550 4.699746 1.383382 -0.659594 -4.689521 -8.077904 -10.125830 31.660367 23.059008 13.936340 9.167226 1.052673 9.882389
4.000000 34.061942 19.599976 10.613542 5.005995 1.644430 -0.426931 -4.514682 -7.955001 -10.037494 32.315926 23.605226 14.364857 9.533137 1.309158 10.257750
4.050000 34.739143 20.095427 10.993598 5.312357 1.905623 -0.194105 -4.339642 -7.831861 -9.948898 32.971362 24.151395 14.793404 9.899120 1.565790 10.633177
4.100000 35.416196 20.590853 11.373708 5.618823 2.166950 0.038875 -4.164408 -7.708493 -9.860051 33.626665 24.697505 15.221972 10.265168 1.822561 11.008662
4.150000 36.093092 21.086246 11.753863 5.925385 2.428404 0.272001 -3.988988 -7.584903 -9.770961 34.281826 25.243547 15.650553 10.631270 2.079461 11.384195
4.200000 36.769822 21.581597 12.134055 6.232035 2.689976 0.505265 -3.813391 -7.461102 -9.681636 34.936835 25.789513 16.079138 10.997419 2.336483 11.759769
4.250000 37.446376 22.076898 12.514276 6.538763 2.951658 0.738658 -3.637625 -7.337095 -9.592084 35.591685 26.335393 16.507718 11.363607 2.593617 12.135374
4.300000 38.122747 22.572139 12.894518 6.845563 3.213442 0.972173 -3.461698 -7.212891 -9.502311 36.246365 26.881180 16.936285 11.729825 2.850858 12.511003
4.350000 38.798926 23.067315 13.274773 7.152427 3.475322 1.205803 -3.285616 -7.088497 -9.412325 36.900869 27.426865 17.364832 12.096065 3.108196 12.886649
4.400000 39.474905 23.562415 13.655032 7.459347 3.737289 1.439540 -3.109387 -6.963921 -9.322132 37.555187 27.972441 17.793350 12.462320 3.365625 13.262302
4.450000 40.150675 24.057434 14.035290 7.766316 3.999336 1.673377 -2.933018 -6.839168 -9.231741 38.209312 28.517899 18.221833 12.828583 3.623138 13.637957
4.500000 40.826230 24.552363 14.415539 8.073327 4.261457 1.907307 -2.756515 -6.714245 -9.141155 38.863237 29.063233 18.650273 13.194847 3.880727 14.013606
4.550000 41.501561 25.047196 14.795772 8.380374 4.523646 2.141324 -2.579885 -6.589159 -9.050383 39.516953 29.608435 19.078664 13.561105 4.138387 14.389243
4.600000 42.176662 25.541925 15.175982 8.687450 4.785894 2.375422 -2.403134 -6.463916 -8.959430 40.170455 30.153497 19.506997 13.927350 4.396110 14.764860
4.650000 42.851525 26.036545 15.556163 8.994548 5.048197 2.609594 -2.226268 -6.338522 -8.868302 40.823734 30.698415 19.935268 14.293576 4.653891 15.140451
4.700000 43.526144 26.531048 15.936309 9.301663 5.310549 2.843834 -2.049294 -6.212982 -8.777005 41.476784 31.243180 20.363469 14.659776 4.911724 15.516010
4.750000 44.200512 27.025428 16.316414 9.608789 5.572943 3.078137 -1.872216 -6.087302 -8.685544 42.129598 31.787787 20.791595 15.025946 5.169602 15.891531
4.800000 44.874623 27.519679 16.696471 9.915920 5.835373 3.312496 -1.695040 -5.961488 -8.593924 42.782170 32.332229 21.219639 15.392077 5.427521 16.267009
4.850000 45.548470 28.013796 17.076476 10.223050 6.097836 3.546908 -1.517772 -5.835545 -8.502150 43.434495 32.876500 21.647597 15.758166 5.685474 16.642436
4.900000 46.222048 28.507773 17.456422 10.530174 6.360324 3.781365 -1.340417 -5.709477 -8.410228 44.086565 33.420596 22.075461 16.124207 5.943456 17.017809
4.950000 46.895351 29.001603 17.836305 10.837286 6.622833 4.015863 -1.162979 -5.583291 -8.318163 44.738376 33.964509 22.503227 16.490194 6.201463 17.393121
5.000000 47.568373 29.495283 18.216119 11.144383 6.885358 4.250398 -0.985464 -5.456990 -8.225958 45.389922 34.508235 22.930890 16.856122 6.459489 17.768368
5.050000 48.241108 29.988806 18.595859 11.451459 7.147895 4.484964 -0.807876 -5.330579 -8.133619 46.041197 35.051768 23.358444 17.221987 6.717529 18.143545
