web/models/kne/2/Metzger_0.262885_0.240690_0.100000.dat
# %ECSV 0.9
# ---
# datatype:
# - {name: time, datatype: float64}
# - {name: sdss_u, datatype: float64}
# - {name: sdss_g, datatype: float64}
# - {name: sdss_r, datatype: float64}
# - {name: sdss_i, datatype: float64}
# - {name: sdss_z, datatype: float64}
# - {name: PS1_y, datatype: float64}
# - {name: ukirt_J, datatype: float64}
# - {name: ukirt_H, datatype: float64}
# - {name: ukirt_K, datatype: float64}
# - {name: johnson_U, datatype: float64}
# - {name: johnson_B, datatype: float64}
# - {name: johnson_V, datatype: float64}
# - {name: johnson_R, datatype: float64}
# - {name: johnson_I, datatype: float64}
# - {name: Clear, datatype: float64}
# meta: !!omap
# - comment: [vej = 0.24068965517241378, mej = 0.2628852448240983, Ye = 0.1, redshift = 0.0]
# schema: astropy-2.0
time sdss_u sdss_g sdss_r sdss_i sdss_z PS1_y ukirt_J ukirt_H ukirt_K johnson_U johnson_B johnson_V johnson_R johnson_I Clear
[from data line 1207]
60.450000 126.174583 86.785429 61.972532 46.257853 36.701220 30.739399 18.726366 8.167693 1.345925 121.443519 97.746735 72.374480 58.962140 35.740563 60.981961
60.500000 126.306636 86.882934 62.048104 46.319417 36.754198 30.786985 18.762969 8.194431 1.366094 121.571434 97.853881 72.459269 59.035037 35.792674 61.056653
60.550000 126.438688 86.980440 62.123677 46.380982 36.807178 30.834573 18.799574 8.221170 1.386265 121.699349 97.961027 72.544058 59.107935 35.844787 61.131346
60.600000 126.570740 87.077946 62.199249 46.442548 36.860158 30.882162 18.836179 8.247910 1.406437 121.827264 98.068174 72.628848 59.180833 35.896901 61.206039
60.650000 126.702792 87.175453 62.274823 46.504115 36.913139 30.929751 18.872785 8.274651 1.426610 121.955179 98.175320 72.713638 59.253732 35.949015 61.280733
60.700000 126.834843 87.272960 62.350397 46.565682 36.966121 30.977342 18.909392 8.301393 1.446785 122.083094 98.282467 72.798429 59.326631 36.001130 61.355427
60.750000 126.966895 87.370467 62.425971 46.627250 37.019104 31.024933 18.946001 8.328137 1.466960 122.211009 98.389614 72.883220 59.399531 36.053246 61.430122
60.800000 127.098946 87.467974 62.501546 46.688819 37.072087 31.072525 18.982610 8.354882 1.487137 122.338924 98.496761 72.968011 59.472431 36.105363 61.504817
60.850000 127.230997 87.565482 62.577122 46.750388 37.125071 31.120118 19.019220 8.381627 1.507315 122.466838 98.603908 73.052803 59.545332 36.157481 61.579513
60.900000 127.363048 87.662989 62.652698 46.811958 37.178056 31.167712 19.055831 8.408374 1.527494 122.594752 98.711055 73.137595 59.618234 36.209599 61.654209
60.950000 127.495098 87.760497 62.728274 46.873528 37.231042 31.215306 19.092443 8.435122 1.547675 122.722666 98.818202 73.222388 59.691136 36.261718 61.728906
61.000000 127.627148 87.858005 62.803851 46.935099 37.284028 31.262901 19.129056 8.461871 1.567856 122.850580 98.925349 73.307180 59.764038 36.313838 61.803603
61.050000 127.759198 87.955513 62.879428 46.996671 37.337015 31.310498 19.165670 8.488621 1.588039 122.978493 99.032496 73.391973 59.836941 36.365958 61.878301
61.100000 127.891247 88.053021 62.955006 47.058243 37.390003 31.358094 19.202285 8.515372 1.608223 123.106406 99.139643 73.476766 59.909844 36.418080 61.952999
61.150000 128.023296 88.150529 63.030583 47.119816 37.442992 31.405692 19.238901 8.542124 1.628408 123.234318 99.246790 73.561560 59.982747 36.470201 62.027697
61.200000 128.155344 88.248037 63.106161 47.181389 37.495981 31.453290 19.275518 8.568877 1.648594 123.362230 99.353936 73.646353 60.055651 36.522324 62.102395
61.250000 128.287391 88.345544 63.181740 47.242963 37.548970 31.500889 19.312135 8.595632 1.668781 123.490142 99.461083 73.731147 60.128555 36.574447 62.177094
61.300000 128.419438 88.443052 63.257319 47.304537 37.601961 31.548489 19.348754 8.622387 1.688969 123.618053 99.568229 73.815941 60.201460 36.626571 62.251793
61.350000 128.551485 88.540560 63.332897 47.366111 37.654952 31.596089 19.385373 8.649143 1.709158 123.745963 99.675375 73.900735 60.274365 36.678695 62.326493
61.400000 128.683531 88.638068 63.408477 47.427687 37.707943 31.643690 19.421993 8.675900 1.729349 123.873873 99.782520 73.985529 60.347270 36.730820 62.401192
61.450000 128.815576 88.735575 63.484056 47.489262 37.760935 31.691292 19.458614 8.702658 1.749540 124.001782 99.889666 74.070323 60.420175 36.782946 62.475892
61.500000 128.947620 88.833083 63.559635 47.550838 37.813928 31.738894 19.495236 8.729417 1.769733 124.129690 99.996811 74.155117 60.493080 36.835072 62.550592
61.550000 129.079663 88.930590 63.635215 47.612415 37.866921 31.786497 19.531858 8.756178 1.789927 124.257598 100.103955 74.239911 60.565986 36.887199 62.625292
61.600000 129.211706 89.028097 63.710795 47.673991 37.919915 31.834101 19.568482 8.782939 1.810122 124.385505 100.211100 74.324705 60.638892 36.939326 62.699993
61.650000 129.343748 89.125603 63.786375 47.735568 37.972909 31.881705 19.605106 8.809701 1.830317 124.513411 100.318244 74.409499 60.711798 36.991454 62.774693
61.700000 129.475789 89.223110 63.861955 47.797146 38.025904 31.929310 19.641731 8.836464 1.850514 124.641317 100.425387 74.494293 60.784704 37.043582 62.849394
61.750000 129.607829 89.320616 63.937535 47.858724 38.078899 31.976915 19.678356 8.863228 1.870712 124.769221 100.532530 74.579087 60.857611 37.095711 62.924095
61.800000 129.739868 89.418121 64.013115 47.920302 38.131894 32.024521 19.714983 8.889992 1.890911 124.897125 100.639672 74.663881 60.930517 37.147840 62.998796
61.850000 129.871907 89.515627 64.088696 47.981880 38.184890 32.072127 19.751610 8.916758 1.911111 125.025028 100.746814 74.748674 61.003424 37.199969 63.073496
61.900000 130.003944 89.613132 64.164276 48.043459 38.237887 32.119734 19.788238 8.943525 1.931312 125.152930 100.853956 74.833468 61.076330 37.252100 63.148197
61.950000 130.135980 89.710636 64.239856 48.105037 38.290884 32.167342 19.824866 8.970292 1.951514 125.280831 100.961097 74.918261 61.149237 37.304230 63.222898
62.000000 130.268015 89.808141 64.315436 48.166617 38.343881 32.214950 19.861495 8.997061 1.971717 125.408731 101.068237 75.003054 61.222144 37.356361 63.297599
62.050000 130.400049 89.905644 64.391017 48.228196 38.396879 32.262558 19.898125 9.023830 1.991922 125.536630 101.175376 75.087847 61.295050 37.408492 63.372300
62.100000 130.532082 90.003148 64.466597 48.289776 38.449877 32.310167 19.934756 9.050600 2.012127 125.664528 101.282515 75.172640 61.367957 37.460624 63.447001
62.150000 130.664114 90.100650 64.542177 48.351355 38.502875 32.357776 19.971387 9.077371 2.032333 125.792425 101.389654 75.257433 61.440864 37.512756 63.521702
62.200000 130.796144 90.198153 64.617757 48.412935 38.555874 32.405386 20.008019 9.104143 2.052540 125.920321 101.496791 75.342225 61.513770 37.564889 63.596402
62.250000 130.928173 90.295654 64.693337 48.474515 38.608873 32.452996 20.044652 9.130916 2.072748 126.048215 101.603928 75.427017 61.586677 37.617022 63.671103
62.300000 131.060201 90.393155 64.768916 48.536095 38.661872 32.500607 20.081285 9.157689 2.092957 126.176109 101.711064 75.511808 61.659583 37.669155 63.745803
62.350000 131.192228 90.490656 64.844496 48.597676 38.714872 32.548218 20.117919 9.184463 2.113166 126.304001 101.818199 75.596599 61.732490 37.721288 63.820504
62.400000 131.324254 90.588156 64.920075 48.659256 38.767872 32.595829 20.154554 9.211239 2.133377 126.431892 101.925334 75.681390 61.805396 37.773422 63.895204
62.450000 131.456278 90.685655 64.995654 48.720837 38.820872 32.643441 20.191189 9.238015 2.153589 126.559781 102.032467 75.766181 61.878302 37.825556 63.969904
62.500000 131.588300 90.783154 65.071233 48.782417 38.873872 32.691053 20.227824 9.264791 2.173802 126.687670 102.139600 75.850971 61.951208 37.877690 64.044604
62.550000 131.720321 90.880651 65.146812 48.843998 38.926873 32.738666 20.264461 9.291569 2.194015 126.815557 102.246731 75.935760 62.024114 37.929825 64.119303
62.600000 131.852341 90.978149 65.222391 48.905579 38.979874 32.786279 20.301097 9.318347 2.214230 126.943442 102.353862 76.020550 62.097019 37.981959 64.194002
62.650000 131.984359 91.075645 65.297969 48.967159 39.032875 32.833892 20.337735 9.345126 2.234446 127.071327 102.460992 76.105338 62.169925 38.034095 64.268702
62.700000 132.116376 91.173141 65.373547 49.028740 39.085876 32.881505 20.374373 9.371906 2.254662 127.199209 102.568121 76.190127 62.242830 38.086230 64.343400
62.750000 132.248391 91.270635 65.449124 49.090321 39.138878 32.929119 20.411011 9.398687 2.274879 127.327091 102.675249 76.274914 62.315734 38.138365 64.418099
62.800000 132.380405 91.368129 65.524701 49.151902 39.191880 32.976733 20.447650 9.425468 2.295097 127.454971 102.782376 76.359701 62.388639 38.190501 64.492797
62.850000 132.512417 91.465623 65.600278 49.213482 39.244881 33.024348 20.484290 9.452250 2.315316 127.582849 102.889502 76.444488 62.461543 38.242637 64.567495
62.900000 132.644427 91.563115 65.675855 49.275063 39.297883 33.071962 20.520930 9.479033 2.335536 127.710726 102.996626 76.529274 62.534447 38.294773 64.642192
62.950000 132.776436 91.660606 65.751431 49.336643 39.350885 33.119577 20.557570 9.505817 2.355757 127.838601 103.103750 76.614059 62.607351 38.346909 64.716889
63.000000 132.908443 91.758097 65.827007 49.398224 39.403888 33.167192 20.594211 9.532601 2.375979 127.966475 103.210873 76.698844 62.680254 38.399045 64.791586
63.050000 133.040448 91.855586 65.902582 49.459804 39.456890 33.214808 20.630853 9.559386 2.396201 128.094347 103.317994 76.783628 62.753157 38.451181 64.866283
63.100000 133.172452 91.953075 65.978157 49.521385 39.509892 33.262423 20.667495 9.586172 2.416425 128.222217 103.425114 76.868412 62.826060 38.503318 64.940979
63.150000 133.304453 92.050563 66.053731 49.582965 39.562895 33.310039 20.704137 9.612958 2.436649 128.350085 103.532233 76.953195 62.898962 38.555454 65.015674
63.200000 133.436453 92.148049 66.129305 49.644545 39.615897 33.357655 20.740780 9.639745 2.456874 128.477952 103.639351 77.037977 62.971864 38.607591 65.090369
63.250000 133.568451 92.245535 66.204879 49.706124 39.668900 33.405271 20.777424 9.666533 2.477100 128.605817 103.746467 77.122758 63.044765 38.659728 65.165064
63.300000 133.700447 92.343019 66.280451 49.767704 39.721902 33.452887 20.814067 9.693322 2.497327 128.733681 103.853582 77.207539 63.117666 38.711864 65.239758
63.350000 133.832442 92.440503 66.356024 49.829283 39.774905 33.500504 20.850712 9.720111 2.517554 128.861542 103.960696 77.292319 63.190566 38.764001 65.314451
63.400000 133.964434 92.537985 66.431596 49.890863 39.827908 33.548120 20.887356 9.746900 2.537783 128.989402 104.067809 77.377098 63.263466 38.816138 65.389144
63.450000 134.096424 92.635466 66.507167 49.952442 39.880910 33.595737 20.924001 9.773691 2.558012 129.117260 104.174920 77.461876 63.336365 38.868275 65.463837
63.500000 134.228412 92.732947 66.582738 50.014020 39.933913 33.643354 20.960646 9.800482 2.578242 129.245116 104.282030 77.546654 63.409264 38.920411 65.538528
63.550000 134.360399 92.830426 66.658308 50.075599 39.986915 33.690970 20.997292 9.827273 2.598473 129.372970 104.389138 77.631430 63.482162 38.972548 65.613220
63.600000 134.492383 92.927903 66.733877 50.137177 40.039918 33.738587 21.033938 9.854066 2.618704 129.500822 104.496245 77.716206 63.555060 39.024685 65.687910
63.650000 134.624365 93.025380 66.809446 50.198755 40.092920 33.786204 21.070585 9.880858 2.638937 129.628672 104.603351 77.800981 63.627957 39.076822 65.762601
63.700000 134.756345 93.122855 66.885014 50.260333 40.145923 33.833822 21.107232 9.907652 2.659170 129.756520 104.710455 77.885755 63.700854 39.128958 65.837290
63.750000 134.888323 93.220329 66.960581 50.321910 40.198925 33.881439 21.143879 9.934446 2.679404 129.884366 104.817557 77.970528 63.773750 39.181095 65.911979
63.800000 135.020298 93.317802 67.036148 50.383487 40.251927 33.929056 21.180526 9.961241 2.699638 130.012210 104.924658 78.055300 63.846645 39.233232 65.986667
63.850000 135.152272 93.415274 67.111714 50.445064 40.304929 33.976673 21.217174 9.988036 2.719874 130.140051 105.031758 78.140072 63.919540 39.285368 66.061354
63.900000 135.284243 93.512744 67.187279 50.506640 40.357931 34.024290 21.253822 10.014832 2.740110 130.267891 105.138856 78.224842 63.992434 39.337504 66.136041
63.950000 135.416212 93.610213 67.262844 50.568216 40.410933 34.071908 21.290470 10.041628 2.760347 130.395729 105.245952 78.309611 64.065328 39.389641 66.210727
64.000000 135.548179 93.707681 67.338408 50.629792 40.463934 34.119525 21.327119 10.068425 2.780584 130.523564 105.353047 78.394379 64.138220 39.441777 66.285412
64.050000 135.680143 93.805147 67.413971 50.691367 40.516936 34.167142 21.363768 10.095222 2.800823 130.651397 105.460140 78.479147 64.211112 39.493913 66.360097
64.100000 135.812105 93.902612 67.489533 50.752942 40.569937 34.214759 21.400417 10.122020 2.821062 130.779228 105.567231 78.563913 64.284004 39.546048 66.434781
64.150000 135.944065 94.000075 67.565095 50.814516 40.622938 34.262377 21.437067 10.148819 2.841301 130.907057 105.674321 78.648678 64.356894 39.598184 66.509464
64.200000 136.076022 94.097537 67.640655 50.876090 40.675939 34.309994 21.473717 10.175618 2.861542 131.034883 105.781409 78.733442 64.429784 39.650320 66.584146
64.250000 136.207977 94.194997 67.716215 50.937663 40.728940 34.357611 21.510367 10.202417 2.881783 131.162708 105.888495 78.818205 64.502673 39.702455 66.658827
64.300000 136.339929 94.292456 67.791774 50.999236 40.781940 34.405228 21.547017 10.229218 2.902025 131.290529 105.995580 78.902967 64.575561 39.754590 66.733508
64.350000 136.471879 94.389914 67.867332 51.060809 40.834940 34.452845 21.583667 10.256018 2.922268 131.418349 106.102663 78.987727 64.648449 39.806725 66.808187
64.400000 136.603827 94.487370 67.942889 51.122381 40.887940 34.500461 21.620318 10.282819 2.942511 131.546166 106.209744 79.072487 64.721335 39.858859 66.882866
64.450000 136.735772 94.584824 68.018445 51.183952 40.940940 34.548078 21.656969 10.309621 2.962755 131.673980 106.316823 79.157245 64.794221 39.910994 66.957544
64.500000 136.867714 94.682277 68.094000 51.245523 40.993940 34.595695 21.693620 10.336423 2.982999 131.801793 106.423900 79.242002 64.867106 39.963128 67.032221
64.550000 136.999654 94.779728 68.169555 51.307094 41.046939 34.643311 21.730271 10.363225 3.003245 131.929602 106.530976 79.326758 64.939990 40.015262 67.106897
64.600000 137.131591 94.877178 68.245108 51.368664 41.099938 34.690927 21.766923 10.390028 3.023491 132.057410 106.638049 79.411513 65.012873 40.067395 67.181572
64.650000 137.263525 94.974626 68.320660 51.430233 41.152936 34.738543 21.803574 10.416832 3.043737 132.185214 106.745121 79.496266 65.085755 40.119529 67.256246
64.700000 137.395457 95.072073 68.396212 51.491802 41.205934 34.786159 21.840226 10.443636 3.063984 132.313016 106.852191 79.581019 65.158637 40.171662 67.330920
64.750000 137.527386 95.169517 68.471762 51.553370 41.258932 34.833775 21.876878 10.470440 3.084232 132.440816 106.959258 79.665770 65.231517 40.223795 67.405592
64.800000 137.659312 95.266961 68.547312 51.614937 41.311930 34.881391 21.913530 10.497245 3.104481 132.568613 107.066324 79.750519 65.304397 40.275927 67.480263
64.850000 137.791236 95.364402 68.622860 51.676504 41.364927 34.929006 21.950182 10.524050 3.124730 132.696407 107.173388 79.835267 65.377275 40.328059 67.554933
64.900000 137.923157 95.461842 68.698407 51.738071 41.417924 34.976622 21.986835 10.550856 3.144980 132.824199 107.280450 79.920014 65.450153 40.380191 67.629602
64.950000 138.055075 95.559280 68.773953 51.799636 41.470920 35.024237 22.023487 10.577662 3.165230 132.951988 107.387510 80.004760 65.523029 40.432322 67.704271
65.000000 138.186990 95.656716 68.849499 51.861201 41.523916 35.071851 22.060140 10.604469 3.185481 133.079775 107.494567 80.089504 65.595905 40.484453 67.778938
65.050000 138.318903 95.754150 68.925043 51.922766 41.576912 35.119466 22.096793 10.631275 3.205733 133.207558 107.601623 80.174247 65.668780 40.536584 67.853604
65.100000 138.450812 95.851583 69.000585 51.984329 41.629907 35.167080 22.133445 10.658083 3.225985 133.335339 107.708677 80.258988 65.741653 40.588714 67.928269
65.150000 138.582719 95.949013 69.076127 52.045892 41.682902 35.214694 22.170098 10.684890 3.246238 133.463117 107.815728 80.343729 65.814526 40.640844 68.002932
65.200000 138.714623 96.046442 69.151668 52.107455 41.735896 35.262308 22.206751 10.711699 3.266491 133.590893 107.922777 80.428467 65.887397 40.692973 68.077595
65.250000 138.846524 96.143869 69.227207 52.169016 41.788890 35.309921 22.243404 10.738507 3.286745 133.718665 108.029825 80.513204 65.960267 40.745102 68.152257
65.300000 138.978422 96.241295 69.302746 52.230577 41.841883 35.357535 22.280057 10.765316 3.307000 133.846435 108.136870 80.597940 66.033137 40.797231 68.226917
