web/models/kne/2/Metzger_0.171250_0.321724_0.450000.dat
# %ECSV 0.9
# ---
# datatype:
# - {name: time, datatype: float64}
# - {name: sdss_u, datatype: float64}
# - {name: sdss_g, datatype: float64}
# - {name: sdss_r, datatype: float64}
# - {name: sdss_i, datatype: float64}
# - {name: sdss_z, datatype: float64}
# - {name: PS1_y, datatype: float64}
# - {name: ukirt_J, datatype: float64}
# - {name: ukirt_H, datatype: float64}
# - {name: ukirt_K, datatype: float64}
# - {name: johnson_U, datatype: float64}
# - {name: johnson_B, datatype: float64}
# - {name: johnson_V, datatype: float64}
# - {name: johnson_R, datatype: float64}
# - {name: johnson_I, datatype: float64}
# - {name: Clear, datatype: float64}
# meta: !!omap
# - comment: [vej = 0.3217241379310345, mej = 0.17124990861880945, Ye = 0.45, redshift = 0.0]
# schema: astropy-2.0
time sdss_u sdss_g sdss_r sdss_i sdss_z PS1_y ukirt_J ukirt_H ukirt_K johnson_U johnson_B johnson_V johnson_R johnson_I Clear
0.100000 nan nan nan nan nan nan nan nan nan nan nan nan nan nan nan
0.150000 nan nan nan nan nan nan nan nan nan nan nan nan nan nan nan
0.200000 -15.360906 -15.826384 -15.948521 -15.917157 -15.838082 -15.758015 -15.497043 -15.096489 -14.684445 -15.429756 -15.724258 -15.918574 -15.950357 -15.826958 -15.949491
0.250000 -15.407878 -15.981328 -16.168825 -16.177027 -16.121090 -16.055047 -15.821279 -15.443415 -15.045473 -15.489861 -15.849536 -16.111839 -16.178369 -16.112248 -16.172337
0.300000 -15.363422 -16.046715 -16.301090 -16.349928 -16.317796 -16.266190 -16.060423 -15.705884 -15.322404 -15.458731 -15.884673 -16.216398 -16.318544 -16.311303 -16.307211
0.350000 -15.270246 -16.061155 -16.381407 -16.470424 -16.461877 -16.424586 -16.246593 -15.915166 -15.545987 -15.378581 -15.869413 -16.269385 -16.406672 -16.457712 -16.390103
0.400000 -15.147338 -16.042716 -16.427225 -16.555582 -16.570175 -16.546944 -16.396242 -16.087515 -15.732359 -15.268293 -15.822090 -16.288510 -16.460129 -16.568297 -16.438440
0.450000 -15.037046 -16.014432 -16.449577 -16.609037 -16.641960 -16.629877 -16.500829 -16.210111 -15.866065 -15.167895 -15.771100 -16.289804 -16.488515 -16.641894 -16.462781
0.500000 -14.949633 -15.987027 -16.459326 -16.641660 -16.688086 -16.684221 -16.571147 -16.293715 -15.957859 -15.087714 -15.727066 -16.284090 -16.502697 -16.689357 -16.473991
0.550000 -14.862833 -15.954615 -16.460656 -16.663805 -16.722532 -16.726159 -16.627656 -16.362344 -16.033956 -15.007464 -15.679570 -16.271368 -16.508059 -16.725020 -16.476650
0.600000 -14.778234 -15.919313 -16.455990 -16.678067 -16.747995 -16.758449 -16.673228 -16.418968 -16.097385 -14.928799 -15.630590 -16.253936 -16.507058 -16.751592 -16.473191
0.650000 -14.696759 -15.882519 -16.447004 -16.686289 -16.766409 -16.783079 -16.709959 -16.465768 -16.150385 -14.852700 -15.581392 -16.233357 -16.501401 -16.771016 -16.465302
0.700000 -14.618926 -15.845175 -16.434890 -16.689809 -16.779198 -16.801523 -16.739418 -16.504397 -16.194657 -14.779736 -15.532803 -16.210721 -16.492311 -16.784723 -16.454185
0.750000 -14.504611 -15.788224 -16.413735 -16.690865 -16.793437 -16.823811 -16.777394 -16.555436 -16.253734 -14.672317 -15.459914 -16.174631 -16.475450 -16.800270 -16.434444
0.800000 -14.391152 -15.729482 -16.389186 -16.687568 -16.802769 -16.840859 -16.809491 -16.600072 -16.306082 -14.565433 -15.385962 -16.135808 -16.455006 -16.810854 -16.411247
0.850000 -14.323114 -15.692002 -16.370822 -16.681100 -16.803376 -16.845792 -16.822866 -16.620481 -16.330819 -14.501066 -15.339985 -16.109462 -16.438940 -16.812163 -16.393640
0.900000 -14.214042 -15.632467 -16.342304 -16.671903 -16.805682 -16.855134 -16.845946 -16.655016 -16.372398 -14.397943 -15.266672 -16.067987 -16.414151 -16.815611 -16.366350
0.950000 -14.106465 -15.572345 -16.311927 -16.660080 -16.804915 -16.861135 -16.865170 -16.685271 -16.409436 -14.296063 -15.193348 -16.025181 -16.387354 -16.815942 -16.337153
1.000000 -14.000498 -15.511895 -16.280033 -16.646018 -16.801490 -16.864226 -16.880999 -16.711732 -16.442435 -14.195560 -15.120230 -15.981349 -16.358899 -16.813574 -16.306391
1.050000 -13.896222 -15.451321 -16.246900 -16.630040 -16.795755 -16.864768 -16.893822 -16.734812 -16.471822 -14.096528 -15.047491 -15.936742 -16.329073 -16.808857 -16.274347
1.100000 -13.793690 -15.390789 -16.212761 -16.612417 -16.788001 -16.863067 -16.903971 -16.754861 -16.497959 -13.999035 -14.975266 -15.891563 -16.298117 -16.802085 -16.241256
1.150000 -13.692933 -15.330433 -16.177809 -16.593378 -16.778480 -16.859385 -16.911727 -16.772181 -16.521160 -13.903125 -14.903659 -15.845983 -16.266231 -16.793511 -16.207314
1.200000 -13.593970 -15.270362 -16.142209 -16.573120 -16.767403 -16.853945 -16.917337 -16.787034 -16.541697 -13.808827 -14.832756 -15.800142 -16.233585 -16.783348 -16.172686
1.250000 -13.496806 -15.210663 -16.106098 -16.551808 -16.754956 -16.846943 -16.921013 -16.799648 -16.559808 -13.716156 -14.762621 -15.754158 -16.200323 -16.771783 -16.137513
1.300000 -13.401438 -15.151410 -16.069594 -16.529587 -16.741297 -16.838546 -16.922941 -16.810222 -16.575701 -13.625118 -14.693307 -15.708130 -16.166568 -16.758977 -16.101914
1.350000 -13.307856 -15.092662 -16.032797 -16.506584 -16.726566 -16.828901 -16.923283 -16.818933 -16.589559 -13.535713 -14.624853 -15.662141 -16.132424 -16.745070 -16.065991
1.400000 -13.155528 -14.999934 -15.977650 -16.475071 -16.709241 -16.820305 -16.931838 -16.841870 -16.621345 -13.390530 -14.515516 -15.591254 -16.081823 -16.729159 -16.012340
1.450000 -13.064298 -14.941463 -15.939846 -16.450275 -16.692261 -16.808136 -16.929130 -16.847100 -16.631461 -13.303227 -14.447915 -15.544792 -16.046520 -16.712958 -15.975359
1.500000 -12.974840 -14.883645 -15.901996 -16.425001 -16.674547 -16.795077 -16.925230 -16.850891 -16.639986 -13.217562 -14.381278 -15.498576 -16.011087 -16.695998 -15.938305
1.550000 -12.887130 -14.826506 -15.864156 -16.399322 -16.656182 -16.781218 -16.920240 -16.853352 -16.647034 -13.133516 -14.315617 -15.452648 -15.975584 -16.678362 -15.901234
1.600000 -12.735179 -14.731504 -15.805122 -16.362968 -16.633478 -16.766929 -16.922526 -16.869572 -16.671835 -12.988390 -14.204739 -15.378540 -15.920908 -16.657021 -15.843634
1.650000 -12.649852 -14.675011 -15.766846 -16.336187 -16.613621 -16.751343 -16.915356 -16.869483 -16.676108 -12.906518 -14.140207 -15.332628 -15.884840 -16.637855 -15.806086
1.700000 -12.566227 -14.619267 -15.728724 -16.309188 -16.593324 -16.735182 -16.907349 -16.868341 -16.679196 -12.826234 -14.076690 -15.287118 -15.848853 -16.618228 -15.768666
1.750000 -12.414292 -14.522748 -15.667237 -16.269828 -16.567306 -16.717399 -16.905818 -16.880501 -16.699792 -12.680939 -13.964718 -15.210942 -15.791614 -16.593542 -15.708577
1.800000 -12.333037 -14.467827 -15.628969 -16.242084 -16.545912 -16.699927 -16.896089 -16.877299 -16.700615 -12.602840 -13.902454 -15.165691 -15.755366 -16.572783 -15.670974
1.850000 -12.180544 -14.370012 -15.565741 -16.200726 -16.517756 -16.679929 -16.892209 -16.887017 -16.718720 -12.456897 -13.789391 -15.087957 -15.696335 -16.545946 -15.609127
1.900000 -12.101657 -14.316010 -15.527484 -16.172430 -16.495478 -16.661370 -16.881003 -16.882020 -16.717553 -12.380991 -13.728449 -15.043096 -15.659989 -16.524269 -15.571499
1.950000 -12.024384 -14.262819 -15.489532 -16.144122 -16.472997 -16.642492 -16.869251 -16.876288 -16.715535 -12.306603 -13.668541 -14.998751 -15.623887 -16.502371 -15.534156
2.000000 -11.872144 -14.164035 -15.424583 -16.100594 -16.442419 -16.619926 -16.862538 -16.882977 -16.730497 -12.160768 -13.554848 -14.919608 -15.563046 -16.473088 -15.470559
2.050000 -11.797196 -14.111853 -15.386814 -16.071953 -16.419300 -16.600224 -16.849603 -16.875766 -16.726820 -12.088547 -13.496316 -14.875791 -15.527027 -16.450522 -15.433366
2.100000 -11.644541 -14.012082 -15.320530 -16.026887 -16.387074 -16.575948 -16.841077 -16.880574 -16.739866 -11.942227 -13.381794 -14.795456 -15.464811 -16.419581 -15.368420
2.150000 -11.571902 -13.960964 -15.283041 -15.998038 -16.363456 -16.555570 -16.827121 -16.872059 -16.734713 -11.872166 -13.324672 -14.752248 -15.428978 -16.396486 -15.331476
2.200000 -11.418879 -13.860303 -15.215548 -15.951576 -16.329733 -16.529740 -16.816947 -16.875159 -16.746019 -11.725415 -13.209405 -14.670835 -15.365516 -16.364039 -15.265309
2.250000 -11.348530 -13.810293 -15.178423 -15.922625 -16.305734 -16.508812 -16.802111 -16.865491 -16.739548 -11.657502 -13.153721 -14.628302 -15.329957 -16.340536 -15.228699
2.300000 -11.195179 -13.708827 -15.109830 -15.874891 -16.270645 -16.481564 -16.790432 -16.867030 -16.749266 -11.510366 -13.037781 -14.545911 -15.265361 -16.306714 -15.161422
2.350000 -11.127101 -13.659961 -15.073139 -15.845928 -16.246368 -16.460194 -16.774837 -16.856342 -16.741614 -11.444589 -12.983555 -14.504109 -15.230150 -16.282907 -15.125218
2.400000 -10.973461 -13.557763 -15.003544 -15.797032 -16.210030 -16.431649 -16.761780 -16.856452 -16.749879 -11.297110 -12.867006 -14.420828 -15.164520 -16.247827 -15.056927
2.450000 -10.907633 -13.510071 -14.967347 -15.768135 -16.185564 -16.409933 -16.745532 -16.844858 -16.741167 -11.233454 -12.814254 -14.379805 -15.129720 -16.223805 -15.021190
2.500000 -10.753737 -13.407209 -14.896836 -15.718174 -16.148080 -16.380195 -16.731207 -16.843655 -16.748097 -11.085671 -12.697154 -14.295712 -15.063145 -16.187572 -14.951974
2.550000 -10.598810 -13.303359 -14.825368 -15.667285 -16.109690 -16.349571 -16.716042 -16.841664 -16.754277 -10.936861 -12.579053 -14.210648 -14.995617 -16.150435 -14.881802
2.600000 -10.536022 -13.257250 -14.789835 -15.638473 -16.084963 -16.327382 -16.698908 -16.828841 -16.744130 -10.876071 -12.528291 -14.170674 -14.961370 -16.126118 -14.846692
2.650000 -10.380894 -13.152829 -14.717568 -15.586649 -16.045562 -16.295704 -16.682620 -16.825687 -16.749127 -10.727015 -12.409722 -14.084906 -14.893016 -16.087964 -14.775713
2.700000 -10.320326 -13.107962 -14.682657 -15.558068 -16.020831 -16.273366 -16.665053 -16.812194 -16.738164 -10.668328 -12.360474 -14.045814 -14.859317 -16.063619 -14.741200
2.750000 -10.165027 -13.003023 -14.609658 -15.505382 -15.980499 -16.240717 -16.647727 -16.807963 -16.742068 -10.519060 -12.241484 -13.959402 -14.790205 -16.024527 -14.669480
2.800000 -10.008748 -12.897174 -14.535794 -15.451867 -15.939364 -16.207285 -16.629668 -16.803053 -16.745334 -10.368821 -12.121564 -13.872105 -14.720235 -15.984635 -14.596897
2.850000 -9.951220 -12.854006 -14.501734 -15.423603 -15.914627 -16.184743 -16.611509 -16.788644 -16.733258 -10.313013 -12.074390 -13.834221 -14.687284 -15.960252 -14.563202
2.900000 -9.794819 -12.747715 -14.427231 -15.369329 -15.872666 -16.150447 -16.592524 -16.782772 -16.735546 -10.162613 -11.954117 -13.746367 -14.616651 -15.919528 -14.489972
2.950000 -9.739487 -12.705837 -14.393887 -15.341418 -15.848063 -16.127903 -16.574096 -16.767870 -16.722839 -10.108892 -11.908485 -13.709439 -14.584347 -15.895257 -14.456970
3.000000 -9.582991 -12.599149 -14.318798 -15.286444 -15.805339 -16.092809 -16.554252 -16.761104 -16.724217 -9.958361 -11.787899 -13.621078 -14.513106 -15.853764 -14.383147
3.050000 -9.425563 -12.491615 -14.242919 -15.230721 -15.761894 -16.057014 -16.533758 -16.753743 -16.725042 -9.806909 -11.666443 -13.531903 -14.441082 -15.811552 -14.308536
3.100000 -9.373276 -12.451529 -14.210574 -15.203306 -15.737483 -16.034475 -16.514964 -16.738166 -16.711470 -9.756083 -11.622953 -13.496306 -14.409680 -15.787443 -14.276501
3.150000 -9.215801 -12.343664 -14.134187 -15.146966 -15.693361 -15.997968 -16.493701 -16.730001 -16.711477 -9.604549 -11.501245 -13.406696 -14.337126 -15.744549 -14.201375
3.200000 -9.057421 -12.234986 -14.057047 -15.089916 -15.648559 -15.960802 -16.471829 -16.721284 -16.710972 -9.452121 -11.378698 -13.316309 -14.263828 -15.700978 -14.125499
3.250000 -9.008194 -12.196747 -14.025780 -15.063091 -15.624443 -15.938375 -16.452785 -16.705152 -16.696659 -9.404210 -11.337393 -13.282113 -14.233410 -15.677134 -14.094511
3.300000 -8.849813 -12.087799 -13.948202 -15.005500 -15.579041 -15.900576 -16.430223 -16.695710 -16.695416 -9.251749 -11.214651 -13.191357 -14.159654 -15.632958 -14.018190
3.350000 -8.690553 -11.978071 -13.869907 -14.947237 -15.532996 -15.862155 -16.407090 -16.685753 -16.693698 -9.098420 -11.091102 -13.099857 -14.085189 -15.588142 -13.941155
3.400000 -8.644404 -11.941729 -13.839789 -14.921085 -15.509265 -15.839934 -16.387898 -16.669173 -16.678752 -9.053445 -11.052023 -13.067124 -14.055829 -15.564654 -13.911286
3.450000 -8.485189 -11.831789 -13.761120 -14.862348 -15.462690 -15.800950 -16.364145 -16.658562 -16.676366 -8.900131 -10.928333 -12.975318 -13.980971 -15.519303 -13.833871
3.500000 -8.325121 -11.721098 -13.681768 -14.802972 -15.415507 -15.761379 -16.339855 -16.647469 -16.673539 -8.745977 -10.803864 -12.882800 -13.905437 -15.473346 -13.755775
3.550000 -8.282068 -11.686699 -13.652862 -14.777568 -15.392241 -15.739448 -16.320604 -16.630534 -16.658055 -8.703960 -10.767050 -12.851587 -13.877201 -15.450295 -13.727089
3.600000 -8.122092 -11.575851 -13.573195 -14.717781 -15.344591 -15.699377 -16.295758 -16.618849 -16.654621 -8.549867 -10.642493 -12.758820 -13.801334 -15.403866 -13.648672
3.650000 -7.961289 -11.464282 -13.492875 -14.657386 -15.296363 -15.658750 -16.270405 -16.606712 -16.650775 -8.394959 -10.517185 -12.665371 -13.724821 -15.356863 -13.569605
3.700000 -7.799666 -11.351999 -13.411909 -14.596391 -15.247567 -15.617575 -16.244553 -16.594130 -16.646525 -8.239245 -10.391134 -12.571248 -13.647673 -15.309295 -13.489895
3.750000 -7.760687 -11.320197 -13.384663 -14.572050 -15.225000 -15.596117 -16.225325 -16.576833 -16.630442 -8.201126 -10.357329 -12.542087 -13.620981 -15.286906 -13.462830
3.800000 -7.599221 -11.207828 -13.303459 -14.510722 -15.175814 -15.554520 -16.198994 -16.563735 -16.625660 -8.045539 -10.231260 -12.447789 -13.543576 -15.238944 -13.382876
3.850000 -7.436961 -11.094774 -13.221638 -14.448823 -15.126089 -15.512404 -16.172193 -16.550219 -16.620498 -7.889172 -10.104475 -12.352846 -13.465562 -15.190444 -13.302308
3.900000 -7.401143 -11.065025 -13.195743 -14.425385 -15.104153 -15.491407 -16.153085 -16.532752 -16.604063 -7.854080 -10.073033 -12.325331 -13.440136 -15.168659 -13.276566
3.950000 -7.239086 -10.951935 -13.113735 -14.363205 -15.054091 -15.448922 -16.125855 -16.518769 -16.598418 -7.697888 -9.946278 -12.230264 -13.361918 -15.119817 -13.195806
4.000000 -7.076261 -10.838185 -13.031138 -14.300482 -15.003515 -15.405943 -16.098179 -16.504391 -16.592417 -7.540939 -9.818834 -12.134578 -13.283118 -15.070465 -13.114457
4.050000 -6.912675 -10.723784 -12.947958 -14.237221 -14.952433 -15.362478 -16.070064 -16.489625 -16.586067 -7.383244 -9.690707 -12.038279 -13.203744 -15.020609 -13.032529
4.100000 -6.881053 -10.696793 -12.923908 -14.215047 -14.931405 -15.342168 -16.051200 -16.472019 -16.569255 -7.352176 -9.662424 -12.012993 -13.180052 -14.999697 -13.008597
4.150000 -6.717736 -10.582422 -12.840608 -14.151572 -14.880053 -15.298399 -16.022720 -16.456847 -16.562480 -7.194720 -9.534395 -11.916638 -13.100540 -14.949565 -12.926543
4.200000 -6.553684 -10.467424 -12.756751 -14.087586 -14.828218 -15.254168 -15.993823 -16.441309 -16.555376 -7.036543 -9.405709 -11.819697 -13.020479 -14.898955 -12.843935
4.250000 -6.388905 -10.351808 -12.672345 -14.023095 -14.775908 -15.209481 -15.964516 -16.425409 -16.547948 -6.877651 -9.276373 -11.722176 -12.939877 -14.847872 -12.760780
4.300000 -6.361556 -10.327666 -12.650239 -14.002288 -14.755896 -15.189967 -15.946005 -16.407773 -16.530866 -6.850686 -9.251336 -11.699215 -12.918020 -14.827940 -12.738755
4.350000 -6.197112 -10.212144 -12.565775 -13.937645 -14.703376 -15.145036 -15.916391 -16.391521 -16.523065 -6.692100 -9.122163 -11.601701 -12.837343 -14.776642 -12.655537
4.400000 -6.031965 -10.096028 -12.480785 -13.872519 -14.650403 -15.099672 -15.886386 -16.374928 -16.514959 -6.532825 -8.992364 -11.503632 -12.756147 -14.724894 -12.571795
4.450000 -5.866124 -9.979324 -12.395276 -13.806919 -14.596985 -15.053880 -15.855998 -16.357998 -16.506553 -6.372869 -8.861949 -11.405015 -12.674441 -14.672703 -12.487537
4.500000 -5.843128 -9.958118 -12.375207 -13.787576 -14.578085 -15.035259 -15.837938 -16.340429 -16.489295 -6.350087 -8.840243 -11.384468 -12.654511 -14.653848 -12.467514
4.550000 -5.677687 -9.841571 -12.289700 -13.721881 -14.524513 -14.989279 -15.807295 -16.323196 -16.480562 -6.190501 -8.710052 -11.285919 -12.572789 -14.601498 -12.383252
4.600000 -5.511578 -9.724461 -12.203697 -13.655733 -14.470516 -14.942892 -15.776288 -16.305644 -16.471546 -6.030260 -8.579269 -11.186844 -12.490578 -14.548726 -12.298496
4.650000 -5.344808 -9.606794 -12.117204 -13.589138 -14.416099 -14.896104 -15.744920 -16.287778 -16.462251 -5.869370 -8.447899 -11.087252 -12.407886 -14.495537 -12.213253
4.700000 -5.326242 -9.588607 -12.099257 -13.571346 -14.398401 -14.878464 -15.727400 -16.270362 -16.444901 -5.850849 -8.429606 -11.069204 -12.389969 -14.477848 -12.195316
