web/models/kne/2/mosfit_kn_0.041628_0.5000_0.5000.dat
# %ECSV 1.0
# ---
# datatype:
# - {name: time, datatype: float64}
# - {name: PS1_g, datatype: float64}
# - {name: PS1_i, datatype: float64}
# - {name: PS1_r, datatype: float64}
# - {name: PS1_w, datatype: float64}
# - {name: PS1_y, datatype: float64}
# - {name: PS1_z, datatype: float64}
# - {name: swift_uvot_B, datatype: float64}
# - {name: swift_uvot_U, datatype: float64}
# - {name: swift_uvot_uvm2, datatype: float64}
# - {name: swift_uvot_uvw1, datatype: float64}
# - {name: swift_uvot_uvw2, datatype: float64}
# - {name: swift_uvot_V, datatype: float64}
# - {name: johnson_B, datatype: float64}
# - {name: johnson_I, datatype: float64}
# - {name: johnson_R, datatype: float64}
# - {name: johnson_U, datatype: float64}
# - {name: johnson_V, datatype: float64}
# - {name: sdss_g, datatype: float64}
# - {name: sdss_i, datatype: float64}
# - {name: sdss_r, datatype: float64}
# - {name: sdss_u, datatype: float64}
# - {name: sdss_z, datatype: float64}
# - {name: ATLAS_c, datatype: float64}
# - {name: ATLAS_o, datatype: float64}
# - {name: ukirt_H, datatype: float64}
# - {name: ukirt_J, datatype: float64}
# - {name: ukirt_K, datatype: float64}
# - {name: Clear, datatype: float64}
# meta: !!omap
# - comment: [kappa = 0.5, type = rprocess, mass = 0.04162766037032262, velocity = 0.5, theta_obs = 0.0, tfloor = 1000.0]
# schema: astropy-2.0
time PS1_g PS1_i PS1_r PS1_w PS1_y PS1_z swift_uvot_B swift_uvot_U swift_uvot_uvm2 swift_uvot_uvw1 swift_uvot_uvw2 swift_uvot_V johnson_B johnson_I johnson_R johnson_U johnson_V sdss_g sdss_i sdss_r sdss_u sdss_z ATLAS_c ATLAS_o ukirt_H ukirt_J ukirt_K Clear
[from data line 349]
21.04208416833667 9.19620427411008 0.31437546091080293 3.789446238948635 1.8215224274446484 -3.208814587614466 -1.7911386227673276 12.736110850674567 19.39505494856948 33.283650252598655 15.360637480644037 17.87365398712369 7.155720966980865 11.53217353370836 -1.2391378455111477 1.7308949212138345 18.364053769317728 6.200698631812112 10.008744375424516 0.39563141302378924 4.017934898445077 19.896160478744296 -2.3645662347893293 5.7685228086912765 1.3161102840814998 -8.157801965529961 -6.0083126700402705 -9.518090646003133 -0.46437161631669
21.102204408817634 9.204674609188839 0.3228457959895614 3.7979165740274112 1.8299927625234247 -3.2003442525356895 -1.782668287688569 12.744581185753326 19.403525283648246 33.29212058767742 15.369107815722796 17.882124322202447 7.164191302059641 11.540643868787136 -1.2306675104323892 1.7393652562926107 18.372524104396504 6.209168966890888 10.017214710503293 0.4041017481025655 4.026405233523835 19.904630813823072 -2.356095899710553 5.776993143770053 1.3245806191602583 -8.149331630451185 -5.999842334961494 -9.509620310924356 -0.45590128123791374
21.162324649298597 9.213134916899985 0.3313061037007081 3.80637688173854 1.8384530702345714 -3.1918839448245606 -1.7742079799774224 12.753041493464472 19.411985591359382 33.30058089538856 15.377568123433942 17.890584629913594 7.17265160977077 11.549104176498282 -1.2222072027212425 1.7478255640037574 18.380984412107633 6.217629274602017 10.02567501821444 0.41256205581369443 4.034865541234982 19.91309112153422 -2.347635591999424 5.7854534514811995 1.333040926871405 -8.140871322740056 -5.991382027250365 -9.501160003213228 -0.4474409735267848
21.22244488977956 9.221588056461965 0.33975924326268725 3.814830021300537 1.8469062097965505 -3.1834308052625637 -1.7657548404154433 12.761494633026452 19.420438730921372 33.30903403495054 15.386021262995921 17.899037769475573 7.181104749332767 11.557557316060262 -1.2137540631592634 1.7562787035657366 18.38943755166963 6.226082414164014 10.034128157776419 0.4210151953756913 4.043318680796961 19.921544261096198 -2.339182452437427 5.793906591043179 1.341494066433384 -8.132418183178059 -5.982928887688368 -9.49270686365123 -0.4389878339647879
21.28256513026052 9.230026379954221 0.3481975667549442 3.823268344792776 1.8553445332888074 -3.1749924817703246 -1.7573165169231864 12.769932956518709 19.42887705441362 33.31747235844279 15.394459586488178 17.90747609296783 7.189543072825006 11.565995639552519 -1.2053157396670064 1.7647170270579935 18.39787587516187 6.234520737656253 10.042566481268658 0.4294535188679305 4.051757004289218 19.929982584588455 -2.330744128945188 5.8023449145354355 1.349932389925641 -8.12397985968582 -5.974490564196129 -9.484268540158991 -0.43054951047254875
21.34268537074148 9.238456459567281 0.35662764636800404 3.831698424405836 1.8637746129018495 -3.1665624021572647 -1.7488864373101265 12.778363036131768 19.437307134026682 33.325902438055856 15.402889666101238 17.91590617258089 7.197973152438066 11.57442571916556 -1.1968856600539466 1.7731471066710356 18.40630595477493 6.242950817269313 10.050996560881718 0.43788359848099034 4.060187083902278 19.938412664201497 -2.322314049332128 5.810774994148478 1.3583624695387009 -8.11554978007276 -5.966060484583069 -9.475838460545932 -0.4221194308594889
21.402805611222444 9.246877139173009 0.3650483259737314 3.8401191040115634 1.8721952925075769 -3.1581417225515374 -1.7404657577043992 12.786783715737496 19.44572781363241 33.334323117661576 15.411310345706966 17.924326852186617 7.206393832043793 11.582846398771288 -1.1884649804482192 1.781567786276763 18.414726634380656 6.2513714968750405 10.059417240487445 0.4463042780867177 4.068607763508005 19.946833343807224 -2.313893369726401 5.819195673754205 1.3667831491444282 -8.107129100467033 -5.957639804977342 -9.467417780940204 -0.41369875125376154
21.462925851703407 9.255288181669457 0.37345936847017924 3.848530146508029 1.8806063350040425 -3.1497306800550717 -1.7320547152079513 12.795194758233944 19.454138856128864 33.34273416015804 15.419721388203413 17.932737894683065 7.214804874540259 11.591257441267754 -1.1800539379517714 1.7899788287732286 18.423137676877122 6.259782539371506 10.06782828298391 0.45471532058316555 4.077018806004453 19.95524438630369 -2.305482327229953 5.827606716250671 1.375194191640876 -8.098718057970567 -5.949228762480876 -9.459006738443756 -0.4052877087573137
21.52304609218437 9.26368957223822 0.38186075903894334 3.856931537076793 1.8890077255728066 -3.1413292894863254 -1.7236533246391872 12.803596148802708 19.46254024669763 33.3511355507268 15.428122778772178 17.94113928525183 7.223206265109005 11.599658831836518 -1.1716525473830073 1.7983802193419927 18.431539067445886 6.26818392994027 10.076229673552675 0.46311671115192965 4.085420196573217 19.963645776872454 -2.297080936661189 5.836008106819435 1.3835955822096402 -8.090316667401803 -5.940827371912112 -9.450605347874992 -0.3968863181885496
21.58316633266533 9.272081344350696 0.3902525311514182 3.865323309189268 1.8973994976852815 -3.1329375173738505 -1.7152615525267123 12.811987920915183 19.470932018810103 33.35952732283928 15.436514550884652 17.949531057364304 7.23159803722148 11.608050603948993 -1.1632607752705324 1.8067719914544675 18.439930839558343 6.276575702052745 10.08462144566515 0.47150848326440453 4.093811968685692 19.97203754898493 -2.288689164548714 5.84439987893191 1.391987354322115 -8.081924895289328 -5.932435599799637 -9.442213575762517 -0.3884945460760747
21.64328657314629 9.2804635469904 0.39863473379112335 3.873705511828973 1.9057817003249866 -3.1245553147341276 -1.7068793498870072 12.820370123554888 19.47931422144981 33.36790952547898 15.444896753524358 17.95791326000401 7.239980239861203 11.616432806588698 -1.1548785726308273 1.8151541940941727 18.448313042198066 6.28495790469245 10.093003648304855 0.47989068590410966 4.102194171325397 19.980419751624634 -2.280306961909009 5.852782081571615 1.4003695569618202 -8.073542692649623 -5.924053397159932 -9.433831373122812 -0.3801123434363518
21.703406813627254 9.288836230773327 0.4070074175740501 3.882078195611882 1.9141543841079134 -3.1161826309512186 -1.6985066661040804 12.828742807337814 19.487686905232728 33.376282209261895 15.453269437307284 17.966285943786936 7.248352923644112 11.624805490371624 -1.1465058888479005 1.8235268778770994 18.456685725980975 6.293330588475359 10.101376332087764 0.48826336968703643 4.110566855108324 19.98879243540756 -2.271934278126082 5.8611547653545415 1.408742240744747 -8.065170008866714 -5.915680713377023 -9.425458689339886 -0.3717396596534428
21.763527054108216 9.297199441393715 0.41537062819443804 3.89044140623227 1.9225175947282835 -3.1078194203308307 -1.6901434554837103 12.837106017958202 19.496050115853116 33.38464541988228 15.461632647927672 17.974649154407324 7.2567161342645 11.633168700991995 -1.1381426782275126 1.8318900884974696 18.465048936601363 6.301693799095747 10.109739542708152 0.49662658030742435 4.118930065728712 19.99715564602793 -2.263571067505694 5.869517975974912 1.4171054513651349 -8.056806798246326 -5.907317502756635 -9.417095478719498 -0.3633764490330549
21.82364729458918 9.305553227609682 0.42372441441040465 3.8987951924482545 1.930871380944268 -3.099465634114864 -1.6817896692677259 12.845459804174169 19.50440390206908 33.39299920609826 15.469986434143639 17.98300294062329 7.2650699204804665 11.641522487207979 -1.129788892011546 1.840243874713454 18.47340272281733 6.3100475853117315 10.118093328924136 0.504980366523391 4.127283851944679 20.005509432243915 -2.2552172812897275 5.877871762190896 1.4254592375811015 -8.048453012030341 -5.898963716540651 -9.408741692503531 -0.3550226628170883
21.883767535070138 9.313897642030327 0.4320688288310315 3.9071396068688813 1.9392157953648947 -3.0911212196942195 -1.673445254847099 12.853804218594796 19.512748316489716 33.401343620518894 15.478330848564283 17.991347355043935 7.273414334901111 11.649866901628606 -1.1214444775909014 1.8485882891340808 18.481747137237974 6.318391999732358 10.126437743344763 0.5133247809440356 4.135628266365323 20.013853846664542 -2.246872866869083 5.886216176611523 1.433803652001746 -8.040108597609715 -5.890619302120024 -9.400397278082886 -0.3466782483964437
21.9438877755511 9.322232725707558 0.44040391250828037 3.9154746905461124 1.9475508790421436 -3.0827861360169884 -1.6651101711698502 12.862139302272045 19.521083400166958 33.40967870419614 15.486665932241515 17.999682438721166 7.281749418578342 11.658201985305855 -1.1131093939136703 1.8569233728113297 18.490082220915205 6.326727083409607 10.134772827022012 0.5216598646212667 4.143963350042554 20.02218893034179 -2.238537783191852 5.894551260288772 1.4421387356789772 -8.031773513932466 -5.882284218442793 -9.392062194405655 -0.33834316471921255
22.004008016032063 9.330558524427257 0.4487297112279798 3.9238004892658296 1.955876677761843 -3.074460337297271 -1.6567843724501508 12.870465100991744 19.529409198886665 33.418004502915835 15.494991730961214 18.008008237440865 7.290075217298059 11.666527784025554 -1.1047835951939708 1.865249171531029 18.498408019634923 6.335052882129307 10.143098625741711 0.5299856633409838 4.152289148762254 20.03051472906149 -2.2302119844721346 5.902877059008471 1.4504645343986766 -8.023447715212766 -5.873958419723076 -9.383736395685938 -0.3300173659994954
22.064128256513026 9.3388750880316 0.4570462748323223 3.9321170528701543 1.9641932413661856 -3.0661437736929464 -1.6484678088458082 12.878781664596087 19.537725762491 33.42632106652018 15.503308294565556 18.016324801045208 7.298391780902384 11.674844347629897 -1.0964670315896283 1.8735657351353716 18.506724583239247 6.343369445733649 10.151415189346054 0.5383022269453086 4.160605712366596 20.038831292665833 -2.22189542086781 5.911193622612814 1.4587810980030191 -8.015131151608442 -5.865641856118751 -9.375419832081613 -0.3217008023951706
22.12424849699399 9.34718245237164 0.4653536391723634 3.940424417210213 1.9725006057062267 -3.0578364093528876 -1.6401604445057671 12.887089028936128 19.54603312683105 33.43462843086022 15.511615658905598 18.02463216538525 7.306699145242443 11.683151711969938 -1.0881596672495872 1.8818730994754127 18.515031947579306 6.35167681007369 10.159722553686095 0.5466095912853497 4.168913076706637 20.047138657005874 -2.213588056527751 5.919500986952855 1.4670884623430602 -8.006823787268383 -5.857334491778692 -9.367112467741554 -0.3133934380551118
22.184368737474948 9.355480662345457 0.4736518491461794 3.948722627184029 1.9807988156800427 -3.0495381993790716 -1.6318622345319511 12.895387238909944 19.554331336804864 33.44292664083404 15.519913868879414 18.032930375359065 7.314997355216259 11.691449921943754 -1.0798614572757712 1.8901713094492287 18.523330157553122 6.359975020047506 10.16802076365991 0.5549078012591657 4.177211286680453 20.05543686697969 -2.2052898465539528 5.927799196926671 1.4753866723168763 -7.998525577294568 -5.849036281804876 -9.358814257767756 -0.3050952280813135
22.24448897795591 9.363769755743139 0.48194094254386144 3.9570117205817112 1.9890879090777247 -3.0412491059814073 -1.623573141134269 12.903676332307626 19.562620430202536 33.45121573423172 15.528202962277096 18.041219468756747 7.323286448613923 11.699739015341436 -1.0715723638780892 1.8984604028469108 18.531619250950786 6.368264113445188 10.176309857057593 0.5631968946568477 4.185500380078135 20.063725960377372 -2.1970007531562707 5.936088290324353 1.4836757657145583 -7.990236483896886 -5.840747188407212 -9.350525164370074 -0.2968061346836315
22.304609218436873 9.37204977467065 0.4902209614713726 3.9652917395092224 1.9973679280052359 -3.032969087053896 -1.615293122206758 12.911956351235137 19.57090044913005 33.45949575315923 15.536482981204607 18.04949948768426 7.3315664675414345 11.708019034268947 -1.063292344950578 1.906740421774422 18.539899269878298 6.3765441323726995 10.184589875985104 0.5714769135843589 4.193780399005647 20.072005979304883 -2.1887207342287596 5.944368309251864 1.4919557846420695 -7.981956464969374 -5.832467169479701 -9.342245145442563 -0.2885261157561203
22.364729458917836 9.380320757813791 0.4984919446145142 3.973562722652364 2.0056389111483774 -3.0246981039107546 -1.6070221390636164 12.920227334378279 19.5791714322732 33.46776673630237 15.544753964347748 18.0577704708274 7.339837450684576 11.716290017412089 -1.0550213618074364 1.9150114049175635 18.54817025302144 6.384815115515841 10.192860859128245 0.5797478967275005 4.202051382148788 20.080276962448025 -2.180449751085618 5.9526392923950056 1.500226767785211 -7.973685481826233 -5.8241961863365415 -9.333974162299421 -0.28025513261297874
22.4248496993988 9.388582743137821 0.5067539299385437 3.9818247079763935 2.013900896472407 -3.0164361185867072 -1.5987601537395868 12.928489319702308 19.58743341759723 33.4760287216264 15.553015949671778 18.06603245615143 7.348099436008606 11.724552002736118 -1.046759376483407 1.923273390241593 18.556432238345486 6.393077100839871 10.201122844452275 0.58800988205153 4.210313367472818 20.088538947772054 -2.1721877657615885 5.960901277719035 1.5084887531092406 -7.965423496502203 -5.815934201012512 -9.325712176975392 -0.2719931472889492
22.484969939879758 9.396835767649439 0.5150069544501434 3.9900777324879932 2.0221539209840067 -3.0081830940751075 -1.590507129227987 12.936742344213908 19.59568644210883 33.48428174613801 15.561268974183395 18.07428548066303 7.356352460520223 11.732805027247718 -1.0385063519718072 1.9315264147531928 18.564685262857086 6.40133012535147 10.209375868963875 0.5962629065631475 4.218566391984435 20.096791972283654 -2.163934741249971 5.969154302230635 1.516741777620858 -7.957170471990604 -5.807681176500912 -9.317459152463774 -0.2637401227773317
22.54509018036072 9.405079868284894 0.5232510550856162 3.9983218331234482 2.0303980216194617 -2.9999389934396525 -1.5822630285925143 12.94498644484938 19.603930542744294 33.49252584677347 15.56951307481885 18.082529581298502 7.364596561155678 11.741049127883173 -1.0302622513363344 1.9397705153886478 18.57292936349254 6.409574225986925 10.21761996959933 0.6045070071986025 4.22681049261989 20.10503607291911 -2.155690640614516 5.97739840286609 1.524985878256313 -7.948926371355149 -5.799437075865457 -9.30921505182832 -0.2554960221418767
22.605210420841683 9.413315076697959 0.5314862634986817 4.0065570415365315 2.038633230032545 -2.991703785026587 -1.5740278201794489 12.953221653262446 19.612165751157356 33.50076105518654 15.577748283231916 18.090764789711567 7.3728317695687435 11.749284336296256 -1.022027042923269 1.948005723801731 18.581164571905607 6.4178094344000085 10.225855178012413 0.612742215611668 4.235045701032956 20.113271281332192 -2.1474554322014505 5.985633611279173 1.5332210866693785 -7.940691162942065 -5.791201867452392 -9.300979843415254 -0.24726081372881126
22.665330661322646 9.421541430424174 0.539712617224879 4.014783395262729 2.046859583758742 -2.983477431300372 -1.5658014664532516 12.961448006988643 19.620392104883564 33.508987408912745 15.585974636958131 18.098991143437782 7.381058123294959 11.757510690022453 -1.013800689197054 1.9562320775279283 18.58939092563182 6.426035788126206 10.23408153173861 0.620968569337883 4.243272054759171 20.12149763505839 -2.1392290784752355 5.99385996500537 1.5414474403955936 -7.932464809215868 -5.782975513726177 -9.292753489689039 -0.2390344600025962
