web/models/kne/2/mosfit_kn_0.268580_0.1397_3.6500.dat
# %ECSV 1.0
# ---
# datatype:
# - {name: time, datatype: float64}
# - {name: PS1_g, datatype: float64}
# - {name: PS1_i, datatype: float64}
# - {name: PS1_r, datatype: float64}
# - {name: PS1_w, datatype: float64}
# - {name: PS1_y, datatype: float64}
# - {name: PS1_z, datatype: float64}
# - {name: swift_uvot_B, datatype: float64}
# - {name: swift_uvot_U, datatype: float64}
# - {name: swift_uvot_uvm2, datatype: float64}
# - {name: swift_uvot_uvw1, datatype: float64}
# - {name: swift_uvot_uvw2, datatype: float64}
# - {name: swift_uvot_V, datatype: float64}
# - {name: johnson_B, datatype: float64}
# - {name: johnson_I, datatype: float64}
# - {name: johnson_R, datatype: float64}
# - {name: johnson_U, datatype: float64}
# - {name: johnson_V, datatype: float64}
# - {name: sdss_g, datatype: float64}
# - {name: sdss_i, datatype: float64}
# - {name: sdss_r, datatype: float64}
# - {name: sdss_u, datatype: float64}
# - {name: sdss_z, datatype: float64}
# - {name: ATLAS_c, datatype: float64}
# - {name: ATLAS_o, datatype: float64}
# - {name: ukirt_H, datatype: float64}
# - {name: ukirt_J, datatype: float64}
# - {name: ukirt_K, datatype: float64}
# - {name: Clear, datatype: float64}
# meta: !!omap
# - comment: [kappa = 3.65, type = rprocess, mass = 0.2685795883840597, velocity = 0.13966666666666672, theta_obs = 0.0, tfloor = 1000.0]
# schema: astropy-2.0
time PS1_g PS1_i PS1_r PS1_w PS1_y PS1_z swift_uvot_B swift_uvot_U swift_uvot_uvm2 swift_uvot_uvw1 swift_uvot_uvw2 swift_uvot_V johnson_B johnson_I johnson_R johnson_U johnson_V sdss_g sdss_i sdss_r sdss_u sdss_z ATLAS_c ATLAS_o ukirt_H ukirt_J ukirt_K Clear
[from data line 169]
10.220440881763526 -11.132578479242632 -14.247303771961626 -13.079714387832837 -13.241536905790543 -15.268988206259948 -14.887278637406904 -9.870312910302285 -8.149690379225536 -1.5530017342521445 -6.411913805533018 -4.475474553857669 -12.056301295962736 -10.063866361593824 -14.998281952470524 -13.669625859835676 -8.39900421519432 -12.20816405852746 -10.840842210459662 -14.225505997258932 -13.048493939075367 -7.437430742078952 -15.004517580702341 -12.097044393820386 -13.706442692751963 -16.277747986382153 -15.922592916804543 -16.362209800947372 -13.76000999352339
10.280561122244489 -11.117905254936904 -14.241771074334455 -13.070493694329954 -13.234287645387166 -15.267322064059154 -14.884064481384502 -9.852234160045327 -8.124155239285678 -1.5122639305010237 -6.390994781983963 -4.455088264889294 -12.043760136703938 -10.046662977698752 -14.99390668664206 -13.661919299450755 -8.374615697447318 -12.196282227517228 -10.825346880285931 -14.219871127146053 -13.039086628473253 -7.412347372170789 -15.00181453455049 -12.085719553128751 -13.699561114435639 -16.281814337023143 -15.924041986725026 -16.368061403850277 -13.755010428017211
10.34068136272545 -11.10322511644636 -14.236207554376339 -13.06125168343991 -13.227017397222163 -15.265615851257284 -14.880813766653027 -9.834156090448129 -8.098639086309305 -1.4715965052716866 -6.370116483580599 -4.434739409476304 -12.031204610185082 -10.029460414695158 -14.989498071125038 -13.654189948992201 -8.350242963177472 -12.18438603266195 -10.809846694228504 -14.21420569279034 -13.029657978367464 -7.3872807588134926 -14.999074220094446 -12.074382037251592 -13.692654701743479 -16.285828705432902 -15.925444428880962 -16.37385769381305 -13.749986545987696
10.400801603206412 -11.088526628032582 -14.230605887931667 -13.051979375104263 -13.219718010890755 -15.26386397266787 -14.877520207273136 -9.816065746476134 -8.073125617121129 -1.4309762590795065 -6.349264235071104 -4.414413481437766 -12.018624256194894 -10.012246096454408 -14.985049298119996 -13.646429494896665 -8.32587022954532 -12.172465300474345 -10.794329847696584 -14.208502324325654 -13.020198928448163 -7.362214813015235 -14.996290577211724 -12.063021889469425 -13.685715506609526 -16.289788043868928 -15.926796033524262 -16.379596413997973 -13.744931185440308
10.460921843687375 -11.073803495526775 -14.22496217116377 -13.042671903872218 -13.212385085995297 -15.262063526385639 -14.874180501440328 -9.79795595440245 -8.047605712637615 -1.3903900525569872 -6.328429718817041 -4.394102232267606 -12.006013352388766 -9.995013066086646 -14.980556762782495 -13.638633455919937 -8.301488681605786 -12.160514473146423 -10.778789832371114 -14.202757091431852 -13.010704567565128 -7.337140543545484 -14.993460434391714 -12.051633667638235 -13.678739258121642 -16.29369092209126 -15.928094699477455 -16.385276590468184 -13.73984051380397
10.521042084168336 -11.05906945837475 -14.21928585135154 -13.033340451921731 -13.205028816605147 -15.260222132997097 -14.870803002731527 -9.779842066720274 -8.022098233978436 -1.3498638147561541 -6.3076291515578475 -4.37382156536183 -11.993384655444299 -9.977776247494749 -14.976029364104175 -13.63081228589489 -8.277116646744364 -12.148545985982063 -10.76324077477878 -14.196979489618506 -13.001186169766594 -7.312076611376277 -14.990591900440418 -12.040229508688842 -13.671736017130094 -16.297542234713656 -15.929346567113285 -16.39090226602503 -13.734723642678013
10.581162324649299 -11.044313490101398 -14.213569859690072 -13.023976356259706 -13.197641348178806 -15.258334389525743 -14.867381642302036 -9.761711592228998 -7.996587465097953 -1.3093752121852225 -6.286848446907083 -4.353557558112463 -11.980728074578188 -9.960523518454586 -14.97146053120031 -13.622957967753575 -8.252738909408556 -12.136550027240121 -10.747671293242522 -14.191162406064848 -12.991634993916641 -7.287007504779144 -14.987679124991082 -12.028799815076283 -13.66469811856824 -16.301339036343624 -15.930547569883604 -16.396471258924464 -13.729573673526598
10.64128256513026 -11.029534915063373 -14.20781402278859 -13.01457924355983 -13.19022236693101 -15.256400326173676 -14.863916370040116 -9.743563678862348 -7.97107214875215 -1.268922108720541 -6.266086211569437 -4.3333087833247 -11.968043065148503 -9.943254063185755 -14.966850150708446 -13.615070199887526 -8.228354279494454 -12.124526080811753 -10.732080667763704 -14.185305661993013 -12.982050659458295 -7.2619320007508215 -14.98472208274407 -12.017344072215721 -13.657625300930025 -16.30508164562737 -15.931697895699646 -16.401983975649333 -13.724390396379036
10.701402805611222 -11.01473811355369 -14.202021534269011 -13.005152789075982 -13.182775237421716 -15.254422624806487 -14.860410074110941 -9.725403161201395 -7.945558093519427 -1.2285122294446564 -6.245347230457767 -4.313079898320872 -11.955333746604861 -9.925972587976396 -14.96220126185695 -13.607152446593417 -8.203968421041996 -12.112478170835244 -10.71647338628587 -14.179412464524201 -12.972436869482529 -7.236855859786306 -14.98172359151436 -12.005866199413635 -13.650520916117515 -16.308771970285974 -15.932799806785507 -16.40744208039061 -13.71917686110212
10.761523046092185 -10.999920240036918 -14.196190764725856 -12.995694875293946 -13.175298059307359 -15.252400162212219 -14.856861429725772 -9.707226750497437 -7.920041022542499 -1.188139237515922 -6.224627477180871 -4.292866887765626 -11.942597569777107 -9.908675910050672 -14.95751238597417 -13.59920278168212 -8.179577213696689 -12.100403829106677 -10.700846494655423 -14.173481170876698 -12.962791484378187 -7.211774873873349 -14.978682391599651 -11.994363775546795 -13.643383142638221 -16.31240962527437 -15.933852581979231 -16.41284541618837 -13.71393144850762
10.821643286573146 -10.985086915541338 -14.190325726976063 -12.98621016676842 -13.167795092548467 -15.250336260714707 -14.853274037186832 -9.68904067989775 -7.894528487733172 -1.1478132942863999 -6.203933252643594 -4.272675906398774 -11.929839797659813 -9.891370092220132 -14.952787327804995 -13.591225587207376 -8.155188011998355 -12.088308191709094 -10.685205759519878 -14.167515812079454 -12.953119205477659 -7.1866965265955685 -14.975601988965632 -11.982841804433857 -13.636216212153407 -16.315996892679948 -15.934858979408801 -16.418195938458876 -13.708657998640863
10.881763527054108 -10.970233783963668 -14.184423775220836 -12.97669533004667 -13.160263331905 -15.248228990494681 -14.849645680965473 -9.670839964956343 -7.86901411263889 -1.1075251494328624 -6.18325871116193 -4.252501151113929 -11.917056484352308 -9.874050305033858 -14.948023655244153 -13.583217804639986 -8.130794657774178 -12.076187430561374 -10.669546671641488 -14.161513723423003 -12.94341666677278 -7.161614533937399 -14.97248026125547 -11.971296537702223 -13.629017215604264 -16.31953289323762 -15.935817641001222 -16.423493093560047 -13.703353911060994
10.941883767535069 -10.955355704367928 -14.178481734896557 -12.967146399430103 -13.15269920107566 -15.246076002238578 -14.845973682086608 -9.652618739584142 -7.843490429029458 -1.067264047317063 -6.162597082265009 -4.232335908349988 -11.904242956838448 -9.856710864493564 -14.94321844038491 -13.575175788261628 -8.10638993296718 -12.064037010772795 -10.653863913821215 -14.155471708560299 -12.93367986423883 -7.136521531633395 -14.969314637654172 -11.959723539160407 -13.62178267998626 -16.32301649211479 -15.936726878184047 -16.428736123727475 -13.698016080055666
11.002004008016032 -10.940467177780917 -14.172509530637143 -12.957575149295497 -13.14511340982719 -15.243885271473019 -14.842266798675183 -9.634393227646687 -7.817977405611405 -1.0270574570708773 -6.141965469638855 -4.212196977823094 -11.891412672769885 -9.839367530415778 -14.938381022074935 -13.567110528569987 -8.081993237178075 -12.051870042238091 -10.638172400005406 -14.149399743540165 -12.923920671582252 -7.111437277178165 -14.966113613564769 -11.948135594164278 -13.614523177330025 -16.326452751876413 -15.937593084895134 -16.433929180149192 -13.692654055529498
11.062124248496994 -10.925556396447789 -14.166499532264272 -12.94797226573058 -13.137497526342425 -15.241650931148971 -14.838518457987924 -9.616150068659152 -7.792458272632832 -0.9868816766799453 -6.121349017285471 -4.192069686744361 -11.878554802738314 -9.822007343019873 -14.933504298218232 -13.559013404943887 -8.057588327605647 -12.039675998055921 -10.62245994703856 -14.143290151656682 -12.914129689975518 -7.086345211075127 -14.962870849827645 -11.93652241825287 -13.607230459650541 -16.32983841555658 -15.938411813003626 -16.43906981861059 -13.68726042781418
11.122244488977955 -10.910620187591782 -14.160449865014826 -12.938335352416352 -13.129849400838474 -15.239371649287285 -14.834727111443478 -9.59788561346879 -7.76692832399414 -0.9467298251226124 -6.1007433917841425 -4.171949724827776 -11.865666485673671 -9.80462677143985 -14.92858655616515 -13.550882230541916 -8.03317066437182 -12.027452107218844 -10.606723265978601 -14.137141043828052 -12.904304498359327 -7.061240697936775 -14.959584868721745 -11.924881299070886 -13.599902452626367 -16.333172947167625 -15.939182163837025 -16.444157749877558 -13.681833353738995
11.182364729458918 -10.89567217659301 -14.154369859268563 -12.92867547592973 -13.122179093234738 -15.237054925835398 -14.830900994195204 -9.579615106198151 -7.741406320078212 -0.9066276864358107 -6.080164619788135 -4.151852838992575 -11.85276037032865 -9.78724062094328 -14.923636575846466 -13.542727332870125 -8.008758474050516 -12.015210689762162 -10.59097636986884 -14.130961798701502 -12.89445625723685 -7.036142301390154 -14.956263657984064 -11.913224247655574 -13.5925490908161 -16.336461108565757 -15.939910150826826 -16.449196878601185 -13.676381801210216
11.242484969939879 -10.880702446090993 -14.14825313262483 -12.918984829275999 -13.11447954383743 -15.234695870331443 -14.827034618540651 -9.561327315331518 -7.715878143697488 -0.8665552866272135 -6.059600200587791 -4.13176667775334 -11.839827366596982 -9.769838000572552 -14.918648421896147 -13.534541493211425 -7.984338085606375 -12.002942912733443 -10.575209023688075 -14.12474599452267 -12.884577087512135 -7.0110360820413575 -14.95290192794112 -11.901542636453826 -13.58516347028866 -16.339700218448346 -15.94059208450302 -16.454185211571716 -13.67089957623529
11.302605210420841 -10.865715745129592 -14.142103085549955 -12.909267359681316 -13.106754352905341 -15.232297303003897 -14.823131038542616 -9.543027505122136 -7.690350166550175 -0.8265211721037096 -6.039055409982925 -4.1116964019058635 -11.82687192588989 -9.752424028630248 -14.913625319635823 -13.5263284188025 -7.9599157056557 -11.99065311901048 -10.559426098737834 -14.118497047051068 -12.87467096793117 -6.985928355851492 -14.949502652771844 -11.889840692704716 -13.577749171725344 -16.342892220394255 -15.941230309779932 -16.459124416525285 -13.66538992353945
11.362725450901802 -10.850708379191083 -14.135917479962039 -12.899520243405895 -13.099000981770725 -15.229857596325633 -14.819188382807713 -9.524711444696987 -7.664816970959798 -0.7865174936153023 -6.018525315706729 -4.091637116867023 -11.813890701014433 -9.734994609168485 -14.908565213518116 -13.518085523128722 -7.935486102374149 -11.978338063936372 -10.543623770021338 -14.112212702102891 -12.864735046449756 -6.960813782885058 -14.94606404120578 -11.878115242490086 -13.57030373565248 -16.3460363846117 -15.941823687666759 -16.464014042317064 -13.659850651989789
11.422845691382765 -10.835679817204547 -14.129696185090399 -12.889743190328247 -13.091219189290886 -15.227376782042583 -14.815206618891779 -9.50637846213895 -7.639277561711779 -0.7465425620560522 -5.9980088258726205 -4.0715877123018664 -11.800883264789068 -9.717549100144542 -14.903468020795813 -13.509812574337616 -7.911048334176353 -11.965997343897905 -10.527801471119425 -14.105892824621886 -12.854769027013244 -6.935691395063568 -14.942586080865947 -11.866365883812886 -13.562826961846657 -16.34913297353332 -15.942372376077039 -16.46885442167743 -13.654281604110636
11.482965931863728 -10.820637509213498 -14.123444394469828 -12.879942307266461 -13.083414528350534 -15.224859087711451 -14.811190363037987 -9.488036863730766 -7.613742096027973 -0.7066101922581174 -5.977514481487063 -4.05155657225999 -11.787856561856504 -9.700095569373758 -14.898338643821837 -13.501515283142613 -7.8866122795949885 -11.95363772553465 -10.511966856185655 -14.099542633595377 -12.84477906763307 -6.910571251147797 -14.939073255930655 -11.854599205945693 -13.555324352513729 -16.352184762324274 -15.942879814545226 -16.473647873749822 -13.648687748435826
11.543086172344688 -10.805576009126359 -14.11715868995934 -12.870113359553326 -13.075583182170547 -15.222301949040933 -14.807136709358684 -9.46968045185746 -7.588202721339421 -0.6667091688701836 -5.9570352658464465 -4.031536751290105 -11.774805623564639 -9.682628012934153 -14.893173920214668 -13.493189750915448 -7.86217034322614 -11.941254386837075 -10.496114297092287 -14.093158688374583 -12.834760892814092 -6.885445602755791 -14.93552277364925 -11.84281049785545 -13.547792187881669 -16.35519044818858 -15.943344124855088 -16.478393488282542 -13.643065760800344
11.603206412825651 -10.790489148851687 -14.110835166890556 -12.860251530805744 -13.067720810673613 -15.219702416013394 -14.803042325611493 -9.451302217347124 -7.562650579710386 -0.6268268964659311 -5.936563322286812 -4.011520474879692 -11.761724811551446 -9.66513964138468 -14.887970231588696 -13.484831539903468 -7.837713953586782 -11.92884185556794 -10.480237422407086 -14.086737059140564 -12.824709639812486 -6.860305706328962 -14.93193142898484 -11.830994416962213 -13.540226230400751 -16.35814849457233 -15.943763125537682 -16.48309016912806 -13.637411855291912
11.663326653306612 -10.775390438353405 -14.10448305543925 -12.8503677813708 -13.059837357452562 -15.217067892905067 -14.798915350002968 -9.432917286670854 -7.5371043054251 -0.5869889704633229 -5.916114493901965 -3.991523329771652 -11.748626667775738 -9.647645136300532 -14.882736258244524 -13.476450866186386 -7.813261213242193 -11.916412340687204 -10.46435012862755 -14.080287024168907 -12.814636364085796 -6.835170002758222 -14.928307111705283 -11.819162856442347 -13.532636304852925 -16.361063569506214 -15.944142735554792 -16.487741726492043 -13.631734880597115
11.723446893787575 -10.760270752784233 -14.098096470426427 -12.84045492012579 -13.051926331432373 -15.21439386423225 -14.794750718196248 -9.414515327038313 -7.511550917680889 -0.5471770771279365 -5.895677376034172 -3.9715340467710045 -11.735502820327277 -9.630134483978367 -14.877466526110005 -13.468041085006696 -7.7887995498347635 -11.903957711016682 -10.448442999543737 -14.073802662196826 -12.804533806991092 -6.810025671365558 -14.924644940787761 -11.807307881765698 -13.525016055026562 -16.363933190624312 -15.944479544515833 -16.49234631229351 -13.626029146247074
11.783567134268537 -10.745131179056777 -14.091676341266108 -12.830513942154962 -13.043988653453926 -15.21168118561528 -14.790549316366679 -9.396097493165858 -7.485991704081538 -0.5073927275506156 -5.8752528692827966 -3.9515534862874655 -11.722354331151312 -9.612608813529086 -14.872161941661403 -13.459603155202881 -7.764330234592666 -11.891479010362838 -10.43251713694799 -14.067284904583826 -12.794402969463441 -6.784873999921803 -14.920945790789908 -11.795430502618789 -13.517366421224786 -16.366758092675543 -15.944774343209307 -16.4969046217487 -13.620295517920518
