web/models/kne/2/mosfit_kn_0.014776_0.5000_10.0000.dat
# %ECSV 1.0
# ---
# datatype:
# - {name: time, datatype: float64}
# - {name: PS1_g, datatype: float64}
# - {name: PS1_i, datatype: float64}
# - {name: PS1_r, datatype: float64}
# - {name: PS1_w, datatype: float64}
# - {name: PS1_y, datatype: float64}
# - {name: PS1_z, datatype: float64}
# - {name: swift_uvot_B, datatype: float64}
# - {name: swift_uvot_U, datatype: float64}
# - {name: swift_uvot_uvm2, datatype: float64}
# - {name: swift_uvot_uvw1, datatype: float64}
# - {name: swift_uvot_uvw2, datatype: float64}
# - {name: swift_uvot_V, datatype: float64}
# - {name: johnson_B, datatype: float64}
# - {name: johnson_I, datatype: float64}
# - {name: johnson_R, datatype: float64}
# - {name: johnson_U, datatype: float64}
# - {name: johnson_V, datatype: float64}
# - {name: sdss_g, datatype: float64}
# - {name: sdss_i, datatype: float64}
# - {name: sdss_r, datatype: float64}
# - {name: sdss_u, datatype: float64}
# - {name: sdss_z, datatype: float64}
# - {name: ATLAS_c, datatype: float64}
# - {name: ATLAS_o, datatype: float64}
# - {name: ukirt_H, datatype: float64}
# - {name: ukirt_J, datatype: float64}
# - {name: ukirt_K, datatype: float64}
# - {name: Clear, datatype: float64}
# meta: !!omap
# - comment: [kappa = 10.0, type = rprocess, mass = 0.014775890654408853, velocity = 0.5, theta_obs = 0.0, tfloor = 1000.0]
# schema: astropy-2.0
time PS1_g PS1_i PS1_r PS1_w PS1_y PS1_z swift_uvot_B swift_uvot_U swift_uvot_uvm2 swift_uvot_uvw1 swift_uvot_uvw2 swift_uvot_V johnson_B johnson_I johnson_R johnson_U johnson_V sdss_g sdss_i sdss_r sdss_u sdss_z ATLAS_c ATLAS_o ukirt_H ukirt_J ukirt_K Clear
[from data line 204]
12.324649298597194 9.532307427614164 0.6504786144148689 4.125549392452719 2.157625580948732 -2.872711434110382 -1.4550354692632617 13.072214004178633 19.731158102073554 33.619753406102724 15.696740634148103 18.209757140627755 7.4918241204849485 11.868276687212443 -0.9030346920070818 2.066998074717918 18.70015692282181 6.536801785316196 10.3448475289286 0.7317345665278729 4.354038051949143 20.23226363224838 -2.0284630812852456 6.10462596219536 1.6522134375855835 -7.821698812025878 -5.672209516536187 -9.181987492499049 -0.1282684628126063
12.384769539078157 9.548535180640183 0.666706367440888 4.141777145478738 2.1738533339747512 -2.856483681084363 -1.4388077162372426 13.088441757204652 19.747385855099573 33.635981159128754 15.71296838717414 18.225984893653774 7.508051873510968 11.884504440238462 -0.8868069389810627 2.083225827743937 18.71638467584783 6.553029538342215 10.36107528195462 0.747962319553892 4.37026580497518 20.2484913852744 -2.0122353282592265 6.120853715221379 1.6684411906116026 -7.805471058999859 -5.655981763510168 -9.16575973947303 -0.1120407097865872
12.444889779559118 9.564695074951999 0.6828662617527037 4.1579370397905535 2.190013228286567 -2.8403237867725473 -1.4226478219254268 13.104601651516468 19.76354574941139 33.652141053440566 15.729128281485956 18.242144787965607 7.524211767822783 11.900664334550278 -0.8706470446692469 2.099385722055753 18.732544570159646 6.5691894326540305 10.377235176266435 0.7641222138657078 4.386425699286995 20.264651279586214 -1.9960754339474107 6.137013609533195 1.6846010849234183 -7.789311164688043 -5.639821869198352 -9.149599845161214 -0.09588081547477145
12.50501002004008 9.580789128425149 0.6989603152258539 4.174031093263704 2.206107281759717 -2.824229733299397 -1.4065537684522766 13.120695704989618 19.77963980288454 33.66823510691371 15.745222334959088 18.25823884143874 7.5403058212959335 11.916758388023428 -0.8545529911960967 2.115479775528903 18.748638623632797 6.585283486127181 10.393329229739585 0.780216267338858 4.402519752760128 20.280745333059365 -1.9799813804742605 6.153107663006345 1.7006951383965685 -7.773217111214893 -5.623727815725202 -9.133505791688064 -0.07978676200162127
12.565130260521041 9.596818942091048 0.7149901288917704 4.190060906929602 2.222137095425616 -2.8081999196334984 -1.3905239547863602 13.136725518655535 19.795669616550448 33.684264920579615 15.761252148625005 18.274268655104656 7.556335634961832 11.932788201689345 -0.8385231775301802 2.1315095891948195 18.764668437298695 6.6013132997930795 10.409359043405484 0.7962460810047567 4.418549566426044 20.296775146725274 -1.9639515668083618 6.169137476672244 1.7167249520624672 -7.757187297548994 -5.607698002059303 -9.117475978022165 -0.06375694833572254
12.625250501002004 9.612786908649884 0.7309580954506067 4.206028873488439 2.2381050619844522 -2.792231953074662 -1.3745559882275238 13.152693485214371 19.81163758310928 33.700232887138455 15.777220115183841 18.290236621663492 7.572303601520669 11.948756168248163 -0.8225552109713439 2.147477555753638 18.78063640385753 6.617281266351916 10.42532700996432 0.8122140475635931 4.434517532984881 20.312743113284107 -1.9479836002495254 6.18510544323108 1.7326929186213036 -7.741219330990158 -5.591730035500467 -9.101508011463329 -0.047788981776886175
12.685370741482965 9.628692969144979 0.7468641559457012 4.221934933983533 2.2540111224795645 -2.7763258925795675 -1.3586499277324293 13.168599545709466 19.82754364360438 33.716138947633546 15.793126175678935 18.306142682158587 7.588209662015763 11.964662228743276 -0.8066491504762494 2.1633836162487503 18.796542464352626 6.63318732684701 10.441233070459415 0.8281201080586875 4.450423593479975 20.328649173779205 -1.932077539754431 6.201011503726193 1.748598979116398 -7.7253132704950636 -5.575823975005372 -9.085601950968234 -0.03188292128179171
12.745490981963927 9.644539523975073 0.7627107107757958 4.237781488813628 2.269857677309659 -2.760479337749473 -1.3428033729023348 13.18444610053956 19.84339019843447 33.73198550246365 15.80897273050903 18.32198923698868 7.604056216845858 11.98050878357337 -0.7908025956461548 2.179230171078845 18.81238901918272 6.649033881677105 10.457079625289527 0.8439666628887821 4.46627014831007 20.344495728609296 -1.9162309849243364 6.216858058556287 1.7644455339464926 -7.709466715664969 -5.559977420175278 -9.06975539613814 -0.016036366451697148
12.80561122244489 9.6603280581677 0.7784992449684225 4.2535700230062545 2.285646211502268 -2.7446908035568462 -1.327014838709708 13.200234634732187 19.8591787326271 33.747774036656274 15.824761264701657 18.337777771181308 7.619844751038484 11.996297317765997 -0.7750140614535281 2.1950187052714716 18.828177553375347 6.664822415869732 10.472868159482136 0.8597551970814088 4.4820586825026965 20.360284262801926 -1.9004424507317097 6.232646592748896 1.7802340681391193 -7.693678181472342 -5.544188885982651 -9.053966861945513 -0.00024783225907043516
12.86573146292585 9.676059749913932 0.794230936714655 4.269301714752487 2.3013779032485004 -2.728959111810614 -1.3112831469634756 13.21596632647842 19.874910424373333 33.7635057284025 15.84049295644789 18.35350946292754 7.635576442784717 12.012029009512212 -0.7592823697072957 2.2107503970176863 18.84390924512158 6.680554107615964 10.488599851228368 0.8754868888276413 4.497790374248929 20.37601595454816 -1.8847107589854772 6.2483782844951286 1.7959657598853518 -7.67794648972611 -5.5284571942364185 -9.03823517019928 0.015483859487162022
12.925851703406813 9.691735964447297 0.8099071512480194 4.284977929285851 2.317054117781865 -2.7132828972772494 -1.2956069324301112 13.231642541011784 19.890586638906697 33.77918194293587 15.856169170981254 18.369185677460905 7.651252657318081 12.027705224045594 -0.7436061551739312 2.2264266115510507 18.859585459654944 6.6962303221493285 10.504276065761733 0.8911631033610057 4.513466588782293 20.391692169081523 -1.8690345444521128 6.264054499028493 1.8116419744187162 -7.662270275192745 -5.512780979703054 -9.022558955665916 0.03116007402052645
12.985971943887774 9.707357778779837 0.825528965580542 4.300599743618392 2.3326759321144053 -2.697661082944709 -1.2799851180975885 13.247264355344306 19.906208453239227 33.7948037572684 15.871790985313776 18.384807491793428 7.666874471650622 12.043327038378116 -0.7279843408414086 2.242048425883591 18.875207273987485 6.711852136481869 10.519897880094273 0.9067849176935461 4.529088403114816 20.407313983414053 -1.8534127301195724 6.279676313361033 1.8272637887512566 -7.646648460860205 -5.497159165370514 -9.006937141333376 0.04678188835306685
13.046092184368737 9.722926558080331 0.8410977448810364 4.316168522918886 2.3482447114148997 -2.6820923036442146 -1.2644163387970941 13.2628331346448 19.92177723253972 33.81037253656889 15.88735976461427 18.400376271093922 7.682443250951116 12.05889581767861 -0.7124155615409142 2.2576172051840855 18.89077605328798 6.727420915782363 10.535466659394768 0.9223536969940405 4.54465718241531 20.422882762714547 -1.837843950819078 6.295245092661528 1.842832568051751 -7.631079681559711 -5.481590386070019 -8.991368362032881 0.06235066765356123
13.1062124248497 9.738443302279887 0.8566144890806093 4.331685267118441 2.3637614556144726 -2.6665755594446594 -1.2488995945975212 13.278349878844374 19.937293976739284 33.82588928076846 15.902876508813844 18.415893015293495 7.697959995150671 12.074412561878184 -0.6968988173413413 2.2731339493836584 18.906292797487534 6.742937659981918 10.550983403594323 0.9378704411935956 4.560173926614883 20.43839950691411 -1.8223272066195229 6.310761836861083 1.8583493122513062 -7.615562937360155 -5.466073641870464 -8.975851617833326 0.07786741185311641
13.16633266533066 9.753909090072241 0.8720802768729463 4.347151054910796 2.3792272434068096 -2.6511097716523047 -1.2334338068051842 13.293815666636728 19.95275976453163 33.84135506856081 15.918342296606198 18.43135880308585 7.713425782943026 12.08987834967052 -0.6814330295489865 2.2885997371759954 18.92175858527989 6.758403447774273 10.566449191386678 0.9533362289859504 4.575639714407238 20.453865294706468 -1.806861418827168 6.326227624653438 1.873815100043661 -7.600097149567801 -5.450607854078109 -8.960385830040972 0.09333319964547115
13.226452905811623 9.769324807982258 0.8874959947829808 4.362566772820831 2.394642961316844 -2.63569405374227 -1.2180180888951497 13.309231384546745 19.968175482441666 33.85677078647084 15.933758014516215 18.446774520995866 7.72884150085306 12.105294067580555 -0.6660173116389698 2.30401545508603 18.937174303189924 6.773819165684308 10.581864909296712 0.9687519468959671 4.591055432317255 20.46928101261649 -1.7914457009171514 6.341643342563472 1.8892308179536776 -7.584681431657766 -5.435192136168075 -8.944970112130955 0.10874891755550564
13.286573146292584 9.784691528806615 0.9028627156073377 4.3779334936451875 2.410009682141201 -2.6203273329179133 -1.2026513680707929 13.324598105371102 19.983542203266023 33.87213750729519 15.949124735340572 18.462141241820223 7.744208221677417 12.120660788404912 -0.650650590814613 2.3193821759103868 18.95254102401428 6.7891858865086645 10.597231630121069 0.984118667720324 4.606422153141612 20.48464773344085 -1.7760789800927945 6.357010063387829 1.9045975387780345 -7.569314710833409 -5.419825415343718 -8.929603391306598 0.12411563837984474
13.346693386773547 9.800010159523946 0.9181813463246691 4.393252124362519 2.4253283128585323 -2.605008702200582 -1.1873327373534615 13.339916736088433 19.998860833983354 33.887456138012524 15.964443366057903 18.477459872537562 7.759526852394749 12.135979419122243 -0.6353319600972815 2.334700806627718 18.967859654731612 6.804504517225996 10.6125502608384 0.9994372984376731 4.621740783858943 20.49996636415818 -1.7607603493754453 6.3723286941051605 1.919916169495366 -7.553996080116078 -5.404506784626387 -8.914284760589249 0.13943426909719392
13.40681362725451 9.815281537494531 0.9334527242952539 4.408523502333086 2.4405996908290994 -2.589737324230015 -1.1720613593828766 13.355188114059018 20.014132211953928 33.9027275159831 15.979714744028488 18.492731250508132 7.774798230365316 12.15125079709281 -0.6200605821266967 2.3499721845982853 18.98313103270218 6.819775895196563 10.627821638808967 1.0147086764082403 4.637012161829528 20.515237742128754 -1.7454889714048782 6.3876000720757276 1.9351875474659508 -7.538724702145511 -5.3892354066558195 -8.899013382618682 0.15470564706776102
13.46693386773547 9.830506430867185 0.9486776176679079 4.42374839570574 2.4558245842017534 -2.574512430857361 -1.1568364660102226 13.370413007431672 20.029357105326582 33.917952409355756 15.994939637401142 18.507956143880786 7.79002312373797 12.166475690465465 -0.6048356887540427 2.3651970779709393 18.998355926074833 6.835000788569217 10.643046532181621 1.0299335697808942 4.652237055202182 20.530462635501408 -1.7302640780322243 6.4028249654483815 1.9504124408386048 -7.523499808772857 -5.3740105132831655 -8.883788489246028 0.169930540440415
13.527054108216433 9.845685713361316 0.963856900162039 4.438927678199871 2.471003866695902 -2.55933314836323 -1.1416571835160916 13.385592289925803 20.044536387820713 33.93313169184989 16.010118919895273 18.523135426374925 7.805202406232101 12.181654972959613 -0.5896564062599117 2.380376360465088 19.013535208568964 6.850180071063348 10.65822581467577 1.0451128522750253 4.667416337696313 20.54564191799554 -1.7150847955380932 6.41800424794253 1.9655917233327358 -7.508320526278726 -5.3588312307890344 -8.868609206751897 0.18510982293454603
13.587174348697394 9.860820139058877 0.9789913258595995 4.4540621038974315 2.486138292393445 -2.5441987226656693 -1.126522757818531 13.400726715623364 20.059670813518274 33.94826611754745 16.025253345592834 18.538269852072485 7.820336831929661 12.196789398657174 -0.5745219805623512 2.3955107861626486 19.028669634266524 6.8653144967609085 10.673360240373313 1.0602472779725858 4.682550763393873 20.5607763436931 -1.6999503698405327 6.433138673640073 1.9807261490302963 -7.493186100581165 -5.343696805091474 -8.853474781054336 0.20024424863210655
13.647294589178356 9.875910393465794 0.994081580266517 4.469152358304349 2.5012285468003803 -2.5291084682587517 -1.1114325034116135 13.415816970030281 20.074761067925195 33.96335637195437 16.04034359999975 18.553360106479403 7.835427086336579 12.211879653064091 -0.5594317261554336 2.410601040569566 19.043759888673442 6.880404751167826 10.68845049478023 1.0753375323795034 4.697641017800791 20.57586659810002 -1.6848601154336151 6.448228928046991 1.995816403437214 -7.478095846174248 -5.328606550684556 -8.838384526647419 0.21533450303902413
13.707414829659317 9.890957066234343 1.0091282530350654 4.484199031072915 2.5162752195689286 -2.5140617954901856 -1.0963858306430652 13.43086364279883 20.08980774069375 33.978403044722924 16.0553902727683 18.56840677924796 7.850473759105145 12.22692632583264 -0.5443850533868853 2.4256477133381145 19.058806561442008 6.895451423936392 10.703497167548797 1.0903842051480517 4.712687690569339 20.590913270868576 -1.669813442665049 6.463275600815557 2.010863076205762 -7.463049173405682 -5.31355987791599 -8.823337853878852 0.2303811758075902
13.76753507014028 9.905961003003032 1.024132189803737 4.499202967841587 2.5312791563376003 -2.499057858721514 -1.0813818938743935 13.445867579567501 20.104811677462422 33.9934069814916 16.07039420953699 18.583410716016633 7.865477695873817 12.241930262601311 -0.5293811166181959 2.440651650106786 19.07381049821068 6.910455360705064 10.718501104317468 1.105388141916741 4.727691627338029 20.605917207637248 -1.6548095058963774 6.478279537584228 2.0258670129744516 -7.44804523663701 -5.298555941147319 -8.80833391711018 0.24538511257626183
13.827655310621243 9.920922713696427 1.0390939004971322 4.514164678534982 2.5462408670309955 -2.4840961480281187 -1.0664201831809983 13.460829290260897 20.119773388155817 34.008368692184995 16.085355920230384 18.598372426710025 7.880439406567212 12.256891973294707 -0.5144194059248184 2.4556133608001813 19.088772208904075 6.925417071398459 10.733462815010864 1.1203498526101363 4.742653338031424 20.620878918330643 -1.6398477952029822 6.493241248277624 2.040828723667847 -7.433083525943615 -5.283594230453923 -8.793372206416786 0.2603468232696571
13.887775551102203 9.935842870338103 1.0540140571388257 4.529084835176658 2.561161023672689 -2.469175991386443 -1.0515000265393049 13.47574944690259 20.1346935447975 34.02328884882668 16.10027607687206 18.61329258335171 7.8953595632088875 12.2718121299364 -0.49949924928312495 2.4705335174418748 19.10369236554575 6.9403372280401525 10.748382971652557 1.135270009251812 4.7575734946731 20.635799074972326 -1.6249276385613065 6.508161404919317 2.0557488803095225 -7.418163369301939 -5.268674073812248 -8.77845204977511 0.27526697991133275
13.947895791583166 9.950721995622622 1.068893182423345 4.543963960461195 2.5760401489572082 -2.4542968661019238 -1.0366209012547856 13.49062857218711 20.14957267008203 34.038167974111204 16.11515520215658 18.62817170863623 7.910238688493407 12.28669125522092 -0.48462012399860566 2.485412642726394 19.118571490830288 6.955216353324672 10.763262096937076 1.1501491345363313 4.772452619957619 20.650678200256856 -1.6100485132767872 6.523040530203836 2.070628005594042 -7.403284244017402 -5.253794948527711 -8.76357292449059 0.29014610519585204
