web/models/kne/2/villar_0.0019_0.5000_1.0000.dat
# %ECSV 1.0
# ---
# datatype:
# - {name: time, datatype: float64}
# - {name: swift_uvot_uvw2, datatype: float64}
# - {name: swift_uvot_uvm2, datatype: float64}
# - {name: swift_uvot_uvw1, datatype: float64}
# - {name: swift_uvot_U, datatype: float64}
# - {name: swift_uvot_B, datatype: float64}
# - {name: swift_uvot_V, datatype: float64}
# - {name: swift_uvot_W, datatype: float64}
# - {name: johnson_U, datatype: float64}
# - {name: johnson_B, datatype: float64}
# - {name: johnson_V, datatype: float64}
# - {name: johnson_R, datatype: float64}
# - {name: johnson_I, datatype: float64}
# - {name: sdss_u, datatype: float64}
# - {name: sdss_g, datatype: float64}
# - {name: sdss_r, datatype: float64}
# - {name: sdss_i, datatype: float64}
# - {name: sdss_z, datatype: float64}
# - {name: PS1_g, datatype: float64}
# - {name: PS1_r, datatype: float64}
# - {name: PS1_i, datatype: float64}
# - {name: PS1_z, datatype: float64}
# - {name: PS1_Y, datatype: float64}
# - {name: PS1_w, datatype: float64}
# - {name: ATLAS_c, datatype: float64}
# - {name: ATLAS_o, datatype: float64}
# - {name: ukirt_J, datatype: float64}
# - {name: ukirt_H, datatype: float64}
# - {name: ukirt_K, datatype: float64}
# - {name: Clear, datatype: float64}
# meta: !!omap
# - comment: [kappa = 1.0, type = villar, mass = 0.001861645566637777, velocity = 0.5, theta_obs = 0.0]
# schema: astropy-2.0
time swift_uvot_uvw2 swift_uvot_uvm2 swift_uvot_uvw1 swift_uvot_U swift_uvot_B swift_uvot_V swift_uvot_W johnson_U johnson_B johnson_V johnson_R johnson_I sdss_u sdss_g sdss_r sdss_i sdss_z PS1_g PS1_r PS1_i PS1_z PS1_Y PS1_w ATLAS_c ATLAS_o ukirt_J ukirt_H ukirt_K Clear
[from data line 147]
0.079839 -9.41 -9.801 -10.513 -11.555 -12.029 -12.272 -11.233 -11.648 -12.031 -12.273 -12.325 -12.254 -11.628 -12.128 -12.326 -12.322 -12.241 -12.175 -12.334 -12.331 -12.276 -12.244 -12.276 -12.229 -12.325 -11.931 -11.58 -11.11 -12.248
0.082253 -9.379 -9.769 -10.496 -11.555 -12.041 -12.294 -11.238 -11.65 -12.044 -12.295 -12.354 -12.289 -11.63 -12.144 -12.352 -12.354 -12.277 -12.193 -12.361 -12.363 -12.311 -12.281 -12.302 -12.25 -12.354 -11.973 -11.625 -11.157 -12.273
0.084741 -9.348 -9.735 -10.477 -11.554 -12.053 -12.315 -11.242 -11.651 -12.056 -12.317 -12.383 -12.324 -11.63 -12.159 -12.378 -12.386 -12.312 -12.209 -12.387 -12.395 -12.346 -12.318 -12.327 -12.27 -12.383 -12.014 -11.67 -11.204 -12.297
0.087304 -9.315 -9.699 -10.458 -11.552 -12.063 -12.336 -11.245 -11.651 -12.067 -12.338 -12.412 -12.359 -11.63 -12.173 -12.404 -12.417 -12.348 -12.225 -12.412 -12.426 -12.381 -12.355 -12.352 -12.289 -12.411 -12.055 -11.714 -11.25 -12.321
0.089944 -9.282 -9.662 -10.436 -11.549 -12.073 -12.356 -11.248 -11.65 -12.077 -12.358 -12.439 -12.393 -11.628 -12.187 -12.428 -12.448 -12.382 -12.241 -12.437 -12.457 -12.415 -12.391 -12.376 -12.308 -12.438 -12.096 -11.758 -11.297 -12.344
0.092665 -9.247 -9.623 -10.414 -11.544 -12.082 -12.375 -11.25 -11.648 -12.086 -12.378 -12.467 -12.426 -11.625 -12.2 -12.452 -12.478 -12.417 -12.255 -12.461 -12.487 -12.449 -12.427 -12.4 -12.326 -12.465 -12.137 -11.802 -11.343 -12.367
0.095467 -9.21 -9.583 -10.39 -11.538 -12.09 -12.393 -11.251 -11.644 -12.094 -12.396 -12.493 -12.459 -11.621 -12.212 -12.476 -12.507 -12.451 -12.269 -12.485 -12.516 -12.482 -12.462 -12.422 -12.344 -12.491 -12.177 -11.845 -11.39 -12.389
0.098355 -9.173 -9.54 -10.364 -11.531 -12.097 -12.411 -11.251 -11.64 -12.101 -12.414 -12.519 -12.492 -11.616 -12.223 -12.498 -12.536 -12.484 -12.281 -12.507 -12.545 -12.515 -12.497 -12.445 -12.36 -12.516 -12.217 -11.889 -11.435 -12.411
0.101329 -9.134 -9.495 -10.337 -11.523 -12.103 -12.427 -11.25 -11.634 -12.107 -12.431 -12.545 -12.524 -11.609 -12.232 -12.52 -12.564 -12.517 -12.293 -12.529 -12.574 -12.547 -12.531 -12.466 -12.376 -12.541 -12.256 -11.931 -11.481 -12.431
0.104394 -9.095 -9.448 -10.309 -11.513 -12.107 -12.443 -11.249 -11.627 -12.112 -12.447 -12.569 -12.556 -11.601 -12.241 -12.541 -12.592 -12.55 -12.303 -12.551 -12.602 -12.579 -12.565 -12.487 -12.39 -12.565 -12.295 -11.974 -11.527 -12.451
0.107551 -9.053 -9.4 -10.278 -11.502 -12.111 -12.458 -11.246 -11.618 -12.116 -12.463 -12.593 -12.587 -11.591 -12.249 -12.562 -12.619 -12.582 -12.313 -12.571 -12.629 -12.61 -12.599 -12.507 -12.404 -12.589 -12.334 -12.017 -11.572 -12.471
0.110804 -9.011 -9.348 -10.246 -11.489 -12.113 -12.472 -11.242 -11.608 -12.119 -12.477 -12.616 -12.617 -11.58 -12.256 -12.581 -12.645 -12.613 -12.322 -12.591 -12.655 -12.64 -12.632 -12.526 -12.417 -12.611 -12.372 -12.059 -11.617 -12.489
0.114155 -8.967 -9.295 -10.212 -11.475 -12.114 -12.485 -11.238 -11.596 -12.12 -12.49 -12.639 -12.647 -11.568 -12.262 -12.6 -12.671 -12.644 -12.329 -12.609 -12.681 -12.67 -12.664 -12.544 -12.429 -12.633 -12.41 -12.1 -11.662 -12.507
0.117608 -8.922 -9.239 -10.177 -11.459 -12.114 -12.497 -11.232 -11.583 -12.12 -12.503 -12.66 -12.676 -11.553 -12.266 -12.617 -12.696 -12.674 -12.336 -12.627 -12.706 -12.699 -12.696 -12.562 -12.439 -12.654 -12.448 -12.142 -11.706 -12.524
0.121165 -8.876 -9.181 -10.139 -11.441 -12.112 -12.508 -11.225 -11.568 -12.119 -12.514 -12.681 -12.704 -11.538 -12.269 -12.634 -12.72 -12.703 -12.341 -12.644 -12.73 -12.728 -12.727 -12.578 -12.449 -12.674 -12.485 -12.182 -11.75 -12.539
0.124829 -8.828 -9.12 -10.099 -11.421 -12.109 -12.517 -11.217 -11.551 -12.116 -12.524 -12.701 -12.732 -11.52 -12.271 -12.65 -12.743 -12.732 -12.345 -12.66 -12.754 -12.756 -12.758 -12.594 -12.458 -12.693 -12.521 -12.223 -11.794 -12.554
0.128605 -8.779 -9.056 -10.057 -11.4 -12.105 -12.526 -11.207 -11.533 -12.112 -12.533 -12.72 -12.759 -11.501 -12.271 -12.664 -12.765 -12.76 -12.347 -12.675 -12.776 -12.783 -12.787 -12.608 -12.465 -12.712 -12.557 -12.263 -11.838 -12.569
0.132494 -8.729 -8.99 -10.013 -11.377 -12.099 -12.533 -11.196 -11.513 -12.106 -12.54 -12.737 -12.785 -11.479 -12.27 -12.678 -12.787 -12.787 -12.349 -12.689 -12.798 -12.809 -12.817 -12.622 -12.471 -12.729 -12.593 -12.303 -11.881 -12.582
0.136502 -8.678 -8.92 -9.967 -11.351 -12.091 -12.539 -11.184 -11.49 -12.099 -12.547 -12.754 -12.811 -11.456 -12.268 -12.69 -12.807 -12.814 -12.348 -12.701 -12.819 -12.835 -12.845 -12.634 -12.476 -12.745 -12.627 -12.342 -11.923 -12.594
0.14063 -8.625 -8.848 -9.918 -11.324 -12.081 -12.543 -11.171 -11.466 -12.09 -12.552 -12.77 -12.835 -11.43 -12.264 -12.701 -12.827 -12.839 -12.347 -12.713 -12.839 -12.86 -12.873 -12.645 -12.479 -12.76 -12.662 -12.381 -11.966 -12.605
0.144883 -8.572 -8.772 -9.867 -11.294 -12.07 -12.546 -11.156 -11.439 -12.079 -12.555 -12.785 -12.859 -11.402 -12.258 -12.711 -12.845 -12.864 -12.343 -12.723 -12.857 -12.883 -12.9 -12.656 -12.481 -12.774 -12.695 -12.419 -12.008 -12.614
0.149265 -8.517 -8.692 -9.813 -11.261 -12.057 -12.548 -11.139 -11.411 -12.066 -12.557 -12.798 -12.882 -11.372 -12.25 -12.72 -12.863 -12.888 -12.338 -12.732 -12.875 -12.906 -12.926 -12.664 -12.482 -12.787 -12.728 -12.457 -12.05 -12.623
0.15378 -8.46 -8.609 -9.757 -11.227 -12.042 -12.547 -11.121 -11.379 -12.052 -12.558 -12.811 -12.903 -11.34 -12.241 -12.727 -12.879 -12.911 -12.332 -12.739 -12.892 -12.928 -12.951 -12.672 -12.48 -12.799 -12.76 -12.494 -12.091 -12.63
0.15843 -8.403 -8.522 -9.697 -11.189 -12.024 -12.546 -11.1 -11.346 -12.035 -12.556 -12.822 -12.924 -11.305 -12.23 -12.733 -12.894 -12.933 -12.323 -12.745 -12.907 -12.949 -12.976 -12.678 -12.478 -12.809 -12.792 -12.531 -12.131 -12.636
0.163222 -8.345 -8.431 -9.635 -11.149 -12.005 -12.542 -11.079 -11.309 -12.016 -12.553 -12.831 -12.944 -11.267 -12.217 -12.737 -12.908 -12.953 -12.313 -12.75 -12.921 -12.969 -12.999 -12.683 -12.473 -12.818 -12.823 -12.567 -12.172 -12.641
0.168159 -8.286 -8.336 -9.569 -11.106 -11.983 -12.536 -11.055 -11.27 -11.995 -12.548 -12.839 -12.962 -11.226 -12.201 -12.739 -12.92 -12.973 -12.3 -12.753 -12.934 -12.987 -13.021 -12.686 -12.467 -12.825 -12.853 -12.602 -12.211 -12.644
0.173245 -8.227 -8.237 -9.5 -11.06 -11.959 -12.529 -11.029 -11.227 -11.971 -12.542 -12.846 -12.979 -11.182 -12.183 -12.74 -12.931 -12.992 -12.286 -12.754 -12.945 -13.005 -13.043 -12.687 -12.458 -12.831 -12.882 -12.637 -12.251 -12.645
0.178484 -8.166 -8.133 -9.427 -11.011 -11.932 -12.519 -11.001 -11.182 -11.945 -12.533 -12.85 -12.995 -11.135 -12.163 -12.739 -12.941 -13.009 -12.269 -12.753 -12.955 -13.021 -13.063 -12.687 -12.448 -12.835 -12.91 -12.671 -12.289 -12.645
0.183882 -8.106 -8.023 -9.351 -10.958 -11.902 -12.507 -10.97 -11.133 -11.916 -12.522 -12.854 -13.01 -11.085 -12.141 -12.736 -12.949 -13.025 -12.249 -12.75 -12.963 -13.035 -13.082 -12.685 -12.435 -12.837 -12.937 -12.704 -12.327 -12.644
0.189444 -8.044 -7.909 -9.271 -10.901 -11.869 -12.493 -10.937 -11.081 -11.884 -12.508 -12.855 -13.023 -11.031 -12.115 -12.731 -12.955 -13.039 -12.227 -12.746 -12.969 -13.049 -13.099 -12.681 -12.42 -12.837 -12.963 -12.737 -12.365 -12.64
0.195173 -7.983 -7.789 -9.187 -10.841 -11.834 -12.476 -10.902 -11.025 -11.849 -12.492 -12.854 -13.034 -10.973 -12.087 -12.723 -12.959 -13.052 -12.203 -12.739 -12.974 -13.06 -13.115 -12.675 -12.402 -12.836 -12.988 -12.768 -12.401 -12.635
0.201076 -7.922 -7.663 -9.099 -10.776 -11.794 -12.457 -10.864 -10.965 -11.811 -12.474 -12.852 -13.044 -10.911 -12.056 -12.714 -12.961 -13.063 -12.175 -12.73 -12.977 -13.07 -13.13 -12.667 -12.382 -12.832 -13.012 -12.799 -12.437 -12.627
0.207158 -7.86 -7.532 -9.006 -10.708 -11.752 -12.435 -10.823 -10.901 -11.769 -12.452 -12.847 -13.052 -10.845 -12.022 -12.702 -12.962 -13.073 -12.145 -12.718 -12.978 -13.079 -13.143 -12.657 -12.36 -12.826 -13.035 -12.829 -12.472 -12.618
0.213423 -7.8 -7.393 -8.908 -10.634 -11.706 -12.409 -10.779 -10.832 -11.724 -12.428 -12.84 -13.059 -10.775 -11.984 -12.687 -12.96 -13.081 -12.111 -12.704 -12.976 -13.085 -13.155 -12.644 -12.334 -12.818 -13.056 -12.857 -12.507 -12.606
0.219878 -7.739 -7.248 -8.806 -10.556 -11.656 -12.381 -10.732 -10.759 -11.675 -12.401 -12.83 -13.063 -10.699 -11.942 -12.669 -12.956 -13.087 -12.074 -12.687 -12.973 -13.09 -13.164 -12.629 -12.305 -12.807 -13.076 -12.885 -12.54 -12.591
0.226528 -7.68 -7.095 -8.698 -10.472 -11.601 -12.349 -10.682 -10.681 -11.621 -12.37 -12.818 -13.065 -10.619 -11.897 -12.649 -12.949 -13.091 -12.034 -12.668 -12.967 -13.092 -13.172 -12.611 -12.273 -12.794 -13.095 -12.911 -12.573 -12.575
0.233379 -7.621 -6.935 -8.585 -10.383 -11.543 -12.314 -10.628 -10.597 -11.564 -12.336 -12.803 -13.065 -10.533 -11.848 -12.625 -12.94 -13.092 -11.99 -12.645 -12.958 -13.092 -13.178 -12.59 -12.237 -12.778 -13.112 -12.937 -12.605 -12.555
0.240437 -7.564 -6.766 -8.465 -10.288 -11.479 -12.275 -10.57 -10.508 -11.501 -12.298 -12.785 -13.063 -10.441 -11.794 -12.598 -12.929 -13.092 -11.941 -12.619 -12.947 -13.09 -13.182 -12.566 -12.198 -12.759 -13.127 -12.961 -12.636 -12.533
0.247709 -7.508 -6.589 -8.34 -10.187 -11.41 -12.231 -10.508 -10.412 -11.434 -12.255 -12.764 -13.058 -10.343 -11.736 -12.567 -12.914 -13.089 -11.888 -12.589 -12.933 -13.085 -13.184 -12.538 -12.154 -12.736 -13.141 -12.983 -12.665 -12.508
0.255201 -7.453 -6.403 -8.208 -10.079 -11.336 -12.183 -10.442 -10.31 -11.361 -12.209 -12.739 -13.05 -10.238 -11.673 -12.533 -12.896 -13.083 -11.831 -12.555 -12.915 -13.078 -13.183 -12.507 -12.106 -12.71 -13.153 -13.004 -12.694 -12.479
0.262919 -7.4 -6.207 -8.069 -9.964 -11.257 -12.131 -10.371 -10.201 -11.283 -12.158 -12.711 -13.04 -10.126 -11.604 -12.494 -12.874 -13.074 -11.769 -12.518 -12.895 -13.067 -13.179 -12.473 -12.054 -12.681 -13.162 -13.024 -12.721 -12.447
0.270871 -7.349 -6.0 -7.923 -9.841 -11.171 -12.073 -10.295 -10.085 -11.198 -12.102 -12.679 -13.026 -10.007 -11.53 -12.451 -12.849 -13.062 -11.701 -12.476 -12.87 -13.054 -13.173 -12.434 -11.997 -12.647 -13.17 -13.041 -12.747 -12.412
0.279064 -7.299 -5.783 -7.769 -9.71 -11.078 -12.01 -10.214 -9.96 -11.107 -12.04 -12.642 -13.009 -9.879 -11.45 -12.403 -12.82 -13.048 -11.628 -12.429 -12.842 -13.037 -13.164 -12.391 -11.935 -12.609 -13.175 -13.057 -12.771 -12.373
0.287504 -7.25 -5.555 -7.607 -9.569 -10.978 -11.941 -10.128 -9.827 -11.009 -11.973 -12.602 -12.989 -9.743 -11.363 -12.351 -12.787 -13.029 -11.549 -12.378 -12.81 -13.016 -13.151 -12.344 -11.867 -12.567 -13.177 -13.071 -12.794 -12.329
0.296199 -7.203 -5.315 -7.436 -9.42 -10.871 -11.866 -10.035 -9.685 -10.904 -11.9 -12.556 -12.964 -9.597 -11.269 -12.292 -12.749 -13.007 -11.464 -12.321 -12.773 -12.992 -13.136 -12.291 -11.793 -12.52 -13.177 -13.083 -12.816 -12.282
0.305157 -7.157 -5.063 -7.256 -9.26 -10.755 -11.784 -9.936 -9.533 -10.79 -11.82 -12.505 -12.936 -9.441 -11.167 -12.228 -12.707 -12.981 -11.372 -12.258 -12.731 -12.963 -13.116 -12.234 -11.712 -12.467 -13.174 -13.093 -12.835 -12.229
0.314387 -7.112 -4.799 -7.067 -9.089 -10.63 -11.695 -9.831 -9.37 -10.668 -11.733 -12.449 -12.903 -9.274 -11.058 -12.157 -12.659 -12.95 -11.272 -12.19 -12.685 -12.93 -13.093 -12.17 -11.625 -12.409 -13.168 -13.1 -12.853 -12.172
0.323895 -7.067 -4.523 -6.867 -8.906 -10.496 -11.598 -9.718 -9.196 -10.536 -11.639 -12.387 -12.865 -9.096 -10.939 -12.08 -12.605 -12.915 -11.165 -12.114 -12.632 -12.892 -13.065 -12.101 -11.53 -12.345 -13.159 -13.105 -12.869 -12.11
0.333691 -7.023 -4.235 -6.657 -8.71 -10.351 -11.493 -9.597 -9.009 -10.394 -11.536 -12.318 -12.822 -8.904 -10.812 -11.995 -12.546 -12.874 -11.05 -12.032 -12.574 -12.849 -13.033 -12.025 -11.427 -12.275 -13.146 -13.107 -12.883 -12.042
0.343783 -6.978 -3.936 -6.435 -8.501 -10.196 -11.378 -9.468 -8.809 -10.242 -11.424 -12.243 -12.774 -8.699 -10.674 -11.902 -12.479 -12.828 -10.926 -11.941 -12.509 -12.801 -12.995 -11.942 -11.315 -12.197 -13.129 -13.106 -12.894 -11.968
0.354181 -6.933 -3.629 -6.201 -8.276 -10.028 -11.253 -9.33 -8.594 -10.077 -11.302 -12.159 -12.719 -8.479 -10.525 -11.801 -12.406 -12.776 -10.792 -11.843 -12.437 -12.746 -12.952 -11.851 -11.194 -12.111 -13.108 -13.101 -12.903 -11.887
0.364893 -6.887 -3.316 -5.954 -8.036 -9.847 -11.118 -9.182 -8.364 -9.9 -11.17 -12.068 -12.658 -8.243 -10.364 -11.69 -12.325 -12.718 -10.649 -11.735 -12.358 -12.684 -12.904 -11.752 -11.063 -12.018 -13.082 -13.093 -12.909 -11.8
0.375929 -6.84 -3.002 -5.694 -7.777 -9.652 -10.971 -9.024 -8.117 -9.709 -11.027 -11.968 -12.59 -7.99 -10.19 -11.569 -12.235 -12.652 -10.495 -11.618 -12.27 -12.615 -12.849 -11.645 -10.921 -11.915 -13.051 -13.082 -12.912 -11.706
0.387298 -6.79 -2.694 -5.419 -7.5 -9.441 -10.812 -8.855 -7.851 -9.502 -10.871 -11.858 -12.514 -7.718 -10.002 -11.436 -12.137 -12.579 -10.33 -11.49 -12.173 -12.539 -12.787 -11.527 -10.767 -11.803 -13.014 -13.066 -12.913 -11.604
0.399012 -6.737 -2.398 -5.128 -7.201 -9.214 -10.638 -8.673 -7.565 -9.28 -10.702 -11.738 -12.429 -7.425 -9.798 -11.292 -12.028 -12.497 -10.154 -11.351 -12.067 -12.453 -12.718 -11.399 -10.599 -11.68 -12.972 -13.045 -12.909 -11.494
0.41108 -6.682 -2.123 -4.821 -6.88 -8.969 -10.45 -8.479 -7.257 -9.04 -10.518 -11.606 -12.336 -7.109 -9.578 -11.135 -11.908 -12.407 -9.966 -11.199 -11.949 -12.359 -12.64 -11.26 -10.418 -11.545 -12.923 -13.02 -12.902 -11.376
0.423513 -6.622 -1.877 -4.497 -6.534 -8.703 -10.245 -8.271 -6.925 -8.78 -10.318 -11.463 -12.232 -6.769 -9.34 -10.963 -11.777 -12.306 -9.765 -11.034 -11.821 -12.254 -12.554 -11.108 -10.222 -11.398 -12.868 -12.989 -12.891 -11.248
0.436321 -6.559 -1.662 -4.153 -6.162 -8.416 -10.022 -8.048 -6.567 -8.499 -10.101 -11.305 -12.118 -6.402 -9.082 -10.775 -11.632 -12.195 -9.552 -10.854 -11.679 -12.139 -12.458 -10.942 -10.008 -11.237 -12.804 -12.952 -12.876 -11.111
0.449518 -6.49 -1.48 -3.788 -5.759 -8.105 -9.779 -7.809 -6.18 -8.195 -9.864 -11.133 -11.991 -6.006 -8.802 -10.571 -11.473 -12.071 -9.326 -10.659 -11.524 -12.011 -12.351 -10.762 -9.777 -11.062 -12.732 -12.909 -12.856 -10.964
0.463113 -6.416 -1.326 -3.401 -5.324 -7.767 -9.515 -7.553 -5.762 -7.866 -9.607 -10.945 -11.852 -5.577 -8.498 -10.347 -11.299 -11.935 -9.089 -10.447 -11.354 -11.869 -12.233 -10.566 -9.525 -10.869 -12.651 -12.859 -12.83 -10.806
0.47712 -6.335 -1.192 -2.989 -4.854 -7.401 -9.226 -7.279 -5.31 -7.509 -9.326 -10.739 -11.698 -5.113 -8.168 -10.103 -11.107 -11.784 -8.841 -10.216 -11.167 -11.713 -12.102 -10.352 -9.251 -10.659 -12.559 -12.801 -12.799 -10.637
0.49155 -6.247 -1.071 -2.551 -4.344 -7.004 -8.912 -6.985 -4.819 -7.122 -9.02 -10.513 -11.528 -4.61 -7.81 -9.835 -10.896 -11.617 -8.584 -9.966 -10.961 -11.541 -11.957 -10.119 -8.953 -10.429 -12.456 -12.734 -12.762 -10.457
0.506416 -6.152 -0.957 -2.083 -3.79 -6.571 -8.568 -6.67 -4.286 -6.701 -8.686 -10.267 -11.34 -4.064 -7.419 -9.543 -10.664 -11.432 -8.321 -9.695 -10.736 -11.351 -11.797 -9.864 -8.629 -10.177 -12.34 -12.658 -12.717 -10.265
0.521733 -6.049 -0.843 -1.582 -3.189 -6.1 -8.193 -6.334 -3.707 -6.243 -8.321 -9.996 -11.134 -3.47 -6.993 -9.222 -10.409 -11.229 -8.054 -9.402 -10.489 -11.142 -11.62 -9.585 -8.275 -9.901 -12.21 -12.572 -12.665 -10.061
0.537512 -5.935 -0.724 -1.045 -2.535 -5.586 -7.781 -5.976 -3.076 -5.745 -7.922 -9.699 -10.906 -2.823 -6.529 -8.87 -10.128 -11.003 -7.788 -9.086 -10.218 -10.91 -11.425 -9.28 -7.889 -9.599 -12.065 -12.473 -12.604 -9.846
0.553769 -5.812 -0.598 -0.468 -1.821 -5.024 -7.33 -5.596 -2.388 -5.201 -7.485 -9.374 -10.654 -2.118 -6.021 -8.484 -9.818 -10.753 -7.526 -8.746 -9.921 -10.655 -11.21 -8.947 -7.466 -9.267 -11.903 -12.362 -12.534 -9.618
0.570517 -5.677 -0.462 0.153 -1.042 -4.41 -6.835 -5.195 -1.637 -4.606 -7.006 -9.016 -10.376 -1.347 -5.465 -8.059 -9.476 -10.477 -7.271 -8.383 -9.595 -10.374 -10.973 -8.581 -7.004 -8.902 -11.721 -12.236 -12.453 -9.38
0.587772 -5.53 -0.314 0.825 -0.19 -3.737 -6.291 -4.775 -0.814 -3.956 -6.48 -8.623 -10.069 -0.504 -4.856 -7.592 -9.099 -10.171 -7.024 -7.999 -9.239 -10.064 -10.712 -8.179 -6.497 -8.501 -11.518 -12.094 -12.36 -9.131
