web/models/kne/2/villar_0.5000_0.0770_1.0000.dat
# %ECSV 1.0
# ---
# datatype:
# - {name: time, datatype: float64}
# - {name: swift_uvot_uvw2, datatype: float64}
# - {name: swift_uvot_uvm2, datatype: float64}
# - {name: swift_uvot_uvw1, datatype: float64}
# - {name: swift_uvot_U, datatype: float64}
# - {name: swift_uvot_B, datatype: float64}
# - {name: swift_uvot_V, datatype: float64}
# - {name: swift_uvot_W, datatype: float64}
# - {name: johnson_U, datatype: float64}
# - {name: johnson_B, datatype: float64}
# - {name: johnson_V, datatype: float64}
# - {name: johnson_R, datatype: float64}
# - {name: johnson_I, datatype: float64}
# - {name: sdss_u, datatype: float64}
# - {name: sdss_g, datatype: float64}
# - {name: sdss_r, datatype: float64}
# - {name: sdss_i, datatype: float64}
# - {name: sdss_z, datatype: float64}
# - {name: PS1_g, datatype: float64}
# - {name: PS1_r, datatype: float64}
# - {name: PS1_i, datatype: float64}
# - {name: PS1_z, datatype: float64}
# - {name: PS1_Y, datatype: float64}
# - {name: PS1_w, datatype: float64}
# - {name: ATLAS_c, datatype: float64}
# - {name: ATLAS_o, datatype: float64}
# - {name: ukirt_J, datatype: float64}
# - {name: ukirt_H, datatype: float64}
# - {name: ukirt_K, datatype: float64}
# - {name: Clear, datatype: float64}
# meta: !!omap
# - comment: [kappa = 1.0, type = villar, mass = 0.5000000000045836, velocity = 0.07700000000000001, theta_obs = 0.0]
# schema: astropy-2.0
time swift_uvot_uvw2 swift_uvot_uvm2 swift_uvot_uvw1 swift_uvot_U swift_uvot_B swift_uvot_V swift_uvot_W johnson_U johnson_B johnson_V johnson_R johnson_I sdss_u sdss_g sdss_r sdss_i sdss_z PS1_g PS1_r PS1_i PS1_z PS1_Y PS1_w ATLAS_c ATLAS_o ukirt_J ukirt_H ukirt_K Clear
[from data line 217]
0.642731 -14.939 -15.072 -15.157 -15.251 -15.144 -14.949 -15.095 -15.241 -15.141 -14.941 -14.68 -14.343 -15.245 -15.085 -14.805 -14.553 -14.293 -15.074 -14.818 -14.567 -14.376 -14.296 -14.82 -14.978 -14.7 -13.732 -13.246 -12.667 -14.856
0.66217 -14.955 -15.093 -15.182 -15.285 -15.183 -14.992 -15.123 -15.276 -15.18 -14.983 -14.725 -14.39 -15.28 -15.126 -14.849 -14.599 -14.34 -15.115 -14.862 -14.613 -14.423 -14.342 -14.863 -15.02 -14.744 -13.781 -13.297 -12.718 -14.899
0.682197 -14.97 -15.113 -15.207 -15.319 -15.222 -15.034 -15.152 -15.311 -15.219 -15.026 -14.769 -14.437 -15.315 -15.166 -14.893 -14.645 -14.388 -15.155 -14.906 -14.658 -14.469 -14.389 -14.906 -15.061 -14.789 -13.83 -13.348 -12.77 -14.941
0.70283 -14.985 -15.132 -15.231 -15.352 -15.26 -15.076 -15.18 -15.345 -15.257 -15.068 -14.814 -14.484 -15.349 -15.205 -14.937 -14.691 -14.435 -15.195 -14.949 -14.704 -14.516 -14.435 -14.949 -15.103 -14.834 -13.88 -13.398 -12.821 -14.983
0.724086 -15.0 -15.151 -15.255 -15.386 -15.299 -15.118 -15.208 -15.379 -15.295 -15.11 -14.859 -14.531 -15.383 -15.245 -14.98 -14.736 -14.482 -15.235 -14.993 -14.749 -14.562 -14.481 -14.992 -15.144 -14.878 -13.929 -13.449 -12.872 -15.025
0.745986 -15.014 -15.17 -15.279 -15.419 -15.337 -15.16 -15.235 -15.413 -15.334 -15.152 -14.903 -14.578 -15.417 -15.284 -15.024 -14.782 -14.529 -15.275 -15.036 -14.795 -14.609 -14.527 -15.035 -15.185 -14.922 -13.978 -13.499 -12.924 -15.067
0.768548 -15.027 -15.188 -15.302 -15.452 -15.374 -15.202 -15.263 -15.447 -15.371 -15.194 -14.948 -14.624 -15.45 -15.324 -15.067 -14.827 -14.576 -15.315 -15.079 -14.84 -14.655 -14.573 -15.077 -15.226 -14.967 -14.028 -13.549 -12.975 -15.109
0.791792 -15.04 -15.206 -15.325 -15.484 -15.412 -15.243 -15.29 -15.48 -15.409 -15.235 -14.992 -14.671 -15.484 -15.363 -15.11 -14.873 -14.623 -15.354 -15.122 -14.885 -14.701 -14.619 -15.12 -15.267 -15.011 -14.077 -13.6 -13.026 -15.15
0.815739 -15.053 -15.223 -15.347 -15.516 -15.45 -15.284 -15.317 -15.513 -15.446 -15.277 -15.036 -14.717 -15.517 -15.401 -15.153 -14.918 -14.67 -15.393 -15.165 -14.93 -14.747 -14.665 -15.162 -15.307 -15.055 -14.126 -13.65 -13.077 -15.192
0.840411 -15.065 -15.24 -15.369 -15.548 -15.487 -15.326 -15.343 -15.546 -15.484 -15.318 -15.08 -14.763 -15.549 -15.44 -15.196 -14.963 -14.717 -15.432 -15.208 -14.975 -14.793 -14.711 -15.204 -15.347 -15.098 -14.175 -13.7 -13.129 -15.233
0.865828 -15.076 -15.256 -15.391 -15.58 -15.524 -15.366 -15.369 -15.579 -15.521 -15.359 -15.124 -14.81 -15.581 -15.478 -15.239 -15.008 -14.763 -15.471 -15.25 -15.02 -14.839 -14.757 -15.246 -15.388 -15.142 -14.223 -13.75 -13.18 -15.274
0.892015 -15.087 -15.272 -15.412 -15.611 -15.56 -15.407 -15.395 -15.611 -15.557 -15.4 -15.167 -14.856 -15.613 -15.516 -15.282 -15.053 -14.81 -15.509 -15.293 -15.064 -14.885 -14.802 -15.287 -15.428 -15.185 -14.272 -13.8 -13.231 -15.315
0.918993 -15.098 -15.287 -15.432 -15.642 -15.597 -15.448 -15.421 -15.643 -15.594 -15.44 -15.211 -14.902 -15.645 -15.554 -15.324 -15.097 -14.856 -15.548 -15.335 -15.109 -14.93 -14.848 -15.329 -15.467 -15.229 -14.321 -13.85 -13.282 -15.356
0.946787 -15.108 -15.302 -15.453 -15.672 -15.633 -15.488 -15.446 -15.674 -15.63 -15.481 -15.254 -14.948 -15.677 -15.592 -15.366 -15.142 -14.902 -15.586 -15.377 -15.153 -14.976 -14.894 -15.37 -15.507 -15.272 -14.37 -13.9 -13.333 -15.396
0.975422 -15.117 -15.316 -15.472 -15.702 -15.669 -15.528 -15.471 -15.705 -15.666 -15.521 -15.297 -14.993 -15.708 -15.629 -15.408 -15.186 -14.948 -15.624 -15.419 -15.197 -15.021 -14.939 -15.411 -15.546 -15.315 -14.418 -13.95 -13.384 -15.436
1.004923 -15.126 -15.329 -15.492 -15.732 -15.704 -15.568 -15.496 -15.736 -15.701 -15.561 -15.34 -15.039 -15.738 -15.666 -15.45 -15.231 -14.994 -15.661 -15.461 -15.241 -15.067 -14.984 -15.452 -15.585 -15.358 -14.467 -14.0 -13.435 -15.477
1.035317 -15.134 -15.342 -15.51 -15.762 -15.74 -15.608 -15.52 -15.767 -15.737 -15.601 -15.383 -15.085 -15.769 -15.703 -15.492 -15.275 -15.04 -15.699 -15.502 -15.285 -15.112 -15.03 -15.493 -15.624 -15.4 -14.515 -14.049 -13.485 -15.517
1.066629 -15.142 -15.355 -15.529 -15.791 -15.775 -15.647 -15.544 -15.797 -15.772 -15.64 -15.426 -15.13 -15.799 -15.74 -15.533 -15.319 -15.086 -15.736 -15.543 -15.329 -15.157 -15.075 -15.534 -15.663 -15.443 -14.563 -14.099 -13.536 -15.556
1.098888 -15.149 -15.366 -15.547 -15.82 -15.81 -15.687 -15.568 -15.827 -15.807 -15.68 -15.468 -15.175 -15.828 -15.776 -15.574 -15.363 -15.132 -15.773 -15.585 -15.373 -15.202 -15.12 -15.574 -15.701 -15.485 -14.611 -14.148 -13.587 -15.596
1.132124 -15.155 -15.377 -15.564 -15.848 -15.844 -15.726 -15.591 -15.856 -15.841 -15.719 -15.511 -15.22 -15.857 -15.812 -15.616 -15.406 -15.177 -15.809 -15.626 -15.416 -15.247 -15.165 -15.614 -15.739 -15.527 -14.659 -14.198 -13.637 -15.635
1.166364 -15.161 -15.388 -15.581 -15.876 -15.878 -15.765 -15.615 -15.885 -15.876 -15.758 -15.553 -15.265 -15.886 -15.848 -15.656 -15.45 -15.222 -15.846 -15.666 -15.46 -15.291 -15.21 -15.654 -15.777 -15.569 -14.707 -14.247 -13.688 -15.674
1.20164 -15.166 -15.398 -15.597 -15.904 -15.912 -15.803 -15.637 -15.914 -15.909 -15.796 -15.595 -15.31 -15.915 -15.884 -15.697 -15.493 -15.268 -15.882 -15.707 -15.503 -15.336 -15.254 -15.694 -15.815 -15.611 -14.755 -14.297 -13.739 -15.713
1.237983 -15.171 -15.407 -15.613 -15.931 -15.946 -15.842 -15.66 -15.942 -15.943 -15.835 -15.637 -15.355 -15.943 -15.919 -15.738 -15.536 -15.313 -15.918 -15.747 -15.546 -15.38 -15.299 -15.734 -15.853 -15.653 -14.803 -14.346 -13.789 -15.752
1.275425 -15.174 -15.416 -15.628 -15.958 -15.979 -15.88 -15.682 -15.97 -15.976 -15.873 -15.678 -15.399 -15.971 -15.954 -15.778 -15.579 -15.358 -15.953 -15.788 -15.589 -15.425 -15.344 -15.773 -15.89 -15.694 -14.851 -14.395 -13.839 -15.79
1.313999 -15.178 -15.424 -15.643 -15.984 -16.012 -15.918 -15.704 -15.998 -16.009 -15.911 -15.72 -15.444 -15.998 -15.988 -15.818 -15.622 -15.402 -15.988 -15.827 -15.631 -15.469 -15.388 -15.812 -15.927 -15.735 -14.899 -14.444 -13.89 -15.829
1.35374 -15.18 -15.431 -15.657 -16.01 -16.045 -15.955 -15.725 -16.025 -16.042 -15.949 -15.761 -15.488 -16.025 -16.023 -15.858 -15.665 -15.447 -16.023 -15.867 -15.674 -15.513 -15.432 -15.851 -15.963 -15.776 -14.946 -14.493 -13.94 -15.867
1.394683 -15.182 -15.438 -15.671 -16.036 -16.077 -15.993 -15.746 -16.052 -16.074 -15.986 -15.802 -15.532 -16.051 -16.057 -15.898 -15.707 -15.492 -16.058 -15.907 -15.716 -15.557 -15.477 -15.89 -16.0 -15.817 -14.993 -14.542 -13.99 -15.904
1.436864 -15.183 -15.444 -15.684 -16.061 -16.109 -16.03 -15.767 -16.078 -16.106 -16.023 -15.843 -15.576 -16.077 -16.091 -15.937 -15.749 -15.536 -16.093 -15.946 -15.758 -15.6 -15.521 -15.928 -16.036 -15.858 -15.041 -14.591 -14.04 -15.942
1.480321 -15.184 -15.449 -15.696 -16.085 -16.14 -16.067 -15.787 -16.104 -16.138 -16.06 -15.883 -15.62 -16.103 -16.124 -15.976 -15.792 -15.58 -16.127 -15.985 -15.8 -15.644 -15.565 -15.966 -16.072 -15.898 -15.088 -14.64 -14.09 -15.979
1.525092 -15.184 -15.453 -15.708 -16.109 -16.172 -16.103 -15.807 -16.129 -16.169 -16.097 -15.924 -15.663 -16.128 -16.157 -16.015 -15.833 -15.624 -16.16 -16.024 -15.842 -15.687 -15.608 -16.004 -16.107 -15.938 -15.135 -14.689 -14.14 -16.016
1.571218 -15.183 -15.457 -15.719 -16.133 -16.202 -16.139 -15.827 -16.154 -16.2 -16.133 -15.964 -15.707 -16.153 -16.19 -16.054 -15.875 -15.668 -16.194 -16.062 -15.884 -15.73 -15.652 -16.042 -16.143 -15.978 -15.182 -14.737 -14.19 -16.053
1.618738 -15.181 -15.46 -15.73 -16.156 -16.233 -16.175 -15.846 -16.179 -16.231 -16.17 -16.004 -15.75 -16.177 -16.222 -16.092 -15.917 -15.712 -16.227 -16.101 -15.925 -15.773 -15.696 -16.079 -16.178 -16.018 -15.229 -14.786 -14.24 -16.089
1.667696 -15.178 -15.462 -15.74 -16.179 -16.263 -16.211 -15.865 -16.203 -16.261 -16.205 -16.043 -15.793 -16.201 -16.255 -16.13 -15.958 -15.755 -16.26 -16.139 -15.966 -15.816 -15.739 -16.117 -16.212 -16.057 -15.275 -14.834 -14.29 -16.126
1.718134 -15.175 -15.464 -15.749 -16.201 -16.293 -16.246 -15.883 -16.226 -16.291 -16.241 -16.083 -15.836 -16.224 -16.286 -16.168 -15.999 -15.799 -16.292 -16.177 -16.007 -15.859 -15.782 -16.153 -16.247 -16.096 -15.322 -14.882 -14.34 -16.162
1.770098 -15.171 -15.464 -15.758 -16.223 -16.322 -16.281 -15.901 -16.249 -16.32 -16.276 -16.122 -15.878 -16.247 -16.318 -16.206 -16.04 -15.842 -16.324 -16.214 -16.048 -15.902 -15.825 -16.19 -16.281 -16.135 -15.368 -14.931 -14.389 -16.197
1.823633 -15.166 -15.464 -15.765 -16.244 -16.351 -16.316 -15.919 -16.272 -16.349 -16.311 -16.161 -15.921 -16.269 -16.349 -16.243 -16.081 -15.885 -16.356 -16.252 -16.089 -15.944 -15.868 -16.226 -16.314 -16.174 -15.415 -14.979 -14.439 -16.233
1.878788 -15.161 -15.463 -15.773 -16.265 -16.379 -16.351 -15.936 -16.294 -16.378 -16.345 -16.2 -15.963 -16.291 -16.379 -16.28 -16.121 -15.928 -16.388 -16.289 -16.129 -15.986 -15.911 -16.262 -16.348 -16.212 -15.461 -15.027 -14.488 -16.268
1.93561 -15.154 -15.461 -15.779 -16.285 -16.408 -16.385 -15.953 -16.315 -16.406 -16.379 -16.238 -16.005 -16.312 -16.409 -16.317 -16.161 -15.97 -16.419 -16.325 -16.169 -16.028 -15.954 -16.298 -16.381 -16.251 -15.507 -15.074 -14.538 -16.303
1.994152 -15.147 -15.458 -15.785 -16.304 -16.435 -16.418 -15.969 -16.336 -16.433 -16.413 -16.276 -16.047 -16.332 -16.439 -16.353 -16.201 -16.013 -16.449 -16.362 -16.209 -16.07 -15.996 -16.334 -16.413 -16.289 -15.553 -15.122 -14.587 -16.337
2.054463 -15.139 -15.455 -15.79 -16.323 -16.462 -16.452 -15.985 -16.356 -16.461 -16.447 -16.314 -16.089 -16.352 -16.469 -16.39 -16.241 -16.055 -16.479 -16.398 -16.249 -16.111 -16.038 -16.369 -16.446 -16.326 -15.598 -15.17 -14.636 -16.371
2.116599 -15.13 -15.45 -15.795 -16.341 -16.489 -16.485 -16.001 -16.376 -16.487 -16.48 -16.352 -16.13 -16.372 -16.497 -16.425 -16.28 -16.097 -16.509 -16.434 -16.288 -16.153 -16.081 -16.404 -16.478 -16.363 -15.644 -15.217 -14.685 -16.405
2.180614 -15.12 -15.445 -15.798 -16.359 -16.515 -16.517 -16.016 -16.395 -16.514 -16.513 -16.389 -16.171 -16.391 -16.526 -16.461 -16.319 -16.138 -16.538 -16.469 -16.327 -16.194 -16.122 -16.438 -16.509 -16.401 -15.689 -15.265 -14.734 -16.439
2.246566 -15.109 -15.438 -15.801 -16.376 -16.541 -16.55 -16.03 -16.414 -16.539 -16.545 -16.426 -16.212 -16.409 -16.554 -16.496 -16.358 -16.18 -16.567 -16.504 -16.366 -16.235 -16.164 -16.472 -16.54 -16.437 -15.735 -15.312 -14.783 -16.472
2.314511 -15.097 -15.43 -15.803 -16.392 -16.566 -16.581 -16.044 -16.432 -16.565 -16.577 -16.463 -16.253 -16.427 -16.582 -16.531 -16.397 -16.221 -16.596 -16.539 -16.404 -16.275 -16.206 -16.506 -16.571 -16.474 -15.78 -15.359 -14.832 -16.505
2.384512 -15.084 -15.422 -15.804 -16.408 -16.591 -16.613 -16.058 -16.449 -16.589 -16.609 -16.499 -16.294 -16.443 -16.609 -16.565 -16.435 -16.262 -16.624 -16.573 -16.443 -16.316 -16.247 -16.54 -16.601 -16.51 -15.825 -15.406 -14.88 -16.537
2.45663 -15.07 -15.412 -15.804 -16.423 -16.615 -16.644 -16.071 -16.466 -16.614 -16.64 -16.535 -16.334 -16.46 -16.635 -16.6 -16.473 -16.303 -16.651 -16.607 -16.481 -16.356 -16.288 -16.573 -16.631 -16.546 -15.869 -15.453 -14.929 -16.569
2.530929 -15.056 -15.402 -15.803 -16.438 -16.638 -16.674 -16.083 -16.482 -16.637 -16.671 -16.571 -16.374 -16.475 -16.661 -16.633 -16.511 -16.344 -16.679 -16.641 -16.518 -16.396 -16.329 -16.606 -16.661 -16.581 -15.914 -15.499 -14.977 -16.601
2.607475 -15.04 -15.39 -15.802 -16.451 -16.661 -16.705 -16.095 -16.497 -16.661 -16.701 -16.607 -16.414 -16.49 -16.687 -16.667 -16.548 -16.384 -16.705 -16.674 -16.556 -16.435 -16.37 -16.638 -16.69 -16.616 -15.958 -15.546 -15.025 -16.632
2.686337 -15.023 -15.377 -15.799 -16.464 -16.684 -16.734 -16.106 -16.511 -16.683 -16.731 -16.642 -16.453 -16.504 -16.712 -16.7 -16.585 -16.424 -16.731 -16.707 -16.593 -16.475 -16.41 -16.67 -16.718 -16.651 -16.002 -15.592 -15.074 -16.663
2.767583 -15.005 -15.363 -15.796 -16.476 -16.706 -16.763 -16.117 -16.525 -16.705 -16.76 -16.676 -16.492 -16.518 -16.737 -16.732 -16.622 -16.464 -16.757 -16.74 -16.63 -16.514 -16.45 -16.701 -16.746 -16.685 -16.046 -15.639 -15.122 -16.694
2.851287 -14.986 -15.347 -15.792 -16.487 -16.727 -16.792 -16.128 -16.538 -16.726 -16.789 -16.711 -16.531 -16.53 -16.76 -16.764 -16.658 -16.503 -16.782 -16.772 -16.666 -16.553 -16.49 -16.732 -16.774 -16.719 -16.09 -15.685 -15.17 -16.724
2.937522 -14.966 -15.331 -15.786 -16.498 -16.747 -16.82 -16.137 -16.551 -16.747 -16.817 -16.744 -16.569 -16.542 -16.784 -16.796 -16.694 -16.542 -16.806 -16.804 -16.702 -16.591 -16.53 -16.763 -16.801 -16.753 -16.134 -15.731 -15.217 -16.753
3.026365 -14.945 -15.313 -15.78 -16.508 -16.767 -16.848 -16.146 -16.562 -16.767 -16.845 -16.778 -16.608 -16.553 -16.807 -16.827 -16.73 -16.581 -16.83 -16.835 -16.738 -16.629 -16.569 -16.793 -16.827 -16.786 -16.177 -15.776 -15.265 -16.783
3.117896 -14.922 -15.294 -15.772 -16.516 -16.787 -16.875 -16.155 -16.573 -16.786 -16.873 -16.811 -16.646 -16.563 -16.829 -16.858 -16.765 -16.62 -16.853 -16.866 -16.773 -16.667 -16.608 -16.823 -16.853 -16.818 -16.22 -15.822 -15.313 -16.811
3.212194 -14.899 -15.273 -15.764 -16.524 -16.805 -16.902 -16.163 -16.582 -16.805 -16.899 -16.844 -16.683 -16.573 -16.85 -16.888 -16.8 -16.658 -16.876 -16.896 -16.808 -16.705 -16.647 -16.852 -16.879 -16.851 -16.263 -15.867 -15.36 -16.84
3.309345 -14.874 -15.252 -15.754 -16.531 -16.823 -16.928 -16.17 -16.591 -16.823 -16.926 -16.876 -16.72 -16.581 -16.871 -16.918 -16.835 -16.696 -16.898 -16.926 -16.842 -16.742 -16.686 -16.881 -16.904 -16.883 -16.306 -15.912 -15.407 -16.867
3.409434 -14.848 -15.228 -15.743 -16.537 -16.84 -16.953 -16.176 -16.599 -16.84 -16.951 -16.908 -16.757 -16.588 -16.891 -16.948 -16.869 -16.733 -16.919 -16.955 -16.877 -16.779 -16.724 -16.91 -16.928 -16.914 -16.348 -15.957 -15.454 -16.895
3.51255 -14.82 -15.203 -15.731 -16.542 -16.856 -16.978 -16.182 -16.606 -16.857 -16.976 -16.939 -16.794 -16.595 -16.911 -16.976 -16.903 -16.771 -16.94 -16.984 -16.91 -16.815 -16.762 -16.937 -16.951 -16.945 -16.39 -16.002 -15.501 -16.921
3.618785 -14.792 -15.177 -15.718 -16.546 -16.872 -17.002 -16.187 -16.612 -16.872 -17.001 -16.97 -16.83 -16.6 -16.929 -17.005 -16.936 -16.807 -16.96 -17.012 -16.943 -16.851 -16.799 -16.965 -16.974 -16.975 -16.432 -16.047 -15.548 -16.948
3.728232 -14.762 -15.149 -15.703 -16.549 -16.887 -17.026 -16.191 -16.617 -16.887 -17.025 -17.0 -16.865 -16.605 -16.947 -17.032 -16.968 -16.844 -16.979 -17.04 -16.976 -16.887 -16.836 -16.991 -16.997 -17.005 -16.474 -16.091 -15.594 -16.973
3.84099 -14.73 -15.12 -15.687 -16.551 -16.9 -17.049 -16.195 -16.621 -16.901 -17.048 -17.03 -16.901 -16.608 -16.964 -17.059 -17.001 -16.88 -16.998 -17.067 -17.009 -16.922 -16.873 -17.017 -17.018 -17.034 -16.515 -16.135 -15.64 -16.998
3.957158 -14.697 -15.089 -15.67 -16.552 -16.913 -17.071 -16.198 -16.624 -16.914 -17.07 -17.059 -16.936 -16.611 -16.981 -17.086 -17.033 -16.915 -17.015 -17.093 -17.04 -16.957 -16.91 -17.043 -17.039 -17.063 -16.556 -16.179 -15.687 -17.023
4.07684 -14.663 -15.056 -15.651 -16.552 -16.925 -17.092 -16.2 -16.626 -16.926 -17.092 -17.087 -16.97 -16.612 -16.996 -17.111 -17.064 -16.951 -17.032 -17.119 -17.072 -16.992 -16.946 -17.068 -17.059 -17.091 -16.597 -16.222 -15.732 -17.047
4.200141 -14.627 -15.021 -15.631 -16.55 -16.936 -17.113 -16.201 -16.627 -16.938 -17.113 -17.115 -17.004 -16.612 -17.011 -17.137 -17.094 -16.985 -17.048 -17.145 -17.102 -17.026 -16.982 -17.092 -17.079 -17.119 -16.637 -16.266 -15.778 -17.07
4.327172 -14.59 -14.984 -15.61 -16.547 -16.946 -17.133 -16.201 -16.626 -16.948 -17.133 -17.143 -17.037 -16.611 -17.024 -17.161 -17.125 -17.019 -17.063 -17.169 -17.133 -17.059 -17.017 -17.116 -17.097 -17.146 -16.677 -16.309 -15.824 -17.093
4.458044 -14.551 -14.946 -15.586 -16.543 -16.955 -17.152 -16.2 -16.624 -16.957 -17.152 -17.17 -17.07 -16.608 -17.037 -17.185 -17.154 -17.053 -17.078 -17.193 -17.162 -17.092 -17.052 -17.139 -17.115 -17.172 -16.716 -16.351 -15.869 -17.114
