web/models/kne/2/villar_0.0015_0.0927_1.0000.dat
# %ECSV 1.0
# ---
# datatype:
# - {name: time, datatype: float64}
# - {name: swift_uvot_uvw2, datatype: float64}
# - {name: swift_uvot_uvm2, datatype: float64}
# - {name: swift_uvot_uvw1, datatype: float64}
# - {name: swift_uvot_U, datatype: float64}
# - {name: swift_uvot_B, datatype: float64}
# - {name: swift_uvot_V, datatype: float64}
# - {name: swift_uvot_W, datatype: float64}
# - {name: johnson_U, datatype: float64}
# - {name: johnson_B, datatype: float64}
# - {name: johnson_V, datatype: float64}
# - {name: johnson_R, datatype: float64}
# - {name: johnson_I, datatype: float64}
# - {name: sdss_u, datatype: float64}
# - {name: sdss_g, datatype: float64}
# - {name: sdss_r, datatype: float64}
# - {name: sdss_i, datatype: float64}
# - {name: sdss_z, datatype: float64}
# - {name: PS1_g, datatype: float64}
# - {name: PS1_r, datatype: float64}
# - {name: PS1_i, datatype: float64}
# - {name: PS1_z, datatype: float64}
# - {name: PS1_Y, datatype: float64}
# - {name: PS1_w, datatype: float64}
# - {name: ATLAS_c, datatype: float64}
# - {name: ATLAS_o, datatype: float64}
# - {name: ukirt_J, datatype: float64}
# - {name: ukirt_H, datatype: float64}
# - {name: ukirt_K, datatype: float64}
# - {name: Clear, datatype: float64}
# meta: !!omap
# - comment: [kappa = 1.0, type = villar, mass = 0.001513321957917195, velocity = 0.09266666666666673, theta_obs = 0.0]
# schema: astropy-2.0
time swift_uvot_uvw2 swift_uvot_uvm2 swift_uvot_uvw1 swift_uvot_U swift_uvot_B swift_uvot_V swift_uvot_W johnson_U johnson_B johnson_V johnson_R johnson_I sdss_u sdss_g sdss_r sdss_i sdss_z PS1_g PS1_r PS1_i PS1_z PS1_Y PS1_w ATLAS_c ATLAS_o ukirt_J ukirt_H ukirt_K Clear
[from data line 152]
0.092665 -10.24 -10.453 -10.627 -10.889 -10.872 -10.745 -10.642 -10.895 -10.87 -10.738 -10.523 -10.227 -10.896 -10.837 -10.631 -10.416 -10.183 -10.833 -10.641 -10.426 -10.254 -10.172 -10.631 -10.76 -10.54 -9.66 -9.196 -8.633 -10.654
0.095467 -10.249 -10.466 -10.646 -10.918 -10.908 -10.785 -10.667 -10.925 -10.905 -10.778 -10.566 -10.273 -10.927 -10.874 -10.673 -10.46 -10.229 -10.871 -10.683 -10.471 -10.3 -10.218 -10.672 -10.799 -10.583 -9.709 -9.246 -8.684 -10.694
0.098355 -10.257 -10.479 -10.665 -10.948 -10.943 -10.825 -10.692 -10.956 -10.941 -10.818 -10.609 -10.319 -10.957 -10.911 -10.714 -10.505 -10.275 -10.908 -10.724 -10.515 -10.345 -10.263 -10.713 -10.838 -10.626 -9.758 -9.296 -8.735 -10.734
0.101329 -10.264 -10.491 -10.683 -10.977 -10.978 -10.864 -10.716 -10.986 -10.976 -10.857 -10.652 -10.364 -10.987 -10.948 -10.756 -10.549 -10.321 -10.945 -10.766 -10.559 -10.39 -10.309 -10.754 -10.877 -10.668 -9.806 -9.346 -8.786 -10.774
0.104394 -10.271 -10.502 -10.7 -11.005 -11.013 -10.903 -10.74 -11.016 -11.01 -10.897 -10.695 -10.409 -11.016 -10.984 -10.797 -10.593 -10.367 -10.982 -10.807 -10.602 -10.435 -10.354 -10.794 -10.915 -10.711 -9.854 -9.396 -8.837 -10.813
0.107551 -10.277 -10.513 -10.717 -11.034 -11.047 -10.943 -10.763 -11.045 -11.045 -10.936 -10.737 -10.455 -11.046 -11.02 -10.838 -10.636 -10.413 -11.019 -10.848 -10.646 -10.48 -10.399 -10.834 -10.954 -10.753 -9.903 -9.445 -8.888 -10.853
0.110804 -10.282 -10.523 -10.734 -11.061 -11.081 -10.981 -10.786 -11.074 -11.079 -10.975 -10.779 -10.5 -11.074 -11.056 -10.879 -10.68 -10.458 -11.055 -10.889 -10.689 -10.525 -10.444 -10.874 -10.991 -10.795 -9.951 -9.495 -8.939 -10.892
0.114155 -10.287 -10.532 -10.75 -11.089 -11.115 -11.02 -10.809 -11.102 -11.113 -11.013 -10.821 -10.544 -11.102 -11.091 -10.92 -10.723 -10.503 -11.091 -10.929 -10.733 -10.57 -10.489 -10.914 -11.029 -10.837 -9.999 -9.544 -8.989 -10.931
0.117608 -10.291 -10.541 -10.765 -11.116 -11.148 -11.058 -10.832 -11.13 -11.146 -11.052 -10.863 -10.589 -11.13 -11.126 -10.96 -10.766 -10.548 -11.127 -10.97 -10.776 -10.614 -10.534 -10.953 -11.066 -10.878 -10.047 -9.594 -9.04 -10.969
0.121165 -10.294 -10.549 -10.78 -11.142 -11.181 -11.096 -10.854 -11.158 -11.179 -11.09 -10.904 -10.634 -11.157 -11.161 -11.0 -10.809 -10.593 -11.162 -11.01 -10.818 -10.658 -10.578 -10.993 -11.103 -10.92 -10.094 -9.643 -9.09 -11.008
0.124829 -10.297 -10.556 -10.794 -11.168 -11.214 -11.134 -10.875 -11.185 -11.212 -11.127 -10.946 -10.678 -11.184 -11.196 -11.04 -10.852 -10.638 -11.197 -11.049 -10.861 -10.702 -10.623 -11.032 -11.14 -10.961 -10.142 -9.692 -9.141 -11.046
0.128605 -10.298 -10.562 -10.807 -11.193 -11.246 -11.171 -10.896 -11.211 -11.244 -11.165 -10.987 -10.722 -11.211 -11.23 -11.08 -10.895 -10.683 -11.232 -11.089 -10.903 -10.746 -10.667 -11.07 -11.177 -11.001 -10.189 -9.741 -9.191 -11.083
0.132494 -10.299 -10.568 -10.82 -11.218 -11.278 -11.208 -10.917 -11.237 -11.276 -11.202 -11.027 -10.766 -11.237 -11.263 -11.119 -10.937 -10.727 -11.266 -11.128 -10.946 -10.79 -10.711 -11.109 -11.213 -11.042 -10.237 -9.79 -9.241 -11.121
0.136502 -10.3 -10.573 -10.832 -11.243 -11.31 -11.245 -10.938 -11.263 -11.307 -11.239 -11.068 -10.81 -11.262 -11.297 -11.158 -10.979 -10.771 -11.3 -11.167 -10.988 -10.834 -10.755 -11.147 -11.248 -11.082 -10.284 -9.839 -9.292 -11.158
0.14063 -10.299 -10.577 -10.844 -11.266 -11.341 -11.281 -10.957 -11.288 -11.339 -11.275 -11.108 -10.853 -11.287 -11.33 -11.197 -11.021 -10.815 -11.334 -11.206 -11.029 -10.877 -10.799 -11.185 -11.284 -11.122 -10.331 -9.888 -9.342 -11.195
0.144883 -10.297 -10.58 -10.854 -11.29 -11.371 -11.317 -10.977 -11.313 -11.369 -11.312 -11.148 -10.897 -11.311 -11.362 -11.236 -11.062 -10.859 -11.367 -11.244 -11.071 -10.92 -10.843 -11.222 -11.319 -11.162 -10.378 -9.936 -9.392 -11.232
0.149265 -10.295 -10.582 -10.864 -11.312 -11.401 -11.353 -10.996 -11.337 -11.399 -11.347 -11.188 -10.94 -11.335 -11.394 -11.274 -11.104 -10.903 -11.4 -11.283 -11.112 -10.963 -10.886 -11.26 -11.354 -11.202 -10.425 -9.985 -9.441 -11.268
0.15378 -10.292 -10.583 -10.874 -11.335 -11.431 -11.388 -11.014 -11.36 -11.429 -11.383 -11.228 -10.983 -11.358 -11.426 -11.312 -11.145 -10.946 -11.432 -11.32 -11.153 -11.006 -10.93 -11.297 -11.388 -11.241 -10.471 -10.033 -9.491 -11.304
0.15843 -10.288 -10.584 -10.882 -11.356 -11.46 -11.423 -11.032 -11.383 -11.458 -11.418 -11.267 -11.025 -11.381 -11.457 -11.349 -11.186 -10.989 -11.464 -11.358 -11.194 -11.048 -10.973 -11.333 -11.422 -11.28 -10.518 -10.081 -9.541 -11.34
0.163222 -10.282 -10.583 -10.89 -11.377 -11.489 -11.458 -11.05 -11.405 -11.487 -11.453 -11.306 -11.068 -11.403 -11.488 -11.387 -11.226 -11.032 -11.496 -11.395 -11.234 -11.091 -11.016 -11.369 -11.456 -11.318 -10.564 -10.129 -9.59 -11.375
0.168159 -10.276 -10.582 -10.897 -11.397 -11.517 -11.492 -11.067 -11.427 -11.515 -11.487 -11.344 -11.11 -11.424 -11.518 -11.424 -11.267 -11.075 -11.527 -11.432 -11.275 -11.133 -11.058 -11.405 -11.489 -11.357 -10.61 -10.177 -9.64 -11.41
0.173245 -10.269 -10.579 -10.903 -11.417 -11.545 -11.526 -11.083 -11.448 -11.543 -11.521 -11.382 -11.152 -11.445 -11.548 -11.46 -11.306 -11.117 -11.558 -11.468 -11.314 -11.174 -11.101 -11.441 -11.522 -11.395 -10.656 -10.225 -9.689 -11.444
0.178484 -10.261 -10.575 -10.908 -11.436 -11.572 -11.559 -11.099 -11.469 -11.57 -11.554 -11.42 -11.194 -11.465 -11.578 -11.496 -11.346 -11.159 -11.588 -11.504 -11.354 -11.216 -11.143 -11.476 -11.554 -11.432 -10.702 -10.272 -9.738 -11.479
0.183882 -10.252 -10.571 -10.912 -11.454 -11.599 -11.592 -11.114 -11.488 -11.597 -11.587 -11.458 -11.235 -11.484 -11.606 -11.532 -11.385 -11.201 -11.618 -11.54 -11.393 -11.257 -11.185 -11.511 -11.586 -11.47 -10.747 -10.32 -9.787 -11.512
0.189444 -10.241 -10.565 -10.915 -11.471 -11.625 -11.625 -11.129 -11.507 -11.623 -11.62 -11.495 -11.276 -11.503 -11.635 -11.567 -11.424 -11.243 -11.647 -11.575 -11.432 -11.298 -11.227 -11.545 -11.617 -11.506 -10.793 -10.367 -9.836 -11.546
0.195173 -10.23 -10.557 -10.917 -11.488 -11.65 -11.657 -11.143 -11.525 -11.649 -11.652 -11.532 -11.317 -11.52 -11.662 -11.602 -11.463 -11.284 -11.676 -11.61 -11.471 -11.339 -11.268 -11.579 -11.648 -11.543 -10.838 -10.414 -9.885 -11.579
0.201076 -10.217 -10.549 -10.919 -11.504 -11.675 -11.688 -11.156 -11.543 -11.673 -11.684 -11.568 -11.357 -11.538 -11.69 -11.637 -11.501 -11.325 -11.704 -11.645 -11.509 -11.379 -11.309 -11.612 -11.678 -11.579 -10.882 -10.461 -9.933 -11.611
0.207158 -10.203 -10.539 -10.919 -11.519 -11.699 -11.719 -11.169 -11.559 -11.698 -11.715 -11.604 -11.397 -11.554 -11.716 -11.671 -11.539 -11.366 -11.731 -11.679 -11.547 -11.419 -11.35 -11.645 -11.708 -11.615 -10.927 -10.508 -9.981 -11.643
0.213423 -10.188 -10.528 -10.918 -11.533 -11.722 -11.749 -11.181 -11.575 -11.721 -11.745 -11.64 -11.437 -11.569 -11.742 -11.704 -11.577 -11.406 -11.758 -11.712 -11.584 -11.459 -11.391 -11.678 -11.737 -11.65 -10.971 -10.554 -10.03 -11.674
0.219878 -10.171 -10.516 -10.916 -11.546 -11.745 -11.779 -11.192 -11.59 -11.744 -11.775 -11.675 -11.476 -11.584 -11.767 -11.737 -11.614 -11.446 -11.784 -11.745 -11.621 -11.498 -11.431 -11.71 -11.766 -11.685 -11.015 -10.6 -10.078 -11.705
0.226528 -10.153 -10.502 -10.912 -11.558 -11.767 -11.808 -11.203 -11.604 -11.766 -11.805 -11.709 -11.515 -11.597 -11.792 -11.77 -11.65 -11.486 -11.81 -11.778 -11.658 -11.537 -11.471 -11.741 -11.794 -11.719 -11.059 -10.646 -10.126 -11.736
0.233379 -10.134 -10.487 -10.908 -11.57 -11.788 -11.837 -11.212 -11.617 -11.787 -11.833 -11.743 -11.554 -11.61 -11.815 -11.802 -11.687 -11.525 -11.834 -11.81 -11.694 -11.576 -11.511 -11.772 -11.821 -11.753 -11.103 -10.692 -10.173 -11.766
0.240437 -10.113 -10.47 -10.902 -11.58 -11.808 -11.865 -11.221 -11.629 -11.807 -11.861 -11.777 -11.592 -11.621 -11.839 -11.833 -11.722 -11.564 -11.859 -11.841 -11.73 -11.614 -11.55 -11.802 -11.848 -11.786 -11.146 -10.738 -10.221 -11.795
0.247709 -10.09 -10.451 -10.894 -11.589 -11.827 -11.892 -11.229 -11.64 -11.827 -11.889 -11.81 -11.63 -11.632 -11.861 -11.864 -11.758 -11.602 -11.882 -11.872 -11.765 -11.652 -11.589 -11.832 -11.874 -11.818 -11.189 -10.783 -10.268 -11.824
0.255201 -10.066 -10.431 -10.886 -11.597 -11.846 -11.919 -11.236 -11.649 -11.845 -11.915 -11.842 -11.667 -11.641 -11.882 -11.894 -11.792 -11.64 -11.904 -11.902 -11.8 -11.689 -11.627 -11.861 -11.899 -11.851 -11.231 -10.828 -10.315 -11.852
0.262919 -10.04 -10.409 -10.876 -11.604 -11.864 -11.944 -11.242 -11.658 -11.863 -11.941 -11.874 -11.704 -11.649 -11.903 -11.924 -11.826 -11.678 -11.926 -11.931 -11.834 -11.726 -11.665 -11.89 -11.924 -11.882 -11.274 -10.873 -10.362 -11.879
0.270871 -10.013 -10.385 -10.864 -11.609 -11.88 -11.969 -11.248 -11.666 -11.88 -11.967 -11.905 -11.74 -11.656 -11.922 -11.952 -11.86 -11.715 -11.947 -11.96 -11.868 -11.762 -11.703 -11.917 -11.947 -11.913 -11.315 -10.917 -10.408 -11.906
0.279064 -9.984 -10.359 -10.851 -11.613 -11.896 -11.993 -11.252 -11.672 -11.896 -11.991 -11.936 -11.776 -11.662 -11.941 -11.98 -11.893 -11.751 -11.967 -11.988 -11.901 -11.798 -11.74 -11.944 -11.97 -11.943 -11.357 -10.961 -10.454 -11.931
0.287504 -9.952 -10.331 -10.836 -11.616 -11.91 -12.017 -11.255 -11.677 -11.91 -12.014 -11.966 -11.811 -11.666 -11.959 -12.008 -11.925 -11.787 -11.986 -12.015 -11.933 -11.833 -11.777 -11.971 -11.992 -11.973 -11.398 -11.005 -10.5 -11.957
0.296199 -9.919 -10.3 -10.819 -11.617 -11.923 -12.039 -11.257 -11.68 -11.924 -12.037 -11.995 -11.846 -11.669 -11.975 -12.034 -11.957 -11.822 -12.004 -12.042 -11.965 -11.868 -11.813 -11.996 -12.013 -12.001 -11.439 -11.048 -10.546 -11.981
0.305157 -9.884 -10.268 -10.8 -11.617 -11.936 -12.06 -11.257 -11.682 -11.936 -12.059 -12.023 -11.88 -11.671 -11.991 -12.06 -11.988 -11.857 -12.021 -12.068 -11.996 -11.902 -11.849 -12.021 -12.033 -12.029 -11.479 -11.091 -10.591 -12.004
0.314387 -9.846 -10.233 -10.779 -11.616 -11.946 -12.081 -11.257 -11.683 -11.947 -12.079 -12.051 -11.914 -11.67 -12.005 -12.085 -12.018 -11.891 -12.036 -12.092 -12.026 -11.935 -11.884 -12.044 -12.052 -12.056 -11.518 -11.134 -10.636 -12.027
0.323895 -9.807 -10.195 -10.757 -11.612 -11.956 -12.1 -11.255 -11.681 -11.957 -12.099 -12.078 -11.946 -11.669 -12.018 -12.109 -12.048 -11.925 -12.051 -12.116 -12.055 -11.968 -11.918 -12.067 -12.07 -12.083 -11.558 -11.176 -10.681 -12.049
0.333691 -9.764 -10.155 -10.732 -11.607 -11.964 -12.118 -11.252 -11.679 -11.965 -12.117 -12.104 -11.978 -11.665 -12.03 -12.131 -12.076 -11.958 -12.064 -12.139 -12.084 -12.0 -11.952 -12.089 -12.087 -12.108 -11.596 -11.218 -10.725 -12.069
0.343783 -9.72 -10.112 -10.704 -11.6 -11.97 -12.135 -11.247 -11.674 -11.972 -12.135 -12.128 -12.01 -11.66 -12.04 -12.153 -12.104 -11.99 -12.076 -12.161 -12.112 -12.031 -11.985 -12.11 -12.103 -12.132 -11.635 -11.26 -10.769 -12.089
0.354181 -9.673 -10.066 -10.675 -11.591 -11.975 -12.151 -11.241 -11.667 -11.977 -12.151 -12.152 -12.04 -11.653 -12.049 -12.174 -12.131 -12.021 -12.087 -12.182 -12.139 -12.062 -12.017 -12.13 -12.117 -12.156 -11.672 -11.3 -10.813 -12.107
0.364893 -9.623 -10.017 -10.642 -11.58 -11.979 -12.165 -11.234 -11.659 -11.98 -12.165 -12.175 -12.07 -11.643 -12.057 -12.193 -12.157 -12.052 -12.096 -12.201 -12.165 -12.091 -12.049 -12.148 -12.13 -12.178 -11.709 -11.341 -10.856 -12.125
0.375929 -9.57 -9.965 -10.607 -11.566 -11.98 -12.178 -11.224 -11.648 -11.982 -12.179 -12.197 -12.098 -11.632 -12.063 -12.212 -12.182 -12.081 -12.103 -12.22 -12.19 -12.12 -12.08 -12.165 -12.141 -12.199 -11.745 -11.381 -10.898 -12.141
0.387298 -9.514 -9.909 -10.57 -11.551 -11.98 -12.19 -11.213 -11.635 -11.982 -12.19 -12.217 -12.126 -11.618 -12.067 -12.229 -12.206 -12.11 -12.109 -12.237 -12.214 -12.148 -12.11 -12.181 -12.151 -12.219 -11.781 -11.42 -10.941 -12.156
0.399012 -9.455 -9.849 -10.529 -11.532 -11.978 -12.2 -11.2 -11.62 -11.98 -12.201 -12.237 -12.153 -11.602 -12.069 -12.244 -12.228 -12.138 -12.113 -12.252 -12.237 -12.175 -12.139 -12.196 -12.16 -12.238 -11.816 -11.459 -10.982 -12.169
0.41108 -9.393 -9.786 -10.485 -11.511 -11.973 -12.208 -11.185 -11.602 -11.976 -12.209 -12.255 -12.178 -11.583 -12.069 -12.258 -12.25 -12.164 -12.116 -12.267 -12.258 -12.2 -12.167 -12.209 -12.166 -12.255 -11.85 -11.497 -11.024 -12.181
0.423513 -9.328 -9.718 -10.438 -11.488 -11.967 -12.214 -11.167 -11.581 -11.97 -12.216 -12.271 -12.203 -11.561 -12.068 -12.271 -12.27 -12.19 -12.116 -12.279 -12.278 -12.225 -12.194 -12.221 -12.171 -12.271 -11.883 -11.534 -11.064 -12.192
0.436321 -9.259 -9.646 -10.387 -11.461 -11.958 -12.219 -11.148 -11.557 -11.961 -12.221 -12.286 -12.226 -11.537 -12.064 -12.282 -12.288 -12.214 -12.114 -12.29 -12.297 -12.249 -12.22 -12.231 -12.174 -12.286 -11.916 -11.571 -11.104 -12.201
0.449518 -9.186 -9.569 -10.332 -11.431 -11.946 -12.221 -11.126 -11.531 -11.95 -12.224 -12.3 -12.248 -11.509 -12.057 -12.291 -12.306 -12.238 -12.11 -12.299 -12.315 -12.271 -12.245 -12.239 -12.175 -12.298 -11.947 -11.606 -11.144 -12.208
0.463113 -9.109 -9.487 -10.273 -11.398 -11.932 -12.222 -11.102 -11.501 -11.936 -12.225 -12.311 -12.269 -11.479 -12.049 -12.298 -12.321 -12.259 -12.103 -12.307 -12.33 -12.292 -12.269 -12.245 -12.174 -12.309 -11.978 -11.642 -11.182 -12.213
0.47712 -9.029 -9.4 -10.21 -11.361 -11.915 -12.22 -11.075 -11.468 -11.919 -12.223 -12.321 -12.288 -11.444 -12.037 -12.303 -12.335 -12.28 -12.094 -12.312 -12.345 -12.311 -12.291 -12.25 -12.17 -12.319 -12.007 -11.676 -11.22 -12.216
0.49155 -8.944 -9.307 -10.143 -11.321 -11.895 -12.215 -11.045 -11.431 -11.9 -12.219 -12.329 -12.306 -11.406 -12.023 -12.306 -12.348 -12.299 -12.083 -12.315 -12.357 -12.329 -12.312 -12.252 -12.164 -12.326 -12.035 -11.709 -11.258 -12.218
0.506416 -8.855 -9.209 -10.07 -11.276 -11.872 -12.208 -11.012 -11.39 -11.877 -12.213 -12.335 -12.322 -11.364 -12.006 -12.307 -12.358 -12.316 -12.068 -12.316 -12.368 -12.345 -12.332 -12.252 -12.155 -12.331 -12.062 -11.741 -11.294 -12.217
0.521733 -8.762 -9.103 -9.993 -11.227 -11.845 -12.198 -10.976 -11.345 -11.85 -12.203 -12.339 -12.336 -11.318 -11.986 -12.305 -12.366 -12.332 -12.051 -12.315 -12.376 -12.359 -12.35 -12.25 -12.144 -12.334 -12.088 -11.773 -11.33 -12.213
0.537512 -8.664 -8.991 -9.91 -11.173 -11.814 -12.186 -10.937 -11.295 -11.82 -12.191 -12.34 -12.349 -11.267 -11.962 -12.301 -12.372 -12.345 -12.03 -12.311 -12.383 -12.372 -12.366 -12.245 -12.129 -12.334 -12.113 -11.803 -11.364 -12.208
0.553769 -8.561 -8.872 -9.821 -11.115 -11.779 -12.17 -10.894 -11.241 -11.786 -12.176 -12.339 -12.359 -11.211 -11.934 -12.293 -12.376 -12.357 -12.005 -12.304 -12.387 -12.382 -12.38 -12.238 -12.111 -12.332 -12.136 -11.832 -11.398 -12.199
0.570517 -8.454 -8.744 -9.726 -11.051 -11.741 -12.15 -10.847 -11.181 -11.748 -12.157 -12.335 -12.367 -11.149 -11.903 -12.283 -12.377 -12.367 -11.977 -12.294 -12.388 -12.391 -12.393 -12.227 -12.09 -12.327 -12.157 -11.86 -11.431 -12.188
0.587772 -8.342 -8.608 -9.624 -10.981 -11.697 -12.127 -10.796 -11.116 -11.705 -12.134 -12.328 -12.373 -11.083 -11.867 -12.27 -12.376 -12.374 -11.945 -12.281 -12.387 -12.397 -12.403 -12.214 -12.065 -12.32 -12.177 -11.886 -11.463 -12.174
0.605549 -8.226 -8.464 -9.516 -10.905 -11.649 -12.1 -10.741 -11.045 -11.657 -12.108 -12.318 -12.376 -11.01 -11.827 -12.253 -12.372 -12.379 -11.908 -12.264 -12.383 -12.4 -12.412 -12.197 -12.036 -12.309 -12.195 -11.911 -11.493 -12.156
0.623863 -8.104 -8.309 -9.399 -10.822 -11.595 -12.068 -10.681 -10.967 -11.604 -12.077 -12.305 -12.377 -10.93 -11.782 -12.232 -12.365 -12.382 -11.867 -12.244 -12.376 -12.401 -12.417 -12.176 -12.003 -12.294 -12.211 -11.934 -11.522 -12.135
0.642731 -7.979 -8.144 -9.275 -10.732 -11.535 -12.032 -10.616 -10.883 -11.545 -12.042 -12.288 -12.375 -10.844 -11.731 -12.207 -12.354 -12.381 -11.82 -12.219 -12.366 -12.399 -12.421 -12.152 -11.966 -12.276 -12.225 -11.956 -11.55 -12.11
0.66217 -7.849 -7.968 -9.142 -10.635 -11.47 -11.991 -10.546 -10.791 -11.48 -12.002 -12.267 -12.369 -10.75 -11.675 -12.178 -12.34 -12.378 -11.769 -12.191 -12.352 -12.394 -12.421 -12.124 -11.923 -12.254 -12.237 -11.976 -11.577 -12.082
