web/models/kne/2/villar_0.0079_0.4530_1.0000.dat
# %ECSV 1.0
# ---
# datatype:
# - {name: time, datatype: float64}
# - {name: swift_uvot_uvw2, datatype: float64}
# - {name: swift_uvot_uvm2, datatype: float64}
# - {name: swift_uvot_uvw1, datatype: float64}
# - {name: swift_uvot_U, datatype: float64}
# - {name: swift_uvot_B, datatype: float64}
# - {name: swift_uvot_V, datatype: float64}
# - {name: swift_uvot_W, datatype: float64}
# - {name: johnson_U, datatype: float64}
# - {name: johnson_B, datatype: float64}
# - {name: johnson_V, datatype: float64}
# - {name: johnson_R, datatype: float64}
# - {name: johnson_I, datatype: float64}
# - {name: sdss_u, datatype: float64}
# - {name: sdss_g, datatype: float64}
# - {name: sdss_r, datatype: float64}
# - {name: sdss_i, datatype: float64}
# - {name: sdss_z, datatype: float64}
# - {name: PS1_g, datatype: float64}
# - {name: PS1_r, datatype: float64}
# - {name: PS1_i, datatype: float64}
# - {name: PS1_z, datatype: float64}
# - {name: PS1_Y, datatype: float64}
# - {name: PS1_w, datatype: float64}
# - {name: ATLAS_c, datatype: float64}
# - {name: ATLAS_o, datatype: float64}
# - {name: ukirt_J, datatype: float64}
# - {name: ukirt_H, datatype: float64}
# - {name: ukirt_K, datatype: float64}
# - {name: Clear, datatype: float64}
# meta: !!omap
# - comment: [kappa = 1.0, type = villar, mass = 0.00793700525986525, velocity = 0.453, theta_obs = 0.0]
# schema: astropy-2.0
time swift_uvot_uvw2 swift_uvot_uvm2 swift_uvot_uvw1 swift_uvot_U swift_uvot_B swift_uvot_V swift_uvot_W johnson_U johnson_B johnson_V johnson_R johnson_I sdss_u sdss_g sdss_r sdss_i sdss_z PS1_g PS1_r PS1_i PS1_z PS1_Y PS1_w ATLAS_c ATLAS_o ukirt_J ukirt_H ukirt_K Clear
[from data line 288]
5.330718 33.52 38.736 61.971 72.537 60.708 52.72 35.788 70.493 58.422 50.671 42.314 37.328 71.807 56.653 47.805 42.285 37.82 32.254 32.459 32.438 32.022 30.276 43.523 50.075 43.258 32.093 28.593 25.967 30.491
5.491942 35.964 41.179 64.414 74.98 63.152 55.164 38.232 72.937 60.866 53.115 44.758 39.771 74.251 59.097 50.249 44.729 40.264 34.698 34.903 34.881 34.466 32.72 45.967 52.519 45.702 34.537 31.036 28.411 32.934
5.658042 38.558 43.773 67.008 77.574 65.746 57.757 40.826 75.531 63.46 55.709 47.352 42.365 76.845 61.691 52.843 47.323 42.857 37.292 37.497 37.475 37.06 35.314 48.561 55.113 48.296 37.131 33.63 31.005 35.528
5.829166 41.311 46.526 69.761 80.327 68.499 60.51 43.579 78.284 66.213 58.462 50.105 45.118 79.598 64.444 55.596 50.076 45.611 40.045 40.25 40.228 39.813 38.067 51.314 57.866 51.049 39.884 36.383 33.758 38.281
6.005465 44.233 49.449 72.683 83.25 71.421 63.433 46.501 81.206 69.135 61.384 53.027 48.04 82.52 67.366 58.518 52.998 48.533 42.967 43.172 43.151 42.735 40.989 54.236 60.788 53.971 42.806 39.306 36.68 41.203
6.187096 47.335 52.55 75.785 86.351 74.523 66.534 49.603 84.308 72.237 64.485 56.129 51.142 85.622 70.468 61.62 56.1 51.634 46.069 46.274 46.252 45.837 44.091 57.338 63.889 57.073 45.908 42.407 39.781 44.305
6.37422 50.627 55.842 79.077 89.643 77.815 69.826 52.895 87.6 75.529 67.778 59.421 54.434 88.914 73.76 64.912 59.392 54.926 49.361 49.566 49.544 49.129 47.383 60.63 67.181 60.365 49.2 45.699 43.073 47.597
6.567004 54.121 59.336 82.571 93.137 81.309 73.32 56.389 91.094 79.023 71.272 62.915 57.928 92.408 77.254 68.406 62.886 58.421 52.855 53.06 53.038 52.623 50.877 64.124 70.676 63.859 52.694 49.193 46.568 51.091
6.765619 57.83 63.045 86.28 96.846 85.018 77.029 60.098 94.803 82.732 74.98 66.624 61.637 96.117 80.963 72.115 66.595 62.129 56.564 56.769 56.747 56.332 54.586 67.833 74.384 67.568 56.403 52.902 50.276 54.8
6.97024 61.766 66.982 90.217 100.783 88.954 80.966 64.034 98.739 86.668 78.917 70.56 65.574 100.053 84.899 76.051 70.531 66.066 60.5 60.705 60.684 60.268 58.522 71.769 78.321 71.504 60.339 56.839 54.213 58.737
7.181051 65.944 71.16 94.395 104.961 93.132 85.144 68.213 102.918 90.846 83.095 74.739 69.752 104.232 89.077 80.229 74.71 70.244 64.679 64.883 64.862 64.447 62.701 75.948 82.499 75.682 64.518 61.017 58.391 62.915
7.398237 70.379 75.595 98.829 109.396 97.567 89.579 72.647 107.352 95.281 87.53 79.173 74.186 108.666 93.512 84.664 79.144 74.679 69.113 69.318 69.297 68.881 67.135 80.382 86.934 80.117 68.952 65.452 62.826 67.349
7.621991 75.086 80.302 103.537 114.103 102.274 94.286 77.354 112.059 99.988 92.237 83.88 78.893 113.373 98.219 89.371 83.851 79.386 73.82 74.025 74.004 73.588 71.842 85.089 91.641 84.824 73.659 70.159 67.533 72.057
7.852513 80.082 85.298 108.533 119.099 107.27 99.282 82.35 117.056 104.984 97.233 88.876 83.89 118.37 103.215 94.367 88.847 84.382 78.816 79.021 79.0 78.584 76.839 90.085 96.637 89.82 78.655 75.155 72.529 77.053
8.090007 85.385 90.601 113.835 124.402 112.573 104.585 87.653 122.358 110.287 102.536 94.179 89.192 123.672 108.518 99.67 94.15 89.685 84.119 84.324 84.303 83.887 82.141 95.388 101.94 95.123 83.958 80.458 77.832 82.355
8.334684 91.013 96.229 119.464 130.03 118.201 110.213 93.282 127.987 115.916 108.164 99.808 94.821 129.301 114.146 105.299 99.779 95.313 89.748 89.953 89.931 89.516 87.77 101.017 107.568 100.752 89.587 86.086 83.46 87.984
8.586761 96.987 102.203 125.438 136.004 124.175 116.187 99.256 133.961 121.89 114.138 105.782 100.795 135.275 120.12 111.273 105.753 101.287 95.722 95.927 95.905 95.49 93.744 106.991 113.542 106.726 95.561 92.06 89.434 93.958
8.846461 103.328 108.544 131.779 142.345 130.516 122.528 105.597 140.302 128.231 120.479 112.123 107.136 141.616 126.461 117.614 112.094 107.628 102.063 102.268 102.246 101.831 100.085 113.332 119.883 113.067 101.902 98.401 95.775 100.299
9.114017 110.059 115.274 138.509 149.075 137.247 129.258 112.327 147.032 134.961 127.21 118.853 113.866 148.346 133.192 124.344 118.824 114.358 108.793 108.998 108.976 108.561 106.815 120.062 126.614 119.797 108.632 105.131 102.506 107.029
9.389664 117.202 122.418 145.653 156.219 144.39 136.402 119.471 154.176 142.104 134.353 125.997 121.01 155.49 140.335 131.487 125.968 121.502 115.937 116.141 116.12 115.705 113.959 127.206 133.757 126.94 115.776 112.275 109.649 114.173
9.673648 124.784 130.0 153.235 163.801 151.972 143.984 127.053 161.758 149.687 141.935 133.579 128.592 163.072 147.917 139.07 133.55 129.084 123.519 123.723 123.702 123.287 121.541 134.788 141.339 134.522 123.358 119.857 117.231 121.755
9.966221 132.832 138.048 161.283 171.849 160.02 152.032 135.1 169.806 157.734 149.983 141.626 136.64 171.12 155.965 147.117 141.597 137.132 131.566 131.771 131.75 131.334 129.589 142.835 149.387 142.57 131.405 127.905 125.279 129.803
10.267642 141.374 146.59 169.824 180.391 168.562 160.574 143.642 178.347 166.276 158.525 150.168 145.181 179.661 164.507 155.659 150.139 145.674 140.108 140.313 140.292 139.876 138.13 151.377 157.929 151.112 139.947 136.447 133.821 138.344
10.57818 150.44 155.656 178.891 189.457 177.628 169.64 152.709 187.414 175.343 167.591 159.235 154.248 188.728 173.573 164.726 159.206 154.74 149.175 149.379 149.358 148.943 147.197 160.444 166.995 160.178 149.014 145.513 142.887 147.411
10.89811 160.063 165.279 188.514 199.08 187.251 179.263 162.332 197.037 184.966 177.214 168.858 163.871 198.351 183.196 174.349 168.829 164.363 158.798 159.003 158.981 158.566 156.82 170.067 176.618 169.802 158.637 155.136 152.51 157.034
11.227716 170.277 175.493 198.728 209.294 197.465 189.477 172.546 207.251 195.18 187.428 179.072 174.085 208.565 193.41 184.563 179.043 174.577 169.012 169.217 169.195 168.78 167.034 180.281 186.832 180.016 168.851 165.35 162.724 167.248
11.56729 181.119 186.334 209.569 220.135 208.307 200.318 183.387 218.092 206.021 198.269 189.913 184.926 219.406 204.252 195.404 189.884 185.418 179.853 180.058 180.036 179.621 177.875 191.122 197.673 190.857 179.692 176.191 173.565 178.089
11.917135 192.625 197.841 221.076 231.642 219.813 211.825 194.894 229.599 217.528 209.776 201.42 196.433 230.913 215.758 206.911 201.391 196.925 191.36 191.565 191.543 191.128 189.382 202.629 209.18 202.364 191.199 187.698 185.072 189.596
12.277561 204.839 210.054 233.289 243.855 232.027 224.038 207.107 241.812 229.741 221.99 213.633 208.646 243.126 227.972 219.124 213.604 209.139 203.573 203.778 203.756 203.341 201.595 214.842 221.394 214.577 203.412 199.911 197.286 201.809
12.648887 217.802 223.018 246.253 256.819 244.99 237.002 220.071 254.776 242.704 234.953 226.597 221.61 256.09 240.935 232.087 226.568 222.102 216.537 216.741 216.72 216.304 214.559 227.806 234.357 227.54 216.375 212.875 210.249 214.773
13.031444 231.561 236.777 260.012 270.578 258.749 250.761 233.83 268.535 256.464 248.712 240.356 235.369 269.849 254.694 245.847 240.327 235.861 230.296 230.501 230.479 230.064 228.318 241.565 248.116 241.3 230.135 226.634 224.008 228.532
13.425571 246.166 251.381 274.616 285.182 273.354 265.365 248.434 283.139 271.068 263.317 254.96 249.973 284.453 269.299 260.451 254.931 250.465 244.9 245.105 245.083 244.668 242.922 256.169 262.721 255.904 244.739 241.238 238.613 243.136
13.831619 261.667 266.882 290.117 300.683 288.855 280.866 263.935 298.64 286.569 278.818 270.461 265.474 299.954 284.8 275.952 270.432 265.966 260.401 260.606 260.584 260.169 258.423 271.67 278.221 271.405 260.24 256.739 254.113 258.637
14.249947 278.119 283.335 306.57 317.136 305.307 297.319 280.388 315.093 303.022 295.27 286.914 281.927 316.407 301.252 292.405 286.885 282.419 276.854 277.058 277.037 276.622 274.876 288.123 294.674 287.857 276.693 273.192 270.566 275.09
14.680926 295.582 300.798 324.033 334.599 322.77 314.782 297.851 332.556 320.485 312.733 304.377 299.39 333.87 318.715 309.868 304.348 299.882 294.317 294.521 294.5 294.085 292.339 305.586 312.137 305.32 294.156 290.655 288.029 292.553
15.124941 314.118 319.333 342.568 353.134 341.306 333.317 316.386 351.091 339.02 331.269 322.912 317.925 352.405 337.251 328.403 322.883 318.417 312.852 313.057 313.035 312.62 310.874 324.121 330.673 323.856 312.691 309.19 306.565 311.088
15.582385 333.791 339.007 362.242 372.808 360.979 352.991 336.059 370.765 358.693 350.942 342.585 337.599 372.079 356.924 348.076 342.556 338.091 332.525 332.73 332.709 332.293 330.548 343.794 350.346 343.529 332.364 328.864 326.238 330.762
16.053663 354.673 359.888 383.123 393.689 381.861 373.872 356.941 391.646 379.575 371.823 363.467 358.48 392.96 377.806 368.958 363.438 358.972 353.407 353.612 353.59 353.175 351.429 364.676 371.227 364.411 353.246 349.745 347.119 351.643
16.539195 376.836 382.052 405.287 415.853 404.024 396.036 379.105 413.81 401.738 393.987 385.631 380.644 415.124 399.969 391.121 385.602 381.136 375.571 375.775 375.754 375.339 373.593 386.84 393.391 386.574 375.409 371.909 369.283 373.807
17.039412 400.361 405.576 428.811 439.377 427.549 419.56 402.629 437.334 425.263 417.512 409.155 404.168 438.648 423.494 414.646 409.126 404.661 399.095 399.3 399.278 398.863 397.117 410.364 416.916 410.099 398.934 395.433 392.808 397.331
17.554757 425.33 430.545 453.78 464.346 452.518 444.529 427.598 462.303 450.232 442.481 434.124 429.137 463.617 448.463 439.615 434.095 429.63 424.064 424.269 424.247 423.832 422.086 435.333 441.885 435.068 423.903 420.402 417.777 422.3
18.085689 451.832 457.048 480.282 490.849 479.02 471.032 454.1 488.805 476.734 468.983 460.626 455.639 490.119 474.965 466.117 460.597 456.132 450.566 450.771 450.75 450.334 448.588 461.835 468.387 461.57 450.405 446.905 444.279 448.803
18.632678 479.962 485.177 508.412 518.978 507.15 499.161 482.23 516.935 504.864 497.112 488.756 483.769 518.249 503.095 494.247 488.727 484.261 478.696 478.901 478.879 478.464 476.718 489.965 496.516 489.7 478.535 475.034 472.408 476.932
19.196211 509.818 515.034 538.269 548.835 537.006 529.018 512.087 546.792 534.721 526.969 518.613 513.626 548.106 532.951 524.104 518.584 514.118 508.553 508.757 508.736 508.321 506.575 519.822 526.373 519.556 508.392 504.891 502.265 506.789
19.776787 541.508 546.724 569.959 580.525 568.696 560.708 543.777 578.482 566.411 558.659 550.303 545.316 579.796 564.641 555.794 550.274 545.808 540.243 540.448 540.426 540.011 538.265 551.512 558.063 551.247 540.082 536.581 533.955 538.479
20.374923 575.144 580.36 603.595 614.161 602.332 594.344 577.413 612.118 600.047 592.295 583.939 578.952 613.432 598.277 589.43 583.91 579.444 573.879 574.084 574.062 573.647 571.901 585.148 591.699 584.883 573.718 570.217 567.591 572.115
20.991149 610.846 616.061 639.296 649.862 638.034 630.045 613.114 647.819 635.748 627.997 619.64 614.653 649.133 633.979 625.131 619.611 615.146 609.58 609.785 609.763 609.348 607.602 620.849 627.401 620.584 609.419 605.918 603.293 607.816
21.626011 648.739 653.955 677.19 687.756 675.927 667.939 651.008 685.713 673.642 665.89 657.534 652.547 687.027 671.872 663.024 657.505 653.039 647.474 647.678 647.657 647.242 645.496 658.743 665.294 658.477 647.313 643.812 641.186 645.71
22.280075 688.96 694.175 717.41 727.976 716.148 708.159 691.228 725.933 713.862 706.111 697.754 692.767 727.247 712.093 703.245 697.725 693.259 687.694 687.899 687.877 687.462 685.716 698.963 705.515 698.698 687.533 684.032 681.406 685.93
22.953921 731.65 736.865 760.1 770.666 758.838 750.849 733.918 768.623 756.552 748.801 740.444 735.457 769.937 754.783 745.935 740.415 735.949 730.384 730.589 730.567 730.152 728.406 741.653 748.204 741.388 730.223 726.722 724.096 728.62
23.648147 776.961 782.177 nan nan nan nan 779.229 nan nan nan 785.776 780.768 nan nan nan 785.753 781.261 775.695 775.9 775.879 775.463 773.717 787.001 nan 786.742 775.534 772.034 769.408 773.931
24.363369 nan nan nan nan nan nan nan nan nan nan nan nan nan nan nan nan nan nan nan nan nan nan nan nan nan nan nan nan nan
25.100222 nan nan nan nan nan nan nan nan nan nan nan nan nan nan nan nan nan nan nan nan nan nan nan nan nan nan nan nan nan
25.859362 nan nan nan nan nan nan nan nan nan nan nan nan nan nan nan nan nan nan nan nan nan nan nan nan nan nan nan nan nan
26.64146 nan nan nan nan nan nan nan nan nan nan nan nan nan nan nan nan nan nan nan nan nan nan nan nan nan nan nan nan nan
27.447213 nan nan nan nan nan nan nan nan nan nan nan nan nan nan nan nan nan nan nan nan nan nan nan nan nan nan nan nan nan
28.277335 nan nan nan nan nan nan nan nan nan nan nan nan nan nan nan nan nan nan nan nan nan nan nan nan nan nan nan nan nan
29.132564 nan nan nan nan nan nan nan nan nan nan nan nan nan nan nan nan nan nan nan nan nan nan nan nan nan nan nan nan nan
30.013659 nan nan nan nan nan nan nan nan nan nan nan nan nan nan nan nan nan nan nan nan nan nan nan nan nan nan nan nan nan
30.921401 nan nan nan nan nan nan nan nan nan nan nan nan nan nan nan nan nan nan nan nan nan nan nan nan nan nan nan nan nan
31.856598 nan nan nan nan nan nan nan nan nan nan nan nan nan nan nan nan nan nan nan nan nan nan nan nan nan nan nan nan nan
32.820079 nan nan nan nan nan nan nan nan nan nan nan nan nan nan nan nan nan nan nan nan nan nan nan nan nan nan nan nan nan
33.8127 nan nan nan nan nan nan nan nan nan nan nan nan nan nan nan nan nan nan nan nan nan nan nan nan nan nan nan nan nan
34.835342 nan nan nan nan nan nan nan nan nan nan nan nan nan nan nan nan nan nan nan nan nan nan nan nan nan nan nan nan nan
35.888913 nan nan nan nan nan nan nan nan nan nan nan nan nan nan nan nan nan nan nan nan nan nan nan nan nan nan nan nan nan
36.974349 nan nan nan nan nan nan nan nan nan nan nan nan nan nan nan nan nan nan nan nan nan nan nan nan nan nan nan nan nan
38.092613 nan nan nan nan nan nan nan nan nan nan nan nan nan nan nan nan nan nan nan nan nan nan nan nan nan nan nan nan nan
39.244698 nan nan nan nan nan nan nan nan nan nan nan nan nan nan nan nan nan nan nan nan nan nan nan nan nan nan nan nan nan
40.431627 nan nan nan nan nan nan nan nan nan nan nan nan nan nan nan nan nan nan nan nan nan nan nan nan nan nan nan nan nan
41.654454 nan nan nan nan nan nan nan nan nan nan nan nan nan nan nan nan nan nan nan nan nan nan nan nan nan nan nan nan nan
42.914265 nan nan nan nan nan nan nan nan nan nan nan nan nan nan nan nan nan nan nan nan nan nan nan nan nan nan nan nan nan
44.212178 nan nan nan nan nan nan nan nan nan nan nan nan nan nan nan nan nan nan nan nan nan nan nan nan nan nan nan nan nan
45.549345 nan nan nan nan nan nan nan nan nan nan nan nan nan nan nan nan nan nan nan nan nan nan nan nan nan nan nan nan nan
46.926954 nan nan nan nan nan nan nan nan nan nan nan nan nan nan nan nan nan nan nan nan nan nan nan nan nan nan nan nan nan
48.346227 nan nan nan nan nan nan nan nan nan nan nan nan nan nan nan nan nan nan nan nan nan nan nan nan nan nan nan nan nan
49.808426 nan nan nan nan nan nan nan nan nan nan nan nan nan nan nan nan nan nan nan nan nan nan nan nan nan nan nan nan nan
51.314848 nan nan nan nan nan nan nan nan nan nan nan nan nan nan nan nan nan nan nan nan nan nan nan nan nan nan nan nan nan
52.86683 nan nan nan nan nan nan nan nan nan nan nan nan nan nan nan nan nan nan nan nan nan nan nan nan nan nan nan nan nan
54.465752 nan nan nan nan nan nan nan nan nan nan nan nan nan nan nan nan nan nan nan nan nan nan nan nan nan nan nan nan nan
56.113031 nan nan nan nan nan nan nan nan nan nan nan nan nan nan nan nan nan nan nan nan nan nan nan nan nan nan nan nan nan
57.810132 nan nan nan nan nan nan nan nan nan nan nan nan nan nan nan nan nan nan nan nan nan nan nan nan nan nan nan nan nan
59.55856 nan nan nan nan nan nan nan nan nan nan nan nan nan nan nan nan nan nan nan nan nan nan nan nan nan nan nan nan nan
61.359868 nan nan nan nan nan nan nan nan nan nan nan nan nan nan nan nan nan nan nan nan nan nan nan nan nan nan nan nan nan
