web/models/kne/2/villar_0.0416_0.2023_10.0000.dat
# %ECSV 1.0
# ---
# datatype:
# - {name: time, datatype: float64}
# - {name: swift_uvot_uvw2, datatype: float64}
# - {name: swift_uvot_uvm2, datatype: float64}
# - {name: swift_uvot_uvw1, datatype: float64}
# - {name: swift_uvot_U, datatype: float64}
# - {name: swift_uvot_B, datatype: float64}
# - {name: swift_uvot_V, datatype: float64}
# - {name: swift_uvot_W, datatype: float64}
# - {name: johnson_U, datatype: float64}
# - {name: johnson_B, datatype: float64}
# - {name: johnson_V, datatype: float64}
# - {name: johnson_R, datatype: float64}
# - {name: johnson_I, datatype: float64}
# - {name: sdss_u, datatype: float64}
# - {name: sdss_g, datatype: float64}
# - {name: sdss_r, datatype: float64}
# - {name: sdss_i, datatype: float64}
# - {name: sdss_z, datatype: float64}
# - {name: PS1_g, datatype: float64}
# - {name: PS1_r, datatype: float64}
# - {name: PS1_i, datatype: float64}
# - {name: PS1_z, datatype: float64}
# - {name: PS1_Y, datatype: float64}
# - {name: PS1_w, datatype: float64}
# - {name: ATLAS_c, datatype: float64}
# - {name: ATLAS_o, datatype: float64}
# - {name: ukirt_J, datatype: float64}
# - {name: ukirt_H, datatype: float64}
# - {name: ukirt_K, datatype: float64}
# - {name: Clear, datatype: float64}
# meta: !!omap
# - comment: [kappa = 10.0, type = villar, mass = 0.04162766037032262, velocity = 0.20233333333333337, theta_obs = 0.0]
# schema: astropy-2.0
time swift_uvot_uvw2 swift_uvot_uvm2 swift_uvot_uvw1 swift_uvot_U swift_uvot_B swift_uvot_V swift_uvot_W johnson_U johnson_B johnson_V johnson_R johnson_I sdss_u sdss_g sdss_r sdss_i sdss_z PS1_g PS1_r PS1_i PS1_z PS1_Y PS1_w ATLAS_c ATLAS_o ukirt_J ukirt_H ukirt_K Clear
[from data line 78]
0.010217 -9.514 -9.498 -9.459 -9.288 -9.048 -8.754 -9.324 -9.255 -9.045 -8.744 -8.414 -8.017 -9.262 -8.956 -8.566 -8.258 -7.958 -8.939 -8.589 -8.286 -8.076 -8.025 -8.606 -8.804 -8.439 -7.339 -6.823 -6.217 -8.664
0.010526 -9.548 -9.535 -9.499 -9.332 -9.095 -8.803 -9.364 -9.3 -9.092 -8.793 -8.465 -8.068 -9.307 -9.004 -8.616 -8.309 -8.01 -8.987 -8.639 -8.337 -8.126 -8.075 -8.655 -8.853 -8.489 -7.392 -6.876 -6.271 -8.713
0.010845 -9.581 -9.571 -9.538 -9.377 -9.142 -8.852 -9.404 -9.345 -9.139 -8.842 -8.515 -8.12 -9.352 -9.051 -8.666 -8.36 -8.062 -9.034 -8.689 -8.387 -8.177 -8.124 -8.704 -8.901 -8.539 -7.445 -6.93 -6.325 -8.762
0.011173 -9.614 -9.608 -9.576 -9.421 -9.189 -8.901 -9.444 -9.389 -9.186 -8.891 -8.566 -8.172 -9.397 -9.099 -8.716 -8.411 -8.113 -9.082 -8.738 -8.438 -8.228 -8.174 -8.754 -8.95 -8.59 -7.498 -6.983 -6.379 -8.811
0.011511 -9.646 -9.644 -9.615 -9.465 -9.236 -8.95 -9.483 -9.434 -9.233 -8.94 -8.616 -8.223 -9.441 -9.146 -8.765 -8.462 -8.165 -9.129 -8.787 -8.488 -8.278 -8.223 -8.803 -8.998 -8.64 -7.551 -7.037 -6.433 -8.859
0.011859 -9.679 -9.679 -9.653 -9.509 -9.283 -8.998 -9.522 -9.478 -9.279 -8.989 -8.666 -8.274 -9.486 -9.194 -8.815 -8.513 -8.217 -9.177 -8.837 -8.538 -8.329 -8.273 -8.852 -9.046 -8.69 -7.604 -7.09 -6.487 -8.908
0.012217 -9.711 -9.715 -9.691 -9.553 -9.329 -9.047 -9.562 -9.522 -9.326 -9.037 -8.716 -8.326 -9.53 -9.241 -8.864 -8.563 -8.268 -9.224 -8.886 -8.588 -8.379 -8.322 -8.901 -9.094 -8.74 -7.656 -7.144 -6.541 -8.956
0.012587 -9.742 -9.75 -9.729 -9.596 -9.375 -9.095 -9.6 -9.566 -9.372 -9.086 -8.766 -8.377 -9.574 -9.288 -8.914 -8.614 -8.319 -9.271 -8.935 -8.638 -8.43 -8.371 -8.95 -9.142 -8.789 -7.709 -7.197 -6.595 -9.004
0.012968 -9.774 -9.785 -9.766 -9.639 -9.422 -9.144 -9.639 -9.61 -9.418 -9.134 -8.815 -8.428 -9.617 -9.335 -8.963 -8.664 -8.371 -9.318 -8.984 -8.688 -8.48 -8.421 -8.998 -9.19 -8.839 -7.761 -7.25 -6.649 -9.053
0.01336 -9.805 -9.82 -9.803 -9.682 -9.468 -9.192 -9.677 -9.654 -9.464 -9.182 -8.865 -8.479 -9.661 -9.381 -9.012 -8.714 -8.422 -9.365 -9.032 -8.738 -8.53 -8.47 -9.047 -9.238 -8.889 -7.814 -7.303 -6.702 -9.101
0.013764 -9.835 -9.854 -9.84 -9.725 -9.513 -9.24 -9.716 -9.697 -9.51 -9.23 -8.915 -8.53 -9.704 -9.428 -9.061 -8.765 -8.473 -9.411 -9.081 -8.788 -8.581 -8.519 -9.095 -9.285 -8.938 -7.866 -7.356 -6.756 -9.149
0.01418 -9.865 -9.888 -9.877 -9.768 -9.559 -9.288 -9.754 -9.74 -9.556 -9.278 -8.964 -8.581 -9.747 -9.474 -9.11 -8.815 -8.524 -9.458 -9.13 -8.838 -8.631 -8.568 -9.144 -9.333 -8.988 -7.919 -7.409 -6.81 -9.196
0.014609 -9.895 -9.921 -9.913 -9.811 -9.605 -9.336 -9.791 -9.783 -9.601 -9.326 -9.014 -8.632 -9.79 -9.521 -9.159 -8.865 -8.575 -9.504 -9.178 -8.888 -8.681 -8.617 -9.192 -9.38 -9.037 -7.971 -7.463 -6.863 -9.244
0.015051 -9.925 -9.955 -9.949 -9.853 -9.65 -9.383 -9.829 -9.826 -9.647 -9.374 -9.063 -8.682 -9.833 -9.567 -9.207 -8.915 -8.626 -9.551 -9.227 -8.937 -8.731 -8.667 -9.24 -9.427 -9.086 -8.023 -7.515 -6.917 -9.292
0.015506 -9.954 -9.988 -9.985 -9.895 -9.695 -9.431 -9.866 -9.869 -9.692 -9.422 -9.112 -8.733 -9.876 -9.613 -9.256 -8.965 -8.677 -9.597 -9.275 -8.987 -8.781 -8.716 -9.288 -9.474 -9.135 -8.075 -7.568 -6.97 -9.339
0.015975 -9.983 -10.021 -10.021 -9.937 -9.74 -9.478 -9.903 -9.911 -9.737 -9.469 -9.161 -8.783 -9.918 -9.659 -9.304 -9.015 -8.728 -9.643 -9.323 -9.036 -8.83 -8.765 -9.336 -9.521 -9.184 -8.127 -7.621 -7.024 -9.387
0.016458 -10.012 -10.053 -10.056 -9.979 -9.785 -9.526 -9.94 -9.954 -9.782 -9.516 -9.21 -8.834 -9.96 -9.705 -9.353 -9.064 -8.778 -9.689 -9.371 -9.085 -8.88 -8.813 -9.384 -9.568 -9.233 -8.18 -7.674 -7.077 -9.434
0.016956 -10.04 -10.085 -10.091 -10.02 -9.83 -9.573 -9.977 -9.996 -9.827 -9.564 -9.259 -8.884 -10.002 -9.75 -9.401 -9.114 -8.829 -9.734 -9.419 -9.135 -8.93 -8.862 -9.431 -9.615 -9.282 -8.232 -7.727 -7.131 -9.481
0.017469 -10.068 -10.117 -10.126 -10.062 -9.875 -9.62 -10.013 -10.038 -9.871 -9.611 -9.308 -8.935 -10.044 -9.796 -9.449 -9.163 -8.879 -9.78 -9.467 -9.184 -8.98 -8.911 -9.479 -9.661 -9.331 -8.283 -7.78 -7.184 -9.528
0.017997 -10.096 -10.148 -10.161 -10.103 -9.919 -9.667 -10.049 -10.08 -9.916 -9.658 -9.357 -8.985 -10.086 -9.841 -9.497 -9.213 -8.93 -9.825 -9.515 -9.233 -9.029 -8.96 -9.526 -9.708 -9.379 -8.335 -7.832 -7.237 -9.575
0.018541 -10.123 -10.179 -10.195 -10.144 -9.964 -9.714 -10.085 -10.121 -9.96 -9.705 -9.405 -9.035 -10.127 -9.886 -9.545 -9.262 -8.98 -9.871 -9.563 -9.282 -9.079 -9.009 -9.573 -9.754 -9.428 -8.387 -7.885 -7.291 -9.621
0.019102 -10.15 -10.21 -10.229 -10.184 -10.008 -9.76 -10.121 -10.162 -10.004 -9.751 -9.454 -9.085 -10.169 -9.931 -9.593 -9.312 -9.031 -9.916 -9.61 -9.331 -9.128 -9.057 -9.621 -9.8 -9.476 -8.439 -7.937 -7.344 -9.668
0.01968 -10.176 -10.24 -10.262 -10.225 -10.052 -9.807 -10.157 -10.204 -10.048 -9.798 -9.502 -9.135 -10.21 -9.976 -9.641 -9.361 -9.081 -9.961 -9.658 -9.38 -9.177 -9.106 -9.668 -9.846 -9.524 -8.491 -7.99 -7.397 -9.715
0.020275 -10.203 -10.27 -10.296 -10.265 -10.096 -9.853 -10.192 -10.244 -10.092 -9.844 -9.55 -9.185 -10.251 -10.021 -9.688 -9.41 -9.131 -10.006 -9.705 -9.428 -9.227 -9.155 -9.715 -9.892 -9.573 -8.542 -8.042 -7.45 -9.761
0.020888 -10.228 -10.3 -10.329 -10.305 -10.139 -9.9 -10.227 -10.285 -10.136 -9.891 -9.599 -9.235 -10.291 -10.065 -9.736 -9.459 -9.181 -10.05 -9.752 -9.477 -9.276 -9.203 -9.762 -9.938 -9.621 -8.594 -8.095 -7.503 -9.807
0.02152 -10.254 -10.33 -10.361 -10.345 -10.183 -9.946 -10.262 -10.326 -10.179 -9.937 -9.647 -9.284 -10.332 -10.11 -9.783 -9.508 -9.231 -10.095 -9.799 -9.526 -9.325 -9.252 -9.808 -9.983 -9.669 -8.645 -8.147 -7.556 -9.853
0.022171 -10.279 -10.359 -10.394 -10.385 -10.226 -9.992 -10.296 -10.366 -10.223 -9.983 -9.695 -9.334 -10.372 -10.154 -9.83 -9.556 -9.281 -10.14 -9.846 -9.574 -9.374 -9.3 -9.855 -10.029 -9.716 -8.697 -8.2 -7.609 -9.899
0.022841 -10.304 -10.387 -10.426 -10.425 -10.269 -10.038 -10.331 -10.406 -10.266 -10.029 -9.743 -9.384 -10.412 -10.198 -9.878 -9.605 -9.331 -10.184 -9.893 -9.622 -9.423 -9.348 -9.901 -10.074 -9.764 -8.748 -8.252 -7.662 -9.945
0.023532 -10.328 -10.416 -10.458 -10.464 -10.312 -10.084 -10.365 -10.446 -10.309 -10.075 -9.79 -9.433 -10.452 -10.242 -9.925 -9.654 -9.38 -10.228 -9.94 -9.671 -9.472 -9.397 -9.948 -10.12 -9.812 -8.8 -8.304 -7.715 -9.991
0.024244 -10.352 -10.444 -10.49 -10.503 -10.355 -10.129 -10.399 -10.486 -10.352 -10.121 -9.838 -9.483 -10.491 -10.286 -9.972 -9.702 -9.43 -10.272 -9.987 -9.719 -9.521 -9.445 -9.994 -10.165 -9.859 -8.851 -8.356 -7.768 -10.037
0.024977 -10.376 -10.472 -10.521 -10.542 -10.398 -10.175 -10.433 -10.525 -10.394 -10.166 -9.886 -9.532 -10.531 -10.33 -10.018 -9.751 -9.48 -10.316 -10.034 -9.767 -9.57 -9.493 -10.04 -10.21 -9.907 -8.902 -8.408 -7.821 -10.082
0.025733 -10.399 -10.499 -10.552 -10.58 -10.44 -10.22 -10.466 -10.565 -10.437 -10.212 -9.933 -9.581 -10.57 -10.373 -10.065 -9.799 -9.529 -10.36 -10.08 -9.815 -9.618 -9.542 -10.086 -10.254 -9.954 -8.953 -8.46 -7.874 -10.128
0.026511 -10.422 -10.526 -10.583 -10.619 -10.483 -10.266 -10.499 -10.604 -10.479 -10.257 -9.98 -9.63 -10.609 -10.417 -10.112 -9.847 -9.579 -10.403 -10.126 -9.863 -9.667 -9.59 -10.132 -10.299 -10.001 -9.004 -8.513 -7.927 -10.173
0.027313 -10.444 -10.552 -10.613 -10.657 -10.525 -10.311 -10.532 -10.643 -10.522 -10.302 -10.028 -9.679 -10.648 -10.46 -10.158 -9.895 -9.628 -10.447 -10.173 -9.911 -9.716 -9.638 -10.178 -10.344 -10.049 -9.056 -8.565 -7.98 -10.218
0.028139 -10.466 -10.579 -10.643 -10.695 -10.567 -10.356 -10.565 -10.681 -10.564 -10.347 -10.075 -9.728 -10.686 -10.503 -10.205 -9.943 -9.677 -10.49 -10.219 -9.959 -9.764 -9.686 -10.224 -10.388 -10.096 -9.107 -8.616 -8.032 -10.263
0.02899 -10.488 -10.604 -10.673 -10.733 -10.609 -10.401 -10.598 -10.72 -10.605 -10.392 -10.122 -9.777 -10.725 -10.546 -10.251 -9.991 -9.726 -10.533 -10.265 -10.006 -9.813 -9.734 -10.269 -10.432 -10.143 -9.158 -8.668 -8.085 -10.308
0.029867 -10.509 -10.63 -10.702 -10.77 -10.65 -10.446 -10.63 -10.758 -10.647 -10.437 -10.169 -9.826 -10.763 -10.588 -10.297 -10.039 -9.775 -10.576 -10.311 -10.054 -9.861 -9.782 -10.314 -10.476 -10.189 -9.208 -8.72 -8.138 -10.353
0.03077 -10.53 -10.655 -10.731 -10.807 -10.692 -10.49 -10.662 -10.796 -10.689 -10.482 -10.216 -9.875 -10.801 -10.631 -10.343 -10.087 -9.824 -10.619 -10.357 -10.102 -9.909 -9.83 -10.36 -10.52 -10.236 -9.259 -8.772 -8.19 -10.397
0.031701 -10.551 -10.68 -10.76 -10.844 -10.733 -10.535 -10.694 -10.834 -10.73 -10.526 -10.262 -9.924 -10.838 -10.673 -10.389 -10.135 -9.873 -10.662 -10.402 -10.149 -9.957 -9.878 -10.405 -10.564 -10.283 -9.31 -8.824 -8.243 -10.442
0.032659 -10.571 -10.704 -10.789 -10.881 -10.774 -10.579 -10.726 -10.871 -10.771 -10.571 -10.309 -9.972 -10.876 -10.716 -10.435 -10.182 -9.922 -10.704 -10.448 -10.196 -10.006 -9.926 -10.45 -10.608 -10.329 -9.361 -8.876 -8.296 -10.486
0.033647 -10.591 -10.728 -10.817 -10.918 -10.815 -10.623 -10.757 -10.909 -10.812 -10.615 -10.356 -10.021 -10.913 -10.758 -10.48 -10.23 -9.971 -10.747 -10.493 -10.244 -10.054 -9.973 -10.495 -10.651 -10.375 -9.411 -8.927 -8.348 -10.53
0.034665 -10.61 -10.751 -10.845 -10.954 -10.856 -10.667 -10.788 -10.946 -10.853 -10.659 -10.402 -10.069 -10.95 -10.799 -10.526 -10.277 -10.02 -10.789 -10.539 -10.291 -10.102 -10.021 -10.54 -10.695 -10.422 -9.462 -8.979 -8.401 -10.574
0.035713 -10.629 -10.775 -10.872 -10.99 -10.896 -10.711 -10.819 -10.982 -10.893 -10.703 -10.448 -10.117 -10.986 -10.841 -10.571 -10.324 -10.068 -10.831 -10.584 -10.338 -10.15 -10.069 -10.584 -10.738 -10.468 -9.513 -9.03 -8.453 -10.618
0.036793 -10.647 -10.797 -10.899 -11.026 -10.937 -10.755 -10.85 -11.019 -10.934 -10.747 -10.494 -10.166 -11.023 -10.883 -10.616 -10.372 -10.117 -10.873 -10.629 -10.385 -10.197 -10.116 -10.629 -10.781 -10.514 -9.563 -9.082 -8.505 -10.662
0.037906 -10.665 -10.82 -10.926 -11.061 -10.977 -10.798 -10.881 -11.055 -10.974 -10.791 -10.541 -10.214 -11.059 -10.924 -10.662 -10.419 -10.165 -10.915 -10.674 -10.431 -10.245 -10.164 -10.673 -10.824 -10.56 -9.613 -9.133 -8.558 -10.706
0.039052 -10.683 -10.841 -10.953 -11.097 -11.017 -10.842 -10.911 -11.092 -11.014 -10.834 -10.586 -10.262 -11.095 -10.965 -10.707 -10.466 -10.214 -10.956 -10.719 -10.478 -10.293 -10.211 -10.717 -10.867 -10.606 -9.664 -9.185 -8.61 -10.749
0.040234 -10.7 -10.863 -10.979 -11.132 -11.057 -10.885 -10.941 -11.127 -11.054 -10.877 -10.632 -10.31 -11.131 -11.006 -10.751 -10.512 -10.262 -10.997 -10.763 -10.525 -10.34 -10.259 -10.761 -10.909 -10.651 -9.714 -9.236 -8.662 -10.793
0.04145 -10.717 -10.884 -11.004 -11.167 -11.096 -10.928 -10.971 -11.163 -11.093 -10.921 -10.678 -10.358 -11.166 -11.047 -10.796 -10.559 -10.31 -11.039 -10.808 -10.571 -10.388 -10.306 -10.805 -10.952 -10.697 -9.764 -9.288 -8.715 -10.836
0.042704 -10.733 -10.905 -11.03 -11.201 -11.136 -10.971 -11.0 -11.198 -11.133 -10.964 -10.724 -10.405 -11.202 -11.088 -10.841 -10.606 -10.358 -11.08 -10.852 -10.618 -10.435 -10.353 -10.849 -10.994 -10.742 -9.814 -9.339 -8.767 -10.879
0.043996 -10.749 -10.925 -11.055 -11.235 -11.175 -11.014 -11.029 -11.234 -11.172 -11.007 -10.769 -10.453 -11.237 -11.128 -10.885 -10.652 -10.406 -11.121 -10.897 -10.664 -10.483 -10.401 -10.893 -11.036 -10.788 -9.865 -9.39 -8.819 -10.922
0.045326 -10.765 -10.945 -11.08 -11.269 -11.214 -11.057 -11.059 -11.268 -11.211 -11.049 -10.814 -10.501 -11.271 -11.168 -10.93 -10.699 -10.454 -11.161 -10.941 -10.71 -10.53 -10.448 -10.936 -11.078 -10.833 -9.915 -9.441 -8.871 -10.965
0.046697 -10.78 -10.964 -11.104 -11.303 -11.253 -11.1 -11.087 -11.303 -11.25 -11.092 -10.86 -10.548 -11.306 -11.209 -10.974 -10.745 -10.502 -11.202 -10.985 -10.757 -10.577 -10.495 -10.98 -11.12 -10.878 -9.965 -9.492 -8.923 -11.007
0.048109 -10.794 -10.983 -11.128 -11.337 -11.291 -11.142 -11.116 -11.337 -11.288 -11.134 -10.905 -10.596 -11.34 -11.248 -11.018 -10.791 -10.55 -11.242 -11.029 -10.803 -10.624 -10.542 -11.023 -11.162 -10.923 -10.015 -9.544 -8.975 -11.05
0.049564 -10.808 -11.002 -11.152 -11.37 -11.329 -11.184 -11.144 -11.371 -11.327 -11.177 -10.95 -10.643 -11.374 -11.288 -11.062 -10.837 -10.597 -11.282 -11.073 -10.849 -10.671 -10.589 -11.066 -11.203 -10.968 -10.064 -9.595 -9.027 -11.092
0.051063 -10.822 -11.02 -11.175 -11.403 -11.368 -11.226 -11.172 -11.405 -11.365 -11.219 -10.995 -10.69 -11.408 -11.328 -11.106 -10.883 -10.645 -11.322 -11.116 -10.894 -10.718 -10.636 -11.109 -11.244 -11.012 -10.114 -9.646 -9.079 -11.134
0.052608 -10.835 -11.037 -11.198 -11.435 -11.406 -11.268 -11.2 -11.439 -11.403 -11.261 -11.039 -10.737 -11.441 -11.367 -11.149 -10.929 -10.692 -11.362 -11.16 -10.94 -10.765 -10.683 -11.152 -11.285 -11.057 -10.164 -9.697 -9.131 -11.176
0.054199 -10.848 -11.054 -11.22 -11.468 -11.443 -11.31 -11.228 -11.472 -11.44 -11.303 -11.084 -10.784 -11.474 -11.406 -11.193 -10.975 -10.74 -11.401 -11.203 -10.986 -10.812 -10.729 -11.195 -11.326 -11.101 -10.214 -9.747 -9.183 -11.218
0.055838 -10.86 -11.071 -11.242 -11.5 -11.481 -11.351 -11.255 -11.505 -11.478 -11.344 -11.128 -10.831 -11.507 -11.445 -11.236 -11.021 -10.787 -11.441 -11.247 -11.031 -10.858 -10.776 -11.237 -11.367 -11.145 -10.263 -9.798 -9.235 -11.26
0.057527 -10.872 -11.087 -11.264 -11.531 -11.518 -11.393 -11.282 -11.538 -11.515 -11.386 -11.173 -10.878 -11.539 -11.484 -11.279 -11.066 -10.834 -11.48 -11.29 -11.076 -10.905 -10.823 -11.28 -11.408 -11.19 -10.313 -9.849 -9.287 -11.302
0.059267 -10.883 -11.103 -11.285 -11.563 -11.555 -11.434 -11.309 -11.57 -11.552 -11.427 -11.217 -10.925 -11.572 -11.522 -11.323 -11.112 -10.881 -11.519 -11.333 -11.122 -10.951 -10.869 -11.322 -11.448 -11.234 -10.362 -9.9 -9.339 -11.343
0.061059 -10.894 -11.118 -11.306 -11.594 -11.592 -11.475 -11.336 -11.602 -11.589 -11.468 -11.261 -10.971 -11.604 -11.561 -11.365 -11.157 -10.928 -11.558 -11.375 -11.167 -10.998 -10.916 -11.364 -11.488 -11.278 -10.412 -9.95 -9.39 -11.384
0.062906 -10.905 -11.133 -11.327 -11.625 -11.628 -11.516 -11.362 -11.634 -11.626 -11.509 -11.305 -11.018 -11.635 -11.599 -11.408 -11.202 -10.975 -11.596 -11.418 -11.212 -11.044 -10.962 -11.406 -11.528 -11.321 -10.461 -10.001 -9.442 -11.426
0.064808 -10.915 -11.147 -11.347 -11.655 -11.665 -11.557 -11.388 -11.666 -11.662 -11.55 -11.349 -11.064 -11.667 -11.636 -11.451 -11.247 -11.022 -11.635 -11.461 -11.257 -11.09 -11.009 -11.448 -11.568 -11.365 -10.51 -10.052 -9.494 -11.467
0.066769 -10.924 -11.161 -11.367 -11.686 -11.701 -11.597 -11.414 -11.697 -11.698 -11.59 -11.392 -11.111 -11.698 -11.674 -11.493 -11.292 -11.069 -11.673 -11.503 -11.302 -11.136 -11.055 -11.489 -11.608 -11.408 -10.559 -10.102 -9.545 -11.507
0.068788 -10.933 -11.174 -11.386 -11.716 -11.737 -11.637 -11.44 -11.728 -11.734 -11.631 -11.436 -11.157 -11.729 -11.712 -11.536 -11.337 -11.115 -11.711 -11.545 -11.346 -11.182 -11.101 -11.531 -11.647 -11.452 -10.608 -10.153 -9.597 -11.548
0.070868 -10.941 -11.187 -11.405 -11.745 -11.772 -11.678 -11.465 -11.759 -11.77 -11.671 -11.479 -11.203 -11.759 -11.749 -11.578 -11.382 -11.162 -11.749 -11.587 -11.391 -11.228 -11.147 -11.572 -11.687 -11.495 -10.657 -10.203 -9.648 -11.588
0.073012 -10.949 -11.199 -11.424 -11.775 -11.808 -11.718 -11.491 -11.789 -11.805 -11.711 -11.522 -11.249 -11.789 -11.786 -11.62 -11.426 -11.208 -11.786 -11.629 -11.435 -11.274 -11.193 -11.613 -11.726 -11.538 -10.706 -10.253 -9.7 -11.629
0.07522 -10.957 -11.211 -11.442 -11.804 -11.843 -11.757 -11.515 -11.819 -11.841 -11.751 -11.566 -11.295 -11.819 -11.823 -11.662 -11.471 -11.254 -11.824 -11.671 -11.48 -11.319 -11.239 -11.654 -11.765 -11.581 -10.755 -10.304 -9.751 -11.669
0.077495 -10.963 -11.222 -11.459 -11.832 -11.878 -11.797 -11.54 -11.849 -11.875 -11.791 -11.608 -11.341 -11.849 -11.859 -11.703 -11.515 -11.301 -11.861 -11.712 -11.524 -11.365 -11.285 -11.695 -11.803 -11.623 -10.804 -10.354 -9.803 -11.709
0.079839 -10.97 -11.233 -11.477 -11.861 -11.912 -11.836 -11.564 -11.878 -11.91 -11.83 -11.651 -11.386 -11.878 -11.895 -11.745 -11.559 -11.347 -11.898 -11.754 -11.568 -11.41 -11.331 -11.735 -11.842 -11.666 -10.853 -10.404 -9.854 -11.749
