web/models/kne.last_good/kappa_1_10/3/villar_0.1173_0.3590_10.0000.dat
# %ECSV 1.0
# ---
# datatype:
# - {name: time, datatype: float64}
# - {name: swift_uvot_uvw2, datatype: float64}
# - {name: swift_uvot_uvm2, datatype: float64}
# - {name: swift_uvot_uvw1, datatype: float64}
# - {name: swift_uvot_U, datatype: float64}
# - {name: swift_uvot_B, datatype: float64}
# - {name: swift_uvot_V, datatype: float64}
# - {name: swift_uvot_W, datatype: float64}
# - {name: johnson_U, datatype: float64}
# - {name: johnson_B, datatype: float64}
# - {name: johnson_V, datatype: float64}
# - {name: johnson_R, datatype: float64}
# - {name: johnson_I, datatype: float64}
# - {name: sdss_u, datatype: float64}
# - {name: sdss_g, datatype: float64}
# - {name: sdss_r, datatype: float64}
# - {name: sdss_i, datatype: float64}
# - {name: sdss_z, datatype: float64}
# - {name: PS1_g, datatype: float64}
# - {name: PS1_r, datatype: float64}
# - {name: PS1_i, datatype: float64}
# - {name: PS1_z, datatype: float64}
# - {name: PS1_Y, datatype: float64}
# - {name: PS1_w, datatype: float64}
# - {name: ATLAS_c, datatype: float64}
# - {name: ATLAS_o, datatype: float64}
# - {name: ukirt_J, datatype: float64}
# - {name: ukirt_H, datatype: float64}
# - {name: ukirt_K, datatype: float64}
# - {name: Clear, datatype: float64}
# meta: !!omap
# - comment: [kappa = 10.0, type = villar, mass = 0.11727632184323686, velocity = 0.359, theta_obs = 0.0]
# schema: astropy-2.0
time swift_uvot_uvw2 swift_uvot_uvm2 swift_uvot_uvw1 swift_uvot_U swift_uvot_B swift_uvot_V swift_uvot_W johnson_U johnson_B johnson_V johnson_R johnson_I sdss_u sdss_g sdss_r sdss_i sdss_z PS1_g PS1_r PS1_i PS1_z PS1_Y PS1_w ATLAS_c ATLAS_o ukirt_J ukirt_H ukirt_K Clear
[from data line 146]
0.077495 -11.662 -11.96 -12.259 -12.736 -12.842 -12.806 -12.411 -12.763 -12.84 -12.8 -12.65 -12.409 -12.761 -12.839 -12.732 -12.569 -12.373 -12.846 -12.741 -12.577 -12.432 -12.357 -12.716 -12.804 -12.663 -11.902 -11.466 -10.926 -12.722
0.079839 -11.664 -11.966 -12.273 -12.761 -12.874 -12.843 -12.434 -12.79 -12.872 -12.838 -12.691 -12.454 -12.787 -12.873 -12.772 -12.612 -12.418 -12.881 -12.781 -12.62 -12.477 -12.402 -12.755 -12.841 -12.704 -11.95 -11.516 -10.977 -12.76
0.082253 -11.665 -11.971 -12.286 -12.786 -12.906 -12.881 -12.456 -12.816 -12.904 -12.876 -12.733 -12.498 -12.813 -12.907 -12.812 -12.655 -12.463 -12.916 -12.82 -12.663 -12.521 -12.447 -12.794 -12.877 -12.745 -11.999 -11.565 -11.028 -12.798
0.084741 -11.666 -11.976 -12.298 -12.811 -12.938 -12.918 -12.477 -12.842 -12.936 -12.913 -12.774 -12.543 -12.838 -12.941 -12.852 -12.698 -12.508 -12.95 -12.86 -12.706 -12.565 -12.492 -12.832 -12.914 -12.786 -12.046 -11.615 -11.079 -12.836
0.087304 -11.666 -11.98 -12.31 -12.835 -12.969 -12.955 -12.499 -12.867 -12.968 -12.95 -12.815 -12.587 -12.864 -12.974 -12.891 -12.74 -12.553 -12.984 -12.899 -12.748 -12.61 -12.536 -12.871 -12.95 -12.827 -12.094 -11.665 -11.13 -12.874
0.089944 -11.666 -11.984 -12.322 -12.859 -13.0 -12.992 -12.52 -12.892 -12.999 -12.987 -12.856 -12.631 -12.888 -13.007 -12.93 -12.783 -12.597 -13.018 -12.939 -12.79 -12.654 -12.581 -12.909 -12.985 -12.867 -12.142 -11.714 -11.181 -12.911
0.092665 -11.665 -11.987 -12.333 -12.882 -13.031 -13.028 -12.541 -12.917 -13.03 -13.023 -12.896 -12.675 -12.913 -13.04 -12.969 -12.825 -12.642 -13.052 -12.977 -12.833 -12.698 -12.626 -12.947 -13.021 -12.908 -12.19 -11.763 -11.232 -12.949
0.095467 -11.664 -11.989 -12.343 -12.905 -13.062 -13.064 -12.561 -12.941 -13.06 -13.06 -12.937 -12.719 -12.937 -13.073 -13.008 -12.867 -12.686 -13.085 -13.016 -12.875 -12.741 -12.67 -12.985 -13.056 -12.948 -12.237 -11.813 -11.282 -12.986
0.098355 -11.662 -11.991 -12.353 -12.928 -13.092 -13.1 -12.582 -12.965 -13.091 -13.096 -12.977 -12.763 -12.96 -13.105 -13.047 -12.909 -12.73 -13.118 -13.055 -12.916 -12.785 -12.715 -13.023 -13.091 -12.988 -12.285 -11.862 -11.333 -13.023
0.101329 -11.659 -11.992 -12.362 -12.95 -13.122 -13.136 -12.602 -12.989 -13.121 -13.132 -13.017 -12.807 -12.984 -13.137 -13.085 -12.95 -12.775 -13.151 -13.093 -12.958 -12.829 -12.759 -13.061 -13.126 -13.028 -12.332 -11.911 -11.384 -13.059
0.104394 -11.656 -11.992 -12.371 -12.972 -13.151 -13.172 -12.622 -13.012 -13.15 -13.167 -13.057 -12.85 -13.006 -13.169 -13.124 -12.992 -12.818 -13.184 -13.131 -13.0 -12.872 -12.803 -13.098 -13.161 -13.067 -12.38 -11.96 -11.434 -13.096
0.107551 -11.652 -11.992 -12.38 -12.993 -13.181 -13.207 -12.641 -13.035 -13.18 -13.203 -13.097 -12.893 -13.029 -13.2 -13.161 -13.033 -12.862 -13.216 -13.169 -13.041 -12.915 -12.847 -13.135 -13.195 -13.107 -12.427 -12.009 -11.485 -13.132
0.110804 -11.647 -11.991 -12.388 -13.014 -13.21 -13.242 -12.66 -13.057 -13.209 -13.238 -13.136 -12.936 -13.051 -13.231 -13.199 -13.075 -12.906 -13.248 -13.207 -13.082 -12.958 -12.891 -13.172 -13.229 -13.146 -12.474 -12.058 -11.535 -13.168
0.114155 -11.642 -11.99 -12.395 -13.034 -13.238 -13.277 -12.679 -13.079 -13.237 -13.273 -13.175 -12.979 -13.072 -13.262 -13.237 -13.116 -12.949 -13.28 -13.245 -13.123 -13.001 -12.935 -13.209 -13.263 -13.185 -12.521 -12.107 -11.586 -13.204
0.117608 -11.637 -11.987 -12.402 -13.054 -13.267 -13.311 -12.698 -13.1 -13.266 -13.308 -13.214 -13.022 -13.094 -13.293 -13.274 -13.156 -12.993 -13.311 -13.282 -13.164 -13.044 -12.979 -13.245 -13.296 -13.224 -12.568 -12.156 -11.636 -13.239
0.121165 -11.63 -11.985 -12.408 -13.074 -13.295 -13.345 -12.716 -13.121 -13.294 -13.342 -13.253 -13.065 -13.114 -13.323 -13.311 -13.197 -13.036 -13.342 -13.319 -13.205 -13.087 -13.022 -13.281 -13.329 -13.262 -12.615 -12.205 -11.686 -13.275
0.124829 -11.624 -11.981 -12.414 -13.093 -13.322 -13.379 -12.734 -13.142 -13.321 -13.376 -13.292 -13.108 -13.135 -13.353 -13.348 -13.238 -13.079 -13.373 -13.356 -13.245 -13.129 -13.066 -13.317 -13.362 -13.301 -12.662 -12.254 -11.737 -13.31
0.128605 -11.616 -11.977 -12.419 -13.112 -13.349 -13.413 -12.752 -13.162 -13.349 -13.41 -13.33 -13.15 -13.154 -13.382 -13.385 -13.278 -13.122 -13.403 -13.392 -13.285 -13.172 -13.109 -13.353 -13.395 -13.339 -12.708 -12.302 -11.787 -13.344
0.132494 -11.608 -11.972 -12.424 -13.13 -13.376 -13.447 -12.77 -13.182 -13.376 -13.443 -13.369 -13.192 -13.174 -13.412 -13.421 -13.318 -13.165 -13.434 -13.429 -13.326 -13.214 -13.152 -13.389 -13.427 -13.377 -12.755 -12.351 -11.837 -13.379
0.136502 -11.6 -11.966 -12.428 -13.148 -13.403 -13.48 -12.787 -13.201 -13.402 -13.477 -13.407 -13.234 -13.193 -13.441 -13.457 -13.358 -13.208 -13.463 -13.465 -13.365 -13.256 -13.195 -13.424 -13.46 -13.415 -12.801 -12.399 -11.887 -13.414
0.14063 -11.59 -11.96 -12.431 -13.165 -13.429 -13.512 -12.804 -13.22 -13.429 -13.51 -13.445 -13.276 -13.211 -13.469 -13.493 -13.398 -13.25 -13.493 -13.501 -13.405 -13.298 -13.238 -13.459 -13.491 -13.452 -12.848 -12.448 -11.937 -13.448
0.144883 -11.58 -11.953 -12.434 -13.182 -13.455 -13.545 -12.82 -13.239 -13.454 -13.542 -13.482 -13.318 -13.229 -13.497 -13.529 -13.437 -13.292 -13.522 -13.537 -13.445 -13.34 -13.281 -13.494 -13.523 -13.49 -12.894 -12.496 -11.987 -13.482
0.149265 -11.57 -11.945 -12.436 -13.198 -13.48 -13.577 -12.836 -13.256 -13.48 -13.575 -13.52 -13.36 -13.247 -13.525 -13.564 -13.477 -13.334 -13.551 -13.572 -13.484 -13.381 -13.324 -13.528 -13.554 -13.527 -12.94 -12.544 -12.037 -13.515
0.15378 -11.559 -11.936 -12.438 -13.214 -13.505 -13.609 -12.852 -13.274 -13.505 -13.607 -13.557 -13.401 -13.264 -13.553 -13.599 -13.516 -13.376 -13.58 -13.607 -13.523 -13.422 -13.366 -13.563 -13.585 -13.564 -12.986 -12.592 -12.087 -13.549
0.15843 -11.547 -11.927 -12.439 -13.229 -13.53 -13.641 -12.868 -13.291 -13.53 -13.639 -13.594 -13.442 -13.28 -13.58 -13.634 -13.555 -13.418 -13.608 -13.642 -13.562 -13.464 -13.409 -13.597 -13.616 -13.6 -13.032 -12.64 -12.137 -13.582
0.163222 -11.535 -11.917 -12.439 -13.244 -13.554 -13.672 -12.884 -13.307 -13.554 -13.67 -13.631 -13.483 -13.296 -13.607 -13.669 -13.593 -13.46 -13.636 -13.677 -13.601 -13.505 -13.451 -13.63 -13.646 -13.637 -13.078 -12.688 -12.187 -13.615
0.168159 -11.522 -11.906 -12.439 -13.258 -13.578 -13.703 -12.899 -13.323 -13.578 -13.702 -13.667 -13.524 -13.312 -13.633 -13.703 -13.632 -13.501 -13.663 -13.711 -13.639 -13.546 -13.493 -13.664 -13.676 -13.673 -13.123 -12.736 -12.236 -13.648
0.173245 -11.508 -11.894 -12.439 -13.272 -13.601 -13.734 -12.913 -13.339 -13.602 -13.733 -13.703 -13.565 -13.327 -13.659 -13.737 -13.67 -13.543 -13.69 -13.745 -13.678 -13.586 -13.535 -13.697 -13.706 -13.709 -13.169 -12.784 -12.286 -13.68
0.178484 -11.494 -11.882 -12.437 -13.285 -13.624 -13.764 -12.928 -13.354 -13.625 -13.763 -13.739 -13.605 -13.341 -13.685 -13.771 -13.708 -13.584 -13.717 -13.779 -13.716 -13.627 -13.577 -13.73 -13.735 -13.744 -13.214 -12.832 -12.335 -13.712
0.183882 -11.479 -11.868 -12.435 -13.298 -13.647 -13.795 -12.942 -13.368 -13.647 -13.793 -13.775 -13.646 -13.355 -13.71 -13.805 -13.746 -13.625 -13.744 -13.813 -13.754 -13.667 -13.618 -13.763 -13.764 -13.78 -13.26 -12.879 -12.385 -13.744
0.189444 -11.463 -11.854 -12.432 -13.31 -13.669 -13.824 -12.956 -13.382 -13.67 -13.823 -13.811 -13.686 -13.369 -13.735 -13.838 -13.784 -13.666 -13.77 -13.846 -13.791 -13.707 -13.66 -13.796 -13.793 -13.815 -13.305 -12.927 -12.434 -13.776
0.195173 -11.447 -11.839 -12.429 -13.322 -13.69 -13.854 -12.969 -13.395 -13.691 -13.853 -13.846 -13.726 -13.382 -13.76 -13.871 -13.821 -13.706 -13.795 -13.879 -13.829 -13.747 -13.701 -13.828 -13.821 -13.85 -13.35 -12.974 -12.484 -13.807
0.201076 -11.43 -11.824 -12.425 -13.333 -13.712 -13.883 -12.982 -13.408 -13.713 -13.882 -13.881 -13.766 -13.394 -13.784 -13.904 -13.858 -13.747 -13.821 -13.911 -13.866 -13.787 -13.742 -13.86 -13.849 -13.884 -13.395 -13.022 -12.533 -13.838
0.207158 -11.413 -11.807 -12.421 -13.343 -13.733 -13.911 -12.995 -13.421 -13.734 -13.911 -13.915 -13.805 -13.406 -13.808 -13.936 -13.895 -13.787 -13.846 -13.944 -13.903 -13.827 -13.783 -13.891 -13.877 -13.919 -13.44 -13.069 -12.582 -13.869
0.213423 -11.395 -11.789 -12.415 -13.353 -13.753 -13.94 -13.007 -13.432 -13.754 -13.94 -13.95 -13.845 -13.417 -13.831 -13.968 -13.932 -13.827 -13.87 -13.976 -13.94 -13.866 -13.824 -13.923 -13.904 -13.953 -13.484 -13.116 -12.631 -13.899
0.219878 -11.376 -11.771 -12.409 -13.363 -13.773 -13.968 -13.019 -13.444 -13.775 -13.968 -13.984 -13.884 -13.428 -13.854 -14.0 -13.968 -13.867 -13.894 -14.008 -13.976 -13.905 -13.865 -13.954 -13.931 -13.987 -13.529 -13.163 -12.68 -13.93
0.226528 -11.357 -11.752 -12.403 -13.371 -13.792 -13.996 -13.031 -13.454 -13.794 -13.996 -14.018 -13.923 -13.438 -13.876 -14.031 -14.004 -13.906 -13.918 -14.039 -14.013 -13.944 -13.905 -13.984 -13.958 -14.02 -13.573 -13.21 -12.729 -13.96
0.233379 -11.337 -11.732 -12.395 -13.379 -13.811 -14.023 -13.042 -13.464 -13.813 -14.023 -14.052 -13.961 -13.447 -13.899 -14.062 -14.04 -13.946 -13.941 -14.071 -14.049 -13.983 -13.946 -14.015 -13.984 -14.054 -13.617 -13.257 -12.778 -13.989
0.240437 -11.316 -11.711 -12.387 -13.387 -13.83 -14.05 -13.053 -13.474 -13.832 -14.05 -14.085 -14.0 -13.456 -13.92 -14.093 -14.076 -13.985 -13.964 -14.101 -14.084 -14.022 -13.986 -14.045 -14.01 -14.086 -13.662 -13.304 -12.827 -14.019
0.247709 -11.295 -11.689 -12.378 -13.394 -13.848 -14.076 -13.064 -13.482 -13.85 -14.077 -14.118 -14.038 -13.464 -13.941 -14.124 -14.111 -14.024 -13.987 -14.132 -14.12 -14.06 -14.026 -14.075 -14.035 -14.119 -13.706 -13.35 -12.876 -14.048
0.255201 -11.274 -11.666 -12.369 -13.4 -13.865 -14.102 -13.074 -13.491 -13.868 -14.104 -14.151 -14.076 -13.472 -13.962 -14.154 -14.147 -14.062 -14.009 -14.162 -14.155 -14.098 -14.065 -14.104 -14.06 -14.152 -13.749 -13.397 -12.925 -14.076
0.262919 -11.251 -11.642 -12.359 -13.406 -13.882 -14.128 -13.084 -13.498 -13.885 -14.13 -14.183 -14.114 -13.479 -13.982 -14.184 -14.181 -14.101 -14.03 -14.192 -14.19 -14.136 -14.105 -14.134 -14.085 -14.184 -13.793 -13.443 -12.973 -14.105
0.270871 -11.228 -11.617 -12.348 -13.411 -13.899 -14.153 -13.094 -13.505 -13.902 -14.155 -14.216 -14.152 -13.485 -14.002 -14.213 -14.216 -14.139 -14.051 -14.222 -14.225 -14.174 -14.144 -14.163 -14.109 -14.215 -13.837 -13.49 -13.022 -14.133
0.279064 -11.205 -11.591 -12.336 -13.415 -13.915 -14.178 -13.103 -13.512 -13.918 -14.18 -14.247 -14.189 -13.491 -14.021 -14.242 -14.25 -14.177 -14.072 -14.251 -14.259 -14.211 -14.184 -14.191 -14.133 -14.247 -13.88 -13.536 -13.07 -14.161
0.287504 -11.181 -11.565 -12.323 -13.419 -13.93 -14.203 -13.112 -13.517 -13.934 -14.205 -14.279 -14.226 -13.496 -14.04 -14.271 -14.284 -14.215 -14.092 -14.28 -14.293 -14.249 -14.223 -14.219 -14.157 -14.278 -13.923 -13.582 -13.118 -14.188
0.296199 -11.156 -11.537 -12.31 -13.422 -13.945 -14.227 -13.12 -13.523 -13.949 -14.229 -14.31 -14.263 -13.501 -14.059 -14.299 -14.318 -14.253 -14.112 -14.308 -14.327 -14.286 -14.261 -14.247 -14.18 -14.309 -13.966 -13.628 -13.167 -14.216
0.305157 -11.131 -11.508 -12.296 -13.424 -13.96 -14.251 -13.128 -13.527 -13.963 -14.253 -14.341 -14.3 -13.504 -14.077 -14.327 -14.352 -14.29 -14.132 -14.336 -14.361 -14.322 -14.3 -14.275 -14.202 -14.339 -14.009 -13.674 -13.215 -14.242
0.314387 -11.105 -11.478 -12.281 -13.425 -13.973 -14.274 -13.136 -13.531 -13.977 -14.277 -14.372 -14.336 -13.507 -14.094 -14.355 -14.385 -14.327 -14.15 -14.364 -14.394 -14.359 -14.338 -14.302 -14.224 -14.369 -14.052 -13.719 -13.263 -14.269
0.323895 -11.079 -11.448 -12.266 -13.426 -13.987 -14.297 -13.143 -13.534 -13.991 -14.3 -14.402 -14.372 -13.51 -14.111 -14.382 -14.418 -14.364 -14.169 -14.391 -14.427 -14.395 -14.376 -14.329 -14.246 -14.399 -14.095 -13.765 -13.311 -14.295
0.333691 -11.052 -11.416 -12.249 -13.426 -13.999 -14.319 -13.15 -13.536 -14.004 -14.323 -14.432 -14.408 -13.511 -14.127 -14.409 -14.45 -14.401 -14.187 -14.418 -14.46 -14.431 -14.414 -14.355 -14.268 -14.429 -14.137 -13.81 -13.359 -14.321
0.343783 -11.025 -11.383 -12.232 -13.426 -14.011 -14.341 -13.156 -13.538 -14.016 -14.345 -14.461 -14.444 -13.512 -14.143 -14.436 -14.482 -14.437 -14.204 -14.445 -14.492 -14.467 -14.452 -14.381 -14.288 -14.458 -14.179 -13.856 -13.407 -14.346
0.354181 -10.997 -11.349 -12.214 -13.424 -14.023 -14.362 -13.162 -13.539 -14.028 -14.366 -14.491 -14.479 -13.513 -14.158 -14.462 -14.514 -14.473 -14.221 -14.471 -14.524 -14.502 -14.49 -14.407 -14.309 -14.487 -14.221 -13.901 -13.454 -14.371
0.364893 -10.969 -11.314 -12.195 -13.422 -14.034 -14.383 -13.168 -13.539 -14.039 -14.388 -14.52 -14.514 -13.512 -14.173 -14.487 -14.546 -14.509 -14.237 -14.497 -14.556 -14.537 -14.527 -14.432 -14.329 -14.515 -14.263 -13.946 -13.502 -14.396
0.375929 -10.94 -11.277 -12.176 -13.419 -14.044 -14.403 -13.173 -13.538 -14.05 -14.408 -14.548 -14.549 -13.511 -14.187 -14.513 -14.577 -14.545 -14.253 -14.522 -14.587 -14.572 -14.564 -14.457 -14.348 -14.543 -14.305 -13.991 -13.55 -14.421
0.387298 -10.911 -11.24 -12.155 -13.416 -14.054 -14.423 -13.178 -13.537 -14.06 -14.429 -14.576 -14.583 -13.509 -14.201 -14.537 -14.608 -14.58 -14.268 -14.547 -14.618 -14.607 -14.6 -14.482 -14.367 -14.571 -14.346 -14.036 -13.597 -14.445
0.399012 -10.882 -11.201 -12.134 -13.411 -14.063 -14.443 -13.182 -13.535 -14.069 -14.449 -14.604 -14.618 -13.506 -14.214 -14.562 -14.639 -14.615 -14.283 -14.572 -14.649 -14.641 -14.637 -14.506 -14.386 -14.598 -14.388 -14.08 -13.644 -14.468
0.41108 -10.852 -11.162 -12.112 -13.406 -14.071 -14.462 -13.186 -13.532 -14.078 -14.468 -14.631 -14.652 -13.502 -14.226 -14.586 -14.669 -14.65 -14.297 -14.596 -14.679 -14.675 -14.673 -14.53 -14.404 -14.625 -14.429 -14.125 -13.691 -14.492
0.423513 -10.822 -11.121 -12.089 -13.4 -14.079 -14.48 -13.189 -13.529 -14.086 -14.487 -14.658 -14.685 -13.498 -14.238 -14.609 -14.699 -14.684 -14.311 -14.62 -14.709 -14.709 -14.709 -14.553 -14.421 -14.651 -14.47 -14.169 -13.739 -14.515
0.436321 -10.791 -11.079 -12.065 -13.393 -14.086 -14.498 -13.192 -13.524 -14.093 -14.505 -14.685 -14.719 -13.492 -14.249 -14.632 -14.728 -14.719 -14.324 -14.643 -14.739 -14.742 -14.745 -14.576 -14.438 -14.677 -14.51 -14.214 -13.786 -14.537
0.449518 -10.761 -11.035 -12.04 -13.385 -14.093 -14.515 -13.194 -13.519 -14.1 -14.523 -14.711 -14.752 -13.486 -14.26 -14.655 -14.757 -14.752 -14.336 -14.666 -14.768 -14.775 -14.78 -14.599 -14.454 -14.703 -14.551 -14.258 -13.832 -14.559
0.463113 -10.73 -10.991 -12.014 -13.377 -14.098 -14.532 -13.196 -13.513 -14.106 -14.54 -14.737 -14.784 -13.479 -14.27 -14.677 -14.786 -14.786 -14.348 -14.688 -14.797 -14.808 -14.816 -14.621 -14.47 -14.728 -14.591 -14.302 -13.879 -14.581
0.47712 -10.699 -10.945 -11.987 -13.367 -14.103 -14.548 -13.198 -13.506 -14.111 -14.556 -14.762 -14.817 -13.471 -14.279 -14.699 -14.814 -14.819 -14.359 -14.71 -14.826 -14.841 -14.85 -14.643 -14.486 -14.753 -14.631 -14.345 -13.926 -14.602
0.49155 -10.668 -10.898 -11.959 -13.357 -14.108 -14.564 -13.198 -13.498 -14.116 -14.572 -14.787 -14.849 -13.463 -14.288 -14.72 -14.842 -14.852 -14.37 -14.731 -14.854 -14.873 -14.885 -14.664 -14.501 -14.777 -14.671 -14.389 -13.972 -14.623
0.506416 -10.637 -10.849 -11.931 -13.345 -14.111 -14.579 -13.199 -13.489 -14.12 -14.588 -14.811 -14.88 -13.453 -14.296 -14.74 -14.87 -14.885 -14.38 -14.752 -14.881 -14.905 -14.919 -14.685 -14.515 -14.801 -14.711 -14.432 -14.019 -14.644
0.521733 -10.605 -10.8 -11.901 -13.333 -14.114 -14.594 -13.199 -13.48 -14.123 -14.603 -14.835 -14.912 -13.442 -14.303 -14.761 -14.897 -14.917 -14.389 -14.772 -14.909 -14.936 -14.953 -14.705 -14.528 -14.825 -14.75 -14.476 -14.065 -14.664
0.537512 -10.574 -10.749 -11.871 -13.32 -14.116 -14.607 -13.198 -13.469 -14.126 -14.617 -14.859 -14.943 -13.431 -14.31 -14.78 -14.924 -14.949 -14.398 -14.792 -14.936 -14.967 -14.987 -14.725 -14.541 -14.848 -14.79 -14.519 -14.111 -14.683
