web/models/kne.last_good/kappa_0.5_3.0.v1/29/villar_0.0019_0.5000_3.0000.dat
# %ECSV 1.0
# ---
# datatype:
# - {name: time, datatype: float64}
# - {name: swift_uvot_uvw2, datatype: float64}
# - {name: swift_uvot_uvm2, datatype: float64}
# - {name: swift_uvot_uvw1, datatype: float64}
# - {name: swift_uvot_U, datatype: float64}
# - {name: swift_uvot_B, datatype: float64}
# - {name: swift_uvot_V, datatype: float64}
# - {name: swift_uvot_W, datatype: float64}
# - {name: johnson_U, datatype: float64}
# - {name: johnson_B, datatype: float64}
# - {name: johnson_V, datatype: float64}
# - {name: johnson_R, datatype: float64}
# - {name: johnson_I, datatype: float64}
# - {name: sdss_u, datatype: float64}
# - {name: sdss_g, datatype: float64}
# - {name: sdss_r, datatype: float64}
# - {name: sdss_i, datatype: float64}
# - {name: sdss_z, datatype: float64}
# - {name: PS1_g, datatype: float64}
# - {name: PS1_r, datatype: float64}
# - {name: PS1_i, datatype: float64}
# - {name: PS1_z, datatype: float64}
# - {name: PS1_Y, datatype: float64}
# - {name: PS1_w, datatype: float64}
# - {name: ATLAS_c, datatype: float64}
# - {name: ATLAS_o, datatype: float64}
# - {name: ukirt_J, datatype: float64}
# - {name: ukirt_H, datatype: float64}
# - {name: ukirt_K, datatype: float64}
# - {name: Clear, datatype: float64}
# meta: !!omap
# - comment: [kappa = 3.0, type = villar, mass = 0.001861645566637777, velocity = 0.5, theta_obs = 0.0]
# schema: astropy-2.0
time swift_uvot_uvw2 swift_uvot_uvm2 swift_uvot_uvw1 swift_uvot_U swift_uvot_B swift_uvot_V swift_uvot_W johnson_U johnson_B johnson_V johnson_R johnson_I sdss_u sdss_g sdss_r sdss_i sdss_z PS1_g PS1_r PS1_i PS1_z PS1_Y PS1_w ATLAS_c ATLAS_o ukirt_J ukirt_H ukirt_K Clear
[from data line 217]
0.642731 -6.559 -1.355 -2.227 -3.869 -6.735 -8.796 -6.923 -4.38 -6.875 -8.921 -10.563 -11.679 -4.148 -7.614 -9.806 -10.971 -11.773 -8.618 -9.976 -11.048 -11.688 -12.156 -10.155 -8.871 -10.47 -12.73 -13.076 -13.158 -10.605
0.66217 -6.506 -1.298 -1.897 -3.465 -6.423 -8.551 -6.709 -3.991 -6.572 -8.683 -10.392 -11.553 -3.749 -7.333 -9.6 -10.811 -11.649 -8.458 -9.791 -10.894 -11.56 -12.051 -9.979 -8.641 -10.295 -12.658 -13.035 -13.14 -10.483
0.682197 -6.448 -1.237 -1.547 -3.033 -6.088 -8.286 -6.483 -3.576 -6.247 -8.428 -10.208 -11.416 -3.322 -7.032 -9.377 -10.636 -11.513 -8.297 -9.593 -10.727 -11.42 -11.936 -9.788 -8.395 -10.107 -12.577 -12.987 -13.118 -10.356
0.70283 -6.385 -1.172 -1.176 -2.571 -5.728 -8.002 -6.245 -3.13 -5.9 -8.153 -10.008 -11.266 -2.865 -6.709 -9.136 -10.447 -11.365 -8.138 -9.383 -10.546 -11.268 -11.811 -9.583 -8.129 -9.902 -12.488 -12.932 -13.091 -10.222
0.724086 -6.316 -1.102 -0.783 -2.076 -5.342 -7.695 -5.995 -2.653 -5.526 -7.856 -9.792 -11.103 -2.375 -6.362 -8.876 -10.242 -11.203 -7.98 -9.16 -10.351 -11.103 -11.675 -9.361 -7.844 -9.682 -12.39 -12.87 -13.059 -10.081
0.745986 -6.241 -1.025 -0.363 -1.544 -4.927 -7.364 -5.733 -2.141 -5.126 -7.537 -9.558 -10.926 -1.849 -5.988 -8.595 -10.02 -11.027 -7.824 -8.925 -10.14 -10.923 -11.527 -9.122 -7.536 -9.443 -12.28 -12.8 -13.021 -9.934
0.768548 -6.158 -0.942 0.083 -0.972 -4.48 -7.006 -5.461 -1.59 -4.694 -7.191 -9.305 -10.732 -1.284 -5.585 -8.29 -9.778 -10.834 -7.671 -8.677 -9.913 -10.728 -11.365 -8.863 -7.204 -9.184 -12.159 -12.722 -12.976 -9.781
0.791792 -6.068 -0.852 0.56 -0.358 -3.998 -6.619 -5.179 -0.997 -4.23 -6.818 -9.031 -10.522 -0.675 -5.15 -7.96 -9.515 -10.624 -7.521 -8.418 -9.667 -10.515 -11.19 -8.583 -6.846 -8.904 -12.025 -12.633 -12.925 -9.621
0.815739 -5.969 -0.753 1.07 0.305 -3.477 -6.2 -4.889 -0.358 -3.729 -6.415 -8.734 -10.292 -0.019 -4.68 -7.603 -9.228 -10.394 -7.373 -8.149 -9.402 -10.284 -10.999 -8.279 -6.459 -8.6 -11.877 -12.534 -12.865 -9.454
0.840411 -5.861 -0.645 1.617 1.02 -2.915 -5.746 -4.593 0.332 -3.189 -5.978 -8.411 -10.041 0.689 -4.172 -7.214 -8.916 -10.143 -7.226 -7.873 -9.117 -10.032 -10.792 -7.95 -6.039 -8.27 -11.714 -12.423 -12.797 -9.282
0.865828 -5.743 -0.527 2.204 1.793 -2.305 -5.252 -4.296 1.078 -2.605 -5.504 -8.061 -9.768 1.456 -3.622 -6.792 -8.576 -9.868 -7.077 -7.591 -8.812 -9.759 -10.569 -7.592 -5.585 -7.912 -11.533 -12.299 -12.719 -9.103
0.892015 -5.614 -0.399 2.834 2.631 -1.645 -4.715 -4.0 1.886 -1.972 -4.989 -7.679 -9.469 2.286 -3.025 -6.332 -8.204 -9.567 -6.926 -7.307 -8.485 -9.463 -10.327 -7.204 -5.092 -7.522 -11.333 -12.161 -12.631 -8.917
0.918993 -5.474 -0.258 3.514 3.539 -0.927 -4.131 -3.708 2.764 -1.286 -4.43 -7.264 -9.142 3.186 -2.376 -5.83 -7.798 -9.237 -6.769 -7.024 -8.137 -9.142 -10.065 -6.78 -4.556 -7.097 -11.112 -12.007 -12.531 -8.725
0.946787 -5.32 -0.104 4.247 4.526 -0.147 -3.494 -3.424 3.717 -0.542 -3.821 -6.812 -8.784 4.165 -1.67 -5.283 -7.353 -8.876 -6.603 -6.745 -7.769 -8.796 -9.784 -6.319 -3.972 -6.633 -10.868 -11.835 -12.418 -8.525
0.975422 -5.151 0.065 5.04 5.601 0.704 -2.797 -3.147 4.755 0.268 -3.156 -6.317 -8.392 5.231 -0.9 -4.684 -6.866 -8.478 -6.427 -6.472 -7.384 -8.422 -9.483 -5.814 -3.336 -6.126 -10.598 -11.644 -12.291 -8.317
1.004923 -4.966 0.249 5.899 6.773 1.632 -2.035 -2.878 5.888 1.151 -2.431 -5.777 -7.963 6.393 -0.058 -4.029 -6.331 -8.041 -6.238 -6.204 -6.985 -8.021 -9.162 -5.263 -2.64 -5.572 -10.298 -11.43 -12.147 -8.098
1.035317 -4.763 0.452 6.832 8.055 2.648 -1.199 -2.612 7.127 2.114 -1.637 -5.186 -7.491 7.665 0.863 -3.309 -5.742 -7.56 -6.032 -5.939 -6.578 -7.595 -8.821 -4.658 -1.878 -4.964 -9.966 -11.192 -11.985 -7.868
1.066629 -4.541 0.675 7.847 9.46 3.763 -0.281 -2.344 8.485 3.168 -0.767 -4.538 -6.971 9.058 1.873 -2.518 -5.094 -7.028 -5.808 -5.672 -6.168 -7.145 -8.461 -3.994 -1.043 -4.297 -9.597 -10.926 -11.803 -7.623
1.098888 -4.352 0.864 8.386 10.173 4.347 0.218 -2.141 9.177 3.726 -0.291 -4.16 -6.65 9.767 2.411 -2.076 -4.715 -6.702 -5.619 -5.469 -5.909 -6.862 -8.216 -3.609 -0.581 -3.911 -9.342 -10.716 -11.631 -7.427
1.132124 -4.19 1.026 8.548 10.335 4.509 0.379 -1.98 9.339 3.887 -0.129 -3.998 -6.489 9.929 2.573 -1.914 -4.554 -6.54 -5.457 -5.307 -5.747 -6.7 -8.054 -3.447 -0.42 -3.749 -9.18 -10.555 -11.469 -7.265
1.166364 -4.018 1.197 8.72 10.507 4.681 0.551 -1.808 9.511 4.059 0.043 -3.826 -6.317 10.101 2.745 -1.742 -4.382 -6.368 -5.285 -5.135 -5.575 -6.528 -7.882 -3.276 -0.248 -3.577 -9.009 -10.383 -11.297 -7.093
1.20164 -3.836 1.38 8.902 10.69 4.864 0.734 -1.625 9.693 4.242 0.226 -3.644 -6.134 10.283 2.928 -1.56 -4.199 -6.185 -5.102 -4.953 -5.393 -6.345 -7.699 -3.093 -0.065 -3.394 -8.826 -10.2 -11.114 -6.91
1.237983 -3.641 1.574 9.097 10.884 5.058 0.928 -1.431 9.888 4.436 0.42 -3.45 -5.94 10.477 3.122 -1.366 -4.005 -5.991 -4.908 -4.759 -5.199 -6.151 -7.505 -2.899 0.129 -3.2 -8.632 -10.006 -10.92 -6.716
1.275425 -3.435 1.78 9.303 11.09 5.264 1.134 -1.225 10.094 4.642 0.626 -3.243 -5.734 10.683 3.328 -1.16 -3.799 -5.785 -4.702 -4.552 -4.992 -5.945 -7.299 -2.693 0.335 -2.994 -8.426 -9.8 -10.714 -6.51
1.313999 -3.216 1.999 9.522 11.309 5.483 1.353 -1.006 10.313 4.861 0.845 -3.025 -5.515 10.902 3.547 -0.941 -3.58 -5.566 -4.483 -4.333 -4.773 -5.726 -7.08 -2.474 0.554 -2.775 -8.207 -9.581 -10.495 -6.291
1.35374 -2.984 2.232 9.754 11.541 5.715 1.586 -0.773 10.545 5.093 1.077 -2.792 -5.282 11.135 3.779 -0.708 -3.347 -5.334 -4.251 -4.101 -4.541 -5.494 -6.848 -2.241 0.786 -2.543 -7.974 -9.348 -10.263 -6.059
1.394683 -2.737 2.479 10.001 11.788 5.962 1.832 -0.526 10.792 5.34 1.324 -2.545 -5.036 11.382 4.026 -0.461 -3.1 -5.087 -4.004 -3.854 -4.294 -5.247 -6.601 -1.994 1.033 -2.296 -7.727 -9.101 -10.016 -5.812
1.436864 -2.475 2.741 10.263 12.05 6.224 2.095 -0.264 11.054 5.603 1.586 -2.283 -4.773 11.644 4.288 -0.199 -2.838 -4.825 -3.742 -3.592 -4.032 -4.985 -6.339 -1.732 1.296 -2.034 -7.465 -8.839 -9.754 -5.55
1.480321 -2.197 3.019 10.541 12.329 6.503 2.373 0.014 11.333 5.881 1.865 -2.005 -4.495 11.922 4.567 0.079 -2.56 -4.546 -3.463 -3.314 -3.754 -4.706 -6.06 -1.454 1.574 -1.755 -7.187 -8.561 -9.475 -5.271
1.525092 -1.901 3.315 10.837 12.624 6.798 2.668 0.31 11.628 6.176 2.16 -1.709 -4.2 12.218 4.862 0.375 -2.265 -4.251 -3.168 -3.018 -3.458 -4.411 -5.765 -1.158 1.869 -1.46 -6.891 -8.265 -9.18 -4.976
1.571218 -1.587 3.628 11.151 12.938 7.112 2.982 0.623 11.942 6.49 2.474 -1.396 -3.886 12.531 5.176 0.688 -1.951 -3.937 -2.854 -2.704 -3.145 -4.097 -5.451 -0.845 2.183 -1.146 -6.578 -7.952 -8.866 -4.662
1.618738 -1.254 3.961 11.484 13.271 7.445 3.315 0.956 12.275 6.823 2.807 -1.063 -3.553 12.864 5.509 1.021 -1.618 -3.604 -2.521 -2.372 -2.812 -3.764 -5.118 -0.512 2.516 -0.813 -6.245 -7.619 -8.533 -4.329
1.667696 -0.901 4.315 11.837 13.624 7.798 3.668 1.31 12.628 7.176 3.16 -0.709 -3.2 13.218 5.862 1.375 -1.265 -3.251 -2.168 -2.018 -2.458 -3.411 -4.765 -0.158 2.869 -0.46 -5.891 -7.265 -8.18 -3.976
1.718134 -0.526 4.69 12.212 13.999 8.173 4.044 1.685 13.003 7.551 3.535 -0.334 -2.824 13.593 6.237 1.75 -0.889 -2.876 -1.793 -1.643 -2.083 -3.036 -4.39 0.217 3.244 -0.085 -5.516 -6.89 -7.805 -3.601
1.770098 -0.128 5.088 12.61 14.397 8.571 4.442 2.083 13.401 7.95 3.934 0.064 -2.426 13.991 6.636 2.148 -0.491 -2.478 -1.394 -1.245 -1.685 -2.638 -3.992 0.615 3.643 0.314 -5.118 -6.492 -7.407 -3.203
1.823633 0.295 5.511 13.033 14.82 8.994 4.864 2.505 13.824 8.372 4.356 0.487 -2.004 14.414 7.058 2.571 -0.069 -2.055 -0.972 -0.822 -1.262 -2.215 -3.569 1.038 4.065 0.736 -4.695 -6.069 -6.984 -2.78
1.878788 0.744 5.959 13.482 15.269 9.443 5.313 2.954 14.273 8.821 4.805 0.935 -1.555 14.862 7.507 3.019 0.38 -1.606 -0.523 -0.374 -0.814 -1.766 -3.12 1.486 4.514 1.185 -4.247 -5.621 -6.535 -2.331
1.93561 1.22 6.435 13.958 15.745 9.919 5.789 3.43 14.749 9.297 5.281 1.412 -1.079 15.338 7.983 3.496 0.856 -1.13 -0.047 0.103 -0.337 -1.29 -2.644 1.962 4.99 1.661 -3.771 -5.145 -6.059 -1.855
1.994152 1.725 6.941 14.463 16.25 10.424 6.295 3.936 15.254 9.802 5.786 1.917 -0.573 15.844 8.488 4.001 1.362 -0.625 0.458 0.608 0.168 -0.785 -2.139 2.468 5.495 2.166 -3.265 -4.639 -5.554 -1.35
2.054463 2.262 7.477 15.0 16.787 10.961 6.831 4.472 15.791 10.339 6.323 2.453 -0.037 16.38 9.025 4.537 1.898 -0.088 0.995 1.144 0.704 -0.248 -1.602 3.004 6.032 2.703 -2.729 -4.103 -5.017 -0.813
2.116599 2.831 8.047 15.569 17.356 11.53 7.4 5.041 16.36 10.908 6.892 3.023 0.532 16.95 9.594 5.107 2.467 0.481 1.564 1.714 1.274 0.321 -1.033 3.574 6.601 3.272 -2.159 -3.534 -4.448 -0.244
2.180614 3.435 8.651 16.173 17.96 12.134 8.005 5.646 16.964 11.513 7.496 3.627 1.137 17.554 10.198 5.711 3.072 1.085 2.168 2.318 1.878 0.925 -0.429 4.178 7.206 3.877 -1.555 -2.929 -3.844 0.36
2.246566 4.077 9.292 16.815 18.602 12.776 8.646 6.287 17.606 12.154 8.138 4.269 1.778 18.195 10.84 6.352 3.713 1.727 2.81 2.96 2.52 1.567 0.213 4.819 7.847 4.518 -0.914 -2.288 -3.202 1.002
2.314511 4.758 9.973 17.496 19.283 13.457 9.327 6.968 18.287 12.835 8.819 4.949 2.459 18.876 11.521 7.033 4.394 2.408 3.491 3.64 3.2 2.248 0.894 5.5 8.528 5.199 -0.233 -1.607 -2.521 1.683
2.384512 5.48 10.696 18.218 20.005 14.179 10.05 7.691 19.009 13.557 9.541 5.672 3.182 19.599 12.243 7.756 5.117 3.13 4.213 4.363 3.923 2.97 1.616 6.223 9.251 5.921 0.49 -0.884 -1.799 2.405
2.45663 6.247 11.463 18.985 20.772 14.946 10.817 8.458 19.776 14.324 10.308 6.439 3.949 20.366 13.01 8.523 5.884 3.897 4.98 5.13 4.69 3.737 2.383 6.99 10.018 6.688 1.257 -0.117 -1.032 3.172
2.530929 7.061 12.277 19.799 21.586 15.76 11.631 9.272 20.59 15.139 11.123 7.253 4.763 21.18 13.825 9.337 6.698 4.711 5.795 5.944 5.504 4.551 3.197 7.804 10.832 7.503 2.071 0.697 -0.218 3.986
2.607475 7.925 13.141 20.663 22.451 16.625 12.495 10.136 21.454 16.003 11.987 8.117 5.627 22.044 14.689 10.201 7.562 5.576 6.659 6.808 6.368 5.416 4.061 8.668 11.696 8.367 2.935 1.561 0.647 4.85
2.686337 8.843 14.058 21.581 23.368 17.542 13.412 11.053 22.372 16.92 12.904 9.034 6.544 22.961 15.606 11.118 8.479 6.493 7.576 7.725 7.285 6.333 4.979 9.585 12.613 9.284 3.852 2.478 1.564 5.768
2.767583 9.816 15.032 22.554 24.341 18.515 14.385 12.027 23.345 17.893 13.877 10.008 7.517 23.935 16.579 12.092 9.452 7.466 8.549 8.699 8.259 7.306 5.952 10.559 13.586 10.257 4.826 3.452 2.537 6.741
2.851287 10.849 16.065 23.587 25.374 19.548 15.419 13.06 24.378 18.927 14.91 11.041 8.551 24.968 17.613 13.125 10.486 8.499 9.582 9.732 9.292 8.339 6.985 11.592 14.62 11.291 5.859 4.485 3.57 7.774
2.937522 11.946 17.162 24.684 26.471 20.645 16.515 14.156 25.475 20.023 16.007 12.138 9.647 26.065 18.709 14.222 11.582 9.596 10.679 10.829 10.389 9.436 8.082 12.689 15.716 12.387 6.956 5.582 4.667 8.871
3.026365 13.11 18.326 25.848 27.635 21.809 17.679 15.321 26.639 21.187 17.171 13.302 10.811 27.229 19.873 15.386 12.746 10.76 11.843 11.993 11.553 10.6 9.246 13.853 16.88 13.551 8.12 6.746 5.831 10.035
3.117896 14.345 19.561 27.083 28.871 23.045 18.915 16.556 27.875 22.423 18.407 14.537 12.047 28.464 21.109 16.621 13.982 11.996 13.079 13.228 12.788 11.836 10.482 15.088 18.116 14.787 9.355 7.981 7.067 11.271
3.212194 15.657 20.873 28.395 30.182 24.356 20.226 17.867 29.186 23.734 19.718 15.849 13.358 29.776 22.42 17.933 15.293 13.307 14.39 14.54 14.1 13.147 11.793 16.4 19.427 16.098 10.666 9.292 8.378 12.582
3.309345 17.049 22.264 29.787 31.574 25.748 21.618 19.259 30.578 25.126 21.11 17.241 14.75 31.168 23.812 19.325 16.685 14.699 15.782 15.932 15.492 14.539 13.185 17.791 20.819 17.49 12.058 10.684 9.77 13.974
3.409434 18.526 23.742 31.264 33.051 27.225 23.096 20.737 32.055 26.603 22.587 18.718 16.228 32.645 25.289 20.802 18.163 16.176 17.259 17.409 16.969 16.016 14.662 19.269 22.296 18.967 13.536 12.162 11.247 15.451
3.51255 20.094 25.31 32.832 34.619 28.793 24.664 22.305 33.623 28.172 24.155 20.286 17.796 34.213 26.857 22.37 19.731 17.744 18.827 18.977 18.537 17.584 16.23 20.837 23.865 20.535 15.104 13.73 12.815 17.019
3.618785 21.759 26.974 34.497 36.284 30.458 26.328 23.969 35.288 29.836 25.82 21.95 19.46 35.877 28.522 24.034 21.395 19.409 20.492 20.641 20.201 19.249 17.895 22.501 25.529 22.2 16.768 15.394 14.48 18.684
3.728232 23.525 28.741 36.263 38.05 32.224 28.095 25.736 37.054 31.602 27.586 23.717 21.227 37.644 30.288 25.801 23.162 21.175 22.258 22.408 21.968 21.015 19.661 24.268 27.295 23.966 18.535 17.161 16.246 20.45
3.84099 25.4 30.616 38.138 39.925 34.099 29.97 27.611 38.929 33.477 29.461 25.592 23.102 39.519 32.163 27.676 25.037 23.05 24.133 24.283 23.843 22.89 21.536 26.143 29.171 25.841 20.41 19.036 18.121 22.325
3.957158 27.39 32.606 40.128 41.915 36.089 31.96 29.601 40.919 35.468 31.452 27.582 25.092 41.509 34.154 29.666 27.027 25.041 26.124 26.273 25.833 24.881 23.526 28.133 31.161 27.832 22.4 21.026 20.112 24.315
4.07684 29.503 34.718 42.241 44.028 38.202 34.072 31.713 43.032 37.58 33.564 29.695 27.204 43.621 36.266 31.778 29.139 27.153 28.236 28.386 27.946 26.993 25.639 30.245 33.273 29.944 24.512 23.138 22.224 26.428
4.200141 31.745 36.96 44.483 46.27 40.444 36.314 33.955 45.274 39.822 35.806 31.937 29.446 45.864 38.508 34.021 31.381 29.395 30.478 30.628 30.188 29.235 27.881 32.487 35.515 32.186 26.754 25.38 24.466 28.67
4.327172 34.125 39.34 46.863 48.65 42.824 38.694 36.335 47.654 42.202 38.186 34.316 31.826 48.243 40.888 36.4 33.761 31.775 32.858 33.007 32.567 31.615 30.261 34.867 37.895 34.566 29.134 27.76 26.846 31.05
4.458044 36.65 41.866 49.388 51.176 45.35 41.22 38.861 50.179 44.728 40.712 36.842 34.352 50.769 43.414 38.926 36.287 34.301 35.384 35.533 35.093 34.141 32.786 37.393 40.421 37.092 31.66 30.286 29.372 33.575
4.592874 39.331 44.547 52.069 53.857 48.031 43.901 41.542 52.86 47.409 43.393 39.523 37.033 53.45 46.095 41.607 38.968 36.982 38.065 38.214 37.774 36.822 35.467 40.074 43.102 39.773 34.341 32.967 32.053 36.256
4.731783 42.177 47.393 54.915 56.702 50.876 46.746 44.387 55.706 50.254 46.238 42.369 39.878 56.296 48.94 44.453 41.813 39.827 40.91 41.06 40.62 39.667 38.313 42.92 45.947 42.618 37.187 35.813 34.898 39.102
4.874892 45.197 50.413 57.935 59.722 53.896 49.767 47.408 58.726 53.275 49.258 45.389 42.899 59.316 51.96 47.473 44.834 42.847 43.93 44.08 43.64 42.687 41.333 45.94 48.968 45.639 40.207 38.833 37.918 42.122
5.02233 48.403 53.619 61.141 62.928 57.102 52.972 50.614 61.932 56.48 52.464 48.595 46.104 62.522 55.166 50.679 48.04 46.053 47.136 47.286 46.846 45.893 44.539 49.146 52.173 48.844 43.413 42.039 41.124 45.328
5.174227 51.806 57.021 64.544 66.331 60.505 56.375 54.016 65.335 59.883 55.867 51.997 49.507 65.924 58.569 54.081 51.442 49.456 50.539 50.689 50.249 49.296 47.942 52.548 55.576 52.247 46.815 45.441 44.527 48.731
5.330718 55.417 60.633 68.155 69.942 64.116 59.987 57.628 68.946 63.495 59.478 55.609 53.119 69.536 62.18 57.693 55.054 53.067 54.15 54.3 53.86 52.907 51.553 56.16 59.188 55.858 50.427 49.053 48.138 52.342
5.491942 59.251 64.466 71.989 73.776 67.95 63.82 61.461 72.78 67.328 63.312 59.442 56.952 73.369 66.014 61.526 58.887 56.901 57.984 58.133 57.693 56.741 55.387 59.993 63.021 59.692 54.26 52.886 51.972 56.176
5.658042 63.319 68.535 76.057 77.844 72.018 67.889 65.53 76.848 71.397 67.38 63.511 61.021 77.438 70.082 65.595 62.956 60.969 62.052 62.202 61.762 60.809 59.455 64.062 67.09 63.76 58.329 56.955 56.04 60.244
5.829166 67.638 72.853 80.376 82.163 76.337 72.207 69.848 81.167 75.715 71.699 67.83 65.339 81.757 74.401 69.914 67.274 65.288 66.371 66.521 66.081 65.128 63.774 68.38 71.408 68.079 62.647 61.273 60.359 64.563
6.005465 72.221 77.437 84.959 86.747 80.921 76.791 74.432 85.75 80.299 76.283 72.413 69.923 86.34 78.985 74.497 71.858 69.872 70.955 71.104 70.664 69.712 68.357 72.964 75.992 72.663 67.231 65.857 64.943 69.147
6.187096 77.087 82.302 89.825 91.612 85.786 81.656 79.297 90.616 85.164 81.148 77.278 74.788 91.205 83.85 79.362 76.723 74.737 75.82 75.969 75.529 74.577 73.223 77.829 80.857 77.528 72.096 70.722 69.808 74.012
