web/models/kne.last_good/kappa_0.5_3.0.v1/29/villar_0.0052_0.2023_3.0000.dat
# %ECSV 1.0
# ---
# datatype:
# - {name: time, datatype: float64}
# - {name: swift_uvot_uvw2, datatype: float64}
# - {name: swift_uvot_uvm2, datatype: float64}
# - {name: swift_uvot_uvw1, datatype: float64}
# - {name: swift_uvot_U, datatype: float64}
# - {name: swift_uvot_B, datatype: float64}
# - {name: swift_uvot_V, datatype: float64}
# - {name: swift_uvot_W, datatype: float64}
# - {name: johnson_U, datatype: float64}
# - {name: johnson_B, datatype: float64}
# - {name: johnson_V, datatype: float64}
# - {name: johnson_R, datatype: float64}
# - {name: johnson_I, datatype: float64}
# - {name: sdss_u, datatype: float64}
# - {name: sdss_g, datatype: float64}
# - {name: sdss_r, datatype: float64}
# - {name: sdss_i, datatype: float64}
# - {name: sdss_z, datatype: float64}
# - {name: PS1_g, datatype: float64}
# - {name: PS1_r, datatype: float64}
# - {name: PS1_i, datatype: float64}
# - {name: PS1_z, datatype: float64}
# - {name: PS1_Y, datatype: float64}
# - {name: PS1_w, datatype: float64}
# - {name: ATLAS_c, datatype: float64}
# - {name: ATLAS_o, datatype: float64}
# - {name: ukirt_J, datatype: float64}
# - {name: ukirt_H, datatype: float64}
# - {name: ukirt_K, datatype: float64}
# - {name: Clear, datatype: float64}
# meta: !!omap
# - comment: [kappa = 3.0, type = villar, mass = 0.005244756555828381, velocity = 0.20233333333333337, theta_obs = 0.0]
# schema: astropy-2.0
time swift_uvot_uvw2 swift_uvot_uvm2 swift_uvot_uvw1 swift_uvot_U swift_uvot_B swift_uvot_V swift_uvot_W johnson_U johnson_B johnson_V johnson_R johnson_I sdss_u sdss_g sdss_r sdss_i sdss_z PS1_g PS1_r PS1_i PS1_z PS1_Y PS1_w ATLAS_c ATLAS_o ukirt_J ukirt_H ukirt_K Clear
[from data line 78]
0.010217 -9.096 -9.125 -9.118 -9.02 -8.816 -8.548 -8.997 -8.993 -8.812 -8.539 -8.227 -7.846 -9.0 -8.732 -8.372 -8.079 -7.79 -8.716 -8.391 -8.101 -7.895 -7.831 -8.405 -8.592 -8.25 -7.186 -6.678 -6.08 -8.457
0.010526 -9.127 -9.159 -9.155 -9.063 -8.862 -8.596 -9.036 -9.036 -8.858 -8.587 -8.277 -7.897 -9.043 -8.779 -8.421 -8.129 -7.841 -8.763 -8.44 -8.151 -7.945 -7.88 -8.453 -8.64 -8.3 -7.239 -6.732 -6.134 -8.505
0.010845 -9.157 -9.193 -9.192 -9.105 -8.908 -8.644 -9.074 -9.08 -8.904 -8.635 -8.327 -7.948 -9.086 -8.826 -8.47 -8.18 -7.892 -8.809 -8.489 -8.201 -7.996 -7.93 -8.502 -8.688 -8.35 -7.292 -6.785 -6.187 -8.553
0.011173 -9.187 -9.227 -9.229 -9.148 -8.953 -8.692 -9.112 -9.123 -8.95 -8.683 -8.376 -7.999 -9.13 -8.872 -8.519 -8.23 -7.944 -8.856 -8.538 -8.251 -8.046 -7.98 -8.55 -8.735 -8.399 -7.344 -6.838 -6.241 -8.601
0.011511 -9.217 -9.26 -9.265 -9.191 -8.999 -8.74 -9.149 -9.166 -8.995 -8.731 -8.426 -8.05 -9.172 -8.918 -8.568 -8.28 -7.995 -8.902 -8.586 -8.301 -8.096 -8.029 -8.598 -8.782 -8.449 -7.397 -6.892 -6.295 -8.648
0.011859 -9.246 -9.293 -9.301 -9.233 -9.044 -8.788 -9.187 -9.209 -9.041 -8.779 -8.475 -8.101 -9.215 -8.965 -8.617 -8.33 -8.046 -8.949 -8.635 -8.351 -8.146 -8.078 -8.647 -8.83 -8.498 -7.449 -6.945 -6.349 -8.696
0.012217 -9.275 -9.325 -9.336 -9.275 -9.089 -8.835 -9.224 -9.251 -9.086 -8.826 -8.524 -8.152 -9.258 -9.011 -8.665 -8.38 -8.097 -8.995 -8.683 -8.4 -8.196 -8.128 -8.695 -8.877 -8.547 -7.501 -6.998 -6.403 -8.743
0.012587 -9.304 -9.358 -9.371 -9.316 -9.134 -8.883 -9.261 -9.293 -9.131 -8.874 -8.573 -8.202 -9.3 -9.056 -8.714 -8.43 -8.147 -9.041 -8.731 -8.45 -8.246 -8.177 -8.742 -8.924 -8.596 -7.554 -7.051 -6.456 -8.791
0.012968 -9.332 -9.39 -9.406 -9.358 -9.179 -8.93 -9.298 -9.336 -9.176 -8.921 -8.622 -8.253 -9.342 -9.102 -8.762 -8.48 -8.198 -9.087 -8.78 -8.499 -8.296 -8.226 -8.79 -8.97 -8.645 -7.606 -7.104 -6.51 -8.838
0.01336 -9.36 -9.421 -9.441 -9.399 -9.224 -8.977 -9.334 -9.377 -9.22 -8.968 -8.671 -8.303 -9.384 -9.148 -8.81 -8.529 -8.249 -9.132 -8.828 -8.549 -8.346 -8.275 -8.838 -9.017 -8.694 -7.658 -7.157 -6.563 -8.885
0.013764 -9.387 -9.452 -9.475 -9.44 -9.268 -9.024 -9.37 -9.419 -9.265 -9.015 -8.72 -8.354 -9.425 -9.193 -8.859 -8.579 -8.299 -9.178 -8.875 -8.598 -8.396 -8.324 -8.885 -9.063 -8.742 -7.71 -7.209 -6.617 -8.932
0.01418 -9.414 -9.483 -9.509 -9.481 -9.313 -9.071 -9.406 -9.461 -9.309 -9.062 -8.769 -8.404 -9.467 -9.238 -8.907 -8.628 -8.35 -9.223 -8.923 -8.647 -8.445 -8.373 -8.933 -9.11 -8.791 -7.762 -7.262 -6.67 -8.979
0.014609 -9.441 -9.514 -9.543 -9.522 -9.357 -9.118 -9.442 -9.502 -9.353 -9.109 -8.817 -8.454 -9.508 -9.283 -8.954 -8.678 -8.4 -9.268 -8.971 -8.696 -8.495 -8.422 -8.98 -9.156 -8.839 -7.814 -7.315 -6.724 -9.025
0.015051 -9.467 -9.544 -9.577 -9.562 -9.401 -9.165 -9.477 -9.543 -9.397 -9.156 -8.866 -8.504 -9.549 -9.328 -9.002 -8.727 -8.451 -9.313 -9.018 -8.745 -8.545 -8.471 -9.027 -9.202 -8.888 -7.866 -7.368 -6.777 -9.072
0.015506 -9.493 -9.574 -9.61 -9.603 -9.445 -9.211 -9.513 -9.584 -9.441 -9.202 -8.914 -8.554 -9.59 -9.373 -9.05 -8.776 -8.501 -9.358 -9.066 -8.794 -8.594 -8.52 -9.074 -9.248 -8.936 -7.917 -7.42 -6.83 -9.118
0.015975 -9.518 -9.603 -9.643 -9.643 -9.488 -9.257 -9.548 -9.624 -9.485 -9.249 -8.962 -8.604 -9.63 -9.417 -9.097 -8.825 -8.551 -9.403 -9.113 -8.842 -8.643 -8.569 -9.121 -9.294 -8.984 -7.969 -7.473 -6.884 -9.165
0.016458 -9.544 -9.632 -9.675 -9.682 -9.532 -9.304 -9.582 -9.665 -9.528 -9.295 -9.011 -8.654 -9.67 -9.462 -9.145 -8.874 -8.601 -9.448 -9.16 -8.891 -8.693 -8.617 -9.168 -9.339 -9.032 -8.021 -7.525 -6.937 -9.211
0.016956 -9.568 -9.661 -9.707 -9.722 -9.575 -9.35 -9.617 -9.705 -9.571 -9.341 -9.059 -8.703 -9.71 -9.506 -9.192 -8.923 -8.651 -9.492 -9.207 -8.94 -8.742 -8.666 -9.214 -9.385 -9.08 -8.072 -7.578 -6.99 -9.257
0.017469 -9.593 -9.689 -9.739 -9.761 -9.618 -9.396 -9.651 -9.745 -9.615 -9.387 -9.107 -8.753 -9.75 -9.55 -9.239 -8.972 -8.701 -9.536 -9.254 -8.988 -8.791 -8.714 -9.261 -9.43 -9.128 -8.124 -7.63 -7.043 -9.303
0.017997 -9.617 -9.717 -9.771 -9.8 -9.661 -9.441 -9.685 -9.785 -9.657 -9.433 -9.154 -8.803 -9.79 -9.594 -9.286 -9.02 -8.751 -9.58 -9.301 -9.036 -8.84 -8.763 -9.307 -9.475 -9.175 -8.175 -7.682 -7.096 -9.348
0.018541 -9.64 -9.745 -9.802 -9.839 -9.704 -9.487 -9.719 -9.824 -9.7 -9.478 -9.202 -8.852 -9.829 -9.638 -9.333 -9.069 -8.8 -9.624 -9.348 -9.085 -8.889 -8.811 -9.353 -9.52 -9.223 -8.226 -7.735 -7.149 -9.394
0.019102 -9.663 -9.772 -9.833 -9.878 -9.746 -9.532 -9.753 -9.864 -9.743 -9.524 -9.25 -8.901 -9.869 -9.681 -9.38 -9.117 -8.85 -9.668 -9.394 -9.133 -8.938 -8.86 -9.4 -9.565 -9.27 -8.278 -7.787 -7.202 -9.439
0.01968 -9.686 -9.799 -9.864 -9.916 -9.788 -9.578 -9.786 -9.903 -9.785 -9.569 -9.297 -8.951 -9.908 -9.724 -9.427 -9.166 -8.899 -9.712 -9.441 -9.181 -8.986 -8.908 -9.445 -9.61 -9.318 -8.329 -7.839 -7.255 -9.485
0.020275 -9.709 -9.825 -9.894 -9.954 -9.831 -9.623 -9.819 -9.941 -9.827 -9.615 -9.344 -9.0 -9.946 -9.768 -9.473 -9.214 -8.949 -9.755 -9.487 -9.229 -9.035 -8.956 -9.491 -9.654 -9.365 -8.38 -7.891 -7.308 -9.53
0.020888 -9.731 -9.851 -9.924 -9.992 -9.873 -9.668 -9.852 -9.98 -9.869 -9.66 -9.392 -9.049 -9.985 -9.811 -9.52 -9.262 -8.998 -9.799 -9.533 -9.277 -9.084 -9.005 -9.537 -9.699 -9.412 -8.431 -7.943 -7.361 -9.575
0.02152 -9.752 -9.877 -9.953 -10.03 -9.914 -9.713 -9.885 -10.018 -9.911 -9.705 -9.439 -9.098 -10.023 -9.854 -9.566 -9.31 -9.047 -9.842 -9.579 -9.324 -9.132 -9.053 -9.583 -9.743 -9.459 -8.482 -7.995 -7.414 -9.62
0.022171 -9.773 -9.902 -9.983 -10.067 -9.956 -9.758 -9.917 -10.057 -9.953 -9.749 -9.486 -9.147 -10.061 -9.896 -9.612 -9.358 -9.097 -9.885 -9.625 -9.372 -9.181 -9.101 -9.628 -9.787 -9.506 -8.533 -8.047 -7.466 -9.665
0.022841 -9.794 -9.927 -10.012 -10.104 -9.997 -9.802 -9.949 -10.094 -9.994 -9.794 -9.532 -9.196 -10.099 -9.939 -9.658 -9.406 -9.146 -9.928 -9.671 -9.42 -9.229 -9.149 -9.673 -9.831 -9.553 -8.584 -8.099 -7.519 -9.709
0.023532 -9.814 -9.951 -10.04 -10.141 -10.039 -9.847 -9.981 -10.132 -10.035 -9.839 -9.579 -9.244 -10.136 -9.981 -9.704 -9.453 -9.195 -9.97 -9.717 -9.467 -9.277 -9.197 -9.718 -9.875 -9.599 -8.635 -8.151 -7.572 -9.754
0.024244 -9.834 -9.976 -10.069 -10.178 -10.08 -9.891 -10.012 -10.17 -10.077 -9.883 -9.626 -9.293 -10.174 -10.023 -9.75 -9.501 -9.244 -10.013 -9.762 -9.514 -9.325 -9.245 -9.763 -9.919 -9.646 -8.686 -8.203 -7.624 -9.798
0.024977 -9.854 -9.999 -10.097 -10.214 -10.121 -9.935 -10.044 -10.207 -10.117 -9.927 -9.672 -9.341 -10.211 -10.065 -9.795 -9.548 -9.292 -10.055 -9.808 -9.562 -9.374 -9.293 -9.808 -9.962 -9.692 -8.736 -8.254 -7.677 -9.842
0.025733 -9.873 -10.022 -10.124 -10.251 -10.161 -9.979 -10.075 -10.244 -10.158 -9.971 -9.719 -9.39 -10.248 -10.107 -9.841 -9.596 -9.341 -10.097 -9.853 -9.609 -9.422 -9.34 -9.853 -10.005 -9.738 -8.787 -8.306 -7.729 -9.886
0.026511 -9.891 -10.045 -10.151 -10.286 -10.202 -10.023 -10.106 -10.28 -10.199 -10.015 -9.765 -9.438 -10.284 -10.149 -9.886 -9.643 -9.39 -10.139 -9.898 -9.656 -9.47 -9.388 -9.898 -10.049 -9.784 -8.838 -8.358 -7.782 -9.93
0.027313 -9.909 -10.068 -10.178 -10.322 -10.242 -10.067 -10.136 -10.317 -10.239 -10.059 -9.811 -9.486 -10.32 -10.19 -9.931 -9.69 -9.438 -10.181 -9.943 -9.703 -9.517 -9.436 -9.942 -10.092 -9.83 -8.888 -8.409 -7.834 -9.974
0.028139 -9.927 -10.089 -10.205 -10.357 -10.282 -10.11 -10.167 -10.353 -10.279 -10.102 -9.857 -9.534 -10.356 -10.231 -9.976 -9.737 -9.487 -10.223 -9.988 -9.75 -9.565 -9.483 -9.986 -10.134 -9.876 -8.939 -8.461 -7.887 -10.018
0.02899 -9.944 -10.111 -10.231 -10.392 -10.322 -10.154 -10.197 -10.389 -10.319 -10.146 -9.903 -9.582 -10.392 -10.273 -10.021 -9.784 -9.535 -10.264 -10.033 -9.796 -9.613 -9.531 -10.031 -10.177 -9.922 -8.989 -8.512 -7.939 -10.061
0.029867 -9.961 -10.132 -10.257 -10.427 -10.361 -10.197 -10.227 -10.425 -10.358 -10.189 -9.949 -9.63 -10.428 -10.313 -10.066 -9.831 -9.583 -10.305 -10.078 -9.843 -9.66 -9.578 -10.075 -10.22 -9.967 -9.039 -8.564 -7.991 -10.104
0.03077 -9.977 -10.153 -10.282 -10.462 -10.401 -10.24 -10.256 -10.46 -10.398 -10.232 -9.994 -9.678 -10.463 -10.354 -10.111 -9.878 -9.631 -10.346 -10.122 -9.89 -9.708 -9.626 -10.118 -10.262 -10.013 -9.09 -8.615 -8.044 -10.147
0.031701 -9.993 -10.173 -10.307 -10.496 -10.44 -10.283 -10.286 -10.495 -10.437 -10.275 -10.04 -9.726 -10.498 -10.395 -10.155 -9.924 -9.679 -10.387 -10.167 -9.936 -9.755 -9.673 -10.162 -10.304 -10.058 -9.14 -8.666 -8.096 -10.19
0.032659 -10.009 -10.193 -10.332 -10.53 -10.479 -10.326 -10.315 -10.53 -10.476 -10.318 -10.085 -9.774 -10.533 -10.435 -10.2 -9.971 -9.727 -10.428 -10.211 -9.982 -9.803 -9.72 -10.206 -10.346 -10.104 -9.19 -8.718 -8.148 -10.233
0.033647 -10.024 -10.212 -10.356 -10.564 -10.518 -10.368 -10.344 -10.564 -10.515 -10.361 -10.131 -9.821 -10.567 -10.475 -10.244 -10.017 -9.775 -10.468 -10.255 -10.028 -9.85 -9.768 -10.249 -10.388 -10.149 -9.24 -8.769 -8.2 -10.276
0.034665 -10.038 -10.231 -10.38 -10.597 -10.556 -10.41 -10.372 -10.599 -10.553 -10.403 -10.176 -9.869 -10.601 -10.515 -10.288 -10.063 -9.823 -10.509 -10.299 -10.074 -9.897 -9.815 -10.292 -10.429 -10.194 -9.29 -8.82 -8.252 -10.319
0.035713 -10.052 -10.249 -10.404 -10.63 -10.595 -10.453 -10.401 -10.633 -10.592 -10.445 -10.221 -9.916 -10.635 -10.554 -10.332 -10.109 -9.871 -10.549 -10.343 -10.12 -9.944 -9.862 -10.336 -10.471 -10.238 -9.34 -8.871 -8.304 -10.361
0.036793 -10.066 -10.267 -10.427 -10.663 -10.633 -10.495 -10.429 -10.667 -10.63 -10.487 -10.266 -9.963 -10.669 -10.594 -10.376 -10.155 -9.918 -10.589 -10.386 -10.166 -9.991 -9.909 -10.379 -10.512 -10.283 -9.389 -8.922 -8.356 -10.403
0.037906 -10.079 -10.284 -10.45 -10.696 -10.671 -10.537 -10.457 -10.7 -10.668 -10.529 -10.31 -10.01 -10.702 -10.633 -10.419 -10.201 -9.966 -10.628 -10.43 -10.212 -10.038 -9.956 -10.421 -10.553 -10.328 -9.439 -8.973 -8.408 -10.445
0.039052 -10.091 -10.301 -10.472 -10.728 -10.708 -10.578 -10.484 -10.733 -10.705 -10.571 -10.355 -10.057 -10.735 -10.672 -10.463 -10.247 -10.013 -10.668 -10.473 -10.257 -10.084 -10.002 -10.464 -10.594 -10.372 -9.489 -9.024 -8.46 -10.487
0.040234 -10.103 -10.318 -10.494 -10.76 -10.746 -10.62 -10.511 -10.766 -10.743 -10.613 -10.399 -10.104 -10.768 -10.711 -10.506 -10.293 -10.06 -10.707 -10.516 -10.303 -10.131 -10.049 -10.506 -10.635 -10.416 -9.538 -9.075 -8.512 -10.529
0.04145 -10.115 -10.334 -10.516 -10.791 -10.783 -10.661 -10.539 -10.799 -10.78 -10.654 -10.444 -10.151 -10.8 -10.75 -10.549 -10.338 -10.108 -10.746 -10.56 -10.348 -10.178 -10.096 -10.549 -10.675 -10.46 -9.588 -9.125 -8.564 -10.57
0.042704 -10.126 -10.349 -10.537 -10.823 -10.82 -10.702 -10.565 -10.831 -10.817 -10.695 -10.488 -10.198 -10.832 -10.788 -10.592 -10.383 -10.155 -10.785 -10.602 -10.393 -10.224 -10.142 -10.591 -10.716 -10.504 -9.637 -9.176 -8.616 -10.612
0.043996 -10.137 -10.364 -10.557 -10.854 -10.856 -10.743 -10.592 -10.863 -10.854 -10.736 -10.532 -10.244 -10.864 -10.826 -10.635 -10.429 -10.202 -10.824 -10.645 -10.439 -10.27 -10.189 -10.633 -10.756 -10.548 -9.687 -9.227 -8.668 -10.653
0.045326 -10.147 -10.379 -10.578 -10.884 -10.893 -10.784 -10.618 -10.895 -10.89 -10.777 -10.576 -10.291 -10.896 -10.864 -10.678 -10.474 -10.248 -10.862 -10.688 -10.484 -10.317 -10.235 -10.675 -10.796 -10.592 -9.736 -9.278 -8.719 -10.694
0.046697 -10.156 -10.393 -10.598 -10.915 -10.929 -10.825 -10.644 -10.926 -10.926 -10.818 -10.619 -10.337 -10.927 -10.902 -10.72 -10.519 -10.295 -10.901 -10.73 -10.528 -10.363 -10.282 -10.716 -10.836 -10.635 -9.785 -9.328 -8.771 -10.735
0.048109 -10.165 -10.406 -10.617 -10.945 -10.965 -10.865 -10.67 -10.957 -10.962 -10.858 -10.663 -10.383 -10.958 -10.939 -10.763 -10.564 -10.342 -10.939 -10.772 -10.573 -10.409 -10.328 -10.758 -10.875 -10.679 -9.834 -9.379 -8.823 -10.775
0.049564 -10.174 -10.419 -10.636 -10.975 -11.001 -10.905 -10.695 -10.988 -10.998 -10.899 -10.706 -10.429 -10.988 -10.977 -10.805 -10.608 -10.388 -10.977 -10.814 -10.618 -10.455 -10.374 -10.799 -10.914 -10.722 -9.884 -9.429 -8.874 -10.816
0.051063 -10.182 -10.431 -10.655 -11.004 -11.036 -10.945 -10.72 -11.018 -11.034 -10.939 -10.749 -10.475 -11.018 -11.014 -10.847 -10.653 -10.435 -11.014 -10.856 -10.662 -10.5 -10.42 -10.84 -10.954 -10.765 -9.933 -9.479 -8.926 -10.856
0.052608 -10.189 -10.443 -10.673 -11.033 -11.071 -10.985 -10.745 -11.048 -11.069 -10.979 -10.793 -10.521 -11.048 -11.051 -10.889 -10.697 -10.481 -11.052 -10.898 -10.706 -10.546 -10.466 -10.881 -10.992 -10.808 -9.981 -9.53 -8.977 -10.896
0.054199 -10.196 -10.454 -10.691 -11.062 -11.106 -11.024 -10.77 -11.078 -11.104 -11.018 -10.836 -10.567 -11.078 -11.087 -10.931 -10.742 -10.527 -11.089 -10.94 -10.751 -10.592 -10.512 -10.922 -11.031 -10.851 -10.03 -9.58 -9.029 -10.936
0.055838 -10.203 -10.465 -10.708 -11.09 -11.141 -11.064 -10.794 -11.108 -11.138 -11.058 -10.878 -10.613 -11.107 -11.123 -10.972 -10.786 -10.573 -11.126 -10.981 -10.795 -10.637 -10.558 -10.963 -11.07 -10.893 -10.079 -9.63 -9.08 -10.976
0.057527 -10.208 -10.475 -10.725 -11.118 -11.175 -11.103 -10.818 -11.137 -11.173 -11.097 -10.921 -10.658 -11.136 -11.16 -11.013 -10.83 -10.619 -11.162 -11.022 -10.839 -10.682 -10.603 -11.003 -11.108 -10.936 -10.128 -9.68 -9.131 -11.016
0.059267 -10.214 -10.485 -10.741 -11.145 -11.209 -11.142 -10.842 -11.165 -11.207 -11.136 -10.963 -10.704 -11.164 -11.195 -11.054 -10.874 -10.665 -11.199 -11.063 -10.882 -10.728 -10.649 -11.043 -11.146 -10.978 -10.176 -9.73 -9.182 -11.055
0.061059 -10.218 -10.494 -10.757 -11.173 -11.243 -11.181 -10.866 -11.194 -11.241 -11.175 -11.006 -10.749 -11.193 -11.231 -11.095 -10.917 -10.711 -11.235 -11.104 -10.926 -10.773 -10.695 -11.083 -11.184 -11.02 -10.225 -9.78 -9.234 -11.094
0.062906 -10.223 -10.502 -10.772 -11.2 -11.277 -11.219 -10.889 -11.222 -11.274 -11.213 -11.048 -10.794 -11.22 -11.266 -11.136 -10.961 -10.756 -11.271 -11.145 -10.969 -10.818 -10.74 -11.123 -11.221 -11.062 -10.273 -9.83 -9.285 -11.133
0.064808 -10.226 -10.51 -10.787 -11.226 -11.31 -11.257 -10.912 -11.25 -11.308 -11.252 -11.09 -10.839 -11.248 -11.301 -11.177 -11.004 -10.802 -11.306 -11.185 -11.013 -10.863 -10.785 -11.163 -11.259 -11.103 -10.321 -9.88 -9.336 -11.172
0.066769 -10.229 -10.517 -10.801 -11.252 -11.343 -11.296 -10.935 -11.277 -11.341 -11.29 -11.132 -10.884 -11.275 -11.336 -11.217 -11.048 -10.847 -11.342 -11.226 -11.056 -10.907 -10.831 -11.202 -11.296 -11.145 -10.37 -9.93 -9.387 -11.211
0.068788 -10.232 -10.524 -10.815 -11.278 -11.375 -11.333 -10.957 -11.304 -11.373 -11.328 -11.173 -10.929 -11.302 -11.37 -11.257 -11.091 -10.892 -11.377 -11.266 -11.099 -10.952 -10.876 -11.242 -11.333 -11.186 -10.418 -9.98 -9.438 -11.249
0.070868 -10.234 -10.53 -10.829 -11.303 -11.408 -11.371 -10.979 -11.33 -11.406 -11.366 -11.215 -10.973 -11.328 -11.405 -11.297 -11.134 -10.937 -11.412 -11.306 -11.142 -10.996 -10.921 -11.281 -11.37 -11.228 -10.466 -10.029 -9.489 -11.287
0.073012 -10.235 -10.536 -10.842 -11.328 -11.44 -11.408 -11.001 -11.357 -11.438 -11.403 -11.256 -11.018 -11.354 -11.439 -11.337 -11.176 -10.982 -11.447 -11.345 -11.184 -11.041 -10.966 -11.32 -11.406 -11.269 -10.514 -10.079 -9.54 -11.325
0.07522 -10.235 -10.54 -10.854 -11.353 -11.471 -11.445 -11.023 -11.382 -11.47 -11.44 -11.297 -11.062 -11.379 -11.472 -11.377 -11.219 -11.027 -11.481 -11.385 -11.227 -11.085 -11.01 -11.358 -11.442 -11.309 -10.562 -10.128 -9.591 -11.363
0.077495 -10.236 -10.544 -10.866 -11.377 -11.503 -11.482 -11.044 -11.408 -11.501 -11.477 -11.338 -11.106 -11.404 -11.506 -11.416 -11.261 -11.071 -11.515 -11.424 -11.269 -11.129 -11.055 -11.397 -11.478 -11.35 -10.609 -10.178 -9.642 -11.401
0.079839 -10.235 -10.548 -10.877 -11.401 -11.534 -11.519 -11.065 -11.433 -11.532 -11.514 -11.378 -11.15 -11.429 -11.539 -11.455 -11.304 -11.116 -11.549 -11.463 -11.312 -11.173 -11.1 -11.435 -11.514 -11.391 -10.657 -10.227 -9.692 -11.438
