web/models/kne/46/mosfit_kn_0.144270_0.0300_10.0000.dat
# %ECSV 1.0
# ---
# datatype:
# - {name: time, datatype: float64}
# - {name: PS1_g, datatype: float64}
# - {name: PS1_i, datatype: float64}
# - {name: PS1_r, datatype: float64}
# - {name: PS1_w, datatype: float64}
# - {name: PS1_y, datatype: float64}
# - {name: PS1_z, datatype: float64}
# - {name: swift_uvot_B, datatype: float64}
# - {name: swift_uvot_U, datatype: float64}
# - {name: swift_uvot_uvm2, datatype: float64}
# - {name: swift_uvot_uvw1, datatype: float64}
# - {name: swift_uvot_uvw2, datatype: float64}
# - {name: swift_uvot_V, datatype: float64}
# - {name: johnson_B, datatype: float64}
# - {name: johnson_I, datatype: float64}
# - {name: johnson_R, datatype: float64}
# - {name: johnson_U, datatype: float64}
# - {name: johnson_V, datatype: float64}
# - {name: sdss_g, datatype: float64}
# - {name: sdss_i, datatype: float64}
# - {name: sdss_r, datatype: float64}
# - {name: sdss_u, datatype: float64}
# - {name: sdss_z, datatype: float64}
# - {name: ATLAS_c, datatype: float64}
# - {name: ATLAS_o, datatype: float64}
# - {name: ukirt_H, datatype: float64}
# - {name: ukirt_J, datatype: float64}
# - {name: ukirt_K, datatype: float64}
# - {name: Clear, datatype: float64}
# meta: !!omap
# - comment: [kappa = 10.0, type = rprocess, mass = 0.1442699905917794, velocity = 0.030000000000000023, theta_obs = 0.0, tfloor = 1000.0]
# schema: astropy-2.0
time PS1_g PS1_i PS1_r PS1_w PS1_y PS1_z swift_uvot_B swift_uvot_U swift_uvot_uvm2 swift_uvot_uvw1 swift_uvot_uvw2 swift_uvot_V johnson_B johnson_I johnson_R johnson_U johnson_V sdss_g sdss_i sdss_r sdss_u sdss_z ATLAS_c ATLAS_o ukirt_H ukirt_J ukirt_K Clear
[from data line 370]
22.304609218436873 -6.648912652710219 -10.702906999938335 -9.15593450423314 -9.545813208369793 -12.12574277842796 -11.582453897730183 -5.030484839663166 -2.537096592796342 5.557231744286352 -1.417437673481316 0.48378501128844364 -7.782556244011325 -5.3269346415100784 -11.575296544812758 -9.914829784721874 -2.903714774299264 -8.01153765789884 -6.272279028719403 -10.67059447411241 -9.102916097539158 -1.8664474652155683 -11.755534669726 -7.9719363650440656 -10.036155577283346 -13.738002928469635 -13.106970627507478 -14.012373818898956 -10.307863113884395
22.364729458917836 -6.636662805882718 -10.696600877882094 -9.147226964418174 -9.538692642463928 -12.121995595047377 -11.577669934693926 -5.01594564746978 -2.51762398631616 5.585745179416397 -1.4026185411406007 0.498544470424346 -7.771580262820835 -5.313130567103798 -11.569773727676928 -9.907279571384866 -2.8849846150463176 -8.001111730115971 -6.25948970483412 -10.664221921313235 -9.094054203572632 -1.8472116980473885 -11.751125643895364 -7.96204047493525 -10.029132832867962 -13.738156886634856 -13.105339868942918 -14.013767306154977 -10.302357709539454
22.4248496993988 -6.624426777948678 -10.690298368694968 -9.13852717501916 -9.531578672984722 -12.118247839106182 -11.5728870207003 -5.001423815136966 -2.4981766595600163 5.614212114060437 -1.387824146182854 0.5132815998710751 -7.760615285398409 -5.2993436468877455 -11.564253355890905 -9.899736244243417 -2.866278505260429 -7.990696661121814 -6.246715104023934 -10.657853099386703 -9.085200125643258 -1.8280005278597677 -11.746717296879847 -7.952155325690118 -10.02211590686846 -13.738304478070534 -13.103705386829388 -14.01515272440358 -10.296856985906544
22.484969939879758 -6.612184580519198 -10.683986079212602 -9.1298190785718 -9.524456995690223 -12.114488955568774 -11.568093451013546 -4.98689681593553 -2.4787266129071384 5.642670590189327 -1.3730316080238576 0.5280192105922379 -7.749642739384027 -5.285552167253233 -11.55872290484271 -9.892185027615092 -2.8475692698062827 -7.9802744873598614 -6.2339346394577255 -10.651474541494288 -9.076337635625418 -1.8087862195075743 -11.742298339388544 -7.942263536743255 -10.015090607988792 -13.738439472165387 -13.1020589723904 -14.016525216534744 -10.291348427761555
22.54509018036072 -6.599932815521861 -10.677661756256533 -9.12109995968656 -9.517325195131843 -12.110717183127981 -11.563287265144684 -4.972360812272917 -2.459269059083944 5.671127140117009 -1.3582370006658269 0.5427612164739917 -7.7386594738367025 -5.271752430931652 -11.553180271843708 -9.884623428016194 -2.828852265131314 -7.969842163282068 -6.221144809287793 -10.645083981704406 -9.067463988763631 -1.7895640326698725 -11.737866882900683 -7.932362160487685 -10.008054543253984 -13.738560855857765 -13.100399270440056 -14.017884006881543 -10.285829928650791
22.605210420841683 -6.587678266786234 -10.671329984747864 -9.112375292027863 -9.510188149383296 -12.106936158615316 -11.558472484288345 -4.9578234370722205 -2.439813457731308 5.699568973167676 -1.3434480142780276 0.557499944692911 -7.7276718041698205 -5.257951795746173 -11.547629751324077 -9.877056487950046 -2.8101366768299774 -7.959405798836287 -6.208352597104252 -10.638686029550168 -9.05858471654339 -1.7703433411797143 -11.733426809165959 -7.922457105250373 -10.001012559227664 -13.738670817955326 -13.098729132436018 -14.019230823570561 -10.280305765488418
22.665330661322646 -6.575413322008163 -10.664985680520491 -9.103638970364418 -9.50304042430103 -12.103141885505586 -11.553644671270948 -4.943276105275248 -2.4203491253679132 5.728010615494232 -1.3286559185394604 0.5722441020957949 -7.716672660950697 -5.244141989236141 -11.54206659210389 -9.869478594697611 -2.7914121379718293 -7.948958558897361 -6.195550161253038 -10.632275572656518 -9.049693648219321 -1.7511135633064256 -11.7289738405462 -7.9125417581200885 -9.993959266278072 -13.738767019111682 -13.097045461073867 -14.020563853606623 -10.274771189996343
22.725450901803605 -6.563142220138207 -10.65863171893282 -9.094894421309032 -9.495885074517059 -12.099336650774735 -11.548806351666911 -4.928723583045481 -2.400881961361865 5.7564441054125455 -1.3138655003768558 0.5869889114090978 -7.705665993517752 -5.2303276061329775 -11.536493489196726 -9.861892906736227 -2.7726843782286115 -7.93850426491051 -6.182741864620276 -10.625855501658865 -9.040794246464383 -1.7318805457924569 -11.724510415956999 -7.902619813708789 -9.98689770102688 -13.73885084686769 -13.095350055568991 -14.021884198202253 -10.26922888294381
22.785571142284567 -6.550863028708882 -10.652266830020132 -9.086140107578977 -9.488720734319802 -12.095519468709703 -11.54395642468348 -4.9141636840965495 -2.3814092300288436 5.784873188818957 -1.2990745103098784 0.6017366151660899 -7.694650012996498 -5.216506541034981 -11.530909259597195 -9.854298014996338 -2.753950745377154 -7.928041188920518 -6.169925714740927 -10.619424539231073 -9.031884957113103 -1.7126415806081496 -11.720035476203954 -7.892689599208538 -9.979826512087389 -13.738921747382465 -13.09364216468836 -14.023191440417689 -10.263677656741148
22.84569138276553 -6.538573203118059 -10.645889332169745 -9.07737399925134 -9.481545600043066 -12.091689028418369 -11.539093429260685 -4.899593532500318 -2.3619273392336027 5.813302768878629 -1.2842800049614662 0.6164901494339294 -7.683622360887406 -5.2026760244655925 -11.525312335203346 -9.846692057625976 -2.7352077558189802 -7.91756705248545 -6.157099088802234 -10.612980994161152 -9.022963728007891 -1.693393111059578 -11.715547614672808 -7.8827489097834125 -9.972743912963722 -13.738978973889429 -13.091920783763713 -14.024485012509478 -10.258115940954404
22.905811623246493 -6.526281723788792 -10.639505285705049 -9.06860333671819 -9.474366119774569 -12.087850131101696 -11.534222677183283 -4.8850232365921284 -2.3424488241598596 5.841715898301467 -1.2694921665188903 0.6312393500236237 -7.67259139632331 -5.188845797549909 -11.519708390323366 -9.839081700326961 -2.7164675804558347 -7.907089940320248 -6.144271232503762 -10.606530959432714 -9.014037876636145 -1.6741475585098264 -11.71105195745712 -7.872805562147196 -9.965656309904176 -13.73902540381504 -13.090189670535677 -14.02576717968058 -10.252549384224103
22.965931863727455 -6.5139810065494785 -10.633109623283996 -9.059822036162295 -9.467176880956547 -12.08399879261842 -11.5293397453123 -4.87044424301602 -2.32296304132916 5.870127034889234 -1.2547023115587304 0.6459928813821461 -7.661550074324073 -5.1750076202213116 -11.514092689466537 -9.831461351816124 -2.697719891027799 -7.896603042291354 -6.131434333305954 -10.600069339628657 -9.00510125356428 -1.654894380221723 -11.706544240784744 -7.862852968978764 -9.95855833339796 -13.739058704607475 -13.088445737035117 -14.027036134227282 -10.246973258511343
23.026052104208414 -6.501672875521489 -10.626703597460505 -9.05103158138628 -9.459979207410782 -12.08013601820701 -11.52444573927717 -4.855858597916437 -2.3034725125580735 5.898532797935673 -1.2399124727592787 0.6607487129263103 -7.650500098959719 -5.161163465420543 -11.508466409272248 -9.823832382264943 -2.6789671385838187 -7.886108008076584 -6.118590267370649 -10.59359739372793 -8.996155358032834 -1.6356360768511635 -11.702025533660976 -7.852892724031566 -9.951451302030687 -13.739079502211842 -13.086689782918606 -14.028292381069567 -10.241388729263114
23.086172344689377 -6.489356276975595 -10.620286527218319 -9.04223114113222 -9.452772362525277 -12.076261286406673 -11.519540073041679 -4.841265105258127 -2.2839757328312515 5.926935260793848 -1.2251214072126255 0.6755080838390062 -7.639440497828994 -5.14731218238428 -11.502828917536949 -9.816194032444649 -2.660207865367419 -7.8756038995492945 -6.105737947267276 -10.587114436591989 -8.987199349381392 -1.616371159410992 -11.697495273429723 -7.842923918717251 -9.944334488522788 -13.739087517090416 -13.08492141815094 -14.02953571724712 -10.235795159463166
23.14629258517034 -6.477029340837959 -10.613857182710014 -9.03341922724115 -9.445555025551986 -12.072373642274652 -11.514621680289157 -4.82666164929202 -2.2644700549079566 5.955338041095001 -1.2103269456562766 0.690273158917535 -7.628369538985916 -5.133451734623446 -11.497179068632086 -9.808544939274839 -2.6414395048528694 -7.865089044480091 -6.09287544492167 -10.580619231264698 -8.978231722931564 -1.5970970071148827 -11.692952434264186 -7.832944934869044 -9.937206585340395 -13.739082212575473 -13.083139914882407 -14.030765738819964 -10.230191401386648
23.206412825651302 -6.464699779035783 -10.607420772126694 -9.024602059714084 -9.438332733317019 -12.0684772138776 -11.509695127250605 -4.812056909998193 -2.2449662408157245 5.9837266063304435 -1.195537814237166 0.7050352223363778 -7.617294403151463 -5.119590484903366 -11.491521739362078 -9.80089082753554 -2.6226725067016265 -7.854570386560426 -6.0800106997741565 -10.574117013936615 -8.969258765245183 -1.5778242851113689 -11.688401422581567 -7.822962484313241 -9.930073095036338 -13.739066065056365 -13.081348505340012 -14.031984396215494 -10.224582304397725
23.266533066132265 -6.452359767883404 -10.600972065003251 -9.015773360781658 -9.431099903694058 -12.064567887369293 -11.504755847353785 -4.797442064099587 -2.22545331236061 6.012115850902348 -1.1807450739947707 0.71980319900424 -7.606207820620157 -5.105719935352639 -11.485852041630029 -9.793225929708928 -2.603896217597328 -7.844040900030078 -6.067135652782767 -10.567602525224213 -8.960274130449779 -1.5585421182980852 -11.683837836690927 -7.812969772902996 -9.92292847822382 -13.73903666470836 -13.079544000276966 -14.033189821462598 -10.218962993824796
23.326653306613224 -6.440011856008212 -10.594512799868454 -9.006935196569312 -9.423858377898373 -12.060647051113094 -11.499805371087337 -4.782819974435305 -2.205934806530596 6.0405010213028705 -1.1659515808389993 0.7345742352797093 -7.595112169368375 -5.091842845175027 -11.48017160646572 -9.785552150851633 -2.585114073905388 -7.8335028856919005 -6.054252926282402 -10.56107751274281 -8.951279906475342 -1.5392540132123145 -11.679263155171178 -7.802969023638244 -9.915774567378062 -13.738994863321919 -13.077727497150613 -14.03438269523276 -10.213335086979711
23.386773547094187 -6.42765676896115 -10.588043490197094 -8.998088166549465 -9.416608692065598 -12.056715126135611 -11.494844157096384 -4.76819144995667 -2.186411709387741 6.068880817693604 -1.1511581170498881 0.749347547919538 -7.584008131706146 -5.077959994929934 -11.474480918871468 -9.77787004717299 -2.566327035821818 -7.8229570049967 -6.04136326522605 -10.554542492374743 -8.942276698827367 -1.5199609489623889 -11.674677822814168 -7.792960874449033 -9.908611898997481 -13.738940938954991 -13.075899339608926 -14.035563249693864 -10.207699059642472
23.44689378757515 -6.415292069095262 -10.581562523544541 -8.98923032523868 -9.409349119080854 -12.052770854746626 -11.489870803892703 -4.753553735710528 -2.1668805804324975 6.0972599270177925 -1.136361872918385 0.764125942357087 -7.57289344714841 -5.064068732808952 -11.46877847517188 -9.770177835358115 -2.5475317667040653 -7.812401075060664 -6.028464157155664 -10.5479958425029 -8.933262540508071 -1.5006595186005356 -11.670080490554327 -7.782943213796898 -9.901438761581431 -13.738874174500209 -13.074058563400042 -14.036730939458229 -10.202053408830203
23.507014028056112 -6.402925656600171 -10.575075234739248 -8.980368044117597 -9.402085327347223 -12.048818464677602 -11.484889988472737 -4.738915724535665 -2.1473524470054883 6.125623471388619 -1.1215717761835715 0.77890049613092 -7.561775472889932 -5.050177624328626 -11.463069270281558 -9.762481377011778 -2.528738973682334 -7.801842208450133 -6.01556373541376 -10.541442926632314 -8.924243871621602 -1.4813606507257937 -11.665475671042973 -7.772922915203893 -9.894260789486538 -13.738797103570198 -13.07220847739895 -14.037887758371975 -10.19640309679497
23.567134268537075 -6.3905470988808055 -10.56857463788683 -8.971492945242368 -9.394809870186336 -12.044852455118527 -11.47989560764124 -4.724265653595562 -2.1278126801911057 6.153991265604312 -1.1067759422670593 0.7936830826817922 -7.550644510131417 -5.036275342901217 -11.457346774034828 -9.754772976262498 -2.509934459583285 -7.791271033318929 -6.00265125447784 -10.53487672043298 -8.915212222964275 -1.462049852180396 -11.660857481180624 -7.7628909183856365 -9.887070589846285 -13.738706494014481 -13.070344811688875 -14.039031196226544 -10.190741620503125
23.627254509018034 -6.378161131429607 -10.562063940585613 -8.962608853754013 -9.387526151806913 -12.040875373906275 -11.47489047701134 -4.709608850156989 -2.108267878810235 6.182354419428148 -1.0919797070405575 0.8084683686431728 -7.539504971659981 -5.022367020289863 -11.451613991426434 -9.747056154119768 -2.49112463277535 -7.780691816501119 -5.989731588757703 -10.52830044859867 -8.906171460699639 -1.4427336634892995 -11.656228638590918 -7.7528513462077875 -9.8798715479227 -13.738603883450205 -13.068469566254207 -14.040162468626052 -10.185071962763725
23.687374749498996 -6.365767866948886 -10.555543243549064 -8.953715875523045 -9.380234269128369 -12.036887315582732 -11.469874693745137 -4.694945433021323 -2.088718172398707 6.210712790892001 -1.07718315804421 0.8232562646231902 -7.528356969455133 -5.008452772234179 -11.445871021169076 -9.739331012770897 -2.472309621935136 -7.770104668076738 -5.976804852183566 -10.521714212015798 -8.897121691423102 -1.4234122150383755 -11.65158923935838 -7.74280430356276 -9.87266376387435 -13.7384893553269 -13.066582829796294 -14.041281655107872 -10.179394215018167
23.74749498997996 -6.35336294331589 -10.549009639439237 -8.944810515856929 -9.372931118960288 -12.032885999280651 -11.46484572284768 -4.680270479019778 -2.0691574278922253 6.23907469871886 -1.06238131008169 0.838051752610586 -7.517196451476267 -4.994527859997916 -11.440115148237535 -9.731594345929928 -2.4534834766608893 -7.759505674476707 -5.963866550609467 -10.515115087151425 -8.88805938193526 -1.404079431529901 -11.646936841517501 -7.732746006865057 -9.86544415854155 -13.738361585482933 -13.064682840618802 -14.042387735888509 -10.173705672060365
23.80761523046092 -6.3409554084747555 -10.542469234561107 -8.935900069663791 -9.365623187810979 -12.028876261586277 -11.45980891629966 -4.665594174885213 -2.0495982806645863 6.267423103696463 -1.0475843822633197 0.8528446147132809 -7.506031844017856 -4.980602092979826 -11.434352088865449 -9.723852861650403 -2.434658464912751 -7.7489029798937965 -5.950925999350201 -10.508509213176502 -8.87899190618608 -1.3847478354370146 -11.642276608066311 -7.722684325337479 -9.858219179959082 -13.73822346661109 -13.062773380957482 -14.043482984086209 -10.168012009268583
23.867735470941884 -6.328537717692981 -10.535916981899938 -8.926978481275416 -9.358305096415833 -12.02485413181142 -11.45475986671114 -4.65090801153763 -2.03003014377531 6.295772340858183 -1.0327837824620718 0.8676434390661005 -7.494856133362753 -4.966667279945799 -11.42857712653263 -9.716101000462071 -2.415824312906143 -7.738289808966383 -5.9379754269012075 -10.501891515243322 -8.869913142086379 -1.3654069380273448 -11.637604291584136 -7.712612709796094 -9.850983487604239 -13.738072672964046 -13.06085137264814 -14.044565597580315 -10.162308532325675
23.927855711422843 -6.316113403626513 -10.529355280305932 -8.918048607852676 -9.350979386689904 -12.020821518781784 -11.449700681896768 -4.636215961505147 -2.010457934098717 6.324115800382352 -1.0179834759866142 0.88244425920761 -7.4836726137637415 -4.952727246875387 -11.422792509464454 -9.708341392351507 -2.396985796276596 -7.727669346622112 -5.925018469059413 -10.49526440489256 -8.860825977541271 -1.3460616134958592 -11.632921926812774 -7.702534236601295 -9.84373961068977 -13.737910362068211 -13.058918317125501 -14.045636494182856 -10.156597469057385
