web/models/kne/46/mosfit_kn_0.077496_0.1553_3.6500.dat
# %ECSV 1.0
# ---
# datatype:
# - {name: time, datatype: float64}
# - {name: PS1_g, datatype: float64}
# - {name: PS1_i, datatype: float64}
# - {name: PS1_r, datatype: float64}
# - {name: PS1_w, datatype: float64}
# - {name: PS1_y, datatype: float64}
# - {name: PS1_z, datatype: float64}
# - {name: swift_uvot_B, datatype: float64}
# - {name: swift_uvot_U, datatype: float64}
# - {name: swift_uvot_uvm2, datatype: float64}
# - {name: swift_uvot_uvw1, datatype: float64}
# - {name: swift_uvot_uvw2, datatype: float64}
# - {name: swift_uvot_V, datatype: float64}
# - {name: johnson_B, datatype: float64}
# - {name: johnson_I, datatype: float64}
# - {name: johnson_R, datatype: float64}
# - {name: johnson_U, datatype: float64}
# - {name: johnson_V, datatype: float64}
# - {name: sdss_g, datatype: float64}
# - {name: sdss_i, datatype: float64}
# - {name: sdss_r, datatype: float64}
# - {name: sdss_u, datatype: float64}
# - {name: sdss_z, datatype: float64}
# - {name: ATLAS_c, datatype: float64}
# - {name: ATLAS_o, datatype: float64}
# - {name: ukirt_H, datatype: float64}
# - {name: ukirt_J, datatype: float64}
# - {name: ukirt_K, datatype: float64}
# - {name: Clear, datatype: float64}
# meta: !!omap
# - comment: [kappa = 3.65, type = rprocess, mass = 0.07749594937791414, velocity = 0.15533333333333332, theta_obs = 0.0, tfloor = 1000.0]
# schema: astropy-2.0
time PS1_g PS1_i PS1_r PS1_w PS1_y PS1_z swift_uvot_B swift_uvot_U swift_uvot_uvm2 swift_uvot_uvw1 swift_uvot_uvw2 swift_uvot_V johnson_B johnson_I johnson_R johnson_U johnson_V sdss_g sdss_i sdss_r sdss_u sdss_z ATLAS_c ATLAS_o ukirt_H ukirt_J ukirt_K Clear
[from data line 85]
5.170340681362725 -10.387627149556877 -13.334034847128038 -12.23432981128422 -12.360859276288334 -14.284679737680186 -13.931377106571876 -9.18783227130196 -7.60430301243554 -1.28962453066132 -5.78786924806149 -3.841392975249803 -11.271747727899808 -9.365700436923103 -14.063790460498453 -12.796803105014291 -7.832461842366715 -11.411777220210604 -10.111012590157102 -13.314116646157448 -12.206453944761169 -6.8835312806302795 -14.039316666026522 -11.290980859472644 -12.81845465981828 -15.188444989420656 -14.8812115243925 -15.240276464475711 -12.838372116539354
5.2304609218436875 -10.339577089477281 -13.310449292801323 -12.20088100690301 -12.33241877716237 -14.27140008062672 -13.91398046853956 -9.130730995383686 -7.527300273923814 -1.1713918248008275 -5.72152406098466 -3.7765214722675498 -11.229494437834877 -9.310828028183774 -14.04327872850396 -12.767290352085336 -7.758539093380367 -11.371207803538963 -10.06076665865928 -13.290258144197491 -12.172529865969679 -6.8077889559802784 -14.023258437621813 -11.25174809780475 -12.791142469985832 -15.19035804944236 -14.87619223828636 -15.246903135255996 -12.815829314554819
5.290581162324649 -10.291189032441785 -13.28653228599757 -12.167096832294693 -12.303686233876032 -14.257798515005629 -13.896256709211237 -9.073279410352797 -7.449933588872888 -1.0528653745249654 -5.655088863624016 -3.711558677329719 -11.186890733407655 -9.255623187330823 -14.022440078322173 -12.737460908337123 -7.684251361993734 -11.330300635522635 -10.010181443254016 -13.2660680279667 -12.138266590307119 -6.731675003472386 -14.006877944242095 -11.212202098149913 -12.763515577539728 -15.191976723176946 -14.87086533891979 -15.253246685435185 -12.79301523296649
5.350701402805611 -10.242469645027974 -13.262290432872827 -12.132983960087067 -12.274667929356138 -14.243881534101117 -13.878212369517566 -9.015484267711901 -7.372209699386243 -0.9340524675951505 -5.5885660207221655 -3.646504780024674 -11.143943330778924 -9.200092708659863 -14.00128109268736 -12.707321495480468 -7.609605443922273 -11.2890624735199 -9.959263621100494 -13.241552907919889 -12.10367079284989 -6.655196231271585 -13.990181729285407 -11.172349390371217 -12.73558060707126 -15.19330727746009 -14.86523720461795 -15.259313319483192 -12.769936023318884
5.410821643286573 -10.1933874029233 -13.237704831111117 -12.098518438676944 -12.245342195956788 -14.229635478302871 -13.859831695508671 -8.957309418742387 -7.294082116965512 -0.8148859393731049 -5.5219107024032255 -3.5813136296558166 -11.100623735293233 -9.144201672125764 -13.979784446151761 -12.676850282953744 -7.534556497693796 -11.24746575899003 -9.907980539001695 -13.216693744385548 -12.06871827153181 -6.578306856222689 -13.973154743294458 -11.132162923753821 -12.707316773654274 -15.19434374462882 -14.859298365161225 -15.26509946837736 -12.746572979642252
5.4709418837675345 -10.143991498790346 -13.212810264879185 -12.063740903945739 -12.215746300912773 -14.215088968979916 -13.841145774497239 -8.898809461421752 -7.215617114541786 -0.6954567083440315 -5.455178318856806 -3.516037790445384 -11.056977805079502 -9.08800339059843 -13.957983092917267 -12.646085627058074 -7.4591690455068544 -11.205555389996247 -9.85638268907124 -13.191525485997957 -12.033449947786004 -6.50107248737454 -13.955827286269855 -11.091686556817066 -12.678761043590345 -15.19510558450111 -14.853072470144538 -15.270621753121992 -12.722959760303016
5.531062124248497 -10.094246121747368 -13.187584835403676 -12.028623885676097 -12.185855371305347 -14.200225902419685 -13.822136186183354 -8.839943473581055 -7.136762374463146 -0.5756897059740522 -5.3883191233863315 -3.4506264468813117 -11.01297304971305 -9.031458305709496 -13.935856877487904 -12.615002405054849 -7.383392577355458 -11.163299914446101 -9.80443301524387 -13.1660260821449 -11.997838072083677 -6.423441570784938 -13.938181718103557 -11.050889439944083 -12.649889456227061 -15.195585212606503 -14.846548054854585 -15.275875246322704 -12.699074788241695
5.591182364729459 -10.044129064938385 -13.162015625834815 -11.993150757657975 -12.155654475120112 -14.185037216995457 -13.802792325800564 -8.780685837817519 -7.05748463625385 -0.4555368025361721 -5.321300701202745 -3.38504590702373 -10.968589473661325 -8.974541760346181 -13.913394049442378 -12.583585613040846 -7.307195057052411 -11.120680070005518 -9.75210847977987 -13.140182515639225 -11.961865824989868 -6.345381363961344 -13.920207966169045 -11.009752683423635 -12.620687754344342 -15.195779239739512 -14.839719148444582 -15.280858334884735 -12.674905333399664
5.651302605210421 -9.993699597878845 -13.136143960924596 -11.957370123135114 -12.125188055782434 -14.169556575627151 -13.783150923421843 -8.721102556265496 -6.977864473072017 -0.33510904292672716 -5.254190864298902 -3.3193611923671216 -10.923882199067407 -8.917318116232988 -13.890633653116204 -12.551880973271043 -7.230654865063315 -11.077749753353848 -9.69946997064378 -13.114036315299948 -11.925582170979432 -6.266971608795142 -13.90194177200609 -10.968328906384599 -12.591199948598 -15.195709931515161 -14.832613228375669 -15.285589745238875 -12.650491347668922
5.7114228456913825 -9.942905823459434 -13.109937014820634 -11.921241499367206 -12.094419455694556 -14.153759149478269 -13.76318394815426 -8.661134673838752 -6.897827306282931 -0.21430075935814852 -5.186921000069624 -3.2535031335135076 -10.87880381585964 -8.859730322194594 -13.867545269549037 -12.519851253589842 -7.153699873672814 -11.034462999093877 -9.646463880054164 -13.087554445586509 -11.888946232940114 -6.188138725294436 -13.883356186121194 -10.926573120210481 -12.56139043548723 -15.195364276575841 -14.825211896233162 -15.290060155963603 -12.625800793368747
5.771543086172344 -9.89175414002828 -13.083400754580197 -11.884771064368067 -12.06335450307991 -14.13765065812603 -13.742897217193963 -8.600788790456583 -6.817380016033248 -0.09312024902357319 -5.119494325160243 -3.1874733152126065 -10.833360650318593 -8.801785027232402 -13.844134806010715 -12.48750266566977 -7.076336966583156 -10.990826181113976 -9.593096649381838 -13.06074288182863 -11.851964189995208 -6.108889622985476 -13.864457020181913 -10.884491503091613 -12.531265295029463 -15.19474759799397 -14.817520664357902 -15.294274777824784 -12.600839333608942
5.831663326653306 -9.840275649544239 -13.056557575673189 -11.84798476457507 -12.032016955691294 -14.121249740930466 -13.722310874136152 -8.540099306657442 -6.736564047027862 0.028375977622869364 -5.051944140596234 -3.121303016240254 -10.787581821419458 -8.743515863075086 -13.820423545351723 -12.45485979328243 -6.998606556180899 -10.946867851539535 -9.539400168938812 -13.033624120367389 -11.814662163965686 -6.0292653779383265 -13.84526394325551 -10.842111874171767 -12.500848230769392 -15.193872917840046 -14.809555128829304 -15.298244890254791 -12.575628499353595
5.891783567134269 -9.788416276801684 -13.029373007368275 -11.810840253100725 -12.000368552400964 -14.10453017365354 -13.701395387686723 -8.479004858332566 -6.655301948343766 0.15029702501500442 -4.984200203838611 -3.0549216183595926 -10.741417817307426 -8.68486348309585 -13.796379504602704 -12.42188369399057 -6.920433705023392 -10.902540027804049 -9.485318602882824 -13.006163474640022 -11.776997389682187 -5.949189538345543 -13.825748552185306 -10.799387337374089 -12.470101977357562 -15.192726244012494 -14.801295719772279 -15.301960328500657 -12.550134849873977
5.95190380761523 -9.736214499229945 -13.001874264130073 -11.773369326532332 -11.968438350925474 -14.08751433407641 -13.680175072418947 -8.417548175408111 -6.573645581763046 0.272571705333708 -4.916305010294888 -2.988369574815429 -10.694904537014828 -8.625869602353266 -13.772028462007057 -12.38860437798219 -6.841868922474649 -10.85787785792945 -9.430891447192913 -12.978388288591844 -11.739001891613015 -5.8687134720720735 -13.805934544290501 -10.756352148526833 -12.439055432419526 -15.191322733347189 -14.792760900726341 -15.305434006184127 -12.524384588231126
6.012024048096192 -9.683666899778025 -12.974060569670094 -11.735570178702233 -11.936224887584412 -14.07020250392863 -13.65864978393235 -8.355724894167544 -6.491588356202893 0.3952102266638642 -4.848250160105252 -2.9216372804462973 -10.648039200398351 -8.566530210202949 -13.74736997322539 -12.355020593680567 -6.762906006584856 -10.812878840184135 -9.376115051610459 -12.950297759890912 -11.700673800023065 -5.787830766175102 -13.785821945028065 -10.713003806178065 -12.407707487292061 -15.189664212346848 -14.78395180174905 -15.308668241665815 -12.498376857180986
6.072144288577154 -9.630763140322411 -12.945926478977388 -11.69743542481184 -11.90372165064927 -14.052591256235942 -13.636815283146468 -8.293522880672157 -6.409114063788071 0.5182360566331008 -4.7800190762016115 -2.8547071192018367 -10.600812616662882 -8.506833761459024 -13.72239921457502 -12.321125905010437 -6.683529420057496 -10.767534239509613 -9.320978641614222 -12.921886392265822 -11.662005616446294 -5.706525494340973 -13.765406816532266 -10.669333736313327 -12.376052051764361 -15.1877502361539 -14.774866624883563 -15.311663532198166 -12.472106327328625
6.132264529058116 -9.577505261780406 -12.917474763538586 -11.658967576639458 -11.87093109919271 -14.034683615600212 -13.614674490121672 -8.230943938411858 -6.32622383697802 0.641648457024055 -4.711610284523182 -2.7875764021108504 -10.553227013386508 -8.446782236396796 -13.697119049222827 -12.286923069808779 -6.603740445129926 -10.72184643006574 -9.265484196713416 -12.893156952537428 -11.622999826798797 -5.624798870862264 -13.744692144163082 -10.625344202388991 -12.34409185245994 -15.185584184743629 -14.765508596977044 -15.31442337927803 -12.44557560288749
6.192384769539078 -9.523888441571735 -12.888703569328577 -11.620163616528814 -11.83785068463811 -14.01647893411079 -13.592226269423833 -8.16798216490832 -6.242909268479941 0.7654598594824131 -4.643014169780013 -2.7202344605111892 -10.505278263619832 -8.386370141321752 -13.67152800188083 -12.252409705892592 -6.52353110420589 -10.675811606167008 -9.209626631115597 -12.864107556972701 -11.583653338253459 -5.542642674088363 -13.723676987747595 -10.581031444602456 -12.311824677408136 -15.18316719075521 -14.755878046527807 -15.316949483168043 -12.41878285018112
6.25250501002004 -9.469908543762386 -12.859611457629327 -11.58102105130423 -11.804478337515754 -13.997976866614632 -13.569469832909515 -8.10463244299416 -6.159162955295638 0.8896812045413833 -4.574222095899234 -2.652671629192905 -10.456962859666767 -8.325592747818348 -13.64562497949149 -12.21758391729755 -6.442894390042461 -10.629426566720442 -9.153401569995658 -12.834736740193424 -11.54396358683579 -5.460049671411156 -13.702360741036017 -10.536392296560013 -12.27924877535198 -15.180500526448025 -14.745975516207233 -15.319243633385716 -12.39172665463709
6.312625250501002 -9.415550369302252 -12.830189555971447 -11.541528487919912 -11.770803953746984 -13.979171182362382 -13.546397883963284 -8.04087722094864 -6.074962080320265 1.0143446870037183 -4.505212366255726 -2.584865390998455 -10.408267048826218 -8.264433279418494 -13.619401922623748 -12.182435549999948 -6.36180833464125 -10.582678155971726 -9.096793247741708 -12.805035562435432 -11.503919026639409 -5.376997380444273 -13.680736502525654 -10.491413903147642 -12.246354463947569 -15.177581900831814 -14.735796924186173 -15.321304784974144 -12.364398500107932
6.372745490981964 -9.360815163922211 -12.80043993649203 -11.501687698778973 -11.736829335962558 -13.960064257494196 -13.523012671324963 -7.9767174592710886 -5.990306842830062 1.1394504947250512 -4.435983126008871 -2.5168128301735346 -10.359192265947208 -8.202892911386094 -13.592861013301604 -12.146966670251242 -6.2802732992934835 -10.535567985541386 -9.039802839563738 -12.775006090154282 -11.463521396572602 -5.293486077847138 -13.658806600119942 -10.446097797931078 -12.213143782674916 -15.174414139164597 -14.7253448999386 -15.323135916425395 -12.336800389789335
6.432865731462925 -9.305722655748827 -12.770376990887087 -11.461515265027185 -11.702569639381561 -13.940668161417289 -13.499327193047623 -7.912174928468626 -5.905223310511172 1.2649629886686649 -4.366554570138543 -2.4485328399393 -10.309757035950568 -8.140992977958387 -13.566015960809523 -12.111193070160635 -6.198314744788835 -10.488114269648124 -8.98245055961457 -12.744662778431124 -11.422787382702086 -5.2095416289573215 -13.636583751097646 -10.400461667203604 -12.179631938812125 -15.171005822897175 -14.714629628766003 -15.324744526443935 -12.308946102697291
6.492985971943887 -9.250249635742538 -12.73998637874838 -11.420993298260687 -11.668008904687479 -13.920972285274598 -13.475329334502124 -7.847223099583252 -5.81967759476818 1.3909294282360714 -4.296895857416079 -2.3799939698018444 -10.25994015803856 -8.078708013081538 -13.53885356856279 -12.075098568749134 -6.115899949687471 -10.440296621633534 -8.92471240253549 -12.713991191160723 -11.381698883015119 -5.1251305900979105 -13.614056390286695 -10.354485625388214 -12.14580344901659 -15.167351928069138 -14.703643544217629 -15.326127354796204 -12.280821938783077
6.55310621242485 -9.194406306500671 -12.709276057425907 -11.380130696604738 -11.633155344062267 -13.900983583268562 -13.451026447588816 -7.7818730495539254 -5.733682531621405 1.5173323654100175 -4.227016017099459 -2.3112041589526053 -10.209751327798237 -8.016048988381911 -13.511381509958468 -12.038691824306202 -6.033041529920304 -10.39212467582482 -8.866598777974524 -12.682999314517573 -11.34026483041211 -5.040265735134657 -13.591231771214094 -10.3081790044852 -12.111666663596239 -15.163457900297846 -14.692392791496117 -15.327289385203054 -12.252435530917474
6.613226452905812 -9.138184722159384 -12.678241818486828 -11.338921775784634 -11.598004016850645 -13.880699396007916 -13.426415243624827 -7.716115444781631 -5.6472256329836945 1.644189292617388 -4.156902625422152 -2.242150189636195 -10.159183439162433 -7.953007104983264 -13.483596063421103 -12.001967973450444 -5.949727524539156 -10.34359174533204 -8.808101406845381 -12.65168290191033 -11.298479439549531 -4.9549347837090885 -13.568106858874529 -10.261535256623109 -12.077216950294964 -15.159323402004873 -14.68087598203036 -15.328231020927026 -12.223782898725002
6.673346693386773 -9.081576516632541 -12.646879137060125 -11.297360492945039 -11.562549669178566 -13.860116795086785 -13.401492144953853 -7.649940487829961 -5.560293856612333 1.7715183635680427 -4.086542922599499 -2.1728185274374776 -10.108228982153495 -7.889573122159991 -13.455493206407347 -11.964921824522651 -5.865945431675492 -10.29469075632864 -8.749211580263747 -12.620037389181515 -11.256336562044442 -4.869124902796997 -13.544678338480338 -10.214547463914556 -12.042449356235725 -15.154947904438686 -14.669091500492238 -15.328952499635909 -12.194859786037533
6.733466933867735 -9.02459315862627 -12.615196726527227 -11.255456708307303 -11.526801361178443 -13.83924327464257 -13.376265129842349 -7.583360714854442 -5.472901916152306 1.8992993976004309 -4.0159476504177505 -2.1032188965878293 -10.056898802323666 -7.825759420169764 -13.427081303575925 -11.927562913523737 -5.781709682874158 -10.245432457335076 -8.689941020342982 -12.588071524369866 -11.213846103925142 -4.782850721568526 -13.520954061869794 -10.167226032340793 -12.007373059331083 -15.150337070038834 -14.65704585725346 -15.329458919512271 -12.165674547995593
