web/models/kne/46/mosfit_kn_0.002817_0.2180_0.5000.dat
# %ECSV 1.0
# ---
# datatype:
# - {name: time, datatype: float64}
# - {name: PS1_g, datatype: float64}
# - {name: PS1_i, datatype: float64}
# - {name: PS1_r, datatype: float64}
# - {name: PS1_w, datatype: float64}
# - {name: PS1_y, datatype: float64}
# - {name: PS1_z, datatype: float64}
# - {name: swift_uvot_B, datatype: float64}
# - {name: swift_uvot_U, datatype: float64}
# - {name: swift_uvot_uvm2, datatype: float64}
# - {name: swift_uvot_uvw1, datatype: float64}
# - {name: swift_uvot_uvw2, datatype: float64}
# - {name: swift_uvot_V, datatype: float64}
# - {name: johnson_B, datatype: float64}
# - {name: johnson_I, datatype: float64}
# - {name: johnson_R, datatype: float64}
# - {name: johnson_U, datatype: float64}
# - {name: johnson_V, datatype: float64}
# - {name: sdss_g, datatype: float64}
# - {name: sdss_i, datatype: float64}
# - {name: sdss_r, datatype: float64}
# - {name: sdss_u, datatype: float64}
# - {name: sdss_z, datatype: float64}
# - {name: ATLAS_c, datatype: float64}
# - {name: ATLAS_o, datatype: float64}
# - {name: ukirt_H, datatype: float64}
# - {name: ukirt_J, datatype: float64}
# - {name: ukirt_K, datatype: float64}
# - {name: Clear, datatype: float64}
# meta: !!omap
# - comment: [kappa = 0.5, type = rprocess, mass = 0.0028172691138521437, velocity = 0.21800000000000003, theta_obs = 0.0, tfloor = 1000.0]
# schema: astropy-2.0
time PS1_g PS1_i PS1_r PS1_w PS1_y PS1_z swift_uvot_B swift_uvot_U swift_uvot_uvm2 swift_uvot_uvw1 swift_uvot_uvw2 swift_uvot_V johnson_B johnson_I johnson_R johnson_U johnson_V sdss_g sdss_i sdss_r sdss_u sdss_z ATLAS_c ATLAS_o ukirt_H ukirt_J ukirt_K Clear
[from data line 323]
19.478957915831664 12.69183789410107 3.810009080901793 7.285079858939625 5.317156047435638 0.28681903237652406 1.7044949972236623 16.231744470665557 22.89068856856047 36.77928387258964 18.856271100635027 21.36928760711468 10.651354586971856 15.027807153699367 2.256495774479842 5.226528541204842 21.859687389308718 9.696332251803101 13.504377995415506 3.891265033014779 7.513568518436067 23.391794098735296 1.1310673852016606 9.264156428682266 4.81174390407249 -4.662168345538972 -2.512679050049281 -6.022457026012143 3.0312620036743
19.539078156312623 12.70324743608981 3.8214186228905334 7.296489400928365 5.328565589424397 0.2982285743652646 1.7159045392124028 16.243154012654298 22.90209811054921 36.79069341457838 18.867680642623768 21.38069714910342 10.662764128960596 15.039216695688108 2.2679053164685827 5.2379380831935825 21.871096931297465 9.707741793791842 13.515787537404247 3.9026745750035197 7.524978060424807 23.403203640724037 1.1424769271904012 9.275565970671025 4.82315344606123 -4.650758803550231 -2.5012695080605405 -6.011047484023402 3.0426715456630404
19.599198396793586 12.714637496949841 3.8328086837505637 7.307879461788396 5.339955650284409 0.309618635225295 1.7272946000724332 16.254544073514328 22.91348817140924 36.802083475438415 18.879070703483787 21.39208720996344 10.674154189820626 15.05060675654812 2.279295377328613 5.249328144053595 21.88248699215749 9.719131854651872 13.527177598264277 3.91406463586355 7.536368121284838 23.414593701584067 1.1538669880504315 9.286956031531037 4.834543506921261 -4.639368742690201 -2.48987944720051 -5.999657423163372 3.054061606523071
19.65931863727455 12.726008102795063 3.844179289595786 7.319250067633618 5.3513262561296315 0.3209892410705173 1.7386652059176555 16.26591467935955 22.924858777254464 36.81345408128363 18.89044130932901 21.40345781580866 10.685524795665849 15.061977362393343 2.2906659831738354 5.260698749898817 21.89385759800271 9.730502460497094 13.5385482041095 3.9254352417087723 7.54773872713006 23.42596430742929 1.1652375938956538 9.29832663737626 4.845914112766483 -4.627998136844979 -2.478508841355288 -5.98828681731815 3.065432212368293
19.71943887775551 12.737359279221874 3.8555304660225964 7.330601244060446 5.36267743255646 0.3323404174973277 1.7500163823444659 16.27726585578636 22.93620995368128 36.82480525771045 18.90179248575583 21.414808992235482 10.69687597209266 15.07332853882017 2.302017159600646 5.2720499263256455 21.905208774429532 9.741853636923922 13.549899380536328 3.9367864181355827 7.55908990355687 23.437315483856107 1.1765887703224642 9.309677813803088 4.857265289193293 -4.616646960418151 -2.4671576649284597 -5.976935640891339 3.0767833887951035
19.779559118236474 12.748691054635657 3.8668622414363796 7.341933019474229 5.374009207970243 0.3436721929111286 1.761348157758249 16.288597631200144 22.947541729095065 36.83613703312424 18.913124261169624 21.426140767649276 10.70820774750646 15.084660314233954 2.313348935014429 5.283381701739429 21.91654054984331 9.753185412337706 13.56123115595011 3.948118193549366 7.5704216789706535 23.44864725926989 1.1879205457362474 9.321009589216871 4.868597064607076 -4.605315185004367 -2.4558258895146765 -5.965603865477556 3.0881151642089044
19.839679358717433 12.760003453925748 3.8781746407264706 7.353245418764303 5.385321607260316 0.3549845922012018 1.77266055704834 16.299910030490235 22.95885412838515 36.847449432414315 18.924436660459694 21.437453166939346 10.719520146796533 15.095972713524027 2.32466133430452 5.294694101029502 21.927852949133396 9.764497811627779 13.572543555240184 3.959430592839457 7.5817340782607445 23.459959658559974 1.1992329450263384 9.332321988506944 4.879909463897167 -4.594002785714294 -2.4445134902246033 -5.954291466187465 3.0994275634989776
19.899799599198396 12.771296504230616 3.8894676910313386 7.364538469069188 5.396614657565202 0.36627764250608763 1.783953607353208 16.311203080795103 22.970147178690024 36.858742482719194 18.93572971076458 21.44874621724423 10.73081319710142 15.107265763828913 2.335954384609388 5.305987151334388 21.939145999438274 9.775790861932665 13.58383660554507 3.970723643144325 7.593027128565613 23.47125270886485 1.2105259953312064 9.34361503881183 4.8912025142020354 -4.582709735409408 -2.4332204399197175 -5.942998415882597 3.1107206138038634
19.95991983967936 12.782570235841373 3.900741422642078 7.375812200679928 5.407888389175941 0.3775513741168268 1.7952273389639473 16.322476812405842 22.981420910300763 36.87001621432994 18.947003442375323 21.460019948854974 10.742086928712158 15.118539495439652 2.347228116220127 5.317260882945127 21.95041973104901 9.787064593543404 13.595110337155809 3.981997374755082 7.604300860176352 23.48252644047559 1.2217997269419634 9.35488877042257 4.902476245812775 -4.571436003798669 -2.4219467083089783 -5.93172468427184 3.1219943454146026
20.02004008016032 12.793824668526774 3.911995855327497 7.387066633365347 5.41914282186136 0.3888058068022282 1.8064817716493664 16.33373124509126 22.992675342986175 36.881270647015356 18.95825787506073 21.471274381540383 10.75334136139756 15.129793928125071 2.3584825489055463 5.328515315630546 21.96167416373443 9.798319026228823 13.606364769841228 3.9932518074404832 7.615555292861771 23.493780873161 1.2330541596273648 9.366143203107988 4.913730678498194 -4.56018157111325 -2.410692275623559 -5.920470251586439 3.133248778100004
20.080160320641284 12.805059833504302 3.9232310203050247 7.398301798342857 5.430377986838888 0.40004097177975595 1.8177169366268942 16.34496641006879 23.003910507963703 36.89250581199287 18.96949304003826 21.48250954651791 10.764576526375087 15.141029093102599 2.369717713883074 5.339750480608074 21.972909328711957 9.809554191206333 13.617599934818738 4.004486972418011 7.626790457839299 23.50501603813853 1.2442893246048925 9.377378368085516 4.9249658434757215 -4.54894640613574 -2.399457110646049 -5.909235086608911 3.1444839430775318
20.140280561122243 12.816275762999592 3.9344469498002965 7.409517727838146 5.44159391633416 0.41125690127504555 1.828932866122166 16.35618233956406 23.01512643745898 36.903721741488155 18.98070896953354 21.493725476013193 10.775792455870377 15.15224502259787 2.380933643378346 5.350966410103346 21.98412525820724 9.820770120701622 13.628815864314028 4.015702901913301 7.6380063873345705 23.516231967633807 1.255505254100182 9.388594297580788 4.936181772971011 -4.5377304766404505 -2.3882411811507596 -5.898019157113621 3.1556998725728214
20.200400801603205 12.827472474572534 3.9456436613732393 7.420714439411089 5.452790627907103 0.4224536128479883 1.8401295776951088 16.367379051137004 23.026323149031924 36.914918453061105 18.991905681106484 21.504922187586136 10.78698916744332 15.163441734170814 2.3921303549512887 5.362163121676288 21.995321969780182 9.831966832274565 13.64001257588697 4.026899613486243 7.649203098907531 23.52742867920675 1.2667019656731249 9.39979100915373 4.947378484543954 -4.526533765067508 -2.377044469577817 -5.886822445540679 3.166896584145764
20.260521042084168 12.83865001060514 3.956821197405862 7.431891975443694 5.463968163939725 0.4336311488805933 1.8513071137277315 16.378556587169626 23.037500685064536 36.92609598909371 19.003083217139096 21.516099723618748 10.798166703475925 15.174619270203436 2.4033078909839114 5.373340657708911 22.006499505812798 9.84314436830717 13.651190111919576 4.038077149518848 7.660380634940136 23.538606215239362 1.2778795017057298 9.410968545186353 4.958556020576559 -4.515356229034903 -2.365866933545212 -5.875644909508074 3.178074120178369
20.32064128256513 12.849808388479964 3.967979575280687 7.443050353318519 5.47512654181455 0.44478952675541805 1.8624654916025563 16.38971496504445 23.048659062939365 36.93725436696854 19.01424159501392 21.527258101493572 10.80932508135075 15.185777648078261 2.414466268858736 5.384499035583736 22.017657883687612 9.854302746181995 13.6623484897944 4.049235527393673 7.671539012814961 23.54976459311419 1.2890378795805546 9.42212692306116 4.969714398451384 -4.504197851160078 -2.354708555670387 -5.864486531633249 3.189232498053194
20.38076152304609 12.860947641680216 3.9791188284809387 7.4541896065187885 5.486265795014802 0.45592877995566994 1.8736047448028081 16.400854218244703 23.059798316139624 36.948393620168794 19.025380848214173 21.538397354693824 10.820464334551001 15.196916901278513 2.425605522058988 5.395638288783988 22.028797136887874 9.865441999382265 13.67348774299467 4.060374780593925 7.682678266015213 23.56090384631445 1.3001771327808065 9.43326617626143 4.9808536516516355 -4.493058597959808 -2.3435693024701174 -5.853347278432997 3.2003717512534458
20.440881763527052 12.872067798389555 3.9902389851902775 7.465309763228127 5.497385951724141 0.4670489366650088 1.884724901512147 16.411974374954042 23.070918472848962 36.95951377687813 19.03650100492351 21.549517511403163 10.83158449126034 15.208037057987852 2.436725678768327 5.406758445493327 22.039917293597213 9.876562156091603 13.684607899704009 4.071494937303264 7.6937984227245515 23.572024003023788 1.3112972894901453 9.444386332970769 4.991973808360974 -4.4819384412504695 -2.3324491457607786 -5.842227121723658 3.2114919079627846
20.501002004008015 12.883168888244061 4.001340075044784 7.476410853082633 5.508487041578647 0.47815002651953264 1.895825991366653 16.423075464808548 23.08201956270347 36.97061486673264 19.047602094778025 21.560618601257676 10.842685581114864 15.219138147842358 2.447826768622833 5.417859535347833 22.05101838345172 9.88766324594611 13.695708989558515 4.082596027157788 7.704899512579058 23.583125092878294 1.3223983793446692 9.455487422825275 5.0030748982154805 -4.470837351395963 -2.3213480559062725 -5.831126031869134 3.2225929978173085
20.561122244488978 12.894250940157619 4.012422126958324 7.487492904996174 5.519569093492187 0.4892320784330728 1.9069080432801933 16.434157516722088 23.09310161461701 36.981696918646186 19.058684146691565 21.571700653171217 10.853767633028404 15.230220199755898 2.458908820536373 5.428941587261373 22.062100435365267 9.89874529785965 13.706791041472055 4.093678079071328 7.7159815644926155 23.594207144791834 1.3334804312582094 9.466569474738815 5.014156950129038 -4.459755299482423 -2.3102660039927323 -5.820043979955594 3.2336750497308486
20.62124248496994 12.905313978270385 4.02348516507109 7.49855594310894 5.530632131604953 0.5002951165458391 1.9179710813929596 16.445220554834854 23.104164652729775 36.992759956758945 19.06974718480433 21.582763691283983 10.86483067114117 15.241283237868664 2.4699718586491395 5.440004625374139 22.073163473478033 9.909808335972416 13.717854079584821 4.104741117184094 7.727044602605364 23.6052701829046 1.3445434693709757 9.477632512851581 5.025219988241805 -4.448692261369657 -2.299202965879966 -5.808980941842828 3.244738087843615
20.6813627254509 12.91635804621757 4.034529233018276 7.509600011056126 5.541676199552139 0.5113391844930248 1.9290151493401453 16.45626462278204 23.11520872067696 37.003804024706135 19.08079125275152 21.593807759231172 10.875874739088356 15.25232730581585 2.481015926596325 5.451048693321325 22.08420754142522 9.920852403919602 13.728898147532007 4.11578518513128 7.73808867055255 23.616314250851786 1.3555875373181614 9.488676580798767 5.03626405618899 -4.437648193422471 -2.2881588979327803 -5.797936873895642 3.2557821557908007
20.741482965931862 12.927383160747805 4.045554347548528 7.520625125586378 5.552701314082391 0.5223642990232769 1.9400402638703973 16.467289737312292 23.126233835207213 37.01482913923638 19.09181636728177 21.60483287376142 10.886899853618608 15.263352420346102 2.492041041126577 5.462073807851577 22.095232655955463 9.931877518449854 13.73992326206226 4.126810299661514 7.749113785082802 23.62733936538204 1.3666126518484134 9.49970169532902 5.047289170719225 -4.426623078892219 -2.2771337834025283 -5.78691175936539 3.2668072703210527
20.801603206412825 12.938389365569964 4.056560552370687 7.531631330408537 5.56370751890455 0.5333705038454184 1.9510464686925566 16.47829594213445 23.137240040029372 37.02583534405854 19.10282257210392 21.615839078583573 10.89790605844075 15.274358625168261 2.5030472459487365 5.473080012673736 22.106238860777623 9.942883723272013 13.750929466884418 4.137816504483673 7.760119989904961 23.638345570204198 1.377618856670555 9.510707900151179 5.058295375541384 -4.41561687407006 -2.266127578580369 -5.7759055545432485 3.277813475143194
20.861723446893787 12.949376682182248 4.06754786898297 7.54261864702082 5.5746948355168335 0.5443578204577193 1.9620337853048397 16.489283258746735 23.148227356641655 37.03682266067083 19.113809888716215 21.626826395195856 10.90889337505305 15.285345941780545 2.5140345625610196 5.484067329286019 22.117226177389902 9.953871039884296 13.761916783496702 4.148803821095957 7.771107306517244 23.64933288681648 1.388606173282838 9.521695216763462 5.069282692153667 -4.404629557457777 -2.255140261968086 -5.764918237930965 3.2888007917554773
20.92184368737475 12.960345141710388 4.078516328511093 7.553587106548942 5.585663295044956 0.5553262799858416 1.973002244832962 16.500251718274857 23.159195816169778 37.04779112019896 19.124778348244337 21.63779485472399 10.919861834581173 15.296314401308667 2.525003022089142 5.495035788814142 22.128194636918035 9.964839499412419 13.772885243024824 4.159772280624097 7.782075766045384 23.660301346344603 1.3995746328109782 9.532663676291584 5.080251151681807 -4.393661097929654 -2.2441718024399635 -5.753949778402825 3.2997692512836174
20.98196392785571 12.971294772015796 4.089465958816518 7.56453673685435 5.596612925350364 0.5662759102912496 1.9839518751383878 16.511201348580283 23.170145446475196 37.05874075050436 19.135727978549742 21.648744485029393 10.930811464886581 15.307264031614075 2.5359526523945677 5.50598541911955 22.139144267223443 9.975789129717826 13.783834873330232 4.170721910929505 7.793025396350792 23.671250976650022 1.4105242631163861 9.543613306596992 5.091200781987215 -4.3827114676242465 -2.2332221721345555 -5.743000148097417 3.3107188815890254
21.04208416833667 12.98222561340026 4.100396800200983 7.5754675782388325 5.607543766734846 0.5772067516757318 1.9948827165228522 16.522132189964747 23.181076287859668 37.06967159188884 19.146658819934228 21.65967532641388 10.941742306271063 15.318194872998557 2.546883493779032 5.516916260504032 22.150075108607915 9.986719971102309 13.794765714714714 4.181652752313987 7.803956237735257 23.682181818034493 1.4214551045008683 9.554544147981474 5.10213162337168 -4.371780626239764 -2.2222913307500733 -5.732069306712935 3.3216497229735076
21.102204408817634 12.993137695639305 4.111308882440028 7.58637966047786 5.618455848973873 0.5881188339147592 2.0057947987618974 16.533044272203792 23.191988370098706 37.08058367412787 19.15757090217325 21.670587408652903 10.95265438851009 15.329106955237584 2.5577955760180773 5.527828342743059 22.160987190846953 9.997632053341336 13.805677796953741 4.192564834553014 7.814868319974302 23.69309390027353 1.4323671867398957 9.565456230220502 5.113043705610725 -4.360868544000737 -2.211379248511046 -5.721157224473908 3.332561805212535
21.162324649298597 13.004031045513003 4.122202232313725 7.597273010351557 5.6293491988475886 0.5990121837884566 2.0166881486355948 16.54393762207749 23.202881719972403 37.09147702400157 19.16846425204696 21.68148075852661 10.963547738383788 15.3400003051113 2.5686889258917747 5.538721692616774 22.17188054072065 10.008525403215033 13.816571146827439 4.203458184426712 7.825761669847999 23.70398725014723 1.443260536613593 9.576349580094199 5.123937055484422 -4.3499751941270395 -2.2004858986373486 -5.71026387460021 3.3434551550862324
