web/models/kne/46/mosfit_kn_0.268580_0.0613_10.0000.dat
# %ECSV 1.0
# ---
# datatype:
# - {name: time, datatype: float64}
# - {name: PS1_g, datatype: float64}
# - {name: PS1_i, datatype: float64}
# - {name: PS1_r, datatype: float64}
# - {name: PS1_w, datatype: float64}
# - {name: PS1_y, datatype: float64}
# - {name: PS1_z, datatype: float64}
# - {name: swift_uvot_B, datatype: float64}
# - {name: swift_uvot_U, datatype: float64}
# - {name: swift_uvot_uvm2, datatype: float64}
# - {name: swift_uvot_uvw1, datatype: float64}
# - {name: swift_uvot_uvw2, datatype: float64}
# - {name: swift_uvot_V, datatype: float64}
# - {name: johnson_B, datatype: float64}
# - {name: johnson_I, datatype: float64}
# - {name: johnson_R, datatype: float64}
# - {name: johnson_U, datatype: float64}
# - {name: johnson_V, datatype: float64}
# - {name: sdss_g, datatype: float64}
# - {name: sdss_i, datatype: float64}
# - {name: sdss_r, datatype: float64}
# - {name: sdss_u, datatype: float64}
# - {name: sdss_z, datatype: float64}
# - {name: ATLAS_c, datatype: float64}
# - {name: ATLAS_o, datatype: float64}
# - {name: ukirt_H, datatype: float64}
# - {name: ukirt_J, datatype: float64}
# - {name: ukirt_K, datatype: float64}
# - {name: Clear, datatype: float64}
# meta: !!omap
# - comment: [kappa = 10.0, type = rprocess, mass = 0.2685795883840597, velocity = 0.061333333333333344, theta_obs = 0.0, tfloor = 1000.0]
# schema: astropy-2.0
time PS1_g PS1_i PS1_r PS1_w PS1_y PS1_z swift_uvot_B swift_uvot_U swift_uvot_uvm2 swift_uvot_uvw1 swift_uvot_uvw2 swift_uvot_V johnson_B johnson_I johnson_R johnson_U johnson_V sdss_g sdss_i sdss_r sdss_u sdss_z ATLAS_c ATLAS_o ukirt_H ukirt_J ukirt_K Clear
[from data line 228]
13.76753507014028 -6.060208929648674 -10.472624198215783 -8.780878157801002 -9.269137563198626 -12.050116923836054 -11.444034913382612 -4.3030637532050084 -1.5111904757517356 7.118023262058466 -0.6846417958629298 1.2171687710386938 -7.269580464031791 -4.645733583089061 -11.3925606220191 -9.611584594265949 -1.9226861376286064 -7.533176820559501 -5.651007844086742 -10.436314443477972 -8.718199301232481 -0.8543635880081979 -11.640217916812734 -7.5268458665858695 -9.764383199135924 -13.899173063501527 -13.159802599139352 -14.249023983057787 -10.130084548408824
13.827655310621243 -6.02545213194265 -10.452319213718688 -8.75473794136953 -9.247072712000488 -12.036061442480506 -11.427436430521496 -4.262686979991513 -1.45873645799492 7.1916020796121645 -0.64450391845229 1.2575105584707527 -7.237832238695668 -4.607300860237785 -11.37418577281218 -9.588426412158892 -1.8720472970051216 -7.5028864737353524 -5.614936560463093 -10.415848732927273 -8.691654764079377 -0.802448847429833 -11.624572046087973 -7.4979477918753545 -9.742477772105858 -13.894728177097127 -13.150960666831162 -14.247652434861935 -10.112069558555739
13.887775551102203 -5.988725758637816 -10.430672026639218 -8.727002429795956 -9.223597964971084 -12.020936084036578 -11.40965679758084 -4.220094580321439 -1.4035390556371927 7.268804631994478 -0.6021956635615839 1.3000465471528213 -7.204241479444147 -4.566743525548439 -11.354553561109004 -9.563809564765748 -1.8187444390677077 -7.470822063332087 -5.576838542783449 -10.39403388568024 -8.663496177384786 -0.7478127759594955 -11.607788132983288 -7.4673398618489095 -9.719166551237599 -13.889635539913419 -13.141277872876438 -14.245768909328616 -10.092825485650447
13.947895791583166 -5.967097919697029 -10.419174757637908 -8.711415004266403 -9.210877863396032 -12.01382092353386 -11.400757928809053 -4.1945246146265545 -1.3694987493252417 7.317607486386561 -0.5768364508366193 1.3255673449543939 -7.184718187351387 -4.542544562082153 -11.344410603288548 -9.55032145132358 -1.7859772658631745 -7.452327184418121 -5.554289145807232 -10.382424003598523 -8.647623831281024 -0.7141488150356956 -11.599559219593392 -7.44982561868925 -9.706554712866051 -13.889263414223601 -13.137820696403908 -14.247554088369794 -10.082950516664244
14.008016032064127 -5.938020111062805 -10.402646462772456 -8.689820066768839 -9.192840261558857 -12.002721726168044 -11.387448559311668 -4.1605620784343165 -1.3250411377643798 7.380329129251206 -0.5431569685744715 1.3594565669999317 -7.158245181696128 -4.5102846192377335 -11.329560665746367 -9.531331681396289 -1.7430971571145837 -7.427131470364505 -5.524069673995005 -10.365756234715047 -8.625675175143215 -0.6701565607503213 -11.587080897128015 -7.425847048020238 -9.68864946427507 -13.88652044070639 -13.13125462736499 -14.247485024572553 -10.06844057896421
14.06813627254509 -5.911110525096479 -10.387563179790629 -8.66996227683547 -9.176340206634137 -11.992755315987651 -11.375398785343851 -4.129047942615368 -1.2836345005143632 7.438923495135065 -0.5119316953730109 1.3908891883218613 -7.133788006024589 -4.4803792388498955 -11.316059694128342 -9.513933575454711 -1.7031774989115722 -7.403881340040585 -5.496084158877537 -10.350541544576632 -8.605483276638441 -0.629187608905486 -11.575815414966826 -7.403746279621419 -9.672272370280055 -13.884431831517928 -13.125561825805965 -14.247917734903124 -10.055268107130644
14.128256513026052 -5.879528850251869 -10.369318636882792 -8.646333456418489 -9.15650433404009 -11.980282080323938 -11.360575382949438 -4.092271949487457 -1.2356996137818042 7.50621419265318 -0.4755070451043859 1.4275589633049681 -7.104969394791348 -4.445422502679882 -11.299600389912758 -9.493084080544023 -1.6569200108868043 -7.376427893402881 -5.463289036389423 -10.332148841464726 -8.581476765004385 -0.5817453379493998 -11.561877823063842 -7.37759174555249 -9.652573135379932 -13.880846428687137 -13.117910150628196 -14.247177496053991 -10.039188652638096
14.188376753507013 -5.837799077877062 -10.344223877358676 -8.614523318575777 -9.129434268291927 -11.962386799567817 -11.339747847511816 -4.044061199222347 -1.173566828782899 7.5924477921122575 -0.42777222882714083 1.475616285206375 -7.066681996300635 -4.399488253186345 -11.276733468810562 -9.46474855726792 -1.5968800844390363 -7.339849049092792 -5.420045669039322 -10.306869337978313 -8.549194209988205 -0.5202255310559956 -11.542157101325703 -7.34263698419662 -9.625670513173183 -13.874042042935065 -13.106031605295277 -14.243924373755304 -10.016809383535339
14.248496993987976 -5.8016180125094685 -10.322850494902305 -8.587172491295654 -9.106311396622946 -11.947423057520226 -11.322173061898777 -4.002108988750513 -1.119218281129992 7.66821131939144 -0.3862786101372424 1.517412640841901 -7.033561527039905 -4.359569374935347 -11.257344283065091 -9.440498176630829 -1.5443951523238408 -7.308254895916304 -5.382517185702618 -10.285331554629753 -8.521421616761398 -0.46642129118032116 -11.525569386809149 -7.312492184537511 -9.602693945590453 -13.868955855077692 -13.096426405579978 -14.242001738559116 -9.997867176797008
14.308617234468937 -5.788558430167594 -10.317037456132034 -8.57843431747824 -9.099645214608909 -11.944747095563617 -11.318219009612989 -3.9862244254714083 -1.0972659915366199 7.700630433617854 -0.37063038200562515 1.5332143957250968 -7.021998486942771 -4.344682245937598 -11.252502635914674 -9.433279870327695 -1.5233551017362434 -7.297440670290773 -5.368798177634826 -10.279438078925462 -8.512476614387232 -0.4447349196131434 -11.522099016306182 -7.302388485730482 -9.596098429863655 -13.87111544281902 -13.0963737274363 -14.245710313362634 -9.9932486784755
14.3687374749499 -5.767886453217255 -10.306083011764073 -8.563557394977774 -9.087549814352016 -11.937999788050142 -11.309757484136309 -3.9617634489370266 -1.0646669839246667 7.747251740176304 -0.3464985453976328 1.5575576527358916 -7.00333207721273 -4.321561258588339 -11.242851198458236 -9.420443733884689 -1.4919796341709746 -7.27978034239493 -5.347241887830307 -10.268375787401176 -8.497321898526291 -0.4124920408455601 -11.514286754381153 -7.285682239084537 -9.58409684058335 -13.870854297426172 -13.09314517460752 -14.247527180544457 -9.983901011499174
14.428857715430862 -5.732233193550282 -10.285021725210495 -8.536606270779856 -9.06478189654269 -11.923256745419728 -11.292439677779509 -3.9204190108790646 -1.0110996217276733 7.821845919607317 -0.3056744923133965 1.5987111028086578 -6.970687660278945 -4.282234216200397 -11.22374734400098 -9.396562807306712 -1.4402500735431478 -7.248650826836067 -5.310260668005746 -10.247152594993576 -8.469952693847791 -0.3594584558069869 -11.49794529369272 -7.255988096596777 -9.561467762227807 -13.865854698471443 -13.083687999971596 -14.245649749261291 -9.965263017772052
14.488977955911823 -5.6961817004842885 -10.263677126059587 -8.509325702578892 -9.041725254948734 -11.908281055621934 -11.274868134124283 -3.878629626237614 -0.9569877100768662 7.897114723071145 -0.26444113425853244 1.6402909352867536 -6.93766538779433 -4.2424844898110905 -11.204376586709596 -9.372383574126061 -1.3879910754577662 -7.21716043853039 -5.272870679478494 -10.225644862669725 -8.442249609995915 -0.30588333440029203 -11.48135949029454 -7.225947640545343 -9.538548618831193 -13.860703704731455 -13.074042299242377 -14.243647684070487 -9.946373541103046
14.549098196392785 -5.656458426217714 -10.239843362144931 -8.479078936626987 -9.016050786903786 -11.891329350245776 -11.255110924500809 -3.8327049446678627 -0.8977458521488655 7.97917467654402 -0.21915250265438457 1.6859702384228261 -6.901211194194688 -4.1987706673553795 -11.182676504223565 -9.34549538048896 -1.3307518600404866 -7.182367016474751 -5.231701193505902 -10.201634902374543 -8.411545066710122 -0.24722010412601136 -11.462669211789382 -7.192724363376204 -9.513019996346124 -13.854371786969233 -13.06285197684433 -14.240720343813836 -9.925206632994374
14.609218436873746 -5.627524328603641 -10.223265353279647 -8.457514227099026 -8.99804783089209 -11.880103722979047 -11.241703014431916 -3.79894696482281 -0.8536293947438798 8.041006307369894 -0.18591429489847 1.7195239661501351 -6.874816553706567 -4.166737064051812 -11.16775850120127 -9.326548019885028 -1.28819324182188 -7.157267933071425 -5.201642425382911 -10.184919918535602 -8.38962345648742 -0.20355266067879185 -11.450092357387334 -7.168848828098646 -9.495128534226076 -13.851407991564225 -13.056108545979297 -14.240405773820493 -9.910712666523889
14.669338677354709 -5.600795491231008 -10.208159705248665 -8.437717836683767 -8.981606866437915 -11.870033547943883 -11.22957948081103 -3.767679175485049 -0.8126153833485004 8.098661758009143 -0.15515540677339912 1.7505890188212594 -6.850474427794915 -4.137095485235886 -11.154215033973138 -9.309218233423177 -1.2486450983722652 -7.134147794192153 -5.173855580749525 -10.169685452390418 -8.369490600554794 -0.16296028621695768 -11.43875169039152 -7.146881683741455 -9.478790936394539 -13.849112469413656 -13.050256294963452 -14.240603720299736 -9.897575579575406
14.729458917835672 -5.588875581199204 -10.20302161046084 -8.429842899450435 -8.975691930436831 -11.867833766830973 -11.226181389807603 -3.7531103767648153 -0.7923589637991488 8.128617724689416 -0.14089243011461816 1.7650348245911442 -6.839946153518615 -4.123477378180688 -11.149988714419596 -9.302784509260277 -1.2292441683212485 -7.124333983977313 -5.161318331792835 -10.16447221029706 -8.361419016480127 -0.1429495500690514 -11.435810875811523 -7.13774151055059 -9.472935640402813 -13.851450267000176 -13.050518266792961 -14.244397005339982 -9.893589717358644
14.789579158316633 -5.551289342191126 -10.180571332736204 -8.401284623903518 -8.951513896645107 -11.851942014131858 -11.207614583659247 -3.709610818514647 -0.7361629533811074 8.206434305908449 -0.09809891947746463 1.8082475151779467 -6.805463325722212 -4.0821045095529875 -11.129574134231188 -9.277448158569978 -1.1749580030691864 -7.091449632924946 -5.122354234639843 -10.141854254539382 -8.332420984419198 -0.08730099724102658 -11.418265956060125 -7.106362968446387 -9.448888947362786 -13.84568907324743 -13.040122642247523 -14.241885864824402 -9.873720659971337
14.849699398797595 -5.514652501713684 -10.158746531855236 -8.37348282653803 -8.928006344882533 -11.836536260106918 -11.18959021051392 -3.667185335018824 -0.6813093065837525 8.282409313114677 -0.05639560381405628 1.8503759214854267 -6.771860145337219 -4.041766741611944 -11.109742474572652 -9.252806502777695 -1.121974039872058 -7.059415943776501 -5.084368953539435 -10.119865416961513 -8.304187678911319 -0.03298194098348972 -11.40124336097994 -7.075805974212592 -9.425507590346047 -13.84020158071978 -13.030097894024236 -14.239581041700385 -9.85443464732823
14.909819639278556 -5.48907252906881 -10.144361494944043 -8.354580567118894 -8.912354728208367 -11.827003308342938 -11.178077575433356 -3.637229086389083 -0.6419576087451515 8.337700575037342 -0.027005527072620605 1.88009704435412 -6.748570832382364 -4.013392676614739 -11.096864514077513 -9.236297383036788 -1.084035921085189 -7.037316282632468 -5.057769785136443 -10.105356436305737 -8.284958524178183 0.005966460194457568 -11.390489025855661 -7.054824412988321 -9.409949838528675 -13.838167788187368 -13.024633537758488 -14.239954126375343 -9.841976796202463
14.969939879759519 -5.456969672775731 -10.125565712330662 -8.330415517384129 -8.892059243757533 -11.813975682372586 -11.16269616851417 -3.5999229279721865 -0.5934808564971303 8.405097379309808 0.009604989970491307 1.9171119935168837 -6.719188381350148 -3.9779720106459355 -11.079860884846983 -9.21498225448553 -1.037239982488718 -7.009351778633907 -5.02445539351962 -10.086413365424889 -8.26040405294922 0.05396465312614396 -11.376010282284152 -7.028191185754089 -9.389764254605613 -13.834057454974465 -13.01644394566029 -14.23870635169118 -9.82548113493861
15.03006012024048 -5.425784142623868 -10.107374876525661 -8.306981684982748 -8.872410006420104 -11.801418254851441 -11.147839595781566 -3.563654826878394 -0.5463017541383584 8.470724295939501 0.04517018216148516 1.95308357341785 -6.690656857583737 -3.9435501687703085 -11.063420904381093 -9.194336967139371 -0.9917028056692455 -6.982208949002826 -4.992086718399378 -10.068078741108746 -8.236589050103014 0.10067728776672169 -11.36203654201676 -7.002350685316898 -9.37022060401409 -13.830211404005171 -13.0086128807695 -14.237657307615573 -9.809546173276242
15.090180360721442 -5.407587297541063 -10.097928894433146 -8.294005102604292 -8.861985288887588 -11.795766274743844 -11.140638986606657 -3.5420345033888365 -0.5173322990858151 8.512101208547996 0.06630409088593625 1.9744975225620789 -6.674245860629438 -3.923175947504913 -11.055154409079286 -9.183241317862542 -0.9638393729961446 -6.966735370673633 -4.97309309476611 -10.058535952965695 -8.223355285734915 0.12933308764065288 -11.355431205156563 -6.987755386329244 -9.359866035770636 -13.830427714737324 -13.006144772730915 -14.239758085729955 -9.801624744923618
15.150300601202405 -5.370858987003171 -10.075974370325333 -8.26609022318884 -8.838384541049678 -11.780217692004644 -11.122475282014221 -3.4995250289994138 -0.4624128597572683 8.587939197837958 0.10796865032103797 2.016646495504745 -6.640529975719958 -3.882775331933552 -11.035191954566798 -9.158507573083032 -0.9107877847031641 -6.9346062041156005 -4.9350195612868575 -10.036418038292254 -8.19500531250057 0.1837238476291958 -11.338273861794814 -6.95711127435235 -9.33638199493549 -13.824789806866027 -12.995973330221664 -14.237303318408452 -9.78225391139798
15.210420841683366 -5.335158157068154 -10.054699023165021 -8.238995332544832 -8.815509189727031 -11.7651980481706 -11.10490141733358 -3.4581776199476186 -0.4089448217112943 8.661798043097196 0.14846249503838438 2.0576274209762926 -6.6077674592949736 -3.8434932483776802 -11.015862657868205 -9.134525629471703 -0.8591442858184027 -6.903397977663343 -4.898005165626937 -10.014983206310912 -8.167484494519606 0.23667669403636182 -11.321684309673401 -6.927355824062236 -9.313618535182364 -13.819451330284894 -12.986206369145703 -14.235074936497545 -9.763513218412108
15.270541082164328 -5.312287420044104 -10.042063394906737 -8.222230822844292 -8.801742750504236 -11.757001407344365 -11.094892067440156 -3.43129952737642 -0.37346501145453437 8.711724751153188 0.17471795882009689 2.084236912645331 -6.586979657400243 -3.818084240395305 -11.004608348502966 -9.119973886110426 -0.8249594540360871 -6.8837159551966005 -4.874202399359309 -10.002234453569763 -8.150417130097889 0.27179157394959574 -11.31237435063607 -6.908706184181472 -9.299930263473914 -13.818126100967623 -12.981737969796859 -14.235957560316963 -9.752683054828228
15.33066132264529 -5.287390838822201 -10.028049163716837 -8.203826773462435 -8.78653020273127 -11.747707294372898 -11.08367020746865 -3.402141254768668 -0.3351593069035983 8.765372098689618 0.2031988283552626 2.1131018743368526 -6.564296057292201 -3.7904913230612753 -10.992063300713177 -9.103926248419693 -0.7880310228183273 -6.86221078146209 -4.848314820036883 -9.988099974111115 -8.13169048127273 0.3097098171159196 -11.301897025056782 -6.8883001298391555 -9.284799726916528 -13.8161401670615 -12.976409113676189 -14.236320178161462 -9.740594890153655
