web/models/kne/46/mosfit_kn_0.012011_0.2493_0.5000.dat
# %ECSV 1.0
# ---
# datatype:
# - {name: time, datatype: float64}
# - {name: PS1_g, datatype: float64}
# - {name: PS1_i, datatype: float64}
# - {name: PS1_r, datatype: float64}
# - {name: PS1_w, datatype: float64}
# - {name: PS1_y, datatype: float64}
# - {name: PS1_z, datatype: float64}
# - {name: swift_uvot_B, datatype: float64}
# - {name: swift_uvot_U, datatype: float64}
# - {name: swift_uvot_uvm2, datatype: float64}
# - {name: swift_uvot_uvw1, datatype: float64}
# - {name: swift_uvot_uvw2, datatype: float64}
# - {name: swift_uvot_V, datatype: float64}
# - {name: johnson_B, datatype: float64}
# - {name: johnson_I, datatype: float64}
# - {name: johnson_R, datatype: float64}
# - {name: johnson_U, datatype: float64}
# - {name: johnson_V, datatype: float64}
# - {name: sdss_g, datatype: float64}
# - {name: sdss_i, datatype: float64}
# - {name: sdss_r, datatype: float64}
# - {name: sdss_u, datatype: float64}
# - {name: sdss_z, datatype: float64}
# - {name: ATLAS_c, datatype: float64}
# - {name: ATLAS_o, datatype: float64}
# - {name: ukirt_H, datatype: float64}
# - {name: ukirt_J, datatype: float64}
# - {name: ukirt_K, datatype: float64}
# - {name: Clear, datatype: float64}
# meta: !!omap
# - comment: [kappa = 0.5, type = rprocess, mass = 0.012011244339858356, velocity = 0.24933333333333338, theta_obs = 0.0, tfloor = 1000.0]
# schema: astropy-2.0
time PS1_g PS1_i PS1_r PS1_w PS1_y PS1_z swift_uvot_B swift_uvot_U swift_uvot_uvm2 swift_uvot_uvw1 swift_uvot_uvw2 swift_uvot_V johnson_B johnson_I johnson_R johnson_U johnson_V sdss_g sdss_i sdss_r sdss_u sdss_z ATLAS_c ATLAS_o ukirt_H ukirt_J ukirt_K Clear
[from data line 379]
22.84569138276553 10.259294856715151 1.3774660435158737 4.852536821553706 2.884613010049737 -2.145724005009395 -0.7280480401622569 13.799201433279638 20.45814553117455 34.34674083520373 16.423728063249108 18.93674456972876 8.218811549585936 12.595264116313448 -0.17604726290607697 2.7939855038189227 19.4271443519228 7.263789214417183 11.071834958029605 1.45872199562886 5.081025481050148 20.959251061349377 -1.3014756521842585 6.831613391296365 2.3792008666865705 -7.094711382924891 -4.9452220874352 -8.455000063398062 0.5987189662883807
22.905811623246493 10.266609606615003 1.3847807934157075 4.859851571453557 2.8919277599495707 -2.1384092551095435 -0.720733290262423 13.80651618317949 20.465460281074392 34.35405558510357 16.43104281314896 18.944059319628604 8.226126299485788 12.602578866213282 -0.16873251300622538 2.8013002537187566 19.43445910182265 7.271103964317034 11.079149707929439 1.4660367455287115 5.088340230949999 20.966565811249218 -1.294160902284407 6.838928141196199 2.386515616586422 -7.0873966330250395 -4.937907337535348 -8.44768531349821 0.6060337161882323
22.965931863727455 10.273917248728797 1.3920884355295193 4.867159213567369 2.8992354020633826 -2.1311016129957316 -0.7134256481486112 13.813823825293284 20.472767923188204 34.361363227217375 16.438350455262754 18.951366961742405 8.2334339415996 12.609886508327094 -0.1614248708924313 2.8086078958325684 19.441766743936455 7.278411606430846 11.08645735004325 1.4733443876425056 5.095647873063793 20.97387345336303 -1.2868532601706129 6.846235783310011 2.393823258700216 -7.080088990911228 -4.930599695421536 -8.440377671384416 0.6133413583020264
23.026052104208414 10.281217821204471 1.399389008005194 4.874459786043044 2.9065359745390573 -2.123801040520057 -0.7061250756729365 13.821124397768958 20.48006849566388 34.36866379969305 16.44565102773843 18.95866753421808 8.240734514075275 12.617187080802768 -0.15412429841675657 2.815908468308243 19.449067316412126 7.285712178906521 11.093757922518925 1.4806449601181804 5.102948445539468 20.981174025838705 -1.2795526876949381 6.853536355785685 2.401123831175891 -7.072788418435553 -4.923299122945862 -8.433077098908742 0.6206419307777189
23.086172344689377 10.28851136128214 1.4066825480828626 4.881753326120712 2.913829514616726 -2.116507500442406 -0.6988315355952679 13.828417937846627 20.48736203574154 34.37595733977072 16.452944567816097 18.96596107429575 8.248028054152925 12.624480620880437 -0.14683075833908799 2.8232020083859117 19.456360856489795 7.2930057189841895 11.101051462596594 1.487938500195849 5.110241985617137 20.988467565916366 -1.2722591476172695 6.860829895863354 2.4084173712535595 -7.065494878357884 -4.916005582868193 -8.425783558831073 0.6279354708553697
23.14629258517034 10.29579790659449 1.4139690933952132 4.889039871433063 2.9211160599290764 -2.1092209551300556 -0.6915449902829174 13.835704483158977 20.494648581053898 34.38324388508307 16.460231113128447 18.9732476196081 8.255314599465276 12.631767166192787 -0.13954421302673747 2.8304885536982622 19.46364740180215 7.30029226429654 11.108338007908944 1.4952250455081995 5.117528530929487 20.995754111228724 -1.264972602304919 6.8681164411757045 2.41570391656591 -7.058208333045534 -4.9087190375558425 -8.418497013518722 0.6352220161677202
23.206412825651302 10.303077492779806 1.421248679580529 4.896319457618361 2.9283956461143923 -2.1019413689447397 -0.6842654040976015 13.842984069344293 20.501928167239207 34.39052347126839 16.467510699313763 18.980527205793415 8.262594185650592 12.639046752378103 -0.1322646268414216 2.837768139883578 19.47092698798746 7.307571850481838 11.11561759409426 1.5025046316935153 5.124808117114803 21.003033697414033 -1.2576930161196032 6.87539602736102 2.422983502751226 -7.050928746860236 -4.901439451370544 -8.411217427333407 0.6425016023530361
23.266533066132265 10.310350157455819 1.4285213442565414 4.903592122294391 2.9356683107904047 -2.0946687042687095 -0.6769927394215891 13.850256734020306 20.509200831915226 34.3977961359444 16.474783363989776 18.987799870469427 8.269866850326622 12.646319417054116 -0.1249919621654092 2.8450408045595905 19.478199652663477 7.314844515157868 11.122890258770273 1.5097772963695277 5.132080781790815 21.010306362090052 -1.2504203514435908 6.882668692037033 2.4302561674272383 -7.043656082184206 -4.894166786694514 -8.403944762657394 0.6497742670290485
23.326653306613224 10.317615931025088 1.4357871178258108 4.910857895863643 2.9429340843596563 -2.087402930699458 -0.6697269658523197 13.857522507589575 20.51646660548449 34.405061909513655 16.482049137559045 18.995065644038696 8.277132623895874 12.653585190623385 -0.11772618859613981 2.852306578128842 19.485465426232736 7.32211028872712 11.130156032339524 1.5170430699387971 5.139346555360085 21.017572135659314 -1.2431545778743214 6.889934465606284 2.4375219409965077 -7.036390308614954 -4.886901013125263 -8.396678989088125 0.6570400405983179
23.386773547094187 10.324874846968406 1.443046033769111 4.918116811806961 2.950193000302974 -2.08014401475614 -0.6624680499090196 13.864781423532875 20.523725521427796 34.41232082545698 16.489308053502363 19.002324559982004 8.284391539839191 12.660844106566685 -0.11046727265283973 2.85956549407216 19.492724342176054 7.329369204670438 11.137414948282842 1.524301985882115 5.146605471303403 21.02483105160262 -1.2358956619310035 6.897193381549602 2.4447808569398255 -7.029131392671636 -4.879642097181945 -8.389420073144807 0.6642989565416357
23.44689378757515 10.332126941659805 1.4502981284605099 4.92536890649836 2.957445094994373 -2.072891920064741 -0.6552159552176207 13.872033518224274 20.530977616119195 34.419572920148376 16.496560148193762 19.009576654673406 8.29164363453059 12.668096201258084 -0.10321517796144075 2.866817588763559 19.499976436867453 7.336621299361837 11.144667042974241 1.531554080573514 5.153857565994802 21.03208314629402 -1.2286435672396046 6.904445476241001 2.4520329516312245 -7.021879297980237 -4.872390002490546 -8.382167978453408 0.6715510512330347
23.507014028056112 10.339372243438394 1.4575434302390988 4.932614208276949 2.964690396772962 -2.065646618286152 -0.6479706534390317 13.879278820002863 20.538222917897784 34.426818221926965 16.50380544997235 19.016821956451995 8.29888893630918 12.675341503036673 -0.09596987618283404 2.874062890542148 19.50722173864604 7.343866601140426 11.15191234475283 1.538799382352103 5.161102867773391 21.03932844807261 -1.2213982654610156 6.91169077801959 2.4592782534098134 -7.014633996201648 -4.865144700711957 -8.374922676674819 0.6787963530116237
23.567134268537075 10.346610785809673 1.464781972610396 4.939852750648228 2.9719289391442594 -2.0584080759148726 -0.6407321110677344 13.88651736237416 20.545461460269074 34.434056764298255 16.51104399234363 19.02406049882328 8.306127478680459 12.68258004540797 -0.08873133381155451 2.881301432913445 19.514460281017328 7.351105143511723 11.159150887124127 1.5460379247233824 5.16834141014467 21.0465669904439 -1.214159723089736 6.9189293203908875 2.466516795781093 -7.007395453830369 -4.857906158340677 -8.36768413430354 0.6860348953829032
23.627254509018034 10.353842595006988 1.4720137818077106 4.94708455984556 2.979160748341574 -2.0511762667175404 -0.63350030187042 13.893749171571475 20.552693269466396 34.44128857349557 16.518275801540945 19.031292308020607 8.313359287877791 12.689811854605285 -0.08149952461424004 2.8885332421107597 19.521692090214643 7.358336952709037 11.166382696321442 1.553269733920697 5.1755732193419846 21.05379879964122 -1.2069279138924038 6.926161129588202 2.4737486049784074 -7.000163644633036 -4.850674349143345 -8.360452325106225 0.6932667045802354
23.687374749498996 10.361067704515214 1.4792388913159193 4.954309669353769 2.9863858578497826 -2.0439511572093316 -0.6262751923622112 13.900974281079684 20.559918378974604 34.44851368300379 16.52550091104917 19.038517417528812 8.320584397386 12.697036964113494 -0.07427441510603128 2.8957583516189684 19.528917199722862 7.365562062217246 11.17360780582965 1.5604948434289234 5.182798328850211 21.06102390914943 -1.199702804384195 6.933386239096411 2.480973714486634 -6.992938535124828 -4.843449239635136 -8.353227215597999 0.7004918140884442
23.74749498997996 10.368286141896412 1.486457328697135 4.961528106734967 2.9936042952309982 -2.0367327198281338 -0.6190567549809955 13.9081927184609 20.567136816355813 34.455732120384994 16.53271934843037 19.04573585491002 8.327802834767198 12.70425540149471 -0.06705597772481564 2.902976789000184 19.536135637104067 7.372780499598444 11.180826243210866 1.5677132808101213 5.190016766231409 21.06824234653064 -1.1924843670029972 6.940604676477626 2.488192151867832 -6.98572009774363 -4.836230802253938 -8.3460087782168 0.7077102514696421
23.80761523046092 10.375497932468 1.4936691192687235 4.968739897306573 3.0008160858025867 -2.0295209292565275 -0.611844964409407 13.915404509032488 20.57434860692741 34.46294391095658 16.539931139001958 19.05294764548161 8.335014625338786 12.711467192066298 -0.059844187153227146 2.9101885795717726 19.543347427675656 7.37999229017005 11.188038033782455 1.5749250713817098 5.1972285568029974 21.075454137102234 -1.1852725764314087 6.947816467049215 2.4954039424394203 -6.9785083071720235 -4.829019011682332 -8.338796987645212 0.7149220420412306
23.867735470941884 10.382703107067606 1.5008742938683284 4.975945071906178 3.0080212604021916 -2.0223157546569404 -0.6046397898098022 13.922609683632093 20.581553781527013 34.47014908555619 16.547136313601563 19.060152820081214 8.342219799938391 12.718672366665903 -0.052639012553622244 2.9173937541713775 19.55055260227526 7.387197464769655 11.19524320838206 1.5821302459813147 5.204433731402602 21.08265931170184 -1.1780674018318038 6.95502164164882 2.502609117039025 -6.971303132572419 -4.821813837082727 -8.331591813045607 0.7221272166408355
23.927855711422843 10.389901689361238 1.508072876161961 4.983143654199811 3.0152198426958243 -2.01511717236329 -0.5974412075161695 13.929808265925725 20.588752363820646 34.47734766784982 16.554334895895195 19.067351402374847 8.349418382232024 12.725870948959535 -0.04544043025998956 2.92459233646501 19.557751184568893 7.394396047063288 11.202441790675692 1.5893288282749474 5.211632313696235 21.08985789399547 -1.1708688195381711 6.962220223942452 2.509807699332658 -6.964104550278786 -4.814615254789095 -8.324393230751975 0.7293257989344681
23.987975951903806 10.397093705394376 1.5152648921950984 4.9903356702329305 3.022411858728944 -2.0079251563301703 -0.5902491914830321 13.937000281958863 20.595944379853776 34.48453968388295 16.561526911928333 19.074543418407973 8.356610398265161 12.733062964992673 -0.03824841422685221 2.9317843524981297 19.564943200602023 7.4015880630964075 11.209633806708812 1.5965208443080847 5.218824329729372 21.097049910028602 -1.1636768035050338 6.969412239975572 2.5169997153657953 -6.956912534245666 -4.807423238755975 -8.317201214718837 0.7365178149676055
24.04809619238477 10.404279175378406 1.5224503621791108 4.997521140216961 3.029597328712974 -2.00073968634614 -0.5830637214990197 13.944185751942875 20.603129849837796 34.491725153866966 16.568712381912345 19.081728888392004 8.363795868249191 12.740248434976685 -0.03106294424283984 2.93896982248216 19.572128670586054 7.408773533080438 11.216819276692842 1.6037063142921149 5.226009799713385 21.10423538001262 -1.1564913335210036 6.976597709959602 2.5241851853498254 -6.949727064261636 -4.800237768771945 -8.310015744734807 0.7437032849516356
24.10821643286573 10.411458134272085 1.5296293210727896 5.004700099110639 3.036776287606653 -1.9935607274524614 -0.5758847626053409 13.951364710836554 20.610308808731475 34.49890411276065 16.575891340806024 19.088907847285686 8.37097482714287 12.747427393870364 -0.02388398534916103 2.9461487813758387 19.57930762947972 7.415952491974116 11.22399823558652 1.6108852731857937 5.233188758607064 21.1114143389063 -1.1493123746273248 6.983776668853281 2.5313641442434864 -6.942548105367957 -4.793058809878266 -8.302836785841128 0.7508822438453144
24.168336673346694 10.418630595707565 1.5368017825082703 5.01187256054612 3.0439487490421335 -1.9863882660169807 -0.5687123011698603 13.958537172272035 20.617481270166955 34.506076574196136 16.583063802241522 19.096080308721167 8.37814728857835 12.754599855305845 -0.01671152391368036 2.9533212428113194 19.586480090915213 7.423124953409597 11.231170697022002 1.6180577346212743 5.240361220042562 21.11858680034178 -1.1421399131918442 6.990949130288762 2.538536605678985 -6.935375643932477 -4.785886348442785 -8.295664324405648 0.7580547052807951
24.228456913827653 10.425796587426035 1.5439677742267577 5.01903855226459 3.051114740760603 -1.979222274298511 -0.5615463094513728 13.965703163990522 20.624647261885436 34.5132425659146 16.590229793959992 19.103246300439633 8.38531328029682 12.761765847024332 -0.00954553219519294 2.9604872345298068 19.593646082633683 7.430290945128067 11.238336688740471 1.625223726339744 5.247527211761032 21.12575279206026 -1.1349739214733745 6.998115122007231 2.5457025973974545 -6.928209652214007 -4.778720356724316 -8.288498332687178 0.7652206969992648
24.288577154308616 10.432956134585378 1.551127321386101 5.026198099423933 3.0582742879199465 -1.9720627271391677 -0.5543867622920295 13.972862711149865 20.631806809044775 34.52040211307395 16.597389341119335 19.110405847598987 8.392472827456164 12.768925394183675 -0.002385985035849636 2.96764678168915 19.600805629793026 7.43745049228741 11.245496235899815 1.6323832734990873 5.254686758920375 21.1329123392196 -1.1278143743140312 7.005274669166575 2.552862144556798 -6.921050105054664 -4.771560809564972 -8.281338785527835 0.7723802441586081
24.34869739478958 10.440109250497045 1.55828043729775 5.0333512153356 3.065427403831613 -1.964909611227501 -0.5472336463803806 13.980015827061514 20.638959924956435 34.52755522898561 16.604542457031002 19.117558963510643 8.39962594336783 12.776078510095324 0.004767130875817038 2.974799897600799 19.607958745704693 7.444603608199077 11.252649351811481 1.639536389410754 5.261839874832042 21.14006545513126 -1.1206612584023645 7.012427785078241 2.5600152604684645 -6.913896989142997 -4.764407693653306 -8.274185669616168 0.7795333600702747
24.40881763527054 10.447255961363435 1.565427148164158 5.04049792620199 3.0725741146980035 -1.9577629003611108 -0.5400869355139726 13.987162537927922 20.646106635822832 34.534701939852006 16.611689167897392 19.124705674377044 8.40677265423422 12.783225220961732 0.011913841742207332 2.981946608467207 19.615105456571083 7.451750319065467 11.259796062677871 1.6466831002771443 5.268986585698432 21.147212165997658 -1.1135145475359742 7.019574495944632 2.567161971334855 -6.906750278276607 -4.7572609827869154 -8.267038958749778 0.786680070936665
24.468937875751504 10.454396288668146 1.5725674754688512 5.047638253506701 3.0797144420027145 -1.9506225730563997 -0.5329466082092793 13.994302865232616 20.653246963127536 34.54184226715672 16.618829495202103 19.131846001681748 8.413912981538932 12.790365548266426 0.019054169046900604 2.9890869357719003 19.622245783875794 7.458890646370178 11.266936389982583 1.6538234275818553 5.276126913003143 21.154352493302362 -1.1063742202312632 7.026714823249343 2.574302298639566 -6.899609950971896 -4.750120655482204 -8.259898631445067 0.7938203982413761
24.529058116232463 10.46153025222008 1.5797014390207842 5.054772217058634 3.0868484055546475 -1.9434886095044668 -0.5258126446573463 14.001436828784549 20.66038092667947 34.54897623070864 16.62596345875402 19.138979965233677 8.421046945090865 12.797499511818359 0.02618813259883357 2.9962208993238333 19.629379747427727 7.466024609922111 11.274070353534515 1.6609573911337883 5.283260876555058 21.161486456854295 -1.0992402566793302 7.033848786801276 2.581436262191499 -6.892475987419963 -4.7429866919302714 -8.252764667893134 0.800954361793309
