web/models/kne/46/mosfit_kn_0.095333_0.1397_10.0000.dat
# %ECSV 1.0
# ---
# datatype:
# - {name: time, datatype: float64}
# - {name: PS1_g, datatype: float64}
# - {name: PS1_i, datatype: float64}
# - {name: PS1_r, datatype: float64}
# - {name: PS1_w, datatype: float64}
# - {name: PS1_y, datatype: float64}
# - {name: PS1_z, datatype: float64}
# - {name: swift_uvot_B, datatype: float64}
# - {name: swift_uvot_U, datatype: float64}
# - {name: swift_uvot_uvm2, datatype: float64}
# - {name: swift_uvot_uvw1, datatype: float64}
# - {name: swift_uvot_uvw2, datatype: float64}
# - {name: swift_uvot_V, datatype: float64}
# - {name: johnson_B, datatype: float64}
# - {name: johnson_I, datatype: float64}
# - {name: johnson_R, datatype: float64}
# - {name: johnson_U, datatype: float64}
# - {name: johnson_V, datatype: float64}
# - {name: sdss_g, datatype: float64}
# - {name: sdss_i, datatype: float64}
# - {name: sdss_r, datatype: float64}
# - {name: sdss_u, datatype: float64}
# - {name: sdss_z, datatype: float64}
# - {name: ATLAS_c, datatype: float64}
# - {name: ATLAS_o, datatype: float64}
# - {name: ukirt_H, datatype: float64}
# - {name: ukirt_J, datatype: float64}
# - {name: ukirt_K, datatype: float64}
# - {name: Clear, datatype: float64}
# meta: !!omap
# - comment: [kappa = 10.0, type = rprocess, mass = 0.09533330950298248, velocity = 0.13966666666666672, theta_obs = 0.0, tfloor = 1000.0]
# schema: astropy-2.0
time PS1_g PS1_i PS1_r PS1_w PS1_y PS1_z swift_uvot_B swift_uvot_U swift_uvot_uvm2 swift_uvot_uvw1 swift_uvot_uvw2 swift_uvot_V johnson_B johnson_I johnson_R johnson_U johnson_V sdss_g sdss_i sdss_r sdss_u sdss_z ATLAS_c ATLAS_o ukirt_H ukirt_J ukirt_K Clear
[from data line 114]
6.913827655310621 -6.790905307621102 -11.059560032802658 -9.425870801444276 -9.874034375857974 -12.574939950081667 -11.994108870174038 -5.08955603164087 -2.4176446444276145 5.999556196332329 -1.470598675020351 0.4299471157062986 -7.97016356999339 -5.413226080643806 -11.96035048547418 -10.227279261154482 -2.8111104862313963 -8.219521266909007 -6.394774966944361 -11.024851174958794 -9.36715205865923 -1.7553809090504835 -12.180905049133575 -8.19954271262434 -10.36754256080588 -14.328651180496921 -13.632903505148482 -14.648052797875975 -10.694953738534014
6.973947895791583 -6.7476336723361285 -11.036613704153808 -9.394715167338923 -9.848497641918286 -12.560769099799174 -11.97637309909501 -5.038408117111653 -2.3495557448011084 6.097826353737063 -1.41931793556008 0.4813225777326626 -7.93117015835722 -5.36472698841202 -11.940105045127584 -10.20022553339275 -2.7455679383887 -8.182511959953585 -6.349655955892395 -11.001678292001689 -9.3354434016244 -1.688068935823832 -12.16448657710913 -8.164439792033438 -10.342268874242304 -14.327931570108559 -13.626029590305889 -14.651624404736799 -10.67504741589513
7.034068136272545 -6.704324007957698 -11.013583330184975 -9.363494397836867 -9.822899695011138 -12.546496427345684 -11.958541871142465 -4.987235897239809 -2.2814744580966995 6.195952971571718 -1.368083009648959 0.5326795704027956 -7.892122163038072 -5.31620988916583 -11.919771435229471 -10.17311060896014 -2.6800280956604294 -8.145453073979512 -6.304502891368706 -10.978421943911503 -9.303668596086965 -1.6207600432261948 -12.147972890757579 -8.129290787038137 -10.316927497157025 -14.327089308959449 -13.619042546122857 -14.655068232156248 -10.655076661043719
7.0941883767535066 -6.660973222157072 -10.99046779848468 -9.332206591969712 -9.797238928846692 -12.532121632470048 -11.940614562342535 -4.936035578133665 -2.2133953848031496 6.293944774877766 -1.3168888048089396 0.5840230432257845 -7.853016994225162 -5.267671159762294 -11.8993487862518 -10.145932907002503 -2.614485829653088 -8.108342163046219 -6.259312507047685 -10.955080997626006 -9.271825708065045 -1.5534489646343275 -12.131363475834629 -8.09409326149888 -10.291516989033624 -14.326125264500432 -13.611942712732626 -14.658385501499252 -10.635040312272874
7.154308617234468 -6.6175885929082945 -10.967272949150928 -9.300858181338185 -9.771521124876088 -12.517649892031244 -11.922596625331163 -4.884815060717776 -2.1453276703732627 6.391790887561812 -1.2657419615637795 0.6353461877020874 -7.813861713666193 -5.219118423934969 -11.878842726766578 -10.11869848663854 -2.548950128060412 -8.071186097081442 -6.214092217527778 -10.93166131064839 -9.239921229520274 -1.486144847589017 -12.114663672574117 -8.058853775273214 -10.26604325130787 -14.325043519278376 -13.604734680176572 -14.66157992734878 -10.614943647950508
7.214428857715431 -6.57415003923969 -10.943986190016659 -9.269433560110834 -9.745732525924975 -12.503071808829311 -11.904477369862363 -4.833551420210852 -2.0772421835089183 6.489531856522157 -1.2146183811057294 0.6866730195648931 -7.7746378909073615 -5.1705296637560885 -11.858241642784037 -10.091393193261055 -2.4833928211668277 -8.033967141150312 -6.168821266710296 -10.908150208808518 -9.207939368214184 -1.4188188988118888 -12.09786326235502 -8.023555135724756 -10.240492749969032 -14.32383950726514 -13.597411678736096 -14.664648468658006 -10.594774897639123
7.274549098196393 -6.530679931438961 -10.92062347081555 -9.237951281220926 -9.719889653751785 -12.488400518080791 -11.886271081308877 -4.782269581728392 -2.009169251033782 6.5871282766790324 -1.1635417751222117 0.7379796128467899 -7.735366633962102 -5.121928870292155 -11.837560609501569 -10.064034193435216 -2.417843452280668 -7.996705719052508 -6.123522614383834 -10.884563714692295 -9.175898874232988 -1.351501257045431 -12.080976093325635 -7.988216988909258 -10.214882060571568 -14.322521969518325 -13.589984466499521 -14.667598445002541 -10.574548695969295
7.3346693386773545 -6.487160638746392 -10.897173801221385 -9.206397682997682 -9.693980476830966 -12.473627860552448 -11.867968454625029 -4.730949395654608 -1.9410832202589388 6.684615925339014 -1.1124909200512962 0.7892871149272875 -7.696031778579074 -5.0732966976351825 -11.81678950352665 -10.036609113286438 -2.352277223642496 -7.959386284831244 -6.078178031535728 -10.860890765423914 -9.14378592107246 -1.2841665722710793 -12.06399327911635 -7.952824260252616 -10.189199355394916 -14.321087025553181 -13.582447211823892 -14.670427325659963 -10.554254770760583
7.394789579158316 -6.443621933992514 -10.873658076549777 -9.174797255197493 -9.66802675634673 -12.458770854440129 -11.849588091055043 -4.679624146347382 -1.8730248350259513 6.781941444138597 -1.0614978543847537 0.8405632142551913 -7.656661326941905 -5.02466515736009 -11.79594801648027 -10.009140540102035 -2.2867337853697234 -7.922035902006905 -6.032818103978315 -10.837152356398025 -9.111625265728485 -1.2168553089838774 -12.046932819695826 -7.917402998159329 -10.1634664209924 -14.319545662628864 -13.5748136676162 -14.673144152125024 -10.533912303201092
7.454909819639278 -6.400063158751053 -10.850076692348303 -9.143149977075637 -9.642028530962712 -12.443830311600195 -11.831130639272196 -4.628292827942576 -1.804992255805615 6.879108647904368 -1.0105604511225859 0.891809874694435 -7.617254923427297 -4.976033294572581 -11.775036664835945 -9.981628586595665 -2.221211450111682 -7.884654268503508 -5.987442083049981 -10.813348872684863 -9.079416878986404 -1.1495657207658994 -12.029795413906186 -7.881952837314579 -10.137683433763325 -14.317899258739144 -13.567084959069964 -14.675750464899496 -10.51352152676527
7.51503006012024 -6.356454679905799 -10.826410512803513 -9.111432483867574 -9.615965182584922 -12.428791599327003 -11.812579639232847 -4.576921781688866 -1.736943089874181 6.976175621037599 -0.959644198438347 0.9430616132980743 -7.57778519401563 -4.927368788411805 -11.75403769770367 -9.954051987903469 -2.1556691643775783 -7.847215029371701 -5.942019386168891 -10.789461063054056 -9.047137120322475 -1.0822558563276452 -12.012565278771703 -7.84644828081559 -10.111830008063478 -14.316140041176249 -13.559250181043064 -14.678240668508662 -10.49306467796093
7.575150300601202 -6.3128029247497075 -10.802664658515564 -9.079650433099733 -9.589841789692706 -12.41365923739437 -11.793939860186882 -4.525517998864742 -1.6688854590283062 7.073132682729761 -0.9087550629923409 0.9943123001891832 -7.538258367044393 -4.878678380347846 -11.732956044264402 -9.926416065854308 -2.0901149061810576 -7.809724241300377 -5.896556564756175 -10.765494063947383 -9.014791701647713 -1.0149338377987682 -11.99524708261217 -7.810895108185587 -10.085911322328158 -14.31427154155564 -13.55131332330682 -14.680617962145773 -10.472546382987868
7.635270541082164 -6.26907495709526 -10.778817720187579 -9.047777771429253 -9.563635380963724 -12.398416770623726 -11.775192833859993 -4.474044106340776 -1.600772379518762 7.170043848666389 -0.8578550422003945 1.0456000242097265 -7.498643961851681 -4.82992620496033 -11.71177182285777 -9.89869711325544 -2.024503162298388 -7.7721525710005475 -5.851019638976638 -10.741426339372193 -8.982354259254617 -0.9475531538511106 -11.97782311047403 -7.775264964383233 -10.059904631750882 -14.31228487527619 -13.543262043642217 -14.682875869462906 -10.451946838844268
7.695390781563126 -6.2253412130962715 -10.754917895112328 -9.015871682577785 -9.537396597778383 -12.383102736761327 -11.756381037143395 -4.422579259181091 -1.5327016571665018 7.266779454531737 -0.8070216939389847 1.0968466469255636 -7.4590078845680745 -4.781188299706955 -11.690530235768783 -9.870947602233741 -1.95892896016564 -7.734563600348491 -5.805481073639012 -10.717306334867391 -8.949882626154686 -0.8802108388068852 -11.960334344799932 -7.739619112360927 -10.033860464055131 -14.310203636538555 -13.5351267788727 -14.685033183516454 -10.431310331313242
7.755511022044088 -6.181528985093223 -10.730916947571583 -8.983874061079646 -9.511074127963894 -12.367679459746217 -11.73746249677949 -4.371041263962062 -1.464570646820018 7.363477862469858 -0.7561726781925766 1.1481348736926447 -7.419282553268876 -4.732385764547228 -11.669186311039692 -9.843114492555422 -1.8932927543384648 -7.696892235374901 -5.759865939305069 -10.69308554431796 -8.917318016219955 -0.8128051931096181 -11.942740430792238 -7.703894711211543 -10.007727854199508 -14.308006363523036 -13.526878654905195 -14.687073620153013 -10.410592378933927
7.8156312625250495 -6.137667771238942 -10.706835467493985 -8.9518091016323 -9.484689434294307 -12.352163641093341 -11.718455502474043 -4.319463141314773 -1.3964198604939069 7.460085992713254 -0.7053398675700069 1.1994325188738988 -7.3794956905989055 -4.683550332469316 -11.64775943001531 -9.81522005772461 -1.827633955367507 -7.659165247981183 -5.714204549681696 -10.668784657856918 -8.884684893722437 -0.7453764463413926 -11.925059052244187 -7.668117521720035 -9.98152827932465 -14.30570370872246 -13.518531097392346 -14.689005879476314 -10.389811853623598
7.875751503006012 -6.093757228471386 -10.682673928621789 -8.919676956839115 -9.458242717313894 -12.336556076235965 -11.699360722746022 -4.267844279691114 -1.328248036406183 7.556606604550386 -0.6545218253840797 1.2507409046292186 -7.339647187197785 -4.634681440313425 -11.626250161197593 -9.787264565979871 -1.7619514236424938 -7.6213825809142195 -5.668496492283186 -10.64440414144686 -8.851983403672357 -0.6779234111321486 -11.907290920227531 -7.632287429330145 -9.95526204829801 -14.303296907411836 -13.51008514600476 -14.690831322732725 -10.368969111933737
7.935871743486974 -6.049796754948087 -10.658432614299826 -8.88747756117386 -9.431733983700603 -12.320857400529839 -11.680178653522848 -4.216183780984713 -1.2600535679977651 7.653042894137163 -0.6037168583044301 1.3020616140219556 -7.299736687505772 -4.585778249746241 -11.60465889227548 -9.75924808383261 -1.6962436832223138 -7.583543939287442 -5.622741089552328 -10.619944269891715 -8.81921347058876 -0.6104445569711103 -11.889436578346242 -7.596404091150379 -9.928929274193763 -14.300787083065652 -13.501541706447176 -14.692551215112546 -10.34806433803599
7.995991983967936 -6.005772041994035 -10.634102553317692 -8.855199797789197 -9.405153482910595 -12.305060924795619 -11.660901678771669 -4.164465299493979 -1.191815665014939 7.749423589565862 -0.5529080640976143 1.3534115671539628 -7.25975104004774 -4.536825103234857 -11.582977355733323 -9.73116057720824 -1.630490636199966 -7.5456367046802315 -5.576923551723514 -10.595396014122684 -8.78636383775488 -0.5429193296831691 -11.871488759623539 -7.560455286635275 -9.902520348663089 -14.298171017740218 -13.49289597824981 -14.694163437793806 -10.327089229137236
8.056112224448897 -5.961701676640132 -10.60969693066097 -8.822859039852649 -9.378514853348232 -12.289177463485359 -11.641541583454647 -4.112709579291912 -1.1235596335673568 7.845715964139008 -0.5021151648815976 1.404770769827103 -7.21970778456478 -4.487841928010358 -11.561217996565311 -9.703016220217073 -1.564716926012839 -7.507677818807196 -5.531062962292204 -10.570772620256363 -8.75345004973548 -0.4753728818366909 -11.85345887410703 -7.524457290347097 -9.87604895595613 -14.295455813036762 -13.484156766939568 -14.695673887217227 -10.306055817573867
8.11623246492986 -5.917562012381641 -10.585200448931644 -8.790436629054348 -9.351801690558919 -12.273195308333555 -11.622085198584404 -4.060889756425104 -1.0552516338405835 7.941966050373137 -0.45131096041805163 1.456166543169545 -7.179585043235755 -4.438802981363693 -11.53936662785097 -9.674798089104925 -1.4988897856160688 -7.469646262774334 -5.485134919319918 -10.546058699722618 -8.72045321898442 -0.40777171594616135 -11.835334307929042 -7.488389788527385 -9.849498853008338 -14.292635256767541 -13.475315351410122 -14.697078101124566 -10.284950012558483
8.176352705410821 -5.873374018993953 -10.560627872972752 -8.75794984191776 -9.325029304594086 -12.257126506131168 -11.602545683367094 -4.009029271262793 -0.986920343394768 8.038136627942066 -0.4005178487368961 1.5075761853127436 -7.139402574505465 -4.389730771073278 -11.517437166201738 -9.646522087044406 -1.4330371276281295 -7.431561109761621 -5.439160962088145 -10.521269087336798 -8.687390817172602 -0.3401443266032622 -11.81712779044803 -7.452271108764883 -9.822885386508737 -14.289717145705064 -13.466381477906227 -14.698382498572736 -10.26378528861402
8.236472945891784 -5.829123757213601 -10.535970419509386 -8.725387822682826 -9.298188179475684 -12.240964480556595 -11.582915564115694 -3.9571122121982603 -0.9185455506828608 8.134255519560952 -0.349719487024966 1.5590160804673983 -7.099147549608483 -4.340610063242959 -11.495421510342673 -9.618178418586087 -1.3671394103157586 -7.393410056719564 -5.393126686448326 -10.496394944039995 -8.65425185107254 -0.2724707273383409 -11.798832188963164 -7.416089340595651 -9.796199169188231 -14.286698268092957 -13.457350400741033 -14.699584934573336 -10.242553539339134
8.296593186372744 -5.78481668354943 -10.511232368811712 -8.692755333937683 -9.271282577857978 -12.224712974358098 -11.563198806133492 -3.9051445390282877 -0.8501342313264713 8.230314362999135 -0.29892108582997023 1.6104808651962412 -7.058825240730802 -4.2914465979130725 -11.47332376979379 -9.589771550131776 -1.3012034789636506 -7.355198226571653 -5.34703766050475 -10.471440564390537 -8.621041131110783 -0.20475789074421158 -11.780451380192503 -7.3798493672473064 -9.769444538665812 -14.283581488786313 -13.44822539149076 -14.700687978892313 -10.221258629207401
8.356713426853707 -5.740443895529026 -10.48640830477753 -8.660045560820091 -9.244306552671375 -12.20836805645078 -11.543390874939039 -3.8531160265553153 -0.7816732574508298 8.326331484318331 -0.24811196829578064 1.6619812237168188 -7.018427509502499 -4.242230599457159 -11.45113898706499 -9.56129537867944 -1.2352166650090912 -7.316917835453755 -5.300884668758705 -10.446400495028545 -8.587751752238724 -0.13699285173863984 -11.761981059732669 -7.3435436367768325 -9.742615656936238 -14.28036513014465 -13.439003746801353 -14.701690664987462 -10.199895551216667
8.41683366733467 -5.696007744888121 -10.46150038800576 -8.627260748692418 -9.217262145601222 -12.191931778275755 -11.523493869315367 -3.801029142274351 -0.7131652827458621 8.422304221809537 -0.1972939554059212 1.7135152219067042 -6.977956721236674 -4.192964460552208 -11.428869285668075 -9.532752070137988 -1.1691816162970992 -7.278571208629729 -5.254670084736652 -10.421276899959615 -8.55438597779802 -0.069178294724761 -11.743423306123475 -7.307174338163183 -9.715714644094788 -14.277051031407522 -13.429687408014955 -14.702594751377925 -10.178466235143695
8.47695390781563 -5.651501281850564 -10.436504492398377 -8.594395640109251 -9.190144785737449 -12.175401213014077 -11.503504375120261 -3.7488758700809752 -0.6445999411808321 8.518247166231362 -0.14645860196653215 1.7650913058019282 -6.937406550542822 -4.143640527757157 -11.40651091009951 -9.504136944573187 -1.1030883427078497 -7.240152310190308 -5.208386705846539 -10.396065623202428 -8.52093847823964 -0.001303990739049965 -11.724774892317509 -7.2707356064995565 -9.688737027757082 -14.273638081644327 -13.420274438582636 -14.703399698609461 -10.156966867007231
