web/models/linear/24/-14_020_0_105.dat
# %ECSV 1.0
# ---
# datatype:
# - {name: time, datatype: float64}
# - {name: sdss_u, datatype: float64}
# - {name: sdss_g, datatype: float64}
# - {name: sdss_r, datatype: float64}
# - {name: sdss_i, datatype: float64}
# - {name: sdss_z, datatype: float64}
# - {name: Clear, datatype: float64}
# - {name: johnson_B, datatype: float64}
# - {name: johnson_V, datatype: float64}
# - {name: johnson_R, datatype: float64}
# - {name: johnson_I, datatype: float64}
# - {name: ukirt_J, datatype: float64}
# - {name: ukirt_H, datatype: float64}
# - {name: ukirt_K, datatype: float64}
# meta: !!omap
# - comment: [M=-14.020408163265307, dM=0.10496361336732253]
# schema: astropy-2.0
time sdss_u sdss_g sdss_r sdss_i sdss_z Clear johnson_B johnson_V johnson_R johnson_I ukirt_J ukirt_H ukirt_K
0.0 -14.020408163265307 -14.020408163265307 -14.020408163265307 -14.020408163265307 -14.020408163265307 -14.020408163265307 -14.020408163265307 -14.020408163265307 -14.020408163265307 -14.020408163265307 -14.020408163265307 -14.020408163265307 -14.020408163265307
0.07537688442211055 -14.012496333111992 -14.012496333111992 -14.012496333111992 -14.012496333111992 -14.012496333111992 -14.012496333111992 -14.012496333111992 -14.012496333111992 -14.012496333111992 -14.012496333111992 -14.012496333111992 -14.012496333111992 -14.012496333111992
0.1507537688442211 -14.004584502958675 -14.004584502958675 -14.004584502958675 -14.004584502958675 -14.004584502958675 -14.004584502958675 -14.004584502958675 -14.004584502958675 -14.004584502958675 -14.004584502958675 -14.004584502958675 -14.004584502958675 -14.004584502958675
0.22613065326633164 -13.99667267280536 -13.99667267280536 -13.99667267280536 -13.99667267280536 -13.99667267280536 -13.99667267280536 -13.99667267280536 -13.99667267280536 -13.99667267280536 -13.99667267280536 -13.99667267280536 -13.99667267280536 -13.99667267280536
0.3015075376884422 -13.988760842652043 -13.988760842652043 -13.988760842652043 -13.988760842652043 -13.988760842652043 -13.988760842652043 -13.988760842652043 -13.988760842652043 -13.988760842652043 -13.988760842652043 -13.988760842652043 -13.988760842652043 -13.988760842652043
0.37688442211055273 -13.980849012498728 -13.980849012498728 -13.980849012498728 -13.980849012498728 -13.980849012498728 -13.980849012498728 -13.980849012498728 -13.980849012498728 -13.980849012498728 -13.980849012498728 -13.980849012498728 -13.980849012498728 -13.980849012498728
0.4522613065326633 -13.972937182345412 -13.972937182345412 -13.972937182345412 -13.972937182345412 -13.972937182345412 -13.972937182345412 -13.972937182345412 -13.972937182345412 -13.972937182345412 -13.972937182345412 -13.972937182345412 -13.972937182345412 -13.972937182345412
0.5276381909547738 -13.965025352192097 -13.965025352192097 -13.965025352192097 -13.965025352192097 -13.965025352192097 -13.965025352192097 -13.965025352192097 -13.965025352192097 -13.965025352192097 -13.965025352192097 -13.965025352192097 -13.965025352192097 -13.965025352192097
0.6030150753768844 -13.95711352203878 -13.95711352203878 -13.95711352203878 -13.95711352203878 -13.95711352203878 -13.95711352203878 -13.95711352203878 -13.95711352203878 -13.95711352203878 -13.95711352203878 -13.95711352203878 -13.95711352203878 -13.95711352203878
0.6783919597989949 -13.949201691885465 -13.949201691885465 -13.949201691885465 -13.949201691885465 -13.949201691885465 -13.949201691885465 -13.949201691885465 -13.949201691885465 -13.949201691885465 -13.949201691885465 -13.949201691885465 -13.949201691885465 -13.949201691885465
0.7537688442211055 -13.94128986173215 -13.94128986173215 -13.94128986173215 -13.94128986173215 -13.94128986173215 -13.94128986173215 -13.94128986173215 -13.94128986173215 -13.94128986173215 -13.94128986173215 -13.94128986173215 -13.94128986173215 -13.94128986173215
0.829145728643216 -13.933378031578833 -13.933378031578833 -13.933378031578833 -13.933378031578833 -13.933378031578833 -13.933378031578833 -13.933378031578833 -13.933378031578833 -13.933378031578833 -13.933378031578833 -13.933378031578833 -13.933378031578833 -13.933378031578833
0.9045226130653266 -13.925466201425518 -13.925466201425518 -13.925466201425518 -13.925466201425518 -13.925466201425518 -13.925466201425518 -13.925466201425518 -13.925466201425518 -13.925466201425518 -13.925466201425518 -13.925466201425518 -13.925466201425518 -13.925466201425518
0.9798994974874371 -13.917554371272201 -13.917554371272201 -13.917554371272201 -13.917554371272201 -13.917554371272201 -13.917554371272201 -13.917554371272201 -13.917554371272201 -13.917554371272201 -13.917554371272201 -13.917554371272201 -13.917554371272201 -13.917554371272201
1.0552763819095476 -13.909642541118886 -13.909642541118886 -13.909642541118886 -13.909642541118886 -13.909642541118886 -13.909642541118886 -13.909642541118886 -13.909642541118886 -13.909642541118886 -13.909642541118886 -13.909642541118886 -13.909642541118886 -13.909642541118886
1.1306532663316582 -13.90173071096557 -13.90173071096557 -13.90173071096557 -13.90173071096557 -13.90173071096557 -13.90173071096557 -13.90173071096557 -13.90173071096557 -13.90173071096557 -13.90173071096557 -13.90173071096557 -13.90173071096557 -13.90173071096557
1.2060301507537687 -13.893818880812255 -13.893818880812255 -13.893818880812255 -13.893818880812255 -13.893818880812255 -13.893818880812255 -13.893818880812255 -13.893818880812255 -13.893818880812255 -13.893818880812255 -13.893818880812255 -13.893818880812255 -13.893818880812255
1.2814070351758793 -13.885907050658938 -13.885907050658938 -13.885907050658938 -13.885907050658938 -13.885907050658938 -13.885907050658938 -13.885907050658938 -13.885907050658938 -13.885907050658938 -13.885907050658938 -13.885907050658938 -13.885907050658938 -13.885907050658938
1.3567839195979898 -13.877995220505623 -13.877995220505623 -13.877995220505623 -13.877995220505623 -13.877995220505623 -13.877995220505623 -13.877995220505623 -13.877995220505623 -13.877995220505623 -13.877995220505623 -13.877995220505623 -13.877995220505623 -13.877995220505623
1.4321608040201004 -13.870083390352308 -13.870083390352308 -13.870083390352308 -13.870083390352308 -13.870083390352308 -13.870083390352308 -13.870083390352308 -13.870083390352308 -13.870083390352308 -13.870083390352308 -13.870083390352308 -13.870083390352308 -13.870083390352308
1.507537688442211 -13.862171560198991 -13.862171560198991 -13.862171560198991 -13.862171560198991 -13.862171560198991 -13.862171560198991 -13.862171560198991 -13.862171560198991 -13.862171560198991 -13.862171560198991 -13.862171560198991 -13.862171560198991 -13.862171560198991
1.5829145728643215 -13.854259730045676 -13.854259730045676 -13.854259730045676 -13.854259730045676 -13.854259730045676 -13.854259730045676 -13.854259730045676 -13.854259730045676 -13.854259730045676 -13.854259730045676 -13.854259730045676 -13.854259730045676 -13.854259730045676
1.658291457286432 -13.84634789989236 -13.84634789989236 -13.84634789989236 -13.84634789989236 -13.84634789989236 -13.84634789989236 -13.84634789989236 -13.84634789989236 -13.84634789989236 -13.84634789989236 -13.84634789989236 -13.84634789989236 -13.84634789989236
1.7336683417085426 -13.838436069739044 -13.838436069739044 -13.838436069739044 -13.838436069739044 -13.838436069739044 -13.838436069739044 -13.838436069739044 -13.838436069739044 -13.838436069739044 -13.838436069739044 -13.838436069739044 -13.838436069739044 -13.838436069739044
1.809045226130653 -13.830524239585728 -13.830524239585728 -13.830524239585728 -13.830524239585728 -13.830524239585728 -13.830524239585728 -13.830524239585728 -13.830524239585728 -13.830524239585728 -13.830524239585728 -13.830524239585728 -13.830524239585728 -13.830524239585728
1.8844221105527637 -13.822612409432413 -13.822612409432413 -13.822612409432413 -13.822612409432413 -13.822612409432413 -13.822612409432413 -13.822612409432413 -13.822612409432413 -13.822612409432413 -13.822612409432413 -13.822612409432413 -13.822612409432413 -13.822612409432413
1.9597989949748742 -13.814700579279096 -13.814700579279096 -13.814700579279096 -13.814700579279096 -13.814700579279096 -13.814700579279096 -13.814700579279096 -13.814700579279096 -13.814700579279096 -13.814700579279096 -13.814700579279096 -13.814700579279096 -13.814700579279096
2.0351758793969847 -13.806788749125781 -13.806788749125781 -13.806788749125781 -13.806788749125781 -13.806788749125781 -13.806788749125781 -13.806788749125781 -13.806788749125781 -13.806788749125781 -13.806788749125781 -13.806788749125781 -13.806788749125781 -13.806788749125781
2.1105527638190953 -13.798876918972466 -13.798876918972466 -13.798876918972466 -13.798876918972466 -13.798876918972466 -13.798876918972466 -13.798876918972466 -13.798876918972466 -13.798876918972466 -13.798876918972466 -13.798876918972466 -13.798876918972466 -13.798876918972466
2.185929648241206 -13.79096508881915 -13.79096508881915 -13.79096508881915 -13.79096508881915 -13.79096508881915 -13.79096508881915 -13.79096508881915 -13.79096508881915 -13.79096508881915 -13.79096508881915 -13.79096508881915 -13.79096508881915 -13.79096508881915
2.2613065326633164 -13.783053258665834 -13.783053258665834 -13.783053258665834 -13.783053258665834 -13.783053258665834 -13.783053258665834 -13.783053258665834 -13.783053258665834 -13.783053258665834 -13.783053258665834 -13.783053258665834 -13.783053258665834 -13.783053258665834
2.336683417085427 -13.775141428512518 -13.775141428512518 -13.775141428512518 -13.775141428512518 -13.775141428512518 -13.775141428512518 -13.775141428512518 -13.775141428512518 -13.775141428512518 -13.775141428512518 -13.775141428512518 -13.775141428512518 -13.775141428512518
2.4120603015075375 -13.767229598359203 -13.767229598359203 -13.767229598359203 -13.767229598359203 -13.767229598359203 -13.767229598359203 -13.767229598359203 -13.767229598359203 -13.767229598359203 -13.767229598359203 -13.767229598359203 -13.767229598359203 -13.767229598359203
2.487437185929648 -13.759317768205886 -13.759317768205886 -13.759317768205886 -13.759317768205886 -13.759317768205886 -13.759317768205886 -13.759317768205886 -13.759317768205886 -13.759317768205886 -13.759317768205886 -13.759317768205886 -13.759317768205886 -13.759317768205886
2.5628140703517586 -13.75140593805257 -13.75140593805257 -13.75140593805257 -13.75140593805257 -13.75140593805257 -13.75140593805257 -13.75140593805257 -13.75140593805257 -13.75140593805257 -13.75140593805257 -13.75140593805257 -13.75140593805257 -13.75140593805257
2.638190954773869 -13.743494107899254 -13.743494107899254 -13.743494107899254 -13.743494107899254 -13.743494107899254 -13.743494107899254 -13.743494107899254 -13.743494107899254 -13.743494107899254 -13.743494107899254 -13.743494107899254 -13.743494107899254 -13.743494107899254
2.7135678391959797 -13.735582277745939 -13.735582277745939 -13.735582277745939 -13.735582277745939 -13.735582277745939 -13.735582277745939 -13.735582277745939 -13.735582277745939 -13.735582277745939 -13.735582277745939 -13.735582277745939 -13.735582277745939 -13.735582277745939
2.78894472361809 -13.727670447592624 -13.727670447592624 -13.727670447592624 -13.727670447592624 -13.727670447592624 -13.727670447592624 -13.727670447592624 -13.727670447592624 -13.727670447592624 -13.727670447592624 -13.727670447592624 -13.727670447592624 -13.727670447592624
2.8643216080402008 -13.719758617439307 -13.719758617439307 -13.719758617439307 -13.719758617439307 -13.719758617439307 -13.719758617439307 -13.719758617439307 -13.719758617439307 -13.719758617439307 -13.719758617439307 -13.719758617439307 -13.719758617439307 -13.719758617439307
2.9396984924623113 -13.711846787285992 -13.711846787285992 -13.711846787285992 -13.711846787285992 -13.711846787285992 -13.711846787285992 -13.711846787285992 -13.711846787285992 -13.711846787285992 -13.711846787285992 -13.711846787285992 -13.711846787285992 -13.711846787285992
3.015075376884422 -13.703934957132676 -13.703934957132676 -13.703934957132676 -13.703934957132676 -13.703934957132676 -13.703934957132676 -13.703934957132676 -13.703934957132676 -13.703934957132676 -13.703934957132676 -13.703934957132676 -13.703934957132676 -13.703934957132676
3.0904522613065324 -13.69602312697936 -13.69602312697936 -13.69602312697936 -13.69602312697936 -13.69602312697936 -13.69602312697936 -13.69602312697936 -13.69602312697936 -13.69602312697936 -13.69602312697936 -13.69602312697936 -13.69602312697936 -13.69602312697936
3.165829145728643 -13.688111296826044 -13.688111296826044 -13.688111296826044 -13.688111296826044 -13.688111296826044 -13.688111296826044 -13.688111296826044 -13.688111296826044 -13.688111296826044 -13.688111296826044 -13.688111296826044 -13.688111296826044 -13.688111296826044
3.2412060301507535 -13.680199466672729 -13.680199466672729 -13.680199466672729 -13.680199466672729 -13.680199466672729 -13.680199466672729 -13.680199466672729 -13.680199466672729 -13.680199466672729 -13.680199466672729 -13.680199466672729 -13.680199466672729 -13.680199466672729
3.316582914572864 -13.672287636519414 -13.672287636519414 -13.672287636519414 -13.672287636519414 -13.672287636519414 -13.672287636519414 -13.672287636519414 -13.672287636519414 -13.672287636519414 -13.672287636519414 -13.672287636519414 -13.672287636519414 -13.672287636519414
3.3919597989949746 -13.664375806366097 -13.664375806366097 -13.664375806366097 -13.664375806366097 -13.664375806366097 -13.664375806366097 -13.664375806366097 -13.664375806366097 -13.664375806366097 -13.664375806366097 -13.664375806366097 -13.664375806366097 -13.664375806366097
3.467336683417085 -13.656463976212782 -13.656463976212782 -13.656463976212782 -13.656463976212782 -13.656463976212782 -13.656463976212782 -13.656463976212782 -13.656463976212782 -13.656463976212782 -13.656463976212782 -13.656463976212782 -13.656463976212782 -13.656463976212782
3.5427135678391957 -13.648552146059465 -13.648552146059465 -13.648552146059465 -13.648552146059465 -13.648552146059465 -13.648552146059465 -13.648552146059465 -13.648552146059465 -13.648552146059465 -13.648552146059465 -13.648552146059465 -13.648552146059465 -13.648552146059465
3.618090452261306 -13.64064031590615 -13.64064031590615 -13.64064031590615 -13.64064031590615 -13.64064031590615 -13.64064031590615 -13.64064031590615 -13.64064031590615 -13.64064031590615 -13.64064031590615 -13.64064031590615 -13.64064031590615 -13.64064031590615
3.6934673366834168 -13.632728485752834 -13.632728485752834 -13.632728485752834 -13.632728485752834 -13.632728485752834 -13.632728485752834 -13.632728485752834 -13.632728485752834 -13.632728485752834 -13.632728485752834 -13.632728485752834 -13.632728485752834 -13.632728485752834
3.7688442211055273 -13.624816655599519 -13.624816655599519 -13.624816655599519 -13.624816655599519 -13.624816655599519 -13.624816655599519 -13.624816655599519 -13.624816655599519 -13.624816655599519 -13.624816655599519 -13.624816655599519 -13.624816655599519 -13.624816655599519
3.844221105527638 -13.616904825446202 -13.616904825446202 -13.616904825446202 -13.616904825446202 -13.616904825446202 -13.616904825446202 -13.616904825446202 -13.616904825446202 -13.616904825446202 -13.616904825446202 -13.616904825446202 -13.616904825446202 -13.616904825446202
3.9195979899497484 -13.608992995292887 -13.608992995292887 -13.608992995292887 -13.608992995292887 -13.608992995292887 -13.608992995292887 -13.608992995292887 -13.608992995292887 -13.608992995292887 -13.608992995292887 -13.608992995292887 -13.608992995292887 -13.608992995292887
3.994974874371859 -13.601081165139572 -13.601081165139572 -13.601081165139572 -13.601081165139572 -13.601081165139572 -13.601081165139572 -13.601081165139572 -13.601081165139572 -13.601081165139572 -13.601081165139572 -13.601081165139572 -13.601081165139572 -13.601081165139572
4.0703517587939695 -13.593169334986255 -13.593169334986255 -13.593169334986255 -13.593169334986255 -13.593169334986255 -13.593169334986255 -13.593169334986255 -13.593169334986255 -13.593169334986255 -13.593169334986255 -13.593169334986255 -13.593169334986255 -13.593169334986255
4.14572864321608 -13.58525750483294 -13.58525750483294 -13.58525750483294 -13.58525750483294 -13.58525750483294 -13.58525750483294 -13.58525750483294 -13.58525750483294 -13.58525750483294 -13.58525750483294 -13.58525750483294 -13.58525750483294 -13.58525750483294
4.221105527638191 -13.577345674679623 -13.577345674679623 -13.577345674679623 -13.577345674679623 -13.577345674679623 -13.577345674679623 -13.577345674679623 -13.577345674679623 -13.577345674679623 -13.577345674679623 -13.577345674679623 -13.577345674679623 -13.577345674679623
