web/models/linear/24/-14_020_0_266.dat
# %ECSV 1.0
# ---
# datatype:
# - {name: time, datatype: float64}
# - {name: sdss_u, datatype: float64}
# - {name: sdss_g, datatype: float64}
# - {name: sdss_r, datatype: float64}
# - {name: sdss_i, datatype: float64}
# - {name: sdss_z, datatype: float64}
# - {name: Clear, datatype: float64}
# - {name: johnson_B, datatype: float64}
# - {name: johnson_V, datatype: float64}
# - {name: johnson_R, datatype: float64}
# - {name: johnson_I, datatype: float64}
# - {name: ukirt_J, datatype: float64}
# - {name: ukirt_H, datatype: float64}
# - {name: ukirt_K, datatype: float64}
# meta: !!omap
# - comment: [M=-14.020408163265307, dM=0.26622358501432164]
# schema: astropy-2.0
time sdss_u sdss_g sdss_r sdss_i sdss_z Clear johnson_B johnson_V johnson_R johnson_I ukirt_J ukirt_H ukirt_K
[from data line 116]
8.743718592964823 -11.692624053089832 -11.692624053089832 -11.692624053089832 -11.692624053089832 -11.692624053089832 -11.692624053089832 -11.692624053089832 -11.692624053089832 -11.692624053089832 -11.692624053089832 -11.692624053089832 -11.692624053089832 -11.692624053089832
8.819095477386934 -11.672556948691767 -11.672556948691767 -11.672556948691767 -11.672556948691767 -11.672556948691767 -11.672556948691767 -11.672556948691767 -11.672556948691767 -11.672556948691767 -11.672556948691767 -11.672556948691767 -11.672556948691767 -11.672556948691767
8.894472361809044 -11.652489844293703 -11.652489844293703 -11.652489844293703 -11.652489844293703 -11.652489844293703 -11.652489844293703 -11.652489844293703 -11.652489844293703 -11.652489844293703 -11.652489844293703 -11.652489844293703 -11.652489844293703 -11.652489844293703
8.969849246231155 -11.632422739895638 -11.632422739895638 -11.632422739895638 -11.632422739895638 -11.632422739895638 -11.632422739895638 -11.632422739895638 -11.632422739895638 -11.632422739895638 -11.632422739895638 -11.632422739895638 -11.632422739895638 -11.632422739895638
9.045226130653266 -11.612355635497574 -11.612355635497574 -11.612355635497574 -11.612355635497574 -11.612355635497574 -11.612355635497574 -11.612355635497574 -11.612355635497574 -11.612355635497574 -11.612355635497574 -11.612355635497574 -11.612355635497574 -11.612355635497574
9.120603015075377 -11.59228853109951 -11.59228853109951 -11.59228853109951 -11.59228853109951 -11.59228853109951 -11.59228853109951 -11.59228853109951 -11.59228853109951 -11.59228853109951 -11.59228853109951 -11.59228853109951 -11.59228853109951 -11.59228853109951
9.195979899497488 -11.572221426701445 -11.572221426701445 -11.572221426701445 -11.572221426701445 -11.572221426701445 -11.572221426701445 -11.572221426701445 -11.572221426701445 -11.572221426701445 -11.572221426701445 -11.572221426701445 -11.572221426701445 -11.572221426701445
9.271356783919597 -11.55215432230338 -11.55215432230338 -11.55215432230338 -11.55215432230338 -11.55215432230338 -11.55215432230338 -11.55215432230338 -11.55215432230338 -11.55215432230338 -11.55215432230338 -11.55215432230338 -11.55215432230338 -11.55215432230338
9.346733668341708 -11.532087217905316 -11.532087217905316 -11.532087217905316 -11.532087217905316 -11.532087217905316 -11.532087217905316 -11.532087217905316 -11.532087217905316 -11.532087217905316 -11.532087217905316 -11.532087217905316 -11.532087217905316 -11.532087217905316
9.422110552763819 -11.512020113507251 -11.512020113507251 -11.512020113507251 -11.512020113507251 -11.512020113507251 -11.512020113507251 -11.512020113507251 -11.512020113507251 -11.512020113507251 -11.512020113507251 -11.512020113507251 -11.512020113507251 -11.512020113507251
9.497487437185928 -11.491953009109187 -11.491953009109187 -11.491953009109187 -11.491953009109187 -11.491953009109187 -11.491953009109187 -11.491953009109187 -11.491953009109187 -11.491953009109187 -11.491953009109187 -11.491953009109187 -11.491953009109187 -11.491953009109187
9.572864321608039 -11.471885904711122 -11.471885904711122 -11.471885904711122 -11.471885904711122 -11.471885904711122 -11.471885904711122 -11.471885904711122 -11.471885904711122 -11.471885904711122 -11.471885904711122 -11.471885904711122 -11.471885904711122 -11.471885904711122
9.64824120603015 -11.451818800313058 -11.451818800313058 -11.451818800313058 -11.451818800313058 -11.451818800313058 -11.451818800313058 -11.451818800313058 -11.451818800313058 -11.451818800313058 -11.451818800313058 -11.451818800313058 -11.451818800313058 -11.451818800313058
9.72361809045226 -11.431751695914993 -11.431751695914993 -11.431751695914993 -11.431751695914993 -11.431751695914993 -11.431751695914993 -11.431751695914993 -11.431751695914993 -11.431751695914993 -11.431751695914993 -11.431751695914993 -11.431751695914993 -11.431751695914993
9.798994974874372 -11.411684591516929 -11.411684591516929 -11.411684591516929 -11.411684591516929 -11.411684591516929 -11.411684591516929 -11.411684591516929 -11.411684591516929 -11.411684591516929 -11.411684591516929 -11.411684591516929 -11.411684591516929 -11.411684591516929
9.874371859296481 -11.391617487118864 -11.391617487118864 -11.391617487118864 -11.391617487118864 -11.391617487118864 -11.391617487118864 -11.391617487118864 -11.391617487118864 -11.391617487118864 -11.391617487118864 -11.391617487118864 -11.391617487118864 -11.391617487118864
9.949748743718592 -11.3715503827208 -11.3715503827208 -11.3715503827208 -11.3715503827208 -11.3715503827208 -11.3715503827208 -11.3715503827208 -11.3715503827208 -11.3715503827208 -11.3715503827208 -11.3715503827208 -11.3715503827208 -11.3715503827208
10.025125628140703 -11.351483278322736 -11.351483278322736 -11.351483278322736 -11.351483278322736 -11.351483278322736 -11.351483278322736 -11.351483278322736 -11.351483278322736 -11.351483278322736 -11.351483278322736 -11.351483278322736 -11.351483278322736 -11.351483278322736
10.100502512562812 -11.331416173924671 -11.331416173924671 -11.331416173924671 -11.331416173924671 -11.331416173924671 -11.331416173924671 -11.331416173924671 -11.331416173924671 -11.331416173924671 -11.331416173924671 -11.331416173924671 -11.331416173924671 -11.331416173924671
10.175879396984923 -11.311349069526607 -11.311349069526607 -11.311349069526607 -11.311349069526607 -11.311349069526607 -11.311349069526607 -11.311349069526607 -11.311349069526607 -11.311349069526607 -11.311349069526607 -11.311349069526607 -11.311349069526607 -11.311349069526607
10.251256281407034 -11.291281965128542 -11.291281965128542 -11.291281965128542 -11.291281965128542 -11.291281965128542 -11.291281965128542 -11.291281965128542 -11.291281965128542 -11.291281965128542 -11.291281965128542 -11.291281965128542 -11.291281965128542 -11.291281965128542
10.326633165829145 -11.271214860730478 -11.271214860730478 -11.271214860730478 -11.271214860730478 -11.271214860730478 -11.271214860730478 -11.271214860730478 -11.271214860730478 -11.271214860730478 -11.271214860730478 -11.271214860730478 -11.271214860730478 -11.271214860730478
10.402010050251256 -11.251147756332413 -11.251147756332413 -11.251147756332413 -11.251147756332413 -11.251147756332413 -11.251147756332413 -11.251147756332413 -11.251147756332413 -11.251147756332413 -11.251147756332413 -11.251147756332413 -11.251147756332413 -11.251147756332413
10.477386934673365 -11.231080651934349 -11.231080651934349 -11.231080651934349 -11.231080651934349 -11.231080651934349 -11.231080651934349 -11.231080651934349 -11.231080651934349 -11.231080651934349 -11.231080651934349 -11.231080651934349 -11.231080651934349 -11.231080651934349
10.552763819095476 -11.211013547536284 -11.211013547536284 -11.211013547536284 -11.211013547536284 -11.211013547536284 -11.211013547536284 -11.211013547536284 -11.211013547536284 -11.211013547536284 -11.211013547536284 -11.211013547536284 -11.211013547536284 -11.211013547536284
10.628140703517587 -11.19094644313822 -11.19094644313822 -11.19094644313822 -11.19094644313822 -11.19094644313822 -11.19094644313822 -11.19094644313822 -11.19094644313822 -11.19094644313822 -11.19094644313822 -11.19094644313822 -11.19094644313822 -11.19094644313822
10.703517587939697 -11.170879338740157 -11.170879338740157 -11.170879338740157 -11.170879338740157 -11.170879338740157 -11.170879338740157 -11.170879338740157 -11.170879338740157 -11.170879338740157 -11.170879338740157 -11.170879338740157 -11.170879338740157 -11.170879338740157
10.778894472361808 -11.15081223434209 -11.15081223434209 -11.15081223434209 -11.15081223434209 -11.15081223434209 -11.15081223434209 -11.15081223434209 -11.15081223434209 -11.15081223434209 -11.15081223434209 -11.15081223434209 -11.15081223434209 -11.15081223434209
10.854271356783919 -11.130745129944026 -11.130745129944026 -11.130745129944026 -11.130745129944026 -11.130745129944026 -11.130745129944026 -11.130745129944026 -11.130745129944026 -11.130745129944026 -11.130745129944026 -11.130745129944026 -11.130745129944026 -11.130745129944026
10.92964824120603 -11.110678025545962 -11.110678025545962 -11.110678025545962 -11.110678025545962 -11.110678025545962 -11.110678025545962 -11.110678025545962 -11.110678025545962 -11.110678025545962 -11.110678025545962 -11.110678025545962 -11.110678025545962 -11.110678025545962
11.00502512562814 -11.090610921147897 -11.090610921147897 -11.090610921147897 -11.090610921147897 -11.090610921147897 -11.090610921147897 -11.090610921147897 -11.090610921147897 -11.090610921147897 -11.090610921147897 -11.090610921147897 -11.090610921147897 -11.090610921147897
11.08040201005025 -11.070543816749833 -11.070543816749833 -11.070543816749833 -11.070543816749833 -11.070543816749833 -11.070543816749833 -11.070543816749833 -11.070543816749833 -11.070543816749833 -11.070543816749833 -11.070543816749833 -11.070543816749833 -11.070543816749833
11.15577889447236 -11.05047671235177 -11.05047671235177 -11.05047671235177 -11.05047671235177 -11.05047671235177 -11.05047671235177 -11.05047671235177 -11.05047671235177 -11.05047671235177 -11.05047671235177 -11.05047671235177 -11.05047671235177 -11.05047671235177
11.231155778894472 -11.030409607953704 -11.030409607953704 -11.030409607953704 -11.030409607953704 -11.030409607953704 -11.030409607953704 -11.030409607953704 -11.030409607953704 -11.030409607953704 -11.030409607953704 -11.030409607953704 -11.030409607953704 -11.030409607953704
11.306532663316581 -11.010342503555641 -11.010342503555641 -11.010342503555641 -11.010342503555641 -11.010342503555641 -11.010342503555641 -11.010342503555641 -11.010342503555641 -11.010342503555641 -11.010342503555641 -11.010342503555641 -11.010342503555641 -11.010342503555641
11.381909547738692 -10.990275399157575 -10.990275399157575 -10.990275399157575 -10.990275399157575 -10.990275399157575 -10.990275399157575 -10.990275399157575 -10.990275399157575 -10.990275399157575 -10.990275399157575 -10.990275399157575 -10.990275399157575 -10.990275399157575
11.457286432160803 -10.970208294759512 -10.970208294759512 -10.970208294759512 -10.970208294759512 -10.970208294759512 -10.970208294759512 -10.970208294759512 -10.970208294759512 -10.970208294759512 -10.970208294759512 -10.970208294759512 -10.970208294759512 -10.970208294759512
11.532663316582914 -10.950141190361446 -10.950141190361446 -10.950141190361446 -10.950141190361446 -10.950141190361446 -10.950141190361446 -10.950141190361446 -10.950141190361446 -10.950141190361446 -10.950141190361446 -10.950141190361446 -10.950141190361446 -10.950141190361446
11.608040201005025 -10.930074085963383 -10.930074085963383 -10.930074085963383 -10.930074085963383 -10.930074085963383 -10.930074085963383 -10.930074085963383 -10.930074085963383 -10.930074085963383 -10.930074085963383 -10.930074085963383 -10.930074085963383 -10.930074085963383
11.683417085427134 -10.910006981565317 -10.910006981565317 -10.910006981565317 -10.910006981565317 -10.910006981565317 -10.910006981565317 -10.910006981565317 -10.910006981565317 -10.910006981565317 -10.910006981565317 -10.910006981565317 -10.910006981565317 -10.910006981565317
11.758793969849245 -10.889939877167254 -10.889939877167254 -10.889939877167254 -10.889939877167254 -10.889939877167254 -10.889939877167254 -10.889939877167254 -10.889939877167254 -10.889939877167254 -10.889939877167254 -10.889939877167254 -10.889939877167254 -10.889939877167254
11.834170854271356 -10.869872772769188 -10.869872772769188 -10.869872772769188 -10.869872772769188 -10.869872772769188 -10.869872772769188 -10.869872772769188 -10.869872772769188 -10.869872772769188 -10.869872772769188 -10.869872772769188 -10.869872772769188 -10.869872772769188
11.909547738693465 -10.849805668371125 -10.849805668371125 -10.849805668371125 -10.849805668371125 -10.849805668371125 -10.849805668371125 -10.849805668371125 -10.849805668371125 -10.849805668371125 -10.849805668371125 -10.849805668371125 -10.849805668371125 -10.849805668371125
11.984924623115576 -10.829738563973061 -10.829738563973061 -10.829738563973061 -10.829738563973061 -10.829738563973061 -10.829738563973061 -10.829738563973061 -10.829738563973061 -10.829738563973061 -10.829738563973061 -10.829738563973061 -10.829738563973061 -10.829738563973061
12.060301507537687 -10.809671459574997 -10.809671459574997 -10.809671459574997 -10.809671459574997 -10.809671459574997 -10.809671459574997 -10.809671459574997 -10.809671459574997 -10.809671459574997 -10.809671459574997 -10.809671459574997 -10.809671459574997 -10.809671459574997
12.135678391959798 -10.78960435517693 -10.78960435517693 -10.78960435517693 -10.78960435517693 -10.78960435517693 -10.78960435517693 -10.78960435517693 -10.78960435517693 -10.78960435517693 -10.78960435517693 -10.78960435517693 -10.78960435517693 -10.78960435517693
12.21105527638191 -10.769537250778868 -10.769537250778868 -10.769537250778868 -10.769537250778868 -10.769537250778868 -10.769537250778868 -10.769537250778868 -10.769537250778868 -10.769537250778868 -10.769537250778868 -10.769537250778868 -10.769537250778868 -10.769537250778868
12.286432160804019 -10.749470146380803 -10.749470146380803 -10.749470146380803 -10.749470146380803 -10.749470146380803 -10.749470146380803 -10.749470146380803 -10.749470146380803 -10.749470146380803 -10.749470146380803 -10.749470146380803 -10.749470146380803 -10.749470146380803
12.36180904522613 -10.729403041982739 -10.729403041982739 -10.729403041982739 -10.729403041982739 -10.729403041982739 -10.729403041982739 -10.729403041982739 -10.729403041982739 -10.729403041982739 -10.729403041982739 -10.729403041982739 -10.729403041982739 -10.729403041982739
12.43718592964824 -10.709335937584674 -10.709335937584674 -10.709335937584674 -10.709335937584674 -10.709335937584674 -10.709335937584674 -10.709335937584674 -10.709335937584674 -10.709335937584674 -10.709335937584674 -10.709335937584674 -10.709335937584674 -10.709335937584674
12.51256281407035 -10.68926883318661 -10.68926883318661 -10.68926883318661 -10.68926883318661 -10.68926883318661 -10.68926883318661 -10.68926883318661 -10.68926883318661 -10.68926883318661 -10.68926883318661 -10.68926883318661 -10.68926883318661 -10.68926883318661
12.58793969849246 -10.669201728788545 -10.669201728788545 -10.669201728788545 -10.669201728788545 -10.669201728788545 -10.669201728788545 -10.669201728788545 -10.669201728788545 -10.669201728788545 -10.669201728788545 -10.669201728788545 -10.669201728788545 -10.669201728788545
12.663316582914572 -10.64913462439048 -10.64913462439048 -10.64913462439048 -10.64913462439048 -10.64913462439048 -10.64913462439048 -10.64913462439048 -10.64913462439048 -10.64913462439048 -10.64913462439048 -10.64913462439048 -10.64913462439048 -10.64913462439048
12.738693467336683 -10.629067519992416 -10.629067519992416 -10.629067519992416 -10.629067519992416 -10.629067519992416 -10.629067519992416 -10.629067519992416 -10.629067519992416 -10.629067519992416 -10.629067519992416 -10.629067519992416 -10.629067519992416 -10.629067519992416
12.814070351758794 -10.609000415594352 -10.609000415594352 -10.609000415594352 -10.609000415594352 -10.609000415594352 -10.609000415594352 -10.609000415594352 -10.609000415594352 -10.609000415594352 -10.609000415594352 -10.609000415594352 -10.609000415594352 -10.609000415594352
12.889447236180903 -10.588933311196287 -10.588933311196287 -10.588933311196287 -10.588933311196287 -10.588933311196287 -10.588933311196287 -10.588933311196287 -10.588933311196287 -10.588933311196287 -10.588933311196287 -10.588933311196287 -10.588933311196287 -10.588933311196287
12.964824120603014 -10.568866206798223 -10.568866206798223 -10.568866206798223 -10.568866206798223 -10.568866206798223 -10.568866206798223 -10.568866206798223 -10.568866206798223 -10.568866206798223 -10.568866206798223 -10.568866206798223 -10.568866206798223 -10.568866206798223
