web/models/linear/24/-14_020_0_675.dat
# %ECSV 1.0
# ---
# datatype:
# - {name: time, datatype: float64}
# - {name: sdss_u, datatype: float64}
# - {name: sdss_g, datatype: float64}
# - {name: sdss_r, datatype: float64}
# - {name: sdss_i, datatype: float64}
# - {name: sdss_z, datatype: float64}
# - {name: Clear, datatype: float64}
# - {name: johnson_B, datatype: float64}
# - {name: johnson_V, datatype: float64}
# - {name: johnson_R, datatype: float64}
# - {name: johnson_I, datatype: float64}
# - {name: ukirt_J, datatype: float64}
# - {name: ukirt_H, datatype: float64}
# - {name: ukirt_K, datatype: float64}
# meta: !!omap
# - comment: [M=-14.020408163265307, dM=0.675233968650156]
# schema: astropy-2.0
time sdss_u sdss_g sdss_r sdss_i sdss_z Clear johnson_B johnson_V johnson_R johnson_I ukirt_J ukirt_H ukirt_K
[from data line 59]
4.447236180904522 -11.017483227308585 -11.017483227308585 -11.017483227308585 -11.017483227308585 -11.017483227308585 -11.017483227308585 -11.017483227308585 -11.017483227308585 -11.017483227308585 -11.017483227308585 -11.017483227308585 -11.017483227308585 -11.017483227308585
4.522613065326633 -10.966586194495758 -10.966586194495758 -10.966586194495758 -10.966586194495758 -10.966586194495758 -10.966586194495758 -10.966586194495758 -10.966586194495758 -10.966586194495758 -10.966586194495758 -10.966586194495758 -10.966586194495758 -10.966586194495758
4.597989949748744 -10.91568916168293 -10.91568916168293 -10.91568916168293 -10.91568916168293 -10.91568916168293 -10.91568916168293 -10.91568916168293 -10.91568916168293 -10.91568916168293 -10.91568916168293 -10.91568916168293 -10.91568916168293 -10.91568916168293
4.673366834170854 -10.864792128870107 -10.864792128870107 -10.864792128870107 -10.864792128870107 -10.864792128870107 -10.864792128870107 -10.864792128870107 -10.864792128870107 -10.864792128870107 -10.864792128870107 -10.864792128870107 -10.864792128870107 -10.864792128870107
4.748743718592964 -10.81389509605728 -10.81389509605728 -10.81389509605728 -10.81389509605728 -10.81389509605728 -10.81389509605728 -10.81389509605728 -10.81389509605728 -10.81389509605728 -10.81389509605728 -10.81389509605728 -10.81389509605728 -10.81389509605728
4.824120603015075 -10.762998063244455 -10.762998063244455 -10.762998063244455 -10.762998063244455 -10.762998063244455 -10.762998063244455 -10.762998063244455 -10.762998063244455 -10.762998063244455 -10.762998063244455 -10.762998063244455 -10.762998063244455 -10.762998063244455
4.899497487437186 -10.712101030431628 -10.712101030431628 -10.712101030431628 -10.712101030431628 -10.712101030431628 -10.712101030431628 -10.712101030431628 -10.712101030431628 -10.712101030431628 -10.712101030431628 -10.712101030431628 -10.712101030431628 -10.712101030431628
4.974874371859296 -10.661203997618802 -10.661203997618802 -10.661203997618802 -10.661203997618802 -10.661203997618802 -10.661203997618802 -10.661203997618802 -10.661203997618802 -10.661203997618802 -10.661203997618802 -10.661203997618802 -10.661203997618802 -10.661203997618802
5.050251256281406 -10.610306964805977 -10.610306964805977 -10.610306964805977 -10.610306964805977 -10.610306964805977 -10.610306964805977 -10.610306964805977 -10.610306964805977 -10.610306964805977 -10.610306964805977 -10.610306964805977 -10.610306964805977 -10.610306964805977
5.125628140703517 -10.559409931993152 -10.559409931993152 -10.559409931993152 -10.559409931993152 -10.559409931993152 -10.559409931993152 -10.559409931993152 -10.559409931993152 -10.559409931993152 -10.559409931993152 -10.559409931993152 -10.559409931993152 -10.559409931993152
5.201005025125628 -10.508512899180324 -10.508512899180324 -10.508512899180324 -10.508512899180324 -10.508512899180324 -10.508512899180324 -10.508512899180324 -10.508512899180324 -10.508512899180324 -10.508512899180324 -10.508512899180324 -10.508512899180324 -10.508512899180324
5.276381909547738 -10.4576158663675 -10.4576158663675 -10.4576158663675 -10.4576158663675 -10.4576158663675 -10.4576158663675 -10.4576158663675 -10.4576158663675 -10.4576158663675 -10.4576158663675 -10.4576158663675 -10.4576158663675 -10.4576158663675
5.351758793969848 -10.406718833554674 -10.406718833554674 -10.406718833554674 -10.406718833554674 -10.406718833554674 -10.406718833554674 -10.406718833554674 -10.406718833554674 -10.406718833554674 -10.406718833554674 -10.406718833554674 -10.406718833554674 -10.406718833554674
5.427135678391959 -10.355821800741847 -10.355821800741847 -10.355821800741847 -10.355821800741847 -10.355821800741847 -10.355821800741847 -10.355821800741847 -10.355821800741847 -10.355821800741847 -10.355821800741847 -10.355821800741847 -10.355821800741847 -10.355821800741847
5.50251256281407 -10.304924767929021 -10.304924767929021 -10.304924767929021 -10.304924767929021 -10.304924767929021 -10.304924767929021 -10.304924767929021 -10.304924767929021 -10.304924767929021 -10.304924767929021 -10.304924767929021 -10.304924767929021 -10.304924767929021
5.57788944723618 -10.254027735116196 -10.254027735116196 -10.254027735116196 -10.254027735116196 -10.254027735116196 -10.254027735116196 -10.254027735116196 -10.254027735116196 -10.254027735116196 -10.254027735116196 -10.254027735116196 -10.254027735116196 -10.254027735116196
5.6532663316582905 -10.20313070230337 -10.20313070230337 -10.20313070230337 -10.20313070230337 -10.20313070230337 -10.20313070230337 -10.20313070230337 -10.20313070230337 -10.20313070230337 -10.20313070230337 -10.20313070230337 -10.20313070230337 -10.20313070230337
5.7286432160804015 -10.152233669490546 -10.152233669490546 -10.152233669490546 -10.152233669490546 -10.152233669490546 -10.152233669490546 -10.152233669490546 -10.152233669490546 -10.152233669490546 -10.152233669490546 -10.152233669490546 -10.152233669490546 -10.152233669490546
5.8040201005025125 -10.101336636677718 -10.101336636677718 -10.101336636677718 -10.101336636677718 -10.101336636677718 -10.101336636677718 -10.101336636677718 -10.101336636677718 -10.101336636677718 -10.101336636677718 -10.101336636677718 -10.101336636677718 -10.101336636677718
5.879396984924623 -10.050439603864893 -10.050439603864893 -10.050439603864893 -10.050439603864893 -10.050439603864893 -10.050439603864893 -10.050439603864893 -10.050439603864893 -10.050439603864893 -10.050439603864893 -10.050439603864893 -10.050439603864893 -10.050439603864893
5.954773869346733 -9.999542571052068 -9.999542571052068 -9.999542571052068 -9.999542571052068 -9.999542571052068 -9.999542571052068 -9.999542571052068 -9.999542571052068 -9.999542571052068 -9.999542571052068 -9.999542571052068 -9.999542571052068 -9.999542571052068
6.030150753768844 -9.94864553823924 -9.94864553823924 -9.94864553823924 -9.94864553823924 -9.94864553823924 -9.94864553823924 -9.94864553823924 -9.94864553823924 -9.94864553823924 -9.94864553823924 -9.94864553823924 -9.94864553823924 -9.94864553823924
6.105527638190955 -9.897748505426415 -9.897748505426415 -9.897748505426415 -9.897748505426415 -9.897748505426415 -9.897748505426415 -9.897748505426415 -9.897748505426415 -9.897748505426415 -9.897748505426415 -9.897748505426415 -9.897748505426415 -9.897748505426415
6.180904522613065 -9.84685147261359 -9.84685147261359 -9.84685147261359 -9.84685147261359 -9.84685147261359 -9.84685147261359 -9.84685147261359 -9.84685147261359 -9.84685147261359 -9.84685147261359 -9.84685147261359 -9.84685147261359 -9.84685147261359
6.256281407035175 -9.795954439800763 -9.795954439800763 -9.795954439800763 -9.795954439800763 -9.795954439800763 -9.795954439800763 -9.795954439800763 -9.795954439800763 -9.795954439800763 -9.795954439800763 -9.795954439800763 -9.795954439800763 -9.795954439800763
6.331658291457286 -9.745057406987938 -9.745057406987938 -9.745057406987938 -9.745057406987938 -9.745057406987938 -9.745057406987938 -9.745057406987938 -9.745057406987938 -9.745057406987938 -9.745057406987938 -9.745057406987938 -9.745057406987938 -9.745057406987938
6.407035175879397 -9.694160374175112 -9.694160374175112 -9.694160374175112 -9.694160374175112 -9.694160374175112 -9.694160374175112 -9.694160374175112 -9.694160374175112 -9.694160374175112 -9.694160374175112 -9.694160374175112 -9.694160374175112 -9.694160374175112
6.482412060301507 -9.643263341362285 -9.643263341362285 -9.643263341362285 -9.643263341362285 -9.643263341362285 -9.643263341362285 -9.643263341362285 -9.643263341362285 -9.643263341362285 -9.643263341362285 -9.643263341362285 -9.643263341362285 -9.643263341362285
6.557788944723617 -9.592366308549462 -9.592366308549462 -9.592366308549462 -9.592366308549462 -9.592366308549462 -9.592366308549462 -9.592366308549462 -9.592366308549462 -9.592366308549462 -9.592366308549462 -9.592366308549462 -9.592366308549462 -9.592366308549462
6.633165829145728 -9.541469275736635 -9.541469275736635 -9.541469275736635 -9.541469275736635 -9.541469275736635 -9.541469275736635 -9.541469275736635 -9.541469275736635 -9.541469275736635 -9.541469275736635 -9.541469275736635 -9.541469275736635 -9.541469275736635
6.708542713567839 -9.490572242923808 -9.490572242923808 -9.490572242923808 -9.490572242923808 -9.490572242923808 -9.490572242923808 -9.490572242923808 -9.490572242923808 -9.490572242923808 -9.490572242923808 -9.490572242923808 -9.490572242923808 -9.490572242923808
6.783919597989949 -9.439675210110984 -9.439675210110984 -9.439675210110984 -9.439675210110984 -9.439675210110984 -9.439675210110984 -9.439675210110984 -9.439675210110984 -9.439675210110984 -9.439675210110984 -9.439675210110984 -9.439675210110984 -9.439675210110984
6.859296482412059 -9.388778177298157 -9.388778177298157 -9.388778177298157 -9.388778177298157 -9.388778177298157 -9.388778177298157 -9.388778177298157 -9.388778177298157 -9.388778177298157 -9.388778177298157 -9.388778177298157 -9.388778177298157 -9.388778177298157
6.93467336683417 -9.337881144485332 -9.337881144485332 -9.337881144485332 -9.337881144485332 -9.337881144485332 -9.337881144485332 -9.337881144485332 -9.337881144485332 -9.337881144485332 -9.337881144485332 -9.337881144485332 -9.337881144485332 -9.337881144485332
7.010050251256281 -9.286984111672506 -9.286984111672506 -9.286984111672506 -9.286984111672506 -9.286984111672506 -9.286984111672506 -9.286984111672506 -9.286984111672506 -9.286984111672506 -9.286984111672506 -9.286984111672506 -9.286984111672506 -9.286984111672506
7.085427135678391 -9.23608707885968 -9.23608707885968 -9.23608707885968 -9.23608707885968 -9.23608707885968 -9.23608707885968 -9.23608707885968 -9.23608707885968 -9.23608707885968 -9.23608707885968 -9.23608707885968 -9.23608707885968 -9.23608707885968
7.160804020100501 -9.185190046046854 -9.185190046046854 -9.185190046046854 -9.185190046046854 -9.185190046046854 -9.185190046046854 -9.185190046046854 -9.185190046046854 -9.185190046046854 -9.185190046046854 -9.185190046046854 -9.185190046046854 -9.185190046046854
7.236180904522612 -9.134293013234029 -9.134293013234029 -9.134293013234029 -9.134293013234029 -9.134293013234029 -9.134293013234029 -9.134293013234029 -9.134293013234029 -9.134293013234029 -9.134293013234029 -9.134293013234029 -9.134293013234029 -9.134293013234029
7.311557788944723 -9.083395980421201 -9.083395980421201 -9.083395980421201 -9.083395980421201 -9.083395980421201 -9.083395980421201 -9.083395980421201 -9.083395980421201 -9.083395980421201 -9.083395980421201 -9.083395980421201 -9.083395980421201 -9.083395980421201
7.3869346733668335 -9.032498947608376 -9.032498947608376 -9.032498947608376 -9.032498947608376 -9.032498947608376 -9.032498947608376 -9.032498947608376 -9.032498947608376 -9.032498947608376 -9.032498947608376 -9.032498947608376 -9.032498947608376 -9.032498947608376
7.462311557788944 -8.98160191479555 -8.98160191479555 -8.98160191479555 -8.98160191479555 -8.98160191479555 -8.98160191479555 -8.98160191479555 -8.98160191479555 -8.98160191479555 -8.98160191479555 -8.98160191479555 -8.98160191479555 -8.98160191479555
7.537688442211055 -8.930704881982724 -8.930704881982724 -8.930704881982724 -8.930704881982724 -8.930704881982724 -8.930704881982724 -8.930704881982724 -8.930704881982724 -8.930704881982724 -8.930704881982724 -8.930704881982724 -8.930704881982724 -8.930704881982724
7.613065326633166 -8.879807849169898 -8.879807849169898 -8.879807849169898 -8.879807849169898 -8.879807849169898 -8.879807849169898 -8.879807849169898 -8.879807849169898 -8.879807849169898 -8.879807849169898 -8.879807849169898 -8.879807849169898 -8.879807849169898
7.688442211055276 -8.828910816357073 -8.828910816357073 -8.828910816357073 -8.828910816357073 -8.828910816357073 -8.828910816357073 -8.828910816357073 -8.828910816357073 -8.828910816357073 -8.828910816357073 -8.828910816357073 -8.828910816357073 -8.828910816357073
7.763819095477386 -8.778013783544248 -8.778013783544248 -8.778013783544248 -8.778013783544248 -8.778013783544248 -8.778013783544248 -8.778013783544248 -8.778013783544248 -8.778013783544248 -8.778013783544248 -8.778013783544248 -8.778013783544248 -8.778013783544248
7.839195979899497 -8.727116750731422 -8.727116750731422 -8.727116750731422 -8.727116750731422 -8.727116750731422 -8.727116750731422 -8.727116750731422 -8.727116750731422 -8.727116750731422 -8.727116750731422 -8.727116750731422 -8.727116750731422 -8.727116750731422
7.914572864321608 -8.676219717918595 -8.676219717918595 -8.676219717918595 -8.676219717918595 -8.676219717918595 -8.676219717918595 -8.676219717918595 -8.676219717918595 -8.676219717918595 -8.676219717918595 -8.676219717918595 -8.676219717918595 -8.676219717918595
7.989949748743718 -8.62532268510577 -8.62532268510577 -8.62532268510577 -8.62532268510577 -8.62532268510577 -8.62532268510577 -8.62532268510577 -8.62532268510577 -8.62532268510577 -8.62532268510577 -8.62532268510577 -8.62532268510577 -8.62532268510577
8.065326633165828 -8.574425652292945 -8.574425652292945 -8.574425652292945 -8.574425652292945 -8.574425652292945 -8.574425652292945 -8.574425652292945 -8.574425652292945 -8.574425652292945 -8.574425652292945 -8.574425652292945 -8.574425652292945 -8.574425652292945
8.140703517587939 -8.523528619480118 -8.523528619480118 -8.523528619480118 -8.523528619480118 -8.523528619480118 -8.523528619480118 -8.523528619480118 -8.523528619480118 -8.523528619480118 -8.523528619480118 -8.523528619480118 -8.523528619480118 -8.523528619480118
8.21608040201005 -8.472631586667292 -8.472631586667292 -8.472631586667292 -8.472631586667292 -8.472631586667292 -8.472631586667292 -8.472631586667292 -8.472631586667292 -8.472631586667292 -8.472631586667292 -8.472631586667292 -8.472631586667292 -8.472631586667292
8.29145728643216 -8.421734553854467 -8.421734553854467 -8.421734553854467 -8.421734553854467 -8.421734553854467 -8.421734553854467 -8.421734553854467 -8.421734553854467 -8.421734553854467 -8.421734553854467 -8.421734553854467 -8.421734553854467 -8.421734553854467
8.36683417085427 -8.37083752104164 -8.37083752104164 -8.37083752104164 -8.37083752104164 -8.37083752104164 -8.37083752104164 -8.37083752104164 -8.37083752104164 -8.37083752104164 -8.37083752104164 -8.37083752104164 -8.37083752104164 -8.37083752104164
8.442211055276381 -8.319940488228815 -8.319940488228815 -8.319940488228815 -8.319940488228815 -8.319940488228815 -8.319940488228815 -8.319940488228815 -8.319940488228815 -8.319940488228815 -8.319940488228815 -8.319940488228815 -8.319940488228815 -8.319940488228815
8.517587939698492 -8.26904345541599 -8.26904345541599 -8.26904345541599 -8.26904345541599 -8.26904345541599 -8.26904345541599 -8.26904345541599 -8.26904345541599 -8.26904345541599 -8.26904345541599 -8.26904345541599 -8.26904345541599 -8.26904345541599
8.592964824120603 -8.218146422603162 -8.218146422603162 -8.218146422603162 -8.218146422603162 -8.218146422603162 -8.218146422603162 -8.218146422603162 -8.218146422603162 -8.218146422603162 -8.218146422603162 -8.218146422603162 -8.218146422603162 -8.218146422603162
8.668341708542712 -8.167249389790339 -8.167249389790339 -8.167249389790339 -8.167249389790339 -8.167249389790339 -8.167249389790339 -8.167249389790339 -8.167249389790339 -8.167249389790339 -8.167249389790339 -8.167249389790339 -8.167249389790339 -8.167249389790339
8.743718592964823 -8.116352356977512 -8.116352356977512 -8.116352356977512 -8.116352356977512 -8.116352356977512 -8.116352356977512 -8.116352356977512 -8.116352356977512 -8.116352356977512 -8.116352356977512 -8.116352356977512 -8.116352356977512 -8.116352356977512
8.819095477386934 -8.065455324164684 -8.065455324164684 -8.065455324164684 -8.065455324164684 -8.065455324164684 -8.065455324164684 -8.065455324164684 -8.065455324164684 -8.065455324164684 -8.065455324164684 -8.065455324164684 -8.065455324164684 -8.065455324164684
