web/models/linear/24/-14_020_0_921.dat
# %ECSV 1.0
# ---
# datatype:
# - {name: time, datatype: float64}
# - {name: sdss_u, datatype: float64}
# - {name: sdss_g, datatype: float64}
# - {name: sdss_r, datatype: float64}
# - {name: sdss_i, datatype: float64}
# - {name: sdss_z, datatype: float64}
# - {name: Clear, datatype: float64}
# - {name: johnson_B, datatype: float64}
# - {name: johnson_V, datatype: float64}
# - {name: johnson_R, datatype: float64}
# - {name: johnson_I, datatype: float64}
# - {name: ukirt_J, datatype: float64}
# - {name: ukirt_H, datatype: float64}
# - {name: ukirt_K, datatype: float64}
# meta: !!omap
# - comment: [M=-14.020408163265307, dM=0.9208527728773267]
# schema: astropy-2.0
time sdss_u sdss_g sdss_r sdss_i sdss_z Clear johnson_B johnson_V johnson_R johnson_I ukirt_J ukirt_H ukirt_K
0.0 -14.020408163265307 -14.020408163265307 -14.020408163265307 -14.020408163265307 -14.020408163265307 -14.020408163265307 -14.020408163265307 -14.020408163265307 -14.020408163265307 -14.020408163265307 -14.020408163265307 -14.020408163265307 -14.020408163265307
0.07537688442211055 -13.950997150234352 -13.950997150234352 -13.950997150234352 -13.950997150234352 -13.950997150234352 -13.950997150234352 -13.950997150234352 -13.950997150234352 -13.950997150234352 -13.950997150234352 -13.950997150234352 -13.950997150234352 -13.950997150234352
0.1507537688442211 -13.881586137203398 -13.881586137203398 -13.881586137203398 -13.881586137203398 -13.881586137203398 -13.881586137203398 -13.881586137203398 -13.881586137203398 -13.881586137203398 -13.881586137203398 -13.881586137203398 -13.881586137203398 -13.881586137203398
0.22613065326633164 -13.812175124172445 -13.812175124172445 -13.812175124172445 -13.812175124172445 -13.812175124172445 -13.812175124172445 -13.812175124172445 -13.812175124172445 -13.812175124172445 -13.812175124172445 -13.812175124172445 -13.812175124172445 -13.812175124172445
0.3015075376884422 -13.74276411114149 -13.74276411114149 -13.74276411114149 -13.74276411114149 -13.74276411114149 -13.74276411114149 -13.74276411114149 -13.74276411114149 -13.74276411114149 -13.74276411114149 -13.74276411114149 -13.74276411114149 -13.74276411114149
0.37688442211055273 -13.673353098110535 -13.673353098110535 -13.673353098110535 -13.673353098110535 -13.673353098110535 -13.673353098110535 -13.673353098110535 -13.673353098110535 -13.673353098110535 -13.673353098110535 -13.673353098110535 -13.673353098110535 -13.673353098110535
0.4522613065326633 -13.60394208507958 -13.60394208507958 -13.60394208507958 -13.60394208507958 -13.60394208507958 -13.60394208507958 -13.60394208507958 -13.60394208507958 -13.60394208507958 -13.60394208507958 -13.60394208507958 -13.60394208507958 -13.60394208507958
0.5276381909547738 -13.534531072048626 -13.534531072048626 -13.534531072048626 -13.534531072048626 -13.534531072048626 -13.534531072048626 -13.534531072048626 -13.534531072048626 -13.534531072048626 -13.534531072048626 -13.534531072048626 -13.534531072048626 -13.534531072048626
0.6030150753768844 -13.465120059017673 -13.465120059017673 -13.465120059017673 -13.465120059017673 -13.465120059017673 -13.465120059017673 -13.465120059017673 -13.465120059017673 -13.465120059017673 -13.465120059017673 -13.465120059017673 -13.465120059017673 -13.465120059017673
0.6783919597989949 -13.395709045986719 -13.395709045986719 -13.395709045986719 -13.395709045986719 -13.395709045986719 -13.395709045986719 -13.395709045986719 -13.395709045986719 -13.395709045986719 -13.395709045986719 -13.395709045986719 -13.395709045986719 -13.395709045986719
0.7537688442211055 -13.326298032955764 -13.326298032955764 -13.326298032955764 -13.326298032955764 -13.326298032955764 -13.326298032955764 -13.326298032955764 -13.326298032955764 -13.326298032955764 -13.326298032955764 -13.326298032955764 -13.326298032955764 -13.326298032955764
0.829145728643216 -13.25688701992481 -13.25688701992481 -13.25688701992481 -13.25688701992481 -13.25688701992481 -13.25688701992481 -13.25688701992481 -13.25688701992481 -13.25688701992481 -13.25688701992481 -13.25688701992481 -13.25688701992481 -13.25688701992481
0.9045226130653266 -13.187476006893856 -13.187476006893856 -13.187476006893856 -13.187476006893856 -13.187476006893856 -13.187476006893856 -13.187476006893856 -13.187476006893856 -13.187476006893856 -13.187476006893856 -13.187476006893856 -13.187476006893856 -13.187476006893856
0.9798994974874371 -13.118064993862902 -13.118064993862902 -13.118064993862902 -13.118064993862902 -13.118064993862902 -13.118064993862902 -13.118064993862902 -13.118064993862902 -13.118064993862902 -13.118064993862902 -13.118064993862902 -13.118064993862902 -13.118064993862902
1.0552763819095476 -13.048653980831947 -13.048653980831947 -13.048653980831947 -13.048653980831947 -13.048653980831947 -13.048653980831947 -13.048653980831947 -13.048653980831947 -13.048653980831947 -13.048653980831947 -13.048653980831947 -13.048653980831947 -13.048653980831947
1.1306532663316582 -12.979242967800992 -12.979242967800992 -12.979242967800992 -12.979242967800992 -12.979242967800992 -12.979242967800992 -12.979242967800992 -12.979242967800992 -12.979242967800992 -12.979242967800992 -12.979242967800992 -12.979242967800992 -12.979242967800992
1.2060301507537687 -12.909831954770038 -12.909831954770038 -12.909831954770038 -12.909831954770038 -12.909831954770038 -12.909831954770038 -12.909831954770038 -12.909831954770038 -12.909831954770038 -12.909831954770038 -12.909831954770038 -12.909831954770038 -12.909831954770038
1.2814070351758793 -12.840420941739085 -12.840420941739085 -12.840420941739085 -12.840420941739085 -12.840420941739085 -12.840420941739085 -12.840420941739085 -12.840420941739085 -12.840420941739085 -12.840420941739085 -12.840420941739085 -12.840420941739085 -12.840420941739085
1.3567839195979898 -12.77100992870813 -12.77100992870813 -12.77100992870813 -12.77100992870813 -12.77100992870813 -12.77100992870813 -12.77100992870813 -12.77100992870813 -12.77100992870813 -12.77100992870813 -12.77100992870813 -12.77100992870813 -12.77100992870813
1.4321608040201004 -12.701598915677176 -12.701598915677176 -12.701598915677176 -12.701598915677176 -12.701598915677176 -12.701598915677176 -12.701598915677176 -12.701598915677176 -12.701598915677176 -12.701598915677176 -12.701598915677176 -12.701598915677176 -12.701598915677176
1.507537688442211 -12.632187902646221 -12.632187902646221 -12.632187902646221 -12.632187902646221 -12.632187902646221 -12.632187902646221 -12.632187902646221 -12.632187902646221 -12.632187902646221 -12.632187902646221 -12.632187902646221 -12.632187902646221 -12.632187902646221
1.5829145728643215 -12.562776889615268 -12.562776889615268 -12.562776889615268 -12.562776889615268 -12.562776889615268 -12.562776889615268 -12.562776889615268 -12.562776889615268 -12.562776889615268 -12.562776889615268 -12.562776889615268 -12.562776889615268 -12.562776889615268
1.658291457286432 -12.493365876584313 -12.493365876584313 -12.493365876584313 -12.493365876584313 -12.493365876584313 -12.493365876584313 -12.493365876584313 -12.493365876584313 -12.493365876584313 -12.493365876584313 -12.493365876584313 -12.493365876584313 -12.493365876584313
1.7336683417085426 -12.423954863553359 -12.423954863553359 -12.423954863553359 -12.423954863553359 -12.423954863553359 -12.423954863553359 -12.423954863553359 -12.423954863553359 -12.423954863553359 -12.423954863553359 -12.423954863553359 -12.423954863553359 -12.423954863553359
1.809045226130653 -12.354543850522404 -12.354543850522404 -12.354543850522404 -12.354543850522404 -12.354543850522404 -12.354543850522404 -12.354543850522404 -12.354543850522404 -12.354543850522404 -12.354543850522404 -12.354543850522404 -12.354543850522404 -12.354543850522404
1.8844221105527637 -12.28513283749145 -12.28513283749145 -12.28513283749145 -12.28513283749145 -12.28513283749145 -12.28513283749145 -12.28513283749145 -12.28513283749145 -12.28513283749145 -12.28513283749145 -12.28513283749145 -12.28513283749145 -12.28513283749145
1.9597989949748742 -12.215721824460497 -12.215721824460497 -12.215721824460497 -12.215721824460497 -12.215721824460497 -12.215721824460497 -12.215721824460497 -12.215721824460497 -12.215721824460497 -12.215721824460497 -12.215721824460497 -12.215721824460497 -12.215721824460497
2.0351758793969847 -12.146310811429542 -12.146310811429542 -12.146310811429542 -12.146310811429542 -12.146310811429542 -12.146310811429542 -12.146310811429542 -12.146310811429542 -12.146310811429542 -12.146310811429542 -12.146310811429542 -12.146310811429542 -12.146310811429542
2.1105527638190953 -12.076899798398587 -12.076899798398587 -12.076899798398587 -12.076899798398587 -12.076899798398587 -12.076899798398587 -12.076899798398587 -12.076899798398587 -12.076899798398587 -12.076899798398587 -12.076899798398587 -12.076899798398587 -12.076899798398587
2.185929648241206 -12.007488785367633 -12.007488785367633 -12.007488785367633 -12.007488785367633 -12.007488785367633 -12.007488785367633 -12.007488785367633 -12.007488785367633 -12.007488785367633 -12.007488785367633 -12.007488785367633 -12.007488785367633 -12.007488785367633
2.2613065326633164 -11.93807777233668 -11.93807777233668 -11.93807777233668 -11.93807777233668 -11.93807777233668 -11.93807777233668 -11.93807777233668 -11.93807777233668 -11.93807777233668 -11.93807777233668 -11.93807777233668 -11.93807777233668 -11.93807777233668
2.336683417085427 -11.868666759305725 -11.868666759305725 -11.868666759305725 -11.868666759305725 -11.868666759305725 -11.868666759305725 -11.868666759305725 -11.868666759305725 -11.868666759305725 -11.868666759305725 -11.868666759305725 -11.868666759305725 -11.868666759305725
2.4120603015075375 -11.79925574627477 -11.79925574627477 -11.79925574627477 -11.79925574627477 -11.79925574627477 -11.79925574627477 -11.79925574627477 -11.79925574627477 -11.79925574627477 -11.79925574627477 -11.79925574627477 -11.79925574627477 -11.79925574627477
2.487437185929648 -11.729844733243816 -11.729844733243816 -11.729844733243816 -11.729844733243816 -11.729844733243816 -11.729844733243816 -11.729844733243816 -11.729844733243816 -11.729844733243816 -11.729844733243816 -11.729844733243816 -11.729844733243816 -11.729844733243816
2.5628140703517586 -11.660433720212861 -11.660433720212861 -11.660433720212861 -11.660433720212861 -11.660433720212861 -11.660433720212861 -11.660433720212861 -11.660433720212861 -11.660433720212861 -11.660433720212861 -11.660433720212861 -11.660433720212861 -11.660433720212861
2.638190954773869 -11.591022707181907 -11.591022707181907 -11.591022707181907 -11.591022707181907 -11.591022707181907 -11.591022707181907 -11.591022707181907 -11.591022707181907 -11.591022707181907 -11.591022707181907 -11.591022707181907 -11.591022707181907 -11.591022707181907
2.7135678391959797 -11.521611694150954 -11.521611694150954 -11.521611694150954 -11.521611694150954 -11.521611694150954 -11.521611694150954 -11.521611694150954 -11.521611694150954 -11.521611694150954 -11.521611694150954 -11.521611694150954 -11.521611694150954 -11.521611694150954
2.78894472361809 -11.452200681119999 -11.452200681119999 -11.452200681119999 -11.452200681119999 -11.452200681119999 -11.452200681119999 -11.452200681119999 -11.452200681119999 -11.452200681119999 -11.452200681119999 -11.452200681119999 -11.452200681119999 -11.452200681119999
2.8643216080402008 -11.382789668089044 -11.382789668089044 -11.382789668089044 -11.382789668089044 -11.382789668089044 -11.382789668089044 -11.382789668089044 -11.382789668089044 -11.382789668089044 -11.382789668089044 -11.382789668089044 -11.382789668089044 -11.382789668089044
2.9396984924623113 -11.313378655058091 -11.313378655058091 -11.313378655058091 -11.313378655058091 -11.313378655058091 -11.313378655058091 -11.313378655058091 -11.313378655058091 -11.313378655058091 -11.313378655058091 -11.313378655058091 -11.313378655058091 -11.313378655058091
3.015075376884422 -11.243967642027137 -11.243967642027137 -11.243967642027137 -11.243967642027137 -11.243967642027137 -11.243967642027137 -11.243967642027137 -11.243967642027137 -11.243967642027137 -11.243967642027137 -11.243967642027137 -11.243967642027137 -11.243967642027137
3.0904522613065324 -11.174556628996182 -11.174556628996182 -11.174556628996182 -11.174556628996182 -11.174556628996182 -11.174556628996182 -11.174556628996182 -11.174556628996182 -11.174556628996182 -11.174556628996182 -11.174556628996182 -11.174556628996182 -11.174556628996182
3.165829145728643 -11.105145615965228 -11.105145615965228 -11.105145615965228 -11.105145615965228 -11.105145615965228 -11.105145615965228 -11.105145615965228 -11.105145615965228 -11.105145615965228 -11.105145615965228 -11.105145615965228 -11.105145615965228 -11.105145615965228
3.2412060301507535 -11.035734602934273 -11.035734602934273 -11.035734602934273 -11.035734602934273 -11.035734602934273 -11.035734602934273 -11.035734602934273 -11.035734602934273 -11.035734602934273 -11.035734602934273 -11.035734602934273 -11.035734602934273 -11.035734602934273
3.316582914572864 -10.966323589903318 -10.966323589903318 -10.966323589903318 -10.966323589903318 -10.966323589903318 -10.966323589903318 -10.966323589903318 -10.966323589903318 -10.966323589903318 -10.966323589903318 -10.966323589903318 -10.966323589903318 -10.966323589903318
3.3919597989949746 -10.896912576872365 -10.896912576872365 -10.896912576872365 -10.896912576872365 -10.896912576872365 -10.896912576872365 -10.896912576872365 -10.896912576872365 -10.896912576872365 -10.896912576872365 -10.896912576872365 -10.896912576872365 -10.896912576872365
3.467336683417085 -10.82750156384141 -10.82750156384141 -10.82750156384141 -10.82750156384141 -10.82750156384141 -10.82750156384141 -10.82750156384141 -10.82750156384141 -10.82750156384141 -10.82750156384141 -10.82750156384141 -10.82750156384141 -10.82750156384141
3.5427135678391957 -10.758090550810456 -10.758090550810456 -10.758090550810456 -10.758090550810456 -10.758090550810456 -10.758090550810456 -10.758090550810456 -10.758090550810456 -10.758090550810456 -10.758090550810456 -10.758090550810456 -10.758090550810456 -10.758090550810456
3.618090452261306 -10.688679537779501 -10.688679537779501 -10.688679537779501 -10.688679537779501 -10.688679537779501 -10.688679537779501 -10.688679537779501 -10.688679537779501 -10.688679537779501 -10.688679537779501 -10.688679537779501 -10.688679537779501 -10.688679537779501
3.6934673366834168 -10.619268524748549 -10.619268524748549 -10.619268524748549 -10.619268524748549 -10.619268524748549 -10.619268524748549 -10.619268524748549 -10.619268524748549 -10.619268524748549 -10.619268524748549 -10.619268524748549 -10.619268524748549 -10.619268524748549
3.7688442211055273 -10.549857511717594 -10.549857511717594 -10.549857511717594 -10.549857511717594 -10.549857511717594 -10.549857511717594 -10.549857511717594 -10.549857511717594 -10.549857511717594 -10.549857511717594 -10.549857511717594 -10.549857511717594 -10.549857511717594
3.844221105527638 -10.48044649868664 -10.48044649868664 -10.48044649868664 -10.48044649868664 -10.48044649868664 -10.48044649868664 -10.48044649868664 -10.48044649868664 -10.48044649868664 -10.48044649868664 -10.48044649868664 -10.48044649868664 -10.48044649868664
3.9195979899497484 -10.411035485655685 -10.411035485655685 -10.411035485655685 -10.411035485655685 -10.411035485655685 -10.411035485655685 -10.411035485655685 -10.411035485655685 -10.411035485655685 -10.411035485655685 -10.411035485655685 -10.411035485655685 -10.411035485655685
3.994974874371859 -10.34162447262473 -10.34162447262473 -10.34162447262473 -10.34162447262473 -10.34162447262473 -10.34162447262473 -10.34162447262473 -10.34162447262473 -10.34162447262473 -10.34162447262473 -10.34162447262473 -10.34162447262473 -10.34162447262473
4.0703517587939695 -10.272213459593775 -10.272213459593775 -10.272213459593775 -10.272213459593775 -10.272213459593775 -10.272213459593775 -10.272213459593775 -10.272213459593775 -10.272213459593775 -10.272213459593775 -10.272213459593775 -10.272213459593775 -10.272213459593775
4.14572864321608 -10.202802446562822 -10.202802446562822 -10.202802446562822 -10.202802446562822 -10.202802446562822 -10.202802446562822 -10.202802446562822 -10.202802446562822 -10.202802446562822 -10.202802446562822 -10.202802446562822 -10.202802446562822 -10.202802446562822
4.221105527638191 -10.133391433531868 -10.133391433531868 -10.133391433531868 -10.133391433531868 -10.133391433531868 -10.133391433531868 -10.133391433531868 -10.133391433531868 -10.133391433531868 -10.133391433531868 -10.133391433531868 -10.133391433531868 -10.133391433531868
