web/models/linear/24/-14_020_0_056.dat
# %ECSV 1.0
# ---
# datatype:
# - {name: time, datatype: float64}
# - {name: sdss_u, datatype: float64}
# - {name: sdss_g, datatype: float64}
# - {name: sdss_r, datatype: float64}
# - {name: sdss_i, datatype: float64}
# - {name: sdss_z, datatype: float64}
# - {name: Clear, datatype: float64}
# - {name: johnson_B, datatype: float64}
# - {name: johnson_V, datatype: float64}
# - {name: johnson_R, datatype: float64}
# - {name: johnson_I, datatype: float64}
# - {name: ukirt_J, datatype: float64}
# - {name: ukirt_H, datatype: float64}
# - {name: ukirt_K, datatype: float64}
# meta: !!omap
# - comment: [M=-14.020408163265307, dM=0.05643739198611264]
# schema: astropy-2.0
time sdss_u sdss_g sdss_r sdss_i sdss_z Clear johnson_B johnson_V johnson_R johnson_I ukirt_J ukirt_H ukirt_K
[from data line 58]
4.371859296482412 -13.773671826441598 -13.773671826441598 -13.773671826441598 -13.773671826441598 -13.773671826441598 -13.773671826441598 -13.773671826441598 -13.773671826441598 -13.773671826441598 -13.773671826441598 -13.773671826441598 -13.773671826441598 -13.773671826441598
4.447236180904522 -13.769417751668776 -13.769417751668776 -13.769417751668776 -13.769417751668776 -13.769417751668776 -13.769417751668776 -13.769417751668776 -13.769417751668776 -13.769417751668776 -13.769417751668776 -13.769417751668776 -13.769417751668776 -13.769417751668776
4.522613065326633 -13.765163676895954 -13.765163676895954 -13.765163676895954 -13.765163676895954 -13.765163676895954 -13.765163676895954 -13.765163676895954 -13.765163676895954 -13.765163676895954 -13.765163676895954 -13.765163676895954 -13.765163676895954 -13.765163676895954
4.597989949748744 -13.76090960212313 -13.76090960212313 -13.76090960212313 -13.76090960212313 -13.76090960212313 -13.76090960212313 -13.76090960212313 -13.76090960212313 -13.76090960212313 -13.76090960212313 -13.76090960212313 -13.76090960212313 -13.76090960212313
4.673366834170854 -13.756655527350308 -13.756655527350308 -13.756655527350308 -13.756655527350308 -13.756655527350308 -13.756655527350308 -13.756655527350308 -13.756655527350308 -13.756655527350308 -13.756655527350308 -13.756655527350308 -13.756655527350308 -13.756655527350308
4.748743718592964 -13.752401452577486 -13.752401452577486 -13.752401452577486 -13.752401452577486 -13.752401452577486 -13.752401452577486 -13.752401452577486 -13.752401452577486 -13.752401452577486 -13.752401452577486 -13.752401452577486 -13.752401452577486 -13.752401452577486
4.824120603015075 -13.748147377804663 -13.748147377804663 -13.748147377804663 -13.748147377804663 -13.748147377804663 -13.748147377804663 -13.748147377804663 -13.748147377804663 -13.748147377804663 -13.748147377804663 -13.748147377804663 -13.748147377804663 -13.748147377804663
4.899497487437186 -13.74389330303184 -13.74389330303184 -13.74389330303184 -13.74389330303184 -13.74389330303184 -13.74389330303184 -13.74389330303184 -13.74389330303184 -13.74389330303184 -13.74389330303184 -13.74389330303184 -13.74389330303184 -13.74389330303184
4.974874371859296 -13.739639228259017 -13.739639228259017 -13.739639228259017 -13.739639228259017 -13.739639228259017 -13.739639228259017 -13.739639228259017 -13.739639228259017 -13.739639228259017 -13.739639228259017 -13.739639228259017 -13.739639228259017 -13.739639228259017
5.050251256281406 -13.735385153486195 -13.735385153486195 -13.735385153486195 -13.735385153486195 -13.735385153486195 -13.735385153486195 -13.735385153486195 -13.735385153486195 -13.735385153486195 -13.735385153486195 -13.735385153486195 -13.735385153486195 -13.735385153486195
5.125628140703517 -13.731131078713373 -13.731131078713373 -13.731131078713373 -13.731131078713373 -13.731131078713373 -13.731131078713373 -13.731131078713373 -13.731131078713373 -13.731131078713373 -13.731131078713373 -13.731131078713373 -13.731131078713373 -13.731131078713373
5.201005025125628 -13.726877003940551 -13.726877003940551 -13.726877003940551 -13.726877003940551 -13.726877003940551 -13.726877003940551 -13.726877003940551 -13.726877003940551 -13.726877003940551 -13.726877003940551 -13.726877003940551 -13.726877003940551 -13.726877003940551
5.276381909547738 -13.722622929167727 -13.722622929167727 -13.722622929167727 -13.722622929167727 -13.722622929167727 -13.722622929167727 -13.722622929167727 -13.722622929167727 -13.722622929167727 -13.722622929167727 -13.722622929167727 -13.722622929167727 -13.722622929167727
5.351758793969848 -13.718368854394905 -13.718368854394905 -13.718368854394905 -13.718368854394905 -13.718368854394905 -13.718368854394905 -13.718368854394905 -13.718368854394905 -13.718368854394905 -13.718368854394905 -13.718368854394905 -13.718368854394905 -13.718368854394905
5.427135678391959 -13.714114779622083 -13.714114779622083 -13.714114779622083 -13.714114779622083 -13.714114779622083 -13.714114779622083 -13.714114779622083 -13.714114779622083 -13.714114779622083 -13.714114779622083 -13.714114779622083 -13.714114779622083 -13.714114779622083
5.50251256281407 -13.70986070484926 -13.70986070484926 -13.70986070484926 -13.70986070484926 -13.70986070484926 -13.70986070484926 -13.70986070484926 -13.70986070484926 -13.70986070484926 -13.70986070484926 -13.70986070484926 -13.70986070484926 -13.70986070484926
5.57788944723618 -13.705606630076437 -13.705606630076437 -13.705606630076437 -13.705606630076437 -13.705606630076437 -13.705606630076437 -13.705606630076437 -13.705606630076437 -13.705606630076437 -13.705606630076437 -13.705606630076437 -13.705606630076437 -13.705606630076437
5.6532663316582905 -13.701352555303615 -13.701352555303615 -13.701352555303615 -13.701352555303615 -13.701352555303615 -13.701352555303615 -13.701352555303615 -13.701352555303615 -13.701352555303615 -13.701352555303615 -13.701352555303615 -13.701352555303615 -13.701352555303615
5.7286432160804015 -13.697098480530792 -13.697098480530792 -13.697098480530792 -13.697098480530792 -13.697098480530792 -13.697098480530792 -13.697098480530792 -13.697098480530792 -13.697098480530792 -13.697098480530792 -13.697098480530792 -13.697098480530792 -13.697098480530792
5.8040201005025125 -13.69284440575797 -13.69284440575797 -13.69284440575797 -13.69284440575797 -13.69284440575797 -13.69284440575797 -13.69284440575797 -13.69284440575797 -13.69284440575797 -13.69284440575797 -13.69284440575797 -13.69284440575797 -13.69284440575797
5.879396984924623 -13.688590330985146 -13.688590330985146 -13.688590330985146 -13.688590330985146 -13.688590330985146 -13.688590330985146 -13.688590330985146 -13.688590330985146 -13.688590330985146 -13.688590330985146 -13.688590330985146 -13.688590330985146 -13.688590330985146
5.954773869346733 -13.684336256212324 -13.684336256212324 -13.684336256212324 -13.684336256212324 -13.684336256212324 -13.684336256212324 -13.684336256212324 -13.684336256212324 -13.684336256212324 -13.684336256212324 -13.684336256212324 -13.684336256212324 -13.684336256212324
6.030150753768844 -13.680082181439502 -13.680082181439502 -13.680082181439502 -13.680082181439502 -13.680082181439502 -13.680082181439502 -13.680082181439502 -13.680082181439502 -13.680082181439502 -13.680082181439502 -13.680082181439502 -13.680082181439502 -13.680082181439502
6.105527638190955 -13.67582810666668 -13.67582810666668 -13.67582810666668 -13.67582810666668 -13.67582810666668 -13.67582810666668 -13.67582810666668 -13.67582810666668 -13.67582810666668 -13.67582810666668 -13.67582810666668 -13.67582810666668 -13.67582810666668
6.180904522613065 -13.671574031893856 -13.671574031893856 -13.671574031893856 -13.671574031893856 -13.671574031893856 -13.671574031893856 -13.671574031893856 -13.671574031893856 -13.671574031893856 -13.671574031893856 -13.671574031893856 -13.671574031893856 -13.671574031893856
6.256281407035175 -13.667319957121034 -13.667319957121034 -13.667319957121034 -13.667319957121034 -13.667319957121034 -13.667319957121034 -13.667319957121034 -13.667319957121034 -13.667319957121034 -13.667319957121034 -13.667319957121034 -13.667319957121034 -13.667319957121034
6.331658291457286 -13.663065882348212 -13.663065882348212 -13.663065882348212 -13.663065882348212 -13.663065882348212 -13.663065882348212 -13.663065882348212 -13.663065882348212 -13.663065882348212 -13.663065882348212 -13.663065882348212 -13.663065882348212 -13.663065882348212
6.407035175879397 -13.65881180757539 -13.65881180757539 -13.65881180757539 -13.65881180757539 -13.65881180757539 -13.65881180757539 -13.65881180757539 -13.65881180757539 -13.65881180757539 -13.65881180757539 -13.65881180757539 -13.65881180757539 -13.65881180757539
6.482412060301507 -13.654557732802566 -13.654557732802566 -13.654557732802566 -13.654557732802566 -13.654557732802566 -13.654557732802566 -13.654557732802566 -13.654557732802566 -13.654557732802566 -13.654557732802566 -13.654557732802566 -13.654557732802566 -13.654557732802566
6.557788944723617 -13.650303658029744 -13.650303658029744 -13.650303658029744 -13.650303658029744 -13.650303658029744 -13.650303658029744 -13.650303658029744 -13.650303658029744 -13.650303658029744 -13.650303658029744 -13.650303658029744 -13.650303658029744 -13.650303658029744
6.633165829145728 -13.646049583256922 -13.646049583256922 -13.646049583256922 -13.646049583256922 -13.646049583256922 -13.646049583256922 -13.646049583256922 -13.646049583256922 -13.646049583256922 -13.646049583256922 -13.646049583256922 -13.646049583256922 -13.646049583256922
6.708542713567839 -13.6417955084841 -13.6417955084841 -13.6417955084841 -13.6417955084841 -13.6417955084841 -13.6417955084841 -13.6417955084841 -13.6417955084841 -13.6417955084841 -13.6417955084841 -13.6417955084841 -13.6417955084841 -13.6417955084841
6.783919597989949 -13.637541433711277 -13.637541433711277 -13.637541433711277 -13.637541433711277 -13.637541433711277 -13.637541433711277 -13.637541433711277 -13.637541433711277 -13.637541433711277 -13.637541433711277 -13.637541433711277 -13.637541433711277 -13.637541433711277
6.859296482412059 -13.633287358938453 -13.633287358938453 -13.633287358938453 -13.633287358938453 -13.633287358938453 -13.633287358938453 -13.633287358938453 -13.633287358938453 -13.633287358938453 -13.633287358938453 -13.633287358938453 -13.633287358938453 -13.633287358938453
6.93467336683417 -13.629033284165631 -13.629033284165631 -13.629033284165631 -13.629033284165631 -13.629033284165631 -13.629033284165631 -13.629033284165631 -13.629033284165631 -13.629033284165631 -13.629033284165631 -13.629033284165631 -13.629033284165631 -13.629033284165631
7.010050251256281 -13.624779209392809 -13.624779209392809 -13.624779209392809 -13.624779209392809 -13.624779209392809 -13.624779209392809 -13.624779209392809 -13.624779209392809 -13.624779209392809 -13.624779209392809 -13.624779209392809 -13.624779209392809 -13.624779209392809
7.085427135678391 -13.620525134619987 -13.620525134619987 -13.620525134619987 -13.620525134619987 -13.620525134619987 -13.620525134619987 -13.620525134619987 -13.620525134619987 -13.620525134619987 -13.620525134619987 -13.620525134619987 -13.620525134619987 -13.620525134619987
7.160804020100501 -13.616271059847163 -13.616271059847163 -13.616271059847163 -13.616271059847163 -13.616271059847163 -13.616271059847163 -13.616271059847163 -13.616271059847163 -13.616271059847163 -13.616271059847163 -13.616271059847163 -13.616271059847163 -13.616271059847163
7.236180904522612 -13.61201698507434 -13.61201698507434 -13.61201698507434 -13.61201698507434 -13.61201698507434 -13.61201698507434 -13.61201698507434 -13.61201698507434 -13.61201698507434 -13.61201698507434 -13.61201698507434 -13.61201698507434 -13.61201698507434
7.311557788944723 -13.607762910301519 -13.607762910301519 -13.607762910301519 -13.607762910301519 -13.607762910301519 -13.607762910301519 -13.607762910301519 -13.607762910301519 -13.607762910301519 -13.607762910301519 -13.607762910301519 -13.607762910301519 -13.607762910301519
7.3869346733668335 -13.603508835528697 -13.603508835528697 -13.603508835528697 -13.603508835528697 -13.603508835528697 -13.603508835528697 -13.603508835528697 -13.603508835528697 -13.603508835528697 -13.603508835528697 -13.603508835528697 -13.603508835528697 -13.603508835528697
7.462311557788944 -13.599254760755873 -13.599254760755873 -13.599254760755873 -13.599254760755873 -13.599254760755873 -13.599254760755873 -13.599254760755873 -13.599254760755873 -13.599254760755873 -13.599254760755873 -13.599254760755873 -13.599254760755873 -13.599254760755873
7.537688442211055 -13.59500068598305 -13.59500068598305 -13.59500068598305 -13.59500068598305 -13.59500068598305 -13.59500068598305 -13.59500068598305 -13.59500068598305 -13.59500068598305 -13.59500068598305 -13.59500068598305 -13.59500068598305 -13.59500068598305
7.613065326633166 -13.590746611210228 -13.590746611210228 -13.590746611210228 -13.590746611210228 -13.590746611210228 -13.590746611210228 -13.590746611210228 -13.590746611210228 -13.590746611210228 -13.590746611210228 -13.590746611210228 -13.590746611210228 -13.590746611210228
7.688442211055276 -13.586492536437406 -13.586492536437406 -13.586492536437406 -13.586492536437406 -13.586492536437406 -13.586492536437406 -13.586492536437406 -13.586492536437406 -13.586492536437406 -13.586492536437406 -13.586492536437406 -13.586492536437406 -13.586492536437406
7.763819095477386 -13.582238461664582 -13.582238461664582 -13.582238461664582 -13.582238461664582 -13.582238461664582 -13.582238461664582 -13.582238461664582 -13.582238461664582 -13.582238461664582 -13.582238461664582 -13.582238461664582 -13.582238461664582 -13.582238461664582
7.839195979899497 -13.57798438689176 -13.57798438689176 -13.57798438689176 -13.57798438689176 -13.57798438689176 -13.57798438689176 -13.57798438689176 -13.57798438689176 -13.57798438689176 -13.57798438689176 -13.57798438689176 -13.57798438689176 -13.57798438689176
7.914572864321608 -13.573730312118938 -13.573730312118938 -13.573730312118938 -13.573730312118938 -13.573730312118938 -13.573730312118938 -13.573730312118938 -13.573730312118938 -13.573730312118938 -13.573730312118938 -13.573730312118938 -13.573730312118938 -13.573730312118938
7.989949748743718 -13.569476237346116 -13.569476237346116 -13.569476237346116 -13.569476237346116 -13.569476237346116 -13.569476237346116 -13.569476237346116 -13.569476237346116 -13.569476237346116 -13.569476237346116 -13.569476237346116 -13.569476237346116 -13.569476237346116
8.065326633165828 -13.565222162573292 -13.565222162573292 -13.565222162573292 -13.565222162573292 -13.565222162573292 -13.565222162573292 -13.565222162573292 -13.565222162573292 -13.565222162573292 -13.565222162573292 -13.565222162573292 -13.565222162573292 -13.565222162573292
8.140703517587939 -13.56096808780047 -13.56096808780047 -13.56096808780047 -13.56096808780047 -13.56096808780047 -13.56096808780047 -13.56096808780047 -13.56096808780047 -13.56096808780047 -13.56096808780047 -13.56096808780047 -13.56096808780047 -13.56096808780047
8.21608040201005 -13.556714013027648 -13.556714013027648 -13.556714013027648 -13.556714013027648 -13.556714013027648 -13.556714013027648 -13.556714013027648 -13.556714013027648 -13.556714013027648 -13.556714013027648 -13.556714013027648 -13.556714013027648 -13.556714013027648
8.29145728643216 -13.552459938254826 -13.552459938254826 -13.552459938254826 -13.552459938254826 -13.552459938254826 -13.552459938254826 -13.552459938254826 -13.552459938254826 -13.552459938254826 -13.552459938254826 -13.552459938254826 -13.552459938254826 -13.552459938254826
8.36683417085427 -13.548205863482004 -13.548205863482004 -13.548205863482004 -13.548205863482004 -13.548205863482004 -13.548205863482004 -13.548205863482004 -13.548205863482004 -13.548205863482004 -13.548205863482004 -13.548205863482004 -13.548205863482004 -13.548205863482004
8.442211055276381 -13.54395178870918 -13.54395178870918 -13.54395178870918 -13.54395178870918 -13.54395178870918 -13.54395178870918 -13.54395178870918 -13.54395178870918 -13.54395178870918 -13.54395178870918 -13.54395178870918 -13.54395178870918 -13.54395178870918
8.517587939698492 -13.539697713936357 -13.539697713936357 -13.539697713936357 -13.539697713936357 -13.539697713936357 -13.539697713936357 -13.539697713936357 -13.539697713936357 -13.539697713936357 -13.539697713936357 -13.539697713936357 -13.539697713936357 -13.539697713936357
8.592964824120603 -13.535443639163535 -13.535443639163535 -13.535443639163535 -13.535443639163535 -13.535443639163535 -13.535443639163535 -13.535443639163535 -13.535443639163535 -13.535443639163535 -13.535443639163535 -13.535443639163535 -13.535443639163535 -13.535443639163535
8.668341708542712 -13.531189564390713 -13.531189564390713 -13.531189564390713 -13.531189564390713 -13.531189564390713 -13.531189564390713 -13.531189564390713 -13.531189564390713 -13.531189564390713 -13.531189564390713 -13.531189564390713 -13.531189564390713 -13.531189564390713
