web/models/linear/24/-14_020_1_467.dat
# %ECSV 1.0
# ---
# datatype:
# - {name: time, datatype: float64}
# - {name: swift_uvot_uvw2, datatype: float64}
# - {name: swift_uvot_uvm2, datatype: float64}
# - {name: swift_uvot_uvw1, datatype: float64}
# - {name: swift_uvot_U, datatype: float64}
# - {name: swift_uvot_B, datatype: float64}
# - {name: swift_uvot_V, datatype: float64}
# - {name: swift_uvot_W, datatype: float64}
# - {name: johnson_U, datatype: float64}
# - {name: johnson_B, datatype: float64}
# - {name: johnson_V, datatype: float64}
# - {name: johnson_R, datatype: float64}
# - {name: johnson_I, datatype: float64}
# - {name: sdss_u, datatype: float64}
# - {name: sdss_g, datatype: float64}
# - {name: sdss_r, datatype: float64}
# - {name: sdss_i, datatype: float64}
# - {name: sdss_z, datatype: float64}
# - {name: PS1_g, datatype: float64}
# - {name: PS1_r, datatype: float64}
# - {name: PS1_i, datatype: float64}
# - {name: PS1_z, datatype: float64}
# - {name: PS1_Y, datatype: float64}
# - {name: PS1_w, datatype: float64}
# - {name: ATLAS_c, datatype: float64}
# - {name: ATLAS_o, datatype: float64}
# - {name: ukirt_J, datatype: float64}
# - {name: ukirt_H, datatype: float64}
# - {name: ukirt_K, datatype: float64}
# - {name: Clear, datatype: float64}
# meta: !!omap
# - comment: [M=-14.020408163265307, dM=1.4665405557509434]
# schema: astropy-2.0
time swift_uvot_uvw2 swift_uvot_uvm2 swift_uvot_uvw1 swift_uvot_U swift_uvot_B swift_uvot_V swift_uvot_W johnson_U johnson_B johnson_V johnson_R johnson_I sdss_u sdss_g sdss_r sdss_i sdss_z PS1_g PS1_r PS1_i PS1_z PS1_Y PS1_w ATLAS_c ATLAS_o ukirt_J ukirt_H ukirt_K Clear
[from data line 27]
2.0351758793969847 -11.035740198043538 -11.035740198043538 -11.035740198043538 -11.035740198043538 -11.035740198043538 -11.035740198043538 -11.035740198043538 -11.035740198043538 -11.035740198043538 -11.035740198043538 -11.035740198043538 -11.035740198043538 -11.035740198043538 -11.035740198043538 -11.035740198043538 -11.035740198043538 -11.035740198043538 -11.035740198043538 -11.035740198043538 -11.035740198043538 -11.035740198043538 -11.035740198043538 -11.035740198043538 -11.035740198043538 -11.035740198043538 -11.035740198043538 -11.035740198043538 -11.035740198043538 -11.035740198043538
2.1105527638190953 -10.925196940072361 -10.925196940072361 -10.925196940072361 -10.925196940072361 -10.925196940072361 -10.925196940072361 -10.925196940072361 -10.925196940072361 -10.925196940072361 -10.925196940072361 -10.925196940072361 -10.925196940072361 -10.925196940072361 -10.925196940072361 -10.925196940072361 -10.925196940072361 -10.925196940072361 -10.925196940072361 -10.925196940072361 -10.925196940072361 -10.925196940072361 -10.925196940072361 -10.925196940072361 -10.925196940072361 -10.925196940072361 -10.925196940072361 -10.925196940072361 -10.925196940072361 -10.925196940072361
2.185929648241206 -10.814653682101184 -10.814653682101184 -10.814653682101184 -10.814653682101184 -10.814653682101184 -10.814653682101184 -10.814653682101184 -10.814653682101184 -10.814653682101184 -10.814653682101184 -10.814653682101184 -10.814653682101184 -10.814653682101184 -10.814653682101184 -10.814653682101184 -10.814653682101184 -10.814653682101184 -10.814653682101184 -10.814653682101184 -10.814653682101184 -10.814653682101184 -10.814653682101184 -10.814653682101184 -10.814653682101184 -10.814653682101184 -10.814653682101184 -10.814653682101184 -10.814653682101184 -10.814653682101184
2.2613065326633164 -10.704110424130008 -10.704110424130008 -10.704110424130008 -10.704110424130008 -10.704110424130008 -10.704110424130008 -10.704110424130008 -10.704110424130008 -10.704110424130008 -10.704110424130008 -10.704110424130008 -10.704110424130008 -10.704110424130008 -10.704110424130008 -10.704110424130008 -10.704110424130008 -10.704110424130008 -10.704110424130008 -10.704110424130008 -10.704110424130008 -10.704110424130008 -10.704110424130008 -10.704110424130008 -10.704110424130008 -10.704110424130008 -10.704110424130008 -10.704110424130008 -10.704110424130008 -10.704110424130008
2.336683417085427 -10.59356716615883 -10.59356716615883 -10.59356716615883 -10.59356716615883 -10.59356716615883 -10.59356716615883 -10.59356716615883 -10.59356716615883 -10.59356716615883 -10.59356716615883 -10.59356716615883 -10.59356716615883 -10.59356716615883 -10.59356716615883 -10.59356716615883 -10.59356716615883 -10.59356716615883 -10.59356716615883 -10.59356716615883 -10.59356716615883 -10.59356716615883 -10.59356716615883 -10.59356716615883 -10.59356716615883 -10.59356716615883 -10.59356716615883 -10.59356716615883 -10.59356716615883 -10.59356716615883
2.4120603015075375 -10.483023908187654 -10.483023908187654 -10.483023908187654 -10.483023908187654 -10.483023908187654 -10.483023908187654 -10.483023908187654 -10.483023908187654 -10.483023908187654 -10.483023908187654 -10.483023908187654 -10.483023908187654 -10.483023908187654 -10.483023908187654 -10.483023908187654 -10.483023908187654 -10.483023908187654 -10.483023908187654 -10.483023908187654 -10.483023908187654 -10.483023908187654 -10.483023908187654 -10.483023908187654 -10.483023908187654 -10.483023908187654 -10.483023908187654 -10.483023908187654 -10.483023908187654 -10.483023908187654
2.487437185929648 -10.372480650216477 -10.372480650216477 -10.372480650216477 -10.372480650216477 -10.372480650216477 -10.372480650216477 -10.372480650216477 -10.372480650216477 -10.372480650216477 -10.372480650216477 -10.372480650216477 -10.372480650216477 -10.372480650216477 -10.372480650216477 -10.372480650216477 -10.372480650216477 -10.372480650216477 -10.372480650216477 -10.372480650216477 -10.372480650216477 -10.372480650216477 -10.372480650216477 -10.372480650216477 -10.372480650216477 -10.372480650216477 -10.372480650216477 -10.372480650216477 -10.372480650216477 -10.372480650216477
2.5628140703517586 -10.2619373922453 -10.2619373922453 -10.2619373922453 -10.2619373922453 -10.2619373922453 -10.2619373922453 -10.2619373922453 -10.2619373922453 -10.2619373922453 -10.2619373922453 -10.2619373922453 -10.2619373922453 -10.2619373922453 -10.2619373922453 -10.2619373922453 -10.2619373922453 -10.2619373922453 -10.2619373922453 -10.2619373922453 -10.2619373922453 -10.2619373922453 -10.2619373922453 -10.2619373922453 -10.2619373922453 -10.2619373922453 -10.2619373922453 -10.2619373922453 -10.2619373922453 -10.2619373922453
2.638190954773869 -10.151394134274124 -10.151394134274124 -10.151394134274124 -10.151394134274124 -10.151394134274124 -10.151394134274124 -10.151394134274124 -10.151394134274124 -10.151394134274124 -10.151394134274124 -10.151394134274124 -10.151394134274124 -10.151394134274124 -10.151394134274124 -10.151394134274124 -10.151394134274124 -10.151394134274124 -10.151394134274124 -10.151394134274124 -10.151394134274124 -10.151394134274124 -10.151394134274124 -10.151394134274124 -10.151394134274124 -10.151394134274124 -10.151394134274124 -10.151394134274124 -10.151394134274124 -10.151394134274124
2.7135678391959797 -10.040850876302947 -10.040850876302947 -10.040850876302947 -10.040850876302947 -10.040850876302947 -10.040850876302947 -10.040850876302947 -10.040850876302947 -10.040850876302947 -10.040850876302947 -10.040850876302947 -10.040850876302947 -10.040850876302947 -10.040850876302947 -10.040850876302947 -10.040850876302947 -10.040850876302947 -10.040850876302947 -10.040850876302947 -10.040850876302947 -10.040850876302947 -10.040850876302947 -10.040850876302947 -10.040850876302947 -10.040850876302947 -10.040850876302947 -10.040850876302947 -10.040850876302947 -10.040850876302947
2.78894472361809 -9.93030761833177 -9.93030761833177 -9.93030761833177 -9.93030761833177 -9.93030761833177 -9.93030761833177 -9.93030761833177 -9.93030761833177 -9.93030761833177 -9.93030761833177 -9.93030761833177 -9.93030761833177 -9.93030761833177 -9.93030761833177 -9.93030761833177 -9.93030761833177 -9.93030761833177 -9.93030761833177 -9.93030761833177 -9.93030761833177 -9.93030761833177 -9.93030761833177 -9.93030761833177 -9.93030761833177 -9.93030761833177 -9.93030761833177 -9.93030761833177 -9.93030761833177 -9.93030761833177
2.8643216080402008 -9.819764360360594 -9.819764360360594 -9.819764360360594 -9.819764360360594 -9.819764360360594 -9.819764360360594 -9.819764360360594 -9.819764360360594 -9.819764360360594 -9.819764360360594 -9.819764360360594 -9.819764360360594 -9.819764360360594 -9.819764360360594 -9.819764360360594 -9.819764360360594 -9.819764360360594 -9.819764360360594 -9.819764360360594 -9.819764360360594 -9.819764360360594 -9.819764360360594 -9.819764360360594 -9.819764360360594 -9.819764360360594 -9.819764360360594 -9.819764360360594 -9.819764360360594 -9.819764360360594
2.9396984924623113 -9.709221102389417 -9.709221102389417 -9.709221102389417 -9.709221102389417 -9.709221102389417 -9.709221102389417 -9.709221102389417 -9.709221102389417 -9.709221102389417 -9.709221102389417 -9.709221102389417 -9.709221102389417 -9.709221102389417 -9.709221102389417 -9.709221102389417 -9.709221102389417 -9.709221102389417 -9.709221102389417 -9.709221102389417 -9.709221102389417 -9.709221102389417 -9.709221102389417 -9.709221102389417 -9.709221102389417 -9.709221102389417 -9.709221102389417 -9.709221102389417 -9.709221102389417 -9.709221102389417
3.015075376884422 -9.59867784441824 -9.59867784441824 -9.59867784441824 -9.59867784441824 -9.59867784441824 -9.59867784441824 -9.59867784441824 -9.59867784441824 -9.59867784441824 -9.59867784441824 -9.59867784441824 -9.59867784441824 -9.59867784441824 -9.59867784441824 -9.59867784441824 -9.59867784441824 -9.59867784441824 -9.59867784441824 -9.59867784441824 -9.59867784441824 -9.59867784441824 -9.59867784441824 -9.59867784441824 -9.59867784441824 -9.59867784441824 -9.59867784441824 -9.59867784441824 -9.59867784441824 -9.59867784441824
3.0904522613065324 -9.488134586447064 -9.488134586447064 -9.488134586447064 -9.488134586447064 -9.488134586447064 -9.488134586447064 -9.488134586447064 -9.488134586447064 -9.488134586447064 -9.488134586447064 -9.488134586447064 -9.488134586447064 -9.488134586447064 -9.488134586447064 -9.488134586447064 -9.488134586447064 -9.488134586447064 -9.488134586447064 -9.488134586447064 -9.488134586447064 -9.488134586447064 -9.488134586447064 -9.488134586447064 -9.488134586447064 -9.488134586447064 -9.488134586447064 -9.488134586447064 -9.488134586447064 -9.488134586447064
3.165829145728643 -9.377591328475887 -9.377591328475887 -9.377591328475887 -9.377591328475887 -9.377591328475887 -9.377591328475887 -9.377591328475887 -9.377591328475887 -9.377591328475887 -9.377591328475887 -9.377591328475887 -9.377591328475887 -9.377591328475887 -9.377591328475887 -9.377591328475887 -9.377591328475887 -9.377591328475887 -9.377591328475887 -9.377591328475887 -9.377591328475887 -9.377591328475887 -9.377591328475887 -9.377591328475887 -9.377591328475887 -9.377591328475887 -9.377591328475887 -9.377591328475887 -9.377591328475887 -9.377591328475887
3.2412060301507535 -9.26704807050471 -9.26704807050471 -9.26704807050471 -9.26704807050471 -9.26704807050471 -9.26704807050471 -9.26704807050471 -9.26704807050471 -9.26704807050471 -9.26704807050471 -9.26704807050471 -9.26704807050471 -9.26704807050471 -9.26704807050471 -9.26704807050471 -9.26704807050471 -9.26704807050471 -9.26704807050471 -9.26704807050471 -9.26704807050471 -9.26704807050471 -9.26704807050471 -9.26704807050471 -9.26704807050471 -9.26704807050471 -9.26704807050471 -9.26704807050471 -9.26704807050471 -9.26704807050471
3.316582914572864 -9.156504812533534 -9.156504812533534 -9.156504812533534 -9.156504812533534 -9.156504812533534 -9.156504812533534 -9.156504812533534 -9.156504812533534 -9.156504812533534 -9.156504812533534 -9.156504812533534 -9.156504812533534 -9.156504812533534 -9.156504812533534 -9.156504812533534 -9.156504812533534 -9.156504812533534 -9.156504812533534 -9.156504812533534 -9.156504812533534 -9.156504812533534 -9.156504812533534 -9.156504812533534 -9.156504812533534 -9.156504812533534 -9.156504812533534 -9.156504812533534 -9.156504812533534 -9.156504812533534
3.3919597989949746 -9.045961554562357 -9.045961554562357 -9.045961554562357 -9.045961554562357 -9.045961554562357 -9.045961554562357 -9.045961554562357 -9.045961554562357 -9.045961554562357 -9.045961554562357 -9.045961554562357 -9.045961554562357 -9.045961554562357 -9.045961554562357 -9.045961554562357 -9.045961554562357 -9.045961554562357 -9.045961554562357 -9.045961554562357 -9.045961554562357 -9.045961554562357 -9.045961554562357 -9.045961554562357 -9.045961554562357 -9.045961554562357 -9.045961554562357 -9.045961554562357 -9.045961554562357 -9.045961554562357
3.467336683417085 -8.935418296591182 -8.935418296591182 -8.935418296591182 -8.935418296591182 -8.935418296591182 -8.935418296591182 -8.935418296591182 -8.935418296591182 -8.935418296591182 -8.935418296591182 -8.935418296591182 -8.935418296591182 -8.935418296591182 -8.935418296591182 -8.935418296591182 -8.935418296591182 -8.935418296591182 -8.935418296591182 -8.935418296591182 -8.935418296591182 -8.935418296591182 -8.935418296591182 -8.935418296591182 -8.935418296591182 -8.935418296591182 -8.935418296591182 -8.935418296591182 -8.935418296591182 -8.935418296591182
3.5427135678391957 -8.824875038620005 -8.824875038620005 -8.824875038620005 -8.824875038620005 -8.824875038620005 -8.824875038620005 -8.824875038620005 -8.824875038620005 -8.824875038620005 -8.824875038620005 -8.824875038620005 -8.824875038620005 -8.824875038620005 -8.824875038620005 -8.824875038620005 -8.824875038620005 -8.824875038620005 -8.824875038620005 -8.824875038620005 -8.824875038620005 -8.824875038620005 -8.824875038620005 -8.824875038620005 -8.824875038620005 -8.824875038620005 -8.824875038620005 -8.824875038620005 -8.824875038620005 -8.824875038620005
3.618090452261306 -8.714331780648829 -8.714331780648829 -8.714331780648829 -8.714331780648829 -8.714331780648829 -8.714331780648829 -8.714331780648829 -8.714331780648829 -8.714331780648829 -8.714331780648829 -8.714331780648829 -8.714331780648829 -8.714331780648829 -8.714331780648829 -8.714331780648829 -8.714331780648829 -8.714331780648829 -8.714331780648829 -8.714331780648829 -8.714331780648829 -8.714331780648829 -8.714331780648829 -8.714331780648829 -8.714331780648829 -8.714331780648829 -8.714331780648829 -8.714331780648829 -8.714331780648829 -8.714331780648829
3.6934673366834168 -8.603788522677652 -8.603788522677652 -8.603788522677652 -8.603788522677652 -8.603788522677652 -8.603788522677652 -8.603788522677652 -8.603788522677652 -8.603788522677652 -8.603788522677652 -8.603788522677652 -8.603788522677652 -8.603788522677652 -8.603788522677652 -8.603788522677652 -8.603788522677652 -8.603788522677652 -8.603788522677652 -8.603788522677652 -8.603788522677652 -8.603788522677652 -8.603788522677652 -8.603788522677652 -8.603788522677652 -8.603788522677652 -8.603788522677652 -8.603788522677652 -8.603788522677652 -8.603788522677652
3.7688442211055273 -8.493245264706475 -8.493245264706475 -8.493245264706475 -8.493245264706475 -8.493245264706475 -8.493245264706475 -8.493245264706475 -8.493245264706475 -8.493245264706475 -8.493245264706475 -8.493245264706475 -8.493245264706475 -8.493245264706475 -8.493245264706475 -8.493245264706475 -8.493245264706475 -8.493245264706475 -8.493245264706475 -8.493245264706475 -8.493245264706475 -8.493245264706475 -8.493245264706475 -8.493245264706475 -8.493245264706475 -8.493245264706475 -8.493245264706475 -8.493245264706475 -8.493245264706475 -8.493245264706475
3.844221105527638 -8.382702006735299 -8.382702006735299 -8.382702006735299 -8.382702006735299 -8.382702006735299 -8.382702006735299 -8.382702006735299 -8.382702006735299 -8.382702006735299 -8.382702006735299 -8.382702006735299 -8.382702006735299 -8.382702006735299 -8.382702006735299 -8.382702006735299 -8.382702006735299 -8.382702006735299 -8.382702006735299 -8.382702006735299 -8.382702006735299 -8.382702006735299 -8.382702006735299 -8.382702006735299 -8.382702006735299 -8.382702006735299 -8.382702006735299 -8.382702006735299 -8.382702006735299 -8.382702006735299
3.9195979899497484 -8.272158748764122 -8.272158748764122 -8.272158748764122 -8.272158748764122 -8.272158748764122 -8.272158748764122 -8.272158748764122 -8.272158748764122 -8.272158748764122 -8.272158748764122 -8.272158748764122 -8.272158748764122 -8.272158748764122 -8.272158748764122 -8.272158748764122 -8.272158748764122 -8.272158748764122 -8.272158748764122 -8.272158748764122 -8.272158748764122 -8.272158748764122 -8.272158748764122 -8.272158748764122 -8.272158748764122 -8.272158748764122 -8.272158748764122 -8.272158748764122 -8.272158748764122 -8.272158748764122
3.994974874371859 -8.161615490792945 -8.161615490792945 -8.161615490792945 -8.161615490792945 -8.161615490792945 -8.161615490792945 -8.161615490792945 -8.161615490792945 -8.161615490792945 -8.161615490792945 -8.161615490792945 -8.161615490792945 -8.161615490792945 -8.161615490792945 -8.161615490792945 -8.161615490792945 -8.161615490792945 -8.161615490792945 -8.161615490792945 -8.161615490792945 -8.161615490792945 -8.161615490792945 -8.161615490792945 -8.161615490792945 -8.161615490792945 -8.161615490792945 -8.161615490792945 -8.161615490792945 -8.161615490792945
