web/models/linear/24/-14_020_0_578.dat
# %ECSV 1.0
# ---
# datatype:
# - {name: time, datatype: float64}
# - {name: swift_uvot_uvw2, datatype: float64}
# - {name: swift_uvot_uvm2, datatype: float64}
# - {name: swift_uvot_uvw1, datatype: float64}
# - {name: swift_uvot_U, datatype: float64}
# - {name: swift_uvot_B, datatype: float64}
# - {name: swift_uvot_V, datatype: float64}
# - {name: swift_uvot_W, datatype: float64}
# - {name: johnson_U, datatype: float64}
# - {name: johnson_B, datatype: float64}
# - {name: johnson_V, datatype: float64}
# - {name: johnson_R, datatype: float64}
# - {name: johnson_I, datatype: float64}
# - {name: sdss_u, datatype: float64}
# - {name: sdss_g, datatype: float64}
# - {name: sdss_r, datatype: float64}
# - {name: sdss_i, datatype: float64}
# - {name: sdss_z, datatype: float64}
# - {name: PS1_g, datatype: float64}
# - {name: PS1_r, datatype: float64}
# - {name: PS1_i, datatype: float64}
# - {name: PS1_z, datatype: float64}
# - {name: PS1_Y, datatype: float64}
# - {name: PS1_w, datatype: float64}
# - {name: ATLAS_c, datatype: float64}
# - {name: ATLAS_o, datatype: float64}
# - {name: ukirt_J, datatype: float64}
# - {name: ukirt_H, datatype: float64}
# - {name: ukirt_K, datatype: float64}
# - {name: Clear, datatype: float64}
# meta: !!omap
# - comment: [M=-14.020408163265307, dM=0.5782109645659659]
# schema: astropy-2.0
time swift_uvot_uvw2 swift_uvot_uvm2 swift_uvot_uvw1 swift_uvot_U swift_uvot_B swift_uvot_V swift_uvot_W johnson_U johnson_B johnson_V johnson_R johnson_I sdss_u sdss_g sdss_r sdss_i sdss_z PS1_g PS1_r PS1_i PS1_z PS1_Y PS1_w ATLAS_c ATLAS_o ukirt_J ukirt_H ukirt_K Clear
[from data line 138]
10.402010050251256 -8.005851898684657 -8.005851898684657 -8.005851898684657 -8.005851898684657 -8.005851898684657 -8.005851898684657 -8.005851898684657 -8.005851898684657 -8.005851898684657 -8.005851898684657 -8.005851898684657 -8.005851898684657 -8.005851898684657 -8.005851898684657 -8.005851898684657 -8.005851898684657 -8.005851898684657 -8.005851898684657 -8.005851898684657 -8.005851898684657 -8.005851898684657 -8.005851898684657 -8.005851898684657 -8.005851898684657 -8.005851898684657 -8.005851898684657 -8.005851898684657 -8.005851898684657 -8.005851898684657
10.477386934673365 -7.962268157636972 -7.962268157636972 -7.962268157636972 -7.962268157636972 -7.962268157636972 -7.962268157636972 -7.962268157636972 -7.962268157636972 -7.962268157636972 -7.962268157636972 -7.962268157636972 -7.962268157636972 -7.962268157636972 -7.962268157636972 -7.962268157636972 -7.962268157636972 -7.962268157636972 -7.962268157636972 -7.962268157636972 -7.962268157636972 -7.962268157636972 -7.962268157636972 -7.962268157636972 -7.962268157636972 -7.962268157636972 -7.962268157636972 -7.962268157636972 -7.962268157636972 -7.962268157636972
10.552763819095476 -7.918684416589286 -7.918684416589286 -7.918684416589286 -7.918684416589286 -7.918684416589286 -7.918684416589286 -7.918684416589286 -7.918684416589286 -7.918684416589286 -7.918684416589286 -7.918684416589286 -7.918684416589286 -7.918684416589286 -7.918684416589286 -7.918684416589286 -7.918684416589286 -7.918684416589286 -7.918684416589286 -7.918684416589286 -7.918684416589286 -7.918684416589286 -7.918684416589286 -7.918684416589286 -7.918684416589286 -7.918684416589286 -7.918684416589286 -7.918684416589286 -7.918684416589286 -7.918684416589286
10.628140703517587 -7.875100675541599 -7.875100675541599 -7.875100675541599 -7.875100675541599 -7.875100675541599 -7.875100675541599 -7.875100675541599 -7.875100675541599 -7.875100675541599 -7.875100675541599 -7.875100675541599 -7.875100675541599 -7.875100675541599 -7.875100675541599 -7.875100675541599 -7.875100675541599 -7.875100675541599 -7.875100675541599 -7.875100675541599 -7.875100675541599 -7.875100675541599 -7.875100675541599 -7.875100675541599 -7.875100675541599 -7.875100675541599 -7.875100675541599 -7.875100675541599 -7.875100675541599 -7.875100675541599
10.703517587939697 -7.831516934493914 -7.831516934493914 -7.831516934493914 -7.831516934493914 -7.831516934493914 -7.831516934493914 -7.831516934493914 -7.831516934493914 -7.831516934493914 -7.831516934493914 -7.831516934493914 -7.831516934493914 -7.831516934493914 -7.831516934493914 -7.831516934493914 -7.831516934493914 -7.831516934493914 -7.831516934493914 -7.831516934493914 -7.831516934493914 -7.831516934493914 -7.831516934493914 -7.831516934493914 -7.831516934493914 -7.831516934493914 -7.831516934493914 -7.831516934493914 -7.831516934493914 -7.831516934493914
10.778894472361808 -7.787933193446229 -7.787933193446229 -7.787933193446229 -7.787933193446229 -7.787933193446229 -7.787933193446229 -7.787933193446229 -7.787933193446229 -7.787933193446229 -7.787933193446229 -7.787933193446229 -7.787933193446229 -7.787933193446229 -7.787933193446229 -7.787933193446229 -7.787933193446229 -7.787933193446229 -7.787933193446229 -7.787933193446229 -7.787933193446229 -7.787933193446229 -7.787933193446229 -7.787933193446229 -7.787933193446229 -7.787933193446229 -7.787933193446229 -7.787933193446229 -7.787933193446229 -7.787933193446229
10.854271356783919 -7.744349452398542 -7.744349452398542 -7.744349452398542 -7.744349452398542 -7.744349452398542 -7.744349452398542 -7.744349452398542 -7.744349452398542 -7.744349452398542 -7.744349452398542 -7.744349452398542 -7.744349452398542 -7.744349452398542 -7.744349452398542 -7.744349452398542 -7.744349452398542 -7.744349452398542 -7.744349452398542 -7.744349452398542 -7.744349452398542 -7.744349452398542 -7.744349452398542 -7.744349452398542 -7.744349452398542 -7.744349452398542 -7.744349452398542 -7.744349452398542 -7.744349452398542 -7.744349452398542
10.92964824120603 -7.700765711350856 -7.700765711350856 -7.700765711350856 -7.700765711350856 -7.700765711350856 -7.700765711350856 -7.700765711350856 -7.700765711350856 -7.700765711350856 -7.700765711350856 -7.700765711350856 -7.700765711350856 -7.700765711350856 -7.700765711350856 -7.700765711350856 -7.700765711350856 -7.700765711350856 -7.700765711350856 -7.700765711350856 -7.700765711350856 -7.700765711350856 -7.700765711350856 -7.700765711350856 -7.700765711350856 -7.700765711350856 -7.700765711350856 -7.700765711350856 -7.700765711350856 -7.700765711350856
11.00502512562814 -7.65718197030317 -7.65718197030317 -7.65718197030317 -7.65718197030317 -7.65718197030317 -7.65718197030317 -7.65718197030317 -7.65718197030317 -7.65718197030317 -7.65718197030317 -7.65718197030317 -7.65718197030317 -7.65718197030317 -7.65718197030317 -7.65718197030317 -7.65718197030317 -7.65718197030317 -7.65718197030317 -7.65718197030317 -7.65718197030317 -7.65718197030317 -7.65718197030317 -7.65718197030317 -7.65718197030317 -7.65718197030317 -7.65718197030317 -7.65718197030317 -7.65718197030317 -7.65718197030317
11.08040201005025 -7.6135982292554845 -7.6135982292554845 -7.6135982292554845 -7.6135982292554845 -7.6135982292554845 -7.6135982292554845 -7.6135982292554845 -7.6135982292554845 -7.6135982292554845 -7.6135982292554845 -7.6135982292554845 -7.6135982292554845 -7.6135982292554845 -7.6135982292554845 -7.6135982292554845 -7.6135982292554845 -7.6135982292554845 -7.6135982292554845 -7.6135982292554845 -7.6135982292554845 -7.6135982292554845 -7.6135982292554845 -7.6135982292554845 -7.6135982292554845 -7.6135982292554845 -7.6135982292554845 -7.6135982292554845 -7.6135982292554845 -7.6135982292554845
11.15577889447236 -7.570014488207798 -7.570014488207798 -7.570014488207798 -7.570014488207798 -7.570014488207798 -7.570014488207798 -7.570014488207798 -7.570014488207798 -7.570014488207798 -7.570014488207798 -7.570014488207798 -7.570014488207798 -7.570014488207798 -7.570014488207798 -7.570014488207798 -7.570014488207798 -7.570014488207798 -7.570014488207798 -7.570014488207798 -7.570014488207798 -7.570014488207798 -7.570014488207798 -7.570014488207798 -7.570014488207798 -7.570014488207798 -7.570014488207798 -7.570014488207798 -7.570014488207798 -7.570014488207798
11.231155778894472 -7.526430747160113 -7.526430747160113 -7.526430747160113 -7.526430747160113 -7.526430747160113 -7.526430747160113 -7.526430747160113 -7.526430747160113 -7.526430747160113 -7.526430747160113 -7.526430747160113 -7.526430747160113 -7.526430747160113 -7.526430747160113 -7.526430747160113 -7.526430747160113 -7.526430747160113 -7.526430747160113 -7.526430747160113 -7.526430747160113 -7.526430747160113 -7.526430747160113 -7.526430747160113 -7.526430747160113 -7.526430747160113 -7.526430747160113 -7.526430747160113 -7.526430747160113 -7.526430747160113
11.306532663316581 -7.4828470061124275 -7.4828470061124275 -7.4828470061124275 -7.4828470061124275 -7.4828470061124275 -7.4828470061124275 -7.4828470061124275 -7.4828470061124275 -7.4828470061124275 -7.4828470061124275 -7.4828470061124275 -7.4828470061124275 -7.4828470061124275 -7.4828470061124275 -7.4828470061124275 -7.4828470061124275 -7.4828470061124275 -7.4828470061124275 -7.4828470061124275 -7.4828470061124275 -7.4828470061124275 -7.4828470061124275 -7.4828470061124275 -7.4828470061124275 -7.4828470061124275 -7.4828470061124275 -7.4828470061124275 -7.4828470061124275 -7.4828470061124275
11.381909547738692 -7.439263265064741 -7.439263265064741 -7.439263265064741 -7.439263265064741 -7.439263265064741 -7.439263265064741 -7.439263265064741 -7.439263265064741 -7.439263265064741 -7.439263265064741 -7.439263265064741 -7.439263265064741 -7.439263265064741 -7.439263265064741 -7.439263265064741 -7.439263265064741 -7.439263265064741 -7.439263265064741 -7.439263265064741 -7.439263265064741 -7.439263265064741 -7.439263265064741 -7.439263265064741 -7.439263265064741 -7.439263265064741 -7.439263265064741 -7.439263265064741 -7.439263265064741 -7.439263265064741
11.457286432160803 -7.395679524017055 -7.395679524017055 -7.395679524017055 -7.395679524017055 -7.395679524017055 -7.395679524017055 -7.395679524017055 -7.395679524017055 -7.395679524017055 -7.395679524017055 -7.395679524017055 -7.395679524017055 -7.395679524017055 -7.395679524017055 -7.395679524017055 -7.395679524017055 -7.395679524017055 -7.395679524017055 -7.395679524017055 -7.395679524017055 -7.395679524017055 -7.395679524017055 -7.395679524017055 -7.395679524017055 -7.395679524017055 -7.395679524017055 -7.395679524017055 -7.395679524017055 -7.395679524017055
11.532663316582914 -7.352095782969369 -7.352095782969369 -7.352095782969369 -7.352095782969369 -7.352095782969369 -7.352095782969369 -7.352095782969369 -7.352095782969369 -7.352095782969369 -7.352095782969369 -7.352095782969369 -7.352095782969369 -7.352095782969369 -7.352095782969369 -7.352095782969369 -7.352095782969369 -7.352095782969369 -7.352095782969369 -7.352095782969369 -7.352095782969369 -7.352095782969369 -7.352095782969369 -7.352095782969369 -7.352095782969369 -7.352095782969369 -7.352095782969369 -7.352095782969369 -7.352095782969369 -7.352095782969369
11.608040201005025 -7.3085120419216825 -7.3085120419216825 -7.3085120419216825 -7.3085120419216825 -7.3085120419216825 -7.3085120419216825 -7.3085120419216825 -7.3085120419216825 -7.3085120419216825 -7.3085120419216825 -7.3085120419216825 -7.3085120419216825 -7.3085120419216825 -7.3085120419216825 -7.3085120419216825 -7.3085120419216825 -7.3085120419216825 -7.3085120419216825 -7.3085120419216825 -7.3085120419216825 -7.3085120419216825 -7.3085120419216825 -7.3085120419216825 -7.3085120419216825 -7.3085120419216825 -7.3085120419216825 -7.3085120419216825 -7.3085120419216825 -7.3085120419216825
11.683417085427134 -7.264928300873998 -7.264928300873998 -7.264928300873998 -7.264928300873998 -7.264928300873998 -7.264928300873998 -7.264928300873998 -7.264928300873998 -7.264928300873998 -7.264928300873998 -7.264928300873998 -7.264928300873998 -7.264928300873998 -7.264928300873998 -7.264928300873998 -7.264928300873998 -7.264928300873998 -7.264928300873998 -7.264928300873998 -7.264928300873998 -7.264928300873998 -7.264928300873998 -7.264928300873998 -7.264928300873998 -7.264928300873998 -7.264928300873998 -7.264928300873998 -7.264928300873998 -7.264928300873998
11.758793969849245 -7.221344559826312 -7.221344559826312 -7.221344559826312 -7.221344559826312 -7.221344559826312 -7.221344559826312 -7.221344559826312 -7.221344559826312 -7.221344559826312 -7.221344559826312 -7.221344559826312 -7.221344559826312 -7.221344559826312 -7.221344559826312 -7.221344559826312 -7.221344559826312 -7.221344559826312 -7.221344559826312 -7.221344559826312 -7.221344559826312 -7.221344559826312 -7.221344559826312 -7.221344559826312 -7.221344559826312 -7.221344559826312 -7.221344559826312 -7.221344559826312 -7.221344559826312 -7.221344559826312
11.834170854271356 -7.1777608187786255 -7.1777608187786255 -7.1777608187786255 -7.1777608187786255 -7.1777608187786255 -7.1777608187786255 -7.1777608187786255 -7.1777608187786255 -7.1777608187786255 -7.1777608187786255 -7.1777608187786255 -7.1777608187786255 -7.1777608187786255 -7.1777608187786255 -7.1777608187786255 -7.1777608187786255 -7.1777608187786255 -7.1777608187786255 -7.1777608187786255 -7.1777608187786255 -7.1777608187786255 -7.1777608187786255 -7.1777608187786255 -7.1777608187786255 -7.1777608187786255 -7.1777608187786255 -7.1777608187786255 -7.1777608187786255 -7.1777608187786255
11.909547738693465 -7.13417707773094 -7.13417707773094 -7.13417707773094 -7.13417707773094 -7.13417707773094 -7.13417707773094 -7.13417707773094 -7.13417707773094 -7.13417707773094 -7.13417707773094 -7.13417707773094 -7.13417707773094 -7.13417707773094 -7.13417707773094 -7.13417707773094 -7.13417707773094 -7.13417707773094 -7.13417707773094 -7.13417707773094 -7.13417707773094 -7.13417707773094 -7.13417707773094 -7.13417707773094 -7.13417707773094 -7.13417707773094 -7.13417707773094 -7.13417707773094 -7.13417707773094 -7.13417707773094
11.984924623115576 -7.090593336683254 -7.090593336683254 -7.090593336683254 -7.090593336683254 -7.090593336683254 -7.090593336683254 -7.090593336683254 -7.090593336683254 -7.090593336683254 -7.090593336683254 -7.090593336683254 -7.090593336683254 -7.090593336683254 -7.090593336683254 -7.090593336683254 -7.090593336683254 -7.090593336683254 -7.090593336683254 -7.090593336683254 -7.090593336683254 -7.090593336683254 -7.090593336683254 -7.090593336683254 -7.090593336683254 -7.090593336683254 -7.090593336683254 -7.090593336683254 -7.090593336683254 -7.090593336683254
12.060301507537687 -7.0470095956355685 -7.0470095956355685 -7.0470095956355685 -7.0470095956355685 -7.0470095956355685 -7.0470095956355685 -7.0470095956355685 -7.0470095956355685 -7.0470095956355685 -7.0470095956355685 -7.0470095956355685 -7.0470095956355685 -7.0470095956355685 -7.0470095956355685 -7.0470095956355685 -7.0470095956355685 -7.0470095956355685 -7.0470095956355685 -7.0470095956355685 -7.0470095956355685 -7.0470095956355685 -7.0470095956355685 -7.0470095956355685 -7.0470095956355685 -7.0470095956355685 -7.0470095956355685 -7.0470095956355685 -7.0470095956355685 -7.0470095956355685
12.135678391959798 -7.003425854587882 -7.003425854587882 -7.003425854587882 -7.003425854587882 -7.003425854587882 -7.003425854587882 -7.003425854587882 -7.003425854587882 -7.003425854587882 -7.003425854587882 -7.003425854587882 -7.003425854587882 -7.003425854587882 -7.003425854587882 -7.003425854587882 -7.003425854587882 -7.003425854587882 -7.003425854587882 -7.003425854587882 -7.003425854587882 -7.003425854587882 -7.003425854587882 -7.003425854587882 -7.003425854587882 -7.003425854587882 -7.003425854587882 -7.003425854587882 -7.003425854587882 -7.003425854587882
12.21105527638191 -6.959842113540196 -6.959842113540196 -6.959842113540196 -6.959842113540196 -6.959842113540196 -6.959842113540196 -6.959842113540196 -6.959842113540196 -6.959842113540196 -6.959842113540196 -6.959842113540196 -6.959842113540196 -6.959842113540196 -6.959842113540196 -6.959842113540196 -6.959842113540196 -6.959842113540196 -6.959842113540196 -6.959842113540196 -6.959842113540196 -6.959842113540196 -6.959842113540196 -6.959842113540196 -6.959842113540196 -6.959842113540196 -6.959842113540196 -6.959842113540196 -6.959842113540196 -6.959842113540196
12.286432160804019 -6.916258372492511 -6.916258372492511 -6.916258372492511 -6.916258372492511 -6.916258372492511 -6.916258372492511 -6.916258372492511 -6.916258372492511 -6.916258372492511 -6.916258372492511 -6.916258372492511 -6.916258372492511 -6.916258372492511 -6.916258372492511 -6.916258372492511 -6.916258372492511 -6.916258372492511 -6.916258372492511 -6.916258372492511 -6.916258372492511 -6.916258372492511 -6.916258372492511 -6.916258372492511 -6.916258372492511 -6.916258372492511 -6.916258372492511 -6.916258372492511 -6.916258372492511 -6.916258372492511
12.36180904522613 -6.872674631444824 -6.872674631444824 -6.872674631444824 -6.872674631444824 -6.872674631444824 -6.872674631444824 -6.872674631444824 -6.872674631444824 -6.872674631444824 -6.872674631444824 -6.872674631444824 -6.872674631444824 -6.872674631444824 -6.872674631444824 -6.872674631444824 -6.872674631444824 -6.872674631444824 -6.872674631444824 -6.872674631444824 -6.872674631444824 -6.872674631444824 -6.872674631444824 -6.872674631444824 -6.872674631444824 -6.872674631444824 -6.872674631444824 -6.872674631444824 -6.872674631444824 -6.872674631444824
