web/models/kne/38/mosfit_kn_0.006452_0.4373_3.6500.dat
# %ECSV 1.0
# ---
# datatype:
# - {name: time, datatype: float64}
# - {name: PS1_g, datatype: float64}
# - {name: PS1_i, datatype: float64}
# - {name: PS1_r, datatype: float64}
# - {name: PS1_w, datatype: float64}
# - {name: PS1_y, datatype: float64}
# - {name: PS1_z, datatype: float64}
# - {name: swift_uvot_B, datatype: float64}
# - {name: swift_uvot_U, datatype: float64}
# - {name: swift_uvot_uvm2, datatype: float64}
# - {name: swift_uvot_uvw1, datatype: float64}
# - {name: swift_uvot_uvw2, datatype: float64}
# - {name: swift_uvot_V, datatype: float64}
# - {name: johnson_B, datatype: float64}
# - {name: johnson_I, datatype: float64}
# - {name: johnson_R, datatype: float64}
# - {name: johnson_U, datatype: float64}
# - {name: johnson_V, datatype: float64}
# - {name: sdss_g, datatype: float64}
# - {name: sdss_i, datatype: float64}
# - {name: sdss_r, datatype: float64}
# - {name: sdss_u, datatype: float64}
# - {name: sdss_z, datatype: float64}
# - {name: ATLAS_c, datatype: float64}
# - {name: ATLAS_o, datatype: float64}
# - {name: ukirt_H, datatype: float64}
# - {name: ukirt_J, datatype: float64}
# - {name: ukirt_K, datatype: float64}
# - {name: Clear, datatype: float64}
# meta: !!omap
# - comment: [kappa = 3.65, type = rprocess, mass = 0.006451950121499907, velocity = 0.4373333333333333, theta_obs = 0.0, tfloor = 1000.0]
# schema: astropy-2.0
time PS1_g PS1_i PS1_r PS1_w PS1_y PS1_z swift_uvot_B swift_uvot_U swift_uvot_uvm2 swift_uvot_uvw1 swift_uvot_uvw2 swift_uvot_V johnson_B johnson_I johnson_R johnson_U johnson_V sdss_g sdss_i sdss_r sdss_u sdss_z ATLAS_c ATLAS_o ukirt_H ukirt_J ukirt_K Clear
[from data line 472]
28.43687374749499 14.47450619522396 5.5926773820246645 9.067748160062514 7.099824348558528 2.0694873334994135 3.487163298346534 18.01441277178843 24.67335686968335 38.561952173712534 20.638939401757906 23.151955908237557 12.434022888094745 16.81047545482224 4.039164075602714 7.009196842327714 23.642355690431607 11.47900055292599 15.287046296538396 5.6739333341376685 9.296236819558938 25.174462399858175 2.91373568632455 11.046824729805156 6.594412205195379 -2.8795000444160825 -0.7300107489263917 -4.239788724889253 4.813930304797189
28.49699398797595 14.484261715911142 5.602432902711865 9.077503680749697 7.10957986924571 2.079242854186596 3.496918819033734 18.02416829247563 24.68311239037054 38.57170769439971 20.6486949224451 23.16171142892475 12.443778408781927 16.82023097550944 4.048919596289914 7.018952363014914 23.65211121111879 11.488756073613173 15.296801817225578 5.683688854824851 9.305992340246139 25.184217920545365 2.9234912070117325 11.056580250492338 6.6041677258825615 -2.8697445237289 -0.7202552282392093 -4.230033204202071 4.823685825484372
28.557114228456914 14.493999540425477 5.6121707272262 9.08724150526405 7.119317693760063 2.088980678700949 3.5066566435480695 18.033906116989964 24.692850214884885 38.58144551891406 20.658432746959434 23.171449253439086 12.453516233296263 16.829968800023774 4.058657420804249 7.028690187529249 23.661849035633132 11.498493898127526 15.306539641739931 5.693426679339186 9.315730164760474 25.19395574505971 2.933229031526068 11.066318075006691 6.613905550396897 -2.860006699214547 -0.7105174037248562 -4.220295379687736 4.833423649998707
28.617234468937873 14.503719725962991 5.621890912763714 9.096961690801564 7.129037879297577 2.098700864238463 3.5163768290855835 18.04362630252748 24.7025704004224 38.59116570445157 20.668152932496948 23.1811694389766 12.463236418833777 16.83968898556129 4.068377606341763 7.038410373066763 23.67156922117065 11.50821408366504 15.316259827277445 5.7031468648767 9.325450350297988 25.203675930597225 2.942949217063582 11.076038260544205 6.623625735934411 -2.850286513677033 -0.7007972181873422 -4.210575194150222 4.843143835536221
28.677354709418836 14.513422330131824 5.631593516932547 9.106664294970379 7.138740483466393 2.1084034684072783 3.5260794332544165 18.05332890669631 24.712273004591225 38.6008683086204 20.67785553666578 23.190872043145433 12.47293902300261 16.84939158973012 4.078080210510596 7.048112977235596 23.681271825339472 11.517916687833855 15.32596243144626 5.712849469045533 9.335152954466821 25.21337853476605 2.952651821232415 11.08574086471302 6.633328340103244 -2.8405839095082177 -0.6910946140185269 -4.200872589981389 4.852846439705054
28.7374749498998 14.52310741446098 5.641278601261703 9.116349379299535 7.148425567795567 2.1180885527364346 3.535764517583573 18.063013991025468 24.72195808892038 38.61055339294955 20.687540620994938 23.20055712747459 12.482624107331766 16.859076674059278 4.087765294839753 7.057798061564752 23.690956909668635 11.527601772163012 15.335647515775417 5.72253455337469 9.344838038795977 25.223063619095207 2.962336905561571 11.095425949042195 6.6430134244324 -2.8308988251790614 -0.6814095296893706 -4.191187505652232 4.86253152403421
28.79759519038076 14.532775038899164 5.650946225699887 9.126017003737719 7.15809319223375 2.127756177174618 3.545432142021756 18.07268161546365 24.73162571335856 38.62022101738774 20.69720824543312 23.210224751912772 12.49229173176995 16.86874429849746 4.097432919277936 7.067465686002936 23.700624534106822 11.537269396601195 15.345315140213618 5.732202177812873 9.35450566323416 25.232731243533387 2.9720045299997544 11.105093573480378 6.652681048870583 -2.821231200740878 -0.6717419052511874 -4.181519881214049 4.872199148472394
28.857715430861724 14.542425259322389 5.660596446123094 9.135667224160944 7.167743412656957 2.137406397597843 3.5550823624449635 18.082331835886876 24.74127593378178 38.62987123781096 20.70685846585634 23.21987497233599 12.501941952193175 16.87839451892067 4.107083139701161 7.077115906426143 23.710274754530037 11.54691961702442 15.354965360636825 5.741852398236098 9.364155883657386 25.242381463956605 2.9816547504229796 11.114743793903585 6.662331269293809 -2.811580980317653 -0.6620916848279622 -4.171869660790824 4.881849368895619
28.917835671342683 14.5520581292927 5.670229316093405 9.145300094131255 7.177376282627268 2.1470392675681538 3.564715232415292 18.091964705857187 24.750908803752097 38.63950410778127 20.71649133582665 23.2295078423063 12.511574822163485 16.88802738889098 4.116716009671472 7.086748776396454 23.719907624500348 11.55655248699473 15.364598230607136 5.751485268206409 9.373788753627696 25.252014333926923 2.9912876203932903 11.124376663873896 6.671964139264119 -2.8019481103473423 -0.6524588148576514 -4.162236790820513 4.89148223886593
28.977955911823646 14.561673707368517 5.679844894169239 9.154915672207071 7.186991860703085 2.1566548456439705 3.5743308104911087 18.101580283933004 24.760524381827913 38.64911968585709 20.726106913902466 23.239123420382118 12.521190400239302 16.897642966966796 4.126331587747289 7.0963643544722705 23.729523202576164 11.566168065070547 15.374213808682953 5.7611008462822255 9.383404331703513 25.26162991200274 3.000903198469107 11.133992241949713 6.681579717339936 -2.7923325322715256 -0.6428432367818347 -4.152621212744696 4.901097816941746
29.03807615230461 14.571272048829886 5.689443235630609 9.164514013668441 7.1965902021644546 2.1662531871053403 3.5839291519524785 18.111178625394373 24.770122723289283 38.65871802731846 20.735705255363836 23.248721761843488 12.530788741700672 16.907241308428166 4.135929929208658 7.10596269593364 23.739121544037534 11.575766406531917 15.383812150144323 5.770699187743595 9.393002673164883 25.27122825346411 3.010501539930477 11.143590583411083 6.691178058801306 -2.7827341908101557 -0.6332448953204649 -4.143022871283327 4.910696158403116
29.09819639278557 14.580853213771139 5.6990244005718615 9.174095178609711 7.206171367105725 2.175834352046593 3.593510316893731 18.120759790335626 24.779703888230546 38.66829919225972 20.745286420305096 23.258302926784747 12.540369906641924 16.916822473369436 4.145511094149911 7.115543860874911 23.748702708978797 11.585347571473188 15.393393315085593 5.780280352684848 9.402583838106136 25.280809418405372 3.0200827048717294 11.153171748352353 6.700759223742558 -2.7731530258688855 -0.6236637303791946 -4.133441706342074 4.920277323344369
29.158316633266534 14.590417262867312 5.708588449668017 9.183659227705867 7.2157354162018805 2.1853984011427663 3.6030743659898867 18.1303238394318 24.789267937326713 38.67786324135589 20.75485046940126 23.26786697588091 12.549933955738098 16.92638652246559 4.155075143246084 7.125107909971066 23.75826675807496 11.594911620569343 15.402957364181749 5.789844401781021 9.412147887202309 25.29037346750154 3.029646753967903 11.162735797448509 6.710323272838732 -2.7635889767727297 -0.6140996812830389 -4.123877657245901 4.929841372440542
29.218436873747493 14.599964244634815 5.71813543143552 9.19320620947337 7.225282397969384 2.1949453829102694 3.61262134775739 18.139870821199285 24.798814919094205 38.687410223123386 20.764397451168765 23.277413957648417 12.559480937505601 16.935933504233095 4.16462212501357 7.1346548917385695 23.767813739842463 11.604458602336846 15.412504345949252 5.7993913835485245 9.421694868969794 25.29992044926903 3.039193735735406 11.172282779216012 6.719870254606235 -2.7540419950052266 -0.6045526995155358 -4.1143306754783975 4.939388354208045
29.278557114228455 14.60949421562379 5.7276654024244955 9.202736180462345 7.234812368958359 2.2044753538992445 3.622151318746365 18.149400792188278 24.80834489008319 38.696940194112365 20.773927422157737 23.28694392863739 12.569010908494576 16.94546347522207 4.174152096002563 7.144184862727545 23.77734371083144 11.613988573325821 15.422034316938227 5.8089213545375 9.431224839958787 25.309450420258017 3.048723706724381 11.181812750204987 6.72940022559521 -2.7445120240162515 -0.5950227285265607 -4.104800704489422 4.94891832519702
29.338677354709418 14.61900723928128 5.737178426082004 9.212249204119853 7.244325392615867 2.2139883775567526 3.631664342403873 18.158913815845768 24.81785791374069 38.70645321776986 20.78344044581525 23.2964569522949 12.578523932152084 16.954976498879578 4.183665119660053 7.153697886385053 23.786856734488936 11.62350159698333 15.431547340595735 5.818434378195008 9.440737863616278 25.318963443915514 3.058236730381889 11.191325773862495 6.7389132492527 -2.7349990003587434 -0.5855097048690526 -4.095287680831914 4.958431348854528
29.39879759519038 14.628503363578531 5.746674550379236 9.221745328417086 7.253821516913099 2.223484501853985 3.6411604667011055 18.168409940143018 24.82735403803792 38.7159493420671 20.792936570112477 23.30595307659213 12.588020056449317 16.96447262317681 4.193161243957303 7.163194010682285 23.79635285878618 11.632997721280562 15.441043464892967 5.82793050249224 9.450233987913528 25.328459568212747 3.0677328546791216 11.200821898159727 6.748409373549951 -2.725502876061511 -0.5760135805718202 -4.085791556534682 4.967927473151761
29.458917835671343 14.637982644655967 5.75615383145669 9.231224609494522 7.263300797990535 2.232963782931421 3.650639747778559 18.177889221220454 24.836833319115364 38.72542862314454 20.802415851189917 23.315432357669568 12.597499337526752 16.973951904254246 4.202640525034739 7.172673291759721 23.805832139863615 11.642477002357998 15.450522745970403 5.837409783569676 9.459713268990964 25.33793884929019 3.0772121357565574 11.210301179237163 6.757888654627386 -2.716023594984075 -0.5665342994943844 -4.076312275457246 4.977406754229197
29.519038076152302 14.647445138400581 5.765616325201304 9.240687103239154 7.272763291735167 2.242426276676035 3.660102241523173 18.187351714965068 24.84629581285999 38.73489111688916 20.811878344934538 23.32489485141419 12.606961831271366 16.983414397998878 4.212103018779353 7.182135785504353 23.81529463360824 11.65193949610263 15.459985239715035 5.84687227731429 9.469175762735578 25.347401343034814 3.0866746295011716 11.219763672981795 6.767351148372001 -2.7065611012394433 -0.5570718057497525 -4.066849781712632 4.986869247973811
29.579158316633265 14.65689090362675 5.775062090427472 9.250132868465322 7.282209056961335 2.251872041902221 3.6695480067493413 18.196797480191236 24.855741578086157 38.74433688211533 20.821324110160713 23.334340616640358 12.616407596497552 16.992860163225046 4.221548784005521 7.191581550730521 23.824740398834408 11.661385261328798 15.469431004941203 5.856318042540458 9.478621527961746 25.356847108260983 3.0961203947273397 11.229209438207963 6.776796913598169 -2.697115336013275 -0.5476260405235843 -4.057404016486464 4.996315013199979
29.639278557114228 14.66631999017629 5.7844911769770135 9.259561955014863 7.291638143510877 2.2613011284517626 3.678977093298883 18.206226566740778 24.8651706646357 38.75376596866487 20.83075319671026 23.34376970318991 12.625836683047094 17.002289249774588 4.230977870555063 7.201010637280063 23.834169485383946 11.67081434787834 15.478860091490745 5.86574712909 9.488050614511288 25.366276194810524 3.1055494812768814 11.238638524757505 6.78622600014771 -2.6876862494637335 -0.5381969539740427 -4.047974929936922 5.005744099749538
29.69939879759519 14.675732451852301 5.793903638653006 9.268974416690856 7.3010506051868695 2.2707135901277553 3.6883895549748758 18.21563902841679 24.87458312631169 38.76317843034087 20.84016565838625 23.353182164865903 12.635249144723087 17.01170171145058 4.240390332231073 7.210423098956055 23.84358194705995 11.680226809554332 15.488272553166738 5.87515959076601 9.497463076187298 25.375688656486517 3.114961942952892 11.248050986433498 6.795638461823721 -2.6782737877877407 -0.5287844922980499 -4.038562468260912 5.015156561425531
29.75951903807615 14.685128344309604 5.803299531110309 9.278370309148158 7.310446497644172 2.2801094825850576 3.697785447432178 18.225034920874073 24.883979018768994 38.77257432279817 20.84956155084355 23.3625780573232 12.64464503718039 17.021097603907883 4.249786224688358 7.219818991413358 23.85297783951725 11.689622702011635 15.49766844562404 5.884555483223313 9.5068589686446 25.38508454894382 3.124357835410194 11.2574468788908 6.805034354281023 -2.6688778953304384 -0.5193885998407476 -4.029166575803609 5.0245524538828334
29.819639278557112 14.69450772190907 5.812678908709792 9.287749686747642 7.319825875243655 2.289488860184541 3.7071648250316613 18.234414298473556 24.893358396368477 38.78195370039765 20.858940928443037 23.371957434922688 12.654024414779872 17.030476981507366 4.259165602287841 7.229198369012841 23.862357217116724 11.699002079611118 15.507047823223523 5.893934860822778 9.516238346244066 25.394463926543303 3.1337372130096774 11.266826256490283 6.814413731880489 -2.659498517730955 -0.5100092222412643 -4.019787198204144 5.033931831482317
29.879759519038075 14.703870639477419 5.822041826278124 9.297112604315974 7.329188792811987 2.2988517777528727 3.716527742599993 18.243777216041888 24.90272131393681 38.79131661796598 20.86830384601137 23.38132035249102 12.663387332348204 17.039839899075698 4.268528519856173 7.238561286581173 23.871720134685066 11.70836499717945 15.516410740791855 5.903297778391128 9.525601263812398 25.403826844111634 3.1431001305780093 11.276189174058615 6.823776649448838 -2.6501356001626233 -0.5006463046729325 -4.010424280635794 5.043294749050649
29.939879759519037 14.713217147675781 5.831388334476504 9.306459112514336 7.338535301010349 2.308198285951235 3.7258742507983733 18.253123724240268 24.912067822135178 38.80066312616435 20.877650354209738 23.39066686068939 12.672733840546567 17.049186407274078 4.277875028054553 7.247907794779553 23.88106664288343 11.717711505377812 15.525757248990217 5.91264428658949 9.534947772010778 25.413173352310004 3.1524466387763717 11.285535682256977 6.833123157647201 -2.640789091964261 -0.4912997964745701 -4.001077772437432 5.052641257249011
30.0 14.722547297575357 5.8407184843760795 9.315789262413912 7.347865450909925 2.317528435850811 3.735204400697949 18.262453874139844 24.921397972034754 38.80999327606393 20.886980504109314 23.399997010588965 12.682063990446142 17.058516557173654 4.287205177954129 7.257237944679129 23.890396792783005 11.727041655277388 15.535087398889793 5.921974436489066 9.544277921910354 25.42250350220958 3.1617767886759474 11.294865832156553 6.842453307546776 -2.6314589420646852 -0.4819696465749944 -3.9917476225378556 5.061971407148587
