web/models/kne/38/mosfit_kn_0.001513_0.0770_3.6500.dat
# %ECSV 1.0
# ---
# datatype:
# - {name: time, datatype: float64}
# - {name: PS1_g, datatype: float64}
# - {name: PS1_i, datatype: float64}
# - {name: PS1_r, datatype: float64}
# - {name: PS1_w, datatype: float64}
# - {name: PS1_y, datatype: float64}
# - {name: PS1_z, datatype: float64}
# - {name: swift_uvot_B, datatype: float64}
# - {name: swift_uvot_U, datatype: float64}
# - {name: swift_uvot_uvm2, datatype: float64}
# - {name: swift_uvot_uvw1, datatype: float64}
# - {name: swift_uvot_uvw2, datatype: float64}
# - {name: swift_uvot_V, datatype: float64}
# - {name: johnson_B, datatype: float64}
# - {name: johnson_I, datatype: float64}
# - {name: johnson_R, datatype: float64}
# - {name: johnson_U, datatype: float64}
# - {name: johnson_V, datatype: float64}
# - {name: sdss_g, datatype: float64}
# - {name: sdss_i, datatype: float64}
# - {name: sdss_r, datatype: float64}
# - {name: sdss_u, datatype: float64}
# - {name: sdss_z, datatype: float64}
# - {name: ATLAS_c, datatype: float64}
# - {name: ATLAS_o, datatype: float64}
# - {name: ukirt_H, datatype: float64}
# - {name: ukirt_J, datatype: float64}
# - {name: ukirt_K, datatype: float64}
# - {name: Clear, datatype: float64}
# meta: !!omap
# - comment: [kappa = 3.65, type = rprocess, mass = 0.001513321957917195, velocity = 0.07700000000000001, theta_obs = 0.0, tfloor = 1000.0]
# schema: astropy-2.0
time PS1_g PS1_i PS1_r PS1_w PS1_y PS1_z swift_uvot_B swift_uvot_U swift_uvot_uvm2 swift_uvot_uvw1 swift_uvot_uvw2 swift_uvot_V johnson_B johnson_I johnson_R johnson_U johnson_V sdss_g sdss_i sdss_r sdss_u sdss_z ATLAS_c ATLAS_o ukirt_H ukirt_J ukirt_K Clear
[from data line 411]
24.769539078156313 12.046430347815562 3.164601534616267 6.639672312654117 4.67174850115013 -0.35858851390898394 1.0590874509381365 15.586336924380031 22.245281022274952 36.133876326304126 18.2108635543495 20.723880060829163 10.005947040686348 14.382399607413841 1.6110882281943164 4.581120994919316 21.21427984302321 9.050924705517593 12.858970449129998 3.245857486729271 6.868160972150541 22.746386552449778 0.4856598389161526 8.618748882396758 4.166336357786982 -5.30757589182448 -3.1580865963347886 -6.667864572297651 2.385854457388792
24.829659318637272 12.052429046824233 3.170600233624956 6.645671011662788 4.677747200158819 -0.3525898149003126 1.0650861499468256 15.59233562338872 22.25127972128363 36.13987502531281 18.21686225335819 20.729878759837842 10.011945739695019 14.38839830642253 1.6170869272030055 4.587119693928005 21.220278542031892 9.056923404526282 12.864969148138687 3.2518561857379424 6.87415967115923 22.752385251458456 0.49165853792482395 8.624747581405448 4.172335056795653 -5.301577192815809 -3.1520878973261173 -6.6618658732889795 2.391853156397463
24.889779559118235 12.058422640260549 3.1765938270612715 6.6516646050991035 4.683740793595117 -0.34659622146399727 1.071079743383141 15.598329216825036 22.257273314719946 36.14586861874912 18.222855846794506 20.73587235327415 10.017939333131334 14.394391899858846 1.6230805206393208 4.593113287364303 21.226272135468196 9.06291699796258 12.870962741574985 3.2578497791742578 6.880153264595545 22.75837884489477 0.4976521313611393 8.630741174841745 4.178328650231968 -5.295583599379493 -3.146094303889802 -6.655872279852664 2.3978467498337785
24.949899799599198 12.06441116745534 3.1825823542560627 6.657653132293895 4.689729320789908 -0.340607694269206 1.0770682705779322 15.604317744019827 22.26326184191474 36.151857145943914 18.228844373989297 20.741860880468938 10.023927860326125 14.400380427053637 1.629069047834112 4.599101814559094 21.232260662662988 9.068905525157371 12.876951268769776 3.263838306369049 6.886141791790337 22.764367372089566 0.5036406585559305 8.636729702036536 4.18431717742676 -5.289595072184702 -3.1401057766950107 -6.649883752657873 2.40383527702857
25.01002004008016 12.070394660447388 3.1885658472480927 6.6636366252859425 4.695712813781956 -0.3346242012771583 1.0830517635699621 15.610301237011857 22.269245334906778 36.15784063893596 18.234827866981345 20.74784437346099 10.029911353318173 14.406363920045667 1.635052540826142 4.605085307551142 21.238244155655035 9.074889018149419 12.882934761761824 3.2698217993610967 6.892125284782367 22.770350865081603 0.5096241515479782 8.642713195028584 4.190300670418807 -5.283611579192654 -3.134122283702963 -6.643900259665825 2.4098187700206175
25.07014028056112 12.076373159729314 3.194544346530037 6.669615124567869 4.701691313063883 -0.3286457019952316 1.0890302628519066 15.616279736293802 22.275223834188715 36.16381913821788 18.24080636626327 20.753822872742912 10.0358898526001 14.412342419327594 1.6410310401080865 4.6110638068330685 21.244222654936962 9.080867517431345 12.88891326104375 3.2758002986430235 6.898103784064311 22.77632936436354 0.515602650829905 8.64869169431051 4.196279169700734 -5.277633079910728 -3.1281437844210362 -6.6379217603838985 2.4157972693025442
25.130260521042082 12.082346699922066 3.200517886722789 6.675588664760621 4.707664853256652 -0.3226721618024797 1.0950038030446585 15.622253276486553 22.281197374381463 36.16979267841064 18.246779906456023 20.759796412935675 10.041863392792852 14.418315959520363 1.6470045803008384 4.617037347025838 21.250196195129725 9.086841057624097 12.894886801236503 3.2817738388357753 6.904077324257063 22.78230290455629 0.5215761910226568 8.65466523450328 4.202252709893486 -5.271659539717976 -3.1221702442282844 -6.631948220191147 2.421770809495296
25.190380761523045 12.088315315366938 3.2064865021676603 6.681557280205492 4.713633468701506 -0.31670354635760845 1.1009724184895298 15.628221891931425 22.287165989826335 36.17576129385551 18.252748521900894 20.76576502838054 10.047832008237723 14.424284574965235 1.6529731957457097 4.623005962470692 21.256164810574585 9.092809673068968 12.900855416681374 3.2877424542806466 6.910045939701934 22.78827152000116 0.5275448064675281 8.660633849948134 4.208221325338357 -5.2656909242731045 -3.116201628783413 -6.625979604746275 2.4277394249401674
25.250501002004007 12.094280182497865 3.212451369298588 6.68752214733642 4.719598335832451 -0.31073867922668086 1.1069372856204573 15.634186759062352 22.293130856957262 36.18172616098644 18.258713389031822 20.771729895511474 10.05379687536865 14.430249442096162 1.6589380628766373 4.628970829601637 21.262129677705524 9.098774540199896 12.90682028381232 3.293707321411574 6.916010806832862 22.794236387132088 0.5335096735984557 8.66659871707908 4.214186192469285 -5.259726057142177 -3.1102367616524855 -6.620014737615348 2.433704292071095
25.31062124248497 12.100238345961731 3.218409532762454 6.693480310800304 4.725556499296317 -0.30478051576281473 1.1128954490843235 15.640144922526218 22.29908902042114 36.18768432445031 18.264671552495688 20.77768805897534 10.059755038832517 14.436207605560028 1.6648962263405034 4.634928993065503 21.26808784116939 9.10473270366378 12.912778447276185 3.2996654848754403 6.921968970296728 22.800194550595954 0.5394678370623218 8.672556880542945 4.220144355933151 -5.253767893678293 -3.1042785981886016 -6.614056574151482 2.439662455534961
25.37074148296593 12.106192126433317 3.22436331323404 6.69943409127189 4.731510279767903 -0.29882673529122883 1.1188492295559094 15.646098702997804 22.305042800892725 36.193638104921895 18.270625332967274 20.783641839446926 10.065708819304103 14.442161386031614 1.6708500068120893 4.640882773537089 21.274041621640976 9.110686484135366 12.918732227747771 3.305619265347026 6.927922750768314 22.80614833106755 0.5454216175339077 8.678510661014531 4.226098136404737 -5.247814113206707 -3.0983248177170157 -6.608102793679896 2.445616236006547
25.430861723446892 12.112141282933866 3.2303124697345886 6.705383247772421 4.737459436268434 -0.2928775787906801 1.124798386056458 15.652047859498353 22.310991957393263 36.19958726142244 18.276574489467823 20.789590995947467 10.071657975804651 14.448110542532163 1.676799163312638 4.64683193003762 21.279990778141514 9.116635640635897 12.924681384248302 3.311568421847575 6.933871907268863 22.81209748756809 0.5513707740344564 8.684459817515062 4.2320472929052855 -5.241864956706176 -3.0923756612164848 -6.602153637179347 2.4515653925070957
25.490981963927855 12.11808574315775 3.236256929958472 6.711327707996304 4.7434038964923175 -0.2869331185667967 1.1307428462803415 15.657992319722236 22.31693641761715 36.20553172164632 18.282518949691706 20.795535456171358 10.077602436028535 14.454055002756046 1.6827436235365214 4.652776390261521 21.285935238365397 9.12258010085978 12.930625844472186 3.3175128820714583 6.939816367492746 22.818041947791976 0.5573152342583398 8.690404277738946 4.237991753129169 -5.235920496482293 -3.086431200992602 -6.596209176955464 2.457509852730979
25.551102204408817 12.124025497241107 3.2421966840418293 6.717267462079661 4.749343650575675 -0.2809933644834395 1.1366826003636987 15.663932073805594 22.322876171700507 36.211471475729674 18.288458703775063 20.801475210254704 10.083542190111892 14.459994756839386 1.6886833776198786 4.658716144344861 21.291874992448754 9.128519854943137 12.936565598555543 3.3234526361548156 6.945756121576103 22.823981701875333 0.5632549883416971 8.696344031822303 4.243931507212526 -5.2299807423989355 -3.0804914469092446 -6.590269422872106 2.4634496068143363
25.61122244488978 12.129960562158448 3.2481317489591532 6.723202526997003 4.7552787154930165 -0.27505829956609773 1.1426176652810227 15.669867138722918 22.328811236617838 36.21740654064701 18.294393768692387 20.80741027517205 10.089477255029234 14.465929821756728 1.6946184425372026 4.664651209262202 21.297810057366085 9.13445491986048 12.942500663472885 3.3293877010721573 6.951691186493427 22.829916766792664 0.5691900532590388 8.702279096739645 4.249866572129868 -5.224045677481594 -3.074556381991903 -6.584334357954765 2.469384671731678
25.67134268537074 12.135890963367615 3.25406215016832 6.72913292820617 4.761209116702183 -0.2691278983569312 1.1485480664901893 15.675797539932084 22.334741637827005 36.223336941856175 18.300324169901554 20.813340676381213 10.0954076562384 14.471860222965894 1.7005488437463692 4.670581610471369 21.303740458575263 9.140385321069646 12.948431064682051 3.335318102281324 6.957621587702594 22.83584716800183 0.5751204544682054 8.708209497948811 4.255796973339034 -5.218115276272427 -3.0686259807827363 -6.578403956745598 2.4753150729408446
25.7314629258517 12.141816725661911 3.259987912462634 6.735058690500466 4.76713487899648 -0.26320213606263465 1.1544738287845036 15.681723302226398 22.340667400121312 36.22926270415048 18.30624993219587 20.81926643867551 10.101333418532697 14.47778598526019 1.7064746060406835 4.676507372765665 21.30966622086956 9.146311083363942 12.954356826976348 3.3412438645756204 6.963547349996908 22.841772930296138 0.5810462167625019 8.714135260243108 4.261722735633331 -5.212189513978131 -3.0627002184884398 -6.5724781944513015 2.481240835235141
25.791583166332664 12.147737876559841 3.2659090633605636 6.740979841398396 4.773056029894427 -0.2572809851647051 1.160394979682433 15.687644453124328 22.346588551019238 36.23518385504842 18.312171083093798 20.82518758957345 10.107254569430626 14.483707136158138 1.712395756938613 4.682428523663613 21.3155873717675 9.15223223426189 12.960277977874295 3.34716501547355 6.969468500894838 22.847694081194064 0.5869673676604314 8.720056411141055 4.2676438865312605 -5.206268363080201 -3.05677906759051 -6.566557043553372 2.4871619861330707
25.851703406813627 12.15365443962984 3.2718256264305445 6.746896404468394 4.778972592964408 -0.25136442209470644 1.166311542752414 15.693561016194309 22.35250511408923 36.2411004181184 18.31808764616378 20.831104152643437 10.113171132500625 14.489623699228119 1.718312320008594 4.688345086733594 21.321503934837487 9.15814879733187 12.966194540944276 3.3530815785435486 6.9753850639648185 22.853610644264055 0.5928839307304301 8.725972974211036 4.273560449601259 -5.2003518000102025 -3.0508625045205116 -6.560640480483373 2.4930785492030694
25.91182364729459 12.159566443891432 3.2777376306921546 6.752808408729987 4.784884597226 -0.2454524178331141 1.172223547014024 15.699473020455919 22.35841711835083 36.24701242238 18.32399965042539 20.83701615690504 10.119083136762217 14.495535703489729 1.724224324270204 4.694257090995204 21.32741593909908 9.164060801593463 12.972106545205868 3.358993582805141 6.981297068226429 22.859522648525655 0.5987959349920224 8.731884978472628 4.2794724538628515 -5.19443979574861 -3.0449505002589192 -6.554728476221781 2.4989905534646617
25.97194388777555 12.165473917123517 3.28364510392424 6.758715881962072 4.790792070458085 -0.23954494460102893 1.1781310202461093 15.705380493688004 22.364324591582914 36.25291989561209 18.329907123657474 20.842923630137125 10.124990609994303 14.501443176721814 1.7301317975022892 4.700164564227289 21.333323412331165 9.169968274825548 12.978014018437953 3.364901056037226 6.987204541458514 22.86543012175774 0.6047034082241076 8.737792451704713 4.285379927094937 -5.188532322516525 -3.039043027026834 -6.548821002989696 2.504898026696747
26.03206412825651 12.171376884278722 3.2895480710794267 6.7646188491172765 4.79669503761329 -0.23364197744582427 1.1840339874012962 15.711283460843191 22.37022755873811 36.25882286276728 18.33581009081266 20.84882659729232 10.130893577149507 14.507346143877001 1.736034764657476 4.706067531382476 21.33922637948637 9.175871241980753 12.983916985593158 3.3708040231924308 6.993107508613701 22.871333088912937 0.6106063753793123 8.743695418859918 4.291282894250141 -5.18262935536132 -3.0331400598716294 -6.542918035834491 2.5108009938519515
26.092184368737474 12.177275369551186 3.295446556351891 6.770517334389741 4.802593522885754 -0.2277434921733601 1.1899324726737603 15.717181946115655 22.376126044010576 36.26472134803976 18.341708576085143 20.854725082564787 10.136792062421971 14.513244629149465 1.7419332499299403 4.71196601665494 21.345124864758834 9.181769727253217 12.989815470865622 3.376702508464895 6.999005993886183 22.8772315741854 0.6165048606517765 8.749593904132382 4.2971813795226055 -5.176730870088856 -3.027241574599165 -6.537019550562027 2.5166994791244157
26.152304609218437 12.183169396553541 3.3013405833542464 6.776411361392096 4.80848754988811 -0.22184946517100457 1.1958264996761159 15.72307597311801 22.38202007101293 36.27061537504211 18.3476026030875 20.860619109567143 10.142686089424327 14.51913865615182 1.7478272769322958 4.7178600436572955 21.35101889176119 9.187663754255572 12.995709497867978 3.3825965354672505 7.004900020888538 22.883125601187757 0.622398887654132 8.755487931134738 4.303075406524961 -5.170836843086501 -3.0213475475968097 -6.5311255235596715 2.5225935061267712
26.2124248496994 12.189058990880781 3.307230177681504 6.782300955719336 4.814377144215349 -0.2159598708437649 1.2017160940033733 15.728965567445268 22.38790966534018 36.27650496936935 18.353492197414738 20.86650870389439 10.148575683751567 14.525028250479078 1.7537168712595532 4.723749637984553 21.35690848608843 9.193553348582812 13.001599092195217 3.38848612979449 7.010789615215778 22.889015195515007 0.6282884819813717 8.761377525461977 4.308965000852201 -5.164947248759261 -3.01545795326957 -6.525235929232432 2.528483100454011
26.27254509018036 12.194944176048317 3.3131153628490217 6.7881861408868716 4.820262329382885 -0.21007468567622922 1.2076012791708912 15.734850752612804 22.393794850507707 36.28239015453689 18.359377382582274 20.872393889061915 10.154460868919102 14.530913435646596 1.759602056427089 4.729634823152071 21.362793671255965 9.199438533750348 13.007484277362753 3.394371314962026 7.0166748003833135 22.894900380682532 0.6341736671489073 8.767262710629513 4.314850186019736 -5.159062063591725 -3.0095727681020343 -6.519350744064896 2.5343682856215466
26.33266533066132 12.200824974789057 3.3189961615897623 6.794066939627612 4.826143128123626 -0.20419388693548868 1.2134820779116318 15.740731551353544 22.399675649248447 36.288270953277625 18.365258181323014 20.878274687802655 10.160341667659843 14.536794234387337 1.7654828551678294 4.735515621892811 21.368674469996705 9.205319332491088 13.013365076103494 3.4002521137027664 7.022555599124054 22.900781179423273 0.6400544658896479 8.773143509370254 4.320730984760477 -5.153181264850985 -3.003691969361294 -6.513469945324156 2.540249084362287
26.392785571142284 12.206701406923983 3.324872593724706 6.799943371762538 4.832019560258569 -0.19831745480056284 1.2193585100465754 15.74660798348847 22.405552081383384 36.29414738541255 18.37113461345794 20.88415111993759 10.166218099794769 14.54267066652228 1.7713592873027553 4.741392054027755 21.37455090213163 9.211195764626014 13.01924150823842 3.406128545837692 7.02843203125898 22.90665761155821 0.6459308980245737 8.77901994150518 4.326607416895403 -5.147304832716059 -2.997815537226368 -6.50759351318923 2.546125516497213
