web/models/kne/38/mosfit_kn_0.330399_0.3120_10.0000.dat
# %ECSV 1.0
# ---
# datatype:
# - {name: time, datatype: float64}
# - {name: PS1_g, datatype: float64}
# - {name: PS1_i, datatype: float64}
# - {name: PS1_r, datatype: float64}
# - {name: PS1_w, datatype: float64}
# - {name: PS1_y, datatype: float64}
# - {name: PS1_z, datatype: float64}
# - {name: swift_uvot_B, datatype: float64}
# - {name: swift_uvot_U, datatype: float64}
# - {name: swift_uvot_uvm2, datatype: float64}
# - {name: swift_uvot_uvw1, datatype: float64}
# - {name: swift_uvot_uvw2, datatype: float64}
# - {name: swift_uvot_V, datatype: float64}
# - {name: johnson_B, datatype: float64}
# - {name: johnson_I, datatype: float64}
# - {name: johnson_R, datatype: float64}
# - {name: johnson_U, datatype: float64}
# - {name: johnson_V, datatype: float64}
# - {name: sdss_g, datatype: float64}
# - {name: sdss_i, datatype: float64}
# - {name: sdss_r, datatype: float64}
# - {name: sdss_u, datatype: float64}
# - {name: sdss_z, datatype: float64}
# - {name: ATLAS_c, datatype: float64}
# - {name: ATLAS_o, datatype: float64}
# - {name: ukirt_H, datatype: float64}
# - {name: ukirt_J, datatype: float64}
# - {name: ukirt_K, datatype: float64}
# - {name: Clear, datatype: float64}
# meta: !!omap
# - comment: [kappa = 10.0, type = rprocess, mass = 0.33039895931513485, velocity = 0.312, theta_obs = 0.0, tfloor = 1000.0]
# schema: astropy-2.0
time PS1_g PS1_i PS1_r PS1_w PS1_y PS1_z swift_uvot_B swift_uvot_U swift_uvot_uvm2 swift_uvot_uvw1 swift_uvot_uvw2 swift_uvot_V johnson_B johnson_I johnson_R johnson_U johnson_V sdss_g sdss_i sdss_r sdss_u sdss_z ATLAS_c ATLAS_o ukirt_H ukirt_J ukirt_K Clear
[from data line 29]
1.8036072144288577 -12.159886259436501 -14.248774597860798 -13.493605633962034 -13.474529264855164 -14.843278598244822 -14.631332210383174 -11.270600157667012 -10.379965080570859 -5.5593144405378 -8.396703048846401 -6.423606065026583 -12.831406705862129 -11.380924679064325 -14.8732947712577 -13.92886618061753 -10.498490772845834 -12.919837719593852 -11.95976541891218 -14.238337723120189 -13.480029184104083 -9.609367422792818 -14.695187038243969 -12.769305657582741 -13.874971558284823 -15.23099415340171 -15.158763825904664 -15.124343574553956 -13.75858925846396
1.8637274549098195 -12.2019863217872 -14.300749651501938 -13.541630742635054 -13.523861107471014 -14.899288916997815 -14.685751490122883 -11.30920392078534 -10.410633360354868 -5.572255795156489 -8.426663078800676 -6.453214707016407 -12.876065649550991 -11.42019330313682 -14.926452036347346 -13.978241577338146 -10.5304455694679 -12.96501187162322 -12.000990061486494 -14.290204873031893 -13.52791588827925 -9.640678105988645 -14.750082770546431 -12.814613552622163 -13.925192141150795 -15.292746934172406 -15.217907104662238 -15.187842902852731 -13.809988401708768
1.9238476953907815 -12.246548263358505 -14.353583000068468 -13.591155167797702 -13.574487402923552 -14.955503613819303 -14.740632777535101 -11.350835828525973 -10.445617813562649 -5.592401174436666 -8.461106089919017 -6.4873834412189915 -12.92276884164676 -11.462384050339715 -14.980276186858294 -14.02889899672217 -10.566507095749877 -13.012147968552268 -12.044818642774331 -14.342947811291378 -13.577323912310746 -9.676199308317628 -14.805363698947396 -12.861865737028602 -13.976558062033426 -15.353775479093091 -15.276748028765255 -15.250335840396295 -13.862349425811527
1.9839679358717435 -12.293526991667019 -14.407292624079506 -13.642171870370827 -13.626405677618258 -15.011965739028827 -14.796009340670171 -11.395429224791311 -10.48480140343532 -5.619515590387894 -8.499883867904963 -6.525951321761262 -12.971488613321284 -11.50743351459369 -15.034792461845907 -14.0808390104863 -10.606566805426613 -13.061220934869587 -12.091200529404063 -14.39658384418058 -13.628245575423321 -9.715818783948809 -14.861065847742285 -12.911035897221748 -14.029074999210245 -15.41415751030232 -15.335348616708266 -15.311910512065745 -13.915681446684065
2.0440881763527052 -12.342880264663538 -14.461894033859881 -13.69467341939945 -13.679613245925282 -15.06871386417691 -14.851910737082683 -11.442922009857803 -10.528075859043007 -5.653383462316913 -8.542863537704601 -6.568775514023745 -13.022198516564309 -11.555282716115109 -15.090023061272799 -14.134061303170402 -10.650524160133987 -13.112206798052666 -12.140088398513917 -14.45112786237182 -13.68067282369843 -9.759432546426243 -14.917221340140419 -12.96209923806213 -14.082747357589085 -15.473963644561351 -15.39376496334011 -15.372647170556045 -13.969992631259291
2.1042084168336674 -12.394594154764214 -14.517417599624203 -13.74867258375465 -13.734126590986868 -15.12579606259635 -14.908378118528187 -11.493285010542557 -10.575376589433798 -5.693857973709753 -8.589962139044456 -6.615765701885529 -13.074896717928166 -11.605904891589066 -15.146003492093822 -14.188584118603977 -10.698320494143296 -13.165105635229464 -12.191464424515832 -14.506609760459881 -13.734617943879979 -9.806979277848171 -14.973873300917386 -13.0150552459585 -14.137597007992522 -15.533266573428573 -15.452058603090979 -15.432625912278864 -14.025307818380313
2.164328657314629 -12.448640865935516 -14.573881109614142 -13.804168997622508 -13.789949922156719 -15.183248479848022 -14.965440432328343 -11.546474589308293 -10.6266234493674 -5.740775309252018 -8.64108593876903 -6.666822652954515 -13.129567651488252 -11.65925908249314 -15.202756886751178 -14.244412927496192 -10.749881705197499 -13.219903985895998 -12.245296790069276 -14.563046834282236 -13.790080025649534 -9.858382064021658 -15.031052764995962 -13.069890269495641 -14.193633211433134 -15.592128175432439 -15.510279741266704 -15.491916385831653 -14.081640137430469
2.224448897795591 -12.504929069210533 -14.631257321259916 -13.86110982635742 -13.847038108991843 -15.241069917614585 -15.023086232563703 -11.602376885991276 -10.68165114588771 -5.7938541493727795 -8.696059544068024 -6.721766650182847 -13.18613681776559 -11.715235534823346 -15.260263614675644 -14.3015034461643 -10.805050904934525 -13.276530548235568 -12.301488495493018 -14.62041114402302 -13.84700538657274 -9.913479922638277 -15.088751318814655 -13.12653344391224 -14.250817110219174 -15.650584106336908 -15.568447297241548 -15.5505654256849 -14.138957542299035
2.284569138276553 -12.563453367965494 -14.689573057270415 -13.9195090223682 -13.905409048725161 -15.299300305597061 -15.081350289785558 -11.660975161857252 -10.740417076567201 -5.852993649426408 -8.75483578067847 -6.780548539087498 -13.244607260647314 -11.773819593241711 -15.318554331041085 -14.359873945352632 -10.86378971118097 -13.334989987069237 -12.360031292256455 -14.678729161570718 -13.905407548219486 -9.972232405408707 -15.147005262901843 -13.184989693412366 -14.309169708489797 -15.708692862193946 -15.626611334602156 -15.608637162274126 -14.197284538921675
2.344689378757515 -12.6241540744107 -14.748816824365463 -13.979335802644446 -13.965038558908791 -15.357947885832903 -15.140233058635548 -11.722192619977278 -10.80280569682671 -5.917992030818271 -8.817297226855398 -6.843049778940728 -13.304931716884695 -11.834937765298243 -15.377623329610259 -14.419500292728895 -10.925988842174156 -13.395237595329286 -12.420861217097627 -14.737988866152367 -13.965255037661297 -10.034527062310108 -15.205817394306358 -13.245215087403412 -14.368671015853867 -15.76649082955425 -15.684795447288575 -15.66617655082698 -14.256607129608554
2.4048096192384767 -12.686970602712577 -14.808974345066481 -14.040557330945074 -14.025900586552584 -15.417017425442285 -15.199731779361798 -11.785952144666247 -10.868702621970776 -5.988652608021712 -8.88333082054773 -6.909157395516402 -13.367061412286276 -11.898516228934607 -15.437461927707485 -14.480356162886576 -10.991539899444238 -13.457227137828303 -12.483913570041967 -14.798175471721713 -14.02651432710142 -10.100252401648415 -15.265187237921705 -13.30716438158884 -14.429298720321082 -15.824010053302683 -15.743019275365686 -15.723223958158437 -14.316909236139832
2.464929859719439 -12.75184444211698 -14.870030740678786 -14.103141219708064 -14.087969551022255 -15.476512066737413 -15.259842460684627 -11.8521795656483 -10.937998531397444 -6.0647890409305765 -8.95283143123697 -6.978767448676603 -13.43094884586477 -11.964484028404424 -15.498060550353589 -14.542415415928549 -11.060339172898328 -13.520913583666017 -12.549125958330176 -14.859273618782893 -14.089152350465035 -10.169301752840187 -15.325112986958391 -13.370793709308373 -14.491030495199713 -15.881279598173204 -15.801300089356758 -15.779816373348526 -14.378174853910473
2.5250501002004007 -12.818763765195893 -14.93200019943222 -14.167091178000106 -14.151253941983324 -15.536456876925921 -15.32058584392658 -11.92085357108984 -11.010651094290207 -6.14631398566685 -9.025764335028175 -7.051847862958102 -13.496588547854717 -12.032821961196646 -15.559436604104288 -14.605685681991513 -11.132347625216862 -13.5862930706417 -12.616484230127334 -14.92129720605849 -14.153172365588347 -10.24163423357578 -15.385616740501753 -13.43610030287305 -14.553876299486301 -15.938340371489105 -15.859671579772456 -15.835999573203361 -14.440418490905067
2.5851703406813624 -12.887647770864294 -14.994849719968055 -14.232354991673883 -14.215709570698536 -15.5968387028644 -15.381940903848648 -11.991876089281483 -11.086523685576513 -6.233007150498955 -9.10200150263984 -7.128273495745287 -13.563911616359931 -12.103435626729627 -15.621562941857274 -14.67012174349038 -11.207434736618708 -13.653299507545833 -12.68590332395176 -14.984212703211739 -14.218521378618405 -10.317116018565358 -15.44667990954208 -13.503019660944187 -14.617795136941911 -15.995207920072506 -15.918136227858977 -15.891797898873302 -14.503606691766748
2.6452905811623246 -12.958409529644737 -15.058540794344282 -14.29887467716858 -14.281286809738525 -15.657639185556889 -15.443881284153171 -12.065142650110936 -11.165472763919624 -6.324640516251335 -9.181409681606958 -7.207914696258712 -13.632843111834855 -12.176224331588234 -15.684407003476466 -14.735672763309015 -11.285463133793787 -13.721860842578922 -12.757291991563395 -15.047981065524425 -14.285140601949333 -10.395606361682983 -15.508278622513263 -13.571481466904451 -14.682740464553277 -16.05189307773331 -15.976691574583928 -15.947231137296603 -14.567700798505996
2.7054108216432864 -13.031039802096824 -15.123084920981498 -14.366653318675766 -14.347993640552499 -15.71887869857548 -15.506423800808395 -12.140636234588317 -11.247464472238384 -6.421145690085111 -9.263968705609091 -7.29075653481447 -13.703378553753762 -12.25117302042975 -15.747982936590958 -14.802345238473766 -11.366401505729755 -13.791974074256641 -12.83063912632647 -15.112613556295038 -14.353032691142342 -10.477072363243192 -15.570430859330653 -13.641484191614683 -14.748720720441941 -16.108429419835325 -16.03536516651742 -16.002336960269915 -14.632714053463882
2.7655310621242486 -13.10544400240417 -15.188436002747867 -14.43562529140431 -14.415773231258502 -15.780531402420372 -15.569534562961103 -12.2182446080942 -11.332347423922222 -6.522287199526622 -9.349540426988732 -7.376665849639913 -13.77543524376054 -12.328173345275676 -15.812250632569224 -14.870080807301928 -11.450104610353364 -13.863559469409752 -12.905845812322898 -15.178063539102915 -14.422131190231084 -10.56136535909232 -15.63310524812593 -13.712950072277152 -14.815681877282927 -16.164820563343497 -16.094147202544242 -16.05712803228101 -14.698600790133245
2.8256513026052104 -13.181583845208635 -15.254584041379733 -14.505769139483142 -14.484610413942054 -15.842599333940655 -15.63321079385485 -12.297918956741071 -11.420049879385967 -6.627945677118421 -9.438068929445667 -7.465593050570497 -13.848981502902113 -12.407179057428838 -15.877203675839048 -14.938862554240899 -11.536504207573188 -13.936587287491447 -12.982871222980883 -15.244320696405769 -14.492414085476195 -10.648414987861177 -15.69630056807938 -13.78585115626441 -14.88360963897362 -16.221086341404845 -16.15304939441831 -16.11162969245093 -14.765352848048536
2.885771543086172 -13.259371355230893 -15.321485211298729 -14.577023226570702 -14.554452061492 -15.905057208937912 -15.697419827428511 -12.379555138061875 -11.510432020883137 -6.737905334239616 -9.529429877021318 -7.557420091635215 -13.923940040015623 -12.488089672889394 -15.942803731594612 -15.008635578254552 -11.62546603565077 -14.010983021205428 -13.061623434277188 -15.311340709452068 -14.563818953674836 -10.738083820387523 -15.759986482315949 -13.860115004227964 -14.952453092381575 -16.27722855294468 -16.212061198302923 -16.165852072998042 -14.832927479758133
2.9458917835671343 -13.338772131989867 -15.389130162511417 -14.64936802108232 -14.625284781555212 -15.967906445275375 -15.76215876083074 -12.46310931750368 -11.60342968270145 -6.852060493174082 -9.623576983373692 -7.652108316766441 -14.0002821472313 -12.570863762956272 -16.009044665795066 -15.079384505634767 -11.716928983790169 -14.086719773587182 -13.142065788424695 -15.379113943053682 -14.636325735360742 -10.830308809253015 -15.824161505988155 -13.935716612633158 -15.022199230763373 -16.333264673094178 -16.271192755340955 -16.219817632620504 -14.901317740513118
3.006012024048096 -13.419715810626958 -15.457484951365075 -14.72275484357528 -14.697067611209587 -16.03112852918576 -15.827402919948526 -12.548497658828694 -11.698929564235794 -6.970235994129584 -9.72041442571447 -7.749569585389388 -14.077946080923393 -12.655420672665038 -16.07589711709932 -15.151066380000692 -11.810784280762931 -14.163738212301807 -13.224124654726399 -15.447606043720139 -14.709885060750487 -10.924978499558033 -15.888802935284208 -14.012598733395656 -15.092808445291848 -16.389198892832862 -16.330437901394994 -16.273537567907393 -14.970491525455198
3.066132264529058 -13.502132492861865 -15.526515178686662 -14.797134922253523 -14.769759436221914 -16.094704128586876 -15.893126954243844 -12.635637109760218 -11.796819896047861 -7.092259914626189 -9.819848307953762 -7.8497181739166635 -14.15687031028358 -12.741680475288732 -16.143331162546907 -15.223638033397979 -11.906924559962128 -14.241979174454718 -13.30772695047866 -15.516782212147167 -14.7844474783194 -11.021982897128577 -15.953887348239473 -14.090704306488497 -15.164240843448233 -16.445034078329922 -16.38978937752869 -16.327021596181265 -15.040416411252835
3.12625250501002 -13.585968699858118 -15.596196587379652 -14.872472131070822 -14.843331044396866 -16.15862150703288 -15.95931411109623 -12.72446324650777 -11.897012587274531 -7.217995358209531 -9.921809340899337 -7.952493742582941 -14.237008075980093 -12.829581461541103 -16.21132627582923 -15.297068097513861 -12.005265307192882 -14.321397949558035 -13.392816568329415 -15.58661785922352 -14.859976266612342 -11.12123526330464 -16.019399622302224 -14.169990683136575 -15.236467803896687 -16.50077708291604 -16.449245551352494 -16.38028232460252 -15.11107059847376
3.186372745490982 -13.671139498471838 -15.666483508284408 -14.948704915408833 -14.917729072342887 -16.222851612635534 -16.0259287092415 -12.814876650248952 -11.99937649942898 -7.347244259905017 -10.026183955989456 -8.057791491590955 -14.318283784855385 -12.919027578089931 -16.279841716184908 -15.37130112353416 -12.105680270544259 -14.401921499993689 -13.479305057671453 -15.657066874112289 -14.9364091401082 -11.222606475601022 -16.085306184616854 -14.2503869904988 -15.30943748242489 -16.55642325242693 -16.50879064528521 -16.433322614160982 -15.182410215715851
3.2464929859719436 -13.757597403816533 -15.737354409551276 -15.025801173036957 -14.992927962799953 -16.287384115887118 -16.09295592241855 -12.906820044804974 -12.103833338996548 -7.479885406537561 -10.132913020605816 -8.165562209761962 -14.4006558138788 -13.009964035381895 -16.348859294797215 -15.44630931310347 -12.208094298194194 -14.483510076337163 -13.567142595335664 -15.72810742812722 -15.01371344705868 -11.32601937092236 -16.151593681278307 -14.331855522288315 -15.38312455722549 -16.611978970528046 -16.568423411006208 -16.48615402716373 -15.254416459078737
3.306613226452906 -13.845276918652996 -15.80877532378338 -15.103714135275137 -15.06888818192829 -16.352198524596133 -16.16036986755427 -13.000216181917487 -12.21028037793614 -7.615763049328986 -10.24191204031597 -8.275731347161187 -14.484065990405679 -13.102316421730599 -16.418349050532505 -15.522050938586986 -12.312408531416079 -14.566107653076832 -13.656260852777233 -15.799705196137364 -15.0918417963649 -11.431372724458306 -16.218237964469306 -14.414342339888186 -15.457490253038362 -16.667443670421896 -16.62813419169982 -16.53878214699661 -15.327057693919386
3.3667334669338675 -13.934118075248527 -15.880715435964472 -15.18240113333059 -15.145573985926717 -16.417276531583695 -16.228147228649537 -13.094994188896411 -12.318623189943416 -7.754733984435343 -10.353104815356815 -8.38823311964234 -14.568461058057729 -13.196016528661264 -16.488283889698902 -15.59848803529751 -12.418532100624759 -14.649662988808261 -13.74659724240761 -15.871829031190021 -15.170750932131902 -11.538573458972259 -16.285217336454068 -14.497798253652423 -15.532499356755256 -16.722817584769626 -16.687914760668914 -16.591212931403888 -15.40030557888679
