web/models/kne/38/mosfit_kn_0.218327_0.1083_10.0000.dat
# %ECSV 1.0
# ---
# datatype:
# - {name: time, datatype: float64}
# - {name: PS1_g, datatype: float64}
# - {name: PS1_i, datatype: float64}
# - {name: PS1_r, datatype: float64}
# - {name: PS1_w, datatype: float64}
# - {name: PS1_y, datatype: float64}
# - {name: PS1_z, datatype: float64}
# - {name: swift_uvot_B, datatype: float64}
# - {name: swift_uvot_U, datatype: float64}
# - {name: swift_uvot_uvm2, datatype: float64}
# - {name: swift_uvot_uvw1, datatype: float64}
# - {name: swift_uvot_uvw2, datatype: float64}
# - {name: swift_uvot_V, datatype: float64}
# - {name: johnson_B, datatype: float64}
# - {name: johnson_I, datatype: float64}
# - {name: johnson_R, datatype: float64}
# - {name: johnson_U, datatype: float64}
# - {name: johnson_V, datatype: float64}
# - {name: sdss_g, datatype: float64}
# - {name: sdss_i, datatype: float64}
# - {name: sdss_r, datatype: float64}
# - {name: sdss_u, datatype: float64}
# - {name: sdss_z, datatype: float64}
# - {name: ATLAS_c, datatype: float64}
# - {name: ATLAS_o, datatype: float64}
# - {name: ukirt_H, datatype: float64}
# - {name: ukirt_J, datatype: float64}
# - {name: ukirt_K, datatype: float64}
# - {name: Clear, datatype: float64}
# meta: !!omap
# - comment: [kappa = 10.0, type = rprocess, mass = 0.21832694463104688, velocity = 0.10833333333333334, theta_obs = 0.0, tfloor = 1000.0]
# schema: astropy-2.0
time PS1_g PS1_i PS1_r PS1_w PS1_y PS1_z swift_uvot_B swift_uvot_U swift_uvot_uvm2 swift_uvot_uvw1 swift_uvot_uvw2 swift_uvot_V johnson_B johnson_I johnson_R johnson_U johnson_V sdss_g sdss_i sdss_r sdss_u sdss_z ATLAS_c ATLAS_o ukirt_H ukirt_J ukirt_K Clear
[from data line 114]
6.913827655310621 -8.750576823412999 -12.191755572567065 -10.892375696595256 -11.12788337766986 -13.352041994613284 -12.914724202883985 -7.3658926658975785 -5.378207023808841 1.7540630806964126 -3.82484941287446 -1.9057513149742387 -9.749305542350559 -7.592231643352964 -12.984376331501839 -11.537927211752567 -5.6683675167525145 -9.925803893413645 -8.429424217055708 -12.1663043200836 -10.854174637795246 -4.681457178774764 -13.05060880128556 -9.83644596105627 -11.604244759962228 -14.567383890777881 -14.117861281125721 -14.71641687873534 -11.728251601473172
6.973947895791583 -8.728422433708527 -12.183182688915242 -10.878317265116237 -11.117030048315826 -13.349256655438637 -12.909611685812372 -7.3386113172612175 -5.339780602485238 1.8144354277860915 -3.7948996083275506 -1.8764275204575784 -9.73022207867863 -7.566382533804926 -12.977549217502961 -11.526253927298288 -5.631636827871482 -9.907794417895113 -8.406043687005198 -12.157579306239477 -10.839811822252656 -4.64364946211564 -13.046289503378414 -9.81942091257018 -11.593798789622856 -14.573271968343791 -14.119785356728672 -14.725026401814619 -11.720872372842237
7.034068136272545 -8.706233850782326 -12.174530381125965 -10.864197521401504 -11.106115292825987 -13.346374193750687 -12.904408757516617 -7.311310260641309 -5.301368813679055 1.874692769242487 -3.764994735990008 -1.8471375716387004 -9.71109036534114 -7.540514401779696 -12.970637899041659 -11.514517032346536 -5.5949149254674 -9.889737064000046 -8.382632872741116 -12.148775369480536 -10.825387607179149 -4.605852318849699 -13.041878548218566 -9.802350631877772 -11.583284981328674 -14.579040032196067 -14.12159974386144 -14.733509543799064 -11.71342531203262
7.0941883767535066 -8.684123868468596 -12.165875006868134 -10.850107548045429 -11.095221360112202 -13.34345540181996 -12.899182476340751 -7.284116100146579 -5.2631282036002425 1.9346200743511384 -3.7352670540271045 -1.8180120693802624 -9.692015034037695 -7.5147499206467785 -12.963714030365054 -11.502801122055459 -5.558353819784447 -9.871733521439284 -8.359307861706728 -12.139969276285 -10.810993911303157 -4.568220681420154 -13.037440843348609 -9.785334027889938 -11.572784624151549 -14.584725474498848 -14.12335253349452 -14.741896340201029 -11.705983243823859
7.154308617234468 -8.662028243190143 -12.157174558587194 -10.83599636392 -11.084302330576108 -13.340467716393292 -12.893896486849261 -7.256956242052769 -5.224967961646918 1.9943443558531166 -3.7056383669535715 -1.7889738326416658 -9.672936927998592 -7.489018777456046 -12.956738446939912 -11.491059056737011 -5.521865488641755 -9.853726348573202 -8.336002406190293 -12.131118770662699 -10.7965792697461 -4.530664788965364 -13.032941315472613 -9.76831515856647 -11.562252574144267 -14.59030982890164 -14.125018820209101 -14.750172737024732 -11.698505856317336
7.214428857715431 -8.639922963975266 -12.148413890508678 -10.821845249640543 -11.073341415233298 -13.337399741959217 -12.888537890040173 -7.2298033668278014 -5.186853517789025 2.053914723215546 -3.676078518822354 -1.7599930905994507 -9.653834091251856 -7.463294535056612 -12.94969712961904 -11.479273622303563 -5.485416480350615 -9.835694255616934 -8.312691697808585 -12.122208608149432 -10.782124776648097 -4.493150507509149 -13.028367569816606 -9.75127327821344 -11.55167240471286 -14.595787271606556 -14.126590237068973 -14.758334649623864 -11.690978559623808
7.274549098196393 -8.617939154151397 -12.139681578883046 -10.807759975628262 -11.062433995324614 -13.334321868873058 -12.883184400614667 -7.202804743118377 -5.148967129860917 2.113080879213613 -3.6467410773711957 -1.7312215999236567 -9.634828145600373 -7.437719824093406 -12.942673154250024 -11.46754296331774 -5.449183754921496 -9.817755393430224 -8.289510707062817 -12.11332784225057 -10.767737188000588 -4.455858224152571 -13.023794797391446 -9.734323250842376 -11.541138405452624 -14.601200825601095 -14.12812232038826 -14.766416490189085 -11.683485690969366
7.3346693386773545 -8.595924567670146 -12.130876682209095 -10.793618883134588 -11.051470510158676 -13.331155013660716 -12.877748144670882 -7.175788758458515 -5.111095069679958 2.172139282062397 -3.6174440761907074 -1.7024796176855825 -9.615778441157065 -7.412128467321683 -12.935572175922562 -11.45575445947306 -5.412959998182256 -9.799773190287409 -8.266302556554042 -12.104374957305506 -10.753293691767176 -4.418576551284428 -13.019138127016436 -9.717332210435679 -11.53054257710588 -14.606504168093897 -14.129553776107054 -14.774382217668476 -11.675930818748235
7.394789579158316 -8.573972980859246 -12.122062765482813 -10.779497748153304 -11.04051928906891 -13.32794981704657 -12.872284970479342 -7.148860670319826 -5.073367454206608 2.2309116408380953 -3.588296836682509 -1.6738752122311449 -9.596772031226923 -7.386622399114348 -12.92845384774613 -11.443978441695048 -5.376871568361967 -9.781832214070254 -8.243163755592704 -12.095413857341555 -10.738870770112783 -4.381434291129587 -13.01445160737515 -9.700382350003025 -11.519952510877118 -14.611728467932604 -14.13092467747697 -14.782256869584439 -11.668374398420394
7.454909819639278 -8.552039648770595 -12.113210729319448 -10.76536115779195 -11.029548501121607 -13.324683827380603 -12.866769756036955 -7.121969853418789 -5.035720832489865 2.289486792700381 -3.559244877765923 -1.645354585787032 -9.57776774145626 -7.361152614365544 -12.921291073209186 -11.43218221654574 -5.340856977589851 -9.763892509094523 -8.220048148842967 -12.086415268255859 -10.724432666940196 -4.3443687279360255 -13.009711022622437 -9.68343477858884 -11.509336914416348 -14.61686120413178 -14.132217967466437 -14.790031035219025 -11.660788556585278
7.51503006012024 -8.530103788211711 -12.104307473905465 -10.751192914677379 -11.018543642947574 -13.321347198367803 -12.861191349889936 -7.095092652193023 -4.998125259903308 2.347907229953827 -3.5302622130725854 -1.6168920814737429 -9.558746562368558 -7.335696232730754 -12.914071730973646 -11.420350902298619 -5.304887250216137 -9.745935651065059 -8.196934261702609 -12.077366004699108 -10.709963021158426 -4.307350291264758 -13.004905661100867 -9.666471554504383 -11.498681587948898 -14.621897371106819 -14.133426430806358 -14.797701221390474 -11.653160706135921
7.575150300601202 -8.508240764021728 -12.09540421086249 -10.737053994369905 -11.007559646405358 -13.317980795400235 -12.855594789576461 -7.0683136325976035 -4.9606852000339785 2.406030198827211 -3.501436180107493 -1.58857411246608 -9.539778516417751 -7.310335118090897 -12.906843896503261 -11.408541074659066 -5.269063847003476 -9.72802964289446 -8.173899645496938 -12.068317549418168 -10.695523382130983 -4.270482410916969 -13.000079110090219 -9.649558730522205 -11.48804091707671 -14.62686221573614 -14.134582457914957 -14.80528775012356 -11.645539440386603
7.635270541082164 -8.486330642123594 -12.08642145853096 -10.72284857874493 -10.996510379426905 -13.314522392781036 -12.849910903790978 -7.041497554521562 -4.92323216406815 2.4640890040199865 -3.472624126172174 -1.5602596387480747 -9.520752758350277 -7.284938396910142 -12.899533304284667 -11.3966641266227 -5.233223335260099 -9.710066914290463 -8.150820712102416 -12.059189968068296 -10.681017006332993 -4.233598416247393 -12.99516458668272 -9.63259173863042 -11.47732993338229 -14.63171942702434 -14.135637893444136 -14.812762455321502 -11.637849053056364
7.695390781563126 -8.464511418464742 -12.077452310767747 -10.708687908049974 -10.985495955379339 -13.311045869037557 -12.844221316917821 -7.014799493734759 -4.885958204168617 2.5218202910643557 -3.4439870334826668 -1.5321079502210853 -9.501797319252152 -7.259656153287008 -12.892227226208075 -11.384823149280063 -5.19755217588963 -9.692171762121065 -8.127839520216291 -12.05007685805862 -10.666556193064292 -4.196888415550664 -12.990241027255571 -9.615691317958355 -11.466647667786063 -14.63651390804532 -14.136650890756853 -14.820161109202646 -11.630177918542888
7.755511022044088 -8.442660052069542 -12.068415158039052 -10.694473639967086 -10.974428010042807 -13.307487296903222 -12.838454982312228 -6.98808071876651 -4.848690520756538 2.5794630990882057 -3.4153788920424684 -1.5039746456645307 -9.482798446264706 -7.234354157123274 -12.884849400711282 -11.372927216094368 -5.16188274660448 -9.674233808835398 -8.104829285437898 -12.040896146178142 -10.652041646308579 -4.160181460551673 -12.985239838849534 -9.598750198158061 -11.455906919828625 -14.641208306056154 -14.137571950438835 -14.827454715613511 -11.62244837875095
7.8156312625250495 -8.42085935701764 -12.059366142424395 -10.680272697944684 -10.96336676919842 -13.303891390594966 -12.83266122382841 -6.961434210653926 -4.811544078305374 2.6368602916834023 -3.3868956844070293 -1.4759547510620261 -9.46383306465621 -7.2091223856442035 -12.877452503628472 -11.361038370592446 -5.126326694353384 -9.656327734450707 -8.081875236692575 -12.031704273793 -10.637540926795328 -4.123591378326026 -12.980208738792154 -9.58184089403133 -11.445167318572675 -14.64583007401298 -14.138436420378271 -14.834665281938014 -11.614713645798336
7.875751503006012 -8.399074000253464 -12.050282314881464 -10.666057135067533 -10.952287173397899 -13.300240470642546 -12.826820243112067 -6.934819969256437 -4.774468710233322 2.694081982261289 -3.3584946397488475 -1.4480059964269851 -9.444868648480124 -7.183922149726335 -12.870015176550826 -11.34913084840947 -5.090835406124434 -9.638421998834692 -8.058940923764144 -12.022478153584952 -10.6230258103019 -4.087068574735557 -12.97512865343295 -9.56493273612022 -11.434404206566295 -14.650369422540553 -14.13923090671396 -14.84178549397903 -11.606951819092686
7.935871743486974 -8.377292981775 -12.041156993084563 -10.65181852978963 -10.941181724204583 -13.296529678050533 -12.820926450436385 -6.908225387506689 -4.73744827923209 2.7511513879893608 -3.330161658181225 -1.4201144718730272 -9.425895203429217 -7.158741269721588 -12.862531284843197 -11.337196959743878 -5.055393291794587 -9.62050693165258 -8.036014958716358 -12.013211055312158 -10.608487785329679 -4.050597128907256 -12.969994238226619 -9.548016306286726 -11.423610273535942 -14.654824196804888 -14.139952020983449 -14.848814040014487 -11.599156465487042
7.995991983967936 -8.355555704349182 -12.032017226790526 -10.637588928013333 -10.93007926000558 -13.292780753220583 -12.815003731373906 -6.881694602690152 -4.700537127286406 2.8079948527506255 -3.3019416649565865 -1.3923247200918918 -9.406949441239451 -7.133622445340414 -12.855026263350002 -11.32526644339854 -5.020053161316007 -9.602618172369278 -8.013137864613764 -12.003930167556458 -10.59395920275433 -4.014230876744236 -12.964828622938303 -9.531126178956306 -11.41281413671468 -14.659208083246057 -14.14061713510417 -14.85576205826323 -11.591353126421158
8.056112224448897 -8.333802514553081 -12.022823725328191 -10.623320816774662 -10.918937182885617 -13.288963096438433 -12.809017985901896 -6.855160246876678 -4.663651133404265 2.864728948742081 -3.27376370767908 -1.3645665268325078 -9.387976266735258 -7.108500537934045 -12.847463451992375 -11.313295449992086 -4.984733441411315 -9.584702298528443 -7.990248148200614 -11.994595971967765 -10.579392078098788 -3.9778866060060736 -12.95959891795098 -9.514210460954668 -11.401973771435205 -14.663503549844364 -14.141202744503934 -14.862616127778823 -11.583504475318502
8.11623246492986 -8.312123865920551 -12.013637701268891 -10.609087228044043 -10.907821100177841 -13.285125380674625 -12.803022948788225 -6.82872394049464 -4.626916046732781 2.9211819758416775 -3.245732352749719 -1.3369435367018343 -9.369059710030172 -7.083473821639185 -12.839900254204661 -11.301351605634544 -4.9495562428068425 -9.566840839228481 -7.9674389117147015 -11.985270009091078 -10.564860152166737 -3.941688833879091 -12.954357083234527 -9.497348264238337 -11.391154163294441 -14.667740298572959 -14.141747228721593 -14.869399958111254 -11.57566838664522
8.176352705410821 -8.290387866229665 -12.004371447249103 -10.594782606538633 -10.896636352201448 -13.281198793476268 -12.796942189952087 -6.802236995726317 -4.590146778075095 2.9776089787815225 -3.217692475755118 -1.3093021114549006 -9.350077691113238 -7.058398544803509 -12.832254691324511 -11.289337404630785 -4.914341994254709 -9.548915412970052 -7.944574266615696 -11.975864077029215 -10.550256825473099 -3.9054543978334166 -12.949029340267675 -9.48042466183729 -11.380261774278022 -14.671878002146649 -14.142197237448835 -14.876082199209185 -11.56776174436871
8.236472945891784 -8.26874692009346 -11.995127651374649 -10.580529732778583 -10.88549314627274 -13.277264712020092 -12.79086568811513 -6.775870791692561 -4.553555727591636 3.033719414643252 -3.189820841489421 -1.2818174779629774 -9.331171679229843 -7.033440405929422 -12.824622978315123 -11.277366443569427 -4.879296903793168 -9.53106324093074 -7.921811119878317 -11.96648142117807 -10.535706080992107 -3.8693935925890166 -12.94370265235079 -9.463572799062518 -11.369405720283172 -14.675965810255796 -14.142616660176762 -14.882701823191764 -11.559881626649933
8.296593186372744 -8.247044679567441 -11.985802182350458 -10.566203381766446 -10.874279224638297 -13.273241348233302 -12.78470264391764 -6.749449109480611 -4.516923634448382 3.0898149849675223 -3.1619341088244286 -1.254307975562806 -9.312196889402486 -7.008429065998815 -12.816907762784606 -11.265323058265164 -4.844208229681676 -9.513143942485305 -7.898988399287532 -11.957017325756212 -10.521081450304877 -3.83328941691639 -12.9382893655543 -9.446656429077525 -11.358475025168602 -14.679955649609791 -14.142942008482622 -14.88922138904625 -11.551929462066877
8.356713426853707 -8.225433242171647 -11.97649751535824 -10.5519260831184 -10.863104511651276 -13.269209898936474 -12.778542844991279 -6.723142999130128 -4.4804625096596595 3.145605861740603 -3.1342084469647165 -1.2269483110813648 -9.293294526079247 -6.983529871276545 -12.809205053086654 -11.253320576249283 -4.809281802213629 -9.495294456997685 -7.876262697074257 -11.94757482212232 -10.506506669785676 -3.797351790682253 -12.932876249138587 -9.429808393048269 -11.34757854758508 -14.683896518552025 -14.143237007753909 -14.895679721912314 -11.544002041645403
8.41683366733467 -8.203765824421279 -11.967115881656696 -10.537580267605087 -10.8518636689878 -13.265093576871951 -12.772301039506697 -6.696787010156885 -4.443966482333774 3.2013751217323057 -3.1064720062512126 -1.1995681455169769 -9.274328637391928 -6.958582925134568 -12.801423449859197 -11.241250439043668 -4.774317869976834 -9.477382992430188 -7.853482794263922 -11.93805559293816 -10.491862996295787 -3.7613769532585017 -12.9273810127067 -9.41290081076966 -11.336612126489385 -14.68774331082869 -14.143442065942596 -14.902041711291377 -11.536006904410385
8.47695390781563 -8.18218864702887 -11.957755813989959 -10.523283740843308 -10.840662327008879 -13.260970457248167 -12.766063564693138 -6.670545592281246 -4.407639385368753 3.256844338804094 -3.0788938691781627 -1.1723352322335887 -9.25543499912851 -6.933747159355516 -12.793655264646919 -11.229221570693728 -4.739514325933982 -9.459541198843906 -7.830799232039336 -11.928558705394021 -10.47726940228669 -3.7255667392770775 -12.921887083456784 -9.396061360640484 -11.325680394508186 -14.69154312318826 -14.14361844941842 -14.908344661012316 -11.52803702771891
