web/models/kne/38/mosfit_kn_0.001230_0.1240_10.0000.dat
# %ECSV 1.0
# ---
# datatype:
# - {name: time, datatype: float64}
# - {name: PS1_g, datatype: float64}
# - {name: PS1_i, datatype: float64}
# - {name: PS1_r, datatype: float64}
# - {name: PS1_w, datatype: float64}
# - {name: PS1_y, datatype: float64}
# - {name: PS1_z, datatype: float64}
# - {name: swift_uvot_B, datatype: float64}
# - {name: swift_uvot_U, datatype: float64}
# - {name: swift_uvot_uvm2, datatype: float64}
# - {name: swift_uvot_uvw1, datatype: float64}
# - {name: swift_uvot_uvw2, datatype: float64}
# - {name: swift_uvot_V, datatype: float64}
# - {name: johnson_B, datatype: float64}
# - {name: johnson_I, datatype: float64}
# - {name: johnson_R, datatype: float64}
# - {name: johnson_U, datatype: float64}
# - {name: johnson_V, datatype: float64}
# - {name: sdss_g, datatype: float64}
# - {name: sdss_i, datatype: float64}
# - {name: sdss_r, datatype: float64}
# - {name: sdss_u, datatype: float64}
# - {name: sdss_z, datatype: float64}
# - {name: ATLAS_c, datatype: float64}
# - {name: ATLAS_o, datatype: float64}
# - {name: ukirt_H, datatype: float64}
# - {name: ukirt_J, datatype: float64}
# - {name: ukirt_K, datatype: float64}
# - {name: Clear, datatype: float64}
# meta: !!omap
# - comment: [kappa = 10.0, type = rprocess, mass = 0.0012301715156502338, velocity = 0.12399999999999999, theta_obs = 0.0, tfloor = 1000.0]
# schema: astropy-2.0
time PS1_g PS1_i PS1_r PS1_w PS1_y PS1_z swift_uvot_B swift_uvot_U swift_uvot_uvm2 swift_uvot_uvw1 swift_uvot_uvw2 swift_uvot_V johnson_B johnson_I johnson_R johnson_U johnson_V sdss_g sdss_i sdss_r sdss_u sdss_z ATLAS_c ATLAS_o ukirt_H ukirt_J ukirt_K Clear
[from data line 323]
19.478957915831664 12.701768314502537 3.81993950130326 7.29501027934111 5.327086467837123 0.29674945277799125 1.7144254176251295 16.241674891067024 22.900618988961938 36.78921429299112 18.866201521036494 21.379218027516146 10.661285007373323 15.037737574100834 2.2664261948813094 5.236458961606309 21.869617809710192 9.706262672204586 13.514308415816991 3.9011954534162463 7.523498938837534 23.401724519136764 1.1409978056031278 9.274086849083751 4.821674324473957 -4.652237925137487 -2.502748629647814 -6.012526605610676 3.041192424075767
19.539078156312623 12.711839460518544 3.8300106473192663 7.305081425357116 5.33715761385313 0.3068205987939976 1.7244965636411358 16.25174603708303 22.91069013497795 36.79928543900712 18.8762726670525 21.389289173532152 10.671356153389329 15.04780872011684 2.2764973408973157 5.246530107622315 21.879688955726202 9.716333818220592 13.524379561832998 3.9112665994322526 7.53357008485354 23.411795665152777 1.1510689516191341 9.284157995099758 4.831745470489963 -4.642166779121481 -2.4926774836317898 -6.002455459594669 3.0512635700917734
19.599198396793586 12.721896683414773 3.840067870215478 7.315138648253328 5.347214836749341 0.3168778216902268 1.7345537865373473 16.26180325997926 22.92074735787417 36.809342661903344 18.886329889948723 21.399346396428374 10.681413376285558 15.057865943013052 2.286554563793545 5.256587330518527 21.88974617862242 9.726391041116804 13.534436784729209 3.921323822328482 7.5436273077497695 23.42185288804899 1.1611261745153634 9.29421521799597 4.841802693386192 -4.632109556225269 -2.4826202607355783 -5.99239823669844 3.0613207929880026
19.65931863727455 12.731939995833468 3.8501111826341905 7.3251819606720225 5.357258149168036 0.32692113410892176 1.74459709895606 16.271846572397955 22.930790670292865 36.81938597432204 18.896373202367425 21.409389708847076 10.691456688704253 15.067909255431765 2.29659787621224 5.26663064293724 21.899789491041115 9.736434353535499 13.544480097147904 3.931367134747177 7.5536706201684645 23.43189620046769 1.1711694869340583 9.304258530414664 4.851846005804887 -4.622066243806574 -2.4725769483168833 -5.982354924279745 3.0713641054066976
19.71943887775551 12.741969410544804 3.860140597345527 7.335211375383359 5.36728756387939 0.33695054882025843 1.7546265136673966 16.28187598710929 22.940820085004205 36.829415389033386 18.90640261707876 21.419419123558413 10.70148610341559 15.077938670143102 2.3066272909235765 5.276660057648576 21.90981890575246 9.746463768246835 13.554509511859258 3.9413965494585135 7.563700034879801 23.44192561517903 1.181198901645395 9.314287945126019 4.861875420516224 -4.612036829095238 -2.4625475336055467 -5.9723255095684085 3.0813935201180342
19.779559118236474 12.75198493532507 3.870156122125792 7.345226900163642 5.377303088659655 0.3469660736005231 1.7646420384476613 16.291891511889556 22.950835609784477 36.83943091381365 18.916418141859026 21.429434648338678 10.711501628195855 15.087954194923366 2.3166428157038412 5.286675582428841 21.919834430532724 9.756479293027118 13.564525036639523 3.951412074238778 7.573715559660066 23.451941139959303 1.1912144264256597 9.324303469906283 4.871890945296489 -4.602021304314955 -2.4525320088252642 -5.962309984788144 3.091409044898299
19.839679358717433 12.761986575751365 3.8801577625520878 7.35522854058992 5.387304729085951 0.35696771402681904 1.7746436788739572 16.301893152315852 22.960837250210766 36.84943255423993 18.926419782285322 21.439436288764973 10.72150326862215 15.097955835349662 2.326644456130137 5.296677222855137 21.92983607095902 9.766480933453396 13.574526677065801 3.961413714665074 7.583717200086362 23.46194278038559 1.2012160668519556 9.33430511033258 4.881892585722785 -4.592019663888677 -2.442530368398986 -5.952308344361848 3.101410685324595
19.899799599198396 12.771974340361734 3.8901455271624563 7.365216305200288 5.39729249369632 0.3669554786371876 1.7846314434843258 16.31188091692622 22.97082501482113 36.85942031885031 18.93640754689569 21.449424053375342 10.731491033232519 15.10794359996003 2.3366322207405057 5.306664987465505 21.939823835569392 9.776468698063765 13.584514441676188 3.9714014792754426 7.59370496469673 23.471930544995956 1.2112038314623241 9.344292874942948 4.891880350333153 -4.5820318992783085 -2.4325426037886175 -5.942320579751479 3.1113984499349634
19.95991983967936 12.781948231834352 3.900119418635075 7.375190196672907 5.407266385168921 0.3769293701098064 1.7946053349569446 16.32185480839884 22.98079890629375 36.86939421032292 18.94638143836831 21.45939794484796 10.741464924705138 15.11791749143265 2.3466061122131245 5.316638878938124 21.949797727042 9.786442589536383 13.594488333148789 3.9813753707480615 7.603678856169349 23.481904436468575 1.221177722934943 9.354266766415549 4.901854241805772 -4.57205800780569 -2.4225687123159987 -5.9323466882788605 3.1213723414075822
20.02004008016032 12.79190825940585 3.9100794462065736 7.385150224244406 5.417226412740419 0.3868893976813048 1.804565362528443 16.331814835970338 22.99075893386525 36.879354237894425 18.956341465939808 21.46935797241945 10.751424952276636 15.127877519004148 2.356566139784623 5.326598906509605 21.9597577546135 9.796402617107882 13.604448360720287 3.99133539831956 7.6136388837408475 23.491864464040077 1.2311377505064414 9.364226793987047 4.91181426937727 -4.562097980234191 -2.4126086847445003 -5.922386660707362 3.1313323689790806
20.080160320641284 12.801854435696551 3.920025622497274 7.395096400535106 5.427172589031137 0.3968355739720053 1.8145115388191435 16.34176101226104 23.00070511015595 36.88930041418513 18.96628764223051 21.47930414871016 10.761371128567337 15.137823695294848 2.3665123160753234 5.336545082800323 21.96970393090421 9.806348793398582 13.614394537011005 4.00128157461026 7.623585060031548 23.501810640330774 1.2410839267971419 9.374172970277765 4.921760445667971 -4.552151803943491 -2.4026625084538 -5.912440484416662 3.141278545269781
20.140280561122243 12.811786770913756 3.9299579577144605 7.40502873575231 5.437104924248324 0.4067679091892096 1.82444387403633 16.351693347478225 23.010637445373145 36.899232749402316 18.976219977447702 21.489236483927353 10.771303463784541 15.147756030512035 2.37644465129251 5.34647741801751 21.979636266121403 9.816281128615786 13.624326872228192 4.011213909827465 7.6335173952487345 23.51174297554797 1.2510162620143461 9.384105305494952 4.931692780885175 -4.5422194687262865 -2.3927301732365955 -5.902508149199457 3.1512108804869854
20.200400801603205 12.821705267911891 3.939876454712614 7.414947232750464 5.447023421246477 0.4166864061873454 1.8343623710344836 16.36161184447638 23.02055594237129 36.90915124640047 18.98613847444585 21.4991549809255 10.781221960782677 15.157674527510189 2.3863631482906635 5.356395915015663 21.98955476311955 9.82619962561394 13.634245369226345 4.0211324068256005 7.643435892246888 23.521661472546114 1.260934759012482 9.394023802493106 4.941611277883311 -4.532300971728133 -2.382811676238442 -5.8925896522013215 3.1611293774851212
20.260521042084168 12.83160993679017 3.949781123590892 7.424851901628724 5.4569280901247375 0.4265910750656232 1.8442670399127614 16.371516513354656 23.030460611249566 36.91905591527874 18.996043143324126 21.50905964980377 10.791126629660955 15.167579196388466 2.3962678171689413 5.366300583893923 21.999459431997817 9.8361042944922 13.644150038104605 4.031037075703878 7.653340561125166 23.531566141424392 1.2708394278907598 9.403928471371366 4.951515946761589 -4.522396302849873 -2.372907007360182 -5.882684983323044 3.171034046363399
20.32064128256513 12.84150078261197 3.9596719694126925 7.4347427474505245 5.466818935946538 0.43648192088742377 1.854157885734562 16.381407359176457 23.040351457071367 36.92894676110054 19.00593398914592 21.51895049562557 10.801017475482755 15.177470042210249 2.406158662990742 5.376191429715724 22.009350277819618 9.845995140314 13.654040883926406 4.040927921525679 7.6632314069469665 23.541456987246193 1.2807302737125603 9.413819317193166 4.961406792583389 -4.512505457028072 -2.3630161615383813 -5.872794137501243 3.1809248921851996
20.38076152304609 12.8513778100562 3.969548996856904 7.444619774894754 5.4766959633907675 0.44635894833165324 1.8640349131787737 16.39128438662067 23.05022848451559 36.938823788544774 19.015811016590145 21.528827523069797 10.810894502926985 15.187347069654479 2.4160356904349536 5.386068457159953 22.019227305263847 9.85587216775823 13.663917911370635 4.050804948969908 7.673108434391196 23.551334014690415 1.2906073011567898 9.423696344637396 4.971283820027619 -4.502628429583843 -2.353139134094152 -5.862917110057014 3.190801919629429
20.440881763527052 12.861241032477242 3.9794122192779646 7.454482997315814 5.486559185811828 0.45622217075271365 1.873898135599834 16.40114760904173 23.06009170693665 36.94868701096582 19.025674239011206 21.53869074549085 10.820757725348045 15.197210292075539 2.425898912856014 5.395931679581014 22.0290905276849 9.86573539017929 13.673781133791696 4.060668171390951 7.682971656812239 23.561197237111475 1.3004705235778324 9.433559567058456 4.9811470424486615 -4.492765207162782 -2.3432759116730915 -5.853053887635971 3.2006651420504717
20.501002004008015 12.871090460605696 3.989261647406419 7.464332425444251 5.496408613940265 0.46607159888115035 1.8837475637282886 16.410997037170183 23.069941135065093 36.95853643909427 19.035523667139653 21.548540173619305 10.830607153476482 15.207059720203993 2.4357483409844685 5.40578110770945 22.038939955813344 9.875584818307727 13.683630561920133 4.070517599519405 7.692821084940693 23.57104666523992 1.310319951706287 9.443408995186893 4.990996470577116 -4.482915779034346 -2.3334264835446548 -5.8432044595075165 3.210514570178926
20.561122244488978 12.880926101081283 3.9990972878820052 7.474168065919855 5.5062442544158685 0.4759072393567365 1.8935832042038747 16.42083267764577 23.07977677554068 36.96837207956986 19.04535930761524 21.55837581409489 10.840442793952068 15.21689536067958 2.4455839814600546 5.415616748185054 22.04877559628894 9.885420458783331 13.693466202395737 4.0803532399949916 7.702656725416279 23.580882305715505 1.320155592181873 9.453244635662497 5.000832111052702 -4.473080138558742 -2.3235908430690686 -5.83336881903193 3.2203502106545123
20.62124248496994 12.890747958872009 4.008919145672731 7.483989923710563 5.516066112206595 0.4857290971474626 1.9034050619946008 16.430654535436496 23.089598633331406 36.97819393736058 19.055181165405966 21.568197671885617 10.850264651742794 15.226717218470306 2.4554058392507807 5.42543860597578 22.058597454079667 9.89524231657404 13.703288060186445 4.090175097785718 7.712478583207005 23.59070416350623 1.3299774499725991 9.463066493453223 5.010653968843428 -4.463258280768033 -2.3137689852783425 -5.823546961241204 3.2301720684452384
20.6813627254509 12.900556043965228 4.0187272307659505 7.4937980088037826 5.525874197299814 0.4955371822406818 1.91321314708782 16.440462620529715 23.099406718424625 36.9880020224538 19.064989250499185 21.578005756978836 10.860072736836013 15.236525303563525 2.465213924344 5.435246691069 22.068405539172876 9.905050401667259 13.713096145279664 4.099983182878937 7.7222866683002245 23.60051224859945 1.3397855350658183 9.472874578546424 5.020462053936647 -4.453450195674814 -2.3039609001851233 -5.813738876147985 3.2399801535384576
20.741482965931862 12.91035035949303 4.028521546293753 7.503592324331585 5.535668512827598 0.5053314977684842 1.9230074626156224 16.450256936057517 23.10920103395243 36.997796337981605 19.074783566026976 21.587800072506628 10.869867052363816 15.24631961909131 2.4750082398718023 5.445041006596784 22.078199854700678 9.914844717195061 13.722890460807466 4.109777498406739 7.732080983828027 23.610306564127256 1.3495798505936207 9.482668894074227 5.03025636946445 -4.443655880147012 -2.294166584657321 -5.803944560620183 3.24977446906626
20.801603206412825 12.920130916989105 4.03830210378981 7.51337288182766 5.545449070323674 0.5151120552645594 1.9327880201116798 16.460037493553575 23.118981591448495 37.007576895477676 19.084564123523055 21.597580630002707 10.87964760985989 15.256100176587385 2.4847887973678775 5.4548215640928595 22.087980412196753 9.924625274691136 13.732671018303542 4.119558055902814 7.741861541324102 23.62008712162332 1.359360408089696 9.492449451570302 5.040036926960525 -4.433875322650937 -2.2843860271612457 -5.7941640031241075 3.259555026562335
20.861723446893787 12.929897730193023 4.048068916993728 7.523139695031578 5.555215883527591 0.5248788684684769 1.9425548333155973 16.469804306757492 23.128748404652413 37.01734370868159 19.094330936726973 21.607347443206624 10.889414423063808 15.265866989791302 2.494555610571777 5.464588377296777 22.09774722540067 9.934392087895054 13.74243783150746 4.129324869106732 7.751628354528002 23.62985393482724 1.3691272212936134 9.50221626477422 5.0498037401644424 -4.424108509447019 -2.2746192139573282 -5.78439718992019 3.2693218397662527
20.92184368737475 12.939650806685137 4.0578219934858595 7.5328927715236915 5.564968960019723 0.5346319449605907 1.952307909807729 16.479557383249624 23.138501481144537 37.027096785173704 19.104084013219094 21.617100519698745 10.899167499555922 15.275620066283434 2.504308687063909 5.474341453788909 22.10750030189279 9.944145164387168 13.752190907999573 4.139077945598846 7.7613814310201334 23.639607011319363 1.3788802977857273 9.51196934126635 5.059556816656556 -4.414355432954905 -2.2648661374652144 -5.774644113428076 3.2790749162583666
20.98196392785571 12.94939015091435 4.067561337715073 7.542632115752923 5.5747083042489365 0.5443712891898222 1.9620472540369427 16.489296727478838 23.148240825373758 37.03683612940293 19.113823357448315 21.626839863927966 10.908906843785154 15.285359410512648 2.5140480312931226 5.484080798018122 22.11723964612201 9.9538845086164 13.761930252228805 4.1488172898280595 7.771120775249347 23.649346355548584 1.3886196420149588 9.521708685495565 5.06929616088577 -4.404616088725674 -2.255126793235983 -5.764904769198845 3.288814260487598
21.04208416833667 12.959115773241585 4.077286960042308 7.552357738080158 5.584433926576171 0.5540969115170391 1.9717728763641773 16.499022349806072 23.157966447700993 37.04656175173017 19.123548979775542 21.636565486255193 10.91863246611237 15.295085032839882 2.523773653620357 5.493806420345357 22.12696526844924 9.963610130943634 13.77165587455604 4.158542912155294 7.780846397576582 23.65907197787582 1.3983452643421757 9.5314343078228 5.079021783213005 -4.394890466398439 -2.2454011709087482 -5.755179146871628 3.298539882814815
21.102204408817634 12.968827681877464 4.086998868678187 7.562069646716019 5.594145835212032 0.5638088201529179 1.981484785000056 16.50873425844195 23.167678356336864 37.05627366036604 19.13326088841141 21.64627739489106 10.92834437474825 15.304796941475743 2.533485562256236 5.503518328981218 22.13667717708511 9.973322039579495 13.7813677831919 4.168254820791173 7.790558306212461 23.66878388651169 1.4080571729780544 9.54114621645866 5.0887336918488835 -4.385178557762578 -2.2356892622728872 -5.745467238235749 3.3082517914506937
21.162324649298597 12.978525882610992 4.096697069411697 7.5717678474495465 5.60384403594556 0.5735070208864457 1.9911829857335661 16.51843245917548 23.17737655707039 37.06597186109956 19.14295908914494 21.655975595624593 10.938042575481777 15.314495142209271 2.543183762989764 5.513216529714746 22.14637537781864 9.983020240313023 13.791065983925428 4.177953021524701 7.800256506945988 23.678482087245207 1.4177553737115822 9.550844417192188 5.098431892582411 -4.37548035702905 -2.2259910615393594 -5.735769037502221 3.3179499921842215
