web/models/kne/38/mosfit_kn_0.144270_0.4217_10.0000.dat
# %ECSV 1.0
# ---
# datatype:
# - {name: time, datatype: float64}
# - {name: PS1_g, datatype: float64}
# - {name: PS1_i, datatype: float64}
# - {name: PS1_r, datatype: float64}
# - {name: PS1_w, datatype: float64}
# - {name: PS1_y, datatype: float64}
# - {name: PS1_z, datatype: float64}
# - {name: swift_uvot_B, datatype: float64}
# - {name: swift_uvot_U, datatype: float64}
# - {name: swift_uvot_uvm2, datatype: float64}
# - {name: swift_uvot_uvw1, datatype: float64}
# - {name: swift_uvot_uvw2, datatype: float64}
# - {name: swift_uvot_V, datatype: float64}
# - {name: johnson_B, datatype: float64}
# - {name: johnson_I, datatype: float64}
# - {name: johnson_R, datatype: float64}
# - {name: johnson_U, datatype: float64}
# - {name: johnson_V, datatype: float64}
# - {name: sdss_g, datatype: float64}
# - {name: sdss_i, datatype: float64}
# - {name: sdss_r, datatype: float64}
# - {name: sdss_u, datatype: float64}
# - {name: sdss_z, datatype: float64}
# - {name: ATLAS_c, datatype: float64}
# - {name: ATLAS_o, datatype: float64}
# - {name: ukirt_H, datatype: float64}
# - {name: ukirt_J, datatype: float64}
# - {name: ukirt_K, datatype: float64}
# - {name: Clear, datatype: float64}
# meta: !!omap
# - comment: [kappa = 10.0, type = rprocess, mass = 0.1442699905917794, velocity = 0.4216666666666667, theta_obs = 0.0, tfloor = 1000.0]
# schema: astropy-2.0
time PS1_g PS1_i PS1_r PS1_w PS1_y PS1_z swift_uvot_B swift_uvot_U swift_uvot_uvm2 swift_uvot_uvw1 swift_uvot_uvw2 swift_uvot_V johnson_B johnson_I johnson_R johnson_U johnson_V sdss_g sdss_i sdss_r sdss_u sdss_z ATLAS_c ATLAS_o ukirt_H ukirt_J ukirt_K Clear
[from data line 171]
10.34068136272545 -4.818787353997127 -10.788525364713237 -8.469915486000197 -9.434499496257747 -13.043245650700808 -12.159136154274321 -2.4473194037043298 1.6640817560573853 12.378405147177688 0.9952423008898319 2.9973949195610463 -6.335962402903122 -3.0341445854859157 -11.921638057325456 -9.660659686559942 1.0521215830398556 -6.785317368298817 -4.267757287214131 -10.735259437580016 -8.357687932767899 2.26756700642861 -12.467626171529904 -6.941170964808823 -9.937117255282484 -15.949621383898261 -14.72704451643091 -16.641095800160844 -10.756290372563004
10.400801603206412 -4.794282783948489 -10.775952669411808 -8.452559539312823 -9.421024505837003 -13.035879204424674 -12.149613475594343 -2.4180577655766653 1.7035872618534145 12.432508228113758 1.0222084016335313 3.025704064105238 -6.313709591521104 -3.007012647824507 -11.910735501184384 -9.646360532860598 1.0900409943356126 -6.764715191143826 -4.242167193992614 -10.7225606500187 -8.33991006465002 2.3066828732337363 -12.459040693940988 -6.921847742526062 -9.923655134733291 -15.950491665082872 -14.724157487465986 -16.64464851785771 -10.746518630317006
10.460921843687375 -4.769996453251686 -10.76350362180051 -8.43536550592729 -9.407683390082173 -13.028595238120708 -12.140190046277954 -2.3890515590259573 1.7427580058148886 12.486142578915938 1.0489255989805106 3.053761526774711 -6.291655869499054 -2.980122946979144 -11.89994385462444 -9.63220344664218 1.1276373063270806 -6.744302474227763 -4.2168040002936635 -10.709986581513533 -8.322296887923297 2.3454671102625113 -12.45054821086823 -6.902703597960755 -9.910326501958853 -15.951380733358974 -14.721318437780598 -16.6481995098022 -10.736853749245494
10.521042084168336 -4.7459221344371905 -10.751174294773449 -8.418328529208328 -9.394471962913045 -13.021390822999788 -12.13086253069159 -2.360293656060036 1.7816030435153254 12.539320562419146 1.0754008970116051 3.081574366324077 -6.269795480024787 -2.9534686741626044 -11.889259499723767 -9.618184054965948 1.1649192873086167 -6.724073698485939 -4.191661268881806 -10.69753327926719 -8.304843479424306 2.3839286923409198 -12.442145540331175 -6.883733249164035 -9.897127185795451 -15.952287202171252 -14.71852527465236 -16.6517478846276 -10.72729219752837
10.581162324649299 -4.722040631153881 -10.738951957026597 -8.401433279492299 -9.38137692643652 -13.014256043630112 -12.121619853184225 -2.3317622980569217 1.8201496408871345 12.592077804525342 1.1016551016215996 3.109163930024043 -6.248110480242926 -2.9270291415343093 -11.878670598445577 -9.604288588445897 1.2019133604886778 -6.704011742424567 -4.166719214832781 -10.685187942415286 -8.287534294394021 2.422094668975241 -12.433822089982591 -6.8649202583726066 -9.884043906826587 -15.953205577144264 -14.71577048458787 -16.655289581266622 -10.717822629433122
10.64128256513026 -4.69837558438714 -10.726852933139313 -8.384699006676275 -9.368415072682144 -13.007204027035506 -12.112476471897207 -2.303484059458781 1.8583648937859822 12.644372949925785 1.1276633680690655 3.1365043416541885 -6.226623167237897 -2.9008295241624045 -11.86819243822126 -9.590534314189771 1.238587613715303 -6.684137808064798 -4.142002144156098 -10.67296697139481 -8.270388856506852 2.459932369747584 -12.42559171540428 -6.846285035605089 -9.871093461183733 -15.954143888670767 -14.71306442007572 -16.65883096324327 -10.708459505388479
10.701402805611222 -4.674915842714125 -10.714869939550908 -8.36811686992263 -9.35557874921317 -13.000229172581541 -12.103426095192287 -2.275446261594417 1.8962647587455808 12.696227131854215 1.153437917395284 3.163608073088039 -6.205323152353153 -2.8748577510761426 -11.857818265326944 -9.576913286563553 1.2749575063081475 -6.664441968815937 -4.117498553068142 -10.660863040504562 -8.253398201522355 2.497457620025205 -12.417448404238769 -6.827818061068385 -9.858268211490735 -15.955099165116199 -14.710402907779672 -16.662369908778643 -10.699196319531232
10.761523046092185 -4.651649308900865 -10.702995044987595 -8.35167726169626 -9.34285963878093 -12.993325362278991 -12.094461859636905 -2.2476351601219333 1.9338665170176308 12.747663141478146 1.1789919584734858 3.1904886308553206 -6.184199155060928 -2.8491007449138235 -11.847540720894429 -9.563416876706576 1.3110397813418895 -6.644913452950953 -4.093195964910965 -10.648868173283113 -8.236552586998549 2.5346875604161134 -12.409385597607727 -6.8095090020111115 -9.845559855168151 -15.956068126168518 -14.707781370689242 -16.665904055810042 -10.690025997642483
10.821643286573146 -4.628611084955043 -10.691252338321071 -8.335408676831264 -9.330282568805739 -12.986511874535633 -12.08560504370972 -2.2200902654293584 1.9711211488333904 12.798619038212845 1.2042884545570236 3.2171075066105073 -6.163284239331273 -2.823595945028576 -11.837382337654294 -9.550070635074583 1.3467869059817228 -6.6255837061480145 -4.069130482733012 -10.637006573238423 -8.219880913971682 2.571573526153319 -12.401423677007735 -6.791388118988841 -9.83299321977304 -15.957062397494713 -14.705214922015111 -16.66944253016412 -10.680969880957427
10.881763527054108 -4.605769855658881 -10.679620839756652 -8.31928598725673 -9.31782571929233 -12.979772235392577 -12.07683731182275 -2.19277615325269 2.008072919160515 12.849152073172188 1.2293610611216548 3.243499378164995 -6.142549065703993 -2.7983097091960514 -11.82732357369676 -9.536852009081944 1.3822417838071455 -6.606424763844935 -4.045269850755151 -10.625257150431544 -8.20335769911436 2.608159440622142 -12.393545100263985 -6.773428548019087 -9.82054650509049 -15.958072608208052 -14.702690948902111 -16.672978269279405 -10.672009316273492
10.941883767535069 -4.583129281395593 -10.668103295566667 -8.303312298816632 -9.305491831514594 -12.973108788039962 -12.068161180104084 -2.1656968624572235 2.0447169620394234 12.899256696584867 1.2542061938368936 3.2696603768067303 -6.1219971538503275 -2.773245831216617 -11.817367035957364 -9.523763775077658 1.4173996878260442 -6.58743994611411 -4.021617811915785 -10.613622659477855 -8.186986093714985 2.64444046366318 -12.385752287091076 -6.75563350604941 -9.808222461211464 -15.959100430855365 -14.700211427269759 -16.676512721258675 -10.66314670808115
11.002004008016032 -4.5607184841556325 -10.656719726452284 -8.287511271338186 -9.29330151935698 -12.966537577243251 -12.059594347996807 -2.1388851610025226 2.0810126403222995 12.948881696524236 1.2787931941923074 3.2955585834397785 -6.101655948786473 -2.7484353467320983 -11.807531456314575 -9.510827134867032 1.4522212148864777 -6.568655341090836 -3.9982043151563573 -10.602123215407477 -8.170790096478697 2.6803762513229046 -12.378062189035912 -6.738028103393727 -9.79604170359357 -15.960155577012337 -14.697788954098579 -16.680053527611506 -10.654399776100991
11.062124248496994 -4.538512261740841 -10.645453285667568 -8.27186270385356 -9.281237250831484 -12.96004539863807 -12.05112210677326 -2.1123125258867423 2.1169956204784235 12.998073274238099 1.3031491779686282 3.321221924933383 -6.081501848150375 -2.7238511663754434 -11.797801149490763 -9.498023961320083 1.4867409324978698 -6.55004845152227 -3.975003397827006 -10.590741882307455 -8.154749220340225 2.71600219373223 -12.370460736634783 -6.720590732604013 -9.783986716837827 -15.961230581473412 -14.695413444480925 -16.68359508774534 -10.645753544006524
11.122244488977955 -4.516505943519977 -10.634301053627429 -8.256362968744089 -9.269295909218673 -12.953630093049373 -12.042741987591032 -2.0859736005607585 2.152672725281839 13.046840775312486 1.3272794082947574 3.346655702407976 -6.061530539533522 -2.6994881742885686 -11.788173431026127 -9.48535099172797 1.5209654460897926 -6.531615142970463 -3.9520102294407344 -10.579475720924574 -8.138859787254251 2.751325053060878 -12.362945576957092 -6.703317442845442 -9.77205439449925 -15.962324459271834 -14.69308337555402 -16.687136793837794 -10.637205392059599
11.182364729458918 -4.494727090212454 -10.623281980982213 -8.241034458469176 -9.25749700038077 -12.947306849834046 -12.03447074581808 -2.0598993957102527 2.188005495432712 13.095135773524454 1.351154893148561 3.371829714478466 -6.041767999659958 -2.6753757340584845 -11.77866603122257 -9.472828283040464 1.5548574662142722 -6.513380100256449 -3.929253152828611 -10.568343770947397 -8.123144511463494 2.7863066477491216 -12.35553275500779 -6.686231996014769 -9.760264243976184 -15.963446405420033 -14.690810672969937 -16.690685881218187 -10.628772083086382
11.242484969939879 -4.473154968000905 -10.612382239333424 -8.22586057200354 -9.245826125126921 -12.941064850702233 -12.026296320345278 -2.034066433780267 2.2230233094890117 13.142996381365904 1.374797964074404 3.3967669513143908 -6.022194818821245 -2.6514915475781327 -11.769266080853981 -9.460440941782313 1.5884454644949453 -6.49532482201131 -3.9067108056232946 -10.557332130184509 -8.107586556330908 2.8209761278930223 -12.348210736319487 -6.669316626407458 -9.748601880159953 -15.964590342452723 -14.688587095059711 -16.694237812339093 -10.620441326638161
11.302605210420841 -4.451799027308319 -10.60160848124255 -8.210849075699347 -9.234290070252928 -12.9349095237216 -12.018224652963898 -2.0084852946749185 2.257713139996902 13.190406605864538 1.3981988714437503 3.4214571549150787 -6.0028199524541686 -2.627845606809242 -11.759979828663145 -9.448195913532988 1.621716805531317 -6.477457795968548 -3.88439289186703 -10.546447479219534 -8.092193801091607 2.855320554444898 -12.340985215683347 -6.652579521109505 -9.737074095707214 -15.965759726079508 -14.686416994257259 -16.697795394476934 -10.612218984289576
11.362725450901802 -4.430664449180579 -10.590964458471568 -8.19600428683648 -9.222892622160064 -12.928843993531451 -12.010259134311099 -1.9831617425541304 2.2920679524341736 13.237358098621637 1.4213524034265217 3.4458947686284316 -5.983648343227153 -2.6044433365571114 -11.750810814756829 -9.436097050437883 1.6546646640024387 -6.459783690289702 -3.8623047217511086 -10.535693583444505 -8.076970626825855 2.889332936802287 -12.3338594455379 -6.636025194569104 -9.725684683836953 -15.966956655408847 -14.684302934620613 -16.701360386973413 -10.60410834477846
11.422845691382765 -4.409734519035826 -10.580439057298676 -8.18131284226995 -9.211622198888438 -12.92285958766259 -12.002390084446475 -1.9580768383418345 2.3261114688232 13.283881697711394 1.4442765896596481 3.4700983425480705 -5.9646643527739345 -2.581266748029187 -11.741748702519114 -9.424132366792357 1.6873120278739395 -6.442287597466991 -3.8404290708048983 -10.52505926916698 -8.061903480270995 2.923036811590496 -12.326824171106114 -6.619639336290941 -9.714422074466711 -15.968176300403464 -14.682238331791096 -16.704929207488025 -10.596099532494812
11.482965931863728 -4.389024374773012 -10.57004278014082 -8.166787093913364 -9.200489570060864 -12.916964782342273 -11.994626826047998 -1.933247582778349 2.359822658956947 13.329951196344908 1.4669556365107899 3.494051350739259 -5.945882279668909 -2.5583319174613135 -11.732803332212207 -9.412312912376521 1.7196385059081076 -6.424983085468889 -3.8187814974898693 -10.514555086027997 -8.047004892420482 2.956411297505479 -12.319888320733625 -6.603435019189092 -9.703297041060033 -15.969423893444961 -14.680229894465116 -16.708506025530397 -10.588201816270466
11.543086172344688 -4.3685405530546895 -10.559780288488838 -8.152432447237459 -9.189499465219342 -12.911163417655782 -11.986973545821353 -1.9086812732091218 2.3931925716035884 13.375555787055898 1.4893828864011032 3.517746738294051 -5.927308338110653 -2.5356457216792134 -11.723979091086118 -9.40064351106913 1.751635416198798 -6.4078760302410105 -3.797368708058393 -10.504185713785024 -8.032280348467395 2.98944750229559 -12.313055907167634 -6.587417919565226 -9.69231431900429 -15.970701941278303 -14.678280734603868 -16.712092907893027 -10.580419288776284
11.603206412825651 -4.348265778136291 -10.549640076010274 -8.138235079486638 -9.17863990367648 -12.905446502492754 -11.979420214034988 -1.8843583408982234 2.4262457068331322 13.420727253806369 1.5115769413827533 3.541203662571754 -5.9089263575311195 -2.5131895794198162 -11.715265274503565 -9.389111768943625 1.7833265009207078 -6.390951021644608 -3.776172901580175 -10.493939584460872 -8.017715828425924 3.0221697355746713 -12.306317341180435 -6.571573243118305 -9.681461938690106 -15.972005415146256 -14.676384014629418 -16.715686113121958 -10.572741732634299
11.663326653306612 -4.328209803427239 -10.539628980473292 -8.124202989177647 -9.167917868304407 -12.89981959934238 -11.97197292800345 -1.860289714880664 2.4589685871364964 13.46544900033281 1.5335277188383327 3.564411521433183 -5.89074557316484 -2.4909738108005404 -11.706668300013725 -9.377724832962333 1.8146986911449292 -6.374216809849853 -3.7552040956134647 -10.48382356500607 -8.003319447686135 3.054564613074575 -12.29967846340351 -6.555909430097273 -9.670746887551616 -15.973337825190953 -14.674544177733464 -16.71928847717737 -10.565175169322067
11.723446893787575 -4.308381969625454 -10.529753556913537 -8.110343839807346 -9.157340048628786 -12.894288044754365 -11.964637535700806 -1.8364858596972333 2.4913483104162104 13.509705169850022 1.555225578797668 3.587360167466859 -5.872774832367054 -2.4690082932537334 -11.698194320452632 -9.366489546580336 1.8457394765949142 -6.357681773600878 -3.7344718831217527 -10.4738442382207 -7.989098982202236 3.0866193218731652 -12.293144874802895 -6.540434564013733 -9.660175859700502 -15.97470254498926 -14.672765489688986 -16.722902728532794 -10.55772536649389
11.783567134268537 -4.288768687721731 -10.520004790703386 -8.09664677918649 -9.146897045969471 -12.888844818113032 -11.957406193863545 -1.8129313696028782 2.5234041873336466 13.553520896200585 1.5766851908658102 3.6100646897436275 -5.855001425752289 -2.447278394188061 -11.689834955509124 -9.355396178798074 1.8764675695067967 -6.341333797204613 -3.7139622585376664 -10.463992540405851 -7.975043424899582 3.1183530215939648 -12.286709078242364 -6.525137018367353 -9.649739465852605 -15.976095691418713 -14.671042634719969 -16.726526002797858 -10.550384317374508
11.843687374749498 -4.269374750838608 -10.510386142915973 -8.083115795166744 -9.136592355792086 -12.883492796671465 -11.950282027450001 -1.7896315803017615 2.5551296984732375 13.596888425609205 1.5979017270800537 3.632519941254927 -5.837429923252782 -2.4257891331386046 -11.681593469097226 -9.344448283394879 1.9068766463380515 -6.325177193685627 -3.6936801351491333 -10.454271945249758 -7.961156822898907 3.1497592347946224 -12.280374069445852 -6.510020966449908 -9.639441206588 -15.977519187376231 -14.669377968230267 -16.73015990699573 -10.543155054056346
11.90380761523046 -4.250211099778394 -10.500905245777172 -8.069759837645112 -9.126433782692605 -12.878238166211151 -11.943271828350266 -1.766598764964985 2.5865096826773737 13.639789013273266 1.618863846198924 3.654714008883954 -5.820070674275446 -2.4045520997337673 -11.673477017664588 -9.333653852246659 1.9369520084618297 -6.309221768037749 -3.673636753458105 -10.44469011816572 -7.947448257438463 3.1808229070149174 -12.274146351008248 -6.495095863820257 -9.629288890215602 -15.978976893970525 -14.667776408324647 -16.733807539290325 -10.536044295160156
