web/models/kne/38/mosfit_kn_0.001230_0.1397_3.6500.dat
# %ECSV 1.0
# ---
# datatype:
# - {name: time, datatype: float64}
# - {name: PS1_g, datatype: float64}
# - {name: PS1_i, datatype: float64}
# - {name: PS1_r, datatype: float64}
# - {name: PS1_w, datatype: float64}
# - {name: PS1_y, datatype: float64}
# - {name: PS1_z, datatype: float64}
# - {name: swift_uvot_B, datatype: float64}
# - {name: swift_uvot_U, datatype: float64}
# - {name: swift_uvot_uvm2, datatype: float64}
# - {name: swift_uvot_uvw1, datatype: float64}
# - {name: swift_uvot_uvw2, datatype: float64}
# - {name: swift_uvot_V, datatype: float64}
# - {name: johnson_B, datatype: float64}
# - {name: johnson_I, datatype: float64}
# - {name: johnson_R, datatype: float64}
# - {name: johnson_U, datatype: float64}
# - {name: johnson_V, datatype: float64}
# - {name: sdss_g, datatype: float64}
# - {name: sdss_i, datatype: float64}
# - {name: sdss_r, datatype: float64}
# - {name: sdss_u, datatype: float64}
# - {name: sdss_z, datatype: float64}
# - {name: ATLAS_c, datatype: float64}
# - {name: ATLAS_o, datatype: float64}
# - {name: ukirt_H, datatype: float64}
# - {name: ukirt_J, datatype: float64}
# - {name: ukirt_K, datatype: float64}
# - {name: Clear, datatype: float64}
# meta: !!omap
# - comment: [kappa = 3.65, type = rprocess, mass = 0.0012301715156502338, velocity = 0.13966666666666672, theta_obs = 0.0, tfloor = 1000.0]
# schema: astropy-2.0
time PS1_g PS1_i PS1_r PS1_w PS1_y PS1_z swift_uvot_B swift_uvot_U swift_uvot_uvm2 swift_uvot_uvw1 swift_uvot_uvw2 swift_uvot_V johnson_B johnson_I johnson_R johnson_U johnson_V sdss_g sdss_i sdss_r sdss_u sdss_z ATLAS_c ATLAS_o ukirt_H ukirt_J ukirt_K Clear
[from data line 264]
15.931863727454909 12.367795787595934 3.4859669743966393 6.961037752434489 4.9931139409305025 -0.0372230741286117 1.3804528907185087 15.907702364160421 22.56664646205533 36.455241766084505 18.53222899412989 21.045245500609536 10.32731248046672 14.703765047194214 1.9324536679747064 4.902486434699688 21.535645282803582 9.372290145297965 13.18033588891037 3.5672229265096433 7.189526411930931 23.067751992230157 0.8070252786965249 8.94011432217713 4.487701797567354 -4.986210452044108 -2.836721156554417 -6.346499132517279 2.707219897169164
15.991983967935871 12.379640529791587 3.4978117165922917 6.9728824946301415 5.004958683126155 -0.02537833193295924 1.3922976329141612 15.919547106356056 22.578491204250977 36.467086508280154 18.544073736325544 21.057090242805184 10.339157222662372 14.715609789389866 1.944298410170341 4.914331176895341 21.547490024999234 9.384134887493618 13.192180631106023 3.579067668705296 7.2013711541265835 23.079596734425802 0.8188700208921773 8.951959064372783 4.499546539763006 -4.974365709848455 -2.8248764143587644 -6.334654390321626 2.7190646393648166
16.052104208416832 12.391467440238397 3.50963862703912 6.984709405076952 5.0167855935729655 -0.01355142148614874 1.4041245433609895 15.931374016802884 22.590318114697794 36.47891341872697 18.555900646772354 21.068917153252006 10.350984133109183 14.727436699836694 1.9561253206171694 4.926158087342169 21.559316935446045 9.395961797940428 13.204007541552834 3.5908945791521063 7.213198064573394 23.09142364487262 0.8306969313389878 8.963785974819594 4.511373450209817 -4.962538799401645 -2.813049503911954 -6.322827479874816 2.730891549811627
16.112224448897795 12.403276536987597 3.52144772378832 6.99651850182617 5.028594690322183 -0.001742324736948575 1.4159336401101896 15.943183113552085 22.602127211446998 36.49072251547618 18.567709743521554 21.080726250001206 10.362793229858383 14.739245796585895 1.9679344173663695 4.937967184091369 21.571126032195252 9.407770894689646 13.215816638302051 3.6027036759013065 7.225007161322594 23.103232741621824 0.842506028088188 8.975595071568812 4.523182546959017 -4.950729702652427 -2.8012404071627537 -6.3110183831256155 2.7427006465608272
16.172344689378757 12.415067828957316 3.5332390157580207 7.0083097937958705 5.040385982291884 0.010048967232769712 1.4277249320798902 15.954974405521785 22.613918503416706 36.50251380744589 18.579501035491273 21.092517541970917 10.374584521828101 14.751037088555595 1.97972570933607 4.94975847606107 21.582917324164963 9.419562186659347 13.227607930271752 3.6144949678710248 7.236798453292312 23.11502403359153 0.8542973200579063 8.987386363538512 4.534973838928735 -4.938938410682726 -2.7894491151930354 -6.299227091155897 2.7544919385305455
16.23246492985972 12.426841335459073 3.545012522259796 7.020083300297628 5.052159488793659 0.021822473734527392 1.4394984385816656 15.96674791202356 22.625692009918474 36.514287313947655 18.59127454199303 21.104291048472682 10.386358028329859 14.76281059505737 1.9914992158378455 4.961531982562845 21.59469083066673 9.431335693161104 13.239381436773527 3.6262684743727824 7.24857195979407 23.1267975400933 0.8660708265596639 8.999159870040288 4.546747345430493 -4.927164904180969 -2.7776756086912777 -6.2874535846541395 2.766265445032303
16.29258517034068 12.438597073741953 3.5567682605426576 7.031839038580507 5.063915227076521 0.03357821201740663 1.451254176864527 15.978503650306422 22.637447748201343 36.52604305223053 18.60303028027591 21.11604678675555 10.398113766612738 14.774566333340232 2.0032549541207247 4.973287720845707 21.6064465689496 9.443091431443984 13.251137175056389 3.6380242126556617 7.260327698076949 23.13855327837617 0.8778265648425432 9.010915608323149 4.558503083713372 -4.915409165898089 -2.7659198704083985 -6.27569784637126 2.7780211833151824
16.352705410821642 12.450335059229065 3.56850624602977 7.04357702406762 5.075653212563633 0.045316197504519096 1.4629921623516395 15.990241635793552 22.649185733688455 36.537781037717636 18.614768265763022 21.127784772242666 10.40985175209985 14.786304318827344 2.014992939607837 4.985025706332819 21.618184554436713 9.454829416931096 13.262875160543501 3.649762198142774 7.272065683564062 23.15029126386328 0.8895645503296556 9.022653593810261 4.570241069200485 -4.903671180410977 -2.754181884921286 -6.263959860884148 2.789759168802295
16.412825651302605 12.462055300873907 3.5802264876746293 7.055297265712479 5.0873734542084925 0.05703643914937828 1.4747124039964987 16.001961877438394 22.660905975333314 36.54950127936249 18.626488507407863 21.139505013887515 10.42157199374471 14.798024560472204 2.0267131812526786 4.996745947977678 21.62990479608156 9.466549658575955 13.27459540218836 3.6614824397876156 7.283785925208903 23.16201150550814 0.9012847919744971 9.03437383545512 4.581961310845326 -4.891950938766118 -2.742461643276427 -6.252239619239306 2.8014794104471363
16.472945891783567 12.473757806178494 3.5919289929792164 7.0669997710170485 5.099075959513062 0.06873894445394768 1.4864149093010859 16.01366438274298 22.67260848063789 36.561203784667065 18.63819101271245 21.151207519192095 10.43327449904928 14.80972706577679 2.038415686557266 5.008448453282248 21.64160730138614 9.478252163880525 13.28629790749293 3.6731849450922027 7.29548843051349 23.173714010812716 0.9129872972790842 9.04607634075969 4.593663816149913 -4.880248433461548 -2.7307591379718574 -6.240537113934719 2.8131819157517235
16.53306613226453 12.485442588824647 3.6036137756253694 7.0786845536632015 5.110760742159215 0.0804237271001007 1.498099691947239 16.025349165389134 22.684293263284047 36.57288856731322 18.649875795358604 21.162892301838244 10.444959281695432 14.821411848422944 2.050100469203419 5.020133235928401 21.653292084032294 9.489936946526678 13.297982690139083 3.6848697277383557 7.307173213159643 23.185398793458873 0.9246720799252373 9.057761123405843 4.605348598796066 -4.868563650815395 -2.7190743553257044 -6.228852331288566 2.8248666983978765
16.59318637274549 12.497109664414143 3.615280851214866 7.090351629252698 5.122427817748729 0.09209080268959724 1.5097667675367354 16.03701624097863 22.69596033887354 36.584555642902714 18.6615428709481 21.17455937742775 10.456626357284929 14.83307892401244 2.0617675447929154 5.031800311517915 21.6649591596218 9.501604022116174 13.309649765728597 3.6965368033278523 7.31884028874914 23.197065869048366 0.9363391555147338 9.069428198995357 4.617015674385563 -4.856896575225899 -2.707407279736208 -6.21718525569907 2.836533773987373
16.65330661322645 12.50875904481326 3.626930231613983 7.102001009651833 5.134077198147846 0.10374018308871413 1.5214161479358523 16.048665621377747 22.70760971927266 36.59620502330184 18.673192251347217 21.18620875782687 10.468275737684046 14.844728304411557 2.0734169251920322 5.043449691917032 21.676608540020915 9.513253402515309 13.321299146127714 3.708186183726969 7.330489669148257 23.208715249447486 0.9479885359138507 9.081077579394474 4.62866505478468 -4.845247194826764 -2.695757899337091 -6.205535875299953 2.84818315438649
16.713426853707414 12.520390736090121 3.638561922890826 7.113632700928676 5.145708889424689 0.11537187436557517 1.5330478392126956 16.06029731265459 22.71924141054951 36.60783671457868 18.68482394262406 21.19784044910372 10.479907428960907 14.8563599956884 2.0850486164688755 5.055081383193875 21.68824023129777 9.524885093792152 13.332930837404557 3.71981787500383 7.3421213604251 23.220346940724337 0.9596202271907117 9.092709270671318 4.640296746061541 -4.833615503549921 -2.68412620806023 -6.193904184023092 2.859814845663351
16.773547094188377 12.532004747905976 3.650175934706681 7.125246712744531 5.157322901240544 0.12698588618142992 1.5446618510285504 16.071911324470445 22.730855422365366 36.61945072639454 18.696437954439933 21.209454460919577 10.491521440776761 14.867974007504255 2.0966626282847303 5.06669539500973 21.699854243113624 9.536499105608007 13.344544849220412 3.731431886819685 7.353735372240955 23.23196095254019 0.9712342390065665 9.104323282487172 4.6519107578773955 -4.822001491734066 -2.672512196244375 -6.182290172207237 2.8714288574792057
16.83366733466934 12.543601085005278 3.661772271806001 7.136843049843851 5.168919238339864 0.1385822232807321 1.5562581881278703 16.083507661569765 22.74245175946468 36.63104706349386 18.708034291539235 21.221050798018886 10.503117777876064 14.879570344603575 2.10825896538405 5.07829173210905 21.711450580212933 9.548095442707327 13.356141186319732 3.743028223918987 7.365331709340275 23.243557289639504 0.9828305761058687 9.115919619586492 4.663507094976698 -4.810405154634746 -2.660915859145073 -6.170693835107935 2.883025194578508
16.8937875751503 12.55517976047619 3.673350947276912 7.148421725314744 5.180497913810758 0.1501608987516434 1.5678368635987816 16.095086337040676 22.754030434935586 36.64262573896476 18.719612967010146 21.232629473489798 10.514696453346975 14.891149020074486 2.1198376408549615 5.089870407579961 21.723029255683837 9.55967411817822 13.367719861790626 3.7546068993898984 7.376910384811186 23.255135965110412 0.99440925157678 9.127498295057386 4.675085770447609 -4.798826479163853 -2.6493371836741617 -6.1591151596370235 2.894603870049419
16.95390781563126 12.566740785101178 3.684911971901901 7.159982749939751 5.192058938435764 0.1617219233766498 1.5793978882237703 16.106647361665665 22.765591459560586 36.654186763589756 18.731173991635142 21.244190498114786 10.526257477971981 14.902710044699475 2.13139866547995 5.10143143220495 21.734590280308836 9.571235142803227 13.379280886415632 3.766167924014887 7.388471409436175 23.26669698973541 1.0059702762017686 9.139059319682392 4.686646795072598 -4.787265454538846 -2.6377761590491553 -6.147554135012035 2.9061648946744256
17.014028056112224 12.578284165407876 3.6964553522085986 7.171526130246448 5.203602318742462 0.17326530368334758 1.590941268530468 16.118190741972363 22.777134839867283 36.665730143896454 18.74271737194184 21.255733878421484 10.537800858278679 14.914253425006173 2.142942045786648 5.112974812511648 21.746133660615534 9.582778523109925 13.39082426672233 3.777711304321585 7.4000147897428725 23.27824037004211 1.0175136565084664 9.15060269998909 4.698190175379295 -4.7757220742321485 -2.6262327787424575 -6.136010754705337 2.9177082749811234
17.074148296593187 12.58980990819218 3.7079810949929026 7.183051873030735 5.215128061526748 0.1847910464676339 1.602467011314772 16.129716484756667 22.78866058265158 36.67725588668075 18.754243114726137 21.26725962120579 10.549326601062965 14.925779167790477 2.154467788570952 5.124500555295952 21.757659403399828 9.59430426589421 13.402350009506616 3.789237047105889 7.411540532527177 23.289766112826406 1.0290393992927704 9.162128442773376 4.7097159181635995 -4.764196331447862 -2.614707035958171 -6.124485011921033 2.9292340177654097
17.13426853707415 12.601318023160601 3.719489209961324 7.194559987999156 5.22663617649517 0.1962991614360554 1.6139751262831936 16.14122459972509 22.800168697620002 36.68876400164917 18.76575122969456 21.27876773617421 10.560834716031387 14.937287282758898 2.1659759035393735 5.136008670264373 21.76916751836825 9.605812380862632 13.413858124475038 3.8007451620743105 7.423048647495598 23.301274227794828 1.040547514261192 9.173636557741798 4.721224033132021 -4.752688216479441 -2.6031989209897497 -6.1129768969526115 2.9407421327338312
17.19438877755511 12.61280851385619 3.7309797006569134 7.2060504786947455 5.238126667190759 0.2077896521316447 1.625465616978783 16.152715090420678 22.811659188315588 36.70025449234476 18.777241720390148 21.2902582268698 10.572325206726976 14.948777773454488 2.177466394234963 5.1474991609599625 21.78065800906384 9.617302871558222 13.425348615170627 3.8122356527698997 7.434539138191187 23.312764718490413 1.0520380049567812 9.185127048437387 4.73271452382761 -4.741197725783851 -2.5917084302941604 -6.101486406257022 2.9522326234294205
17.25450901803607 12.62428138751158 3.7424525743123027 7.217523352350135 5.249599540846148 0.21926252578703398 1.6369384906341722 16.164187964076067 22.82313206197098 36.711727366000154 18.788714594045526 21.301731100525178 10.583798080382365 14.96025064710986 2.188939267890352 5.158972034615334 21.792130882719228 9.628775745213611 13.436821488826016 3.823708526425289 7.446012011846577 23.324237592145806 1.0635108786121705 9.196599922092776 4.744187397483 -4.729724852128462 -2.580235556638771 -6.090013532601633 2.96370549708481
17.314629258517034 12.635736655397665 3.7539078421983696 7.228978620236219 5.261054808732233 0.23071779367311862 1.648393758520239 16.17564323196215 22.834587329857055 36.72318263388623 18.80016986193161 21.313186368411262 10.59525334826845 14.971705914995944 2.2003945357764367 5.170427302501419 21.803586150605312 9.640231013099696 13.4482767567121 3.8351637943113737 7.457467279732661 23.33569286003188 1.0749661464982552 9.208055189978861 4.755642665369084 -4.718269584242377 -2.5687802887526865 -6.078558264715548 2.9751607649708944
17.374749498997996 12.647174325514534 3.765345512315257 7.240416290353089 5.272492478849102 0.2421554637899881 1.6598314286371263 16.18708090207902 22.846024999973935 36.73462030400311 18.81160753204848 21.324624038528132 10.60669101838532 14.983143585112813 2.211832205893306 5.181864972618288 21.815023820722182 9.651668683216565 13.45971442682897 3.846601464428243 7.468904949849531 23.34713053014876 1.0864038166151246 9.21949286009573 4.767080335485954 -4.706831914125508 -2.557342618635817 -6.067120594598679 2.986598435087764
17.43486973947896 12.658594403175716 3.7767655899764385 7.251836368014271 5.283912556510302 0.2535755414511698 1.671251506298308 16.198500979740203 22.857445077635113 36.74604038166429 18.823027609709673 21.336044116189324 10.618111096046501 14.994563662774013 2.223252283554488 5.193285050279488 21.826443898383374 9.663088760877747 13.471134504490152 3.858021542089425 7.4803250275107125 23.35855060780994 1.0978238942763063 9.23091293775693 4.778500413147135 -4.695411836464326 -2.5459225409746353 -6.055700516937497 2.9980185127489456
17.494989979959918 12.669996894075535 3.7881680808762574 7.2632388589140895 5.295315047410103 0.2649780323509887 1.682653997198127 16.209903470640022 22.86884756853493 36.757442872564106 18.83443010060949 21.347446607089143 10.62951358694632 15.005966153673832 2.234654774454307 5.2046875411793065 21.837846389283182 9.674491251777566 13.482536995389971 3.8694240329892438 7.491727518410531 23.369953098709757 1.1092263851761253 9.242315428656731 4.789902904046954 -4.684009345564507 -2.5345200500748164 -6.044298026037678 3.0094210036487645
17.55511022044088 12.681381802566776 3.7995529893674984 7.2746237674053305 5.306699955901362 0.2763629408422297 1.6940389056893679 16.221288379131263 22.880232477026176 36.76882778105536 18.845815009100733 21.358831515580384 10.640898495437561 15.017351062165073 2.246039682945548 5.2160724496705475 21.84923129777443 9.685876160268807 13.49392190388123 3.8808089414804847 7.503112426901772 23.381338007201002 1.1206112936673662 9.25370033714799 4.801287812538195 -4.672624437073266 -2.5231351415835754 -6.032913117546437 3.0208059121400055
17.615230460921843 12.692749140240576 3.8109203270412806 7.28599110507913 5.318067293575144 0.2877302785160296 1.70540624336315 16.232655716805045 22.891599814699966 36.78019511872915 18.857182346774525 21.370198853254177 10.652265833111361 15.028718399838855 2.25740702061933 5.22743978734433 21.860598635448223 9.697243497942607 13.505289241555012 3.8921762791542847 7.514479764575572 23.39270534487479 1.1319786313411662 9.265067674821772 4.812655150211995 -4.661257099399466 -2.5117678039097755 -6.021545779872637 3.0321732498138054
