web/models/kne/38/villar_0.0275_0.4530_1.0000.dat
# %ECSV 1.0
# ---
# datatype:
# - {name: time, datatype: float64}
# - {name: swift_uvot_uvw2, datatype: float64}
# - {name: swift_uvot_uvm2, datatype: float64}
# - {name: swift_uvot_uvw1, datatype: float64}
# - {name: swift_uvot_U, datatype: float64}
# - {name: swift_uvot_B, datatype: float64}
# - {name: swift_uvot_V, datatype: float64}
# - {name: swift_uvot_W, datatype: float64}
# - {name: johnson_U, datatype: float64}
# - {name: johnson_B, datatype: float64}
# - {name: johnson_V, datatype: float64}
# - {name: johnson_R, datatype: float64}
# - {name: johnson_I, datatype: float64}
# - {name: sdss_u, datatype: float64}
# - {name: sdss_g, datatype: float64}
# - {name: sdss_r, datatype: float64}
# - {name: sdss_i, datatype: float64}
# - {name: sdss_z, datatype: float64}
# - {name: PS1_g, datatype: float64}
# - {name: PS1_r, datatype: float64}
# - {name: PS1_i, datatype: float64}
# - {name: PS1_z, datatype: float64}
# - {name: PS1_Y, datatype: float64}
# - {name: PS1_w, datatype: float64}
# - {name: ATLAS_c, datatype: float64}
# - {name: ATLAS_o, datatype: float64}
# - {name: ukirt_J, datatype: float64}
# - {name: ukirt_H, datatype: float64}
# - {name: ukirt_K, datatype: float64}
# - {name: Clear, datatype: float64}
# meta: !!omap
# - comment: [kappa = 1.0, type = villar, mass = 0.027507471329904786, velocity = 0.453, theta_obs = 0.0]
# schema: astropy-2.0
time swift_uvot_uvw2 swift_uvot_uvm2 swift_uvot_uvw1 swift_uvot_U swift_uvot_B swift_uvot_V swift_uvot_W johnson_U johnson_B johnson_V johnson_R johnson_I sdss_u sdss_g sdss_r sdss_i sdss_z PS1_g PS1_r PS1_i PS1_z PS1_Y PS1_w ATLAS_c ATLAS_o ukirt_J ukirt_H ukirt_K Clear
[from data line 283]
4.592874 1.119 6.335 29.57 40.136 28.307 20.319 3.387 38.093 26.021 18.27 9.913 4.927 39.407 24.252 15.404 9.884 5.419 -0.147 0.058 0.037 -0.379 -2.124 11.122 17.674 10.857 -0.308 -3.808 -6.434 -1.91
4.731783 1.642 6.858 30.093 40.659 28.83 20.842 3.911 38.616 26.545 18.793 10.437 5.45 39.93 24.775 15.928 10.408 5.942 0.377 0.582 0.56 0.145 -1.601 11.646 18.197 11.381 0.216 -3.285 -5.911 -1.387
4.874892 2.198 7.414 30.649 41.215 29.386 21.398 4.466 39.172 27.1 19.349 10.992 6.006 40.486 25.331 16.483 10.963 6.498 0.932 1.137 1.116 0.7 -1.045 12.201 18.753 11.936 0.771 -2.729 -5.355 -0.831
5.02233 2.788 8.003 31.238 41.804 29.976 21.987 5.056 39.761 27.69 19.939 11.582 6.595 41.075 25.921 17.073 11.553 7.088 1.522 1.727 1.705 1.29 -0.456 12.791 19.343 12.526 1.361 -2.14 -4.765 -0.242
5.174227 3.414 8.629 31.864 42.43 30.602 22.613 5.682 40.387 28.316 20.565 12.208 7.221 41.701 26.547 17.699 12.179 7.713 2.148 2.353 2.331 1.916 0.17 13.417 19.969 13.152 1.987 -1.514 -4.139 0.384
5.330718 4.078 9.294 32.529 43.095 31.266 23.278 6.346 41.051 28.98 21.229 12.872 7.886 42.365 27.211 18.363 12.843 8.378 2.812 3.017 2.996 2.58 0.834 14.081 20.633 13.816 2.651 -0.849 -3.475 1.049
5.491942 4.783 9.999 33.234 43.8 31.971 23.983 7.052 41.757 29.685 21.934 13.578 8.591 43.071 27.916 19.068 13.549 9.083 3.518 3.722 3.701 3.285 1.54 14.787 21.338 14.521 3.356 -0.144 -2.77 1.754
5.658042 5.532 10.747 33.982 44.548 32.72 24.731 7.8 42.505 30.434 22.683 14.326 9.339 43.819 28.665 19.817 14.297 9.831 4.266 4.471 4.449 4.034 2.288 15.535 22.086 15.27 4.105 0.604 -2.022 2.502
5.829166 6.326 11.542 34.776 45.343 33.514 25.526 8.594 43.299 31.228 23.477 15.12 10.133 44.613 29.459 20.611 15.091 10.626 5.06 5.265 5.244 4.828 3.082 16.329 22.881 16.064 4.899 1.399 -1.227 3.296
6.005465 7.169 12.385 35.62 46.186 34.357 26.369 9.438 44.143 32.071 24.32 15.964 10.977 45.457 30.302 21.454 15.935 11.469 5.904 6.108 6.087 5.671 3.926 17.173 23.724 16.907 5.742 2.242 -0.384 4.14
6.187096 8.064 13.28 36.515 47.081 35.252 27.264 10.332 45.037 32.966 25.215 16.858 11.872 46.352 31.197 22.349 16.829 12.364 6.798 7.003 6.982 6.566 4.821 18.067 24.619 17.802 6.637 3.137 0.511 5.035
6.37422 9.014 14.23 37.464 48.031 36.202 28.214 11.282 45.987 33.916 26.165 17.808 12.821 47.301 32.147 23.299 17.779 13.314 7.748 7.953 7.932 7.516 5.77 19.017 25.569 18.752 7.587 4.087 1.461 5.984
6.567004 10.022 15.238 38.473 49.039 37.21 29.222 12.291 46.996 34.924 27.173 18.817 13.83 48.31 33.155 24.307 18.788 14.322 8.757 8.961 8.94 8.524 6.779 20.026 26.577 19.76 8.595 5.095 2.469 6.993
6.765619 11.092 16.308 39.543 50.109 38.28 30.292 13.361 48.066 35.995 28.243 19.887 14.9 49.38 34.225 25.377 19.858 15.392 9.827 10.031 10.01 9.595 7.849 21.096 27.647 20.83 9.666 6.165 3.539 8.063
6.97024 12.228 17.444 40.679 51.245 39.416 31.428 14.496 49.202 37.13 29.379 21.023 16.036 50.516 35.361 26.513 20.994 16.528 10.962 11.167 11.146 10.73 8.985 22.232 28.783 21.966 10.801 7.301 4.675 9.199
7.181051 13.434 18.649 41.884 52.45 40.622 32.633 15.702 50.407 38.336 30.585 22.228 17.241 51.721 36.567 27.719 22.199 17.733 12.168 12.373 12.351 11.936 10.19 23.437 29.989 23.172 12.007 8.506 5.881 10.404
7.398237 14.713 19.929 43.164 53.73 41.901 33.913 16.982 51.687 39.616 31.864 23.508 18.521 53.001 37.846 28.998 23.479 19.013 13.448 13.652 13.631 13.216 11.47 24.717 31.268 24.451 13.287 9.786 7.16 11.684
7.621991 16.071 21.287 44.522 55.088 43.259 35.271 18.34 53.045 40.974 33.222 24.866 19.879 54.359 39.204 30.357 24.837 20.371 14.806 15.011 14.989 14.574 12.828 26.075 32.626 25.81 14.645 11.144 8.518 13.042
7.852513 17.513 22.729 45.964 56.53 44.701 36.713 19.781 54.486 42.415 34.664 26.307 21.321 55.8 40.646 31.798 26.278 21.813 16.247 16.452 16.431 16.015 14.269 27.516 34.068 27.251 16.086 12.586 9.96 14.484
8.090007 19.043 24.259 47.494 58.06 46.231 38.243 21.312 56.017 43.945 36.194 27.838 22.851 57.331 42.176 33.328 27.809 23.343 17.778 17.982 17.961 17.545 15.8 29.047 35.598 28.781 17.616 14.116 11.49 16.014
8.334684 20.667 25.883 49.118 59.684 47.855 39.867 22.936 57.641 45.569 37.818 29.462 24.475 58.955 43.8 34.952 29.433 24.967 19.402 19.606 19.585 19.169 17.424 30.671 37.222 30.405 19.24 15.74 13.114 17.638
8.586761 22.391 27.607 50.841 61.408 49.579 41.591 24.659 59.364 47.293 39.542 31.185 26.198 60.678 45.524 36.676 31.156 26.691 21.125 21.33 21.309 20.893 19.147 32.394 38.946 32.129 20.964 17.464 14.838 19.361
8.846461 24.221 29.436 52.671 63.237 51.409 43.42 26.489 61.194 49.123 41.371 33.015 28.028 62.508 47.354 38.506 32.986 28.52 22.955 23.16 23.138 22.723 20.977 34.224 40.775 33.959 22.794 19.293 16.667 21.191
9.114017 26.162 31.378 54.613 65.179 53.35 45.362 28.431 63.136 51.065 43.313 34.957 29.97 64.45 49.295 40.448 34.928 30.462 24.897 25.102 25.08 24.665 22.919 36.166 42.717 35.901 24.736 21.235 18.609 23.133
9.389664 28.224 33.439 56.674 67.24 55.412 47.423 30.492 65.197 53.126 45.375 37.018 32.031 66.511 51.357 42.509 36.989 32.523 26.958 27.163 27.141 26.726 24.98 38.227 44.779 37.962 26.797 23.296 20.671 25.194
9.673648 30.411 35.627 58.862 69.428 57.599 49.611 32.68 67.385 55.314 47.562 39.206 34.219 68.699 53.544 44.697 39.177 34.711 29.146 29.351 29.329 28.914 27.168 40.415 46.966 40.15 28.985 25.484 22.858 27.382
9.966221 32.733 37.949 61.184 71.75 59.921 51.933 35.002 69.707 57.636 49.884 41.528 36.541 71.021 55.867 47.019 41.499 37.033 31.468 31.673 31.651 31.236 29.49 42.737 49.288 42.472 31.307 27.806 25.18 29.704
10.267642 35.198 40.414 63.649 74.215 62.386 54.398 37.467 72.172 60.1 52.349 43.993 39.006 73.486 58.331 49.483 43.964 39.498 33.933 34.137 34.116 33.701 31.955 45.202 51.753 44.936 33.772 30.271 27.645 32.169
10.57818 37.814 43.03 66.265 76.831 65.002 57.014 40.083 74.788 62.716 54.965 46.609 41.622 76.102 60.947 52.099 46.58 42.114 36.549 36.753 36.732 36.317 34.571 47.818 54.369 47.552 36.388 32.887 30.261 34.785
10.89811 40.591 45.806 69.041 79.607 67.779 59.791 42.859 77.564 65.493 57.742 49.385 44.398 78.878 63.724 54.876 49.356 44.891 39.325 39.53 39.508 39.093 37.347 50.594 57.146 50.329 39.164 35.664 33.038 37.561
11.227716 43.538 48.754 71.988 82.555 70.726 62.738 45.806 80.511 68.44 60.689 52.332 47.345 81.825 66.671 57.823 52.303 47.838 42.272 42.477 42.456 42.04 40.294 53.541 60.093 53.276 42.111 38.611 35.985 40.509
11.56729 46.666 51.882 75.117 85.683 73.854 65.866 48.934 83.64 71.568 63.817 55.46 50.474 84.954 69.799 60.951 55.431 50.966 45.4 45.605 45.584 45.168 43.423 56.669 63.221 56.404 45.239 41.739 39.113 43.637
11.917135 49.986 55.202 78.437 89.003 77.174 69.186 52.255 86.96 74.889 67.137 58.781 53.794 88.274 73.119 64.271 58.752 54.286 48.721 48.925 48.904 48.489 46.743 59.99 66.541 59.724 48.56 45.059 42.433 46.957
12.277561 53.51 58.726 81.961 92.527 80.698 72.71 55.779 90.484 78.413 70.661 62.305 57.318 91.798 76.643 67.796 62.276 57.81 52.245 52.449 52.428 52.013 50.267 63.514 70.065 63.248 52.084 48.583 45.957 50.481
12.648887 57.251 62.466 85.701 96.267 84.439 76.45 59.519 94.224 82.153 74.402 66.045 61.058 95.538 80.384 71.536 66.016 61.551 55.985 56.19 56.168 55.753 54.007 67.254 73.806 66.989 55.824 52.323 49.698 54.221
13.031444 61.221 66.437 89.671 100.237 88.409 80.421 63.489 98.194 86.123 78.372 70.015 65.028 99.508 84.354 75.506 69.986 65.521 59.955 60.16 60.139 59.723 57.977 71.224 77.776 70.959 59.794 56.294 53.668 58.191
13.425571 65.435 70.65 93.885 104.451 92.623 84.634 67.703 102.408 90.337 82.586 74.229 69.242 103.722 88.568 79.72 74.2 69.735 64.169 64.374 64.352 63.937 62.191 75.438 81.99 75.173 64.008 60.507 57.882 62.405
13.831619 69.907 75.123 98.358 108.924 97.095 89.107 72.176 106.881 94.81 87.058 78.702 73.715 108.195 93.04 84.193 78.673 74.207 68.642 68.847 68.825 68.41 66.664 79.911 86.462 79.646 68.481 64.98 62.354 66.878
14.249947 74.655 79.87 103.105 113.671 101.843 93.854 76.923 111.628 99.557 91.806 83.449 78.462 112.942 97.788 88.94 83.42 78.955 73.389 73.594 73.572 73.157 71.411 84.658 91.21 84.393 73.228 69.727 67.102 71.625
14.680926 79.693 84.909 108.144 118.71 106.881 98.893 81.962 116.667 104.596 96.844 88.488 83.501 117.981 102.826 93.979 88.459 83.993 78.428 78.633 78.611 78.196 76.45 89.697 96.248 89.432 78.267 74.766 72.14 76.664
15.124941 85.042 90.257 113.492 124.058 112.23 104.241 87.31 122.015 109.944 102.193 93.836 88.849 123.329 108.175 99.327 93.807 89.341 83.776 83.981 83.959 83.544 81.798 95.045 101.597 94.78 83.615 80.114 77.489 82.012
15.582385 90.718 95.934 119.169 129.735 117.906 109.918 92.987 127.692 115.62 107.869 99.513 94.526 129.006 113.851 105.003 99.484 95.018 89.453 89.657 89.636 89.221 87.475 100.722 107.273 100.456 89.292 85.791 83.165 87.689
16.053663 96.743 101.959 125.194 135.76 123.931 115.943 99.012 133.717 121.646 113.894 105.538 100.551 135.031 119.876 111.029 105.509 101.043 95.478 95.682 95.661 95.246 93.5 106.747 113.298 106.481 95.317 91.816 89.19 93.714
16.539195 103.138 108.354 131.589 142.155 130.326 122.338 105.407 140.112 128.041 120.289 111.933 106.946 141.426 126.271 117.424 111.904 107.438 101.873 102.078 102.056 101.641 99.895 113.142 119.693 112.877 101.712 98.211 95.585 100.109
17.039412 109.926 115.142 138.377 148.943 137.114 129.126 112.195 146.9 134.828 127.077 118.721 113.734 148.214 133.059 124.211 118.692 114.226 108.661 108.865 108.844 108.429 106.683 119.93 126.481 119.664 108.5 104.999 102.373 106.897
17.554757 117.131 122.346 145.581 156.147 144.319 136.33 119.399 154.104 142.033 134.282 125.925 120.938 155.418 140.264 131.416 125.896 121.431 115.865 116.07 116.048 115.633 113.887 127.134 133.686 126.869 115.704 112.203 109.578 114.101
18.085689 124.778 129.993 153.228 163.794 151.966 143.977 127.046 161.751 149.68 141.929 133.572 128.585 163.065 147.911 139.063 133.543 129.078 123.512 123.717 123.695 123.28 121.534 134.781 141.333 134.516 123.351 119.85 117.225 121.748
18.632678 132.894 138.11 161.345 171.911 160.082 152.094 135.163 169.868 157.797 150.045 141.689 136.702 171.182 156.027 147.179 141.66 137.194 131.629 131.833 131.812 131.397 129.651 142.898 149.449 142.632 131.468 127.967 125.341 129.865
19.196211 141.509 146.725 169.96 180.526 168.697 160.709 143.778 178.483 166.411 158.66 150.304 145.317 179.797 164.642 155.794 150.275 145.809 140.244 140.448 140.427 140.011 138.266 151.513 158.064 151.247 140.082 136.582 133.956 138.48
19.776787 150.653 155.869 179.103 189.67 177.841 169.853 152.921 187.626 175.555 167.804 159.447 154.46 188.94 173.786 164.938 159.418 154.953 149.387 149.592 149.571 149.155 147.409 160.656 167.208 160.391 149.226 145.726 143.1 147.624
20.374923 160.358 165.574 188.809 199.375 187.546 179.558 162.627 197.332 185.261 177.509 169.153 164.166 198.646 183.491 174.644 169.124 164.658 159.093 159.297 159.276 158.861 157.115 170.362 176.913 170.096 158.932 155.431 152.805 157.329
20.991149 170.66 175.875 199.11 209.676 197.848 189.859 172.928 207.633 195.562 187.811 179.454 174.467 208.947 193.793 184.945 179.425 174.959 169.394 169.599 169.577 169.162 167.416 180.663 187.214 180.398 169.233 165.732 163.106 167.63
21.626011 181.593 186.809 210.044 220.61 208.781 200.793 183.862 218.567 206.496 198.744 190.388 185.401 219.881 204.726 195.879 190.359 185.893 180.328 180.533 180.511 180.096 178.35 191.597 198.148 191.331 180.167 176.666 174.04 178.564
22.280075 193.199 198.414 221.649 232.215 220.387 212.398 195.467 230.172 218.101 210.349 201.993 197.006 231.486 216.332 207.484 201.964 197.498 191.933 192.138 192.116 191.701 189.955 203.202 209.753 202.937 191.772 188.271 185.645 190.169
22.953921 205.516 210.732 233.967 244.533 232.704 224.716 207.785 242.49 230.419 222.667 214.311 209.324 243.804 228.649 219.802 214.282 209.816 204.251 204.455 204.434 204.019 202.273 215.52 222.071 215.254 204.09 200.589 197.963 202.487
23.648147 218.59 223.806 247.041 257.607 245.778 237.79 220.859 255.564 243.493 235.741 227.385 222.398 256.878 241.723 232.876 227.356 222.89 217.325 217.53 217.508 217.093 215.347 228.594 235.145 228.329 217.164 213.663 211.037 215.561
24.363369 232.467 237.683 260.918 271.484 259.655 251.667 234.736 269.441 257.37 249.618 241.262 236.275 270.755 255.6 246.753 241.233 236.767 231.202 231.406 231.385 230.97 229.224 242.471 249.022 242.205 231.041 227.54 224.914 229.438
25.100222 247.196 252.412 275.647 286.213 274.384 266.396 249.465 284.17 272.099 264.347 255.991 251.004 285.484 270.329 261.482 255.962 251.496 245.931 246.135 246.114 245.699 243.953 257.2 263.751 256.934 245.77 242.269 239.643 244.167
25.859362 262.83 268.045 291.28 301.846 290.018 282.029 265.098 299.803 287.732 279.981 271.624 266.637 301.117 285.963 277.115 271.595 267.13 261.564 261.769 261.747 261.332 259.586 272.833 279.385 272.568 261.403 257.902 255.277 259.8
26.64146 279.423 284.639 307.874 318.44 306.611 298.623 281.691 316.397 304.325 296.574 288.218 283.231 317.711 302.556 293.708 288.189 283.723 278.157 278.362 278.341 277.925 276.18 289.427 295.978 289.161 277.996 274.496 271.87 276.394
27.447213 297.035 302.251 325.486 336.052 324.223 316.235 299.304 334.009 321.938 314.186 305.83 300.843 335.323 320.168 311.321 305.801 301.335 295.77 295.974 295.953 295.538 293.792 307.039 313.59 306.773 295.609 292.108 289.482 294.006
28.277335 315.729 320.945 344.18 354.746 342.917 334.929 317.997 352.702 340.631 332.88 324.523 319.537 354.017 338.862 330.014 324.494 320.029 314.463 314.668 314.647 314.231 312.486 325.732 332.284 325.467 314.302 310.802 308.176 312.7
29.132564 335.571 340.786 364.021 374.587 362.759 354.77 337.839 372.544 360.473 352.722 344.365 339.378 373.858 358.704 349.856 344.336 339.87 334.305 334.51 334.488 334.073 332.327 345.574 352.125 345.309 334.144 330.643 328.017 332.541
30.013659 356.63 361.846 385.081 395.647 383.818 375.83 358.899 393.604 381.533 373.781 365.425 360.438 394.918 379.763 370.916 365.396 360.93 355.365 355.57 355.548 355.133 353.387 366.634 373.185 366.369 355.204 351.703 349.077 353.601
30.921401 378.984 384.199 407.434 418.0 406.172 398.183 381.252 415.957 403.886 396.134 387.778 382.791 417.271 402.117 393.269 387.749 383.283 377.718 377.923 377.901 377.486 375.74 388.987 395.538 388.722 377.557 374.056 371.43 375.954
31.856598 402.709 407.925 431.16 441.726 429.897 421.909 404.978 439.683 427.611 419.86 411.504 406.517 440.997 425.842 416.994 411.475 407.009 401.444 401.648 401.627 401.211 399.466 412.713 419.264 412.447 401.282 397.782 395.156 399.68
32.820079 427.892 433.107 456.342 466.908 455.08 447.091 430.16 464.865 452.794 445.042 436.686 431.699 466.179 451.025 442.177 436.657 432.191 426.626 426.831 426.809 426.394 424.648 437.895 444.446 437.63 426.465 422.964 420.338 424.862
33.8127 454.62 459.836 483.071 493.637 481.808 473.82 456.889 491.594 479.523 471.771 463.415 458.428 492.908 477.753 468.905 463.386 458.92 453.355 453.559 453.538 453.123 451.377 464.624 471.175 464.358 453.194 449.693 447.067 451.591
34.835342 482.99 488.206 511.441 522.007 510.178 502.19 485.259 519.964 507.892 500.141 491.785 486.798 521.278 506.123 497.275 491.756 487.29 481.725 481.929 481.908 481.493 479.747 492.994 499.545 492.728 481.564 478.063 475.437 479.961
35.888913 513.102 518.318 541.553 552.119 540.29 532.302 515.371 550.076 538.004 530.253 521.897 516.91 551.39 536.235 527.387 521.868 517.402 511.837 512.041 512.02 511.604 509.859 523.106 529.657 522.84 511.675 508.175 505.549 510.073
36.974349 545.063 550.279 573.514 584.08 572.251 564.263 547.331 582.036 569.965 562.214 553.857 548.871 583.351 568.196 559.348 553.828 549.363 543.797 544.002 543.981 543.565 541.819 555.066 561.618 554.801 543.636 540.136 537.51 542.034
38.092613 578.986 584.202 607.437 618.003 606.174 598.186 581.255 615.96 603.889 596.137 587.781 582.794 617.274 602.119 593.272 587.752 583.286 577.721 577.926 577.904 577.489 575.743 588.99 595.541 588.725 577.56 574.059 571.433 575.957
