web/models/kne/38/villar_0.0512_0.1240_1.0000.dat
# %ECSV 1.0
# ---
# datatype:
# - {name: time, datatype: float64}
# - {name: swift_uvot_uvw2, datatype: float64}
# - {name: swift_uvot_uvm2, datatype: float64}
# - {name: swift_uvot_uvw1, datatype: float64}
# - {name: swift_uvot_U, datatype: float64}
# - {name: swift_uvot_B, datatype: float64}
# - {name: swift_uvot_V, datatype: float64}
# - {name: swift_uvot_W, datatype: float64}
# - {name: johnson_U, datatype: float64}
# - {name: johnson_B, datatype: float64}
# - {name: johnson_V, datatype: float64}
# - {name: johnson_R, datatype: float64}
# - {name: johnson_I, datatype: float64}
# - {name: sdss_u, datatype: float64}
# - {name: sdss_g, datatype: float64}
# - {name: sdss_r, datatype: float64}
# - {name: sdss_i, datatype: float64}
# - {name: sdss_z, datatype: float64}
# - {name: PS1_g, datatype: float64}
# - {name: PS1_r, datatype: float64}
# - {name: PS1_i, datatype: float64}
# - {name: PS1_z, datatype: float64}
# - {name: PS1_Y, datatype: float64}
# - {name: PS1_w, datatype: float64}
# - {name: ATLAS_c, datatype: float64}
# - {name: ATLAS_o, datatype: float64}
# - {name: ukirt_J, datatype: float64}
# - {name: ukirt_H, datatype: float64}
# - {name: ukirt_K, datatype: float64}
# - {name: Clear, datatype: float64}
# meta: !!omap
# - comment: [kappa = 1.0, type = villar, mass = 0.051209162050732976, velocity = 0.124, theta_obs = 0.0]
# schema: astropy-2.0
time swift_uvot_uvw2 swift_uvot_uvm2 swift_uvot_uvw1 swift_uvot_U swift_uvot_B swift_uvot_V swift_uvot_W johnson_U johnson_B johnson_V johnson_R johnson_I sdss_u sdss_g sdss_r sdss_i sdss_z PS1_g PS1_r PS1_i PS1_z PS1_Y PS1_w ATLAS_c ATLAS_o ukirt_J ukirt_H ukirt_K Clear
[from data line 284]
4.731783 -9.398 -5.764 -8.416 -10.498 -12.324 -13.606 -11.667 -10.829 -12.378 -13.659 -14.567 -15.164 -10.707 -12.845 -14.184 -14.826 -15.224 -13.135 -14.23 -14.859 -15.19 -15.413 -14.249 -13.552 -14.516 -15.596 -15.612 -15.432 -14.3
4.874892 -9.32 -5.355 -8.066 -10.148 -12.055 -13.399 -11.447 -10.494 -12.114 -13.457 -14.42 -15.058 -10.364 -12.604 -14.01 -14.693 -15.122 -12.92 -14.061 -14.728 -15.083 -15.324 -14.093 -13.351 -14.366 -15.538 -15.579 -15.418 -14.162
5.02233 -9.24 -4.961 -7.693 -9.769 -11.763 -13.173 -11.21 -10.129 -11.827 -13.235 -14.259 -14.94 -9.991 -12.341 -13.819 -14.545 -15.008 -12.689 -13.876 -14.584 -14.965 -15.225 -13.922 -13.132 -14.201 -15.472 -15.539 -15.399 -14.012
5.174227 -9.155 -4.599 -7.298 -9.357 -11.444 -12.925 -10.954 -9.733 -11.515 -12.993 -14.081 -14.809 -9.586 -12.053 -13.609 -14.382 -14.881 -12.44 -13.673 -14.423 -14.833 -15.114 -13.734 -12.893 -14.019 -15.397 -15.493 -15.375 -13.85
5.330718 -9.065 -4.282 -6.876 -8.908 -11.096 -12.652 -10.679 -9.303 -11.175 -12.727 -13.885 -14.664 -9.144 -11.74 -13.378 -14.202 -14.739 -12.174 -13.451 -14.246 -14.686 -14.99 -13.528 -12.631 -13.82 -15.311 -15.438 -15.345 -13.675
5.491942 -8.969 -4.016 -6.428 -8.42 -10.716 -12.353 -10.381 -8.833 -10.803 -12.435 -13.669 -14.502 -8.664 -11.396 -13.124 -14.002 -14.581 -11.89 -13.208 -14.051 -14.522 -14.851 -13.303 -12.345 -13.599 -15.213 -15.375 -15.309 -13.486
5.658042 -8.866 -3.797 -5.949 -7.888 -10.301 -12.025 -10.061 -8.321 -10.397 -12.115 -13.431 -14.323 -8.139 -11.021 -12.845 -13.781 -14.405 -11.59 -12.941 -13.834 -14.341 -14.697 -13.055 -12.031 -13.357 -15.104 -15.302 -15.266 -13.282
5.829166 -8.755 -3.615 -5.437 -7.307 -9.845 -11.664 -9.715 -7.761 -9.953 -11.763 -13.169 -14.123 -7.566 -10.609 -12.536 -13.536 -14.21 -11.275 -12.649 -13.595 -14.139 -14.526 -12.783 -11.687 -13.09 -14.979 -15.219 -15.215 -13.064
6.005465 -8.634 -3.454 -4.889 -6.671 -9.346 -11.266 -9.343 -7.149 -9.466 -11.376 -12.88 -13.902 -6.939 -10.158 -12.196 -13.265 -13.992 -10.948 -12.33 -13.331 -13.915 -14.335 -12.484 -11.31 -12.795 -14.84 -15.123 -15.155 -12.83
6.187096 -8.503 -3.303 -4.299 -5.974 -8.798 -10.828 -8.942 -6.477 -8.933 -10.949 -12.561 -13.656 -6.25 -9.662 -11.821 -12.964 -13.75 -10.614 -11.982 -13.039 -13.666 -14.123 -12.156 -10.896 -12.47 -14.682 -15.015 -15.085 -12.581
6.37422 -8.36 -3.15 -3.665 -5.209 -8.195 -10.344 -8.512 -5.74 -8.347 -10.479 -12.209 -13.383 -5.495 -9.116 -11.405 -12.63 -13.479 -10.28 -11.603 -12.716 -13.389 -13.888 -11.793 -10.439 -12.111 -14.505 -14.891 -15.004 -12.316
6.567004 -8.203 -2.99 -2.978 -4.368 -7.531 -9.808 -8.054 -4.928 -7.703 -9.959 -11.819 -13.079 -4.663 -8.513 -10.945 -12.259 -13.178 -9.951 -11.193 -12.358 -13.082 -13.626 -11.394 -9.937 -11.713 -14.305 -14.751 -14.911 -12.036
6.765619 -8.033 -2.818 -2.234 -3.441 -6.797 -9.215 -7.567 -4.033 -6.992 -9.385 -11.387 -12.741 -3.745 -7.848 -10.434 -11.846 -12.842 -9.633 -10.753 -11.964 -12.739 -13.335 -10.952 -9.381 -11.273 -14.08 -14.591 -14.805 -11.742
6.97024 -7.846 -2.63 -1.424 -2.416 -5.985 -8.556 -7.058 -3.044 -6.208 -8.748 -10.908 -12.364 -2.731 -7.112 -9.867 -11.385 -12.466 -9.33 -10.285 -11.528 -12.359 -13.013 -10.463 -8.767 -10.784 -13.827 -14.41 -14.682 -11.435
7.181051 -7.64 -2.424 -0.54 -1.282 -5.085 -7.823 -6.533 -1.949 -5.34 -8.04 -10.375 -11.943 -1.607 -6.296 -9.235 -10.871 -12.046 -9.038 -9.796 -11.049 -11.935 -12.657 -9.92 -8.087 -10.241 -13.541 -14.205 -14.542 -11.116
7.398237 -7.414 -2.198 0.429 -0.022 -4.085 -7.006 -6.005 -0.732 -4.379 -7.254 -9.783 -11.473 -0.359 -5.389 -8.53 -10.296 -11.574 -8.754 -9.296 -10.524 -11.465 -12.263 -9.316 -7.331 -9.636 -13.218 -13.972 -14.381 -10.786
7.621991 -7.165 -1.949 1.494 1.379 -2.971 -6.093 -5.488 0.623 -3.31 -6.377 -9.123 -10.947 1.031 -4.377 -7.742 -9.651 -11.044 -8.469 -8.798 -9.953 -10.943 -11.83 -8.644 -6.488 -8.961 -12.853 -13.707 -14.197 -10.446
7.852513 -6.889 -1.673 2.669 2.944 -1.726 -5.07 -4.995 2.136 -2.12 -5.397 -8.385 -10.357 2.583 -3.247 -6.858 -8.927 -10.448 -8.173 -8.316 -9.341 -10.368 -11.356 -7.893 -5.548 -8.207 -12.439 -13.405 -13.987 -10.095
8.090007 -6.583 -1.367 3.969 4.697 -0.331 -3.921 -4.53 3.83 -0.791 -4.299 -7.56 -9.694 4.321 -1.981 -5.865 -8.111 -9.776 -7.857 -7.856 -8.698 -9.738 -10.841 -7.051 -4.495 -7.361 -11.969 -13.061 -13.745 -9.73
8.334684 -6.243 -1.027 5.413 6.665 1.237 -2.626 -4.087 5.734 0.698 -3.067 -6.633 -8.947 6.274 -0.557 -4.745 -7.189 -9.016 -7.511 -7.414 -8.042 -9.056 -10.289 -6.104 -3.311 -6.41 -11.435 -12.668 -13.468 -9.345
8.586761 -5.863 -0.647 7.023 8.885 3.004 -1.162 -3.647 7.88 2.37 -1.68 -5.591 -8.106 8.476 1.049 -3.48 -6.146 -8.154 -7.13 -6.975 -7.393 -8.334 -9.704 -5.037 -1.977 -5.338 -10.825 -12.219 -13.149 -8.935
8.846461 -5.438 -0.222 8.827 11.396 5.004 0.498 -3.191 10.308 4.255 -0.114 -4.416 -7.154 10.967 2.866 -2.044 -4.961 -7.175 -6.703 -6.519 -6.766 -7.591 -9.094 -3.83 -0.468 -4.125 -10.128 -11.703 -12.781 -8.49
9.114017 -4.959 0.257 10.857 14.25 7.275 2.387 -2.699 13.065 6.388 1.658 -3.086 -6.074 13.796 4.931 -0.41 -3.61 -6.06 -6.224 -6.027 -6.159 -6.848 -8.462 -2.458 1.246 -2.748 -9.329 -11.109 -12.355 -7.999
9.389664 -4.418 0.798 13.154 17.505 9.866 4.545 -2.152 16.209 8.81 3.671 -1.576 -4.847 17.021 7.286 1.456 -2.064 -4.785 -5.683 -5.481 -5.548 -6.117 -7.807 -0.894 3.202 -1.178 -8.409 -10.425 -11.863 -7.452
9.673648 -3.803 1.413 15.769 21.234 12.833 7.02 -1.535 19.809 11.573 5.964 0.142 -3.448 20.714 9.983 3.598 -0.29 -3.322 -5.069 -4.864 -4.902 -5.389 -7.118 0.898 5.441 0.619 -7.347 -9.633 -11.29 -6.834
9.966221 -3.102 2.114 18.763 25.528 16.247 9.871 -0.833 23.95 14.738 8.587 2.107 -1.848 24.961 13.087 6.064 1.755 -1.639 -4.367 -4.163 -4.189 -4.631 -6.375 2.959 8.019 2.685 -6.115 -8.714 -10.621 -6.132
10.267642 -2.296 2.919 22.213 30.496 20.194 13.171 -0.028 28.736 18.384 11.597 4.361 -0.011 29.869 16.677 8.919 4.124 0.305 -3.562 -3.357 -3.38 -3.803 -5.55 5.343 11.001 5.073 -4.683 -7.643 -9.839 -5.326
10.57818 -1.367 3.848 26.214 36.275 24.783 17.008 0.901 34.295 22.605 15.068 6.958 2.106 35.569 20.847 12.24 6.88 2.558 -2.633 -2.428 -2.45 -2.866 -4.612 8.114 14.468 7.848 -3.008 -6.389 -8.92 -4.397
10.89811 -0.8 4.416 27.651 38.217 26.388 18.4 1.469 36.174 24.103 16.351 7.995 3.008 37.488 22.333 13.486 7.966 3.5 -2.065 -1.861 -1.882 -2.297 -4.043 9.204 15.755 8.938 -2.226 -5.727 -8.353 -3.829
11.227716 -0.366 4.849 28.084 38.65 26.822 18.833 1.902 36.607 24.536 16.785 8.428 3.441 37.921 22.767 13.919 8.399 3.933 -1.632 -1.427 -1.449 -1.864 -3.61 9.637 16.189 9.372 -1.793 -5.294 -7.919 -3.396
11.56729 0.094 5.309 28.544 39.11 27.282 19.293 2.362 37.067 24.996 17.245 8.888 3.901 38.381 23.227 14.379 8.859 4.393 -1.172 -0.967 -0.989 -1.404 -3.15 10.097 16.648 9.832 -1.333 -4.834 -7.46 -2.936
11.917135 0.582 5.797 29.032 39.598 27.77 19.781 2.85 37.555 25.484 17.733 9.376 4.389 38.869 23.715 14.867 9.347 4.882 -0.684 -0.479 -0.501 -0.916 -2.662 10.585 17.137 10.32 -0.845 -4.346 -6.971 -2.448
12.277561 1.1 6.316 29.55 40.117 28.288 20.3 3.368 38.073 26.002 18.251 9.894 4.907 39.387 24.233 15.385 9.865 5.4 -0.166 0.039 0.018 -0.398 -2.144 11.103 17.655 10.838 -0.327 -3.827 -6.453 -1.93
12.648887 1.65 6.866 30.1 40.667 28.838 20.85 3.918 38.623 26.552 18.801 10.444 5.457 39.937 24.783 15.935 10.415 5.95 0.384 0.589 0.568 0.152 -1.594 11.653 18.205 11.388 0.223 -3.277 -5.903 -1.38
13.031444 2.234 7.449 30.684 41.25 29.422 21.433 4.502 39.207 27.136 19.385 11.028 6.041 40.521 25.367 16.519 10.999 6.533 0.968 1.173 1.151 0.736 -1.01 12.237 18.789 11.972 0.807 -2.694 -5.319 -0.796
13.425571 2.853 8.069 31.304 41.87 30.041 22.053 5.122 39.827 27.756 20.004 11.648 6.661 41.141 25.986 17.138 11.619 7.153 1.588 1.792 1.771 1.356 -0.39 12.857 19.408 12.591 1.427 -2.074 -4.7 -0.176
13.831619 3.511 8.727 31.961 42.527 30.699 22.711 5.779 40.484 28.413 20.662 12.305 7.318 41.798 26.644 17.796 12.276 7.811 2.245 2.45 2.429 2.013 0.267 13.514 20.066 13.249 2.084 -1.416 -4.042 0.481
14.249947 4.209 9.425 32.659 43.226 31.397 23.409 6.477 41.182 29.111 21.36 13.003 8.016 42.496 27.342 18.494 12.974 8.509 2.943 3.148 3.127 2.711 0.965 14.212 20.764 13.947 2.782 -0.718 -3.344 1.179
14.680926 4.95 10.165 33.4 43.966 32.138 24.15 7.218 41.923 29.852 22.101 13.744 8.757 43.237 28.083 19.235 13.715 9.25 3.684 3.889 3.867 3.452 1.706 14.953 21.505 14.688 3.523 0.022 -2.603 1.92
15.124941 5.736 10.952 34.187 44.753 32.924 24.936 8.005 42.71 30.638 22.887 14.531 9.544 44.024 28.869 20.021 14.502 10.036 4.471 4.675 4.654 4.239 2.493 15.74 22.291 15.474 4.31 0.809 -1.817 2.707
15.582385 6.571 11.786 35.021 45.587 33.759 25.771 8.839 43.544 31.473 23.722 15.365 10.378 44.858 29.704 20.856 15.336 10.871 5.305 5.51 5.488 5.073 3.327 16.574 23.126 16.309 5.144 1.644 -0.982 3.541
16.053663 7.457 12.672 35.907 46.473 34.645 26.656 9.725 44.43 32.359 24.608 16.251 11.264 45.744 30.59 21.742 16.222 11.757 6.191 6.396 6.374 5.959 4.213 17.46 24.012 17.195 6.03 2.529 -0.096 4.427
16.539195 8.397 13.613 36.848 47.414 35.585 27.597 10.665 45.371 33.299 25.548 17.191 12.205 46.685 31.53 22.682 17.162 12.697 7.131 7.336 7.315 6.899 5.154 18.4 24.952 18.135 6.97 3.47 0.844 5.368
17.039412 9.395 14.611 37.846 48.412 36.583 28.595 11.664 46.369 34.297 26.546 18.19 13.203 47.683 32.528 23.68 18.161 13.695 8.13 8.334 8.313 7.897 6.152 19.399 25.95 19.133 7.968 4.468 1.842 6.366
17.554757 10.454 15.67 38.905 49.471 37.642 29.654 12.723 47.428 35.357 27.605 19.249 14.262 48.742 33.587 24.74 19.22 14.754 9.189 9.394 9.372 8.957 7.211 20.458 27.009 20.193 9.028 5.527 2.901 7.425
18.085689 11.579 16.794 40.029 50.595 38.767 30.779 13.847 48.552 36.481 28.73 20.373 15.386 49.866 34.712 25.864 20.344 15.879 10.313 10.518 10.496 10.081 8.335 21.582 28.134 21.317 10.152 6.652 4.026 8.549
18.632678 12.772 17.988 41.223 51.789 39.96 31.972 15.041 49.746 37.675 29.923 21.567 16.58 51.06 35.905 27.057 21.538 17.072 11.507 11.711 11.69 11.275 9.529 22.776 29.327 22.51 11.346 7.845 5.219 9.743
19.196211 14.039 19.255 42.489 53.056 41.227 33.239 16.307 51.012 38.941 31.19 22.833 17.846 52.326 37.172 28.324 22.804 18.339 12.773 12.978 12.957 12.541 10.795 24.042 30.594 23.777 12.612 9.112 6.486 11.01
19.776787 15.383 20.599 43.834 54.4 42.571 34.583 17.652 52.357 40.286 32.534 24.178 19.191 53.671 38.516 29.669 24.149 19.683 14.118 14.323 14.301 13.886 12.14 25.387 31.938 25.122 13.957 10.456 7.83 12.354
20.374923 16.811 22.026 45.261 55.827 43.999 36.01 19.079 53.784 41.713 33.961 25.605 20.618 55.098 39.944 31.096 25.576 21.11 15.545 15.75 15.728 15.313 13.567 26.814 33.365 26.549 15.384 11.883 9.257 13.781
20.991149 18.325 23.541 46.776 57.342 45.513 37.525 20.594 55.299 43.227 35.476 27.12 22.133 56.613 41.458 32.61 27.091 22.625 17.06 17.264 17.243 16.828 15.082 28.329 34.88 28.063 16.899 13.398 10.772 15.296
21.626011 19.933 25.148 48.383 58.949 47.121 39.133 22.201 56.906 44.835 37.084 28.727 23.74 58.22 43.066 34.218 28.698 24.233 18.667 18.872 18.85 18.435 16.689 29.936 36.488 29.671 18.506 15.006 12.38 16.903
22.280075 21.639 26.855 50.09 60.656 48.827 40.839 23.908 58.613 46.542 38.79 30.434 25.447 59.927 44.772 35.924 30.405 25.939 20.374 20.578 20.557 20.142 18.396 31.643 38.194 31.377 20.213 16.712 14.086 18.61
22.953921 23.45 28.666 51.901 62.467 50.638 42.65 25.719 60.424 48.353 40.601 32.245 27.258 61.738 46.583 37.736 32.216 27.75 22.185 22.39 22.368 21.953 20.207 33.454 40.005 33.189 22.024 18.523 15.897 20.421
23.648147 25.373 30.588 53.823 64.389 52.561 44.572 27.641 62.346 50.275 42.524 34.167 29.18 63.66 48.506 39.658 34.138 29.673 24.107 24.312 24.29 23.875 22.129 35.376 41.928 35.111 23.946 20.445 17.82 22.343
24.363369 27.413 32.629 55.864 66.43 54.601 46.613 29.682 64.387 52.315 44.564 36.208 31.221 65.701 50.546 41.698 36.179 31.713 26.148 26.352 26.331 25.916 24.17 37.417 43.968 37.151 25.987 22.486 19.86 24.384
25.100222 29.579 34.795 58.029 68.596 56.767 48.779 31.847 66.552 54.481 46.73 38.373 33.386 67.866 52.712 43.864 38.344 33.879 28.313 28.518 28.497 28.081 26.335 39.582 46.134 39.317 28.152 24.652 22.026 26.549
25.859362 31.878 37.093 60.328 70.894 59.066 51.077 34.146 68.851 56.78 49.029 40.672 35.685 70.165 55.011 46.163 40.643 36.177 30.612 30.817 30.795 30.38 28.634 41.881 48.432 41.616 30.451 26.95 24.324 28.848
26.64146 34.317 39.533 62.768 73.334 61.505 53.517 36.586 71.291 59.22 51.468 43.112 38.125 72.605 57.45 48.603 43.083 38.617 33.052 33.257 33.235 32.82 31.074 44.321 50.872 44.056 32.891 29.39 26.764 31.288
27.447213 36.907 42.123 65.358 75.924 64.095 56.107 39.175 73.881 61.809 54.058 45.701 40.715 75.195 60.04 51.192 45.673 41.207 35.641 35.846 35.825 35.409 33.664 46.91 53.462 46.645 35.48 31.98 29.354 33.878
28.277335 39.656 44.871 68.106 78.672 66.844 58.855 41.924 76.629 64.558 56.807 48.45 43.463 77.943 62.789 53.941 48.421 43.956 38.39 38.595 38.573 38.158 36.412 49.659 56.211 49.394 38.229 34.728 32.103 36.626
29.132564 42.573 47.789 71.024 81.59 69.761 61.773 44.842 79.547 67.475 59.724 51.368 46.381 80.861 65.706 56.858 51.339 46.873 41.308 41.512 41.491 41.076 39.33 52.577 59.128 52.311 41.147 37.646 35.02 39.544
30.013659 45.67 50.885 74.12 84.686 72.858 64.869 47.938 82.643 70.572 62.821 54.464 49.477 83.957 68.803 59.955 54.435 49.97 44.404 44.609 44.587 44.172 42.426 55.673 62.225 55.408 44.243 40.742 38.117 42.64
30.921401 48.956 54.172 77.407 87.973 76.144 68.156 51.225 85.93 73.859 66.107 57.751 52.764 87.244 72.089 63.242 57.722 53.256 47.691 47.896 47.874 47.459 45.713 58.96 65.511 58.695 47.53 44.029 41.403 45.927
31.856598 52.445 57.661 80.896 91.462 79.633 71.645 54.713 89.418 77.347 69.596 61.239 56.253 90.733 75.578 66.73 61.21 56.745 51.179 51.384 51.363 50.947 49.201 62.448 69.0 62.183 51.018 47.518 44.892 49.416
32.820079 56.148 61.363 84.598 95.164 83.336 75.347 58.416 93.121 81.05 73.299 64.942 59.955 94.435 79.281 70.433 64.913 60.448 54.882 55.087 55.065 54.65 52.904 66.151 72.703 65.886 54.721 51.22 48.595 53.118
33.8127 60.078 65.294 88.528 99.094 87.266 79.278 62.346 97.051 84.98 77.229 68.872 63.885 98.365 83.211 74.363 68.843 64.378 58.812 59.017 58.996 58.58 56.834 70.081 76.633 69.816 58.651 55.151 52.525 57.048
34.835342 64.249 69.465 92.7 103.266 91.437 83.449 66.518 101.223 89.152 81.4 73.044 68.057 102.537 87.382 78.535 73.015 68.549 62.984 63.188 63.167 62.752 61.006 74.253 80.804 73.987 62.823 59.322 56.696 61.22
35.888913 68.677 73.893 97.127 107.693 95.865 87.877 70.945 105.65 93.579 85.828 77.471 72.484 106.964 91.81 82.962 77.442 72.977 67.411 67.616 67.595 67.179 65.433 78.68 85.232 78.415 67.25 63.75 61.124 65.647
36.974349 73.376 78.592 101.827 112.393 100.564 92.576 75.645 110.35 98.279 90.527 82.171 77.184 111.664 96.509 87.662 82.142 77.676 72.111 72.315 72.294 71.879 70.133 83.38 89.931 83.114 71.95 68.449 65.823 70.347
38.092613 78.364 83.58 106.815 117.381 105.552 97.564 80.633 115.338 103.267 95.515 87.159 82.172 116.652 101.497 92.65 87.13 82.664 77.099 77.303 77.282 76.867 75.121 88.368 94.919 88.102 76.938 73.437 70.811 75.335
39.244698 83.659 88.874 112.109 122.675 110.847 102.858 85.927 120.632 108.561 100.81 92.453 87.466 121.946 106.792 97.944 92.424 87.958 82.393 82.598 82.576 82.161 80.415 93.662 100.213 93.397 82.232 78.731 76.105 80.629
40.431627 89.278 94.494 117.728 128.295 116.466 108.478 91.546 126.251 114.18 106.429 98.072 93.085 127.565 112.411 103.563 98.043 93.578 88.012 88.217 88.196 87.78 86.034 99.281 105.833 99.016 87.851 84.351 81.725 86.249
41.654454 95.242 100.458 123.693 134.259 122.43 114.442 97.511 132.216 120.145 112.393 104.037 99.05 133.53 118.375 109.528 104.008 99.542 93.977 94.182 94.16 93.745 91.999 105.246 111.797 104.98 93.816 90.315 87.689 92.213
