web/models/kne/38/villar_0.0023_0.0457_10.0000.dat
# %ECSV 1.0
# ---
# datatype:
# - {name: time, datatype: float64}
# - {name: swift_uvot_uvw2, datatype: float64}
# - {name: swift_uvot_uvm2, datatype: float64}
# - {name: swift_uvot_uvw1, datatype: float64}
# - {name: swift_uvot_U, datatype: float64}
# - {name: swift_uvot_B, datatype: float64}
# - {name: swift_uvot_V, datatype: float64}
# - {name: swift_uvot_W, datatype: float64}
# - {name: johnson_U, datatype: float64}
# - {name: johnson_B, datatype: float64}
# - {name: johnson_V, datatype: float64}
# - {name: johnson_R, datatype: float64}
# - {name: johnson_I, datatype: float64}
# - {name: sdss_u, datatype: float64}
# - {name: sdss_g, datatype: float64}
# - {name: sdss_r, datatype: float64}
# - {name: sdss_i, datatype: float64}
# - {name: sdss_z, datatype: float64}
# - {name: PS1_g, datatype: float64}
# - {name: PS1_r, datatype: float64}
# - {name: PS1_i, datatype: float64}
# - {name: PS1_z, datatype: float64}
# - {name: PS1_Y, datatype: float64}
# - {name: PS1_w, datatype: float64}
# - {name: ATLAS_c, datatype: float64}
# - {name: ATLAS_o, datatype: float64}
# - {name: ukirt_J, datatype: float64}
# - {name: ukirt_H, datatype: float64}
# - {name: ukirt_K, datatype: float64}
# - {name: Clear, datatype: float64}
# meta: !!omap
# - comment: [kappa = 10.0, type = villar, mass = 0.0022901433483143324, velocity = 0.04566666666666669, theta_obs = 0.0]
# schema: astropy-2.0
time swift_uvot_uvw2 swift_uvot_uvm2 swift_uvot_uvw1 swift_uvot_U swift_uvot_B swift_uvot_V swift_uvot_W johnson_U johnson_B johnson_V johnson_R johnson_I sdss_u sdss_g sdss_r sdss_i sdss_z PS1_g PS1_r PS1_i PS1_z PS1_Y PS1_w ATLAS_c ATLAS_o ukirt_J ukirt_H ukirt_K Clear
[from data line 78]
0.010217 -6.95 -6.856 -6.772 -6.49 -6.198 -5.865 -6.623 -6.448 -6.195 -5.854 -5.497 -5.075 -6.457 -6.093 -5.659 -5.329 -5.013 -6.077 -5.692 -5.37 -5.158 -5.142 -5.71 -5.924 -5.524 -4.371 -3.841 -3.225 -5.778
0.010526 -6.988 -6.897 -6.815 -6.537 -6.247 -5.915 -6.666 -6.496 -6.244 -5.905 -5.549 -5.128 -6.504 -6.142 -5.71 -5.381 -5.066 -6.127 -5.743 -5.422 -5.21 -5.191 -5.76 -5.974 -5.575 -4.424 -3.895 -3.279 -5.828
0.010845 -7.025 -6.938 -6.857 -6.584 -6.296 -5.965 -6.708 -6.543 -6.292 -5.955 -5.6 -5.18 -6.551 -6.191 -5.761 -5.433 -5.118 -6.176 -5.793 -5.473 -5.261 -5.24 -5.811 -6.024 -5.626 -4.478 -3.949 -3.333 -5.878
0.011173 -7.062 -6.978 -6.899 -6.63 -6.345 -6.015 -6.751 -6.589 -6.341 -6.005 -5.652 -5.232 -6.598 -6.24 -5.812 -5.485 -5.17 -6.225 -5.844 -5.524 -5.312 -5.29 -5.861 -6.073 -5.677 -4.531 -4.003 -3.388 -5.928
0.011511 -7.099 -7.018 -6.941 -6.677 -6.393 -6.065 -6.793 -6.636 -6.389 -6.055 -5.703 -5.285 -6.645 -6.289 -5.863 -5.536 -5.223 -6.274 -5.894 -5.575 -5.363 -5.339 -5.912 -6.123 -5.729 -4.584 -4.057 -3.442 -5.978
0.011859 -7.135 -7.058 -6.983 -6.723 -6.442 -6.115 -6.835 -6.683 -6.438 -6.105 -5.754 -5.337 -6.691 -6.338 -5.914 -5.588 -5.275 -6.322 -5.944 -5.626 -5.414 -5.388 -5.962 -6.173 -5.78 -4.637 -4.111 -3.496 -6.028
0.012217 -7.171 -7.097 -7.024 -6.769 -6.49 -6.165 -6.877 -6.729 -6.486 -6.155 -5.805 -5.389 -6.738 -6.387 -5.964 -5.639 -5.327 -6.371 -5.994 -5.677 -5.464 -5.437 -6.012 -6.222 -5.831 -4.691 -4.164 -3.55 -6.078
0.012587 -7.207 -7.137 -7.066 -6.815 -6.538 -6.215 -6.919 -6.776 -6.534 -6.205 -5.856 -5.441 -6.784 -6.436 -6.015 -5.691 -5.379 -6.42 -6.044 -5.728 -5.515 -5.487 -6.062 -6.272 -5.881 -4.744 -4.218 -3.604 -6.127
0.012968 -7.243 -7.176 -7.107 -6.861 -6.586 -6.265 -6.961 -6.822 -6.582 -6.255 -5.907 -5.493 -6.83 -6.484 -6.065 -5.742 -5.431 -6.468 -6.094 -5.778 -5.566 -5.536 -6.112 -6.321 -5.932 -4.797 -4.272 -3.658 -6.177
0.01336 -7.278 -7.215 -7.147 -6.906 -6.634 -6.314 -7.002 -6.868 -6.63 -6.304 -5.957 -5.544 -6.876 -6.533 -6.115 -5.794 -5.483 -6.516 -6.144 -5.829 -5.617 -5.585 -6.162 -6.37 -5.983 -4.85 -4.325 -3.712 -6.226
0.013764 -7.314 -7.253 -7.188 -6.952 -6.681 -6.364 -7.043 -6.913 -6.678 -6.354 -6.008 -5.596 -6.922 -6.581 -6.166 -5.845 -5.535 -6.565 -6.194 -5.88 -5.667 -5.634 -6.212 -6.419 -6.033 -4.903 -4.379 -3.766 -6.275
0.01418 -7.349 -7.292 -7.228 -6.997 -6.729 -6.413 -7.084 -6.959 -6.725 -6.403 -6.059 -5.648 -6.967 -6.629 -6.216 -5.896 -5.587 -6.613 -6.244 -5.93 -5.718 -5.683 -6.261 -6.468 -6.084 -4.955 -4.432 -3.82 -6.325
0.014609 -7.383 -7.33 -7.268 -7.042 -6.776 -6.462 -7.125 -7.005 -6.773 -6.452 -6.109 -5.699 -7.013 -6.677 -6.266 -5.947 -5.639 -6.661 -6.293 -5.981 -5.768 -5.732 -6.311 -6.517 -6.134 -5.008 -4.485 -3.874 -6.374
0.015051 -7.417 -7.368 -7.308 -7.087 -6.824 -6.512 -7.165 -7.05 -6.82 -6.502 -6.16 -5.751 -7.058 -6.725 -6.316 -5.998 -5.691 -6.709 -6.343 -6.031 -5.819 -5.781 -6.36 -6.566 -6.185 -5.061 -4.539 -3.928 -6.423
0.015506 -7.452 -7.405 -7.348 -7.132 -6.871 -6.561 -7.206 -7.095 -6.867 -6.551 -6.21 -5.802 -7.103 -6.773 -6.366 -6.049 -5.742 -6.756 -6.392 -6.081 -5.869 -5.83 -6.41 -6.614 -6.235 -5.114 -4.592 -3.982 -6.472
0.015975 -7.485 -7.443 -7.388 -7.177 -6.918 -6.61 -7.246 -7.14 -6.914 -6.6 -6.26 -5.854 -7.148 -6.821 -6.415 -6.1 -5.794 -6.804 -6.442 -6.131 -5.92 -5.879 -6.459 -6.663 -6.285 -5.166 -4.645 -4.036 -6.521
0.016458 -7.519 -7.48 -7.427 -7.221 -6.965 -6.658 -7.286 -7.185 -6.961 -6.649 -6.31 -5.905 -7.193 -6.868 -6.465 -6.15 -5.845 -6.852 -6.491 -6.182 -5.97 -5.928 -6.508 -6.711 -6.335 -5.219 -4.699 -4.089 -6.569
0.016956 -7.552 -7.516 -7.466 -7.265 -7.012 -6.707 -7.326 -7.23 -7.008 -6.697 -6.36 -5.956 -7.238 -6.916 -6.515 -6.201 -5.897 -6.899 -6.54 -6.232 -6.02 -5.976 -6.557 -6.76 -6.385 -5.272 -4.752 -4.143 -6.618
0.017469 -7.585 -7.553 -7.505 -7.309 -7.059 -6.756 -7.365 -7.275 -7.055 -6.746 -6.41 -6.008 -7.282 -6.963 -6.564 -6.252 -5.948 -6.946 -6.589 -6.282 -6.07 -6.025 -6.606 -6.808 -6.435 -5.324 -4.805 -4.197 -6.666
0.017997 -7.618 -7.589 -7.543 -7.353 -7.105 -6.804 -7.405 -7.319 -7.102 -6.795 -6.46 -6.059 -7.327 -7.011 -6.614 -6.302 -5.999 -6.994 -6.638 -6.332 -6.121 -6.074 -6.655 -6.856 -6.485 -5.377 -4.858 -4.25 -6.715
0.018541 -7.65 -7.625 -7.582 -7.397 -7.152 -6.853 -7.444 -7.363 -7.148 -6.843 -6.51 -6.11 -7.371 -7.058 -6.663 -6.352 -6.051 -7.041 -6.687 -6.382 -6.171 -6.123 -6.704 -6.904 -6.535 -5.429 -4.911 -4.304 -6.763
0.019102 -7.682 -7.661 -7.62 -7.441 -7.198 -6.901 -7.483 -7.407 -7.194 -6.891 -6.56 -6.161 -7.415 -7.105 -6.712 -6.403 -6.102 -7.088 -6.736 -6.431 -6.221 -6.172 -6.752 -6.952 -6.584 -5.481 -4.964 -4.357 -6.811
0.01968 -7.714 -7.696 -7.658 -7.484 -7.244 -6.949 -7.522 -7.451 -7.241 -6.94 -6.609 -6.212 -7.459 -7.152 -6.761 -6.453 -6.153 -7.135 -6.785 -6.481 -6.271 -6.22 -6.801 -7.0 -6.634 -5.534 -5.017 -4.411 -6.859
0.020275 -7.746 -7.732 -7.695 -7.528 -7.29 -6.997 -7.56 -7.495 -7.287 -6.988 -6.659 -6.262 -7.503 -7.198 -6.81 -6.503 -6.204 -7.181 -6.833 -6.531 -6.32 -6.269 -6.85 -7.047 -6.683 -5.586 -5.07 -4.464 -6.907
0.020888 -7.777 -7.767 -7.733 -7.571 -7.336 -7.045 -7.599 -7.539 -7.333 -7.036 -6.709 -6.313 -7.546 -7.245 -6.859 -6.553 -6.255 -7.228 -6.882 -6.58 -6.37 -6.318 -6.898 -7.095 -6.733 -5.638 -5.123 -4.518 -6.955
0.02152 -7.808 -7.801 -7.77 -7.614 -7.382 -7.093 -7.637 -7.582 -7.378 -7.084 -6.758 -6.364 -7.59 -7.291 -6.908 -6.603 -6.306 -7.274 -6.93 -6.63 -6.42 -6.366 -6.946 -7.142 -6.782 -5.69 -5.175 -4.571 -7.003
0.022171 -7.838 -7.836 -7.807 -7.657 -7.428 -7.141 -7.675 -7.626 -7.424 -7.132 -6.807 -6.415 -7.633 -7.338 -6.957 -6.653 -6.357 -7.321 -6.979 -6.679 -6.47 -6.415 -6.994 -7.19 -6.831 -5.742 -5.228 -4.624 -7.051
0.022841 -7.869 -7.87 -7.843 -7.699 -7.473 -7.189 -7.713 -7.669 -7.47 -7.179 -6.856 -6.465 -7.676 -7.384 -7.005 -6.703 -6.407 -7.367 -7.027 -6.729 -6.52 -6.463 -7.042 -7.237 -6.88 -5.794 -5.281 -4.678 -7.098
0.023532 -7.899 -7.903 -7.88 -7.742 -7.519 -7.236 -7.75 -7.712 -7.515 -7.227 -6.906 -6.516 -7.719 -7.43 -7.054 -6.753 -6.458 -7.413 -7.075 -6.778 -6.569 -6.512 -7.09 -7.284 -6.929 -5.846 -5.334 -4.731 -7.146
0.024244 -7.929 -7.937 -7.916 -7.784 -7.564 -7.284 -7.788 -7.754 -7.56 -7.275 -6.955 -6.566 -7.762 -7.476 -7.102 -6.803 -6.509 -7.459 -7.124 -6.827 -6.619 -6.56 -7.138 -7.331 -6.978 -5.898 -5.386 -4.784 -7.193
0.024977 -7.958 -7.97 -7.952 -7.826 -7.609 -7.331 -7.825 -7.797 -7.605 -7.322 -7.004 -6.616 -7.804 -7.522 -7.151 -6.852 -6.559 -7.505 -7.172 -6.877 -6.668 -6.609 -7.186 -7.378 -7.027 -5.95 -5.439 -4.837 -7.24
0.025733 -7.987 -8.003 -7.988 -7.868 -7.654 -7.379 -7.862 -7.839 -7.65 -7.369 -7.052 -6.667 -7.847 -7.568 -7.199 -6.902 -6.61 -7.551 -7.22 -6.926 -6.718 -6.657 -7.234 -7.425 -7.076 -6.002 -5.491 -4.891 -7.288
0.026511 -8.016 -8.036 -8.023 -7.91 -7.699 -7.426 -7.899 -7.882 -7.695 -7.416 -7.101 -6.717 -7.889 -7.614 -7.247 -6.951 -6.66 -7.597 -7.267 -6.975 -6.767 -6.706 -7.281 -7.471 -7.125 -6.054 -5.544 -4.944 -7.335
0.027313 -8.044 -8.068 -8.058 -7.951 -7.744 -7.473 -7.935 -7.924 -7.74 -7.464 -7.15 -6.767 -7.931 -7.659 -7.295 -7.001 -6.71 -7.643 -7.315 -7.024 -6.817 -6.754 -7.329 -7.518 -7.173 -6.105 -5.596 -4.997 -7.382
0.028139 -8.072 -8.1 -8.093 -7.993 -7.788 -7.52 -7.972 -7.966 -7.785 -7.51 -7.199 -6.817 -7.973 -7.704 -7.343 -7.05 -6.761 -7.688 -7.363 -7.073 -6.866 -6.802 -7.376 -7.564 -7.222 -6.157 -5.649 -5.05 -7.428
0.02899 -8.1 -8.132 -8.128 -8.034 -7.832 -7.567 -8.008 -8.008 -7.829 -7.557 -7.247 -6.867 -8.014 -7.75 -7.391 -7.099 -6.811 -7.733 -7.41 -7.121 -6.915 -6.851 -7.424 -7.61 -7.27 -6.209 -5.701 -5.103 -7.475
0.029867 -8.128 -8.163 -8.162 -8.075 -7.877 -7.613 -8.044 -8.049 -7.873 -7.604 -7.296 -6.917 -8.056 -7.795 -7.439 -7.149 -6.861 -7.778 -7.458 -7.17 -6.964 -6.899 -7.471 -7.657 -7.319 -6.26 -5.754 -5.156 -7.522
0.03077 -8.155 -8.194 -8.196 -8.116 -7.921 -7.66 -8.079 -8.09 -7.917 -7.651 -7.344 -6.967 -8.097 -7.84 -7.487 -7.198 -6.911 -7.824 -7.505 -7.219 -7.013 -6.947 -7.518 -7.703 -7.367 -6.312 -5.806 -5.209 -7.568
0.031701 -8.182 -8.225 -8.23 -8.156 -7.965 -7.706 -8.115 -8.132 -7.961 -7.697 -7.392 -7.017 -8.138 -7.885 -7.534 -7.247 -6.961 -7.869 -7.553 -7.267 -7.063 -6.995 -7.565 -7.749 -7.415 -6.363 -5.858 -5.262 -7.615
0.032659 -8.208 -8.255 -8.264 -8.197 -8.009 -7.753 -8.15 -8.173 -8.005 -7.744 -7.44 -7.066 -8.179 -7.929 -7.582 -7.296 -7.011 -7.913 -7.6 -7.316 -7.112 -7.043 -7.612 -7.794 -7.463 -6.415 -5.91 -5.315 -7.661
0.033647 -8.234 -8.286 -8.297 -8.237 -8.052 -7.799 -8.185 -8.214 -8.049 -7.79 -7.488 -7.116 -8.22 -7.974 -7.629 -7.344 -7.061 -7.958 -7.647 -7.364 -7.16 -7.092 -7.658 -7.84 -7.511 -6.466 -5.963 -5.368 -7.707
0.034665 -8.26 -8.315 -8.33 -8.277 -8.096 -7.845 -8.22 -8.254 -8.092 -7.836 -7.536 -7.165 -8.261 -8.018 -7.676 -7.393 -7.111 -8.003 -7.694 -7.413 -7.209 -7.14 -7.705 -7.886 -7.559 -6.517 -6.015 -5.42 -7.753
0.035713 -8.286 -8.345 -8.363 -8.317 -8.139 -7.891 -8.255 -8.295 -8.136 -7.882 -7.584 -7.215 -8.301 -8.062 -7.724 -7.442 -7.16 -8.047 -7.741 -7.461 -7.258 -7.188 -7.751 -7.931 -7.606 -6.569 -6.067 -5.473 -7.799
0.036793 -8.311 -8.374 -8.395 -8.356 -8.182 -7.937 -8.289 -8.335 -8.179 -7.928 -7.632 -7.264 -8.341 -8.107 -7.771 -7.49 -7.21 -8.091 -7.788 -7.509 -7.307 -7.236 -7.798 -7.976 -7.654 -6.62 -6.119 -5.526 -7.845
0.037906 -8.336 -8.403 -8.427 -8.396 -8.225 -7.983 -8.323 -8.375 -8.222 -7.974 -7.68 -7.314 -8.381 -8.151 -7.818 -7.539 -7.26 -8.135 -7.834 -7.557 -7.356 -7.284 -7.844 -8.022 -7.702 -6.671 -6.171 -5.579 -7.89
0.039052 -8.36 -8.431 -8.459 -8.435 -8.268 -8.028 -8.357 -8.415 -8.265 -8.02 -7.727 -7.363 -8.421 -8.194 -7.864 -7.587 -7.309 -8.18 -7.881 -7.606 -7.404 -7.332 -7.89 -8.067 -7.749 -6.722 -6.223 -5.631 -7.936
0.040234 -8.384 -8.459 -8.491 -8.474 -8.311 -8.074 -8.391 -8.454 -8.308 -8.065 -7.775 -7.412 -8.46 -8.238 -7.911 -7.636 -7.359 -8.223 -7.927 -7.653 -7.453 -7.38 -7.936 -8.112 -7.797 -6.773 -6.275 -5.684 -7.981
0.04145 -8.408 -8.487 -8.522 -8.513 -8.354 -8.119 -8.424 -8.494 -8.35 -8.111 -7.822 -7.461 -8.5 -8.282 -7.958 -7.684 -7.408 -8.267 -7.974 -7.701 -7.501 -7.427 -7.982 -8.156 -7.844 -6.824 -6.327 -5.737 -8.027
0.042704 -8.431 -8.515 -8.553 -8.551 -8.396 -8.165 -8.458 -8.533 -8.393 -8.156 -7.869 -7.51 -8.539 -8.325 -8.004 -7.732 -7.457 -8.311 -8.02 -7.749 -7.55 -7.475 -8.028 -8.201 -7.891 -6.875 -6.378 -5.789 -8.072
0.043996 -8.454 -8.542 -8.584 -8.59 -8.438 -8.21 -8.491 -8.572 -8.435 -8.201 -7.917 -7.559 -8.578 -8.368 -8.051 -7.78 -7.506 -8.354 -8.066 -7.797 -7.598 -7.523 -8.074 -8.246 -7.938 -6.926 -6.43 -5.842 -8.117
0.045326 -8.476 -8.568 -8.614 -8.628 -8.48 -8.255 -8.524 -8.611 -8.477 -8.246 -7.964 -7.608 -8.616 -8.411 -8.097 -7.828 -7.556 -8.397 -8.112 -7.845 -7.646 -7.571 -8.12 -8.29 -7.985 -6.977 -6.482 -5.894 -8.162
0.046697 -8.499 -8.595 -8.644 -8.666 -8.522 -8.3 -8.556 -8.65 -8.519 -8.291 -8.011 -7.657 -8.655 -8.454 -8.143 -7.876 -7.605 -8.441 -8.158 -7.892 -7.695 -7.618 -8.165 -8.334 -8.032 -7.027 -6.534 -5.947 -8.207
0.048109 -8.52 -8.621 -8.674 -8.704 -8.564 -8.344 -8.589 -8.688 -8.561 -8.336 -8.057 -7.706 -8.693 -8.497 -8.189 -7.923 -7.654 -8.484 -8.204 -7.94 -7.743 -7.666 -8.21 -8.378 -8.079 -7.078 -6.585 -5.999 -8.252
0.049564 -8.542 -8.646 -8.704 -8.741 -8.606 -8.389 -8.621 -8.726 -8.602 -8.381 -8.104 -7.754 -8.731 -8.54 -8.235 -7.971 -7.703 -8.527 -8.25 -7.987 -7.791 -7.714 -8.256 -8.422 -8.125 -7.129 -6.637 -6.051 -8.296
0.051063 -8.563 -8.672 -8.733 -8.778 -8.647 -8.434 -8.653 -8.764 -8.644 -8.425 -8.151 -7.803 -8.769 -8.582 -8.281 -8.019 -7.751 -8.569 -8.296 -8.034 -7.839 -7.761 -8.301 -8.466 -8.172 -7.179 -6.689 -6.104 -8.341
0.052608 -8.583 -8.696 -8.762 -8.815 -8.688 -8.478 -8.685 -8.802 -8.685 -8.469 -8.197 -7.851 -8.807 -8.624 -8.327 -8.066 -7.8 -8.612 -8.341 -8.081 -7.887 -7.809 -8.346 -8.51 -8.218 -7.23 -6.74 -6.156 -8.385
0.054199 -8.604 -8.721 -8.79 -8.852 -8.729 -8.522 -8.716 -8.839 -8.726 -8.514 -8.244 -7.9 -8.844 -8.666 -8.373 -8.114 -7.849 -8.654 -8.387 -8.129 -7.935 -7.856 -8.391 -8.553 -8.264 -7.28 -6.792 -6.208 -8.429
0.055838 -8.623 -8.745 -8.818 -8.889 -8.77 -8.566 -8.747 -8.877 -8.767 -8.558 -8.29 -7.948 -8.881 -8.708 -8.418 -8.161 -7.897 -8.696 -8.432 -8.176 -7.983 -7.904 -8.435 -8.597 -8.311 -7.331 -6.843 -6.261 -8.473
0.057527 -8.643 -8.769 -8.846 -8.925 -8.811 -8.61 -8.778 -8.914 -8.807 -8.602 -8.336 -7.996 -8.918 -8.75 -8.463 -8.208 -7.946 -8.739 -8.477 -8.222 -8.03 -7.951 -8.48 -8.64 -8.357 -7.381 -6.894 -6.313 -8.517
0.059267 -8.662 -8.792 -8.874 -8.961 -8.851 -8.654 -8.809 -8.951 -8.848 -8.646 -8.383 -8.044 -8.955 -8.792 -8.509 -8.255 -7.994 -8.78 -8.522 -8.269 -8.078 -7.998 -8.524 -8.683 -8.403 -7.432 -6.946 -6.365 -8.561
0.061059 -8.68 -8.815 -8.901 -8.997 -8.892 -8.698 -8.84 -8.987 -8.888 -8.689 -8.429 -8.092 -8.992 -8.833 -8.554 -8.302 -8.043 -8.822 -8.567 -8.316 -8.126 -8.045 -8.569 -8.726 -8.449 -7.482 -6.997 -6.417 -8.605
0.062906 -8.698 -8.837 -8.928 -9.032 -8.932 -8.741 -8.87 -9.024 -8.928 -8.733 -8.474 -8.14 -9.028 -8.875 -8.599 -8.349 -8.091 -8.864 -8.612 -8.363 -8.173 -8.093 -8.613 -8.769 -8.494 -7.532 -7.048 -6.469 -8.648
0.064808 -8.716 -8.859 -8.954 -9.068 -8.972 -8.784 -8.9 -9.06 -8.968 -8.776 -8.52 -8.188 -9.064 -8.916 -8.644 -8.396 -8.139 -8.905 -8.656 -8.409 -8.221 -8.14 -8.657 -8.812 -8.54 -7.582 -7.099 -6.521 -8.691
0.066769 -8.733 -8.881 -8.981 -9.103 -9.011 -8.828 -8.93 -9.096 -9.008 -8.82 -8.566 -8.236 -9.099 -8.957 -8.688 -8.442 -8.187 -8.946 -8.701 -8.456 -8.268 -8.187 -8.701 -8.854 -8.585 -7.632 -7.151 -6.573 -8.735
0.068788 -8.75 -8.902 -9.006 -9.138 -9.051 -8.871 -8.959 -9.131 -9.048 -8.863 -8.611 -8.284 -9.135 -8.997 -8.733 -8.489 -8.235 -8.988 -8.745 -8.502 -8.315 -8.234 -8.745 -8.896 -8.631 -7.682 -7.202 -6.625 -8.778
0.070868 -8.766 -8.923 -9.032 -9.172 -9.09 -8.913 -8.988 -9.166 -9.087 -8.906 -8.657 -8.331 -9.17 -9.038 -8.777 -8.535 -8.283 -9.028 -8.79 -8.548 -8.362 -8.281 -8.788 -8.939 -8.676 -7.732 -7.253 -6.677 -8.821
0.073012 -8.782 -8.943 -9.057 -9.206 -9.129 -8.956 -9.018 -9.202 -9.126 -8.948 -8.702 -8.379 -9.205 -9.078 -8.822 -8.582 -8.331 -9.069 -8.834 -8.594 -8.409 -8.328 -8.832 -8.981 -8.721 -7.782 -7.304 -6.729 -8.863
0.07522 -8.798 -8.963 -9.082 -9.24 -9.168 -8.999 -9.046 -9.236 -9.165 -8.991 -8.747 -8.426 -9.24 -9.118 -8.866 -8.628 -8.378 -9.11 -8.878 -8.64 -8.456 -8.375 -8.875 -9.022 -8.766 -7.832 -7.355 -6.781 -8.906
0.077495 -8.813 -8.983 -9.106 -9.274 -9.207 -9.041 -9.075 -9.271 -9.204 -9.033 -8.792 -8.473 -9.274 -9.158 -8.91 -8.674 -8.426 -9.15 -8.922 -8.686 -8.503 -8.421 -8.919 -9.064 -8.811 -7.882 -7.406 -6.833 -8.949
0.079839 -8.827 -9.002 -9.13 -9.307 -9.245 -9.083 -9.103 -9.305 -9.242 -9.076 -8.837 -8.521 -9.308 -9.198 -8.954 -8.72 -8.474 -9.19 -8.965 -8.732 -8.55 -8.468 -8.962 -9.105 -8.856 -7.931 -7.456 -6.885 -8.991
0.082253 -8.842 -9.02 -9.154 -9.341 -9.283 -9.125 -9.131 -9.339 -9.28 -9.118 -8.882 -8.568 -9.342 -9.238 -8.998 -8.766 -8.521 -9.23 -9.009 -8.778 -8.597 -8.515 -9.005 -9.147 -8.9 -7.981 -7.507 -6.937 -9.033
0.084741 -8.855 -9.038 -9.177 -9.373 -9.321 -9.167 -9.159 -9.373 -9.318 -9.16 -8.927 -8.615 -9.376 -9.277 -9.041 -8.812 -8.568 -9.27 -9.053 -8.823 -8.644 -8.561 -9.047 -9.188 -8.945 -8.03 -7.558 -6.988 -9.075
0.087304 -8.868 -9.056 -9.2 -9.406 -9.359 -9.209 -9.187 -9.407 -9.356 -9.202 -8.971 -8.662 -9.409 -9.316 -9.085 -8.858 -8.616 -9.31 -9.096 -8.869 -8.69 -8.608 -9.09 -9.229 -8.989 -8.08 -7.609 -7.04 -9.117
0.089944 -8.881 -9.073 -9.222 -9.438 -9.397 -9.251 -9.214 -9.44 -9.394 -9.243 -9.016 -8.708 -9.442 -9.355 -9.128 -8.903 -8.663 -9.349 -9.139 -8.914 -8.737 -8.654 -9.133 -9.27 -9.033 -8.129 -7.659 -7.092 -9.159
0.092665 -8.893 -9.09 -9.244 -9.47 -9.434 -9.292 -9.241 -9.473 -9.431 -9.285 -9.06 -8.755 -9.475 -9.394 -9.171 -8.949 -8.71 -9.388 -9.182 -8.959 -8.783 -8.701 -9.175 -9.31 -9.078 -8.179 -7.71 -7.143 -9.2
