web/models/kne/38/villar_0.0023_0.3590_10.0000.dat
# %ECSV 1.0
# ---
# datatype:
# - {name: time, datatype: float64}
# - {name: swift_uvot_uvw2, datatype: float64}
# - {name: swift_uvot_uvm2, datatype: float64}
# - {name: swift_uvot_uvw1, datatype: float64}
# - {name: swift_uvot_U, datatype: float64}
# - {name: swift_uvot_B, datatype: float64}
# - {name: swift_uvot_V, datatype: float64}
# - {name: swift_uvot_W, datatype: float64}
# - {name: johnson_U, datatype: float64}
# - {name: johnson_B, datatype: float64}
# - {name: johnson_V, datatype: float64}
# - {name: johnson_R, datatype: float64}
# - {name: johnson_I, datatype: float64}
# - {name: sdss_u, datatype: float64}
# - {name: sdss_g, datatype: float64}
# - {name: sdss_r, datatype: float64}
# - {name: sdss_i, datatype: float64}
# - {name: sdss_z, datatype: float64}
# - {name: PS1_g, datatype: float64}
# - {name: PS1_r, datatype: float64}
# - {name: PS1_i, datatype: float64}
# - {name: PS1_z, datatype: float64}
# - {name: PS1_Y, datatype: float64}
# - {name: PS1_w, datatype: float64}
# - {name: ATLAS_c, datatype: float64}
# - {name: ATLAS_o, datatype: float64}
# - {name: ukirt_J, datatype: float64}
# - {name: ukirt_H, datatype: float64}
# - {name: ukirt_K, datatype: float64}
# - {name: Clear, datatype: float64}
# meta: !!omap
# - comment: [kappa = 10.0, type = villar, mass = 0.0022901433483143324, velocity = 0.359, theta_obs = 0.0]
# schema: astropy-2.0
time swift_uvot_uvw2 swift_uvot_uvm2 swift_uvot_uvw1 swift_uvot_U swift_uvot_B swift_uvot_V swift_uvot_W johnson_U johnson_B johnson_V johnson_R johnson_I sdss_u sdss_g sdss_r sdss_i sdss_z PS1_g PS1_r PS1_i PS1_z PS1_Y PS1_w ATLAS_c ATLAS_o ukirt_J ukirt_H ukirt_K Clear
0.001 nan nan nan nan nan nan nan nan nan nan nan nan nan nan nan nan nan nan nan nan nan nan nan nan nan nan nan nan nan
0.00103 -2.03 -2.343 -2.673 -3.197 -3.331 -3.316 -2.861 -3.229 -3.329 -3.311 -3.176 -2.948 -3.226 -3.336 -3.252 -3.101 -2.914 -3.346 -3.26 -3.109 -2.97 -2.897 -3.232 -3.311 -3.188 -2.455 -2.025 -1.49 -3.235
0.001061 -3.112 -3.354 -3.567 -3.898 -3.92 -3.821 -3.621 -3.91 -3.917 -3.814 -3.62 -3.341 -3.911 -3.895 -3.719 -3.521 -3.3 -3.894 -3.729 -3.53 -3.366 -3.286 -3.714 -3.831 -3.636 -2.793 -2.338 -1.782 -3.732
0.001094 -3.683 -3.884 -4.043 -4.278 -4.247 -4.108 -4.044 -4.281 -4.244 -4.101 -3.879 -3.576 -4.284 -4.208 -3.989 -3.768 -3.531 -4.203 -4.0 -3.779 -3.604 -3.522 -3.992 -4.126 -3.896 -3.002 -2.534 -1.969 -4.017
0.001127 -4.067 -4.24 -4.367 -4.541 -4.478 -4.315 -4.339 -4.539 -4.475 -4.307 -4.068 -3.751 -4.542 -4.43 -4.185 -3.951 -3.704 -4.422 -4.196 -3.963 -3.78 -3.698 -4.193 -4.337 -4.087 -3.161 -2.685 -2.114 -4.222
0.001161 -4.354 -4.507 -4.612 -4.745 -4.659 -4.48 -4.566 -4.739 -4.656 -4.472 -4.221 -3.894 -4.742 -4.606 -4.342 -4.099 -3.845 -4.596 -4.355 -4.112 -3.925 -3.844 -4.354 -4.505 -4.24 -3.293 -2.812 -2.236 -4.387
0.001196 -4.583 -4.721 -4.811 -4.913 -4.811 -4.619 -4.752 -4.904 -4.807 -4.611 -4.352 -4.017 -4.908 -4.753 -4.476 -4.226 -3.968 -4.742 -4.489 -4.24 -4.05 -3.97 -4.491 -4.647 -4.372 -3.408 -2.924 -2.345 -4.526
0.001232 -4.775 -4.901 -4.978 -5.057 -4.942 -4.742 -4.91 -5.046 -4.939 -4.733 -4.468 -4.128 -5.05 -4.882 -4.595 -4.34 -4.077 -4.87 -4.609 -4.354 -4.162 -4.082 -4.612 -4.772 -4.488 -3.513 -3.026 -2.444 -4.649
0.001269 -4.94 -5.056 -5.124 -5.184 -5.06 -4.852 -5.049 -5.171 -5.057 -4.844 -4.574 -4.229 -5.176 -4.997 -4.702 -4.443 -4.178 -4.985 -4.716 -4.458 -4.264 -4.186 -4.721 -4.884 -4.594 -3.609 -3.12 -2.537 -4.759
0.001308 -5.084 -5.193 -5.254 -5.299 -5.168 -4.954 -5.174 -5.285 -5.164 -4.945 -4.671 -4.323 -5.29 -5.103 -4.802 -4.539 -4.272 -5.09 -4.816 -4.554 -4.359 -4.281 -4.821 -4.987 -4.692 -3.699 -3.209 -2.624 -4.861
0.001347 -5.214 -5.316 -5.371 -5.405 -5.267 -5.049 -5.287 -5.389 -5.263 -5.04 -4.763 -4.412 -5.394 -5.2 -4.894 -4.629 -4.36 -5.187 -4.909 -4.645 -4.449 -4.372 -4.915 -5.082 -4.784 -3.785 -3.293 -2.707 -4.956
0.001388 -5.331 -5.428 -5.479 -5.502 -5.36 -5.138 -5.392 -5.486 -5.356 -5.129 -4.849 -4.496 -5.492 -5.292 -4.982 -4.714 -4.444 -5.278 -4.997 -4.731 -4.534 -4.457 -5.003 -5.172 -4.87 -3.867 -3.373 -2.787 -5.045
0.00143 -5.439 -5.532 -5.579 -5.594 -5.447 -5.222 -5.489 -5.577 -5.444 -5.214 -4.932 -4.577 -5.583 -5.379 -5.065 -4.796 -4.524 -5.365 -5.08 -4.813 -4.615 -4.539 -5.087 -5.258 -4.953 -3.946 -3.451 -2.864 -5.13
0.001473 -5.538 -5.628 -5.672 -5.681 -5.531 -5.303 -5.58 -5.663 -5.527 -5.295 -5.011 -4.654 -5.669 -5.461 -5.145 -4.875 -4.602 -5.447 -5.16 -4.892 -4.693 -4.618 -5.168 -5.339 -5.032 -4.022 -3.527 -2.938 -5.211
0.001518 -5.631 -5.718 -5.759 -5.763 -5.611 -5.381 -5.665 -5.745 -5.607 -5.372 -5.087 -4.73 -5.751 -5.54 -5.222 -4.951 -4.677 -5.526 -5.237 -4.968 -4.769 -4.694 -5.245 -5.417 -5.109 -4.096 -3.6 -3.011 -5.289
0.001564 -5.718 -5.803 -5.842 -5.842 -5.687 -5.456 -5.747 -5.824 -5.684 -5.448 -5.161 -4.803 -5.829 -5.616 -5.296 -5.024 -4.75 -5.602 -5.312 -5.041 -4.842 -4.767 -5.32 -5.493 -5.183 -4.168 -3.671 -3.082 -5.364
0.001611 -5.8 -5.883 -5.921 -5.917 -5.761 -5.529 -5.825 -5.899 -5.758 -5.52 -5.233 -4.874 -5.905 -5.69 -5.369 -5.096 -4.821 -5.676 -5.384 -5.113 -4.914 -4.839 -5.393 -5.566 -5.255 -4.238 -3.742 -3.152 -5.436
0.00166 -5.878 -5.959 -5.996 -5.99 -5.833 -5.6 -5.899 -5.972 -5.829 -5.591 -5.304 -4.944 -5.977 -5.761 -5.439 -5.166 -4.89 -5.747 -5.455 -5.183 -4.983 -4.909 -5.463 -5.637 -5.325 -4.307 -3.81 -3.221 -5.507
0.00171 -5.952 -6.032 -6.068 -6.061 -5.903 -5.669 -5.971 -6.042 -5.899 -5.66 -5.372 -5.012 -6.048 -5.831 -5.508 -5.234 -4.959 -5.816 -5.524 -5.252 -5.052 -4.978 -5.532 -5.706 -5.394 -4.375 -3.878 -3.288 -5.576
0.001761 -6.022 -6.102 -6.138 -6.129 -5.97 -5.736 -6.04 -6.11 -5.967 -5.728 -5.439 -5.079 -6.116 -5.898 -5.575 -5.301 -5.025 -5.884 -5.591 -5.319 -5.119 -5.045 -5.599 -5.773 -5.461 -4.442 -3.944 -3.354 -5.644
0.001815 -6.09 -6.169 -6.204 -6.196 -6.037 -5.802 -6.107 -6.177 -6.033 -5.794 -5.505 -5.144 -6.182 -5.965 -5.641 -5.367 -5.091 -5.95 -5.657 -5.384 -5.184 -5.11 -5.665 -5.839 -5.527 -4.507 -4.01 -3.42 -5.71
0.00187 -6.154 -6.234 -6.269 -6.26 -6.101 -5.867 -6.172 -6.241 -6.098 -5.858 -5.57 -5.209 -6.247 -6.029 -5.706 -5.432 -5.156 -6.015 -5.722 -5.449 -5.249 -5.175 -5.73 -5.904 -5.592 -4.572 -4.075 -3.485 -5.775
0.001926 -6.217 -6.297 -6.332 -6.324 -6.165 -5.931 -6.235 -6.305 -6.161 -5.922 -5.634 -5.273 -6.31 -6.093 -5.769 -5.495 -5.22 -6.078 -5.785 -5.513 -5.313 -5.239 -5.794 -5.968 -5.655 -4.636 -4.139 -3.549 -5.838
0.001984 -6.277 -6.357 -6.393 -6.385 -6.227 -5.993 -6.296 -6.366 -6.223 -5.984 -5.696 -5.336 -6.372 -6.155 -5.832 -5.558 -5.283 -6.141 -5.848 -5.576 -5.376 -5.302 -5.856 -6.03 -5.718 -4.699 -4.202 -3.612 -5.901
0.002044 -6.335 -6.416 -6.452 -6.446 -6.288 -6.055 -6.355 -6.427 -6.285 -6.046 -5.758 -5.398 -6.433 -6.216 -5.894 -5.62 -5.345 -6.202 -5.91 -5.638 -5.438 -5.364 -5.918 -6.092 -5.78 -4.762 -4.264 -3.675 -5.962
0.002106 -6.391 -6.473 -6.51 -6.505 -6.348 -6.115 -6.414 -6.487 -6.345 -6.107 -5.819 -5.46 -6.492 -6.277 -5.955 -5.681 -5.406 -6.262 -5.971 -5.699 -5.499 -5.425 -5.979 -6.152 -5.841 -4.823 -4.327 -3.737 -6.023
0.00217 -6.445 -6.528 -6.566 -6.563 -6.407 -6.175 -6.471 -6.545 -6.404 -6.167 -5.88 -5.52 -6.551 -6.336 -6.015 -5.742 -5.467 -6.322 -6.031 -5.759 -5.56 -5.485 -6.039 -6.212 -5.901 -4.885 -4.388 -3.799 -6.083
0.002236 -6.498 -6.582 -6.621 -6.621 -6.466 -6.234 -6.526 -6.602 -6.462 -6.226 -5.939 -5.581 -6.608 -6.395 -6.074 -5.802 -5.528 -6.38 -6.09 -5.819 -5.62 -5.545 -6.098 -6.271 -5.961 -4.945 -4.449 -3.86 -6.142
0.002303 -6.55 -6.635 -6.675 -6.677 -6.523 -6.293 -6.581 -6.659 -6.52 -6.284 -5.998 -5.64 -6.664 -6.452 -6.133 -5.861 -5.587 -6.438 -6.149 -5.879 -5.679 -5.605 -6.157 -6.329 -6.02 -5.006 -4.51 -3.921 -6.2
0.002373 -6.599 -6.686 -6.728 -6.732 -6.58 -6.351 -6.634 -6.714 -6.576 -6.342 -6.057 -5.699 -6.72 -6.51 -6.191 -5.92 -5.647 -6.495 -6.207 -5.937 -5.738 -5.663 -6.215 -6.387 -6.078 -5.065 -4.57 -3.981 -6.258
0.002445 -6.648 -6.737 -6.779 -6.787 -6.636 -6.408 -6.687 -6.769 -6.632 -6.399 -6.115 -5.758 -6.775 -6.566 -6.249 -5.978 -5.705 -6.552 -6.265 -5.995 -5.797 -5.721 -6.272 -6.444 -6.136 -5.125 -4.629 -4.041 -6.315
0.002519 -6.695 -6.786 -6.83 -6.84 -6.691 -6.464 -6.738 -6.823 -6.688 -6.456 -6.172 -5.816 -6.829 -6.622 -6.306 -6.036 -5.764 -6.608 -6.322 -6.053 -5.855 -5.779 -6.329 -6.5 -6.194 -5.184 -4.689 -4.101 -6.372
0.002595 -6.741 -6.833 -6.88 -6.893 -6.746 -6.52 -6.789 -6.876 -6.743 -6.512 -6.229 -5.874 -6.882 -6.677 -6.363 -6.094 -5.821 -6.663 -6.378 -6.11 -5.912 -5.836 -6.385 -6.556 -6.251 -5.242 -4.748 -4.16 -6.428
0.002673 -6.786 -6.88 -6.928 -6.946 -6.8 -6.576 -6.839 -6.929 -6.797 -6.567 -6.286 -5.931 -6.934 -6.731 -6.419 -6.15 -5.879 -6.718 -6.434 -6.167 -5.969 -5.893 -6.441 -6.611 -6.307 -5.301 -4.806 -4.219 -6.483
0.002754 -6.83 -6.926 -6.976 -6.997 -6.854 -6.631 -6.888 -6.981 -6.85 -6.622 -6.342 -5.988 -6.986 -6.786 -6.475 -6.207 -5.936 -6.772 -6.49 -6.223 -6.026 -5.95 -6.496 -6.666 -6.363 -5.359 -4.865 -4.278 -6.538
0.002837 -6.873 -6.971 -7.023 -7.048 -6.907 -6.686 -6.936 -7.032 -6.903 -6.677 -6.397 -6.045 -7.038 -6.839 -6.53 -6.263 -5.993 -6.826 -6.545 -6.279 -6.082 -6.006 -6.551 -6.72 -6.419 -5.416 -4.923 -4.336 -6.593
0.002923 -6.915 -7.016 -7.069 -7.099 -6.959 -6.74 -6.984 -7.083 -6.956 -6.731 -6.453 -6.101 -7.088 -6.892 -6.585 -6.319 -6.049 -6.879 -6.599 -6.335 -6.138 -6.061 -6.606 -6.774 -6.474 -5.473 -4.981 -4.394 -6.647
0.003012 -6.956 -7.059 -7.115 -7.148 -7.011 -6.793 -7.031 -7.133 -7.008 -6.785 -6.508 -6.157 -7.138 -6.945 -6.639 -6.374 -6.105 -6.932 -6.654 -6.39 -6.194 -6.117 -6.66 -6.827 -6.529 -5.53 -5.038 -4.452 -6.7
0.003103 -6.996 -7.101 -7.159 -7.198 -7.063 -6.847 -7.077 -7.183 -7.059 -6.838 -6.562 -6.212 -7.188 -6.997 -6.693 -6.429 -6.161 -6.984 -6.708 -6.445 -6.249 -6.172 -6.713 -6.88 -6.583 -5.587 -5.095 -4.51 -6.754
0.003196 -7.035 -7.143 -7.203 -7.246 -7.114 -6.9 -7.122 -7.232 -7.111 -6.891 -6.616 -6.268 -7.237 -7.049 -6.747 -6.484 -6.216 -7.036 -6.761 -6.499 -6.304 -6.226 -6.766 -6.932 -6.637 -5.644 -5.153 -4.568 -6.807
0.003293 -7.074 -7.184 -7.246 -7.295 -7.165 -6.952 -7.167 -7.281 -7.161 -6.944 -6.67 -6.323 -7.286 -7.1 -6.8 -6.538 -6.271 -7.087 -6.814 -6.554 -6.359 -6.281 -6.819 -6.984 -6.691 -5.7 -5.209 -4.625 -6.859
0.003393 -7.111 -7.224 -7.289 -7.342 -7.215 -7.004 -7.212 -7.329 -7.211 -6.996 -6.724 -6.377 -7.334 -7.151 -6.853 -6.592 -6.326 -7.138 -6.867 -6.608 -6.413 -6.335 -6.872 -7.036 -6.744 -5.756 -5.266 -4.682 -6.911
0.003495 -7.148 -7.263 -7.331 -7.389 -7.265 -7.056 -7.256 -7.376 -7.261 -7.048 -6.777 -6.432 -7.381 -7.201 -6.906 -6.646 -6.381 -7.189 -6.92 -6.661 -6.467 -6.389 -6.924 -7.088 -6.797 -5.812 -5.322 -4.739 -6.963
0.003601 -7.184 -7.302 -7.372 -7.436 -7.314 -7.108 -7.299 -7.423 -7.311 -7.099 -6.83 -6.486 -7.428 -7.251 -6.958 -6.7 -6.435 -7.239 -6.972 -6.715 -6.521 -6.442 -6.976 -7.139 -6.85 -5.867 -5.378 -4.796 -7.015
0.00371 -7.219 -7.34 -7.413 -7.482 -7.363 -7.159 -7.342 -7.47 -7.36 -7.15 -6.882 -6.54 -7.475 -7.301 -7.01 -6.753 -6.489 -7.289 -7.024 -6.768 -6.575 -6.496 -7.028 -7.189 -6.903 -5.922 -5.434 -4.852 -7.066
0.003822 -7.254 -7.378 -7.453 -7.528 -7.412 -7.21 -7.384 -7.516 -7.408 -7.201 -6.935 -6.594 -7.521 -7.351 -7.062 -6.806 -6.543 -7.339 -7.076 -6.821 -6.628 -6.549 -7.079 -7.24 -6.955 -5.978 -5.49 -4.908 -7.117
0.003938 -7.287 -7.414 -7.493 -7.573 -7.46 -7.26 -7.426 -7.562 -7.457 -7.252 -6.987 -6.647 -7.567 -7.4 -7.114 -6.859 -6.597 -7.388 -7.127 -6.873 -6.681 -6.602 -7.13 -7.29 -7.007 -6.033 -5.546 -4.965 -7.167
0.004057 -7.321 -7.45 -7.532 -7.618 -7.508 -7.31 -7.467 -7.608 -7.505 -7.302 -7.039 -6.7 -7.612 -7.449 -7.165 -6.911 -6.65 -7.437 -7.178 -6.925 -6.734 -6.654 -7.181 -7.34 -7.059 -6.087 -5.601 -5.021 -7.217
0.00418 -7.353 -7.486 -7.57 -7.663 -7.556 -7.36 -7.508 -7.653 -7.552 -7.352 -7.09 -6.753 -7.657 -7.497 -7.216 -6.964 -6.704 -7.486 -7.229 -6.978 -6.787 -6.707 -7.231 -7.389 -7.11 -6.142 -5.657 -5.077 -7.267
0.004306 -7.385 -7.521 -7.608 -7.707 -7.603 -7.41 -7.548 -7.697 -7.6 -7.402 -7.142 -6.806 -7.702 -7.545 -7.267 -7.016 -6.757 -7.534 -7.28 -7.029 -6.839 -6.759 -7.281 -7.438 -7.162 -6.196 -5.712 -5.132 -7.317
0.004436 -7.416 -7.555 -7.646 -7.751 -7.65 -7.459 -7.588 -7.742 -7.647 -7.451 -7.193 -6.859 -7.746 -7.593 -7.317 -7.068 -6.809 -7.582 -7.33 -7.081 -6.892 -6.811 -7.331 -7.487 -7.213 -6.251 -5.767 -5.188 -7.366
0.00457 -7.446 -7.589 -7.683 -7.794 -7.697 -7.509 -7.627 -7.786 -7.693 -7.5 -7.244 -6.911 -7.79 -7.64 -7.367 -7.119 -6.862 -7.63 -7.38 -7.133 -6.944 -6.863 -7.381 -7.536 -7.264 -6.305 -5.822 -5.244 -7.416
0.004709 -7.476 -7.622 -7.719 -7.837 -7.743 -7.557 -7.666 -7.829 -7.74 -7.549 -7.294 -6.963 -7.833 -7.688 -7.417 -7.171 -6.914 -7.677 -7.43 -7.184 -6.996 -6.915 -7.43 -7.584 -7.314 -6.359 -5.876 -5.299 -7.464
0.004851 -7.505 -7.654 -7.755 -7.879 -7.789 -7.606 -7.705 -7.872 -7.786 -7.598 -7.345 -7.015 -7.876 -7.734 -7.467 -7.222 -6.967 -7.724 -7.48 -7.235 -7.047 -6.966 -7.48 -7.632 -7.364 -6.412 -5.931 -5.354 -7.513
0.004998 -7.534 -7.686 -7.79 -7.921 -7.834 -7.654 -7.743 -7.915 -7.831 -7.646 -7.395 -7.067 -7.919 -7.781 -7.517 -7.273 -7.019 -7.771 -7.529 -7.286 -7.099 -7.018 -7.529 -7.68 -7.415 -6.466 -5.985 -5.409 -7.562
0.005149 -7.562 -7.717 -7.825 -7.963 -7.88 -7.702 -7.781 -7.957 -7.877 -7.695 -7.445 -7.119 -7.961 -7.827 -7.566 -7.324 -7.071 -7.818 -7.578 -7.336 -7.15 -7.069 -7.577 -7.728 -7.464 -6.519 -6.04 -5.464 -7.61
0.005305 -7.589 -7.748 -7.859 -8.004 -7.925 -7.75 -7.818 -7.999 -7.922 -7.742 -7.495 -7.17 -8.003 -7.873 -7.615 -7.374 -7.122 -7.864 -7.627 -7.387 -7.201 -7.12 -7.626 -7.775 -7.514 -6.573 -6.094 -5.519 -7.658
0.005465 -7.616 -7.778 -7.893 -8.045 -7.97 -7.798 -7.855 -8.041 -7.967 -7.79 -7.545 -7.222 -8.044 -7.919 -7.664 -7.425 -7.174 -7.91 -7.676 -7.437 -7.253 -7.171 -7.674 -7.822 -7.564 -6.626 -6.148 -5.574 -7.705
0.00563 -7.642 -7.808 -7.927 -8.086 -8.014 -7.845 -7.892 -8.082 -8.011 -7.837 -7.594 -7.273 -8.086 -7.965 -7.713 -7.475 -7.225 -7.956 -7.724 -7.487 -7.303 -7.222 -7.722 -7.869 -7.613 -6.679 -6.202 -5.629 -7.753
0.005801 -7.667 -7.837 -7.96 -8.126 -8.058 -7.892 -7.928 -8.123 -8.055 -7.885 -7.643 -7.324 -8.126 -8.01 -7.761 -7.525 -7.277 -8.002 -7.773 -7.537 -7.354 -7.272 -7.77 -7.915 -7.662 -6.732 -6.256 -5.683 -7.8
0.005976 -7.692 -7.865 -7.992 -8.166 -8.102 -7.939 -7.964 -8.164 -8.099 -7.932 -7.692 -7.375 -8.167 -8.055 -7.809 -7.575 -7.328 -8.047 -7.821 -7.587 -7.405 -7.323 -7.817 -7.962 -7.711 -6.785 -6.309 -5.738 -7.847
0.006157 -7.717 -7.893 -8.024 -8.206 -8.146 -7.986 -7.999 -8.204 -8.143 -7.978 -7.741 -7.425 -8.207 -8.099 -7.857 -7.625 -7.379 -8.092 -7.869 -7.636 -7.455 -7.373 -7.865 -8.008 -7.76 -6.837 -6.363 -5.792 -7.894
0.006343 -7.741 -7.921 -8.055 -8.245 -8.189 -8.032 -8.034 -8.244 -8.186 -8.025 -7.79 -7.476 -8.247 -8.144 -7.905 -7.674 -7.429 -8.137 -7.916 -7.686 -7.505 -7.423 -7.912 -8.053 -7.808 -6.89 -6.416 -5.846 -7.94
0.006535 -7.764 -7.947 -8.086 -8.284 -8.232 -8.079 -8.069 -8.284 -8.229 -8.071 -7.838 -7.526 -8.286 -8.188 -7.953 -7.723 -7.48 -8.181 -7.964 -7.735 -7.555 -7.473 -7.959 -8.099 -7.856 -6.942 -6.47 -5.9 -7.986
0.006732 -7.786 -7.974 -8.117 -8.322 -8.275 -8.125 -8.103 -8.323 -8.272 -8.117 -7.886 -7.576 -8.325 -8.232 -8.0 -7.773 -7.53 -8.225 -8.011 -7.784 -7.605 -7.523 -8.005 -8.144 -7.904 -6.995 -6.523 -5.954 -8.032
0.006936 -7.809 -8.0 -8.147 -8.36 -8.318 -8.17 -8.137 -8.362 -8.315 -8.163 -7.934 -7.626 -8.364 -8.276 -8.047 -7.822 -7.581 -8.269 -8.058 -7.833 -7.655 -7.573 -8.052 -8.189 -7.952 -7.047 -6.576 -6.008 -8.078
0.007146 -7.83 -8.025 -8.177 -8.398 -8.36 -8.216 -8.171 -8.4 -8.357 -8.208 -7.982 -7.676 -8.403 -8.319 -8.094 -7.87 -7.631 -8.313 -8.105 -7.881 -7.704 -7.622 -8.098 -8.234 -8.0 -7.099 -6.629 -6.062 -8.124
0.007362 -7.851 -8.049 -8.206 -8.436 -8.402 -8.261 -8.204 -8.438 -8.399 -8.254 -8.03 -7.726 -8.441 -8.362 -8.141 -7.919 -7.681 -8.357 -8.152 -7.93 -7.754 -7.672 -8.144 -8.279 -8.048 -7.151 -6.682 -6.116 -8.169
0.007585 -7.871 -8.074 -8.235 -8.473 -8.443 -8.306 -8.237 -8.476 -8.44 -8.299 -8.077 -7.776 -8.478 -8.405 -8.188 -7.968 -7.731 -8.4 -8.198 -7.978 -7.803 -7.721 -8.19 -8.323 -8.095 -7.202 -6.735 -6.17 -8.215
0.007814 -7.891 -8.097 -8.263 -8.509 -8.485 -8.351 -8.27 -8.514 -8.482 -8.344 -8.125 -7.825 -8.516 -8.447 -8.234 -8.016 -7.781 -8.443 -8.244 -8.027 -7.852 -7.77 -8.236 -8.368 -8.142 -7.254 -6.788 -6.224 -8.26
0.00805 -7.91 -8.12 -8.291 -8.546 -8.526 -8.396 -8.302 -8.551 -8.523 -8.388 -8.172 -7.874 -8.553 -8.49 -8.28 -8.064 -7.83 -8.485 -8.29 -8.075 -7.901 -7.819 -8.281 -8.411 -8.189 -7.306 -6.841 -6.277 -8.304
0.008294 -7.929 -8.143 -8.318 -8.582 -8.567 -8.44 -8.334 -8.588 -8.564 -8.433 -8.219 -7.923 -8.59 -8.532 -8.326 -8.112 -7.88 -8.528 -8.336 -8.122 -7.95 -7.868 -8.327 -8.455 -8.236 -7.357 -6.893 -6.331 -8.349
0.008545 -7.947 -8.165 -8.345 -8.618 -8.607 -8.484 -8.366 -8.624 -8.604 -8.477 -8.266 -7.972 -8.626 -8.574 -8.372 -8.16 -7.929 -8.57 -8.382 -8.17 -7.999 -7.917 -8.372 -8.499 -8.283 -7.409 -6.946 -6.384 -8.393
0.008803 -7.965 -8.186 -8.371 -8.653 -8.647 -8.528 -8.397 -8.661 -8.645 -8.521 -8.312 -8.021 -8.662 -8.615 -8.418 -8.208 -7.978 -8.612 -8.428 -8.218 -8.048 -7.966 -8.416 -8.542 -8.329 -7.46 -6.998 -6.437 -8.437
0.009069 -7.982 -8.207 -8.397 -8.688 -8.687 -8.572 -8.428 -8.697 -8.685 -8.565 -8.359 -8.07 -8.698 -8.657 -8.463 -8.255 -8.027 -8.654 -8.473 -8.265 -8.096 -8.015 -8.461 -8.585 -8.375 -7.511 -7.05 -6.491 -8.481
0.009344 -7.998 -8.227 -8.422 -8.722 -8.727 -8.615 -8.459 -8.732 -8.724 -8.609 -8.405 -8.119 -8.733 -8.698 -8.508 -8.302 -8.076 -8.695 -8.518 -8.312 -8.144 -8.063 -8.506 -8.628 -8.421 -7.562 -7.103 -6.544 -8.525
0.009626 -8.014 -8.247 -8.447 -8.757 -8.767 -8.659 -8.489 -8.767 -8.764 -8.652 -8.451 -8.167 -8.768 -8.738 -8.553 -8.35 -8.125 -8.737 -8.563 -8.359 -8.193 -8.111 -8.55 -8.67 -8.467 -7.613 -7.155 -6.597 -8.569
