web/models/linear/12/-12_918_0_228.dat
# %ECSV 1.0
# ---
# datatype:
# - {name: time, datatype: float64}
# - {name: sdss_u, datatype: float64}
# - {name: sdss_g, datatype: float64}
# - {name: sdss_r, datatype: float64}
# - {name: sdss_i, datatype: float64}
# - {name: sdss_z, datatype: float64}
# - {name: Clear, datatype: float64}
# - {name: johnson_B, datatype: float64}
# - {name: johnson_V, datatype: float64}
# - {name: johnson_R, datatype: float64}
# - {name: johnson_I, datatype: float64}
# - {name: ukirt_J, datatype: float64}
# - {name: ukirt_H, datatype: float64}
# - {name: ukirt_K, datatype: float64}
# meta: !!omap
# - comment: [M=-12.918367346938776, dM=0.22797045620951936]
# schema: astropy-2.0
time sdss_u sdss_g sdss_r sdss_i sdss_z Clear johnson_B johnson_V johnson_R johnson_I ukirt_J ukirt_H ukirt_K
[from data line 175]
13.190954773869345 -9.911219369300644 -9.911219369300644 -9.911219369300644 -9.911219369300644 -9.911219369300644 -9.911219369300644 -9.911219369300644 -9.911219369300644 -9.911219369300644 -9.911219369300644 -9.911219369300644 -9.911219369300644 -9.911219369300644
13.266331658291456 -9.894035666571284 -9.894035666571284 -9.894035666571284 -9.894035666571284 -9.894035666571284 -9.894035666571284 -9.894035666571284 -9.894035666571284 -9.894035666571284 -9.894035666571284 -9.894035666571284 -9.894035666571284 -9.894035666571284
13.341708542713567 -9.876851963841922 -9.876851963841922 -9.876851963841922 -9.876851963841922 -9.876851963841922 -9.876851963841922 -9.876851963841922 -9.876851963841922 -9.876851963841922 -9.876851963841922 -9.876851963841922 -9.876851963841922 -9.876851963841922
13.417085427135678 -9.859668261112562 -9.859668261112562 -9.859668261112562 -9.859668261112562 -9.859668261112562 -9.859668261112562 -9.859668261112562 -9.859668261112562 -9.859668261112562 -9.859668261112562 -9.859668261112562 -9.859668261112562 -9.859668261112562
13.492462311557787 -9.842484558383202 -9.842484558383202 -9.842484558383202 -9.842484558383202 -9.842484558383202 -9.842484558383202 -9.842484558383202 -9.842484558383202 -9.842484558383202 -9.842484558383202 -9.842484558383202 -9.842484558383202 -9.842484558383202
13.567839195979898 -9.82530085565384 -9.82530085565384 -9.82530085565384 -9.82530085565384 -9.82530085565384 -9.82530085565384 -9.82530085565384 -9.82530085565384 -9.82530085565384 -9.82530085565384 -9.82530085565384 -9.82530085565384 -9.82530085565384
13.64321608040201 -9.80811715292448 -9.80811715292448 -9.80811715292448 -9.80811715292448 -9.80811715292448 -9.80811715292448 -9.80811715292448 -9.80811715292448 -9.80811715292448 -9.80811715292448 -9.80811715292448 -9.80811715292448 -9.80811715292448
13.718592964824118 -9.79093345019512 -9.79093345019512 -9.79093345019512 -9.79093345019512 -9.79093345019512 -9.79093345019512 -9.79093345019512 -9.79093345019512 -9.79093345019512 -9.79093345019512 -9.79093345019512 -9.79093345019512 -9.79093345019512
13.79396984924623 -9.773749747465757 -9.773749747465757 -9.773749747465757 -9.773749747465757 -9.773749747465757 -9.773749747465757 -9.773749747465757 -9.773749747465757 -9.773749747465757 -9.773749747465757 -9.773749747465757 -9.773749747465757 -9.773749747465757
13.86934673366834 -9.756566044736397 -9.756566044736397 -9.756566044736397 -9.756566044736397 -9.756566044736397 -9.756566044736397 -9.756566044736397 -9.756566044736397 -9.756566044736397 -9.756566044736397 -9.756566044736397 -9.756566044736397 -9.756566044736397
13.944723618090451 -9.739382342007037 -9.739382342007037 -9.739382342007037 -9.739382342007037 -9.739382342007037 -9.739382342007037 -9.739382342007037 -9.739382342007037 -9.739382342007037 -9.739382342007037 -9.739382342007037 -9.739382342007037 -9.739382342007037
14.020100502512562 -9.722198639277675 -9.722198639277675 -9.722198639277675 -9.722198639277675 -9.722198639277675 -9.722198639277675 -9.722198639277675 -9.722198639277675 -9.722198639277675 -9.722198639277675 -9.722198639277675 -9.722198639277675 -9.722198639277675
14.095477386934672 -9.705014936548315 -9.705014936548315 -9.705014936548315 -9.705014936548315 -9.705014936548315 -9.705014936548315 -9.705014936548315 -9.705014936548315 -9.705014936548315 -9.705014936548315 -9.705014936548315 -9.705014936548315 -9.705014936548315
14.170854271356783 -9.687831233818955 -9.687831233818955 -9.687831233818955 -9.687831233818955 -9.687831233818955 -9.687831233818955 -9.687831233818955 -9.687831233818955 -9.687831233818955 -9.687831233818955 -9.687831233818955 -9.687831233818955 -9.687831233818955
14.246231155778894 -9.670647531089593 -9.670647531089593 -9.670647531089593 -9.670647531089593 -9.670647531089593 -9.670647531089593 -9.670647531089593 -9.670647531089593 -9.670647531089593 -9.670647531089593 -9.670647531089593 -9.670647531089593 -9.670647531089593
14.321608040201003 -9.653463828360234 -9.653463828360234 -9.653463828360234 -9.653463828360234 -9.653463828360234 -9.653463828360234 -9.653463828360234 -9.653463828360234 -9.653463828360234 -9.653463828360234 -9.653463828360234 -9.653463828360234 -9.653463828360234
14.396984924623114 -9.636280125630872 -9.636280125630872 -9.636280125630872 -9.636280125630872 -9.636280125630872 -9.636280125630872 -9.636280125630872 -9.636280125630872 -9.636280125630872 -9.636280125630872 -9.636280125630872 -9.636280125630872 -9.636280125630872
14.472361809045225 -9.619096422901512 -9.619096422901512 -9.619096422901512 -9.619096422901512 -9.619096422901512 -9.619096422901512 -9.619096422901512 -9.619096422901512 -9.619096422901512 -9.619096422901512 -9.619096422901512 -9.619096422901512 -9.619096422901512
14.547738693467336 -9.601912720172152 -9.601912720172152 -9.601912720172152 -9.601912720172152 -9.601912720172152 -9.601912720172152 -9.601912720172152 -9.601912720172152 -9.601912720172152 -9.601912720172152 -9.601912720172152 -9.601912720172152 -9.601912720172152
14.623115577889447 -9.58472901744279 -9.58472901744279 -9.58472901744279 -9.58472901744279 -9.58472901744279 -9.58472901744279 -9.58472901744279 -9.58472901744279 -9.58472901744279 -9.58472901744279 -9.58472901744279 -9.58472901744279 -9.58472901744279
14.698492462311556 -9.56754531471343 -9.56754531471343 -9.56754531471343 -9.56754531471343 -9.56754531471343 -9.56754531471343 -9.56754531471343 -9.56754531471343 -9.56754531471343 -9.56754531471343 -9.56754531471343 -9.56754531471343 -9.56754531471343
14.773869346733667 -9.55036161198407 -9.55036161198407 -9.55036161198407 -9.55036161198407 -9.55036161198407 -9.55036161198407 -9.55036161198407 -9.55036161198407 -9.55036161198407 -9.55036161198407 -9.55036161198407 -9.55036161198407 -9.55036161198407
14.849246231155778 -9.533177909254707 -9.533177909254707 -9.533177909254707 -9.533177909254707 -9.533177909254707 -9.533177909254707 -9.533177909254707 -9.533177909254707 -9.533177909254707 -9.533177909254707 -9.533177909254707 -9.533177909254707 -9.533177909254707
14.924623115577887 -9.515994206525347 -9.515994206525347 -9.515994206525347 -9.515994206525347 -9.515994206525347 -9.515994206525347 -9.515994206525347 -9.515994206525347 -9.515994206525347 -9.515994206525347 -9.515994206525347 -9.515994206525347 -9.515994206525347
15.0 -9.498810503795987 -9.498810503795987 -9.498810503795987 -9.498810503795987 -9.498810503795987 -9.498810503795987 -9.498810503795987 -9.498810503795987 -9.498810503795987 -9.498810503795987 -9.498810503795987 -9.498810503795987 -9.498810503795987
