web/models/linear/12/-12_918_0_789.dat
# %ECSV 1.0
# ---
# datatype:
# - {name: time, datatype: float64}
# - {name: sdss_u, datatype: float64}
# - {name: sdss_g, datatype: float64}
# - {name: sdss_r, datatype: float64}
# - {name: sdss_i, datatype: float64}
# - {name: sdss_z, datatype: float64}
# - {name: Clear, datatype: float64}
# - {name: johnson_B, datatype: float64}
# - {name: johnson_V, datatype: float64}
# - {name: johnson_R, datatype: float64}
# - {name: johnson_I, datatype: float64}
# - {name: ukirt_J, datatype: float64}
# - {name: ukirt_H, datatype: float64}
# - {name: ukirt_K, datatype: float64}
# meta: !!omap
# - comment: [M=-12.918367346938776, dM=0.7885372992905649]
# schema: astropy-2.0
time sdss_u sdss_g sdss_r sdss_i sdss_z Clear johnson_B johnson_V johnson_R johnson_I ukirt_J ukirt_H ukirt_K
[from data line 179]
13.492462311557787 -2.2790575550032663 -2.2790575550032663 -2.2790575550032663 -2.2790575550032663 -2.2790575550032663 -2.2790575550032663 -2.2790575550032663 -2.2790575550032663 -2.2790575550032663 -2.2790575550032663 -2.2790575550032663 -2.2790575550032663 -2.2790575550032663
13.567839195979898 -2.219620070132118 -2.219620070132118 -2.219620070132118 -2.219620070132118 -2.219620070132118 -2.219620070132118 -2.219620070132118 -2.219620070132118 -2.219620070132118 -2.219620070132118 -2.219620070132118 -2.219620070132118 -2.219620070132118
13.64321608040201 -2.1601825852609693 -2.1601825852609693 -2.1601825852609693 -2.1601825852609693 -2.1601825852609693 -2.1601825852609693 -2.1601825852609693 -2.1601825852609693 -2.1601825852609693 -2.1601825852609693 -2.1601825852609693 -2.1601825852609693 -2.1601825852609693
13.718592964824118 -2.1007451003898225 -2.1007451003898225 -2.1007451003898225 -2.1007451003898225 -2.1007451003898225 -2.1007451003898225 -2.1007451003898225 -2.1007451003898225 -2.1007451003898225 -2.1007451003898225 -2.1007451003898225 -2.1007451003898225 -2.1007451003898225
13.79396984924623 -2.041307615518674 -2.041307615518674 -2.041307615518674 -2.041307615518674 -2.041307615518674 -2.041307615518674 -2.041307615518674 -2.041307615518674 -2.041307615518674 -2.041307615518674 -2.041307615518674 -2.041307615518674 -2.041307615518674
13.86934673366834 -1.9818701306475255 -1.9818701306475255 -1.9818701306475255 -1.9818701306475255 -1.9818701306475255 -1.9818701306475255 -1.9818701306475255 -1.9818701306475255 -1.9818701306475255 -1.9818701306475255 -1.9818701306475255 -1.9818701306475255 -1.9818701306475255
13.944723618090451 -1.922432645776377 -1.922432645776377 -1.922432645776377 -1.922432645776377 -1.922432645776377 -1.922432645776377 -1.922432645776377 -1.922432645776377 -1.922432645776377 -1.922432645776377 -1.922432645776377 -1.922432645776377 -1.922432645776377
14.020100502512562 -1.8629951609052284 -1.8629951609052284 -1.8629951609052284 -1.8629951609052284 -1.8629951609052284 -1.8629951609052284 -1.8629951609052284 -1.8629951609052284 -1.8629951609052284 -1.8629951609052284 -1.8629951609052284 -1.8629951609052284 -1.8629951609052284
14.095477386934672 -1.8035576760340817 -1.8035576760340817 -1.8035576760340817 -1.8035576760340817 -1.8035576760340817 -1.8035576760340817 -1.8035576760340817 -1.8035576760340817 -1.8035576760340817 -1.8035576760340817 -1.8035576760340817 -1.8035576760340817 -1.8035576760340817
14.170854271356783 -1.7441201911629332 -1.7441201911629332 -1.7441201911629332 -1.7441201911629332 -1.7441201911629332 -1.7441201911629332 -1.7441201911629332 -1.7441201911629332 -1.7441201911629332 -1.7441201911629332 -1.7441201911629332 -1.7441201911629332 -1.7441201911629332
14.246231155778894 -1.6846827062917846 -1.6846827062917846 -1.6846827062917846 -1.6846827062917846 -1.6846827062917846 -1.6846827062917846 -1.6846827062917846 -1.6846827062917846 -1.6846827062917846 -1.6846827062917846 -1.6846827062917846 -1.6846827062917846 -1.6846827062917846
14.321608040201003 -1.6252452214206379 -1.6252452214206379 -1.6252452214206379 -1.6252452214206379 -1.6252452214206379 -1.6252452214206379 -1.6252452214206379 -1.6252452214206379 -1.6252452214206379 -1.6252452214206379 -1.6252452214206379 -1.6252452214206379 -1.6252452214206379
14.396984924623114 -1.5658077365494893 -1.5658077365494893 -1.5658077365494893 -1.5658077365494893 -1.5658077365494893 -1.5658077365494893 -1.5658077365494893 -1.5658077365494893 -1.5658077365494893 -1.5658077365494893 -1.5658077365494893 -1.5658077365494893 -1.5658077365494893
14.472361809045225 -1.5063702516783408 -1.5063702516783408 -1.5063702516783408 -1.5063702516783408 -1.5063702516783408 -1.5063702516783408 -1.5063702516783408 -1.5063702516783408 -1.5063702516783408 -1.5063702516783408 -1.5063702516783408 -1.5063702516783408 -1.5063702516783408
14.547738693467336 -1.4469327668071923 -1.4469327668071923 -1.4469327668071923 -1.4469327668071923 -1.4469327668071923 -1.4469327668071923 -1.4469327668071923 -1.4469327668071923 -1.4469327668071923 -1.4469327668071923 -1.4469327668071923 -1.4469327668071923 -1.4469327668071923
14.623115577889447 -1.3874952819360438 -1.3874952819360438 -1.3874952819360438 -1.3874952819360438 -1.3874952819360438 -1.3874952819360438 -1.3874952819360438 -1.3874952819360438 -1.3874952819360438 -1.3874952819360438 -1.3874952819360438 -1.3874952819360438 -1.3874952819360438
14.698492462311556 -1.328057797064897 -1.328057797064897 -1.328057797064897 -1.328057797064897 -1.328057797064897 -1.328057797064897 -1.328057797064897 -1.328057797064897 -1.328057797064897 -1.328057797064897 -1.328057797064897 -1.328057797064897 -1.328057797064897
14.773869346733667 -1.2686203121937485 -1.2686203121937485 -1.2686203121937485 -1.2686203121937485 -1.2686203121937485 -1.2686203121937485 -1.2686203121937485 -1.2686203121937485 -1.2686203121937485 -1.2686203121937485 -1.2686203121937485 -1.2686203121937485 -1.2686203121937485
14.849246231155778 -1.2091828273226 -1.2091828273226 -1.2091828273226 -1.2091828273226 -1.2091828273226 -1.2091828273226 -1.2091828273226 -1.2091828273226 -1.2091828273226 -1.2091828273226 -1.2091828273226 -1.2091828273226 -1.2091828273226
14.924623115577887 -1.1497453424514514 -1.1497453424514514 -1.1497453424514514 -1.1497453424514514 -1.1497453424514514 -1.1497453424514514 -1.1497453424514514 -1.1497453424514514 -1.1497453424514514 -1.1497453424514514 -1.1497453424514514 -1.1497453424514514 -1.1497453424514514
15.0 -1.090307857580303 -1.090307857580303 -1.090307857580303 -1.090307857580303 -1.090307857580303 -1.090307857580303 -1.090307857580303 -1.090307857580303 -1.090307857580303 -1.090307857580303 -1.090307857580303 -1.090307857580303 -1.090307857580303
