web/models/linear/100/-21_000_0_077.dat
# %ECSV 1.0
# ---
# datatype:
# - {name: time, datatype: float64}
# - {name: swift_uvot_uvw2, datatype: float64}
# - {name: swift_uvot_uvm2, datatype: float64}
# - {name: swift_uvot_uvw1, datatype: float64}
# - {name: swift_uvot_U, datatype: float64}
# - {name: swift_uvot_B, datatype: float64}
# - {name: swift_uvot_V, datatype: float64}
# - {name: swift_uvot_W, datatype: float64}
# - {name: johnson_U, datatype: float64}
# - {name: johnson_B, datatype: float64}
# - {name: johnson_V, datatype: float64}
# - {name: johnson_R, datatype: float64}
# - {name: johnson_I, datatype: float64}
# - {name: sdss_u, datatype: float64}
# - {name: sdss_g, datatype: float64}
# - {name: sdss_r, datatype: float64}
# - {name: sdss_i, datatype: float64}
# - {name: sdss_z, datatype: float64}
# - {name: PS1_g, datatype: float64}
# - {name: PS1_r, datatype: float64}
# - {name: PS1_i, datatype: float64}
# - {name: PS1_z, datatype: float64}
# - {name: PS1_Y, datatype: float64}
# - {name: PS1_w, datatype: float64}
# - {name: ATLAS_c, datatype: float64}
# - {name: ATLAS_o, datatype: float64}
# - {name: ukirt_J, datatype: float64}
# - {name: ukirt_H, datatype: float64}
# - {name: ukirt_K, datatype: float64}
# - {name: Clear, datatype: float64}
# meta: !!omap
# - comment: [M=-21.0, dM=0.07696669794067013]
# schema: astropy-2.0
time swift_uvot_uvw2 swift_uvot_uvm2 swift_uvot_uvw1 swift_uvot_U swift_uvot_B swift_uvot_V swift_uvot_W johnson_U johnson_B johnson_V johnson_R johnson_I sdss_u sdss_g sdss_r sdss_i sdss_z PS1_g PS1_r PS1_i PS1_z PS1_Y PS1_w ATLAS_c ATLAS_o ukirt_J ukirt_H ukirt_K Clear
[from data line 110]
8.29145728643216 -20.36183391154721 -20.36183391154721 -20.36183391154721 -20.36183391154721 -20.36183391154721 -20.36183391154721 -20.36183391154721 -20.36183391154721 -20.36183391154721 -20.36183391154721 -20.36183391154721 -20.36183391154721 -20.36183391154721 -20.36183391154721 -20.36183391154721 -20.36183391154721 -20.36183391154721 -20.36183391154721 -20.36183391154721 -20.36183391154721 -20.36183391154721 -20.36183391154721 -20.36183391154721 -20.36183391154721 -20.36183391154721 -20.36183391154721 -20.36183391154721 -20.36183391154721 -20.36183391154721
8.36683417085427 -20.356032401652183 -20.356032401652183 -20.356032401652183 -20.356032401652183 -20.356032401652183 -20.356032401652183 -20.356032401652183 -20.356032401652183 -20.356032401652183 -20.356032401652183 -20.356032401652183 -20.356032401652183 -20.356032401652183 -20.356032401652183 -20.356032401652183 -20.356032401652183 -20.356032401652183 -20.356032401652183 -20.356032401652183 -20.356032401652183 -20.356032401652183 -20.356032401652183 -20.356032401652183 -20.356032401652183 -20.356032401652183 -20.356032401652183 -20.356032401652183 -20.356032401652183 -20.356032401652183
8.442211055276381 -20.350230891757157 -20.350230891757157 -20.350230891757157 -20.350230891757157 -20.350230891757157 -20.350230891757157 -20.350230891757157 -20.350230891757157 -20.350230891757157 -20.350230891757157 -20.350230891757157 -20.350230891757157 -20.350230891757157 -20.350230891757157 -20.350230891757157 -20.350230891757157 -20.350230891757157 -20.350230891757157 -20.350230891757157 -20.350230891757157 -20.350230891757157 -20.350230891757157 -20.350230891757157 -20.350230891757157 -20.350230891757157 -20.350230891757157 -20.350230891757157 -20.350230891757157 -20.350230891757157
8.517587939698492 -20.34442938186213 -20.34442938186213 -20.34442938186213 -20.34442938186213 -20.34442938186213 -20.34442938186213 -20.34442938186213 -20.34442938186213 -20.34442938186213 -20.34442938186213 -20.34442938186213 -20.34442938186213 -20.34442938186213 -20.34442938186213 -20.34442938186213 -20.34442938186213 -20.34442938186213 -20.34442938186213 -20.34442938186213 -20.34442938186213 -20.34442938186213 -20.34442938186213 -20.34442938186213 -20.34442938186213 -20.34442938186213 -20.34442938186213 -20.34442938186213 -20.34442938186213 -20.34442938186213
8.592964824120603 -20.338627871967105 -20.338627871967105 -20.338627871967105 -20.338627871967105 -20.338627871967105 -20.338627871967105 -20.338627871967105 -20.338627871967105 -20.338627871967105 -20.338627871967105 -20.338627871967105 -20.338627871967105 -20.338627871967105 -20.338627871967105 -20.338627871967105 -20.338627871967105 -20.338627871967105 -20.338627871967105 -20.338627871967105 -20.338627871967105 -20.338627871967105 -20.338627871967105 -20.338627871967105 -20.338627871967105 -20.338627871967105 -20.338627871967105 -20.338627871967105 -20.338627871967105 -20.338627871967105
8.668341708542712 -20.33282636207208 -20.33282636207208 -20.33282636207208 -20.33282636207208 -20.33282636207208 -20.33282636207208 -20.33282636207208 -20.33282636207208 -20.33282636207208 -20.33282636207208 -20.33282636207208 -20.33282636207208 -20.33282636207208 -20.33282636207208 -20.33282636207208 -20.33282636207208 -20.33282636207208 -20.33282636207208 -20.33282636207208 -20.33282636207208 -20.33282636207208 -20.33282636207208 -20.33282636207208 -20.33282636207208 -20.33282636207208 -20.33282636207208 -20.33282636207208 -20.33282636207208 -20.33282636207208
8.743718592964823 -20.327024852177054 -20.327024852177054 -20.327024852177054 -20.327024852177054 -20.327024852177054 -20.327024852177054 -20.327024852177054 -20.327024852177054 -20.327024852177054 -20.327024852177054 -20.327024852177054 -20.327024852177054 -20.327024852177054 -20.327024852177054 -20.327024852177054 -20.327024852177054 -20.327024852177054 -20.327024852177054 -20.327024852177054 -20.327024852177054 -20.327024852177054 -20.327024852177054 -20.327024852177054 -20.327024852177054 -20.327024852177054 -20.327024852177054 -20.327024852177054 -20.327024852177054 -20.327024852177054
8.819095477386934 -20.32122334228203 -20.32122334228203 -20.32122334228203 -20.32122334228203 -20.32122334228203 -20.32122334228203 -20.32122334228203 -20.32122334228203 -20.32122334228203 -20.32122334228203 -20.32122334228203 -20.32122334228203 -20.32122334228203 -20.32122334228203 -20.32122334228203 -20.32122334228203 -20.32122334228203 -20.32122334228203 -20.32122334228203 -20.32122334228203 -20.32122334228203 -20.32122334228203 -20.32122334228203 -20.32122334228203 -20.32122334228203 -20.32122334228203 -20.32122334228203 -20.32122334228203 -20.32122334228203
8.894472361809044 -20.315421832387006 -20.315421832387006 -20.315421832387006 -20.315421832387006 -20.315421832387006 -20.315421832387006 -20.315421832387006 -20.315421832387006 -20.315421832387006 -20.315421832387006 -20.315421832387006 -20.315421832387006 -20.315421832387006 -20.315421832387006 -20.315421832387006 -20.315421832387006 -20.315421832387006 -20.315421832387006 -20.315421832387006 -20.315421832387006 -20.315421832387006 -20.315421832387006 -20.315421832387006 -20.315421832387006 -20.315421832387006 -20.315421832387006 -20.315421832387006 -20.315421832387006 -20.315421832387006
8.969849246231155 -20.30962032249198 -20.30962032249198 -20.30962032249198 -20.30962032249198 -20.30962032249198 -20.30962032249198 -20.30962032249198 -20.30962032249198 -20.30962032249198 -20.30962032249198 -20.30962032249198 -20.30962032249198 -20.30962032249198 -20.30962032249198 -20.30962032249198 -20.30962032249198 -20.30962032249198 -20.30962032249198 -20.30962032249198 -20.30962032249198 -20.30962032249198 -20.30962032249198 -20.30962032249198 -20.30962032249198 -20.30962032249198 -20.30962032249198 -20.30962032249198 -20.30962032249198 -20.30962032249198
9.045226130653266 -20.303818812596955 -20.303818812596955 -20.303818812596955 -20.303818812596955 -20.303818812596955 -20.303818812596955 -20.303818812596955 -20.303818812596955 -20.303818812596955 -20.303818812596955 -20.303818812596955 -20.303818812596955 -20.303818812596955 -20.303818812596955 -20.303818812596955 -20.303818812596955 -20.303818812596955 -20.303818812596955 -20.303818812596955 -20.303818812596955 -20.303818812596955 -20.303818812596955 -20.303818812596955 -20.303818812596955 -20.303818812596955 -20.303818812596955 -20.303818812596955 -20.303818812596955 -20.303818812596955
9.120603015075377 -20.29801730270193 -20.29801730270193 -20.29801730270193 -20.29801730270193 -20.29801730270193 -20.29801730270193 -20.29801730270193 -20.29801730270193 -20.29801730270193 -20.29801730270193 -20.29801730270193 -20.29801730270193 -20.29801730270193 -20.29801730270193 -20.29801730270193 -20.29801730270193 -20.29801730270193 -20.29801730270193 -20.29801730270193 -20.29801730270193 -20.29801730270193 -20.29801730270193 -20.29801730270193 -20.29801730270193 -20.29801730270193 -20.29801730270193 -20.29801730270193 -20.29801730270193 -20.29801730270193
9.195979899497488 -20.292215792806903 -20.292215792806903 -20.292215792806903 -20.292215792806903 -20.292215792806903 -20.292215792806903 -20.292215792806903 -20.292215792806903 -20.292215792806903 -20.292215792806903 -20.292215792806903 -20.292215792806903 -20.292215792806903 -20.292215792806903 -20.292215792806903 -20.292215792806903 -20.292215792806903 -20.292215792806903 -20.292215792806903 -20.292215792806903 -20.292215792806903 -20.292215792806903 -20.292215792806903 -20.292215792806903 -20.292215792806903 -20.292215792806903 -20.292215792806903 -20.292215792806903 -20.292215792806903
9.271356783919597 -20.286414282911878 -20.286414282911878 -20.286414282911878 -20.286414282911878 -20.286414282911878 -20.286414282911878 -20.286414282911878 -20.286414282911878 -20.286414282911878 -20.286414282911878 -20.286414282911878 -20.286414282911878 -20.286414282911878 -20.286414282911878 -20.286414282911878 -20.286414282911878 -20.286414282911878 -20.286414282911878 -20.286414282911878 -20.286414282911878 -20.286414282911878 -20.286414282911878 -20.286414282911878 -20.286414282911878 -20.286414282911878 -20.286414282911878 -20.286414282911878 -20.286414282911878 -20.286414282911878
9.346733668341708 -20.280612773016852 -20.280612773016852 -20.280612773016852 -20.280612773016852 -20.280612773016852 -20.280612773016852 -20.280612773016852 -20.280612773016852 -20.280612773016852 -20.280612773016852 -20.280612773016852 -20.280612773016852 -20.280612773016852 -20.280612773016852 -20.280612773016852 -20.280612773016852 -20.280612773016852 -20.280612773016852 -20.280612773016852 -20.280612773016852 -20.280612773016852 -20.280612773016852 -20.280612773016852 -20.280612773016852 -20.280612773016852 -20.280612773016852 -20.280612773016852 -20.280612773016852 -20.280612773016852
9.422110552763819 -20.274811263121826 -20.274811263121826 -20.274811263121826 -20.274811263121826 -20.274811263121826 -20.274811263121826 -20.274811263121826 -20.274811263121826 -20.274811263121826 -20.274811263121826 -20.274811263121826 -20.274811263121826 -20.274811263121826 -20.274811263121826 -20.274811263121826 -20.274811263121826 -20.274811263121826 -20.274811263121826 -20.274811263121826 -20.274811263121826 -20.274811263121826 -20.274811263121826 -20.274811263121826 -20.274811263121826 -20.274811263121826 -20.274811263121826 -20.274811263121826 -20.274811263121826 -20.274811263121826
9.497487437185928 -20.2690097532268 -20.2690097532268 -20.2690097532268 -20.2690097532268 -20.2690097532268 -20.2690097532268 -20.2690097532268 -20.2690097532268 -20.2690097532268 -20.2690097532268 -20.2690097532268 -20.2690097532268 -20.2690097532268 -20.2690097532268 -20.2690097532268 -20.2690097532268 -20.2690097532268 -20.2690097532268 -20.2690097532268 -20.2690097532268 -20.2690097532268 -20.2690097532268 -20.2690097532268 -20.2690097532268 -20.2690097532268 -20.2690097532268 -20.2690097532268 -20.2690097532268 -20.2690097532268
9.572864321608039 -20.263208243331775 -20.263208243331775 -20.263208243331775 -20.263208243331775 -20.263208243331775 -20.263208243331775 -20.263208243331775 -20.263208243331775 -20.263208243331775 -20.263208243331775 -20.263208243331775 -20.263208243331775 -20.263208243331775 -20.263208243331775 -20.263208243331775 -20.263208243331775 -20.263208243331775 -20.263208243331775 -20.263208243331775 -20.263208243331775 -20.263208243331775 -20.263208243331775 -20.263208243331775 -20.263208243331775 -20.263208243331775 -20.263208243331775 -20.263208243331775 -20.263208243331775 -20.263208243331775
9.64824120603015 -20.25740673343675 -20.25740673343675 -20.25740673343675 -20.25740673343675 -20.25740673343675 -20.25740673343675 -20.25740673343675 -20.25740673343675 -20.25740673343675 -20.25740673343675 -20.25740673343675 -20.25740673343675 -20.25740673343675 -20.25740673343675 -20.25740673343675 -20.25740673343675 -20.25740673343675 -20.25740673343675 -20.25740673343675 -20.25740673343675 -20.25740673343675 -20.25740673343675 -20.25740673343675 -20.25740673343675 -20.25740673343675 -20.25740673343675 -20.25740673343675 -20.25740673343675 -20.25740673343675
9.72361809045226 -20.251605223541723 -20.251605223541723 -20.251605223541723 -20.251605223541723 -20.251605223541723 -20.251605223541723 -20.251605223541723 -20.251605223541723 -20.251605223541723 -20.251605223541723 -20.251605223541723 -20.251605223541723 -20.251605223541723 -20.251605223541723 -20.251605223541723 -20.251605223541723 -20.251605223541723 -20.251605223541723 -20.251605223541723 -20.251605223541723 -20.251605223541723 -20.251605223541723 -20.251605223541723 -20.251605223541723 -20.251605223541723 -20.251605223541723 -20.251605223541723 -20.251605223541723 -20.251605223541723
9.798994974874372 -20.2458037136467 -20.2458037136467 -20.2458037136467 -20.2458037136467 -20.2458037136467 -20.2458037136467 -20.2458037136467 -20.2458037136467 -20.2458037136467 -20.2458037136467 -20.2458037136467 -20.2458037136467 -20.2458037136467 -20.2458037136467 -20.2458037136467 -20.2458037136467 -20.2458037136467 -20.2458037136467 -20.2458037136467 -20.2458037136467 -20.2458037136467 -20.2458037136467 -20.2458037136467 -20.2458037136467 -20.2458037136467 -20.2458037136467 -20.2458037136467 -20.2458037136467 -20.2458037136467
9.874371859296481 -20.240002203751676 -20.240002203751676 -20.240002203751676 -20.240002203751676 -20.240002203751676 -20.240002203751676 -20.240002203751676 -20.240002203751676 -20.240002203751676 -20.240002203751676 -20.240002203751676 -20.240002203751676 -20.240002203751676 -20.240002203751676 -20.240002203751676 -20.240002203751676 -20.240002203751676 -20.240002203751676 -20.240002203751676 -20.240002203751676 -20.240002203751676 -20.240002203751676 -20.240002203751676 -20.240002203751676 -20.240002203751676 -20.240002203751676 -20.240002203751676 -20.240002203751676 -20.240002203751676
9.949748743718592 -20.23420069385665 -20.23420069385665 -20.23420069385665 -20.23420069385665 -20.23420069385665 -20.23420069385665 -20.23420069385665 -20.23420069385665 -20.23420069385665 -20.23420069385665 -20.23420069385665 -20.23420069385665 -20.23420069385665 -20.23420069385665 -20.23420069385665 -20.23420069385665 -20.23420069385665 -20.23420069385665 -20.23420069385665 -20.23420069385665 -20.23420069385665 -20.23420069385665 -20.23420069385665 -20.23420069385665 -20.23420069385665 -20.23420069385665 -20.23420069385665 -20.23420069385665 -20.23420069385665
10.025125628140703 -20.228399183961624 -20.228399183961624 -20.228399183961624 -20.228399183961624 -20.228399183961624 -20.228399183961624 -20.228399183961624 -20.228399183961624 -20.228399183961624 -20.228399183961624 -20.228399183961624 -20.228399183961624 -20.228399183961624 -20.228399183961624 -20.228399183961624 -20.228399183961624 -20.228399183961624 -20.228399183961624 -20.228399183961624 -20.228399183961624 -20.228399183961624 -20.228399183961624 -20.228399183961624 -20.228399183961624 -20.228399183961624 -20.228399183961624 -20.228399183961624 -20.228399183961624 -20.228399183961624
10.100502512562812 -20.2225976740666 -20.2225976740666 -20.2225976740666 -20.2225976740666 -20.2225976740666 -20.2225976740666 -20.2225976740666 -20.2225976740666 -20.2225976740666 -20.2225976740666 -20.2225976740666 -20.2225976740666 -20.2225976740666 -20.2225976740666 -20.2225976740666 -20.2225976740666 -20.2225976740666 -20.2225976740666 -20.2225976740666 -20.2225976740666 -20.2225976740666 -20.2225976740666 -20.2225976740666 -20.2225976740666 -20.2225976740666 -20.2225976740666 -20.2225976740666 -20.2225976740666 -20.2225976740666
10.175879396984923 -20.216796164171573 -20.216796164171573 -20.216796164171573 -20.216796164171573 -20.216796164171573 -20.216796164171573 -20.216796164171573 -20.216796164171573 -20.216796164171573 -20.216796164171573 -20.216796164171573 -20.216796164171573 -20.216796164171573 -20.216796164171573 -20.216796164171573 -20.216796164171573 -20.216796164171573 -20.216796164171573 -20.216796164171573 -20.216796164171573 -20.216796164171573 -20.216796164171573 -20.216796164171573 -20.216796164171573 -20.216796164171573 -20.216796164171573 -20.216796164171573 -20.216796164171573 -20.216796164171573
10.251256281407034 -20.210994654276547 -20.210994654276547 -20.210994654276547 -20.210994654276547 -20.210994654276547 -20.210994654276547 -20.210994654276547 -20.210994654276547 -20.210994654276547 -20.210994654276547 -20.210994654276547 -20.210994654276547 -20.210994654276547 -20.210994654276547 -20.210994654276547 -20.210994654276547 -20.210994654276547 -20.210994654276547 -20.210994654276547 -20.210994654276547 -20.210994654276547 -20.210994654276547 -20.210994654276547 -20.210994654276547 -20.210994654276547 -20.210994654276547 -20.210994654276547 -20.210994654276547 -20.210994654276547
