web/models/linear/100/-21_000_0_311.dat
# %ECSV 1.0
# ---
# datatype:
# - {name: time, datatype: float64}
# - {name: sdss_u, datatype: float64}
# - {name: sdss_g, datatype: float64}
# - {name: sdss_r, datatype: float64}
# - {name: sdss_i, datatype: float64}
# - {name: sdss_z, datatype: float64}
# - {name: Clear, datatype: float64}
# - {name: johnson_B, datatype: float64}
# - {name: johnson_V, datatype: float64}
# - {name: johnson_R, datatype: float64}
# - {name: johnson_I, datatype: float64}
# - {name: ukirt_J, datatype: float64}
# - {name: ukirt_H, datatype: float64}
# - {name: ukirt_K, datatype: float64}
# meta: !!omap
# - comment: [M=-21.0, dM=0.3108955361862286]
# schema: astropy-2.0
time sdss_u sdss_g sdss_r sdss_i sdss_z Clear johnson_B johnson_V johnson_R johnson_I ukirt_J ukirt_H ukirt_K
0.0 -21.0 -21.0 -21.0 -21.0 -21.0 -21.0 -21.0 -21.0 -21.0 -21.0 -21.0 -21.0 -21.0
0.07537688442211055 -20.97656566310154 -20.97656566310154 -20.97656566310154 -20.97656566310154 -20.97656566310154 -20.97656566310154 -20.97656566310154 -20.97656566310154 -20.97656566310154 -20.97656566310154 -20.97656566310154 -20.97656566310154 -20.97656566310154
0.1507537688442211 -20.95313132620308 -20.95313132620308 -20.95313132620308 -20.95313132620308 -20.95313132620308 -20.95313132620308 -20.95313132620308 -20.95313132620308 -20.95313132620308 -20.95313132620308 -20.95313132620308 -20.95313132620308 -20.95313132620308
0.22613065326633164 -20.92969698930462 -20.92969698930462 -20.92969698930462 -20.92969698930462 -20.92969698930462 -20.92969698930462 -20.92969698930462 -20.92969698930462 -20.92969698930462 -20.92969698930462 -20.92969698930462 -20.92969698930462 -20.92969698930462
0.3015075376884422 -20.906262652406163 -20.906262652406163 -20.906262652406163 -20.906262652406163 -20.906262652406163 -20.906262652406163 -20.906262652406163 -20.906262652406163 -20.906262652406163 -20.906262652406163 -20.906262652406163 -20.906262652406163 -20.906262652406163
0.37688442211055273 -20.8828283155077 -20.8828283155077 -20.8828283155077 -20.8828283155077 -20.8828283155077 -20.8828283155077 -20.8828283155077 -20.8828283155077 -20.8828283155077 -20.8828283155077 -20.8828283155077 -20.8828283155077 -20.8828283155077
0.4522613065326633 -20.859393978609244 -20.859393978609244 -20.859393978609244 -20.859393978609244 -20.859393978609244 -20.859393978609244 -20.859393978609244 -20.859393978609244 -20.859393978609244 -20.859393978609244 -20.859393978609244 -20.859393978609244 -20.859393978609244
0.5276381909547738 -20.835959641710783 -20.835959641710783 -20.835959641710783 -20.835959641710783 -20.835959641710783 -20.835959641710783 -20.835959641710783 -20.835959641710783 -20.835959641710783 -20.835959641710783 -20.835959641710783 -20.835959641710783 -20.835959641710783
0.6030150753768844 -20.812525304812326 -20.812525304812326 -20.812525304812326 -20.812525304812326 -20.812525304812326 -20.812525304812326 -20.812525304812326 -20.812525304812326 -20.812525304812326 -20.812525304812326 -20.812525304812326 -20.812525304812326 -20.812525304812326
0.6783919597989949 -20.789090967913864 -20.789090967913864 -20.789090967913864 -20.789090967913864 -20.789090967913864 -20.789090967913864 -20.789090967913864 -20.789090967913864 -20.789090967913864 -20.789090967913864 -20.789090967913864 -20.789090967913864 -20.789090967913864
0.7537688442211055 -20.765656631015407 -20.765656631015407 -20.765656631015407 -20.765656631015407 -20.765656631015407 -20.765656631015407 -20.765656631015407 -20.765656631015407 -20.765656631015407 -20.765656631015407 -20.765656631015407 -20.765656631015407 -20.765656631015407
0.829145728643216 -20.742222294116946 -20.742222294116946 -20.742222294116946 -20.742222294116946 -20.742222294116946 -20.742222294116946 -20.742222294116946 -20.742222294116946 -20.742222294116946 -20.742222294116946 -20.742222294116946 -20.742222294116946 -20.742222294116946
0.9045226130653266 -20.71878795721849 -20.71878795721849 -20.71878795721849 -20.71878795721849 -20.71878795721849 -20.71878795721849 -20.71878795721849 -20.71878795721849 -20.71878795721849 -20.71878795721849 -20.71878795721849 -20.71878795721849 -20.71878795721849
0.9798994974874371 -20.695353620320027 -20.695353620320027 -20.695353620320027 -20.695353620320027 -20.695353620320027 -20.695353620320027 -20.695353620320027 -20.695353620320027 -20.695353620320027 -20.695353620320027 -20.695353620320027 -20.695353620320027 -20.695353620320027
1.0552763819095476 -20.671919283421566 -20.671919283421566 -20.671919283421566 -20.671919283421566 -20.671919283421566 -20.671919283421566 -20.671919283421566 -20.671919283421566 -20.671919283421566 -20.671919283421566 -20.671919283421566 -20.671919283421566 -20.671919283421566
1.1306532663316582 -20.64848494652311 -20.64848494652311 -20.64848494652311 -20.64848494652311 -20.64848494652311 -20.64848494652311 -20.64848494652311 -20.64848494652311 -20.64848494652311 -20.64848494652311 -20.64848494652311 -20.64848494652311 -20.64848494652311
1.2060301507537687 -20.625050609624648 -20.625050609624648 -20.625050609624648 -20.625050609624648 -20.625050609624648 -20.625050609624648 -20.625050609624648 -20.625050609624648 -20.625050609624648 -20.625050609624648 -20.625050609624648 -20.625050609624648 -20.625050609624648
1.2814070351758793 -20.60161627272619 -20.60161627272619 -20.60161627272619 -20.60161627272619 -20.60161627272619 -20.60161627272619 -20.60161627272619 -20.60161627272619 -20.60161627272619 -20.60161627272619 -20.60161627272619 -20.60161627272619 -20.60161627272619
1.3567839195979898 -20.57818193582773 -20.57818193582773 -20.57818193582773 -20.57818193582773 -20.57818193582773 -20.57818193582773 -20.57818193582773 -20.57818193582773 -20.57818193582773 -20.57818193582773 -20.57818193582773 -20.57818193582773 -20.57818193582773
1.4321608040201004 -20.55474759892927 -20.55474759892927 -20.55474759892927 -20.55474759892927 -20.55474759892927 -20.55474759892927 -20.55474759892927 -20.55474759892927 -20.55474759892927 -20.55474759892927 -20.55474759892927 -20.55474759892927 -20.55474759892927
1.507537688442211 -20.53131326203081 -20.53131326203081 -20.53131326203081 -20.53131326203081 -20.53131326203081 -20.53131326203081 -20.53131326203081 -20.53131326203081 -20.53131326203081 -20.53131326203081 -20.53131326203081 -20.53131326203081 -20.53131326203081
1.5829145728643215 -20.507878925132353 -20.507878925132353 -20.507878925132353 -20.507878925132353 -20.507878925132353 -20.507878925132353 -20.507878925132353 -20.507878925132353 -20.507878925132353 -20.507878925132353 -20.507878925132353 -20.507878925132353 -20.507878925132353
1.658291457286432 -20.48444458823389 -20.48444458823389 -20.48444458823389 -20.48444458823389 -20.48444458823389 -20.48444458823389 -20.48444458823389 -20.48444458823389 -20.48444458823389 -20.48444458823389 -20.48444458823389 -20.48444458823389 -20.48444458823389
1.7336683417085426 -20.461010251335434 -20.461010251335434 -20.461010251335434 -20.461010251335434 -20.461010251335434 -20.461010251335434 -20.461010251335434 -20.461010251335434 -20.461010251335434 -20.461010251335434 -20.461010251335434 -20.461010251335434 -20.461010251335434
1.809045226130653 -20.437575914436973 -20.437575914436973 -20.437575914436973 -20.437575914436973 -20.437575914436973 -20.437575914436973 -20.437575914436973 -20.437575914436973 -20.437575914436973 -20.437575914436973 -20.437575914436973 -20.437575914436973 -20.437575914436973
1.8844221105527637 -20.414141577538516 -20.414141577538516 -20.414141577538516 -20.414141577538516 -20.414141577538516 -20.414141577538516 -20.414141577538516 -20.414141577538516 -20.414141577538516 -20.414141577538516 -20.414141577538516 -20.414141577538516 -20.414141577538516
1.9597989949748742 -20.390707240640054 -20.390707240640054 -20.390707240640054 -20.390707240640054 -20.390707240640054 -20.390707240640054 -20.390707240640054 -20.390707240640054 -20.390707240640054 -20.390707240640054 -20.390707240640054 -20.390707240640054 -20.390707240640054
2.0351758793969847 -20.367272903741593 -20.367272903741593 -20.367272903741593 -20.367272903741593 -20.367272903741593 -20.367272903741593 -20.367272903741593 -20.367272903741593 -20.367272903741593 -20.367272903741593 -20.367272903741593 -20.367272903741593 -20.367272903741593
2.1105527638190953 -20.343838566843136 -20.343838566843136 -20.343838566843136 -20.343838566843136 -20.343838566843136 -20.343838566843136 -20.343838566843136 -20.343838566843136 -20.343838566843136 -20.343838566843136 -20.343838566843136 -20.343838566843136 -20.343838566843136
2.185929648241206 -20.320404229944675 -20.320404229944675 -20.320404229944675 -20.320404229944675 -20.320404229944675 -20.320404229944675 -20.320404229944675 -20.320404229944675 -20.320404229944675 -20.320404229944675 -20.320404229944675 -20.320404229944675 -20.320404229944675
2.2613065326633164 -20.296969893046217 -20.296969893046217 -20.296969893046217 -20.296969893046217 -20.296969893046217 -20.296969893046217 -20.296969893046217 -20.296969893046217 -20.296969893046217 -20.296969893046217 -20.296969893046217 -20.296969893046217 -20.296969893046217
2.336683417085427 -20.273535556147756 -20.273535556147756 -20.273535556147756 -20.273535556147756 -20.273535556147756 -20.273535556147756 -20.273535556147756 -20.273535556147756 -20.273535556147756 -20.273535556147756 -20.273535556147756 -20.273535556147756 -20.273535556147756
2.4120603015075375 -20.2501012192493 -20.2501012192493 -20.2501012192493 -20.2501012192493 -20.2501012192493 -20.2501012192493 -20.2501012192493 -20.2501012192493 -20.2501012192493 -20.2501012192493 -20.2501012192493 -20.2501012192493 -20.2501012192493
2.487437185929648 -20.226666882350838 -20.226666882350838 -20.226666882350838 -20.226666882350838 -20.226666882350838 -20.226666882350838 -20.226666882350838 -20.226666882350838 -20.226666882350838 -20.226666882350838 -20.226666882350838 -20.226666882350838 -20.226666882350838
2.5628140703517586 -20.20323254545238 -20.20323254545238 -20.20323254545238 -20.20323254545238 -20.20323254545238 -20.20323254545238 -20.20323254545238 -20.20323254545238 -20.20323254545238 -20.20323254545238 -20.20323254545238 -20.20323254545238 -20.20323254545238
2.638190954773869 -20.17979820855392 -20.17979820855392 -20.17979820855392 -20.17979820855392 -20.17979820855392 -20.17979820855392 -20.17979820855392 -20.17979820855392 -20.17979820855392 -20.17979820855392 -20.17979820855392 -20.17979820855392 -20.17979820855392
2.7135678391959797 -20.15636387165546 -20.15636387165546 -20.15636387165546 -20.15636387165546 -20.15636387165546 -20.15636387165546 -20.15636387165546 -20.15636387165546 -20.15636387165546 -20.15636387165546 -20.15636387165546 -20.15636387165546 -20.15636387165546
2.78894472361809 -20.132929534757 -20.132929534757 -20.132929534757 -20.132929534757 -20.132929534757 -20.132929534757 -20.132929534757 -20.132929534757 -20.132929534757 -20.132929534757 -20.132929534757 -20.132929534757 -20.132929534757
2.8643216080402008 -20.109495197858543 -20.109495197858543 -20.109495197858543 -20.109495197858543 -20.109495197858543 -20.109495197858543 -20.109495197858543 -20.109495197858543 -20.109495197858543 -20.109495197858543 -20.109495197858543 -20.109495197858543 -20.109495197858543
2.9396984924623113 -20.08606086096008 -20.08606086096008 -20.08606086096008 -20.08606086096008 -20.08606086096008 -20.08606086096008 -20.08606086096008 -20.08606086096008 -20.08606086096008 -20.08606086096008 -20.08606086096008 -20.08606086096008 -20.08606086096008
3.015075376884422 -20.06262652406162 -20.06262652406162 -20.06262652406162 -20.06262652406162 -20.06262652406162 -20.06262652406162 -20.06262652406162 -20.06262652406162 -20.06262652406162 -20.06262652406162 -20.06262652406162 -20.06262652406162 -20.06262652406162
3.0904522613065324 -20.039192187163163 -20.039192187163163 -20.039192187163163 -20.039192187163163 -20.039192187163163 -20.039192187163163 -20.039192187163163 -20.039192187163163 -20.039192187163163 -20.039192187163163 -20.039192187163163 -20.039192187163163 -20.039192187163163
3.165829145728643 -20.015757850264702 -20.015757850264702 -20.015757850264702 -20.015757850264702 -20.015757850264702 -20.015757850264702 -20.015757850264702 -20.015757850264702 -20.015757850264702 -20.015757850264702 -20.015757850264702 -20.015757850264702 -20.015757850264702
3.2412060301507535 -19.992323513366244 -19.992323513366244 -19.992323513366244 -19.992323513366244 -19.992323513366244 -19.992323513366244 -19.992323513366244 -19.992323513366244 -19.992323513366244 -19.992323513366244 -19.992323513366244 -19.992323513366244 -19.992323513366244
3.316582914572864 -19.968889176467783 -19.968889176467783 -19.968889176467783 -19.968889176467783 -19.968889176467783 -19.968889176467783 -19.968889176467783 -19.968889176467783 -19.968889176467783 -19.968889176467783 -19.968889176467783 -19.968889176467783 -19.968889176467783
3.3919597989949746 -19.945454839569326 -19.945454839569326 -19.945454839569326 -19.945454839569326 -19.945454839569326 -19.945454839569326 -19.945454839569326 -19.945454839569326 -19.945454839569326 -19.945454839569326 -19.945454839569326 -19.945454839569326 -19.945454839569326
3.467336683417085 -19.922020502670865 -19.922020502670865 -19.922020502670865 -19.922020502670865 -19.922020502670865 -19.922020502670865 -19.922020502670865 -19.922020502670865 -19.922020502670865 -19.922020502670865 -19.922020502670865 -19.922020502670865 -19.922020502670865
3.5427135678391957 -19.898586165772407 -19.898586165772407 -19.898586165772407 -19.898586165772407 -19.898586165772407 -19.898586165772407 -19.898586165772407 -19.898586165772407 -19.898586165772407 -19.898586165772407 -19.898586165772407 -19.898586165772407 -19.898586165772407
3.618090452261306 -19.875151828873946 -19.875151828873946 -19.875151828873946 -19.875151828873946 -19.875151828873946 -19.875151828873946 -19.875151828873946 -19.875151828873946 -19.875151828873946 -19.875151828873946 -19.875151828873946 -19.875151828873946 -19.875151828873946
3.6934673366834168 -19.85171749197549 -19.85171749197549 -19.85171749197549 -19.85171749197549 -19.85171749197549 -19.85171749197549 -19.85171749197549 -19.85171749197549 -19.85171749197549 -19.85171749197549 -19.85171749197549 -19.85171749197549 -19.85171749197549
3.7688442211055273 -19.828283155077028 -19.828283155077028 -19.828283155077028 -19.828283155077028 -19.828283155077028 -19.828283155077028 -19.828283155077028 -19.828283155077028 -19.828283155077028 -19.828283155077028 -19.828283155077028 -19.828283155077028 -19.828283155077028
3.844221105527638 -19.80484881817857 -19.80484881817857 -19.80484881817857 -19.80484881817857 -19.80484881817857 -19.80484881817857 -19.80484881817857 -19.80484881817857 -19.80484881817857 -19.80484881817857 -19.80484881817857 -19.80484881817857 -19.80484881817857
3.9195979899497484 -19.78141448128011 -19.78141448128011 -19.78141448128011 -19.78141448128011 -19.78141448128011 -19.78141448128011 -19.78141448128011 -19.78141448128011 -19.78141448128011 -19.78141448128011 -19.78141448128011 -19.78141448128011 -19.78141448128011
3.994974874371859 -19.757980144381648 -19.757980144381648 -19.757980144381648 -19.757980144381648 -19.757980144381648 -19.757980144381648 -19.757980144381648 -19.757980144381648 -19.757980144381648 -19.757980144381648 -19.757980144381648 -19.757980144381648 -19.757980144381648
4.0703517587939695 -19.73454580748319 -19.73454580748319 -19.73454580748319 -19.73454580748319 -19.73454580748319 -19.73454580748319 -19.73454580748319 -19.73454580748319 -19.73454580748319 -19.73454580748319 -19.73454580748319 -19.73454580748319 -19.73454580748319
4.14572864321608 -19.71111147058473 -19.71111147058473 -19.71111147058473 -19.71111147058473 -19.71111147058473 -19.71111147058473 -19.71111147058473 -19.71111147058473 -19.71111147058473 -19.71111147058473 -19.71111147058473 -19.71111147058473 -19.71111147058473
4.221105527638191 -19.68767713368627 -19.68767713368627 -19.68767713368627 -19.68767713368627 -19.68767713368627 -19.68767713368627 -19.68767713368627 -19.68767713368627 -19.68767713368627 -19.68767713368627 -19.68767713368627 -19.68767713368627 -19.68767713368627
4.296482412060302 -19.66424279678781 -19.66424279678781 -19.66424279678781 -19.66424279678781 -19.66424279678781 -19.66424279678781 -19.66424279678781 -19.66424279678781 -19.66424279678781 -19.66424279678781 -19.66424279678781 -19.66424279678781 -19.66424279678781
4.371859296482412 -19.640808459889353 -19.640808459889353 -19.640808459889353 -19.640808459889353 -19.640808459889353 -19.640808459889353 -19.640808459889353 -19.640808459889353 -19.640808459889353 -19.640808459889353 -19.640808459889353 -19.640808459889353 -19.640808459889353
