web/models/kne.last_good/kappa_1_10/2/villar_0.0052_0.4687_1.0000.dat
# %ECSV 1.0
# ---
# datatype:
# - {name: time, datatype: float64}
# - {name: swift_uvot_uvw2, datatype: float64}
# - {name: swift_uvot_uvm2, datatype: float64}
# - {name: swift_uvot_uvw1, datatype: float64}
# - {name: swift_uvot_U, datatype: float64}
# - {name: swift_uvot_B, datatype: float64}
# - {name: swift_uvot_V, datatype: float64}
# - {name: swift_uvot_W, datatype: float64}
# - {name: johnson_U, datatype: float64}
# - {name: johnson_B, datatype: float64}
# - {name: johnson_V, datatype: float64}
# - {name: johnson_R, datatype: float64}
# - {name: johnson_I, datatype: float64}
# - {name: sdss_u, datatype: float64}
# - {name: sdss_g, datatype: float64}
# - {name: sdss_r, datatype: float64}
# - {name: sdss_i, datatype: float64}
# - {name: sdss_z, datatype: float64}
# - {name: PS1_g, datatype: float64}
# - {name: PS1_r, datatype: float64}
# - {name: PS1_i, datatype: float64}
# - {name: PS1_z, datatype: float64}
# - {name: PS1_Y, datatype: float64}
# - {name: PS1_w, datatype: float64}
# - {name: ATLAS_c, datatype: float64}
# - {name: ATLAS_o, datatype: float64}
# - {name: ukirt_J, datatype: float64}
# - {name: ukirt_H, datatype: float64}
# - {name: ukirt_K, datatype: float64}
# - {name: Clear, datatype: float64}
# meta: !!omap
# - comment: [kappa = 1.0, type = villar, mass = 0.005244756555828381, velocity = 0.4686666666666667, theta_obs = 0.0]
# schema: astropy-2.0
time swift_uvot_uvw2 swift_uvot_uvm2 swift_uvot_uvw1 swift_uvot_U swift_uvot_B swift_uvot_V swift_uvot_W johnson_U johnson_B johnson_V johnson_R johnson_I sdss_u sdss_g sdss_r sdss_i sdss_z PS1_g PS1_r PS1_i PS1_z PS1_Y PS1_w ATLAS_c ATLAS_o ukirt_J ukirt_H ukirt_K Clear
[from data line 77]
0.009917 -10.128 -10.231 -10.286 -10.319 -10.181 -9.963 -10.201 -10.303 -10.178 -9.954 -9.677 -9.326 -10.309 -10.114 -9.808 -9.543 -9.274 -10.101 -9.823 -9.559 -9.363 -9.286 -9.829 -9.996 -9.698 -8.699 -8.207 -7.621 -9.87
0.010217 -10.154 -10.26 -10.319 -10.359 -10.225 -10.009 -10.237 -10.344 -10.222 -10.001 -9.725 -9.376 -10.349 -10.159 -9.856 -9.592 -9.324 -10.146 -9.871 -9.608 -9.412 -9.335 -9.876 -10.042 -9.746 -8.751 -8.26 -7.674 -9.916
0.010526 -10.179 -10.289 -10.351 -10.399 -10.269 -10.056 -10.272 -10.385 -10.265 -10.047 -9.774 -9.426 -10.39 -10.204 -9.904 -9.642 -9.375 -10.191 -9.918 -9.657 -9.462 -9.384 -9.923 -10.088 -9.794 -8.803 -8.313 -7.728 -9.963
0.010845 -10.204 -10.318 -10.384 -10.439 -10.312 -10.102 -10.307 -10.425 -10.309 -10.094 -9.822 -9.476 -10.43 -10.248 -9.951 -9.691 -9.425 -10.236 -9.966 -9.706 -9.512 -9.433 -9.97 -10.134 -9.843 -8.855 -8.365 -7.782 -10.009
0.011173 -10.229 -10.346 -10.416 -10.478 -10.355 -10.148 -10.342 -10.465 -10.352 -10.14 -9.87 -9.526 -10.47 -10.293 -9.999 -9.74 -9.475 -10.28 -10.013 -9.755 -9.561 -9.483 -10.017 -10.18 -9.891 -8.907 -8.418 -7.835 -10.055
0.011511 -10.253 -10.374 -10.447 -10.517 -10.398 -10.194 -10.376 -10.505 -10.395 -10.186 -9.918 -9.576 -10.51 -10.337 -10.046 -9.789 -9.525 -10.325 -10.06 -9.804 -9.611 -9.532 -10.063 -10.225 -9.939 -8.959 -8.471 -7.889 -10.101
0.011859 -10.276 -10.402 -10.479 -10.556 -10.441 -10.24 -10.41 -10.545 -10.438 -10.232 -9.966 -9.626 -10.549 -10.381 -10.093 -9.838 -9.575 -10.369 -10.107 -9.852 -9.66 -9.581 -10.11 -10.27 -9.987 -9.01 -8.523 -7.942 -10.147
0.012217 -10.299 -10.429 -10.51 -10.595 -10.484 -10.286 -10.444 -10.584 -10.481 -10.278 -10.014 -9.675 -10.589 -10.424 -10.14 -9.886 -9.625 -10.413 -10.154 -9.901 -9.709 -9.629 -10.156 -10.315 -10.034 -9.062 -8.576 -7.995 -10.193
0.012587 -10.322 -10.455 -10.54 -10.633 -10.526 -10.331 -10.478 -10.623 -10.523 -10.323 -10.062 -9.725 -10.628 -10.468 -10.187 -9.935 -9.675 -10.457 -10.2 -9.949 -9.758 -9.678 -10.202 -10.36 -10.082 -9.114 -8.628 -8.048 -10.238
0.012968 -10.344 -10.482 -10.57 -10.671 -10.569 -10.377 -10.511 -10.662 -10.566 -10.369 -10.109 -9.774 -10.666 -10.511 -10.234 -9.983 -9.725 -10.5 -10.247 -9.997 -9.807 -9.727 -10.248 -10.405 -10.129 -9.165 -8.681 -8.102 -10.284
0.01336 -10.366 -10.507 -10.6 -10.709 -10.611 -10.422 -10.544 -10.701 -10.608 -10.414 -10.157 -9.824 -10.705 -10.554 -10.28 -10.032 -9.774 -10.544 -10.293 -10.045 -9.856 -9.776 -10.294 -10.45 -10.176 -9.216 -8.733 -8.155 -10.329
0.013764 -10.388 -10.533 -10.63 -10.747 -10.653 -10.467 -10.577 -10.739 -10.649 -10.459 -10.204 -9.873 -10.743 -10.597 -10.327 -10.08 -9.824 -10.587 -10.34 -10.093 -9.905 -9.824 -10.34 -10.494 -10.224 -9.268 -8.785 -8.208 -10.374
0.01418 -10.408 -10.558 -10.659 -10.784 -10.694 -10.512 -10.609 -10.777 -10.691 -10.504 -10.251 -9.922 -10.781 -10.64 -10.373 -10.128 -9.873 -10.63 -10.386 -10.141 -9.954 -9.873 -10.386 -10.538 -10.271 -9.319 -8.838 -8.261 -10.419
0.014609 -10.429 -10.582 -10.688 -10.821 -10.736 -10.557 -10.641 -10.815 -10.733 -10.549 -10.298 -9.971 -10.819 -10.683 -10.419 -10.176 -9.922 -10.673 -10.432 -10.189 -10.002 -9.921 -10.431 -10.582 -10.317 -9.37 -8.89 -8.314 -10.464
0.015051 -10.449 -10.606 -10.716 -10.858 -10.777 -10.601 -10.673 -10.853 -10.774 -10.593 -10.345 -10.02 -10.856 -10.725 -10.465 -10.224 -9.972 -10.716 -10.477 -10.236 -10.051 -9.969 -10.476 -10.626 -10.364 -9.421 -8.942 -8.367 -10.508
0.015506 -10.468 -10.63 -10.744 -10.894 -10.818 -10.645 -10.705 -10.89 -10.815 -10.638 -10.392 -10.068 -10.893 -10.767 -10.511 -10.271 -10.021 -10.758 -10.523 -10.284 -10.099 -10.018 -10.521 -10.67 -10.411 -9.472 -8.994 -8.42 -10.553
0.015975 -10.487 -10.653 -10.772 -10.931 -10.859 -10.69 -10.737 -10.927 -10.856 -10.682 -10.438 -10.117 -10.93 -10.809 -10.557 -10.319 -10.07 -10.8 -10.569 -10.331 -10.147 -10.066 -10.566 -10.713 -10.457 -9.523 -9.046 -8.472 -10.597
0.016458 -10.506 -10.676 -10.799 -10.967 -10.899 -10.734 -10.768 -10.964 -10.896 -10.726 -10.485 -10.166 -10.967 -10.851 -10.602 -10.367 -10.118 -10.843 -10.614 -10.379 -10.196 -10.114 -10.611 -10.756 -10.503 -9.574 -9.098 -8.525 -10.641
0.016956 -10.524 -10.698 -10.826 -11.002 -10.94 -10.777 -10.799 -11.0 -10.937 -10.77 -10.531 -10.214 -11.003 -10.892 -10.648 -10.414 -10.167 -10.885 -10.659 -10.426 -10.244 -10.162 -10.656 -10.8 -10.55 -9.625 -9.15 -8.578 -10.685
0.017469 -10.542 -10.72 -10.852 -11.038 -10.98 -10.821 -10.829 -11.036 -10.977 -10.813 -10.577 -10.262 -11.039 -10.934 -10.693 -10.461 -10.216 -10.926 -10.704 -10.473 -10.292 -10.21 -10.7 -10.843 -10.596 -9.675 -9.201 -8.631 -10.729
0.017997 -10.559 -10.741 -10.878 -11.073 -11.02 -10.865 -10.859 -11.072 -11.017 -10.857 -10.623 -10.311 -11.075 -10.975 -10.738 -10.508 -10.264 -10.968 -10.749 -10.52 -10.34 -10.257 -10.744 -10.885 -10.641 -9.726 -9.253 -8.683 -10.772
0.018541 -10.576 -10.762 -10.904 -11.107 -11.059 -10.908 -10.89 -11.108 -11.056 -10.9 -10.669 -10.359 -11.11 -11.016 -10.783 -10.555 -10.313 -11.009 -10.794 -10.567 -10.387 -10.305 -10.789 -10.928 -10.687 -9.776 -9.305 -8.736 -10.816
0.019102 -10.592 -10.782 -10.929 -11.142 -11.099 -10.951 -10.919 -11.143 -11.096 -10.944 -10.715 -10.407 -11.146 -11.056 -10.828 -10.602 -10.361 -11.05 -10.839 -10.613 -10.435 -10.353 -10.833 -10.97 -10.733 -9.827 -9.356 -8.788 -10.859
0.01968 -10.608 -10.802 -10.954 -11.176 -11.138 -10.994 -10.949 -11.178 -11.135 -10.987 -10.761 -10.455 -11.181 -11.097 -10.872 -10.649 -10.409 -11.091 -10.883 -10.66 -10.483 -10.4 -10.876 -11.012 -10.778 -9.877 -9.408 -8.841 -10.902
0.020275 -10.623 -10.822 -10.979 -11.21 -11.177 -11.037 -10.978 -11.213 -11.174 -11.029 -10.806 -10.502 -11.215 -11.137 -10.917 -10.695 -10.457 -11.132 -10.928 -10.706 -10.53 -10.448 -10.92 -11.055 -10.824 -9.927 -9.459 -8.893 -10.945
0.020888 -10.637 -10.841 -11.003 -11.244 -11.215 -11.079 -11.007 -11.247 -11.213 -11.072 -10.851 -10.55 -11.249 -11.177 -10.961 -10.742 -10.505 -11.172 -10.972 -10.752 -10.578 -10.495 -10.963 -11.096 -10.869 -9.978 -9.511 -8.945 -10.988
0.02152 -10.652 -10.859 -11.027 -11.277 -11.254 -11.122 -11.036 -11.282 -11.251 -11.115 -10.897 -10.598 -11.283 -11.217 -11.005 -10.788 -10.553 -11.213 -11.016 -10.799 -10.625 -10.543 -11.007 -11.138 -10.914 -10.028 -9.562 -8.998 -11.03
0.022171 -10.665 -10.877 -11.05 -11.31 -11.292 -11.164 -11.064 -11.315 -11.289 -11.157 -10.942 -10.645 -11.317 -11.257 -11.049 -10.834 -10.601 -11.253 -11.06 -10.845 -10.672 -10.59 -11.05 -11.179 -10.959 -10.078 -9.613 -9.05 -11.073
0.022841 -10.679 -10.895 -11.073 -11.342 -11.33 -11.206 -11.092 -11.349 -11.327 -11.199 -10.986 -10.692 -11.351 -11.296 -11.093 -10.88 -10.649 -11.293 -11.103 -10.891 -10.719 -10.637 -11.093 -11.221 -11.003 -10.128 -9.664 -9.102 -11.115
0.023532 -10.691 -10.912 -11.095 -11.375 -11.368 -11.248 -11.12 -11.382 -11.365 -11.241 -11.031 -10.74 -11.384 -11.335 -11.137 -10.926 -10.696 -11.332 -11.147 -10.936 -10.766 -10.684 -11.136 -11.262 -11.048 -10.177 -9.715 -9.154 -11.157
0.024244 -10.704 -10.928 -11.117 -11.407 -11.405 -11.289 -11.148 -11.415 -11.403 -11.283 -11.076 -10.787 -11.416 -11.374 -11.18 -10.972 -10.744 -11.372 -11.19 -10.982 -10.813 -10.731 -11.178 -11.303 -11.092 -10.227 -9.766 -9.206 -11.199
0.024977 -10.715 -10.944 -11.139 -11.438 -11.443 -11.331 -11.175 -11.448 -11.44 -11.324 -11.12 -10.834 -11.449 -11.413 -11.223 -11.018 -10.791 -11.411 -11.233 -11.027 -10.86 -10.778 -11.221 -11.343 -11.137 -10.277 -9.817 -9.258 -11.241
0.025733 -10.726 -10.96 -11.16 -11.47 -11.48 -11.372 -11.202 -11.48 -11.477 -11.365 -11.164 -10.88 -11.481 -11.452 -11.267 -11.063 -10.838 -11.45 -11.276 -11.073 -10.906 -10.825 -11.263 -11.384 -11.181 -10.327 -9.868 -9.31 -11.282
0.026511 -10.737 -10.974 -11.181 -11.501 -11.517 -11.413 -11.229 -11.512 -11.514 -11.406 -11.209 -10.927 -11.513 -11.49 -11.31 -11.108 -10.885 -11.489 -11.319 -11.118 -10.953 -10.872 -11.305 -11.424 -11.225 -10.376 -9.919 -9.362 -11.323
0.027313 -10.747 -10.989 -11.201 -11.531 -11.553 -11.454 -11.255 -11.544 -11.55 -11.447 -11.253 -10.974 -11.544 -11.528 -11.352 -11.154 -10.932 -11.527 -11.362 -11.163 -10.999 -10.918 -11.347 -11.464 -11.268 -10.426 -9.97 -9.414 -11.365
0.028139 -10.757 -11.003 -11.221 -11.562 -11.589 -11.495 -11.282 -11.575 -11.587 -11.488 -11.296 -11.02 -11.576 -11.566 -11.395 -11.199 -10.979 -11.566 -11.404 -11.208 -11.045 -10.965 -11.389 -11.504 -11.312 -10.475 -10.021 -9.466 -11.406
0.02899 -10.766 -11.016 -11.241 -11.592 -11.625 -11.535 -11.308 -11.606 -11.623 -11.529 -11.34 -11.067 -11.606 -11.603 -11.437 -11.244 -11.026 -11.604 -11.447 -11.253 -11.091 -11.011 -11.431 -11.543 -11.355 -10.524 -10.071 -9.518 -11.446
0.029867 -10.774 -11.029 -11.26 -11.621 -11.661 -11.575 -11.333 -11.637 -11.658 -11.569 -11.384 -11.113 -11.637 -11.64 -11.48 -11.289 -11.072 -11.642 -11.489 -11.298 -11.137 -11.057 -11.472 -11.583 -11.399 -10.573 -10.122 -9.57 -11.487
0.03077 -10.782 -11.041 -11.278 -11.651 -11.696 -11.615 -11.359 -11.667 -11.694 -11.609 -11.427 -11.159 -11.667 -11.678 -11.522 -11.333 -11.119 -11.679 -11.531 -11.342 -11.183 -11.104 -11.513 -11.622 -11.442 -10.623 -10.172 -9.621 -11.527
0.031701 -10.789 -11.052 -11.296 -11.68 -11.731 -11.655 -11.384 -11.698 -11.729 -11.649 -11.47 -11.205 -11.697 -11.714 -11.564 -11.378 -11.165 -11.717 -11.573 -11.387 -11.229 -11.15 -11.554 -11.661 -11.485 -10.672 -10.223 -9.673 -11.567
0.032659 -10.796 -11.064 -11.314 -11.708 -11.766 -11.695 -11.408 -11.727 -11.764 -11.689 -11.513 -11.251 -11.726 -11.751 -11.605 -11.422 -11.212 -11.754 -11.614 -11.431 -11.275 -11.196 -11.595 -11.7 -11.528 -10.72 -10.273 -9.724 -11.607
0.033647 -10.803 -11.074 -11.331 -11.736 -11.801 -11.734 -11.433 -11.756 -11.799 -11.728 -11.556 -11.296 -11.755 -11.787 -11.647 -11.466 -11.258 -11.791 -11.656 -11.475 -11.32 -11.242 -11.636 -11.738 -11.57 -10.769 -10.324 -9.776 -11.647
0.034665 -10.808 -11.084 -11.347 -11.764 -11.835 -11.773 -11.457 -11.785 -11.833 -11.767 -11.598 -11.342 -11.784 -11.823 -11.688 -11.51 -11.304 -11.827 -11.697 -11.519 -11.366 -11.288 -11.676 -11.776 -11.613 -10.818 -10.374 -9.827 -11.687
0.035713 -10.813 -11.093 -11.363 -11.792 -11.869 -11.812 -11.481 -11.814 -11.867 -11.806 -11.641 -11.387 -11.813 -11.859 -11.729 -11.554 -11.349 -11.864 -11.738 -11.563 -11.411 -11.333 -11.716 -11.814 -11.655 -10.867 -10.424 -9.879 -11.726
0.036793 -10.818 -11.102 -11.379 -11.819 -11.903 -11.851 -11.505 -11.842 -11.901 -11.845 -11.683 -11.433 -11.84 -11.894 -11.77 -11.598 -11.395 -11.9 -11.779 -11.606 -11.456 -11.379 -11.756 -11.852 -11.697 -10.915 -10.474 -9.93 -11.765
0.037906 -10.822 -11.11 -11.394 -11.845 -11.936 -11.889 -11.528 -11.87 -11.934 -11.884 -11.725 -11.478 -11.868 -11.93 -11.811 -11.641 -11.441 -11.935 -11.819 -11.65 -11.501 -11.424 -11.796 -11.89 -11.739 -10.964 -10.524 -9.981 -11.804
0.039052 -10.825 -11.117 -11.409 -11.872 -11.969 -11.927 -11.551 -11.898 -11.967 -11.922 -11.767 -11.523 -11.895 -11.964 -11.851 -11.685 -11.486 -11.971 -11.86 -11.693 -11.546 -11.47 -11.836 -11.927 -11.781 -11.012 -10.574 -10.032 -11.843
0.040234 -10.828 -11.124 -11.423 -11.898 -12.002 -11.965 -11.573 -11.925 -12.0 -11.96 -11.809 -11.568 -11.922 -11.999 -11.892 -11.728 -11.532 -12.006 -11.9 -11.736 -11.591 -11.515 -11.875 -11.964 -11.822 -11.06 -10.624 -10.084 -11.882
0.04145 -10.83 -11.13 -11.437 -11.923 -12.035 -12.003 -11.596 -11.951 -12.033 -11.998 -11.851 -11.613 -11.949 -12.033 -11.932 -11.771 -11.577 -12.041 -11.94 -11.779 -11.635 -11.56 -11.914 -12.001 -11.863 -11.109 -10.674 -10.135 -11.92
0.042704 -10.831 -11.136 -11.45 -11.948 -12.067 -12.041 -11.618 -11.978 -12.065 -12.035 -11.892 -11.657 -11.975 -12.067 -11.972 -11.814 -11.622 -12.076 -11.98 -11.822 -11.68 -11.605 -11.953 -12.037 -11.905 -11.157 -10.723 -10.186 -11.958
0.043996 -10.832 -11.141 -11.462 -11.973 -12.098 -12.078 -11.64 -12.004 -12.097 -12.073 -11.933 -11.702 -12.0 -12.101 -12.011 -11.857 -11.667 -12.111 -12.019 -11.865 -11.724 -11.65 -11.992 -12.074 -11.945 -11.205 -10.773 -10.237 -11.996
0.045326 -10.832 -11.145 -11.474 -11.997 -12.13 -12.115 -11.661 -12.029 -12.128 -12.11 -11.974 -11.746 -12.025 -12.135 -12.051 -11.899 -11.711 -12.145 -12.059 -11.907 -11.768 -11.695 -12.031 -12.11 -11.986 -11.252 -10.822 -10.288 -12.034
0.046697 -10.832 -11.149 -11.486 -12.021 -12.161 -12.152 -11.682 -12.054 -12.16 -12.147 -12.015 -11.79 -12.05 -12.168 -12.09 -11.942 -11.756 -12.179 -12.098 -11.949 -11.812 -11.74 -12.069 -12.145 -12.027 -11.3 -10.872 -10.338 -12.071
0.048109 -10.831 -11.152 -11.496 -12.044 -12.192 -12.188 -11.703 -12.079 -12.19 -12.183 -12.055 -11.834 -12.075 -12.201 -12.129 -11.984 -11.8 -12.212 -12.137 -11.992 -11.856 -11.784 -12.107 -12.181 -12.067 -11.348 -10.921 -10.389 -12.108
0.049564 -10.829 -11.154 -11.507 -12.067 -12.222 -12.224 -11.724 -12.103 -12.221 -12.22 -12.096 -11.878 -12.098 -12.233 -12.168 -12.026 -11.845 -12.246 -12.176 -12.033 -11.9 -11.829 -12.145 -12.216 -12.107 -11.395 -10.971 -10.44 -12.145
0.051063 -10.827 -11.155 -11.517 -12.089 -12.252 -12.26 -11.744 -12.127 -12.251 -12.256 -12.136 -11.921 -12.122 -12.265 -12.206 -12.067 -11.889 -12.278 -12.214 -12.075 -11.944 -11.873 -12.183 -12.251 -12.147 -11.443 -11.02 -10.49 -12.182
0.052608 -10.824 -11.156 -11.526 -12.111 -12.282 -12.296 -11.763 -12.15 -12.281 -12.291 -12.176 -11.965 -12.145 -12.297 -12.244 -12.109 -11.933 -12.311 -12.252 -12.117 -11.987 -11.917 -12.22 -12.286 -12.187 -11.49 -11.069 -10.541 -12.219
0.054199 -10.82 -11.156 -11.534 -12.133 -12.312 -12.331 -11.783 -12.173 -12.31 -12.327 -12.216 -12.008 -12.167 -12.329 -12.282 -12.15 -11.977 -12.343 -12.29 -12.158 -12.03 -11.961 -12.257 -12.32 -12.226 -11.537 -11.118 -10.592 -12.255
0.055838 -10.816 -11.155 -11.542 -12.154 -12.341 -12.366 -11.802 -12.195 -12.339 -12.362 -12.255 -12.051 -12.19 -12.36 -12.32 -12.192 -12.02 -12.375 -12.328 -12.199 -12.073 -12.005 -12.294 -12.354 -12.265 -11.585 -11.167 -10.642 -12.291
0.057527 -10.811 -11.154 -11.55 -12.174 -12.369 -12.401 -11.821 -12.217 -12.368 -12.397 -12.294 -12.094 -12.211 -12.391 -12.358 -12.233 -12.064 -12.407 -12.366 -12.24 -12.116 -12.049 -12.331 -12.388 -12.304 -11.632 -11.216 -10.692 -12.327
0.059267 -10.805 -11.152 -11.556 -12.194 -12.397 -12.435 -11.839 -12.239 -12.396 -12.431 -12.333 -12.137 -12.232 -12.421 -12.395 -12.273 -12.107 -12.438 -12.403 -12.281 -12.159 -12.092 -12.367 -12.421 -12.343 -11.678 -11.264 -10.743 -12.362
0.061059 -10.798 -11.149 -11.562 -12.214 -12.425 -12.469 -11.857 -12.26 -12.424 -12.466 -12.372 -12.18 -12.253 -12.451 -12.432 -12.314 -12.15 -12.469 -12.44 -12.322 -12.201 -12.136 -12.403 -12.454 -12.382 -11.725 -11.313 -10.793 -12.397
0.062906 -10.791 -11.145 -11.568 -12.233 -12.453 -12.503 -11.875 -12.28 -12.452 -12.5 -12.411 -12.222 -12.273 -12.481 -12.469 -12.354 -12.193 -12.5 -12.476 -12.362 -12.244 -12.179 -12.439 -12.487 -12.42 -11.772 -11.362 -10.843 -12.432
0.064808 -10.783 -11.141 -11.573 -12.251 -12.48 -12.537 -11.893 -12.3 -12.479 -12.533 -12.449 -12.264 -12.293 -12.51 -12.505 -12.394 -12.236 -12.53 -12.513 -12.402 -12.286 -12.222 -12.474 -12.52 -12.458 -11.818 -11.41 -10.893 -12.467
0.066769 -10.775 -11.135 -11.577 -12.269 -12.506 -12.57 -11.909 -12.32 -12.506 -12.567 -12.487 -12.306 -12.312 -12.539 -12.541 -12.434 -12.278 -12.56 -12.549 -12.442 -12.328 -12.265 -12.51 -12.552 -12.496 -11.865 -11.458 -10.943 -12.501
0.068788 -10.765 -11.129 -11.58 -12.287 -12.533 -12.603 -11.926 -12.339 -12.532 -12.6 -12.525 -12.348 -12.33 -12.568 -12.577 -12.474 -12.321 -12.59 -12.585 -12.482 -12.37 -12.308 -12.545 -12.584 -12.533 -11.911 -11.507 -10.993 -12.535
0.070868 -10.755 -11.122 -11.583 -12.303 -12.558 -12.635 -11.942 -12.357 -12.558 -12.632 -12.562 -12.39 -12.348 -12.596 -12.613 -12.513 -12.363 -12.619 -12.62 -12.521 -12.411 -12.351 -12.579 -12.615 -12.57 -11.957 -11.555 -11.043 -12.569
0.073012 -10.744 -11.114 -11.585 -12.32 -12.584 -12.667 -11.958 -12.375 -12.583 -12.665 -12.6 -12.431 -12.366 -12.624 -12.648 -12.553 -12.405 -12.648 -12.656 -12.56 -12.453 -12.393 -12.614 -12.646 -12.607 -12.003 -11.603 -11.092 -12.603
