web/models/grb/onaxis/17/grb_0.0000_0.0268_0.0000398.dat
# %ECSV 1.0
# ---
# datatype:
# - {name: time, datatype: float64}
# - {name: swift_uvot_uvw2, datatype: float64}
# - {name: swift_uvot_uvm2, datatype: float64}
# - {name: swift_uvot_uvw1, datatype: float64}
# - {name: swift_uvot_U, datatype: float64}
# - {name: swift_uvot_B, datatype: float64}
# - {name: swift_uvot_V, datatype: float64}
# - {name: swift_uvot_W, datatype: float64}
# - {name: johnson_U, datatype: float64}
# - {name: johnson_B, datatype: float64}
# - {name: johnson_V, datatype: float64}
# - {name: johnson_R, datatype: float64}
# - {name: johnson_I, datatype: float64}
# - {name: sdss_u, datatype: float64}
# - {name: sdss_g, datatype: float64}
# - {name: sdss_r, datatype: float64}
# - {name: sdss_i, datatype: float64}
# - {name: sdss_z, datatype: float64}
# - {name: PS1_g, datatype: float64}
# - {name: PS1_r, datatype: float64}
# - {name: PS1_i, datatype: float64}
# - {name: PS1_z, datatype: float64}
# - {name: PS1_Y, datatype: float64}
# - {name: ukirt_J, datatype: float64}
# - {name: ukirt_H, datatype: float64}
# - {name: ukirt_K, datatype: float64}
# meta: !!omap
# - comment: [E = 1.164196048716035e-05, Eta0 = 8.02, GammaB = 12.0, dL = 0.012188, epsb = 6.760829753919819e-06, epse = 0.1, n = 3.9810717055349695e-05,
#     p = 2.15, theta_obs = 0.0, xiN = 1.0, z = 0.0, type = grb, E_kiso = 0.02682695795279726]
# schema: astropy-2.0
time swift_uvot_uvw2 swift_uvot_uvm2 swift_uvot_uvw1 swift_uvot_U swift_uvot_B swift_uvot_V swift_uvot_W johnson_U johnson_B johnson_V johnson_R johnson_I sdss_u sdss_g sdss_r sdss_i sdss_z PS1_g PS1_r PS1_i PS1_z PS1_Y ukirt_J ukirt_H ukirt_K
[from data line 304]
14.0302 13.078 13.127 13.052 12.859 12.717 12.578 12.938 12.837 12.714 12.572 12.432 12.283 12.842 12.669 12.497 12.377 12.266 12.605 12.463 12.343 12.244 12.076 12.054 11.885 11.694
14.3686 13.123 13.173 13.098 12.905 12.763 12.624 12.984 12.883 12.76 12.618 12.478 12.329 12.888 12.715 12.543 12.423 12.312 12.651 12.509 12.389 12.29 12.122 12.1 11.931 11.74
14.7153 13.169 13.219 13.144 12.951 12.809 12.67 13.03 12.929 12.806 12.664 12.524 12.375 12.934 12.761 12.589 12.469 12.358 12.697 12.555 12.435 12.336 12.168 12.146 11.977 11.786
15.0702 13.215 13.265 13.19 12.997 12.855 12.715 13.076 12.975 12.852 12.71 12.57 12.421 12.98 12.807 12.635 12.515 12.404 12.743 12.601 12.481 12.382 12.214 12.192 12.023 11.832
15.4338 13.261 13.311 13.236 13.043 12.901 12.761 13.122 13.021 12.898 12.756 12.616 12.467 13.026 12.853 12.681 12.56 12.45 12.789 12.647 12.527 12.428 12.26 12.238 12.069 11.878
15.8061 13.304 13.354 13.279 13.086 12.944 12.804 13.165 13.064 12.941 12.799 12.659 12.51 13.069 12.896 12.724 12.604 12.493 12.832 12.69 12.57 12.471 12.303 12.281 12.112 11.921
16.1874 13.347 13.397 13.322 13.129 12.986 12.847 13.208 13.106 12.984 12.842 12.702 12.553 13.111 12.939 12.767 12.646 12.536 12.875 12.732 12.613 12.514 12.345 12.324 12.154 11.964
16.5779 13.39 13.439 13.364 13.172 13.029 12.89 13.251 13.149 13.027 12.885 12.744 12.596 13.154 12.982 12.81 12.689 12.578 12.918 12.775 12.655 12.556 12.388 12.366 12.197 12.007
16.9778 13.433 13.482 13.407 13.214 13.072 12.933 13.294 13.192 13.069 12.928 12.787 12.639 13.197 13.024 12.852 12.732 12.621 12.961 12.818 12.698 12.599 12.431 12.409 12.24 12.05
17.3873 13.475 13.525 13.45 13.257 13.115 12.975 13.336 13.235 13.112 12.97 12.83 12.681 13.24 13.067 12.895 12.775 12.664 13.003 12.861 12.741 12.642 12.474 12.452 12.283 12.092
17.8068 13.518 13.568 13.493 13.3 13.157 13.018 13.379 13.277 13.155 13.013 12.873 12.724 13.282 13.11 12.938 12.817 12.707 13.046 12.904 12.784 12.685 12.516 12.495 12.325 12.135
18.2363 13.561 13.61 13.535 13.343 13.2 13.061 13.422 13.32 13.198 13.056 12.915 12.767 13.325 13.153 12.981 12.86 12.749 13.089 12.946 12.826 12.727 12.559 12.537 12.368 12.178
18.6762 13.604 13.653 13.578 13.385 13.243 13.104 13.465 13.363 13.24 13.099 12.958 12.81 13.368 13.195 13.024 12.903 12.792 13.132 12.989 12.869 12.77 12.602 12.58 12.411 12.221
19.1268 13.646 13.696 13.621 13.428 13.286 13.147 13.507 13.406 13.283 13.141 13.001 12.852 13.411 13.238 13.066 12.946 12.835 13.174 13.032 12.912 12.813 12.645 12.623 12.454 12.263
19.5882 13.689 13.739 13.664 13.471 13.329 13.189 13.55 13.449 13.326 13.184 13.044 12.895 13.454 13.281 13.109 12.988 12.878 13.217 13.075 12.955 12.856 12.688 12.666 12.497 12.306
20.0607 13.734 13.784 13.709 13.516 13.373 13.234 13.595 13.493 13.371 13.229 13.089 12.94 13.498 13.326 13.154 13.033 12.923 13.262 13.12 13.0 12.901 12.732 12.711 12.541 12.351
20.5446 13.779 13.828 13.754 13.561 13.418 13.279 13.64 13.538 13.416 13.274 13.133 12.985 13.543 13.371 13.199 13.078 12.968 13.307 13.164 13.045 12.946 12.777 12.756 12.586 12.396
21.0402 13.824 13.873 13.798 13.605 13.463 13.324 13.685 13.583 13.461 13.319 13.178 13.03 13.588 13.416 13.244 13.123 13.012 13.352 13.209 13.089 12.99 12.822 12.8 12.631 12.441
21.5478 13.869 13.918 13.843 13.65 13.508 13.369 13.73 13.628 13.506 13.364 13.223 13.075 13.633 13.46 13.289 13.168 13.057 13.397 13.254 13.134 13.035 12.867 12.845 12.676 12.486
22.0676 13.914 13.963 13.888 13.695 13.553 13.414 13.774 13.673 13.55 13.409 13.268 13.119 13.678 13.505 13.333 13.213 13.102 13.442 13.299 13.179 13.08 12.912 12.89 12.721 12.53
22.5999 13.958 14.008 13.933 13.74 13.598 13.459 13.819 13.718 13.595 13.453 13.313 13.164 13.723 13.55 13.378 13.258 13.147 13.486 13.344 13.224 13.125 12.957 12.935 12.766 12.575
23.1451 14.003 14.053 13.978 13.785 13.643 13.503 13.864 13.763 13.64 13.498 13.358 13.209 13.768 13.595 13.423 13.302 13.192 13.531 13.389 13.269 13.17 13.002 12.98 12.811 12.62
23.7034 14.048 14.098 14.023 13.83 13.687 13.548 13.909 13.807 13.685 13.543 13.403 13.254 13.812 13.64 13.468 13.347 13.237 13.576 13.434 13.314 13.215 13.046 13.025 12.855 12.665
24.2752 14.093 14.142 14.068 13.875 13.732 13.593 13.954 13.852 13.73 13.588 13.447 13.299 13.857 13.685 13.513 13.392 13.282 13.621 13.478 13.359 13.26 13.091 13.07 12.9 12.71
24.8608 14.137 14.187 14.112 13.919 13.776 13.637 13.998 13.896 13.774 13.632 13.492 13.343 13.901 13.729 13.557 13.436 13.326 13.665 13.522 13.403 13.304 13.135 13.114 12.944 12.754
25.4606 14.178 14.228 14.153 13.96 13.817 13.678 14.039 13.937 13.815 13.673 13.533 13.384 13.942 13.77 13.598 13.477 13.367 13.706 13.563 13.444 13.345 13.176 13.155 12.985 12.795
26.0748 14.219 14.269 14.194 14.001 13.858 13.719 14.08 13.978 13.856 13.714 13.574 13.425 13.983 13.811 13.639 13.518 13.408 13.747 13.604 13.485 13.386 13.217 13.196 13.026 12.836
26.7038 14.26 14.31 14.235 14.042 13.899 13.76 14.121 14.019 13.897 13.755 13.615 13.466 14.024 13.852 13.68 13.559 13.449 13.788 13.645 13.526 13.427 13.258 13.237 13.067 12.877
27.3479 14.301 14.351 14.276 14.083 13.94 13.801 14.162 14.06 13.938 13.796 13.656 13.507 14.065 13.893 13.721 13.6 13.49 13.829 13.686 13.567 13.468 13.299 13.278 13.108 12.918
28.0077 14.342 14.392 14.317 14.124 13.981 13.842 14.203 14.101 13.979 13.837 13.697 13.548 14.106 13.934 13.762 13.641 13.531 13.87 13.728 13.608 13.509 13.34 13.319 13.149 12.959
28.6833 14.383 14.433 14.358 14.165 14.022 13.883 14.244 14.142 14.02 13.878 13.738 13.589 14.147 13.975 13.803 13.682 13.572 13.911 13.769 13.649 13.55 13.381 13.36 13.19 13.0
29.3752 14.424 14.474 14.399 14.206 14.063 13.924 14.285 14.183 14.061 13.919 13.779 13.63 14.188 14.016 13.844 13.723 13.613 13.952 13.81 13.69 13.591 13.422 13.401 13.231 13.041
30.0838 14.465 14.515 14.44 14.247 14.104 13.965 14.326 14.224 14.102 13.96 13.82 13.671 14.229 14.057 13.885 13.764 13.654 13.993 13.851 13.731 13.632 13.463 13.442 13.272 13.082
30.8096 14.506 14.556 14.481 14.288 14.145 14.006 14.367 14.265 14.143 14.001 13.861 13.712 14.27 14.098 13.926 13.805 13.695 14.034 13.892 13.772 13.673 13.504 13.483 13.313 13.123
31.5528 14.546 14.596 14.521 14.328 14.186 14.046 14.407 14.306 14.183 14.041 13.901 13.752 14.311 14.138 13.966 13.845 13.735 14.074 13.932 13.812 13.713 13.545 13.523 13.354 13.163
32.3139 14.585 14.634 14.559 14.366 14.224 14.085 14.446 14.344 14.222 14.08 13.939 13.791 14.349 14.176 14.005 13.884 13.773 14.113 13.97 13.85 13.751 13.583 13.561 13.392 13.202
33.0935 14.623 14.673 14.598 14.405 14.262 14.123 14.484 14.382 14.26 14.118 13.978 13.829 14.387 14.215 14.043 13.922 13.812 14.151 14.009 13.889 13.79 13.621 13.6 13.43 13.24
33.8918 14.662 14.711 14.636 14.443 14.301 14.162 14.523 14.421 14.298 14.157 14.016 13.867 14.426 14.253 14.081 13.961 13.85 14.19 14.047 13.927 13.828 13.66 13.638 13.469 13.278
34.7093 14.7 14.749 14.675 14.482 14.339 14.2 14.561 14.459 14.337 14.195 14.054 13.906 14.464 14.292 14.12 13.999 13.889 14.228 14.085 13.966 13.867 13.698 13.677 13.507 13.317
35.5466 14.738 14.788 14.713 14.52 14.378 14.239 14.599 14.498 14.375 14.233 14.093 13.944 14.503 14.33 14.158 14.038 13.927 14.266 14.124 14.004 13.905 13.737 13.715 13.546 13.355
36.4041 14.777 14.826 14.751 14.559 14.416 14.277 14.638 14.536 14.414 14.272 14.131 13.983 14.541 14.369 14.197 14.076 13.965 14.305 14.162 14.042 13.943 13.775 13.753 13.584 13.394
37.2823 14.815 14.865 14.79 14.597 14.455 14.315 14.676 14.575 14.452 14.31 14.17 14.021 14.58 14.407 14.235 14.114 14.004 14.343 14.201 14.081 13.982 13.814 13.792 13.623 13.432
38.1817 14.854 14.903 14.828 14.635 14.493 14.354 14.715 14.613 14.491 14.349 14.208 14.06 14.618 14.445 14.274 14.153 14.042 14.382 14.239 14.119 14.02 13.852 13.83 13.661 13.471
39.1028 14.892 14.942 14.867 14.674 14.531 14.392 14.753 14.651 14.529 14.387 14.247 14.098 14.657 14.484 14.312 14.191 14.081 14.42 14.278 14.158 14.059 13.89 13.869 13.699 13.509
40.046 14.932 14.982 14.907 14.714 14.572 14.432 14.793 14.692 14.569 14.427 14.287 14.138 14.697 14.524 14.352 14.232 14.121 14.46 14.318 14.198 14.099 13.931 13.909 13.74 13.549
41.0121 14.974 15.024 14.949 14.756 14.614 14.474 14.835 14.734 14.611 14.469 14.329 14.18 14.739 14.566 14.394 14.274 14.163 14.502 14.36 14.24 14.141 13.973 13.951 13.782 13.591
42.0014 15.016 15.066 14.991 14.798 14.656 14.516 14.877 14.776 14.653 14.511 14.371 14.222 14.781 14.608 14.436 14.315 14.205 14.544 14.402 14.282 14.183 14.015 13.993 13.824 13.633
43.0146 15.058 15.108 15.033 14.84 14.698 14.558 14.919 14.818 14.695 14.553 14.413 14.264 14.823 14.65 14.478 14.357 14.247 14.586 14.444 14.324 14.225 14.057 14.035 13.866 13.675
44.0523 15.1 15.15 15.075 14.882 14.74 14.6 14.961 14.86 14.737 14.595 14.455 14.306 14.865 14.692 14.52 14.399 14.289 14.628 14.486 14.366 14.267 14.099 14.077 13.908 13.717
45.1149 15.142 15.192 15.117 14.924 14.781 14.642 15.003 14.902 14.779 14.637 14.497 14.348 14.907 14.734 14.562 14.441 14.331 14.67 14.528 14.408 14.309 14.141 14.119 13.949 13.759
46.2033 15.184 15.234 15.159 14.966 14.823 14.684 15.045 14.943 14.821 14.679 14.539 14.39 14.949 14.776 14.604 14.483 14.373 14.712 14.57 14.45 14.351 14.182 14.161 13.991 13.801
47.3178 15.226 15.276 15.201 15.008 14.865 14.726 15.087 14.985 14.863 14.721 14.581 14.432 14.99 14.818 14.646 14.525 14.415 14.754 14.612 14.492 14.393 14.224 14.203 14.033 13.843
48.4593 15.268 15.318 15.243 15.05 14.907 14.768 15.129 15.027 14.905 14.763 14.623 14.474 15.032 14.86 14.688 14.567 14.457 14.796 14.654 14.534 14.435 14.266 14.245 14.075 13.885
49.6283 15.31 15.36 15.285 15.092 14.949 14.81 15.171 15.069 14.947 14.805 14.665 14.516 15.074 14.902 14.73 14.609 14.499 14.838 14.696 14.576 14.477 14.308 14.287 14.117 13.927
50.8255 15.349 15.398 15.324 15.131 14.988 14.849 15.21 15.108 14.986 14.844 14.704 14.555 15.113 14.941 14.769 14.648 14.538 14.877 14.734 14.615 14.516 14.347 14.326 14.156 13.966
52.0515 15.386 15.436 15.361 15.168 15.025 14.886 15.247 15.145 15.023 14.881 14.741 14.592 15.15 14.978 14.806 14.685 14.575 14.914 14.772 14.652 14.553 14.384 14.363 14.193 14.003
53.3072 15.423 15.473 15.398 15.205 15.062 14.923 15.284 15.182 15.06 14.918 14.778 14.629 15.187 15.015 14.843 14.722 14.612 14.951 14.809 14.689 14.59 14.421 14.4 14.23 14.04
54.5931 15.46 15.51 15.435 15.242 15.1 14.96 15.321 15.22 15.097 14.955 14.815 14.666 15.225 15.052 14.88 14.759 14.649 14.988 14.846 14.726 14.627 14.459 14.437 14.268 14.077
55.9101 15.497 15.547 15.472 15.279 15.137 14.997 15.358 15.257 15.134 14.992 14.852 14.703 15.262 15.089 14.917 14.797 14.686 15.025 14.883 14.763 14.664 14.496 14.474 14.305 14.114
57.2588 15.534 15.584 15.509 15.316 15.174 15.035 15.395 15.294 15.171 15.029 14.889 14.74 15.299 15.126 14.954 14.834 14.723 15.062 14.92 14.8 14.701 14.533 14.511 14.342 14.151
58.6401 15.572 15.621 15.546 15.353 15.211 15.072 15.432 15.331 15.208 15.066 14.926 14.777 15.336 15.163 14.991 14.871 14.76 15.099 14.957 14.837 14.738 14.57 14.548 14.379 14.188
60.0546 15.609 15.658 15.583 15.39 15.248 15.109 15.47 15.368 15.245 15.104 14.963 14.815 15.373 15.2 15.028 14.908 14.797 15.137 14.994 14.874 14.775 14.607 14.585 14.416 14.226
61.5034 15.646 15.695 15.62 15.427 15.285 15.146 15.507 15.405 15.283 15.141 15.0 14.852 15.41 15.237 15.066 14.945 14.834 15.174 15.031 14.911 14.812 14.644 14.622 14.453 14.263
62.987 15.683 15.732 15.657 15.464 15.322 15.183 15.544 15.442 15.32 15.178 15.037 14.889 15.447 15.274 15.103 14.982 14.871 15.211 15.068 14.948 14.849 14.681 14.659 14.49 14.3
64.5065 15.719 15.768 15.694 15.501 15.358 15.219 15.58 15.478 15.356 15.214 15.073 14.925 15.483 15.311 15.139 15.018 14.907 15.247 15.104 14.985 14.886 14.717 14.696 14.526 14.336
66.0626 15.755 15.804 15.729 15.537 15.394 15.255 15.616 15.514 15.392 15.25 15.109 14.961 15.519 15.347 15.175 15.054 14.943 15.283 15.14 15.02 14.921 14.753 14.731 14.562 14.372
67.6562 15.791 15.84 15.765 15.572 15.43 15.291 15.652 15.55 15.428 15.286 15.145 14.997 15.555 15.383 15.211 15.09 14.979 15.319 15.176 15.056 14.957 14.789 14.767 14.598 14.408
69.2883 15.827 15.876 15.801 15.608 15.466 15.327 15.688 15.586 15.464 15.322 15.181 15.033 15.591 15.418 15.247 15.126 15.015 15.355 15.212 15.092 14.993 14.825 14.803 14.634 14.444
70.9597 15.863 15.912 15.837 15.644 15.502 15.363 15.724 15.622 15.499 15.358 15.217 15.069 15.627 15.454 15.283 15.162 15.051 15.391 15.248 15.128 15.029 14.861 14.839 14.67 14.48
72.6715 15.899 15.948 15.873 15.68 15.538 15.399 15.76 15.658 15.535 15.394 15.253 15.104 15.663 15.49 15.318 15.198 15.087 15.427 15.284 15.164 15.065 14.897 14.875 14.706 14.515
74.4246 15.935 15.984 15.909 15.716 15.574 15.435 15.795 15.694 15.571 15.429 15.289 15.14 15.699 15.526 15.354 15.234 15.123 15.462 15.32 15.2 15.101 14.933 14.911 14.742 14.551
76.2199 15.97 16.02 15.945 15.752 15.61 15.471 15.831 15.73 15.607 15.465 15.325 15.176 15.735 15.562 15.39 15.27 15.159 15.498 15.356 15.236 15.137 14.969 14.947 14.778 14.587
78.0586 16.006 16.056 15.981 15.788 15.646 15.506 15.867 15.766 15.643 15.501 15.361 15.212 15.771 15.598 15.426 15.306 15.195 15.534 15.392 15.272 15.173 15.005 14.983 14.814 14.623
79.9416 16.042 16.092 16.017 15.824 15.682 15.542 15.903 15.802 15.679 15.537 15.397 15.248 15.807 15.634 15.462 15.341 15.231 15.57 15.428 15.308 15.209 15.041 15.019 14.85 14.659
81.87 16.079 16.128 16.053 15.86 15.718 15.579 15.94 15.838 15.716 15.574 15.433 15.285 15.843 15.671 15.499 15.378 15.267 15.607 15.464 15.344 15.245 15.077 15.055 14.886 14.696
83.845 16.115 16.165 16.09 15.897 15.755 15.616 15.976 15.875 15.752 15.61 15.47 15.321 15.88 15.707 15.535 15.415 15.304 15.643 15.501 15.381 15.282 15.114 15.092 14.923 14.732
85.8676 16.152 16.201 16.127 15.934 15.791 15.652 16.013 15.911 15.789 15.647 15.506 15.358 15.916 15.744 15.572 15.451 15.34 15.68 15.537 15.418 15.319 15.15 15.129 14.959 14.769
87.939 16.189 16.238 16.163 15.97 15.828 15.689 16.049 15.948 15.825 15.684 15.543 15.394 15.953 15.78 15.608 15.488 15.377 15.717 15.574 15.454 15.355 15.187 15.165 14.996 14.805
90.0604 16.225 16.275 16.2 16.007 15.864 15.725 16.086 15.984 15.862 15.72 15.58 15.431 15.989 15.817 15.645 15.524 15.414 15.753 15.611 15.491 15.392 15.223 15.202 15.032 14.842
92.2329 16.262 16.311 16.236 16.043 15.901 15.762 16.123 16.021 15.899 15.757 15.616 15.468 16.026 15.853 15.682 15.561 15.45 15.79 15.647 15.527 15.428 15.26 15.238 15.069 14.879
94.4579 16.298 16.348 16.273 16.08 15.938 15.798 16.159 16.058 15.935 15.793 15.653 15.504 16.063 15.89 15.718 15.597 15.487 15.826 15.684 15.564 15.465 15.297 15.275 15.106 14.915
96.7365 16.335 16.384 16.309 16.117 15.974 15.835 16.196 16.094 15.972 15.83 15.689 15.541 16.099 15.927 15.755 15.634 15.523 15.863 15.72 15.6 15.501 15.333 15.311 15.142 14.952
99.0701 16.371 16.421 16.346 16.153 16.011 15.872 16.232 16.131 16.008 15.866 15.726 15.577 16.136 15.963 15.791 15.671 15.56 15.899 15.757 15.637 15.538 15.37 15.348 15.179 14.988
101.4599 16.408 16.457 16.383 16.19 16.047 15.908 16.269 16.167 16.045 15.903 15.762 15.614 16.172 16.0 15.828 15.707 15.596 15.936 15.793 15.673 15.574 15.406 15.384 15.215 15.025
103.9075 16.442 16.491 16.417 16.224 16.081 15.942 16.303 16.201 16.079 15.937 15.796 15.648 16.206 16.034 15.862 15.741 15.63 15.97 15.827 15.707 15.608 15.44 15.418 15.249 15.059
106.4141 16.476 16.525 16.451 16.258 16.115 15.976 16.337 16.235 16.113 15.971 15.83 15.682 16.24 16.068 15.896 15.775 15.664 16.004 15.861 15.742 15.642 15.474 15.453 15.283 15.093
108.9811 16.51 16.559 16.485 16.292 16.149 16.01 16.371 16.269 16.147 16.005 15.864 15.716 16.274 16.102 15.93 15.809 15.698 16.038 15.895 15.776 15.676 15.508 15.487 15.317 15.127
