web/models/grb/onaxis/17/grb_0.0000_0.2683_0.0398107.dat
# %ECSV 1.0
# ---
# datatype:
# - {name: time, datatype: float64}
# - {name: swift_uvot_uvw2, datatype: float64}
# - {name: swift_uvot_uvm2, datatype: float64}
# - {name: swift_uvot_uvw1, datatype: float64}
# - {name: swift_uvot_U, datatype: float64}
# - {name: swift_uvot_B, datatype: float64}
# - {name: swift_uvot_V, datatype: float64}
# - {name: swift_uvot_W, datatype: float64}
# - {name: johnson_U, datatype: float64}
# - {name: johnson_B, datatype: float64}
# - {name: johnson_V, datatype: float64}
# - {name: johnson_R, datatype: float64}
# - {name: johnson_I, datatype: float64}
# - {name: sdss_u, datatype: float64}
# - {name: sdss_g, datatype: float64}
# - {name: sdss_r, datatype: float64}
# - {name: sdss_i, datatype: float64}
# - {name: sdss_z, datatype: float64}
# - {name: PS1_g, datatype: float64}
# - {name: PS1_r, datatype: float64}
# - {name: PS1_i, datatype: float64}
# - {name: PS1_z, datatype: float64}
# - {name: PS1_Y, datatype: float64}
# - {name: PS1_w, datatype: float64}
# - {name: ATLAS_c, datatype: float64}
# - {name: ATLAS_o, datatype: float64}
# - {name: ukirt_J, datatype: float64}
# - {name: ukirt_H, datatype: float64}
# - {name: ukirt_K, datatype: float64}
# - {name: Clear, datatype: float64}
# meta: !!omap
# - comment: [E = 0.00011641960487160349, Eta0 = 8.02, GammaB = 12.0, dL = 0.012188, epsb = 6.760829753919819e-06, epse = 0.1, n = 0.03981071705534969,
#     p = 2.15, theta_obs = 0.0, xiN = 1.0, z = 0.0, type = grb, E_kiso = 0.2682695795279726]
# schema: astropy-2.0
time swift_uvot_uvw2 swift_uvot_uvm2 swift_uvot_uvw1 swift_uvot_U swift_uvot_B swift_uvot_V swift_uvot_W johnson_U johnson_B johnson_V johnson_R johnson_I sdss_u sdss_g sdss_r sdss_i sdss_z PS1_g PS1_r PS1_i PS1_z PS1_Y PS1_w ATLAS_c ATLAS_o ukirt_J ukirt_H ukirt_K Clear
[from data line 244]
3.3569 4.872 4.922 4.847 4.654 4.512 4.372 4.733 4.632 4.509 4.367 4.227 4.078 4.637 4.464 4.292 4.172 4.061 4.4 4.258 4.138 4.039 3.871 4.295 4.39 4.237 3.849 3.68 3.489 4.204
3.4378 4.915 4.965 4.89 4.697 4.554 4.415 4.776 4.674 4.552 4.41 4.27 4.121 4.679 4.507 4.335 4.214 4.104 4.443 4.301 4.181 4.082 3.913 4.337 4.432 4.28 3.892 3.722 3.532 4.247
3.5208 4.958 5.007 4.932 4.74 4.597 4.458 4.819 4.717 4.595 4.453 4.312 4.164 4.722 4.55 4.378 4.257 4.146 4.486 4.343 4.223 4.124 3.956 4.38 4.475 4.322 3.934 3.765 3.575 4.29
3.6057 5.001 5.05 4.975 4.782 4.64 4.501 4.862 4.76 4.637 4.496 4.355 4.207 4.765 4.592 4.421 4.3 4.189 4.529 4.386 4.266 4.167 3.999 4.423 4.518 4.365 3.977 3.808 3.618 4.333
3.6927 5.043 5.093 5.018 4.825 4.683 4.544 4.904 4.803 4.68 4.538 4.398 4.249 4.808 4.635 4.463 4.343 4.232 4.571 4.429 4.309 4.21 4.042 4.466 4.561 4.408 4.02 3.851 3.66 4.375
3.7818 5.086 5.136 5.061 4.868 4.725 4.586 4.947 4.845 4.723 4.581 4.441 4.292 4.85 4.678 4.506 4.385 4.275 4.614 4.472 4.352 4.253 4.084 4.508 4.603 4.451 4.063 3.893 3.703 4.418
3.873 5.129 5.178 5.104 4.911 4.768 4.629 4.99 4.888 4.766 4.624 4.483 4.335 4.893 4.721 4.549 4.428 4.317 4.657 4.514 4.394 4.295 4.127 4.551 4.646 4.493 4.105 3.936 3.746 4.461
3.9664 5.172 5.221 5.146 4.953 4.811 4.672 5.033 4.931 4.809 4.667 4.526 4.378 4.936 4.763 4.592 4.471 4.36 4.7 4.557 4.437 4.338 4.17 4.594 4.689 4.536 4.148 3.979 3.789 4.504
4.0621 5.214 5.264 5.189 4.996 4.854 4.715 5.075 4.974 4.851 4.709 4.569 4.42 4.979 4.806 4.634 4.514 4.403 4.742 4.6 4.48 4.381 4.213 4.637 4.732 4.579 4.191 4.022 3.831 4.546
4.1601 5.257 5.307 5.232 5.039 4.896 4.757 5.118 5.016 4.894 4.752 4.612 4.463 5.021 4.849 4.677 4.556 4.446 4.785 4.643 4.523 4.424 4.255 4.679 4.775 4.622 4.234 4.064 3.874 4.589
4.2604 5.301 5.35 5.276 5.083 4.94 4.801 5.162 5.06 4.938 4.796 4.655 4.507 5.065 4.893 4.721 4.6 4.489 4.829 4.686 4.566 4.467 4.299 4.723 4.818 4.665 4.277 4.108 3.918 4.633
4.3632 5.346 5.395 5.32 5.127 4.985 4.846 5.207 5.105 4.983 4.841 4.7 4.552 5.11 4.937 4.766 4.645 4.534 4.874 4.731 4.611 4.512 4.344 4.768 4.863 4.71 4.322 4.153 3.963 4.678
4.4685 5.391 5.44 5.365 5.172 5.03 4.891 5.252 5.15 5.027 4.886 4.745 4.597 5.155 4.982 4.81 4.69 4.579 4.919 4.776 4.656 4.557 4.389 4.813 4.908 4.755 4.367 4.198 4.008 4.723
4.5763 5.435 5.485 5.41 5.217 5.075 4.936 5.296 5.195 5.072 4.93 4.79 4.641 5.2 5.027 4.855 4.735 4.624 4.963 4.821 4.701 4.602 4.434 4.858 4.953 4.8 4.412 4.243 4.052 4.767
4.6867 5.48 5.53 5.455 5.262 5.12 4.98 5.341 5.24 5.117 4.975 4.835 4.686 5.245 5.072 4.9 4.78 4.669 5.008 4.866 4.746 4.647 4.479 4.902 4.998 4.845 4.457 4.288 4.097 4.812
4.7997 5.525 5.575 5.5 5.307 5.164 5.025 5.386 5.284 5.162 5.02 4.88 4.731 5.289 5.117 4.945 4.824 4.714 5.053 4.911 4.791 4.692 4.523 4.947 5.043 4.89 4.502 4.332 4.142 4.857
4.9155 5.57 5.62 5.545 5.352 5.209 5.07 5.431 5.329 5.207 5.065 4.925 4.776 5.334 5.162 4.99 4.869 4.759 5.098 4.955 4.836 4.737 4.568 4.992 5.087 4.935 4.547 4.377 4.187 4.902
5.0341 5.615 5.664 5.59 5.397 5.254 5.115 5.476 5.374 5.252 5.11 4.969 4.821 5.379 5.207 5.035 4.914 4.803 5.143 5.0 4.88 4.781 4.613 5.037 5.132 4.979 4.591 4.422 4.232 4.947
5.1555 5.66 5.709 5.634 5.441 5.299 5.16 5.521 5.419 5.297 5.155 5.014 4.866 5.424 5.251 5.08 4.959 4.848 5.188 5.045 4.925 4.826 4.658 5.082 5.177 5.024 4.636 4.467 4.277 4.992
5.2799 5.705 5.754 5.679 5.486 5.344 5.205 5.566 5.464 5.341 5.2 5.059 4.911 5.469 5.296 5.124 5.004 4.893 5.233 5.09 4.97 4.871 4.703 5.127 5.222 5.069 4.681 4.512 4.322 5.037
5.4072 5.747 5.797 5.722 5.529 5.386 5.247 5.608 5.506 5.384 5.242 5.102 4.953 5.511 5.339 5.167 5.046 4.936 5.275 5.133 5.013 4.914 4.745 5.169 5.264 5.112 4.724 4.554 4.364 5.079
5.5377 5.788 5.838 5.763 5.57 5.427 5.288 5.649 5.547 5.425 5.283 5.143 4.994 5.552 5.38 5.208 5.087 4.977 5.316 5.174 5.054 4.955 4.786 5.21 5.305 5.153 4.765 4.595 4.405 5.12
5.6713 5.829 5.879 5.804 5.611 5.468 5.329 5.69 5.588 5.466 5.324 5.184 5.035 5.593 5.421 5.249 5.128 5.018 5.357 5.215 5.095 4.996 4.827 5.251 5.347 5.194 4.806 4.636 4.446 5.161
5.8081 5.87 5.92 5.845 5.652 5.509 5.37 5.731 5.629 5.507 5.365 5.225 5.076 5.634 5.462 5.29 5.169 5.059 5.398 5.256 5.136 5.037 4.868 5.292 5.388 5.235 4.847 4.677 4.487 5.202
5.9482 5.911 5.961 5.886 5.693 5.55 5.411 5.772 5.67 5.548 5.406 5.266 5.117 5.675 5.503 5.331 5.21 5.1 5.439 5.297 5.177 5.078 4.909 5.333 5.429 5.276 4.888 4.718 4.528 5.243
6.0917 5.952 6.002 5.927 5.734 5.591 5.452 5.813 5.711 5.589 5.447 5.307 5.158 5.717 5.544 5.372 5.251 5.141 5.48 5.338 5.218 5.119 4.95 5.374 5.47 5.317 4.929 4.759 4.569 5.284
6.2386 5.993 6.043 5.968 5.775 5.632 5.493 5.854 5.752 5.63 5.488 5.348 5.199 5.758 5.585 5.413 5.292 5.182 5.521 5.379 5.259 5.16 4.991 5.415 5.511 5.358 4.97 4.8 4.61 5.325
6.3891 6.034 6.084 6.009 5.816 5.673 5.534 5.895 5.793 5.671 5.529 5.389 5.24 5.799 5.626 5.454 5.333 5.223 5.562 5.42 5.3 5.201 5.032 5.456 5.552 5.399 5.011 4.841 4.651 5.366
6.5433 6.075 6.125 6.05 5.857 5.714 5.575 5.936 5.834 5.712 5.57 5.43 5.281 5.84 5.667 5.495 5.374 5.264 5.603 5.461 5.341 5.242 5.074 5.497 5.593 5.44 5.052 4.882 4.692 5.407
6.7011 6.116 6.166 6.091 5.898 5.755 5.616 5.977 5.876 5.753 5.611 5.471 5.322 5.881 5.708 5.536 5.415 5.305 5.644 5.502 5.382 5.283 5.115 5.538 5.634 5.481 5.093 4.923 4.733 5.448
6.8627 6.155 6.205 6.13 5.937 5.795 5.655 6.016 5.915 5.792 5.65 5.51 5.361 5.92 5.747 5.575 5.455 5.344 5.683 5.541 5.421 5.322 5.154 5.577 5.673 5.52 5.132 4.963 4.772 5.487
7.0283 6.194 6.243 6.168 5.975 5.833 5.694 6.055 5.953 5.831 5.689 5.548 5.4 5.958 5.785 5.614 5.493 5.382 5.722 5.579 5.459 5.36 5.192 5.616 5.711 5.558 5.17 5.001 4.811 5.526
7.1978 6.232 6.282 6.207 6.014 5.871 5.732 6.093 5.991 5.869 5.727 5.587 5.438 5.997 5.824 5.652 5.531 5.421 5.76 5.618 5.498 5.399 5.23 5.654 5.75 5.597 5.209 5.039 4.849 5.564
7.3715 6.271 6.32 6.245 6.052 5.91 5.771 6.132 6.03 5.907 5.766 5.625 5.477 6.035 5.862 5.691 5.57 5.459 5.799 5.656 5.536 5.437 5.269 5.693 5.788 5.635 5.247 5.078 4.888 5.603
7.5493 6.309 6.359 6.284 6.091 5.948 5.809 6.17 6.068 5.946 5.804 5.664 5.515 6.073 5.901 5.729 5.608 5.498 5.837 5.694 5.575 5.476 5.307 5.731 5.826 5.674 5.286 5.116 4.926 5.641
7.7314 6.348 6.397 6.322 6.129 5.987 5.848 6.208 6.107 5.984 5.842 5.702 5.553 6.112 5.939 5.767 5.647 5.536 5.875 5.733 5.613 5.514 5.346 5.77 5.865 5.712 5.324 5.155 4.964 5.679
7.9179 6.386 6.435 6.361 6.168 6.025 5.886 6.247 6.145 6.023 5.881 5.74 5.592 6.15 5.978 5.806 5.685 5.574 5.914 5.771 5.652 5.553 5.384 5.808 5.903 5.75 5.363 5.193 5.003 5.718
8.1089 6.424 6.474 6.399 6.206 6.064 5.925 6.285 6.184 6.061 5.919 5.779 5.63 6.189 6.016 5.844 5.724 5.613 5.952 5.81 5.69 5.591 5.423 5.847 5.942 5.789 5.401 5.232 5.041 5.756
8.3045 6.463 6.512 6.437 6.244 6.102 5.963 6.324 6.222 6.1 5.958 5.817 5.669 6.227 6.055 5.883 5.762 5.651 5.991 5.848 5.728 5.629 5.461 5.885 5.98 5.827 5.439 5.27 5.08 5.795
8.5049 6.501 6.551 6.476 6.283 6.141 6.001 6.362 6.261 6.138 5.996 5.856 5.707 6.266 6.093 5.921 5.8 5.69 6.029 5.887 5.767 5.668 5.5 5.923 6.019 5.866 5.478 5.309 5.118 5.833
8.71 6.543 6.592 6.517 6.325 6.182 6.043 6.404 6.302 6.18 6.038 5.897 5.749 6.307 6.135 5.963 5.842 5.731 6.071 5.928 5.808 5.709 5.541 5.965 6.06 5.907 5.519 5.35 5.16 5.875
8.9201 6.585 6.634 6.559 6.366 6.224 6.085 6.446 6.344 6.222 6.08 5.939 5.791 6.349 6.177 6.005 5.884 5.773 6.113 5.97 5.85 5.751 5.583 6.007 6.102 5.949 5.561 5.392 5.202 5.917
9.1353 6.627 6.676 6.601 6.408 6.266 6.127 6.488 6.386 6.264 6.122 5.981 5.833 6.391 6.219 6.047 5.926 5.815 6.155 6.012 5.892 5.793 5.625 6.049 6.144 5.991 5.603 5.434 5.244 5.959
9.3557 6.669 6.718 6.643 6.45 6.308 6.169 6.53 6.428 6.306 6.164 6.023 5.875 6.433 6.26 6.089 5.968 5.857 6.197 6.054 5.934 5.835 5.667 6.091 6.186 6.033 5.645 5.476 5.286 6.001
9.5814 6.711 6.76 6.685 6.492 6.35 6.211 6.572 6.47 6.348 6.206 6.065 5.917 6.475 6.302 6.131 6.01 5.899 6.239 6.096 5.976 5.877 5.709 6.133 6.228 6.075 5.687 5.518 5.328 6.043
9.8125 6.753 6.802 6.727 6.534 6.392 6.253 6.614 6.512 6.39 6.248 6.107 5.959 6.517 6.344 6.173 6.052 5.941 6.281 6.138 6.018 5.919 5.751 6.175 6.27 6.117 5.729 5.56 5.37 6.085
10.0492 6.795 6.844 6.769 6.576 6.434 6.295 6.656 6.554 6.432 6.29 6.149 6.001 6.559 6.386 6.215 6.094 5.983 6.323 6.18 6.06 5.961 5.793 6.217 6.312 6.159 5.771 5.602 5.412 6.127
10.2917 6.837 6.886 6.811 6.618 6.476 6.337 6.698 6.596 6.474 6.332 6.191 6.043 6.601 6.428 6.257 6.136 6.025 6.365 6.222 6.102 6.003 5.835 6.259 6.354 6.201 5.813 5.644 5.454 6.169
10.5399 6.879 6.928 6.853 6.66 6.518 6.379 6.74 6.638 6.515 6.374 6.233 6.085 6.643 6.47 6.299 6.178 6.067 6.407 6.264 6.144 6.045 5.877 6.301 6.396 6.243 5.855 5.686 5.496 6.211
10.7942 6.92 6.97 6.895 6.702 6.56 6.421 6.781 6.68 6.557 6.415 6.275 6.126 6.685 6.512 6.34 6.22 6.109 6.448 6.306 6.186 6.087 5.919 6.343 6.438 6.285 5.897 5.728 5.537 6.252
11.0546 6.958 7.007 6.932 6.739 6.597 6.458 6.818 6.717 6.594 6.453 6.312 6.163 6.722 6.549 6.377 6.257 6.146 6.486 6.343 6.223 6.124 5.956 6.38 6.475 6.322 5.934 5.765 5.574 6.289
11.3212 6.995 7.044 6.969 6.776 6.634 6.495 6.856 6.754 6.631 6.49 6.349 6.201 6.759 6.586 6.415 6.294 6.183 6.523 6.38 6.26 6.161 5.993 6.417 6.512 6.359 5.971 5.802 5.612 6.327
11.5943 7.032 7.081 7.006 6.813 6.671 6.532 6.893 6.791 6.669 6.527 6.386 6.238 6.796 6.623 6.452 6.331 6.22 6.56 6.417 6.297 6.198 6.03 6.454 6.549 6.396 6.008 5.839 5.649 6.364
11.874 7.069 7.118 7.043 6.85 6.708 6.569 6.93 6.828 6.706 6.564 6.423 6.275 6.833 6.661 6.489 6.368 6.257 6.597 6.454 6.334 6.235 6.067 6.491 6.586 6.433 6.045 5.876 5.686 6.401
12.1605 7.106 7.155 7.081 6.888 6.745 6.606 6.967 6.865 6.743 6.601 6.46 6.312 6.87 6.698 6.526 6.405 6.294 6.634 6.491 6.371 6.272 6.104 6.528 6.623 6.47 6.082 5.913 5.723 6.438
12.4538 7.143 7.192 7.118 6.925 6.782 6.643 7.004 6.902 6.78 6.638 6.497 6.349 6.907 6.735 6.563 6.442 6.332 6.671 6.528 6.409 6.31 6.141 6.565 6.66 6.508 6.12 5.95 5.76 6.475
12.7542 7.18 7.23 7.155 6.962 6.819 6.68 7.041 6.939 6.817 6.675 6.535 6.386 6.944 6.772 6.6 6.479 6.369 6.708 6.565 6.446 6.347 6.178 6.602 6.697 6.545 6.157 5.987 5.797 6.512
13.0619 7.217 7.267 7.192 6.999 6.856 6.717 7.078 6.976 6.854 6.712 6.572 6.423 6.981 6.809 6.637 6.516 6.406 6.745 6.603 6.483 6.384 6.215 6.639 6.734 6.582 6.194 6.024 5.834 6.549
13.377 7.254 7.304 7.229 7.036 6.893 6.754 7.115 7.013 6.891 6.749 6.609 6.46 7.019 6.846 6.674 6.553 6.443 6.782 6.64 6.52 6.421 6.253 6.676 6.772 6.619 6.231 6.061 5.871 6.586
13.6997 7.291 7.341 7.266 7.073 6.93 6.791 7.152 7.05 6.928 6.786 6.646 6.497 7.055 6.883 6.711 6.59 6.48 6.819 6.677 6.557 6.458 6.289 6.713 6.808 6.656 6.268 6.098 5.908 6.623
14.0302 7.327 7.376 7.302 7.109 6.966 6.827 7.188 7.086 6.964 6.822 6.682 6.533 7.091 6.919 6.747 6.626 6.516 6.855 6.712 6.593 6.494 6.325 6.749 6.844 6.692 6.304 6.134 5.944 6.659
14.3686 7.363 7.412 7.338 7.145 7.002 6.863 7.224 7.122 7.0 6.858 6.717 6.569 7.127 6.955 6.783 6.662 6.551 6.891 6.748 6.629 6.53 6.361 6.785 6.88 6.727 6.34 6.17 5.98 6.695
14.7153 7.399 7.448 7.373 7.181 7.038 6.899 7.26 7.158 7.036 6.894 6.753 6.605 7.163 6.991 6.819 6.698 6.587 6.927 6.784 6.664 6.565 6.397 6.821 6.916 6.763 6.375 6.206 6.016 6.731
15.0702 7.435 7.484 7.409 7.216 7.074 6.935 7.296 7.194 7.072 6.93 6.789 6.641 7.199 7.027 6.855 6.734 6.623 6.963 6.82 6.7 6.601 6.433 6.857 6.952 6.799 6.411 6.242 6.052 6.767
15.4338 7.471 7.52 7.445 7.252 7.11 6.971 7.332 7.23 7.108 6.966 6.825 6.677 7.235 7.062 6.891 6.77 6.659 6.999 6.856 6.736 6.637 6.469 6.893 6.988 6.835 6.447 6.278 6.088 6.803
15.8061 7.507 7.556 7.481 7.288 7.146 7.007 7.368 7.266 7.143 7.002 6.861 6.713 7.271 7.098 6.927 6.806 6.695 7.035 6.892 6.772 6.673 6.505 6.929 7.024 6.871 6.483 6.314 6.124 6.839
16.1874 7.543 7.592 7.517 7.324 7.182 7.043 7.404 7.302 7.179 7.038 6.897 6.748 7.307 7.134 6.962 6.842 6.731 7.071 6.928 6.808 6.709 6.541 6.965 7.06 6.907 6.519 6.35 6.159 6.874
16.5779 7.579 7.628 7.553 7.36 7.218 7.079 7.439 7.338 7.215 7.073 6.933 6.784 7.343 7.17 6.998 6.878 6.767 7.106 6.964 6.844 6.745 6.577 7.001 7.096 6.943 6.555 6.386 6.195 6.91
16.9778 7.614 7.664 7.589 7.396 7.254 7.115 7.475 7.374 7.251 7.109 6.969 6.82 7.379 7.206 7.034 6.914 6.803 7.142 7.0 6.88 6.781 6.613 7.037 7.132 6.979 6.591 6.422 6.231 6.946
17.3873 7.651 7.7 7.625 7.432 7.29 7.151 7.511 7.41 7.287 7.146 7.005 6.856 7.415 7.242 7.07 6.95 6.839 7.179 7.036 6.916 6.817 6.649 7.073 7.168 7.015 6.627 6.458 6.267 6.982
17.8068 7.687 7.737 7.662 7.469 7.326 7.187 7.548 7.446 7.324 7.182 7.042 6.893 7.451 7.279 7.107 6.986 6.876 7.215 7.073 6.953 6.854 6.685 7.109 7.204 7.052 6.664 6.494 6.304 7.019
18.2363 7.724 7.773 7.698 7.505 7.363 7.224 7.585 7.483 7.361 7.219 7.078 6.93 7.488 7.315 7.144 7.023 6.912 7.252 7.109 6.989 6.89 6.722 7.146 7.241 7.088 6.7 6.531 6.341 7.056
18.6762 7.76 7.81 7.735 7.542 7.4 7.26 7.621 7.52 7.397 7.255 7.115 6.966 7.525 7.352 7.18 7.059 6.949 7.288 7.146 7.026 6.927 6.759 7.182 7.278 7.125 6.737 6.568 6.377 7.092
19.1268 7.797 7.846 7.771 7.579 7.436 7.297 7.658 7.556 7.434 7.292 7.151 7.003 7.561 7.389 7.217 7.096 6.985 7.325 7.182 7.062 6.963 6.795 7.219 7.314 7.161 6.773 6.604 6.414 7.129
19.5882 7.833 7.883 7.808 7.615 7.473 7.334 7.694 7.593 7.47 7.328 7.188 7.039 7.598 7.425 7.253 7.133 7.022 7.361 7.219 7.099 7.0 6.832 7.256 7.351 7.198 6.81 6.641 6.45 7.165
20.0607 7.87 7.92 7.845 7.652 7.509 7.37 7.731 7.629 7.507 7.365 7.225 7.076 7.634 7.462 7.29 7.169 7.059 7.398 7.255 7.136 7.037 6.868 7.292 7.387 7.235 6.847 6.677 6.487 7.202
20.5446 7.907 7.956 7.881 7.688 7.546 7.407 7.768 7.666 7.543 7.402 7.261 7.113 7.671 7.498 7.327 7.206 7.095 7.435 7.292 7.172 7.073 6.905 7.329 7.424 7.271 6.883 6.714 6.524 7.239
21.0402 7.943 7.993 7.918 7.725 7.582 7.443 7.804 7.702 7.58 7.438 7.298 7.149 7.708 7.535 7.363 7.242 7.132 7.471 7.329 7.209 7.11 6.941 7.365 7.461 7.308 6.92 6.75 6.56 7.275
21.5478 7.98 8.029 7.954 7.761 7.619 7.48 7.841 7.739 7.617 7.475 7.334 7.186 7.744 7.572 7.4 7.279 7.168 7.508 7.365 7.245 7.146 6.978 7.402 7.497 7.344 6.956 6.787 6.597 7.312
22.0676 8.015 8.065 7.99 7.797 7.654 7.515 7.876 7.774 7.652 7.51 7.37 7.221 7.78 7.607 7.435 7.314 7.204 7.543 7.401 7.281 7.182 7.013 7.437 7.533 7.38 6.992 6.822 6.632 7.347
22.5999 8.049 8.099 8.024 7.831 7.688 7.549 7.91 7.808 7.686 7.544 7.404 7.255 7.814 7.641 7.469 7.348 7.238 7.577 7.435 7.315 7.216 7.048 7.471 7.567 7.414 7.026 6.856 6.666 7.381
23.1451 8.083 8.133 8.058 7.865 7.722 7.583 7.944 7.843 7.72 7.578 7.438 7.289 7.848 7.675 7.503 7.382 7.272 7.611 7.469 7.349 7.25 7.082 7.505 7.601 7.448 7.06 6.89 6.7 7.415
23.7034 8.117 8.167 8.092 7.899 7.757 7.617 7.978 7.877 7.754 7.612 7.472 7.323 7.882 7.709 7.537 7.416 7.306 7.645 7.503 7.383 7.284 7.116 7.539 7.635 7.482 7.094 6.925 6.734 7.449
24.2752 8.151 8.201 8.126 7.933 7.791 7.651 8.012 7.911 7.788 7.646 7.506 7.357 7.916 7.743 7.571 7.45 7.34 7.679 7.537 7.417 7.318 7.15 7.573 7.669 7.516 7.128 6.959 6.768 7.483
24.8608 8.185 8.235 8.16 7.967 7.825 7.685 8.046 7.945 7.822 7.68 7.54 7.391 7.95 7.777 7.605 7.484 7.374 7.713 7.571 7.451 7.352 7.184 7.607 7.703 7.55 7.162 6.993 6.802 7.517
25.4606 8.219 8.269 8.194 8.001 7.859 7.719 8.08 7.979 7.856 7.714 7.574 7.425 7.984 7.811 7.639 7.518 7.408 7.747 7.605 7.485 7.386 7.218 7.641 7.737 7.584 7.196 7.027 6.836 7.551
26.0748 8.253 8.303 8.228 8.035 7.893 7.753 8.114 8.013 7.89 7.748 7.608 7.459 8.018 7.845 7.673 7.553 7.442 7.781 7.639 7.519 7.42 7.252 7.675 7.771 7.618 7.23 7.061 6.87 7.585
26.7038 8.287 8.337 8.262 8.069 7.927 7.787 8.148 8.047 7.924 7.782 7.642 7.493 8.052 7.879 7.707 7.587 7.476 7.815 7.673 7.553 7.454 7.286 7.709 7.805 7.652 7.264 7.095 6.904 7.619
27.3479 8.321 8.371 8.296 8.103 7.961 7.821 8.182 8.081 7.958 7.816 7.676 7.527 8.086 7.913 7.741 7.621 7.51 7.849 7.707 7.587 7.488 7.32 7.744 7.839 7.686 7.298 7.129 6.938 7.653
