web/models/grb/onaxis/17/grb_0.0000_1.0000_0.0001000.dat
# %ECSV 1.0
# ---
# datatype:
# - {name: time, datatype: float64}
# - {name: swift_uvot_uvw2, datatype: float64}
# - {name: swift_uvot_uvm2, datatype: float64}
# - {name: swift_uvot_uvw1, datatype: float64}
# - {name: swift_uvot_U, datatype: float64}
# - {name: swift_uvot_B, datatype: float64}
# - {name: swift_uvot_V, datatype: float64}
# - {name: swift_uvot_W, datatype: float64}
# - {name: johnson_U, datatype: float64}
# - {name: johnson_B, datatype: float64}
# - {name: johnson_V, datatype: float64}
# - {name: johnson_R, datatype: float64}
# - {name: johnson_I, datatype: float64}
# - {name: sdss_u, datatype: float64}
# - {name: sdss_g, datatype: float64}
# - {name: sdss_r, datatype: float64}
# - {name: sdss_i, datatype: float64}
# - {name: sdss_z, datatype: float64}
# - {name: PS1_g, datatype: float64}
# - {name: PS1_r, datatype: float64}
# - {name: PS1_i, datatype: float64}
# - {name: PS1_z, datatype: float64}
# - {name: PS1_Y, datatype: float64}
# - {name: ukirt_J, datatype: float64}
# - {name: ukirt_H, datatype: float64}
# - {name: ukirt_K, datatype: float64}
# meta: !!omap
# - comment: [E = 0.00043396498804093575, Eta0 = 8.02, GammaB = 12.0, dL = 0.012188, epsb = 6.760829753919819e-06, epse = 0.1, n = 0.0001,
#     p = 2.15, theta_obs = 0.0, xiN = 1.0, z = 0.0, type = grb, E_kiso = 1.0]
# schema: astropy-2.0
time swift_uvot_uvw2 swift_uvot_uvm2 swift_uvot_uvw1 swift_uvot_U swift_uvot_B swift_uvot_V swift_uvot_W johnson_U johnson_B johnson_V johnson_R johnson_I sdss_u sdss_g sdss_r sdss_i sdss_z PS1_g PS1_r PS1_i PS1_z PS1_Y ukirt_J ukirt_H ukirt_K
[from data line 281]
8.1089 5.305 5.355 5.28 5.087 4.944 4.805 5.166 5.064 4.942 4.8 4.66 4.511 5.069 4.897 4.725 4.604 4.494 4.833 4.691 4.571 4.472 4.303 4.282 4.112 3.922
8.3045 5.359 5.408 5.334 5.141 4.998 4.859 5.22 5.118 4.996 4.854 4.714 4.565 5.123 4.951 4.779 4.658 4.548 4.887 4.744 4.625 4.526 4.357 4.336 4.166 3.976
8.5049 5.413 5.462 5.387 5.195 5.052 4.913 5.274 5.172 5.05 4.908 4.767 4.619 5.177 5.005 4.833 4.712 4.601 4.941 4.798 4.678 4.579 4.411 4.389 4.22 4.03
8.71 5.467 5.516 5.441 5.248 5.106 4.967 5.328 5.226 5.104 4.962 4.821 4.673 5.231 5.058 4.887 4.766 4.655 4.995 4.852 4.732 4.633 4.465 4.443 4.274 4.084
8.9201 5.521 5.57 5.495 5.302 5.16 5.021 5.382 5.28 5.157 5.016 4.875 4.726 5.285 5.112 4.94 4.82 4.709 5.049 4.906 4.786 4.687 4.519 4.497 4.328 4.137
9.1353 5.574 5.624 5.549 5.356 5.214 5.075 5.435 5.334 5.211 5.069 4.929 4.78 5.339 5.166 4.994 4.874 4.763 5.102 4.96 4.84 4.741 4.573 4.551 4.382 4.191
9.3557 5.628 5.678 5.603 5.41 5.268 5.129 5.489 5.388 5.265 5.123 4.983 4.834 5.393 5.22 5.048 4.928 4.817 5.156 5.014 4.894 4.795 4.627 4.605 4.436 4.245
9.5814 5.683 5.732 5.658 5.465 5.322 5.183 5.544 5.442 5.32 5.178 5.037 4.889 5.447 5.275 5.103 4.982 4.871 5.211 5.068 4.948 4.849 4.681 4.659 4.49 4.3
9.8125 5.737 5.787 5.712 5.519 5.377 5.237 5.598 5.497 5.374 5.232 5.092 4.943 5.502 5.329 5.157 5.037 4.926 5.265 5.123 5.003 4.904 4.736 4.714 4.545 4.354
10.0492 5.792 5.841 5.766 5.573 5.431 5.292 5.653 5.551 5.429 5.287 5.146 4.998 5.556 5.384 5.212 5.091 4.98 5.32 5.177 5.057 4.958 4.79 4.768 4.599 4.409
10.2917 5.846 5.896 5.821 5.628 5.486 5.346 5.707 5.606 5.483 5.341 5.201 5.052 5.611 5.438 5.266 5.145 5.035 5.374 5.232 5.112 5.013 4.845 4.823 4.654 4.463
10.5399 5.901 5.95 5.875 5.682 5.54 5.401 5.762 5.66 5.538 5.396 5.255 5.107 5.665 5.492 5.321 5.2 5.089 5.429 5.286 5.166 5.067 4.899 4.877 4.708 4.518
10.7942 5.955 6.005 5.93 5.737 5.594 5.455 5.816 5.714 5.592 5.45 5.31 5.161 5.719 5.547 5.375 5.254 5.144 5.483 5.341 5.221 5.122 4.953 4.932 4.762 4.572
11.0546 6.01 6.059 5.984 5.791 5.649 5.51 5.871 5.769 5.646 5.505 5.364 5.216 5.774 5.601 5.429 5.309 5.198 5.538 5.395 5.275 5.176 5.008 4.986 4.817 4.626
11.3212 6.064 6.114 6.039 5.846 5.703 5.564 5.925 5.823 5.701 5.559 5.419 5.27 5.828 5.656 5.484 5.363 5.253 5.592 5.449 5.33 5.231 5.062 5.041 4.871 4.681
11.5943 6.119 6.168 6.093 5.9 5.758 5.619 5.979 5.878 5.755 5.613 5.473 5.324 5.883 5.71 5.538 5.418 5.307 5.646 5.504 5.384 5.285 5.117 5.095 4.926 4.735
11.874 6.172 6.221 6.146 5.953 5.811 5.672 6.033 5.931 5.808 5.667 5.526 5.377 5.936 5.763 5.591 5.471 5.36 5.7 5.557 5.437 5.338 5.17 5.148 4.979 4.788
12.1605 6.223 6.273 6.198 6.005 5.862 5.723 6.084 5.982 5.86 5.718 5.578 5.429 5.988 5.815 5.643 5.522 5.412 5.751 5.609 5.489 5.39 5.221 5.2 5.03 4.84
12.4538 6.275 6.324 6.249 6.056 5.914 5.775 6.136 6.034 5.912 5.77 5.629 5.481 6.039 5.867 5.695 5.574 5.463 5.803 5.66 5.54 5.441 5.273 5.251 5.082 4.892
12.7542 6.326 6.376 6.301 6.108 5.966 5.827 6.187 6.086 5.963 5.821 5.681 5.532 6.091 5.918 5.746 5.626 5.515 5.854 5.712 5.592 5.493 5.325 5.303 5.134 4.943
13.0619 6.378 6.428 6.353 6.16 6.017 5.878 6.239 6.137 6.015 5.873 5.733 5.584 6.142 5.97 5.798 5.677 5.567 5.906 5.763 5.644 5.545 5.376 5.355 5.185 4.995
13.377 6.43 6.479 6.404 6.211 6.069 5.93 6.291 6.189 6.067 5.925 5.784 5.636 6.194 6.021 5.85 5.729 5.618 5.958 5.815 5.695 5.596 5.428 5.406 5.237 5.047
13.6997 6.481 6.531 6.456 6.263 6.121 5.981 6.342 6.241 6.118 5.976 5.836 5.687 6.246 6.073 5.901 5.78 5.67 6.009 5.867 5.747 5.648 5.48 5.458 5.289 5.098
14.0302 6.533 6.582 6.508 6.315 6.172 6.033 6.394 6.292 6.17 6.028 5.887 5.739 6.297 6.125 5.953 5.832 5.721 6.061 5.918 5.798 5.699 5.531 5.509 5.34 5.15
14.3686 6.585 6.634 6.559 6.366 6.224 6.085 6.445 6.344 6.221 6.08 5.939 5.79 6.349 6.176 6.004 5.884 5.773 6.113 5.97 5.85 5.751 5.583 5.561 5.392 5.201
14.7153 6.636 6.686 6.611 6.418 6.275 6.136 6.497 6.395 6.273 6.131 5.991 5.842 6.4 6.228 6.056 5.935 5.825 6.164 6.022 5.902 5.803 5.634 5.613 5.443 5.253
15.0702 6.686 6.736 6.661 6.468 6.326 6.187 6.547 6.446 6.323 6.181 6.041 5.892 6.451 6.278 6.106 5.986 5.875 6.214 6.072 5.952 5.853 5.685 5.663 5.494 5.303
15.4338 6.736 6.785 6.71 6.517 6.375 6.236 6.597 6.495 6.373 6.231 6.09 5.942 6.5 6.327 6.156 6.035 5.924 6.264 6.121 6.001 5.902 5.734 5.712 5.543 5.353
15.8061 6.785 6.835 6.76 6.567 6.424 6.285 6.646 6.544 6.422 6.28 6.14 5.991 6.549 6.377 6.205 6.084 5.974 6.313 6.171 6.051 5.952 5.783 5.762 5.592 5.402
16.1874 6.835 6.884 6.809 6.616 6.474 6.335 6.695 6.594 6.471 6.329 6.189 6.04 6.599 6.426 6.254 6.134 6.023 6.362 6.22 6.1 6.001 5.833 5.811 5.642 5.451
16.5779 6.884 6.933 6.859 6.666 6.523 6.384 6.745 6.643 6.521 6.379 6.238 6.09 6.648 6.476 6.304 6.183 6.072 6.412 6.269 6.149 6.05 5.882 5.86 5.691 5.501
16.9778 6.933 6.983 6.908 6.715 6.573 6.433 6.794 6.693 6.57 6.428 6.288 6.139 6.698 6.525 6.353 6.232 6.122 6.461 6.319 6.199 6.1 5.932 5.91 5.741 5.55
17.3873 6.983 7.032 6.957 6.764 6.622 6.483 6.844 6.742 6.619 6.478 6.337 6.189 6.747 6.574 6.403 6.282 6.171 6.511 6.368 6.248 6.149 5.981 5.959 5.79 5.6
17.8068 7.032 7.081 7.007 6.814 6.671 6.532 6.893 6.791 6.669 6.527 6.387 6.238 6.796 6.624 6.452 6.331 6.221 6.56 6.417 6.298 6.199 6.03 6.009 5.839 5.649
18.2363 7.081 7.131 7.056 6.863 6.721 6.582 6.942 6.841 6.718 6.576 6.436 6.287 6.846 6.673 6.501 6.381 6.27 6.609 6.467 6.347 6.248 6.08 6.058 5.889 5.698
18.6762 7.131 7.18 7.105 6.912 6.77 6.631 6.992 6.89 6.768 6.626 6.485 6.337 6.895 6.722 6.551 6.43 6.319 6.659 6.516 6.396 6.297 6.129 6.107 5.938 5.748
19.1268 7.181 7.23 7.155 6.962 6.82 6.681 7.042 6.94 6.817 6.676 6.535 6.387 6.945 6.772 6.601 6.48 6.369 6.709 6.566 6.446 6.347 6.179 6.157 5.988 5.798
19.5882 7.231 7.28 7.205 7.012 6.87 6.731 7.092 6.99 6.867 6.726 6.585 6.437 6.995 6.822 6.651 6.53 6.419 6.759 6.616 6.496 6.397 6.229 6.207 6.038 5.848
20.0607 7.281 7.33 7.255 7.062 6.92 6.781 7.142 7.04 6.917 6.776 6.635 6.487 7.045 6.872 6.701 6.58 6.469 6.809 6.666 6.546 6.447 6.279 6.257 6.088 5.898
20.5446 7.331 7.38 7.305 7.112 6.97 6.831 7.192 7.09 6.967 6.826 6.685 6.537 7.095 6.922 6.751 6.63 6.519 6.859 6.716 6.596 6.497 6.329 6.307 6.138 5.948
21.0402 7.381 7.43 7.355 7.162 7.02 6.881 7.242 7.14 7.018 6.876 6.735 6.587 7.145 6.972 6.801 6.68 6.569 6.909 6.766 6.646 6.547 6.379 6.357 6.188 5.998
21.5478 7.431 7.48 7.405 7.212 7.07 6.931 7.292 7.19 7.068 6.926 6.785 6.637 7.195 7.022 6.851 6.73 6.619 6.959 6.816 6.696 6.597 6.429 6.407 6.238 6.048
22.0676 7.481 7.53 7.455 7.262 7.12 6.981 7.342 7.24 7.118 6.976 6.835 6.687 7.245 7.072 6.901 6.78 6.669 7.009 6.866 6.746 6.647 6.479 6.457 6.288 6.098
22.5999 7.531 7.58 7.505 7.312 7.17 7.031 7.392 7.29 7.168 7.026 6.885 6.737 7.295 7.122 6.951 6.83 6.719 7.059 6.916 6.796 6.697 6.529 6.507 6.338 6.148
23.1451 7.581 7.63 7.555 7.362 7.22 7.081 7.442 7.34 7.218 7.076 6.935 6.787 7.345 7.172 7.001 6.88 6.769 7.109 6.966 6.846 6.747 6.579 6.557 6.388 6.198
23.7034 7.631 7.68 7.605 7.412 7.27 7.131 7.492 7.39 7.268 7.126 6.985 6.837 7.395 7.222 7.051 6.93 6.819 7.159 7.016 6.896 6.797 6.629 6.607 6.438 6.248
24.2752 7.678 7.727 7.652 7.459 7.317 7.178 7.539 7.437 7.315 7.173 7.032 6.884 7.442 7.269 7.098 6.977 6.866 7.206 7.063 6.943 6.844 6.676 6.654 6.485 6.295
24.8608 7.725 7.774 7.699 7.506 7.364 7.225 7.585 7.484 7.361 7.219 7.079 6.93 7.489 7.316 7.144 7.024 6.913 7.252 7.11 6.99 6.891 6.723 6.701 6.532 6.341
25.4606 7.771 7.821 7.746 7.553 7.411 7.271 7.632 7.531 7.408 7.266 7.126 6.977 7.536 7.363 7.191 7.07 6.96 7.299 7.157 7.037 6.938 6.77 6.748 6.579 6.388
26.0748 7.818 7.868 7.793 7.6 7.457 7.318 7.679 7.577 7.455 7.313 7.173 7.024 7.582 7.41 7.238 7.117 7.007 7.346 7.203 7.084 6.985 6.816 6.795 6.625 6.435
26.7038 7.865 7.914 7.839 7.646 7.504 7.365 7.726 7.624 7.502 7.36 7.219 7.071 7.629 7.457 7.285 7.164 7.053 7.393 7.25 7.13 7.031 6.863 6.841 6.672 6.482
27.3479 7.912 7.961 7.886 7.693 7.551 7.412 7.773 7.671 7.548 7.407 7.266 7.118 7.676 7.503 7.331 7.211 7.1 7.44 7.297 7.177 7.078 6.91 6.888 6.719 6.528
28.0077 7.958 8.008 7.933 7.74 7.598 7.458 7.819 7.718 7.595 7.453 7.313 7.164 7.723 7.55 7.378 7.258 7.147 7.486 7.344 7.224 7.125 6.957 6.935 6.766 6.575
28.6833 8.005 8.055 7.98 7.787 7.644 7.505 7.866 7.764 7.642 7.5 7.36 7.211 7.769 7.597 7.425 7.304 7.194 7.533 7.391 7.271 7.172 7.003 6.982 6.812 6.622
29.3752 8.052 8.101 8.027 7.834 7.691 7.552 7.913 7.811 7.689 7.547 7.406 7.258 7.816 7.644 7.472 7.351 7.24 7.58 7.437 7.317 7.218 7.05 7.028 6.859 6.669
30.0838 8.099 8.148 8.073 7.88 7.738 7.599 7.96 7.858 7.735 7.594 7.453 7.305 7.863 7.69 7.518 7.398 7.287 7.627 7.484 7.364 7.265 7.097 7.075 6.906 6.716
30.8096 8.145 8.194 8.119 7.926 7.784 7.645 8.005 7.904 7.781 7.64 7.499 7.35 7.909 7.736 7.564 7.444 7.333 7.673 7.53 7.41 7.311 7.143 7.121 6.952 6.761
31.5528 8.191 8.24 8.165 7.972 7.83 7.691 8.051 7.95 7.827 7.685 7.545 7.396 7.955 7.782 7.61 7.49 7.379 7.718 7.576 7.456 7.357 7.189 7.167 6.998 6.807
32.3139 8.236 8.286 8.211 8.018 7.876 7.737 8.097 7.996 7.873 7.731 7.591 7.442 8.001 7.828 7.656 7.536 7.425 7.764 7.622 7.502 7.403 7.235 7.213 7.044 6.853
33.0935 8.282 8.332 8.257 8.064 7.922 7.783 8.143 8.042 7.919 7.777 7.637 7.488 8.047 7.874 7.702 7.582 7.471 7.81 7.668 7.548 7.449 7.281 7.259 7.09 6.899
33.8918 8.328 8.378 8.303 8.11 7.968 7.828 8.189 8.088 7.965 7.823 7.683 7.534 8.093 7.92 7.748 7.628 7.517 7.856 7.714 7.594 7.495 7.327 7.305 7.136 6.945
34.7093 8.374 8.424 8.349 8.156 8.014 7.874 8.235 8.134 8.011 7.869 7.729 7.58 8.139 7.966 7.794 7.674 7.563 7.902 7.76 7.64 7.541 7.373 7.351 7.182 6.991
35.5466 8.42 8.47 8.395 8.202 8.06 7.92 8.281 8.18 8.057 7.915 7.775 7.626 8.185 8.012 7.84 7.719 7.609 7.948 7.806 7.686 7.587 7.419 7.397 7.228 7.037
36.4041 8.466 8.516 8.441 8.248 8.105 7.966 8.327 8.226 8.103 7.961 7.821 7.672 8.231 8.058 7.886 7.765 7.655 7.994 7.852 7.732 7.633 7.465 7.443 7.273 7.083
37.2823 8.512 8.562 8.487 8.294 8.151 8.012 8.373 8.271 8.149 8.007 7.867 7.718 8.276 8.104 7.932 7.811 7.701 8.04 7.898 7.778 7.679 7.51 7.489 7.319 7.129
38.1817 8.558 8.607 8.532 8.339 8.197 8.058 8.418 8.317 8.194 8.052 7.912 7.763 8.322 8.149 7.977 7.857 7.746 8.085 7.943 7.823 7.724 7.556 7.534 7.365 7.174
39.1028 8.6 8.65 8.575 8.382 8.24 8.1 8.461 8.36 8.237 8.095 7.955 7.806 8.365 8.192 8.02 7.899 7.789 8.128 7.986 7.866 7.767 7.599 7.577 7.408 7.217
40.046 8.643 8.692 8.618 8.425 8.282 8.143 8.504 8.402 8.28 8.138 7.998 7.849 8.407 8.235 8.063 7.942 7.832 8.171 8.028 7.909 7.81 7.641 7.62 7.45 7.26
41.0121 8.686 8.735 8.66 8.467 8.325 8.186 8.547 8.445 8.323 8.181 8.04 7.892 8.45 8.278 8.106 7.985 7.874 8.214 8.071 7.951 7.852 7.684 7.662 7.493 7.303
42.0014 8.729 8.778 8.703 8.51 8.368 8.229 8.589 8.488 8.365 8.224 8.083 7.934 8.493 8.32 8.148 8.028 7.917 8.257 8.114 7.994 7.895 7.727 7.705 7.536 7.345
43.0146 8.771 8.821 8.746 8.553 8.411 8.271 8.632 8.531 8.408 8.266 8.126 7.977 8.536 8.363 8.191 8.07 7.96 8.299 8.157 8.037 7.938 7.77 7.748 7.579 7.388
44.0523 8.814 8.864 8.789 8.596 8.453 8.314 8.675 8.573 8.451 8.309 8.169 8.02 8.578 8.406 8.234 8.113 8.003 8.342 8.199 8.08 7.981 7.812 7.791 7.621 7.431
45.1149 8.857 8.906 8.831 8.638 8.496 8.357 8.718 8.616 8.494 8.352 8.211 8.063 8.621 8.449 8.277 8.156 8.045 8.385 8.242 8.122 8.023 7.855 7.833 7.664 7.474
46.2033 8.9 8.949 8.874 8.681 8.539 8.4 8.76 8.659 8.536 8.395 8.254 8.105 8.664 8.491 8.319 8.199 8.088 8.428 8.285 8.165 8.066 7.898 7.876 7.707 7.516
47.3178 8.942 8.992 8.917 8.724 8.582 8.442 8.803 8.702 8.579 8.437 8.297 8.148 8.707 8.534 8.362 8.241 8.131 8.47 8.328 8.208 8.109 7.941 7.919 7.75 7.559
48.4593 8.986 9.035 8.96 8.767 8.625 8.486 8.847 8.745 8.623 8.481 8.34 8.192 8.75 8.578 8.406 8.285 8.174 8.514 8.371 8.251 8.152 7.984 7.962 7.793 7.603
49.6283 9.031 9.08 9.005 8.812 8.67 8.531 8.892 8.79 8.667 8.526 8.385 8.237 8.795 8.622 8.451 8.33 8.219 8.559 8.416 8.296 8.197 8.029 8.007 7.838 7.648
50.8255 9.076 9.125 9.05 8.857 8.715 8.576 8.936 8.835 8.712 8.57 8.43 8.281 8.84 8.667 8.495 8.375 8.264 8.603 8.461 8.341 8.242 8.074 8.052 7.883 7.692
52.0515 9.12 9.17 9.095 8.902 8.76 8.62 8.981 8.88 8.757 8.615 8.475 8.326 8.885 8.712 8.54 8.42 8.309 8.648 8.506 8.386 8.287 8.119 8.097 7.928 7.737
53.3072 9.165 9.215 9.14 8.947 8.804 8.665 9.026 8.924 8.802 8.66 8.52 8.371 8.93 8.757 8.585 8.464 8.354 8.693 8.551 8.431 8.332 8.164 8.142 7.972 7.782
54.5931 9.21 9.26 9.185 8.992 8.849 8.71 9.071 8.969 8.847 8.705 8.565 8.416 8.974 8.802 8.63 8.509 8.399 8.738 8.595 8.476 8.377 8.208 8.187 8.017 7.827
55.9101 9.255 9.304 9.23 9.037 8.894 8.755 9.116 9.014 8.892 8.75 8.609 8.461 9.019 8.847 8.675 8.554 8.443 8.783 8.64 8.521 8.421 8.253 8.232 8.062 7.872
57.2588 9.3 9.349 9.274 9.081 8.939 8.8 9.161 9.059 8.937 8.795 8.654 8.506 9.064 8.892 8.72 8.599 8.488 8.828 8.685 8.565 8.466 8.298 8.276 8.107 7.917
58.6401 9.345 9.394 9.319 9.126 8.984 8.845 9.206 9.104 8.981 8.84 8.699 8.551 9.109 8.936 8.765 8.644 8.533 8.873 8.73 8.61 8.511 8.343 8.321 8.152 7.962
60.0546 9.39 9.439 9.364 9.171 9.029 8.89 9.25 9.149 9.026 8.884 8.744 8.595 9.154 8.981 8.809 8.689 8.578 8.917 8.775 8.655 8.556 8.388 8.366 8.197 8.006
61.5034 9.433 9.482 9.407 9.214 9.072 8.933 9.293 9.192 9.069 8.927 8.787 8.638 9.197 9.024 8.852 8.732 8.621 8.96 8.818 8.698 8.599 8.431 8.409 8.24 8.049
62.987 9.474 9.523 9.448 9.255 9.113 8.974 9.334 9.233 9.11 8.968 8.828 8.679 9.238 9.065 8.893 8.773 8.662 9.001 8.859 8.739 8.64 8.472 8.45 8.281 8.09
64.5065 9.515 9.564 9.489 9.296 9.154 9.015 9.375 9.274 9.151 9.009 8.869 8.72 9.279 9.106 8.934 8.814 8.703 9.042 8.9 8.78 8.681 8.513 8.491 8.322 8.131
66.0626 9.556 9.605 9.53 9.337 9.195 9.056 9.416 9.315 9.192 9.051 8.91 8.761 9.32 9.147 8.975 8.855 8.744 9.083 8.941 8.821 8.722 8.554 8.532 8.363 8.172
67.6562 9.597 9.646 9.571 9.378 9.236 9.097 9.457 9.356 9.233 9.092 8.951 8.802 9.361 9.188 9.016 8.896 8.785 9.125 8.982 8.862 8.763 8.595 8.573 8.404 8.213
69.2883 9.638 9.687 9.612 9.419 9.277 9.138 9.498 9.397 9.274 9.133 8.992 8.843 9.402 9.229 9.057 8.937 8.826 9.166 9.023 8.903 8.804 8.636 8.614 8.445 8.254
70.9597 9.679 9.728 9.653 9.46 9.318 9.179 9.539 9.438 9.315 9.174 9.033 8.884 9.443 9.27 9.098 8.978 8.867 9.207 9.064 8.944 8.845 8.677 8.655 8.486 8.295
72.6715 9.72 9.769 9.694 9.501 9.359 9.22 9.58 9.479 9.356 9.215 9.074 8.925 9.484 9.311 9.139 9.019 8.908 9.248 9.105 8.985 8.886 8.718 8.696 8.527 8.336
74.4246 9.761 9.81 9.735 9.542 9.4 9.261 9.621 9.52 9.397 9.256 9.115 8.966 9.525 9.352 9.18 9.06 8.949 9.289 9.146 9.026 8.927 8.759 8.737 8.568 8.377
76.2199 9.802 9.851 9.776 9.583 9.441 9.302 9.663 9.561 9.438 9.297 9.156 9.007 9.566 9.393 9.221 9.101 8.99 9.33 9.187 9.067 8.968 8.8 8.778 8.609 8.418
78.0586 9.841 9.89 9.816 9.623 9.48 9.341 9.702 9.6 9.478 9.336 9.195 9.047 9.605 9.433 9.261 9.14 9.03 9.369 9.226 9.107 9.008 8.839 8.818 8.648 8.458
79.9416 9.879 9.929 9.854 9.661 9.519 9.38 9.74 9.639 9.516 9.374 9.234 9.085 9.644 9.471 9.299 9.179 9.068 9.407 9.265 9.145 9.046 8.878 8.856 8.687 8.496
81.87 9.918 9.967 9.892 9.7 9.557 9.418 9.779 9.677 9.555 9.413 9.272 9.124 9.682 9.51 9.338 9.217 9.106 9.446 9.303 9.183 9.084 8.916 8.894 8.725 8.535
83.845 9.956 10.006 9.931 9.738 9.596 9.456 9.817 9.716 9.593 9.451 9.311 9.162 9.721 9.548 9.376 9.255 9.145 9.484 9.342 9.222 9.123 8.955 8.933 8.764 8.573
85.8676 9.995 10.044 9.969 9.776 9.634 9.495 9.856 9.754 9.632 9.49 9.349 9.201 9.759 9.586 9.415 9.294 9.183 9.523 9.38 9.26 9.161 8.993 8.971 8.802 8.612
87.939 10.033 10.083 10.008 9.815 9.672 9.533 9.894 9.792 9.67 9.528 9.388 9.239 9.797 9.625 9.453 9.332 9.222 9.561 9.419 9.299 9.2 9.031 9.01 8.84 8.65
90.0604 10.072 10.121 10.046 9.853 9.711 9.572 9.933 9.831 9.708 9.567 9.426 9.278 9.836 9.663 9.491 9.371 9.26 9.6 9.457 9.337 9.238 9.07 9.048 8.879 8.689
