web/models/grb/onaxis/17/grb_0.0000_0.5179_0.0025119.dat
# %ECSV 1.0
# ---
# datatype:
# - {name: time, datatype: float64}
# - {name: swift_uvot_uvw2, datatype: float64}
# - {name: swift_uvot_uvm2, datatype: float64}
# - {name: swift_uvot_uvw1, datatype: float64}
# - {name: swift_uvot_U, datatype: float64}
# - {name: swift_uvot_B, datatype: float64}
# - {name: swift_uvot_V, datatype: float64}
# - {name: swift_uvot_W, datatype: float64}
# - {name: johnson_U, datatype: float64}
# - {name: johnson_B, datatype: float64}
# - {name: johnson_V, datatype: float64}
# - {name: johnson_R, datatype: float64}
# - {name: johnson_I, datatype: float64}
# - {name: sdss_u, datatype: float64}
# - {name: sdss_g, datatype: float64}
# - {name: sdss_r, datatype: float64}
# - {name: sdss_i, datatype: float64}
# - {name: sdss_z, datatype: float64}
# - {name: PS1_g, datatype: float64}
# - {name: PS1_r, datatype: float64}
# - {name: PS1_i, datatype: float64}
# - {name: PS1_z, datatype: float64}
# - {name: PS1_Y, datatype: float64}
# - {name: PS1_w, datatype: float64}
# - {name: ATLAS_c, datatype: float64}
# - {name: ATLAS_o, datatype: float64}
# - {name: ukirt_J, datatype: float64}
# - {name: ukirt_H, datatype: float64}
# - {name: ukirt_K, datatype: float64}
# - {name: Clear, datatype: float64}
# meta: !!omap
# - comment: [E = 0.00022477106672309015, Eta0 = 8.02, GammaB = 12.0, dL = 0.012188, epsb = 6.760829753919819e-06, epse = 0.1, n = 0.0025118864315095794,
#     p = 2.15, theta_obs = 0.0, xiN = 1.0, z = 0.0, type = grb, E_kiso = 0.517947467923121]
# schema: astropy-2.0
time swift_uvot_uvw2 swift_uvot_uvm2 swift_uvot_uvw1 swift_uvot_U swift_uvot_B swift_uvot_V swift_uvot_W johnson_U johnson_B johnson_V johnson_R johnson_I sdss_u sdss_g sdss_r sdss_i sdss_z PS1_g PS1_r PS1_i PS1_z PS1_Y PS1_w ATLAS_c ATLAS_o ukirt_J ukirt_H ukirt_K Clear
0.01 -2.828 -2.778 -2.853 -3.046 -3.189 -3.328 -2.967 -3.069 -3.191 -3.333 -3.473 -3.622 -3.064 -3.236 -3.408 -3.529 -3.639 -3.3 -3.443 -3.562 -3.661 -3.83 -3.406 -3.311 -3.463 -3.851 -4.021 -4.211 -3.496
0.0102 -2.816 -2.766 -2.841 -3.034 -3.177 -3.316 -2.955 -3.057 -3.179 -3.321 -3.461 -3.61 -3.052 -3.224 -3.396 -3.517 -3.627 -3.288 -3.43 -3.55 -3.649 -3.818 -3.394 -3.299 -3.451 -3.839 -4.009 -4.199 -3.484
0.0105 -2.804 -2.754 -2.829 -3.022 -3.165 -3.304 -2.943 -3.044 -3.167 -3.309 -3.449 -3.598 -3.039 -3.212 -3.384 -3.505 -3.615 -3.276 -3.418 -3.538 -3.637 -3.805 -3.382 -3.286 -3.439 -3.827 -3.997 -4.187 -3.472
0.0107 -2.792 -2.742 -2.817 -3.01 -3.152 -3.292 -2.931 -3.032 -3.155 -3.297 -3.437 -3.586 -3.027 -3.2 -3.372 -3.493 -3.603 -3.264 -3.406 -3.526 -3.625 -3.793 -3.37 -3.274 -3.427 -3.815 -3.984 -4.175 -3.46
0.011 -2.78 -2.73 -2.805 -2.998 -3.14 -3.279 -2.919 -3.02 -3.143 -3.285 -3.425 -3.574 -3.015 -3.188 -3.36 -3.48 -3.591 -3.252 -3.394 -3.514 -3.613 -3.781 -3.357 -3.262 -3.415 -3.803 -3.972 -4.163 -3.448
0.0113 -2.768 -2.718 -2.793 -2.986 -3.128 -3.267 -2.907 -3.008 -3.131 -3.273 -3.413 -3.562 -3.003 -3.176 -3.348 -3.468 -3.579 -3.24 -3.382 -3.502 -3.601 -3.769 -3.345 -3.25 -3.403 -3.791 -3.96 -4.151 -3.436
0.0115 -2.759 -2.709 -2.784 -2.977 -3.119 -3.259 -2.898 -2.999 -3.122 -3.264 -3.404 -3.553 -2.994 -3.167 -3.339 -3.46 -3.57 -3.231 -3.373 -3.493 -3.592 -3.76 -3.337 -3.241 -3.394 -3.782 -3.951 -4.142 -3.427
0.0118 -2.756 -2.707 -2.782 -2.975 -3.117 -3.256 -2.896 -2.997 -3.12 -3.262 -3.402 -3.551 -2.992 -3.165 -3.337 -3.457 -3.568 -3.229 -3.371 -3.491 -3.59 -3.758 -3.334 -3.239 -3.392 -3.78 -3.949 -4.14 -3.425
0.0121 -2.754 -2.705 -2.78 -2.973 -3.115 -3.254 -2.893 -2.995 -3.117 -3.259 -3.4 -3.548 -2.99 -3.163 -3.334 -3.455 -3.566 -3.226 -3.369 -3.489 -3.588 -3.756 -3.332 -3.237 -3.39 -3.778 -3.947 -4.137 -3.422
0.0124 -2.752 -2.703 -2.777 -2.97 -3.113 -3.252 -2.891 -2.993 -3.115 -3.257 -3.398 -3.546 -2.988 -3.16 -3.332 -3.453 -3.564 -3.224 -3.367 -3.487 -3.586 -3.754 -3.33 -3.235 -3.388 -3.776 -3.945 -4.135 -3.42
0.0127 -2.75 -2.7 -2.775 -2.968 -3.111 -3.25 -2.889 -2.991 -3.113 -3.255 -3.395 -3.544 -2.986 -3.158 -3.33 -3.451 -3.561 -3.222 -3.365 -3.484 -3.583 -3.752 -3.328 -3.233 -3.385 -3.773 -3.943 -4.133 -3.418
0.013 -2.748 -2.698 -2.773 -2.966 -3.108 -3.248 -2.887 -2.988 -3.111 -3.253 -3.393 -3.542 -2.983 -3.156 -3.328 -3.449 -3.559 -3.22 -3.362 -3.482 -3.581 -3.749 -3.326 -3.23 -3.383 -3.771 -3.94 -4.131 -3.416
0.0133 -2.746 -2.696 -2.771 -2.964 -3.106 -3.245 -2.885 -2.986 -3.109 -3.251 -3.391 -3.54 -2.981 -3.154 -3.326 -3.446 -3.557 -3.218 -3.36 -3.48 -3.579 -3.747 -3.323 -3.228 -3.381 -3.769 -3.938 -4.129 -3.414
0.0136 -2.743 -2.694 -2.769 -2.962 -3.104 -3.243 -2.882 -2.984 -3.106 -3.248 -3.389 -3.537 -2.979 -3.152 -3.323 -3.444 -3.555 -3.215 -3.358 -3.478 -3.577 -3.745 -3.321 -3.226 -3.379 -3.767 -3.936 -4.126 -3.411
0.014 -2.741 -2.692 -2.767 -2.959 -3.102 -3.241 -2.88 -2.982 -3.104 -3.246 -3.387 -3.535 -2.977 -3.149 -3.321 -3.442 -3.553 -3.213 -3.356 -3.476 -3.575 -3.743 -3.319 -3.224 -3.377 -3.765 -3.934 -4.124 -3.409
0.0143 -2.739 -2.689 -2.764 -2.957 -3.1 -3.239 -2.878 -2.98 -3.102 -3.244 -3.384 -3.533 -2.975 -3.147 -3.319 -3.44 -3.55 -3.211 -3.354 -3.473 -3.572 -3.741 -3.317 -3.222 -3.374 -3.762 -3.932 -4.122 -3.407
0.0146 -2.746 -2.696 -2.771 -2.964 -3.106 -3.246 -2.885 -2.986 -3.109 -3.251 -3.391 -3.54 -2.981 -3.154 -3.326 -3.446 -3.557 -3.218 -3.36 -3.48 -3.579 -3.747 -3.324 -3.228 -3.381 -3.769 -3.938 -4.129 -3.414
0.015 -2.762 -2.713 -2.788 -2.981 -3.123 -3.262 -2.902 -3.003 -3.126 -3.267 -3.408 -3.557 -2.998 -3.171 -3.343 -3.463 -3.574 -3.234 -3.377 -3.497 -3.596 -3.764 -3.34 -3.245 -3.398 -3.786 -3.955 -4.146 -3.431
0.0154 -2.779 -2.73 -2.805 -2.998 -3.14 -3.279 -2.918 -3.02 -3.142 -3.284 -3.425 -3.573 -3.015 -3.188 -3.359 -3.48 -3.591 -3.251 -3.394 -3.514 -3.613 -3.781 -3.357 -3.262 -3.415 -3.803 -3.972 -4.162 -3.447
0.0157 -2.796 -2.747 -2.821 -3.014 -3.157 -3.296 -2.935 -3.037 -3.159 -3.301 -3.442 -3.59 -3.032 -3.204 -3.376 -3.497 -3.608 -3.268 -3.411 -3.53 -3.63 -3.798 -3.374 -3.279 -3.432 -3.819 -3.989 -4.179 -3.464
0.0161 -2.813 -2.763 -2.838 -3.031 -3.174 -3.313 -2.952 -3.054 -3.176 -3.318 -3.458 -3.607 -3.049 -3.221 -3.393 -3.514 -3.624 -3.285 -3.427 -3.547 -3.646 -3.815 -3.391 -3.296 -3.448 -3.836 -4.006 -4.196 -3.481
0.0165 -2.83 -2.78 -2.855 -3.048 -3.19 -3.33 -2.969 -3.07 -3.193 -3.335 -3.475 -3.624 -3.065 -3.238 -3.41 -3.53 -3.641 -3.302 -3.444 -3.564 -3.663 -3.831 -3.408 -3.312 -3.465 -3.853 -4.022 -4.213 -3.498
0.0169 -2.846 -2.797 -2.872 -3.065 -3.207 -3.346 -2.986 -3.087 -3.21 -3.352 -3.492 -3.641 -3.082 -3.255 -3.427 -3.547 -3.658 -3.319 -3.461 -3.581 -3.68 -3.848 -3.424 -3.329 -3.482 -3.87 -4.039 -4.23 -3.515
0.0173 -2.863 -2.814 -2.889 -3.082 -3.224 -3.363 -3.002 -3.104 -3.226 -3.368 -3.509 -3.657 -3.099 -3.272 -3.443 -3.564 -3.675 -3.335 -3.478 -3.598 -3.697 -3.865 -3.441 -3.346 -3.499 -3.887 -4.056 -4.246 -3.531
0.0177 -2.88 -2.831 -2.905 -3.098 -3.241 -3.38 -3.019 -3.121 -3.243 -3.385 -3.526 -3.674 -3.116 -3.288 -3.46 -3.581 -3.692 -3.352 -3.495 -3.615 -3.714 -3.882 -3.458 -3.363 -3.516 -3.904 -4.073 -4.263 -3.548
0.0181 -2.897 -2.847 -2.922 -3.115 -3.258 -3.397 -3.036 -3.138 -3.26 -3.402 -3.542 -3.691 -3.133 -3.305 -3.477 -3.598 -3.708 -3.369 -3.511 -3.631 -3.73 -3.899 -3.475 -3.38 -3.532 -3.92 -4.09 -4.28 -3.565
0.0186 -2.916 -2.867 -2.942 -3.134 -3.277 -3.416 -3.055 -3.157 -3.279 -3.421 -3.562 -3.71 -3.152 -3.324 -3.496 -3.617 -3.728 -3.388 -3.531 -3.651 -3.75 -3.918 -3.494 -3.399 -3.552 -3.94 -4.109 -4.299 -3.584
0.019 -2.937 -2.888 -2.962 -3.155 -3.298 -3.437 -3.076 -3.178 -3.3 -3.442 -3.582 -3.731 -3.173 -3.345 -3.517 -3.638 -3.748 -3.409 -3.552 -3.671 -3.77 -3.939 -3.515 -3.42 -3.572 -3.96 -4.13 -4.32 -3.605
0.0195 -2.958 -2.908 -2.983 -3.176 -3.319 -3.458 -3.097 -3.199 -3.321 -3.463 -3.603 -3.752 -3.193 -3.366 -3.538 -3.659 -3.769 -3.43 -3.572 -3.692 -3.791 -3.96 -3.536 -3.44 -3.593 -3.981 -4.151 -4.341 -3.626
0.02 -2.979 -2.929 -3.004 -3.197 -3.339 -3.478 -3.118 -3.219 -3.342 -3.484 -3.624 -3.773 -3.214 -3.387 -3.559 -3.679 -3.79 -3.451 -3.593 -3.713 -3.812 -3.98 -3.556 -3.461 -3.614 -4.002 -4.171 -4.362 -3.647
0.0204 -2.999 -2.95 -3.025 -3.218 -3.36 -3.499 -3.139 -3.24 -3.363 -3.504 -3.645 -3.794 -3.235 -3.408 -3.58 -3.7 -3.811 -3.471 -3.614 -3.734 -3.833 -4.001 -3.577 -3.482 -3.635 -4.023 -4.192 -4.383 -3.668
0.0209 -3.02 -2.971 -3.046 -3.239 -3.381 -3.52 -3.159 -3.261 -3.383 -3.525 -3.666 -3.814 -3.256 -3.429 -3.6 -3.721 -3.832 -3.492 -3.635 -3.755 -3.854 -4.022 -3.598 -3.503 -3.656 -4.044 -4.213 -4.403 -3.688
0.0214 -3.041 -2.992 -3.066 -3.259 -3.402 -3.541 -3.18 -3.282 -3.404 -3.546 -3.687 -3.835 -3.277 -3.449 -3.621 -3.742 -3.853 -3.513 -3.656 -3.776 -3.875 -4.043 -3.619 -3.524 -3.677 -4.065 -4.234 -4.424 -3.709
0.022 -3.062 -3.012 -3.087 -3.28 -3.423 -3.562 -3.201 -3.303 -3.425 -3.567 -3.707 -3.856 -3.298 -3.47 -3.642 -3.763 -3.873 -3.534 -3.677 -3.796 -3.895 -4.064 -3.64 -3.545 -3.697 -4.085 -4.255 -4.445 -3.73
0.0225 -3.083 -3.033 -3.108 -3.301 -3.443 -3.583 -3.222 -3.323 -3.446 -3.588 -3.728 -3.877 -3.318 -3.491 -3.663 -3.784 -3.894 -3.555 -3.697 -3.817 -3.916 -4.084 -3.661 -3.565 -3.718 -4.106 -4.275 -4.466 -3.751
0.023 -3.104 -3.054 -3.129 -3.322 -3.464 -3.603 -3.243 -3.344 -3.467 -3.609 -3.749 -3.898 -3.339 -3.512 -3.684 -3.804 -3.915 -3.576 -3.718 -3.838 -3.937 -4.105 -3.681 -3.586 -3.739 -4.127 -4.296 -4.487 -3.772
0.0236 -3.109 -3.06 -3.135 -3.328 -3.47 -3.609 -3.248 -3.35 -3.472 -3.614 -3.755 -3.903 -3.345 -3.517 -3.689 -3.81 -3.921 -3.581 -3.724 -3.844 -3.943 -4.111 -3.687 -3.592 -3.745 -4.133 -4.302 -4.492 -3.777
0.0242 -3.11 -3.06 -3.135 -3.328 -3.471 -3.61 -3.249 -3.351 -3.473 -3.615 -3.755 -3.904 -3.346 -3.518 -3.69 -3.811 -3.921 -3.582 -3.724 -3.844 -3.943 -4.112 -3.688 -3.593 -3.745 -4.133 -4.303 -4.493 -3.778
0.0247 -3.111 -3.061 -3.136 -3.329 -3.471 -3.61 -3.25 -3.351 -3.474 -3.616 -3.756 -3.905 -3.346 -3.519 -3.691 -3.811 -3.922 -3.583 -3.725 -3.845 -3.944 -4.112 -3.688 -3.593 -3.746 -4.134 -4.303 -4.494 -3.779
0.0253 -3.111 -3.062 -3.137 -3.33 -3.472 -3.611 -3.25 -3.352 -3.474 -3.616 -3.757 -3.905 -3.347 -3.52 -3.691 -3.812 -3.923 -3.583 -3.726 -3.846 -3.945 -4.113 -3.689 -3.594 -3.747 -4.135 -4.304 -4.494 -3.779
0.0259 -3.112 -3.063 -3.137 -3.33 -3.473 -3.612 -3.251 -3.353 -3.475 -3.617 -3.757 -3.906 -3.348 -3.52 -3.692 -3.813 -3.923 -3.584 -3.727 -3.846 -3.945 -4.114 -3.69 -3.595 -3.747 -4.135 -4.305 -4.495 -3.78
0.0266 -3.113 -3.063 -3.138 -3.331 -3.473 -3.613 -3.252 -3.353 -3.476 -3.618 -3.758 -3.907 -3.348 -3.521 -3.693 -3.813 -3.924 -3.585 -3.727 -3.847 -3.946 -4.114 -3.691 -3.595 -3.748 -4.136 -4.305 -4.496 -3.781
0.0272 -3.113 -3.064 -3.139 -3.332 -3.474 -3.613 -3.252 -3.354 -3.477 -3.618 -3.759 -3.907 -3.349 -3.522 -3.693 -3.814 -3.925 -3.585 -3.728 -3.848 -3.947 -4.115 -3.691 -3.596 -3.749 -4.137 -4.306 -4.496 -3.781
0.0279 -3.114 -3.065 -3.139 -3.332 -3.475 -3.614 -3.253 -3.355 -3.477 -3.619 -3.76 -3.908 -3.35 -3.522 -3.694 -3.815 -3.926 -3.586 -3.729 -3.848 -3.947 -4.116 -3.692 -3.597 -3.75 -4.137 -4.307 -4.497 -3.782
0.0285 -3.115 -3.065 -3.14 -3.333 -3.475 -3.615 -3.254 -3.355 -3.478 -3.62 -3.76 -3.909 -3.35 -3.523 -3.695 -3.816 -3.926 -3.587 -3.729 -3.849 -3.948 -4.116 -3.693 -3.597 -3.75 -4.138 -4.307 -4.498 -3.783
0.0292 -3.115 -3.066 -3.141 -3.334 -3.476 -3.615 -3.254 -3.356 -3.479 -3.62 -3.761 -3.91 -3.351 -3.524 -3.696 -3.816 -3.927 -3.587 -3.73 -3.85 -3.949 -4.117 -3.693 -3.598 -3.751 -4.139 -4.308 -4.499 -3.784
0.0299 -3.113 -3.064 -3.139 -3.332 -3.474 -3.613 -3.253 -3.354 -3.477 -3.619 -3.759 -3.908 -3.349 -3.522 -3.694 -3.814 -3.925 -3.586 -3.728 -3.848 -3.947 -4.115 -3.691 -3.596 -3.749 -4.137 -4.306 -4.497 -3.782
0.0307 -3.111 -3.062 -3.137 -3.33 -3.472 -3.611 -3.25 -3.352 -3.474 -3.616 -3.757 -3.905 -3.347 -3.52 -3.691 -3.812 -3.923 -3.583 -3.726 -3.846 -3.945 -4.113 -3.689 -3.594 -3.747 -4.135 -4.304 -4.494 -3.779
0.0314 -3.109 -3.06 -3.134 -3.327 -3.47 -3.609 -3.248 -3.35 -3.472 -3.614 -3.755 -3.903 -3.345 -3.517 -3.689 -3.81 -3.92 -3.581 -3.724 -3.843 -3.942 -4.111 -3.687 -3.592 -3.744 -4.132 -4.302 -4.492 -3.777
0.0322 -3.107 -3.057 -3.132 -3.325 -3.468 -3.607 -3.246 -3.347 -3.47 -3.612 -3.752 -3.901 -3.342 -3.515 -3.687 -3.808 -3.918 -3.579 -3.721 -3.841 -3.94 -4.108 -3.685 -3.589 -3.742 -4.13 -4.3 -4.49 -3.775
0.0329 -3.105 -3.055 -3.13 -3.323 -3.465 -3.604 -3.244 -3.345 -3.468 -3.61 -3.75 -3.899 -3.34 -3.513 -3.685 -3.805 -3.916 -3.577 -3.719 -3.839 -3.938 -4.106 -3.682 -3.587 -3.74 -4.128 -4.297 -4.488 -3.773
0.0337 -3.102 -3.053 -3.128 -3.321 -3.463 -3.602 -3.241 -3.343 -3.465 -3.607 -3.748 -3.896 -3.338 -3.511 -3.682 -3.803 -3.914 -3.574 -3.717 -3.837 -3.936 -4.104 -3.68 -3.585 -3.738 -4.126 -4.295 -4.485 -3.77
0.0345 -3.1 -3.051 -3.125 -3.318 -3.461 -3.6 -3.239 -3.341 -3.463 -3.605 -3.746 -3.894 -3.336 -3.508 -3.68 -3.801 -3.911 -3.572 -3.715 -3.834 -3.933 -4.102 -3.678 -3.583 -3.735 -4.123 -4.293 -4.483 -3.768
0.0354 -3.098 -3.048 -3.123 -3.316 -3.459 -3.598 -3.237 -3.339 -3.461 -3.603 -3.743 -3.892 -3.333 -3.506 -3.678 -3.799 -3.909 -3.57 -3.712 -3.832 -3.931 -4.1 -3.676 -3.58 -3.733 -4.121 -4.291 -4.481 -3.766
0.0362 -3.096 -3.046 -3.121 -3.314 -3.456 -3.595 -3.235 -3.336 -3.459 -3.601 -3.741 -3.89 -3.331 -3.504 -3.676 -3.796 -3.907 -3.568 -3.71 -3.83 -3.929 -4.097 -3.673 -3.578 -3.731 -4.119 -4.288 -4.479 -3.764
0.0371 -3.093 -3.043 -3.118 -3.311 -3.454 -3.593 -3.232 -3.334 -3.456 -3.598 -3.738 -3.887 -3.329 -3.501 -3.673 -3.794 -3.904 -3.565 -3.707 -3.827 -3.926 -4.095 -3.671 -3.575 -3.728 -4.116 -4.286 -4.476 -3.761
0.038 -3.078 -3.029 -3.104 -3.297 -3.439 -3.578 -3.218 -3.319 -3.442 -3.583 -3.724 -3.873 -3.314 -3.487 -3.659 -3.779 -3.89 -3.55 -3.693 -3.813 -3.912 -4.08 -3.656 -3.561 -3.714 -4.102 -4.271 -4.462 -3.747
0.0389 -3.064 -3.015 -3.089 -3.282 -3.425 -3.564 -3.203 -3.305 -3.427 -3.569 -3.71 -3.858 -3.3 -3.472 -3.644 -3.765 -3.876 -3.536 -3.679 -3.799 -3.898 -4.066 -3.642 -3.547 -3.7 -4.087 -4.257 -4.447 -3.732
0.0398 -3.05 -3.0 -3.075 -3.268 -3.41 -3.55 -3.189 -3.29 -3.413 -3.555 -3.695 -3.844 -3.285 -3.458 -3.63 -3.751 -3.861 -3.522 -3.664 -3.784 -3.883 -4.051 -3.628 -3.532 -3.685 -4.073 -4.242 -4.433 -3.718
0.0408 -3.035 -2.986 -3.061 -3.254 -3.396 -3.535 -3.174 -3.276 -3.398 -3.54 -3.681 -3.829 -3.271 -3.444 -3.615 -3.736 -3.847 -3.507 -3.65 -3.77 -3.869 -4.037 -3.613 -3.518 -3.671 -4.059 -4.228 -4.418 -3.703
0.0418 -3.021 -2.972 -3.046 -3.239 -3.382 -3.521 -3.16 -3.262 -3.384 -3.526 -3.666 -3.815 -3.257 -3.429 -3.601 -3.722 -3.832 -3.493 -3.636 -3.755 -3.854 -4.023 -3.599 -3.504 -3.656 -4.044 -4.214 -4.404 -3.689
0.0428 -3.007 -2.957 -3.032 -3.225 -3.367 -3.506 -3.146 -3.247 -3.37 -3.512 -3.652 -3.801 -3.242 -3.415 -3.587 -3.707 -3.818 -3.479 -3.621 -3.741 -3.84 -4.008 -3.584 -3.489 -3.642 -4.03 -4.199 -4.39 -3.675
0.0438 -2.992 -2.943 -3.018 -3.211 -3.353 -3.492 -3.131 -3.233 -3.355 -3.497 -3.638 -3.786 -3.228 -3.401 -3.572 -3.693 -3.804 -3.464 -3.607 -3.727 -3.826 -3.994 -3.57 -3.475 -3.628 -4.016 -4.185 -4.375 -3.66
0.0449 -2.978 -2.928 -3.003 -3.196 -3.339 -3.478 -3.117 -3.219 -3.341 -3.483 -3.623 -3.772 -3.214 -3.386 -3.558 -3.679 -3.789 -3.45 -3.592 -3.712 -3.811 -3.98 -3.556 -3.461 -3.613 -4.001 -4.171 -4.361 -3.646
0.046 -2.964 -2.914 -2.989 -3.182 -3.324 -3.463 -3.103 -3.204 -3.327 -3.469 -3.609 -3.758 -3.199 -3.372 -3.544 -3.664 -3.775 -3.436 -3.578 -3.698 -3.797 -3.965 -3.541 -3.446 -3.599 -3.987 -4.156 -4.347 -3.632
0.0471 -2.951 -2.902 -2.977 -3.17 -3.312 -3.451 -3.09 -3.192 -3.314 -3.456 -3.597 -3.745 -3.187 -3.359 -3.531 -3.652 -3.763 -3.423 -3.566 -3.686 -3.785 -3.953 -3.529 -3.434 -3.587 -3.975 -4.144 -4.334 -3.619
0.0482 -2.948 -2.898 -2.973 -3.166 -3.309 -3.448 -3.087 -3.189 -3.311 -3.453 -3.593 -3.742 -3.183 -3.356 -3.528 -3.649 -3.759 -3.42 -3.562 -3.682 -3.781 -3.949 -3.526 -3.43 -3.583 -3.971 -4.141 -4.331 -3.616
0.0494 -2.944 -2.895 -2.97 -3.163 -3.305 -3.444 -3.083 -3.185 -3.308 -3.449 -3.59 -3.738 -3.18 -3.353 -3.525 -3.645 -3.756 -3.416 -3.559 -3.679 -3.778 -3.946 -3.522 -3.427 -3.58 -3.968 -4.137 -4.327 -3.612
0.0506 -2.941 -2.892 -2.966 -3.159 -3.302 -3.441 -3.08 -3.182 -3.304 -3.446 -3.586 -3.735 -3.177 -3.349 -3.521 -3.642 -3.752 -3.413 -3.556 -3.675 -3.774 -3.943 -3.519 -3.424 -3.576 -3.964 -4.134 -4.324 -3.609
0.0518 -2.938 -2.888 -2.963 -3.156 -3.298 -3.437 -3.077 -3.178 -3.301 -3.443 -3.583 -3.732 -3.173 -3.346 -3.518 -3.638 -3.749 -3.41 -3.552 -3.672 -3.771 -3.939 -3.515 -3.42 -3.573 -3.961 -4.13 -4.321 -3.606
0.053 -2.934 -2.885 -2.96 -3.153 -3.295 -3.434 -3.073 -3.175 -3.297 -3.439 -3.58 -3.728 -3.17 -3.342 -3.514 -3.635 -3.746 -3.406 -3.549 -3.669 -3.768 -3.936 -3.512 -3.417 -3.57 -3.958 -4.127 -4.317 -3.602
0.0543 -2.931 -2.881 -2.956 -3.149 -3.292 -3.431 -3.07 -3.172 -3.294 -3.436 -3.576 -3.725 -3.167 -3.339 -3.511 -3.632 -3.742 -3.403 -3.545 -3.665 -3.764 -3.933 -3.509 -3.413 -3.566 -3.954 -4.124 -4.314 -3.599
0.0556 -2.927 -2.878 -2.953 -3.146 -3.288 -3.427 -3.066 -3.168 -3.291 -3.432 -3.573 -3.721 -3.163 -3.336 -3.508 -3.628 -3.739 -3.399 -3.542 -3.662 -3.761 -3.929 -3.505 -3.41 -3.563 -3.951 -4.12 -4.311 -3.596
0.057 -2.924 -2.875 -2.949 -3.142 -3.285 -3.424 -3.063 -3.165 -3.287 -3.429 -3.57 -3.718 -3.16 -3.332 -3.504 -3.625 -3.735 -3.396 -3.539 -3.658 -3.757 -3.926 -3.502 -3.407 -3.559 -3.947 -4.117 -4.307 -3.592
0.0584 -2.921 -2.871 -2.946 -3.139 -3.281 -3.421 -3.06 -3.161 -3.284 -3.426 -3.566 -3.715 -3.156 -3.329 -3.501 -3.621 -3.732 -3.393 -3.535 -3.655 -3.754 -3.922 -3.498 -3.403 -3.556 -3.944 -4.113 -4.304 -3.589
0.0598 -2.918 -2.869 -2.944 -3.137 -3.279 -3.418 -3.058 -3.159 -3.282 -3.423 -3.564 -3.713 -3.154 -3.327 -3.499 -3.619 -3.73 -3.39 -3.533 -3.653 -3.752 -3.92 -3.496 -3.401 -3.554 -3.942 -4.111 -4.302 -3.587
0.0612 -2.919 -2.869 -2.944 -3.137 -3.279 -3.419 -3.058 -3.159 -3.282 -3.424 -3.564 -3.713 -3.154 -3.327 -3.499 -3.62 -3.73 -3.391 -3.533 -3.653 -3.752 -3.92 -3.497 -3.401 -3.554 -3.942 -4.111 -4.302 -3.587
