web/models/grb/onaxis/17/grb_0.0000_3.7276_0.0063096.dat
# %ECSV 1.0
# ---
# datatype:
# - {name: time, datatype: float64}
# - {name: swift_uvot_uvw2, datatype: float64}
# - {name: swift_uvot_uvm2, datatype: float64}
# - {name: swift_uvot_uvw1, datatype: float64}
# - {name: swift_uvot_U, datatype: float64}
# - {name: swift_uvot_B, datatype: float64}
# - {name: swift_uvot_V, datatype: float64}
# - {name: swift_uvot_W, datatype: float64}
# - {name: johnson_U, datatype: float64}
# - {name: johnson_B, datatype: float64}
# - {name: johnson_V, datatype: float64}
# - {name: johnson_R, datatype: float64}
# - {name: johnson_I, datatype: float64}
# - {name: sdss_u, datatype: float64}
# - {name: sdss_g, datatype: float64}
# - {name: sdss_r, datatype: float64}
# - {name: sdss_i, datatype: float64}
# - {name: sdss_z, datatype: float64}
# - {name: PS1_g, datatype: float64}
# - {name: PS1_r, datatype: float64}
# - {name: PS1_i, datatype: float64}
# - {name: PS1_z, datatype: float64}
# - {name: PS1_Y, datatype: float64}
# - {name: PS1_w, datatype: float64}
# - {name: ATLAS_c, datatype: float64}
# - {name: ATLAS_o, datatype: float64}
# - {name: ukirt_J, datatype: float64}
# - {name: ukirt_H, datatype: float64}
# - {name: ukirt_K, datatype: float64}
# - {name: Clear, datatype: float64}
# meta: !!omap
# - comment: [E = 0.0016176451642579408, Eta0 = 8.02, GammaB = 12.0, dL = 0.012188, epsb = 6.760829753919819e-06, epse = 0.1, n = 0.00630957344480193,
#     p = 2.15, theta_obs = 0.0, xiN = 1.0, z = 0.0, type = grb, E_kiso = 3.7275937203149416]
# schema: astropy-2.0
time swift_uvot_uvw2 swift_uvot_uvm2 swift_uvot_uvw1 swift_uvot_U swift_uvot_B swift_uvot_V swift_uvot_W johnson_U johnson_B johnson_V johnson_R johnson_I sdss_u sdss_g sdss_r sdss_i sdss_z PS1_g PS1_r PS1_i PS1_z PS1_Y PS1_w ATLAS_c ATLAS_o ukirt_J ukirt_H ukirt_K Clear
[from data line 155]
0.4023 -4.411 -4.362 -4.437 -4.629 -4.772 -4.911 -4.55 -4.652 -4.774 -4.916 -5.057 -5.205 -4.647 -4.819 -4.991 -5.112 -5.223 -4.883 -5.026 -5.146 -5.245 -5.413 -4.989 -4.894 -5.047 -5.435 -5.604 -5.794 -5.079
0.412 -4.371 -4.322 -4.397 -4.59 -4.732 -4.871 -4.51 -4.612 -4.734 -4.876 -5.017 -5.165 -4.607 -4.78 -4.951 -5.072 -5.183 -4.843 -4.986 -5.106 -5.205 -5.373 -4.949 -4.854 -5.007 -5.395 -5.564 -5.754 -5.039
0.422 -4.332 -4.282 -4.357 -4.55 -4.692 -4.831 -4.471 -4.572 -4.695 -4.837 -4.977 -5.126 -4.567 -4.74 -4.912 -5.032 -5.143 -4.804 -4.946 -5.066 -5.165 -5.333 -4.909 -4.814 -4.967 -5.355 -5.524 -5.715 -5.0
0.4322 -4.292 -4.242 -4.317 -4.51 -4.652 -4.792 -4.431 -4.532 -4.655 -4.797 -4.937 -5.086 -4.527 -4.7 -4.872 -4.993 -5.103 -4.764 -4.906 -5.026 -5.125 -5.293 -4.87 -4.774 -4.927 -5.315 -5.484 -5.675 -4.96
0.4426 -4.246 -4.197 -4.271 -4.464 -4.607 -4.746 -4.385 -4.487 -4.609 -4.751 -4.892 -5.04 -4.482 -4.654 -4.826 -4.947 -5.058 -4.718 -4.861 -4.98 -5.079 -5.248 -4.824 -4.729 -4.882 -5.269 -5.439 -5.629 -4.914
0.4533 -4.197 -4.147 -4.222 -4.415 -4.557 -4.696 -4.336 -4.437 -4.56 -4.702 -4.842 -4.991 -4.432 -4.605 -4.777 -4.897 -5.008 -4.669 -4.811 -4.931 -5.03 -5.198 -4.774 -4.679 -4.832 -5.22 -5.389 -5.58 -4.865
0.4642 -4.147 -4.098 -4.173 -4.366 -4.508 -4.647 -4.286 -4.388 -4.51 -4.652 -4.793 -4.941 -4.383 -4.555 -4.727 -4.848 -4.959 -4.619 -4.762 -4.882 -4.981 -5.149 -4.725 -4.63 -4.783 -5.171 -5.34 -5.53 -4.815
0.4754 -4.098 -4.048 -4.123 -4.316 -4.458 -4.598 -4.237 -4.338 -4.461 -4.603 -4.743 -4.892 -4.333 -4.506 -4.678 -4.799 -4.909 -4.57 -4.712 -4.832 -4.931 -5.099 -4.676 -4.58 -4.733 -5.121 -5.29 -5.481 -4.766
0.4869 -4.048 -3.999 -4.074 -4.267 -4.409 -4.548 -4.187 -4.289 -4.411 -4.553 -4.694 -4.842 -4.284 -4.457 -4.628 -4.749 -4.86 -4.52 -4.663 -4.783 -4.882 -5.05 -4.626 -4.531 -4.684 -5.072 -5.241 -5.431 -4.716
0.4986 -3.999 -3.949 -4.024 -4.217 -4.36 -4.499 -4.138 -4.24 -4.362 -4.504 -4.644 -4.793 -4.235 -4.407 -4.579 -4.7 -4.81 -4.471 -4.613 -4.733 -4.832 -5.001 -4.577 -4.482 -4.634 -5.022 -5.192 -5.382 -4.667
0.5106 -3.949 -3.9 -3.975 -4.168 -4.31 -4.449 -4.089 -4.19 -4.313 -4.454 -4.595 -4.744 -4.185 -4.358 -4.53 -4.65 -4.761 -4.421 -4.564 -4.684 -4.783 -4.951 -4.527 -4.432 -4.585 -4.973 -5.142 -5.333 -4.618
0.523 -3.9 -3.851 -3.925 -4.118 -4.261 -4.4 -4.039 -4.141 -4.263 -4.405 -4.546 -4.694 -4.136 -4.308 -4.48 -4.601 -4.711 -4.372 -4.515 -4.634 -4.733 -4.902 -4.478 -4.383 -4.535 -4.923 -5.093 -5.283 -4.568
0.5356 -3.851 -3.801 -3.876 -4.069 -4.211 -4.35 -3.99 -4.091 -4.214 -4.356 -4.496 -4.645 -4.086 -4.259 -4.431 -4.551 -4.662 -4.323 -4.465 -4.585 -4.684 -4.852 -4.428 -4.333 -4.486 -4.874 -5.043 -5.234 -4.519
0.5485 -3.801 -3.752 -3.827 -4.019 -4.162 -4.301 -3.94 -4.042 -4.164 -4.306 -4.447 -4.595 -4.037 -4.209 -4.381 -4.502 -4.613 -4.273 -4.416 -4.536 -4.635 -4.803 -4.379 -4.284 -4.437 -4.825 -4.994 -5.184 -4.469
0.5617 -3.746 -3.697 -3.772 -3.965 -4.107 -4.246 -3.885 -3.987 -4.109 -4.251 -4.392 -4.54 -3.982 -4.154 -4.326 -4.447 -4.558 -4.218 -4.361 -4.481 -4.58 -4.748 -4.324 -4.229 -4.382 -4.77 -4.939 -5.129 -4.414
0.5753 -3.689 -3.64 -3.715 -3.908 -4.05 -4.189 -3.829 -3.93 -4.053 -4.194 -4.335 -4.484 -3.925 -4.098 -4.27 -4.39 -4.501 -4.161 -4.304 -4.424 -4.523 -4.691 -4.267 -4.172 -4.325 -4.713 -4.882 -5.073 -4.358
0.5891 -3.633 -3.583 -3.658 -3.851 -3.993 -4.133 -3.772 -3.873 -3.996 -4.138 -4.278 -4.427 -3.868 -4.041 -4.213 -4.334 -4.444 -4.105 -4.247 -4.367 -4.466 -4.634 -4.211 -4.115 -4.268 -4.656 -4.825 -5.016 -4.301
0.6034 -3.576 -3.527 -3.601 -3.794 -3.937 -4.076 -3.715 -3.817 -3.939 -4.081 -4.221 -4.37 -3.812 -3.984 -4.156 -4.277 -4.387 -4.048 -4.191 -4.31 -4.409 -4.578 -4.154 -4.059 -4.211 -4.599 -4.769 -4.959 -4.244
0.6179 -3.519 -3.47 -3.545 -3.738 -3.88 -4.019 -3.658 -3.76 -3.882 -4.024 -4.165 -4.313 -3.755 -3.928 -4.099 -4.22 -4.331 -3.991 -4.134 -4.254 -4.353 -4.521 -4.097 -4.002 -4.155 -4.543 -4.712 -4.902 -4.187
0.6328 -3.462 -3.413 -3.488 -3.681 -3.823 -3.962 -3.602 -3.703 -3.826 -3.968 -4.108 -4.257 -3.698 -3.871 -4.043 -4.163 -4.274 -3.935 -4.077 -4.197 -4.296 -4.464 -4.04 -3.945 -4.098 -4.486 -4.655 -4.846 -4.131
0.6481 -3.406 -3.356 -3.431 -3.624 -3.766 -3.906 -3.545 -3.646 -3.769 -3.911 -4.051 -4.2 -3.641 -3.814 -3.986 -4.107 -4.217 -3.878 -4.02 -4.14 -4.239 -4.407 -3.984 -3.888 -4.041 -4.429 -4.598 -4.789 -4.074
0.6637 -3.349 -3.3 -3.374 -3.567 -3.71 -3.849 -3.488 -3.59 -3.712 -3.854 -3.995 -4.143 -3.585 -3.757 -3.929 -4.05 -4.16 -3.821 -3.964 -4.083 -4.182 -4.351 -3.927 -3.832 -3.984 -4.372 -4.542 -4.732 -4.017
0.6797 -3.292 -3.243 -3.318 -3.511 -3.653 -3.792 -3.431 -3.533 -3.655 -3.797 -3.938 -4.086 -3.528 -3.701 -3.872 -3.993 -4.104 -3.764 -3.907 -4.027 -4.126 -4.294 -3.87 -3.775 -3.928 -4.316 -4.485 -4.675 -3.96
0.6961 -3.235 -3.186 -3.261 -3.454 -3.596 -3.735 -3.375 -3.476 -3.599 -3.741 -3.881 -4.03 -3.471 -3.644 -3.816 -3.936 -4.047 -3.708 -3.85 -3.97 -4.069 -4.237 -3.813 -3.718 -3.871 -4.259 -4.428 -4.619 -3.904
0.7129 -3.181 -3.132 -3.207 -3.4 -3.542 -3.681 -3.32 -3.422 -3.544 -3.686 -3.827 -3.975 -3.417 -3.589 -3.761 -3.882 -3.993 -3.653 -3.796 -3.916 -4.015 -4.183 -3.759 -3.664 -3.817 -4.205 -4.374 -4.564 -3.849
0.7301 -3.127 -3.078 -3.153 -3.345 -3.488 -3.627 -3.266 -3.368 -3.49 -3.632 -3.773 -3.921 -3.363 -3.535 -3.707 -3.828 -3.939 -3.599 -3.742 -3.862 -3.961 -4.129 -3.705 -3.61 -3.763 -4.151 -4.32 -4.51 -3.795
0.7477 -3.073 -3.024 -3.098 -3.291 -3.434 -3.573 -3.212 -3.314 -3.436 -3.578 -3.719 -3.867 -3.309 -3.481 -3.653 -3.774 -3.885 -3.545 -3.688 -3.808 -3.907 -4.075 -3.651 -3.556 -3.709 -4.097 -4.266 -4.456 -3.741
0.7658 -3.019 -2.97 -3.044 -3.237 -3.38 -3.519 -3.158 -3.26 -3.382 -3.524 -3.665 -3.813 -3.255 -3.427 -3.599 -3.72 -3.83 -3.491 -3.634 -3.753 -3.852 -4.021 -3.597 -3.502 -3.654 -4.042 -4.212 -4.402 -3.687
0.7842 -2.965 -2.916 -2.99 -3.183 -3.326 -3.465 -3.104 -3.206 -3.328 -3.47 -3.61 -3.759 -3.201 -3.373 -3.545 -3.666 -3.776 -3.437 -3.58 -3.699 -3.798 -3.967 -3.543 -3.448 -3.6 -3.988 -4.158 -4.348 -3.633
0.8032 -2.911 -2.861 -2.936 -3.129 -3.272 -3.411 -3.05 -3.152 -3.274 -3.416 -3.556 -3.705 -3.147 -3.319 -3.491 -3.612 -3.722 -3.383 -3.526 -3.645 -3.744 -3.913 -3.489 -3.394 -3.546 -3.934 -4.104 -4.294 -3.579
0.8225 -2.857 -2.807 -2.882 -3.075 -3.218 -3.357 -2.996 -3.098 -3.22 -3.362 -3.502 -3.651 -3.093 -3.265 -3.437 -3.558 -3.668 -3.329 -3.471 -3.591 -3.69 -3.859 -3.435 -3.34 -3.492 -3.88 -4.05 -4.24 -3.525
0.8424 -2.803 -2.753 -2.828 -3.021 -3.164 -3.303 -2.942 -3.044 -3.166 -3.308 -3.448 -3.597 -3.039 -3.211 -3.383 -3.504 -3.614 -3.275 -3.417 -3.537 -3.636 -3.805 -3.381 -3.286 -3.438 -3.826 -3.996 -4.186 -3.471
0.8627 -2.749 -2.699 -2.774 -2.967 -3.11 -3.249 -2.888 -2.99 -3.112 -3.254 -3.394 -3.543 -2.984 -3.157 -3.329 -3.45 -3.56 -3.221 -3.363 -3.483 -3.582 -3.751 -3.327 -3.231 -3.384 -3.772 -3.942 -4.132 -3.417
0.8835 -2.695 -2.645 -2.72 -2.913 -3.056 -3.195 -2.834 -2.936 -3.058 -3.2 -3.34 -3.489 -2.931 -3.103 -3.275 -3.396 -3.506 -3.167 -3.309 -3.429 -3.528 -3.697 -3.273 -3.178 -3.33 -3.718 -3.888 -4.078 -3.363
0.9048 -2.644 -2.595 -2.669 -2.862 -3.005 -3.144 -2.783 -2.885 -3.007 -3.149 -3.29 -3.438 -2.88 -3.052 -3.224 -3.345 -3.456 -3.116 -3.259 -3.379 -3.478 -3.646 -3.222 -3.127 -3.28 -3.668 -3.837 -4.027 -3.312
0.9266 -2.593 -2.544 -2.619 -2.812 -2.954 -3.093 -2.732 -2.834 -2.956 -3.098 -3.239 -3.387 -2.829 -3.002 -3.173 -3.294 -3.405 -3.065 -3.208 -3.328 -3.427 -3.595 -3.171 -3.076 -3.229 -3.617 -3.786 -3.976 -3.261
0.949 -2.542 -2.493 -2.568 -2.761 -2.903 -3.042 -2.682 -2.783 -2.906 -3.048 -3.188 -3.337 -2.778 -2.951 -3.123 -3.243 -3.354 -3.015 -3.157 -3.277 -3.376 -3.544 -3.12 -3.025 -3.178 -3.566 -3.735 -3.926 -3.211
0.9719 -2.492 -2.442 -2.517 -2.71 -2.852 -2.992 -2.631 -2.732 -2.855 -2.997 -3.137 -3.286 -2.727 -2.9 -3.072 -3.193 -3.303 -2.964 -3.106 -3.226 -3.325 -3.493 -3.07 -2.974 -3.127 -3.515 -3.684 -3.875 -3.16
0.9953 -2.441 -2.391 -2.466 -2.659 -2.802 -2.941 -2.58 -2.682 -2.804 -2.946 -3.086 -3.235 -2.677 -2.849 -3.021 -3.142 -3.252 -2.913 -3.056 -3.175 -3.274 -3.443 -3.019 -2.924 -3.076 -3.464 -3.634 -3.824 -3.109
1.0194 -2.39 -2.341 -2.415 -2.608 -2.751 -2.89 -2.529 -2.631 -2.753 -2.895 -3.036 -3.184 -2.626 -2.798 -2.97 -3.091 -3.202 -2.862 -3.005 -3.125 -3.224 -3.392 -2.968 -2.873 -3.026 -3.414 -3.583 -3.773 -3.058
1.0439 -2.339 -2.29 -2.365 -2.558 -2.7 -2.839 -2.478 -2.58 -2.702 -2.844 -2.985 -3.133 -2.575 -2.748 -2.919 -3.04 -3.151 -2.811 -2.954 -3.074 -3.173 -3.341 -2.917 -2.822 -2.975 -3.363 -3.532 -3.722 -3.007
1.0691 -2.289 -2.239 -2.314 -2.507 -2.649 -2.788 -2.428 -2.529 -2.652 -2.794 -2.934 -3.083 -2.524 -2.697 -2.869 -2.989 -3.1 -2.761 -2.903 -3.023 -3.122 -3.29 -2.866 -2.771 -2.924 -3.312 -3.481 -3.672 -2.957
1.0949 -2.238 -2.188 -2.263 -2.456 -2.598 -2.738 -2.377 -2.478 -2.601 -2.743 -2.883 -3.032 -2.473 -2.646 -2.818 -2.939 -3.049 -2.71 -2.852 -2.972 -3.071 -3.239 -2.816 -2.72 -2.873 -3.261 -3.43 -3.621 -2.906
1.1213 -2.186 -2.136 -2.211 -2.404 -2.547 -2.686 -2.325 -2.427 -2.549 -2.691 -2.831 -2.98 -2.422 -2.594 -2.766 -2.887 -2.997 -2.658 -2.8 -2.92 -3.019 -3.188 -2.764 -2.669 -2.821 -3.209 -3.379 -3.569 -2.854
1.1484 -2.129 -2.08 -2.155 -2.347 -2.49 -2.629 -2.268 -2.37 -2.492 -2.634 -2.775 -2.923 -2.365 -2.537 -2.709 -2.83 -2.941 -2.601 -2.744 -2.864 -2.963 -3.131 -2.707 -2.612 -2.765 -3.153 -3.322 -3.512 -2.797
1.1761 -2.072 -2.023 -2.098 -2.291 -2.433 -2.572 -2.211 -2.313 -2.436 -2.577 -2.718 -2.867 -2.308 -2.481 -2.653 -2.773 -2.884 -2.544 -2.687 -2.807 -2.906 -3.074 -2.65 -2.555 -2.708 -3.096 -3.265 -3.456 -2.741
1.2044 -2.016 -1.966 -2.041 -2.234 -2.376 -2.516 -2.155 -2.256 -2.379 -2.521 -2.661 -2.81 -2.251 -2.424 -2.596 -2.717 -2.827 -2.488 -2.63 -2.75 -2.849 -3.017 -2.594 -2.498 -2.651 -3.039 -3.208 -3.399 -2.684
1.2335 -1.959 -1.91 -1.984 -2.177 -2.32 -2.459 -2.098 -2.2 -2.322 -2.464 -2.605 -2.753 -2.195 -2.367 -2.539 -2.66 -2.77 -2.431 -2.574 -2.693 -2.792 -2.961 -2.537 -2.442 -2.594 -2.982 -3.152 -3.342 -2.627
1.2633 -1.902 -1.853 -1.928 -2.121 -2.263 -2.402 -2.041 -2.143 -2.265 -2.407 -2.548 -2.696 -2.138 -2.311 -2.482 -2.603 -2.714 -2.374 -2.517 -2.637 -2.736 -2.904 -2.48 -2.385 -2.538 -2.926 -3.095 -3.285 -2.57
1.2937 -1.846 -1.796 -1.871 -2.064 -2.206 -2.345 -1.985 -2.086 -2.209 -2.351 -2.491 -2.64 -2.081 -2.254 -2.426 -2.546 -2.657 -2.318 -2.46 -2.58 -2.679 -2.847 -2.423 -2.328 -2.481 -2.869 -3.038 -3.229 -2.514
1.3249 -1.789 -1.739 -1.814 -2.007 -2.15 -2.289 -1.928 -2.03 -2.152 -2.294 -2.434 -2.583 -2.025 -2.197 -2.369 -2.49 -2.6 -2.261 -2.403 -2.523 -2.622 -2.791 -2.367 -2.272 -2.424 -2.812 -2.982 -3.172 -2.457
1.3569 -1.732 -1.683 -1.758 -1.95 -2.093 -2.232 -1.871 -1.973 -2.095 -2.237 -2.378 -2.526 -1.968 -2.14 -2.312 -2.433 -2.544 -2.204 -2.347 -2.467 -2.566 -2.734 -2.31 -2.215 -2.368 -2.756 -2.925 -3.115 -2.4
1.3896 -1.675 -1.626 -1.701 -1.894 -2.036 -2.175 -1.814 -1.916 -2.039 -2.18 -2.321 -2.469 -1.911 -2.084 -2.256 -2.376 -2.487 -2.147 -2.29 -2.41 -2.509 -2.677 -2.253 -2.158 -2.311 -2.699 -2.868 -3.059 -2.344
1.4232 -1.618 -1.569 -1.644 -1.837 -1.979 -2.118 -1.757 -1.859 -1.981 -2.123 -2.264 -2.412 -1.854 -2.027 -2.198 -2.319 -2.43 -2.09 -2.233 -2.353 -2.452 -2.62 -2.196 -2.101 -2.254 -2.642 -2.811 -3.001 -2.286
1.4575 -1.56 -1.511 -1.586 -1.778 -1.921 -2.06 -1.699 -1.801 -1.923 -2.065 -2.206 -2.354 -1.796 -1.968 -2.14 -2.261 -2.372 -2.032 -2.175 -2.295 -2.394 -2.562 -2.138 -2.043 -2.196 -2.584 -2.753 -2.943 -2.228
1.4927 -1.502 -1.453 -1.527 -1.72 -1.863 -2.002 -1.641 -1.743 -1.865 -2.007 -2.148 -2.296 -1.738 -1.91 -2.082 -2.203 -2.313 -1.974 -2.117 -2.236 -2.335 -2.504 -2.08 -1.985 -2.137 -2.525 -2.695 -2.885 -2.17
1.5287 -1.444 -1.394 -1.469 -1.662 -1.805 -1.944 -1.583 -1.685 -1.807 -1.949 -2.089 -2.238 -1.68 -1.852 -2.024 -2.145 -2.255 -1.916 -2.059 -2.178 -2.277 -2.446 -2.022 -1.927 -2.079 -2.467 -2.637 -2.827 -2.112
1.5655 -1.386 -1.336 -1.411 -1.604 -1.747 -1.886 -1.525 -1.627 -1.749 -1.891 -2.031 -2.18 -1.622 -1.794 -1.966 -2.087 -2.197 -1.858 -2.0 -2.12 -2.219 -2.388 -1.964 -1.868 -2.021 -2.409 -2.579 -2.769 -2.054
1.6033 -1.328 -1.278 -1.353 -1.546 -1.688 -1.828 -1.467 -1.568 -1.691 -1.833 -1.973 -2.122 -1.563 -1.736 -1.908 -2.029 -2.139 -1.8 -1.942 -2.062 -2.161 -2.329 -1.906 -1.81 -1.963 -2.351 -2.52 -2.711 -1.996
1.642 -1.27 -1.22 -1.295 -1.488 -1.63 -1.769 -1.409 -1.51 -1.633 -1.775 -1.915 -2.064 -1.505 -1.678 -1.85 -1.97 -2.081 -1.742 -1.884 -2.004 -2.103 -2.271 -1.847 -1.752 -1.905 -2.293 -2.462 -2.653 -1.938
1.6816 -1.211 -1.162 -1.237 -1.43 -1.572 -1.711 -1.351 -1.452 -1.575 -1.717 -1.857 -2.006 -1.447 -1.62 -1.792 -1.912 -2.023 -1.684 -1.826 -1.946 -2.045 -2.213 -1.789 -1.694 -1.847 -2.235 -2.404 -2.595 -1.88
1.7222 -1.153 -1.104 -1.179 -1.372 -1.514 -1.653 -1.292 -1.394 -1.517 -1.658 -1.799 -1.947 -1.389 -1.562 -1.734 -1.854 -1.965 -1.625 -1.768 -1.888 -1.987 -2.155 -1.731 -1.636 -1.789 -2.177 -2.346 -2.536 -1.821
1.7637 -1.095 -1.046 -1.121 -1.314 -1.456 -1.595 -1.234 -1.336 -1.458 -1.6 -1.741 -1.889 -1.331 -1.504 -1.675 -1.796 -1.907 -1.567 -1.71 -1.83 -1.929 -2.097 -1.673 -1.578 -1.731 -2.119 -2.288 -2.478 -1.763
1.8062 -1.036 -0.987 -1.061 -1.254 -1.397 -1.536 -1.175 -1.277 -1.399 -1.541 -1.682 -1.83 -1.272 -1.444 -1.616 -1.737 -1.848 -1.508 -1.651 -1.77 -1.869 -2.038 -1.614 -1.519 -1.671 -2.059 -2.229 -2.419 -1.704
1.8498 -0.976 -0.926 -1.001 -1.194 -1.336 -1.475 -1.115 -1.216 -1.339 -1.481 -1.621 -1.77 -1.211 -1.384 -1.556 -1.676 -1.787 -1.448 -1.59 -1.71 -1.809 -1.977 -1.553 -1.458 -1.611 -1.999 -2.168 -2.359 -1.644
1.8944 -0.915 -0.866 -0.94 -1.133 -1.276 -1.415 -1.054 -1.156 -1.278 -1.42 -1.561 -1.709 -1.151 -1.323 -1.495 -1.616 -1.726 -1.387 -1.53 -1.649 -1.748 -1.917 -1.493 -1.398 -1.55 -1.938 -2.108 -2.298 -1.583
1.9401 -0.854 -0.805 -0.88 -1.073 -1.215 -1.354 -0.994 -1.095 -1.218 -1.36 -1.5 -1.649 -1.09 -1.263 -1.435 -1.555 -1.666 -1.327 -1.469 -1.589 -1.688 -1.856 -1.432 -1.337 -1.49 -1.878 -2.047 -2.238 -1.523
1.9869 -0.794 -0.745 -0.819 -1.012 -1.155 -1.294 -0.933 -1.035 -1.157 -1.299 -1.439 -1.588 -1.03 -1.202 -1.374 -1.495 -1.605 -1.266 -1.409 -1.528 -1.627 -1.796 -1.372 -1.277 -1.429 -1.817 -1.987 -2.177 -1.462
2.0349 -0.733 -0.684 -0.759 -0.952 -1.094 -1.233 -0.873 -0.974 -1.097 -1.238 -1.379 -1.528 -0.969 -1.142 -1.314 -1.434 -1.545 -1.205 -1.348 -1.468 -1.567 -1.735 -1.311 -1.216 -1.369 -1.757 -1.926 -2.117 -1.402
2.084 -0.673 -0.623 -0.698 -0.891 -1.034 -1.173 -0.812 -0.914 -1.036 -1.178 -1.318 -1.467 -0.909 -1.081 -1.253 -1.374 -1.484 -1.145 -1.288 -1.407 -1.506 -1.675 -1.251 -1.156 -1.308 -1.696 -1.866 -2.056 -1.341
2.1342 -0.612 -0.563 -0.638 -0.831 -0.973 -1.112 -0.751 -0.853 -0.976 -1.117 -1.258 -1.406 -0.848 -1.021 -1.193 -1.313 -1.424 -1.084 -1.227 -1.347 -1.446 -1.614 -1.19 -1.095 -1.248 -1.636 -1.805 -1.996 -1.281
2.1857 -0.552 -0.502 -0.577 -0.77 -0.913 -1.052 -0.691 -0.793 -0.915 -1.057 -1.197 -1.346 -0.788 -0.96 -1.132 -1.253 -1.363 -1.024 -1.166 -1.286 -1.385 -1.554 -1.13 -1.035 -1.187 -1.575 -1.745 -1.935 -1.22
2.2384 -0.491 -0.442 -0.517 -0.71 -0.852 -0.991 -0.63 -0.732 -0.855 -0.996 -1.137 -1.285 -0.727 -0.9 -1.071 -1.192 -1.303 -0.963 -1.106 -1.226 -1.325 -1.493 -1.069 -0.974 -1.127 -1.515 -1.684 -1.874 -1.159
2.2924 -0.432 -0.383 -0.458 -0.651 -0.793 -0.932 -0.571 -0.673 -0.795 -0.937 -1.078 -1.226 -0.668 -0.84 -1.012 -1.133 -1.244 -0.904 -1.047 -1.167 -1.266 -1.434 -1.01 -0.915 -1.068 -1.456 -1.625 -1.815 -1.1
2.3477 -0.374 -0.324 -0.399 -0.592 -0.735 -0.874 -0.513 -0.615 -0.737 -0.879 -1.019 -1.168 -0.61 -0.782 -0.954 -1.075 -1.185 -0.846 -0.988 -1.108 -1.207 -1.376 -0.952 -0.857 -1.009 -1.397 -1.567 -1.757 -1.042
2.4044 -0.316 -0.266 -0.341 -0.534 -0.676 -0.815 -0.455 -0.556 -0.679 -0.821 -0.961 -1.11 -0.551 -0.724 -0.896 -1.016 -1.127 -0.788 -0.93 -1.05 -1.149 -1.317 -0.893 -0.798 -0.951 -1.339 -1.508 -1.699 -0.984
2.4624 -0.257 -0.208 -0.283 -0.476 -0.618 -0.757 -0.396 -0.498 -0.62 -0.762 -0.903 -1.051 -0.493 -0.666 -0.837 -0.958 -1.069 -0.729 -0.872 -0.992 -1.091 -1.259 -0.835 -0.74 -0.893 -1.281 -1.45 -1.64 -0.925
