web/models/grb/onaxis/8/grb_0.0000_2.6827_0.0398107.dat
# %ECSV 1.0
# ---
# datatype:
# - {name: time, datatype: float64}
# - {name: swift_uvot_uvw2, datatype: float64}
# - {name: swift_uvot_uvm2, datatype: float64}
# - {name: swift_uvot_uvw1, datatype: float64}
# - {name: swift_uvot_U, datatype: float64}
# - {name: swift_uvot_B, datatype: float64}
# - {name: swift_uvot_V, datatype: float64}
# - {name: swift_uvot_W, datatype: float64}
# - {name: johnson_U, datatype: float64}
# - {name: johnson_B, datatype: float64}
# - {name: johnson_V, datatype: float64}
# - {name: johnson_R, datatype: float64}
# - {name: johnson_I, datatype: float64}
# - {name: sdss_u, datatype: float64}
# - {name: sdss_g, datatype: float64}
# - {name: sdss_r, datatype: float64}
# - {name: sdss_i, datatype: float64}
# - {name: sdss_z, datatype: float64}
# - {name: PS1_g, datatype: float64}
# - {name: PS1_r, datatype: float64}
# - {name: PS1_i, datatype: float64}
# - {name: PS1_z, datatype: float64}
# - {name: PS1_Y, datatype: float64}
# - {name: PS1_w, datatype: float64}
# - {name: ATLAS_c, datatype: float64}
# - {name: ATLAS_o, datatype: float64}
# - {name: ukirt_J, datatype: float64}
# - {name: ukirt_H, datatype: float64}
# - {name: ukirt_K, datatype: float64}
# - {name: Clear, datatype: float64}
# meta: !!omap
# - comment: [E = 0.0011641960487160344, Eta0 = 8.02, GammaB = 12.0, dL = 0.012188, epsb = 6.760829753919819e-06, epse = 0.1, n = 0.03981071705534969,
#     p = 2.15, theta_obs = 0.0, xiN = 1.0, z = 0.0, type = grb, E_kiso = 2.6826957952797246]
# schema: astropy-2.0
time swift_uvot_uvw2 swift_uvot_uvm2 swift_uvot_uvw1 swift_uvot_U swift_uvot_B swift_uvot_V swift_uvot_W johnson_U johnson_B johnson_V johnson_R johnson_I sdss_u sdss_g sdss_r sdss_i sdss_z PS1_g PS1_r PS1_i PS1_z PS1_Y PS1_w ATLAS_c ATLAS_o ukirt_J ukirt_H ukirt_K Clear
[from data line 155]
0.4023 -4.055 -4.006 -4.081 -4.274 -4.416 -4.555 -4.194 -4.296 -4.418 -4.56 -4.701 -4.849 -4.291 -4.464 -4.635 -4.756 -4.867 -4.527 -4.67 -4.79 -4.889 -5.057 -4.633 -4.538 -4.691 -5.079 -5.248 -5.438 -4.723
0.412 -4.001 -3.952 -4.027 -4.22 -4.362 -4.501 -4.14 -4.242 -4.364 -4.506 -4.647 -4.795 -4.237 -4.41 -4.581 -4.702 -4.813 -4.473 -4.616 -4.736 -4.835 -5.003 -4.579 -4.484 -4.637 -5.025 -5.194 -5.384 -4.669
0.422 -3.947 -3.898 -3.973 -4.166 -4.308 -4.447 -4.086 -4.188 -4.31 -4.452 -4.593 -4.741 -4.183 -4.356 -4.527 -4.648 -4.759 -4.419 -4.562 -4.682 -4.781 -4.949 -4.525 -4.43 -4.583 -4.971 -5.14 -5.33 -4.615
0.4322 -3.894 -3.845 -3.92 -4.113 -4.255 -4.394 -4.034 -4.135 -4.258 -4.4 -4.54 -4.689 -4.13 -4.303 -4.475 -4.595 -4.706 -4.367 -4.509 -4.629 -4.728 -4.896 -4.472 -4.377 -4.53 -4.918 -5.087 -5.278 -4.563
0.4426 -3.844 -3.794 -3.869 -4.062 -4.204 -4.344 -3.983 -4.084 -4.207 -4.349 -4.489 -4.638 -4.079 -4.252 -4.424 -4.545 -4.655 -4.316 -4.458 -4.578 -4.677 -4.845 -4.422 -4.326 -4.479 -4.867 -5.036 -5.227 -4.512
0.4533 -3.793 -3.743 -3.818 -4.011 -4.154 -4.293 -3.932 -4.034 -4.156 -4.298 -4.438 -4.587 -4.029 -4.201 -4.373 -4.494 -4.604 -4.265 -4.407 -4.527 -4.626 -4.795 -4.371 -4.276 -4.428 -4.816 -4.986 -5.176 -4.461
0.4642 -3.742 -3.693 -3.767 -3.96 -4.103 -4.242 -3.881 -3.983 -4.105 -4.247 -4.388 -4.536 -3.978 -4.15 -4.322 -4.443 -4.554 -4.214 -4.357 -4.477 -4.576 -4.744 -4.32 -4.225 -4.378 -4.766 -4.935 -5.125 -4.41
0.4754 -3.691 -3.642 -3.717 -3.91 -4.052 -4.191 -3.83 -3.932 -4.054 -4.196 -4.337 -4.485 -3.927 -4.1 -4.271 -4.392 -4.503 -4.163 -4.306 -4.426 -4.525 -4.693 -4.269 -4.174 -4.327 -4.715 -4.884 -5.074 -4.359
0.4869 -3.64 -3.591 -3.666 -3.859 -4.001 -4.14 -3.78 -3.881 -4.004 -4.146 -4.286 -4.435 -3.876 -4.049 -4.221 -4.341 -4.452 -4.113 -4.255 -4.375 -4.474 -4.642 -4.218 -4.123 -4.276 -4.664 -4.833 -5.024 -4.309
0.4986 -3.59 -3.54 -3.615 -3.808 -3.95 -4.09 -3.729 -3.83 -3.953 -4.095 -4.235 -4.384 -3.825 -3.998 -4.17 -4.291 -4.401 -4.062 -4.204 -4.324 -4.423 -4.591 -4.168 -4.072 -4.225 -4.613 -4.782 -4.973 -4.258
0.5106 -3.539 -3.489 -3.564 -3.757 -3.9 -4.039 -3.678 -3.78 -3.902 -4.044 -4.184 -4.333 -3.775 -3.947 -4.119 -4.24 -4.35 -4.011 -4.154 -4.273 -4.372 -4.541 -4.117 -4.022 -4.174 -4.562 -4.732 -4.922 -4.207
0.523 -3.488 -3.439 -3.514 -3.706 -3.849 -3.988 -3.627 -3.729 -3.851 -3.993 -4.134 -4.282 -3.724 -3.896 -4.068 -4.189 -4.3 -3.96 -4.103 -4.223 -4.322 -4.49 -4.066 -3.971 -4.124 -4.512 -4.681 -4.871 -4.156
0.5356 -3.437 -3.388 -3.463 -3.656 -3.798 -3.937 -3.576 -3.678 -3.8 -3.942 -4.083 -4.231 -3.673 -3.846 -4.017 -4.138 -4.249 -3.909 -4.052 -4.172 -4.271 -4.439 -4.015 -3.92 -4.073 -4.461 -4.63 -4.82 -4.105
0.5485 -3.383 -3.334 -3.409 -3.602 -3.744 -3.883 -3.522 -3.624 -3.746 -3.888 -4.029 -4.177 -3.619 -3.792 -3.963 -4.084 -4.195 -3.855 -3.998 -4.118 -4.217 -4.385 -3.961 -3.866 -4.019 -4.407 -4.576 -4.766 -4.051
0.5617 -3.327 -3.277 -3.352 -3.545 -3.687 -3.826 -3.466 -3.567 -3.69 -3.832 -3.972 -4.121 -3.562 -3.735 -3.907 -4.027 -4.138 -3.799 -3.941 -4.061 -4.16 -4.328 -3.904 -3.809 -3.962 -4.35 -4.519 -4.71 -3.995
0.5753 -3.27 -3.22 -3.295 -3.488 -3.631 -3.77 -3.409 -3.511 -3.633 -3.775 -3.915 -4.064 -3.506 -3.678 -3.85 -3.971 -4.081 -3.742 -3.885 -4.004 -4.103 -4.272 -3.848 -3.753 -3.905 -4.293 -4.463 -4.653 -3.938
0.5891 -3.213 -3.164 -3.239 -3.432 -3.574 -3.713 -3.352 -3.454 -3.576 -3.718 -3.859 -4.007 -3.449 -3.621 -3.793 -3.914 -4.025 -3.685 -3.828 -3.948 -4.047 -4.215 -3.791 -3.696 -3.849 -4.237 -4.406 -4.596 -3.881
0.6034 -3.156 -3.107 -3.182 -3.375 -3.517 -3.656 -3.296 -3.397 -3.52 -3.661 -3.802 -3.951 -3.392 -3.565 -3.737 -3.857 -3.968 -3.629 -3.771 -3.891 -3.99 -4.158 -3.734 -3.639 -3.792 -4.18 -4.349 -4.54 -3.825
0.6179 -3.1 -3.05 -3.125 -3.318 -3.461 -3.6 -3.239 -3.34 -3.463 -3.605 -3.745 -3.894 -3.335 -3.508 -3.68 -3.801 -3.911 -3.572 -3.714 -3.834 -3.933 -4.101 -3.678 -3.582 -3.735 -4.123 -4.293 -4.483 -3.768
0.6328 -3.043 -2.994 -3.068 -3.261 -3.404 -3.543 -3.182 -3.284 -3.406 -3.548 -3.689 -3.837 -3.279 -3.451 -3.623 -3.744 -3.855 -3.515 -3.658 -3.777 -3.876 -4.045 -3.621 -3.526 -3.678 -4.066 -4.236 -4.426 -3.711
0.6481 -2.986 -2.937 -3.012 -3.205 -3.347 -3.486 -3.125 -3.227 -3.349 -3.491 -3.632 -3.78 -3.222 -3.395 -3.566 -3.687 -3.798 -3.458 -3.601 -3.721 -3.82 -3.988 -3.564 -3.469 -3.622 -4.01 -4.179 -4.369 -3.654
0.6637 -2.93 -2.88 -2.955 -3.148 -3.29 -3.429 -3.069 -3.17 -3.293 -3.435 -3.575 -3.724 -3.165 -3.338 -3.51 -3.63 -3.741 -3.402 -3.544 -3.664 -3.763 -3.931 -3.507 -3.412 -3.565 -3.953 -4.122 -4.313 -3.598
0.6797 -2.873 -2.823 -2.898 -3.091 -3.234 -3.373 -3.012 -3.114 -3.236 -3.378 -3.518 -3.667 -3.109 -3.281 -3.453 -3.574 -3.684 -3.345 -3.487 -3.607 -3.706 -3.875 -3.451 -3.356 -3.508 -3.896 -4.066 -4.256 -3.541
0.6961 -2.815 -2.766 -2.841 -3.034 -3.176 -3.315 -2.954 -3.056 -3.178 -3.32 -3.461 -3.609 -3.051 -3.223 -3.395 -3.516 -3.627 -3.287 -3.43 -3.55 -3.649 -3.817 -3.393 -3.298 -3.451 -3.839 -4.008 -4.198 -3.483
0.7129 -2.757 -2.708 -2.782 -2.975 -3.118 -3.257 -2.896 -2.998 -3.12 -3.262 -3.403 -3.551 -2.993 -3.165 -3.337 -3.458 -3.569 -3.229 -3.372 -3.492 -3.591 -3.759 -3.335 -3.24 -3.393 -3.781 -3.95 -4.14 -3.425
0.7301 -2.699 -2.65 -2.724 -2.917 -3.06 -3.199 -2.838 -2.94 -3.062 -3.204 -3.345 -3.493 -2.935 -3.107 -3.279 -3.4 -3.51 -3.171 -3.314 -3.433 -3.532 -3.701 -3.277 -3.182 -3.334 -3.722 -3.892 -4.082 -3.367
0.7477 -2.641 -2.591 -2.666 -2.859 -3.002 -3.141 -2.78 -2.882 -3.004 -3.146 -3.286 -3.435 -2.877 -3.049 -3.221 -3.342 -3.452 -3.113 -3.255 -3.375 -3.474 -3.643 -3.219 -3.124 -3.276 -3.664 -3.834 -4.024 -3.309
0.7658 -2.583 -2.533 -2.608 -2.801 -2.944 -3.083 -2.722 -2.824 -2.946 -3.088 -3.228 -3.377 -2.818 -2.991 -3.163 -3.284 -3.394 -3.055 -3.197 -3.317 -3.416 -3.585 -3.161 -3.065 -3.218 -3.606 -3.776 -3.966 -3.251
0.7842 -2.525 -2.475 -2.55 -2.743 -2.885 -3.025 -2.664 -2.765 -2.888 -3.03 -3.17 -3.319 -2.76 -2.933 -3.105 -3.226 -3.336 -2.997 -3.139 -3.259 -3.358 -3.526 -3.103 -3.007 -3.16 -3.548 -3.717 -3.908 -3.193
0.8032 -2.467 -2.417 -2.492 -2.685 -2.827 -2.966 -2.606 -2.707 -2.83 -2.972 -3.112 -3.261 -2.702 -2.875 -3.047 -3.167 -3.278 -2.939 -3.081 -3.201 -3.3 -3.468 -3.044 -2.949 -3.102 -3.49 -3.659 -3.85 -3.135
0.8225 -2.408 -2.359 -2.434 -2.627 -2.769 -2.908 -2.548 -2.649 -2.772 -2.913 -3.054 -3.203 -2.644 -2.817 -2.989 -3.109 -3.22 -2.88 -3.023 -3.143 -3.242 -3.41 -2.986 -2.891 -3.044 -3.432 -3.601 -3.792 -3.077
0.8424 -2.35 -2.301 -2.376 -2.569 -2.711 -2.85 -2.489 -2.591 -2.714 -2.855 -2.996 -3.144 -2.586 -2.759 -2.93 -3.051 -3.162 -2.822 -2.965 -3.085 -3.184 -3.352 -2.928 -2.833 -2.986 -3.374 -3.543 -3.733 -3.018
0.8627 -2.292 -2.243 -2.318 -2.511 -2.653 -2.792 -2.431 -2.533 -2.655 -2.797 -2.938 -3.086 -2.528 -2.701 -2.872 -2.993 -3.104 -2.764 -2.907 -3.027 -3.126 -3.294 -2.87 -2.775 -2.928 -3.316 -3.485 -3.675 -2.96
0.8835 -2.232 -2.183 -2.258 -2.45 -2.593 -2.732 -2.371 -2.473 -2.595 -2.737 -2.878 -3.026 -2.468 -2.64 -2.812 -2.933 -3.044 -2.704 -2.847 -2.967 -3.066 -3.234 -2.81 -2.715 -2.868 -3.256 -3.425 -3.615 -2.9
0.9048 -2.172 -2.122 -2.197 -2.39 -2.532 -2.672 -2.311 -2.412 -2.535 -2.677 -2.817 -2.966 -2.407 -2.58 -2.752 -2.872 -2.983 -2.644 -2.786 -2.906 -3.005 -3.173 -2.749 -2.654 -2.807 -3.195 -3.364 -3.555 -2.84
0.9266 -2.111 -2.062 -2.136 -2.329 -2.472 -2.611 -2.25 -2.352 -2.474 -2.616 -2.757 -2.905 -2.347 -2.519 -2.691 -2.812 -2.923 -2.583 -2.726 -2.846 -2.945 -3.113 -2.689 -2.594 -2.747 -3.135 -3.304 -3.494 -2.779
0.949 -2.051 -2.001 -2.076 -2.269 -2.411 -2.55 -2.19 -2.291 -2.414 -2.556 -2.696 -2.845 -2.286 -2.459 -2.631 -2.751 -2.862 -2.523 -2.665 -2.785 -2.884 -3.052 -2.628 -2.533 -2.686 -3.074 -3.243 -3.434 -2.719
0.9719 -1.99 -1.941 -2.015 -2.208 -2.351 -2.49 -2.129 -2.231 -2.353 -2.495 -2.636 -2.784 -2.226 -2.398 -2.57 -2.691 -2.802 -2.462 -2.605 -2.724 -2.824 -2.992 -2.568 -2.473 -2.626 -3.013 -3.183 -3.373 -2.658
0.9953 -1.93 -1.88 -1.955 -2.148 -2.29 -2.429 -2.069 -2.17 -2.293 -2.435 -2.575 -2.724 -2.165 -2.338 -2.51 -2.63 -2.741 -2.402 -2.544 -2.664 -2.763 -2.931 -2.507 -2.412 -2.565 -2.953 -3.122 -3.313 -2.598
1.0194 -1.869 -1.82 -1.894 -2.087 -2.23 -2.369 -2.008 -2.11 -2.232 -2.374 -2.515 -2.663 -2.105 -2.277 -2.449 -2.57 -2.681 -2.341 -2.484 -2.603 -2.702 -2.871 -2.447 -2.352 -2.504 -2.892 -3.062 -3.252 -2.537
1.0439 -1.809 -1.759 -1.834 -2.027 -2.169 -2.308 -1.948 -2.049 -2.172 -2.314 -2.454 -2.603 -2.044 -2.217 -2.389 -2.509 -2.62 -2.281 -2.423 -2.543 -2.642 -2.81 -2.386 -2.291 -2.444 -2.832 -3.001 -3.192 -2.477
1.0691 -1.748 -1.699 -1.773 -1.966 -2.109 -2.248 -1.887 -1.989 -2.111 -2.253 -2.394 -2.542 -1.984 -2.156 -2.328 -2.449 -2.559 -2.22 -2.363 -2.482 -2.581 -2.75 -2.326 -2.231 -2.383 -2.771 -2.941 -3.131 -2.416
1.0949 -1.687 -1.638 -1.713 -1.906 -2.048 -2.187 -1.827 -1.928 -2.051 -2.193 -2.333 -2.482 -1.923 -2.096 -2.268 -2.388 -2.499 -2.16 -2.302 -2.422 -2.521 -2.689 -2.265 -2.17 -2.323 -2.711 -2.88 -3.071 -2.356
1.1213 -1.629 -1.58 -1.654 -1.847 -1.99 -2.129 -1.768 -1.87 -1.992 -2.134 -2.275 -2.423 -1.865 -2.037 -2.209 -2.33 -2.441 -2.101 -2.244 -2.364 -2.463 -2.631 -2.207 -2.112 -2.265 -2.653 -2.822 -3.012 -2.297
1.1484 -1.571 -1.521 -1.596 -1.789 -1.932 -2.071 -1.71 -1.812 -1.934 -2.076 -2.216 -2.365 -1.806 -1.979 -2.151 -2.272 -2.382 -2.043 -2.185 -2.305 -2.404 -2.573 -2.149 -2.053 -2.206 -2.594 -2.764 -2.954 -2.239
1.1761 -1.512 -1.463 -1.538 -1.731 -1.873 -2.012 -1.652 -1.753 -1.876 -2.017 -2.158 -2.307 -1.748 -1.921 -2.093 -2.213 -2.324 -1.985 -2.127 -2.247 -2.346 -2.514 -2.09 -1.995 -2.148 -2.536 -2.705 -2.896 -2.181
1.2044 -1.454 -1.405 -1.48 -1.672 -1.815 -1.954 -1.593 -1.695 -1.817 -1.959 -2.1 -2.248 -1.69 -1.862 -2.034 -2.155 -2.266 -1.926 -2.069 -2.189 -2.288 -2.456 -2.032 -1.937 -2.09 -2.478 -2.647 -2.837 -2.122
1.2335 -1.396 -1.346 -1.421 -1.614 -1.757 -1.896 -1.535 -1.637 -1.759 -1.901 -2.041 -2.19 -1.632 -1.804 -1.976 -2.097 -2.207 -1.868 -2.01 -2.13 -2.229 -2.398 -1.974 -1.879 -2.031 -2.419 -2.589 -2.779 -2.064
1.2633 -1.338 -1.288 -1.363 -1.556 -1.698 -1.837 -1.477 -1.578 -1.701 -1.843 -1.983 -2.132 -1.573 -1.746 -1.918 -2.038 -2.149 -1.81 -1.952 -2.072 -2.171 -2.339 -1.915 -1.82 -1.973 -2.361 -2.53 -2.721 -2.006
1.2937 -1.279 -1.23 -1.305 -1.498 -1.64 -1.779 -1.418 -1.52 -1.642 -1.784 -1.925 -2.073 -1.515 -1.687 -1.859 -1.98 -2.091 -1.751 -1.894 -2.014 -2.113 -2.281 -1.857 -1.762 -1.915 -2.303 -2.472 -2.662 -1.947
1.3249 -1.221 -1.171 -1.246 -1.439 -1.582 -1.721 -1.36 -1.462 -1.584 -1.726 -1.866 -2.015 -1.457 -1.629 -1.801 -1.922 -2.032 -1.693 -1.835 -1.955 -2.054 -2.223 -1.799 -1.704 -1.856 -2.244 -2.414 -2.604 -1.889
1.3569 -1.163 -1.113 -1.188 -1.381 -1.523 -1.662 -1.302 -1.403 -1.526 -1.668 -1.808 -1.957 -1.398 -1.571 -1.743 -1.863 -1.974 -1.635 -1.777 -1.897 -1.996 -2.164 -1.74 -1.645 -1.798 -2.186 -2.355 -2.546 -1.831
1.3896 -1.105 -1.055 -1.13 -1.323 -1.466 -1.605 -1.244 -1.345 -1.468 -1.61 -1.75 -1.899 -1.34 -1.513 -1.685 -1.806 -1.916 -1.577 -1.719 -1.839 -1.938 -2.106 -1.683 -1.587 -1.74 -2.128 -2.298 -2.488 -1.773
1.4232 -1.051 -1.001 -1.076 -1.269 -1.412 -1.551 -1.19 -1.292 -1.414 -1.556 -1.696 -1.845 -1.287 -1.459 -1.631 -1.752 -1.862 -1.523 -1.666 -1.785 -1.884 -2.053 -1.629 -1.534 -1.686 -2.074 -2.244 -2.434 -1.719
1.4575 -0.997 -0.948 -1.022 -1.215 -1.358 -1.497 -1.136 -1.238 -1.36 -1.502 -1.643 -1.791 -1.233 -1.405 -1.577 -1.698 -1.809 -1.469 -1.612 -1.731 -1.831 -1.999 -1.575 -1.48 -1.633 -2.02 -2.19 -2.38 -1.665
1.4927 -0.943 -0.894 -0.969 -1.162 -1.304 -1.443 -1.082 -1.184 -1.306 -1.448 -1.589 -1.737 -1.179 -1.351 -1.523 -1.644 -1.755 -1.415 -1.558 -1.678 -1.777 -1.945 -1.521 -1.426 -1.579 -1.967 -2.136 -2.326 -1.611
1.5287 -0.889 -0.84 -0.915 -1.108 -1.25 -1.389 -1.028 -1.13 -1.253 -1.394 -1.535 -1.683 -1.125 -1.298 -1.469 -1.59 -1.701 -1.361 -1.504 -1.624 -1.723 -1.891 -1.467 -1.372 -1.525 -1.913 -2.082 -2.272 -1.557
1.5655 -0.836 -0.786 -0.861 -1.054 -1.196 -1.335 -0.975 -1.076 -1.199 -1.341 -1.481 -1.63 -1.071 -1.244 -1.416 -1.536 -1.647 -1.308 -1.45 -1.57 -1.669 -1.837 -1.413 -1.318 -1.471 -1.859 -2.028 -2.219 -1.504
1.6033 -0.782 -0.732 -0.807 -1.0 -1.142 -1.282 -0.921 -1.022 -1.145 -1.287 -1.427 -1.576 -1.017 -1.19 -1.362 -1.483 -1.593 -1.254 -1.396 -1.516 -1.615 -1.783 -1.36 -1.264 -1.417 -1.805 -1.974 -2.165 -1.45
1.642 -0.728 -0.678 -0.753 -0.946 -1.089 -1.228 -0.867 -0.969 -1.091 -1.233 -1.373 -1.522 -0.964 -1.136 -1.308 -1.429 -1.539 -1.2 -1.342 -1.462 -1.561 -1.73 -1.306 -1.211 -1.363 -1.751 -1.921 -2.111 -1.396
1.6816 -0.674 -0.625 -0.699 -0.892 -1.035 -1.174 -0.813 -0.915 -1.037 -1.179 -1.32 -1.468 -0.91 -1.082 -1.254 -1.375 -1.485 -1.146 -1.289 -1.408 -1.507 -1.676 -1.252 -1.157 -1.309 -1.697 -1.867 -2.057 -1.342
1.7222 -0.62 -0.571 -0.646 -0.838 -0.981 -1.12 -0.759 -0.861 -0.983 -1.125 -1.266 -1.414 -0.856 -1.028 -1.2 -1.321 -1.432 -1.092 -1.235 -1.355 -1.454 -1.622 -1.198 -1.103 -1.256 -1.644 -1.813 -2.003 -1.288
1.7637 -0.566 -0.517 -0.592 -0.784 -0.927 -1.066 -0.705 -0.807 -0.929 -1.071 -1.212 -1.36 -0.802 -0.974 -1.146 -1.267 -1.378 -1.038 -1.181 -1.301 -1.4 -1.568 -1.144 -1.049 -1.202 -1.59 -1.759 -1.949 -1.234
1.8062 -0.512 -0.462 -0.537 -0.73 -0.872 -1.012 -0.651 -0.752 -0.875 -1.017 -1.157 -1.306 -0.747 -0.92 -1.092 -1.213 -1.323 -0.984 -1.126 -1.246 -1.345 -1.513 -1.09 -0.994 -1.147 -1.535 -1.704 -1.895 -1.18
1.8498 -0.457 -0.408 -0.483 -0.676 -0.818 -0.957 -0.596 -0.698 -0.82 -0.962 -1.103 -1.251 -0.693 -0.866 -1.037 -1.158 -1.269 -0.929 -1.072 -1.192 -1.291 -1.459 -1.035 -0.94 -1.093 -1.481 -1.65 -1.84 -1.125
1.8944 -0.403 -0.353 -0.428 -0.621 -0.764 -0.903 -0.542 -0.644 -0.766 -0.908 -1.048 -1.197 -0.639 -0.811 -0.983 -1.104 -1.214 -0.875 -1.017 -1.137 -1.236 -1.405 -0.981 -0.885 -1.038 -1.426 -1.596 -1.786 -1.071
1.9401 -0.348 -0.299 -0.374 -0.567 -0.709 -0.848 -0.487 -0.589 -0.712 -0.853 -0.994 -1.142 -0.584 -0.757 -0.928 -1.049 -1.16 -0.82 -0.963 -1.083 -1.182 -1.35 -0.926 -0.831 -0.984 -1.372 -1.541 -1.731 -1.016
1.9869 -0.294 -0.244 -0.319 -0.512 -0.655 -0.794 -0.433 -0.535 -0.657 -0.799 -0.939 -1.088 -0.53 -0.702 -0.874 -0.995 -1.105 -0.766 -0.909 -1.028 -1.127 -1.296 -0.872 -0.777 -0.929 -1.317 -1.487 -1.677 -0.962
2.0349 -0.239 -0.19 -0.265 -0.458 -0.6 -0.739 -0.379 -0.48 -0.603 -0.744 -0.885 -1.034 -0.475 -0.648 -0.82 -0.94 -1.051 -0.711 -0.854 -0.974 -1.073 -1.241 -0.817 -0.722 -0.875 -1.263 -1.432 -1.623 -0.908
2.084 -0.185 -0.136 -0.21 -0.403 -0.546 -0.685 -0.324 -0.426 -0.548 -0.69 -0.831 -0.979 -0.421 -0.593 -0.765 -0.886 -0.996 -0.657 -0.8 -0.919 -1.018 -1.187 -0.763 -0.668 -0.82 -1.208 -1.378 -1.568 -0.853
2.1342 -0.131 -0.081 -0.156 -0.349 -0.491 -0.63 -0.27 -0.371 -0.494 -0.636 -0.776 -0.925 -0.366 -0.539 -0.711 -0.831 -0.942 -0.603 -0.745 -0.865 -0.964 -1.132 -0.708 -0.613 -0.766 -1.154 -1.323 -1.514 -0.799
2.1857 -0.076 -0.027 -0.102 -0.294 -0.437 -0.576 -0.215 -0.317 -0.439 -0.581 -0.722 -0.87 -0.312 -0.484 -0.656 -0.777 -0.888 -0.548 -0.691 -0.811 -0.91 -1.078 -0.654 -0.559 -0.712 -1.1 -1.269 -1.459 -0.744
2.2384 -0.023 0.027 -0.048 -0.241 -0.384 -0.523 -0.162 -0.264 -0.386 -0.528 -0.668 -0.817 -0.259 -0.431 -0.603 -0.724 -0.834 -0.495 -0.637 -0.757 -0.856 -1.025 -0.601 -0.505 -0.658 -1.046 -1.216 -1.406 -0.691
2.2924 0.029 0.078 0.003 -0.19 -0.332 -0.471 -0.11 -0.212 -0.334 -0.476 -0.617 -0.765 -0.207 -0.379 -0.551 -0.672 -0.783 -0.443 -0.586 -0.706 -0.805 -0.973 -0.549 -0.454 -0.607 -0.995 -1.164 -1.354 -0.639
2.3477 0.08 0.13 0.055 -0.138 -0.28 -0.419 -0.059 -0.16 -0.283 -0.425 -0.565 -0.714 -0.155 -0.328 -0.5 -0.62 -0.731 -0.392 -0.534 -0.654 -0.753 -0.921 -0.497 -0.402 -0.555 -0.943 -1.112 -1.303 -0.588
2.4044 0.132 0.182 0.107 -0.086 -0.229 -0.368 -0.007 -0.109 -0.231 -0.373 -0.513 -0.662 -0.104 -0.276 -0.448 -0.569 -0.679 -0.34 -0.483 -0.602 -0.701 -0.87 -0.446 -0.351 -0.503 -0.891 -1.061 -1.251 -0.536
2.4624 0.184 0.233 0.158 -0.035 -0.177 -0.316 0.045 -0.057 -0.179 -0.321 -0.462 -0.61 -0.052 -0.225 -0.396 -0.517 -0.628 -0.288 -0.431 -0.551 -0.65 -0.818 -0.394 -0.299 -0.452 -0.84 -1.009 -1.199 -0.484
