web/models/grb/onaxis/8/grb_0.0000_1000.0000_2.5118864.dat
# %ECSV 1.0
# ---
# datatype:
# - {name: time, datatype: float64}
# - {name: swift_uvot_uvw2, datatype: float64}
# - {name: swift_uvot_uvm2, datatype: float64}
# - {name: swift_uvot_uvw1, datatype: float64}
# - {name: swift_uvot_U, datatype: float64}
# - {name: swift_uvot_B, datatype: float64}
# - {name: swift_uvot_V, datatype: float64}
# - {name: swift_uvot_W, datatype: float64}
# - {name: johnson_U, datatype: float64}
# - {name: johnson_B, datatype: float64}
# - {name: johnson_V, datatype: float64}
# - {name: johnson_R, datatype: float64}
# - {name: johnson_I, datatype: float64}
# - {name: sdss_u, datatype: float64}
# - {name: sdss_g, datatype: float64}
# - {name: sdss_r, datatype: float64}
# - {name: sdss_i, datatype: float64}
# - {name: sdss_z, datatype: float64}
# - {name: PS1_g, datatype: float64}
# - {name: PS1_r, datatype: float64}
# - {name: PS1_i, datatype: float64}
# - {name: PS1_z, datatype: float64}
# - {name: PS1_Y, datatype: float64}
# - {name: ukirt_J, datatype: float64}
# - {name: ukirt_H, datatype: float64}
# - {name: ukirt_K, datatype: float64}
# meta: !!omap
# - comment: [E = 0.43396498804093575, Eta0 = 8.02, GammaB = 12.0, dL = 0.012188, epsb = 6.760829753919819e-06, epse = 0.1, n = 2.5118864315095824,
#     p = 2.15, theta_obs = 0.0, xiN = 1.0, z = 0.0, type = grb, E_kiso = 1000.0]
# schema: astropy-2.0
time swift_uvot_uvw2 swift_uvot_uvm2 swift_uvot_uvw1 swift_uvot_U swift_uvot_B swift_uvot_V swift_uvot_W johnson_U johnson_B johnson_V johnson_R johnson_I sdss_u sdss_g sdss_r sdss_i sdss_z PS1_g PS1_r PS1_i PS1_z PS1_Y ukirt_J ukirt_H ukirt_K
0.01 -17.036 -16.987 -17.061 -17.254 -17.397 -17.536 -17.175 -17.277 -17.399 -17.541 -17.682 -17.83 -17.272 -17.444 -17.616 -17.737 -17.847 -17.508 -17.651 -17.77 -17.869 -18.038 -18.059 -18.229 -18.419
0.0102 -17.029 -16.979 -17.054 -17.247 -17.389 -17.529 -17.168 -17.269 -17.392 -17.534 -17.674 -17.823 -17.264 -17.437 -17.609 -17.729 -17.84 -17.501 -17.643 -17.763 -17.862 -18.03 -18.052 -18.221 -18.412
0.0105 -17.021 -16.972 -17.047 -17.24 -17.382 -17.521 -17.16 -17.262 -17.384 -17.526 -17.667 -17.815 -17.257 -17.43 -17.601 -17.722 -17.833 -17.493 -17.636 -17.756 -17.855 -18.023 -18.045 -18.214 -18.404
0.0107 -17.014 -16.964 -17.039 -17.232 -17.375 -17.514 -17.153 -17.255 -17.377 -17.519 -17.659 -17.808 -17.25 -17.422 -17.594 -17.715 -17.825 -17.486 -17.628 -17.748 -17.847 -18.016 -18.037 -18.207 -18.397
0.011 -17.006 -16.957 -17.032 -17.225 -17.367 -17.506 -17.146 -17.247 -17.37 -17.511 -17.652 -17.801 -17.242 -17.415 -17.587 -17.707 -17.818 -17.478 -17.621 -17.741 -17.84 -18.008 -18.03 -18.199 -18.39
0.0113 -16.999 -16.95 -17.024 -17.217 -17.36 -17.499 -17.138 -17.24 -17.362 -17.504 -17.645 -17.793 -17.235 -17.407 -17.579 -17.7 -17.811 -17.471 -17.614 -17.733 -17.833 -18.001 -18.022 -18.192 -18.382
0.0115 -16.987 -16.938 -17.012 -17.205 -17.348 -17.487 -17.126 -17.228 -17.35 -17.492 -17.633 -17.781 -17.223 -17.395 -17.567 -17.688 -17.799 -17.459 -17.602 -17.721 -17.821 -17.989 -18.01 -18.18 -18.37
0.0118 -16.975 -16.926 -17.0 -17.193 -17.336 -17.475 -17.114 -17.216 -17.338 -17.48 -17.621 -17.769 -17.211 -17.383 -17.555 -17.676 -17.786 -17.447 -17.59 -17.709 -17.808 -17.977 -17.998 -18.168 -18.358
0.0121 -16.963 -16.913 -16.988 -17.181 -17.324 -17.463 -17.102 -17.204 -17.326 -17.468 -17.608 -17.757 -17.199 -17.371 -17.543 -17.664 -17.774 -17.435 -17.578 -17.697 -17.796 -17.965 -17.986 -18.156 -18.346
0.0124 -16.951 -16.901 -16.976 -17.169 -17.312 -17.451 -17.09 -17.192 -17.314 -17.456 -17.596 -17.745 -17.187 -17.359 -17.531 -17.652 -17.762 -17.423 -17.565 -17.685 -17.784 -17.953 -17.974 -18.144 -18.334
0.0127 -16.939 -16.889 -16.964 -17.157 -17.3 -17.439 -17.078 -17.18 -17.302 -17.444 -17.584 -17.733 -17.174 -17.347 -17.519 -17.64 -17.75 -17.411 -17.553 -17.673 -17.772 -17.94 -17.962 -18.132 -18.322
0.013 -16.927 -16.877 -16.952 -17.145 -17.287 -17.427 -17.066 -17.167 -17.29 -17.432 -17.572 -17.721 -17.162 -17.335 -17.507 -17.628 -17.738 -17.399 -17.541 -17.661 -17.76 -17.928 -17.95 -18.119 -18.31
0.0133 -16.915 -16.865 -16.94 -17.133 -17.275 -17.415 -17.054 -17.155 -17.278 -17.42 -17.56 -17.709 -17.15 -17.323 -17.495 -17.615 -17.726 -17.387 -17.529 -17.649 -17.748 -17.916 -17.938 -18.107 -18.298
0.0136 -16.903 -16.853 -16.928 -17.121 -17.263 -17.402 -17.042 -17.143 -17.266 -17.408 -17.548 -17.697 -17.138 -17.311 -17.483 -17.603 -17.714 -17.375 -17.517 -17.637 -17.736 -17.904 -17.926 -18.095 -18.286
0.014 -16.89 -16.841 -16.916 -17.109 -17.251 -17.39 -17.03 -17.131 -17.254 -17.396 -17.536 -17.685 -17.126 -17.299 -17.471 -17.591 -17.702 -17.363 -17.505 -17.625 -17.724 -17.892 -17.914 -18.083 -18.274
0.0143 -16.88 -16.83 -16.905 -17.098 -17.24 -17.38 -17.019 -17.12 -17.243 -17.385 -17.525 -17.674 -17.115 -17.288 -17.46 -17.58 -17.691 -17.352 -17.494 -17.614 -17.713 -17.881 -17.903 -18.072 -18.263
0.0146 -16.877 -16.828 -16.903 -17.096 -17.238 -17.377 -17.017 -17.118 -17.241 -17.382 -17.523 -17.672 -17.113 -17.286 -17.458 -17.578 -17.689 -17.349 -17.492 -17.612 -17.711 -17.879 -17.901 -18.07 -18.261
0.015 -16.875 -16.826 -16.901 -17.094 -17.236 -17.375 -17.014 -17.116 -17.238 -17.38 -17.521 -17.669 -17.111 -17.284 -17.455 -17.576 -17.687 -17.347 -17.49 -17.61 -17.709 -17.877 -17.899 -18.068 -18.258
0.0154 -16.873 -16.824 -16.898 -17.091 -17.234 -17.373 -17.012 -17.114 -17.236 -17.378 -17.519 -17.667 -17.109 -17.281 -17.453 -17.574 -17.685 -17.345 -17.488 -17.608 -17.707 -17.875 -17.896 -18.066 -18.256
0.0157 -16.871 -16.821 -16.896 -17.089 -17.232 -17.371 -17.01 -17.112 -17.234 -17.376 -17.516 -17.665 -17.107 -17.279 -17.451 -17.572 -17.682 -17.343 -17.485 -17.605 -17.704 -17.873 -17.894 -18.064 -18.254
0.0161 -16.869 -16.819 -16.894 -17.087 -17.229 -17.369 -17.008 -17.109 -17.232 -17.374 -17.514 -17.663 -17.104 -17.277 -17.449 -17.57 -17.68 -17.341 -17.483 -17.603 -17.702 -17.87 -17.892 -18.061 -18.252
0.0165 -16.866 -16.817 -16.892 -17.085 -17.227 -17.366 -17.006 -17.107 -17.23 -17.372 -17.512 -17.661 -17.102 -17.275 -17.447 -17.567 -17.678 -17.339 -17.481 -17.601 -17.7 -17.868 -17.89 -18.059 -18.25
0.0169 -16.864 -16.815 -16.89 -17.083 -17.225 -17.364 -17.003 -17.105 -17.227 -17.369 -17.51 -17.658 -17.1 -17.273 -17.444 -17.565 -17.676 -17.336 -17.479 -17.599 -17.698 -17.866 -17.888 -18.057 -18.247
0.0173 -16.862 -16.813 -16.887 -17.08 -17.223 -17.362 -17.001 -17.103 -17.225 -17.367 -17.508 -17.656 -17.098 -17.27 -17.442 -17.563 -17.674 -17.334 -17.477 -17.597 -17.696 -17.864 -17.886 -18.055 -18.245
0.0177 -16.86 -16.81 -16.885 -17.078 -17.221 -17.36 -16.999 -17.101 -17.223 -17.365 -17.505 -17.654 -17.096 -17.268 -17.44 -17.561 -17.671 -17.332 -17.475 -17.594 -17.693 -17.862 -17.883 -18.053 -18.243
0.0181 -16.863 -16.813 -16.888 -17.081 -17.224 -17.363 -17.002 -17.104 -17.226 -17.368 -17.508 -17.657 -17.099 -17.271 -17.443 -17.564 -17.674 -17.335 -17.477 -17.597 -17.696 -17.865 -17.886 -18.056 -18.246
0.0186 -16.88 -16.83 -16.905 -17.098 -17.24 -17.38 -17.019 -17.12 -17.243 -17.385 -17.525 -17.674 -17.115 -17.288 -17.46 -17.58 -17.691 -17.352 -17.494 -17.614 -17.713 -17.881 -17.903 -18.072 -18.263
0.019 -16.896 -16.847 -16.922 -17.115 -17.257 -17.396 -17.036 -17.137 -17.26 -17.401 -17.542 -17.691 -17.132 -17.305 -17.477 -17.597 -17.708 -17.368 -17.511 -17.631 -17.73 -17.898 -17.92 -18.089 -18.28
0.0195 -16.913 -16.864 -16.939 -17.132 -17.274 -17.413 -17.052 -17.154 -17.276 -17.418 -17.559 -17.707 -17.149 -17.322 -17.493 -17.614 -17.725 -17.385 -17.528 -17.648 -17.747 -17.915 -17.937 -18.106 -18.296
0.02 -16.93 -16.881 -16.955 -17.148 -17.291 -17.43 -17.069 -17.171 -17.293 -17.435 -17.576 -17.724 -17.166 -17.338 -17.51 -17.631 -17.742 -17.402 -17.545 -17.664 -17.763 -17.932 -17.953 -18.123 -18.313
0.0204 -16.947 -16.897 -16.972 -17.165 -17.308 -17.447 -17.086 -17.188 -17.31 -17.452 -17.592 -17.741 -17.183 -17.355 -17.527 -17.648 -17.758 -17.419 -17.561 -17.681 -17.78 -17.949 -17.97 -18.14 -18.33
0.0209 -16.964 -16.914 -16.989 -17.182 -17.324 -17.464 -17.103 -17.204 -17.327 -17.469 -17.609 -17.758 -17.199 -17.372 -17.544 -17.664 -17.775 -17.436 -17.578 -17.698 -17.797 -17.965 -17.987 -18.156 -18.347
0.0214 -16.98 -16.931 -17.006 -17.199 -17.341 -17.48 -17.12 -17.221 -17.344 -17.485 -17.626 -17.775 -17.216 -17.389 -17.561 -17.681 -17.792 -17.452 -17.595 -17.715 -17.814 -17.982 -18.004 -18.173 -18.364
0.022 -16.997 -16.948 -17.023 -17.216 -17.358 -17.497 -17.136 -17.238 -17.36 -17.502 -17.643 -17.791 -17.233 -17.406 -17.577 -17.698 -17.809 -17.469 -17.612 -17.732 -17.831 -17.999 -18.021 -18.19 -18.38
0.0225 -17.014 -16.965 -17.039 -17.232 -17.375 -17.514 -17.153 -17.255 -17.377 -17.519 -17.66 -17.808 -17.25 -17.422 -17.594 -17.715 -17.826 -17.486 -17.629 -17.748 -17.848 -18.016 -18.037 -18.207 -18.397
0.023 -17.033 -16.983 -17.058 -17.251 -17.393 -17.532 -17.172 -17.273 -17.396 -17.538 -17.678 -17.827 -17.268 -17.441 -17.613 -17.733 -17.844 -17.505 -17.647 -17.767 -17.866 -18.034 -18.056 -18.225 -18.416
0.0236 -17.053 -17.004 -17.079 -17.272 -17.414 -17.553 -17.192 -17.294 -17.417 -17.558 -17.699 -17.847 -17.289 -17.462 -17.633 -17.754 -17.865 -17.525 -17.668 -17.788 -17.887 -18.055 -18.077 -18.246 -18.436
0.0242 -17.074 -17.025 -17.1 -17.293 -17.435 -17.574 -17.213 -17.315 -17.437 -17.579 -17.72 -17.868 -17.31 -17.482 -17.654 -17.775 -17.886 -17.546 -17.689 -17.809 -17.908 -18.076 -18.098 -18.267 -18.457
0.0247 -17.095 -17.046 -17.12 -17.313 -17.456 -17.595 -17.234 -17.336 -17.458 -17.6 -17.741 -17.889 -17.331 -17.503 -17.675 -17.796 -17.906 -17.567 -17.71 -17.829 -17.928 -18.097 -18.118 -18.288 -18.478
0.0253 -17.116 -17.066 -17.141 -17.334 -17.477 -17.616 -17.255 -17.357 -17.479 -17.621 -17.761 -17.91 -17.352 -17.524 -17.696 -17.817 -17.927 -17.588 -17.73 -17.85 -17.949 -18.118 -18.139 -18.309 -18.499
0.0259 -17.137 -17.087 -17.162 -17.355 -17.497 -17.637 -17.276 -17.377 -17.5 -17.642 -17.782 -17.931 -17.372 -17.545 -17.717 -17.837 -17.948 -17.609 -17.751 -17.871 -17.97 -18.138 -18.16 -18.329 -18.52
0.0266 -17.157 -17.108 -17.183 -17.376 -17.518 -17.657 -17.297 -17.398 -17.521 -17.662 -17.803 -17.952 -17.393 -17.566 -17.738 -17.858 -17.969 -17.629 -17.772 -17.892 -17.991 -18.159 -18.181 -18.35 -18.541
0.0272 -17.178 -17.129 -17.204 -17.397 -17.539 -17.678 -17.317 -17.419 -17.541 -17.683 -17.824 -17.972 -17.414 -17.587 -17.758 -17.879 -17.99 -17.65 -17.793 -17.913 -18.012 -18.18 -18.202 -18.371 -18.561
0.0279 -17.199 -17.15 -17.224 -17.417 -17.56 -17.699 -17.338 -17.44 -17.562 -17.704 -17.845 -17.993 -17.435 -17.607 -17.779 -17.9 -18.011 -17.671 -17.814 -17.934 -18.033 -18.201 -18.223 -18.392 -18.582
0.0285 -17.22 -17.17 -17.245 -17.438 -17.581 -17.72 -17.359 -17.461 -17.583 -17.725 -17.865 -18.014 -17.456 -17.628 -17.8 -17.921 -18.031 -17.692 -17.835 -17.954 -18.053 -18.222 -18.243 -18.413 -18.603
0.0292 -17.23 -17.18 -17.255 -17.448 -17.59 -17.729 -17.369 -17.47 -17.593 -17.735 -17.875 -18.024 -17.465 -17.638 -17.81 -17.93 -18.041 -17.702 -17.844 -17.964 -18.063 -18.231 -18.253 -18.422 -18.613
0.0299 -17.23 -17.181 -17.256 -17.449 -17.591 -17.73 -17.369 -17.471 -17.593 -17.735 -17.876 -18.024 -17.466 -17.639 -17.81 -17.931 -18.042 -17.702 -17.845 -17.965 -18.064 -18.232 -18.254 -18.423 -18.613
0.0307 -17.231 -17.182 -17.256 -17.449 -17.592 -17.731 -17.37 -17.472 -17.594 -17.736 -17.876 -18.025 -17.467 -17.639 -17.811 -17.932 -18.042 -17.703 -17.846 -17.965 -18.064 -18.233 -18.254 -18.424 -18.614
0.0314 -17.232 -17.182 -17.257 -17.45 -17.592 -17.732 -17.371 -17.472 -17.595 -17.737 -17.877 -18.026 -17.467 -17.64 -17.812 -17.932 -18.043 -17.704 -17.846 -17.966 -18.065 -18.233 -18.255 -18.424 -18.615
0.0322 -17.232 -17.183 -17.258 -17.451 -17.593 -17.732 -17.371 -17.473 -17.596 -17.737 -17.878 -18.026 -17.468 -17.641 -17.812 -17.933 -18.044 -17.704 -17.847 -17.967 -18.066 -18.234 -18.256 -18.425 -18.615
0.0329 -17.233 -17.184 -17.258 -17.451 -17.594 -17.733 -17.372 -17.474 -17.596 -17.738 -17.879 -18.027 -17.469 -17.641 -17.813 -17.934 -18.045 -17.705 -17.848 -17.967 -18.067 -18.235 -18.256 -18.426 -18.616
0.0337 -17.234 -17.184 -17.259 -17.452 -17.594 -17.734 -17.373 -17.474 -17.597 -17.739 -17.879 -18.028 -17.469 -17.642 -17.814 -17.935 -18.045 -17.706 -17.848 -17.968 -18.067 -18.235 -18.257 -18.426 -18.617
0.0345 -17.234 -17.185 -17.26 -17.453 -17.595 -17.734 -17.374 -17.475 -17.598 -17.739 -17.88 -18.029 -17.47 -17.643 -17.815 -17.935 -18.046 -17.706 -17.849 -17.969 -18.068 -18.236 -18.258 -18.427 -18.618
0.0354 -17.235 -17.186 -17.261 -17.453 -17.596 -17.735 -17.374 -17.476 -17.598 -17.74 -17.881 -18.029 -17.471 -17.643 -17.815 -17.936 -18.047 -17.707 -17.85 -17.97 -18.069 -18.237 -18.259 -18.428 -18.618
0.0362 -17.236 -17.186 -17.261 -17.454 -17.597 -17.736 -17.375 -17.477 -17.599 -17.741 -17.881 -18.03 -17.472 -17.644 -17.816 -17.937 -18.047 -17.708 -17.85 -17.97 -18.069 -18.238 -18.259 -18.429 -18.619
0.0371 -17.234 -17.185 -17.26 -17.453 -17.595 -17.734 -17.374 -17.475 -17.598 -17.74 -17.88 -18.029 -17.47 -17.643 -17.815 -17.935 -18.046 -17.707 -17.849 -17.969 -18.068 -18.236 -18.258 -18.427 -18.618
0.038 -17.232 -17.183 -17.258 -17.451 -17.593 -17.732 -17.371 -17.473 -17.595 -17.737 -17.878 -18.026 -17.468 -17.641 -17.812 -17.933 -18.044 -17.704 -17.847 -17.967 -18.066 -18.234 -18.256 -18.425 -18.615
0.0389 -17.23 -17.181 -17.255 -17.448 -17.591 -17.73 -17.369 -17.471 -17.593 -17.735 -17.875 -18.024 -17.466 -17.638 -17.81 -17.931 -18.041 -17.702 -17.845 -17.964 -18.063 -18.232 -18.253 -18.423 -18.613
0.0398 -17.228 -17.178 -17.253 -17.446 -17.588 -17.728 -17.367 -17.468 -17.591 -17.733 -17.873 -18.022 -17.463 -17.636 -17.808 -17.929 -18.039 -17.7 -17.842 -17.962 -18.061 -18.229 -18.251 -18.42 -18.611
0.0408 -17.225 -17.176 -17.251 -17.444 -17.586 -17.725 -17.365 -17.466 -17.589 -17.731 -17.871 -18.02 -17.461 -17.634 -17.806 -17.926 -18.037 -17.698 -17.84 -17.96 -18.059 -18.227 -18.249 -18.418 -18.609
0.0418 -17.223 -17.174 -17.249 -17.442 -17.584 -17.723 -17.362 -17.464 -17.586 -17.728 -17.869 -18.017 -17.459 -17.632 -17.803 -17.924 -18.035 -17.695 -17.838 -17.958 -18.057 -18.225 -18.247 -18.416 -18.606
0.0428 -17.221 -17.172 -17.246 -17.439 -17.582 -17.721 -17.36 -17.462 -17.584 -17.726 -17.867 -18.015 -17.457 -17.629 -17.801 -17.922 -18.032 -17.693 -17.836 -17.955 -18.054 -18.223 -18.244 -18.414 -18.604
0.0438 -17.219 -17.169 -17.244 -17.437 -17.58 -17.719 -17.358 -17.46 -17.582 -17.724 -17.864 -18.013 -17.454 -17.627 -17.799 -17.92 -18.03 -17.691 -17.833 -17.953 -18.052 -18.22 -18.242 -18.412 -18.602
0.0449 -17.217 -17.167 -17.242 -17.435 -17.577 -17.716 -17.356 -17.457 -17.58 -17.722 -17.862 -18.011 -17.452 -17.625 -17.797 -17.917 -18.028 -17.689 -17.831 -17.951 -18.05 -18.218 -18.24 -18.409 -18.6
0.046 -17.214 -17.165 -17.24 -17.433 -17.575 -17.714 -17.353 -17.455 -17.577 -17.719 -17.86 -18.008 -17.45 -17.623 -17.794 -17.915 -18.026 -17.686 -17.829 -17.949 -18.048 -18.216 -18.238 -18.407 -18.597
0.0471 -17.202 -17.152 -17.227 -17.42 -17.563 -17.702 -17.341 -17.443 -17.565 -17.707 -17.847 -17.996 -17.438 -17.61 -17.782 -17.903 -18.013 -17.674 -17.816 -17.936 -18.035 -18.204 -18.225 -18.395 -18.585
0.0482 -17.187 -17.138 -17.213 -17.406 -17.548 -17.687 -17.327 -17.428 -17.551 -17.693 -17.833 -17.982 -17.423 -17.596 -17.768 -17.888 -17.999 -17.66 -17.802 -17.922 -18.021 -18.189 -18.211 -18.38 -18.571
0.0494 -17.173 -17.124 -17.199 -17.391 -17.534 -17.673 -17.312 -17.414 -17.536 -17.678 -17.819 -17.967 -17.409 -17.581 -17.753 -17.874 -17.985 -17.645 -17.788 -17.908 -18.007 -18.175 -18.197 -18.366 -18.556
0.0506 -17.159 -17.109 -17.184 -17.377 -17.52 -17.659 -17.298 -17.399 -17.522 -17.664 -17.804 -17.953 -17.394 -17.567 -17.739 -17.86 -17.97 -17.631 -17.773 -17.893 -17.992 -18.16 -18.182 -18.352 -18.542
0.0518 -17.144 -17.095 -17.17 -17.363 -17.505 -17.644 -17.283 -17.385 -17.508 -17.649 -17.79 -17.938 -17.38 -17.553 -17.725 -17.845 -17.956 -17.616 -17.759 -17.879 -17.978 -18.146 -18.168 -18.337 -18.527
0.053 -17.13 -17.081 -17.155 -17.348 -17.491 -17.63 -17.269 -17.371 -17.493 -17.635 -17.776 -17.924 -17.366 -17.538 -17.71 -17.831 -17.941 -17.602 -17.745 -17.864 -17.963 -18.132 -18.153 -18.323 -18.513
0.0543 -17.116 -17.066 -17.141 -17.334 -17.476 -17.616 -17.255 -17.356 -17.479 -17.621 -17.761 -17.91 -17.351 -17.524 -17.696 -17.816 -17.927 -17.588 -17.73 -17.85 -17.949 -18.117 -18.139 -18.308 -18.499
0.0556 -17.101 -17.052 -17.127 -17.32 -17.462 -17.601 -17.24 -17.342 -17.464 -17.606 -17.747 -17.895 -17.337 -17.51 -17.681 -17.802 -17.913 -17.573 -17.716 -17.836 -17.935 -18.103 -18.125 -18.294 -18.484
0.057 -17.087 -17.037 -17.112 -17.305 -17.448 -17.587 -17.226 -17.328 -17.45 -17.592 -17.732 -17.881 -17.323 -17.495 -17.667 -17.788 -17.898 -17.559 -17.702 -17.821 -17.92 -18.089 -18.11 -18.28 -18.47
0.0584 -17.073 -17.023 -17.098 -17.291 -17.433 -17.572 -17.212 -17.313 -17.436 -17.578 -17.718 -17.867 -17.308 -17.481 -17.653 -17.773 -17.884 -17.545 -17.687 -17.807 -17.906 -18.074 -18.096 -18.265 -18.456
0.0598 -17.069 -17.02 -17.094 -17.287 -17.43 -17.569 -17.208 -17.31 -17.432 -17.574 -17.714 -17.863 -17.305 -17.477 -17.649 -17.77 -17.88 -17.541 -17.684 -17.803 -17.902 -18.071 -18.092 -18.262 -18.452
0.0612 -17.066 -17.016 -17.091 -17.284 -17.426 -17.565 -17.205 -17.306 -17.429 -17.571 -17.711 -17.86 -17.301 -17.474 -17.646 -17.766 -17.877 -17.538 -17.68 -17.8 -17.899 -18.067 -18.089 -18.258 -18.449
0.0627 -17.062 -17.013 -17.088 -17.281 -17.423 -17.562 -17.201 -17.303 -17.425 -17.567 -17.708 -17.856 -17.298 -17.47 -17.642 -17.763 -17.874 -17.534 -17.677 -17.797 -17.896 -18.064 -18.086 -18.255 -18.445
