web/models/grb/onaxis/8/grb_0.0000_100.0000_0.0000010.dat
# %ECSV 1.0
# ---
# datatype:
# - {name: time, datatype: float64}
# - {name: swift_uvot_uvw2, datatype: float64}
# - {name: swift_uvot_uvm2, datatype: float64}
# - {name: swift_uvot_uvw1, datatype: float64}
# - {name: swift_uvot_U, datatype: float64}
# - {name: swift_uvot_B, datatype: float64}
# - {name: swift_uvot_V, datatype: float64}
# - {name: swift_uvot_W, datatype: float64}
# - {name: johnson_U, datatype: float64}
# - {name: johnson_B, datatype: float64}
# - {name: johnson_V, datatype: float64}
# - {name: johnson_R, datatype: float64}
# - {name: johnson_I, datatype: float64}
# - {name: sdss_u, datatype: float64}
# - {name: sdss_g, datatype: float64}
# - {name: sdss_r, datatype: float64}
# - {name: sdss_i, datatype: float64}
# - {name: sdss_z, datatype: float64}
# - {name: PS1_g, datatype: float64}
# - {name: PS1_r, datatype: float64}
# - {name: PS1_i, datatype: float64}
# - {name: PS1_z, datatype: float64}
# - {name: PS1_Y, datatype: float64}
# - {name: PS1_w, datatype: float64}
# - {name: ATLAS_c, datatype: float64}
# - {name: ATLAS_o, datatype: float64}
# - {name: ukirt_J, datatype: float64}
# - {name: ukirt_H, datatype: float64}
# - {name: ukirt_K, datatype: float64}
# - {name: Clear, datatype: float64}
# meta: !!omap
# - comment: [E = 0.043396498804093575, Eta0 = 8.02, GammaB = 12.0, dL = 0.012188, epsb = 6.760829753919819e-06, epse = 0.1, n = 1e-06,
#     p = 2.15, theta_obs = 0.0, xiN = 1.0, z = 0.0, type = grb, E_kiso = 100.0]
# schema: astropy-2.0
time swift_uvot_uvw2 swift_uvot_uvm2 swift_uvot_uvw1 swift_uvot_U swift_uvot_B swift_uvot_V swift_uvot_W johnson_U johnson_B johnson_V johnson_R johnson_I sdss_u sdss_g sdss_r sdss_i sdss_z PS1_g PS1_r PS1_i PS1_z PS1_Y PS1_w ATLAS_c ATLAS_o ukirt_J ukirt_H ukirt_K Clear
[from data line 77]
0.0627 -3.002 -2.952 -3.027 -3.22 -3.362 -3.502 -3.141 -3.242 -3.365 -3.507 -3.647 -3.796 -3.237 -3.41 -3.582 -3.703 -3.813 -3.474 -3.616 -3.736 -3.835 -4.003 -3.58 -3.484 -3.637 -4.025 -4.194 -4.385 -3.67
0.0642 -2.92 -2.871 -2.946 -3.138 -3.281 -3.42 -3.059 -3.161 -3.283 -3.425 -3.566 -3.714 -3.156 -3.328 -3.5 -3.621 -3.732 -3.392 -3.535 -3.655 -3.754 -3.922 -3.498 -3.403 -3.556 -3.944 -4.113 -4.303 -3.588
0.0657 -2.839 -2.789 -2.864 -3.057 -3.199 -3.338 -2.978 -3.079 -3.202 -3.344 -3.484 -3.633 -3.074 -3.247 -3.419 -3.539 -3.65 -3.311 -3.453 -3.573 -3.672 -3.84 -3.416 -3.321 -3.474 -3.862 -4.031 -4.222 -3.507
0.0673 -2.757 -2.707 -2.782 -2.975 -3.118 -3.257 -2.896 -2.998 -3.12 -3.262 -3.402 -3.551 -2.993 -3.165 -3.337 -3.458 -3.568 -3.229 -3.372 -3.491 -3.59 -3.759 -3.335 -3.24 -3.392 -3.78 -3.95 -4.14 -3.425
0.0689 -2.675 -2.626 -2.701 -2.894 -3.036 -3.175 -2.814 -2.916 -3.038 -3.18 -3.321 -3.469 -2.911 -3.084 -3.255 -3.376 -3.487 -3.147 -3.29 -3.41 -3.509 -3.677 -3.253 -3.158 -3.311 -3.699 -3.868 -4.058 -3.343
0.0706 -2.602 -2.552 -2.627 -2.82 -2.963 -3.102 -2.741 -2.843 -2.965 -3.107 -3.247 -3.396 -2.838 -3.01 -3.182 -3.303 -3.413 -3.074 -3.216 -3.336 -3.435 -3.604 -3.18 -3.085 -3.237 -3.625 -3.795 -3.985 -3.27
0.0723 -2.548 -2.498 -2.573 -2.766 -2.909 -3.048 -2.687 -2.789 -2.911 -3.053 -3.193 -3.342 -2.783 -2.956 -3.128 -3.249 -3.359 -3.02 -3.162 -3.282 -3.381 -3.55 -3.126 -3.03 -3.183 -3.571 -3.741 -3.931 -3.216
0.0741 -2.494 -2.444 -2.519 -2.712 -2.855 -2.994 -2.633 -2.734 -2.857 -2.999 -3.139 -3.288 -2.729 -2.902 -3.074 -3.195 -3.305 -2.966 -3.108 -3.228 -3.327 -3.495 -3.072 -2.976 -3.129 -3.517 -3.687 -3.877 -3.162
0.0758 -2.44 -2.39 -2.465 -2.658 -2.8 -2.94 -2.579 -2.68 -2.803 -2.945 -3.085 -3.234 -2.675 -2.848 -3.02 -3.141 -3.251 -2.912 -3.054 -3.174 -3.273 -3.441 -3.018 -2.922 -3.075 -3.463 -3.632 -3.823 -3.108
0.0777 -2.386 -2.336 -2.411 -2.604 -2.746 -2.886 -2.525 -2.626 -2.749 -2.891 -3.031 -3.18 -2.621 -2.794 -2.966 -3.086 -3.197 -2.858 -3.0 -3.12 -3.219 -3.387 -2.964 -2.868 -3.021 -3.409 -3.578 -3.769 -3.054
0.0795 -2.332 -2.282 -2.357 -2.55 -2.692 -2.831 -2.471 -2.572 -2.695 -2.837 -2.977 -3.126 -2.567 -2.74 -2.912 -3.032 -3.143 -2.804 -2.946 -3.066 -3.165 -3.333 -2.909 -2.814 -2.967 -3.355 -3.524 -3.715 -3.0
0.0815 -2.278 -2.228 -2.303 -2.496 -2.638 -2.777 -2.417 -2.518 -2.641 -2.783 -2.923 -3.072 -2.513 -2.686 -2.858 -2.978 -3.089 -2.75 -2.892 -3.012 -3.111 -3.279 -2.855 -2.76 -2.913 -3.301 -3.47 -3.661 -2.946
0.0834 -2.224 -2.174 -2.249 -2.442 -2.584 -2.723 -2.363 -2.464 -2.587 -2.729 -2.869 -3.018 -2.459 -2.632 -2.804 -2.924 -3.035 -2.696 -2.838 -2.958 -3.057 -3.225 -2.801 -2.706 -2.859 -3.247 -3.416 -3.607 -2.892
0.0854 -2.169 -2.12 -2.195 -2.388 -2.53 -2.669 -2.309 -2.41 -2.533 -2.675 -2.815 -2.964 -2.405 -2.578 -2.75 -2.87 -2.981 -2.642 -2.784 -2.904 -3.003 -3.171 -2.747 -2.652 -2.805 -3.193 -3.362 -3.553 -2.838
0.0875 -2.115 -2.066 -2.141 -2.334 -2.476 -2.615 -2.255 -2.356 -2.479 -2.62 -2.761 -2.91 -2.351 -2.524 -2.696 -2.816 -2.927 -2.587 -2.73 -2.85 -2.949 -3.117 -2.693 -2.598 -2.751 -3.139 -3.308 -3.499 -2.784
0.0896 -2.069 -2.02 -2.095 -2.288 -2.43 -2.569 -2.209 -2.31 -2.433 -2.574 -2.715 -2.864 -2.305 -2.478 -2.65 -2.77 -2.881 -2.541 -2.684 -2.804 -2.903 -3.071 -2.647 -2.552 -2.705 -3.093 -3.262 -3.453 -2.738
0.0918 -2.028 -1.979 -2.053 -2.246 -2.389 -2.528 -2.167 -2.269 -2.391 -2.533 -2.674 -2.822 -2.264 -2.436 -2.608 -2.729 -2.84 -2.5 -2.643 -2.762 -2.862 -3.03 -2.606 -2.511 -2.664 -3.051 -3.221 -3.411 -2.696
0.094 -1.987 -1.937 -2.012 -2.205 -2.347 -2.487 -2.126 -2.227 -2.35 -2.492 -2.632 -2.781 -2.222 -2.395 -2.567 -2.688 -2.798 -2.459 -2.601 -2.721 -2.82 -2.988 -2.565 -2.469 -2.622 -3.01 -3.179 -3.37 -2.655
0.0963 -1.945 -1.896 -1.971 -2.164 -2.306 -2.445 -2.084 -2.186 -2.308 -2.45 -2.591 -2.739 -2.181 -2.354 -2.525 -2.646 -2.757 -2.417 -2.56 -2.68 -2.779 -2.947 -2.523 -2.428 -2.581 -2.969 -3.138 -3.328 -2.613
0.0986 -1.904 -1.854 -1.929 -2.122 -2.265 -2.404 -2.043 -2.145 -2.267 -2.409 -2.549 -2.698 -2.14 -2.312 -2.484 -2.605 -2.715 -2.376 -2.519 -2.638 -2.737 -2.906 -2.482 -2.387 -2.539 -2.927 -3.097 -3.287 -2.572
0.101 -1.863 -1.813 -1.888 -2.081 -2.223 -2.362 -2.002 -2.103 -2.226 -2.368 -2.508 -2.657 -2.098 -2.271 -2.443 -2.563 -2.674 -2.335 -2.477 -2.597 -2.696 -2.864 -2.44 -2.345 -2.498 -2.886 -3.055 -3.246 -2.531
0.1034 -1.821 -1.772 -1.847 -2.039 -2.182 -2.321 -1.96 -2.062 -2.184 -2.326 -2.467 -2.615 -2.057 -2.229 -2.401 -2.522 -2.633 -2.293 -2.436 -2.556 -2.655 -2.823 -2.399 -2.304 -2.457 -2.845 -3.014 -3.204 -2.489
0.1059 -1.78 -1.73 -1.805 -1.998 -2.141 -2.28 -1.919 -2.02 -2.143 -2.285 -2.425 -2.574 -2.015 -2.188 -2.36 -2.481 -2.591 -2.252 -2.394 -2.514 -2.613 -2.781 -2.358 -2.262 -2.415 -2.803 -2.973 -3.163 -2.448
0.1084 -1.738 -1.689 -1.764 -1.957 -2.099 -2.238 -1.877 -1.979 -2.102 -2.243 -2.384 -2.532 -1.974 -2.147 -2.318 -2.439 -2.55 -2.21 -2.353 -2.473 -2.572 -2.74 -2.316 -2.221 -2.374 -2.762 -2.931 -3.121 -2.406
0.1111 -1.697 -1.648 -1.722 -1.915 -2.058 -2.197 -1.836 -1.938 -2.06 -2.202 -2.342 -2.491 -1.933 -2.105 -2.277 -2.398 -2.508 -2.169 -2.312 -2.431 -2.53 -2.699 -2.275 -2.18 -2.332 -2.72 -2.89 -3.08 -2.365
0.1137 -1.678 -1.628 -1.703 -1.896 -2.039 -2.178 -1.817 -1.919 -2.041 -2.183 -2.323 -2.472 -1.914 -2.086 -2.258 -2.379 -2.489 -2.15 -2.293 -2.412 -2.511 -2.68 -2.256 -2.161 -2.313 -2.701 -2.871 -3.061 -2.346
0.1165 -1.659 -1.61 -1.685 -1.878 -2.02 -2.159 -1.798 -1.9 -2.023 -2.164 -2.305 -2.453 -1.895 -2.068 -2.24 -2.36 -2.471 -2.131 -2.274 -2.394 -2.493 -2.661 -2.237 -2.142 -2.295 -2.683 -2.852 -3.043 -2.328
0.1193 -1.641 -1.591 -1.666 -1.859 -2.002 -2.141 -1.78 -1.882 -2.004 -2.146 -2.286 -2.435 -1.877 -2.049 -2.221 -2.342 -2.452 -2.113 -2.256 -2.375 -2.474 -2.643 -2.219 -2.124 -2.276 -2.664 -2.834 -3.024 -2.309
0.1222 -1.622 -1.573 -1.648 -1.841 -1.983 -2.122 -1.761 -1.863 -1.986 -2.127 -2.268 -2.416 -1.858 -2.031 -2.203 -2.323 -2.434 -2.094 -2.237 -2.357 -2.456 -2.624 -2.2 -2.105 -2.258 -2.646 -2.815 -3.005 -2.29
0.1251 -1.604 -1.554 -1.629 -1.822 -1.965 -2.104 -1.743 -1.845 -1.967 -2.109 -2.249 -2.398 -1.84 -2.012 -2.184 -2.305 -2.415 -2.076 -2.218 -2.338 -2.437 -2.606 -2.182 -2.087 -2.239 -2.627 -2.797 -2.987 -2.272
0.1281 -1.585 -1.536 -1.611 -1.804 -1.946 -2.085 -1.724 -1.826 -1.949 -2.09 -2.231 -2.379 -1.821 -1.994 -2.165 -2.286 -2.397 -2.057 -2.2 -2.32 -2.419 -2.587 -2.163 -2.068 -2.221 -2.609 -2.778 -2.968 -2.253
0.1312 -1.567 -1.517 -1.592 -1.785 -1.928 -2.067 -1.706 -1.808 -1.93 -2.072 -2.212 -2.361 -1.803 -1.975 -2.147 -2.268 -2.378 -2.039 -2.181 -2.301 -2.4 -2.569 -2.145 -2.05 -2.202 -2.59 -2.76 -2.95 -2.235
0.1344 -1.548 -1.499 -1.574 -1.767 -1.909 -2.048 -1.687 -1.789 -1.911 -2.053 -2.194 -2.342 -1.784 -1.957 -2.128 -2.249 -2.36 -2.02 -2.163 -2.283 -2.382 -2.55 -2.126 -2.031 -2.184 -2.572 -2.741 -2.931 -2.216
0.1376 -1.53 -1.48 -1.555 -1.748 -1.891 -2.03 -1.669 -1.771 -1.893 -2.035 -2.175 -2.324 -1.766 -1.938 -2.11 -2.231 -2.341 -2.002 -2.144 -2.264 -2.363 -2.532 -2.108 -2.013 -2.165 -2.553 -2.723 -2.913 -2.198
0.141 -1.517 -1.468 -1.543 -1.736 -1.878 -2.017 -1.656 -1.758 -1.88 -2.022 -2.163 -2.311 -1.753 -1.926 -2.097 -2.218 -2.329 -1.989 -2.132 -2.252 -2.351 -2.519 -2.095 -2.0 -2.153 -2.541 -2.71 -2.9 -2.185
0.1444 -1.518 -1.468 -1.543 -1.736 -1.878 -2.017 -1.657 -1.758 -1.881 -2.023 -2.163 -2.312 -1.753 -1.926 -2.098 -2.218 -2.329 -1.99 -2.132 -2.252 -2.351 -2.519 -2.095 -2.0 -2.153 -2.541 -2.71 -2.901 -2.186
0.1478 -1.518 -1.468 -1.543 -1.736 -1.879 -2.018 -1.657 -1.759 -1.881 -2.023 -2.163 -2.312 -1.754 -1.926 -2.098 -2.219 -2.329 -1.99 -2.132 -2.252 -2.351 -2.52 -2.096 -2.001 -2.153 -2.541 -2.711 -2.901 -2.186
0.1514 -1.518 -1.469 -1.544 -1.736 -1.879 -2.018 -1.657 -1.759 -1.881 -2.023 -2.164 -2.312 -1.754 -1.926 -2.098 -2.219 -2.33 -1.99 -2.133 -2.253 -2.352 -2.52 -2.096 -2.001 -2.154 -2.542 -2.711 -2.901 -2.186
0.1551 -1.518 -1.469 -1.544 -1.737 -1.879 -2.018 -1.657 -1.759 -1.882 -2.023 -2.164 -2.312 -1.754 -1.927 -2.099 -2.219 -2.33 -1.99 -2.133 -2.253 -2.352 -2.52 -2.096 -2.001 -2.154 -2.542 -2.711 -2.902 -2.187
0.1588 -1.519 -1.469 -1.544 -1.737 -1.879 -2.019 -1.658 -1.759 -1.882 -2.024 -2.164 -2.313 -1.754 -1.927 -2.099 -2.22 -2.33 -1.991 -2.133 -2.253 -2.352 -2.52 -2.097 -2.001 -2.154 -2.542 -2.711 -2.902 -2.187
0.1626 -1.519 -1.47 -1.544 -1.737 -1.88 -2.019 -1.658 -1.76 -1.882 -2.024 -2.164 -2.313 -1.755 -1.927 -2.099 -2.22 -2.33 -1.991 -2.134 -2.253 -2.352 -2.521 -2.097 -2.002 -2.154 -2.542 -2.712 -2.902 -2.187
0.1666 -1.519 -1.47 -1.545 -1.738 -1.88 -2.019 -1.658 -1.76 -1.882 -2.024 -2.165 -2.313 -1.755 -1.928 -2.099 -2.22 -2.331 -1.991 -2.134 -2.254 -2.353 -2.521 -2.097 -2.002 -2.155 -2.543 -2.712 -2.902 -2.187
0.1706 -1.52 -1.47 -1.545 -1.738 -1.88 -2.019 -1.659 -1.76 -1.883 -2.025 -2.165 -2.314 -1.755 -1.928 -2.1 -2.22 -2.331 -1.992 -2.134 -2.254 -2.353 -2.521 -2.097 -2.002 -2.155 -2.543 -2.712 -2.903 -2.188
0.1747 -1.52 -1.47 -1.545 -1.738 -1.881 -2.02 -1.659 -1.761 -1.883 -2.025 -2.165 -2.314 -1.756 -1.928 -2.1 -2.221 -2.331 -1.992 -2.134 -2.254 -2.353 -2.522 -2.098 -2.003 -2.155 -2.543 -2.713 -2.903 -2.188
0.1789 -1.525 -1.476 -1.551 -1.744 -1.886 -2.025 -1.665 -1.766 -1.889 -2.031 -2.171 -2.32 -1.761 -1.934 -2.106 -2.226 -2.337 -1.998 -2.14 -2.26 -2.359 -2.527 -2.103 -2.008 -2.161 -2.549 -2.718 -2.909 -2.194
0.1832 -1.534 -1.484 -1.559 -1.752 -1.895 -2.034 -1.673 -1.775 -1.897 -2.039 -2.179 -2.328 -1.77 -1.942 -2.114 -2.235 -2.345 -2.006 -2.149 -2.268 -2.367 -2.536 -2.112 -2.017 -2.169 -2.557 -2.727 -2.917 -2.202
0.1876 -1.542 -1.493 -1.568 -1.761 -1.903 -2.042 -1.681 -1.783 -1.905 -2.047 -2.188 -2.336 -1.778 -1.951 -2.122 -2.243 -2.354 -2.014 -2.157 -2.277 -2.376 -2.544 -2.12 -2.025 -2.178 -2.566 -2.735 -2.925 -2.21
0.1922 -1.551 -1.501 -1.576 -1.769 -1.912 -2.051 -1.69 -1.792 -1.914 -2.056 -2.196 -2.345 -1.786 -1.959 -2.131 -2.252 -2.362 -2.023 -2.165 -2.285 -2.384 -2.552 -2.129 -2.033 -2.186 -2.574 -2.744 -2.934 -2.219
0.1968 -1.559 -1.51 -1.585 -1.778 -1.92 -2.059 -1.698 -1.8 -1.922 -2.064 -2.205 -2.353 -1.795 -1.967 -2.139 -2.26 -2.371 -2.031 -2.174 -2.294 -2.393 -2.561 -2.137 -2.042 -2.195 -2.583 -2.752 -2.942 -2.227
0.2015 -1.568 -1.518 -1.593 -1.786 -1.928 -2.068 -1.707 -1.808 -1.931 -2.073 -2.213 -2.362 -1.803 -1.976 -2.148 -2.268 -2.379 -2.04 -2.182 -2.302 -2.401 -2.569 -2.146 -2.05 -2.203 -2.591 -2.76 -2.951 -2.236
0.2064 -1.576 -1.527 -1.601 -1.794 -1.937 -2.076 -1.715 -1.817 -1.939 -2.081 -2.222 -2.37 -1.812 -1.984 -2.156 -2.277 -2.388 -2.048 -2.191 -2.31 -2.41 -2.578 -2.154 -2.059 -2.212 -2.599 -2.769 -2.959 -2.244
0.2114 -1.584 -1.535 -1.61 -1.803 -1.945 -2.084 -1.724 -1.825 -1.948 -2.09 -2.23 -2.379 -1.82 -1.993 -2.165 -2.285 -2.396 -2.057 -2.199 -2.319 -2.418 -2.586 -2.162 -2.067 -2.22 -2.608 -2.777 -2.968 -2.253
0.2165 -1.593 -1.543 -1.618 -1.811 -1.954 -2.093 -1.732 -1.834 -1.956 -2.098 -2.238 -2.387 -1.829 -2.001 -2.173 -2.294 -2.404 -2.065 -2.208 -2.327 -2.426 -2.595 -2.171 -2.076 -2.228 -2.616 -2.786 -2.976 -2.261
0.2217 -1.601 -1.552 -1.627 -1.82 -1.962 -2.101 -1.74 -1.842 -1.965 -2.106 -2.247 -2.395 -1.837 -2.01 -2.181 -2.302 -2.413 -2.073 -2.216 -2.336 -2.435 -2.603 -2.179 -2.084 -2.237 -2.625 -2.794 -2.984 -2.269
0.2271 -1.614 -1.565 -1.64 -1.833 -1.975 -2.114 -1.753 -1.855 -1.977 -2.119 -2.26 -2.408 -1.85 -2.022 -2.194 -2.315 -2.426 -2.086 -2.229 -2.349 -2.448 -2.616 -2.192 -2.097 -2.25 -2.638 -2.807 -2.997 -2.282
0.2325 -1.627 -1.578 -1.652 -1.845 -1.988 -2.127 -1.766 -1.868 -1.99 -2.132 -2.272 -2.421 -1.863 -2.035 -2.207 -2.328 -2.438 -2.099 -2.242 -2.361 -2.46 -2.629 -2.205 -2.11 -2.262 -2.65 -2.82 -3.01 -2.295
0.2381 -1.64 -1.59 -1.665 -1.858 -2.001 -2.14 -1.779 -1.881 -2.003 -2.145 -2.285 -2.434 -1.875 -2.048 -2.22 -2.341 -2.451 -2.112 -2.254 -2.374 -2.473 -2.642 -2.218 -2.122 -2.275 -2.663 -2.833 -3.023 -2.308
0.2439 -1.653 -1.603 -1.678 -1.871 -2.013 -2.152 -1.792 -1.893 -2.016 -2.158 -2.298 -2.447 -1.888 -2.061 -2.233 -2.353 -2.464 -2.125 -2.267 -2.387 -2.486 -2.654 -2.23 -2.135 -2.288 -2.676 -2.845 -3.036 -2.321
0.2498 -1.665 -1.616 -1.691 -1.884 -2.026 -2.165 -1.804 -1.906 -2.029 -2.17 -2.311 -2.459 -1.901 -2.074 -2.246 -2.366 -2.477 -2.137 -2.28 -2.4 -2.499 -2.667 -2.243 -2.148 -2.301 -2.689 -2.858 -3.049 -2.334
0.2558 -1.678 -1.629 -1.704 -1.897 -2.039 -2.178 -1.817 -1.919 -2.041 -2.183 -2.324 -2.472 -1.914 -2.086 -2.258 -2.379 -2.49 -2.15 -2.293 -2.413 -2.512 -2.68 -2.256 -2.161 -2.314 -2.702 -2.871 -3.061 -2.346
0.262 -1.691 -1.642 -1.716 -1.909 -2.052 -2.191 -1.83 -1.932 -2.054 -2.196 -2.337 -2.485 -1.927 -2.099 -2.271 -2.392 -2.502 -2.163 -2.306 -2.425 -2.524 -2.693 -2.269 -2.174 -2.326 -2.714 -2.884 -3.074 -2.359
0.2683 -1.704 -1.654 -1.729 -1.922 -2.065 -2.204 -1.843 -1.945 -2.067 -2.209 -2.349 -2.498 -1.94 -2.112 -2.284 -2.405 -2.515 -2.176 -2.318 -2.438 -2.537 -2.706 -2.282 -2.187 -2.339 -2.727 -2.897 -3.087 -2.372
0.2748 -1.717 -1.667 -1.742 -1.935 -2.077 -2.217 -1.856 -1.957 -2.08 -2.222 -2.362 -2.511 -1.952 -2.125 -2.297 -2.417 -2.528 -2.189 -2.331 -2.451 -2.55 -2.718 -2.295 -2.199 -2.352 -2.74 -2.909 -3.1 -2.385
0.2814 -1.729 -1.68 -1.755 -1.948 -2.09 -2.229 -1.868 -1.97 -2.093 -2.234 -2.375 -2.523 -1.965 -2.138 -2.31 -2.43 -2.541 -2.201 -2.344 -2.464 -2.563 -2.731 -2.307 -2.212 -2.365 -2.753 -2.922 -3.113 -2.398
0.2882 -1.742 -1.693 -1.767 -1.96 -2.103 -2.242 -1.881 -1.983 -2.105 -2.247 -2.388 -2.536 -1.978 -2.15 -2.322 -2.443 -2.554 -2.214 -2.357 -2.477 -2.576 -2.744 -2.32 -2.225 -2.378 -2.765 -2.935 -3.125 -2.41
0.2951 -1.755 -1.705 -1.78 -1.973 -2.115 -2.255 -1.894 -1.995 -2.118 -2.26 -2.4 -2.549 -1.99 -2.163 -2.335 -2.456 -2.566 -2.227 -2.369 -2.489 -2.588 -2.756 -2.333 -2.237 -2.39 -2.778 -2.947 -3.138 -2.423
0.3022 -1.767 -1.718 -1.793 -1.986 -2.128 -2.267 -1.906 -2.008 -2.131 -2.272 -2.413 -2.561 -2.003 -2.176 -2.348 -2.468 -2.579 -2.239 -2.382 -2.502 -2.601 -2.769 -2.345 -2.25 -2.403 -2.791 -2.96 -3.151 -2.436
0.3095 -1.78 -1.731 -1.805 -1.998 -2.141 -2.28 -1.919 -2.021 -2.143 -2.285 -2.426 -2.574 -2.016 -2.188 -2.36 -2.481 -2.592 -2.252 -2.395 -2.514 -2.614 -2.782 -2.358 -2.263 -2.416 -2.803 -2.973 -3.163 -2.448
0.317 -1.793 -1.743 -1.818 -2.011 -2.153 -2.293 -1.932 -2.033 -2.156 -2.298 -2.438 -2.587 -2.028 -2.201 -2.373 -2.494 -2.604 -2.265 -2.407 -2.527 -2.626 -2.794 -2.371 -2.275 -2.428 -2.816 -2.985 -3.176 -2.461
0.3247 -1.805 -1.756 -1.831 -2.024 -2.166 -2.305 -1.944 -2.046 -2.169 -2.31 -2.451 -2.599 -2.041 -2.214 -2.386 -2.506 -2.617 -2.277 -2.42 -2.54 -2.639 -2.807 -2.383 -2.288 -2.441 -2.829 -2.998 -3.189 -2.474
0.3325 -1.818 -1.769 -1.843 -2.036 -2.179 -2.318 -1.957 -2.059 -2.181 -2.323 -2.464 -2.612 -2.054 -2.226 -2.398 -2.519 -2.63 -2.29 -2.433 -2.552 -2.652 -2.82 -2.396 -2.301 -2.454 -2.841 -3.011 -3.201 -2.486
0.3405 -1.831 -1.781 -1.856 -2.049 -2.191 -2.331 -1.97 -2.071 -2.194 -2.336 -2.476 -2.625 -2.066 -2.239 -2.411 -2.532 -2.642 -2.303 -2.445 -2.565 -2.664 -2.832 -2.409 -2.313 -2.466 -2.854 -3.023 -3.214 -2.499
0.3487 -1.843 -1.794 -1.869 -2.062 -2.204 -2.343 -1.982 -2.084 -2.207 -2.348 -2.489 -2.637 -2.079 -2.252 -2.424 -2.544 -2.655 -2.315 -2.458 -2.578 -2.677 -2.845 -2.421 -2.326 -2.479 -2.867 -3.036 -3.226 -2.511
0.3571 -1.853 -1.804 -1.879 -2.072 -2.214 -2.353 -1.992 -2.094 -2.216 -2.358 -2.499 -2.647 -2.089 -2.262 -2.433 -2.554 -2.665 -2.325 -2.468 -2.588 -2.687 -2.855 -2.431 -2.336 -2.489 -2.877 -3.046 -3.236 -2.521
0.3657 -1.862 -1.812 -1.887 -2.08 -2.222 -2.362 -2.001 -2.102 -2.225 -2.367 -2.507 -2.656 -2.097 -2.27 -2.442 -2.563 -2.673 -2.334 -2.476 -2.596 -2.695 -2.863 -2.44 -2.344 -2.497 -2.885 -3.054 -3.245 -2.53
0.3746 -1.87 -1.821 -1.896 -2.088 -2.231 -2.37 -2.009 -2.111 -2.233 -2.375 -2.516 -2.664 -2.106 -2.278 -2.45 -2.571 -2.682 -2.342 -2.485 -2.605 -2.704 -2.872 -2.448 -2.353 -2.506 -2.894 -3.063 -3.253 -2.538
