web/models/grb/onaxis/8/grb_0.0000_372.7594_0.0039811.dat
# %ECSV 1.0
# ---
# datatype:
# - {name: time, datatype: float64}
# - {name: swift_uvot_uvw2, datatype: float64}
# - {name: swift_uvot_uvm2, datatype: float64}
# - {name: swift_uvot_uvw1, datatype: float64}
# - {name: swift_uvot_U, datatype: float64}
# - {name: swift_uvot_B, datatype: float64}
# - {name: swift_uvot_V, datatype: float64}
# - {name: swift_uvot_W, datatype: float64}
# - {name: johnson_U, datatype: float64}
# - {name: johnson_B, datatype: float64}
# - {name: johnson_V, datatype: float64}
# - {name: johnson_R, datatype: float64}
# - {name: johnson_I, datatype: float64}
# - {name: sdss_u, datatype: float64}
# - {name: sdss_g, datatype: float64}
# - {name: sdss_r, datatype: float64}
# - {name: sdss_i, datatype: float64}
# - {name: sdss_z, datatype: float64}
# - {name: PS1_g, datatype: float64}
# - {name: PS1_r, datatype: float64}
# - {name: PS1_i, datatype: float64}
# - {name: PS1_z, datatype: float64}
# - {name: PS1_Y, datatype: float64}
# - {name: ukirt_J, datatype: float64}
# - {name: ukirt_H, datatype: float64}
# - {name: ukirt_K, datatype: float64}
# meta: !!omap
# - comment: [E = 0.16176451642579392, Eta0 = 8.02, GammaB = 12.0, dL = 0.012188, epsb = 6.760829753919819e-06, epse = 0.1, n = 0.003981071705534973,
#     p = 2.15, theta_obs = 0.0, xiN = 1.0, z = 0.0, type = grb, E_kiso = 372.7593720314938]
# schema: astropy-2.0
time swift_uvot_uvw2 swift_uvot_uvm2 swift_uvot_uvw1 swift_uvot_U swift_uvot_B swift_uvot_V swift_uvot_W johnson_U johnson_B johnson_V johnson_R johnson_I sdss_u sdss_g sdss_r sdss_i sdss_z PS1_g PS1_r PS1_i PS1_z PS1_Y ukirt_J ukirt_H ukirt_K
[from data line 157]
0.422 -10.466 -10.416 -10.491 -10.684 -10.827 -10.966 -10.605 -10.707 -10.829 -10.971 -11.111 -11.26 -10.702 -10.874 -11.046 -11.167 -11.277 -10.938 -11.081 -11.2 -11.299 -11.468 -11.489 -11.659 -11.849
0.4322 -10.463 -10.413 -10.488 -10.681 -10.823 -10.962 -10.602 -10.703 -10.826 -10.968 -11.108 -11.257 -10.698 -10.871 -11.043 -11.163 -11.274 -10.935 -11.077 -11.197 -11.296 -11.464 -11.486 -11.655 -11.846
0.4426 -10.459 -10.41 -10.485 -10.677 -10.82 -10.959 -10.598 -10.7 -10.822 -10.964 -11.105 -11.253 -10.695 -10.867 -11.039 -11.16 -11.271 -10.931 -11.074 -11.194 -11.293 -11.461 -11.483 -11.652 -11.842
0.4533 -10.456 -10.406 -10.481 -10.674 -10.816 -10.956 -10.595 -10.696 -10.819 -10.961 -11.101 -11.25 -10.691 -10.864 -11.036 -11.157 -11.267 -10.928 -11.07 -11.19 -11.289 -11.457 -11.479 -11.648 -11.839
0.4642 -10.455 -10.406 -10.481 -10.674 -10.816 -10.955 -10.594 -10.696 -10.818 -10.96 -11.101 -11.249 -10.691 -10.863 -11.035 -11.156 -11.267 -10.927 -11.07 -11.19 -11.289 -11.457 -11.479 -11.648 -11.838
0.4754 -10.455 -10.406 -10.481 -10.674 -10.816 -10.955 -10.595 -10.696 -10.819 -10.96 -11.101 -11.25 -10.691 -10.864 -11.036 -11.156 -11.267 -10.927 -11.07 -11.19 -11.289 -11.457 -11.479 -11.648 -11.839
0.4869 -10.456 -10.406 -10.481 -10.674 -10.816 -10.956 -10.595 -10.696 -10.819 -10.961 -11.101 -11.25 -10.691 -10.864 -11.036 -11.157 -11.267 -10.928 -11.07 -11.19 -11.289 -11.457 -11.479 -11.648 -11.839
0.4986 -10.456 -10.407 -10.481 -10.674 -10.817 -10.956 -10.595 -10.697 -10.819 -10.961 -11.102 -11.25 -10.692 -10.864 -11.036 -11.157 -11.267 -10.928 -11.071 -11.19 -11.289 -11.458 -11.479 -11.649 -11.839
0.5106 -10.456 -10.407 -10.482 -10.675 -10.817 -10.956 -10.595 -10.697 -10.819 -10.961 -11.102 -11.25 -10.692 -10.865 -11.036 -11.157 -11.268 -10.928 -11.071 -11.191 -11.29 -11.458 -11.48 -11.649 -11.839
0.523 -10.457 -10.407 -10.482 -10.675 -10.817 -10.956 -10.596 -10.697 -10.82 -10.962 -11.102 -11.251 -10.692 -10.865 -11.037 -11.157 -11.268 -10.929 -11.071 -11.191 -11.29 -11.458 -11.48 -11.649 -11.84
0.5356 -10.457 -10.407 -10.482 -10.675 -10.818 -10.957 -10.596 -10.698 -10.82 -10.962 -11.102 -11.251 -10.693 -10.865 -11.037 -11.158 -11.268 -10.929 -11.071 -11.191 -11.29 -11.459 -11.48 -11.65 -11.84
0.5485 -10.457 -10.408 -10.483 -10.675 -10.818 -10.957 -10.596 -10.698 -10.82 -10.962 -11.103 -11.251 -10.693 -10.865 -11.037 -11.158 -11.269 -10.929 -11.072 -11.192 -11.291 -11.459 -11.481 -11.65 -11.84
0.5617 -10.457 -10.408 -10.483 -10.676 -10.818 -10.957 -10.597 -10.698 -10.821 -10.962 -11.103 -11.252 -10.693 -10.866 -11.038 -11.158 -11.269 -10.929 -11.072 -11.192 -11.291 -11.459 -11.481 -11.65 -11.841
0.5753 -10.458 -10.408 -10.483 -10.676 -10.818 -10.958 -10.597 -10.698 -10.821 -10.963 -11.103 -11.252 -10.693 -10.866 -11.038 -11.159 -11.269 -10.93 -11.072 -11.192 -11.291 -11.459 -11.481 -11.65 -11.841
0.5891 -10.447 -10.397 -10.472 -10.665 -10.807 -10.947 -10.586 -10.687 -10.81 -10.952 -11.092 -11.241 -10.682 -10.855 -11.027 -11.148 -11.258 -10.919 -11.061 -11.181 -11.28 -11.448 -11.47 -11.639 -11.83
0.6034 -10.435 -10.385 -10.46 -10.653 -10.795 -10.935 -10.574 -10.675 -10.798 -10.94 -11.08 -11.229 -10.67 -10.843 -11.015 -11.135 -11.246 -10.907 -11.049 -11.169 -11.268 -11.436 -11.458 -11.627 -11.818
0.6179 -10.423 -10.373 -10.448 -10.641 -10.783 -10.922 -10.562 -10.663 -10.786 -10.928 -11.068 -11.217 -10.658 -10.831 -11.003 -11.123 -11.234 -10.895 -11.037 -11.157 -11.256 -11.424 -11.446 -11.615 -11.806
0.6328 -10.41 -10.361 -10.436 -10.629 -10.771 -10.91 -10.55 -10.651 -10.774 -10.916 -11.056 -11.205 -10.646 -10.819 -10.991 -11.111 -11.222 -10.883 -11.025 -11.145 -11.244 -11.412 -11.434 -11.603 -11.794
0.6481 -10.398 -10.349 -10.424 -10.617 -10.759 -10.898 -10.537 -10.639 -10.762 -10.903 -11.044 -11.192 -10.634 -10.807 -10.979 -11.099 -11.21 -10.87 -11.013 -11.133 -11.232 -11.4 -11.422 -11.591 -11.781
0.6637 -10.386 -10.337 -10.412 -10.605 -10.747 -10.886 -10.525 -10.627 -10.749 -10.891 -11.032 -11.18 -10.622 -10.795 -10.966 -11.087 -11.198 -10.858 -11.001 -11.121 -11.22 -11.388 -11.41 -11.579 -11.769
0.6797 -10.374 -10.325 -10.4 -10.593 -10.735 -10.874 -10.513 -10.615 -10.737 -10.879 -11.02 -11.168 -10.61 -10.783 -10.954 -11.075 -11.186 -10.846 -10.989 -11.109 -11.208 -11.376 -11.398 -11.567 -11.757
0.6961 -10.362 -10.313 -10.388 -10.58 -10.723 -10.862 -10.501 -10.603 -10.725 -10.867 -11.008 -11.156 -10.598 -10.77 -10.942 -11.063 -11.174 -10.834 -10.977 -11.097 -11.196 -11.364 -11.386 -11.555 -11.745
0.7129 -10.35 -10.301 -10.375 -10.568 -10.711 -10.85 -10.489 -10.591 -10.713 -10.855 -10.996 -11.144 -10.586 -10.758 -10.93 -11.051 -11.162 -10.822 -10.965 -11.084 -11.184 -11.352 -11.373 -11.543 -11.733
0.7301 -10.338 -10.288 -10.363 -10.556 -10.698 -10.837 -10.477 -10.578 -10.701 -10.843 -10.983 -11.132 -10.573 -10.746 -10.918 -11.038 -11.149 -10.81 -10.952 -11.072 -11.171 -11.339 -11.361 -11.53 -11.721
0.7477 -10.319 -10.269 -10.344 -10.537 -10.679 -10.819 -10.458 -10.559 -10.682 -10.824 -10.964 -11.113 -10.554 -10.727 -10.899 -11.02 -11.13 -10.791 -10.933 -11.053 -11.152 -11.32 -11.342 -11.511 -11.702
0.7658 -10.3 -10.25 -10.325 -10.518 -10.661 -10.8 -10.439 -10.54 -10.663 -10.805 -10.945 -11.094 -10.535 -10.708 -10.88 -11.001 -11.111 -10.772 -10.914 -11.034 -11.133 -11.301 -11.323 -11.493 -11.683
0.7842 -10.281 -10.231 -10.306 -10.499 -10.642 -10.781 -10.42 -10.522 -10.644 -10.786 -10.926 -11.075 -10.517 -10.689 -10.861 -10.982 -11.092 -10.753 -10.895 -11.015 -11.114 -11.283 -11.304 -11.474 -11.664
0.8032 -10.262 -10.212 -10.287 -10.48 -10.623 -10.762 -10.401 -10.503 -10.625 -10.767 -10.907 -11.056 -10.498 -10.67 -10.842 -10.963 -11.073 -10.734 -10.877 -10.996 -11.095 -11.264 -11.285 -11.455 -11.645
0.8225 -10.243 -10.194 -10.268 -10.461 -10.604 -10.743 -10.382 -10.484 -10.606 -10.748 -10.889 -11.037 -10.479 -10.651 -10.823 -10.944 -11.054 -10.715 -10.858 -10.977 -11.076 -11.245 -11.266 -11.436 -11.626
0.8424 -10.224 -10.175 -10.249 -10.442 -10.585 -10.724 -10.363 -10.465 -10.587 -10.729 -10.87 -11.018 -10.46 -10.632 -10.804 -10.925 -11.036 -10.696 -10.839 -10.959 -11.058 -11.226 -11.248 -11.417 -11.607
0.8627 -10.205 -10.156 -10.231 -10.424 -10.566 -10.705 -10.344 -10.446 -10.568 -10.71 -10.851 -10.999 -10.441 -10.613 -10.785 -10.906 -11.017 -10.677 -10.82 -10.94 -11.039 -11.207 -11.229 -11.398 -11.588
0.8835 -10.186 -10.137 -10.212 -10.405 -10.547 -10.686 -10.325 -10.427 -10.549 -10.691 -10.832 -10.98 -10.422 -10.595 -10.766 -10.887 -10.998 -10.658 -10.801 -10.921 -11.02 -11.188 -11.21 -11.379 -11.569
0.9048 -10.167 -10.118 -10.193 -10.386 -10.528 -10.667 -10.306 -10.408 -10.53 -10.672 -10.813 -10.961 -10.403 -10.576 -10.747 -10.868 -10.979 -10.639 -10.782 -10.902 -11.001 -11.169 -11.191 -11.36 -11.55
0.9266 -10.148 -10.099 -10.173 -10.366 -10.509 -10.648 -10.287 -10.389 -10.511 -10.653 -10.794 -10.942 -10.384 -10.556 -10.728 -10.849 -10.959 -10.62 -10.763 -10.882 -10.981 -11.15 -11.171 -11.341 -11.531
0.949 -10.127 -10.078 -10.152 -10.345 -10.488 -10.627 -10.266 -10.368 -10.49 -10.632 -10.773 -10.921 -10.363 -10.535 -10.707 -10.828 -10.939 -10.599 -10.742 -10.862 -10.961 -11.129 -11.151 -11.32 -11.51
0.9719 -10.106 -10.057 -10.132 -10.325 -10.467 -10.606 -10.245 -10.347 -10.469 -10.611 -10.752 -10.9 -10.342 -10.514 -10.686 -10.807 -10.918 -10.578 -10.721 -10.841 -10.94 -11.108 -11.13 -11.299 -11.489
0.9953 -10.085 -10.036 -10.111 -10.304 -10.446 -10.585 -10.224 -10.326 -10.448 -10.59 -10.731 -10.879 -10.321 -10.494 -10.665 -10.786 -10.897 -10.557 -10.7 -10.82 -10.919 -11.087 -11.109 -11.278 -11.468
1.0194 -10.064 -10.015 -10.09 -10.283 -10.425 -10.564 -10.203 -10.305 -10.428 -10.569 -10.71 -10.858 -10.3 -10.473 -10.645 -10.765 -10.876 -10.536 -10.679 -10.799 -10.898 -11.066 -11.088 -11.257 -11.447
1.0439 -10.043 -9.994 -10.069 -10.262 -10.404 -10.543 -10.183 -10.284 -10.407 -10.549 -10.689 -10.838 -10.279 -10.452 -10.624 -10.744 -10.855 -10.516 -10.658 -10.778 -10.877 -11.045 -11.067 -11.236 -11.427
1.0691 -10.023 -9.973 -10.048 -10.241 -10.383 -10.522 -10.162 -10.263 -10.386 -10.528 -10.668 -10.817 -10.258 -10.431 -10.603 -10.723 -10.834 -10.495 -10.637 -10.757 -10.856 -11.024 -11.046 -11.215 -11.406
1.0949 -10.002 -9.952 -10.027 -10.22 -10.362 -10.502 -10.141 -10.242 -10.365 -10.507 -10.647 -10.796 -10.237 -10.41 -10.582 -10.702 -10.813 -10.474 -10.616 -10.736 -10.835 -11.003 -11.025 -11.194 -11.385
1.1213 -9.981 -9.931 -10.006 -10.199 -10.342 -10.481 -10.12 -10.221 -10.344 -10.486 -10.626 -10.775 -10.216 -10.389 -10.561 -10.682 -10.792 -10.453 -10.595 -10.715 -10.814 -10.982 -11.004 -11.174 -11.364
1.1484 -9.96 -9.91 -9.985 -10.178 -10.321 -10.46 -10.099 -10.201 -10.323 -10.465 -10.605 -10.754 -10.196 -10.368 -10.54 -10.661 -10.771 -10.432 -10.574 -10.694 -10.793 -10.962 -10.983 -11.153 -11.343
1.1761 -9.936 -9.886 -9.961 -10.154 -10.297 -10.436 -10.075 -10.177 -10.299 -10.441 -10.581 -10.73 -10.172 -10.344 -10.516 -10.637 -10.747 -10.408 -10.55 -10.67 -10.769 -10.938 -10.959 -11.129 -11.319
1.2044 -9.906 -9.856 -9.931 -10.124 -10.266 -10.406 -10.045 -10.146 -10.269 -10.411 -10.551 -10.7 -10.141 -10.314 -10.486 -10.607 -10.717 -10.378 -10.52 -10.64 -10.739 -10.907 -10.929 -11.098 -11.289
1.2335 -9.876 -9.826 -9.901 -10.094 -10.236 -10.376 -10.015 -10.116 -10.239 -10.381 -10.521 -10.67 -10.111 -10.284 -10.456 -10.576 -10.687 -10.348 -10.49 -10.61 -10.709 -10.877 -10.899 -11.068 -11.259
1.2633 -9.846 -9.796 -9.871 -10.064 -10.206 -10.345 -9.985 -10.086 -10.209 -10.351 -10.491 -10.64 -10.081 -10.254 -10.426 -10.546 -10.657 -10.318 -10.46 -10.58 -10.679 -10.847 -10.869 -11.038 -11.229
1.2937 -9.815 -9.766 -9.841 -10.034 -10.176 -10.315 -9.955 -10.056 -10.179 -10.321 -10.461 -10.61 -10.051 -10.224 -10.396 -10.516 -10.627 -10.288 -10.43 -10.55 -10.649 -10.817 -10.839 -11.008 -11.199
1.3249 -9.785 -9.736 -9.811 -10.004 -10.146 -10.285 -9.924 -10.026 -10.149 -10.29 -10.431 -10.58 -10.021 -10.194 -10.366 -10.486 -10.597 -10.257 -10.4 -10.52 -10.619 -10.787 -10.809 -10.978 -11.169
1.3569 -9.755 -9.706 -9.781 -9.974 -10.116 -10.255 -9.894 -9.996 -10.119 -10.26 -10.401 -10.549 -9.991 -10.164 -10.335 -10.456 -10.567 -10.227 -10.37 -10.49 -10.589 -10.757 -10.779 -10.948 -11.138
1.3896 -9.725 -9.676 -9.751 -9.944 -10.086 -10.225 -9.864 -9.966 -10.088 -10.23 -10.371 -10.519 -9.961 -10.134 -10.305 -10.426 -10.537 -10.197 -10.34 -10.46 -10.559 -10.727 -10.749 -10.918 -11.108
1.4232 -9.695 -9.646 -9.721 -9.914 -10.056 -10.195 -9.834 -9.936 -10.058 -10.2 -10.341 -10.489 -9.931 -10.103 -10.275 -10.396 -10.507 -10.167 -10.31 -10.43 -10.529 -10.697 -10.719 -10.888 -11.078
1.4575 -9.665 -9.616 -9.691 -9.883 -10.026 -10.165 -9.804 -9.906 -10.028 -10.17 -10.311 -10.459 -9.901 -10.073 -10.245 -10.366 -10.477 -10.137 -10.28 -10.4 -10.499 -10.667 -10.689 -10.858 -11.048
1.4927 -9.631 -9.582 -9.657 -9.85 -9.992 -10.131 -9.77 -9.872 -9.994 -10.136 -10.277 -10.425 -9.867 -10.039 -10.211 -10.332 -10.443 -10.103 -10.246 -10.366 -10.465 -10.633 -10.655 -10.824 -11.014
1.5287 -9.593 -9.544 -9.619 -9.812 -9.954 -10.093 -9.732 -9.834 -9.956 -10.098 -10.239 -10.387 -9.829 -10.001 -10.173 -10.294 -10.405 -10.065 -10.208 -10.328 -10.427 -10.595 -10.617 -10.786 -10.976
1.5655 -9.555 -9.506 -9.581 -9.773 -9.916 -10.055 -9.694 -9.796 -9.918 -10.06 -10.201 -10.349 -9.791 -9.963 -10.135 -10.256 -10.367 -10.027 -10.17 -10.29 -10.389 -10.557 -10.579 -10.748 -10.938
1.6033 -9.517 -9.468 -9.543 -9.735 -9.878 -10.017 -9.656 -9.758 -9.88 -10.022 -10.163 -10.311 -9.753 -9.925 -10.097 -10.218 -10.329 -9.989 -10.132 -10.252 -10.351 -10.519 -10.541 -10.71 -10.9
1.642 -9.479 -9.43 -9.504 -9.697 -9.84 -9.979 -9.618 -9.72 -9.842 -9.984 -10.125 -10.273 -9.715 -9.887 -10.059 -10.18 -10.291 -9.951 -10.094 -10.214 -10.313 -10.481 -10.503 -10.672 -10.862
1.6816 -9.441 -9.392 -9.466 -9.659 -9.802 -9.941 -9.58 -9.682 -9.804 -9.946 -10.087 -10.235 -9.677 -9.849 -10.021 -10.142 -10.253 -9.913 -10.056 -10.176 -10.275 -10.443 -10.465 -10.634 -10.824
1.7222 -9.403 -9.354 -9.428 -9.621 -9.764 -9.903 -9.542 -9.644 -9.766 -9.908 -10.049 -10.197 -9.639 -9.811 -9.983 -10.104 -10.215 -9.875 -10.018 -10.137 -10.237 -10.405 -10.426 -10.596 -10.786
1.7637 -9.365 -9.316 -9.39 -9.583 -9.726 -9.865 -9.504 -9.606 -9.728 -9.87 -10.011 -10.159 -9.601 -9.773 -9.945 -10.066 -10.177 -9.837 -9.98 -10.099 -10.198 -10.367 -10.388 -10.558 -10.748
1.8062 -9.327 -9.278 -9.352 -9.545 -9.688 -9.827 -9.466 -9.568 -9.69 -9.832 -9.973 -10.121 -9.563 -9.735 -9.907 -10.028 -10.138 -9.799 -9.942 -10.061 -10.16 -10.329 -10.35 -10.52 -10.71
1.8498 -9.289 -9.24 -9.314 -9.507 -9.65 -9.789 -9.428 -9.53 -9.652 -9.794 -9.935 -10.083 -9.525 -9.697 -9.869 -9.99 -10.1 -9.761 -9.904 -10.023 -10.122 -10.291 -10.312 -10.482 -10.672
1.8944 -9.25 -9.2 -9.275 -9.468 -9.611 -9.75 -9.389 -9.491 -9.613 -9.755 -9.895 -10.044 -9.486 -9.658 -9.83 -9.951 -10.061 -9.722 -9.864 -9.984 -10.083 -10.252 -10.273 -10.443 -10.633
1.9401 -9.21 -9.161 -9.235 -9.428 -9.571 -9.71 -9.349 -9.451 -9.573 -9.715 -9.856 -10.004 -9.446 -9.618 -9.79 -9.911 -10.022 -9.682 -9.825 -9.944 -10.043 -10.212 -10.233 -10.403 -10.593
1.9869 -9.17 -9.121 -9.196 -9.389 -9.531 -9.67 -9.309 -9.411 -9.533 -9.675 -9.816 -9.964 -9.406 -9.579 -9.75 -9.871 -9.982 -9.642 -9.785 -9.905 -10.004 -10.172 -10.194 -10.363 -10.553
2.0349 -9.13 -9.081 -9.156 -9.349 -9.491 -9.63 -9.269 -9.371 -9.494 -9.635 -9.776 -9.925 -9.366 -9.539 -9.711 -9.831 -9.942 -9.602 -9.745 -9.865 -9.964 -10.132 -10.154 -10.323 -10.514
2.084 -9.091 -9.041 -9.116 -9.309 -9.451 -9.59 -9.23 -9.331 -9.454 -9.596 -9.736 -9.885 -9.326 -9.499 -9.671 -9.791 -9.902 -9.563 -9.705 -9.825 -9.924 -10.092 -10.114 -10.283 -10.474
2.1342 -9.051 -9.001 -9.076 -9.269 -9.412 -9.551 -9.19 -9.292 -9.414 -9.556 -9.696 -9.845 -9.286 -9.459 -9.631 -9.752 -9.862 -9.523 -9.665 -9.785 -9.884 -10.053 -10.074 -10.244 -10.434
2.1857 -9.011 -8.962 -9.036 -9.229 -9.372 -9.511 -9.15 -9.252 -9.374 -9.516 -9.656 -9.805 -9.247 -9.419 -9.591 -9.712 -9.822 -9.483 -9.626 -9.745 -9.844 -10.013 -10.034 -10.204 -10.394
2.2384 -8.971 -8.922 -8.997 -9.19 -9.332 -9.471 -9.11 -9.212 -9.334 -9.476 -9.617 -9.765 -9.207 -9.379 -9.551 -9.672 -9.783 -9.443 -9.586 -9.706 -9.805 -9.973 -9.995 -10.164 -10.354
2.2924 -8.931 -8.882 -8.957 -9.15 -9.292 -9.431 -9.07 -9.172 -9.295 -9.436 -9.577 -9.725 -9.167 -9.34 -9.511 -9.632 -9.743 -9.403 -9.546 -9.666 -9.765 -9.933 -9.955 -10.124 -10.314
2.3477 -8.892 -8.842 -8.917 -9.11 -9.252 -9.391 -9.031 -9.132 -9.255 -9.397 -9.537 -9.686 -9.127 -9.3 -9.472 -9.592 -9.703 -9.364 -9.506 -9.626 -9.725 -9.893 -9.915 -10.084 -10.275
2.4044 -8.844 -8.795 -8.87 -9.063 -9.205 -9.344 -8.983 -9.085 -9.207 -9.349 -9.49 -9.638 -9.08 -9.253 -9.424 -9.545 -9.656 -9.316 -9.459 -9.579 -9.678 -9.846 -9.868 -10.037 -10.227
2.4624 -8.795 -8.745 -8.82 -9.013 -9.156 -9.295 -8.934 -9.036 -9.158 -9.3 -9.44 -9.589 -9.031 -9.203 -9.375 -9.496 -9.606 -9.267 -9.409 -9.529 -9.628 -9.797 -9.818 -9.988 -10.178
2.5218 -8.745 -8.696 -8.771 -8.964 -9.106 -9.245 -8.885 -8.986 -9.109 -9.25 -9.391 -9.54 -8.981 -9.154 -9.326 -9.446 -9.557 -9.217 -9.36 -9.48 -9.579 -9.747 -9.769 -9.938 -10.129
2.5826 -8.696 -8.647 -8.721 -8.914 -9.057 -9.196 -8.835 -8.937 -9.059 -9.201 -9.342 -9.49 -8.932 -9.104 -9.276 -9.397 -9.507 -9.168 -9.311 -9.43 -9.529 -9.698 -9.719 -9.889 -10.079
2.6449 -8.647 -8.597 -8.672 -8.865 -9.007 -9.146 -8.786 -8.887 -9.01 -9.152 -9.292 -9.441 -8.882 -9.055 -9.227 -9.347 -9.458 -9.119 -9.261 -9.381 -9.48 -9.648 -9.67 -9.839 -10.03
2.7087 -8.597 -8.548 -8.623 -8.815 -8.958 -9.097 -8.736 -8.838 -8.96 -9.102 -9.243 -9.391 -8.833 -9.005 -9.177 -9.298 -9.409 -9.069 -9.212 -9.332 -9.431 -9.599 -9.621 -9.79 -9.98
2.7741 -8.548 -8.498 -8.573 -8.766 -8.908 -9.048 -8.687 -8.788 -8.911 -9.053 -9.193 -9.342 -8.783 -8.956 -9.128 -9.249 -9.359 -9.02 -9.162 -9.282 -9.381 -9.549 -9.571 -9.74 -9.931
2.841 -8.498 -8.449 -8.524 -8.717 -8.859 -8.998 -8.637 -8.739 -8.861 -9.003 -9.144 -9.292 -8.734 -8.907 -9.078 -9.199 -9.31 -8.97 -9.113 -9.233 -9.332 -9.5 -9.522 -9.691 -9.881
