web/models/grb/onaxis/8/grb_0.0000_2.6827_0.0003981.dat
# %ECSV 1.0
# ---
# datatype:
# - {name: time, datatype: float64}
# - {name: swift_uvot_uvw2, datatype: float64}
# - {name: swift_uvot_uvm2, datatype: float64}
# - {name: swift_uvot_uvw1, datatype: float64}
# - {name: swift_uvot_U, datatype: float64}
# - {name: swift_uvot_B, datatype: float64}
# - {name: swift_uvot_V, datatype: float64}
# - {name: swift_uvot_W, datatype: float64}
# - {name: johnson_U, datatype: float64}
# - {name: johnson_B, datatype: float64}
# - {name: johnson_V, datatype: float64}
# - {name: johnson_R, datatype: float64}
# - {name: johnson_I, datatype: float64}
# - {name: sdss_u, datatype: float64}
# - {name: sdss_g, datatype: float64}
# - {name: sdss_r, datatype: float64}
# - {name: sdss_i, datatype: float64}
# - {name: sdss_z, datatype: float64}
# - {name: PS1_g, datatype: float64}
# - {name: PS1_r, datatype: float64}
# - {name: PS1_i, datatype: float64}
# - {name: PS1_z, datatype: float64}
# - {name: PS1_Y, datatype: float64}
# - {name: ukirt_J, datatype: float64}
# - {name: ukirt_H, datatype: float64}
# - {name: ukirt_K, datatype: float64}
# meta: !!omap
# - comment: [E = 0.0011641960487160344, Eta0 = 8.02, GammaB = 12.0, dL = 0.012188, epsb = 6.760829753919819e-06, epse = 0.1, n = 0.00039810717055349735,
#     p = 2.15, theta_obs = 0.0, xiN = 1.0, z = 0.0, type = grb, E_kiso = 2.6826957952797246]
# schema: astropy-2.0
time swift_uvot_uvw2 swift_uvot_uvm2 swift_uvot_uvw1 swift_uvot_U swift_uvot_B swift_uvot_V swift_uvot_W johnson_U johnson_B johnson_V johnson_R johnson_I sdss_u sdss_g sdss_r sdss_i sdss_z PS1_g PS1_r PS1_i PS1_z PS1_Y ukirt_J ukirt_H ukirt_K
[from data line 179]
0.7129 -2.085 -2.035 -2.11 -2.303 -2.446 -2.585 -2.224 -2.326 -2.448 -2.59 -2.73 -2.879 -2.321 -2.493 -2.665 -2.786 -2.896 -2.557 -2.699 -2.819 -2.918 -3.087 -3.108 -3.278 -3.468
0.7301 -2.047 -1.997 -2.072 -2.265 -2.408 -2.547 -2.186 -2.288 -2.41 -2.552 -2.692 -2.841 -2.282 -2.455 -2.627 -2.748 -2.858 -2.519 -2.661 -2.781 -2.88 -3.049 -3.07 -3.24 -3.43
0.7477 -2.009 -1.959 -2.034 -2.227 -2.37 -2.509 -2.148 -2.249 -2.372 -2.514 -2.654 -2.803 -2.244 -2.417 -2.589 -2.71 -2.82 -2.481 -2.623 -2.743 -2.842 -3.01 -3.032 -3.202 -3.392
0.7658 -1.971 -1.921 -1.996 -2.189 -2.331 -2.471 -2.11 -2.211 -2.334 -2.476 -2.616 -2.765 -2.206 -2.379 -2.551 -2.672 -2.782 -2.443 -2.585 -2.705 -2.804 -2.972 -2.994 -3.163 -3.354
0.7842 -1.932 -1.882 -1.957 -2.15 -2.293 -2.432 -2.071 -2.173 -2.295 -2.437 -2.577 -2.726 -2.168 -2.34 -2.512 -2.633 -2.743 -2.404 -2.547 -2.666 -2.765 -2.934 -2.955 -3.125 -3.315
0.8032 -1.892 -1.843 -1.918 -2.11 -2.253 -2.392 -2.031 -2.133 -2.255 -2.397 -2.538 -2.686 -2.128 -2.3 -2.472 -2.593 -2.704 -2.364 -2.507 -2.627 -2.726 -2.894 -2.916 -3.085 -3.275
0.8225 -1.852 -1.803 -1.878 -2.071 -2.213 -2.352 -1.991 -2.093 -2.215 -2.357 -2.498 -2.646 -2.088 -2.261 -2.432 -2.553 -2.664 -2.324 -2.467 -2.587 -2.686 -2.854 -2.876 -3.045 -3.235
0.8424 -1.813 -1.763 -1.838 -2.031 -2.173 -2.312 -1.952 -2.053 -2.176 -2.318 -2.458 -2.607 -2.048 -2.221 -2.393 -2.513 -2.624 -2.285 -2.427 -2.547 -2.646 -2.814 -2.836 -3.005 -3.196
0.8627 -1.773 -1.723 -1.798 -1.991 -2.133 -2.273 -1.912 -2.013 -2.136 -2.278 -2.418 -2.567 -2.008 -2.181 -2.353 -2.474 -2.584 -2.245 -2.387 -2.507 -2.606 -2.774 -2.796 -2.965 -3.156
0.8835 -1.733 -1.683 -1.758 -1.951 -2.094 -2.233 -1.872 -1.974 -2.096 -2.238 -2.378 -2.527 -1.969 -2.141 -2.313 -2.434 -2.544 -2.205 -2.347 -2.467 -2.566 -2.735 -2.756 -2.926 -3.116
0.9048 -1.693 -1.644 -1.718 -1.911 -2.054 -2.193 -1.832 -1.934 -2.056 -2.198 -2.339 -2.487 -1.929 -2.101 -2.273 -2.394 -2.505 -2.165 -2.308 -2.428 -2.527 -2.695 -2.717 -2.886 -3.076
0.9266 -1.653 -1.604 -1.679 -1.872 -2.014 -2.153 -1.792 -1.894 -2.016 -2.158 -2.299 -2.447 -1.889 -2.062 -2.233 -2.354 -2.465 -2.125 -2.268 -2.388 -2.487 -2.655 -2.677 -2.846 -3.036
0.949 -1.613 -1.564 -1.639 -1.832 -1.974 -2.113 -1.753 -1.854 -1.977 -2.118 -2.259 -2.408 -1.849 -2.022 -2.194 -2.314 -2.425 -2.085 -2.228 -2.348 -2.447 -2.615 -2.637 -2.806 -2.997
0.9719 -1.574 -1.524 -1.599 -1.792 -1.934 -2.074 -1.713 -1.814 -1.937 -2.079 -2.219 -2.368 -1.809 -1.982 -2.154 -2.274 -2.385 -2.046 -2.188 -2.308 -2.407 -2.575 -2.597 -2.766 -2.957
0.9953 -1.528 -1.479 -1.554 -1.747 -1.889 -2.028 -1.667 -1.769 -1.892 -2.033 -2.174 -2.322 -1.764 -1.937 -2.108 -2.229 -2.34 -2.0 -2.143 -2.263 -2.362 -2.53 -2.552 -2.721 -2.911
1.0194 -1.479 -1.429 -1.504 -1.697 -1.84 -1.979 -1.618 -1.72 -1.842 -1.984 -2.124 -2.273 -1.715 -1.887 -2.059 -2.18 -2.29 -1.951 -2.094 -2.213 -2.312 -2.481 -2.502 -2.672 -2.862
1.0439 -1.429 -1.38 -1.455 -1.648 -1.79 -1.929 -1.569 -1.67 -1.793 -1.935 -2.075 -2.224 -1.665 -1.838 -2.01 -2.13 -2.241 -1.902 -2.044 -2.164 -2.263 -2.431 -2.453 -2.622 -2.813
1.0691 -1.38 -1.331 -1.405 -1.598 -1.741 -1.88 -1.519 -1.621 -1.743 -1.885 -2.026 -2.174 -1.616 -1.788 -1.96 -2.081 -2.192 -1.852 -1.995 -2.114 -2.213 -2.382 -2.403 -2.573 -2.763
1.0949 -1.331 -1.281 -1.356 -1.549 -1.691 -1.83 -1.47 -1.571 -1.694 -1.836 -1.976 -2.125 -1.566 -1.739 -1.911 -2.031 -2.142 -1.803 -1.945 -2.065 -2.164 -2.332 -2.354 -2.523 -2.714
1.1213 -1.281 -1.232 -1.307 -1.5 -1.642 -1.781 -1.42 -1.522 -1.644 -1.786 -1.927 -2.075 -1.517 -1.689 -1.861 -1.982 -2.093 -1.753 -1.896 -2.016 -2.115 -2.283 -2.305 -2.474 -2.664
1.1484 -1.232 -1.182 -1.257 -1.45 -1.592 -1.732 -1.371 -1.472 -1.595 -1.737 -1.877 -2.026 -1.467 -1.64 -1.812 -1.933 -2.043 -1.704 -1.846 -1.966 -2.065 -2.233 -2.255 -2.424 -2.615
1.1761 -1.182 -1.133 -1.208 -1.401 -1.543 -1.682 -1.321 -1.423 -1.545 -1.687 -1.828 -1.976 -1.418 -1.591 -1.762 -1.883 -1.994 -1.654 -1.797 -1.917 -2.016 -2.184 -2.206 -2.375 -2.565
1.2044 -1.133 -1.083 -1.158 -1.351 -1.494 -1.633 -1.272 -1.374 -1.496 -1.638 -1.778 -1.927 -1.369 -1.541 -1.713 -1.834 -1.944 -1.605 -1.747 -1.867 -1.966 -2.135 -2.156 -2.326 -2.516
1.2335 -1.083 -1.034 -1.109 -1.302 -1.444 -1.583 -1.223 -1.324 -1.447 -1.588 -1.729 -1.878 -1.319 -1.492 -1.664 -1.784 -1.895 -1.555 -1.698 -1.818 -1.917 -2.085 -2.107 -2.276 -2.467
1.2633 -1.029 -0.979 -1.054 -1.247 -1.39 -1.529 -1.168 -1.27 -1.392 -1.534 -1.674 -1.823 -1.264 -1.437 -1.609 -1.73 -1.84 -1.501 -1.643 -1.763 -1.862 -2.031 -2.052 -2.222 -2.412
1.2937 -0.972 -0.923 -0.997 -1.19 -1.333 -1.472 -1.111 -1.213 -1.335 -1.477 -1.618 -1.766 -1.208 -1.38 -1.552 -1.673 -1.784 -1.444 -1.587 -1.706 -1.805 -1.974 -1.995 -2.165 -2.355
1.3249 -0.915 -0.866 -0.941 -1.134 -1.276 -1.415 -1.054 -1.156 -1.278 -1.42 -1.561 -1.709 -1.151 -1.324 -1.495 -1.616 -1.727 -1.387 -1.53 -1.65 -1.749 -1.917 -1.939 -2.108 -2.298
1.3569 -0.859 -0.809 -0.884 -1.077 -1.219 -1.358 -0.998 -1.099 -1.222 -1.364 -1.504 -1.653 -1.094 -1.267 -1.439 -1.559 -1.67 -1.331 -1.473 -1.593 -1.692 -1.86 -1.882 -2.051 -2.242
1.3896 -0.802 -0.752 -0.827 -1.02 -1.163 -1.302 -0.941 -1.043 -1.165 -1.307 -1.447 -1.596 -1.038 -1.21 -1.382 -1.503 -1.613 -1.274 -1.416 -1.536 -1.635 -1.804 -1.825 -1.995 -2.185
1.4232 -0.745 -0.696 -0.77 -0.963 -1.106 -1.245 -0.884 -0.986 -1.108 -1.25 -1.391 -1.539 -0.981 -1.153 -1.325 -1.446 -1.557 -1.217 -1.36 -1.479 -1.579 -1.747 -1.768 -1.938 -2.128
1.4575 -0.688 -0.639 -0.714 -0.907 -1.049 -1.188 -0.827 -0.929 -1.051 -1.193 -1.334 -1.482 -0.924 -1.097 -1.268 -1.389 -1.5 -1.16 -1.303 -1.423 -1.522 -1.69 -1.712 -1.881 -2.071
1.4927 -0.632 -0.582 -0.657 -0.85 -0.992 -1.131 -0.771 -0.872 -0.995 -1.137 -1.277 -1.426 -0.867 -1.04 -1.212 -1.332 -1.443 -1.104 -1.246 -1.366 -1.465 -1.633 -1.655 -1.824 -2.015
1.5287 -0.575 -0.525 -0.6 -0.793 -0.936 -1.075 -0.714 -0.816 -0.938 -1.08 -1.22 -1.369 -0.811 -0.983 -1.155 -1.276 -1.386 -1.047 -1.189 -1.309 -1.408 -1.577 -1.598 -1.768 -1.958
1.5655 -0.518 -0.469 -0.543 -0.736 -0.879 -1.018 -0.657 -0.759 -0.881 -1.023 -1.164 -1.312 -0.754 -0.926 -1.098 -1.219 -1.33 -0.99 -1.133 -1.253 -1.352 -1.52 -1.542 -1.711 -1.901
1.6033 -0.464 -0.414 -0.489 -0.682 -0.824 -0.964 -0.603 -0.704 -0.827 -0.969 -1.109 -1.258 -0.699 -0.872 -1.044 -1.164 -1.275 -0.936 -1.078 -1.198 -1.297 -1.465 -1.487 -1.656 -1.847
1.642 -0.41 -0.36 -0.435 -0.628 -0.77 -0.909 -0.549 -0.65 -0.773 -0.915 -1.055 -1.204 -0.645 -0.818 -0.99 -1.11 -1.221 -0.882 -1.024 -1.144 -1.243 -1.411 -1.433 -1.602 -1.793
1.6816 -0.356 -0.306 -0.381 -0.574 -0.716 -0.855 -0.495 -0.596 -0.719 -0.861 -1.001 -1.15 -0.591 -0.764 -0.936 -1.056 -1.167 -0.828 -0.97 -1.09 -1.189 -1.357 -1.379 -1.548 -1.739
1.7222 -0.301 -0.252 -0.327 -0.52 -0.662 -0.801 -0.441 -0.542 -0.665 -0.807 -0.947 -1.096 -0.537 -0.71 -0.882 -1.002 -1.113 -0.774 -0.916 -1.036 -1.135 -1.303 -1.325 -1.494 -1.685
1.7637 -0.247 -0.198 -0.273 -0.466 -0.608 -0.747 -0.387 -0.488 -0.611 -0.752 -0.893 -1.042 -0.483 -0.656 -0.828 -0.948 -1.059 -0.719 -0.862 -0.982 -1.081 -1.249 -1.271 -1.44 -1.631
1.8062 -0.193 -0.144 -0.219 -0.412 -0.554 -0.693 -0.332 -0.434 -0.557 -0.698 -0.839 -0.987 -0.429 -0.602 -0.774 -0.894 -1.005 -0.665 -0.808 -0.928 -1.027 -1.195 -1.217 -1.386 -1.577
1.8498 -0.139 -0.09 -0.165 -0.358 -0.5 -0.639 -0.278 -0.38 -0.503 -0.644 -0.785 -0.933 -0.375 -0.548 -0.719 -0.84 -0.951 -0.611 -0.754 -0.874 -0.973 -1.141 -1.163 -1.332 -1.522
1.8944 -0.085 -0.036 -0.111 -0.304 -0.446 -0.585 -0.224 -0.326 -0.448 -0.59 -0.731 -0.879 -0.321 -0.494 -0.665 -0.786 -0.897 -0.557 -0.7 -0.82 -0.919 -1.087 -1.109 -1.278 -1.468
1.9401 -0.031 0.018 -0.057 -0.25 -0.392 -0.531 -0.17 -0.272 -0.394 -0.536 -0.677 -0.825 -0.267 -0.44 -0.611 -0.732 -0.843 -0.503 -0.646 -0.766 -0.865 -1.033 -1.055 -1.224 -1.414
1.9869 0.023 0.072 -0.003 -0.196 -0.338 -0.477 -0.116 -0.218 -0.34 -0.482 -0.623 -0.771 -0.213 -0.386 -0.557 -0.678 -0.789 -0.449 -0.592 -0.712 -0.811 -0.979 -1.001 -1.17 -1.36
2.0349 0.074 0.123 0.048 -0.145 -0.287 -0.426 -0.066 -0.167 -0.29 -0.431 -0.572 -0.721 -0.162 -0.335 -0.507 -0.627 -0.738 -0.398 -0.541 -0.661 -0.76 -0.928 -0.95 -1.119 -1.31
2.084 0.124 0.174 0.099 -0.094 -0.236 -0.376 -0.015 -0.116 -0.239 -0.381 -0.521 -0.67 -0.111 -0.284 -0.456 -0.576 -0.687 -0.348 -0.49 -0.61 -0.709 -0.877 -0.899 -1.068 -1.259
2.1342 0.175 0.225 0.15 -0.043 -0.186 -0.325 0.036 -0.066 -0.188 -0.33 -0.47 -0.619 -0.061 -0.233 -0.405 -0.526 -0.636 -0.297 -0.439 -0.559 -0.658 -0.827 -0.848 -1.018 -1.208
2.1857 0.226 0.275 0.201 0.008 -0.135 -0.274 0.087 -0.015 -0.137 -0.279 -0.42 -0.568 -0.01 -0.182 -0.354 -0.475 -0.586 -0.246 -0.389 -0.508 -0.608 -0.776 -0.797 -0.967 -1.157
2.2384 0.277 0.326 0.251 0.058 -0.084 -0.223 0.138 0.036 -0.086 -0.228 -0.369 -0.517 0.041 -0.132 -0.303 -0.424 -0.535 -0.195 -0.338 -0.458 -0.557 -0.725 -0.747 -0.916 -1.106
2.2924 0.328 0.377 0.302 0.109 -0.033 -0.172 0.188 0.087 -0.036 -0.177 -0.318 -0.467 0.092 -0.081 -0.253 -0.373 -0.484 -0.144 -0.287 -0.407 -0.506 -0.674 -0.696 -0.865 -1.056
2.3477 0.378 0.428 0.353 0.16 0.018 -0.122 0.239 0.138 0.015 -0.127 -0.267 -0.416 0.143 -0.03 -0.202 -0.322 -0.433 -0.094 -0.236 -0.356 -0.455 -0.623 -0.645 -0.814 -1.005
2.4044 0.429 0.479 0.404 0.211 0.068 -0.071 0.29 0.188 0.066 -0.076 -0.216 -0.365 0.193 0.021 -0.151 -0.272 -0.382 -0.043 -0.185 -0.305 -0.404 -0.573 -0.594 -0.764 -0.954
2.4624 0.48 0.529 0.455 0.262 0.119 -0.02 0.341 0.239 0.117 -0.025 -0.166 -0.314 0.244 0.072 -0.1 -0.221 -0.332 0.008 -0.135 -0.255 -0.354 -0.522 -0.544 -0.713 -0.903
2.5218 0.532 0.581 0.506 0.313 0.171 0.032 0.392 0.291 0.168 0.027 -0.114 -0.263 0.296 0.123 -0.049 -0.169 -0.28 0.06 -0.083 -0.203 -0.302 -0.47 -0.492 -0.661 -0.852
2.5826 0.588 0.638 0.563 0.37 0.228 0.088 0.449 0.348 0.225 0.083 -0.057 -0.206 0.353 0.18 0.008 -0.113 -0.223 0.116 -0.026 -0.146 -0.245 -0.413 -0.435 -0.604 -0.795
2.6449 0.645 0.694 0.62 0.427 0.284 0.145 0.506 0.404 0.282 0.14 -0.001 -0.149 0.409 0.237 0.065 -0.056 -0.166 0.173 0.03 -0.089 -0.188 -0.357 -0.378 -0.548 -0.738
2.7087 0.702 0.751 0.676 0.483 0.341 0.202 0.563 0.461 0.339 0.197 0.056 -0.092 0.466 0.293 0.122 0.001 -0.11 0.23 0.087 -0.033 -0.132 -0.3 -0.322 -0.491 -0.681
2.7741 0.758 0.808 0.733 0.54 0.398 0.259 0.619 0.518 0.395 0.253 0.113 -0.036 0.523 0.35 0.178 0.058 -0.053 0.286 0.144 0.024 -0.075 -0.243 -0.265 -0.434 -0.625
2.841 0.815 0.865 0.79 0.597 0.454 0.315 0.676 0.574 0.452 0.31 0.17 0.021 0.579 0.407 0.235 0.114 0.004 0.343 0.201 0.081 -0.018 -0.187 -0.208 -0.378 -0.568
2.9095 0.872 0.921 0.846 0.654 0.511 0.372 0.733 0.631 0.509 0.367 0.226 0.078 0.636 0.464 0.292 0.171 0.06 0.4 0.257 0.137 0.038 -0.13 -0.152 -0.321 -0.511
2.9797 0.929 0.978 0.903 0.71 0.568 0.429 0.79 0.688 0.565 0.424 0.283 0.134 0.693 0.52 0.348 0.228 0.117 0.457 0.314 0.194 0.095 -0.073 -0.095 -0.264 -0.455
3.0516 0.985 1.035 0.96 0.767 0.625 0.485 0.846 0.745 0.622 0.48 0.34 0.191 0.75 0.577 0.405 0.284 0.174 0.513 0.371 0.251 0.152 -0.016 -0.038 -0.207 -0.398
3.1252 1.042 1.091 1.017 0.824 0.681 0.542 0.903 0.801 0.679 0.537 0.396 0.248 0.806 0.634 0.462 0.341 0.231 0.57 0.427 0.308 0.209 0.04 0.019 -0.151 -0.341
3.2006 1.099 1.149 1.074 0.881 0.738 0.599 0.96 0.858 0.736 0.594 0.454 0.305 0.863 0.691 0.519 0.398 0.288 0.627 0.485 0.365 0.266 0.097 0.076 -0.094 -0.284
3.2778 1.157 1.207 1.132 0.939 0.796 0.657 1.018 0.916 0.794 0.652 0.512 0.363 0.922 0.749 0.577 0.456 0.346 0.685 0.543 0.423 0.324 0.156 0.134 -0.036 -0.226
3.3569 1.215 1.265 1.19 0.997 0.855 0.715 1.076 0.975 0.852 0.71 0.57 0.421 0.98 0.807 0.635 0.515 0.404 0.743 0.601 0.481 0.382 0.214 0.192 0.023 -0.168
3.4378 1.273 1.323 1.248 1.055 0.913 0.774 1.134 1.033 0.91 0.768 0.628 0.479 1.038 0.865 0.693 0.573 0.462 0.801 0.659 0.539 0.44 0.272 0.25 0.081 -0.11
3.5208 1.332 1.381 1.306 1.113 0.971 0.832 1.192 1.091 0.968 0.827 0.686 0.537 1.096 0.923 0.751 0.631 0.52 0.86 0.717 0.597 0.498 0.33 0.308 0.139 -0.052
3.6057 1.39 1.439 1.364 1.171 1.029 0.89 1.251 1.149 1.027 0.885 0.744 0.596 1.154 0.981 0.81 0.689 0.578 0.918 0.775 0.655 0.556 0.388 0.366 0.197 0.007
3.6927 1.448 1.497 1.422 1.229 1.087 0.948 1.309 1.207 1.085 0.943 0.802 0.654 1.212 1.039 0.868 0.747 0.636 0.976 0.833 0.713 0.614 0.446 0.424 0.255 0.065
3.7818 1.506 1.555 1.48 1.288 1.145 1.006 1.367 1.265 1.143 1.001 0.86 0.712 1.27 1.098 0.926 0.805 0.694 1.034 0.891 0.771 0.672 0.504 0.482 0.313 0.123
3.873 1.564 1.613 1.539 1.346 1.203 1.064 1.425 1.323 1.201 1.059 0.918 0.77 1.328 1.156 0.984 0.863 0.753 1.092 0.949 0.83 0.731 0.562 0.541 0.371 0.181
3.9664 1.622 1.672 1.597 1.404 1.261 1.122 1.483 1.381 1.259 1.117 0.977 0.828 1.386 1.214 1.042 0.921 0.811 1.15 1.007 0.888 0.789 0.62 0.599 0.429 0.239
4.0621 1.681 1.731 1.656 1.463 1.32 1.181 1.542 1.441 1.318 1.176 1.036 0.887 1.446 1.273 1.101 0.98 0.87 1.209 1.067 0.947 0.848 0.68 0.658 0.488 0.298
4.1601 1.742 1.791 1.716 1.523 1.381 1.242 1.603 1.501 1.379 1.237 1.096 0.948 1.506 1.333 1.162 1.041 0.93 1.27 1.127 1.007 0.908 0.74 0.718 0.549 0.359
4.2604 1.802 1.852 1.777 1.584 1.442 1.302 1.663 1.562 1.439 1.297 1.157 1.008 1.567 1.394 1.222 1.101 0.991 1.33 1.188 1.068 0.969 0.801 0.779 0.61 0.419
4.3632 1.863 1.912 1.837 1.644 1.502 1.363 1.724 1.622 1.5 1.358 1.217 1.069 1.627 1.455 1.283 1.162 1.051 1.391 1.248 1.128 1.029 0.861 0.839 0.67 0.48
4.4685 1.923 1.973 1.898 1.705 1.563 1.423 1.784 1.683 1.56 1.418 1.278 1.129 1.688 1.515 1.343 1.222 1.112 1.451 1.309 1.189 1.09 0.922 0.9 0.731 0.54
4.5763 1.984 2.033 1.958 1.765 1.623 1.484 1.845 1.743 1.621 1.479 1.338 1.19 1.748 1.576 1.404 1.283 1.172 1.512 1.369 1.249 1.15 0.982 0.96 0.791 0.601
4.6867 2.044 2.094 2.019 1.826 1.684 1.544 1.905 1.804 1.681 1.539 1.399 1.25 1.809 1.636 1.464 1.344 1.233 1.572 1.43 1.31 1.211 1.043 1.021 0.852 0.661
4.7997 2.105 2.154 2.079 1.887 1.744 1.605 1.966 1.864 1.742 1.6 1.459 1.311 1.869 1.697 1.525 1.404 1.293 1.633 1.49 1.37 1.271 1.103 1.081 0.912 0.722
4.9155 2.165 2.215 2.14 1.947 1.805 1.665 2.026 1.925 1.802 1.66 1.52 1.371 1.93 1.757 1.585 1.465 1.354 1.693 1.551 1.431 1.332 1.164 1.142 0.973 0.782
5.0341 2.226 2.275 2.201 2.008 1.865 1.726 2.087 1.985 1.863 1.721 1.58 1.432 1.99 1.818 1.646 1.525 1.414 1.754 1.611 1.491 1.392 1.224 1.202 1.033 0.843
5.1555 2.285 2.335 2.26 2.067 1.924 1.785 2.146 2.044 1.922 1.78 1.64 1.491 2.049 1.877 1.705 1.584 1.474 1.813 1.671 1.551 1.452 1.283 1.262 1.092 0.902
5.2799 2.343 2.393 2.318 2.125 1.983 1.844 2.204 2.103 1.98 1.838 1.698 1.549 2.108 1.935 1.763 1.643 1.532 1.871 1.729 1.609 1.51 1.342 1.32 1.151 0.96
5.4072 2.402 2.451 2.376 2.183 2.041 1.902 2.263 2.161 2.039 1.897 1.756 1.608 2.166 1.994 1.822 1.701 1.59 1.93 1.787 1.667 1.568 1.4 1.378 1.209 1.019
5.5377 2.46 2.51 2.435 2.242 2.099 1.96 2.321 2.219 2.097 1.955 1.815 1.666 2.224 2.052 1.88 1.759 1.649 1.988 1.846 1.726 1.627 1.458 1.437 1.267 1.077
5.6713 2.518 2.568 2.493 2.3 2.158 2.019 2.379 2.278 2.155 2.013 1.873 1.724 2.283 2.11 1.938 1.818 1.707 2.046 1.904 1.784 1.685 1.517 1.495 1.326 1.135
5.8081 2.577 2.626 2.551 2.358 2.216 2.077 2.438 2.336 2.214 2.072 1.931 1.783 2.341 2.168 1.997 1.876 1.765 2.105 1.962 1.842 1.743 1.575 1.553 1.384 1.194
5.9482 2.635 2.685 2.61 2.417 2.274 2.135 2.496 2.394 2.272 2.13 1.99 1.841 2.399 2.227 2.055 1.934 1.824 2.163 2.02 1.901 1.802 1.633 1.612 1.442 1.252
6.0917 2.693 2.743 2.668 2.475 2.333 2.193 2.554 2.453 2.33 2.188 2.048 1.899 2.458 2.285 2.113 1.993 1.882 2.221 2.079 1.959 1.86 1.692 1.67 1.501 1.31
6.2386 2.752 2.801 2.726 2.533 2.391 2.252 2.613 2.511 2.389 2.247 2.106 1.958 2.516 2.343 2.172 2.051 1.94 2.28 2.137 2.017 1.918 1.75 1.728 1.559 1.369
6.3891 2.81 2.859 2.785 2.592 2.449 2.31 2.671 2.569 2.447 2.305 2.164 2.016 2.574 2.402 2.23 2.109 1.999 2.338 2.195 2.076 1.977 1.808 1.787 1.617 1.427
6.5433 2.865 2.915 2.84 2.647 2.504 2.365 2.726 2.624 2.502 2.36 2.22 2.071 2.629 2.457 2.285 2.164 2.054 2.393 2.251 2.131 2.032 1.863 1.842 1.672 1.482
