web/models/kne.last_good/kappa_0.5_3.0.v1/26/villar_0.5000_0.1083_0.5000.dat
# %ECSV 1.0
# ---
# datatype:
# - {name: time, datatype: float64}
# - {name: swift_uvot_uvw2, datatype: float64}
# - {name: swift_uvot_uvm2, datatype: float64}
# - {name: swift_uvot_uvw1, datatype: float64}
# - {name: swift_uvot_U, datatype: float64}
# - {name: swift_uvot_B, datatype: float64}
# - {name: swift_uvot_V, datatype: float64}
# - {name: swift_uvot_W, datatype: float64}
# - {name: johnson_U, datatype: float64}
# - {name: johnson_B, datatype: float64}
# - {name: johnson_V, datatype: float64}
# - {name: johnson_R, datatype: float64}
# - {name: johnson_I, datatype: float64}
# - {name: sdss_u, datatype: float64}
# - {name: sdss_g, datatype: float64}
# - {name: sdss_r, datatype: float64}
# - {name: sdss_i, datatype: float64}
# - {name: sdss_z, datatype: float64}
# - {name: PS1_g, datatype: float64}
# - {name: PS1_r, datatype: float64}
# - {name: PS1_i, datatype: float64}
# - {name: PS1_z, datatype: float64}
# - {name: PS1_Y, datatype: float64}
# - {name: PS1_w, datatype: float64}
# - {name: ATLAS_c, datatype: float64}
# - {name: ATLAS_o, datatype: float64}
# - {name: ukirt_J, datatype: float64}
# - {name: ukirt_H, datatype: float64}
# - {name: ukirt_K, datatype: float64}
# - {name: Clear, datatype: float64}
# meta: !!omap
# - comment: [kappa = 0.5, type = villar, mass = 0.5000000000045836, velocity = 0.10833333333333334, theta_obs = 0.0]
# schema: astropy-2.0
time swift_uvot_uvw2 swift_uvot_uvm2 swift_uvot_uvw1 swift_uvot_U swift_uvot_B swift_uvot_V swift_uvot_W johnson_U johnson_B johnson_V johnson_R johnson_I sdss_u sdss_g sdss_r sdss_i sdss_z PS1_g PS1_r PS1_i PS1_z PS1_Y PS1_w ATLAS_c ATLAS_o ukirt_J ukirt_H ukirt_K Clear
[from data line 282]
4.458044 -14.572 -14.957 -15.709 -16.797 -17.303 -17.572 -16.488 -16.895 -17.307 -17.574 -17.645 -17.589 -16.874 -17.412 -17.638 -17.649 -17.578 -17.463 -17.647 -17.658 -17.612 -17.585 -17.587 -17.526 -17.644 -17.284 -16.941 -16.477 -17.556
4.592874 -14.505 -14.886 -15.659 -16.771 -17.295 -17.577 -16.47 -16.872 -17.299 -17.579 -17.66 -17.613 -16.85 -17.409 -17.649 -17.668 -17.603 -17.462 -17.658 -17.677 -17.636 -17.612 -17.597 -17.53 -17.659 -17.317 -16.978 -16.517 -17.566
4.731783 -14.436 -14.811 -15.607 -16.743 -17.285 -17.58 -16.45 -16.847 -17.288 -17.583 -17.675 -17.636 -16.824 -17.403 -17.659 -17.686 -17.627 -17.459 -17.668 -17.696 -17.659 -17.637 -17.607 -17.532 -17.673 -17.349 -17.015 -16.557 -17.574
4.874892 -14.363 -14.732 -15.55 -16.711 -17.272 -17.582 -16.428 -16.819 -17.276 -17.585 -17.687 -17.658 -16.795 -17.396 -17.668 -17.703 -17.65 -17.454 -17.677 -17.713 -17.681 -17.662 -17.614 -17.532 -17.685 -17.38 -17.051 -16.597 -17.58
5.02233 -14.288 -14.648 -15.491 -16.677 -17.257 -17.581 -16.404 -16.788 -17.261 -17.585 -17.699 -17.678 -16.762 -17.386 -17.674 -17.718 -17.672 -17.447 -17.684 -17.728 -17.701 -17.686 -17.62 -17.53 -17.695 -17.411 -17.086 -16.636 -17.585
5.174227 -14.209 -14.56 -15.427 -16.639 -17.239 -17.579 -16.377 -16.753 -17.244 -17.583 -17.708 -17.697 -16.727 -17.374 -17.679 -17.732 -17.692 -17.437 -17.688 -17.742 -17.72 -17.708 -17.624 -17.525 -17.704 -17.44 -17.12 -16.674 -17.589
5.330718 -14.126 -14.466 -15.359 -16.597 -17.218 -17.574 -16.348 -16.716 -17.223 -17.579 -17.716 -17.715 -16.688 -17.36 -17.682 -17.744 -17.711 -17.425 -17.691 -17.754 -17.738 -17.729 -17.627 -17.519 -17.711 -17.469 -17.154 -16.712 -17.59
5.491942 -14.04 -14.367 -15.287 -16.552 -17.194 -17.567 -16.317 -16.674 -17.2 -17.572 -17.722 -17.731 -16.646 -17.342 -17.682 -17.755 -17.728 -17.41 -17.692 -17.765 -17.755 -17.749 -17.627 -17.51 -17.716 -17.496 -17.187 -16.749 -17.589
5.658042 -13.951 -14.262 -15.21 -16.503 -17.168 -17.557 -16.282 -16.629 -17.174 -17.563 -17.726 -17.746 -16.599 -17.322 -17.681 -17.763 -17.744 -17.393 -17.691 -17.774 -17.77 -17.767 -17.625 -17.499 -17.72 -17.523 -17.219 -16.785 -17.587
5.829166 -13.858 -14.151 -15.129 -16.45 -17.137 -17.545 -16.245 -16.58 -17.144 -17.552 -17.728 -17.759 -16.549 -17.299 -17.677 -17.77 -17.759 -17.373 -17.688 -17.781 -17.783 -17.784 -17.621 -17.485 -17.721 -17.548 -17.249 -16.82 -17.582
6.005465 -13.762 -14.033 -15.042 -16.393 -17.104 -17.53 -16.204 -16.527 -17.111 -17.537 -17.728 -17.77 -16.494 -17.272 -17.671 -17.775 -17.771 -17.349 -17.681 -17.786 -17.794 -17.8 -17.615 -17.468 -17.719 -17.572 -17.279 -16.855 -17.575
6.187096 -13.662 -13.908 -14.95 -16.33 -17.066 -17.511 -16.161 -16.469 -17.074 -17.519 -17.725 -17.779 -16.434 -17.242 -17.662 -17.777 -17.782 -17.322 -17.673 -17.788 -17.804 -17.813 -17.605 -17.449 -17.716 -17.594 -17.308 -16.889 -17.565
6.37422 -13.559 -13.776 -14.852 -16.263 -17.025 -17.49 -16.113 -16.406 -17.033 -17.498 -17.719 -17.787 -16.37 -17.208 -17.65 -17.777 -17.791 -17.292 -17.661 -17.789 -17.811 -17.825 -17.594 -17.425 -17.709 -17.615 -17.336 -16.921 -17.553
6.567004 -13.452 -13.636 -14.748 -16.19 -16.979 -17.465 -16.062 -16.338 -16.988 -17.474 -17.711 -17.792 -16.3 -17.17 -17.635 -17.775 -17.797 -17.258 -17.646 -17.787 -17.816 -17.835 -17.579 -17.399 -17.7 -17.635 -17.362 -16.953 -17.538
6.765619 -13.342 -13.488 -14.638 -16.111 -16.928 -17.436 -16.007 -16.264 -16.938 -17.446 -17.7 -17.794 -16.224 -17.128 -17.616 -17.769 -17.802 -17.219 -17.629 -17.782 -17.819 -17.843 -17.561 -17.369 -17.688 -17.653 -17.387 -16.984 -17.519
6.97024 -13.229 -13.33 -14.521 -16.026 -16.872 -17.403 -15.947 -16.184 -16.883 -17.414 -17.686 -17.794 -16.142 -17.081 -17.594 -17.761 -17.804 -17.176 -17.607 -17.774 -17.819 -17.848 -17.54 -17.334 -17.673 -17.669 -17.411 -17.013 -17.498
7.181051 -13.114 -13.162 -14.396 -15.934 -16.811 -17.365 -15.883 -16.098 -16.823 -17.378 -17.669 -17.792 -16.054 -17.03 -17.569 -17.75 -17.803 -17.129 -17.582 -17.763 -17.817 -17.851 -17.515 -17.296 -17.654 -17.683 -17.433 -17.042 -17.473
7.398237 -12.996 -12.985 -14.263 -15.835 -16.745 -17.323 -15.814 -16.004 -16.757 -17.337 -17.647 -17.786 -15.958 -16.973 -17.539 -17.735 -17.799 -17.077 -17.553 -17.749 -17.812 -17.852 -17.487 -17.252 -17.632 -17.695 -17.453 -17.069 -17.445
7.621991 -12.876 -12.796 -14.122 -15.728 -16.672 -17.276 -15.74 -15.904 -16.685 -17.291 -17.622 -17.778 -15.855 -16.91 -17.505 -17.717 -17.793 -17.019 -17.519 -17.731 -17.804 -17.85 -17.454 -17.204 -17.606 -17.705 -17.472 -17.095 -17.412
7.852513 -12.755 -12.595 -13.973 -15.613 -16.592 -17.224 -15.66 -15.795 -16.607 -17.239 -17.593 -17.766 -15.744 -16.841 -17.466 -17.695 -17.783 -16.955 -17.481 -17.71 -17.792 -17.844 -17.417 -17.151 -17.575 -17.712 -17.489 -17.119 -17.376
8.090007 -12.634 -12.381 -13.813 -15.489 -16.505 -17.166 -15.574 -15.677 -16.521 -17.182 -17.559 -17.751 -15.624 -16.766 -17.422 -17.668 -17.77 -16.885 -17.438 -17.684 -17.777 -17.836 -17.375 -17.091 -17.54 -17.717 -17.504 -17.141 -17.335
8.334684 -12.512 -12.153 -13.644 -15.355 -16.41 -17.101 -15.482 -15.55 -16.428 -17.119 -17.52 -17.731 -15.494 -16.683 -17.372 -17.638 -17.752 -16.808 -17.389 -17.654 -17.758 -17.824 -17.328 -17.026 -17.499 -17.72 -17.516 -17.162 -17.289
8.586761 -12.392 -11.911 -13.464 -15.211 -16.307 -17.03 -15.383 -15.413 -16.326 -17.049 -17.476 -17.708 -15.354 -16.593 -17.317 -17.602 -17.731 -16.724 -17.335 -17.619 -17.734 -17.808 -17.276 -16.954 -17.454 -17.719 -17.527 -17.181 -17.238
8.846461 -12.273 -11.652 -13.272 -15.055 -16.195 -16.951 -15.277 -15.265 -16.215 -16.972 -17.427 -17.679 -15.203 -16.494 -17.255 -17.56 -17.705 -16.632 -17.274 -17.578 -17.706 -17.789 -17.217 -16.874 -17.402 -17.715 -17.535 -17.199 -17.182
9.114017 -12.156 -11.377 -13.068 -14.887 -16.073 -16.864 -15.162 -15.105 -16.095 -16.887 -17.371 -17.646 -15.039 -16.386 -17.186 -17.514 -17.675 -16.532 -17.206 -17.532 -17.673 -17.765 -17.153 -16.787 -17.345 -17.708 -17.54 -17.214 -17.12
9.389664 -12.042 -11.083 -12.851 -14.706 -15.94 -16.768 -15.039 -14.932 -15.963 -16.793 -17.308 -17.608 -14.862 -16.268 -17.109 -17.46 -17.639 -16.423 -17.131 -17.48 -17.635 -17.736 -17.081 -16.692 -17.28 -17.697 -17.542 -17.226 -17.051
9.673648 -11.932 -10.769 -12.62 -14.51 -15.795 -16.663 -14.907 -14.746 -15.821 -16.69 -17.238 -17.563 -14.671 -16.14 -17.024 -17.4 -17.597 -16.303 -17.047 -17.421 -17.591 -17.701 -17.001 -16.587 -17.208 -17.682 -17.541 -17.237 -16.976
9.966221 -11.826 -10.435 -12.374 -14.298 -15.638 -16.548 -14.765 -14.543 -15.666 -16.577 -17.16 -17.513 -14.465 -16.0 -16.93 -17.333 -17.55 -16.173 -16.955 -17.354 -17.54 -17.662 -16.914 -16.472 -17.128 -17.662 -17.537 -17.244 -16.893
10.267642 -11.724 -10.078 -12.112 -14.069 -15.466 -16.421 -14.612 -14.325 -15.497 -16.453 -17.074 -17.455 -14.241 -15.847 -16.826 -17.257 -17.495 -16.032 -16.853 -17.28 -17.483 -17.616 -16.818 -16.346 -17.04 -17.638 -17.528 -17.249 -16.802
10.57818 -11.625 -9.699 -11.833 -13.821 -15.28 -16.282 -14.448 -14.088 -15.314 -16.316 -16.978 -17.39 -13.999 -15.681 -16.711 -17.172 -17.433 -15.878 -16.74 -17.196 -17.418 -17.563 -16.712 -16.209 -16.941 -17.608 -17.516 -17.25 -16.703
10.89811 -11.529 -9.296 -11.537 -13.553 -15.077 -16.129 -14.271 -13.831 -15.114 -16.166 -16.871 -17.317 -13.736 -15.499 -16.585 -17.078 -17.363 -15.71 -16.616 -17.103 -17.344 -17.503 -16.595 -16.058 -16.832 -17.572 -17.499 -17.248 -16.595
11.227716 -11.436 -8.87 -11.221 -13.262 -14.856 -15.961 -14.08 -13.552 -14.896 -16.002 -16.754 -17.234 -13.451 -15.301 -16.445 -16.973 -17.284 -15.528 -16.48 -17.0 -17.261 -17.435 -16.467 -15.893 -16.712 -17.53 -17.478 -17.243 -16.476
11.56729 -11.344 -8.422 -10.886 -12.946 -14.615 -15.778 -13.874 -13.249 -14.659 -15.822 -16.623 -17.141 -13.142 -15.084 -16.291 -16.856 -17.195 -15.33 -16.329 -16.885 -17.169 -17.358 -16.326 -15.713 -16.579 -17.482 -17.451 -17.233 -16.348
11.917135 -11.252 -7.959 -10.528 -12.603 -14.352 -15.576 -13.652 -12.92 -14.401 -15.624 -16.48 -17.038 -12.806 -14.848 -16.122 -16.726 -17.095 -15.115 -16.164 -16.757 -17.065 -17.271 -16.172 -15.516 -16.432 -17.425 -17.418 -17.219 -16.208
12.277561 -11.159 -7.487 -10.148 -12.23 -14.065 -15.354 -13.413 -12.563 -14.119 -15.407 -16.321 -16.922 -12.44 -14.589 -15.935 -16.582 -16.983 -14.882 -15.982 -16.615 -16.948 -17.173 -16.002 -15.3 -16.27 -17.36 -17.379 -17.2 -16.055
12.648887 -11.064 -7.022 -9.742 -11.824 -13.751 -15.11 -13.155 -12.173 -13.811 -15.169 -16.146 -16.794 -12.041 -14.306 -15.729 -16.422 -16.858 -14.63 -15.781 -16.458 -16.819 -17.064 -15.816 -15.064 -16.091 -17.286 -17.332 -17.176 -15.89
13.031444 -10.965 -6.583 -9.311 -11.381 -13.408 -14.842 -12.876 -11.747 -13.474 -14.906 -15.952 -16.65 -11.606 -13.996 -15.502 -16.244 -16.719 -14.357 -15.561 -16.283 -16.674 -16.941 -15.612 -14.804 -15.893 -17.201 -17.278 -17.146 -15.711
13.425571 -10.86 -6.191 -8.851 -10.898 -13.032 -14.547 -12.575 -11.283 -13.106 -14.618 -15.738 -16.49 -11.131 -13.657 -15.251 -16.047 -16.563 -14.065 -15.319 -16.09 -16.513 -16.804 -15.387 -14.52 -15.675 -17.105 -17.215 -17.109 -15.516
13.831619 -10.75 -5.861 -8.359 -10.37 -12.62 -14.222 -12.249 -10.775 -12.703 -14.301 -15.502 -16.312 -10.611 -13.284 -14.974 -15.828 -16.389 -13.751 -15.052 -15.875 -16.333 -16.651 -15.14 -14.208 -15.434 -16.995 -17.142 -17.065 -15.307
14.249947 -10.632 -5.594 -7.834 -9.792 -12.167 -13.864 -11.896 -10.218 -12.26 -13.951 -15.241 -16.113 -10.041 -12.874 -14.668 -15.585 -16.195 -13.418 -14.759 -15.637 -16.132 -16.48 -14.867 -13.865 -15.168 -16.872 -17.059 -17.013 -15.08
14.680926 -10.504 -5.376 -7.272 -9.158 -11.669 -13.468 -11.515 -9.607 -11.774 -13.565 -14.952 -15.892 -9.415 -12.424 -14.329 -15.315 -15.978 -13.067 -14.437 -15.373 -15.909 -16.289 -14.568 -13.487 -14.873 -16.732 -16.963 -16.952 -14.836
15.124941 -10.366 -5.19 -6.668 -8.461 -11.121 -13.03 -11.103 -8.936 -11.24 -13.138 -14.632 -15.646 -8.727 -11.927 -13.953 -15.014 -15.735 -12.703 -14.084 -15.08 -15.66 -16.076 -14.237 -13.071 -14.547 -16.575 -16.853 -16.881 -14.575
15.582385 -10.217 -5.017 -6.018 -7.693 -10.516 -12.545 -10.659 -8.196 -10.651 -12.666 -14.277 -15.372 -7.969 -11.379 -13.537 -14.68 -15.465 -12.33 -13.698 -14.754 -15.381 -15.838 -13.871 -12.612 -14.186 -16.396 -16.729 -16.799 -14.296
16.053663 -10.053 -4.844 -5.314 -6.847 -9.847 -12.006 -10.181 -7.38 -10.001 -12.143 -13.883 -15.065 -7.133 -10.773 -13.074 -14.306 -15.162 -11.958 -13.276 -14.393 -15.071 -15.573 -13.467 -12.105 -13.785 -16.195 -16.586 -16.704 -13.999
16.539195 -9.875 -4.661 -4.552 -5.911 -9.107 -11.408 -9.67 -6.477 -9.282 -11.563 -13.446 -14.723 -6.207 -10.101 -12.559 -13.89 -14.822 -11.595 -12.818 -13.992 -14.724 -15.277 -13.019 -11.543 -13.339 -15.968 -16.425 -16.595 -13.686
17.039412 -9.68 -4.465 -3.721 -4.874 -8.285 -10.742 -9.129 -5.475 -8.487 -10.917 -12.959 -14.34 -5.181 -9.355 -11.985 -13.423 -14.442 -11.246 -12.327 -13.547 -14.337 -14.948 -12.522 -10.92 -12.843 -15.711 -16.241 -16.469 -13.357
17.554757 -9.465 -4.25 -2.813 -3.721 -7.37 -9.998 -8.564 -4.362 -7.603 -10.198 -12.417 -13.911 -4.039 -8.525 -11.343 -12.901 -14.014 -10.916 -11.805 -13.055 -13.905 -14.582 -11.968 -10.226 -12.29 -15.42 -16.031 -16.325 -13.014
18.085689 -9.229 -4.014 -1.816 -2.438 -6.35 -9.165 -7.988 -3.122 -6.621 -9.395 -11.811 -13.431 -2.767 -7.6 -10.624 -12.315 -13.533 -10.599 -11.265 -12.512 -13.422 -14.175 -11.351 -9.454 -11.672 -15.09 -15.792 -16.16 -12.659
18.632678 -8.969 -3.753 -0.718 -1.003 -5.209 -8.231 -7.417 -1.736 -5.525 -8.496 -11.133 -12.891 -1.346 -6.564 -9.817 -11.655 -12.99 -10.288 -10.72 -11.917 -12.884 -13.725 -10.661 -8.59 -10.979 -14.716 -15.52 -15.97 -12.293
19.196211 -8.68 -3.465 0.496 0.603 -3.93 -7.181 -6.869 -0.183 -4.301 -7.488 -10.374 -12.283 0.248 -5.403 -8.909 -10.91 -12.377 -9.971 -10.187 -11.272 -12.286 -13.23 -9.887 -7.623 -10.203 -14.29 -15.209 -15.752 -11.916
19.776787 -8.36 -3.144 1.843 2.41 -2.492 -5.995 -6.354 1.564 -2.928 -6.355 -9.52 -11.597 2.04 -4.096 -7.885 -10.068 -11.683 -9.636 -9.68 -10.589 -11.627 -12.69 -9.017 -6.535 -9.329 -13.805 -14.852 -15.501 -11.525
20.374923 -8.003 -2.787 3.344 4.448 -0.868 -4.655 -5.87 3.535 -1.384 -5.077 -8.558 -10.822 4.062 -2.621 -6.725 -9.113 -10.894 -9.273 -9.197 -9.883 -10.909 -12.106 -8.035 -5.308 -8.342 -13.25 -14.444 -15.211 -11.116
20.991149 -7.604 -2.388 5.024 6.756 0.97 -3.132 -5.397 5.766 0.357 -3.633 -7.472 -9.944 6.351 -0.951 -5.408 -8.027 -9.997 -8.871 -8.725 -9.182 -10.143 -11.485 -6.923 -3.919 -7.225 -12.615 -13.975 -14.877 -10.681
21.626011 -7.155 -1.939 6.912 9.379 3.06 -1.398 -4.912 8.302 2.328 -1.996 -6.241 -8.947 8.953 0.948 -3.907 -6.788 -8.973 -8.421 -8.24 -8.506 -9.349 -10.835 -5.66 -2.341 -5.956 -11.885 -13.434 -14.491 -10.21
22.280075 -6.649 -1.433 9.045 12.373 5.445 0.586 -4.389 11.196 4.568 -0.133 -4.842 -7.811 11.921 3.116 -2.191 -5.368 -7.8 -7.914 -7.718 -7.856 -8.555 -10.162 -4.218 -0.541 -4.508 -11.044 -12.809 -14.042 -9.69
22.953921 -6.074 -0.859 11.47 15.806 8.178 2.863 -3.809 14.513 7.125 1.991 -3.248 -6.515 15.323 5.601 -0.221 -3.737 -6.453 -7.34 -7.138 -7.206 -7.776 -9.465 -2.566 1.523 -2.851 -10.072 -12.084 -13.519 -9.109
23.648147 -5.42 -0.204 14.244 19.761 11.325 5.489 -3.152 18.33 10.055 4.425 -1.424 -5.029 19.239 8.463 2.051 -1.853 -4.9 -6.685 -6.481 -6.518 -7.002 -8.733 -0.665 3.899 -0.943 -8.942 -11.242 -12.908 -8.451
24.363369 -4.669 0.546 17.437 24.34 14.966 8.531 -2.401 22.746 13.43 7.221 0.672 -3.321 23.768 11.774 4.683 0.33 -3.103 -5.935 -5.73 -5.756 -6.195 -7.94 1.535 6.65 1.262 -7.626 -10.258 -12.192 -7.699
25.100222 -3.804 1.412 21.137 29.67 19.201 12.071 -1.535 27.879 17.34 10.449 3.089 -1.35 29.032 15.624 7.747 2.873 -1.017 -5.069 -4.865 -4.887 -5.308 -7.055 4.094 9.849 3.825 -6.086 -9.105 -11.349 -6.833
25.859362 -2.799 2.417 25.455 35.907 24.155 16.214 -0.531 33.878 21.893 14.191 5.89 0.933 35.183 20.127 11.333 5.849 1.416 -4.065 -3.86 -3.881 -4.297 -6.043 7.086 13.593 6.821 -4.274 -7.748 -10.352 -5.829
26.64146 -2.326 2.889 26.124 36.69 24.862 16.873 -0.058 34.647 22.576 14.825 6.468 1.481 35.961 20.807 11.959 6.439 1.973 -3.592 -3.387 -3.409 -3.824 -5.57 7.677 14.229 7.412 -3.753 -7.254 -9.88 -5.356
27.447213 -1.863 3.353 26.588 37.154 25.325 17.337 0.405 35.111 23.039 15.288 6.931 1.945 36.425 21.27 12.422 6.902 2.437 -3.129 -2.924 -2.945 -3.361 -5.106 8.14 14.692 7.875 -3.29 -6.79 -9.416 -4.892
28.277335 -1.371 3.845 27.079 37.646 25.817 17.829 0.897 35.602 23.531 15.78 7.423 2.436 36.916 21.762 12.914 7.394 2.929 -2.637 -2.432 -2.453 -2.869 -4.615 8.632 15.184 8.367 -2.798 -6.298 -8.924 -4.401
29.132564 -0.849 4.367 27.602 38.168 26.339 18.351 1.419 36.124 24.053 16.302 7.945 2.959 37.438 22.284 13.436 7.916 3.451 -2.115 -1.91 -1.931 -2.347 -4.093 9.154 15.706 8.889 -2.276 -5.776 -8.402 -3.878
30.013659 -0.295 4.921 28.156 38.722 26.893 18.905 1.974 36.679 24.607 16.856 8.5 3.513 37.993 22.838 13.99 8.471 4.005 -1.56 -1.356 -1.377 -1.792 -3.538 9.709 16.26 9.443 -1.721 -5.222 -7.848 -3.324
30.921401 0.293 5.509 28.744 39.31 27.481 19.493 2.562 37.267 25.196 17.444 9.088 4.101 38.581 23.426 14.579 9.059 4.593 -0.972 -0.768 -0.789 -1.204 -2.95 10.297 16.848 10.031 -1.133 -4.634 -7.26 -2.736
31.856598 0.918 6.133 29.368 39.934 28.106 20.117 3.186 37.891 25.82 18.069 9.712 4.725 39.205 24.051 15.203 9.683 5.217 -0.348 -0.143 -0.165 -0.58 -2.326 10.921 17.473 10.656 -0.509 -4.01 -6.635 -2.112
32.820079 1.58 6.796 30.031 40.597 28.768 20.78 3.849 38.554 26.483 18.731 10.375 5.388 39.868 24.713 15.865 10.346 5.88 0.315 0.519 0.498 0.083 -1.663 11.584 18.135 11.318 0.154 -3.347 -5.973 -1.449
33.8127 2.284 7.499 30.734 41.3 29.472 21.483 4.552 39.257 27.186 19.435 11.078 6.091 40.571 25.417 16.569 11.049 6.583 1.018 1.223 1.201 0.786 -0.96 12.287 18.838 12.022 0.857 -2.644 -5.27 -0.746
34.835342 3.03 8.246 31.481 42.047 30.218 22.23 5.298 40.004 27.932 20.181 11.825 6.838 41.318 26.163 17.315 11.796 7.33 1.765 1.969 1.948 1.532 -0.213 13.034 19.585 12.768 1.603 -1.897 -4.523 0.001
