web/models/kne.last_good/kappa_0.5_3.0.v1/26/villar_0.0079_0.3590_0.5000.dat
# %ECSV 1.0
# ---
# datatype:
# - {name: time, datatype: float64}
# - {name: swift_uvot_uvw2, datatype: float64}
# - {name: swift_uvot_uvm2, datatype: float64}
# - {name: swift_uvot_uvw1, datatype: float64}
# - {name: swift_uvot_U, datatype: float64}
# - {name: swift_uvot_B, datatype: float64}
# - {name: swift_uvot_V, datatype: float64}
# - {name: swift_uvot_W, datatype: float64}
# - {name: johnson_U, datatype: float64}
# - {name: johnson_B, datatype: float64}
# - {name: johnson_V, datatype: float64}
# - {name: johnson_R, datatype: float64}
# - {name: johnson_I, datatype: float64}
# - {name: sdss_u, datatype: float64}
# - {name: sdss_g, datatype: float64}
# - {name: sdss_r, datatype: float64}
# - {name: sdss_i, datatype: float64}
# - {name: sdss_z, datatype: float64}
# - {name: PS1_g, datatype: float64}
# - {name: PS1_r, datatype: float64}
# - {name: PS1_i, datatype: float64}
# - {name: PS1_z, datatype: float64}
# - {name: PS1_Y, datatype: float64}
# - {name: PS1_w, datatype: float64}
# - {name: ATLAS_c, datatype: float64}
# - {name: ATLAS_o, datatype: float64}
# - {name: ukirt_J, datatype: float64}
# - {name: ukirt_H, datatype: float64}
# - {name: ukirt_K, datatype: float64}
# - {name: Clear, datatype: float64}
# meta: !!omap
# - comment: [kappa = 0.5, type = villar, mass = 0.00793700525986525, velocity = 0.359, theta_obs = 0.0]
# schema: astropy-2.0
time swift_uvot_uvw2 swift_uvot_uvm2 swift_uvot_uvw1 swift_uvot_U swift_uvot_B swift_uvot_V swift_uvot_W johnson_U johnson_B johnson_V johnson_R johnson_I sdss_u sdss_g sdss_r sdss_i sdss_z PS1_g PS1_r PS1_i PS1_z PS1_Y PS1_w ATLAS_c ATLAS_o ukirt_J ukirt_H ukirt_K Clear
[from data line 213]
0.570517 -8.867 -8.2 -9.841 -11.635 -12.788 -13.555 -11.872 -11.847 -12.809 -13.577 -14.04 -14.299 -11.784 -13.092 -13.864 -14.176 -14.326 -13.232 -13.883 -14.194 -14.326 -14.411 -13.828 -13.478 -14.015 -14.343 -14.166 -13.833 -13.793
0.587772 -8.766 -7.95 -9.657 -11.484 -12.68 -13.479 -11.772 -11.704 -12.702 -13.502 -13.993 -14.274 -11.637 -12.997 -13.805 -14.138 -14.303 -13.144 -13.825 -14.156 -14.301 -14.394 -13.773 -13.402 -13.967 -14.341 -14.176 -13.852 -13.741
0.605549 -8.668 -7.684 -9.462 -11.321 -12.562 -13.396 -11.663 -11.549 -12.586 -13.421 -13.94 -14.243 -11.479 -12.893 -13.739 -14.093 -14.275 -13.048 -13.761 -14.113 -14.27 -14.372 -13.711 -13.319 -13.912 -14.336 -14.183 -13.868 -13.682
0.623863 -8.573 -7.4 -9.254 -11.146 -12.434 -13.304 -11.547 -11.382 -12.46 -13.331 -13.881 -14.207 -11.308 -12.78 -13.666 -14.043 -14.241 -12.943 -13.689 -14.064 -14.235 -14.346 -13.644 -13.228 -13.851 -14.327 -14.187 -13.883 -13.618
0.642731 -8.481 -7.098 -9.034 -10.957 -12.295 -13.203 -11.422 -11.202 -12.323 -13.232 -13.814 -14.166 -11.123 -12.656 -13.585 -13.986 -14.203 -12.829 -13.609 -14.008 -14.194 -14.315 -13.568 -13.127 -13.783 -14.314 -14.188 -13.895 -13.547
0.66217 -8.392 -6.777 -8.799 -10.752 -12.143 -13.093 -11.287 -11.007 -12.174 -13.124 -13.741 -14.119 -10.924 -12.522 -13.495 -13.922 -14.158 -12.705 -13.522 -13.945 -14.146 -14.278 -13.486 -13.018 -13.707 -14.297 -14.186 -13.905 -13.469
0.682197 -8.305 -6.435 -8.55 -10.532 -11.979 -12.971 -11.142 -10.796 -12.012 -13.005 -13.658 -14.065 -10.709 -12.376 -13.396 -13.851 -14.107 -12.57 -13.424 -13.875 -14.092 -14.235 -13.394 -12.898 -13.622 -14.276 -14.18 -13.912 -13.384
0.70283 -8.221 -6.073 -8.285 -10.293 -11.8 -12.838 -10.986 -10.568 -11.836 -12.875 -13.567 -14.004 -10.476 -12.216 -13.286 -13.771 -14.049 -12.423 -13.317 -13.796 -14.031 -14.186 -13.294 -12.766 -13.529 -14.249 -14.171 -13.916 -13.291
0.724086 -8.139 -5.69 -8.003 -10.036 -11.605 -12.692 -10.818 -10.322 -11.645 -12.732 -13.467 -13.935 -10.223 -12.042 -13.166 -13.681 -13.983 -12.263 -13.199 -13.708 -13.962 -14.13 -13.184 -12.623 -13.426 -14.217 -14.157 -13.917 -13.19
0.745986 -8.058 -5.287 -7.704 -9.756 -11.394 -12.532 -10.638 -10.054 -11.437 -12.575 -13.355 -13.857 -9.95 -11.853 -13.033 -13.582 -13.909 -12.09 -13.07 -13.61 -13.885 -14.067 -13.063 -12.466 -13.312 -14.179 -14.139 -13.914 -13.079
0.768548 -7.977 -4.867 -7.386 -9.454 -11.164 -12.357 -10.443 -9.765 -11.21 -12.404 -13.232 -13.771 -9.654 -11.646 -12.887 -13.472 -13.826 -11.902 -12.927 -13.502 -13.797 -13.995 -12.93 -12.295 -13.186 -14.134 -14.115 -13.907 -12.958
0.791792 -7.896 -4.435 -7.047 -9.126 -10.913 -12.165 -10.234 -9.451 -10.964 -12.216 -13.096 -13.673 -9.332 -11.421 -12.726 -13.349 -13.732 -11.699 -12.77 -13.381 -13.7 -13.914 -12.784 -12.108 -13.047 -14.082 -14.087 -13.896 -12.827
0.815739 -7.813 -4.0 -6.688 -8.771 -10.64 -11.954 -10.008 -9.109 -10.696 -12.009 -12.946 -13.565 -8.983 -11.175 -12.549 -13.213 -13.627 -11.479 -12.598 -13.247 -13.591 -13.823 -12.624 -11.903 -12.894 -14.023 -14.052 -13.881 -12.684
0.840411 -7.727 -3.576 -6.305 -8.384 -10.341 -11.723 -9.764 -8.738 -10.403 -11.784 -12.781 -13.444 -8.604 -10.907 -12.354 -13.062 -13.51 -11.241 -12.409 -13.099 -13.469 -13.721 -12.448 -11.679 -12.725 -13.954 -14.01 -13.861 -12.53
0.865828 -7.637 -3.179 -5.898 -7.964 -10.016 -11.47 -9.502 -8.335 -10.085 -11.536 -12.599 -13.31 -8.19 -10.613 -12.14 -12.895 -13.38 -10.985 -12.201 -12.935 -13.334 -13.607 -12.256 -11.435 -12.539 -13.876 -13.961 -13.835 -12.362
0.892015 -7.543 -2.827 -5.464 -7.506 -9.661 -11.191 -9.218 -7.895 -9.736 -11.264 -12.398 -13.16 -7.74 -10.292 -11.904 -12.71 -13.234 -10.71 -11.973 -12.754 -13.183 -13.479 -12.045 -11.167 -12.334 -13.787 -13.904 -13.803 -12.181
0.918993 -7.442 -2.53 -5.002 -7.007 -9.272 -10.885 -8.912 -7.415 -9.356 -10.965 -12.177 -12.994 -7.249 -9.941 -11.643 -12.505 -13.072 -10.417 -11.723 -12.553 -13.015 -13.337 -11.813 -10.873 -12.108 -13.687 -13.838 -13.765 -11.985
0.946787 -7.333 -2.288 -4.509 -6.462 -8.846 -10.549 -8.582 -6.89 -8.94 -10.636 -11.932 -12.809 -6.711 -9.556 -11.356 -12.278 -12.891 -10.105 -11.449 -12.33 -12.828 -13.178 -11.558 -10.551 -11.859 -13.573 -13.762 -13.719 -11.774
0.975422 -7.217 -2.088 -3.981 -5.866 -8.378 -10.178 -8.225 -6.316 -8.484 -10.275 -11.663 -12.604 -6.123 -9.133 -11.039 -12.026 -12.689 -9.778 -11.148 -12.084 -12.62 -13.001 -11.278 -10.197 -11.584 -13.444 -13.675 -13.665 -11.548
1.004923 -7.09 -1.916 -3.415 -5.212 -7.865 -9.769 -7.84 -5.686 -7.983 -9.876 -11.365 -12.375 -5.478 -8.669 -10.689 -11.746 -12.465 -9.437 -10.819 -11.811 -12.389 -12.803 -10.97 -9.809 -11.281 -13.299 -13.576 -13.601 -11.305
1.035317 -6.953 -1.755 -2.806 -4.495 -7.301 -9.317 -7.426 -4.995 -7.434 -9.437 -11.035 -12.121 -4.77 -8.158 -10.302 -11.436 -12.214 -9.089 -10.459 -11.509 -12.132 -12.584 -10.631 -9.381 -10.945 -13.136 -13.462 -13.528 -11.046
1.066629 -6.803 -1.595 -2.15 -3.706 -6.679 -8.817 -6.98 -4.235 -6.829 -8.951 -10.671 -11.838 -3.991 -7.594 -9.872 -11.09 -11.934 -8.739 -10.067 -11.175 -11.845 -12.339 -10.256 -8.91 -10.573 -12.952 -13.333 -13.443 -10.77
1.098888 -6.64 -1.427 -1.44 -2.837 -5.992 -8.263 -6.504 -3.396 -6.163 -8.414 -10.267 -11.523 -3.131 -6.971 -9.396 -10.706 -11.622 -8.395 -9.642 -10.805 -11.526 -12.068 -9.842 -8.39 -10.161 -12.744 -13.187 -13.345 -10.479
1.132124 -6.461 -1.246 -0.669 -1.878 -5.232 -7.648 -5.999 -2.47 -5.427 -7.818 -9.818 -11.172 -2.182 -6.283 -8.867 -10.277 -11.273 -8.064 -9.185 -10.395 -11.17 -11.765 -9.383 -7.814 -9.704 -12.51 -13.02 -13.233 -10.172
1.166364 -6.266 -1.05 0.171 -0.815 -4.39 -6.964 -5.47 -1.444 -4.613 -7.157 -9.32 -10.779 -1.13 -5.519 -8.277 -9.798 -10.882 -7.747 -8.699 -9.942 -10.774 -11.43 -8.875 -7.177 -9.196 -12.245 -12.831 -13.104 -9.852
1.20164 -6.05 -0.835 1.09 0.363 -3.454 -6.202 -4.925 -0.306 -3.711 -6.421 -8.766 -10.341 0.038 -4.67 -7.62 -9.263 -10.443 -7.445 -8.191 -9.443 -10.332 -11.058 -8.31 -6.469 -8.631 -11.946 -12.615 -12.956 -9.52
1.237983 -5.813 -0.598 2.099 1.675 -2.412 -5.35 -4.379 0.961 -2.709 -5.601 -8.148 -9.85 1.338 -3.724 -6.885 -8.662 -9.95 -7.15 -7.672 -8.896 -9.841 -10.647 -7.68 -5.68 -8.0 -11.608 -12.37 -12.787 -9.177
1.275425 -5.552 -0.336 3.21 3.138 -1.248 -4.396 -3.846 2.376 -1.594 -4.684 -7.458 -9.299 2.788 -2.668 -6.061 -7.988 -9.395 -6.853 -7.159 -8.301 -9.296 -10.194 -6.977 -4.8 -7.295 -11.225 -12.091 -12.592 -8.824
1.313999 -5.262 -0.046 4.437 4.775 0.055 -3.325 -3.341 3.959 -0.348 -3.658 -6.685 -8.68 4.412 -1.485 -5.135 -7.228 -8.77 -6.544 -6.663 -7.664 -8.694 -9.698 -6.19 -3.816 -6.504 -10.789 -11.773 -12.37 -8.458
1.35374 -4.94 0.275 5.798 6.613 1.518 -2.118 -2.865 5.736 1.046 -2.506 -5.818 -7.983 6.236 -0.156 -4.091 -6.371 -8.063 -6.213 -6.192 -6.997 -8.035 -9.161 -5.306 -2.71 -5.616 -10.294 -11.41 -12.114 -8.078
1.394683 -4.582 0.634 7.314 8.684 3.167 -0.754 -2.41 7.738 2.611 -1.21 -4.843 -7.197 8.29 1.342 -2.913 -5.4 -7.261 -5.85 -5.738 -6.321 -7.325 -8.585 -4.31 -1.465 -4.615 -9.73 -10.994 -11.819 -7.677
1.436864 -4.181 1.035 9.009 11.025 5.032 0.791 -1.956 10.002 4.374 0.253 -3.744 -6.308 10.612 3.036 -1.576 -4.297 -6.351 -5.447 -5.284 -5.657 -6.575 -7.977 -3.183 -0.057 -3.483 -9.084 -10.517 -11.48 -7.247
1.480321 -3.73 1.485 10.913 13.682 7.148 2.548 -1.479 12.57 6.366 1.908 -2.501 -5.3 13.247 4.959 -0.056 -3.041 -5.314 -4.996 -4.807 -5.019 -5.81 -7.343 -1.905 1.54 -2.199 -8.344 -9.969 -11.088 -6.779
1.525092 -3.222 1.994 13.063 16.71 9.558 4.554 -0.96 15.496 8.627 3.788 -1.09 -4.155 16.248 7.151 1.679 -1.606 -4.128 -4.488 -4.288 -4.398 -5.05 -6.689 -0.449 3.36 -0.737 -7.492 -9.336 -10.633 -6.261
1.571218 -2.646 2.57 15.504 20.176 12.317 6.853 -0.38 18.843 11.203 5.928 0.515 -2.849 19.682 9.658 3.668 0.041 -2.769 -3.912 -3.709 -3.764 -4.304 -6.009 1.217 5.442 0.935 -6.509 -8.604 -10.105 -5.679
1.618738 -1.99 3.226 18.294 24.161 15.487 9.499 0.278 22.689 14.151 8.374 2.348 -1.356 23.626 12.541 5.957 1.939 -1.205 -3.256 -3.051 -3.084 -3.553 -5.289 3.132 7.836 2.855 -5.371 -7.754 -9.489 -5.021
1.667696 -1.239 3.977 21.5 28.766 19.148 12.558 1.03 27.129 17.541 11.181 4.45 0.357 28.18 15.87 8.604 4.134 0.6 -2.504 -2.3 -2.324 -2.757 -4.503 5.343 10.6 5.071 -4.047 -6.765 -8.768 -4.269
1.718134 -0.373 4.843 25.211 34.116 23.398 16.111 1.895 32.28 21.461 14.413 6.87 2.33 33.462 19.734 11.679 6.686 2.692 -1.639 -1.434 -1.456 -1.875 -3.622 7.91 13.811 7.642 -2.5 -5.607 -7.921 -3.403
1.770098 0.546 5.762 28.997 39.563 27.734 19.746 2.814 37.52 25.448 17.697 9.34 4.354 38.834 23.679 14.831 9.311 4.846 -0.72 -0.515 -0.536 -0.952 -2.697 10.549 17.101 10.284 -0.881 -4.381 -7.007 -2.483
1.823633 0.973 6.189 29.424 39.99 28.161 20.173 3.242 37.947 25.875 18.124 9.768 4.781 39.261 24.106 15.258 9.739 5.273 -0.292 -0.088 -0.109 -0.525 -2.27 10.977 17.528 10.711 -0.454 -3.954 -6.58 -2.056
1.878788 1.426 6.642 29.877 40.443 28.614 20.626 3.695 38.4 26.329 18.577 10.221 5.234 39.714 24.559 15.712 10.192 5.726 0.161 0.366 0.344 -0.071 -1.817 11.43 17.981 11.165 -0.0 -3.501 -6.127 -1.603
1.93561 1.908 7.123 30.358 40.924 29.096 21.107 4.176 38.881 26.81 19.058 10.702 5.715 40.195 25.041 16.193 10.673 6.207 0.642 0.847 0.825 0.41 -1.336 11.911 18.462 11.646 0.481 -3.02 -5.646 -1.122
1.994152 2.418 7.634 30.869 41.435 29.606 21.618 4.687 39.392 27.321 19.569 11.213 6.226 40.706 25.551 16.703 11.184 6.718 1.153 1.357 1.336 0.921 -0.825 12.422 18.973 12.156 0.992 -2.509 -5.135 -0.611
2.054463 2.96 8.176 31.411 41.977 30.148 22.16 5.229 39.934 27.863 20.111 11.755 6.768 41.248 26.093 17.245 11.726 7.26 1.695 1.899 1.878 1.463 -0.283 12.964 19.515 12.698 1.534 -1.967 -4.593 -0.069
2.116599 3.536 8.751 31.986 42.552 30.724 22.735 5.804 40.509 28.438 20.687 12.33 7.343 41.823 26.669 17.821 12.301 7.835 2.27 2.475 2.453 2.038 0.292 13.539 20.09 13.274 2.109 -1.392 -4.018 0.506
2.180614 4.146 9.362 32.597 43.163 31.334 23.346 6.415 41.12 29.049 21.297 12.941 7.954 42.434 27.279 18.431 12.912 8.446 2.881 3.085 3.064 2.649 0.903 14.15 20.701 13.884 2.72 -0.781 -3.407 1.117
2.246566 4.794 10.01 33.245 43.811 31.982 23.994 7.063 41.768 29.697 21.945 13.589 8.602 43.082 27.927 19.08 13.56 9.094 3.529 3.734 3.712 3.297 1.551 14.798 21.349 14.533 3.368 -0.133 -2.759 1.765
2.314511 5.482 10.698 33.933 44.499 32.67 24.682 7.751 42.456 30.385 22.633 14.277 9.29 43.77 28.615 19.768 14.248 9.782 4.217 4.421 4.4 3.985 2.239 15.486 22.037 15.22 4.056 0.555 -2.071 2.453
2.384512 6.213 11.428 34.663 45.229 33.401 25.412 8.481 43.186 31.115 23.363 15.007 10.02 44.5 29.346 20.498 14.978 10.512 4.947 5.152 5.13 4.715 2.969 16.216 22.767 15.951 4.786 1.285 -1.341 3.183
2.45663 6.988 12.203 35.438 46.004 34.176 26.187 9.256 43.961 31.89 24.139 15.782 10.795 45.275 30.121 21.273 15.753 11.287 5.722 5.927 5.905 5.49 3.744 16.991 23.542 16.726 5.561 2.06 -0.566 3.958
2.530929 7.81 13.026 36.261 46.827 34.998 27.01 10.079 44.784 32.712 24.961 16.605 11.618 46.098 30.943 22.095 16.576 12.11 6.545 6.749 6.728 6.313 4.567 17.814 24.365 17.548 6.384 2.883 0.257 4.781
2.607475 8.683 13.899 37.134 47.7 35.871 27.883 10.952 45.657 33.586 25.834 17.478 12.491 46.971 31.816 22.969 17.449 12.983 7.418 7.622 7.601 7.186 5.44 18.687 25.238 18.421 7.257 3.756 1.13 5.654
2.686337 9.61 14.826 38.061 48.627 36.798 28.81 11.878 46.584 34.512 26.761 18.404 13.418 47.898 32.743 23.895 18.375 13.91 8.344 8.549 8.528 8.112 6.367 19.613 26.165 19.348 8.183 4.683 2.057 6.581
2.767583 10.594 15.809 39.044 49.61 37.782 29.793 12.862 47.567 35.496 27.745 19.388 14.401 48.881 33.727 24.879 19.359 14.894 9.328 9.533 9.511 9.096 7.35 20.597 27.149 20.332 9.167 5.666 3.041 7.564
2.851287 11.638 16.853 40.088 50.654 38.826 30.837 13.906 48.611 36.54 28.789 20.432 15.445 49.925 34.771 25.923 20.403 15.938 10.372 10.577 10.555 10.14 8.394 21.641 28.193 21.376 10.211 6.71 4.085 8.608
2.937522 12.746 17.962 41.196 51.763 39.934 31.946 15.014 49.719 37.648 29.897 21.54 16.553 51.033 35.879 27.031 21.511 17.046 11.48 11.685 11.664 11.248 9.502 22.749 29.301 22.484 11.319 7.819 5.193 9.716
3.026365 13.922 19.138 42.373 52.939 41.11 33.122 16.191 50.896 38.824 31.073 22.717 17.73 52.21 37.055 28.207 22.688 18.222 12.657 12.861 12.84 12.424 10.679 23.926 30.477 23.66 12.495 8.995 6.369 10.893
3.117896 15.171 20.386 43.621 54.187 42.359 34.37 17.439 52.144 40.073 32.321 23.965 18.978 53.458 38.304 29.456 23.936 19.47 13.905 14.11 14.088 13.673 11.927 25.174 31.725 24.909 13.744 10.243 7.617 12.141
3.212194 16.496 21.711 44.946 55.512 43.684 35.695 18.764 53.469 41.398 33.647 25.29 20.303 54.783 39.629 30.781 25.261 20.795 15.23 15.435 15.413 14.998 13.252 26.499 33.051 26.234 15.069 11.568 8.942 13.466
3.309345 17.902 23.118 46.353 56.919 45.09 37.102 20.17 54.876 42.804 35.053 26.696 21.71 56.19 41.035 32.187 26.667 22.202 16.636 16.841 16.82 16.404 14.659 27.905 34.457 27.64 16.475 12.975 10.349 14.873
3.409434 19.395 24.61 47.845 58.411 46.583 38.595 21.663 56.368 44.297 36.546 28.189 23.202 57.682 42.528 33.68 28.16 23.695 18.129 18.334 18.313 17.897 16.151 29.398 35.95 29.133 17.968 14.468 11.842 16.365
3.51255 20.979 26.195 49.43 59.996 48.167 40.179 23.248 57.953 45.882 38.13 29.774 24.787 59.267 44.112 35.265 29.745 25.279 19.714 19.918 19.897 19.482 17.736 30.983 37.534 30.717 19.553 16.052 13.426 17.95
3.618785 22.661 27.877 51.112 61.678 49.849 41.861 24.929 59.635 47.563 39.812 31.455 26.469 60.949 45.794 36.946 31.427 26.961 21.395 21.6 21.579 21.163 19.418 32.664 39.216 32.399 21.234 17.734 15.108 19.632
3.728232 24.446 29.662 52.897 63.463 51.634 43.646 26.715 61.42 49.348 41.597 33.241 28.254 62.734 47.579 38.731 33.212 28.746 23.181 23.385 23.364 22.948 21.203 34.45 41.001 34.184 23.019 19.519 16.893 21.417
3.84099 26.341 31.556 54.791 65.357 53.529 45.54 28.609 63.314 51.243 43.492 35.135 30.148 64.628 49.474 40.626 35.106 30.641 25.075 25.28 25.258 24.843 23.097 36.344 42.896 36.079 24.914 21.413 18.788 23.311
3.957158 28.352 33.567 56.802 67.368 55.54 47.551 30.62 65.325 53.254 45.503 37.146 32.159 66.639 51.485 42.637 37.117 32.652 27.086 27.291 27.269 26.854 25.108 38.355 44.907 38.09 26.925 23.424 20.799 25.322
4.07684 30.486 35.702 58.937 69.503 57.674 49.686 32.755 67.46 55.388 47.637 39.281 34.294 68.774 53.619 44.771 39.252 34.786 29.221 29.425 29.404 28.989 27.243 40.49 47.041 40.224 29.059 25.559 22.933 27.457
4.200141 32.752 37.967 61.202 71.768 59.94 51.951 35.02 69.725 57.654 49.903 41.546 36.559 71.039 55.885 47.037 41.517 37.051 31.486 31.691 31.669 31.254 29.508 42.755 49.307 42.49 31.325 27.824 25.199 29.722
4.327172 35.156 40.372 63.607 74.173 62.344 54.356 37.425 72.13 60.059 52.307 43.951 38.964 73.444 58.289 49.442 43.922 39.456 33.891 34.095 34.074 33.659 31.913 45.16 51.711 44.894 33.73 30.229 27.603 32.127
4.458044 37.709 42.924 66.159 76.725 64.897 56.908 39.977 74.682 62.611 54.86 46.503 41.516 75.996 60.842 51.994 46.474 42.008 36.443 36.648 36.626 36.211 34.465 47.712 54.263 47.447 36.282 32.781 30.155 34.679
4.592874 40.418 45.633 68.868 79.434 67.606 59.617 42.686 77.391 65.32 57.569 49.212 44.225 78.705 63.551 54.703 49.183 44.717 39.152 39.357 39.335 38.92 37.174 50.421 56.972 50.156 38.991 35.49 32.864 37.388
4.731783 43.293 48.509 71.743 82.309 70.481 62.493 45.561 80.266 68.195 60.444 52.087 47.1 81.58 66.426 57.578 52.058 47.593 42.027 42.232 42.211 41.795 40.049 53.296 59.848 53.031 41.866 38.366 35.74 40.263
4.874892 46.345 51.56 74.795 85.361 73.533 65.544 48.613 83.318 71.247 63.496 55.139 50.152 84.632 69.478 60.63 55.11 50.645 45.079 45.284 45.262 44.847 43.101 56.348 62.9 56.083 44.918 41.417 38.792 43.315
5.02233 49.584 54.8 78.035 88.601 76.772 68.784 51.852 86.558 74.486 66.735 58.378 53.392 87.872 72.717 63.869 58.349 53.884 48.318 48.523 48.502 48.086 46.341 59.587 66.139 59.322 48.157 44.657 42.031 46.555
