web/models/kne.last_good/kappa_0.5_3.0.v1/26/villar_0.0224_0.1710_0.5000.dat
# %ECSV 1.0
# ---
# datatype:
# - {name: time, datatype: float64}
# - {name: swift_uvot_uvw2, datatype: float64}
# - {name: swift_uvot_uvm2, datatype: float64}
# - {name: swift_uvot_uvw1, datatype: float64}
# - {name: swift_uvot_U, datatype: float64}
# - {name: swift_uvot_B, datatype: float64}
# - {name: swift_uvot_V, datatype: float64}
# - {name: swift_uvot_W, datatype: float64}
# - {name: johnson_U, datatype: float64}
# - {name: johnson_B, datatype: float64}
# - {name: johnson_V, datatype: float64}
# - {name: johnson_R, datatype: float64}
# - {name: johnson_I, datatype: float64}
# - {name: sdss_u, datatype: float64}
# - {name: sdss_g, datatype: float64}
# - {name: sdss_r, datatype: float64}
# - {name: sdss_i, datatype: float64}
# - {name: sdss_z, datatype: float64}
# - {name: PS1_g, datatype: float64}
# - {name: PS1_r, datatype: float64}
# - {name: PS1_i, datatype: float64}
# - {name: PS1_z, datatype: float64}
# - {name: PS1_Y, datatype: float64}
# - {name: PS1_w, datatype: float64}
# - {name: ATLAS_c, datatype: float64}
# - {name: ATLAS_o, datatype: float64}
# - {name: ukirt_J, datatype: float64}
# - {name: ukirt_H, datatype: float64}
# - {name: ukirt_K, datatype: float64}
# - {name: Clear, datatype: float64}
# meta: !!omap
# - comment: [kappa = 0.5, type = villar, mass = 0.022360679775100388, velocity = 0.17100000000000004, theta_obs = 0.0]
# schema: astropy-2.0
time swift_uvot_uvw2 swift_uvot_uvm2 swift_uvot_uvw1 swift_uvot_U swift_uvot_B swift_uvot_V swift_uvot_W johnson_U johnson_B johnson_V johnson_R johnson_I sdss_u sdss_g sdss_r sdss_i sdss_z PS1_g PS1_r PS1_i PS1_z PS1_Y PS1_w ATLAS_c ATLAS_o ukirt_J ukirt_H ukirt_K Clear
[from data line 147]
0.079839 -12.506 -12.604 -12.656 -12.682 -12.541 -12.32 -12.57 -12.666 -12.538 -12.311 -12.032 -11.679 -12.672 -12.473 -12.164 -11.898 -11.627 -12.46 -12.179 -11.914 -11.717 -11.64 -12.186 -12.354 -12.053 -11.051 -10.558 -9.971 -12.227
0.082253 -12.527 -12.63 -12.685 -12.719 -12.582 -12.364 -12.601 -12.704 -12.579 -12.356 -12.079 -11.728 -12.709 -12.516 -12.21 -11.945 -11.676 -12.503 -12.225 -11.961 -11.765 -11.688 -12.231 -12.398 -12.1 -11.102 -10.609 -10.023 -12.271
0.084741 -12.547 -12.654 -12.714 -12.756 -12.623 -12.409 -12.633 -12.742 -12.62 -12.4 -12.125 -11.776 -12.747 -12.558 -12.256 -11.992 -11.725 -12.545 -12.27 -12.008 -11.813 -11.735 -12.275 -12.441 -12.146 -11.152 -10.661 -10.076 -12.316
0.087304 -12.567 -12.679 -12.742 -12.793 -12.664 -12.453 -12.664 -12.779 -12.661 -12.444 -12.171 -11.824 -12.784 -12.6 -12.301 -12.04 -11.773 -12.587 -12.315 -12.055 -11.86 -11.782 -12.32 -12.485 -12.192 -11.202 -10.712 -10.128 -12.36
0.089944 -12.587 -12.703 -12.77 -12.829 -12.705 -12.497 -12.695 -12.816 -12.702 -12.488 -12.217 -11.873 -12.821 -12.642 -12.346 -12.087 -11.822 -12.629 -12.36 -12.102 -11.908 -11.829 -12.365 -12.528 -12.238 -11.253 -10.763 -10.18 -12.404
0.092665 -12.606 -12.726 -12.798 -12.865 -12.745 -12.54 -12.726 -12.853 -12.742 -12.532 -12.264 -11.921 -12.858 -12.683 -12.392 -12.134 -11.87 -12.671 -12.405 -12.149 -11.955 -11.877 -12.409 -12.571 -12.284 -11.303 -10.815 -10.232 -12.447
0.095467 -12.625 -12.749 -12.826 -12.901 -12.786 -12.584 -12.756 -12.89 -12.782 -12.576 -12.31 -11.969 -12.895 -12.725 -12.437 -12.181 -11.918 -12.713 -12.45 -12.195 -12.003 -11.924 -12.454 -12.614 -12.33 -11.353 -10.866 -10.284 -12.491
0.098355 -12.643 -12.772 -12.853 -12.937 -12.826 -12.627 -12.787 -12.926 -12.823 -12.619 -12.355 -12.016 -12.931 -12.766 -12.482 -12.228 -11.966 -12.755 -12.495 -12.242 -12.05 -11.971 -12.498 -12.657 -12.376 -11.403 -10.917 -10.336 -12.534
0.101329 -12.661 -12.794 -12.879 -12.972 -12.866 -12.671 -12.817 -12.963 -12.863 -12.663 -12.401 -12.064 -12.967 -12.807 -12.527 -12.274 -12.014 -12.796 -12.54 -12.288 -12.098 -12.018 -12.542 -12.7 -12.421 -11.453 -10.968 -10.388 -12.578
0.104394 -12.678 -12.816 -12.906 -13.008 -12.906 -12.714 -12.847 -12.999 -12.902 -12.706 -12.447 -12.112 -13.003 -12.848 -12.571 -12.321 -12.062 -12.837 -12.584 -12.335 -12.145 -12.065 -12.586 -12.742 -12.467 -11.503 -11.019 -10.44 -12.621
0.107551 -12.695 -12.838 -12.932 -13.042 -12.945 -12.757 -12.876 -13.034 -12.942 -12.749 -12.492 -12.16 -13.038 -12.889 -12.616 -12.367 -12.11 -12.878 -12.629 -12.381 -12.192 -12.111 -12.629 -12.784 -12.512 -11.553 -11.07 -10.492 -12.664
0.110804 -12.712 -12.859 -12.957 -13.077 -12.984 -12.8 -12.905 -13.07 -12.981 -12.792 -12.538 -12.207 -13.074 -12.929 -12.66 -12.414 -12.158 -12.919 -12.673 -12.427 -12.239 -12.158 -12.673 -12.827 -12.557 -11.603 -11.121 -10.544 -12.707
0.114155 -12.728 -12.879 -12.982 -13.111 -13.024 -12.843 -12.934 -13.105 -13.02 -12.835 -12.583 -12.254 -13.109 -12.97 -12.705 -12.46 -12.206 -12.96 -12.717 -12.473 -12.286 -12.205 -12.717 -12.868 -12.602 -11.652 -11.172 -10.595 -12.75
0.117608 -12.744 -12.899 -13.007 -13.145 -13.062 -12.885 -12.963 -13.14 -13.059 -12.877 -12.628 -12.302 -13.143 -13.01 -12.749 -12.506 -12.253 -13.001 -12.761 -12.519 -12.333 -12.252 -12.76 -12.91 -12.647 -11.702 -11.223 -10.647 -12.792
0.121165 -12.759 -12.919 -13.032 -13.179 -13.101 -12.927 -12.992 -13.174 -13.098 -12.92 -12.673 -12.349 -13.178 -13.05 -12.793 -12.552 -12.301 -13.041 -12.805 -12.565 -12.38 -12.298 -12.803 -12.952 -12.692 -11.752 -11.273 -10.699 -12.835
0.124829 -12.774 -12.938 -13.056 -13.213 -13.14 -12.97 -13.02 -13.209 -13.136 -12.962 -12.718 -12.396 -13.212 -13.09 -12.837 -12.598 -12.348 -13.081 -12.848 -12.611 -12.427 -12.345 -12.846 -12.993 -12.737 -11.801 -11.324 -10.75 -12.877
0.128605 -12.788 -12.957 -13.08 -13.246 -13.178 -13.012 -13.048 -13.243 -13.175 -13.004 -12.762 -12.443 -13.246 -13.129 -12.88 -12.644 -12.396 -13.121 -12.892 -12.656 -12.473 -12.391 -12.889 -13.035 -12.781 -11.851 -11.375 -10.802 -12.919
0.132494 -12.802 -12.975 -13.103 -13.279 -13.216 -13.054 -13.075 -13.277 -13.213 -13.046 -12.807 -12.49 -13.28 -13.169 -12.924 -12.69 -12.443 -13.161 -12.935 -12.702 -12.52 -12.438 -12.932 -13.076 -12.826 -11.9 -11.425 -10.854 -12.961
0.136502 -12.815 -12.993 -13.126 -13.311 -13.254 -13.095 -13.103 -13.31 -13.251 -13.088 -12.851 -12.537 -13.313 -13.208 -12.967 -12.735 -12.49 -13.2 -12.979 -12.747 -12.566 -12.484 -12.974 -13.117 -12.87 -11.95 -11.476 -10.905 -13.003
0.14063 -12.827 -13.01 -13.148 -13.344 -13.291 -13.137 -13.13 -13.343 -13.288 -13.129 -12.896 -12.583 -13.346 -13.247 -13.01 -12.781 -12.537 -13.24 -13.022 -12.792 -12.612 -12.53 -13.017 -13.157 -12.914 -11.999 -11.526 -10.957 -13.044
0.144883 -12.84 -13.027 -13.17 -13.376 -13.328 -13.178 -13.157 -13.376 -13.325 -13.17 -12.94 -12.63 -13.379 -13.285 -13.053 -12.826 -12.584 -13.279 -13.065 -12.837 -12.659 -12.576 -13.059 -13.198 -12.958 -12.048 -11.577 -11.008 -13.086
0.149265 -12.851 -13.043 -13.192 -13.407 -13.365 -13.219 -13.183 -13.409 -13.363 -13.212 -12.984 -12.676 -13.411 -13.324 -13.096 -12.871 -12.631 -13.318 -13.107 -12.882 -12.705 -12.622 -13.101 -13.238 -13.002 -12.097 -11.627 -11.059 -13.127
0.15378 -12.862 -13.059 -13.213 -13.438 -13.402 -13.26 -13.209 -13.441 -13.399 -13.253 -13.028 -12.723 -13.443 -13.362 -13.139 -12.916 -12.677 -13.356 -13.15 -12.927 -12.751 -12.668 -13.143 -13.278 -13.045 -12.146 -11.677 -11.111 -13.168
0.15843 -12.873 -13.074 -13.234 -13.469 -13.439 -13.301 -13.235 -13.473 -13.436 -13.293 -13.071 -12.769 -13.475 -13.4 -13.182 -12.961 -12.724 -13.395 -13.192 -12.972 -12.797 -12.714 -13.184 -13.318 -13.089 -12.195 -11.727 -11.162 -13.209
0.163222 -12.883 -13.088 -13.254 -13.5 -13.475 -13.341 -13.261 -13.504 -13.472 -13.334 -13.115 -12.815 -13.506 -13.438 -13.224 -13.006 -12.77 -13.433 -13.234 -13.016 -12.842 -12.76 -13.226 -13.358 -13.132 -12.244 -11.778 -11.213 -13.25
0.168159 -12.892 -13.102 -13.274 -13.53 -13.511 -13.381 -13.286 -13.536 -13.508 -13.374 -13.158 -12.861 -13.537 -13.475 -13.266 -13.05 -12.817 -13.471 -13.277 -13.061 -12.888 -12.806 -13.267 -13.397 -13.175 -12.293 -11.828 -11.264 -13.29
0.173245 -12.901 -13.116 -13.293 -13.56 -13.547 -13.421 -13.311 -13.567 -13.544 -13.414 -13.201 -12.907 -13.568 -13.512 -13.308 -13.095 -12.863 -13.509 -13.318 -13.105 -12.933 -12.851 -13.308 -13.436 -13.218 -12.341 -11.878 -11.315 -13.33
0.178484 -12.909 -13.129 -13.312 -13.59 -13.582 -13.461 -13.336 -13.597 -13.579 -13.454 -13.244 -12.952 -13.598 -13.549 -13.35 -13.139 -12.909 -13.546 -13.36 -13.149 -12.979 -12.897 -13.349 -13.475 -13.261 -12.39 -11.928 -11.366 -13.371
0.183882 -12.917 -13.141 -13.33 -13.619 -13.617 -13.501 -13.36 -13.627 -13.615 -13.494 -13.287 -12.998 -13.628 -13.586 -13.392 -13.183 -12.955 -13.583 -13.402 -13.193 -13.024 -12.942 -13.39 -13.514 -13.304 -12.438 -11.977 -11.417 -13.41
0.189444 -12.924 -13.153 -13.348 -13.648 -13.652 -13.54 -13.384 -13.657 -13.649 -13.533 -13.33 -13.043 -13.658 -13.622 -13.433 -13.227 -13.001 -13.62 -13.443 -13.237 -13.069 -12.988 -13.43 -13.553 -13.346 -12.487 -12.027 -11.468 -13.45
0.195173 -12.93 -13.164 -13.365 -13.676 -13.687 -13.579 -13.408 -13.687 -13.684 -13.573 -13.372 -13.089 -13.687 -13.659 -13.474 -13.271 -13.046 -13.657 -13.484 -13.281 -13.114 -13.033 -13.471 -13.591 -13.388 -12.535 -12.077 -11.519 -13.489
0.201076 -12.936 -13.174 -13.382 -13.704 -13.721 -13.618 -13.431 -13.716 -13.718 -13.612 -13.415 -13.134 -13.716 -13.694 -13.515 -13.315 -13.092 -13.693 -13.525 -13.324 -13.159 -13.078 -13.511 -13.629 -13.43 -12.583 -12.127 -11.57 -13.529
0.207158 -12.941 -13.184 -13.398 -13.731 -13.755 -13.657 -13.454 -13.744 -13.752 -13.65 -13.457 -13.179 -13.745 -13.73 -13.556 -13.358 -13.137 -13.73 -13.565 -13.367 -13.204 -13.123 -13.551 -13.667 -13.472 -12.631 -12.176 -11.621 -13.568
0.213423 -12.945 -13.193 -13.414 -13.759 -13.788 -13.695 -13.477 -13.772 -13.786 -13.689 -13.498 -13.223 -13.773 -13.765 -13.597 -13.401 -13.182 -13.765 -13.606 -13.411 -13.248 -13.168 -13.59 -13.704 -13.514 -12.679 -12.225 -11.671 -13.606
0.219878 -12.949 -13.201 -13.429 -13.785 -13.821 -13.734 -13.499 -13.8 -13.819 -13.727 -13.54 -13.268 -13.8 -13.8 -13.637 -13.444 -13.227 -13.801 -13.646 -13.454 -13.293 -13.213 -13.63 -13.741 -13.555 -12.727 -12.275 -11.722 -13.645
0.226528 -12.952 -13.209 -13.443 -13.811 -13.854 -13.771 -13.521 -13.828 -13.852 -13.765 -13.582 -13.312 -13.827 -13.835 -13.677 -13.487 -13.272 -13.836 -13.686 -13.496 -13.337 -13.257 -13.669 -13.778 -13.597 -12.775 -12.324 -11.772 -13.683
0.233379 -12.954 -13.216 -13.457 -13.837 -13.887 -13.809 -13.542 -13.855 -13.885 -13.803 -13.623 -13.357 -13.854 -13.869 -13.717 -13.53 -13.317 -13.871 -13.726 -13.539 -13.381 -13.302 -13.708 -13.815 -13.638 -12.822 -12.373 -11.823 -13.721
0.240437 -12.956 -13.222 -13.471 -13.862 -13.919 -13.846 -13.564 -13.881 -13.917 -13.84 -13.664 -13.401 -13.88 -13.903 -13.756 -13.573 -13.362 -13.906 -13.765 -13.581 -13.425 -13.346 -13.746 -13.851 -13.678 -12.87 -12.422 -11.873 -13.759
0.247709 -12.957 -13.227 -13.483 -13.887 -13.951 -13.883 -13.584 -13.907 -13.949 -13.877 -13.705 -13.445 -13.906 -13.937 -13.796 -13.615 -13.406 -13.94 -13.805 -13.623 -13.469 -13.39 -13.785 -13.887 -13.719 -12.917 -12.471 -11.923 -13.796
0.255201 -12.957 -13.232 -13.495 -13.912 -13.982 -13.92 -13.605 -13.933 -13.98 -13.914 -13.745 -13.489 -13.931 -13.97 -13.835 -13.657 -13.45 -13.974 -13.844 -13.665 -13.512 -13.434 -13.823 -13.923 -13.759 -12.964 -12.52 -11.973 -13.834
0.262919 -12.956 -13.236 -13.507 -13.935 -14.013 -13.956 -13.624 -13.958 -14.011 -13.951 -13.785 -13.532 -13.956 -14.003 -13.874 -13.699 -13.494 -14.008 -13.882 -13.707 -13.556 -13.478 -13.861 -13.959 -13.799 -13.012 -12.569 -12.024 -13.871
0.270871 -12.954 -13.239 -13.517 -13.959 -14.044 -13.992 -13.644 -13.982 -14.042 -13.987 -13.825 -13.575 -13.981 -14.036 -13.912 -13.74 -13.538 -14.041 -13.921 -13.749 -13.599 -13.522 -13.898 -13.994 -13.839 -13.058 -12.617 -12.074 -13.907
0.279064 -12.952 -13.241 -13.527 -13.981 -14.074 -14.028 -13.663 -14.006 -14.072 -14.023 -13.865 -13.619 -14.004 -14.068 -13.95 -13.782 -13.582 -14.074 -13.959 -13.79 -13.642 -13.565 -13.935 -14.028 -13.879 -13.105 -12.666 -12.123 -13.944
0.287504 -12.949 -13.242 -13.537 -14.004 -14.104 -14.064 -13.682 -14.03 -14.102 -14.058 -13.905 -13.662 -14.028 -14.099 -13.988 -13.823 -13.625 -14.106 -13.997 -13.831 -13.685 -13.609 -13.972 -14.063 -13.918 -13.152 -12.714 -12.173 -13.98
0.296199 -12.944 -13.243 -13.545 -14.025 -14.133 -14.099 -13.7 -14.053 -14.131 -14.093 -13.944 -13.704 -14.05 -14.131 -14.026 -13.864 -13.668 -14.138 -14.034 -13.872 -13.727 -13.652 -14.009 -14.097 -13.957 -13.198 -12.763 -12.223 -14.015
0.305157 -12.939 -13.242 -13.553 -14.046 -14.162 -14.133 -13.717 -14.075 -14.16 -14.128 -13.983 -13.747 -14.072 -14.162 -14.063 -13.904 -13.711 -14.17 -14.072 -13.912 -13.77 -13.695 -14.045 -14.13 -13.996 -13.245 -12.811 -12.272 -14.051
0.314387 -12.933 -13.241 -13.56 -14.066 -14.19 -14.168 -13.734 -14.097 -14.188 -14.162 -14.022 -13.789 -14.094 -14.192 -14.1 -13.945 -13.754 -14.201 -14.108 -13.953 -13.812 -13.738 -14.081 -14.164 -14.034 -13.291 -12.859 -12.322 -14.086
0.323895 -12.927 -13.239 -13.566 -14.086 -14.218 -14.201 -13.751 -14.118 -14.216 -14.196 -14.06 -13.831 -14.114 -14.222 -14.137 -13.985 -13.796 -14.232 -14.145 -13.993 -13.854 -13.78 -14.117 -14.197 -14.072 -13.337 -12.906 -12.371 -14.12
0.333691 -12.919 -13.235 -13.571 -14.105 -14.245 -14.235 -13.767 -14.139 -14.243 -14.23 -14.098 -13.873 -14.135 -14.251 -14.173 -14.024 -13.839 -14.262 -14.181 -14.032 -13.895 -13.822 -14.152 -14.229 -14.11 -13.383 -12.954 -12.42 -14.155
0.343783 -12.91 -13.231 -13.576 -14.124 -14.272 -14.268 -13.783 -14.158 -14.27 -14.263 -14.136 -13.914 -14.154 -14.28 -14.209 -14.064 -13.881 -14.292 -14.217 -14.072 -13.937 -13.865 -14.187 -14.261 -14.147 -13.428 -13.002 -12.47 -14.188
0.354181 -12.9 -13.225 -13.579 -14.141 -14.298 -14.301 -13.798 -14.178 -14.297 -14.296 -14.173 -13.955 -14.173 -14.309 -14.245 -14.103 -13.922 -14.322 -14.253 -14.111 -13.978 -13.906 -14.222 -14.292 -14.184 -13.474 -13.049 -12.519 -14.222
0.364893 -12.889 -13.218 -13.582 -14.158 -14.324 -14.333 -13.812 -14.196 -14.322 -14.328 -14.21 -13.996 -14.191 -14.337 -14.28 -14.142 -13.964 -14.35 -14.288 -14.15 -14.018 -13.948 -14.256 -14.324 -14.221 -13.519 -13.096 -12.567 -14.255
0.375929 -12.876 -13.21 -13.583 -14.174 -14.349 -14.364 -13.826 -14.214 -14.347 -14.36 -14.246 -14.037 -14.208 -14.364 -14.314 -14.18 -14.005 -14.379 -14.322 -14.188 -14.059 -13.99 -14.289 -14.354 -14.257 -13.564 -13.143 -12.616 -14.288
0.387298 -12.863 -13.201 -13.584 -14.19 -14.373 -14.396 -13.839 -14.231 -14.372 -14.392 -14.283 -14.077 -14.225 -14.391 -14.349 -14.218 -14.046 -14.406 -14.356 -14.226 -14.099 -14.031 -14.323 -14.384 -14.293 -13.609 -13.19 -12.665 -14.32
0.399012 -12.849 -13.191 -13.584 -14.204 -14.397 -14.426 -13.851 -14.247 -14.396 -14.422 -14.318 -14.117 -14.241 -14.417 -14.382 -14.256 -14.087 -14.434 -14.39 -14.264 -14.139 -14.072 -14.356 -14.414 -14.329 -13.653 -13.237 -12.713 -14.352
0.41108 -12.833 -13.179 -13.582 -14.218 -14.42 -14.456 -13.863 -14.262 -14.419 -14.453 -14.354 -14.157 -14.256 -14.443 -14.416 -14.294 -14.127 -14.46 -14.424 -14.301 -14.179 -14.112 -14.388 -14.443 -14.364 -13.698 -13.283 -12.761 -14.383
0.423513 -12.816 -13.166 -13.58 -14.231 -14.442 -14.486 -13.874 -14.277 -14.441 -14.482 -14.389 -14.196 -14.27 -14.468 -14.449 -14.331 -14.167 -14.486 -14.456 -14.338 -14.218 -14.152 -14.42 -14.471 -14.398 -13.742 -13.33 -12.809 -14.414
0.436321 -12.797 -13.152 -13.576 -14.243 -14.464 -14.515 -13.885 -14.29 -14.463 -14.512 -14.423 -14.235 -14.283 -14.492 -14.481 -14.367 -14.206 -14.512 -14.489 -14.375 -14.257 -14.192 -14.451 -14.499 -14.432 -13.785 -13.376 -12.857 -14.444
0.449518 -12.778 -13.136 -13.571 -14.253 -14.485 -14.543 -13.894 -14.303 -14.484 -14.54 -14.457 -14.274 -14.295 -14.516 -14.513 -14.403 -14.245 -14.536 -14.521 -14.411 -14.295 -14.232 -14.482 -14.526 -14.466 -13.829 -13.421 -12.905 -14.474
0.463113 -12.756 -13.118 -13.565 -14.263 -14.505 -14.571 -13.903 -14.314 -14.504 -14.568 -14.491 -14.312 -14.306 -14.539 -14.544 -14.439 -14.284 -14.56 -14.552 -14.446 -14.334 -14.271 -14.512 -14.553 -14.499 -13.872 -13.467 -12.952 -14.503
0.47712 -12.734 -13.099 -13.557 -14.272 -14.524 -14.598 -13.911 -14.325 -14.523 -14.595 -14.524 -14.35 -14.317 -14.561 -14.575 -14.474 -14.323 -14.583 -14.583 -14.482 -14.371 -14.31 -14.542 -14.579 -14.532 -13.915 -13.512 -13.0 -14.532
0.49155 -12.709 -13.079 -13.548 -14.28 -14.542 -14.625 -13.918 -14.335 -14.542 -14.622 -14.556 -14.387 -14.326 -14.582 -14.605 -14.509 -14.361 -14.606 -14.613 -14.516 -14.408 -14.349 -14.571 -14.604 -14.564 -13.958 -13.557 -13.047 -14.56
0.506416 -12.684 -13.056 -13.538 -14.286 -14.56 -14.65 -13.925 -14.343 -14.559 -14.648 -14.588 -14.424 -14.334 -14.602 -14.634 -14.543 -14.398 -14.627 -14.642 -14.55 -14.445 -14.387 -14.599 -14.628 -14.595 -14.0 -13.602 -13.093 -14.587
0.521733 -12.656 -13.032 -13.526 -14.292 -14.576 -14.675 -13.93 -14.35 -14.576 -14.673 -14.619 -14.46 -14.341 -14.622 -14.663 -14.576 -14.435 -14.648 -14.671 -14.584 -14.482 -14.424 -14.627 -14.652 -14.626 -14.042 -13.647 -13.14 -14.614
0.537512 -12.627 -13.005 -13.512 -14.296 -14.592 -14.699 -13.934 -14.357 -14.592 -14.697 -14.65 -14.496 -14.346 -14.641 -14.691 -14.609 -14.472 -14.668 -14.699 -14.617 -14.518 -14.462 -14.654 -14.675 -14.656 -14.083 -13.691 -13.186 -14.64
0.553769 -12.596 -12.977 -13.497 -14.298 -14.606 -14.723 -13.938 -14.361 -14.606 -14.721 -14.68 -14.531 -14.35 -14.658 -14.719 -14.642 -14.508 -14.687 -14.726 -14.65 -14.553 -14.499 -14.68 -14.697 -14.686 -14.125 -13.735 -13.232 -14.665
0.570517 -12.563 -12.947 -13.481 -14.3 -14.619 -14.745 -13.94 -14.365 -14.62 -14.743 -14.709 -14.566 -14.353 -14.675 -14.745 -14.674 -14.543 -14.705 -14.753 -14.681 -14.588 -14.535 -14.706 -14.718 -14.715 -14.165 -13.778 -13.278 -14.689
