web/models/kne.last_good/kappa_0.5_3.0.v1/26/villar_0.0035_0.2650_3.0000.dat
# %ECSV 1.0
# ---
# datatype:
# - {name: time, datatype: float64}
# - {name: swift_uvot_uvw2, datatype: float64}
# - {name: swift_uvot_uvm2, datatype: float64}
# - {name: swift_uvot_uvw1, datatype: float64}
# - {name: swift_uvot_U, datatype: float64}
# - {name: swift_uvot_B, datatype: float64}
# - {name: swift_uvot_V, datatype: float64}
# - {name: swift_uvot_W, datatype: float64}
# - {name: johnson_U, datatype: float64}
# - {name: johnson_B, datatype: float64}
# - {name: johnson_V, datatype: float64}
# - {name: johnson_R, datatype: float64}
# - {name: johnson_I, datatype: float64}
# - {name: sdss_u, datatype: float64}
# - {name: sdss_g, datatype: float64}
# - {name: sdss_r, datatype: float64}
# - {name: sdss_i, datatype: float64}
# - {name: sdss_z, datatype: float64}
# - {name: PS1_g, datatype: float64}
# - {name: PS1_r, datatype: float64}
# - {name: PS1_i, datatype: float64}
# - {name: PS1_z, datatype: float64}
# - {name: PS1_Y, datatype: float64}
# - {name: PS1_w, datatype: float64}
# - {name: ATLAS_c, datatype: float64}
# - {name: ATLAS_o, datatype: float64}
# - {name: ukirt_J, datatype: float64}
# - {name: ukirt_H, datatype: float64}
# - {name: ukirt_K, datatype: float64}
# - {name: Clear, datatype: float64}
# meta: !!omap
# - comment: [kappa = 3.0, type = villar, mass = 0.003465724215782086, velocity = 0.265, theta_obs = 0.0]
# schema: astropy-2.0
time swift_uvot_uvw2 swift_uvot_uvm2 swift_uvot_uvw1 swift_uvot_U swift_uvot_B swift_uvot_V swift_uvot_W johnson_U johnson_B johnson_V johnson_R johnson_I sdss_u sdss_g sdss_r sdss_i sdss_z PS1_g PS1_r PS1_i PS1_z PS1_Y PS1_w ATLAS_c ATLAS_o ukirt_J ukirt_H ukirt_K Clear
[from data line 293]
6.187096 16.512 21.727 29.25 31.037 25.211 21.081 18.722 30.041 24.589 20.573 16.704 14.213 30.631 23.275 18.788 16.148 14.162 15.245 15.395 14.955 14.002 12.648 17.254 20.282 16.953 11.521 10.147 9.233 13.437
6.37422 17.982 23.197 30.72 32.507 26.681 22.551 20.192 31.511 26.059 22.043 18.174 15.683 32.101 24.745 20.258 17.618 15.632 16.715 16.865 16.425 15.472 14.118 18.725 21.752 18.423 12.991 11.617 10.703 14.907
6.567004 19.542 24.758 32.28 34.067 28.241 24.112 21.753 33.071 27.62 23.603 19.734 17.244 33.661 26.305 21.818 19.179 17.192 18.275 18.425 17.985 17.032 15.678 20.285 23.313 19.984 14.552 13.178 12.263 16.467
6.765619 21.198 26.414 33.936 35.724 29.898 25.768 23.409 34.728 29.276 25.26 21.39 18.9 35.317 27.962 23.474 20.835 18.849 19.932 20.081 19.641 18.689 17.335 21.941 24.969 21.64 16.208 14.834 13.92 18.124
6.97024 22.956 28.172 35.694 37.482 31.656 27.526 25.167 36.485 31.034 27.018 23.148 20.658 37.075 29.72 25.232 22.593 20.607 21.69 21.839 21.399 20.447 19.092 23.699 26.727 23.398 17.966 16.592 15.678 19.881
7.181051 24.822 30.038 37.56 39.347 33.521 29.392 27.033 38.351 32.9 28.883 25.014 22.524 38.941 31.585 27.098 24.459 22.472 23.555 23.705 23.265 22.312 20.958 25.565 28.593 25.263 19.832 18.458 17.543 21.747
7.398237 26.803 32.018 39.541 41.328 35.502 31.372 29.013 40.332 34.88 30.864 26.994 24.504 40.921 33.566 29.078 26.439 24.453 25.536 25.686 25.246 24.293 22.939 27.545 30.573 27.244 21.812 20.438 19.524 23.728
7.621991 28.905 34.12 41.643 43.43 37.604 33.474 31.115 42.434 36.982 32.966 29.097 26.606 43.023 35.668 31.18 28.541 26.555 27.638 27.788 27.348 26.395 25.041 29.647 32.675 29.346 23.914 22.54 21.626 25.83
7.852513 31.136 36.351 43.874 45.661 39.835 35.705 33.346 44.665 39.213 35.197 31.328 28.837 45.255 37.899 33.412 30.772 28.786 29.869 30.019 29.579 28.626 27.272 31.878 34.906 31.577 26.145 24.771 23.857 28.061
8.090007 33.504 38.72 46.242 48.029 42.203 38.073 35.714 47.033 41.581 37.565 33.696 31.205 47.623 40.267 35.78 33.14 31.154 32.237 32.387 31.947 30.994 29.64 34.247 37.274 33.945 28.513 27.139 26.225 30.429
8.334684 36.017 41.233 48.755 50.543 44.717 40.587 38.228 49.546 44.095 40.079 36.209 33.719 50.136 42.781 38.293 35.654 33.668 34.751 34.9 34.46 33.508 32.153 36.76 39.788 36.459 31.027 29.653 28.739 32.942
8.586761 38.685 43.901 51.423 53.21 47.384 43.255 40.896 52.214 46.763 42.746 38.877 36.387 52.804 45.448 40.961 38.322 36.335 37.418 37.568 37.128 36.175 34.821 39.428 42.456 39.126 33.695 32.321 31.406 35.61
8.846461 41.517 46.733 54.255 56.042 50.216 46.086 43.727 55.046 49.594 45.578 41.709 39.218 55.636 48.28 43.793 41.153 39.167 40.25 40.4 39.96 39.007 37.653 42.26 45.287 41.958 36.526 35.152 34.238 38.442
9.114017 44.522 49.738 57.26 59.048 53.222 49.092 46.733 58.051 52.6 48.584 44.714 42.224 58.641 51.286 46.798 44.159 42.173 43.256 43.405 42.965 42.013 40.658 45.265 48.293 44.964 39.532 38.158 37.244 41.447
9.389664 47.712 52.928 60.45 62.238 56.412 52.282 49.923 61.242 55.79 51.774 47.904 45.414 61.831 54.476 49.988 47.349 45.363 46.446 46.595 46.155 45.203 43.849 48.455 51.483 48.154 42.722 41.348 40.434 44.638
9.673648 51.098 56.314 63.836 65.624 59.798 55.668 53.309 64.627 59.176 55.16 51.29 48.8 65.217 57.862 53.374 50.735 48.749 49.832 49.981 49.541 48.589 47.234 51.841 54.869 51.54 46.108 44.734 43.82 48.024
9.966221 54.692 59.908 67.43 69.217 63.391 59.262 56.903 68.221 62.77 58.754 54.884 52.394 68.811 61.456 56.968 54.329 52.343 53.426 53.575 53.135 52.182 50.828 55.435 58.463 55.134 49.702 48.328 47.414 51.617
10.267642 58.507 63.722 71.245 73.032 67.206 63.076 60.717 72.036 66.584 62.568 58.699 56.208 72.626 65.27 60.783 58.143 56.157 57.24 57.39 56.95 55.997 54.643 59.25 62.277 58.948 53.516 52.142 51.228 55.432
10.57818 62.556 67.771 75.294 77.081 71.255 67.125 64.766 76.085 70.633 66.617 62.747 60.257 76.674 69.319 64.831 62.192 60.206 61.289 61.439 60.999 60.046 58.692 63.298 66.326 62.997 57.565 56.191 55.277 59.481
10.89811 66.853 72.069 79.591 81.378 75.552 71.422 69.064 80.382 74.93 70.914 67.045 64.554 80.972 73.616 69.129 66.489 64.503 65.586 65.736 65.296 64.343 62.989 67.596 70.623 67.294 61.863 60.489 59.574 63.778
11.227716 71.414 76.63 84.152 85.939 80.113 75.984 73.625 84.943 79.492 75.475 71.606 69.116 85.533 78.177 73.69 71.051 69.064 70.147 70.297 69.857 68.904 67.55 72.157 75.185 71.856 66.424 65.05 64.135 68.339
11.56729 76.256 81.471 88.994 90.781 84.955 80.825 78.466 89.785 84.333 80.317 76.447 73.957 90.374 83.019 78.531 75.892 73.906 74.989 75.138 74.698 73.746 72.392 76.998 80.026 76.697 71.265 69.891 68.977 73.181
11.917135 81.394 86.61 94.132 95.919 90.093 85.964 83.605 94.923 89.472 85.455 81.586 79.096 95.513 88.157 83.67 81.031 79.044 80.127 80.277 79.837 78.884 77.53 82.137 85.165 81.835 76.404 75.03 74.115 78.319
12.277561 86.848 92.064 99.586 101.373 95.547 91.418 89.059 100.377 94.926 90.91 87.04 84.55 100.967 93.612 89.124 86.485 84.499 85.582 85.731 85.291 84.339 82.984 87.591 90.619 87.29 81.858 80.484 79.57 83.773
12.648887 92.637 97.853 105.375 107.163 101.337 97.207 94.848 106.166 100.715 96.699 92.829 90.339 106.756 99.401 94.913 92.274 90.288 91.371 91.52 91.08 90.128 88.773 93.38 96.408 93.079 87.647 86.273 85.359 89.562
13.031444 98.782 103.997 111.52 113.307 107.481 103.351 100.992 112.311 106.859 102.843 98.974 96.483 112.901 105.545 101.058 98.418 96.432 97.515 97.665 97.225 96.272 94.918 99.525 102.552 99.223 93.791 92.417 91.503 95.707
13.425571 105.304 110.519 118.042 119.829 114.003 109.873 107.514 118.833 113.381 109.365 105.495 103.005 119.422 112.067 107.579 104.94 102.954 104.037 104.187 103.747 102.794 101.44 106.046 109.074 105.745 100.313 98.939 98.025 102.229
13.831619 112.226 117.442 124.964 126.751 120.925 116.795 114.436 125.755 120.303 116.287 112.418 109.927 126.345 118.989 114.502 111.862 109.876 110.959 111.109 110.669 109.716 108.362 112.969 115.996 112.667 107.235 105.861 104.947 109.151
14.249947 119.573 124.789 132.311 134.098 128.272 124.143 121.784 133.102 127.651 123.634 119.765 117.275 133.692 126.336 121.849 119.21 117.223 118.306 118.456 118.016 117.063 115.709 120.316 123.344 120.014 114.583 113.209 112.294 116.498
14.680926 127.372 132.587 140.11 141.897 136.071 131.941 129.582 140.901 135.449 131.433 127.563 125.073 141.49 134.135 129.647 127.008 125.022 126.105 126.255 125.815 124.862 123.508 128.114 131.142 127.813 122.381 121.007 120.093 124.297
15.124941 135.649 140.865 148.387 150.174 144.348 140.218 137.859 149.178 143.726 139.71 135.841 133.35 149.768 142.412 137.925 135.285 133.299 134.382 134.532 134.092 133.139 131.785 136.392 139.419 136.09 130.659 129.285 128.37 132.574
15.582385 144.434 149.65 157.172 158.96 153.134 149.004 146.645 157.964 152.512 148.496 144.626 142.136 158.553 151.198 146.71 144.071 142.085 143.168 143.317 142.877 141.925 140.571 145.177 148.205 144.876 139.444 138.07 137.156 141.36
16.053663 153.76 158.975 166.497 168.285 162.459 158.329 155.97 167.289 161.837 157.821 153.951 151.461 167.878 160.523 156.035 153.396 151.41 152.493 152.642 152.202 151.25 149.896 154.502 157.53 154.201 148.769 147.395 146.481 150.685
16.539195 163.657 168.873 176.395 178.182 172.356 168.227 165.868 177.186 171.734 167.718 163.849 161.359 177.776 170.42 165.933 163.294 161.307 162.39 162.54 162.1 161.147 159.793 164.4 167.427 164.098 158.667 157.293 156.378 160.582
17.039412 174.162 179.378 186.9 188.688 182.862 178.732 176.373 187.691 182.24 178.224 174.354 171.864 188.281 180.926 176.438 173.799 171.813 172.896 173.045 172.605 171.653 170.298 174.905 177.933 174.604 169.172 167.798 166.884 171.088
17.554757 185.313 190.529 198.051 199.838 194.012 189.882 187.523 198.842 193.39 189.374 185.505 183.014 199.432 192.076 187.589 184.949 182.963 184.046 184.196 183.756 182.803 181.449 186.056 189.083 185.754 180.322 178.948 178.034 182.238
18.085689 197.148 202.364 209.886 211.673 205.847 201.717 199.358 210.677 205.225 201.209 197.34 194.849 211.267 203.911 199.424 196.784 194.798 195.881 196.031 195.591 194.638 193.284 197.891 200.918 197.589 192.158 190.784 189.869 194.073
18.632678 209.71 214.925 222.448 224.235 218.409 214.279 211.92 223.239 217.787 213.771 209.902 207.411 223.829 216.473 211.986 209.346 207.36 208.443 208.593 208.153 207.2 205.846 210.452 213.48 210.151 204.719 203.345 202.431 206.635
19.196211 223.043 228.259 235.781 237.568 231.742 227.612 225.253 236.572 231.12 227.104 223.235 220.744 237.162 229.806 225.319 222.679 220.693 221.776 221.926 221.486 220.533 219.179 223.786 226.813 223.484 218.052 216.678 215.764 219.968
19.776787 237.195 242.41 249.933 251.72 245.894 241.764 239.405 250.724 245.272 241.256 237.387 234.896 251.313 243.958 239.471 236.831 234.845 235.928 236.078 235.638 234.685 233.331 237.937 240.965 237.636 232.204 230.83 229.916 234.12
20.374923 252.216 257.431 264.954 266.741 260.915 256.785 254.426 265.745 260.293 256.277 252.407 249.917 266.334 258.979 254.491 251.852 249.866 250.949 251.098 250.658 249.706 248.352 252.958 255.986 252.657 247.225 245.851 244.937 249.141
20.991149 268.159 273.374 280.897 282.684 276.858 272.728 270.369 281.688 276.236 272.22 268.35 265.86 282.277 274.922 270.434 267.795 265.809 266.892 267.042 266.602 265.649 264.295 268.901 271.929 268.6 263.168 261.794 260.88 265.084
21.626011 285.081 290.296 297.819 299.606 293.78 289.65 287.291 298.61 293.158 289.142 285.273 282.782 299.2 291.844 287.357 284.717 282.731 283.814 283.964 283.524 282.571 281.217 285.823 288.851 285.522 280.09 278.716 277.802 282.006
22.280075 303.042 308.258 315.78 317.567 311.741 307.611 305.252 316.571 311.119 307.103 303.234 300.743 317.161 309.805 305.318 302.678 300.692 301.775 301.925 301.485 300.532 299.178 303.785 306.812 303.483 298.052 296.677 295.763 299.967
22.953921 322.106 327.322 334.844 336.631 330.805 326.675 324.317 335.635 330.183 326.167 322.298 319.807 336.225 328.869 324.382 321.742 319.756 320.839 320.989 320.549 319.596 318.242 322.849 325.876 322.547 317.116 315.742 314.827 319.031
23.648147 342.341 347.556 355.079 356.866 351.04 346.91 344.551 355.87 350.418 346.402 342.532 340.042 356.459 349.104 344.616 341.977 339.991 341.074 341.224 340.783 339.831 338.477 343.083 346.111 342.782 337.35 335.976 335.062 339.266
24.363369 363.818 369.033 376.556 378.343 372.517 368.387 366.028 377.347 371.895 367.879 364.01 361.519 377.937 370.581 366.094 363.454 361.468 362.551 362.701 362.261 361.308 359.954 364.56 367.588 364.259 358.827 357.453 356.539 360.743
25.100222 386.614 391.829 399.352 401.139 395.313 391.183 388.824 400.143 394.691 390.675 386.805 384.315 400.732 393.377 388.889 386.25 384.264 385.347 385.497 385.056 384.104 382.75 387.356 390.384 387.055 381.623 380.249 379.335 383.539
25.859362 410.809 416.025 423.547 425.334 419.508 415.379 413.02 424.338 418.887 414.87 411.001 408.511 424.928 417.572 413.085 410.446 408.459 409.542 409.692 409.252 408.299 406.945 411.552 414.58 411.25 405.819 404.445 403.53 407.734
26.64146 436.491 441.706 449.229 451.016 445.19 441.06 438.701 450.02 444.568 440.552 436.682 434.192 450.609 443.254 438.766 436.127 434.141 435.224 435.373 434.933 433.981 432.627 437.233 440.261 436.932 431.5 430.126 429.212 433.416
27.447213 463.749 468.964 476.487 478.274 472.448 468.318 465.959 477.278 471.826 467.81 463.941 461.45 477.868 470.512 466.025 463.385 461.399 462.482 462.632 462.192 461.239 459.885 464.491 467.519 464.19 458.758 457.384 456.47 460.674
28.277335 492.681 497.896 505.419 507.206 501.38 497.25 494.891 506.21 500.758 496.742 492.873 490.382 506.8 499.444 494.957 492.317 490.331 491.414 491.564 491.124 490.171 488.817 493.423 496.451 493.122 487.69 486.316 485.402 489.606
29.132564 523.389 528.605 536.127 537.914 532.088 527.959 525.6 536.918 531.467 527.451 523.581 521.091 537.508 530.153 525.665 523.026 521.039 522.123 522.272 521.832 520.879 519.525 524.132 527.16 523.831 518.399 517.025 516.11 520.314
30.013659 555.983 561.199 568.721 570.509 564.683 560.553 558.194 569.512 564.061 560.045 556.175 553.685 570.102 562.747 558.259 555.62 553.634 554.717 554.866 554.426 553.474 552.119 556.726 559.754 556.425 550.993 549.619 548.705 552.908
30.921401 590.579 595.795 603.317 605.104 599.278 595.148 592.789 604.108 598.656 594.64 590.771 588.28 604.698 597.342 592.855 590.215 588.229 589.312 589.462 589.022 588.069 586.715 591.322 594.349 591.02 585.589 584.214 583.3 587.504
31.856598 627.299 632.514 640.037 641.824 635.998 631.868 629.509 640.828 635.376 631.36 627.491 625.0 641.417 634.062 629.574 626.935 624.949 626.032 626.182 625.742 624.789 623.435 628.041 631.069 627.74 622.308 620.934 620.02 624.224
32.820079 666.273 671.489 679.011 680.798 674.972 670.843 668.484 679.802 674.35 670.334 666.465 663.975 680.392 673.036 668.549 665.91 663.923 665.006 665.156 664.716 663.763 662.409 667.016 670.044 666.714 661.283 659.909 658.994 663.198
33.8127 707.641 712.856 720.379 722.166 716.34 712.21 709.851 721.17 715.718 711.702 707.833 705.342 721.76 714.404 709.917 707.277 705.291 706.374 706.524 706.084 705.131 703.777 708.384 711.411 708.082 702.65 701.276 700.362 704.566
34.835342 751.549 756.764 764.287 766.074 760.248 756.118 753.759 765.078 759.626 755.61 751.74 749.25 765.667 758.312 753.824 751.185 749.199 750.282 750.432 749.992 749.039 747.685 752.291 755.319 751.99 746.558 745.184 744.27 748.474
35.888913 nan nan nan nan nan nan nan nan nan nan nan nan nan nan nan nan nan nan nan nan nan nan nan nan nan nan nan nan nan
36.974349 nan nan nan nan nan nan nan nan nan nan nan nan nan nan nan nan nan nan nan nan nan nan nan nan nan nan nan nan nan
38.092613 nan nan nan nan nan nan nan nan nan nan nan nan nan nan nan nan nan nan nan nan nan nan nan nan nan nan nan nan nan
39.244698 nan nan nan nan nan nan nan nan nan nan nan nan nan nan nan nan nan nan nan nan nan nan nan nan nan nan nan nan nan
40.431627 nan nan nan nan nan nan nan nan nan nan nan nan nan nan nan nan nan nan nan nan nan nan nan nan nan nan nan nan nan
41.654454 nan nan nan nan nan nan nan nan nan nan nan nan nan nan nan nan nan nan nan nan nan nan nan nan nan nan nan nan nan
42.914265 nan nan nan nan nan nan nan nan nan nan nan nan nan nan nan nan nan nan nan nan nan nan nan nan nan nan nan nan nan
44.212178 nan nan nan nan nan nan nan nan nan nan nan nan nan nan nan nan nan nan nan nan nan nan nan nan nan nan nan nan nan
45.549345 nan nan nan nan nan nan nan nan nan nan nan nan nan nan nan nan nan nan nan nan nan nan nan nan nan nan nan nan nan
46.926954 nan nan nan nan nan nan nan nan nan nan nan nan nan nan nan nan nan nan nan nan nan nan nan nan nan nan nan nan nan
48.346227 nan nan nan nan nan nan nan nan nan nan nan nan nan nan nan nan nan nan nan nan nan nan nan nan nan nan nan nan nan
49.808426 nan nan nan nan nan nan nan nan nan nan nan nan nan nan nan nan nan nan nan nan nan nan nan nan nan nan nan nan nan
51.314848 nan nan nan nan nan nan nan nan nan nan nan nan nan nan nan nan nan nan nan nan nan nan nan nan nan nan nan nan nan
52.86683 nan nan nan nan nan nan nan nan nan nan nan nan nan nan nan nan nan nan nan nan nan nan nan nan nan nan nan nan nan
54.465752 nan nan nan nan nan nan nan nan nan nan nan nan nan nan nan nan nan nan nan nan nan nan nan nan nan nan nan nan nan
56.113031 nan nan nan nan nan nan nan nan nan nan nan nan nan nan nan nan nan nan nan nan nan nan nan nan nan nan nan nan nan
57.810132 nan nan nan nan nan nan nan nan nan nan nan nan nan nan nan nan nan nan nan nan nan nan nan nan nan nan nan nan nan
59.55856 nan nan nan nan nan nan nan nan nan nan nan nan nan nan nan nan nan nan nan nan nan nan nan nan nan nan nan nan nan
61.359868 nan nan nan nan nan nan nan nan nan nan nan nan nan nan nan nan nan nan nan nan nan nan nan nan nan nan nan nan nan
63.215655 nan nan nan nan nan nan nan nan nan nan nan nan nan nan nan nan nan nan nan nan nan nan nan nan nan nan nan nan nan
