web/models/kne.last_good/kappa_0.5_3.0.v1/26/villar_0.0775_0.3277_3.0000.dat
# %ECSV 1.0
# ---
# datatype:
# - {name: time, datatype: float64}
# - {name: swift_uvot_uvw2, datatype: float64}
# - {name: swift_uvot_uvm2, datatype: float64}
# - {name: swift_uvot_uvw1, datatype: float64}
# - {name: swift_uvot_U, datatype: float64}
# - {name: swift_uvot_B, datatype: float64}
# - {name: swift_uvot_V, datatype: float64}
# - {name: swift_uvot_W, datatype: float64}
# - {name: johnson_U, datatype: float64}
# - {name: johnson_B, datatype: float64}
# - {name: johnson_V, datatype: float64}
# - {name: johnson_R, datatype: float64}
# - {name: johnson_I, datatype: float64}
# - {name: sdss_u, datatype: float64}
# - {name: sdss_g, datatype: float64}
# - {name: sdss_r, datatype: float64}
# - {name: sdss_i, datatype: float64}
# - {name: sdss_z, datatype: float64}
# - {name: PS1_g, datatype: float64}
# - {name: PS1_r, datatype: float64}
# - {name: PS1_i, datatype: float64}
# - {name: PS1_z, datatype: float64}
# - {name: PS1_Y, datatype: float64}
# - {name: PS1_w, datatype: float64}
# - {name: ATLAS_c, datatype: float64}
# - {name: ATLAS_o, datatype: float64}
# - {name: ukirt_J, datatype: float64}
# - {name: ukirt_H, datatype: float64}
# - {name: ukirt_K, datatype: float64}
# - {name: Clear, datatype: float64}
# meta: !!omap
# - comment: [kappa = 3.0, type = villar, mass = 0.07749594937791414, velocity = 0.32766666666666666, theta_obs = 0.0]
# schema: astropy-2.0
time swift_uvot_uvw2 swift_uvot_uvm2 swift_uvot_uvw1 swift_uvot_U swift_uvot_B swift_uvot_V swift_uvot_W johnson_U johnson_B johnson_V johnson_R johnson_I sdss_u sdss_g sdss_r sdss_i sdss_z PS1_g PS1_r PS1_i PS1_z PS1_Y PS1_w ATLAS_c ATLAS_o ukirt_J ukirt_H ukirt_K Clear
[from data line 146]
0.077495 -12.288 -12.525 -12.732 -13.052 -13.068 -12.965 -12.78 -13.064 -13.065 -12.958 -12.76 -12.479 -13.064 -13.041 -12.861 -12.66 -12.437 -13.04 -12.871 -12.67 -12.504 -12.423 -12.857 -12.975 -12.776 -11.928 -11.471 -10.914 -12.875
0.079839 -12.296 -12.538 -12.751 -13.082 -13.103 -13.005 -12.805 -13.094 -13.101 -12.998 -12.803 -12.525 -13.095 -13.078 -12.903 -12.705 -12.483 -13.078 -12.913 -12.714 -12.55 -12.469 -12.898 -13.015 -12.819 -11.977 -11.521 -10.966 -12.915
0.082253 -12.304 -12.55 -12.769 -13.111 -13.139 -13.045 -12.83 -13.125 -13.136 -13.038 -12.847 -12.571 -13.125 -13.115 -12.945 -12.749 -12.53 -13.115 -12.955 -12.758 -12.596 -12.515 -12.939 -13.054 -12.862 -12.026 -11.572 -11.017 -12.956
0.084741 -12.311 -12.562 -12.787 -13.14 -13.174 -13.084 -12.855 -13.155 -13.171 -13.078 -12.89 -12.617 -13.155 -13.152 -12.987 -12.794 -12.576 -13.153 -12.996 -12.803 -12.641 -12.561 -12.98 -13.093 -12.905 -12.075 -11.622 -11.068 -12.996
0.087304 -12.318 -12.573 -12.805 -13.169 -13.209 -13.124 -12.88 -13.184 -13.206 -13.118 -12.933 -12.662 -13.184 -13.189 -13.028 -12.838 -12.622 -13.19 -13.038 -12.847 -12.687 -12.607 -13.021 -13.131 -12.948 -12.123 -11.672 -11.12 -13.036
0.089944 -12.325 -12.584 -12.822 -13.197 -13.243 -13.163 -12.904 -13.214 -13.241 -13.157 -12.975 -12.708 -13.213 -13.225 -13.07 -12.882 -12.668 -13.227 -13.079 -12.891 -12.732 -12.653 -13.061 -13.17 -12.99 -12.172 -11.722 -11.171 -13.075
0.092665 -12.33 -12.594 -12.839 -13.225 -13.278 -13.202 -12.928 -13.243 -13.275 -13.196 -13.018 -12.753 -13.242 -13.261 -13.111 -12.926 -12.714 -13.263 -13.12 -12.935 -12.778 -12.698 -13.102 -13.208 -13.033 -12.221 -11.772 -11.222 -13.115
0.095467 -12.336 -12.604 -12.855 -13.252 -13.312 -13.241 -12.952 -13.272 -13.31 -13.235 -13.06 -12.799 -13.271 -13.297 -13.152 -12.97 -12.76 -13.3 -13.161 -12.978 -12.823 -12.744 -13.142 -13.246 -13.075 -12.269 -11.822 -11.274 -13.154
0.098355 -12.34 -12.613 -12.871 -13.28 -13.346 -13.28 -12.975 -13.3 -13.343 -13.274 -13.103 -12.844 -13.299 -13.332 -13.193 -13.013 -12.805 -13.336 -13.202 -13.022 -12.868 -12.789 -13.182 -13.284 -13.117 -12.318 -11.872 -11.325 -13.193
0.101329 -12.345 -12.622 -12.887 -13.307 -13.379 -13.319 -12.998 -13.328 -13.377 -13.313 -13.145 -12.889 -13.327 -13.368 -13.234 -13.057 -12.851 -13.372 -13.243 -13.065 -12.913 -12.835 -13.222 -13.321 -13.159 -12.366 -11.922 -11.376 -13.232
0.104394 -12.348 -12.629 -12.902 -13.333 -13.412 -13.357 -13.021 -13.356 -13.41 -13.351 -13.187 -12.934 -13.354 -13.403 -13.275 -13.1 -12.896 -13.408 -13.283 -13.109 -12.958 -12.88 -13.261 -13.359 -13.201 -12.414 -11.972 -11.427 -13.271
0.107551 -12.351 -12.637 -12.916 -13.359 -13.445 -13.395 -13.044 -13.383 -13.443 -13.389 -13.229 -12.979 -13.381 -13.437 -13.315 -13.144 -12.942 -13.443 -13.324 -13.152 -13.002 -12.925 -13.301 -13.396 -13.242 -12.462 -12.022 -11.478 -13.31
0.110804 -12.354 -12.644 -12.93 -13.385 -13.478 -13.433 -13.067 -13.41 -13.476 -13.427 -13.27 -13.024 -13.408 -13.472 -13.355 -13.187 -12.987 -13.478 -13.364 -13.195 -13.047 -12.97 -13.34 -13.433 -13.284 -12.511 -12.071 -11.529 -13.348
0.114155 -12.356 -12.65 -12.944 -13.411 -13.511 -13.47 -13.089 -13.437 -13.509 -13.465 -13.312 -13.068 -13.435 -13.506 -13.395 -13.23 -13.032 -13.513 -13.404 -13.238 -13.091 -13.015 -13.379 -13.47 -13.325 -12.559 -12.121 -11.58 -13.386
0.117608 -12.357 -12.656 -12.957 -13.436 -13.543 -13.508 -13.11 -13.463 -13.541 -13.503 -13.353 -13.113 -13.461 -13.54 -13.435 -13.272 -13.077 -13.548 -13.443 -13.281 -13.136 -13.06 -13.418 -13.506 -13.366 -12.607 -12.171 -11.631 -13.424
0.121165 -12.358 -12.661 -12.969 -13.46 -13.575 -13.545 -13.132 -13.489 -13.573 -13.54 -13.394 -13.157 -13.486 -13.574 -13.475 -13.315 -13.122 -13.582 -13.483 -13.323 -13.18 -13.105 -13.457 -13.542 -13.407 -12.654 -12.22 -11.682 -13.462
0.124829 -12.359 -12.665 -12.981 -13.485 -13.606 -13.582 -13.153 -13.515 -13.604 -13.577 -13.435 -13.201 -13.512 -13.608 -13.514 -13.358 -13.166 -13.617 -13.522 -13.366 -13.224 -13.15 -13.495 -13.578 -13.447 -12.702 -12.27 -11.732 -13.5
0.128605 -12.358 -12.669 -12.993 -13.509 -13.637 -13.619 -13.174 -13.54 -13.636 -13.614 -13.476 -13.245 -13.536 -13.641 -13.553 -13.4 -13.211 -13.65 -13.561 -13.408 -13.268 -13.194 -13.534 -13.614 -13.488 -12.75 -12.319 -11.783 -13.537
0.132494 -12.357 -12.672 -13.004 -13.532 -13.668 -13.655 -13.195 -13.565 -13.667 -13.65 -13.516 -13.289 -13.561 -13.674 -13.592 -13.442 -13.255 -13.684 -13.6 -13.45 -13.312 -13.239 -13.572 -13.65 -13.528 -12.798 -12.368 -11.834 -13.575
0.136502 -12.356 -12.674 -13.015 -13.555 -13.699 -13.692 -13.216 -13.589 -13.697 -13.687 -13.557 -13.333 -13.585 -13.706 -13.631 -13.484 -13.299 -13.717 -13.639 -13.492 -13.356 -13.283 -13.61 -13.685 -13.568 -12.845 -12.417 -11.884 -13.612
0.14063 -12.354 -12.676 -13.025 -13.578 -13.729 -13.728 -13.236 -13.613 -13.728 -13.723 -13.597 -13.377 -13.609 -13.739 -13.67 -13.526 -13.344 -13.751 -13.678 -13.534 -13.399 -13.328 -13.647 -13.72 -13.608 -12.892 -12.467 -11.935 -13.648
0.144883 -12.351 -12.678 -13.034 -13.6 -13.759 -13.763 -13.256 -13.637 -13.758 -13.759 -13.637 -13.42 -13.632 -13.771 -13.708 -13.568 -13.388 -13.783 -13.716 -13.575 -13.443 -13.372 -13.685 -13.755 -13.648 -12.94 -12.516 -11.986 -13.685
0.149265 -12.348 -12.678 -13.043 -13.622 -13.789 -13.799 -13.275 -13.66 -13.787 -13.794 -13.677 -13.464 -13.655 -13.802 -13.746 -13.609 -13.431 -13.816 -13.754 -13.617 -13.486 -13.416 -13.722 -13.789 -13.688 -12.987 -12.565 -12.036 -13.721
0.15378 -12.344 -12.678 -13.052 -13.643 -13.818 -13.834 -13.295 -13.683 -13.817 -13.83 -13.716 -13.507 -13.677 -13.834 -13.784 -13.65 -13.475 -13.848 -13.792 -13.658 -13.529 -13.46 -13.759 -13.824 -13.727 -13.034 -12.614 -12.087 -13.757
0.15843 -12.34 -12.677 -13.06 -13.664 -13.847 -13.869 -13.314 -13.705 -13.846 -13.865 -13.756 -13.55 -13.7 -13.865 -13.822 -13.691 -13.519 -13.88 -13.83 -13.699 -13.572 -13.503 -13.796 -13.858 -13.766 -13.081 -12.663 -12.137 -13.793
0.163222 -12.335 -12.676 -13.067 -13.685 -13.875 -13.904 -13.332 -13.727 -13.874 -13.9 -13.795 -13.593 -13.721 -13.896 -13.859 -13.732 -13.562 -13.912 -13.867 -13.74 -13.615 -13.547 -13.833 -13.891 -13.805 -13.128 -12.711 -12.187 -13.829
0.168159 -12.329 -12.674 -13.074 -13.705 -13.904 -13.938 -13.351 -13.749 -13.903 -13.934 -13.834 -13.636 -13.742 -13.926 -13.897 -13.773 -13.606 -13.943 -13.904 -13.781 -13.658 -13.591 -13.869 -13.925 -13.844 -13.175 -12.76 -12.237 -13.865
0.173245 -12.322 -12.671 -13.08 -13.724 -13.932 -13.972 -13.369 -13.77 -13.931 -13.969 -13.873 -13.678 -13.763 -13.956 -13.934 -13.814 -13.649 -13.974 -13.941 -13.821 -13.7 -13.634 -13.905 -13.958 -13.882 -13.222 -12.809 -12.288 -13.9
0.178484 -12.316 -12.668 -13.086 -13.744 -13.959 -14.006 -13.387 -13.79 -13.958 -14.003 -13.911 -13.721 -13.783 -13.986 -13.97 -13.854 -13.692 -14.005 -13.978 -13.862 -13.743 -13.677 -13.941 -13.991 -13.921 -13.268 -12.857 -12.338 -13.935
0.183882 -12.308 -12.663 -13.091 -13.762 -13.986 -14.04 -13.404 -13.81 -13.986 -14.037 -13.95 -13.763 -13.803 -14.016 -14.007 -13.894 -13.734 -14.035 -14.015 -13.902 -13.785 -13.721 -13.977 -14.024 -13.959 -13.315 -12.906 -12.388 -13.97
0.189444 -12.3 -12.658 -13.095 -13.78 -14.013 -14.073 -13.421 -13.83 -14.013 -14.07 -13.988 -13.805 -13.822 -14.045 -14.043 -13.934 -13.777 -14.065 -14.051 -13.942 -13.827 -13.764 -14.012 -14.056 -13.997 -13.361 -12.954 -12.438 -14.004
0.195173 -12.291 -12.653 -13.099 -13.798 -14.04 -14.106 -13.438 -13.849 -14.039 -14.103 -14.026 -13.847 -13.841 -14.074 -14.079 -13.974 -13.82 -14.095 -14.087 -13.982 -13.869 -13.807 -14.047 -14.088 -14.034 -13.408 -13.003 -12.488 -14.038
0.201076 -12.281 -12.646 -13.103 -13.815 -14.066 -14.139 -13.455 -13.868 -14.065 -14.136 -14.064 -13.889 -13.86 -14.102 -14.115 -14.014 -13.862 -14.125 -14.123 -14.021 -13.911 -13.849 -14.082 -14.12 -14.072 -13.454 -13.051 -12.538 -14.072
0.207158 -12.271 -12.639 -13.105 -13.832 -14.091 -14.172 -13.471 -13.886 -14.091 -14.169 -14.101 -13.931 -13.878 -14.13 -14.151 -14.053 -13.904 -14.154 -14.158 -14.061 -13.952 -13.892 -14.117 -14.151 -14.109 -13.5 -13.099 -12.588 -14.106
0.213423 -12.26 -12.631 -13.107 -13.848 -14.117 -14.204 -13.487 -13.904 -14.116 -14.201 -14.138 -13.972 -13.895 -14.158 -14.186 -14.092 -13.946 -14.183 -14.194 -14.1 -13.994 -13.935 -14.151 -14.182 -14.146 -13.546 -13.147 -12.637 -14.14
0.219878 -12.249 -12.622 -13.109 -13.864 -14.142 -14.236 -13.502 -13.922 -14.141 -14.233 -14.175 -14.013 -13.912 -14.186 -14.221 -14.131 -13.988 -14.211 -14.229 -14.139 -14.035 -13.977 -14.185 -14.213 -14.183 -13.592 -13.195 -12.687 -14.173
0.226528 -12.236 -12.613 -13.11 -13.879 -14.166 -14.267 -13.518 -13.938 -14.166 -14.265 -14.212 -14.055 -13.928 -14.213 -14.256 -14.17 -14.03 -14.239 -14.263 -14.178 -14.076 -14.019 -14.219 -14.243 -14.219 -13.637 -13.243 -12.737 -14.206
0.233379 -12.223 -12.602 -13.11 -13.894 -14.19 -14.298 -13.533 -13.955 -14.19 -14.296 -14.249 -14.095 -13.944 -14.239 -14.29 -14.209 -14.071 -14.267 -14.298 -14.216 -14.117 -14.061 -14.253 -14.274 -14.255 -13.683 -13.291 -12.786 -14.239
0.240437 -12.21 -12.591 -13.109 -13.908 -14.214 -14.329 -13.547 -13.97 -14.214 -14.327 -14.285 -14.136 -13.959 -14.266 -14.324 -14.247 -14.112 -14.294 -14.332 -14.255 -14.158 -14.103 -14.286 -14.303 -14.291 -13.728 -13.338 -12.836 -14.271
0.247709 -12.196 -12.579 -13.108 -13.921 -14.237 -14.36 -13.561 -13.986 -14.237 -14.358 -14.321 -14.177 -13.974 -14.291 -14.358 -14.285 -14.154 -14.321 -14.366 -14.293 -14.198 -14.145 -14.319 -14.333 -14.327 -13.774 -13.386 -12.885 -14.303
0.255201 -12.181 -12.566 -13.106 -13.934 -14.26 -14.39 -13.575 -14.0 -14.26 -14.388 -14.357 -14.217 -13.989 -14.317 -14.392 -14.323 -14.194 -14.347 -14.4 -14.331 -14.238 -14.186 -14.352 -14.362 -14.362 -13.819 -13.433 -12.934 -14.335
0.262919 -12.165 -12.552 -13.104 -13.947 -14.282 -14.42 -13.589 -14.015 -14.283 -14.418 -14.392 -14.257 -14.002 -14.342 -14.425 -14.361 -14.235 -14.374 -14.433 -14.368 -14.279 -14.228 -14.385 -14.391 -14.398 -13.864 -13.481 -12.984 -14.367
0.270871 -12.149 -12.538 -13.101 -13.959 -14.304 -14.449 -13.602 -14.028 -14.305 -14.448 -14.428 -14.297 -14.015 -14.367 -14.458 -14.398 -14.276 -14.399 -14.466 -14.406 -14.318 -14.269 -14.417 -14.419 -14.433 -13.909 -13.528 -13.033 -14.398
0.279064 -12.132 -12.522 -13.097 -13.97 -14.325 -14.478 -13.615 -14.041 -14.326 -14.477 -14.463 -14.337 -14.028 -14.391 -14.491 -14.435 -14.316 -14.425 -14.499 -14.443 -14.358 -14.31 -14.449 -14.447 -14.467 -13.954 -13.575 -13.082 -14.429
0.287504 -12.114 -12.506 -13.092 -13.981 -14.346 -14.507 -13.627 -14.054 -14.347 -14.506 -14.497 -14.376 -14.04 -14.415 -14.523 -14.472 -14.356 -14.45 -14.531 -14.48 -14.398 -14.351 -14.48 -14.475 -14.502 -13.999 -13.622 -13.131 -14.46
0.296199 -12.096 -12.489 -13.087 -13.991 -14.367 -14.535 -13.639 -14.065 -14.368 -14.535 -14.532 -14.415 -14.051 -14.438 -14.555 -14.509 -14.396 -14.474 -14.563 -14.517 -14.437 -14.392 -14.512 -14.502 -14.536 -14.043 -13.669 -13.18 -14.49
0.305157 -12.077 -12.47 -13.081 -14.0 -14.387 -14.563 -13.651 -14.077 -14.388 -14.563 -14.566 -14.454 -14.062 -14.461 -14.587 -14.545 -14.436 -14.498 -14.595 -14.553 -14.476 -14.432 -14.543 -14.529 -14.569 -14.087 -13.716 -13.229 -14.52
0.314387 -12.057 -12.451 -13.074 -14.009 -14.406 -14.591 -13.662 -14.087 -14.407 -14.591 -14.6 -14.493 -14.072 -14.483 -14.618 -14.581 -14.475 -14.522 -14.626 -14.589 -14.515 -14.472 -14.573 -14.556 -14.603 -14.132 -13.763 -13.278 -14.55
0.323895 -12.036 -12.431 -13.067 -14.017 -14.425 -14.618 -13.673 -14.098 -14.427 -14.618 -14.633 -14.532 -14.082 -14.506 -14.649 -14.617 -14.515 -14.545 -14.658 -14.625 -14.554 -14.513 -14.604 -14.582 -14.636 -14.176 -13.81 -13.326 -14.58
0.333691 -12.015 -12.41 -13.059 -14.024 -14.443 -14.645 -13.684 -14.107 -14.445 -14.645 -14.667 -14.57 -14.091 -14.527 -14.68 -14.652 -14.554 -14.568 -14.688 -14.661 -14.592 -14.553 -14.634 -14.608 -14.669 -14.22 -13.856 -13.375 -14.609
0.343783 -11.993 -12.388 -13.049 -14.031 -14.461 -14.672 -13.694 -14.116 -14.463 -14.672 -14.699 -14.608 -14.099 -14.548 -14.711 -14.688 -14.592 -14.591 -14.719 -14.696 -14.63 -14.592 -14.663 -14.633 -14.701 -14.264 -13.903 -13.424 -14.638
0.354181 -11.971 -12.365 -13.04 -14.037 -14.479 -14.698 -13.703 -14.124 -14.481 -14.698 -14.732 -14.646 -14.106 -14.569 -14.741 -14.723 -14.631 -14.613 -14.749 -14.731 -14.668 -14.632 -14.693 -14.658 -14.734 -14.307 -13.949 -13.472 -14.666
0.364893 -11.947 -12.341 -13.029 -14.043 -14.496 -14.723 -13.713 -14.131 -14.498 -14.724 -14.764 -14.684 -14.113 -14.589 -14.77 -14.757 -14.669 -14.634 -14.778 -14.766 -14.706 -14.671 -14.721 -14.682 -14.765 -14.351 -13.995 -13.52 -14.694
0.375929 -11.923 -12.316 -13.018 -14.048 -14.512 -14.748 -13.722 -14.138 -14.514 -14.749 -14.796 -14.721 -14.119 -14.608 -14.799 -14.792 -14.707 -14.655 -14.808 -14.8 -14.743 -14.71 -14.75 -14.706 -14.797 -14.394 -14.041 -13.569 -14.722
0.387298 -11.899 -12.29 -13.005 -14.052 -14.528 -14.773 -13.73 -14.144 -14.53 -14.774 -14.828 -14.758 -14.125 -14.628 -14.828 -14.826 -14.745 -14.675 -14.837 -14.834 -14.78 -14.749 -14.778 -14.73 -14.828 -14.437 -14.087 -13.617 -14.75
0.399012 -11.873 -12.262 -12.992 -14.055 -14.543 -14.797 -13.738 -14.15 -14.546 -14.799 -14.859 -14.795 -14.13 -14.646 -14.857 -14.86 -14.783 -14.695 -14.865 -14.868 -14.817 -14.788 -14.806 -14.753 -14.859 -14.48 -14.133 -13.665 -14.777
0.41108 -11.847 -12.234 -12.978 -14.058 -14.557 -14.821 -13.746 -14.154 -14.561 -14.823 -14.89 -14.832 -14.134 -14.664 -14.885 -14.893 -14.82 -14.715 -14.893 -14.902 -14.854 -14.826 -14.834 -14.776 -14.89 -14.523 -14.179 -13.713 -14.804
0.423513 -11.821 -12.204 -12.964 -14.059 -14.571 -14.844 -13.753 -14.158 -14.575 -14.847 -14.921 -14.868 -14.137 -14.682 -14.913 -14.926 -14.857 -14.734 -14.921 -14.935 -14.89 -14.865 -14.861 -14.798 -14.92 -14.565 -14.224 -13.761 -14.83
0.436321 -11.793 -12.174 -12.948 -14.06 -14.585 -14.867 -13.76 -14.162 -14.588 -14.87 -14.951 -14.904 -14.14 -14.699 -14.94 -14.959 -14.894 -14.752 -14.949 -14.968 -14.927 -14.903 -14.888 -14.82 -14.949 -14.608 -14.269 -13.808 -14.856
0.449518 -11.765 -12.142 -12.931 -14.061 -14.598 -14.889 -13.766 -14.164 -14.601 -14.892 -14.981 -14.94 -14.141 -14.715 -14.967 -14.991 -14.93 -14.77 -14.976 -15.001 -14.962 -14.94 -14.914 -14.841 -14.979 -14.65 -14.315 -13.856 -14.882
0.463113 -11.736 -12.109 -12.914 -14.06 -14.61 -14.911 -13.771 -14.166 -14.614 -14.914 -15.01 -14.975 -14.142 -14.731 -14.993 -15.024 -14.967 -14.787 -15.002 -15.033 -14.998 -14.978 -14.94 -14.862 -15.008 -14.692 -14.36 -13.904 -14.907
0.47712 -11.707 -12.075 -12.896 -14.059 -14.621 -14.933 -13.777 -14.167 -14.625 -14.936 -15.039 -15.01 -14.142 -14.746 -15.019 -15.055 -15.003 -14.804 -15.028 -15.065 -15.033 -15.015 -14.965 -14.882 -15.036 -14.734 -14.405 -13.951 -14.932
0.49155 -11.677 -12.04 -12.876 -14.056 -14.632 -14.953 -13.781 -14.167 -14.636 -14.957 -15.068 -15.045 -14.142 -14.76 -15.045 -15.087 -15.038 -14.82 -15.054 -15.096 -15.068 -15.052 -14.991 -14.902 -15.065 -14.775 -14.45 -13.998 -14.956
0.506416 -11.646 -12.003 -12.856 -14.053 -14.642 -14.974 -13.786 -14.166 -14.647 -14.978 -15.096 -15.08 -14.14 -14.774 -15.07 -15.118 -15.074 -14.836 -15.079 -15.127 -15.103 -15.089 -15.015 -14.921 -15.092 -14.817 -14.494 -14.046 -14.98
0.521733 -11.615 -11.965 -12.835 -14.049 -14.651 -14.993 -13.789 -14.164 -14.657 -14.998 -15.124 -15.114 -14.138 -14.788 -15.094 -15.148 -15.109 -14.851 -15.104 -15.158 -15.137 -15.125 -15.039 -14.94 -15.12 -14.858 -14.539 -14.093 -15.004
0.537512 -11.583 -11.926 -12.813 -14.045 -14.66 -15.012 -13.793 -14.162 -14.666 -15.017 -15.151 -15.148 -14.135 -14.8 -15.118 -15.179 -15.143 -14.865 -15.128 -15.188 -15.171 -15.161 -15.063 -14.958 -15.147 -14.899 -14.583 -14.14 -15.027
