web/models/kne.last_good/kappa_1_10/4/villar_0.0012_0.2180_10.0000.dat
# %ECSV 1.0
# ---
# datatype:
# - {name: time, datatype: float64}
# - {name: swift_uvot_uvw2, datatype: float64}
# - {name: swift_uvot_uvm2, datatype: float64}
# - {name: swift_uvot_uvw1, datatype: float64}
# - {name: swift_uvot_U, datatype: float64}
# - {name: swift_uvot_B, datatype: float64}
# - {name: swift_uvot_V, datatype: float64}
# - {name: swift_uvot_W, datatype: float64}
# - {name: johnson_U, datatype: float64}
# - {name: johnson_B, datatype: float64}
# - {name: johnson_V, datatype: float64}
# - {name: johnson_R, datatype: float64}
# - {name: johnson_I, datatype: float64}
# - {name: sdss_u, datatype: float64}
# - {name: sdss_g, datatype: float64}
# - {name: sdss_r, datatype: float64}
# - {name: sdss_i, datatype: float64}
# - {name: sdss_z, datatype: float64}
# - {name: PS1_g, datatype: float64}
# - {name: PS1_r, datatype: float64}
# - {name: PS1_i, datatype: float64}
# - {name: PS1_z, datatype: float64}
# - {name: PS1_Y, datatype: float64}
# - {name: PS1_w, datatype: float64}
# - {name: ATLAS_c, datatype: float64}
# - {name: ATLAS_o, datatype: float64}
# - {name: ukirt_J, datatype: float64}
# - {name: ukirt_H, datatype: float64}
# - {name: ukirt_K, datatype: float64}
# - {name: Clear, datatype: float64}
# meta: !!omap
# - comment: [kappa = 10.0, type = villar, mass = 0.0012301715156502338, velocity = 0.21800000000000003, theta_obs = 0.0]
# schema: astropy-2.0
time swift_uvot_uvw2 swift_uvot_uvm2 swift_uvot_uvw1 swift_uvot_U swift_uvot_B swift_uvot_V swift_uvot_W johnson_U johnson_B johnson_V johnson_R johnson_I sdss_u sdss_g sdss_r sdss_i sdss_z PS1_g PS1_r PS1_i PS1_z PS1_Y PS1_w ATLAS_c ATLAS_o ukirt_J ukirt_H ukirt_K Clear
[from data line 153]
0.095467 -7.354 -7.724 -8.54 -9.698 -10.257 -10.566 -9.414 -9.806 -10.261 -10.569 -10.67 -10.64 -9.782 -10.381 -10.651 -10.686 -10.632 -10.439 -10.66 -10.695 -10.663 -10.644 -10.598 -10.516 -10.668 -10.361 -10.031 -9.577 -10.564
0.098355 -7.327 -7.691 -8.523 -9.698 -10.269 -10.588 -9.421 -9.808 -10.274 -10.592 -10.7 -10.676 -9.783 -10.397 -10.678 -10.718 -10.668 -10.456 -10.687 -10.727 -10.698 -10.682 -10.624 -10.537 -10.697 -10.404 -10.077 -9.625 -10.589
0.101329 -7.299 -7.658 -8.505 -9.697 -10.281 -10.609 -9.427 -9.809 -10.286 -10.613 -10.729 -10.711 -9.783 -10.412 -10.704 -10.75 -10.705 -10.473 -10.713 -10.76 -10.734 -10.719 -10.65 -10.557 -10.726 -10.446 -10.122 -9.673 -10.615
0.104394 -7.27 -7.623 -8.487 -9.695 -10.292 -10.63 -9.432 -9.809 -10.297 -10.635 -10.758 -10.746 -9.783 -10.427 -10.73 -10.782 -10.74 -10.49 -10.739 -10.791 -10.769 -10.756 -10.675 -10.577 -10.754 -10.488 -10.167 -9.72 -10.639
0.107551 -7.241 -7.587 -8.467 -9.692 -10.303 -10.651 -9.437 -9.809 -10.308 -10.656 -10.787 -10.781 -9.782 -10.441 -10.755 -10.813 -10.776 -10.506 -10.765 -10.823 -10.804 -10.793 -10.7 -10.597 -10.782 -10.529 -10.212 -9.768 -10.664
0.110804 -7.211 -7.549 -8.446 -9.689 -10.312 -10.671 -9.442 -9.807 -10.318 -10.676 -10.815 -10.815 -9.78 -10.455 -10.78 -10.844 -10.811 -10.521 -10.789 -10.854 -10.839 -10.83 -10.725 -10.616 -10.81 -10.571 -10.257 -9.815 -10.688
0.114155 -7.181 -7.511 -8.425 -9.684 -10.321 -10.69 -9.446 -9.805 -10.327 -10.696 -10.843 -10.849 -9.777 -10.468 -10.804 -10.874 -10.846 -10.536 -10.814 -10.884 -10.873 -10.866 -10.749 -10.634 -10.837 -10.612 -10.301 -9.862 -10.711
0.117608 -7.151 -7.471 -8.402 -9.679 -10.33 -10.709 -9.449 -9.802 -10.336 -10.715 -10.87 -10.883 -9.773 -10.48 -10.828 -10.904 -10.881 -10.55 -10.838 -10.915 -10.907 -10.902 -10.772 -10.652 -10.864 -10.653 -10.346 -9.909 -10.735
0.121165 -7.119 -7.43 -8.379 -9.673 -10.337 -10.728 -9.452 -9.799 -10.344 -10.734 -10.897 -10.917 -9.769 -10.492 -10.851 -10.934 -10.915 -10.563 -10.862 -10.945 -10.94 -10.938 -10.796 -10.669 -10.89 -10.694 -10.39 -9.956 -10.757
0.124829 -7.088 -7.387 -8.355 -9.666 -10.344 -10.745 -9.454 -9.794 -10.351 -10.752 -10.923 -10.95 -9.763 -10.503 -10.874 -10.963 -10.949 -10.576 -10.885 -10.974 -10.974 -10.974 -10.818 -10.686 -10.916 -10.734 -10.434 -10.003 -10.779
0.128605 -7.056 -7.343 -8.329 -9.658 -10.351 -10.762 -9.456 -9.789 -10.358 -10.769 -10.949 -10.983 -9.757 -10.514 -10.897 -10.992 -10.983 -10.588 -10.907 -11.003 -11.007 -11.009 -10.841 -10.702 -10.941 -10.775 -10.478 -10.05 -10.801
0.132494 -7.024 -7.298 -8.303 -9.649 -10.356 -10.779 -9.458 -9.782 -10.363 -10.786 -10.975 -11.015 -9.749 -10.523 -10.919 -11.021 -11.016 -10.6 -10.929 -11.032 -11.039 -11.044 -10.862 -10.718 -10.966 -10.815 -10.521 -10.096 -10.823
0.136502 -6.991 -7.252 -8.275 -9.639 -10.361 -10.795 -9.458 -9.775 -10.368 -10.802 -11.0 -11.047 -9.741 -10.532 -10.94 -11.049 -11.049 -10.611 -10.951 -11.06 -11.071 -11.079 -10.884 -10.733 -10.991 -10.855 -10.565 -10.143 -10.844
0.14063 -6.958 -7.204 -8.247 -9.628 -10.365 -10.81 -9.459 -9.766 -10.373 -10.818 -11.024 -11.079 -9.732 -10.541 -10.961 -11.077 -11.082 -10.621 -10.972 -11.088 -11.103 -11.113 -10.905 -10.747 -11.015 -10.894 -10.608 -10.189 -10.864
0.144883 -6.925 -7.154 -8.217 -9.616 -10.368 -10.825 -9.458 -9.757 -10.376 -10.833 -11.048 -11.11 -9.722 -10.548 -10.981 -11.104 -11.114 -10.63 -10.992 -11.115 -11.135 -11.147 -10.925 -10.761 -11.038 -10.934 -10.651 -10.235 -10.884
0.149265 -6.892 -7.103 -8.186 -9.603 -10.37 -10.839 -9.457 -9.747 -10.379 -10.848 -11.072 -11.141 -9.71 -10.555 -11.001 -11.13 -11.146 -10.639 -11.012 -11.142 -11.166 -11.181 -10.945 -10.774 -11.061 -10.973 -10.694 -10.281 -10.904
0.15378 -6.859 -7.051 -8.155 -9.589 -10.371 -10.852 -9.456 -9.735 -10.38 -10.861 -11.095 -11.172 -9.698 -10.561 -11.02 -11.157 -11.177 -10.647 -11.031 -11.169 -11.196 -11.214 -10.964 -10.787 -11.084 -11.012 -10.737 -10.327 -10.923
0.15843 -6.825 -6.997 -8.122 -9.573 -10.372 -10.865 -9.453 -9.723 -10.381 -10.874 -11.117 -11.202 -9.685 -10.566 -11.038 -11.182 -11.208 -10.655 -11.05 -11.195 -11.227 -11.247 -10.983 -10.799 -11.106 -11.05 -10.78 -10.373 -10.941
0.163222 -6.792 -6.941 -8.088 -9.557 -10.371 -10.877 -9.45 -9.71 -10.382 -10.887 -11.139 -11.232 -9.67 -10.571 -11.056 -11.208 -11.239 -10.661 -11.068 -11.22 -11.257 -11.28 -11.001 -10.81 -11.127 -11.088 -10.822 -10.418 -10.959
0.168159 -6.758 -6.884 -8.053 -9.54 -10.37 -10.888 -9.447 -9.695 -10.381 -10.899 -11.161 -11.261 -9.655 -10.574 -11.073 -11.233 -11.269 -10.667 -11.086 -11.245 -11.286 -11.312 -11.019 -10.82 -11.148 -11.126 -10.864 -10.464 -10.977
0.173245 -6.725 -6.826 -8.016 -9.521 -10.368 -10.898 -9.443 -9.68 -10.379 -10.909 -11.182 -11.29 -9.638 -10.577 -11.09 -11.257 -11.299 -10.672 -11.103 -11.27 -11.315 -11.344 -11.036 -10.83 -11.169 -11.164 -10.906 -10.509 -10.994
0.178484 -6.692 -6.765 -7.979 -9.502 -10.365 -10.908 -9.438 -9.663 -10.376 -10.92 -11.202 -11.318 -9.62 -10.579 -11.106 -11.281 -11.329 -10.676 -11.119 -11.294 -11.344 -11.375 -11.052 -10.839 -11.188 -11.202 -10.948 -10.554 -11.01
0.183882 -6.659 -6.703 -7.94 -9.481 -10.361 -10.917 -9.432 -9.645 -10.373 -10.929 -11.222 -11.346 -9.601 -10.58 -11.121 -11.304 -11.358 -10.68 -11.135 -11.317 -11.372 -11.406 -11.068 -10.847 -11.207 -11.239 -10.989 -10.599 -11.026
0.189444 -6.626 -6.639 -7.9 -9.459 -10.356 -10.925 -9.426 -9.626 -10.368 -10.938 -11.241 -11.374 -9.581 -10.58 -11.136 -11.326 -11.386 -10.682 -11.15 -11.34 -11.399 -11.437 -11.083 -10.854 -11.226 -11.276 -11.031 -10.644 -11.041
0.195173 -6.594 -6.574 -7.859 -9.436 -10.35 -10.933 -9.419 -9.606 -10.363 -10.946 -11.26 -11.401 -9.56 -10.58 -11.15 -11.348 -11.414 -10.684 -11.164 -11.362 -11.427 -11.467 -11.098 -10.861 -11.244 -11.312 -11.072 -10.688 -11.056
0.201076 -6.563 -6.506 -7.817 -9.411 -10.343 -10.939 -9.412 -9.584 -10.356 -10.953 -11.278 -11.428 -9.537 -10.578 -11.163 -11.37 -11.442 -10.685 -11.177 -11.384 -11.453 -11.497 -11.112 -10.867 -11.261 -11.348 -11.112 -10.733 -11.07
0.207158 -6.532 -6.437 -7.773 -9.385 -10.335 -10.945 -9.403 -9.562 -10.349 -10.959 -11.295 -11.454 -9.513 -10.575 -11.175 -11.391 -11.469 -10.685 -11.19 -11.405 -11.479 -11.527 -11.125 -10.872 -11.278 -11.384 -11.153 -10.777 -11.084
0.213423 -6.501 -6.366 -7.728 -9.358 -10.326 -10.95 -9.394 -9.538 -10.34 -10.965 -11.311 -11.479 -9.488 -10.572 -11.187 -11.411 -11.495 -10.684 -11.202 -11.426 -11.505 -11.555 -11.138 -10.876 -11.294 -11.42 -11.193 -10.821 -11.097
0.219878 -6.471 -6.293 -7.682 -9.329 -10.316 -10.953 -9.384 -9.512 -10.331 -10.969 -11.327 -11.504 -9.461 -10.567 -11.198 -11.431 -11.522 -10.682 -11.214 -11.446 -11.53 -11.584 -11.15 -10.88 -11.309 -11.455 -11.233 -10.865 -11.109
0.226528 -6.442 -6.218 -7.634 -9.299 -10.304 -10.957 -9.373 -9.486 -10.32 -10.973 -11.343 -11.529 -9.433 -10.562 -11.208 -11.45 -11.547 -10.679 -11.224 -11.465 -11.555 -11.612 -11.161 -10.882 -11.324 -11.489 -11.273 -10.908 -11.121
0.233379 -6.414 -6.141 -7.585 -9.268 -10.292 -10.959 -9.362 -9.457 -10.308 -10.976 -11.357 -11.553 -9.403 -10.555 -11.218 -11.468 -11.572 -10.675 -11.234 -11.484 -11.579 -11.639 -11.172 -10.884 -11.337 -11.524 -11.312 -10.952 -11.132
0.240437 -6.387 -6.062 -7.534 -9.235 -10.278 -10.96 -9.349 -9.428 -10.295 -10.977 -11.371 -11.576 -9.373 -10.547 -11.226 -11.486 -11.596 -10.67 -11.243 -11.502 -11.602 -11.667 -11.181 -10.885 -11.351 -11.558 -11.351 -10.995 -11.142
0.247709 -6.361 -5.981 -7.482 -9.2 -10.263 -10.96 -9.336 -9.397 -10.281 -10.978 -11.384 -11.599 -9.34 -10.538 -11.234 -11.503 -11.62 -10.665 -11.251 -11.519 -11.625 -11.693 -11.19 -10.884 -11.363 -11.591 -11.39 -11.038 -11.152
0.255201 -6.336 -5.897 -7.429 -9.164 -10.247 -10.959 -9.322 -9.364 -10.265 -10.978 -11.397 -11.621 -9.306 -10.528 -11.241 -11.519 -11.644 -10.658 -11.258 -11.536 -11.647 -11.719 -11.199 -10.883 -11.374 -11.625 -11.429 -11.08 -11.161
0.262919 -6.312 -5.812 -7.374 -9.127 -10.229 -10.957 -9.306 -9.33 -10.248 -10.977 -11.408 -11.642 -9.271 -10.517 -11.246 -11.535 -11.666 -10.65 -11.265 -11.552 -11.669 -11.744 -11.206 -10.881 -11.385 -11.657 -11.467 -11.123 -11.169
0.270871 -6.29 -5.724 -7.318 -9.088 -10.211 -10.954 -9.29 -9.295 -10.23 -10.975 -11.419 -11.663 -9.233 -10.505 -11.251 -11.549 -11.688 -10.641 -11.27 -11.567 -11.69 -11.769 -11.213 -10.878 -11.395 -11.69 -11.505 -11.165 -11.177
0.279064 -6.269 -5.634 -7.26 -9.047 -10.191 -10.95 -9.273 -9.258 -10.211 -10.971 -11.429 -11.683 -9.195 -10.491 -11.255 -11.563 -11.71 -10.63 -11.275 -11.581 -11.71 -11.794 -11.218 -10.873 -11.404 -11.722 -11.542 -11.207 -11.183
0.287504 -6.249 -5.542 -7.201 -9.004 -10.169 -10.945 -9.255 -9.219 -10.19 -10.967 -11.438 -11.703 -9.154 -10.476 -11.258 -11.576 -11.73 -10.619 -11.278 -11.595 -11.73 -11.817 -11.223 -10.868 -11.413 -11.753 -11.579 -11.249 -11.189
0.296199 -6.23 -5.447 -7.139 -8.959 -10.146 -10.938 -9.236 -9.178 -10.168 -10.961 -11.446 -11.722 -9.112 -10.46 -11.26 -11.589 -11.75 -10.606 -11.281 -11.607 -11.749 -11.84 -11.227 -10.862 -11.42 -11.784 -11.616 -11.29 -11.195
0.305157 -6.213 -5.35 -7.077 -8.913 -10.122 -10.931 -9.216 -9.136 -10.145 -10.955 -11.453 -11.74 -9.067 -10.442 -11.261 -11.6 -11.77 -10.592 -11.282 -11.619 -11.767 -11.863 -11.23 -10.854 -11.426 -11.815 -11.653 -11.332 -11.199
0.314387 -6.197 -5.25 -7.012 -8.865 -10.096 -10.922 -9.195 -9.091 -10.119 -10.947 -11.459 -11.757 -9.021 -10.424 -11.261 -11.611 -11.788 -10.577 -11.283 -11.63 -11.785 -11.885 -11.233 -10.845 -11.432 -11.845 -11.689 -11.372 -11.203
0.323895 -6.182 -5.148 -6.946 -8.815 -10.068 -10.912 -9.172 -9.045 -10.093 -10.937 -11.465 -11.774 -8.974 -10.403 -11.26 -11.621 -11.806 -10.561 -11.282 -11.64 -11.801 -11.906 -11.234 -10.835 -11.436 -11.874 -11.724 -11.413 -11.205
0.333691 -6.169 -5.043 -6.879 -8.763 -10.039 -10.9 -9.149 -8.997 -10.065 -10.927 -11.469 -11.79 -8.924 -10.381 -11.258 -11.629 -11.823 -10.543 -11.28 -11.65 -11.817 -11.926 -11.234 -10.824 -11.44 -11.903 -11.76 -11.453 -11.207
0.343783 -6.158 -4.936 -6.809 -8.708 -10.008 -10.888 -9.124 -8.947 -10.035 -10.915 -11.472 -11.805 -8.872 -10.358 -11.254 -11.637 -11.84 -10.524 -11.278 -11.658 -11.832 -11.946 -11.233 -10.811 -11.442 -11.931 -11.795 -11.493 -11.208
0.354181 -6.147 -4.825 -6.738 -8.652 -9.976 -10.873 -9.098 -8.895 -10.003 -10.902 -11.475 -11.819 -8.817 -10.333 -11.249 -11.644 -11.855 -10.503 -11.273 -11.665 -11.847 -11.965 -11.231 -10.797 -11.443 -11.959 -11.829 -11.533 -11.209
0.364893 -6.139 -4.713 -6.665 -8.594 -9.941 -10.858 -9.071 -8.84 -9.97 -10.887 -11.476 -11.832 -8.761 -10.306 -11.243 -11.65 -11.87 -10.481 -11.268 -11.671 -11.86 -11.983 -11.228 -10.782 -11.444 -11.986 -11.863 -11.572 -11.208
0.375929 -6.131 -4.597 -6.589 -8.533 -9.905 -10.841 -9.043 -8.784 -9.935 -10.871 -11.476 -11.845 -8.703 -10.278 -11.236 -11.654 -11.883 -10.458 -11.262 -11.676 -11.872 -12.0 -11.224 -10.765 -11.443 -12.013 -11.897 -11.611 -11.206
0.387298 -6.125 -4.479 -6.512 -8.469 -9.867 -10.822 -9.013 -8.725 -9.898 -10.853 -11.475 -11.856 -8.642 -10.248 -11.227 -11.658 -11.896 -10.432 -11.254 -11.681 -11.884 -12.017 -11.218 -10.747 -11.44 -12.039 -11.93 -11.65 -11.203
0.399012 -6.119 -4.357 -6.433 -8.404 -9.827 -10.801 -8.982 -8.664 -9.859 -10.834 -11.472 -11.867 -8.578 -10.216 -11.217 -11.66 -11.908 -10.406 -11.244 -11.683 -11.894 -12.032 -11.212 -10.727 -11.437 -12.064 -11.962 -11.688 -11.199
0.41108 -6.115 -4.233 -6.352 -8.335 -9.785 -10.779 -8.949 -8.6 -9.818 -10.813 -11.469 -11.876 -8.512 -10.183 -11.205 -11.661 -11.919 -10.377 -11.234 -11.685 -11.904 -12.047 -11.204 -10.706 -11.432 -12.089 -11.994 -11.726 -11.194
0.423513 -6.112 -4.107 -6.269 -8.265 -9.741 -10.756 -8.915 -8.534 -9.775 -10.791 -11.464 -11.885 -8.444 -10.147 -11.192 -11.661 -11.928 -10.347 -11.222 -11.686 -11.912 -12.061 -11.195 -10.683 -11.426 -12.112 -12.026 -11.764 -11.188
0.436321 -6.11 -3.977 -6.184 -8.191 -9.694 -10.73 -8.879 -8.465 -9.73 -10.766 -11.457 -11.892 -8.373 -10.109 -11.177 -11.66 -11.937 -10.316 -11.208 -11.685 -11.919 -12.074 -11.184 -10.658 -11.419 -12.135 -12.056 -11.801 -11.181
0.449518 -6.109 -3.845 -6.096 -8.114 -9.645 -10.703 -8.842 -8.394 -9.683 -10.74 -11.449 -11.898 -8.299 -10.07 -11.161 -11.657 -11.945 -10.282 -11.193 -11.683 -11.926 -12.086 -11.172 -10.632 -11.41 -12.158 -12.087 -11.837 -11.173
0.463113 -6.109 -3.709 -6.006 -8.035 -9.594 -10.673 -8.803 -8.319 -9.633 -10.712 -11.44 -11.903 -8.222 -10.028 -11.143 -11.653 -11.951 -10.247 -11.176 -11.679 -11.931 -12.097 -11.159 -10.604 -11.4 -12.179 -12.116 -11.873 -11.163
0.47712 -6.109 -3.572 -5.914 -7.953 -9.541 -10.642 -8.762 -8.242 -9.581 -10.682 -11.429 -11.907 -8.142 -9.984 -11.123 -11.648 -11.956 -10.209 -11.157 -11.675 -11.934 -12.106 -11.144 -10.573 -11.388 -12.2 -12.145 -11.909 -11.152
0.49155 -6.11 -3.432 -5.82 -7.867 -9.485 -10.608 -8.719 -8.161 -9.526 -10.65 -11.417 -11.909 -8.059 -9.937 -11.101 -11.64 -11.96 -10.17 -11.137 -11.668 -11.937 -12.115 -11.127 -10.541 -11.374 -12.22 -12.174 -11.944 -11.14
0.506416 -6.112 -3.29 -5.723 -7.778 -9.426 -10.572 -8.675 -8.078 -9.469 -10.616 -11.403 -11.911 -7.972 -9.888 -11.078 -11.632 -11.963 -10.128 -11.115 -11.66 -11.938 -12.122 -11.109 -10.507 -11.359 -12.238 -12.201 -11.979 -11.127
0.521733 -6.117 -3.257 -5.701 -7.759 -9.415 -10.567 -8.668 -8.06 -9.458 -10.611 -11.404 -11.915 -7.954 -9.88 -11.076 -11.634 -11.968 -10.122 -11.113 -11.663 -11.943 -12.129 -11.109 -10.502 -11.36 -12.248 -12.213 -11.993 -11.128
0.537512 -6.123 -3.263 -5.707 -7.765 -9.421 -10.573 -8.674 -8.066 -9.464 -10.617 -11.41 -11.922 -7.96 -9.886 -11.082 -11.64 -11.974 -10.128 -11.119 -11.669 -11.949 -12.135 -11.115 -10.508 -11.366 -12.254 -12.219 -11.999 -11.134
0.553769 -6.128 -3.268 -5.713 -7.77 -9.426 -10.579 -8.679 -8.071 -9.47 -10.623 -11.415 -11.927 -7.965 -9.891 -11.087 -11.645 -11.98 -10.133 -11.125 -11.674 -11.954 -12.14 -11.12 -10.514 -11.371 -12.259 -12.225 -12.004 -11.139
0.570517 -6.133 -3.273 -5.718 -7.775 -9.431 -10.584 -8.684 -8.076 -9.475 -10.627 -11.42 -11.932 -7.97 -9.896 -11.092 -11.65 -11.984 -10.138 -11.13 -11.679 -11.959 -12.145 -11.125 -10.519 -11.376 -12.264 -12.23 -12.009 -11.144
0.587772 -6.137 -3.277 -5.722 -7.779 -9.435 -10.588 -8.688 -8.08 -9.479 -10.632 -11.424 -11.936 -7.974 -9.9 -11.096 -11.654 -11.989 -10.142 -11.134 -11.683 -11.963 -12.149 -11.129 -10.523 -11.38 -12.268 -12.234 -12.013 -11.148
0.605549 -6.141 -3.281 -5.725 -7.782 -9.438 -10.591 -8.691 -8.084 -9.482 -10.635 -11.428 -11.939 -7.977 -9.904 -11.1 -11.658 -11.992 -10.146 -11.137 -11.686 -11.966 -12.153 -11.132 -10.526 -11.384 -12.272 -12.237 -12.017 -11.152
0.623863 -6.143 -3.283 -5.728 -7.785 -9.441 -10.594 -8.694 -8.086 -9.485 -10.638 -11.43 -11.942 -7.98 -9.906 -11.102 -11.66 -11.995 -10.148 -11.14 -11.689 -11.969 -12.155 -11.135 -10.529 -11.386 -12.274 -12.24 -12.019 -11.154
0.642731 -6.145 -3.285 -5.73 -7.787 -9.443 -10.596 -8.696 -8.088 -9.487 -10.64 -11.432 -11.944 -7.982 -9.908 -11.104 -11.662 -11.996 -10.15 -11.142 -11.691 -11.971 -12.157 -11.137 -10.531 -11.388 -12.276 -12.242 -12.021 -11.156
0.66217 -6.146 -3.286 -5.731 -7.788 -9.444 -10.597 -8.697 -8.089 -9.488 -10.641 -11.433 -11.945 -7.983 -9.909 -11.105 -11.663 -11.998 -10.151 -11.143 -11.692 -11.972 -12.158 -11.138 -10.532 -11.389 -12.277 -12.243 -12.022 -11.157
0.682197 -6.146 -3.286 -5.731 -7.788 -9.444 -10.597 -8.697 -8.089 -9.488 -10.641 -11.433 -11.945 -7.983 -9.909 -11.105 -11.664 -11.998 -10.151 -11.143 -11.692 -11.972 -12.159 -11.138 -10.532 -11.389 -12.278 -12.243 -12.022 -11.157
0.70283 -6.146 -3.286 -5.73 -7.788 -9.444 -10.596 -8.696 -8.089 -9.487 -10.64 -11.433 -11.944 -7.983 -9.909 -11.105 -11.663 -11.997 -10.151 -11.142 -11.692 -11.971 -12.158 -11.137 -10.531 -11.389 -12.277 -12.242 -12.022 -11.157
