web/models/kne.last_good/kappa_1_10/4/villar_0.1775_0.0927_1.0000.dat
# %ECSV 1.0
# ---
# datatype:
# - {name: time, datatype: float64}
# - {name: swift_uvot_uvw2, datatype: float64}
# - {name: swift_uvot_uvm2, datatype: float64}
# - {name: swift_uvot_uvw1, datatype: float64}
# - {name: swift_uvot_U, datatype: float64}
# - {name: swift_uvot_B, datatype: float64}
# - {name: swift_uvot_V, datatype: float64}
# - {name: swift_uvot_W, datatype: float64}
# - {name: johnson_U, datatype: float64}
# - {name: johnson_B, datatype: float64}
# - {name: johnson_V, datatype: float64}
# - {name: johnson_R, datatype: float64}
# - {name: johnson_I, datatype: float64}
# - {name: sdss_u, datatype: float64}
# - {name: sdss_g, datatype: float64}
# - {name: sdss_r, datatype: float64}
# - {name: sdss_i, datatype: float64}
# - {name: sdss_z, datatype: float64}
# - {name: PS1_g, datatype: float64}
# - {name: PS1_r, datatype: float64}
# - {name: PS1_i, datatype: float64}
# - {name: PS1_z, datatype: float64}
# - {name: PS1_Y, datatype: float64}
# - {name: PS1_w, datatype: float64}
# - {name: ATLAS_c, datatype: float64}
# - {name: ATLAS_o, datatype: float64}
# - {name: ukirt_J, datatype: float64}
# - {name: ukirt_H, datatype: float64}
# - {name: ukirt_K, datatype: float64}
# - {name: Clear, datatype: float64}
# meta: !!omap
# - comment: [kappa = 1.0, type = villar, mass = 0.1774768329891343, velocity = 0.09266666666666673, theta_obs = 0.0]
# schema: astropy-2.0
time swift_uvot_uvw2 swift_uvot_uvm2 swift_uvot_uvw1 swift_uvot_U swift_uvot_B swift_uvot_V swift_uvot_W johnson_U johnson_B johnson_V johnson_R johnson_I sdss_u sdss_g sdss_r sdss_i sdss_z PS1_g PS1_r PS1_i PS1_z PS1_Y PS1_w ATLAS_c ATLAS_o ukirt_J ukirt_H ukirt_K Clear
[from data line 149]
0.084741 -12.815 -12.753 -12.686 -12.447 -12.175 -11.856 -12.541 -12.408 -12.171 -11.846 -11.5 -11.087 -12.417 -12.074 -11.658 -11.336 -11.026 -12.058 -11.686 -11.372 -11.159 -11.127 -11.704 -11.912 -11.525 -10.393 -9.869 -9.256 -11.768
0.087304 -12.847 -12.789 -12.724 -12.49 -12.221 -11.904 -12.58 -12.452 -12.218 -11.895 -11.549 -11.138 -12.461 -12.121 -11.707 -11.386 -11.077 -12.105 -11.735 -11.421 -11.209 -11.174 -11.752 -11.96 -11.575 -10.445 -9.921 -9.309 -11.816
0.089944 -12.88 -12.825 -12.763 -12.534 -12.267 -11.952 -12.619 -12.496 -12.264 -11.943 -11.599 -11.188 -12.505 -12.168 -11.756 -11.436 -11.128 -12.151 -11.783 -11.47 -11.258 -11.222 -11.801 -12.007 -11.624 -10.497 -9.974 -9.362 -11.864
0.092665 -12.912 -12.86 -12.801 -12.577 -12.313 -12.0 -12.657 -12.54 -12.31 -11.991 -11.648 -11.239 -12.548 -12.215 -11.804 -11.486 -11.179 -12.198 -11.832 -11.519 -11.307 -11.27 -11.849 -12.055 -11.673 -10.549 -10.026 -9.415 -11.912
0.095467 -12.943 -12.896 -12.838 -12.621 -12.359 -12.048 -12.696 -12.584 -12.356 -12.038 -11.697 -11.289 -12.592 -12.261 -11.853 -11.536 -11.229 -12.244 -11.88 -11.568 -11.357 -11.317 -11.897 -12.102 -11.722 -10.6 -10.079 -9.468 -11.959
0.098355 -12.975 -12.931 -12.876 -12.664 -12.405 -12.096 -12.734 -12.627 -12.401 -12.086 -11.746 -11.34 -12.636 -12.308 -11.902 -11.586 -11.28 -12.291 -11.928 -11.618 -11.406 -11.365 -11.945 -12.149 -11.771 -10.652 -10.131 -9.521 -12.007
0.101329 -13.006 -12.966 -12.913 -12.707 -12.451 -12.144 -12.772 -12.671 -12.447 -12.134 -11.795 -11.39 -12.679 -12.354 -11.95 -11.635 -11.33 -12.337 -11.976 -11.667 -11.455 -11.413 -11.993 -12.197 -11.82 -10.704 -10.183 -9.574 -12.055
0.104394 -13.037 -13.001 -12.95 -12.75 -12.496 -12.191 -12.81 -12.714 -12.492 -12.181 -11.844 -11.44 -12.722 -12.4 -11.999 -11.685 -11.381 -12.383 -12.024 -11.716 -11.504 -11.461 -12.041 -12.244 -11.869 -10.756 -10.236 -9.627 -12.102
0.107551 -13.068 -13.036 -12.987 -12.792 -12.542 -12.239 -12.848 -12.757 -12.538 -12.229 -11.893 -11.491 -12.765 -12.446 -12.047 -11.735 -11.431 -12.429 -12.072 -11.765 -11.553 -11.508 -12.089 -12.291 -11.918 -10.807 -10.288 -9.68 -12.149
0.110804 -13.098 -13.07 -13.024 -12.835 -12.587 -12.286 -12.886 -12.8 -12.583 -12.276 -11.942 -11.541 -12.808 -12.492 -12.095 -11.784 -11.481 -12.475 -12.12 -11.814 -11.602 -11.556 -12.137 -12.338 -11.967 -10.859 -10.34 -9.733 -12.197
0.114155 -13.128 -13.104 -13.061 -12.877 -12.632 -12.333 -12.923 -12.843 -12.628 -12.324 -11.991 -11.591 -12.851 -12.538 -12.144 -11.833 -11.532 -12.521 -12.168 -11.863 -11.652 -11.604 -12.185 -12.385 -12.016 -10.91 -10.392 -9.785 -12.244
0.117608 -13.158 -13.138 -13.097 -12.919 -12.677 -12.381 -12.96 -12.886 -12.674 -12.371 -12.04 -11.641 -12.894 -12.584 -12.192 -11.883 -11.582 -12.567 -12.216 -11.911 -11.701 -11.651 -12.232 -12.431 -12.064 -10.962 -10.445 -9.838 -12.291
0.121165 -13.188 -13.171 -13.133 -12.961 -12.722 -12.428 -12.997 -12.929 -12.719 -12.418 -12.088 -11.691 -12.936 -12.63 -12.24 -11.932 -11.632 -12.613 -12.263 -11.96 -11.75 -11.699 -12.28 -12.478 -12.113 -11.013 -10.497 -9.891 -12.338
0.124829 -13.217 -13.204 -13.169 -13.003 -12.767 -12.475 -13.034 -12.971 -12.763 -12.465 -12.137 -11.741 -12.979 -12.675 -12.288 -11.981 -11.682 -12.658 -12.311 -12.009 -11.799 -11.747 -12.327 -12.525 -12.161 -11.065 -10.549 -9.944 -12.385
0.128605 -13.246 -13.237 -13.204 -13.045 -12.812 -12.522 -13.071 -13.013 -12.808 -12.512 -12.186 -11.791 -13.021 -12.721 -12.336 -12.031 -11.732 -12.704 -12.359 -12.057 -11.848 -11.794 -12.374 -12.571 -12.21 -11.116 -10.601 -9.996 -12.432
0.132494 -13.275 -13.27 -13.24 -13.087 -12.856 -12.569 -13.108 -13.055 -12.853 -12.559 -12.234 -11.841 -13.063 -12.766 -12.384 -12.08 -11.782 -12.749 -12.406 -12.106 -11.896 -11.842 -12.422 -12.617 -12.258 -11.167 -10.653 -10.049 -12.478
0.136502 -13.304 -13.303 -13.275 -13.128 -12.901 -12.615 -13.144 -13.097 -12.897 -12.606 -12.282 -11.89 -13.105 -12.811 -12.432 -12.129 -11.832 -12.794 -12.454 -12.155 -11.945 -11.889 -12.469 -12.664 -12.306 -11.219 -10.705 -10.102 -12.525
0.14063 -13.332 -13.335 -13.31 -13.17 -12.945 -12.662 -13.18 -13.139 -12.942 -12.653 -12.331 -11.94 -13.147 -12.857 -12.479 -12.178 -11.882 -12.84 -12.501 -12.203 -11.994 -11.937 -12.516 -12.71 -12.355 -11.27 -10.757 -10.154 -12.572
0.144883 -13.36 -13.367 -13.345 -13.211 -12.989 -12.709 -13.216 -13.181 -12.986 -12.699 -12.379 -11.99 -13.188 -12.902 -12.527 -12.227 -11.932 -12.885 -12.548 -12.252 -12.043 -11.985 -12.563 -12.756 -12.403 -11.321 -10.809 -10.207 -12.618
0.149265 -13.387 -13.398 -13.379 -13.252 -13.034 -12.755 -13.252 -13.222 -13.03 -12.746 -12.427 -12.039 -13.23 -12.946 -12.574 -12.276 -11.982 -12.93 -12.595 -12.3 -12.092 -12.032 -12.61 -12.802 -12.451 -11.373 -10.861 -10.26 -12.664
0.15378 -13.415 -13.43 -13.413 -13.292 -13.078 -12.802 -13.287 -13.264 -13.074 -12.792 -12.475 -12.089 -13.271 -12.991 -12.622 -12.324 -12.032 -12.975 -12.642 -12.348 -12.14 -12.08 -12.657 -12.848 -12.499 -11.424 -10.913 -10.312 -12.711
0.15843 -13.442 -13.461 -13.447 -13.333 -13.121 -12.848 -13.323 -13.305 -13.118 -12.839 -12.523 -12.138 -13.312 -13.036 -12.669 -12.373 -12.082 -13.019 -12.689 -12.397 -12.189 -12.127 -12.703 -12.893 -12.547 -11.475 -10.965 -10.365 -12.757
0.163222 -13.468 -13.491 -13.481 -13.373 -13.165 -12.894 -13.358 -13.346 -13.162 -12.885 -12.571 -12.188 -13.353 -13.081 -12.716 -12.422 -12.131 -13.064 -12.736 -12.445 -12.238 -12.175 -12.75 -12.939 -12.594 -11.526 -11.017 -10.417 -12.803
0.168159 -13.495 -13.522 -13.515 -13.414 -13.209 -12.94 -13.393 -13.387 -13.205 -12.931 -12.619 -12.237 -13.394 -13.125 -12.764 -12.47 -12.181 -13.109 -12.783 -12.493 -12.286 -12.223 -12.797 -12.985 -12.642 -11.577 -11.069 -10.47 -12.849
0.173245 -13.521 -13.552 -13.548 -13.454 -13.252 -12.986 -13.428 -13.427 -13.249 -12.977 -12.667 -12.286 -13.434 -13.169 -12.811 -12.519 -12.23 -13.153 -12.83 -12.541 -12.335 -12.27 -12.843 -13.03 -12.69 -11.628 -11.121 -10.522 -12.895
0.178484 -13.547 -13.582 -13.581 -13.494 -13.296 -13.032 -13.462 -13.468 -13.292 -13.023 -12.714 -12.336 -13.475 -13.213 -12.858 -12.567 -12.28 -13.197 -12.877 -12.589 -12.383 -12.318 -12.889 -13.075 -12.737 -11.679 -11.172 -10.575 -12.94
0.183882 -13.572 -13.611 -13.614 -13.533 -13.339 -13.078 -13.497 -13.508 -13.335 -13.069 -12.762 -12.385 -13.515 -13.258 -12.905 -12.616 -12.329 -13.241 -12.923 -12.637 -12.431 -12.365 -12.936 -13.121 -12.785 -11.73 -11.224 -10.627 -12.986
0.189444 -13.597 -13.641 -13.646 -13.573 -13.382 -13.123 -13.531 -13.548 -13.378 -13.114 -12.809 -12.434 -13.555 -13.301 -12.951 -12.664 -12.379 -13.285 -12.97 -12.685 -12.48 -12.412 -12.982 -13.166 -12.832 -11.781 -11.276 -10.679 -13.032
0.195173 -13.622 -13.67 -13.678 -13.612 -13.425 -13.169 -13.565 -13.588 -13.421 -13.16 -12.857 -12.483 -13.595 -13.345 -12.998 -12.712 -12.428 -13.329 -13.016 -12.733 -12.528 -12.46 -13.028 -13.211 -12.879 -11.832 -11.327 -10.732 -13.077
0.201076 -13.646 -13.698 -13.71 -13.651 -13.467 -13.214 -13.599 -13.628 -13.464 -13.205 -12.904 -12.532 -13.634 -13.389 -13.045 -12.76 -12.477 -13.373 -13.063 -12.78 -12.576 -12.507 -13.074 -13.255 -12.927 -11.882 -11.379 -10.784 -13.122
0.207158 -13.67 -13.726 -13.742 -13.69 -13.51 -13.26 -13.632 -13.668 -13.506 -13.251 -12.951 -12.581 -13.674 -13.432 -13.091 -12.808 -12.526 -13.417 -13.109 -12.828 -12.625 -12.555 -13.12 -13.3 -12.974 -11.933 -11.431 -10.836 -13.168
0.213423 -13.694 -13.754 -13.773 -13.729 -13.552 -13.305 -13.666 -13.707 -13.549 -13.296 -12.998 -12.63 -13.713 -13.476 -13.138 -12.856 -12.575 -13.46 -13.155 -12.876 -12.673 -12.602 -13.165 -13.345 -13.021 -11.984 -11.482 -10.889 -13.213
0.219878 -13.718 -13.782 -13.804 -13.768 -13.595 -13.35 -13.699 -13.746 -13.591 -13.341 -13.046 -12.679 -13.752 -13.519 -13.184 -12.904 -12.624 -13.504 -13.201 -12.923 -12.721 -12.649 -13.211 -13.389 -13.068 -12.034 -11.534 -10.941 -13.258
0.226528 -13.741 -13.809 -13.835 -13.806 -13.637 -13.395 -13.732 -13.785 -13.633 -13.386 -13.092 -12.727 -13.791 -13.562 -13.23 -12.952 -12.673 -13.547 -13.247 -12.971 -12.769 -12.697 -13.257 -13.434 -13.115 -12.085 -11.585 -10.993 -13.303
0.233379 -13.763 -13.836 -13.865 -13.844 -13.679 -13.44 -13.764 -13.824 -13.675 -13.431 -13.139 -12.776 -13.83 -13.605 -13.276 -13.0 -12.722 -13.59 -13.293 -13.018 -12.817 -12.744 -13.302 -13.478 -13.161 -12.136 -11.637 -11.045 -13.347
0.240437 -13.786 -13.863 -13.896 -13.882 -13.721 -13.485 -13.797 -13.863 -13.717 -13.476 -13.186 -12.824 -13.868 -13.648 -13.322 -13.047 -12.771 -13.633 -13.339 -13.065 -12.865 -12.791 -13.347 -13.522 -13.208 -12.186 -11.688 -11.098 -13.392
0.247709 -13.808 -13.889 -13.926 -13.92 -13.762 -13.529 -13.829 -13.901 -13.759 -13.521 -13.233 -12.873 -13.907 -13.691 -13.368 -13.095 -12.82 -13.676 -13.384 -13.112 -12.913 -12.838 -13.392 -13.566 -13.255 -12.236 -11.739 -11.15 -13.437
0.255201 -13.829 -13.915 -13.955 -13.957 -13.804 -13.574 -13.861 -13.939 -13.8 -13.565 -13.279 -12.921 -13.945 -13.733 -13.414 -13.142 -12.868 -13.719 -13.43 -13.16 -12.961 -12.886 -13.438 -13.61 -13.301 -12.287 -11.791 -11.202 -13.481
0.262919 -13.85 -13.94 -13.985 -13.995 -13.845 -13.618 -13.893 -13.977 -13.842 -13.609 -13.326 -12.97 -13.983 -13.776 -13.46 -13.19 -12.917 -13.762 -13.475 -13.207 -13.008 -12.933 -13.483 -13.654 -13.347 -12.337 -11.842 -11.254 -13.525
0.270871 -13.871 -13.966 -14.014 -14.032 -13.886 -13.662 -13.924 -14.015 -13.883 -13.654 -13.372 -13.018 -14.02 -13.818 -13.505 -13.237 -12.966 -13.804 -13.521 -13.254 -13.056 -12.98 -13.527 -13.697 -13.394 -12.388 -11.893 -11.306 -13.57
0.279064 -13.892 -13.99 -14.042 -14.069 -13.927 -13.706 -13.956 -14.053 -13.924 -13.698 -13.419 -13.066 -14.058 -13.86 -13.551 -13.284 -13.014 -13.846 -13.566 -13.301 -13.104 -13.027 -13.572 -13.741 -13.44 -12.438 -11.945 -11.358 -13.614
0.287504 -13.912 -14.015 -14.071 -14.105 -13.968 -13.75 -13.987 -14.09 -13.965 -13.742 -13.465 -13.114 -14.095 -13.902 -13.596 -13.331 -13.062 -13.889 -13.611 -13.347 -13.151 -13.074 -13.617 -13.784 -13.486 -12.488 -11.996 -11.41 -13.658
0.296199 -13.931 -14.039 -14.099 -14.142 -14.009 -13.794 -14.018 -14.127 -14.005 -13.786 -13.511 -13.162 -14.132 -13.944 -13.642 -13.378 -13.111 -13.931 -13.656 -13.394 -13.199 -13.121 -13.661 -13.827 -13.532 -12.538 -12.047 -11.462 -13.701
0.305157 -13.951 -14.062 -14.127 -14.178 -14.049 -13.838 -14.049 -14.164 -14.046 -13.83 -13.557 -13.21 -14.169 -13.985 -13.687 -13.425 -13.159 -13.972 -13.701 -13.441 -13.246 -13.168 -13.706 -13.87 -13.578 -12.588 -12.098 -11.514 -13.745
0.314387 -13.969 -14.086 -14.154 -14.214 -14.09 -13.882 -14.079 -14.201 -14.086 -13.873 -13.603 -13.258 -14.206 -14.027 -13.732 -13.472 -13.207 -14.014 -13.746 -13.487 -13.293 -13.215 -13.75 -13.913 -13.623 -12.638 -12.149 -11.566 -13.789
0.323895 -13.988 -14.109 -14.181 -14.249 -14.13 -13.925 -14.109 -14.237 -14.126 -13.917 -13.649 -13.306 -14.242 -14.068 -13.777 -13.519 -13.255 -14.056 -13.79 -13.534 -13.341 -13.262 -13.794 -13.956 -13.669 -12.688 -12.2 -11.618 -13.832
0.333691 -14.006 -14.131 -14.208 -14.285 -14.17 -13.968 -14.139 -14.273 -14.166 -13.96 -13.694 -13.354 -14.278 -14.109 -13.821 -13.566 -13.303 -14.097 -13.835 -13.58 -13.388 -13.308 -13.838 -13.998 -13.714 -12.738 -12.251 -11.669 -13.875
0.343783 -14.024 -14.153 -14.234 -14.32 -14.209 -14.011 -14.169 -14.309 -14.206 -14.003 -13.74 -13.401 -14.314 -14.15 -13.866 -13.612 -13.351 -14.138 -13.879 -13.626 -13.435 -13.355 -13.882 -14.041 -13.76 -12.788 -12.302 -11.721 -13.918
0.354181 -14.041 -14.175 -14.26 -14.355 -14.249 -14.054 -14.198 -14.345 -14.246 -14.046 -13.785 -13.449 -14.35 -14.191 -13.911 -13.659 -13.399 -14.179 -13.924 -13.673 -13.482 -13.402 -13.926 -14.083 -13.805 -12.838 -12.353 -11.773 -13.962
0.364893 -14.057 -14.196 -14.286 -14.39 -14.288 -14.097 -14.228 -14.381 -14.285 -14.089 -13.831 -13.496 -14.385 -14.231 -13.955 -13.705 -13.447 -14.22 -13.968 -13.719 -13.529 -13.449 -13.969 -14.125 -13.85 -12.888 -12.404 -11.825 -14.004
0.375929 -14.074 -14.217 -14.311 -14.424 -14.327 -14.14 -14.257 -14.416 -14.324 -14.132 -13.876 -13.543 -14.42 -14.272 -13.999 -13.751 -13.494 -14.261 -14.012 -13.765 -13.576 -13.495 -14.013 -14.167 -13.895 -12.937 -12.454 -11.876 -14.047
0.387298 -14.09 -14.237 -14.336 -14.458 -14.366 -14.183 -14.285 -14.451 -14.363 -14.175 -13.921 -13.591 -14.455 -14.312 -14.043 -13.797 -13.542 -14.302 -14.056 -13.811 -13.623 -13.542 -14.056 -14.209 -13.94 -12.987 -12.505 -11.928 -14.09
0.399012 -14.105 -14.257 -14.361 -14.492 -14.405 -14.225 -14.314 -14.486 -14.402 -14.217 -13.966 -13.638 -14.489 -14.352 -14.087 -13.843 -13.589 -14.342 -14.1 -13.856 -13.669 -13.588 -14.099 -14.251 -13.985 -13.036 -12.556 -11.98 -14.132
0.41108 -14.12 -14.276 -14.385 -14.526 -14.444 -14.267 -14.342 -14.52 -14.441 -14.259 -14.011 -13.685 -14.524 -14.392 -14.131 -13.889 -13.637 -14.382 -14.143 -13.902 -13.716 -13.635 -14.142 -14.292 -14.03 -13.086 -12.607 -12.031 -14.174
0.423513 -14.134 -14.295 -14.409 -14.559 -14.482 -14.309 -14.37 -14.554 -14.479 -14.301 -14.055 -13.732 -14.558 -14.431 -14.175 -13.935 -13.684 -14.422 -14.187 -13.948 -13.763 -13.681 -14.185 -14.334 -14.074 -13.135 -12.657 -12.083 -14.217
0.436321 -14.148 -14.314 -14.433 -14.592 -14.52 -14.351 -14.398 -14.588 -14.517 -14.343 -14.1 -13.779 -14.592 -14.471 -14.218 -13.981 -13.731 -14.462 -14.23 -13.993 -13.809 -13.727 -14.228 -14.375 -14.119 -13.185 -12.708 -12.134 -14.259
0.449518 -14.162 -14.332 -14.456 -14.625 -14.558 -14.393 -14.425 -14.622 -14.555 -14.385 -14.144 -13.826 -14.625 -14.51 -14.262 -14.026 -13.778 -14.502 -14.274 -14.038 -13.856 -13.774 -14.27 -14.416 -14.163 -13.234 -12.758 -12.186 -14.3
0.463113 -14.175 -14.35 -14.479 -14.657 -14.596 -14.434 -14.452 -14.655 -14.593 -14.427 -14.189 -13.872 -14.658 -14.549 -14.305 -14.072 -13.825 -14.541 -14.317 -14.084 -13.902 -13.82 -14.313 -14.456 -14.207 -13.283 -12.809 -12.237 -14.342
0.47712 -14.187 -14.367 -14.501 -14.689 -14.633 -14.476 -14.479 -14.688 -14.63 -14.468 -14.233 -13.919 -14.691 -14.588 -14.348 -14.117 -13.872 -14.58 -14.36 -14.129 -13.948 -13.866 -14.355 -14.497 -14.251 -13.332 -12.859 -12.289 -14.384
0.49155 -14.2 -14.384 -14.523 -14.721 -14.67 -14.517 -14.506 -14.721 -14.667 -14.51 -14.277 -13.965 -14.724 -14.626 -14.391 -14.162 -13.919 -14.619 -14.402 -14.174 -13.994 -13.912 -14.397 -14.537 -14.295 -13.382 -12.909 -12.34 -14.425
0.506416 -14.211 -14.4 -14.545 -14.753 -14.707 -14.558 -14.532 -14.754 -14.704 -14.551 -14.321 -14.012 -14.756 -14.665 -14.434 -14.207 -13.966 -14.658 -14.445 -14.219 -14.04 -13.958 -14.439 -14.578 -14.339 -13.431 -12.96 -12.391 -14.466
0.521733 -14.222 -14.415 -14.566 -14.784 -14.744 -14.599 -14.559 -14.786 -14.741 -14.592 -14.365 -14.058 -14.788 -14.703 -14.477 -14.252 -14.012 -14.697 -14.488 -14.263 -14.086 -14.004 -14.481 -14.618 -14.382 -13.479 -13.01 -12.442 -14.507
0.537512 -14.233 -14.431 -14.586 -14.815 -14.781 -14.64 -14.584 -14.818 -14.778 -14.632 -14.408 -14.104 -14.82 -14.741 -14.519 -14.297 -14.059 -14.735 -14.53 -14.308 -14.132 -14.05 -14.523 -14.658 -14.426 -13.528 -13.06 -12.494 -14.548
0.553769 -14.243 -14.445 -14.607 -14.846 -14.817 -14.68 -14.61 -14.85 -14.814 -14.673 -14.452 -14.15 -14.852 -14.779 -14.562 -14.342 -14.105 -14.774 -14.572 -14.353 -14.178 -14.095 -14.564 -14.697 -14.469 -13.577 -13.11 -12.545 -14.589
0.570517 -14.252 -14.459 -14.627 -14.876 -14.853 -14.72 -14.635 -14.881 -14.85 -14.713 -14.495 -14.196 -14.883 -14.816 -14.604 -14.387 -14.152 -14.811 -14.614 -14.397 -14.223 -14.141 -14.605 -14.737 -14.512 -13.626 -13.16 -12.596 -14.629
0.587772 -14.261 -14.473 -14.646 -14.906 -14.889 -14.76 -14.66 -14.912 -14.886 -14.753 -14.538 -14.242 -14.913 -14.853 -14.646 -14.431 -14.198 -14.849 -14.656 -14.441 -14.269 -14.187 -14.647 -14.776 -14.555 -13.675 -13.21 -12.647 -14.669
