web/models/linear/6/-12_367_0_228.dat
# %ECSV 1.0
# ---
# datatype:
# - {name: time, datatype: float64}
# - {name: swift_uvot_uvw2, datatype: float64}
# - {name: swift_uvot_uvm2, datatype: float64}
# - {name: swift_uvot_uvw1, datatype: float64}
# - {name: swift_uvot_U, datatype: float64}
# - {name: swift_uvot_B, datatype: float64}
# - {name: swift_uvot_V, datatype: float64}
# - {name: swift_uvot_W, datatype: float64}
# - {name: johnson_U, datatype: float64}
# - {name: johnson_B, datatype: float64}
# - {name: johnson_V, datatype: float64}
# - {name: johnson_R, datatype: float64}
# - {name: johnson_I, datatype: float64}
# - {name: sdss_u, datatype: float64}
# - {name: sdss_g, datatype: float64}
# - {name: sdss_r, datatype: float64}
# - {name: sdss_i, datatype: float64}
# - {name: sdss_z, datatype: float64}
# - {name: PS1_g, datatype: float64}
# - {name: PS1_r, datatype: float64}
# - {name: PS1_i, datatype: float64}
# - {name: PS1_z, datatype: float64}
# - {name: PS1_Y, datatype: float64}
# - {name: PS1_w, datatype: float64}
# - {name: ATLAS_c, datatype: float64}
# - {name: ATLAS_o, datatype: float64}
# - {name: ukirt_J, datatype: float64}
# - {name: ukirt_H, datatype: float64}
# - {name: ukirt_K, datatype: float64}
# - {name: Clear, datatype: float64}
# meta: !!omap
# - comment: [M=-12.36734693877551, dM=0.22797045620951936]
# schema: astropy-2.0
time swift_uvot_uvw2 swift_uvot_uvm2 swift_uvot_uvw1 swift_uvot_U swift_uvot_B swift_uvot_V swift_uvot_W johnson_U johnson_B johnson_V johnson_R johnson_I sdss_u sdss_g sdss_r sdss_i sdss_z PS1_g PS1_r PS1_i PS1_z PS1_Y PS1_w ATLAS_c ATLAS_o ukirt_J ukirt_H ukirt_K Clear
[from data line 55]
4.14572864321608 -11.422243288660669 -11.422243288660669 -11.422243288660669 -11.422243288660669 -11.422243288660669 -11.422243288660669 -11.422243288660669 -11.422243288660669 -11.422243288660669 -11.422243288660669 -11.422243288660669 -11.422243288660669 -11.422243288660669 -11.422243288660669 -11.422243288660669 -11.422243288660669 -11.422243288660669 -11.422243288660669 -11.422243288660669 -11.422243288660669 -11.422243288660669 -11.422243288660669 -11.422243288660669 -11.422243288660669 -11.422243288660669 -11.422243288660669 -11.422243288660669 -11.422243288660669 -11.422243288660669
4.221105527638191 -11.405059585931308 -11.405059585931308 -11.405059585931308 -11.405059585931308 -11.405059585931308 -11.405059585931308 -11.405059585931308 -11.405059585931308 -11.405059585931308 -11.405059585931308 -11.405059585931308 -11.405059585931308 -11.405059585931308 -11.405059585931308 -11.405059585931308 -11.405059585931308 -11.405059585931308 -11.405059585931308 -11.405059585931308 -11.405059585931308 -11.405059585931308 -11.405059585931308 -11.405059585931308 -11.405059585931308 -11.405059585931308 -11.405059585931308 -11.405059585931308 -11.405059585931308 -11.405059585931308
4.296482412060302 -11.387875883201946 -11.387875883201946 -11.387875883201946 -11.387875883201946 -11.387875883201946 -11.387875883201946 -11.387875883201946 -11.387875883201946 -11.387875883201946 -11.387875883201946 -11.387875883201946 -11.387875883201946 -11.387875883201946 -11.387875883201946 -11.387875883201946 -11.387875883201946 -11.387875883201946 -11.387875883201946 -11.387875883201946 -11.387875883201946 -11.387875883201946 -11.387875883201946 -11.387875883201946 -11.387875883201946 -11.387875883201946 -11.387875883201946 -11.387875883201946 -11.387875883201946 -11.387875883201946
4.371859296482412 -11.370692180472586 -11.370692180472586 -11.370692180472586 -11.370692180472586 -11.370692180472586 -11.370692180472586 -11.370692180472586 -11.370692180472586 -11.370692180472586 -11.370692180472586 -11.370692180472586 -11.370692180472586 -11.370692180472586 -11.370692180472586 -11.370692180472586 -11.370692180472586 -11.370692180472586 -11.370692180472586 -11.370692180472586 -11.370692180472586 -11.370692180472586 -11.370692180472586 -11.370692180472586 -11.370692180472586 -11.370692180472586 -11.370692180472586 -11.370692180472586 -11.370692180472586 -11.370692180472586
4.447236180904522 -11.353508477743226 -11.353508477743226 -11.353508477743226 -11.353508477743226 -11.353508477743226 -11.353508477743226 -11.353508477743226 -11.353508477743226 -11.353508477743226 -11.353508477743226 -11.353508477743226 -11.353508477743226 -11.353508477743226 -11.353508477743226 -11.353508477743226 -11.353508477743226 -11.353508477743226 -11.353508477743226 -11.353508477743226 -11.353508477743226 -11.353508477743226 -11.353508477743226 -11.353508477743226 -11.353508477743226 -11.353508477743226 -11.353508477743226 -11.353508477743226 -11.353508477743226 -11.353508477743226
4.522613065326633 -11.336324775013864 -11.336324775013864 -11.336324775013864 -11.336324775013864 -11.336324775013864 -11.336324775013864 -11.336324775013864 -11.336324775013864 -11.336324775013864 -11.336324775013864 -11.336324775013864 -11.336324775013864 -11.336324775013864 -11.336324775013864 -11.336324775013864 -11.336324775013864 -11.336324775013864 -11.336324775013864 -11.336324775013864 -11.336324775013864 -11.336324775013864 -11.336324775013864 -11.336324775013864 -11.336324775013864 -11.336324775013864 -11.336324775013864 -11.336324775013864 -11.336324775013864 -11.336324775013864
4.597989949748744 -11.319141072284504 -11.319141072284504 -11.319141072284504 -11.319141072284504 -11.319141072284504 -11.319141072284504 -11.319141072284504 -11.319141072284504 -11.319141072284504 -11.319141072284504 -11.319141072284504 -11.319141072284504 -11.319141072284504 -11.319141072284504 -11.319141072284504 -11.319141072284504 -11.319141072284504 -11.319141072284504 -11.319141072284504 -11.319141072284504 -11.319141072284504 -11.319141072284504 -11.319141072284504 -11.319141072284504 -11.319141072284504 -11.319141072284504 -11.319141072284504 -11.319141072284504 -11.319141072284504
4.673366834170854 -11.301957369555144 -11.301957369555144 -11.301957369555144 -11.301957369555144 -11.301957369555144 -11.301957369555144 -11.301957369555144 -11.301957369555144 -11.301957369555144 -11.301957369555144 -11.301957369555144 -11.301957369555144 -11.301957369555144 -11.301957369555144 -11.301957369555144 -11.301957369555144 -11.301957369555144 -11.301957369555144 -11.301957369555144 -11.301957369555144 -11.301957369555144 -11.301957369555144 -11.301957369555144 -11.301957369555144 -11.301957369555144 -11.301957369555144 -11.301957369555144 -11.301957369555144 -11.301957369555144
4.748743718592964 -11.284773666825783 -11.284773666825783 -11.284773666825783 -11.284773666825783 -11.284773666825783 -11.284773666825783 -11.284773666825783 -11.284773666825783 -11.284773666825783 -11.284773666825783 -11.284773666825783 -11.284773666825783 -11.284773666825783 -11.284773666825783 -11.284773666825783 -11.284773666825783 -11.284773666825783 -11.284773666825783 -11.284773666825783 -11.284773666825783 -11.284773666825783 -11.284773666825783 -11.284773666825783 -11.284773666825783 -11.284773666825783 -11.284773666825783 -11.284773666825783 -11.284773666825783 -11.284773666825783
4.824120603015075 -11.267589964096421 -11.267589964096421 -11.267589964096421 -11.267589964096421 -11.267589964096421 -11.267589964096421 -11.267589964096421 -11.267589964096421 -11.267589964096421 -11.267589964096421 -11.267589964096421 -11.267589964096421 -11.267589964096421 -11.267589964096421 -11.267589964096421 -11.267589964096421 -11.267589964096421 -11.267589964096421 -11.267589964096421 -11.267589964096421 -11.267589964096421 -11.267589964096421 -11.267589964096421 -11.267589964096421 -11.267589964096421 -11.267589964096421 -11.267589964096421 -11.267589964096421 -11.267589964096421
4.899497487437186 -11.250406261367061 -11.250406261367061 -11.250406261367061 -11.250406261367061 -11.250406261367061 -11.250406261367061 -11.250406261367061 -11.250406261367061 -11.250406261367061 -11.250406261367061 -11.250406261367061 -11.250406261367061 -11.250406261367061 -11.250406261367061 -11.250406261367061 -11.250406261367061 -11.250406261367061 -11.250406261367061 -11.250406261367061 -11.250406261367061 -11.250406261367061 -11.250406261367061 -11.250406261367061 -11.250406261367061 -11.250406261367061 -11.250406261367061 -11.250406261367061 -11.250406261367061 -11.250406261367061
4.974874371859296 -11.233222558637701 -11.233222558637701 -11.233222558637701 -11.233222558637701 -11.233222558637701 -11.233222558637701 -11.233222558637701 -11.233222558637701 -11.233222558637701 -11.233222558637701 -11.233222558637701 -11.233222558637701 -11.233222558637701 -11.233222558637701 -11.233222558637701 -11.233222558637701 -11.233222558637701 -11.233222558637701 -11.233222558637701 -11.233222558637701 -11.233222558637701 -11.233222558637701 -11.233222558637701 -11.233222558637701 -11.233222558637701 -11.233222558637701 -11.233222558637701 -11.233222558637701 -11.233222558637701
5.050251256281406 -11.216038855908339 -11.216038855908339 -11.216038855908339 -11.216038855908339 -11.216038855908339 -11.216038855908339 -11.216038855908339 -11.216038855908339 -11.216038855908339 -11.216038855908339 -11.216038855908339 -11.216038855908339 -11.216038855908339 -11.216038855908339 -11.216038855908339 -11.216038855908339 -11.216038855908339 -11.216038855908339 -11.216038855908339 -11.216038855908339 -11.216038855908339 -11.216038855908339 -11.216038855908339 -11.216038855908339 -11.216038855908339 -11.216038855908339 -11.216038855908339 -11.216038855908339 -11.216038855908339
5.125628140703517 -11.198855153178979 -11.198855153178979 -11.198855153178979 -11.198855153178979 -11.198855153178979 -11.198855153178979 -11.198855153178979 -11.198855153178979 -11.198855153178979 -11.198855153178979 -11.198855153178979 -11.198855153178979 -11.198855153178979 -11.198855153178979 -11.198855153178979 -11.198855153178979 -11.198855153178979 -11.198855153178979 -11.198855153178979 -11.198855153178979 -11.198855153178979 -11.198855153178979 -11.198855153178979 -11.198855153178979 -11.198855153178979 -11.198855153178979 -11.198855153178979 -11.198855153178979 -11.198855153178979
5.201005025125628 -11.181671450449619 -11.181671450449619 -11.181671450449619 -11.181671450449619 -11.181671450449619 -11.181671450449619 -11.181671450449619 -11.181671450449619 -11.181671450449619 -11.181671450449619 -11.181671450449619 -11.181671450449619 -11.181671450449619 -11.181671450449619 -11.181671450449619 -11.181671450449619 -11.181671450449619 -11.181671450449619 -11.181671450449619 -11.181671450449619 -11.181671450449619 -11.181671450449619 -11.181671450449619 -11.181671450449619 -11.181671450449619 -11.181671450449619 -11.181671450449619 -11.181671450449619 -11.181671450449619
5.276381909547738 -11.164487747720257 -11.164487747720257 -11.164487747720257 -11.164487747720257 -11.164487747720257 -11.164487747720257 -11.164487747720257 -11.164487747720257 -11.164487747720257 -11.164487747720257 -11.164487747720257 -11.164487747720257 -11.164487747720257 -11.164487747720257 -11.164487747720257 -11.164487747720257 -11.164487747720257 -11.164487747720257 -11.164487747720257 -11.164487747720257 -11.164487747720257 -11.164487747720257 -11.164487747720257 -11.164487747720257 -11.164487747720257 -11.164487747720257 -11.164487747720257 -11.164487747720257 -11.164487747720257
5.351758793969848 -11.147304044990896 -11.147304044990896 -11.147304044990896 -11.147304044990896 -11.147304044990896 -11.147304044990896 -11.147304044990896 -11.147304044990896 -11.147304044990896 -11.147304044990896 -11.147304044990896 -11.147304044990896 -11.147304044990896 -11.147304044990896 -11.147304044990896 -11.147304044990896 -11.147304044990896 -11.147304044990896 -11.147304044990896 -11.147304044990896 -11.147304044990896 -11.147304044990896 -11.147304044990896 -11.147304044990896 -11.147304044990896 -11.147304044990896 -11.147304044990896 -11.147304044990896 -11.147304044990896
5.427135678391959 -11.130120342261536 -11.130120342261536 -11.130120342261536 -11.130120342261536 -11.130120342261536 -11.130120342261536 -11.130120342261536 -11.130120342261536 -11.130120342261536 -11.130120342261536 -11.130120342261536 -11.130120342261536 -11.130120342261536 -11.130120342261536 -11.130120342261536 -11.130120342261536 -11.130120342261536 -11.130120342261536 -11.130120342261536 -11.130120342261536 -11.130120342261536 -11.130120342261536 -11.130120342261536 -11.130120342261536 -11.130120342261536 -11.130120342261536 -11.130120342261536 -11.130120342261536 -11.130120342261536
5.50251256281407 -11.112936639532174 -11.112936639532174 -11.112936639532174 -11.112936639532174 -11.112936639532174 -11.112936639532174 -11.112936639532174 -11.112936639532174 -11.112936639532174 -11.112936639532174 -11.112936639532174 -11.112936639532174 -11.112936639532174 -11.112936639532174 -11.112936639532174 -11.112936639532174 -11.112936639532174 -11.112936639532174 -11.112936639532174 -11.112936639532174 -11.112936639532174 -11.112936639532174 -11.112936639532174 -11.112936639532174 -11.112936639532174 -11.112936639532174 -11.112936639532174 -11.112936639532174 -11.112936639532174
5.57788944723618 -11.095752936802814 -11.095752936802814 -11.095752936802814 -11.095752936802814 -11.095752936802814 -11.095752936802814 -11.095752936802814 -11.095752936802814 -11.095752936802814 -11.095752936802814 -11.095752936802814 -11.095752936802814 -11.095752936802814 -11.095752936802814 -11.095752936802814 -11.095752936802814 -11.095752936802814 -11.095752936802814 -11.095752936802814 -11.095752936802814 -11.095752936802814 -11.095752936802814 -11.095752936802814 -11.095752936802814 -11.095752936802814 -11.095752936802814 -11.095752936802814 -11.095752936802814 -11.095752936802814
5.6532663316582905 -11.078569234073454 -11.078569234073454 -11.078569234073454 -11.078569234073454 -11.078569234073454 -11.078569234073454 -11.078569234073454 -11.078569234073454 -11.078569234073454 -11.078569234073454 -11.078569234073454 -11.078569234073454 -11.078569234073454 -11.078569234073454 -11.078569234073454 -11.078569234073454 -11.078569234073454 -11.078569234073454 -11.078569234073454 -11.078569234073454 -11.078569234073454 -11.078569234073454 -11.078569234073454 -11.078569234073454 -11.078569234073454 -11.078569234073454 -11.078569234073454 -11.078569234073454 -11.078569234073454
5.7286432160804015 -11.061385531344094 -11.061385531344094 -11.061385531344094 -11.061385531344094 -11.061385531344094 -11.061385531344094 -11.061385531344094 -11.061385531344094 -11.061385531344094 -11.061385531344094 -11.061385531344094 -11.061385531344094 -11.061385531344094 -11.061385531344094 -11.061385531344094 -11.061385531344094 -11.061385531344094 -11.061385531344094 -11.061385531344094 -11.061385531344094 -11.061385531344094 -11.061385531344094 -11.061385531344094 -11.061385531344094 -11.061385531344094 -11.061385531344094 -11.061385531344094 -11.061385531344094 -11.061385531344094
5.8040201005025125 -11.044201828614732 -11.044201828614732 -11.044201828614732 -11.044201828614732 -11.044201828614732 -11.044201828614732 -11.044201828614732 -11.044201828614732 -11.044201828614732 -11.044201828614732 -11.044201828614732 -11.044201828614732 -11.044201828614732 -11.044201828614732 -11.044201828614732 -11.044201828614732 -11.044201828614732 -11.044201828614732 -11.044201828614732 -11.044201828614732 -11.044201828614732 -11.044201828614732 -11.044201828614732 -11.044201828614732 -11.044201828614732 -11.044201828614732 -11.044201828614732 -11.044201828614732 -11.044201828614732
5.879396984924623 -11.027018125885371 -11.027018125885371 -11.027018125885371 -11.027018125885371 -11.027018125885371 -11.027018125885371 -11.027018125885371 -11.027018125885371 -11.027018125885371 -11.027018125885371 -11.027018125885371 -11.027018125885371 -11.027018125885371 -11.027018125885371 -11.027018125885371 -11.027018125885371 -11.027018125885371 -11.027018125885371 -11.027018125885371 -11.027018125885371 -11.027018125885371 -11.027018125885371 -11.027018125885371 -11.027018125885371 -11.027018125885371 -11.027018125885371 -11.027018125885371 -11.027018125885371 -11.027018125885371
5.954773869346733 -11.009834423156011 -11.009834423156011 -11.009834423156011 -11.009834423156011 -11.009834423156011 -11.009834423156011 -11.009834423156011 -11.009834423156011 -11.009834423156011 -11.009834423156011 -11.009834423156011 -11.009834423156011 -11.009834423156011 -11.009834423156011 -11.009834423156011 -11.009834423156011 -11.009834423156011 -11.009834423156011 -11.009834423156011 -11.009834423156011 -11.009834423156011 -11.009834423156011 -11.009834423156011 -11.009834423156011 -11.009834423156011 -11.009834423156011 -11.009834423156011 -11.009834423156011 -11.009834423156011
