web/models/linear/6/-12_367_0_090.dat
# %ECSV 1.0
# ---
# datatype:
# - {name: time, datatype: float64}
# - {name: swift_uvot_uvw2, datatype: float64}
# - {name: swift_uvot_uvm2, datatype: float64}
# - {name: swift_uvot_uvw1, datatype: float64}
# - {name: swift_uvot_U, datatype: float64}
# - {name: swift_uvot_B, datatype: float64}
# - {name: swift_uvot_V, datatype: float64}
# - {name: swift_uvot_W, datatype: float64}
# - {name: johnson_U, datatype: float64}
# - {name: johnson_B, datatype: float64}
# - {name: johnson_V, datatype: float64}
# - {name: johnson_R, datatype: float64}
# - {name: johnson_I, datatype: float64}
# - {name: sdss_u, datatype: float64}
# - {name: sdss_g, datatype: float64}
# - {name: sdss_r, datatype: float64}
# - {name: sdss_i, datatype: float64}
# - {name: sdss_z, datatype: float64}
# - {name: PS1_g, datatype: float64}
# - {name: PS1_r, datatype: float64}
# - {name: PS1_i, datatype: float64}
# - {name: PS1_z, datatype: float64}
# - {name: PS1_Y, datatype: float64}
# - {name: PS1_w, datatype: float64}
# - {name: ATLAS_c, datatype: float64}
# - {name: ATLAS_o, datatype: float64}
# - {name: ukirt_J, datatype: float64}
# - {name: ukirt_H, datatype: float64}
# - {name: ukirt_K, datatype: float64}
# - {name: Clear, datatype: float64}
# meta: !!omap
# - comment: [M=-12.36734693877551, dM=0.08988160392874614]
# schema: astropy-2.0
time swift_uvot_uvw2 swift_uvot_uvm2 swift_uvot_uvw1 swift_uvot_U swift_uvot_B swift_uvot_V swift_uvot_W johnson_U johnson_B johnson_V johnson_R johnson_I sdss_u sdss_g sdss_r sdss_i sdss_z PS1_g PS1_r PS1_i PS1_z PS1_Y PS1_w ATLAS_c ATLAS_o ukirt_J ukirt_H ukirt_K Clear
[from data line 28]
2.1105527638190953 -12.177647071187202 -12.177647071187202 -12.177647071187202 -12.177647071187202 -12.177647071187202 -12.177647071187202 -12.177647071187202 -12.177647071187202 -12.177647071187202 -12.177647071187202 -12.177647071187202 -12.177647071187202 -12.177647071187202 -12.177647071187202 -12.177647071187202 -12.177647071187202 -12.177647071187202 -12.177647071187202 -12.177647071187202 -12.177647071187202 -12.177647071187202 -12.177647071187202 -12.177647071187202 -12.177647071187202 -12.177647071187202 -12.177647071187202 -12.177647071187202 -12.177647071187202 -12.177647071187202
2.185929648241206 -12.17087207591619 -12.17087207591619 -12.17087207591619 -12.17087207591619 -12.17087207591619 -12.17087207591619 -12.17087207591619 -12.17087207591619 -12.17087207591619 -12.17087207591619 -12.17087207591619 -12.17087207591619 -12.17087207591619 -12.17087207591619 -12.17087207591619 -12.17087207591619 -12.17087207591619 -12.17087207591619 -12.17087207591619 -12.17087207591619 -12.17087207591619 -12.17087207591619 -12.17087207591619 -12.17087207591619 -12.17087207591619 -12.17087207591619 -12.17087207591619 -12.17087207591619 -12.17087207591619
2.2613065326633164 -12.16409708064518 -12.16409708064518 -12.16409708064518 -12.16409708064518 -12.16409708064518 -12.16409708064518 -12.16409708064518 -12.16409708064518 -12.16409708064518 -12.16409708064518 -12.16409708064518 -12.16409708064518 -12.16409708064518 -12.16409708064518 -12.16409708064518 -12.16409708064518 -12.16409708064518 -12.16409708064518 -12.16409708064518 -12.16409708064518 -12.16409708064518 -12.16409708064518 -12.16409708064518 -12.16409708064518 -12.16409708064518 -12.16409708064518 -12.16409708064518 -12.16409708064518 -12.16409708064518
2.336683417085427 -12.157322085374169 -12.157322085374169 -12.157322085374169 -12.157322085374169 -12.157322085374169 -12.157322085374169 -12.157322085374169 -12.157322085374169 -12.157322085374169 -12.157322085374169 -12.157322085374169 -12.157322085374169 -12.157322085374169 -12.157322085374169 -12.157322085374169 -12.157322085374169 -12.157322085374169 -12.157322085374169 -12.157322085374169 -12.157322085374169 -12.157322085374169 -12.157322085374169 -12.157322085374169 -12.157322085374169 -12.157322085374169 -12.157322085374169 -12.157322085374169 -12.157322085374169 -12.157322085374169
2.4120603015075375 -12.150547090103158 -12.150547090103158 -12.150547090103158 -12.150547090103158 -12.150547090103158 -12.150547090103158 -12.150547090103158 -12.150547090103158 -12.150547090103158 -12.150547090103158 -12.150547090103158 -12.150547090103158 -12.150547090103158 -12.150547090103158 -12.150547090103158 -12.150547090103158 -12.150547090103158 -12.150547090103158 -12.150547090103158 -12.150547090103158 -12.150547090103158 -12.150547090103158 -12.150547090103158 -12.150547090103158 -12.150547090103158 -12.150547090103158 -12.150547090103158 -12.150547090103158 -12.150547090103158
2.487437185929648 -12.143772094832146 -12.143772094832146 -12.143772094832146 -12.143772094832146 -12.143772094832146 -12.143772094832146 -12.143772094832146 -12.143772094832146 -12.143772094832146 -12.143772094832146 -12.143772094832146 -12.143772094832146 -12.143772094832146 -12.143772094832146 -12.143772094832146 -12.143772094832146 -12.143772094832146 -12.143772094832146 -12.143772094832146 -12.143772094832146 -12.143772094832146 -12.143772094832146 -12.143772094832146 -12.143772094832146 -12.143772094832146 -12.143772094832146 -12.143772094832146 -12.143772094832146 -12.143772094832146
2.5628140703517586 -12.136997099561135 -12.136997099561135 -12.136997099561135 -12.136997099561135 -12.136997099561135 -12.136997099561135 -12.136997099561135 -12.136997099561135 -12.136997099561135 -12.136997099561135 -12.136997099561135 -12.136997099561135 -12.136997099561135 -12.136997099561135 -12.136997099561135 -12.136997099561135 -12.136997099561135 -12.136997099561135 -12.136997099561135 -12.136997099561135 -12.136997099561135 -12.136997099561135 -12.136997099561135 -12.136997099561135 -12.136997099561135 -12.136997099561135 -12.136997099561135 -12.136997099561135 -12.136997099561135
2.638190954773869 -12.130222104290125 -12.130222104290125 -12.130222104290125 -12.130222104290125 -12.130222104290125 -12.130222104290125 -12.130222104290125 -12.130222104290125 -12.130222104290125 -12.130222104290125 -12.130222104290125 -12.130222104290125 -12.130222104290125 -12.130222104290125 -12.130222104290125 -12.130222104290125 -12.130222104290125 -12.130222104290125 -12.130222104290125 -12.130222104290125 -12.130222104290125 -12.130222104290125 -12.130222104290125 -12.130222104290125 -12.130222104290125 -12.130222104290125 -12.130222104290125 -12.130222104290125 -12.130222104290125
2.7135678391959797 -12.123447109019114 -12.123447109019114 -12.123447109019114 -12.123447109019114 -12.123447109019114 -12.123447109019114 -12.123447109019114 -12.123447109019114 -12.123447109019114 -12.123447109019114 -12.123447109019114 -12.123447109019114 -12.123447109019114 -12.123447109019114 -12.123447109019114 -12.123447109019114 -12.123447109019114 -12.123447109019114 -12.123447109019114 -12.123447109019114 -12.123447109019114 -12.123447109019114 -12.123447109019114 -12.123447109019114 -12.123447109019114 -12.123447109019114 -12.123447109019114 -12.123447109019114 -12.123447109019114
2.78894472361809 -12.116672113748102 -12.116672113748102 -12.116672113748102 -12.116672113748102 -12.116672113748102 -12.116672113748102 -12.116672113748102 -12.116672113748102 -12.116672113748102 -12.116672113748102 -12.116672113748102 -12.116672113748102 -12.116672113748102 -12.116672113748102 -12.116672113748102 -12.116672113748102 -12.116672113748102 -12.116672113748102 -12.116672113748102 -12.116672113748102 -12.116672113748102 -12.116672113748102 -12.116672113748102 -12.116672113748102 -12.116672113748102 -12.116672113748102 -12.116672113748102 -12.116672113748102 -12.116672113748102
2.8643216080402008 -12.109897118477091 -12.109897118477091 -12.109897118477091 -12.109897118477091 -12.109897118477091 -12.109897118477091 -12.109897118477091 -12.109897118477091 -12.109897118477091 -12.109897118477091 -12.109897118477091 -12.109897118477091 -12.109897118477091 -12.109897118477091 -12.109897118477091 -12.109897118477091 -12.109897118477091 -12.109897118477091 -12.109897118477091 -12.109897118477091 -12.109897118477091 -12.109897118477091 -12.109897118477091 -12.109897118477091 -12.109897118477091 -12.109897118477091 -12.109897118477091 -12.109897118477091 -12.109897118477091
2.9396984924623113 -12.10312212320608 -12.10312212320608 -12.10312212320608 -12.10312212320608 -12.10312212320608 -12.10312212320608 -12.10312212320608 -12.10312212320608 -12.10312212320608 -12.10312212320608 -12.10312212320608 -12.10312212320608 -12.10312212320608 -12.10312212320608 -12.10312212320608 -12.10312212320608 -12.10312212320608 -12.10312212320608 -12.10312212320608 -12.10312212320608 -12.10312212320608 -12.10312212320608 -12.10312212320608 -12.10312212320608 -12.10312212320608 -12.10312212320608 -12.10312212320608 -12.10312212320608 -12.10312212320608
3.015075376884422 -12.09634712793507 -12.09634712793507 -12.09634712793507 -12.09634712793507 -12.09634712793507 -12.09634712793507 -12.09634712793507 -12.09634712793507 -12.09634712793507 -12.09634712793507 -12.09634712793507 -12.09634712793507 -12.09634712793507 -12.09634712793507 -12.09634712793507 -12.09634712793507 -12.09634712793507 -12.09634712793507 -12.09634712793507 -12.09634712793507 -12.09634712793507 -12.09634712793507 -12.09634712793507 -12.09634712793507 -12.09634712793507 -12.09634712793507 -12.09634712793507 -12.09634712793507 -12.09634712793507
3.0904522613065324 -12.089572132664058 -12.089572132664058 -12.089572132664058 -12.089572132664058 -12.089572132664058 -12.089572132664058 -12.089572132664058 -12.089572132664058 -12.089572132664058 -12.089572132664058 -12.089572132664058 -12.089572132664058 -12.089572132664058 -12.089572132664058 -12.089572132664058 -12.089572132664058 -12.089572132664058 -12.089572132664058 -12.089572132664058 -12.089572132664058 -12.089572132664058 -12.089572132664058 -12.089572132664058 -12.089572132664058 -12.089572132664058 -12.089572132664058 -12.089572132664058 -12.089572132664058 -12.089572132664058
3.165829145728643 -12.082797137393047 -12.082797137393047 -12.082797137393047 -12.082797137393047 -12.082797137393047 -12.082797137393047 -12.082797137393047 -12.082797137393047 -12.082797137393047 -12.082797137393047 -12.082797137393047 -12.082797137393047 -12.082797137393047 -12.082797137393047 -12.082797137393047 -12.082797137393047 -12.082797137393047 -12.082797137393047 -12.082797137393047 -12.082797137393047 -12.082797137393047 -12.082797137393047 -12.082797137393047 -12.082797137393047 -12.082797137393047 -12.082797137393047 -12.082797137393047 -12.082797137393047 -12.082797137393047
3.2412060301507535 -12.076022142122037 -12.076022142122037 -12.076022142122037 -12.076022142122037 -12.076022142122037 -12.076022142122037 -12.076022142122037 -12.076022142122037 -12.076022142122037 -12.076022142122037 -12.076022142122037 -12.076022142122037 -12.076022142122037 -12.076022142122037 -12.076022142122037 -12.076022142122037 -12.076022142122037 -12.076022142122037 -12.076022142122037 -12.076022142122037 -12.076022142122037 -12.076022142122037 -12.076022142122037 -12.076022142122037 -12.076022142122037 -12.076022142122037 -12.076022142122037 -12.076022142122037 -12.076022142122037
3.316582914572864 -12.069247146851026 -12.069247146851026 -12.069247146851026 -12.069247146851026 -12.069247146851026 -12.069247146851026 -12.069247146851026 -12.069247146851026 -12.069247146851026 -12.069247146851026 -12.069247146851026 -12.069247146851026 -12.069247146851026 -12.069247146851026 -12.069247146851026 -12.069247146851026 -12.069247146851026 -12.069247146851026 -12.069247146851026 -12.069247146851026 -12.069247146851026 -12.069247146851026 -12.069247146851026 -12.069247146851026 -12.069247146851026 -12.069247146851026 -12.069247146851026 -12.069247146851026 -12.069247146851026
3.3919597989949746 -12.062472151580014 -12.062472151580014 -12.062472151580014 -12.062472151580014 -12.062472151580014 -12.062472151580014 -12.062472151580014 -12.062472151580014 -12.062472151580014 -12.062472151580014 -12.062472151580014 -12.062472151580014 -12.062472151580014 -12.062472151580014 -12.062472151580014 -12.062472151580014 -12.062472151580014 -12.062472151580014 -12.062472151580014 -12.062472151580014 -12.062472151580014 -12.062472151580014 -12.062472151580014 -12.062472151580014 -12.062472151580014 -12.062472151580014 -12.062472151580014 -12.062472151580014 -12.062472151580014
3.467336683417085 -12.055697156309003 -12.055697156309003 -12.055697156309003 -12.055697156309003 -12.055697156309003 -12.055697156309003 -12.055697156309003 -12.055697156309003 -12.055697156309003 -12.055697156309003 -12.055697156309003 -12.055697156309003 -12.055697156309003 -12.055697156309003 -12.055697156309003 -12.055697156309003 -12.055697156309003 -12.055697156309003 -12.055697156309003 -12.055697156309003 -12.055697156309003 -12.055697156309003 -12.055697156309003 -12.055697156309003 -12.055697156309003 -12.055697156309003 -12.055697156309003 -12.055697156309003 -12.055697156309003
3.5427135678391957 -12.048922161037993 -12.048922161037993 -12.048922161037993 -12.048922161037993 -12.048922161037993 -12.048922161037993 -12.048922161037993 -12.048922161037993 -12.048922161037993 -12.048922161037993 -12.048922161037993 -12.048922161037993 -12.048922161037993 -12.048922161037993 -12.048922161037993 -12.048922161037993 -12.048922161037993 -12.048922161037993 -12.048922161037993 -12.048922161037993 -12.048922161037993 -12.048922161037993 -12.048922161037993 -12.048922161037993 -12.048922161037993 -12.048922161037993 -12.048922161037993 -12.048922161037993 -12.048922161037993
3.618090452261306 -12.042147165766982 -12.042147165766982 -12.042147165766982 -12.042147165766982 -12.042147165766982 -12.042147165766982 -12.042147165766982 -12.042147165766982 -12.042147165766982 -12.042147165766982 -12.042147165766982 -12.042147165766982 -12.042147165766982 -12.042147165766982 -12.042147165766982 -12.042147165766982 -12.042147165766982 -12.042147165766982 -12.042147165766982 -12.042147165766982 -12.042147165766982 -12.042147165766982 -12.042147165766982 -12.042147165766982 -12.042147165766982 -12.042147165766982 -12.042147165766982 -12.042147165766982 -12.042147165766982
3.6934673366834168 -12.03537217049597 -12.03537217049597 -12.03537217049597 -12.03537217049597 -12.03537217049597 -12.03537217049597 -12.03537217049597 -12.03537217049597 -12.03537217049597 -12.03537217049597 -12.03537217049597 -12.03537217049597 -12.03537217049597 -12.03537217049597 -12.03537217049597 -12.03537217049597 -12.03537217049597 -12.03537217049597 -12.03537217049597 -12.03537217049597 -12.03537217049597 -12.03537217049597 -12.03537217049597 -12.03537217049597 -12.03537217049597 -12.03537217049597 -12.03537217049597 -12.03537217049597 -12.03537217049597
3.7688442211055273 -12.02859717522496 -12.02859717522496 -12.02859717522496 -12.02859717522496 -12.02859717522496 -12.02859717522496 -12.02859717522496 -12.02859717522496 -12.02859717522496 -12.02859717522496 -12.02859717522496 -12.02859717522496 -12.02859717522496 -12.02859717522496 -12.02859717522496 -12.02859717522496 -12.02859717522496 -12.02859717522496 -12.02859717522496 -12.02859717522496 -12.02859717522496 -12.02859717522496 -12.02859717522496 -12.02859717522496 -12.02859717522496 -12.02859717522496 -12.02859717522496 -12.02859717522496 -12.02859717522496
3.844221105527638 -12.021822179953949 -12.021822179953949 -12.021822179953949 -12.021822179953949 -12.021822179953949 -12.021822179953949 -12.021822179953949 -12.021822179953949 -12.021822179953949 -12.021822179953949 -12.021822179953949 -12.021822179953949 -12.021822179953949 -12.021822179953949 -12.021822179953949 -12.021822179953949 -12.021822179953949 -12.021822179953949 -12.021822179953949 -12.021822179953949 -12.021822179953949 -12.021822179953949 -12.021822179953949 -12.021822179953949 -12.021822179953949 -12.021822179953949 -12.021822179953949 -12.021822179953949 -12.021822179953949
3.9195979899497484 -12.015047184682937 -12.015047184682937 -12.015047184682937 -12.015047184682937 -12.015047184682937 -12.015047184682937 -12.015047184682937 -12.015047184682937 -12.015047184682937 -12.015047184682937 -12.015047184682937 -12.015047184682937 -12.015047184682937 -12.015047184682937 -12.015047184682937 -12.015047184682937 -12.015047184682937 -12.015047184682937 -12.015047184682937 -12.015047184682937 -12.015047184682937 -12.015047184682937 -12.015047184682937 -12.015047184682937 -12.015047184682937 -12.015047184682937 -12.015047184682937 -12.015047184682937 -12.015047184682937
3.994974874371859 -12.008272189411926 -12.008272189411926 -12.008272189411926 -12.008272189411926 -12.008272189411926 -12.008272189411926 -12.008272189411926 -12.008272189411926 -12.008272189411926 -12.008272189411926 -12.008272189411926 -12.008272189411926 -12.008272189411926 -12.008272189411926 -12.008272189411926 -12.008272189411926 -12.008272189411926 -12.008272189411926 -12.008272189411926 -12.008272189411926 -12.008272189411926 -12.008272189411926 -12.008272189411926 -12.008272189411926 -12.008272189411926 -12.008272189411926 -12.008272189411926 -12.008272189411926 -12.008272189411926
