web/models/linear/6/-12_367_0_675.dat
# %ECSV 1.0
# ---
# datatype:
# - {name: time, datatype: float64}
# - {name: swift_uvot_uvw2, datatype: float64}
# - {name: swift_uvot_uvm2, datatype: float64}
# - {name: swift_uvot_uvw1, datatype: float64}
# - {name: swift_uvot_U, datatype: float64}
# - {name: swift_uvot_B, datatype: float64}
# - {name: swift_uvot_V, datatype: float64}
# - {name: swift_uvot_W, datatype: float64}
# - {name: johnson_U, datatype: float64}
# - {name: johnson_B, datatype: float64}
# - {name: johnson_V, datatype: float64}
# - {name: johnson_R, datatype: float64}
# - {name: johnson_I, datatype: float64}
# - {name: sdss_u, datatype: float64}
# - {name: sdss_g, datatype: float64}
# - {name: sdss_r, datatype: float64}
# - {name: sdss_i, datatype: float64}
# - {name: sdss_z, datatype: float64}
# - {name: PS1_g, datatype: float64}
# - {name: PS1_r, datatype: float64}
# - {name: PS1_i, datatype: float64}
# - {name: PS1_z, datatype: float64}
# - {name: PS1_Y, datatype: float64}
# - {name: PS1_w, datatype: float64}
# - {name: ATLAS_c, datatype: float64}
# - {name: ATLAS_o, datatype: float64}
# - {name: ukirt_J, datatype: float64}
# - {name: ukirt_H, datatype: float64}
# - {name: ukirt_K, datatype: float64}
# - {name: Clear, datatype: float64}
# meta: !!omap
# - comment: [M=-12.36734693877551, dM=0.675233968650156]
# schema: astropy-2.0
time swift_uvot_uvw2 swift_uvot_uvm2 swift_uvot_uvw1 swift_uvot_U swift_uvot_B swift_uvot_V swift_uvot_W johnson_U johnson_B johnson_V johnson_R johnson_I sdss_u sdss_g sdss_r sdss_i sdss_z PS1_g PS1_r PS1_i PS1_z PS1_Y PS1_w ATLAS_c ATLAS_o ukirt_J ukirt_H ukirt_K Clear
[from data line 111]
8.36683417085427 -6.717776296551844 -6.717776296551844 -6.717776296551844 -6.717776296551844 -6.717776296551844 -6.717776296551844 -6.717776296551844 -6.717776296551844 -6.717776296551844 -6.717776296551844 -6.717776296551844 -6.717776296551844 -6.717776296551844 -6.717776296551844 -6.717776296551844 -6.717776296551844 -6.717776296551844 -6.717776296551844 -6.717776296551844 -6.717776296551844 -6.717776296551844 -6.717776296551844 -6.717776296551844 -6.717776296551844 -6.717776296551844 -6.717776296551844 -6.717776296551844 -6.717776296551844 -6.717776296551844
8.442211055276381 -6.666879263739018 -6.666879263739018 -6.666879263739018 -6.666879263739018 -6.666879263739018 -6.666879263739018 -6.666879263739018 -6.666879263739018 -6.666879263739018 -6.666879263739018 -6.666879263739018 -6.666879263739018 -6.666879263739018 -6.666879263739018 -6.666879263739018 -6.666879263739018 -6.666879263739018 -6.666879263739018 -6.666879263739018 -6.666879263739018 -6.666879263739018 -6.666879263739018 -6.666879263739018 -6.666879263739018 -6.666879263739018 -6.666879263739018 -6.666879263739018 -6.666879263739018 -6.666879263739018
8.517587939698492 -6.615982230926192 -6.615982230926192 -6.615982230926192 -6.615982230926192 -6.615982230926192 -6.615982230926192 -6.615982230926192 -6.615982230926192 -6.615982230926192 -6.615982230926192 -6.615982230926192 -6.615982230926192 -6.615982230926192 -6.615982230926192 -6.615982230926192 -6.615982230926192 -6.615982230926192 -6.615982230926192 -6.615982230926192 -6.615982230926192 -6.615982230926192 -6.615982230926192 -6.615982230926192 -6.615982230926192 -6.615982230926192 -6.615982230926192 -6.615982230926192 -6.615982230926192 -6.615982230926192
8.592964824120603 -6.565085198113366 -6.565085198113366 -6.565085198113366 -6.565085198113366 -6.565085198113366 -6.565085198113366 -6.565085198113366 -6.565085198113366 -6.565085198113366 -6.565085198113366 -6.565085198113366 -6.565085198113366 -6.565085198113366 -6.565085198113366 -6.565085198113366 -6.565085198113366 -6.565085198113366 -6.565085198113366 -6.565085198113366 -6.565085198113366 -6.565085198113366 -6.565085198113366 -6.565085198113366 -6.565085198113366 -6.565085198113366 -6.565085198113366 -6.565085198113366 -6.565085198113366 -6.565085198113366
8.668341708542712 -6.514188165300541 -6.514188165300541 -6.514188165300541 -6.514188165300541 -6.514188165300541 -6.514188165300541 -6.514188165300541 -6.514188165300541 -6.514188165300541 -6.514188165300541 -6.514188165300541 -6.514188165300541 -6.514188165300541 -6.514188165300541 -6.514188165300541 -6.514188165300541 -6.514188165300541 -6.514188165300541 -6.514188165300541 -6.514188165300541 -6.514188165300541 -6.514188165300541 -6.514188165300541 -6.514188165300541 -6.514188165300541 -6.514188165300541 -6.514188165300541 -6.514188165300541 -6.514188165300541
8.743718592964823 -6.463291132487715 -6.463291132487715 -6.463291132487715 -6.463291132487715 -6.463291132487715 -6.463291132487715 -6.463291132487715 -6.463291132487715 -6.463291132487715 -6.463291132487715 -6.463291132487715 -6.463291132487715 -6.463291132487715 -6.463291132487715 -6.463291132487715 -6.463291132487715 -6.463291132487715 -6.463291132487715 -6.463291132487715 -6.463291132487715 -6.463291132487715 -6.463291132487715 -6.463291132487715 -6.463291132487715 -6.463291132487715 -6.463291132487715 -6.463291132487715 -6.463291132487715 -6.463291132487715
8.819095477386934 -6.412394099674889 -6.412394099674889 -6.412394099674889 -6.412394099674889 -6.412394099674889 -6.412394099674889 -6.412394099674889 -6.412394099674889 -6.412394099674889 -6.412394099674889 -6.412394099674889 -6.412394099674889 -6.412394099674889 -6.412394099674889 -6.412394099674889 -6.412394099674889 -6.412394099674889 -6.412394099674889 -6.412394099674889 -6.412394099674889 -6.412394099674889 -6.412394099674889 -6.412394099674889 -6.412394099674889 -6.412394099674889 -6.412394099674889 -6.412394099674889 -6.412394099674889 -6.412394099674889
8.894472361809044 -6.361497066862064 -6.361497066862064 -6.361497066862064 -6.361497066862064 -6.361497066862064 -6.361497066862064 -6.361497066862064 -6.361497066862064 -6.361497066862064 -6.361497066862064 -6.361497066862064 -6.361497066862064 -6.361497066862064 -6.361497066862064 -6.361497066862064 -6.361497066862064 -6.361497066862064 -6.361497066862064 -6.361497066862064 -6.361497066862064 -6.361497066862064 -6.361497066862064 -6.361497066862064 -6.361497066862064 -6.361497066862064 -6.361497066862064 -6.361497066862064 -6.361497066862064 -6.361497066862064
8.969849246231155 -6.310600034049238 -6.310600034049238 -6.310600034049238 -6.310600034049238 -6.310600034049238 -6.310600034049238 -6.310600034049238 -6.310600034049238 -6.310600034049238 -6.310600034049238 -6.310600034049238 -6.310600034049238 -6.310600034049238 -6.310600034049238 -6.310600034049238 -6.310600034049238 -6.310600034049238 -6.310600034049238 -6.310600034049238 -6.310600034049238 -6.310600034049238 -6.310600034049238 -6.310600034049238 -6.310600034049238 -6.310600034049238 -6.310600034049238 -6.310600034049238 -6.310600034049238 -6.310600034049238
9.045226130653266 -6.259703001236412 -6.259703001236412 -6.259703001236412 -6.259703001236412 -6.259703001236412 -6.259703001236412 -6.259703001236412 -6.259703001236412 -6.259703001236412 -6.259703001236412 -6.259703001236412 -6.259703001236412 -6.259703001236412 -6.259703001236412 -6.259703001236412 -6.259703001236412 -6.259703001236412 -6.259703001236412 -6.259703001236412 -6.259703001236412 -6.259703001236412 -6.259703001236412 -6.259703001236412 -6.259703001236412 -6.259703001236412 -6.259703001236412 -6.259703001236412 -6.259703001236412 -6.259703001236412
9.120603015075377 -6.208805968423586 -6.208805968423586 -6.208805968423586 -6.208805968423586 -6.208805968423586 -6.208805968423586 -6.208805968423586 -6.208805968423586 -6.208805968423586 -6.208805968423586 -6.208805968423586 -6.208805968423586 -6.208805968423586 -6.208805968423586 -6.208805968423586 -6.208805968423586 -6.208805968423586 -6.208805968423586 -6.208805968423586 -6.208805968423586 -6.208805968423586 -6.208805968423586 -6.208805968423586 -6.208805968423586 -6.208805968423586 -6.208805968423586 -6.208805968423586 -6.208805968423586 -6.208805968423586
9.195979899497488 -6.1579089356107595 -6.1579089356107595 -6.1579089356107595 -6.1579089356107595 -6.1579089356107595 -6.1579089356107595 -6.1579089356107595 -6.1579089356107595 -6.1579089356107595 -6.1579089356107595 -6.1579089356107595 -6.1579089356107595 -6.1579089356107595 -6.1579089356107595 -6.1579089356107595 -6.1579089356107595 -6.1579089356107595 -6.1579089356107595 -6.1579089356107595 -6.1579089356107595 -6.1579089356107595 -6.1579089356107595 -6.1579089356107595 -6.1579089356107595 -6.1579089356107595 -6.1579089356107595 -6.1579089356107595 -6.1579089356107595 -6.1579089356107595
9.271356783919597 -6.107011902797934 -6.107011902797934 -6.107011902797934 -6.107011902797934 -6.107011902797934 -6.107011902797934 -6.107011902797934 -6.107011902797934 -6.107011902797934 -6.107011902797934 -6.107011902797934 -6.107011902797934 -6.107011902797934 -6.107011902797934 -6.107011902797934 -6.107011902797934 -6.107011902797934 -6.107011902797934 -6.107011902797934 -6.107011902797934 -6.107011902797934 -6.107011902797934 -6.107011902797934 -6.107011902797934 -6.107011902797934 -6.107011902797934 -6.107011902797934 -6.107011902797934 -6.107011902797934
9.346733668341708 -6.056114869985109 -6.056114869985109 -6.056114869985109 -6.056114869985109 -6.056114869985109 -6.056114869985109 -6.056114869985109 -6.056114869985109 -6.056114869985109 -6.056114869985109 -6.056114869985109 -6.056114869985109 -6.056114869985109 -6.056114869985109 -6.056114869985109 -6.056114869985109 -6.056114869985109 -6.056114869985109 -6.056114869985109 -6.056114869985109 -6.056114869985109 -6.056114869985109 -6.056114869985109 -6.056114869985109 -6.056114869985109 -6.056114869985109 -6.056114869985109 -6.056114869985109 -6.056114869985109
9.422110552763819 -6.005217837172283 -6.005217837172283 -6.005217837172283 -6.005217837172283 -6.005217837172283 -6.005217837172283 -6.005217837172283 -6.005217837172283 -6.005217837172283 -6.005217837172283 -6.005217837172283 -6.005217837172283 -6.005217837172283 -6.005217837172283 -6.005217837172283 -6.005217837172283 -6.005217837172283 -6.005217837172283 -6.005217837172283 -6.005217837172283 -6.005217837172283 -6.005217837172283 -6.005217837172283 -6.005217837172283 -6.005217837172283 -6.005217837172283 -6.005217837172283 -6.005217837172283 -6.005217837172283
9.497487437185928 -5.954320804359457 -5.954320804359457 -5.954320804359457 -5.954320804359457 -5.954320804359457 -5.954320804359457 -5.954320804359457 -5.954320804359457 -5.954320804359457 -5.954320804359457 -5.954320804359457 -5.954320804359457 -5.954320804359457 -5.954320804359457 -5.954320804359457 -5.954320804359457 -5.954320804359457 -5.954320804359457 -5.954320804359457 -5.954320804359457 -5.954320804359457 -5.954320804359457 -5.954320804359457 -5.954320804359457 -5.954320804359457 -5.954320804359457 -5.954320804359457 -5.954320804359457 -5.954320804359457
9.572864321608039 -5.903423771546631 -5.903423771546631 -5.903423771546631 -5.903423771546631 -5.903423771546631 -5.903423771546631 -5.903423771546631 -5.903423771546631 -5.903423771546631 -5.903423771546631 -5.903423771546631 -5.903423771546631 -5.903423771546631 -5.903423771546631 -5.903423771546631 -5.903423771546631 -5.903423771546631 -5.903423771546631 -5.903423771546631 -5.903423771546631 -5.903423771546631 -5.903423771546631 -5.903423771546631 -5.903423771546631 -5.903423771546631 -5.903423771546631 -5.903423771546631 -5.903423771546631 -5.903423771546631
9.64824120603015 -5.852526738733805 -5.852526738733805 -5.852526738733805 -5.852526738733805 -5.852526738733805 -5.852526738733805 -5.852526738733805 -5.852526738733805 -5.852526738733805 -5.852526738733805 -5.852526738733805 -5.852526738733805 -5.852526738733805 -5.852526738733805 -5.852526738733805 -5.852526738733805 -5.852526738733805 -5.852526738733805 -5.852526738733805 -5.852526738733805 -5.852526738733805 -5.852526738733805 -5.852526738733805 -5.852526738733805 -5.852526738733805 -5.852526738733805 -5.852526738733805 -5.852526738733805 -5.852526738733805
9.72361809045226 -5.801629705920979 -5.801629705920979 -5.801629705920979 -5.801629705920979 -5.801629705920979 -5.801629705920979 -5.801629705920979 -5.801629705920979 -5.801629705920979 -5.801629705920979 -5.801629705920979 -5.801629705920979 -5.801629705920979 -5.801629705920979 -5.801629705920979 -5.801629705920979 -5.801629705920979 -5.801629705920979 -5.801629705920979 -5.801629705920979 -5.801629705920979 -5.801629705920979 -5.801629705920979 -5.801629705920979 -5.801629705920979 -5.801629705920979 -5.801629705920979 -5.801629705920979 -5.801629705920979
9.798994974874372 -5.7507326731081525 -5.7507326731081525 -5.7507326731081525 -5.7507326731081525 -5.7507326731081525 -5.7507326731081525 -5.7507326731081525 -5.7507326731081525 -5.7507326731081525 -5.7507326731081525 -5.7507326731081525 -5.7507326731081525 -5.7507326731081525 -5.7507326731081525 -5.7507326731081525 -5.7507326731081525 -5.7507326731081525 -5.7507326731081525 -5.7507326731081525 -5.7507326731081525 -5.7507326731081525 -5.7507326731081525 -5.7507326731081525 -5.7507326731081525 -5.7507326731081525 -5.7507326731081525 -5.7507326731081525 -5.7507326731081525 -5.7507326731081525
9.874371859296481 -5.699835640295328 -5.699835640295328 -5.699835640295328 -5.699835640295328 -5.699835640295328 -5.699835640295328 -5.699835640295328 -5.699835640295328 -5.699835640295328 -5.699835640295328 -5.699835640295328 -5.699835640295328 -5.699835640295328 -5.699835640295328 -5.699835640295328 -5.699835640295328 -5.699835640295328 -5.699835640295328 -5.699835640295328 -5.699835640295328 -5.699835640295328 -5.699835640295328 -5.699835640295328 -5.699835640295328 -5.699835640295328 -5.699835640295328 -5.699835640295328 -5.699835640295328 -5.699835640295328
9.949748743718592 -5.648938607482502 -5.648938607482502 -5.648938607482502 -5.648938607482502 -5.648938607482502 -5.648938607482502 -5.648938607482502 -5.648938607482502 -5.648938607482502 -5.648938607482502 -5.648938607482502 -5.648938607482502 -5.648938607482502 -5.648938607482502 -5.648938607482502 -5.648938607482502 -5.648938607482502 -5.648938607482502 -5.648938607482502 -5.648938607482502 -5.648938607482502 -5.648938607482502 -5.648938607482502 -5.648938607482502 -5.648938607482502 -5.648938607482502 -5.648938607482502 -5.648938607482502 -5.648938607482502
10.025125628140703 -5.598041574669676 -5.598041574669676 -5.598041574669676 -5.598041574669676 -5.598041574669676 -5.598041574669676 -5.598041574669676 -5.598041574669676 -5.598041574669676 -5.598041574669676 -5.598041574669676 -5.598041574669676 -5.598041574669676 -5.598041574669676 -5.598041574669676 -5.598041574669676 -5.598041574669676 -5.598041574669676 -5.598041574669676 -5.598041574669676 -5.598041574669676 -5.598041574669676 -5.598041574669676 -5.598041574669676 -5.598041574669676 -5.598041574669676 -5.598041574669676 -5.598041574669676 -5.598041574669676
10.100502512562812 -5.547144541856851 -5.547144541856851 -5.547144541856851 -5.547144541856851 -5.547144541856851 -5.547144541856851 -5.547144541856851 -5.547144541856851 -5.547144541856851 -5.547144541856851 -5.547144541856851 -5.547144541856851 -5.547144541856851 -5.547144541856851 -5.547144541856851 -5.547144541856851 -5.547144541856851 -5.547144541856851 -5.547144541856851 -5.547144541856851 -5.547144541856851 -5.547144541856851 -5.547144541856851 -5.547144541856851 -5.547144541856851 -5.547144541856851 -5.547144541856851 -5.547144541856851 -5.547144541856851
10.175879396984923 -5.496247509044025 -5.496247509044025 -5.496247509044025 -5.496247509044025 -5.496247509044025 -5.496247509044025 -5.496247509044025 -5.496247509044025 -5.496247509044025 -5.496247509044025 -5.496247509044025 -5.496247509044025 -5.496247509044025 -5.496247509044025 -5.496247509044025 -5.496247509044025 -5.496247509044025 -5.496247509044025 -5.496247509044025 -5.496247509044025 -5.496247509044025 -5.496247509044025 -5.496247509044025 -5.496247509044025 -5.496247509044025 -5.496247509044025 -5.496247509044025 -5.496247509044025 -5.496247509044025
10.251256281407034 -5.445350476231199 -5.445350476231199 -5.445350476231199 -5.445350476231199 -5.445350476231199 -5.445350476231199 -5.445350476231199 -5.445350476231199 -5.445350476231199 -5.445350476231199 -5.445350476231199 -5.445350476231199 -5.445350476231199 -5.445350476231199 -5.445350476231199 -5.445350476231199 -5.445350476231199 -5.445350476231199 -5.445350476231199 -5.445350476231199 -5.445350476231199 -5.445350476231199 -5.445350476231199 -5.445350476231199 -5.445350476231199 -5.445350476231199 -5.445350476231199 -5.445350476231199 -5.445350476231199
10.326633165829145 -5.394453443418373 -5.394453443418373 -5.394453443418373 -5.394453443418373 -5.394453443418373 -5.394453443418373 -5.394453443418373 -5.394453443418373 -5.394453443418373 -5.394453443418373 -5.394453443418373 -5.394453443418373 -5.394453443418373 -5.394453443418373 -5.394453443418373 -5.394453443418373 -5.394453443418373 -5.394453443418373 -5.394453443418373 -5.394453443418373 -5.394453443418373 -5.394453443418373 -5.394453443418373 -5.394453443418373 -5.394453443418373 -5.394453443418373 -5.394453443418373 -5.394453443418373 -5.394453443418373
