web/models/linear/6/-12_367_0_123.dat
# %ECSV 1.0
# ---
# datatype:
# - {name: time, datatype: float64}
# - {name: sdss_u, datatype: float64}
# - {name: sdss_g, datatype: float64}
# - {name: sdss_r, datatype: float64}
# - {name: sdss_i, datatype: float64}
# - {name: sdss_z, datatype: float64}
# - {name: Clear, datatype: float64}
# - {name: johnson_B, datatype: float64}
# - {name: johnson_V, datatype: float64}
# - {name: johnson_R, datatype: float64}
# - {name: johnson_I, datatype: float64}
# - {name: ukirt_J, datatype: float64}
# - {name: ukirt_H, datatype: float64}
# - {name: ukirt_K, datatype: float64}
# meta: !!omap
# - comment: [M=-12.36734693877551, dM=0.12257636323289027]
# schema: astropy-2.0
time sdss_u sdss_g sdss_r sdss_i sdss_z Clear johnson_B johnson_V johnson_R johnson_I ukirt_J ukirt_H ukirt_K
[from data line 174]
13.115577889447234 -10.759687099389362 -10.759687099389362 -10.759687099389362 -10.759687099389362 -10.759687099389362 -10.759687099389362 -10.759687099389362 -10.759687099389362 -10.759687099389362 -10.759687099389362 -10.759687099389362 -10.759687099389362 -10.759687099389362
13.190954773869345 -10.750447675025073 -10.750447675025073 -10.750447675025073 -10.750447675025073 -10.750447675025073 -10.750447675025073 -10.750447675025073 -10.750447675025073 -10.750447675025073 -10.750447675025073 -10.750447675025073 -10.750447675025073 -10.750447675025073
13.266331658291456 -10.741208250660785 -10.741208250660785 -10.741208250660785 -10.741208250660785 -10.741208250660785 -10.741208250660785 -10.741208250660785 -10.741208250660785 -10.741208250660785 -10.741208250660785 -10.741208250660785 -10.741208250660785 -10.741208250660785
13.341708542713567 -10.731968826296496 -10.731968826296496 -10.731968826296496 -10.731968826296496 -10.731968826296496 -10.731968826296496 -10.731968826296496 -10.731968826296496 -10.731968826296496 -10.731968826296496 -10.731968826296496 -10.731968826296496 -10.731968826296496
13.417085427135678 -10.72272940193221 -10.72272940193221 -10.72272940193221 -10.72272940193221 -10.72272940193221 -10.72272940193221 -10.72272940193221 -10.72272940193221 -10.72272940193221 -10.72272940193221 -10.72272940193221 -10.72272940193221 -10.72272940193221
13.492462311557787 -10.71348997756792 -10.71348997756792 -10.71348997756792 -10.71348997756792 -10.71348997756792 -10.71348997756792 -10.71348997756792 -10.71348997756792 -10.71348997756792 -10.71348997756792 -10.71348997756792 -10.71348997756792 -10.71348997756792
13.567839195979898 -10.704250553203632 -10.704250553203632 -10.704250553203632 -10.704250553203632 -10.704250553203632 -10.704250553203632 -10.704250553203632 -10.704250553203632 -10.704250553203632 -10.704250553203632 -10.704250553203632 -10.704250553203632 -10.704250553203632
13.64321608040201 -10.695011128839344 -10.695011128839344 -10.695011128839344 -10.695011128839344 -10.695011128839344 -10.695011128839344 -10.695011128839344 -10.695011128839344 -10.695011128839344 -10.695011128839344 -10.695011128839344 -10.695011128839344 -10.695011128839344
13.718592964824118 -10.685771704475055 -10.685771704475055 -10.685771704475055 -10.685771704475055 -10.685771704475055 -10.685771704475055 -10.685771704475055 -10.685771704475055 -10.685771704475055 -10.685771704475055 -10.685771704475055 -10.685771704475055 -10.685771704475055
13.79396984924623 -10.676532280110768 -10.676532280110768 -10.676532280110768 -10.676532280110768 -10.676532280110768 -10.676532280110768 -10.676532280110768 -10.676532280110768 -10.676532280110768 -10.676532280110768 -10.676532280110768 -10.676532280110768 -10.676532280110768
13.86934673366834 -10.66729285574648 -10.66729285574648 -10.66729285574648 -10.66729285574648 -10.66729285574648 -10.66729285574648 -10.66729285574648 -10.66729285574648 -10.66729285574648 -10.66729285574648 -10.66729285574648 -10.66729285574648 -10.66729285574648
13.944723618090451 -10.658053431382191 -10.658053431382191 -10.658053431382191 -10.658053431382191 -10.658053431382191 -10.658053431382191 -10.658053431382191 -10.658053431382191 -10.658053431382191 -10.658053431382191 -10.658053431382191 -10.658053431382191 -10.658053431382191
14.020100502512562 -10.648814007017902 -10.648814007017902 -10.648814007017902 -10.648814007017902 -10.648814007017902 -10.648814007017902 -10.648814007017902 -10.648814007017902 -10.648814007017902 -10.648814007017902 -10.648814007017902 -10.648814007017902 -10.648814007017902
14.095477386934672 -10.639574582653616 -10.639574582653616 -10.639574582653616 -10.639574582653616 -10.639574582653616 -10.639574582653616 -10.639574582653616 -10.639574582653616 -10.639574582653616 -10.639574582653616 -10.639574582653616 -10.639574582653616 -10.639574582653616
14.170854271356783 -10.630335158289327 -10.630335158289327 -10.630335158289327 -10.630335158289327 -10.630335158289327 -10.630335158289327 -10.630335158289327 -10.630335158289327 -10.630335158289327 -10.630335158289327 -10.630335158289327 -10.630335158289327 -10.630335158289327
14.246231155778894 -10.621095733925038 -10.621095733925038 -10.621095733925038 -10.621095733925038 -10.621095733925038 -10.621095733925038 -10.621095733925038 -10.621095733925038 -10.621095733925038 -10.621095733925038 -10.621095733925038 -10.621095733925038 -10.621095733925038
14.321608040201003 -10.61185630956075 -10.61185630956075 -10.61185630956075 -10.61185630956075 -10.61185630956075 -10.61185630956075 -10.61185630956075 -10.61185630956075 -10.61185630956075 -10.61185630956075 -10.61185630956075 -10.61185630956075 -10.61185630956075
14.396984924623114 -10.602616885196461 -10.602616885196461 -10.602616885196461 -10.602616885196461 -10.602616885196461 -10.602616885196461 -10.602616885196461 -10.602616885196461 -10.602616885196461 -10.602616885196461 -10.602616885196461 -10.602616885196461 -10.602616885196461
14.472361809045225 -10.593377460832174 -10.593377460832174 -10.593377460832174 -10.593377460832174 -10.593377460832174 -10.593377460832174 -10.593377460832174 -10.593377460832174 -10.593377460832174 -10.593377460832174 -10.593377460832174 -10.593377460832174 -10.593377460832174
14.547738693467336 -10.584138036467886 -10.584138036467886 -10.584138036467886 -10.584138036467886 -10.584138036467886 -10.584138036467886 -10.584138036467886 -10.584138036467886 -10.584138036467886 -10.584138036467886 -10.584138036467886 -10.584138036467886 -10.584138036467886
14.623115577889447 -10.574898612103597 -10.574898612103597 -10.574898612103597 -10.574898612103597 -10.574898612103597 -10.574898612103597 -10.574898612103597 -10.574898612103597 -10.574898612103597 -10.574898612103597 -10.574898612103597 -10.574898612103597 -10.574898612103597
14.698492462311556 -10.565659187739309 -10.565659187739309 -10.565659187739309 -10.565659187739309 -10.565659187739309 -10.565659187739309 -10.565659187739309 -10.565659187739309 -10.565659187739309 -10.565659187739309 -10.565659187739309 -10.565659187739309 -10.565659187739309
14.773869346733667 -10.556419763375022 -10.556419763375022 -10.556419763375022 -10.556419763375022 -10.556419763375022 -10.556419763375022 -10.556419763375022 -10.556419763375022 -10.556419763375022 -10.556419763375022 -10.556419763375022 -10.556419763375022 -10.556419763375022
14.849246231155778 -10.547180339010733 -10.547180339010733 -10.547180339010733 -10.547180339010733 -10.547180339010733 -10.547180339010733 -10.547180339010733 -10.547180339010733 -10.547180339010733 -10.547180339010733 -10.547180339010733 -10.547180339010733 -10.547180339010733
14.924623115577887 -10.537940914646445 -10.537940914646445 -10.537940914646445 -10.537940914646445 -10.537940914646445 -10.537940914646445 -10.537940914646445 -10.537940914646445 -10.537940914646445 -10.537940914646445 -10.537940914646445 -10.537940914646445 -10.537940914646445
15.0 -10.528701490282156 -10.528701490282156 -10.528701490282156 -10.528701490282156 -10.528701490282156 -10.528701490282156 -10.528701490282156 -10.528701490282156 -10.528701490282156 -10.528701490282156 -10.528701490282156 -10.528701490282156 -10.528701490282156
