web/models/kne/4/Metzger_0.262885_0.256897_0.450000.dat
# %ECSV 0.9
# ---
# datatype:
# - {name: time, datatype: float64}
# - {name: sdss_u, datatype: float64}
# - {name: sdss_g, datatype: float64}
# - {name: sdss_r, datatype: float64}
# - {name: sdss_i, datatype: float64}
# - {name: sdss_z, datatype: float64}
# - {name: PS1_y, datatype: float64}
# - {name: ukirt_J, datatype: float64}
# - {name: ukirt_H, datatype: float64}
# - {name: ukirt_K, datatype: float64}
# - {name: johnson_U, datatype: float64}
# - {name: johnson_B, datatype: float64}
# - {name: johnson_V, datatype: float64}
# - {name: johnson_R, datatype: float64}
# - {name: johnson_I, datatype: float64}
# - {name: Clear, datatype: float64}
# meta: !!omap
# - comment: [vej = 0.25689655172413794, mej = 0.2628852448240983, Ye = 0.45, redshift = 0.0]
# schema: astropy-2.0
time sdss_u sdss_g sdss_r sdss_i sdss_z PS1_y ukirt_J ukirt_H ukirt_K johnson_U johnson_B johnson_V johnson_R johnson_I Clear
[from data line 288]
14.500000 16.290878 6.026748 -0.294448 -4.199914 -6.518205 -7.934398 -10.687511 -12.929261 -14.214797 15.047555 8.860571 2.336874 -1.049836 -6.748160 -0.543340
14.550000 16.435292 6.131959 -0.214127 -4.135489 -6.463523 -7.885834 -10.651412 -12.904351 -14.197313 15.187275 8.976721 2.427654 -0.972550 -6.694461 -0.464018
14.600000 16.579725 6.237191 -0.133784 -4.071041 -6.408817 -7.837247 -10.615288 -12.879416 -14.179804 15.327014 9.092893 2.518456 -0.895243 -6.640740 -0.384674
14.650000 16.724178 6.342444 -0.053420 -4.006571 -6.354089 -7.788637 -10.579141 -12.854457 -14.162271 15.466772 9.209085 2.609279 -0.817913 -6.586995 -0.305308
14.700000 16.868648 6.447717 0.026965 -3.942079 -6.299339 -7.740005 -10.542970 -12.829475 -14.144716 15.606549 9.325296 2.700123 -0.740563 -6.533228 -0.225920
14.750000 17.013136 6.553008 0.107371 -3.877566 -6.244567 -7.691350 -10.506777 -12.804470 -14.127137 15.746342 9.441525 2.790986 -0.663192 -6.479440 -0.146513
14.800000 17.157639 6.658318 0.187797 -3.813032 -6.189774 -7.642674 -10.470561 -12.779442 -14.109536 15.886152 9.557772 2.881869 -0.585801 -6.425630 -0.067085
14.850000 17.302158 6.763646 0.268242 -3.748478 -6.134960 -7.593976 -10.434324 -12.754391 -14.091911 16.025978 9.674036 2.972770 -0.508390 -6.371799 0.012362
14.900000 17.446691 6.868990 0.348706 -3.683904 -6.080125 -7.545258 -10.398065 -12.729318 -14.074265 16.165818 9.790316 3.063689 -0.430961 -6.317947 0.091828
14.950000 17.591238 6.974351 0.429187 -3.619310 -6.025270 -7.496519 -10.361784 -12.704223 -14.056597 16.305672 9.906612 3.154626 -0.353513 -6.264075 0.171311
15.000000 17.735797 7.079728 0.509687 -3.554698 -5.970396 -7.447760 -10.325482 -12.679106 -14.038907 16.445540 10.022923 3.245579 -0.276047 -6.210184 0.250813
15.050000 17.880368 7.185120 0.590203 -3.490068 -5.915503 -7.398982 -10.289160 -12.653968 -14.021195 16.585419 10.139248 3.336549 -0.198564 -6.156274 0.330332
15.100000 18.024951 7.290526 0.670736 -3.425419 -5.860591 -7.350184 -10.252818 -12.628809 -14.003463 16.725310 10.255587 3.427534 -0.121064 -6.102345 0.409867
15.150000 18.169544 7.395946 0.751285 -3.360753 -5.805660 -7.301368 -10.216456 -12.603629 -13.985709 16.865212 10.371938 3.518534 -0.043548 -6.048397 0.489419
15.200000 18.314146 7.501380 0.831850 -3.296071 -5.750712 -7.252533 -10.180074 -12.578428 -13.967934 17.005124 10.488302 3.609549 0.033983 -5.994432 0.568986
15.250000 18.458757 7.606825 0.912429 -3.231371 -5.695746 -7.203680 -10.143672 -12.553208 -13.950139 17.145045 10.604677 3.700578 0.111531 -5.940449 0.648568
15.300000 18.603376 7.712283 0.993023 -3.166656 -5.640764 -7.154809 -10.107252 -12.527967 -13.932324 17.284974 10.721063 3.791620 0.189092 -5.886448 0.728164
15.350000 18.748002 7.817752 1.073631 -3.101925 -5.585764 -7.105921 -10.070814 -12.502707 -13.914489 17.424911 10.837459 3.882676 0.266669 -5.832431 0.807775
15.400000 18.892635 7.923232 1.154252 -3.037179 -5.530749 -7.057016 -10.034356 -12.477427 -13.896634 17.564856 10.953865 3.973743 0.344259 -5.778398 0.887400
15.450000 19.037274 8.028722 1.234887 -2.972418 -5.475717 -7.008094 -9.997881 -12.452128 -13.878759 17.704806 11.070279 4.064823 0.421862 -5.724348 0.967037
15.500000 19.181918 8.134222 1.315534 -2.907642 -5.420670 -6.959156 -9.961389 -12.426810 -13.860865 17.844762 11.186703 4.155913 0.499478 -5.670283 1.046687
15.550000 19.326566 8.239731 1.396193 -2.842853 -5.365608 -6.910203 -9.924879 -12.401474 -13.842952 17.984724 11.303133 4.247015 0.577107 -5.616203 1.126350
15.600000 19.471218 8.345248 1.476864 -2.778050 -5.310530 -6.861233 -9.888352 -12.376119 -13.825020 18.124689 11.419572 4.338127 0.654748 -5.562108 1.206024
15.650000 19.615873 8.450774 1.557545 -2.713234 -5.255439 -6.812249 -9.851808 -12.350746 -13.807069 18.264658 11.536016 4.429248 0.732400 -5.507998 1.285709
15.700000 19.760530 8.556307 1.638238 -2.648405 -5.200333 -6.763250 -9.815247 -12.325355 -13.789100 18.404630 11.652467 4.520379 0.810063 -5.453874 1.365405
15.750000 19.905189 8.661847 1.718941 -2.583563 -5.145214 -6.714236 -9.778671 -12.299947 -13.771113 18.544605 11.768923 4.611519 0.887737 -5.399736 1.445112
15.800000 20.049849 8.767393 1.799654 -2.518710 -5.090082 -6.665208 -9.742078 -12.274521 -13.753108 18.684581 11.885384 4.702668 0.965422 -5.345585 1.524829
15.850000 20.194509 8.872945 1.880376 -2.453845 -5.034936 -6.616166 -9.705470 -12.249078 -13.735085 18.824558 12.001850 4.793824 1.043116 -5.291420 1.604555
15.900000 20.339169 8.978503 1.961107 -2.388969 -4.979778 -6.567110 -9.668847 -12.223619 -13.717044 18.964536 12.118319 4.884988 1.120819 -5.237243 1.684290
15.950000 20.483829 9.084065 2.041846 -2.324081 -4.924607 -6.518042 -9.632208 -12.198143 -13.698986 19.104513 12.234792 4.976158 1.198532 -5.183053 1.764034
16.000000 20.628487 9.189632 2.122594 -2.259183 -4.869424 -6.468960 -9.595555 -12.172650 -13.680910 19.244490 12.351268 5.067336 1.276253 -5.128852 1.843787
16.050000 20.773143 9.295203 2.203350 -2.194275 -4.814230 -6.419866 -9.558887 -12.147141 -13.662818 19.384465 12.467745 5.158519 1.353983 -5.074638 1.923547
16.100000 20.917796 9.400778 2.284113 -2.129358 -4.759024 -6.370759 -9.522205 -12.121616 -13.644709 19.524439 12.584225 5.249709 1.431720 -5.020412 2.003315
16.150000 21.062446 9.506355 2.364883 -2.064430 -4.703808 -6.321641 -9.485509 -12.096076 -13.626583 19.664410 12.700706 5.340903 1.509465 -4.966176 2.083090
16.200000 21.207092 9.611935 2.445660 -1.999494 -4.648580 -6.272510 -9.448799 -12.070519 -13.608441 19.804378 12.817188 5.432103 1.587217 -4.911928 2.162872
16.250000 21.351734 9.717517 2.526442 -1.934548 -4.593342 -6.223368 -9.412076 -12.044948 -13.590283 19.944343 12.933670 5.523307 1.664975 -4.857670 2.242660
16.300000 21.496371 9.823101 2.607231 -1.869594 -4.538094 -6.174215 -9.375339 -12.019362 -13.572109 20.084303 13.050151 5.614515 1.742740 -4.803402 2.322454
16.350000 21.641003 9.928686 2.688025 -1.804632 -4.482836 -6.125052 -9.338590 -11.993760 -13.553918 20.224259 13.166633 5.705727 1.820511 -4.749124 2.402254
16.400000 21.785629 10.034272 2.768824 -1.739662 -4.427568 -6.075877 -9.301827 -11.968145 -13.535713 20.364210 13.283113 5.796942 1.898288 -4.694836 2.482059
16.450000 21.930248 10.139859 2.849628 -1.674685 -4.372291 -6.026692 -9.265052 -11.942514 -13.517491 20.504155 13.399591 5.888160 1.976070 -4.640538 2.561869
16.500000 22.074860 10.245445 2.930437 -1.609700 -4.317006 -5.977497 -9.228265 -11.916870 -13.499255 20.644093 13.516068 5.979381 2.053857 -4.586231 2.641684
16.550000 22.219465 10.351031 3.011249 -1.544708 -4.261711 -5.928293 -9.191466 -11.891211 -13.481003 20.784026 13.632542 6.070604 2.131648 -4.531916 2.721503
16.600000 22.364061 10.456616 3.092066 -1.479710 -4.206408 -5.879078 -9.154655 -11.865539 -13.462736 20.923951 13.749014 6.161828 2.209444 -4.477592 2.801325
16.650000 22.508650 10.562200 3.172885 -1.414705 -4.151097 -5.829855 -9.117832 -11.839852 -13.444455 21.063868 13.865482 6.253055 2.287244 -4.423259 2.881152
16.700000 22.653229 10.667782 3.253708 -1.349694 -4.095778 -5.780622 -9.080998 -11.814153 -13.426159 21.203777 13.981947 6.344282 2.365047 -4.368918 2.960981
16.750000 22.797799 10.773362 3.334534 -1.284678 -4.040451 -5.731381 -9.044152 -11.788440 -13.407848 21.343678 14.098407 6.435510 2.442854 -4.314570 3.040814
16.800000 22.942359 10.878940 3.415362 -1.219656 -3.985117 -5.682131 -9.007296 -11.762714 -13.389523 21.483570 14.214863 6.526738 2.520664 -4.260214 3.120649
16.850000 23.086908 10.984515 3.496192 -1.154628 -3.929776 -5.632872 -8.970429 -11.736976 -13.371185 21.623452 14.331314 6.617967 2.598476 -4.205850 3.200487
16.900000 23.231447 11.090087 3.577024 -1.089596 -3.874428 -5.583606 -8.933552 -11.711224 -13.352832 21.763325 14.447760 6.709195 2.676291 -4.151480 3.280327
16.950000 23.375974 11.195656 3.657857 -1.024559 -3.819074 -5.534332 -8.896664 -11.685460 -13.334465 21.903187 14.564201 6.800423 2.754108 -4.097103 3.360168
17.000000 23.520490 11.301221 3.738692 -0.959518 -3.763712 -5.485050 -8.859766 -11.659684 -13.316085 22.043038 14.680635 6.891650 2.831927 -4.042719 3.440011
17.050000 23.664994 11.406782 3.819527 -0.894472 -3.708345 -5.435761 -8.822858 -11.633896 -13.297691 22.182879 14.797063 6.982876 2.909748 -3.988329 3.519855
17.100000 23.809485 11.512338 3.900364 -0.829423 -3.652972 -5.386464 -8.785940 -11.608095 -13.279284 22.322707 14.913484 7.074100 2.987569 -3.933933 3.599699
17.150000 23.953964 11.617890 3.981200 -0.764370 -3.597593 -5.337161 -8.749013 -11.582283 -13.260864 22.462524 15.029899 7.165322 3.065392 -3.879530 3.679545
17.200000 24.098429 11.723436 4.062037 -0.699313 -3.542209 -5.287851 -8.712077 -11.556459 -13.242431 22.602329 15.146305 7.256542 3.143216 -3.825123 3.759390
17.250000 24.242880 11.828977 4.142874 -0.634253 -3.486820 -5.238534 -8.675131 -11.530624 -13.223985 22.742120 15.262705 7.347760 3.221039 -3.770709 3.839236
17.300000 24.387317 11.934512 4.223710 -0.569191 -3.431425 -5.189211 -8.638176 -11.504777 -13.205527 22.881899 15.379096 7.438975 3.298864 -3.716291 3.919081
17.350000 24.531740 12.040041 4.304545 -0.504125 -3.376026 -5.139882 -8.601213 -11.478919 -13.187055 23.021664 15.495478 7.530188 3.376688 -3.661867 3.998926
17.400000 24.676147 12.145564 4.385379 -0.439058 -3.320622 -5.090547 -8.564241 -11.453050 -13.168572 23.161416 15.611852 7.621397 3.454511 -3.607439 4.078771
17.450000 24.820540 12.251080 4.466212 -0.373988 -3.265214 -5.041206 -8.527261 -11.427171 -13.150076 23.301153 15.728217 7.712602 3.532334 -3.553006 4.158614
17.500000 24.964917 12.356590 4.547044 -0.308915 -3.209802 -4.991860 -8.490272 -11.401280 -13.131567 23.440875 15.844572 7.803804 3.610157 -3.498569 4.238456
17.550000 25.109278 12.462091 4.627874 -0.243842 -3.154385 -4.942509 -8.453275 -11.375380 -13.113047 23.580583 15.960918 7.895002 3.687978 -3.444128 4.318296
17.600000 25.253623 12.567586 4.708702 -0.178766 -3.098965 -4.893152 -8.416271 -11.349468 -13.094515 23.720275 16.077254 7.986195 3.765798 -3.389682 4.398135
17.650000 25.397951 12.673073 4.789528 -0.113689 -3.043542 -4.843791 -8.379258 -11.323547 -13.075972 23.859952 16.193579 8.077384 3.843616 -3.335233 4.477971
17.700000 25.542263 12.778551 4.870351 -0.048611 -2.988115 -4.794425 -8.342238 -11.297615 -13.057416 23.999613 16.309894 8.168568 3.921433 -3.280780 4.557806
17.750000 25.686557 12.884021 4.951172 0.016468 -2.932684 -4.745054 -8.305211 -11.271674 -13.038850 24.139258 16.426199 8.259747 3.999248 -3.226324 4.637638
17.800000 25.830833 12.989483 5.031990 0.081547 -2.877251 -4.695678 -8.268177 -11.245723 -13.020271 24.278887 16.542492 8.350920 4.077060 -3.171865 4.717467
17.850000 25.975092 13.094936 5.112804 0.146627 -2.821815 -4.646299 -8.231135 -11.219762 -13.001682 24.418498 16.658774 8.442089 4.154871 -3.117402 4.797294
17.900000 26.119332 13.200379 5.193616 0.211708 -2.766377 -4.596916 -8.194086 -11.193792 -12.983082 24.558093 16.775044 8.533251 4.232678 -3.062937 4.877117
17.950000 26.263554 13.305814 5.274424 0.276789 -2.710936 -4.547528 -8.157031 -11.167812 -12.964470 24.697670 16.891302 8.624407 4.310483 -3.008469 4.956937
18.000000 26.407757 13.411239 5.355228 0.341870 -2.655492 -4.498137 -8.119969 -11.141823 -12.945848 24.837229 17.007548 8.715558 4.388284 -2.953999 5.036754
18.050000 26.551941 13.516653 5.436028 0.406950 -2.600047 -4.448743 -8.082901 -11.115825 -12.927215 24.976771 17.123781 8.806701 4.466083 -2.899526 5.116566
18.100000 26.696106 13.622058 5.516824 0.472030 -2.544600 -4.399345 -8.045826 -11.089818 -12.908572 25.116294 17.240002 8.897839 4.543878 -2.845051 5.196375
18.150000 26.840251 13.727453 5.597615 0.537110 -2.489151 -4.349944 -8.008745 -11.063802 -12.889918 25.255798 17.356211 8.988969 4.621669 -2.790574 5.276180
18.200000 26.984376 13.832837 5.678402 0.602189 -2.433700 -4.300539 -7.971658 -11.037778 -12.871253 25.395284 17.472406 9.080092 4.699457 -2.736096 5.355981
18.250000 27.128481 13.938210 5.759185 0.667267 -2.378248 -4.251132 -7.934565 -11.011744 -12.852579 25.534751 17.588587 9.171208 4.777240 -2.681615 5.435777
18.300000 27.272566 14.043573 5.839962 0.732344 -2.322794 -4.201722 -7.897466 -10.985703 -12.833894 25.674199 17.704755 9.262317 4.855020 -2.627133 5.515568
18.350000 27.416630 14.148924 5.920734 0.797419 -2.267340 -4.152310 -7.860362 -10.959653 -12.815199 25.813627 17.820909 9.353418 4.932795 -2.572650 5.595354
18.400000 27.560673 14.254264 6.001501 0.862493 -2.211884 -4.102895 -7.823252 -10.933595 -12.796494 25.953035 17.937050 9.444511 5.010565 -2.518166 5.675136
18.450000 27.704695 14.359592 6.082263 0.927566 -2.156428 -4.053478 -7.786137 -10.907529 -12.777780 26.092423 18.053176 9.535596 5.088331 -2.463680 5.754912
18.500000 27.848695 14.464909 6.163019 0.992637 -2.100971 -4.004058 -7.749017 -10.881454 -12.759056 26.231792 18.169287 9.626673 5.166091 -2.409194 5.834683
18.550000 27.992674 14.570213 6.243769 1.057706 -2.045514 -3.954637 -7.711891 -10.855372 -12.740322 26.371139 18.285384 9.717741 5.243847 -2.354707 5.914448
18.600000 28.136631 14.675506 6.324513 1.122773 -1.990056 -3.905213 -7.674761 -10.829283 -12.721579 26.510466 18.401466 9.808801 5.321598 -2.300219 5.994208
18.650000 28.280566 14.780786 6.405251 1.187838 -1.934598 -3.855788 -7.637625 -10.803185 -12.702826 26.649772 18.517533 9.899852 5.399343 -2.245730 6.073961
18.700000 28.424478 14.886054 6.485983 1.252900 -1.879140 -3.806362 -7.600485 -10.777080 -12.684064 26.789057 18.633585 9.990894 5.477083 -2.191242 6.153709
18.750000 28.568369 14.991309 6.566708 1.317960 -1.823682 -3.756933 -7.563340 -10.750968 -12.665293 26.928320 18.749621 10.081928 5.554816 -2.136753 6.233450
18.800000 28.712236 15.096551 6.647427 1.383018 -1.768224 -3.707504 -7.526191 -10.724849 -12.646513 27.067562 18.865642 10.172952 5.632544 -2.082264 6.313185
18.850000 28.856081 15.201780 6.728138 1.448072 -1.712766 -3.658073 -7.489038 -10.698722 -12.627724 27.206783 18.981647 10.263966 5.710267 -2.027775 6.392914
18.900000 28.999902 15.306996 6.808843 1.513124 -1.657309 -3.608641 -7.451880 -10.672588 -12.608926 27.345981 19.097636 10.354971 5.787982 -1.973287 6.472636
18.950000 29.143700 15.412198 6.889541 1.578173 -1.601852 -3.559208 -7.414718 -10.646447 -12.590119 27.485157 19.213608 10.445966 5.865692 -1.918798 6.552351
19.000000 29.287475 15.517387 6.970232 1.643218 -1.546396 -3.509774 -7.377552 -10.620299 -12.571304 27.624311 19.329565 10.536952 5.943395 -1.864310 6.632059
19.050000 29.431226 15.622563 7.050915 1.708260 -1.490941 -3.460339 -7.340382 -10.594145 -12.552480 27.763443 19.445505 10.627927 6.021092 -1.809823 6.711760
19.100000 29.574953 15.727724 7.131591 1.773299 -1.435487 -3.410904 -7.303208 -10.567984 -12.533647 27.902552 19.561428 10.718893 6.098782 -1.755336 6.791454
19.150000 29.718656 15.832872 7.212260 1.838335 -1.380033 -3.361468 -7.266030 -10.541816 -12.514806 28.041638 19.677335 10.809848 6.176465 -1.700850 6.871140
19.200000 29.862335 15.938005 7.292920 1.903366 -1.324581 -3.312032 -7.228849 -10.515642 -12.495957 28.180701 19.793225 10.900792 6.254141 -1.646365 6.950819
19.250000 30.005989 16.043124 7.373573 1.968394 -1.269130 -3.262596 -7.191665 -10.489461 -12.477099 28.319741 19.909098 10.991726 6.331811 -1.591881 7.030491
19.300000 30.149620 16.148229 7.454218 2.033418 -1.213681 -3.213159 -7.154477 -10.463274 -12.458234 28.458757 20.024953 11.082650 6.409472 -1.537398 7.110154
19.350000 30.293225 16.253319 7.534854 2.098438 -1.158233 -3.163722 -7.117285 -10.437081 -12.439360 28.597751 20.140791 11.173562 6.487127 -1.482916 7.189810
19.400000 30.436806 16.358395 7.615483 2.163454 -1.102787 -3.114285 -7.080091 -10.410882 -12.420479 28.736720 20.256612 11.264464 6.564774 -1.428436 7.269458
19.450000 30.580361 16.463456 7.696103 2.228466 -1.047342 -3.064849 -7.042893 -10.384677 -12.401589 28.875666 20.372415 11.355355 6.642414 -1.373957 7.349098
19.500000 30.723892 16.568502 7.776714 2.293473 -0.991899 -3.015412 -7.005692 -10.358466 -12.382692 29.014588 20.488200 11.446234 6.720046 -1.319480 7.428729
