web/models/kne/4/Metzger_0.006880_0.483793_0.100000.dat
# %ECSV 0.9
# ---
# datatype:
# - {name: time, datatype: float64}
# - {name: sdss_u, datatype: float64}
# - {name: sdss_g, datatype: float64}
# - {name: sdss_r, datatype: float64}
# - {name: sdss_i, datatype: float64}
# - {name: sdss_z, datatype: float64}
# - {name: PS1_y, datatype: float64}
# - {name: ukirt_J, datatype: float64}
# - {name: ukirt_H, datatype: float64}
# - {name: ukirt_K, datatype: float64}
# - {name: johnson_U, datatype: float64}
# - {name: johnson_B, datatype: float64}
# - {name: johnson_V, datatype: float64}
# - {name: johnson_R, datatype: float64}
# - {name: johnson_I, datatype: float64}
# - {name: Clear, datatype: float64}
# meta: !!omap
# - comment: [vej = 0.48379310344827586, mej = 0.006880363458522626, Ye = 0.1, redshift = 0.0]
# schema: astropy-2.0
time sdss_u sdss_g sdss_r sdss_i sdss_z PS1_y ukirt_J ukirt_H ukirt_K johnson_U johnson_B johnson_V johnson_R johnson_I Clear
[from data line 1148]
57.500000 540.955121 394.148606 301.135612 241.866826 205.614124 182.887361 136.722351 95.488909 68.243925 523.360753 435.085265 340.196764 289.808433 201.958530 297.409622
57.550000 541.414348 394.488818 301.400260 242.083218 205.800937 183.055598 136.852750 95.585320 68.317708 523.805728 435.458688 340.493165 290.063866 202.142357 297.671239
57.600000 541.873552 394.829013 301.664895 242.299599 205.987741 183.223829 136.983142 95.681728 68.391489 524.250681 435.832093 340.789553 290.319287 202.326176 297.932844
57.650000 542.332732 395.169191 301.929517 242.515970 206.174537 183.392051 137.113530 95.778132 68.465267 524.695610 436.205479 341.085925 290.574696 202.509986 298.194436
57.700000 542.791889 395.509352 302.194127 242.732330 206.361324 183.560266 137.243911 95.874533 68.539043 525.140517 436.578847 341.382283 290.830092 202.693787 298.456015
57.750000 543.251023 395.849496 302.458723 242.948681 206.548102 183.728473 137.374287 95.970929 68.612816 525.585402 436.952195 341.678626 291.085476 202.877580 298.717582
57.800000 543.710133 396.189623 302.723307 243.165021 206.734872 183.896673 137.504658 96.067322 68.686587 526.030263 437.325525 341.974955 291.340847 203.061365 298.979135
57.850000 544.169219 396.529733 302.987878 243.381351 206.921633 184.064865 137.635023 96.163712 68.760355 526.475102 437.698836 342.271269 291.596206 203.245141 299.240677
57.900000 544.628283 396.869826 303.252436 243.597670 207.108385 184.233049 137.765382 96.260097 68.834121 526.919919 438.072128 342.567569 291.851553 203.428909 299.502205
57.950000 545.087322 397.209902 303.516982 243.813980 207.295129 184.401226 137.895736 96.356479 68.907885 527.364713 438.445402 342.863854 292.106888 203.612668 299.763721
58.000000 545.546339 397.549962 303.781514 244.030279 207.481864 184.569396 138.026085 96.452857 68.981645 527.809484 438.818657 343.160124 292.362210 203.796419 300.025224
58.050000 546.005333 397.890004 304.046034 244.246569 207.668591 184.737558 138.156428 96.549232 69.055404 528.254233 439.191894 343.456380 292.617520 203.980162 300.286715
58.100000 546.464303 398.230030 304.310541 244.462848 207.855309 184.905712 138.286765 96.645603 69.129160 528.698960 439.565111 343.752622 292.872818 204.163896 300.548193
58.150000 546.923250 398.570039 304.575035 244.679117 208.042019 185.073858 138.417097 96.741970 69.202913 529.143664 439.938311 344.048849 293.128103 204.347621 300.809658
58.200000 547.382174 398.910031 304.839517 244.895375 208.228720 185.241998 138.547423 96.838333 69.276664 529.588346 440.311491 344.345062 293.383377 204.531339 301.071111
58.250000 547.841074 399.250007 305.103986 245.111624 208.415413 185.410129 138.677744 96.934693 69.350413 530.033005 440.684653 344.641261 293.638638 204.715048 301.332552
58.300000 548.299952 399.589965 305.368442 245.327863 208.602097 185.578253 138.808059 97.031049 69.424159 530.477642 441.057797 344.937445 293.893887 204.898748 301.593980
58.350000 548.758806 399.929907 305.632885 245.544091 208.788773 185.746370 138.938369 97.127402 69.497903 530.922256 441.430922 345.233614 294.149123 205.082441 301.855395
58.400000 549.217638 400.269832 305.897316 245.760310 208.975440 185.914479 139.068674 97.223751 69.571644 531.366849 441.804029 345.529770 294.404348 205.266125 302.116798
58.450000 549.676446 400.609741 306.161734 245.976518 209.162098 186.082580 139.198973 97.320096 69.645383 531.811419 442.177117 345.825910 294.659560 205.449800 302.378188
58.500000 550.135231 400.949633 306.426140 246.192716 209.348748 186.250674 139.329266 97.416437 69.719119 532.255966 442.550186 346.122037 294.914761 205.633467 302.639566
58.550000 550.593993 401.289508 306.690533 246.408905 209.535390 186.418761 139.459554 97.512775 69.792853 532.700492 442.923238 346.418149 295.169949 205.817126 302.900931
58.600000 551.052733 401.629367 306.954913 246.625083 209.722023 186.586840 139.589836 97.609109 69.866585 533.144995 443.296270 346.714247 295.425125 206.000777 303.162284
58.650000 551.511449 401.969209 307.219281 246.841251 209.908648 186.754912 139.720113 97.705440 69.940314 533.589476 443.669285 347.010331 295.680289 206.184419 303.423625
58.700000 551.970143 402.309034 307.483636 247.057409 210.095264 186.922976 139.850385 97.801767 70.014040 534.033935 444.042281 347.306400 295.935440 206.368053 303.684953
58.750000 552.428813 402.648843 307.747979 247.273557 210.281872 187.091033 139.980651 97.898090 70.087764 534.478372 444.415259 347.602456 296.190580 206.551679 303.946269
58.800000 552.887461 402.988635 308.012309 247.489695 210.468472 187.259082 140.110912 97.994410 70.161486 534.922787 444.788218 347.898497 296.445708 206.735297 304.207572
58.850000 553.346086 403.328411 308.276626 247.705824 210.655063 187.427124 140.241167 98.090726 70.235205 535.367180 445.161160 348.194523 296.700823 206.918906 304.468863
58.900000 553.804688 403.668170 308.540931 247.921942 210.841645 187.595158 140.371417 98.187038 70.308922 535.811550 445.534083 348.490536 296.955927 207.102507 304.730142
58.950000 554.263268 404.007913 308.805224 248.138050 211.028219 187.763186 140.501662 98.283347 70.382636 536.255899 445.906987 348.786534 297.211019 207.286100 304.991408
59.000000 554.721824 404.347639 309.069504 248.354149 211.214785 187.931205 140.631901 98.379652 70.456348 536.700225 446.279874 349.082519 297.466098 207.469684 305.252662
59.050000 555.180358 404.687349 309.333771 248.570237 211.401343 188.099217 140.762134 98.475953 70.530058 537.144530 446.652742 349.378489 297.721166 207.653261 305.513904
59.100000 555.638869 405.027043 309.598026 248.786315 211.587892 188.267222 140.892363 98.572251 70.603765 537.588813 447.025592 349.674445 297.976221 207.836829 305.775133
59.150000 556.097358 405.366720 309.862269 249.002384 211.774433 188.435220 141.022585 98.668546 70.677470 538.033073 447.398424 349.970386 298.231265 208.020389 306.036350
59.200000 556.555824 405.706380 310.126499 249.218443 211.960965 188.603210 141.152803 98.764836 70.751172 538.477312 447.771238 350.266314 298.486297 208.203941 306.297555
59.250000 557.014267 406.046024 310.390717 249.434491 212.147489 188.771193 141.283015 98.861123 70.824872 538.921529 448.144034 350.562228 298.741316 208.387484 306.558747
59.300000 557.472688 406.385652 310.654922 249.650530 212.334005 188.939168 141.413222 98.957407 70.898569 539.365725 448.516811 350.858127 298.996324 208.571020 306.819928
59.350000 557.931086 406.725264 310.919115 249.866559 212.520512 189.107136 141.543423 99.053687 70.972264 539.809898 448.889571 351.154013 299.251320 208.754547 307.081096
59.400000 558.389461 407.064859 311.183296 250.082578 212.707011 189.275097 141.673619 99.149963 71.045957 540.254049 449.262312 351.449884 299.506304 208.938066 307.342252
59.450000 558.847814 407.404438 311.447464 250.298588 212.893502 189.443050 141.803810 99.246236 71.119647 540.698179 449.635036 351.745742 299.761276 209.121577 307.603395
59.500000 559.306145 407.744000 311.711620 250.514587 213.079984 189.610996 141.933995 99.342505 71.193335 541.142287 450.007741 352.041585 300.016237 209.305080 307.864527
59.550000 559.764453 408.083547 311.975764 250.730577 213.266459 189.778935 142.064175 99.438770 71.267020 541.586374 450.380428 352.337415 300.271185 209.488574 308.125646
59.600000 560.222739 408.423077 312.239895 250.946557 213.452924 189.946866 142.194349 99.535032 71.340703 542.030438 450.753098 352.633230 300.526122 209.672061 308.386753
59.650000 560.681002 408.762591 312.504014 251.162527 213.639382 190.114790 142.324519 99.631291 71.414384 542.474481 451.125749 352.929032 300.781046 209.855539 308.647848
59.700000 561.139243 409.102088 312.768120 251.378487 213.825832 190.282707 142.454682 99.727545 71.488062 542.918502 451.498383 353.224820 301.035959 210.039009 308.908931
59.750000 561.597462 409.441570 313.032215 251.594438 214.012273 190.450616 142.584841 99.823797 71.561738 543.362502 451.870998 353.520593 301.290860 210.222472 309.170001
59.800000 562.055658 409.781035 313.296297 251.810378 214.198706 190.618519 142.714994 99.920044 71.635412 543.806480 452.243596 353.816353 301.545750 210.405926 309.431060
59.850000 562.513832 410.120484 313.560367 252.026309 214.385130 190.786414 142.845142 100.016289 71.709083 544.250437 452.616176 354.112099 301.800627 210.589372 309.692106
59.900000 562.971983 410.459917 313.824424 252.242230 214.571547 190.954301 142.975285 100.112529 71.782751 544.694372 452.988738 354.407831 302.055493 210.772810 309.953141
59.950000 563.430113 410.799334 314.088470 252.458142 214.757955 191.122182 143.105422 100.208766 71.856417 545.138285 453.361282 354.703549 302.310347 210.956240 310.214163
60.000000 563.888220 411.138735 314.352503 252.674044 214.944355 191.290055 143.235554 100.305000 71.930081 545.582177 453.733809 354.999253 302.565190 211.139662 310.475173
60.050000 564.346305 411.478119 314.616524 252.889936 215.130747 191.457921 143.365681 100.401230 72.003743 546.026048 454.106317 355.294944 302.820020 211.323075 310.736172
60.100000 564.804368 411.817488 314.880533 253.105818 215.317131 191.625779 143.495802 100.497456 72.077402 546.469897 454.478808 355.590621 303.074839 211.506481 310.997158
60.150000 565.262408 412.156841 315.144529 253.321691 215.503506 191.793631 143.625918 100.593679 72.151059 546.913724 454.851281 355.886283 303.329646 211.689879 311.258132
60.200000 565.720427 412.496177 315.408514 253.537554 215.689873 191.961475 143.756029 100.689898 72.224713 547.357531 455.223736 356.181932 303.584442 211.873269 311.519094
60.250000 566.178423 412.835498 315.672486 253.753407 215.876232 192.129312 143.886135 100.786114 72.298365 547.801316 455.596174 356.477568 303.839226 212.056651 311.780044
60.300000 566.636398 413.174802 315.936446 253.969250 216.062583 192.297142 144.016235 100.882326 72.372015 548.245079 455.968594 356.773189 304.093998 212.240024 312.040983
60.350000 567.094350 413.514091 316.200394 254.185084 216.248926 192.464965 144.146330 100.978535 72.445662 548.688821 456.340996 357.068797 304.348758 212.423390 312.301909
60.400000 567.552280 413.853363 316.464330 254.400909 216.435261 192.632780 144.276420 101.074740 72.519307 549.132542 456.713381 357.364391 304.603507 212.606748 312.562823
60.450000 568.010188 414.192620 316.728254 254.616723 216.621588 192.800589 144.406504 101.170942 72.592949 549.576242 457.085748 357.659972 304.858244 212.790098 312.823726
60.500000 568.468075 414.531861 316.992166 254.832528 216.807906 192.968390 144.536584 101.267140 72.666589 550.019920 457.458097 357.955538 305.112970 212.973440 313.084616
60.550000 568.925939 414.871086 317.256066 255.048324 216.994217 193.136184 144.666658 101.363334 72.740227 550.463577 457.830429 358.251091 305.367684 213.156773 313.345494
60.600000 569.383781 415.210294 317.519953 255.264110 217.180519 193.303971 144.796727 101.459525 72.813862 550.907213 458.202743 358.546631 305.622387 213.340099 313.606361
60.650000 569.841602 415.549488 317.783829 255.479886 217.366813 193.471750 144.926790 101.555713 72.887495 551.350828 458.575040 358.842156 305.877078 213.523417 313.867216
60.700000 570.299400 415.888665 318.047692 255.695653 217.553099 193.639523 145.056849 101.651897 72.961126 551.794422 458.947319 359.137669 306.131757 213.706727 314.128059
60.750000 570.757177 416.227826 318.311544 255.911410 217.739377 193.807288 145.186902 101.748078 73.034755 552.237994 459.319581 359.433167 306.386425 213.890030 314.388890
60.800000 571.214932 416.566972 318.575384 256.127157 217.925647 193.975046 145.316950 101.844255 73.108381 552.681546 459.691825 359.728652 306.641081 214.073324 314.649709
60.850000 571.672665 416.906102 318.839211 256.342895 218.111909 194.142798 145.446992 101.940429 73.182004 553.125076 460.064051 360.024123 306.895726 214.256610 314.910516
60.900000 572.130376 417.245216 319.103027 256.558624 218.298163 194.310542 145.577030 102.036599 73.255625 553.568585 460.436260 360.319581 307.150359 214.439889 315.171312
60.950000 572.588066 417.584314 319.366831 256.774343 218.484409 194.478278 145.707062 102.132765 73.329244 554.012073 460.808452 360.615025 307.404981 214.623159 315.432096
61.000000 573.045734 417.923396 319.630622 256.990052 218.670647 194.646008 145.837089 102.228929 73.402861 554.455540 461.180627 360.910456 307.659591 214.806422 315.692868
61.050000 573.503380 418.262463 319.894402 257.205752 218.856876 194.813731 145.967111 102.325088 73.476475 554.898987 461.552784 361.205873 307.914190 214.989677 315.953628
61.100000 573.961004 418.601514 320.158170 257.421442 219.043098 194.981447 146.097128 102.421245 73.550087 555.342412 461.924923 361.501276 308.168777 215.172924 316.214376
61.150000 574.418607 418.940550 320.421926 257.637123 219.229312 195.149155 146.227140 102.517397 73.623697 555.785816 462.297045 361.796666 308.423353 215.356163 316.475113
61.200000 574.876188 419.279569 320.685670 257.852795 219.415518 195.316857 146.357146 102.613547 73.697304 556.229200 462.669150 362.092043 308.677918 215.539394 316.735838
61.250000 575.333748 419.618573 320.949403 258.068457 219.601715 195.484551 146.487147 102.709692 73.770909 556.672562 463.041238 362.387406 308.932471 215.722617 316.996551
61.300000 575.791286 419.957562 321.213123 258.284109 219.787905 195.652239 146.617144 102.805835 73.844511 557.115904 463.413308 362.682756 309.187013 215.905833 317.257252
61.350000 576.248802 420.296534 321.476832 258.499752 219.974087 195.819919 146.747135 102.901974 73.918112 557.559224 463.785361 362.978092 309.441543 216.089041 317.517942
61.400000 576.706297 420.635492 321.740528 258.715386 220.160261 195.987593 146.877120 102.998109 73.991710 558.002524 464.157397 363.273415 309.696062 216.272241 317.778620
61.450000 577.163771 420.974433 322.004213 258.931010 220.346427 196.155259 147.007101 103.094241 74.065305 558.445803 464.529415 363.568724 309.950569 216.455433 318.039287
61.500000 577.621223 421.313359 322.267886 259.146625 220.532585 196.322918 147.137076 103.190370 74.138898 558.889062 464.901416 363.864020 310.205066 216.638617 318.299941
61.550000 578.078653 421.652270 322.531547 259.362230 220.718735 196.490570 147.267047 103.286495 74.212489 559.332299 465.273400 364.159303 310.459550 216.821794 318.560585
61.600000 578.536062 421.991165 322.795197 259.577826 220.904877 196.658216 147.397012 103.382616 74.286078 559.775516 465.645367 364.454572 310.714024 217.004963 318.821216
61.650000 578.993450 422.330044 323.058834 259.793413 221.091011 196.825854 147.526972 103.478734 74.359664 560.218712 466.017317 364.749828 310.968486 217.188124 319.081836
61.700000 579.450816 422.668908 323.322460 260.008990 221.277137 196.993485 147.656927 103.574849 74.433248 560.661888 466.389250 365.045071 311.222937 217.371277 319.342444
61.750000 579.908161 423.007756 323.586075 260.224558 221.463256 197.161110 147.786877 103.670961 74.506830 561.105042 466.761165 365.340300 311.477377 217.554422 319.603041
61.800000 580.365484 423.346589 323.849677 260.440117 221.649366 197.328727 147.916822 103.767068 74.580409 561.548177 467.133063 365.635516 311.731805 217.737560 319.863626
61.850000 580.822786 423.685407 324.113268 260.655666 221.835469 197.496337 148.046762 103.863173 74.653986 561.991290 467.504945 365.930719 311.986222 217.920690 320.124199
61.900000 581.280067 424.024209 324.376847 260.871206 222.021564 197.663941 148.176696 103.959274 74.727561 562.434383 467.876809 366.225908 312.240628 218.103812 320.384761
61.950000 581.737327 424.362996 324.640414 261.086736 222.207651 197.831537 148.306626 104.055372 74.801133 562.877455 468.248656 366.521084 312.495022 218.286927 320.645311
62.000000 582.194565 424.701767 324.903970 261.302257 222.393730 197.999127 148.436550 104.151466 74.874704 563.320507 468.620486 366.816247 312.749405 218.470034 320.905850
