web/models/kne/4/Metzger_0.010562_0.208276_0.450000.dat
# %ECSV 0.9
# ---
# datatype:
# - {name: time, datatype: float64}
# - {name: sdss_u, datatype: float64}
# - {name: sdss_g, datatype: float64}
# - {name: sdss_r, datatype: float64}
# - {name: sdss_i, datatype: float64}
# - {name: sdss_z, datatype: float64}
# - {name: PS1_y, datatype: float64}
# - {name: ukirt_J, datatype: float64}
# - {name: ukirt_H, datatype: float64}
# - {name: ukirt_K, datatype: float64}
# - {name: johnson_U, datatype: float64}
# - {name: johnson_B, datatype: float64}
# - {name: johnson_V, datatype: float64}
# - {name: johnson_R, datatype: float64}
# - {name: johnson_I, datatype: float64}
# - {name: Clear, datatype: float64}
# meta: !!omap
# - comment: [vej = 0.2082758620689655, mej = 0.010562026262441078, Ye = 0.45, redshift = 0.0]
# schema: astropy-2.0
time sdss_u sdss_g sdss_r sdss_i sdss_z PS1_y ukirt_J ukirt_H ukirt_K johnson_U johnson_B johnson_V johnson_R johnson_I Clear
[from data line 2740]
137.100000 710.790814 520.134166 399.280388 322.231857 275.081231 245.510648 185.404050 131.648490 96.066299 687.945362 573.307423 450.040859 384.558114 270.325505 394.437740
137.150000 711.044756 520.322360 399.426839 322.351649 275.184683 245.603839 185.476337 131.702002 96.107310 688.191431 573.513965 450.204851 384.699474 270.427307 394.582517
137.200000 711.298694 520.510552 399.573287 322.471439 275.288133 245.697028 185.548623 131.755513 96.148321 688.437496 573.720503 450.368841 384.840832 270.529108 394.727291
137.250000 711.552629 520.698741 399.719734 322.591228 275.391583 245.790217 185.620908 131.809023 96.189331 688.683557 573.927039 450.532829 384.982188 270.630908 394.872063
137.300000 711.806559 520.886927 399.866178 322.711015 275.495030 245.883403 185.693192 131.862533 96.230341 688.929615 574.133571 450.696814 385.123542 270.732707 395.016833
137.350000 712.060486 521.075110 400.012621 322.830801 275.598477 245.976589 185.765475 131.916042 96.271351 689.175669 574.340101 450.860797 385.264894 270.834504 395.161602
137.400000 712.314410 521.263291 400.159061 322.950585 275.701922 246.069774 185.837758 131.969551 96.312360 689.421720 574.546627 451.024777 385.406244 270.936300 395.306368
137.450000 712.568329 521.451469 400.305499 323.070367 275.805366 246.162957 185.910040 132.023059 96.353368 689.667767 574.753151 451.188756 385.547593 271.038094 395.451132
137.500000 712.822245 521.639644 400.451935 323.190148 275.908808 246.256139 185.982320 132.076567 96.394377 689.913810 574.959671 451.352731 385.688939 271.139887 395.595894
137.550000 713.076157 521.827817 400.598369 323.309927 276.012249 246.349320 186.054600 132.130074 96.435385 690.159849 575.166189 451.516705 385.830283 271.241679 395.740654
137.600000 713.330065 522.015986 400.744801 323.429704 276.115689 246.442500 186.126879 132.183580 96.476392 690.405885 575.372703 451.680676 385.971625 271.343469 395.885412
137.650000 713.583969 522.204153 400.891231 323.549480 276.219127 246.535678 186.199158 132.237086 96.517400 690.651917 575.579214 451.844645 386.112966 271.445258 396.030168
137.700000 713.837870 522.392318 401.037659 323.669254 276.322564 246.628855 186.271435 132.290591 96.558406 690.897946 575.785723 452.008611 386.254304 271.547046 396.174922
137.750000 714.091766 522.580479 401.184085 323.789026 276.426000 246.722032 186.343711 132.344096 96.599413 691.143971 575.992228 452.172576 386.395640 271.648832 396.319674
137.800000 714.345659 522.768638 401.330509 323.908797 276.529434 246.815206 186.415987 132.397600 96.640419 691.389992 576.198730 452.336537 386.536975 271.750617 396.464423
137.850000 714.599549 522.956795 401.476931 324.028566 276.632867 246.908380 186.488261 132.451103 96.681425 691.636010 576.405230 452.500497 386.678307 271.852401 396.609171
137.900000 714.853434 523.144948 401.623350 324.148334 276.736298 247.001552 186.560535 132.504606 96.722430 691.882024 576.611726 452.664454 386.819637 271.954183 396.753917
137.950000 715.107316 523.333099 401.769768 324.268100 276.839728 247.094724 186.632808 132.558109 96.763435 692.128034 576.818219 452.828409 386.960966 272.055964 396.898661
138.000000 715.361194 523.521247 401.916183 324.387864 276.943157 247.187894 186.705080 132.611610 96.804439 692.374041 577.024710 452.992361 387.102292 272.157744 397.043403
138.050000 715.615068 523.709392 402.062597 324.507627 277.046584 247.281062 186.777351 132.665111 96.845444 692.620044 577.231197 453.156311 387.243617 272.259522 397.188142
138.100000 715.868939 523.897535 402.209009 324.627388 277.150010 247.374230 186.849621 132.718612 96.886447 692.866044 577.437681 453.320259 387.384939 272.361299 397.332880
138.150000 716.122805 524.085675 402.355418 324.747147 277.253435 247.467396 186.921891 132.772112 96.927451 693.112040 577.644163 453.484205 387.526260 272.463075 397.477616
138.200000 716.376668 524.273812 402.501825 324.866905 277.356858 247.560562 186.994159 132.825612 96.968454 693.358032 577.850641 453.648148 387.667578 272.564849 397.622349
138.250000 716.630527 524.461946 402.648231 324.986661 277.460280 247.653726 187.066427 132.879110 97.009457 693.604021 578.057116 453.812089 387.808895 272.666622 397.767081
138.300000 716.884383 524.650078 402.794634 325.106416 277.563700 247.746888 187.138694 132.932609 97.050459 693.850006 578.263588 453.976027 387.950210 272.768393 397.911811
138.350000 717.138235 524.838207 402.941035 325.226169 277.667119 247.840050 187.210960 132.986106 97.091461 694.095987 578.470058 454.139964 388.091522 272.870164 398.056538
138.400000 717.392083 525.026333 403.087434 325.345920 277.770537 247.933210 187.283225 133.039604 97.132462 694.341965 578.676524 454.303897 388.232833 272.971932 398.201264
138.450000 717.645927 525.214457 403.233832 325.465670 277.873953 248.026370 187.355489 133.093100 97.173463 694.587939 578.882987 454.467829 388.374142 273.073700 398.345987
138.500000 717.899767 525.402578 403.380227 325.585418 277.977368 248.119527 187.427752 133.146596 97.214464 694.833909 579.089448 454.631758 388.515448 273.175466 398.490709
138.550000 718.153604 525.590696 403.526620 325.705164 278.080782 248.212684 187.500015 133.200092 97.255465 695.079876 579.295905 454.795685 388.656753 273.277231 398.635428
138.600000 718.407437 525.778812 403.673011 325.824909 278.184194 248.305840 187.572276 133.253586 97.296465 695.325840 579.502359 454.959610 388.798056 273.378995 398.780146
138.650000 718.661266 525.966925 403.819400 325.944652 278.287605 248.398994 187.644537 133.307081 97.337464 695.571799 579.708811 455.123532 388.939357 273.480757 398.924861
138.700000 718.915092 526.155035 403.965787 326.064394 278.391015 248.492147 187.716797 133.360574 97.378464 695.817755 579.915259 455.287452 389.080656 273.582518 399.069575
138.750000 719.168914 526.343142 404.112172 326.184134 278.494423 248.585299 187.789055 133.414068 97.419462 696.063708 580.121704 455.451370 389.221953 273.684277 399.214286
138.800000 719.422732 526.531247 404.258554 326.303872 278.597830 248.678450 187.861314 133.467560 97.460461 696.309657 580.328147 455.615285 389.363248 273.786035 399.358996
138.850000 719.676546 526.719349 404.404935 326.423609 278.701235 248.771600 187.933571 133.521052 97.501459 696.555602 580.534586 455.779198 389.504541 273.887792 399.503703
138.900000 719.930357 526.907448 404.551314 326.543344 278.804639 248.864748 188.005827 133.574544 97.542457 696.801544 580.741022 455.943109 389.645832 273.989548 399.648409
138.950000 720.184163 527.095545 404.697691 326.663078 278.908042 248.957895 188.078082 133.628034 97.583454 697.047482 580.947456 456.107017 389.787121 274.091302 399.793112
139.000000 720.437967 527.283639 404.844066 326.782809 279.011444 249.051041 188.150337 133.681525 97.624451 697.293416 581.153886 456.270923 389.928408 274.193055 399.937813
139.050000 720.691766 527.471730 404.990438 326.902540 279.114844 249.144186 188.222591 133.735014 97.665448 697.539347 581.360314 456.434827 390.069694 274.294806 400.082513
139.100000 720.945562 527.659819 405.136809 327.022268 279.218242 249.237330 188.294844 133.788503 97.706444 697.785274 581.566738 456.598728 390.210977 274.396557 400.227210
139.150000 721.199354 527.847905 405.283177 327.141995 279.321640 249.330472 188.367096 133.841992 97.747440 698.031198 581.773160 456.762628 390.352258 274.498305 400.371906
139.200000 721.453142 528.035988 405.429544 327.261721 279.425036 249.423613 188.439347 133.895480 97.788435 698.277118 581.979578 456.926524 390.493538 274.600053 400.516599
139.250000 721.706926 528.224069 405.575909 327.381445 279.528430 249.516753 188.511597 133.948967 97.829431 698.523034 582.185994 457.090419 390.634815 274.701799 400.661290
139.300000 721.960707 528.412146 405.722271 327.501167 279.631823 249.609892 188.583846 134.002454 97.870425 698.768947 582.392407 457.254311 390.776090 274.803544 400.805980
139.350000 722.214484 528.600222 405.868632 327.620887 279.735215 249.703029 188.656095 134.055940 97.911420 699.014856 582.598816 457.418201 390.917364 274.905288 400.950667
139.400000 722.468258 528.788294 406.014990 327.740606 279.838606 249.796166 188.728343 134.109426 97.952414 699.260762 582.805223 457.582089 391.058636 275.007030 401.095353
139.450000 722.722027 528.976364 406.161347 327.860324 279.941995 249.889301 188.800589 134.162911 97.993407 699.506664 583.011626 457.745974 391.199905 275.108771 401.240036
139.500000 722.975793 529.164431 406.307701 327.980039 280.045383 249.982435 188.872835 134.216396 98.034401 699.752562 583.218027 457.909857 391.341173 275.210510 401.384717
139.550000 723.229556 529.352495 406.454053 328.099754 280.148769 250.075568 188.945080 134.269880 98.075393 699.998457 583.424425 458.073738 391.482439 275.312248 401.529397
139.600000 723.483314 529.540557 406.600404 328.219466 280.252155 250.168700 189.017324 134.323363 98.116386 700.244349 583.630820 458.237616 391.623702 275.413985 401.674074
139.650000 723.737069 529.728616 406.746752 328.339177 280.355538 250.261830 189.089568 134.376846 98.157378 700.490236 583.837212 458.401492 391.764964 275.515721 401.818749
139.700000 723.990820 529.916673 406.893098 328.458886 280.458921 250.354959 189.161810 134.430328 98.198370 700.736121 584.043600 458.565366 391.906224 275.617455 401.963423
139.750000 724.244568 530.104726 407.039443 328.578594 280.562302 250.448087 189.234052 134.483810 98.239361 700.982001 584.249986 458.729238 392.047482 275.719188 402.108094
139.800000 724.498311 530.292777 407.185785 328.698300 280.665682 250.541214 189.306293 134.537291 98.280352 701.227878 584.456369 458.893107 392.188738 275.820920 402.252764
139.850000 724.752051 530.480826 407.332125 328.818005 280.769060 250.634340 189.378532 134.590772 98.321343 701.473752 584.662749 459.056974 392.329992 275.922650 402.397431
139.900000 725.005788 530.668871 407.478463 328.937708 280.872437 250.727465 189.450771 134.644252 98.362333 701.719621 584.869126 459.220839 392.471244 276.024379 402.542096
139.950000 725.259520 530.856915 407.624800 329.057409 280.975813 250.820588 189.523010 134.697731 98.403323 701.965488 585.075500 459.384701 392.612495 276.126107 402.686760
140.000000 725.513249 531.044955 407.771134 329.177109 281.079187 250.913710 189.595247 134.751210 98.444312 702.211350 585.281871 459.548561 392.753743 276.227833 402.831421
140.050000 725.766975 531.232993 407.917466 329.296807 281.182560 251.006831 189.667483 134.804688 98.485302 702.457210 585.488239 459.712419 392.894989 276.329558 402.976081
140.100000 726.020696 531.421028 408.063796 329.416503 281.285932 251.099951 189.739719 134.858166 98.526290 702.703065 585.694605 459.876274 393.036234 276.431282 403.120738
140.150000 726.274414 531.609060 408.210124 329.536198 281.389302 251.193069 189.811954 134.911643 98.567279 702.948917 585.900967 460.040127 393.177476 276.533004 403.265393
140.200000 726.528128 531.797090 408.356450 329.655891 281.492671 251.286187 189.884187 134.965120 98.608267 703.194766 586.107326 460.203978 393.318716 276.634725 403.410047
140.250000 726.781839 531.985117 408.502775 329.775583 281.596038 251.379303 189.956420 135.018596 98.649254 703.440610 586.313683 460.367827 393.459955 276.736445 403.554698
140.300000 727.035546 532.173141 408.649097 329.895273 281.699405 251.472418 190.028652 135.072071 98.690242 703.686452 586.520036 460.531673 393.601192 276.838163 403.699348
140.350000 727.289249 532.361163 408.795417 330.014962 281.802770 251.565532 190.100884 135.125546 98.731228 703.932289 586.726386 460.695517 393.742426 276.939880 403.843995
140.400000 727.542948 532.549182 408.941735 330.134649 281.906133 251.658644 190.173114 135.179020 98.772215 704.178124 586.932734 460.859359 393.883659 277.041596 403.988641
140.450000 727.796644 532.737198 409.088051 330.254334 282.009495 251.751756 190.245344 135.232494 98.813201 704.423954 587.139079 461.023199 394.024890 277.143310 404.133284
140.500000 728.050336 532.925212 409.234365 330.374018 282.112856 251.844866 190.317572 135.285967 98.854187 704.669781 587.345420 461.187036 394.166119 277.245023 404.277926
140.550000 728.304025 533.113223 409.380677 330.493700 282.216216 251.937975 190.389800 135.339440 98.895172 704.915605 587.551759 461.350871 394.307346 277.346735 404.422566
140.600000 728.557709 533.301232 409.526987 330.613380 282.319574 252.031083 190.462027 135.392912 98.936157 705.161425 587.758095 461.514703 394.448571 277.448446 404.567203
140.650000 728.811391 533.489237 409.673295 330.733059 282.422931 252.124190 190.534253 135.446383 98.977142 705.407241 587.964427 461.678534 394.589794 277.550155 404.711839
140.700000 729.065068 533.677241 409.819601 330.852736 282.526287 252.217295 190.606478 135.499854 99.018126 705.653054 588.170757 461.842362 394.731015 277.651863 404.856472
140.750000 729.318742 533.865241 409.965905 330.972412 282.629641 252.310400 190.678703 135.553324 99.059110 705.898864 588.377084 462.006188 394.872235 277.753569 405.001104
140.800000 729.572412 534.053239 410.112207 331.092086 282.732994 252.403503 190.750926 135.606794 99.100094 706.144669 588.583408 462.170011 395.013452 277.855274 405.145734
140.850000 729.826078 534.241234 410.258507 331.211759 282.836345 252.496605 190.823149 135.660263 99.141077 706.390472 588.789729 462.333832 395.154667 277.956978 405.290361
140.900000 730.079741 534.429227 410.404805 331.331430 282.939695 252.589706 190.895371 135.713732 99.182060 706.636270 588.996047 462.497651 395.295881 278.058681 405.434987
140.950000 730.333400 534.617217 410.551101 331.451099 283.043044 252.682805 190.967592 135.767200 99.223042 706.882065 589.202363 462.661468 395.437092 278.160382 405.579611
141.000000 730.587055 534.805204 410.697395 331.570767 283.146392 252.775904 191.039812 135.820667 99.264024 707.127857 589.408675 462.825283 395.578302 278.262082 405.724232
141.050000 730.840707 534.993188 410.843687 331.690433 283.249738 252.869001 191.112031 135.874134 99.305006 707.373645 589.614984 462.989095 395.719510 278.363781 405.868852
141.100000 731.094355 535.181170 410.989977 331.810098 283.353083 252.962097 191.184250 135.927601 99.345987 707.619430 589.821291 463.152905 395.860716 278.465478 406.013470
141.150000 731.348000 535.369150 411.136265 331.929761 283.456426 253.055192 191.256467 135.981067 99.386968 707.865211 590.027594 463.316712 396.001920 278.567174 406.158086
141.200000 731.601641 535.557126 411.282551 332.049422 283.559768 253.148286 191.328684 136.034532 99.427948 708.110988 590.233895 463.480518 396.143122 278.668869 406.302700
141.250000 731.855278 535.745100 411.428835 332.169082 283.663109 253.241378 191.400900 136.087996 99.468929 708.356762 590.440192 463.644321 396.284322 278.770563 406.447312
141.300000 732.108911 535.933072 411.575117 332.288740 283.766448 253.334470 191.473115 136.141461 99.509908 708.602532 590.646487 463.808122 396.425520 278.872255 406.591922
141.350000 732.362541 536.121040 411.721397 332.408397 283.869787 253.427560 191.545329 136.194924 99.550888 708.848299 590.852779 463.971920 396.566716 278.973945 406.736529
141.400000 732.616167 536.309007 411.867675 332.528052 283.973123 253.520649 191.617542 136.248387 99.591867 709.094063 591.059068 464.135716 396.707910 279.075635 406.881135
141.450000 732.869790 536.496970 412.013951 332.647706 284.076459 253.613737 191.689755 136.301849 99.632846 709.339823 591.265354 464.299510 396.849103 279.177323 407.025739
141.500000 733.123409 536.684931 412.160226 332.767358 284.179793 253.706824 191.761966 136.355311 99.673824 709.585579 591.471637 464.463302 396.990293 279.279010 407.170341
141.550000 733.377024 536.872889 412.306498 332.887008 284.283126 253.799909 191.834177 136.408773 99.714802 709.831332 591.677917 464.627092 397.131482 279.380696 407.314942
