web/models/kne/4/Metzger_0.262885_0.175862_0.100000.dat
# %ECSV 0.9
# ---
# datatype:
# - {name: time, datatype: float64}
# - {name: sdss_u, datatype: float64}
# - {name: sdss_g, datatype: float64}
# - {name: sdss_r, datatype: float64}
# - {name: sdss_i, datatype: float64}
# - {name: sdss_z, datatype: float64}
# - {name: PS1_y, datatype: float64}
# - {name: ukirt_J, datatype: float64}
# - {name: ukirt_H, datatype: float64}
# - {name: ukirt_K, datatype: float64}
# - {name: johnson_U, datatype: float64}
# - {name: johnson_B, datatype: float64}
# - {name: johnson_V, datatype: float64}
# - {name: johnson_R, datatype: float64}
# - {name: johnson_I, datatype: float64}
# - {name: Clear, datatype: float64}
# meta: !!omap
# - comment: [vej = 0.17586206896551723, mej = 0.2628852448240983, Ye = 0.1, redshift = 0.0]
# schema: astropy-2.0
time sdss_u sdss_g sdss_r sdss_i sdss_z PS1_y ukirt_J ukirt_H ukirt_K johnson_U johnson_B johnson_V johnson_R johnson_I Clear
[from data line 2566]
128.400000 251.272172 179.348529 133.879239 104.972925 87.330606 76.291032 53.934075 34.084651 21.077115 242.645080 199.388747 152.961464 128.349864 85.553709 132.060166
128.450000 251.379045 179.427600 133.940657 105.023070 87.373842 76.329929 53.964132 34.106768 21.093946 242.748624 199.475576 153.030301 128.409130 85.596247 132.120877
128.500000 251.485915 179.506667 134.002074 105.073214 87.417077 76.368824 53.994188 34.128885 21.110778 242.852164 199.562402 153.099135 128.468394 85.638784 132.181585
128.550000 251.592780 179.585732 134.063488 105.123356 87.460310 76.407718 54.024244 34.151002 21.127608 242.955700 199.649225 153.167966 128.527656 85.681320 132.242291
128.600000 251.699641 179.664794 134.124900 105.173497 87.503541 76.446611 54.054298 34.173118 21.144439 243.059232 199.736045 153.236795 128.586916 85.723854 132.302996
128.650000 251.806498 179.743853 134.186310 105.223635 87.546771 76.485503 54.084352 34.195233 21.161269 243.162761 199.822861 153.305621 128.646173 85.766386 132.363697
128.700000 251.913351 179.822909 134.247717 105.273772 87.590000 76.524393 54.114404 34.217348 21.178099 243.266285 199.909674 153.374445 128.705429 85.808918 132.424397
128.750000 252.020200 179.901962 134.309123 105.323907 87.633227 76.563282 54.144456 34.239462 21.194928 243.369805 199.996483 153.443267 128.764682 85.851447 132.485095
128.800000 252.127045 179.981013 134.370526 105.374041 87.676452 76.602170 54.174506 34.261575 21.211757 243.473321 200.083290 153.512085 128.823933 85.893976 132.545790
128.850000 252.233885 180.060060 134.431927 105.424172 87.719677 76.641056 54.204556 34.283688 21.228585 243.576834 200.170093 153.580902 128.883182 85.936502 132.606483
128.900000 252.340722 180.139104 134.493325 105.474302 87.762899 76.679941 54.234605 34.305800 21.245413 243.680342 200.256892 153.649715 128.942429 85.979028 132.667174
128.950000 252.447554 180.218145 134.554722 105.524430 87.806120 76.718825 54.264653 34.327912 21.262241 243.783847 200.343689 153.718526 129.001673 86.021552 132.727863
129.000000 252.554383 180.297183 134.616116 105.574556 87.849340 76.757707 54.294700 34.350023 21.279068 243.887347 200.430482 153.787335 129.060916 86.064074 132.788549
129.050000 252.661207 180.376219 134.677508 105.624681 87.892558 76.796588 54.324746 34.372133 21.295895 243.990844 200.517272 153.856141 129.120156 86.106595 132.849233
129.100000 252.768027 180.455251 134.738898 105.674803 87.935775 76.835468 54.354791 34.394243 21.312721 244.094336 200.604059 153.924945 129.179395 86.149115 132.909915
129.150000 252.874844 180.534281 134.800285 105.724924 87.978990 76.874346 54.384835 34.416352 21.329548 244.197825 200.690842 153.993746 129.238631 86.191633 132.970595
129.200000 252.981656 180.613307 134.861670 105.775044 88.022204 76.913223 54.414878 34.438461 21.346373 244.301310 200.777623 154.062544 129.297865 86.234150 133.031273
129.250000 253.088464 180.692331 134.923053 105.825161 88.065416 76.952099 54.444920 34.460569 21.363199 244.404791 200.864400 154.131340 129.357097 86.276665 133.091949
129.300000 253.195268 180.771352 134.984434 105.875277 88.108627 76.990974 54.474961 34.482676 21.380023 244.508267 200.951173 154.200134 129.416326 86.319179 133.152622
129.350000 253.302067 180.850369 135.045813 105.925391 88.151836 77.029847 54.505002 34.504783 21.396848 244.611740 201.037944 154.268925 129.475554 86.361691 133.213293
129.400000 253.408863 180.929384 135.107189 105.975503 88.195044 77.068719 54.535041 34.526889 21.413672 244.715209 201.124711 154.337713 129.534779 86.404202 133.273962
129.450000 253.515655 181.008396 135.168564 106.025613 88.238251 77.107590 54.565080 34.548994 21.430496 244.818675 201.211475 154.406499 129.594003 86.446711 133.334629
129.500000 253.622443 181.087405 135.229936 106.075722 88.281456 77.146459 54.595117 34.571099 21.447319 244.922136 201.298236 154.475283 129.653224 86.489219 133.395294
129.550000 253.729226 181.166411 135.291306 106.125829 88.324659 77.185328 54.625154 34.593203 21.464142 245.025593 201.384994 154.544064 129.712443 86.531726 133.455956
129.600000 253.836006 181.245414 135.352673 106.175934 88.367861 77.224194 54.655189 34.615307 21.480964 245.129046 201.471748 154.612842 129.771660 86.574231 133.516616
129.650000 253.942782 181.324414 135.414039 106.226038 88.411062 77.263060 54.685224 34.637410 21.497787 245.232496 201.558499 154.681618 129.830875 86.616735 133.577275
129.700000 254.049553 181.403412 135.475402 106.276139 88.454261 77.301924 54.715258 34.659513 21.514608 245.335942 201.645247 154.750392 129.890088 86.659237 133.637931
129.750000 254.156321 181.482406 135.536763 106.326239 88.497458 77.340787 54.745291 34.681614 21.531430 245.439383 201.731991 154.819163 129.949299 86.701738 133.698584
129.800000 254.263084 181.561398 135.598122 106.376338 88.540655 77.379649 54.775323 34.703716 21.548251 245.542821 201.818733 154.887931 130.008507 86.744237 133.759236
129.850000 254.369844 181.640386 135.659478 106.426434 88.583849 77.418510 54.805354 34.725816 21.565071 245.646255 201.905471 154.956697 130.067714 86.786735 133.819885
129.900000 254.476599 181.719372 135.720833 106.476529 88.627043 77.457369 54.835384 34.747916 21.581891 245.749685 201.992206 155.025461 130.126918 86.829232 133.880533
129.950000 254.583351 181.798355 135.782185 106.526622 88.670234 77.496227 54.865413 34.770016 21.598711 245.853111 202.078938 155.094222 130.186121 86.871727 133.941178
130.000000 254.690098 181.877335 135.843535 106.576713 88.713425 77.535083 54.895441 34.792114 21.615531 245.956533 202.165666 155.162980 130.245321 86.914221 134.001821
130.050000 254.796841 181.956312 135.904883 106.626803 88.756614 77.573938 54.925469 34.814213 21.632350 246.059952 202.252392 155.231736 130.304519 86.956713 134.062462
130.100000 254.903581 182.035286 135.966229 106.676891 88.799801 77.612793 54.955495 34.836310 21.649168 246.163366 202.339114 155.300490 130.363715 86.999204 134.123100
130.150000 255.010316 182.114257 136.027573 106.726977 88.842987 77.651645 54.985521 34.858407 21.665986 246.266777 202.425833 155.369241 130.422909 87.041693 134.183737
130.200000 255.117048 182.193225 136.088914 106.777061 88.886172 77.690497 55.015545 34.880504 21.682804 246.370183 202.512549 155.437990 130.482101 87.084181 134.244371
130.250000 255.223775 182.272191 136.150253 106.827144 88.929355 77.729347 55.045569 34.902600 21.699622 246.473586 202.599261 155.506736 130.541291 87.126668 134.305004
130.300000 255.330498 182.351154 136.211590 106.877225 88.972536 77.768196 55.075592 34.924695 21.716439 246.576985 202.685971 155.575480 130.600478 87.169153 134.365634
130.350000 255.437218 182.430113 136.272925 106.927304 89.015717 77.807044 55.105614 34.946789 21.733255 246.680381 202.772677 155.644221 130.659664 87.211637 134.426262
130.400000 255.543933 182.509070 136.334258 106.977382 89.058895 77.845890 55.135635 34.968883 21.750072 246.783772 202.859380 155.712960 130.718847 87.254119 134.486888
130.450000 255.650645 182.588024 136.395588 107.027458 89.102073 77.884735 55.165655 34.990977 21.766888 246.887159 202.946080 155.781696 130.778029 87.296600 134.547511
130.500000 255.757352 182.666975 136.456917 107.077532 89.145249 77.923579 55.195674 35.013070 21.783703 246.990543 203.032776 155.850430 130.837208 87.339080 134.608133
130.550000 255.864056 182.745923 136.518243 107.127604 89.188423 77.962422 55.225692 35.035162 21.800518 247.093923 203.119470 155.919161 130.896385 87.381558 134.668752
130.600000 255.970755 182.824869 136.579567 107.177675 89.231596 78.001263 55.255709 35.057253 21.817333 247.197299 203.206160 155.987890 130.955560 87.424035 134.729369
130.650000 256.077451 182.903811 136.640889 107.227744 89.274768 78.040103 55.285726 35.079344 21.834147 247.300671 203.292847 156.056616 131.014734 87.466510 134.789985
130.700000 256.184142 182.982751 136.702209 107.277811 89.317938 78.078942 55.315741 35.101435 21.850961 247.404039 203.379531 156.125340 131.073905 87.508984 134.850598
130.750000 256.290830 183.061688 136.763526 107.327876 89.361107 78.117780 55.345756 35.123525 21.867775 247.507404 203.466212 156.194062 131.133074 87.551456 134.911209
130.800000 256.397514 183.140622 136.824842 107.377940 89.404274 78.156616 55.375769 35.145614 21.884588 247.610764 203.552890 156.262781 131.192240 87.593927 134.971817
130.850000 256.504193 183.219553 136.886155 107.428002 89.447440 78.195451 55.405782 35.167703 21.901401 247.714121 203.639564 156.331498 131.251405 87.636397 135.032424
130.900000 256.610869 183.298481 136.947466 107.478063 89.490604 78.234285 55.435794 35.189791 21.918213 247.817474 203.726236 156.400212 131.310568 87.678865 135.093028
130.950000 256.717541 183.377406 137.008775 107.528122 89.533767 78.273117 55.465805 35.211878 21.935025 247.920823 203.812904 156.468924 131.369729 87.721332 135.153631
131.000000 256.824209 183.456329 137.070082 107.578179 89.576929 78.311949 55.495815 35.233965 21.951837 248.024168 203.899569 156.537633 131.428887 87.763798 135.214231
131.050000 256.930873 183.535249 137.131386 107.628234 89.620089 78.350779 55.525824 35.256051 21.968648 248.127510 203.986231 156.606340 131.488044 87.806262 135.274829
131.100000 257.037533 183.614165 137.192689 107.678288 89.663248 78.389607 55.555832 35.278137 21.985459 248.230848 204.072889 156.675044 131.547199 87.848725 135.335425
131.150000 257.144189 183.693079 137.253989 107.728340 89.706405 78.428435 55.585839 35.300222 22.002270 248.334182 204.159545 156.743747 131.606351 87.891186 135.396019
131.200000 257.250841 183.771991 137.315288 107.778390 89.749561 78.467261 55.615846 35.322307 22.019080 248.437512 204.246197 156.812446 131.665501 87.933646 135.456611
131.250000 257.357489 183.850899 137.376584 107.828438 89.792715 78.506086 55.645851 35.344391 22.035890 248.540838 204.332847 156.881143 131.724650 87.976104 135.517201
131.300000 257.464134 183.929805 137.437878 107.878485 89.835868 78.544910 55.675856 35.366474 22.052699 248.644161 204.419493 156.949838 131.783796 88.018561 135.577788
131.350000 257.570774 184.008707 137.499170 107.928530 89.879020 78.583733 55.705859 35.388557 22.069508 248.747480 204.506136 157.018530 131.842940 88.061017 135.638374
131.400000 257.677410 184.087607 137.560459 107.978574 89.922170 78.622554 55.735862 35.410639 22.086317 248.850794 204.592776 157.087220 131.902083 88.103471 135.698957
131.450000 257.784043 184.166504 137.621747 108.028616 89.965319 78.661374 55.765864 35.432720 22.103125 248.954106 204.679413 157.155908 131.961223 88.145924 135.759539
131.500000 257.890672 184.245398 137.683032 108.078656 90.008466 78.700193 55.795865 35.454801 22.119933 249.057413 204.766046 157.224593 132.020361 88.188376 135.820118
131.550000 257.997296 184.324290 137.744316 108.128694 90.051612 78.739010 55.825865 35.476882 22.136740 249.160717 204.852677 157.293275 132.079497 88.230826 135.880695
131.600000 258.103917 184.403179 137.805597 108.178731 90.094757 78.777826 55.855864 35.498962 22.153547 249.264017 204.939304 157.361956 132.138631 88.273275 135.941270
131.650000 258.210534 184.482064 137.866876 108.228766 90.137900 78.816642 55.885863 35.521041 22.170354 249.367313 205.025928 157.430634 132.197763 88.315722 136.001843
131.700000 258.317147 184.560947 137.928153 108.278799 90.181042 78.855455 55.915860 35.543120 22.187160 249.470605 205.112550 157.499309 132.256893 88.358168 136.062414
131.750000 258.423756 184.639827 137.989428 108.328831 90.224182 78.894268 55.945857 35.565198 22.203966 249.573894 205.199168 157.567982 132.316021 88.400613 136.122982
131.800000 258.530361 184.718705 138.050701 108.378861 90.267321 78.933079 55.975852 35.587275 22.220772 249.677178 205.285783 157.636653 132.375147 88.443056 136.183549
131.850000 258.636963 184.797579 138.111971 108.428889 90.310459 78.971889 56.005847 35.609352 22.237577 249.780459 205.372395 157.705321 132.434271 88.485498 136.244114
131.900000 258.743560 184.876451 138.173240 108.478916 90.353595 79.010698 56.035841 35.631428 22.254382 249.883737 205.459003 157.773987 132.493393 88.527939 136.304676
131.950000 258.850154 184.955320 138.234506 108.528941 90.396729 79.049506 56.065834 35.653504 22.271187 249.987010 205.545609 157.842650 132.552512 88.570378 136.365236
132.000000 258.956744 185.034186 138.295770 108.578965 90.439863 79.088312 56.095826 35.675579 22.287991 250.090280 205.632212 157.911311 132.611630 88.612816 136.425795
132.050000 259.063329 185.113050 138.357033 108.628986 90.482995 79.127118 56.125817 35.697654 22.304794 250.193546 205.718811 157.979970 132.670746 88.655252 136.486351
132.100000 259.169911 185.191910 138.418293 108.679006 90.526125 79.165921 56.155807 35.719728 22.321598 250.296809 205.805407 158.048626 132.729860 88.697687 136.546905
132.150000 259.276490 185.270768 138.479551 108.729025 90.569254 79.204724 56.185797 35.741801 22.338401 250.400067 205.892001 158.117280 132.788972 88.740121 136.607457
132.200000 259.383064 185.349623 138.540807 108.779041 90.612382 79.243526 56.215785 35.763874 22.355203 250.503322 205.978591 158.185931 132.848081 88.782553 136.668007
132.250000 259.489634 185.428475 138.602060 108.829056 90.655508 79.282326 56.245773 35.785946 22.372006 250.606573 206.065178 158.254580 132.907189 88.824984 136.728555
132.300000 259.596201 185.507325 138.663312 108.879070 90.698633 79.321125 56.275760 35.808018 22.388807 250.709821 206.151762 158.323227 132.966295 88.867413 136.789101
132.350000 259.702763 185.586172 138.724562 108.929081 90.741757 79.359923 56.305746 35.830089 22.405609 250.813064 206.238343 158.391871 133.025398 88.909842 136.849645
132.400000 259.809322 185.665016 138.785809 108.979091 90.784879 79.398719 56.335731 35.852160 22.422410 250.916304 206.324921 158.460513 133.084500 88.952268 136.910187
132.450000 259.915877 185.743857 138.847055 109.029100 90.828000 79.437515 56.365715 35.874230 22.439211 251.019540 206.411496 158.529153 133.143600 88.994694 136.970726
132.500000 260.022428 185.822695 138.908298 109.079106 90.871119 79.476309 56.395698 35.896299 22.456011 251.122773 206.498068 158.597790 133.202697 89.037118 137.031264
132.550000 260.128976 185.901531 138.969539 109.129111 90.914237 79.515102 56.425680 35.918368 22.472811 251.226002 206.584636 158.666425 133.261793 89.079541 137.091799
132.600000 260.235519 185.980364 139.030778 109.179115 90.957354 79.553894 56.455662 35.940436 22.489611 251.329227 206.671202 158.735057 133.320887 89.121962 137.152333
132.650000 260.342059 186.059194 139.092015 109.229117 91.000469 79.592684 56.485642 35.962504 22.506410 251.432448 206.757765 158.803687 133.379978 89.164382 137.212864
132.700000 260.448595 186.138021 139.153250 109.279117 91.043583 79.631473 56.515622 35.984571 22.523209 251.535666 206.844324 158.872315 133.439068 89.206801 137.273394
132.750000 260.555127 186.216846 139.214483 109.329115 91.086695 79.670261 56.545601 36.006637 22.540007 251.638880 206.930881 158.940940 133.498156 89.249218 137.333921
132.800000 260.661655 186.295667 139.275714 109.379112 91.129806 79.709048 56.575579 36.028703 22.556806 251.742090 207.017434 159.009563 133.557241 89.291634 137.394446
132.850000 260.768179 186.374486 139.336943 109.429107 91.172916 79.747834 56.605556 36.050769 22.573603 251.845297 207.103984 159.078183 133.616325 89.334049 137.454970
132.900000 260.874700 186.453303 139.398170 109.479101 91.216024 79.786618 56.635532 36.072833 22.590401 251.948500 207.190532 159.146802 133.675407 89.376462 137.515491
132.950000 260.981217 186.532116 139.459394 109.529093 91.259131 79.825401 56.665507 36.094898 22.607198 252.051699 207.277076 159.215418 133.734486 89.418874 137.576010
133.000000 261.087730 186.610927 139.520617 109.579083 91.302236 79.864183 56.695482 36.116961 22.623994 252.154895 207.363617 159.284031 133.793564 89.461284 137.636527
