web/models/kne/4/mosfit_kn_0.009764_0.2180_10.0000.dat
# %ECSV 1.0
# ---
# datatype:
# - {name: time, datatype: float64}
# - {name: PS1_g, datatype: float64}
# - {name: PS1_i, datatype: float64}
# - {name: PS1_r, datatype: float64}
# - {name: PS1_w, datatype: float64}
# - {name: PS1_y, datatype: float64}
# - {name: PS1_z, datatype: float64}
# - {name: swift_uvot_B, datatype: float64}
# - {name: swift_uvot_U, datatype: float64}
# - {name: swift_uvot_uvm2, datatype: float64}
# - {name: swift_uvot_uvw1, datatype: float64}
# - {name: swift_uvot_uvw2, datatype: float64}
# - {name: swift_uvot_V, datatype: float64}
# - {name: johnson_B, datatype: float64}
# - {name: johnson_I, datatype: float64}
# - {name: johnson_R, datatype: float64}
# - {name: johnson_U, datatype: float64}
# - {name: johnson_V, datatype: float64}
# - {name: sdss_g, datatype: float64}
# - {name: sdss_i, datatype: float64}
# - {name: sdss_r, datatype: float64}
# - {name: sdss_u, datatype: float64}
# - {name: sdss_z, datatype: float64}
# - {name: ATLAS_c, datatype: float64}
# - {name: ATLAS_o, datatype: float64}
# - {name: ukirt_H, datatype: float64}
# - {name: ukirt_J, datatype: float64}
# - {name: ukirt_K, datatype: float64}
# - {name: Clear, datatype: float64}
# meta: !!omap
# - comment: [kappa = 10.0, type = rprocess, mass = 0.009763877790252312, velocity = 0.21800000000000003, theta_obs = 0.0, tfloor = 1000.0]
# schema: astropy-2.0
time PS1_g PS1_i PS1_r PS1_w PS1_y PS1_z swift_uvot_B swift_uvot_U swift_uvot_uvm2 swift_uvot_uvw1 swift_uvot_uvw2 swift_uvot_V johnson_B johnson_I johnson_R johnson_U johnson_V sdss_g sdss_i sdss_r sdss_u sdss_z ATLAS_c ATLAS_o ukirt_H ukirt_J ukirt_K Clear
[from data line 350]
21.102204408817634 10.042296985722281 1.1604681725230037 4.6355389505608535 2.667615139056867 -2.3627218760022473 -0.9450459111551268 13.582203562286768 20.24114766018169 34.12974296421086 16.206730192256238 18.71974669873589 8.001813678593084 12.378266245320578 -0.3930451338989469 2.576987632826053 19.210146480929946 7.046791343424331 10.854837087036735 1.24172412463599 4.864027610057278 20.742253190356514 -1.5184735231771285 6.614615520303495 2.1622029956937006 -7.311709253917743 -5.162219958428052 -8.671997934390932 0.3817210952955108
21.162324649298597 10.049850844893431 1.1680220316941359 4.643092809731986 2.675168998227999 -2.355168016831115 -0.9374920519839947 13.589757421457918 20.248701519352828 34.137296823382 16.214284051427388 18.727300557907032 8.009367537764216 12.38582010449171 -0.385491274727797 2.584541491997185 19.21770034010108 7.054345202595463 10.862390946207867 1.24927798380714 4.871581469228428 20.749807049527647 -1.5109196640059785 6.622169379474627 2.1697568548648505 -7.304155394746611 -5.15466609925692 -8.664444075219782 0.3892749544666607
21.22244488977956 10.057393651502338 1.1755648383030604 4.650635616340892 2.6827118048369236 -2.3476252102222084 -0.9299492453750702 13.597300228066825 20.256244325961738 34.14483962999092 16.221826858036295 18.734843364515946 8.016910344373123 12.393362911100635 -0.37794846811889027 2.5920842986061094 19.225243146709985 7.061888009204369 10.869933752816792 1.2568207904160467 4.879124275837334 20.757349856136564 -1.5033768573970718 6.629712186083552 2.177299661473757 -7.296612588137704 -5.147123292648013 -8.656901268610875 0.39681776107556743
21.28256513026052 10.064924718187296 1.1830959049880008 4.658166683025851 2.690242871521864 -2.34009414353725 -0.9224181786901298 13.604831294751765 20.263775392646686 34.15237069667587 16.229357924721253 18.742374431200897 8.024441411058081 12.400893977785575 -0.3704174014339321 2.59961536529105 19.232774213394944 7.069419075889328 10.877464819501732 1.2643518571010048 4.8866553425222925 20.76488092282151 -1.4958457907121137 6.637243252768492 2.1848307281587154 -7.289081521452746 -5.139592225963055 -8.649370201925917 0.4043488277605256
21.34268537074148 10.072444630135369 1.1906158169360914 4.6656865949739235 2.697762783469937 -2.3325742315891773 -0.9148982667420391 13.612351206699856 20.271295304594766 34.15989060862394 16.236877836669326 18.749894343148977 8.031961323006154 12.408413889733666 -0.3628974894858592 2.6071352772391405 19.240294125343016 7.0769389878374005 10.884984731449805 1.2718717690490777 4.894175254470365 20.77240083476959 -1.4883258787640408 6.644763164716565 2.1923506401067883 -7.281561609504673 -5.132072314014982 -8.641850289977844 0.4118687397085985
21.402805611222444 10.079953471851137 1.1981246586518601 4.673195436689692 2.7052716251857234 -2.3250653898734086 -0.9073894250262704 13.619860048415624 20.278804146310534 34.167399450339715 16.244386678385094 18.757403184864746 8.039470164721923 12.415922731449434 -0.3553886477700905 2.6146441189549092 19.247802967058785 7.084447829553169 10.892493573165591 1.2793806107648464 4.901684096186134 20.77990967648536 -1.480817037048272 6.6522720064323515 2.199859481822557 -7.274052767788905 -5.124563472299213 -8.634341448262076 0.4193775814243672
21.462925851703407 10.087451318662612 1.2056225054633352 4.680693283501167 2.7127694719971984 -2.3175675430619336 -0.8998915782147954 13.6273578952271 20.28630199312201 34.17489729715118 16.25188452519657 18.76490103167622 8.046968011533398 12.42342057826091 -0.34789080095861546 2.6221419657663843 19.25530081387026 7.091945676364644 10.899991419977066 1.2868784575763215 4.909181942997609 20.787407523296835 -1.473319190236797 6.6597698532438265 2.207357328634032 -7.26655492097743 -5.117065625487738 -8.6268436014506 0.42687542823584224
21.52304609218437 10.094938288317863 1.2131094751185856 4.688180253156418 2.720256441652449 -2.310080573406683 -0.892404608559545 13.63484486488235 20.293788962777263 34.182384266806444 16.25937149485182 18.77238800133147 8.054454981188648 12.43090754791616 -0.34040383130336505 2.6296289354216347 19.26278778352551 7.099432646019895 10.907478389632317 1.2943654272315719 4.9166689126528595 20.79489449295209 -1.4658322205815466 6.667256822899077 2.2148442982892824 -7.259067951322179 -5.109578655832488 -8.61935663179535 0.43436239789109266
21.58316633266533 10.10241450548925 1.2205856922899727 4.695656470327805 2.727732658823818 -2.302604356235296 -0.8849283913881578 13.642321082053737 20.30126517994865 34.18986048397782 16.266847712023207 18.77986421850286 8.061931198360035 12.438383765087547 -0.3329276141319779 2.637105152593022 19.270264000696898 7.106908863191282 10.914954606803686 1.301841644402959 4.924145129824247 20.802370710123476 -1.4583560034101595 6.674733040070446 2.2223205154606696 -7.251591734150792 -5.102102438661101 -8.611880414623963 0.4418386150624798
21.64328657314629 10.109880091816521 1.2280512786172437 4.7031220566550935 2.735198245151107 -2.2951387699080072 -0.8774628050608868 13.649786668381008 20.30873076627593 34.1973260703051 16.274313298350478 18.78732980483013 8.069396784687324 12.445849351414818 -0.3254620278047069 2.644570738920293 19.277729587024186 7.114374449518571 10.922420193130975 1.30930723073023 4.931610716151518 20.809836296450754 -1.4508904170828885 6.682198626397735 2.2297861017879406 -7.244126147823503 -5.094636852333812 -8.604414828296692 0.44930420138976856
21.703406813627254 10.117335171181576 1.235506357982299 4.710577136020149 2.742653324516162 -2.287683690542952 -0.8700077256958316 13.657241747746063 20.316185845640984 34.204781149670154 16.281768377715533 18.794784884195185 8.07685186405238 12.453304430779873 -0.3180069484396517 2.652025818285348 19.28518466638924 7.121829528883626 10.92987527249603 1.3167623100952852 4.939065795516573 20.81729137581581 -1.4434353377178333 6.68965370576279 2.2372411811529958 -7.236671068458448 -5.087181772968757 -8.596959748931637 0.456759280754806
21.763527054108216 10.12477984249859 1.242951029299313 4.718021807337163 2.750097995833176 -2.280239019225956 -0.8625630543788176 13.664686419063077 20.323630516957998 34.21222582098717 16.289213049032547 18.8022295555122 8.084296535369376 12.460749102096887 -0.31056227712263773 2.659470489602362 19.292629337706256 7.12927420020064 10.937319943813044 1.3242069814122992 4.946510466833587 20.824736047132824 -1.4359906664008193 6.697098377079804 2.2446858524700097 -7.229226397141434 -5.079737101651743 -8.589515077614623 0.46420395207181997
21.82364729458918 10.132214177826082 1.2503853646268048 4.725456142664655 2.757532331160668 -2.272804683898464 -0.8551287190513257 13.67212075439057 20.33106485228549 34.21966015631466 16.29664738436004 18.80966389083969 8.091730870696868 12.46818343742438 -0.3031279417951458 2.666904824929854 19.30006367303373 7.136708535528132 10.944754279140536 1.3316413167397911 4.953944802161079 20.832170382460315 -1.4285563310733274 6.704532712407296 2.2521201877975017 -7.221792061813942 -5.072302766324251 -8.58208074228713 0.4716382873993119
21.883767535070138 10.139638256332102 1.2578094431328246 4.732880221170674 2.764956409666688 -2.265380605392444 -0.8477046405453059 13.679544832896589 20.3384889307915 34.22708423482068 16.30407146286606 18.81708796934571 8.099154949202887 12.475607515930399 -0.295703863289126 2.6743289034358737 19.30748775153975 7.1441326140341515 10.952178357646556 1.339065395245811 4.961368880667099 20.839594460966325 -1.4211322525673076 6.711956790913316 2.2595442663035215 -7.214367983307922 -5.064878687818249 -8.574656663781111 0.4790623659053317
21.9438877755511 10.147052183095333 1.2652233698960558 4.740294147933888 2.7723703364299013 -2.257966678629213 -0.8402907137820748 13.68695875965982 20.345902857554734 34.23449816158391 16.31148538962929 18.82450189610894 8.106568875966119 12.48302144269363 -0.28828993652589485 2.681742830199105 19.31490167830298 7.151546540797365 10.95959228440977 1.346479322009042 4.96878280743033 20.84700838772956 -1.4137183258040764 6.719370717676529 2.2669581930667526 -7.206954056544709 -5.057464761055018 -8.56724273701788 0.48647629266856285
22.004008016032063 10.154456081225511 1.272627268026234 4.747698046064084 2.7797742345600973 -2.2505627804990347 -0.8328868156518965 13.694362657789998 20.353306755684912 34.24190205971409 16.31888928775947 18.83190579423912 8.113972774096297 12.490425340823808 -0.2808860383957166 2.689146728329283 19.32230557643316 7.158950438927561 10.966996182539965 1.3538832201392204 4.976186705560508 20.854412285859738 -1.4063144276738981 6.726774615806725 2.274362091196931 -7.199550158414513 -5.050060862924822 -8.559838838887702 0.4938801907987411
22.064128256513026 10.161850038478022 1.2800212252787446 4.755092003316577 2.787168191812608 -2.243168823246524 -0.8254928583993859 13.701756615042509 20.360700712937422 34.2492960169666 16.32628324501198 18.83929975149163 8.121366731348807 12.497819298076319 -0.273492081143206 2.6965406855817937 19.32969953368567 7.166344396180054 10.974390139792476 1.361277177391731 4.983580662813019 20.861806243112248 -1.3989204704213876 6.734168573059236 2.2817560484494415 -7.19215620116202 -5.042666905672329 -8.552444881635191 0.5012741480512517
22.12424849699399 10.16923417534068 1.2874053621414028 4.762476140179253 2.794552328675266 -2.235784686383848 -0.8181087215367278 13.709140751905167 20.368084849800088 34.25668015382926 16.333667381874637 18.846683888354296 8.128750868211483 12.505203434938977 -0.26610794428054785 2.703924822444452 19.337083670548346 7.17372853304273 10.981774276655134 1.3686613142544068 4.990964799675677 20.869190379974913 -1.3915363335587116 6.741552709921894 2.2891401853120996 -7.184772064299344 -5.035282768809653 -8.545060744772515 0.5086582849139276
22.184368737474948 10.17660854829268 1.2947797350933854 4.769850513131235 2.8019267016272487 -2.2284103134318656 -0.8107343485847451 13.71651512485715 20.37545922275207 34.26405452678125 16.341041754826637 18.85405826130628 8.136125241163466 12.51257780789096 -0.25873357132854746 2.7112991953964345 19.344458043500328 7.181102905994712 10.989148649607117 1.3760356872063895 4.998339172627677 20.876564752926896 -1.384161960606729 6.748927082873877 2.2965145582641 -7.177397691347362 -5.02790839585767 -8.537686371820532 0.5160326578659102
22.24448897795591 10.183973225141258 1.3021444119419634 4.777215189979813 2.8092913784758267 -2.2210456365832876 -0.8033696717361671 13.723879801705728 20.38282389960065 34.27141920362982 16.348406431675198 18.861422938154856 8.143489918012044 12.519942484739538 -0.2513688944799872 2.7186638722450125 19.351822720348906 7.18846758284329 10.996513326455695 1.3834003640549675 5.005703849476237 20.883929429775474 -1.376797283758151 6.756291759722455 2.303879235112678 -7.170033014498784 -5.020543719009092 -8.530321694971954 0.5233973347144882
22.304609218436873 10.191328292310065 1.3094994791107872 4.784570257148619 2.8166464456446327 -2.2136905694144815 -0.7960146045673433 13.731234868874552 20.39017896676946 34.278774270798635 16.35576149884402 18.868778005323666 8.15084498518085 12.527297551908344 -0.2440138273111634 2.7260189394138186 19.359177787517712 7.195822650012096 11.0038683936245 1.3907554312237735 5.013058916645061 20.891284496944287 -1.369442216589345 6.763646826891261 2.311234302281484 -7.1626779473299775 -5.013188651840286 -8.522966627803148 0.5307524018832943
22.364729458917836 10.198673854799107 1.31684504159983 4.791915819637662 2.8239920081336933 -2.2063450069254387 -0.7886690420783005 13.738580431363594 20.397524529258504 34.28611983328768 16.363107061333064 18.876123567812716 8.158190547669893 12.534643114397404 -0.23666826482212056 2.733364501902879 19.366523350006755 7.203168212501139 11.011213956113544 1.3981009937128164 5.020404479134104 20.89863005943333 -1.3620966541003021 6.770992389380321 2.318579864770527 -7.155332384840935 -5.005843089351243 -8.515621065314106 0.5380979643723371
22.4248496993988 10.206010005977557 1.3241811927782798 4.799251970816112 2.831328159312143 -2.199008855746989 -0.7813328908998507 13.745916582542044 20.404860680436954 34.29345598446613 16.370443212511514 18.883459718991165 8.165526698848343 12.541979265575854 -0.2293321136436708 2.740700653081329 19.373859501185205 7.210504363679589 11.018550107291993 1.4054371448912661 5.027740630312554 20.90596621061178 -1.3547605029218523 6.7783285405587534 2.3259160159489767 -7.147996233662485 -4.998506938172794 -8.508284914135656 0.5454341155507869
22.484969939879758 10.213336835912159 1.3315080227128817 4.806578800750714 2.838654989246727 -2.191682025812387 -0.7740060609652488 13.753243412476646 20.41218751037156 34.300782814400726 16.377770042446116 18.890786548925757 8.172853528782944 12.549306095510456 -0.2220052837090689 2.748027483015913 19.381186331119807 7.217831193614191 11.025876937226595 1.412763974825868 5.035067460247156 20.913293040546385 -1.3474336729872505 6.785655370493355 2.3332428458835786 -7.140669403727883 -4.991180108238192 -8.500958084201054 0.5527609454853888
22.54509018036072 10.220654425028073 1.3388256118287956 4.813896389866628 2.845972578362659 -2.184364436696473 -0.766688471849335 13.76056100159256 20.419505099487473 34.308100403516654 16.38508763156203 18.89810413804168 8.180171117898858 12.55662368462637 -0.21468769459315507 2.7553450721318447 19.38850392023572 7.225148782730105 11.033194526342527 1.4200815639417819 5.0423850493630695 20.9206106296623 -1.3401160838713366 6.792972959609287 2.3405604349994924 -7.133351814611969 -4.983862519122278 -8.49364049508514 0.5600785346013026
22.605210420841683 10.227962824765893 1.3461340115666154 4.821204789604465 2.8532809781004786 -2.1770560369586534 -0.7593800721115151 13.76786940133038 20.4268134992253 34.31540880325447 16.39239603129985 18.9054125377795 8.187479517636678 12.56393208436419 -0.20737929485533524 2.7626534718696645 19.395812319973558 7.232457182467942 11.040502926080347 1.4273899636796017 5.049693449100889 20.927919029400126 -1.3328076841335168 6.800281359347107 2.3478688347373122 -7.126043414874132 -4.97655411938444 -8.48633209534732 0.5673869343391225
22.665330661322646 10.235262098390372 1.3534332851910769 4.828504063228927 2.86058025172494 -2.169756763334174 -0.7520807984870537 13.775168674954841 20.434112772849762 34.32270807687893 16.39969530492431 18.91271181140397 8.194778791261157 12.571231357988651 -0.20008002123087376 2.769952745494126 19.40311159359802 7.239756456092404 11.047802199704808 1.434689237304081 5.056992722725351 20.935218303024588 -1.3255084105090376 6.807580632971568 2.3551681083617915 -7.11874414124967 -4.969254845759979 -8.479032821722841 0.5746862079636017
22.725450901803605 10.24255232136607 1.3607235081667923 4.835794286204624 2.867870474700638 -2.1624665403584764 -0.7447905755113382 13.782458897930557 20.44140299582547 34.329998299854644 16.406985527900027 18.920002034379678 8.202069014236855 12.578521580964367 -0.1927897982551583 2.7772429684698414 19.410401816573717 7.247046679068101 11.055092422680506 1.4419794602797786 5.064282945701066 20.942508526000296 -1.3182181875333399 6.814870855947266 2.362458331337489 -7.111453918273972 -4.961964622784281 -8.471742598747143 0.5819764309392994
