web/models/kne/4/mosfit_kn_0.177477_0.3433_3.6500.dat
# %ECSV 1.0
# ---
# datatype:
# - {name: time, datatype: float64}
# - {name: PS1_g, datatype: float64}
# - {name: PS1_i, datatype: float64}
# - {name: PS1_r, datatype: float64}
# - {name: PS1_w, datatype: float64}
# - {name: PS1_y, datatype: float64}
# - {name: PS1_z, datatype: float64}
# - {name: swift_uvot_B, datatype: float64}
# - {name: swift_uvot_U, datatype: float64}
# - {name: swift_uvot_uvm2, datatype: float64}
# - {name: swift_uvot_uvw1, datatype: float64}
# - {name: swift_uvot_uvw2, datatype: float64}
# - {name: swift_uvot_V, datatype: float64}
# - {name: johnson_B, datatype: float64}
# - {name: johnson_I, datatype: float64}
# - {name: johnson_R, datatype: float64}
# - {name: johnson_U, datatype: float64}
# - {name: johnson_V, datatype: float64}
# - {name: sdss_g, datatype: float64}
# - {name: sdss_i, datatype: float64}
# - {name: sdss_r, datatype: float64}
# - {name: sdss_u, datatype: float64}
# - {name: sdss_z, datatype: float64}
# - {name: ATLAS_c, datatype: float64}
# - {name: ATLAS_o, datatype: float64}
# - {name: ukirt_H, datatype: float64}
# - {name: ukirt_J, datatype: float64}
# - {name: ukirt_K, datatype: float64}
# - {name: Clear, datatype: float64}
# meta: !!omap
# - comment: [kappa = 3.65, type = rprocess, mass = 0.1774768329891343, velocity = 0.3433333333333334, theta_obs = 0.0, tfloor = 1000.0]
# schema: astropy-2.0
time PS1_g PS1_i PS1_r PS1_w PS1_y PS1_z swift_uvot_B swift_uvot_U swift_uvot_uvm2 swift_uvot_uvw1 swift_uvot_uvw2 swift_uvot_V johnson_B johnson_I johnson_R johnson_U johnson_V sdss_g sdss_i sdss_r sdss_u sdss_z ATLAS_c ATLAS_o ukirt_H ukirt_J ukirt_K Clear
[from data line 226]
13.647294589178356 -10.714711480000734 -14.821386434036778 -13.25313013827639 -13.657129128584469 -16.26690989947548 -15.714426285449345 -9.07597912254679 -6.538845619782716 1.6354144113018316 -5.460689604383653 -3.559915118054547 -11.859623788395616 -9.378981352564487 -15.700724777670391 -14.022322327647007 -6.91204590222717 -12.093508414329913 -10.333295581166322 -14.788485258453985 -13.198736698950242 -5.870286090610346 -15.890839775522299 -12.058632384023706 -14.1483174345219 -17.91377819602491 -17.26691291056378 -18.19915013639148 -14.433524458162026
13.707414829659317 -10.724495675751982 -14.83109210004919 -13.262867530617193 -13.666845381198893 -16.276581733493742 -15.724111835040944 -9.085793608376768 -6.5487253479590635 1.6254158655876845 -5.470507036194832 -3.5697320174387523 -11.869391222632537 -9.388786008930431 -15.710420074922464 -14.03204430472486 -6.921915815786647 -12.103268492496822 -10.343086907007653 -14.798191801708374 -13.208476152669064 -5.880162719759827 -15.900520341055966 -12.068385372855879 -14.158032461031791 -17.92339838810054 -17.2765567288579 -18.208753904737197 -14.443219276444825
13.76753507014028 -10.73451780761241 -14.840943891069731 -13.272788140028133 -13.676720136821867 -16.286360138803033 -15.733919991052918 -9.095881442982094 -6.558954701053921 1.6149287789302464 -5.480601265026888 -3.5798250899741677 -11.879376996296209 -9.39885252283235 -15.720249374908992 -14.041931477176394 -6.932123879778615 -12.113238310405857 -10.353124504913787 -14.808045495579254 -13.21840123334784 -5.890385350515963 -15.910317686186826 -12.07833981357103 -14.167904556727287 -17.933064776101656 -17.2862743648383 -18.218384667863138 -14.453047538828283
13.827655310621243 -10.744773615944165 -14.850939064458064 -13.282888611018056 -13.686750450348235 -16.296243026577493 -15.743848399504419 -9.10623778109554 -6.569527572758478 1.6039615453958307 -5.4909673974771955 -3.5901894495007656 -11.88957717272671 -9.409176240268277 -15.730210135518831 -14.0519807887699 -6.9426641775543025 -12.123414074549943 -10.36340397748356 -14.818043580485796 -13.228508545414694 -5.9009479360838135 -15.92022955357292 -12.088492050615631 -14.177930799418537 -17.94277626995896 -17.296064271495926 -18.22804165351497 -14.463006715377738
13.887775551102203 -10.755262127205665 -14.861077083149432 -13.29316823021756 -13.696935728976314 -16.306230048197676 -15.753896635232376 -9.116861480058002 -6.580442456690108 1.5925163203670296 -5.501604287854249 -3.6008239486609415 -11.899990870309455 -9.419756075317597 -15.740301877668863 -14.062191614058499 -6.953535257382512 -12.133794945799659 -10.373924311503142 -14.82818551449606 -13.238797363647468 -5.911848986770938 -15.93025554629941 -12.098841285792439 -14.18811060194777 -17.952532809854237 -17.305926256873523 -18.237724893995214 -14.473096334118019
13.947895791583166 -10.765985667100946 -14.871359624500116 -13.303628936963712 -13.707277741679054 -16.316322602247677 -15.76406620963576 -9.127755114616864 -6.591702464750568 1.5805889955078074 -5.512514553334711 -3.611731193960551 -11.910620274687862 -9.430594524431054 -15.7505261935862 -14.072565768152458 -6.964740150271204 -12.14438305123595 -10.384687891485669 -14.83847298222047 -13.249269643865649 -5.923091588167786 -15.940397135357713 -12.109389589727257 -14.198445721575883 -17.962335370413026 -17.31586148954122 -18.247435229468017 -14.48331798935472
14.008016032064127 -10.776939655608082 -14.881783725046578 -13.314267114752827 -13.717773312230985 -16.3265184223774 -15.774354573507718 -9.13891347995164 -6.603301047257197 1.568188547433686 -5.52369295066363 -3.6229059454121635 -11.921461148825305 -9.441686588632535 -15.760880333835232 -14.083099955606457 -6.976272508741552 -12.155174307909247 -10.395689990563532 -14.848903002151506 -13.259921726473696 -5.934669253496185 -15.950651875047974 -12.12013302795187 -14.208933005367523 -17.972182751295268 -17.32586828143818 -18.25717179907169 -14.49366894891007
14.06813627254509 -10.788122432134717 -14.89234838068315 -13.325081494322628 -13.728421354205462 -16.336816788110582 -15.784760891094578 -9.150334660736512 -6.6152357412894425 1.5553184096725987 -5.535137566460193 -3.634346284887776 -11.932511969792465 -9.453030438955391 -15.771363381688499 -14.09379304048634 -6.988129952119781 -12.166167257565677 -10.406928888454363 -14.85947456286695 -13.27075232419011 -5.946579544677917 -15.961018972368528 -12.131070204522718 -14.219571374813 -17.982074667259834 -17.335946148178287 -18.266934456526705 -14.504148308909972
14.128256513026052 -10.799530827886663 -14.903051572406962 -13.336069592225979 -13.739219700677303 -16.347216176715573 -15.795283438139176 -9.16201504294752 -6.627501975074317 1.5419848676937926 -5.546844774021995 -3.646048582946658 -11.943769811391657 -9.464622610090018 -15.781973470756967 -14.104642770156392 -7.0003080525610635 -12.177359085354274 -10.418401311872056 -14.870185632539279 -13.281758922485007 -5.958817934094096 -15.971496777280674 -12.142198411877807 -14.23035867826485 -17.99201035572606 -17.34609397938293 -18.276722681626364 -14.514754220117378
14.188376753507013 -10.811166509690171 -14.91389452780382 -13.347232813591638 -13.75016964667763 -16.35771762761644 -15.805923329956428 -9.17395646081178 -6.640101944848542 1.5281850305076157 -5.55881645946501 -3.658014710488636 -11.955236243423013 -9.476464886857702 -15.792711771560565 -14.1156504694595 -7.012808951669875 -12.188751324163059 -10.430108967410998 -14.881037443683525 -13.29294293696984 -5.971386599228818 -15.982086378668043 -12.1535191473113 -14.241296200786184 -18.001990571961525 -17.35631266028829 -18.28653713999127 -14.525487862158517
14.248496993987976 -10.823024814474689 -14.924874220662314 -13.35856747100486 -13.761267954201397 -16.36831882094393 -15.816677959903629 -9.186153617719974 -6.6530289909684726 1.5139280018714603 -5.5710473029543905 -3.670239345596048 -11.966906948661713 -9.488552183536342 -15.803575475013993 -14.126812778688091 -7.025626194659786 -12.20033981465466 -10.44204704326086 -14.892026951827404 -13.304300636134627 -5.984278943504311 -15.992785275332295 -12.165028403631322 -14.252380726574572 -18.01201407756954 -17.36660045768737 -18.296376937946018 -14.536346448632962
14.308617234468937 -10.835105136518344 -14.93599034861587 -13.370073139647562 -13.772514289940787 -16.379019586318115 -15.827547103621491 -9.198605788497566 -6.6662821327167165 1.499215185047917 -5.583536610789253 -3.6827217818459554 -11.978781382176475 -9.500883819655005 -15.81456431992817 -14.138129339742857 -7.038758839043197 -12.21212404542589 -10.454214906020312 -14.90315385124271 -13.315831585932862 -5.997493996457539 -16.003593263913896 -12.176725701733258 -14.263611923293045 -18.022080907334633 -17.376957312461254 -18.30624217639835 -14.547329734452177
14.3687374749499 -10.84740477170234 -14.947241198083585 -13.381747705869707 -13.783906817458362 -16.389818638289917 -15.838529301589563 -9.211309884338654 -6.679857454581413 1.4840519551993276 -5.5962813029949565 -3.6954589301395333 -11.990857047025269 -9.513456837610303 -15.825676724713837 -14.14959824110139 -7.052203093443154 -12.224101617800505 -10.466609761488428 -14.914416417312388 -13.32753364535634 -6.011027879823789 -16.0145089496314 -12.188608737635516 -14.27498796592726 -18.032190433283258 -17.387382295797078 -18.31613243741026 -14.558436159353896
14.428857715430862 -10.859924050478984 -14.958627092295522 -13.393591495942392 -13.795445872768841 -16.400716298516862 -15.849624875543835 -9.224266235580753 -6.693755288733758 1.468437926054766 -5.609281761071649 -3.7084511544213536 -12.003134267423967 -9.526271574815265 -15.836913012979796 -14.161219816113803 -7.065959289500185 -12.236272861374607 -10.479231940611147 -14.925814973379072 -13.339407139365438 -6.02488092345034 -16.025532655832126 -12.200677846117784 -14.286509185904812 -18.042342979057647 -17.39787573038022 -18.326048046292446 -14.569666063809201
14.488977955911823 -10.872658522065901 -14.970145141211404 -13.405600989404736 -13.807128367566985 -16.411710350936417 -15.860831335615408 -9.237469786458725 -6.707969278468795 1.4523817714380245 -5.622532923039376 -3.7216933853213194 -12.015608920893285 -9.539323179055032 -15.848270502128756 -14.172990859414718 -7.080021265950062 -12.248633806086032 -10.492076850732008 -14.937346612000333 -13.351448504989367 -6.039046830127255 -16.036661993828165 -12.212929204017051 -14.29817251468565 -18.052537361876354 -17.408435960651865 -18.335988149944487 -14.581016792113939
14.549098196392785 -10.885607458848181 -14.981794954207608 -13.417775659623814 -13.818953879107827 -16.42280055184262 -15.872148377908442 -9.250919676106097 -6.722498278260822 1.435885098195599 -5.636033972794063 -3.7351847893345744 -12.028280346458217 -9.5526108406218 -15.859748847532178 -14.184910920079947 -7.094387919798326 -12.261183829338831 -10.50514373345603 -14.94901093882369 -13.363657205060573 -6.053524465327875 -16.047896683439795 -12.225362225743481 -14.309977529735747 -18.062773567230877 -17.419062867189545 -18.345952807917932 -14.592488020741268
14.609218436873746 -10.898769192976978 -14.993575507557129 -13.430114222787033 -13.830921310825754 -16.43398615683415 -15.883575144121291 -9.2646139847884 -6.7373398283150365 1.4189512896867535 -5.64978302684203 -3.7489234666568936 -12.04114700819255 -9.566132729838483 -15.871347112087133 -14.19697885077871 -7.109056872184826 -12.273921462699791 -10.51843086225869 -14.960806922964096 -13.376031937083699 -6.068311392256636 -16.059235909691978 -12.237975507941439 -14.321923139229824 -18.073051282281792 -17.429755939654594 -18.355941845851348 -14.604078836544563
14.669338677354709 -10.912142462636556 -15.00548604877359 -13.44261572078615 -13.84302985640458 -16.445266634789846 -15.89511101269073 -9.27855125058952 -6.752492038350244 1.4015829528179298 -5.663778668217532 -3.762907981886826 -12.054207747101515 -9.5798874585306 -15.883064612227457 -14.209193804015651 -7.1240262969395225 -12.286845602461137 -10.531936928875343 -14.972733806284815 -13.388571727700871 -6.0834057381660145 -16.07067908593713 -12.250768000232224 -14.334008539163676 -18.083370319306816 -17.440514833155962 -18.36595518653501 -14.615788580288012
14.729458917835672 -10.925723342767277 -15.017524035013672 -13.45527705250614 -13.855276801697176 -16.456640040314312 -15.906753795305715 -9.292727011614172 -6.767949292849238 1.3837877397810745 -5.678016448145655 -3.7771338734714663 -12.067458927179253 -9.593870747925934 -15.894898989304089 -14.221552960764676 -7.139290751751279 -12.299952749760992 -10.545657882540702 -14.984789030541545 -13.401273437610683 -6.098801939482765 -16.0822241142111 -12.263736335989854 -14.346231031247108 -18.093729650443425 -17.45133809999407 -18.37599209522819 -14.627614923260044
14.789579158316633 -10.939512142632601 -15.029689766195222 -13.46809852180364 -13.867662464435053 -16.46810667146383 -15.918503789997231 -9.30714157666203 -6.7837119025665515 1.3655652655479829 -5.692496747357971 -3.7916014977117416 -12.080900849123097 -9.608082916783015 -15.90685054386321 -14.234056634889651 -7.154850546707323 -12.313243212858607 -10.55959403313798 -14.99697289579995 -13.41413736881977 -6.114500303725432 -16.09387129483631 -12.276880830844235 -14.358590926757806 -18.1041295770434 -17.46222603994065 -18.386052875781825 -14.639558189631003
14.849699398797595 -10.953505769499223 -15.041981255723513 -13.481077695359804 -13.880184725440596 -16.479665020352137 -15.93035929403122 -9.321791422280825 -6.799775419277161 1.3469215919932127 -5.707216072477728 -3.8063073444354276 -12.09453064973393 -9.622520591205074 -15.918917437219264 -14.246702622016027 -7.170701372322032 -12.326714240583792 -10.573742187273272 -15.00928340315177 -13.427161056882504 -6.130496423454055 -16.105618998159237 -12.290198841697446 -14.371086117477514 -18.11456932806013 -17.47317754477116 -18.39613699293565 -14.651616571113362
14.909819639278556 -10.967703592527567 -15.054398169242216 -13.494214119208507 -13.892843228169625 -16.491314882681927 -15.942320049547956 -9.336675798901261 -6.816138840868113 1.327858105401309 -5.722173739822285 -3.8212507058760745 -12.108347754399677 -9.637183070661045 -15.931099376160393 -14.259490539065258 -7.186842264064978 -12.3403652951354 -10.588101686941371 -15.02172021497465 -13.440344037803005 -6.146789305171616 -16.117466988227953 -12.303689866353444 -14.383716244698146 -18.12504890430938 -17.484192521382518 -18.40624451429505 -14.663789801733884
14.969939879759519 -10.9821011906544 -15.066937625262149 -13.507504290029537 -13.905634900922372 -16.503054042513394 -15.954383569978123 -9.35178968735941 -6.832795863039767 1.3083833768044402 -5.737364747659033 -3.8364265653535266 -12.122348063790202 -9.652065540305447 -15.943393684423405 -14.27241719728282 -7.203267110559619 -12.354192430194873 -10.60266797105287 -15.034280432625433 -13.453682765659014 -6.163372702323873 -16.12941287919389 -12.317350106112706 -14.396478254120275 -18.135567112182592 -17.49526930837005 -18.416374572901862 -14.676075239413358
15.03006012024048 -10.996699598419717 -15.079600405317972 -13.520949091755536 -13.918560578893384 -16.514883174946835 -15.966550572653055 -9.367134214974293 -6.84974781647627 1.288495622070049 -5.752790317605996 -3.85183611416226 -12.136532550691019 -9.667169108877477 -15.955801112331624 -14.285483444856013 -7.219977211440185 -12.368196604761488 -10.617442096847434 -15.046964840514931 -13.467178128557169 -6.180247932214513 -16.141457375721515 -12.331180506871924 -14.409372969500218 -18.146124471555677 -17.506408496535517 -18.42652764097689 -14.688473660888341
15.090180360721442 -11.011495187880236 -15.09238415802404 -13.53454565743716 -13.931617757324268 -16.526800481019226 -15.97881903377921 -9.382705256809977 -6.866989509153711 1.2682018972216698 -5.768446358156005 -3.8674752421380663 -12.15089785221081 -9.682489823732169 -15.968319479149919 -14.298686678717722 -7.236967534763156 -12.38237458498986 -10.632420320216092 -15.059771073044423 -13.480827223679999 -6.197409849940598 -16.153598538275702 -12.34517795936755 -14.422397898824428 -18.156720033623884 -17.517608748038924 -18.436703041728727 -14.700982919969867
15.150300601202405 -11.026487131931333 -15.105288411916042 -13.54829337211239 -13.944805937023705 -16.538805645139742 -15.991188573627788 -9.398501843611601 -6.884519669309537 1.247503939328884 -5.784331974583683 -3.883343027504583 -12.165443209143458 -9.698026773624896 -15.980948362636973 -14.312026368063748 -7.254236853789521 -12.396725655202266 -10.647601781481768 -15.072698654827406 -13.49462942418402 -6.214857194256176 -16.16583601319391 -12.359341790120535 -14.43555254068606 -18.167353728204795 -17.52886988032822 -18.44690078478951 -14.713602625482807
15.210420841683366 -11.041671922614036 -15.118310893720697 -13.562189463863259 -13.958122697988227 -16.550896928554888 -16.003657235828292 -9.414519986330482 -6.902333275266699 1.2264085673725562 -5.800443217350644 -3.899435500442475 -12.180165369255366 -9.713776137186358 -15.993685654749854 -14.325499997302728 -7.2717803017043465 -12.411246688758782 -10.662982860306567 -15.085745298846867 -13.508581923261538 -6.232584988772949 -16.178167925868223 -12.373668993814029 -14.448834486764692 -18.178024639739135 -17.540190601137677 -18.45712021812321 -14.726330705092003
