web/models/kne/4/mosfit_kn_0.177477_0.4373_10.0000.dat
# %ECSV 1.0
# ---
# datatype:
# - {name: time, datatype: float64}
# - {name: PS1_g, datatype: float64}
# - {name: PS1_i, datatype: float64}
# - {name: PS1_r, datatype: float64}
# - {name: PS1_w, datatype: float64}
# - {name: PS1_y, datatype: float64}
# - {name: PS1_z, datatype: float64}
# - {name: swift_uvot_B, datatype: float64}
# - {name: swift_uvot_U, datatype: float64}
# - {name: swift_uvot_uvm2, datatype: float64}
# - {name: swift_uvot_uvw1, datatype: float64}
# - {name: swift_uvot_uvw2, datatype: float64}
# - {name: swift_uvot_V, datatype: float64}
# - {name: johnson_B, datatype: float64}
# - {name: johnson_I, datatype: float64}
# - {name: johnson_R, datatype: float64}
# - {name: johnson_U, datatype: float64}
# - {name: johnson_V, datatype: float64}
# - {name: sdss_g, datatype: float64}
# - {name: sdss_i, datatype: float64}
# - {name: sdss_r, datatype: float64}
# - {name: sdss_u, datatype: float64}
# - {name: sdss_z, datatype: float64}
# - {name: ATLAS_c, datatype: float64}
# - {name: ATLAS_o, datatype: float64}
# - {name: ukirt_H, datatype: float64}
# - {name: ukirt_J, datatype: float64}
# - {name: ukirt_K, datatype: float64}
# - {name: Clear, datatype: float64}
# meta: !!omap
# - comment: [kappa = 10.0, type = rprocess, mass = 0.1774768329891343, velocity = 0.4373333333333333, theta_obs = 0.0, tfloor = 1000.0]
# schema: astropy-2.0
time PS1_g PS1_i PS1_r PS1_w PS1_y PS1_z swift_uvot_B swift_uvot_U swift_uvot_uvm2 swift_uvot_uvw1 swift_uvot_uvw2 swift_uvot_V johnson_B johnson_I johnson_R johnson_U johnson_V sdss_g sdss_i sdss_r sdss_u sdss_z ATLAS_c ATLAS_o ukirt_H ukirt_J ukirt_K Clear
[from data line 29]
1.8036072144288577 -12.054867973183008 -14.42761849098055 -13.558712309066614 -13.58088133494805 -15.13879367741021 -14.880743466692365 -11.064314686117129 -9.945222686623989 -4.619775601583707 -7.967860566445246 -5.993528987499101 -12.798876947926605 -11.194772747970351 -15.086409994414407 -14.03382553425778 -10.100472774769191 -12.902832095380512 -11.82953135931486 -14.414065888597722 -13.54091279685198 -9.192416485672563 -14.958583856207781 -12.75819857371884 -14.004499465642404 -15.693548948787118 -15.545358575689256 -15.637854663026951 -13.925946379006398
1.8637274549098195 -12.096285214034221 -14.479097654849795 -13.606153118523583 -13.629919442696536 -15.19443286296676 -14.93473494717886 -11.102113729480855 -9.974909223149897 -4.631751070073132 -7.998726798051816 -6.0246295415351305 -12.842823814189217 -11.233324871088136 -15.139114659760004 -14.082718982972857 -10.131451940428537 -12.947356771420518 -11.87005283367304 -14.465434119453366 -13.588194617129439 -9.222708705362841 -15.01308209580655 -12.80300832725942 -14.054273389088436 -15.755181974078166 -15.604263914682353 -15.70132210883793 -13.977205196805098
1.9238476953907815 -12.140679233279688 -14.531782988173454 -13.65551041516973 -13.680599664543802 -15.250547365163634 -14.989491027331194 -11.143524802097115 -10.009634544747623 -4.651891399004156 -8.034472398861077 -6.060579491053527 -12.889300309237505 -11.275358560984706 -15.192810379041834 -14.133275383223715 -10.167241991798043 -12.99431083555607 -11.913708615211185 -14.518028017661315 -13.63742042412417 -9.257931881140227 -15.06825632738428 -12.850201096416978 -14.105555776436898 -15.816239209791988 -15.663071699347597 -15.763892389781693 -14.029718253369445
1.9839679358717435 -12.188003893269475 -14.585691658809523 -13.706776138745056 -13.732920205874368 -15.307179851737853 -15.045044383964488 -11.188479817649146 -10.049279977944217 -4.679961182210024 -8.074958922250612 -6.101235381430147 -12.938277342266115 -11.320809313762656 -15.247521727564976 -14.185494642101332 -10.207732633904058 -13.043668025255622 -11.960446986944024 -14.571864066248352 -13.688581426089357 -9.29797185300961 -15.124142097080533 -12.899750273121775 -14.158351818639971 -15.876798983272181 -15.721844087417054 -15.825654569359402 -14.083496087141008
2.0440881763527052 -12.238230738188793 -14.64084816219053 -13.759953667136191 -13.786889997062044 -15.36437620367689 -15.101432510183308 -11.236931895809398 -10.093756296577308 -4.715773967749491 -8.120082851218022 -6.146490164835864 -12.989740624693155 -11.369633335318085 -15.303279421213524 -14.239386892755583 -10.252841627487996 -13.095416480274372 -12.010234821786252 -14.626966186682147 -13.741680367821054 -9.342743112618983 -15.180779323177145 -12.951643883077413 -14.212676090948477 -15.936937170347903 -15.780643348861929 -15.886693568272834 -14.138558078387558
2.1042084168336674 -12.29129825858882 -14.697251224325 -13.815017644424845 -13.84249124685681 -15.4221596966811 -15.158669015945634 -11.2887982991668 -10.142932443100214 -4.759089843691931 -8.169705845359232 -6.196203638046697 -13.043644390146511 -11.421751779593666 -15.360089362044402 -14.294934849796991 -10.30244578184001 -13.149513462406793 -12.063005277809147 -14.683332447714488 -13.7966910846494 -9.392118599872514 -15.238184479526904 -13.00583976392046 -14.268516445700037 -15.996711844350685 -15.839511752328885 -15.947078014449703 -14.19489886380461
2.164328657314629 -12.347140383371382 -14.754893105053526 -13.871936977274704 -13.899700879199504 -15.48054648700111 -15.216760628692949 -11.343992250509302 -10.196674764285785 -4.809670717139716 -8.223692169823842 -6.250239426774783 -13.099937605691771 -11.47708184986611 -15.417950814495669 -14.35211545042262 -10.356419017055007 -13.205911019316437 -12.1186871096873 -14.740954470323349 -13.853581650766316 -9.445968404047154 -15.296367125417927 -13.062290912238357 -14.325854841899748 -16.05617323414261 -15.898484040242753 -16.00686850512131 -14.252507702085442
2.224448897795591 -12.405690792128663 -14.813762831392214 -13.930678505835381 -13.958493943022443 -15.5395483824468 -15.275710150003441 -11.40242765216935 -10.254852610110756 -4.867287692393776 -8.281913519382709 -6.30846959938323 -13.158568039310705 -11.535541411298102 -15.476859500220847 -14.410903343132421 -10.414637830382969 -13.264559971876489 -12.177209078397393 -14.799820673280113 -13.912318073330372 -9.5041653142966 -15.355332800598873 -13.120949389865668 -14.384670733082725 -16.115365803989118 -15.95758982454285 -16.06611947127179 -14.31137160692943
2.284569138276553 -12.466899850364594 -14.873857742257375 -13.991220716353858 -14.0188563778643 -15.599182142132868 -15.335526647140565 -11.464037979188994 -10.317361583609337 -4.9317536832517055 -8.344270979192903 -6.370796335649697 -13.219497867065268 -11.597067453234335 -15.536818478999088 -14.471283794304288 -10.47700385958975 -13.32542519263617 -12.238517367679655 -14.8599278776266 -13.972878096663042 -9.566607761936883 -15.415092937739239 -13.181781398122272 -14.444953495901025 -16.174334292831865 -16.016861111131462 -16.124884214859684 -14.371486883503977
2.344689378757515 -12.530706413542791 -14.935165097983756 -14.05353141707442 -14.080764207852976 -15.6594551331583 -15.396209507844318 -11.528744565715183 -10.384083926232428 -5.002866484326563 -8.410656283185638 -6.437113349952352 -13.282677953844974 -11.661585097618165 -15.597820949430094 -14.53323176767696 -10.543405530482232 -13.38846044136499 -12.302546515728121 -14.921262808219815 -14.035228725964224 -9.633180803211161 -15.475649407796475 -13.244742369378155 -14.506682365064929 -16.233115191143984 -16.076321128672326 -16.18320816511392 -14.432840469843633
2.4048096192384767 -12.597066810257935 -14.99768152623341 -14.11759101550837 -14.144205226604516 -15.720380819611055 -15.457765498887799 -11.596489034795454 -10.454928647200408 -5.080465574798956 -8.480990263627 -6.507344002463377 -13.348074462506354 -11.729039290244433 -15.659868526914 -14.596733799647296 -10.61375696598261 -13.453634409236004 -12.369249248611904 -14.983821645051378 -14.099349660978895 -9.703795689158756 -15.537011091467274 -13.30980269655198 -14.569847468989714 -16.291746505980363 -16.13599669974402 -16.24113688790723 -14.495429482757096
2.464929859719439 -12.665873758735877 -15.06135953880861 -14.183327957404455 -14.209118823445195 -15.781936691723608 -15.52016217490408 -11.667142289007579 -10.5297182613225 -5.16427027778198 -8.555112868568155 -6.581331992221852 -13.415594707850975 -11.799305857868546 -15.72292112246193 -14.661727423659052 -10.687888269130951 -13.520858158279088 -12.438512939589721 -15.047556235734056 -14.165168298609316 -9.778278263856564 -15.599148678356425 -13.376875957597534 -14.634391670025746 -16.350242134424274 -16.195885130736514 -16.298695492037037 -14.559207137886112
2.5250501002004007 -12.737090638792932 -15.126196656113109 -14.250725977659009 -14.275495924014141 -15.844134699283021 -15.58340571917972 -11.74065504847307 -10.608375746194625 -5.25414597837518 -8.632963799107394 -6.659020737168365 -13.485210121657289 -11.872338621666504 -15.786980556781824 -14.728201857023404 -10.7657266892993 -13.590105462009452 -12.510297902530194 -15.112463718191265 -14.232667707670501 -9.85655323068963 -15.662070221521525 -13.445937895612943 -14.700307291391983 -16.40863532478871 -16.256009949880976 -16.355923828440805 -14.624172663700286
2.5851703406813624 -12.810616526636434 -15.192146192060179 -14.319716521333099 -14.343278712155954 -15.906950958625412 -15.647463154944301 -11.816906426395086 -10.690736228052202 -5.349835327095678 -8.714399835899957 -6.740271866061644 -13.556832778392273 -11.948021407070208 -15.852006920315677 -14.796097037183149 -10.847114182693833 -13.661291965442073 -12.584498353266085 -15.178496801018326 -14.301778324542092 -9.938458585186876 -15.725745655833059 -13.516906896313134 -14.767539159803036 -16.466935657097338 -16.316365475531605 -16.412841819203706 -14.690281136916461
2.6452905811623246 -12.886375182773833 -15.259176343585388 -14.390249837150186 -14.41242688005726 -15.970372463982532 -15.71231396236648 -11.895803689661754 -10.77667086152207 -5.451134602865813 -8.799314517998269 -6.824984080336382 -13.63039689616243 -12.026265535016222 -15.917974013339943 -14.865370366722576 -10.931927457096304 -13.734354947026473 -12.661034060726717 -15.245623182939223 -14.372449526314242 -10.023867713215271 -15.790156900578616 -13.589722847537065 -14.836048728144942 -16.52515789102148 -16.376953794982185 -16.46947283337816 -14.757503091548863
2.7054108216432864 -12.964312986996323 -15.327268954166655 -14.462293408633915 -14.482916180740144 -16.034396192088582 -15.777949048446303 -11.977279898581756 -10.866083804178093 -5.557889207424192 -8.887635142392494 -6.913090199324191 -13.70585698364134 -12.107007518726526 -15.984868209455698 -14.935995259101784 -11.02007505319363 -13.809251509684335 -12.739848208370113 -15.313824307205035 -14.444648049862856 -10.112686417454775 -15.85529686984728 -13.664345347565554 -14.905812693491072 -16.583321558092866 -16.43778413500641 -16.52584342752316 -14.825823249550591
2.7655310621242486 -13.04436504078069 -15.396397186904949 -14.535804984022871 -14.554713271998718 -16.09901155538024 -15.844351307654172 -12.06125585399634 -10.95886483915935 -5.669925881469154 -8.97927657913213 -7.004511252914142 -13.783156858856842 -12.190171867900744 -16.052667535973868 -15.00793583000383 -11.11145145478756 -13.88592825782016 -12.820872466903666 -15.383072907163537 -14.518330840877862 -10.204806240920465 -15.921150613594968 -13.740723696586858 -14.976798699892768 -16.641440294676922 -16.498859064403355 -16.581974782712333 -14.895217908264549
2.8256513026052104 -13.126411997643572 -15.46649705872138 -14.610698213149895 -14.627743594570184 -16.164177999203275 -15.911470820463638 -12.147591660773777 -11.054829096357821 -5.786966406821786 -9.074082046638843 -7.099097485480982 -13.862190204550206 -12.27562372250173 -16.121314991421293 -15.081114626393656 -11.20587870466106 -13.964282675964304 -12.903982517071508 -15.453304378646155 -14.59341046530989 -10.300045090672114 -15.987671248518911 -13.818758638934376 -15.048934348270215 -16.69950814736818 -16.560156837969977 -16.637871670285357 -14.965626023279395
2.885771543086172 -13.2104293191977 -15.53756634945021 -14.686961758396677 -14.702002586156837 -16.229903112734014 -15.979311199376696 -12.23625406827787 -11.153924975914915 -5.908924277350674 -9.172025814585929 -7.196830100010651 -13.942937138807327 -12.363332452200279 -16.190811330090177 -15.155524496474026 -11.303307853581714 -14.04429682719943 -12.989151786513524 -15.524516243783566 -14.669875009407694 -10.39835211309244 -16.054863776054642 -13.898434688502945 -15.122214667646965 -16.757547743708244 -16.621693191072158 -16.693561463336902 -15.037049351714629
2.9458917835671343 -13.296298719352677 -15.609539865196247 -14.764508953784556 -14.7774152645861 -16.296144241299686 -16.04782077096024 -12.327105010689074 -11.255971259949717 -6.035529181099178 -9.272956303392732 -7.297565525599342 -14.025291766102896 -12.453164908630349 -16.26109808165363 -15.231087396881613 -11.403564283926688 -14.12586852396421 -13.076257215584981 -15.596642711456692 -14.747636745330528 -10.499548685826436 -16.122679460881315 -13.979652990239 -15.196566493180974 -16.815549808658506 -16.68344360990419 -16.749045243740458 -15.10942603071081
3.006012024048096 -13.383938039154106 -15.682375496889804 -14.8432814446128 -14.85393300174783 -16.362876445791663 -16.116967701472067 -12.420047218998668 -11.360838042606254 -6.166585176647177 -9.376772515070808 -7.401211026407516 -14.10918101009073 -12.545027783818291 -16.332138280176498 -15.307751732823586 -11.506523004636364 -14.208927662751003 -13.165213031681144 -15.669641218596517 -14.826636457011588 -10.603506693728697 -16.191088757042724 -14.062346463777349 -15.271941978563373 -16.87351507116062 -16.745397092924996 -16.8043317390134 -15.182717719685286
3.066132264529058 -13.473294031411402 -15.756049504500975 -14.923243466670435 -14.931528229879536 -16.43008882607864 -16.18673590788685 -12.515016100865434 -11.468436592769624 -6.301956192532486 -9.483414395225545 -7.507715223259112 -14.19455801817109 -12.638859684552969 -16.40391205508146 -15.385487005743556 -11.612098832766755 -14.293429777436247 -13.255963310962997 -15.743487686714523 -14.90683767802631 -10.710138536600855 -16.26007734705519 -14.14647344411156 -15.348313464837222 -16.931452092399045 -16.8075532939282 -16.859435612096295 -15.256904871170569
3.12625250501002 -13.564273671840557 -15.83051112717678 -15.004327113921647 -15.010143224369035 -16.497748731389468 -16.25708547111982 -12.611902713379887 -11.57862356440873 -6.4414289695747255 -9.59276844145009 -7.616973946677387 -14.281339385122084 -12.734555792536003 -16.47637406430877 -15.46423238750662 -11.720153608856265 -14.379294561504652 -13.348411218072442 -15.818130875799827 -14.988171604231706 -10.819302776177384 -16.329607713027556 -14.231956759906517 -15.425624080973908 -16.989355255558817 -16.86989424394895 -16.9143596595536 -15.331940576351677
3.186372745490982 -13.656779563426742 -15.905706079098874 -15.086460612844572 -15.089716504837032 -16.565820335950523 -16.327973160018203 -12.710593446285856 -11.691250280050713 -6.584783328608402 -9.70471569764598 -7.728878009866115 -14.369437558696855 -12.83200666079074 -16.54947554110634 -15.543923280095388 -11.830543949296974 -14.466437592962292 -13.442455470449328 -15.893516011400344 -15.07056555518501 -10.930852699667799 -16.3996390621951 -14.318715130336006 -15.503813262764243 -17.04721625657855 -16.932399066028694 -16.969104134557323 -15.407774345299412
3.2464929859719436 -13.750758982307936 -15.981609043927012 -15.169607450565952 -15.170219519571564 -16.63429032360888 -16.399380808057646 -12.811024980881218 -11.806231014984032 -6.731889838126544 -9.819199399576544 -7.84338085318716 -14.45880567023351 -12.93115198735958 -16.62319478713328 -15.624528108630066 -11.943187391832055 -14.554814251941968 -13.538040855082532 -15.969617460879775 -15.153982351179707 -11.044703573753178 -16.47015488500676 -14.406706716794222 -15.582852110439642 -17.105040027976784 -16.995064338316244 -17.023679691372738 -15.484385217718497
3.306613226452906 -13.846123764055918 -16.058170724897884 -15.253702537323868 -15.25159681871493 -16.703126114690292 -16.47126912191233 -12.913094473042374 -11.923431314190616 -6.882549904401325 -9.936114288327165 -7.960387940305868 -14.549364339614687 -13.031892741119368 -16.69748750701529 -15.70598831394862 -12.057954222048625 -14.644348022561678 -13.6350757009982 -16.046385485100938 -15.238356067616632 -11.160722652529405 -16.54111810674049 -14.49585802413905 -15.662685737299729 -17.16281898385693 -17.057871054150375 -17.078086518933052 -15.5617278011675
3.3667334669338675 -13.942801978139094 -16.135352073032543 -15.338693428089485 -15.333804679638963 -16.772302912466266 -16.54360756758285 -13.01671746461195 -12.042739951329011 -7.03659867702845 -10.05537774582205 -8.07982784022887 -14.641048912437402 -13.134147818367627 -16.772318925430387 -15.788257107267071 -12.174737179477344 -14.734976763877315 -13.733485104396674 -16.123780658355216 -15.323633520317284 -11.278800054320453 -16.612500109189483 -14.586109774569582 -15.74327050980136 -17.220549766937264 -17.120806053639246 -17.132327943307054 -15.639767120825514
