web/models/kne.last_good/kappa_0.5_3.0.v2/38/villar_0.0023_0.2337_3.0000.dat
# %ECSV 1.0
# ---
# datatype:
# - {name: time, datatype: float64}
# - {name: swift_uvot_uvw2, datatype: float64}
# - {name: swift_uvot_uvm2, datatype: float64}
# - {name: swift_uvot_uvw1, datatype: float64}
# - {name: swift_uvot_U, datatype: float64}
# - {name: swift_uvot_B, datatype: float64}
# - {name: swift_uvot_V, datatype: float64}
# - {name: swift_uvot_W, datatype: float64}
# - {name: johnson_U, datatype: float64}
# - {name: johnson_B, datatype: float64}
# - {name: johnson_V, datatype: float64}
# - {name: johnson_R, datatype: float64}
# - {name: johnson_I, datatype: float64}
# - {name: sdss_u, datatype: float64}
# - {name: sdss_g, datatype: float64}
# - {name: sdss_r, datatype: float64}
# - {name: sdss_i, datatype: float64}
# - {name: sdss_z, datatype: float64}
# - {name: PS1_g, datatype: float64}
# - {name: PS1_r, datatype: float64}
# - {name: PS1_i, datatype: float64}
# - {name: PS1_z, datatype: float64}
# - {name: PS1_Y, datatype: float64}
# - {name: PS1_w, datatype: float64}
# - {name: ATLAS_c, datatype: float64}
# - {name: ATLAS_o, datatype: float64}
# - {name: ukirt_J, datatype: float64}
# - {name: ukirt_H, datatype: float64}
# - {name: ukirt_K, datatype: float64}
# - {name: Clear, datatype: float64}
# meta: !!omap
# - comment: [kappa = 3.0, type = villar, mass = 0.0022901433483143324, velocity = 0.2336666666666667, theta_obs = 0.0, tfloor = 2500.0]
# schema: astropy-2.0
time swift_uvot_uvw2 swift_uvot_uvm2 swift_uvot_uvw1 swift_uvot_U swift_uvot_B swift_uvot_V swift_uvot_W johnson_U johnson_B johnson_V johnson_R johnson_I sdss_u sdss_g sdss_r sdss_i sdss_z PS1_g PS1_r PS1_i PS1_z PS1_Y PS1_w ATLAS_c ATLAS_o ukirt_J ukirt_H ukirt_K Clear
[from data line 206]
0.463113 -9.651 -9.89 -10.934 -12.315 -13.052 -13.498 -12.146 -12.454 -13.061 -13.506 -13.713 -13.768 -12.419 -13.229 -13.649 -13.765 -13.771 -13.31 -13.661 -13.777 -13.792 -13.804 -13.593 -13.436 -13.703 -13.583 -13.297 -12.878 -13.555
0.47712 -9.459 -9.65 -10.747 -12.176 -12.953 -13.43 -12.039 -12.322 -12.963 -13.44 -13.67 -13.745 -12.285 -13.142 -13.596 -13.731 -13.75 -13.228 -13.608 -13.743 -13.77 -13.789 -13.54 -13.365 -13.659 -13.582 -13.306 -12.895 -13.502
0.49155 -9.268 -9.403 -10.556 -12.031 -12.85 -13.359 -11.928 -12.184 -12.86 -13.369 -13.625 -13.72 -12.144 -13.051 -13.54 -13.694 -13.727 -13.143 -13.553 -13.707 -13.745 -13.771 -13.485 -13.292 -13.613 -13.579 -13.314 -12.911 -13.446
0.506416 -9.081 -9.147 -10.359 -11.88 -12.742 -13.284 -11.815 -12.041 -12.753 -13.295 -13.577 -13.693 -11.998 -12.955 -13.481 -13.655 -13.703 -13.053 -13.495 -13.669 -13.718 -13.752 -13.427 -13.215 -13.563 -13.575 -13.321 -12.927 -13.388
0.521733 -8.898 -8.882 -10.156 -11.723 -12.629 -13.205 -11.699 -11.892 -12.642 -13.218 -13.526 -13.664 -11.846 -12.856 -13.419 -13.613 -13.676 -12.96 -13.433 -13.628 -13.69 -13.731 -13.367 -13.134 -13.511 -13.57 -13.327 -12.942 -13.328
0.537512 -8.721 -8.61 -9.947 -11.56 -12.511 -13.122 -11.58 -11.737 -12.525 -13.137 -13.473 -13.632 -11.688 -12.752 -13.353 -13.569 -13.648 -12.863 -13.369 -13.584 -13.659 -13.708 -13.303 -13.05 -13.456 -13.563 -13.332 -12.957 -13.265
0.553769 -8.551 -8.328 -9.733 -11.391 -12.389 -13.035 -11.458 -11.576 -12.404 -13.051 -13.417 -13.599 -11.524 -12.644 -13.284 -13.522 -13.617 -12.762 -13.301 -13.538 -13.626 -13.684 -13.237 -12.961 -13.398 -13.555 -13.337 -12.971 -13.2
0.570517 -8.39 -8.038 -9.514 -11.216 -12.261 -12.945 -11.333 -11.41 -12.278 -12.962 -13.357 -13.563 -11.354 -12.531 -13.212 -13.472 -13.584 -12.656 -13.229 -13.489 -13.59 -13.657 -13.167 -12.869 -13.337 -13.546 -13.34 -12.984 -13.132
0.587772 -8.238 -7.739 -9.289 -11.034 -12.128 -12.85 -11.205 -11.236 -12.147 -12.869 -13.295 -13.525 -11.177 -12.413 -13.136 -13.42 -13.548 -12.546 -13.154 -13.437 -13.552 -13.629 -13.095 -12.774 -13.272 -13.535 -13.343 -12.997 -13.062
0.605549 -8.096 -7.432 -9.058 -10.846 -11.99 -12.75 -11.073 -11.057 -12.011 -12.772 -13.229 -13.485 -10.993 -12.291 -13.056 -13.364 -13.511 -12.432 -13.076 -13.382 -13.512 -13.598 -13.019 -12.674 -13.205 -13.523 -13.344 -13.009 -12.989
0.623863 -7.965 -7.115 -8.822 -10.65 -11.846 -12.646 -10.939 -10.87 -11.869 -12.67 -13.161 -13.442 -10.803 -12.164 -12.972 -13.306 -13.471 -12.313 -12.994 -13.325 -13.47 -13.566 -12.94 -12.57 -13.134 -13.51 -13.344 -13.021 -12.914
0.642731 -7.846 -6.789 -8.581 -10.447 -11.697 -12.538 -10.801 -10.677 -11.722 -12.563 -13.089 -13.396 -10.606 -12.031 -12.885 -13.244 -13.428 -12.19 -12.908 -13.264 -13.424 -13.531 -12.858 -12.461 -13.06 -13.494 -13.344 -13.031 -12.836
0.66217 -7.737 -6.455 -8.335 -10.237 -11.542 -12.425 -10.66 -10.477 -11.569 -12.453 -13.013 -13.348 -10.401 -11.893 -12.793 -13.179 -13.383 -12.062 -12.818 -13.2 -13.376 -13.494 -12.773 -12.349 -12.983 -13.477 -13.342 -13.042 -12.755
0.682197 -7.638 -6.112 -8.084 -10.02 -11.381 -12.307 -10.515 -10.269 -11.41 -12.337 -12.934 -13.297 -10.189 -11.75 -12.698 -13.11 -13.335 -11.93 -12.724 -13.133 -13.326 -13.455 -12.684 -12.232 -12.901 -13.459 -13.339 -13.051 -12.672
0.70283 -7.55 -5.761 -7.827 -9.795 -11.213 -12.184 -10.367 -10.054 -11.245 -12.217 -12.852 -13.244 -9.969 -11.601 -12.598 -13.039 -13.285 -11.793 -12.626 -13.063 -13.272 -13.413 -12.592 -12.11 -12.817 -13.438 -13.335 -13.06 -12.587
0.724086 -7.469 -5.403 -7.566 -9.562 -11.04 -12.056 -10.215 -9.832 -11.074 -12.091 -12.765 -13.187 -9.742 -11.447 -12.493 -12.963 -13.231 -11.651 -12.524 -12.989 -13.216 -13.369 -12.496 -11.984 -12.728 -13.416 -13.33 -13.068 -12.498
0.745986 -7.397 -5.04 -7.3 -9.321 -10.86 -11.923 -10.06 -9.602 -10.897 -11.961 -12.675 -13.128 -9.506 -11.287 -12.384 -12.884 -13.175 -11.505 -12.418 -12.911 -13.156 -13.322 -12.397 -11.852 -12.636 -13.392 -13.323 -13.075 -12.408
0.768548 -7.331 -4.673 -7.029 -9.072 -10.673 -11.784 -9.901 -9.363 -10.714 -11.825 -12.581 -13.065 -9.262 -11.12 -12.271 -12.802 -13.115 -11.354 -12.307 -12.83 -13.094 -13.273 -12.294 -11.716 -12.539 -13.366 -13.315 -13.082 -12.315
0.791792 -7.271 -4.305 -6.754 -8.814 -10.48 -11.64 -9.738 -9.117 -10.524 -11.684 -12.483 -13.0 -9.01 -10.948 -12.152 -12.715 -13.053 -11.198 -12.192 -12.745 -13.028 -13.221 -12.187 -11.575 -12.439 -13.338 -13.306 -13.088 -12.219
0.815739 -7.216 -3.939 -6.475 -8.547 -10.279 -11.49 -9.572 -8.862 -10.327 -11.537 -12.381 -12.931 -8.749 -10.769 -12.029 -12.625 -12.987 -11.038 -12.072 -12.656 -12.959 -13.166 -12.076 -11.429 -12.334 -13.308 -13.296 -13.093 -12.121
0.840411 -7.164 -3.582 -6.192 -8.272 -10.072 -11.334 -9.401 -8.598 -10.124 -11.385 -12.275 -12.859 -8.479 -10.584 -11.901 -12.53 -12.918 -10.874 -11.948 -12.564 -12.887 -13.109 -11.961 -11.278 -12.225 -13.276 -13.284 -13.097 -12.021
0.865828 -7.115 -3.24 -5.904 -7.987 -9.856 -11.172 -9.227 -8.326 -9.913 -11.227 -12.164 -12.783 -8.199 -10.392 -11.767 -12.431 -12.846 -10.706 -11.819 -12.467 -12.811 -13.048 -11.842 -11.121 -12.112 -13.241 -13.271 -13.1 -11.918
0.892015 -7.069 -2.919 -5.612 -7.693 -9.634 -11.003 -9.048 -8.044 -9.695 -11.063 -12.049 -12.704 -7.911 -10.194 -11.628 -12.328 -12.77 -10.533 -11.685 -12.366 -12.731 -12.985 -11.718 -10.958 -11.994 -13.205 -13.256 -13.103 -11.813
0.918993 -7.024 -2.629 -5.316 -7.388 -9.403 -10.829 -8.866 -7.752 -9.469 -10.892 -11.93 -12.622 -7.612 -9.988 -11.483 -12.22 -12.69 -10.358 -11.546 -12.261 -12.648 -12.918 -11.591 -10.79 -11.871 -13.166 -13.239 -13.104 -11.706
0.946787 -6.981 -2.374 -5.016 -7.074 -9.164 -10.647 -8.679 -7.451 -9.236 -10.715 -11.805 -12.536 -7.303 -9.775 -11.333 -12.107 -12.607 -10.179 -11.402 -12.151 -12.561 -12.849 -11.458 -10.616 -11.744 -13.125 -13.221 -13.105 -11.597
0.975422 -6.938 -2.159 -4.711 -6.749 -8.918 -10.459 -8.488 -7.14 -8.994 -10.532 -11.676 -12.445 -6.984 -9.554 -11.177 -11.99 -12.52 -9.998 -11.253 -12.037 -12.47 -12.776 -11.321 -10.436 -11.612 -13.081 -13.202 -13.104 -11.486
1.004923 -6.897 -1.983 -4.403 -6.414 -8.662 -10.263 -8.293 -6.818 -8.745 -10.342 -11.542 -12.351 -6.654 -9.326 -11.015 -11.868 -12.428 -9.815 -11.099 -11.918 -12.375 -12.7 -11.18 -10.249 -11.474 -13.034 -13.18 -13.103 -11.374
1.035317 -6.856 -1.842 -4.089 -6.067 -8.398 -10.061 -8.094 -6.486 -8.487 -10.145 -11.403 -12.253 -6.313 -9.09 -10.846 -11.741 -12.333 -9.632 -10.939 -11.794 -12.276 -12.621 -11.033 -10.056 -11.332 -12.985 -13.157 -13.1 -11.26
1.066629 -6.815 -1.73 -3.772 -5.71 -8.124 -9.851 -7.892 -6.143 -8.221 -9.94 -11.259 -12.151 -5.961 -8.845 -10.671 -11.608 -12.234 -9.448 -10.775 -11.666 -12.172 -12.538 -10.882 -9.857 -11.184 -12.933 -13.133 -13.097 -11.145
1.098888 -6.774 -1.641 -3.449 -5.34 -7.842 -9.633 -7.685 -5.788 -7.946 -9.729 -11.109 -12.045 -5.597 -8.593 -10.49 -11.471 -12.13 -9.267 -10.606 -11.532 -12.065 -12.451 -10.725 -9.651 -11.031 -12.878 -13.106 -13.092 -11.029
1.132124 -6.733 -1.569 -3.121 -4.958 -7.549 -9.407 -7.474 -5.422 -7.661 -9.51 -10.954 -11.934 -5.221 -8.331 -10.301 -11.327 -12.021 -9.088 -10.432 -11.394 -11.952 -12.361 -10.563 -9.438 -10.872 -12.821 -13.077 -13.087 -10.912
1.166364 -6.692 -1.507 -2.787 -4.564 -7.247 -9.173 -7.26 -5.043 -7.368 -9.283 -10.793 -11.818 -4.832 -8.061 -10.106 -11.178 -11.908 -8.914 -10.253 -11.25 -11.836 -12.268 -10.396 -9.218 -10.707 -12.76 -13.046 -13.08 -10.795
1.20164 -6.651 -1.453 -2.447 -4.157 -6.935 -8.93 -7.043 -4.652 -7.065 -9.048 -10.626 -11.698 -4.431 -7.782 -9.903 -11.023 -11.79 -8.745 -10.07 -11.101 -11.714 -12.171 -10.223 -8.99 -10.537 -12.696 -13.013 -13.072 -10.678
1.237983 -6.593 -1.395 -2.361 -4.063 -6.85 -8.852 -6.968 -4.56 -6.981 -8.971 -10.556 -11.633 -4.338 -7.701 -9.829 -10.954 -11.725 -8.675 -9.999 -11.033 -11.648 -12.108 -10.152 -8.914 -10.466 -12.636 -12.956 -13.017 -10.612
1.275425 -6.533 -1.335 -2.301 -4.004 -6.791 -8.793 -6.908 -4.501 -6.922 -8.911 -10.496 -11.573 -4.278 -7.641 -9.77 -10.894 -11.665 -8.616 -9.939 -10.973 -11.589 -12.048 -10.093 -8.854 -10.406 -12.576 -12.897 -12.957 -10.553
1.313999 -6.474 -1.275 -2.241 -3.944 -6.731 -8.733 -6.848 -4.441 -6.862 -8.851 -10.436 -11.513 -4.218 -7.581 -9.71 -10.834 -11.605 -8.556 -9.879 -10.913 -11.529 -11.988 -10.033 -8.794 -10.346 -12.516 -12.837 -12.897 -10.493
1.35374 -6.413 -1.215 -2.181 -3.884 -6.67 -8.673 -6.788 -4.38 -6.801 -8.791 -10.376 -11.453 -4.158 -7.521 -9.65 -10.774 -11.545 -8.495 -9.819 -10.853 -11.469 -11.928 -9.973 -8.734 -10.286 -12.456 -12.777 -12.837 -10.433
1.394683 -6.353 -1.155 -2.12 -3.823 -6.61 -8.612 -6.728 -4.32 -6.741 -8.731 -10.316 -11.392 -4.097 -7.46 -9.589 -10.714 -11.485 -8.435 -9.759 -10.792 -11.408 -11.867 -9.912 -8.674 -10.226 -12.396 -12.716 -12.777 -10.372
1.436864 -6.292 -1.094 -2.06 -3.763 -6.549 -8.552 -6.667 -4.26 -6.681 -8.67 -10.255 -11.332 -4.037 -7.4 -9.529 -10.653 -11.424 -8.374 -9.698 -10.732 -11.348 -11.807 -9.852 -8.613 -10.165 -12.335 -12.656 -12.716 -10.312
1.480321 -6.232 -1.033 -1.999 -3.702 -6.489 -8.491 -6.606 -4.199 -6.62 -8.609 -10.194 -11.271 -3.976 -7.339 -9.468 -10.592 -11.363 -8.314 -9.637 -10.671 -11.287 -11.746 -9.791 -8.552 -10.104 -12.274 -12.595 -12.655 -10.251
1.525092 -6.171 -0.972 -1.938 -3.641 -6.428 -8.43 -6.545 -4.138 -6.559 -8.548 -10.133 -11.21 -3.915 -7.278 -9.407 -10.531 -11.302 -8.253 -9.576 -10.61 -11.226 -11.685 -9.73 -8.491 -10.043 -12.213 -12.534 -12.594 -10.19
1.571218 -6.109 -0.911 -1.877 -3.579 -6.366 -8.368 -6.484 -4.076 -6.497 -8.487 -10.072 -11.149 -3.854 -7.217 -9.345 -10.47 -11.241 -8.191 -9.515 -10.549 -11.164 -11.624 -9.668 -8.43 -9.982 -12.152 -12.472 -12.533 -10.128
1.618738 -6.048 -0.849 -1.815 -3.518 -6.305 -8.307 -6.422 -4.015 -6.436 -8.425 -10.01 -11.087 -3.792 -7.155 -9.284 -10.408 -11.179 -8.13 -9.453 -10.487 -11.103 -11.562 -9.607 -8.368 -9.92 -12.091 -12.411 -12.471 -10.067
1.667696 -5.986 -0.787 -1.753 -3.456 -6.243 -8.245 -6.361 -3.953 -6.374 -8.364 -9.948 -11.025 -3.73 -7.093 -9.222 -10.347 -11.118 -8.068 -9.391 -10.425 -11.041 -11.5 -9.545 -8.307 -9.859 -12.029 -12.349 -12.41 -10.005
1.718134 -5.924 -0.725 -1.691 -3.394 -6.181 -8.183 -6.299 -3.891 -6.312 -8.301 -9.886 -10.963 -3.668 -7.031 -9.16 -10.285 -11.055 -8.006 -9.329 -10.363 -10.979 -11.438 -9.483 -8.245 -9.797 -11.967 -12.287 -12.348 -9.943
1.770098 -5.861 -0.663 -1.629 -3.332 -6.119 -8.121 -6.236 -3.829 -6.25 -8.239 -9.824 -10.901 -3.606 -6.969 -9.098 -10.222 -10.993 -7.944 -9.267 -10.301 -10.917 -11.376 -9.421 -8.182 -9.734 -11.904 -12.225 -12.285 -9.881
1.823633 -5.799 -0.6 -1.566 -3.269 -6.056 -8.058 -6.174 -3.766 -6.187 -8.177 -9.761 -10.838 -3.543 -6.906 -9.035 -10.16 -10.931 -7.881 -9.204 -10.238 -10.854 -11.313 -9.358 -8.12 -9.672 -11.842 -12.162 -12.223 -9.818
1.878788 -5.736 -0.538 -1.503 -3.206 -5.993 -7.995 -6.111 -3.703 -6.124 -8.114 -9.699 -10.775 -3.48 -6.843 -8.972 -10.097 -10.868 -7.818 -9.142 -10.175 -10.791 -11.25 -9.295 -8.057 -9.609 -11.779 -12.099 -12.16 -9.755
1.93561 -5.673 -0.474 -1.44 -3.143 -5.93 -7.932 -6.048 -3.64 -6.061 -8.051 -9.635 -10.712 -3.417 -6.78 -8.909 -10.034 -10.805 -7.755 -9.078 -10.112 -10.728 -11.187 -9.232 -7.994 -9.546 -11.716 -12.036 -12.097 -9.692
1.994152 -5.609 -0.411 -1.377 -3.08 -5.867 -7.869 -5.984 -3.577 -5.998 -7.987 -9.572 -10.649 -3.354 -6.717 -8.846 -9.97 -10.741 -7.692 -9.015 -10.049 -10.665 -11.124 -9.169 -7.93 -9.482 -11.652 -11.973 -12.033 -9.629
2.054463 -5.546 -0.347 -1.313 -3.016 -5.803 -7.805 -5.921 -3.513 -5.934 -7.923 -9.508 -10.585 -3.29 -6.653 -8.782 -9.907 -10.677 -7.628 -8.951 -9.985 -10.601 -11.06 -9.105 -7.867 -9.419 -11.589 -11.909 -11.97 -9.565
2.116599 -5.482 -0.283 -1.249 -2.952 -5.739 -7.741 -5.857 -3.449 -5.87 -7.86 -9.444 -10.521 -3.226 -6.589 -8.718 -9.843 -10.614 -7.564 -8.887 -9.921 -10.537 -10.996 -9.041 -7.803 -9.355 -11.525 -11.845 -11.906 -9.501
2.180614 -5.418 -0.219 -1.185 -2.888 -5.675 -7.677 -5.792 -3.385 -5.806 -7.795 -9.38 -10.457 -3.162 -6.525 -8.654 -9.778 -10.549 -7.5 -8.823 -9.857 -10.473 -10.932 -8.977 -7.738 -9.291 -11.461 -11.781 -11.841 -9.437
2.246566 -5.353 -0.155 -1.121 -2.823 -5.61 -7.612 -5.728 -3.32 -5.741 -7.731 -9.316 -10.393 -3.098 -6.461 -8.589 -9.714 -10.485 -7.435 -8.759 -9.793 -10.408 -10.868 -8.912 -7.674 -9.226 -11.396 -11.716 -11.777 -9.372
2.314511 -5.288 -0.09 -1.056 -2.759 -5.546 -7.548 -5.663 -3.256 -5.677 -7.666 -9.251 -10.328 -3.033 -6.396 -8.525 -9.649 -10.42 -7.371 -8.694 -9.728 -10.344 -10.803 -8.848 -7.609 -9.161 -11.331 -11.652 -11.712 -9.308
2.384512 -5.223 -0.025 -0.991 -2.694 -5.481 -7.483 -5.598 -3.191 -5.612 -7.601 -9.186 -10.263 -2.968 -6.331 -8.46 -9.584 -10.355 -7.306 -8.629 -9.663 -10.279 -10.738 -8.783 -7.544 -9.096 -11.266 -11.587 -11.647 -9.243
2.45663 -5.158 0.04 -0.926 -2.628 -5.415 -7.417 -5.533 -3.125 -5.546 -7.536 -9.121 -10.198 -2.903 -6.266 -8.394 -9.519 -10.29 -7.24 -8.564 -9.598 -10.213 -10.673 -8.717 -7.479 -9.031 -11.201 -11.521 -11.582 -9.177
2.530929 -5.093 0.106 -0.86 -2.563 -5.35 -7.352 -5.467 -3.06 -5.481 -7.47 -9.055 -10.132 -2.837 -6.2 -8.329 -9.454 -10.224 -7.175 -8.498 -9.532 -10.148 -10.607 -8.652 -7.413 -8.966 -11.136 -11.456 -11.516 -9.112
2.607475 -5.027 0.172 -0.794 -2.497 -5.284 -7.286 -5.402 -2.994 -5.415 -7.405 -8.989 -10.066 -2.771 -6.134 -8.263 -9.388 -10.159 -7.109 -8.432 -9.466 -10.082 -10.541 -8.586 -7.348 -8.9 -11.07 -11.39 -11.451 -9.046
2.686337 -4.961 0.238 -0.728 -2.431 -5.218 -7.22 -5.336 -2.928 -5.349 -7.339 -8.923 -10.0 -2.705 -6.068 -8.197 -9.322 -10.093 -7.043 -8.366 -9.4 -10.016 -10.475 -8.52 -7.282 -8.834 -11.004 -11.324 -11.385 -8.98
2.767583 -4.895 0.304 -0.662 -2.365 -5.152 -7.154 -5.269 -2.862 -5.283 -7.272 -8.857 -9.934 -2.639 -6.002 -8.131 -9.255 -10.026 -6.977 -8.3 -9.334 -9.95 -10.409 -8.454 -7.215 -8.767 -10.938 -11.258 -11.318 -8.914
2.851287 -4.828 0.37 -0.596 -2.298 -5.085 -7.087 -5.203 -2.795 -5.216 -7.206 -8.791 -9.867 -2.572 -5.936 -8.064 -9.189 -9.96 -6.91 -8.234 -9.268 -9.883 -10.342 -8.387 -7.149 -8.701 -10.871 -11.191 -11.252 -8.847
2.937522 -4.761 0.437 -0.529 -2.232 -5.018 -7.021 -5.136 -2.728 -5.149 -7.139 -8.724 -9.801 -2.506 -5.869 -7.997 -9.122 -9.893 -6.843 -8.167 -9.201 -9.816 -10.276 -8.321 -7.082 -8.634 -10.804 -11.124 -11.185 -8.781
3.026365 -4.694 0.504 -0.462 -2.165 -4.951 -6.954 -5.069 -2.661 -5.082 -7.072 -8.657 -9.734 -2.439 -5.802 -7.93 -9.055 -9.826 -6.776 -8.1 -9.134 -9.749 -10.209 -8.253 -7.015 -8.567 -10.737 -11.057 -11.118 -8.714
3.117896 -4.627 0.571 -0.394 -2.097 -4.884 -6.886 -5.002 -2.594 -5.015 -7.005 -8.59 -9.666 -2.371 -5.734 -7.863 -8.988 -9.759 -6.709 -8.033 -9.066 -9.682 -10.141 -8.186 -6.948 -8.5 -10.67 -10.99 -11.051 -8.646
3.212194 -4.56 0.639 -0.327 -2.03 -4.817 -6.819 -4.934 -2.527 -4.948 -6.937 -8.522 -9.599 -2.304 -5.667 -7.796 -8.92 -9.691 -6.642 -7.965 -8.999 -9.615 -10.074 -8.119 -6.88 -8.432 -10.602 -10.923 -10.983 -8.579
3.309345 -4.492 0.707 -0.259 -1.962 -4.749 -6.751 -4.867 -2.459 -4.88 -6.87 -8.454 -9.531 -2.236 -5.599 -7.728 -8.853 -9.624 -6.574 -7.897 -8.931 -9.547 -10.006 -8.051 -6.813 -8.365 -10.535 -10.855 -10.916 -8.511
3.409434 -4.424 0.775 -0.191 -1.894 -4.681 -6.683 -4.799 -2.391 -4.812 -6.802 -8.386 -9.463 -2.168 -5.531 -7.66 -8.785 -9.556 -6.506 -7.829 -8.863 -9.479 -9.938 -7.983 -6.745 -8.297 -10.467 -10.787 -10.848 -8.443
3.51255 -4.356 0.843 -0.123 -1.826 -4.613 -6.615 -4.731 -2.323 -4.744 -6.733 -8.318 -9.395 -2.1 -5.463 -7.592 -8.717 -9.487 -6.438 -7.761 -8.795 -9.411 -9.87 -7.915 -6.676 -8.229 -10.399 -10.719 -10.779 -8.375
3.618785 -4.287 0.911 -0.055 -1.758 -4.544 -6.547 -4.662 -2.254 -4.675 -6.665 -8.25 -9.327 -2.032 -5.395 -7.523 -8.648 -9.419 -6.369 -7.693 -8.727 -9.342 -9.802 -7.846 -6.608 -8.16 -10.33 -10.65 -10.711 -8.307
