web/models/kne.last_good/kappa_0.5_3.0.v2/38/villar_0.1775_0.4060_3.0000.dat
# %ECSV 1.0
# ---
# datatype:
# - {name: time, datatype: float64}
# - {name: swift_uvot_uvw2, datatype: float64}
# - {name: swift_uvot_uvm2, datatype: float64}
# - {name: swift_uvot_uvw1, datatype: float64}
# - {name: swift_uvot_U, datatype: float64}
# - {name: swift_uvot_B, datatype: float64}
# - {name: swift_uvot_V, datatype: float64}
# - {name: swift_uvot_W, datatype: float64}
# - {name: johnson_U, datatype: float64}
# - {name: johnson_B, datatype: float64}
# - {name: johnson_V, datatype: float64}
# - {name: johnson_R, datatype: float64}
# - {name: johnson_I, datatype: float64}
# - {name: sdss_u, datatype: float64}
# - {name: sdss_g, datatype: float64}
# - {name: sdss_r, datatype: float64}
# - {name: sdss_i, datatype: float64}
# - {name: sdss_z, datatype: float64}
# - {name: PS1_g, datatype: float64}
# - {name: PS1_r, datatype: float64}
# - {name: PS1_i, datatype: float64}
# - {name: PS1_z, datatype: float64}
# - {name: PS1_Y, datatype: float64}
# - {name: PS1_w, datatype: float64}
# - {name: ATLAS_c, datatype: float64}
# - {name: ATLAS_o, datatype: float64}
# - {name: ukirt_J, datatype: float64}
# - {name: ukirt_H, datatype: float64}
# - {name: ukirt_K, datatype: float64}
# - {name: Clear, datatype: float64}
# meta: !!omap
# - comment: [kappa = 3.0, type = villar, mass = 0.1774768329891343, velocity = 0.406, theta_obs = 0.0, tfloor = 2500.0]
# schema: astropy-2.0
time swift_uvot_uvw2 swift_uvot_uvm2 swift_uvot_uvw1 swift_uvot_U swift_uvot_B swift_uvot_V swift_uvot_W johnson_U johnson_B johnson_V johnson_R johnson_I sdss_u sdss_g sdss_r sdss_i sdss_z PS1_g PS1_r PS1_i PS1_z PS1_Y PS1_w ATLAS_c ATLAS_o ukirt_J ukirt_H ukirt_K Clear
[from data line 337]
22.953921 -31.092 -30.497 -30.287 -29.697 -29.264 -28.822 -30.138 -29.631 -29.26 -28.811 -28.379 -27.888 -29.642 -29.122 -28.569 -28.177 -27.816 -29.232 -28.784 -28.475 -28.405 -28.827 -28.652 -28.907 -28.41 -27.107 -26.54 -25.892 -28.749
23.648147 -31.448 -30.763 -30.541 -29.934 -29.493 -29.045 -30.394 -29.867 -29.489 -29.034 -28.598 -28.103 -29.878 -29.35 -28.789 -28.394 -28.03 -29.499 -29.055 -28.761 -28.728 -29.218 -28.874 -29.132 -28.629 -27.317 -26.748 -26.098 -28.973
24.363369 -31.821 -31.03 -30.796 -30.173 -29.725 -29.271 -30.65 -30.104 -29.721 -29.26 -28.82 -28.322 -30.115 -29.579 -29.013 -28.614 -28.248 -29.779 -29.343 -29.068 -29.075 -29.634 -29.1 -29.359 -28.852 -27.531 -26.96 -26.308 -29.2
25.100222 -32.212 -31.298 -31.05 -30.413 -29.959 -29.5 -30.906 -30.343 -29.955 -29.489 -29.046 -28.544 -30.355 -29.812 -29.24 -28.838 -28.469 -30.075 -29.651 -29.398 -29.449 -30.075 -29.328 -29.59 -29.077 -27.749 -27.177 -26.524 -29.43
25.859362 -32.624 -31.571 -31.305 -30.655 -30.195 -29.733 -31.162 -30.585 -30.192 -29.721 -29.275 -28.77 -30.596 -30.047 -29.47 -29.066 -28.695 -30.391 -29.982 -29.754 -29.852 -30.542 -29.56 -29.823 -29.307 -27.972 -27.398 -26.743 -29.663
26.64146 -33.062 -31.849 -31.561 -30.9 -30.435 -29.969 -31.419 -30.829 -30.432 -29.957 -29.508 -29.001 -30.841 -30.286 -29.705 -29.298 -28.926 -30.731 -30.34 -30.141 -30.286 -31.034 -29.796 -30.06 -29.54 -28.2 -27.624 -26.968 -29.9
27.447213 -33.526 -32.134 -31.819 -31.148 -30.679 -30.209 -31.678 -31.076 -30.675 -30.197 -29.746 -29.236 -31.088 -30.528 -29.943 -29.534 -29.16 -31.1 -30.729 -30.561 -30.752 -31.551 -30.035 -30.301 -29.778 -28.433 -27.856 -27.198 -30.14
28.277335 -34.019 -32.43 -32.078 -31.4 -30.926 -30.453 -31.939 -31.327 -30.923 -30.441 -29.988 -29.476 -31.339 -30.775 -30.186 -29.775 -29.4 -31.501 -31.153 -31.015 -31.25 -32.092 -30.279 -30.546 -30.02 -28.67 -28.092 -27.434 -30.385
29.132564 -34.542 -32.74 -32.341 -31.655 -31.178 -30.702 -32.202 -31.581 -31.174 -30.69 -30.235 -29.721 -31.593 -31.025 -30.434 -30.021 -29.645 -31.939 -31.613 -31.506 -31.778 -32.657 -30.528 -30.796 -30.267 -28.913 -28.334 -27.675 -30.634
30.013659 -35.094 -33.069 -32.606 -31.913 -31.434 -30.955 -32.468 -31.84 -31.43 -30.944 -30.487 -29.971 -31.851 -31.28 -30.686 -30.272 -29.895 -32.415 -32.112 -32.031 -32.337 -33.245 -30.781 -31.05 -30.519 -29.162 -28.581 -27.922 -30.888
30.921401 -35.675 -33.423 -32.875 -32.177 -31.695 -31.214 -32.738 -32.103 -31.691 -31.202 -30.744 -30.227 -32.114 -31.541 -30.944 -30.529 -30.15 -32.931 -32.649 -32.592 -32.925 -33.856 -31.04 -31.309 -30.777 -29.416 -28.835 -28.174 -31.147
31.856598 -36.285 -33.807 -33.148 -32.445 -31.96 -31.478 -33.011 -32.37 -31.957 -31.466 -31.007 -30.489 -32.382 -31.806 -31.207 -30.791 -30.412 -33.487 -33.223 -33.186 -33.541 -34.489 -31.303 -31.574 -31.039 -29.676 -29.094 -28.433 -31.412
32.820079 -36.922 -34.231 -33.426 -32.718 -32.232 -31.748 -33.289 -32.643 -32.228 -31.736 -31.275 -30.756 -32.655 -32.077 -31.476 -31.059 -30.679 -34.081 -33.833 -33.812 -34.184 -35.145 -31.573 -31.844 -31.308 -29.942 -29.36 -28.699 -31.682
33.8127 -37.587 -34.7 -33.708 -32.997 -32.509 -32.024 -33.572 -32.922 -32.505 -32.012 -31.55 -31.03 -32.933 -32.353 -31.751 -31.334 -30.953 -34.713 -34.477 -34.468 -34.852 -35.823 -31.849 -32.12 -31.583 -30.215 -29.633 -28.971 -31.958
34.835342 -38.277 -35.22 -33.996 -33.281 -32.792 -32.306 -33.86 -33.206 -32.788 -32.294 -31.831 -31.311 -33.218 -32.636 -32.033 -31.615 -31.234 -35.379 -35.152 -35.153 -35.546 -36.524 -32.131 -32.402 -31.864 -30.495 -29.912 -29.249 -32.24
35.888913 -38.994 -35.795 -34.289 -33.572 -33.082 -32.595 -34.154 -33.497 -33.078 -32.583 -32.12 -31.598 -33.509 -32.926 -32.321 -31.902 -31.521 -36.077 -35.858 -35.865 -36.265 -37.247 -32.419 -32.691 -32.153 -30.782 -30.198 -29.536 -32.529
36.974349 -39.736 -36.426 -34.59 -33.871 -33.379 -32.891 -34.455 -33.795 -33.375 -32.879 -32.416 -31.894 -33.807 -33.223 -32.618 -32.198 -31.816 -36.807 -36.592 -36.604 -37.009 -37.995 -32.716 -32.988 -32.449 -31.077 -30.493 -29.83 -32.826
38.092613 -40.508 -37.114 -34.902 -34.182 -33.689 -33.201 -34.768 -34.106 -33.686 -33.189 -32.725 -32.203 -34.118 -33.533 -32.927 -32.507 -32.125 -37.57 -37.359 -37.374 -37.782 -38.77 -33.025 -33.298 -32.758 -31.385 -30.801 -30.138 -33.136
39.244698 -41.32 -37.866 -35.244 -34.521 -34.028 -33.539 -35.109 -34.445 -34.025 -33.527 -33.063 -32.54 -34.457 -33.872 -33.265 -32.845 -32.463 -38.377 -38.167 -38.185 -38.595 -39.584 -33.364 -33.636 -33.096 -31.722 -31.138 -30.474 -33.474
40.431627 -42.188 -38.693 -35.642 -34.919 -34.425 -33.936 -35.508 -34.843 -34.421 -33.924 -33.459 -32.936 -34.855 -34.268 -33.661 -33.241 -32.858 -39.241 -39.033 -39.052 -39.463 -40.454 -33.76 -34.033 -33.492 -32.117 -31.533 -30.869 -33.871
41.654454 -43.126 -39.605 -36.133 -35.409 -34.915 -34.425 -35.999 -35.333 -34.911 -34.413 -33.948 -33.425 -35.345 -34.758 -34.15 -33.73 -33.347 -40.177 -39.97 -39.99 -40.402 -41.393 -34.249 -34.522 -33.981 -32.606 -32.021 -31.358 -34.36
42.914265 -44.139 -40.602 -36.743 -36.018 -35.523 -35.033 -36.609 -35.941 -35.519 -35.021 -34.556 -34.032 -35.953 -35.366 -34.758 -34.337 -33.955 -41.189 -40.983 -41.003 -41.415 -42.407 -34.857 -35.13 -34.589 -33.213 -32.629 -31.965 -34.968
44.212178 -45.223 -41.676 -37.481 -36.756 -36.261 -35.77 -37.347 -36.679 -36.257 -35.759 -35.293 -34.77 -36.691 -36.104 -35.496 -35.075 -34.692 -42.272 -42.066 -42.087 -42.499 -43.491 -35.595 -35.868 -35.326 -33.95 -33.366 -32.702 -35.706
45.549345 -46.371 -42.818 -38.346 -37.62 -37.125 -36.634 -38.212 -37.543 -37.121 -36.622 -36.157 -35.633 -37.555 -36.968 -36.359 -35.938 -35.555 -43.419 -43.214 -43.234 -43.647 -44.639 -36.459 -36.732 -36.19 -34.814 -34.229 -33.565 -36.569
46.926954 -47.576 -44.019 -39.326 -38.599 -38.104 -37.613 -39.192 -38.523 -38.1 -37.602 -37.136 -36.612 -38.535 -37.947 -37.338 -36.917 -36.534 -44.624 -44.419 -44.439 -44.853 -45.845 -37.438 -37.711 -37.169 -35.793 -35.208 -34.544 -37.549
48.346227 -48.834 -45.275 -40.408 -39.682 -39.186 -38.695 -40.275 -39.605 -39.182 -38.683 -38.217 -37.694 -39.617 -39.029 -38.42 -37.999 -37.616 -45.881 -45.676 -45.697 -46.11 -47.102 -38.52 -38.793 -38.251 -36.874 -36.289 -35.625 -38.631
49.808426 -50.141 -46.58 -41.581 -40.854 -40.359 -39.868 -41.447 -40.778 -40.355 -39.856 -39.39 -38.866 -40.79 -40.201 -39.593 -39.171 -38.788 -47.189 -46.983 -47.004 -47.418 -48.41 -39.692 -39.965 -39.423 -38.046 -37.461 -36.797 -39.803
51.314848 -51.497 -47.934 -42.835 -42.107 -41.612 -41.121 -42.701 -42.031 -41.608 -41.109 -40.643 -40.119 -42.043 -41.454 -40.846 -40.424 -40.041 -48.544 -48.339 -48.36 -48.773 -49.765 -40.945 -41.218 -40.676 -39.299 -38.714 -38.05 -41.056
52.86683 -52.899 -49.336 -44.161 -43.433 -42.937 -42.446 -44.027 -43.357 -42.934 -42.435 -41.968 -41.445 -43.369 -42.78 -42.171 -41.75 -41.367 -49.946 -49.741 -49.762 -50.175 -51.167 -42.271 -42.544 -42.002 -40.625 -40.04 -39.376 -42.382
54.465752 -54.349 -50.785 -45.553 -44.826 -44.33 -43.839 -45.419 -44.749 -44.326 -43.827 -43.361 -42.837 -44.761 -44.173 -43.564 -43.142 -42.759 -51.396 -51.191 -51.212 -51.625 -52.617 -43.663 -43.937 -43.394 -42.017 -41.432 -40.768 -43.774
56.113031 -55.846 -52.282 -47.008 -46.281 -45.785 -45.294 -46.875 -46.204 -45.781 -45.282 -44.816 -44.292 -46.216 -45.628 -45.019 -44.597 -44.214 -52.893 -52.688 -52.709 -53.122 -54.114 -45.118 -45.392 -44.849 -43.472 -42.887 -42.223 -45.229
57.810132 -57.392 -53.827 -48.523 -47.795 -47.3 -46.808 -48.389 -47.719 -47.296 -46.797 -46.33 -45.806 -47.731 -47.142 -46.533 -46.112 -45.729 -54.439 -54.233 -54.255 -54.668 -55.66 -46.633 -46.906 -46.364 -44.987 -44.402 -43.737 -46.744
59.55856 -58.987 -55.422 -50.096 -49.368 -48.872 -48.381 -49.962 -49.291 -48.868 -48.369 -47.903 -47.379 -49.303 -48.715 -48.106 -47.684 -47.301 -56.033 -55.828 -55.849 -56.263 -57.255 -48.205 -48.479 -47.936 -46.559 -45.974 -45.31 -48.316
61.359868 -60.632 -57.067 -51.725 -50.997 -50.501 -50.01 -51.591 -50.921 -50.498 -49.998 -49.532 -49.008 -50.933 -50.344 -49.735 -49.314 -48.93 -57.679 -57.474 -57.495 -57.908 -58.9 -49.834 -50.108 -49.565 -48.188 -47.603 -46.939 -49.945
63.215655 -62.329 -58.764 -53.411 -52.683 -52.187 -51.696 -53.277 -52.606 -52.183 -51.684 -51.218 -50.694 -52.618 -52.03 -51.421 -50.999 -50.616 -59.376 -59.171 -59.192 -59.605 -60.597 -51.52 -51.793 -51.251 -49.874 -49.289 -48.625 -51.631
65.127569 -64.079 -60.514 -55.153 -54.425 -53.929 -53.438 -55.019 -54.348 -53.925 -53.426 -52.96 -52.436 -54.36 -53.772 -53.163 -52.741 -52.358 -61.126 -60.921 -60.942 -61.355 -62.348 -53.262 -53.536 -52.993 -51.616 -51.031 -50.367 -53.373
67.097308 -65.884 -62.319 -56.952 -56.224 -55.728 -55.237 -56.818 -56.148 -55.724 -55.225 -54.759 -54.235 -56.159 -55.571 -54.962 -54.54 -54.157 -62.931 -62.726 -62.747 -63.16 -64.152 -55.061 -55.335 -54.792 -53.415 -52.83 -52.166 -55.172
69.126621 -67.745 -64.18 -58.809 -58.081 -57.585 -57.094 -58.675 -58.004 -57.581 -57.082 -56.616 -56.092 -58.016 -57.428 -56.819 -56.397 -56.014 -64.792 -64.587 -64.608 -65.021 -66.013 -56.918 -57.192 -56.649 -55.272 -54.687 -54.023 -57.029
71.217308 -69.663 -66.098 -60.725 -59.997 -59.501 -59.01 -60.591 -59.92 -59.497 -58.998 -58.532 -58.008 -59.932 -59.344 -58.735 -58.313 -57.93 -66.71 -66.505 -66.526 -66.94 -67.932 -58.834 -59.108 -58.565 -57.188 -56.603 -55.939 -58.945
73.371227 -71.641 -68.076 -62.701 -61.973 -61.477 -60.986 -62.567 -61.897 -61.474 -60.974 -60.508 -59.984 -61.909 -61.32 -60.711 -60.289 -59.906 -68.688 -68.483 -68.504 -68.917 -69.91 -60.81 -61.084 -60.541 -59.164 -58.579 -57.915 -60.921
75.59029 -73.68 -70.115 -64.739 -64.011 -63.515 -63.024 -64.605 -63.935 -63.512 -63.012 -62.546 -62.022 -63.947 -63.358 -62.749 -62.327 -61.944 -70.727 -70.522 -70.543 -70.957 -71.949 -62.848 -63.122 -62.579 -61.202 -60.617 -59.953 -62.959
77.876467 -75.782 -72.217 -66.84 -66.113 -65.617 -65.125 -66.707 -66.036 -65.613 -65.114 -64.647 -64.123 -66.048 -65.459 -64.85 -64.429 -64.045 -72.829 -72.624 -72.645 -73.059 -74.051 -64.95 -65.223 -64.681 -63.304 -62.718 -62.054 -65.061
80.231787 -77.949 -74.384 -69.007 -68.279 -67.783 -67.292 -68.873 -68.203 -67.779 -67.28 -66.814 -66.29 -68.214 -67.626 -67.017 -66.595 -66.212 -74.996 -74.791 -74.812 -75.226 -76.218 -67.116 -67.39 -66.847 -65.47 -64.885 -64.221 -67.227
82.658343 -80.183 -76.618 -71.241 -70.513 -70.017 -69.525 -71.107 -70.436 -70.013 -69.514 -69.047 -68.523 -70.448 -69.859 -69.25 -68.829 -68.446 -77.23 -77.025 -77.046 -77.46 -78.452 -69.35 -69.623 -69.081 -67.704 -67.118 -66.454 -69.461
85.158288 -82.486 -78.921 -73.543 -72.815 -72.319 -71.828 -73.409 -72.739 -72.316 -71.816 -71.35 -70.826 -72.751 -72.162 -71.553 -71.131 -70.748 -79.533 -79.328 -79.349 -79.762 -80.754 -71.652 -71.926 -71.383 -70.006 -69.421 -68.757 -71.763
87.733843 -84.86 -81.295 -75.917 -75.189 -74.693 -74.202 -75.783 -75.112 -74.689 -74.19 -73.724 -73.199 -75.124 -74.535 -73.926 -73.505 -73.122 -81.907 -81.701 -81.723 -82.136 -83.128 -74.026 -74.299 -73.757 -72.38 -71.795 -71.13 -74.137
90.387293 -87.306 -83.741 -78.363 -77.635 -77.139 -76.648 -78.229 -77.559 -77.136 -76.636 -76.17 -75.646 -77.571 -76.982 -76.373 -75.952 -75.568 -84.353 -84.148 -84.169 -84.583 -85.575 -76.472 -76.746 -76.203 -74.826 -74.241 -73.577 -76.584
93.120995 -89.828 -86.263 -80.885 -80.157 -79.661 -79.17 -80.751 -80.081 -79.658 -79.158 -78.692 -78.168 -80.093 -79.504 -78.895 -78.473 -78.09 -86.875 -86.67 -86.691 -87.105 -88.097 -78.994 -79.268 -78.725 -77.348 -76.763 -76.099 -79.105
95.937376 -92.428 -88.863 -83.485 -82.757 -82.261 -81.77 -83.351 -82.68 -82.257 -81.758 -81.292 -80.768 -82.692 -82.103 -81.494 -81.073 -80.69 -89.475 -89.27 -89.291 -89.704 -90.696 -81.594 -81.867 -81.325 -79.948 -79.363 -78.698 -81.705
98.838937 -95.107 -91.542 -86.164 -85.436 -84.94 -84.449 -86.03 -85.36 -84.936 -84.437 -83.971 -83.447 -85.371 -84.783 -84.174 -83.752 -83.369 -92.154 -91.949 -91.97 -92.384 -93.376 -84.273 -84.547 -84.004 -82.627 -82.042 -81.378 -84.384
101.828253 -97.869 -94.304 -88.926 -88.198 -87.702 -87.211 -88.792 -88.121 -87.698 -87.199 -86.733 -86.209 -88.133 -87.545 -86.935 -86.514 -86.131 -94.916 -94.711 -94.732 -95.145 -96.137 -87.035 -87.308 -86.766 -85.389 -84.804 -84.14 -87.146
104.907979 -100.715 -97.15 -91.772 -91.044 -90.548 -90.057 -91.638 -90.968 -90.545 -90.045 -89.579 -89.055 -90.98 -90.391 -89.782 -89.361 -88.977 -97.762 -97.557 -97.578 -97.992 -98.984 -89.881 -90.155 -89.612 -88.235 -87.65 -86.986 -89.993
108.080849 -103.649 -100.084 -94.706 -93.978 -93.482 -92.991 -94.572 -93.902 -93.479 -92.979 -92.513 -91.989 -93.914 -93.325 -92.716 -92.294 -91.911 -100.696 -100.491 -100.512 -100.926 -101.918 -92.815 -93.089 -92.546 -91.169 -90.584 -89.92 -92.926
111.349681 -106.673 -103.108 -97.73 -97.002 -96.506 -96.015 -97.596 -96.926 -96.502 -96.003 -95.537 -95.013 -96.937 -96.349 -95.74 -95.318 -94.935 -103.72 -103.515 -103.536 -103.95 -104.942 -95.839 -96.113 -95.57 -94.193 -93.608 -92.944 -95.95
114.717376 -109.79 -106.225 -100.847 -100.119 -99.623 -99.132 -100.713 -100.042 -99.619 -99.12 -98.654 -98.13 -100.054 -99.465 -98.856 -98.435 -98.052 -106.837 -106.632 -106.653 -107.066 -108.058 -98.956 -99.229 -98.687 -97.31 -96.725 -96.06 -99.067
118.186925 -113.002 -109.437 -104.059 -103.331 -102.835 -102.344 -103.925 -103.254 -102.831 -102.332 -101.866 -101.342 -103.266 -102.678 -102.069 -101.647 -101.264 -110.049 -109.844 -109.865 -110.278 -111.27 -102.168 -102.441 -101.899 -100.522 -99.937 -99.273 -102.279
121.761408 -116.313 -112.747 -107.369 -106.641 -106.146 -105.654 -107.235 -106.565 -106.142 -105.642 -105.176 -104.652 -106.577 -105.988 -105.379 -104.958 -104.574 -113.359 -113.154 -113.175 -113.589 -114.581 -105.479 -105.752 -105.21 -103.832 -103.247 -102.583 -105.59
125.443999 -119.725 -116.159 -110.781 -110.053 -109.558 -109.066 -110.647 -109.977 -109.554 -109.054 -108.588 -108.064 -109.989 -109.4 -108.791 -108.37 -107.986 -116.771 -116.566 -116.587 -117.001 -117.993 -108.891 -109.164 -108.621 -107.244 -106.659 -105.995 -109.002
129.237967 -123.241 -119.676 -114.298 -113.57 -113.074 -112.583 -114.164 -113.493 -113.07 -112.571 -112.105 -111.581 -113.505 -112.917 -112.307 -111.886 -111.503 -120.288 -120.083 -120.104 -120.517 -121.509 -112.407 -112.68 -112.138 -110.761 -110.176 -109.512 -112.518
133.146681 -126.865 -123.3 -117.922 -117.194 -116.698 -116.207 -117.788 -117.117 -116.694 -116.195 -115.729 -115.205 -117.129 -116.541 -115.932 -115.51 -115.127 -123.912 -123.707 -123.728 -124.141 -125.133 -116.031 -116.305 -115.762 -114.385 -113.8 -113.136 -116.142
137.173612 -130.6 -127.035 -121.657 -120.929 -120.433 -119.942 -121.523 -120.852 -120.429 -119.93 -119.464 -118.94 -120.864 -120.276 -119.666 -119.245 -118.862 -127.647 -127.442 -127.463 -127.876 -128.868 -119.766 -120.039 -119.497 -118.12 -117.535 -116.871 -119.877
141.322334 -134.449 -130.884 -125.506 -124.778 -124.282 -123.791 -125.372 -124.701 -124.278 -123.779 -123.313 -122.789 -124.713 -124.125 -123.516 -123.094 -122.711 -131.496 -131.291 -131.312 -131.725 -132.718 -123.615 -123.889 -123.346 -121.969 -121.384 -120.72 -123.726
145.596532 -138.416 -134.851 -129.473 -128.745 -128.249 -127.758 -129.339 -128.668 -128.245 -127.746 -127.28 -126.756 -128.68 -128.092 -127.483 -127.061 -126.678 -135.463 -135.258 -135.279 -135.692 -136.684 -127.582 -127.855 -127.313 -125.936 -125.351 -124.687 -127.693
150.0 -142.504 -138.939 -133.561 -132.833 -132.337 -131.846 -133.427 -132.756 -132.333 -131.834 -131.368 -130.844 -132.768 -132.18 -131.571 -131.149 -130.766 -139.551 -139.346 -139.367 -139.78 -140.773 -131.67 -131.944 -131.401 -130.024 -129.439 -128.775 -131.781
