web/models/linear/47/-16_224_0_001.dat
# %ECSV 1.0
# ---
# datatype:
# - {name: time, datatype: float64}
# - {name: swift_uvot_uvw2, datatype: float64}
# - {name: swift_uvot_uvm2, datatype: float64}
# - {name: swift_uvot_uvw1, datatype: float64}
# - {name: swift_uvot_U, datatype: float64}
# - {name: swift_uvot_B, datatype: float64}
# - {name: swift_uvot_V, datatype: float64}
# - {name: swift_uvot_W, datatype: float64}
# - {name: johnson_U, datatype: float64}
# - {name: johnson_B, datatype: float64}
# - {name: johnson_V, datatype: float64}
# - {name: johnson_R, datatype: float64}
# - {name: johnson_I, datatype: float64}
# - {name: sdss_u, datatype: float64}
# - {name: sdss_g, datatype: float64}
# - {name: sdss_r, datatype: float64}
# - {name: sdss_i, datatype: float64}
# - {name: sdss_z, datatype: float64}
# - {name: PS1_g, datatype: float64}
# - {name: PS1_r, datatype: float64}
# - {name: PS1_i, datatype: float64}
# - {name: PS1_z, datatype: float64}
# - {name: PS1_Y, datatype: float64}
# - {name: PS1_w, datatype: float64}
# - {name: ATLAS_c, datatype: float64}
# - {name: ATLAS_o, datatype: float64}
# - {name: ukirt_J, datatype: float64}
# - {name: ukirt_H, datatype: float64}
# - {name: ukirt_K, datatype: float64}
# - {name: Clear, datatype: float64}
# meta: !!omap
# - comment: [M=-16.224489795918366, dM=0.001363753625603554]
# schema: astropy-2.0
time swift_uvot_uvw2 swift_uvot_uvm2 swift_uvot_uvw1 swift_uvot_U swift_uvot_B swift_uvot_V swift_uvot_W johnson_U johnson_B johnson_V johnson_R johnson_I sdss_u sdss_g sdss_r sdss_i sdss_z PS1_g PS1_r PS1_i PS1_z PS1_Y PS1_w ATLAS_c ATLAS_o ukirt_J ukirt_H ukirt_K Clear
0.0 -16.224489795918366 -16.224489795918366 -16.224489795918366 -16.224489795918366 -16.224489795918366 -16.224489795918366 -16.224489795918366 -16.224489795918366 -16.224489795918366 -16.224489795918366 -16.224489795918366 -16.224489795918366 -16.224489795918366 -16.224489795918366 -16.224489795918366 -16.224489795918366 -16.224489795918366 -16.224489795918366 -16.224489795918366 -16.224489795918366 -16.224489795918366 -16.224489795918366 -16.224489795918366 -16.224489795918366 -16.224489795918366 -16.224489795918366 -16.224489795918366 -16.224489795918366 -16.224489795918366
0.07537688442211055 -16.22438700041895 -16.22438700041895 -16.22438700041895 -16.22438700041895 -16.22438700041895 -16.22438700041895 -16.22438700041895 -16.22438700041895 -16.22438700041895 -16.22438700041895 -16.22438700041895 -16.22438700041895 -16.22438700041895 -16.22438700041895 -16.22438700041895 -16.22438700041895 -16.22438700041895 -16.22438700041895 -16.22438700041895 -16.22438700041895 -16.22438700041895 -16.22438700041895 -16.22438700041895 -16.22438700041895 -16.22438700041895 -16.22438700041895 -16.22438700041895 -16.22438700041895 -16.22438700041895
0.1507537688442211 -16.22428420491953 -16.22428420491953 -16.22428420491953 -16.22428420491953 -16.22428420491953 -16.22428420491953 -16.22428420491953 -16.22428420491953 -16.22428420491953 -16.22428420491953 -16.22428420491953 -16.22428420491953 -16.22428420491953 -16.22428420491953 -16.22428420491953 -16.22428420491953 -16.22428420491953 -16.22428420491953 -16.22428420491953 -16.22428420491953 -16.22428420491953 -16.22428420491953 -16.22428420491953 -16.22428420491953 -16.22428420491953 -16.22428420491953 -16.22428420491953 -16.22428420491953 -16.22428420491953
0.22613065326633164 -16.224181409420115 -16.224181409420115 -16.224181409420115 -16.224181409420115 -16.224181409420115 -16.224181409420115 -16.224181409420115 -16.224181409420115 -16.224181409420115 -16.224181409420115 -16.224181409420115 -16.224181409420115 -16.224181409420115 -16.224181409420115 -16.224181409420115 -16.224181409420115 -16.224181409420115 -16.224181409420115 -16.224181409420115 -16.224181409420115 -16.224181409420115 -16.224181409420115 -16.224181409420115 -16.224181409420115 -16.224181409420115 -16.224181409420115 -16.224181409420115 -16.224181409420115 -16.224181409420115
0.3015075376884422 -16.224078613920696 -16.224078613920696 -16.224078613920696 -16.224078613920696 -16.224078613920696 -16.224078613920696 -16.224078613920696 -16.224078613920696 -16.224078613920696 -16.224078613920696 -16.224078613920696 -16.224078613920696 -16.224078613920696 -16.224078613920696 -16.224078613920696 -16.224078613920696 -16.224078613920696 -16.224078613920696 -16.224078613920696 -16.224078613920696 -16.224078613920696 -16.224078613920696 -16.224078613920696 -16.224078613920696 -16.224078613920696 -16.224078613920696 -16.224078613920696 -16.224078613920696 -16.224078613920696
0.37688442211055273 -16.22397581842128 -16.22397581842128 -16.22397581842128 -16.22397581842128 -16.22397581842128 -16.22397581842128 -16.22397581842128 -16.22397581842128 -16.22397581842128 -16.22397581842128 -16.22397581842128 -16.22397581842128 -16.22397581842128 -16.22397581842128 -16.22397581842128 -16.22397581842128 -16.22397581842128 -16.22397581842128 -16.22397581842128 -16.22397581842128 -16.22397581842128 -16.22397581842128 -16.22397581842128 -16.22397581842128 -16.22397581842128 -16.22397581842128 -16.22397581842128 -16.22397581842128 -16.22397581842128
0.4522613065326633 -16.22387302292186 -16.22387302292186 -16.22387302292186 -16.22387302292186 -16.22387302292186 -16.22387302292186 -16.22387302292186 -16.22387302292186 -16.22387302292186 -16.22387302292186 -16.22387302292186 -16.22387302292186 -16.22387302292186 -16.22387302292186 -16.22387302292186 -16.22387302292186 -16.22387302292186 -16.22387302292186 -16.22387302292186 -16.22387302292186 -16.22387302292186 -16.22387302292186 -16.22387302292186 -16.22387302292186 -16.22387302292186 -16.22387302292186 -16.22387302292186 -16.22387302292186 -16.22387302292186
0.5276381909547738 -16.223770227422445 -16.223770227422445 -16.223770227422445 -16.223770227422445 -16.223770227422445 -16.223770227422445 -16.223770227422445 -16.223770227422445 -16.223770227422445 -16.223770227422445 -16.223770227422445 -16.223770227422445 -16.223770227422445 -16.223770227422445 -16.223770227422445 -16.223770227422445 -16.223770227422445 -16.223770227422445 -16.223770227422445 -16.223770227422445 -16.223770227422445 -16.223770227422445 -16.223770227422445 -16.223770227422445 -16.223770227422445 -16.223770227422445 -16.223770227422445 -16.223770227422445 -16.223770227422445
0.6030150753768844 -16.223667431923026 -16.223667431923026 -16.223667431923026 -16.223667431923026 -16.223667431923026 -16.223667431923026 -16.223667431923026 -16.223667431923026 -16.223667431923026 -16.223667431923026 -16.223667431923026 -16.223667431923026 -16.223667431923026 -16.223667431923026 -16.223667431923026 -16.223667431923026 -16.223667431923026 -16.223667431923026 -16.223667431923026 -16.223667431923026 -16.223667431923026 -16.223667431923026 -16.223667431923026 -16.223667431923026 -16.223667431923026 -16.223667431923026 -16.223667431923026 -16.223667431923026 -16.223667431923026
0.6783919597989949 -16.22356463642361 -16.22356463642361 -16.22356463642361 -16.22356463642361 -16.22356463642361 -16.22356463642361 -16.22356463642361 -16.22356463642361 -16.22356463642361 -16.22356463642361 -16.22356463642361 -16.22356463642361 -16.22356463642361 -16.22356463642361 -16.22356463642361 -16.22356463642361 -16.22356463642361 -16.22356463642361 -16.22356463642361 -16.22356463642361 -16.22356463642361 -16.22356463642361 -16.22356463642361 -16.22356463642361 -16.22356463642361 -16.22356463642361 -16.22356463642361 -16.22356463642361 -16.22356463642361
0.7537688442211055 -16.22346184092419 -16.22346184092419 -16.22346184092419 -16.22346184092419 -16.22346184092419 -16.22346184092419 -16.22346184092419 -16.22346184092419 -16.22346184092419 -16.22346184092419 -16.22346184092419 -16.22346184092419 -16.22346184092419 -16.22346184092419 -16.22346184092419 -16.22346184092419 -16.22346184092419 -16.22346184092419 -16.22346184092419 -16.22346184092419 -16.22346184092419 -16.22346184092419 -16.22346184092419 -16.22346184092419 -16.22346184092419 -16.22346184092419 -16.22346184092419 -16.22346184092419 -16.22346184092419
0.829145728643216 -16.223359045424775 -16.223359045424775 -16.223359045424775 -16.223359045424775 -16.223359045424775 -16.223359045424775 -16.223359045424775 -16.223359045424775 -16.223359045424775 -16.223359045424775 -16.223359045424775 -16.223359045424775 -16.223359045424775 -16.223359045424775 -16.223359045424775 -16.223359045424775 -16.223359045424775 -16.223359045424775 -16.223359045424775 -16.223359045424775 -16.223359045424775 -16.223359045424775 -16.223359045424775 -16.223359045424775 -16.223359045424775 -16.223359045424775 -16.223359045424775 -16.223359045424775 -16.223359045424775
0.9045226130653266 -16.223256249925356 -16.223256249925356 -16.223256249925356 -16.223256249925356 -16.223256249925356 -16.223256249925356 -16.223256249925356 -16.223256249925356 -16.223256249925356 -16.223256249925356 -16.223256249925356 -16.223256249925356 -16.223256249925356 -16.223256249925356 -16.223256249925356 -16.223256249925356 -16.223256249925356 -16.223256249925356 -16.223256249925356 -16.223256249925356 -16.223256249925356 -16.223256249925356 -16.223256249925356 -16.223256249925356 -16.223256249925356 -16.223256249925356 -16.223256249925356 -16.223256249925356 -16.223256249925356
0.9798994974874371 -16.22315345442594 -16.22315345442594 -16.22315345442594 -16.22315345442594 -16.22315345442594 -16.22315345442594 -16.22315345442594 -16.22315345442594 -16.22315345442594 -16.22315345442594 -16.22315345442594 -16.22315345442594 -16.22315345442594 -16.22315345442594 -16.22315345442594 -16.22315345442594 -16.22315345442594 -16.22315345442594 -16.22315345442594 -16.22315345442594 -16.22315345442594 -16.22315345442594 -16.22315345442594 -16.22315345442594 -16.22315345442594 -16.22315345442594 -16.22315345442594 -16.22315345442594 -16.22315345442594
1.0552763819095476 -16.223050658926525 -16.223050658926525 -16.223050658926525 -16.223050658926525 -16.223050658926525 -16.223050658926525 -16.223050658926525 -16.223050658926525 -16.223050658926525 -16.223050658926525 -16.223050658926525 -16.223050658926525 -16.223050658926525 -16.223050658926525 -16.223050658926525 -16.223050658926525 -16.223050658926525 -16.223050658926525 -16.223050658926525 -16.223050658926525 -16.223050658926525 -16.223050658926525 -16.223050658926525 -16.223050658926525 -16.223050658926525 -16.223050658926525 -16.223050658926525 -16.223050658926525 -16.223050658926525
1.1306532663316582 -16.222947863427105 -16.222947863427105 -16.222947863427105 -16.222947863427105 -16.222947863427105 -16.222947863427105 -16.222947863427105 -16.222947863427105 -16.222947863427105 -16.222947863427105 -16.222947863427105 -16.222947863427105 -16.222947863427105 -16.222947863427105 -16.222947863427105 -16.222947863427105 -16.222947863427105 -16.222947863427105 -16.222947863427105 -16.222947863427105 -16.222947863427105 -16.222947863427105 -16.222947863427105 -16.222947863427105 -16.222947863427105 -16.222947863427105 -16.222947863427105 -16.222947863427105 -16.222947863427105
1.2060301507537687 -16.22284506792769 -16.22284506792769 -16.22284506792769 -16.22284506792769 -16.22284506792769 -16.22284506792769 -16.22284506792769 -16.22284506792769 -16.22284506792769 -16.22284506792769 -16.22284506792769 -16.22284506792769 -16.22284506792769 -16.22284506792769 -16.22284506792769 -16.22284506792769 -16.22284506792769 -16.22284506792769 -16.22284506792769 -16.22284506792769 -16.22284506792769 -16.22284506792769 -16.22284506792769 -16.22284506792769 -16.22284506792769 -16.22284506792769 -16.22284506792769 -16.22284506792769 -16.22284506792769
1.2814070351758793 -16.22274227242827 -16.22274227242827 -16.22274227242827 -16.22274227242827 -16.22274227242827 -16.22274227242827 -16.22274227242827 -16.22274227242827 -16.22274227242827 -16.22274227242827 -16.22274227242827 -16.22274227242827 -16.22274227242827 -16.22274227242827 -16.22274227242827 -16.22274227242827 -16.22274227242827 -16.22274227242827 -16.22274227242827 -16.22274227242827 -16.22274227242827 -16.22274227242827 -16.22274227242827 -16.22274227242827 -16.22274227242827 -16.22274227242827 -16.22274227242827 -16.22274227242827 -16.22274227242827
1.3567839195979898 -16.222639476928855 -16.222639476928855 -16.222639476928855 -16.222639476928855 -16.222639476928855 -16.222639476928855 -16.222639476928855 -16.222639476928855 -16.222639476928855 -16.222639476928855 -16.222639476928855 -16.222639476928855 -16.222639476928855 -16.222639476928855 -16.222639476928855 -16.222639476928855 -16.222639476928855 -16.222639476928855 -16.222639476928855 -16.222639476928855 -16.222639476928855 -16.222639476928855 -16.222639476928855 -16.222639476928855 -16.222639476928855 -16.222639476928855 -16.222639476928855 -16.222639476928855 -16.222639476928855
1.4321608040201004 -16.222536681429435 -16.222536681429435 -16.222536681429435 -16.222536681429435 -16.222536681429435 -16.222536681429435 -16.222536681429435 -16.222536681429435 -16.222536681429435 -16.222536681429435 -16.222536681429435 -16.222536681429435 -16.222536681429435 -16.222536681429435 -16.222536681429435 -16.222536681429435 -16.222536681429435 -16.222536681429435 -16.222536681429435 -16.222536681429435 -16.222536681429435 -16.222536681429435 -16.222536681429435 -16.222536681429435 -16.222536681429435 -16.222536681429435 -16.222536681429435 -16.222536681429435 -16.222536681429435
1.507537688442211 -16.22243388593002 -16.22243388593002 -16.22243388593002 -16.22243388593002 -16.22243388593002 -16.22243388593002 -16.22243388593002 -16.22243388593002 -16.22243388593002 -16.22243388593002 -16.22243388593002 -16.22243388593002 -16.22243388593002 -16.22243388593002 -16.22243388593002 -16.22243388593002 -16.22243388593002 -16.22243388593002 -16.22243388593002 -16.22243388593002 -16.22243388593002 -16.22243388593002 -16.22243388593002 -16.22243388593002 -16.22243388593002 -16.22243388593002 -16.22243388593002 -16.22243388593002 -16.22243388593002
1.5829145728643215 -16.2223310904306 -16.2223310904306 -16.2223310904306 -16.2223310904306 -16.2223310904306 -16.2223310904306 -16.2223310904306 -16.2223310904306 -16.2223310904306 -16.2223310904306 -16.2223310904306 -16.2223310904306 -16.2223310904306 -16.2223310904306 -16.2223310904306 -16.2223310904306 -16.2223310904306 -16.2223310904306 -16.2223310904306 -16.2223310904306 -16.2223310904306 -16.2223310904306 -16.2223310904306 -16.2223310904306 -16.2223310904306 -16.2223310904306 -16.2223310904306 -16.2223310904306 -16.2223310904306
1.658291457286432 -16.222228294931185 -16.222228294931185 -16.222228294931185 -16.222228294931185 -16.222228294931185 -16.222228294931185 -16.222228294931185 -16.222228294931185 -16.222228294931185 -16.222228294931185 -16.222228294931185 -16.222228294931185 -16.222228294931185 -16.222228294931185 -16.222228294931185 -16.222228294931185 -16.222228294931185 -16.222228294931185 -16.222228294931185 -16.222228294931185 -16.222228294931185 -16.222228294931185 -16.222228294931185 -16.222228294931185 -16.222228294931185 -16.222228294931185 -16.222228294931185 -16.222228294931185 -16.222228294931185
1.7336683417085426 -16.222125499431765 -16.222125499431765 -16.222125499431765 -16.222125499431765 -16.222125499431765 -16.222125499431765 -16.222125499431765 -16.222125499431765 -16.222125499431765 -16.222125499431765 -16.222125499431765 -16.222125499431765 -16.222125499431765 -16.222125499431765 -16.222125499431765 -16.222125499431765 -16.222125499431765 -16.222125499431765 -16.222125499431765 -16.222125499431765 -16.222125499431765 -16.222125499431765 -16.222125499431765 -16.222125499431765 -16.222125499431765 -16.222125499431765 -16.222125499431765 -16.222125499431765 -16.222125499431765
1.809045226130653 -16.22202270393235 -16.22202270393235 -16.22202270393235 -16.22202270393235 -16.22202270393235 -16.22202270393235 -16.22202270393235 -16.22202270393235 -16.22202270393235 -16.22202270393235 -16.22202270393235 -16.22202270393235 -16.22202270393235 -16.22202270393235 -16.22202270393235 -16.22202270393235 -16.22202270393235 -16.22202270393235 -16.22202270393235 -16.22202270393235 -16.22202270393235 -16.22202270393235 -16.22202270393235 -16.22202270393235 -16.22202270393235 -16.22202270393235 -16.22202270393235 -16.22202270393235 -16.22202270393235
1.8844221105527637 -16.221919908432934 -16.221919908432934 -16.221919908432934 -16.221919908432934 -16.221919908432934 -16.221919908432934 -16.221919908432934 -16.221919908432934 -16.221919908432934 -16.221919908432934 -16.221919908432934 -16.221919908432934 -16.221919908432934 -16.221919908432934 -16.221919908432934 -16.221919908432934 -16.221919908432934 -16.221919908432934 -16.221919908432934 -16.221919908432934 -16.221919908432934 -16.221919908432934 -16.221919908432934 -16.221919908432934 -16.221919908432934 -16.221919908432934 -16.221919908432934 -16.221919908432934 -16.221919908432934
1.9597989949748742 -16.221817112933515 -16.221817112933515 -16.221817112933515 -16.221817112933515 -16.221817112933515 -16.221817112933515 -16.221817112933515 -16.221817112933515 -16.221817112933515 -16.221817112933515 -16.221817112933515 -16.221817112933515 -16.221817112933515 -16.221817112933515 -16.221817112933515 -16.221817112933515 -16.221817112933515 -16.221817112933515 -16.221817112933515 -16.221817112933515 -16.221817112933515 -16.221817112933515 -16.221817112933515 -16.221817112933515 -16.221817112933515 -16.221817112933515 -16.221817112933515 -16.221817112933515 -16.221817112933515
