web/models/linear/47/-16_224_0_010.dat
# %ECSV 1.0
# ---
# datatype:
# - {name: time, datatype: float64}
# - {name: swift_uvot_uvw2, datatype: float64}
# - {name: swift_uvot_uvm2, datatype: float64}
# - {name: swift_uvot_uvw1, datatype: float64}
# - {name: swift_uvot_U, datatype: float64}
# - {name: swift_uvot_B, datatype: float64}
# - {name: swift_uvot_V, datatype: float64}
# - {name: swift_uvot_W, datatype: float64}
# - {name: johnson_U, datatype: float64}
# - {name: johnson_B, datatype: float64}
# - {name: johnson_V, datatype: float64}
# - {name: johnson_R, datatype: float64}
# - {name: johnson_I, datatype: float64}
# - {name: sdss_u, datatype: float64}
# - {name: sdss_g, datatype: float64}
# - {name: sdss_r, datatype: float64}
# - {name: sdss_i, datatype: float64}
# - {name: sdss_z, datatype: float64}
# - {name: PS1_g, datatype: float64}
# - {name: PS1_r, datatype: float64}
# - {name: PS1_i, datatype: float64}
# - {name: PS1_z, datatype: float64}
# - {name: PS1_Y, datatype: float64}
# - {name: PS1_w, datatype: float64}
# - {name: ATLAS_c, datatype: float64}
# - {name: ATLAS_o, datatype: float64}
# - {name: ukirt_J, datatype: float64}
# - {name: ukirt_H, datatype: float64}
# - {name: ukirt_K, datatype: float64}
# - {name: Clear, datatype: float64}
# meta: !!omap
# - comment: [M=-16.224489795918366, dM=0.010245175126239792]
# schema: astropy-2.0
time swift_uvot_uvw2 swift_uvot_uvm2 swift_uvot_uvw1 swift_uvot_U swift_uvot_B swift_uvot_V swift_uvot_W johnson_U johnson_B johnson_V johnson_R johnson_I sdss_u sdss_g sdss_r sdss_i sdss_z PS1_g PS1_r PS1_i PS1_z PS1_Y PS1_w ATLAS_c ATLAS_o ukirt_J ukirt_H ukirt_K Clear
[from data line 164]
12.36180904522613 -16.09784089737289 -16.09784089737289 -16.09784089737289 -16.09784089737289 -16.09784089737289 -16.09784089737289 -16.09784089737289 -16.09784089737289 -16.09784089737289 -16.09784089737289 -16.09784089737289 -16.09784089737289 -16.09784089737289 -16.09784089737289 -16.09784089737289 -16.09784089737289 -16.09784089737289 -16.09784089737289 -16.09784089737289 -16.09784089737289 -16.09784089737289 -16.09784089737289 -16.09784089737289 -16.09784089737289 -16.09784089737289 -16.09784089737289 -16.09784089737289 -16.09784089737289 -16.09784089737289
12.43718592964824 -16.097068647991513 -16.097068647991513 -16.097068647991513 -16.097068647991513 -16.097068647991513 -16.097068647991513 -16.097068647991513 -16.097068647991513 -16.097068647991513 -16.097068647991513 -16.097068647991513 -16.097068647991513 -16.097068647991513 -16.097068647991513 -16.097068647991513 -16.097068647991513 -16.097068647991513 -16.097068647991513 -16.097068647991513 -16.097068647991513 -16.097068647991513 -16.097068647991513 -16.097068647991513 -16.097068647991513 -16.097068647991513 -16.097068647991513 -16.097068647991513 -16.097068647991513 -16.097068647991513
12.51256281407035 -16.09629639861014 -16.09629639861014 -16.09629639861014 -16.09629639861014 -16.09629639861014 -16.09629639861014 -16.09629639861014 -16.09629639861014 -16.09629639861014 -16.09629639861014 -16.09629639861014 -16.09629639861014 -16.09629639861014 -16.09629639861014 -16.09629639861014 -16.09629639861014 -16.09629639861014 -16.09629639861014 -16.09629639861014 -16.09629639861014 -16.09629639861014 -16.09629639861014 -16.09629639861014 -16.09629639861014 -16.09629639861014 -16.09629639861014 -16.09629639861014 -16.09629639861014 -16.09629639861014
12.58793969849246 -16.095524149228766 -16.095524149228766 -16.095524149228766 -16.095524149228766 -16.095524149228766 -16.095524149228766 -16.095524149228766 -16.095524149228766 -16.095524149228766 -16.095524149228766 -16.095524149228766 -16.095524149228766 -16.095524149228766 -16.095524149228766 -16.095524149228766 -16.095524149228766 -16.095524149228766 -16.095524149228766 -16.095524149228766 -16.095524149228766 -16.095524149228766 -16.095524149228766 -16.095524149228766 -16.095524149228766 -16.095524149228766 -16.095524149228766 -16.095524149228766 -16.095524149228766 -16.095524149228766
12.663316582914572 -16.094751899847388 -16.094751899847388 -16.094751899847388 -16.094751899847388 -16.094751899847388 -16.094751899847388 -16.094751899847388 -16.094751899847388 -16.094751899847388 -16.094751899847388 -16.094751899847388 -16.094751899847388 -16.094751899847388 -16.094751899847388 -16.094751899847388 -16.094751899847388 -16.094751899847388 -16.094751899847388 -16.094751899847388 -16.094751899847388 -16.094751899847388 -16.094751899847388 -16.094751899847388 -16.094751899847388 -16.094751899847388 -16.094751899847388 -16.094751899847388 -16.094751899847388 -16.094751899847388
12.738693467336683 -16.093979650466014 -16.093979650466014 -16.093979650466014 -16.093979650466014 -16.093979650466014 -16.093979650466014 -16.093979650466014 -16.093979650466014 -16.093979650466014 -16.093979650466014 -16.093979650466014 -16.093979650466014 -16.093979650466014 -16.093979650466014 -16.093979650466014 -16.093979650466014 -16.093979650466014 -16.093979650466014 -16.093979650466014 -16.093979650466014 -16.093979650466014 -16.093979650466014 -16.093979650466014 -16.093979650466014 -16.093979650466014 -16.093979650466014 -16.093979650466014 -16.093979650466014 -16.093979650466014
12.814070351758794 -16.09320740108464 -16.09320740108464 -16.09320740108464 -16.09320740108464 -16.09320740108464 -16.09320740108464 -16.09320740108464 -16.09320740108464 -16.09320740108464 -16.09320740108464 -16.09320740108464 -16.09320740108464 -16.09320740108464 -16.09320740108464 -16.09320740108464 -16.09320740108464 -16.09320740108464 -16.09320740108464 -16.09320740108464 -16.09320740108464 -16.09320740108464 -16.09320740108464 -16.09320740108464 -16.09320740108464 -16.09320740108464 -16.09320740108464 -16.09320740108464 -16.09320740108464 -16.09320740108464
12.889447236180903 -16.092435151703267 -16.092435151703267 -16.092435151703267 -16.092435151703267 -16.092435151703267 -16.092435151703267 -16.092435151703267 -16.092435151703267 -16.092435151703267 -16.092435151703267 -16.092435151703267 -16.092435151703267 -16.092435151703267 -16.092435151703267 -16.092435151703267 -16.092435151703267 -16.092435151703267 -16.092435151703267 -16.092435151703267 -16.092435151703267 -16.092435151703267 -16.092435151703267 -16.092435151703267 -16.092435151703267 -16.092435151703267 -16.092435151703267 -16.092435151703267 -16.092435151703267 -16.092435151703267
12.964824120603014 -16.09166290232189 -16.09166290232189 -16.09166290232189 -16.09166290232189 -16.09166290232189 -16.09166290232189 -16.09166290232189 -16.09166290232189 -16.09166290232189 -16.09166290232189 -16.09166290232189 -16.09166290232189 -16.09166290232189 -16.09166290232189 -16.09166290232189 -16.09166290232189 -16.09166290232189 -16.09166290232189 -16.09166290232189 -16.09166290232189 -16.09166290232189 -16.09166290232189 -16.09166290232189 -16.09166290232189 -16.09166290232189 -16.09166290232189 -16.09166290232189 -16.09166290232189 -16.09166290232189
13.040201005025125 -16.090890652940516 -16.090890652940516 -16.090890652940516 -16.090890652940516 -16.090890652940516 -16.090890652940516 -16.090890652940516 -16.090890652940516 -16.090890652940516 -16.090890652940516 -16.090890652940516 -16.090890652940516 -16.090890652940516 -16.090890652940516 -16.090890652940516 -16.090890652940516 -16.090890652940516 -16.090890652940516 -16.090890652940516 -16.090890652940516 -16.090890652940516 -16.090890652940516 -16.090890652940516 -16.090890652940516 -16.090890652940516 -16.090890652940516 -16.090890652940516 -16.090890652940516 -16.090890652940516
13.115577889447234 -16.090118403559142 -16.090118403559142 -16.090118403559142 -16.090118403559142 -16.090118403559142 -16.090118403559142 -16.090118403559142 -16.090118403559142 -16.090118403559142 -16.090118403559142 -16.090118403559142 -16.090118403559142 -16.090118403559142 -16.090118403559142 -16.090118403559142 -16.090118403559142 -16.090118403559142 -16.090118403559142 -16.090118403559142 -16.090118403559142 -16.090118403559142 -16.090118403559142 -16.090118403559142 -16.090118403559142 -16.090118403559142 -16.090118403559142 -16.090118403559142 -16.090118403559142 -16.090118403559142
13.190954773869345 -16.089346154177765 -16.089346154177765 -16.089346154177765 -16.089346154177765 -16.089346154177765 -16.089346154177765 -16.089346154177765 -16.089346154177765 -16.089346154177765 -16.089346154177765 -16.089346154177765 -16.089346154177765 -16.089346154177765 -16.089346154177765 -16.089346154177765 -16.089346154177765 -16.089346154177765 -16.089346154177765 -16.089346154177765 -16.089346154177765 -16.089346154177765 -16.089346154177765 -16.089346154177765 -16.089346154177765 -16.089346154177765 -16.089346154177765 -16.089346154177765 -16.089346154177765 -16.089346154177765
13.266331658291456 -16.08857390479639 -16.08857390479639 -16.08857390479639 -16.08857390479639 -16.08857390479639 -16.08857390479639 -16.08857390479639 -16.08857390479639 -16.08857390479639 -16.08857390479639 -16.08857390479639 -16.08857390479639 -16.08857390479639 -16.08857390479639 -16.08857390479639 -16.08857390479639 -16.08857390479639 -16.08857390479639 -16.08857390479639 -16.08857390479639 -16.08857390479639 -16.08857390479639 -16.08857390479639 -16.08857390479639 -16.08857390479639 -16.08857390479639 -16.08857390479639 -16.08857390479639 -16.08857390479639
13.341708542713567 -16.087801655415017 -16.087801655415017 -16.087801655415017 -16.087801655415017 -16.087801655415017 -16.087801655415017 -16.087801655415017 -16.087801655415017 -16.087801655415017 -16.087801655415017 -16.087801655415017 -16.087801655415017 -16.087801655415017 -16.087801655415017 -16.087801655415017 -16.087801655415017 -16.087801655415017 -16.087801655415017 -16.087801655415017 -16.087801655415017 -16.087801655415017 -16.087801655415017 -16.087801655415017 -16.087801655415017 -16.087801655415017 -16.087801655415017 -16.087801655415017 -16.087801655415017 -16.087801655415017
13.417085427135678 -16.08702940603364 -16.08702940603364 -16.08702940603364 -16.08702940603364 -16.08702940603364 -16.08702940603364 -16.08702940603364 -16.08702940603364 -16.08702940603364 -16.08702940603364 -16.08702940603364 -16.08702940603364 -16.08702940603364 -16.08702940603364 -16.08702940603364 -16.08702940603364 -16.08702940603364 -16.08702940603364 -16.08702940603364 -16.08702940603364 -16.08702940603364 -16.08702940603364 -16.08702940603364 -16.08702940603364 -16.08702940603364 -16.08702940603364 -16.08702940603364 -16.08702940603364 -16.08702940603364
13.492462311557787 -16.086257156652266 -16.086257156652266 -16.086257156652266 -16.086257156652266 -16.086257156652266 -16.086257156652266 -16.086257156652266 -16.086257156652266 -16.086257156652266 -16.086257156652266 -16.086257156652266 -16.086257156652266 -16.086257156652266 -16.086257156652266 -16.086257156652266 -16.086257156652266 -16.086257156652266 -16.086257156652266 -16.086257156652266 -16.086257156652266 -16.086257156652266 -16.086257156652266 -16.086257156652266 -16.086257156652266 -16.086257156652266 -16.086257156652266 -16.086257156652266 -16.086257156652266 -16.086257156652266
13.567839195979898 -16.085484907270892 -16.085484907270892 -16.085484907270892 -16.085484907270892 -16.085484907270892 -16.085484907270892 -16.085484907270892 -16.085484907270892 -16.085484907270892 -16.085484907270892 -16.085484907270892 -16.085484907270892 -16.085484907270892 -16.085484907270892 -16.085484907270892 -16.085484907270892 -16.085484907270892 -16.085484907270892 -16.085484907270892 -16.085484907270892 -16.085484907270892 -16.085484907270892 -16.085484907270892 -16.085484907270892 -16.085484907270892 -16.085484907270892 -16.085484907270892 -16.085484907270892 -16.085484907270892
13.64321608040201 -16.084712657889515 -16.084712657889515 -16.084712657889515 -16.084712657889515 -16.084712657889515 -16.084712657889515 -16.084712657889515 -16.084712657889515 -16.084712657889515 -16.084712657889515 -16.084712657889515 -16.084712657889515 -16.084712657889515 -16.084712657889515 -16.084712657889515 -16.084712657889515 -16.084712657889515 -16.084712657889515 -16.084712657889515 -16.084712657889515 -16.084712657889515 -16.084712657889515 -16.084712657889515 -16.084712657889515 -16.084712657889515 -16.084712657889515 -16.084712657889515 -16.084712657889515 -16.084712657889515
13.718592964824118 -16.08394040850814 -16.08394040850814 -16.08394040850814 -16.08394040850814 -16.08394040850814 -16.08394040850814 -16.08394040850814 -16.08394040850814 -16.08394040850814 -16.08394040850814 -16.08394040850814 -16.08394040850814 -16.08394040850814 -16.08394040850814 -16.08394040850814 -16.08394040850814 -16.08394040850814 -16.08394040850814 -16.08394040850814 -16.08394040850814 -16.08394040850814 -16.08394040850814 -16.08394040850814 -16.08394040850814 -16.08394040850814 -16.08394040850814 -16.08394040850814 -16.08394040850814 -16.08394040850814
13.79396984924623 -16.083168159126767 -16.083168159126767 -16.083168159126767 -16.083168159126767 -16.083168159126767 -16.083168159126767 -16.083168159126767 -16.083168159126767 -16.083168159126767 -16.083168159126767 -16.083168159126767 -16.083168159126767 -16.083168159126767 -16.083168159126767 -16.083168159126767 -16.083168159126767 -16.083168159126767 -16.083168159126767 -16.083168159126767 -16.083168159126767 -16.083168159126767 -16.083168159126767 -16.083168159126767 -16.083168159126767 -16.083168159126767 -16.083168159126767 -16.083168159126767 -16.083168159126767 -16.083168159126767
13.86934673366834 -16.082395909745394 -16.082395909745394 -16.082395909745394 -16.082395909745394 -16.082395909745394 -16.082395909745394 -16.082395909745394 -16.082395909745394 -16.082395909745394 -16.082395909745394 -16.082395909745394 -16.082395909745394 -16.082395909745394 -16.082395909745394 -16.082395909745394 -16.082395909745394 -16.082395909745394 -16.082395909745394 -16.082395909745394 -16.082395909745394 -16.082395909745394 -16.082395909745394 -16.082395909745394 -16.082395909745394 -16.082395909745394 -16.082395909745394 -16.082395909745394 -16.082395909745394 -16.082395909745394
13.944723618090451 -16.081623660364016 -16.081623660364016 -16.081623660364016 -16.081623660364016 -16.081623660364016 -16.081623660364016 -16.081623660364016 -16.081623660364016 -16.081623660364016 -16.081623660364016 -16.081623660364016 -16.081623660364016 -16.081623660364016 -16.081623660364016 -16.081623660364016 -16.081623660364016 -16.081623660364016 -16.081623660364016 -16.081623660364016 -16.081623660364016 -16.081623660364016 -16.081623660364016 -16.081623660364016 -16.081623660364016 -16.081623660364016 -16.081623660364016 -16.081623660364016 -16.081623660364016 -16.081623660364016
14.020100502512562 -16.080851410982643 -16.080851410982643 -16.080851410982643 -16.080851410982643 -16.080851410982643 -16.080851410982643 -16.080851410982643 -16.080851410982643 -16.080851410982643 -16.080851410982643 -16.080851410982643 -16.080851410982643 -16.080851410982643 -16.080851410982643 -16.080851410982643 -16.080851410982643 -16.080851410982643 -16.080851410982643 -16.080851410982643 -16.080851410982643 -16.080851410982643 -16.080851410982643 -16.080851410982643 -16.080851410982643 -16.080851410982643 -16.080851410982643 -16.080851410982643 -16.080851410982643 -16.080851410982643
14.095477386934672 -16.08007916160127 -16.08007916160127 -16.08007916160127 -16.08007916160127 -16.08007916160127 -16.08007916160127 -16.08007916160127 -16.08007916160127 -16.08007916160127 -16.08007916160127 -16.08007916160127 -16.08007916160127 -16.08007916160127 -16.08007916160127 -16.08007916160127 -16.08007916160127 -16.08007916160127 -16.08007916160127 -16.08007916160127 -16.08007916160127 -16.08007916160127 -16.08007916160127 -16.08007916160127 -16.08007916160127 -16.08007916160127 -16.08007916160127 -16.08007916160127 -16.08007916160127 -16.08007916160127
14.170854271356783 -16.07930691221989 -16.07930691221989 -16.07930691221989 -16.07930691221989 -16.07930691221989 -16.07930691221989 -16.07930691221989 -16.07930691221989 -16.07930691221989 -16.07930691221989 -16.07930691221989 -16.07930691221989 -16.07930691221989 -16.07930691221989 -16.07930691221989 -16.07930691221989 -16.07930691221989 -16.07930691221989 -16.07930691221989 -16.07930691221989 -16.07930691221989 -16.07930691221989 -16.07930691221989 -16.07930691221989 -16.07930691221989 -16.07930691221989 -16.07930691221989 -16.07930691221989 -16.07930691221989
14.246231155778894 -16.078534662838518 -16.078534662838518 -16.078534662838518 -16.078534662838518 -16.078534662838518 -16.078534662838518 -16.078534662838518 -16.078534662838518 -16.078534662838518 -16.078534662838518 -16.078534662838518 -16.078534662838518 -16.078534662838518 -16.078534662838518 -16.078534662838518 -16.078534662838518 -16.078534662838518 -16.078534662838518 -16.078534662838518 -16.078534662838518 -16.078534662838518 -16.078534662838518 -16.078534662838518 -16.078534662838518 -16.078534662838518 -16.078534662838518 -16.078534662838518 -16.078534662838518 -16.078534662838518
