web/models/linear/47/-16_224_0_016.dat
# %ECSV 1.0
# ---
# datatype:
# - {name: time, datatype: float64}
# - {name: swift_uvot_uvw2, datatype: float64}
# - {name: swift_uvot_uvm2, datatype: float64}
# - {name: swift_uvot_uvw1, datatype: float64}
# - {name: swift_uvot_U, datatype: float64}
# - {name: swift_uvot_B, datatype: float64}
# - {name: swift_uvot_V, datatype: float64}
# - {name: swift_uvot_W, datatype: float64}
# - {name: johnson_U, datatype: float64}
# - {name: johnson_B, datatype: float64}
# - {name: johnson_V, datatype: float64}
# - {name: johnson_R, datatype: float64}
# - {name: johnson_I, datatype: float64}
# - {name: sdss_u, datatype: float64}
# - {name: sdss_g, datatype: float64}
# - {name: sdss_r, datatype: float64}
# - {name: sdss_i, datatype: float64}
# - {name: sdss_z, datatype: float64}
# - {name: PS1_g, datatype: float64}
# - {name: PS1_r, datatype: float64}
# - {name: PS1_i, datatype: float64}
# - {name: PS1_z, datatype: float64}
# - {name: PS1_Y, datatype: float64}
# - {name: PS1_w, datatype: float64}
# - {name: ATLAS_c, datatype: float64}
# - {name: ATLAS_o, datatype: float64}
# - {name: ukirt_J, datatype: float64}
# - {name: ukirt_H, datatype: float64}
# - {name: ukirt_K, datatype: float64}
# - {name: Clear, datatype: float64}
# meta: !!omap
# - comment: [M=-16.224489795918366, dM=0.01631635942893885]
# schema: astropy-2.0
time swift_uvot_uvw2 swift_uvot_uvm2 swift_uvot_uvw1 swift_uvot_U swift_uvot_B swift_uvot_V swift_uvot_W johnson_U johnson_B johnson_V johnson_R johnson_I sdss_u sdss_g sdss_r sdss_i sdss_z PS1_g PS1_r PS1_i PS1_z PS1_Y PS1_w ATLAS_c ATLAS_o ukirt_J ukirt_H ukirt_K Clear
[from data line 164]
12.36180904522613 -16.02279007634455 -16.02279007634455 -16.02279007634455 -16.02279007634455 -16.02279007634455 -16.02279007634455 -16.02279007634455 -16.02279007634455 -16.02279007634455 -16.02279007634455 -16.02279007634455 -16.02279007634455 -16.02279007634455 -16.02279007634455 -16.02279007634455 -16.02279007634455 -16.02279007634455 -16.02279007634455 -16.02279007634455 -16.02279007634455 -16.02279007634455 -16.02279007634455 -16.02279007634455 -16.02279007634455 -16.02279007634455 -16.02279007634455 -16.02279007634455 -16.02279007634455 -16.02279007634455
12.43718592964824 -16.021560200005684 -16.021560200005684 -16.021560200005684 -16.021560200005684 -16.021560200005684 -16.021560200005684 -16.021560200005684 -16.021560200005684 -16.021560200005684 -16.021560200005684 -16.021560200005684 -16.021560200005684 -16.021560200005684 -16.021560200005684 -16.021560200005684 -16.021560200005684 -16.021560200005684 -16.021560200005684 -16.021560200005684 -16.021560200005684 -16.021560200005684 -16.021560200005684 -16.021560200005684 -16.021560200005684 -16.021560200005684 -16.021560200005684 -16.021560200005684 -16.021560200005684 -16.021560200005684
12.51256281407035 -16.02033032366682 -16.02033032366682 -16.02033032366682 -16.02033032366682 -16.02033032366682 -16.02033032366682 -16.02033032366682 -16.02033032366682 -16.02033032366682 -16.02033032366682 -16.02033032366682 -16.02033032366682 -16.02033032366682 -16.02033032366682 -16.02033032366682 -16.02033032366682 -16.02033032366682 -16.02033032366682 -16.02033032366682 -16.02033032366682 -16.02033032366682 -16.02033032366682 -16.02033032366682 -16.02033032366682 -16.02033032366682 -16.02033032366682 -16.02033032366682 -16.02033032366682 -16.02033032366682
12.58793969849246 -16.019100447327954 -16.019100447327954 -16.019100447327954 -16.019100447327954 -16.019100447327954 -16.019100447327954 -16.019100447327954 -16.019100447327954 -16.019100447327954 -16.019100447327954 -16.019100447327954 -16.019100447327954 -16.019100447327954 -16.019100447327954 -16.019100447327954 -16.019100447327954 -16.019100447327954 -16.019100447327954 -16.019100447327954 -16.019100447327954 -16.019100447327954 -16.019100447327954 -16.019100447327954 -16.019100447327954 -16.019100447327954 -16.019100447327954 -16.019100447327954 -16.019100447327954 -16.019100447327954
12.663316582914572 -16.01787057098909 -16.01787057098909 -16.01787057098909 -16.01787057098909 -16.01787057098909 -16.01787057098909 -16.01787057098909 -16.01787057098909 -16.01787057098909 -16.01787057098909 -16.01787057098909 -16.01787057098909 -16.01787057098909 -16.01787057098909 -16.01787057098909 -16.01787057098909 -16.01787057098909 -16.01787057098909 -16.01787057098909 -16.01787057098909 -16.01787057098909 -16.01787057098909 -16.01787057098909 -16.01787057098909 -16.01787057098909 -16.01787057098909 -16.01787057098909 -16.01787057098909 -16.01787057098909
12.738693467336683 -16.016640694650224 -16.016640694650224 -16.016640694650224 -16.016640694650224 -16.016640694650224 -16.016640694650224 -16.016640694650224 -16.016640694650224 -16.016640694650224 -16.016640694650224 -16.016640694650224 -16.016640694650224 -16.016640694650224 -16.016640694650224 -16.016640694650224 -16.016640694650224 -16.016640694650224 -16.016640694650224 -16.016640694650224 -16.016640694650224 -16.016640694650224 -16.016640694650224 -16.016640694650224 -16.016640694650224 -16.016640694650224 -16.016640694650224 -16.016640694650224 -16.016640694650224 -16.016640694650224
12.814070351758794 -16.01541081831136 -16.01541081831136 -16.01541081831136 -16.01541081831136 -16.01541081831136 -16.01541081831136 -16.01541081831136 -16.01541081831136 -16.01541081831136 -16.01541081831136 -16.01541081831136 -16.01541081831136 -16.01541081831136 -16.01541081831136 -16.01541081831136 -16.01541081831136 -16.01541081831136 -16.01541081831136 -16.01541081831136 -16.01541081831136 -16.01541081831136 -16.01541081831136 -16.01541081831136 -16.01541081831136 -16.01541081831136 -16.01541081831136 -16.01541081831136 -16.01541081831136 -16.01541081831136
12.889447236180903 -16.014180941972494 -16.014180941972494 -16.014180941972494 -16.014180941972494 -16.014180941972494 -16.014180941972494 -16.014180941972494 -16.014180941972494 -16.014180941972494 -16.014180941972494 -16.014180941972494 -16.014180941972494 -16.014180941972494 -16.014180941972494 -16.014180941972494 -16.014180941972494 -16.014180941972494 -16.014180941972494 -16.014180941972494 -16.014180941972494 -16.014180941972494 -16.014180941972494 -16.014180941972494 -16.014180941972494 -16.014180941972494 -16.014180941972494 -16.014180941972494 -16.014180941972494 -16.014180941972494
12.964824120603014 -16.012951065633633 -16.012951065633633 -16.012951065633633 -16.012951065633633 -16.012951065633633 -16.012951065633633 -16.012951065633633 -16.012951065633633 -16.012951065633633 -16.012951065633633 -16.012951065633633 -16.012951065633633 -16.012951065633633 -16.012951065633633 -16.012951065633633 -16.012951065633633 -16.012951065633633 -16.012951065633633 -16.012951065633633 -16.012951065633633 -16.012951065633633 -16.012951065633633 -16.012951065633633 -16.012951065633633 -16.012951065633633 -16.012951065633633 -16.012951065633633 -16.012951065633633 -16.012951065633633
13.040201005025125 -16.011721189294768 -16.011721189294768 -16.011721189294768 -16.011721189294768 -16.011721189294768 -16.011721189294768 -16.011721189294768 -16.011721189294768 -16.011721189294768 -16.011721189294768 -16.011721189294768 -16.011721189294768 -16.011721189294768 -16.011721189294768 -16.011721189294768 -16.011721189294768 -16.011721189294768 -16.011721189294768 -16.011721189294768 -16.011721189294768 -16.011721189294768 -16.011721189294768 -16.011721189294768 -16.011721189294768 -16.011721189294768 -16.011721189294768 -16.011721189294768 -16.011721189294768 -16.011721189294768
13.115577889447234 -16.010491312955903 -16.010491312955903 -16.010491312955903 -16.010491312955903 -16.010491312955903 -16.010491312955903 -16.010491312955903 -16.010491312955903 -16.010491312955903 -16.010491312955903 -16.010491312955903 -16.010491312955903 -16.010491312955903 -16.010491312955903 -16.010491312955903 -16.010491312955903 -16.010491312955903 -16.010491312955903 -16.010491312955903 -16.010491312955903 -16.010491312955903 -16.010491312955903 -16.010491312955903 -16.010491312955903 -16.010491312955903 -16.010491312955903 -16.010491312955903 -16.010491312955903 -16.010491312955903
13.190954773869345 -16.009261436617038 -16.009261436617038 -16.009261436617038 -16.009261436617038 -16.009261436617038 -16.009261436617038 -16.009261436617038 -16.009261436617038 -16.009261436617038 -16.009261436617038 -16.009261436617038 -16.009261436617038 -16.009261436617038 -16.009261436617038 -16.009261436617038 -16.009261436617038 -16.009261436617038 -16.009261436617038 -16.009261436617038 -16.009261436617038 -16.009261436617038 -16.009261436617038 -16.009261436617038 -16.009261436617038 -16.009261436617038 -16.009261436617038 -16.009261436617038 -16.009261436617038 -16.009261436617038
13.266331658291456 -16.008031560278173 -16.008031560278173 -16.008031560278173 -16.008031560278173 -16.008031560278173 -16.008031560278173 -16.008031560278173 -16.008031560278173 -16.008031560278173 -16.008031560278173 -16.008031560278173 -16.008031560278173 -16.008031560278173 -16.008031560278173 -16.008031560278173 -16.008031560278173 -16.008031560278173 -16.008031560278173 -16.008031560278173 -16.008031560278173 -16.008031560278173 -16.008031560278173 -16.008031560278173 -16.008031560278173 -16.008031560278173 -16.008031560278173 -16.008031560278173 -16.008031560278173 -16.008031560278173
13.341708542713567 -16.006801683939308 -16.006801683939308 -16.006801683939308 -16.006801683939308 -16.006801683939308 -16.006801683939308 -16.006801683939308 -16.006801683939308 -16.006801683939308 -16.006801683939308 -16.006801683939308 -16.006801683939308 -16.006801683939308 -16.006801683939308 -16.006801683939308 -16.006801683939308 -16.006801683939308 -16.006801683939308 -16.006801683939308 -16.006801683939308 -16.006801683939308 -16.006801683939308 -16.006801683939308 -16.006801683939308 -16.006801683939308 -16.006801683939308 -16.006801683939308 -16.006801683939308 -16.006801683939308
13.417085427135678 -16.005571807600443 -16.005571807600443 -16.005571807600443 -16.005571807600443 -16.005571807600443 -16.005571807600443 -16.005571807600443 -16.005571807600443 -16.005571807600443 -16.005571807600443 -16.005571807600443 -16.005571807600443 -16.005571807600443 -16.005571807600443 -16.005571807600443 -16.005571807600443 -16.005571807600443 -16.005571807600443 -16.005571807600443 -16.005571807600443 -16.005571807600443 -16.005571807600443 -16.005571807600443 -16.005571807600443 -16.005571807600443 -16.005571807600443 -16.005571807600443 -16.005571807600443 -16.005571807600443
13.492462311557787 -16.00434193126158 -16.00434193126158 -16.00434193126158 -16.00434193126158 -16.00434193126158 -16.00434193126158 -16.00434193126158 -16.00434193126158 -16.00434193126158 -16.00434193126158 -16.00434193126158 -16.00434193126158 -16.00434193126158 -16.00434193126158 -16.00434193126158 -16.00434193126158 -16.00434193126158 -16.00434193126158 -16.00434193126158 -16.00434193126158 -16.00434193126158 -16.00434193126158 -16.00434193126158 -16.00434193126158 -16.00434193126158 -16.00434193126158 -16.00434193126158 -16.00434193126158 -16.00434193126158
13.567839195979898 -16.003112054922713 -16.003112054922713 -16.003112054922713 -16.003112054922713 -16.003112054922713 -16.003112054922713 -16.003112054922713 -16.003112054922713 -16.003112054922713 -16.003112054922713 -16.003112054922713 -16.003112054922713 -16.003112054922713 -16.003112054922713 -16.003112054922713 -16.003112054922713 -16.003112054922713 -16.003112054922713 -16.003112054922713 -16.003112054922713 -16.003112054922713 -16.003112054922713 -16.003112054922713 -16.003112054922713 -16.003112054922713 -16.003112054922713 -16.003112054922713 -16.003112054922713 -16.003112054922713
13.64321608040201 -16.00188217858385 -16.00188217858385 -16.00188217858385 -16.00188217858385 -16.00188217858385 -16.00188217858385 -16.00188217858385 -16.00188217858385 -16.00188217858385 -16.00188217858385 -16.00188217858385 -16.00188217858385 -16.00188217858385 -16.00188217858385 -16.00188217858385 -16.00188217858385 -16.00188217858385 -16.00188217858385 -16.00188217858385 -16.00188217858385 -16.00188217858385 -16.00188217858385 -16.00188217858385 -16.00188217858385 -16.00188217858385 -16.00188217858385 -16.00188217858385 -16.00188217858385 -16.00188217858385
13.718592964824118 -16.000652302244983 -16.000652302244983 -16.000652302244983 -16.000652302244983 -16.000652302244983 -16.000652302244983 -16.000652302244983 -16.000652302244983 -16.000652302244983 -16.000652302244983 -16.000652302244983 -16.000652302244983 -16.000652302244983 -16.000652302244983 -16.000652302244983 -16.000652302244983 -16.000652302244983 -16.000652302244983 -16.000652302244983 -16.000652302244983 -16.000652302244983 -16.000652302244983 -16.000652302244983 -16.000652302244983 -16.000652302244983 -16.000652302244983 -16.000652302244983 -16.000652302244983 -16.000652302244983
13.79396984924623 -15.999422425906118 -15.999422425906118 -15.999422425906118 -15.999422425906118 -15.999422425906118 -15.999422425906118 -15.999422425906118 -15.999422425906118 -15.999422425906118 -15.999422425906118 -15.999422425906118 -15.999422425906118 -15.999422425906118 -15.999422425906118 -15.999422425906118 -15.999422425906118 -15.999422425906118 -15.999422425906118 -15.999422425906118 -15.999422425906118 -15.999422425906118 -15.999422425906118 -15.999422425906118 -15.999422425906118 -15.999422425906118 -15.999422425906118 -15.999422425906118 -15.999422425906118 -15.999422425906118
13.86934673366834 -15.998192549567255 -15.998192549567255 -15.998192549567255 -15.998192549567255 -15.998192549567255 -15.998192549567255 -15.998192549567255 -15.998192549567255 -15.998192549567255 -15.998192549567255 -15.998192549567255 -15.998192549567255 -15.998192549567255 -15.998192549567255 -15.998192549567255 -15.998192549567255 -15.998192549567255 -15.998192549567255 -15.998192549567255 -15.998192549567255 -15.998192549567255 -15.998192549567255 -15.998192549567255 -15.998192549567255 -15.998192549567255 -15.998192549567255 -15.998192549567255 -15.998192549567255 -15.998192549567255
13.944723618090451 -15.99696267322839 -15.99696267322839 -15.99696267322839 -15.99696267322839 -15.99696267322839 -15.99696267322839 -15.99696267322839 -15.99696267322839 -15.99696267322839 -15.99696267322839 -15.99696267322839 -15.99696267322839 -15.99696267322839 -15.99696267322839 -15.99696267322839 -15.99696267322839 -15.99696267322839 -15.99696267322839 -15.99696267322839 -15.99696267322839 -15.99696267322839 -15.99696267322839 -15.99696267322839 -15.99696267322839 -15.99696267322839 -15.99696267322839 -15.99696267322839 -15.99696267322839 -15.99696267322839
14.020100502512562 -15.995732796889525 -15.995732796889525 -15.995732796889525 -15.995732796889525 -15.995732796889525 -15.995732796889525 -15.995732796889525 -15.995732796889525 -15.995732796889525 -15.995732796889525 -15.995732796889525 -15.995732796889525 -15.995732796889525 -15.995732796889525 -15.995732796889525 -15.995732796889525 -15.995732796889525 -15.995732796889525 -15.995732796889525 -15.995732796889525 -15.995732796889525 -15.995732796889525 -15.995732796889525 -15.995732796889525 -15.995732796889525 -15.995732796889525 -15.995732796889525 -15.995732796889525 -15.995732796889525
14.095477386934672 -15.99450292055066 -15.99450292055066 -15.99450292055066 -15.99450292055066 -15.99450292055066 -15.99450292055066 -15.99450292055066 -15.99450292055066 -15.99450292055066 -15.99450292055066 -15.99450292055066 -15.99450292055066 -15.99450292055066 -15.99450292055066 -15.99450292055066 -15.99450292055066 -15.99450292055066 -15.99450292055066 -15.99450292055066 -15.99450292055066 -15.99450292055066 -15.99450292055066 -15.99450292055066 -15.99450292055066 -15.99450292055066 -15.99450292055066 -15.99450292055066 -15.99450292055066 -15.99450292055066
14.170854271356783 -15.993273044211795 -15.993273044211795 -15.993273044211795 -15.993273044211795 -15.993273044211795 -15.993273044211795 -15.993273044211795 -15.993273044211795 -15.993273044211795 -15.993273044211795 -15.993273044211795 -15.993273044211795 -15.993273044211795 -15.993273044211795 -15.993273044211795 -15.993273044211795 -15.993273044211795 -15.993273044211795 -15.993273044211795 -15.993273044211795 -15.993273044211795 -15.993273044211795 -15.993273044211795 -15.993273044211795 -15.993273044211795 -15.993273044211795 -15.993273044211795 -15.993273044211795 -15.993273044211795
14.246231155778894 -15.99204316787293 -15.99204316787293 -15.99204316787293 -15.99204316787293 -15.99204316787293 -15.99204316787293 -15.99204316787293 -15.99204316787293 -15.99204316787293 -15.99204316787293 -15.99204316787293 -15.99204316787293 -15.99204316787293 -15.99204316787293 -15.99204316787293 -15.99204316787293 -15.99204316787293 -15.99204316787293 -15.99204316787293 -15.99204316787293 -15.99204316787293 -15.99204316787293 -15.99204316787293 -15.99204316787293 -15.99204316787293 -15.99204316787293 -15.99204316787293 -15.99204316787293 -15.99204316787293
14.321608040201003 -15.990813291534065 -15.990813291534065 -15.990813291534065 -15.990813291534065 -15.990813291534065 -15.990813291534065 -15.990813291534065 -15.990813291534065 -15.990813291534065 -15.990813291534065 -15.990813291534065 -15.990813291534065 -15.990813291534065 -15.990813291534065 -15.990813291534065 -15.990813291534065 -15.990813291534065 -15.990813291534065 -15.990813291534065 -15.990813291534065 -15.990813291534065 -15.990813291534065 -15.990813291534065 -15.990813291534065 -15.990813291534065 -15.990813291534065 -15.990813291534065 -15.990813291534065 -15.990813291534065
