web/models/grb/onaxis/25/grb_0.0000_2.6827_0.0100000.dat
# %ECSV 1.0
# ---
# datatype:
# - {name: time, datatype: float64}
# - {name: swift_uvot_uvw2, datatype: float64}
# - {name: swift_uvot_uvm2, datatype: float64}
# - {name: swift_uvot_uvw1, datatype: float64}
# - {name: swift_uvot_U, datatype: float64}
# - {name: swift_uvot_B, datatype: float64}
# - {name: swift_uvot_V, datatype: float64}
# - {name: swift_uvot_W, datatype: float64}
# - {name: johnson_U, datatype: float64}
# - {name: johnson_B, datatype: float64}
# - {name: johnson_V, datatype: float64}
# - {name: johnson_R, datatype: float64}
# - {name: johnson_I, datatype: float64}
# - {name: sdss_u, datatype: float64}
# - {name: sdss_g, datatype: float64}
# - {name: sdss_r, datatype: float64}
# - {name: sdss_i, datatype: float64}
# - {name: sdss_z, datatype: float64}
# - {name: PS1_g, datatype: float64}
# - {name: PS1_r, datatype: float64}
# - {name: PS1_i, datatype: float64}
# - {name: PS1_z, datatype: float64}
# - {name: PS1_Y, datatype: float64}
# - {name: PS1_w, datatype: float64}
# - {name: ATLAS_c, datatype: float64}
# - {name: ATLAS_o, datatype: float64}
# - {name: ukirt_J, datatype: float64}
# - {name: ukirt_H, datatype: float64}
# - {name: ukirt_K, datatype: float64}
# - {name: Clear, datatype: float64}
# meta: !!omap
# - comment: [E = 0.0011641960487160344, Eta0 = 8.02, GammaB = 12.0, dL = 0.012188, epsb = 6.760829753919819e-06, epse = 0.1, n = 0.01,
#     p = 2.15, theta_obs = 0.0, xiN = 1.0, z = 0.0, type = grb, E_kiso = 2.6826957952797246]
# schema: astropy-2.0
time swift_uvot_uvw2 swift_uvot_uvm2 swift_uvot_uvw1 swift_uvot_U swift_uvot_B swift_uvot_V swift_uvot_W johnson_U johnson_B johnson_V johnson_R johnson_I sdss_u sdss_g sdss_r sdss_i sdss_z PS1_g PS1_r PS1_i PS1_z PS1_Y PS1_w ATLAS_c ATLAS_o ukirt_J ukirt_H ukirt_K Clear
[from data line 322]
21.5478 4.694 4.744 4.669 4.476 4.333 4.194 4.555 4.453 4.331 4.189 4.049 3.9 4.458 4.286 4.114 3.993 3.883 4.222 4.08 3.96 3.861 3.692 4.116 4.212 4.059 3.671 3.501 3.311 4.026
22.0676 4.735 4.785 4.71 4.517 4.374 4.235 4.596 4.494 4.372 4.23 4.09 3.941 4.499 4.327 4.155 4.034 3.924 4.263 4.121 4.001 3.902 3.733 4.157 4.253 4.1 3.712 3.542 3.352 4.067
22.5999 4.776 4.826 4.751 4.558 4.415 4.276 4.637 4.535 4.413 4.271 4.131 3.982 4.541 4.368 4.196 4.075 3.965 4.304 4.162 4.042 3.943 3.774 4.198 4.294 4.141 3.753 3.583 3.393 4.108
23.1451 4.817 4.866 4.791 4.598 4.456 4.317 4.678 4.576 4.453 4.312 4.171 4.023 4.581 4.408 4.237 4.116 4.005 4.345 4.202 4.082 3.983 3.815 4.239 4.334 4.181 3.793 3.624 3.434 4.149
23.7034 4.855 4.905 4.83 4.637 4.494 4.355 4.716 4.614 4.492 4.35 4.21 4.061 4.619 4.447 4.275 4.154 4.044 4.383 4.24 4.121 4.022 3.853 4.277 4.372 4.22 3.832 3.662 3.472 4.187
24.2752 4.894 4.943 4.868 4.675 4.533 4.394 4.754 4.653 4.53 4.388 4.248 4.099 4.658 4.485 4.313 4.193 4.082 4.421 4.279 4.159 4.06 3.892 4.316 4.411 4.258 3.87 3.701 3.51 4.225
24.8608 4.932 4.981 4.907 4.714 4.571 4.432 4.793 4.691 4.569 4.427 4.286 4.138 4.696 4.524 4.352 4.231 4.12 4.46 4.317 4.198 4.098 3.93 4.354 4.449 4.296 3.909 3.739 3.549 4.264
25.4606 4.97 5.02 4.945 4.752 4.61 4.471 4.831 4.73 4.607 4.465 4.325 4.176 4.735 4.562 4.39 4.27 4.159 4.498 4.356 4.236 4.137 3.969 4.393 4.488 4.335 3.947 3.778 3.587 4.302
26.0748 5.009 5.058 4.983 4.79 4.648 4.509 4.87 4.768 4.646 4.504 4.363 4.215 4.773 4.601 4.429 4.308 4.197 4.537 4.394 4.274 4.175 4.007 4.431 4.526 4.373 3.985 3.816 3.626 4.341
26.7038 5.047 5.097 5.022 4.829 4.687 4.547 4.908 4.807 4.684 4.542 4.402 4.253 4.812 4.639 4.467 4.346 4.236 4.575 4.433 4.313 4.214 4.046 4.469 4.565 4.412 4.024 3.855 3.664 4.379
27.3479 5.086 5.135 5.06 4.867 4.725 4.586 4.947 4.845 4.723 4.581 4.44 4.292 4.85 4.677 4.506 4.385 4.274 4.614 4.471 4.351 4.252 4.084 4.508 4.603 4.45 4.062 3.893 3.703 4.418
28.0077 5.124 5.174 5.099 4.906 4.763 4.624 4.985 4.883 4.761 4.619 4.479 4.33 4.888 4.716 4.544 4.423 4.313 4.652 4.51 4.39 4.291 4.122 4.546 4.641 4.489 4.101 3.931 3.741 4.456
28.6833 5.163 5.212 5.137 4.944 4.802 4.663 5.024 4.922 4.799 4.658 4.517 4.368 4.927 4.754 4.582 4.462 4.351 4.691 4.548 4.428 4.329 4.161 4.585 4.68 4.527 4.139 3.97 3.779 4.494
29.3752 5.202 5.252 5.177 4.984 4.842 4.702 5.063 4.962 4.839 4.697 4.557 4.408 4.967 4.794 4.622 4.501 4.391 4.73 4.588 4.468 4.369 4.201 4.624 4.72 4.567 4.179 4.01 3.819 4.534
30.0838 5.244 5.294 5.219 5.026 4.884 4.744 5.105 5.004 4.881 4.739 4.599 4.45 5.009 4.836 4.664 4.543 4.433 4.772 4.63 4.51 4.411 4.243 4.666 4.762 4.609 4.221 4.052 3.861 4.576
30.8096 5.286 5.336 5.261 5.068 4.926 4.786 5.147 5.046 4.923 4.781 4.641 4.492 5.051 4.878 4.706 4.585 4.475 4.814 4.672 4.552 4.453 4.285 4.708 4.804 4.651 4.263 4.094 3.903 4.618
31.5528 5.328 5.378 5.303 5.11 4.967 4.828 5.189 5.088 4.965 4.823 4.683 4.534 5.093 4.92 4.748 4.627 4.517 4.856 4.714 4.594 4.495 4.327 4.75 4.846 4.693 4.305 4.135 3.945 4.66
32.3139 5.37 5.42 5.345 5.152 5.009 4.87 5.231 5.129 5.007 4.865 4.725 4.576 5.135 4.962 4.79 4.669 4.559 4.898 4.756 4.636 4.537 4.368 4.792 4.888 4.735 4.347 4.177 3.987 4.702
33.0935 5.412 5.462 5.387 5.194 5.051 4.912 5.273 5.171 5.049 4.907 4.767 4.618 5.176 5.004 4.832 4.711 4.601 4.94 4.798 4.678 4.579 4.41 4.834 4.93 4.777 4.389 4.219 4.029 4.744
33.8918 5.454 5.504 5.429 5.236 5.093 4.954 5.315 5.213 5.091 4.949 4.809 4.66 5.218 5.046 4.874 4.753 4.643 4.982 4.84 4.72 4.621 4.452 4.876 4.971 4.819 4.431 4.261 4.071 4.786
34.7093 5.496 5.546 5.471 5.278 5.135 4.996 5.357 5.255 5.133 4.991 4.851 4.702 5.26 5.088 4.916 4.795 4.685 5.024 4.882 4.762 4.663 4.494 4.918 5.013 4.861 4.473 4.303 4.113 4.828
35.5466 5.538 5.588 5.513 5.32 5.177 5.038 5.399 5.297 5.175 5.033 4.893 4.744 5.302 5.13 4.958 4.837 4.727 5.066 4.924 4.804 4.705 4.536 4.96 5.055 4.903 4.515 4.345 4.155 4.87
36.4041 5.58 5.63 5.555 5.362 5.219 5.08 5.441 5.339 5.217 5.075 4.935 4.786 5.344 5.172 5.0 4.879 4.769 5.108 4.965 4.846 4.747 4.578 5.002 5.097 4.945 4.557 4.387 4.197 4.912
37.2823 5.62 5.669 5.594 5.401 5.259 5.12 5.48 5.379 5.256 5.115 4.974 4.825 5.384 5.211 5.039 4.919 4.808 5.148 5.005 4.885 4.786 4.618 5.042 5.137 4.984 4.596 4.427 4.236 4.951
38.1817 5.657 5.706 5.631 5.438 5.296 5.157 5.518 5.416 5.293 5.152 5.011 4.863 5.421 5.248 5.077 4.956 4.845 5.185 5.042 4.922 4.823 4.655 5.079 5.174 5.021 4.633 4.464 4.274 4.989
39.1028 5.694 5.743 5.668 5.475 5.333 5.194 5.555 5.453 5.331 5.189 5.048 4.9 5.458 5.285 5.114 4.993 4.882 5.222 5.079 4.959 4.86 4.692 5.116 5.211 5.058 4.67 4.501 4.311 5.026
40.046 5.731 5.78 5.705 5.512 5.37 5.231 5.592 5.49 5.368 5.226 5.085 4.937 5.495 5.323 5.151 5.03 4.919 5.259 5.116 4.996 4.897 4.729 5.153 5.248 5.095 4.707 4.538 4.348 5.063
41.0121 5.768 5.817 5.743 5.55 5.407 5.268 5.629 5.527 5.405 5.263 5.122 4.974 5.532 5.36 5.188 5.067 4.956 5.296 5.153 5.033 4.934 4.766 5.19 5.285 5.132 4.744 4.575 4.385 5.1
42.0014 5.805 5.854 5.78 5.587 5.444 5.305 5.666 5.564 5.442 5.3 5.159 5.011 5.569 5.397 5.225 5.104 4.994 5.333 5.19 5.071 4.972 4.803 5.227 5.322 5.17 4.782 4.612 4.422 5.137
43.0146 5.842 5.892 5.817 5.624 5.481 5.342 5.703 5.601 5.479 5.337 5.197 5.048 5.606 5.434 5.262 5.141 5.031 5.37 5.227 5.108 5.009 4.84 5.264 5.359 5.207 4.819 4.649 4.459 5.174
44.0523 5.879 5.929 5.854 5.661 5.518 5.379 5.74 5.638 5.516 5.374 5.234 5.085 5.643 5.471 5.299 5.178 5.068 5.407 5.265 5.145 5.046 4.877 5.301 5.396 5.244 4.856 4.686 4.496 5.211
45.1149 5.916 5.966 5.891 5.698 5.555 5.416 5.777 5.676 5.553 5.411 5.271 5.122 5.681 5.508 5.336 5.215 5.105 5.444 5.302 5.182 5.083 4.915 5.338 5.434 5.281 4.893 4.723 4.533 5.248
46.2033 5.953 6.003 5.928 5.735 5.593 5.453 5.814 5.713 5.59 5.448 5.308 5.159 5.718 5.545 5.373 5.252 5.142 5.481 5.339 5.219 5.12 4.952 5.375 5.471 5.318 4.93 4.761 4.57 5.285
47.3178 5.99 6.039 5.964 5.771 5.629 5.49 5.851 5.749 5.626 5.485 5.344 5.196 5.754 5.581 5.41 5.289 5.178 5.518 5.375 5.255 5.156 4.988 5.412 5.507 5.354 4.966 4.797 4.607 5.322
48.4593 6.026 6.075 6.0 5.807 5.665 5.526 5.886 5.785 5.662 5.521 5.38 5.231 5.79 5.617 5.445 5.325 5.214 5.554 5.411 5.291 5.192 5.024 5.448 5.543 5.39 5.002 4.833 4.642 5.357
49.6283 6.062 6.111 6.036 5.843 5.701 5.562 5.922 5.821 5.698 5.556 5.416 5.267 5.826 5.653 5.481 5.361 5.25 5.589 5.447 5.327 5.228 5.06 5.484 5.579 5.426 5.038 4.869 4.678 5.393
50.8255 6.097 6.147 6.072 5.879 5.737 5.598 5.958 5.857 5.734 5.592 5.452 5.303 5.862 5.689 5.517 5.397 5.286 5.625 5.483 5.363 5.264 5.096 5.52 5.615 5.462 5.074 4.905 4.714 5.429
52.0515 6.133 6.183 6.108 5.915 5.773 5.633 5.994 5.893 5.77 5.628 5.488 5.339 5.898 5.725 5.553 5.433 5.322 5.661 5.519 5.399 5.3 5.132 5.555 5.651 5.498 5.11 4.941 4.75 5.465
53.3072 6.169 6.219 6.144 5.951 5.809 5.669 6.03 5.929 5.806 5.664 5.524 5.375 5.934 5.761 5.589 5.468 5.358 5.697 5.555 5.435 5.336 5.168 5.591 5.687 5.534 5.146 4.977 4.786 5.501
54.5931 6.205 6.255 6.18 5.987 5.844 5.705 6.066 5.964 5.842 5.7 5.56 5.411 5.969 5.797 5.625 5.504 5.394 5.733 5.591 5.471 5.372 5.203 5.627 5.723 5.57 5.182 5.012 4.822 5.537
55.9101 6.241 6.291 6.216 6.023 5.88 5.741 6.102 6.0 5.878 5.736 5.596 5.447 6.005 5.833 5.661 5.54 5.43 5.769 5.627 5.507 5.408 5.239 5.663 5.758 5.606 5.218 5.048 4.858 5.573
57.2588 6.277 6.326 6.252 6.059 5.916 5.777 6.138 6.036 5.914 5.772 5.632 5.483 6.041 5.869 5.697 5.576 5.466 5.805 5.662 5.543 5.444 5.275 5.699 5.794 5.642 5.254 5.084 4.894 5.609
58.6401 6.313 6.362 6.288 6.095 5.952 5.813 6.174 6.072 5.95 5.808 5.667 5.519 6.077 5.905 5.733 5.612 5.501 5.841 5.698 5.579 5.48 5.311 5.735 5.83 5.677 5.29 5.12 4.93 5.645
60.0546 6.349 6.399 6.324 6.131 5.989 5.85 6.21 6.109 5.986 5.844 5.704 5.555 6.114 5.941 5.769 5.649 5.538 5.877 5.735 5.615 5.516 5.348 5.772 5.867 5.714 5.326 5.157 4.966 5.681
61.5034 6.386 6.435 6.361 6.168 6.025 5.886 6.247 6.145 6.023 5.881 5.74 5.592 6.15 5.978 5.806 5.685 5.575 5.914 5.771 5.652 5.553 5.384 5.808 5.903 5.751 5.363 5.193 5.003 5.718
62.987 6.423 6.472 6.397 6.204 6.062 5.923 6.283 6.182 6.059 5.918 5.777 5.628 6.187 6.014 5.842 5.722 5.611 5.951 5.808 5.688 5.589 5.421 5.845 5.94 5.787 5.399 5.23 5.039 5.754
64.5065 6.459 6.509 6.434 6.241 6.098 5.959 6.32 6.218 6.096 5.954 5.814 5.665 6.223 6.051 5.879 5.758 5.648 5.987 5.845 5.725 5.626 5.457 5.881 5.976 5.824 5.436 5.266 5.076 5.791
66.0626 6.496 6.545 6.47 6.277 6.135 5.996 6.357 6.255 6.133 5.991 5.85 5.702 6.26 6.087 5.916 5.795 5.684 6.024 5.881 5.761 5.662 5.494 5.918 6.013 5.86 5.472 5.303 5.113 5.828
67.6562 6.532 6.582 6.507 6.314 6.172 6.032 6.393 6.292 6.169 6.027 5.887 5.738 6.297 6.124 5.952 5.831 5.721 6.06 5.918 5.798 5.699 5.531 5.954 6.05 5.897 5.509 5.34 5.149 5.864
69.2883 6.569 6.618 6.544 6.351 6.208 6.069 6.43 6.328 6.206 6.064 5.923 5.775 6.333 6.161 5.989 5.868 5.757 6.097 5.954 5.834 5.735 5.567 5.991 6.086 5.933 5.545 5.376 5.186 5.901
70.9597 6.605 6.655 6.58 6.387 6.245 6.106 6.466 6.365 6.242 6.1 5.96 5.811 6.37 6.197 6.025 5.905 5.794 6.133 5.991 5.871 5.772 5.604 6.028 6.123 5.97 5.582 5.413 5.222 5.937
72.6715 6.642 6.692 6.617 6.424 6.281 6.142 6.503 6.401 6.279 6.137 5.997 5.848 6.406 6.234 6.062 5.941 5.831 6.17 6.027 5.908 5.809 5.64 6.064 6.159 6.007 5.619 5.449 5.259 5.974
74.4246 6.679 6.728 6.653 6.46 6.318 6.179 6.54 6.438 6.315 6.174 6.033 5.885 6.443 6.27 6.099 5.978 5.867 6.207 6.064 5.944 5.845 5.677 6.101 6.196 6.043 5.655 5.486 5.296 6.011
76.2199 6.713 6.762 6.687 6.494 6.352 6.213 6.574 6.472 6.35 6.208 6.067 5.919 6.477 6.305 6.133 6.012 5.901 6.241 6.098 5.978 5.879 5.711 6.135 6.23 6.077 5.689 5.52 5.33 6.045
78.0586 6.747 6.796 6.721 6.528 6.386 6.247 6.608 6.506 6.384 6.242 6.101 5.953 6.511 6.339 6.167 6.046 5.935 6.275 6.132 6.012 5.913 5.745 6.169 6.264 6.111 5.723 5.554 5.364 6.079
79.9416 6.781 6.83 6.755 6.563 6.42 6.281 6.642 6.54 6.418 6.276 6.135 5.987 6.545 6.373 6.201 6.08 5.969 6.309 6.166 6.046 5.947 5.779 6.203 6.298 6.145 5.757 5.588 5.398 6.113
81.87 6.815 6.864 6.789 6.597 6.454 6.315 6.676 6.574 6.452 6.31 6.169 6.021 6.579 6.407 6.235 6.114 6.003 6.343 6.2 6.08 5.981 5.813 6.237 6.332 6.179 5.791 5.622 5.432 6.147
83.845 6.849 6.898 6.824 6.631 6.488 6.349 6.71 6.608 6.486 6.344 6.203 6.055 6.613 6.441 6.269 6.148 6.037 6.377 6.234 6.114 6.015 5.847 6.271 6.366 6.213 5.825 5.656 5.466 6.181
85.8676 6.883 6.932 6.858 6.665 6.522 6.383 6.744 6.642 6.52 6.378 6.237 6.089 6.647 6.475 6.303 6.182 6.071 6.411 6.268 6.148 6.049 5.881 6.305 6.4 6.247 5.859 5.69 5.5 6.215
87.939 6.917 6.966 6.892 6.699 6.556 6.417 6.778 6.676 6.554 6.412 6.271 6.123 6.681 6.509 6.337 6.216 6.105 6.445 6.302 6.183 6.083 5.915 6.339 6.434 6.281 5.894 5.724 5.534 6.249
90.0604 6.951 7.0 6.926 6.733 6.59 6.451 6.812 6.71 6.588 6.446 6.305 6.157 6.715 6.543 6.371 6.25 6.139 6.479 6.336 6.217 6.117 5.949 6.373 6.468 6.315 5.928 5.758 5.568 6.283
92.2329 6.985 7.034 6.96 6.767 6.624 6.485 6.846 6.744 6.622 6.48 6.339 6.191 6.749 6.577 6.405 6.284 6.174 6.513 6.37 6.251 6.152 5.983 6.407 6.502 6.35 5.962 5.792 5.602 6.317
94.4579 7.019 7.068 6.993 6.8 6.658 6.519 6.88 6.778 6.656 6.514 6.373 6.225 6.783 6.61 6.439 6.318 6.207 6.547 6.404 6.284 6.185 6.017 6.441 6.536 6.383 5.995 5.826 5.636 6.351
96.7365 7.05 7.099 7.024 6.831 6.689 6.55 6.911 6.809 6.686 6.545 6.404 6.256 6.814 6.641 6.47 6.349 6.238 6.578 6.435 6.315 6.216 6.048 6.472 6.567 6.414 6.026 5.857 5.667 6.382
99.0701 7.081 7.13 7.055 6.862 6.72 6.581 6.941 6.84 6.717 6.576 6.435 6.286 6.845 6.672 6.5 6.38 6.269 6.609 6.466 6.346 6.247 6.079 6.503 6.598 6.445 6.057 5.888 5.697 6.412
101.4599 7.111 7.161 7.086 6.893 6.751 6.612 6.972 6.871 6.748 6.606 6.466 6.317 6.876 6.703 6.531 6.411 6.3 6.639 6.497 6.377 6.278 6.11 6.534 6.629 6.476 6.088 5.919 5.728 6.443
103.9075 7.142 7.192 7.117 6.924 6.782 6.643 7.003 6.902 6.779 6.637 6.497 6.348 6.907 6.734 6.562 6.442 6.331 6.67 6.528 6.408 6.309 6.141 6.565 6.66 6.507 6.119 5.95 5.759 6.474
106.4141 7.173 7.223 7.148 6.955 6.813 6.673 7.034 6.933 6.81 6.668 6.528 6.379 6.938 6.765 6.593 6.472 6.362 6.701 6.559 6.439 6.34 6.172 6.595 6.691 6.538 6.15 5.981 5.79 6.505
108.9811 7.204 7.254 7.179 6.986 6.843 6.704 7.065 6.963 6.841 6.699 6.559 6.41 6.969 6.796 6.624 6.503 6.393 6.732 6.59 6.47 6.371 6.202 6.626 6.722 6.569 6.181 6.011 5.821 6.536
111.6101 7.235 7.285 7.21 7.017 6.874 6.735 7.096 6.994 6.872 6.73 6.59 6.441 6.999 6.827 6.655 6.534 6.424 6.763 6.621 6.501 6.402 6.233 6.657 6.752 6.6 6.212 6.042 5.852 6.567
114.3025 7.266 7.315 7.241 7.048 6.905 6.766 7.127 7.025 6.903 6.761 6.621 6.472 7.03 6.858 6.686 6.565 6.455 6.794 6.651 6.532 6.433 6.264 6.688 6.783 6.631 6.243 6.073 5.883 6.598
117.0598 7.297 7.346 7.272 7.079 6.936 6.797 7.158 7.056 6.934 6.792 6.651 6.503 7.061 6.889 6.717 6.596 6.485 6.825 6.682 6.563 6.463 6.295 6.719 6.814 6.661 6.274 6.104 5.914 6.629
119.8836 7.328 7.377 7.303 7.11 6.967 6.828 7.189 7.087 6.965 6.823 6.682 6.534 7.092 6.92 6.748 6.627 6.516 6.856 6.713 6.593 6.494 6.326 6.75 6.845 6.692 6.304 6.135 5.945 6.66
122.7756 7.359 7.408 7.334 7.141 6.998 6.859 7.22 7.118 6.996 6.854 6.713 6.565 7.123 6.951 6.779 6.658 6.548 6.887 6.744 6.625 6.526 6.357 6.781 6.876 6.724 6.336 6.166 5.976 6.691
125.7373 7.39 7.44 7.365 7.172 7.029 6.89 7.251 7.149 7.027 6.885 6.745 6.596 7.154 6.982 6.81 6.689 6.579 6.918 6.775 6.656 6.557 6.388 6.812 6.907 6.755 6.367 6.197 6.007 6.722
128.7705 7.421 7.471 7.396 7.203 7.06 6.921 7.282 7.18 7.058 6.916 6.776 6.627 7.185 7.013 6.841 6.72 6.61 6.949 6.807 6.687 6.588 6.419 6.843 6.938 6.786 6.398 6.228 6.038 6.753
131.8769 7.452 7.502 7.427 7.234 7.092 6.952 7.313 7.212 7.089 6.947 6.807 6.658 7.217 7.044 6.872 6.751 6.641 6.98 6.838 6.718 6.619 6.451 6.874 6.97 6.817 6.429 6.26 6.069 6.784
135.0582 7.483 7.533 7.458 7.265 7.123 6.983 7.344 7.243 7.12 6.978 6.838 6.689 7.248 7.075 6.903 6.783 6.672 7.011 6.869 6.749 6.65 6.482 6.905 7.001 6.848 6.46 6.291 6.1 6.815
138.3162 7.514 7.564 7.489 7.296 7.154 7.015 7.375 7.274 7.151 7.009 6.869 6.72 7.279 7.106 6.934 6.814 6.703 7.042 6.9 6.78 6.681 6.513 6.937 7.032 6.879 6.491 6.322 6.131 6.846
141.6528 7.546 7.595 7.52 7.327 7.185 7.046 7.406 7.305 7.182 7.041 6.9 6.751 7.31 7.137 6.965 6.845 6.734 7.073 6.931 6.811 6.712 6.544 6.968 7.063 6.91 6.522 6.353 6.162 6.877
145.0699 7.577 7.626 7.551 7.358 7.216 7.077 7.438 7.336 7.213 7.072 6.931 6.783 7.341 7.168 6.996 6.876 6.765 7.105 6.962 6.842 6.743 6.575 6.999 7.094 6.941 6.553 6.384 6.194 6.909
148.5695 7.608 7.657 7.582 7.389 7.247 7.108 7.469 7.367 7.245 7.103 6.962 6.814 7.372 7.199 7.028 6.907 6.796 7.136 6.993 6.873 6.774 6.606 7.03 7.125 6.972 6.584 6.415 6.225 6.94
152.1534 7.644 7.693 7.619 7.426 7.283 7.144 7.505 7.403 7.281 7.139 6.998 6.85 7.408 7.236 7.064 6.943 6.833 7.172 7.029 6.91 6.811 6.642 7.066 7.161 7.009 6.621 6.451 6.261 6.976
155.8238 7.689 7.739 7.664 7.471 7.328 7.189 7.55 7.448 7.326 7.184 7.044 6.895 7.453 7.281 7.109 6.988 6.878 7.217 7.075 6.955 6.856 6.687 7.111 7.206 7.054 6.666 6.496 6.306 7.021
159.5828 7.734 7.784 7.709 7.516 7.374 7.234 7.595 7.494 7.371 7.229 7.089 6.94 7.499 7.326 7.154 7.033 6.923 7.262 7.12 7.0 6.901 6.733 7.156 7.252 7.099 6.711 6.542 6.351 7.066
163.4324 7.779 7.829 7.754 7.561 7.419 7.28 7.64 7.539 7.416 7.274 7.134 6.985 7.544 7.371 7.199 7.079 6.968 7.307 7.165 7.045 6.946 6.778 7.202 7.297 7.144 6.756 6.587 6.396 7.111
167.375 7.825 7.874 7.799 7.606 7.464 7.325 7.685 7.584 7.461 7.32 7.179 7.03 7.589 7.416 7.244 7.124 7.013 7.353 7.21 7.09 6.991 6.823 7.247 7.342 7.189 6.801 6.632 6.441 7.156
171.4126 7.87 7.919 7.844 7.651 7.509 7.37 7.731 7.629 7.507 7.365 7.224 7.076 7.634 7.461 7.29 7.169 7.058 7.398 7.255 7.135 7.036 6.868 7.292 7.387 7.234 6.846 6.677 6.487 7.202
175.5476 7.915 7.964 7.889 7.697 7.554 7.415 7.776 7.674 7.552 7.41 7.269 7.121 7.679 7.507 7.335 7.214 7.103 7.443 7.3 7.18 7.081 6.913 7.337 7.432 7.279 6.891 6.722 6.532 7.247
