web/models/grb/onaxis/25/grb_0.0000_0.7197_0.2511886.dat
# %ECSV 1.0
# ---
# datatype:
# - {name: time, datatype: float64}
# - {name: swift_uvot_uvw2, datatype: float64}
# - {name: swift_uvot_uvm2, datatype: float64}
# - {name: swift_uvot_uvw1, datatype: float64}
# - {name: swift_uvot_U, datatype: float64}
# - {name: swift_uvot_B, datatype: float64}
# - {name: swift_uvot_V, datatype: float64}
# - {name: swift_uvot_W, datatype: float64}
# - {name: johnson_U, datatype: float64}
# - {name: johnson_B, datatype: float64}
# - {name: johnson_V, datatype: float64}
# - {name: johnson_R, datatype: float64}
# - {name: johnson_I, datatype: float64}
# - {name: sdss_u, datatype: float64}
# - {name: sdss_g, datatype: float64}
# - {name: sdss_r, datatype: float64}
# - {name: sdss_i, datatype: float64}
# - {name: sdss_z, datatype: float64}
# - {name: PS1_g, datatype: float64}
# - {name: PS1_r, datatype: float64}
# - {name: PS1_i, datatype: float64}
# - {name: PS1_z, datatype: float64}
# - {name: PS1_Y, datatype: float64}
# - {name: PS1_w, datatype: float64}
# - {name: ATLAS_c, datatype: float64}
# - {name: ATLAS_o, datatype: float64}
# - {name: ukirt_J, datatype: float64}
# - {name: ukirt_H, datatype: float64}
# - {name: ukirt_K, datatype: float64}
# - {name: Clear, datatype: float64}
# meta: !!omap
# - comment: [E = 0.0003123183844771778, Eta0 = 8.02, GammaB = 12.0, dL = 0.012188, epsb = 6.760829753919819e-06, epse = 0.1, n = 0.25118864315095824,
#     p = 2.15, theta_obs = 0.0, xiN = 1.0, z = 0.0, type = grb, E_kiso = 0.7196856730011522]
# schema: astropy-2.0
time swift_uvot_uvw2 swift_uvot_uvm2 swift_uvot_uvw1 swift_uvot_U swift_uvot_B swift_uvot_V swift_uvot_W johnson_U johnson_B johnson_V johnson_R johnson_I sdss_u sdss_g sdss_r sdss_i sdss_z PS1_g PS1_r PS1_i PS1_z PS1_Y PS1_w ATLAS_c ATLAS_o ukirt_J ukirt_H ukirt_K Clear
[from data line 489]
1154.0304 46.818 46.867 46.792 46.599 46.457 46.318 46.679 46.577 46.454 46.313 46.172 46.024 46.582 46.409 46.237 46.117 46.006 46.346 46.203 46.083 45.984 45.816 46.24 46.335 46.182 45.794 45.625 45.435 46.15
1181.8693 47.152 47.202 47.127 46.934 46.792 46.653 47.013 46.912 46.789 46.647 46.507 46.358 46.917 46.744 46.572 46.452 46.341 46.68 46.538 46.418 46.319 46.151 46.575 46.67 46.517 46.129 45.96 45.769 46.484
1210.3797 47.487 47.537 47.462 47.269 47.127 46.987 47.348 47.247 47.124 46.982 46.842 46.693 47.252 47.079 46.907 46.786 46.676 47.015 46.873 46.753 46.654 46.486 46.909 47.005 46.852 46.464 46.295 46.104 46.819
1239.5778 47.822 47.872 47.797 47.604 47.461 47.322 47.683 47.581 47.459 47.317 47.177 47.028 47.586 47.414 47.242 47.121 47.011 47.35 47.207 47.088 46.989 46.82 47.244 47.339 47.187 46.799 46.629 46.439 47.154
1269.4803 48.157 48.206 48.132 47.939 47.796 47.657 48.018 47.916 47.794 47.652 47.511 47.363 47.921 47.749 47.577 47.456 47.345 47.685 47.542 47.422 47.323 47.155 47.579 47.674 47.521 47.133 46.964 46.774 47.489
1300.1042 48.492 48.541 48.466 48.273 48.131 47.992 48.353 48.251 48.129 47.987 47.846 47.698 48.256 48.083 47.912 47.791 47.68 48.02 47.877 47.757 47.658 47.49 47.914 48.009 47.856 47.468 47.299 47.109 47.824
1331.4668 48.827 48.876 48.801 48.608 48.466 48.327 48.687 48.586 48.463 48.322 48.181 48.032 48.591 48.418 48.246 48.126 48.015 48.355 48.212 48.092 47.993 47.825 48.249 48.344 48.191 47.803 47.634 47.443 48.158
1363.586 49.161 49.211 49.136 48.943 48.801 48.662 49.022 48.921 48.798 48.656 48.516 48.367 48.926 48.753 48.581 48.461 48.35 48.689 48.547 48.427 48.328 48.16 48.584 48.679 48.526 48.138 47.969 47.778 48.493
1396.48 49.496 49.546 49.471 49.278 49.135 48.996 49.357 49.255 49.133 48.991 48.851 48.702 49.261 49.088 48.916 48.795 48.685 49.024 48.882 48.762 48.663 48.495 48.918 49.014 48.861 48.473 48.303 48.113 48.828
1430.1675 49.831 49.881 49.806 49.613 49.47 49.331 49.692 49.59 49.468 49.326 49.186 49.037 49.595 49.423 49.251 49.13 49.02 49.359 49.216 49.097 48.998 48.829 49.253 49.348 49.196 48.808 48.638 48.448 49.163
1464.6676 50.166 50.215 50.14 49.948 49.805 49.666 50.027 49.925 49.803 49.661 49.52 49.372 49.93 49.758 49.586 49.465 49.354 49.694 49.551 49.431 49.332 49.164 49.588 49.683 49.53 49.142 48.973 48.783 49.498
1500.0 50.501 50.55 50.475 50.282 50.14 50.001 50.362 50.26 50.138 49.996 49.855 49.707 50.265 50.092 49.921 49.8 49.689 50.029 49.886 49.766 49.667 49.499 49.923 50.018 49.865 49.477 49.308 49.118 49.833
