web/models/grb/onaxis/25/grb_0.0000_0.1389_0.1584893.dat
# %ECSV 1.0
# ---
# datatype:
# - {name: time, datatype: float64}
# - {name: swift_uvot_uvw2, datatype: float64}
# - {name: swift_uvot_uvm2, datatype: float64}
# - {name: swift_uvot_uvw1, datatype: float64}
# - {name: swift_uvot_U, datatype: float64}
# - {name: swift_uvot_B, datatype: float64}
# - {name: swift_uvot_V, datatype: float64}
# - {name: swift_uvot_W, datatype: float64}
# - {name: johnson_U, datatype: float64}
# - {name: johnson_B, datatype: float64}
# - {name: johnson_V, datatype: float64}
# - {name: johnson_R, datatype: float64}
# - {name: johnson_I, datatype: float64}
# - {name: sdss_u, datatype: float64}
# - {name: sdss_g, datatype: float64}
# - {name: sdss_r, datatype: float64}
# - {name: sdss_i, datatype: float64}
# - {name: sdss_z, datatype: float64}
# - {name: PS1_g, datatype: float64}
# - {name: PS1_r, datatype: float64}
# - {name: PS1_i, datatype: float64}
# - {name: PS1_z, datatype: float64}
# - {name: PS1_Y, datatype: float64}
# - {name: PS1_w, datatype: float64}
# - {name: ATLAS_c, datatype: float64}
# - {name: ATLAS_o, datatype: float64}
# - {name: ukirt_J, datatype: float64}
# - {name: ukirt_H, datatype: float64}
# - {name: ukirt_K, datatype: float64}
# - {name: Clear, datatype: float64}
# meta: !!omap
# - comment: [E = 6.029923955985727e-05, Eta0 = 8.02, GammaB = 12.0, dL = 0.012188, epsb = 6.760829753919819e-06, epse = 0.1, n = 0.15848931924611143,
#     p = 2.15, theta_obs = 0.0, xiN = 1.0, z = 0.0, type = grb, E_kiso = 0.13894954943731375]
# schema: astropy-2.0
time swift_uvot_uvw2 swift_uvot_uvm2 swift_uvot_uvw1 swift_uvot_U swift_uvot_B swift_uvot_V swift_uvot_W johnson_U johnson_B johnson_V johnson_R johnson_I sdss_u sdss_g sdss_r sdss_i sdss_z PS1_g PS1_r PS1_i PS1_z PS1_Y PS1_w ATLAS_c ATLAS_o ukirt_J ukirt_H ukirt_K Clear
[from data line 493]
1269.4803 55.881 55.93 55.856 55.663 55.52 55.381 55.742 55.64 55.518 55.376 55.235 55.087 55.645 55.473 55.301 55.18 55.07 55.409 55.266 55.147 55.048 54.879 55.303 55.398 55.246 54.858 54.688 54.498 55.213
1300.1042 56.216 56.265 56.19 55.997 55.855 55.716 56.077 55.975 55.853 55.711 55.57 55.422 55.98 55.808 55.636 55.515 55.404 55.744 55.601 55.481 55.382 55.214 55.638 55.733 55.58 55.192 55.023 54.833 55.548
1331.4668 56.551 56.6 56.525 56.332 56.19 56.051 56.412 56.31 56.187 56.046 55.905 55.757 56.315 56.142 55.971 55.85 55.739 56.079 55.936 55.816 55.717 55.549 55.973 56.068 55.915 55.527 55.358 55.168 55.883
1363.586 56.885 56.935 56.86 56.667 56.525 56.386 56.746 56.645 56.522 56.38 56.24 56.091 56.65 56.477 56.305 56.185 56.074 56.413 56.271 56.151 56.052 55.884 56.308 56.403 56.25 55.862 55.693 55.502 56.217
1396.48 57.22 57.27 57.195 57.002 56.86 56.72 57.081 56.98 56.857 56.715 56.575 56.426 56.985 56.812 56.64 56.519 56.409 56.748 56.606 56.486 56.387 56.219 56.642 56.738 56.585 56.197 56.028 55.837 56.552
1430.1675 57.555 57.605 57.53 57.337 57.194 57.055 57.416 57.314 57.192 57.05 56.91 56.761 57.319 57.147 56.975 56.854 56.744 57.083 56.941 56.821 56.722 56.553 56.977 57.072 56.92 56.532 56.362 56.172 56.887
1464.6676 57.89 57.939 57.865 57.672 57.529 57.39 57.751 57.649 57.527 57.385 57.244 57.096 57.654 57.482 57.31 57.189 57.078 57.418 57.275 57.156 57.057 56.888 57.312 57.407 57.254 56.867 56.697 56.507 57.222
1500.0 58.225 58.274 58.199 58.006 57.864 57.725 58.086 57.984 57.862 57.72 57.579 57.431 57.989 57.817 57.645 57.524 57.413 57.753 57.61 57.49 57.391 57.223 57.647 57.742 57.589 57.201 57.032 56.842 57.557
