web/models/grb/onaxis/25/grb_0.0000_0.0139_0.0002512.dat
# %ECSV 1.0
# ---
# datatype:
# - {name: time, datatype: float64}
# - {name: swift_uvot_uvw2, datatype: float64}
# - {name: swift_uvot_uvm2, datatype: float64}
# - {name: swift_uvot_uvw1, datatype: float64}
# - {name: swift_uvot_U, datatype: float64}
# - {name: swift_uvot_B, datatype: float64}
# - {name: swift_uvot_V, datatype: float64}
# - {name: swift_uvot_W, datatype: float64}
# - {name: johnson_U, datatype: float64}
# - {name: johnson_B, datatype: float64}
# - {name: johnson_V, datatype: float64}
# - {name: johnson_R, datatype: float64}
# - {name: johnson_I, datatype: float64}
# - {name: sdss_u, datatype: float64}
# - {name: sdss_g, datatype: float64}
# - {name: sdss_r, datatype: float64}
# - {name: sdss_i, datatype: float64}
# - {name: sdss_z, datatype: float64}
# - {name: PS1_g, datatype: float64}
# - {name: PS1_r, datatype: float64}
# - {name: PS1_i, datatype: float64}
# - {name: PS1_z, datatype: float64}
# - {name: PS1_Y, datatype: float64}
# - {name: ukirt_J, datatype: float64}
# - {name: ukirt_H, datatype: float64}
# - {name: ukirt_K, datatype: float64}
# meta: !!omap
# - comment: [E = 6.029923955985726e-06, Eta0 = 8.02, GammaB = 12.0, dL = 0.012188, epsb = 6.760829753919819e-06, epse = 0.1, n = 0.00025118864315095795,
#     p = 2.15, theta_obs = 0.0, xiN = 1.0, z = 0.0, type = grb, E_kiso = 0.013894954943731374]
# schema: astropy-2.0
time swift_uvot_uvw2 swift_uvot_uvm2 swift_uvot_uvw1 swift_uvot_U swift_uvot_B swift_uvot_V swift_uvot_W johnson_U johnson_B johnson_V johnson_R johnson_I sdss_u sdss_g sdss_r sdss_i sdss_z PS1_g PS1_r PS1_i PS1_z PS1_Y ukirt_J ukirt_H ukirt_K
[from data line 301]
13.0619 13.603 13.652 13.577 13.384 13.242 13.103 13.464 13.362 13.24 13.098 12.957 12.809 13.367 13.194 13.023 12.902 12.791 13.131 12.988 12.868 12.769 12.601 12.579 12.41 12.22
13.377 13.644 13.693 13.618 13.425 13.283 13.144 13.505 13.403 13.281 13.139 12.998 12.85 13.408 13.235 13.064 12.943 12.832 13.172 13.029 12.909 12.81 12.642 12.62 12.451 12.261
13.6997 13.684 13.733 13.659 13.466 13.323 13.184 13.545 13.443 13.321 13.179 13.038 12.89 13.448 13.276 13.104 12.983 12.873 13.212 13.069 12.95 12.851 12.682 12.661 12.491 12.301
14.0302 13.722 13.772 13.697 13.504 13.362 13.223 13.583 13.482 13.359 13.217 13.077 12.928 13.487 13.314 13.142 13.022 12.911 13.25 13.108 12.988 12.889 12.721 12.699 12.53 12.339
14.3686 13.761 13.81 13.735 13.543 13.4 13.261 13.622 13.52 13.398 13.256 13.115 12.967 13.525 13.353 13.181 13.06 12.949 13.289 13.146 13.026 12.927 12.759 12.737 12.568 12.378
14.7153 13.799 13.849 13.774 13.581 13.439 13.299 13.66 13.559 13.436 13.294 13.154 13.005 13.564 13.391 13.219 13.098 12.988 13.327 13.185 13.065 12.966 12.798 12.776 12.607 12.416
15.0702 13.838 13.887 13.812 13.619 13.477 13.338 13.699 13.597 13.475 13.333 13.192 13.044 13.602 13.429 13.258 13.137 13.026 13.366 13.223 13.103 13.004 12.836 12.814 12.645 12.455
15.4338 13.876 13.926 13.851 13.658 13.515 13.376 13.737 13.635 13.513 13.371 13.231 13.082 13.64 13.468 13.296 13.175 13.065 13.404 13.262 13.142 13.043 12.874 12.853 12.683 12.493
15.8061 13.915 13.964 13.889 13.696 13.554 13.415 13.776 13.674 13.551 13.41 13.269 13.121 13.679 13.506 13.334 13.214 13.103 13.443 13.3 13.18 13.081 12.913 12.891 12.722 12.532
16.1874 13.953 14.003 13.928 13.735 13.592 13.453 13.814 13.712 13.59 13.448 13.308 13.159 13.717 13.545 13.373 13.252 13.142 13.481 13.338 13.219 13.12 12.951 12.93 12.76 12.57
16.5779 13.991 14.041 13.966 13.773 13.631 13.492 13.852 13.751 13.628 13.486 13.346 13.197 13.756 13.583 13.411 13.291 13.18 13.519 13.377 13.257 13.158 12.99 12.968 12.799 12.608
16.9778 14.03 14.079 14.005 13.812 13.669 13.53 13.891 13.789 13.667 13.525 13.384 13.236 13.794 13.622 13.45 13.329 13.218 13.558 13.415 13.295 13.196 13.028 13.006 12.837 12.647
17.3873 14.07 14.119 14.045 13.852 13.709 13.57 13.931 13.829 13.707 13.565 13.424 13.276 13.834 13.662 13.49 13.369 13.258 13.598 13.455 13.336 13.236 13.068 13.047 12.877 12.687
17.8068 14.112 14.161 14.087 13.894 13.751 13.612 13.973 13.871 13.749 13.607 13.466 13.318 13.876 13.704 13.532 13.411 13.3 13.64 13.497 13.377 13.278 13.11 13.088 12.919 12.729
18.2363 14.154 14.203 14.128 13.936 13.793 13.654 14.015 13.913 13.791 13.649 13.508 13.36 13.918 13.746 13.574 13.453 13.342 13.682 13.539 13.419 13.32 13.152 13.13 12.961 12.771
18.6762 14.196 14.245 14.17 13.978 13.835 13.696 14.057 13.955 13.833 13.691 13.55 13.402 13.96 13.788 13.616 13.495 13.384 13.724 13.581 13.461 13.362 13.194 13.172 13.003 12.813
19.1268 14.238 14.287 14.212 14.019 13.877 13.738 14.099 13.997 13.875 13.733 13.592 13.444 14.002 13.83 13.658 13.537 13.426 13.766 13.623 13.503 13.404 13.236 13.214 13.045 12.855
19.5882 14.28 14.329 14.254 14.061 13.919 13.78 14.141 14.039 13.917 13.775 13.634 13.486 14.044 13.872 13.7 13.579 13.468 13.808 13.665 13.545 13.446 13.278 13.256 13.087 12.897
20.0607 14.322 14.371 14.296 14.103 13.961 13.822 14.183 14.081 13.959 13.817 13.676 13.528 14.086 13.914 13.742 13.621 13.51 13.85 13.707 13.587 13.488 13.32 13.298 13.129 12.939
20.5446 14.364 14.413 14.338 14.145 14.003 13.864 14.225 14.123 14.001 13.859 13.718 13.57 14.128 13.955 13.784 13.663 13.552 13.892 13.749 13.629 13.53 13.362 13.34 13.171 12.981
21.0402 14.406 14.455 14.38 14.187 14.045 13.906 14.267 14.165 14.043 13.901 13.76 13.612 14.17 13.997 13.826 13.705 13.594 13.934 13.791 13.671 13.572 13.404 13.382 13.213 13.023
21.5478 14.448 14.497 14.422 14.229 14.087 13.948 14.309 14.207 14.085 13.943 13.802 13.654 14.212 14.039 13.868 13.747 13.636 13.976 13.833 13.713 13.614 13.446 13.424 13.255 13.065
22.0676 14.487 14.536 14.461 14.268 14.126 13.987 14.348 14.246 14.124 13.982 13.841 13.693 14.251 14.079 13.907 13.786 13.675 14.015 13.872 13.752 13.653 13.485 13.463 13.294 13.104
22.5999 14.524 14.573 14.498 14.306 14.163 14.024 14.385 14.283 14.161 14.019 13.878 13.73 14.288 14.116 13.944 13.823 13.712 14.052 13.909 13.789 13.69 13.522 13.5 13.331 13.141
23.1451 14.561 14.61 14.536 14.343 14.2 14.061 14.422 14.32 14.198 14.056 13.915 13.767 14.325 14.153 13.981 13.86 13.75 14.089 13.946 13.827 13.728 13.559 13.538 13.368 13.178
23.7034 14.598 14.648 14.573 14.38 14.237 14.098 14.459 14.357 14.235 14.093 13.953 13.804 14.362 14.19 14.018 13.897 13.787 14.126 13.983 13.864 13.765 13.596 13.575 13.405 13.215
24.2752 14.635 14.685 14.61 14.417 14.274 14.135 14.496 14.394 14.272 14.13 13.99 13.841 14.399 14.227 14.055 13.934 13.824 14.163 14.021 13.901 13.802 13.633 13.612 13.442 13.252
24.8608 14.672 14.722 14.647 14.454 14.311 14.172 14.533 14.431 14.309 14.167 14.027 13.878 14.437 14.264 14.092 13.971 13.861 14.2 14.058 13.938 13.839 13.67 13.649 13.479 13.289
25.4606 14.709 14.759 14.684 14.491 14.349 14.209 14.57 14.469 14.346 14.204 14.064 13.915 14.474 14.301 14.129 14.008 13.898 14.237 14.095 13.975 13.876 13.708 13.686 13.517 13.326
26.0748 14.746 14.796 14.721 14.528 14.386 14.247 14.607 14.506 14.383 14.241 14.101 13.952 14.511 14.338 14.166 14.046 13.935 14.274 14.132 14.012 13.913 13.745 13.723 13.554 13.363
26.7038 14.783 14.833 14.758 14.565 14.423 14.284 14.644 14.543 14.42 14.278 14.138 13.989 14.548 14.375 14.203 14.083 13.972 14.311 14.169 14.049 13.95 13.782 13.76 13.591 13.4
27.3479 14.821 14.87 14.795 14.602 14.46 14.321 14.681 14.58 14.457 14.316 14.175 14.026 14.585 14.412 14.24 14.12 14.009 14.349 14.206 14.086 13.987 13.819 13.797 13.628 13.437
28.0077 14.857 14.906 14.831 14.638 14.496 14.357 14.718 14.616 14.494 14.352 14.211 14.063 14.621 14.449 14.277 14.156 14.045 14.385 14.242 14.122 14.023 13.855 13.833 13.664 13.474
28.6833 14.893 14.942 14.867 14.674 14.532 14.393 14.754 14.652 14.53 14.388 14.247 14.099 14.657 14.484 14.313 14.192 14.081 14.421 14.278 14.158 14.059 13.891 13.869 13.7 13.51
29.3752 14.929 14.978 14.903 14.71 14.568 14.429 14.79 14.688 14.565 14.424 14.283 14.135 14.693 14.52 14.349 14.228 14.117 14.457 14.314 14.194 14.095 13.927 13.905 13.736 13.546
30.0838 14.965 15.014 14.939 14.746 14.604 14.465 14.825 14.724 14.601 14.46 14.319 14.17 14.729 14.556 14.384 14.264 14.153 14.493 14.35 14.23 14.131 13.963 13.941 13.772 13.581
30.8096 15.0 15.05 14.975 14.782 14.64 14.501 14.861 14.76 14.637 14.495 14.355 14.206 14.765 14.592 14.42 14.3 14.189 14.528 14.386 14.266 14.167 13.999 13.977 13.808 13.617
31.5528 15.036 15.086 15.011 14.818 14.676 14.537 14.897 14.796 14.673 14.531 14.391 14.242 14.801 14.628 14.456 14.336 14.225 14.564 14.422 14.302 14.203 14.035 14.013 13.844 13.653
32.3139 15.072 15.122 15.047 14.854 14.712 14.572 14.933 14.832 14.709 14.567 14.427 14.278 14.837 14.664 14.492 14.371 14.261 14.6 14.458 14.338 14.239 14.071 14.049 13.88 13.689
33.0935 15.108 15.158 15.083 14.89 14.747 14.608 14.969 14.868 14.745 14.603 14.463 14.314 14.873 14.7 14.528 14.407 14.297 14.636 14.494 14.374 14.275 14.107 14.085 13.915 13.725
33.8918 15.144 15.194 15.119 14.926 14.783 14.644 15.005 14.903 14.781 14.639 14.499 14.35 14.908 14.736 14.564 14.443 14.333 14.672 14.53 14.41 14.311 14.142 14.121 13.951 13.761
34.7093 15.18 15.23 15.155 14.962 14.819 14.68 15.041 14.939 14.817 14.675 14.535 14.386 14.944 14.772 14.6 14.479 14.369 14.708 14.565 14.446 14.347 14.178 14.157 13.987 13.797
35.5466 15.217 15.266 15.191 14.998 14.856 14.717 15.078 14.976 14.853 14.712 14.571 14.423 14.981 14.808 14.636 14.516 14.405 14.745 14.602 14.482 14.383 14.215 14.193 14.024 13.833
36.4041 15.253 15.303 15.228 15.035 14.892 14.753 15.114 15.012 14.89 14.748 14.608 14.459 15.017 14.845 14.673 14.552 14.442 14.781 14.639 14.519 14.42 14.251 14.23 14.06 13.87
37.2823 15.29 15.339 15.264 15.071 14.929 14.79 15.151 15.049 14.927 14.785 14.644 14.496 15.054 14.881 14.71 14.589 14.478 14.818 14.675 14.555 14.456 14.288 14.266 14.097 13.907
38.1817 15.326 15.376 15.301 15.108 14.966 14.826 15.187 15.086 14.963 14.821 14.681 14.532 15.091 14.918 14.746 14.626 14.515 14.854 14.712 14.592 14.493 14.325 14.303 14.134 13.943
39.1028 15.363 15.412 15.338 15.145 15.002 14.863 15.224 15.122 15.0 14.858 14.717 14.569 15.127 14.955 14.783 14.662 14.551 14.891 14.748 14.628 14.529 14.361 14.34 14.17 13.98
40.046 15.4 15.449 15.374 15.181 15.039 14.9 15.26 15.159 15.036 14.894 14.754 14.605 15.164 14.991 14.819 14.699 14.588 14.927 14.785 14.665 14.566 14.398 14.376 14.207 14.016
41.0121 15.436 15.486 15.411 15.218 15.075 14.936 15.297 15.195 15.073 14.931 14.791 14.642 15.2 15.028 14.856 14.735 14.625 14.964 14.821 14.702 14.603 14.434 14.413 14.243 14.053
42.0014 15.473 15.522 15.447 15.254 15.112 14.973 15.334 15.232 15.11 14.968 14.827 14.679 15.237 15.064 14.893 14.772 14.661 15.001 14.858 14.738 14.639 14.471 14.449 14.28 14.09
43.0146 15.509 15.559 15.484 15.291 15.149 15.009 15.37 15.269 15.146 15.004 14.864 14.715 15.274 15.101 14.929 14.808 14.698 15.037 14.895 14.775 14.676 14.508 14.486 14.317 14.126
44.0523 15.546 15.595 15.52 15.327 15.185 15.046 15.407 15.305 15.183 15.041 14.9 14.752 15.31 15.138 14.966 14.845 14.734 15.074 14.931 14.811 14.712 14.544 14.522 14.353 14.163
45.1149 15.58 15.629 15.554 15.361 15.219 15.08 15.441 15.339 15.217 15.075 14.934 14.786 15.344 15.172 15.0 14.879 14.768 15.108 14.965 14.845 14.746 14.578 14.556 14.387 14.197
46.2033 15.614 15.663 15.588 15.395 15.253 15.114 15.475 15.373 15.251 15.109 14.968 14.82 15.378 15.206 15.034 14.913 14.802 15.142 14.999 14.879 14.78 14.612 14.59 14.421 14.231
47.3178 15.648 15.697 15.622 15.43 15.287 15.148 15.509 15.407 15.285 15.143 15.002 14.854 15.412 15.24 15.068 14.947 14.836 15.176 15.033 14.913 14.814 14.646 14.624 14.455 14.265
48.4593 15.682 15.731 15.656 15.464 15.321 15.182 15.543 15.441 15.319 15.177 15.036 14.888 15.446 15.274 15.102 14.981 14.87 15.21 15.067 14.947 14.848 14.68 14.658 14.489 14.299
49.6283 15.716 15.765 15.69 15.498 15.355 15.216 15.577 15.475 15.353 15.211 15.07 14.922 15.48 15.308 15.136 15.015 14.904 15.244 15.101 14.981 14.882 14.714 14.692 14.523 14.333
50.8255 15.75 15.799 15.725 15.532 15.389 15.25 15.611 15.509 15.387 15.245 15.104 14.956 15.514 15.342 15.17 15.049 14.938 15.278 15.135 15.015 14.916 14.748 14.726 14.557 14.367
52.0515 15.784 15.833 15.759 15.566 15.423 15.284 15.645 15.543 15.421 15.279 15.138 14.99 15.548 15.376 15.204 15.083 14.972 15.312 15.169 15.049 14.95 14.782 14.76 14.591 14.401
53.3072 15.818 15.867 15.793 15.6 15.457 15.318 15.679 15.577 15.455 15.313 15.172 15.024 15.582 15.41 15.238 15.117 15.006 15.346 15.203 15.084 14.984 14.816 14.795 14.625 14.435
54.5931 15.852 15.901 15.827 15.634 15.491 15.352 15.713 15.611 15.489 15.347 15.206 15.058 15.616 15.444 15.272 15.151 15.04 15.38 15.237 15.118 15.019 14.85 14.829 14.659 14.469
55.9101 15.885 15.935 15.86 15.667 15.525 15.386 15.746 15.645 15.522 15.38 15.24 15.091 15.65 15.477 15.305 15.185 15.074 15.413 15.271 15.151 15.052 14.884 14.862 14.693 14.502
57.2588 15.916 15.966 15.891 15.698 15.556 15.417 15.777 15.676 15.553 15.411 15.271 15.122 15.681 15.508 15.336 15.216 15.105 15.444 15.302 15.182 15.083 14.915 14.893 14.724 14.533
58.6401 15.947 15.997 15.922 15.729 15.587 15.447 15.808 15.707 15.584 15.442 15.302 15.153 15.712 15.539 15.367 15.246 15.136 15.475 15.333 15.213 15.114 14.946 14.924 14.755 14.564
60.0546 15.978 16.028 15.953 15.76 15.617 15.478 15.839 15.737 15.615 15.473 15.333 15.184 15.743 15.57 15.398 15.277 15.167 15.506 15.364 15.244 15.145 14.976 14.955 14.785 14.595
61.5034 16.009 16.059 15.984 15.791 15.648 15.509 15.87 15.768 15.646 15.504 15.364 15.215 15.773 15.601 15.429 15.308 15.198 15.537 15.395 15.275 15.176 15.007 14.986 14.816 14.626
62.987 16.04 16.09 16.015 15.822 15.679 15.54 15.901 15.799 15.677 15.535 15.395 15.246 15.804 15.632 15.46 15.339 15.229 15.568 15.425 15.306 15.207 15.038 15.017 14.847 14.657
64.5065 16.071 16.12 16.046 15.853 15.71 15.571 15.932 15.83 15.708 15.566 15.425 15.277 15.835 15.663 15.491 15.37 15.259 15.599 15.456 15.337 15.238 15.069 15.048 14.878 14.688
66.0626 16.102 16.151 16.076 15.884 15.741 15.602 15.963 15.861 15.739 15.597 15.456 15.308 15.866 15.694 15.522 15.401 15.29 15.63 15.487 15.367 15.268 15.1 15.078 14.909 14.719
67.6562 16.133 16.182 16.107 15.914 15.772 15.633 15.994 15.892 15.77 15.628 15.487 15.339 15.897 15.724 15.553 15.432 15.321 15.661 15.518 15.398 15.299 15.131 15.109 14.94 14.75
69.2883 16.164 16.213 16.138 15.945 15.803 15.664 16.025 15.923 15.801 15.659 15.518 15.37 15.928 15.755 15.584 15.463 15.352 15.692 15.549 15.429 15.33 15.162 15.14 14.971 14.781
70.9597 16.195 16.244 16.169 15.976 15.834 15.695 16.056 15.954 15.832 15.69 15.549 15.401 15.959 15.786 15.615 15.494 15.383 15.723 15.58 15.46 15.361 15.193 15.171 15.002 14.812
72.6715 16.226 16.275 16.2 16.007 15.865 15.726 16.087 15.985 15.863 15.721 15.58 15.432 15.99 15.817 15.646 15.525 15.414 15.754 15.611 15.491 15.392 15.224 15.202 15.033 14.843
74.4246 16.257 16.306 16.231 16.038 15.896 15.757 16.118 16.016 15.894 15.752 15.611 15.463 16.021 15.849 15.677 15.556 15.445 15.785 15.642 15.522 15.423 15.255 15.233 15.064 14.874
76.2199 16.288 16.337 16.263 16.07 15.927 15.788 16.149 16.047 15.925 15.783 15.642 15.494 16.052 15.88 15.708 15.587 15.476 15.816 15.673 15.554 15.454 15.286 15.265 15.095 14.905
78.0586 16.319 16.368 16.294 16.101 15.958 15.819 16.18 16.078 15.956 15.814 15.674 15.525 16.083 15.911 15.739 15.618 15.508 15.847 15.704 15.585 15.486 15.317 15.296 15.126 14.936
79.9416 16.35 16.4 16.325 16.132 15.989 15.85 16.211 16.109 15.987 15.845 15.705 15.556 16.114 15.942 15.77 15.649 15.539 15.878 15.736 15.616 15.517 15.348 15.327 15.157 14.967
81.87 16.381 16.431 16.356 16.163 16.02 15.881 16.242 16.14 16.018 15.876 15.736 15.587 16.146 15.973 15.801 15.68 15.57 15.909 15.767 15.647 15.548 15.379 15.358 15.188 14.998
83.845 16.412 16.462 16.387 16.194 16.052 15.912 16.273 16.172 16.049 15.907 15.767 15.618 16.177 16.004 15.832 15.711 15.601 15.94 15.798 15.678 15.579 15.411 15.389 15.22 15.029
85.8676 16.443 16.493 16.418 16.225 16.083 15.944 16.304 16.203 16.08 15.938 15.798 15.649 16.208 16.035 15.863 15.743 15.632 15.971 15.829 15.709 15.61 15.442 15.42 15.251 15.06
87.939 16.474 16.524 16.449 16.256 16.114 15.975 16.335 16.234 16.111 15.969 15.829 15.68 16.239 16.066 15.894 15.774 15.663 16.002 15.86 15.74 15.641 15.473 15.451 15.282 15.091
90.0604 16.512 16.561 16.486 16.294 16.151 16.012 16.373 16.271 16.149 16.007 15.866 15.718 16.276 16.104 15.932 15.811 15.7 16.04 15.897 15.777 15.678 15.51 15.488 15.319 15.129
92.2329 16.557 16.606 16.532 16.339 16.196 16.057 16.418 16.316 16.194 16.052 15.911 15.763 16.321 16.149 15.977 15.856 15.746 16.085 15.942 15.823 15.724 15.555 15.534 15.364 15.174
94.4579 16.602 16.652 16.577 16.384 16.241 16.102 16.463 16.361 16.239 16.097 15.957 15.808 16.366 16.194 16.022 15.901 15.791 16.13 15.988 15.868 15.769 15.6 15.579 15.409 15.219
96.7365 16.647 16.697 16.622 16.429 16.287 16.147 16.508 16.407 16.284 16.142 16.002 15.853 16.412 16.239 16.067 15.946 15.836 16.175 16.033 15.913 15.814 15.646 15.624 15.455 15.264
99.0701 16.692 16.742 16.667 16.474 16.332 16.193 16.553 16.452 16.329 16.187 16.047 15.898 16.457 16.284 16.112 15.992 15.881 16.22 16.078 15.958 15.859 15.691 15.669 15.5 15.309
101.4599 16.738 16.787 16.712 16.519 16.377 16.238 16.599 16.497 16.374 16.233 16.092 15.943 16.502 16.329 16.157 16.037 15.926 16.266 16.123 16.003 15.904 15.736 15.714 15.545 15.354
103.9075 16.783 16.832 16.757 16.564 16.422 16.283 16.644 16.542 16.42 16.278 16.137 15.989 16.547 16.374 16.203 16.082 15.971 16.311 16.168 16.048 15.949 15.781 15.759 15.59 15.4
