web/models/kne.last_good/kappa_0.5_3.0.v1/21/villar_0.2183_0.1397_3.0000.dat
# %ECSV 1.0
# ---
# datatype:
# - {name: time, datatype: float64}
# - {name: swift_uvot_uvw2, datatype: float64}
# - {name: swift_uvot_uvm2, datatype: float64}
# - {name: swift_uvot_uvw1, datatype: float64}
# - {name: swift_uvot_U, datatype: float64}
# - {name: swift_uvot_B, datatype: float64}
# - {name: swift_uvot_V, datatype: float64}
# - {name: swift_uvot_W, datatype: float64}
# - {name: johnson_U, datatype: float64}
# - {name: johnson_B, datatype: float64}
# - {name: johnson_V, datatype: float64}
# - {name: johnson_R, datatype: float64}
# - {name: johnson_I, datatype: float64}
# - {name: sdss_u, datatype: float64}
# - {name: sdss_g, datatype: float64}
# - {name: sdss_r, datatype: float64}
# - {name: sdss_i, datatype: float64}
# - {name: sdss_z, datatype: float64}
# - {name: PS1_g, datatype: float64}
# - {name: PS1_r, datatype: float64}
# - {name: PS1_i, datatype: float64}
# - {name: PS1_z, datatype: float64}
# - {name: PS1_Y, datatype: float64}
# - {name: PS1_w, datatype: float64}
# - {name: ATLAS_c, datatype: float64}
# - {name: ATLAS_o, datatype: float64}
# - {name: ukirt_J, datatype: float64}
# - {name: ukirt_H, datatype: float64}
# - {name: ukirt_K, datatype: float64}
# - {name: Clear, datatype: float64}
# meta: !!omap
# - comment: [kappa = 3.0, type = villar, mass = 0.21832694463104688, velocity = 0.13966666666666672, theta_obs = 0.0]
# schema: astropy-2.0
time swift_uvot_uvw2 swift_uvot_uvm2 swift_uvot_uvw1 swift_uvot_U swift_uvot_B swift_uvot_V swift_uvot_W johnson_U johnson_B johnson_V johnson_R johnson_I sdss_u sdss_g sdss_r sdss_i sdss_z PS1_g PS1_r PS1_i PS1_z PS1_Y PS1_w ATLAS_c ATLAS_o ukirt_J ukirt_H ukirt_K Clear
[from data line 148]
0.082253 -12.69 -12.732 -12.736 -12.661 -12.468 -12.209 -12.62 -12.636 -12.465 -12.2 -11.894 -11.518 -12.642 -12.388 -12.037 -11.749 -11.463 -12.372 -12.055 -11.77 -11.565 -11.497 -12.067 -12.251 -11.917 -10.865 -10.359 -9.763 -12.117
0.084741 -12.715 -12.761 -12.769 -12.7 -12.512 -12.255 -12.655 -12.676 -12.508 -12.246 -11.942 -11.568 -12.683 -12.432 -12.084 -11.797 -11.512 -12.416 -12.102 -11.818 -11.613 -11.545 -12.114 -12.297 -11.965 -10.916 -10.411 -9.815 -12.163
0.087304 -12.74 -12.791 -12.801 -12.74 -12.555 -12.301 -12.689 -12.716 -12.551 -12.292 -11.99 -11.617 -12.723 -12.476 -12.131 -11.846 -11.562 -12.46 -12.149 -11.866 -11.662 -11.593 -12.16 -12.342 -12.012 -10.967 -10.463 -9.868 -12.209
0.089944 -12.765 -12.82 -12.834 -12.779 -12.598 -12.346 -12.723 -12.757 -12.594 -12.337 -12.037 -11.666 -12.763 -12.52 -12.178 -11.894 -11.611 -12.504 -12.195 -11.914 -11.71 -11.641 -12.206 -12.387 -12.06 -11.018 -10.515 -9.92 -12.254
0.092665 -12.79 -12.848 -12.866 -12.819 -12.641 -12.392 -12.757 -12.796 -12.637 -12.383 -12.085 -11.715 -12.803 -12.564 -12.224 -11.942 -11.661 -12.548 -12.242 -11.962 -11.759 -11.688 -12.252 -12.432 -12.107 -11.069 -10.567 -9.973 -12.3
0.095467 -12.814 -12.877 -12.897 -12.858 -12.683 -12.438 -12.791 -12.836 -12.68 -12.429 -12.132 -11.764 -12.842 -12.607 -12.271 -11.99 -11.71 -12.592 -12.288 -12.01 -11.807 -11.736 -12.298 -12.477 -12.154 -11.119 -10.619 -10.025 -12.345
0.098355 -12.838 -12.905 -12.929 -12.897 -12.726 -12.483 -12.825 -12.876 -12.722 -12.474 -12.179 -11.813 -12.882 -12.651 -12.318 -12.039 -11.759 -12.636 -12.334 -12.057 -11.855 -11.784 -12.344 -12.522 -12.202 -11.17 -10.67 -10.078 -12.391
0.101329 -12.862 -12.932 -12.96 -12.935 -12.768 -12.528 -12.858 -12.915 -12.765 -12.519 -12.227 -11.862 -12.921 -12.694 -12.364 -12.087 -11.809 -12.679 -12.381 -12.105 -11.904 -11.831 -12.39 -12.566 -12.249 -11.221 -10.722 -10.13 -12.436
0.104394 -12.885 -12.96 -12.991 -12.974 -12.811 -12.573 -12.891 -12.954 -12.807 -12.564 -12.274 -11.911 -12.96 -12.737 -12.41 -12.135 -11.858 -12.723 -12.427 -12.153 -11.952 -11.879 -12.436 -12.611 -12.296 -11.272 -10.774 -10.183 -12.481
0.107551 -12.908 -12.987 -13.022 -13.012 -12.853 -12.618 -12.924 -12.993 -12.849 -12.609 -12.321 -11.96 -12.999 -12.781 -12.457 -12.182 -11.907 -12.766 -12.473 -12.2 -12.0 -11.926 -12.481 -12.655 -12.343 -11.323 -10.825 -10.235 -12.526
0.110804 -12.93 -13.014 -13.052 -13.05 -12.895 -12.663 -12.957 -13.032 -12.891 -12.654 -12.368 -12.009 -13.037 -12.824 -12.503 -12.23 -11.956 -12.809 -12.519 -12.248 -12.048 -11.974 -12.527 -12.7 -12.389 -11.373 -10.877 -10.287 -12.57
0.114155 -12.952 -13.04 -13.082 -13.088 -12.936 -12.708 -12.989 -13.07 -12.933 -12.699 -12.415 -12.057 -13.076 -12.866 -12.549 -12.278 -12.005 -12.852 -12.564 -12.295 -12.096 -12.021 -12.572 -12.744 -12.436 -11.424 -10.928 -10.34 -12.615
0.117608 -12.974 -13.066 -13.112 -13.126 -12.978 -12.753 -13.021 -13.109 -12.975 -12.744 -12.461 -12.106 -13.114 -12.909 -12.595 -12.326 -12.053 -12.895 -12.61 -12.342 -12.144 -12.068 -12.617 -12.788 -12.483 -11.474 -10.98 -10.392 -12.66
0.121165 -12.995 -13.092 -13.141 -13.163 -13.02 -12.797 -13.053 -13.147 -13.016 -12.788 -12.508 -12.154 -13.152 -12.952 -12.641 -12.373 -12.102 -12.938 -12.656 -12.39 -12.192 -12.116 -12.662 -12.832 -12.529 -11.525 -11.031 -10.444 -12.704
0.124829 -13.016 -13.117 -13.171 -13.2 -13.061 -12.841 -13.085 -13.185 -13.058 -12.833 -12.555 -12.203 -13.19 -12.994 -12.686 -12.421 -12.151 -12.981 -12.701 -12.437 -12.24 -12.163 -12.707 -12.875 -12.576 -11.575 -11.083 -10.496 -12.749
0.128605 -13.037 -13.142 -13.199 -13.237 -13.102 -12.886 -13.117 -13.222 -13.099 -12.877 -12.601 -12.251 -13.228 -13.036 -12.732 -12.468 -12.199 -13.023 -12.747 -12.484 -12.288 -12.21 -12.752 -12.919 -12.622 -11.626 -11.134 -10.549 -12.793
0.132494 -13.057 -13.166 -13.228 -13.274 -13.143 -12.93 -13.148 -13.26 -13.14 -12.921 -12.647 -12.299 -13.265 -13.078 -12.778 -12.515 -12.248 -13.065 -12.792 -12.531 -12.336 -12.258 -12.797 -12.962 -12.668 -11.676 -11.185 -10.601 -12.837
0.136502 -13.077 -13.19 -13.256 -13.311 -13.184 -12.974 -13.179 -13.297 -13.181 -12.965 -12.694 -12.348 -13.302 -13.12 -12.823 -12.562 -12.296 -13.108 -12.837 -12.578 -12.383 -12.305 -12.842 -13.006 -12.714 -11.726 -11.237 -10.653 -12.881
0.14063 -13.096 -13.214 -13.284 -13.347 -13.225 -13.018 -13.21 -13.334 -13.221 -13.009 -12.74 -12.396 -13.339 -13.162 -12.868 -12.61 -12.345 -13.15 -12.882 -12.624 -12.431 -12.352 -12.886 -13.049 -12.76 -11.777 -11.288 -10.705 -12.925
0.144883 -13.115 -13.238 -13.312 -13.383 -13.265 -13.061 -13.241 -13.371 -13.262 -13.053 -12.786 -12.444 -13.376 -13.203 -12.914 -12.657 -12.393 -13.191 -12.927 -12.671 -12.478 -12.399 -12.931 -13.092 -12.806 -11.827 -11.339 -10.757 -12.968
0.149265 -13.134 -13.261 -13.339 -13.419 -13.305 -13.105 -13.271 -13.408 -13.302 -13.097 -12.832 -12.492 -13.412 -13.245 -12.959 -12.703 -12.441 -13.233 -12.972 -12.718 -12.526 -12.446 -12.975 -13.135 -12.852 -11.877 -11.39 -10.809 -13.012
0.15378 -13.152 -13.283 -13.366 -13.454 -13.345 -13.149 -13.302 -13.444 -13.342 -13.14 -12.878 -12.54 -13.449 -13.286 -13.004 -12.75 -12.49 -13.275 -13.017 -12.764 -12.573 -12.493 -13.019 -13.178 -12.898 -11.927 -11.442 -10.861 -13.056
0.15843 -13.17 -13.306 -13.393 -13.49 -13.385 -13.192 -13.332 -13.48 -13.382 -13.184 -12.923 -12.587 -13.485 -13.327 -13.048 -12.797 -12.538 -13.316 -13.061 -12.811 -12.621 -12.54 -13.063 -13.22 -12.943 -11.977 -11.493 -10.913 -13.099
0.163222 -13.188 -13.327 -13.419 -13.525 -13.425 -13.235 -13.361 -13.516 -13.422 -13.227 -12.969 -12.635 -13.52 -13.368 -13.093 -12.844 -12.586 -13.357 -13.106 -12.857 -12.668 -12.587 -13.107 -13.263 -12.989 -12.027 -11.544 -10.965 -13.142
0.168159 -13.205 -13.349 -13.445 -13.56 -13.465 -13.278 -13.391 -13.552 -13.461 -13.27 -13.014 -12.683 -13.556 -13.409 -13.138 -12.89 -12.634 -13.399 -13.15 -12.904 -12.715 -12.634 -13.151 -13.305 -13.034 -12.077 -11.595 -11.017 -13.185
0.173245 -13.221 -13.37 -13.471 -13.594 -13.504 -13.321 -13.42 -13.587 -13.501 -13.313 -13.06 -12.73 -13.591 -13.45 -13.182 -12.937 -12.682 -13.44 -13.195 -12.95 -12.762 -12.681 -13.195 -13.347 -13.079 -12.127 -11.646 -11.069 -13.228
0.178484 -13.237 -13.391 -13.496 -13.629 -13.543 -13.364 -13.449 -13.623 -13.54 -13.356 -13.105 -12.778 -13.626 -13.49 -13.226 -12.983 -12.729 -13.48 -13.239 -12.996 -12.809 -12.728 -13.238 -13.389 -13.124 -12.177 -11.697 -11.121 -13.271
0.183882 -13.253 -13.411 -13.521 -13.663 -13.582 -13.406 -13.478 -13.658 -13.579 -13.398 -13.15 -12.825 -13.661 -13.53 -13.271 -13.029 -12.777 -13.521 -13.283 -13.042 -12.856 -12.775 -13.281 -13.431 -13.169 -12.227 -11.747 -11.172 -13.314
0.189444 -13.268 -13.431 -13.545 -13.697 -13.621 -13.449 -13.507 -13.692 -13.618 -13.441 -13.195 -12.872 -13.696 -13.57 -13.315 -13.075 -12.825 -13.561 -13.327 -13.088 -12.903 -12.821 -13.325 -13.473 -13.214 -12.276 -11.798 -11.224 -13.356
0.195173 -13.283 -13.45 -13.57 -13.73 -13.659 -13.491 -13.535 -13.727 -13.656 -13.483 -13.24 -12.92 -13.73 -13.61 -13.359 -13.121 -12.872 -13.602 -13.37 -13.134 -12.95 -12.868 -13.368 -13.514 -13.259 -12.326 -11.849 -11.276 -13.398
0.201076 -13.298 -13.469 -13.593 -13.764 -13.698 -13.533 -13.563 -13.761 -13.695 -13.526 -13.285 -12.967 -13.764 -13.65 -13.402 -13.167 -12.92 -13.642 -13.414 -13.179 -12.997 -12.915 -13.411 -13.556 -13.304 -12.376 -11.9 -11.328 -13.441
0.207158 -13.312 -13.487 -13.617 -13.797 -13.736 -13.575 -13.591 -13.795 -13.733 -13.568 -13.33 -13.014 -13.798 -13.689 -13.446 -13.213 -12.967 -13.682 -13.458 -13.225 -13.043 -12.961 -13.454 -13.597 -13.348 -12.425 -11.951 -11.379 -13.483
0.213423 -13.325 -13.505 -13.64 -13.83 -13.774 -13.617 -13.619 -13.829 -13.771 -13.609 -13.374 -13.061 -13.832 -13.729 -13.49 -13.259 -13.014 -13.721 -13.501 -13.27 -13.09 -13.008 -13.496 -13.638 -13.393 -12.475 -12.001 -11.431 -13.525
0.219878 -13.338 -13.523 -13.663 -13.862 -13.812 -13.659 -13.646 -13.862 -13.809 -13.651 -13.419 -13.107 -13.865 -13.768 -13.533 -13.304 -13.061 -13.761 -13.544 -13.316 -13.136 -13.054 -13.539 -13.679 -13.437 -12.524 -12.052 -11.483 -13.566
0.226528 -13.351 -13.54 -13.685 -13.894 -13.849 -13.7 -13.673 -13.895 -13.846 -13.693 -13.463 -13.154 -13.898 -13.807 -13.576 -13.35 -13.108 -13.8 -13.587 -13.361 -13.183 -13.1 -13.581 -13.72 -13.481 -12.573 -12.102 -11.534 -13.608
0.233379 -13.363 -13.557 -13.707 -13.926 -13.886 -13.742 -13.7 -13.928 -13.884 -13.734 -13.507 -13.201 -13.93 -13.845 -13.619 -13.395 -13.155 -13.839 -13.63 -13.406 -13.229 -13.147 -13.624 -13.76 -13.525 -12.623 -12.153 -11.586 -13.65
0.240437 -13.375 -13.573 -13.729 -13.958 -13.924 -13.783 -13.727 -13.961 -13.921 -13.775 -13.551 -13.247 -13.963 -13.884 -13.662 -13.44 -13.202 -13.878 -13.673 -13.451 -13.275 -13.193 -13.666 -13.801 -13.569 -12.672 -12.203 -11.637 -13.691
0.247709 -13.386 -13.588 -13.75 -13.989 -13.96 -13.824 -13.753 -13.993 -13.958 -13.816 -13.595 -13.294 -13.995 -13.922 -13.705 -13.486 -13.249 -13.917 -13.716 -13.496 -13.321 -13.239 -13.708 -13.841 -13.613 -12.721 -12.254 -11.689 -13.732
0.255201 -13.396 -13.604 -13.771 -14.02 -13.997 -13.864 -13.78 -14.025 -13.994 -13.857 -13.639 -13.34 -14.027 -13.96 -13.748 -13.531 -13.296 -13.956 -13.758 -13.541 -13.367 -13.285 -13.75 -13.881 -13.656 -12.77 -12.304 -11.74 -13.773
0.262919 -13.407 -13.618 -13.791 -14.051 -14.033 -13.905 -13.805 -14.057 -14.031 -13.898 -13.683 -13.386 -14.058 -13.998 -13.79 -13.575 -13.342 -13.994 -13.801 -13.586 -13.413 -13.331 -13.791 -13.921 -13.7 -12.819 -12.354 -11.791 -13.814
0.270871 -13.416 -13.633 -13.811 -14.081 -14.07 -13.946 -13.831 -14.088 -14.067 -13.939 -13.726 -13.432 -14.09 -14.036 -13.833 -13.62 -13.389 -14.032 -13.843 -13.63 -13.459 -13.377 -13.833 -13.96 -13.743 -12.868 -12.405 -11.843 -13.855
0.279064 -13.425 -13.646 -13.831 -14.112 -14.106 -13.986 -13.856 -14.119 -14.103 -13.979 -13.77 -13.478 -14.121 -14.073 -13.875 -13.665 -13.435 -14.07 -13.885 -13.675 -13.505 -13.423 -13.874 -14.0 -13.786 -12.917 -12.455 -11.894 -13.895
0.287504 -13.434 -13.66 -13.85 -14.141 -14.141 -14.026 -13.882 -14.15 -14.139 -14.019 -13.813 -13.524 -14.151 -14.11 -13.917 -13.709 -13.481 -14.108 -13.927 -13.719 -13.55 -13.469 -13.915 -14.039 -13.829 -12.966 -12.505 -11.945 -13.936
0.296199 -13.442 -13.672 -13.869 -14.171 -14.177 -14.066 -13.906 -14.181 -14.174 -14.059 -13.856 -13.57 -14.182 -14.147 -13.959 -13.754 -13.528 -14.145 -13.969 -13.764 -13.596 -13.515 -13.956 -14.078 -13.872 -13.014 -12.555 -11.996 -13.976
0.305157 -13.45 -13.684 -13.887 -14.2 -14.212 -14.106 -13.931 -14.211 -14.209 -14.099 -13.899 -13.616 -14.212 -14.184 -14.001 -13.798 -13.574 -14.183 -14.01 -13.808 -13.641 -13.56 -13.997 -14.117 -13.915 -13.063 -12.605 -12.048 -14.016
0.314387 -13.457 -13.696 -13.905 -14.229 -14.247 -14.145 -13.955 -14.241 -14.244 -14.138 -13.942 -13.661 -14.241 -14.221 -14.042 -13.842 -13.62 -14.22 -14.052 -13.852 -13.687 -13.606 -14.038 -14.156 -13.958 -13.111 -12.655 -12.099 -14.056
0.323895 -13.464 -13.707 -13.922 -14.257 -14.281 -14.184 -13.979 -14.27 -14.279 -14.178 -13.984 -13.707 -14.271 -14.257 -14.084 -13.886 -13.665 -14.257 -14.093 -13.896 -13.732 -13.651 -14.078 -14.194 -14.0 -13.16 -12.705 -12.15 -14.095
0.333691 -13.47 -13.718 -13.939 -14.285 -14.316 -14.224 -14.003 -14.3 -14.313 -14.217 -14.027 -13.752 -14.3 -14.293 -14.125 -13.93 -13.711 -14.293 -14.134 -13.939 -13.777 -13.697 -14.119 -14.232 -14.042 -13.208 -12.755 -12.201 -14.135
0.343783 -13.475 -13.728 -13.956 -14.313 -14.35 -14.262 -14.027 -14.328 -14.348 -14.256 -14.069 -13.797 -14.328 -14.329 -14.166 -13.974 -13.757 -14.33 -14.175 -13.983 -13.822 -13.742 -14.159 -14.27 -14.085 -13.257 -12.805 -12.252 -14.174
0.354181 -13.48 -13.737 -13.972 -14.341 -14.384 -14.301 -14.05 -14.357 -14.382 -14.295 -14.112 -13.843 -14.357 -14.365 -14.207 -14.017 -13.802 -14.366 -14.216 -14.026 -13.867 -13.787 -14.199 -14.308 -14.127 -13.305 -12.854 -12.303 -14.213
0.364893 -13.485 -13.746 -13.988 -14.368 -14.418 -14.34 -14.073 -14.385 -14.415 -14.334 -14.154 -13.888 -14.385 -14.4 -14.248 -14.061 -13.848 -14.402 -14.257 -14.07 -13.912 -13.832 -14.238 -14.346 -14.168 -13.353 -12.904 -12.354 -14.252
0.375929 -13.488 -13.754 -14.003 -14.394 -14.451 -14.378 -14.096 -14.413 -14.449 -14.372 -14.195 -13.932 -14.412 -14.435 -14.288 -14.104 -13.893 -14.438 -14.297 -14.113 -13.957 -13.877 -14.278 -14.383 -14.21 -13.401 -12.954 -12.404 -14.291
0.387298 -13.492 -13.762 -14.018 -14.421 -14.484 -14.416 -14.118 -14.441 -14.482 -14.41 -14.237 -13.977 -14.44 -14.47 -14.328 -14.147 -13.938 -14.473 -14.337 -14.156 -14.001 -13.922 -14.317 -14.42 -14.252 -13.449 -13.003 -12.455 -14.329
0.399012 -13.494 -13.769 -14.032 -14.447 -14.517 -14.454 -14.14 -14.468 -14.515 -14.448 -14.279 -14.022 -14.467 -14.504 -14.368 -14.19 -13.983 -14.508 -14.377 -14.199 -14.046 -13.967 -14.357 -14.457 -14.293 -13.497 -13.053 -12.506 -14.368
0.41108 -13.497 -13.776 -14.045 -14.472 -14.549 -14.492 -14.162 -14.495 -14.547 -14.486 -14.32 -14.066 -14.493 -14.539 -14.408 -14.233 -14.028 -14.543 -14.417 -14.242 -14.09 -14.012 -14.396 -14.494 -14.334 -13.545 -13.102 -12.557 -14.406
0.423513 -13.498 -13.782 -14.059 -14.498 -14.581 -14.529 -14.184 -14.521 -14.579 -14.523 -14.361 -14.111 -14.519 -14.573 -14.448 -14.276 -14.073 -14.578 -14.457 -14.284 -14.134 -14.057 -14.434 -14.53 -14.375 -13.593 -13.152 -12.607 -14.444
0.436321 -13.499 -13.787 -14.071 -14.523 -14.613 -14.566 -14.205 -14.547 -14.611 -14.561 -14.402 -14.155 -14.545 -14.606 -14.488 -14.318 -14.118 -14.612 -14.496 -14.327 -14.178 -14.101 -14.473 -14.567 -14.416 -13.641 -13.201 -12.658 -14.481
0.449518 -13.499 -13.792 -14.084 -14.547 -14.645 -14.603 -14.226 -14.573 -14.643 -14.598 -14.443 -14.199 -14.571 -14.64 -14.527 -14.361 -14.162 -14.647 -14.536 -14.369 -14.222 -14.146 -14.512 -14.603 -14.456 -13.688 -13.25 -12.709 -14.519
0.463113 -13.499 -13.796 -14.095 -14.571 -14.676 -14.64 -14.247 -14.598 -14.674 -14.634 -14.484 -14.243 -14.596 -14.673 -14.566 -14.403 -14.207 -14.681 -14.575 -14.411 -14.266 -14.19 -14.55 -14.638 -14.497 -13.736 -13.299 -12.759 -14.556
0.47712 -13.498 -13.8 -14.107 -14.595 -14.707 -14.676 -14.267 -14.623 -14.705 -14.671 -14.524 -14.287 -14.62 -14.706 -14.605 -14.445 -14.251 -14.714 -14.614 -14.453 -14.309 -14.234 -14.588 -14.674 -14.537 -13.783 -13.348 -12.81 -14.593
0.49155 -13.497 -13.802 -14.117 -14.618 -14.738 -14.713 -14.287 -14.648 -14.736 -14.707 -14.565 -14.33 -14.644 -14.739 -14.644 -14.487 -14.295 -14.748 -14.652 -14.495 -14.353 -14.279 -14.626 -14.709 -14.577 -13.83 -13.397 -12.86 -14.63
0.506416 -13.495 -13.804 -14.127 -14.641 -14.768 -14.748 -14.307 -14.672 -14.766 -14.743 -14.605 -14.374 -14.668 -14.771 -14.682 -14.528 -14.339 -14.781 -14.691 -14.536 -14.396 -14.323 -14.663 -14.744 -14.617 -13.878 -13.446 -12.91 -14.667
0.521733 -13.492 -13.806 -14.137 -14.663 -14.798 -14.784 -14.326 -14.695 -14.796 -14.779 -14.645 -14.417 -14.692 -14.803 -14.721 -14.57 -14.383 -14.813 -14.729 -14.578 -14.44 -14.366 -14.7 -14.779 -14.657 -13.925 -13.495 -12.961 -14.703
0.537512 -13.489 -13.807 -14.146 -14.685 -14.828 -14.82 -14.346 -14.719 -14.826 -14.815 -14.684 -14.46 -14.715 -14.835 -14.759 -14.611 -14.427 -14.846 -14.767 -14.619 -14.483 -14.41 -14.738 -14.813 -14.696 -13.972 -13.544 -13.011 -14.74
0.553769 -13.485 -13.807 -14.154 -14.706 -14.857 -14.855 -14.365 -14.742 -14.855 -14.85 -14.724 -14.503 -14.737 -14.866 -14.797 -14.653 -14.47 -14.878 -14.805 -14.66 -14.526 -14.454 -14.775 -14.847 -14.735 -14.019 -13.593 -13.061 -14.776
0.570517 -13.48 -13.806 -14.162 -14.727 -14.886 -14.89 -14.383 -14.764 -14.884 -14.885 -14.763 -14.546 -14.759 -14.897 -14.834 -14.694 -14.513 -14.91 -14.842 -14.701 -14.569 -14.498 -14.811 -14.881 -14.774 -14.065 -13.641 -13.111 -14.811
0.587772 -13.475 -13.805 -14.17 -14.748 -14.914 -14.924 -14.401 -14.786 -14.913 -14.92 -14.802 -14.589 -14.781 -14.928 -14.872 -14.734 -14.557 -14.942 -14.88 -14.742 -14.611 -14.541 -14.848 -14.915 -14.813 -14.112 -13.69 -13.161 -14.847
