web/models/kne.last_good/kappa_0.5_3.0.v1/21/villar_0.0015_0.2807_3.0000.dat
# %ECSV 1.0
# ---
# datatype:
# - {name: time, datatype: float64}
# - {name: swift_uvot_uvw2, datatype: float64}
# - {name: swift_uvot_uvm2, datatype: float64}
# - {name: swift_uvot_uvw1, datatype: float64}
# - {name: swift_uvot_U, datatype: float64}
# - {name: swift_uvot_B, datatype: float64}
# - {name: swift_uvot_V, datatype: float64}
# - {name: swift_uvot_W, datatype: float64}
# - {name: johnson_U, datatype: float64}
# - {name: johnson_B, datatype: float64}
# - {name: johnson_V, datatype: float64}
# - {name: johnson_R, datatype: float64}
# - {name: johnson_I, datatype: float64}
# - {name: sdss_u, datatype: float64}
# - {name: sdss_g, datatype: float64}
# - {name: sdss_r, datatype: float64}
# - {name: sdss_i, datatype: float64}
# - {name: sdss_z, datatype: float64}
# - {name: PS1_g, datatype: float64}
# - {name: PS1_r, datatype: float64}
# - {name: PS1_i, datatype: float64}
# - {name: PS1_z, datatype: float64}
# - {name: PS1_Y, datatype: float64}
# - {name: PS1_w, datatype: float64}
# - {name: ATLAS_c, datatype: float64}
# - {name: ATLAS_o, datatype: float64}
# - {name: ukirt_J, datatype: float64}
# - {name: ukirt_H, datatype: float64}
# - {name: ukirt_K, datatype: float64}
# - {name: Clear, datatype: float64}
# meta: !!omap
# - comment: [kappa = 3.0, type = villar, mass = 0.001513321957917195, velocity = 0.2806666666666667, theta_obs = 0.0]
# schema: astropy-2.0
time swift_uvot_uvw2 swift_uvot_uvm2 swift_uvot_uvw1 swift_uvot_U swift_uvot_B swift_uvot_V swift_uvot_W johnson_U johnson_B johnson_V johnson_R johnson_I sdss_u sdss_g sdss_r sdss_i sdss_z PS1_g PS1_r PS1_i PS1_z PS1_Y PS1_w ATLAS_c ATLAS_o ukirt_J ukirt_H ukirt_K Clear
[from data line 219]
0.682197 -6.382 -1.608 -4.209 -6.242 -8.425 -9.978 -8.004 -6.636 -8.503 -10.052 -11.207 -11.983 -6.478 -9.067 -10.702 -11.523 -12.058 -9.499 -10.774 -11.567 -12.005 -12.308 -10.851 -9.956 -11.142 -12.627 -12.753 -12.659 -10.996
0.70283 -6.348 -1.461 -3.961 -5.972 -8.221 -9.823 -7.849 -6.377 -8.304 -9.901 -11.102 -11.911 -6.213 -8.885 -10.574 -11.428 -11.988 -9.352 -10.652 -11.475 -11.932 -12.25 -10.739 -9.808 -11.034 -12.594 -12.74 -12.663 -10.906
0.724086 -6.312 -1.333 -3.701 -5.685 -8.002 -9.655 -7.684 -6.101 -8.091 -9.738 -10.988 -11.831 -5.93 -8.69 -10.435 -11.324 -11.911 -9.196 -10.521 -11.373 -11.851 -12.185 -10.619 -9.649 -10.917 -12.556 -12.724 -12.663 -10.81
0.745986 -6.272 -1.221 -3.427 -5.378 -7.768 -9.475 -7.509 -5.807 -7.862 -9.564 -10.864 -11.744 -5.628 -8.48 -10.286 -11.21 -11.826 -9.034 -10.379 -11.263 -11.763 -12.114 -10.49 -9.479 -10.791 -12.511 -12.703 -12.661 -10.708
0.768548 -6.229 -1.124 -3.139 -5.05 -7.517 -9.282 -7.323 -5.492 -7.618 -9.375 -10.73 -11.648 -5.305 -8.256 -10.124 -11.087 -11.732 -8.864 -10.227 -11.143 -11.666 -12.035 -10.349 -9.295 -10.654 -12.461 -12.677 -12.655 -10.599
0.791792 -6.181 -1.038 -2.835 -4.7 -7.247 -9.073 -7.125 -5.156 -7.356 -9.172 -10.585 -11.544 -4.96 -8.014 -9.949 -10.953 -11.63 -8.687 -10.063 -11.013 -11.559 -11.948 -10.198 -9.097 -10.505 -12.405 -12.647 -12.645 -10.483
0.815739 -6.129 -0.959 -2.515 -4.325 -6.958 -8.847 -6.915 -4.796 -7.075 -8.954 -10.428 -11.429 -4.59 -7.755 -9.76 -10.807 -11.518 -8.505 -9.886 -10.871 -11.443 -11.852 -10.035 -8.885 -10.344 -12.341 -12.611 -12.632 -10.36
0.840411 -6.072 -0.884 -2.175 -3.923 -6.648 -8.604 -6.692 -4.41 -6.773 -8.717 -10.257 -11.303 -4.194 -7.477 -9.555 -10.648 -11.394 -8.317 -9.697 -10.717 -11.315 -11.747 -9.858 -8.656 -10.17 -12.27 -12.57 -12.614 -10.229
0.865828 -6.01 -0.81 -1.816 -3.493 -6.314 -8.341 -6.455 -3.996 -6.448 -8.463 -10.072 -11.166 -3.769 -7.176 -9.333 -10.475 -11.259 -8.126 -9.493 -10.549 -11.176 -11.632 -9.667 -8.409 -9.981 -12.19 -12.522 -12.591 -10.091
0.892015 -5.942 -0.735 -1.434 -3.03 -5.954 -8.057 -6.204 -3.55 -6.1 -8.187 -9.872 -11.016 -3.312 -6.853 -9.092 -10.286 -11.111 -7.932 -9.276 -10.367 -11.024 -11.506 -9.46 -8.142 -9.776 -12.101 -12.467 -12.563 -9.944
0.918993 -5.868 -0.657 -1.029 -2.533 -5.567 -7.75 -5.938 -3.072 -5.724 -7.89 -9.654 -10.852 -2.821 -6.504 -8.832 -10.081 -10.949 -7.738 -9.042 -10.17 -10.857 -11.368 -9.236 -7.854 -9.554 -12.002 -12.404 -12.53 -9.79
0.946787 -5.787 -0.573 -0.597 -1.998 -5.149 -7.417 -5.657 -2.556 -5.319 -7.567 -9.418 -10.673 -2.292 -6.127 -8.549 -9.857 -10.771 -7.545 -8.794 -9.955 -10.675 -11.216 -8.993 -7.543 -9.313 -11.891 -12.333 -12.49 -9.627
0.975422 -5.698 -0.483 -0.137 -1.421 -4.697 -7.056 -5.361 -2.0 -4.882 -7.218 -9.161 -10.477 -1.721 -5.72 -8.241 -9.612 -10.577 -7.355 -8.529 -9.722 -10.476 -11.051 -8.73 -7.207 -9.05 -11.769 -12.252 -12.444 -9.457
1.004923 -5.601 -0.386 0.356 -0.797 -4.208 -6.664 -5.051 -1.399 -4.41 -6.84 -8.882 -10.262 -1.104 -5.278 -7.907 -9.346 -10.363 -7.168 -8.249 -9.469 -10.259 -10.87 -8.444 -6.842 -8.765 -11.632 -12.162 -12.39 -9.279
1.035317 -5.496 -0.28 0.884 -0.123 -3.678 -6.238 -4.729 -0.749 -3.899 -6.429 -8.578 -10.027 -0.437 -4.8 -7.543 -9.054 -10.129 -6.986 -7.954 -9.195 -10.022 -10.672 -8.133 -6.447 -8.455 -11.481 -12.06 -12.328 -9.093
1.066629 -5.38 -0.164 1.45 0.606 -3.103 -5.775 -4.395 -0.045 -3.345 -5.982 -8.246 -9.77 0.286 -4.281 -7.146 -8.735 -9.872 -6.808 -7.646 -8.898 -9.763 -10.457 -7.795 -6.017 -8.116 -11.314 -11.946 -12.257 -8.899
1.098888 -5.254 -0.038 2.059 1.398 -2.479 -5.269 -4.055 0.719 -2.745 -5.495 -7.885 -9.488 1.07 -3.716 -6.713 -8.386 -9.59 -6.632 -7.327 -8.577 -9.479 -10.223 -7.427 -5.55 -7.747 -11.128 -11.818 -12.175 -8.698
1.132124 -5.116 0.1 2.716 2.259 -1.799 -4.718 -3.711 1.551 -2.092 -4.965 -7.491 -9.179 1.923 -3.101 -6.24 -8.004 -9.28 -6.457 -7.002 -8.23 -9.171 -9.968 -7.024 -5.041 -7.344 -10.922 -11.674 -12.083 -8.49
1.166364 -4.965 0.25 3.425 3.197 -1.058 -4.114 -3.369 2.456 -1.382 -4.386 -7.06 -8.84 2.852 -2.431 -5.722 -7.584 -8.939 -6.279 -6.675 -7.859 -8.834 -9.691 -6.585 -4.486 -6.903 -10.693 -11.514 -11.977 -8.274
1.20164 -4.8 0.415 4.192 4.219 -0.249 -3.454 -3.034 3.444 -0.608 -3.753 -6.588 -8.467 3.866 -1.698 -5.154 -7.122 -8.562 -6.095 -6.35 -7.461 -8.467 -9.391 -6.104 -3.879 -6.421 -10.438 -11.334 -11.858 -8.051
1.237983 -4.619 0.596 5.024 5.337 0.637 -2.729 -2.708 4.524 0.237 -3.06 -6.071 -8.057 4.975 -0.896 -4.53 -6.614 -8.147 -5.902 -6.031 -7.041 -8.07 -9.068 -5.577 -3.215 -5.891 -10.156 -11.132 -11.723 -7.819
1.275425 -4.421 0.795 5.928 6.562 1.608 -1.932 -2.394 5.707 1.162 -2.299 -5.504 -7.605 6.19 -0.016 -3.844 -6.054 -7.689 -5.696 -5.72 -6.601 -7.64 -8.72 -4.998 -2.486 -5.31 -9.841 -10.907 -11.57 -7.578
1.313999 -4.202 1.013 6.914 7.907 2.675 -1.054 -2.089 7.007 2.176 -1.464 -4.88 -7.107 7.524 0.952 -3.088 -5.435 -7.182 -5.473 -5.416 -6.147 -7.179 -8.349 -4.361 -1.684 -4.669 -9.491 -10.655 -11.398 -7.324
1.35374 -3.962 1.254 7.99 9.388 3.85 -0.085 -1.787 8.439 3.29 -0.544 -4.193 -6.556 8.993 2.018 -2.252 -4.75 -6.62 -5.23 -5.115 -5.688 -6.689 -7.956 -3.659 -0.801 -3.963 -9.1 -10.372 -11.203 -7.056
1.394683 -3.711 1.505 9.027 10.814 4.988 0.859 -1.5 9.818 4.366 0.35 -3.519 -6.01 10.408 3.052 -1.435 -4.074 -6.061 -4.978 -4.828 -5.268 -6.221 -7.575 -2.968 0.059 -3.27 -8.701 -10.075 -10.99 -6.786
1.436864 -3.531 1.685 9.207 10.995 5.169 1.039 -1.32 9.998 4.547 0.531 -3.339 -5.829 10.588 3.233 -1.255 -3.894 -5.88 -4.797 -4.648 -5.088 -6.04 -7.395 -2.788 0.24 -3.089 -8.521 -9.895 -10.809 -6.605
1.480321 -3.339 1.877 9.399 11.186 5.36 1.231 -1.128 10.19 4.738 0.722 -3.147 -5.638 10.78 3.424 -1.063 -3.702 -5.689 -4.606 -4.456 -4.896 -5.849 -7.203 -2.596 0.431 -2.898 -8.329 -9.703 -10.618 -6.414
1.525092 -3.135 2.08 9.603 11.39 5.564 1.434 -0.925 10.394 4.942 0.926 -2.944 -5.434 10.983 3.628 -0.86 -3.499 -5.485 -4.402 -4.253 -4.693 -5.645 -6.999 -2.393 0.635 -2.694 -8.126 -9.5 -10.414 -6.21
1.571218 -2.919 2.296 9.819 11.606 5.78 1.65 -0.709 10.61 5.158 1.142 -2.727 -5.218 11.2 3.844 -0.643 -3.283 -5.269 -4.186 -4.036 -4.476 -5.429 -6.783 -2.177 0.851 -2.478 -7.91 -9.284 -10.198 -5.994
1.618738 -2.69 2.526 10.048 11.836 6.01 1.88 -0.479 10.839 5.388 1.372 -2.498 -4.988 11.429 4.074 -0.414 -3.053 -5.039 -3.956 -3.807 -4.247 -5.199 -6.554 -1.947 1.081 -2.248 -7.68 -9.054 -9.968 -5.765
1.667696 -2.446 2.77 10.292 12.079 6.253 2.124 -0.235 11.083 5.631 1.615 -2.254 -4.744 11.673 4.317 -0.17 -2.809 -4.796 -3.713 -3.563 -4.003 -4.956 -6.31 -1.703 1.324 -2.005 -7.436 -8.81 -9.725 -5.521
1.718134 -2.187 3.029 10.551 12.338 6.512 2.382 0.024 11.342 5.89 1.874 -1.995 -4.486 11.932 4.576 0.089 -2.551 -4.537 -3.454 -3.304 -3.744 -4.697 -6.051 -1.444 1.583 -1.746 -7.177 -8.551 -9.466 -5.262
1.770098 -1.912 3.303 10.826 12.613 6.787 2.657 0.298 11.617 6.165 2.149 -1.72 -4.211 12.207 4.851 0.364 -2.276 -4.262 -3.179 -3.029 -3.469 -4.422 -5.776 -1.17 1.858 -1.471 -6.903 -8.277 -9.191 -4.987
1.823633 -1.621 3.595 11.117 12.905 7.079 2.949 0.59 11.909 6.457 2.441 -1.429 -3.919 12.498 5.143 0.655 -1.984 -3.97 -2.887 -2.738 -3.178 -4.13 -5.484 -0.878 2.15 -1.179 -6.611 -7.985 -8.899 -4.695
1.878788 -1.311 3.905 11.427 13.214 7.388 3.259 0.9 12.218 6.766 2.75 -1.119 -3.609 12.808 5.452 0.965 -1.674 -3.661 -2.578 -2.428 -2.868 -3.821 -5.175 -0.568 2.46 -0.87 -6.301 -7.675 -8.59 -4.386
1.93561 -0.982 4.234 11.756 13.543 7.717 3.587 1.228 12.547 7.095 3.079 -0.79 -3.281 13.137 5.781 1.294 -1.346 -3.332 -2.249 -2.099 -2.539 -3.492 -4.846 -0.239 2.788 -0.541 -5.972 -7.347 -8.261 -4.057
1.994152 -0.633 4.582 12.105 13.892 8.066 3.936 1.577 12.896 7.444 3.428 -0.441 -2.932 13.486 6.13 1.643 -0.997 -2.983 -1.9 -1.75 -2.19 -3.143 -4.497 0.11 3.137 -0.192 -5.624 -6.998 -7.912 -3.708
2.054463 -0.263 4.953 12.475 14.262 8.436 4.307 1.948 13.266 7.815 3.798 -0.071 -2.561 13.856 6.5 2.013 -0.626 -2.613 -1.53 -1.38 -1.82 -2.773 -4.127 0.48 3.508 0.178 -5.253 -6.627 -7.542 -3.338
2.116599 0.13 5.346 12.868 14.656 8.83 4.7 2.341 13.659 8.208 4.192 0.322 -2.168 14.249 6.894 2.406 -0.233 -2.219 -1.136 -0.987 -1.427 -2.379 -3.734 0.873 3.901 0.572 -4.86 -6.234 -7.148 -2.945
2.180614 0.548 5.763 13.286 15.073 9.247 5.117 2.758 14.077 8.625 4.609 0.74 -1.751 14.666 7.311 2.823 0.184 -1.802 -0.719 -0.569 -1.009 -1.962 -3.316 1.29 4.318 0.989 -4.443 -5.817 -6.731 -2.527
2.246566 0.991 6.206 13.729 15.516 9.69 5.56 3.201 14.52 9.068 5.052 1.182 -1.308 15.109 7.754 3.266 0.627 -1.359 -0.276 -0.126 -0.567 -1.519 -2.873 1.733 4.761 1.432 -4.0 -5.374 -6.288 -2.084
2.314511 1.461 6.676 14.199 15.986 10.16 6.03 3.671 14.99 9.538 5.522 1.653 -0.838 15.58 8.224 3.737 1.097 -0.889 0.194 0.344 -0.096 -1.049 -2.403 2.203 5.231 1.902 -3.53 -4.904 -5.818 -1.614
2.384512 1.96 7.175 14.698 16.485 10.659 6.529 4.17 15.489 10.037 6.021 2.152 -0.339 16.079 8.723 4.236 1.596 -0.39 0.693 0.843 0.403 -0.55 -1.904 2.702 5.73 2.401 -3.031 -4.405 -5.319 -1.115
2.45663 2.489 7.705 15.227 17.015 11.189 7.059 4.7 16.018 10.567 6.551 2.681 0.191 16.608 9.253 4.765 2.126 0.14 1.223 1.372 0.932 -0.02 -1.375 3.232 6.26 2.931 -2.501 -3.875 -4.789 -0.586
2.530929 3.052 8.267 15.79 17.577 11.751 7.621 5.262 16.581 11.129 7.113 3.243 0.753 17.17 9.815 5.327 2.688 0.702 1.785 1.934 1.494 0.542 -0.812 3.794 6.822 3.493 -1.939 -3.313 -4.227 -0.023
2.607475 3.648 8.864 16.386 18.173 12.347 8.218 5.859 17.177 11.726 7.709 3.84 1.35 17.767 10.411 5.924 3.285 1.298 2.381 2.531 2.091 1.138 -0.216 4.391 7.419 4.09 -1.342 -2.716 -3.631 0.573
2.686337 4.282 9.497 17.02 18.807 12.981 8.851 6.492 17.811 12.359 8.343 4.473 1.983 18.4 11.045 6.557 3.918 1.932 3.015 3.164 2.724 1.772 0.418 5.024 8.052 4.723 -0.709 -2.083 -2.997 1.207
2.767583 4.954 10.169 17.692 19.479 13.653 9.523 7.164 18.483 13.031 9.015 5.146 2.655 19.073 11.717 7.23 4.59 2.604 3.687 3.837 3.397 2.444 1.09 5.696 8.724 5.395 -0.037 -1.411 -2.325 1.879
2.851287 5.667 10.883 18.405 20.192 14.366 10.237 7.878 19.196 13.745 9.729 5.859 3.369 19.786 12.431 7.943 5.304 3.317 4.401 4.55 4.11 3.157 1.803 6.41 9.438 6.109 0.677 -0.697 -1.612 2.592
2.937522 6.425 11.64 19.163 20.95 15.124 10.994 8.635 19.954 14.502 10.486 6.616 4.126 20.543 13.188 8.7 6.061 4.075 5.158 5.307 4.867 3.915 2.561 7.167 10.195 6.866 1.434 0.06 -0.854 3.35
3.026365 7.228 12.444 19.966 21.754 15.928 11.798 9.439 20.757 15.306 11.29 7.42 4.93 21.347 13.992 9.504 6.865 4.879 5.962 6.111 5.671 4.719 3.364 7.971 10.999 7.67 2.238 0.864 -0.05 4.153
3.117896 8.082 13.297 20.82 22.607 16.781 12.651 10.292 21.611 16.159 12.143 8.273 5.783 22.2 14.845 10.357 7.718 5.732 6.815 6.964 6.524 5.572 4.218 8.824 11.852 8.523 3.091 1.717 0.803 5.007
3.212194 8.987 14.203 21.725 23.512 17.686 13.557 11.198 22.516 17.064 13.048 9.179 6.689 23.106 15.75 11.263 8.624 6.637 7.72 7.87 7.43 6.477 5.123 9.73 12.757 9.428 3.997 2.623 1.708 5.912
3.309345 9.948 15.164 22.686 24.473 18.647 14.518 12.159 23.477 18.026 14.01 10.14 7.65 24.067 16.712 12.224 9.585 7.598 8.682 8.831 8.391 7.438 6.084 10.691 13.719 10.39 4.958 3.584 2.669 6.873
3.409434 10.968 16.184 23.706 25.494 19.668 15.538 13.179 24.497 19.046 15.03 11.16 8.67 25.087 17.732 13.244 10.605 8.619 9.702 9.851 9.411 8.459 7.104 11.711 14.739 11.41 5.978 4.604 3.69 7.894
3.51255 12.051 17.267 24.789 26.576 20.75 16.621 14.262 25.58 20.129 16.112 12.243 9.753 26.17 18.815 14.327 11.688 9.701 10.784 10.934 10.494 9.541 8.187 12.794 15.822 12.493 7.061 5.687 4.772 8.976
3.618785 13.201 18.416 25.939 27.726 21.9 17.77 15.411 26.73 21.278 17.262 13.392 10.902 27.319 19.964 15.476 12.837 10.851 11.934 12.083 11.643 10.691 9.337 13.943 16.971 13.642 8.21 6.836 5.922 10.126
3.728232 14.42 19.636 27.158 28.946 23.12 18.99 16.631 27.949 22.498 18.482 14.612 12.122 28.539 21.184 16.696 14.057 12.071 13.154 13.303 12.863 11.911 10.556 15.163 18.191 14.862 9.43 8.056 7.142 11.346
3.84099 15.715 20.931 28.453 30.24 24.414 20.285 17.926 29.244 23.793 19.776 15.907 13.417 29.834 22.478 17.991 15.352 13.365 14.448 14.598 14.158 13.205 11.851 16.458 19.486 16.156 10.725 9.351 8.436 12.64
3.957158 17.089 22.305 29.827 31.615 25.789 21.659 19.3 30.619 25.167 21.151 17.281 14.791 31.208 23.853 19.365 16.726 14.74 15.823 15.972 15.532 14.58 13.226 17.832 20.86 17.531 12.099 10.725 9.811 14.015
4.07684 18.548 23.764 31.286 33.073 27.247 23.118 20.759 32.077 26.625 22.609 18.74 16.25 32.667 25.311 20.824 18.185 16.198 17.281 17.431 16.991 16.038 14.684 19.291 22.319 18.989 13.558 12.184 11.269 15.473
4.200141 20.096 25.312 32.834 34.622 28.796 24.666 22.307 33.625 28.174 24.158 20.288 17.798 34.215 26.86 22.372 19.733 17.747 18.83 18.979 18.539 17.587 16.232 20.839 23.867 20.538 15.106 13.732 12.818 17.021
4.327172 21.74 26.955 34.478 36.265 30.439 26.309 23.95 35.269 29.817 25.801 21.932 19.441 35.858 28.503 24.015 21.376 19.39 20.473 20.623 20.183 19.23 17.876 22.482 25.51 22.181 16.749 15.375 14.461 18.665
4.458044 23.484 28.7 36.222 38.009 32.183 28.053 25.694 37.013 31.561 27.545 23.676 21.185 37.603 30.247 25.76 23.12 21.134 22.217 22.367 21.927 20.974 19.62 24.227 27.254 23.925 18.494 17.119 16.205 20.409
4.592874 25.335 30.551 38.073 39.86 34.034 29.905 27.546 38.864 33.413 29.396 25.527 23.037 39.454 32.098 27.611 24.972 22.985 24.068 24.218 23.778 22.825 21.471 26.078 29.106 25.776 20.345 18.971 18.056 22.26
4.731783 27.3 32.516 40.038 41.825 35.999 31.87 29.511 40.829 35.378 31.361 27.492 25.002 41.419 34.063 29.576 26.937 24.95 26.033 26.183 25.743 24.79 23.436 28.043 31.071 27.741 22.31 20.936 20.021 24.225
4.874892 29.386 34.601 42.124 43.911 38.085 33.955 31.596 42.915 37.463 33.447 29.578 27.087 43.505 36.149 31.662 29.022 27.036 28.119 28.269 27.829 26.876 25.522 30.129 33.156 29.827 24.395 23.021 22.107 26.311
5.02233 31.6 36.815 44.338 46.125 40.299 36.169 33.81 45.129 39.677 35.661 31.791 29.301 45.718 38.363 33.875 31.236 29.25 30.333 30.482 30.042 29.09 27.736 32.342 35.37 32.041 26.609 25.235 24.321 28.525
5.174227 33.949 39.165 46.687 48.474 42.648 38.519 36.16 47.478 42.026 38.01 34.141 31.651 48.068 40.712 36.225 33.586 31.599 32.682 32.832 32.392 31.439 30.085 34.692 37.72 34.39 28.959 27.585 26.67 30.874
5.330718 36.443 41.659 49.181 50.968 45.142 41.013 38.654 49.972 44.52 40.504 36.635 34.144 50.562 43.206 38.719 36.08 34.093 35.176 35.326 34.886 33.933 32.579 37.186 40.213 36.884 31.453 30.079 29.164 33.368
5.491942 39.09 44.306 51.828 53.615 47.789 43.66 41.301 52.619 47.167 43.151 39.282 36.792 53.209 45.853 41.366 38.727 36.74 37.823 37.973 37.533 36.58 35.226 39.833 42.86 39.531 34.1 32.726 31.811 36.015
5.658042 41.9 47.115 54.638 56.425 50.599 46.469 44.11 55.429 49.977 45.961 42.092 39.601 56.018 48.663 44.175 41.536 39.55 40.633 40.783 40.343 39.39 38.036 42.642 45.67 42.341 36.909 35.535 34.621 38.825
5.829166 44.882 50.097 57.62 59.407 53.581 49.451 47.092 58.411 52.959 48.943 45.074 42.583 59.001 51.645 47.158 44.518 42.532 43.615 43.765 43.325 42.372 41.018 45.624 48.652 45.323 39.891 38.517 37.603 41.807
6.005465 48.047 53.263 60.785 62.572 56.746 52.616 50.258 61.576 56.124 52.108 48.239 45.748 62.166 54.81 50.323 47.683 45.697 46.78 46.93 46.49 45.537 44.183 48.79 51.817 48.488 43.057 41.683 40.768 44.972
6.187096 51.407 56.622 64.145 65.932 60.106 55.976 53.617 64.936 59.484 55.468 51.598 49.108 65.525 58.17 53.682 51.043 49.057 50.14 50.289 49.849 48.897 47.543 52.149 55.177 51.848 46.416 45.042 44.128 48.332
6.37422 54.972 60.188 67.71 69.498 63.672 59.542 57.183 68.501 63.05 59.034 55.164 52.674 69.091 61.736 57.248 54.609 52.623 53.706 53.855 53.415 52.463 51.108 55.715 58.743 55.414 49.982 48.608 47.694 51.897
6.567004 58.757 63.973 71.495 73.282 67.456 63.327 60.968 72.286 66.835 62.818 58.949 56.459 72.876 65.52 61.033 58.394 56.407 57.49 57.64 57.2 56.247 54.893 59.5 62.528 59.198 53.767 52.393 51.478 55.682
