web/models/kne.last_good/kappa_0.5_3.0.v1/21/villar_0.0028_0.3747_3.0000.dat
# %ECSV 1.0
# ---
# datatype:
# - {name: time, datatype: float64}
# - {name: swift_uvot_uvw2, datatype: float64}
# - {name: swift_uvot_uvm2, datatype: float64}
# - {name: swift_uvot_uvw1, datatype: float64}
# - {name: swift_uvot_U, datatype: float64}
# - {name: swift_uvot_B, datatype: float64}
# - {name: swift_uvot_V, datatype: float64}
# - {name: swift_uvot_W, datatype: float64}
# - {name: johnson_U, datatype: float64}
# - {name: johnson_B, datatype: float64}
# - {name: johnson_V, datatype: float64}
# - {name: johnson_R, datatype: float64}
# - {name: johnson_I, datatype: float64}
# - {name: sdss_u, datatype: float64}
# - {name: sdss_g, datatype: float64}
# - {name: sdss_r, datatype: float64}
# - {name: sdss_i, datatype: float64}
# - {name: sdss_z, datatype: float64}
# - {name: PS1_g, datatype: float64}
# - {name: PS1_r, datatype: float64}
# - {name: PS1_i, datatype: float64}
# - {name: PS1_z, datatype: float64}
# - {name: PS1_Y, datatype: float64}
# - {name: PS1_w, datatype: float64}
# - {name: ATLAS_c, datatype: float64}
# - {name: ATLAS_o, datatype: float64}
# - {name: ukirt_J, datatype: float64}
# - {name: ukirt_H, datatype: float64}
# - {name: ukirt_K, datatype: float64}
# - {name: Clear, datatype: float64}
# meta: !!omap
# - comment: [kappa = 3.0, type = villar, mass = 0.0028172691138521437, velocity = 0.3746666666666667, theta_obs = 0.0]
# schema: astropy-2.0
time swift_uvot_uvw2 swift_uvot_uvm2 swift_uvot_uvw1 swift_uvot_U swift_uvot_B swift_uvot_V swift_uvot_W johnson_U johnson_B johnson_V johnson_R johnson_I sdss_u sdss_g sdss_r sdss_i sdss_z PS1_g PS1_r PS1_i PS1_z PS1_Y PS1_w ATLAS_c ATLAS_o ukirt_J ukirt_H ukirt_K Clear
0.001 nan nan nan nan nan nan nan nan nan nan nan nan nan nan nan nan nan nan nan nan nan nan nan nan nan nan nan nan nan
0.00103 -3.137 -3.379 -3.593 -3.924 -3.946 -3.848 -3.648 -3.937 -3.944 -3.841 -3.647 -3.368 -3.937 -3.921 -3.746 -3.548 -3.327 -3.921 -3.756 -3.558 -3.394 -3.313 -3.741 -3.858 -3.663 -2.82 -2.365 -1.809 -3.758
0.001061 -4.092 -4.259 -4.38 -4.543 -4.473 -4.306 -4.347 -4.54 -4.47 -4.298 -4.056 -3.735 -4.543 -4.424 -4.174 -3.937 -3.688 -4.416 -4.186 -3.949 -3.766 -3.684 -4.183 -4.329 -4.074 -3.142 -2.666 -2.093 -4.213
0.001094 -4.599 -4.726 -4.804 -4.885 -4.771 -4.571 -4.737 -4.874 -4.768 -4.563 -4.298 -3.958 -4.878 -4.711 -4.425 -4.17 -3.908 -4.699 -4.438 -4.184 -3.992 -3.913 -4.441 -4.601 -4.318 -3.343 -2.857 -2.276 -4.478
0.001127 -4.942 -5.042 -5.095 -5.124 -4.984 -4.764 -5.01 -5.108 -4.981 -4.756 -4.477 -4.125 -5.114 -4.917 -4.609 -4.343 -4.073 -4.904 -4.624 -4.359 -4.162 -4.086 -4.63 -4.798 -4.498 -3.497 -3.004 -2.418 -4.671
0.001161 -5.202 -5.282 -5.319 -5.311 -5.153 -4.92 -5.221 -5.293 -5.15 -4.911 -4.623 -4.263 -5.298 -5.082 -4.759 -4.485 -4.21 -5.067 -4.775 -4.503 -4.303 -4.229 -4.783 -4.957 -4.645 -3.626 -3.129 -2.539 -4.827
0.001196 -5.411 -5.477 -5.501 -5.467 -5.296 -5.053 -5.396 -5.446 -5.293 -5.044 -4.749 -4.383 -5.452 -5.221 -4.887 -4.608 -4.329 -5.206 -4.904 -4.627 -4.425 -4.353 -4.914 -5.092 -4.771 -3.739 -3.239 -2.647 -4.96
0.001232 -5.587 -5.642 -5.656 -5.602 -5.421 -5.17 -5.546 -5.58 -5.418 -5.161 -4.861 -4.49 -5.586 -5.343 -5.001 -4.718 -4.436 -5.328 -5.019 -4.738 -4.534 -4.465 -5.03 -5.211 -4.884 -3.842 -3.339 -2.745 -5.078
0.001269 -5.739 -5.785 -5.792 -5.723 -5.534 -5.277 -5.678 -5.699 -5.53 -5.268 -4.964 -4.589 -5.705 -5.454 -5.105 -4.819 -4.534 -5.438 -5.124 -4.839 -4.635 -4.567 -5.135 -5.319 -4.986 -3.937 -3.432 -2.837 -5.185
0.001308 -5.874 -5.913 -5.914 -5.832 -5.637 -5.375 -5.797 -5.807 -5.633 -5.366 -5.059 -4.682 -5.814 -5.555 -5.202 -4.913 -4.626 -5.539 -5.221 -4.934 -4.728 -4.662 -5.233 -5.418 -5.082 -4.026 -3.52 -2.923 -5.284
0.001347 -5.996 -6.028 -6.025 -5.933 -5.733 -5.467 -5.905 -5.907 -5.729 -5.458 -5.148 -4.769 -5.914 -5.65 -5.292 -5.001 -4.713 -5.634 -5.312 -5.023 -4.817 -4.752 -5.325 -5.511 -5.172 -4.111 -3.604 -3.006 -5.376
0.001388 -6.107 -6.134 -6.127 -6.027 -5.823 -5.555 -6.006 -6.0 -5.819 -5.545 -5.233 -4.852 -6.007 -5.739 -5.378 -5.085 -4.796 -5.723 -5.398 -5.108 -4.901 -4.837 -5.411 -5.599 -5.257 -4.192 -3.684 -3.085 -5.463
0.00143 -6.209 -6.233 -6.223 -6.116 -5.908 -5.638 -6.1 -6.089 -5.905 -5.628 -5.315 -4.932 -6.096 -5.824 -5.46 -5.166 -4.875 -5.807 -5.48 -5.189 -4.981 -4.919 -5.494 -5.683 -5.338 -4.27 -3.761 -3.162 -5.546
0.001473 -6.304 -6.325 -6.312 -6.2 -5.99 -5.717 -6.188 -6.172 -5.986 -5.708 -5.393 -5.009 -6.179 -5.905 -5.539 -5.243 -4.952 -5.888 -5.559 -5.267 -5.059 -4.997 -5.573 -5.763 -5.416 -4.346 -3.836 -3.236 -5.626
0.001518 -6.394 -6.411 -6.397 -6.281 -6.068 -5.794 -6.272 -6.252 -6.065 -5.785 -5.469 -5.083 -6.26 -5.983 -5.615 -5.318 -5.027 -5.966 -5.635 -5.342 -5.134 -5.073 -5.649 -5.84 -5.492 -4.419 -3.909 -3.309 -5.703
0.001564 -6.478 -6.494 -6.478 -6.358 -6.144 -5.868 -6.352 -6.329 -6.14 -5.859 -5.542 -5.156 -6.337 -6.058 -5.689 -5.391 -5.099 -6.041 -5.709 -5.415 -5.207 -5.147 -5.723 -5.914 -5.565 -4.491 -3.981 -3.38 -5.777
0.001611 -6.558 -6.572 -6.555 -6.432 -6.217 -5.94 -6.429 -6.404 -6.213 -5.931 -5.613 -5.227 -6.411 -6.13 -5.76 -5.463 -5.17 -6.114 -5.781 -5.487 -5.278 -5.218 -5.795 -5.987 -5.637 -4.561 -4.051 -3.449 -5.849
0.00166 -6.634 -6.647 -6.629 -6.504 -6.288 -6.011 -6.502 -6.475 -6.284 -6.001 -5.683 -5.296 -6.483 -6.201 -5.83 -5.532 -5.239 -6.184 -5.851 -5.556 -5.348 -5.288 -5.866 -6.057 -5.707 -4.63 -4.119 -3.518 -5.92
0.00171 -6.707 -6.719 -6.7 -6.574 -6.357 -6.079 -6.573 -6.545 -6.353 -6.07 -5.751 -5.364 -6.552 -6.27 -5.899 -5.6 -5.307 -6.253 -5.92 -5.624 -5.416 -5.357 -5.934 -6.126 -5.775 -4.698 -4.187 -3.585 -5.988
0.001761 -6.777 -6.788 -6.769 -6.642 -6.425 -6.147 -6.642 -6.613 -6.421 -6.137 -5.818 -5.431 -6.62 -6.338 -5.966 -5.667 -5.374 -6.321 -5.987 -5.691 -5.483 -5.424 -6.001 -6.193 -5.842 -4.764 -4.253 -3.651 -6.056
0.001815 -6.844 -6.855 -6.836 -6.709 -6.491 -6.212 -6.709 -6.679 -6.487 -6.203 -5.884 -5.497 -6.687 -6.404 -6.032 -5.733 -5.439 -6.387 -6.053 -5.757 -5.549 -5.49 -6.067 -6.259 -5.908 -4.83 -4.319 -3.717 -6.122
0.00187 -6.909 -6.92 -6.901 -6.773 -6.555 -6.277 -6.773 -6.744 -6.552 -6.268 -5.949 -5.561 -6.751 -6.468 -6.096 -5.798 -5.504 -6.452 -6.117 -5.822 -5.614 -5.554 -6.132 -6.324 -5.973 -4.895 -4.383 -3.782 -6.186
0.001926 -6.971 -6.983 -6.964 -6.837 -6.619 -6.341 -6.837 -6.808 -6.615 -6.331 -6.013 -5.625 -6.815 -6.532 -6.16 -5.861 -5.568 -6.515 -6.181 -5.886 -5.677 -5.618 -6.196 -6.387 -6.036 -4.959 -4.447 -3.846 -6.25
0.001984 -7.032 -7.044 -7.025 -6.899 -6.681 -6.404 -6.898 -6.87 -6.678 -6.394 -6.076 -5.688 -6.877 -6.595 -6.223 -5.924 -5.631 -6.578 -6.244 -5.949 -5.74 -5.681 -6.258 -6.45 -6.099 -5.022 -4.511 -3.909 -6.313
0.002044 -7.091 -7.103 -7.085 -6.96 -6.743 -6.465 -6.958 -6.931 -6.739 -6.456 -6.138 -5.751 -6.938 -6.656 -6.285 -5.987 -5.693 -6.639 -6.306 -6.011 -5.803 -5.743 -6.32 -6.512 -6.161 -5.084 -4.573 -3.972 -6.374
0.002106 -7.148 -7.161 -7.144 -7.02 -6.803 -6.526 -7.017 -6.991 -6.8 -6.517 -6.199 -5.812 -6.998 -6.717 -6.346 -6.048 -5.755 -6.7 -6.367 -6.072 -5.864 -5.804 -6.381 -6.573 -6.223 -5.146 -4.636 -4.034 -6.435
0.00217 -7.204 -7.218 -7.201 -7.079 -6.863 -6.587 -7.075 -7.05 -6.86 -6.577 -6.26 -5.873 -7.057 -6.777 -6.407 -6.109 -5.816 -6.76 -6.427 -6.133 -5.925 -5.865 -6.442 -6.633 -6.283 -5.208 -4.697 -4.096 -6.496
0.002236 -7.258 -7.273 -7.257 -7.137 -6.922 -6.646 -7.131 -7.108 -6.918 -6.637 -6.32 -5.934 -7.115 -6.836 -6.467 -6.169 -5.877 -6.819 -6.487 -6.193 -5.985 -5.925 -6.501 -6.692 -6.343 -5.269 -4.758 -4.157 -6.555
0.002303 -7.311 -7.327 -7.312 -7.194 -6.98 -6.705 -7.187 -7.165 -6.977 -6.696 -6.379 -5.994 -7.172 -6.894 -6.526 -6.229 -5.937 -6.878 -6.546 -6.253 -6.045 -5.984 -6.56 -6.751 -6.403 -5.329 -4.819 -4.218 -6.614
0.002373 -7.362 -7.38 -7.366 -7.25 -7.038 -6.764 -7.241 -7.222 -7.034 -6.754 -6.438 -6.053 -7.229 -6.952 -6.585 -6.288 -5.996 -6.935 -6.605 -6.312 -6.104 -6.043 -6.619 -6.809 -6.462 -5.389 -4.879 -4.279 -6.672
0.002445 -7.413 -7.432 -7.419 -7.306 -7.095 -6.821 -7.295 -7.278 -7.091 -6.812 -6.497 -6.112 -7.285 -7.009 -6.643 -6.347 -6.055 -6.993 -6.663 -6.37 -6.163 -6.101 -6.677 -6.867 -6.52 -5.449 -4.939 -4.339 -6.73
0.002519 -7.462 -7.483 -7.472 -7.361 -7.151 -6.879 -7.348 -7.333 -7.147 -6.869 -6.555 -6.171 -7.34 -7.066 -6.7 -6.405 -6.114 -7.049 -6.72 -6.428 -6.221 -6.159 -6.734 -6.924 -6.578 -5.508 -4.999 -4.399 -6.787
0.002595 -7.511 -7.534 -7.523 -7.415 -7.207 -6.935 -7.4 -7.387 -7.203 -6.926 -6.612 -6.229 -7.394 -7.122 -6.758 -6.463 -6.172 -7.105 -6.778 -6.486 -6.279 -6.216 -6.791 -6.98 -6.635 -5.567 -5.058 -4.458 -6.844
0.002673 -7.558 -7.583 -7.574 -7.469 -7.262 -6.992 -7.451 -7.441 -7.258 -6.982 -6.669 -6.287 -7.448 -7.177 -6.814 -6.52 -6.23 -7.161 -6.834 -6.543 -6.336 -6.273 -6.848 -7.036 -6.692 -5.625 -5.117 -4.517 -6.9
0.002754 -7.605 -7.631 -7.623 -7.522 -7.316 -7.047 -7.502 -7.495 -7.313 -7.038 -6.726 -6.344 -7.502 -7.232 -6.871 -6.577 -6.288 -7.216 -6.89 -6.6 -6.393 -6.33 -6.904 -7.092 -6.749 -5.684 -5.175 -4.576 -6.956
0.002837 -7.65 -7.679 -7.673 -7.574 -7.37 -7.103 -7.552 -7.547 -7.367 -7.094 -6.782 -6.401 -7.554 -7.287 -6.927 -6.634 -6.345 -7.271 -6.946 -6.656 -6.45 -6.386 -6.959 -7.147 -6.805 -5.741 -5.234 -4.635 -7.011
0.002923 -7.695 -7.725 -7.721 -7.626 -7.424 -7.158 -7.601 -7.6 -7.421 -7.149 -6.838 -6.458 -7.606 -7.341 -6.982 -6.69 -6.402 -7.325 -7.002 -6.712 -6.506 -6.442 -7.015 -7.202 -6.861 -5.799 -5.292 -4.693 -7.066
0.003012 -7.739 -7.772 -7.769 -7.678 -7.477 -7.212 -7.649 -7.651 -7.474 -7.203 -6.894 -6.514 -7.658 -7.395 -7.037 -6.746 -6.458 -7.379 -7.057 -6.768 -6.562 -6.497 -7.07 -7.256 -6.917 -5.856 -5.349 -4.751 -7.121
0.003103 -7.782 -7.817 -7.816 -7.728 -7.53 -7.267 -7.697 -7.703 -7.527 -7.258 -6.949 -6.57 -7.709 -7.448 -7.092 -6.802 -6.514 -7.432 -7.111 -6.824 -6.618 -6.552 -7.124 -7.31 -6.972 -5.913 -5.407 -4.809 -7.175
0.003196 -7.824 -7.862 -7.862 -7.779 -7.583 -7.321 -7.745 -7.753 -7.579 -7.311 -7.004 -6.626 -7.76 -7.501 -7.147 -6.857 -6.57 -7.485 -7.166 -6.879 -6.673 -6.607 -7.178 -7.364 -7.027 -5.97 -5.464 -4.867 -7.229
0.003293 -7.866 -7.906 -7.908 -7.829 -7.635 -7.374 -7.792 -7.804 -7.631 -7.365 -7.058 -6.682 -7.81 -7.554 -7.201 -6.912 -6.626 -7.538 -7.22 -6.934 -6.728 -6.662 -7.232 -7.417 -7.081 -6.027 -5.521 -4.924 -7.282
0.003393 -7.907 -7.949 -7.953 -7.878 -7.686 -7.427 -7.838 -7.854 -7.683 -7.418 -7.113 -6.737 -7.86 -7.606 -7.255 -6.967 -6.682 -7.59 -7.274 -6.988 -6.783 -6.716 -7.286 -7.47 -7.136 -6.083 -5.578 -4.982 -7.336
0.003495 -7.947 -7.992 -7.998 -7.928 -7.738 -7.48 -7.884 -7.903 -7.734 -7.471 -7.167 -6.792 -7.91 -7.658 -7.309 -7.022 -6.737 -7.642 -7.327 -7.042 -6.838 -6.77 -7.339 -7.522 -7.19 -6.139 -5.635 -5.039 -7.389
0.003601 -7.986 -8.034 -8.042 -7.976 -7.789 -7.533 -7.929 -7.952 -7.785 -7.524 -7.221 -6.847 -7.959 -7.709 -7.362 -7.076 -6.792 -7.693 -7.38 -7.097 -6.892 -6.824 -7.392 -7.575 -7.243 -6.195 -5.691 -5.096 -7.441
0.00371 -8.025 -8.075 -8.086 -8.025 -7.839 -7.585 -7.974 -8.001 -7.836 -7.576 -7.274 -6.902 -8.007 -7.76 -7.415 -7.13 -6.847 -7.745 -7.433 -7.15 -6.946 -6.877 -7.445 -7.627 -7.297 -6.251 -5.748 -5.152 -7.493
0.003822 -8.063 -8.116 -8.129 -8.073 -7.89 -7.637 -8.018 -8.049 -7.886 -7.628 -7.328 -6.956 -8.056 -7.811 -7.468 -7.184 -6.901 -7.796 -7.486 -7.204 -7.0 -6.931 -7.497 -7.678 -7.35 -6.307 -5.804 -5.209 -7.545
0.003938 -8.101 -8.157 -8.172 -8.12 -7.939 -7.689 -8.062 -8.097 -7.936 -7.68 -7.381 -7.01 -8.104 -7.862 -7.521 -7.238 -6.955 -7.846 -7.538 -7.257 -7.054 -6.984 -7.549 -7.73 -7.403 -6.362 -5.86 -5.265 -7.597
0.004057 -8.138 -8.197 -8.214 -8.167 -7.989 -7.741 -8.106 -8.145 -7.986 -7.732 -7.433 -7.064 -8.151 -7.912 -7.573 -7.291 -7.01 -7.897 -7.59 -7.31 -7.107 -7.037 -7.601 -7.781 -7.456 -6.417 -5.916 -5.322 -7.649
0.00418 -8.174 -8.236 -8.256 -8.214 -8.038 -7.792 -8.149 -8.192 -8.035 -7.783 -7.486 -7.118 -8.198 -7.962 -7.625 -7.344 -7.063 -7.947 -7.642 -7.363 -7.161 -7.09 -7.653 -7.832 -7.508 -6.472 -5.971 -5.378 -7.7
0.004306 -8.21 -8.275 -8.297 -8.26 -8.088 -7.843 -8.191 -8.239 -8.084 -7.834 -7.538 -7.171 -8.245 -8.012 -7.677 -7.397 -7.117 -7.997 -7.694 -7.416 -7.214 -7.142 -7.704 -7.882 -7.561 -6.527 -6.027 -5.434 -7.751
0.004436 -8.246 -8.313 -8.338 -8.307 -8.136 -7.894 -8.234 -8.286 -8.133 -7.885 -7.591 -7.225 -8.292 -8.061 -7.729 -7.45 -7.171 -8.046 -7.745 -7.468 -7.267 -7.195 -7.755 -7.933 -7.613 -6.582 -6.082 -5.49 -7.801
0.00457 -8.28 -8.351 -8.378 -8.352 -8.185 -7.944 -8.275 -8.332 -8.181 -7.935 -7.643 -7.278 -8.338 -8.111 -7.78 -7.502 -7.224 -8.096 -7.797 -7.521 -7.319 -7.247 -7.806 -7.983 -7.665 -6.637 -6.137 -5.546 -7.852
0.004709 -8.314 -8.388 -8.418 -8.398 -8.233 -7.995 -8.317 -8.378 -8.23 -7.986 -7.694 -7.331 -8.384 -8.159 -7.831 -7.555 -7.277 -8.145 -7.848 -7.573 -7.372 -7.299 -7.857 -8.032 -7.716 -6.691 -6.192 -5.601 -7.902
0.004851 -8.348 -8.425 -8.457 -8.443 -8.281 -8.045 -8.358 -8.423 -8.277 -8.036 -7.746 -7.384 -8.429 -8.208 -7.882 -7.607 -7.33 -8.193 -7.898 -7.625 -7.424 -7.351 -7.907 -8.082 -7.768 -6.745 -6.247 -5.657 -7.952
0.004998 -8.381 -8.461 -8.496 -8.487 -8.329 -8.094 -8.399 -8.468 -8.325 -8.086 -7.797 -7.437 -8.474 -8.257 -7.933 -7.659 -7.383 -8.242 -7.949 -7.677 -7.477 -7.403 -7.957 -8.131 -7.819 -6.799 -6.302 -5.712 -8.002
0.005149 -8.414 -8.497 -8.535 -8.532 -8.376 -8.144 -8.439 -8.513 -8.372 -8.135 -7.848 -7.489 -8.519 -8.305 -7.984 -7.711 -7.436 -8.29 -7.999 -7.728 -7.529 -7.454 -8.007 -8.181 -7.87 -6.853 -6.357 -5.767 -8.051
0.005305 -8.446 -8.532 -8.573 -8.576 -8.423 -8.193 -8.479 -8.558 -8.42 -8.185 -7.899 -7.541 -8.564 -8.353 -8.034 -7.762 -7.489 -8.338 -8.05 -7.78 -7.581 -7.506 -8.057 -8.229 -7.921 -6.907 -6.411 -5.823 -8.101
0.005465 -8.477 -8.567 -8.611 -8.62 -8.47 -8.243 -8.519 -8.602 -8.467 -8.234 -7.95 -7.594 -8.608 -8.4 -8.084 -7.814 -7.541 -8.386 -8.1 -7.831 -7.632 -7.557 -8.107 -8.278 -7.972 -6.961 -6.466 -5.878 -8.15
0.00563 -8.508 -8.601 -8.648 -8.663 -8.517 -8.292 -8.558 -8.646 -8.513 -8.283 -8.001 -7.646 -8.652 -8.448 -8.134 -7.865 -7.593 -8.434 -8.149 -7.882 -7.684 -7.608 -8.156 -8.327 -8.022 -7.015 -6.52 -5.933 -8.199
0.005801 -8.539 -8.635 -8.685 -8.706 -8.563 -8.34 -8.597 -8.69 -8.56 -8.332 -8.051 -7.698 -8.695 -8.495 -8.184 -7.916 -7.645 -8.481 -8.199 -7.933 -7.735 -7.659 -8.206 -8.375 -8.072 -7.068 -6.575 -5.987 -8.248
0.005976 -8.569 -8.668 -8.721 -8.749 -8.609 -8.389 -8.635 -8.734 -8.606 -8.38 -8.102 -7.749 -8.739 -8.542 -8.234 -7.967 -7.697 -8.528 -8.248 -7.984 -7.787 -7.71 -8.255 -8.423 -8.123 -7.122 -6.629 -6.042 -8.296
0.006157 -8.598 -8.701 -8.757 -8.792 -8.655 -8.437 -8.673 -8.777 -8.652 -8.429 -8.152 -7.801 -8.782 -8.589 -8.283 -8.018 -7.749 -8.575 -8.298 -8.034 -7.838 -7.761 -8.304 -8.471 -8.173 -7.175 -6.683 -6.097 -8.344
0.006343 -8.627 -8.734 -8.793 -8.834 -8.7 -8.485 -8.711 -8.819 -8.697 -8.477 -8.202 -7.853 -8.825 -8.635 -8.332 -8.069 -7.801 -8.622 -8.347 -8.085 -7.889 -7.811 -8.352 -8.518 -8.222 -7.228 -6.737 -6.152 -8.392
0.006535 -8.655 -8.766 -8.828 -8.876 -8.746 -8.533 -8.749 -8.862 -8.743 -8.525 -8.251 -7.904 -8.867 -8.681 -8.381 -8.119 -7.852 -8.669 -8.396 -8.135 -7.94 -7.862 -8.401 -8.566 -8.272 -7.281 -6.79 -6.206 -8.44
0.006732 -8.683 -8.797 -8.863 -8.918 -8.791 -8.581 -8.786 -8.904 -8.788 -8.573 -8.301 -7.955 -8.909 -8.727 -8.43 -8.17 -7.904 -8.715 -8.444 -8.185 -7.991 -7.912 -8.449 -8.613 -8.322 -7.334 -6.844 -6.26 -8.488
0.006936 -8.711 -8.828 -8.897 -8.959 -8.836 -8.629 -8.823 -8.946 -8.833 -8.62 -8.35 -8.006 -8.951 -8.773 -8.479 -8.22 -7.955 -8.761 -8.493 -8.235 -8.041 -7.963 -8.497 -8.66 -8.371 -7.387 -6.898 -6.315 -8.536
0.007146 -8.738 -8.859 -8.931 -9.0 -8.881 -8.676 -8.86 -8.988 -8.877 -8.668 -8.4 -8.057 -8.993 -8.819 -8.528 -8.27 -8.006 -8.807 -8.541 -8.285 -8.092 -8.013 -8.545 -8.707 -8.42 -7.439 -6.951 -6.369 -8.583
0.007362 -8.764 -8.889 -8.965 -9.041 -8.925 -8.723 -8.896 -9.029 -8.922 -8.715 -8.449 -8.108 -9.034 -8.864 -8.576 -8.32 -8.057 -8.852 -8.59 -8.335 -8.142 -8.063 -8.593 -8.753 -8.469 -7.492 -7.005 -6.423 -8.63
0.007585 -8.79 -8.918 -8.998 -9.081 -8.969 -8.77 -8.932 -9.07 -8.966 -8.762 -8.498 -8.158 -9.075 -8.909 -8.624 -8.37 -8.108 -8.898 -8.638 -8.384 -8.192 -8.113 -8.64 -8.8 -8.518 -7.545 -7.058 -6.477 -8.677
0.007814 -8.816 -8.948 -9.031 -9.121 -9.013 -8.817 -8.967 -9.111 -9.01 -8.809 -8.546 -8.209 -9.116 -8.954 -8.672 -8.419 -8.159 -8.943 -8.686 -8.433 -8.243 -8.163 -8.688 -8.846 -8.567 -7.597 -7.111 -6.531 -8.724
0.00805 -8.841 -8.976 -9.064 -9.161 -9.057 -8.864 -9.003 -9.152 -9.054 -8.855 -8.595 -8.259 -9.156 -8.999 -8.72 -8.469 -8.21 -8.988 -8.733 -8.483 -8.293 -8.212 -8.735 -8.892 -8.615 -7.649 -7.165 -6.585 -8.771
0.008294 -8.865 -9.005 -9.096 -9.201 -9.1 -8.91 -9.038 -9.192 -9.097 -8.902 -8.644 -8.31 -9.196 -9.043 -8.768 -8.518 -8.26 -9.033 -8.781 -8.532 -8.342 -8.262 -8.782 -8.938 -8.663 -7.701 -7.218 -6.639 -8.817
0.008545 -8.889 -9.032 -9.127 -9.24 -9.144 -8.956 -9.072 -9.232 -9.14 -8.948 -8.692 -8.36 -9.236 -9.088 -8.815 -8.567 -8.311 -9.077 -8.828 -8.581 -8.392 -8.311 -8.829 -8.983 -8.712 -7.754 -7.271 -6.693 -8.863
0.008803 -8.913 -9.06 -9.159 -9.279 -9.187 -9.002 -9.107 -9.272 -9.183 -8.994 -8.74 -8.41 -9.276 -9.132 -8.863 -8.616 -8.361 -9.122 -8.875 -8.63 -8.442 -8.361 -8.876 -9.029 -8.76 -7.806 -7.324 -6.746 -8.909
0.009069 -8.936 -9.087 -9.189 -9.318 -9.229 -9.048 -9.141 -9.311 -9.226 -9.04 -8.788 -8.46 -9.315 -9.176 -8.91 -8.665 -8.411 -9.166 -8.922 -8.678 -8.491 -8.41 -8.922 -9.074 -8.808 -7.857 -7.377 -6.8 -8.955
0.009344 -8.959 -9.113 -9.22 -9.356 -9.272 -9.094 -9.175 -9.35 -9.269 -9.086 -8.836 -8.509 -9.354 -9.219 -8.957 -8.714 -8.461 -9.21 -8.969 -8.727 -8.541 -8.459 -8.968 -9.119 -8.855 -7.909 -7.429 -6.854 -9.001
