web/models/grb/offaxis/22/grb_0.2967_37.2759_6.3095734.dat
# %ECSV 1.0
# ---
# datatype:
# - {name: time, datatype: float64}
# - {name: swift_uvot_uvw2, datatype: float64}
# - {name: swift_uvot_uvm2, datatype: float64}
# - {name: swift_uvot_uvw1, datatype: float64}
# - {name: swift_uvot_U, datatype: float64}
# - {name: swift_uvot_B, datatype: float64}
# - {name: swift_uvot_V, datatype: float64}
# - {name: swift_uvot_W, datatype: float64}
# - {name: johnson_U, datatype: float64}
# - {name: johnson_B, datatype: float64}
# - {name: johnson_V, datatype: float64}
# - {name: johnson_R, datatype: float64}
# - {name: johnson_I, datatype: float64}
# - {name: sdss_u, datatype: float64}
# - {name: sdss_g, datatype: float64}
# - {name: sdss_r, datatype: float64}
# - {name: sdss_i, datatype: float64}
# - {name: sdss_z, datatype: float64}
# - {name: PS1_g, datatype: float64}
# - {name: PS1_r, datatype: float64}
# - {name: PS1_i, datatype: float64}
# - {name: PS1_z, datatype: float64}
# - {name: PS1_Y, datatype: float64}
# - {name: PS1_w, datatype: float64}
# - {name: ATLAS_c, datatype: float64}
# - {name: ATLAS_o, datatype: float64}
# - {name: ukirt_J, datatype: float64}
# - {name: ukirt_H, datatype: float64}
# - {name: ukirt_K, datatype: float64}
# - {name: Clear, datatype: float64}
# meta: !!omap
# - comment: [E = 0.016176451642579408, Eta0 = 8.02, GammaB = 12.0, dL = 0.012188, epsb = 6.760829753919819e-06, epse = 0.1, n = 6.30957344480193,
#     p = 2.15, theta_obs = 0.29670597283903605, xiN = 1.0, z = 0.0, type = grb, E_kiso = 37.27593720314942]
# schema: astropy-2.0
time swift_uvot_uvw2 swift_uvot_uvm2 swift_uvot_uvw1 swift_uvot_U swift_uvot_B swift_uvot_V swift_uvot_W johnson_U johnson_B johnson_V johnson_R johnson_I sdss_u sdss_g sdss_r sdss_i sdss_z PS1_g PS1_r PS1_i PS1_z PS1_Y PS1_w ATLAS_c ATLAS_o ukirt_J ukirt_H ukirt_K Clear
[from data line 155]
0.4023 -7.341 -7.292 -7.367 -7.559 -7.702 -7.841 -7.48 -7.582 -7.704 -7.846 -7.987 -8.135 -7.577 -7.749 -7.921 -8.042 -8.153 -7.813 -7.956 -8.076 -8.175 -8.343 -7.919 -7.824 -7.977 -8.365 -8.534 -8.724 -8.009
0.412 -7.348 -7.299 -7.374 -7.567 -7.709 -7.848 -7.487 -7.589 -7.711 -7.853 -7.994 -8.142 -7.584 -7.757 -7.928 -8.049 -8.16 -7.82 -7.963 -8.083 -8.182 -8.35 -7.926 -7.831 -7.984 -8.372 -8.541 -8.731 -8.016
0.422 -7.355 -7.306 -7.381 -7.574 -7.716 -7.855 -7.494 -7.596 -7.719 -7.86 -8.001 -8.149 -7.591 -7.764 -7.936 -8.056 -8.167 -7.827 -7.97 -8.09 -8.189 -8.357 -7.933 -7.838 -7.991 -8.379 -8.548 -8.738 -8.023
0.4322 -7.363 -7.313 -7.388 -7.581 -7.723 -7.862 -7.502 -7.603 -7.726 -7.868 -8.008 -8.157 -7.598 -7.771 -7.943 -8.063 -8.174 -7.835 -7.977 -8.097 -8.196 -8.364 -7.94 -7.845 -7.998 -8.386 -8.555 -8.746 -8.031
0.4426 -7.37 -7.32 -7.395 -7.588 -7.73 -7.87 -7.509 -7.61 -7.733 -7.875 -8.015 -8.164 -7.605 -7.778 -7.95 -8.07 -8.181 -7.842 -7.984 -8.104 -8.203 -8.371 -7.948 -7.852 -8.005 -8.393 -8.562 -8.753 -8.038
0.4533 -7.377 -7.327 -7.402 -7.595 -7.738 -7.877 -7.516 -7.617 -7.74 -7.882 -8.022 -8.171 -7.612 -7.785 -7.957 -8.078 -8.188 -7.849 -7.991 -8.111 -8.21 -8.378 -7.955 -7.859 -8.012 -8.4 -8.57 -8.76 -8.045
0.4642 -7.384 -7.334 -7.409 -7.602 -7.745 -7.884 -7.523 -7.625 -7.747 -7.889 -8.029 -8.178 -7.62 -7.792 -7.964 -8.085 -8.195 -7.856 -7.998 -8.118 -8.217 -8.386 -7.962 -7.867 -8.019 -8.407 -8.577 -8.767 -8.052
0.4754 -7.391 -7.342 -7.416 -7.609 -7.752 -7.891 -7.53 -7.632 -7.754 -7.896 -8.037 -8.185 -7.627 -7.799 -7.971 -8.092 -8.202 -7.863 -8.006 -8.125 -8.224 -8.393 -7.969 -7.874 -8.026 -8.414 -8.584 -8.774 -8.059
0.4869 -7.398 -7.349 -7.423 -7.616 -7.759 -7.898 -7.537 -7.639 -7.761 -7.903 -8.044 -8.192 -7.634 -7.806 -7.978 -8.099 -8.21 -7.87 -8.013 -8.133 -8.232 -8.4 -7.976 -7.881 -8.034 -8.422 -8.591 -8.781 -8.066
0.4986 -7.401 -7.351 -7.426 -7.619 -7.761 -7.901 -7.54 -7.641 -7.764 -7.906 -8.046 -8.195 -7.636 -7.809 -7.981 -8.101 -8.212 -7.873 -8.015 -8.135 -8.234 -8.402 -7.979 -7.883 -8.036 -8.424 -8.593 -8.784 -8.069
0.5106 -7.403 -7.354 -7.429 -7.622 -7.764 -7.903 -7.542 -7.644 -7.766 -7.908 -8.049 -8.197 -7.639 -7.811 -7.983 -8.104 -8.215 -7.875 -8.018 -8.138 -8.237 -8.405 -7.981 -7.886 -8.039 -8.427 -8.596 -8.786 -8.071
0.523 -7.406 -7.356 -7.431 -7.624 -7.767 -7.906 -7.545 -7.646 -7.769 -7.911 -8.051 -8.2 -7.641 -7.814 -7.986 -8.107 -8.217 -7.878 -8.02 -8.14 -8.239 -8.407 -7.984 -7.888 -8.041 -8.429 -8.598 -8.789 -8.074
0.5356 -7.408 -7.359 -7.434 -7.627 -7.769 -7.908 -7.547 -7.649 -7.771 -7.913 -8.054 -8.202 -7.644 -7.817 -7.988 -8.109 -8.22 -7.88 -8.023 -8.143 -8.242 -8.41 -7.986 -7.891 -8.044 -8.432 -8.601 -8.791 -8.076
0.5485 -7.411 -7.361 -7.436 -7.629 -7.772 -7.911 -7.55 -7.652 -7.774 -7.916 -8.056 -8.205 -7.647 -7.819 -7.991 -8.112 -8.222 -7.883 -8.025 -8.145 -8.244 -8.413 -7.989 -7.894 -8.046 -8.434 -8.604 -8.794 -8.079
0.5617 -7.413 -7.364 -7.439 -7.632 -7.774 -7.913 -7.552 -7.654 -7.777 -7.918 -8.059 -8.207 -7.649 -7.822 -7.994 -8.114 -8.225 -7.885 -8.028 -8.148 -8.247 -8.415 -7.991 -7.896 -8.049 -8.437 -8.606 -8.797 -8.082
0.5753 -7.416 -7.366 -7.441 -7.634 -7.777 -7.916 -7.555 -7.657 -7.779 -7.921 -8.061 -8.21 -7.652 -7.824 -7.996 -8.117 -8.227 -7.888 -8.031 -8.15 -8.249 -8.418 -7.994 -7.899 -8.051 -8.439 -8.609 -8.799 -8.084
0.5891 -7.418 -7.369 -7.444 -7.637 -7.779 -7.918 -7.558 -7.659 -7.782 -7.924 -8.064 -8.213 -7.654 -7.827 -7.999 -8.119 -8.23 -7.891 -8.033 -8.153 -8.252 -8.42 -7.996 -7.901 -8.054 -8.442 -8.611 -8.802 -8.087
0.6034 -7.421 -7.372 -7.446 -7.639 -7.782 -7.921 -7.56 -7.662 -7.784 -7.926 -8.067 -8.215 -7.657 -7.829 -8.001 -8.122 -8.233 -7.893 -8.036 -8.155 -8.255 -8.423 -7.999 -7.904 -8.057 -8.444 -8.614 -8.804 -8.089
0.6179 -7.428 -7.378 -7.453 -7.646 -7.789 -7.928 -7.567 -7.668 -7.791 -7.933 -8.073 -8.222 -7.663 -7.836 -8.008 -8.129 -8.239 -7.9 -8.042 -8.162 -8.261 -8.429 -8.006 -7.91 -8.063 -8.451 -8.621 -8.811 -8.096
0.6328 -7.458 -7.408 -7.483 -7.676 -7.818 -7.958 -7.597 -7.698 -7.821 -7.963 -8.103 -8.252 -7.693 -7.866 -8.038 -8.159 -8.269 -7.93 -8.072 -8.192 -8.291 -8.459 -8.036 -7.94 -8.093 -8.481 -8.65 -8.841 -8.126
0.6481 -7.488 -7.438 -7.513 -7.706 -7.848 -7.988 -7.627 -7.728 -7.851 -7.993 -8.133 -8.282 -7.723 -7.896 -8.068 -8.188 -8.299 -7.96 -8.102 -8.222 -8.321 -8.489 -8.066 -7.97 -8.123 -8.511 -8.68 -8.871 -8.156
0.6637 -7.518 -7.468 -7.543 -7.736 -7.878 -8.017 -7.657 -7.758 -7.881 -8.023 -8.163 -8.312 -7.753 -7.926 -8.098 -8.218 -8.329 -7.99 -8.132 -8.252 -8.351 -8.519 -8.095 -8.0 -8.153 -8.541 -8.71 -8.901 -8.186
0.6797 -7.548 -7.498 -7.573 -7.766 -7.908 -8.047 -7.687 -7.788 -7.911 -8.053 -8.193 -8.342 -7.783 -7.956 -8.128 -8.248 -8.359 -8.02 -8.162 -8.282 -8.381 -8.549 -8.125 -8.03 -8.183 -8.571 -8.74 -8.931 -8.216
0.6961 -7.578 -7.528 -7.603 -7.796 -7.938 -8.077 -7.717 -7.818 -7.941 -8.083 -8.223 -8.372 -7.813 -7.986 -8.158 -8.278 -8.389 -8.05 -8.192 -8.312 -8.411 -8.579 -8.155 -8.06 -8.213 -8.601 -8.77 -8.961 -8.246
0.7129 -7.607 -7.558 -7.633 -7.826 -7.968 -8.107 -7.747 -7.848 -7.971 -8.112 -8.253 -8.402 -7.843 -8.016 -8.188 -8.308 -8.419 -8.079 -8.222 -8.342 -8.441 -8.609 -8.185 -8.09 -8.243 -8.631 -8.8 -8.991 -8.276
0.7301 -7.637 -7.588 -7.663 -7.856 -7.998 -8.137 -7.776 -7.878 -8.001 -8.142 -8.283 -8.431 -7.873 -8.046 -8.218 -8.338 -8.449 -8.109 -8.252 -8.372 -8.471 -8.639 -8.215 -8.12 -8.273 -8.661 -8.83 -9.021 -8.306
0.7477 -7.667 -7.618 -7.693 -7.886 -8.028 -8.167 -7.806 -7.908 -8.031 -8.172 -8.313 -8.461 -7.903 -8.076 -8.247 -8.368 -8.479 -8.139 -8.282 -8.402 -8.501 -8.669 -8.245 -8.15 -8.303 -8.691 -8.86 -9.05 -8.335
0.7658 -7.697 -7.648 -7.723 -7.916 -8.058 -8.197 -7.836 -7.938 -8.06 -8.202 -8.343 -8.491 -7.933 -8.106 -8.277 -8.398 -8.509 -8.169 -8.312 -8.432 -8.531 -8.699 -8.275 -8.18 -8.333 -8.721 -8.89 -9.08 -8.365
0.7842 -7.718 -7.669 -7.744 -7.937 -8.079 -8.218 -7.857 -7.959 -8.081 -8.223 -8.364 -8.512 -7.954 -8.127 -8.298 -8.419 -8.53 -8.19 -8.333 -8.453 -8.552 -8.72 -8.296 -8.201 -8.354 -8.742 -8.911 -9.101 -8.386
0.8032 -7.718 -7.668 -7.743 -7.936 -8.078 -8.218 -7.857 -7.958 -8.081 -8.223 -8.363 -8.512 -7.953 -8.126 -8.298 -8.419 -8.529 -8.19 -8.332 -8.452 -8.551 -8.719 -8.296 -8.2 -8.353 -8.741 -8.91 -9.101 -8.386
0.8225 -7.717 -7.668 -7.743 -7.936 -8.078 -8.217 -7.856 -7.958 -8.08 -8.222 -8.363 -8.511 -7.953 -8.125 -8.297 -8.418 -8.529 -8.189 -8.332 -8.452 -8.551 -8.719 -8.295 -8.2 -8.353 -8.741 -8.91 -9.1 -8.385
0.8424 -7.717 -7.667 -7.742 -7.935 -8.077 -8.217 -7.856 -7.957 -8.08 -8.222 -8.362 -8.511 -7.952 -8.125 -8.297 -8.417 -8.528 -8.189 -8.331 -8.451 -8.55 -8.718 -8.295 -8.199 -8.352 -8.74 -8.909 -9.1 -8.385
0.8627 -7.716 -7.667 -7.741 -7.934 -8.077 -8.216 -7.855 -7.957 -8.079 -8.221 -8.362 -8.51 -7.952 -8.124 -8.296 -8.417 -8.528 -8.188 -8.331 -8.451 -8.55 -8.718 -8.294 -8.199 -8.352 -8.74 -8.909 -9.099 -8.384
0.8835 -7.716 -7.666 -7.741 -7.934 -8.076 -8.215 -7.855 -7.956 -8.079 -8.221 -8.361 -8.51 -7.951 -8.124 -8.296 -8.416 -8.527 -8.188 -8.33 -8.45 -8.549 -8.717 -8.293 -8.198 -8.351 -8.739 -8.908 -9.099 -8.384
0.9048 -7.715 -7.666 -7.74 -7.933 -8.076 -8.215 -7.854 -7.956 -8.078 -8.22 -8.361 -8.509 -7.951 -8.123 -8.295 -8.416 -8.526 -8.187 -8.33 -8.449 -8.548 -8.717 -8.293 -8.198 -8.35 -8.738 -8.908 -9.098 -8.383
0.9266 -7.714 -7.665 -7.74 -7.933 -8.075 -8.214 -7.854 -7.955 -8.078 -8.22 -8.36 -8.509 -7.95 -8.123 -8.295 -8.415 -8.526 -8.187 -8.329 -8.449 -8.548 -8.716 -8.292 -8.197 -8.35 -8.738 -8.907 -9.098 -8.383
0.949 -7.714 -7.664 -7.739 -7.932 -8.075 -8.214 -7.853 -7.955 -8.077 -8.219 -8.359 -8.508 -7.95 -8.122 -8.294 -8.415 -8.525 -8.186 -8.329 -8.448 -8.547 -8.716 -8.292 -8.197 -8.349 -8.737 -8.907 -9.097 -8.382
0.9719 -7.713 -7.664 -7.739 -7.932 -8.074 -8.213 -7.852 -7.954 -8.077 -8.218 -8.359 -8.507 -7.949 -8.122 -8.294 -8.414 -8.525 -8.185 -8.328 -8.448 -8.547 -8.715 -8.291 -8.196 -8.349 -8.737 -8.906 -9.096 -8.381
0.9953 -7.712 -7.663 -7.737 -7.93 -8.073 -8.212 -7.851 -7.953 -8.075 -8.217 -8.358 -8.506 -7.948 -8.12 -8.292 -8.413 -8.524 -8.184 -8.327 -8.446 -8.546 -8.714 -8.29 -8.195 -8.348 -8.735 -8.905 -9.095 -8.38
1.0194 -7.71 -7.66 -7.735 -7.928 -8.07 -8.21 -7.849 -7.95 -8.073 -8.215 -8.355 -8.504 -7.945 -8.118 -8.29 -8.411 -8.521 -8.182 -8.324 -8.444 -8.543 -8.711 -8.288 -8.192 -8.345 -8.733 -8.902 -9.093 -8.378
1.0439 -7.707 -7.658 -7.733 -7.926 -8.068 -8.207 -7.846 -7.948 -8.071 -8.212 -8.353 -8.501 -7.943 -8.116 -8.288 -8.408 -8.519 -8.179 -8.322 -8.442 -8.541 -8.709 -8.285 -8.19 -8.343 -8.731 -8.9 -9.09 -8.375
1.0691 -7.705 -7.656 -7.73 -7.923 -8.066 -8.205 -7.844 -7.946 -8.068 -8.21 -8.351 -8.499 -7.941 -8.113 -8.285 -8.406 -8.516 -8.177 -8.32 -8.439 -8.538 -8.707 -8.283 -8.188 -8.34 -8.728 -8.898 -9.088 -8.373
1.0949 -7.703 -7.653 -7.728 -7.921 -8.063 -8.203 -7.842 -7.943 -8.066 -8.208 -8.348 -8.497 -7.938 -8.111 -8.283 -8.404 -8.514 -8.175 -8.317 -8.437 -8.536 -8.704 -8.281 -8.185 -8.338 -8.726 -8.895 -9.086 -8.371
1.1213 -7.7 -7.651 -7.726 -7.919 -8.061 -8.2 -7.839 -7.941 -8.064 -8.205 -8.346 -8.494 -7.936 -8.109 -8.28 -8.401 -8.512 -8.172 -8.315 -8.435 -8.534 -8.702 -8.278 -8.183 -8.336 -8.724 -8.893 -9.083 -8.368
1.1484 -7.698 -7.649 -7.723 -7.916 -8.059 -8.198 -7.837 -7.939 -8.061 -8.203 -8.344 -8.492 -7.934 -8.106 -8.278 -8.399 -8.509 -8.17 -8.313 -8.432 -8.531 -8.7 -8.276 -8.181 -8.333 -8.721 -8.891 -9.081 -8.366
1.1761 -7.696 -7.646 -7.721 -7.914 -8.056 -8.196 -7.835 -7.936 -8.059 -8.201 -8.341 -8.49 -7.931 -8.104 -8.276 -8.396 -8.507 -8.168 -8.31 -8.43 -8.529 -8.697 -8.274 -8.178 -8.331 -8.719 -8.888 -9.079 -8.364
1.2044 -7.693 -7.644 -7.719 -7.912 -8.054 -8.193 -7.832 -7.934 -8.056 -8.198 -8.339 -8.487 -7.929 -8.102 -8.273 -8.394 -8.505 -8.165 -8.308 -8.428 -8.527 -8.695 -8.271 -8.176 -8.329 -8.717 -8.886 -9.076 -8.361
1.2335 -7.691 -7.642 -7.716 -7.909 -8.052 -8.191 -7.83 -7.932 -8.054 -8.196 -8.336 -8.485 -7.927 -8.099 -8.271 -8.392 -8.502 -8.163 -8.306 -8.425 -8.524 -8.693 -8.269 -8.174 -8.326 -8.714 -8.884 -9.074 -8.359
1.2633 -7.691 -7.642 -7.716 -7.909 -8.052 -8.191 -7.83 -7.932 -8.054 -8.196 -8.337 -8.485 -7.927 -8.099 -8.271 -8.392 -8.502 -8.163 -8.306 -8.425 -8.524 -8.693 -8.269 -8.174 -8.326 -8.714 -8.884 -9.074 -8.359
1.2937 -7.693 -7.643 -7.718 -7.911 -8.053 -8.193 -7.832 -7.933 -8.056 -8.198 -8.338 -8.487 -7.928 -8.101 -8.273 -8.394 -8.504 -8.165 -8.307 -8.427 -8.526 -8.694 -8.271 -8.175 -8.328 -8.716 -8.885 -9.076 -8.361
1.3249 -7.694 -7.645 -7.72 -7.913 -8.055 -8.194 -7.834 -7.935 -8.058 -8.199 -8.34 -8.489 -7.93 -8.103 -8.275 -8.395 -8.506 -8.166 -8.309 -8.429 -8.528 -8.696 -8.272 -8.177 -8.33 -8.718 -8.887 -9.078 -8.363
1.3569 -7.696 -7.647 -7.722 -7.914 -8.057 -8.196 -7.835 -7.937 -8.059 -8.201 -8.342 -8.49 -7.932 -8.104 -8.276 -8.397 -8.508 -8.168 -8.311 -8.431 -8.53 -8.698 -8.274 -8.179 -8.332 -8.72 -8.889 -9.079 -8.364
1.3896 -7.698 -7.648 -7.723 -7.916 -8.059 -8.198 -7.837 -7.939 -8.061 -8.203 -8.343 -8.492 -7.934 -8.106 -8.278 -8.399 -8.509 -8.17 -8.312 -8.432 -8.531 -8.7 -8.276 -8.181 -8.333 -8.721 -8.891 -9.081 -8.366
1.4232 -7.7 -7.65 -7.725 -7.918 -8.06 -8.199 -7.839 -7.94 -8.063 -8.205 -8.345 -8.494 -7.935 -8.108 -8.28 -8.4 -8.511 -8.172 -8.314 -8.434 -8.533 -8.701 -8.277 -8.182 -8.335 -8.723 -8.892 -9.083 -8.368
1.4575 -7.701 -7.652 -7.727 -7.92 -8.062 -8.201 -7.84 -7.942 -8.064 -8.206 -8.347 -8.495 -7.937 -8.11 -8.281 -8.402 -8.513 -8.173 -8.316 -8.436 -8.535 -8.703 -8.279 -8.184 -8.337 -8.725 -8.894 -9.084 -8.369
1.4927 -7.703 -7.654 -7.728 -7.921 -8.064 -8.203 -7.842 -7.944 -8.066 -8.208 -8.349 -8.497 -7.939 -8.111 -8.283 -8.404 -8.515 -8.175 -8.318 -8.437 -8.536 -8.705 -8.281 -8.186 -8.339 -8.726 -8.896 -9.086 -8.371
1.5287 -7.705 -7.655 -7.73 -7.923 -8.066 -8.205 -7.844 -7.945 -8.068 -8.21 -8.35 -8.499 -7.94 -8.113 -8.285 -8.406 -8.516 -8.177 -8.319 -8.439 -8.538 -8.706 -8.283 -8.187 -8.34 -8.728 -8.898 -9.088 -8.373
1.5655 -7.706 -7.657 -7.732 -7.925 -8.067 -8.206 -7.846 -7.947 -8.07 -8.212 -8.352 -8.501 -7.942 -8.115 -8.287 -8.407 -8.518 -8.179 -8.321 -8.441 -8.54 -8.708 -8.284 -8.189 -8.342 -8.73 -8.899 -9.09 -8.375
1.6033 -7.678 -7.629 -7.704 -7.897 -8.039 -8.178 -7.818 -7.919 -8.042 -8.184 -8.324 -8.473 -7.914 -8.087 -8.259 -8.379 -8.49 -8.151 -8.293 -8.413 -8.512 -8.68 -8.256 -8.161 -8.314 -8.702 -8.871 -9.062 -8.347
1.642 -7.639 -7.59 -7.665 -7.858 -8.0 -8.139 -7.778 -7.88 -8.002 -8.144 -8.285 -8.433 -7.875 -8.047 -8.219 -8.34 -8.451 -8.111 -8.254 -8.374 -8.473 -8.641 -8.217 -8.122 -8.275 -8.663 -8.832 -9.022 -8.307
1.6816 -7.6 -7.55 -7.625 -7.818 -7.961 -8.1 -7.739 -7.841 -7.963 -8.105 -8.245 -8.394 -7.836 -8.008 -8.18 -8.301 -8.411 -8.072 -8.214 -8.334 -8.433 -8.602 -8.178 -8.083 -8.235 -8.623 -8.793 -8.983 -8.268
1.7222 -7.561 -7.511 -7.586 -7.779 -7.921 -8.06 -7.7 -7.801 -7.924 -8.066 -8.206 -8.355 -7.796 -7.969 -8.141 -8.261 -8.372 -8.033 -8.175 -8.295 -8.394 -8.562 -8.138 -8.043 -8.196 -8.584 -8.753 -8.944 -8.229
1.7637 -7.521 -7.472 -7.547 -7.74 -7.882 -8.021 -7.66 -7.762 -7.884 -8.026 -8.167 -8.315 -7.757 -7.929 -8.101 -8.222 -8.333 -7.993 -8.136 -8.256 -8.355 -8.523 -8.099 -8.004 -8.157 -8.545 -8.714 -8.904 -8.189
1.8062 -7.482 -7.432 -7.507 -7.7 -7.843 -7.982 -7.621 -7.723 -7.845 -7.987 -8.127 -8.276 -7.718 -7.89 -8.062 -8.183 -8.293 -7.954 -8.096 -8.216 -8.315 -8.484 -8.06 -7.965 -8.117 -8.505 -8.675 -8.865 -8.15
1.8498 -7.443 -7.393 -7.468 -7.661 -7.803 -7.942 -7.582 -7.683 -7.806 -7.948 -8.088 -8.237 -7.678 -7.851 -8.023 -8.143 -8.254 -7.915 -8.057 -8.177 -8.276 -8.444 -8.02 -7.925 -8.078 -8.466 -8.635 -8.826 -8.111
1.8944 -7.403 -7.354 -7.429 -7.622 -7.764 -7.903 -7.542 -7.644 -7.766 -7.908 -8.049 -8.197 -7.639 -7.812 -7.983 -8.104 -8.215 -7.875 -8.018 -8.138 -8.237 -8.405 -7.981 -7.886 -8.039 -8.427 -8.596 -8.786 -8.071
1.9401 -7.364 -7.314 -7.389 -7.582 -7.725 -7.864 -7.503 -7.605 -7.727 -7.869 -8.009 -8.158 -7.6 -7.772 -7.944 -8.065 -8.175 -7.836 -7.979 -8.098 -8.197 -8.366 -7.942 -7.847 -7.999 -8.387 -8.557 -8.747 -8.032
1.9869 -7.325 -7.275 -7.35 -7.543 -7.685 -7.824 -7.464 -7.565 -7.688 -7.83 -7.97 -8.119 -7.56 -7.733 -7.905 -8.025 -8.136 -7.797 -7.939 -8.059 -8.158 -8.326 -7.902 -7.807 -7.96 -8.348 -8.517 -8.708 -7.993
2.0349 -7.265 -7.216 -7.29 -7.483 -7.626 -7.765 -7.404 -7.506 -7.628 -7.77 -7.911 -8.059 -7.501 -7.673 -7.845 -7.966 -8.076 -7.737 -7.88 -7.999 -8.098 -8.267 -7.843 -7.748 -7.9 -8.288 -8.458 -8.648 -7.933
2.084 -7.202 -7.153 -7.228 -7.421 -7.563 -7.702 -7.341 -7.443 -7.565 -7.707 -7.848 -7.996 -7.438 -7.611 -7.782 -7.903 -8.014 -7.674 -7.817 -7.937 -8.036 -8.204 -7.78 -7.685 -7.838 -8.226 -8.395 -8.585 -7.87
2.1342 -7.14 -7.09 -7.165 -7.358 -7.5 -7.64 -7.279 -7.38 -7.503 -7.645 -7.785 -7.934 -7.375 -7.548 -7.72 -7.84 -7.951 -7.612 -7.754 -7.874 -7.973 -8.141 -7.718 -7.622 -7.775 -8.163 -8.332 -8.523 -7.808
2.1857 -7.077 -7.028 -7.102 -7.295 -7.438 -7.577 -7.216 -7.318 -7.44 -7.582 -7.723 -7.871 -7.313 -7.485 -7.657 -7.778 -7.888 -7.549 -7.692 -7.811 -7.91 -8.079 -7.655 -7.56 -7.712 -8.1 -8.27 -8.46 -7.745
2.2384 -7.014 -6.965 -7.04 -7.233 -7.375 -7.514 -7.153 -7.255 -7.377 -7.519 -7.66 -7.808 -7.25 -7.423 -7.594 -7.715 -7.826 -7.486 -7.629 -7.749 -7.848 -8.016 -7.592 -7.497 -7.65 -8.038 -8.207 -8.397 -7.682
2.2924 -6.952 -6.902 -6.977 -7.17 -7.312 -7.452 -7.091 -7.192 -7.315 -7.457 -7.597 -7.746 -7.187 -7.36 -7.532 -7.652 -7.763 -7.424 -7.566 -7.686 -7.785 -7.953 -7.53 -7.434 -7.587 -7.975 -8.144 -8.335 -7.62
2.3477 -6.889 -6.84 -6.914 -7.107 -7.25 -7.389 -7.028 -7.13 -7.252 -7.394 -7.534 -7.683 -7.125 -7.297 -7.469 -7.59 -7.7 -7.361 -7.504 -7.623 -7.722 -7.891 -7.467 -7.372 -7.524 -7.912 -8.082 -8.272 -7.557
2.4044 -6.826 -6.777 -6.852 -7.045 -7.187 -7.326 -6.965 -7.067 -7.189 -7.331 -7.472 -7.62 -7.062 -7.235 -7.406 -7.527 -7.638 -7.298 -7.441 -7.561 -7.66 -7.828 -7.404 -7.309 -7.462 -7.85 -8.019 -8.209 -7.494
