web/models/grb/offaxis/22/grb_0.2967_0.2683_0.0158489.dat
# %ECSV 1.0
# ---
# datatype:
# - {name: time, datatype: float64}
# - {name: swift_uvot_uvw2, datatype: float64}
# - {name: swift_uvot_uvm2, datatype: float64}
# - {name: swift_uvot_uvw1, datatype: float64}
# - {name: swift_uvot_U, datatype: float64}
# - {name: swift_uvot_B, datatype: float64}
# - {name: swift_uvot_V, datatype: float64}
# - {name: swift_uvot_W, datatype: float64}
# - {name: johnson_U, datatype: float64}
# - {name: johnson_B, datatype: float64}
# - {name: johnson_V, datatype: float64}
# - {name: johnson_R, datatype: float64}
# - {name: johnson_I, datatype: float64}
# - {name: sdss_u, datatype: float64}
# - {name: sdss_g, datatype: float64}
# - {name: sdss_r, datatype: float64}
# - {name: sdss_i, datatype: float64}
# - {name: sdss_z, datatype: float64}
# - {name: PS1_g, datatype: float64}
# - {name: PS1_r, datatype: float64}
# - {name: PS1_i, datatype: float64}
# - {name: PS1_z, datatype: float64}
# - {name: PS1_Y, datatype: float64}
# - {name: ukirt_J, datatype: float64}
# - {name: ukirt_H, datatype: float64}
# - {name: ukirt_K, datatype: float64}
# meta: !!omap
# - comment: [E = 0.00011641960487160349, Eta0 = 8.02, GammaB = 12.0, dL = 0.012188, epsb = 6.760829753919819e-06, epse = 0.1, n = 0.01584893192461114,
#     p = 2.15, theta_obs = 0.29670597283903605, xiN = 1.0, z = 0.0, type = grb, E_kiso = 0.2682695795279726]
# schema: astropy-2.0
time swift_uvot_uvw2 swift_uvot_uvm2 swift_uvot_uvw1 swift_uvot_U swift_uvot_B swift_uvot_V swift_uvot_W johnson_U johnson_B johnson_V johnson_R johnson_I sdss_u sdss_g sdss_r sdss_i sdss_z PS1_g PS1_r PS1_i PS1_z PS1_Y ukirt_J ukirt_H ukirt_K
[from data line 312]
16.9778 7.688 7.738 7.663 7.47 7.328 7.189 7.549 7.448 7.325 7.183 7.043 6.894 7.453 7.28 7.108 6.988 6.877 7.216 7.074 6.954 6.855 6.687 6.665 6.496 6.305
17.3873 7.733 7.783 7.708 7.515 7.372 7.233 7.594 7.492 7.37 7.228 7.088 6.939 7.498 7.325 7.153 7.032 6.922 7.261 7.119 6.999 6.9 6.732 6.71 6.54 6.35
17.8068 7.778 7.827 7.753 7.56 7.417 7.278 7.639 7.537 7.415 7.273 7.133 6.984 7.542 7.37 7.198 7.077 6.967 7.306 7.163 7.044 6.945 6.776 6.755 6.585 6.395
18.2363 7.823 7.872 7.797 7.604 7.462 7.323 7.684 7.582 7.46 7.318 7.177 7.029 7.587 7.415 7.243 7.122 7.011 7.351 7.208 7.088 6.989 6.821 6.799 6.63 6.44
18.6762 7.867 7.916 7.842 7.649 7.506 7.367 7.728 7.626 7.504 7.362 7.221 7.073 7.631 7.459 7.287 7.166 7.056 7.395 7.252 7.133 7.034 6.865 6.844 6.674 6.484
19.1268 7.91 7.959 7.884 7.691 7.549 7.41 7.771 7.669 7.546 7.405 7.264 7.116 7.674 7.501 7.329 7.209 7.098 7.438 7.295 7.175 7.076 6.908 6.886 6.717 6.527
19.5882 7.952 8.002 7.927 7.734 7.591 7.452 7.813 7.712 7.589 7.447 7.307 7.158 7.717 7.544 7.372 7.251 7.141 7.48 7.338 7.218 7.119 6.951 6.929 6.759 6.569
20.0607 7.995 8.044 7.969 7.777 7.634 7.495 7.856 7.754 7.632 7.49 7.349 7.201 7.759 7.587 7.415 7.294 7.183 7.523 7.38 7.26 7.161 6.993 6.971 6.802 6.612
20.5446 8.038 8.087 8.012 7.819 7.677 7.538 7.898 7.797 7.674 7.532 7.392 7.243 7.802 7.629 7.457 7.337 7.226 7.565 7.423 7.303 7.204 7.036 7.014 6.845 6.654
21.0402 8.08 8.13 8.055 7.862 7.719 7.58 7.941 7.839 7.717 7.575 7.435 7.286 7.844 7.672 7.5 7.379 7.269 7.608 7.466 7.346 7.247 7.078 7.057 6.887 6.697
21.5478 8.123 8.172 8.097 7.904 7.762 7.623 7.984 7.882 7.76 7.618 7.477 7.329 7.887 7.715 7.543 7.422 7.311 7.651 7.508 7.388 7.289 7.121 7.099 6.93 6.74
22.0676 8.165 8.215 8.14 7.947 7.805 7.666 8.026 7.925 7.802 7.66 7.52 7.371 7.93 7.757 7.585 7.465 7.354 7.693 7.551 7.431 7.332 7.164 7.142 6.973 6.782
22.5999 8.208 8.258 8.183 7.99 7.847 7.708 8.069 7.967 7.845 7.703 7.563 7.414 7.972 7.8 7.628 7.507 7.397 7.736 7.593 7.474 7.375 7.206 7.185 7.015 6.825
23.1451 8.251 8.3 8.225 8.032 7.89 7.751 8.112 8.01 7.888 7.746 7.605 7.457 8.015 7.842 7.671 7.55 7.439 7.779 7.636 7.516 7.417 7.249 7.227 7.058 6.868
23.7034 8.293 8.342 8.267 8.074 7.932 7.793 8.153 8.052 7.929 7.788 7.647 7.498 8.057 7.884 7.712 7.592 7.481 7.821 7.678 7.558 7.459 7.291 7.269 7.1 6.909
24.2752 8.333 8.383 8.308 8.115 7.973 7.833 8.194 8.093 7.97 7.828 7.688 7.539 8.098 7.925 7.753 7.632 7.522 7.861 7.719 7.599 7.5 7.332 7.31 7.141 6.95
24.8608 8.374 8.423 8.349 8.156 8.013 7.874 8.235 8.133 8.011 7.869 7.729 7.58 8.138 7.966 7.794 7.673 7.563 7.902 7.759 7.64 7.541 7.372 7.351 7.181 6.991
25.4606 8.415 8.464 8.389 8.196 8.054 7.915 8.276 8.174 8.052 7.91 7.769 7.621 8.179 8.006 7.835 7.714 7.603 7.943 7.8 7.68 7.581 7.413 7.391 7.222 7.032
26.0748 8.456 8.505 8.43 8.237 8.095 7.956 8.316 8.215 8.092 7.95 7.81 7.661 8.22 8.047 7.875 7.755 7.644 7.983 7.841 7.721 7.622 7.454 7.432 7.263 7.072
26.7038 8.496 8.546 8.471 8.278 8.136 7.996 8.357 8.256 8.133 7.991 7.851 7.702 8.261 8.088 7.916 7.795 7.685 8.024 7.882 7.762 7.663 7.495 7.473 7.304 7.113
27.3479 8.537 8.586 8.512 8.319 8.176 8.037 8.398 8.296 8.174 8.032 7.892 7.743 8.301 8.129 7.957 7.836 7.726 8.065 7.922 7.803 7.704 7.535 7.514 7.344 7.154
28.0077 8.578 8.627 8.552 8.359 8.217 8.078 8.439 8.337 8.215 8.073 7.932 7.784 8.342 8.169 7.998 7.877 7.766 8.106 7.963 7.843 7.744 7.576 7.554 7.385 7.195
28.6833 8.619 8.668 8.593 8.4 8.258 8.119 8.479 8.378 8.255 8.113 7.973 7.824 8.383 8.21 8.038 7.918 7.807 8.146 8.004 7.884 7.785 7.617 7.595 7.426 7.235
29.3752 8.659 8.709 8.634 8.441 8.299 8.159 8.52 8.419 8.296 8.154 8.014 7.865 8.424 8.251 8.079 7.958 7.848 8.187 8.045 7.925 7.826 7.658 7.636 7.467 7.276
30.0838 8.697 8.747 8.672 8.479 8.337 8.198 8.558 8.457 8.334 8.192 8.052 7.903 8.462 8.289 8.117 7.997 7.886 8.225 8.083 7.963 7.864 7.696 7.674 7.505 7.314
30.8096 8.734 8.783 8.708 8.515 8.373 8.234 8.595 8.493 8.371 8.229 8.088 7.94 8.498 8.325 8.154 8.033 7.922 8.262 8.119 7.999 7.9 7.732 7.71 7.541 7.351
31.5528 8.77 8.82 8.745 8.552 8.409 8.27 8.631 8.529 8.407 8.265 8.125 7.976 8.534 8.362 8.19 8.069 7.959 8.298 8.155 8.036 7.937 7.768 7.747 7.577 7.387
32.3139 8.806 8.856 8.781 8.588 8.446 8.307 8.667 8.566 8.443 8.301 8.161 8.012 8.571 8.398 8.226 8.106 7.995 8.334 8.192 8.072 7.973 7.805 7.783 7.614 7.423
33.0935 8.843 8.892 8.817 8.624 8.482 8.343 8.704 8.602 8.48 8.338 8.197 8.049 8.607 8.434 8.263 8.142 8.031 8.371 8.228 8.108 8.009 7.841 7.819 7.65 7.46
33.8918 8.879 8.929 8.854 8.661 8.518 8.379 8.74 8.638 8.516 8.374 8.234 8.085 8.643 8.471 8.299 8.178 8.068 8.407 8.264 8.145 8.046 7.877 7.856 7.686 7.496
34.7093 8.915 8.965 8.89 8.697 8.555 8.416 8.776 8.675 8.552 8.41 8.27 8.121 8.68 8.507 8.335 8.215 8.104 8.443 8.301 8.181 8.082 7.914 7.892 7.723 7.532
35.5466 8.952 9.001 8.926 8.733 8.591 8.452 8.813 8.711 8.589 8.447 8.306 8.158 8.716 8.543 8.372 8.251 8.14 8.48 8.337 8.217 8.118 7.95 7.928 7.759 7.569
36.4041 8.988 9.037 8.963 8.77 8.627 8.488 8.849 8.747 8.625 8.483 8.343 8.194 8.752 8.58 8.408 8.287 8.177 8.516 8.373 8.254 8.155 7.986 7.965 7.795 7.605
37.2823 9.024 9.074 8.999 8.806 8.664 8.524 8.885 8.784 8.661 8.519 8.379 8.23 8.789 8.616 8.444 8.324 8.213 8.552 8.41 8.29 8.191 8.023 8.001 7.832 7.641
38.1817 9.059 9.109 9.034 8.841 8.699 8.56 8.92 8.819 8.696 8.554 8.414 8.265 8.824 8.651 8.479 8.359 8.248 8.587 8.445 8.325 8.226 8.058 8.036 7.867 7.676
39.1028 9.094 9.144 9.069 8.876 8.733 8.594 8.955 8.853 8.731 8.589 8.449 8.3 8.858 8.686 8.514 8.393 8.283 8.622 8.48 8.36 8.261 8.092 8.071 7.901 7.711
40.046 9.129 9.178 9.103 8.91 8.768 8.629 8.99 8.888 8.766 8.624 8.483 8.335 8.893 8.721 8.549 8.428 8.317 8.657 8.514 8.394 8.295 8.127 8.105 7.936 7.746
41.0121 9.164 9.213 9.138 8.945 8.803 8.664 9.024 8.923 8.8 8.658 8.518 8.369 8.928 8.755 8.583 8.463 8.352 8.691 8.549 8.429 8.33 8.162 8.14 7.971 7.78
42.0014 9.198 9.248 9.173 8.98 8.837 8.698 9.059 8.957 8.835 8.693 8.553 8.404 8.962 8.79 8.618 8.497 8.387 8.726 8.584 8.464 8.365 8.196 8.175 8.005 7.815
43.0146 9.233 9.282 9.207 9.015 8.872 8.733 9.094 8.992 8.87 8.728 8.587 8.439 8.997 8.825 8.653 8.532 8.421 8.761 8.618 8.498 8.399 8.231 8.209 8.04 7.85
44.0523 9.268 9.317 9.242 9.049 8.907 8.768 9.128 9.027 8.904 8.762 8.622 8.473 9.032 8.859 8.687 8.567 8.456 8.795 8.653 8.533 8.434 8.266 8.244 8.075 7.884
45.1149 9.302 9.352 9.277 9.084 8.941 8.802 9.163 9.061 8.939 8.797 8.657 8.508 9.066 8.894 8.722 8.601 8.491 8.83 8.688 8.568 8.469 8.3 8.279 8.109 7.919
46.2033 9.337 9.386 9.311 9.119 8.976 8.837 9.198 9.096 8.974 8.832 8.691 8.543 9.101 8.929 8.757 8.636 8.525 8.865 8.722 8.602 8.503 8.335 8.313 8.144 7.954
47.3178 9.372 9.421 9.346 9.153 9.011 8.872 9.232 9.131 9.008 8.867 8.726 8.577 9.136 8.963 8.791 8.671 8.56 8.9 8.757 8.637 8.538 8.37 8.348 8.179 7.988
48.4593 9.404 9.454 9.379 9.186 9.044 8.904 9.265 9.164 9.041 8.899 8.759 8.61 9.169 8.996 8.824 8.704 8.593 8.932 8.79 8.67 8.571 8.403 8.381 8.212 8.021
49.6283 9.437 9.486 9.412 9.219 9.076 8.937 9.298 9.196 9.074 8.932 8.791 8.643 9.201 9.029 8.857 8.736 8.625 8.965 8.822 8.702 8.603 8.435 8.413 8.244 8.054
50.8255 9.469 9.519 9.444 9.251 9.109 8.97 9.33 9.229 9.106 8.964 8.824 8.675 9.234 9.061 8.889 8.769 8.658 8.997 8.855 8.735 8.636 8.468 8.446 8.277 8.086
52.0515 9.502 9.551 9.477 9.284 9.141 9.002 9.363 9.261 9.139 8.997 8.856 8.708 9.266 9.094 8.922 8.801 8.69 9.03 8.887 8.768 8.668 8.5 8.479 8.309 8.119
53.3072 9.534 9.584 9.509 9.316 9.174 9.035 9.395 9.294 9.171 9.029 8.889 8.74 9.299 9.126 8.954 8.834 8.723 9.062 8.92 8.8 8.701 8.533 8.511 8.342 8.151
54.5931 9.567 9.616 9.542 9.349 9.206 9.067 9.428 9.326 9.204 9.062 8.921 8.773 9.331 9.159 8.987 8.866 8.756 9.095 8.952 8.833 8.734 8.565 8.544 8.374 8.184
55.9101 9.6 9.649 9.574 9.381 9.239 9.1 9.46 9.359 9.236 9.095 8.954 8.805 9.364 9.191 9.019 8.899 8.788 9.127 8.985 8.865 8.766 8.598 8.576 8.407 8.216
57.2588 9.632 9.682 9.607 9.414 9.271 9.132 9.493 9.391 9.269 9.127 8.987 8.838 9.396 9.224 9.052 8.931 8.821 9.16 9.017 8.898 8.799 8.63 8.609 8.439 8.249
58.6401 9.665 9.714 9.639 9.446 9.304 9.165 9.526 9.424 9.301 9.16 9.019 8.871 9.429 9.256 9.084 8.964 8.853 9.193 9.05 8.93 8.831 8.663 8.641 8.472 8.281
60.0546 9.697 9.747 9.672 9.479 9.336 9.197 9.558 9.456 9.334 9.192 9.052 8.903 9.461 9.289 9.117 8.996 8.886 9.225 9.083 8.963 8.864 8.695 8.674 8.504 8.314
61.5034 9.737 9.787 9.712 9.519 9.376 9.237 9.598 9.496 9.374 9.232 9.092 8.943 9.502 9.329 9.157 9.036 8.926 9.265 9.123 9.003 8.904 8.736 8.714 8.544 8.354
62.987 9.777 9.827 9.752 9.559 9.417 9.277 9.638 9.537 9.414 9.272 9.132 8.983 9.542 9.369 9.197 9.076 8.966 9.305 9.163 9.043 8.944 8.776 8.754 8.585 8.394
64.5065 9.817 9.867 9.792 9.599 9.457 9.317 9.678 9.577 9.454 9.312 9.172 9.023 9.582 9.409 9.237 9.116 9.006 9.345 9.203 9.083 8.984 8.816 8.794 8.625 8.434
66.0626 9.857 9.907 9.832 9.639 9.497 9.357 9.718 9.617 9.494 9.352 9.212 9.063 9.622 9.449 9.277 9.157 9.046 9.385 9.243 9.123 9.024 8.856 8.834 8.665 8.474
67.6562 9.897 9.947 9.872 9.679 9.537 9.398 9.758 9.657 9.534 9.392 9.252 9.103 9.662 9.489 9.317 9.197 9.086 9.425 9.283 9.163 9.064 8.896 8.874 8.705 8.514
69.2883 9.937 9.987 9.912 9.719 9.577 9.438 9.798 9.697 9.574 9.432 9.292 9.143 9.702 9.529 9.357 9.237 9.126 9.465 9.323 9.203 9.104 8.936 8.914 8.745 8.554
70.9597 9.978 10.027 9.952 9.759 9.617 9.478 9.838 9.737 9.614 9.472 9.332 9.183 9.742 9.569 9.397 9.277 9.166 9.505 9.363 9.243 9.144 8.976 8.954 8.785 8.594
72.6715 10.018 10.067 9.992 9.799 9.657 9.518 9.878 9.777 9.654 9.513 9.372 9.223 9.782 9.609 9.437 9.317 9.206 9.546 9.403 9.283 9.184 9.016 8.994 8.825 8.634
74.4246 10.058 10.107 10.032 9.839 9.697 9.558 9.919 9.817 9.694 9.553 9.412 9.263 9.822 9.649 9.477 9.357 9.246 9.586 9.443 9.323 9.224 9.056 9.034 8.865 8.674
76.2199 10.102 10.151 10.076 9.883 9.741 9.602 9.963 9.861 9.739 9.597 9.456 9.308 9.866 9.693 9.522 9.401 9.29 9.63 9.487 9.367 9.268 9.1 9.078 8.909 8.719
78.0586 10.169 10.219 10.144 9.951 9.809 9.669 10.03 9.929 9.806 9.664 9.524 9.375 9.934 9.761 9.589 9.468 9.358 9.697 9.555 9.435 9.336 9.168 9.146 8.977 8.786
79.9416 10.237 10.286 10.211 10.019 9.876 9.737 10.098 9.996 9.874 9.732 9.591 9.443 10.001 9.829 9.657 9.536 9.425 9.765 9.622 9.502 9.403 9.235 9.213 9.044 8.854
81.87 10.304 10.354 10.279 10.086 9.944 9.805 10.165 10.064 9.941 9.799 9.659 9.51 10.069 9.896 9.724 9.604 9.493 9.832 9.69 9.57 9.471 9.303 9.281 9.112 8.921
83.845 10.372 10.421 10.347 10.154 10.011 9.872 10.233 10.131 10.009 9.867 9.726 9.578 10.136 9.964 9.792 9.671 9.56 9.9 9.757 9.638 9.538 9.37 9.349 9.179 8.989
85.8676 10.439 10.489 10.414 10.221 10.079 9.94 10.3 10.199 10.076 9.934 9.794 9.645 10.204 10.031 9.859 9.739 9.628 9.967 9.825 9.705 9.606 9.438 9.416 9.247 9.056
87.939 10.507 10.556 10.482 10.289 10.146 10.007 10.368 10.266 10.144 10.002 9.862 9.713 10.271 10.099 9.927 9.806 9.696 10.035 9.892 9.773 9.674 9.505 9.484 9.314 9.124
90.0604 10.575 10.624 10.549 10.356 10.214 10.075 10.435 10.334 10.211 10.07 9.929 9.78 10.339 10.166 9.994 9.874 9.763 10.103 9.96 9.84 9.741 9.573 9.551 9.382 9.191
92.2329 10.642 10.692 10.617 10.424 10.281 10.142 10.503 10.401 10.279 10.137 9.997 9.848 10.406 10.234 10.062 9.941 9.831 10.17 10.028 9.908 9.809 9.64 9.619 9.449 9.259
94.4579 10.71 10.759 10.684 10.491 10.349 10.21 10.571 10.469 10.346 10.205 10.064 9.916 10.474 10.301 10.13 10.009 9.898 10.238 10.095 9.975 9.876 9.708 9.686 9.517 9.327
96.7365 10.787 10.837 10.762 10.569 10.426 10.287 10.648 10.546 10.424 10.282 10.142 9.993 10.551 10.379 10.207 10.086 9.976 10.315 10.173 10.053 9.954 9.785 9.764 9.594 9.404
99.0701 10.888 10.938 10.863 10.67 10.528 10.389 10.749 10.648 10.525 10.383 10.243 10.094 10.653 10.48 10.308 10.188 10.077 10.416 10.274 10.154 10.055 9.887 9.865 9.696 9.505
101.4599 10.99 11.039 10.964 10.771 10.629 10.49 10.851 10.749 10.627 10.485 10.344 10.196 10.754 10.581 10.41 10.289 10.178 10.518 10.375 10.255 10.156 9.988 9.966 9.797 9.607
103.9075 11.091 11.141 11.066 10.873 10.73 10.591 10.952 10.85 10.728 10.586 10.446 10.297 10.855 10.683 10.511 10.39 10.28 10.619 10.477 10.357 10.258 10.089 10.068 9.898 9.708
106.4141 11.192 11.242 11.167 10.974 10.832 10.693 11.053 10.952 10.829 10.687 10.547 10.398 10.957 10.784 10.612 10.492 10.381 10.72 10.578 10.458 10.359 10.191 10.169 10.0 9.809
108.9811 11.294 11.343 11.268 11.075 10.933 10.794 11.155 11.053 10.931 10.789 10.648 10.5 11.058 10.885 10.714 10.593 10.482 10.822 10.679 10.559 10.46 10.292 10.27 10.101 9.911
111.6101 11.395 11.445 11.37 11.177 11.034 10.895 11.256 11.154 11.032 10.89 10.75 10.601 11.159 10.987 10.815 10.694 10.584 10.923 10.78 10.661 10.562 10.393 10.372 10.202 10.012
114.3025 11.496 11.546 11.471 11.278 11.136 10.997 11.357 11.256 11.133 10.991 10.851 10.702 11.261 11.088 10.916 10.796 10.685 11.024 10.882 10.762 10.663 10.495 10.473 10.304 10.113
117.0598 11.598 11.647 11.572 11.379 11.237 11.098 11.459 11.357 11.235 11.093 10.952 10.804 11.362 11.189 11.018 10.897 10.786 11.126 10.983 10.863 10.764 10.596 10.574 10.405 10.215
119.8836 11.699 11.749 11.674 11.481 11.338 11.199 11.56 11.458 11.336 11.194 11.054 10.905 11.463 11.291 11.119 10.998 10.888 11.227 11.084 10.965 10.866 10.697 10.676 10.506 10.316
122.7756 11.828 11.877 11.802 11.609 11.467 11.328 11.689 11.587 11.465 11.323 11.182 11.034 11.592 11.419 11.248 11.127 11.016 11.356 11.213 11.093 10.994 10.826 10.804 10.635 10.445
125.7373 11.992 12.041 11.966 11.773 11.631 11.492 11.853 11.751 11.629 11.487 11.346 11.198 11.756 11.584 11.412 11.291 11.18 11.52 11.377 11.257 11.158 10.99 10.968 10.799 10.609
128.7705 12.156 12.205 12.13 11.937 11.795 11.656 12.017 11.915 11.793 11.651 11.51 11.362 11.92 11.748 11.576 11.455 11.344 11.684 11.541 11.421 11.322 11.154 11.132 10.963 10.773
131.8769 12.32 12.369 12.294 12.101 11.959 11.82 12.181 12.079 11.957 11.815 11.674 11.526 12.084 11.912 11.74 11.619 11.508 11.848 11.705 11.585 11.486 11.318 11.296 11.127 10.937
135.0582 12.484 12.533 12.458 12.265 12.123 11.984 12.345 12.243 12.121 11.979 11.838 11.69 12.248 12.076 11.904 11.783 11.672 12.012 11.869 11.749 11.65 11.482 11.46 11.291 11.101
138.3162 12.648 12.697 12.622 12.429 12.287 12.148 12.509 12.407 12.285 12.143 12.002 11.854 12.412 12.24 12.068 11.947 11.836 12.176 12.033 11.913 11.814 11.646 11.624 11.455 11.265
141.6528 12.812 12.861 12.786 12.593 12.451 12.312 12.673 12.571 12.449 12.307 12.166 12.018 12.576 12.404 12.232 12.111 12.0 12.34 12.197 12.077 11.978 11.81 11.788 11.619 11.429
145.0699 12.976 13.025 12.95 12.757 12.615 12.476 12.837 12.735 12.613 12.471 12.33 12.182 12.74 12.568 12.396 12.275 12.164 12.504 12.361 12.241 12.142 11.974 11.952 11.783 11.593
148.5695 13.14 13.189 13.114 12.921 12.779 12.64 13.001 12.899 12.777 12.635 12.494 12.346 12.904 12.732 12.56 12.439 12.328 12.668 12.525 12.405 12.306 12.138 12.116 11.947 11.757
152.1534 13.304 13.353 13.278 13.085 12.943 12.804 13.165 13.063 12.941 12.799 12.658 12.51 13.068 12.896 12.724 12.603 12.492 12.832 12.689 12.569 12.47 12.302 12.28 12.111 11.921
155.8238 13.555 13.604 13.529 13.336 13.194 13.055 13.415 13.314 13.191 13.049 12.909 12.76 13.319 13.146 12.974 12.854 12.743 13.082 12.94 12.82 12.721 12.553 12.531 12.362 12.171
159.5828 13.868 13.918 13.843 13.65 13.507 13.368 13.729 13.627 13.505 13.363 13.223 13.074 13.632 13.46 13.288 13.167 13.057 13.396 13.253 13.134 13.035 12.866 12.845 12.675 12.485
163.4324 14.182 14.231 14.156 13.963 13.821 13.682 14.043 13.941 13.818 13.677 13.536 13.388 13.946 13.773 13.602 13.481 13.37 13.71 13.567 13.447 13.348 13.18 13.158 12.989 12.799
167.375 14.495 14.545 14.47 14.277 14.134 13.995 14.356 14.254 14.132 13.99 13.85 13.701 14.26 14.087 13.915 13.794 13.684 14.023 13.881 13.761 13.662 13.493 13.472 13.302 13.112
