web/models/grb/offaxis/22/grb_0.2967_0.1931_0.0000251.dat
# %ECSV 1.0
# ---
# datatype:
# - {name: time, datatype: float64}
# - {name: swift_uvot_uvw2, datatype: float64}
# - {name: swift_uvot_uvm2, datatype: float64}
# - {name: swift_uvot_uvw1, datatype: float64}
# - {name: swift_uvot_U, datatype: float64}
# - {name: swift_uvot_B, datatype: float64}
# - {name: swift_uvot_V, datatype: float64}
# - {name: swift_uvot_W, datatype: float64}
# - {name: johnson_U, datatype: float64}
# - {name: johnson_B, datatype: float64}
# - {name: johnson_V, datatype: float64}
# - {name: johnson_R, datatype: float64}
# - {name: johnson_I, datatype: float64}
# - {name: sdss_u, datatype: float64}
# - {name: sdss_g, datatype: float64}
# - {name: sdss_r, datatype: float64}
# - {name: sdss_i, datatype: float64}
# - {name: sdss_z, datatype: float64}
# - {name: PS1_g, datatype: float64}
# - {name: PS1_r, datatype: float64}
# - {name: PS1_i, datatype: float64}
# - {name: PS1_z, datatype: float64}
# - {name: PS1_Y, datatype: float64}
# - {name: PS1_w, datatype: float64}
# - {name: ATLAS_c, datatype: float64}
# - {name: ATLAS_o, datatype: float64}
# - {name: ukirt_J, datatype: float64}
# - {name: ukirt_H, datatype: float64}
# - {name: ukirt_K, datatype: float64}
# - {name: Clear, datatype: float64}
# meta: !!omap
# - comment: [E = 8.378552168254816e-05, Eta0 = 8.02, GammaB = 12.0, dL = 0.012188, epsb = 6.760829753919819e-06, epse = 0.1, n = 2.5118864315095822e-05,
#     p = 2.15, theta_obs = 0.29670597283903605, xiN = 1.0, z = 0.0, type = grb, E_kiso = 0.19306977288832505]
# schema: astropy-2.0
time swift_uvot_uvw2 swift_uvot_uvm2 swift_uvot_uvw1 swift_uvot_U swift_uvot_B swift_uvot_V swift_uvot_W johnson_U johnson_B johnson_V johnson_R johnson_I sdss_u sdss_g sdss_r sdss_i sdss_z PS1_g PS1_r PS1_i PS1_z PS1_Y PS1_w ATLAS_c ATLAS_o ukirt_J ukirt_H ukirt_K Clear
[from data line 492]
1239.5778 19.876 19.926 19.851 19.658 19.515 19.376 19.737 19.636 19.513 19.371 19.231 19.082 19.641 19.468 19.296 19.175 19.065 19.404 19.262 19.142 19.043 18.875 19.298 19.394 19.241 18.853 18.683 18.493 19.208
1269.4803 20.19 20.239 20.164 19.971 19.829 19.69 20.051 19.949 19.827 19.685 19.544 19.396 19.954 19.782 19.61 19.489 19.378 19.718 19.575 19.455 19.356 19.188 19.612 19.707 19.554 19.166 18.997 18.807 19.522
1300.1042 20.503 20.553 20.478 20.285 20.143 20.004 20.364 20.263 20.14 19.998 19.858 19.709 20.268 20.095 19.923 19.803 19.692 20.031 19.889 19.769 19.67 19.502 19.926 20.021 19.868 19.48 19.311 19.12 19.835
1331.4668 20.817 20.866 20.792 20.599 20.456 20.317 20.678 20.576 20.454 20.312 20.171 20.023 20.581 20.409 20.237 20.116 20.005 20.345 20.202 20.083 19.983 19.815 20.239 20.334 20.181 19.794 19.624 19.434 20.149
1363.586 21.131 21.18 21.105 20.912 20.77 20.631 20.991 20.89 20.767 20.625 20.485 20.336 20.895 20.722 20.55 20.43 20.319 20.658 20.516 20.396 20.297 20.129 20.553 20.648 20.495 20.107 19.938 19.747 20.462
1396.48 21.444 21.494 21.419 21.226 21.083 20.944 21.305 21.203 21.081 20.939 20.799 20.65 21.208 21.036 20.864 20.743 20.633 20.972 20.829 20.71 20.611 20.442 20.866 20.961 20.809 20.421 20.251 20.061 20.776
1430.1675 21.758 21.807 21.732 21.539 21.397 21.258 21.619 21.517 21.394 21.253 21.112 20.964 21.522 21.349 21.178 21.057 20.946 21.286 21.143 21.023 20.924 20.756 21.18 21.275 21.122 20.734 20.565 20.375 21.09
1464.6676 22.071 22.121 22.046 21.853 21.71 21.571 21.932 21.83 21.708 21.566 21.426 21.277 21.836 21.663 21.491 21.37 21.26 21.599 21.457 21.337 21.238 21.069 21.493 21.589 21.436 21.048 20.878 20.688 21.403
1500.0 22.385 22.434 22.359 22.166 22.024 21.885 22.246 22.144 22.022 21.88 21.739 21.591 22.149 21.977 21.805 21.684 21.573 21.913 21.77 21.65 21.551 21.383 21.807 21.902 21.749 21.361 21.192 21.002 21.717
