web/models/grb/offaxis/22/grb_0.2967_0.0100_0.6309573.dat
# %ECSV 1.0
# ---
# datatype:
# - {name: time, datatype: float64}
# - {name: swift_uvot_uvw2, datatype: float64}
# - {name: swift_uvot_uvm2, datatype: float64}
# - {name: swift_uvot_uvw1, datatype: float64}
# - {name: swift_uvot_U, datatype: float64}
# - {name: swift_uvot_B, datatype: float64}
# - {name: swift_uvot_V, datatype: float64}
# - {name: swift_uvot_W, datatype: float64}
# - {name: johnson_U, datatype: float64}
# - {name: johnson_B, datatype: float64}
# - {name: johnson_V, datatype: float64}
# - {name: johnson_R, datatype: float64}
# - {name: johnson_I, datatype: float64}
# - {name: sdss_u, datatype: float64}
# - {name: sdss_g, datatype: float64}
# - {name: sdss_r, datatype: float64}
# - {name: sdss_i, datatype: float64}
# - {name: sdss_z, datatype: float64}
# - {name: PS1_g, datatype: float64}
# - {name: PS1_r, datatype: float64}
# - {name: PS1_i, datatype: float64}
# - {name: PS1_z, datatype: float64}
# - {name: PS1_Y, datatype: float64}
# - {name: ukirt_J, datatype: float64}
# - {name: ukirt_H, datatype: float64}
# - {name: ukirt_K, datatype: float64}
# meta: !!omap
# - comment: [E = 4.339649880409358e-06, Eta0 = 8.02, GammaB = 12.0, dL = 0.012188, epsb = 6.760829753919819e-06, epse = 0.1, n = 0.630957344480193,
#     p = 2.15, theta_obs = 0.29670597283903605, xiN = 1.0, z = 0.0, type = grb, E_kiso = 0.01]
# schema: astropy-2.0
time swift_uvot_uvw2 swift_uvot_uvm2 swift_uvot_uvw1 swift_uvot_U swift_uvot_B swift_uvot_V swift_uvot_W johnson_U johnson_B johnson_V johnson_R johnson_I sdss_u sdss_g sdss_r sdss_i sdss_z PS1_g PS1_r PS1_i PS1_z PS1_Y ukirt_J ukirt_H ukirt_K
[from data line 396]
125.7373 41.732 41.782 41.707 41.514 41.372 41.232 41.593 41.492 41.369 41.227 41.087 40.938 41.497 41.324 41.152 41.031 40.921 41.26 41.118 40.998 40.899 40.731 40.709 40.54 40.349
128.7705 42.046 42.095 42.02 41.828 41.685 41.546 41.907 41.805 41.683 41.541 41.4 41.252 41.81 41.638 41.466 41.345 41.234 41.574 41.431 41.311 41.212 41.044 41.022 40.853 40.663
131.8769 42.359 42.409 42.334 42.141 41.999 41.86 42.22 42.119 41.996 41.854 41.714 41.565 42.124 41.951 41.779 41.659 41.548 41.887 41.745 41.625 41.526 41.358 41.336 41.167 40.976
135.0582 42.673 42.722 42.648 42.455 42.312 42.173 42.534 42.432 42.31 42.168 42.027 41.879 42.437 42.265 42.093 41.972 41.862 42.201 42.058 41.939 41.84 41.671 41.65 41.48 41.29
138.3162 42.987 43.036 42.961 42.768 42.626 42.487 42.847 42.746 42.623 42.482 42.341 42.192 42.751 42.578 42.406 42.286 42.175 42.515 42.372 42.252 42.153 41.985 41.963 41.794 41.603
141.6528 43.3 43.35 43.275 43.082 42.939 42.8 43.161 43.059 42.937 42.795 42.655 42.506 43.064 42.892 42.72 42.599 42.489 42.828 42.686 42.566 42.467 42.298 42.277 42.107 41.917
145.0699 43.614 43.663 43.588 43.395 43.253 43.114 43.475 43.373 43.251 43.109 42.968 42.82 43.378 43.205 43.034 42.913 42.802 43.142 42.999 42.879 42.78 42.612 42.59 42.421 42.231
148.5695 43.927 43.977 43.902 43.709 43.566 43.427 43.788 43.687 43.564 43.422 43.282 43.133 43.692 43.519 43.347 43.226 43.116 43.455 43.313 43.193 43.094 42.926 42.904 42.734 42.544
152.1534 44.241 44.29 44.215 44.022 43.88 43.741 44.102 44.0 43.878 43.736 43.595 43.447 44.005 43.833 43.661 43.54 43.429 43.769 43.626 43.506 43.407 43.239 43.217 43.048 42.858
155.8238 44.554 44.604 44.529 44.336 44.194 44.055 44.415 44.314 44.191 44.049 43.909 43.76 44.319 44.146 43.974 43.854 43.743 44.082 43.94 43.82 43.721 43.553 43.531 43.362 43.171
159.5828 44.868 44.917 44.843 44.65 44.507 44.368 44.729 44.627 44.505 44.363 44.222 44.074 44.632 44.46 44.288 44.167 44.056 44.396 44.253 44.134 44.035 43.866 43.845 43.675 43.485
163.4324 45.182 45.231 45.156 44.963 44.821 44.682 45.042 44.941 44.818 44.676 44.536 44.387 44.946 44.773 44.601 44.481 44.37 44.709 44.567 44.447 44.348 44.18 44.158 43.989 43.798
167.375 45.495 45.545 45.47 45.277 45.134 44.995 45.356 45.254 45.132 44.99 44.85 44.701 45.259 45.087 44.915 44.794 44.684 45.023 44.88 44.761 44.662 44.493 44.472 44.302 44.112
171.4126 45.809 45.858 45.783 45.59 45.448 45.309 45.67 45.568 45.445 45.304 45.163 45.015 45.573 45.4 45.229 45.108 44.997 45.337 45.194 45.074 44.975 44.807 44.785 44.616 44.426
175.5476 46.122 46.172 46.097 45.904 45.761 45.622 45.983 45.881 45.759 45.617 45.477 45.328 45.887 45.714 45.542 45.421 45.311 45.65 45.508 45.388 45.289 45.121 45.099 44.929 44.739
179.7823 46.436 46.485 46.41 46.217 46.075 45.936 46.297 46.195 46.073 45.931 45.79 45.642 46.2 46.028 45.856 45.735 45.624 45.964 45.821 45.701 45.602 45.434 45.412 45.243 45.053
184.1193 46.749 46.799 46.724 46.531 46.389 46.249 46.61 46.509 46.386 46.244 46.104 45.955 46.514 46.341 46.169 46.049 45.938 46.277 46.135 46.015 45.916 45.748 45.726 45.557 45.366
188.5608 47.063 47.112 47.038 46.845 46.702 46.563 46.924 46.822 46.7 46.558 46.417 46.269 46.827 46.655 46.483 46.362 46.251 46.591 46.448 46.328 46.229 46.061 46.039 45.87 45.68
193.1095 47.377 47.426 47.351 47.158 47.016 46.877 47.237 47.136 47.013 46.871 46.731 46.582 47.141 46.968 46.796 46.676 46.565 46.904 46.762 46.642 46.543 46.375 46.353 46.184 45.993
197.7679 47.69 47.74 47.665 47.472 47.329 47.19 47.551 47.449 47.327 47.185 47.045 46.896 47.454 47.282 47.11 46.989 46.879 47.218 47.075 46.956 46.857 46.688 46.667 46.497 46.307
202.5387 48.004 48.053 47.978 47.785 47.643 47.504 47.865 47.763 47.64 47.499 47.358 47.21 47.768 47.595 47.423 47.303 47.192 47.532 47.389 47.269 47.17 47.002 46.98 46.811 46.621
207.4245 48.317 48.367 48.292 48.099 47.956 47.817 48.178 48.076 47.954 47.812 47.672 47.523 48.081 47.909 47.737 47.616 47.506 47.845 47.703 47.583 47.484 47.315 47.294 47.124 46.934
212.4283 48.631 48.68 48.605 48.412 48.27 48.131 48.492 48.39 48.268 48.126 47.985 47.837 48.395 48.222 48.051 47.93 47.819 48.159 48.016 47.896 47.797 47.629 47.607 47.438 47.248
217.5527 48.944 48.994 48.919 48.726 48.584 48.444 48.805 48.704 48.581 48.439 48.299 48.15 48.709 48.536 48.364 48.244 48.133 48.472 48.33 48.21 48.111 47.943 47.921 47.752 47.561
222.8008 49.258 49.307 49.233 49.04 48.897 48.758 49.119 49.017 48.895 48.753 48.612 48.464 49.022 48.85 48.678 48.557 48.446 48.786 48.643 48.523 48.424 48.256 48.234 48.065 47.875
228.1754 49.571 49.621 49.546 49.353 49.211 49.072 49.432 49.331 49.208 49.066 48.926 48.777 49.336 49.163 48.991 48.871 48.76 49.099 48.957 48.837 48.738 48.57 48.548 48.379 48.188
233.6797 49.885 49.934 49.86 49.667 49.524 49.385 49.746 49.644 49.522 49.38 49.24 49.091 49.649 49.477 49.305 49.184 49.074 49.413 49.27 49.151 49.052 48.883 48.862 48.692 48.502
239.3168 50.199 50.248 50.173 49.98 49.838 49.699 50.06 49.958 49.835 49.694 49.553 49.405 49.963 49.79 49.618 49.498 49.387 49.727 49.584 49.464 49.365 49.197 49.175 49.006 48.815
245.0899 50.512 50.562 50.487 50.294 50.151 50.012 50.373 50.271 50.149 50.007 49.867 49.718 50.276 50.104 49.932 49.811 49.701 50.04 49.898 49.778 49.679 49.51 49.489 49.319 49.129
251.0022 50.826 50.875 50.8 50.607 50.465 50.326 50.687 50.585 50.463 50.321 50.18 50.032 50.59 50.417 50.246 50.125 50.014 50.354 50.211 50.091 49.992 49.824 49.802 49.633 49.443
257.0572 51.139 51.189 51.114 50.921 50.779 50.639 51.0 50.899 50.776 50.634 50.494 50.345 50.904 50.731 50.559 50.438 50.328 50.667 50.525 50.405 50.306 50.138 50.116 49.947 49.756
263.2582 51.453 51.502 51.427 51.235 51.092 50.953 51.314 51.212 51.09 50.948 50.807 50.659 51.217 51.045 50.873 50.752 50.641 50.981 50.838 50.718 50.619 50.451 50.429 50.26 50.07
269.6088 51.766 51.816 51.741 51.548 51.406 51.267 51.627 51.526 51.403 51.261 51.121 50.972 51.531 51.358 51.186 51.066 50.955 51.294 51.152 51.032 50.933 50.765 50.743 50.574 50.383
276.1126 52.08 52.129 52.055 51.862 51.719 51.58 51.941 51.839 51.717 51.575 51.434 51.286 51.844 51.672 51.5 51.379 51.269 51.608 51.465 51.346 51.247 51.078 51.057 50.887 50.697
282.7734 52.394 52.443 52.368 52.175 52.033 51.894 52.254 52.153 52.03 51.889 51.748 51.599 52.158 51.985 51.813 51.693 51.582 51.922 51.779 51.659 51.56 51.392 51.37 51.201 51.01
289.5947 52.707 52.757 52.682 52.489 52.346 52.207 52.568 52.466 52.344 52.202 52.062 51.913 52.471 52.299 52.127 52.006 51.896 52.235 52.093 51.973 51.874 51.705 51.684 51.514 51.324
296.5807 53.021 53.07 52.995 52.802 52.66 52.521 52.882 52.78 52.658 52.516 52.375 52.227 52.785 52.612 52.441 52.32 52.209 52.549 52.406 52.286 52.187 52.019 51.997 51.828 51.638
303.7351 53.334 53.384 53.309 53.116 52.974 52.834 53.195 53.094 52.971 52.829 52.689 52.54 53.099 52.926 52.754 52.633 52.523 52.862 52.72 52.6 52.501 52.333 52.311 52.142 51.951
311.0622 53.648 53.697 53.622 53.429 53.287 53.148 53.509 53.407 53.285 53.143 53.002 52.854 53.412 53.24 53.068 52.947 52.836 53.176 53.033 52.913 52.814 52.646 52.624 52.455 52.265
318.566 53.961 54.011 53.936 53.743 53.601 53.462 53.822 53.721 53.598 53.456 53.316 53.167 53.726 53.553 53.381 53.261 53.15 53.489 53.347 53.227 53.128 52.96 52.938 52.769 52.578
326.2508 54.275 54.324 54.25 54.057 53.914 53.775 54.136 54.034 53.912 53.77 53.629 53.481 54.039 53.867 53.695 53.574 53.464 53.803 53.66 53.541 53.442 53.273 53.252 53.082 52.892
334.121 54.589 54.638 54.563 54.37 54.228 54.089 54.449 54.348 54.225 54.084 53.943 53.794 54.353 54.18 54.008 53.888 53.777 54.117 53.974 53.854 53.755 53.587 53.565 53.396 53.205
342.181 54.902 54.952 54.877 54.684 54.541 54.402 54.763 54.661 54.539 54.397 54.257 54.108 54.666 54.494 54.322 54.201 54.091 54.43 54.288 54.168 54.069 53.9 53.879 53.709 53.519
350.4355 55.216 55.265 55.19 54.997 54.855 54.716 55.077 54.975 54.853 54.711 54.57 54.422 54.98 54.807 54.636 54.515 54.404 54.744 54.601 54.481 54.382 54.214 54.192 54.023 53.833
358.8891 55.529 55.579 55.504 55.311 55.168 55.029 55.39 55.289 55.166 55.024 54.884 54.735 55.294 55.121 54.949 54.828 54.718 55.057 54.915 54.795 54.696 54.528 54.506 54.336 54.146
367.5467 55.843 55.892 55.817 55.624 55.482 55.343 55.704 55.602 55.48 55.338 55.197 55.049 55.607 55.435 55.263 55.142 55.031 55.371 55.228 55.108 55.009 54.841 54.819 54.65 54.46
376.4131 56.156 56.206 56.131 55.938 55.796 55.656 56.017 55.916 55.793 55.651 55.511 55.362 55.921 55.748 55.576 55.456 55.345 55.684 55.542 55.422 55.323 55.155 55.133 54.964 54.773
385.4933 56.47 56.519 56.445 56.252 56.109 55.97 56.331 56.229 56.107 55.965 55.824 55.676 56.234 56.062 55.89 55.769 55.658 55.998 55.855 55.736 55.636 55.468 55.447 55.277 55.087
394.7926 56.784 56.833 56.758 56.565 56.423 56.284 56.644 56.543 56.42 56.278 56.138 55.989 56.548 56.375 56.203 56.083 55.972 56.311 56.169 56.049 55.95 55.782 55.76 55.591 55.4
404.3163 57.097 57.147 57.072 56.879 56.736 56.597 56.958 56.856 56.734 56.592 56.452 56.303 56.861 56.689 56.517 56.396 56.286 56.625 56.482 56.363 56.264 56.095 56.074 55.904 55.714
414.0697 57.411 57.46 57.385 57.192 57.05 56.911 57.272 57.17 57.047 56.906 56.765 56.617 57.175 57.002 56.831 56.71 56.599 56.939 56.796 56.676 56.577 56.409 56.387 56.218 56.028
424.0583 57.724 57.774 57.699 57.506 57.363 57.224 57.585 57.483 57.361 57.219 57.079 56.93 57.489 57.316 57.144 57.023 56.913 57.252 57.11 56.99 56.891 56.722 56.701 56.531 56.341
434.2879 58.038 58.087 58.012 57.819 57.677 57.538 57.899 57.797 57.675 57.533 57.392 57.244 57.802 57.629 57.458 57.337 57.226 57.566 57.423 57.303 57.204 57.036 57.014 56.845 56.655
444.7643 58.351 58.401 58.326 58.133 57.991 57.851 58.212 58.111 57.988 57.846 57.706 57.557 58.116 57.943 57.771 57.651 57.54 57.879 57.737 57.617 57.518 57.35 57.328 57.159 56.968
455.4934 58.665 58.714 58.64 58.447 58.304 58.165 58.526 58.424 58.302 58.16 58.019 57.871 58.429 58.257 58.085 57.964 57.853 58.193 58.05 57.93 57.831 57.663 57.641 57.472 57.282
466.4814 58.978 59.028 58.953 58.76 58.618 58.479 58.839 58.738 58.615 58.473 58.333 58.184 58.743 58.57 58.398 58.278 58.167 58.506 58.364 58.244 58.145 57.977 57.955 57.786 57.595
477.7344 59.292 59.342 59.267 59.074 58.931 58.792 59.153 59.051 58.929 58.787 58.647 58.498 59.056 58.884 58.712 58.591 58.481 58.82 58.677 58.558 58.459 58.29 58.269 58.099 57.909
489.2588 59.606 59.655 59.58 59.387 59.245 59.106 59.467 59.365 59.242 59.101 58.96 58.812 59.37 59.197 59.025 58.905 58.794 59.134 58.991 58.871 58.772 58.604 58.582 58.413 58.223
501.0613 59.919 59.969 59.894 59.701 59.558 59.419 59.78 59.678 59.556 59.414 59.274 59.125 59.683 59.511 59.339 59.218 59.108 59.447 59.305 59.185 59.086 58.917 58.896 58.726 58.536
513.1485 60.233 60.282 60.207 60.014 59.872 59.733 60.094 59.992 59.87 59.728 59.587 59.439 59.997 59.824 59.653 59.532 59.421 59.761 59.618 59.498 59.399 59.231 59.209 59.04 58.85
525.5272 60.546 60.596 60.521 60.328 60.186 60.046 60.407 60.306 60.183 60.041 59.901 59.752 60.311 60.138 59.966 59.845 59.735 60.074 59.932 59.812 59.713 59.545 59.523 59.354 59.163
538.2046 60.86 60.909 60.834 60.642 60.499 60.36 60.721 60.619 60.497 60.355 60.214 60.066 60.624 60.452 60.28 60.159 60.048 60.388 60.245 60.125 60.026 59.858 59.836 59.667 59.477
551.1878 61.173 61.223 61.148 60.955 60.813 60.674 61.034 60.933 60.81 60.668 60.528 60.379 60.938 60.765 60.593 60.473 60.362 60.701 60.559 60.439 60.34 60.172 60.15 59.981 59.79
564.4842 61.487 61.536 61.462 61.269 61.126 60.987 61.348 61.246 61.124 60.982 60.842 60.693 61.251 61.079 60.907 60.786 60.676 61.015 60.872 60.753 60.654 60.485 60.464 60.294 60.104
578.1013 61.801 61.85 61.775 61.582 61.44 61.301 61.662 61.56 61.437 61.296 61.155 61.007 61.565 61.392 61.22 61.1 60.989 61.329 61.186 61.066 60.967 60.799 60.777 60.608 60.417
592.0469 62.114 62.164 62.089 61.896 61.753 61.614 61.975 61.873 61.751 61.609 61.469 61.32 61.878 61.706 61.534 61.413 61.303 61.642 61.5 61.38 61.281 61.112 61.091 60.921 60.731
606.329 62.428 62.477 62.402 62.209 62.067 61.928 62.289 62.187 62.065 61.923 61.782 61.634 62.192 62.019 61.848 61.727 61.616 61.956 61.813 61.693 61.594 61.426 61.404 61.235 61.045
620.9555 62.741 62.791 62.716 62.523 62.381 62.241 62.602 62.501 62.378 62.236 62.096 61.947 62.506 62.333 62.161 62.04 61.93 62.269 62.127 62.007 61.908 61.74 61.718 61.549 61.358
635.9349 63.055 63.104 63.029 62.837 62.694 62.555 62.916 62.814 62.692 62.55 62.409 62.261 62.819 62.647 62.475 62.354 62.243 62.583 62.44 62.32 62.221 62.053 62.031 61.862 61.672
651.2757 63.368 63.418 63.343 63.15 63.008 62.869 63.229 63.128 63.005 62.863 62.723 62.574 63.133 62.96 62.788 62.668 62.557 62.896 62.754 62.634 62.535 62.367 62.345 62.176 61.985
666.9865 63.682 63.731 63.657 63.464 63.321 63.182 63.543 63.441 63.319 63.177 63.036 62.888 63.446 63.274 63.102 62.981 62.871 63.21 63.067 62.948 62.849 62.68 62.659 62.489 62.299
683.0763 63.996 64.045 63.97 63.777 63.635 63.496 63.856 63.755 63.632 63.491 63.35 63.201 63.76 63.587 63.415 63.295 63.184 63.524 63.381 63.261 63.162 62.994 62.972 62.803 62.612
699.5543 64.309 64.359 64.284 64.091 63.948 63.809 64.17 64.068 63.946 63.804 63.664 63.515 64.073 63.901 63.729 63.608 63.498 63.837 63.695 63.575 63.476 63.307 63.286 63.116 62.926
716.4297 64.623 64.672 64.597 64.404 64.262 64.123 64.484 64.382 64.26 64.118 63.977 63.829 64.387 64.214 64.043 63.922 63.811 64.151 64.008 63.888 63.789 63.621 63.599 63.43 63.24
733.7123 64.936 64.986 64.911 64.718 64.576 64.436 64.797 64.696 64.573 64.431 64.291 64.142 64.701 64.528 64.356 64.235 64.125 64.464 64.322 64.202 64.103 63.935 63.913 63.744 63.553
751.4117 65.25 65.299 65.224 65.031 64.889 64.75 65.111 65.009 64.887 64.745 64.604 64.456 65.014 64.842 64.67 64.549 64.438 64.778 64.635 64.515 64.416 64.248 64.226 64.057 63.867
769.5381 65.563 65.613 65.538 65.345 65.203 65.064 65.424 65.323 65.2 65.058 64.918 64.769 65.328 65.155 64.983 64.863 64.752 65.091 64.949 64.829 64.73 64.562 64.54 64.371 64.18
788.1018 65.877 65.926 65.852 65.659 65.516 65.377 65.738 65.636 65.514 65.372 65.231 65.083 65.641 65.469 65.297 65.176 65.065 65.405 65.262 65.143 65.044 64.875 64.854 64.684 64.494
807.1133 66.191 66.24 66.165 65.972 65.83 65.691 66.051 65.95 65.827 65.686 65.545 65.396 65.955 65.782 65.61 65.49 65.379 65.718 65.576 65.456 65.357 65.189 65.167 64.998 64.807
826.5834 66.504 66.554 66.479 66.286 66.143 66.004 66.365 66.263 66.141 65.999 65.859 65.71 66.268 66.096 65.924 65.803 65.693 66.032 65.889 65.77 65.671 65.502 65.481 65.311 65.121
846.5232 66.818 66.867 66.792 66.599 66.457 66.318 66.679 66.577 66.455 66.313 66.172 66.024 66.582 66.409 66.238 66.117 66.006 66.346 66.203 66.083 65.984 65.816 65.794 65.625 65.435
866.944 67.131 67.181 67.106 66.913 66.77 66.631 66.992 66.891 66.768 66.626 66.486 66.337 66.896 66.723 66.551 66.43 66.32 66.659 66.517 66.397 66.298 66.13 66.108 65.938 65.748
887.8575 67.445 67.494 67.419 67.226 67.084 66.945 67.306 67.204 67.082 66.94 66.799 66.651 67.209 67.037 66.865 66.744 66.633 66.973 66.83 66.71 66.611 66.443 66.421 66.252 66.062
909.2754 67.758 67.808 67.733 67.54 67.398 67.258 67.619 67.518 67.395 67.253 67.113 66.964 67.523 67.35 67.178 67.058 66.947 67.286 67.144 67.024 66.925 66.757 66.735 66.566 66.375
931.21 68.072 68.121 68.047 67.854 67.711 67.572 67.933 67.831 67.709 67.567 67.426 67.278 67.836 67.664 67.492 67.371 67.26 67.6 67.457 67.338 67.238 67.07 67.049 66.879 66.689
953.6737 68.386 68.435 68.36 68.167 68.025 67.886 68.246 68.145 68.022 67.88 67.74 67.591 68.15 67.977 67.805 67.685 67.574 67.913 67.771 67.651 67.552 67.384 67.362 67.193 67.002
976.6793 68.699 68.749 68.674 68.481 68.338 68.199 68.56 68.458 68.336 68.194 68.054 67.905 68.463 68.291 68.119 67.998 67.888 68.227 68.084 67.965 67.866 67.697 67.676 67.506 67.316
