web/models/grb/offaxis/22/grb_0.2967_0.0373_0.0063096.dat
# %ECSV 1.0
# ---
# datatype:
# - {name: time, datatype: float64}
# - {name: swift_uvot_uvw2, datatype: float64}
# - {name: swift_uvot_uvm2, datatype: float64}
# - {name: swift_uvot_uvw1, datatype: float64}
# - {name: swift_uvot_U, datatype: float64}
# - {name: swift_uvot_B, datatype: float64}
# - {name: swift_uvot_V, datatype: float64}
# - {name: swift_uvot_W, datatype: float64}
# - {name: johnson_U, datatype: float64}
# - {name: johnson_B, datatype: float64}
# - {name: johnson_V, datatype: float64}
# - {name: johnson_R, datatype: float64}
# - {name: johnson_I, datatype: float64}
# - {name: sdss_u, datatype: float64}
# - {name: sdss_g, datatype: float64}
# - {name: sdss_r, datatype: float64}
# - {name: sdss_i, datatype: float64}
# - {name: sdss_z, datatype: float64}
# - {name: PS1_g, datatype: float64}
# - {name: PS1_r, datatype: float64}
# - {name: PS1_i, datatype: float64}
# - {name: PS1_z, datatype: float64}
# - {name: PS1_Y, datatype: float64}
# - {name: ukirt_J, datatype: float64}
# - {name: ukirt_H, datatype: float64}
# - {name: ukirt_K, datatype: float64}
# meta: !!omap
# - comment: [E = 1.6176451642579403e-05, Eta0 = 8.02, GammaB = 12.0, dL = 0.012188, epsb = 6.760829753919819e-06, epse = 0.1, n = 0.00630957344480193,
#     p = 2.15, theta_obs = 0.29670597283903605, xiN = 1.0, z = 0.0, type = grb, E_kiso = 0.0372759372031494]
# schema: astropy-2.0
time swift_uvot_uvw2 swift_uvot_uvm2 swift_uvot_uvw1 swift_uvot_U swift_uvot_B swift_uvot_V swift_uvot_W johnson_U johnson_B johnson_V johnson_R johnson_I sdss_u sdss_g sdss_r sdss_i sdss_z PS1_g PS1_r PS1_i PS1_z PS1_Y ukirt_J ukirt_H ukirt_K
[from data line 398]
131.8769 18.906 18.955 18.88 18.687 18.545 18.406 18.766 18.665 18.542 18.4 18.26 18.111 18.67 18.497 18.325 18.205 18.094 18.433 18.291 18.171 18.072 17.904 17.882 17.713 17.522
135.0582 19.219 19.269 19.194 19.001 18.858 18.719 19.08 18.978 18.856 18.714 18.574 18.425 18.983 18.811 18.639 18.518 18.408 18.747 18.604 18.485 18.386 18.217 18.196 18.026 17.836
138.3162 19.533 19.582 19.507 19.314 19.172 19.033 19.394 19.292 19.169 19.028 18.887 18.739 19.297 19.124 18.953 18.832 18.721 19.061 18.918 18.798 18.699 18.531 18.509 18.34 18.15
141.6528 19.846 19.896 19.821 19.628 19.485 19.346 19.707 19.605 19.483 19.341 19.201 19.052 19.611 19.438 19.266 19.145 19.035 19.374 19.232 19.112 19.013 18.844 18.823 18.653 18.463
145.0699 20.16 20.209 20.134 19.941 19.799 19.66 20.021 19.919 19.797 19.655 19.514 19.366 19.924 19.751 19.58 19.459 19.348 19.688 19.545 19.425 19.326 19.158 19.136 18.967 18.777
148.5695 20.473 20.523 20.448 20.255 20.113 19.973 20.334 20.233 20.11 19.968 19.828 19.679 20.238 20.065 19.893 19.773 19.662 20.001 19.859 19.739 19.64 19.472 19.45 19.281 19.09
152.1534 20.787 20.836 20.762 20.569 20.426 20.287 20.648 20.546 20.424 20.282 20.141 19.993 20.551 20.379 20.207 20.086 19.975 20.315 20.172 20.052 19.953 19.785 19.763 19.594 19.404
155.8238 21.1 21.15 21.075 20.882 20.74 20.601 20.961 20.86 20.737 20.595 20.455 20.306 20.865 20.692 20.52 20.4 20.289 20.628 20.486 20.366 20.267 20.099 20.077 19.908 19.717
159.5828 21.414 21.464 21.389 21.196 21.053 20.914 21.275 21.173 21.051 20.909 20.769 20.62 21.178 21.006 20.834 20.713 20.603 20.942 20.799 20.68 20.581 20.412 20.391 20.221 20.031
163.4324 21.728 21.777 21.702 21.509 21.367 21.228 21.589 21.487 21.364 21.223 21.082 20.934 21.492 21.319 21.147 21.027 20.916 21.256 21.113 20.993 20.894 20.726 20.704 20.535 20.345
167.375 22.041 22.091 22.016 21.823 21.68 21.541 21.902 21.8 21.678 21.536 21.396 21.247 21.805 21.633 21.461 21.34 21.23 21.569 21.427 21.307 21.208 21.039 21.018 20.848 20.658
171.4126 22.355 22.404 22.329 22.136 21.994 21.855 22.216 22.114 21.992 21.85 21.709 21.561 22.119 21.946 21.775 21.654 21.543 21.883 21.74 21.62 21.521 21.353 21.331 21.162 20.972
175.5476 22.668 22.718 22.643 22.45 22.308 22.168 22.529 22.428 22.305 22.163 22.023 21.874 22.433 22.26 22.088 21.967 21.857 22.196 22.054 21.934 21.835 21.667 21.645 21.476 21.285
179.7823 22.982 23.031 22.956 22.764 22.621 22.482 22.843 22.741 22.619 22.477 22.336 22.188 22.746 22.574 22.402 22.281 22.17 22.51 22.367 22.247 22.148 21.98 21.958 21.789 21.599
184.1193 23.295 23.345 23.27 23.077 22.935 22.796 23.156 23.055 22.932 22.79 22.65 22.501 23.06 22.887 22.715 22.595 22.484 22.823 22.681 22.561 22.462 22.294 22.272 22.103 21.912
188.5608 23.609 23.658 23.584 23.391 23.248 23.109 23.47 23.368 23.246 23.104 22.964 22.815 23.373 23.201 23.029 22.908 22.798 23.137 22.994 22.875 22.776 22.607 22.586 22.416 22.226
193.1095 23.923 23.972 23.897 23.704 23.562 23.423 23.784 23.682 23.559 23.418 23.277 23.129 23.687 23.514 23.342 23.222 23.111 23.451 23.308 23.188 23.089 22.921 22.899 22.73 22.539
197.7679 24.236 24.286 24.211 24.018 23.875 23.736 24.097 23.995 23.873 23.731 23.591 23.442 24.0 23.828 23.656 23.535 23.425 23.764 23.622 23.502 23.403 23.234 23.213 23.043 22.853
202.5387 24.55 24.599 24.524 24.331 24.189 24.05 24.411 24.309 24.187 24.045 23.904 23.756 24.314 24.141 23.97 23.849 23.738 24.078 23.935 23.815 23.716 23.548 23.526 23.357 23.167
207.4245 24.863 24.913 24.838 24.645 24.503 24.363 24.724 24.623 24.5 24.358 24.218 24.069 24.628 24.455 24.283 24.162 24.052 24.391 24.249 24.129 24.03 23.862 23.84 23.671 23.48
212.4283 25.177 25.226 25.151 24.959 24.816 24.677 25.038 24.936 24.814 24.672 24.531 24.383 24.941 24.769 24.597 24.476 24.365 24.705 24.562 24.442 24.343 24.175 24.153 23.984 23.794
217.5527 25.49 25.54 25.465 25.272 25.13 24.991 25.351 25.25 25.127 24.985 24.845 24.696 25.255 25.082 24.91 24.79 24.679 25.018 24.876 24.756 24.657 24.489 24.467 24.298 24.107
222.8008 25.804 25.853 25.779 25.586 25.443 25.304 25.665 25.563 25.441 25.299 25.158 25.01 25.568 25.396 25.224 25.103 24.993 25.332 25.189 25.07 24.971 24.802 24.781 24.611 24.421
228.1754 26.118 26.167 26.092 25.899 25.757 25.618 25.978 25.877 25.754 25.613 25.472 25.323 25.882 25.709 25.537 25.417 25.306 25.646 25.503 25.383 25.284 25.116 25.094 24.925 24.734
233.6797 26.431 26.481 26.406 26.213 26.07 25.931 26.292 26.19 26.068 25.926 25.786 25.637 26.195 26.023 25.851 25.73 25.62 25.959 25.817 25.697 25.598 25.429 25.408 25.238 25.048
239.3168 26.745 26.794 26.719 26.526 26.384 26.245 26.606 26.504 26.382 26.24 26.099 25.951 26.509 26.336 26.165 26.044 25.933 26.273 26.13 26.01 25.911 25.743 25.721 25.552 25.362
245.0899 27.058 27.108 27.033 26.84 26.698 26.558 26.919 26.818 26.695 26.553 26.413 26.264 26.823 26.65 26.478 26.357 26.247 26.586 26.444 26.324 26.225 26.057 26.035 25.866 25.675
251.0022 27.372 27.421 27.346 27.153 27.011 26.872 27.233 27.131 27.009 26.867 26.726 26.578 27.136 26.964 26.792 26.671 26.56 26.9 26.757 26.637 26.538 26.37 26.348 26.179 25.989
257.0572 27.685 27.735 27.66 27.467 27.325 27.186 27.546 27.445 27.322 27.18 27.04 26.891 27.45 27.277 27.105 26.985 26.874 27.213 27.071 26.951 26.852 26.684 26.662 26.493 26.302
263.2582 27.999 28.048 27.974 27.781 27.638 27.499 27.86 27.758 27.636 27.494 27.353 27.205 27.763 27.591 27.419 27.298 27.187 27.527 27.384 27.265 27.166 26.997 26.976 26.806 26.616
269.6088 28.313 28.362 28.287 28.094 27.952 27.813 28.173 28.072 27.949 27.807 27.667 27.518 28.077 27.904 27.732 27.612 27.501 27.84 27.698 27.578 27.479 27.311 27.289 27.12 26.929
276.1126 28.626 28.676 28.601 28.408 28.265 28.126 28.487 28.385 28.263 28.121 27.981 27.832 28.39 28.218 28.046 27.925 27.815 28.154 28.011 27.892 27.793 27.624 27.603 27.433 27.243
282.7734 28.94 28.989 28.914 28.721 28.579 28.44 28.801 28.699 28.577 28.435 28.294 28.146 28.704 28.531 28.36 28.239 28.128 28.468 28.325 28.205 28.106 27.938 27.916 27.747 27.557
289.5947 29.253 29.303 29.228 29.035 28.892 28.753 29.114 29.013 28.89 28.748 28.608 28.459 29.018 28.845 28.673 28.552 28.442 28.781 28.639 28.519 28.42 28.252 28.23 28.06 27.87
296.5807 29.567 29.616 29.541 29.348 29.206 29.067 29.428 29.326 29.204 29.062 28.921 28.773 29.331 29.159 28.987 28.866 28.755 29.095 28.952 28.832 28.733 28.565 28.543 28.374 28.184
303.7351 29.88 29.93 29.855 29.662 29.52 29.38 29.741 29.64 29.517 29.375 29.235 29.086 29.645 29.472 29.3 29.18 29.069 29.408 29.266 29.146 29.047 28.879 28.857 28.688 28.497
311.0622 30.194 30.243 30.169 29.976 29.833 29.694 30.055 29.953 29.831 29.689 29.548 29.4 29.958 29.786 29.614 29.493 29.382 29.722 29.579 29.46 29.36 29.192 29.171 29.001 28.811
318.566 30.508 30.557 30.482 30.289 30.147 30.008 30.368 30.267 30.144 30.002 29.862 29.713 30.272 30.099 29.927 29.807 29.696 30.035 29.893 29.773 29.674 29.506 29.484 29.315 29.124
326.2508 30.821 30.871 30.796 30.603 30.46 30.321 30.682 30.58 30.458 30.316 30.176 30.027 30.585 30.413 30.241 30.12 30.01 30.349 30.206 30.087 29.988 29.819 29.798 29.628 29.438
334.121 31.135 31.184 31.109 30.916 30.774 30.635 30.996 30.894 30.771 30.63 30.489 30.341 30.899 30.726 30.555 30.434 30.323 30.663 30.52 30.4 30.301 30.133 30.111 29.942 29.752
342.181 31.448 31.498 31.423 31.23 31.087 30.948 31.309 31.207 31.085 30.943 30.803 30.654 31.213 31.04 30.868 30.747 30.637 30.976 30.834 30.714 30.615 30.446 30.425 30.255 30.065
350.4355 31.762 31.811 31.736 31.543 31.401 31.262 31.623 31.521 31.399 31.257 31.116 30.968 31.526 31.353 31.182 31.061 30.95 31.29 31.147 31.027 30.928 30.76 30.738 30.569 30.379
358.8891 32.075 32.125 32.05 31.857 31.715 31.575 31.936 31.835 31.712 31.57 31.43 31.281 31.84 31.667 31.495 31.375 31.264 31.603 31.461 31.341 31.242 31.074 31.052 30.883 30.692
367.5467 32.389 32.438 32.364 32.171 32.028 31.889 32.25 32.148 32.026 31.884 31.743 31.595 32.153 31.981 31.809 31.688 31.577 31.917 31.774 31.654 31.555 31.387 31.365 31.196 31.006
376.4131 32.702 32.752 32.677 32.484 32.342 32.203 32.563 32.462 32.339 32.197 32.057 31.908 32.467 32.294 32.122 32.002 31.891 32.23 32.088 31.968 31.869 31.701 31.679 31.51 31.319
385.4933 33.016 33.065 32.991 32.798 32.655 32.516 32.877 32.775 32.653 32.511 32.371 32.222 32.78 32.608 32.436 32.315 32.205 32.544 32.401 32.282 32.183 32.014 31.993 31.823 31.633
394.7926 33.33 33.379 33.304 33.111 32.969 32.83 33.191 33.089 32.966 32.825 32.684 32.536 33.094 32.921 32.749 32.629 32.518 32.858 32.715 32.595 32.496 32.328 32.306 32.137 31.947
404.3163 33.643 33.693 33.618 33.425 33.282 33.143 33.504 33.402 33.28 33.138 32.998 32.849 33.407 33.235 33.063 32.942 32.832 33.171 33.029 32.909 32.81 32.641 32.62 32.45 32.26
414.0697 33.957 34.006 33.931 33.738 33.596 33.457 33.818 33.716 33.594 33.452 33.311 33.163 33.721 33.548 33.377 33.256 33.145 33.485 33.342 33.222 33.123 32.955 32.933 32.764 32.574
424.0583 34.27 34.32 34.245 34.052 33.91 33.77 34.131 34.03 33.907 33.765 33.625 33.476 34.035 33.862 33.69 33.569 33.459 33.798 33.656 33.536 33.437 33.269 33.247 33.078 32.887
434.2879 34.584 34.633 34.558 34.366 34.223 34.084 34.445 34.343 34.221 34.079 33.938 33.79 34.348 34.176 34.004 33.883 33.772 34.112 33.969 33.849 33.75 33.582 33.56 33.391 33.201
444.7643 34.897 34.947 34.872 34.679 34.537 34.398 34.758 34.657 34.534 34.392 34.252 34.103 34.662 34.489 34.317 34.197 34.086 34.425 34.283 34.163 34.064 33.896 33.874 33.705 33.514
455.4934 35.211 35.26 35.186 34.993 34.85 34.711 35.072 34.97 34.848 34.706 34.565 34.417 34.975 34.803 34.631 34.51 34.4 34.739 34.596 34.477 34.378 34.209 34.188 34.018 33.828
466.4814 35.525 35.574 35.499 35.306 35.164 35.025 35.386 35.284 35.161 35.02 34.879 34.73 35.289 35.116 34.944 34.824 34.713 35.053 34.91 34.79 34.691 34.523 34.501 34.332 34.141
477.7344 35.838 35.888 35.813 35.62 35.477 35.338 35.699 35.597 35.475 35.333 35.193 35.044 35.602 35.43 35.258 35.137 35.027 35.366 35.224 35.104 35.005 34.836 34.815 34.645 34.455
489.2588 36.152 36.201 36.126 35.933 35.791 35.652 36.013 35.911 35.789 35.647 35.506 35.358 35.916 35.743 35.572 35.451 35.34 35.68 35.537 35.417 35.318 35.15 35.128 34.959 34.769
501.0613 36.465 36.515 36.44 36.247 36.105 35.965 36.326 36.225 36.102 35.96 35.82 35.671 36.23 36.057 35.885 35.764 35.654 35.993 35.851 35.731 35.632 35.464 35.442 35.273 35.082
513.1485 36.779 36.828 36.753 36.561 36.418 36.279 36.64 36.538 36.416 36.274 36.133 35.985 36.543 36.371 36.199 36.078 35.967 36.307 36.164 36.044 35.945 35.777 35.755 35.586 35.396
525.5272 37.092 37.142 37.067 36.874 36.732 36.593 36.953 36.852 36.729 36.587 36.447 36.298 36.857 36.684 36.512 36.392 36.281 36.62 36.478 36.358 36.259 36.091 36.069 35.9 35.709
538.2046 37.406 37.455 37.381 37.188 37.045 36.906 37.267 37.165 37.043 36.901 36.76 36.612 37.17 36.998 36.826 36.705 36.595 36.934 36.791 36.672 36.573 36.404 36.383 36.213 36.023
551.1878 37.72 37.769 37.694 37.501 37.359 37.22 37.58 37.479 37.356 37.215 37.074 36.925 37.484 37.311 37.139 37.019 36.908 37.248 37.105 36.985 36.886 36.718 36.696 36.527 36.336
564.4842 38.033 38.083 38.008 37.815 37.672 37.533 37.894 37.792 37.67 37.528 37.388 37.239 37.797 37.625 37.453 37.332 37.222 37.561 37.419 37.299 37.2 37.031 37.01 36.84 36.65
578.1013 38.347 38.396 38.321 38.128 37.986 37.847 38.208 38.106 37.984 37.842 37.701 37.553 38.111 37.938 37.767 37.646 37.535 37.875 37.732 37.612 37.513 37.345 37.323 37.154 36.964
592.0469 38.66 38.71 38.635 38.442 38.299 38.16 38.521 38.42 38.297 38.155 38.015 37.866 38.425 38.252 38.08 37.959 37.849 38.188 38.046 37.926 37.827 37.659 37.637 37.467 37.277
606.329 38.974 39.023 38.948 38.755 38.613 38.474 38.835 38.733 38.611 38.469 38.328 38.18 38.738 38.566 38.394 38.273 38.162 38.502 38.359 38.239 38.14 37.972 37.95 37.781 37.591
620.9555 39.287 39.337 39.262 39.069 38.927 38.788 39.148 39.047 38.924 38.782 38.642 38.493 39.052 38.879 38.707 38.587 38.476 38.815 38.673 38.553 38.454 38.286 38.264 38.095 37.904
635.9349 39.601 39.65 39.576 39.383 39.24 39.101 39.462 39.36 39.238 39.096 38.955 38.807 39.365 39.193 39.021 38.9 38.789 39.129 38.986 38.867 38.768 38.599 38.578 38.408 38.218
651.2757 39.915 39.964 39.889 39.696 39.554 39.415 39.775 39.674 39.551 39.409 39.269 39.12 39.679 39.506 39.334 39.214 39.103 39.442 39.3 39.18 39.081 38.913 38.891 38.722 38.531
666.9865 40.228 40.278 40.203 40.01 39.867 39.728 40.089 39.987 39.865 39.723 39.583 39.434 39.992 39.82 39.648 39.527 39.417 39.756 39.613 39.494 39.395 39.226 39.205 39.035 38.845
683.0763 40.542 40.591 40.516 40.323 40.181 40.042 40.403 40.301 40.178 40.037 39.896 39.748 40.306 40.133 39.962 39.841 39.73 40.07 39.927 39.807 39.708 39.54 39.518 39.349 39.159
699.5543 40.855 40.905 40.83 40.637 40.494 40.355 40.716 40.614 40.492 40.35 40.21 40.061 40.62 40.447 40.275 40.154 40.044 40.383 40.241 40.121 40.022 39.854 39.832 39.662 39.472
716.4297 41.169 41.218 41.143 40.95 40.808 40.669 41.03 40.928 40.806 40.664 40.523 40.375 40.933 40.761 40.589 40.468 40.357 40.697 40.554 40.434 40.335 40.167 40.145 39.976 39.786
733.7123 41.482 41.532 41.457 41.264 41.122 40.982 41.343 41.242 41.119 40.977 40.837 40.688 41.247 41.074 40.902 40.782 40.671 41.01 40.868 40.748 40.649 40.481 40.459 40.29 40.099
751.4117 41.796 41.845 41.771 41.578 41.435 41.296 41.657 41.555 41.433 41.291 41.15 41.002 41.56 41.388 41.216 41.095 40.984 41.324 41.181 41.061 40.962 40.794 40.772 40.603 40.413
769.5381 42.11 42.159 42.084 41.891 41.749 41.61 41.97 41.869 41.746 41.604 41.464 41.315 41.874 41.701 41.529 41.409 41.298 41.637 41.495 41.375 41.276 41.108 41.086 40.917 40.726
788.1018 42.423 42.473 42.398 42.205 42.062 41.923 42.284 42.182 42.06 41.918 41.778 41.629 42.187 42.015 41.843 41.722 41.612 41.951 41.808 41.689 41.59 41.421 41.4 41.23 41.04
807.1133 42.737 42.786 42.711 42.518 42.376 42.237 42.598 42.496 42.373 42.232 42.091 41.943 42.501 42.328 42.156 42.036 41.925 42.265 42.122 42.002 41.903 41.735 41.713 41.544 41.354
826.5834 43.05 43.1 43.025 42.832 42.689 42.55 42.911 42.809 42.687 42.545 42.405 42.256 42.814 42.642 42.47 42.349 42.239 42.578 42.436 42.316 42.217 42.048 42.027 41.857 41.667
846.5232 43.364 43.413 43.338 43.145 43.003 42.864 43.225 43.123 43.001 42.859 42.718 42.57 43.128 42.955 42.784 42.663 42.552 42.892 42.749 42.629 42.53 42.362 42.34 42.171 41.981
866.944 43.677 43.727 43.652 43.459 43.317 43.177 43.538 43.437 43.314 43.172 43.032 42.883 43.442 43.269 43.097 42.977 42.866 43.205 43.063 42.943 42.844 42.676 42.654 42.485 42.294
887.8575 43.991 44.04 43.966 43.773 43.63 43.491 43.852 43.75 43.628 43.486 43.345 43.197 43.755 43.583 43.411 43.29 43.179 43.519 43.376 43.256 43.157 42.989 42.967 42.798 42.608
909.2754 44.304 44.354 44.279 44.086 43.944 43.805 44.165 44.064 43.941 43.799 43.659 43.51 44.069 43.896 43.724 43.604 43.493 43.832 43.69 43.57 43.471 43.303 43.281 43.112 42.921
931.21 44.618 44.667 44.593 44.4 44.257 44.118 44.479 44.377 44.255 44.113 43.973 43.824 44.382 44.21 44.038 43.917 43.807 44.146 44.003 43.884 43.785 43.616 43.595 43.425 43.235
953.6737 44.932 44.981 44.906 44.713 44.571 44.432 44.793 44.691 44.568 44.427 44.286 44.138 44.696 44.523 44.351 44.231 44.12 44.46 44.317 44.197 44.098 43.93 43.908 43.739 43.548
976.6793 45.245 45.295 45.22 45.027 44.884 44.745 45.106 45.004 44.882 44.74 44.6 44.451 45.009 44.837 44.665 44.544 44.434 44.773 44.631 44.511 44.412 44.243 44.222 44.052 43.862
1000.2399 45.559 45.608 45.533 45.34 45.198 45.059 45.42 45.318 45.196 45.054 44.913 44.765 45.323 45.15 44.979 44.858 44.747 45.087 44.944 44.824 44.725 44.557 44.535 44.366 44.176
1024.3688 45.872 45.922 45.847 45.654 45.512 45.372 45.733 45.632 45.509 45.367 45.227 45.078 45.637 45.464 45.292 45.171 45.061 45.4 45.258 45.138 45.039 44.871 44.849 44.68 44.489
1049.0798 46.186 46.235 46.16 45.968 45.825 45.686 46.047 45.945 45.823 45.681 45.54 45.392 45.95 45.778 45.606 45.485 45.374 45.714 45.571 45.451 45.352 45.184 45.162 44.993 44.803
