web/models/kne.last_good/kappa_0.5_3.0.v1/25/villar_0.0065_0.3590_0.5000.dat
# %ECSV 1.0
# ---
# datatype:
# - {name: time, datatype: float64}
# - {name: swift_uvot_uvw2, datatype: float64}
# - {name: swift_uvot_uvm2, datatype: float64}
# - {name: swift_uvot_uvw1, datatype: float64}
# - {name: swift_uvot_U, datatype: float64}
# - {name: swift_uvot_B, datatype: float64}
# - {name: swift_uvot_V, datatype: float64}
# - {name: swift_uvot_W, datatype: float64}
# - {name: johnson_U, datatype: float64}
# - {name: johnson_B, datatype: float64}
# - {name: johnson_V, datatype: float64}
# - {name: johnson_R, datatype: float64}
# - {name: johnson_I, datatype: float64}
# - {name: sdss_u, datatype: float64}
# - {name: sdss_g, datatype: float64}
# - {name: sdss_r, datatype: float64}
# - {name: sdss_i, datatype: float64}
# - {name: sdss_z, datatype: float64}
# - {name: PS1_g, datatype: float64}
# - {name: PS1_r, datatype: float64}
# - {name: PS1_i, datatype: float64}
# - {name: PS1_z, datatype: float64}
# - {name: PS1_Y, datatype: float64}
# - {name: PS1_w, datatype: float64}
# - {name: ATLAS_c, datatype: float64}
# - {name: ATLAS_o, datatype: float64}
# - {name: ukirt_J, datatype: float64}
# - {name: ukirt_H, datatype: float64}
# - {name: ukirt_K, datatype: float64}
# - {name: Clear, datatype: float64}
# meta: !!omap
# - comment: [kappa = 0.5, type = villar, mass = 0.006451950121499907, velocity = 0.359, theta_obs = 0.0]
# schema: astropy-2.0
time swift_uvot_uvw2 swift_uvot_uvm2 swift_uvot_uvw1 swift_uvot_U swift_uvot_B swift_uvot_V swift_uvot_W johnson_U johnson_B johnson_V johnson_R johnson_I sdss_u sdss_g sdss_r sdss_i sdss_z PS1_g PS1_r PS1_i PS1_z PS1_Y PS1_w ATLAS_c ATLAS_o ukirt_J ukirt_H ukirt_K Clear
[from data line 146]
0.077495 -11.659 -11.957 -12.257 -12.734 -12.84 -12.804 -12.409 -12.761 -12.838 -12.799 -12.649 -12.408 -12.759 -12.837 -12.731 -12.568 -12.372 -12.845 -12.739 -12.576 -12.431 -12.356 -12.714 -12.803 -12.662 -11.902 -11.465 -10.925 -12.721
0.079839 -11.658 -11.959 -12.268 -12.757 -12.871 -12.841 -12.429 -12.786 -12.869 -12.835 -12.689 -12.452 -12.783 -12.87 -12.77 -12.61 -12.416 -12.878 -12.778 -12.618 -12.475 -12.4 -12.752 -12.838 -12.702 -11.949 -11.514 -10.976 -12.758
0.082253 -11.655 -11.962 -12.278 -12.78 -12.901 -12.876 -12.449 -12.81 -12.899 -12.871 -12.729 -12.495 -12.807 -12.902 -12.808 -12.652 -12.46 -12.911 -12.816 -12.66 -12.518 -12.444 -12.79 -12.873 -12.741 -11.996 -11.563 -11.026 -12.794
0.084741 -11.652 -11.963 -12.287 -12.802 -12.931 -12.912 -12.468 -12.833 -12.929 -12.907 -12.769 -12.538 -12.83 -12.934 -12.846 -12.693 -12.504 -12.944 -12.855 -12.701 -12.561 -12.487 -12.827 -12.907 -12.781 -12.043 -11.612 -11.076 -12.831
0.087304 -11.649 -11.963 -12.296 -12.824 -12.96 -12.947 -12.487 -12.856 -12.958 -12.942 -12.808 -12.582 -12.853 -12.965 -12.884 -12.734 -12.547 -12.976 -12.892 -12.742 -12.604 -12.531 -12.864 -12.942 -12.82 -12.09 -11.66 -11.126 -12.867
0.089944 -11.644 -11.963 -12.303 -12.845 -12.989 -12.982 -12.505 -12.879 -12.987 -12.977 -12.847 -12.624 -12.875 -12.997 -12.922 -12.775 -12.591 -13.008 -12.93 -12.783 -12.647 -12.574 -12.9 -12.976 -12.859 -12.136 -11.709 -11.176 -12.902
0.092665 -11.638 -11.961 -12.311 -12.865 -13.017 -13.017 -12.523 -12.901 -13.016 -13.012 -12.886 -12.667 -12.896 -13.027 -12.959 -12.816 -12.634 -13.039 -12.967 -12.823 -12.689 -12.618 -12.937 -13.009 -12.898 -12.183 -11.757 -11.226 -12.938
0.095467 -11.632 -11.959 -12.317 -12.885 -13.045 -13.051 -12.54 -12.922 -13.044 -13.046 -12.925 -12.709 -12.917 -13.057 -12.996 -12.856 -12.677 -13.07 -13.004 -12.864 -12.731 -12.661 -12.973 -13.042 -12.936 -12.229 -11.805 -11.276 -12.973
0.098355 -11.625 -11.956 -12.323 -12.905 -13.073 -13.085 -12.557 -12.943 -13.072 -13.08 -12.963 -12.751 -12.938 -13.087 -13.033 -12.896 -12.719 -13.101 -13.041 -12.904 -12.773 -12.703 -13.008 -13.075 -12.974 -12.276 -11.854 -11.325 -13.007
0.101329 -11.617 -11.952 -12.328 -12.923 -13.1 -13.118 -12.574 -12.963 -13.099 -13.114 -13.002 -12.793 -12.958 -13.117 -13.069 -12.936 -12.762 -13.131 -13.077 -12.944 -12.815 -12.746 -13.044 -13.107 -13.012 -12.322 -11.902 -11.375 -13.042
0.104394 -11.608 -11.947 -12.332 -12.941 -13.127 -13.151 -12.59 -12.983 -13.126 -13.147 -13.039 -12.835 -12.977 -13.146 -13.105 -12.976 -12.804 -13.161 -13.113 -12.983 -12.857 -12.789 -13.079 -13.139 -13.05 -12.368 -11.949 -11.424 -13.076
0.107551 -11.598 -11.941 -12.335 -12.959 -13.153 -13.184 -12.606 -13.002 -13.152 -13.18 -13.077 -12.876 -12.996 -13.174 -13.14 -13.015 -12.846 -13.19 -13.148 -13.023 -12.898 -12.831 -13.113 -13.171 -13.087 -12.413 -11.997 -11.474 -13.109
0.110804 -11.587 -11.934 -12.338 -12.975 -13.178 -13.216 -12.621 -13.02 -13.177 -13.212 -13.114 -12.918 -13.013 -13.202 -13.176 -13.054 -12.888 -13.219 -13.184 -13.062 -12.939 -12.873 -13.148 -13.202 -13.124 -12.459 -12.045 -11.523 -13.143
0.114155 -11.575 -11.926 -12.34 -12.992 -13.203 -13.248 -12.635 -13.038 -13.203 -13.244 -13.151 -12.959 -13.031 -13.229 -13.211 -13.093 -12.929 -13.248 -13.218 -13.1 -12.98 -12.915 -13.182 -13.233 -13.16 -12.504 -12.092 -11.572 -13.176
0.117608 -11.562 -11.916 -12.34 -13.007 -13.228 -13.279 -12.649 -13.054 -13.227 -13.276 -13.187 -12.999 -13.047 -13.256 -13.245 -13.131 -12.97 -13.276 -13.253 -13.139 -13.021 -12.956 -13.215 -13.263 -13.196 -12.549 -12.139 -11.621 -13.208
0.121165 -11.548 -11.906 -12.34 -13.021 -13.252 -13.31 -12.662 -13.071 -13.251 -13.307 -13.223 -13.04 -13.063 -13.283 -13.279 -13.169 -13.011 -13.303 -13.287 -13.177 -13.061 -12.998 -13.248 -13.293 -13.232 -12.594 -12.187 -11.67 -13.24
0.124829 -11.533 -11.894 -12.339 -13.035 -13.275 -13.34 -12.675 -13.086 -13.274 -13.337 -13.259 -13.08 -13.078 -13.309 -13.313 -13.207 -13.052 -13.33 -13.321 -13.214 -13.101 -13.039 -13.281 -13.322 -13.267 -12.639 -12.234 -11.719 -13.272
0.128605 -11.517 -11.882 -12.337 -13.048 -13.298 -13.37 -12.688 -13.101 -13.297 -13.367 -13.294 -13.119 -13.092 -13.334 -13.346 -13.244 -13.092 -13.356 -13.354 -13.252 -13.141 -13.08 -13.313 -13.351 -13.302 -12.684 -12.28 -11.767 -13.303
0.132494 -11.5 -11.868 -12.334 -13.06 -13.32 -13.4 -12.699 -13.115 -13.319 -13.397 -13.329 -13.159 -13.106 -13.359 -13.379 -13.281 -13.132 -13.382 -13.386 -13.289 -13.18 -13.12 -13.345 -13.379 -13.337 -12.728 -12.327 -11.815 -13.334
0.136502 -11.481 -11.852 -12.329 -13.072 -13.341 -13.429 -12.71 -13.128 -13.341 -13.426 -13.364 -13.198 -13.119 -13.383 -13.411 -13.318 -13.172 -13.407 -13.419 -13.325 -13.219 -13.16 -13.376 -13.407 -13.371 -12.772 -12.373 -11.864 -13.365
0.14063 -11.461 -11.836 -12.324 -13.082 -13.361 -13.457 -12.72 -13.14 -13.361 -13.454 -13.398 -13.237 -13.13 -13.406 -13.443 -13.354 -13.211 -13.432 -13.451 -13.362 -13.258 -13.2 -13.407 -13.434 -13.405 -12.816 -12.419 -11.912 -13.394
0.144883 -11.44 -11.817 -12.318 -13.092 -13.381 -13.485 -12.73 -13.151 -13.381 -13.482 -13.431 -13.275 -13.141 -13.429 -13.474 -13.39 -13.25 -13.455 -13.482 -13.398 -13.296 -13.24 -13.438 -13.461 -13.438 -12.859 -12.465 -11.96 -13.424
0.149265 -11.418 -11.798 -12.31 -13.1 -13.4 -13.512 -12.739 -13.162 -13.401 -13.51 -13.465 -13.313 -13.151 -13.451 -13.505 -13.425 -13.289 -13.479 -13.513 -13.433 -13.334 -13.279 -13.467 -13.487 -13.471 -12.903 -12.511 -12.008 -13.453
0.15378 -11.394 -11.777 -12.301 -13.108 -13.419 -13.538 -12.747 -13.171 -13.419 -13.536 -13.497 -13.351 -13.16 -13.472 -13.535 -13.46 -13.327 -13.501 -13.543 -13.468 -13.372 -13.318 -13.497 -13.512 -13.503 -12.946 -12.557 -12.055 -13.481
0.15843 -11.37 -11.754 -12.291 -13.114 -13.436 -13.564 -12.755 -13.18 -13.437 -13.562 -13.529 -13.388 -13.168 -13.493 -13.565 -13.495 -13.365 -13.523 -13.573 -13.502 -13.409 -13.357 -13.525 -13.536 -13.535 -12.988 -12.602 -12.102 -13.509
0.163222 -11.343 -11.73 -12.279 -13.12 -13.453 -13.589 -12.761 -13.187 -13.453 -13.588 -13.561 -13.425 -13.175 -13.512 -13.594 -13.529 -13.403 -13.544 -13.602 -13.536 -13.446 -13.395 -13.554 -13.56 -13.566 -13.031 -12.647 -12.15 -13.536
0.168159 -11.315 -11.704 -12.267 -13.124 -13.469 -13.614 -12.767 -13.193 -13.469 -13.613 -13.592 -13.461 -13.181 -13.531 -13.623 -13.562 -13.44 -13.564 -13.63 -13.57 -13.483 -13.433 -13.581 -13.584 -13.597 -13.073 -12.692 -12.197 -13.563
0.173245 -11.286 -11.677 -12.252 -13.127 -13.483 -13.637 -12.772 -13.199 -13.484 -13.636 -13.623 -13.497 -13.185 -13.549 -13.65 -13.595 -13.476 -13.584 -13.658 -13.603 -13.519 -13.471 -13.608 -13.606 -13.627 -13.115 -12.736 -12.243 -13.588
0.178484 -11.255 -11.647 -12.237 -13.129 -13.497 -13.66 -12.776 -13.203 -13.498 -13.66 -13.652 -13.532 -13.189 -13.567 -13.678 -13.628 -13.513 -13.602 -13.685 -13.635 -13.554 -13.508 -13.634 -13.628 -13.656 -13.156 -12.781 -12.29 -13.614
0.183882 -11.222 -11.616 -12.219 -13.13 -13.51 -13.683 -12.779 -13.205 -13.511 -13.682 -13.682 -13.567 -13.191 -13.583 -13.704 -13.659 -13.548 -13.62 -13.712 -13.667 -13.589 -13.544 -13.66 -13.649 -13.685 -13.197 -12.825 -12.336 -13.638
0.189444 -11.188 -11.582 -12.2 -13.129 -13.522 -13.704 -12.781 -13.207 -13.523 -13.704 -13.71 -13.602 -13.192 -13.598 -13.73 -13.691 -13.583 -13.636 -13.738 -13.699 -13.623 -13.58 -13.685 -13.669 -13.713 -13.238 -12.868 -12.382 -13.662
0.195173 -11.152 -11.547 -12.18 -13.127 -13.533 -13.724 -12.782 -13.207 -13.534 -13.724 -13.738 -13.636 -13.191 -13.613 -13.755 -13.721 -13.618 -13.652 -13.763 -13.729 -13.657 -13.616 -13.709 -13.688 -13.741 -13.278 -12.912 -12.428 -13.685
0.201076 -11.114 -11.509 -12.157 -13.123 -13.542 -13.744 -12.782 -13.206 -13.544 -13.744 -13.765 -13.669 -13.189 -13.626 -13.779 -13.751 -13.652 -13.667 -13.787 -13.759 -13.691 -13.651 -13.732 -13.706 -13.767 -13.318 -12.955 -12.474 -13.707
0.207158 -11.074 -11.469 -12.133 -13.118 -13.55 -13.762 -12.781 -13.203 -13.552 -13.763 -13.791 -13.701 -13.186 -13.638 -13.802 -13.78 -13.686 -13.681 -13.81 -13.788 -13.723 -13.686 -13.755 -13.723 -13.793 -13.358 -12.997 -12.519 -13.729
0.213423 -11.033 -11.427 -12.107 -13.111 -13.557 -13.78 -12.779 -13.199 -13.56 -13.781 -13.817 -13.733 -13.181 -13.649 -13.824 -13.809 -13.718 -13.693 -13.833 -13.817 -13.755 -13.72 -13.776 -13.739 -13.818 -13.397 -13.04 -12.564 -13.749
0.219878 -10.989 -11.382 -12.079 -13.103 -13.563 -13.796 -12.775 -13.193 -13.565 -13.797 -13.842 -13.765 -13.174 -13.658 -13.846 -13.836 -13.751 -13.704 -13.854 -13.845 -13.787 -13.753 -13.797 -13.755 -13.843 -13.435 -13.082 -12.608 -13.769
0.226528 -10.943 -11.334 -12.048 -13.093 -13.567 -13.811 -12.77 -13.185 -13.57 -13.813 -13.866 -13.795 -13.166 -13.667 -13.866 -13.863 -13.782 -13.714 -13.875 -13.872 -13.817 -13.786 -13.816 -13.768 -13.866 -13.473 -13.123 -12.652 -13.788
0.233379 -10.895 -11.284 -12.016 -13.08 -13.57 -13.825 -12.764 -13.175 -13.573 -13.827 -13.888 -13.825 -13.155 -13.674 -13.886 -13.889 -13.813 -13.723 -13.894 -13.898 -13.847 -13.818 -13.835 -13.781 -13.888 -13.511 -13.164 -12.696 -13.805
0.240437 -10.845 -11.23 -11.981 -13.066 -13.571 -13.838 -12.757 -13.164 -13.574 -13.84 -13.91 -13.854 -13.143 -13.679 -13.904 -13.914 -13.843 -13.73 -13.913 -13.923 -13.877 -13.85 -13.853 -13.793 -13.91 -13.548 -13.205 -12.74 -13.822
0.247709 -10.792 -11.174 -11.943 -13.05 -13.571 -13.85 -12.747 -13.151 -13.574 -13.852 -13.931 -13.882 -13.129 -13.683 -13.921 -13.938 -13.872 -13.736 -13.93 -13.947 -13.905 -13.88 -13.869 -13.803 -13.93 -13.584 -13.245 -12.783 -13.838
0.255201 -10.737 -11.114 -11.903 -13.032 -13.568 -13.86 -12.737 -13.135 -13.572 -13.863 -13.951 -13.91 -13.112 -13.686 -13.937 -13.962 -13.9 -13.741 -13.946 -13.971 -13.932 -13.91 -13.884 -13.812 -13.949 -13.62 -13.284 -12.826 -13.852
0.262919 -10.68 -11.051 -11.86 -13.011 -13.564 -13.868 -12.724 -13.117 -13.568 -13.872 -13.969 -13.936 -13.094 -13.686 -13.952 -13.984 -13.928 -13.743 -13.961 -13.993 -13.959 -13.939 -13.898 -13.819 -13.967 -13.655 -13.323 -12.868 -13.865
0.270871 -10.62 -10.985 -11.815 -12.988 -13.558 -13.875 -12.71 -13.097 -13.563 -13.879 -13.987 -13.962 -13.073 -13.685 -13.965 -14.005 -13.954 -13.744 -13.974 -14.014 -13.985 -13.967 -13.911 -13.824 -13.984 -13.689 -13.362 -12.91 -13.877
0.279064 -10.557 -10.914 -11.766 -12.962 -13.55 -13.881 -12.694 -13.075 -13.555 -13.885 -14.003 -13.986 -13.049 -13.682 -13.977 -14.024 -13.98 -13.743 -13.986 -14.034 -14.009 -13.995 -13.922 -13.828 -13.999 -13.723 -13.4 -12.951 -13.887
0.287504 -10.492 -10.84 -11.714 -12.934 -13.54 -13.884 -12.676 -13.049 -13.545 -13.889 -14.018 -14.009 -13.023 -13.677 -13.987 -14.043 -14.004 -13.741 -13.996 -14.053 -14.033 -14.021 -13.932 -13.831 -14.013 -13.755 -13.437 -12.992 -13.896
0.296199 -10.423 -10.761 -11.659 -12.902 -13.527 -13.886 -12.656 -13.021 -13.533 -13.891 -14.031 -14.032 -12.994 -13.67 -13.995 -14.06 -14.028 -13.736 -14.005 -14.07 -14.055 -14.046 -13.94 -13.831 -14.026 -13.787 -13.474 -13.032 -13.903
0.305157 -10.352 -10.677 -11.6 -12.868 -13.512 -13.886 -12.634 -12.99 -13.518 -13.892 -14.042 -14.053 -12.961 -13.661 -14.002 -14.076 -14.05 -13.729 -14.012 -14.086 -14.076 -14.071 -13.947 -13.829 -14.037 -13.819 -13.509 -13.072 -13.909
0.314387 -10.278 -10.589 -11.537 -12.83 -13.494 -13.884 -12.609 -12.956 -13.501 -13.89 -14.052 -14.072 -12.926 -13.649 -14.007 -14.09 -14.07 -13.72 -14.018 -14.1 -14.096 -14.094 -13.951 -13.826 -14.046 -13.849 -13.545 -13.111 -13.913
0.323895 -10.201 -10.496 -11.471 -12.789 -13.474 -13.879 -12.582 -12.919 -13.481 -13.886 -14.061 -14.09 -12.887 -13.634 -14.01 -14.102 -14.09 -13.708 -14.021 -14.113 -14.114 -14.115 -13.954 -13.82 -14.053 -13.878 -13.579 -13.149 -13.915
0.333691 -10.122 -10.397 -11.4 -12.744 -13.45 -13.872 -12.552 -12.878 -13.458 -13.879 -14.067 -14.107 -12.845 -13.617 -14.011 -14.113 -14.108 -13.694 -14.022 -14.124 -14.131 -14.136 -13.955 -13.811 -14.059 -13.906 -13.612 -13.187 -13.916
0.343783 -10.039 -10.293 -11.325 -12.695 -13.424 -13.863 -12.52 -12.833 -13.432 -13.871 -14.071 -14.122 -12.799 -13.597 -14.01 -14.122 -14.124 -13.676 -14.021 -14.133 -14.146 -14.155 -13.954 -13.801 -14.063 -13.933 -13.645 -13.224 -13.914
0.354181 -9.953 -10.182 -11.245 -12.642 -13.394 -13.851 -12.485 -12.784 -13.402 -13.859 -14.074 -14.136 -12.748 -13.574 -14.007 -14.129 -14.139 -13.656 -14.018 -14.141 -14.16 -14.172 -13.951 -13.787 -14.064 -13.959 -13.676 -13.26 -13.91
0.364893 -9.864 -10.065 -11.159 -12.585 -13.36 -13.836 -12.446 -12.731 -13.37 -13.845 -14.074 -14.147 -12.694 -13.548 -14.001 -14.134 -14.152 -13.633 -14.012 -14.146 -14.172 -14.188 -13.945 -13.771 -14.063 -13.983 -13.707 -13.295 -13.904
0.375929 -9.772 -9.942 -11.069 -12.523 -13.323 -13.818 -12.404 -12.673 -13.333 -13.827 -14.072 -14.157 -12.634 -13.518 -13.992 -14.137 -14.164 -13.607 -14.004 -14.149 -14.182 -14.203 -13.936 -13.751 -14.06 -14.006 -13.737 -13.33 -13.895
0.387298 -9.678 -9.81 -10.973 -12.456 -13.282 -13.796 -12.359 -12.61 -13.292 -13.807 -14.067 -14.165 -12.57 -13.485 -13.98 -14.138 -14.173 -13.577 -13.993 -14.15 -14.19 -14.215 -13.925 -13.729 -14.054 -14.028 -13.765 -13.364 -13.883
0.399012 -9.581 -9.671 -10.871 -12.383 -13.236 -13.771 -12.31 -12.542 -13.247 -13.783 -14.059 -14.17 -12.5 -13.447 -13.965 -14.135 -14.18 -13.543 -13.978 -14.148 -14.196 -14.225 -13.911 -13.703 -14.046 -14.048 -13.792 -13.396 -13.869
0.41108 -9.482 -9.523 -10.762 -12.304 -13.186 -13.743 -12.257 -12.469 -13.198 -13.755 -14.048 -14.174 -12.425 -13.405 -13.947 -14.131 -14.185 -13.505 -13.961 -14.144 -14.199 -14.234 -13.894 -13.673 -14.034 -14.067 -13.818 -13.428 -13.852
0.423513 -9.38 -9.367 -10.647 -12.22 -13.13 -13.71 -12.2 -12.389 -13.143 -13.723 -14.035 -14.174 -12.343 -13.359 -13.926 -14.123 -14.187 -13.463 -13.94 -14.137 -14.2 -14.24 -13.874 -13.639 -14.019 -14.083 -13.842 -13.458 -13.832
0.436321 -9.277 -9.201 -10.525 -12.128 -13.07 -13.673 -12.138 -12.303 -13.083 -13.687 -14.018 -14.172 -12.255 -13.308 -13.901 -14.112 -14.187 -13.416 -13.915 -14.126 -14.198 -14.244 -13.85 -13.601 -14.001 -14.098 -13.865 -13.487 -13.808
0.449518 -9.172 -9.024 -10.394 -12.03 -13.003 -13.631 -12.072 -12.21 -13.018 -13.647 -13.997 -14.168 -12.16 -13.251 -13.871 -14.098 -14.184 -13.364 -13.887 -14.113 -14.194 -14.245 -13.822 -13.558 -13.979 -14.111 -13.886 -13.515 -13.781
0.463113 -9.067 -8.836 -10.256 -11.923 -12.931 -13.585 -12.0 -12.11 -12.947 -13.601 -13.973 -14.16 -12.057 -13.189 -13.838 -14.08 -14.178 -13.307 -13.853 -14.095 -14.186 -14.243 -13.79 -13.511 -13.953 -14.122 -13.906 -13.542 -13.75
0.47712 -8.961 -8.637 -10.109 -11.809 -12.852 -13.533 -11.923 -12.002 -12.868 -13.55 -13.944 -14.148 -11.946 -13.121 -13.799 -14.058 -14.169 -13.244 -13.816 -14.074 -14.175 -14.239 -13.754 -13.458 -13.923 -14.13 -13.923 -13.567 -13.715
0.49155 -8.856 -8.425 -9.953 -11.685 -12.765 -13.475 -11.839 -11.885 -12.783 -13.494 -13.911 -14.133 -11.827 -13.046 -13.756 -14.033 -14.156 -13.175 -13.773 -14.049 -14.16 -14.231 -13.713 -13.399 -13.889 -14.136 -13.939 -13.59 -13.675
0.506416 -8.751 -8.2 -9.786 -11.552 -12.671 -13.411 -11.75 -11.759 -12.69 -13.431 -13.873 -14.115 -11.698 -12.964 -13.706 -14.002 -14.14 -13.099 -13.725 -14.019 -14.142 -14.22 -13.667 -13.335 -13.849 -14.139 -13.952 -13.612 -13.631
0.521733 -8.647 -7.959 -9.61 -11.409 -12.568 -13.34 -11.654 -11.623 -12.59 -13.362 -13.829 -14.092 -11.558 -12.874 -13.652 -13.967 -14.119 -13.016 -13.671 -13.985 -14.119 -14.205 -13.616 -13.263 -13.804 -14.139 -13.964 -13.632 -13.582
0.537512 -8.546 -7.704 -9.422 -11.254 -12.457 -13.262 -11.55 -11.475 -12.48 -13.285 -13.78 -14.064 -11.408 -12.776 -13.59 -13.926 -14.094 -12.925 -13.611 -13.945 -14.092 -14.186 -13.559 -13.185 -13.754 -14.136 -13.972 -13.65 -13.527
