web/models/kne.last_good/kappa_0.5_3.0.v1/25/villar_0.0065_0.0457_3.0000.dat
# %ECSV 1.0
# ---
# datatype:
# - {name: time, datatype: float64}
# - {name: swift_uvot_uvw2, datatype: float64}
# - {name: swift_uvot_uvm2, datatype: float64}
# - {name: swift_uvot_uvw1, datatype: float64}
# - {name: swift_uvot_U, datatype: float64}
# - {name: swift_uvot_B, datatype: float64}
# - {name: swift_uvot_V, datatype: float64}
# - {name: swift_uvot_W, datatype: float64}
# - {name: johnson_U, datatype: float64}
# - {name: johnson_B, datatype: float64}
# - {name: johnson_V, datatype: float64}
# - {name: johnson_R, datatype: float64}
# - {name: johnson_I, datatype: float64}
# - {name: sdss_u, datatype: float64}
# - {name: sdss_g, datatype: float64}
# - {name: sdss_r, datatype: float64}
# - {name: sdss_i, datatype: float64}
# - {name: sdss_z, datatype: float64}
# - {name: PS1_g, datatype: float64}
# - {name: PS1_r, datatype: float64}
# - {name: PS1_i, datatype: float64}
# - {name: PS1_z, datatype: float64}
# - {name: PS1_Y, datatype: float64}
# - {name: PS1_w, datatype: float64}
# - {name: ATLAS_c, datatype: float64}
# - {name: ATLAS_o, datatype: float64}
# - {name: ukirt_J, datatype: float64}
# - {name: ukirt_H, datatype: float64}
# - {name: ukirt_K, datatype: float64}
# - {name: Clear, datatype: float64}
# meta: !!omap
# - comment: [kappa = 3.0, type = villar, mass = 0.006451950121499907, velocity = 0.04566666666666669, theta_obs = 0.0]
# schema: astropy-2.0
time swift_uvot_uvw2 swift_uvot_uvm2 swift_uvot_uvw1 swift_uvot_U swift_uvot_B swift_uvot_V swift_uvot_W johnson_U johnson_B johnson_V johnson_R johnson_I sdss_u sdss_g sdss_r sdss_i sdss_z PS1_g PS1_r PS1_i PS1_z PS1_Y PS1_w ATLAS_c ATLAS_o ukirt_J ukirt_H ukirt_K Clear
0.001 nan nan nan nan nan nan nan nan nan nan nan nan nan nan nan nan nan nan nan nan nan nan nan nan nan nan nan nan nan
0.00103 -2.321 -2.183 -2.078 -1.742 -1.424 -1.071 -1.924 -1.695 -1.421 -1.061 -0.691 -0.257 -1.705 -1.312 -0.858 -0.517 -0.193 -1.3 -0.898 -0.568 -0.359 -0.368 -0.914 -1.135 -0.718 0.461 0.997 1.619 -0.986
0.001061 -2.841 -2.643 -2.513 -2.112 -1.764 -1.388 -2.357 -2.06 -1.761 -1.378 -0.992 -0.544 -2.07 -1.645 -1.165 -0.811 -0.477 -1.639 -1.218 -0.881 -0.679 -0.733 -1.227 -1.458 -1.02 0.19 0.734 1.362 -1.306
0.001094 -3.141 -2.91 -2.768 -2.335 -1.974 -1.587 -2.612 -2.282 -1.97 -1.577 -1.183 -0.728 -2.292 -1.851 -1.359 -0.999 -0.661 -1.85 -1.42 -1.081 -0.885 -0.968 -1.425 -1.659 -1.212 0.014 0.561 1.192 -1.506
0.001127 -3.358 -3.104 -2.955 -2.503 -2.133 -1.74 -2.799 -2.448 -2.129 -1.729 -1.331 -0.872 -2.458 -2.007 -1.508 -1.144 -0.804 -2.011 -1.576 -1.236 -1.045 -1.148 -1.576 -1.813 -1.36 -0.125 0.424 1.058 -1.659
0.001161 -3.53 -3.26 -3.106 -2.642 -2.265 -1.868 -2.951 -2.585 -2.262 -1.857 -1.456 -0.993 -2.595 -2.138 -1.634 -1.268 -0.925 -2.145 -1.707 -1.366 -1.179 -1.297 -1.703 -1.942 -1.485 -0.244 0.307 0.942 -1.788
0.001196 -3.676 -3.394 -3.236 -2.762 -2.381 -1.98 -3.081 -2.705 -2.377 -1.969 -1.566 -1.101 -2.715 -2.253 -1.745 -1.377 -1.033 -2.262 -1.822 -1.481 -1.297 -1.427 -1.815 -2.055 -1.595 -0.349 0.203 0.839 -1.901
0.001232 -3.804 -3.512 -3.351 -2.87 -2.486 -2.082 -3.196 -2.812 -2.482 -2.071 -1.666 -1.2 -2.822 -2.357 -1.846 -1.476 -1.131 -2.368 -1.926 -1.585 -1.404 -1.544 -1.917 -2.158 -1.695 -0.446 0.107 0.744 -2.003
0.001269 -3.919 -3.619 -3.456 -2.969 -2.582 -2.177 -3.301 -2.911 -2.579 -2.166 -1.759 -1.292 -2.921 -2.453 -1.94 -1.569 -1.223 -2.466 -2.023 -1.681 -1.502 -1.65 -2.011 -2.253 -1.789 -0.536 0.017 0.654 -2.098
0.001308 -4.024 -3.718 -3.553 -3.061 -2.673 -2.266 -3.399 -3.003 -2.669 -2.255 -1.847 -1.379 -3.013 -2.543 -2.028 -1.656 -1.309 -2.557 -2.113 -1.772 -1.595 -1.749 -2.1 -2.342 -1.877 -0.622 -0.068 0.57 -2.187
0.001347 -4.122 -3.81 -3.644 -3.149 -2.759 -2.35 -3.49 -3.09 -2.755 -2.339 -1.931 -1.461 -3.101 -2.628 -2.112 -1.739 -1.392 -2.644 -2.199 -1.858 -1.682 -1.841 -2.184 -2.427 -1.96 -0.704 -0.149 0.489 -2.272
0.001388 -4.213 -3.897 -3.73 -3.232 -2.841 -2.431 -3.576 -3.173 -2.837 -2.42 -2.011 -1.541 -3.184 -2.71 -2.192 -1.819 -1.471 -2.726 -2.281 -1.94 -1.765 -1.929 -2.265 -2.508 -2.04 -0.783 -0.228 0.411 -2.353
0.00143 -4.3 -3.981 -3.813 -3.312 -2.919 -2.509 -3.659 -3.253 -2.916 -2.498 -2.088 -1.618 -3.263 -2.788 -2.27 -1.896 -1.548 -2.806 -2.36 -2.019 -1.846 -2.013 -2.343 -2.586 -2.118 -0.859 -0.304 0.335 -2.431
0.001473 -4.383 -4.06 -3.892 -3.389 -2.996 -2.584 -3.738 -3.33 -2.992 -2.573 -2.163 -1.692 -3.34 -2.864 -2.345 -1.971 -1.623 -2.883 -2.436 -2.095 -1.923 -2.093 -2.418 -2.662 -2.193 -0.933 -0.377 0.261 -2.506
0.001518 -4.462 -4.137 -3.968 -3.464 -3.07 -2.658 -3.814 -3.404 -3.066 -2.647 -2.236 -1.765 -3.415 -2.938 -2.418 -2.044 -1.695 -2.957 -2.51 -2.169 -1.998 -2.17 -2.492 -2.736 -2.266 -1.005 -0.45 0.189 -2.58
0.001564 -4.538 -4.212 -4.042 -3.537 -3.142 -2.73 -3.888 -3.477 -3.138 -2.719 -2.308 -1.836 -3.488 -3.01 -2.49 -2.115 -1.766 -3.029 -2.582 -2.241 -2.07 -2.245 -2.563 -2.807 -2.337 -1.076 -0.52 0.119 -2.652
0.001611 -4.612 -4.284 -4.114 -3.607 -3.212 -2.8 -3.96 -3.548 -3.208 -2.789 -2.378 -1.906 -3.558 -3.08 -2.56 -2.185 -1.836 -3.1 -2.653 -2.312 -2.141 -2.317 -2.634 -2.878 -2.407 -1.146 -0.59 0.05 -2.722
0.00166 -4.683 -4.354 -4.184 -3.677 -3.281 -2.869 -4.03 -3.617 -3.277 -2.858 -2.446 -1.974 -3.628 -3.149 -2.629 -2.253 -1.904 -3.169 -2.722 -2.381 -2.211 -2.388 -2.702 -2.947 -2.476 -1.214 -0.658 -0.019 -2.791
0.00171 -4.753 -4.423 -4.252 -3.745 -3.349 -2.936 -4.099 -3.685 -3.345 -2.925 -2.514 -2.042 -3.696 -3.217 -2.696 -2.321 -1.972 -3.237 -2.79 -2.449 -2.279 -2.457 -2.77 -3.014 -2.543 -1.281 -0.725 -0.086 -2.858
0.001761 -4.821 -4.49 -4.32 -3.812 -3.416 -3.003 -4.166 -3.752 -3.412 -2.992 -2.58 -2.108 -3.762 -3.284 -2.763 -2.387 -2.038 -3.304 -2.856 -2.516 -2.346 -2.524 -2.836 -3.081 -2.61 -1.347 -0.791 -0.152 -2.925
0.001815 -4.887 -4.556 -4.385 -3.877 -3.481 -3.068 -4.232 -3.818 -3.478 -3.057 -2.646 -2.174 -3.828 -3.349 -2.828 -2.453 -2.104 -3.37 -2.922 -2.581 -2.412 -2.59 -2.902 -3.146 -2.675 -1.413 -0.857 -0.217 -2.991
0.00187 -4.951 -4.621 -4.45 -3.942 -3.546 -3.133 -4.296 -3.882 -3.542 -3.122 -2.711 -2.238 -3.893 -3.414 -2.893 -2.518 -2.168 -3.434 -2.987 -2.646 -2.476 -2.655 -2.967 -3.211 -2.74 -1.478 -0.921 -0.282 -3.055
0.001926 -5.015 -4.685 -4.514 -4.006 -3.61 -3.197 -4.36 -3.946 -3.606 -3.186 -2.775 -2.302 -3.957 -3.478 -2.957 -2.582 -2.232 -3.498 -3.051 -2.71 -2.54 -2.718 -3.031 -3.275 -2.804 -1.542 -0.986 -0.346 -3.119
0.001984 -5.077 -4.747 -4.577 -4.069 -3.673 -3.26 -4.423 -4.009 -3.669 -3.249 -2.838 -2.366 -4.02 -3.541 -3.02 -2.645 -2.296 -3.561 -3.114 -2.773 -2.603 -2.781 -3.094 -3.338 -2.868 -1.605 -1.049 -0.41 -3.183
0.002044 -5.139 -4.809 -4.639 -4.131 -3.736 -3.323 -4.485 -4.072 -3.732 -3.312 -2.901 -2.429 -4.082 -3.604 -3.083 -2.708 -2.359 -3.624 -3.176 -2.836 -2.666 -2.843 -3.157 -3.401 -2.93 -1.668 -1.112 -0.473 -3.245
0.002106 -5.199 -4.87 -4.7 -4.193 -3.798 -3.385 -4.546 -4.133 -3.794 -3.374 -2.963 -2.491 -4.144 -3.666 -3.145 -2.77 -2.421 -3.686 -3.238 -2.897 -2.727 -2.904 -3.219 -3.463 -2.992 -1.73 -1.174 -0.535 -3.307
0.00217 -5.258 -4.93 -4.76 -4.254 -3.859 -3.446 -4.607 -4.194 -3.855 -3.435 -3.024 -2.553 -4.205 -3.727 -3.207 -2.832 -2.483 -3.747 -3.299 -2.959 -2.788 -2.964 -3.28 -3.524 -3.054 -1.792 -1.236 -0.597 -3.369
0.002236 -5.317 -4.99 -4.82 -4.315 -3.92 -3.507 -4.666 -4.255 -3.916 -3.496 -3.086 -2.614 -4.266 -3.788 -3.268 -2.893 -2.544 -3.807 -3.36 -3.019 -2.848 -3.023 -3.341 -3.585 -3.115 -1.854 -1.298 -0.659 -3.43
0.002303 -5.375 -5.049 -4.879 -4.375 -3.98 -3.568 -4.725 -4.315 -3.976 -3.557 -3.146 -2.675 -4.326 -3.848 -3.328 -2.954 -2.605 -3.867 -3.42 -3.08 -2.908 -3.082 -3.402 -3.646 -3.176 -1.915 -1.359 -0.72 -3.49
0.002373 -5.432 -5.107 -4.938 -4.434 -4.04 -3.628 -4.784 -4.374 -4.036 -3.617 -3.207 -2.735 -4.385 -3.908 -3.388 -3.014 -2.665 -3.927 -3.48 -3.139 -2.968 -3.14 -3.462 -3.706 -3.236 -1.976 -1.42 -0.781 -3.55
0.002445 -5.488 -5.165 -4.996 -4.493 -4.099 -3.688 -4.842 -4.434 -4.095 -3.677 -3.266 -2.795 -4.444 -3.968 -3.448 -3.074 -2.726 -3.986 -3.54 -3.199 -3.027 -3.197 -3.522 -3.765 -3.296 -2.036 -1.48 -0.841 -3.61
0.002519 -5.544 -5.222 -5.054 -4.551 -4.158 -3.747 -4.9 -4.492 -4.154 -3.736 -3.326 -2.855 -4.503 -4.027 -3.508 -3.134 -2.785 -4.045 -3.598 -3.257 -3.085 -3.254 -3.581 -3.825 -3.356 -2.096 -1.54 -0.902 -3.669
0.002595 -5.599 -5.279 -5.111 -4.61 -4.217 -3.806 -4.957 -4.55 -4.213 -3.795 -3.385 -2.915 -4.561 -4.085 -3.567 -3.193 -2.845 -4.103 -3.657 -3.316 -3.143 -3.311 -3.64 -3.883 -3.415 -2.156 -1.6 -0.962 -3.728
0.002673 -5.654 -5.335 -5.167 -4.667 -4.275 -3.865 -5.013 -4.608 -4.271 -3.854 -3.444 -2.974 -4.619 -4.144 -3.626 -3.252 -2.904 -4.161 -3.715 -3.374 -3.201 -3.367 -3.699 -3.942 -3.474 -2.215 -1.66 -1.021 -3.787
0.002754 -5.708 -5.391 -5.224 -4.725 -4.333 -3.923 -5.069 -4.666 -4.329 -3.912 -3.503 -3.033 -4.676 -4.202 -3.684 -3.311 -2.963 -4.219 -3.773 -3.432 -3.258 -3.423 -3.757 -4.0 -3.532 -2.274 -1.719 -1.081 -3.845
0.002837 -5.761 -5.446 -5.279 -4.782 -4.39 -3.981 -5.125 -4.723 -4.387 -3.97 -3.561 -3.091 -4.733 -4.26 -3.742 -3.369 -3.022 -4.276 -3.831 -3.489 -3.315 -3.478 -3.815 -4.058 -3.59 -2.333 -1.778 -1.14 -3.903
0.002923 -5.814 -5.501 -5.335 -4.838 -4.448 -4.039 -5.181 -4.78 -4.444 -4.028 -3.619 -3.149 -4.79 -4.317 -3.8 -3.427 -3.08 -4.333 -3.888 -3.547 -3.372 -3.533 -3.873 -4.116 -3.648 -2.392 -1.837 -1.199 -3.96
0.003012 -5.867 -5.556 -5.39 -4.895 -4.505 -4.096 -5.236 -4.836 -4.501 -4.085 -3.677 -3.208 -4.847 -4.374 -3.858 -3.485 -3.138 -4.39 -3.945 -3.604 -3.428 -3.587 -3.93 -4.173 -3.706 -2.45 -1.895 -1.257 -4.018
0.003103 -5.919 -5.61 -5.445 -4.951 -4.561 -4.153 -5.29 -4.892 -4.558 -4.142 -3.734 -3.265 -4.903 -4.431 -3.915 -3.543 -3.196 -4.446 -4.002 -3.66 -3.484 -3.641 -3.988 -4.23 -3.764 -2.508 -1.954 -1.316 -4.075
0.003196 -5.971 -5.664 -5.499 -5.007 -4.618 -4.21 -5.345 -4.948 -4.614 -4.199 -3.792 -3.323 -4.959 -4.488 -3.973 -3.6 -3.254 -4.502 -4.058 -3.717 -3.54 -3.695 -4.045 -4.287 -3.821 -2.566 -2.012 -1.374 -4.132
0.003293 -6.022 -5.717 -5.553 -5.062 -4.674 -4.267 -5.399 -5.004 -4.67 -4.256 -3.849 -3.38 -5.014 -4.544 -4.03 -3.658 -3.311 -4.558 -4.114 -3.773 -3.596 -3.748 -4.102 -4.344 -3.878 -2.624 -2.07 -1.432 -4.189
0.003393 -6.073 -5.771 -5.607 -5.118 -4.73 -4.324 -5.452 -5.059 -4.726 -4.313 -3.906 -3.438 -5.07 -4.6 -4.086 -3.715 -3.368 -4.614 -4.17 -3.829 -3.651 -3.802 -4.158 -4.4 -3.935 -2.682 -2.128 -1.49 -4.245
0.003495 -6.124 -5.823 -5.66 -5.173 -4.786 -4.38 -5.506 -5.114 -4.782 -4.369 -3.962 -3.495 -5.125 -4.656 -4.143 -3.772 -3.426 -4.669 -4.226 -3.885 -3.706 -3.855 -4.215 -4.456 -3.992 -2.739 -2.185 -1.548 -4.301
0.003601 -6.174 -5.876 -5.714 -5.227 -4.841 -4.436 -5.559 -5.169 -4.838 -4.425 -4.019 -3.552 -5.18 -4.712 -4.199 -3.828 -3.482 -4.725 -4.282 -3.94 -3.761 -3.907 -4.271 -4.512 -4.048 -2.796 -2.243 -1.606 -4.357
0.00371 -6.224 -5.928 -5.767 -5.282 -4.897 -4.492 -5.612 -5.224 -4.893 -4.481 -4.075 -3.608 -5.235 -4.767 -4.255 -3.885 -3.539 -4.78 -4.337 -3.996 -3.816 -3.96 -4.327 -4.568 -4.104 -2.854 -2.3 -1.663 -4.413
0.003822 -6.274 -5.98 -5.819 -5.336 -4.952 -4.548 -5.664 -5.279 -4.948 -4.537 -4.131 -3.665 -5.289 -4.823 -4.311 -3.941 -3.596 -4.834 -4.392 -4.051 -3.87 -4.012 -4.383 -4.624 -4.161 -2.911 -2.357 -1.721 -4.469
0.003938 -6.323 -6.032 -5.872 -5.391 -5.007 -4.603 -5.717 -5.333 -5.003 -4.592 -4.187 -3.721 -5.343 -4.878 -4.367 -3.997 -3.652 -4.889 -4.447 -4.106 -3.925 -4.064 -4.438 -4.679 -4.217 -2.967 -2.415 -1.778 -4.524
0.004057 -6.372 -6.083 -5.924 -5.445 -5.062 -4.659 -5.769 -5.387 -5.058 -4.648 -4.243 -3.777 -5.397 -4.933 -4.423 -4.053 -3.709 -4.944 -4.502 -4.161 -3.979 -4.116 -4.494 -4.734 -4.272 -3.024 -2.471 -1.835 -4.58
0.00418 -6.421 -6.135 -5.976 -5.498 -5.116 -4.714 -5.821 -5.441 -5.112 -4.703 -4.299 -3.834 -5.451 -4.988 -4.478 -4.109 -3.765 -4.998 -4.557 -4.216 -4.033 -4.167 -4.549 -4.789 -4.328 -3.081 -2.528 -1.892 -4.635
0.004306 -6.47 -6.186 -6.027 -5.552 -5.171 -4.769 -5.872 -5.495 -5.167 -4.758 -4.354 -3.89 -5.505 -5.042 -4.534 -4.165 -3.821 -5.052 -4.611 -4.27 -4.087 -4.219 -4.604 -4.844 -4.384 -3.137 -2.585 -1.949 -4.69
0.004436 -6.518 -6.236 -6.079 -5.605 -5.225 -4.824 -5.924 -5.548 -5.221 -4.813 -4.41 -3.945 -5.558 -5.097 -4.589 -4.221 -3.877 -5.106 -4.666 -4.325 -4.14 -4.27 -4.659 -4.899 -4.439 -3.193 -2.641 -2.006 -4.744
0.00457 -6.566 -6.287 -6.13 -5.658 -5.279 -4.879 -5.975 -5.601 -5.275 -4.868 -4.465 -4.001 -5.612 -5.151 -4.644 -4.276 -3.932 -5.16 -4.72 -4.379 -4.194 -4.321 -4.714 -4.954 -4.494 -3.25 -2.698 -2.062 -4.799
0.004709 -6.613 -6.337 -6.181 -5.711 -5.333 -4.933 -6.026 -5.655 -5.329 -4.922 -4.52 -4.057 -5.665 -5.205 -4.699 -4.331 -3.988 -5.213 -4.774 -4.433 -4.247 -4.372 -4.769 -5.008 -4.549 -3.306 -2.754 -2.119 -4.854
0.004851 -6.661 -6.387 -6.232 -5.764 -5.387 -4.988 -6.076 -5.708 -5.383 -4.977 -4.575 -4.112 -5.718 -5.259 -4.754 -4.387 -4.044 -5.267 -4.828 -4.487 -4.301 -4.423 -4.823 -5.062 -4.604 -3.362 -2.81 -2.175 -4.908
0.004998 -6.708 -6.437 -6.282 -5.817 -5.44 -5.042 -6.127 -5.76 -5.436 -5.031 -4.63 -4.167 -5.771 -5.313 -4.808 -4.442 -4.099 -5.32 -4.882 -4.541 -4.354 -4.473 -4.878 -5.116 -4.659 -3.417 -2.866 -2.231 -4.962
0.005149 -6.754 -6.486 -6.333 -5.869 -5.494 -5.096 -6.177 -5.813 -5.49 -5.085 -4.685 -4.223 -5.823 -5.367 -4.863 -4.497 -4.154 -5.373 -4.936 -4.595 -4.407 -4.524 -4.932 -5.171 -4.714 -3.473 -2.922 -2.288 -5.016
0.005305 -6.801 -6.536 -6.383 -5.922 -5.547 -5.15 -6.227 -5.866 -5.543 -5.14 -4.739 -4.278 -5.876 -5.42 -4.917 -4.552 -4.209 -5.426 -4.989 -4.648 -4.46 -4.574 -4.986 -5.224 -4.768 -3.529 -2.978 -2.344 -5.07
0.005465 -6.847 -6.585 -6.433 -5.974 -5.6 -5.204 -6.277 -5.918 -5.596 -5.194 -4.794 -4.333 -5.928 -5.474 -4.972 -4.606 -4.264 -5.479 -5.043 -4.702 -4.513 -4.624 -5.04 -5.278 -4.823 -3.584 -3.034 -2.4 -5.124
0.00563 -6.894 -6.634 -6.482 -6.026 -5.653 -5.258 -6.327 -5.97 -5.65 -5.247 -4.848 -4.388 -5.98 -5.527 -5.026 -4.661 -4.319 -5.532 -5.096 -4.755 -4.566 -4.674 -5.094 -5.332 -4.877 -3.64 -3.09 -2.456 -5.178
0.005801 -6.939 -6.682 -6.532 -6.078 -5.706 -5.312 -6.376 -6.022 -5.702 -5.301 -4.903 -4.442 -6.032 -5.58 -5.08 -4.716 -4.374 -5.584 -5.149 -4.808 -4.618 -4.724 -5.148 -5.385 -4.931 -3.695 -3.146 -2.512 -5.232
0.005976 -6.985 -6.731 -6.581 -6.13 -5.759 -5.366 -6.426 -6.074 -5.755 -5.355 -4.957 -4.497 -6.084 -5.633 -5.134 -4.77 -4.429 -5.637 -5.202 -4.862 -4.671 -4.774 -5.202 -5.439 -4.986 -3.751 -3.201 -2.568 -5.285
0.006157 -7.031 -6.779 -6.631 -6.181 -5.812 -5.419 -6.475 -6.126 -5.808 -5.408 -5.011 -4.552 -6.136 -5.686 -5.188 -4.824 -4.484 -5.689 -5.255 -4.915 -4.723 -4.824 -5.256 -5.492 -5.04 -3.806 -3.257 -2.623 -5.339
0.006343 -7.076 -6.827 -6.68 -6.233 -5.864 -5.472 -6.524 -6.177 -5.86 -5.462 -5.065 -4.606 -6.188 -5.739 -5.242 -4.879 -4.538 -5.742 -5.308 -4.968 -4.776 -4.874 -5.309 -5.545 -5.093 -3.861 -3.312 -2.679 -5.392
0.006535 -7.121 -6.875 -6.729 -6.284 -5.917 -5.526 -6.573 -6.229 -5.913 -5.515 -5.119 -4.661 -6.239 -5.792 -5.295 -4.933 -4.593 -5.794 -5.361 -5.021 -4.828 -4.923 -5.362 -5.598 -5.147 -3.916 -3.367 -2.734 -5.445
0.006732 -7.166 -6.923 -6.777 -6.335 -5.969 -5.579 -6.621 -6.28 -5.965 -5.568 -5.172 -4.715 -6.29 -5.844 -5.349 -4.987 -4.647 -5.846 -5.414 -5.074 -4.88 -4.973 -5.416 -5.651 -5.201 -3.971 -3.423 -2.79 -5.498
0.006936 -7.21 -6.971 -6.826 -6.386 -6.021 -5.632 -6.67 -6.332 -6.017 -5.621 -5.226 -4.769 -6.342 -5.897 -5.402 -5.041 -4.702 -5.898 -5.466 -5.126 -4.932 -5.022 -5.469 -5.704 -5.255 -4.026 -3.478 -2.845 -5.551
0.007146 -7.255 -7.018 -6.874 -6.437 -6.073 -5.685 -6.718 -6.383 -6.069 -5.674 -5.28 -4.823 -6.393 -5.949 -5.456 -5.095 -4.756 -5.95 -5.519 -5.179 -4.984 -5.072 -5.522 -5.757 -5.308 -4.081 -3.533 -2.901 -5.604
0.007362 -7.299 -7.065 -6.922 -6.488 -6.125 -5.738 -6.766 -6.434 -6.121 -5.727 -5.333 -4.877 -6.444 -6.002 -5.509 -5.148 -4.81 -6.002 -5.571 -5.232 -5.036 -5.121 -5.575 -5.81 -5.362 -4.135 -3.588 -2.956 -5.657
0.007585 -7.343 -7.112 -6.97 -6.538 -6.177 -5.791 -6.814 -6.484 -6.173 -5.78 -5.387 -4.931 -6.495 -6.054 -5.562 -5.202 -4.864 -6.053 -5.624 -5.284 -5.088 -5.17 -5.628 -5.862 -5.415 -4.19 -3.643 -3.011 -5.709
0.007814 -7.387 -7.159 -7.018 -6.589 -6.229 -5.843 -6.862 -6.535 -6.225 -5.832 -5.44 -4.985 -6.545 -6.106 -5.615 -5.256 -4.918 -6.105 -5.676 -5.337 -5.14 -5.219 -5.681 -5.915 -5.468 -4.245 -3.698 -3.067 -5.762
0.00805 -7.43 -7.205 -7.066 -6.639 -6.28 -5.896 -6.91 -6.586 -6.277 -5.885 -5.493 -5.039 -6.596 -6.158 -5.668 -5.309 -4.972 -6.156 -5.728 -5.389 -5.192 -5.268 -5.733 -5.967 -5.522 -4.299 -3.753 -3.122 -5.814
0.008294 -7.473 -7.252 -7.113 -6.689 -6.332 -5.948 -6.957 -6.636 -6.328 -5.938 -5.546 -5.093 -6.646 -6.21 -5.721 -5.363 -5.026 -6.208 -5.78 -5.441 -5.243 -5.317 -5.786 -6.019 -5.575 -4.354 -3.808 -3.177 -5.867
0.008545 -7.517 -7.298 -7.16 -6.74 -6.383 -6.001 -7.005 -6.687 -6.38 -5.99 -5.599 -5.147 -6.697 -6.261 -5.774 -5.416 -5.08 -6.259 -5.832 -5.494 -5.295 -5.366 -5.839 -6.071 -5.628 -4.408 -3.862 -3.232 -5.919
0.008803 -7.56 -7.344 -7.207 -6.79 -6.435 -6.053 -7.052 -6.737 -6.431 -6.042 -5.652 -5.2 -6.747 -6.313 -5.827 -5.469 -5.134 -6.31 -5.884 -5.546 -5.347 -5.415 -5.891 -6.123 -5.681 -4.462 -3.917 -3.287 -5.971
0.009069 -7.602 -7.39 -7.254 -6.839 -6.486 -6.105 -7.099 -6.787 -6.482 -6.095 -5.705 -5.254 -6.797 -6.364 -5.879 -5.523 -5.187 -6.361 -5.936 -5.598 -5.398 -5.464 -5.943 -6.175 -5.734 -4.517 -3.972 -3.342 -6.023
0.009344 -7.645 -7.436 -7.301 -6.889 -6.537 -6.157 -7.145 -6.837 -6.533 -6.147 -5.758 -5.307 -6.847 -6.416 -5.932 -5.576 -5.241 -6.412 -5.988 -5.65 -5.45 -5.513 -5.996 -6.227 -5.786 -4.571 -4.026 -3.397 -6.075
0.009626 -7.687 -7.481 -7.348 -6.939 -6.588 -6.209 -7.192 -6.887 -6.584 -6.199 -5.811 -5.361 -6.897 -6.467 -5.984 -5.629 -5.294 -6.463 -6.04 -5.702 -5.501 -5.562 -6.048 -6.279 -5.839 -4.625 -4.081 -3.451 -6.127
