web/models/kne.last_good/kappa_0.5_3.0.v1/25/villar_0.0098_0.4530_3.0000.dat
# %ECSV 1.0
# ---
# datatype:
# - {name: time, datatype: float64}
# - {name: swift_uvot_uvw2, datatype: float64}
# - {name: swift_uvot_uvm2, datatype: float64}
# - {name: swift_uvot_uvw1, datatype: float64}
# - {name: swift_uvot_U, datatype: float64}
# - {name: swift_uvot_B, datatype: float64}
# - {name: swift_uvot_V, datatype: float64}
# - {name: swift_uvot_W, datatype: float64}
# - {name: johnson_U, datatype: float64}
# - {name: johnson_B, datatype: float64}
# - {name: johnson_V, datatype: float64}
# - {name: johnson_R, datatype: float64}
# - {name: johnson_I, datatype: float64}
# - {name: sdss_u, datatype: float64}
# - {name: sdss_g, datatype: float64}
# - {name: sdss_r, datatype: float64}
# - {name: sdss_i, datatype: float64}
# - {name: sdss_z, datatype: float64}
# - {name: PS1_g, datatype: float64}
# - {name: PS1_r, datatype: float64}
# - {name: PS1_i, datatype: float64}
# - {name: PS1_z, datatype: float64}
# - {name: PS1_Y, datatype: float64}
# - {name: PS1_w, datatype: float64}
# - {name: ATLAS_c, datatype: float64}
# - {name: ATLAS_o, datatype: float64}
# - {name: ukirt_J, datatype: float64}
# - {name: ukirt_H, datatype: float64}
# - {name: ukirt_K, datatype: float64}
# - {name: Clear, datatype: float64}
# meta: !!omap
# - comment: [kappa = 3.0, type = villar, mass = 0.009763877790252312, velocity = 0.453, theta_obs = 0.0]
# schema: astropy-2.0
time swift_uvot_uvw2 swift_uvot_uvm2 swift_uvot_uvw1 swift_uvot_U swift_uvot_B swift_uvot_V swift_uvot_W johnson_U johnson_B johnson_V johnson_R johnson_I sdss_u sdss_g sdss_r sdss_i sdss_z PS1_g PS1_r PS1_i PS1_z PS1_Y PS1_w ATLAS_c ATLAS_o ukirt_J ukirt_H ukirt_K Clear
[from data line 146]
0.077495 -10.332 -10.716 -11.251 -12.073 -12.394 -12.521 -11.713 -12.138 -12.394 -12.519 -12.485 -12.343 -12.126 -12.45 -12.521 -12.45 -12.32 -12.48 -12.529 -12.458 -12.365 -12.312 -12.482 -12.493 -12.491 -11.943 -11.556 -11.057 -12.465
0.079839 -10.318 -10.705 -11.251 -12.087 -12.417 -12.552 -11.728 -12.154 -12.418 -12.55 -12.522 -12.384 -12.142 -12.476 -12.555 -12.489 -12.362 -12.507 -12.563 -12.496 -12.405 -12.354 -12.515 -12.523 -12.527 -11.989 -11.604 -11.106 -12.498
0.082253 -10.305 -10.693 -11.25 -12.1 -12.44 -12.582 -11.743 -12.169 -12.441 -12.581 -12.558 -12.425 -12.156 -12.502 -12.589 -12.527 -12.403 -12.534 -12.597 -12.535 -12.446 -12.396 -12.548 -12.553 -12.563 -12.034 -11.652 -11.156 -12.53
0.084741 -10.29 -10.68 -11.248 -12.113 -12.463 -12.612 -11.757 -12.184 -12.464 -12.611 -12.594 -12.465 -12.171 -12.527 -12.623 -12.565 -12.444 -12.561 -12.631 -12.573 -12.487 -12.438 -12.581 -12.582 -12.598 -12.08 -11.7 -11.206 -12.562
0.087304 -10.275 -10.666 -11.246 -12.126 -12.486 -12.642 -11.771 -12.198 -12.487 -12.641 -12.629 -12.505 -12.184 -12.553 -12.656 -12.603 -12.485 -12.587 -12.664 -12.61 -12.527 -12.479 -12.614 -12.611 -12.634 -12.125 -11.747 -11.255 -12.594
0.089944 -10.259 -10.651 -11.243 -12.137 -12.507 -12.672 -11.785 -12.211 -12.509 -12.671 -12.665 -12.545 -12.197 -12.577 -12.689 -12.64 -12.526 -12.613 -12.697 -12.648 -12.567 -12.521 -12.646 -12.639 -12.669 -12.17 -11.795 -11.304 -12.625
0.092665 -10.243 -10.636 -11.239 -12.149 -12.529 -12.701 -11.798 -12.224 -12.53 -12.7 -12.7 -12.585 -12.21 -12.602 -12.722 -12.677 -12.566 -12.638 -12.73 -12.685 -12.607 -12.562 -12.678 -12.667 -12.703 -12.215 -11.842 -11.354 -12.657
0.095467 -10.225 -10.619 -11.235 -12.159 -12.55 -12.73 -11.811 -12.237 -12.551 -12.729 -12.735 -12.625 -12.222 -12.625 -12.755 -12.714 -12.606 -12.663 -12.763 -12.722 -12.647 -12.603 -12.71 -12.695 -12.738 -12.26 -11.89 -11.403 -12.687
0.098355 -10.208 -10.602 -11.229 -12.169 -12.57 -12.758 -11.824 -12.249 -12.572 -12.758 -12.769 -12.664 -12.233 -12.649 -12.787 -12.751 -12.647 -12.688 -12.795 -12.759 -12.686 -12.644 -12.741 -12.722 -12.772 -12.305 -11.937 -11.452 -12.718
0.101329 -10.189 -10.584 -11.224 -12.179 -12.59 -12.786 -11.836 -12.26 -12.592 -12.786 -12.803 -12.703 -12.244 -12.672 -12.819 -12.788 -12.686 -12.712 -12.827 -12.796 -12.725 -12.685 -12.772 -12.749 -12.806 -12.349 -11.984 -11.501 -12.748
0.104394 -10.17 -10.565 -11.217 -12.187 -12.61 -12.814 -11.848 -12.271 -12.612 -12.814 -12.837 -12.742 -12.254 -12.694 -12.85 -12.824 -12.726 -12.736 -12.858 -12.832 -12.764 -12.725 -12.803 -12.776 -12.839 -12.394 -12.031 -11.55 -12.778
0.107551 -10.15 -10.545 -11.21 -12.196 -12.629 -12.841 -11.859 -12.281 -12.631 -12.842 -12.871 -12.781 -12.264 -12.716 -12.881 -12.86 -12.765 -12.759 -12.889 -12.868 -12.803 -12.766 -12.834 -12.802 -12.873 -12.438 -12.078 -11.599 -12.808
0.110804 -10.13 -10.524 -11.202 -12.203 -12.647 -12.868 -11.87 -12.29 -12.649 -12.869 -12.904 -12.82 -12.272 -12.738 -12.912 -12.895 -12.805 -12.782 -12.92 -12.904 -12.842 -12.806 -12.864 -12.828 -12.906 -12.482 -12.125 -11.648 -12.837
0.114155 -10.108 -10.502 -11.193 -12.21 -12.665 -12.895 -11.881 -12.299 -12.668 -12.896 -12.937 -12.858 -12.281 -12.759 -12.943 -12.931 -12.844 -12.805 -12.951 -12.939 -12.88 -12.846 -12.894 -12.854 -12.938 -12.526 -12.171 -11.697 -12.866
0.117608 -10.087 -10.479 -11.183 -12.216 -12.683 -12.921 -11.891 -12.307 -12.685 -12.922 -12.97 -12.896 -12.288 -12.78 -12.973 -12.966 -12.882 -12.827 -12.981 -12.975 -12.918 -12.885 -12.923 -12.879 -12.971 -12.57 -12.218 -11.746 -12.895
0.121165 -10.064 -10.455 -11.173 -12.222 -12.7 -12.946 -11.901 -12.315 -12.702 -12.948 -13.002 -12.934 -12.295 -12.8 -13.002 -13.001 -12.921 -12.848 -13.011 -13.009 -12.956 -12.925 -12.952 -12.903 -13.003 -12.613 -12.264 -11.794 -12.924
0.124829 -10.041 -10.43 -11.162 -12.226 -12.716 -12.972 -11.91 -12.321 -12.719 -12.973 -13.035 -12.971 -12.301 -12.82 -13.032 -13.035 -12.959 -12.869 -13.04 -13.044 -12.994 -12.964 -12.981 -12.927 -13.034 -12.657 -12.31 -11.843 -12.952
0.128605 -10.017 -10.403 -11.15 -12.231 -12.732 -12.996 -11.919 -12.328 -12.735 -12.998 -13.066 -13.009 -12.307 -12.839 -13.061 -13.07 -12.997 -12.89 -13.069 -13.078 -13.031 -13.003 -13.01 -12.951 -13.066 -12.7 -12.356 -11.891 -12.979
0.132494 -9.993 -10.376 -11.137 -12.234 -12.747 -13.021 -11.928 -12.333 -12.75 -13.023 -13.098 -13.046 -12.312 -12.858 -13.089 -13.103 -13.035 -12.91 -13.098 -13.112 -13.068 -13.042 -13.038 -12.974 -13.097 -12.743 -12.402 -11.939 -13.007
0.136502 -9.968 -10.348 -11.123 -12.237 -12.762 -13.045 -11.936 -12.338 -12.765 -13.047 -13.129 -13.082 -12.316 -12.876 -13.118 -13.137 -13.072 -12.929 -13.126 -13.146 -13.105 -13.081 -13.065 -12.997 -13.127 -12.786 -12.448 -11.987 -13.034
0.14063 -9.942 -10.319 -11.109 -12.238 -12.776 -13.068 -11.944 -12.342 -12.78 -13.071 -13.16 -13.119 -12.319 -12.893 -13.145 -13.17 -13.11 -12.948 -13.154 -13.179 -13.141 -13.119 -13.093 -13.02 -13.158 -12.829 -12.494 -12.036 -13.06
0.144883 -9.916 -10.288 -11.093 -12.24 -12.789 -13.091 -11.951 -12.345 -12.793 -13.094 -13.19 -13.155 -12.322 -12.91 -13.173 -13.203 -13.146 -12.967 -13.182 -13.213 -13.178 -13.158 -13.12 -13.041 -13.188 -12.872 -12.54 -12.084 -13.086
0.149265 -9.889 -10.257 -11.077 -12.24 -12.802 -13.113 -11.958 -12.348 -12.806 -13.117 -13.22 -13.191 -12.324 -12.927 -13.2 -13.236 -13.183 -12.985 -13.209 -13.245 -13.214 -13.195 -13.146 -13.063 -13.217 -12.914 -12.585 -12.131 -13.112
0.15378 -9.861 -10.224 -11.06 -12.239 -12.814 -13.135 -11.964 -12.35 -12.819 -13.139 -13.249 -13.227 -12.325 -12.943 -13.226 -13.268 -13.22 -13.002 -13.236 -13.278 -13.249 -13.233 -13.172 -13.084 -13.246 -12.956 -12.63 -12.179 -13.138
0.15843 -9.833 -10.19 -11.042 -12.238 -12.826 -13.157 -11.97 -12.351 -12.831 -13.161 -13.279 -13.262 -12.325 -12.958 -13.252 -13.3 -13.256 -13.019 -13.262 -13.31 -13.285 -13.271 -13.198 -13.104 -13.275 -12.998 -12.676 -12.227 -13.163
0.163222 -9.804 -10.155 -11.023 -12.236 -12.837 -13.178 -11.975 -12.351 -12.842 -13.182 -13.308 -13.297 -12.325 -12.973 -13.278 -13.332 -13.292 -13.036 -13.288 -13.341 -13.32 -13.308 -13.223 -13.124 -13.303 -13.04 -12.721 -12.274 -13.188
0.168159 -9.775 -10.119 -11.003 -12.233 -12.847 -13.198 -11.98 -12.35 -12.852 -13.203 -13.336 -13.332 -12.323 -12.987 -13.303 -13.363 -13.327 -13.051 -13.313 -13.373 -13.355 -13.345 -13.248 -13.144 -13.331 -13.082 -12.765 -12.322 -13.212
0.173245 -9.745 -10.081 -10.983 -12.229 -12.857 -13.218 -11.985 -12.349 -12.862 -13.223 -13.364 -13.366 -12.321 -13.0 -13.328 -13.394 -13.362 -13.067 -13.338 -13.404 -13.389 -13.381 -13.273 -13.162 -13.359 -13.123 -12.81 -12.369 -13.236
0.178484 -9.715 -10.042 -10.961 -12.225 -12.866 -13.237 -11.988 -12.347 -12.872 -13.243 -13.392 -13.4 -12.318 -13.013 -13.352 -13.424 -13.397 -13.081 -13.362 -13.434 -13.424 -13.418 -13.297 -13.181 -13.386 -13.164 -12.855 -12.416 -13.259
0.183882 -9.684 -10.002 -10.938 -12.219 -12.874 -13.256 -11.992 -12.343 -12.88 -13.262 -13.419 -13.434 -12.314 -13.025 -13.376 -13.454 -13.432 -13.095 -13.386 -13.464 -13.457 -13.454 -13.32 -13.199 -13.413 -13.205 -12.899 -12.463 -13.282
0.189444 -9.653 -9.961 -10.915 -12.213 -12.881 -13.274 -11.995 -12.339 -12.888 -13.28 -13.445 -13.467 -12.309 -13.037 -13.399 -13.484 -13.466 -13.108 -13.41 -13.494 -13.491 -13.49 -13.343 -13.216 -13.439 -13.246 -12.943 -12.51 -13.305
0.195173 -9.621 -9.918 -10.89 -12.205 -12.888 -13.292 -11.997 -12.335 -12.895 -13.298 -13.472 -13.5 -12.303 -13.048 -13.422 -13.513 -13.5 -13.121 -13.432 -13.524 -13.524 -13.525 -13.366 -13.232 -13.465 -13.287 -12.987 -12.557 -13.327
0.201076 -9.589 -9.874 -10.864 -12.197 -12.894 -13.309 -11.998 -12.329 -12.901 -13.315 -13.497 -13.533 -12.297 -13.058 -13.444 -13.542 -13.533 -13.133 -13.455 -13.552 -13.557 -13.56 -13.388 -13.248 -13.49 -13.327 -13.031 -12.604 -13.349
0.207158 -9.557 -9.828 -10.837 -12.188 -12.899 -13.325 -12.0 -12.322 -12.906 -13.332 -13.523 -13.565 -12.289 -13.067 -13.466 -13.57 -13.567 -13.144 -13.477 -13.581 -13.589 -13.595 -13.41 -13.264 -13.515 -13.367 -13.075 -12.65 -13.37
0.213423 -9.524 -9.781 -10.809 -12.177 -12.903 -13.34 -12.0 -12.314 -12.911 -13.348 -13.548 -13.597 -12.28 -13.076 -13.487 -13.598 -13.599 -13.155 -13.498 -13.609 -13.621 -13.629 -13.431 -13.278 -13.539 -13.407 -13.118 -12.697 -13.391
0.219878 -9.491 -9.732 -10.78 -12.166 -12.907 -13.355 -12.0 -12.305 -12.915 -13.364 -13.572 -13.629 -12.271 -13.084 -13.508 -13.625 -13.632 -13.165 -13.519 -13.637 -13.653 -13.664 -13.451 -13.293 -13.563 -13.446 -13.161 -12.743 -13.411
0.226528 -9.458 -9.682 -10.75 -12.153 -12.909 -13.37 -11.999 -12.296 -12.918 -13.378 -13.596 -13.66 -12.26 -13.091 -13.527 -13.652 -13.664 -13.174 -13.539 -13.664 -13.684 -13.697 -13.472 -13.306 -13.586 -13.485 -13.204 -12.789 -13.431
0.233379 -9.424 -9.63 -10.719 -12.14 -12.911 -13.383 -11.998 -12.285 -12.92 -13.392 -13.619 -13.691 -12.248 -13.098 -13.547 -13.679 -13.696 -13.182 -13.559 -13.691 -13.715 -13.731 -13.491 -13.319 -13.609 -13.524 -13.247 -12.835 -13.45
0.240437 -9.39 -9.577 -10.686 -12.125 -12.912 -13.396 -11.996 -12.273 -12.922 -13.406 -13.642 -13.721 -12.235 -13.103 -13.566 -13.705 -13.727 -13.19 -13.577 -13.717 -13.746 -13.764 -13.51 -13.331 -13.631 -13.563 -13.29 -12.881 -13.469
0.247709 -9.356 -9.522 -10.653 -12.109 -12.912 -13.409 -11.993 -12.26 -12.922 -13.418 -13.664 -13.751 -12.221 -13.108 -13.584 -13.73 -13.758 -13.197 -13.596 -13.742 -13.776 -13.797 -13.528 -13.342 -13.652 -13.601 -13.332 -12.926 -13.487
0.255201 -9.322 -9.465 -10.618 -12.092 -12.911 -13.42 -11.99 -12.246 -12.921 -13.43 -13.686 -13.78 -12.206 -13.112 -13.601 -13.755 -13.788 -13.203 -13.614 -13.767 -13.805 -13.829 -13.546 -13.353 -13.674 -13.64 -13.374 -12.972 -13.504
0.262919 -9.288 -9.407 -10.582 -12.074 -12.909 -13.431 -11.985 -12.23 -12.92 -13.441 -13.707 -13.809 -12.19 -13.115 -13.618 -13.779 -13.818 -13.208 -13.631 -13.792 -13.834 -13.861 -13.563 -13.363 -13.694 -13.677 -13.416 -13.017 -13.521
0.270871 -9.254 -9.347 -10.544 -12.055 -12.906 -13.44 -11.981 -12.214 -12.918 -13.452 -13.727 -13.838 -12.172 -13.117 -13.634 -13.803 -13.847 -13.213 -13.647 -13.816 -13.863 -13.893 -13.58 -13.372 -13.714 -13.715 -13.458 -13.062 -13.538
0.279064 -9.22 -9.285 -10.506 -12.034 -12.903 -13.449 -11.975 -12.196 -12.914 -13.461 -13.747 -13.866 -12.153 -13.118 -13.649 -13.826 -13.876 -13.216 -13.663 -13.84 -13.891 -13.924 -13.596 -13.38 -13.733 -13.752 -13.499 -13.107 -13.554
0.287504 -9.187 -9.221 -10.466 -12.012 -12.898 -13.458 -11.969 -12.177 -12.91 -13.47 -13.766 -13.893 -12.133 -13.118 -13.664 -13.849 -13.905 -13.219 -13.677 -13.862 -13.919 -13.954 -13.611 -13.387 -13.751 -13.789 -13.541 -13.151 -13.569
0.296199 -9.153 -9.155 -10.424 -11.989 -12.891 -13.465 -11.961 -12.157 -12.904 -13.478 -13.785 -13.92 -12.111 -13.118 -13.678 -13.871 -13.933 -13.22 -13.692 -13.885 -13.946 -13.984 -13.625 -13.394 -13.769 -13.825 -13.581 -13.196 -13.583
0.305157 -9.12 -9.087 -10.381 -11.964 -12.884 -13.471 -11.953 -12.135 -12.897 -13.485 -13.802 -13.947 -12.088 -13.116 -13.691 -13.892 -13.96 -13.221 -13.705 -13.906 -13.972 -14.014 -13.639 -13.4 -13.786 -13.861 -13.622 -13.24 -13.597
0.314387 -9.087 -9.017 -10.337 -11.938 -12.876 -13.477 -11.944 -12.112 -12.89 -13.491 -13.819 -13.973 -12.064 -13.113 -13.703 -13.913 -13.987 -13.221 -13.718 -13.927 -13.998 -14.043 -13.652 -13.405 -13.803 -13.897 -13.662 -13.284 -13.611
0.323895 -9.055 -8.946 -10.291 -11.91 -12.866 -13.481 -11.935 -12.088 -12.881 -13.496 -13.836 -13.998 -12.038 -13.109 -13.715 -13.933 -14.013 -13.219 -13.729 -13.948 -14.024 -14.072 -13.665 -13.409 -13.818 -13.932 -13.702 -13.328 -13.623
0.333691 -9.023 -8.871 -10.244 -11.881 -12.856 -13.485 -11.924 -12.062 -12.87 -13.5 -13.851 -14.023 -12.011 -13.104 -13.725 -13.952 -14.039 -13.217 -13.74 -13.967 -14.049 -14.1 -13.676 -13.411 -13.833 -13.967 -13.742 -13.371 -13.635
0.343783 -8.992 -8.795 -10.195 -11.85 -12.844 -13.487 -11.912 -12.034 -12.859 -13.503 -13.866 -14.047 -11.982 -13.098 -13.735 -13.971 -14.064 -13.213 -13.75 -13.986 -14.073 -14.128 -13.687 -13.413 -13.847 -14.001 -13.782 -13.415 -13.646
0.354181 -8.962 -8.716 -10.144 -11.817 -12.83 -13.489 -11.9 -12.005 -12.846 -13.505 -13.88 -14.07 -11.952 -13.09 -13.744 -13.989 -14.089 -13.209 -13.76 -14.004 -14.096 -14.155 -13.697 -13.414 -13.861 -14.035 -13.821 -13.458 -13.657
0.364893 -8.932 -8.636 -10.092 -11.783 -12.816 -13.489 -11.886 -11.974 -12.832 -13.506 -13.893 -14.093 -11.92 -13.081 -13.751 -14.006 -14.113 -13.203 -13.768 -14.022 -14.119 -14.181 -13.706 -13.414 -13.873 -14.069 -13.859 -13.501 -13.666
0.375929 -8.903 -8.552 -10.038 -11.747 -12.799 -13.488 -11.871 -11.942 -12.817 -13.506 -13.906 -14.115 -11.886 -13.071 -13.758 -14.022 -14.136 -13.196 -13.775 -14.038 -14.141 -14.207 -13.714 -13.413 -13.885 -14.102 -13.898 -13.543 -13.675
0.387298 -8.875 -8.466 -9.983 -11.709 -12.782 -13.486 -11.855 -11.908 -12.8 -13.505 -13.917 -14.136 -11.85 -13.06 -13.764 -14.038 -14.159 -13.188 -13.781 -14.054 -14.163 -14.233 -13.721 -13.41 -13.895 -14.135 -13.936 -13.586 -13.683
0.399012 -8.848 -8.378 -9.925 -11.67 -12.763 -13.483 -11.839 -11.872 -12.781 -13.502 -13.927 -14.157 -11.812 -13.047 -13.769 -14.052 -14.18 -13.178 -13.786 -14.069 -14.184 -14.257 -13.727 -13.407 -13.905 -14.167 -13.973 -13.628 -13.69
0.41108 -8.823 -8.286 -9.866 -11.628 -12.742 -13.478 -11.82 -11.834 -12.761 -13.499 -13.937 -14.177 -11.773 -13.033 -13.772 -14.066 -14.201 -13.168 -13.791 -14.083 -14.204 -14.281 -13.733 -13.402 -13.914 -14.198 -14.011 -13.669 -13.696
0.423513 -8.798 -8.192 -9.805 -11.584 -12.72 -13.473 -11.801 -11.794 -12.74 -13.494 -13.945 -14.196 -11.731 -13.018 -13.775 -14.078 -14.222 -13.155 -13.794 -14.096 -14.223 -14.304 -13.737 -13.396 -13.921 -14.229 -14.047 -13.711 -13.701
0.436321 -8.774 -8.095 -9.742 -11.539 -12.696 -13.465 -11.781 -11.752 -12.717 -13.487 -13.953 -14.214 -11.688 -13.0 -13.776 -14.09 -14.241 -13.142 -13.795 -14.108 -14.241 -14.327 -13.74 -13.389 -13.928 -14.26 -14.084 -13.752 -13.706
0.449518 -8.752 -7.995 -9.676 -11.491 -12.67 -13.457 -11.759 -11.708 -12.692 -13.479 -13.959 -14.231 -11.642 -12.982 -13.776 -14.101 -14.26 -13.127 -13.796 -14.119 -14.259 -14.349 -13.742 -13.38 -13.933 -14.29 -14.12 -13.792 -13.709
0.463113 -8.731 -7.892 -9.609 -11.441 -12.642 -13.446 -11.735 -11.662 -12.665 -13.47 -13.964 -14.248 -11.594 -12.961 -13.774 -14.11 -14.277 -13.11 -13.795 -14.129 -14.275 -14.369 -13.743 -13.37 -13.938 -14.319 -14.155 -13.833 -13.711
0.47712 -8.711 -7.786 -9.539 -11.388 -12.613 -13.435 -11.711 -11.613 -12.636 -13.459 -13.968 -14.264 -11.544 -12.939 -13.772 -14.119 -14.294 -13.092 -13.793 -14.138 -14.291 -14.39 -13.743 -13.358 -13.941 -14.347 -14.19 -13.873 -13.712
0.49155 -8.693 -7.677 -9.468 -11.333 -12.581 -13.421 -11.685 -11.562 -12.606 -13.447 -13.971 -14.278 -11.491 -12.915 -13.768 -14.126 -14.31 -13.072 -13.79 -14.146 -14.305 -14.409 -13.741 -13.345 -13.943 -14.375 -14.225 -13.912 -13.712
0.506416 -8.675 -7.564 -9.394 -11.275 -12.548 -13.406 -11.657 -11.509 -12.573 -13.433 -13.973 -14.292 -11.436 -12.889 -13.762 -14.132 -14.325 -13.05 -13.785 -14.152 -14.319 -14.427 -13.738 -13.33 -13.943 -14.403 -14.258 -13.951 -13.711
0.521733 -8.66 -7.448 -9.317 -11.215 -12.512 -13.39 -11.628 -11.453 -12.539 -13.417 -13.973 -14.304 -11.378 -12.861 -13.755 -14.137 -14.339 -13.026 -13.779 -14.158 -14.332 -14.444 -13.734 -13.313 -13.943 -14.429 -14.292 -13.99 -13.709
0.537512 -8.645 -7.328 -9.238 -11.152 -12.474 -13.371 -11.597 -11.394 -12.502 -13.399 -13.971 -14.315 -11.317 -12.831 -13.746 -14.141 -14.351 -13.001 -13.771 -14.162 -14.343 -14.461 -13.728 -13.295 -13.94 -14.455 -14.324 -14.028 -13.706
0.553769 -8.631 -7.204 -9.156 -11.086 -12.434 -13.35 -11.564 -11.333 -12.462 -13.38 -13.969 -14.326 -11.253 -12.799 -13.736 -14.143 -14.363 -12.974 -13.761 -14.164 -14.353 -14.476 -13.721 -13.275 -13.937 -14.48 -14.357 -14.066 -13.701
