web/models/kne.last_good/kappa_0.5_3.0.v1/25/villar_0.4064_0.3590_3.0000.dat
# %ECSV 1.0
# ---
# datatype:
# - {name: time, datatype: float64}
# - {name: swift_uvot_uvw2, datatype: float64}
# - {name: swift_uvot_uvm2, datatype: float64}
# - {name: swift_uvot_uvw1, datatype: float64}
# - {name: swift_uvot_U, datatype: float64}
# - {name: swift_uvot_B, datatype: float64}
# - {name: swift_uvot_V, datatype: float64}
# - {name: swift_uvot_W, datatype: float64}
# - {name: johnson_U, datatype: float64}
# - {name: johnson_B, datatype: float64}
# - {name: johnson_V, datatype: float64}
# - {name: johnson_R, datatype: float64}
# - {name: johnson_I, datatype: float64}
# - {name: sdss_u, datatype: float64}
# - {name: sdss_g, datatype: float64}
# - {name: sdss_r, datatype: float64}
# - {name: sdss_i, datatype: float64}
# - {name: sdss_z, datatype: float64}
# - {name: PS1_g, datatype: float64}
# - {name: PS1_r, datatype: float64}
# - {name: PS1_i, datatype: float64}
# - {name: PS1_z, datatype: float64}
# - {name: PS1_Y, datatype: float64}
# - {name: PS1_w, datatype: float64}
# - {name: ATLAS_c, datatype: float64}
# - {name: ATLAS_o, datatype: float64}
# - {name: ukirt_J, datatype: float64}
# - {name: ukirt_H, datatype: float64}
# - {name: ukirt_K, datatype: float64}
# - {name: Clear, datatype: float64}
# meta: !!omap
# - comment: [kappa = 3.0, type = villar, mass = 0.4064473885499596, velocity = 0.359, theta_obs = 0.0]
# schema: astropy-2.0
time swift_uvot_uvw2 swift_uvot_uvm2 swift_uvot_uvw1 swift_uvot_U swift_uvot_B swift_uvot_V swift_uvot_W johnson_U johnson_B johnson_V johnson_R johnson_I sdss_u sdss_g sdss_r sdss_i sdss_z PS1_g PS1_r PS1_i PS1_z PS1_Y PS1_w ATLAS_c ATLAS_o ukirt_J ukirt_H ukirt_K Clear
[from data line 144]
0.073012 -13.396 -13.544 -13.645 -13.769 -13.678 -13.495 -13.595 -13.762 -13.675 -13.487 -13.234 -12.904 -13.766 -13.624 -13.356 -13.111 -12.856 -13.614 -13.369 -13.124 -12.936 -12.855 -13.369 -13.521 -13.253 -12.301 -11.82 -11.243 -13.402
0.07522 -13.413 -13.566 -13.671 -13.804 -13.718 -13.538 -13.624 -13.797 -13.715 -13.53 -13.279 -12.952 -13.801 -13.664 -13.401 -13.157 -12.904 -13.655 -13.413 -13.17 -12.984 -12.902 -13.413 -13.564 -13.299 -12.351 -11.871 -11.295 -13.445
0.077495 -13.429 -13.587 -13.696 -13.838 -13.757 -13.581 -13.654 -13.833 -13.754 -13.573 -13.325 -13.0 -13.836 -13.705 -13.445 -13.204 -12.952 -13.696 -13.458 -13.216 -13.031 -12.949 -13.456 -13.606 -13.344 -12.401 -11.922 -11.347 -13.488
0.079839 -13.445 -13.607 -13.722 -13.873 -13.796 -13.624 -13.683 -13.868 -13.793 -13.616 -13.37 -13.047 -13.871 -13.745 -13.49 -13.25 -12.999 -13.737 -13.502 -13.263 -13.078 -12.996 -13.5 -13.648 -13.389 -12.451 -11.973 -11.399 -13.531
0.082253 -13.461 -13.627 -13.746 -13.907 -13.835 -13.667 -13.712 -13.903 -13.832 -13.659 -13.416 -13.095 -13.906 -13.786 -13.534 -13.297 -13.047 -13.777 -13.546 -13.309 -13.125 -13.043 -13.543 -13.69 -13.434 -12.501 -12.024 -11.451 -13.574
0.084741 -13.476 -13.647 -13.771 -13.94 -13.874 -13.709 -13.74 -13.938 -13.871 -13.701 -13.461 -13.142 -13.941 -13.826 -13.578 -13.343 -13.095 -13.818 -13.59 -13.355 -13.172 -13.09 -13.587 -13.732 -13.479 -12.551 -12.075 -11.503 -13.616
0.087304 -13.491 -13.666 -13.795 -13.974 -13.912 -13.751 -13.769 -13.972 -13.909 -13.744 -13.506 -13.189 -13.975 -13.866 -13.622 -13.389 -13.142 -13.858 -13.634 -13.401 -13.219 -13.137 -13.63 -13.773 -13.524 -12.6 -12.126 -11.554 -13.659
0.089944 -13.505 -13.685 -13.819 -14.007 -13.951 -13.793 -13.797 -14.006 -13.948 -13.786 -13.55 -13.236 -14.009 -13.905 -13.666 -13.435 -13.19 -13.898 -13.677 -13.446 -13.266 -13.184 -13.673 -13.815 -13.569 -12.65 -12.177 -11.606 -13.701
0.092665 -13.519 -13.703 -13.842 -14.04 -13.989 -13.835 -13.825 -14.04 -13.986 -13.828 -13.595 -13.284 -14.043 -13.945 -13.71 -13.481 -13.237 -13.938 -13.721 -13.492 -13.312 -13.23 -13.716 -13.856 -13.613 -12.7 -12.227 -11.658 -13.743
0.095467 -13.532 -13.721 -13.865 -14.073 -14.027 -13.877 -13.853 -14.074 -14.024 -13.87 -13.64 -13.33 -14.076 -13.984 -13.753 -13.526 -13.285 -13.978 -13.764 -13.538 -13.359 -13.277 -13.758 -13.897 -13.658 -12.749 -12.278 -11.71 -13.785
0.098355 -13.545 -13.738 -13.888 -14.105 -14.065 -13.919 -13.88 -14.107 -14.062 -13.912 -13.684 -13.377 -14.109 -14.023 -13.797 -13.572 -13.332 -14.017 -13.808 -13.583 -13.406 -13.323 -13.801 -13.938 -13.702 -12.799 -12.329 -11.761 -13.827
0.101329 -13.558 -13.755 -13.91 -14.137 -14.102 -13.96 -13.907 -14.14 -14.099 -13.953 -13.729 -13.424 -14.142 -14.062 -13.84 -13.618 -13.379 -14.056 -13.851 -13.628 -13.452 -13.37 -13.843 -13.979 -13.746 -12.848 -12.379 -11.813 -13.869
0.104394 -13.569 -13.771 -13.932 -14.169 -14.139 -14.002 -13.934 -14.173 -14.136 -13.995 -13.773 -13.471 -14.175 -14.101 -13.883 -13.663 -13.426 -14.096 -13.894 -13.674 -13.498 -13.416 -13.886 -14.019 -13.79 -12.897 -12.43 -11.865 -13.91
0.107551 -13.581 -13.787 -13.953 -14.201 -14.176 -14.043 -13.961 -14.205 -14.174 -14.036 -13.817 -13.517 -14.207 -14.139 -13.926 -13.708 -13.473 -14.135 -13.937 -13.719 -13.545 -13.463 -13.928 -14.059 -13.834 -12.947 -12.481 -11.916 -13.952
0.110804 -13.592 -13.803 -13.974 -14.232 -14.213 -14.084 -13.987 -14.237 -14.21 -14.077 -13.861 -13.564 -14.239 -14.177 -13.969 -13.753 -13.52 -14.173 -13.979 -13.764 -13.591 -13.509 -13.97 -14.1 -13.878 -12.996 -12.531 -11.968 -13.993
0.114155 -13.602 -13.818 -13.995 -14.263 -14.25 -14.125 -14.014 -14.269 -14.247 -14.118 -13.905 -13.61 -14.271 -14.215 -14.012 -13.798 -13.567 -14.212 -14.022 -13.809 -13.637 -13.555 -14.012 -14.14 -13.922 -13.045 -12.582 -12.019 -14.034
0.117608 -13.612 -13.832 -14.015 -14.293 -14.286 -14.165 -14.039 -14.301 -14.283 -14.158 -13.948 -13.657 -14.302 -14.253 -14.054 -13.843 -13.613 -14.25 -14.064 -13.853 -13.683 -13.601 -14.053 -14.179 -13.965 -13.094 -12.632 -12.071 -14.075
0.121165 -13.622 -13.846 -14.035 -14.324 -14.322 -14.206 -14.065 -14.332 -14.319 -14.199 -13.992 -13.703 -14.333 -14.291 -14.096 -13.888 -13.66 -14.288 -14.106 -13.898 -13.729 -13.647 -14.095 -14.219 -14.009 -13.143 -12.682 -12.122 -14.115
0.124829 -13.631 -13.859 -14.054 -14.354 -14.358 -14.246 -14.09 -14.363 -14.355 -14.239 -14.035 -13.749 -14.364 -14.328 -14.139 -13.933 -13.706 -14.326 -14.148 -13.943 -13.775 -13.693 -14.136 -14.258 -14.052 -13.192 -12.733 -12.174 -14.156
0.128605 -13.639 -13.872 -14.073 -14.383 -14.394 -14.286 -14.116 -14.394 -14.391 -14.279 -14.079 -13.795 -14.395 -14.365 -14.181 -13.977 -13.752 -14.364 -14.19 -13.987 -13.82 -13.739 -14.177 -14.298 -14.095 -13.241 -12.783 -12.225 -14.196
0.132494 -13.647 -13.885 -14.092 -14.413 -14.429 -14.326 -14.14 -14.424 -14.426 -14.319 -14.122 -13.841 -14.425 -14.402 -14.223 -14.022 -13.799 -14.401 -14.232 -14.031 -13.866 -13.785 -14.218 -14.337 -14.138 -13.29 -12.833 -12.276 -14.236
0.136502 -13.654 -13.897 -14.11 -14.442 -14.464 -14.366 -14.165 -14.454 -14.461 -14.359 -14.165 -13.886 -14.455 -14.439 -14.264 -14.066 -13.845 -14.439 -14.274 -14.075 -13.911 -13.831 -14.259 -14.375 -14.18 -13.338 -12.883 -12.327 -14.276
0.14063 -13.661 -13.908 -14.128 -14.47 -14.499 -14.405 -14.189 -14.484 -14.496 -14.399 -14.207 -13.932 -14.484 -14.476 -14.306 -14.11 -13.891 -14.476 -14.315 -14.119 -13.957 -13.876 -14.3 -14.414 -14.223 -13.387 -12.933 -12.379 -14.316
0.144883 -13.668 -13.919 -14.145 -14.499 -14.533 -14.444 -14.213 -14.514 -14.531 -14.438 -14.25 -13.977 -14.513 -14.512 -14.347 -14.154 -13.937 -14.512 -14.356 -14.163 -14.002 -13.922 -14.34 -14.452 -14.265 -13.436 -12.983 -12.43 -14.356
0.149265 -13.673 -13.929 -14.162 -14.527 -14.568 -14.483 -14.237 -14.543 -14.565 -14.477 -14.293 -14.023 -14.542 -14.548 -14.388 -14.198 -13.982 -14.549 -14.398 -14.207 -14.047 -13.967 -14.38 -14.491 -14.308 -13.484 -13.033 -12.481 -14.395
0.15378 -13.679 -13.939 -14.178 -14.554 -14.602 -14.522 -14.261 -14.571 -14.599 -14.516 -14.335 -14.068 -14.571 -14.584 -14.429 -14.242 -14.028 -14.585 -14.438 -14.251 -14.092 -14.013 -14.421 -14.529 -14.35 -13.532 -13.083 -12.532 -14.434
0.15843 -13.683 -13.948 -14.194 -14.581 -14.636 -14.561 -14.284 -14.6 -14.633 -14.555 -14.377 -14.113 -14.599 -14.619 -14.47 -14.285 -14.074 -14.621 -14.479 -14.294 -14.137 -14.058 -14.46 -14.566 -14.392 -13.581 -13.133 -12.583 -14.473
0.163222 -13.688 -13.956 -14.209 -14.608 -14.669 -14.599 -14.307 -14.628 -14.667 -14.593 -14.419 -14.158 -14.627 -14.654 -14.511 -14.329 -14.119 -14.657 -14.52 -14.337 -14.182 -14.103 -14.5 -14.604 -14.434 -13.629 -13.182 -12.634 -14.512
0.168159 -13.691 -13.964 -14.224 -14.635 -14.702 -14.638 -14.33 -14.656 -14.7 -14.632 -14.461 -14.203 -14.654 -14.689 -14.551 -14.372 -14.164 -14.693 -14.56 -14.381 -14.227 -14.148 -14.54 -14.641 -14.475 -13.677 -13.232 -12.685 -14.551
0.173245 -13.694 -13.972 -14.239 -14.661 -14.735 -14.676 -14.352 -14.683 -14.733 -14.67 -14.503 -14.248 -14.681 -14.724 -14.592 -14.415 -14.209 -14.728 -14.6 -14.424 -14.271 -14.193 -14.579 -14.678 -14.517 -13.725 -13.282 -12.736 -14.59
0.178484 -13.697 -13.979 -14.253 -14.687 -14.768 -14.713 -14.374 -14.71 -14.766 -14.708 -14.544 -14.292 -14.708 -14.758 -14.632 -14.458 -14.254 -14.763 -14.64 -14.467 -14.316 -14.238 -14.618 -14.715 -14.558 -13.773 -13.331 -12.787 -14.628
0.183882 -13.698 -13.985 -14.266 -14.712 -14.8 -14.751 -14.396 -14.736 -14.798 -14.745 -14.585 -14.337 -14.735 -14.793 -14.672 -14.501 -14.299 -14.798 -14.68 -14.509 -14.36 -14.283 -14.657 -14.752 -14.599 -13.821 -13.381 -12.837 -14.666
0.189444 -13.7 -13.99 -14.279 -14.737 -14.832 -14.788 -14.418 -14.763 -14.83 -14.783 -14.627 -14.381 -14.761 -14.827 -14.711 -14.544 -14.344 -14.833 -14.72 -14.552 -14.404 -14.328 -14.696 -14.788 -14.64 -13.869 -13.43 -12.888 -14.704
0.195173 -13.7 -13.995 -14.292 -14.762 -14.864 -14.825 -14.439 -14.789 -14.862 -14.82 -14.668 -14.425 -14.786 -14.86 -14.751 -14.586 -14.389 -14.867 -14.759 -14.594 -14.448 -14.372 -14.735 -14.824 -14.681 -13.917 -13.479 -12.939 -14.741
0.201076 -13.7 -14.0 -14.303 -14.786 -14.895 -14.862 -14.46 -14.814 -14.893 -14.857 -14.708 -14.469 -14.811 -14.894 -14.79 -14.628 -14.433 -14.901 -14.798 -14.637 -14.492 -14.417 -14.773 -14.86 -14.721 -13.964 -13.529 -12.989 -14.779
0.207158 -13.7 -14.003 -14.315 -14.81 -14.926 -14.899 -14.481 -14.839 -14.925 -14.894 -14.749 -14.513 -14.836 -14.927 -14.829 -14.671 -14.478 -14.935 -14.837 -14.679 -14.536 -14.461 -14.811 -14.896 -14.762 -14.012 -13.578 -13.04 -14.816
0.213423 -13.699 -14.007 -14.326 -14.833 -14.957 -14.935 -14.501 -14.864 -14.955 -14.93 -14.789 -14.557 -14.861 -14.959 -14.868 -14.713 -14.522 -14.969 -14.876 -14.721 -14.58 -14.506 -14.849 -14.931 -14.802 -14.059 -13.627 -13.09 -14.853
0.219878 -13.697 -14.009 -14.336 -14.856 -14.988 -14.971 -14.521 -14.888 -14.986 -14.966 -14.83 -14.601 -14.885 -14.992 -14.907 -14.754 -14.566 -15.002 -14.915 -14.762 -14.623 -14.55 -14.887 -14.966 -14.842 -14.107 -13.676 -13.141 -14.89
0.226528 -13.695 -14.011 -14.346 -14.879 -15.018 -15.007 -14.541 -14.912 -15.016 -15.002 -14.87 -14.644 -14.908 -15.024 -14.945 -14.796 -14.61 -15.035 -14.953 -14.804 -14.667 -14.594 -14.924 -15.001 -14.882 -14.154 -13.725 -13.191 -14.927
0.233379 -13.692 -14.012 -14.355 -14.901 -15.048 -15.043 -14.56 -14.935 -15.046 -15.038 -14.91 -14.688 -14.931 -15.056 -14.983 -14.838 -14.654 -15.068 -14.991 -14.845 -14.71 -14.638 -14.962 -15.036 -14.921 -14.201 -13.774 -13.242 -14.963
0.240437 -13.688 -14.012 -14.364 -14.923 -15.077 -15.078 -14.58 -14.958 -15.076 -15.074 -14.949 -14.731 -14.954 -15.088 -15.021 -14.879 -14.698 -15.1 -15.029 -14.887 -14.753 -14.682 -14.999 -15.07 -14.961 -14.248 -13.823 -13.292 -14.999
0.247709 -13.684 -14.012 -14.372 -14.944 -15.106 -15.113 -14.598 -14.981 -15.105 -15.109 -14.989 -14.774 -14.976 -15.119 -15.059 -14.92 -14.741 -15.132 -15.067 -14.928 -14.796 -14.725 -15.036 -15.104 -15.0 -14.295 -13.872 -13.342 -15.035
0.255201 -13.679 -14.011 -14.38 -14.965 -15.135 -15.148 -14.617 -15.003 -15.134 -15.144 -15.028 -14.817 -14.998 -15.15 -15.097 -14.961 -14.785 -15.164 -15.105 -14.969 -14.839 -14.769 -15.072 -15.138 -15.039 -14.342 -13.92 -13.392 -15.071
0.262919 -13.673 -14.009 -14.387 -14.985 -15.163 -15.183 -14.635 -15.025 -15.162 -15.178 -15.067 -14.859 -15.02 -15.18 -15.134 -15.002 -14.828 -15.195 -15.142 -15.009 -14.881 -14.812 -15.109 -15.172 -15.077 -14.388 -13.969 -13.442 -15.106
0.270871 -13.667 -14.007 -14.393 -15.005 -15.191 -15.217 -14.653 -15.046 -15.19 -15.213 -15.106 -14.902 -15.041 -15.211 -15.171 -15.042 -14.871 -15.226 -15.179 -15.05 -14.924 -14.856 -15.145 -15.205 -15.116 -14.435 -14.017 -13.492 -15.142
0.279064 -13.66 -14.004 -14.399 -15.024 -15.219 -15.251 -14.671 -15.067 -15.218 -15.247 -15.144 -14.944 -15.061 -15.241 -15.208 -15.083 -14.914 -15.257 -15.216 -15.09 -14.966 -14.899 -15.181 -15.238 -15.154 -14.482 -14.066 -13.542 -15.177
0.287504 -13.653 -14.0 -14.405 -15.043 -15.246 -15.284 -14.688 -15.087 -15.245 -15.281 -15.183 -14.987 -15.081 -15.27 -15.244 -15.123 -14.957 -15.288 -15.252 -15.13 -15.008 -14.942 -15.216 -15.27 -15.192 -14.528 -14.114 -13.592 -15.211
0.296199 -13.644 -13.995 -14.409 -15.061 -15.273 -15.318 -14.705 -15.107 -15.272 -15.314 -15.221 -15.029 -15.101 -15.299 -15.281 -15.163 -14.999 -15.318 -15.288 -15.17 -15.05 -14.985 -15.252 -15.303 -15.23 -14.574 -14.162 -13.642 -15.246
0.305157 -13.636 -13.99 -14.413 -15.079 -15.3 -15.351 -14.721 -15.127 -15.299 -15.347 -15.259 -15.071 -15.12 -15.328 -15.317 -15.203 -15.042 -15.348 -15.324 -15.21 -15.092 -15.028 -15.287 -15.335 -15.268 -14.62 -14.211 -13.692 -15.28
0.314387 -13.626 -13.983 -14.417 -15.097 -15.326 -15.384 -14.738 -15.146 -15.325 -15.38 -15.296 -15.112 -15.138 -15.357 -15.352 -15.242 -15.084 -15.377 -15.36 -15.25 -15.134 -15.07 -15.322 -15.367 -15.305 -14.667 -14.259 -13.742 -15.314
0.323895 -13.616 -13.976 -14.419 -15.113 -15.352 -15.416 -14.754 -15.164 -15.351 -15.413 -15.334 -15.154 -15.156 -15.385 -15.388 -15.281 -15.126 -15.406 -15.396 -15.289 -15.175 -15.113 -15.356 -15.398 -15.342 -14.712 -14.307 -13.791 -15.348
0.333691 -13.605 -13.969 -14.422 -15.13 -15.377 -15.448 -14.769 -15.182 -15.377 -15.445 -15.371 -15.195 -15.174 -15.413 -15.423 -15.321 -15.168 -15.435 -15.431 -15.328 -15.217 -15.155 -15.391 -15.429 -15.379 -14.758 -14.355 -13.841 -15.381
0.343783 -13.593 -13.96 -14.423 -15.146 -15.402 -15.48 -14.784 -15.199 -15.402 -15.477 -15.408 -15.236 -15.191 -15.44 -15.458 -15.359 -15.21 -15.463 -15.466 -15.367 -15.258 -15.197 -15.425 -15.46 -15.416 -14.804 -14.402 -13.89 -15.414
0.354181 -13.581 -13.951 -14.424 -15.161 -15.426 -15.512 -14.799 -15.216 -15.426 -15.509 -15.445 -15.277 -15.207 -15.467 -15.493 -15.398 -15.251 -15.491 -15.501 -15.406 -15.299 -15.239 -15.458 -15.49 -15.452 -14.85 -14.45 -13.94 -15.447
0.364893 -13.567 -13.94 -14.424 -15.176 -15.451 -15.543 -14.814 -15.233 -15.45 -15.54 -15.481 -15.318 -15.223 -15.494 -15.527 -15.437 -15.292 -15.519 -15.535 -15.444 -15.339 -15.281 -15.492 -15.52 -15.488 -14.895 -14.498 -13.989 -15.48
0.375929 -13.554 -13.929 -14.424 -15.19 -15.474 -15.574 -14.828 -15.248 -15.474 -15.571 -15.517 -15.359 -15.238 -15.52 -15.561 -15.475 -15.334 -15.546 -15.569 -15.482 -15.38 -15.323 -15.525 -15.55 -15.524 -14.94 -14.545 -14.039 -15.512
0.387298 -13.539 -13.917 -14.422 -15.203 -15.497 -15.604 -14.842 -15.264 -15.497 -15.602 -15.553 -15.399 -15.253 -15.546 -15.595 -15.513 -15.375 -15.573 -15.603 -15.52 -15.42 -15.364 -15.558 -15.579 -15.56 -14.985 -14.593 -14.088 -15.544
0.399012 -13.524 -13.904 -14.421 -15.216 -15.52 -15.634 -14.855 -15.278 -15.52 -15.632 -15.589 -15.439 -15.268 -15.571 -15.629 -15.551 -15.415 -15.6 -15.636 -15.558 -15.461 -15.406 -15.591 -15.609 -15.595 -15.031 -14.64 -14.137 -15.576
0.41108 -13.508 -13.891 -14.418 -15.229 -15.542 -15.664 -14.868 -15.293 -15.543 -15.662 -15.624 -15.479 -15.281 -15.596 -15.662 -15.588 -15.456 -15.626 -15.67 -15.596 -15.501 -15.447 -15.623 -15.637 -15.63 -15.075 -14.687 -14.186 -15.607
0.423513 -13.491 -13.876 -14.415 -15.24 -15.564 -15.693 -14.881 -15.306 -15.565 -15.692 -15.66 -15.519 -15.294 -15.621 -15.695 -15.625 -15.496 -15.651 -15.703 -15.633 -15.54 -15.488 -15.655 -15.665 -15.665 -15.12 -14.734 -14.235 -15.638
0.436321 -13.473 -13.86 -14.411 -15.252 -15.585 -15.722 -14.893 -15.319 -15.586 -15.721 -15.694 -15.558 -15.307 -15.645 -15.727 -15.662 -15.536 -15.677 -15.735 -15.67 -15.58 -15.529 -15.687 -15.693 -15.7 -15.165 -14.781 -14.284 -15.669
0.449518 -13.455 -13.844 -14.406 -15.262 -15.606 -15.751 -14.905 -15.331 -15.607 -15.75 -15.729 -15.598 -15.319 -15.669 -15.76 -15.699 -15.576 -15.702 -15.767 -15.707 -15.619 -15.57 -15.718 -15.721 -15.734 -15.209 -14.828 -14.333 -15.7
0.463113 -13.436 -13.827 -14.4 -15.272 -15.627 -15.779 -14.917 -15.343 -15.627 -15.778 -15.763 -15.637 -15.33 -15.692 -15.791 -15.735 -15.616 -15.726 -15.799 -15.743 -15.658 -15.61 -15.749 -15.748 -15.768 -15.254 -14.875 -14.381 -15.73
0.47712 -13.416 -13.808 -14.394 -15.281 -15.646 -15.807 -14.928 -15.354 -15.647 -15.806 -15.797 -15.676 -15.341 -15.715 -15.823 -15.772 -15.656 -15.75 -15.831 -15.779 -15.697 -15.65 -15.78 -15.775 -15.801 -15.298 -14.922 -14.43 -15.76
0.49155 -13.396 -13.789 -14.387 -15.29 -15.666 -15.835 -14.939 -15.365 -15.667 -15.834 -15.831 -15.714 -15.351 -15.737 -15.854 -15.807 -15.695 -15.773 -15.862 -15.815 -15.736 -15.69 -15.811 -15.801 -15.834 -15.342 -14.968 -14.479 -15.789
0.506416 -13.375 -13.768 -14.379 -15.298 -15.685 -15.862 -14.949 -15.375 -15.686 -15.861 -15.864 -15.753 -15.36 -15.759 -15.885 -15.843 -15.734 -15.797 -15.893 -15.851 -15.774 -15.73 -15.841 -15.827 -15.867 -15.386 -15.014 -14.527 -15.818
0.521733 -13.352 -13.747 -14.37 -15.305 -15.703 -15.888 -14.959 -15.384 -15.704 -15.888 -15.897 -15.791 -15.369 -15.78 -15.916 -15.878 -15.773 -15.819 -15.924 -15.886 -15.812 -15.77 -15.87 -15.853 -15.9 -15.429 -15.061 -14.575 -15.847
