web/models/kne.last_good/kappa_0.5_3.0.v1/25/villar_0.0512_0.3433_3.0000.dat
# %ECSV 1.0
# ---
# datatype:
# - {name: time, datatype: float64}
# - {name: swift_uvot_uvw2, datatype: float64}
# - {name: swift_uvot_uvm2, datatype: float64}
# - {name: swift_uvot_uvw1, datatype: float64}
# - {name: swift_uvot_U, datatype: float64}
# - {name: swift_uvot_B, datatype: float64}
# - {name: swift_uvot_V, datatype: float64}
# - {name: swift_uvot_W, datatype: float64}
# - {name: johnson_U, datatype: float64}
# - {name: johnson_B, datatype: float64}
# - {name: johnson_V, datatype: float64}
# - {name: johnson_R, datatype: float64}
# - {name: johnson_I, datatype: float64}
# - {name: sdss_u, datatype: float64}
# - {name: sdss_g, datatype: float64}
# - {name: sdss_r, datatype: float64}
# - {name: sdss_i, datatype: float64}
# - {name: sdss_z, datatype: float64}
# - {name: PS1_g, datatype: float64}
# - {name: PS1_r, datatype: float64}
# - {name: PS1_i, datatype: float64}
# - {name: PS1_z, datatype: float64}
# - {name: PS1_Y, datatype: float64}
# - {name: PS1_w, datatype: float64}
# - {name: ATLAS_c, datatype: float64}
# - {name: ATLAS_o, datatype: float64}
# - {name: ukirt_J, datatype: float64}
# - {name: ukirt_H, datatype: float64}
# - {name: ukirt_K, datatype: float64}
# - {name: Clear, datatype: float64}
# meta: !!omap
# - comment: [kappa = 3.0, type = villar, mass = 0.051209162050732976, velocity = 0.3433333333333334, theta_obs = 0.0]
# schema: astropy-2.0
time swift_uvot_uvw2 swift_uvot_uvm2 swift_uvot_uvw1 swift_uvot_U swift_uvot_B swift_uvot_V swift_uvot_W johnson_U johnson_B johnson_V johnson_R johnson_I sdss_u sdss_g sdss_r sdss_i sdss_z PS1_g PS1_r PS1_i PS1_z PS1_Y PS1_w ATLAS_c ATLAS_o ukirt_J ukirt_H ukirt_K Clear
[from data line 358]
42.914265 91.027 96.242 103.765 105.552 99.726 95.596 93.237 104.556 99.104 95.088 91.219 88.728 105.145 97.79 93.303 90.663 88.677 89.76 89.91 89.47 88.517 87.163 91.769 94.797 91.468 86.036 84.662 83.748 87.952
44.212178 97.228 102.444 109.966 111.753 105.927 101.798 99.439 110.757 105.306 101.29 97.42 94.93 111.347 103.992 99.504 96.865 94.878 95.962 96.111 95.671 94.718 93.364 97.971 100.999 97.67 92.238 90.864 89.949 94.153
45.549345 103.811 109.026 116.549 118.336 112.51 108.38 106.021 117.34 111.888 107.872 104.002 101.512 117.929 110.574 106.086 103.447 101.461 102.544 102.694 102.254 101.301 99.947 104.553 107.581 104.252 98.82 97.446 96.532 100.736
46.926954 110.797 116.013 123.535 125.322 119.496 115.367 113.008 124.326 118.875 114.858 110.989 108.499 124.916 117.56 113.073 110.434 108.447 109.53 109.68 109.24 108.287 106.933 111.54 114.568 111.238 105.807 104.433 103.518 107.722
48.346227 118.213 123.428 130.951 132.738 126.912 122.782 120.423 131.742 126.29 122.274 118.405 115.914 132.332 124.976 120.489 117.849 115.863 116.946 117.096 116.656 115.703 114.349 118.955 121.983 118.654 113.222 111.848 110.934 115.138
49.808426 126.084 131.299 138.822 140.609 134.783 130.653 128.294 139.613 134.161 130.145 126.275 123.785 140.202 132.847 128.359 125.72 123.734 124.817 124.967 124.526 123.574 122.22 126.826 129.854 126.525 121.093 119.719 118.805 123.009
51.314848 134.438 139.653 147.176 148.963 143.137 139.007 136.648 147.967 142.515 138.499 134.63 132.139 148.557 141.201 136.714 134.074 132.088 133.171 133.321 132.881 131.928 130.574 135.18 138.208 134.879 129.447 128.073 127.159 131.363
52.86683 143.305 148.521 156.043 157.83 152.004 147.874 145.515 156.834 151.382 147.366 143.497 141.006 157.424 150.068 145.581 142.941 140.955 142.038 142.188 141.748 140.795 139.441 144.048 147.075 143.746 138.315 136.941 136.026 140.23
54.465752 152.717 157.932 165.455 167.242 161.416 157.286 154.927 166.246 160.794 156.778 152.908 150.418 166.835 159.48 154.992 152.353 150.367 151.45 151.599 151.159 150.207 148.853 153.459 156.487 153.158 147.726 146.352 145.438 149.642
56.113031 162.706 167.922 175.444 177.231 171.405 167.276 164.917 176.235 170.783 166.767 162.898 160.408 176.825 169.469 164.982 162.343 160.356 161.439 161.589 161.149 160.196 158.842 163.449 166.476 163.147 157.716 156.342 155.427 159.631
57.810132 173.309 178.525 186.047 187.834 182.008 177.878 175.52 186.838 181.386 177.37 173.501 171.01 187.428 180.072 175.585 172.946 170.959 172.042 172.192 171.752 170.799 169.445 174.052 177.079 173.75 168.319 166.945 166.03 170.234
59.55856 184.563 189.779 197.301 199.088 193.262 189.132 186.774 198.092 192.64 188.624 184.755 182.264 198.682 191.326 186.839 184.199 182.213 183.296 183.446 183.006 182.053 180.699 185.306 188.333 185.004 179.573 178.199 177.284 181.488
61.359868 196.508 201.724 209.246 211.033 205.207 201.077 198.719 210.037 204.585 200.569 196.7 194.209 210.627 203.271 198.784 196.144 194.158 195.241 195.391 194.951 193.998 192.644 197.251 200.278 196.949 191.518 190.144 189.229 193.433
63.215655 209.186 214.402 221.924 223.712 217.886 213.756 211.397 222.716 217.264 213.248 209.378 206.888 223.305 215.95 211.462 208.823 206.837 207.92 208.069 207.629 206.677 205.323 209.929 212.957 209.628 204.196 202.822 201.908 206.112
65.127569 222.643 227.859 235.381 237.169 231.343 227.213 224.854 236.172 230.721 226.705 222.835 220.345 236.762 229.407 224.919 222.28 220.294 221.377 221.526 221.086 220.134 218.78 223.386 226.414 223.085 217.653 216.279 215.365 219.569
67.097308 236.927 242.142 249.665 251.452 245.626 241.496 239.137 250.456 245.004 240.988 237.119 234.628 251.046 243.69 239.203 236.563 234.577 235.66 235.81 235.37 234.417 233.063 237.669 240.697 237.368 231.936 230.562 229.648 233.852
69.126621 252.087 257.303 264.825 266.612 260.786 256.657 254.298 265.616 260.164 256.148 252.279 249.788 266.206 258.85 254.363 251.724 249.737 250.82 250.97 250.53 249.577 248.223 252.83 255.857 252.528 247.097 245.723 244.808 249.012
71.217308 268.178 273.394 280.916 282.703 276.877 272.748 270.389 281.707 276.256 272.24 268.37 265.88 282.297 274.942 270.454 267.815 265.828 266.912 267.061 266.621 265.668 264.314 268.921 271.949 268.62 263.188 261.814 260.899 265.103
73.371227 285.258 290.473 297.996 299.783 293.957 289.827 287.468 298.787 293.335 289.319 285.449 282.959 299.376 292.021 287.533 284.894 282.908 283.991 284.14 283.7 282.748 281.394 286.0 289.028 285.699 280.267 278.893 277.979 282.183
75.59029 303.386 308.601 316.124 317.911 312.085 307.955 305.596 316.915 311.463 307.447 303.577 301.087 317.504 310.149 305.661 303.022 301.036 302.119 302.268 301.828 300.876 299.522 304.128 307.156 303.827 298.395 297.021 296.107 300.311
77.876467 322.627 327.842 335.365 337.152 331.326 327.196 324.837 336.156 330.704 326.688 322.818 320.328 336.745 329.39 324.902 322.263 320.277 321.36 321.51 321.07 320.117 318.763 323.369 326.397 323.068 317.636 316.262 315.348 319.552
80.231787 343.049 348.265 355.787 357.574 351.748 347.619 345.26 356.578 351.127 347.11 343.241 340.751 357.168 349.812 345.325 342.686 340.699 341.782 341.932 341.492 340.539 339.185 343.792 346.82 343.49 338.059 336.685 335.77 339.974
82.658343 364.726 369.941 377.464 379.251 373.425 369.295 366.936 378.255 372.803 368.787 364.918 362.427 378.845 371.489 367.002 364.362 362.376 363.459 363.609 363.169 362.216 360.862 365.469 368.496 365.167 359.735 358.361 357.447 361.651
85.158288 387.733 392.949 400.471 402.259 396.433 392.303 389.944 401.262 395.811 391.795 387.925 385.435 401.852 394.497 390.009 387.37 385.384 386.467 386.616 386.176 385.224 383.869 388.476 391.504 388.175 382.743 381.369 380.455 384.659
87.733843 412.154 417.369 424.892 426.679 420.853 416.723 414.364 425.683 420.231 416.215 412.346 409.855 426.273 418.917 414.43 411.79 409.804 410.887 411.037 410.597 409.644 408.29 412.896 415.924 412.595 407.163 405.789 404.875 409.079
90.387293 438.074 443.289 450.812 452.599 446.773 442.643 440.284 451.603 446.151 442.135 438.265 435.775 452.192 444.837 440.349 437.71 435.724 436.807 436.957 436.517 435.564 434.21 438.816 441.844 438.515 433.083 431.709 430.795 434.999
93.120995 465.585 470.801 478.323 480.11 474.284 470.155 467.796 479.114 473.662 469.646 465.777 463.286 479.704 472.348 467.861 465.222 463.235 464.318 464.468 464.028 463.075 461.721 466.328 469.355 466.026 460.595 459.221 458.306 462.51
95.937376 494.786 500.001 507.524 509.311 503.485 499.355 496.996 508.315 502.863 498.847 494.978 492.487 508.905 501.549 497.062 494.422 492.436 493.519 493.669 493.229 492.276 490.922 495.528 498.556 495.227 489.795 488.421 487.507 491.711
98.838937 525.78 530.995 538.517 540.305 534.479 530.349 527.99 539.309 533.857 529.841 525.971 523.481 539.898 532.543 528.055 525.416 523.43 524.513 524.662 524.222 523.27 521.916 526.522 529.55 526.221 520.789 519.415 518.501 522.705
101.828253 558.676 563.892 571.414 573.202 567.376 563.246 560.887 572.205 566.754 562.738 558.868 556.378 572.795 565.44 560.952 558.313 556.327 557.41 557.559 557.119 556.167 554.812 559.419 562.447 559.118 553.686 552.312 551.398 555.601
104.907979 593.593 598.809 606.331 608.118 602.292 598.163 595.804 607.122 601.67 597.654 593.785 591.295 607.712 600.356 595.869 593.23 591.243 592.326 592.476 592.036 591.083 589.729 594.336 597.364 594.034 588.603 587.229 586.314 590.518
108.080849 630.654 635.87 643.392 645.179 639.353 635.223 632.865 644.183 638.731 634.715 630.846 628.355 644.773 637.417 632.93 630.29 628.304 629.387 629.537 629.097 628.144 626.79 631.397 634.424 631.095 625.664 624.29 623.375 627.579
111.349681 669.991 675.206 682.728 684.516 678.69 674.56 672.201 683.52 678.068 674.052 670.182 667.692 684.109 676.754 672.266 669.627 667.641 668.724 668.873 668.433 667.481 666.127 670.733 673.761 670.432 665.0 663.626 662.712 666.916
114.717376 711.742 716.958 724.48 726.268 720.442 716.312 713.953 725.271 719.82 715.804 711.934 709.444 725.861 718.506 714.018 711.379 709.393 710.476 710.625 710.185 709.233 707.878 712.485 715.513 712.184 706.752 705.378 704.464 708.667
118.186925 756.058 761.274 768.796 770.583 764.757 760.627 758.269 769.587 764.135 760.119 756.25 753.759 770.177 762.821 758.334 755.694 753.708 754.791 754.941 754.501 753.548 752.194 756.801 759.828 756.499 751.068 749.694 748.779 752.983
121.761408 nan nan nan nan nan nan nan nan nan nan nan nan nan nan nan nan nan nan nan nan nan nan nan nan nan nan nan nan nan
125.443999 nan nan nan nan nan nan nan nan nan nan nan nan nan nan nan nan nan nan nan nan nan nan nan nan nan nan nan nan nan
129.237967 nan nan nan nan nan nan nan nan nan nan nan nan nan nan nan nan nan nan nan nan nan nan nan nan nan nan nan nan nan
133.146681 nan nan nan nan nan nan nan nan nan nan nan nan nan nan nan nan nan nan nan nan nan nan nan nan nan nan nan nan nan
137.173612 nan nan nan nan nan nan nan nan nan nan nan nan nan nan nan nan nan nan nan nan nan nan nan nan nan nan nan nan nan
141.322334 nan nan nan nan nan nan nan nan nan nan nan nan nan nan nan nan nan nan nan nan nan nan nan nan nan nan nan nan nan
145.596532 nan nan nan nan nan nan nan nan nan nan nan nan nan nan nan nan nan nan nan nan nan nan nan nan nan nan nan nan nan
150.0 nan nan nan nan nan nan nan nan nan nan nan nan nan nan nan nan nan nan nan nan nan nan nan nan nan nan nan nan nan
