web/models/kne.last_good/kappa_0.5_3.0.v1/25/villar_0.0079_0.2963_0.5000.dat
# %ECSV 1.0
# ---
# datatype:
# - {name: time, datatype: float64}
# - {name: swift_uvot_uvw2, datatype: float64}
# - {name: swift_uvot_uvm2, datatype: float64}
# - {name: swift_uvot_uvw1, datatype: float64}
# - {name: swift_uvot_U, datatype: float64}
# - {name: swift_uvot_B, datatype: float64}
# - {name: swift_uvot_V, datatype: float64}
# - {name: swift_uvot_W, datatype: float64}
# - {name: johnson_U, datatype: float64}
# - {name: johnson_B, datatype: float64}
# - {name: johnson_V, datatype: float64}
# - {name: johnson_R, datatype: float64}
# - {name: johnson_I, datatype: float64}
# - {name: sdss_u, datatype: float64}
# - {name: sdss_g, datatype: float64}
# - {name: sdss_r, datatype: float64}
# - {name: sdss_i, datatype: float64}
# - {name: sdss_z, datatype: float64}
# - {name: PS1_g, datatype: float64}
# - {name: PS1_r, datatype: float64}
# - {name: PS1_i, datatype: float64}
# - {name: PS1_z, datatype: float64}
# - {name: PS1_Y, datatype: float64}
# - {name: PS1_w, datatype: float64}
# - {name: ATLAS_c, datatype: float64}
# - {name: ATLAS_o, datatype: float64}
# - {name: ukirt_J, datatype: float64}
# - {name: ukirt_H, datatype: float64}
# - {name: ukirt_K, datatype: float64}
# - {name: Clear, datatype: float64}
# meta: !!omap
# - comment: [kappa = 0.5, type = villar, mass = 0.00793700525986525, velocity = 0.29633333333333334, theta_obs = 0.0]
# schema: astropy-2.0
time swift_uvot_uvw2 swift_uvot_uvm2 swift_uvot_uvw1 swift_uvot_U swift_uvot_B swift_uvot_V swift_uvot_W johnson_U johnson_B johnson_V johnson_R johnson_I sdss_u sdss_g sdss_r sdss_i sdss_z PS1_g PS1_r PS1_i PS1_z PS1_Y PS1_w ATLAS_c ATLAS_o ukirt_J ukirt_H ukirt_K Clear
[from data line 146]
0.077495 -11.876 -12.128 -12.356 -12.713 -12.749 -12.662 -12.427 -12.728 -12.747 -12.655 -12.468 -12.196 -12.728 -12.728 -12.565 -12.373 -12.156 -12.729 -12.574 -12.382 -12.221 -12.141 -12.558 -12.67 -12.484 -11.656 -11.204 -10.651 -12.573
0.079839 -11.88 -12.137 -12.372 -12.74 -12.783 -12.7 -12.45 -12.756 -12.781 -12.694 -12.511 -12.241 -12.756 -12.764 -12.606 -12.416 -12.201 -12.765 -12.615 -12.425 -12.266 -12.186 -12.598 -12.707 -12.526 -11.704 -11.253 -10.701 -12.612
0.082253 -11.884 -12.146 -12.387 -12.767 -12.817 -12.739 -12.472 -12.784 -12.814 -12.732 -12.552 -12.286 -12.784 -12.799 -12.646 -12.46 -12.247 -12.801 -12.655 -12.469 -12.311 -12.231 -12.637 -12.745 -12.567 -11.752 -11.303 -10.752 -12.651
0.084741 -11.887 -12.153 -12.402 -12.793 -12.85 -12.777 -12.495 -12.812 -12.847 -12.771 -12.594 -12.331 -12.811 -12.834 -12.687 -12.503 -12.292 -12.836 -12.696 -12.511 -12.355 -12.276 -12.677 -12.782 -12.609 -11.8 -11.352 -10.803 -12.689
0.087304 -11.89 -12.161 -12.416 -12.819 -12.882 -12.814 -12.516 -12.839 -12.88 -12.808 -12.636 -12.376 -12.838 -12.868 -12.727 -12.546 -12.337 -12.871 -12.736 -12.554 -12.399 -12.321 -12.716 -12.819 -12.65 -11.848 -11.402 -10.854 -12.728
0.089944 -11.892 -12.167 -12.429 -12.845 -12.915 -12.852 -12.538 -12.866 -12.912 -12.846 -12.677 -12.42 -12.864 -12.902 -12.767 -12.588 -12.381 -12.906 -12.775 -12.597 -12.444 -12.365 -12.755 -12.855 -12.691 -11.895 -11.451 -10.904 -12.766
0.092665 -11.893 -12.173 -12.442 -12.87 -12.947 -12.889 -12.559 -12.892 -12.944 -12.883 -12.718 -12.464 -12.89 -12.936 -12.806 -12.631 -12.426 -12.941 -12.815 -12.639 -12.488 -12.41 -12.793 -12.891 -12.732 -11.943 -11.5 -10.955 -12.803
0.095467 -11.894 -12.178 -12.455 -12.894 -12.978 -12.926 -12.58 -12.918 -12.976 -12.92 -12.759 -12.508 -12.916 -12.97 -12.845 -12.673 -12.47 -12.975 -12.854 -12.682 -12.531 -12.454 -12.832 -12.927 -12.772 -11.991 -11.549 -11.005 -12.841
0.098355 -11.893 -12.182 -12.466 -12.918 -13.009 -12.963 -12.601 -12.943 -13.007 -12.957 -12.799 -12.552 -12.941 -13.003 -12.884 -12.715 -12.515 -13.009 -12.893 -12.724 -12.575 -12.498 -12.87 -12.963 -12.813 -12.038 -11.598 -11.055 -12.878
0.101329 -11.892 -12.185 -12.477 -12.942 -13.04 -12.999 -12.621 -12.968 -13.038 -12.994 -12.839 -12.595 -12.966 -13.036 -12.923 -12.757 -12.559 -13.042 -12.932 -12.765 -12.619 -12.542 -12.908 -12.999 -12.853 -12.085 -11.647 -11.106 -12.915
0.104394 -11.89 -12.188 -12.488 -12.965 -13.071 -13.035 -12.64 -12.992 -13.069 -13.03 -12.879 -12.639 -12.99 -13.068 -12.962 -12.799 -12.603 -13.076 -12.97 -12.807 -12.662 -12.586 -12.945 -13.034 -12.892 -12.132 -11.696 -11.156 -12.952
0.107551 -11.888 -12.19 -12.498 -12.987 -13.101 -13.071 -12.659 -13.016 -13.099 -13.066 -12.919 -12.682 -13.013 -13.1 -13.0 -12.84 -12.646 -13.108 -13.008 -12.848 -12.705 -12.63 -12.982 -13.068 -12.932 -12.179 -11.745 -11.206 -12.988
0.110804 -11.884 -12.19 -12.507 -13.009 -13.13 -13.106 -12.678 -13.039 -13.129 -13.101 -12.959 -12.725 -13.036 -13.132 -13.038 -12.881 -12.69 -13.141 -13.046 -12.889 -12.748 -12.674 -13.019 -13.103 -12.971 -12.226 -11.793 -11.256 -13.024
0.114155 -11.88 -12.191 -12.515 -13.031 -13.16 -13.141 -12.697 -13.062 -13.158 -13.136 -12.998 -12.768 -13.059 -13.163 -13.076 -12.922 -12.733 -13.173 -13.084 -12.93 -12.791 -12.717 -13.056 -13.137 -13.01 -12.273 -11.842 -11.306 -13.06
0.117608 -11.875 -12.19 -12.523 -13.052 -13.188 -13.176 -12.714 -13.084 -13.187 -13.171 -13.037 -12.811 -13.081 -13.194 -13.113 -12.963 -12.776 -13.204 -13.121 -12.971 -12.833 -12.76 -13.093 -13.17 -13.049 -12.319 -11.89 -11.356 -13.095
0.121165 -11.869 -12.188 -12.529 -13.072 -13.217 -13.21 -12.732 -13.106 -13.215 -13.205 -13.076 -12.853 -13.102 -13.224 -13.15 -13.004 -12.819 -13.236 -13.158 -13.011 -12.875 -12.803 -13.129 -13.204 -13.088 -12.365 -11.938 -11.405 -13.13
0.124829 -11.862 -12.185 -12.536 -13.091 -13.244 -13.244 -12.749 -13.127 -13.243 -13.24 -13.114 -12.895 -13.123 -13.254 -13.187 -13.044 -12.862 -13.267 -13.195 -13.052 -12.917 -12.846 -13.164 -13.237 -13.126 -12.412 -11.986 -11.455 -13.165
0.128605 -11.854 -12.182 -12.541 -13.11 -13.272 -13.278 -12.765 -13.148 -13.27 -13.273 -13.153 -12.937 -13.143 -13.284 -13.223 -13.084 -12.904 -13.297 -13.231 -13.091 -12.959 -12.889 -13.2 -13.269 -13.164 -12.458 -12.034 -11.504 -13.2
0.132494 -11.846 -12.177 -12.545 -13.129 -13.298 -13.311 -12.781 -13.167 -13.297 -13.307 -13.19 -12.979 -13.162 -13.313 -13.259 -13.123 -12.947 -13.327 -13.267 -13.131 -13.001 -12.931 -13.235 -13.301 -13.201 -12.503 -12.082 -11.554 -13.234
0.136502 -11.836 -12.172 -12.549 -13.146 -13.325 -13.344 -12.797 -13.187 -13.323 -13.339 -13.228 -13.02 -13.181 -13.342 -13.295 -13.163 -12.989 -13.356 -13.303 -13.17 -13.042 -12.973 -13.27 -13.333 -13.238 -12.549 -12.129 -11.603 -13.267
0.14063 -11.825 -12.165 -12.552 -13.163 -13.35 -13.376 -12.812 -13.205 -13.349 -13.372 -13.265 -13.061 -13.199 -13.37 -13.33 -13.202 -13.03 -13.385 -13.338 -13.209 -13.083 -13.015 -13.304 -13.364 -13.275 -12.595 -12.177 -11.652 -13.301
0.144883 -11.813 -12.157 -12.554 -13.18 -13.376 -13.408 -12.826 -13.223 -13.375 -13.404 -13.302 -13.102 -13.217 -13.397 -13.365 -13.24 -13.072 -13.414 -13.373 -13.248 -13.124 -13.057 -13.338 -13.395 -13.312 -12.64 -12.224 -11.701 -13.334
0.149265 -11.801 -12.148 -12.555 -13.195 -13.4 -13.439 -12.84 -13.24 -13.399 -13.435 -13.338 -13.143 -13.234 -13.424 -13.4 -13.279 -13.113 -13.442 -13.407 -13.286 -13.165 -13.098 -13.371 -13.425 -13.348 -12.685 -12.271 -11.75 -13.366
0.15378 -11.787 -12.138 -12.555 -13.21 -13.424 -13.47 -12.853 -13.257 -13.423 -13.467 -13.374 -13.183 -13.25 -13.451 -13.434 -13.317 -13.154 -13.469 -13.442 -13.324 -13.205 -13.14 -13.404 -13.455 -13.384 -12.73 -12.318 -11.799 -13.398
0.15843 -11.772 -12.127 -12.554 -13.224 -13.448 -13.501 -12.866 -13.272 -13.447 -13.497 -13.41 -13.223 -13.265 -13.477 -13.467 -13.355 -13.194 -13.496 -13.475 -13.362 -13.245 -13.181 -13.437 -13.484 -13.419 -12.775 -12.365 -11.847 -13.43
0.163222 -11.756 -12.115 -12.552 -13.237 -13.47 -13.531 -12.878 -13.287 -13.47 -13.527 -13.445 -13.263 -13.279 -13.502 -13.501 -13.392 -13.235 -13.523 -13.508 -13.399 -13.285 -13.221 -13.469 -13.513 -13.454 -12.819 -12.412 -11.896 -13.461
0.168159 -11.738 -12.101 -12.549 -13.25 -13.492 -13.56 -12.89 -13.301 -13.492 -13.557 -13.48 -13.302 -13.293 -13.527 -13.534 -13.429 -13.275 -13.548 -13.541 -13.436 -13.324 -13.262 -13.501 -13.541 -13.489 -12.863 -12.458 -11.944 -13.492
0.173245 -11.72 -12.086 -12.545 -13.261 -13.514 -13.589 -12.9 -13.314 -13.513 -13.586 -13.515 -13.341 -13.306 -13.551 -13.566 -13.465 -13.314 -13.574 -13.574 -13.473 -13.363 -13.302 -13.533 -13.569 -13.523 -12.907 -12.505 -11.992 -13.523
0.178484 -11.7 -12.069 -12.539 -13.272 -13.534 -13.617 -12.91 -13.327 -13.534 -13.615 -13.549 -13.38 -13.318 -13.574 -13.598 -13.502 -13.354 -13.598 -13.605 -13.509 -13.402 -13.342 -13.563 -13.596 -13.557 -12.951 -12.551 -12.04 -13.552
0.183882 -11.679 -12.051 -12.533 -13.281 -13.554 -13.645 -12.92 -13.338 -13.554 -13.642 -13.582 -13.418 -13.329 -13.597 -13.629 -13.537 -13.393 -13.622 -13.637 -13.545 -13.44 -13.381 -13.594 -13.623 -13.59 -12.994 -12.597 -12.088 -13.582
0.189444 -11.657 -12.032 -12.525 -13.29 -13.574 -13.672 -12.928 -13.349 -13.573 -13.67 -13.616 -13.456 -13.339 -13.619 -13.66 -13.573 -13.431 -13.645 -13.667 -13.58 -13.478 -13.42 -13.624 -13.649 -13.622 -13.038 -12.642 -12.135 -13.61
0.195173 -11.633 -12.011 -12.516 -13.298 -13.592 -13.699 -12.936 -13.358 -13.592 -13.696 -13.648 -13.494 -13.348 -13.641 -13.69 -13.608 -13.469 -13.668 -13.698 -13.615 -13.515 -13.459 -13.653 -13.674 -13.655 -13.08 -12.688 -12.183 -13.639
0.201076 -11.607 -11.989 -12.506 -13.304 -13.609 -13.724 -12.943 -13.367 -13.61 -13.722 -13.68 -13.531 -13.356 -13.661 -13.72 -13.642 -13.507 -13.689 -13.727 -13.65 -13.552 -13.498 -13.681 -13.699 -13.686 -13.123 -12.733 -12.23 -13.666
0.207158 -11.581 -11.964 -12.495 -13.309 -13.626 -13.75 -12.949 -13.374 -13.626 -13.748 -13.712 -13.568 -13.362 -13.681 -13.749 -13.676 -13.545 -13.71 -13.756 -13.683 -13.589 -13.536 -13.709 -13.723 -13.717 -13.165 -12.778 -12.277 -13.693
0.213423 -11.552 -11.938 -12.482 -13.314 -13.642 -13.774 -12.955 -13.38 -13.642 -13.772 -13.743 -13.604 -13.368 -13.7 -13.777 -13.709 -13.581 -13.731 -13.785 -13.717 -13.625 -13.574 -13.737 -13.746 -13.748 -13.207 -12.822 -12.324 -13.72
0.219878 -11.522 -11.911 -12.467 -13.317 -13.656 -13.798 -12.959 -13.385 -13.657 -13.796 -13.773 -13.639 -13.373 -13.718 -13.805 -13.742 -13.618 -13.75 -13.812 -13.75 -13.661 -13.611 -13.764 -13.768 -13.778 -13.249 -12.867 -12.37 -13.745
0.226528 -11.491 -11.881 -12.451 -13.319 -13.67 -13.82 -12.963 -13.389 -13.671 -13.819 -13.803 -13.675 -13.376 -13.735 -13.832 -13.774 -13.654 -13.768 -13.839 -13.782 -13.696 -13.648 -13.79 -13.79 -13.807 -13.29 -12.911 -12.417 -13.77
0.233379 -11.458 -11.849 -12.433 -13.319 -13.683 -13.842 -12.965 -13.392 -13.684 -13.841 -13.832 -13.709 -13.378 -13.751 -13.858 -13.806 -13.689 -13.786 -13.866 -13.814 -13.731 -13.684 -13.815 -13.81 -13.836 -13.331 -12.954 -12.463 -13.795
0.240437 -11.423 -11.815 -12.414 -13.318 -13.694 -13.863 -12.967 -13.393 -13.695 -13.863 -13.86 -13.744 -13.379 -13.766 -13.883 -13.837 -13.724 -13.802 -13.891 -13.845 -13.765 -13.72 -13.84 -13.83 -13.864 -13.371 -12.998 -12.508 -13.818
0.247709 -11.386 -11.78 -12.393 -13.316 -13.705 -13.884 -12.967 -13.393 -13.706 -13.883 -13.888 -13.777 -13.378 -13.78 -13.908 -13.867 -13.759 -13.818 -13.916 -13.875 -13.799 -13.755 -13.863 -13.849 -13.891 -13.412 -13.041 -12.554 -13.841
0.255201 -11.347 -11.741 -12.37 -13.312 -13.714 -13.903 -12.966 -13.391 -13.715 -13.903 -13.914 -13.81 -13.376 -13.793 -13.932 -13.897 -13.792 -13.832 -13.94 -13.905 -13.832 -13.79 -13.886 -13.867 -13.917 -13.451 -13.084 -12.599 -13.863
0.262919 -11.306 -11.701 -12.345 -13.306 -13.722 -13.921 -12.964 -13.388 -13.724 -13.921 -13.94 -13.842 -13.372 -13.805 -13.955 -13.926 -13.826 -13.845 -13.963 -13.934 -13.864 -13.824 -13.908 -13.884 -13.943 -13.49 -13.126 -12.644 -13.884
0.270871 -11.263 -11.658 -12.318 -13.299 -13.728 -13.938 -12.961 -13.383 -13.73 -13.939 -13.966 -13.874 -13.366 -13.815 -13.977 -13.954 -13.858 -13.857 -13.985 -13.962 -13.896 -13.858 -13.93 -13.899 -13.968 -13.529 -13.168 -12.689 -13.904
0.279064 -11.218 -11.612 -12.289 -13.29 -13.734 -13.954 -12.957 -13.377 -13.736 -13.955 -13.99 -13.905 -13.359 -13.824 -13.998 -13.981 -13.89 -13.868 -14.006 -13.989 -13.927 -13.891 -13.95 -13.914 -13.991 -13.567 -13.21 -12.733 -13.923
0.287504 -11.17 -11.563 -12.258 -13.279 -13.737 -13.969 -12.951 -13.369 -13.74 -13.97 -14.013 -13.935 -13.35 -13.832 -14.018 -14.008 -13.921 -13.878 -14.026 -14.016 -13.957 -13.923 -13.969 -13.928 -14.014 -13.605 -13.251 -12.777 -13.941
0.296199 -11.121 -11.512 -12.224 -13.266 -13.74 -13.983 -12.944 -13.359 -13.742 -13.984 -14.036 -13.965 -13.339 -13.839 -14.037 -14.033 -13.951 -13.886 -14.045 -14.042 -13.987 -13.955 -13.987 -13.94 -14.036 -13.642 -13.291 -12.82 -13.959
0.305157 -11.069 -11.458 -12.188 -13.252 -13.74 -13.995 -12.935 -13.346 -13.743 -13.997 -14.057 -13.993 -13.326 -13.843 -14.055 -14.058 -13.981 -13.893 -14.063 -14.066 -14.016 -13.986 -14.004 -13.951 -14.057 -13.678 -13.332 -12.864 -13.974
0.314387 -11.014 -11.4 -12.15 -13.235 -13.739 -14.006 -12.925 -13.332 -13.742 -14.008 -14.077 -14.021 -13.311 -13.847 -14.071 -14.081 -14.01 -13.898 -14.08 -14.09 -14.043 -14.016 -14.02 -13.96 -14.077 -13.714 -13.371 -12.906 -13.989
0.323895 -10.957 -11.339 -12.108 -13.215 -13.736 -14.015 -12.913 -13.316 -13.739 -14.018 -14.097 -14.048 -13.294 -13.848 -14.086 -14.104 -14.038 -13.902 -14.095 -14.113 -14.07 -14.046 -14.034 -13.968 -14.095 -13.75 -13.41 -12.949 -14.003
0.333691 -10.897 -11.274 -12.064 -13.194 -13.731 -14.023 -12.899 -13.297 -13.735 -14.026 -14.114 -14.074 -13.274 -13.848 -14.1 -14.125 -14.064 -13.903 -14.109 -14.134 -14.096 -14.074 -14.048 -13.975 -14.113 -13.784 -13.449 -12.99 -14.015
0.343783 -10.835 -11.206 -12.017 -13.169 -13.724 -14.029 -12.883 -13.276 -13.728 -14.032 -14.131 -14.099 -13.252 -13.846 -14.113 -14.146 -14.09 -13.904 -14.122 -14.155 -14.121 -14.102 -14.059 -13.979 -14.129 -13.818 -13.487 -13.032 -14.026
0.354181 -10.769 -11.133 -11.966 -13.142 -13.715 -14.034 -12.865 -13.252 -13.719 -14.037 -14.146 -14.122 -13.227 -13.842 -14.124 -14.165 -14.115 -13.902 -14.133 -14.174 -14.145 -14.128 -14.07 -13.982 -14.143 -13.851 -13.524 -13.072 -14.035
0.364893 -10.701 -11.056 -11.912 -13.112 -13.703 -14.036 -12.846 -13.225 -13.708 -14.04 -14.16 -14.145 -13.199 -13.836 -14.133 -14.182 -14.139 -13.898 -14.142 -14.192 -14.168 -14.154 -14.079 -13.984 -14.156 -13.883 -13.561 -13.113 -14.043
0.375929 -10.629 -10.975 -11.855 -13.079 -13.689 -14.037 -12.824 -13.196 -13.694 -14.042 -14.172 -14.166 -13.169 -13.828 -14.141 -14.198 -14.161 -13.892 -14.15 -14.208 -14.189 -14.179 -14.086 -13.983 -14.168 -13.914 -13.597 -13.152 -14.05
0.387298 -10.555 -10.889 -11.793 -13.043 -13.673 -14.036 -12.8 -13.163 -13.678 -14.041 -14.183 -14.186 -13.135 -13.817 -14.146 -14.213 -14.183 -13.883 -14.156 -14.223 -14.21 -14.202 -14.091 -13.98 -14.178 -13.945 -13.632 -13.191 -14.054
0.399012 -10.477 -10.798 -11.728 -13.003 -13.653 -14.032 -12.773 -13.127 -13.659 -14.038 -14.192 -14.205 -13.098 -13.804 -14.15 -14.226 -14.202 -13.873 -14.16 -14.237 -14.228 -14.224 -14.095 -13.975 -14.186 -13.974 -13.666 -13.23 -14.057
0.41108 -10.396 -10.701 -11.659 -12.96 -13.631 -14.026 -12.744 -13.087 -13.638 -14.032 -14.199 -14.222 -13.057 -13.788 -14.152 -14.238 -14.221 -13.859 -14.162 -14.248 -14.246 -14.245 -14.096 -13.967 -14.192 -14.002 -13.7 -13.268 -14.058
0.423513 -10.312 -10.599 -11.585 -12.913 -13.606 -14.018 -12.712 -13.044 -13.613 -14.024 -14.204 -14.238 -13.012 -13.769 -14.152 -14.247 -14.238 -13.843 -14.162 -14.258 -14.262 -14.264 -14.096 -13.958 -14.197 -14.03 -13.733 -13.305 -14.056
0.436321 -10.224 -10.491 -11.506 -12.862 -13.577 -14.006 -12.677 -12.997 -13.585 -14.014 -14.207 -14.252 -12.963 -13.747 -14.149 -14.255 -14.253 -13.824 -14.16 -14.266 -14.276 -14.282 -14.093 -13.945 -14.199 -14.056 -13.764 -13.341 -14.053
0.449518 -10.133 -10.376 -11.422 -12.806 -13.545 -13.992 -12.639 -12.945 -13.553 -14.0 -14.208 -14.264 -12.91 -13.722 -14.144 -14.261 -14.267 -13.802 -14.155 -14.272 -14.288 -14.298 -14.088 -13.93 -14.199 -14.08 -13.795 -13.376 -14.047
0.463113 -10.039 -10.255 -11.333 -12.745 -13.509 -13.975 -12.597 -12.889 -13.518 -13.984 -14.206 -14.274 -12.853 -13.693 -14.136 -14.264 -14.278 -13.777 -14.147 -14.276 -14.299 -14.313 -14.08 -13.911 -14.196 -14.104 -13.825 -13.411 -14.039
0.47712 -9.942 -10.126 -11.238 -12.68 -13.469 -13.955 -12.552 -12.828 -13.479 -13.965 -14.202 -14.282 -12.79 -13.661 -14.125 -14.265 -14.288 -13.748 -14.137 -14.277 -14.307 -14.326 -14.07 -13.889 -14.191 -14.126 -13.853 -13.444 -14.028
0.49155 -9.842 -9.989 -11.138 -12.609 -13.425 -13.931 -12.504 -12.762 -13.435 -13.942 -14.195 -14.288 -12.722 -13.625 -14.111 -14.264 -14.296 -13.715 -14.124 -14.276 -14.313 -14.337 -14.056 -13.864 -14.183 -14.146 -13.88 -13.477 -14.015
0.506416 -9.738 -9.844 -11.03 -12.532 -13.376 -13.904 -12.451 -12.69 -13.387 -13.915 -14.185 -14.292 -12.648 -13.584 -14.094 -14.26 -14.301 -13.679 -14.107 -14.273 -14.317 -14.346 -14.04 -13.835 -14.172 -14.165 -13.906 -13.508 -13.998
0.521733 -9.632 -9.689 -10.916 -12.449 -13.322 -13.872 -12.394 -12.612 -13.334 -13.884 -14.173 -14.294 -12.569 -13.539 -14.074 -14.253 -14.304 -13.638 -14.087 -14.266 -14.319 -14.352 -14.02 -13.803 -14.158 -14.182 -13.931 -13.539 -13.978
0.537512 -9.524 -9.525 -10.795 -12.36 -13.263 -13.837 -12.333 -12.528 -13.275 -13.849 -14.156 -14.292 -12.482 -13.489 -14.049 -14.243 -14.305 -13.592 -14.063 -14.257 -14.318 -14.356 -13.997 -13.766 -14.141 -14.197 -13.954 -13.568 -13.955
0.553769 -9.414 -9.351 -10.666 -12.263 -13.198 -13.796 -12.266 -12.437 -13.211 -13.81 -14.136 -14.288 -12.389 -13.434 -14.021 -14.229 -14.302 -13.541 -14.036 -14.244 -14.314 -14.358 -13.97 -13.724 -14.12 -14.21 -13.975 -13.596 -13.928
