web/models/kne.last_good/kappa_0.5_3.0.v1/25/villar_0.0052_0.1083_0.5000.dat
# %ECSV 1.0
# ---
# datatype:
# - {name: time, datatype: float64}
# - {name: swift_uvot_uvw2, datatype: float64}
# - {name: swift_uvot_uvm2, datatype: float64}
# - {name: swift_uvot_uvw1, datatype: float64}
# - {name: swift_uvot_U, datatype: float64}
# - {name: swift_uvot_B, datatype: float64}
# - {name: swift_uvot_V, datatype: float64}
# - {name: swift_uvot_W, datatype: float64}
# - {name: johnson_U, datatype: float64}
# - {name: johnson_B, datatype: float64}
# - {name: johnson_V, datatype: float64}
# - {name: johnson_R, datatype: float64}
# - {name: johnson_I, datatype: float64}
# - {name: sdss_u, datatype: float64}
# - {name: sdss_g, datatype: float64}
# - {name: sdss_r, datatype: float64}
# - {name: sdss_i, datatype: float64}
# - {name: sdss_z, datatype: float64}
# - {name: PS1_g, datatype: float64}
# - {name: PS1_r, datatype: float64}
# - {name: PS1_i, datatype: float64}
# - {name: PS1_z, datatype: float64}
# - {name: PS1_Y, datatype: float64}
# - {name: PS1_w, datatype: float64}
# - {name: ATLAS_c, datatype: float64}
# - {name: ATLAS_o, datatype: float64}
# - {name: ukirt_J, datatype: float64}
# - {name: ukirt_H, datatype: float64}
# - {name: ukirt_K, datatype: float64}
# - {name: Clear, datatype: float64}
# meta: !!omap
# - comment: [kappa = 0.5, type = villar, mass = 0.005244756555828381, velocity = 0.10833333333333334, theta_obs = 0.0]
# schema: astropy-2.0
time swift_uvot_uvw2 swift_uvot_uvm2 swift_uvot_uvw1 swift_uvot_U swift_uvot_B swift_uvot_V swift_uvot_W johnson_U johnson_B johnson_V johnson_R johnson_I sdss_u sdss_g sdss_r sdss_i sdss_z PS1_g PS1_r PS1_i PS1_z PS1_Y PS1_w ATLAS_c ATLAS_o ukirt_J ukirt_H ukirt_K Clear
[from data line 291]
5.829166 28.509 33.725 56.96 67.526 55.697 47.709 30.778 65.483 53.411 45.66 37.304 32.317 66.797 51.642 42.794 37.275 32.809 27.244 27.448 27.427 27.012 25.266 38.513 45.064 38.247 27.083 23.582 20.956 25.48
6.005465 30.624 35.84 59.075 69.641 57.812 49.824 32.893 67.598 55.527 47.775 39.419 34.432 68.912 53.757 44.91 39.39 34.924 29.359 29.563 29.542 29.127 27.381 40.628 47.179 40.362 29.198 25.697 23.071 27.595
6.187096 32.869 38.085 61.32 71.886 60.057 52.069 35.138 69.843 57.772 50.02 41.664 36.677 71.157 56.002 47.154 41.635 37.169 31.604 31.808 31.787 31.372 29.626 42.873 49.424 42.607 31.443 27.942 25.316 29.84
6.37422 35.252 40.468 63.703 74.269 62.44 54.452 37.52 72.226 60.154 52.403 44.047 39.06 73.54 58.385 49.537 44.018 39.552 33.986 34.191 34.17 33.754 32.009 45.256 51.807 44.99 33.825 30.325 27.699 32.223
6.567004 37.781 42.997 66.232 76.798 64.969 56.981 40.05 74.755 62.684 54.932 46.576 41.589 76.069 60.914 52.066 46.547 42.081 36.516 36.72 36.699 36.284 34.538 47.785 54.336 47.519 36.355 32.854 30.228 34.752
6.765619 40.466 45.681 68.916 79.482 67.654 59.665 42.734 77.439 65.368 57.617 49.26 44.273 78.753 63.599 54.751 49.231 44.765 39.2 39.405 39.383 38.968 37.222 50.469 57.021 50.204 39.039 35.538 32.913 37.436
6.97024 43.315 48.531 71.765 82.332 70.503 62.515 45.583 80.288 68.217 60.466 52.109 47.122 81.602 66.448 57.6 52.08 47.615 42.049 42.254 42.233 41.817 40.071 53.318 59.87 53.053 41.888 38.388 35.762 40.285
7.181051 46.339 51.555 74.79 85.356 73.527 65.539 48.608 83.313 71.241 63.49 55.134 50.147 84.627 69.472 60.624 55.105 50.639 45.074 45.278 45.257 44.842 43.096 56.343 62.894 56.077 44.912 41.412 38.786 43.31
7.398237 49.549 54.765 78.0 88.566 76.737 68.749 51.817 86.523 74.451 66.7 58.343 53.357 87.837 72.682 63.834 58.314 53.849 48.283 48.488 48.467 48.051 46.306 59.552 66.104 59.287 48.122 44.622 41.996 46.52
7.621991 52.956 58.172 81.407 91.973 80.144 72.156 55.224 89.93 77.858 70.107 61.75 56.764 91.244 76.089 67.241 61.722 57.256 51.69 51.895 51.874 51.458 49.713 62.959 69.511 62.694 51.529 48.029 45.403 49.927
7.852513 56.572 61.788 85.023 95.589 83.76 75.772 58.841 93.546 81.475 73.723 65.367 60.38 94.86 79.705 70.858 65.338 60.872 55.307 55.511 55.49 55.075 53.329 66.576 73.127 66.31 55.146 51.645 49.019 53.543
8.090007 60.411 65.626 88.861 99.427 87.599 79.61 62.679 97.384 85.313 77.562 69.205 64.218 98.698 83.544 74.696 69.176 64.71 59.145 59.35 59.328 58.913 57.167 70.414 76.965 70.149 58.984 55.483 52.857 57.381
8.334684 64.485 69.7 92.935 103.501 91.673 83.684 66.753 101.458 89.387 81.635 73.279 68.292 102.772 87.618 78.77 73.25 68.784 63.219 63.424 63.402 62.987 61.241 74.488 81.039 74.223 63.058 59.557 56.931 61.455
8.586761 68.809 74.024 97.259 107.825 95.997 88.008 71.077 105.782 93.711 85.96 77.603 72.616 107.096 91.942 83.094 77.574 73.108 67.543 67.748 67.726 67.311 65.565 78.812 85.364 78.547 67.382 63.881 61.255 65.779
8.846461 73.398 78.614 101.849 112.415 100.586 92.598 75.667 110.372 98.301 90.549 82.193 77.206 111.686 96.531 87.683 82.164 77.698 72.133 72.337 72.316 71.901 70.155 83.402 89.953 83.136 71.972 68.471 65.845 70.369
9.114017 78.27 83.485 106.72 117.286 105.458 97.469 80.538 115.243 103.172 95.421 87.064 82.077 116.557 101.403 92.555 87.035 82.57 77.004 77.209 77.187 76.772 75.026 88.273 94.825 88.008 76.843 73.342 70.717 75.24
9.389664 83.44 88.656 111.891 122.457 110.628 102.64 85.709 120.414 108.343 100.591 92.235 87.248 121.728 106.573 97.725 92.206 87.74 82.175 82.379 82.358 81.943 80.197 93.444 99.995 93.178 82.014 78.513 75.887 80.411
9.673648 88.928 94.144 117.379 127.945 116.116 108.128 91.197 125.902 113.831 106.079 97.723 92.736 127.216 112.061 103.214 97.694 93.228 87.663 87.867 87.846 87.431 85.685 98.932 105.483 98.666 87.502 84.001 81.375 85.899
9.966221 94.753 99.969 123.204 133.77 121.941 113.953 97.022 131.727 119.656 111.904 103.548 98.561 133.041 117.886 109.039 103.519 99.053 93.488 93.692 93.671 93.256 91.51 104.757 111.308 104.491 93.327 89.826 87.2 91.724
10.267642 100.936 106.152 129.387 139.953 128.124 120.136 103.204 137.909 125.838 118.087 109.73 104.744 139.224 124.069 115.221 109.701 105.236 99.67 99.875 99.854 99.438 97.692 110.939 117.491 110.674 99.509 96.009 93.383 97.907
10.57818 107.498 112.714 135.949 146.515 134.686 126.698 109.767 144.472 132.401 124.649 116.293 111.306 145.786 130.631 121.784 116.264 111.798 106.233 106.438 106.416 106.001 104.255 117.502 124.053 117.237 106.072 102.571 99.945 104.469
10.89811 114.464 119.679 142.914 153.48 141.652 133.663 116.732 151.437 139.366 131.615 123.258 118.271 152.751 137.597 128.749 123.229 118.764 113.198 113.403 113.381 112.966 111.22 124.467 131.019 124.202 113.037 109.536 106.911 111.434
11.227716 121.857 127.072 150.307 160.873 149.045 141.056 124.125 158.83 146.759 139.008 130.651 125.664 160.144 144.99 136.142 130.622 126.156 120.591 120.796 120.774 120.359 118.613 131.86 138.412 131.595 120.43 116.929 114.304 118.827
11.56729 129.704 134.919 158.154 168.72 156.892 148.903 131.972 166.677 154.606 146.855 138.498 133.511 167.991 152.837 143.989 138.469 134.003 128.438 128.643 128.621 128.206 126.46 139.707 146.259 139.442 128.277 124.776 122.15 126.674
11.917135 138.032 143.248 166.483 177.049 165.22 157.232 140.301 175.006 162.935 155.183 146.827 141.84 176.32 161.165 152.318 146.798 142.332 136.767 136.972 136.95 136.535 134.789 148.036 154.587 147.771 136.606 133.105 130.479 135.003
12.277561 146.873 152.088 175.323 185.889 174.061 166.072 149.141 183.846 171.775 164.024 155.667 150.68 185.16 170.006 161.158 155.638 151.172 145.607 145.812 145.79 145.375 143.629 156.876 163.427 156.611 145.446 141.945 139.319 143.843
12.648887 156.256 161.471 184.706 195.272 183.444 175.455 158.524 193.229 181.158 173.407 165.05 160.063 194.543 179.389 170.541 165.021 160.555 154.99 155.195 155.173 154.758 153.012 166.259 172.81 165.994 154.829 151.328 148.702 153.226
13.031444 166.215 171.43 194.665 205.231 193.403 185.414 168.483 203.188 191.117 183.366 175.009 170.022 204.502 189.348 180.5 174.98 170.515 164.949 165.154 165.132 164.717 162.971 176.218 182.77 175.953 164.788 161.287 158.662 163.185
13.425571 176.785 182.001 205.236 215.802 203.973 195.985 179.054 213.759 201.688 193.936 185.58 180.593 215.073 199.918 191.071 185.551 181.085 175.52 175.725 175.703 175.288 173.542 186.789 193.34 186.524 175.359 171.858 169.232 173.756
13.831619 188.005 193.221 216.456 227.022 215.193 207.205 190.274 224.979 212.907 205.156 196.8 191.813 226.293 211.138 202.29 196.771 192.305 186.74 186.944 186.923 186.508 184.762 198.009 204.56 197.743 186.579 183.078 180.452 184.976
14.249947 199.914 205.13 228.364 238.93 227.102 219.114 202.182 236.887 224.816 217.065 208.708 203.721 238.201 223.047 214.199 208.679 204.214 198.648 198.853 198.832 198.416 196.67 209.917 216.469 209.652 198.487 194.987 192.361 196.884
14.680926 212.554 217.769 241.004 251.57 239.742 231.754 214.822 249.527 237.456 229.705 221.348 216.361 250.841 235.687 226.839 221.319 216.854 211.288 211.493 211.471 211.056 209.31 222.557 229.109 222.292 211.127 207.626 205.001 209.524
15.124941 225.97 231.185 254.42 264.986 253.158 245.17 228.238 262.943 250.872 243.121 234.764 229.777 264.257 249.103 240.255 234.735 230.27 224.704 224.909 224.887 224.472 222.726 235.973 242.525 235.708 224.543 221.043 218.417 222.94
15.582385 240.21 245.425 268.66 279.226 267.398 259.409 242.478 277.183 265.112 257.361 249.004 244.017 278.497 263.343 254.495 248.975 244.51 238.944 239.149 239.127 238.712 236.966 250.213 256.765 249.948 238.783 235.282 232.657 237.18
16.053663 255.324 260.54 283.774 294.341 282.512 274.524 257.592 292.297 280.226 272.475 264.118 259.131 293.611 278.457 269.609 264.089 259.624 254.058 254.263 254.242 253.826 252.08 265.327 271.879 265.062 253.897 250.397 247.771 252.294
16.539195 271.366 276.582 299.817 310.383 298.554 290.566 273.635 308.34 296.268 288.517 280.161 275.174 309.654 294.499 285.651 280.132 275.666 270.101 270.305 270.284 269.869 268.123 281.37 287.921 281.104 269.94 266.439 263.813 268.337
17.039412 288.394 293.609 316.844 327.41 315.582 307.593 290.662 325.367 313.296 305.544 297.188 292.201 326.681 311.527 302.679 297.159 292.693 287.128 287.333 287.311 286.896 285.15 298.397 304.948 298.132 286.967 283.466 280.84 285.364
17.554757 306.466 311.682 334.917 345.483 333.654 325.666 308.735 343.44 331.369 323.617 315.261 310.274 344.754 329.599 320.752 315.232 310.766 305.201 305.406 305.384 304.969 303.223 316.47 323.021 316.205 305.04 301.539 298.913 303.437
18.085689 325.649 330.865 354.1 364.666 352.837 344.849 327.917 362.622 350.551 342.8 334.443 329.457 363.936 348.782 339.934 334.414 329.949 324.383 324.588 324.567 324.151 322.405 335.652 342.204 335.387 324.222 320.722 318.096 322.62
18.632678 346.009 351.225 374.46 385.026 373.197 365.209 348.278 382.983 370.912 363.16 354.804 349.817 384.297 369.142 360.295 354.775 350.309 344.744 344.949 344.927 344.512 342.766 356.013 362.564 355.748 344.583 341.082 338.456 342.98
19.196211 367.62 372.836 396.071 406.637 394.808 386.82 369.889 404.594 392.522 384.771 376.415 371.428 405.908 390.753 381.905 376.386 371.92 366.355 366.559 366.538 366.123 364.377 377.624 384.175 377.358 366.194 362.693 360.067 364.591
19.776787 390.558 395.773 419.008 429.574 417.746 409.758 392.826 427.531 415.46 407.709 399.352 394.365 428.845 413.691 404.843 399.323 394.858 389.292 389.497 389.475 389.06 387.314 400.561 407.113 400.296 389.131 385.631 383.005 387.528
20.374923 414.904 420.12 443.354 453.921 442.092 434.104 417.172 451.877 439.806 432.055 423.698 418.711 453.191 438.037 429.189 423.669 419.204 413.638 413.843 413.822 413.406 411.66 424.907 431.459 424.642 413.477 409.977 407.351 411.874
20.991149 440.745 445.961 469.195 479.762 467.933 459.945 443.013 477.718 465.647 457.896 449.539 444.552 479.032 463.878 455.03 449.51 445.045 439.479 439.684 439.663 439.247 437.501 450.748 457.3 450.483 439.318 435.818 433.192 437.715
21.626011 468.173 473.388 496.623 507.189 495.361 487.372 470.441 505.146 493.075 485.324 476.967 471.98 506.46 491.306 482.458 476.938 472.473 466.907 467.112 467.09 466.675 464.929 478.176 484.728 477.911 466.746 463.245 460.62 465.143
22.280075 497.285 502.5 525.735 536.301 524.473 516.484 499.553 534.258 522.187 514.436 506.079 501.092 535.572 520.418 511.57 506.05 501.584 496.019 496.224 496.202 495.787 494.041 507.288 513.84 507.023 495.858 492.357 489.731 494.255
22.953921 528.184 533.4 556.635 567.201 555.372 547.384 530.452 565.158 553.086 545.335 536.979 531.992 566.472 551.317 542.469 536.95 532.484 526.918 527.123 527.102 526.686 524.941 538.188 544.739 537.922 526.757 523.257 520.631 525.155
23.648147 560.981 566.197 589.431 599.998 588.169 580.181 563.249 597.954 585.883 578.132 569.775 564.788 599.268 584.114 575.266 569.746 565.281 559.715 559.92 559.899 559.483 557.737 570.984 577.536 570.719 559.554 556.054 553.428 557.951
24.363369 595.792 601.007 624.242 634.808 622.98 614.991 598.06 632.765 620.694 612.943 604.586 599.599 634.079 618.925 610.077 604.557 600.091 594.526 594.731 594.709 594.294 592.548 605.795 612.346 605.53 594.365 590.864 588.238 592.762
25.100222 632.74 637.955 661.19 671.756 659.928 651.939 635.008 669.713 657.642 649.891 641.534 636.547 671.027 655.873 647.025 641.505 637.04 631.474 631.679 631.657 631.242 629.496 642.743 649.295 642.478 631.313 627.812 625.187 629.71
25.859362 671.957 677.172 700.407 710.973 699.145 691.156 674.225 708.93 696.859 689.108 680.751 675.764 710.244 695.09 686.242 680.722 676.256 670.691 670.896 670.874 670.459 668.713 681.96 688.511 681.695 670.53 667.029 664.403 668.927
26.64146 713.582 718.797 742.032 752.598 740.77 732.781 715.85 750.555 738.484 730.732 722.376 717.389 751.869 736.715 727.867 722.347 717.881 712.316 712.521 712.499 712.084 710.338 723.585 730.136 723.32 712.155 708.654 706.028 710.552
27.447213 757.762 762.978 786.213 nan 784.954 776.962 760.031 nan 782.665 774.913 766.557 761.57 nan 780.895 772.048 766.528 762.062 756.497 756.701 756.68 756.265 754.519 767.766 774.317 767.5 756.336 752.835 750.209 754.733
28.277335 757.762 762.978 786.213 nan 784.954 776.962 760.031 nan 782.665 774.913 766.557 761.57 nan 780.895 772.048 766.528 762.062 756.497 756.701 756.68 756.265 754.519 767.766 774.317 767.5 756.336 752.835 750.209 754.733
29.132564 757.762 762.978 786.213 nan 784.954 776.962 760.031 nan 782.665 774.913 766.557 761.57 nan 780.895 772.048 766.528 762.062 756.497 756.701 756.68 756.265 754.519 767.766 774.317 767.5 756.336 752.835 750.209 754.733
30.013659 757.762 762.978 786.213 nan 784.954 776.962 760.031 nan 782.665 774.913 766.557 761.57 nan 780.895 772.048 766.528 762.062 756.497 756.701 756.68 756.265 754.519 767.766 774.317 767.5 756.336 752.835 750.209 754.733
30.921401 757.762 762.978 786.213 nan 784.954 776.962 760.031 nan 782.665 774.913 766.557 761.57 nan 780.895 772.048 766.528 762.062 756.497 756.701 756.68 756.265 754.519 767.766 774.317 767.5 756.336 752.835 750.209 754.733
31.856598 757.762 762.978 786.213 nan 784.954 776.962 760.031 nan 782.665 774.913 766.557 761.57 nan 780.895 772.048 766.528 762.062 756.497 756.701 756.68 756.265 754.519 767.766 774.317 767.5 756.336 752.835 750.209 754.733
32.820079 757.762 762.978 786.213 nan 784.954 776.962 760.031 nan 782.665 774.913 766.557 761.57 nan 780.895 772.048 766.528 762.062 756.497 756.701 756.68 756.265 754.519 767.766 774.317 767.5 756.336 752.835 750.209 754.733
33.8127 757.762 762.978 786.213 nan 784.954 776.962 760.031 nan 782.665 774.913 766.557 761.57 nan 780.895 772.048 766.528 762.062 756.497 756.701 756.68 756.265 754.519 767.766 774.317 767.5 756.336 752.835 750.209 754.733
34.835342 757.762 762.978 786.213 nan 784.954 776.962 760.031 nan 782.665 774.913 766.557 761.57 nan 780.895 772.048 766.528 762.062 756.497 756.701 756.68 756.265 754.519 767.766 774.317 767.5 756.336 752.835 750.209 754.733
35.888913 757.762 762.978 786.213 nan 784.954 776.962 760.031 nan 782.665 774.913 766.557 761.57 nan 780.895 772.048 766.528 762.062 756.497 756.701 756.68 756.265 754.519 767.766 774.317 767.5 756.336 752.835 750.209 754.733
36.974349 757.762 762.978 786.213 nan 784.954 776.962 760.031 nan 782.665 774.913 766.557 761.57 nan 780.895 772.048 766.528 762.062 756.497 756.701 756.68 756.265 754.519 767.766 774.317 767.5 756.336 752.835 750.209 754.733
38.092613 757.762 762.978 786.213 nan 784.954 776.962 760.031 nan 782.665 774.913 766.557 761.57 nan 780.895 772.048 766.528 762.062 756.497 756.701 756.68 756.265 754.519 767.766 774.317 767.5 756.336 752.835 750.209 754.733
39.244698 757.762 762.978 786.213 nan 784.954 776.962 760.031 nan 782.665 774.913 766.557 761.57 nan 780.895 772.048 766.528 762.062 756.497 756.701 756.68 756.265 754.519 767.766 774.317 767.5 756.336 752.835 750.209 754.733
40.431627 757.762 762.978 786.213 nan 784.954 776.962 760.031 nan 782.665 774.913 766.557 761.57 nan 780.895 772.048 766.528 762.062 756.497 756.701 756.68 756.265 754.519 767.766 774.317 767.5 756.336 752.835 750.209 754.733
41.654454 757.762 762.978 786.213 nan 784.954 776.962 760.031 nan 782.665 774.913 766.557 761.57 nan 780.895 772.048 766.528 762.062 756.497 756.701 756.68 756.265 754.519 767.766 774.317 767.5 756.336 752.835 750.209 754.733
42.914265 757.762 762.978 786.213 nan 784.954 776.962 760.031 nan 782.665 774.913 766.557 761.57 nan 780.895 772.048 766.528 762.062 756.497 756.701 756.68 756.265 754.519 767.766 774.317 767.5 756.336 752.835 750.209 754.733
44.212178 757.762 762.978 786.213 nan 784.954 776.962 760.031 nan 782.665 774.913 766.557 761.57 nan 780.895 772.048 766.528 762.062 756.497 756.701 756.68 756.265 754.519 767.766 774.317 767.5 756.336 752.835 750.209 754.733
