web/models/kne.last_good/kappa_0.5_3.0.v1/27/villar_0.0079_0.3747_0.5000.dat
# %ECSV 1.0
# ---
# datatype:
# - {name: time, datatype: float64}
# - {name: swift_uvot_uvw2, datatype: float64}
# - {name: swift_uvot_uvm2, datatype: float64}
# - {name: swift_uvot_uvw1, datatype: float64}
# - {name: swift_uvot_U, datatype: float64}
# - {name: swift_uvot_B, datatype: float64}
# - {name: swift_uvot_V, datatype: float64}
# - {name: swift_uvot_W, datatype: float64}
# - {name: johnson_U, datatype: float64}
# - {name: johnson_B, datatype: float64}
# - {name: johnson_V, datatype: float64}
# - {name: johnson_R, datatype: float64}
# - {name: johnson_I, datatype: float64}
# - {name: sdss_u, datatype: float64}
# - {name: sdss_g, datatype: float64}
# - {name: sdss_r, datatype: float64}
# - {name: sdss_i, datatype: float64}
# - {name: sdss_z, datatype: float64}
# - {name: PS1_g, datatype: float64}
# - {name: PS1_r, datatype: float64}
# - {name: PS1_i, datatype: float64}
# - {name: PS1_z, datatype: float64}
# - {name: PS1_Y, datatype: float64}
# - {name: PS1_w, datatype: float64}
# - {name: ATLAS_c, datatype: float64}
# - {name: ATLAS_o, datatype: float64}
# - {name: ukirt_J, datatype: float64}
# - {name: ukirt_H, datatype: float64}
# - {name: ukirt_K, datatype: float64}
# - {name: Clear, datatype: float64}
# meta: !!omap
# - comment: [kappa = 0.5, type = villar, mass = 0.00793700525986525, velocity = 0.3746666666666667, theta_obs = 0.0]
# schema: astropy-2.0
time swift_uvot_uvw2 swift_uvot_uvm2 swift_uvot_uvw1 swift_uvot_U swift_uvot_B swift_uvot_V swift_uvot_W johnson_U johnson_B johnson_V johnson_R johnson_I sdss_u sdss_g sdss_r sdss_i sdss_z PS1_g PS1_r PS1_i PS1_z PS1_Y PS1_w ATLAS_c ATLAS_o ukirt_J ukirt_H ukirt_K Clear
[from data line 145]
0.07522 -11.828 -12.116 -12.4 -12.85 -12.941 -12.893 -12.533 -12.875 -12.939 -12.888 -12.729 -12.482 -12.873 -12.934 -12.815 -12.645 -12.444 -12.94 -12.823 -12.653 -12.505 -12.428 -12.8 -12.894 -12.743 -11.967 -11.527 -10.984 -12.808
0.077495 -11.829 -12.121 -12.412 -12.875 -12.972 -12.93 -12.554 -12.901 -12.97 -12.925 -12.77 -12.526 -12.898 -12.967 -12.854 -12.687 -12.489 -12.974 -12.863 -12.696 -12.549 -12.472 -12.839 -12.93 -12.783 -12.015 -11.576 -11.035 -12.846
0.079839 -11.828 -12.125 -12.424 -12.899 -13.003 -12.967 -12.575 -12.926 -13.002 -12.962 -12.811 -12.569 -12.923 -13.0 -12.893 -12.73 -12.533 -13.008 -12.902 -12.738 -12.592 -12.517 -12.877 -12.966 -12.824 -12.062 -11.626 -11.085 -12.883
0.082253 -11.827 -12.128 -12.435 -12.922 -13.034 -13.003 -12.595 -12.951 -13.032 -12.998 -12.851 -12.613 -12.948 -13.033 -12.932 -12.772 -12.577 -13.041 -12.94 -12.78 -12.636 -12.561 -12.915 -13.001 -12.864 -12.109 -11.675 -11.136 -12.92
0.084741 -11.826 -12.131 -12.445 -12.945 -13.065 -13.039 -12.615 -12.975 -13.063 -13.034 -12.891 -12.657 -12.972 -13.066 -12.971 -12.813 -12.621 -13.075 -12.979 -12.821 -12.679 -12.605 -12.952 -13.036 -12.904 -12.157 -11.723 -11.186 -12.957
0.087304 -11.823 -12.133 -12.455 -12.968 -13.095 -13.075 -12.634 -12.999 -13.093 -13.07 -12.931 -12.7 -12.995 -13.098 -13.009 -12.855 -12.665 -13.107 -13.017 -12.863 -12.723 -12.649 -12.99 -13.071 -12.943 -12.204 -11.772 -11.236 -12.993
0.089944 -11.82 -12.133 -12.464 -12.99 -13.124 -13.111 -12.653 -13.022 -13.123 -13.106 -12.971 -12.743 -13.018 -13.13 -13.047 -12.896 -12.709 -13.14 -13.055 -12.904 -12.766 -12.693 -13.027 -13.105 -12.983 -12.251 -11.821 -11.286 -13.03
0.092665 -11.816 -12.133 -12.473 -13.011 -13.154 -13.146 -12.672 -13.045 -13.152 -13.141 -13.01 -12.786 -13.041 -13.161 -13.085 -12.937 -12.752 -13.172 -13.093 -12.945 -12.809 -12.736 -13.064 -13.139 -13.022 -12.298 -11.87 -11.336 -13.066
0.095467 -11.811 -12.133 -12.48 -13.032 -13.182 -13.18 -12.69 -13.067 -13.181 -13.176 -13.049 -12.829 -13.063 -13.192 -13.122 -12.978 -12.796 -13.204 -13.13 -12.986 -12.851 -12.78 -13.1 -13.173 -13.061 -12.344 -11.918 -11.386 -13.101
0.098355 -11.805 -12.131 -12.487 -13.052 -13.211 -13.215 -12.708 -13.089 -13.209 -13.21 -13.088 -12.872 -13.084 -13.222 -13.159 -13.019 -12.839 -13.235 -13.167 -13.026 -12.894 -12.823 -13.136 -13.206 -13.099 -12.391 -11.966 -11.436 -13.136
0.101329 -11.798 -12.128 -12.493 -13.072 -13.239 -13.249 -12.725 -13.11 -13.237 -13.245 -13.127 -12.914 -13.105 -13.252 -13.196 -13.059 -12.882 -13.266 -13.204 -13.067 -12.936 -12.866 -13.172 -13.24 -13.138 -12.437 -12.015 -11.486 -13.171
0.104394 -11.791 -12.125 -12.499 -13.091 -13.266 -13.283 -12.742 -13.131 -13.265 -13.278 -13.165 -12.956 -13.125 -13.282 -13.233 -13.099 -12.924 -13.297 -13.241 -13.107 -12.978 -12.909 -13.208 -13.272 -13.176 -12.483 -12.063 -11.536 -13.206
0.107551 -11.782 -12.121 -12.504 -13.11 -13.293 -13.316 -12.759 -13.151 -13.292 -13.312 -13.203 -12.998 -13.145 -13.311 -13.269 -13.139 -12.967 -13.327 -13.277 -13.147 -13.02 -12.951 -13.243 -13.304 -13.213 -12.529 -12.111 -11.585 -13.24
0.110804 -11.773 -12.115 -12.508 -13.127 -13.32 -13.349 -12.775 -13.17 -13.318 -13.345 -13.241 -13.039 -13.164 -13.34 -13.305 -13.178 -13.009 -13.356 -13.313 -13.186 -13.061 -12.994 -13.278 -13.336 -13.251 -12.575 -12.159 -11.635 -13.274
0.114155 -11.763 -12.109 -12.511 -13.145 -13.345 -13.381 -12.79 -13.189 -13.344 -13.378 -13.278 -13.081 -13.182 -13.368 -13.34 -13.218 -13.051 -13.386 -13.348 -13.225 -13.103 -13.036 -13.313 -13.368 -13.288 -12.621 -12.206 -11.684 -13.308
0.117608 -11.752 -12.101 -12.513 -13.161 -13.371 -13.414 -12.805 -13.207 -13.37 -13.41 -13.315 -13.122 -13.2 -13.396 -13.376 -13.257 -13.092 -13.414 -13.383 -13.264 -13.144 -13.078 -13.347 -13.399 -13.325 -12.666 -12.254 -11.733 -13.341
0.121165 -11.74 -12.093 -12.514 -13.177 -13.396 -13.445 -12.82 -13.224 -13.395 -13.442 -13.352 -13.163 -13.217 -13.424 -13.41 -13.295 -13.134 -13.443 -13.418 -13.303 -13.185 -13.12 -13.381 -13.429 -13.361 -12.712 -12.301 -11.783 -13.374
0.124829 -11.727 -12.083 -12.515 -13.192 -13.42 -13.477 -12.834 -13.241 -13.419 -13.473 -13.388 -13.203 -13.234 -13.45 -13.445 -13.334 -13.175 -13.47 -13.453 -13.341 -13.225 -13.161 -13.414 -13.46 -13.397 -12.757 -12.349 -11.831 -13.407
0.128605 -11.712 -12.073 -12.515 -13.207 -13.444 -13.507 -12.847 -13.257 -13.443 -13.504 -13.424 -13.244 -13.249 -13.477 -13.479 -13.372 -13.216 -13.498 -13.487 -13.379 -13.265 -13.203 -13.447 -13.489 -13.433 -12.802 -12.396 -11.88 -13.439
0.132494 -11.697 -12.061 -12.513 -13.22 -13.467 -13.538 -12.86 -13.272 -13.466 -13.535 -13.46 -13.284 -13.264 -13.503 -13.512 -13.409 -13.257 -13.525 -13.52 -13.417 -13.305 -13.244 -13.48 -13.519 -13.468 -12.847 -12.443 -11.929 -13.47
0.136502 -11.681 -12.048 -12.511 -13.233 -13.49 -13.567 -12.872 -13.287 -13.489 -13.565 -13.495 -13.324 -13.278 -13.528 -13.546 -13.447 -13.297 -13.551 -13.553 -13.454 -13.345 -13.285 -13.512 -13.547 -13.503 -12.891 -12.49 -11.978 -13.502
0.14063 -11.663 -12.034 -12.508 -13.245 -13.511 -13.597 -12.884 -13.301 -13.511 -13.594 -13.53 -13.363 -13.292 -13.552 -13.578 -13.484 -13.337 -13.576 -13.586 -13.491 -13.384 -13.325 -13.544 -13.575 -13.538 -12.936 -12.536 -12.026 -13.532
0.144883 -11.645 -12.018 -12.503 -13.256 -13.533 -13.626 -12.895 -13.314 -13.532 -13.623 -13.565 -13.402 -13.304 -13.576 -13.611 -13.52 -13.377 -13.601 -13.618 -13.528 -13.424 -13.365 -13.575 -13.603 -13.572 -12.98 -12.583 -12.074 -13.563
0.149265 -11.625 -12.001 -12.498 -13.267 -13.553 -13.654 -12.905 -13.326 -13.553 -13.652 -13.599 -13.441 -13.316 -13.6 -13.642 -13.557 -13.416 -13.626 -13.65 -13.564 -13.462 -13.405 -13.606 -13.63 -13.606 -13.024 -12.629 -12.123 -13.593
0.15378 -11.604 -11.983 -12.491 -13.276 -13.573 -13.682 -12.915 -13.337 -13.573 -13.679 -13.632 -13.479 -13.327 -13.622 -13.674 -13.592 -13.455 -13.65 -13.681 -13.6 -13.501 -13.445 -13.636 -13.657 -13.639 -13.067 -12.675 -12.171 -13.622
0.15843 -11.582 -11.963 -12.484 -13.285 -13.592 -13.709 -12.924 -13.347 -13.592 -13.707 -13.666 -13.517 -13.336 -13.644 -13.704 -13.628 -13.494 -13.673 -13.712 -13.635 -13.539 -13.484 -13.666 -13.683 -13.672 -13.11 -12.721 -12.218 -13.651
0.163222 -11.558 -11.942 -12.475 -13.292 -13.61 -13.735 -12.932 -13.357 -13.611 -13.733 -13.698 -13.555 -13.345 -13.666 -13.735 -13.663 -13.532 -13.695 -13.742 -13.67 -13.576 -13.523 -13.696 -13.708 -13.704 -13.154 -12.766 -12.266 -13.679
0.168159 -11.533 -11.92 -12.464 -13.298 -13.628 -13.761 -12.94 -13.365 -13.628 -13.759 -13.73 -13.592 -13.353 -13.686 -13.764 -13.697 -13.57 -13.717 -13.772 -13.705 -13.614 -13.562 -13.724 -13.733 -13.736 -13.196 -12.812 -12.313 -13.707
0.173245 -11.507 -11.895 -12.453 -13.304 -13.644 -13.786 -12.946 -13.373 -13.645 -13.785 -13.762 -13.629 -13.36 -13.706 -13.794 -13.731 -13.608 -13.738 -13.801 -13.739 -13.651 -13.6 -13.753 -13.757 -13.767 -13.239 -12.857 -12.361 -13.734
0.178484 -11.479 -11.87 -12.44 -13.308 -13.66 -13.811 -12.952 -13.379 -13.661 -13.81 -13.793 -13.665 -13.366 -13.725 -13.822 -13.765 -13.645 -13.758 -13.83 -13.773 -13.687 -13.638 -13.78 -13.78 -13.798 -13.281 -12.902 -12.408 -13.761
0.183882 -11.45 -11.842 -12.426 -13.311 -13.675 -13.834 -12.958 -13.384 -13.676 -13.834 -13.824 -13.701 -13.37 -13.743 -13.85 -13.798 -13.681 -13.778 -13.858 -13.806 -13.723 -13.676 -13.807 -13.802 -13.828 -13.323 -12.946 -12.455 -13.787
0.189444 -11.42 -11.812 -12.41 -13.313 -13.689 -13.857 -12.962 -13.388 -13.69 -13.857 -13.854 -13.737 -13.374 -13.76 -13.877 -13.83 -13.718 -13.796 -13.885 -13.838 -13.759 -13.713 -13.833 -13.824 -13.857 -13.364 -12.991 -12.501 -13.812
0.195173 -11.387 -11.781 -12.393 -13.314 -13.702 -13.88 -12.965 -13.391 -13.703 -13.879 -13.883 -13.772 -13.376 -13.777 -13.904 -13.862 -13.753 -13.814 -13.912 -13.87 -13.794 -13.75 -13.859 -13.845 -13.886 -13.406 -13.035 -12.548 -13.837
0.201076 -11.353 -11.748 -12.374 -13.313 -13.714 -13.901 -12.967 -13.392 -13.715 -13.901 -13.911 -13.806 -13.377 -13.792 -13.929 -13.893 -13.789 -13.831 -13.937 -13.901 -13.828 -13.786 -13.884 -13.865 -13.914 -13.446 -13.078 -12.594 -13.861
0.207158 -11.318 -11.712 -12.354 -13.311 -13.724 -13.922 -12.969 -13.393 -13.726 -13.922 -13.939 -13.84 -13.377 -13.806 -13.954 -13.924 -13.823 -13.847 -13.962 -13.932 -13.862 -13.822 -13.908 -13.884 -13.942 -13.487 -13.122 -12.64 -13.884
0.213423 -11.28 -11.675 -12.332 -13.308 -13.734 -13.941 -12.969 -13.392 -13.736 -13.942 -13.967 -13.874 -13.375 -13.82 -13.979 -13.954 -13.857 -13.862 -13.987 -13.962 -13.896 -13.857 -13.932 -13.903 -13.969 -13.527 -13.165 -12.685 -13.906
0.219878 -11.241 -11.635 -12.308 -13.303 -13.742 -13.96 -12.968 -13.389 -13.745 -13.96 -13.993 -13.906 -13.372 -13.832 -14.002 -13.983 -13.891 -13.875 -14.01 -13.992 -13.928 -13.892 -13.954 -13.92 -13.995 -13.566 -13.208 -12.731 -13.928
0.226528 -11.2 -11.593 -12.282 -13.296 -13.75 -13.977 -12.966 -13.385 -13.752 -13.978 -14.019 -13.939 -13.367 -13.843 -14.025 -14.012 -13.924 -13.888 -14.033 -14.02 -13.961 -13.926 -13.976 -13.936 -14.02 -13.606 -13.25 -12.776 -13.949
0.233379 -11.157 -11.549 -12.254 -13.288 -13.755 -13.994 -12.963 -13.379 -13.758 -13.995 -14.044 -13.97 -13.36 -13.853 -14.046 -14.04 -13.956 -13.9 -14.055 -14.048 -13.992 -13.96 -13.997 -13.952 -14.044 -13.644 -13.292 -12.82 -13.969
0.240437 -11.111 -11.501 -12.224 -13.278 -13.76 -14.009 -12.959 -13.372 -13.763 -14.011 -14.068 -14.001 -13.352 -13.861 -14.067 -14.067 -13.988 -13.91 -14.075 -14.076 -14.023 -13.993 -14.017 -13.966 -14.068 -13.682 -13.334 -12.865 -13.988
0.247709 -11.064 -11.452 -12.192 -13.266 -13.763 -14.024 -12.953 -13.363 -13.766 -14.026 -14.091 -14.031 -13.342 -13.869 -14.086 -14.093 -14.019 -13.919 -14.095 -14.102 -14.053 -14.025 -14.035 -13.979 -14.09 -13.72 -13.375 -12.909 -14.005
0.255201 -11.015 -11.399 -12.158 -13.253 -13.764 -14.037 -12.946 -13.352 -13.768 -14.039 -14.113 -14.06 -13.33 -13.874 -14.105 -14.118 -14.049 -13.926 -14.114 -14.127 -14.083 -14.057 -14.053 -13.991 -14.112 -13.757 -13.416 -12.952 -14.022
0.262919 -10.963 -11.343 -12.121 -13.237 -13.764 -14.049 -12.937 -13.339 -13.768 -14.051 -14.134 -14.089 -13.316 -13.879 -14.122 -14.143 -14.079 -13.933 -14.131 -14.152 -14.111 -14.088 -14.07 -14.001 -14.133 -13.794 -13.456 -12.996 -14.038
0.270871 -10.909 -11.284 -12.081 -13.219 -13.762 -14.059 -12.927 -13.324 -13.766 -14.062 -14.154 -14.116 -13.301 -13.882 -14.139 -14.166 -14.107 -13.937 -14.148 -14.175 -14.139 -14.118 -14.086 -14.01 -14.152 -13.83 -13.496 -13.039 -14.053
0.279064 -10.853 -11.222 -12.039 -13.199 -13.759 -14.068 -12.916 -13.306 -13.763 -14.071 -14.173 -14.143 -13.282 -13.883 -14.154 -14.189 -14.135 -13.941 -14.163 -14.198 -14.166 -14.147 -14.1 -14.018 -14.17 -13.865 -13.535 -13.081 -14.066
0.287504 -10.794 -11.156 -11.995 -13.176 -13.753 -14.075 -12.902 -13.287 -13.758 -14.079 -14.191 -14.169 -13.262 -13.882 -14.167 -14.21 -14.162 -13.942 -14.176 -14.219 -14.192 -14.176 -14.113 -14.024 -14.187 -13.9 -13.574 -13.123 -14.079
0.296199 -10.733 -11.087 -11.947 -13.151 -13.746 -14.081 -12.887 -13.265 -13.75 -14.086 -14.207 -14.194 -13.239 -13.88 -14.179 -14.23 -14.188 -13.942 -14.189 -14.24 -14.217 -14.203 -14.125 -14.028 -14.203 -13.933 -13.612 -13.165 -14.089
0.305157 -10.669 -11.013 -11.896 -13.124 -13.736 -14.085 -12.87 -13.24 -13.741 -14.09 -14.222 -14.217 -13.213 -13.875 -14.19 -14.249 -14.213 -13.939 -14.2 -14.259 -14.24 -14.23 -14.135 -14.031 -14.218 -13.967 -13.65 -13.206 -14.099
0.314387 -10.602 -10.936 -11.842 -13.093 -13.724 -14.088 -12.85 -13.213 -13.73 -14.093 -14.236 -14.24 -13.185 -13.869 -14.199 -14.266 -14.236 -13.935 -14.209 -14.277 -14.263 -14.256 -14.144 -14.032 -14.231 -13.999 -13.687 -13.246 -14.107
0.323895 -10.533 -10.854 -11.784 -13.06 -13.71 -14.088 -12.829 -13.183 -13.716 -14.094 -14.248 -14.261 -13.154 -13.86 -14.207 -14.283 -14.259 -13.929 -14.217 -14.293 -14.285 -14.28 -14.151 -14.031 -14.242 -14.03 -13.723 -13.286 -14.113
0.333691 -10.461 -10.767 -11.723 -13.023 -13.693 -14.087 -12.806 -13.15 -13.699 -14.093 -14.259 -14.281 -13.12 -13.849 -14.212 -14.297 -14.28 -13.92 -14.223 -14.308 -14.305 -14.304 -14.156 -14.028 -14.252 -14.061 -13.758 -13.326 -14.118
0.343783 -10.386 -10.676 -11.658 -12.983 -13.673 -14.083 -12.78 -13.113 -13.68 -14.09 -14.268 -14.3 -13.082 -13.835 -14.216 -14.31 -14.3 -13.91 -14.227 -14.321 -14.324 -14.326 -14.16 -14.023 -14.26 -14.091 -13.793 -13.364 -14.121
0.354181 -10.308 -10.579 -11.589 -12.939 -13.651 -14.077 -12.751 -13.074 -13.658 -14.084 -14.275 -14.317 -13.041 -13.819 -14.218 -14.322 -14.319 -13.896 -14.229 -14.333 -14.341 -14.347 -14.162 -14.016 -14.267 -14.119 -13.827 -13.402 -14.122
0.364893 -10.228 -10.477 -11.515 -12.892 -13.625 -14.068 -12.72 -13.03 -13.633 -14.076 -14.28 -14.333 -12.996 -13.8 -14.217 -14.332 -14.336 -13.88 -14.229 -14.343 -14.357 -14.367 -14.161 -14.006 -14.271 -14.147 -13.86 -13.44 -14.121
0.375929 -10.144 -10.369 -11.437 -12.84 -13.597 -14.057 -12.686 -12.983 -13.605 -14.066 -14.283 -14.347 -12.947 -13.778 -14.215 -14.34 -14.351 -13.861 -14.226 -14.351 -14.372 -14.385 -14.159 -13.993 -14.273 -14.173 -13.892 -13.476 -14.118
0.387298 -10.058 -10.254 -11.354 -12.785 -13.565 -14.043 -12.649 -12.931 -13.574 -14.052 -14.284 -14.36 -12.894 -13.753 -14.21 -14.345 -14.365 -13.839 -14.221 -14.357 -14.384 -14.402 -14.154 -13.978 -14.273 -14.198 -13.923 -13.512 -14.113
0.399012 -9.969 -10.133 -11.266 -12.724 -13.529 -14.026 -12.609 -12.875 -13.539 -14.036 -14.283 -14.37 -12.836 -13.725 -14.202 -14.349 -14.377 -13.814 -14.214 -14.361 -14.395 -14.417 -14.147 -13.96 -14.271 -14.222 -13.953 -13.547 -14.105
0.41108 -9.878 -10.005 -11.172 -12.659 -13.489 -14.006 -12.566 -12.814 -13.5 -14.017 -14.279 -14.379 -12.774 -13.693 -14.192 -14.351 -14.387 -13.786 -14.204 -14.363 -14.404 -14.43 -14.137 -13.939 -14.266 -14.244 -13.982 -13.581 -14.095
0.423513 -9.784 -9.869 -11.073 -12.589 -13.445 -13.983 -12.519 -12.749 -13.456 -13.994 -14.273 -14.386 -12.706 -13.657 -14.178 -14.35 -14.395 -13.753 -14.191 -14.363 -14.411 -14.441 -14.124 -13.914 -14.259 -14.265 -14.01 -13.614 -14.082
0.436321 -9.688 -9.725 -10.968 -12.513 -13.397 -13.956 -12.468 -12.677 -13.409 -13.968 -14.263 -14.39 -12.633 -13.617 -14.162 -14.346 -14.401 -13.717 -14.175 -14.359 -14.415 -14.451 -14.108 -13.886 -14.249 -14.284 -14.036 -13.647 -14.066
0.449518 -9.59 -9.572 -10.856 -12.43 -13.344 -13.925 -12.413 -12.6 -13.356 -13.938 -14.251 -14.392 -12.554 -13.573 -14.142 -14.34 -14.405 -13.677 -14.156 -14.353 -14.417 -14.458 -14.09 -13.854 -14.235 -14.302 -14.061 -13.678 -14.048
0.463113 -9.49 -9.41 -10.737 -12.342 -13.285 -13.89 -12.353 -12.517 -13.299 -13.904 -14.235 -14.391 -12.469 -13.524 -14.118 -14.33 -14.406 -13.632 -14.133 -14.344 -14.417 -14.463 -14.067 -13.817 -14.219 -14.318 -14.085 -13.707 -14.026
0.47712 -9.389 -9.238 -10.61 -12.247 -13.221 -13.85 -12.289 -12.427 -13.236 -13.865 -14.216 -14.387 -12.377 -13.469 -14.09 -14.317 -14.404 -13.582 -14.106 -14.332 -14.413 -14.465 -14.041 -13.777 -14.199 -14.332 -14.107 -13.736 -14.0
0.49155 -9.287 -9.056 -10.476 -12.144 -13.151 -13.806 -12.221 -12.331 -13.167 -13.822 -14.194 -14.381 -12.278 -13.41 -14.059 -14.301 -14.4 -13.528 -14.075 -14.317 -14.407 -14.465 -14.011 -13.732 -14.175 -14.343 -14.127 -13.763 -13.971
0.506416 -9.185 -8.862 -10.333 -12.033 -13.075 -13.756 -12.146 -12.226 -13.092 -13.774 -14.167 -14.371 -12.171 -13.344 -14.022 -14.282 -14.392 -13.467 -14.039 -14.297 -14.398 -14.462 -13.977 -13.681 -14.146 -14.353 -14.146 -13.789 -13.938
0.521733 -9.083 -8.656 -10.182 -11.914 -12.992 -13.701 -12.066 -12.113 -13.01 -13.72 -14.136 -14.358 -12.055 -13.272 -13.981 -14.258 -14.381 -13.401 -13.999 -14.274 -14.385 -14.456 -13.939 -13.625 -14.114 -14.36 -14.163 -13.814 -13.901
0.537512 -8.982 -8.437 -10.021 -11.785 -12.902 -13.64 -11.98 -11.991 -12.921 -13.66 -14.1 -14.341 -11.93 -13.194 -13.935 -14.229 -14.366 -13.328 -13.953 -14.247 -14.368 -14.446 -13.895 -13.564 -14.077 -14.364 -14.177 -13.836 -13.859
