web/models/kne.last_good/kappa_0.5_3.0.v1/27/villar_0.0416_0.3277_3.0000.dat
# %ECSV 1.0
# ---
# datatype:
# - {name: time, datatype: float64}
# - {name: swift_uvot_uvw2, datatype: float64}
# - {name: swift_uvot_uvm2, datatype: float64}
# - {name: swift_uvot_uvw1, datatype: float64}
# - {name: swift_uvot_U, datatype: float64}
# - {name: swift_uvot_B, datatype: float64}
# - {name: swift_uvot_V, datatype: float64}
# - {name: swift_uvot_W, datatype: float64}
# - {name: johnson_U, datatype: float64}
# - {name: johnson_B, datatype: float64}
# - {name: johnson_V, datatype: float64}
# - {name: johnson_R, datatype: float64}
# - {name: johnson_I, datatype: float64}
# - {name: sdss_u, datatype: float64}
# - {name: sdss_g, datatype: float64}
# - {name: sdss_r, datatype: float64}
# - {name: sdss_i, datatype: float64}
# - {name: sdss_z, datatype: float64}
# - {name: PS1_g, datatype: float64}
# - {name: PS1_r, datatype: float64}
# - {name: PS1_i, datatype: float64}
# - {name: PS1_z, datatype: float64}
# - {name: PS1_Y, datatype: float64}
# - {name: PS1_w, datatype: float64}
# - {name: ATLAS_c, datatype: float64}
# - {name: ATLAS_o, datatype: float64}
# - {name: ukirt_J, datatype: float64}
# - {name: ukirt_H, datatype: float64}
# - {name: ukirt_K, datatype: float64}
# - {name: Clear, datatype: float64}
# meta: !!omap
# - comment: [kappa = 3.0, type = villar, mass = 0.04162766037032262, velocity = 0.32766666666666666, theta_obs = 0.0]
# schema: astropy-2.0
time swift_uvot_uvw2 swift_uvot_uvm2 swift_uvot_uvw1 swift_uvot_U swift_uvot_B swift_uvot_V swift_uvot_W johnson_U johnson_B johnson_V johnson_R johnson_I sdss_u sdss_g sdss_r sdss_i sdss_z PS1_g PS1_r PS1_i PS1_z PS1_Y PS1_w ATLAS_c ATLAS_o ukirt_J ukirt_H ukirt_K Clear
[from data line 282]
4.458044 -8.908 -3.692 -2.293 -3.216 -6.851 -9.469 -8.025 -3.855 -7.083 -9.668 -11.878 -13.366 -3.533 -8.002 -10.809 -12.361 -13.468 -10.363 -11.264 -12.512 -13.359 -14.033 -11.43 -9.695 -11.751 -14.867 -15.473 -15.764 -12.463
4.592874 -8.816 -3.6 -1.807 -2.584 -6.356 -9.071 -7.749 -3.246 -6.606 -9.285 -11.596 -13.149 -2.908 -7.555 -10.469 -12.089 -13.251 -10.224 -11.009 -12.262 -13.141 -13.853 -11.142 -9.327 -11.463 -14.728 -15.381 -15.709 -12.306
4.731783 -8.716 -3.5 -1.288 -1.904 -5.821 -8.64 -7.469 -2.589 -6.093 -8.87 -11.29 -12.912 -2.234 -7.073 -10.101 -11.794 -13.014 -10.084 -10.746 -11.992 -12.903 -13.658 -10.83 -8.93 -11.151 -14.575 -15.278 -15.647 -12.143
4.874892 -8.606 -3.39 -0.731 -1.171 -5.244 -8.173 -7.185 -1.882 -5.54 -8.422 -10.959 -12.655 -1.507 -6.552 -9.702 -11.473 -12.755 -9.944 -10.478 -11.703 -12.646 -13.448 -10.492 -8.5 -10.812 -14.406 -15.163 -15.576 -11.975
5.02233 -8.486 -3.271 -0.135 -0.379 -4.62 -7.667 -6.902 -1.117 -4.942 -7.936 -10.6 -12.374 -0.722 -5.988 -9.268 -11.123 -12.473 -9.802 -10.207 -11.395 -12.368 -13.22 -10.126 -8.035 -10.445 -14.219 -15.035 -15.495 -11.8
5.174227 -8.356 -3.14 0.507 0.478 -3.944 -7.117 -6.623 -0.29 -4.295 -7.409 -10.21 -12.068 0.127 -5.376 -8.797 -10.742 -12.164 -9.654 -9.937 -11.066 -12.066 -12.975 -9.728 -7.53 -10.045 -14.014 -14.893 -15.404 -11.618
5.330718 -8.213 -2.998 1.197 1.407 -3.21 -6.518 -6.349 0.607 -3.595 -6.837 -9.786 -11.733 1.048 -4.713 -8.283 -10.325 -11.826 -9.5 -9.67 -10.719 -11.741 -12.712 -9.295 -6.982 -9.61 -13.787 -14.734 -15.301 -11.43
5.491942 -8.057 -2.842 1.942 2.416 -2.412 -5.866 -6.083 1.582 -2.835 -6.215 -9.324 -11.367 2.048 -3.991 -7.723 -9.87 -11.455 -9.335 -9.408 -10.355 -11.391 -12.43 -8.824 -6.386 -9.137 -13.536 -14.558 -15.185 -11.234
5.658042 -7.886 -2.671 2.747 3.513 -1.544 -5.154 -5.824 2.642 -2.009 -5.537 -8.82 -10.967 3.137 -3.204 -7.111 -9.372 -11.048 -9.159 -9.15 -9.976 -11.015 -12.128 -8.309 -5.736 -8.619 -13.259 -14.361 -15.054 -11.029
5.829166 -7.699 -2.484 3.619 4.709 -0.596 -4.376 -5.568 3.798 -1.11 -4.797 -8.27 -10.529 4.323 -2.346 -6.441 -8.825 -10.602 -8.969 -8.896 -9.588 -10.614 -11.808 -7.747 -5.026 -8.054 -12.952 -14.142 -14.906 -10.813
6.005465 -7.494 -2.279 4.566 6.016 0.44 -3.523 -5.314 5.061 -0.129 -3.988 -7.668 -10.048 5.62 -1.407 -5.707 -8.224 -10.11 -8.762 -8.641 -9.194 -10.19 -11.469 -7.131 -4.25 -7.435 -12.612 -13.898 -14.74 -10.585
6.187096 -7.283 -2.067 5.455 7.243 1.417 -2.713 -5.072 6.246 0.795 -3.221 -7.091 -9.581 6.836 -0.519 -5.007 -7.646 -9.632 -8.549 -8.4 -8.84 -9.792 -11.147 -6.54 -3.512 -6.841 -12.273 -13.647 -14.561 -10.358
6.37422 -7.133 -1.917 5.605 7.393 1.567 -2.563 -4.922 6.396 0.945 -3.071 -6.941 -9.431 6.986 -0.369 -4.857 -7.496 -9.482 -8.399 -8.25 -8.69 -9.642 -10.997 -6.39 -3.362 -6.691 -12.123 -13.497 -14.411 -10.207
6.567004 -6.973 -1.757 5.765 7.552 1.726 -2.404 -4.763 6.556 1.104 -2.912 -6.781 -9.272 7.146 -0.21 -4.697 -7.337 -9.323 -8.24 -8.09 -8.53 -9.483 -10.837 -6.23 -3.203 -6.532 -11.963 -13.338 -14.252 -10.048
6.765619 -6.804 -1.588 5.934 7.722 1.896 -2.234 -4.593 6.725 1.274 -2.742 -6.612 -9.102 7.315 -0.04 -4.528 -7.167 -9.153 -8.07 -7.921 -8.361 -9.313 -10.668 -6.061 -3.033 -6.362 -11.794 -13.168 -14.082 -9.878
6.97024 -6.623 -1.408 6.115 7.902 2.076 -2.054 -4.413 6.906 1.454 -2.562 -6.432 -8.922 7.495 0.14 -4.348 -6.987 -8.973 -7.89 -7.741 -8.181 -9.133 -10.487 -5.881 -2.853 -6.182 -11.614 -12.988 -13.902 -9.698
7.181051 -6.432 -1.216 6.306 8.093 2.267 -1.863 -4.221 7.097 1.645 -2.371 -6.24 -8.731 7.687 0.331 -4.156 -6.796 -8.782 -7.699 -7.549 -7.989 -8.942 -10.296 -5.689 -2.662 -5.991 -11.422 -12.796 -13.711 -9.507
7.398237 -6.229 -1.013 6.509 8.296 2.47 -1.659 -4.018 7.3 1.849 -2.168 -6.037 -8.527 7.89 0.534 -3.953 -6.592 -8.579 -7.496 -7.346 -7.786 -8.739 -10.093 -5.486 -2.458 -5.787 -11.219 -12.593 -13.508 -9.304
7.621991 -6.013 -0.797 6.725 8.512 2.686 -1.443 -3.802 7.516 2.064 -1.952 -5.821 -8.311 8.106 0.75 -3.737 -6.376 -8.363 -7.28 -7.13 -7.57 -8.523 -9.877 -5.27 -2.242 -5.572 -11.003 -12.377 -13.292 -9.088
7.852513 -5.784 -0.568 6.954 8.742 2.916 -1.214 -3.573 7.745 2.294 -1.722 -5.592 -8.082 8.335 0.98 -3.508 -6.147 -8.133 -7.05 -6.901 -7.341 -8.293 -9.647 -5.041 -2.013 -5.342 -10.774 -12.148 -13.062 -8.858
8.090007 -5.54 -0.324 7.198 8.985 3.159 -0.971 -3.33 7.989 2.537 -1.479 -5.348 -7.839 8.579 1.223 -3.264 -5.904 -7.89 -6.807 -6.657 -7.097 -8.05 -9.404 -4.797 -1.77 -5.099 -10.53 -11.905 -12.819 -8.615
8.334684 -5.282 -0.066 7.456 9.244 3.418 -0.712 -3.071 8.247 2.796 -1.22 -5.09 -7.58 8.837 1.482 -3.006 -5.645 -7.631 -6.548 -6.399 -6.839 -7.791 -9.146 -4.539 -1.511 -4.84 -10.272 -11.646 -12.56 -8.356
8.586761 -5.007 0.209 7.731 9.518 3.692 -0.438 -2.797 8.522 3.07 -0.946 -4.815 -7.306 9.112 1.756 -2.731 -5.371 -7.357 -6.274 -6.124 -6.564 -7.517 -8.871 -4.264 -1.237 -4.566 -9.998 -11.372 -12.286 -8.082
8.846461 -4.716 0.5 8.022 9.809 3.983 -0.146 -2.505 8.813 3.362 -0.655 -4.524 -7.014 9.403 2.047 -2.44 -5.079 -7.066 -5.983 -5.833 -6.273 -7.226 -8.58 -3.973 -0.945 -4.275 -9.706 -11.08 -11.995 -7.791
9.114017 -4.406 0.809 8.332 10.119 4.293 0.163 -2.196 9.123 3.671 -0.345 -4.215 -6.705 9.712 2.357 -2.131 -4.77 -6.756 -5.673 -5.524 -5.964 -6.916 -8.27 -3.664 -0.636 -3.965 -9.397 -10.771 -11.685 -7.481
9.389664 -4.078 1.137 8.66 10.447 4.621 0.491 -1.868 9.451 3.999 -0.017 -3.886 -6.377 10.041 2.685 -1.802 -4.442 -6.428 -5.345 -5.195 -5.635 -6.588 -7.942 -3.335 -0.308 -3.637 -9.069 -10.443 -11.357 -7.153
9.673648 -3.73 1.486 9.008 10.795 4.969 0.84 -1.519 9.799 4.348 0.332 -3.538 -6.028 10.389 3.034 -1.454 -4.093 -6.079 -4.996 -4.847 -5.287 -6.239 -7.594 -2.987 0.041 -3.288 -8.72 -10.094 -11.008 -6.805
9.966221 -3.36 1.856 9.378 11.165 5.339 1.21 -1.149 10.169 4.718 0.701 -3.168 -5.658 10.759 3.404 -1.084 -3.723 -5.71 -4.627 -4.477 -4.917 -5.87 -7.224 -2.617 0.411 -2.918 -8.35 -9.724 -10.639 -6.435
10.267642 -2.967 2.249 9.771 11.558 5.732 1.602 -0.757 10.562 5.11 1.094 -2.775 -5.266 11.152 3.796 -0.691 -3.331 -5.317 -4.234 -4.084 -4.524 -5.477 -6.831 -2.224 0.803 -2.526 -7.957 -9.332 -10.246 -6.042
10.57818 -2.55 2.665 10.188 11.975 6.149 2.019 -0.34 10.979 5.527 1.511 -2.358 -4.849 11.568 4.213 -0.275 -2.914 -4.9 -3.817 -3.667 -4.107 -5.06 -6.414 -1.808 1.22 -2.109 -7.541 -8.915 -9.829 -5.625
10.89811 -2.108 3.108 10.63 12.417 6.591 2.462 0.103 11.421 5.969 1.953 -1.916 -4.407 12.011 4.655 0.168 -2.471 -4.458 -3.375 -3.225 -3.665 -4.618 -5.972 -1.365 1.662 -1.667 -7.098 -8.472 -9.387 -5.183
11.227716 -1.638 3.577 11.1 12.887 7.061 2.931 0.572 11.891 6.439 2.423 -1.447 -3.937 12.48 5.125 0.637 -2.002 -3.988 -2.905 -2.756 -3.196 -4.148 -5.502 -0.896 2.132 -1.197 -6.629 -8.003 -8.917 -4.713
11.56729 -1.14 4.076 11.598 13.385 7.559 3.429 1.071 12.389 6.937 2.921 -0.948 -3.439 12.979 5.623 1.136 -1.504 -3.49 -2.407 -2.257 -2.697 -3.65 -5.004 -0.397 2.63 -0.699 -6.13 -7.504 -8.419 -4.215
11.917135 -0.611 4.605 12.127 13.914 8.088 3.958 1.599 12.918 7.466 3.45 -0.419 -2.91 13.508 6.152 1.665 -0.975 -2.961 -1.878 -1.728 -2.168 -3.121 -4.475 0.132 3.159 -0.17 -5.601 -6.975 -7.89 -3.686
12.277561 -0.05 5.166 12.688 14.476 8.65 4.52 2.161 13.479 8.028 4.012 0.142 -2.348 14.069 6.714 2.226 -0.413 -2.399 -1.316 -1.167 -1.607 -2.559 -3.914 0.693 3.721 0.392 -5.04 -6.414 -7.328 -3.124
12.648887 0.546 5.762 13.284 15.072 9.246 5.116 2.757 14.075 8.624 4.608 0.738 -1.752 14.665 7.31 2.822 0.183 -1.803 -0.72 -0.571 -1.011 -1.963 -3.318 1.289 4.317 0.988 -4.444 -5.818 -6.732 -2.529
13.031444 1.179 6.395 13.917 15.704 9.878 5.748 3.389 14.708 9.256 5.24 1.371 -1.12 15.298 7.942 3.455 0.815 -1.171 -0.088 0.062 -0.378 -1.331 -2.685 1.922 4.949 1.62 -3.811 -5.186 -6.1 -1.896
13.425571 1.85 7.066 14.588 16.375 10.549 6.42 4.061 15.379 9.928 5.912 2.042 -0.448 15.969 8.614 4.126 1.487 -0.5 0.584 0.733 0.293 -0.66 -2.014 2.593 5.621 2.292 -3.14 -4.514 -5.429 -1.225
13.831619 2.563 7.779 15.301 17.088 11.262 7.132 4.773 16.092 10.64 6.624 2.755 0.264 16.682 9.326 4.839 2.199 0.213 1.296 1.446 1.006 0.053 -1.301 3.306 6.333 3.004 -2.428 -3.802 -4.716 -0.512
14.249947 3.319 8.535 16.057 17.844 12.018 7.889 5.53 16.848 11.397 7.38 3.511 1.021 17.438 10.082 5.595 2.956 0.969 2.052 2.202 1.762 0.809 -0.545 4.062 7.09 3.76 -1.671 -3.045 -3.96 0.244
14.680926 4.122 9.338 16.86 18.647 12.821 8.691 6.333 17.651 12.199 8.183 4.314 1.823 18.241 10.885 6.398 3.759 1.772 2.855 3.005 2.565 1.612 0.258 4.865 7.892 4.563 -0.868 -2.242 -3.157 1.047
15.124941 4.974 10.19 17.712 19.499 13.673 9.544 7.185 18.503 13.051 9.035 5.166 2.676 19.093 11.737 7.25 4.611 2.624 3.707 3.857 3.417 2.464 1.11 5.717 8.744 5.415 -0.016 -1.39 -2.305 1.899
15.582385 5.879 11.094 18.617 20.404 14.578 10.448 8.089 19.408 13.956 9.94 6.07 3.58 19.997 12.642 8.154 5.515 3.529 4.612 4.761 4.321 3.369 2.015 6.621 9.649 6.32 0.888 -0.486 -1.4 2.804
16.053663 6.838 12.054 19.576 21.364 15.538 11.408 9.049 20.368 14.916 10.9 7.03 4.54 20.957 13.602 9.114 6.475 4.489 5.572 5.721 5.281 4.329 2.975 7.581 10.609 7.28 1.848 0.474 -0.44 3.764
16.539195 7.857 13.073 20.595 22.383 16.557 12.427 10.068 21.386 15.935 11.919 8.049 5.559 21.976 14.621 10.133 7.494 5.508 6.591 6.74 6.3 5.348 3.993 8.6 11.628 8.299 2.867 1.493 0.579 4.782
17.039412 8.939 14.154 21.677 23.464 17.638 13.508 11.149 22.468 17.016 13.0 9.131 6.64 23.058 15.702 11.215 8.575 6.589 7.672 7.822 7.382 6.429 5.075 9.682 12.709 9.38 3.948 2.574 1.66 5.864
17.554757 10.087 15.302 22.825 24.612 18.786 14.656 12.297 23.616 18.164 14.148 10.279 7.788 24.205 16.85 12.362 9.723 7.737 8.82 8.97 8.53 7.577 6.223 10.829 13.857 10.528 5.096 3.722 2.808 7.012
18.085689 11.305 16.521 24.043 25.83 20.004 15.874 13.516 24.834 19.382 15.366 11.497 9.006 25.424 18.068 13.581 10.942 8.955 10.038 10.188 9.748 8.795 7.441 12.048 15.075 11.746 6.315 4.941 4.026 8.23
18.632678 12.598 17.814 25.336 27.123 21.297 17.168 14.809 26.127 20.676 16.659 12.79 10.3 26.717 19.361 14.874 12.235 10.248 11.331 11.481 11.041 10.088 8.734 13.341 16.369 13.039 7.608 6.234 5.319 9.523
19.196211 13.971 19.186 26.709 28.496 22.67 18.54 16.181 27.5 22.048 18.032 14.163 11.672 28.09 20.734 16.247 13.607 11.621 12.704 12.854 12.414 11.461 10.107 14.713 17.741 14.412 8.98 7.606 6.692 10.896
19.776787 15.428 20.643 28.166 29.953 24.127 19.997 17.638 28.957 23.505 19.489 15.619 13.129 29.546 22.191 17.703 15.064 13.078 14.161 14.31 13.87 12.918 11.564 16.17 19.198 15.869 10.437 9.063 8.149 12.353
20.374923 16.974 22.19 29.712 31.499 25.673 21.543 19.184 30.503 25.051 21.035 17.166 14.675 31.093 23.737 19.25 16.61 14.624 15.707 15.857 15.417 14.464 13.11 17.717 20.744 17.415 11.983 10.609 9.695 13.899
20.991149 18.615 23.831 31.353 33.14 27.314 23.185 20.826 32.144 26.692 22.676 18.807 16.317 32.734 25.378 20.891 18.252 16.265 17.348 17.498 17.058 16.105 14.751 19.358 22.385 19.056 13.625 12.251 11.336 15.54
21.626011 20.357 25.573 33.095 34.882 29.056 24.927 22.568 33.886 28.434 24.418 20.549 18.059 34.476 27.12 22.633 19.994 18.007 19.09 19.24 18.8 17.847 16.493 21.1 24.127 20.798 15.367 13.993 13.078 17.282
22.280075 22.206 27.422 34.944 36.731 30.905 26.776 24.417 35.735 30.283 26.267 22.398 19.908 36.325 28.969 24.482 21.843 19.856 20.939 21.089 20.649 19.696 18.342 22.949 25.976 22.647 17.216 15.842 14.927 19.131
22.953921 24.169 29.384 36.907 38.694 32.868 28.738 26.379 37.698 32.246 28.23 24.36 21.87 38.287 30.932 26.444 23.805 21.819 22.902 23.052 22.612 21.659 20.305 24.911 27.939 24.61 19.178 17.804 16.89 21.094
23.648147 26.252 31.467 38.99 40.777 34.951 30.821 28.462 39.781 34.329 30.313 26.443 23.953 40.37 33.015 28.527 25.888 23.902 24.985 25.135 24.695 23.742 22.388 26.994 30.022 26.693 21.261 19.887 18.973 23.177
24.363369 28.463 33.678 41.201 42.988 37.162 33.032 30.673 41.992 36.54 32.524 28.654 26.164 42.581 35.226 30.738 28.099 26.113 27.196 27.345 26.905 25.953 24.599 29.205 32.233 28.904 23.472 22.098 21.184 25.388
25.100222 30.809 36.025 43.547 45.334 39.508 35.379 33.02 44.338 38.887 34.871 31.001 28.511 44.928 37.573 33.085 30.446 28.459 29.543 29.692 29.252 28.299 26.945 31.552 34.58 31.251 25.819 24.445 23.53 27.734
25.859362 33.3 38.516 46.038 47.825 41.999 37.87 35.511 46.829 41.377 37.361 33.492 31.001 47.419 40.063 35.576 32.937 30.95 32.033 32.183 31.743 30.79 29.436 34.043 37.07 33.741 28.31 26.936 26.021 30.225
26.64146 35.944 41.159 48.682 50.469 44.643 40.513 38.154 49.473 44.021 40.005 36.136 33.645 50.063 42.707 38.22 35.58 33.594 34.677 34.827 34.387 33.434 32.08 36.686 39.714 36.385 30.953 29.579 28.665 32.869
27.447213 38.75 43.965 51.488 53.275 47.449 43.319 40.96 52.279 46.827 42.811 38.942 36.451 52.869 45.513 41.026 38.386 36.4 37.483 37.633 37.193 36.24 34.886 39.493 42.52 39.191 33.759 32.385 31.471 35.675
28.277335 41.728 46.944 54.466 56.253 50.427 46.298 43.939 55.257 49.805 45.789 41.92 39.43 55.847 48.491 44.004 41.365 39.378 40.461 40.611 40.171 39.218 37.864 42.471 45.499 42.169 36.738 35.364 34.449 38.653
29.132564 44.889 50.105 57.627 59.415 53.589 49.459 47.1 58.418 52.967 48.951 45.081 42.591 59.008 51.653 47.165 44.526 42.54 43.623 43.772 43.332 42.38 41.025 45.632 48.66 45.331 39.899 38.525 37.611 41.815
30.013659 48.245 53.46 60.983 62.77 56.944 52.814 50.455 61.774 56.322 52.306 48.437 45.946 62.364 55.008 50.521 47.881 45.895 46.978 47.128 46.688 45.735 44.381 48.987 52.015 48.686 43.254 41.88 40.966 45.17
30.921401 51.806 57.022 64.544 66.331 60.505 56.376 54.017 65.335 59.883 55.867 51.998 49.508 65.925 58.569 54.082 51.443 49.456 50.539 50.689 50.249 49.296 47.942 52.549 55.577 52.247 46.816 45.442 44.527 48.731
31.856598 55.586 60.802 68.324 70.111 64.285 60.156 57.797 69.115 63.664 59.647 55.778 53.288 69.705 62.349 57.862 55.223 53.236 54.319 54.469 54.029 53.076 51.722 56.329 59.357 56.027 50.596 49.222 48.307 52.511
32.820079 59.598 64.814 72.336 74.124 68.298 64.168 61.809 73.127 67.676 63.66 59.79 57.3 73.717 66.362 61.874 59.235 57.249 58.332 58.481 58.041 57.089 55.734 60.341 63.369 60.04 54.608 53.234 52.32 56.523
33.8127 63.857 69.073 76.595 78.382 72.556 68.426 66.067 77.386 71.934 67.918 64.049 61.558 77.976 70.62 66.133 63.493 61.507 62.59 62.74 62.3 61.347 59.993 64.6 67.627 64.298 58.867 57.492 56.578 60.782
34.835342 68.377 73.593 81.115 82.902 77.076 72.946 70.587 81.906 76.454 72.438 68.569 66.078 82.496 75.14 70.653 68.013 66.027 67.11 67.26 66.82 65.867 64.513 69.12 72.147 68.818 63.387 62.012 61.098 65.302
35.888913 73.174 78.39 85.912 87.7 81.874 77.744 75.385 86.704 81.252 77.236 73.366 70.876 87.293 79.938 75.45 72.811 70.825 71.908 72.057 71.617 70.665 69.311 73.917 76.945 73.616 68.184 66.81 65.896 70.1
36.974349 78.267 83.482 91.005 92.792 86.966 82.836 80.477 91.796 86.344 82.328 78.458 75.968 92.385 85.03 80.542 77.903 75.917 77.0 77.15 76.709 75.757 74.403 79.009 82.037 78.708 73.276 71.902 70.988 75.192
38.092613 83.671 88.887 96.409 98.197 92.371 88.241 85.882 97.2 91.749 87.733 83.863 81.373 97.79 90.435 85.947 83.308 81.322 82.405 82.554 82.114 81.162 79.807 84.414 87.442 84.113 78.681 77.307 76.393 80.597
39.244698 89.408 94.624 102.146 103.933 98.107 93.978 91.619 102.937 97.485 93.469 89.6 87.11 103.527 96.171 91.684 89.045 87.058 88.141 88.291 87.851 86.898 85.544 90.151 93.178 89.849 84.418 83.044 82.129 86.333
40.431627 95.497 100.713 108.235 110.022 104.196 100.067 97.708 109.026 103.574 99.558 95.689 93.198 109.616 102.26 97.773 95.134 93.147 94.23 94.38 93.94 92.987 91.633 96.24 99.267 95.938 90.507 89.133 88.218 92.422
41.654454 101.96 107.176 114.698 116.485 110.659 106.529 104.17 115.489 110.037 106.021 102.152 99.661 116.079 108.723 104.236 101.596 99.61 100.693 100.843 100.403 99.45 98.096 102.703 105.73 102.401 96.97 95.595 94.681 98.885
