web/models/kne.last_good/kappa_1_10/29/villar_0.0098_0.2807_1.0000.dat
# %ECSV 1.0
# ---
# datatype:
# - {name: time, datatype: float64}
# - {name: swift_uvot_uvw2, datatype: float64}
# - {name: swift_uvot_uvm2, datatype: float64}
# - {name: swift_uvot_uvw1, datatype: float64}
# - {name: swift_uvot_U, datatype: float64}
# - {name: swift_uvot_B, datatype: float64}
# - {name: swift_uvot_V, datatype: float64}
# - {name: swift_uvot_W, datatype: float64}
# - {name: johnson_U, datatype: float64}
# - {name: johnson_B, datatype: float64}
# - {name: johnson_V, datatype: float64}
# - {name: johnson_R, datatype: float64}
# - {name: johnson_I, datatype: float64}
# - {name: sdss_u, datatype: float64}
# - {name: sdss_g, datatype: float64}
# - {name: sdss_r, datatype: float64}
# - {name: sdss_i, datatype: float64}
# - {name: sdss_z, datatype: float64}
# - {name: PS1_g, datatype: float64}
# - {name: PS1_r, datatype: float64}
# - {name: PS1_i, datatype: float64}
# - {name: PS1_z, datatype: float64}
# - {name: PS1_Y, datatype: float64}
# - {name: PS1_w, datatype: float64}
# - {name: ATLAS_c, datatype: float64}
# - {name: ATLAS_o, datatype: float64}
# - {name: ukirt_J, datatype: float64}
# - {name: ukirt_H, datatype: float64}
# - {name: ukirt_K, datatype: float64}
# - {name: Clear, datatype: float64}
# meta: !!omap
# - comment: [kappa = 1.0, type = villar, mass = 0.009763877790252312, velocity = 0.2806666666666667, theta_obs = 0.0]
# schema: astropy-2.0
time swift_uvot_uvw2 swift_uvot_uvm2 swift_uvot_uvw1 swift_uvot_U swift_uvot_B swift_uvot_V swift_uvot_W johnson_U johnson_B johnson_V johnson_R johnson_I sdss_u sdss_g sdss_r sdss_i sdss_z PS1_g PS1_r PS1_i PS1_z PS1_Y PS1_w ATLAS_c ATLAS_o ukirt_J ukirt_H ukirt_K Clear
[from data line 288]
5.330718 13.693 18.908 42.143 52.709 40.881 32.892 15.961 50.666 38.595 30.844 22.487 17.5 51.98 36.826 27.978 22.458 17.993 12.427 12.632 12.61 12.195 10.449 23.696 30.248 23.431 12.266 8.765 6.14 10.663
5.491942 14.924 20.139 43.374 53.94 42.112 34.123 17.192 51.897 39.826 32.075 23.718 18.731 53.211 38.057 29.209 23.689 19.223 13.658 13.863 13.841 13.426 11.68 24.927 31.478 24.662 13.497 9.996 7.37 11.894
5.658042 16.23 21.446 44.68 55.247 43.418 35.43 18.498 53.203 41.132 33.381 25.024 20.037 54.517 39.363 30.515 24.995 20.53 14.964 15.169 15.148 14.732 12.986 26.233 32.785 25.968 14.803 11.303 8.677 13.2
5.829166 17.617 22.832 46.067 56.633 44.805 36.816 19.885 54.59 42.519 34.767 26.411 21.424 55.904 40.75 31.902 26.382 21.916 16.351 16.556 16.534 16.119 14.373 27.62 34.171 27.355 16.19 12.689 10.063 14.587
6.005465 19.088 24.304 47.539 58.105 46.276 38.288 21.357 56.062 43.991 36.239 27.883 22.896 57.376 42.221 33.373 27.854 23.388 17.823 18.027 18.006 17.591 15.845 29.092 35.643 28.826 17.662 14.161 11.535 16.059
6.187096 20.65 25.866 49.101 59.667 47.838 39.85 22.919 57.624 45.553 37.801 29.445 24.458 58.938 43.783 34.936 29.416 24.95 19.385 19.59 19.568 19.153 17.407 30.654 37.205 30.389 19.224 15.723 13.097 17.621
6.37422 22.308 27.524 50.759 61.325 49.496 41.508 24.577 59.282 47.211 39.459 31.103 26.116 60.596 45.441 36.594 31.074 26.608 21.043 21.248 21.226 20.811 19.065 32.312 38.863 32.047 20.882 17.381 14.755 19.279
6.567004 24.068 29.284 52.519 63.085 51.256 43.268 26.337 61.042 48.971 41.219 32.863 27.876 62.356 47.201 38.353 32.834 28.368 22.803 23.007 22.986 22.571 20.825 34.072 40.623 33.806 22.642 19.141 16.515 21.039
6.765619 25.936 31.152 54.387 64.953 53.124 45.136 28.205 62.91 50.838 43.087 34.731 29.744 64.224 49.069 40.221 34.702 30.236 24.671 24.875 24.854 24.439 22.693 35.94 42.491 35.674 24.51 21.009 18.383 22.907
6.97024 27.919 33.134 56.369 66.935 55.107 47.118 30.187 64.892 52.821 45.07 36.713 31.726 66.206 51.052 42.204 36.684 32.219 26.653 26.858 26.836 26.421 24.675 37.922 44.474 37.657 26.492 22.991 20.366 24.889
7.181051 30.023 35.239 58.474 69.04 57.211 49.223 32.292 66.997 54.925 47.174 38.818 33.831 68.311 53.156 44.308 38.789 34.323 28.758 28.962 28.941 28.525 26.78 40.027 46.578 39.761 28.596 25.096 22.47 26.994
7.398237 32.257 37.472 60.707 71.273 59.445 51.456 34.525 69.23 57.159 49.408 41.051 36.064 70.544 55.39 46.542 41.022 36.556 30.991 31.196 31.174 30.759 29.013 42.26 48.812 41.995 30.83 27.329 24.704 29.227
7.621991 34.627 39.843 63.078 73.644 61.815 53.827 36.896 71.601 59.53 51.778 43.422 38.435 72.915 57.76 48.913 43.393 38.927 33.362 33.567 33.545 33.13 31.384 44.631 51.182 44.365 33.201 29.7 27.074 31.598
7.852513 37.144 42.359 65.594 76.16 64.332 56.343 39.412 74.117 62.046 54.295 45.938 40.951 75.431 60.277 51.429 45.909 41.443 35.878 36.083 36.061 35.646 33.9 47.147 53.699 46.882 35.717 32.216 29.59 34.114
8.090007 39.814 45.03 68.265 78.831 67.002 59.014 42.083 76.788 64.717 56.965 48.609 43.622 78.102 62.947 54.1 48.58 44.114 38.549 38.754 38.732 38.317 36.571 49.818 56.369 49.553 38.388 34.887 32.261 36.785
8.334684 42.649 47.865 71.1 81.666 69.837 61.849 44.918 79.623 67.551 59.8 51.444 46.457 80.937 65.782 56.934 51.415 46.949 41.384 41.588 41.567 41.152 39.406 52.653 59.204 52.387 41.223 37.722 35.096 39.62
8.586761 45.658 50.874 74.109 84.675 72.846 64.858 47.926 82.631 70.56 62.809 54.452 49.466 83.945 68.791 59.943 54.423 49.958 44.392 44.597 44.576 44.16 42.414 55.661 62.213 55.396 44.231 40.731 38.105 42.629
8.846461 48.852 54.067 77.302 87.868 76.04 68.051 51.12 85.825 73.754 66.003 57.646 52.659 87.139 71.985 63.137 57.617 53.151 47.586 47.791 47.769 47.354 45.608 58.855 65.406 58.59 47.425 43.924 41.298 45.822
9.114017 52.241 57.457 80.692 91.258 79.429 71.441 54.51 89.215 77.144 69.392 61.036 56.049 90.529 75.374 66.526 61.007 56.541 50.976 51.18 51.159 50.744 48.998 62.245 68.796 61.979 50.815 47.314 44.688 49.212
9.389664 55.839 61.055 84.29 94.856 83.027 75.039 58.107 92.813 80.741 72.99 64.633 59.647 94.127 78.972 70.124 64.604 60.139 54.573 54.778 54.757 54.341 52.596 65.842 72.394 65.577 54.412 50.912 48.286 52.81
9.673648 59.658 64.873 88.108 98.674 86.846 78.858 61.926 96.631 84.56 76.809 68.452 63.465 97.945 82.791 73.943 68.423 63.958 58.392 58.597 58.575 58.16 56.414 69.661 76.213 69.396 58.231 54.731 52.105 56.628
9.966221 63.711 68.927 92.162 102.728 90.899 82.911 65.979 100.684 88.613 80.862 72.505 67.519 101.999 86.844 77.996 72.476 68.011 62.445 62.65 62.629 62.213 60.468 73.714 80.266 73.449 62.284 58.784 56.158 60.682
10.267642 68.013 73.229 96.464 107.03 95.201 87.213 70.282 104.987 92.915 85.164 76.808 71.821 106.301 91.146 82.298 76.779 72.313 66.748 66.952 66.931 66.515 64.77 78.017 84.568 77.751 66.586 63.086 60.46 64.984
10.57818 72.579 77.795 101.03 111.596 99.767 91.779 74.848 109.553 97.482 89.73 81.374 76.387 110.867 95.712 86.865 81.345 76.879 71.314 71.519 71.497 71.082 69.336 82.583 89.134 82.318 71.153 67.652 65.026 69.55
10.89811 77.426 82.642 105.877 116.443 104.614 96.626 79.694 114.4 102.328 94.577 86.22 81.234 115.714 100.559 91.711 86.191 81.726 76.16 76.365 76.344 75.928 74.183 87.429 93.981 87.164 75.999 72.499 69.873 74.397
11.227716 82.57 87.786 111.021 121.587 109.758 101.77 84.839 119.544 107.473 99.721 91.365 86.378 120.858 105.703 96.856 91.336 86.87 81.305 81.509 81.488 81.073 79.327 92.574 99.125 92.308 81.144 77.643 75.017 79.541
11.56729 88.03 93.246 116.481 127.047 115.218 107.23 90.299 125.004 112.933 105.181 96.825 91.838 126.318 111.163 102.316 96.796 92.33 86.765 86.97 86.948 86.533 84.787 98.034 104.585 97.769 86.604 83.103 80.477 85.001
11.917135 93.826 99.041 122.276 132.842 121.014 113.026 96.094 130.799 118.728 110.977 102.62 97.633 132.113 116.959 108.111 102.591 98.126 92.56 92.765 92.743 92.328 90.582 103.829 110.381 103.564 92.399 88.899 86.273 90.796
12.277561 99.977 105.193 128.428 138.994 127.165 119.177 102.245 136.951 124.879 117.128 108.771 103.785 138.265 123.11 114.262 108.742 104.277 98.711 98.916 98.895 98.479 96.734 109.98 116.532 109.715 98.55 95.05 92.424 96.948
12.648887 106.506 111.722 134.957 145.523 133.694 125.706 108.774 143.479 131.408 123.657 115.3 110.314 144.794 129.639 120.791 115.271 110.806 105.24 105.445 105.424 105.008 103.262 116.509 123.061 116.244 105.079 101.579 98.953 103.477
13.031444 113.436 118.652 141.886 152.452 140.624 132.636 115.704 150.409 138.338 130.587 122.23 117.243 151.723 136.569 127.721 122.201 117.736 112.17 112.375 112.354 111.938 110.192 123.439 129.991 123.174 112.009 108.509 105.883 110.406
13.425571 120.791 126.007 149.242 159.808 147.979 139.991 123.06 157.765 145.694 137.942 129.586 124.599 159.079 143.924 135.076 129.557 125.091 119.526 119.73 119.709 119.294 117.548 130.795 137.346 130.529 119.365 115.864 113.238 117.762
13.831619 128.598 133.814 157.049 167.615 155.786 147.798 130.867 165.572 153.501 145.749 137.393 132.406 166.886 151.731 142.883 137.364 132.898 127.333 127.537 127.516 127.101 125.355 138.602 145.153 138.336 127.172 123.671 121.045 125.569
14.249947 136.885 142.1 165.335 175.901 164.073 156.084 139.153 173.858 161.787 154.036 145.679 140.692 175.172 160.018 151.17 145.65 141.184 135.619 135.824 135.802 135.387 133.641 146.888 153.44 146.623 135.458 131.957 129.332 133.855
14.680926 145.68 150.896 174.13 184.696 172.868 164.88 147.948 182.653 170.582 162.831 154.474 149.487 183.967 168.813 159.965 154.445 149.98 144.414 144.619 144.598 144.182 142.436 155.683 162.235 155.418 144.253 140.753 138.127 142.65
15.124941 155.015 160.231 183.466 194.032 182.203 174.215 157.284 191.989 179.917 172.166 163.81 158.823 193.303 178.148 169.3 163.781 159.315 153.75 153.954 153.933 153.517 151.772 165.019 171.57 164.753 153.588 150.088 147.462 151.986
15.582385 164.924 170.139 193.374 203.94 192.112 184.123 167.192 201.897 189.826 182.075 173.718 168.731 203.211 188.057 179.209 173.689 169.223 163.658 163.863 163.841 163.426 161.68 174.927 181.479 174.662 163.497 159.996 157.37 161.894
16.053663 175.441 180.656 203.891 214.457 202.629 194.64 177.709 212.414 200.343 192.591 184.235 179.248 213.728 198.574 189.726 184.206 179.74 174.175 174.38 174.358 173.943 172.197 185.444 191.995 185.179 174.014 170.513 167.887 172.411
16.539195 186.603 191.819 215.054 225.62 213.791 205.803 188.872 223.577 211.505 203.754 195.398 190.411 224.891 209.736 200.888 195.369 190.903 185.338 185.542 185.521 185.106 183.36 196.607 203.158 196.341 185.177 181.676 179.05 183.574
17.039412 198.451 203.667 226.902 237.468 225.639 217.651 200.72 235.425 223.354 215.602 207.246 202.259 236.739 221.584 212.736 207.217 202.751 197.186 197.39 197.369 196.954 195.208 208.455 215.006 208.189 197.025 193.524 190.898 195.422
17.554757 211.027 216.243 239.477 250.043 238.215 230.227 213.295 248.0 235.929 228.178 219.821 214.834 249.314 234.16 225.312 219.792 215.327 209.761 209.966 209.945 209.529 207.783 221.03 227.582 220.765 209.6 206.1 203.474 207.997
18.085689 224.375 229.59 252.825 263.391 251.563 243.574 226.643 261.348 249.277 241.526 233.169 228.182 262.662 247.508 238.66 233.14 228.674 223.109 223.314 223.292 222.877 221.131 234.378 240.93 234.113 222.948 219.447 216.822 221.345
18.632678 238.542 243.758 266.993 277.559 265.73 257.742 240.81 275.515 263.444 255.693 247.336 242.35 276.83 261.675 252.827 247.307 242.842 237.276 237.481 237.46 237.044 235.299 248.545 255.097 248.28 237.115 233.615 230.989 235.513
19.196211 253.579 258.795 282.03 292.596 280.767 272.779 255.848 290.553 278.482 270.73 262.374 257.387 291.867 276.712 267.865 262.345 257.879 252.314 252.519 252.497 252.082 250.336 263.583 270.134 263.317 252.153 248.652 246.026 250.55
19.776787 269.54 274.756 297.991 308.557 296.728 288.74 271.808 306.513 294.442 286.691 278.334 273.348 307.827 292.673 283.825 278.305 273.84 268.274 268.479 268.458 268.042 266.296 279.543 286.095 279.278 268.113 264.613 261.987 266.511
20.374923 286.481 291.696 314.931 325.497 313.669 305.68 288.749 323.454 311.383 303.632 295.275 290.288 324.768 309.614 300.766 295.246 290.781 285.215 285.42 285.398 284.983 283.237 296.484 303.036 296.219 285.054 281.553 278.928 283.451
20.991149 304.462 309.677 332.912 343.478 331.65 323.661 306.73 341.435 329.364 321.613 313.256 308.269 342.749 327.595 318.747 313.227 308.761 303.196 303.401 303.379 302.964 301.218 314.465 321.017 314.2 303.035 299.534 296.908 301.432
21.626011 323.547 328.762 351.997 362.563 350.735 342.746 325.815 360.52 348.449 340.698 332.341 327.354 361.834 346.68 337.832 332.312 327.846 322.281 322.486 322.464 322.049 320.303 333.55 340.101 333.285 322.12 318.619 315.993 320.517
22.280075 343.803 349.019 372.254 382.82 370.991 363.003 346.072 380.777 368.706 360.954 352.598 347.611 382.091 366.936 358.089 352.569 348.103 342.538 342.743 342.721 342.306 340.56 353.807 360.358 353.542 342.377 338.876 336.25 340.774
22.953921 365.304 370.52 393.755 404.321 392.492 384.504 367.573 402.278 390.206 382.455 374.099 369.112 403.592 388.437 379.589 374.07 369.604 364.039 364.243 364.222 363.807 362.061 375.308 381.859 375.042 363.878 360.377 357.751 362.275
23.648147 388.125 393.341 416.576 427.142 415.313 407.325 390.394 425.099 413.027 405.276 396.92 391.933 426.413 411.258 402.41 396.891 392.425 386.86 387.064 387.043 386.627 384.882 398.129 404.68 397.863 386.698 383.198 380.572 385.096
24.363369 412.347 417.563 440.798 451.364 439.535 431.547 414.616 449.321 437.25 429.498 421.142 416.155 450.635 435.48 426.633 421.113 416.647 411.082 411.286 411.265 410.85 409.104 422.351 428.902 422.085 410.921 407.42 404.794 409.318
25.100222 438.057 443.273 466.507 477.073 465.245 457.257 440.325 475.03 462.959 455.208 446.851 441.864 476.344 461.19 452.342 446.822 442.357 436.791 436.996 436.975 436.559 434.813 448.06 454.612 447.795 436.63 433.13 430.504 435.027
25.859362 465.345 470.561 493.796 504.362 492.533 484.545 467.613 502.319 490.247 482.496 474.139 469.153 503.633 488.478 479.63 474.11 469.645 464.079 464.284 464.263 463.847 462.102 475.348 481.9 475.083 463.918 460.418 457.792 462.316
26.64146 494.309 499.524 522.759 533.325 521.497 513.509 496.577 531.282 519.211 511.46 503.103 498.116 532.596 517.442 508.594 503.074 498.609 493.043 493.248 493.226 492.811 491.065 504.312 510.864 504.047 492.882 489.382 486.756 491.279
27.447213 525.051 530.267 553.502 564.068 552.239 544.251 527.319 562.025 549.953 542.202 533.846 528.859 563.339 548.184 539.336 533.817 529.351 523.785 523.99 523.969 523.553 521.808 535.055 541.606 534.789 523.624 520.124 517.498 522.022
28.277335 557.681 562.897 586.132 596.698 584.869 576.881 559.949 594.654 582.583 574.832 566.475 561.489 595.969 580.814 571.966 566.446 561.981 556.415 556.62 556.599 556.183 554.437 567.684 574.236 567.419 556.254 552.754 550.128 554.652
29.132564 592.315 597.53 620.765 631.331 619.503 611.514 594.583 629.288 617.217 609.465 601.109 596.122 630.602 615.448 606.6 601.08 596.614 591.049 591.254 591.232 590.817 589.071 602.318 608.869 602.053 590.888 587.387 584.761 589.285
30.013659 629.075 634.29 657.525 668.091 656.263 648.274 631.343 666.048 653.977 646.226 637.869 632.882 667.362 652.208 643.36 637.84 633.374 627.809 628.014 627.992 627.577 625.831 639.078 645.63 638.813 627.648 624.147 621.522 626.045
30.921401 668.092 673.308 696.543 707.109 695.28 687.292 670.36 705.065 692.994 685.243 676.886 671.9 706.379 691.225 682.377 676.857 672.392 666.826 667.031 667.01 666.594 664.848 678.095 684.647 677.83 666.665 663.165 660.539 665.063
31.856598 709.505 714.721 737.956 748.522 736.693 728.705 711.774 746.479 734.407 726.656 718.3 713.313 747.793 732.638 723.79 718.271 713.805 708.24 708.444 708.423 708.007 706.262 719.509 726.06 719.243 708.078 704.578 701.952 706.476
32.820079 753.461 758.677 781.912 796.724 780.649 772.661 755.73 790.907 778.363 770.612 762.256 757.269 793.385 776.594 767.746 762.227 757.761 752.196 752.4 752.379 751.963 750.218 763.465 770.016 763.199 752.034 748.534 745.908 750.432
33.8127 nan nan nan nan nan nan nan nan nan nan nan nan nan nan nan nan nan nan nan nan nan nan nan nan nan nan nan nan nan
34.835342 nan nan nan nan nan nan nan nan nan nan nan nan nan nan nan nan nan nan nan nan nan nan nan nan nan nan nan nan nan
35.888913 nan nan nan nan nan nan nan nan nan nan nan nan nan nan nan nan nan nan nan nan nan nan nan nan nan nan nan nan nan
36.974349 nan nan nan nan nan nan nan nan nan nan nan nan nan nan nan nan nan nan nan nan nan nan nan nan nan nan nan nan nan
38.092613 nan nan nan nan nan nan nan nan nan nan nan nan nan nan nan nan nan nan nan nan nan nan nan nan nan nan nan nan nan
39.244698 nan nan nan nan nan nan nan nan nan nan nan nan nan nan nan nan nan nan nan nan nan nan nan nan nan nan nan nan nan
40.431627 nan nan nan nan nan nan nan nan nan nan nan nan nan nan nan nan nan nan nan nan nan nan nan nan nan nan nan nan nan
41.654454 nan nan nan nan nan nan nan nan nan nan nan nan nan nan nan nan nan nan nan nan nan nan nan nan nan nan nan nan nan
42.914265 nan nan nan nan nan nan nan nan nan nan nan nan nan nan nan nan nan nan nan nan nan nan nan nan nan nan nan nan nan
44.212178 nan nan nan nan nan nan nan nan nan nan nan nan nan nan nan nan nan nan nan nan nan nan nan nan nan nan nan nan nan
45.549345 nan nan nan nan nan nan nan nan nan nan nan nan nan nan nan nan nan nan nan nan nan nan nan nan nan nan nan nan nan
46.926954 nan nan nan nan nan nan nan nan nan nan nan nan nan nan nan nan nan nan nan nan nan nan nan nan nan nan nan nan nan
48.346227 nan nan nan nan nan nan nan nan nan nan nan nan nan nan nan nan nan nan nan nan nan nan nan nan nan nan nan nan nan
49.808426 nan nan nan nan nan nan nan nan nan nan nan nan nan nan nan nan nan nan nan nan nan nan nan nan nan nan nan nan nan
