web/models/kne.last_good/kappa_1_10/29/villar_0.0079_0.2023_10.0000.dat
# %ECSV 1.0
# ---
# datatype:
# - {name: time, datatype: float64}
# - {name: swift_uvot_uvw2, datatype: float64}
# - {name: swift_uvot_uvm2, datatype: float64}
# - {name: swift_uvot_uvw1, datatype: float64}
# - {name: swift_uvot_U, datatype: float64}
# - {name: swift_uvot_B, datatype: float64}
# - {name: swift_uvot_V, datatype: float64}
# - {name: swift_uvot_W, datatype: float64}
# - {name: johnson_U, datatype: float64}
# - {name: johnson_B, datatype: float64}
# - {name: johnson_V, datatype: float64}
# - {name: johnson_R, datatype: float64}
# - {name: johnson_I, datatype: float64}
# - {name: sdss_u, datatype: float64}
# - {name: sdss_g, datatype: float64}
# - {name: sdss_r, datatype: float64}
# - {name: sdss_i, datatype: float64}
# - {name: sdss_z, datatype: float64}
# - {name: PS1_g, datatype: float64}
# - {name: PS1_r, datatype: float64}
# - {name: PS1_i, datatype: float64}
# - {name: PS1_z, datatype: float64}
# - {name: PS1_Y, datatype: float64}
# - {name: PS1_w, datatype: float64}
# - {name: ATLAS_c, datatype: float64}
# - {name: ATLAS_o, datatype: float64}
# - {name: ukirt_J, datatype: float64}
# - {name: ukirt_H, datatype: float64}
# - {name: ukirt_K, datatype: float64}
# - {name: Clear, datatype: float64}
# meta: !!omap
# - comment: [kappa = 10.0, type = villar, mass = 0.00793700525986525, velocity = 0.20233333333333337, theta_obs = 0.0]
# schema: astropy-2.0
time swift_uvot_uvw2 swift_uvot_uvm2 swift_uvot_uvw1 swift_uvot_U swift_uvot_B swift_uvot_V swift_uvot_W johnson_U johnson_B johnson_V johnson_R johnson_I sdss_u sdss_g sdss_r sdss_i sdss_z PS1_g PS1_r PS1_i PS1_z PS1_Y PS1_w ATLAS_c ATLAS_o ukirt_J ukirt_H ukirt_K Clear
[from data line 363]
49.808426 146.833 149.693 147.248 145.191 143.535 142.382 144.282 144.89 143.491 142.338 141.546 141.034 144.996 143.07 141.874 141.316 140.982 142.828 141.836 141.287 141.007 140.821 141.841 142.447 141.59 140.702 140.736 140.957 141.822
51.314848 156.362 159.222 156.778 154.72 153.064 151.912 153.812 154.419 153.021 151.868 151.075 150.564 154.525 152.599 151.403 150.845 150.511 152.357 151.366 150.816 150.537 150.35 151.37 151.977 151.119 150.231 150.266 150.486 151.351
52.86683 166.477 169.337 166.892 164.835 163.179 162.026 163.926 164.534 163.135 161.982 161.19 160.678 164.64 162.714 161.518 160.96 160.626 162.472 161.48 160.931 160.651 160.465 161.485 162.091 161.234 160.346 160.38 160.601 161.466
54.465752 177.213 180.072 177.628 175.571 173.915 172.762 174.662 175.269 173.871 172.718 171.925 171.414 175.376 173.45 172.253 171.695 171.361 173.207 172.216 171.667 171.387 171.2 172.221 172.827 171.97 171.081 171.116 171.337 172.201
56.113031 188.607 191.467 189.023 186.966 185.31 184.157 186.057 186.664 185.266 184.113 183.32 182.809 186.77 184.844 183.648 183.09 182.756 184.602 183.611 183.061 182.782 182.595 183.616 184.222 183.364 182.476 182.511 182.731 183.596
57.810132 200.702 203.562 201.117 199.06 197.404 196.251 198.151 198.759 197.36 196.208 195.415 194.903 198.865 196.939 195.743 195.185 194.851 196.697 195.705 195.156 194.876 194.69 195.71 196.316 195.459 194.571 194.605 194.826 195.691
59.55856 213.539 216.399 213.955 211.897 210.241 209.089 210.988 211.596 210.197 209.045 208.252 207.74 211.702 209.776 208.58 208.022 207.688 209.534 208.543 207.993 207.713 207.527 208.547 209.153 208.296 207.408 207.442 207.663 208.528
61.359868 227.165 230.025 227.58 225.523 223.867 222.714 224.614 225.221 223.823 222.67 221.877 221.366 225.328 223.402 222.205 221.647 221.313 223.159 222.168 221.619 221.339 221.152 222.173 222.779 221.922 221.033 221.068 221.289 222.154
63.215655 241.627 244.487 242.042 239.985 238.329 237.176 239.076 239.684 238.285 237.132 236.34 235.828 239.79 237.864 236.668 236.109 235.775 237.622 236.63 236.081 235.801 235.614 236.635 237.241 236.384 235.495 235.53 235.751 236.616
65.127569 256.977 259.837 257.392 255.335 253.679 252.526 254.426 255.034 253.635 252.482 251.69 251.178 255.14 253.214 252.018 251.459 251.125 252.972 251.98 251.431 251.151 250.965 251.985 252.591 251.734 250.846 250.88 251.101 251.966
67.097308 273.269 276.129 273.685 271.628 269.972 268.819 270.719 271.326 269.928 268.775 267.982 267.471 271.432 269.506 268.31 267.752 267.418 269.264 268.273 267.723 267.444 267.257 268.278 268.884 268.026 267.138 267.173 267.393 268.258
69.126621 290.562 293.422 290.978 288.921 287.265 286.112 288.012 288.619 287.221 286.068 285.275 284.764 288.726 286.799 285.603 285.045 284.711 286.557 285.566 285.017 284.737 284.55 285.571 286.177 285.319 284.431 284.466 284.686 285.551
71.217308 308.917 311.777 309.333 307.276 305.619 304.467 306.367 306.974 305.576 304.423 303.63 303.119 307.08 305.154 303.958 303.4 303.066 304.912 303.921 303.371 303.092 302.905 303.926 304.532 303.674 302.786 302.821 303.041 303.906
73.371227 328.399 331.259 328.815 326.757 325.101 323.949 325.849 326.456 325.058 323.905 323.112 322.601 326.562 324.636 323.44 322.882 322.548 324.394 323.403 322.853 322.574 322.387 323.408 324.014 323.156 322.268 322.303 322.523 323.388
75.59029 349.078 351.938 349.493 347.436 345.78 344.627 346.527 347.134 345.736 344.583 343.79 343.279 347.241 345.315 344.118 343.56 343.226 345.072 344.081 343.532 343.252 343.065 344.086 344.692 343.835 342.946 342.981 343.202 344.067
77.876467 371.026 373.885 371.441 369.384 367.728 366.575 368.475 369.082 367.684 366.531 365.738 365.227 369.189 367.263 366.066 365.508 365.174 367.02 366.029 365.48 365.2 365.013 366.034 366.64 365.783 364.894 364.929 365.15 366.014
80.231787 394.321 397.181 394.737 392.679 391.023 389.871 391.77 392.378 390.98 389.827 389.034 388.522 392.484 390.558 389.362 388.804 388.47 390.316 389.325 388.775 388.495 388.309 389.329 389.935 389.078 388.19 388.224 388.445 389.31
82.658343 419.047 421.907 419.463 417.405 415.749 414.597 416.496 417.104 415.706 414.553 413.76 413.249 417.21 415.284 414.088 413.53 413.196 415.042 414.051 413.501 413.221 413.035 414.055 414.662 413.804 412.916 412.951 413.171 414.036
85.158288 445.292 448.151 445.707 443.65 441.994 440.841 442.741 443.348 441.95 440.797 440.004 439.493 443.455 441.529 440.332 439.774 439.44 441.286 440.295 439.746 439.466 439.279 440.3 440.906 440.049 439.16 439.195 439.416 440.28
87.733843 473.147 476.007 473.563 471.505 469.849 468.697 470.597 471.204 469.806 468.653 467.86 467.349 471.31 469.384 468.188 467.63 467.296 469.142 468.151 467.601 467.322 467.135 468.156 468.762 467.904 467.016 467.051 467.271 468.136
90.387293 502.714 505.574 503.129 501.072 499.416 498.263 500.163 500.77 499.372 498.219 497.426 496.915 500.877 498.951 497.754 497.196 496.862 498.708 497.717 497.168 496.888 496.701 497.722 498.328 497.471 496.582 496.617 496.838 497.703
93.120995 534.095 536.955 534.511 532.453 530.797 529.645 531.544 532.152 530.754 529.601 528.808 528.297 532.258 530.332 529.136 528.578 528.244 530.09 529.099 528.549 528.269 528.083 529.103 529.71 528.852 527.964 527.999 528.219 529.084
95.937376 567.404 570.264 567.819 565.762 564.106 562.953 564.853 565.461 564.062 562.91 562.117 561.605 565.567 563.641 562.445 561.887 561.553 563.399 562.407 561.858 561.578 561.392 562.412 563.018 562.161 561.273 561.307 561.528 562.393
98.838937 602.758 605.618 603.173 601.116 599.46 598.307 600.207 600.815 599.416 598.263 597.471 596.959 600.921 598.995 597.799 597.241 596.907 598.753 597.761 597.212 596.932 596.746 597.766 598.372 597.515 596.627 596.661 596.882 597.747
101.828253 640.283 643.143 640.698 638.641 636.985 635.832 637.732 638.34 636.941 635.788 634.996 634.484 638.446 636.52 635.324 634.765 634.431 636.278 635.286 634.737 634.457 634.27 635.291 635.897 635.04 634.151 634.186 634.407 635.272
104.907979 680.112 682.971 680.527 678.47 676.814 675.661 677.561 678.168 676.77 675.617 674.824 674.313 678.275 676.349 675.152 674.594 674.26 676.106 675.115 674.566 674.286 674.099 675.12 675.726 674.869 673.98 674.015 674.236 675.1
108.080849 722.386 725.246 722.802 720.744 719.088 717.935 719.835 720.443 719.044 717.892 717.099 716.587 720.549 718.623 717.427 716.869 716.535 718.381 717.39 716.84 716.56 716.374 717.394 718.0 717.143 716.255 716.289 716.51 717.375
111.349681 767.256 770.116 767.672 765.615 763.959 762.806 764.706 765.313 763.915 762.762 761.969 761.458 765.42 763.493 762.297 761.739 761.405 763.251 762.26 761.711 761.431 761.244 762.265 762.871 762.013 761.125 761.16 761.38 762.245
114.717376 nan nan nan nan nan nan nan nan nan nan nan nan nan nan nan nan nan nan nan nan nan nan nan nan nan nan nan nan nan
118.186925 nan nan nan nan nan nan nan nan nan nan nan nan nan nan nan nan nan nan nan nan nan nan nan nan nan nan nan nan nan
121.761408 nan nan nan nan nan nan nan nan nan nan nan nan nan nan nan nan nan nan nan nan nan nan nan nan nan nan nan nan nan
125.443999 nan nan nan nan nan nan nan nan nan nan nan nan nan nan nan nan nan nan nan nan nan nan nan nan nan nan nan nan nan
129.237967 nan nan nan nan nan nan nan nan nan nan nan nan nan nan nan nan nan nan nan nan nan nan nan nan nan nan nan nan nan
133.146681 nan nan nan nan nan nan nan nan nan nan nan nan nan nan nan nan nan nan nan nan nan nan nan nan nan nan nan nan nan
137.173612 nan nan nan nan nan nan nan nan nan nan nan nan nan nan nan nan nan nan nan nan nan nan nan nan nan nan nan nan nan
141.322334 nan nan nan nan nan nan nan nan nan nan nan nan nan nan nan nan nan nan nan nan nan nan nan nan nan nan nan nan nan
145.596532 nan nan nan nan nan nan nan nan nan nan nan nan nan nan nan nan nan nan nan nan nan nan nan nan nan nan nan nan nan
150.0 nan nan nan nan nan nan nan nan nan nan nan nan nan nan nan nan nan nan nan nan nan nan nan nan nan nan nan nan nan
