web/models/kne.last_good/15/villar_0.2183_0.3277_10.0000.dat
# %ECSV 1.0
# ---
# datatype:
# - {name: time, datatype: float64}
# - {name: swift_uvot_uvw2, datatype: float64}
# - {name: swift_uvot_uvm2, datatype: float64}
# - {name: swift_uvot_uvw1, datatype: float64}
# - {name: swift_uvot_U, datatype: float64}
# - {name: swift_uvot_B, datatype: float64}
# - {name: swift_uvot_V, datatype: float64}
# - {name: swift_uvot_W, datatype: float64}
# - {name: johnson_U, datatype: float64}
# - {name: johnson_B, datatype: float64}
# - {name: johnson_V, datatype: float64}
# - {name: johnson_R, datatype: float64}
# - {name: johnson_I, datatype: float64}
# - {name: sdss_u, datatype: float64}
# - {name: sdss_g, datatype: float64}
# - {name: sdss_r, datatype: float64}
# - {name: sdss_i, datatype: float64}
# - {name: sdss_z, datatype: float64}
# - {name: PS1_g, datatype: float64}
# - {name: PS1_r, datatype: float64}
# - {name: PS1_i, datatype: float64}
# - {name: PS1_z, datatype: float64}
# - {name: PS1_Y, datatype: float64}
# - {name: PS1_w, datatype: float64}
# - {name: ATLAS_c, datatype: float64}
# - {name: ATLAS_o, datatype: float64}
# - {name: ukirt_J, datatype: float64}
# - {name: ukirt_H, datatype: float64}
# - {name: ukirt_K, datatype: float64}
# - {name: Clear, datatype: float64}
# meta: !!omap
# - comment: [kappa = 10.0, type = villar, mass = 0.21832694463104688, velocity = 0.32766666666666666, theta_obs = 0.0, tfloor = 2500.0]
# schema: astropy-2.0
time swift_uvot_uvw2 swift_uvot_uvm2 swift_uvot_uvw1 swift_uvot_U swift_uvot_B swift_uvot_V swift_uvot_W johnson_U johnson_B johnson_V johnson_R johnson_I sdss_u sdss_g sdss_r sdss_i sdss_z PS1_g PS1_r PS1_i PS1_z PS1_Y PS1_w ATLAS_c ATLAS_o ukirt_J ukirt_H ukirt_K Clear
[from data line 203]
0.423513 -18.392 -18.396 -18.372 -18.233 -18.009 -17.727 -18.242 -18.202 -18.005 -17.717 -17.395 -17.005 -18.21 -17.921 -17.544 -17.243 -16.948 -17.904 -17.565 -17.268 -17.059 -17.003 -17.58 -17.774 -17.419 -16.336 -15.823 -15.22 -17.636
0.436321 -18.365 -18.379 -18.362 -18.239 -18.023 -17.746 -18.235 -18.21 -18.02 -17.737 -17.419 -17.033 -18.217 -17.937 -17.566 -17.268 -16.976 -17.92 -17.587 -17.293 -17.085 -17.025 -17.601 -17.793 -17.443 -16.367 -15.856 -15.255 -17.656
0.449518 -18.337 -18.361 -18.351 -18.244 -18.037 -17.766 -18.228 -18.217 -18.033 -17.757 -17.443 -17.06 -18.224 -17.952 -17.588 -17.294 -17.004 -17.936 -17.608 -17.317 -17.11 -17.048 -17.622 -17.811 -17.466 -16.398 -15.89 -15.29 -17.675
0.463113 -18.307 -18.341 -18.339 -18.249 -18.049 -17.785 -18.22 -18.223 -18.046 -17.776 -17.466 -17.087 -18.23 -17.967 -17.61 -17.319 -17.031 -17.951 -17.629 -17.341 -17.135 -17.071 -17.642 -17.828 -17.489 -16.43 -15.923 -15.325 -17.694
0.47712 -18.276 -18.32 -18.325 -18.252 -18.061 -17.803 -18.21 -18.228 -18.058 -17.794 -17.489 -17.114 -18.234 -17.981 -17.631 -17.344 -17.059 -17.965 -17.65 -17.365 -17.16 -17.093 -17.662 -17.845 -17.512 -16.461 -15.956 -15.36 -17.712
0.49155 -18.243 -18.297 -18.31 -18.255 -18.073 -17.821 -18.2 -18.232 -18.069 -17.812 -17.512 -17.14 -18.238 -17.995 -17.652 -17.368 -17.086 -17.979 -17.67 -17.388 -17.185 -17.116 -17.681 -17.862 -17.534 -16.492 -15.989 -15.394 -17.73
0.506416 -18.208 -18.272 -18.294 -18.257 -18.083 -17.839 -18.188 -18.235 -18.08 -17.83 -17.534 -17.167 -18.241 -18.008 -17.672 -17.392 -17.112 -17.993 -17.689 -17.411 -17.209 -17.139 -17.699 -17.878 -17.556 -16.522 -16.022 -15.429 -17.747
0.521733 -18.171 -18.246 -18.276 -18.257 -18.093 -17.855 -18.176 -18.238 -18.09 -17.847 -17.556 -17.193 -18.243 -18.02 -17.692 -17.416 -17.139 -18.005 -17.709 -17.434 -17.234 -17.161 -17.718 -17.893 -17.577 -16.553 -16.054 -15.463 -17.763
0.537512 -18.133 -18.218 -18.257 -18.257 -18.103 -17.872 -18.162 -18.239 -18.099 -17.863 -17.577 -17.218 -18.245 -18.032 -17.712 -17.44 -17.165 -18.018 -17.728 -17.457 -17.258 -17.184 -17.735 -17.908 -17.598 -16.583 -16.087 -15.498 -17.78
0.553769 -18.093 -18.188 -18.236 -18.256 -18.111 -17.888 -18.148 -18.239 -18.108 -17.879 -17.598 -17.244 -18.245 -18.043 -17.731 -17.463 -17.191 -18.029 -17.746 -17.479 -17.282 -17.207 -17.753 -17.922 -17.619 -16.614 -16.12 -15.532 -17.795
0.570517 -18.051 -18.156 -18.214 -18.253 -18.119 -17.903 -18.132 -18.239 -18.115 -17.894 -17.618 -17.269 -18.244 -18.053 -17.749 -17.485 -17.217 -18.04 -17.764 -17.501 -17.306 -17.229 -17.769 -17.936 -17.639 -16.644 -16.152 -15.567 -17.81
0.587772 -18.007 -18.123 -18.191 -18.25 -18.126 -17.917 -18.116 -18.237 -18.122 -17.909 -17.638 -17.293 -18.242 -18.062 -17.767 -17.508 -17.242 -18.05 -17.781 -17.523 -17.329 -17.251 -17.786 -17.949 -17.659 -16.673 -16.184 -15.601 -17.825
0.605549 -17.961 -18.088 -18.166 -18.245 -18.132 -17.931 -18.098 -18.234 -18.128 -17.923 -17.658 -17.318 -18.239 -18.071 -17.785 -17.53 -17.268 -18.06 -17.798 -17.544 -17.352 -17.274 -17.801 -17.961 -17.678 -16.703 -16.216 -15.635 -17.839
0.623863 -17.913 -18.05 -18.139 -18.24 -18.137 -17.945 -18.079 -18.23 -18.134 -17.937 -17.677 -17.342 -18.235 -18.079 -17.802 -17.551 -17.292 -18.068 -17.815 -17.565 -17.375 -17.296 -17.816 -17.973 -17.697 -16.733 -16.248 -15.669 -17.852
0.642731 -17.864 -18.011 -18.111 -18.233 -18.141 -17.957 -18.06 -18.226 -18.138 -17.949 -17.696 -17.366 -18.23 -18.087 -17.818 -17.572 -17.317 -18.077 -17.831 -17.586 -17.398 -17.318 -17.831 -17.984 -17.715 -16.762 -16.28 -15.703 -17.865
0.66217 -17.812 -17.97 -18.081 -18.225 -18.145 -17.97 -18.039 -18.22 -18.142 -17.962 -17.714 -17.389 -18.223 -18.093 -17.834 -17.593 -17.341 -18.084 -17.846 -17.606 -17.42 -17.34 -17.845 -17.994 -17.733 -16.791 -16.312 -15.737 -17.877
0.682197 -17.758 -17.927 -18.049 -18.216 -18.147 -17.981 -18.017 -18.212 -18.144 -17.973 -17.732 -17.412 -18.216 -18.099 -17.85 -17.613 -17.365 -18.091 -17.861 -17.626 -17.443 -17.362 -17.858 -18.004 -17.751 -16.82 -16.344 -15.771 -17.889
0.70283 -17.702 -17.882 -18.016 -18.205 -18.149 -17.992 -17.995 -18.204 -18.146 -17.984 -17.749 -17.435 -18.207 -18.104 -17.864 -17.633 -17.389 -18.096 -17.876 -17.645 -17.465 -17.383 -17.871 -18.013 -17.767 -16.849 -16.375 -15.805 -17.9
0.724086 -17.644 -17.835 -17.981 -18.193 -18.15 -18.002 -17.971 -18.195 -18.147 -17.995 -17.766 -17.458 -18.197 -18.108 -17.879 -17.653 -17.412 -18.101 -17.89 -17.664 -17.486 -17.405 -17.884 -18.021 -17.784 -16.877 -16.407 -15.839 -17.911
0.745986 -17.584 -17.785 -17.945 -18.181 -18.15 -18.012 -17.946 -18.184 -18.147 -18.004 -17.782 -17.48 -18.186 -18.111 -17.892 -17.672 -17.435 -18.106 -17.903 -17.683 -17.508 -17.426 -17.895 -18.029 -17.8 -16.906 -16.438 -15.873 -17.921
0.768548 -17.522 -17.734 -17.907 -18.166 -18.149 -18.02 -17.921 -18.172 -18.146 -18.013 -17.798 -17.501 -18.174 -18.113 -17.906 -17.691 -17.457 -18.109 -17.916 -17.701 -17.529 -17.448 -17.906 -18.036 -17.815 -16.934 -16.469 -15.906 -17.93
0.791792 -17.458 -17.68 -17.867 -18.151 -18.147 -18.028 -17.894 -18.159 -18.144 -18.021 -17.813 -17.523 -18.16 -18.115 -17.918 -17.709 -17.48 -18.112 -17.928 -17.719 -17.549 -17.469 -17.917 -18.042 -17.83 -16.962 -16.5 -15.94 -17.938
0.815739 -17.392 -17.624 -17.825 -18.134 -18.143 -18.036 -17.866 -18.144 -18.141 -18.029 -17.828 -17.544 -18.145 -18.115 -17.93 -17.726 -17.501 -18.114 -17.94 -17.736 -17.57 -17.489 -17.927 -18.047 -17.844 -16.99 -16.531 -15.973 -17.946
0.840411 -17.323 -17.566 -17.781 -18.116 -18.139 -18.042 -17.838 -18.129 -18.137 -18.036 -17.842 -17.564 -18.129 -18.115 -17.941 -17.744 -17.523 -18.115 -17.951 -17.753 -17.59 -17.51 -17.936 -18.052 -17.858 -17.017 -16.562 -16.007 -17.954
0.865828 -17.252 -17.506 -17.736 -18.096 -18.134 -18.048 -17.808 -18.111 -18.132 -18.042 -17.856 -17.584 -18.111 -18.114 -17.952 -17.76 -17.544 -18.115 -17.961 -17.77 -17.609 -17.53 -17.944 -18.056 -17.871 -17.045 -16.593 -16.04 -17.96
0.892015 -17.18 -17.444 -17.689 -18.075 -18.128 -18.053 -17.778 -18.093 -18.126 -18.047 -17.869 -17.604 -18.092 -18.112 -17.962 -17.777 -17.565 -18.114 -17.971 -17.786 -17.629 -17.551 -17.952 -18.059 -17.884 -17.072 -16.623 -16.074 -17.966
0.918993 -17.105 -17.379 -17.64 -18.052 -18.121 -18.057 -17.747 -18.073 -18.119 -18.051 -17.881 -17.624 -18.072 -18.108 -17.971 -17.793 -17.585 -18.112 -17.98 -17.801 -17.648 -17.571 -17.96 -18.061 -17.896 -17.099 -16.654 -16.107 -17.972
0.946787 -17.028 -17.312 -17.589 -18.029 -18.113 -18.061 -17.714 -18.052 -18.111 -18.055 -17.893 -17.643 -18.05 -18.104 -17.98 -17.808 -17.605 -18.11 -17.989 -17.816 -17.667 -17.59 -17.966 -18.062 -17.907 -17.125 -16.684 -16.14 -17.976
0.975422 -16.948 -17.242 -17.536 -18.003 -18.103 -18.064 -17.681 -18.03 -18.102 -18.058 -17.905 -17.662 -18.027 -18.099 -17.988 -17.823 -17.625 -18.106 -17.997 -17.831 -17.685 -17.61 -17.972 -18.063 -17.918 -17.152 -16.714 -16.173 -17.98
1.004923 -16.867 -17.17 -17.482 -17.977 -18.093 -18.065 -17.647 -18.006 -18.091 -18.06 -17.916 -17.68 -18.003 -18.093 -17.996 -17.837 -17.644 -18.102 -18.004 -17.845 -17.703 -17.629 -17.978 -18.062 -17.928 -17.178 -16.744 -16.206 -17.984
1.035317 -16.784 -17.096 -17.425 -17.948 -18.082 -18.066 -17.613 -17.98 -18.08 -18.062 -17.926 -17.698 -17.977 -18.086 -18.002 -17.851 -17.663 -18.097 -18.011 -17.859 -17.72 -17.648 -17.982 -18.061 -17.938 -17.204 -16.774 -16.239 -17.986
1.066629 -16.698 -17.02 -17.367 -17.919 -18.069 -18.067 -17.577 -17.954 -18.067 -18.062 -17.936 -17.715 -17.95 -18.078 -18.009 -17.864 -17.682 -18.09 -18.017 -17.872 -17.738 -17.667 -17.986 -18.059 -17.947 -17.23 -16.804 -16.272 -17.988
1.098888 -16.61 -16.941 -17.307 -17.887 -18.055 -18.066 -17.541 -17.926 -18.054 -18.062 -17.945 -17.732 -17.921 -18.069 -18.014 -17.877 -17.7 -18.083 -18.022 -17.885 -17.755 -17.686 -17.99 -18.057 -17.956 -17.256 -16.834 -16.305 -17.99
1.132124 -16.521 -16.86 -17.245 -17.855 -18.04 -18.065 -17.503 -17.896 -18.039 -18.061 -17.953 -17.749 -17.89 -18.059 -18.019 -17.89 -17.718 -18.075 -18.027 -17.897 -17.771 -17.704 -17.992 -18.053 -17.963 -17.281 -16.863 -16.338 -17.99
1.166364 -16.429 -16.776 -17.182 -17.821 -18.024 -18.063 -17.466 -17.865 -18.023 -18.059 -17.961 -17.765 -17.859 -18.048 -18.023 -17.901 -17.735 -18.066 -18.031 -17.909 -17.787 -17.722 -17.994 -18.049 -17.971 -17.307 -16.893 -16.371 -17.991
1.20164 -16.336 -16.691 -17.116 -17.785 -18.007 -18.06 -17.427 -17.833 -18.007 -18.056 -17.968 -17.781 -17.825 -18.036 -18.026 -17.913 -17.752 -18.056 -18.034 -17.92 -17.803 -17.74 -17.996 -18.043 -17.978 -17.332 -16.922 -16.404 -17.99
1.237983 -16.241 -16.602 -17.049 -17.748 -17.989 -18.056 -17.388 -17.799 -17.989 -18.053 -17.975 -17.797 -17.791 -18.023 -18.029 -17.923 -17.769 -18.045 -18.037 -17.931 -17.818 -17.757 -17.997 -18.037 -17.984 -17.357 -16.952 -16.437 -17.989
1.275425 -16.144 -16.512 -16.98 -17.709 -17.97 -18.051 -17.348 -17.764 -17.969 -18.048 -17.981 -17.812 -17.755 -18.009 -18.031 -17.934 -17.785 -18.033 -18.039 -17.942 -17.833 -17.775 -17.997 -18.03 -17.989 -17.382 -16.981 -16.47 -17.987
1.313999 -16.045 -16.419 -16.909 -17.669 -17.949 -18.046 -17.307 -17.727 -17.949 -18.043 -17.987 -17.826 -17.717 -17.994 -18.032 -17.944 -17.801 -18.02 -18.04 -17.951 -17.848 -17.792 -17.996 -18.023 -17.994 -17.406 -17.01 -16.503 -17.984
1.35374 -15.945 -16.324 -16.837 -17.627 -17.928 -18.039 -17.266 -17.689 -17.928 -18.037 -17.992 -17.841 -17.678 -17.978 -18.033 -17.953 -17.817 -18.006 -18.04 -17.961 -17.862 -17.809 -17.995 -18.014 -17.999 -17.43 -17.039 -16.535 -17.981
1.394683 -15.843 -16.227 -16.763 -17.584 -17.905 -18.032 -17.224 -17.649 -17.905 -18.03 -17.997 -17.855 -17.638 -17.961 -18.033 -17.962 -17.832 -17.991 -18.04 -17.97 -17.876 -17.825 -17.993 -18.005 -18.002 -17.455 -17.068 -16.568 -17.978
1.436864 -15.74 -16.128 -16.687 -17.54 -17.881 -18.024 -17.182 -17.608 -17.882 -18.023 -18.001 -17.868 -17.596 -17.943 -18.032 -17.97 -17.847 -17.976 -18.04 -17.978 -17.89 -17.842 -17.991 -17.994 -18.006 -17.479 -17.097 -16.601 -17.974
1.480321 -15.635 -16.026 -16.609 -17.494 -17.856 -18.015 -17.14 -17.566 -17.857 -18.014 -18.004 -17.881 -17.553 -17.924 -18.03 -17.978 -17.861 -17.959 -18.039 -17.986 -17.903 -17.858 -17.988 -17.983 -18.008 -17.502 -17.126 -16.634 -17.969
1.525092 -15.53 -15.923 -16.531 -17.446 -17.831 -18.006 -17.097 -17.523 -17.832 -18.005 -18.007 -17.894 -17.508 -17.904 -18.028 -17.985 -17.876 -17.942 -18.037 -17.994 -17.916 -17.874 -17.984 -17.972 -18.01 -17.526 -17.154 -16.667 -17.964
1.571218 -15.423 -15.817 -16.45 -17.398 -17.804 -17.995 -17.053 -17.478 -17.805 -17.995 -18.009 -17.907 -17.462 -17.884 -18.026 -17.992 -17.889 -17.924 -18.034 -18.001 -17.929 -17.889 -17.98 -17.959 -18.012 -17.55 -17.183 -16.7 -17.958
1.618738 -15.316 -15.71 -16.369 -17.348 -17.776 -17.984 -17.009 -17.432 -17.778 -17.985 -18.011 -17.919 -17.415 -17.862 -18.023 -17.999 -17.903 -17.905 -18.031 -18.007 -17.941 -17.905 -17.975 -17.946 -18.013 -17.573 -17.212 -16.732 -17.952
1.667696 -15.208 -15.6 -16.286 -17.296 -17.747 -17.973 -16.965 -17.384 -17.749 -17.974 -18.013 -17.931 -17.366 -17.839 -18.019 -18.005 -17.916 -17.885 -18.027 -18.014 -17.953 -17.92 -17.97 -17.932 -18.014 -17.597 -17.241 -16.765 -17.945
1.718134 -15.099 -15.489 -16.201 -17.244 -17.717 -17.96 -16.921 -17.336 -17.72 -17.962 -18.014 -17.943 -17.317 -17.816 -18.015 -18.011 -17.929 -17.864 -18.023 -18.02 -17.965 -17.935 -17.965 -17.917 -18.014 -17.62 -17.269 -16.798 -17.938
1.770098 -14.99 -15.376 -16.116 -17.19 -17.686 -17.947 -16.877 -17.286 -17.689 -17.949 -18.014 -17.954 -17.266 -17.792 -18.01 -18.016 -17.942 -17.843 -18.018 -18.025 -17.977 -17.95 -17.959 -17.902 -18.014 -17.643 -17.298 -16.832 -17.93
1.823633 -14.881 -15.261 -16.029 -17.135 -17.655 -17.933 -16.832 -17.236 -17.658 -17.936 -18.014 -17.965 -17.214 -17.767 -18.004 -18.021 -17.955 -17.821 -18.013 -18.03 -17.988 -17.965 -17.952 -17.886 -18.013 -17.666 -17.327 -16.865 -17.923
1.878788 -14.772 -15.145 -15.942 -17.079 -17.622 -17.919 -16.788 -17.184 -17.626 -17.922 -18.014 -17.976 -17.161 -17.742 -17.998 -18.026 -17.967 -17.798 -18.008 -18.035 -17.999 -17.979 -17.946 -17.87 -18.012 -17.689 -17.356 -16.898 -17.915
1.93561 -14.664 -15.028 -15.854 -17.023 -17.589 -17.904 -16.743 -17.131 -17.594 -17.908 -18.013 -17.987 -17.107 -17.715 -17.992 -18.03 -17.979 -17.775 -18.002 -18.04 -18.01 -17.994 -17.938 -17.853 -18.01 -17.712 -17.384 -16.932 -17.906
1.994152 -14.556 -14.909 -15.765 -16.965 -17.556 -17.889 -16.698 -17.078 -17.56 -17.893 -18.013 -17.997 -17.052 -17.689 -17.986 -18.035 -17.991 -17.751 -17.995 -18.045 -18.021 -18.009 -17.931 -17.836 -18.009 -17.735 -17.413 -16.965 -17.898
2.054463 -14.449 -14.789 -15.675 -16.906 -17.521 -17.873 -16.654 -17.023 -17.527 -17.878 -18.011 -18.008 -16.996 -17.661 -17.979 -18.039 -18.003 -17.726 -17.988 -18.049 -18.031 -18.023 -17.923 -17.818 -18.007 -17.758 -17.442 -16.999 -17.889
2.116599 -14.344 -14.668 -15.585 -16.847 -17.486 -17.857 -16.61 -16.969 -17.492 -17.862 -18.01 -18.018 -16.94 -17.633 -17.971 -18.042 -18.015 -17.702 -17.981 -18.053 -18.042 -18.038 -17.916 -17.8 -18.005 -17.782 -17.471 -17.033 -17.88
2.180614 -14.24 -14.547 -15.495 -16.787 -17.451 -17.84 -16.566 -16.913 -17.457 -17.846 -18.009 -18.028 -16.883 -17.605 -17.964 -18.046 -18.027 -17.677 -17.974 -18.057 -18.052 -18.052 -17.908 -17.782 -18.002 -17.805 -17.501 -17.067 -17.872
2.246566 -14.137 -14.424 -15.404 -16.727 -17.415 -17.823 -16.522 -16.857 -17.422 -17.83 -18.007 -18.039 -16.825 -17.577 -17.956 -18.05 -18.038 -17.651 -17.967 -18.061 -18.063 -18.067 -17.9 -17.764 -18.0 -17.828 -17.53 -17.101 -17.863
2.314511 -14.037 -14.302 -15.313 -16.666 -17.379 -17.806 -16.479 -16.801 -17.387 -17.814 -18.006 -18.049 -16.768 -17.548 -17.948 -18.053 -18.05 -17.626 -17.959 -18.064 -18.073 -18.081 -17.892 -17.745 -17.997 -17.852 -17.56 -17.136 -17.855
2.384512 -13.94 -14.179 -15.223 -16.605 -17.343 -17.789 -16.437 -16.744 -17.351 -17.797 -18.004 -18.059 -16.709 -17.519 -17.94 -18.057 -18.062 -17.6 -17.952 -18.068 -18.084 -18.096 -17.884 -17.727 -17.995 -17.875 -17.589 -17.17 -17.846
2.45663 -13.845 -14.056 -15.133 -16.544 -17.307 -17.772 -16.395 -16.687 -17.315 -17.781 -18.002 -18.07 -16.651 -17.491 -17.932 -18.06 -18.074 -17.575 -17.944 -18.072 -18.095 -18.111 -17.877 -17.708 -17.992 -17.899 -17.62 -17.205 -17.838
2.530929 -13.754 -13.933 -15.043 -16.483 -17.27 -17.755 -16.354 -16.631 -17.28 -17.765 -18.001 -18.081 -16.593 -17.462 -17.925 -18.064 -18.086 -17.549 -17.937 -18.076 -18.106 -18.126 -17.869 -17.69 -17.99 -17.923 -17.65 -17.241 -17.83
2.607475 -13.666 -13.81 -14.954 -16.422 -17.234 -17.738 -16.314 -16.574 -17.244 -17.748 -18.0 -18.092 -16.535 -17.433 -17.917 -18.068 -18.099 -17.524 -17.93 -18.081 -18.117 -18.142 -17.862 -17.671 -17.988 -17.947 -17.681 -17.276 -17.823
2.686337 -13.582 -13.689 -14.867 -16.361 -17.199 -17.722 -16.275 -16.518 -17.209 -17.733 -17.999 -18.103 -16.477 -17.405 -17.91 -18.072 -18.112 -17.499 -17.923 -18.085 -18.128 -18.158 -17.855 -17.654 -17.986 -17.972 -17.712 -17.313 -17.816
2.767583 -13.502 -13.568 -14.78 -16.301 -17.163 -17.705 -16.236 -16.462 -17.175 -17.717 -17.999 -18.114 -16.42 -17.377 -17.903 -18.077 -18.125 -17.475 -17.916 -18.09 -18.14 -18.174 -17.849 -17.636 -17.985 -17.997 -17.743 -17.349 -17.81
2.851287 -13.427 -13.448 -14.694 -16.242 -17.129 -17.69 -16.2 -16.407 -17.141 -17.702 -17.999 -18.127 -16.363 -17.35 -17.896 -18.082 -18.138 -17.451 -17.91 -18.096 -18.152 -18.19 -17.843 -17.619 -17.984 -18.022 -17.775 -17.386 -17.805
2.937522 -13.356 -13.33 -14.61 -16.183 -17.095 -17.674 -16.164 -16.353 -17.107 -17.688 -17.999 -18.139 -16.307 -17.323 -17.89 -18.087 -18.152 -17.428 -17.905 -18.102 -18.165 -18.208 -17.838 -17.603 -17.984 -18.048 -17.807 -17.423 -17.8
