web/models/grb/offaxis/6/grb_0.2967_1000.0000_0.0000016.dat
# %ECSV 1.0
# ---
# datatype:
# - {name: time, datatype: float64}
# - {name: swift_uvot_uvw2, datatype: float64}
# - {name: swift_uvot_uvm2, datatype: float64}
# - {name: swift_uvot_uvw1, datatype: float64}
# - {name: swift_uvot_U, datatype: float64}
# - {name: swift_uvot_B, datatype: float64}
# - {name: swift_uvot_V, datatype: float64}
# - {name: swift_uvot_W, datatype: float64}
# - {name: johnson_U, datatype: float64}
# - {name: johnson_B, datatype: float64}
# - {name: johnson_V, datatype: float64}
# - {name: johnson_R, datatype: float64}
# - {name: johnson_I, datatype: float64}
# - {name: sdss_u, datatype: float64}
# - {name: sdss_g, datatype: float64}
# - {name: sdss_r, datatype: float64}
# - {name: sdss_i, datatype: float64}
# - {name: sdss_z, datatype: float64}
# - {name: PS1_g, datatype: float64}
# - {name: PS1_r, datatype: float64}
# - {name: PS1_i, datatype: float64}
# - {name: PS1_z, datatype: float64}
# - {name: PS1_Y, datatype: float64}
# - {name: ukirt_J, datatype: float64}
# - {name: ukirt_H, datatype: float64}
# - {name: ukirt_K, datatype: float64}
# meta: !!omap
# - comment: [E = 0.43396498804093575, Eta0 = 8.02, GammaB = 12.0, dL = 0.012188, epsb = 6.760829753919819e-06, epse = 0.1, n = 1.584893192461114e-06,
#     p = 2.15, theta_obs = 0.29670597283903605, xiN = 1.0, z = 0.0, type = grb, E_kiso = 1000.0]
# schema: astropy-2.0
time swift_uvot_uvw2 swift_uvot_uvm2 swift_uvot_uvw1 swift_uvot_U swift_uvot_B swift_uvot_V swift_uvot_W johnson_U johnson_B johnson_V johnson_R johnson_I sdss_u sdss_g sdss_r sdss_i sdss_z PS1_g PS1_r PS1_i PS1_z PS1_Y ukirt_J ukirt_H ukirt_K
[from data line 150]
0.3571 nan nan nan nan nan nan nan nan nan nan nan nan nan nan nan nan nan nan nan nan nan nan nan nan nan
0.3657 nan nan nan nan nan nan nan nan nan nan nan nan nan nan nan nan nan nan nan nan nan nan nan nan nan
0.3746 nan nan nan nan nan nan nan nan nan nan nan nan nan nan nan nan nan nan nan nan nan nan nan nan nan
0.3836 nan nan nan nan nan nan nan nan nan nan nan nan nan nan nan nan nan nan nan nan nan nan nan nan nan
0.3929 nan nan nan nan nan nan nan nan nan nan nan nan nan nan nan nan nan nan nan nan nan nan nan nan nan
0.4023 nan nan nan nan nan nan nan nan nan nan nan nan nan nan nan nan nan nan nan nan nan nan nan nan nan
0.412 20.469 20.518 20.444 20.251 20.108 19.969 20.33 20.228 20.106 19.964 19.823 19.675 20.233 20.061 19.889 19.768 19.657 19.997 19.854 19.735 19.636 19.467 19.446 19.276 19.086
0.422 19.906 19.955 19.88 19.687 19.545 19.406 19.766 19.665 19.542 19.401 19.26 19.111 19.67 19.497 19.325 19.205 19.094 19.434 19.291 19.171 19.072 18.904 18.882 18.713 18.522
0.4322 19.342 19.392 19.317 19.124 18.981 18.842 19.203 19.101 18.979 18.837 18.697 18.548 19.106 18.934 18.762 18.641 18.531 18.87 18.728 18.608 18.509 18.34 18.319 18.149 17.959
0.4426 18.779 18.828 18.753 18.56 18.418 18.279 18.64 18.538 18.416 18.274 18.133 17.985 18.543 18.37 18.199 18.078 17.967 18.307 18.164 18.044 17.945 17.777 17.755 17.586 17.396
0.4533 18.215 18.265 18.19 17.997 17.855 17.715 18.076 17.975 17.852 17.71 17.57 17.421 17.98 17.807 17.635 17.515 17.404 17.743 17.601 17.481 17.382 17.214 17.192 17.023 16.832
0.4642 17.652 17.701 17.627 17.434 17.291 17.152 17.513 17.411 17.289 17.147 17.006 16.858 17.416 17.244 17.072 16.951 16.84 17.18 17.037 16.918 16.818 16.65 16.629 16.459 16.269
0.4754 17.089 17.138 17.063 16.87 16.728 16.589 16.949 16.848 16.725 16.584 16.443 16.294 16.853 16.68 16.508 16.388 16.277 16.617 16.474 16.354 16.255 16.087 16.065 15.896 15.705
0.4869 16.525 16.575 16.5 16.307 16.164 16.025 16.386 16.284 16.162 16.02 15.88 15.731 16.289 16.117 15.945 15.824 15.714 16.053 15.911 15.791 15.692 15.523 15.502 15.332 15.142
0.4986 15.962 16.011 15.936 15.743 15.601 15.462 15.823 15.721 15.599 15.457 15.316 15.168 15.726 15.553 15.382 15.261 15.15 15.49 15.347 15.227 15.128 14.96 14.938 14.769 14.579
0.5106 15.398 15.448 15.373 15.18 15.038 14.898 15.259 15.158 15.035 14.893 14.753 14.604 15.163 14.99 14.818 14.698 14.587 14.926 14.784 14.664 14.565 14.397 14.375 14.206 14.015
0.523 15.077 15.126 15.052 14.859 14.716 14.577 14.938 14.836 14.714 14.572 14.431 14.283 14.841 14.669 14.497 14.376 14.265 14.605 14.462 14.342 14.243 14.075 14.053 13.884 13.694
0.5356 14.933 14.982 14.907 14.714 14.572 14.433 14.794 14.692 14.569 14.428 14.287 14.139 14.697 14.524 14.353 14.232 14.121 14.461 14.318 14.198 14.099 13.931 13.909 13.74 13.55
0.5485 14.788 14.838 14.763 14.57 14.428 14.288 14.649 14.548 14.425 14.283 14.143 13.994 14.553 14.38 14.208 14.088 13.977 14.316 14.174 14.054 13.955 13.787 13.765 13.596 13.405
0.5617 14.644 14.694 14.619 14.426 14.283 14.144 14.505 14.403 14.281 14.139 13.999 13.85 14.408 14.236 14.064 13.943 13.833 14.172 14.029 13.91 13.811 13.642 13.621 13.451 13.261
0.5753 14.5 14.549 14.474 14.281 14.139 14.0 14.361 14.259 14.137 13.995 13.854 13.706 14.264 14.092 13.92 13.799 13.688 14.028 13.885 13.765 13.666 13.498 13.476 13.307 13.117
0.5891 14.356 14.405 14.33 14.137 13.995 13.856 14.216 14.115 13.992 13.85 13.71 13.561 14.12 13.947 13.775 13.655 13.544 13.883 13.741 13.621 13.522 13.354 13.332 13.163 12.972
0.6034 14.211 14.261 14.186 13.993 13.85 13.711 14.072 13.97 13.848 13.706 13.566 13.417 13.976 13.803 13.631 13.51 13.4 13.739 13.597 13.477 13.378 13.209 13.188 13.018 12.828
0.6179 14.067 14.116 14.042 13.849 13.706 13.567 13.928 13.826 13.704 13.562 13.421 13.273 13.831 13.659 13.487 13.366 13.255 13.595 13.452 13.333 13.233 13.065 13.044 12.874 12.684
0.6328 13.923 13.972 13.897 13.704 13.562 13.423 13.784 13.682 13.559 13.418 13.277 13.129 13.687 13.514 13.343 13.222 13.111 13.451 13.308 13.188 13.089 12.921 12.899 12.73 12.54
0.6481 13.778 13.828 13.753 13.56 13.418 13.278 13.639 13.538 13.415 13.273 13.133 12.984 13.543 13.37 13.198 13.078 12.967 13.306 13.164 13.044 12.945 12.777 12.755 12.586 12.395
0.6637 13.715 13.764 13.689 13.496 13.354 13.215 13.576 13.474 13.352 13.21 13.069 12.921 13.479 13.306 13.135 13.014 12.903 13.243 13.1 12.98 12.881 12.713 12.691 12.522 12.332
0.6797 13.658 13.708 13.633 13.44 13.298 13.159 13.519 13.418 13.295 13.153 13.013 12.864 13.423 13.25 13.078 12.958 12.847 13.186 13.044 12.924 12.825 12.657 12.635 12.466 12.275
0.6961 13.602 13.651 13.577 13.384 13.241 13.102 13.463 13.361 13.239 13.097 12.957 12.808 13.366 13.194 13.022 12.901 12.791 13.13 12.987 12.868 12.769 12.6 12.579 12.409 12.219
0.7129 13.546 13.595 13.52 13.327 13.185 13.046 13.407 13.305 13.182 13.041 12.9 12.752 13.31 13.137 12.966 12.845 12.734 13.074 12.931 12.811 12.712 12.544 12.522 12.353 12.163
0.7301 13.489 13.539 13.464 13.271 13.129 12.989 13.35 13.249 13.126 12.984 12.844 12.695 13.254 13.081 12.909 12.788 12.678 13.017 12.875 12.755 12.656 12.488 12.466 12.297 12.106
0.7477 13.433 13.482 13.408 13.215 13.072 12.933 13.294 13.192 13.07 12.928 12.787 12.639 13.197 13.025 12.853 12.732 12.621 12.961 12.818 12.698 12.599 12.431 12.409 12.24 12.05
0.7658 13.377 13.426 13.351 13.158 13.016 12.877 13.237 13.136 13.013 12.871 12.731 12.582 13.141 12.968 12.796 12.676 12.565 12.904 12.762 12.642 12.543 12.375 12.353 12.184 11.993
0.7842 13.32 13.37 13.295 13.102 12.959 12.82 13.181 13.079 12.957 12.815 12.675 12.526 13.084 12.912 12.74 12.619 12.509 12.848 12.706 12.586 12.487 12.318 12.297 12.127 11.937
0.8032 13.264 13.313 13.238 13.045 12.903 12.764 13.125 13.023 12.901 12.759 12.618 12.47 13.028 12.856 12.684 12.563 12.452 12.792 12.649 12.529 12.43 12.262 12.24 12.071 11.881
0.8225 13.206 13.255 13.18 12.987 12.845 12.706 13.067 12.965 12.843 12.701 12.56 12.412 12.97 12.797 12.626 12.505 12.394 12.734 12.591 12.471 12.372 12.204 12.182 12.013 11.823
0.8424 13.122 13.171 13.097 12.904 12.761 12.622 12.983 12.881 12.759 12.617 12.476 12.328 12.886 12.714 12.542 12.421 12.311 12.65 12.507 12.388 12.289 12.12 12.099 11.929 11.739
0.8627 13.038 13.088 13.013 12.82 12.677 12.538 12.899 12.798 12.675 12.533 12.393 12.244 12.803 12.63 12.458 12.337 12.227 12.566 12.424 12.304 12.205 12.037 12.015 11.846 11.655
0.8835 12.955 13.004 12.929 12.736 12.594 12.455 12.815 12.714 12.591 12.449 12.309 12.16 12.719 12.546 12.374 12.254 12.143 12.482 12.34 12.22 12.121 11.953 11.931 11.762 11.571
0.9048 12.871 12.92 12.845 12.652 12.51 12.371 12.732 12.63 12.508 12.366 12.225 12.077 12.635 12.462 12.291 12.17 12.059 12.399 12.256 12.136 12.037 11.869 11.847 11.678 11.488
0.9266 12.787 12.836 12.762 12.569 12.426 12.287 12.648 12.546 12.424 12.282 12.141 11.993 12.551 12.379 12.207 12.086 11.976 12.315 12.172 12.053 11.954 11.785 11.764 11.594 11.404
0.949 12.703 12.753 12.678 12.485 12.342 12.203 12.564 12.463 12.34 12.198 12.058 11.909 12.468 12.295 12.123 12.002 11.892 12.231 12.089 11.969 11.87 11.702 11.68 11.51 11.32
0.9719 12.62 12.669 12.594 12.401 12.259 12.12 12.48 12.379 12.256 12.114 11.974 11.825 12.384 12.211 12.039 11.919 11.808 12.147 12.005 11.885 11.786 11.618 11.596 11.427 11.236
0.9953 12.536 12.585 12.51 12.317 12.175 12.036 12.397 12.295 12.173 12.031 11.89 11.742 12.3 12.127 11.956 11.835 11.724 12.064 11.921 11.801 11.702 11.534 11.512 11.343 11.153
1.0194 12.452 12.501 12.427 12.234 12.091 11.952 12.313 12.211 12.089 11.947 11.806 11.658 12.216 12.044 11.872 11.751 11.641 11.98 11.837 11.718 11.619 11.45 11.429 11.259 11.069
1.0439 12.321 12.37 12.296 12.103 11.96 11.821 12.182 12.08 11.958 11.816 11.676 11.527 12.085 11.913 11.741 11.62 11.51 11.849 11.706 11.587 11.488 11.319 11.298 11.128 10.938
1.0691 12.006 12.055 11.98 11.787 11.645 11.506 11.866 11.765 11.642 11.501 11.36 11.211 11.77 11.597 11.425 11.305 11.194 11.534 11.391 11.271 11.172 11.004 10.982 10.813 10.622
1.0949 11.69 11.74 11.665 11.472 11.329 11.19 11.551 11.449 11.327 11.185 11.045 10.896 11.454 11.282 11.11 10.989 10.879 11.218 11.075 10.956 10.857 10.688 10.667 10.497 10.307
1.1213 11.375 11.424 11.349 11.156 11.014 10.875 11.236 11.134 11.011 10.87 10.729 10.581 11.139 10.966 10.794 10.674 10.563 10.903 10.76 10.64 10.541 10.373 10.351 10.182 9.992
1.1484 11.059 11.109 11.034 10.841 10.698 10.559 10.92 10.818 10.696 10.554 10.414 10.265 10.823 10.651 10.479 10.358 10.248 10.587 10.445 10.325 10.226 10.057 10.036 9.866 9.676
1.1761 10.744 10.793 10.718 10.525 10.383 10.244 10.605 10.503 10.38 10.239 10.098 9.95 10.508 10.335 10.164 10.043 9.932 10.272 10.129 10.009 9.91 9.742 9.72 9.551 9.361
1.2044 10.428 10.478 10.403 10.21 10.067 9.928 10.289 10.187 10.065 9.923 9.783 9.634 10.192 10.02 9.848 9.727 9.617 9.956 9.814 9.694 9.595 9.426 9.405 9.235 9.045
1.2335 10.113 10.162 10.087 9.894 9.752 9.613 9.974 9.872 9.75 9.608 9.467 9.319 9.877 9.704 9.533 9.412 9.301 9.641 9.498 9.378 9.279 9.111 9.089 8.92 8.73
1.2633 9.797 9.847 9.772 9.579 9.436 9.297 9.658 9.556 9.434 9.292 9.152 9.003 9.562 9.389 9.217 9.096 8.986 9.325 9.183 9.063 8.964 8.795 8.774 8.604 8.414
1.2937 9.482 9.531 9.456 9.263 9.121 8.982 9.343 9.241 9.119 8.977 8.836 8.688 9.246 9.073 8.902 8.781 8.67 9.01 8.867 8.747 8.648 8.48 8.458 8.289 8.099
1.3249 9.228 9.278 9.203 9.01 8.867 8.728 9.089 8.987 8.865 8.723 8.583 8.434 8.993 8.82 8.648 8.527 8.417 8.756 8.614 8.494 8.395 8.226 8.205 8.035 7.845
1.3569 9.091 9.141 9.066 8.873 8.731 8.591 8.952 8.851 8.728 8.586 8.446 8.297 8.856 8.683 8.511 8.391 8.28 8.619 8.477 8.357 8.258 8.09 8.068 7.899 7.708
1.3896 8.955 9.004 8.929 8.736 8.594 8.455 8.815 8.714 8.591 8.449 8.309 8.16 8.719 8.546 8.374 8.254 8.143 8.482 8.34 8.22 8.121 7.953 7.931 7.762 7.571
1.4232 8.818 8.867 8.792 8.599 8.457 8.318 8.679 8.577 8.455 8.313 8.172 8.024 8.582 8.409 8.238 8.117 8.006 8.346 8.203 8.083 7.984 7.816 7.794 7.625 7.435
1.4575 8.681 8.73 8.655 8.463 8.32 8.181 8.542 8.44 8.318 8.176 8.035 7.887 8.445 8.273 8.101 7.98 7.869 8.209 8.066 7.946 7.847 7.679 7.657 7.488 7.298
1.4927 8.544 8.593 8.519 8.326 8.183 8.044 8.405 8.303 8.181 8.039 7.898 7.75 8.308 8.136 7.964 7.843 7.733 8.072 7.929 7.81 7.711 7.542 7.521 7.351 7.161
1.5287 8.407 8.457 8.382 8.189 8.046 7.907 8.268 8.166 8.044 7.902 7.762 7.613 8.171 7.999 7.827 7.706 7.596 7.935 7.793 7.673 7.574 7.405 7.384 7.214 7.024
1.5655 8.27 8.32 8.245 8.052 7.91 7.77 8.131 8.03 7.907 7.765 7.625 7.476 8.035 7.862 7.69 7.569 7.459 7.798 7.656 7.536 7.437 7.269 7.247 7.078 6.887
1.6033 8.133 8.183 8.108 7.915 7.773 7.634 7.994 7.893 7.77 7.628 7.488 7.339 7.898 7.725 7.553 7.433 7.322 7.661 7.519 7.399 7.3 7.132 7.11 6.941 6.75
1.642 7.997 8.046 7.971 7.778 7.636 7.497 7.858 7.756 7.633 7.492 7.351 7.203 7.761 7.588 7.417 7.296 7.185 7.525 7.382 7.262 7.163 6.995 6.973 6.804 6.614
1.6816 7.888 7.937 7.862 7.669 7.527 7.388 7.748 7.647 7.524 7.383 7.242 7.093 7.652 7.479 7.307 7.187 7.076 7.416 7.273 7.153 7.054 6.886 6.864 6.695 6.504
1.7222 7.807 7.857 7.782 7.589 7.447 7.307 7.668 7.567 7.444 7.302 7.162 7.013 7.572 7.399 7.227 7.106 6.996 7.335 7.193 7.073 6.974 6.806 6.784 6.615 6.424
1.7637 7.727 7.777 7.702 7.509 7.366 7.227 7.588 7.486 7.364 7.222 7.082 6.933 7.491 7.319 7.147 7.026 6.916 7.255 7.112 6.993 6.894 6.725 6.704 6.534 6.344
1.8062 7.647 7.696 7.621 7.429 7.286 7.147 7.508 7.406 7.284 7.142 7.001 6.853 7.411 7.239 7.067 6.946 6.835 7.175 7.032 6.912 6.813 6.645 6.623 6.454 6.264
1.8498 7.567 7.616 7.541 7.348 7.206 7.067 7.428 7.326 7.203 7.062 6.921 6.773 7.331 7.158 6.987 6.866 6.755 7.095 6.952 6.832 6.733 6.565 6.543 6.374 6.184
1.8944 7.486 7.536 7.461 7.268 7.126 6.987 7.347 7.246 7.123 6.981 6.841 6.692 7.251 7.078 6.906 6.786 6.675 7.014 6.872 6.752 6.653 6.485 6.463 6.294 6.103
1.9401 7.406 7.456 7.381 7.188 7.045 6.906 7.267 7.165 7.043 6.901 6.761 6.612 7.171 6.998 6.826 6.705 6.595 6.934 6.792 6.672 6.573 6.404 6.383 6.213 6.023
1.9869 7.326 7.375 7.301 7.108 6.965 6.826 7.187 7.085 6.963 6.821 6.68 6.532 7.09 6.918 6.746 6.625 6.515 6.854 6.711 6.592 6.493 6.324 6.303 6.133 5.943
2.0349 7.246 7.295 7.22 7.027 6.885 6.746 7.107 7.005 6.883 6.741 6.6 6.452 7.01 6.837 6.666 6.545 6.434 6.774 6.631 6.511 6.412 6.244 6.222 6.053 5.863
2.084 7.166 7.215 7.14 6.947 6.805 6.666 7.026 6.925 6.802 6.66 6.52 6.371 6.93 6.757 6.585 6.465 6.354 6.693 6.551 6.431 6.332 6.164 6.142 5.973 5.782
2.1342 7.101 7.151 7.076 6.883 6.74 6.601 6.962 6.86 6.738 6.596 6.456 6.307 6.865 6.693 6.521 6.4 6.29 6.629 6.486 6.367 6.268 6.099 6.078 5.908 5.718
2.1857 7.046 7.095 7.02 6.827 6.685 6.546 6.907 6.805 6.683 6.541 6.4 6.252 6.81 6.637 6.466 6.345 6.234 6.574 6.431 6.311 6.212 6.044 6.022 5.853 5.663
2.2384 6.99 7.04 6.965 6.772 6.63 6.49 6.851 6.75 6.627 6.485 6.345 6.196 6.755 6.582 6.41 6.29 6.179 6.518 6.376 6.256 6.157 5.989 5.967 5.798 5.607
2.2924 6.935 6.984 6.91 6.717 6.574 6.435 6.796 6.694 6.572 6.43 6.289 6.141 6.699 6.527 6.355 6.234 6.124 6.463 6.32 6.201 6.102 5.933 5.912 5.742 5.552
2.3477 6.88 6.929 6.854 6.661 6.519 6.38 6.741 6.639 6.517 6.375 6.234 6.086 6.644 6.471 6.3 6.179 6.068 6.408 6.265 6.145 6.046 5.878 5.856 5.687 5.497
2.4044 6.824 6.874 6.799 6.606 6.464 6.324 6.685 6.584 6.461 6.319 6.179 6.03 6.589 6.416 6.244 6.123 6.013 6.352 6.21 6.09 5.991 5.823 5.801 5.632 5.441
2.4624 6.769 6.818 6.744 6.551 6.408 6.269 6.63 6.528 6.406 6.264 6.123 5.975 6.533 6.361 6.189 6.068 5.958 6.297 6.154 6.035 5.936 5.767 5.746 5.576 5.386
2.5218 6.714 6.763 6.688 6.495 6.353 6.214 6.575 6.473 6.35 6.209 6.068 5.92 6.478 6.305 6.133 6.013 5.902 6.242 6.099 5.979 5.88 5.712 5.69 5.521 5.331
2.5826 6.658 6.708 6.633 6.44 6.298 6.158 6.519 6.418 6.295 6.153 6.013 5.864 6.423 6.25 6.078 5.957 5.847 6.186 6.044 5.924 5.825 5.657 5.635 5.466 5.275
2.6449 6.603 6.652 6.578 6.385 6.242 6.103 6.464 6.362 6.24 6.098 5.957 5.809 6.367 6.195 6.023 5.902 5.791 6.131 5.988 5.869 5.769 5.601 5.58 5.41 5.22
2.7087 6.53 6.58 6.505 6.312 6.17 6.03 6.391 6.29 6.167 6.025 5.885 5.736 6.295 6.122 5.95 5.83 5.719 6.058 5.916 5.796 5.697 5.529 5.507 5.338 5.147
2.7741 6.453 6.502 6.427 6.234 6.092 5.953 6.314 6.212 6.09 5.948 5.807 5.659 6.217 6.045 5.873 5.752 5.641 5.981 5.838 5.718 5.619 5.451 5.429 5.26 5.07
2.841 6.375 6.425 6.35 6.157 6.015 5.875 6.236 6.135 6.012 5.87 5.73 5.581 6.14 5.967 5.795 5.674 5.564 5.903 5.761 5.641 5.542 5.374 5.352 5.183 4.992
2.9095 6.298 6.347 6.272 6.079 5.937 5.798 6.159 6.057 5.935 5.793 5.652 5.504 6.062 5.889 5.718 5.597 5.486 5.826 5.683 5.563 5.464 5.296 5.274 5.105 4.915
2.9797 6.22 6.27 6.195 6.002 5.859 5.72 6.081 5.98 5.857 5.715 5.575 5.426 5.985 5.812 5.64 5.519 5.409 5.748 5.606 5.486 5.387 5.219 5.197 5.027 4.837
3.0516 6.143 6.192 6.117 5.924 5.782 5.643 6.004 5.902 5.78 5.638 5.497 5.349 5.907 5.734 5.563 5.442 5.331 5.671 5.528 5.408 5.309 5.141 5.119 4.95 4.76
3.1252 6.065 6.115 6.04 5.847 5.704 5.565 5.926 5.824 5.702 5.56 5.42 5.271 5.829 5.657 5.485 5.364 5.254 5.593 5.451 5.331 5.232 5.063 5.042 4.872 4.682
3.2006 5.988 6.037 5.962 5.769 5.627 5.488 5.849 5.747 5.624 5.483 5.342 5.194 5.752 5.579 5.408 5.287 5.176 5.516 5.373 5.253 5.154 4.986 4.964 4.795 4.605
3.2778 5.91 5.96 5.885 5.692 5.549 5.41 5.771 5.669 5.547 5.405 5.265 5.116 5.674 5.502 5.33 5.209 5.099 5.438 5.296 5.176 5.077 4.908 4.887 4.717 4.527
3.3569 5.833 5.882 5.807 5.614 5.472 5.333 5.694 5.592 5.469 5.328 5.187 5.038 5.597 5.424 5.252 5.132 5.021 5.361 5.218 5.098 4.999 4.831 4.809 4.64 4.449
3.4378 5.765 5.814 5.74 5.547 5.404 5.265 5.626 5.524 5.402 5.26 5.119 4.971 5.529 5.357 5.185 5.064 4.953 5.293 5.15 5.03 4.931 4.763 4.741 4.572 4.382
3.5208 5.698 5.748 5.673 5.48 5.337 5.198 5.559 5.457 5.335 5.193 5.053 4.904 5.462 5.29 5.118 4.997 4.887 5.226 5.084 4.964 4.865 4.696 4.675 4.505 4.315
3.6057 5.631 5.681 5.606 5.413 5.271 5.131 5.492 5.391 5.268 5.126 4.986 4.837 5.396 5.223 5.051 4.93 4.82 5.159 5.017 4.897 4.798 4.63 4.608 4.439 4.248
