web/models/grb/offaxis/6/grb_0.2967_2.6827_0.0158489.dat
# %ECSV 1.0
# ---
# datatype:
# - {name: time, datatype: float64}
# - {name: swift_uvot_uvw2, datatype: float64}
# - {name: swift_uvot_uvm2, datatype: float64}
# - {name: swift_uvot_uvw1, datatype: float64}
# - {name: swift_uvot_U, datatype: float64}
# - {name: swift_uvot_B, datatype: float64}
# - {name: swift_uvot_V, datatype: float64}
# - {name: swift_uvot_W, datatype: float64}
# - {name: johnson_U, datatype: float64}
# - {name: johnson_B, datatype: float64}
# - {name: johnson_V, datatype: float64}
# - {name: johnson_R, datatype: float64}
# - {name: johnson_I, datatype: float64}
# - {name: sdss_u, datatype: float64}
# - {name: sdss_g, datatype: float64}
# - {name: sdss_r, datatype: float64}
# - {name: sdss_i, datatype: float64}
# - {name: sdss_z, datatype: float64}
# - {name: PS1_g, datatype: float64}
# - {name: PS1_r, datatype: float64}
# - {name: PS1_i, datatype: float64}
# - {name: PS1_z, datatype: float64}
# - {name: PS1_Y, datatype: float64}
# - {name: PS1_w, datatype: float64}
# - {name: ATLAS_c, datatype: float64}
# - {name: ATLAS_o, datatype: float64}
# - {name: ukirt_J, datatype: float64}
# - {name: ukirt_H, datatype: float64}
# - {name: ukirt_K, datatype: float64}
# - {name: Clear, datatype: float64}
# meta: !!omap
# - comment: [E = 0.0011641960487160344, Eta0 = 8.02, GammaB = 12.0, dL = 0.012188, epsb = 6.760829753919819e-06, epse = 0.1, n = 0.01584893192461114,
#     p = 2.15, theta_obs = 0.29670597283903605, xiN = 1.0, z = 0.0, type = grb, E_kiso = 2.6826957952797246]
# schema: astropy-2.0
time swift_uvot_uvw2 swift_uvot_uvm2 swift_uvot_uvw1 swift_uvot_U swift_uvot_B swift_uvot_V swift_uvot_W johnson_U johnson_B johnson_V johnson_R johnson_I sdss_u sdss_g sdss_r sdss_i sdss_z PS1_g PS1_r PS1_i PS1_z PS1_Y PS1_w ATLAS_c ATLAS_o ukirt_J ukirt_H ukirt_K Clear
[from data line 352]
44.0523 5.529 5.578 5.504 5.311 5.168 5.029 5.39 5.288 5.166 5.024 4.884 4.735 5.293 5.121 4.949 4.828 4.718 5.057 4.914 4.795 4.696 4.527 4.951 5.046 4.894 4.506 4.336 4.146 4.861
45.1149 5.572 5.621 5.546 5.353 5.211 5.072 5.433 5.331 5.209 5.067 4.926 4.778 5.336 5.163 4.992 4.871 4.76 5.1 4.957 4.837 4.738 4.57 4.994 5.089 4.936 4.548 4.379 4.189 4.904
46.2033 5.614 5.664 5.589 5.396 5.254 5.114 5.475 5.374 5.251 5.109 4.969 4.82 5.379 5.206 5.034 4.913 4.803 5.142 5.0 4.88 4.781 4.613 5.036 5.132 4.979 4.591 4.422 4.231 4.946
47.3178 5.657 5.706 5.632 5.439 5.296 5.157 5.518 5.416 5.294 5.152 5.011 4.863 5.421 5.249 5.077 4.956 4.845 5.185 5.042 4.923 4.823 4.655 5.079 5.174 5.021 4.634 4.464 4.274 4.989
48.4593 5.7 5.749 5.674 5.481 5.339 5.2 5.561 5.459 5.336 5.195 5.054 4.906 5.464 5.291 5.119 4.999 4.888 5.228 5.085 4.965 4.866 4.698 5.122 5.217 5.064 4.676 4.507 4.316 5.031
49.6283 5.742 5.792 5.717 5.524 5.381 5.242 5.603 5.501 5.379 5.237 5.097 4.948 5.507 5.334 5.162 5.041 4.931 5.27 5.128 5.008 4.909 4.741 5.164 5.26 5.107 4.719 4.549 4.359 5.074
50.8255 5.784 5.834 5.759 5.566 5.424 5.285 5.645 5.544 5.421 5.279 5.139 4.99 5.549 5.376 5.204 5.084 4.973 5.312 5.17 5.05 4.951 4.783 5.207 5.302 5.149 4.761 4.592 4.401 5.116
52.0515 5.825 5.875 5.8 5.607 5.464 5.325 5.686 5.584 5.462 5.32 5.18 5.031 5.589 5.417 5.245 5.124 5.014 5.353 5.211 5.091 4.992 4.823 5.247 5.342 5.19 4.802 4.632 4.442 5.157
53.3072 5.866 5.915 5.841 5.648 5.505 5.366 5.727 5.625 5.503 5.361 5.22 5.072 5.63 5.458 5.286 5.165 5.054 5.394 5.251 5.131 5.032 4.864 5.288 5.383 5.23 4.842 4.673 4.483 5.198
54.5931 5.907 5.956 5.881 5.688 5.546 5.407 5.768 5.666 5.543 5.402 5.261 5.113 5.671 5.498 5.327 5.206 5.095 5.435 5.292 5.172 5.073 4.905 5.329 5.424 5.271 4.883 4.714 4.524 5.239
55.9101 5.947 5.997 5.922 5.729 5.587 5.448 5.808 5.707 5.584 5.442 5.302 5.153 5.712 5.539 5.367 5.247 5.136 5.475 5.333 5.213 5.114 4.946 5.37 5.465 5.312 4.924 4.755 4.564 5.279
57.2588 5.988 6.038 5.963 5.77 5.627 5.488 5.849 5.747 5.625 5.483 5.343 5.194 5.752 5.58 5.408 5.287 5.177 5.516 5.374 5.254 5.155 4.986 5.41 5.505 5.353 4.965 4.795 4.605 5.32
58.6401 6.029 6.078 6.004 5.811 5.668 5.529 5.89 5.788 5.666 5.524 5.383 5.235 5.793 5.621 5.449 5.328 5.217 5.557 5.414 5.294 5.195 5.027 5.451 5.546 5.393 5.005 4.836 4.646 5.361
60.0546 6.07 6.119 6.044 5.851 5.709 5.57 5.931 5.829 5.706 5.565 5.424 5.276 5.834 5.661 5.49 5.369 5.258 5.598 5.455 5.335 5.236 5.068 5.492 5.587 5.434 5.046 4.877 4.687 5.402
61.5034 6.11 6.16 6.085 5.892 5.75 5.611 5.971 5.87 5.747 5.605 5.465 5.316 5.875 5.702 5.53 5.41 5.299 5.638 5.496 5.376 5.277 5.109 5.533 5.628 5.475 5.087 4.918 4.727 5.442
62.987 6.151 6.201 6.126 5.933 5.79 5.651 6.012 5.91 5.788 5.646 5.506 5.357 5.915 5.743 5.571 5.45 5.34 5.679 5.537 5.417 5.318 5.149 5.573 5.668 5.516 5.128 4.958 4.768 5.483
64.5065 6.19 6.24 6.165 5.972 5.829 5.69 6.051 5.949 5.827 5.685 5.545 5.396 5.955 5.782 5.61 5.489 5.379 5.718 5.576 5.456 5.357 5.188 5.612 5.708 5.555 5.167 4.997 4.807 5.522
66.0626 6.227 6.276 6.201 6.008 5.866 5.727 6.087 5.986 5.863 5.722 5.581 5.432 5.991 5.818 5.646 5.526 5.415 5.754 5.612 5.492 5.393 5.225 5.649 5.744 5.591 5.203 5.034 4.843 5.558
67.6562 6.263 6.312 6.237 6.045 5.902 5.763 6.124 6.022 5.9 5.758 5.617 5.469 6.027 5.855 5.683 5.562 5.451 5.791 5.648 5.528 5.429 5.261 5.685 5.78 5.627 5.239 5.07 4.88 5.595
69.2883 6.299 6.349 6.274 6.081 5.938 5.799 6.16 6.058 5.936 5.794 5.654 5.505 6.063 5.891 5.719 5.598 5.488 5.827 5.685 5.565 5.466 5.297 5.721 5.816 5.664 5.276 5.106 4.916 5.631
70.9597 6.336 6.385 6.31 6.117 5.975 5.836 6.196 6.095 5.972 5.83 5.69 5.541 6.1 5.927 5.755 5.635 5.524 5.863 5.721 5.601 5.502 5.334 5.758 5.853 5.7 5.312 5.143 4.952 5.667
72.6715 6.372 6.421 6.346 6.153 6.011 5.872 6.233 6.131 6.009 5.867 5.726 5.578 6.136 5.964 5.792 5.671 5.56 5.9 5.757 5.637 5.538 5.37 5.794 5.889 5.736 5.348 5.179 4.989 5.704
74.4246 6.408 6.458 6.383 6.19 6.047 5.908 6.269 6.167 6.045 5.903 5.763 5.614 6.172 6.0 5.828 5.707 5.597 5.936 5.794 5.674 5.575 5.406 5.83 5.925 5.773 5.385 5.215 5.025 5.74
76.2199 6.444 6.494 6.419 6.226 6.084 5.945 6.305 6.204 6.081 5.939 5.799 5.65 6.209 6.036 5.864 5.744 5.633 5.972 5.83 5.71 5.611 5.443 5.867 5.962 5.809 5.421 5.252 5.061 5.776
78.0586 6.481 6.53 6.455 6.262 6.12 5.981 6.342 6.24 6.118 5.976 5.835 5.687 6.245 6.073 5.901 5.78 5.669 6.009 5.866 5.746 5.647 5.479 5.903 5.998 5.845 5.457 5.288 5.098 5.813
79.9416 6.517 6.567 6.492 6.299 6.156 6.017 6.378 6.276 6.154 6.012 5.872 5.723 6.281 6.109 5.937 5.816 5.706 6.045 5.903 5.783 5.684 5.515 5.939 6.034 5.882 5.494 5.324 5.134 5.849
81.87 6.553 6.602 6.527 6.334 6.192 6.053 6.414 6.312 6.189 6.048 5.907 5.758 6.317 6.144 5.972 5.852 5.741 6.081 5.938 5.818 5.719 5.551 5.975 6.07 5.917 5.529 5.36 5.169 5.884
83.845 6.587 6.637 6.562 6.369 6.226 6.087 6.448 6.347 6.224 6.082 5.942 5.793 6.352 6.179 6.007 5.886 5.776 6.115 5.973 5.853 5.754 5.586 6.009 6.105 5.952 5.564 5.394 5.204 5.919
85.8676 6.622 6.671 6.597 6.404 6.261 6.122 6.483 6.381 6.259 6.117 5.976 5.828 6.386 6.214 6.042 5.921 5.81 6.15 6.007 5.887 5.788 5.62 6.044 6.139 5.986 5.598 5.429 5.239 5.954
87.939 6.657 6.706 6.631 6.438 6.296 6.157 6.518 6.416 6.293 6.152 6.011 5.863 6.421 6.248 6.076 5.956 5.845 6.185 6.042 5.922 5.823 5.655 6.079 6.174 6.021 5.633 5.464 5.273 5.988
90.0604 6.691 6.741 6.666 6.473 6.331 6.191 6.552 6.451 6.328 6.186 6.046 5.897 6.456 6.283 6.111 5.99 5.88 6.219 6.077 5.957 5.858 5.69 6.113 6.209 6.056 5.668 5.499 5.308 6.023
92.2329 6.726 6.775 6.701 6.508 6.365 6.226 6.587 6.485 6.363 6.221 6.08 5.932 6.49 6.318 6.146 6.025 5.914 6.254 6.111 5.992 5.892 5.724 6.148 6.243 6.09 5.703 5.533 5.343 6.058
94.4579 6.761 6.81 6.735 6.542 6.4 6.261 6.622 6.52 6.397 6.256 6.115 5.967 6.525 6.352 6.18 6.06 5.949 6.289 6.146 6.026 5.927 5.759 6.183 6.278 6.125 5.737 5.568 5.378 6.093
96.7365 6.795 6.845 6.77 6.577 6.435 6.295 6.656 6.555 6.432 6.29 6.15 6.001 6.56 6.387 6.215 6.094 5.984 6.323 6.181 6.061 5.962 5.794 6.217 6.313 6.16 5.772 5.603 5.412 6.127
99.0701 6.83 6.879 6.805 6.612 6.469 6.33 6.691 6.589 6.467 6.325 6.184 6.036 6.594 6.422 6.25 6.129 6.018 6.358 6.215 6.096 5.997 5.828 6.252 6.347 6.194 5.807 5.637 5.447 6.162
101.4599 6.865 6.914 6.839 6.646 6.504 6.365 6.726 6.624 6.501 6.36 6.219 6.071 6.629 6.456 6.285 6.164 6.053 6.393 6.25 6.13 6.031 5.863 6.287 6.382 6.229 5.841 5.672 5.482 6.197
103.9075 6.898 6.947 6.872 6.68 6.537 6.398 6.759 6.657 6.535 6.393 6.252 6.104 6.662 6.49 6.318 6.197 6.086 6.426 6.283 6.163 6.064 5.896 6.32 6.415 6.262 5.874 5.705 5.515 6.23
106.4141 6.93 6.98 6.905 6.712 6.57 6.431 6.791 6.69 6.567 6.425 6.285 6.136 6.695 6.522 6.35 6.23 6.119 6.458 6.316 6.196 6.097 5.929 6.353 6.448 6.295 5.907 5.738 5.547 6.262
108.9811 6.963 7.012 6.938 6.745 6.602 6.463 6.824 6.722 6.6 6.458 6.317 6.169 6.727 6.555 6.383 6.262 6.151 6.491 6.348 6.229 6.129 5.961 6.385 6.48 6.327 5.94 5.77 5.58 6.295
111.6101 6.995 7.045 6.97 6.777 6.635 6.496 6.856 6.755 6.632 6.49 6.35 6.201 6.76 6.587 6.415 6.295 6.184 6.523 6.381 6.261 6.162 5.994 6.418 6.513 6.36 5.972 5.803 5.612 6.327
114.3025 7.028 7.077 7.003 6.81 6.667 6.528 6.889 6.787 6.665 6.523 6.382 6.234 6.792 6.62 6.448 6.327 6.217 6.556 6.413 6.294 6.195 6.026 6.45 6.545 6.393 6.005 5.835 5.645 6.36
117.0598 7.061 7.11 7.035 6.842 6.7 6.561 6.921 6.82 6.697 6.555 6.415 6.266 6.825 6.652 6.48 6.36 6.249 6.588 6.446 6.326 6.227 6.059 6.483 6.578 6.425 6.037 5.868 5.677 6.392
119.8836 7.093 7.143 7.068 6.875 6.732 6.593 6.954 6.852 6.73 6.588 6.448 6.299 6.857 6.685 6.513 6.392 6.282 6.621 6.478 6.359 6.26 6.091 6.515 6.61 6.458 6.07 5.9 5.71 6.425
122.7756 7.126 7.175 7.1 6.907 6.765 6.626 6.987 6.885 6.762 6.621 6.48 6.331 6.89 6.717 6.545 6.425 6.314 6.654 6.511 6.391 6.292 6.124 6.548 6.643 6.49 6.102 5.933 5.742 6.457
125.7373 7.158 7.208 7.133 6.94 6.797 6.658 7.019 6.917 6.795 6.653 6.513 6.364 6.922 6.75 6.578 6.457 6.347 6.686 6.544 6.424 6.325 6.156 6.58 6.675 6.523 6.135 5.965 5.775 6.49
128.7705 7.191 7.24 7.165 6.972 6.83 6.691 7.052 6.95 6.827 6.686 6.545 6.397 6.955 6.782 6.611 6.49 6.379 6.719 6.576 6.456 6.357 6.189 6.613 6.708 6.555 6.167 5.998 5.808 6.523
131.8769 7.229 7.279 7.204 7.011 6.868 6.729 7.09 6.989 6.866 6.724 6.584 6.435 6.994 6.821 6.649 6.528 6.418 6.757 6.615 6.495 6.396 6.228 6.651 6.747 6.594 6.206 6.036 5.846 6.561
135.0582 7.269 7.319 7.244 7.051 6.909 6.769 7.13 7.029 6.906 6.764 6.624 6.475 7.034 6.861 6.689 6.568 6.458 6.797 6.655 6.535 6.436 6.268 6.691 6.787 6.634 6.246 6.077 5.886 6.601
138.3162 7.309 7.359 7.284 7.091 6.949 6.809 7.17 7.069 6.946 6.804 6.664 6.515 7.074 6.901 6.729 6.609 6.498 6.837 6.695 6.575 6.476 6.308 6.731 6.827 6.674 6.286 6.117 5.926 6.641
141.6528 7.349 7.399 7.324 7.131 6.989 6.849 7.21 7.109 6.986 6.844 6.704 6.555 7.114 6.941 6.769 6.649 6.538 6.877 6.735 6.615 6.516 6.348 6.772 6.867 6.714 6.326 6.157 5.966 6.681
145.0699 7.389 7.439 7.364 7.171 7.029 6.89 7.25 7.149 7.026 6.884 6.744 6.595 7.154 6.981 6.809 6.689 6.578 6.917 6.775 6.655 6.556 6.388 6.812 6.907 6.754 6.366 6.197 6.006 6.721
148.5695 7.429 7.479 7.404 7.211 7.069 6.93 7.29 7.189 7.066 6.924 6.784 6.635 7.194 7.021 6.849 6.729 6.618 6.957 6.815 6.695 6.596 6.428 6.852 6.947 6.794 6.406 6.237 6.046 6.761
152.1534 7.47 7.519 7.444 7.251 7.109 6.97 7.33 7.229 7.106 6.964 6.824 6.675 7.234 7.061 6.889 6.769 6.658 6.997 6.855 6.735 6.636 6.468 6.892 6.987 6.834 6.446 6.277 6.086 6.801
155.8238 7.51 7.559 7.484 7.291 7.149 7.01 7.37 7.269 7.146 7.005 6.864 6.715 7.274 7.101 6.929 6.809 6.698 7.038 6.895 6.775 6.676 6.508 6.932 7.027 6.874 6.486 6.317 6.126 6.841
159.5828 7.55 7.599 7.524 7.331 7.189 7.05 7.411 7.309 7.186 7.045 6.904 6.756 7.314 7.141 6.969 6.849 6.738 7.078 6.935 6.815 6.716 6.548 6.972 7.067 6.914 6.526 6.357 6.166 6.881
163.4324 7.59 7.639 7.564 7.371 7.229 7.09 7.451 7.349 7.226 7.085 6.944 6.796 7.354 7.181 7.01 6.889 6.778 7.118 6.975 6.855 6.756 6.588 7.012 7.107 6.954 6.566 6.397 6.207 6.922
167.375 7.656 7.705 7.63 7.437 7.295 7.156 7.517 7.415 7.293 7.151 7.01 6.862 7.42 7.248 7.076 6.955 6.844 7.184 7.041 6.921 6.822 6.654 7.078 7.173 7.02 6.632 6.463 6.273 6.988
171.4126 7.723 7.773 7.698 7.505 7.363 7.224 7.584 7.483 7.36 7.218 7.078 6.929 7.488 7.315 7.143 7.023 6.912 7.251 7.109 6.989 6.89 6.722 7.146 7.241 7.088 6.7 6.531 6.34 7.055
175.5476 7.791 7.84 7.766 7.573 7.43 7.291 7.652 7.55 7.428 7.286 7.145 6.997 7.555 7.383 7.211 7.09 6.979 7.319 7.176 7.057 6.957 6.789 7.213 7.308 7.155 6.768 6.598 6.408 7.123
179.7823 7.858 7.908 7.833 7.64 7.498 7.359 7.719 7.618 7.495 7.353 7.213 7.064 7.623 7.45 7.278 7.158 7.047 7.386 7.244 7.124 7.025 6.857 7.281 7.376 7.223 6.835 6.666 6.475 7.19
184.1193 7.926 7.975 7.901 7.708 7.565 7.426 7.787 7.685 7.563 7.421 7.281 7.132 7.69 7.518 7.346 7.225 7.115 7.454 7.311 7.192 7.093 6.924 7.348 7.443 7.291 6.903 6.733 6.543 7.258
188.5608 7.994 8.043 7.968 7.775 7.633 7.494 7.854 7.753 7.63 7.489 7.348 7.199 7.758 7.585 7.413 7.293 7.182 7.522 7.379 7.259 7.16 6.992 7.416 7.511 7.358 6.97 6.801 6.61 7.325
193.1095 8.061 8.111 8.036 7.843 7.7 7.561 7.922 7.82 7.698 7.556 7.416 7.267 7.825 7.653 7.481 7.36 7.25 7.589 7.447 7.327 7.228 7.059 7.483 7.578 7.426 7.038 6.868 6.678 7.393
197.7679 8.129 8.178 8.103 7.91 7.768 7.629 7.99 7.888 7.765 7.624 7.483 7.335 7.893 7.72 7.549 7.428 7.317 7.657 7.514 7.394 7.295 7.127 7.551 7.646 7.493 7.105 6.936 6.746 7.461
202.5387 8.196 8.246 8.171 7.978 7.835 7.696 8.057 7.955 7.833 7.691 7.551 7.402 7.96 7.788 7.616 7.495 7.385 7.724 7.582 7.462 7.363 7.194 7.618 7.714 7.561 7.173 7.003 6.813 7.528
207.4245 8.267 8.316 8.242 8.049 7.906 7.767 8.128 8.026 7.904 7.762 7.621 7.473 8.031 7.859 7.687 7.566 7.455 7.795 7.652 7.532 7.433 7.265 7.689 7.784 7.631 7.243 7.074 6.884 7.599
212.4283 8.368 8.418 8.343 8.15 8.007 7.868 8.229 8.128 8.005 7.863 7.723 7.574 8.133 7.96 7.788 7.667 7.557 7.896 7.754 7.634 7.535 7.367 7.79 7.886 7.733 7.345 7.175 6.985 7.7
217.5527 8.47 8.519 8.444 8.251 8.109 7.97 8.331 8.229 8.106 7.965 7.824 7.675 8.234 8.061 7.889 7.769 7.658 7.998 7.855 7.735 7.636 7.468 7.892 7.987 7.834 7.446 7.277 7.086 7.801
222.8008 8.571 8.62 8.546 8.353 8.21 8.071 8.432 8.33 8.208 8.066 7.925 7.777 8.335 8.163 7.991 7.87 7.759 8.099 7.956 7.836 7.737 7.569 7.993 8.088 7.935 7.547 7.378 7.188 7.903
228.1754 8.672 8.722 8.647 8.454 8.311 8.172 8.533 8.432 8.309 8.167 8.027 7.878 8.437 8.264 8.092 7.971 7.861 8.2 8.058 7.938 7.839 7.671 8.094 8.19 8.037 7.649 7.479 7.289 8.004
233.6797 8.774 8.823 8.748 8.555 8.413 8.274 8.634 8.533 8.41 8.269 8.128 7.979 8.538 8.365 8.193 8.073 7.962 8.302 8.159 8.039 7.94 7.772 8.196 8.291 8.138 7.75 7.581 7.39 8.105
239.3168 8.875 8.924 8.85 8.657 8.514 8.375 8.736 8.634 8.512 8.37 8.229 8.081 8.639 8.467 8.295 8.174 8.063 8.403 8.26 8.14 8.041 7.873 8.297 8.392 8.239 7.851 7.682 7.492 8.207
245.0899 8.976 9.026 8.951 8.758 8.615 8.476 8.837 8.736 8.613 8.471 8.331 8.182 8.741 8.568 8.396 8.275 8.165 8.504 8.362 8.242 8.143 7.975 8.398 8.494 8.341 7.953 7.783 7.593 8.308
251.0022 9.078 9.127 9.052 8.859 8.717 8.578 8.938 8.837 8.714 8.573 8.432 8.283 8.842 8.669 8.497 8.377 8.266 8.606 8.463 8.343 8.244 8.076 8.5 8.595 8.442 8.054 7.885 7.694 8.409
257.0572 9.179 9.228 9.154 8.961 8.818 8.679 9.04 8.938 8.816 8.674 8.533 8.385 8.943 8.771 8.599 8.478 8.367 8.707 8.564 8.444 8.345 8.177 8.601 8.696 8.543 8.155 7.986 7.796 8.511
263.2582 9.295 9.345 9.27 9.077 8.934 8.795 9.156 9.054 8.932 8.79 8.65 8.501 9.059 8.887 8.715 8.594 8.484 8.823 8.68 8.561 8.462 8.293 8.717 8.812 8.66 8.272 8.102 7.912 8.627
269.6088 9.459 9.509 9.434 9.241 9.098 8.959 9.32 9.218 9.096 8.954 8.814 8.665 9.223 9.051 8.879 8.758 8.648 8.987 8.844 8.725 8.626 8.457 8.881 8.976 8.824 8.436 8.266 8.076 8.791
276.1126 9.623 9.673 9.598 9.405 9.262 9.123 9.484 9.382 9.26 9.118 8.978 8.829 9.387 9.215 9.043 8.922 8.812 9.151 9.008 8.889 8.79 8.621 9.045 9.14 8.988 8.6 8.43 8.24 8.955
282.7734 9.787 9.837 9.762 9.569 9.426 9.287 9.648 9.546 9.424 9.282 9.142 8.993 9.551 9.379 9.207 9.086 8.976 9.315 9.173 9.053 8.954 8.785 9.209 9.304 9.152 8.764 8.594 8.404 9.119
289.5947 9.951 10.001 9.926 9.733 9.59 9.451 9.812 9.71 9.588 9.446 9.306 9.157 9.715 9.543 9.371 9.25 9.14 9.479 9.337 9.217 9.118 8.949 9.373 9.468 9.316 8.928 8.758 8.568 9.283
296.5807 10.115 10.165 10.09 9.897 9.754 9.615 9.976 9.874 9.752 9.61 9.47 9.321 9.879 9.707 9.535 9.414 9.304 9.643 9.501 9.381 9.282 9.113 9.537 9.632 9.48 9.092 8.922 8.732 9.447
303.7351 10.279 10.329 10.254 10.061 9.918 9.779 10.14 10.038 9.916 9.774 9.634 9.485 10.043 9.871 9.699 9.578 9.468 9.807 9.665 9.545 9.446 9.277 9.701 9.796 9.644 9.256 9.086 8.896 9.611
311.0622 10.443 10.493 10.418 10.225 10.082 9.943 10.304 10.202 10.08 9.938 9.798 9.649 10.207 10.035 9.863 9.742 9.632 9.971 9.829 9.709 9.61 9.441 9.865 9.96 9.808 9.42 9.25 9.06 9.775
318.566 10.607 10.657 10.582 10.389 10.246 10.107 10.468 10.366 10.244 10.102 9.962 9.813 10.371 10.199 10.027 9.906 9.796 10.135 9.993 9.873 9.774 9.605 10.029 10.124 9.972 9.584 9.414 9.224 9.939
326.2508 10.771 10.821 10.746 10.553 10.41 10.271 10.632 10.53 10.408 10.266 10.126 9.977 10.535 10.363 10.191 10.07 9.96 10.299 10.157 10.037 9.938 9.769 10.193 10.288 10.136 9.748 9.578 9.388 10.103
334.121 10.992 11.041 10.967 10.774 10.631 10.492 10.853 10.751 10.629 10.487 10.346 10.198 10.756 10.584 10.412 10.291 10.181 10.52 10.377 10.258 10.159 9.99 10.414 10.509 10.357 9.969 9.799 9.609 10.324
342.181 11.306 11.355 11.28 11.087 10.945 10.806 11.167 11.065 10.942 10.801 10.66 10.511 11.07 10.897 10.725 10.605 10.494 10.834 10.691 10.571 10.472 10.304 10.728 10.823 10.67 10.282 10.113 9.922 10.637
