web/models/grb/offaxis/6/grb_0.2967_0.1000_0.0000251.dat
# %ECSV 1.0
# ---
# datatype:
# - {name: time, datatype: float64}
# - {name: swift_uvot_uvw2, datatype: float64}
# - {name: swift_uvot_uvm2, datatype: float64}
# - {name: swift_uvot_uvw1, datatype: float64}
# - {name: swift_uvot_U, datatype: float64}
# - {name: swift_uvot_B, datatype: float64}
# - {name: swift_uvot_V, datatype: float64}
# - {name: swift_uvot_W, datatype: float64}
# - {name: johnson_U, datatype: float64}
# - {name: johnson_B, datatype: float64}
# - {name: johnson_V, datatype: float64}
# - {name: johnson_R, datatype: float64}
# - {name: johnson_I, datatype: float64}
# - {name: sdss_u, datatype: float64}
# - {name: sdss_g, datatype: float64}
# - {name: sdss_r, datatype: float64}
# - {name: sdss_i, datatype: float64}
# - {name: sdss_z, datatype: float64}
# - {name: PS1_g, datatype: float64}
# - {name: PS1_r, datatype: float64}
# - {name: PS1_i, datatype: float64}
# - {name: PS1_z, datatype: float64}
# - {name: PS1_Y, datatype: float64}
# - {name: PS1_w, datatype: float64}
# - {name: ATLAS_c, datatype: float64}
# - {name: ATLAS_o, datatype: float64}
# - {name: ukirt_J, datatype: float64}
# - {name: ukirt_H, datatype: float64}
# - {name: ukirt_K, datatype: float64}
# - {name: Clear, datatype: float64}
# meta: !!omap
# - comment: [E = 4.339649880409358e-05, Eta0 = 8.02, GammaB = 12.0, dL = 0.012188, epsb = 6.760829753919819e-06, epse = 0.1, n = 2.5118864315095822e-05,
#     p = 2.15, theta_obs = 0.29670597283903605, xiN = 1.0, z = 0.0, type = grb, E_kiso = 0.1]
# schema: astropy-2.0
time swift_uvot_uvw2 swift_uvot_uvm2 swift_uvot_uvw1 swift_uvot_U swift_uvot_B swift_uvot_V swift_uvot_W johnson_U johnson_B johnson_V johnson_R johnson_I sdss_u sdss_g sdss_r sdss_i sdss_z PS1_g PS1_r PS1_i PS1_z PS1_Y PS1_w ATLAS_c ATLAS_o ukirt_J ukirt_H ukirt_K Clear
[from data line 483]
1000.2399 20.653 20.703 20.628 20.435 20.292 20.153 20.514 20.412 20.29 20.148 20.008 19.859 20.417 20.245 20.073 19.952 19.842 20.181 20.039 19.919 19.82 19.651 20.075 20.171 20.018 19.63 19.46 19.27 19.985
1024.3688 20.967 21.016 20.941 20.748 20.606 20.467 20.828 20.726 20.604 20.462 20.321 20.173 20.731 20.558 20.387 20.266 20.155 20.495 20.352 20.232 20.133 19.965 20.389 20.484 20.331 19.943 19.774 19.584 20.299
1049.0798 21.28 21.33 21.255 21.062 20.92 20.78 21.141 21.04 20.917 20.775 20.635 20.486 21.045 20.872 20.7 20.579 20.469 20.808 20.666 20.546 20.447 20.279 20.702 20.798 20.645 20.257 20.088 19.897 20.612
1074.3869 21.594 21.643 21.568 21.376 21.233 21.094 21.455 21.353 21.231 21.089 20.948 20.8 21.358 21.186 21.014 20.893 20.782 21.122 20.979 20.859 20.76 20.592 21.016 21.111 20.958 20.57 20.401 20.211 20.926
1100.3045 21.907 21.957 21.882 21.689 21.547 21.408 21.768 21.667 21.544 21.402 21.262 21.113 21.672 21.499 21.327 21.207 21.096 21.435 21.293 21.173 21.074 20.906 21.33 21.425 21.272 20.884 20.715 20.524 21.239
1126.8473 22.221 22.27 22.196 22.003 21.86 21.721 22.082 21.98 21.858 21.716 21.576 21.427 21.985 21.813 21.641 21.52 21.41 21.749 21.606 21.487 21.388 21.219 21.643 21.738 21.586 21.198 21.028 20.838 21.553
1154.0304 22.535 22.584 22.509 22.316 22.174 22.035 22.396 22.294 22.171 22.03 21.889 21.741 22.299 22.126 21.954 21.834 21.723 22.063 21.92 21.8 21.701 21.533 21.957 22.052 21.899 21.511 21.342 21.151 21.866
1181.8693 22.848 22.898 22.823 22.63 22.487 22.348 22.709 22.607 22.485 22.343 22.203 22.054 22.612 22.44 22.268 22.147 22.037 22.376 22.234 22.114 22.015 21.846 22.27 22.365 22.213 21.825 21.655 21.465 22.18
1210.3797 23.162 23.211 23.136 22.943 22.801 22.662 23.023 22.921 22.799 22.657 22.516 22.368 22.926 22.753 22.582 22.461 22.35 22.69 22.547 22.427 22.328 22.16 22.584 22.679 22.526 22.138 21.969 21.779 22.494
1239.5778 23.475 23.525 23.45 23.257 23.115 22.975 23.336 23.235 23.112 22.97 22.83 22.681 23.24 23.067 22.895 22.774 22.664 23.003 22.861 22.741 22.642 22.474 22.897 22.993 22.84 22.452 22.283 22.092 22.807
1269.4803 23.789 23.838 23.763 23.571 23.428 23.289 23.65 23.548 23.426 23.284 23.143 22.995 23.553 23.381 23.209 23.088 22.977 23.317 23.174 23.054 22.955 22.787 23.211 23.306 23.153 22.765 22.596 22.406 23.121
1300.1042 24.102 24.152 24.077 23.884 23.742 23.603 23.963 23.862 23.739 23.597 23.457 23.308 23.867 23.694 23.522 23.402 23.291 23.63 23.488 23.368 23.269 23.101 23.525 23.62 23.467 23.079 22.91 22.719 23.434
1331.4668 24.416 24.465 24.391 24.198 24.055 23.916 24.277 24.175 24.053 23.911 23.77 23.622 24.18 24.008 23.836 23.715 23.605 23.944 23.801 23.682 23.583 23.414 23.838 23.933 23.781 23.393 23.223 23.033 23.748
1363.586 24.73 24.779 24.704 24.511 24.369 24.23 24.59 24.489 24.366 24.225 24.084 23.935 24.494 24.321 24.149 24.029 23.918 24.258 24.115 23.995 23.896 23.728 24.152 24.247 24.094 23.706 23.537 23.346 24.061
1396.48 25.043 25.093 25.018 24.825 24.682 24.543 24.904 24.802 24.68 24.538 24.398 24.249 24.807 24.635 24.463 24.342 24.232 24.571 24.429 24.309 24.21 24.041 24.465 24.56 24.408 24.02 23.85 23.66 24.375
1430.1675 25.357 25.406 25.331 25.138 24.996 24.857 25.218 25.116 24.994 24.852 24.711 24.563 25.121 24.948 24.777 24.656 24.545 24.885 24.742 24.622 24.523 24.355 24.779 24.874 24.721 24.333 24.164 23.974 24.689
1464.6676 25.67 25.72 25.645 25.452 25.31 25.17 25.531 25.43 25.307 25.165 25.025 24.876 25.435 25.262 25.09 24.969 24.859 25.198 25.056 24.936 24.837 24.669 25.092 25.188 25.035 24.647 24.478 24.287 25.002
1500.0 25.984 26.033 25.958 25.765 25.623 25.484 25.845 25.743 25.621 25.479 25.338 25.19 25.748 25.576 25.404 25.283 25.172 25.512 25.369 25.249 25.15 24.982 25.406 25.501 25.348 24.96 24.791 24.601 25.316
