web/models/grb/offaxis/6/grb_0.2967_0.0100_0.0000040.dat
# %ECSV 1.0
# ---
# datatype:
# - {name: time, datatype: float64}
# - {name: swift_uvot_uvw2, datatype: float64}
# - {name: swift_uvot_uvm2, datatype: float64}
# - {name: swift_uvot_uvw1, datatype: float64}
# - {name: swift_uvot_U, datatype: float64}
# - {name: swift_uvot_B, datatype: float64}
# - {name: swift_uvot_V, datatype: float64}
# - {name: swift_uvot_W, datatype: float64}
# - {name: johnson_U, datatype: float64}
# - {name: johnson_B, datatype: float64}
# - {name: johnson_V, datatype: float64}
# - {name: johnson_R, datatype: float64}
# - {name: johnson_I, datatype: float64}
# - {name: sdss_u, datatype: float64}
# - {name: sdss_g, datatype: float64}
# - {name: sdss_r, datatype: float64}
# - {name: sdss_i, datatype: float64}
# - {name: sdss_z, datatype: float64}
# - {name: PS1_g, datatype: float64}
# - {name: PS1_r, datatype: float64}
# - {name: PS1_i, datatype: float64}
# - {name: PS1_z, datatype: float64}
# - {name: PS1_Y, datatype: float64}
# - {name: PS1_w, datatype: float64}
# - {name: ATLAS_c, datatype: float64}
# - {name: ATLAS_o, datatype: float64}
# - {name: ukirt_J, datatype: float64}
# - {name: ukirt_H, datatype: float64}
# - {name: ukirt_K, datatype: float64}
# - {name: Clear, datatype: float64}
# meta: !!omap
# - comment: [E = 4.339649880409358e-06, Eta0 = 8.02, GammaB = 12.0, dL = 0.012188, epsb = 6.760829753919819e-06, epse = 0.1, n = 3.981071705534969e-06,
#     p = 2.15, theta_obs = 0.29670597283903605, xiN = 1.0, z = 0.0, type = grb, E_kiso = 0.01]
# schema: astropy-2.0
time swift_uvot_uvw2 swift_uvot_uvm2 swift_uvot_uvw1 swift_uvot_U swift_uvot_B swift_uvot_V swift_uvot_W johnson_U johnson_B johnson_V johnson_R johnson_I sdss_u sdss_g sdss_r sdss_i sdss_z PS1_g PS1_r PS1_i PS1_z PS1_Y PS1_w ATLAS_c ATLAS_o ukirt_J ukirt_H ukirt_K Clear
[from data line 310]
16.1874 14.018 14.067 13.992 13.799 13.657 13.518 13.879 13.777 13.655 13.513 13.372 13.224 13.782 13.61 13.438 13.317 13.206 13.546 13.403 13.283 13.184 13.016 13.44 13.535 13.382 12.994 12.825 12.635 13.35
16.5779 14.081 14.13 14.055 13.862 13.72 13.581 13.941 13.84 13.717 13.575 13.435 13.286 13.845 13.672 13.5 13.38 13.269 13.608 13.466 13.346 13.247 13.079 13.503 13.598 13.445 13.057 12.888 12.697 13.412
16.9778 14.143 14.193 14.118 13.925 13.782 13.643 14.004 13.902 13.78 13.638 13.498 13.349 13.907 13.735 13.563 13.442 13.332 13.671 13.529 13.409 13.31 13.141 13.565 13.661 13.508 13.12 12.95 12.76 13.475
17.3873 14.206 14.255 14.18 13.988 13.845 13.706 14.067 13.965 13.843 13.701 13.56 13.412 13.97 13.798 13.626 13.505 13.394 13.734 13.591 13.471 13.372 13.204 13.628 13.723 13.57 13.182 13.013 12.823 13.538
17.8068 14.269 14.318 14.243 14.05 13.908 13.769 14.129 14.028 13.905 13.764 13.623 13.474 14.033 13.86 13.688 13.568 13.457 13.796 13.654 13.534 13.435 13.267 13.691 13.786 13.633 13.245 13.076 12.885 13.6
18.2363 14.331 14.381 14.306 14.113 13.97 13.831 14.192 14.09 13.968 13.826 13.686 13.537 14.096 13.923 13.751 13.63 13.52 13.859 13.717 13.597 13.498 13.329 13.753 13.849 13.696 13.308 13.138 12.948 13.663
18.6762 14.394 14.443 14.368 14.176 14.033 13.894 14.255 14.153 14.031 13.889 13.748 13.6 14.158 13.986 13.814 13.693 13.582 13.922 13.779 13.659 13.56 13.392 13.816 13.911 13.758 13.37 13.201 13.011 13.726
19.1268 14.46 14.509 14.435 14.242 14.099 13.96 14.321 14.219 14.097 13.955 13.814 13.666 14.224 14.052 13.88 13.759 13.648 13.988 13.845 13.725 13.626 13.458 13.882 13.977 13.824 13.437 13.267 13.077 13.792
19.5882 14.532 14.581 14.506 14.313 14.171 14.032 14.393 14.291 14.169 14.027 13.886 13.738 14.296 14.123 13.952 13.831 13.72 14.06 13.917 13.797 13.698 13.53 13.954 14.049 13.896 13.508 13.339 13.149 13.864
20.0607 14.603 14.653 14.578 14.385 14.243 14.104 14.464 14.363 14.24 14.098 13.958 13.809 14.368 14.195 14.023 13.903 13.792 14.131 13.989 13.869 13.77 13.602 14.026 14.121 13.968 13.58 13.411 13.22 13.935
20.5446 14.675 14.725 14.65 14.457 14.314 14.175 14.536 14.434 14.312 14.17 14.03 13.881 14.439 14.267 14.095 13.974 13.864 14.203 14.061 13.941 13.842 13.673 14.097 14.192 14.04 13.652 13.482 13.292 14.007
21.0402 14.747 14.796 14.721 14.529 14.386 14.247 14.608 14.506 14.384 14.242 14.101 13.953 14.511 14.339 14.167 14.046 13.935 14.275 14.132 14.012 13.913 13.745 14.169 14.264 14.111 13.723 13.554 13.364 14.079
21.5478 14.819 14.868 14.793 14.6 14.458 14.319 14.68 14.578 14.455 14.314 14.173 14.025 14.583 14.41 14.238 14.118 14.007 14.347 14.204 14.084 13.985 13.817 14.241 14.336 14.183 13.795 13.626 13.435 14.15
22.0676 14.89 14.94 14.865 14.672 14.53 14.39 14.751 14.65 14.527 14.385 14.245 14.096 14.655 14.482 14.31 14.189 14.079 14.418 14.276 14.156 14.057 13.889 14.312 14.408 14.255 13.867 13.698 13.507 14.222
22.5999 14.962 15.012 14.937 14.744 14.601 14.462 14.823 14.721 14.599 14.457 14.317 14.168 14.726 14.554 14.382 14.261 14.151 14.49 14.347 14.228 14.129 13.96 14.384 14.479 14.327 13.939 13.769 13.579 14.294
23.1451 15.034 15.083 15.008 14.815 14.673 14.534 14.895 14.793 14.671 14.529 14.388 14.24 14.798 14.625 14.454 14.333 14.222 14.562 14.419 14.299 14.2 14.032 14.456 14.551 14.398 14.01 13.841 13.651 14.366
23.7034 15.106 15.155 15.08 14.887 14.745 14.606 14.966 14.865 14.742 14.6 14.46 14.311 14.87 14.697 14.525 14.405 14.294 14.633 14.491 14.371 14.272 14.104 14.528 14.623 14.47 14.082 13.913 13.722 14.437
24.2752 15.178 15.227 15.152 14.959 14.817 14.678 15.039 14.937 14.815 14.673 14.532 14.384 14.942 14.769 14.598 14.477 14.366 14.706 14.563 14.443 14.344 14.176 14.6 14.695 14.542 14.154 13.985 13.795 14.51
24.8608 15.25 15.3 15.225 15.032 14.889 14.75 15.111 15.009 14.887 14.745 14.605 14.456 15.014 14.842 14.67 14.549 14.439 14.778 14.636 14.516 14.417 14.248 14.672 14.768 14.615 14.227 14.057 13.867 14.582
25.4606 15.323 15.372 15.297 15.104 14.962 14.823 15.184 15.082 14.96 14.818 14.677 14.529 15.087 14.914 14.743 14.622 14.511 14.851 14.708 14.588 14.489 14.321 14.745 14.84 14.687 14.299 14.13 13.94 14.655
26.0748 15.395 15.445 15.37 15.177 15.034 14.895 15.256 15.155 15.032 14.89 14.75 14.601 15.16 14.987 14.815 14.694 14.584 14.923 14.781 14.661 14.562 14.394 14.817 14.913 14.76 14.372 14.202 14.012 14.727
26.7038 15.468 15.517 15.442 15.249 15.107 14.968 15.329 15.227 15.105 14.963 14.822 14.674 15.232 15.059 14.888 14.767 14.656 14.996 14.853 14.733 14.634 14.466 14.89 14.985 14.832 14.444 14.275 14.085 14.8
27.3479 15.54 15.59 15.515 15.322 15.18 15.04 15.401 15.3 15.177 15.035 14.895 14.746 15.305 15.132 14.96 14.839 14.729 15.068 14.926 14.806 14.707 14.539 14.962 15.058 14.905 14.517 14.348 14.157 14.872
28.0077 15.613 15.662 15.587 15.394 15.252 15.113 15.474 15.372 15.25 15.108 14.967 14.819 15.377 15.205 15.033 14.912 14.801 15.141 14.998 14.878 14.779 14.611 15.035 15.13 14.977 14.589 14.42 14.23 14.945
28.6833 15.685 15.735 15.66 15.467 15.325 15.185 15.546 15.445 15.322 15.18 15.04 14.891 15.45 15.277 15.105 14.985 14.874 15.213 15.071 14.951 14.852 14.684 15.107 15.203 15.05 14.662 14.493 14.302 15.017
29.3752 15.758 15.807 15.733 15.54 15.397 15.258 15.619 15.517 15.395 15.253 15.112 14.964 15.522 15.35 15.178 15.057 14.946 15.286 15.143 15.023 14.924 14.756 15.18 15.275 15.122 14.734 14.565 14.375 15.09
30.0838 15.83 15.88 15.805 15.612 15.47 15.331 15.691 15.59 15.467 15.325 15.185 15.036 15.595 15.422 15.25 15.13 15.019 15.358 15.216 15.096 14.997 14.829 15.253 15.348 15.195 14.807 14.638 14.447 15.162
30.8096 15.898 15.948 15.873 15.68 15.538 15.399 15.759 15.658 15.535 15.393 15.253 15.104 15.663 15.49 15.318 15.198 15.087 15.426 15.284 15.164 15.065 14.897 15.321 15.416 15.263 14.875 14.706 14.515 15.23
31.5528 15.964 16.014 15.939 15.746 15.603 15.464 15.825 15.723 15.601 15.459 15.319 15.17 15.728 15.556 15.384 15.263 15.153 15.492 15.35 15.23 15.131 14.962 15.386 15.482 15.329 14.941 14.771 14.581 15.296
32.3139 16.03 16.079 16.005 15.812 15.669 15.53 15.891 15.789 15.667 15.525 15.384 15.236 15.794 15.622 15.45 15.329 15.218 15.558 15.415 15.295 15.196 15.028 15.452 15.547 15.394 15.006 14.837 14.647 15.362
33.0935 16.096 16.145 16.07 15.877 15.735 15.596 15.957 15.855 15.732 15.591 15.45 15.302 15.86 15.687 15.515 15.395 15.284 15.624 15.481 15.361 15.262 15.094 15.518 15.613 15.46 15.072 14.903 14.713 15.428
33.8918 16.161 16.211 16.136 15.943 15.801 15.661 16.022 15.921 15.798 15.656 15.516 15.367 15.926 15.753 15.581 15.461 15.35 15.689 15.547 15.427 15.328 15.16 15.583 15.679 15.526 15.138 14.969 14.778 15.493
34.7093 16.227 16.277 16.202 16.009 15.866 15.727 16.088 15.986 15.864 15.722 15.582 15.433 15.991 15.819 15.647 15.526 15.416 15.755 15.612 15.493 15.394 15.225 15.649 15.744 15.592 15.204 15.034 14.844 15.559
35.5466 16.293 16.342 16.267 16.074 15.932 15.793 16.154 16.052 15.93 15.788 15.647 15.499 16.057 15.885 15.713 15.592 15.481 15.821 15.678 15.558 15.459 15.291 15.715 15.81 15.657 15.269 15.1 14.91 15.625
36.4041 16.359 16.408 16.333 16.14 15.998 15.859 16.219 16.118 15.995 15.853 15.713 15.564 16.123 15.95 15.778 15.658 15.547 15.886 15.744 15.624 15.525 15.357 15.781 15.876 15.723 15.335 15.166 14.975 15.69
37.2823 16.424 16.474 16.399 16.206 16.063 15.924 16.285 16.183 16.061 15.919 15.779 15.63 16.189 16.016 15.844 15.723 15.613 15.952 15.81 15.69 15.591 15.423 15.846 15.942 15.789 15.401 15.231 15.041 15.756
38.1817 16.49 16.539 16.465 16.272 16.129 15.99 16.351 16.249 16.127 15.985 15.844 15.696 16.254 16.082 15.91 15.789 15.678 16.018 15.875 15.756 15.656 15.488 15.912 16.007 15.854 15.467 15.297 15.107 15.822
39.1028 16.548 16.597 16.523 16.33 16.187 16.048 16.409 16.307 16.185 16.043 15.902 15.754 16.312 16.14 15.968 15.847 15.736 16.076 15.933 15.814 15.714 15.546 15.97 16.065 15.912 15.525 15.355 15.165 15.88
40.046 16.604 16.653 16.579 16.386 16.243 16.104 16.465 16.363 16.241 16.099 15.959 15.81 16.368 16.196 16.024 15.903 15.793 16.132 15.989 15.87 15.771 15.602 16.026 16.121 15.969 15.581 15.411 15.221 15.936
41.0121 16.66 16.71 16.635 16.442 16.299 16.16 16.521 16.419 16.297 16.155 16.015 15.866 16.424 16.252 16.08 15.959 15.849 16.188 16.046 15.926 15.827 15.658 16.082 16.177 16.025 15.637 15.467 15.277 15.992
42.0014 16.716 16.766 16.691 16.498 16.355 16.216 16.577 16.475 16.353 16.211 16.071 15.922 16.48 16.308 16.136 16.015 15.905 16.244 16.102 15.982 15.883 15.714 16.138 16.234 16.081 15.693 15.523 15.333 16.048
43.0146 16.772 16.822 16.747 16.554 16.412 16.272 16.633 16.532 16.409 16.267 16.127 15.978 16.537 16.364 16.192 16.071 15.961 16.3 16.158 16.038 15.939 15.771 16.194 16.29 16.137 15.749 15.58 15.389 16.104
44.0523 16.828 16.878 16.803 16.61 16.468 16.328 16.689 16.588 16.465 16.323 16.183 16.034 16.593 16.42 16.248 16.128 16.017 16.356 16.214 16.094 15.995 15.827 16.25 16.346 16.193 15.805 15.636 15.445 16.16
45.1149 16.884 16.934 16.859 16.666 16.524 16.385 16.745 16.644 16.521 16.379 16.239 16.09 16.649 16.476 16.304 16.184 16.073 16.412 16.27 16.15 16.051 15.883 16.307 16.402 16.249 15.861 15.692 15.501 16.216
46.2033 16.941 16.99 16.915 16.722 16.58 16.441 16.801 16.7 16.577 16.436 16.295 16.146 16.705 16.532 16.36 16.24 16.129 16.469 16.326 16.206 16.107 15.939 16.363 16.458 16.305 15.917 15.748 15.557 16.272
47.3178 16.997 17.046 16.971 16.778 16.636 16.497 16.858 16.756 16.633 16.492 16.351 16.203 16.761 16.588 16.416 16.296 16.185 16.525 16.382 16.262 16.163 15.995 16.419 16.514 16.361 15.973 15.804 15.614 16.329
48.4593 17.053 17.102 17.027 16.834 16.692 16.553 16.914 16.812 16.69 16.548 16.407 16.259 16.817 16.644 16.473 16.352 16.241 16.581 16.438 16.318 16.219 16.051 16.475 16.57 16.417 16.029 15.86 15.67 16.385
49.6283 17.107 17.157 17.082 16.889 16.746 16.607 16.968 16.866 16.744 16.602 16.462 16.313 16.871 16.699 16.527 16.406 16.296 16.635 16.492 16.373 16.274 16.105 16.529 16.624 16.472 16.084 15.914 15.724 16.439
50.8255 17.161 17.211 17.136 16.943 16.801 16.661 17.022 16.921 16.798 16.656 16.516 16.367 16.926 16.753 16.581 16.46 16.35 16.689 16.547 16.427 16.328 16.16 16.583 16.679 16.526 16.138 15.969 15.778 16.493
52.0515 17.216 17.265 17.19 16.997 16.855 16.716 17.076 16.975 16.852 16.71 16.57 16.421 16.98 16.807 16.635 16.515 16.404 16.743 16.601 16.481 16.382 16.214 16.638 16.733 16.58 16.192 16.023 15.832 16.547
53.3072 17.27 17.319 17.244 17.051 16.909 16.77 17.131 17.029 16.907 16.765 16.624 16.476 17.034 16.861 16.69 16.569 16.458 16.798 16.655 16.535 16.436 16.268 16.692 16.787 16.634 16.246 16.077 15.887 16.602
54.5931 17.324 17.373 17.299 17.106 16.963 16.824 17.185 17.083 16.961 16.819 16.678 16.53 17.088 16.916 16.744 16.623 16.512 16.852 16.709 16.59 16.49 16.322 16.746 16.841 16.688 16.301 16.131 15.941 16.656
55.9101 17.378 17.428 17.353 17.16 17.017 16.878 17.239 17.137 17.015 16.873 16.733 16.584 17.142 16.97 16.798 16.677 16.567 16.906 16.764 16.644 16.545 16.376 16.8 16.895 16.743 16.355 16.185 15.995 16.71
57.2588 17.432 17.482 17.407 17.214 17.072 16.933 17.293 17.192 17.069 16.927 16.787 16.638 17.197 17.024 16.852 16.732 16.621 16.96 16.818 16.698 16.599 16.431 16.855 16.95 16.797 16.409 16.24 16.049 16.764
58.6401 17.487 17.536 17.461 17.268 17.126 16.987 17.348 17.246 17.123 16.982 16.841 16.693 17.251 17.078 16.907 16.786 16.675 17.015 16.872 16.752 16.653 16.485 16.909 17.004 16.851 16.463 16.294 16.104 16.819
60.0546 17.541 17.59 17.515 17.323 17.18 17.041 17.402 17.3 17.178 17.036 16.895 16.747 17.305 17.133 16.961 16.84 16.729 17.069 16.926 16.806 16.707 16.539 16.963 17.058 16.905 16.517 16.348 16.158 16.873
61.5034 17.595 17.644 17.569 17.376 17.234 17.095 17.456 17.354 17.231 17.09 16.949 16.801 17.359 17.186 17.014 16.894 16.783 17.123 16.98 16.86 16.761 16.593 17.017 17.112 16.959 16.571 16.402 16.212 16.927
62.987 17.643 17.693 17.618 17.425 17.283 17.144 17.504 17.403 17.28 17.138 16.998 16.849 17.408 17.235 17.063 16.943 16.832 17.171 17.029 16.909 16.81 16.642 17.066 17.161 17.008 16.62 16.451 16.26 16.975
64.5065 17.692 17.742 17.667 17.474 17.332 17.192 17.553 17.452 17.329 17.187 17.047 16.898 17.457 17.284 17.112 16.992 16.881 17.22 17.078 16.958 16.859 16.691 17.114 17.21 17.057 16.669 16.5 16.309 17.024
66.0626 17.741 17.791 17.716 17.523 17.38 17.241 17.602 17.5 17.378 17.236 17.096 16.947 17.505 17.333 17.161 17.04 16.93 17.269 17.127 17.007 16.908 16.739 17.163 17.259 17.106 16.718 16.548 16.358 17.073
67.6562 17.79 17.84 17.765 17.572 17.429 17.29 17.651 17.549 17.427 17.285 17.145 16.996 17.554 17.382 17.21 17.089 16.979 17.318 17.175 17.056 16.957 16.788 17.212 17.307 17.155 16.767 16.597 16.407 17.122
69.2883 17.839 17.888 17.814 17.621 17.478 17.339 17.7 17.598 17.476 17.334 17.193 17.045 17.603 17.431 17.259 17.138 17.027 17.367 17.224 17.104 17.005 16.837 17.261 17.356 17.203 16.815 16.646 16.456 17.171
70.9597 17.888 17.937 17.862 17.669 17.527 17.388 17.749 17.647 17.525 17.383 17.242 17.094 17.652 17.479 17.308 17.187 17.076 17.416 17.273 17.153 17.054 16.886 17.31 17.405 17.252 16.864 16.695 16.505 17.22
72.6715 17.937 17.986 17.911 17.718 17.576 17.437 17.798 17.696 17.573 17.432 17.291 17.143 17.701 17.528 17.356 17.236 17.125 17.465 17.322 17.202 17.103 16.935 17.359 17.454 17.301 16.913 16.744 16.554 17.269
74.4246 17.985 18.035 17.96 17.767 17.625 17.486 17.846 17.745 17.622 17.48 17.34 17.191 17.75 17.577 17.405 17.285 17.174 17.513 17.371 17.251 17.152 16.984 17.408 17.503 17.35 16.962 16.793 16.602 17.317
76.2199 18.034 18.084 18.009 17.816 17.674 17.534 17.895 17.794 17.671 17.529 17.389 17.24 17.799 17.626 17.454 17.334 17.223 17.562 17.42 17.3 17.201 17.033 17.456 17.552 17.399 17.011 16.842 16.651 17.366
78.0586 18.082 18.132 18.057 17.864 17.721 17.582 17.943 17.842 17.719 17.577 17.437 17.288 17.847 17.674 17.502 17.381 17.271 17.61 17.468 17.348 17.249 17.081 17.504 17.6 17.447 17.059 16.89 16.699 17.414
79.9416 18.127 18.177 18.102 17.909 17.766 17.627 17.988 17.886 17.764 17.622 17.482 17.333 17.891 17.719 17.547 17.426 17.316 17.655 17.512 17.393 17.294 17.125 17.549 17.644 17.492 17.104 16.934 16.744 17.459
81.87 18.172 18.221 18.146 17.953 17.811 17.672 18.033 17.931 17.809 17.667 17.526 17.378 17.936 17.764 17.592 17.471 17.36 17.7 17.557 17.437 17.338 17.17 17.594 17.689 17.536 17.148 16.979 16.789 17.504
83.845 18.217 18.266 18.191 17.998 17.856 17.717 18.078 17.976 17.853 17.712 17.571 17.423 17.981 17.808 17.637 17.516 17.405 17.745 17.602 17.482 17.383 17.215 17.639 17.734 17.581 17.193 17.024 16.834 17.549
85.8676 18.261 18.311 18.236 18.043 17.901 17.762 18.122 18.021 17.898 17.756 17.616 17.467 18.026 17.853 17.681 17.561 17.45 17.789 17.647 17.527 17.428 17.26 17.684 17.779 17.626 17.238 17.069 16.878 17.593
87.939 18.306 18.356 18.281 18.088 17.945 17.806 18.167 18.065 17.943 17.801 17.661 17.512 18.071 17.898 17.726 17.605 17.495 17.834 17.692 17.572 17.473 17.304 17.728 17.824 17.671 17.283 17.113 16.923 17.638
90.0604 18.351 18.4 18.326 18.133 17.99 17.851 18.212 18.11 17.988 17.846 17.705 17.557 18.115 17.943 17.771 17.65 17.54 17.879 17.736 17.617 17.518 17.349 17.773 17.868 17.716 17.328 17.158 16.968 17.683
92.2329 18.396 18.445 18.37 18.177 18.035 17.896 18.257 18.155 18.033 17.891 17.75 17.602 18.16 17.988 17.816 17.695 17.584 17.924 17.781 17.661 17.562 17.394 17.818 17.913 17.76 17.372 17.203 17.013 17.728
94.4579 18.441 18.49 18.415 18.222 18.08 17.941 18.302 18.2 18.077 17.936 17.795 17.647 18.205 18.032 17.86 17.74 17.629 17.969 17.826 17.706 17.607 17.439 17.863 17.958 17.805 17.417 17.248 17.057 17.772
96.7365 18.485 18.535 18.46 18.267 18.125 17.986 18.346 18.245 18.122 17.98 17.84 17.691 18.25 18.077 17.905 17.785 17.674 18.013 17.871 17.751 17.652 17.484 17.908 18.003 17.85 17.462 17.293 17.102 17.817
