web/models/grb/offaxis/6/grb_0.2967_517.9475_0.3981072.dat
# %ECSV 1.0
# ---
# datatype:
# - {name: time, datatype: float64}
# - {name: swift_uvot_uvw2, datatype: float64}
# - {name: swift_uvot_uvm2, datatype: float64}
# - {name: swift_uvot_uvw1, datatype: float64}
# - {name: swift_uvot_U, datatype: float64}
# - {name: swift_uvot_B, datatype: float64}
# - {name: swift_uvot_V, datatype: float64}
# - {name: swift_uvot_W, datatype: float64}
# - {name: johnson_U, datatype: float64}
# - {name: johnson_B, datatype: float64}
# - {name: johnson_V, datatype: float64}
# - {name: johnson_R, datatype: float64}
# - {name: johnson_I, datatype: float64}
# - {name: sdss_u, datatype: float64}
# - {name: sdss_g, datatype: float64}
# - {name: sdss_r, datatype: float64}
# - {name: sdss_i, datatype: float64}
# - {name: sdss_z, datatype: float64}
# - {name: PS1_g, datatype: float64}
# - {name: PS1_r, datatype: float64}
# - {name: PS1_i, datatype: float64}
# - {name: PS1_z, datatype: float64}
# - {name: PS1_Y, datatype: float64}
# - {name: PS1_w, datatype: float64}
# - {name: ATLAS_c, datatype: float64}
# - {name: ATLAS_o, datatype: float64}
# - {name: ukirt_J, datatype: float64}
# - {name: ukirt_H, datatype: float64}
# - {name: ukirt_K, datatype: float64}
# - {name: Clear, datatype: float64}
# meta: !!omap
# - comment: [E = 0.22477106672309027, Eta0 = 8.02, GammaB = 12.0, dL = 0.012188, epsb = 6.760829753919819e-06, epse = 0.1, n = 0.3981071705534969,
#     p = 2.15, theta_obs = 0.29670597283903605, xiN = 1.0, z = 0.0, type = grb, E_kiso = 517.9474679231213]
# schema: astropy-2.0
time swift_uvot_uvw2 swift_uvot_uvm2 swift_uvot_uvw1 swift_uvot_U swift_uvot_B swift_uvot_V swift_uvot_W johnson_U johnson_B johnson_V johnson_R johnson_I sdss_u sdss_g sdss_r sdss_i sdss_z PS1_g PS1_r PS1_i PS1_z PS1_Y PS1_w ATLAS_c ATLAS_o ukirt_J ukirt_H ukirt_K Clear
[from data line 390]
108.9811 -2.544 -2.495 -2.57 -2.763 -2.905 -3.044 -2.683 -2.785 -2.907 -3.049 -3.19 -3.338 -2.78 -2.953 -3.124 -3.245 -3.356 -3.016 -3.159 -3.279 -3.378 -3.546 -3.122 -3.027 -3.18 -3.568 -3.737 -3.927 -3.212
111.6101 -2.504 -2.454 -2.529 -2.722 -2.864 -3.003 -2.643 -2.744 -2.867 -3.009 -3.149 -3.298 -2.739 -2.912 -3.084 -3.204 -3.315 -2.976 -3.118 -3.238 -3.337 -3.505 -3.081 -2.986 -3.139 -3.527 -3.696 -3.887 -3.172
114.3025 -2.463 -2.413 -2.488 -2.681 -2.824 -2.963 -2.602 -2.704 -2.826 -2.968 -3.108 -3.257 -2.699 -2.871 -3.043 -3.164 -3.274 -2.935 -3.077 -3.197 -3.296 -3.465 -3.041 -2.945 -3.098 -3.486 -3.656 -3.846 -3.131
117.0598 -2.422 -2.373 -2.447 -2.64 -2.783 -2.922 -2.561 -2.663 -2.785 -2.927 -3.068 -3.216 -2.658 -2.83 -3.002 -3.123 -3.234 -2.894 -3.037 -3.156 -3.256 -3.424 -3.0 -2.905 -3.058 -3.445 -3.615 -3.805 -3.09
119.8836 -2.381 -2.332 -2.407 -2.6 -2.742 -2.881 -2.52 -2.622 -2.744 -2.886 -3.027 -3.175 -2.617 -2.79 -2.961 -3.082 -3.193 -2.853 -2.996 -3.116 -3.215 -3.383 -2.959 -2.864 -3.017 -3.405 -3.574 -3.764 -3.049
122.7756 -2.341 -2.291 -2.366 -2.559 -2.701 -2.84 -2.48 -2.581 -2.704 -2.846 -2.986 -3.135 -2.576 -2.749 -2.921 -3.041 -3.152 -2.813 -2.955 -3.075 -3.174 -3.342 -2.918 -2.823 -2.976 -3.364 -3.533 -3.724 -3.009
125.7373 -2.3 -2.25 -2.325 -2.518 -2.661 -2.8 -2.439 -2.541 -2.663 -2.805 -2.945 -3.094 -2.536 -2.708 -2.88 -3.001 -3.111 -2.772 -2.914 -3.034 -3.133 -3.302 -2.878 -2.782 -2.935 -3.323 -3.493 -3.683 -2.968
128.7705 -2.263 -2.213 -2.288 -2.481 -2.624 -2.763 -2.402 -2.504 -2.626 -2.768 -2.908 -3.057 -2.499 -2.671 -2.843 -2.964 -3.074 -2.735 -2.877 -2.997 -3.096 -3.265 -2.841 -2.746 -2.898 -3.286 -3.456 -3.646 -2.931
131.8769 -2.227 -2.177 -2.252 -2.445 -2.587 -2.726 -2.366 -2.467 -2.59 -2.732 -2.872 -3.021 -2.462 -2.635 -2.807 -2.927 -3.038 -2.699 -2.841 -2.961 -3.06 -3.228 -2.804 -2.709 -2.862 -3.25 -3.419 -3.61 -2.895
135.0582 -2.19 -2.141 -2.216 -2.409 -2.551 -2.69 -2.329 -2.431 -2.553 -2.695 -2.836 -2.984 -2.426 -2.599 -2.77 -2.891 -3.002 -2.662 -2.805 -2.925 -3.024 -3.192 -2.768 -2.673 -2.826 -3.214 -3.383 -3.573 -2.858
138.3162 -2.154 -2.104 -2.179 -2.372 -2.515 -2.654 -2.293 -2.395 -2.517 -2.659 -2.799 -2.948 -2.39 -2.562 -2.734 -2.855 -2.965 -2.626 -2.769 -2.888 -2.987 -3.156 -2.732 -2.637 -2.789 -3.177 -3.347 -3.537 -2.822
141.6528 -2.118 -2.068 -2.143 -2.336 -2.478 -2.617 -2.257 -2.358 -2.481 -2.623 -2.763 -2.912 -2.353 -2.526 -2.698 -2.818 -2.929 -2.59 -2.732 -2.852 -2.951 -3.119 -2.695 -2.6 -2.753 -3.141 -3.31 -3.501 -2.786
145.0699 -2.081 -2.032 -2.107 -2.3 -2.442 -2.581 -2.22 -2.322 -2.444 -2.586 -2.727 -2.875 -2.317 -2.49 -2.661 -2.782 -2.893 -2.553 -2.696 -2.816 -2.915 -3.083 -2.659 -2.564 -2.717 -3.105 -3.274 -3.464 -2.749
148.5695 -2.045 -1.995 -2.07 -2.263 -2.406 -2.545 -2.184 -2.286 -2.408 -2.55 -2.69 -2.839 -2.281 -2.453 -2.625 -2.746 -2.856 -2.517 -2.66 -2.779 -2.878 -3.047 -2.623 -2.528 -2.68 -3.068 -3.238 -3.428 -2.713
152.1534 -2.009 -1.959 -2.034 -2.227 -2.369 -2.508 -2.148 -2.249 -2.372 -2.514 -2.654 -2.803 -2.244 -2.417 -2.589 -2.709 -2.82 -2.481 -2.623 -2.743 -2.842 -3.01 -2.586 -2.491 -2.644 -3.032 -3.201 -3.392 -2.677
155.8238 -1.972 -1.923 -1.998 -2.191 -2.333 -2.472 -2.111 -2.213 -2.335 -2.477 -2.618 -2.766 -2.208 -2.381 -2.552 -2.673 -2.784 -2.444 -2.587 -2.707 -2.806 -2.974 -2.55 -2.455 -2.608 -2.996 -3.165 -3.355 -2.64
159.5828 -1.936 -1.887 -1.961 -2.154 -2.297 -2.436 -2.075 -2.177 -2.299 -2.441 -2.581 -2.73 -2.172 -2.344 -2.516 -2.637 -2.747 -2.408 -2.551 -2.67 -2.769 -2.938 -2.514 -2.419 -2.571 -2.959 -3.129 -3.319 -2.604
163.4324 -1.901 -1.852 -1.927 -2.12 -2.262 -2.401 -2.04 -2.142 -2.264 -2.406 -2.547 -2.695 -2.137 -2.31 -2.481 -2.602 -2.713 -2.373 -2.516 -2.636 -2.735 -2.903 -2.479 -2.384 -2.537 -2.925 -3.094 -3.284 -2.569
167.375 -1.867 -1.817 -1.892 -2.085 -2.227 -2.367 -2.006 -2.107 -2.23 -2.372 -2.512 -2.661 -2.102 -2.275 -2.447 -2.567 -2.678 -2.339 -2.481 -2.601 -2.7 -2.868 -2.444 -2.349 -2.502 -2.89 -3.059 -3.25 -2.535
171.4126 -1.832 -1.782 -1.857 -2.05 -2.193 -2.332 -1.971 -2.073 -2.195 -2.337 -2.477 -2.626 -2.068 -2.24 -2.412 -2.533 -2.643 -2.304 -2.447 -2.566 -2.665 -2.834 -2.41 -2.315 -2.467 -2.855 -3.025 -3.215 -2.5
175.5476 -1.797 -1.748 -1.823 -2.016 -2.158 -2.297 -1.936 -2.038 -2.16 -2.302 -2.443 -2.591 -2.033 -2.206 -2.377 -2.498 -2.609 -2.269 -2.412 -2.532 -2.631 -2.799 -2.375 -2.28 -2.433 -2.821 -2.99 -3.18 -2.465
179.7823 -1.763 -1.713 -1.788 -1.981 -2.123 -2.262 -1.902 -2.003 -2.126 -2.268 -2.408 -2.557 -1.998 -2.171 -2.343 -2.463 -2.574 -2.235 -2.377 -2.497 -2.596 -2.764 -2.34 -2.245 -2.398 -2.786 -2.955 -3.146 -2.431
184.1193 -1.728 -1.678 -1.753 -1.946 -2.089 -2.228 -1.867 -1.969 -2.091 -2.233 -2.373 -2.522 -1.964 -2.136 -2.308 -2.429 -2.539 -2.2 -2.343 -2.462 -2.561 -2.73 -2.306 -2.211 -2.363 -2.751 -2.921 -3.111 -2.396
188.5608 -1.693 -1.644 -1.719 -1.912 -2.054 -2.193 -1.832 -1.934 -2.056 -2.198 -2.339 -2.487 -1.929 -2.102 -2.273 -2.394 -2.505 -2.165 -2.308 -2.428 -2.527 -2.695 -2.271 -2.176 -2.329 -2.717 -2.886 -3.076 -2.361
193.1095 -1.659 -1.609 -1.684 -1.877 -2.019 -2.158 -1.798 -1.899 -2.022 -2.164 -2.304 -2.453 -1.894 -2.067 -2.239 -2.359 -2.47 -2.131 -2.273 -2.393 -2.492 -2.66 -2.236 -2.141 -2.294 -2.682 -2.851 -3.042 -2.327
197.7679 -1.624 -1.574 -1.649 -1.842 -1.985 -2.124 -1.763 -1.865 -1.987 -2.129 -2.269 -2.418 -1.86 -2.032 -2.204 -2.325 -2.435 -2.096 -2.239 -2.358 -2.457 -2.626 -2.202 -2.107 -2.259 -2.647 -2.817 -3.007 -2.292
202.5387 -1.59 -1.54 -1.615 -1.808 -1.95 -2.089 -1.729 -1.83 -1.953 -2.095 -2.235 -2.384 -1.825 -1.998 -2.17 -2.29 -2.401 -2.062 -2.204 -2.324 -2.423 -2.591 -2.167 -2.072 -2.225 -2.613 -2.782 -2.973 -2.258
207.4245 -1.557 -1.508 -1.582 -1.775 -1.918 -2.057 -1.696 -1.798 -1.92 -2.062 -2.203 -2.351 -1.793 -1.965 -2.137 -2.258 -2.368 -2.029 -2.172 -2.291 -2.39 -2.559 -2.135 -2.04 -2.192 -2.58 -2.75 -2.94 -2.225
212.4283 -1.524 -1.475 -1.55 -1.743 -1.885 -2.024 -1.664 -1.765 -1.888 -2.03 -2.17 -2.319 -1.76 -1.933 -2.105 -2.225 -2.336 -1.997 -2.139 -2.259 -2.358 -2.526 -2.102 -2.007 -2.16 -2.548 -2.717 -2.908 -2.193
217.5527 -1.492 -1.443 -1.517 -1.71 -1.853 -1.992 -1.631 -1.733 -1.855 -1.997 -2.137 -2.286 -1.728 -1.9 -2.072 -2.193 -2.303 -1.964 -2.107 -2.226 -2.325 -2.494 -2.07 -1.975 -2.127 -2.515 -2.685 -2.875 -2.16
222.8008 -1.459 -1.41 -1.485 -1.678 -1.82 -1.959 -1.599 -1.7 -1.823 -1.964 -2.105 -2.254 -1.695 -1.868 -2.04 -2.16 -2.271 -1.931 -2.074 -2.194 -2.293 -2.461 -2.037 -1.942 -2.095 -2.483 -2.652 -2.843 -2.128
228.1754 -1.427 -1.377 -1.452 -1.645 -1.788 -1.927 -1.566 -1.668 -1.79 -1.932 -2.072 -2.221 -1.663 -1.835 -2.007 -2.128 -2.238 -1.899 -2.042 -2.161 -2.26 -2.429 -2.005 -1.91 -2.062 -2.45 -2.62 -2.81 -2.095
233.6797 -1.394 -1.345 -1.42 -1.613 -1.755 -1.894 -1.533 -1.635 -1.758 -1.899 -2.04 -2.188 -1.63 -1.803 -1.975 -2.095 -2.206 -1.866 -2.009 -2.129 -2.228 -2.396 -1.972 -1.877 -2.03 -2.418 -2.587 -2.777 -2.062
239.3168 -1.362 -1.312 -1.387 -1.58 -1.723 -1.862 -1.501 -1.603 -1.725 -1.867 -2.007 -2.156 -1.598 -1.77 -1.942 -2.063 -2.173 -1.834 -1.976 -2.096 -2.195 -2.364 -1.94 -1.845 -1.997 -2.385 -2.555 -2.745 -2.03
245.0899 -1.329 -1.28 -1.355 -1.548 -1.69 -1.829 -1.468 -1.57 -1.692 -1.834 -1.975 -2.123 -1.565 -1.738 -1.909 -2.03 -2.141 -1.801 -1.944 -2.064 -2.163 -2.331 -1.907 -1.812 -1.965 -2.353 -2.522 -2.712 -1.997
251.0022 -1.297 -1.247 -1.322 -1.515 -1.658 -1.797 -1.436 -1.538 -1.66 -1.802 -1.942 -2.091 -1.532 -1.705 -1.877 -1.998 -2.108 -1.769 -1.911 -2.031 -2.13 -2.299 -1.875 -1.779 -1.932 -2.32 -2.49 -2.68 -1.965
257.0572 -1.262 -1.213 -1.287 -1.48 -1.623 -1.762 -1.401 -1.503 -1.625 -1.767 -1.908 -2.056 -1.498 -1.67 -1.842 -1.963 -2.074 -1.734 -1.877 -1.997 -2.096 -2.264 -1.84 -1.745 -1.898 -2.286 -2.455 -2.645 -1.93
263.2582 -1.222 -1.173 -1.247 -1.44 -1.583 -1.722 -1.361 -1.463 -1.585 -1.727 -1.868 -2.016 -1.458 -1.63 -1.802 -1.923 -2.034 -1.694 -1.837 -1.956 -2.056 -2.224 -1.8 -1.705 -1.858 -2.245 -2.415 -2.605 -1.89
269.6088 -1.182 -1.133 -1.207 -1.4 -1.543 -1.682 -1.321 -1.423 -1.545 -1.687 -1.828 -1.976 -1.418 -1.59 -1.762 -1.883 -1.993 -1.654 -1.797 -1.916 -2.015 -2.184 -1.76 -1.665 -1.817 -2.205 -2.375 -2.565 -1.85
276.1126 -1.142 -1.093 -1.167 -1.36 -1.503 -1.642 -1.281 -1.383 -1.505 -1.647 -1.787 -1.936 -1.378 -1.55 -1.722 -1.843 -1.953 -1.614 -1.757 -1.876 -1.975 -2.144 -1.72 -1.625 -1.777 -2.165 -2.335 -2.525 -1.81
282.7734 -1.102 -1.052 -1.127 -1.32 -1.463 -1.602 -1.241 -1.343 -1.465 -1.607 -1.747 -1.896 -1.338 -1.51 -1.682 -1.803 -1.913 -1.574 -1.717 -1.836 -1.935 -2.104 -1.68 -1.585 -1.737 -2.125 -2.295 -2.485 -1.77
289.5947 -1.062 -1.012 -1.087 -1.28 -1.423 -1.562 -1.201 -1.303 -1.425 -1.567 -1.707 -1.856 -1.298 -1.47 -1.642 -1.763 -1.873 -1.534 -1.676 -1.796 -1.895 -2.064 -1.64 -1.545 -1.697 -2.085 -2.255 -2.445 -1.73
296.5807 -1.022 -0.972 -1.047 -1.24 -1.383 -1.522 -1.161 -1.263 -1.385 -1.527 -1.667 -1.816 -1.258 -1.43 -1.602 -1.723 -1.833 -1.494 -1.636 -1.756 -1.855 -2.024 -1.6 -1.505 -1.657 -2.045 -2.215 -2.405 -1.69
303.7351 -0.982 -0.932 -1.007 -1.2 -1.343 -1.482 -1.121 -1.223 -1.345 -1.487 -1.627 -1.776 -1.217 -1.39 -1.562 -1.683 -1.793 -1.454 -1.596 -1.716 -1.815 -1.984 -1.56 -1.464 -1.617 -2.005 -2.175 -2.365 -1.65
311.0622 -0.942 -0.892 -0.967 -1.16 -1.302 -1.442 -1.081 -1.182 -1.305 -1.447 -1.587 -1.736 -1.177 -1.35 -1.522 -1.643 -1.753 -1.414 -1.556 -1.676 -1.775 -1.943 -1.52 -1.424 -1.577 -1.965 -2.134 -2.325 -1.61
318.566 -0.902 -0.852 -0.927 -1.12 -1.262 -1.402 -1.041 -1.142 -1.265 -1.407 -1.547 -1.696 -1.137 -1.31 -1.482 -1.603 -1.713 -1.374 -1.516 -1.636 -1.735 -1.903 -1.48 -1.384 -1.537 -1.925 -2.094 -2.285 -1.57
326.2508 -0.85 -0.8 -0.875 -1.068 -1.211 -1.35 -0.989 -1.091 -1.213 -1.355 -1.495 -1.644 -1.085 -1.258 -1.43 -1.551 -1.661 -1.322 -1.464 -1.584 -1.683 -1.851 -1.428 -1.332 -1.485 -1.873 -2.043 -2.233 -1.518
334.121 -0.782 -0.733 -0.808 -1.001 -1.143 -1.282 -0.921 -1.023 -1.145 -1.287 -1.428 -1.576 -1.018 -1.191 -1.362 -1.483 -1.594 -1.254 -1.397 -1.517 -1.616 -1.784 -1.36 -1.265 -1.418 -1.806 -1.975 -2.165 -1.45
342.181 -0.715 -0.665 -0.74 -0.933 -1.075 -1.215 -0.854 -0.955 -1.078 -1.22 -1.36 -1.509 -0.95 -1.123 -1.295 -1.416 -1.526 -1.187 -1.329 -1.449 -1.548 -1.716 -1.293 -1.197 -1.35 -1.738 -1.907 -2.098 -1.383
350.4355 -0.647 -0.598 -0.673 -0.865 -1.008 -1.147 -0.786 -0.888 -1.01 -1.152 -1.293 -1.441 -0.883 -1.055 -1.227 -1.348 -1.459 -1.119 -1.262 -1.382 -1.481 -1.649 -1.225 -1.13 -1.283 -1.671 -1.84 -2.03 -1.315
358.8891 -0.58 -0.53 -0.605 -0.798 -0.94 -1.079 -0.719 -0.82 -0.943 -1.085 -1.225 -1.374 -0.815 -0.988 -1.16 -1.28 -1.391 -1.052 -1.194 -1.314 -1.413 -1.581 -1.157 -1.062 -1.215 -1.603 -1.772 -1.963 -1.248
367.5467 -0.512 -0.463 -0.537 -0.73 -0.873 -1.012 -0.651 -0.753 -0.875 -1.017 -1.158 -1.306 -0.748 -0.92 -1.092 -1.213 -1.324 -0.984 -1.127 -1.246 -1.346 -1.514 -1.09 -0.995 -1.148 -1.535 -1.705 -1.895 -1.18
376.4131 -0.445 -0.395 -0.47 -0.663 -0.805 -0.944 -0.584 -0.685 -0.808 -0.95 -1.09 -1.239 -0.68 -0.853 -1.025 -1.145 -1.256 -0.917 -1.059 -1.179 -1.278 -1.446 -1.022 -0.927 -1.08 -1.468 -1.637 -1.828 -1.113
385.4933 -0.377 -0.328 -0.402 -0.595 -0.738 -0.877 -0.516 -0.618 -0.74 -0.882 -1.022 -1.171 -0.613 -0.785 -0.957 -1.078 -1.188 -0.849 -0.992 -1.111 -1.21 -1.379 -0.955 -0.86 -1.012 -1.4 -1.57 -1.76 -1.045
394.7926 -0.309 -0.26 -0.335 -0.528 -0.67 -0.809 -0.448 -0.55 -0.673 -0.814 -0.955 -1.104 -0.545 -0.718 -0.89 -1.01 -1.121 -0.781 -0.924 -1.044 -1.143 -1.311 -0.887 -0.792 -0.945 -1.333 -1.502 -1.693 -0.978
404.3163 -0.242 -0.192 -0.267 -0.46 -0.603 -0.742 -0.381 -0.483 -0.605 -0.747 -0.887 -1.036 -0.478 -0.65 -0.822 -0.943 -1.053 -0.714 -0.856 -0.976 -1.075 -1.244 -0.82 -0.725 -0.877 -1.265 -1.435 -1.625 -0.91
414.0697 -0.155 -0.105 -0.18 -0.373 -0.516 -0.655 -0.294 -0.396 -0.518 -0.66 -0.8 -0.949 -0.391 -0.563 -0.735 -0.856 -0.966 -0.627 -0.77 -0.889 -0.988 -1.157 -0.733 -0.638 -0.79 -1.178 -1.348 -1.538 -0.823
424.0583 -0.054 -0.004 -0.079 -0.272 -0.414 -0.553 -0.193 -0.294 -0.417 -0.559 -0.699 -0.848 -0.289 -0.462 -0.634 -0.754 -0.865 -0.526 -0.668 -0.788 -0.887 -1.055 -0.631 -0.536 -0.689 -1.077 -1.246 -1.437 -0.722
434.2879 0.048 0.097 0.022 -0.171 -0.313 -0.452 -0.091 -0.193 -0.315 -0.457 -0.598 -0.746 -0.188 -0.361 -0.532 -0.653 -0.764 -0.424 -0.567 -0.687 -0.786 -0.954 -0.53 -0.435 -0.588 -0.976 -1.145 -1.335 -0.62
444.7643 0.149 0.199 0.124 -0.069 -0.212 -0.351 0.01 -0.092 -0.214 -0.356 -0.496 -0.645 -0.087 -0.259 -0.431 -0.552 -0.662 -0.323 -0.466 -0.585 -0.684 -0.853 -0.429 -0.334 -0.486 -0.874 -1.044 -1.234 -0.519
455.4934 0.25 0.3 0.225 0.032 -0.11 -0.249 0.111 0.01 -0.113 -0.255 -0.395 -0.544 0.015 -0.158 -0.33 -0.45 -0.561 -0.222 -0.364 -0.484 -0.583 -0.751 -0.327 -0.232 -0.385 -0.773 -0.942 -1.133 -0.418
466.4814 0.352 0.401 0.326 0.133 -0.009 -0.148 0.213 0.111 -0.011 -0.153 -0.294 -0.442 0.116 -0.057 -0.228 -0.349 -0.46 -0.12 -0.263 -0.383 -0.482 -0.65 -0.226 -0.131 -0.284 -0.672 -0.841 -1.031 -0.316
477.7344 0.453 0.503 0.428 0.235 0.092 -0.047 0.314 0.212 0.09 -0.052 -0.192 -0.341 0.217 0.045 -0.127 -0.248 -0.358 -0.019 -0.162 -0.281 -0.38 -0.549 -0.125 -0.03 -0.182 -0.57 -0.74 -0.93 -0.215
489.2588 0.554 0.604 0.529 0.336 0.194 0.055 0.415 0.314 0.191 0.049 -0.091 -0.24 0.319 0.146 -0.026 -0.146 -0.257 0.082 -0.06 -0.18 -0.279 -0.447 -0.023 0.072 -0.081 -0.469 -0.638 -0.829 -0.114
501.0613 0.656 0.705 0.63 0.437 0.295 0.156 0.517 0.415 0.293 0.151 0.01 -0.138 0.42 0.247 0.076 -0.045 -0.156 0.184 0.041 -0.079 -0.178 -0.346 0.078 0.173 0.02 -0.368 -0.537 -0.727 -0.012
513.1485 0.757 0.807 0.732 0.539 0.396 0.257 0.618 0.516 0.394 0.252 0.112 -0.037 0.521 0.349 0.177 0.056 -0.054 0.285 0.142 0.023 -0.076 -0.245 0.179 0.274 0.122 -0.266 -0.436 -0.626 0.089
525.5272 0.903 0.953 0.878 0.685 0.543 0.403 0.764 0.663 0.54 0.398 0.258 0.109 0.668 0.495 0.323 0.203 0.092 0.431 0.289 0.169 0.07 -0.098 0.326 0.421 0.268 -0.12 -0.289 -0.48 0.235
538.2046 1.067 1.117 1.042 0.849 0.707 0.567 0.928 0.827 0.704 0.562 0.422 0.273 0.832 0.659 0.487 0.367 0.256 0.595 0.453 0.333 0.234 0.066 0.49 0.585 0.432 0.044 -0.125 -0.316 0.399
551.1878 1.231 1.281 1.206 1.013 0.871 0.732 1.092 0.991 0.868 0.726 0.586 0.437 0.996 0.823 0.651 0.531 0.42 0.759 0.617 0.497 0.398 0.23 0.654 0.749 0.596 0.208 0.039 -0.152 0.563
564.4842 1.395 1.445 1.37 1.177 1.035 0.896 1.256 1.155 1.032 0.89 0.75 0.601 1.16 0.987 0.815 0.695 0.584 0.923 0.781 0.661 0.562 0.394 0.818 0.913 0.76 0.372 0.203 0.012 0.727
578.1013 1.559 1.609 1.534 1.341 1.199 1.06 1.42 1.319 1.196 1.054 0.914 0.765 1.324 1.151 0.979 0.859 0.748 1.087 0.945 0.825 0.726 0.558 0.982 1.077 0.924 0.536 0.367 0.176 0.891
592.0469 1.723 1.773 1.698 1.505 1.363 1.224 1.584 1.483 1.36 1.218 1.078 0.929 1.488 1.315 1.143 1.023 0.912 1.251 1.109 0.989 0.89 0.722 1.146 1.241 1.088 0.7 0.531 0.34 1.055
606.329 1.887 1.937 1.862 1.669 1.527 1.388 1.748 1.647 1.524 1.382 1.242 1.093 1.652 1.479 1.307 1.187 1.076 1.415 1.273 1.153 1.054 0.886 1.31 1.405 1.252 0.864 0.695 0.504 1.219
620.9555 2.051 2.101 2.026 1.833 1.691 1.552 1.912 1.811 1.688 1.546 1.406 1.257 1.816 1.643 1.471 1.351 1.24 1.579 1.437 1.317 1.218 1.05 1.474 1.569 1.416 1.028 0.859 0.668 1.383
635.9349 2.215 2.265 2.19 1.997 1.855 1.716 2.076 1.975 1.852 1.71 1.57 1.421 1.98 1.807 1.635 1.515 1.404 1.743 1.601 1.481 1.382 1.214 1.638 1.733 1.58 1.192 1.023 0.832 1.547
651.2757 2.379 2.429 2.354 2.161 2.019 1.88 2.24 2.139 2.016 1.874 1.734 1.585 2.144 1.971 1.799 1.679 1.568 1.907 1.765 1.645 1.546 1.378 1.802 1.897 1.744 1.356 1.187 0.996 1.711
666.9865 2.672 2.722 2.647 2.454 2.311 2.172 2.533 2.431 2.309 2.167 2.027 1.878 2.436 2.264 2.092 1.971 1.861 2.2 2.058 1.938 1.839 1.67 2.094 2.189 2.037 1.649 1.479 1.289 2.004
683.0763 2.986 3.035 2.96 2.767 2.625 2.486 2.847 2.745 2.623 2.481 2.34 2.192 2.75 2.577 2.406 2.285 2.174 2.514 2.371 2.251 2.152 1.984 2.408 2.503 2.35 1.962 1.793 1.603 2.318
