web/models/grb/offaxis/6/grb_0.2967_10.0000_0.0025119.dat
# %ECSV 1.0
# ---
# datatype:
# - {name: time, datatype: float64}
# - {name: swift_uvot_uvw2, datatype: float64}
# - {name: swift_uvot_uvm2, datatype: float64}
# - {name: swift_uvot_uvw1, datatype: float64}
# - {name: swift_uvot_U, datatype: float64}
# - {name: swift_uvot_B, datatype: float64}
# - {name: swift_uvot_V, datatype: float64}
# - {name: swift_uvot_W, datatype: float64}
# - {name: johnson_U, datatype: float64}
# - {name: johnson_B, datatype: float64}
# - {name: johnson_V, datatype: float64}
# - {name: johnson_R, datatype: float64}
# - {name: johnson_I, datatype: float64}
# - {name: sdss_u, datatype: float64}
# - {name: sdss_g, datatype: float64}
# - {name: sdss_r, datatype: float64}
# - {name: sdss_i, datatype: float64}
# - {name: sdss_z, datatype: float64}
# - {name: PS1_g, datatype: float64}
# - {name: PS1_r, datatype: float64}
# - {name: PS1_i, datatype: float64}
# - {name: PS1_z, datatype: float64}
# - {name: PS1_Y, datatype: float64}
# - {name: ukirt_J, datatype: float64}
# - {name: ukirt_H, datatype: float64}
# - {name: ukirt_K, datatype: float64}
# meta: !!omap
# - comment: [E = 0.0043396498804093575, Eta0 = 8.02, GammaB = 12.0, dL = 0.012188, epsb = 6.760829753919819e-06, epse = 0.1, n = 0.0025118864315095794,
#     p = 2.15, theta_obs = 0.29670597283903605, xiN = 1.0, z = 0.0, type = grb, E_kiso = 10.0]
# schema: astropy-2.0
time swift_uvot_uvw2 swift_uvot_uvm2 swift_uvot_uvw1 swift_uvot_U swift_uvot_B swift_uvot_V swift_uvot_W johnson_U johnson_B johnson_V johnson_R johnson_I sdss_u sdss_g sdss_r sdss_i sdss_z PS1_g PS1_r PS1_i PS1_z PS1_Y ukirt_J ukirt_H ukirt_K
[from data line 204]
1.2937 1.279 1.328 1.253 1.061 0.918 0.779 1.14 1.038 0.916 0.774 0.633 0.485 1.043 0.871 0.699 0.578 0.467 0.807 0.664 0.544 0.445 0.277 0.255 0.086 -0.104
1.3249 1.265 1.314 1.24 1.047 0.904 0.765 1.126 1.024 0.902 0.76 0.619 0.471 1.029 0.857 0.685 0.564 0.453 0.793 0.65 0.53 0.431 0.263 0.241 0.072 -0.118
1.3569 1.249 1.298 1.223 1.03 0.888 0.749 1.11 1.008 0.886 0.744 0.603 0.455 1.013 0.841 0.669 0.548 0.437 0.777 0.634 0.514 0.415 0.247 0.225 0.056 -0.134
1.3896 1.233 1.282 1.207 1.014 0.872 0.733 1.094 0.992 0.87 0.728 0.587 0.439 0.997 0.824 0.653 0.532 0.421 0.761 0.618 0.498 0.399 0.231 0.209 0.04 -0.15
1.4232 1.217 1.266 1.191 0.998 0.856 0.717 1.078 0.976 0.853 0.712 0.571 0.423 0.981 0.808 0.636 0.516 0.405 0.745 0.602 0.482 0.383 0.215 0.193 0.024 -0.167
1.4575 1.201 1.25 1.175 0.982 0.84 0.701 1.061 0.96 0.837 0.695 0.555 0.406 0.965 0.792 0.62 0.5 0.389 0.728 0.586 0.466 0.367 0.199 0.177 0.008 -0.183
1.4927 1.184 1.234 1.159 0.966 0.824 0.685 1.045 0.944 0.821 0.679 0.539 0.39 0.949 0.776 0.604 0.484 0.373 0.712 0.57 0.45 0.351 0.183 0.161 -0.008 -0.199
1.5287 1.168 1.218 1.143 0.95 0.808 0.668 1.029 0.928 0.805 0.663 0.523 0.374 0.933 0.76 0.588 0.467 0.357 0.696 0.554 0.434 0.335 0.167 0.145 -0.024 -0.215
1.5655 1.152 1.202 1.127 0.934 0.791 0.652 1.013 0.911 0.789 0.647 0.507 0.358 0.917 0.744 0.572 0.451 0.341 0.68 0.538 0.418 0.319 0.15 0.129 -0.041 -0.231
1.6033 1.136 1.186 1.111 0.918 0.775 0.636 0.997 0.895 0.773 0.631 0.491 0.342 0.9 0.728 0.556 0.435 0.325 0.664 0.522 0.402 0.303 0.134 0.113 -0.057 -0.247
1.642 1.12 1.169 1.095 0.902 0.759 0.62 0.981 0.879 0.757 0.615 0.474 0.326 0.884 0.712 0.54 0.419 0.309 0.648 0.505 0.386 0.287 0.118 0.097 -0.073 -0.263
1.6816 1.105 1.155 1.08 0.887 0.744 0.605 0.966 0.864 0.742 0.6 0.46 0.311 0.869 0.697 0.525 0.404 0.294 0.633 0.491 0.371 0.272 0.103 0.082 -0.088 -0.278
1.7222 1.093 1.142 1.067 0.874 0.732 0.593 0.954 0.852 0.73 0.588 0.447 0.299 0.857 0.684 0.513 0.392 0.281 0.621 0.478 0.358 0.259 0.091 0.069 -0.1 -0.29
1.7637 1.08 1.13 1.055 0.862 0.719 0.58 0.941 0.839 0.717 0.575 0.435 0.286 0.844 0.672 0.5 0.379 0.269 0.608 0.466 0.346 0.247 0.078 0.057 -0.113 -0.303
1.8062 1.068 1.117 1.042 0.849 0.707 0.568 0.929 0.827 0.704 0.563 0.422 0.274 0.832 0.659 0.488 0.367 0.256 0.596 0.453 0.333 0.234 0.066 0.044 -0.125 -0.315
1.8498 1.055 1.105 1.03 0.837 0.694 0.555 0.916 0.814 0.692 0.55 0.41 0.261 0.819 0.647 0.475 0.354 0.244 0.583 0.441 0.321 0.222 0.053 0.032 -0.138 -0.328
1.8944 1.043 1.092 1.017 0.824 0.682 0.543 0.904 0.802 0.679 0.538 0.397 0.249 0.807 0.634 0.462 0.342 0.231 0.571 0.428 0.308 0.209 0.041 0.019 -0.15 -0.341
1.9401 1.03 1.08 1.005 0.812 0.669 0.53 0.891 0.789 0.667 0.525 0.385 0.236 0.794 0.622 0.45 0.329 0.219 0.558 0.415 0.296 0.197 0.028 0.007 -0.163 -0.353
1.9869 1.018 1.067 0.992 0.799 0.657 0.518 0.878 0.777 0.654 0.513 0.372 0.223 0.782 0.609 0.437 0.317 0.206 0.546 0.403 0.283 0.184 0.016 -0.006 -0.175 -0.366
2.0349 1.005 1.055 0.98 0.787 0.644 0.505 0.866 0.764 0.642 0.5 0.36 0.211 0.769 0.597 0.425 0.304 0.194 0.533 0.39 0.271 0.172 0.003 -0.018 -0.188 -0.378
2.084 0.993 1.042 0.967 0.774 0.632 0.493 0.853 0.752 0.629 0.487 0.347 0.198 0.757 0.584 0.412 0.292 0.181 0.52 0.378 0.258 0.159 -0.009 -0.031 -0.2 -0.391
2.1342 0.983 1.032 0.957 0.764 0.622 0.483 0.844 0.742 0.62 0.478 0.337 0.189 0.747 0.574 0.403 0.282 0.171 0.511 0.368 0.248 0.149 -0.019 -0.041 -0.21 -0.4
2.1857 0.975 1.025 0.95 0.757 0.615 0.476 0.836 0.735 0.612 0.47 0.33 0.181 0.74 0.567 0.395 0.275 0.164 0.503 0.361 0.241 0.142 -0.026 -0.048 -0.217 -0.408
2.2384 0.968 1.018 0.943 0.75 0.607 0.468 0.829 0.728 0.605 0.463 0.323 0.174 0.733 0.56 0.388 0.267 0.157 0.496 0.354 0.234 0.135 -0.033 -0.055 -0.225 -0.415
2.2924 0.961 1.01 0.936 0.743 0.6 0.461 0.822 0.72 0.598 0.456 0.316 0.167 0.725 0.553 0.381 0.26 0.15 0.489 0.346 0.227 0.128 -0.041 -0.062 -0.232 -0.422
2.3477 0.954 1.003 0.928 0.735 0.593 0.454 0.815 0.713 0.591 0.449 0.308 0.16 0.718 0.546 0.374 0.253 0.142 0.482 0.339 0.219 0.12 -0.048 -0.07 -0.239 -0.429
2.4044 0.947 0.996 0.921 0.728 0.586 0.447 0.808 0.706 0.583 0.442 0.301 0.153 0.711 0.538 0.366 0.246 0.135 0.475 0.332 0.212 0.113 -0.055 -0.077 -0.246 -0.436
2.4624 0.939 0.989 0.914 0.721 0.579 0.44 0.8 0.699 0.576 0.434 0.294 0.145 0.704 0.531 0.359 0.239 0.128 0.467 0.325 0.205 0.106 -0.062 -0.084 -0.253 -0.444
2.5218 0.932 0.982 0.907 0.714 0.571 0.432 0.793 0.691 0.569 0.427 0.287 0.138 0.696 0.524 0.352 0.231 0.121 0.46 0.318 0.198 0.099 -0.07 -0.091 -0.261 -0.451
2.5826 0.925 0.974 0.9 0.707 0.564 0.425 0.786 0.684 0.562 0.42 0.279 0.131 0.689 0.517 0.345 0.224 0.113 0.453 0.31 0.191 0.092 -0.077 -0.098 -0.268 -0.458
2.6449 0.918 0.967 0.892 0.699 0.557 0.418 0.779 0.677 0.555 0.413 0.272 0.124 0.682 0.509 0.338 0.217 0.106 0.446 0.303 0.183 0.084 -0.084 -0.106 -0.275 -0.465
2.7087 0.907 0.957 0.882 0.689 0.547 0.407 0.768 0.667 0.544 0.402 0.262 0.113 0.672 0.499 0.327 0.206 0.096 0.435 0.293 0.173 0.074 -0.094 -0.116 -0.285 -0.476
2.7741 0.895 0.945 0.87 0.677 0.534 0.395 0.756 0.654 0.532 0.39 0.25 0.101 0.659 0.487 0.315 0.194 0.084 0.423 0.28 0.161 0.062 -0.107 -0.128 -0.298 -0.488
2.841 0.883 0.932 0.857 0.664 0.522 0.383 0.744 0.642 0.52 0.378 0.237 0.089 0.647 0.475 0.303 0.182 0.071 0.411 0.268 0.148 0.049 -0.119 -0.141 -0.31 -0.5
2.9095 0.871 0.92 0.845 0.652 0.51 0.371 0.731 0.63 0.507 0.366 0.225 0.076 0.635 0.462 0.29 0.17 0.059 0.399 0.256 0.136 0.037 -0.131 -0.153 -0.322 -0.513
2.9797 0.858 0.908 0.833 0.64 0.498 0.358 0.719 0.618 0.495 0.353 0.213 0.064 0.623 0.45 0.278 0.157 0.047 0.386 0.244 0.124 0.025 -0.143 -0.165 -0.334 -0.525
3.0516 0.846 0.896 0.821 0.628 0.485 0.346 0.707 0.605 0.483 0.341 0.201 0.052 0.61 0.438 0.266 0.145 0.035 0.374 0.231 0.112 0.013 -0.156 -0.177 -0.347 -0.537
3.1252 0.834 0.883 0.808 0.615 0.473 0.334 0.695 0.593 0.471 0.329 0.188 0.04 0.598 0.426 0.254 0.133 0.022 0.362 0.219 0.099 0.0 -0.168 -0.19 -0.359 -0.549
3.2006 0.822 0.871 0.796 0.603 0.461 0.322 0.682 0.581 0.458 0.317 0.176 0.027 0.586 0.413 0.241 0.121 0.01 0.35 0.207 0.087 -0.012 -0.18 -0.202 -0.371 -0.562
3.2778 0.809 0.859 0.784 0.591 0.449 0.309 0.67 0.569 0.446 0.304 0.164 0.015 0.574 0.401 0.229 0.108 -0.002 0.337 0.195 0.075 -0.024 -0.192 -0.214 -0.383 -0.574
3.3569 0.797 0.847 0.772 0.579 0.436 0.297 0.658 0.556 0.434 0.292 0.152 0.003 0.561 0.389 0.217 0.096 -0.014 0.325 0.182 0.063 -0.036 -0.205 -0.226 -0.396 -0.586
3.4378 0.789 0.838 0.763 0.571 0.428 0.289 0.65 0.548 0.426 0.284 0.143 -0.005 0.553 0.381 0.209 0.088 -0.023 0.317 0.174 0.054 -0.045 -0.213 -0.235 -0.404 -0.594
3.5208 0.782 0.831 0.756 0.563 0.421 0.282 0.643 0.541 0.419 0.277 0.136 -0.012 0.546 0.373 0.202 0.081 -0.03 0.31 0.167 0.047 -0.052 -0.22 -0.242 -0.411 -0.601
3.6057 0.775 0.824 0.749 0.556 0.414 0.275 0.636 0.534 0.411 0.27 0.129 -0.019 0.539 0.366 0.194 0.074 -0.037 0.303 0.16 0.04 -0.059 -0.227 -0.249 -0.418 -0.608
3.6927 0.767 0.817 0.742 0.549 0.407 0.268 0.628 0.527 0.404 0.262 0.122 -0.027 0.532 0.359 0.187 0.067 -0.044 0.295 0.153 0.033 -0.066 -0.234 -0.256 -0.425 -0.616
3.7818 0.76 0.81 0.735 0.542 0.4 0.26 0.621 0.52 0.397 0.255 0.115 -0.034 0.525 0.352 0.18 0.06 -0.051 0.288 0.146 0.026 -0.073 -0.241 -0.263 -0.432 -0.623
3.873 0.753 0.803 0.728 0.535 0.392 0.253 0.614 0.513 0.39 0.248 0.108 -0.041 0.518 0.345 0.173 0.052 -0.058 0.281 0.139 0.019 -0.08 -0.248 -0.27 -0.44 -0.63
3.9664 0.746 0.796 0.721 0.528 0.385 0.246 0.607 0.505 0.383 0.241 0.101 -0.048 0.51 0.338 0.166 0.045 -0.065 0.274 0.132 0.012 -0.087 -0.256 -0.277 -0.447 -0.637
4.0621 0.739 0.788 0.714 0.521 0.378 0.239 0.6 0.498 0.376 0.234 0.093 -0.055 0.503 0.331 0.159 0.038 -0.072 0.267 0.124 0.005 -0.094 -0.263 -0.284 -0.454 -0.644
4.1601 0.732 0.781 0.706 0.514 0.371 0.232 0.593 0.491 0.369 0.227 0.086 -0.062 0.496 0.324 0.152 0.031 -0.08 0.26 0.117 -0.003 -0.102 -0.27 -0.292 -0.461 -0.651
4.2604 0.725 0.774 0.699 0.506 0.364 0.225 0.586 0.484 0.362 0.22 0.079 -0.069 0.489 0.316 0.145 0.024 -0.087 0.253 0.11 -0.01 -0.109 -0.277 -0.299 -0.468 -0.658
4.3632 0.722 0.771 0.696 0.504 0.361 0.222 0.583 0.481 0.359 0.217 0.076 -0.072 0.486 0.314 0.142 0.021 -0.09 0.25 0.107 -0.013 -0.112 -0.28 -0.302 -0.471 -0.661
4.4685 0.719 0.769 0.694 0.501 0.359 0.219 0.58 0.479 0.356 0.214 0.074 -0.075 0.484 0.311 0.139 0.019 -0.092 0.247 0.105 -0.015 -0.114 -0.282 -0.304 -0.473 -0.664
4.5763 0.717 0.766 0.691 0.498 0.356 0.217 0.578 0.476 0.354 0.212 0.071 -0.077 0.481 0.308 0.137 0.016 -0.095 0.245 0.102 -0.018 -0.117 -0.285 -0.307 -0.476 -0.666
4.6867 0.714 0.764 0.689 0.496 0.353 0.214 0.575 0.473 0.351 0.209 0.069 -0.08 0.479 0.306 0.134 0.013 -0.097 0.242 0.1 -0.02 -0.119 -0.287 -0.309 -0.479 -0.669
4.7997 0.712 0.761 0.686 0.493 0.351 0.212 0.573 0.471 0.349 0.207 0.066 -0.082 0.476 0.303 0.132 0.011 -0.1 0.24 0.097 -0.023 -0.122 -0.29 -0.312 -0.481 -0.671
4.9155 0.709 0.759 0.684 0.491 0.348 0.209 0.57 0.468 0.346 0.204 0.064 -0.085 0.473 0.301 0.129 0.008 -0.102 0.237 0.095 -0.025 -0.124 -0.293 -0.314 -0.484 -0.674
5.0341 0.707 0.756 0.681 0.488 0.346 0.207 0.567 0.466 0.343 0.202 0.061 -0.088 0.471 0.298 0.126 0.006 -0.105 0.235 0.092 -0.028 -0.127 -0.295 -0.317 -0.486 -0.677
5.1555 0.704 0.753 0.679 0.486 0.343 0.204 0.565 0.463 0.341 0.199 0.059 -0.09 0.468 0.296 0.124 0.003 -0.107 0.232 0.089 -0.03 -0.129 -0.298 -0.319 -0.489 -0.679
5.2799 0.701 0.751 0.676 0.483 0.341 0.202 0.562 0.461 0.338 0.196 0.056 -0.093 0.466 0.293 0.121 0.001 -0.11 0.229 0.087 -0.033 -0.132 -0.3 -0.322 -0.491 -0.682
5.4072 0.697 0.746 0.672 0.479 0.336 0.197 0.558 0.456 0.334 0.192 0.051 -0.097 0.461 0.289 0.117 -0.004 -0.115 0.225 0.082 -0.038 -0.137 -0.305 -0.327 -0.496 -0.686
5.5377 0.667 0.716 0.642 0.449 0.306 0.167 0.528 0.426 0.304 0.162 0.021 -0.127 0.431 0.259 0.087 -0.034 -0.145 0.195 0.052 -0.067 -0.167 -0.335 -0.356 -0.526 -0.716
5.6713 0.637 0.686 0.612 0.419 0.276 0.137 0.498 0.396 0.274 0.132 -0.009 -0.157 0.401 0.229 0.057 -0.064 -0.174 0.165 0.022 -0.097 -0.196 -0.365 -0.386 -0.556 -0.746
5.8081 0.607 0.657 0.582 0.389 0.246 0.107 0.468 0.366 0.244 0.102 -0.038 -0.187 0.371 0.199 0.027 -0.094 -0.204 0.135 -0.008 -0.127 -0.226 -0.395 -0.416 -0.586 -0.776
5.9482 0.577 0.627 0.552 0.359 0.216 0.077 0.438 0.336 0.214 0.072 -0.068 -0.217 0.341 0.169 -0.003 -0.124 -0.234 0.105 -0.038 -0.157 -0.256 -0.425 -0.446 -0.616 -0.806
6.0917 0.547 0.597 0.522 0.329 0.186 0.047 0.408 0.306 0.184 0.042 -0.098 -0.247 0.311 0.139 -0.033 -0.154 -0.264 0.075 -0.067 -0.187 -0.286 -0.455 -0.476 -0.646 -0.836
6.2386 0.517 0.567 0.492 0.299 0.156 0.017 0.378 0.276 0.154 0.012 -0.128 -0.277 0.282 0.109 -0.063 -0.184 -0.294 0.045 -0.097 -0.217 -0.316 -0.485 -0.506 -0.676 -0.866
6.3891 0.487 0.537 0.462 0.269 0.126 -0.013 0.348 0.247 0.124 -0.018 -0.158 -0.307 0.252 0.079 -0.093 -0.214 -0.324 0.015 -0.127 -0.247 -0.346 -0.514 -0.536 -0.706 -0.896
6.5433 0.457 0.507 0.432 0.239 0.097 -0.043 0.318 0.217 0.094 -0.048 -0.188 -0.337 0.222 0.049 -0.123 -0.244 -0.354 -0.015 -0.157 -0.277 -0.376 -0.544 -0.566 -0.735 -0.926
6.7011 0.427 0.477 0.402 0.209 0.067 -0.073 0.288 0.187 0.064 -0.078 -0.218 -0.367 0.192 0.019 -0.153 -0.273 -0.384 -0.045 -0.187 -0.307 -0.406 -0.574 -0.596 -0.765 -0.956
6.8627 0.404 0.453 0.379 0.186 0.043 -0.096 0.265 0.163 0.041 -0.101 -0.241 -0.39 0.168 -0.004 -0.176 -0.297 -0.407 -0.068 -0.211 -0.33 -0.429 -0.598 -0.619 -0.789 -0.979
7.0283 0.405 0.454 0.379 0.186 0.044 -0.095 0.265 0.164 0.041 -0.1 -0.241 -0.39 0.169 -0.004 -0.176 -0.296 -0.407 -0.067 -0.21 -0.33 -0.429 -0.597 -0.619 -0.788 -0.979
7.1978 0.405 0.455 0.38 0.187 0.044 -0.095 0.266 0.164 0.042 -0.1 -0.24 -0.389 0.169 -0.003 -0.175 -0.296 -0.406 -0.067 -0.21 -0.329 -0.428 -0.597 -0.618 -0.788 -0.978
7.3715 0.406 0.455 0.38 0.187 0.045 -0.094 0.267 0.165 0.042 -0.099 -0.24 -0.388 0.17 -0.003 -0.174 -0.295 -0.406 -0.066 -0.209 -0.329 -0.428 -0.596 -0.618 -0.787 -0.977
7.5493 0.406 0.456 0.381 0.188 0.045 -0.094 0.267 0.165 0.043 -0.099 -0.239 -0.388 0.17 -0.002 -0.174 -0.295 -0.405 -0.066 -0.208 -0.328 -0.427 -0.596 -0.617 -0.787 -0.977
7.7314 0.407 0.456 0.381 0.188 0.046 -0.093 0.268 0.166 0.044 -0.098 -0.239 -0.387 0.171 -0.002 -0.173 -0.294 -0.405 -0.065 -0.208 -0.328 -0.427 -0.595 -0.617 -0.786 -0.976
7.9179 0.407 0.457 0.382 0.189 0.047 -0.093 0.268 0.167 0.044 -0.098 -0.238 -0.387 0.172 -0.001 -0.173 -0.294 -0.404 -0.065 -0.207 -0.327 -0.426 -0.594 -0.616 -0.785 -0.976
8.1089 0.408 0.457 0.382 0.189 0.047 -0.092 0.269 0.167 0.045 -0.097 -0.238 -0.386 0.172 -0.0 -0.172 -0.293 -0.404 -0.064 -0.207 -0.327 -0.426 -0.594 -0.616 -0.785 -0.975
8.3045 0.408 0.458 0.383 0.19 0.048 -0.092 0.269 0.168 0.045 -0.097 -0.237 -0.386 0.173 0.0 -0.172 -0.292 -0.403 -0.064 -0.206 -0.326 -0.425 -0.593 -0.615 -0.784 -0.975
8.5049 0.409 0.458 0.383 0.191 0.048 -0.091 0.27 0.168 0.046 -0.096 -0.237 -0.385 0.173 0.001 -0.171 -0.292 -0.403 -0.063 -0.206 -0.326 -0.425 -0.593 -0.615 -0.784 -0.974
8.71 0.41 0.46 0.385 0.192 0.049 -0.09 0.271 0.169 0.047 -0.095 -0.235 -0.384 0.174 0.002 -0.17 -0.291 -0.401 -0.062 -0.205 -0.324 -0.423 -0.592 -0.613 -0.783 -0.973
8.9201 0.412 0.462 0.387 0.194 0.052 -0.087 0.273 0.172 0.049 -0.093 -0.233 -0.382 0.177 0.004 -0.168 -0.288 -0.399 -0.06 -0.202 -0.322 -0.421 -0.589 -0.611 -0.78 -0.971
9.1353 0.415 0.464 0.389 0.196 0.054 -0.085 0.276 0.174 0.052 -0.09 -0.231 -0.379 0.179 0.006 -0.165 -0.286 -0.397 -0.057 -0.2 -0.32 -0.419 -0.587 -0.609 -0.778 -0.968
9.3557 0.417 0.467 0.392 0.199 0.056 -0.083 0.278 0.176 0.054 -0.088 -0.228 -0.377 0.181 0.009 -0.163 -0.284 -0.394 -0.055 -0.197 -0.317 -0.416 -0.585 -0.606 -0.776 -0.966
9.5814 0.419 0.469 0.394 0.201 0.059 -0.08 0.28 0.179 0.056 -0.086 -0.226 -0.375 0.184 0.011 -0.161 -0.281 -0.392 -0.053 -0.195 -0.315 -0.414 -0.582 -0.604 -0.773 -0.964
9.8125 0.422 0.471 0.396 0.203 0.061 -0.078 0.283 0.181 0.059 -0.083 -0.224 -0.372 0.186 0.014 -0.158 -0.279 -0.39 -0.05 -0.193 -0.313 -0.412 -0.58 -0.602 -0.771 -0.961
10.0492 0.424 0.474 0.399 0.206 0.063 -0.076 0.285 0.183 0.061 -0.081 -0.221 -0.37 0.188 0.016 -0.156 -0.277 -0.387 -0.048 -0.19 -0.31 -0.409 -0.578 -0.599 -0.769 -0.959
10.2917 0.426 0.476 0.401 0.208 0.066 -0.073 0.287 0.186 0.063 -0.079 -0.219 -0.368 0.191 0.018 -0.154 -0.274 -0.385 -0.046 -0.188 -0.308 -0.407 -0.575 -0.597 -0.766 -0.957
10.5399 0.429 0.478 0.403 0.21 0.068 -0.071 0.29 0.188 0.066 -0.076 -0.217 -0.365 0.193 0.021 -0.151 -0.272 -0.383 -0.043 -0.186 -0.306 -0.405 -0.573 -0.595 -0.764 -0.954
10.7942 0.431 0.481 0.406 0.213 0.07 -0.069 0.292 0.19 0.068 -0.074 -0.214 -0.363 0.195 0.023 -0.149 -0.27 -0.38 -0.041 -0.183 -0.303 -0.402 -0.571 -0.592 -0.762 -0.952
11.0546 0.431 0.481 0.406 0.213 0.071 -0.068 0.292 0.191 0.068 -0.074 -0.214 -0.363 0.196 0.023 -0.149 -0.269 -0.38 -0.041 -0.183 -0.303 -0.402 -0.57 -0.592 -0.761 -0.952
11.3212 0.43 0.479 0.404 0.211 0.069 -0.07 0.291 0.189 0.067 -0.075 -0.216 -0.364 0.194 0.021 -0.15 -0.271 -0.382 -0.042 -0.185 -0.305 -0.404 -0.572 -0.594 -0.763 -0.953
11.5943 0.428 0.477 0.403 0.21 0.067 -0.072 0.289 0.187 0.065 -0.077 -0.217 -0.366 0.192 0.02 -0.152 -0.273 -0.383 -0.044 -0.187 -0.306 -0.405 -0.574 -0.595 -0.765 -0.955
11.874 0.426 0.476 0.401 0.208 0.066 -0.074 0.287 0.186 0.063 -0.079 -0.219 -0.368 0.191 0.018 -0.154 -0.275 -0.385 -0.046 -0.188 -0.308 -0.407 -0.575 -0.597 -0.766 -0.957
12.1605 0.425 0.474 0.399 0.206 0.064 -0.075 0.286 0.184 0.061 -0.08 -0.221 -0.37 0.189 0.016 -0.156 -0.276 -0.387 -0.047 -0.19 -0.31 -0.409 -0.577 -0.599 -0.768 -0.959
12.4538 0.423 0.472 0.397 0.205 0.062 -0.077 0.284 0.182 0.06 -0.082 -0.223 -0.371 0.187 0.015 -0.157 -0.278 -0.389 -0.049 -0.192 -0.312 -0.411 -0.579 -0.601 -0.77 -0.96
12.7542 0.421 0.471 0.396 0.203 0.06 -0.079 0.282 0.18 0.058 -0.084 -0.224 -0.373 0.185 0.013 -0.159 -0.28 -0.39 -0.051 -0.193 -0.313 -0.412 -0.581 -0.602 -0.772 -0.962
