web/models/grb/offaxis/6/grb_0.2967_0.1000_0.0398107.dat
# %ECSV 1.0
# ---
# datatype:
# - {name: time, datatype: float64}
# - {name: swift_uvot_uvw2, datatype: float64}
# - {name: swift_uvot_uvm2, datatype: float64}
# - {name: swift_uvot_uvw1, datatype: float64}
# - {name: swift_uvot_U, datatype: float64}
# - {name: swift_uvot_B, datatype: float64}
# - {name: swift_uvot_V, datatype: float64}
# - {name: swift_uvot_W, datatype: float64}
# - {name: johnson_U, datatype: float64}
# - {name: johnson_B, datatype: float64}
# - {name: johnson_V, datatype: float64}
# - {name: johnson_R, datatype: float64}
# - {name: johnson_I, datatype: float64}
# - {name: sdss_u, datatype: float64}
# - {name: sdss_g, datatype: float64}
# - {name: sdss_r, datatype: float64}
# - {name: sdss_i, datatype: float64}
# - {name: sdss_z, datatype: float64}
# - {name: PS1_g, datatype: float64}
# - {name: PS1_r, datatype: float64}
# - {name: PS1_i, datatype: float64}
# - {name: PS1_z, datatype: float64}
# - {name: PS1_Y, datatype: float64}
# - {name: PS1_w, datatype: float64}
# - {name: ATLAS_c, datatype: float64}
# - {name: ATLAS_o, datatype: float64}
# - {name: ukirt_J, datatype: float64}
# - {name: ukirt_H, datatype: float64}
# - {name: ukirt_K, datatype: float64}
# - {name: Clear, datatype: float64}
# meta: !!omap
# - comment: [E = 4.339649880409358e-05, Eta0 = 8.02, GammaB = 12.0, dL = 0.012188, epsb = 6.760829753919819e-06, epse = 0.1, n = 0.03981071705534969,
#     p = 2.15, theta_obs = 0.29670597283903605, xiN = 1.0, z = 0.0, type = grb, E_kiso = 0.1]
# schema: astropy-2.0
time swift_uvot_uvw2 swift_uvot_uvm2 swift_uvot_uvw1 swift_uvot_U swift_uvot_B swift_uvot_V swift_uvot_W johnson_U johnson_B johnson_V johnson_R johnson_I sdss_u sdss_g sdss_r sdss_i sdss_z PS1_g PS1_r PS1_i PS1_z PS1_Y PS1_w ATLAS_c ATLAS_o ukirt_J ukirt_H ukirt_K Clear
0.01 5.813 5.862 5.788 5.595 5.452 5.313 5.674 5.572 5.45 5.308 5.167 5.019 5.577 5.405 5.233 5.112 5.002 5.341 5.198 5.079 4.98 4.811 5.235 5.33 5.178 4.79 4.62 4.43 5.145
0.0102 5.775 5.825 5.75 5.557 5.415 5.276 5.636 5.535 5.412 5.27 5.13 4.981 5.54 5.367 5.195 5.075 4.964 5.303 5.161 5.041 4.942 4.774 5.198 5.293 5.14 4.752 4.583 4.392 5.107
0.0105 5.738 5.787 5.712 5.52 5.377 5.238 5.599 5.497 5.375 5.233 5.092 4.944 5.502 5.33 5.158 5.037 4.926 5.266 5.123 5.003 4.904 4.736 5.16 5.255 5.102 4.714 4.545 4.355 5.07
0.0107 5.7 5.75 5.675 5.482 5.34 5.2 5.561 5.46 5.337 5.195 5.055 4.906 5.465 5.292 5.12 4.999 4.889 5.228 5.086 4.966 4.867 4.699 5.122 5.218 5.065 4.677 4.508 4.317 5.032
0.011 5.672 5.722 5.647 5.454 5.311 5.172 5.533 5.431 5.309 5.167 5.027 4.878 5.436 5.264 5.092 4.971 4.861 5.2 5.058 4.938 4.839 4.67 5.094 5.19 5.037 4.649 4.479 4.289 5.004
0.0113 5.646 5.696 5.621 5.428 5.285 5.146 5.507 5.405 5.283 5.141 5.001 4.852 5.41 5.238 5.066 4.945 4.835 5.174 5.031 4.912 4.813 4.644 5.068 5.163 5.011 4.623 4.453 4.263 4.978
0.0115 5.62 5.669 5.595 5.402 5.259 5.12 5.481 5.379 5.257 5.115 4.974 4.826 5.384 5.212 5.04 4.919 4.809 5.148 5.005 4.886 4.787 4.618 5.042 5.137 4.985 4.597 4.427 4.237 4.952
0.0118 5.594 5.643 5.569 5.376 5.233 5.094 5.455 5.353 5.231 5.089 4.948 4.8 5.358 5.186 5.014 4.893 4.782 5.122 4.979 4.859 4.76 4.592 5.016 5.111 4.958 4.57 4.401 4.211 4.926
0.0121 5.568 5.617 5.542 5.349 5.207 5.068 5.429 5.327 5.205 5.063 4.922 4.774 5.332 5.16 4.988 4.867 4.756 5.096 4.953 4.833 4.734 4.566 4.99 5.085 4.932 4.544 4.375 4.185 4.9
0.0124 5.542 5.591 5.516 5.323 5.181 5.042 5.403 5.301 5.179 5.037 4.896 4.748 5.306 5.133 4.962 4.841 4.73 5.07 4.927 4.807 4.708 4.54 4.964 5.059 4.906 4.518 4.349 4.159 4.874
0.0127 5.516 5.565 5.49 5.297 5.155 5.016 5.377 5.275 5.152 5.011 4.87 4.722 5.28 5.107 4.935 4.815 4.704 5.044 4.901 4.781 4.682 4.514 4.938 5.033 4.88 4.492 4.323 4.132 4.847
0.013 5.489 5.539 5.464 5.271 5.129 4.99 5.35 5.249 5.126 4.984 4.844 4.695 5.254 5.081 4.909 4.789 4.678 5.017 4.875 4.755 4.656 4.488 4.912 5.007 4.854 4.466 4.297 4.106 4.821
0.0133 5.463 5.513 5.438 5.245 5.103 4.964 5.324 5.223 5.1 4.958 4.818 4.669 5.228 5.055 4.883 4.763 4.652 4.991 4.849 4.729 4.63 4.462 4.886 4.981 4.828 4.44 4.271 4.08 4.795
0.0136 5.437 5.487 5.412 5.219 5.077 4.937 5.298 5.197 5.074 4.932 4.792 4.643 5.202 5.029 4.857 4.736 4.626 4.965 4.823 4.703 4.604 4.436 4.859 4.955 4.802 4.414 4.245 4.054 4.769
0.014 5.412 5.462 5.387 5.194 5.051 4.912 5.273 5.171 5.049 4.907 4.767 4.618 5.176 5.004 4.832 4.711 4.601 4.94 4.798 4.678 4.579 4.41 4.834 4.929 4.777 4.389 4.219 4.029 4.744
0.0143 5.387 5.437 5.362 5.169 5.026 4.887 5.248 5.146 5.024 4.882 4.742 4.593 5.151 4.979 4.807 4.686 4.576 4.915 4.772 4.653 4.554 4.385 4.809 4.904 4.752 4.364 4.194 4.004 4.719
0.0146 5.362 5.411 5.337 5.144 5.001 4.862 5.223 5.121 4.999 4.857 4.716 4.568 5.126 4.954 4.782 4.661 4.551 4.89 4.747 4.628 4.529 4.36 4.784 4.879 4.727 4.339 4.169 3.979 4.694
0.015 5.337 5.386 5.312 5.119 4.976 4.837 5.198 5.096 4.974 4.832 4.691 4.543 5.101 4.929 4.757 4.636 4.525 4.865 4.722 4.602 4.503 4.335 4.759 4.854 4.701 4.313 4.144 3.954 4.669
0.0154 5.312 5.361 5.286 5.093 4.951 4.812 5.173 5.071 4.949 4.807 4.666 4.518 5.076 4.904 4.732 4.611 4.5 4.84 4.697 4.577 4.478 4.31 4.734 4.829 4.676 4.288 4.119 3.929 4.644
0.0157 5.287 5.336 5.261 5.068 4.926 4.787 5.148 5.046 4.924 4.782 4.641 4.493 5.051 4.878 4.707 4.586 4.475 4.815 4.672 4.552 4.453 4.285 4.709 4.804 4.651 4.263 4.094 3.904 4.619
0.0161 5.262 5.311 5.236 5.043 4.901 4.762 5.123 5.021 4.899 4.757 4.616 4.468 5.026 4.853 4.682 4.561 4.45 4.79 4.647 4.527 4.428 4.26 4.684 4.779 4.626 4.238 4.069 3.879 4.594
0.0165 5.237 5.286 5.211 5.018 4.876 4.737 5.098 4.996 4.873 4.732 4.591 4.443 5.001 4.828 4.656 4.536 4.425 4.765 4.622 4.502 4.403 4.235 4.659 4.754 4.601 4.213 4.044 3.853 4.568
0.0169 5.212 5.261 5.186 4.993 4.851 4.712 5.072 4.971 4.848 4.706 4.566 4.417 4.976 4.803 4.631 4.511 4.4 4.739 4.597 4.477 4.378 4.21 4.634 4.729 4.576 4.188 4.019 3.828 4.543
0.0173 5.186 5.236 5.161 4.968 4.826 4.687 5.047 4.946 4.823 4.681 4.541 4.392 4.951 4.778 4.606 4.486 4.375 4.714 4.572 4.452 4.353 4.185 4.609 4.704 4.551 4.163 3.994 3.803 4.518
0.0177 5.162 5.211 5.136 4.943 4.801 4.662 5.022 4.921 4.798 4.657 4.516 4.367 4.926 4.753 4.581 4.461 4.35 4.689 4.547 4.427 4.328 4.16 4.584 4.679 4.526 4.138 3.969 3.778 4.493
0.0181 5.137 5.186 5.111 4.918 4.776 4.637 4.998 4.896 4.773 4.632 4.491 4.343 4.901 4.728 4.556 4.436 4.325 4.665 4.522 4.402 4.303 4.135 4.559 4.654 4.501 4.113 3.944 3.754 4.469
0.0186 5.112 5.161 5.086 4.893 4.751 4.612 4.973 4.871 4.749 4.607 4.466 4.318 4.876 4.703 4.532 4.411 4.3 4.64 4.497 4.377 4.278 4.11 4.534 4.629 4.476 4.088 3.919 3.729 4.444
0.019 5.087 5.136 5.061 4.868 4.726 4.587 4.948 4.846 4.724 4.582 4.441 4.293 4.851 4.679 4.507 4.386 4.275 4.615 4.472 4.352 4.253 4.085 4.509 4.604 4.451 4.063 3.894 3.704 4.419
0.0195 5.062 5.111 5.036 4.844 4.701 4.562 4.923 4.821 4.699 4.557 4.416 4.268 4.826 4.654 4.482 4.361 4.25 4.59 4.447 4.327 4.228 4.06 4.484 4.579 4.426 4.038 3.869 3.679 4.394
0.02 5.037 5.086 5.012 4.819 4.676 4.537 4.898 4.796 4.674 4.532 4.391 4.243 4.801 4.629 4.457 4.336 4.225 4.565 4.422 4.303 4.204 4.035 4.459 4.554 4.401 4.014 3.844 3.654 4.369
0.0204 5.012 5.062 4.987 4.794 4.651 4.512 4.873 4.771 4.649 4.507 4.367 4.218 4.776 4.604 4.432 4.311 4.201 4.54 4.397 4.278 4.179 4.01 4.434 4.529 4.377 3.989 3.819 3.629 4.344
0.0209 4.987 5.037 4.962 4.769 4.626 4.487 4.848 4.746 4.624 4.482 4.342 4.193 4.751 4.579 4.407 4.286 4.176 4.515 4.373 4.253 4.154 3.985 4.409 4.504 4.352 3.964 3.794 3.604 4.319
0.0214 4.962 5.012 4.937 4.744 4.601 4.462 4.823 4.721 4.599 4.457 4.317 4.168 4.727 4.554 4.382 4.261 4.151 4.49 4.348 4.228 4.129 3.961 4.384 4.48 4.327 3.939 3.769 3.579 4.294
0.022 4.938 4.988 4.913 4.72 4.578 4.439 4.799 4.698 4.575 4.433 4.293 4.144 4.703 4.53 4.358 4.238 4.127 4.466 4.324 4.204 4.105 3.937 4.361 4.456 4.303 3.915 3.746 3.555 4.27
0.0225 4.918 4.968 4.893 4.7 4.557 4.418 4.779 4.677 4.555 4.413 4.273 4.124 4.683 4.51 4.338 4.217 4.107 4.446 4.304 4.184 4.085 3.916 4.34 4.436 4.283 3.895 3.725 3.535 4.25
0.023 4.898 4.947 4.873 4.68 4.537 4.398 4.759 4.657 4.535 4.393 4.252 4.104 4.662 4.49 4.318 4.197 4.086 4.426 4.283 4.164 4.064 3.896 4.32 4.415 4.262 3.875 3.705 3.515 4.23
0.0236 4.878 4.927 4.852 4.659 4.517 4.378 4.739 4.637 4.515 4.373 4.232 4.084 4.642 4.469 4.298 4.177 4.066 4.406 4.263 4.143 4.044 3.876 4.3 4.395 4.242 3.854 3.685 3.495 4.21
0.0242 4.857 4.907 4.832 4.639 4.497 4.358 4.718 4.617 4.494 4.352 4.212 4.063 4.622 4.449 4.277 4.157 4.046 4.385 4.243 4.123 4.024 3.856 4.28 4.375 4.222 3.834 3.665 3.474 4.189
0.0247 4.837 4.887 4.812 4.619 4.476 4.337 4.698 4.596 4.474 4.332 4.192 4.043 4.601 4.429 4.257 4.136 4.026 4.365 4.223 4.103 4.004 3.835 4.259 4.354 4.202 3.814 3.644 3.454 4.169
0.0253 4.817 4.866 4.792 4.599 4.456 4.317 4.678 4.576 4.454 4.312 4.171 4.023 4.581 4.409 4.237 4.116 4.005 4.345 4.202 4.082 3.983 3.815 4.239 4.334 4.181 3.793 3.624 3.434 4.149
0.0259 4.797 4.846 4.771 4.578 4.436 4.297 4.658 4.556 4.433 4.292 4.151 4.003 4.561 4.388 4.216 4.096 3.985 4.325 4.182 4.062 3.963 3.795 4.219 4.314 4.161 3.773 3.604 3.414 4.129
0.0266 4.776 4.826 4.751 4.558 4.416 4.276 4.637 4.536 4.413 4.271 4.131 3.982 4.541 4.368 4.196 4.076 3.965 4.304 4.162 4.042 3.943 3.775 4.198 4.294 4.141 3.753 3.584 3.393 4.108
0.0272 4.756 4.806 4.731 4.538 4.395 4.256 4.617 4.515 4.393 4.251 4.111 3.962 4.52 4.348 4.176 4.055 3.945 4.284 4.141 4.022 3.923 3.754 4.178 4.273 4.121 3.733 3.563 3.373 4.088
0.0279 4.738 4.787 4.712 4.519 4.377 4.238 4.598 4.497 4.374 4.233 4.092 3.943 4.502 4.329 4.157 4.037 3.926 4.266 4.123 4.003 3.904 3.736 4.16 4.255 4.102 3.714 3.545 3.354 4.069
0.0285 4.722 4.771 4.696 4.503 4.361 4.222 4.583 4.481 4.359 4.217 4.076 3.928 4.486 4.313 4.142 4.021 3.91 4.25 4.107 3.987 3.888 3.72 4.144 4.239 4.086 3.698 3.529 3.339 4.054
0.0292 4.706 4.755 4.68 4.487 4.345 4.206 4.567 4.465 4.343 4.201 4.06 3.912 4.47 4.298 4.126 4.005 3.894 4.234 4.091 3.971 3.872 3.704 4.128 4.223 4.07 3.682 3.513 3.323 4.038
0.0299 4.69 4.739 4.665 4.472 4.329 4.19 4.551 4.449 4.327 4.185 4.044 3.896 4.454 4.282 4.11 3.989 3.878 4.218 4.075 3.956 3.856 3.688 4.112 4.207 4.054 3.667 3.497 3.307 4.022
0.0307 4.674 4.724 4.649 4.456 4.313 4.174 4.535 4.433 4.311 4.169 4.029 3.88 4.438 4.266 4.094 3.973 3.863 4.202 4.059 3.94 3.841 3.672 4.096 4.191 4.039 3.651 3.481 3.291 4.006
0.0314 4.658 4.708 4.633 4.44 4.297 4.158 4.519 4.417 4.295 4.153 4.013 3.864 4.422 4.25 4.078 3.957 3.847 4.186 4.044 3.924 3.825 3.656 4.08 4.175 4.023 3.635 3.465 3.275 3.99
0.0322 4.642 4.692 4.617 4.424 4.282 4.142 4.503 4.402 4.279 4.137 3.997 3.848 4.407 4.234 4.062 3.941 3.831 4.17 4.028 3.908 3.809 3.641 4.064 4.16 4.007 3.619 3.45 3.259 3.974
0.0329 4.626 4.676 4.601 4.408 4.266 4.127 4.487 4.386 4.263 4.121 3.981 3.832 4.391 4.218 4.046 3.926 3.815 4.154 4.012 3.892 3.793 3.625 4.049 4.144 3.991 3.603 3.434 3.243 3.958
0.0337 4.611 4.66 4.585 4.392 4.25 4.111 4.471 4.37 4.247 4.106 3.965 3.816 4.375 4.202 4.03 3.91 3.799 4.139 3.996 3.876 3.777 3.609 4.033 4.128 3.975 3.587 3.418 3.227 3.942
0.0345 4.595 4.644 4.569 4.376 4.234 4.095 4.456 4.354 4.232 4.09 3.949 3.801 4.359 4.186 4.015 3.894 3.783 4.123 3.98 3.86 3.761 3.593 4.017 4.112 3.959 3.571 3.402 3.212 3.927
0.0354 4.58 4.629 4.554 4.361 4.219 4.08 4.441 4.339 4.216 4.075 3.934 3.786 4.344 4.171 3.999 3.879 3.768 4.108 3.965 3.845 3.746 3.578 4.002 4.097 3.944 3.556 3.387 3.197 3.912
0.0362 4.565 4.615 4.54 4.347 4.205 4.065 4.426 4.325 4.202 4.06 3.92 3.771 4.33 4.157 3.985 3.864 3.754 4.093 3.951 3.831 3.732 3.564 3.987 4.083 3.93 3.542 3.373 3.182 3.897
0.0371 4.551 4.6 4.526 4.333 4.19 4.051 4.412 4.31 4.188 4.046 3.905 3.757 4.315 4.143 3.971 3.85 3.739 4.079 3.936 3.817 3.717 3.549 3.973 4.068 3.915 3.528 3.358 3.168 3.883
0.038 4.537 4.586 4.511 4.318 4.176 4.037 4.398 4.296 4.173 4.032 3.891 3.743 4.301 4.128 3.956 3.836 3.725 4.065 3.922 3.802 3.703 3.535 3.959 4.054 3.901 3.513 3.344 3.153 3.868
0.0389 4.522 4.572 4.497 4.304 4.161 4.022 4.383 4.282 4.159 4.017 3.877 3.728 4.287 4.114 3.942 3.821 3.711 4.05 3.908 3.788 3.689 3.521 3.944 4.04 3.887 3.499 3.33 3.139 3.854
0.0398 4.508 4.557 4.483 4.29 4.147 4.008 4.369 4.267 4.145 4.003 3.862 3.714 4.272 4.1 3.928 3.807 3.696 4.036 3.893 3.773 3.674 3.506 3.93 4.025 3.872 3.484 3.315 3.125 3.84
0.0408 4.494 4.543 4.468 4.275 4.133 3.994 4.355 4.253 4.13 3.989 3.848 3.699 4.258 4.085 3.913 3.793 3.682 4.022 3.879 3.759 3.66 3.492 3.916 4.011 3.858 3.47 3.301 3.11 3.825
0.0418 4.479 4.529 4.454 4.261 4.118 3.979 4.34 4.239 4.116 3.974 3.834 3.685 4.244 4.071 3.899 3.778 3.668 4.007 3.865 3.745 3.646 3.478 3.901 3.997 3.844 3.456 3.286 3.096 3.811
0.0428 4.465 4.514 4.44 4.247 4.104 3.965 4.326 4.224 4.102 3.96 3.819 3.671 4.229 4.057 3.885 3.764 3.653 3.993 3.85 3.73 3.631 3.463 3.887 3.982 3.829 3.441 3.272 3.082 3.797
0.0438 4.451 4.5 4.425 4.232 4.09 3.951 4.311 4.21 4.087 3.946 3.805 3.656 4.215 4.042 3.87 3.75 3.639 3.979 3.836 3.716 3.617 3.449 3.873 3.968 3.815 3.427 3.258 3.067 3.782
0.0449 4.438 4.487 4.413 4.22 4.077 3.938 4.299 4.197 4.075 3.933 3.792 3.644 4.202 4.03 3.858 3.737 3.627 3.966 3.823 3.704 3.605 3.436 3.86 3.955 3.803 3.415 3.245 3.055 3.77
0.046 4.426 4.476 4.401 4.208 4.065 3.926 4.287 4.186 4.063 3.921 3.781 3.632 4.191 4.018 3.846 3.725 3.615 3.954 3.812 3.692 3.593 3.425 3.848 3.944 3.791 3.403 3.234 3.043 3.758
0.0471 4.415 4.464 4.389 4.196 4.054 3.915 4.275 4.174 4.051 3.909 3.769 3.62 4.179 4.006 3.834 3.714 3.603 3.942 3.8 3.68 3.581 3.413 3.837 3.932 3.779 3.391 3.222 3.031 3.746
0.0482 4.403 4.452 4.377 4.184 4.042 3.903 4.264 4.162 4.04 3.898 3.757 3.609 4.167 3.995 3.823 3.702 3.591 3.931 3.788 3.668 3.569 3.401 3.825 3.92 3.767 3.379 3.21 3.02 3.735
0.0494 4.391 4.441 4.366 4.173 4.03 3.891 4.252 4.15 4.028 3.886 3.746 3.597 4.155 3.983 3.811 3.69 3.58 3.919 3.776 3.657 3.558 3.389 3.813 3.908 3.756 3.368 3.198 3.008 3.723
0.0506 4.379 4.429 4.354 4.161 4.019 3.879 4.24 4.139 4.016 3.874 3.734 3.585 4.144 3.971 3.799 3.678 3.568 3.907 3.765 3.645 3.546 3.378 3.801 3.897 3.744 3.356 3.187 2.996 3.711
0.0518 4.368 4.417 4.342 4.149 4.007 3.868 4.229 4.127 4.004 3.863 3.722 3.573 4.132 3.959 3.787 3.667 3.556 3.896 3.753 3.633 3.534 3.366 3.79 3.885 3.732 3.344 3.175 2.984 3.699
0.053 4.356 4.405 4.33 4.138 3.995 3.856 4.217 4.115 3.993 3.851 3.71 3.562 4.12 3.948 3.776 3.655 3.544 3.884 3.741 3.621 3.522 3.354 3.778 3.873 3.72 3.332 3.163 2.973 3.688
0.0543 4.344 4.394 4.319 4.126 3.983 3.844 4.205 4.103 3.981 3.839 3.699 3.55 4.108 3.936 3.764 3.643 3.533 3.872 3.73 3.61 3.511 3.342 3.766 3.861 3.709 3.321 3.151 2.961 3.676
0.0556 4.332 4.382 4.307 4.114 3.972 3.832 4.193 4.092 3.969 3.827 3.687 3.538 4.097 3.924 3.752 3.632 3.521 3.86 3.718 3.598 3.499 3.331 3.755 3.85 3.697 3.309 3.14 2.949 3.664
0.057 4.32 4.369 4.294 4.101 3.959 3.82 4.18 4.079 3.956 3.815 3.674 3.525 4.084 3.911 3.739 3.619 3.508 3.848 3.705 3.585 3.486 3.318 3.742 3.837 3.684 3.296 3.127 2.936 3.651
0.0584 4.306 4.356 4.281 4.088 3.946 3.807 4.167 4.066 3.943 3.801 3.661 3.512 4.071 3.898 3.726 3.606 3.495 3.834 3.692 3.572 3.473 3.305 3.729 3.824 3.671 3.283 3.114 2.923 3.638
0.0598 4.293 4.343 4.268 4.075 3.933 3.794 4.154 4.053 3.93 3.788 3.648 3.499 4.058 3.885 3.713 3.593 3.482 3.821 3.679 3.559 3.46 3.292 3.716 3.811 3.658 3.27 3.101 2.91 3.625
0.0612 4.28 4.33 4.255 4.062 3.92 3.78 4.141 4.04 3.917 3.775 3.635 3.486 4.045 3.872 3.7 3.58 3.469 3.808 3.666 3.546 3.447 3.279 3.702 3.798 3.645 3.257 3.088 2.897 3.612
0.0627 4.267 4.317 4.242 4.049 3.907 3.767 4.128 4.027 3.904 3.762 3.622 3.473 4.032 3.859 3.687 3.566 3.456 3.795 3.653 3.533 3.434 3.266 3.689 3.785 3.632 3.244 3.075 2.884 3.599
0.0642 4.254 4.304 4.229 4.036 3.893 3.754 4.115 4.013 3.891 3.749 3.609 3.46 4.019 3.846 3.674 3.553 3.443 3.782 3.64 3.52 3.421 3.252 3.676 3.772 3.619 3.231 3.061 2.871 3.586
0.0657 4.241 4.291 4.216 4.023 3.88 3.741 4.102 4.0 3.878 3.736 3.596 3.447 4.005 3.833 3.661 3.54 3.43 3.769 3.627 3.507 3.408 3.239 3.663 3.758 3.606 3.218 3.048 2.858 3.573
0.0673 4.228 4.278 4.203 4.01 3.867 3.728 4.089 3.987 3.865 3.723 3.583 3.434 3.992 3.82 3.648 3.527 3.417 3.756 3.613 3.494 3.395 3.226 3.65 3.745 3.593 3.205 3.035 2.845 3.56
0.0689 4.215 4.264 4.19 3.997 3.854 3.715 4.076 3.974 3.852 3.71 3.569 3.421 3.979 3.807 3.635 3.514 3.404 3.743 3.6 3.481 3.382 3.213 3.637 3.732 3.58 3.192 3.022 2.832 3.547
0.0706 4.202 4.251 4.177 3.984 3.841 3.702 4.063 3.961 3.839 3.697 3.556 3.408 3.966 3.794 3.622 3.501 3.39 3.73 3.587 3.467 3.368 3.2 3.624 3.719 3.566 3.179 3.009 2.819 3.534
0.0723 4.185 4.235 4.16 3.967 3.825 3.686 4.046 3.945 3.822 3.68 3.54 3.391 3.95 3.777 3.605 3.485 3.374 3.713 3.571 3.451 3.352 3.184 3.608 3.703 3.55 3.162 2.993 2.802 3.517
0.0741 4.169 4.218 4.143 3.95 3.808 3.669 4.03 3.928 3.806 3.664 3.523 3.375 3.933 3.761 3.589 3.468 3.357 3.697 3.554 3.434 3.335 3.167 3.591 3.686 3.533 3.145 2.976 2.786 3.501
0.0758 4.152 4.202 4.127 3.934 3.791 3.652 4.013 3.911 3.789 3.647 3.507 3.358 3.916 3.744 3.572 3.451 3.341 3.68 3.538 3.418 3.319 3.15 3.574 3.67 3.517 3.129 2.959 2.769 3.484
0.0777 4.136 4.185 4.11 3.917 3.775 3.636 3.996 3.895 3.772 3.631 3.49 3.341 3.9 3.727 3.555 3.435 3.324 3.664 3.521 3.401 3.302 3.134 3.558 3.653 3.5 3.112 2.943 2.752 3.467
0.0795 4.119 4.168 4.094 3.901 3.758 3.619 3.98 3.878 3.756 3.614 3.473 3.325 3.883 3.711 3.539 3.418 3.307 3.647 3.504 3.385 3.285 3.117 3.541 3.636 3.483 3.096 2.926 2.736 3.451
0.0815 4.102 4.152 4.077 3.884 3.742 3.602 3.963 3.862 3.739 3.597 3.457 3.308 3.867 3.694 3.522 3.402 3.291 3.63 3.488 3.368 3.269 3.101 3.524 3.62 3.467 3.079 2.91 2.719 3.434
