web/models/grb/offaxis/6/grb_0.2967_13.8950_0.0000025.dat
# %ECSV 1.0
# ---
# datatype:
# - {name: time, datatype: float64}
# - {name: swift_uvot_uvw2, datatype: float64}
# - {name: swift_uvot_uvm2, datatype: float64}
# - {name: swift_uvot_uvw1, datatype: float64}
# - {name: swift_uvot_U, datatype: float64}
# - {name: swift_uvot_B, datatype: float64}
# - {name: swift_uvot_V, datatype: float64}
# - {name: swift_uvot_W, datatype: float64}
# - {name: johnson_U, datatype: float64}
# - {name: johnson_B, datatype: float64}
# - {name: johnson_V, datatype: float64}
# - {name: johnson_R, datatype: float64}
# - {name: johnson_I, datatype: float64}
# - {name: sdss_u, datatype: float64}
# - {name: sdss_g, datatype: float64}
# - {name: sdss_r, datatype: float64}
# - {name: sdss_i, datatype: float64}
# - {name: sdss_z, datatype: float64}
# - {name: PS1_g, datatype: float64}
# - {name: PS1_r, datatype: float64}
# - {name: PS1_i, datatype: float64}
# - {name: PS1_z, datatype: float64}
# - {name: PS1_Y, datatype: float64}
# - {name: ukirt_J, datatype: float64}
# - {name: ukirt_H, datatype: float64}
# - {name: ukirt_K, datatype: float64}
# meta: !!omap
# - comment: [E = 0.006029923955985727, Eta0 = 8.02, GammaB = 12.0, dL = 0.012188, epsb = 6.760829753919819e-06, epse = 0.1, n = 2.5118864315095823e-06,
#     p = 2.15, theta_obs = 0.29670597283903605, xiN = 1.0, z = 0.0, type = grb, E_kiso = 13.894954943731374]
# schema: astropy-2.0
time swift_uvot_uvw2 swift_uvot_uvm2 swift_uvot_uvw1 swift_uvot_U swift_uvot_B swift_uvot_V swift_uvot_W johnson_U johnson_B johnson_V johnson_R johnson_I sdss_u sdss_g sdss_r sdss_i sdss_z PS1_g PS1_r PS1_i PS1_z PS1_Y ukirt_J ukirt_H ukirt_K
[from data line 326]
23.7034 6.533 6.583 6.508 6.315 6.172 6.033 6.394 6.292 6.17 6.028 5.888 5.739 6.298 6.125 5.953 5.832 5.722 6.061 5.919 5.799 5.7 5.531 5.51 5.34 5.15
24.2752 6.526 6.575 6.501 6.308 6.165 6.026 6.387 6.285 6.163 6.021 5.88 5.732 6.29 6.118 5.946 5.825 5.715 6.054 5.911 5.792 5.693 5.524 5.503 5.333 5.143
24.8608 6.519 6.568 6.493 6.3 6.158 6.019 6.38 6.278 6.156 6.014 5.873 5.725 6.283 6.11 5.939 5.818 5.707 6.047 5.904 5.784 5.685 5.517 5.495 5.326 5.136
25.4606 6.512 6.561 6.486 6.293 6.151 6.012 6.372 6.271 6.148 6.007 5.866 5.717 6.276 6.103 5.931 5.811 5.7 6.04 5.897 5.777 5.678 5.51 5.488 5.319 5.128
26.0748 6.504 6.554 6.479 6.286 6.144 6.004 6.365 6.264 6.141 5.999 5.859 5.71 6.269 6.096 5.924 5.804 5.693 6.032 5.89 5.77 5.671 5.503 5.481 5.312 5.121
26.7038 6.497 6.547 6.472 6.279 6.136 5.997 6.358 6.256 6.134 5.992 5.852 5.703 6.261 6.089 5.917 5.796 5.686 6.025 5.883 5.763 5.664 5.495 5.474 5.304 5.114
27.3479 6.49 6.539 6.465 6.272 6.129 5.99 6.351 6.249 6.127 5.985 5.844 5.696 6.254 6.082 5.91 5.789 5.678 6.018 5.875 5.755 5.656 5.488 5.466 5.297 5.107
28.0077 6.483 6.532 6.457 6.264 6.122 5.983 6.344 6.242 6.12 5.978 5.837 5.689 6.247 6.074 5.903 5.782 5.671 6.011 5.868 5.748 5.649 5.481 5.459 5.29 5.1
28.6833 6.476 6.525 6.45 6.257 6.115 5.976 6.336 6.235 6.112 5.97 5.83 5.681 6.24 6.067 5.895 5.775 5.664 6.003 5.861 5.741 5.642 5.474 5.452 5.283 5.092
29.3752 6.468 6.518 6.443 6.25 6.108 5.968 6.329 6.228 6.105 5.963 5.823 5.674 6.233 6.06 5.888 5.767 5.657 5.996 5.854 5.734 5.635 5.467 5.445 5.276 5.085
30.0838 6.459 6.508 6.433 6.24 6.098 5.959 6.32 6.218 6.096 5.954 5.813 5.665 6.223 6.051 5.879 5.758 5.647 5.987 5.844 5.724 5.625 5.457 5.435 5.266 5.076
30.8096 6.447 6.496 6.421 6.228 6.086 5.947 6.308 6.206 6.083 5.942 5.801 5.652 6.211 6.038 5.866 5.746 5.635 5.975 5.832 5.712 5.613 5.445 5.423 5.254 5.063
31.5528 6.434 6.484 6.409 6.216 6.074 5.934 6.295 6.194 6.071 5.929 5.789 5.64 6.199 6.026 5.854 5.734 5.623 5.962 5.82 5.7 5.601 5.433 5.411 5.242 5.051
32.3139 6.422 6.472 6.397 6.204 6.061 5.922 6.283 6.181 6.059 5.917 5.777 5.628 6.186 6.014 5.842 5.721 5.611 5.95 5.807 5.688 5.589 5.42 5.399 5.229 5.039
33.0935 6.41 6.459 6.384 6.191 6.049 5.91 6.271 6.169 6.047 5.905 5.764 5.616 6.174 6.002 5.83 5.709 5.598 5.938 5.795 5.675 5.576 5.408 5.386 5.217 5.027
33.8918 6.398 6.447 6.372 6.179 6.037 5.898 6.259 6.157 6.034 5.893 5.752 5.604 6.162 5.989 5.817 5.697 5.586 5.926 5.783 5.663 5.564 5.396 5.374 5.205 5.014
34.7093 6.385 6.435 6.36 6.167 6.025 5.885 6.246 6.145 6.022 5.88 5.74 5.591 6.15 5.977 5.805 5.685 5.574 5.913 5.771 5.651 5.552 5.384 5.362 5.193 5.002
35.5466 6.373 6.423 6.348 6.155 6.012 5.873 6.234 6.132 6.01 5.868 5.728 5.579 6.137 5.965 5.793 5.672 5.562 5.901 5.758 5.639 5.54 5.371 5.35 5.18 4.99
36.4041 6.361 6.41 6.335 6.142 6.0 5.861 6.222 6.12 5.998 5.856 5.715 5.567 6.125 5.953 5.781 5.66 5.549 5.889 5.746 5.626 5.527 5.359 5.337 5.168 4.978
37.2823 6.349 6.398 6.323 6.13 5.988 5.849 6.21 6.108 5.985 5.844 5.703 5.555 6.113 5.94 5.768 5.648 5.537 5.877 5.734 5.614 5.515 5.347 5.325 5.156 4.965
38.1817 6.339 6.389 6.314 6.121 5.979 5.839 6.2 6.099 5.976 5.834 5.694 5.545 6.104 5.931 5.759 5.639 5.528 5.867 5.725 5.605 5.506 5.338 5.316 5.147 4.956
39.1028 6.332 6.382 6.307 6.114 5.971 5.832 6.193 6.092 5.969 5.827 5.687 5.538 6.097 5.924 5.752 5.631 5.521 5.86 5.718 5.598 5.499 5.331 5.309 5.139 4.949
40.046 6.325 6.375 6.3 6.107 5.964 5.825 6.186 6.084 5.962 5.82 5.68 5.531 6.089 5.917 5.745 5.624 5.514 5.853 5.711 5.591 5.492 5.323 5.302 5.132 4.942
41.0121 6.318 6.367 6.293 6.1 5.957 5.818 6.179 6.077 5.955 5.813 5.672 5.524 6.082 5.91 5.738 5.617 5.507 5.846 5.703 5.584 5.485 5.316 5.295 5.125 4.935
42.0014 6.311 6.36 6.285 6.093 5.95 5.811 6.172 6.07 5.948 5.806 5.665 5.517 6.075 5.903 5.731 5.61 5.499 5.839 5.696 5.576 5.477 5.309 5.287 5.118 4.928
43.0146 6.304 6.353 6.278 6.085 5.943 5.804 6.165 6.063 5.941 5.799 5.658 5.51 6.068 5.895 5.724 5.603 5.492 5.832 5.689 5.569 5.47 5.302 5.28 5.111 4.921
44.0523 6.297 6.346 6.271 6.078 5.936 5.797 6.158 6.056 5.933 5.792 5.651 5.503 6.061 5.888 5.717 5.596 5.485 5.825 5.682 5.562 5.463 5.295 5.273 5.104 4.914
45.1149 6.29 6.339 6.264 6.071 5.929 5.79 6.15 6.049 5.926 5.784 5.644 5.495 6.054 5.881 5.709 5.589 5.478 5.817 5.675 5.555 5.456 5.288 5.266 5.097 4.906
46.2033 6.282 6.332 6.257 6.064 5.922 5.783 6.143 6.042 5.919 5.777 5.637 5.488 6.047 5.874 5.702 5.582 5.471 5.81 5.668 5.548 5.449 5.281 5.259 5.09 4.899
47.3178 6.275 6.325 6.25 6.057 5.915 5.775 6.136 6.035 5.912 5.77 5.63 5.481 6.04 5.867 5.695 5.574 5.464 5.803 5.661 5.541 5.442 5.274 5.252 5.083 4.892
48.4593 6.272 6.321 6.246 6.053 5.911 5.772 6.132 6.031 5.908 5.766 5.626 5.477 6.036 5.863 5.691 5.571 5.46 5.799 5.657 5.537 5.438 5.27 5.248 5.079 4.888
49.6283 6.269 6.318 6.244 6.051 5.908 5.769 6.13 6.028 5.906 5.764 5.623 5.475 6.033 5.861 5.689 5.568 5.457 5.797 5.654 5.535 5.435 5.267 5.246 5.076 4.886
50.8255 6.266 6.316 6.241 6.048 5.906 5.767 6.127 6.026 5.903 5.761 5.621 5.472 6.031 5.858 5.686 5.566 5.455 5.794 5.652 5.532 5.433 5.265 5.243 5.074 4.883
52.0515 6.264 6.313 6.238 6.045 5.903 5.764 6.125 6.023 5.901 5.759 5.618 5.47 6.028 5.856 5.684 5.563 5.452 5.792 5.649 5.529 5.43 5.262 5.24 5.071 4.881
53.3072 6.261 6.311 6.236 6.043 5.901 5.761 6.122 6.021 5.898 5.756 5.616 5.467 6.026 5.853 5.681 5.56 5.45 5.789 5.647 5.527 5.428 5.26 5.238 5.069 4.878
54.5931 6.259 6.308 6.233 6.04 5.898 5.759 6.12 6.018 5.896 5.754 5.613 5.465 6.023 5.85 5.679 5.558 5.447 5.787 5.644 5.524 5.425 5.257 5.235 5.066 4.876
55.9101 6.256 6.306 6.231 6.038 5.895 5.756 6.117 6.015 5.893 5.751 5.611 5.462 6.02 5.848 5.676 5.555 5.445 5.784 5.642 5.522 5.423 5.254 5.233 5.063 4.873
57.2588 6.254 6.303 6.228 6.035 5.893 5.754 6.115 6.013 5.89 5.749 5.608 5.46 6.018 5.845 5.674 5.553 5.442 5.782 5.639 5.519 5.42 5.252 5.23 5.061 4.871
58.6401 6.251 6.301 6.226 6.033 5.89 5.751 6.112 6.01 5.888 5.746 5.606 5.457 6.015 5.843 5.671 5.55 5.44 5.779 5.636 5.517 5.418 5.249 5.228 5.058 4.868
60.0546 6.249 6.298 6.223 6.03 5.888 5.749 6.109 6.008 5.885 5.743 5.603 5.454 6.013 5.84 5.668 5.548 5.437 5.776 5.634 5.514 5.415 5.247 5.225 5.056 4.865
61.5034 6.222 6.271 6.197 6.004 5.861 5.722 6.083 5.981 5.859 5.717 5.576 5.428 5.986 5.814 5.642 5.521 5.411 5.75 5.607 5.488 5.389 5.22 5.199 5.029 4.839
62.987 6.192 6.241 6.167 5.974 5.831 5.692 6.053 5.951 5.829 5.687 5.547 5.398 5.956 5.784 5.612 5.491 5.381 5.72 5.577 5.458 5.359 5.19 5.169 4.999 4.809
64.5065 6.162 6.212 6.137 5.944 5.801 5.662 6.023 5.921 5.799 5.657 5.517 5.368 5.926 5.754 5.582 5.461 5.351 5.69 5.547 5.428 5.329 5.16 5.139 4.969 4.779
66.0626 6.132 6.182 6.107 5.914 5.771 5.632 5.993 5.891 5.769 5.627 5.487 5.338 5.896 5.724 5.552 5.431 5.321 5.66 5.518 5.398 5.299 5.13 5.109 4.939 4.749
67.6562 6.102 6.152 6.077 5.884 5.741 5.602 5.963 5.861 5.739 5.597 5.457 5.308 5.866 5.694 5.522 5.401 5.291 5.63 5.488 5.368 5.269 5.1 5.079 4.909 4.719
69.2883 6.072 6.122 6.047 5.854 5.711 5.572 5.933 5.832 5.709 5.567 5.427 5.278 5.837 5.664 5.492 5.371 5.261 5.6 5.458 5.338 5.239 5.071 5.049 4.879 4.689
70.9597 6.042 6.092 6.017 5.824 5.682 5.542 5.903 5.802 5.679 5.537 5.397 5.248 5.807 5.634 5.462 5.341 5.231 5.57 5.428 5.308 5.209 5.041 5.019 4.85 4.659
72.6715 6.012 6.062 5.987 5.794 5.652 5.512 5.873 5.772 5.649 5.507 5.367 5.218 5.777 5.604 5.432 5.312 5.201 5.54 5.398 5.278 5.179 5.011 4.989 4.82 4.629
74.4246 5.982 6.032 5.957 5.764 5.622 5.483 5.843 5.742 5.619 5.477 5.337 5.188 5.747 5.574 5.402 5.282 5.171 5.51 5.368 5.248 5.149 4.981 4.959 4.79 4.599
76.2199 5.953 6.002 5.928 5.735 5.592 5.453 5.814 5.712 5.59 5.448 5.308 5.159 5.717 5.545 5.373 5.252 5.142 5.481 5.338 5.219 5.12 4.951 4.93 4.76 4.57
78.0586 5.954 6.003 5.928 5.735 5.593 5.454 5.814 5.713 5.59 5.449 5.308 5.159 5.718 5.545 5.373 5.253 5.142 5.482 5.339 5.219 5.12 4.952 4.93 4.761 4.57
79.9416 5.954 6.004 5.929 5.736 5.593 5.454 5.815 5.713 5.591 5.449 5.309 5.16 5.718 5.546 5.374 5.253 5.143 5.482 5.339 5.22 5.121 4.952 4.931 4.761 4.571
81.87 5.955 6.004 5.929 5.736 5.594 5.455 5.816 5.714 5.591 5.45 5.309 5.161 5.719 5.546 5.375 5.254 5.143 5.483 5.34 5.22 5.121 4.953 4.931 4.762 4.572
83.845 5.955 6.005 5.93 5.737 5.594 5.455 5.816 5.714 5.592 5.45 5.31 5.161 5.719 5.547 5.375 5.254 5.144 5.483 5.341 5.221 5.122 4.953 4.932 4.762 4.572
85.8676 5.956 6.005 5.93 5.737 5.595 5.456 5.817 5.715 5.593 5.451 5.31 5.162 5.72 5.547 5.376 5.255 5.144 5.484 5.341 5.221 5.122 4.954 4.932 4.763 4.573
87.939 5.956 6.006 5.931 5.738 5.596 5.456 5.817 5.716 5.593 5.451 5.311 5.162 5.721 5.548 5.376 5.255 5.145 5.484 5.342 5.222 5.123 4.955 4.933 4.764 4.573
90.0604 5.957 6.006 5.931 5.738 5.596 5.457 5.818 5.716 5.594 5.452 5.311 5.163 5.721 5.549 5.377 5.256 5.145 5.485 5.342 5.222 5.123 4.955 4.933 4.764 4.574
92.2329 5.957 6.007 5.932 5.739 5.597 5.457 5.818 5.717 5.594 5.452 5.312 5.163 5.722 5.549 5.377 5.257 5.146 5.485 5.343 5.223 5.124 4.956 4.934 4.765 4.574
94.4579 5.958 6.007 5.932 5.74 5.597 5.458 5.819 5.717 5.595 5.453 5.312 5.164 5.722 5.55 5.378 5.257 5.146 5.486 5.343 5.223 5.124 4.956 4.934 4.765 4.575
96.7365 5.959 6.008 5.933 5.74 5.598 5.459 5.82 5.718 5.596 5.454 5.313 5.165 5.723 5.55 5.379 5.258 5.147 5.487 5.344 5.224 5.125 4.957 4.935 4.766 4.576
99.0701 5.961 6.011 5.936 5.743 5.6 5.461 5.822 5.72 5.598 5.456 5.316 5.167 5.725 5.553 5.381 5.26 5.15 5.489 5.346 5.227 5.128 4.959 4.938 4.768 4.578
101.4599 5.963 6.013 5.938 5.745 5.603 5.464 5.824 5.723 5.6 5.458 5.318 5.169 5.728 5.555 5.383 5.263 5.152 5.491 5.349 5.229 5.13 4.962 4.94 4.771 4.58
103.9075 5.966 6.015 5.94 5.747 5.605 5.466 5.827 5.725 5.603 5.461 5.32 5.172 5.73 5.557 5.386 5.265 5.154 5.494 5.351 5.231 5.132 4.964 4.942 4.773 4.583
106.4141 5.968 6.018 5.943 5.75 5.607 5.468 5.829 5.727 5.605 5.463 5.323 5.174 5.732 5.56 5.388 5.267 5.157 5.496 5.353 5.234 5.135 4.966 4.945 4.775 4.585
108.9811 5.97 6.02 5.945 5.752 5.61 5.471 5.831 5.73 5.607 5.465 5.325 5.176 5.735 5.562 5.39 5.27 5.159 5.498 5.356 5.236 5.137 4.969 4.947 4.778 4.587
111.6101 5.973 6.022 5.947 5.754 5.612 5.473 5.834 5.732 5.61 5.468 5.327 5.179 5.737 5.564 5.393 5.272 5.161 5.501 5.358 5.238 5.139 4.971 4.949 4.78 4.59
114.3025 5.975 6.025 5.95 5.757 5.614 5.475 5.836 5.734 5.612 5.47 5.33 5.181 5.739 5.567 5.395 5.274 5.164 5.503 5.361 5.241 5.142 4.973 4.952 4.782 4.592
117.0598 5.977 6.027 5.952 5.759 5.617 5.478 5.838 5.737 5.614 5.472 5.332 5.183 5.742 5.569 5.397 5.277 5.166 5.505 5.363 5.243 5.144 4.976 4.954 4.785 4.594
119.8836 5.98 6.029 5.954 5.761 5.619 5.48 5.841 5.739 5.617 5.475 5.334 5.186 5.744 5.572 5.4 5.279 5.168 5.508 5.365 5.245 5.146 4.978 4.956 4.787 4.597
122.7756 5.981 6.03 5.956 5.763 5.62 5.481 5.842 5.74 5.618 5.476 5.335 5.187 5.745 5.573 5.401 5.28 5.169 5.509 5.366 5.246 5.147 4.979 4.957 4.788 4.598
125.7373 5.979 6.029 5.954 5.761 5.618 5.479 5.84 5.738 5.616 5.474 5.334 5.185 5.743 5.571 5.399 5.278 5.168 5.507 5.365 5.245 5.146 4.977 4.956 4.786 4.596
128.7705 5.977 6.027 5.952 5.759 5.617 5.478 5.838 5.737 5.614 5.472 5.332 5.183 5.742 5.569 5.397 5.277 5.166 5.505 5.363 5.243 5.144 4.976 4.954 4.785 4.594
131.8769 5.976 6.025 5.95 5.757 5.615 5.476 5.837 5.735 5.613 5.471 5.33 5.182 5.74 5.567 5.396 5.275 5.164 5.504 5.361 5.241 5.142 4.974 4.952 4.783 4.593
135.0582 5.974 6.023 5.949 5.756 5.613 5.474 5.835 5.733 5.611 5.469 5.329 5.18 5.738 5.566 5.394 5.273 5.163 5.502 5.359 5.24 5.141 4.972 4.951 4.781 4.591
138.3162 5.972 6.022 5.947 5.754 5.612 5.472 5.833 5.732 5.609 5.467 5.327 5.178 5.737 5.564 5.392 5.271 5.161 5.5 5.358 5.238 5.139 4.971 4.949 4.78 4.589
141.6528 5.971 6.02 5.945 5.752 5.61 5.471 5.832 5.73 5.607 5.466 5.325 5.177 5.735 5.562 5.39 5.27 5.159 5.499 5.356 5.236 5.137 4.969 4.947 4.778 4.587
145.0699 5.969 6.018 5.943 5.751 5.608 5.469 5.83 5.728 5.606 5.464 5.323 5.175 5.733 5.561 5.389 5.268 5.157 5.497 5.354 5.234 5.135 4.967 4.945 4.776 4.586
148.5695 5.967 6.017 5.942 5.749 5.606 5.467 5.828 5.726 5.604 5.462 5.322 5.173 5.731 5.559 5.387 5.266 5.156 5.495 5.353 5.233 5.134 4.965 4.944 4.774 4.584
152.1534 5.965 6.015 5.94 5.747 5.605 5.466 5.826 5.725 5.602 5.46 5.32 5.171 5.73 5.557 5.385 5.265 5.154 5.493 5.351 5.231 5.132 4.964 4.942 4.773 4.582
155.8238 5.982 6.032 5.957 5.764 5.621 5.482 5.843 5.741 5.619 5.477 5.337 5.188 5.746 5.574 5.402 5.281 5.171 5.51 5.367 5.248 5.149 4.98 4.959 4.789 4.599
159.5828 6.021 6.071 5.996 5.803 5.661 5.522 5.882 5.781 5.658 5.516 5.376 5.227 5.786 5.613 5.441 5.321 5.21 5.549 5.407 5.287 5.188 5.02 4.998 4.829 4.638
163.4324 6.061 6.11 6.035 5.842 5.7 5.561 5.922 5.82 5.698 5.556 5.415 5.267 5.825 5.652 5.481 5.36 5.249 5.589 5.446 5.326 5.227 5.059 5.037 4.868 4.678
167.375 6.1 6.15 6.075 5.882 5.739 5.6 5.961 5.859 5.737 5.595 5.455 5.306 5.864 5.692 5.52 5.399 5.289 5.628 5.485 5.366 5.267 5.098 5.077 4.907 4.717
171.4126 6.139 6.189 6.114 5.921 5.779 5.64 6.0 5.899 5.776 5.634 5.494 5.345 5.904 5.731 5.559 5.439 5.328 5.667 5.525 5.405 5.306 5.138 5.116 4.947 4.756
175.5476 6.179 6.228 6.153 5.96 5.818 5.679 6.04 5.938 5.816 5.674 5.533 5.385 5.943 5.77 5.599 5.478 5.367 5.707 5.564 5.444 5.345 5.177 5.155 4.986 4.796
179.7823 6.218 6.267 6.193 6.0 5.857 5.718 6.079 5.977 5.855 5.713 5.573 5.424 5.982 5.81 5.638 5.517 5.407 5.746 5.603 5.484 5.385 5.216 5.195 5.025 4.835
184.1193 6.257 6.307 6.232 6.039 5.897 5.757 6.118 6.017 5.894 5.752 5.612 5.463 6.022 5.849 5.677 5.557 5.446 5.785 5.643 5.523 5.424 5.256 5.234 5.065 4.874
188.5608 6.297 6.346 6.271 6.078 5.936 5.797 6.158 6.056 5.934 5.792 5.651 5.503 6.061 5.888 5.717 5.596 5.485 5.825 5.682 5.562 5.463 5.295 5.273 5.104 4.914
193.1095 6.336 6.385 6.311 6.118 5.975 5.836 6.197 6.095 5.973 5.831 5.69 5.542 6.1 5.928 5.756 5.635 5.525 5.864 5.721 5.602 5.503 5.334 5.313 5.143 4.953
197.7679 6.389 6.439 6.364 6.171 6.028 5.889 6.25 6.148 6.026 5.884 5.744 5.595 6.153 5.981 5.809 5.688 5.578 5.917 5.775 5.655 5.556 5.387 5.366 5.196 5.006
202.5387 6.452 6.501 6.426 6.233 6.091 5.952 6.313 6.211 6.089 5.947 5.806 5.658 6.216 6.044 5.872 5.751 5.64 5.98 5.837 5.717 5.618 5.45 5.428 5.259 5.069
207.4245 6.514 6.564 6.489 6.296 6.154 6.015 6.375 6.274 6.151 6.009 5.869 5.72 6.279 6.106 5.934 5.814 5.703 6.042 5.9 5.78 5.681 5.513 5.491 5.322 5.131
212.4283 6.577 6.627 6.552 6.359 6.216 6.077 6.438 6.336 6.214 6.072 5.932 5.783 6.341 6.169 5.997 5.876 5.766 6.105 5.963 5.843 5.744 5.575 5.554 5.384 5.194
217.5527 6.64 6.689 6.614 6.421 6.279 6.14 6.501 6.399 6.277 6.135 5.994 5.846 6.404 6.232 6.06 5.939 5.828 6.168 6.025 5.905 5.806 5.638 5.616 5.447 5.257
222.8008 6.703 6.752 6.677 6.484 6.342 6.203 6.563 6.462 6.339 6.197 6.057 5.908 6.467 6.294 6.122 6.002 5.891 6.23 6.088 5.968 5.869 5.701 5.679 5.51 5.319
228.1754 6.765 6.815 6.74 6.547 6.404 6.265 6.626 6.524 6.402 6.26 6.12 5.971 6.529 6.357 6.185 6.064 5.954 6.293 6.151 6.031 5.932 5.763 5.742 5.572 5.382
233.6797 6.828 6.877 6.802 6.609 6.467 6.328 6.689 6.587 6.465 6.323 6.182 6.034 6.592 6.42 6.248 6.127 6.016 6.356 6.213 6.093 5.994 5.826 5.804 5.635 5.445
239.3168 6.891 6.94 6.865 6.672 6.53 6.391 6.751 6.65 6.527 6.385 6.245 6.096 6.655 6.482 6.31 6.19 6.079 6.418 6.276 6.156 6.057 5.889 5.867 5.698 5.507
245.0899 6.953 7.003 6.928 6.735 6.592 6.453 6.814 6.712 6.59 6.448 6.308 6.159 6.717 6.545 6.373 6.252 6.142 6.481 6.339 6.219 6.12 5.951 5.93 5.76 5.57
251.0022 7.023 7.072 6.997 6.804 6.662 6.523 6.883 6.782 6.659 6.517 6.377 6.228 6.787 6.614 6.442 6.322 6.211 6.55 6.408 6.288 6.189 6.021 5.999 5.83 5.639
257.0572 7.094 7.144 7.069 6.876 6.733 6.594 6.955 6.854 6.731 6.589 6.449 6.3 6.859 6.686 6.514 6.393 6.283 6.622 6.48 6.36 6.261 6.093 6.071 5.901 5.711
263.2582 7.166 7.215 7.141 6.948 6.805 6.666 7.027 6.925 6.803 6.661 6.52 6.372 6.93 6.758 6.586 6.465 6.355 6.694 6.551 6.432 6.333 6.164 6.143 5.973 5.783
