web/models/kne.last_good/kappa_0.5_3.0.v2/11/villar_0.2686_0.4217_0.5000.dat
# %ECSV 1.0
# ---
# datatype:
# - {name: time, datatype: float64}
# - {name: swift_uvot_uvw2, datatype: float64}
# - {name: swift_uvot_uvm2, datatype: float64}
# - {name: swift_uvot_uvw1, datatype: float64}
# - {name: swift_uvot_U, datatype: float64}
# - {name: swift_uvot_B, datatype: float64}
# - {name: swift_uvot_V, datatype: float64}
# - {name: swift_uvot_W, datatype: float64}
# - {name: johnson_U, datatype: float64}
# - {name: johnson_B, datatype: float64}
# - {name: johnson_V, datatype: float64}
# - {name: johnson_R, datatype: float64}
# - {name: johnson_I, datatype: float64}
# - {name: sdss_u, datatype: float64}
# - {name: sdss_g, datatype: float64}
# - {name: sdss_r, datatype: float64}
# - {name: sdss_i, datatype: float64}
# - {name: sdss_z, datatype: float64}
# - {name: PS1_g, datatype: float64}
# - {name: PS1_r, datatype: float64}
# - {name: PS1_i, datatype: float64}
# - {name: PS1_z, datatype: float64}
# - {name: PS1_Y, datatype: float64}
# - {name: PS1_w, datatype: float64}
# - {name: ATLAS_c, datatype: float64}
# - {name: ATLAS_o, datatype: float64}
# - {name: ukirt_J, datatype: float64}
# - {name: ukirt_H, datatype: float64}
# - {name: ukirt_K, datatype: float64}
# - {name: Clear, datatype: float64}
# meta: !!omap
# - comment: [kappa = 0.5, type = villar, mass = 0.2685795883840597, velocity = 0.4216666666666667, theta_obs = 0.0, tfloor = 2500.0]
# schema: astropy-2.0
time swift_uvot_uvw2 swift_uvot_uvm2 swift_uvot_uvw1 swift_uvot_U swift_uvot_B swift_uvot_V swift_uvot_W johnson_U johnson_B johnson_V johnson_R johnson_I sdss_u sdss_g sdss_r sdss_i sdss_z PS1_g PS1_r PS1_i PS1_z PS1_Y PS1_w ATLAS_c ATLAS_o ukirt_J ukirt_H ukirt_K Clear
[from data line 136]
0.057527 -18.796 -17.995 -17.76 -17.136 -16.687 -16.233 -17.615 -17.067 -16.683 -16.222 -15.782 -15.283 -17.078 -16.542 -15.975 -15.576 -15.209 -16.746 -16.312 -16.038 -16.049 -16.614 -16.062 -16.321 -15.813 -14.492 -13.921 -13.269 -16.162
0.059267 -18.804 -18.023 -17.791 -17.169 -16.722 -16.269 -17.645 -17.101 -16.718 -16.257 -15.818 -15.32 -17.112 -16.577 -16.011 -15.612 -15.246 -16.771 -16.334 -16.057 -16.06 -16.613 -16.097 -16.357 -15.849 -14.53 -13.959 -13.307 -16.197
0.061059 -18.812 -18.052 -17.821 -17.202 -16.756 -16.304 -17.675 -17.134 -16.752 -16.293 -15.854 -15.356 -17.145 -16.611 -16.047 -15.649 -15.283 -16.796 -16.358 -16.077 -16.072 -16.613 -16.133 -16.392 -15.885 -14.567 -13.997 -13.345 -16.233
0.062906 -18.82 -18.08 -17.851 -17.235 -16.79 -16.339 -17.705 -17.167 -16.787 -16.328 -15.89 -15.393 -17.178 -16.646 -16.082 -15.685 -15.319 -16.821 -16.381 -16.097 -16.085 -16.613 -16.168 -16.427 -15.921 -14.604 -14.035 -13.384 -16.268
0.064808 -18.829 -18.107 -17.881 -17.268 -16.825 -16.375 -17.735 -17.2 -16.821 -16.363 -15.926 -15.43 -17.212 -16.68 -16.118 -15.721 -15.356 -16.846 -16.406 -16.118 -16.098 -16.613 -16.204 -16.462 -15.957 -14.642 -14.072 -13.422 -16.303
0.066769 -18.838 -18.135 -17.911 -17.301 -16.859 -16.41 -17.765 -17.233 -16.855 -16.398 -15.962 -15.466 -17.245 -16.715 -16.154 -15.757 -15.393 -16.872 -16.43 -16.139 -16.112 -16.615 -16.239 -16.497 -15.993 -14.679 -14.11 -13.46 -16.338
0.068788 -18.847 -18.162 -17.941 -17.334 -16.893 -16.445 -17.794 -17.266 -16.889 -16.433 -15.998 -15.503 -17.278 -16.749 -16.189 -15.794 -15.43 -16.898 -16.455 -16.16 -16.127 -16.616 -16.274 -16.532 -16.029 -14.717 -14.148 -13.498 -16.373
0.070868 -18.857 -18.19 -17.971 -17.366 -16.927 -16.48 -17.823 -17.299 -16.923 -16.469 -16.034 -15.54 -17.31 -16.784 -16.225 -15.83 -15.466 -16.925 -16.48 -16.183 -16.142 -16.619 -16.309 -16.566 -16.065 -14.754 -14.186 -13.536 -16.408
0.073012 -18.866 -18.217 -18.0 -17.399 -16.961 -16.515 -17.852 -17.332 -16.957 -16.504 -16.069 -15.576 -17.343 -16.818 -16.26 -15.866 -15.503 -16.951 -16.505 -16.205 -16.157 -16.621 -16.345 -16.601 -16.101 -14.791 -14.223 -13.574 -16.442
0.07522 -18.876 -18.244 -18.029 -17.431 -16.994 -16.55 -17.881 -17.364 -16.991 -16.539 -16.105 -15.613 -17.376 -16.852 -16.296 -15.902 -15.54 -16.978 -16.531 -16.228 -16.173 -16.625 -16.38 -16.636 -16.136 -14.829 -14.261 -13.612 -16.477
0.077495 -18.886 -18.271 -18.058 -17.463 -17.028 -16.585 -17.91 -17.397 -17.024 -16.573 -16.141 -15.649 -17.408 -16.886 -16.331 -15.938 -15.576 -17.005 -16.557 -16.251 -16.19 -16.629 -16.415 -16.67 -16.172 -14.866 -14.299 -13.65 -16.512
0.079839 -18.897 -18.297 -18.086 -17.495 -17.062 -16.62 -17.938 -17.429 -17.058 -16.608 -16.177 -15.686 -17.44 -16.92 -16.367 -15.974 -15.613 -17.032 -16.584 -16.275 -16.208 -16.633 -16.45 -16.705 -16.208 -14.903 -14.337 -13.689 -16.547
0.082253 -18.907 -18.324 -18.115 -17.527 -17.095 -16.654 -17.966 -17.461 -17.092 -16.643 -16.212 -15.722 -17.473 -16.954 -16.402 -16.01 -15.649 -17.06 -16.611 -16.3 -16.225 -16.638 -16.485 -16.739 -16.243 -14.941 -14.375 -13.727 -16.581
0.084741 -18.918 -18.35 -18.143 -17.559 -17.129 -16.689 -17.994 -17.494 -17.125 -16.678 -16.248 -15.758 -17.505 -16.988 -16.437 -16.046 -15.686 -17.087 -16.638 -16.324 -16.244 -16.644 -16.519 -16.774 -16.279 -14.978 -14.413 -13.765 -16.616
0.087304 -18.928 -18.376 -18.171 -17.591 -17.162 -16.724 -18.022 -17.526 -17.158 -16.713 -16.283 -15.795 -17.537 -17.022 -16.472 -16.082 -15.722 -17.115 -16.665 -16.349 -16.263 -16.65 -16.554 -16.808 -16.314 -15.016 -14.45 -13.803 -16.65
0.089944 -18.939 -18.402 -18.199 -17.622 -17.195 -16.758 -18.049 -17.557 -17.192 -16.747 -16.319 -15.831 -17.568 -17.056 -16.508 -16.118 -15.759 -17.143 -16.693 -16.375 -16.282 -16.656 -16.589 -16.842 -16.35 -15.053 -14.488 -13.842 -16.684
0.092665 -18.95 -18.427 -18.226 -17.654 -17.229 -16.793 -18.077 -17.589 -17.225 -16.782 -16.354 -15.868 -17.6 -17.089 -16.543 -16.154 -15.795 -17.171 -16.72 -16.4 -16.302 -16.664 -16.624 -16.877 -16.385 -15.09 -14.526 -13.88 -16.719
0.095467 -18.961 -18.452 -18.254 -17.685 -17.262 -16.827 -18.104 -17.621 -17.258 -16.816 -16.39 -15.904 -17.632 -17.123 -16.578 -16.19 -15.832 -17.199 -16.748 -16.426 -16.323 -16.671 -16.658 -16.911 -16.421 -15.128 -14.564 -13.918 -16.753
0.098355 -18.973 -18.477 -18.281 -17.716 -17.295 -16.862 -18.13 -17.652 -17.291 -16.851 -16.425 -15.94 -17.663 -17.156 -16.613 -16.226 -15.868 -17.228 -16.777 -16.453 -16.344 -16.68 -16.693 -16.945 -16.456 -15.165 -14.602 -13.957 -16.787
0.101329 -18.984 -18.502 -18.308 -17.747 -17.327 -16.896 -18.157 -17.683 -17.324 -16.885 -16.461 -15.977 -17.694 -17.189 -16.648 -16.262 -15.905 -17.256 -16.805 -16.48 -16.365 -16.689 -16.727 -16.979 -16.491 -15.202 -14.64 -13.995 -16.821
0.104394 -18.995 -18.527 -18.334 -17.778 -17.36 -16.93 -18.183 -17.715 -17.356 -16.919 -16.496 -16.013 -17.725 -17.223 -16.683 -16.298 -15.941 -17.285 -16.834 -16.507 -16.387 -16.699 -16.762 -17.013 -16.526 -15.24 -14.678 -14.033 -16.855
0.107551 -19.006 -18.551 -18.361 -17.809 -17.393 -16.965 -18.209 -17.746 -17.389 -16.953 -16.531 -16.049 -17.756 -17.256 -16.718 -16.333 -15.978 -17.314 -16.863 -16.534 -16.409 -16.709 -16.796 -17.046 -16.562 -15.277 -14.716 -14.072 -16.889
0.110804 -19.018 -18.575 -18.387 -17.839 -17.425 -16.999 -18.235 -17.776 -17.422 -16.988 -16.567 -16.085 -17.787 -17.289 -16.752 -16.369 -16.014 -17.343 -16.892 -16.562 -16.432 -16.72 -16.831 -17.08 -16.597 -15.315 -14.754 -14.11 -16.923
0.114155 -19.029 -18.599 -18.412 -17.87 -17.458 -17.033 -18.26 -17.807 -17.454 -17.022 -16.602 -16.122 -17.818 -17.322 -16.787 -16.405 -16.051 -17.372 -16.921 -16.59 -16.455 -16.731 -16.865 -17.114 -16.632 -15.352 -14.792 -14.149 -16.957
0.117608 -19.041 -18.622 -18.438 -17.9 -17.49 -17.067 -18.286 -17.838 -17.487 -17.056 -16.637 -16.158 -17.849 -17.355 -16.822 -16.441 -16.087 -17.401 -16.951 -16.618 -16.479 -16.743 -16.899 -17.147 -16.667 -15.39 -14.83 -14.187 -16.991
0.121165 -19.052 -18.646 -18.463 -17.93 -17.523 -17.101 -18.311 -17.868 -17.519 -17.09 -16.672 -16.194 -17.879 -17.388 -16.857 -16.476 -16.123 -17.43 -16.98 -16.646 -16.503 -16.756 -16.933 -17.181 -16.702 -15.427 -14.868 -14.226 -17.025
0.124829 -19.063 -18.668 -18.488 -17.96 -17.555 -17.135 -18.335 -17.899 -17.551 -17.124 -16.707 -16.23 -17.909 -17.42 -16.891 -16.512 -16.16 -17.459 -17.01 -16.675 -16.528 -16.769 -16.967 -17.214 -16.737 -15.465 -14.906 -14.264 -17.058
0.128605 -19.075 -18.691 -18.513 -17.99 -17.587 -17.168 -18.36 -17.929 -17.583 -17.157 -16.742 -16.267 -17.939 -17.453 -16.926 -16.548 -16.196 -17.488 -17.04 -16.704 -16.553 -16.783 -17.001 -17.248 -16.772 -15.502 -14.944 -14.303 -17.092
0.132494 -19.086 -18.713 -18.537 -18.019 -17.619 -17.202 -18.384 -17.959 -17.615 -17.191 -16.777 -16.303 -17.969 -17.486 -16.96 -16.583 -16.233 -17.518 -17.07 -16.733 -16.578 -16.797 -17.035 -17.281 -16.807 -15.54 -14.982 -14.342 -17.125
0.136502 -19.097 -18.735 -18.562 -18.049 -17.651 -17.236 -18.408 -17.989 -17.647 -17.225 -16.812 -16.339 -17.999 -17.518 -16.995 -16.619 -16.269 -17.547 -17.1 -16.763 -16.604 -16.812 -17.069 -17.314 -16.842 -15.577 -15.02 -14.38 -17.159
0.14063 -19.108 -18.757 -18.586 -18.078 -17.682 -17.27 -18.432 -18.018 -17.679 -17.259 -16.847 -16.375 -18.029 -17.55 -17.029 -16.654 -16.305 -17.577 -17.131 -16.793 -16.63 -16.828 -17.103 -17.348 -16.877 -15.615 -15.058 -14.419 -17.192
0.144883 -19.119 -18.779 -18.609 -18.107 -17.714 -17.303 -18.455 -18.048 -17.71 -17.292 -16.882 -16.411 -18.058 -17.583 -17.064 -16.69 -16.342 -17.606 -17.161 -16.823 -16.657 -16.844 -17.137 -17.381 -16.912 -15.652 -15.097 -14.458 -17.225
0.149265 -19.13 -18.8 -18.632 -18.136 -17.746 -17.337 -18.478 -18.077 -17.742 -17.326 -16.917 -16.447 -18.088 -17.615 -17.098 -16.725 -16.378 -17.636 -17.192 -16.853 -16.684 -16.861 -17.171 -17.414 -16.946 -15.69 -15.135 -14.497 -17.259
0.15378 -19.14 -18.82 -18.656 -18.165 -17.777 -17.37 -18.501 -18.107 -17.773 -17.359 -16.952 -16.484 -18.117 -17.647 -17.133 -16.761 -16.414 -17.665 -17.222 -16.883 -16.711 -16.878 -17.205 -17.447 -16.981 -15.727 -15.173 -14.536 -17.292
0.15843 -19.151 -18.841 -18.678 -18.194 -17.808 -17.404 -18.524 -18.136 -17.805 -17.393 -16.987 -16.52 -18.146 -17.679 -17.167 -16.796 -16.451 -17.695 -17.253 -16.914 -16.738 -16.896 -17.238 -17.48 -17.016 -15.765 -15.212 -14.575 -17.325
0.163222 -19.161 -18.861 -18.701 -18.222 -17.84 -17.437 -18.546 -18.165 -17.836 -17.426 -17.022 -16.556 -18.175 -17.711 -17.201 -16.832 -16.487 -17.725 -17.284 -16.945 -16.766 -16.914 -17.272 -17.512 -17.051 -15.803 -15.25 -14.614 -17.358
0.168159 -19.172 -18.881 -18.723 -18.251 -17.871 -17.47 -18.568 -18.194 -17.867 -17.459 -17.056 -16.592 -18.204 -17.743 -17.236 -16.867 -16.524 -17.754 -17.315 -16.976 -16.795 -16.933 -17.306 -17.545 -17.086 -15.841 -15.289 -14.653 -17.391
0.173245 -19.182 -18.9 -18.745 -18.279 -17.902 -17.504 -18.59 -18.222 -17.898 -17.493 -17.091 -16.629 -18.233 -17.775 -17.27 -16.903 -16.56 -17.784 -17.347 -17.007 -16.823 -16.953 -17.339 -17.578 -17.12 -15.878 -15.327 -14.692 -17.424
0.178484 -19.192 -18.919 -18.767 -18.307 -17.933 -17.537 -18.611 -18.251 -17.929 -17.526 -17.126 -16.665 -18.261 -17.806 -17.304 -16.939 -16.597 -17.814 -17.378 -17.038 -16.852 -16.973 -17.373 -17.611 -17.155 -15.916 -15.366 -14.732 -17.457
0.183882 -19.201 -18.938 -18.788 -18.335 -17.964 -17.57 -18.632 -18.279 -17.96 -17.559 -17.161 -16.701 -18.29 -17.838 -17.338 -16.974 -16.633 -17.844 -17.409 -17.07 -16.881 -16.994 -17.406 -17.643 -17.19 -15.954 -15.405 -14.771 -17.49
0.189444 -19.211 -18.957 -18.809 -18.363 -17.995 -17.603 -18.653 -18.308 -17.991 -17.592 -17.196 -16.737 -18.318 -17.87 -17.372 -17.01 -16.67 -17.874 -17.441 -17.101 -16.911 -17.015 -17.44 -17.676 -17.224 -15.992 -15.443 -14.81 -17.523
0.195173 -19.22 -18.975 -18.83 -18.39 -18.026 -17.636 -18.674 -18.336 -18.022 -17.626 -17.231 -16.774 -18.346 -17.901 -17.407 -17.045 -16.706 -17.904 -17.472 -17.133 -16.941 -17.037 -17.473 -17.709 -17.259 -16.03 -15.482 -14.85 -17.556
0.201076 -19.229 -18.993 -18.85 -18.418 -18.056 -17.669 -18.694 -18.364 -18.052 -17.659 -17.265 -16.81 -18.374 -17.933 -17.441 -17.081 -16.743 -17.934 -17.504 -17.165 -16.971 -17.059 -17.507 -17.741 -17.294 -16.068 -15.521 -14.89 -17.589
0.207158 -19.238 -19.01 -18.871 -18.445 -18.087 -17.703 -18.715 -18.392 -18.083 -17.692 -17.3 -16.846 -18.402 -17.964 -17.475 -17.116 -16.779 -17.964 -17.536 -17.198 -17.001 -17.082 -17.54 -17.774 -17.329 -16.107 -15.56 -14.929 -17.621
0.213423 -19.247 -19.028 -18.891 -18.472 -18.117 -17.736 -18.735 -18.42 -18.114 -17.725 -17.335 -16.883 -18.43 -17.996 -17.509 -17.152 -16.816 -17.994 -17.568 -17.23 -17.032 -17.105 -17.574 -17.806 -17.363 -16.145 -15.599 -14.969 -17.654
0.219878 -19.256 -19.044 -18.91 -18.5 -18.148 -17.769 -18.755 -18.447 -18.144 -17.758 -17.37 -16.919 -18.457 -18.027 -17.544 -17.188 -16.853 -18.024 -17.6 -17.263 -17.063 -17.129 -17.607 -17.839 -17.398 -16.183 -15.639 -15.009 -17.687
0.226528 -19.264 -19.061 -18.93 -18.527 -18.178 -17.802 -18.774 -18.475 -18.175 -17.791 -17.405 -16.956 -18.485 -18.058 -17.578 -17.223 -16.89 -18.054 -17.632 -17.295 -17.094 -17.154 -17.641 -17.871 -17.433 -16.222 -15.678 -15.049 -17.72
0.233379 -19.272 -19.077 -18.949 -18.553 -18.209 -17.835 -18.793 -18.502 -18.205 -17.824 -17.44 -16.993 -18.512 -18.09 -17.612 -17.259 -16.927 -18.084 -17.665 -17.328 -17.126 -17.178 -17.674 -17.903 -17.468 -16.26 -15.717 -15.09 -17.752
0.240437 -19.281 -19.094 -18.968 -18.58 -18.239 -17.868 -18.813 -18.53 -18.235 -17.857 -17.475 -17.029 -18.54 -18.121 -17.646 -17.295 -16.964 -18.114 -17.697 -17.362 -17.158 -17.204 -17.708 -17.936 -17.503 -16.299 -15.757 -15.13 -17.785
0.247709 -19.288 -19.109 -18.987 -18.607 -18.27 -17.901 -18.832 -18.557 -18.266 -17.891 -17.51 -17.066 -18.567 -18.152 -17.681 -17.331 -17.001 -18.145 -17.73 -17.395 -17.19 -17.23 -17.741 -17.968 -17.538 -16.338 -15.797 -15.17 -17.818
0.255201 -19.296 -19.125 -19.006 -18.634 -18.3 -17.934 -18.851 -18.585 -18.296 -17.924 -17.545 -17.103 -18.594 -18.184 -17.715 -17.367 -17.038 -18.175 -17.762 -17.429 -17.223 -17.256 -17.775 -18.001 -17.573 -16.376 -15.837 -15.211 -17.851
0.262919 -19.304 -19.14 -19.024 -18.66 -18.33 -17.968 -18.869 -18.612 -18.327 -17.957 -17.58 -17.14 -18.621 -18.215 -17.75 -17.403 -17.075 -18.205 -17.795 -17.462 -17.255 -17.283 -17.808 -18.033 -17.608 -16.415 -15.877 -15.252 -17.884
0.270871 -19.311 -19.155 -19.042 -18.687 -18.361 -18.001 -18.888 -18.639 -18.357 -17.99 -17.616 -17.177 -18.648 -18.246 -17.784 -17.439 -17.113 -18.236 -17.828 -17.496 -17.288 -17.311 -17.842 -18.066 -17.643 -16.455 -15.917 -15.293 -17.917
0.279064 -19.318 -19.17 -19.061 -18.713 -18.391 -18.034 -18.906 -18.666 -18.387 -18.024 -17.651 -17.215 -18.676 -18.278 -17.819 -17.476 -17.15 -18.267 -17.861 -17.53 -17.322 -17.339 -17.876 -18.099 -17.678 -16.494 -15.957 -15.334 -17.95
0.287504 -19.326 -19.185 -19.079 -18.74 -18.422 -18.068 -18.925 -18.693 -18.418 -18.057 -17.687 -17.252 -18.703 -18.309 -17.854 -17.512 -17.188 -18.297 -17.895 -17.565 -17.356 -17.368 -17.91 -18.131 -17.714 -16.533 -15.997 -15.375 -17.983
0.296199 -19.333 -19.2 -19.097 -18.766 -18.452 -18.101 -18.943 -18.721 -18.448 -18.091 -17.722 -17.29 -18.73 -18.341 -17.888 -17.549 -17.226 -18.328 -17.928 -17.599 -17.39 -17.397 -17.944 -18.164 -17.749 -16.573 -16.038 -15.417 -18.016
0.305157 -19.34 -19.214 -19.114 -18.793 -18.483 -18.135 -18.962 -18.748 -18.479 -18.124 -17.758 -17.327 -18.757 -18.372 -17.923 -17.585 -17.264 -18.359 -17.962 -17.634 -17.424 -17.426 -17.978 -18.197 -17.785 -16.613 -16.079 -15.458 -18.05
0.314387 -19.347 -19.228 -19.132 -18.82 -18.513 -18.169 -18.98 -18.775 -18.51 -18.158 -17.794 -17.365 -18.784 -18.404 -17.958 -17.622 -17.302 -18.39 -17.996 -17.669 -17.458 -17.456 -18.012 -18.23 -17.82 -16.653 -16.12 -15.5 -18.083
0.323895 -19.354 -19.243 -19.15 -18.846 -18.544 -18.202 -18.998 -18.802 -18.54 -18.192 -17.83 -17.403 -18.811 -18.436 -17.994 -17.659 -17.34 -18.422 -18.03 -17.705 -17.493 -17.487 -18.046 -18.263 -17.856 -16.693 -16.161 -15.542 -18.117
0.333691 -19.361 -19.257 -19.168 -18.873 -18.575 -18.236 -19.017 -18.83 -18.571 -18.226 -17.866 -17.441 -18.839 -18.468 -18.029 -17.697 -17.379 -18.453 -18.064 -17.74 -17.529 -17.518 -18.081 -18.297 -17.893 -16.734 -16.203 -15.585 -18.15
0.343783 -19.368 -19.271 -19.185 -18.9 -18.606 -18.271 -19.035 -18.857 -18.602 -18.261 -17.903 -17.48 -18.866 -18.5 -18.065 -17.734 -17.417 -18.485 -18.098 -17.776 -17.564 -17.55 -18.116 -18.33 -17.929 -16.774 -16.244 -15.627 -18.184
0.354181 -19.375 -19.285 -19.203 -18.927 -18.637 -18.305 -19.054 -18.885 -18.633 -18.295 -17.939 -17.519 -18.894 -18.532 -18.101 -17.772 -17.456 -18.517 -18.133 -17.812 -17.6 -17.582 -18.151 -18.364 -17.965 -16.815 -16.286 -15.67 -18.218
0.364893 -19.383 -19.299 -19.221 -18.954 -18.669 -18.34 -19.073 -18.913 -18.665 -18.33 -17.976 -17.557 -18.922 -18.564 -18.137 -17.81 -17.496 -18.549 -18.168 -17.849 -17.637 -17.615 -18.186 -18.398 -18.002 -16.856 -16.329 -15.713 -18.253
0.375929 -19.39 -19.314 -19.239 -18.981 -18.7 -18.375 -19.092 -18.941 -18.696 -18.365 -18.013 -17.597 -18.949 -18.597 -18.173 -17.848 -17.535 -18.581 -18.204 -17.886 -17.673 -17.648 -18.221 -18.432 -18.039 -16.898 -16.371 -15.757 -18.287
0.387298 -19.398 -19.328 -19.258 -19.008 -18.732 -18.41 -19.111 -18.969 -18.728 -18.4 -18.051 -17.636 -18.978 -18.63 -18.21 -17.886 -17.575 -18.614 -18.239 -17.923 -17.711 -17.682 -18.257 -18.466 -18.077 -16.939 -16.414 -15.801 -18.322
0.399012 -19.406 -19.343 -19.276 -19.036 -18.764 -18.445 -19.131 -18.998 -18.76 -18.435 -18.089 -17.676 -19.006 -18.663 -18.247 -17.925 -17.615 -18.647 -18.275 -17.96 -17.748 -17.717 -18.293 -18.501 -18.114 -16.982 -16.457 -15.845 -18.358
