web/models/kne.last_good/kappa_0.5_3.0.v2/11/villar_0.0416_0.2807_0.5000.dat
# %ECSV 1.0
# ---
# datatype:
# - {name: time, datatype: float64}
# - {name: swift_uvot_uvw2, datatype: float64}
# - {name: swift_uvot_uvm2, datatype: float64}
# - {name: swift_uvot_uvw1, datatype: float64}
# - {name: swift_uvot_U, datatype: float64}
# - {name: swift_uvot_B, datatype: float64}
# - {name: swift_uvot_V, datatype: float64}
# - {name: swift_uvot_W, datatype: float64}
# - {name: johnson_U, datatype: float64}
# - {name: johnson_B, datatype: float64}
# - {name: johnson_V, datatype: float64}
# - {name: johnson_R, datatype: float64}
# - {name: johnson_I, datatype: float64}
# - {name: sdss_u, datatype: float64}
# - {name: sdss_g, datatype: float64}
# - {name: sdss_r, datatype: float64}
# - {name: sdss_i, datatype: float64}
# - {name: sdss_z, datatype: float64}
# - {name: PS1_g, datatype: float64}
# - {name: PS1_r, datatype: float64}
# - {name: PS1_i, datatype: float64}
# - {name: PS1_z, datatype: float64}
# - {name: PS1_Y, datatype: float64}
# - {name: PS1_w, datatype: float64}
# - {name: ATLAS_c, datatype: float64}
# - {name: ATLAS_o, datatype: float64}
# - {name: ukirt_J, datatype: float64}
# - {name: ukirt_H, datatype: float64}
# - {name: ukirt_K, datatype: float64}
# - {name: Clear, datatype: float64}
# meta: !!omap
# - comment: [kappa = 0.5, type = villar, mass = 0.04162766037032262, velocity = 0.2806666666666667, theta_obs = 0.0, tfloor = 2500.0]
# schema: astropy-2.0
time swift_uvot_uvw2 swift_uvot_uvm2 swift_uvot_uvw1 swift_uvot_U swift_uvot_B swift_uvot_V swift_uvot_W johnson_U johnson_B johnson_V johnson_R johnson_I sdss_u sdss_g sdss_r sdss_i sdss_z PS1_g PS1_r PS1_i PS1_z PS1_Y PS1_w ATLAS_c ATLAS_o ukirt_J ukirt_H ukirt_K Clear
[from data line 204]
0.436321 -16.04 -16.245 -16.409 -16.653 -16.626 -16.492 -16.415 -16.657 -16.624 -16.484 -16.265 -15.964 -16.659 -16.589 -16.374 -16.155 -15.919 -16.584 -16.385 -16.166 -15.992 -15.911 -16.376 -16.508 -16.282 -15.392 -14.926 -14.361 -16.401
0.449518 -15.958 -16.175 -16.354 -16.626 -16.615 -16.491 -16.375 -16.633 -16.612 -16.484 -16.273 -15.979 -16.634 -16.581 -16.379 -16.167 -15.935 -16.578 -16.389 -16.177 -16.006 -15.925 -16.379 -16.506 -16.29 -15.415 -14.952 -14.39 -16.401
0.463113 -15.872 -16.101 -16.297 -16.597 -16.602 -16.49 -16.333 -16.606 -16.599 -16.483 -16.28 -15.993 -16.607 -16.572 -16.383 -16.177 -15.951 -16.57 -16.393 -16.187 -16.02 -15.939 -16.38 -16.502 -16.296 -15.437 -14.978 -14.419 -16.401
0.47712 -15.783 -16.024 -16.236 -16.566 -16.587 -16.488 -16.29 -16.578 -16.584 -16.481 -16.286 -16.007 -16.579 -16.562 -16.386 -16.187 -15.965 -16.561 -16.395 -16.197 -16.033 -15.953 -16.381 -16.498 -16.302 -15.459 -15.003 -14.447 -16.399
0.49155 -15.689 -15.943 -16.172 -16.532 -16.57 -16.484 -16.245 -16.547 -16.568 -16.477 -16.291 -16.02 -16.547 -16.549 -16.387 -16.196 -15.979 -16.55 -16.397 -16.205 -16.045 -15.966 -16.38 -16.491 -16.306 -15.48 -15.028 -14.475 -16.396
0.506416 -15.592 -15.858 -16.106 -16.496 -16.552 -16.478 -16.198 -16.514 -16.549 -16.472 -16.295 -16.032 -16.514 -16.535 -16.388 -16.204 -15.992 -16.538 -16.397 -16.213 -16.056 -15.978 -16.378 -16.483 -16.31 -15.5 -15.053 -14.503 -16.392
0.521733 -15.492 -15.769 -16.035 -16.457 -16.531 -16.471 -16.149 -16.479 -16.529 -16.465 -16.298 -16.043 -16.478 -16.52 -16.387 -16.21 -16.005 -16.524 -16.396 -16.219 -16.067 -15.99 -16.375 -16.474 -16.312 -15.52 -15.077 -14.531 -16.386
0.537512 -15.387 -15.676 -15.962 -16.416 -16.509 -16.463 -16.098 -16.441 -16.507 -16.457 -16.3 -16.053 -16.439 -16.502 -16.385 -16.216 -16.016 -16.509 -16.394 -16.225 -16.077 -16.001 -16.37 -16.463 -16.313 -15.54 -15.1 -14.558 -16.379
0.553769 -15.278 -15.579 -15.885 -16.372 -16.484 -16.453 -16.045 -16.4 -16.482 -16.448 -16.3 -16.063 -16.398 -16.483 -16.382 -16.221 -16.027 -16.491 -16.39 -16.229 -16.086 -16.012 -16.364 -16.45 -16.313 -15.559 -15.124 -14.585 -16.371
0.570517 -15.165 -15.477 -15.805 -16.325 -16.457 -16.441 -15.99 -16.357 -16.456 -16.436 -16.3 -16.071 -16.354 -16.462 -16.377 -16.225 -16.037 -16.472 -16.385 -16.233 -16.094 -16.022 -16.357 -16.436 -16.312 -15.577 -15.147 -14.612 -16.361
0.587772 -15.048 -15.371 -15.72 -16.276 -16.428 -16.428 -15.933 -16.311 -16.427 -16.423 -16.298 -16.079 -16.307 -16.438 -16.37 -16.227 -16.045 -16.451 -16.379 -16.235 -16.101 -16.031 -16.348 -16.42 -16.309 -15.595 -15.169 -14.638 -16.35
0.605549 -14.926 -15.26 -15.632 -16.223 -16.397 -16.413 -15.874 -16.262 -16.396 -16.408 -16.295 -16.085 -16.257 -16.413 -16.363 -16.229 -16.053 -16.427 -16.371 -16.236 -16.107 -16.039 -16.338 -16.402 -16.305 -15.612 -15.191 -14.664 -16.337
0.623863 -14.8 -15.144 -15.541 -16.167 -16.363 -16.396 -15.814 -16.21 -16.362 -16.392 -16.29 -16.091 -16.204 -16.385 -16.353 -16.229 -16.06 -16.402 -16.361 -16.236 -16.113 -16.047 -16.326 -16.383 -16.3 -15.628 -15.213 -14.69 -16.323
0.642731 -14.67 -15.023 -15.445 -16.108 -16.327 -16.377 -15.751 -16.156 -16.327 -16.374 -16.284 -16.095 -16.148 -16.355 -16.342 -16.227 -16.066 -16.375 -16.35 -16.235 -16.117 -16.054 -16.312 -16.361 -16.293 -15.644 -15.234 -14.715 -16.307
0.66217 -14.535 -14.897 -15.345 -16.046 -16.289 -16.356 -15.686 -16.097 -16.288 -16.353 -16.276 -16.098 -16.089 -16.323 -16.33 -16.225 -16.071 -16.345 -16.337 -16.233 -16.12 -16.059 -16.297 -16.338 -16.285 -15.659 -15.254 -14.74 -16.289
0.682197 -14.396 -14.766 -15.241 -15.98 -16.247 -16.333 -15.619 -16.036 -16.247 -16.331 -16.267 -16.101 -16.027 -16.288 -16.315 -16.221 -16.075 -16.313 -16.323 -16.229 -16.122 -16.064 -16.281 -16.312 -16.275 -15.674 -15.274 -14.765 -16.27
0.70283 -14.252 -14.63 -15.133 -15.911 -16.203 -16.309 -15.55 -15.971 -16.203 -16.306 -16.257 -16.102 -15.961 -16.251 -16.299 -16.216 -16.077 -16.279 -16.307 -16.224 -16.123 -16.068 -16.262 -16.284 -16.263 -15.687 -15.294 -14.789 -16.249
0.724086 -14.104 -14.488 -15.02 -15.838 -16.156 -16.281 -15.478 -15.903 -16.157 -16.28 -16.245 -16.101 -15.891 -16.212 -16.281 -16.209 -16.078 -16.242 -16.289 -16.217 -16.123 -16.072 -16.242 -16.254 -16.25 -15.7 -15.313 -14.813 -16.227
0.745986 -13.952 -14.34 -14.903 -15.761 -16.106 -16.252 -15.404 -15.831 -16.107 -16.251 -16.231 -16.1 -15.818 -16.169 -16.261 -16.201 -16.079 -16.202 -16.269 -16.209 -16.122 -16.074 -16.22 -16.222 -16.235 -15.712 -15.331 -14.836 -16.202
0.768548 -13.794 -14.186 -14.781 -15.681 -16.054 -16.22 -15.329 -15.755 -16.055 -16.22 -16.215 -16.097 -15.741 -16.124 -16.239 -16.191 -16.078 -16.16 -16.247 -16.199 -16.119 -16.075 -16.195 -16.187 -16.219 -15.723 -15.349 -14.859 -16.176
0.791792 -13.633 -14.027 -14.655 -15.596 -15.998 -16.186 -15.25 -15.675 -15.999 -16.186 -16.197 -16.093 -15.66 -16.076 -16.215 -16.18 -16.075 -16.116 -16.223 -16.188 -16.115 -16.075 -16.169 -16.15 -16.2 -15.734 -15.366 -14.882 -16.147
0.815739 -13.467 -13.861 -14.524 -15.507 -15.938 -16.149 -15.17 -15.592 -15.94 -16.15 -16.178 -16.087 -15.575 -16.025 -16.189 -16.166 -16.071 -16.068 -16.197 -16.175 -16.11 -16.073 -16.141 -16.11 -16.18 -15.743 -15.383 -14.904 -16.117
0.840411 -13.297 -13.688 -14.387 -15.414 -15.876 -16.11 -15.087 -15.504 -15.878 -16.111 -16.157 -16.08 -15.485 -15.971 -16.16 -16.152 -16.066 -16.018 -16.169 -16.16 -16.103 -16.071 -16.111 -16.068 -16.157 -15.752 -15.398 -14.925 -16.085
0.865828 -13.123 -13.509 -14.246 -15.316 -15.809 -16.068 -15.002 -15.412 -15.812 -16.07 -16.133 -16.072 -15.391 -15.914 -16.129 -16.135 -16.06 -15.965 -16.138 -16.144 -16.094 -16.067 -16.079 -16.023 -16.133 -15.759 -15.414 -14.947 -16.05
0.892015 -12.945 -13.324 -14.1 -15.214 -15.74 -16.023 -14.914 -15.315 -15.743 -16.026 -16.108 -16.062 -15.293 -15.854 -16.096 -16.116 -16.052 -15.908 -16.105 -16.125 -16.085 -16.062 -16.044 -15.976 -16.106 -15.766 -15.428 -14.967 -16.014
0.918993 -12.764 -13.131 -13.948 -15.107 -15.666 -15.975 -14.823 -15.214 -15.671 -15.979 -16.08 -16.05 -15.19 -15.79 -16.061 -16.096 -16.042 -15.848 -16.07 -16.105 -16.073 -16.056 -16.007 -15.925 -16.077 -15.772 -15.442 -14.988 -15.975
0.946787 -12.58 -12.931 -13.791 -14.995 -15.589 -15.925 -14.73 -15.109 -15.594 -15.929 -16.05 -16.037 -15.083 -15.723 -16.022 -16.073 -16.031 -15.785 -16.032 -16.083 -16.06 -16.048 -15.968 -15.872 -16.046 -15.776 -15.455 -15.007 -15.935
0.975422 -12.393 -12.724 -13.629 -14.878 -15.508 -15.871 -14.635 -14.998 -15.513 -15.876 -16.018 -16.021 -14.97 -15.652 -15.982 -16.048 -16.018 -15.719 -15.992 -16.059 -16.045 -16.039 -15.926 -15.815 -16.013 -15.78 -15.467 -15.027 -15.891
1.004923 -12.204 -12.51 -13.461 -14.756 -15.422 -15.814 -14.537 -14.883 -15.429 -15.82 -15.984 -16.005 -14.852 -15.578 -15.938 -16.021 -16.003 -15.649 -15.949 -16.032 -16.029 -16.029 -15.882 -15.755 -15.977 -15.782 -15.479 -15.045 -15.846
1.035317 -12.014 -12.287 -13.287 -14.629 -15.333 -15.753 -14.436 -14.762 -15.34 -15.76 -15.947 -15.986 -14.729 -15.499 -15.892 -15.992 -15.987 -15.576 -15.903 -16.004 -16.01 -16.016 -15.836 -15.693 -15.939 -15.784 -15.489 -15.064 -15.798
1.066629 -11.824 -12.057 -13.108 -14.496 -15.239 -15.689 -14.332 -14.636 -15.247 -15.698 -15.907 -15.965 -14.601 -15.417 -15.842 -15.961 -15.968 -15.499 -15.854 -15.973 -15.99 -16.003 -15.786 -15.626 -15.898 -15.784 -15.499 -15.081 -15.748
1.098888 -11.634 -11.819 -12.923 -14.358 -15.141 -15.622 -14.225 -14.505 -15.15 -15.631 -15.865 -15.943 -14.467 -15.331 -15.79 -15.927 -15.948 -15.418 -15.802 -15.94 -15.968 -15.987 -15.734 -15.557 -15.854 -15.782 -15.508 -15.098 -15.696
1.132124 -11.446 -11.572 -12.733 -14.213 -15.038 -15.551 -14.116 -14.368 -15.048 -15.562 -15.82 -15.918 -14.328 -15.24 -15.734 -15.891 -15.926 -15.333 -15.747 -15.904 -15.943 -15.97 -15.68 -15.484 -15.808 -15.78 -15.516 -15.115 -15.641
1.166364 -11.261 -11.317 -12.536 -14.063 -14.93 -15.476 -14.003 -14.225 -14.942 -15.488 -15.773 -15.891 -14.182 -15.146 -15.676 -15.852 -15.902 -15.244 -15.689 -15.866 -15.917 -15.951 -15.622 -15.407 -15.759 -15.776 -15.524 -15.131 -15.583
1.20164 -11.08 -11.054 -12.334 -13.907 -14.818 -15.398 -13.887 -14.077 -14.831 -15.411 -15.722 -15.862 -14.031 -15.046 -15.614 -15.811 -15.875 -15.151 -15.628 -15.825 -15.888 -15.931 -15.561 -15.326 -15.707 -15.771 -15.53 -15.146 -15.523
1.237983 -10.904 -10.781 -12.126 -13.744 -14.7 -15.315 -13.769 -13.922 -14.715 -15.33 -15.669 -15.831 -13.873 -14.943 -15.548 -15.766 -15.847 -15.054 -15.564 -15.781 -15.858 -15.908 -15.498 -15.242 -15.652 -15.765 -15.535 -15.161 -15.46
1.275425 -10.736 -10.5 -11.912 -13.575 -14.578 -15.228 -13.647 -13.761 -14.593 -15.244 -15.613 -15.798 -13.709 -14.834 -15.479 -15.719 -15.816 -14.953 -15.496 -15.735 -15.824 -15.883 -15.432 -15.154 -15.594 -15.757 -15.54 -15.175 -15.395
1.313999 -10.576 -10.209 -11.692 -13.399 -14.45 -15.137 -13.522 -13.594 -14.467 -15.155 -15.553 -15.762 -13.538 -14.721 -15.406 -15.669 -15.783 -14.847 -15.424 -15.686 -15.789 -15.857 -15.362 -15.062 -15.533 -15.748 -15.543 -15.188 -15.327
1.35374 -10.425 -9.909 -11.467 -13.217 -14.316 -15.042 -13.393 -13.42 -14.335 -15.061 -15.491 -15.723 -13.36 -14.603 -15.33 -15.617 -15.747 -14.737 -15.349 -15.634 -15.751 -15.828 -15.289 -14.966 -15.468 -15.737 -15.545 -15.201 -15.257
1.394683 -10.284 -9.6 -11.236 -13.027 -14.177 -14.942 -13.261 -13.239 -14.198 -14.963 -15.425 -15.683 -13.176 -14.48 -15.25 -15.561 -15.709 -14.622 -15.27 -15.579 -15.71 -15.797 -15.213 -14.865 -15.4 -15.724 -15.547 -15.213 -15.183
1.436864 -10.154 -9.282 -10.999 -12.83 -14.033 -14.837 -13.126 -13.052 -14.055 -14.861 -15.355 -15.639 -12.984 -14.352 -15.165 -15.501 -15.669 -14.502 -15.187 -15.521 -15.667 -15.764 -15.134 -14.76 -15.329 -15.71 -15.547 -15.224 -15.108
1.480321 -10.035 -8.954 -10.756 -12.626 -13.882 -14.728 -12.987 -12.857 -13.907 -14.754 -15.283 -15.593 -12.785 -14.218 -15.077 -15.439 -15.626 -14.378 -15.1 -15.459 -15.621 -15.729 -15.051 -14.651 -15.254 -15.695 -15.546 -15.235 -15.029
1.525092 -9.927 -8.617 -10.508 -12.415 -13.726 -14.614 -12.845 -12.655 -13.753 -14.642 -15.206 -15.544 -12.579 -14.079 -14.984 -15.373 -15.58 -14.249 -15.009 -15.395 -15.573 -15.692 -14.965 -14.537 -15.175 -15.677 -15.544 -15.245 -14.948
1.571218 -9.829 -8.272 -10.255 -12.195 -13.563 -14.494 -12.699 -12.446 -13.592 -14.525 -15.126 -15.493 -12.365 -13.934 -14.888 -15.304 -15.531 -14.116 -14.914 -15.327 -15.521 -15.651 -14.875 -14.419 -15.093 -15.658 -15.54 -15.254 -14.864
1.618738 -9.741 -7.918 -9.996 -11.968 -13.394 -14.37 -12.55 -12.229 -13.426 -14.403 -15.042 -15.438 -12.143 -13.784 -14.786 -15.231 -15.48 -13.977 -14.815 -15.255 -15.467 -15.609 -14.782 -14.296 -15.007 -15.637 -15.536 -15.263 -14.777
1.667696 -9.661 -7.558 -9.733 -11.732 -13.218 -14.24 -12.396 -12.004 -13.253 -14.276 -14.955 -15.381 -11.913 -13.627 -14.68 -15.154 -15.425 -13.834 -14.712 -15.18 -15.409 -15.564 -14.685 -14.168 -14.917 -15.614 -15.53 -15.27 -14.688
1.718134 -9.589 -7.191 -9.464 -11.488 -13.036 -14.105 -12.239 -11.771 -13.074 -14.144 -14.863 -15.32 -11.674 -13.465 -14.57 -15.074 -15.368 -13.685 -14.604 -15.101 -15.349 -15.516 -14.584 -14.035 -14.824 -15.589 -15.523 -15.277 -14.596
1.770098 -9.523 -6.821 -9.191 -11.236 -12.846 -13.964 -12.078 -11.529 -12.888 -14.006 -14.768 -15.257 -11.427 -13.297 -14.454 -14.99 -15.307 -13.532 -14.492 -15.019 -15.285 -15.466 -14.479 -13.897 -14.726 -15.562 -15.515 -15.283 -14.502
1.823633 -9.463 -6.45 -8.913 -10.975 -12.65 -13.818 -11.914 -11.28 -12.695 -13.863 -14.668 -15.19 -11.172 -13.122 -14.334 -14.902 -15.243 -13.375 -14.375 -14.932 -15.218 -15.413 -14.37 -13.754 -14.624 -15.534 -15.505 -15.289 -14.405
1.878788 -9.407 -6.083 -8.631 -10.705 -12.447 -13.666 -11.745 -11.021 -12.496 -13.714 -14.565 -15.12 -10.907 -12.941 -14.209 -14.81 -15.176 -13.213 -14.253 -14.842 -15.148 -15.357 -14.258 -13.606 -14.517 -15.503 -15.494 -15.293 -14.305
1.93561 -9.355 -5.725 -8.345 -10.426 -12.237 -13.507 -11.572 -10.754 -12.289 -13.559 -14.457 -15.046 -10.634 -12.753 -14.079 -14.713 -15.106 -13.046 -14.127 -14.748 -15.074 -15.298 -14.141 -13.452 -14.406 -15.47 -15.481 -15.297 -14.203
1.994152 -9.306 -5.383 -8.054 -10.137 -12.019 -13.343 -11.396 -10.478 -12.076 -13.399 -14.344 -14.969 -10.351 -12.558 -13.943 -14.613 -15.032 -12.876 -13.995 -14.649 -14.997 -15.237 -14.02 -13.293 -14.291 -15.434 -15.467 -15.299 -14.099
2.054463 -9.259 -5.065 -7.76 -9.839 -11.793 -13.172 -11.215 -10.193 -11.855 -13.232 -14.227 -14.889 -10.058 -12.357 -13.802 -14.508 -14.955 -12.702 -13.859 -14.547 -14.916 -15.172 -13.895 -13.128 -14.172 -15.397 -15.451 -15.301 -13.993
2.116599 -9.214 -4.779 -7.461 -9.532 -11.56 -12.995 -11.031 -9.898 -11.626 -13.059 -14.106 -14.805 -9.756 -12.149 -13.655 -14.398 -14.874 -12.524 -13.719 -14.44 -14.831 -15.104 -13.766 -12.958 -14.047 -15.357 -15.434 -15.302 -13.885
2.180614 -9.171 -4.53 -7.159 -9.214 -11.318 -12.811 -10.842 -9.593 -11.39 -12.88 -13.98 -14.717 -9.444 -11.933 -13.503 -14.284 -14.789 -12.344 -13.573 -14.328 -14.743 -15.034 -13.632 -12.781 -13.918 -15.315 -15.416 -15.302 -13.775
2.246566 -9.128 -4.321 -6.852 -8.886 -11.069 -12.621 -10.65 -9.279 -11.147 -12.695 -13.849 -14.626 -9.122 -11.71 -13.345 -14.166 -14.701 -12.162 -13.422 -14.213 -14.65 -14.96 -13.493 -12.599 -13.784 -15.27 -15.396 -15.302 -13.663
2.314511 -9.087 -4.151 -6.542 -8.547 -10.811 -12.424 -10.454 -8.955 -10.895 -12.503 -13.714 -14.531 -8.789 -11.48 -13.181 -14.042 -14.608 -11.978 -13.267 -14.092 -14.554 -14.883 -13.35 -12.411 -13.646 -15.223 -15.374 -15.3 -13.55
2.384512 -9.045 -4.016 -6.227 -8.198 -10.544 -12.219 -10.254 -8.62 -10.635 -12.304 -13.574 -14.432 -8.445 -11.242 -13.011 -13.914 -14.512 -11.794 -13.106 -13.968 -14.454 -14.803 -13.203 -12.217 -13.502 -15.173 -15.35 -15.297 -13.436
2.45663 -9.005 -3.909 -5.909 -7.838 -10.269 -12.008 -10.05 -8.274 -10.367 -12.099 -13.428 -14.329 -8.091 -10.996 -12.835 -13.78 -14.412 -11.612 -12.941 -13.838 -14.35 -14.719 -13.05 -12.016 -13.353 -15.121 -15.325 -15.293 -13.321
2.530929 -8.964 -3.824 -5.586 -7.467 -9.985 -11.789 -9.843 -7.918 -10.091 -11.886 -13.278 -14.222 -7.725 -10.742 -12.653 -13.642 -14.307 -11.431 -12.772 -13.704 -14.242 -14.632 -12.893 -11.809 -13.199 -15.065 -15.298 -15.289 -13.205
2.607475 -8.923 -3.755 -5.258 -7.085 -9.693 -11.562 -9.633 -7.551 -9.806 -11.666 -13.122 -14.111 -7.348 -10.48 -12.464 -13.498 -14.199 -11.253 -12.598 -13.565 -14.129 -14.542 -12.731 -11.596 -13.04 -15.008 -15.269 -15.283 -13.088
2.686337 -8.883 -3.695 -4.925 -6.691 -9.39 -11.328 -9.42 -7.173 -9.513 -11.44 -12.961 -13.995 -6.96 -10.21 -12.268 -13.349 -14.086 -11.081 -12.419 -13.422 -14.012 -14.449 -12.564 -11.376 -12.875 -14.947 -15.239 -15.276 -12.972
2.767583 -8.841 -3.643 -4.609 -6.311 -9.098 -11.1 -9.216 -6.808 -9.229 -11.219 -12.804 -13.88 -6.585 -9.949 -12.077 -13.202 -13.973 -10.923 -12.247 -13.281 -13.896 -14.355 -12.4 -11.162 -12.714 -14.884 -15.204 -15.265 -12.86
2.851287 -8.783 -3.584 -4.55 -6.253 -9.04 -11.042 -9.157 -6.75 -9.171 -11.16 -12.745 -13.822 -6.527 -9.89 -12.019 -13.143 -13.914 -10.865 -12.188 -13.222 -13.838 -14.297 -12.342 -11.103 -12.655 -14.825 -15.146 -15.206 -12.802
2.937522 -8.724 -3.526 -4.492 -6.194 -8.981 -10.983 -9.099 -6.691 -9.112 -11.102 -12.687 -13.764 -6.469 -9.832 -11.96 -13.085 -13.856 -10.806 -12.13 -13.164 -13.779 -14.238 -12.283 -11.045 -12.597 -14.767 -15.087 -15.148 -12.743
3.026365 -8.666 -3.467 -4.433 -6.136 -8.923 -10.925 -9.041 -6.633 -9.054 -11.043 -12.628 -13.705 -6.41 -9.773 -11.902 -13.027 -13.797 -10.748 -12.071 -13.105 -13.721 -14.18 -12.225 -10.987 -12.539 -14.709 -15.029 -15.09 -12.685
3.117896 -8.608 -3.409 -4.375 -6.078 -8.865 -10.867 -8.982 -6.575 -8.996 -10.985 -12.57 -13.647 -6.352 -9.715 -11.844 -12.968 -13.739 -10.69 -12.013 -13.047 -13.663 -14.122 -12.167 -10.928 -12.48 -14.65 -14.971 -15.031 -12.627
