web/models/kne.last_good/kappa_0.5_3.0.v2/11/villar_0.1775_0.3903_0.5000.dat
# %ECSV 1.0
# ---
# datatype:
# - {name: time, datatype: float64}
# - {name: swift_uvot_uvw2, datatype: float64}
# - {name: swift_uvot_uvm2, datatype: float64}
# - {name: swift_uvot_uvw1, datatype: float64}
# - {name: swift_uvot_U, datatype: float64}
# - {name: swift_uvot_B, datatype: float64}
# - {name: swift_uvot_V, datatype: float64}
# - {name: swift_uvot_W, datatype: float64}
# - {name: johnson_U, datatype: float64}
# - {name: johnson_B, datatype: float64}
# - {name: johnson_V, datatype: float64}
# - {name: johnson_R, datatype: float64}
# - {name: johnson_I, datatype: float64}
# - {name: sdss_u, datatype: float64}
# - {name: sdss_g, datatype: float64}
# - {name: sdss_r, datatype: float64}
# - {name: sdss_i, datatype: float64}
# - {name: sdss_z, datatype: float64}
# - {name: PS1_g, datatype: float64}
# - {name: PS1_r, datatype: float64}
# - {name: PS1_i, datatype: float64}
# - {name: PS1_z, datatype: float64}
# - {name: PS1_Y, datatype: float64}
# - {name: PS1_w, datatype: float64}
# - {name: ATLAS_c, datatype: float64}
# - {name: ATLAS_o, datatype: float64}
# - {name: ukirt_J, datatype: float64}
# - {name: ukirt_H, datatype: float64}
# - {name: ukirt_K, datatype: float64}
# - {name: Clear, datatype: float64}
# meta: !!omap
# - comment: [kappa = 0.5, type = villar, mass = 0.1774768329891343, velocity = 0.3903333333333333, theta_obs = 0.0, tfloor = 2500.0]
# schema: astropy-2.0
time swift_uvot_uvw2 swift_uvot_uvm2 swift_uvot_uvw1 swift_uvot_U swift_uvot_B swift_uvot_V swift_uvot_W johnson_U johnson_B johnson_V johnson_R johnson_I sdss_u sdss_g sdss_r sdss_i sdss_z PS1_g PS1_r PS1_i PS1_z PS1_Y PS1_w ATLAS_c ATLAS_o ukirt_J ukirt_H ukirt_K Clear
[from data line 270]
3.117896 -13.536 -13.371 -14.742 -16.377 -17.351 -17.979 -16.419 -16.558 -17.366 -17.994 -18.345 -18.516 -16.508 -17.599 -18.219 -18.446 -18.532 -17.713 -18.235 -18.461 -18.542 -18.596 -18.17 -17.906 -18.327 -18.459 -18.234 -17.863 -18.133
3.212194 -13.523 -13.321 -14.713 -16.364 -17.353 -17.993 -16.422 -16.547 -17.368 -18.009 -18.369 -18.548 -16.496 -17.606 -18.239 -18.473 -18.565 -17.722 -18.255 -18.489 -18.574 -18.631 -18.191 -17.92 -18.351 -18.5 -18.279 -17.911 -18.154
3.309345 -13.516 -13.276 -14.691 -16.355 -17.359 -18.01 -16.428 -16.541 -17.375 -18.027 -18.396 -18.581 -16.488 -17.616 -18.262 -18.503 -18.6 -17.735 -18.278 -18.519 -18.608 -18.668 -18.214 -17.936 -18.377 -18.542 -18.325 -17.96 -18.178
3.409434 -13.514 -13.238 -14.673 -16.35 -17.368 -18.03 -16.438 -16.539 -17.384 -18.047 -18.425 -18.617 -16.485 -17.629 -18.287 -18.534 -18.636 -17.75 -18.304 -18.55 -18.644 -18.706 -18.24 -17.956 -18.405 -18.585 -18.371 -18.01 -18.204
3.51255 -13.518 -13.207 -14.661 -16.35 -17.381 -18.053 -16.451 -16.541 -17.397 -18.07 -18.456 -18.655 -16.486 -17.646 -18.314 -18.568 -18.674 -17.769 -18.332 -18.584 -18.682 -18.746 -18.269 -17.978 -18.436 -18.63 -18.42 -18.061 -18.233
3.618785 -13.528 -13.183 -14.655 -16.355 -17.397 -18.079 -16.469 -16.548 -17.414 -18.096 -18.49 -18.694 -16.492 -17.666 -18.345 -18.604 -18.715 -17.791 -18.362 -18.621 -18.721 -18.788 -18.3 -18.004 -18.469 -18.676 -18.469 -18.113 -18.265
3.728232 -13.543 -13.167 -14.655 -16.365 -17.418 -18.108 -16.49 -16.56 -17.436 -18.126 -18.526 -18.736 -16.504 -17.691 -18.378 -18.643 -18.757 -17.817 -18.396 -18.66 -18.763 -18.832 -18.334 -18.033 -18.505 -18.724 -18.52 -18.166 -18.3
3.84099 -13.563 -13.159 -14.662 -16.38 -17.443 -18.141 -16.516 -16.577 -17.461 -18.159 -18.565 -18.78 -16.52 -17.719 -18.415 -18.684 -18.802 -17.847 -18.433 -18.701 -18.807 -18.878 -18.371 -18.065 -18.544 -18.773 -18.572 -18.22 -18.337
3.957158 -13.589 -13.159 -14.675 -16.401 -17.473 -18.177 -16.547 -16.599 -17.491 -18.196 -18.607 -18.827 -16.542 -17.751 -18.455 -18.728 -18.849 -17.88 -18.473 -18.745 -18.854 -18.926 -18.412 -18.101 -18.586 -18.825 -18.626 -18.275 -18.378
4.07684 -13.621 -13.168 -14.695 -16.428 -17.507 -18.217 -16.582 -16.627 -17.525 -18.236 -18.653 -18.875 -16.569 -17.788 -18.498 -18.775 -18.898 -17.918 -18.516 -18.792 -18.903 -18.976 -18.455 -18.141 -18.631 -18.878 -18.681 -18.332 -18.422
4.200141 -13.658 -13.186 -14.722 -16.46 -17.546 -18.261 -16.622 -16.661 -17.565 -18.28 -18.701 -18.927 -16.602 -17.829 -18.544 -18.824 -18.95 -17.96 -18.562 -18.841 -18.954 -19.029 -18.502 -18.185 -18.679 -18.933 -18.738 -18.39 -18.469
4.327172 -13.701 -13.212 -14.757 -16.5 -17.591 -18.309 -16.666 -16.701 -17.609 -18.329 -18.752 -18.981 -16.642 -17.875 -18.594 -18.877 -19.004 -18.007 -18.613 -18.894 -19.008 -19.084 -18.553 -18.233 -18.73 -18.99 -18.796 -18.449 -18.52
4.458044 -13.749 -13.249 -14.799 -16.545 -17.64 -18.362 -16.716 -16.747 -17.659 -18.381 -18.807 -19.038 -16.688 -17.925 -18.648 -18.932 -19.061 -18.058 -18.667 -18.95 -19.065 -19.142 -18.607 -18.286 -18.785 -19.048 -18.856 -18.51 -18.574
4.592874 -13.804 -13.296 -14.849 -16.597 -17.695 -18.418 -16.771 -16.8 -17.714 -18.438 -18.866 -19.097 -16.741 -17.981 -18.706 -18.991 -19.121 -18.114 -18.724 -19.008 -19.125 -19.202 -18.665 -18.342 -18.843 -19.109 -18.917 -18.572 -18.632
4.731783 -13.864 -13.352 -14.908 -16.657 -17.755 -18.479 -16.832 -16.86 -17.774 -18.499 -18.928 -19.16 -16.8 -18.041 -18.767 -19.053 -19.183 -18.175 -18.786 -19.071 -19.187 -19.264 -18.726 -18.403 -18.905 -19.172 -18.981 -18.636 -18.694
4.874892 -13.93 -13.419 -14.974 -16.723 -17.821 -18.545 -16.898 -16.926 -17.84 -18.565 -18.993 -19.225 -16.866 -18.107 -18.833 -19.119 -19.249 -18.241 -18.852 -19.136 -19.253 -19.33 -18.792 -18.469 -18.97 -19.238 -19.046 -18.701 -18.759
5.02233 -14.002 -13.497 -15.049 -16.797 -17.893 -18.616 -16.969 -16.999 -17.912 -18.635 -19.062 -19.293 -16.94 -18.179 -18.903 -19.188 -19.317 -18.312 -18.921 -19.205 -19.321 -19.398 -18.862 -18.54 -19.04 -19.305 -19.113 -18.767 -18.829
5.174227 -14.08 -13.586 -15.133 -16.878 -17.971 -18.691 -17.047 -17.08 -17.989 -18.71 -19.135 -19.365 -17.02 -18.255 -18.977 -19.26 -19.388 -18.388 -18.995 -19.277 -19.392 -19.468 -18.935 -18.615 -19.113 -19.375 -19.181 -18.836 -18.902
5.330718 -14.166 -13.686 -15.226 -16.966 -18.055 -18.771 -17.13 -17.167 -18.073 -18.79 -19.212 -19.44 -17.109 -18.338 -19.055 -19.336 -19.463 -18.469 -19.073 -19.353 -19.467 -19.542 -19.013 -18.695 -19.19 -19.447 -19.252 -18.905 -18.98
5.491942 -14.257 -13.797 -15.328 -17.063 -18.145 -18.856 -17.219 -17.263 -18.163 -18.875 -19.293 -19.517 -17.204 -18.426 -19.138 -19.416 -19.54 -18.557 -19.156 -19.433 -19.545 -19.619 -19.096 -18.781 -19.271 -19.521 -19.325 -18.977 -19.062
5.658042 -14.356 -13.92 -15.439 -17.167 -18.241 -18.947 -17.315 -17.365 -18.259 -18.965 -19.379 -19.599 -17.308 -18.52 -19.225 -19.499 -19.621 -18.649 -19.243 -19.516 -19.626 -19.698 -19.182 -18.871 -19.357 -19.598 -19.4 -19.05 -19.149
5.829166 -14.463 -14.055 -15.559 -17.279 -18.344 -19.042 -17.417 -17.476 -18.361 -19.06 -19.468 -19.683 -17.419 -18.62 -19.317 -19.587 -19.705 -18.748 -19.335 -19.604 -19.71 -19.781 -19.273 -18.967 -19.446 -19.677 -19.476 -19.124 -19.239
6.005465 -14.577 -14.201 -15.689 -17.399 -18.453 -19.143 -17.525 -17.594 -18.47 -19.161 -19.561 -19.771 -17.538 -18.725 -19.413 -19.678 -19.792 -18.852 -19.431 -19.694 -19.798 -19.867 -19.369 -19.067 -19.54 -19.759 -19.555 -19.201 -19.334
6.187096 -14.7 -14.36 -15.829 -17.528 -18.569 -19.249 -17.64 -17.72 -18.585 -19.266 -19.659 -19.862 -17.665 -18.837 -19.514 -19.773 -19.883 -18.961 -19.532 -19.789 -19.889 -19.956 -19.469 -19.174 -19.638 -19.843 -19.636 -19.279 -19.434
6.37422 -14.831 -14.531 -15.979 -17.664 -18.691 -19.36 -17.761 -17.854 -18.707 -19.377 -19.76 -19.957 -17.8 -18.955 -19.62 -19.872 -19.977 -19.077 -19.637 -19.888 -19.984 -20.047 -19.574 -19.285 -19.74 -19.93 -19.719 -19.359 -19.538
6.567004 -14.971 -14.713 -16.138 -17.809 -18.819 -19.476 -17.889 -17.996 -18.835 -19.493 -19.866 -20.055 -17.943 -19.079 -19.73 -19.974 -20.074 -19.198 -19.747 -19.99 -20.082 -20.143 -19.683 -19.402 -19.847 -20.019 -19.804 -19.441 -19.647
6.765619 -15.121 -14.908 -16.307 -17.962 -18.955 -19.598 -18.024 -18.146 -18.97 -19.614 -19.976 -20.157 -18.094 -19.209 -19.845 -20.081 -20.174 -19.326 -19.862 -20.097 -20.183 -20.241 -19.797 -19.524 -19.958 -20.111 -19.891 -19.524 -19.761
6.97024 -15.281 -15.116 -16.487 -18.122 -19.097 -19.725 -18.165 -18.303 -19.111 -19.74 -20.091 -20.262 -18.253 -19.344 -19.965 -20.192 -20.278 -19.459 -19.981 -20.207 -20.288 -20.342 -19.916 -19.652 -20.073 -20.206 -19.981 -19.61 -19.879
7.181051 -15.452 -15.335 -16.676 -18.292 -19.245 -19.857 -18.313 -18.469 -19.259 -19.872 -20.21 -20.37 -18.42 -19.486 -20.09 -20.307 -20.386 -19.598 -20.105 -20.321 -20.397 -20.447 -20.039 -19.785 -20.193 -20.303 -20.072 -19.697 -20.002
7.398237 -15.634 -15.567 -16.875 -18.469 -19.4 -19.995 -18.469 -18.642 -19.413 -20.009 -20.333 -20.482 -18.595 -19.634 -20.219 -20.425 -20.497 -19.742 -20.234 -20.44 -20.509 -20.555 -20.167 -19.923 -20.317 -20.403 -20.166 -19.787 -20.129
7.621991 -15.828 -15.81 -17.085 -18.654 -19.561 -20.138 -18.631 -18.823 -19.574 -20.151 -20.46 -20.598 -18.777 -19.788 -20.352 -20.548 -20.611 -19.893 -20.367 -20.562 -20.624 -20.666 -20.3 -20.067 -20.445 -20.505 -20.263 -19.878 -20.262
7.852513 -16.035 -16.065 -17.305 -18.847 -19.729 -20.286 -18.8 -19.011 -19.741 -20.298 -20.592 -20.717 -18.967 -19.948 -20.491 -20.674 -20.728 -20.049 -20.505 -20.688 -20.743 -20.78 -20.437 -20.216 -20.577 -20.61 -20.361 -19.971 -20.399
8.090007 -16.254 -16.332 -17.534 -19.048 -19.902 -20.439 -18.976 -19.207 -19.914 -20.45 -20.727 -20.839 -19.165 -20.114 -20.633 -20.804 -20.849 -20.211 -20.647 -20.817 -20.865 -20.897 -20.579 -20.37 -20.714 -20.718 -20.462 -20.067 -20.54
8.334684 -16.487 -16.61 -17.773 -19.256 -20.082 -20.597 -19.159 -19.41 -20.093 -20.607 -20.867 -20.965 -19.37 -20.285 -20.781 -20.938 -20.973 -20.378 -20.793 -20.951 -20.991 -21.018 -20.726 -20.529 -20.855 -20.828 -20.565 -20.164 -20.687
8.586761 -16.733 -16.9 -18.022 -19.471 -20.268 -20.759 -19.35 -19.621 -20.277 -20.769 -21.011 -21.094 -19.582 -20.462 -20.932 -21.075 -21.101 -20.551 -20.944 -21.088 -21.12 -21.142 -20.877 -20.693 -20.999 -20.942 -20.671 -20.263 -20.838
8.846461 -16.993 -17.2 -18.28 -19.694 -20.459 -20.927 -19.547 -19.838 -20.468 -20.935 -21.158 -21.227 -19.802 -20.644 -21.088 -21.217 -21.231 -20.728 -21.1 -21.229 -21.252 -21.268 -21.032 -20.862 -21.148 -21.057 -20.778 -20.365 -20.993
9.114017 -17.266 -17.51 -18.548 -19.924 -20.656 -21.098 -19.751 -20.062 -20.664 -21.106 -21.31 -21.363 -20.027 -20.831 -21.247 -21.361 -21.365 -20.911 -21.259 -21.373 -21.387 -21.398 -21.191 -21.036 -21.301 -21.175 -20.888 -20.468 -21.153
9.389664 -17.553 -17.831 -18.824 -20.16 -20.858 -21.275 -19.963 -20.292 -20.866 -21.282 -21.465 -21.501 -20.259 -21.023 -21.411 -21.509 -21.502 -21.099 -21.422 -21.521 -21.526 -21.531 -21.355 -21.214 -21.457 -21.296 -21.001 -20.574 -21.318
9.673648 -17.854 -18.161 -19.109 -20.402 -21.066 -21.455 -20.181 -20.528 -21.072 -21.461 -21.624 -21.643 -20.498 -21.22 -21.579 -21.661 -21.642 -21.291 -21.589 -21.672 -21.667 -21.667 -21.523 -21.397 -21.617 -21.42 -21.116 -20.682 -21.487
9.966221 -18.168 -18.5 -19.402 -20.65 -21.278 -21.639 -20.405 -20.769 -21.283 -21.644 -21.786 -21.788 -20.742 -21.422 -21.75 -21.816 -21.784 -21.488 -21.76 -21.826 -21.812 -21.806 -21.694 -21.584 -21.781 -21.546 -21.233 -20.792 -21.66
10.267642 -18.495 -18.848 -19.703 -20.903 -21.494 -21.827 -20.637 -21.016 -21.499 -21.832 -21.951 -21.936 -20.991 -21.627 -21.924 -21.973 -21.93 -21.689 -21.934 -21.983 -21.959 -21.947 -21.87 -21.775 -21.947 -21.674 -21.352 -20.904 -21.836
10.57818 -18.834 -19.203 -20.012 -21.162 -21.715 -22.019 -20.875 -21.268 -21.719 -22.022 -22.12 -22.087 -21.245 -21.837 -22.102 -22.134 -22.078 -21.894 -22.111 -22.143 -22.11 -22.092 -22.049 -21.969 -22.117 -21.805 -21.473 -21.018 -22.017
10.89811 -19.184 -19.566 -20.327 -21.425 -21.94 -22.214 -21.12 -21.525 -21.943 -22.216 -22.291 -22.24 -21.503 -22.05 -22.283 -22.297 -22.229 -22.103 -22.292 -22.307 -22.263 -22.239 -22.231 -22.167 -22.29 -21.938 -21.597 -21.134 -22.202
11.227716 -19.545 -19.935 -20.649 -21.693 -22.168 -22.412 -21.371 -21.785 -22.17 -22.413 -22.466 -22.396 -21.766 -22.267 -22.467 -22.464 -22.382 -22.315 -22.475 -22.472 -22.418 -22.388 -22.417 -22.369 -22.466 -22.074 -21.723 -21.253 -22.39
11.56729 -19.916 -20.309 -20.976 -21.964 -22.399 -22.613 -21.628 -22.05 -22.401 -22.613 -22.643 -22.554 -22.032 -22.487 -22.653 -22.632 -22.538 -22.53 -22.662 -22.641 -22.576 -22.541 -22.606 -22.573 -22.645 -22.212 -21.852 -21.374 -22.581
11.917135 -20.296 -20.689 -21.309 -22.239 -22.633 -22.816 -21.891 -22.317 -22.634 -22.816 -22.823 -22.715 -22.302 -22.71 -22.842 -22.803 -22.697 -22.748 -22.85 -22.812 -22.737 -22.695 -22.797 -22.781 -22.826 -22.352 -21.982 -21.496 -22.776
12.277561 -20.683 -21.073 -21.646 -22.516 -22.87 -23.021 -22.161 -22.587 -22.87 -23.02 -23.005 -22.878 -22.574 -22.935 -23.033 -22.977 -22.857 -22.969 -23.041 -22.985 -22.9 -22.853 -22.991 -22.99 -23.009 -22.494 -22.115 -21.622 -22.973
12.648887 -21.078 -21.46 -21.986 -22.795 -23.108 -23.229 -22.435 -22.859 -23.108 -23.227 -23.189 -23.043 -22.848 -23.162 -23.227 -23.152 -23.02 -23.191 -23.234 -23.16 -23.065 -23.012 -23.188 -23.202 -23.195 -22.639 -22.25 -21.749 -23.173
13.031444 -21.479 -21.85 -22.33 -23.077 -23.348 -23.438 -22.715 -23.133 -23.348 -23.436 -23.375 -23.21 -23.124 -23.391 -23.422 -23.33 -23.184 -23.416 -23.43 -23.337 -23.232 -23.175 -23.387 -23.416 -23.382 -22.786 -22.388 -21.879 -23.376
13.425571 -21.884 -22.241 -22.677 -23.359 -23.59 -23.649 -23.0 -23.408 -23.589 -23.646 -23.563 -23.379 -23.401 -23.621 -23.618 -23.509 -23.351 -23.642 -23.626 -23.517 -23.401 -23.339 -23.587 -23.632 -23.572 -22.934 -22.527 -22.01 -23.581
13.831619 -22.292 -22.634 -23.024 -23.642 -23.833 -23.861 -23.29 -23.684 -23.832 -23.857 -23.752 -23.55 -23.679 -23.853 -23.817 -23.69 -23.52 -23.869 -23.825 -23.697 -23.572 -23.506 -23.79 -23.849 -23.762 -23.085 -22.669 -22.144 -23.787
14.249947 -22.703 -23.026 -23.373 -23.925 -24.076 -24.074 -23.584 -23.961 -24.075 -24.07 -23.943 -23.723 -23.956 -24.086 -24.016 -23.872 -23.69 -24.098 -24.024 -23.88 -23.746 -23.675 -23.994 -24.067 -23.955 -23.238 -22.812 -22.281 -23.996
14.680926 -23.116 -23.416 -23.722 -24.208 -24.32 -24.288 -23.881 -24.237 -24.318 -24.283 -24.136 -23.897 -24.234 -24.319 -24.217 -24.056 -23.862 -24.327 -24.225 -24.064 -23.921 -23.847 -24.199 -24.286 -24.148 -23.393 -22.958 -22.419 -24.206
15.124941 -23.529 -23.805 -24.071 -24.491 -24.563 -24.503 -24.183 -24.512 -24.561 -24.497 -24.329 -24.073 -24.511 -24.552 -24.418 -24.241 -24.035 -24.556 -24.427 -24.25 -24.097 -24.021 -24.406 -24.506 -24.343 -23.55 -23.106 -22.56 -24.417
15.582385 -23.94 -24.192 -24.418 -24.772 -24.807 -24.718 -24.487 -24.787 -24.804 -24.711 -24.524 -24.251 -24.787 -24.785 -24.621 -24.428 -24.21 -24.786 -24.63 -24.437 -24.276 -24.197 -24.614 -24.726 -24.539 -23.709 -23.257 -22.704 -24.63
16.053663 -24.35 -24.574 -24.763 -25.051 -25.05 -24.933 -24.793 -25.06 -25.047 -24.926 -24.719 -24.43 -25.061 -25.018 -24.824 -24.615 -24.387 -25.016 -24.834 -24.626 -24.456 -24.376 -24.822 -24.946 -24.736 -23.87 -23.409 -22.849 -24.843
16.539195 -24.757 -24.953 -25.106 -25.329 -25.292 -25.149 -25.101 -25.331 -25.289 -25.141 -24.916 -24.61 -25.334 -25.251 -25.027 -24.804 -24.565 -25.246 -25.038 -24.815 -24.639 -24.557 -25.031 -25.167 -24.934 -24.033 -23.564 -22.997 -25.058
17.039412 -25.16 -25.326 -25.445 -25.605 -25.533 -25.364 -25.41 -25.601 -25.53 -25.357 -25.113 -24.792 -25.604 -25.484 -25.232 -24.994 -24.745 -25.475 -25.244 -25.006 -24.823 -24.742 -25.241 -25.388 -25.132 -24.198 -23.721 -23.148 -25.272
17.554757 -25.559 -25.694 -25.781 -25.878 -25.773 -25.58 -25.72 -25.868 -25.77 -25.572 -25.311 -24.975 -25.873 -25.715 -25.436 -25.185 -24.926 -25.704 -25.449 -25.199 -25.009 -24.929 -25.451 -25.608 -25.331 -24.365 -23.88 -23.301 -25.487
18.085689 -25.952 -26.056 -26.112 -26.149 -26.012 -25.795 -26.029 -26.134 -26.009 -25.787 -25.51 -25.16 -26.139 -25.946 -25.641 -25.377 -25.108 -25.933 -25.656 -25.393 -25.197 -25.12 -25.662 -25.829 -25.531 -24.534 -24.042 -23.456 -25.703
18.632678 -26.339 -26.411 -26.439 -26.416 -26.25 -26.011 -26.338 -26.396 -26.247 -26.002 -25.71 -25.346 -26.402 -26.176 -25.847 -25.57 -25.292 -26.162 -25.863 -25.588 -25.387 -25.315 -25.873 -26.049 -25.732 -24.705 -24.206 -23.614 -25.919
19.196211 -26.72 -26.759 -26.761 -26.681 -26.487 -26.226 -26.645 -26.656 -26.483 -26.217 -25.91 -25.533 -26.663 -26.406 -26.053 -25.764 -25.477 -26.39 -26.071 -25.785 -25.58 -25.514 -26.084 -26.269 -25.933 -24.878 -24.372 -23.775 -26.135
19.776787 -27.094 -27.1 -27.078 -26.944 -26.722 -26.441 -26.95 -26.914 -26.718 -26.432 -26.111 -25.722 -26.921 -26.634 -26.259 -25.959 -25.664 -26.617 -26.28 -25.984 -25.775 -25.718 -26.295 -26.488 -26.135 -25.053 -24.541 -23.939 -26.351
20.374923 -27.461 -27.434 -27.39 -27.203 -26.956 -26.656 -27.252 -27.169 -26.953 -26.647 -26.313 -25.912 -27.177 -26.862 -26.466 -26.155 -25.853 -26.845 -26.491 -26.185 -25.974 -25.927 -26.507 -26.708 -26.338 -25.231 -24.712 -24.105 -26.567
20.991149 -27.822 -27.761 -27.696 -27.46 -27.189 -26.872 -27.551 -27.421 -27.186 -26.862 -26.516 -26.104 -27.43 -27.089 -26.673 -26.353 -26.043 -27.072 -26.702 -26.387 -26.175 -26.143 -26.719 -26.927 -26.541 -25.41 -24.886 -24.274 -26.784
21.626011 -28.176 -28.081 -27.996 -27.714 -27.421 -27.087 -27.847 -27.672 -27.418 -27.077 -26.72 -26.297 -27.68 -27.315 -26.882 -26.551 -26.235 -27.3 -26.915 -26.593 -26.381 -26.366 -26.932 -27.146 -26.746 -25.593 -25.063 -24.446 -27.001
22.280075 -28.524 -28.394 -28.292 -27.965 -27.652 -27.303 -28.139 -27.92 -27.649 -27.292 -26.925 -26.493 -27.929 -27.541 -27.091 -26.752 -26.429 -27.529 -27.13 -26.801 -26.591 -26.597 -27.146 -27.366 -26.951 -25.777 -25.243 -24.621 -27.218
