web/models/kne.last_good/kappa_0.5_3.0.v2/11/villar_0.1173_0.4217_0.5000.dat
# %ECSV 1.0
# ---
# datatype:
# - {name: time, datatype: float64}
# - {name: swift_uvot_uvw2, datatype: float64}
# - {name: swift_uvot_uvm2, datatype: float64}
# - {name: swift_uvot_uvw1, datatype: float64}
# - {name: swift_uvot_U, datatype: float64}
# - {name: swift_uvot_B, datatype: float64}
# - {name: swift_uvot_V, datatype: float64}
# - {name: swift_uvot_W, datatype: float64}
# - {name: johnson_U, datatype: float64}
# - {name: johnson_B, datatype: float64}
# - {name: johnson_V, datatype: float64}
# - {name: johnson_R, datatype: float64}
# - {name: johnson_I, datatype: float64}
# - {name: sdss_u, datatype: float64}
# - {name: sdss_g, datatype: float64}
# - {name: sdss_r, datatype: float64}
# - {name: sdss_i, datatype: float64}
# - {name: sdss_z, datatype: float64}
# - {name: PS1_g, datatype: float64}
# - {name: PS1_r, datatype: float64}
# - {name: PS1_i, datatype: float64}
# - {name: PS1_z, datatype: float64}
# - {name: PS1_Y, datatype: float64}
# - {name: PS1_w, datatype: float64}
# - {name: ATLAS_c, datatype: float64}
# - {name: ATLAS_o, datatype: float64}
# - {name: ukirt_J, datatype: float64}
# - {name: ukirt_H, datatype: float64}
# - {name: ukirt_K, datatype: float64}
# - {name: Clear, datatype: float64}
# meta: !!omap
# - comment: [kappa = 0.5, type = villar, mass = 0.11727632184323686, velocity = 0.4216666666666667, theta_obs = 0.0, tfloor = 2500.0]
# schema: astropy-2.0
time swift_uvot_uvw2 swift_uvot_uvm2 swift_uvot_uvw1 swift_uvot_U swift_uvot_B swift_uvot_V swift_uvot_W johnson_U johnson_B johnson_V johnson_R johnson_I sdss_u sdss_g sdss_r sdss_i sdss_z PS1_g PS1_r PS1_i PS1_z PS1_Y PS1_w ATLAS_c ATLAS_o ukirt_J ukirt_H ukirt_K Clear
0.001 -19.505 -16.0 -12.814 -12.09 -11.596 -11.107 -12.679 -12.014 -11.593 -11.095 -10.63 -10.107 -12.026 -11.439 -10.832 -10.412 -10.029 -16.557 -16.349 -16.368 -16.78 -17.771 -10.931 -11.204 -10.663 -9.288 -8.704 -8.04 -11.042
0.00103 -19.48 -15.979 -12.837 -12.113 -11.62 -11.13 -12.702 -12.037 -11.616 -11.118 -10.653 -10.13 -12.049 -11.463 -10.856 -10.435 -10.052 -16.533 -16.325 -16.344 -16.756 -17.746 -10.954 -11.227 -10.686 -9.312 -8.727 -8.064 -11.065
0.001061 -19.456 -15.958 -12.861 -12.138 -11.644 -11.154 -12.726 -12.061 -11.64 -11.142 -10.677 -10.154 -12.073 -11.487 -10.88 -10.459 -10.077 -16.509 -16.302 -16.32 -16.732 -17.722 -10.979 -11.252 -10.71 -9.336 -8.751 -8.088 -11.089
0.001094 -19.433 -15.938 -12.886 -12.163 -11.669 -11.179 -12.751 -12.086 -11.665 -11.167 -10.703 -10.18 -12.098 -11.512 -10.905 -10.484 -10.102 -16.486 -16.278 -16.297 -16.708 -17.699 -11.004 -11.277 -10.736 -9.361 -8.777 -8.113 -11.114
0.001127 -19.41 -15.919 -12.912 -12.188 -11.695 -11.205 -12.777 -12.112 -11.691 -11.194 -10.729 -10.206 -12.124 -11.538 -10.931 -10.511 -10.128 -16.463 -16.256 -16.274 -16.685 -17.676 -11.03 -11.303 -10.762 -9.387 -8.803 -8.139 -11.14
0.001161 -19.388 -15.9 -12.938 -12.215 -11.722 -11.232 -12.804 -12.139 -11.718 -11.22 -10.756 -10.233 -12.151 -11.565 -10.958 -10.538 -10.155 -16.441 -16.233 -16.252 -16.663 -17.653 -11.057 -11.33 -10.789 -9.414 -8.83 -8.166 -11.167
0.001196 -19.366 -15.882 -12.966 -12.243 -11.749 -11.26 -12.831 -12.167 -11.746 -11.248 -10.783 -10.261 -12.179 -11.593 -10.986 -10.565 -10.183 -16.42 -16.212 -16.23 -16.641 -17.631 -11.084 -11.357 -10.816 -9.442 -8.858 -8.194 -11.195
0.001232 -19.344 -15.865 -12.994 -12.271 -11.778 -11.289 -12.86 -12.195 -11.774 -11.277 -10.812 -10.289 -12.207 -11.621 -11.014 -10.594 -10.211 -16.399 -16.191 -16.209 -16.62 -17.61 -11.113 -11.386 -10.845 -9.471 -8.886 -8.223 -11.224
0.001269 -19.323 -15.848 -13.023 -12.301 -11.807 -11.318 -12.889 -12.224 -11.803 -11.306 -10.841 -10.319 -12.236 -11.65 -11.044 -10.623 -10.241 -16.378 -16.17 -16.188 -16.598 -17.589 -11.142 -11.415 -10.874 -9.5 -8.916 -8.252 -11.253
0.001308 -19.303 -15.832 -13.053 -12.331 -11.837 -11.348 -12.919 -12.254 -11.833 -11.336 -10.871 -10.349 -12.266 -11.68 -11.074 -10.653 -10.271 -16.358 -16.15 -16.167 -16.578 -17.568 -11.172 -11.445 -10.904 -9.53 -8.946 -8.283 -11.283
0.001347 -19.283 -15.816 -13.084 -12.361 -11.868 -11.379 -12.949 -12.285 -11.864 -11.367 -10.902 -10.379 -12.297 -11.711 -11.104 -10.684 -10.302 -16.338 -16.13 -16.147 -16.558 -17.548 -11.203 -11.476 -10.935 -9.561 -8.977 -8.313 -11.314
0.001388 -19.263 -15.802 -13.115 -12.392 -11.899 -11.41 -12.98 -12.316 -11.895 -11.398 -10.934 -10.411 -12.328 -11.742 -11.136 -10.716 -10.333 -16.319 -16.11 -16.128 -16.538 -17.528 -11.235 -11.507 -10.967 -9.593 -9.008 -8.345 -11.345
0.00143 -19.244 -15.788 -13.147 -12.424 -11.931 -11.442 -13.012 -12.348 -11.927 -11.43 -10.966 -10.443 -12.36 -11.774 -11.168 -10.748 -10.365 -16.3 -16.091 -16.109 -16.519 -17.508 -11.267 -11.539 -10.999 -9.625 -9.041 -8.377 -11.377
0.001473 -19.225 -15.774 -13.179 -12.457 -11.964 -11.475 -13.044 -12.381 -11.96 -11.463 -10.998 -10.476 -12.393 -11.807 -11.2 -10.78 -10.398 -16.282 -16.073 -16.09 -16.5 -17.489 -11.299 -11.572 -11.031 -9.658 -9.073 -8.41 -11.41
0.001518 -19.206 -15.761 -13.212 -12.49 -11.997 -11.508 -13.077 -12.414 -11.993 -11.496 -11.031 -10.509 -12.426 -11.84 -11.234 -10.814 -10.431 -16.264 -16.054 -16.071 -16.481 -17.47 -11.332 -11.605 -11.065 -9.691 -9.107 -8.443 -11.443
0.001564 -19.188 -15.749 -13.245 -12.523 -12.03 -11.541 -13.11 -12.447 -12.027 -11.53 -11.065 -10.543 -12.459 -11.874 -11.267 -10.847 -10.465 -16.246 -16.037 -16.053 -16.463 -17.452 -11.366 -11.639 -11.098 -9.725 -9.14 -8.477 -11.476
0.001611 -19.17 -15.737 -13.279 -12.557 -12.065 -11.576 -13.144 -12.481 -12.061 -11.564 -11.099 -10.577 -12.493 -11.908 -11.301 -10.881 -10.499 -16.229 -16.019 -16.036 -16.445 -17.434 -11.4 -11.673 -11.132 -9.759 -9.175 -8.511 -11.511
0.00166 -19.153 -15.726 -13.313 -12.592 -12.099 -11.61 -13.178 -12.516 -12.095 -11.598 -11.134 -10.612 -12.528 -11.942 -11.336 -10.916 -10.534 -16.212 -16.002 -16.018 -16.427 -17.416 -11.435 -11.707 -11.167 -9.794 -9.209 -8.546 -11.545
0.00171 -19.135 -15.715 -13.348 -12.627 -12.134 -11.645 -13.213 -12.551 -12.13 -11.633 -11.169 -10.647 -12.562 -11.977 -11.371 -10.951 -10.569 -16.195 -15.985 -16.001 -16.41 -17.398 -11.47 -11.742 -11.202 -9.829 -9.244 -8.581 -11.58
0.001761 -19.118 -15.705 -13.383 -12.662 -12.169 -11.68 -13.248 -12.586 -12.165 -11.669 -11.204 -10.682 -12.598 -12.012 -11.406 -10.986 -10.604 -16.179 -15.968 -15.984 -16.393 -17.381 -11.505 -11.777 -11.237 -9.864 -9.28 -8.617 -11.615
0.001815 -19.102 -15.696 -13.418 -12.697 -12.205 -11.716 -13.283 -12.621 -12.201 -11.704 -11.24 -10.718 -12.633 -12.048 -11.442 -11.022 -10.64 -16.163 -15.952 -15.968 -16.376 -17.364 -11.541 -11.813 -11.273 -9.9 -9.316 -8.652 -11.651
0.00187 -19.085 -15.687 -13.454 -12.733 -12.24 -11.752 -13.319 -12.657 -12.237 -11.74 -11.276 -10.754 -12.669 -12.084 -11.478 -11.058 -10.676 -16.147 -15.936 -15.951 -16.359 -17.347 -11.576 -11.849 -11.309 -9.936 -9.352 -8.688 -11.687
0.001926 -19.069 -15.679 -13.489 -12.769 -12.276 -11.788 -13.355 -12.693 -12.273 -11.776 -11.312 -10.79 -12.705 -12.12 -11.514 -11.094 -10.712 -16.132 -15.92 -15.935 -16.343 -17.331 -11.613 -11.885 -11.345 -9.972 -9.388 -8.725 -11.723
0.001984 -19.052 -15.671 -13.525 -12.805 -12.313 -11.824 -13.391 -12.729 -12.309 -11.812 -11.348 -10.826 -12.741 -12.156 -11.55 -11.131 -10.749 -16.116 -15.904 -15.919 -16.326 -17.314 -11.649 -11.921 -11.381 -10.009 -9.425 -8.761 -11.759
0.002044 -19.036 -15.663 -13.562 -12.841 -12.349 -11.861 -13.427 -12.766 -12.345 -11.849 -11.385 -10.863 -12.777 -12.193 -11.587 -11.167 -10.785 -16.101 -15.889 -15.903 -16.31 -17.298 -11.685 -11.958 -11.418 -10.045 -9.461 -8.798 -11.796
0.002106 -19.021 -15.657 -13.598 -12.878 -12.386 -11.898 -13.463 -12.802 -12.382 -11.886 -11.422 -10.9 -12.814 -12.229 -11.624 -11.204 -10.822 -16.086 -15.874 -15.888 -16.294 -17.282 -11.722 -11.995 -11.455 -10.082 -9.498 -8.835 -11.832
0.00217 -19.005 -15.65 -13.634 -12.915 -12.423 -11.934 -13.5 -12.839 -12.419 -11.923 -11.459 -10.937 -12.851 -12.266 -11.661 -11.241 -10.859 -16.071 -15.858 -15.872 -16.278 -17.265 -11.759 -12.031 -11.492 -10.119 -9.535 -8.872 -11.869
0.002236 -18.989 -15.644 -13.671 -12.952 -12.46 -11.971 -13.536 -12.876 -12.456 -11.96 -11.496 -10.974 -12.888 -12.303 -11.698 -11.278 -10.896 -16.057 -15.843 -15.857 -16.263 -17.249 -11.796 -12.068 -11.529 -10.156 -9.572 -8.909 -11.906
0.002303 -18.974 -15.639 -13.708 -12.989 -12.497 -12.009 -13.573 -12.913 -12.493 -11.997 -11.533 -11.011 -12.925 -12.34 -11.735 -11.315 -10.933 -16.042 -15.829 -15.842 -16.247 -17.234 -11.833 -12.105 -11.566 -10.194 -9.61 -8.947 -11.943
0.002373 -18.959 -15.634 -13.745 -13.026 -12.534 -12.046 -13.61 -12.95 -12.53 -12.034 -11.57 -11.048 -12.962 -12.377 -11.772 -11.353 -10.971 -16.028 -15.814 -15.826 -16.232 -17.218 -11.87 -12.143 -11.603 -10.231 -9.647 -8.984 -11.981
0.002445 -18.943 -15.63 -13.781 -13.063 -12.571 -12.083 -13.646 -12.987 -12.567 -12.071 -11.607 -11.086 -12.999 -12.415 -11.809 -11.39 -11.008 -16.014 -15.799 -15.811 -16.216 -17.202 -11.908 -12.18 -11.64 -10.268 -9.685 -9.022 -12.018
0.002519 -18.928 -15.626 -13.818 -13.1 -12.608 -12.12 -13.683 -13.024 -12.604 -12.109 -11.645 -11.123 -13.036 -12.452 -11.847 -11.427 -11.046 -16.0 -15.785 -15.797 -16.201 -17.186 -11.945 -12.217 -11.678 -10.306 -9.722 -9.059 -12.055
0.002595 -18.913 -15.623 -13.855 -13.137 -12.645 -12.158 -13.72 -13.061 -12.642 -12.146 -11.682 -11.161 -13.073 -12.489 -11.884 -11.465 -11.083 -15.986 -15.771 -15.782 -16.186 -17.171 -11.982 -12.255 -11.715 -10.344 -9.76 -9.097 -12.092
0.002673 -18.898 -15.62 -13.892 -13.174 -12.683 -12.195 -13.757 -13.098 -12.679 -12.183 -11.72 -11.198 -13.11 -12.527 -11.922 -11.502 -11.121 -15.973 -15.756 -15.767 -16.17 -17.155 -12.02 -12.292 -11.753 -10.381 -9.797 -9.135 -12.13
0.002754 -18.883 -15.617 -13.929 -13.211 -12.72 -12.233 -13.794 -13.136 -12.716 -12.221 -11.757 -11.236 -13.148 -12.564 -11.959 -11.54 -11.158 -15.959 -15.742 -15.752 -16.155 -17.14 -12.057 -12.329 -11.79 -10.419 -9.835 -9.172 -12.167
0.002837 -18.868 -15.616 -13.966 -13.249 -12.758 -12.27 -13.831 -13.173 -12.754 -12.258 -11.795 -11.273 -13.185 -12.601 -11.997 -11.577 -11.196 -15.946 -15.728 -15.738 -16.14 -17.124 -12.095 -12.367 -11.828 -10.457 -9.873 -9.21 -12.205
0.002923 -18.854 -15.614 -14.003 -13.286 -12.795 -12.308 -13.868 -13.21 -12.791 -12.296 -11.832 -11.311 -13.222 -12.639 -12.034 -11.615 -11.234 -15.932 -15.715 -15.723 -16.125 -17.109 -12.132 -12.404 -11.865 -10.494 -9.911 -9.248 -12.242
0.003012 -18.839 -15.614 -14.04 -13.323 -12.832 -12.345 -13.905 -13.248 -12.829 -12.333 -11.87 -11.349 -13.259 -12.676 -12.072 -11.653 -11.271 -15.919 -15.701 -15.709 -16.11 -17.094 -12.17 -12.442 -11.903 -10.532 -9.948 -9.286 -12.28
0.003103 -18.824 -15.613 -14.077 -13.361 -12.87 -12.383 -13.942 -13.285 -12.866 -12.371 -11.908 -11.386 -13.297 -12.714 -12.109 -11.69 -11.309 -15.906 -15.687 -15.695 -16.095 -17.078 -12.207 -12.479 -11.941 -10.57 -9.986 -9.323 -12.317
0.003196 -18.809 -15.614 -14.114 -13.398 -12.907 -12.42 -13.979 -13.322 -12.904 -12.408 -11.945 -11.424 -13.334 -12.751 -12.147 -11.728 -11.347 -15.893 -15.674 -15.681 -16.08 -17.063 -12.245 -12.517 -11.978 -10.607 -10.024 -9.361 -12.355
0.003293 -18.795 -15.614 -14.152 -13.435 -12.945 -12.458 -14.016 -13.36 -12.941 -12.446 -11.983 -11.462 -13.371 -12.789 -12.184 -11.766 -11.384 -15.881 -15.66 -15.666 -16.066 -17.048 -12.282 -12.554 -12.016 -10.645 -10.062 -9.399 -12.392
0.003393 -18.78 -15.616 -14.188 -13.472 -12.982 -12.495 -14.053 -13.397 -12.978 -12.483 -12.02 -11.499 -13.409 -12.826 -12.222 -11.803 -11.422 -15.868 -15.647 -15.652 -16.051 -17.032 -12.32 -12.592 -12.053 -10.683 -10.1 -9.437 -12.43
0.003495 -18.766 -15.618 -14.225 -13.51 -13.02 -12.533 -14.09 -13.434 -13.016 -12.521 -12.058 -11.537 -13.446 -12.864 -12.26 -11.841 -11.46 -15.856 -15.633 -15.638 -16.036 -17.017 -12.358 -12.629 -12.091 -10.721 -10.137 -9.475 -12.467
0.003601 -18.752 -15.62 -14.262 -13.547 -13.057 -12.57 -14.127 -13.471 -13.053 -12.558 -12.096 -11.575 -13.483 -12.901 -12.297 -11.879 -11.497 -15.843 -15.62 -15.624 -16.021 -17.002 -12.395 -12.667 -12.129 -10.758 -10.175 -9.513 -12.505
0.00371 -18.737 -15.623 -14.299 -13.584 -13.094 -12.608 -14.164 -13.509 -13.091 -12.596 -12.133 -11.612 -13.521 -12.938 -12.335 -11.916 -11.535 -15.831 -15.607 -15.611 -16.007 -16.987 -12.433 -12.704 -12.166 -10.796 -10.213 -9.55 -12.542
0.003822 -18.723 -15.627 -14.336 -13.622 -13.132 -12.645 -14.201 -13.546 -13.128 -12.633 -12.171 -11.65 -13.558 -12.976 -12.372 -11.954 -11.573 -15.819 -15.595 -15.597 -15.992 -16.971 -12.47 -12.742 -12.204 -10.834 -10.251 -9.588 -12.58
0.003938 -18.709 -15.631 -14.373 -13.659 -13.169 -12.683 -14.238 -13.583 -13.165 -12.671 -12.208 -11.688 -13.595 -13.013 -12.41 -11.991 -11.61 -15.807 -15.582 -15.583 -15.978 -16.956 -12.508 -12.779 -12.241 -10.872 -10.289 -9.626 -12.617
0.004057 -18.695 -15.636 -14.41 -13.696 -13.206 -12.72 -14.274 -13.62 -13.203 -12.708 -12.246 -11.725 -13.632 -13.051 -12.447 -12.029 -11.648 -15.796 -15.569 -15.57 -15.963 -16.941 -12.545 -12.817 -12.279 -10.91 -10.326 -9.664 -12.655
0.00418 -18.68 -15.641 -14.447 -13.733 -13.244 -12.758 -14.311 -13.658 -13.24 -12.746 -12.283 -11.763 -13.67 -13.088 -12.485 -12.067 -11.686 -15.784 -15.557 -15.556 -15.949 -16.926 -12.583 -12.854 -12.316 -10.947 -10.364 -9.702 -12.692
0.004306 -18.666 -15.648 -14.484 -13.77 -13.281 -12.795 -14.348 -13.695 -13.277 -12.783 -12.321 -11.801 -13.707 -13.125 -12.522 -12.104 -11.723 -15.773 -15.544 -15.543 -15.934 -16.911 -12.62 -12.892 -12.354 -10.985 -10.402 -9.74 -12.73
0.004436 -18.653 -15.654 -14.52 -13.807 -13.318 -12.833 -14.385 -13.732 -13.315 -12.821 -12.359 -11.838 -13.744 -13.163 -12.56 -12.142 -11.761 -15.762 -15.532 -15.53 -15.92 -16.896 -12.658 -12.929 -12.392 -11.023 -10.44 -9.777 -12.767
0.00457 -18.639 -15.661 -14.557 -13.845 -13.356 -12.87 -14.421 -13.769 -13.352 -12.858 -12.396 -11.876 -13.781 -13.2 -12.597 -12.179 -11.799 -15.751 -15.52 -15.517 -15.906 -16.88 -12.695 -12.966 -12.429 -11.06 -10.478 -9.815 -12.804
0.004709 -18.625 -15.669 -14.594 -13.882 -13.393 -12.908 -14.458 -13.806 -13.389 -12.896 -12.434 -11.914 -13.818 -13.237 -12.635 -12.217 -11.836 -15.74 -15.508 -15.504 -15.892 -16.865 -12.732 -13.004 -12.467 -11.098 -10.515 -9.853 -12.842
0.004851 -18.611 -15.678 -14.631 -13.919 -13.43 -12.945 -14.495 -13.843 -13.427 -12.933 -12.471 -11.951 -13.855 -13.275 -12.672 -12.255 -11.874 -15.73 -15.497 -15.491 -15.878 -16.85 -12.77 -13.041 -12.504 -11.136 -10.553 -9.891 -12.879
0.004998 -18.598 -15.687 -14.667 -13.956 -13.468 -12.982 -14.531 -13.881 -13.464 -12.971 -12.509 -11.989 -13.892 -13.312 -12.71 -12.292 -11.911 -15.72 -15.485 -15.478 -15.863 -16.835 -12.807 -13.079 -12.542 -11.174 -10.591 -9.929 -12.917
0.005149 -18.584 -15.696 -14.704 -13.993 -13.505 -13.02 -14.568 -13.918 -13.501 -13.008 -12.546 -12.026 -13.929 -13.349 -12.747 -12.33 -11.949 -15.71 -15.474 -15.465 -15.849 -16.82 -12.845 -13.116 -12.579 -11.211 -10.629 -9.967 -12.954
0.005305 -18.571 -15.706 -14.741 -14.03 -13.542 -13.057 -14.605 -13.955 -13.538 -13.045 -12.584 -12.064 -13.967 -13.387 -12.785 -12.367 -11.987 -15.7 -15.463 -15.453 -15.836 -16.805 -12.882 -13.153 -12.617 -11.249 -10.666 -10.004 -12.991
0.005465 -18.557 -15.717 -14.777 -14.067 -13.579 -13.094 -14.641 -13.992 -13.575 -13.083 -12.621 -12.102 -14.004 -13.424 -12.822 -12.405 -12.024 -15.691 -15.452 -15.44 -15.822 -16.79 -12.919 -13.191 -12.654 -11.287 -10.704 -10.042 -13.029
0.00563 -18.544 -15.729 -14.814 -14.104 -13.616 -13.132 -14.677 -14.029 -13.613 -13.12 -12.659 -12.139 -14.041 -13.461 -12.86 -12.442 -12.062 -15.681 -15.441 -15.428 -15.808 -16.776 -12.957 -13.228 -12.691 -11.325 -10.742 -10.08 -13.066
0.005801 -18.531 -15.741 -14.85 -14.141 -13.654 -13.169 -14.714 -14.066 -13.65 -13.157 -12.696 -12.177 -14.078 -13.498 -12.897 -12.48 -12.099 -15.672 -15.431 -15.416 -15.794 -16.761 -12.994 -13.265 -12.729 -11.362 -10.78 -10.118 -13.103
0.005976 -18.518 -15.753 -14.887 -14.178 -13.691 -13.206 -14.75 -14.103 -13.687 -13.195 -12.733 -12.214 -14.115 -13.535 -12.934 -12.517 -12.137 -15.664 -15.42 -15.404 -15.781 -16.746 -13.032 -13.302 -12.766 -11.4 -10.818 -10.156 -13.141
0.006157 -18.505 -15.767 -14.923 -14.215 -13.728 -13.244 -14.787 -14.14 -13.724 -13.232 -12.771 -12.252 -14.151 -13.573 -12.972 -12.555 -12.175 -15.655 -15.41 -15.392 -15.767 -16.731 -13.069 -13.34 -12.804 -11.438 -10.855 -10.194 -13.178
0.006343 -18.492 -15.781 -14.959 -14.252 -13.765 -13.281 -14.823 -14.177 -13.761 -13.269 -12.808 -12.289 -14.188 -13.61 -13.009 -12.592 -12.212 -15.647 -15.401 -15.381 -15.754 -16.716 -13.106 -13.377 -12.841 -11.475 -10.893 -10.231 -13.215
0.006535 -18.479 -15.795 -14.996 -14.288 -13.802 -13.318 -14.859 -14.213 -13.798 -13.307 -12.846 -12.327 -14.225 -13.647 -13.046 -12.63 -12.25 -15.64 -15.391 -15.369 -15.741 -16.702 -13.143 -13.414 -12.879 -11.513 -10.931 -10.269 -13.252
0.006732 -18.467 -15.81 -15.032 -14.325 -13.839 -13.356 -14.896 -14.25 -13.835 -13.344 -12.883 -12.364 -14.262 -13.684 -13.084 -12.667 -12.287 -15.632 -15.382 -15.358 -15.727 -16.687 -13.181 -13.451 -12.916 -11.551 -10.968 -10.307 -13.289
0.006936 -18.454 -15.825 -15.068 -14.362 -13.876 -13.393 -14.932 -14.287 -13.872 -13.381 -12.92 -12.402 -14.299 -13.721 -13.121 -12.705 -12.325 -15.625 -15.373 -15.347 -15.714 -16.672 -13.218 -13.488 -12.953 -11.588 -11.006 -10.345 -13.327
0.007146 -18.442 -15.842 -15.104 -14.399 -13.913 -13.43 -14.968 -14.324 -13.909 -13.418 -12.958 -12.439 -14.336 -13.758 -13.158 -12.742 -12.362 -15.618 -15.364 -15.336 -15.701 -16.658 -13.255 -13.526 -12.991 -11.626 -11.044 -10.383 -13.364
