web/models/kne.last_good/kappa_0.5_3.0.v2/11/villar_0.0775_0.2807_0.5000.dat
# %ECSV 1.0
# ---
# datatype:
# - {name: time, datatype: float64}
# - {name: swift_uvot_uvw2, datatype: float64}
# - {name: swift_uvot_uvm2, datatype: float64}
# - {name: swift_uvot_uvw1, datatype: float64}
# - {name: swift_uvot_U, datatype: float64}
# - {name: swift_uvot_B, datatype: float64}
# - {name: swift_uvot_V, datatype: float64}
# - {name: swift_uvot_W, datatype: float64}
# - {name: johnson_U, datatype: float64}
# - {name: johnson_B, datatype: float64}
# - {name: johnson_V, datatype: float64}
# - {name: johnson_R, datatype: float64}
# - {name: johnson_I, datatype: float64}
# - {name: sdss_u, datatype: float64}
# - {name: sdss_g, datatype: float64}
# - {name: sdss_r, datatype: float64}
# - {name: sdss_i, datatype: float64}
# - {name: sdss_z, datatype: float64}
# - {name: PS1_g, datatype: float64}
# - {name: PS1_r, datatype: float64}
# - {name: PS1_i, datatype: float64}
# - {name: PS1_z, datatype: float64}
# - {name: PS1_Y, datatype: float64}
# - {name: PS1_w, datatype: float64}
# - {name: ATLAS_c, datatype: float64}
# - {name: ATLAS_o, datatype: float64}
# - {name: ukirt_J, datatype: float64}
# - {name: ukirt_H, datatype: float64}
# - {name: ukirt_K, datatype: float64}
# - {name: Clear, datatype: float64}
# meta: !!omap
# - comment: [kappa = 0.5, type = villar, mass = 0.07749594937791414, velocity = 0.2806666666666667, theta_obs = 0.0, tfloor = 2500.0]
# schema: astropy-2.0
time swift_uvot_uvw2 swift_uvot_uvm2 swift_uvot_uvw1 swift_uvot_U swift_uvot_B swift_uvot_V swift_uvot_W johnson_U johnson_B johnson_V johnson_R johnson_I sdss_u sdss_g sdss_r sdss_i sdss_z PS1_g PS1_r PS1_i PS1_z PS1_Y PS1_w ATLAS_c ATLAS_o ukirt_J ukirt_H ukirt_K Clear
[from data line 342]
26.64146 -5.293 -0.095 -1.061 -2.763 -5.55 -7.552 -5.668 -3.26 -5.681 -7.671 -9.256 -10.333 -3.038 -6.401 -8.529 -9.654 -10.425 -7.375 -8.699 -9.733 -10.348 -10.807 -8.852 -7.614 -9.166 -11.336 -11.656 -11.717 -9.312
27.447213 -5.231 -0.033 -0.999 -2.701 -5.488 -7.49 -5.606 -3.198 -5.619 -7.609 -9.194 -10.271 -2.976 -6.339 -8.467 -9.592 -10.363 -7.313 -8.637 -9.671 -10.286 -10.746 -8.79 -7.552 -9.104 -11.274 -11.594 -11.655 -9.25
28.277335 -5.169 0.029 -0.937 -2.639 -5.426 -7.428 -5.544 -3.136 -5.557 -7.547 -9.132 -10.209 -2.914 -6.277 -8.405 -9.53 -10.301 -7.251 -8.575 -9.609 -10.224 -10.683 -8.728 -7.49 -9.042 -11.212 -11.532 -11.593 -9.188
29.132564 -5.107 0.091 -0.874 -2.577 -5.364 -7.366 -5.482 -3.074 -5.495 -7.485 -9.07 -10.146 -2.851 -6.214 -8.343 -9.468 -10.239 -7.189 -8.513 -9.546 -10.162 -10.621 -8.666 -7.428 -8.98 -11.15 -11.47 -11.531 -9.126
30.013659 -5.045 0.154 -0.812 -2.515 -5.302 -7.304 -5.42 -3.012 -5.433 -7.422 -9.007 -10.084 -2.789 -6.152 -8.281 -9.406 -10.176 -7.127 -8.45 -9.484 -10.1 -10.559 -8.604 -7.366 -8.918 -11.088 -11.408 -11.468 -9.064
30.921401 -4.982 0.216 -0.75 -2.453 -5.239 -7.242 -5.357 -2.949 -5.37 -7.36 -8.945 -10.022 -2.727 -6.09 -8.218 -9.343 -10.114 -7.064 -8.388 -9.422 -10.037 -10.497 -8.541 -7.303 -8.855 -11.025 -11.345 -11.406 -9.002
31.856598 -4.92 0.279 -0.687 -2.39 -5.177 -7.179 -5.295 -2.887 -5.308 -7.297 -8.882 -9.959 -2.664 -6.027 -8.156 -9.281 -10.051 -7.002 -8.325 -9.359 -9.975 -10.434 -8.479 -7.241 -8.793 -10.963 -11.283 -11.344 -8.939
32.820079 -4.857 0.341 -0.625 -2.327 -5.114 -7.116 -5.232 -2.824 -5.245 -7.235 -8.82 -9.897 -2.602 -5.965 -8.093 -9.218 -9.989 -6.939 -8.263 -9.297 -9.912 -10.371 -8.416 -7.178 -8.73 -10.9 -11.22 -11.281 -8.876
33.8127 -4.794 0.404 -0.562 -2.265 -5.051 -7.054 -5.169 -2.762 -5.182 -7.172 -8.757 -9.834 -2.539 -5.902 -8.031 -9.155 -9.926 -6.876 -8.2 -9.234 -9.85 -10.309 -8.354 -7.115 -8.667 -10.837 -11.158 -11.218 -8.814
34.835342 -4.732 0.467 -0.499 -2.202 -4.989 -6.991 -5.106 -2.699 -5.12 -7.109 -8.694 -9.771 -2.476 -5.839 -7.968 -9.092 -9.863 -6.814 -8.137 -9.171 -9.787 -10.246 -8.291 -7.052 -8.604 -10.774 -11.095 -11.155 -8.751
35.888913 -4.669 0.53 -0.436 -2.139 -4.926 -6.928 -5.043 -2.636 -5.057 -7.046 -8.631 -9.708 -2.413 -5.776 -7.905 -9.029 -9.8 -6.751 -8.074 -9.108 -9.724 -10.183 -8.228 -6.989 -8.541 -10.711 -11.032 -11.092 -8.688
36.974349 -4.605 0.593 -0.373 -2.076 -4.863 -6.865 -4.98 -2.573 -4.994 -6.983 -8.568 -9.645 -2.35 -5.713 -7.842 -8.966 -9.737 -6.688 -8.011 -9.045 -9.661 -10.12 -8.165 -6.926 -8.478 -10.648 -10.969 -11.029 -8.625
38.092613 -4.542 0.656 -0.31 -2.013 -4.799 -6.802 -4.917 -2.509 -4.93 -6.92 -8.505 -9.582 -2.287 -5.65 -7.778 -8.903 -9.674 -6.624 -7.948 -8.982 -9.597 -10.057 -8.101 -6.863 -8.415 -10.585 -10.905 -10.966 -8.562
39.244698 -4.479 0.719 -0.246 -1.949 -4.736 -6.738 -4.854 -2.446 -4.867 -6.857 -8.441 -9.518 -2.223 -5.586 -7.715 -8.84 -9.611 -6.561 -7.885 -8.918 -9.534 -9.993 -8.038 -6.8 -8.352 -10.522 -10.842 -10.903 -8.498
40.431627 -4.416 0.783 -0.183 -1.886 -4.673 -6.675 -4.79 -2.383 -4.804 -6.793 -8.378 -9.455 -2.16 -5.523 -7.652 -8.776 -9.547 -6.498 -7.821 -8.855 -9.471 -9.93 -7.975 -6.736 -8.288 -10.458 -10.779 -10.839 -8.435
41.654454 -4.352 0.846 -0.119 -1.822 -4.609 -6.611 -4.727 -2.319 -4.74 -6.73 -8.315 -9.391 -2.096 -5.459 -7.588 -8.713 -9.484 -6.434 -7.758 -8.791 -9.407 -9.866 -7.911 -6.673 -8.225 -10.395 -10.715 -10.776 -8.371
42.914265 -4.288 0.91 -0.056 -1.759 -4.546 -6.548 -4.663 -2.256 -4.677 -6.666 -8.251 -9.328 -2.033 -5.396 -7.525 -8.649 -9.42 -6.371 -7.694 -8.728 -9.344 -9.803 -7.848 -6.609 -8.161 -10.331 -10.652 -10.712 -8.308
44.212178 -4.225 0.974 0.008 -1.695 -4.482 -6.484 -4.6 -2.192 -4.613 -6.602 -8.187 -9.264 -1.969 -5.332 -7.461 -8.586 -9.356 -6.307 -7.63 -8.664 -9.28 -9.739 -7.784 -6.546 -8.098 -10.268 -10.588 -10.648 -8.244
45.549345 -4.161 1.038 0.072 -1.631 -4.418 -6.42 -4.536 -2.128 -4.549 -6.539 -8.123 -9.2 -1.905 -5.268 -7.397 -8.522 -9.293 -6.243 -7.566 -8.6 -9.216 -9.675 -7.72 -6.482 -8.034 -10.204 -10.524 -10.585 -8.18
46.926954 -4.097 1.101 0.136 -1.567 -4.354 -6.356 -4.472 -2.064 -4.485 -6.475 -8.059 -9.136 -1.841 -5.204 -7.333 -8.458 -9.229 -6.179 -7.503 -8.536 -9.152 -9.611 -7.656 -6.418 -7.97 -10.14 -10.46 -10.521 -8.116
48.346227 -4.033 1.165 0.2 -1.503 -4.29 -6.292 -4.408 -2.0 -4.421 -6.411 -7.995 -9.072 -1.777 -5.14 -7.269 -8.394 -9.165 -6.115 -7.439 -8.472 -9.088 -9.547 -7.592 -6.354 -7.906 -10.076 -10.396 -10.457 -8.052
49.808426 -3.969 1.23 0.264 -1.439 -4.226 -6.228 -4.344 -1.936 -4.357 -6.347 -7.931 -9.008 -1.713 -5.076 -7.205 -8.33 -9.101 -6.051 -7.374 -8.408 -9.024 -9.483 -7.528 -6.29 -7.842 -10.012 -10.332 -10.393 -7.988
51.314848 -3.905 1.294 0.328 -1.375 -4.162 -6.164 -4.279 -1.872 -4.293 -6.282 -7.867 -8.944 -1.649 -5.012 -7.141 -8.265 -9.036 -5.987 -7.31 -8.344 -8.96 -9.419 -7.464 -6.225 -7.777 -9.948 -10.268 -10.328 -7.924
52.86683 -3.84 1.358 0.392 -1.311 -4.097 -6.1 -4.215 -1.807 -4.228 -6.218 -7.803 -8.88 -1.585 -4.948 -7.076 -8.201 -8.972 -5.922 -7.246 -8.28 -8.895 -9.355 -7.4 -6.161 -7.713 -9.883 -10.203 -10.264 -7.86
54.465752 -3.776 1.423 0.457 -1.246 -4.033 -6.035 -4.151 -1.743 -4.164 -6.154 -7.738 -8.815 -1.52 -4.883 -7.012 -8.137 -8.908 -5.858 -7.181 -8.215 -8.831 -9.29 -7.335 -6.097 -7.649 -9.819 -10.139 -10.2 -7.795
56.113031 -3.711 1.487 0.521 -1.182 -3.969 -5.971 -4.086 -1.679 -4.1 -6.089 -7.674 -8.751 -1.456 -4.819 -6.948 -8.072 -8.843 -5.794 -7.117 -8.151 -8.767 -9.226 -7.271 -6.032 -7.584 -9.754 -10.075 -10.135 -7.731
57.810132 -3.647 1.552 0.586 -1.117 -3.904 -5.906 -4.022 -1.614 -4.035 -6.025 -7.609 -8.686 -1.391 -4.754 -6.883 -8.008 -8.779 -5.729 -7.052 -8.086 -8.702 -9.161 -7.206 -5.968 -7.52 -9.69 -10.01 -10.071 -7.666
59.55856 -3.582 1.616 0.65 -1.052 -3.839 -5.841 -3.957 -1.549 -3.97 -5.96 -7.545 -8.622 -1.327 -4.69 -6.818 -7.943 -8.714 -5.664 -6.988 -8.022 -8.637 -9.096 -7.141 -5.903 -7.455 -9.625 -9.945 -10.006 -7.601
61.359868 -3.517 1.681 0.715 -0.988 -3.774 -5.777 -3.892 -1.484 -3.905 -5.895 -7.48 -8.557 -1.262 -4.625 -6.754 -7.878 -8.649 -5.599 -6.923 -7.957 -8.573 -9.032 -7.077 -5.838 -7.39 -9.56 -9.881 -9.941 -7.537
63.215655 -3.453 1.746 0.78 -0.923 -3.71 -5.712 -3.827 -1.42 -3.841 -5.83 -7.415 -8.492 -1.197 -4.56 -6.689 -7.813 -8.584 -5.535 -6.858 -7.892 -8.508 -8.967 -7.012 -5.773 -7.325 -9.495 -9.816 -9.876 -7.472
65.127569 -3.388 1.811 0.845 -0.858 -3.645 -5.647 -3.762 -1.355 -3.776 -5.765 -7.35 -8.427 -1.132 -4.495 -6.624 -7.748 -8.519 -5.47 -6.793 -7.827 -8.443 -8.902 -6.947 -5.708 -7.26 -9.43 -9.751 -9.811 -7.407
67.097308 -3.323 1.876 0.91 -0.793 -3.58 -5.582 -3.697 -1.29 -3.711 -5.7 -7.285 -8.362 -1.067 -4.43 -6.559 -7.683 -8.454 -5.405 -6.728 -7.762 -8.378 -8.837 -6.882 -5.643 -7.195 -9.365 -9.686 -9.746 -7.342
69.126621 -3.257 1.941 0.975 -0.728 -3.515 -5.517 -3.632 -1.225 -3.646 -5.635 -7.22 -8.297 -1.002 -4.365 -6.494 -7.618 -8.389 -5.34 -6.663 -7.697 -8.313 -8.772 -6.817 -5.578 -7.13 -9.3 -9.621 -9.681 -7.277
71.217308 -3.192 2.006 1.04 -0.663 -3.449 -5.451 -3.567 -1.159 -3.58 -5.57 -7.155 -8.232 -0.937 -4.3 -6.428 -7.553 -8.324 -5.274 -6.598 -7.632 -8.247 -8.707 -6.751 -5.513 -7.065 -9.235 -9.555 -9.616 -7.212
73.371227 -3.127 2.071 1.106 -0.597 -3.384 -5.386 -3.502 -1.094 -3.515 -5.505 -7.089 -8.166 -0.871 -4.234 -6.363 -7.488 -8.259 -5.209 -6.533 -7.566 -8.182 -8.641 -6.686 -5.448 -7.0 -9.17 -9.49 -9.551 -7.146
75.59029 -3.062 2.137 1.171 -0.532 -3.319 -5.321 -3.436 -1.029 -3.45 -5.439 -7.024 -8.101 -0.806 -4.169 -6.298 -7.422 -8.193 -5.144 -6.467 -7.501 -8.117 -8.576 -6.621 -5.382 -6.934 -9.104 -9.425 -9.485 -7.081
77.876467 -2.996 2.202 1.236 -0.466 -3.253 -5.255 -3.371 -0.963 -3.384 -5.374 -6.959 -8.036 -0.741 -4.104 -6.232 -7.357 -8.128 -5.078 -6.402 -7.436 -8.051 -8.51 -6.555 -5.317 -6.869 -9.039 -9.359 -9.42 -7.015
80.231787 -2.931 2.268 1.302 -0.401 -3.188 -5.19 -3.305 -0.898 -3.319 -5.308 -6.893 -7.97 -0.675 -4.038 -6.167 -7.291 -8.062 -5.013 -6.336 -7.37 -7.986 -8.445 -6.49 -5.251 -6.803 -8.974 -9.294 -9.354 -6.95
82.658343 -2.865 2.333 1.368 -0.335 -3.122 -5.124 -3.24 -0.832 -3.253 -5.243 -6.828 -7.904 -0.609 -3.972 -6.101 -7.226 -7.997 -4.947 -6.271 -7.304 -7.92 -8.379 -6.424 -5.186 -6.738 -8.908 -9.228 -9.289 -6.884
85.158288 -2.799 2.399 1.433 -0.27 -3.056 -5.059 -3.174 -0.766 -3.187 -5.177 -6.762 -7.839 -0.544 -3.907 -6.036 -7.16 -7.931 -4.881 -6.205 -7.239 -7.854 -8.314 -6.359 -5.12 -6.672 -8.842 -9.163 -9.223 -6.819
87.733843 -2.734 2.465 1.499 -0.204 -2.991 -4.993 -3.108 -0.701 -3.122 -5.111 -6.696 -7.773 -0.478 -3.841 -5.97 -7.094 -7.865 -4.816 -6.139 -7.173 -7.789 -8.248 -6.293 -5.054 -6.606 -8.776 -9.097 -9.157 -6.753
90.387293 -2.668 2.531 1.565 -0.138 -2.925 -4.927 -3.043 -0.635 -3.056 -5.045 -6.63 -7.707 -0.412 -3.775 -5.904 -7.029 -7.799 -4.75 -6.073 -7.107 -7.723 -8.182 -6.227 -4.989 -6.541 -8.711 -9.031 -9.092 -6.687
93.120995 -2.602 2.597 1.631 -0.072 -2.859 -4.861 -2.977 -0.569 -2.99 -4.98 -6.564 -7.641 -0.346 -3.709 -5.838 -6.963 -7.734 -4.684 -6.007 -7.041 -7.657 -8.116 -6.161 -4.923 -6.475 -8.645 -8.965 -9.026 -6.621
95.937376 -2.536 2.663 1.697 -0.006 -2.793 -4.795 -2.911 -0.503 -2.924 -4.914 -6.498 -7.575 -0.28 -3.643 -5.772 -6.897 -7.668 -4.618 -5.941 -6.975 -7.591 -8.05 -6.095 -4.857 -6.409 -8.579 -8.899 -8.96 -6.555
98.838937 -2.47 2.729 1.763 0.06 -2.727 -4.729 -2.845 -0.437 -2.858 -4.847 -6.432 -7.509 -0.214 -3.577 -5.706 -6.831 -7.601 -4.552 -5.875 -6.909 -7.525 -7.984 -6.029 -4.791 -6.343 -8.513 -8.833 -8.894 -6.489
101.828253 -2.404 2.795 1.829 0.126 -2.661 -4.663 -2.778 -0.371 -2.792 -4.781 -6.366 -7.443 -0.148 -3.511 -5.64 -6.765 -7.535 -4.486 -5.809 -6.843 -7.459 -7.918 -5.963 -4.724 -6.277 -8.447 -8.767 -8.827 -6.423
104.907979 -2.337 2.861 1.895 0.192 -2.595 -4.597 -2.712 -0.305 -2.726 -4.715 -6.3 -7.377 -0.082 -3.445 -5.574 -6.698 -7.469 -4.42 -5.743 -6.777 -7.393 -7.852 -5.897 -4.658 -6.21 -8.38 -8.701 -8.761 -6.357
108.080849 -2.271 2.927 1.961 0.259 -2.528 -4.53 -2.646 -0.238 -2.659 -4.649 -6.234 -7.311 -0.016 -3.379 -5.507 -6.632 -7.403 -4.353 -5.677 -6.711 -7.326 -7.786 -5.83 -4.592 -6.144 -8.314 -8.634 -8.695 -6.29
111.349681 -2.205 2.994 2.028 0.325 -2.462 -4.464 -2.58 -0.172 -2.593 -4.583 -6.167 -7.244 0.051 -3.312 -5.441 -6.566 -7.337 -4.287 -5.61 -6.644 -7.26 -7.719 -5.764 -4.526 -6.078 -8.248 -8.568 -8.629 -6.224
114.717376 -2.138 3.06 2.094 0.391 -2.396 -4.398 -2.513 -0.106 -2.527 -4.516 -6.101 -7.178 0.117 -3.246 -5.375 -6.499 -7.27 -4.221 -5.544 -6.578 -7.194 -7.653 -5.698 -4.459 -6.011 -8.181 -8.502 -8.562 -6.158
118.186925 -2.072 3.126 2.161 0.458 -2.329 -4.331 -2.447 -0.039 -2.46 -4.45 -6.035 -7.111 0.184 -3.179 -5.308 -6.433 -7.204 -4.154 -5.478 -6.511 -7.127 -7.586 -5.631 -4.393 -5.945 -8.115 -8.435 -8.496 -6.091
121.761408 -2.005 3.193 2.227 0.524 -2.263 -4.265 -2.38 0.027 -2.394 -4.383 -5.968 -7.045 0.25 -3.113 -5.242 -6.366 -7.137 -4.088 -5.411 -6.445 -7.061 -7.52 -5.565 -4.326 -5.878 -8.048 -8.369 -8.429 -6.025
125.443999 -1.939 3.26 2.294 0.591 -2.196 -4.198 -2.314 0.094 -2.327 -4.317 -5.901 -6.978 0.317 -3.046 -5.175 -6.3 -7.071 -4.021 -5.344 -6.378 -6.994 -7.453 -5.498 -4.26 -5.812 -7.982 -8.302 -8.363 -5.958
129.237967 -1.872 3.326 2.36 0.658 -2.129 -4.131 -2.247 0.161 -2.26 -4.25 -5.835 -6.912 0.383 -2.98 -5.108 -6.233 -7.004 -3.954 -5.278 -6.312 -6.927 -7.386 -5.431 -4.193 -5.745 -7.915 -8.235 -8.296 -5.891
133.146681 -1.805 3.393 2.427 0.724 -2.063 -4.065 -2.18 0.227 -2.194 -4.183 -5.768 -6.845 0.45 -2.913 -5.042 -6.166 -6.937 -3.888 -5.211 -6.245 -6.861 -7.32 -5.365 -4.126 -5.678 -7.848 -8.169 -8.229 -5.825
137.173612 -1.739 3.46 2.494 0.791 -1.996 -3.998 -2.113 0.294 -2.127 -4.116 -5.701 -6.778 0.517 -2.846 -4.975 -6.099 -6.87 -3.821 -5.144 -6.178 -6.794 -7.253 -5.298 -4.059 -5.611 -7.782 -8.102 -8.162 -5.758
141.322334 -1.672 3.527 2.561 0.858 -1.929 -3.931 -2.047 0.361 -2.06 -4.049 -5.634 -6.711 0.584 -2.779 -4.908 -6.033 -6.803 -3.754 -5.077 -6.111 -6.727 -7.186 -5.231 -3.993 -5.545 -7.715 -8.035 -8.095 -5.691
145.596532 -1.605 3.594 2.628 0.925 -1.862 -3.864 -1.98 0.428 -1.993 -3.982 -5.567 -6.644 0.651 -2.712 -4.841 -5.966 -6.736 -3.687 -5.01 -6.044 -6.66 -7.119 -5.164 -3.926 -5.478 -7.648 -7.968 -8.029 -5.624
150.0 -1.538 3.661 2.695 0.992 -1.795 -3.797 -1.913 0.495 -1.926 -3.916 -5.5 -6.577 0.718 -2.645 -4.774 -5.899 -6.67 -3.62 -4.943 -5.977 -6.593 -7.052 -5.097 -3.859 -5.411 -7.581 -7.901 -7.962 -5.557
