web/models/kne.last_good/kappa_0.5_3.0.v2/11/villar_0.0953_0.2023_0.5000.dat
# %ECSV 1.0
# ---
# datatype:
# - {name: time, datatype: float64}
# - {name: swift_uvot_uvw2, datatype: float64}
# - {name: swift_uvot_uvm2, datatype: float64}
# - {name: swift_uvot_uvw1, datatype: float64}
# - {name: swift_uvot_U, datatype: float64}
# - {name: swift_uvot_B, datatype: float64}
# - {name: swift_uvot_V, datatype: float64}
# - {name: swift_uvot_W, datatype: float64}
# - {name: johnson_U, datatype: float64}
# - {name: johnson_B, datatype: float64}
# - {name: johnson_V, datatype: float64}
# - {name: johnson_R, datatype: float64}
# - {name: johnson_I, datatype: float64}
# - {name: sdss_u, datatype: float64}
# - {name: sdss_g, datatype: float64}
# - {name: sdss_r, datatype: float64}
# - {name: sdss_i, datatype: float64}
# - {name: sdss_z, datatype: float64}
# - {name: PS1_g, datatype: float64}
# - {name: PS1_r, datatype: float64}
# - {name: PS1_i, datatype: float64}
# - {name: PS1_z, datatype: float64}
# - {name: PS1_Y, datatype: float64}
# - {name: PS1_w, datatype: float64}
# - {name: ATLAS_c, datatype: float64}
# - {name: ATLAS_o, datatype: float64}
# - {name: ukirt_J, datatype: float64}
# - {name: ukirt_H, datatype: float64}
# - {name: ukirt_K, datatype: float64}
# - {name: Clear, datatype: float64}
# meta: !!omap
# - comment: [kappa = 0.5, type = villar, mass = 0.09533330950298248, velocity = 0.20233333333333337, theta_obs = 0.0, tfloor = 2500.0]
# schema: astropy-2.0
time swift_uvot_uvw2 swift_uvot_uvm2 swift_uvot_uvw1 swift_uvot_U swift_uvot_B swift_uvot_V swift_uvot_W johnson_U johnson_B johnson_V johnson_R johnson_I sdss_u sdss_g sdss_r sdss_i sdss_z PS1_g PS1_r PS1_i PS1_z PS1_Y PS1_w ATLAS_c ATLAS_o ukirt_J ukirt_H ukirt_K Clear
[from data line 342]
26.64146 -6.039 -0.841 -1.807 -3.509 -6.296 -8.298 -6.414 -4.006 -6.427 -8.417 -10.002 -11.078 -3.783 -7.146 -9.275 -10.4 -11.171 -8.121 -9.445 -10.479 -11.094 -11.553 -9.598 -8.36 -9.912 -12.082 -12.402 -12.463 -10.058
27.447213 -5.985 -0.786 -1.752 -3.455 -6.242 -8.244 -6.36 -3.952 -6.373 -8.362 -9.947 -11.024 -3.729 -7.092 -9.221 -10.346 -11.116 -8.067 -9.39 -10.424 -11.04 -11.499 -9.544 -8.306 -9.858 -12.028 -12.348 -12.409 -10.004
28.277335 -5.93 -0.732 -1.698 -3.401 -6.187 -8.19 -6.305 -3.897 -6.318 -8.308 -9.893 -10.97 -3.675 -7.038 -9.167 -10.291 -11.062 -8.012 -9.336 -10.37 -10.986 -11.445 -9.49 -8.251 -9.803 -11.973 -12.294 -12.354 -9.95
29.132564 -5.876 -0.677 -1.643 -3.346 -6.133 -8.135 -6.251 -3.843 -6.264 -8.254 -9.838 -10.915 -3.62 -6.983 -9.112 -10.237 -11.008 -7.958 -9.281 -10.315 -10.931 -11.39 -9.435 -8.197 -9.749 -11.919 -12.239 -12.3 -9.895
30.013659 -5.821 -0.623 -1.589 -3.292 -6.078 -8.081 -6.196 -3.788 -6.209 -8.199 -9.784 -10.861 -3.566 -6.929 -9.057 -10.182 -10.953 -7.903 -9.227 -10.261 -10.876 -11.336 -9.381 -8.142 -9.694 -11.864 -12.184 -12.245 -9.841
30.921401 -5.767 -0.568 -1.534 -3.237 -6.024 -8.026 -6.141 -3.734 -6.155 -8.144 -9.729 -10.806 -3.511 -6.874 -9.003 -10.127 -10.898 -7.849 -9.172 -10.206 -10.822 -11.281 -9.326 -8.087 -9.639 -11.81 -12.13 -12.19 -9.786
31.856598 -5.712 -0.513 -1.479 -3.182 -5.969 -7.971 -6.087 -3.679 -6.1 -8.09 -9.674 -10.751 -3.456 -6.819 -8.948 -10.073 -10.844 -7.794 -9.117 -10.151 -10.767 -11.226 -9.271 -8.033 -9.585 -11.755 -12.075 -12.136 -9.731
32.820079 -5.657 -0.459 -1.424 -3.127 -5.914 -7.916 -6.032 -3.624 -6.045 -8.035 -9.62 -10.696 -3.401 -6.764 -8.893 -10.018 -10.789 -7.739 -9.063 -10.096 -10.712 -11.171 -9.216 -7.978 -9.53 -11.7 -12.02 -12.081 -9.676
33.8127 -5.602 -0.404 -1.369 -3.072 -5.859 -7.861 -5.977 -3.569 -5.99 -7.98 -9.565 -10.641 -3.346 -6.709 -8.838 -9.963 -10.734 -7.684 -9.008 -10.041 -10.657 -11.116 -9.161 -7.923 -9.475 -11.645 -11.965 -12.026 -9.621
34.835342 -5.547 -0.349 -1.314 -3.017 -5.804 -7.806 -5.922 -3.514 -5.935 -7.925 -9.51 -10.586 -3.291 -6.654 -8.783 -9.908 -10.679 -7.629 -8.953 -9.986 -10.602 -11.061 -9.106 -7.868 -9.42 -11.59 -11.91 -11.971 -9.566
35.888913 -5.492 -0.293 -1.259 -2.962 -5.749 -7.751 -5.867 -3.459 -5.88 -7.87 -9.454 -10.531 -3.236 -6.599 -8.728 -9.853 -10.624 -7.574 -8.897 -9.931 -10.547 -11.006 -9.051 -7.813 -9.365 -11.535 -11.855 -11.916 -9.511
36.974349 -5.437 -0.238 -1.204 -2.907 -5.694 -7.696 -5.811 -3.404 -5.825 -7.814 -9.399 -10.476 -3.181 -6.544 -8.673 -9.797 -10.568 -7.519 -8.842 -9.876 -10.492 -10.951 -8.996 -7.757 -9.309 -11.48 -11.8 -11.86 -9.456
38.092613 -5.381 -0.183 -1.149 -2.852 -5.638 -7.641 -5.756 -3.348 -5.769 -7.759 -9.344 -10.421 -3.126 -6.489 -8.617 -9.742 -10.513 -7.463 -8.787 -9.821 -10.436 -10.896 -8.94 -7.702 -9.254 -11.424 -11.744 -11.805 -9.401
39.244698 -5.326 -0.127 -1.093 -2.796 -5.583 -7.585 -5.701 -3.293 -5.714 -7.704 -9.288 -10.365 -3.07 -6.433 -8.562 -9.687 -10.458 -7.408 -8.731 -9.765 -10.381 -10.84 -8.885 -7.647 -9.199 -11.369 -11.689 -11.75 -9.345
40.431627 -5.27 -0.072 -1.038 -2.741 -5.527 -7.53 -5.645 -3.237 -5.658 -7.648 -9.233 -10.31 -3.015 -6.378 -8.507 -9.631 -10.402 -7.352 -8.676 -9.71 -10.326 -10.785 -8.83 -7.591 -9.143 -11.313 -11.634 -11.694 -9.29
41.654454 -5.215 -0.016 -0.982 -2.685 -5.472 -7.474 -5.59 -3.182 -5.603 -7.592 -9.177 -10.254 -2.959 -6.322 -8.451 -9.576 -10.346 -7.297 -8.62 -9.654 -10.27 -10.729 -8.774 -7.536 -9.088 -11.258 -11.578 -11.639 -9.234
42.914265 -5.159 0.039 -0.927 -2.629 -5.416 -7.418 -5.534 -3.126 -5.547 -7.537 -9.122 -10.198 -2.903 -6.267 -8.395 -9.52 -10.291 -7.241 -8.565 -9.599 -10.214 -10.673 -8.718 -7.48 -9.032 -11.202 -11.522 -11.583 -9.178
44.212178 -5.103 0.095 -0.871 -2.574 -5.36 -7.363 -5.478 -3.07 -5.491 -7.481 -9.066 -10.143 -2.848 -6.211 -8.339 -9.464 -10.235 -7.185 -8.509 -9.543 -10.158 -10.618 -8.662 -7.424 -8.976 -11.146 -11.466 -11.527 -9.123
45.549345 -5.047 0.151 -0.815 -2.518 -5.305 -7.307 -5.422 -3.015 -5.436 -7.425 -9.01 -10.087 -2.792 -6.155 -8.284 -9.408 -10.179 -7.13 -8.453 -9.487 -10.103 -10.562 -8.607 -7.368 -8.92 -11.09 -11.411 -11.471 -9.067
46.926954 -4.991 0.207 -0.759 -2.462 -5.249 -7.251 -5.366 -2.959 -5.38 -7.369 -8.954 -10.031 -2.736 -6.099 -8.228 -9.352 -10.123 -7.074 -8.397 -9.431 -10.047 -10.506 -8.551 -7.312 -8.864 -11.034 -11.355 -11.415 -9.011
48.346227 -4.935 0.263 -0.703 -2.406 -5.193 -7.195 -5.31 -2.903 -5.324 -7.313 -8.898 -9.975 -2.68 -6.043 -8.172 -9.296 -10.067 -7.018 -8.341 -9.375 -9.991 -10.45 -8.495 -7.256 -8.808 -10.978 -11.299 -11.359 -8.955
49.808426 -4.879 0.319 -0.647 -2.35 -5.136 -7.139 -5.254 -2.846 -5.267 -7.257 -8.842 -9.919 -2.624 -5.987 -8.115 -9.24 -10.011 -6.961 -8.285 -9.319 -9.934 -10.394 -8.439 -7.2 -8.752 -10.922 -11.242 -11.303 -8.899
51.314848 -4.823 0.375 -0.591 -2.293 -5.08 -7.082 -5.198 -2.79 -5.211 -7.201 -8.786 -9.862 -2.568 -5.931 -8.059 -9.184 -9.955 -6.905 -8.229 -9.263 -9.878 -10.337 -8.382 -7.144 -8.696 -10.866 -11.186 -11.247 -8.842
52.86683 -4.767 0.432 -0.534 -2.237 -5.024 -7.026 -5.142 -2.734 -5.155 -7.144 -8.729 -9.806 -2.511 -5.874 -8.003 -9.128 -9.898 -6.849 -8.172 -9.206 -9.822 -10.281 -8.326 -7.088 -8.64 -10.81 -11.13 -11.191 -8.786
54.465752 -4.71 0.488 -0.478 -2.181 -4.968 -6.97 -5.085 -2.678 -5.099 -7.088 -8.673 -9.75 -2.455 -5.818 -7.947 -9.071 -9.842 -6.793 -8.116 -9.15 -9.766 -10.225 -8.27 -7.031 -8.583 -10.753 -11.074 -11.134 -8.73
56.113031 -4.654 0.544 -0.421 -2.124 -4.911 -6.913 -5.029 -2.621 -5.042 -7.032 -8.616 -9.693 -2.398 -5.761 -7.89 -9.015 -9.786 -6.736 -8.06 -9.093 -9.709 -10.168 -8.213 -6.975 -8.527 -10.697 -11.017 -11.078 -8.673
57.810132 -4.597 0.601 -0.365 -2.068 -4.855 -6.857 -4.972 -2.565 -4.986 -6.975 -8.56 -9.637 -2.342 -5.705 -7.834 -8.958 -9.729 -6.68 -8.003 -9.037 -9.653 -10.112 -8.157 -6.918 -8.47 -10.64 -10.961 -11.021 -8.617
59.55856 -4.541 0.658 -0.308 -2.011 -4.798 -6.8 -4.916 -2.508 -4.929 -6.918 -8.503 -9.58 -2.285 -5.648 -7.777 -8.902 -9.672 -6.623 -7.946 -8.98 -9.596 -10.055 -8.1 -6.862 -8.414 -10.584 -10.904 -10.965 -8.56
61.359868 -4.484 0.714 -0.252 -1.954 -4.741 -6.743 -4.859 -2.451 -4.872 -6.862 -8.447 -9.523 -2.228 -5.592 -7.72 -8.845 -9.616 -6.566 -7.89 -8.924 -9.539 -9.998 -8.043 -6.805 -8.357 -10.527 -10.847 -10.908 -8.503
63.215655 -4.427 0.771 -0.195 -1.898 -4.684 -6.687 -4.802 -2.394 -4.815 -6.805 -8.39 -9.467 -2.172 -5.535 -7.663 -8.788 -9.559 -6.509 -7.833 -8.867 -9.482 -9.942 -7.986 -6.748 -8.3 -10.47 -10.79 -10.851 -8.447
65.127569 -4.37 0.828 -0.138 -1.841 -4.627 -6.63 -4.745 -2.338 -4.759 -6.748 -8.333 -9.41 -2.115 -5.478 -7.607 -8.731 -9.502 -6.452 -7.776 -8.81 -9.426 -9.885 -7.93 -6.691 -8.243 -10.413 -10.734 -10.794 -8.39
67.097308 -4.313 0.885 -0.081 -1.784 -4.571 -6.573 -4.688 -2.281 -4.702 -6.691 -8.276 -9.353 -2.058 -5.421 -7.55 -8.674 -9.445 -6.396 -7.719 -8.753 -9.369 -9.828 -7.873 -6.634 -8.186 -10.356 -10.677 -10.737 -8.333
69.126621 -4.256 0.942 -0.024 -1.727 -4.514 -6.516 -4.631 -2.224 -4.645 -6.634 -8.219 -9.296 -2.001 -5.364 -7.493 -8.617 -9.388 -6.339 -7.662 -8.696 -9.312 -9.771 -7.816 -6.577 -8.129 -10.299 -10.62 -10.68 -8.276
71.217308 -4.199 0.999 0.033 -1.67 -4.456 -6.459 -4.574 -2.166 -4.587 -6.577 -8.162 -9.239 -1.944 -5.307 -7.435 -8.56 -9.331 -6.281 -7.605 -8.639 -9.254 -9.714 -7.758 -6.52 -8.072 -10.242 -10.562 -10.623 -8.219
73.371227 -4.142 1.056 0.09 -1.612 -4.399 -6.401 -4.517 -2.109 -4.53 -6.52 -8.105 -9.182 -1.887 -5.25 -7.378 -8.503 -9.274 -6.224 -7.548 -8.582 -9.197 -9.656 -7.701 -6.463 -8.015 -10.185 -10.505 -10.566 -8.161
75.59029 -4.085 1.114 0.148 -1.555 -4.342 -6.344 -4.46 -2.052 -4.473 -6.463 -8.047 -9.124 -1.829 -5.192 -7.321 -8.446 -9.217 -6.167 -7.49 -8.524 -9.14 -9.599 -7.644 -6.406 -7.958 -10.128 -10.448 -10.509 -8.104
77.876467 -4.028 1.171 0.205 -1.498 -4.285 -6.287 -4.402 -1.995 -4.416 -6.405 -7.99 -9.067 -1.772 -5.135 -7.264 -8.388 -9.159 -6.11 -7.433 -8.467 -9.083 -9.542 -7.587 -6.348 -7.9 -10.07 -10.391 -10.451 -8.047
80.231787 -3.97 1.228 0.262 -1.44 -4.227 -6.229 -4.345 -1.937 -4.358 -6.348 -7.933 -9.009 -1.714 -5.078 -7.206 -8.331 -9.102 -6.052 -7.376 -8.41 -9.025 -9.484 -7.529 -6.291 -7.843 -10.013 -10.333 -10.394 -7.989
82.658343 -3.913 1.286 0.32 -1.383 -4.17 -6.172 -4.287 -1.88 -4.301 -6.29 -7.875 -8.952 -1.657 -5.02 -7.149 -8.273 -9.044 -5.995 -7.318 -8.352 -8.968 -9.427 -7.472 -6.233 -7.785 -9.955 -10.276 -10.336 -7.932
85.158288 -3.855 1.343 0.378 -1.325 -4.112 -6.114 -4.23 -1.822 -4.243 -6.233 -7.818 -8.894 -1.599 -4.962 -7.091 -8.216 -8.987 -5.937 -7.261 -8.294 -8.91 -9.369 -7.414 -6.176 -7.728 -9.898 -10.218 -10.279 -7.874
87.733843 -3.797 1.401 0.435 -1.268 -4.054 -6.057 -4.172 -1.764 -4.185 -6.175 -7.76 -8.837 -1.542 -4.905 -7.034 -8.158 -8.929 -5.879 -7.203 -8.237 -8.853 -9.312 -7.357 -6.118 -7.67 -9.84 -10.161 -10.221 -7.817
90.387293 -3.74 1.459 0.493 -1.21 -3.997 -5.999 -4.114 -1.707 -4.128 -6.117 -7.702 -8.779 -1.484 -4.847 -6.976 -8.1 -8.871 -5.822 -7.145 -8.179 -8.795 -9.254 -7.299 -6.06 -7.613 -9.783 -10.103 -10.163 -7.759
93.120995 -3.682 1.517 0.551 -1.152 -3.939 -5.941 -4.057 -1.649 -4.07 -6.06 -7.644 -8.721 -1.426 -4.789 -6.918 -8.043 -8.814 -5.764 -7.087 -8.121 -8.737 -9.196 -7.241 -6.003 -7.555 -9.725 -10.045 -10.106 -7.701
95.937376 -3.624 1.574 0.609 -1.094 -3.881 -5.883 -3.999 -1.591 -4.012 -6.002 -7.587 -8.663 -1.368 -4.731 -6.86 -7.985 -8.756 -5.706 -7.03 -8.063 -8.679 -9.138 -7.183 -5.945 -7.497 -9.667 -9.987 -10.048 -7.643
98.838937 -3.566 1.632 0.666 -1.036 -3.823 -5.825 -3.941 -1.533 -3.954 -5.944 -7.529 -8.605 -1.31 -4.673 -6.802 -7.927 -8.698 -5.648 -6.972 -8.005 -8.621 -9.08 -7.125 -5.887 -7.439 -9.609 -9.929 -9.99 -7.585
101.828253 -3.508 1.69 0.724 -0.978 -3.765 -5.767 -3.883 -1.475 -3.896 -5.886 -7.471 -8.547 -1.252 -4.615 -6.744 -7.869 -8.64 -5.59 -6.914 -7.947 -8.563 -9.022 -7.067 -5.829 -7.381 -9.551 -9.871 -9.932 -7.527
104.907979 -3.45 1.748 0.783 -0.92 -3.707 -5.709 -3.825 -1.417 -3.838 -5.828 -7.413 -8.489 -1.194 -4.557 -6.686 -7.811 -8.582 -5.532 -6.856 -7.889 -8.505 -8.964 -7.009 -5.771 -7.323 -9.493 -9.813 -9.874 -7.469
108.080849 -3.392 1.807 0.841 -0.862 -3.649 -5.651 -3.767 -1.359 -3.78 -5.77 -7.354 -8.431 -1.136 -4.499 -6.628 -7.753 -8.524 -5.474 -6.797 -7.831 -8.447 -8.906 -6.951 -5.713 -7.265 -9.435 -9.755 -9.816 -7.411
111.349681 -3.334 1.865 0.899 -0.804 -3.591 -5.593 -3.708 -1.301 -3.722 -5.711 -7.296 -8.373 -1.078 -4.441 -6.57 -7.694 -8.465 -5.416 -6.739 -7.773 -8.389 -8.848 -6.893 -5.654 -7.206 -9.377 -9.697 -9.757 -7.353
114.717376 -3.275 1.923 0.957 -0.746 -3.532 -5.535 -3.65 -1.242 -3.663 -5.653 -7.238 -8.315 -1.02 -4.383 -6.512 -7.636 -8.407 -5.357 -6.681 -7.715 -8.33 -8.79 -6.835 -5.596 -7.148 -9.318 -9.639 -9.699 -7.295
118.186925 -3.217 1.981 1.016 -0.687 -3.474 -5.476 -3.592 -1.184 -3.605 -5.595 -7.18 -8.256 -0.961 -4.324 -6.453 -7.578 -8.349 -5.299 -6.623 -7.656 -8.272 -8.731 -6.776 -5.538 -7.09 -9.26 -9.58 -9.641 -7.236
121.761408 -3.159 2.04 1.074 -0.629 -3.416 -5.418 -3.533 -1.126 -3.547 -5.536 -7.121 -8.198 -0.903 -4.266 -6.395 -7.519 -8.29 -5.241 -6.564 -7.598 -8.214 -8.673 -6.718 -5.479 -7.031 -9.201 -9.522 -9.582 -7.178
125.443999 -3.1 2.098 1.132 -0.57 -3.357 -5.359 -3.475 -1.067 -3.488 -5.478 -7.063 -8.139 -0.844 -4.208 -6.336 -7.461 -8.232 -5.182 -6.506 -7.54 -8.155 -8.614 -6.659 -5.421 -6.973 -9.143 -9.463 -9.524 -7.119
129.237967 -3.042 2.157 1.191 -0.512 -3.299 -5.301 -3.416 -1.009 -3.43 -5.419 -7.004 -8.081 -0.786 -4.149 -6.278 -7.402 -8.173 -5.124 -6.447 -7.481 -8.097 -8.556 -6.601 -5.362 -6.914 -9.084 -9.405 -9.465 -7.061
133.146681 -2.983 2.216 1.25 -0.453 -3.24 -5.242 -3.358 -0.95 -3.371 -5.361 -6.945 -8.022 -0.727 -4.09 -6.219 -7.344 -8.115 -5.065 -6.388 -7.422 -8.038 -8.497 -6.542 -5.304 -6.856 -9.026 -9.346 -9.407 -7.002
137.173612 -2.924 2.274 1.308 -0.395 -3.181 -5.183 -3.299 -0.891 -3.312 -5.302 -6.887 -7.964 -0.669 -4.032 -6.16 -7.285 -8.056 -5.006 -6.33 -7.364 -7.979 -8.439 -6.483 -5.245 -6.797 -8.967 -9.287 -9.348 -6.944
141.322334 -2.865 2.333 1.367 -0.336 -3.123 -5.125 -3.24 -0.833 -3.254 -5.243 -6.828 -7.905 -0.61 -3.973 -6.102 -7.226 -7.997 -4.948 -6.271 -7.305 -7.921 -8.38 -6.425 -5.186 -6.738 -8.908 -9.229 -9.289 -6.885
145.596532 -2.807 2.392 1.426 -0.277 -3.064 -5.066 -3.181 -0.774 -3.195 -5.184 -6.769 -7.846 -0.551 -3.914 -6.043 -7.168 -7.938 -4.889 -6.212 -7.246 -7.862 -8.321 -6.366 -5.127 -6.68 -8.85 -9.17 -9.23 -6.826
150.0 -2.748 2.451 1.485 -0.218 -3.005 -5.007 -3.123 -0.715 -3.136 -5.125 -6.71 -7.787 -0.492 -3.855 -5.984 -7.109 -7.879 -4.83 -6.153 -7.187 -7.803 -8.262 -6.307 -5.069 -6.621 -8.791 -9.111 -9.172 -6.767
