web/models/linear/82/-19_347_1_256.dat
# %ECSV 1.0
# ---
# datatype:
# - {name: time, datatype: float64}
# - {name: sdss_u, datatype: float64}
# - {name: sdss_g, datatype: float64}
# - {name: sdss_r, datatype: float64}
# - {name: sdss_i, datatype: float64}
# - {name: sdss_z, datatype: float64}
# - {name: Clear, datatype: float64}
# - {name: johnson_B, datatype: float64}
# - {name: johnson_V, datatype: float64}
# - {name: johnson_R, datatype: float64}
# - {name: johnson_I, datatype: float64}
# - {name: ukirt_J, datatype: float64}
# - {name: ukirt_H, datatype: float64}
# - {name: ukirt_K, datatype: float64}
# meta: !!omap
# - comment: [M=-19.346938775510203, dM=1.2558163076585405]
# schema: astropy-2.0
time sdss_u sdss_g sdss_r sdss_i sdss_z Clear johnson_B johnson_V johnson_R johnson_I ukirt_J ukirt_H ukirt_K
[from data line 178]
13.417085427135678 -2.4975440948654644 -2.4975440948654644 -2.4975440948654644 -2.4975440948654644 -2.4975440948654644 -2.4975440948654644 -2.4975440948654644 -2.4975440948654644 -2.4975440948654644 -2.4975440948654644 -2.4975440948654644 -2.4975440948654644 -2.4975440948654644
13.492462311557787 -2.402884574187688 -2.402884574187688 -2.402884574187688 -2.402884574187688 -2.402884574187688 -2.402884574187688 -2.402884574187688 -2.402884574187688 -2.402884574187688 -2.402884574187688 -2.402884574187688 -2.402884574187688 -2.402884574187688
13.567839195979898 -2.308225053509908 -2.308225053509908 -2.308225053509908 -2.308225053509908 -2.308225053509908 -2.308225053509908 -2.308225053509908 -2.308225053509908 -2.308225053509908 -2.308225053509908 -2.308225053509908 -2.308225053509908 -2.308225053509908
13.64321608040201 -2.2135655328321278 -2.2135655328321278 -2.2135655328321278 -2.2135655328321278 -2.2135655328321278 -2.2135655328321278 -2.2135655328321278 -2.2135655328321278 -2.2135655328321278 -2.2135655328321278 -2.2135655328321278 -2.2135655328321278 -2.2135655328321278
13.718592964824118 -2.1189060121543477 -2.1189060121543477 -2.1189060121543477 -2.1189060121543477 -2.1189060121543477 -2.1189060121543477 -2.1189060121543477 -2.1189060121543477 -2.1189060121543477 -2.1189060121543477 -2.1189060121543477 -2.1189060121543477 -2.1189060121543477
13.79396984924623 -2.0242464914765677 -2.0242464914765677 -2.0242464914765677 -2.0242464914765677 -2.0242464914765677 -2.0242464914765677 -2.0242464914765677 -2.0242464914765677 -2.0242464914765677 -2.0242464914765677 -2.0242464914765677 -2.0242464914765677 -2.0242464914765677
13.86934673366834 -1.9295869707987912 -1.9295869707987912 -1.9295869707987912 -1.9295869707987912 -1.9295869707987912 -1.9295869707987912 -1.9295869707987912 -1.9295869707987912 -1.9295869707987912 -1.9295869707987912 -1.9295869707987912 -1.9295869707987912 -1.9295869707987912
13.944723618090451 -1.834927450121011 -1.834927450121011 -1.834927450121011 -1.834927450121011 -1.834927450121011 -1.834927450121011 -1.834927450121011 -1.834927450121011 -1.834927450121011 -1.834927450121011 -1.834927450121011 -1.834927450121011 -1.834927450121011
14.020100502512562 -1.740267929443231 -1.740267929443231 -1.740267929443231 -1.740267929443231 -1.740267929443231 -1.740267929443231 -1.740267929443231 -1.740267929443231 -1.740267929443231 -1.740267929443231 -1.740267929443231 -1.740267929443231 -1.740267929443231
14.095477386934672 -1.645608408765451 -1.645608408765451 -1.645608408765451 -1.645608408765451 -1.645608408765451 -1.645608408765451 -1.645608408765451 -1.645608408765451 -1.645608408765451 -1.645608408765451 -1.645608408765451 -1.645608408765451 -1.645608408765451
14.170854271356783 -1.550948888087671 -1.550948888087671 -1.550948888087671 -1.550948888087671 -1.550948888087671 -1.550948888087671 -1.550948888087671 -1.550948888087671 -1.550948888087671 -1.550948888087671 -1.550948888087671 -1.550948888087671 -1.550948888087671
14.246231155778894 -1.456289367409891 -1.456289367409891 -1.456289367409891 -1.456289367409891 -1.456289367409891 -1.456289367409891 -1.456289367409891 -1.456289367409891 -1.456289367409891 -1.456289367409891 -1.456289367409891 -1.456289367409891 -1.456289367409891
14.321608040201003 -1.3616298467321144 -1.3616298467321144 -1.3616298467321144 -1.3616298467321144 -1.3616298467321144 -1.3616298467321144 -1.3616298467321144 -1.3616298467321144 -1.3616298467321144 -1.3616298467321144 -1.3616298467321144 -1.3616298467321144 -1.3616298467321144
14.396984924623114 -1.2669703260543344 -1.2669703260543344 -1.2669703260543344 -1.2669703260543344 -1.2669703260543344 -1.2669703260543344 -1.2669703260543344 -1.2669703260543344 -1.2669703260543344 -1.2669703260543344 -1.2669703260543344 -1.2669703260543344 -1.2669703260543344
14.472361809045225 -1.1723108053765543 -1.1723108053765543 -1.1723108053765543 -1.1723108053765543 -1.1723108053765543 -1.1723108053765543 -1.1723108053765543 -1.1723108053765543 -1.1723108053765543 -1.1723108053765543 -1.1723108053765543 -1.1723108053765543 -1.1723108053765543
14.547738693467336 -1.0776512846987742 -1.0776512846987742 -1.0776512846987742 -1.0776512846987742 -1.0776512846987742 -1.0776512846987742 -1.0776512846987742 -1.0776512846987742 -1.0776512846987742 -1.0776512846987742 -1.0776512846987742 -1.0776512846987742 -1.0776512846987742
14.623115577889447 -0.9829917640209942 -0.9829917640209942 -0.9829917640209942 -0.9829917640209942 -0.9829917640209942 -0.9829917640209942 -0.9829917640209942 -0.9829917640209942 -0.9829917640209942 -0.9829917640209942 -0.9829917640209942 -0.9829917640209942 -0.9829917640209942
14.698492462311556 -0.8883322433432177 -0.8883322433432177 -0.8883322433432177 -0.8883322433432177 -0.8883322433432177 -0.8883322433432177 -0.8883322433432177 -0.8883322433432177 -0.8883322433432177 -0.8883322433432177 -0.8883322433432177 -0.8883322433432177 -0.8883322433432177
14.773869346733667 -0.7936727226654376 -0.7936727226654376 -0.7936727226654376 -0.7936727226654376 -0.7936727226654376 -0.7936727226654376 -0.7936727226654376 -0.7936727226654376 -0.7936727226654376 -0.7936727226654376 -0.7936727226654376 -0.7936727226654376 -0.7936727226654376
14.849246231155778 -0.6990132019876576 -0.6990132019876576 -0.6990132019876576 -0.6990132019876576 -0.6990132019876576 -0.6990132019876576 -0.6990132019876576 -0.6990132019876576 -0.6990132019876576 -0.6990132019876576 -0.6990132019876576 -0.6990132019876576 -0.6990132019876576
14.924623115577887 -0.6043536813098775 -0.6043536813098775 -0.6043536813098775 -0.6043536813098775 -0.6043536813098775 -0.6043536813098775 -0.6043536813098775 -0.6043536813098775 -0.6043536813098775 -0.6043536813098775 -0.6043536813098775 -0.6043536813098775 -0.6043536813098775
15.0 -0.5096941606320975 -0.5096941606320975 -0.5096941606320975 -0.5096941606320975 -0.5096941606320975 -0.5096941606320975 -0.5096941606320975 -0.5096941606320975 -0.5096941606320975 -0.5096941606320975 -0.5096941606320975 -0.5096941606320975 -0.5096941606320975
