web/models/linear/82/-19_347_2_000.dat
# %ECSV 1.0
# ---
# datatype:
# - {name: time, datatype: float64}
# - {name: swift_uvot_uvw2, datatype: float64}
# - {name: swift_uvot_uvm2, datatype: float64}
# - {name: swift_uvot_uvw1, datatype: float64}
# - {name: swift_uvot_U, datatype: float64}
# - {name: swift_uvot_B, datatype: float64}
# - {name: swift_uvot_V, datatype: float64}
# - {name: swift_uvot_W, datatype: float64}
# - {name: johnson_U, datatype: float64}
# - {name: johnson_B, datatype: float64}
# - {name: johnson_V, datatype: float64}
# - {name: johnson_R, datatype: float64}
# - {name: johnson_I, datatype: float64}
# - {name: sdss_u, datatype: float64}
# - {name: sdss_g, datatype: float64}
# - {name: sdss_r, datatype: float64}
# - {name: sdss_i, datatype: float64}
# - {name: sdss_z, datatype: float64}
# - {name: PS1_g, datatype: float64}
# - {name: PS1_r, datatype: float64}
# - {name: PS1_i, datatype: float64}
# - {name: PS1_z, datatype: float64}
# - {name: PS1_Y, datatype: float64}
# - {name: PS1_w, datatype: float64}
# - {name: ATLAS_c, datatype: float64}
# - {name: ATLAS_o, datatype: float64}
# - {name: ukirt_J, datatype: float64}
# - {name: ukirt_H, datatype: float64}
# - {name: ukirt_K, datatype: float64}
# - {name: Clear, datatype: float64}
# meta: !!omap
# - comment: [M=-19.346938775510203, dM=2.0]
# schema: astropy-2.0
time swift_uvot_uvw2 swift_uvot_uvm2 swift_uvot_uvw1 swift_uvot_U swift_uvot_B swift_uvot_V swift_uvot_W johnson_U johnson_B johnson_V johnson_R johnson_I sdss_u sdss_g sdss_r sdss_i sdss_z PS1_g PS1_r PS1_i PS1_z PS1_Y PS1_w ATLAS_c ATLAS_o ukirt_J ukirt_H ukirt_K Clear
[from data line 28]
2.1105527638190953 -15.125833247872013 -15.125833247872013 -15.125833247872013 -15.125833247872013 -15.125833247872013 -15.125833247872013 -15.125833247872013 -15.125833247872013 -15.125833247872013 -15.125833247872013 -15.125833247872013 -15.125833247872013 -15.125833247872013 -15.125833247872013 -15.125833247872013 -15.125833247872013 -15.125833247872013 -15.125833247872013 -15.125833247872013 -15.125833247872013 -15.125833247872013 -15.125833247872013 -15.125833247872013 -15.125833247872013 -15.125833247872013 -15.125833247872013 -15.125833247872013 -15.125833247872013 -15.125833247872013
2.185929648241206 -14.97507947902779 -14.97507947902779 -14.97507947902779 -14.97507947902779 -14.97507947902779 -14.97507947902779 -14.97507947902779 -14.97507947902779 -14.97507947902779 -14.97507947902779 -14.97507947902779 -14.97507947902779 -14.97507947902779 -14.97507947902779 -14.97507947902779 -14.97507947902779 -14.97507947902779 -14.97507947902779 -14.97507947902779 -14.97507947902779 -14.97507947902779 -14.97507947902779 -14.97507947902779 -14.97507947902779 -14.97507947902779 -14.97507947902779 -14.97507947902779 -14.97507947902779 -14.97507947902779
2.2613065326633164 -14.82432571018357 -14.82432571018357 -14.82432571018357 -14.82432571018357 -14.82432571018357 -14.82432571018357 -14.82432571018357 -14.82432571018357 -14.82432571018357 -14.82432571018357 -14.82432571018357 -14.82432571018357 -14.82432571018357 -14.82432571018357 -14.82432571018357 -14.82432571018357 -14.82432571018357 -14.82432571018357 -14.82432571018357 -14.82432571018357 -14.82432571018357 -14.82432571018357 -14.82432571018357 -14.82432571018357 -14.82432571018357 -14.82432571018357 -14.82432571018357 -14.82432571018357 -14.82432571018357
2.336683417085427 -14.67357194133935 -14.67357194133935 -14.67357194133935 -14.67357194133935 -14.67357194133935 -14.67357194133935 -14.67357194133935 -14.67357194133935 -14.67357194133935 -14.67357194133935 -14.67357194133935 -14.67357194133935 -14.67357194133935 -14.67357194133935 -14.67357194133935 -14.67357194133935 -14.67357194133935 -14.67357194133935 -14.67357194133935 -14.67357194133935 -14.67357194133935 -14.67357194133935 -14.67357194133935 -14.67357194133935 -14.67357194133935 -14.67357194133935 -14.67357194133935 -14.67357194133935 -14.67357194133935
2.4120603015075375 -14.522818172495128 -14.522818172495128 -14.522818172495128 -14.522818172495128 -14.522818172495128 -14.522818172495128 -14.522818172495128 -14.522818172495128 -14.522818172495128 -14.522818172495128 -14.522818172495128 -14.522818172495128 -14.522818172495128 -14.522818172495128 -14.522818172495128 -14.522818172495128 -14.522818172495128 -14.522818172495128 -14.522818172495128 -14.522818172495128 -14.522818172495128 -14.522818172495128 -14.522818172495128 -14.522818172495128 -14.522818172495128 -14.522818172495128 -14.522818172495128 -14.522818172495128 -14.522818172495128
2.487437185929648 -14.372064403650906 -14.372064403650906 -14.372064403650906 -14.372064403650906 -14.372064403650906 -14.372064403650906 -14.372064403650906 -14.372064403650906 -14.372064403650906 -14.372064403650906 -14.372064403650906 -14.372064403650906 -14.372064403650906 -14.372064403650906 -14.372064403650906 -14.372064403650906 -14.372064403650906 -14.372064403650906 -14.372064403650906 -14.372064403650906 -14.372064403650906 -14.372064403650906 -14.372064403650906 -14.372064403650906 -14.372064403650906 -14.372064403650906 -14.372064403650906 -14.372064403650906 -14.372064403650906
2.5628140703517586 -14.221310634806686 -14.221310634806686 -14.221310634806686 -14.221310634806686 -14.221310634806686 -14.221310634806686 -14.221310634806686 -14.221310634806686 -14.221310634806686 -14.221310634806686 -14.221310634806686 -14.221310634806686 -14.221310634806686 -14.221310634806686 -14.221310634806686 -14.221310634806686 -14.221310634806686 -14.221310634806686 -14.221310634806686 -14.221310634806686 -14.221310634806686 -14.221310634806686 -14.221310634806686 -14.221310634806686 -14.221310634806686 -14.221310634806686 -14.221310634806686 -14.221310634806686 -14.221310634806686
2.638190954773869 -14.070556865962466 -14.070556865962466 -14.070556865962466 -14.070556865962466 -14.070556865962466 -14.070556865962466 -14.070556865962466 -14.070556865962466 -14.070556865962466 -14.070556865962466 -14.070556865962466 -14.070556865962466 -14.070556865962466 -14.070556865962466 -14.070556865962466 -14.070556865962466 -14.070556865962466 -14.070556865962466 -14.070556865962466 -14.070556865962466 -14.070556865962466 -14.070556865962466 -14.070556865962466 -14.070556865962466 -14.070556865962466 -14.070556865962466 -14.070556865962466 -14.070556865962466 -14.070556865962466
2.7135678391959797 -13.919803097118244 -13.919803097118244 -13.919803097118244 -13.919803097118244 -13.919803097118244 -13.919803097118244 -13.919803097118244 -13.919803097118244 -13.919803097118244 -13.919803097118244 -13.919803097118244 -13.919803097118244 -13.919803097118244 -13.919803097118244 -13.919803097118244 -13.919803097118244 -13.919803097118244 -13.919803097118244 -13.919803097118244 -13.919803097118244 -13.919803097118244 -13.919803097118244 -13.919803097118244 -13.919803097118244 -13.919803097118244 -13.919803097118244 -13.919803097118244 -13.919803097118244 -13.919803097118244
2.78894472361809 -13.769049328274022 -13.769049328274022 -13.769049328274022 -13.769049328274022 -13.769049328274022 -13.769049328274022 -13.769049328274022 -13.769049328274022 -13.769049328274022 -13.769049328274022 -13.769049328274022 -13.769049328274022 -13.769049328274022 -13.769049328274022 -13.769049328274022 -13.769049328274022 -13.769049328274022 -13.769049328274022 -13.769049328274022 -13.769049328274022 -13.769049328274022 -13.769049328274022 -13.769049328274022 -13.769049328274022 -13.769049328274022 -13.769049328274022 -13.769049328274022 -13.769049328274022 -13.769049328274022
2.8643216080402008 -13.618295559429802 -13.618295559429802 -13.618295559429802 -13.618295559429802 -13.618295559429802 -13.618295559429802 -13.618295559429802 -13.618295559429802 -13.618295559429802 -13.618295559429802 -13.618295559429802 -13.618295559429802 -13.618295559429802 -13.618295559429802 -13.618295559429802 -13.618295559429802 -13.618295559429802 -13.618295559429802 -13.618295559429802 -13.618295559429802 -13.618295559429802 -13.618295559429802 -13.618295559429802 -13.618295559429802 -13.618295559429802 -13.618295559429802 -13.618295559429802 -13.618295559429802 -13.618295559429802
2.9396984924623113 -13.467541790585582 -13.467541790585582 -13.467541790585582 -13.467541790585582 -13.467541790585582 -13.467541790585582 -13.467541790585582 -13.467541790585582 -13.467541790585582 -13.467541790585582 -13.467541790585582 -13.467541790585582 -13.467541790585582 -13.467541790585582 -13.467541790585582 -13.467541790585582 -13.467541790585582 -13.467541790585582 -13.467541790585582 -13.467541790585582 -13.467541790585582 -13.467541790585582 -13.467541790585582 -13.467541790585582 -13.467541790585582 -13.467541790585582 -13.467541790585582 -13.467541790585582 -13.467541790585582
3.015075376884422 -13.31678802174136 -13.31678802174136 -13.31678802174136 -13.31678802174136 -13.31678802174136 -13.31678802174136 -13.31678802174136 -13.31678802174136 -13.31678802174136 -13.31678802174136 -13.31678802174136 -13.31678802174136 -13.31678802174136 -13.31678802174136 -13.31678802174136 -13.31678802174136 -13.31678802174136 -13.31678802174136 -13.31678802174136 -13.31678802174136 -13.31678802174136 -13.31678802174136 -13.31678802174136 -13.31678802174136 -13.31678802174136 -13.31678802174136 -13.31678802174136 -13.31678802174136 -13.31678802174136
3.0904522613065324 -13.166034252897138 -13.166034252897138 -13.166034252897138 -13.166034252897138 -13.166034252897138 -13.166034252897138 -13.166034252897138 -13.166034252897138 -13.166034252897138 -13.166034252897138 -13.166034252897138 -13.166034252897138 -13.166034252897138 -13.166034252897138 -13.166034252897138 -13.166034252897138 -13.166034252897138 -13.166034252897138 -13.166034252897138 -13.166034252897138 -13.166034252897138 -13.166034252897138 -13.166034252897138 -13.166034252897138 -13.166034252897138 -13.166034252897138 -13.166034252897138 -13.166034252897138 -13.166034252897138
3.165829145728643 -13.015280484052917 -13.015280484052917 -13.015280484052917 -13.015280484052917 -13.015280484052917 -13.015280484052917 -13.015280484052917 -13.015280484052917 -13.015280484052917 -13.015280484052917 -13.015280484052917 -13.015280484052917 -13.015280484052917 -13.015280484052917 -13.015280484052917 -13.015280484052917 -13.015280484052917 -13.015280484052917 -13.015280484052917 -13.015280484052917 -13.015280484052917 -13.015280484052917 -13.015280484052917 -13.015280484052917 -13.015280484052917 -13.015280484052917 -13.015280484052917 -13.015280484052917 -13.015280484052917
3.2412060301507535 -12.864526715208697 -12.864526715208697 -12.864526715208697 -12.864526715208697 -12.864526715208697 -12.864526715208697 -12.864526715208697 -12.864526715208697 -12.864526715208697 -12.864526715208697 -12.864526715208697 -12.864526715208697 -12.864526715208697 -12.864526715208697 -12.864526715208697 -12.864526715208697 -12.864526715208697 -12.864526715208697 -12.864526715208697 -12.864526715208697 -12.864526715208697 -12.864526715208697 -12.864526715208697 -12.864526715208697 -12.864526715208697 -12.864526715208697 -12.864526715208697 -12.864526715208697 -12.864526715208697
3.316582914572864 -12.713772946364475 -12.713772946364475 -12.713772946364475 -12.713772946364475 -12.713772946364475 -12.713772946364475 -12.713772946364475 -12.713772946364475 -12.713772946364475 -12.713772946364475 -12.713772946364475 -12.713772946364475 -12.713772946364475 -12.713772946364475 -12.713772946364475 -12.713772946364475 -12.713772946364475 -12.713772946364475 -12.713772946364475 -12.713772946364475 -12.713772946364475 -12.713772946364475 -12.713772946364475 -12.713772946364475 -12.713772946364475 -12.713772946364475 -12.713772946364475 -12.713772946364475 -12.713772946364475
3.3919597989949746 -12.563019177520253 -12.563019177520253 -12.563019177520253 -12.563019177520253 -12.563019177520253 -12.563019177520253 -12.563019177520253 -12.563019177520253 -12.563019177520253 -12.563019177520253 -12.563019177520253 -12.563019177520253 -12.563019177520253 -12.563019177520253 -12.563019177520253 -12.563019177520253 -12.563019177520253 -12.563019177520253 -12.563019177520253 -12.563019177520253 -12.563019177520253 -12.563019177520253 -12.563019177520253 -12.563019177520253 -12.563019177520253 -12.563019177520253 -12.563019177520253 -12.563019177520253 -12.563019177520253
3.467336683417085 -12.412265408676033 -12.412265408676033 -12.412265408676033 -12.412265408676033 -12.412265408676033 -12.412265408676033 -12.412265408676033 -12.412265408676033 -12.412265408676033 -12.412265408676033 -12.412265408676033 -12.412265408676033 -12.412265408676033 -12.412265408676033 -12.412265408676033 -12.412265408676033 -12.412265408676033 -12.412265408676033 -12.412265408676033 -12.412265408676033 -12.412265408676033 -12.412265408676033 -12.412265408676033 -12.412265408676033 -12.412265408676033 -12.412265408676033 -12.412265408676033 -12.412265408676033 -12.412265408676033
3.5427135678391957 -12.261511639831813 -12.261511639831813 -12.261511639831813 -12.261511639831813 -12.261511639831813 -12.261511639831813 -12.261511639831813 -12.261511639831813 -12.261511639831813 -12.261511639831813 -12.261511639831813 -12.261511639831813 -12.261511639831813 -12.261511639831813 -12.261511639831813 -12.261511639831813 -12.261511639831813 -12.261511639831813 -12.261511639831813 -12.261511639831813 -12.261511639831813 -12.261511639831813 -12.261511639831813 -12.261511639831813 -12.261511639831813 -12.261511639831813 -12.261511639831813 -12.261511639831813 -12.261511639831813
3.618090452261306 -12.110757870987591 -12.110757870987591 -12.110757870987591 -12.110757870987591 -12.110757870987591 -12.110757870987591 -12.110757870987591 -12.110757870987591 -12.110757870987591 -12.110757870987591 -12.110757870987591 -12.110757870987591 -12.110757870987591 -12.110757870987591 -12.110757870987591 -12.110757870987591 -12.110757870987591 -12.110757870987591 -12.110757870987591 -12.110757870987591 -12.110757870987591 -12.110757870987591 -12.110757870987591 -12.110757870987591 -12.110757870987591 -12.110757870987591 -12.110757870987591 -12.110757870987591 -12.110757870987591
3.6934673366834168 -11.960004102143369 -11.960004102143369 -11.960004102143369 -11.960004102143369 -11.960004102143369 -11.960004102143369 -11.960004102143369 -11.960004102143369 -11.960004102143369 -11.960004102143369 -11.960004102143369 -11.960004102143369 -11.960004102143369 -11.960004102143369 -11.960004102143369 -11.960004102143369 -11.960004102143369 -11.960004102143369 -11.960004102143369 -11.960004102143369 -11.960004102143369 -11.960004102143369 -11.960004102143369 -11.960004102143369 -11.960004102143369 -11.960004102143369 -11.960004102143369 -11.960004102143369 -11.960004102143369
3.7688442211055273 -11.809250333299149 -11.809250333299149 -11.809250333299149 -11.809250333299149 -11.809250333299149 -11.809250333299149 -11.809250333299149 -11.809250333299149 -11.809250333299149 -11.809250333299149 -11.809250333299149 -11.809250333299149 -11.809250333299149 -11.809250333299149 -11.809250333299149 -11.809250333299149 -11.809250333299149 -11.809250333299149 -11.809250333299149 -11.809250333299149 -11.809250333299149 -11.809250333299149 -11.809250333299149 -11.809250333299149 -11.809250333299149 -11.809250333299149 -11.809250333299149 -11.809250333299149 -11.809250333299149
3.844221105527638 -11.658496564454929 -11.658496564454929 -11.658496564454929 -11.658496564454929 -11.658496564454929 -11.658496564454929 -11.658496564454929 -11.658496564454929 -11.658496564454929 -11.658496564454929 -11.658496564454929 -11.658496564454929 -11.658496564454929 -11.658496564454929 -11.658496564454929 -11.658496564454929 -11.658496564454929 -11.658496564454929 -11.658496564454929 -11.658496564454929 -11.658496564454929 -11.658496564454929 -11.658496564454929 -11.658496564454929 -11.658496564454929 -11.658496564454929 -11.658496564454929 -11.658496564454929 -11.658496564454929
3.9195979899497484 -11.507742795610707 -11.507742795610707 -11.507742795610707 -11.507742795610707 -11.507742795610707 -11.507742795610707 -11.507742795610707 -11.507742795610707 -11.507742795610707 -11.507742795610707 -11.507742795610707 -11.507742795610707 -11.507742795610707 -11.507742795610707 -11.507742795610707 -11.507742795610707 -11.507742795610707 -11.507742795610707 -11.507742795610707 -11.507742795610707 -11.507742795610707 -11.507742795610707 -11.507742795610707 -11.507742795610707 -11.507742795610707 -11.507742795610707 -11.507742795610707 -11.507742795610707 -11.507742795610707
3.994974874371859 -11.356989026766485 -11.356989026766485 -11.356989026766485 -11.356989026766485 -11.356989026766485 -11.356989026766485 -11.356989026766485 -11.356989026766485 -11.356989026766485 -11.356989026766485 -11.356989026766485 -11.356989026766485 -11.356989026766485 -11.356989026766485 -11.356989026766485 -11.356989026766485 -11.356989026766485 -11.356989026766485 -11.356989026766485 -11.356989026766485 -11.356989026766485 -11.356989026766485 -11.356989026766485 -11.356989026766485 -11.356989026766485 -11.356989026766485 -11.356989026766485 -11.356989026766485 -11.356989026766485
