web/models/linear/82/-19_347_0_363.dat
# %ECSV 1.0
# ---
# datatype:
# - {name: time, datatype: float64}
# - {name: swift_uvot_uvw2, datatype: float64}
# - {name: swift_uvot_uvm2, datatype: float64}
# - {name: swift_uvot_uvw1, datatype: float64}
# - {name: swift_uvot_U, datatype: float64}
# - {name: swift_uvot_B, datatype: float64}
# - {name: swift_uvot_V, datatype: float64}
# - {name: swift_uvot_W, datatype: float64}
# - {name: johnson_U, datatype: float64}
# - {name: johnson_B, datatype: float64}
# - {name: johnson_V, datatype: float64}
# - {name: johnson_R, datatype: float64}
# - {name: johnson_I, datatype: float64}
# - {name: sdss_u, datatype: float64}
# - {name: sdss_g, datatype: float64}
# - {name: sdss_r, datatype: float64}
# - {name: sdss_i, datatype: float64}
# - {name: sdss_z, datatype: float64}
# - {name: PS1_g, datatype: float64}
# - {name: PS1_r, datatype: float64}
# - {name: PS1_i, datatype: float64}
# - {name: PS1_z, datatype: float64}
# - {name: PS1_Y, datatype: float64}
# - {name: PS1_w, datatype: float64}
# - {name: ATLAS_c, datatype: float64}
# - {name: ATLAS_o, datatype: float64}
# - {name: ukirt_J, datatype: float64}
# - {name: ukirt_H, datatype: float64}
# - {name: ukirt_K, datatype: float64}
# - {name: Clear, datatype: float64}
# meta: !!omap
# - comment: [M=-19.346938775510203, dM=0.3630633792844572]
# schema: astropy-2.0
time swift_uvot_uvw2 swift_uvot_uvm2 swift_uvot_uvw1 swift_uvot_U swift_uvot_B swift_uvot_V swift_uvot_W johnson_U johnson_B johnson_V johnson_R johnson_I sdss_u sdss_g sdss_r sdss_i sdss_z PS1_g PS1_r PS1_i PS1_z PS1_Y PS1_w ATLAS_c ATLAS_o ukirt_J ukirt_H ukirt_K Clear
[from data line 110]
8.29145728643216 -16.336614273905408 -16.336614273905408 -16.336614273905408 -16.336614273905408 -16.336614273905408 -16.336614273905408 -16.336614273905408 -16.336614273905408 -16.336614273905408 -16.336614273905408 -16.336614273905408 -16.336614273905408 -16.336614273905408 -16.336614273905408 -16.336614273905408 -16.336614273905408 -16.336614273905408 -16.336614273905408 -16.336614273905408 -16.336614273905408 -16.336614273905408 -16.336614273905408 -16.336614273905408 -16.336614273905408 -16.336614273905408 -16.336614273905408 -16.336614273905408 -16.336614273905408 -16.336614273905408
8.36683417085427 -16.309247687527183 -16.309247687527183 -16.309247687527183 -16.309247687527183 -16.309247687527183 -16.309247687527183 -16.309247687527183 -16.309247687527183 -16.309247687527183 -16.309247687527183 -16.309247687527183 -16.309247687527183 -16.309247687527183 -16.309247687527183 -16.309247687527183 -16.309247687527183 -16.309247687527183 -16.309247687527183 -16.309247687527183 -16.309247687527183 -16.309247687527183 -16.309247687527183 -16.309247687527183 -16.309247687527183 -16.309247687527183 -16.309247687527183 -16.309247687527183 -16.309247687527183 -16.309247687527183
8.442211055276381 -16.281881101148958 -16.281881101148958 -16.281881101148958 -16.281881101148958 -16.281881101148958 -16.281881101148958 -16.281881101148958 -16.281881101148958 -16.281881101148958 -16.281881101148958 -16.281881101148958 -16.281881101148958 -16.281881101148958 -16.281881101148958 -16.281881101148958 -16.281881101148958 -16.281881101148958 -16.281881101148958 -16.281881101148958 -16.281881101148958 -16.281881101148958 -16.281881101148958 -16.281881101148958 -16.281881101148958 -16.281881101148958 -16.281881101148958 -16.281881101148958 -16.281881101148958 -16.281881101148958
8.517587939698492 -16.254514514770733 -16.254514514770733 -16.254514514770733 -16.254514514770733 -16.254514514770733 -16.254514514770733 -16.254514514770733 -16.254514514770733 -16.254514514770733 -16.254514514770733 -16.254514514770733 -16.254514514770733 -16.254514514770733 -16.254514514770733 -16.254514514770733 -16.254514514770733 -16.254514514770733 -16.254514514770733 -16.254514514770733 -16.254514514770733 -16.254514514770733 -16.254514514770733 -16.254514514770733 -16.254514514770733 -16.254514514770733 -16.254514514770733 -16.254514514770733 -16.254514514770733 -16.254514514770733
8.592964824120603 -16.227147928392505 -16.227147928392505 -16.227147928392505 -16.227147928392505 -16.227147928392505 -16.227147928392505 -16.227147928392505 -16.227147928392505 -16.227147928392505 -16.227147928392505 -16.227147928392505 -16.227147928392505 -16.227147928392505 -16.227147928392505 -16.227147928392505 -16.227147928392505 -16.227147928392505 -16.227147928392505 -16.227147928392505 -16.227147928392505 -16.227147928392505 -16.227147928392505 -16.227147928392505 -16.227147928392505 -16.227147928392505 -16.227147928392505 -16.227147928392505 -16.227147928392505 -16.227147928392505
8.668341708542712 -16.19978134201428 -16.19978134201428 -16.19978134201428 -16.19978134201428 -16.19978134201428 -16.19978134201428 -16.19978134201428 -16.19978134201428 -16.19978134201428 -16.19978134201428 -16.19978134201428 -16.19978134201428 -16.19978134201428 -16.19978134201428 -16.19978134201428 -16.19978134201428 -16.19978134201428 -16.19978134201428 -16.19978134201428 -16.19978134201428 -16.19978134201428 -16.19978134201428 -16.19978134201428 -16.19978134201428 -16.19978134201428 -16.19978134201428 -16.19978134201428 -16.19978134201428 -16.19978134201428
8.743718592964823 -16.172414755636055 -16.172414755636055 -16.172414755636055 -16.172414755636055 -16.172414755636055 -16.172414755636055 -16.172414755636055 -16.172414755636055 -16.172414755636055 -16.172414755636055 -16.172414755636055 -16.172414755636055 -16.172414755636055 -16.172414755636055 -16.172414755636055 -16.172414755636055 -16.172414755636055 -16.172414755636055 -16.172414755636055 -16.172414755636055 -16.172414755636055 -16.172414755636055 -16.172414755636055 -16.172414755636055 -16.172414755636055 -16.172414755636055 -16.172414755636055 -16.172414755636055 -16.172414755636055
8.819095477386934 -16.14504816925783 -16.14504816925783 -16.14504816925783 -16.14504816925783 -16.14504816925783 -16.14504816925783 -16.14504816925783 -16.14504816925783 -16.14504816925783 -16.14504816925783 -16.14504816925783 -16.14504816925783 -16.14504816925783 -16.14504816925783 -16.14504816925783 -16.14504816925783 -16.14504816925783 -16.14504816925783 -16.14504816925783 -16.14504816925783 -16.14504816925783 -16.14504816925783 -16.14504816925783 -16.14504816925783 -16.14504816925783 -16.14504816925783 -16.14504816925783 -16.14504816925783 -16.14504816925783
8.894472361809044 -16.117681582879605 -16.117681582879605 -16.117681582879605 -16.117681582879605 -16.117681582879605 -16.117681582879605 -16.117681582879605 -16.117681582879605 -16.117681582879605 -16.117681582879605 -16.117681582879605 -16.117681582879605 -16.117681582879605 -16.117681582879605 -16.117681582879605 -16.117681582879605 -16.117681582879605 -16.117681582879605 -16.117681582879605 -16.117681582879605 -16.117681582879605 -16.117681582879605 -16.117681582879605 -16.117681582879605 -16.117681582879605 -16.117681582879605 -16.117681582879605 -16.117681582879605 -16.117681582879605
8.969849246231155 -16.09031499650138 -16.09031499650138 -16.09031499650138 -16.09031499650138 -16.09031499650138 -16.09031499650138 -16.09031499650138 -16.09031499650138 -16.09031499650138 -16.09031499650138 -16.09031499650138 -16.09031499650138 -16.09031499650138 -16.09031499650138 -16.09031499650138 -16.09031499650138 -16.09031499650138 -16.09031499650138 -16.09031499650138 -16.09031499650138 -16.09031499650138 -16.09031499650138 -16.09031499650138 -16.09031499650138 -16.09031499650138 -16.09031499650138 -16.09031499650138 -16.09031499650138 -16.09031499650138
9.045226130653266 -16.062948410123155 -16.062948410123155 -16.062948410123155 -16.062948410123155 -16.062948410123155 -16.062948410123155 -16.062948410123155 -16.062948410123155 -16.062948410123155 -16.062948410123155 -16.062948410123155 -16.062948410123155 -16.062948410123155 -16.062948410123155 -16.062948410123155 -16.062948410123155 -16.062948410123155 -16.062948410123155 -16.062948410123155 -16.062948410123155 -16.062948410123155 -16.062948410123155 -16.062948410123155 -16.062948410123155 -16.062948410123155 -16.062948410123155 -16.062948410123155 -16.062948410123155 -16.062948410123155
9.120603015075377 -16.035581823744927 -16.035581823744927 -16.035581823744927 -16.035581823744927 -16.035581823744927 -16.035581823744927 -16.035581823744927 -16.035581823744927 -16.035581823744927 -16.035581823744927 -16.035581823744927 -16.035581823744927 -16.035581823744927 -16.035581823744927 -16.035581823744927 -16.035581823744927 -16.035581823744927 -16.035581823744927 -16.035581823744927 -16.035581823744927 -16.035581823744927 -16.035581823744927 -16.035581823744927 -16.035581823744927 -16.035581823744927 -16.035581823744927 -16.035581823744927 -16.035581823744927 -16.035581823744927
9.195979899497488 -16.008215237366702 -16.008215237366702 -16.008215237366702 -16.008215237366702 -16.008215237366702 -16.008215237366702 -16.008215237366702 -16.008215237366702 -16.008215237366702 -16.008215237366702 -16.008215237366702 -16.008215237366702 -16.008215237366702 -16.008215237366702 -16.008215237366702 -16.008215237366702 -16.008215237366702 -16.008215237366702 -16.008215237366702 -16.008215237366702 -16.008215237366702 -16.008215237366702 -16.008215237366702 -16.008215237366702 -16.008215237366702 -16.008215237366702 -16.008215237366702 -16.008215237366702 -16.008215237366702
9.271356783919597 -15.980848650988477 -15.980848650988477 -15.980848650988477 -15.980848650988477 -15.980848650988477 -15.980848650988477 -15.980848650988477 -15.980848650988477 -15.980848650988477 -15.980848650988477 -15.980848650988477 -15.980848650988477 -15.980848650988477 -15.980848650988477 -15.980848650988477 -15.980848650988477 -15.980848650988477 -15.980848650988477 -15.980848650988477 -15.980848650988477 -15.980848650988477 -15.980848650988477 -15.980848650988477 -15.980848650988477 -15.980848650988477 -15.980848650988477 -15.980848650988477 -15.980848650988477 -15.980848650988477
9.346733668341708 -15.953482064610252 -15.953482064610252 -15.953482064610252 -15.953482064610252 -15.953482064610252 -15.953482064610252 -15.953482064610252 -15.953482064610252 -15.953482064610252 -15.953482064610252 -15.953482064610252 -15.953482064610252 -15.953482064610252 -15.953482064610252 -15.953482064610252 -15.953482064610252 -15.953482064610252 -15.953482064610252 -15.953482064610252 -15.953482064610252 -15.953482064610252 -15.953482064610252 -15.953482064610252 -15.953482064610252 -15.953482064610252 -15.953482064610252 -15.953482064610252 -15.953482064610252 -15.953482064610252
9.422110552763819 -15.926115478232026 -15.926115478232026 -15.926115478232026 -15.926115478232026 -15.926115478232026 -15.926115478232026 -15.926115478232026 -15.926115478232026 -15.926115478232026 -15.926115478232026 -15.926115478232026 -15.926115478232026 -15.926115478232026 -15.926115478232026 -15.926115478232026 -15.926115478232026 -15.926115478232026 -15.926115478232026 -15.926115478232026 -15.926115478232026 -15.926115478232026 -15.926115478232026 -15.926115478232026 -15.926115478232026 -15.926115478232026 -15.926115478232026 -15.926115478232026 -15.926115478232026 -15.926115478232026
9.497487437185928 -15.898748891853801 -15.898748891853801 -15.898748891853801 -15.898748891853801 -15.898748891853801 -15.898748891853801 -15.898748891853801 -15.898748891853801 -15.898748891853801 -15.898748891853801 -15.898748891853801 -15.898748891853801 -15.898748891853801 -15.898748891853801 -15.898748891853801 -15.898748891853801 -15.898748891853801 -15.898748891853801 -15.898748891853801 -15.898748891853801 -15.898748891853801 -15.898748891853801 -15.898748891853801 -15.898748891853801 -15.898748891853801 -15.898748891853801 -15.898748891853801 -15.898748891853801 -15.898748891853801
9.572864321608039 -15.871382305475576 -15.871382305475576 -15.871382305475576 -15.871382305475576 -15.871382305475576 -15.871382305475576 -15.871382305475576 -15.871382305475576 -15.871382305475576 -15.871382305475576 -15.871382305475576 -15.871382305475576 -15.871382305475576 -15.871382305475576 -15.871382305475576 -15.871382305475576 -15.871382305475576 -15.871382305475576 -15.871382305475576 -15.871382305475576 -15.871382305475576 -15.871382305475576 -15.871382305475576 -15.871382305475576 -15.871382305475576 -15.871382305475576 -15.871382305475576 -15.871382305475576 -15.871382305475576
9.64824120603015 -15.84401571909735 -15.84401571909735 -15.84401571909735 -15.84401571909735 -15.84401571909735 -15.84401571909735 -15.84401571909735 -15.84401571909735 -15.84401571909735 -15.84401571909735 -15.84401571909735 -15.84401571909735 -15.84401571909735 -15.84401571909735 -15.84401571909735 -15.84401571909735 -15.84401571909735 -15.84401571909735 -15.84401571909735 -15.84401571909735 -15.84401571909735 -15.84401571909735 -15.84401571909735 -15.84401571909735 -15.84401571909735 -15.84401571909735 -15.84401571909735 -15.84401571909735 -15.84401571909735
9.72361809045226 -15.816649132719125 -15.816649132719125 -15.816649132719125 -15.816649132719125 -15.816649132719125 -15.816649132719125 -15.816649132719125 -15.816649132719125 -15.816649132719125 -15.816649132719125 -15.816649132719125 -15.816649132719125 -15.816649132719125 -15.816649132719125 -15.816649132719125 -15.816649132719125 -15.816649132719125 -15.816649132719125 -15.816649132719125 -15.816649132719125 -15.816649132719125 -15.816649132719125 -15.816649132719125 -15.816649132719125 -15.816649132719125 -15.816649132719125 -15.816649132719125 -15.816649132719125 -15.816649132719125
9.798994974874372 -15.7892825463409 -15.7892825463409 -15.7892825463409 -15.7892825463409 -15.7892825463409 -15.7892825463409 -15.7892825463409 -15.7892825463409 -15.7892825463409 -15.7892825463409 -15.7892825463409 -15.7892825463409 -15.7892825463409 -15.7892825463409 -15.7892825463409 -15.7892825463409 -15.7892825463409 -15.7892825463409 -15.7892825463409 -15.7892825463409 -15.7892825463409 -15.7892825463409 -15.7892825463409 -15.7892825463409 -15.7892825463409 -15.7892825463409 -15.7892825463409 -15.7892825463409 -15.7892825463409
9.874371859296481 -15.761915959962675 -15.761915959962675 -15.761915959962675 -15.761915959962675 -15.761915959962675 -15.761915959962675 -15.761915959962675 -15.761915959962675 -15.761915959962675 -15.761915959962675 -15.761915959962675 -15.761915959962675 -15.761915959962675 -15.761915959962675 -15.761915959962675 -15.761915959962675 -15.761915959962675 -15.761915959962675 -15.761915959962675 -15.761915959962675 -15.761915959962675 -15.761915959962675 -15.761915959962675 -15.761915959962675 -15.761915959962675 -15.761915959962675 -15.761915959962675 -15.761915959962675 -15.761915959962675
9.949748743718592 -15.734549373584448 -15.734549373584448 -15.734549373584448 -15.734549373584448 -15.734549373584448 -15.734549373584448 -15.734549373584448 -15.734549373584448 -15.734549373584448 -15.734549373584448 -15.734549373584448 -15.734549373584448 -15.734549373584448 -15.734549373584448 -15.734549373584448 -15.734549373584448 -15.734549373584448 -15.734549373584448 -15.734549373584448 -15.734549373584448 -15.734549373584448 -15.734549373584448 -15.734549373584448 -15.734549373584448 -15.734549373584448 -15.734549373584448 -15.734549373584448 -15.734549373584448 -15.734549373584448
10.025125628140703 -15.707182787206223 -15.707182787206223 -15.707182787206223 -15.707182787206223 -15.707182787206223 -15.707182787206223 -15.707182787206223 -15.707182787206223 -15.707182787206223 -15.707182787206223 -15.707182787206223 -15.707182787206223 -15.707182787206223 -15.707182787206223 -15.707182787206223 -15.707182787206223 -15.707182787206223 -15.707182787206223 -15.707182787206223 -15.707182787206223 -15.707182787206223 -15.707182787206223 -15.707182787206223 -15.707182787206223 -15.707182787206223 -15.707182787206223 -15.707182787206223 -15.707182787206223 -15.707182787206223
10.100502512562812 -15.679816200827998 -15.679816200827998 -15.679816200827998 -15.679816200827998 -15.679816200827998 -15.679816200827998 -15.679816200827998 -15.679816200827998 -15.679816200827998 -15.679816200827998 -15.679816200827998 -15.679816200827998 -15.679816200827998 -15.679816200827998 -15.679816200827998 -15.679816200827998 -15.679816200827998 -15.679816200827998 -15.679816200827998 -15.679816200827998 -15.679816200827998 -15.679816200827998 -15.679816200827998 -15.679816200827998 -15.679816200827998 -15.679816200827998 -15.679816200827998 -15.679816200827998 -15.679816200827998
10.175879396984923 -15.652449614449772 -15.652449614449772 -15.652449614449772 -15.652449614449772 -15.652449614449772 -15.652449614449772 -15.652449614449772 -15.652449614449772 -15.652449614449772 -15.652449614449772 -15.652449614449772 -15.652449614449772 -15.652449614449772 -15.652449614449772 -15.652449614449772 -15.652449614449772 -15.652449614449772 -15.652449614449772 -15.652449614449772 -15.652449614449772 -15.652449614449772 -15.652449614449772 -15.652449614449772 -15.652449614449772 -15.652449614449772 -15.652449614449772 -15.652449614449772 -15.652449614449772 -15.652449614449772
