web/models/kne.last_good/kappa_0.5_3.0.v2/18/villar_0.0028_0.2493_0.5000.dat
# %ECSV 1.0
# ---
# datatype:
# - {name: time, datatype: float64}
# - {name: swift_uvot_uvw2, datatype: float64}
# - {name: swift_uvot_uvm2, datatype: float64}
# - {name: swift_uvot_uvw1, datatype: float64}
# - {name: swift_uvot_U, datatype: float64}
# - {name: swift_uvot_B, datatype: float64}
# - {name: swift_uvot_V, datatype: float64}
# - {name: swift_uvot_W, datatype: float64}
# - {name: johnson_U, datatype: float64}
# - {name: johnson_B, datatype: float64}
# - {name: johnson_V, datatype: float64}
# - {name: johnson_R, datatype: float64}
# - {name: johnson_I, datatype: float64}
# - {name: sdss_u, datatype: float64}
# - {name: sdss_g, datatype: float64}
# - {name: sdss_r, datatype: float64}
# - {name: sdss_i, datatype: float64}
# - {name: sdss_z, datatype: float64}
# - {name: PS1_g, datatype: float64}
# - {name: PS1_r, datatype: float64}
# - {name: PS1_i, datatype: float64}
# - {name: PS1_z, datatype: float64}
# - {name: PS1_Y, datatype: float64}
# - {name: PS1_w, datatype: float64}
# - {name: ATLAS_c, datatype: float64}
# - {name: ATLAS_o, datatype: float64}
# - {name: ukirt_J, datatype: float64}
# - {name: ukirt_H, datatype: float64}
# - {name: ukirt_K, datatype: float64}
# - {name: Clear, datatype: float64}
# meta: !!omap
# - comment: [kappa = 0.5, type = villar, mass = 0.0028172691138521437, velocity = 0.24933333333333335, theta_obs = 0.0, tfloor = 2500.0]
# schema: astropy-2.0
time swift_uvot_uvw2 swift_uvot_uvm2 swift_uvot_uvw1 swift_uvot_U swift_uvot_B swift_uvot_V swift_uvot_W johnson_U johnson_B johnson_V johnson_R johnson_I sdss_u sdss_g sdss_r sdss_i sdss_z PS1_g PS1_r PS1_i PS1_z PS1_Y PS1_w ATLAS_c ATLAS_o ukirt_J ukirt_H ukirt_K Clear
[from data line 138]
0.061059 -15.433 -15.207 -15.067 -14.643 -14.286 -13.902 -14.911 -14.59 -14.282 -13.891 -13.5 -13.047 -14.6 -14.163 -13.675 -13.316 -12.98 -14.163 -13.735 -13.397 -13.2 -13.279 -13.74 -13.973 -13.528 -12.307 -11.761 -11.13 -13.821
0.062906 -15.429 -15.213 -15.078 -14.663 -14.309 -13.928 -14.922 -14.61 -14.305 -13.918 -13.529 -13.077 -14.62 -14.188 -13.702 -13.346 -13.01 -14.185 -13.76 -13.423 -13.224 -13.294 -13.767 -13.999 -13.557 -12.34 -11.795 -11.165 -13.847
0.064808 -15.425 -15.219 -15.087 -14.681 -14.332 -13.954 -14.931 -14.629 -14.328 -13.944 -13.557 -13.107 -14.639 -14.211 -13.73 -13.375 -13.041 -14.207 -13.785 -13.448 -13.248 -13.309 -13.793 -14.024 -13.585 -12.372 -11.828 -11.199 -13.872
0.066769 -15.42 -15.224 -15.096 -14.699 -14.354 -13.98 -14.94 -14.648 -14.35 -13.969 -13.585 -13.137 -14.658 -14.235 -13.757 -13.404 -13.071 -14.229 -13.81 -13.473 -13.271 -13.324 -13.819 -14.048 -13.613 -12.404 -11.862 -11.234 -13.897
0.068788 -15.414 -15.228 -15.103 -14.716 -14.376 -14.005 -14.948 -14.666 -14.372 -13.994 -13.612 -13.167 -14.676 -14.258 -13.784 -13.433 -13.101 -14.251 -13.834 -13.499 -13.295 -13.34 -13.845 -14.073 -13.64 -12.437 -11.895 -11.268 -13.922
0.070868 -15.407 -15.231 -15.11 -14.733 -14.397 -14.03 -14.955 -14.684 -14.393 -14.019 -13.639 -13.196 -14.693 -14.28 -13.81 -13.461 -13.131 -14.272 -13.858 -13.524 -13.319 -13.356 -13.87 -14.097 -13.667 -12.469 -11.928 -11.302 -13.947
0.073012 -15.398 -15.233 -15.115 -14.749 -14.418 -14.054 -14.961 -14.7 -14.414 -14.044 -13.666 -13.226 -14.71 -14.302 -13.836 -13.489 -13.161 -14.293 -13.882 -13.549 -13.342 -13.372 -13.895 -14.12 -13.694 -12.5 -11.961 -11.336 -13.971
0.07522 -15.389 -15.233 -15.12 -14.764 -14.438 -14.078 -14.966 -14.717 -14.434 -14.068 -13.693 -13.255 -14.726 -14.324 -13.862 -13.517 -13.19 -14.313 -13.906 -13.574 -13.366 -13.389 -13.92 -14.144 -13.72 -12.532 -11.994 -11.37 -13.994
0.077495 -15.378 -15.232 -15.124 -14.779 -14.458 -14.102 -14.97 -14.732 -14.454 -14.091 -13.719 -13.283 -14.741 -14.345 -13.887 -13.544 -13.219 -14.333 -13.929 -13.598 -13.39 -13.405 -13.944 -14.166 -13.746 -12.563 -12.027 -11.404 -14.018
0.079839 -15.366 -15.231 -15.126 -14.793 -14.477 -14.125 -14.973 -14.747 -14.473 -14.115 -13.745 -13.312 -14.756 -14.365 -13.912 -13.571 -13.248 -14.353 -13.952 -13.623 -13.413 -13.422 -13.967 -14.188 -13.772 -12.595 -12.059 -11.438 -14.04
0.082253 -15.353 -15.227 -15.128 -14.806 -14.496 -14.148 -14.975 -14.761 -14.492 -14.137 -13.771 -13.34 -14.77 -14.385 -13.936 -13.598 -13.276 -14.372 -13.975 -13.647 -13.437 -13.439 -13.991 -14.21 -13.798 -12.626 -12.092 -11.471 -14.063
0.084741 -15.339 -15.223 -15.128 -14.818 -14.514 -14.17 -14.976 -14.774 -14.51 -14.16 -13.796 -13.368 -14.783 -14.405 -13.96 -13.625 -13.305 -14.391 -13.997 -13.671 -13.46 -13.457 -14.014 -14.231 -13.823 -12.657 -12.124 -11.505 -14.084
0.087304 -15.323 -15.217 -15.127 -14.83 -14.531 -14.192 -14.976 -14.787 -14.527 -14.182 -13.821 -13.396 -14.796 -14.423 -13.984 -13.651 -13.333 -14.409 -14.019 -13.695 -13.484 -13.474 -14.036 -14.252 -13.847 -12.687 -12.156 -11.538 -14.106
0.089944 -15.306 -15.21 -15.125 -14.841 -14.548 -14.213 -14.975 -14.799 -14.544 -14.203 -13.845 -13.423 -14.807 -14.442 -14.007 -13.677 -13.36 -14.427 -14.041 -13.719 -13.507 -13.492 -14.058 -14.272 -13.872 -12.718 -12.188 -11.571 -14.127
0.092665 -15.287 -15.201 -15.121 -14.851 -14.564 -14.234 -14.973 -14.809 -14.56 -14.224 -13.869 -13.45 -14.818 -14.459 -14.03 -13.702 -13.388 -14.444 -14.062 -13.742 -13.53 -13.51 -14.08 -14.292 -13.895 -12.748 -12.22 -11.604 -14.147
0.095467 -15.266 -15.191 -15.117 -14.859 -14.579 -14.254 -14.969 -14.819 -14.575 -14.244 -13.893 -13.477 -14.828 -14.476 -14.053 -13.728 -13.415 -14.46 -14.083 -13.765 -13.553 -13.528 -14.101 -14.311 -13.919 -12.778 -12.251 -11.637 -14.167
0.098355 -15.244 -15.179 -15.111 -14.867 -14.594 -14.274 -14.965 -14.829 -14.59 -14.264 -13.916 -13.503 -14.837 -14.493 -14.075 -13.752 -13.442 -14.476 -14.104 -13.788 -13.576 -13.546 -14.121 -14.33 -13.942 -12.808 -12.283 -11.67 -14.186
0.101329 -15.22 -15.165 -15.103 -14.874 -14.608 -14.293 -14.959 -14.837 -14.604 -14.283 -13.939 -13.529 -14.845 -14.508 -14.096 -13.777 -13.468 -14.492 -14.124 -13.811 -13.599 -13.564 -14.141 -14.348 -13.964 -12.837 -12.314 -11.703 -14.205
0.104394 -15.195 -15.15 -15.094 -14.88 -14.621 -14.311 -14.952 -14.844 -14.617 -14.302 -13.961 -13.554 -14.852 -14.523 -14.117 -13.801 -13.494 -14.507 -14.143 -13.833 -13.621 -13.582 -14.161 -14.365 -13.986 -12.866 -12.345 -11.735 -14.223
0.107551 -15.167 -15.133 -15.084 -14.885 -14.633 -14.329 -14.944 -14.85 -14.63 -14.32 -13.983 -13.58 -14.858 -14.538 -14.137 -13.824 -13.52 -14.521 -14.163 -13.855 -13.643 -13.6 -14.18 -14.382 -14.008 -12.896 -12.376 -11.767 -14.24
0.110804 -15.138 -15.114 -15.072 -14.889 -14.645 -14.347 -14.934 -14.856 -14.641 -14.337 -14.004 -13.605 -14.863 -14.551 -14.157 -13.847 -13.546 -14.534 -14.181 -13.876 -13.665 -13.618 -14.198 -14.398 -14.029 -12.924 -12.407 -11.8 -14.257
0.114155 -15.107 -15.094 -15.058 -14.892 -14.656 -14.363 -14.923 -14.86 -14.652 -14.354 -14.025 -13.629 -14.867 -14.564 -14.176 -13.87 -13.571 -14.547 -14.2 -13.897 -13.687 -13.636 -14.215 -14.413 -14.05 -12.953 -12.437 -11.832 -14.274
0.117608 -15.073 -15.071 -15.043 -14.894 -14.665 -14.379 -14.911 -14.863 -14.662 -14.37 -14.046 -13.653 -14.87 -14.576 -14.195 -13.892 -13.595 -14.559 -14.217 -13.918 -13.709 -13.654 -14.233 -14.428 -14.07 -12.981 -12.467 -11.864 -14.289
0.121165 -15.038 -15.046 -15.026 -14.894 -14.674 -14.395 -14.897 -14.865 -14.671 -14.385 -14.065 -13.677 -14.872 -14.587 -14.213 -13.913 -13.619 -14.57 -14.234 -13.938 -13.73 -13.672 -14.249 -14.441 -14.089 -13.009 -12.497 -11.895 -14.304
0.124829 -15.0 -15.019 -15.007 -14.893 -14.682 -14.409 -14.882 -14.865 -14.679 -14.4 -14.085 -13.7 -14.872 -14.597 -14.231 -13.935 -13.643 -14.58 -14.251 -13.958 -13.751 -13.69 -14.265 -14.455 -14.108 -13.037 -12.527 -11.927 -14.318
0.128605 -14.96 -14.991 -14.986 -14.891 -14.689 -14.423 -14.866 -14.865 -14.686 -14.414 -14.103 -13.723 -14.872 -14.606 -14.247 -13.955 -13.667 -14.59 -14.267 -13.978 -13.771 -13.708 -14.28 -14.467 -14.126 -13.064 -12.557 -11.958 -14.332
0.132494 -14.917 -14.959 -14.963 -14.888 -14.695 -14.436 -14.848 -14.863 -14.692 -14.427 -14.121 -13.745 -14.869 -14.615 -14.263 -13.975 -13.69 -14.599 -14.282 -13.997 -13.792 -13.725 -14.294 -14.478 -14.144 -13.091 -12.586 -11.989 -14.345
0.136502 -14.873 -14.926 -14.939 -14.883 -14.7 -14.448 -14.828 -14.86 -14.697 -14.439 -14.138 -13.767 -14.866 -14.622 -14.279 -13.995 -13.712 -14.606 -14.297 -14.015 -13.811 -13.743 -14.308 -14.489 -14.161 -13.118 -12.615 -12.02 -14.357
0.14063 -14.825 -14.89 -14.912 -14.877 -14.704 -14.46 -14.807 -14.855 -14.7 -14.451 -14.155 -13.788 -14.861 -14.628 -14.294 -14.014 -13.734 -14.613 -14.311 -14.033 -13.831 -13.76 -14.321 -14.499 -14.177 -13.144 -12.644 -12.051 -14.368
0.144883 -14.775 -14.851 -14.884 -14.869 -14.707 -14.47 -14.784 -14.849 -14.703 -14.461 -14.171 -13.809 -14.855 -14.634 -14.308 -14.032 -13.756 -14.619 -14.324 -14.05 -13.85 -13.777 -14.333 -14.508 -14.193 -13.17 -12.672 -12.082 -14.378
0.149265 -14.722 -14.81 -14.853 -14.859 -14.708 -14.48 -14.76 -14.842 -14.705 -14.471 -14.187 -13.83 -14.847 -14.638 -14.321 -14.05 -13.777 -14.624 -14.337 -14.067 -13.869 -13.794 -14.344 -14.516 -14.208 -13.196 -12.701 -12.112 -14.388
0.15378 -14.667 -14.767 -14.82 -14.848 -14.708 -14.489 -14.734 -14.833 -14.705 -14.48 -14.201 -13.849 -14.838 -14.641 -14.333 -14.067 -13.797 -14.628 -14.348 -14.084 -13.887 -13.811 -14.354 -14.523 -14.222 -13.222 -12.729 -12.142 -14.396
0.15843 -14.608 -14.72 -14.785 -14.836 -14.708 -14.496 -14.707 -14.822 -14.704 -14.488 -14.215 -13.869 -14.827 -14.643 -14.345 -14.084 -13.817 -14.631 -14.359 -14.099 -13.905 -13.827 -14.364 -14.529 -14.236 -13.247 -12.756 -12.172 -14.404
0.163222 -14.547 -14.671 -14.747 -14.822 -14.705 -14.503 -14.677 -14.81 -14.702 -14.495 -14.228 -13.887 -14.815 -14.644 -14.356 -14.1 -13.837 -14.633 -14.369 -14.114 -13.922 -13.844 -14.373 -14.533 -14.249 -13.271 -12.784 -12.202 -14.411
0.168159 -14.483 -14.619 -14.707 -14.805 -14.702 -14.509 -14.646 -14.796 -14.699 -14.501 -14.241 -13.905 -14.8 -14.644 -14.366 -14.115 -13.856 -14.633 -14.379 -14.129 -13.939 -13.859 -14.38 -14.537 -14.261 -13.295 -12.811 -12.232 -14.417
0.173245 -14.415 -14.564 -14.664 -14.788 -14.697 -14.514 -14.614 -14.78 -14.694 -14.506 -14.252 -13.923 -14.784 -14.642 -14.375 -14.129 -13.874 -14.632 -14.387 -14.142 -13.955 -13.875 -14.387 -14.54 -14.272 -13.319 -12.838 -12.261 -14.421
0.178484 -14.344 -14.505 -14.619 -14.768 -14.69 -14.517 -14.579 -14.763 -14.687 -14.509 -14.263 -13.939 -14.766 -14.639 -14.383 -14.143 -13.892 -14.63 -14.395 -14.155 -13.971 -13.89 -14.393 -14.542 -14.282 -13.343 -12.864 -12.29 -14.425
0.183882 -14.27 -14.444 -14.571 -14.746 -14.682 -14.52 -14.543 -14.743 -14.679 -14.512 -14.273 -13.956 -14.747 -14.635 -14.39 -14.156 -13.909 -14.627 -14.401 -14.168 -13.986 -13.905 -14.398 -14.542 -14.291 -13.366 -12.891 -12.319 -14.428
0.189444 -14.193 -14.379 -14.52 -14.722 -14.673 -14.521 -14.505 -14.722 -14.67 -14.513 -14.282 -13.971 -14.725 -14.629 -14.396 -14.168 -13.925 -14.623 -14.407 -14.179 -14.0 -13.919 -14.401 -14.541 -14.3 -13.388 -12.916 -12.347 -14.429
0.195173 -14.112 -14.31 -14.466 -14.696 -14.662 -14.521 -14.465 -14.699 -14.659 -14.514 -14.29 -13.986 -14.701 -14.622 -14.401 -14.179 -13.941 -14.617 -14.412 -14.19 -14.014 -13.933 -14.404 -14.539 -14.307 -13.41 -12.942 -12.376 -14.43
0.201076 -14.027 -14.238 -14.41 -14.668 -14.649 -14.52 -14.423 -14.673 -14.646 -14.513 -14.297 -14.0 -14.675 -14.613 -14.405 -14.189 -13.956 -14.609 -14.415 -14.2 -14.027 -13.946 -14.406 -14.535 -14.314 -13.432 -12.967 -12.404 -14.429
0.207158 -13.939 -14.162 -14.35 -14.637 -14.634 -14.517 -14.379 -14.645 -14.632 -14.51 -14.303 -14.013 -14.647 -14.603 -14.407 -14.199 -13.97 -14.6 -14.418 -14.209 -14.04 -13.959 -14.406 -14.531 -14.319 -13.453 -12.992 -12.432 -14.427
0.213423 -13.847 -14.083 -14.288 -14.604 -14.618 -14.513 -14.334 -14.615 -14.615 -14.507 -14.308 -14.026 -14.616 -14.591 -14.409 -14.207 -13.984 -14.59 -14.419 -14.217 -14.051 -13.971 -14.405 -14.524 -14.324 -13.474 -13.016 -12.459 -14.424
0.219878 -13.751 -13.999 -14.222 -14.569 -14.6 -14.508 -14.286 -14.583 -14.597 -14.502 -14.312 -14.037 -14.583 -14.577 -14.41 -14.215 -13.996 -14.578 -14.419 -14.224 -14.062 -13.983 -14.403 -14.517 -14.327 -13.494 -13.04 -12.486 -14.42
0.226528 -13.651 -13.912 -14.152 -14.531 -14.58 -14.501 -14.237 -14.548 -14.577 -14.495 -14.315 -14.048 -14.548 -14.562 -14.409 -14.222 -14.008 -14.564 -14.418 -14.231 -14.073 -13.994 -14.4 -14.507 -14.329 -13.513 -13.064 -12.513 -14.414
0.233379 -13.547 -13.82 -14.08 -14.49 -14.558 -14.493 -14.185 -14.511 -14.555 -14.487 -14.316 -14.058 -14.51 -14.545 -14.407 -14.227 -14.019 -14.548 -14.416 -14.236 -14.082 -14.005 -14.395 -14.497 -14.33 -13.532 -13.087 -12.54 -14.407
0.240437 -13.439 -13.724 -14.004 -14.447 -14.533 -14.483 -14.132 -14.471 -14.531 -14.477 -14.317 -14.067 -14.469 -14.525 -14.403 -14.232 -14.03 -14.531 -14.412 -14.24 -14.091 -14.015 -14.389 -14.484 -14.33 -13.551 -13.11 -12.566 -14.399
0.247709 -13.326 -13.624 -13.924 -14.401 -14.507 -14.471 -14.076 -14.428 -14.505 -14.466 -14.316 -14.075 -14.426 -14.504 -14.398 -14.235 -14.039 -14.512 -14.407 -14.244 -14.099 -14.024 -14.382 -14.47 -14.329 -13.569 -13.132 -12.592 -14.389
0.255201 -13.21 -13.519 -13.841 -14.352 -14.479 -14.458 -14.019 -14.383 -14.477 -14.453 -14.314 -14.083 -14.38 -14.481 -14.392 -14.238 -14.048 -14.491 -14.4 -14.246 -14.105 -14.033 -14.373 -14.454 -14.326 -13.586 -13.154 -12.618 -14.377
0.262919 -13.089 -13.409 -13.754 -14.3 -14.448 -14.443 -13.959 -14.335 -14.446 -14.439 -14.311 -14.089 -14.331 -14.456 -14.384 -14.239 -14.055 -14.468 -14.392 -14.247 -14.111 -14.041 -14.362 -14.436 -14.322 -13.603 -13.176 -12.644 -14.365
0.270871 -12.964 -13.295 -13.662 -14.245 -14.414 -14.427 -13.898 -14.284 -14.413 -14.422 -14.306 -14.094 -14.279 -14.429 -14.375 -14.239 -14.062 -14.443 -14.383 -14.247 -14.116 -14.048 -14.35 -14.417 -14.317 -13.619 -13.197 -12.669 -14.35
0.279064 -12.834 -13.175 -13.567 -14.187 -14.379 -14.408 -13.834 -14.229 -14.378 -14.404 -14.3 -14.098 -14.223 -14.399 -14.364 -14.237 -14.067 -14.416 -14.372 -14.245 -14.12 -14.054 -14.337 -14.395 -14.31 -13.634 -13.217 -12.693 -14.334
0.287504 -12.699 -13.051 -13.468 -14.125 -14.341 -14.387 -13.769 -14.172 -14.34 -14.384 -14.292 -14.101 -14.165 -14.367 -14.351 -14.235 -14.072 -14.386 -14.359 -14.242 -14.123 -14.059 -14.322 -14.372 -14.301 -13.649 -13.237 -12.718 -14.317
0.296199 -12.56 -12.921 -13.365 -14.061 -14.3 -14.365 -13.701 -14.111 -14.299 -14.362 -14.283 -14.103 -14.103 -14.333 -14.337 -14.231 -14.076 -14.355 -14.345 -14.239 -14.125 -14.064 -14.305 -14.347 -14.291 -13.662 -13.257 -12.742 -14.297
0.305157 -12.417 -12.786 -13.258 -13.992 -14.256 -14.34 -13.631 -14.047 -14.256 -14.337 -14.272 -14.104 -14.038 -14.297 -14.321 -14.225 -14.078 -14.321 -14.329 -14.233 -14.126 -14.068 -14.287 -14.319 -14.28 -13.676 -13.276 -12.765 -14.276
0.314387 -12.269 -12.645 -13.146 -13.92 -14.21 -14.313 -13.559 -13.98 -14.21 -14.311 -14.26 -14.104 -13.97 -14.257 -14.303 -14.219 -14.079 -14.284 -14.311 -14.226 -14.126 -14.07 -14.266 -14.289 -14.267 -13.688 -13.294 -12.789 -14.254
0.323895 -12.116 -12.499 -13.029 -13.844 -14.161 -14.284 -13.484 -13.909 -14.161 -14.282 -14.246 -14.102 -13.897 -14.215 -14.283 -14.21 -14.079 -14.245 -14.291 -14.218 -14.124 -14.072 -14.244 -14.257 -14.252 -13.7 -13.312 -12.812 -14.229
0.333691 -11.959 -12.347 -12.909 -13.765 -14.108 -14.253 -13.408 -13.834 -14.109 -14.252 -14.231 -14.099 -13.821 -14.171 -14.261 -14.201 -14.078 -14.204 -14.269 -14.209 -14.121 -14.073 -14.22 -14.223 -14.236 -13.711 -13.33 -12.834 -14.203
0.343783 -11.797 -12.189 -12.783 -13.681 -14.053 -14.219 -13.329 -13.755 -14.054 -14.218 -14.213 -14.095 -13.741 -14.124 -14.238 -14.189 -14.076 -14.16 -14.246 -14.197 -14.117 -14.073 -14.194 -14.186 -14.217 -13.721 -13.346 -12.856 -14.174
0.354181 -11.631 -12.025 -12.653 -13.593 -13.995 -14.183 -13.248 -13.673 -13.996 -14.183 -14.194 -14.09 -13.657 -14.073 -14.212 -14.176 -14.072 -14.113 -14.22 -14.185 -14.112 -14.071 -14.166 -14.147 -14.197 -13.73 -13.362 -12.878 -14.144
0.364893 -11.461 -11.854 -12.517 -13.501 -13.933 -14.144 -13.164 -13.586 -13.935 -14.145 -14.173 -14.083 -13.569 -14.02 -14.184 -14.162 -14.067 -14.063 -14.192 -14.17 -14.105 -14.069 -14.136 -14.105 -14.175 -13.739 -13.378 -12.899 -14.112
0.375929 -11.286 -11.677 -12.377 -13.405 -13.868 -14.103 -13.078 -13.495 -13.87 -14.104 -14.15 -14.074 -13.477 -13.964 -14.153 -14.145 -14.06 -14.01 -14.162 -14.154 -14.097 -14.065 -14.104 -14.061 -14.151 -13.746 -13.393 -12.92 -14.078
0.387298 -11.108 -11.494 -12.232 -13.304 -13.799 -14.059 -12.99 -13.4 -13.802 -14.061 -14.125 -14.064 -13.38 -13.904 -14.121 -14.127 -14.052 -13.955 -14.13 -14.136 -14.087 -14.06 -14.07 -14.014 -14.125 -13.753 -13.407 -12.94 -14.042
0.399012 -10.926 -11.303 -12.082 -13.199 -13.727 -14.012 -12.9 -13.301 -13.731 -14.015 -14.098 -14.053 -13.279 -13.842 -14.086 -14.107 -14.043 -13.896 -14.095 -14.116 -14.076 -14.054 -14.034 -13.964 -14.096 -13.758 -13.421 -12.96 -14.003
0.41108 -10.74 -11.106 -11.926 -13.089 -13.651 -13.962 -12.807 -13.197 -13.655 -13.966 -14.069 -14.04 -13.173 -13.776 -14.049 -14.085 -14.032 -13.834 -14.058 -14.094 -14.063 -14.046 -13.995 -13.912 -14.066 -13.763 -13.434 -12.98 -13.963
0.423513 -10.552 -10.902 -11.766 -12.974 -13.571 -13.909 -12.711 -13.088 -13.576 -13.914 -14.037 -14.025 -13.062 -13.706 -14.009 -14.061 -14.019 -13.769 -14.018 -14.071 -14.049 -14.037 -13.954 -13.856 -14.033 -13.767 -13.446 -12.999 -13.92
0.436321 -10.362 -10.69 -11.6 -12.854 -13.488 -13.854 -12.613 -12.975 -13.493 -13.859 -14.004 -14.009 -12.947 -13.633 -13.966 -14.035 -14.005 -13.701 -13.976 -14.045 -14.032 -14.027 -13.911 -13.798 -13.998 -13.769 -13.457 -13.018 -13.876
