web/models/kne.last_good/kappa_0.5_3.0.v2/18/villar_0.0630_0.2493_0.5000.dat
# %ECSV 1.0
# ---
# datatype:
# - {name: time, datatype: float64}
# - {name: swift_uvot_uvw2, datatype: float64}
# - {name: swift_uvot_uvm2, datatype: float64}
# - {name: swift_uvot_uvw1, datatype: float64}
# - {name: swift_uvot_U, datatype: float64}
# - {name: swift_uvot_B, datatype: float64}
# - {name: swift_uvot_V, datatype: float64}
# - {name: swift_uvot_W, datatype: float64}
# - {name: johnson_U, datatype: float64}
# - {name: johnson_B, datatype: float64}
# - {name: johnson_V, datatype: float64}
# - {name: johnson_R, datatype: float64}
# - {name: johnson_I, datatype: float64}
# - {name: sdss_u, datatype: float64}
# - {name: sdss_g, datatype: float64}
# - {name: sdss_r, datatype: float64}
# - {name: sdss_i, datatype: float64}
# - {name: sdss_z, datatype: float64}
# - {name: PS1_g, datatype: float64}
# - {name: PS1_r, datatype: float64}
# - {name: PS1_i, datatype: float64}
# - {name: PS1_z, datatype: float64}
# - {name: PS1_Y, datatype: float64}
# - {name: PS1_w, datatype: float64}
# - {name: ATLAS_c, datatype: float64}
# - {name: ATLAS_o, datatype: float64}
# - {name: ukirt_J, datatype: float64}
# - {name: ukirt_H, datatype: float64}
# - {name: ukirt_K, datatype: float64}
# - {name: Clear, datatype: float64}
# meta: !!omap
# - comment: [kappa = 0.5, type = villar, mass = 0.06299605249512866, velocity = 0.24933333333333335, theta_obs = 0.0, tfloor = 2500.0]
# schema: astropy-2.0
time swift_uvot_uvw2 swift_uvot_uvm2 swift_uvot_uvw1 swift_uvot_U swift_uvot_B swift_uvot_V swift_uvot_W johnson_U johnson_B johnson_V johnson_R johnson_I sdss_u sdss_g sdss_r sdss_i sdss_z PS1_g PS1_r PS1_i PS1_z PS1_Y PS1_w ATLAS_c ATLAS_o ukirt_J ukirt_H ukirt_K Clear
[from data line 69]
0.007814 -17.599 -14.96 -14.196 -13.49 -13.004 -12.52 -14.059 -13.415 -13.0 -12.508 -12.048 -11.529 -13.426 -12.849 -12.249 -11.832 -11.452 -14.768 -14.516 -14.491 -14.859 -15.818 -12.345 -12.616 -12.081 -10.716 -10.133 -9.472 -12.454
0.00805 -17.587 -14.976 -14.232 -13.526 -13.041 -12.557 -14.096 -13.451 -13.037 -12.546 -12.085 -11.567 -13.463 -12.886 -12.286 -11.869 -11.49 -14.761 -14.507 -14.481 -14.846 -15.803 -12.383 -12.653 -12.118 -10.753 -10.171 -9.51 -12.491
0.008294 -17.575 -14.993 -14.268 -13.563 -13.078 -12.595 -14.132 -13.488 -13.074 -12.583 -12.123 -11.604 -13.5 -12.923 -12.323 -11.907 -11.527 -14.754 -14.499 -14.47 -14.833 -15.788 -12.42 -12.69 -12.155 -10.791 -10.209 -9.548 -12.528
0.008545 -17.562 -15.01 -14.305 -13.6 -13.115 -12.632 -14.168 -13.525 -13.111 -12.62 -12.16 -11.642 -13.537 -12.96 -12.36 -11.944 -11.565 -14.748 -14.49 -14.459 -14.82 -15.774 -12.457 -12.727 -12.193 -10.828 -10.247 -9.585 -12.566
0.008803 -17.55 -15.027 -14.341 -13.636 -13.151 -12.669 -14.204 -13.562 -13.148 -12.657 -12.197 -11.679 -13.573 -12.997 -12.398 -11.981 -11.602 -14.742 -14.482 -14.449 -14.808 -15.759 -12.494 -12.764 -12.23 -10.866 -10.284 -9.623 -12.603
0.009069 -17.539 -15.045 -14.377 -13.673 -13.188 -12.706 -14.24 -13.598 -13.185 -12.694 -12.234 -11.716 -13.61 -13.034 -12.435 -12.019 -11.64 -14.737 -14.475 -14.439 -14.795 -15.745 -12.531 -12.801 -12.267 -10.904 -10.322 -9.661 -12.64
0.009344 -17.527 -15.064 -14.413 -13.71 -13.225 -12.743 -14.276 -13.635 -13.221 -12.731 -12.272 -11.754 -13.647 -13.071 -12.472 -12.056 -11.677 -14.732 -14.467 -14.429 -14.783 -15.73 -12.568 -12.839 -12.304 -10.941 -10.36 -9.699 -12.677
0.009626 -17.516 -15.083 -14.449 -13.746 -13.262 -12.78 -14.312 -13.672 -13.258 -12.768 -12.309 -11.791 -13.683 -13.108 -12.509 -12.093 -11.714 -14.727 -14.46 -14.42 -14.771 -15.716 -12.606 -12.876 -12.342 -10.979 -10.397 -9.736 -12.714
0.009917 -17.504 -15.102 -14.484 -13.783 -13.299 -12.817 -14.347 -13.708 -13.295 -12.806 -12.346 -11.829 -13.72 -13.145 -12.546 -12.131 -11.752 -14.723 -14.454 -14.411 -14.759 -15.702 -12.643 -12.913 -12.379 -11.016 -10.435 -9.774 -12.751
0.010217 -17.493 -15.122 -14.52 -13.819 -13.336 -12.854 -14.383 -13.745 -13.332 -12.843 -12.383 -11.866 -13.757 -13.181 -12.584 -12.168 -11.789 -14.719 -14.448 -14.402 -14.747 -15.687 -12.68 -12.95 -12.416 -11.054 -10.473 -9.812 -12.788
0.010526 -17.482 -15.143 -14.556 -13.856 -13.372 -12.891 -14.419 -13.781 -13.369 -12.88 -12.421 -11.903 -13.793 -13.218 -12.621 -12.205 -11.827 -14.716 -14.442 -14.393 -14.735 -15.673 -12.717 -12.986 -12.453 -11.092 -10.51 -9.85 -12.825
0.010845 -17.472 -15.164 -14.592 -13.892 -13.409 -12.928 -14.454 -13.818 -13.405 -12.917 -12.458 -11.941 -13.829 -13.255 -12.658 -12.243 -11.864 -14.713 -14.436 -14.384 -14.723 -15.659 -12.754 -13.023 -12.49 -11.129 -10.548 -9.887 -12.862
0.011173 -17.461 -15.185 -14.627 -13.928 -13.446 -12.965 -14.49 -13.854 -13.442 -12.954 -12.495 -11.978 -13.866 -13.292 -12.695 -12.28 -11.901 -14.711 -14.431 -14.376 -14.712 -15.645 -12.791 -13.06 -12.528 -11.167 -10.586 -9.925 -12.899
0.011511 -17.451 -15.207 -14.663 -13.965 -13.483 -13.002 -14.525 -13.891 -13.479 -12.99 -12.532 -12.015 -13.902 -13.329 -12.732 -12.317 -11.939 -14.709 -14.426 -14.368 -14.701 -15.631 -12.828 -13.097 -12.565 -11.204 -10.623 -9.963 -12.936
0.011859 -17.441 -15.229 -14.699 -14.001 -13.519 -13.039 -14.561 -13.927 -13.515 -13.027 -12.569 -12.053 -13.939 -13.365 -12.769 -12.354 -11.976 -14.707 -14.422 -14.361 -14.689 -15.617 -12.865 -13.134 -12.602 -11.242 -10.661 -10.0 -12.972
0.012217 -17.431 -15.251 -14.734 -14.037 -13.556 -13.076 -14.596 -13.963 -13.552 -13.064 -12.606 -12.09 -13.975 -13.402 -12.806 -12.391 -12.013 -14.706 -14.418 -14.354 -14.679 -15.603 -12.902 -13.171 -12.639 -11.279 -10.698 -10.038 -13.009
0.012587 -17.421 -15.274 -14.769 -14.074 -13.592 -13.113 -14.632 -13.999 -13.589 -13.101 -12.643 -12.127 -14.011 -13.439 -12.843 -12.429 -12.051 -14.706 -14.414 -14.347 -14.668 -15.589 -12.938 -13.208 -12.676 -11.317 -10.736 -10.076 -13.046
0.012968 -17.412 -15.298 -14.805 -14.11 -13.629 -13.15 -14.667 -14.036 -13.625 -13.138 -12.68 -12.164 -14.047 -13.475 -12.88 -12.466 -12.088 -14.706 -14.411 -14.34 -14.658 -15.575 -12.975 -13.244 -12.713 -11.354 -10.774 -10.114 -13.083
0.01336 -17.402 -15.321 -14.84 -14.146 -13.665 -13.186 -14.702 -14.072 -13.662 -13.175 -12.717 -12.202 -14.084 -13.512 -12.917 -12.503 -12.125 -14.706 -14.409 -14.334 -14.647 -15.562 -13.012 -13.281 -12.75 -11.392 -10.811 -10.151 -13.12
0.013764 -17.393 -15.346 -14.875 -14.182 -13.702 -13.223 -14.737 -14.108 -13.698 -13.212 -12.754 -12.239 -14.12 -13.548 -12.954 -12.54 -12.162 -14.707 -14.407 -14.329 -14.637 -15.548 -13.049 -13.318 -12.787 -11.429 -10.849 -10.189 -13.156
0.01418 -17.385 -15.37 -14.91 -14.218 -13.738 -13.26 -14.772 -14.144 -13.735 -13.248 -12.791 -12.276 -14.156 -13.585 -12.991 -12.577 -12.2 -14.709 -14.405 -14.323 -14.628 -15.535 -13.086 -13.354 -12.824 -11.466 -10.886 -10.227 -13.193
0.014609 -17.376 -15.395 -14.945 -14.254 -13.775 -13.297 -14.807 -14.18 -13.771 -13.285 -12.828 -12.313 -14.192 -13.621 -13.028 -12.614 -12.237 -14.711 -14.404 -14.318 -14.618 -15.521 -13.122 -13.391 -12.861 -11.504 -10.924 -10.264 -13.23
0.015051 -17.368 -15.42 -14.98 -14.29 -13.811 -13.333 -14.842 -14.216 -13.807 -13.322 -12.865 -12.35 -14.228 -13.658 -13.064 -12.651 -12.274 -14.714 -14.403 -14.314 -14.609 -15.508 -13.159 -13.428 -12.898 -11.541 -10.961 -10.302 -13.266
0.015506 -17.36 -15.445 -15.015 -14.326 -13.847 -13.37 -14.877 -14.252 -13.844 -13.358 -12.902 -12.388 -14.264 -13.694 -13.101 -12.688 -12.311 -14.717 -14.403 -14.31 -14.6 -15.495 -13.196 -13.464 -12.935 -11.579 -10.999 -10.339 -13.303
0.015975 -17.352 -15.47 -15.05 -14.361 -13.884 -13.407 -14.911 -14.288 -13.88 -13.395 -12.939 -12.425 -14.3 -13.731 -13.138 -12.725 -12.348 -14.721 -14.404 -14.306 -14.591 -15.482 -13.233 -13.501 -12.971 -11.616 -11.036 -10.377 -13.339
0.016458 -17.345 -15.496 -15.085 -14.397 -13.92 -13.443 -14.946 -14.324 -13.916 -13.431 -12.976 -12.462 -14.335 -13.767 -13.175 -12.762 -12.385 -14.725 -14.405 -14.303 -14.583 -15.469 -13.269 -13.537 -13.008 -11.653 -11.074 -10.415 -13.376
0.016956 -17.338 -15.522 -15.119 -14.433 -13.956 -13.48 -14.981 -14.359 -13.952 -13.468 -13.013 -12.499 -14.371 -13.803 -13.211 -12.799 -12.422 -14.73 -14.406 -14.3 -14.575 -15.456 -13.306 -13.574 -13.045 -11.691 -11.111 -10.452 -13.412
0.017469 -17.331 -15.549 -15.154 -14.468 -13.992 -13.516 -15.015 -14.395 -13.988 -13.505 -13.049 -12.536 -14.407 -13.84 -13.248 -12.836 -12.459 -14.735 -14.408 -14.298 -14.567 -15.443 -13.342 -13.61 -13.082 -11.728 -11.149 -10.49 -13.449
0.017997 -17.325 -15.575 -15.189 -14.504 -14.028 -13.553 -15.049 -14.431 -14.024 -13.541 -13.086 -12.573 -14.442 -13.876 -13.285 -12.873 -12.497 -14.741 -14.411 -14.296 -14.56 -15.43 -13.379 -13.646 -13.118 -11.765 -11.186 -10.528 -13.485
0.018541 -17.319 -15.602 -15.223 -14.539 -14.064 -13.589 -15.084 -14.466 -14.06 -13.577 -13.123 -12.61 -14.478 -13.912 -13.321 -12.91 -12.534 -14.748 -14.414 -14.294 -14.552 -15.418 -13.415 -13.683 -13.155 -11.803 -11.224 -10.565 -13.521
0.019102 -17.313 -15.629 -15.257 -14.575 -14.1 -13.625 -15.118 -14.502 -14.096 -13.614 -13.159 -12.647 -14.514 -13.948 -13.358 -12.946 -12.571 -14.755 -14.417 -14.293 -14.546 -15.406 -13.452 -13.719 -13.192 -11.84 -11.261 -10.603 -13.558
0.01968 -17.307 -15.656 -15.291 -14.61 -14.136 -13.662 -15.152 -14.537 -14.132 -13.65 -13.196 -12.684 -14.549 -13.984 -13.394 -12.983 -12.608 -14.763 -14.422 -14.293 -14.539 -15.394 -13.488 -13.755 -13.228 -11.877 -11.299 -10.64 -13.594
0.020275 -17.302 -15.683 -15.325 -14.646 -14.172 -13.698 -15.186 -14.573 -14.168 -13.686 -13.233 -12.721 -14.584 -14.02 -13.431 -13.02 -12.644 -14.772 -14.426 -14.293 -14.533 -15.381 -13.524 -13.791 -13.265 -11.914 -11.336 -10.678 -13.63
0.020888 -17.297 -15.711 -15.359 -14.681 -14.208 -13.734 -15.22 -14.608 -14.204 -13.723 -13.269 -12.757 -14.62 -14.056 -13.467 -13.057 -12.681 -14.78 -14.432 -14.294 -14.527 -15.37 -13.561 -13.827 -13.302 -11.952 -11.373 -10.715 -13.666
0.02152 -17.293 -15.738 -15.393 -14.716 -14.243 -13.771 -15.253 -14.643 -14.24 -13.759 -13.306 -12.794 -14.655 -14.092 -13.504 -13.093 -12.718 -14.79 -14.438 -14.295 -14.522 -15.358 -13.597 -13.864 -13.338 -11.989 -11.411 -10.753 -13.703
0.022171 -17.289 -15.766 -15.427 -14.751 -14.279 -13.807 -15.287 -14.679 -14.275 -13.795 -13.342 -12.831 -14.69 -14.128 -13.54 -13.13 -12.755 -14.8 -14.444 -14.297 -14.517 -15.346 -13.633 -13.9 -13.375 -12.026 -11.448 -10.79 -13.739
0.022841 -17.285 -15.794 -15.461 -14.786 -14.315 -13.843 -15.321 -14.714 -14.311 -13.831 -13.379 -12.868 -14.725 -14.163 -13.576 -13.167 -12.792 -14.811 -14.451 -14.299 -14.513 -15.335 -13.669 -13.936 -13.411 -12.063 -11.485 -10.828 -13.775
0.023532 -17.282 -15.822 -15.494 -14.821 -14.35 -13.879 -15.354 -14.749 -14.346 -13.867 -13.415 -12.905 -14.76 -14.199 -13.613 -13.203 -12.829 -14.822 -14.459 -14.302 -14.509 -15.324 -13.705 -13.972 -13.447 -12.1 -11.523 -10.865 -13.811
0.024244 -17.279 -15.85 -15.528 -14.856 -14.386 -13.915 -15.387 -14.784 -14.382 -13.903 -13.451 -12.941 -14.795 -14.235 -13.649 -13.24 -12.866 -14.834 -14.468 -14.305 -14.505 -15.313 -13.741 -14.007 -13.484 -12.137 -11.56 -10.903 -13.847
0.024977 -17.276 -15.878 -15.561 -14.891 -14.421 -13.951 -15.42 -14.819 -14.417 -13.939 -13.488 -12.978 -14.83 -14.27 -13.685 -13.276 -12.902 -14.847 -14.476 -14.309 -14.502 -15.302 -13.777 -14.043 -13.52 -12.174 -11.597 -10.94 -13.882
0.025733 -17.274 -15.906 -15.594 -14.925 -14.457 -13.987 -15.453 -14.853 -14.453 -13.975 -13.524 -13.015 -14.865 -14.306 -13.721 -13.313 -12.939 -14.86 -14.486 -14.314 -14.499 -15.292 -13.813 -14.079 -13.556 -12.212 -11.635 -10.978 -13.918
0.026511 -17.272 -15.934 -15.627 -14.96 -14.492 -14.023 -15.486 -14.888 -14.488 -14.011 -13.56 -13.051 -14.9 -14.341 -13.757 -13.349 -12.976 -14.873 -14.496 -14.319 -14.497 -15.281 -13.849 -14.115 -13.593 -12.249 -11.672 -11.015 -13.954
0.027313 -17.27 -15.962 -15.66 -14.994 -14.527 -14.058 -15.519 -14.923 -14.523 -14.047 -13.597 -13.088 -14.934 -14.377 -13.793 -13.385 -13.012 -14.887 -14.507 -14.324 -14.495 -15.271 -13.885 -14.15 -13.629 -12.286 -11.709 -11.052 -13.99
0.028139 -17.269 -15.99 -15.693 -15.029 -14.562 -14.094 -15.552 -14.957 -14.558 -14.083 -13.633 -13.124 -14.969 -14.412 -13.829 -13.422 -13.049 -14.902 -14.518 -14.331 -14.493 -15.261 -13.921 -14.186 -13.665 -12.323 -11.746 -11.09 -14.025
0.02899 -17.268 -16.019 -15.726 -15.063 -14.597 -14.13 -15.584 -14.992 -14.594 -14.118 -13.669 -13.161 -15.003 -14.448 -13.865 -13.458 -13.085 -14.917 -14.53 -14.338 -14.492 -15.251 -13.957 -14.221 -13.701 -12.36 -11.784 -11.127 -14.061
0.029867 -17.268 -16.047 -15.758 -15.097 -14.632 -14.165 -15.617 -15.026 -14.629 -14.154 -13.705 -13.197 -15.038 -14.483 -13.901 -13.494 -13.122 -14.933 -14.542 -14.345 -14.492 -15.242 -13.992 -14.257 -13.737 -12.396 -11.821 -11.165 -14.096
0.03077 -17.268 -16.075 -15.791 -15.132 -14.667 -14.201 -15.649 -15.06 -14.663 -14.189 -13.741 -13.234 -15.072 -14.518 -13.937 -13.531 -13.158 -14.949 -14.555 -14.353 -14.492 -15.233 -14.028 -14.292 -13.773 -12.433 -11.858 -11.202 -14.132
0.031701 -17.268 -16.104 -15.823 -15.166 -14.702 -14.236 -15.681 -15.095 -14.698 -14.225 -13.777 -13.27 -15.106 -14.553 -13.973 -13.567 -13.195 -14.966 -14.569 -14.362 -14.493 -15.224 -14.064 -14.328 -13.809 -12.47 -11.895 -11.239 -14.167
0.032659 -17.269 -16.132 -15.855 -15.2 -14.737 -14.272 -15.713 -15.129 -14.733 -14.26 -13.813 -13.306 -15.14 -14.588 -14.009 -13.603 -13.231 -14.983 -14.583 -14.371 -14.494 -15.215 -14.099 -14.363 -13.845 -12.507 -11.932 -11.277 -14.203
0.033647 -17.27 -16.16 -15.887 -15.233 -14.772 -14.307 -15.744 -15.163 -14.768 -14.296 -13.849 -13.343 -15.174 -14.623 -14.044 -13.639 -13.268 -15.001 -14.598 -14.381 -14.496 -15.207 -14.135 -14.398 -13.881 -12.544 -11.969 -11.314 -14.238
0.034665 -17.271 -16.189 -15.919 -15.267 -14.806 -14.343 -15.776 -15.196 -14.802 -14.331 -13.884 -13.379 -15.208 -14.658 -14.08 -13.675 -13.304 -15.019 -14.613 -14.391 -14.498 -15.199 -14.17 -14.433 -13.916 -12.581 -12.006 -11.351 -14.273
0.035713 -17.273 -16.217 -15.95 -15.301 -14.841 -14.378 -15.807 -15.23 -14.837 -14.366 -13.92 -13.415 -15.242 -14.692 -14.115 -13.711 -13.34 -15.038 -14.629 -14.402 -14.5 -15.191 -14.205 -14.468 -13.952 -12.617 -12.043 -11.388 -14.308
0.036793 -17.275 -16.245 -15.982 -15.334 -14.875 -14.413 -15.839 -15.264 -14.871 -14.401 -13.956 -13.451 -15.275 -14.727 -14.151 -13.747 -13.377 -15.057 -14.645 -14.413 -14.504 -15.184 -14.241 -14.503 -13.988 -12.654 -12.08 -11.426 -14.343
0.037906 -17.277 -16.273 -16.013 -15.368 -14.909 -14.448 -15.87 -15.297 -14.906 -14.436 -13.991 -13.488 -15.309 -14.762 -14.186 -13.783 -13.413 -15.076 -14.662 -14.426 -14.508 -15.177 -14.276 -14.538 -14.023 -12.691 -12.117 -11.463 -14.378
0.039052 -17.28 -16.301 -16.044 -15.401 -14.944 -14.483 -15.9 -15.331 -14.94 -14.472 -14.027 -13.524 -15.342 -14.796 -14.222 -13.819 -13.449 -15.096 -14.679 -14.438 -14.512 -15.17 -14.311 -14.573 -14.059 -12.728 -12.154 -11.5 -14.413
0.040234 -17.283 -16.329 -16.075 -15.434 -14.978 -14.518 -15.931 -15.364 -14.974 -14.506 -14.062 -13.56 -15.375 -14.83 -14.257 -13.854 -13.485 -15.117 -14.697 -14.452 -14.517 -15.164 -14.346 -14.608 -14.094 -12.764 -12.191 -11.537 -14.448
0.04145 -17.287 -16.356 -16.106 -15.467 -15.012 -14.553 -15.962 -15.397 -15.008 -14.541 -14.098 -13.596 -15.409 -14.865 -14.292 -13.89 -13.521 -15.137 -14.715 -14.465 -14.523 -15.158 -14.381 -14.642 -14.13 -12.801 -12.228 -11.574 -14.482
0.042704 -17.291 -16.384 -16.136 -15.5 -15.046 -14.588 -15.992 -15.43 -15.042 -14.576 -14.133 -13.631 -15.442 -14.899 -14.327 -13.926 -13.557 -15.159 -14.734 -14.48 -14.529 -15.152 -14.416 -14.677 -14.165 -12.837 -12.265 -11.612 -14.517
0.043996 -17.295 -16.411 -16.166 -15.532 -15.08 -14.622 -16.022 -15.463 -15.076 -14.611 -14.168 -13.667 -15.474 -14.933 -14.362 -13.961 -13.593 -15.18 -14.753 -14.495 -14.535 -15.147 -14.45 -14.711 -14.2 -12.874 -12.302 -11.649 -14.552
0.045326 -17.299 -16.439 -16.196 -15.565 -15.113 -14.657 -16.052 -15.496 -15.109 -14.645 -14.204 -13.703 -15.507 -14.967 -14.397 -13.997 -13.629 -15.202 -14.773 -14.51 -14.543 -15.142 -14.485 -14.746 -14.235 -12.91 -12.338 -11.686 -14.586
0.046697 -17.304 -16.466 -16.226 -15.597 -15.147 -14.691 -16.081 -15.528 -15.143 -14.68 -14.239 -13.739 -15.54 -15.001 -14.432 -14.032 -13.665 -15.224 -14.793 -14.526 -14.551 -15.137 -14.52 -14.78 -14.27 -12.947 -12.375 -11.723 -14.62
0.048109 -17.309 -16.493 -16.256 -15.63 -15.18 -14.726 -16.111 -15.561 -15.176 -14.714 -14.274 -13.775 -15.572 -15.035 -14.467 -14.068 -13.701 -15.247 -14.814 -14.543 -14.559 -15.133 -14.554 -14.814 -14.305 -12.983 -12.412 -11.76 -14.655
0.049564 -17.315 -16.52 -16.285 -15.662 -15.214 -14.76 -16.14 -15.593 -15.21 -14.749 -14.309 -13.81 -15.605 -15.068 -14.502 -14.103 -13.736 -15.269 -14.835 -14.56 -14.568 -15.13 -14.589 -14.848 -14.34 -13.02 -12.449 -11.797 -14.689
0.051063 -17.32 -16.547 -16.315 -15.694 -15.247 -14.794 -16.169 -15.625 -15.243 -14.783 -14.344 -13.846 -15.637 -15.102 -14.536 -14.138 -13.772 -15.293 -14.856 -14.577 -14.578 -15.126 -14.623 -14.882 -14.375 -13.056 -12.485 -11.834 -14.723
0.052608 -17.326 -16.573 -16.344 -15.726 -15.28 -14.828 -16.197 -15.657 -15.276 -14.817 -14.379 -13.881 -15.669 -15.135 -14.571 -14.173 -13.808 -15.316 -14.878 -14.595 -14.588 -15.123 -14.657 -14.916 -14.41 -13.092 -12.522 -11.871 -14.757
0.054199 -17.332 -16.599 -16.372 -15.757 -15.313 -14.862 -16.226 -15.689 -15.309 -14.851 -14.413 -13.917 -15.701 -15.169 -14.605 -14.208 -13.843 -15.34 -14.9 -14.614 -14.599 -15.121 -14.691 -14.95 -14.445 -13.128 -12.559 -11.908 -14.791
