web/models/grb/onaxis/5/grb_0.0000_372.7594_0.0025119.dat
# %ECSV 1.0
# ---
# datatype:
# - {name: time, datatype: float64}
# - {name: swift_uvot_uvw2, datatype: float64}
# - {name: swift_uvot_uvm2, datatype: float64}
# - {name: swift_uvot_uvw1, datatype: float64}
# - {name: swift_uvot_U, datatype: float64}
# - {name: swift_uvot_B, datatype: float64}
# - {name: swift_uvot_V, datatype: float64}
# - {name: swift_uvot_W, datatype: float64}
# - {name: johnson_U, datatype: float64}
# - {name: johnson_B, datatype: float64}
# - {name: johnson_V, datatype: float64}
# - {name: johnson_R, datatype: float64}
# - {name: johnson_I, datatype: float64}
# - {name: sdss_u, datatype: float64}
# - {name: sdss_g, datatype: float64}
# - {name: sdss_r, datatype: float64}
# - {name: sdss_i, datatype: float64}
# - {name: sdss_z, datatype: float64}
# - {name: PS1_g, datatype: float64}
# - {name: PS1_r, datatype: float64}
# - {name: PS1_i, datatype: float64}
# - {name: PS1_z, datatype: float64}
# - {name: PS1_Y, datatype: float64}
# - {name: ukirt_J, datatype: float64}
# - {name: ukirt_H, datatype: float64}
# - {name: ukirt_K, datatype: float64}
# meta: !!omap
# - comment: [E = 0.16176451642579392, Eta0 = 8.02, GammaB = 12.0, dL = 0.012188, epsb = 6.760829753919819e-06, epse = 0.1, n = 0.0025118864315095794,
#     p = 2.15, theta_obs = 0.0, xiN = 1.0, z = 0.0, type = grb, E_kiso = 372.7593720314938]
# schema: astropy-2.0
time swift_uvot_uvw2 swift_uvot_uvm2 swift_uvot_uvw1 swift_uvot_U swift_uvot_B swift_uvot_V swift_uvot_W johnson_U johnson_B johnson_V johnson_R johnson_I sdss_u sdss_g sdss_r sdss_i sdss_z PS1_g PS1_r PS1_i PS1_z PS1_Y ukirt_J ukirt_H ukirt_K
[from data line 242]
3.2006 -8.176 -8.126 -8.201 -8.394 -8.536 -8.676 -8.315 -8.416 -8.539 -8.681 -8.821 -8.97 -8.411 -8.584 -8.756 -8.877 -8.987 -8.648 -8.79 -8.91 -9.009 -9.177 -9.199 -9.368 -9.559
3.2778 -8.126 -8.077 -8.152 -8.345 -8.487 -8.626 -8.265 -8.367 -8.489 -8.631 -8.772 -8.92 -8.362 -8.535 -8.706 -8.827 -8.938 -8.598 -8.741 -8.861 -8.96 -9.128 -9.15 -9.319 -9.509
3.3569 -8.077 -8.027 -8.102 -8.295 -8.438 -8.577 -8.216 -8.318 -8.44 -8.582 -8.722 -8.871 -8.313 -8.485 -8.657 -8.778 -8.888 -8.549 -8.691 -8.811 -8.91 -9.079 -9.1 -9.27 -9.46
3.4378 -8.027 -7.978 -8.053 -8.246 -8.388 -8.527 -8.166 -8.268 -8.391 -8.532 -8.673 -8.821 -8.263 -8.436 -8.608 -8.728 -8.839 -8.499 -8.642 -8.762 -8.861 -9.029 -9.051 -9.22 -9.41
3.5208 -7.974 -7.925 -8.0 -8.193 -8.335 -8.474 -8.114 -8.215 -8.338 -8.48 -8.62 -8.769 -8.21 -8.383 -8.555 -8.675 -8.786 -8.447 -8.589 -8.709 -8.808 -8.976 -8.998 -9.167 -9.358
3.6057 -7.918 -7.868 -7.943 -8.136 -8.279 -8.418 -8.057 -8.158 -8.281 -8.423 -8.563 -8.712 -8.153 -8.326 -8.498 -8.619 -8.729 -8.39 -8.532 -8.652 -8.751 -8.919 -8.941 -9.111 -9.301
3.6927 -7.861 -7.812 -7.886 -8.079 -8.222 -8.361 -8.0 -8.102 -8.224 -8.366 -8.507 -8.655 -8.097 -8.269 -8.441 -8.562 -8.672 -8.333 -8.476 -8.595 -8.694 -8.863 -8.884 -9.054 -9.244
3.7818 -7.804 -7.755 -7.83 -8.023 -8.165 -8.304 -7.943 -8.045 -8.167 -8.309 -8.45 -8.598 -8.04 -8.213 -8.384 -8.505 -8.616 -8.276 -8.419 -8.539 -8.638 -8.806 -8.828 -8.997 -9.187
3.873 -7.748 -7.698 -7.773 -7.966 -8.108 -8.247 -7.887 -7.988 -8.111 -8.253 -8.393 -8.542 -7.983 -8.156 -8.328 -8.448 -8.559 -8.22 -8.362 -8.482 -8.581 -8.749 -8.771 -8.94 -9.131
3.9664 -7.691 -7.641 -7.716 -7.909 -8.052 -8.191 -7.83 -7.932 -8.054 -8.196 -8.336 -8.485 -7.926 -8.099 -8.271 -8.392 -8.502 -8.163 -8.305 -8.425 -8.524 -8.692 -8.714 -8.884 -9.074
4.0621 -7.634 -7.585 -7.659 -7.852 -7.995 -8.134 -7.773 -7.875 -7.997 -8.139 -8.28 -8.428 -7.87 -8.042 -8.214 -8.335 -8.445 -8.106 -8.249 -8.368 -8.467 -8.636 -8.657 -8.827 -9.017
4.1601 -7.577 -7.528 -7.603 -7.796 -7.938 -8.077 -7.716 -7.818 -7.94 -8.082 -8.223 -8.371 -7.813 -7.986 -8.157 -8.278 -8.389 -8.049 -8.192 -8.312 -8.411 -8.579 -8.601 -8.77 -8.96
4.2604 -7.521 -7.471 -7.546 -7.739 -7.881 -8.02 -7.66 -7.761 -7.884 -8.026 -8.166 -8.315 -7.756 -7.929 -8.101 -8.221 -8.332 -7.993 -8.135 -8.255 -8.354 -8.522 -8.544 -8.713 -8.904
4.3632 -7.464 -7.414 -7.489 -7.682 -7.825 -7.964 -7.603 -7.705 -7.827 -7.969 -8.109 -8.258 -7.699 -7.872 -8.044 -8.165 -8.275 -7.936 -8.078 -8.198 -8.297 -8.466 -8.487 -8.657 -8.847
4.4685 -7.409 -7.359 -7.434 -7.627 -7.769 -7.909 -7.548 -7.649 -7.772 -7.914 -8.054 -8.203 -7.644 -7.817 -7.989 -8.11 -8.22 -7.881 -8.023 -8.143 -8.242 -8.41 -8.432 -8.601 -8.792
4.5763 -7.355 -7.305 -7.38 -7.573 -7.715 -7.855 -7.494 -7.595 -7.718 -7.86 -8.0 -8.149 -7.59 -7.763 -7.935 -8.055 -8.166 -7.827 -7.969 -8.089 -8.188 -8.356 -8.378 -8.547 -8.738
4.6867 -7.301 -7.251 -7.326 -7.519 -7.661 -7.8 -7.44 -7.541 -7.664 -7.806 -7.946 -8.095 -7.536 -7.709 -7.881 -8.001 -8.112 -7.773 -7.915 -8.035 -8.134 -8.302 -8.324 -8.493 -8.684
4.7997 -7.247 -7.197 -7.272 -7.465 -7.607 -7.746 -7.386 -7.487 -7.61 -7.752 -7.892 -8.041 -7.482 -7.655 -7.827 -7.947 -8.058 -7.719 -7.861 -7.981 -8.08 -8.248 -8.27 -8.439 -8.63
4.9155 -7.193 -7.143 -7.218 -7.411 -7.553 -7.692 -7.332 -7.433 -7.556 -7.698 -7.838 -7.987 -7.428 -7.601 -7.773 -7.893 -8.004 -7.665 -7.807 -7.927 -8.026 -8.194 -8.216 -8.385 -8.576
5.0341 -7.138 -7.089 -7.164 -7.357 -7.499 -7.638 -7.278 -7.379 -7.502 -7.644 -7.784 -7.933 -7.374 -7.547 -7.719 -7.839 -7.95 -7.611 -7.753 -7.873 -7.972 -8.14 -8.162 -8.331 -8.522
5.1555 -7.084 -7.035 -7.11 -7.303 -7.445 -7.584 -7.224 -7.325 -7.448 -7.589 -7.73 -7.879 -7.32 -7.493 -7.665 -7.785 -7.896 -7.556 -7.699 -7.819 -7.918 -8.086 -8.108 -8.277 -8.468
5.2799 -7.03 -6.981 -7.056 -7.249 -7.391 -7.53 -7.169 -7.271 -7.394 -7.535 -7.676 -7.824 -7.266 -7.439 -7.611 -7.731 -7.842 -7.502 -7.645 -7.765 -7.864 -8.032 -8.054 -8.223 -8.413
5.4072 -6.976 -6.927 -7.002 -7.195 -7.337 -7.476 -7.115 -7.217 -7.339 -7.481 -7.622 -7.77 -7.212 -7.385 -7.556 -7.677 -7.788 -7.448 -7.591 -7.711 -7.81 -7.978 -8.0 -8.169 -8.359
5.5377 -6.922 -6.873 -6.948 -7.141 -7.283 -7.422 -7.061 -7.163 -7.285 -7.427 -7.568 -7.716 -7.158 -7.331 -7.502 -7.623 -7.734 -7.394 -7.537 -7.657 -7.756 -7.924 -7.946 -8.115 -8.305
5.6713 -6.871 -6.821 -6.896 -7.089 -7.231 -7.371 -7.01 -7.111 -7.234 -7.376 -7.516 -7.665 -7.106 -7.279 -7.451 -7.572 -7.682 -7.343 -7.485 -7.605 -7.704 -7.872 -7.894 -8.063 -8.254
5.8081 -6.82 -6.77 -6.845 -7.038 -7.181 -7.32 -6.959 -7.061 -7.183 -7.325 -7.465 -7.614 -7.056 -7.228 -7.4 -7.521 -7.631 -7.292 -7.435 -7.554 -7.653 -7.822 -7.843 -8.013 -8.203
5.9482 -6.769 -6.72 -6.795 -6.987 -7.13 -7.269 -6.908 -7.01 -7.132 -7.274 -7.415 -7.563 -7.005 -7.177 -7.349 -7.47 -7.581 -7.241 -7.384 -7.504 -7.603 -7.771 -7.793 -7.962 -8.152
6.0917 -6.718 -6.669 -6.744 -6.937 -7.079 -7.218 -6.857 -6.959 -7.081 -7.223 -7.364 -7.512 -6.954 -7.127 -7.298 -7.419 -7.53 -7.19 -7.333 -7.453 -7.552 -7.72 -7.742 -7.911 -8.101
6.2386 -6.668 -6.618 -6.693 -6.886 -7.028 -7.167 -6.807 -6.908 -7.031 -7.173 -7.313 -7.462 -6.903 -7.076 -7.248 -7.368 -7.479 -7.14 -7.282 -7.402 -7.501 -7.669 -7.691 -7.86 -8.051
6.3891 -6.617 -6.567 -6.642 -6.835 -6.978 -7.117 -6.756 -6.857 -6.98 -7.122 -7.262 -7.411 -6.852 -7.025 -7.197 -7.318 -7.428 -7.089 -7.231 -7.351 -7.45 -7.618 -7.64 -7.809 -8.0
6.5433 -6.566 -6.516 -6.591 -6.784 -6.927 -7.066 -6.705 -6.807 -6.929 -7.071 -7.211 -7.36 -6.802 -6.974 -7.146 -7.267 -7.377 -7.038 -7.181 -7.3 -7.399 -7.568 -7.589 -7.759 -7.949
6.7011 -6.515 -6.466 -6.541 -6.734 -6.876 -7.015 -6.654 -6.756 -6.878 -7.02 -7.161 -7.309 -6.751 -6.923 -7.095 -7.216 -7.327 -6.987 -7.13 -7.25 -7.349 -7.517 -7.539 -7.708 -7.898
6.8627 -6.464 -6.415 -6.49 -6.683 -6.825 -6.964 -6.603 -6.705 -6.828 -6.969 -7.11 -7.258 -6.7 -6.873 -7.044 -7.165 -7.276 -6.936 -7.079 -7.199 -7.298 -7.466 -7.488 -7.657 -7.847
7.0283 -6.414 -6.364 -6.439 -6.632 -6.774 -6.913 -6.553 -6.654 -6.777 -6.919 -7.059 -7.208 -6.649 -6.822 -6.994 -7.114 -7.225 -6.886 -7.028 -7.148 -7.247 -7.415 -7.437 -7.606 -7.797
7.1978 -6.357 -6.308 -6.383 -6.576 -6.718 -6.857 -6.497 -6.598 -6.721 -6.862 -7.003 -7.152 -6.593 -6.766 -6.938 -7.058 -7.169 -6.829 -6.972 -7.092 -7.191 -7.359 -7.381 -7.55 -7.741
7.3715 -6.301 -6.251 -6.326 -6.519 -6.661 -6.801 -6.44 -6.541 -6.664 -6.806 -6.946 -7.095 -6.536 -6.709 -6.881 -7.002 -7.112 -6.773 -6.915 -7.035 -7.134 -7.302 -7.324 -7.493 -7.684
7.5493 -6.244 -6.195 -6.269 -6.462 -6.605 -6.744 -6.383 -6.485 -6.607 -6.749 -6.89 -7.038 -6.48 -6.652 -6.824 -6.945 -7.055 -6.716 -6.859 -6.978 -7.077 -7.246 -7.267 -7.437 -7.627
7.7314 -6.187 -6.138 -6.213 -6.406 -6.548 -6.687 -6.326 -6.428 -6.55 -6.692 -6.833 -6.981 -6.423 -6.596 -6.767 -6.888 -6.999 -6.659 -6.802 -6.922 -7.021 -7.189 -7.211 -7.38 -7.57
7.9179 -6.131 -6.081 -6.156 -6.349 -6.491 -6.63 -6.27 -6.371 -6.494 -6.636 -6.776 -6.925 -6.366 -6.539 -6.711 -6.831 -6.942 -6.603 -6.745 -6.865 -6.964 -7.132 -7.154 -7.323 -7.514
8.1089 -6.074 -6.024 -6.099 -6.292 -6.435 -6.574 -6.213 -6.315 -6.437 -6.579 -6.719 -6.868 -6.31 -6.482 -6.654 -6.775 -6.885 -6.546 -6.688 -6.808 -6.907 -7.076 -7.097 -7.267 -7.457
8.3045 -6.017 -5.968 -6.043 -6.235 -6.378 -6.517 -6.156 -6.258 -6.38 -6.522 -6.663 -6.811 -6.253 -6.425 -6.597 -6.718 -6.829 -6.489 -6.632 -6.752 -6.851 -7.019 -7.041 -7.21 -7.4
8.5049 -5.96 -5.911 -5.986 -6.179 -6.321 -6.46 -6.099 -6.201 -6.324 -6.465 -6.606 -6.754 -6.196 -6.369 -6.541 -6.661 -6.772 -6.432 -6.575 -6.695 -6.794 -6.962 -6.984 -7.153 -7.344
8.71 -5.904 -5.854 -5.929 -6.122 -6.264 -6.404 -6.043 -6.144 -6.267 -6.409 -6.549 -6.698 -6.139 -6.312 -6.484 -6.605 -6.715 -6.376 -6.518 -6.638 -6.737 -6.905 -6.927 -7.096 -7.287
8.9201 -5.847 -5.797 -5.872 -6.065 -6.208 -6.347 -5.986 -6.088 -6.21 -6.352 -6.492 -6.641 -6.083 -6.255 -6.427 -6.548 -6.658 -6.319 -6.462 -6.581 -6.68 -6.849 -6.87 -7.04 -7.23
9.1353 -5.789 -5.739 -5.814 -6.007 -6.15 -6.289 -5.928 -6.03 -6.152 -6.294 -6.434 -6.583 -6.025 -6.197 -6.369 -6.49 -6.6 -6.261 -6.403 -6.523 -6.622 -6.791 -6.812 -6.982 -7.172
9.3557 -5.731 -5.681 -5.756 -5.949 -6.091 -6.231 -5.87 -5.971 -6.094 -6.236 -6.376 -6.525 -5.966 -6.139 -6.311 -6.432 -6.542 -6.203 -6.345 -6.465 -6.564 -6.732 -6.754 -6.923 -7.114
9.5814 -5.673 -5.623 -5.698 -5.891 -6.033 -6.172 -5.812 -5.913 -6.036 -6.178 -6.318 -6.467 -5.908 -6.081 -6.253 -6.373 -6.484 -6.145 -6.287 -6.407 -6.506 -6.674 -6.696 -6.865 -7.056
9.8125 -5.614 -5.565 -5.64 -5.833 -5.975 -6.114 -5.754 -5.855 -5.978 -6.12 -6.26 -6.409 -5.85 -6.023 -6.195 -6.315 -6.426 -6.087 -6.229 -6.349 -6.448 -6.616 -6.638 -6.807 -6.998
10.0492 -5.556 -5.507 -5.582 -5.775 -5.917 -6.056 -5.695 -5.797 -5.92 -6.061 -6.202 -6.35 -5.792 -5.965 -6.137 -6.257 -6.368 -6.028 -6.171 -6.291 -6.39 -6.558 -6.58 -6.749 -6.939
10.2917 -5.498 -5.449 -5.524 -5.717 -5.859 -5.998 -5.637 -5.739 -5.861 -6.003 -6.144 -6.292 -5.734 -5.907 -6.078 -6.199 -6.31 -5.97 -6.113 -6.233 -6.332 -6.5 -6.522 -6.691 -6.881
10.5399 -5.44 -5.391 -5.466 -5.659 -5.801 -5.94 -5.579 -5.681 -5.803 -5.945 -6.086 -6.234 -5.676 -5.848 -6.02 -6.141 -6.252 -5.912 -6.055 -6.175 -6.274 -6.442 -6.464 -6.633 -6.823
10.7942 -5.382 -5.333 -5.407 -5.6 -5.743 -5.882 -5.521 -5.623 -5.745 -5.887 -6.028 -6.176 -5.618 -5.79 -5.962 -6.083 -6.194 -5.854 -5.997 -6.116 -6.216 -6.384 -6.405 -6.575 -6.765
11.0546 -5.324 -5.274 -5.349 -5.542 -5.685 -5.824 -5.463 -5.565 -5.687 -5.829 -5.969 -6.118 -5.56 -5.732 -5.904 -6.025 -6.135 -5.796 -5.939 -6.058 -6.157 -6.326 -6.347 -6.517 -6.707
11.3212 -5.265 -5.216 -5.291 -5.484 -5.626 -5.765 -5.404 -5.506 -5.629 -5.77 -5.911 -6.059 -5.501 -5.674 -5.846 -5.966 -6.077 -5.737 -5.88 -6.0 -6.099 -6.267 -6.289 -6.458 -6.648
11.5943 -5.205 -5.155 -5.23 -5.423 -5.566 -5.705 -5.344 -5.446 -5.568 -5.71 -5.85 -5.999 -5.441 -5.613 -5.785 -5.906 -6.016 -5.677 -5.819 -5.939 -6.038 -6.207 -6.228 -6.398 -6.588
11.874 -5.144 -5.095 -5.17 -5.363 -5.505 -5.644 -5.283 -5.385 -5.508 -5.649 -5.79 -5.938 -5.38 -5.553 -5.724 -5.845 -5.956 -5.616 -5.759 -5.879 -5.978 -6.146 -6.168 -6.337 -6.527
12.1605 -5.084 -5.034 -5.109 -5.302 -5.445 -5.584 -5.223 -5.325 -5.447 -5.589 -5.729 -5.878 -5.32 -5.492 -5.664 -5.785 -5.895 -5.556 -5.698 -5.818 -5.917 -6.086 -6.107 -6.277 -6.467
12.4538 -5.023 -4.974 -5.049 -5.242 -5.384 -5.523 -5.162 -5.264 -5.386 -5.528 -5.669 -5.817 -5.259 -5.432 -5.603 -5.724 -5.835 -5.495 -5.638 -5.758 -5.857 -6.025 -6.047 -6.216 -6.406
12.7542 -4.963 -4.913 -4.988 -5.181 -5.324 -5.463 -5.102 -5.204 -5.326 -5.468 -5.608 -5.757 -5.198 -5.371 -5.543 -5.664 -5.774 -5.435 -5.577 -5.697 -5.796 -5.965 -5.986 -6.156 -6.346
13.0619 -4.902 -4.853 -4.928 -5.121 -5.263 -5.402 -5.041 -5.143 -5.265 -5.407 -5.548 -5.696 -5.138 -5.311 -5.482 -5.603 -5.714 -5.374 -5.517 -5.637 -5.736 -5.904 -5.926 -6.095 -6.285
13.377 -4.842 -4.792 -4.867 -5.06 -5.203 -5.342 -4.981 -5.082 -5.205 -5.347 -5.487 -5.636 -5.077 -5.25 -5.422 -5.543 -5.653 -5.314 -5.456 -5.576 -5.675 -5.843 -5.865 -6.035 -6.225
13.6997 -4.781 -4.732 -4.807 -5.0 -5.142 -5.281 -4.92 -5.022 -5.144 -5.286 -5.427 -5.575 -5.017 -5.19 -5.361 -5.482 -5.593 -5.253 -5.396 -5.516 -5.615 -5.783 -5.805 -5.974 -6.164
14.0302 -4.721 -4.671 -4.746 -4.939 -5.081 -5.221 -4.86 -4.961 -5.084 -5.226 -5.366 -5.515 -4.956 -5.129 -5.301 -5.422 -5.532 -5.193 -5.335 -5.455 -5.554 -5.722 -5.744 -5.913 -6.104
14.3686 -4.661 -4.611 -4.686 -4.879 -5.022 -5.161 -4.8 -4.902 -5.024 -5.166 -5.306 -5.455 -4.897 -5.069 -5.241 -5.362 -5.472 -5.133 -5.276 -5.395 -5.494 -5.663 -5.684 -5.854 -6.044
14.7153 -4.603 -4.553 -4.628 -4.821 -4.963 -5.102 -4.742 -4.843 -4.966 -5.108 -5.248 -5.397 -4.838 -5.011 -5.183 -5.303 -5.414 -5.075 -5.217 -5.337 -5.436 -5.604 -5.626 -5.795 -5.986
15.0702 -4.544 -4.495 -4.57 -4.763 -4.905 -5.044 -4.683 -4.785 -4.907 -5.049 -5.19 -5.338 -4.78 -4.953 -5.124 -5.245 -5.356 -5.016 -5.159 -5.279 -5.378 -5.546 -5.568 -5.737 -5.927
15.4338 -4.486 -4.437 -4.511 -4.704 -4.847 -4.986 -4.625 -4.727 -4.849 -4.991 -5.131 -5.28 -4.722 -4.894 -5.066 -5.187 -5.297 -4.958 -5.101 -5.22 -5.319 -5.488 -5.509 -5.679 -5.869
15.8061 -4.428 -4.378 -4.453 -4.646 -4.788 -4.928 -4.567 -4.668 -4.791 -4.933 -5.073 -5.222 -4.663 -4.836 -5.008 -5.128 -5.239 -4.9 -5.042 -5.162 -5.261 -5.429 -5.451 -5.62 -5.811
16.1874 -4.369 -4.32 -4.395 -4.588 -4.73 -4.869 -4.508 -4.61 -4.733 -4.874 -5.015 -5.163 -4.605 -4.778 -4.949 -5.07 -5.181 -4.841 -4.984 -5.104 -5.203 -5.371 -5.393 -5.562 -5.752
16.5779 -4.311 -4.262 -4.336 -4.529 -4.672 -4.811 -4.45 -4.552 -4.674 -4.816 -4.957 -5.105 -4.547 -4.719 -4.891 -5.012 -5.123 -4.783 -4.926 -5.045 -5.144 -5.313 -5.334 -5.504 -5.694
16.9778 -4.253 -4.203 -4.278 -4.471 -4.613 -4.753 -4.392 -4.493 -4.616 -4.758 -4.898 -5.047 -4.488 -4.661 -4.833 -4.954 -5.064 -4.725 -4.867 -4.987 -5.086 -5.254 -5.276 -5.445 -5.636
17.3873 -4.194 -4.145 -4.22 -4.413 -4.555 -4.694 -4.333 -4.435 -4.558 -4.699 -4.84 -4.988 -4.43 -4.603 -4.775 -4.895 -5.006 -4.666 -4.809 -4.929 -5.028 -5.196 -5.218 -5.387 -5.578
17.8068 -4.136 -4.087 -4.161 -4.354 -4.497 -4.636 -4.275 -4.377 -4.499 -4.641 -4.782 -4.93 -4.372 -4.544 -4.716 -4.837 -4.948 -4.608 -4.751 -4.871 -4.97 -5.138 -5.16 -5.329 -5.519
18.2363 -4.08 -4.03 -4.105 -4.298 -4.441 -4.58 -4.219 -4.321 -4.443 -4.585 -4.725 -4.874 -4.316 -4.488 -4.66 -4.781 -4.891 -4.552 -4.694 -4.814 -4.913 -5.082 -5.103 -5.273 -5.463
18.6762 -4.026 -3.977 -4.051 -4.244 -4.387 -4.526 -4.165 -4.267 -4.389 -4.531 -4.672 -4.82 -4.262 -4.434 -4.606 -4.727 -4.838 -4.498 -4.641 -4.76 -4.859 -5.028 -5.049 -5.219 -5.409
19.1268 -3.972 -3.923 -3.998 -4.191 -4.333 -4.472 -4.111 -4.213 -4.335 -4.477 -4.618 -4.766 -4.208 -4.38 -4.552 -4.673 -4.784 -4.444 -4.587 -4.707 -4.806 -4.974 -4.996 -5.165 -5.355
19.5882 -3.918 -3.869 -3.944 -4.137 -4.279 -4.418 -4.057 -4.159 -4.282 -4.423 -4.564 -4.712 -4.154 -4.327 -4.498 -4.619 -4.73 -4.39 -4.533 -4.653 -4.752 -4.92 -4.942 -5.111 -5.301
20.0607 -3.864 -3.815 -3.89 -4.083 -4.225 -4.364 -4.004 -4.105 -4.228 -4.37 -4.51 -4.659 -4.1 -4.273 -4.445 -4.565 -4.676 -4.337 -4.479 -4.599 -4.698 -4.866 -4.888 -5.057 -5.248
20.5446 -3.811 -3.761 -3.836 -4.029 -4.171 -4.311 -3.95 -4.051 -4.174 -4.316 -4.456 -4.605 -4.046 -4.219 -4.391 -4.511 -4.622 -4.283 -4.425 -4.545 -4.644 -4.812 -4.834 -5.003 -5.194
21.0402 -3.757 -3.707 -3.782 -3.975 -4.118 -4.257 -3.896 -3.998 -4.12 -4.262 -4.402 -4.551 -3.993 -4.165 -4.337 -4.458 -4.568 -4.229 -4.371 -4.491 -4.59 -4.759 -4.78 -4.95 -5.14
21.5478 -3.703 -3.654 -3.728 -3.921 -4.064 -4.203 -3.842 -3.944 -4.066 -4.208 -4.348 -4.497 -3.939 -4.111 -4.283 -4.404 -4.514 -4.175 -4.318 -4.437 -4.536 -4.705 -4.726 -4.896 -5.086
22.0676 -3.649 -3.6 -3.675 -3.867 -4.01 -4.149 -3.788 -3.89 -4.012 -4.154 -4.295 -4.443 -3.885 -4.057 -4.229 -4.35 -4.461 -4.121 -4.264 -4.384 -4.483 -4.651 -4.673 -4.842 -5.032
22.5999 -3.595 -3.546 -3.621 -3.814 -3.956 -4.095 -3.734 -3.836 -3.958 -4.1 -4.241 -4.389 -3.831 -4.004 -4.175 -4.296 -4.407 -4.067 -4.21 -4.33 -4.429 -4.597 -4.619 -4.788 -4.978
23.1451 -3.541 -3.492 -3.566 -3.759 -3.902 -4.041 -3.68 -3.782 -3.904 -4.046 -4.187 -4.335 -3.777 -3.949 -4.121 -4.242 -4.353 -4.013 -4.156 -4.275 -4.375 -4.543 -4.564 -4.734 -4.924
23.7034 -3.487 -3.437 -3.512 -3.705 -3.847 -3.986 -3.626 -3.727 -3.85 -3.992 -4.132 -4.281 -3.722 -3.895 -4.067 -4.187 -4.298 -3.959 -4.101 -4.221 -4.32 -4.488 -4.51 -4.679 -4.87
24.2752 -3.432 -3.383 -3.458 -3.651 -3.793 -3.932 -3.571 -3.673 -3.795 -3.937 -4.078 -4.226 -3.668 -3.84 -4.012 -4.133 -4.244 -3.904 -4.047 -4.167 -4.266 -4.434 -4.456 -4.625 -4.815
24.8608 -3.378 -3.328 -3.403 -3.596 -3.738 -3.878 -3.517 -3.618 -3.741 -3.883 -4.023 -4.172 -3.613 -3.786 -3.958 -4.079 -4.189 -3.85 -3.992 -4.112 -4.211 -4.379 -4.401 -4.57 -4.761
