web/models/grb/onaxis/5/grb_0.0000_71.9686_0.0000100.dat
# %ECSV 1.0
# ---
# datatype:
# - {name: time, datatype: float64}
# - {name: swift_uvot_uvw2, datatype: float64}
# - {name: swift_uvot_uvm2, datatype: float64}
# - {name: swift_uvot_uvw1, datatype: float64}
# - {name: swift_uvot_U, datatype: float64}
# - {name: swift_uvot_B, datatype: float64}
# - {name: swift_uvot_V, datatype: float64}
# - {name: swift_uvot_W, datatype: float64}
# - {name: johnson_U, datatype: float64}
# - {name: johnson_B, datatype: float64}
# - {name: johnson_V, datatype: float64}
# - {name: johnson_R, datatype: float64}
# - {name: johnson_I, datatype: float64}
# - {name: sdss_u, datatype: float64}
# - {name: sdss_g, datatype: float64}
# - {name: sdss_r, datatype: float64}
# - {name: sdss_i, datatype: float64}
# - {name: sdss_z, datatype: float64}
# - {name: PS1_g, datatype: float64}
# - {name: PS1_r, datatype: float64}
# - {name: PS1_i, datatype: float64}
# - {name: PS1_z, datatype: float64}
# - {name: PS1_Y, datatype: float64}
# - {name: PS1_w, datatype: float64}
# - {name: ATLAS_c, datatype: float64}
# - {name: ATLAS_o, datatype: float64}
# - {name: ukirt_J, datatype: float64}
# - {name: ukirt_H, datatype: float64}
# - {name: ukirt_K, datatype: float64}
# - {name: Clear, datatype: float64}
# meta: !!omap
# - comment: [E = 0.031231838447717777, Eta0 = 8.02, GammaB = 12.0, dL = 0.012188, epsb = 6.760829753919819e-06, epse = 0.1, n = 1e-05,
#     p = 2.15, theta_obs = 0.0, xiN = 1.0, z = 0.0, type = grb, E_kiso = 71.96856730011521]
# schema: astropy-2.0
time swift_uvot_uvw2 swift_uvot_uvm2 swift_uvot_uvw1 swift_uvot_U swift_uvot_B swift_uvot_V swift_uvot_W johnson_U johnson_B johnson_V johnson_R johnson_I sdss_u sdss_g sdss_r sdss_i sdss_z PS1_g PS1_r PS1_i PS1_z PS1_Y PS1_w ATLAS_c ATLAS_o ukirt_J ukirt_H ukirt_K Clear
[from data line 395]
122.7756 3.807 3.857 3.782 3.589 3.447 3.307 3.668 3.567 3.444 3.302 3.162 3.013 3.572 3.399 3.227 3.106 2.996 3.335 3.193 3.073 2.974 2.806 3.229 3.325 3.172 2.784 2.615 2.424 3.139
125.7373 3.859 3.908 3.834 3.641 3.498 3.359 3.72 3.618 3.496 3.354 3.213 3.065 3.623 3.451 3.279 3.158 3.047 3.387 3.244 3.124 3.025 2.857 3.281 3.376 3.223 2.835 2.666 2.476 3.191
128.7705 3.911 3.96 3.885 3.692 3.55 3.411 3.771 3.67 3.547 3.406 3.265 3.116 3.675 3.502 3.33 3.21 3.099 3.439 3.296 3.176 3.077 2.909 3.333 3.428 3.275 2.887 2.718 2.527 3.242
131.8769 3.962 4.012 3.937 3.744 3.601 3.462 3.823 3.721 3.599 3.457 3.317 3.168 3.726 3.554 3.382 3.261 3.151 3.49 3.348 3.228 3.129 2.96 3.384 3.479 3.327 2.939 2.769 2.579 3.294
135.0582 4.012 4.062 3.987 3.794 3.652 3.512 3.873 3.772 3.649 3.507 3.367 3.218 3.777 3.604 3.432 3.312 3.201 3.54 3.398 3.278 3.179 3.011 3.435 3.53 3.377 2.989 2.82 2.629 3.344
138.3162 4.062 4.111 4.036 3.843 3.701 3.562 3.923 3.821 3.699 3.557 3.416 3.268 3.826 3.653 3.482 3.361 3.25 3.59 3.447 3.327 3.228 3.06 3.484 3.579 3.426 3.038 2.869 2.679 3.394
141.6528 4.111 4.161 4.086 3.893 3.75 3.611 3.972 3.87 3.748 3.606 3.466 3.317 3.875 3.703 3.531 3.41 3.3 3.639 3.497 3.377 3.278 3.109 3.533 3.628 3.476 3.088 2.918 2.728 3.443
145.0699 4.161 4.21 4.135 3.942 3.8 3.661 4.021 3.92 3.797 3.655 3.515 3.366 3.925 3.752 3.58 3.46 3.349 3.688 3.546 3.426 3.327 3.159 3.583 3.678 3.525 3.137 2.968 2.777 3.492
148.5695 4.21 4.259 4.184 3.992 3.849 3.71 4.071 3.969 3.847 3.705 3.564 3.416 3.974 3.802 3.63 3.509 3.398 3.738 3.595 3.475 3.376 3.208 3.632 3.727 3.574 3.186 3.017 2.827 3.542
152.1534 4.259 4.309 4.234 4.041 3.899 3.759 4.12 4.019 3.896 3.754 3.614 3.465 4.024 3.851 3.679 3.558 3.448 3.787 3.645 3.525 3.426 3.258 3.681 3.777 3.624 3.236 3.067 2.876 3.591
155.8238 4.309 4.358 4.283 4.09 3.948 3.809 4.17 4.068 3.945 3.804 3.663 3.515 4.073 3.9 3.729 3.608 3.497 3.837 3.694 3.574 3.475 3.307 3.731 3.826 3.673 3.285 3.116 2.926 3.641
159.5828 4.358 4.407 4.333 4.14 3.997 3.858 4.219 4.117 3.995 3.853 3.712 3.564 4.122 3.95 3.778 3.657 3.547 3.886 3.743 3.624 3.525 3.356 3.78 3.875 3.723 3.335 3.165 2.975 3.69
163.4324 4.407 4.457 4.382 4.189 4.047 3.908 4.268 4.167 4.044 3.902 3.762 3.613 4.172 3.999 3.827 3.707 3.596 3.935 3.793 3.673 3.574 3.406 3.83 3.925 3.772 3.384 3.215 3.024 3.739
167.375 4.457 4.506 4.431 4.238 4.096 3.957 4.318 4.216 4.094 3.952 3.811 3.663 4.221 4.048 3.877 3.756 3.645 3.985 3.842 3.722 3.623 3.455 3.879 3.974 3.821 3.433 3.264 3.074 3.789
171.4126 4.507 4.556 4.481 4.288 4.146 4.007 4.368 4.266 4.143 4.002 3.861 3.713 4.271 4.098 3.926 3.806 3.695 4.035 3.892 3.772 3.673 3.505 3.929 4.024 3.871 3.483 3.314 3.124 3.839
175.5476 4.557 4.606 4.531 4.338 4.196 4.057 4.418 4.316 4.193 4.052 3.911 3.763 4.321 4.148 3.977 3.856 3.745 4.085 3.942 3.822 3.723 3.555 3.979 4.074 3.921 3.533 3.364 3.174 3.889
179.7823 4.607 4.656 4.581 4.388 4.246 4.107 4.468 4.366 4.243 4.102 3.961 3.813 4.371 4.198 4.027 3.906 3.795 4.135 3.992 3.872 3.773 3.605 4.029 4.124 3.971 3.583 3.414 3.224 3.939
184.1193 4.657 4.706 4.631 4.438 4.296 4.157 4.518 4.416 4.293 4.152 4.011 3.863 4.421 4.248 4.077 3.956 3.845 4.185 4.042 3.922 3.823 3.655 4.079 4.174 4.021 3.633 3.464 3.274 3.989
188.5608 4.707 4.756 4.681 4.488 4.346 4.207 4.568 4.466 4.343 4.202 4.061 3.913 4.471 4.298 4.127 4.006 3.895 4.235 4.092 3.972 3.873 3.705 4.129 4.224 4.071 3.683 3.514 3.324 4.039
193.1095 4.757 4.806 4.731 4.538 4.396 4.257 4.618 4.516 4.394 4.252 4.111 3.963 4.521 4.348 4.177 4.056 3.945 4.285 4.142 4.022 3.923 3.755 4.179 4.274 4.121 3.733 3.564 3.374 4.089
197.7679 4.807 4.856 4.781 4.588 4.446 4.307 4.668 4.566 4.444 4.302 4.161 4.013 4.571 4.398 4.227 4.106 3.995 4.335 4.192 4.072 3.973 3.805 4.229 4.324 4.171 3.783 3.614 3.424 4.139
202.5387 4.857 4.906 4.831 4.638 4.496 4.357 4.718 4.616 4.494 4.352 4.211 4.063 4.621 4.448 4.277 4.156 4.045 4.385 4.242 4.122 4.023 3.855 4.279 4.374 4.221 3.833 3.664 3.474 4.189
207.4245 4.907 4.956 4.881 4.688 4.546 4.407 4.768 4.666 4.544 4.402 4.261 4.113 4.671 4.498 4.327 4.206 4.095 4.435 4.292 4.172 4.073 3.905 4.329 4.424 4.271 3.883 3.714 3.524 4.239
212.4283 4.957 5.006 4.931 4.738 4.596 4.457 4.818 4.716 4.594 4.452 4.311 4.163 4.721 4.548 4.377 4.256 4.145 4.485 4.342 4.222 4.123 3.955 4.379 4.474 4.321 3.933 3.764 3.574 4.289
217.5527 5.004 5.053 4.978 4.785 4.643 4.504 4.865 4.763 4.641 4.499 4.358 4.21 4.768 4.595 4.424 4.303 4.192 4.532 4.389 4.269 4.17 4.002 4.426 4.521 4.368 3.98 3.811 3.621 4.336
222.8008 5.051 5.1 5.025 4.832 4.69 4.551 4.911 4.81 4.687 4.545 4.405 4.256 4.815 4.642 4.47 4.35 4.239 4.578 4.436 4.316 4.217 4.049 4.473 4.568 4.415 4.027 3.858 3.667 4.382
228.1754 5.097 5.147 5.072 4.879 4.737 4.597 4.958 4.857 4.734 4.592 4.452 4.303 4.862 4.689 4.517 4.396 4.286 4.625 4.483 4.363 4.264 4.096 4.519 4.615 4.462 4.074 3.905 3.714 4.429
233.6797 5.144 5.193 5.119 4.926 4.783 4.644 5.005 4.903 4.781 4.639 4.499 4.35 4.908 4.736 4.564 4.443 4.333 4.672 4.529 4.41 4.311 4.142 4.566 4.661 4.509 4.121 3.951 3.761 4.476
239.3168 5.191 5.24 5.165 4.972 4.83 4.691 5.052 4.95 4.828 4.686 4.545 4.397 4.955 4.783 4.611 4.49 4.379 4.719 4.576 4.456 4.357 4.189 4.613 4.708 4.555 4.167 3.998 3.808 4.523
245.0899 5.238 5.287 5.212 5.019 4.877 4.738 5.099 4.997 4.874 4.733 4.592 4.443 5.002 4.829 4.657 4.537 4.426 4.766 4.623 4.503 4.404 4.236 4.66 4.755 4.602 4.214 4.045 3.854 4.569
251.0022 5.284 5.334 5.259 5.066 4.924 4.784 5.145 5.044 4.921 4.779 4.639 4.49 5.049 4.876 4.704 4.584 4.473 4.812 4.67 4.55 4.451 4.283 4.706 4.802 4.649 4.261 4.092 3.901 4.616
257.0572 5.331 5.381 5.306 5.113 4.97 4.831 5.192 5.09 4.968 4.826 4.686 4.537 5.095 4.923 4.751 4.63 4.52 4.859 4.717 4.597 4.498 4.329 4.753 4.848 4.696 4.308 4.138 3.948 4.663
263.2582 5.378 5.427 5.352 5.16 5.017 4.878 5.239 5.137 5.015 4.873 4.732 4.584 5.142 4.97 4.798 4.677 4.566 4.906 4.763 4.643 4.544 4.376 4.8 4.895 4.742 4.354 4.185 3.995 4.71
269.6088 5.425 5.474 5.399 5.206 5.064 4.925 5.286 5.184 5.061 4.92 4.779 4.631 5.189 5.016 4.844 4.724 4.613 4.953 4.81 4.69 4.591 4.423 4.847 4.942 4.789 4.401 4.232 4.041 4.756
276.1126 5.471 5.52 5.445 5.252 5.11 4.971 5.331 5.23 5.107 4.966 4.825 4.676 5.235 5.062 4.89 4.77 4.659 4.999 4.856 4.736 4.637 4.469 4.893 4.988 4.835 4.447 4.278 4.087 4.802
282.7734 5.517 5.566 5.491 5.298 5.156 5.017 5.377 5.276 5.153 5.011 4.871 4.722 5.281 5.108 4.936 4.816 4.705 5.044 4.902 4.782 4.683 4.515 4.939 5.034 4.881 4.493 4.324 4.133 4.848
289.5947 5.562 5.612 5.537 5.344 5.202 5.063 5.423 5.322 5.199 5.057 4.917 4.768 5.327 5.154 4.982 4.862 4.751 5.09 4.948 4.828 4.729 4.561 4.985 5.08 4.927 4.539 4.37 4.179 4.894
296.5807 5.608 5.658 5.583 5.39 5.248 5.109 5.469 5.368 5.245 5.103 4.963 4.814 5.373 5.2 5.028 4.908 4.797 5.136 4.994 4.874 4.775 4.607 5.031 5.126 4.973 4.585 4.416 4.225 4.94
303.7351 5.654 5.704 5.629 5.436 5.294 5.154 5.515 5.414 5.291 5.149 5.009 4.86 5.419 5.246 5.074 4.954 4.843 5.182 5.04 4.92 4.821 4.653 5.076 5.172 5.019 4.631 4.462 4.271 4.986
311.0622 5.7 5.75 5.675 5.482 5.34 5.2 5.561 5.46 5.337 5.195 5.055 4.906 5.465 5.292 5.12 4.999 4.889 5.228 5.086 4.966 4.867 4.699 5.122 5.218 5.065 4.677 4.508 4.317 5.032
318.566 5.746 5.796 5.721 5.528 5.386 5.246 5.607 5.506 5.383 5.241 5.101 4.952 5.511 5.338 5.166 5.045 4.935 5.274 5.132 5.012 4.913 4.745 5.168 5.264 5.111 4.723 4.554 4.363 5.078
326.2508 5.792 5.842 5.767 5.574 5.431 5.292 5.653 5.551 5.429 5.287 5.147 4.998 5.557 5.384 5.212 5.091 4.981 5.32 5.178 5.058 4.959 4.79 5.214 5.31 5.157 4.769 4.599 4.409 5.124
334.121 5.838 5.888 5.813 5.62 5.477 5.338 5.699 5.597 5.475 5.333 5.193 5.044 5.602 5.43 5.258 5.137 5.027 5.366 5.224 5.104 5.005 4.836 5.26 5.355 5.203 4.815 4.645 4.455 5.17
342.181 5.883 5.933 5.858 5.665 5.523 5.384 5.744 5.643 5.52 5.378 5.238 5.089 5.648 5.475 5.303 5.183 5.072 5.411 5.269 5.149 5.05 4.882 5.306 5.401 5.248 4.86 4.691 4.5 5.215
350.4355 5.926 5.976 5.901 5.708 5.565 5.426 5.787 5.686 5.563 5.421 5.281 5.132 5.691 5.518 5.346 5.225 5.115 5.454 5.312 5.192 5.093 4.925 5.348 5.444 5.291 4.903 4.733 4.543 5.258
358.8891 5.969 6.018 5.944 5.751 5.608 5.469 5.83 5.728 5.606 5.464 5.323 5.175 5.733 5.561 5.389 5.268 5.158 5.497 5.354 5.235 5.136 4.967 5.391 5.486 5.334 4.946 4.776 4.586 5.301
367.5467 6.012 6.061 5.986 5.793 5.651 5.512 5.873 5.771 5.649 5.507 5.366 5.218 5.776 5.603 5.432 5.311 5.2 5.54 5.397 5.277 5.178 5.01 5.434 5.529 5.376 4.988 4.819 4.629 5.344
376.4131 6.055 6.104 6.029 5.836 5.694 5.555 5.915 5.814 5.691 5.549 5.409 5.26 5.819 5.646 5.474 5.354 5.243 5.582 5.44 5.32 5.221 5.053 5.477 5.572 5.419 5.031 4.862 4.671 5.386
385.4933 6.097 6.147 6.072 5.879 5.737 5.597 5.958 5.857 5.734 5.592 5.452 5.303 5.862 5.689 5.517 5.396 5.286 5.625 5.483 5.363 5.264 5.096 5.519 5.615 5.462 5.074 4.905 4.714 5.429
394.7926 6.14 6.189 6.115 5.922 5.779 5.64 6.001 5.899 5.777 5.635 5.495 5.346 5.904 5.732 5.56 5.439 5.329 5.668 5.525 5.406 5.307 5.138 5.562 5.657 5.505 5.117 4.947 4.757 5.472
404.3163 6.183 6.232 6.157 5.964 5.822 5.683 6.044 5.942 5.82 5.678 5.537 5.389 5.947 5.775 5.603 5.482 5.371 5.711 5.568 5.448 5.349 5.181 5.605 5.7 5.547 5.159 4.99 4.8 5.515
414.0697 6.226 6.275 6.2 6.007 5.865 5.726 6.086 5.985 5.862 5.721 5.58 5.431 5.99 5.817 5.645 5.525 5.414 5.754 5.611 5.491 5.392 5.224 5.648 5.743 5.59 5.202 5.033 4.842 5.557
424.0583 6.268 6.318 6.243 6.05 5.908 5.768 6.129 6.028 5.905 5.763 5.623 5.474 6.033 5.86 5.688 5.567 5.457 5.796 5.654 5.534 5.435 5.267 5.69 5.786 5.633 5.245 5.076 4.885 5.6
434.2879 6.312 6.361 6.286 6.093 5.951 5.812 6.173 6.071 5.949 5.807 5.666 5.518 6.076 5.903 5.732 5.611 5.5 5.84 5.697 5.577 5.478 5.31 5.734 5.829 5.676 5.288 5.119 4.929 5.644
444.7643 6.357 6.406 6.331 6.138 5.996 5.857 6.218 6.116 5.993 5.852 5.711 5.563 6.121 5.948 5.777 5.656 5.545 5.885 5.742 5.622 5.523 5.355 5.779 5.874 5.721 5.333 5.164 4.974 5.689
455.4934 6.401 6.451 6.376 6.183 6.041 5.902 6.262 6.161 6.038 5.896 5.756 5.607 6.166 5.993 5.821 5.701 5.59 5.929 5.787 5.667 5.568 5.4 5.824 5.919 5.766 5.378 5.209 5.018 5.733
466.4814 6.446 6.496 6.421 6.228 6.086 5.946 6.307 6.206 6.083 5.941 5.801 5.652 6.211 6.038 5.866 5.746 5.635 5.974 5.832 5.712 5.613 5.445 5.868 5.964 5.811 5.423 5.254 5.063 5.778
477.7344 6.491 6.541 6.466 6.273 6.13 5.991 6.352 6.25 6.128 5.986 5.846 5.697 6.256 6.083 5.911 5.79 5.68 6.019 5.877 5.757 5.658 5.489 5.913 6.009 5.856 5.468 5.298 5.108 5.823
489.2588 6.536 6.586 6.511 6.318 6.175 6.036 6.397 6.295 6.173 6.031 5.891 5.742 6.3 6.128 5.956 5.835 5.725 6.064 5.921 5.802 5.703 5.534 5.958 6.053 5.901 5.513 5.343 5.153 5.868
501.0613 6.581 6.63 6.556 6.363 6.22 6.081 6.442 6.34 6.218 6.076 5.935 5.787 6.345 6.173 6.001 5.88 5.769 6.109 5.966 5.846 5.747 5.579 6.003 6.098 5.945 5.557 5.388 5.198 5.913
513.1485 6.626 6.675 6.6 6.407 6.265 6.126 6.487 6.385 6.263 6.121 5.98 5.832 6.39 6.217 6.046 5.925 5.814 6.154 6.011 5.891 5.792 5.624 6.048 6.143 5.99 5.602 5.433 5.243 5.958
525.5272 6.671 6.72 6.645 6.452 6.31 6.171 6.532 6.43 6.307 6.166 6.025 5.877 6.435 6.262 6.091 5.97 5.859 6.199 6.056 5.936 5.837 5.669 6.093 6.188 6.035 5.647 5.478 5.288 6.003
538.2046 6.715 6.765 6.69 6.497 6.355 6.216 6.576 6.475 6.352 6.21 6.07 5.921 6.48 6.307 6.135 6.015 5.904 6.243 6.101 5.981 5.882 5.714 6.138 6.233 6.08 5.692 5.523 5.332 6.047
551.1878 6.758 6.808 6.733 6.54 6.398 6.259 6.619 6.518 6.395 6.253 6.113 5.964 6.523 6.35 6.178 6.058 5.947 6.286 6.144 6.024 5.925 5.757 6.181 6.276 6.123 5.735 5.566 5.375 6.09
564.4842 6.799 6.849 6.774 6.581 6.439 6.3 6.66 6.559 6.436 6.294 6.154 6.005 6.564 6.391 6.219 6.099 5.988 6.327 6.185 6.065 5.966 5.798 6.222 6.317 6.164 5.776 5.607 5.416 6.131
578.1013 6.841 6.89 6.815 6.622 6.48 6.341 6.701 6.6 6.477 6.335 6.195 6.046 6.605 6.432 6.26 6.14 6.029 6.368 6.226 6.106 6.007 5.839 6.263 6.358 6.205 5.817 5.648 5.457 6.172
592.0469 6.882 6.931 6.856 6.663 6.521 6.382 6.742 6.641 6.518 6.376 6.236 6.087 6.646 6.473 6.301 6.181 6.07 6.409 6.267 6.147 6.048 5.88 6.304 6.399 6.246 5.858 5.689 5.498 6.213
606.329 6.923 6.972 6.897 6.704 6.562 6.423 6.783 6.682 6.559 6.417 6.277 6.128 6.687 6.514 6.342 6.222 6.111 6.45 6.308 6.188 6.089 5.921 6.345 6.44 6.287 5.899 5.73 5.539 6.254
620.9555 6.964 7.013 6.938 6.745 6.603 6.464 6.824 6.723 6.6 6.458 6.318 6.169 6.728 6.555 6.383 6.263 6.152 6.491 6.349 6.229 6.13 5.962 6.386 6.481 6.328 5.94 5.771 5.58 6.295
635.9349 7.005 7.054 6.979 6.786 6.644 6.505 6.865 6.764 6.641 6.499 6.359 6.21 6.769 6.596 6.424 6.304 6.193 6.532 6.39 6.27 6.171 6.003 6.427 6.522 6.369 5.981 5.812 5.621 6.336
651.2757 7.046 7.095 7.02 6.827 6.685 6.546 6.906 6.805 6.682 6.541 6.4 6.251 6.81 6.637 6.465 6.345 6.234 6.573 6.431 6.311 6.212 6.044 6.468 6.563 6.41 6.022 5.853 5.662 6.377
666.9865 7.087 7.136 7.061 6.868 6.726 6.587 6.947 6.846 6.723 6.582 6.441 6.292 6.851 6.678 6.506 6.386 6.275 6.615 6.472 6.352 6.253 6.085 6.509 6.604 6.451 6.063 5.894 5.703 6.418
683.0763 7.128 7.177 7.102 6.909 6.767 6.628 6.988 6.887 6.764 6.623 6.482 6.333 6.892 6.719 6.547 6.427 6.316 6.656 6.513 6.393 6.294 6.126 6.55 6.645 6.492 6.104 5.935 5.744 6.459
699.5543 7.167 7.216 7.142 6.949 6.806 6.667 7.028 6.926 6.804 6.662 6.521 6.373 6.931 6.759 6.587 6.466 6.355 6.695 6.552 6.433 6.333 6.165 6.589 6.684 6.531 6.144 5.974 5.784 6.499
716.4297 7.205 7.255 7.18 6.987 6.845 6.706 7.066 6.965 6.842 6.7 6.56 6.411 6.97 6.797 6.625 6.505 6.394 6.733 6.591 6.471 6.372 6.204 6.628 6.723 6.57 6.182 6.013 5.822 6.537
733.7123 7.244 7.293 7.218 7.025 6.883 6.744 7.105 7.003 6.881 6.739 6.598 6.45 7.008 6.836 6.664 6.543 6.432 6.772 6.629 6.509 6.41 6.242 6.666 6.761 6.608 6.22 6.051 5.861 6.576
751.4117 7.282 7.332 7.257 7.064 6.922 6.782 7.143 7.042 6.919 6.777 6.637 6.488 7.047 6.874 6.702 6.581 6.471 6.81 6.668 6.548 6.449 6.281 6.704 6.8 6.647 6.259 6.09 5.899 6.614
769.5381 7.321 7.37 7.295 7.102 6.96 6.821 7.182 7.08 6.958 6.816 6.675 6.527 7.085 6.912 6.741 6.62 6.509 6.849 6.706 6.586 6.487 6.319 6.743 6.838 6.685 6.297 6.128 5.938 6.653
788.1018 7.359 7.409 7.334 7.141 6.998 6.859 7.22 7.118 6.996 6.854 6.714 6.565 7.123 6.951 6.779 6.658 6.548 6.887 6.745 6.625 6.526 6.357 6.781 6.876 6.724 6.336 6.166 5.976 6.691
807.1133 7.398 7.447 7.372 7.179 7.037 6.898 7.259 7.157 7.034 6.893 6.752 6.603 7.162 6.989 6.817 6.697 6.586 6.926 6.783 6.663 6.564 6.396 6.82 6.915 6.762 6.374 6.205 6.014 6.729
826.5834 7.436 7.485 7.411 7.218 7.075 6.936 7.297 7.195 7.073 6.931 6.791 6.642 7.2 7.028 6.856 6.735 6.625 6.964 6.821 6.702 6.603 6.434 6.858 6.953 6.801 6.413 6.243 6.053 6.768
846.5232 7.474 7.524 7.449 7.256 7.114 6.975 7.335 7.234 7.111 6.969 6.829 6.68 7.239 7.066 6.894 6.774 6.663 7.002 6.86 6.74 6.641 6.473 6.897 6.992 6.839 6.451 6.282 6.091 6.806
866.944 7.513 7.562 7.488 7.295 7.152 7.013 7.374 7.272 7.15 7.008 6.867 6.719 7.277 7.105 6.933 6.812 6.701 7.041 6.898 6.778 6.679 6.511 6.935 7.03 6.877 6.489 6.32 6.13 6.845
887.8575 7.554 7.604 7.529 7.336 7.193 7.054 7.415 7.313 7.191 7.049 6.909 6.76 7.318 7.146 6.974 6.853 6.743 7.082 6.939 6.82 6.721 6.552 6.976 7.071 6.919 6.531 6.361 6.171 6.886
909.2754 7.596 7.645 7.571 7.378 7.235 7.096 7.457 7.355 7.233 7.091 6.951 6.802 7.36 7.188 7.016 6.895 6.785 7.124 6.981 6.862 6.763 6.594 7.018 7.113 6.961 6.573 6.403 6.213 6.928
931.21 7.638 7.687 7.613 7.42 7.277 7.138 7.499 7.397 7.275 7.133 6.992 6.844 7.402 7.23 7.058 6.937 6.827 7.166 7.023 6.904 6.805 6.636 7.06 7.155 7.003 6.615 6.445 6.255 6.97
953.6737 7.68 7.729 7.655 7.462 7.319 7.18 7.541 7.439 7.317 7.175 7.034 6.886 7.444 7.272 7.1 6.979 6.869 7.208 7.065 6.946 6.847 6.678 7.102 7.197 7.045 6.657 6.487 6.297 7.012
976.6793 7.722 7.771 7.697 7.504 7.361 7.222 7.583 7.481 7.359 7.217 7.076 6.928 7.486 7.314 7.142 7.021 6.91 7.25 7.107 6.988 6.888 6.72 7.144 7.239 7.086 6.699 6.529 6.339 7.054
