web/models/grb/onaxis/5/grb_0.0000_0.0100_0.3981072.dat
# %ECSV 1.0
# ---
# datatype:
# - {name: time, datatype: float64}
# - {name: swift_uvot_uvw2, datatype: float64}
# - {name: swift_uvot_uvm2, datatype: float64}
# - {name: swift_uvot_uvw1, datatype: float64}
# - {name: swift_uvot_U, datatype: float64}
# - {name: swift_uvot_B, datatype: float64}
# - {name: swift_uvot_V, datatype: float64}
# - {name: swift_uvot_W, datatype: float64}
# - {name: johnson_U, datatype: float64}
# - {name: johnson_B, datatype: float64}
# - {name: johnson_V, datatype: float64}
# - {name: johnson_R, datatype: float64}
# - {name: johnson_I, datatype: float64}
# - {name: sdss_u, datatype: float64}
# - {name: sdss_g, datatype: float64}
# - {name: sdss_r, datatype: float64}
# - {name: sdss_i, datatype: float64}
# - {name: sdss_z, datatype: float64}
# - {name: PS1_g, datatype: float64}
# - {name: PS1_r, datatype: float64}
# - {name: PS1_i, datatype: float64}
# - {name: PS1_z, datatype: float64}
# - {name: PS1_Y, datatype: float64}
# - {name: PS1_w, datatype: float64}
# - {name: ATLAS_c, datatype: float64}
# - {name: ATLAS_o, datatype: float64}
# - {name: ukirt_J, datatype: float64}
# - {name: ukirt_H, datatype: float64}
# - {name: ukirt_K, datatype: float64}
# - {name: Clear, datatype: float64}
# meta: !!omap
# - comment: [E = 4.339649880409358e-06, Eta0 = 8.02, GammaB = 12.0, dL = 0.012188, epsb = 6.760829753919819e-06, epse = 0.1, n = 0.3981071705534969,
#     p = 2.15, theta_obs = 0.0, xiN = 1.0, z = 0.0, type = grb, E_kiso = 0.01]
# schema: astropy-2.0
time swift_uvot_uvw2 swift_uvot_uvm2 swift_uvot_uvw1 swift_uvot_U swift_uvot_B swift_uvot_V swift_uvot_W johnson_U johnson_B johnson_V johnson_R johnson_I sdss_u sdss_g sdss_r sdss_i sdss_z PS1_g PS1_r PS1_i PS1_z PS1_Y PS1_w ATLAS_c ATLAS_o ukirt_J ukirt_H ukirt_K Clear
[from data line 340]
33.0935 23.356 23.405 23.331 23.138 22.995 22.856 23.217 23.115 22.993 22.851 22.71 22.562 23.12 22.948 22.776 22.655 22.545 22.884 22.741 22.622 22.523 22.354 22.778 22.873 22.721 22.333 22.163 21.973 22.688
33.8918 23.691 23.74 23.665 23.472 23.33 23.191 23.552 23.45 23.328 23.186 23.045 22.897 23.455 23.283 23.111 22.99 22.879 23.219 23.076 22.956 22.857 22.689 23.113 23.208 23.055 22.667 22.498 22.308 23.023
34.7093 24.026 24.075 24.0 23.807 23.665 23.526 23.887 23.785 23.662 23.521 23.38 23.232 23.79 23.617 23.446 23.325 23.214 23.554 23.411 23.291 23.192 23.024 23.448 23.543 23.39 23.002 22.833 22.643 23.358
35.5466 24.36 24.41 24.335 24.142 24.0 23.861 24.221 24.12 23.997 23.855 23.715 23.566 24.125 23.952 23.78 23.66 23.549 23.888 23.746 23.626 23.527 23.359 23.783 23.878 23.725 23.337 23.168 22.977 23.692
36.4041 24.695 24.745 24.67 24.477 24.335 24.195 24.556 24.455 24.332 24.19 24.05 23.901 24.46 24.287 24.115 23.994 23.884 24.223 24.081 23.961 23.862 23.694 24.117 24.213 24.06 23.672 23.503 23.312 24.027
37.2823 25.03 25.08 25.005 24.812 24.669 24.53 24.891 24.789 24.667 24.525 24.385 24.236 24.794 24.622 24.45 24.329 24.219 24.558 24.416 24.296 24.197 24.028 24.452 24.547 24.395 24.007 23.837 23.647 24.362
38.1817 25.365 25.414 25.34 25.147 25.004 24.865 25.226 25.124 25.002 24.86 24.719 24.571 25.129 24.957 24.785 24.664 24.553 24.893 24.75 24.631 24.531 24.363 24.787 24.882 24.729 24.342 24.172 23.982 24.697
39.1028 25.7 25.749 25.674 25.481 25.339 25.2 25.561 25.459 25.337 25.195 25.054 24.906 25.464 25.291 25.12 24.999 24.888 25.228 25.085 24.965 24.866 24.698 25.122 25.217 25.064 24.676 24.507 24.317 25.032
40.046 26.035 26.084 26.009 25.816 25.674 25.535 25.896 25.794 25.671 25.53 25.389 25.241 25.799 25.626 25.454 25.334 25.223 25.563 25.42 25.3 25.201 25.033 25.457 25.552 25.399 25.011 24.842 24.651 25.366
41.0121 26.369 26.419 26.344 26.151 26.009 25.87 26.23 26.129 26.006 25.864 25.724 25.575 26.134 25.961 25.789 25.669 25.558 25.897 25.755 25.635 25.536 25.368 25.792 25.887 25.734 25.346 25.177 24.986 25.701
42.0014 26.704 26.754 26.679 26.486 26.343 26.204 26.565 26.464 26.341 26.199 26.059 25.91 26.469 26.296 26.124 26.003 25.893 26.232 26.09 25.97 25.871 25.703 26.126 26.222 26.069 25.681 25.511 25.321 26.036
43.0146 27.039 27.089 27.014 26.821 26.678 26.539 26.9 26.798 26.676 26.534 26.394 26.245 26.803 26.631 26.459 26.338 26.228 26.567 26.424 26.305 26.206 26.037 26.461 26.556 26.404 26.016 25.846 25.656 26.371
44.0523 27.374 27.423 27.349 27.156 27.013 26.874 27.235 27.133 27.011 26.869 26.728 26.58 27.138 26.966 26.794 26.673 26.562 26.902 26.759 26.639 26.54 26.372 26.796 26.891 26.738 26.35 26.181 25.991 26.706
45.1149 27.709 27.758 27.683 27.49 27.348 27.209 27.57 27.468 27.346 27.204 27.063 26.915 27.473 27.3 27.129 27.008 26.897 27.237 27.094 26.974 26.875 26.707 27.131 27.226 27.073 26.685 26.516 26.326 27.041
46.2033 28.044 28.093 28.018 27.825 27.683 27.544 27.904 27.803 27.68 27.539 27.398 27.249 27.808 27.635 27.463 27.343 27.232 27.572 27.429 27.309 27.21 27.042 27.466 27.561 27.408 27.02 26.851 26.66 27.375
47.3178 28.378 28.428 28.353 28.16 28.018 27.879 28.239 28.138 28.015 27.873 27.733 27.584 28.143 27.97 27.798 27.678 27.567 27.906 27.764 27.644 27.545 27.377 27.801 27.896 27.743 27.355 27.186 26.995 27.71
48.4593 28.713 28.763 28.688 28.495 28.352 28.213 28.574 28.472 28.35 28.208 28.068 27.919 28.478 28.305 28.133 28.012 27.902 28.241 28.099 27.979 27.88 27.711 28.135 28.231 28.078 27.69 27.52 27.33 28.045
49.6283 29.048 29.097 29.023 28.83 28.687 28.548 28.909 28.807 28.685 28.543 28.403 28.254 28.812 28.64 28.468 28.347 28.237 28.576 28.433 28.314 28.215 28.046 28.47 28.565 28.413 28.025 27.855 27.665 28.38
50.8255 29.383 29.432 29.357 29.165 29.022 28.883 29.244 29.142 29.02 28.878 28.737 28.589 29.147 28.975 28.803 28.682 28.571 28.911 28.768 28.648 28.549 28.381 28.805 28.9 28.747 28.359 28.19 28.0 28.715
52.0515 29.718 29.767 29.692 29.499 29.357 29.218 29.579 29.477 29.355 29.213 29.072 28.924 29.482 29.309 29.138 29.017 28.906 29.246 29.103 28.983 28.884 28.716 29.14 29.235 29.082 28.694 28.525 28.335 29.05
53.3072 30.053 30.102 30.027 29.834 29.692 29.553 29.913 29.812 29.689 29.547 29.407 29.258 29.817 29.644 29.472 29.352 29.241 29.58 29.438 29.318 29.219 29.051 29.475 29.57 29.417 29.029 28.86 28.669 29.384
54.5931 30.387 30.437 30.362 30.169 30.027 29.887 30.248 30.147 30.024 29.882 29.742 29.593 30.152 29.979 29.807 29.687 29.576 29.915 29.773 29.653 29.554 29.386 29.809 29.905 29.752 29.364 29.195 29.004 29.719
55.9101 30.722 30.772 30.697 30.504 30.361 30.222 30.583 30.481 30.359 30.217 30.077 29.928 30.486 30.314 30.142 30.021 29.911 30.25 30.108 29.988 29.889 29.72 30.144 30.239 30.087 29.699 29.529 29.339 30.054
57.2588 31.057 31.106 31.032 30.839 30.696 30.557 30.918 30.816 30.694 30.552 30.411 30.263 30.821 30.649 30.477 30.356 30.246 30.585 30.442 30.323 30.224 30.055 30.479 30.574 30.422 30.034 29.864 29.674 30.389
58.6401 31.392 31.441 31.366 31.173 31.031 30.892 31.253 31.151 31.029 30.887 30.746 30.598 31.156 30.984 30.812 30.691 30.58 30.92 30.777 30.657 30.558 30.39 30.814 30.909 30.756 30.368 30.199 30.009 30.724
60.0546 31.727 31.776 31.701 31.508 31.366 31.227 31.588 31.486 31.363 31.222 31.081 30.933 31.491 31.318 31.147 31.026 30.915 31.255 31.112 30.992 30.893 30.725 31.149 31.244 31.091 30.703 30.534 30.344 31.059
61.5034 32.061 32.111 32.036 31.843 31.701 31.562 31.922 31.821 31.698 31.556 31.416 31.267 31.826 31.653 31.481 31.361 31.25 31.589 31.447 31.327 31.228 31.06 31.484 31.579 31.426 31.038 30.869 30.678 31.393
62.987 32.396 32.446 32.371 32.178 32.036 31.896 32.257 32.156 32.033 31.891 31.751 31.602 32.161 31.988 31.816 31.695 31.585 31.924 31.782 31.662 31.563 31.395 31.818 31.914 31.761 31.373 31.204 31.013 31.728
64.5065 32.731 32.781 32.706 32.513 32.37 32.231 32.592 32.49 32.368 32.226 32.086 31.937 32.495 32.323 32.151 32.03 31.92 32.259 32.117 31.997 31.898 31.729 32.153 32.248 32.096 31.708 31.538 31.348 32.063
66.0626 33.066 33.115 33.041 32.848 32.705 32.566 32.927 32.825 32.703 32.561 32.42 32.272 32.83 32.658 32.486 32.365 32.254 32.594 32.451 32.332 32.233 32.064 32.488 32.583 32.43 32.043 31.873 31.683 32.398
67.6562 33.401 33.45 33.375 33.182 33.04 32.901 33.262 33.16 33.038 32.896 32.755 32.607 33.165 32.993 32.821 32.7 32.589 32.929 32.786 32.666 32.567 32.399 32.823 32.918 32.765 32.377 32.208 32.018 32.733
69.2883 33.736 33.785 33.71 33.517 33.375 33.236 33.597 33.495 33.372 33.231 33.09 32.942 33.5 33.327 33.155 33.035 32.924 33.264 33.121 33.001 32.902 32.734 33.158 33.253 33.1 32.712 32.543 32.353 33.068
70.9597 34.07 34.12 34.045 33.852 33.71 33.571 33.931 33.83 33.707 33.565 33.425 33.276 33.835 33.662 33.49 33.37 33.259 33.598 33.456 33.336 33.237 33.069 33.493 33.588 33.435 33.047 32.878 32.687 33.402
72.6715 34.405 34.455 34.38 34.187 34.045 33.905 34.266 34.165 34.042 33.9 33.76 33.611 34.17 33.997 33.825 33.704 33.594 33.933 33.791 33.671 33.572 33.404 33.827 33.923 33.77 33.382 33.213 33.022 33.737
74.4246 34.74 34.79 34.715 34.522 34.379 34.24 34.601 34.499 34.377 34.235 34.095 33.946 34.504 34.332 34.16 34.039 33.929 34.268 34.125 34.006 33.907 33.738 34.162 34.257 34.105 33.717 33.547 33.357 34.072
76.2199 35.075 35.124 35.05 34.857 34.714 34.575 34.936 34.834 34.712 34.57 34.429 34.281 34.839 34.667 34.495 34.374 34.263 34.603 34.46 34.34 34.241 34.073 34.497 34.592 34.439 34.051 33.882 33.692 34.407
78.0586 35.41 35.459 35.384 35.191 35.049 34.91 35.271 35.169 35.047 34.905 34.764 34.616 35.174 35.001 34.83 34.709 34.598 34.938 34.795 34.675 34.576 34.408 34.832 34.927 34.774 34.386 34.217 34.027 34.742
79.9416 35.745 35.794 35.719 35.526 35.384 35.245 35.606 35.504 35.381 35.24 35.099 34.95 35.509 35.336 35.164 35.044 34.933 35.273 35.13 35.01 34.911 34.743 35.167 35.262 35.109 34.721 34.552 34.361 35.076
81.87 36.079 36.129 36.054 35.861 35.719 35.58 35.94 35.839 35.716 35.574 35.434 35.285 35.844 35.671 35.499 35.379 35.268 35.607 35.465 35.345 35.246 35.078 35.502 35.597 35.444 35.056 34.887 34.696 35.411
83.845 36.414 36.464 36.389 36.196 36.053 35.914 36.275 36.173 36.051 35.909 35.769 35.62 36.179 36.006 35.834 35.713 35.603 35.942 35.8 35.68 35.581 35.413 35.836 35.932 35.779 35.391 35.221 35.031 35.746
85.8676 36.749 36.799 36.724 36.531 36.388 36.249 36.61 36.508 36.386 36.244 36.104 35.955 36.513 36.341 36.169 36.048 35.938 36.277 36.134 36.015 35.916 35.747 36.171 36.266 36.114 35.726 35.556 35.366 36.081
87.939 37.084 37.133 37.058 36.866 36.723 36.584 36.945 36.843 36.721 36.579 36.438 36.29 36.848 36.676 36.504 36.383 36.272 36.612 36.469 36.349 36.25 36.082 36.506 36.601 36.448 36.06 35.891 35.701 36.416
90.0604 37.419 37.468 37.393 37.2 37.058 36.919 37.28 37.178 37.056 36.914 36.773 36.625 37.183 37.01 36.839 36.718 36.607 36.947 36.804 36.684 36.585 36.417 36.841 36.936 36.783 36.395 36.226 36.036 36.751
92.2329 37.754 37.803 37.728 37.535 37.393 37.254 37.614 37.513 37.39 37.249 37.108 36.959 37.518 37.345 37.173 37.053 36.942 37.282 37.139 37.019 36.92 36.752 37.176 37.271 37.118 36.73 36.561 36.37 37.085
94.4579 38.088 38.138 38.063 37.87 37.728 37.588 37.949 37.848 37.725 37.583 37.443 37.294 37.853 37.68 37.508 37.388 37.277 37.616 37.474 37.354 37.255 37.087 37.51 37.606 37.453 37.065 36.896 36.705 37.42
96.7365 38.423 38.473 38.398 38.205 38.062 37.923 38.284 38.182 38.06 37.918 37.778 37.629 38.187 38.015 37.843 37.722 37.612 37.951 37.809 37.689 37.59 37.421 37.845 37.941 37.788 37.4 37.23 37.04 37.755
99.0701 38.758 38.807 38.733 38.54 38.397 38.258 38.619 38.517 38.395 38.253 38.113 37.964 38.522 38.35 38.178 38.057 37.947 38.286 38.143 38.024 37.925 37.756 38.18 38.275 38.123 37.735 37.565 37.375 38.09
101.4599 39.093 39.142 39.067 38.875 38.732 38.593 38.954 38.852 38.73 38.588 38.447 38.299 38.857 38.685 38.513 38.392 38.281 38.621 38.478 38.358 38.259 38.091 38.515 38.61 38.457 38.069 37.9 37.71 38.425
103.9075 39.428 39.477 39.402 39.209 39.067 38.928 39.289 39.187 39.065 38.923 38.782 38.634 39.192 39.019 38.848 38.727 38.616 38.956 38.813 38.693 38.594 38.426 38.85 38.945 38.792 38.404 38.235 38.045 38.76
106.4141 39.763 39.812 39.737 39.544 39.402 39.263 39.623 39.522 39.399 39.257 39.117 38.968 39.527 39.354 39.182 39.062 38.951 39.29 39.148 39.028 38.929 38.761 39.185 39.28 39.127 38.739 38.57 38.379 39.094
108.9811 40.097 40.147 40.072 39.879 39.737 39.597 39.958 39.857 39.734 39.592 39.452 39.303 39.862 39.689 39.517 39.396 39.286 39.625 39.483 39.363 39.264 39.096 39.519 39.615 39.462 39.074 38.905 38.714 39.429
111.6101 40.432 40.482 40.407 40.214 40.071 39.932 40.293 40.191 40.069 39.927 39.787 39.638 40.196 40.024 39.852 39.731 39.621 39.96 39.818 39.698 39.599 39.43 39.854 39.949 39.797 39.409 39.239 39.049 39.764
114.3025 40.767 40.816 40.742 40.549 40.406 40.267 40.628 40.526 40.404 40.262 40.121 39.973 40.531 40.359 40.187 40.066 39.956 40.295 40.152 40.033 39.934 39.765 40.189 40.284 40.132 39.744 39.574 39.384 40.099
117.0598 41.102 41.151 41.076 40.883 40.741 40.602 40.963 40.861 40.739 40.597 40.456 40.308 40.866 40.694 40.522 40.401 40.29 40.63 40.487 40.367 40.268 40.1 40.524 40.619 40.466 40.078 39.909 39.719 40.434
119.8836 41.437 41.486 41.411 41.218 41.076 40.937 41.298 41.196 41.073 40.932 40.791 40.643 41.201 41.028 40.857 40.736 40.625 40.965 40.822 40.702 40.603 40.435 40.859 40.954 40.801 40.413 40.244 40.054 40.769
122.7756 41.771 41.821 41.746 41.553 41.411 41.272 41.632 41.531 41.408 41.266 41.126 40.977 41.536 41.363 41.191 41.071 40.96 41.299 41.157 41.037 40.938 40.77 41.194 41.289 41.136 40.748 40.579 40.388 41.103
125.7373 42.106 42.156 42.081 41.888 41.746 41.606 41.967 41.866 41.743 41.601 41.461 41.312 41.871 41.698 41.526 41.405 41.295 41.634 41.492 41.372 41.273 41.105 41.528 41.624 41.471 41.083 40.914 40.723 41.438
128.7705 42.441 42.491 42.416 42.223 42.08 41.941 42.302 42.2 42.078 41.936 41.796 41.647 42.205 42.033 41.861 41.74 41.63 41.969 41.827 41.707 41.608 41.439 41.863 41.958 41.806 41.418 41.248 41.058 41.773
131.8769 42.776 42.825 42.751 42.558 42.415 42.276 42.637 42.535 42.413 42.271 42.13 41.982 42.54 42.368 42.196 42.075 41.964 42.304 42.161 42.042 41.942 41.774 42.198 42.293 42.14 41.753 41.583 41.393 42.108
135.0582 43.111 43.16 43.085 42.892 42.75 42.611 42.972 42.87 42.748 42.606 42.465 42.317 42.875 42.702 42.531 42.41 42.299 42.639 42.496 42.376 42.277 42.109 42.533 42.628 42.475 42.087 41.918 41.728 42.443
138.3162 43.446 43.495 43.42 43.227 43.085 42.946 43.307 43.205 43.082 42.941 42.8 42.652 43.21 43.037 42.865 42.745 42.634 42.974 42.831 42.711 42.612 42.444 42.868 42.963 42.81 42.422 42.253 42.062 42.777
141.6528 43.78 43.83 43.755 43.562 43.42 43.281 43.641 43.54 43.417 43.275 43.135 42.986 43.545 43.372 43.2 43.08 42.969 43.308 43.166 43.046 42.947 42.779 43.203 43.298 43.145 42.757 42.588 42.397 43.112
145.0699 44.115 44.165 44.09 43.897 43.754 43.615 43.976 43.875 43.752 43.61 43.47 43.321 43.88 43.707 43.535 43.414 43.304 43.643 43.501 43.381 43.282 43.114 43.537 43.633 43.48 43.092 42.922 42.732 43.447
148.5695 44.45 44.5 44.425 44.232 44.089 43.95 44.311 44.209 44.087 43.945 43.805 43.656 44.214 44.042 43.87 43.749 43.639 43.978 43.835 43.716 43.617 43.448 43.872 43.967 43.815 43.427 43.257 43.067 43.782
152.1534 44.785 44.834 44.76 44.567 44.424 44.285 44.646 44.544 44.422 44.28 44.139 43.991 44.549 44.377 44.205 44.084 43.973 44.313 44.17 44.05 43.951 43.783 44.207 44.302 44.149 43.761 43.592 43.402 44.117
155.8238 45.12 45.169 45.094 44.901 44.759 44.62 44.981 44.879 44.757 44.615 44.474 44.326 44.884 44.711 44.54 44.419 44.308 44.648 44.505 44.385 44.286 44.118 44.542 44.637 44.484 44.096 43.927 43.737 44.452
159.5828 45.455 45.504 45.429 45.236 45.094 44.955 45.315 45.214 45.091 44.95 44.809 44.66 45.219 45.046 44.874 44.754 44.643 44.983 44.84 44.72 44.621 44.453 44.877 44.972 44.819 44.431 44.262 44.071 44.786
163.4324 45.789 45.839 45.764 45.571 45.429 45.29 45.65 45.549 45.426 45.284 45.144 44.995 45.554 45.381 45.209 45.089 44.978 45.317 45.175 45.055 44.956 44.788 45.212 45.307 45.154 44.766 44.597 44.406 45.121
167.375 46.124 46.174 46.099 45.906 45.763 45.624 45.985 45.883 45.761 45.619 45.479 45.33 45.889 45.716 45.544 45.423 45.313 45.652 45.51 45.39 45.291 45.122 45.546 45.642 45.489 45.101 44.931 44.741 45.456
171.4126 46.459 46.508 46.434 46.241 46.098 45.959 46.32 46.218 46.096 45.954 45.814 45.665 46.223 46.051 45.879 45.758 45.648 45.987 45.844 45.725 45.626 45.457 45.881 45.976 45.824 45.436 45.266 45.076 45.791
175.5476 46.794 46.843 46.768 46.576 46.433 46.294 46.655 46.553 46.431 46.289 46.148 46.0 46.558 46.386 46.214 46.093 45.982 46.322 46.179 46.059 45.96 45.792 46.216 46.311 46.158 45.77 45.601 45.411 46.126
179.7823 47.129 47.178 47.103 46.91 46.768 46.629 46.99 46.888 46.766 46.624 46.483 46.335 46.893 46.72 46.549 46.428 46.317 46.657 46.514 46.394 46.295 46.127 46.551 46.646 46.493 46.105 45.936 45.746 46.461
184.1193 47.464 47.513 47.438 47.245 47.103 46.964 47.324 47.223 47.1 46.958 46.818 46.669 47.228 47.055 46.883 46.763 46.652 46.991 46.849 46.729 46.63 46.462 46.886 46.981 46.828 46.44 46.271 46.08 46.795
188.5608 47.798 47.848 47.773 47.58 47.438 47.298 47.659 47.558 47.435 47.293 47.153 47.004 47.563 47.39 47.218 47.098 46.987 47.326 47.184 47.064 46.965 46.797 47.22 47.316 47.163 46.775 46.606 46.415 47.13
193.1095 48.133 48.183 48.108 47.915 47.772 47.633 47.994 47.892 47.77 47.628 47.488 47.339 47.897 47.725 47.553 47.432 47.322 47.661 47.519 47.399 47.3 47.131 47.555 47.65 47.498 47.11 46.94 46.75 47.465
197.7679 48.468 48.517 48.443 48.25 48.107 47.968 48.329 48.227 48.105 47.963 47.822 47.674 48.232 48.06 47.888 47.767 47.657 47.996 47.853 47.734 47.635 47.466 47.89 47.985 47.833 47.445 47.275 47.085 47.8
