web/models/grb/onaxis/5/grb_0.0000_0.0139_0.3981072.dat
# %ECSV 1.0
# ---
# datatype:
# - {name: time, datatype: float64}
# - {name: swift_uvot_uvw2, datatype: float64}
# - {name: swift_uvot_uvm2, datatype: float64}
# - {name: swift_uvot_uvw1, datatype: float64}
# - {name: swift_uvot_U, datatype: float64}
# - {name: swift_uvot_B, datatype: float64}
# - {name: swift_uvot_V, datatype: float64}
# - {name: swift_uvot_W, datatype: float64}
# - {name: johnson_U, datatype: float64}
# - {name: johnson_B, datatype: float64}
# - {name: johnson_V, datatype: float64}
# - {name: johnson_R, datatype: float64}
# - {name: johnson_I, datatype: float64}
# - {name: sdss_u, datatype: float64}
# - {name: sdss_g, datatype: float64}
# - {name: sdss_r, datatype: float64}
# - {name: sdss_i, datatype: float64}
# - {name: sdss_z, datatype: float64}
# - {name: PS1_g, datatype: float64}
# - {name: PS1_r, datatype: float64}
# - {name: PS1_i, datatype: float64}
# - {name: PS1_z, datatype: float64}
# - {name: PS1_Y, datatype: float64}
# - {name: ukirt_J, datatype: float64}
# - {name: ukirt_H, datatype: float64}
# - {name: ukirt_K, datatype: float64}
# meta: !!omap
# - comment: [E = 6.029923955985726e-06, Eta0 = 8.02, GammaB = 12.0, dL = 0.012188, epsb = 6.760829753919819e-06, epse = 0.1, n = 0.3981071705534969,
#     p = 2.15, theta_obs = 0.0, xiN = 1.0, z = 0.0, type = grb, E_kiso = 0.013894954943731374]
# schema: astropy-2.0
time swift_uvot_uvw2 swift_uvot_uvm2 swift_uvot_uvw1 swift_uvot_U swift_uvot_B swift_uvot_V swift_uvot_W johnson_U johnson_B johnson_V johnson_R johnson_I sdss_u sdss_g sdss_r sdss_i sdss_z PS1_g PS1_r PS1_i PS1_z PS1_Y ukirt_J ukirt_H ukirt_K
[from data line 299]
12.4538 11.422 11.471 11.396 11.203 11.061 10.922 11.283 11.181 11.059 10.917 10.776 10.628 11.186 11.014 10.842 10.721 10.61 10.95 10.807 10.687 10.588 10.42 10.398 10.229 10.039
12.7542 11.527 11.577 11.502 11.309 11.167 11.028 11.388 11.287 11.164 11.022 10.882 10.733 11.292 11.119 10.947 10.827 10.716 11.055 10.913 10.793 10.694 10.526 10.504 10.335 10.144
13.0619 11.633 11.682 11.608 11.415 11.272 11.133 11.494 11.392 11.27 11.128 10.987 10.839 11.397 11.225 11.053 10.932 10.822 11.161 11.018 10.899 10.8 10.631 10.61 10.44 10.25
13.377 11.739 11.788 11.713 11.52 11.378 11.239 11.599 11.498 11.375 11.234 11.093 10.944 11.503 11.33 11.158 11.038 10.927 11.267 11.124 11.004 10.905 10.737 10.715 10.546 10.355
13.6997 11.844 11.894 11.819 11.626 11.483 11.344 11.705 11.603 11.481 11.339 11.199 11.05 11.608 11.436 11.264 11.143 11.033 11.372 11.23 11.11 11.011 10.842 10.821 10.651 10.461
14.0302 11.95 11.999 11.924 11.731 11.589 11.45 11.811 11.709 11.587 11.445 11.304 11.156 11.714 11.541 11.37 11.249 11.138 11.478 11.335 11.215 11.116 10.948 10.926 10.757 10.567
14.3686 12.055 12.105 12.03 11.837 11.695 11.555 11.916 11.815 11.692 11.55 11.41 11.261 11.82 11.647 11.475 11.354 11.244 11.583 11.441 11.321 11.222 11.054 11.032 10.863 10.672
14.7153 12.161 12.21 12.136 11.943 11.8 11.661 12.022 11.92 11.798 11.656 11.515 11.367 11.925 11.753 11.581 11.46 11.349 11.689 11.546 11.426 11.327 11.159 11.137 10.968 10.778
15.0702 12.267 12.316 12.241 12.048 11.906 11.767 12.127 12.026 11.903 11.761 11.621 11.472 12.031 11.858 11.686 11.566 11.455 11.794 11.652 11.532 11.433 11.265 11.243 11.074 10.883
15.4338 12.372 12.422 12.347 12.154 12.011 11.872 12.233 12.131 12.009 11.867 11.727 11.578 12.136 11.964 11.792 11.671 11.561 11.9 11.757 11.638 11.539 11.37 11.349 11.179 10.989
15.8061 12.538 12.588 12.513 12.32 12.177 12.038 12.399 12.297 12.175 12.033 11.893 11.744 12.302 12.13 11.958 11.837 11.727 12.066 11.924 11.804 11.705 11.536 11.515 11.345 11.155
16.1874 12.71 12.759 12.684 12.491 12.349 12.21 12.571 12.469 12.347 12.205 12.064 11.916 12.474 12.301 12.13 12.009 11.898 12.238 12.095 11.975 11.876 11.708 11.686 11.517 11.327
16.5779 12.881 12.931 12.856 12.663 12.521 12.382 12.742 12.641 12.518 12.376 12.236 12.087 12.646 12.473 12.301 12.181 12.07 12.409 12.267 12.147 12.048 11.88 11.858 11.689 11.498
16.9778 13.053 13.103 13.028 12.835 12.692 12.553 12.914 12.812 12.69 12.548 12.408 12.259 12.817 12.645 12.473 12.352 12.242 12.581 12.438 12.319 12.22 12.051 12.03 11.86 11.67
17.3873 13.225 13.274 13.199 13.006 12.864 12.725 13.086 12.984 12.862 12.72 12.579 12.431 12.989 12.816 12.645 12.524 12.413 12.753 12.61 12.49 12.391 12.223 12.201 12.032 11.842
17.8068 13.396 13.446 13.371 13.178 13.036 12.897 13.257 13.156 13.033 12.891 12.751 12.602 13.161 12.988 12.816 12.696 12.585 12.924 12.782 12.662 12.563 12.395 12.373 12.204 12.013
18.2363 13.568 13.618 13.543 13.35 13.207 13.068 13.429 13.327 13.205 13.063 12.923 12.774 13.332 13.16 12.988 12.867 12.757 13.096 12.953 12.834 12.735 12.566 12.545 12.375 12.185
18.6762 13.74 13.789 13.714 13.521 13.379 13.24 13.601 13.499 13.377 13.235 13.094 12.946 13.504 13.331 13.16 13.039 12.928 13.268 13.125 13.005 12.906 12.738 12.716 12.547 12.357
19.1268 13.911 13.961 13.886 13.693 13.551 13.412 13.772 13.671 13.548 13.406 13.266 13.117 13.676 13.503 13.331 13.211 13.1 13.439 13.297 13.177 13.078 12.91 12.888 12.719 12.528
19.5882 14.092 14.142 14.067 13.874 13.732 13.593 13.953 13.852 13.729 13.587 13.447 13.298 13.857 13.684 13.512 13.392 13.281 13.62 13.478 13.358 13.259 13.091 13.069 12.9 12.709
20.0607 14.427 14.477 14.402 14.209 14.067 13.927 14.288 14.187 14.064 13.922 13.782 13.633 14.192 14.019 13.847 13.726 13.616 13.955 13.813 13.693 13.594 13.426 13.404 13.235 13.044
20.5446 14.762 14.812 14.737 14.544 14.401 14.262 14.623 14.521 14.399 14.257 14.117 13.968 14.526 14.354 14.182 14.061 13.951 14.29 14.148 14.028 13.929 13.76 13.739 13.569 13.379
21.0402 15.097 15.146 15.072 14.879 14.736 14.597 14.958 14.856 14.734 14.592 14.451 14.303 14.861 14.689 14.517 14.396 14.285 14.625 14.482 14.363 14.264 14.095 14.074 13.904 13.714
21.5478 15.432 15.481 15.406 15.213 15.071 14.932 15.293 15.191 15.069 14.927 14.786 14.638 15.196 15.023 14.852 14.731 14.62 14.96 14.817 14.697 14.598 14.43 14.408 14.239 14.049
22.0676 15.767 15.816 15.741 15.548 15.406 15.267 15.628 15.526 15.403 15.262 15.121 14.973 15.531 15.358 15.186 15.066 14.955 15.295 15.152 15.032 14.933 14.765 14.743 14.574 14.384
22.5999 16.101 16.151 16.076 15.883 15.741 15.602 15.962 15.861 15.738 15.596 15.456 15.307 15.866 15.693 15.521 15.401 15.29 15.629 15.487 15.367 15.268 15.1 15.078 14.909 14.718
23.1451 16.436 16.486 16.411 16.218 16.076 15.936 16.297 16.196 16.073 15.931 15.791 15.642 16.201 16.028 15.856 15.735 15.625 15.964 15.822 15.702 15.603 15.435 15.413 15.244 15.053
23.7034 16.771 16.821 16.746 16.553 16.41 16.271 16.632 16.53 16.408 16.266 16.126 15.977 16.535 16.363 16.191 16.07 15.96 16.299 16.156 16.037 15.938 15.769 15.748 15.578 15.388
24.2752 17.106 17.155 17.081 16.888 16.745 16.606 16.967 16.865 16.743 16.601 16.46 16.312 16.87 16.698 16.526 16.405 16.294 16.634 16.491 16.371 16.272 16.104 16.082 15.913 15.723
24.8608 17.441 17.49 17.415 17.222 17.08 16.941 17.302 17.2 17.078 16.936 16.795 16.647 17.205 17.032 16.861 16.74 16.629 16.969 16.826 16.706 16.607 16.439 16.417 16.248 16.058
25.4606 17.776 17.825 17.75 17.557 17.415 17.276 17.636 17.535 17.412 17.271 17.13 16.981 17.54 17.367 17.195 17.075 16.964 17.304 17.161 17.041 16.942 16.774 16.752 16.583 16.392
26.0748 18.11 18.16 18.085 17.892 17.75 17.611 17.971 17.87 17.747 17.605 17.465 17.316 17.875 17.702 17.53 17.41 17.299 17.638 17.496 17.376 17.277 17.109 17.087 16.918 16.727
26.7038 18.445 18.495 18.42 18.227 18.084 17.945 18.306 18.204 18.082 17.94 17.8 17.651 18.21 18.037 17.865 17.744 17.634 17.973 17.831 17.711 17.612 17.444 17.422 17.252 17.062
27.3479 18.78 18.83 18.755 18.562 18.419 18.28 18.641 18.539 18.417 18.275 18.135 17.986 18.544 18.372 18.2 18.079 17.969 18.308 18.165 18.046 17.947 17.778 17.757 17.587 17.397
28.0077 19.115 19.164 19.089 18.897 18.754 18.615 18.976 18.874 18.752 18.61 18.469 18.321 18.879 18.707 18.535 18.414 18.303 18.643 18.5 18.38 18.281 18.113 18.091 17.922 17.732
28.6833 19.45 19.499 19.424 19.231 19.089 18.95 19.311 19.209 19.087 18.945 18.804 18.656 19.214 19.041 18.87 18.749 18.638 18.978 18.835 18.715 18.616 18.448 18.426 18.257 18.067
29.3752 19.785 19.834 19.759 19.566 19.424 19.285 19.645 19.544 19.421 19.28 19.139 18.99 19.549 19.376 19.204 19.084 18.973 19.312 19.17 19.05 18.951 18.783 18.761 18.592 18.401
30.0838 20.119 20.169 20.094 19.901 19.759 19.619 19.98 19.879 19.756 19.614 19.474 19.325 19.884 19.711 19.539 19.419 19.308 19.647 19.505 19.385 19.286 19.118 19.096 18.927 18.736
30.8096 20.454 20.504 20.429 20.236 20.093 19.954 20.315 20.213 20.091 19.949 19.809 19.66 20.218 20.046 19.874 19.753 19.643 19.982 19.84 19.72 19.621 19.452 19.431 19.261 19.071
31.5528 20.789 20.838 20.764 20.571 20.428 20.289 20.65 20.548 20.426 20.284 20.143 19.995 20.553 20.381 20.209 20.088 19.978 20.317 20.174 20.055 19.956 19.787 19.766 19.596 19.406
32.3139 21.124 21.173 21.098 20.905 20.763 20.624 20.985 20.883 20.761 20.619 20.478 20.33 20.888 20.716 20.544 20.423 20.312 20.652 20.509 20.389 20.29 20.122 20.1 19.931 19.741
33.0935 21.459 21.508 21.433 21.24 21.098 20.959 21.32 21.218 21.096 20.954 20.813 20.665 21.223 21.05 20.879 20.758 20.647 20.987 20.844 20.724 20.625 20.457 20.435 20.266 20.076
33.8918 21.794 21.843 21.768 21.575 21.433 21.294 21.654 21.553 21.43 21.288 21.148 20.999 21.558 21.385 21.213 21.093 20.982 21.321 21.179 21.059 20.96 20.792 20.77 20.601 20.41
34.7093 22.128 22.178 22.103 21.91 21.768 21.628 21.989 21.888 21.765 21.623 21.483 21.334 21.893 21.72 21.548 21.427 21.317 21.656 21.514 21.394 21.295 21.127 21.105 20.936 20.745
35.5466 22.463 22.513 22.438 22.245 22.102 21.963 22.324 22.222 22.1 21.958 21.818 21.669 22.227 22.055 21.883 21.762 21.652 21.991 21.849 21.729 21.63 21.461 21.44 21.27 21.08
36.4041 22.798 22.847 22.773 22.58 22.437 22.298 22.659 22.557 22.435 22.293 22.152 22.004 22.562 22.39 22.218 22.097 21.987 22.326 22.183 22.064 21.965 21.796 21.775 21.605 21.415
37.2823 23.133 23.182 23.107 22.914 22.772 22.633 22.994 22.892 22.77 22.628 22.487 22.339 22.897 22.725 22.553 22.432 22.321 22.661 22.518 22.398 22.299 22.131 22.109 21.94 21.75
38.1817 23.468 23.517 23.442 23.249 23.107 22.968 23.329 23.227 23.104 22.963 22.822 22.674 23.232 23.059 22.887 22.767 22.656 22.996 22.853 22.733 22.634 22.466 22.444 22.275 22.085
39.1028 23.802 23.852 23.777 23.584 23.442 23.303 23.663 23.562 23.439 23.297 23.157 23.008 23.567 23.394 23.222 23.102 22.991 23.33 23.188 23.068 22.969 22.801 22.779 22.61 22.419
40.046 24.137 24.187 24.112 23.919 23.777 23.637 23.998 23.897 23.774 23.632 23.492 23.343 23.902 23.729 23.557 23.436 23.326 23.665 23.523 23.403 23.304 23.136 23.114 22.945 22.754
41.0121 24.472 24.522 24.447 24.254 24.111 23.972 24.333 24.231 24.109 23.967 23.827 23.678 24.236 24.064 23.892 23.771 23.661 24.0 23.858 23.738 23.639 23.47 23.449 23.279 23.089
42.0014 24.807 24.856 24.782 24.589 24.446 24.307 24.668 24.566 24.444 24.302 24.161 24.013 24.571 24.399 24.227 24.106 23.995 24.335 24.192 24.073 23.973 23.805 23.784 23.614 23.424
43.0146 25.142 25.191 25.116 24.923 24.781 24.642 25.003 24.901 24.779 24.637 24.496 24.348 24.906 24.733 24.562 24.441 24.33 24.67 24.527 24.407 24.308 24.14 24.118 23.949 23.759
44.0523 25.477 25.526 25.451 25.258 25.116 24.977 25.338 25.236 25.113 24.972 24.831 24.683 25.241 25.068 24.896 24.776 24.665 25.005 24.862 24.742 24.643 24.475 24.453 24.284 24.093
45.1149 25.811 25.861 25.786 25.593 25.451 25.312 25.672 25.571 25.448 25.306 25.166 25.017 25.576 25.403 25.231 25.111 25.0 25.339 25.197 25.077 24.978 24.81 24.788 24.619 24.428
46.2033 26.146 26.196 26.121 25.928 25.785 25.646 26.007 25.906 25.783 25.641 25.501 25.352 25.911 25.738 25.566 25.445 25.335 25.674 25.532 25.412 25.313 25.145 25.123 24.953 24.763
47.3178 26.481 26.531 26.456 26.263 26.12 25.981 26.342 26.24 26.118 25.976 25.836 25.687 26.245 26.073 25.901 25.78 25.67 26.009 25.866 25.747 25.648 25.479 25.458 25.288 25.098
48.4593 26.816 26.865 26.791 26.598 26.455 26.316 26.677 26.575 26.453 26.311 26.17 26.022 26.58 26.408 26.236 26.115 26.004 26.344 26.201 26.081 25.982 25.814 25.792 25.623 25.433
49.6283 27.151 27.2 27.125 26.932 26.79 26.651 27.012 26.91 26.788 26.646 26.505 26.357 26.915 26.742 26.571 26.45 26.339 26.679 26.536 26.416 26.317 26.149 26.127 25.958 25.768
50.8255 27.486 27.535 27.46 27.267 27.125 26.986 27.346 27.245 27.122 26.981 26.84 26.691 27.25 27.077 26.905 26.785 26.674 27.014 26.871 26.751 26.652 26.484 26.462 26.293 26.102
52.0515 27.82 27.87 27.795 27.602 27.46 27.32 27.681 27.58 27.457 27.315 27.175 27.026 27.585 27.412 27.24 27.12 27.009 27.348 27.206 27.086 26.987 26.819 26.797 26.628 26.437
53.3072 28.155 28.205 28.13 27.937 27.794 27.655 28.016 27.914 27.792 27.65 27.51 27.361 27.92 27.747 27.575 27.454 27.344 27.683 27.541 27.421 27.322 27.153 27.132 26.962 26.772
54.5931 28.49 28.539 28.465 28.272 28.129 27.99 28.351 28.249 28.127 27.985 27.845 27.696 28.254 28.082 27.91 27.789 27.679 28.018 27.875 27.756 27.657 27.488 27.467 27.297 27.107
55.9101 28.825 28.874 28.799 28.607 28.464 28.325 28.686 28.584 28.462 28.32 28.179 28.031 28.589 28.417 28.245 28.124 28.013 28.353 28.21 28.09 27.991 27.823 27.801 27.632 27.442
57.2588 29.16 29.209 29.134 28.941 28.799 28.66 29.021 28.919 28.797 28.655 28.514 28.366 28.924 28.751 28.58 28.459 28.348 28.688 28.545 28.425 28.326 28.158 28.136 27.967 27.777
58.6401 29.495 29.544 29.469 29.276 29.134 28.995 29.355 29.254 29.131 28.989 28.849 28.7 29.259 29.086 28.914 28.794 28.683 29.022 28.88 28.76 28.661 28.493 28.471 28.302 28.111
60.0546 29.829 29.879 29.804 29.611 29.469 29.329 29.69 29.589 29.466 29.324 29.184 29.035 29.594 29.421 29.249 29.129 29.018 29.357 29.215 29.095 28.996 28.828 28.806 28.637 28.446
61.5034 30.164 30.214 30.139 29.946 29.803 29.664 30.025 29.923 29.801 29.659 29.519 29.37 29.928 29.756 29.584 29.463 29.353 29.692 29.55 29.43 29.331 29.162 29.141 28.971 28.781
62.987 30.499 30.548 30.474 30.281 30.138 29.999 30.36 30.258 30.136 29.994 29.853 29.705 30.263 30.091 29.919 29.798 29.688 30.027 29.884 29.765 29.666 29.497 29.476 29.306 29.116
64.5065 30.834 30.883 30.808 30.615 30.473 30.334 30.695 30.593 30.471 30.329 30.188 30.04 30.598 30.426 30.254 30.133 30.022 30.362 30.219 30.099 30.0 29.832 29.81 29.641 29.451
66.0626 31.169 31.218 31.143 30.95 30.808 30.669 31.03 30.928 30.805 30.664 30.523 30.375 30.933 30.76 30.589 30.468 30.357 30.697 30.554 30.434 30.335 30.167 30.145 29.976 29.786
67.6562 31.503 31.553 31.478 31.285 31.143 31.004 31.364 31.263 31.14 30.998 30.858 30.709 31.268 31.095 30.923 30.803 30.692 31.031 30.889 30.769 30.67 30.502 30.48 30.311 30.12
69.2883 31.838 31.888 31.813 31.62 31.478 31.338 31.699 31.598 31.475 31.333 31.193 31.044 31.603 31.43 31.258 31.137 31.027 31.366 31.224 31.104 31.005 30.837 30.815 30.646 30.455
70.9597 32.173 32.223 32.148 31.955 31.812 31.673 32.034 31.932 31.81 31.668 31.528 31.379 31.937 31.765 31.593 31.472 31.362 31.701 31.559 31.439 31.34 31.171 31.15 30.98 30.79
72.6715 32.508 32.557 32.483 32.29 32.147 32.008 32.369 32.267 32.145 32.003 31.862 31.714 32.272 32.1 31.928 31.807 31.696 32.036 31.893 31.774 31.675 31.506 31.485 31.315 31.125
74.4246 32.843 32.892 32.817 32.624 32.482 32.343 32.704 32.602 32.48 32.338 32.197 32.049 32.607 32.434 32.263 32.142 32.031 32.371 32.228 32.108 32.009 31.841 31.819 31.65 31.46
76.2199 33.178 33.227 33.152 32.959 32.817 32.678 33.039 32.937 32.814 32.673 32.532 32.384 32.942 32.769 32.597 32.477 32.366 32.706 32.563 32.443 32.344 32.176 32.154 31.985 31.795
78.0586 33.512 33.562 33.487 33.294 33.152 33.013 33.373 33.272 33.149 33.007 32.867 32.718 33.277 33.104 32.932 32.812 32.701 33.04 32.898 32.778 32.679 32.511 32.489 32.32 32.129
79.9416 33.847 33.897 33.822 33.629 33.487 33.347 33.708 33.607 33.484 33.342 33.202 33.053 33.612 33.439 33.267 33.146 33.036 33.375 33.233 33.113 33.014 32.846 32.824 32.655 32.464
81.87 34.182 34.232 34.157 33.964 33.821 33.682 34.043 33.941 33.819 33.677 33.537 33.388 33.946 33.774 33.602 33.481 33.371 33.71 33.567 33.448 33.349 33.18 33.159 32.989 32.799
83.845 34.517 34.566 34.492 34.299 34.156 34.017 34.378 34.276 34.154 34.012 33.871 33.723 34.281 34.109 33.937 33.816 33.705 34.045 33.902 33.782 33.683 33.515 33.493 33.324 33.134
85.8676 34.852 34.901 34.826 34.633 34.491 34.352 34.713 34.611 34.489 34.347 34.206 34.058 34.616 34.443 34.272 34.151 34.04 34.38 34.237 34.117 34.018 33.85 33.828 33.659 33.469
87.939 35.187 35.236 35.161 34.968 34.826 34.687 35.047 34.946 34.823 34.682 34.541 34.392 34.951 34.778 34.606 34.486 34.375 34.715 34.572 34.452 34.353 34.185 34.163 33.994 33.803
90.0604 35.521 35.571 35.496 35.303 35.161 35.022 35.382 35.281 35.158 35.016 34.876 34.727 35.286 35.113 34.941 34.821 34.71 35.049 34.907 34.787 34.688 34.52 34.498 34.329 34.138
92.2329 35.856 35.906 35.831 35.638 35.495 35.356 35.717 35.615 35.493 35.351 35.211 35.062 35.621 35.448 35.276 35.155 35.045 35.384 35.242 35.122 35.023 34.855 34.833 34.663 34.473
94.4579 36.191 36.241 36.166 35.973 35.83 35.691 36.052 35.95 35.828 35.686 35.546 35.397 35.955 35.783 35.611 35.49 35.38 35.719 35.576 35.457 35.358 35.189 35.168 34.998 34.808
96.7365 36.526 36.575 36.5 36.308 36.165 36.026 36.387 36.285 36.163 36.021 35.88 35.732 36.29 36.118 35.946 35.825 35.714 36.054 35.911 35.791 35.692 35.524 35.502 35.333 35.143
99.0701 36.861 36.91 36.835 36.642 36.5 36.361 36.722 36.62 36.498 36.356 36.215 36.067 36.625 36.452 36.281 36.16 36.049 36.389 36.246 36.126 36.027 35.859 35.837 35.668 35.478
