web/models/grb/onaxis/5/grb_0.0000_0.0100_0.1584893.dat
# %ECSV 1.0
# ---
# datatype:
# - {name: time, datatype: float64}
# - {name: swift_uvot_uvw2, datatype: float64}
# - {name: swift_uvot_uvm2, datatype: float64}
# - {name: swift_uvot_uvw1, datatype: float64}
# - {name: swift_uvot_U, datatype: float64}
# - {name: swift_uvot_B, datatype: float64}
# - {name: swift_uvot_V, datatype: float64}
# - {name: swift_uvot_W, datatype: float64}
# - {name: johnson_U, datatype: float64}
# - {name: johnson_B, datatype: float64}
# - {name: johnson_V, datatype: float64}
# - {name: johnson_R, datatype: float64}
# - {name: johnson_I, datatype: float64}
# - {name: sdss_u, datatype: float64}
# - {name: sdss_g, datatype: float64}
# - {name: sdss_r, datatype: float64}
# - {name: sdss_i, datatype: float64}
# - {name: sdss_z, datatype: float64}
# - {name: PS1_g, datatype: float64}
# - {name: PS1_r, datatype: float64}
# - {name: PS1_i, datatype: float64}
# - {name: PS1_z, datatype: float64}
# - {name: PS1_Y, datatype: float64}
# - {name: PS1_w, datatype: float64}
# - {name: ATLAS_c, datatype: float64}
# - {name: ATLAS_o, datatype: float64}
# - {name: ukirt_J, datatype: float64}
# - {name: ukirt_H, datatype: float64}
# - {name: ukirt_K, datatype: float64}
# - {name: Clear, datatype: float64}
# meta: !!omap
# - comment: [E = 4.339649880409358e-06, Eta0 = 8.02, GammaB = 12.0, dL = 0.012188, epsb = 6.760829753919819e-06, epse = 0.1, n = 0.15848931924611143,
#     p = 2.15, theta_obs = 0.0, xiN = 1.0, z = 0.0, type = grb, E_kiso = 0.01]
# schema: astropy-2.0
time swift_uvot_uvw2 swift_uvot_uvm2 swift_uvot_uvw1 swift_uvot_U swift_uvot_B swift_uvot_V swift_uvot_W johnson_U johnson_B johnson_V johnson_R johnson_I sdss_u sdss_g sdss_r sdss_i sdss_z PS1_g PS1_r PS1_i PS1_z PS1_Y PS1_w ATLAS_c ATLAS_o ukirt_J ukirt_H ukirt_K Clear
[from data line 339]
32.3139 19.496 19.546 19.471 19.278 19.135 18.996 19.357 19.255 19.133 18.991 18.851 18.702 19.26 19.088 18.916 18.795 18.685 19.024 18.882 18.762 18.663 18.494 18.918 19.013 18.861 18.473 18.303 18.113 18.828
33.0935 19.831 19.88 19.806 19.613 19.47 19.331 19.692 19.59 19.468 19.326 19.185 19.037 19.595 19.423 19.251 19.13 19.02 19.359 19.216 19.097 18.998 18.829 19.253 19.348 19.196 18.808 18.638 18.448 19.163
33.8918 20.166 20.215 20.14 19.947 19.805 19.666 20.027 19.925 19.803 19.661 19.52 19.372 19.93 19.758 19.586 19.465 19.354 19.694 19.551 19.431 19.332 19.164 19.588 19.683 19.53 19.142 18.973 18.783 19.498
34.7093 20.501 20.55 20.475 20.282 20.14 20.001 20.362 20.26 20.137 19.996 19.855 19.707 20.265 20.092 19.921 19.8 19.689 20.029 19.886 19.766 19.667 19.499 19.923 20.018 19.865 19.477 19.308 19.118 19.833
35.5466 20.835 20.885 20.81 20.617 20.475 20.336 20.696 20.595 20.472 20.33 20.19 20.041 20.6 20.427 20.255 20.135 20.024 20.363 20.221 20.101 20.002 19.834 20.258 20.353 20.2 19.812 19.643 19.452 20.167
36.4041 21.17 21.22 21.145 20.952 20.81 20.67 21.031 20.93 20.807 20.665 20.525 20.376 20.935 20.762 20.59 20.469 20.359 20.698 20.556 20.436 20.337 20.169 20.592 20.688 20.535 20.147 19.978 19.787 20.502
37.2823 21.505 21.555 21.48 21.287 21.144 21.005 21.366 21.264 21.142 21.0 20.86 20.711 21.269 21.097 20.925 20.804 20.694 21.033 20.891 20.771 20.672 20.503 20.927 21.022 20.87 20.482 20.312 20.122 20.837
38.1817 21.84 21.889 21.815 21.622 21.479 21.34 21.701 21.599 21.477 21.335 21.194 21.046 21.604 21.432 21.26 21.139 21.028 21.368 21.225 21.106 21.007 20.838 21.262 21.357 21.204 20.817 20.647 20.457 21.172
39.1028 22.175 22.224 22.149 21.956 21.814 21.675 22.036 21.934 21.812 21.67 21.529 21.381 21.939 21.767 21.595 21.474 21.363 21.703 21.56 21.44 21.341 21.173 21.597 21.692 21.539 21.151 20.982 20.792 21.507
40.046 22.51 22.559 22.484 22.291 22.149 22.01 22.371 22.269 22.146 22.005 21.864 21.716 22.274 22.101 21.929 21.809 21.698 22.038 21.895 21.775 21.676 21.508 21.932 22.027 21.874 21.486 21.317 21.127 21.842
41.0121 22.844 22.894 22.819 22.626 22.484 22.345 22.705 22.604 22.481 22.339 22.199 22.05 22.609 22.436 22.264 22.144 22.033 22.372 22.23 22.11 22.011 21.843 22.267 22.362 22.209 21.821 21.652 21.461 22.176
42.0014 23.179 23.229 23.154 22.961 22.819 22.679 23.04 22.939 22.816 22.674 22.534 22.385 22.944 22.771 22.599 22.478 22.368 22.707 22.565 22.445 22.346 22.178 22.601 22.697 22.544 22.156 21.987 21.796 22.511
43.0146 23.514 23.564 23.489 23.296 23.153 23.014 23.375 23.273 23.151 23.009 22.869 22.72 23.278 23.106 22.934 22.813 22.703 23.042 22.899 22.78 22.681 22.512 22.936 23.031 22.879 22.491 22.321 22.131 22.846
44.0523 23.849 23.898 23.824 23.631 23.488 23.349 23.71 23.608 23.486 23.344 23.203 23.055 23.613 23.441 23.269 23.148 23.037 23.377 23.234 23.114 23.015 22.847 23.271 23.366 23.213 22.825 22.656 22.466 23.181
45.1149 24.184 24.233 24.158 23.965 23.823 23.684 24.045 23.943 23.821 23.679 23.538 23.39 23.948 23.775 23.604 23.483 23.372 23.712 23.569 23.449 23.35 23.182 23.606 23.701 23.548 23.16 22.991 22.801 23.516
46.2033 24.519 24.568 24.493 24.3 24.158 24.019 24.38 24.278 24.155 24.014 23.873 23.724 24.283 24.11 23.938 23.818 23.707 24.047 23.904 23.784 23.685 23.517 23.941 24.036 23.883 23.495 23.326 23.135 23.85
47.3178 24.853 24.903 24.828 24.635 24.493 24.354 24.714 24.613 24.49 24.348 24.208 24.059 24.618 24.445 24.273 24.153 24.042 24.381 24.239 24.119 24.02 23.852 24.276 24.371 24.218 23.83 23.661 23.47 24.185
48.4593 25.188 25.238 25.163 24.97 24.827 24.688 25.049 24.947 24.825 24.683 24.543 24.394 24.953 24.78 24.608 24.487 24.377 24.716 24.574 24.454 24.355 24.187 24.61 24.706 24.553 24.165 23.995 23.805 24.52
49.6283 25.523 25.573 25.498 25.305 25.162 25.023 25.384 25.282 25.16 25.018 24.878 24.729 25.287 25.115 24.943 24.822 24.712 25.051 24.908 24.789 24.69 24.521 24.945 25.04 24.888 24.5 24.33 24.14 24.855
50.8255 25.858 25.907 25.832 25.64 25.497 25.358 25.719 25.617 25.495 25.353 25.212 25.064 25.622 25.45 25.278 25.157 25.046 25.386 25.243 25.123 25.024 24.856 25.28 25.375 25.222 24.834 24.665 24.475 25.19
52.0515 26.193 26.242 26.167 25.974 25.832 25.693 26.054 25.952 25.83 25.688 25.547 25.399 25.957 25.784 25.613 25.492 25.381 25.721 25.578 25.458 25.359 25.191 25.615 25.71 25.557 25.169 25.0 24.81 25.525
53.3072 26.528 26.577 26.502 26.309 26.167 26.028 26.388 26.287 26.164 26.023 25.882 25.733 26.292 26.119 25.947 25.827 25.716 26.056 25.913 25.793 25.694 25.526 25.95 26.045 25.892 25.504 25.335 25.144 25.859
54.5931 26.862 26.912 26.837 26.644 26.502 26.362 26.723 26.622 26.499 26.357 26.217 26.068 26.627 26.454 26.282 26.162 26.051 26.39 26.248 26.128 26.029 25.861 26.284 26.38 26.227 25.839 25.67 25.479 26.194
55.9101 27.197 27.247 27.172 26.979 26.836 26.697 27.058 26.956 26.834 26.692 26.552 26.403 26.961 26.789 26.617 26.496 26.386 26.725 26.583 26.463 26.364 26.195 26.619 26.715 26.562 26.174 26.004 25.814 26.529
57.2588 27.532 27.581 27.507 27.314 27.171 27.032 27.393 27.291 27.169 27.027 26.887 26.738 27.296 27.124 26.952 26.831 26.721 27.06 26.917 26.798 26.699 26.53 26.954 27.049 26.897 26.509 26.339 26.149 26.864
58.6401 27.867 27.916 27.841 27.649 27.506 27.367 27.728 27.626 27.504 27.362 27.221 27.073 27.631 27.459 27.287 27.166 27.055 27.395 27.252 27.132 27.033 26.865 27.289 27.384 27.231 26.843 26.674 26.484 27.199
60.0546 28.202 28.251 28.176 27.983 27.841 27.702 28.063 27.961 27.839 27.697 27.556 27.408 27.966 27.793 27.622 27.501 27.39 27.73 27.587 27.467 27.368 27.2 27.624 27.719 27.566 27.178 27.009 26.819 27.534
61.5034 28.537 28.586 28.511 28.318 28.176 28.037 28.397 28.296 28.173 28.031 27.891 27.742 28.301 28.128 27.956 27.836 27.725 28.064 27.922 27.802 27.703 27.535 27.959 28.054 27.901 27.513 27.344 27.153 27.868
62.987 28.871 28.921 28.846 28.653 28.511 28.371 28.732 28.631 28.508 28.366 28.226 28.077 28.636 28.463 28.291 28.17 28.06 28.399 28.257 28.137 28.038 27.87 28.293 28.389 28.236 27.848 27.679 27.488 28.203
64.5065 29.206 29.256 29.181 28.988 28.845 28.706 29.067 28.965 28.843 28.701 28.561 28.412 28.97 28.798 28.626 28.505 28.395 28.734 28.592 28.472 28.373 28.204 28.628 28.723 28.571 28.183 28.013 27.823 28.538
66.0626 29.541 29.59 29.516 29.323 29.18 29.041 29.402 29.3 29.178 29.036 28.895 28.747 29.305 29.133 28.961 28.84 28.73 29.069 28.926 28.807 28.708 28.539 28.963 29.058 28.906 28.518 28.348 28.158 28.873
67.6562 29.876 29.925 29.85 29.657 29.515 29.376 29.737 29.635 29.513 29.371 29.23 29.082 29.64 29.468 29.296 29.175 29.064 29.404 29.261 29.141 29.042 28.874 29.298 29.393 29.24 28.852 28.683 28.493 29.208
69.2883 30.211 30.26 30.185 29.992 29.85 29.711 30.072 29.97 29.847 29.706 29.565 29.417 29.975 29.802 29.631 29.51 29.399 29.739 29.596 29.476 29.377 29.209 29.633 29.728 29.575 29.187 29.018 28.828 29.543
70.9597 30.545 30.595 30.52 30.327 30.185 30.046 30.406 30.305 30.182 30.04 29.9 29.751 30.31 30.137 29.965 29.845 29.734 30.073 29.931 29.811 29.712 29.544 29.968 30.063 29.91 29.522 29.353 29.162 29.877
72.6715 30.88 30.93 30.855 30.662 30.52 30.38 30.741 30.64 30.517 30.375 30.235 30.086 30.645 30.472 30.3 30.179 30.069 30.408 30.266 30.146 30.047 29.879 30.302 30.398 30.245 29.857 29.688 29.497 30.212
74.4246 31.215 31.265 31.19 30.997 30.854 30.715 31.076 30.974 30.852 30.71 30.57 30.421 30.979 30.807 30.635 30.514 30.404 30.743 30.601 30.481 30.382 30.213 30.637 30.732 30.58 30.192 30.022 29.832 30.547
76.2199 31.55 31.599 31.525 31.332 31.189 31.05 31.411 31.309 31.187 31.045 30.904 30.756 31.314 31.142 30.97 30.849 30.738 31.078 30.935 30.816 30.716 30.548 30.972 31.067 30.914 30.527 30.357 30.167 30.882
78.0586 31.885 31.934 31.859 31.666 31.524 31.385 31.746 31.644 31.522 31.38 31.239 31.091 31.649 31.476 31.305 31.184 31.073 31.413 31.27 31.15 31.051 30.883 31.307 31.402 31.249 30.861 30.692 30.502 31.217
79.9416 32.22 32.269 32.194 32.001 31.859 31.72 32.081 31.979 31.856 31.715 31.574 31.426 31.984 31.811 31.639 31.519 31.408 31.748 31.605 31.485 31.386 31.218 31.642 31.737 31.584 31.196 31.027 30.836 31.551
81.87 32.554 32.604 32.529 32.336 32.194 32.055 32.415 32.314 32.191 32.049 31.909 31.76 32.319 32.146 31.974 31.854 31.743 32.082 31.94 31.82 31.721 31.553 31.977 32.072 31.919 31.531 31.362 31.171 31.886
83.845 32.889 32.939 32.864 32.671 32.528 32.389 32.75 32.649 32.526 32.384 32.244 32.095 32.654 32.481 32.309 32.188 32.078 32.417 32.275 32.155 32.056 31.888 32.311 32.407 32.254 31.866 31.696 31.506 32.221
85.8676 33.224 33.274 33.199 33.006 32.863 32.724 33.085 32.983 32.861 32.719 32.579 32.43 32.988 32.816 32.644 32.523 32.413 32.752 32.609 32.49 32.391 32.222 32.646 32.741 32.589 32.201 32.031 31.841 32.556
87.939 33.559 33.608 33.534 33.341 33.198 33.059 33.42 33.318 33.196 33.054 32.913 32.765 33.323 33.151 32.979 32.858 32.747 33.087 32.944 32.824 32.725 32.557 32.981 33.076 32.923 32.535 32.366 32.176 32.891
90.0604 33.894 33.943 33.868 33.675 33.533 33.394 33.755 33.653 33.531 33.389 33.248 33.1 33.658 33.485 33.314 33.193 33.082 33.422 33.279 33.159 33.06 32.892 33.316 33.411 33.258 32.87 32.701 32.511 33.226
92.2329 34.229 34.278 34.203 34.01 33.868 33.729 34.089 33.988 33.865 33.724 33.583 33.434 33.993 33.82 33.648 33.528 33.417 33.757 33.614 33.494 33.395 33.227 33.651 33.746 33.593 33.205 33.036 32.845 33.56
94.4579 34.563 34.613 34.538 34.345 34.203 34.064 34.424 34.323 34.2 34.058 33.918 33.769 34.328 34.155 33.983 33.863 33.752 34.091 33.949 33.829 33.73 33.562 33.986 34.081 33.928 33.54 33.371 33.18 33.895
96.7365 34.898 34.948 34.873 34.68 34.537 34.398 34.759 34.657 34.535 34.393 34.253 34.104 34.663 34.49 34.318 34.197 34.087 34.426 34.284 34.164 34.065 33.896 34.32 34.416 34.263 33.875 33.705 33.515 34.23
99.0701 35.233 35.282 35.208 35.015 34.872 34.733 35.094 34.992 34.87 34.728 34.588 34.439 34.997 34.825 34.653 34.532 34.422 34.761 34.618 34.499 34.4 34.231 34.655 34.75 34.598 34.21 34.04 33.85 34.565
101.4599 35.568 35.617 35.542 35.35 35.207 35.068 35.429 35.327 35.205 35.063 34.922 34.774 35.332 35.16 34.988 34.867 34.756 35.096 34.953 34.833 34.734 34.566 34.99 35.085 34.932 34.544 34.375 34.185 34.9
103.9075 35.903 35.952 35.877 35.684 35.542 35.403 35.764 35.662 35.54 35.398 35.257 35.109 35.667 35.494 35.323 35.202 35.091 35.431 35.288 35.168 35.069 34.901 35.325 35.42 35.267 34.879 34.71 34.52 35.235
106.4141 36.238 36.287 36.212 36.019 35.877 35.738 36.098 35.997 35.874 35.732 35.592 35.443 36.002 35.829 35.657 35.537 35.426 35.765 35.623 35.503 35.404 35.236 35.66 35.755 35.602 35.214 35.045 34.854 35.569
108.9811 36.572 36.622 36.547 36.354 36.212 36.072 36.433 36.332 36.209 36.067 35.927 35.778 36.337 36.164 35.992 35.872 35.761 36.1 35.958 35.838 35.739 35.571 35.994 36.09 35.937 35.549 35.38 35.189 35.904
111.6101 36.907 36.957 36.882 36.689 36.546 36.407 36.768 36.666 36.544 36.402 36.262 36.113 36.671 36.499 36.327 36.206 36.096 36.435 36.293 36.173 36.074 35.905 36.329 36.424 36.272 35.884 35.714 35.524 36.239
114.3025 37.242 37.291 37.217 37.024 36.881 36.742 37.103 37.001 36.879 36.737 36.596 36.448 37.006 36.834 36.662 36.541 36.431 36.77 36.627 36.508 36.409 36.24 36.664 36.759 36.607 36.219 36.049 35.859 36.574
117.0598 37.577 37.626 37.551 37.358 37.216 37.077 37.438 37.336 37.214 37.072 36.931 36.783 37.341 37.169 36.997 36.876 36.765 37.105 36.962 36.842 36.743 36.575 36.999 37.094 36.941 36.553 36.384 36.194 36.909
119.8836 37.912 37.961 37.886 37.693 37.551 37.412 37.773 37.671 37.548 37.407 37.266 37.118 37.676 37.503 37.332 37.211 37.1 37.44 37.297 37.177 37.078 36.91 37.334 37.429 37.276 36.888 36.719 36.529 37.244
122.7756 38.246 38.296 38.221 38.028 37.886 37.747 38.107 38.006 37.883 37.741 37.601 37.452 38.011 37.838 37.666 37.546 37.435 37.774 37.632 37.512 37.413 37.245 37.669 37.764 37.611 37.223 37.054 36.863 37.578
125.7373 38.581 38.631 38.556 38.363 38.221 38.081 38.442 38.341 38.218 38.076 37.936 37.787 38.346 38.173 38.001 37.88 37.77 38.109 37.967 37.847 37.748 37.58 38.003 38.099 37.946 37.558 37.389 37.198 37.913
128.7705 38.916 38.966 38.891 38.698 38.555 38.416 38.777 38.675 38.553 38.411 38.271 38.122 38.68 38.508 38.336 38.215 38.105 38.444 38.302 38.182 38.083 37.914 38.338 38.433 38.281 37.893 37.723 37.533 38.248
131.8769 39.251 39.3 39.226 39.033 38.89 38.751 39.112 39.01 38.888 38.746 38.605 38.457 39.015 38.843 38.671 38.55 38.439 38.779 38.636 38.517 38.418 38.249 38.673 38.768 38.615 38.228 38.058 37.868 38.583
135.0582 39.586 39.635 39.56 39.367 39.225 39.086 39.447 39.345 39.223 39.081 38.94 38.792 39.35 39.178 39.006 38.885 38.774 39.114 38.971 38.851 38.752 38.584 39.008 39.103 38.95 38.562 38.393 38.203 38.918
138.3162 39.921 39.97 39.895 39.702 39.56 39.421 39.782 39.68 39.557 39.416 39.275 39.127 39.685 39.512 39.34 39.22 39.109 39.449 39.306 39.186 39.087 38.919 39.343 39.438 39.285 38.897 38.728 38.538 39.253
141.6528 40.255 40.305 40.23 40.037 39.895 39.756 40.116 40.015 39.892 39.75 39.61 39.461 40.02 39.847 39.675 39.555 39.444 39.783 39.641 39.521 39.422 39.254 39.678 39.773 39.62 39.232 39.063 38.872 39.587
145.0699 40.59 40.64 40.565 40.372 40.23 40.09 40.451 40.35 40.227 40.085 39.945 39.796 40.355 40.182 40.01 39.889 39.779 40.118 39.976 39.856 39.757 39.589 40.012 40.108 39.955 39.567 39.398 39.207 39.922
148.5695 40.925 40.975 40.9 40.707 40.564 40.425 40.786 40.684 40.562 40.42 40.28 40.131 40.689 40.517 40.345 40.224 40.114 40.453 40.31 40.191 40.092 39.923 40.347 40.442 40.29 39.902 39.732 39.542 40.257
152.1534 41.26 41.309 41.235 41.042 40.899 40.76 41.121 41.019 40.897 40.755 40.614 40.466 41.024 40.852 40.68 40.559 40.448 40.788 40.645 40.525 40.426 40.258 40.682 40.777 40.624 40.236 40.067 39.877 40.592
155.8238 41.595 41.644 41.569 41.376 41.234 41.095 41.456 41.354 41.232 41.09 40.949 40.801 41.359 41.186 41.015 40.894 40.783 41.123 40.98 40.86 40.761 40.593 41.017 41.112 40.959 40.571 40.402 40.212 40.927
159.5828 41.93 41.979 41.904 41.711 41.569 41.43 41.791 41.689 41.566 41.425 41.284 41.135 41.694 41.521 41.349 41.229 41.118 41.458 41.315 41.195 41.096 40.928 41.352 41.447 41.294 40.906 40.737 40.546 41.261
163.4324 42.264 42.314 42.239 42.046 41.904 41.765 42.125 42.024 41.901 41.759 41.619 41.47 42.029 41.856 41.684 41.564 41.453 41.792 41.65 41.53 41.431 41.263 41.687 41.782 41.629 41.241 41.072 40.881 41.596
167.375 42.599 42.649 42.574 42.381 42.238 42.099 42.46 42.358 42.236 42.094 41.954 41.805 42.364 42.191 42.019 41.898 41.788 42.127 41.985 41.865 41.766 41.598 42.021 42.117 41.964 41.576 41.406 41.216 41.931
171.4126 42.934 42.984 42.909 42.716 42.573 42.434 42.795 42.693 42.571 42.429 42.289 42.14 42.698 42.526 42.354 42.233 42.123 42.462 42.319 42.2 42.101 41.932 42.356 42.451 42.299 41.911 41.741 41.551 42.266
175.5476 43.269 43.318 43.243 43.051 42.908 42.769 43.13 43.028 42.906 42.764 42.623 42.475 43.033 42.861 42.689 42.568 42.457 42.797 42.654 42.534 42.435 42.267 42.691 42.786 42.633 42.245 42.076 41.886 42.601
179.7823 43.604 43.653 43.578 43.385 43.243 43.104 43.465 43.363 43.241 43.099 42.958 42.81 43.368 43.195 43.024 42.903 42.792 43.132 42.989 42.869 42.77 42.602 43.026 43.121 42.968 42.58 42.411 42.221 42.936
184.1193 43.939 43.988 43.913 43.72 43.578 43.439 43.799 43.698 43.575 43.434 43.293 43.144 43.703 43.53 43.358 43.238 43.127 43.466 43.324 43.204 43.105 42.937 43.361 43.456 43.303 42.915 42.746 42.555 43.27
188.5608 44.273 44.323 44.248 44.055 43.913 43.773 44.134 44.033 43.91 43.768 43.628 43.479 44.038 43.865 43.693 43.573 43.462 43.801 43.659 43.539 43.44 43.272 43.695 43.791 43.638 43.25 43.081 42.89 43.605
193.1095 44.608 44.658 44.583 44.39 44.247 44.108 44.469 44.367 44.245 44.103 43.963 43.814 44.372 44.2 44.028 43.907 43.797 44.136 43.994 43.874 43.775 43.606 44.03 44.126 43.973 43.585 43.415 43.225 43.94
