web/models/grb/onaxis/5/grb_0.0000_138.9495_0.0251189.dat
# %ECSV 1.0
# ---
# datatype:
# - {name: time, datatype: float64}
# - {name: swift_uvot_uvw2, datatype: float64}
# - {name: swift_uvot_uvm2, datatype: float64}
# - {name: swift_uvot_uvw1, datatype: float64}
# - {name: swift_uvot_U, datatype: float64}
# - {name: swift_uvot_B, datatype: float64}
# - {name: swift_uvot_V, datatype: float64}
# - {name: swift_uvot_W, datatype: float64}
# - {name: johnson_U, datatype: float64}
# - {name: johnson_B, datatype: float64}
# - {name: johnson_V, datatype: float64}
# - {name: johnson_R, datatype: float64}
# - {name: johnson_I, datatype: float64}
# - {name: sdss_u, datatype: float64}
# - {name: sdss_g, datatype: float64}
# - {name: sdss_r, datatype: float64}
# - {name: sdss_i, datatype: float64}
# - {name: sdss_z, datatype: float64}
# - {name: PS1_g, datatype: float64}
# - {name: PS1_r, datatype: float64}
# - {name: PS1_i, datatype: float64}
# - {name: PS1_z, datatype: float64}
# - {name: PS1_Y, datatype: float64}
# - {name: PS1_w, datatype: float64}
# - {name: ATLAS_c, datatype: float64}
# - {name: ATLAS_o, datatype: float64}
# - {name: ukirt_J, datatype: float64}
# - {name: ukirt_H, datatype: float64}
# - {name: ukirt_K, datatype: float64}
# - {name: Clear, datatype: float64}
# meta: !!omap
# - comment: [E = 0.06029923955985733, Eta0 = 8.02, GammaB = 12.0, dL = 0.012188, epsb = 6.760829753919819e-06, epse = 0.1, n = 0.025118864315095822,
#     p = 2.15, theta_obs = 0.0, xiN = 1.0, z = 0.0, type = grb, E_kiso = 138.9495494373139]
# schema: astropy-2.0
time swift_uvot_uvw2 swift_uvot_uvm2 swift_uvot_uvw1 swift_uvot_U swift_uvot_B swift_uvot_V swift_uvot_W johnson_U johnson_B johnson_V johnson_R johnson_I sdss_u sdss_g sdss_r sdss_i sdss_z PS1_g PS1_r PS1_i PS1_z PS1_Y PS1_w ATLAS_c ATLAS_o ukirt_J ukirt_H ukirt_K Clear
[from data line 136]
0.2558 -10.895 -10.846 -10.921 -11.114 -11.256 -11.395 -11.034 -11.136 -11.258 -11.4 -11.541 -11.689 -11.131 -11.303 -11.475 -11.596 -11.707 -11.367 -11.51 -11.63 -11.729 -11.897 -11.473 -11.378 -11.531 -11.919 -12.088 -12.278 -11.563
0.262 -10.883 -10.834 -10.909 -11.101 -11.244 -11.383 -11.022 -11.124 -11.246 -11.388 -11.529 -11.677 -11.119 -11.291 -11.463 -11.584 -11.695 -11.355 -11.498 -11.618 -11.717 -11.885 -11.461 -11.366 -11.519 -11.907 -12.076 -12.266 -11.551
0.2683 -10.871 -10.822 -10.896 -11.089 -11.232 -11.371 -11.01 -11.112 -11.234 -11.376 -11.517 -11.665 -11.107 -11.279 -11.451 -11.572 -11.683 -11.343 -11.486 -11.605 -11.704 -11.873 -11.449 -11.354 -11.507 -11.894 -12.064 -12.254 -11.539
0.2748 -10.859 -10.81 -10.884 -11.077 -11.22 -11.359 -10.998 -11.1 -11.222 -11.364 -11.504 -11.653 -11.095 -11.267 -11.439 -11.56 -11.67 -11.331 -11.474 -11.593 -11.692 -11.861 -11.437 -11.342 -11.494 -11.882 -12.052 -12.242 -11.527
0.2814 -10.847 -10.797 -10.872 -11.065 -11.208 -11.347 -10.986 -11.088 -11.21 -11.352 -11.492 -11.641 -11.083 -11.255 -11.427 -11.548 -11.658 -11.319 -11.461 -11.581 -11.68 -11.849 -11.425 -11.33 -11.482 -11.87 -12.04 -12.23 -11.515
0.2882 -10.831 -10.781 -10.856 -11.049 -11.191 -11.33 -10.97 -11.071 -11.194 -11.336 -11.476 -11.625 -11.066 -11.239 -11.411 -11.531 -11.642 -11.303 -11.445 -11.565 -11.664 -11.832 -11.408 -11.313 -11.466 -11.854 -12.023 -12.214 -11.499
0.2951 -10.812 -10.762 -10.837 -11.03 -11.172 -11.312 -10.951 -11.052 -11.175 -11.317 -11.457 -11.606 -11.047 -11.22 -11.392 -11.513 -11.623 -11.284 -11.426 -11.546 -11.645 -11.813 -11.39 -11.294 -11.447 -11.835 -12.004 -12.195 -11.48
0.3022 -10.793 -10.743 -10.818 -11.011 -11.154 -11.293 -10.932 -11.033 -11.156 -11.298 -11.438 -11.587 -11.028 -11.201 -11.373 -11.494 -11.604 -11.265 -11.407 -11.527 -11.626 -11.794 -11.371 -11.275 -11.428 -11.816 -11.986 -12.176 -11.461
0.3095 -10.774 -10.724 -10.799 -10.992 -11.135 -11.274 -10.913 -11.015 -11.137 -11.279 -11.419 -11.568 -11.01 -11.182 -11.354 -11.475 -11.585 -11.246 -11.388 -11.508 -11.607 -11.776 -11.352 -11.257 -11.409 -11.797 -11.967 -12.157 -11.442
0.317 -10.755 -10.705 -10.78 -10.973 -11.116 -11.255 -10.894 -10.996 -11.118 -11.26 -11.4 -11.549 -10.991 -11.163 -11.335 -11.456 -11.566 -11.227 -11.37 -11.489 -11.588 -11.757 -11.333 -11.238 -11.39 -11.778 -11.948 -12.138 -11.423
0.3247 -10.736 -10.687 -10.761 -10.954 -11.097 -11.236 -10.875 -10.977 -11.099 -11.241 -11.382 -11.53 -10.972 -11.144 -11.316 -11.437 -11.547 -11.208 -11.351 -11.47 -11.569 -11.738 -11.314 -11.219 -11.371 -11.759 -11.929 -12.119 -11.404
0.3325 -10.717 -10.668 -10.742 -10.935 -11.078 -11.217 -10.856 -10.958 -11.08 -11.222 -11.363 -11.511 -10.953 -11.125 -11.297 -11.418 -11.529 -11.189 -11.332 -11.452 -11.551 -11.719 -11.295 -11.2 -11.353 -11.741 -11.91 -12.1 -11.385
0.3405 -10.698 -10.649 -10.724 -10.917 -11.059 -11.198 -10.837 -10.939 -11.061 -11.203 -11.344 -11.492 -10.934 -11.106 -11.278 -11.399 -11.51 -11.17 -11.313 -11.433 -11.532 -11.7 -11.276 -11.181 -11.334 -11.722 -11.891 -12.081 -11.366
0.3487 -10.679 -10.63 -10.705 -10.898 -11.04 -11.179 -10.818 -10.92 -11.042 -11.184 -11.325 -11.473 -10.915 -11.088 -11.259 -11.38 -11.491 -11.151 -11.294 -11.414 -11.513 -11.681 -11.257 -11.162 -11.315 -11.703 -11.872 -12.062 -11.347
0.3571 -10.66 -10.611 -10.686 -10.879 -11.021 -11.16 -10.799 -10.901 -11.023 -11.165 -11.306 -11.454 -10.896 -11.069 -11.24 -11.361 -11.472 -11.132 -11.275 -11.395 -11.494 -11.662 -11.238 -11.143 -11.296 -11.684 -11.853 -12.043 -11.328
0.3657 -10.64 -10.59 -10.665 -10.858 -11.001 -11.14 -10.779 -10.881 -11.003 -11.145 -11.285 -11.434 -10.876 -11.048 -11.22 -11.341 -11.451 -11.112 -11.254 -11.374 -11.473 -11.642 -11.218 -11.123 -11.275 -11.663 -11.833 -12.023 -11.308
0.3746 -10.619 -10.57 -10.644 -10.837 -10.98 -11.119 -10.758 -10.86 -10.982 -11.124 -11.265 -11.413 -10.855 -11.027 -11.199 -11.32 -11.43 -11.091 -11.234 -11.353 -11.452 -11.621 -11.197 -11.102 -11.254 -11.642 -11.812 -12.002 -11.287
0.3836 -10.598 -10.549 -10.623 -10.816 -10.959 -11.098 -10.737 -10.839 -10.961 -11.103 -11.244 -11.392 -10.834 -11.006 -11.178 -11.299 -11.41 -11.07 -11.213 -11.333 -11.432 -11.6 -11.176 -11.081 -11.234 -11.622 -11.791 -11.981 -11.266
0.3929 -10.577 -10.528 -10.603 -10.796 -10.938 -11.077 -10.716 -10.818 -10.94 -11.082 -11.223 -11.371 -10.813 -10.985 -11.157 -11.278 -11.389 -11.049 -11.192 -11.312 -11.411 -11.579 -11.155 -11.06 -11.213 -11.601 -11.77 -11.96 -11.245
0.4023 -10.556 -10.507 -10.582 -10.775 -10.917 -11.056 -10.695 -10.797 -10.919 -11.061 -11.202 -11.35 -10.792 -10.965 -11.136 -11.257 -11.368 -11.028 -11.171 -11.291 -11.39 -11.558 -11.134 -11.039 -11.192 -11.58 -11.749 -11.939 -11.224
0.412 -10.535 -10.486 -10.561 -10.754 -10.896 -11.035 -10.674 -10.776 -10.899 -11.04 -11.181 -11.329 -10.771 -10.944 -11.115 -11.236 -11.347 -11.007 -11.15 -11.27 -11.369 -11.537 -11.113 -11.018 -11.171 -11.559 -11.728 -11.918 -11.203
0.422 -10.514 -10.465 -10.54 -10.733 -10.875 -11.014 -10.654 -10.755 -10.878 -11.019 -11.16 -11.309 -10.75 -10.923 -11.095 -11.215 -11.326 -10.986 -11.129 -11.249 -11.348 -11.516 -11.092 -10.997 -11.15 -11.538 -11.707 -11.898 -11.183
0.4322 -10.494 -10.444 -10.519 -10.712 -10.854 -10.993 -10.633 -10.734 -10.857 -10.999 -11.139 -11.288 -10.729 -10.902 -11.074 -11.194 -11.305 -10.966 -11.108 -11.228 -11.327 -11.495 -11.071 -10.976 -11.129 -11.517 -11.686 -11.877 -11.162
0.4426 -10.473 -10.423 -10.498 -10.691 -10.833 -10.973 -10.612 -10.713 -10.836 -10.978 -11.118 -11.267 -10.708 -10.881 -11.053 -11.173 -11.284 -10.945 -11.087 -11.207 -11.306 -11.474 -11.051 -10.955 -11.108 -11.496 -11.665 -11.856 -11.141
0.4533 -10.452 -10.402 -10.477 -10.67 -10.812 -10.952 -10.591 -10.692 -10.815 -10.957 -11.097 -11.246 -10.687 -10.86 -11.032 -11.153 -11.263 -10.924 -11.066 -11.186 -11.285 -11.453 -11.03 -10.934 -11.087 -11.475 -11.644 -11.835 -11.12
0.4642 -10.423 -10.373 -10.448 -10.641 -10.783 -10.922 -10.562 -10.663 -10.786 -10.928 -11.068 -11.217 -10.658 -10.831 -11.003 -11.123 -11.234 -10.895 -11.037 -11.157 -11.256 -11.424 -11.0 -10.905 -11.058 -11.446 -11.615 -11.806 -11.091
0.4754 -10.392 -10.343 -10.418 -10.611 -10.753 -10.892 -10.532 -10.633 -10.756 -10.898 -11.038 -11.187 -10.628 -10.801 -10.973 -11.093 -11.204 -10.865 -11.007 -11.127 -11.226 -11.394 -10.97 -10.875 -11.028 -11.416 -11.585 -11.776 -11.061
0.4869 -10.362 -10.313 -10.388 -10.581 -10.723 -10.862 -10.501 -10.603 -10.726 -10.867 -11.008 -11.156 -10.598 -10.771 -10.943 -11.063 -11.174 -10.834 -10.977 -11.097 -11.196 -11.364 -10.94 -10.845 -10.998 -11.386 -11.555 -11.746 -11.031
0.4986 -10.332 -10.283 -10.358 -10.551 -10.693 -10.832 -10.471 -10.573 -10.695 -10.837 -10.978 -11.126 -10.568 -10.741 -10.912 -11.033 -11.144 -10.804 -10.947 -11.067 -11.166 -11.334 -10.91 -10.815 -10.968 -11.356 -11.525 -11.715 -11.0
0.5106 -10.302 -10.253 -10.328 -10.521 -10.663 -10.802 -10.441 -10.543 -10.665 -10.807 -10.948 -11.096 -10.538 -10.711 -10.882 -11.003 -11.114 -10.774 -10.917 -11.037 -11.136 -11.304 -10.88 -10.785 -10.938 -11.326 -11.495 -11.685 -10.97
0.523 -10.272 -10.223 -10.298 -10.491 -10.633 -10.772 -10.411 -10.513 -10.635 -10.777 -10.918 -11.066 -10.508 -10.68 -10.852 -10.973 -11.084 -10.744 -10.887 -11.007 -11.106 -11.274 -10.85 -10.755 -10.908 -11.296 -11.465 -11.655 -10.94
0.5356 -10.242 -10.193 -10.267 -10.46 -10.603 -10.742 -10.381 -10.483 -10.605 -10.747 -10.888 -11.036 -10.478 -10.65 -10.822 -10.943 -11.054 -10.714 -10.857 -10.977 -11.076 -11.244 -10.82 -10.725 -10.878 -11.266 -11.435 -11.625 -10.91
0.5485 -10.212 -10.163 -10.237 -10.43 -10.573 -10.712 -10.351 -10.453 -10.575 -10.717 -10.858 -11.006 -10.448 -10.62 -10.792 -10.913 -11.023 -10.684 -10.827 -10.946 -11.045 -11.214 -10.79 -10.695 -10.847 -11.235 -11.405 -11.595 -10.88
0.5617 -10.182 -10.132 -10.207 -10.4 -10.543 -10.682 -10.321 -10.423 -10.545 -10.687 -10.827 -10.976 -10.418 -10.59 -10.762 -10.883 -10.993 -10.654 -10.797 -10.916 -11.015 -11.184 -10.76 -10.665 -10.817 -11.205 -11.375 -11.565 -10.85
0.5753 -10.152 -10.102 -10.177 -10.37 -10.512 -10.651 -10.291 -10.392 -10.515 -10.657 -10.797 -10.946 -10.387 -10.56 -10.732 -10.852 -10.963 -10.624 -10.766 -10.886 -10.985 -11.153 -10.729 -10.634 -10.787 -11.175 -11.344 -11.535 -10.82
0.5891 -10.113 -10.064 -10.139 -10.332 -10.474 -10.613 -10.253 -10.354 -10.477 -10.619 -10.759 -10.908 -10.349 -10.522 -10.694 -10.814 -10.925 -10.586 -10.728 -10.848 -10.947 -11.115 -10.691 -10.596 -10.749 -11.137 -11.306 -11.497 -10.782
0.6034 -10.075 -10.026 -10.101 -10.294 -10.436 -10.575 -10.215 -10.316 -10.439 -10.581 -10.721 -10.87 -10.311 -10.484 -10.656 -10.776 -10.887 -10.548 -10.69 -10.81 -10.909 -11.077 -10.653 -10.558 -10.711 -11.099 -11.268 -11.459 -10.744
0.6179 -10.037 -9.988 -10.063 -10.256 -10.398 -10.537 -10.177 -10.278 -10.401 -10.542 -10.683 -10.832 -10.273 -10.446 -10.618 -10.738 -10.849 -10.509 -10.652 -10.772 -10.871 -11.039 -10.615 -10.52 -10.673 -11.061 -11.23 -11.421 -10.706
0.6328 -9.999 -9.95 -10.025 -10.218 -10.36 -10.499 -10.139 -10.24 -10.363 -10.504 -10.645 -10.794 -10.235 -10.408 -10.58 -10.7 -10.811 -10.471 -10.614 -10.734 -10.833 -11.001 -10.577 -10.482 -10.635 -11.023 -11.192 -11.383 -10.668
0.6481 -9.961 -9.912 -9.987 -10.18 -10.322 -10.461 -10.1 -10.202 -10.325 -10.466 -10.607 -10.756 -10.197 -10.37 -10.542 -10.662 -10.773 -10.433 -10.576 -10.696 -10.795 -10.963 -10.539 -10.444 -10.597 -10.985 -11.154 -11.345 -10.63
0.6637 -9.923 -9.874 -9.949 -10.142 -10.284 -10.423 -10.062 -10.164 -10.287 -10.428 -10.569 -10.717 -10.159 -10.332 -10.504 -10.624 -10.735 -10.395 -10.538 -10.658 -10.757 -10.925 -10.501 -10.406 -10.559 -10.947 -11.116 -11.306 -10.592
0.6797 -9.885 -9.836 -9.911 -10.104 -10.246 -10.385 -10.024 -10.126 -10.249 -10.39 -10.531 -10.679 -10.121 -10.294 -10.466 -10.586 -10.697 -10.357 -10.5 -10.62 -10.719 -10.887 -10.463 -10.368 -10.521 -10.909 -11.078 -11.268 -10.553
0.6961 -9.847 -9.798 -9.873 -10.066 -10.208 -10.347 -9.986 -10.088 -10.211 -10.352 -10.493 -10.641 -10.083 -10.256 -10.427 -10.548 -10.659 -10.319 -10.462 -10.582 -10.681 -10.849 -10.425 -10.33 -10.483 -10.871 -11.04 -11.23 -10.515
0.7129 -9.809 -9.76 -9.835 -10.028 -10.17 -10.309 -9.948 -10.05 -10.172 -10.314 -10.455 -10.603 -10.045 -10.218 -10.389 -10.51 -10.621 -10.281 -10.424 -10.544 -10.643 -10.811 -10.387 -10.292 -10.445 -10.833 -11.002 -11.192 -10.477
0.7301 -9.771 -9.722 -9.796 -9.989 -10.132 -10.271 -9.91 -10.012 -10.134 -10.276 -10.416 -10.565 -10.007 -10.179 -10.351 -10.472 -10.582 -10.243 -10.386 -10.505 -10.604 -10.773 -10.349 -10.254 -10.406 -10.794 -10.964 -11.154 -10.439
0.7477 -9.731 -9.682 -9.757 -9.95 -10.092 -10.231 -9.87 -9.972 -10.094 -10.236 -10.377 -10.525 -9.967 -10.139 -10.311 -10.432 -10.543 -10.203 -10.346 -10.466 -10.565 -10.733 -10.309 -10.214 -10.367 -10.755 -10.924 -11.114 -10.399
0.7658 -9.691 -9.642 -9.717 -9.91 -10.052 -10.191 -9.83 -9.932 -10.055 -10.196 -10.337 -10.485 -9.927 -10.1 -10.271 -10.392 -10.503 -10.163 -10.306 -10.426 -10.525 -10.693 -10.269 -10.174 -10.327 -10.715 -10.884 -11.074 -10.359
0.7842 -9.652 -9.602 -9.677 -9.87 -10.012 -10.151 -9.791 -9.892 -10.015 -10.157 -10.297 -10.446 -9.887 -10.06 -10.232 -10.352 -10.463 -10.124 -10.266 -10.386 -10.485 -10.653 -10.229 -10.134 -10.287 -10.675 -10.844 -11.035 -10.32
0.8032 -9.612 -9.562 -9.637 -9.83 -9.972 -10.112 -9.751 -9.852 -9.975 -10.117 -10.257 -10.406 -9.847 -10.02 -10.192 -10.313 -10.423 -10.084 -10.226 -10.346 -10.445 -10.613 -10.19 -10.094 -10.247 -10.635 -10.804 -10.995 -10.28
0.8225 -9.572 -9.522 -9.597 -9.79 -9.933 -10.072 -9.711 -9.813 -9.935 -10.077 -10.217 -10.366 -9.808 -9.98 -10.152 -10.273 -10.383 -10.044 -10.187 -10.306 -10.405 -10.574 -10.15 -10.055 -10.207 -10.595 -10.765 -10.955 -10.24
0.8424 -9.532 -9.483 -9.557 -9.75 -9.893 -10.032 -9.671 -9.773 -9.895 -10.037 -10.178 -10.326 -9.768 -9.94 -10.112 -10.233 -10.344 -10.004 -10.147 -10.267 -10.366 -10.534 -10.11 -10.015 -10.168 -10.556 -10.725 -10.915 -10.2
0.8627 -9.492 -9.443 -9.518 -9.711 -9.853 -9.992 -9.631 -9.733 -9.855 -9.997 -10.138 -10.286 -9.728 -9.901 -10.072 -10.193 -10.304 -9.964 -10.107 -10.227 -10.326 -10.494 -10.07 -9.975 -10.128 -10.516 -10.685 -10.875 -10.16
0.8835 -9.452 -9.403 -9.478 -9.671 -9.813 -9.952 -9.592 -9.693 -9.816 -9.958 -10.098 -10.247 -9.688 -9.861 -10.033 -10.153 -10.264 -9.925 -10.067 -10.187 -10.286 -10.454 -10.03 -9.935 -10.088 -10.476 -10.645 -10.836 -10.121
0.9048 -9.413 -9.363 -9.438 -9.631 -9.773 -9.913 -9.552 -9.653 -9.776 -9.918 -10.058 -10.207 -9.648 -9.821 -9.993 -10.113 -10.224 -9.885 -10.027 -10.147 -10.246 -10.414 -9.991 -9.895 -10.048 -10.436 -10.605 -10.796 -10.081
0.9266 -9.37 -9.32 -9.395 -9.588 -9.73 -9.87 -9.509 -9.61 -9.733 -9.875 -10.015 -10.164 -9.605 -9.778 -9.95 -10.071 -10.181 -9.842 -9.984 -10.104 -10.203 -10.371 -9.948 -9.852 -10.005 -10.393 -10.562 -10.753 -10.038
0.949 -9.32 -9.271 -9.346 -9.539 -9.681 -9.82 -9.459 -9.561 -9.683 -9.825 -9.966 -10.114 -9.556 -9.729 -9.9 -10.021 -10.132 -9.792 -9.935 -10.055 -10.154 -10.322 -9.898 -9.803 -9.956 -10.344 -10.513 -10.703 -9.988
0.9719 -9.271 -9.221 -9.296 -9.489 -9.632 -9.771 -9.41 -9.512 -9.634 -9.776 -9.916 -10.065 -9.507 -9.679 -9.851 -9.972 -10.082 -9.743 -9.885 -10.005 -10.104 -10.273 -9.849 -9.753 -9.906 -10.294 -10.464 -10.654 -9.939
0.9953 -9.221 -9.172 -9.247 -9.44 -9.582 -9.721 -9.36 -9.462 -9.585 -9.726 -9.867 -10.015 -9.457 -9.63 -9.801 -9.922 -10.033 -9.693 -9.836 -9.956 -10.055 -10.223 -9.799 -9.704 -9.857 -10.245 -10.414 -10.604 -9.889
1.0194 -9.172 -9.122 -9.197 -9.39 -9.533 -9.672 -9.311 -9.413 -9.535 -9.677 -9.817 -9.966 -9.408 -9.58 -9.752 -9.873 -9.983 -9.644 -9.787 -9.906 -10.005 -10.174 -9.75 -9.655 -9.807 -10.195 -10.365 -10.555 -9.84
1.0439 -9.122 -9.073 -9.148 -9.341 -9.483 -9.622 -9.262 -9.363 -9.486 -9.628 -9.768 -9.917 -9.358 -9.531 -9.703 -9.823 -9.934 -9.595 -9.737 -9.857 -9.956 -10.124 -9.7 -9.605 -9.758 -10.146 -10.315 -10.506 -9.791
1.0691 -9.073 -9.024 -9.098 -9.291 -9.434 -9.573 -9.212 -9.314 -9.436 -9.578 -9.719 -9.867 -9.309 -9.481 -9.653 -9.774 -9.885 -9.545 -9.688 -9.807 -9.907 -10.075 -9.651 -9.556 -9.709 -10.096 -10.266 -10.456 -9.741
1.0949 -9.024 -8.974 -9.049 -9.242 -9.384 -9.524 -9.163 -9.264 -9.387 -9.529 -9.669 -9.818 -9.259 -9.432 -9.604 -9.724 -9.835 -9.496 -9.638 -9.758 -9.857 -10.025 -9.602 -9.506 -9.659 -10.047 -10.216 -10.407 -9.692
1.1213 -8.974 -8.925 -9.0 -9.193 -9.335 -9.474 -9.113 -9.215 -9.337 -9.479 -9.62 -9.768 -9.21 -9.382 -9.554 -9.675 -9.786 -9.446 -9.589 -9.709 -9.808 -9.976 -9.552 -9.457 -9.61 -9.998 -10.167 -10.357 -9.642
1.1484 -8.925 -8.875 -8.95 -9.143 -9.286 -9.425 -9.064 -9.165 -9.288 -9.43 -9.57 -9.719 -9.16 -9.333 -9.505 -9.626 -9.736 -9.397 -9.539 -9.659 -9.758 -9.926 -9.503 -9.407 -9.56 -9.948 -10.118 -10.308 -9.593
1.1761 -8.872 -8.822 -8.897 -9.09 -9.233 -9.372 -9.011 -9.113 -9.235 -9.377 -9.517 -9.666 -9.108 -9.28 -9.452 -9.573 -9.683 -9.344 -9.486 -9.606 -9.705 -9.874 -9.45 -9.355 -9.507 -9.895 -10.065 -10.255 -9.54
1.2044 -8.815 -8.766 -8.841 -9.033 -9.176 -9.315 -8.954 -9.056 -9.178 -9.32 -9.461 -9.609 -9.051 -9.223 -9.395 -9.516 -9.627 -9.287 -9.43 -9.55 -9.649 -9.817 -9.393 -9.298 -9.451 -9.839 -10.008 -10.198 -9.483
1.2335 -8.758 -8.709 -8.784 -8.977 -9.119 -9.258 -8.897 -8.999 -9.122 -9.263 -9.404 -9.552 -8.994 -9.167 -9.339 -9.459 -9.57 -9.23 -9.373 -9.493 -9.592 -9.76 -9.336 -9.241 -9.394 -9.782 -9.951 -10.141 -9.426
1.2633 -8.702 -8.652 -8.727 -8.92 -9.062 -9.202 -8.841 -8.942 -9.065 -9.207 -9.347 -9.496 -8.937 -9.11 -9.282 -9.402 -9.513 -9.174 -9.316 -9.436 -9.535 -9.703 -9.28 -9.184 -9.337 -9.725 -9.894 -10.085 -9.37
1.2937 -8.645 -8.595 -8.67 -8.863 -9.006 -9.145 -8.784 -8.886 -9.008 -9.15 -9.29 -9.439 -8.881 -9.053 -9.225 -9.346 -9.456 -9.117 -9.259 -9.379 -9.478 -9.647 -9.223 -9.128 -9.28 -9.668 -9.838 -10.028 -9.313
