web/models/grb/onaxis/5/grb_0.0000_0.3728_0.0000025.dat
# %ECSV 1.0
# ---
# datatype:
# - {name: time, datatype: float64}
# - {name: swift_uvot_uvw2, datatype: float64}
# - {name: swift_uvot_uvm2, datatype: float64}
# - {name: swift_uvot_uvw1, datatype: float64}
# - {name: swift_uvot_U, datatype: float64}
# - {name: swift_uvot_B, datatype: float64}
# - {name: swift_uvot_V, datatype: float64}
# - {name: swift_uvot_W, datatype: float64}
# - {name: johnson_U, datatype: float64}
# - {name: johnson_B, datatype: float64}
# - {name: johnson_V, datatype: float64}
# - {name: johnson_R, datatype: float64}
# - {name: johnson_I, datatype: float64}
# - {name: sdss_u, datatype: float64}
# - {name: sdss_g, datatype: float64}
# - {name: sdss_r, datatype: float64}
# - {name: sdss_i, datatype: float64}
# - {name: sdss_z, datatype: float64}
# - {name: PS1_g, datatype: float64}
# - {name: PS1_r, datatype: float64}
# - {name: PS1_i, datatype: float64}
# - {name: PS1_z, datatype: float64}
# - {name: PS1_Y, datatype: float64}
# - {name: ukirt_J, datatype: float64}
# - {name: ukirt_H, datatype: float64}
# - {name: ukirt_K, datatype: float64}
# meta: !!omap
# - comment: [E = 0.000161764516425794, Eta0 = 8.02, GammaB = 12.0, dL = 0.012188, epsb = 6.760829753919819e-06, epse = 0.1, n = 2.5118864315095823e-06,
#     p = 2.15, theta_obs = 0.0, xiN = 1.0, z = 0.0, type = grb, E_kiso = 0.372759372031494]
# schema: astropy-2.0
time swift_uvot_uvw2 swift_uvot_uvm2 swift_uvot_uvw1 swift_uvot_U swift_uvot_B swift_uvot_V swift_uvot_W johnson_U johnson_B johnson_V johnson_R johnson_I sdss_u sdss_g sdss_r sdss_i sdss_z PS1_g PS1_r PS1_i PS1_z PS1_Y ukirt_J ukirt_H ukirt_K
[from data line 208]
1.4232 3.911 3.961 3.886 3.693 3.55 3.411 3.772 3.67 3.548 3.406 3.266 3.117 3.675 3.503 3.331 3.21 3.1 3.439 3.297 3.177 3.078 2.909 2.888 2.718 2.528
1.4575 3.941 3.991 3.916 3.723 3.58 3.441 3.802 3.7 3.578 3.436 3.296 3.147 3.705 3.533 3.361 3.24 3.13 3.469 3.327 3.207 3.108 2.939 2.918 2.748 2.558
1.4927 3.971 4.021 3.946 3.753 3.611 3.471 3.832 3.731 3.608 3.466 3.326 3.177 3.736 3.563 3.391 3.27 3.16 3.499 3.357 3.237 3.138 2.97 2.948 2.779 2.588
1.5287 4.001 4.051 3.976 3.783 3.641 3.501 3.862 3.761 3.638 3.496 3.356 3.207 3.766 3.593 3.421 3.301 3.19 3.529 3.387 3.267 3.168 3.0 2.978 2.809 2.618
1.5655 4.031 4.081 4.006 3.813 3.671 3.532 3.892 3.791 3.668 3.526 3.386 3.237 3.796 3.623 3.451 3.331 3.22 3.559 3.417 3.297 3.198 3.03 3.008 2.839 2.648
1.6033 4.062 4.111 4.036 3.843 3.701 3.562 3.922 3.821 3.698 3.556 3.416 3.267 3.826 3.653 3.481 3.361 3.25 3.589 3.447 3.327 3.228 3.06 3.038 2.869 2.678
1.642 4.092 4.141 4.066 3.873 3.731 3.592 3.953 3.851 3.728 3.587 3.446 3.297 3.856 3.683 3.511 3.391 3.28 3.62 3.477 3.357 3.258 3.09 3.068 2.899 2.708
1.6816 4.122 4.171 4.096 3.903 3.761 3.622 3.983 3.881 3.758 3.617 3.476 3.328 3.886 3.713 3.542 3.421 3.31 3.65 3.507 3.387 3.288 3.12 3.098 2.929 2.739
1.7222 4.152 4.202 4.127 3.934 3.791 3.652 4.013 3.911 3.789 3.647 3.507 3.358 3.916 3.744 3.572 3.451 3.341 3.68 3.537 3.418 3.319 3.15 3.129 2.959 2.769
1.7637 4.19 4.24 4.165 3.972 3.829 3.69 4.051 3.949 3.827 3.685 3.545 3.396 3.954 3.782 3.61 3.489 3.379 3.718 3.576 3.456 3.357 3.188 3.167 2.997 2.807
1.8062 4.228 4.278 4.203 4.01 3.867 3.728 4.089 3.987 3.865 3.723 3.583 3.434 3.992 3.82 3.648 3.527 3.417 3.756 3.614 3.494 3.395 3.226 3.205 3.035 2.845
1.8498 4.266 4.316 4.241 4.048 3.905 3.766 4.127 4.025 3.903 3.761 3.621 3.472 4.03 3.858 3.686 3.565 3.455 3.794 3.652 3.532 3.433 3.264 3.243 3.073 2.883
1.8944 4.304 4.354 4.279 4.086 3.943 3.804 4.165 4.063 3.941 3.799 3.659 3.51 4.068 3.896 3.724 3.603 3.493 3.832 3.69 3.57 3.471 3.302 3.281 3.111 2.921
1.9401 4.342 4.392 4.317 4.124 3.981 3.842 4.203 4.101 3.979 3.837 3.697 3.548 4.106 3.934 3.762 3.641 3.531 3.87 3.728 3.608 3.509 3.34 3.319 3.149 2.959
1.9869 4.38 4.43 4.355 4.162 4.019 3.88 4.241 4.139 4.017 3.875 3.735 3.586 4.145 3.972 3.8 3.679 3.569 3.908 3.766 3.646 3.547 3.378 3.357 3.187 2.997
2.0349 4.418 4.468 4.393 4.2 4.057 3.918 4.279 4.177 4.055 3.913 3.773 3.624 4.183 4.01 3.838 3.717 3.607 3.946 3.804 3.684 3.585 3.417 3.395 3.225 3.035
2.084 4.456 4.506 4.431 4.238 4.095 3.956 4.317 4.216 4.093 3.951 3.811 3.662 4.221 4.048 3.876 3.755 3.645 3.984 3.842 3.722 3.623 3.455 3.433 3.263 3.073
2.1342 4.494 4.544 4.469 4.276 4.134 3.994 4.355 4.254 4.131 3.989 3.849 3.7 4.259 4.086 3.914 3.793 3.683 4.022 3.88 3.76 3.661 3.493 3.471 3.302 3.111
2.1857 4.533 4.582 4.507 4.314 4.172 4.033 4.394 4.292 4.169 4.028 3.887 3.739 4.297 4.124 3.953 3.832 3.721 4.061 3.918 3.798 3.699 3.531 3.509 3.34 3.15
2.2384 4.572 4.622 4.547 4.354 4.212 4.073 4.433 4.332 4.209 4.067 3.927 3.778 4.337 4.164 3.992 3.872 3.761 4.1 3.958 3.838 3.739 3.571 3.549 3.38 3.189
2.2924 4.612 4.662 4.587 4.394 4.252 4.112 4.473 4.372 4.249 4.107 3.967 3.818 4.377 4.204 4.032 3.911 3.801 4.14 3.998 3.878 3.779 3.611 3.589 3.42 3.229
2.3477 4.652 4.702 4.627 4.434 4.291 4.152 4.513 4.411 4.289 4.147 4.007 3.858 4.416 4.244 4.072 3.951 3.841 4.18 4.037 3.918 3.819 3.65 3.629 3.459 3.269
2.4044 4.692 4.741 4.666 4.474 4.331 4.192 4.553 4.451 4.329 4.187 4.046 3.898 4.456 4.284 4.112 3.991 3.88 4.22 4.077 3.957 3.858 3.69 3.668 3.499 3.309
2.4624 4.732 4.781 4.706 4.513 4.371 4.232 4.593 4.491 4.369 4.227 4.086 3.938 4.496 4.323 4.152 4.031 3.92 4.26 4.117 3.997 3.898 3.73 3.708 3.539 3.349
2.5218 4.772 4.821 4.746 4.553 4.411 4.272 4.632 4.531 4.408 4.266 4.126 3.977 4.536 4.363 4.191 4.071 3.96 4.299 4.157 4.037 3.938 3.77 3.748 3.579 3.388
2.5826 4.811 4.861 4.786 4.593 4.451 4.311 4.672 4.571 4.448 4.306 4.166 4.017 4.576 4.403 4.231 4.11 4.0 4.339 4.197 4.077 3.978 3.81 3.788 3.619 3.428
2.6449 4.851 4.901 4.826 4.633 4.49 4.351 4.712 4.61 4.488 4.346 4.206 4.057 4.615 4.443 4.271 4.15 4.04 4.379 4.237 4.117 4.018 3.849 3.828 3.658 3.468
2.7087 4.891 4.94 4.866 4.673 4.53 4.391 4.752 4.65 4.528 4.386 4.245 4.097 4.655 4.483 4.311 4.19 4.079 4.419 4.276 4.157 4.058 3.889 3.868 3.698 3.508
2.7741 4.934 4.983 4.909 4.716 4.573 4.434 4.795 4.693 4.571 4.429 4.288 4.14 4.698 4.526 4.354 4.233 4.122 4.462 4.319 4.2 4.1 3.932 3.911 3.741 3.551
2.841 4.983 5.033 4.958 4.765 4.623 4.483 4.844 4.743 4.62 4.478 4.338 4.189 4.748 4.575 4.403 4.283 4.172 4.511 4.369 4.249 4.15 3.982 3.96 3.791 3.6
2.9095 5.033 5.082 5.007 4.814 4.672 4.533 4.894 4.792 4.67 4.528 4.387 4.239 4.797 4.625 4.453 4.332 4.221 4.561 4.418 4.298 4.199 4.031 4.009 3.84 3.65
2.9797 5.082 5.132 5.057 4.864 4.721 4.582 4.943 4.842 4.719 4.577 4.437 4.288 4.847 4.674 4.502 4.381 4.271 4.61 4.468 4.348 4.249 4.081 4.059 3.889 3.699
3.0516 5.132 5.181 5.106 4.913 4.771 4.632 4.993 4.891 4.769 4.627 4.486 4.338 4.896 4.723 4.552 4.431 4.32 4.66 4.517 4.397 4.298 4.13 4.108 3.939 3.749
3.1252 5.181 5.231 5.156 4.963 4.82 4.681 5.042 4.94 4.818 4.676 4.536 4.387 4.945 4.773 4.601 4.48 4.37 4.709 4.567 4.447 4.348 4.179 4.158 3.988 3.798
3.2006 5.231 5.28 5.205 5.012 4.87 4.731 5.091 4.99 4.867 4.726 4.585 4.436 4.995 4.822 4.65 4.53 4.419 4.759 4.616 4.496 4.397 4.229 4.207 4.038 3.847
3.2778 5.28 5.329 5.255 5.062 4.919 4.78 5.141 5.039 4.917 4.775 4.634 4.486 5.044 4.872 4.7 4.579 4.469 4.808 4.665 4.546 4.447 4.278 4.257 4.087 3.897
3.3569 5.329 5.379 5.304 5.111 4.969 4.83 5.19 5.089 4.966 4.824 4.684 4.535 5.094 4.921 4.749 4.629 4.518 4.857 4.715 4.595 4.496 4.328 4.306 4.137 3.946
3.4378 5.379 5.428 5.353 5.161 5.018 4.879 5.24 5.138 5.016 4.874 4.733 4.585 5.143 4.971 4.799 4.678 4.567 4.907 4.764 4.644 4.545 4.377 4.355 4.186 3.996
3.5208 5.432 5.481 5.406 5.213 5.071 4.932 5.293 5.191 5.069 4.927 4.786 4.638 5.196 5.023 4.852 4.731 4.62 4.96 4.817 4.697 4.598 4.43 4.408 4.239 4.049
3.6057 5.489 5.538 5.463 5.27 5.128 4.989 5.349 5.248 5.125 4.983 4.843 4.694 5.253 5.08 4.908 4.788 4.677 5.016 4.874 4.754 4.655 4.487 4.465 4.296 4.105
3.6927 5.545 5.595 5.52 5.327 5.184 5.045 5.406 5.305 5.182 5.04 4.9 4.751 5.31 5.137 4.965 4.844 4.734 5.073 4.931 4.811 4.712 4.544 4.522 4.352 4.162
3.7818 5.602 5.651 5.577 5.384 5.241 5.102 5.463 5.361 5.239 5.097 4.956 4.808 5.366 5.194 5.022 4.901 4.791 5.13 4.987 4.868 4.769 4.6 4.579 4.409 4.219
3.873 5.659 5.708 5.633 5.44 5.298 5.159 5.52 5.418 5.296 5.154 5.013 4.865 5.423 5.25 5.079 4.958 4.847 5.187 5.044 4.924 4.825 4.657 4.635 4.466 4.276
3.9664 5.715 5.765 5.69 5.497 5.355 5.216 5.576 5.475 5.352 5.21 5.07 4.921 5.48 5.307 5.135 5.015 4.904 5.243 5.101 4.981 4.882 4.714 4.692 4.523 4.332
4.0621 5.772 5.822 5.747 5.554 5.411 5.272 5.633 5.531 5.409 5.267 5.127 4.978 5.537 5.364 5.192 5.071 4.961 5.3 5.158 5.038 4.939 4.77 4.749 4.579 4.389
4.1601 5.829 5.878 5.804 5.611 5.468 5.329 5.69 5.588 5.466 5.324 5.183 5.035 5.593 5.421 5.249 5.128 5.017 5.357 5.214 5.095 4.996 4.827 4.806 4.636 4.446
4.2604 5.886 5.935 5.86 5.667 5.525 5.386 5.747 5.645 5.523 5.381 5.24 5.092 5.65 5.477 5.306 5.185 5.074 5.414 5.271 5.151 5.052 4.884 4.862 4.693 4.503
4.3632 5.942 5.992 5.917 5.724 5.582 5.443 5.803 5.702 5.579 5.437 5.297 5.148 5.707 5.534 5.362 5.242 5.131 5.47 5.328 5.208 5.109 4.941 4.919 4.75 4.559
4.4685 5.998 6.047 5.972 5.779 5.637 5.498 5.858 5.757 5.634 5.493 5.352 5.203 5.762 5.589 5.417 5.297 5.186 5.525 5.383 5.263 5.164 4.996 4.974 4.805 4.614
4.5763 6.052 6.101 6.026 5.833 5.691 5.552 5.913 5.811 5.688 5.547 5.406 5.258 5.816 5.643 5.471 5.351 5.24 5.58 5.437 5.317 5.218 5.05 5.028 4.859 4.668
4.6867 6.106 6.155 6.08 5.887 5.745 5.606 5.967 5.865 5.742 5.601 5.46 5.312 5.87 5.697 5.526 5.405 5.294 5.634 5.491 5.371 5.272 5.104 5.082 4.913 4.723
4.7997 6.16 6.209 6.134 5.941 5.799 5.66 6.021 5.919 5.797 5.655 5.514 5.366 5.924 5.751 5.58 5.459 5.348 5.688 5.545 5.425 5.326 5.158 5.136 4.967 4.777
4.9155 6.214 6.263 6.188 5.995 5.853 5.714 6.075 5.973 5.851 5.709 5.568 5.42 5.978 5.805 5.634 5.513 5.402 5.742 5.599 5.479 5.38 5.212 5.19 5.021 4.831
5.0341 6.268 6.317 6.242 6.049 5.907 5.768 6.129 6.027 5.905 5.763 5.622 5.474 6.032 5.859 5.688 5.567 5.456 5.796 5.653 5.533 5.434 5.266 5.244 5.075 4.885
5.1555 6.322 6.371 6.296 6.103 5.961 5.822 6.183 6.081 5.959 5.817 5.676 5.528 6.086 5.914 5.742 5.621 5.51 5.85 5.707 5.587 5.488 5.32 5.298 5.129 4.939
5.2799 6.376 6.425 6.35 6.158 6.015 5.876 6.237 6.135 6.013 5.871 5.73 5.582 6.14 5.968 5.796 5.675 5.564 5.904 5.761 5.641 5.542 5.374 5.352 5.183 4.993
5.4072 6.43 6.479 6.405 6.212 6.069 5.93 6.291 6.189 6.067 5.925 5.784 5.636 6.194 6.022 5.85 5.729 5.618 5.958 5.815 5.695 5.596 5.428 5.406 5.237 5.047
5.5377 6.484 6.533 6.459 6.266 6.123 5.984 6.345 6.243 6.121 5.979 5.838 5.69 6.248 6.076 5.904 5.783 5.672 6.012 5.869 5.75 5.651 5.482 5.461 5.291 5.101
5.6713 6.536 6.585 6.51 6.317 6.175 6.036 6.396 6.295 6.172 6.031 5.89 5.741 6.3 6.127 5.955 5.835 5.724 6.063 5.921 5.801 5.702 5.534 5.512 5.343 5.152
5.8081 6.586 6.636 6.561 6.368 6.226 6.086 6.447 6.346 6.223 6.081 5.941 5.792 6.351 6.178 6.006 5.886 5.775 6.114 5.972 5.852 5.753 5.585 5.563 5.394 5.203
5.9482 6.637 6.687 6.612 6.419 6.276 6.137 6.498 6.396 6.274 6.132 5.992 5.843 6.401 6.229 6.057 5.936 5.826 6.165 6.023 5.903 5.804 5.635 5.614 5.444 5.254
6.0917 6.688 6.737 6.663 6.47 6.327 6.188 6.549 6.447 6.325 6.183 6.042 5.894 6.452 6.28 6.108 5.987 5.876 6.216 6.073 5.953 5.854 5.686 5.664 5.495 5.305
6.2386 6.739 6.788 6.713 6.52 6.378 6.239 6.6 6.498 6.376 6.234 6.093 5.945 6.503 6.33 6.159 6.038 5.927 6.267 6.124 6.004 5.905 5.737 5.715 5.546 5.356
6.3891 6.79 6.839 6.764 6.571 6.429 6.29 6.65 6.549 6.426 6.284 6.144 5.995 6.554 6.381 6.209 6.089 5.978 6.317 6.175 6.055 5.956 5.788 5.766 5.597 5.406
6.5433 6.84 6.89 6.815 6.622 6.48 6.34 6.701 6.6 6.477 6.335 6.195 6.046 6.605 6.432 6.26 6.139 6.029 6.368 6.226 6.106 6.007 5.839 5.817 5.648 5.457
6.7011 6.891 6.941 6.866 6.673 6.53 6.391 6.752 6.65 6.528 6.386 6.246 6.097 6.655 6.483 6.311 6.19 6.08 6.419 6.276 6.157 6.058 5.889 5.868 5.698 5.508
6.8627 6.942 6.991 6.916 6.724 6.581 6.442 6.803 6.701 6.579 6.437 6.296 6.148 6.706 6.534 6.362 6.241 6.13 6.47 6.327 6.207 6.108 5.94 5.918 5.749 5.559
7.0283 6.993 7.042 6.967 6.774 6.632 6.493 6.854 6.752 6.63 6.488 6.347 6.199 6.757 6.584 6.413 6.292 6.181 6.521 6.378 6.258 6.159 5.991 5.969 5.8 5.61
7.1978 7.049 7.098 7.023 6.83 6.688 6.549 6.91 6.808 6.686 6.544 6.403 6.255 6.813 6.641 6.469 6.348 6.237 6.577 6.434 6.314 6.215 6.047 6.025 5.856 5.666
7.3715 7.106 7.155 7.08 6.887 6.745 6.606 6.966 6.865 6.742 6.601 6.46 6.311 6.87 6.697 6.525 6.405 6.294 6.633 6.491 6.371 6.272 6.104 6.082 5.913 5.722
7.5493 7.162 7.212 7.137 6.944 6.801 6.662 7.023 6.922 6.799 6.657 6.517 6.368 6.927 6.754 6.582 6.461 6.351 6.69 6.548 6.428 6.329 6.161 6.139 5.969 5.779
7.7314 7.219 7.268 7.194 7.001 6.858 6.719 7.08 6.978 6.856 6.714 6.573 6.425 6.983 6.811 6.639 6.518 6.408 6.747 6.604 6.485 6.386 6.217 6.196 6.026 5.836
7.9179 7.276 7.325 7.25 7.057 6.915 6.776 7.137 7.035 6.913 6.771 6.63 6.482 7.04 6.867 6.696 6.575 6.464 6.804 6.661 6.541 6.442 6.274 6.252 6.083 5.893
8.1089 7.332 7.382 7.307 7.114 6.972 6.833 7.193 7.092 6.969 6.827 6.687 6.538 7.097 6.924 6.752 6.632 6.521 6.86 6.718 6.598 6.499 6.331 6.309 6.14 5.949
8.3045 7.389 7.439 7.364 7.171 7.028 6.889 7.25 7.148 7.026 6.884 6.744 6.595 7.153 6.981 6.809 6.688 6.578 6.917 6.775 6.655 6.556 6.387 6.366 6.196 6.006
8.5049 7.446 7.495 7.42 7.227 7.085 6.946 7.307 7.205 7.083 6.941 6.8 6.652 7.21 7.038 6.866 6.745 6.634 6.974 6.831 6.711 6.612 6.444 6.422 6.253 6.063
8.71 7.503 7.552 7.477 7.284 7.142 7.003 7.363 7.262 7.139 6.998 6.857 6.708 7.267 7.094 6.922 6.802 6.691 7.031 6.888 6.768 6.669 6.501 6.479 6.31 6.119
8.9201 7.559 7.609 7.534 7.341 7.199 7.059 7.42 7.319 7.196 7.054 6.914 6.765 7.324 7.151 6.979 6.859 6.748 7.087 6.945 6.825 6.726 6.558 6.536 6.367 6.176
9.1353 7.617 7.667 7.592 7.399 7.257 7.118 7.478 7.377 7.254 7.112 6.972 6.823 7.382 7.209 7.037 6.917 6.806 7.145 7.003 6.883 6.784 6.616 6.594 6.425 6.234
9.3557 7.676 7.725 7.65 7.457 7.315 7.176 7.536 7.435 7.312 7.171 7.03 6.881 7.44 7.267 7.095 6.975 6.864 7.204 7.061 6.941 6.842 6.674 6.652 6.483 6.292
9.5814 7.734 7.783 7.708 7.515 7.373 7.234 7.595 7.493 7.371 7.229 7.088 6.94 7.498 7.325 7.154 7.033 6.922 7.262 7.119 6.999 6.9 6.732 6.71 6.541 6.351
9.8125 7.792 7.841 7.766 7.573 7.431 7.292 7.653 7.551 7.429 7.287 7.146 6.998 7.556 7.383 7.212 7.091 6.98 7.32 7.177 7.057 6.958 6.79 6.768 6.599 6.409
10.0492 7.85 7.899 7.824 7.632 7.489 7.35 7.711 7.609 7.487 7.345 7.204 7.056 7.614 7.442 7.27 7.149 7.038 7.378 7.235 7.115 7.016 6.848 6.826 6.657 6.467
10.2917 7.908 7.957 7.883 7.69 7.547 7.408 7.769 7.667 7.545 7.403 7.262 7.114 7.672 7.5 7.328 7.207 7.097 7.436 7.293 7.174 7.075 6.906 6.885 6.715 6.525
10.5399 7.966 8.016 7.941 7.748 7.605 7.466 7.827 7.725 7.603 7.461 7.321 7.172 7.73 7.558 7.386 7.265 7.155 7.494 7.351 7.232 7.133 6.964 6.943 6.773 6.583
10.7942 8.024 8.074 7.999 7.806 7.663 7.524 7.885 7.783 7.661 7.519 7.379 7.23 7.789 7.616 7.444 7.323 7.213 7.552 7.41 7.29 7.191 7.022 7.001 6.831 6.641
11.0546 8.082 8.132 8.057 7.864 7.722 7.582 7.943 7.842 7.719 7.577 7.437 7.288 7.847 7.674 7.502 7.381 7.271 7.61 7.468 7.348 7.249 7.081 7.059 6.89 6.699
11.3212 8.141 8.19 8.115 7.923 7.78 7.641 8.002 7.9 7.778 7.636 7.495 7.347 7.905 7.733 7.561 7.44 7.329 7.669 7.526 7.406 7.307 7.139 7.117 6.948 6.758
11.5943 8.201 8.251 8.176 7.983 7.841 7.702 8.062 7.961 7.838 7.696 7.556 7.407 7.966 7.793 7.621 7.501 7.39 7.729 7.587 7.467 7.368 7.2 7.178 7.009 6.818
11.874 8.262 8.311 8.237 8.044 7.901 7.762 8.123 8.021 7.899 7.757 7.616 7.468 8.026 7.854 7.682 7.561 7.45 7.79 7.647 7.527 7.428 7.26 7.238 7.069 6.879
12.1605 8.322 8.372 8.297 8.104 7.962 7.823 8.183 8.082 7.959 7.817 7.677 7.528 8.087 7.914 7.742 7.622 7.511 7.85 7.708 7.588 7.489 7.321 7.299 7.13 6.939
12.4538 8.383 8.432 8.358 8.165 8.022 7.883 8.244 8.142 8.02 7.878 7.737 7.589 8.147 7.975 7.803 7.682 7.571 7.911 7.768 7.649 7.549 7.381 7.36 7.19 7.0
12.7542 8.443 8.493 8.418 8.225 8.083 7.944 8.304 8.203 8.08 7.938 7.798 7.649 8.208 8.035 7.863 7.743 7.632 7.971 7.829 7.709 7.61 7.442 7.42 7.251 7.06
13.0619 8.504 8.553 8.479 8.286 8.143 8.004 8.365 8.263 8.141 7.999 7.858 7.71 8.268 8.096 7.924 7.803 7.693 8.032 7.889 7.77 7.671 7.502 7.481 7.311 7.121
13.377 8.565 8.614 8.539 8.346 8.204 8.065 8.425 8.324 8.201 8.059 7.919 7.77 8.329 8.156 7.984 7.864 7.753 8.092 7.95 7.83 7.731 7.563 7.541 7.372 7.181
13.6997 8.625 8.674 8.6 8.407 8.264 8.125 8.486 8.384 8.262 8.12 7.98 7.831 8.389 8.217 8.045 7.924 7.814 8.153 8.01 7.891 7.792 7.623 7.602 7.432 7.242
14.0302 8.686 8.735 8.66 8.467 8.325 8.186 8.546 8.445 8.322 8.18 8.04 7.891 8.45 8.277 8.105 7.985 7.874 8.213 8.071 7.951 7.852 7.684 7.662 7.493 7.302
14.3686 8.745 8.795 8.72 8.527 8.385 8.245 8.606 8.505 8.382 8.24 8.1 7.951 8.51 8.337 8.165 8.044 7.934 8.273 8.131 8.011 7.912 7.744 7.722 7.553 7.362
14.7153 8.804 8.853 8.778 8.585 8.443 8.304 8.665 8.563 8.44 8.299 8.158 8.01 8.568 8.395 8.224 8.103 7.992 8.332 8.189 8.069 7.97 7.802 7.78 7.611 7.421
15.0702 8.862 8.911 8.837 8.644 8.501 8.362 8.723 8.621 8.499 8.357 8.216 8.068 8.626 8.454 8.282 8.161 8.05 8.39 8.247 8.128 8.028 7.86 7.839 7.669 7.479
15.4338 8.92 8.97 8.895 8.702 8.56 8.42 8.781 8.68 8.557 8.415 8.275 8.126 8.685 8.512 8.34 8.219 8.109 8.448 8.306 8.186 8.087 7.919 7.897 7.728 7.537
15.8061 8.979 9.028 8.953 8.76 8.618 8.479 8.84 8.738 8.615 8.474 8.333 8.185 8.743 8.57 8.398 8.278 8.167 8.507 8.364 8.244 8.145 7.977 7.955 7.786 7.595
16.1874 9.037 9.086 9.012 8.819 8.676 8.537 8.898 8.796 8.674 8.532 8.391 8.243 8.801 8.629 8.457 8.336 8.225 8.565 8.422 8.302 8.203 8.035 8.013 7.844 7.654
