web/models/linear/7/-12_551_0_022.dat
# %ECSV 1.0
# ---
# datatype:
# - {name: time, datatype: float64}
# - {name: swift_uvot_uvw2, datatype: float64}
# - {name: swift_uvot_uvm2, datatype: float64}
# - {name: swift_uvot_uvw1, datatype: float64}
# - {name: swift_uvot_U, datatype: float64}
# - {name: swift_uvot_B, datatype: float64}
# - {name: swift_uvot_V, datatype: float64}
# - {name: swift_uvot_W, datatype: float64}
# - {name: johnson_U, datatype: float64}
# - {name: johnson_B, datatype: float64}
# - {name: johnson_V, datatype: float64}
# - {name: johnson_R, datatype: float64}
# - {name: johnson_I, datatype: float64}
# - {name: sdss_u, datatype: float64}
# - {name: sdss_g, datatype: float64}
# - {name: sdss_r, datatype: float64}
# - {name: sdss_i, datatype: float64}
# - {name: sdss_z, datatype: float64}
# - {name: PS1_g, datatype: float64}
# - {name: PS1_r, datatype: float64}
# - {name: PS1_i, datatype: float64}
# - {name: PS1_z, datatype: float64}
# - {name: PS1_Y, datatype: float64}
# - {name: PS1_w, datatype: float64}
# - {name: ATLAS_c, datatype: float64}
# - {name: ATLAS_o, datatype: float64}
# - {name: ukirt_J, datatype: float64}
# - {name: ukirt_H, datatype: float64}
# - {name: ukirt_K, datatype: float64}
# - {name: Clear, datatype: float64}
# meta: !!omap
# - comment: [M=-12.551020408163266, dM=0.022251494327866092]
# schema: astropy-2.0
time swift_uvot_uvw2 swift_uvot_uvm2 swift_uvot_uvw1 swift_uvot_U swift_uvot_B swift_uvot_V swift_uvot_W johnson_U johnson_B johnson_V johnson_R johnson_I sdss_u sdss_g sdss_r sdss_i sdss_z PS1_g PS1_r PS1_i PS1_z PS1_Y PS1_w ATLAS_c ATLAS_o ukirt_J ukirt_H ukirt_K Clear
[from data line 109]
8.21608040201005 -12.368200341700648 -12.368200341700648 -12.368200341700648 -12.368200341700648 -12.368200341700648 -12.368200341700648 -12.368200341700648 -12.368200341700648 -12.368200341700648 -12.368200341700648 -12.368200341700648 -12.368200341700648 -12.368200341700648 -12.368200341700648 -12.368200341700648 -12.368200341700648 -12.368200341700648 -12.368200341700648 -12.368200341700648 -12.368200341700648 -12.368200341700648 -12.368200341700648 -12.368200341700648 -12.368200341700648 -12.368200341700648 -12.368200341700648 -12.368200341700648 -12.368200341700648 -12.368200341700648
8.29145728643216 -12.366523093384476 -12.366523093384476 -12.366523093384476 -12.366523093384476 -12.366523093384476 -12.366523093384476 -12.366523093384476 -12.366523093384476 -12.366523093384476 -12.366523093384476 -12.366523093384476 -12.366523093384476 -12.366523093384476 -12.366523093384476 -12.366523093384476 -12.366523093384476 -12.366523093384476 -12.366523093384476 -12.366523093384476 -12.366523093384476 -12.366523093384476 -12.366523093384476 -12.366523093384476 -12.366523093384476 -12.366523093384476 -12.366523093384476 -12.366523093384476 -12.366523093384476 -12.366523093384476
8.36683417085427 -12.364845845068306 -12.364845845068306 -12.364845845068306 -12.364845845068306 -12.364845845068306 -12.364845845068306 -12.364845845068306 -12.364845845068306 -12.364845845068306 -12.364845845068306 -12.364845845068306 -12.364845845068306 -12.364845845068306 -12.364845845068306 -12.364845845068306 -12.364845845068306 -12.364845845068306 -12.364845845068306 -12.364845845068306 -12.364845845068306 -12.364845845068306 -12.364845845068306 -12.364845845068306 -12.364845845068306 -12.364845845068306 -12.364845845068306 -12.364845845068306 -12.364845845068306 -12.364845845068306
8.442211055276381 -12.363168596752136 -12.363168596752136 -12.363168596752136 -12.363168596752136 -12.363168596752136 -12.363168596752136 -12.363168596752136 -12.363168596752136 -12.363168596752136 -12.363168596752136 -12.363168596752136 -12.363168596752136 -12.363168596752136 -12.363168596752136 -12.363168596752136 -12.363168596752136 -12.363168596752136 -12.363168596752136 -12.363168596752136 -12.363168596752136 -12.363168596752136 -12.363168596752136 -12.363168596752136 -12.363168596752136 -12.363168596752136 -12.363168596752136 -12.363168596752136 -12.363168596752136 -12.363168596752136
8.517587939698492 -12.361491348435964 -12.361491348435964 -12.361491348435964 -12.361491348435964 -12.361491348435964 -12.361491348435964 -12.361491348435964 -12.361491348435964 -12.361491348435964 -12.361491348435964 -12.361491348435964 -12.361491348435964 -12.361491348435964 -12.361491348435964 -12.361491348435964 -12.361491348435964 -12.361491348435964 -12.361491348435964 -12.361491348435964 -12.361491348435964 -12.361491348435964 -12.361491348435964 -12.361491348435964 -12.361491348435964 -12.361491348435964 -12.361491348435964 -12.361491348435964 -12.361491348435964 -12.361491348435964
8.592964824120603 -12.359814100119793 -12.359814100119793 -12.359814100119793 -12.359814100119793 -12.359814100119793 -12.359814100119793 -12.359814100119793 -12.359814100119793 -12.359814100119793 -12.359814100119793 -12.359814100119793 -12.359814100119793 -12.359814100119793 -12.359814100119793 -12.359814100119793 -12.359814100119793 -12.359814100119793 -12.359814100119793 -12.359814100119793 -12.359814100119793 -12.359814100119793 -12.359814100119793 -12.359814100119793 -12.359814100119793 -12.359814100119793 -12.359814100119793 -12.359814100119793 -12.359814100119793 -12.359814100119793
8.668341708542712 -12.358136851803623 -12.358136851803623 -12.358136851803623 -12.358136851803623 -12.358136851803623 -12.358136851803623 -12.358136851803623 -12.358136851803623 -12.358136851803623 -12.358136851803623 -12.358136851803623 -12.358136851803623 -12.358136851803623 -12.358136851803623 -12.358136851803623 -12.358136851803623 -12.358136851803623 -12.358136851803623 -12.358136851803623 -12.358136851803623 -12.358136851803623 -12.358136851803623 -12.358136851803623 -12.358136851803623 -12.358136851803623 -12.358136851803623 -12.358136851803623 -12.358136851803623 -12.358136851803623
8.743718592964823 -12.356459603487451 -12.356459603487451 -12.356459603487451 -12.356459603487451 -12.356459603487451 -12.356459603487451 -12.356459603487451 -12.356459603487451 -12.356459603487451 -12.356459603487451 -12.356459603487451 -12.356459603487451 -12.356459603487451 -12.356459603487451 -12.356459603487451 -12.356459603487451 -12.356459603487451 -12.356459603487451 -12.356459603487451 -12.356459603487451 -12.356459603487451 -12.356459603487451 -12.356459603487451 -12.356459603487451 -12.356459603487451 -12.356459603487451 -12.356459603487451 -12.356459603487451 -12.356459603487451
8.819095477386934 -12.354782355171281 -12.354782355171281 -12.354782355171281 -12.354782355171281 -12.354782355171281 -12.354782355171281 -12.354782355171281 -12.354782355171281 -12.354782355171281 -12.354782355171281 -12.354782355171281 -12.354782355171281 -12.354782355171281 -12.354782355171281 -12.354782355171281 -12.354782355171281 -12.354782355171281 -12.354782355171281 -12.354782355171281 -12.354782355171281 -12.354782355171281 -12.354782355171281 -12.354782355171281 -12.354782355171281 -12.354782355171281 -12.354782355171281 -12.354782355171281 -12.354782355171281 -12.354782355171281
8.894472361809044 -12.35310510685511 -12.35310510685511 -12.35310510685511 -12.35310510685511 -12.35310510685511 -12.35310510685511 -12.35310510685511 -12.35310510685511 -12.35310510685511 -12.35310510685511 -12.35310510685511 -12.35310510685511 -12.35310510685511 -12.35310510685511 -12.35310510685511 -12.35310510685511 -12.35310510685511 -12.35310510685511 -12.35310510685511 -12.35310510685511 -12.35310510685511 -12.35310510685511 -12.35310510685511 -12.35310510685511 -12.35310510685511 -12.35310510685511 -12.35310510685511 -12.35310510685511 -12.35310510685511
8.969849246231155 -12.35142785853894 -12.35142785853894 -12.35142785853894 -12.35142785853894 -12.35142785853894 -12.35142785853894 -12.35142785853894 -12.35142785853894 -12.35142785853894 -12.35142785853894 -12.35142785853894 -12.35142785853894 -12.35142785853894 -12.35142785853894 -12.35142785853894 -12.35142785853894 -12.35142785853894 -12.35142785853894 -12.35142785853894 -12.35142785853894 -12.35142785853894 -12.35142785853894 -12.35142785853894 -12.35142785853894 -12.35142785853894 -12.35142785853894 -12.35142785853894 -12.35142785853894 -12.35142785853894
9.045226130653266 -12.349750610222769 -12.349750610222769 -12.349750610222769 -12.349750610222769 -12.349750610222769 -12.349750610222769 -12.349750610222769 -12.349750610222769 -12.349750610222769 -12.349750610222769 -12.349750610222769 -12.349750610222769 -12.349750610222769 -12.349750610222769 -12.349750610222769 -12.349750610222769 -12.349750610222769 -12.349750610222769 -12.349750610222769 -12.349750610222769 -12.349750610222769 -12.349750610222769 -12.349750610222769 -12.349750610222769 -12.349750610222769 -12.349750610222769 -12.349750610222769 -12.349750610222769 -12.349750610222769
9.120603015075377 -12.348073361906598 -12.348073361906598 -12.348073361906598 -12.348073361906598 -12.348073361906598 -12.348073361906598 -12.348073361906598 -12.348073361906598 -12.348073361906598 -12.348073361906598 -12.348073361906598 -12.348073361906598 -12.348073361906598 -12.348073361906598 -12.348073361906598 -12.348073361906598 -12.348073361906598 -12.348073361906598 -12.348073361906598 -12.348073361906598 -12.348073361906598 -12.348073361906598 -12.348073361906598 -12.348073361906598 -12.348073361906598 -12.348073361906598 -12.348073361906598 -12.348073361906598 -12.348073361906598
9.195979899497488 -12.346396113590426 -12.346396113590426 -12.346396113590426 -12.346396113590426 -12.346396113590426 -12.346396113590426 -12.346396113590426 -12.346396113590426 -12.346396113590426 -12.346396113590426 -12.346396113590426 -12.346396113590426 -12.346396113590426 -12.346396113590426 -12.346396113590426 -12.346396113590426 -12.346396113590426 -12.346396113590426 -12.346396113590426 -12.346396113590426 -12.346396113590426 -12.346396113590426 -12.346396113590426 -12.346396113590426 -12.346396113590426 -12.346396113590426 -12.346396113590426 -12.346396113590426 -12.346396113590426
9.271356783919597 -12.344718865274256 -12.344718865274256 -12.344718865274256 -12.344718865274256 -12.344718865274256 -12.344718865274256 -12.344718865274256 -12.344718865274256 -12.344718865274256 -12.344718865274256 -12.344718865274256 -12.344718865274256 -12.344718865274256 -12.344718865274256 -12.344718865274256 -12.344718865274256 -12.344718865274256 -12.344718865274256 -12.344718865274256 -12.344718865274256 -12.344718865274256 -12.344718865274256 -12.344718865274256 -12.344718865274256 -12.344718865274256 -12.344718865274256 -12.344718865274256 -12.344718865274256 -12.344718865274256
9.346733668341708 -12.343041616958086 -12.343041616958086 -12.343041616958086 -12.343041616958086 -12.343041616958086 -12.343041616958086 -12.343041616958086 -12.343041616958086 -12.343041616958086 -12.343041616958086 -12.343041616958086 -12.343041616958086 -12.343041616958086 -12.343041616958086 -12.343041616958086 -12.343041616958086 -12.343041616958086 -12.343041616958086 -12.343041616958086 -12.343041616958086 -12.343041616958086 -12.343041616958086 -12.343041616958086 -12.343041616958086 -12.343041616958086 -12.343041616958086 -12.343041616958086 -12.343041616958086 -12.343041616958086
9.422110552763819 -12.341364368641916 -12.341364368641916 -12.341364368641916 -12.341364368641916 -12.341364368641916 -12.341364368641916 -12.341364368641916 -12.341364368641916 -12.341364368641916 -12.341364368641916 -12.341364368641916 -12.341364368641916 -12.341364368641916 -12.341364368641916 -12.341364368641916 -12.341364368641916 -12.341364368641916 -12.341364368641916 -12.341364368641916 -12.341364368641916 -12.341364368641916 -12.341364368641916 -12.341364368641916 -12.341364368641916 -12.341364368641916 -12.341364368641916 -12.341364368641916 -12.341364368641916 -12.341364368641916
9.497487437185928 -12.339687120325744 -12.339687120325744 -12.339687120325744 -12.339687120325744 -12.339687120325744 -12.339687120325744 -12.339687120325744 -12.339687120325744 -12.339687120325744 -12.339687120325744 -12.339687120325744 -12.339687120325744 -12.339687120325744 -12.339687120325744 -12.339687120325744 -12.339687120325744 -12.339687120325744 -12.339687120325744 -12.339687120325744 -12.339687120325744 -12.339687120325744 -12.339687120325744 -12.339687120325744 -12.339687120325744 -12.339687120325744 -12.339687120325744 -12.339687120325744 -12.339687120325744 -12.339687120325744
9.572864321608039 -12.338009872009573 -12.338009872009573 -12.338009872009573 -12.338009872009573 -12.338009872009573 -12.338009872009573 -12.338009872009573 -12.338009872009573 -12.338009872009573 -12.338009872009573 -12.338009872009573 -12.338009872009573 -12.338009872009573 -12.338009872009573 -12.338009872009573 -12.338009872009573 -12.338009872009573 -12.338009872009573 -12.338009872009573 -12.338009872009573 -12.338009872009573 -12.338009872009573 -12.338009872009573 -12.338009872009573 -12.338009872009573 -12.338009872009573 -12.338009872009573 -12.338009872009573 -12.338009872009573
9.64824120603015 -12.336332623693403 -12.336332623693403 -12.336332623693403 -12.336332623693403 -12.336332623693403 -12.336332623693403 -12.336332623693403 -12.336332623693403 -12.336332623693403 -12.336332623693403 -12.336332623693403 -12.336332623693403 -12.336332623693403 -12.336332623693403 -12.336332623693403 -12.336332623693403 -12.336332623693403 -12.336332623693403 -12.336332623693403 -12.336332623693403 -12.336332623693403 -12.336332623693403 -12.336332623693403 -12.336332623693403 -12.336332623693403 -12.336332623693403 -12.336332623693403 -12.336332623693403 -12.336332623693403
9.72361809045226 -12.334655375377231 -12.334655375377231 -12.334655375377231 -12.334655375377231 -12.334655375377231 -12.334655375377231 -12.334655375377231 -12.334655375377231 -12.334655375377231 -12.334655375377231 -12.334655375377231 -12.334655375377231 -12.334655375377231 -12.334655375377231 -12.334655375377231 -12.334655375377231 -12.334655375377231 -12.334655375377231 -12.334655375377231 -12.334655375377231 -12.334655375377231 -12.334655375377231 -12.334655375377231 -12.334655375377231 -12.334655375377231 -12.334655375377231 -12.334655375377231 -12.334655375377231 -12.334655375377231
9.798994974874372 -12.332978127061061 -12.332978127061061 -12.332978127061061 -12.332978127061061 -12.332978127061061 -12.332978127061061 -12.332978127061061 -12.332978127061061 -12.332978127061061 -12.332978127061061 -12.332978127061061 -12.332978127061061 -12.332978127061061 -12.332978127061061 -12.332978127061061 -12.332978127061061 -12.332978127061061 -12.332978127061061 -12.332978127061061 -12.332978127061061 -12.332978127061061 -12.332978127061061 -12.332978127061061 -12.332978127061061 -12.332978127061061 -12.332978127061061 -12.332978127061061 -12.332978127061061 -12.332978127061061
9.874371859296481 -12.33130087874489 -12.33130087874489 -12.33130087874489 -12.33130087874489 -12.33130087874489 -12.33130087874489 -12.33130087874489 -12.33130087874489 -12.33130087874489 -12.33130087874489 -12.33130087874489 -12.33130087874489 -12.33130087874489 -12.33130087874489 -12.33130087874489 -12.33130087874489 -12.33130087874489 -12.33130087874489 -12.33130087874489 -12.33130087874489 -12.33130087874489 -12.33130087874489 -12.33130087874489 -12.33130087874489 -12.33130087874489 -12.33130087874489 -12.33130087874489 -12.33130087874489 -12.33130087874489
9.949748743718592 -12.329623630428719 -12.329623630428719 -12.329623630428719 -12.329623630428719 -12.329623630428719 -12.329623630428719 -12.329623630428719 -12.329623630428719 -12.329623630428719 -12.329623630428719 -12.329623630428719 -12.329623630428719 -12.329623630428719 -12.329623630428719 -12.329623630428719 -12.329623630428719 -12.329623630428719 -12.329623630428719 -12.329623630428719 -12.329623630428719 -12.329623630428719 -12.329623630428719 -12.329623630428719 -12.329623630428719 -12.329623630428719 -12.329623630428719 -12.329623630428719 -12.329623630428719 -12.329623630428719
10.025125628140703 -12.327946382112549 -12.327946382112549 -12.327946382112549 -12.327946382112549 -12.327946382112549 -12.327946382112549 -12.327946382112549 -12.327946382112549 -12.327946382112549 -12.327946382112549 -12.327946382112549 -12.327946382112549 -12.327946382112549 -12.327946382112549 -12.327946382112549 -12.327946382112549 -12.327946382112549 -12.327946382112549 -12.327946382112549 -12.327946382112549 -12.327946382112549 -12.327946382112549 -12.327946382112549 -12.327946382112549 -12.327946382112549 -12.327946382112549 -12.327946382112549 -12.327946382112549 -12.327946382112549
10.100502512562812 -12.326269133796378 -12.326269133796378 -12.326269133796378 -12.326269133796378 -12.326269133796378 -12.326269133796378 -12.326269133796378 -12.326269133796378 -12.326269133796378 -12.326269133796378 -12.326269133796378 -12.326269133796378 -12.326269133796378 -12.326269133796378 -12.326269133796378 -12.326269133796378 -12.326269133796378 -12.326269133796378 -12.326269133796378 -12.326269133796378 -12.326269133796378 -12.326269133796378 -12.326269133796378 -12.326269133796378 -12.326269133796378 -12.326269133796378 -12.326269133796378 -12.326269133796378 -12.326269133796378
