web/models/linear/7/-12_551_0_006.dat
# %ECSV 1.0
# ---
# datatype:
# - {name: time, datatype: float64}
# - {name: sdss_u, datatype: float64}
# - {name: sdss_g, datatype: float64}
# - {name: sdss_r, datatype: float64}
# - {name: sdss_i, datatype: float64}
# - {name: sdss_z, datatype: float64}
# - {name: Clear, datatype: float64}
# - {name: johnson_B, datatype: float64}
# - {name: johnson_V, datatype: float64}
# - {name: johnson_R, datatype: float64}
# - {name: johnson_I, datatype: float64}
# - {name: ukirt_J, datatype: float64}
# - {name: ukirt_H, datatype: float64}
# - {name: ukirt_K, datatype: float64}
# meta: !!omap
# - comment: [M=-12.551020408163266, dM=0.006433028999174784]
# schema: astropy-2.0
time sdss_u sdss_g sdss_r sdss_i sdss_z Clear johnson_B johnson_V johnson_R johnson_I ukirt_J ukirt_H ukirt_K
[from data line 175]
13.190954773869345 -12.466162613576161 -12.466162613576161 -12.466162613576161 -12.466162613576161 -12.466162613576161 -12.466162613576161 -12.466162613576161 -12.466162613576161 -12.466162613576161 -12.466162613576161 -12.466162613576161 -12.466162613576161 -12.466162613576161
13.266331658291456 -12.465677711892807 -12.465677711892807 -12.465677711892807 -12.465677711892807 -12.465677711892807 -12.465677711892807 -12.465677711892807 -12.465677711892807 -12.465677711892807 -12.465677711892807 -12.465677711892807 -12.465677711892807 -12.465677711892807
13.341708542713567 -12.465192810209452 -12.465192810209452 -12.465192810209452 -12.465192810209452 -12.465192810209452 -12.465192810209452 -12.465192810209452 -12.465192810209452 -12.465192810209452 -12.465192810209452 -12.465192810209452 -12.465192810209452 -12.465192810209452
13.417085427135678 -12.464707908526098 -12.464707908526098 -12.464707908526098 -12.464707908526098 -12.464707908526098 -12.464707908526098 -12.464707908526098 -12.464707908526098 -12.464707908526098 -12.464707908526098 -12.464707908526098 -12.464707908526098 -12.464707908526098
13.492462311557787 -12.464223006842742 -12.464223006842742 -12.464223006842742 -12.464223006842742 -12.464223006842742 -12.464223006842742 -12.464223006842742 -12.464223006842742 -12.464223006842742 -12.464223006842742 -12.464223006842742 -12.464223006842742 -12.464223006842742
13.567839195979898 -12.463738105159386 -12.463738105159386 -12.463738105159386 -12.463738105159386 -12.463738105159386 -12.463738105159386 -12.463738105159386 -12.463738105159386 -12.463738105159386 -12.463738105159386 -12.463738105159386 -12.463738105159386 -12.463738105159386
13.64321608040201 -12.463253203476032 -12.463253203476032 -12.463253203476032 -12.463253203476032 -12.463253203476032 -12.463253203476032 -12.463253203476032 -12.463253203476032 -12.463253203476032 -12.463253203476032 -12.463253203476032 -12.463253203476032 -12.463253203476032
13.718592964824118 -12.462768301792677 -12.462768301792677 -12.462768301792677 -12.462768301792677 -12.462768301792677 -12.462768301792677 -12.462768301792677 -12.462768301792677 -12.462768301792677 -12.462768301792677 -12.462768301792677 -12.462768301792677 -12.462768301792677
13.79396984924623 -12.462283400109323 -12.462283400109323 -12.462283400109323 -12.462283400109323 -12.462283400109323 -12.462283400109323 -12.462283400109323 -12.462283400109323 -12.462283400109323 -12.462283400109323 -12.462283400109323 -12.462283400109323 -12.462283400109323
13.86934673366834 -12.461798498425967 -12.461798498425967 -12.461798498425967 -12.461798498425967 -12.461798498425967 -12.461798498425967 -12.461798498425967 -12.461798498425967 -12.461798498425967 -12.461798498425967 -12.461798498425967 -12.461798498425967 -12.461798498425967
13.944723618090451 -12.461313596742613 -12.461313596742613 -12.461313596742613 -12.461313596742613 -12.461313596742613 -12.461313596742613 -12.461313596742613 -12.461313596742613 -12.461313596742613 -12.461313596742613 -12.461313596742613 -12.461313596742613 -12.461313596742613
14.020100502512562 -12.460828695059257 -12.460828695059257 -12.460828695059257 -12.460828695059257 -12.460828695059257 -12.460828695059257 -12.460828695059257 -12.460828695059257 -12.460828695059257 -12.460828695059257 -12.460828695059257 -12.460828695059257 -12.460828695059257
14.095477386934672 -12.460343793375904 -12.460343793375904 -12.460343793375904 -12.460343793375904 -12.460343793375904 -12.460343793375904 -12.460343793375904 -12.460343793375904 -12.460343793375904 -12.460343793375904 -12.460343793375904 -12.460343793375904 -12.460343793375904
14.170854271356783 -12.459858891692548 -12.459858891692548 -12.459858891692548 -12.459858891692548 -12.459858891692548 -12.459858891692548 -12.459858891692548 -12.459858891692548 -12.459858891692548 -12.459858891692548 -12.459858891692548 -12.459858891692548 -12.459858891692548
14.246231155778894 -12.459373990009194 -12.459373990009194 -12.459373990009194 -12.459373990009194 -12.459373990009194 -12.459373990009194 -12.459373990009194 -12.459373990009194 -12.459373990009194 -12.459373990009194 -12.459373990009194 -12.459373990009194 -12.459373990009194
14.321608040201003 -12.458889088325838 -12.458889088325838 -12.458889088325838 -12.458889088325838 -12.458889088325838 -12.458889088325838 -12.458889088325838 -12.458889088325838 -12.458889088325838 -12.458889088325838 -12.458889088325838 -12.458889088325838 -12.458889088325838
14.396984924623114 -12.458404186642483 -12.458404186642483 -12.458404186642483 -12.458404186642483 -12.458404186642483 -12.458404186642483 -12.458404186642483 -12.458404186642483 -12.458404186642483 -12.458404186642483 -12.458404186642483 -12.458404186642483 -12.458404186642483
14.472361809045225 -12.457919284959129 -12.457919284959129 -12.457919284959129 -12.457919284959129 -12.457919284959129 -12.457919284959129 -12.457919284959129 -12.457919284959129 -12.457919284959129 -12.457919284959129 -12.457919284959129 -12.457919284959129 -12.457919284959129
14.547738693467336 -12.457434383275773 -12.457434383275773 -12.457434383275773 -12.457434383275773 -12.457434383275773 -12.457434383275773 -12.457434383275773 -12.457434383275773 -12.457434383275773 -12.457434383275773 -12.457434383275773 -12.457434383275773 -12.457434383275773
14.623115577889447 -12.456949481592419 -12.456949481592419 -12.456949481592419 -12.456949481592419 -12.456949481592419 -12.456949481592419 -12.456949481592419 -12.456949481592419 -12.456949481592419 -12.456949481592419 -12.456949481592419 -12.456949481592419 -12.456949481592419
14.698492462311556 -12.456464579909063 -12.456464579909063 -12.456464579909063 -12.456464579909063 -12.456464579909063 -12.456464579909063 -12.456464579909063 -12.456464579909063 -12.456464579909063 -12.456464579909063 -12.456464579909063 -12.456464579909063 -12.456464579909063
14.773869346733667 -12.45597967822571 -12.45597967822571 -12.45597967822571 -12.45597967822571 -12.45597967822571 -12.45597967822571 -12.45597967822571 -12.45597967822571 -12.45597967822571 -12.45597967822571 -12.45597967822571 -12.45597967822571 -12.45597967822571
14.849246231155778 -12.455494776542354 -12.455494776542354 -12.455494776542354 -12.455494776542354 -12.455494776542354 -12.455494776542354 -12.455494776542354 -12.455494776542354 -12.455494776542354 -12.455494776542354 -12.455494776542354 -12.455494776542354 -12.455494776542354
14.924623115577887 -12.455009874859 -12.455009874859 -12.455009874859 -12.455009874859 -12.455009874859 -12.455009874859 -12.455009874859 -12.455009874859 -12.455009874859 -12.455009874859 -12.455009874859 -12.455009874859 -12.455009874859
15.0 -12.454524973175644 -12.454524973175644 -12.454524973175644 -12.454524973175644 -12.454524973175644 -12.454524973175644 -12.454524973175644 -12.454524973175644 -12.454524973175644 -12.454524973175644 -12.454524973175644 -12.454524973175644 -12.454524973175644
