web/models/grb/offaxis/26/grb_0.2967_0.0100_0.0039811.dat
# %ECSV 1.0
# ---
# datatype:
# - {name: time, datatype: float64}
# - {name: swift_uvot_uvw2, datatype: float64}
# - {name: swift_uvot_uvm2, datatype: float64}
# - {name: swift_uvot_uvw1, datatype: float64}
# - {name: swift_uvot_U, datatype: float64}
# - {name: swift_uvot_B, datatype: float64}
# - {name: swift_uvot_V, datatype: float64}
# - {name: swift_uvot_W, datatype: float64}
# - {name: johnson_U, datatype: float64}
# - {name: johnson_B, datatype: float64}
# - {name: johnson_V, datatype: float64}
# - {name: johnson_R, datatype: float64}
# - {name: johnson_I, datatype: float64}
# - {name: sdss_u, datatype: float64}
# - {name: sdss_g, datatype: float64}
# - {name: sdss_r, datatype: float64}
# - {name: sdss_i, datatype: float64}
# - {name: sdss_z, datatype: float64}
# - {name: PS1_g, datatype: float64}
# - {name: PS1_r, datatype: float64}
# - {name: PS1_i, datatype: float64}
# - {name: PS1_z, datatype: float64}
# - {name: PS1_Y, datatype: float64}
# - {name: PS1_w, datatype: float64}
# - {name: ATLAS_c, datatype: float64}
# - {name: ATLAS_o, datatype: float64}
# - {name: ukirt_J, datatype: float64}
# - {name: ukirt_H, datatype: float64}
# - {name: ukirt_K, datatype: float64}
# - {name: Clear, datatype: float64}
# meta: !!omap
# - comment: [E = 4.339649880409358e-06, Eta0 = 8.02, GammaB = 12.0, dL = 0.012188, epsb = 6.760829753919819e-06, epse = 0.1, n = 0.003981071705534973,
#     p = 2.15, theta_obs = 0.29670597283903605, xiN = 1.0, z = 0.0, type = grb, E_kiso = 0.01]
# schema: astropy-2.0
time swift_uvot_uvw2 swift_uvot_uvm2 swift_uvot_uvw1 swift_uvot_U swift_uvot_B swift_uvot_V swift_uvot_W johnson_U johnson_B johnson_V johnson_R johnson_I sdss_u sdss_g sdss_r sdss_i sdss_z PS1_g PS1_r PS1_i PS1_z PS1_Y PS1_w ATLAS_c ATLAS_o ukirt_J ukirt_H ukirt_K Clear
[from data line 268]
5.9482 11.613 11.662 11.587 11.394 11.252 11.113 11.474 11.372 11.25 11.108 10.967 10.819 11.377 11.205 11.033 10.912 10.801 11.141 10.998 10.878 10.779 10.611 11.035 11.13 10.977 10.589 10.42 10.23 10.945
6.0917 11.667 11.716 11.642 11.449 11.306 11.167 11.528 11.426 11.304 11.162 11.022 10.873 11.431 11.259 11.087 10.966 10.856 11.195 11.052 10.933 10.834 10.665 11.089 11.184 11.032 10.644 10.474 10.284 10.999
6.2386 11.718 11.767 11.692 11.499 11.357 11.218 11.579 11.477 11.354 11.213 11.072 10.923 11.482 11.309 11.137 11.017 10.906 11.246 11.103 10.983 10.884 10.716 11.14 11.235 11.082 10.694 10.525 10.334 11.049
6.3891 11.766 11.816 11.741 11.548 11.406 11.267 11.627 11.526 11.403 11.261 11.121 10.972 11.531 11.358 11.186 11.066 10.955 11.294 11.152 11.032 10.933 10.765 11.189 11.284 11.131 10.743 10.574 10.383 11.098
6.5433 11.815 11.865 11.79 11.597 11.455 11.315 11.676 11.575 11.452 11.31 11.17 11.021 11.58 11.407 11.235 11.114 11.004 11.343 11.201 11.081 10.982 10.814 11.237 11.333 11.18 10.792 10.623 10.432 11.147
6.7011 11.864 11.914 11.839 11.646 11.503 11.364 11.725 11.623 11.501 11.359 11.219 11.07 11.628 11.456 11.284 11.163 11.053 11.392 11.25 11.13 11.031 10.862 11.286 11.381 11.229 10.841 10.671 10.481 11.196
6.8627 11.913 11.962 11.888 11.695 11.552 11.413 11.774 11.672 11.55 11.408 11.267 11.119 11.677 11.505 11.333 11.212 11.102 11.441 11.298 11.179 11.08 10.911 11.335 11.43 11.278 10.89 10.72 10.53 11.245
7.0283 11.962 12.011 11.936 11.744 11.601 11.462 11.823 11.721 11.599 11.457 11.316 11.168 11.726 11.554 11.382 11.261 11.15 11.49 11.347 11.227 11.128 10.96 11.384 11.479 11.326 10.938 10.769 10.579 11.294
7.1978 12.011 12.06 11.985 11.792 11.65 11.511 11.872 11.77 11.648 11.506 11.365 11.217 11.775 11.602 11.431 11.31 11.199 11.539 11.396 11.276 11.177 11.009 11.433 11.528 11.375 10.987 10.818 10.628 11.343
7.3715 12.06 12.109 12.034 11.841 11.699 11.56 11.921 11.819 11.696 11.555 11.414 11.265 11.824 11.651 11.479 11.359 11.248 11.588 11.445 11.325 11.226 11.058 11.482 11.577 11.424 11.036 10.867 10.676 11.391
7.5493 12.108 12.158 12.083 11.89 11.748 11.609 11.969 11.868 11.745 11.603 11.463 11.314 11.873 11.7 11.528 11.408 11.297 11.636 11.494 11.374 11.275 11.107 11.531 11.626 11.473 11.085 10.916 10.725 11.44
7.7314 12.157 12.207 12.132 11.939 11.797 11.657 12.018 11.917 11.794 11.652 11.512 11.363 11.922 11.749 11.577 11.456 11.346 11.685 11.543 11.423 11.324 11.156 11.579 11.675 11.522 11.134 10.965 10.774 11.489
7.9179 12.203 12.252 12.177 11.984 11.842 11.703 12.064 11.962 11.84 11.698 11.557 11.409 11.967 11.795 11.623 11.502 11.391 11.731 11.588 11.468 11.369 11.201 11.625 11.72 11.567 11.179 11.01 10.82 11.535
8.1089 12.248 12.297 12.222 12.029 11.887 11.748 12.109 12.007 11.884 11.743 11.602 11.453 12.012 11.839 11.667 11.547 11.436 11.776 11.633 11.513 11.414 11.246 11.67 11.765 11.612 11.224 11.055 10.864 11.579
8.3045 12.292 12.342 12.267 12.074 11.932 11.792 12.153 12.052 11.929 11.787 11.647 11.498 12.057 11.884 11.712 11.592 11.481 11.82 11.678 11.558 11.459 11.291 11.715 11.81 11.657 11.269 11.1 10.909 11.624
8.5049 12.337 12.387 12.312 12.119 11.976 11.837 12.198 12.096 11.974 11.832 11.692 11.543 12.101 11.929 11.757 11.636 11.526 11.865 11.723 11.603 11.504 11.335 11.759 11.854 11.702 11.314 11.144 10.954 11.669
8.71 12.382 12.431 12.357 12.164 12.021 11.882 12.243 12.141 12.019 11.877 11.736 11.588 12.146 11.974 11.802 11.681 11.57 11.91 11.767 11.648 11.549 11.38 11.804 11.899 11.746 11.359 11.189 10.999 11.714
8.9201 12.427 12.476 12.401 12.208 12.066 11.927 12.288 12.186 12.064 11.922 11.781 11.633 12.191 12.018 11.847 11.726 11.615 11.955 11.812 11.692 11.593 11.425 11.849 11.944 11.791 11.403 11.234 11.044 11.759
9.1353 12.472 12.521 12.446 12.253 12.111 11.972 12.332 12.231 12.108 11.967 11.826 11.677 12.236 12.063 11.891 11.771 11.66 12.0 11.857 11.737 11.638 11.47 11.894 11.989 11.836 11.448 11.279 11.088 11.803
9.3557 12.516 12.566 12.491 12.298 12.156 12.016 12.377 12.276 12.153 12.011 11.871 11.722 12.281 12.108 11.936 11.816 11.705 12.044 11.902 11.782 11.683 11.515 11.938 12.034 11.881 11.493 11.324 11.133 11.848
9.5814 12.561 12.611 12.536 12.343 12.2 12.061 12.422 12.32 12.198 12.056 11.916 11.767 12.325 12.153 11.981 11.86 11.75 12.089 11.947 11.827 11.728 11.559 11.983 12.078 11.926 11.538 11.368 11.178 11.893
9.8125 12.606 12.655 12.581 12.388 12.245 12.106 12.467 12.365 12.243 12.101 11.96 11.812 12.37 12.198 12.026 11.905 11.794 12.134 11.991 11.871 11.772 11.604 12.028 12.123 11.97 11.582 11.413 11.223 11.938
10.0492 12.649 12.698 12.623 12.43 12.288 12.149 12.51 12.408 12.285 12.144 12.003 11.855 12.413 12.24 12.068 11.948 11.837 12.177 12.034 11.914 11.815 11.647 12.071 12.166 12.013 11.625 11.456 11.266 11.981
10.2917 12.691 12.741 12.666 12.473 12.331 12.191 12.552 12.451 12.328 12.186 12.046 11.897 12.456 12.283 12.111 11.99 11.88 12.219 12.077 11.957 11.858 11.69 12.113 12.209 12.056 11.668 11.499 11.308 12.023
10.5399 12.734 12.783 12.709 12.516 12.373 12.234 12.595 12.493 12.371 12.229 12.088 11.94 12.498 12.326 12.154 12.033 11.922 12.262 12.119 11.999 11.9 11.732 12.156 12.251 12.098 11.71 11.541 11.351 12.066
10.7942 12.777 12.826 12.751 12.558 12.416 12.277 12.637 12.536 12.413 12.272 12.131 11.982 12.541 12.368 12.196 12.076 11.965 12.305 12.162 12.042 11.943 11.775 12.199 12.294 12.141 11.753 11.584 11.393 12.108
11.0546 12.819 12.869 12.794 12.601 12.458 12.319 12.68 12.578 12.456 12.314 12.174 12.025 12.583 12.411 12.239 12.118 12.008 12.347 12.205 12.085 11.986 11.817 12.241 12.336 12.184 11.796 11.626 11.436 12.151
11.3212 12.862 12.911 12.836 12.643 12.501 12.362 12.723 12.621 12.499 12.357 12.216 12.068 12.626 12.454 12.282 12.161 12.05 12.39 12.247 12.127 12.028 11.86 12.284 12.379 12.226 11.838 11.669 11.479 12.194
11.5943 12.904 12.954 12.879 12.686 12.544 12.405 12.765 12.664 12.541 12.399 12.259 12.11 12.669 12.496 12.324 12.204 12.093 12.432 12.29 12.17 12.071 11.903 12.327 12.422 12.269 11.881 11.712 11.521 12.236
11.874 12.947 12.997 12.922 12.729 12.586 12.447 12.808 12.706 12.584 12.442 12.302 12.153 12.711 12.539 12.367 12.246 12.136 12.475 12.332 12.213 12.114 11.945 12.369 12.464 12.312 11.924 11.754 11.564 12.279
12.1605 12.99 13.039 12.964 12.771 12.629 12.49 12.851 12.749 12.627 12.485 12.344 12.196 12.754 12.581 12.41 12.289 12.178 12.518 12.375 12.255 12.156 11.988 12.412 12.507 12.354 11.966 11.797 11.607 12.322
12.4538 13.032 13.082 13.007 12.814 12.671 12.532 12.893 12.791 12.669 12.527 12.387 12.238 12.796 12.624 12.452 12.331 12.221 12.56 12.418 12.298 12.199 12.03 12.454 12.549 12.397 12.009 11.839 11.649 12.364
12.7542 13.073 13.122 13.048 12.855 12.712 12.573 12.934 12.832 12.71 12.568 12.427 12.279 12.837 12.665 12.493 12.372 12.261 12.601 12.458 12.338 12.239 12.071 12.495 12.59 12.437 12.049 11.88 11.69 12.405
13.0619 13.114 13.163 13.088 12.895 12.753 12.614 12.975 12.873 12.75 12.609 12.468 12.32 12.878 12.705 12.534 12.413 12.302 12.642 12.499 12.379 12.28 12.112 12.536 12.631 12.478 12.09 11.921 11.731 12.446
13.377 13.154 13.204 13.129 12.936 12.794 12.655 13.015 12.914 12.791 12.649 12.509 12.36 12.919 12.746 12.574 12.454 12.343 12.682 12.54 12.42 12.321 12.153 12.577 12.672 12.519 12.131 11.962 11.771 12.486
13.6997 13.195 13.245 13.17 12.977 12.834 12.695 13.056 12.954 12.832 12.69 12.55 12.401 12.959 12.787 12.615 12.494 12.384 12.723 12.581 12.461 12.362 12.193 12.617 12.712 12.56 12.172 12.002 11.812 12.527
14.0302 13.236 13.285 13.211 13.018 12.875 12.736 13.097 12.995 12.873 12.731 12.59 12.442 13.0 12.828 12.656 12.535 12.424 12.764 12.621 12.501 12.402 12.234 12.658 12.753 12.6 12.212 12.043 11.853 12.568
14.3686 13.277 13.326 13.251 13.058 12.916 12.777 13.138 13.036 12.913 12.772 12.631 12.483 13.041 12.868 12.697 12.576 12.465 12.805 12.662 12.542 12.443 12.275 12.699 12.794 12.641 12.253 12.084 11.894 12.609
14.7153 13.317 13.367 13.292 13.099 12.957 12.818 13.178 13.077 12.954 12.812 12.672 12.523 13.082 12.909 12.737 12.617 12.506 12.845 12.703 12.583 12.484 12.316 12.74 12.835 12.682 12.294 12.125 11.934 12.649
15.0702 13.358 13.408 13.333 13.14 12.997 12.858 13.219 13.117 12.995 12.853 12.713 12.564 13.122 12.95 12.778 12.657 12.547 12.886 12.744 12.624 12.525 12.356 12.78 12.875 12.723 12.335 12.165 11.975 12.69
15.4338 13.399 13.448 13.373 13.181 13.038 12.899 13.26 13.158 13.036 12.894 12.753 12.605 13.163 12.991 12.819 12.698 12.587 12.927 12.784 12.664 12.565 12.397 12.821 12.916 12.763 12.375 12.206 12.016 12.731
15.8061 13.438 13.488 13.413 13.22 13.078 12.939 13.299 13.198 13.075 12.933 12.793 12.644 13.203 13.03 12.858 12.738 12.627 12.966 12.824 12.704 12.605 12.437 12.861 12.956 12.803 12.415 12.246 12.055 12.77
16.1874 13.475 13.524 13.449 13.256 13.114 12.975 13.336 13.234 13.112 12.97 12.829 12.681 13.239 13.067 12.895 12.774 12.663 13.003 12.86 12.74 12.641 12.473 12.897 12.992 12.839 12.451 12.282 12.092 12.807
16.5779 13.511 13.561 13.486 13.293 13.15 13.011 13.372 13.27 13.148 13.006 12.866 12.717 13.275 13.103 12.931 12.81 12.7 13.039 12.897 12.777 12.678 12.509 12.933 13.028 12.876 12.488 12.318 12.128 12.843
16.9778 13.547 13.597 13.522 13.329 13.187 13.048 13.408 13.307 13.184 13.042 12.902 12.753 13.312 13.139 12.967 12.847 12.736 13.075 12.933 12.813 12.714 12.546 12.97 13.065 12.912 12.524 12.355 12.164 12.879
17.3873 13.584 13.633 13.558 13.365 13.223 13.084 13.445 13.343 13.221 13.079 12.938 12.79 13.348 13.175 13.004 12.883 12.772 13.112 12.969 12.849 12.75 12.582 13.006 13.101 12.948 12.56 12.391 12.201 12.916
17.8068 13.62 13.67 13.595 13.402 13.259 13.12 13.481 13.379 13.257 13.115 12.975 12.826 13.384 13.212 13.04 12.919 12.809 13.148 13.005 12.886 12.787 12.618 13.042 13.137 12.985 12.597 12.427 12.237 12.952
18.2363 13.656 13.706 13.631 13.438 13.296 13.157 13.517 13.416 13.293 13.151 13.011 12.862 13.421 13.248 13.076 12.956 12.845 13.184 13.042 12.922 12.823 12.655 13.079 13.174 13.021 12.633 12.464 12.273 12.988
18.6762 13.693 13.742 13.667 13.474 13.332 13.193 13.554 13.452 13.33 13.188 13.047 12.899 13.457 13.284 13.113 12.992 12.881 13.221 13.078 12.958 12.859 12.691 13.115 13.21 13.057 12.669 12.5 12.31 13.025
19.1268 13.729 13.779 13.704 13.511 13.368 13.229 13.59 13.488 13.366 13.224 13.084 12.935 13.493 13.321 13.149 13.028 12.918 13.257 13.114 12.995 12.896 12.727 13.151 13.246 13.094 12.706 12.536 12.346 13.061
19.5882 13.765 13.815 13.74 13.547 13.405 13.266 13.626 13.525 13.402 13.26 13.12 12.971 13.53 13.357 13.185 13.065 12.954 13.293 13.151 13.031 12.932 12.764 13.188 13.283 13.13 12.742 12.573 12.382 13.097
20.0607 13.801 13.851 13.776 13.583 13.44 13.301 13.662 13.56 13.438 13.296 13.156 13.007 13.565 13.393 13.221 13.1 12.99 13.329 13.186 13.067 12.968 12.799 13.223 13.318 13.166 12.778 12.608 12.418 13.133
20.5446 13.836 13.885 13.81 13.617 13.475 13.336 13.697 13.595 13.473 13.331 13.19 13.042 13.6 13.427 13.256 13.135 13.024 13.364 13.221 13.101 13.002 12.834 13.258 13.353 13.2 12.812 12.643 12.453 13.168
21.0402 13.87 13.92 13.845 13.652 13.51 13.371 13.731 13.63 13.507 13.365 13.225 13.076 13.635 13.462 13.29 13.17 13.059 13.398 13.256 13.136 13.037 12.869 13.293 13.388 13.235 12.847 12.678 12.487 13.202
21.5478 13.905 13.955 13.88 13.687 13.544 13.405 13.766 13.664 13.542 13.4 13.26 13.111 13.669 13.497 13.325 13.204 13.094 13.433 13.29 13.171 13.072 12.903 13.327 13.422 13.27 12.882 12.712 12.522 13.237
22.0676 13.94 13.989 13.914 13.721 13.579 13.44 13.801 13.699 13.577 13.435 13.294 13.146 13.704 13.531 13.36 13.239 13.128 13.468 13.325 13.205 13.106 12.938 13.362 13.457 13.304 12.916 12.747 12.557 13.272
22.5999 13.974 14.024 13.949 13.756 13.614 13.475 13.835 13.734 13.611 13.469 13.329 13.18 13.739 13.566 13.394 13.274 13.163 13.502 13.36 13.24 13.141 12.973 13.397 13.492 13.339 12.951 12.782 12.591 13.306
23.1451 14.009 14.059 13.984 13.791 13.648 13.509 13.87 13.768 13.646 13.504 13.364 13.215 13.773 13.601 13.429 13.308 13.198 13.537 13.394 13.275 13.176 13.007 13.431 13.526 13.374 12.986 12.816 12.626 13.341
23.7034 14.044 14.093 14.018 13.825 13.683 13.544 13.905 13.803 13.681 13.539 13.398 13.25 13.808 13.635 13.464 13.343 13.232 13.572 13.429 13.309 13.21 13.042 13.466 13.561 13.408 13.02 12.851 12.661 13.376
24.2752 14.078 14.128 14.053 13.86 13.718 13.579 13.939 13.838 13.715 13.573 13.433 13.284 13.843 13.67 13.498 13.378 13.267 13.606 13.464 13.344 13.245 13.077 13.501 13.596 13.443 13.055 12.886 12.695 13.41
24.8608 14.113 14.163 14.088 13.895 13.752 13.613 13.974 13.872 13.75 13.608 13.468 13.319 13.877 13.705 13.533 13.412 13.302 13.641 13.499 13.379 13.28 13.111 13.535 13.63 13.478 13.09 12.92 12.73 13.445
25.4606 14.147 14.196 14.121 13.928 13.786 13.647 14.008 13.906 13.783 13.642 13.501 13.353 13.911 13.738 13.566 13.446 13.335 13.675 13.532 13.412 13.313 13.145 13.569 13.664 13.511 13.123 12.954 12.764 13.479
26.0748 14.179 14.229 14.154 13.961 13.818 13.679 14.04 13.938 13.816 13.674 13.534 13.385 13.943 13.771 13.599 13.478 13.368 13.707 13.565 13.445 13.346 13.177 13.601 13.696 13.544 13.156 12.986 12.796 13.511
26.7038 14.212 14.261 14.186 13.993 13.851 13.712 14.073 13.971 13.849 13.707 13.566 13.418 13.976 13.803 13.632 13.511 13.4 13.74 13.597 13.477 13.378 13.21 13.634 13.729 13.576 13.188 13.019 12.829 13.544
27.3479 14.244 14.294 14.219 14.026 13.883 13.744 14.105 14.003 13.881 13.739 13.599 13.45 14.009 13.836 13.664 13.543 13.433 13.772 13.63 13.51 13.411 13.242 13.666 13.762 13.609 13.221 13.051 12.861 13.576
28.0077 14.277 14.326 14.251 14.058 13.916 13.777 14.138 14.036 13.914 13.772 13.631 13.483 14.041 13.868 13.697 13.576 13.465 13.805 13.662 13.542 13.443 13.275 13.699 13.794 13.641 13.253 13.084 12.894 13.609
28.6833 14.309 14.359 14.284 14.091 13.949 13.809 14.17 14.069 13.946 13.804 13.664 13.515 14.074 13.901 13.729 13.608 13.498 13.837 13.695 13.575 13.476 13.308 13.731 13.827 13.674 13.286 13.117 12.926 13.641
29.3752 14.342 14.391 14.316 14.123 13.981 13.842 14.203 14.101 13.979 13.837 13.696 13.548 14.106 13.934 13.762 13.641 13.53 13.87 13.727 13.607 13.508 13.34 13.764 13.859 13.706 13.318 13.149 12.959 13.674
30.0838 14.374 14.424 14.349 14.156 14.014 13.874 14.235 14.134 14.011 13.869 13.729 13.58 14.139 13.966 13.794 13.673 13.563 13.902 13.76 13.64 13.541 13.373 13.796 13.892 13.739 13.351 13.182 12.991 13.706
30.8096 14.407 14.456 14.381 14.189 14.046 13.907 14.268 14.166 14.044 13.902 13.761 13.613 14.171 13.999 13.827 13.706 13.595 13.935 13.792 13.672 13.573 13.405 13.829 13.924 13.771 13.383 13.214 13.024 13.739
31.5528 14.439 14.489 14.414 14.221 14.079 13.939 14.3 14.199 14.076 13.934 13.794 13.645 14.204 14.031 13.859 13.739 13.628 13.967 13.825 13.705 13.606 13.438 13.862 13.957 13.804 13.416 13.247 13.056 13.771
32.3139 14.477 14.527 14.452 14.259 14.116 13.977 14.338 14.236 14.114 13.972 13.832 13.683 14.241 14.069 13.897 13.776 13.666 14.005 13.862 13.743 13.644 13.475 13.899 13.994 13.842 13.454 13.284 13.094 13.809
33.0935 14.517 14.567 14.492 14.299 14.156 14.017 14.378 14.276 14.154 14.012 13.872 13.723 14.281 14.109 13.937 13.816 13.706 14.045 13.903 13.783 13.684 13.515 13.939 14.034 13.882 13.494 13.324 13.134 13.849
33.8918 14.557 14.607 14.532 14.339 14.196 14.057 14.418 14.316 14.194 14.052 13.912 13.763 14.321 14.149 13.977 13.856 13.746 14.085 13.943 13.823 13.724 13.555 13.979 14.074 13.922 13.534 13.364 13.174 13.889
34.7093 14.597 14.647 14.572 14.379 14.236 14.097 14.458 14.356 14.234 14.092 13.952 13.803 14.362 14.189 14.017 13.896 13.786 14.125 13.983 13.863 13.764 13.595 14.019 14.115 13.962 13.574 13.404 13.214 13.929
35.5466 14.637 14.687 14.612 14.419 14.276 14.137 14.498 14.397 14.274 14.132 13.992 13.843 14.402 14.229 14.057 13.936 13.826 14.165 14.023 13.903 13.804 13.636 14.059 14.155 14.002 13.614 13.444 13.254 13.969
