web/models/grb/offaxis/26/grb_0.2967_0.0139_0.0000100.dat
# %ECSV 1.0
# ---
# datatype:
# - {name: time, datatype: float64}
# - {name: swift_uvot_uvw2, datatype: float64}
# - {name: swift_uvot_uvm2, datatype: float64}
# - {name: swift_uvot_uvw1, datatype: float64}
# - {name: swift_uvot_U, datatype: float64}
# - {name: swift_uvot_B, datatype: float64}
# - {name: swift_uvot_V, datatype: float64}
# - {name: swift_uvot_W, datatype: float64}
# - {name: johnson_U, datatype: float64}
# - {name: johnson_B, datatype: float64}
# - {name: johnson_V, datatype: float64}
# - {name: johnson_R, datatype: float64}
# - {name: johnson_I, datatype: float64}
# - {name: sdss_u, datatype: float64}
# - {name: sdss_g, datatype: float64}
# - {name: sdss_r, datatype: float64}
# - {name: sdss_i, datatype: float64}
# - {name: sdss_z, datatype: float64}
# - {name: PS1_g, datatype: float64}
# - {name: PS1_r, datatype: float64}
# - {name: PS1_i, datatype: float64}
# - {name: PS1_z, datatype: float64}
# - {name: PS1_Y, datatype: float64}
# - {name: PS1_w, datatype: float64}
# - {name: ATLAS_c, datatype: float64}
# - {name: ATLAS_o, datatype: float64}
# - {name: ukirt_J, datatype: float64}
# - {name: ukirt_H, datatype: float64}
# - {name: ukirt_K, datatype: float64}
# - {name: Clear, datatype: float64}
# meta: !!omap
# - comment: [E = 6.029923955985726e-06, Eta0 = 8.02, GammaB = 12.0, dL = 0.012188, epsb = 6.760829753919819e-06, epse = 0.1, n = 1e-05,
#     p = 2.15, theta_obs = 0.29670597283903605, xiN = 1.0, z = 0.0, type = grb, E_kiso = 0.013894954943731374]
# schema: astropy-2.0
time swift_uvot_uvw2 swift_uvot_uvm2 swift_uvot_uvw1 swift_uvot_U swift_uvot_B swift_uvot_V swift_uvot_W johnson_U johnson_B johnson_V johnson_R johnson_I sdss_u sdss_g sdss_r sdss_i sdss_z PS1_g PS1_r PS1_i PS1_z PS1_Y PS1_w ATLAS_c ATLAS_o ukirt_J ukirt_H ukirt_K Clear
[from data line 233]
2.5826 12.637 12.687 12.612 12.419 12.277 12.137 12.498 12.397 12.274 12.132 11.992 11.843 12.402 12.229 12.057 11.937 11.826 12.165 12.023 11.903 11.804 11.636 12.059 12.155 12.002 11.614 11.445 11.254 11.969
2.6449 12.63 12.68 12.605 12.412 12.269 12.13 12.491 12.389 12.267 12.125 11.985 11.836 12.395 12.222 12.05 11.929 11.819 12.158 12.016 11.896 11.797 11.628 12.052 12.148 11.995 11.607 11.437 11.247 11.962
2.7087 12.623 12.673 12.598 12.405 12.262 12.123 12.484 12.382 12.26 12.118 11.978 11.829 12.387 12.215 12.043 11.922 11.812 12.151 12.008 11.889 11.79 11.621 12.045 12.14 11.988 11.6 11.43 11.24 11.955
2.7741 12.616 12.665 12.591 12.398 12.255 12.116 12.477 12.375 12.253 12.111 11.97 11.822 12.38 12.208 12.036 11.915 11.805 12.144 12.001 11.882 11.783 11.614 12.038 12.133 11.981 11.593 11.423 11.233 11.948
2.841 12.609 12.658 12.583 12.391 12.248 12.109 12.47 12.368 12.246 12.104 11.963 11.815 12.373 12.201 12.029 11.908 11.797 12.137 11.994 11.874 11.775 11.607 12.031 12.126 11.973 11.585 11.416 11.226 11.941
2.9095 12.602 12.651 12.576 12.383 12.241 12.102 12.463 12.361 12.239 12.097 11.956 11.808 12.366 12.193 12.022 11.901 11.79 12.13 11.987 11.867 11.768 11.6 12.024 12.119 11.966 11.578 11.409 11.219 11.934
2.9797 12.595 12.644 12.569 12.376 12.234 12.095 12.456 12.354 12.231 12.09 11.949 11.801 12.359 12.186 12.014 11.894 11.783 12.123 11.98 11.86 11.761 11.593 12.017 12.112 11.959 11.571 11.402 11.211 11.926
3.0516 12.59 12.64 12.565 12.372 12.23 12.091 12.451 12.35 12.227 12.085 11.945 11.796 12.355 12.182 12.01 11.89 11.779 12.118 11.976 11.856 11.757 11.589 12.013 12.108 11.955 11.567 11.398 11.207 11.922
3.1252 12.588 12.637 12.563 12.37 12.227 12.088 12.449 12.347 12.225 12.083 11.942 11.794 12.352 12.18 12.008 11.887 11.776 12.116 11.973 11.853 11.754 11.586 12.01 12.105 11.952 11.564 11.395 11.205 11.92
3.2006 12.585 12.635 12.56 12.367 12.225 12.085 12.446 12.345 12.222 12.08 11.94 11.791 12.35 12.177 12.005 11.885 11.774 12.113 11.971 11.851 11.752 11.584 12.007 12.103 11.95 11.562 11.393 11.202 11.917
3.2778 12.583 12.632 12.557 12.364 12.222 12.083 12.444 12.342 12.22 12.078 11.937 11.789 12.347 12.175 12.003 11.882 11.771 12.111 11.968 11.848 11.749 11.581 12.005 12.1 11.947 11.559 11.39 11.2 11.915
3.3569 12.58 12.63 12.555 12.362 12.219 12.08 12.441 12.34 12.217 12.075 11.935 11.786 12.345 12.172 12.0 11.879 11.769 12.108 11.966 11.846 11.747 11.579 12.002 12.098 11.945 11.557 11.387 11.197 11.912
3.4378 12.578 12.627 12.552 12.359 12.217 12.078 12.439 12.337 12.215 12.073 11.932 11.784 12.342 12.169 11.998 11.877 11.766 12.106 11.963 11.843 11.744 11.576 12.0 12.095 11.942 11.554 11.385 11.195 11.91
3.5208 12.575 12.625 12.55 12.357 12.214 12.075 12.436 12.334 12.212 12.07 11.93 11.781 12.339 12.167 11.995 11.874 11.764 12.103 11.961 11.841 11.742 11.573 11.997 12.092 11.94 11.552 11.382 11.192 11.907
3.6057 12.573 12.622 12.547 12.354 12.212 12.073 12.434 12.332 12.209 12.068 11.927 11.779 12.337 12.164 11.992 11.872 11.761 12.101 11.958 11.838 11.739 11.571 11.995 12.09 11.937 11.549 11.38 11.189 11.904
3.6927 12.57 12.619 12.545 12.352 12.209 12.07 12.431 12.329 12.207 12.065 11.925 11.776 12.334 12.162 11.99 11.869 11.759 12.098 11.955 11.836 11.737 11.568 11.992 12.087 11.935 11.547 11.377 11.187 11.902
3.7818 12.567 12.617 12.542 12.349 12.207 12.068 12.428 12.327 12.204 12.062 11.922 11.773 12.332 12.159 11.987 11.867 11.756 12.095 11.953 11.833 11.734 11.566 11.99 12.085 11.932 11.544 11.375 11.184 11.899
3.873 12.543 12.593 12.518 12.325 12.182 12.043 12.404 12.302 12.18 12.038 11.898 11.749 12.307 12.135 11.963 11.842 11.732 12.071 11.929 11.809 11.71 11.541 11.965 12.061 11.908 11.52 11.35 11.16 11.875
3.9664 12.513 12.563 12.488 12.295 12.152 12.013 12.374 12.273 12.15 12.008 11.868 11.719 12.278 12.105 11.933 11.812 11.702 12.041 11.899 11.779 11.68 11.512 11.935 12.031 11.878 11.49 11.32 11.13 11.845
4.0621 12.483 12.533 12.458 12.265 12.123 11.983 12.344 12.243 12.12 11.978 11.838 11.689 12.248 12.075 11.903 11.782 11.672 12.011 11.869 11.749 11.65 11.482 11.905 12.001 11.848 11.46 11.291 11.1 11.815
4.1601 12.453 12.503 12.428 12.235 12.093 11.953 12.314 12.213 12.09 11.948 11.808 11.659 12.218 12.045 11.873 11.753 11.642 11.981 11.839 11.719 11.62 11.452 11.875 11.971 11.818 11.43 11.261 11.07 11.785
4.2604 12.423 12.473 12.398 12.205 12.063 11.924 12.284 12.183 12.06 11.918 11.778 11.629 12.188 12.015 11.843 11.723 11.612 11.951 11.809 11.689 11.59 11.422 11.846 11.941 11.788 11.4 11.231 11.04 11.755
4.3632 12.393 12.443 12.368 12.175 12.033 11.894 12.254 12.153 12.03 11.888 11.748 11.599 12.158 11.985 11.813 11.693 11.582 11.921 11.779 11.659 11.56 11.392 11.816 11.911 11.758 11.37 11.201 11.01 11.725
4.4685 12.364 12.413 12.338 12.145 12.003 11.864 12.224 12.123 12.0 11.858 11.718 11.569 12.128 11.955 11.783 11.663 11.552 11.891 11.749 11.629 11.53 11.362 11.786 11.881 11.728 11.34 11.171 10.98 11.695
4.5763 12.334 12.383 12.308 12.115 11.973 11.834 12.194 12.093 11.97 11.829 11.688 11.539 12.098 11.925 11.753 11.633 11.522 11.862 11.719 11.599 11.5 11.332 11.756 11.851 11.698 11.31 11.141 10.95 11.665
4.6867 12.304 12.353 12.278 12.085 11.943 11.804 12.165 12.063 11.94 11.799 11.658 11.51 12.068 11.895 11.723 11.603 11.492 11.832 11.689 11.569 11.47 11.302 11.726 11.821 11.668 11.28 11.111 10.921 11.636
4.7997 12.274 12.323 12.248 12.055 11.913 11.774 12.135 12.033 11.91 11.769 11.628 11.48 12.038 11.865 11.694 11.573 11.462 11.802 11.659 11.539 11.44 11.272 11.696 11.791 11.638 11.25 11.081 10.891 11.606
4.9155 12.272 12.322 12.247 12.054 11.912 11.772 12.133 12.032 11.909 11.767 11.627 11.478 12.037 11.864 11.692 11.571 11.461 11.8 11.658 11.538 11.439 11.271 11.694 11.79 11.637 11.249 11.08 10.889 11.604
5.0341 12.273 12.322 12.247 12.054 11.912 11.773 12.134 12.032 11.91 11.768 11.627 11.479 12.037 11.865 11.693 11.572 11.461 11.801 11.658 11.538 11.439 11.271 11.695 11.79 11.637 11.249 11.08 10.89 11.605
5.1555 12.273 12.323 12.248 12.055 11.913 11.773 12.134 12.033 11.91 11.768 11.628 11.479 12.038 11.865 11.693 11.573 11.462 11.801 11.659 11.539 11.44 11.272 11.695 11.791 11.638 11.25 11.081 10.89 11.605
5.2799 12.274 12.323 12.248 12.056 11.913 11.774 12.135 12.033 11.911 11.769 11.628 11.48 12.038 11.866 11.694 11.573 11.462 11.802 11.659 11.539 11.44 11.272 11.696 11.791 11.638 11.25 11.081 10.891 11.606
5.4072 12.274 12.324 12.249 12.056 11.914 11.775 12.135 12.034 11.911 11.769 11.629 11.48 12.039 11.866 11.694 11.574 11.463 11.802 11.66 11.54 11.441 11.273 11.697 11.792 11.639 11.251 11.082 10.891 11.606
5.5377 12.275 12.324 12.25 12.057 11.914 11.775 12.136 12.034 11.912 11.77 11.629 11.481 12.039 11.867 11.695 11.574 11.463 11.803 11.66 11.541 11.442 11.273 11.697 11.792 11.64 11.252 11.082 10.892 11.607
5.6713 12.276 12.325 12.25 12.057 11.915 11.776 12.136 12.035 11.912 11.77 11.63 11.481 12.04 11.867 11.695 11.575 11.464 11.803 11.661 11.541 11.442 11.274 11.698 11.793 11.64 11.252 11.083 10.892 11.607
5.8081 12.276 12.326 12.251 12.058 11.915 11.776 12.137 12.035 11.913 11.771 11.631 11.482 12.04 11.868 11.696 11.575 11.465 11.804 11.661 11.542 11.443 11.274 11.698 11.793 11.641 11.253 11.083 10.893 11.608
5.9482 12.277 12.326 12.251 12.058 11.916 11.777 12.138 12.036 11.913 11.772 11.631 11.483 12.041 11.868 11.696 11.576 11.465 11.805 11.662 11.542 11.443 11.275 11.699 11.794 11.641 11.253 11.084 10.893 11.608
6.0917 12.277 12.327 12.252 12.059 11.917 11.777 12.138 12.037 11.914 11.772 11.632 11.483 12.042 11.869 11.697 11.576 11.466 11.805 11.663 11.543 11.444 11.276 11.699 11.795 11.642 11.254 11.085 10.894 11.609
6.2386 12.28 12.329 12.254 12.061 11.919 11.78 12.141 12.039 11.916 11.775 11.634 11.486 12.044 11.871 11.699 11.579 11.468 11.808 11.665 11.545 11.446 11.278 11.702 11.797 11.644 11.256 11.087 10.897 11.612
6.3891 12.282 12.331 12.257 12.064 11.921 11.782 12.143 12.041 11.919 11.777 11.636 11.488 12.046 11.874 11.702 11.581 11.47 11.81 11.667 11.548 11.449 11.28 11.704 11.799 11.647 11.259 11.089 10.899 11.614
6.5433 12.284 12.334 12.259 12.066 11.924 11.784 12.145 12.044 11.921 11.779 11.639 11.49 12.049 11.876 11.704 11.583 11.473 11.812 11.67 11.55 11.451 11.283 11.706 11.802 11.649 11.261 11.092 10.901 11.616
6.7011 12.287 12.336 12.261 12.068 11.926 11.787 12.148 12.046 11.923 11.782 11.641 11.493 12.051 11.878 11.707 11.586 11.475 11.815 11.672 11.552 11.453 11.285 11.709 11.804 11.651 11.263 11.094 10.904 11.619
6.8627 12.289 12.338 12.264 12.071 11.928 11.789 12.15 12.048 11.926 11.784 11.643 11.495 12.053 11.881 11.709 11.588 11.478 11.817 11.674 11.555 11.456 11.287 11.711 11.806 11.654 11.266 11.096 10.906 11.621
7.0283 12.291 12.341 12.266 12.073 11.931 11.791 12.152 12.051 11.928 11.786 11.646 11.497 12.056 11.883 11.711 11.591 11.48 11.819 11.677 11.557 11.458 11.29 11.713 11.809 11.656 11.268 11.099 10.908 11.623
7.1978 12.294 12.343 12.268 12.075 11.933 11.794 12.155 12.053 11.931 11.789 11.648 11.5 12.058 11.885 11.714 11.593 11.482 11.822 11.679 11.559 11.46 11.292 11.716 11.811 11.658 11.27 11.101 10.911 11.626
7.3715 12.296 12.345 12.271 12.078 11.935 11.796 12.157 12.055 11.933 11.791 11.651 11.502 12.06 11.888 11.716 11.595 11.485 11.824 11.681 11.562 11.463 11.294 11.718 11.813 11.661 11.273 11.103 10.913 11.628
7.5493 12.298 12.348 12.273 12.08 11.938 11.798 12.159 12.058 11.935 11.793 11.653 11.504 12.063 11.89 11.718 11.598 11.487 11.826 11.684 11.564 11.465 11.297 11.72 11.816 11.663 11.275 11.106 10.915 11.63
7.7314 12.3 12.349 12.274 12.081 11.939 11.8 12.161 12.059 11.937 11.795 11.654 11.506 12.064 11.892 11.72 11.599 11.488 11.828 11.685 11.565 11.466 11.298 11.722 11.817 11.664 11.276 11.107 10.917 11.632
7.9179 12.298 12.348 12.273 12.08 11.937 11.798 12.159 12.057 11.935 11.793 11.653 11.504 12.062 11.89 11.718 11.597 11.487 11.826 11.683 11.564 11.465 11.296 11.72 11.815 11.663 11.275 11.105 10.915 11.63
8.1089 12.296 12.346 12.271 12.078 11.936 11.796 12.157 12.056 11.933 11.791 11.651 11.502 12.061 11.888 11.716 11.596 11.485 11.824 11.682 11.562 11.463 11.295 11.718 11.814 11.661 11.273 11.104 10.913 11.628
8.3045 12.295 12.344 12.269 12.076 11.934 11.795 12.156 12.054 11.931 11.79 11.649 11.501 12.059 11.886 11.715 11.594 11.483 11.823 11.68 11.56 11.461 11.293 11.717 11.812 11.659 11.271 11.102 10.912 11.627
8.5049 12.293 12.342 12.268 12.075 11.932 11.793 12.154 12.052 11.93 11.788 11.647 11.499 12.057 11.885 11.713 11.592 11.481 11.821 11.678 11.558 11.459 11.291 11.715 11.81 11.657 11.269 11.1 10.91 11.625
8.71 12.291 12.341 12.266 12.073 11.93 11.791 12.152 12.05 11.928 11.786 11.646 11.497 12.056 11.883 11.711 11.59 11.48 11.819 11.677 11.557 11.458 11.289 11.713 11.809 11.656 11.268 11.098 10.908 11.623
8.9201 12.289 12.339 12.264 12.071 11.929 11.79 12.15 12.049 11.926 11.784 11.644 11.495 12.054 11.881 11.709 11.589 11.478 11.817 11.675 11.555 11.456 11.288 11.712 11.807 11.654 11.266 11.097 10.906 11.621
9.1353 12.288 12.337 12.262 12.069 11.927 11.788 12.149 12.047 11.925 11.783 11.642 11.494 12.052 11.879 11.708 11.587 11.476 11.816 11.673 11.553 11.454 11.286 11.71 11.805 11.652 11.264 11.095 10.905 11.62
9.3557 12.286 12.335 12.261 12.068 11.925 11.786 12.147 12.045 11.923 11.781 11.641 11.492 12.05 11.878 11.706 11.585 11.475 11.814 11.671 11.552 11.453 11.284 11.708 11.803 11.651 11.263 11.093 10.903 11.618
9.5814 12.284 12.334 12.259 12.066 11.924 11.784 12.145 12.044 11.921 11.779 11.639 11.49 12.049 11.876 11.704 11.583 11.473 11.812 11.67 11.55 11.451 11.283 11.706 11.802 11.649 11.261 11.092 10.901 11.616
9.8125 12.298 12.347 12.272 12.079 11.937 11.798 12.159 12.057 11.934 11.793 11.652 11.504 12.062 11.889 11.717 11.597 11.486 11.826 11.683 11.563 11.464 11.296 11.72 11.815 11.662 11.274 11.105 10.915 11.63
10.0492 12.337 12.386 12.312 12.119 11.976 11.837 12.198 12.096 11.974 11.832 11.691 11.543 12.101 11.929 11.757 11.636 11.525 11.865 11.722 11.602 11.503 11.335 11.759 11.854 11.701 11.314 11.144 10.954 11.669
10.2917 12.376 12.426 12.351 12.158 12.015 11.876 12.237 12.136 12.013 11.871 11.731 11.582 12.141 11.968 11.796 11.675 11.565 11.904 11.762 11.642 11.543 11.375 11.798 11.894 11.741 11.353 11.183 10.993 11.708
10.5399 12.416 12.465 12.39 12.197 12.055 11.916 12.276 12.175 12.052 11.911 11.77 11.621 12.18 12.007 11.835 11.715 11.604 11.944 11.801 11.681 11.582 11.414 11.838 11.933 11.78 11.392 11.223 11.032 11.747
10.7942 12.455 12.504 12.43 12.237 12.094 11.955 12.316 12.214 12.092 11.95 11.809 11.661 12.219 12.047 11.875 11.754 11.643 11.983 11.84 11.72 11.621 11.453 11.877 11.972 11.819 11.431 11.262 11.072 11.787
11.0546 12.494 12.544 12.469 12.276 12.133 11.994 12.355 12.253 12.131 11.989 11.849 11.7 12.259 12.086 11.914 11.793 11.683 12.022 11.88 11.76 11.661 11.492 11.916 12.012 11.859 11.471 11.301 11.111 11.826
11.3212 12.534 12.583 12.508 12.315 12.173 12.034 12.394 12.293 12.17 12.029 11.888 11.739 12.298 12.125 11.953 11.833 11.722 12.061 11.919 11.799 11.7 11.532 11.956 12.051 11.898 11.51 11.341 11.15 11.865
11.5943 12.573 12.622 12.547 12.355 12.212 12.073 12.434 12.332 12.21 12.068 11.927 11.779 12.337 12.165 11.993 11.872 11.761 12.101 11.958 11.838 11.739 11.571 11.995 12.09 11.937 11.549 11.38 11.19 11.905
11.874 12.612 12.662 12.587 12.394 12.251 12.112 12.473 12.371 12.249 12.107 11.967 11.818 12.376 12.204 12.032 11.911 11.801 12.14 11.998 11.878 11.779 11.61 12.034 12.129 11.977 11.589 11.419 11.229 11.944
12.1605 12.652 12.701 12.626 12.433 12.291 12.152 12.512 12.411 12.288 12.146 12.006 11.857 12.416 12.243 12.071 11.951 11.84 12.179 12.037 11.917 11.818 11.65 12.074 12.169 12.016 11.628 11.459 11.268 11.983
12.4538 12.703 12.752 12.677 12.484 12.342 12.203 12.564 12.462 12.34 12.198 12.057 11.909 12.467 12.294 12.123 12.002 11.891 12.231 12.088 11.968 11.869 11.701 12.125 12.22 12.067 11.679 11.51 11.32 12.035
12.7542 12.765 12.815 12.74 12.547 12.405 12.265 12.626 12.525 12.402 12.26 12.12 11.971 12.53 12.357 12.185 12.065 11.954 12.293 12.151 12.031 11.932 11.764 12.188 12.283 12.13 11.742 11.573 11.382 12.097
13.0619 12.828 12.878 12.803 12.61 12.467 12.328 12.689 12.587 12.465 12.323 12.183 12.034 12.592 12.42 12.248 12.127 12.017 12.356 12.213 12.094 11.995 11.826 12.25 12.345 12.193 11.805 11.635 11.445 12.16
13.377 12.891 12.94 12.865 12.672 12.53 12.391 12.752 12.65 12.528 12.386 12.245 12.097 12.655 12.482 12.311 12.19 12.079 12.419 12.276 12.156 12.057 11.889 12.313 12.408 12.255 11.867 11.698 11.508 12.223
13.6997 12.953 13.003 12.928 12.735 12.593 12.454 12.814 12.713 12.59 12.448 12.308 12.159 12.718 12.545 12.373 12.253 12.142 12.481 12.339 12.219 12.12 11.952 12.376 12.471 12.318 11.93 11.761 11.57 12.285
14.0302 13.016 13.066 12.991 12.798 12.655 12.516 12.877 12.775 12.653 12.511 12.371 12.222 12.78 12.608 12.436 12.315 12.205 12.544 12.401 12.282 12.183 12.014 12.438 12.533 12.381 11.993 11.823 11.633 12.348
14.3686 13.079 13.128 13.053 12.86 12.718 12.579 12.94 12.838 12.716 12.574 12.433 12.285 12.843 12.67 12.499 12.378 12.267 12.607 12.464 12.344 12.245 12.077 12.501 12.596 12.443 12.055 11.886 11.696 12.411
14.7153 13.141 13.191 13.116 12.923 12.781 12.642 13.002 12.901 12.778 12.636 12.496 12.347 12.906 12.733 12.561 12.441 12.33 12.669 12.527 12.407 12.308 12.14 12.564 12.659 12.506 12.118 11.949 11.758 12.473
15.0702 13.204 13.254 13.179 12.986 12.843 12.704 13.065 12.963 12.841 12.699 12.559 12.41 12.968 12.796 12.624 12.503 12.393 12.732 12.59 12.47 12.371 12.202 12.626 12.721 12.569 12.181 12.011 11.821 12.536
15.4338 13.267 13.316 13.241 13.048 12.906 12.767 13.128 13.026 12.904 12.762 12.621 12.473 13.031 12.858 12.687 12.566 12.455 12.795 12.652 12.532 12.433 12.265 12.689 12.784 12.631 12.243 12.074 11.884 12.599
