web/models/grb/offaxis/26/grb_0.2967_1.0000_0.0000631.dat
# %ECSV 1.0
# ---
# datatype:
# - {name: time, datatype: float64}
# - {name: swift_uvot_uvw2, datatype: float64}
# - {name: swift_uvot_uvm2, datatype: float64}
# - {name: swift_uvot_uvw1, datatype: float64}
# - {name: swift_uvot_U, datatype: float64}
# - {name: swift_uvot_B, datatype: float64}
# - {name: swift_uvot_V, datatype: float64}
# - {name: swift_uvot_W, datatype: float64}
# - {name: johnson_U, datatype: float64}
# - {name: johnson_B, datatype: float64}
# - {name: johnson_V, datatype: float64}
# - {name: johnson_R, datatype: float64}
# - {name: johnson_I, datatype: float64}
# - {name: sdss_u, datatype: float64}
# - {name: sdss_g, datatype: float64}
# - {name: sdss_r, datatype: float64}
# - {name: sdss_i, datatype: float64}
# - {name: sdss_z, datatype: float64}
# - {name: PS1_g, datatype: float64}
# - {name: PS1_r, datatype: float64}
# - {name: PS1_i, datatype: float64}
# - {name: PS1_z, datatype: float64}
# - {name: PS1_Y, datatype: float64}
# - {name: PS1_w, datatype: float64}
# - {name: ATLAS_c, datatype: float64}
# - {name: ATLAS_o, datatype: float64}
# - {name: ukirt_J, datatype: float64}
# - {name: ukirt_H, datatype: float64}
# - {name: ukirt_K, datatype: float64}
# - {name: Clear, datatype: float64}
# meta: !!omap
# - comment: [E = 0.00043396498804093575, Eta0 = 8.02, GammaB = 12.0, dL = 0.012188, epsb = 6.760829753919819e-06, epse = 0.1, n = 6.309573444801929e-05,
#     p = 2.15, theta_obs = 0.29670597283903605, xiN = 1.0, z = 0.0, type = grb, E_kiso = 1.0]
# schema: astropy-2.0
time swift_uvot_uvw2 swift_uvot_uvm2 swift_uvot_uvw1 swift_uvot_U swift_uvot_B swift_uvot_V swift_uvot_W johnson_U johnson_B johnson_V johnson_R johnson_I sdss_u sdss_g sdss_r sdss_i sdss_z PS1_g PS1_r PS1_i PS1_z PS1_Y PS1_w ATLAS_c ATLAS_o ukirt_J ukirt_H ukirt_K Clear
[from data line 349]
41.0121 7.545 7.595 7.52 7.327 7.184 7.045 7.406 7.304 7.182 7.04 6.9 6.751 7.309 7.137 6.965 6.844 6.734 7.073 6.93 6.811 6.712 6.543 6.967 7.062 6.91 6.522 6.352 6.162 6.877
42.0014 7.617 7.666 7.591 7.398 7.256 7.117 7.478 7.376 7.254 7.112 6.971 6.823 7.381 7.209 7.037 6.916 6.805 7.145 7.002 6.882 6.783 6.615 7.039 7.134 6.981 6.593 6.424 6.234 6.949
43.0146 7.689 7.738 7.663 7.47 7.328 7.189 7.549 7.448 7.325 7.184 7.043 6.894 7.453 7.28 7.108 6.988 6.877 7.217 7.074 6.954 6.855 6.687 7.111 7.206 7.053 6.665 6.496 6.305 7.02
44.0523 7.76 7.81 7.735 7.542 7.4 7.26 7.621 7.52 7.397 7.255 7.115 6.966 7.525 7.352 7.18 7.059 6.949 7.288 7.146 7.026 6.927 6.759 7.182 7.278 7.125 6.737 6.568 6.377 7.092
45.1149 7.833 7.882 7.807 7.614 7.472 7.333 7.694 7.592 7.469 7.328 7.187 7.039 7.597 7.424 7.252 7.132 7.021 7.361 7.218 7.098 6.999 6.831 7.255 7.35 7.197 6.809 6.64 6.45 7.165
46.2033 7.905 7.955 7.88 7.687 7.544 7.405 7.766 7.664 7.542 7.4 7.26 7.111 7.669 7.497 7.325 7.204 7.094 7.433 7.291 7.171 7.072 6.903 7.327 7.422 7.27 6.882 6.712 6.522 7.237
47.3178 7.978 8.027 7.952 7.759 7.617 7.478 7.839 7.737 7.615 7.473 7.332 7.184 7.742 7.569 7.398 7.277 7.166 7.506 7.363 7.243 7.144 6.976 7.4 7.495 7.342 6.954 6.785 6.595 7.31
48.4593 8.05 8.1 8.025 7.832 7.689 7.55 7.911 7.809 7.687 7.545 7.405 7.256 7.814 7.642 7.47 7.349 7.239 7.578 7.436 7.316 7.217 7.048 7.472 7.568 7.415 7.027 6.857 6.667 7.382
49.6283 8.123 8.172 8.097 7.904 7.762 7.623 7.984 7.882 7.76 7.618 7.477 7.329 7.887 7.714 7.543 7.422 7.311 7.651 7.508 7.388 7.289 7.121 7.545 7.64 7.487 7.099 6.93 6.74 7.455
50.8255 8.195 8.245 8.17 7.977 7.834 7.695 8.056 7.955 7.832 7.69 7.55 7.401 7.96 7.787 7.615 7.494 7.384 7.723 7.581 7.461 7.362 7.194 7.617 7.713 7.56 7.172 7.002 6.812 7.527
52.0515 8.268 8.317 8.242 8.049 7.907 7.768 8.129 8.027 7.905 7.763 7.622 7.474 8.032 7.859 7.688 7.567 7.456 7.796 7.653 7.533 7.434 7.266 7.69 7.785 7.632 7.244 7.075 6.885 7.6
53.3072 8.34 8.39 8.315 8.122 7.98 7.84 8.201 8.1 7.977 7.835 7.695 7.546 8.105 7.932 7.76 7.639 7.529 7.868 7.726 7.606 7.507 7.339 7.762 7.858 7.705 7.317 7.148 6.957 7.672
54.5931 8.413 8.462 8.387 8.194 8.052 7.913 8.274 8.172 8.05 7.908 7.767 7.619 8.177 8.005 7.833 7.712 7.601 7.941 7.798 7.678 7.579 7.411 7.835 7.93 7.777 7.389 7.22 7.03 7.745
55.9101 8.485 8.535 8.46 8.267 8.125 7.985 8.346 8.245 8.122 7.98 7.84 7.691 8.25 8.077 7.905 7.785 7.674 8.013 7.871 7.751 7.652 7.484 7.907 8.003 7.85 7.462 7.293 7.102 7.817
57.2588 8.552 8.601 8.526 8.333 8.191 8.052 8.413 8.311 8.189 8.047 7.906 7.758 8.316 8.143 7.972 7.851 7.74 8.08 7.937 7.817 7.718 7.55 7.974 8.069 7.916 7.528 7.359 7.169 7.884
58.6401 8.618 8.667 8.592 8.399 8.257 8.118 8.478 8.377 8.254 8.112 7.972 7.823 8.382 8.209 8.037 7.917 7.806 8.145 8.003 7.883 7.784 7.616 8.04 8.135 7.982 7.594 7.425 7.234 7.949
60.0546 8.683 8.733 8.658 8.465 8.322 8.183 8.544 8.442 8.32 8.178 8.038 7.889 8.448 8.275 8.103 7.982 7.872 8.211 8.069 7.949 7.85 7.681 8.105 8.201 8.048 7.66 7.49 7.3 8.015
61.5034 8.749 8.798 8.724 8.531 8.388 8.249 8.61 8.508 8.386 8.244 8.103 7.955 8.513 8.341 8.169 8.048 7.937 8.277 8.134 8.015 7.915 7.747 8.171 8.266 8.113 7.726 7.556 7.366 8.081
62.987 8.815 8.864 8.789 8.596 8.454 8.315 8.676 8.574 8.451 8.31 8.169 8.021 8.579 8.406 8.235 8.114 8.003 8.343 8.2 8.08 7.981 7.813 8.237 8.332 8.179 7.791 7.622 7.432 8.147
64.5065 8.88 8.93 8.855 8.662 8.52 8.38 8.741 8.64 8.517 8.375 8.235 8.086 8.645 8.472 8.3 8.18 8.069 8.408 8.266 8.146 8.047 7.879 8.303 8.398 8.245 7.857 7.688 7.497 8.212
66.0626 8.946 8.996 8.921 8.728 8.585 8.446 8.807 8.705 8.583 8.441 8.301 8.152 8.71 8.538 8.366 8.245 8.135 8.474 8.331 8.212 8.113 7.944 8.368 8.463 8.311 7.923 7.753 7.563 8.278
67.6562 9.012 9.061 8.986 8.793 8.651 8.512 8.873 8.771 8.649 8.507 8.366 8.218 8.776 8.604 8.432 8.311 8.2 8.54 8.397 8.277 8.178 8.01 8.434 8.529 8.376 7.988 7.819 7.629 8.344
69.2883 9.078 9.127 9.052 8.859 8.717 8.578 8.938 8.837 8.714 8.572 8.432 8.283 8.842 8.669 8.497 8.377 8.266 8.605 8.463 8.343 8.244 8.076 8.5 8.595 8.442 8.054 7.885 7.694 8.409
70.9597 9.143 9.192 9.117 8.925 8.782 8.643 9.004 8.902 8.78 8.638 8.497 8.349 8.907 8.735 8.563 8.442 8.331 8.671 8.528 8.408 8.309 8.141 8.565 8.66 8.507 8.119 7.95 7.76 8.475
72.6715 9.199 9.248 9.174 8.981 8.838 8.699 9.06 8.958 8.836 8.694 8.553 8.405 8.963 8.791 8.619 8.498 8.387 8.727 8.584 8.465 8.365 8.197 8.621 8.716 8.563 8.176 8.006 7.816 8.531
74.4246 9.255 9.304 9.23 9.037 8.894 8.755 9.116 9.014 8.892 8.75 8.61 8.461 9.019 8.847 8.675 8.554 8.444 8.783 8.64 8.521 8.422 8.253 8.677 8.772 8.62 8.232 8.062 7.872 8.587
76.2199 9.311 9.361 9.286 9.093 8.95 8.811 9.172 9.07 8.948 8.806 8.666 8.517 9.075 8.903 8.731 8.61 8.5 8.839 8.697 8.577 8.478 8.309 8.733 8.828 8.676 8.288 8.118 7.928 8.643
78.0586 9.367 9.417 9.342 9.149 9.006 8.867 9.228 9.126 9.004 8.862 8.722 8.573 9.131 8.959 8.787 8.666 8.556 8.895 8.753 8.633 8.534 8.365 8.789 8.885 8.732 8.344 8.174 7.984 8.699
79.9416 9.423 9.473 9.398 9.205 9.063 8.923 9.284 9.183 9.06 8.918 8.778 8.629 9.188 9.015 8.843 8.722 8.612 8.951 8.809 8.689 8.59 8.422 8.845 8.941 8.788 8.4 8.231 8.04 8.755
81.87 9.479 9.529 9.454 9.261 9.119 8.979 9.34 9.239 9.116 8.974 8.834 8.685 9.244 9.071 8.899 8.779 8.668 9.007 8.865 8.745 8.646 8.478 8.901 8.997 8.844 8.456 8.287 8.096 8.811
83.845 9.535 9.585 9.51 9.317 9.175 9.036 9.396 9.295 9.172 9.03 8.89 8.741 9.3 9.127 8.955 8.835 8.724 9.063 8.921 8.801 8.702 8.534 8.958 9.053 8.9 8.512 8.343 8.152 8.867
85.8676 9.592 9.641 9.566 9.373 9.231 9.092 9.452 9.351 9.228 9.087 8.946 8.797 9.356 9.183 9.011 8.891 8.78 9.119 8.977 8.857 8.758 8.59 9.014 9.109 8.956 8.568 8.399 8.208 8.923
87.939 9.648 9.697 9.622 9.429 9.287 9.148 9.509 9.407 9.284 9.143 9.002 8.854 9.412 9.239 9.067 8.947 8.836 9.176 9.033 8.913 8.814 8.646 9.07 9.165 9.012 8.624 8.455 8.265 8.98
90.0604 9.703 9.753 9.678 9.485 9.343 9.203 9.564 9.463 9.34 9.198 9.058 8.909 9.468 9.295 9.123 9.003 8.892 9.231 9.089 8.969 8.87 8.702 9.125 9.221 9.068 8.68 8.511 8.32 9.035
92.2329 9.758 9.807 9.732 9.539 9.397 9.258 9.619 9.517 9.394 9.253 9.112 8.964 9.522 9.349 9.177 9.057 8.946 9.286 9.143 9.023 8.924 8.756 9.18 9.275 9.122 8.734 8.565 8.374 9.089
94.4579 9.812 9.861 9.786 9.593 9.451 9.312 9.673 9.571 9.449 9.307 9.166 9.018 9.576 9.404 9.232 9.111 9.0 9.34 9.197 9.077 8.978 8.81 9.234 9.329 9.176 8.788 8.619 8.429 9.144
96.7365 9.866 9.915 9.841 9.648 9.505 9.366 9.727 9.625 9.503 9.361 9.221 9.072 9.63 9.458 9.286 9.165 9.055 9.394 9.251 9.132 9.033 8.864 9.288 9.383 9.231 8.843 8.673 8.483 9.198
99.0701 9.92 9.97 9.895 9.702 9.56 9.42 9.781 9.68 9.557 9.415 9.275 9.126 9.685 9.512 9.34 9.219 9.109 9.448 9.306 9.186 9.087 8.919 9.342 9.438 9.285 8.897 8.728 8.537 9.252
101.4599 9.975 10.024 9.949 9.756 9.614 9.475 9.835 9.734 9.611 9.469 9.329 9.18 9.739 9.566 9.394 9.274 9.163 9.502 9.36 9.24 9.141 8.973 9.397 9.492 9.339 8.951 8.782 8.591 9.306
103.9075 10.029 10.078 10.003 9.81 9.668 9.529 9.89 9.788 9.666 9.524 9.383 9.235 9.793 9.62 9.449 9.328 9.217 9.557 9.414 9.294 9.195 9.027 9.451 9.546 9.393 9.005 8.836 8.646 9.361
106.4141 10.083 10.132 10.058 9.865 9.722 9.583 9.944 9.842 9.72 9.578 9.437 9.289 9.847 9.675 9.503 9.382 9.271 9.611 9.468 9.349 9.249 9.081 9.505 9.6 9.447 9.06 8.89 8.7 9.415
108.9811 10.137 10.187 10.112 9.919 9.776 9.637 9.998 9.896 9.774 9.632 9.492 9.343 9.901 9.729 9.557 9.436 9.326 9.665 9.523 9.403 9.304 9.135 9.559 9.654 9.502 9.114 8.944 8.754 9.469
111.6101 10.191 10.241 10.166 9.973 9.831 9.692 10.052 9.951 9.828 9.686 9.546 9.397 9.956 9.783 9.611 9.491 9.38 9.719 9.577 9.457 9.358 9.19 9.614 9.709 9.556 9.168 8.999 8.808 9.523
114.3025 10.244 10.293 10.218 10.026 9.883 9.744 10.105 10.003 9.881 9.739 9.598 9.45 10.008 9.836 9.664 9.543 9.432 9.772 9.629 9.509 9.41 9.242 9.666 9.761 9.608 9.22 9.051 8.861 9.576
117.0598 10.293 10.342 10.267 10.074 9.932 9.793 10.154 10.052 9.93 9.788 9.647 9.499 10.057 9.884 9.713 9.592 9.481 9.821 9.678 9.558 9.459 9.291 9.715 9.81 9.657 9.269 9.1 8.91 9.625
119.8836 10.342 10.391 10.316 10.123 9.981 9.842 10.203 10.101 9.978 9.837 9.696 9.547 10.106 9.933 9.761 9.641 9.53 9.87 9.727 9.607 9.508 9.34 9.764 9.859 9.706 9.318 9.149 8.958 9.673
122.7756 10.39 10.44 10.365 10.172 10.03 9.891 10.251 10.15 10.027 9.885 9.745 9.596 10.155 9.982 9.81 9.69 9.579 9.918 9.776 9.656 9.557 9.389 9.813 9.908 9.755 9.367 9.198 9.007 9.722
125.7373 10.439 10.489 10.414 10.221 10.079 9.939 10.3 10.199 10.076 9.934 9.794 9.645 10.204 10.031 9.859 9.738 9.628 9.967 9.825 9.705 9.606 9.438 9.861 9.957 9.804 9.416 9.247 9.056 9.771
128.7705 10.488 10.538 10.463 10.27 10.127 9.988 10.349 10.247 10.125 9.983 9.843 9.694 10.252 10.08 9.908 9.787 9.677 10.016 9.874 9.754 9.655 9.486 9.91 10.005 9.853 9.465 9.295 9.105 9.82
131.8769 10.537 10.586 10.512 10.319 10.176 10.037 10.398 10.296 10.174 10.032 9.891 9.743 10.301 10.129 9.957 9.836 9.726 10.065 9.922 9.803 9.704 9.535 9.959 10.054 9.902 9.514 9.344 9.154 9.869
135.0582 10.586 10.635 10.56 10.368 10.225 10.086 10.447 10.345 10.223 10.081 9.94 9.792 10.35 10.178 10.006 9.885 9.774 10.114 9.971 9.851 9.752 9.584 10.008 10.103 9.95 9.562 9.393 9.203 9.918
138.3162 10.635 10.684 10.609 10.416 10.274 10.135 10.496 10.394 10.272 10.13 9.989 9.841 10.399 10.226 10.055 9.934 9.823 10.163 10.02 9.9 9.801 9.633 10.057 10.152 9.999 9.611 9.442 9.252 9.967
141.6528 10.684 10.733 10.658 10.465 10.323 10.184 10.545 10.443 10.32 10.179 10.038 9.89 10.448 10.275 10.103 9.983 9.872 10.212 10.069 9.949 9.85 9.682 10.106 10.201 10.048 9.66 9.491 9.3 10.015
145.0699 10.731 10.78 10.705 10.512 10.37 10.231 10.591 10.49 10.367 10.225 10.085 9.936 10.495 10.322 10.15 10.03 9.919 10.258 10.116 9.996 9.897 9.729 10.153 10.248 10.095 9.707 9.538 9.347 10.062
148.5695 10.775 10.825 10.75 10.557 10.415 10.275 10.636 10.535 10.412 10.27 10.13 9.981 10.54 10.367 10.195 10.074 9.964 10.303 10.161 10.041 9.942 9.774 10.197 10.293 10.14 9.752 9.583 9.392 10.107
152.1534 10.82 10.87 10.795 10.602 10.459 10.32 10.681 10.579 10.457 10.315 10.175 10.026 10.584 10.412 10.24 10.119 10.009 10.348 10.206 10.086 9.987 9.818 10.242 10.337 10.185 9.797 9.627 9.437 10.152
155.8238 10.865 10.914 10.84 10.647 10.504 10.365 10.726 10.624 10.502 10.36 10.219 10.071 10.629 10.457 10.285 10.164 10.053 10.393 10.25 10.13 10.031 9.863 10.287 10.382 10.229 9.841 9.672 9.482 10.197
159.5828 10.91 10.959 10.884 10.691 10.549 10.41 10.771 10.669 10.547 10.405 10.264 10.116 10.674 10.501 10.33 10.209 10.098 10.438 10.295 10.175 10.076 9.908 10.332 10.427 10.274 9.886 9.717 9.527 10.242
163.4324 10.954 11.004 10.929 10.736 10.594 10.455 10.815 10.714 10.591 10.449 10.309 10.16 10.719 10.546 10.374 10.254 10.143 10.482 10.34 10.22 10.121 9.953 10.377 10.472 10.319 9.931 9.762 9.571 10.286
167.375 10.999 11.049 10.974 10.781 10.639 10.499 10.86 10.759 10.636 10.494 10.354 10.205 10.764 10.591 10.419 10.298 10.188 10.527 10.385 10.265 10.166 9.998 10.421 10.517 10.364 9.976 9.807 9.616 10.331
171.4126 11.044 11.094 11.019 10.826 10.683 10.544 10.905 10.803 10.681 10.539 10.399 10.25 10.808 10.636 10.464 10.343 10.233 10.572 10.429 10.31 10.211 10.042 10.466 10.561 10.409 10.021 9.851 9.661 10.376
175.5476 11.089 11.138 11.063 10.871 10.728 10.589 10.95 10.848 10.726 10.584 10.443 10.295 10.853 10.681 10.509 10.388 10.277 10.617 10.474 10.354 10.255 10.087 10.511 10.606 10.453 10.065 9.896 9.706 10.421
179.7823 11.134 11.183 11.108 10.915 10.773 10.634 10.995 10.893 10.771 10.629 10.488 10.34 10.898 10.725 10.554 10.433 10.322 10.662 10.519 10.399 10.3 10.132 10.556 10.651 10.498 10.11 9.941 9.751 10.466
184.1193 11.177 11.227 11.152 10.959 10.816 10.677 11.038 10.936 10.814 10.672 10.532 10.383 10.941 10.769 10.597 10.476 10.366 10.705 10.563 10.443 10.344 10.175 10.599 10.694 10.542 10.154 9.984 9.794 10.509
188.5608 11.22 11.269 11.194 11.001 10.859 10.72 11.081 10.979 10.857 10.715 10.574 10.426 10.984 10.811 10.64 10.519 10.408 10.748 10.605 10.485 10.386 10.218 10.642 10.737 10.584 10.196 10.027 9.837 10.552
193.1095 11.262 11.312 11.237 11.044 10.902 10.763 11.123 11.022 10.899 10.757 10.617 10.468 11.027 10.854 10.682 10.562 10.451 10.79 10.648 10.528 10.429 10.261 10.685 10.78 10.627 10.239 10.07 9.879 10.594
197.7679 11.305 11.355 11.28 11.087 10.944 10.805 11.166 11.064 10.942 10.8 10.66 10.511 11.069 10.897 10.725 10.604 10.494 10.833 10.69 10.571 10.472 10.303 10.727 10.822 10.67 10.282 10.112 9.922 10.637
202.5387 11.348 11.397 11.322 11.129 10.987 10.848 11.209 11.107 10.985 10.843 10.702 10.554 11.112 10.939 10.768 10.647 10.536 10.876 10.733 10.613 10.514 10.346 10.77 10.865 10.712 10.324 10.155 9.965 10.68
207.4245 11.39 11.44 11.365 11.172 11.03 10.89 11.251 11.15 11.027 10.885 10.745 10.596 11.155 10.982 10.81 10.689 10.579 10.918 10.776 10.656 10.557 10.389 10.812 10.908 10.755 10.367 10.198 10.007 10.722
212.4283 11.433 11.482 11.408 11.215 11.072 10.933 11.294 11.192 11.07 10.928 10.787 10.639 11.197 11.025 10.853 10.732 10.621 10.961 10.818 10.699 10.6 10.431 10.855 10.95 10.797 10.41 10.24 10.05 10.765
217.5527 11.476 11.525 11.45 11.257 11.115 10.976 11.337 11.235 11.112 10.971 10.83 10.682 11.24 11.067 10.895 10.775 10.664 11.004 10.861 10.741 10.642 10.474 10.898 10.993 10.84 10.452 10.283 10.093 10.807
222.8008 11.518 11.568 11.493 11.3 11.157 11.018 11.379 11.278 11.155 11.013 10.873 10.724 11.283 11.11 10.938 10.817 10.707 11.046 10.904 10.784 10.685 10.517 10.94 11.036 10.883 10.495 10.325 10.135 10.85
228.1754 11.561 11.61 11.535 11.343 11.2 11.061 11.422 11.32 11.198 11.056 10.915 10.767 11.325 11.153 10.981 10.86 10.749 11.089 10.946 10.826 10.727 10.559 10.983 11.078 10.925 10.537 10.368 10.178 10.893
233.6797 11.602 11.652 11.577 11.384 11.241 11.102 11.463 11.361 11.239 11.097 10.957 10.808 11.366 11.194 11.022 10.901 10.791 11.13 10.987 10.868 10.769 10.6 11.024 11.119 10.967 10.579 10.409 10.219 10.934
239.3168 11.643 11.692 11.617 11.424 11.282 11.143 11.504 11.402 11.28 11.138 10.997 10.849 11.407 11.235 11.063 10.942 10.831 11.171 11.028 10.908 10.809 10.641 11.065 11.16 11.007 10.619 10.45 10.26 10.975
245.0899 11.684 11.733 11.658 11.465 11.323 11.184 11.545 11.443 11.32 11.179 11.038 10.889 11.448 11.275 11.103 10.983 10.872 11.212 11.069 10.949 10.85 10.682 11.106 11.201 11.048 10.66 10.491 10.3 11.015
251.0022 11.724 11.774 11.699 11.506 11.364 11.224 11.585 11.484 11.361 11.219 11.079 10.93 11.489 11.316 11.144 11.024 10.913 11.252 11.11 10.99 10.891 10.723 11.146 11.242 11.089 10.701 10.532 10.341 11.056
257.0572 11.765 11.815 11.74 11.547 11.404 11.265 11.626 11.524 11.402 11.26 11.12 10.971 11.529 11.357 11.185 11.064 10.954 11.293 11.15 11.031 10.932 10.763 11.187 11.282 11.13 10.742 10.572 10.382 11.097
263.2582 11.806 11.855 11.78 11.587 11.445 11.306 11.667 11.565 11.443 11.301 11.16 11.012 11.57 11.398 11.226 11.105 10.994 11.334 11.191 11.071 10.972 10.804 11.228 11.323 11.17 10.782 10.613 10.423 11.138
269.6088 11.847 11.896 11.821 11.628 11.486 11.347 11.707 11.606 11.483 11.342 11.201 11.052 11.611 11.438 11.266 11.146 11.035 11.375 11.232 11.112 11.013 10.845 11.269 11.364 11.211 10.823 10.654 10.463 11.178
276.1126 11.887 11.937 11.862 11.669 11.527 11.387 11.748 11.647 11.524 11.382 11.242 11.093 11.652 11.479 11.307 11.186 11.076 11.415 11.273 11.153 11.054 10.886 11.309 11.405 11.252 10.864 10.695 10.504 11.219
282.7734 11.928 11.978 11.903 11.71 11.567 11.428 11.789 11.687 11.565 11.423 11.283 11.134 11.692 11.52 11.348 11.227 11.117 11.456 11.313 11.194 11.095 10.926 11.35 11.445 11.293 10.905 10.735 10.545 11.26
289.5947 11.969 12.018 11.943 11.75 11.608 11.469 11.83 11.728 11.606 11.464 11.323 11.175 11.733 11.561 11.389 11.268 11.157 11.497 11.354 11.234 11.135 10.967 11.391 11.486 11.333 10.945 10.776 10.586 11.301
