web/models/kne.last_good/kappa_1_10/21/villar_0.5000_0.0613_10.0000.dat
# %ECSV 1.0
# ---
# datatype:
# - {name: time, datatype: float64}
# - {name: swift_uvot_uvw2, datatype: float64}
# - {name: swift_uvot_uvm2, datatype: float64}
# - {name: swift_uvot_uvw1, datatype: float64}
# - {name: swift_uvot_U, datatype: float64}
# - {name: swift_uvot_B, datatype: float64}
# - {name: swift_uvot_V, datatype: float64}
# - {name: swift_uvot_W, datatype: float64}
# - {name: johnson_U, datatype: float64}
# - {name: johnson_B, datatype: float64}
# - {name: johnson_V, datatype: float64}
# - {name: johnson_R, datatype: float64}
# - {name: johnson_I, datatype: float64}
# - {name: sdss_u, datatype: float64}
# - {name: sdss_g, datatype: float64}
# - {name: sdss_r, datatype: float64}
# - {name: sdss_i, datatype: float64}
# - {name: sdss_z, datatype: float64}
# - {name: PS1_g, datatype: float64}
# - {name: PS1_r, datatype: float64}
# - {name: PS1_i, datatype: float64}
# - {name: PS1_z, datatype: float64}
# - {name: PS1_Y, datatype: float64}
# - {name: PS1_w, datatype: float64}
# - {name: ATLAS_c, datatype: float64}
# - {name: ATLAS_o, datatype: float64}
# - {name: ukirt_J, datatype: float64}
# - {name: ukirt_H, datatype: float64}
# - {name: ukirt_K, datatype: float64}
# - {name: Clear, datatype: float64}
# meta: !!omap
# - comment: [kappa = 10.0, type = villar, mass = 0.5000000000045836, velocity = 0.06133333333333335, theta_obs = 0.0]
# schema: astropy-2.0
time swift_uvot_uvw2 swift_uvot_uvm2 swift_uvot_uvw1 swift_uvot_U swift_uvot_B swift_uvot_V swift_uvot_W johnson_U johnson_B johnson_V johnson_R johnson_I sdss_u sdss_g sdss_r sdss_i sdss_z PS1_g PS1_r PS1_i PS1_z PS1_Y PS1_w ATLAS_c ATLAS_o ukirt_J ukirt_H ukirt_K Clear
[from data line 151]
0.089944 -11.971 -11.918 -11.856 -11.63 -11.364 -11.05 -11.713 -11.592 -11.361 -11.04 -10.697 -10.287 -11.601 -11.265 -10.853 -10.535 -10.227 -11.248 -10.881 -10.568 -10.356 -10.32 -10.899 -11.105 -10.722 -9.596 -9.073 -8.462 -10.962
0.092665 -12.003 -11.953 -11.894 -11.673 -11.41 -11.098 -11.751 -11.636 -11.406 -11.088 -10.746 -10.337 -11.644 -11.312 -10.902 -10.584 -10.277 -11.295 -10.929 -10.617 -10.405 -10.367 -10.947 -11.152 -10.771 -9.648 -9.125 -8.515 -11.009
0.095467 -12.035 -11.989 -11.932 -11.716 -11.456 -11.146 -11.79 -11.68 -11.452 -11.136 -10.795 -10.388 -11.688 -11.358 -10.951 -10.634 -10.328 -11.341 -10.978 -10.667 -10.455 -10.415 -10.995 -11.2 -10.82 -9.699 -9.178 -8.568 -11.057
0.098355 -12.066 -12.024 -11.97 -11.76 -11.502 -11.194 -11.828 -11.723 -11.498 -11.184 -10.844 -10.438 -11.732 -11.405 -10.999 -10.684 -10.378 -11.388 -11.026 -10.716 -10.504 -10.463 -11.043 -11.247 -10.869 -9.751 -9.23 -8.621 -11.104
0.101329 -12.097 -12.059 -12.007 -11.802 -11.547 -11.241 -11.866 -11.767 -11.544 -11.231 -10.893 -10.489 -11.775 -11.451 -11.048 -10.734 -10.429 -11.434 -11.074 -10.765 -10.553 -10.51 -11.091 -11.294 -10.918 -9.803 -9.283 -8.673 -11.152
0.104394 -12.128 -12.094 -12.044 -11.845 -11.593 -11.289 -11.904 -11.81 -11.589 -11.279 -10.942 -10.539 -11.818 -11.497 -11.096 -10.783 -10.479 -11.48 -11.122 -10.814 -10.602 -10.558 -11.139 -11.341 -10.967 -9.855 -9.335 -8.726 -11.199
0.107551 -12.159 -12.128 -12.081 -11.888 -11.638 -11.336 -11.942 -11.853 -11.635 -11.326 -10.991 -10.589 -11.861 -11.543 -11.145 -10.833 -10.53 -11.526 -11.17 -10.863 -10.651 -10.606 -11.187 -11.388 -11.016 -9.906 -9.387 -8.779 -11.247
0.110804 -12.189 -12.162 -12.118 -11.93 -11.684 -11.384 -11.979 -11.896 -11.68 -11.374 -11.04 -10.639 -11.904 -11.589 -11.193 -10.882 -10.58 -11.572 -11.218 -10.912 -10.701 -10.653 -11.234 -11.435 -11.065 -9.958 -9.439 -8.832 -11.294
0.114155 -12.219 -12.196 -12.154 -11.973 -11.729 -11.431 -12.017 -11.939 -11.725 -11.421 -11.089 -10.689 -11.947 -11.635 -11.241 -10.932 -10.63 -11.618 -11.266 -10.96 -10.75 -10.701 -11.282 -11.482 -11.114 -10.009 -9.492 -8.885 -11.341
0.117608 -12.249 -12.23 -12.19 -12.015 -11.774 -11.478 -12.054 -11.982 -11.77 -11.468 -11.138 -10.739 -11.989 -11.681 -11.29 -10.981 -10.681 -11.664 -11.313 -11.009 -10.799 -10.749 -11.33 -11.529 -11.162 -10.061 -9.544 -8.938 -11.388
0.121165 -12.279 -12.263 -12.226 -12.057 -11.819 -11.525 -12.091 -12.024 -11.815 -11.516 -11.186 -10.789 -12.032 -11.726 -11.338 -11.03 -10.731 -11.709 -11.361 -11.058 -10.848 -10.796 -11.377 -11.575 -11.211 -10.112 -9.596 -8.99 -11.435
0.124829 -12.308 -12.297 -12.262 -12.099 -11.864 -11.572 -12.128 -12.067 -11.86 -11.563 -11.235 -10.839 -12.074 -11.772 -11.386 -11.08 -10.781 -11.755 -11.409 -11.107 -10.897 -10.844 -11.425 -11.622 -11.259 -10.164 -9.648 -9.043 -11.482
0.128605 -12.337 -12.33 -12.298 -12.141 -11.908 -11.619 -12.165 -12.109 -11.905 -11.61 -11.283 -10.889 -12.116 -11.818 -11.434 -11.129 -10.831 -11.801 -11.456 -11.155 -10.946 -10.892 -11.472 -11.668 -11.308 -10.215 -9.7 -9.096 -11.529
0.132494 -12.366 -12.362 -12.333 -12.182 -11.953 -11.666 -12.201 -12.151 -11.949 -11.656 -11.332 -10.939 -12.158 -11.863 -11.481 -11.178 -10.881 -11.846 -11.504 -11.204 -10.994 -10.939 -11.519 -11.715 -11.356 -10.266 -9.752 -9.149 -11.576
0.136502 -12.394 -12.395 -12.368 -12.224 -11.997 -11.713 -12.237 -12.193 -11.994 -11.703 -11.38 -10.989 -12.2 -11.908 -11.529 -11.227 -10.931 -11.891 -11.551 -11.253 -11.043 -10.987 -11.566 -11.761 -11.404 -10.318 -9.804 -9.201 -11.622
0.14063 -12.422 -12.427 -12.403 -12.265 -12.042 -11.759 -12.273 -12.235 -12.038 -11.75 -11.428 -11.038 -12.242 -11.953 -11.577 -11.276 -10.981 -11.936 -11.598 -11.301 -11.092 -11.035 -11.613 -11.807 -11.452 -10.369 -9.857 -9.254 -11.669
0.144883 -12.45 -12.458 -12.438 -12.306 -12.086 -11.806 -12.309 -12.276 -12.082 -11.797 -11.477 -11.088 -12.284 -11.998 -11.624 -11.325 -11.031 -11.981 -11.646 -11.349 -11.141 -11.082 -11.66 -11.853 -11.5 -10.42 -9.908 -9.306 -11.715
0.149265 -12.478 -12.49 -12.472 -12.347 -12.13 -11.852 -12.345 -12.318 -12.126 -11.843 -11.525 -11.138 -12.325 -12.043 -11.672 -11.374 -11.081 -12.026 -11.693 -11.398 -11.19 -11.13 -11.707 -11.899 -11.548 -10.471 -9.96 -9.359 -11.761
0.15378 -12.505 -12.521 -12.506 -12.387 -12.174 -11.899 -12.381 -12.359 -12.17 -11.889 -11.573 -11.187 -12.366 -12.088 -11.719 -11.422 -11.13 -12.071 -11.74 -11.446 -11.238 -11.178 -11.754 -11.945 -11.596 -10.523 -10.012 -9.412 -11.808
0.15843 -12.532 -12.552 -12.54 -12.428 -12.218 -11.945 -12.416 -12.4 -12.214 -11.936 -11.621 -11.237 -12.407 -12.133 -11.767 -11.471 -11.18 -12.116 -11.787 -11.494 -11.287 -11.225 -11.801 -11.99 -11.644 -10.574 -10.064 -9.464 -11.854
0.163222 -12.558 -12.583 -12.574 -12.468 -12.261 -11.991 -12.451 -12.441 -12.258 -11.982 -11.669 -11.286 -12.448 -12.177 -11.814 -11.52 -11.23 -12.161 -11.834 -11.543 -11.336 -11.273 -11.847 -12.036 -11.692 -10.625 -10.116 -9.517 -11.9
0.168159 -12.585 -12.613 -12.607 -12.509 -12.305 -12.037 -12.486 -12.482 -12.301 -12.028 -11.717 -11.335 -12.489 -12.221 -11.861 -11.568 -11.279 -12.205 -11.881 -11.591 -11.384 -11.32 -11.894 -12.082 -11.74 -10.676 -10.168 -9.569 -11.946
0.173245 -12.611 -12.643 -12.64 -12.549 -12.348 -12.083 -12.521 -12.523 -12.345 -12.074 -11.764 -11.385 -12.529 -12.266 -11.908 -11.617 -11.329 -12.249 -11.927 -11.639 -11.433 -11.368 -11.94 -12.127 -11.787 -10.727 -10.22 -9.622 -11.992
0.178484 -12.636 -12.673 -12.673 -12.589 -12.392 -12.129 -12.555 -12.563 -12.388 -12.12 -11.812 -11.434 -12.57 -12.31 -11.955 -11.665 -11.378 -12.294 -11.974 -11.687 -11.481 -11.415 -11.987 -12.172 -11.835 -10.778 -10.272 -9.674 -12.037
0.183882 -12.662 -12.703 -12.706 -12.628 -12.435 -12.175 -12.59 -12.603 -12.431 -12.166 -11.86 -11.483 -12.61 -12.354 -12.002 -11.714 -11.428 -12.338 -12.021 -11.735 -11.529 -11.463 -12.033 -12.217 -11.882 -10.829 -10.323 -9.727 -12.083
0.189444 -12.687 -12.732 -12.738 -12.668 -12.478 -12.22 -12.624 -12.643 -12.474 -12.211 -11.907 -11.532 -12.65 -12.398 -12.049 -11.762 -11.477 -12.382 -12.067 -11.783 -11.578 -11.51 -12.079 -12.262 -11.93 -10.88 -10.375 -9.779 -12.129
0.195173 -12.711 -12.761 -12.77 -12.707 -12.521 -12.266 -12.658 -12.683 -12.517 -12.257 -11.954 -11.581 -12.69 -12.442 -12.096 -11.81 -11.526 -12.426 -12.114 -11.83 -11.626 -11.558 -12.125 -12.307 -11.977 -10.93 -10.427 -9.831 -12.174
0.201076 -12.736 -12.789 -12.802 -12.746 -12.563 -12.311 -12.691 -12.723 -12.56 -12.302 -12.002 -11.63 -12.729 -12.485 -12.142 -11.858 -11.575 -12.47 -12.16 -11.878 -11.674 -11.605 -12.171 -12.352 -12.024 -10.981 -10.478 -9.884 -12.219
0.207158 -12.76 -12.817 -12.834 -12.785 -12.606 -12.357 -12.725 -12.763 -12.602 -12.348 -12.049 -11.679 -12.769 -12.529 -12.189 -11.906 -11.625 -12.513 -12.206 -11.926 -11.723 -11.652 -12.217 -12.397 -12.071 -11.032 -10.53 -9.936 -12.265
0.213423 -12.783 -12.845 -12.865 -12.824 -12.648 -12.402 -12.758 -12.802 -12.645 -12.393 -12.096 -11.728 -12.808 -12.572 -12.235 -11.954 -11.674 -12.557 -12.252 -11.973 -11.771 -11.7 -12.263 -12.442 -12.118 -11.083 -10.581 -9.988 -12.31
0.219878 -12.807 -12.873 -12.896 -12.862 -12.691 -12.447 -12.791 -12.841 -12.687 -12.438 -12.143 -11.777 -12.847 -12.615 -12.281 -12.002 -11.723 -12.6 -12.298 -12.021 -11.819 -11.747 -12.308 -12.486 -12.165 -11.133 -10.633 -10.04 -12.355
0.226528 -12.83 -12.9 -12.927 -12.901 -12.733 -12.492 -12.824 -12.88 -12.729 -12.483 -12.19 -11.825 -12.886 -12.658 -12.328 -12.05 -11.772 -12.644 -12.344 -12.068 -11.867 -11.794 -12.354 -12.53 -12.212 -11.184 -10.684 -10.093 -12.4
0.233379 -12.852 -12.927 -12.957 -12.939 -12.775 -12.537 -12.857 -12.919 -12.771 -12.528 -12.237 -11.874 -12.925 -12.701 -12.374 -12.098 -11.82 -12.687 -12.39 -12.116 -11.915 -11.842 -12.399 -12.575 -12.259 -11.234 -10.736 -10.145 -12.444
0.240437 -12.875 -12.953 -12.987 -12.977 -12.817 -12.582 -12.889 -12.957 -12.813 -12.573 -12.284 -11.923 -12.963 -12.744 -12.42 -12.145 -11.869 -12.73 -12.436 -12.163 -11.963 -11.889 -12.444 -12.619 -12.306 -11.285 -10.787 -10.197 -12.489
0.247709 -12.897 -12.979 -13.017 -13.014 -12.858 -12.626 -12.922 -12.996 -12.855 -12.617 -12.33 -11.971 -13.001 -12.787 -12.466 -12.193 -11.918 -12.773 -12.481 -12.21 -12.011 -11.936 -12.49 -12.663 -12.352 -11.335 -10.839 -10.249 -12.534
0.255201 -12.918 -13.005 -13.047 -13.052 -12.9 -12.671 -12.954 -13.034 -12.896 -12.662 -12.377 -12.02 -13.04 -12.829 -12.511 -12.24 -11.967 -12.815 -12.527 -12.257 -12.059 -11.983 -12.535 -12.707 -12.399 -11.386 -10.89 -10.301 -12.578
0.262919 -12.939 -13.031 -13.076 -13.089 -12.941 -12.715 -12.985 -13.072 -12.938 -12.706 -12.424 -12.068 -13.077 -12.872 -12.557 -12.288 -12.015 -12.858 -12.572 -12.304 -12.106 -12.031 -12.58 -12.75 -12.445 -11.436 -10.941 -10.353 -12.622
0.270871 -12.96 -13.056 -13.105 -13.126 -12.982 -12.759 -13.017 -13.11 -12.979 -12.751 -12.47 -12.116 -13.115 -12.914 -12.603 -12.335 -12.064 -12.9 -12.618 -12.351 -12.154 -12.078 -12.624 -12.794 -12.491 -11.486 -10.993 -10.406 -12.666
0.279064 -12.98 -13.081 -13.134 -13.163 -13.023 -12.803 -13.048 -13.147 -13.02 -12.795 -12.516 -12.164 -13.153 -12.956 -12.648 -12.382 -12.112 -12.943 -12.663 -12.398 -12.202 -12.125 -12.669 -12.837 -12.537 -11.537 -11.044 -10.458 -12.711
0.287504 -13.0 -13.105 -13.162 -13.2 -13.064 -12.847 -13.079 -13.185 -13.061 -12.839 -12.562 -12.212 -13.19 -12.998 -12.694 -12.429 -12.161 -12.985 -12.708 -12.445 -12.249 -12.172 -12.714 -12.881 -12.583 -11.587 -11.095 -10.51 -12.754
0.296199 -13.02 -13.129 -13.19 -13.236 -13.105 -12.891 -13.11 -13.222 -13.101 -12.883 -12.609 -12.26 -13.227 -13.04 -12.739 -12.476 -12.209 -13.027 -12.753 -12.492 -12.297 -12.219 -12.758 -12.924 -12.629 -11.637 -11.146 -10.562 -12.798
0.305157 -13.039 -13.153 -13.218 -13.272 -13.145 -12.935 -13.141 -13.259 -13.142 -12.926 -12.655 -12.308 -13.264 -13.081 -12.784 -12.523 -12.257 -13.069 -12.798 -12.539 -12.344 -12.266 -12.803 -12.967 -12.675 -11.687 -11.197 -10.613 -12.842
0.314387 -13.058 -13.176 -13.245 -13.308 -13.185 -12.978 -13.171 -13.295 -13.182 -12.97 -12.7 -12.356 -13.3 -13.123 -12.829 -12.57 -12.305 -13.11 -12.843 -12.585 -12.391 -12.313 -12.847 -13.01 -12.721 -11.737 -11.248 -10.665 -12.886
0.323895 -13.077 -13.199 -13.273 -13.344 -13.225 -13.022 -13.202 -13.332 -13.222 -13.014 -12.746 -12.404 -13.336 -13.164 -12.874 -12.617 -12.354 -13.152 -12.888 -12.632 -12.439 -12.36 -12.891 -13.053 -12.767 -11.787 -11.299 -10.717 -12.929
0.333691 -13.095 -13.221 -13.299 -13.379 -13.265 -13.065 -13.232 -13.368 -13.262 -13.057 -12.792 -12.452 -13.373 -13.205 -12.919 -12.664 -12.402 -13.193 -12.932 -12.678 -12.486 -12.406 -12.935 -13.095 -12.812 -11.837 -11.35 -10.769 -12.972
0.343783 -13.112 -13.243 -13.326 -13.414 -13.305 -13.108 -13.261 -13.404 -13.302 -13.1 -12.837 -12.499 -13.408 -13.246 -12.963 -12.71 -12.449 -13.235 -12.977 -12.724 -12.533 -12.453 -12.979 -13.138 -12.858 -11.887 -11.401 -10.821 -13.015
0.354181 -13.129 -13.265 -13.352 -13.449 -13.345 -13.151 -13.291 -13.44 -13.342 -13.143 -12.883 -12.547 -13.444 -13.287 -13.008 -12.757 -12.497 -13.276 -13.021 -12.77 -12.58 -12.5 -13.023 -13.18 -12.903 -11.937 -11.452 -10.873 -13.058
0.364893 -13.146 -13.286 -13.378 -13.484 -13.384 -13.194 -13.32 -13.475 -13.381 -13.186 -12.928 -12.594 -13.479 -13.327 -13.052 -12.803 -12.545 -13.317 -13.065 -12.817 -12.627 -12.547 -13.066 -13.222 -12.948 -11.987 -11.503 -10.925 -13.101
0.375929 -13.162 -13.307 -13.403 -13.518 -13.423 -13.237 -13.349 -13.51 -13.42 -13.229 -12.973 -12.642 -13.515 -13.368 -13.097 -12.849 -12.593 -13.357 -13.109 -12.863 -12.674 -12.593 -13.11 -13.264 -12.993 -12.036 -11.554 -10.976 -13.144
0.387298 -13.178 -13.327 -13.428 -13.553 -13.462 -13.28 -13.378 -13.546 -13.459 -13.272 -13.019 -12.689 -13.549 -13.408 -13.141 -12.895 -12.64 -13.398 -13.153 -12.909 -12.721 -12.64 -13.153 -13.306 -13.038 -12.086 -11.605 -11.028 -13.187
0.399012 -13.194 -13.347 -13.453 -13.586 -13.501 -13.322 -13.407 -13.58 -13.498 -13.314 -13.064 -12.736 -13.584 -13.448 -13.185 -12.941 -12.688 -13.438 -13.197 -12.954 -12.768 -12.687 -13.196 -13.348 -13.083 -12.136 -11.655 -11.08 -13.229
0.41108 -13.209 -13.367 -13.477 -13.62 -13.54 -13.364 -13.435 -13.615 -13.537 -13.356 -13.108 -12.783 -13.618 -13.488 -13.229 -12.987 -12.735 -13.479 -13.241 -13.0 -12.815 -12.733 -13.239 -13.389 -13.128 -12.185 -11.706 -11.131 -13.271
0.423513 -13.223 -13.386 -13.501 -13.653 -13.578 -13.406 -13.463 -13.649 -13.575 -13.399 -13.153 -12.83 -13.653 -13.528 -13.272 -13.033 -12.783 -13.519 -13.284 -13.046 -12.861 -12.779 -13.282 -13.43 -13.172 -12.235 -11.757 -11.183 -13.314
0.436321 -13.237 -13.404 -13.525 -13.687 -13.616 -13.448 -13.491 -13.683 -13.613 -13.441 -13.198 -12.877 -13.686 -13.567 -13.316 -13.079 -12.83 -13.559 -13.328 -13.091 -12.908 -12.826 -13.325 -13.472 -13.217 -12.284 -11.807 -11.234 -13.356
0.449518 -13.251 -13.422 -13.548 -13.719 -13.654 -13.49 -13.518 -13.717 -13.651 -13.482 -13.242 -12.924 -13.72 -13.606 -13.36 -13.125 -12.877 -13.598 -13.371 -13.137 -12.954 -12.872 -13.368 -13.513 -13.261 -12.333 -11.858 -11.286 -13.398
0.463113 -13.264 -13.44 -13.571 -13.752 -13.692 -13.532 -13.546 -13.75 -13.689 -13.524 -13.287 -12.971 -13.753 -13.645 -13.403 -13.17 -12.924 -13.638 -13.414 -13.182 -13.001 -12.918 -13.41 -13.554 -13.305 -12.383 -11.908 -11.337 -13.439
0.47712 -13.277 -13.457 -13.593 -13.784 -13.729 -13.573 -13.573 -13.783 -13.726 -13.566 -13.331 -13.018 -13.786 -13.684 -13.446 -13.216 -12.971 -13.677 -13.457 -13.227 -13.047 -12.965 -13.453 -13.594 -13.349 -12.432 -11.959 -11.389 -13.481
0.49155 -13.289 -13.474 -13.615 -13.816 -13.767 -13.614 -13.599 -13.816 -13.764 -13.607 -13.375 -13.064 -13.819 -13.723 -13.489 -13.261 -13.018 -13.716 -13.5 -13.272 -13.093 -13.011 -13.495 -13.635 -13.393 -12.481 -12.009 -11.44 -13.522
0.506416 -13.301 -13.491 -13.637 -13.848 -13.804 -13.656 -13.626 -13.849 -13.801 -13.648 -13.419 -13.111 -13.852 -13.761 -13.532 -13.306 -13.065 -13.755 -13.543 -13.317 -13.139 -13.057 -13.537 -13.675 -13.437 -12.53 -12.06 -11.491 -13.564
0.521733 -13.312 -13.506 -13.658 -13.879 -13.841 -13.697 -13.652 -13.881 -13.838 -13.689 -13.463 -13.157 -13.884 -13.8 -13.575 -13.351 -13.112 -13.794 -13.586 -13.362 -13.185 -13.103 -13.579 -13.715 -13.481 -12.579 -12.11 -11.543 -13.605
0.537512 -13.323 -13.522 -13.679 -13.91 -13.877 -13.737 -13.678 -13.913 -13.874 -13.73 -13.507 -13.203 -13.916 -13.838 -13.617 -13.396 -13.158 -13.832 -13.628 -13.407 -13.231 -13.149 -13.621 -13.755 -13.524 -12.628 -12.16 -11.594 -13.646
0.553769 -13.333 -13.537 -13.699 -13.941 -13.914 -13.778 -13.704 -13.945 -13.911 -13.771 -13.55 -13.249 -13.947 -13.876 -13.66 -13.441 -13.205 -13.871 -13.671 -13.452 -13.277 -13.195 -13.662 -13.795 -13.568 -12.677 -12.21 -11.645 -13.686
0.570517 -13.343 -13.551 -13.72 -13.972 -13.95 -13.818 -13.73 -13.977 -13.947 -13.811 -13.594 -13.295 -13.978 -13.913 -13.702 -13.486 -13.251 -13.909 -13.713 -13.496 -13.323 -13.24 -13.704 -13.834 -13.611 -12.726 -12.26 -11.696 -13.727
0.587772 -13.352 -13.565 -13.739 -14.002 -13.986 -13.859 -13.755 -14.008 -13.983 -13.851 -13.637 -13.341 -14.009 -13.951 -13.744 -13.53 -13.297 -13.947 -13.755 -13.54 -13.368 -13.286 -13.745 -13.874 -13.654 -12.775 -12.31 -11.748 -13.767
0.605549 -13.36 -13.578 -13.758 -14.032 -14.021 -13.899 -13.78 -14.039 -14.019 -13.892 -13.68 -13.387 -14.04 -13.988 -13.786 -13.575 -13.343 -13.985 -13.797 -13.585 -13.414 -13.332 -13.786 -13.913 -13.697 -12.823 -12.36 -11.799 -13.808
0.623863 -13.369 -13.591 -13.777 -14.061 -14.057 -13.938 -13.805 -14.069 -14.054 -13.932 -13.723 -13.433 -14.07 -14.025 -13.828 -13.619 -13.39 -14.022 -13.838 -13.629 -13.459 -13.377 -13.827 -13.952 -13.74 -12.872 -12.41 -11.85 -13.848
0.642731 -13.376 -13.603 -13.795 -14.09 -14.092 -13.978 -13.829 -14.099 -14.089 -13.971 -13.766 -13.478 -14.1 -14.062 -13.87 -13.663 -13.436 -14.059 -13.88 -13.673 -13.504 -13.423 -13.868 -13.991 -13.783 -12.92 -12.46 -11.901 -13.888
