web/models/linear/35/-15_122_0_006.dat
# %ECSV 1.0
# ---
# datatype:
# - {name: time, datatype: float64}
# - {name: sdss_u, datatype: float64}
# - {name: sdss_g, datatype: float64}
# - {name: sdss_r, datatype: float64}
# - {name: sdss_i, datatype: float64}
# - {name: sdss_z, datatype: float64}
# - {name: Clear, datatype: float64}
# - {name: johnson_B, datatype: float64}
# - {name: johnson_V, datatype: float64}
# - {name: johnson_R, datatype: float64}
# - {name: johnson_I, datatype: float64}
# - {name: ukirt_J, datatype: float64}
# - {name: ukirt_H, datatype: float64}
# - {name: ukirt_K, datatype: float64}
# meta: !!omap
# - comment: [M=-15.122448979591837, dM=0.006433028999174784]
# schema: astropy-2.0
time sdss_u sdss_g sdss_r sdss_i sdss_z Clear johnson_B johnson_V johnson_R johnson_I ukirt_J ukirt_H ukirt_K
[from data line 117]
8.819095477386934 -15.065715482639316 -15.065715482639316 -15.065715482639316 -15.065715482639316 -15.065715482639316 -15.065715482639316 -15.065715482639316 -15.065715482639316 -15.065715482639316 -15.065715482639316 -15.065715482639316 -15.065715482639316 -15.065715482639316
8.894472361809044 -15.06523058095596 -15.06523058095596 -15.06523058095596 -15.06523058095596 -15.06523058095596 -15.06523058095596 -15.06523058095596 -15.06523058095596 -15.06523058095596 -15.06523058095596 -15.06523058095596 -15.06523058095596 -15.06523058095596
8.969849246231155 -15.064745679272606 -15.064745679272606 -15.064745679272606 -15.064745679272606 -15.064745679272606 -15.064745679272606 -15.064745679272606 -15.064745679272606 -15.064745679272606 -15.064745679272606 -15.064745679272606 -15.064745679272606 -15.064745679272606
9.045226130653266 -15.06426077758925 -15.06426077758925 -15.06426077758925 -15.06426077758925 -15.06426077758925 -15.06426077758925 -15.06426077758925 -15.06426077758925 -15.06426077758925 -15.06426077758925 -15.06426077758925 -15.06426077758925 -15.06426077758925
9.120603015075377 -15.063775875905897 -15.063775875905897 -15.063775875905897 -15.063775875905897 -15.063775875905897 -15.063775875905897 -15.063775875905897 -15.063775875905897 -15.063775875905897 -15.063775875905897 -15.063775875905897 -15.063775875905897 -15.063775875905897
9.195979899497488 -15.063290974222541 -15.063290974222541 -15.063290974222541 -15.063290974222541 -15.063290974222541 -15.063290974222541 -15.063290974222541 -15.063290974222541 -15.063290974222541 -15.063290974222541 -15.063290974222541 -15.063290974222541 -15.063290974222541
9.271356783919597 -15.062806072539187 -15.062806072539187 -15.062806072539187 -15.062806072539187 -15.062806072539187 -15.062806072539187 -15.062806072539187 -15.062806072539187 -15.062806072539187 -15.062806072539187 -15.062806072539187 -15.062806072539187 -15.062806072539187
9.346733668341708 -15.062321170855832 -15.062321170855832 -15.062321170855832 -15.062321170855832 -15.062321170855832 -15.062321170855832 -15.062321170855832 -15.062321170855832 -15.062321170855832 -15.062321170855832 -15.062321170855832 -15.062321170855832 -15.062321170855832
9.422110552763819 -15.061836269172478 -15.061836269172478 -15.061836269172478 -15.061836269172478 -15.061836269172478 -15.061836269172478 -15.061836269172478 -15.061836269172478 -15.061836269172478 -15.061836269172478 -15.061836269172478 -15.061836269172478 -15.061836269172478
9.497487437185928 -15.061351367489122 -15.061351367489122 -15.061351367489122 -15.061351367489122 -15.061351367489122 -15.061351367489122 -15.061351367489122 -15.061351367489122 -15.061351367489122 -15.061351367489122 -15.061351367489122 -15.061351367489122 -15.061351367489122
9.572864321608039 -15.060866465805766 -15.060866465805766 -15.060866465805766 -15.060866465805766 -15.060866465805766 -15.060866465805766 -15.060866465805766 -15.060866465805766 -15.060866465805766 -15.060866465805766 -15.060866465805766 -15.060866465805766 -15.060866465805766
9.64824120603015 -15.060381564122412 -15.060381564122412 -15.060381564122412 -15.060381564122412 -15.060381564122412 -15.060381564122412 -15.060381564122412 -15.060381564122412 -15.060381564122412 -15.060381564122412 -15.060381564122412 -15.060381564122412 -15.060381564122412
9.72361809045226 -15.059896662439057 -15.059896662439057 -15.059896662439057 -15.059896662439057 -15.059896662439057 -15.059896662439057 -15.059896662439057 -15.059896662439057 -15.059896662439057 -15.059896662439057 -15.059896662439057 -15.059896662439057 -15.059896662439057
9.798994974874372 -15.059411760755703 -15.059411760755703 -15.059411760755703 -15.059411760755703 -15.059411760755703 -15.059411760755703 -15.059411760755703 -15.059411760755703 -15.059411760755703 -15.059411760755703 -15.059411760755703 -15.059411760755703 -15.059411760755703
9.874371859296481 -15.058926859072347 -15.058926859072347 -15.058926859072347 -15.058926859072347 -15.058926859072347 -15.058926859072347 -15.058926859072347 -15.058926859072347 -15.058926859072347 -15.058926859072347 -15.058926859072347 -15.058926859072347 -15.058926859072347
9.949748743718592 -15.058441957388993 -15.058441957388993 -15.058441957388993 -15.058441957388993 -15.058441957388993 -15.058441957388993 -15.058441957388993 -15.058441957388993 -15.058441957388993 -15.058441957388993 -15.058441957388993 -15.058441957388993 -15.058441957388993
10.025125628140703 -15.057957055705637 -15.057957055705637 -15.057957055705637 -15.057957055705637 -15.057957055705637 -15.057957055705637 -15.057957055705637 -15.057957055705637 -15.057957055705637 -15.057957055705637 -15.057957055705637 -15.057957055705637 -15.057957055705637
10.100502512562812 -15.057472154022284 -15.057472154022284 -15.057472154022284 -15.057472154022284 -15.057472154022284 -15.057472154022284 -15.057472154022284 -15.057472154022284 -15.057472154022284 -15.057472154022284 -15.057472154022284 -15.057472154022284 -15.057472154022284
10.175879396984923 -15.056987252338928 -15.056987252338928 -15.056987252338928 -15.056987252338928 -15.056987252338928 -15.056987252338928 -15.056987252338928 -15.056987252338928 -15.056987252338928 -15.056987252338928 -15.056987252338928 -15.056987252338928 -15.056987252338928
10.251256281407034 -15.056502350655574 -15.056502350655574 -15.056502350655574 -15.056502350655574 -15.056502350655574 -15.056502350655574 -15.056502350655574 -15.056502350655574 -15.056502350655574 -15.056502350655574 -15.056502350655574 -15.056502350655574 -15.056502350655574
10.326633165829145 -15.056017448972218 -15.056017448972218 -15.056017448972218 -15.056017448972218 -15.056017448972218 -15.056017448972218 -15.056017448972218 -15.056017448972218 -15.056017448972218 -15.056017448972218 -15.056017448972218 -15.056017448972218 -15.056017448972218
10.402010050251256 -15.055532547288863 -15.055532547288863 -15.055532547288863 -15.055532547288863 -15.055532547288863 -15.055532547288863 -15.055532547288863 -15.055532547288863 -15.055532547288863 -15.055532547288863 -15.055532547288863 -15.055532547288863 -15.055532547288863
10.477386934673365 -15.055047645605509 -15.055047645605509 -15.055047645605509 -15.055047645605509 -15.055047645605509 -15.055047645605509 -15.055047645605509 -15.055047645605509 -15.055047645605509 -15.055047645605509 -15.055047645605509 -15.055047645605509 -15.055047645605509
10.552763819095476 -15.054562743922153 -15.054562743922153 -15.054562743922153 -15.054562743922153 -15.054562743922153 -15.054562743922153 -15.054562743922153 -15.054562743922153 -15.054562743922153 -15.054562743922153 -15.054562743922153 -15.054562743922153 -15.054562743922153
10.628140703517587 -15.054077842238799 -15.054077842238799 -15.054077842238799 -15.054077842238799 -15.054077842238799 -15.054077842238799 -15.054077842238799 -15.054077842238799 -15.054077842238799 -15.054077842238799 -15.054077842238799 -15.054077842238799 -15.054077842238799
10.703517587939697 -15.053592940555443 -15.053592940555443 -15.053592940555443 -15.053592940555443 -15.053592940555443 -15.053592940555443 -15.053592940555443 -15.053592940555443 -15.053592940555443 -15.053592940555443 -15.053592940555443 -15.053592940555443 -15.053592940555443
10.778894472361808 -15.05310803887209 -15.05310803887209 -15.05310803887209 -15.05310803887209 -15.05310803887209 -15.05310803887209 -15.05310803887209 -15.05310803887209 -15.05310803887209 -15.05310803887209 -15.05310803887209 -15.05310803887209 -15.05310803887209
10.854271356783919 -15.052623137188734 -15.052623137188734 -15.052623137188734 -15.052623137188734 -15.052623137188734 -15.052623137188734 -15.052623137188734 -15.052623137188734 -15.052623137188734 -15.052623137188734 -15.052623137188734 -15.052623137188734 -15.052623137188734
10.92964824120603 -15.05213823550538 -15.05213823550538 -15.05213823550538 -15.05213823550538 -15.05213823550538 -15.05213823550538 -15.05213823550538 -15.05213823550538 -15.05213823550538 -15.05213823550538 -15.05213823550538 -15.05213823550538 -15.05213823550538
11.00502512562814 -15.051653333822024 -15.051653333822024 -15.051653333822024 -15.051653333822024 -15.051653333822024 -15.051653333822024 -15.051653333822024 -15.051653333822024 -15.051653333822024 -15.051653333822024 -15.051653333822024 -15.051653333822024 -15.051653333822024
11.08040201005025 -15.05116843213867 -15.05116843213867 -15.05116843213867 -15.05116843213867 -15.05116843213867 -15.05116843213867 -15.05116843213867 -15.05116843213867 -15.05116843213867 -15.05116843213867 -15.05116843213867 -15.05116843213867 -15.05116843213867
11.15577889447236 -15.050683530455315 -15.050683530455315 -15.050683530455315 -15.050683530455315 -15.050683530455315 -15.050683530455315 -15.050683530455315 -15.050683530455315 -15.050683530455315 -15.050683530455315 -15.050683530455315 -15.050683530455315 -15.050683530455315
11.231155778894472 -15.050198628771959 -15.050198628771959 -15.050198628771959 -15.050198628771959 -15.050198628771959 -15.050198628771959 -15.050198628771959 -15.050198628771959 -15.050198628771959 -15.050198628771959 -15.050198628771959 -15.050198628771959 -15.050198628771959
11.306532663316581 -15.049713727088605 -15.049713727088605 -15.049713727088605 -15.049713727088605 -15.049713727088605 -15.049713727088605 -15.049713727088605 -15.049713727088605 -15.049713727088605 -15.049713727088605 -15.049713727088605 -15.049713727088605 -15.049713727088605
11.381909547738692 -15.04922882540525 -15.04922882540525 -15.04922882540525 -15.04922882540525 -15.04922882540525 -15.04922882540525 -15.04922882540525 -15.04922882540525 -15.04922882540525 -15.04922882540525 -15.04922882540525 -15.04922882540525 -15.04922882540525
11.457286432160803 -15.048743923721895 -15.048743923721895 -15.048743923721895 -15.048743923721895 -15.048743923721895 -15.048743923721895 -15.048743923721895 -15.048743923721895 -15.048743923721895 -15.048743923721895 -15.048743923721895 -15.048743923721895 -15.048743923721895
11.532663316582914 -15.04825902203854 -15.04825902203854 -15.04825902203854 -15.04825902203854 -15.04825902203854 -15.04825902203854 -15.04825902203854 -15.04825902203854 -15.04825902203854 -15.04825902203854 -15.04825902203854 -15.04825902203854 -15.04825902203854
11.608040201005025 -15.047774120355186 -15.047774120355186 -15.047774120355186 -15.047774120355186 -15.047774120355186 -15.047774120355186 -15.047774120355186 -15.047774120355186 -15.047774120355186 -15.047774120355186 -15.047774120355186 -15.047774120355186 -15.047774120355186
11.683417085427134 -15.04728921867183 -15.04728921867183 -15.04728921867183 -15.04728921867183 -15.04728921867183 -15.04728921867183 -15.04728921867183 -15.04728921867183 -15.04728921867183 -15.04728921867183 -15.04728921867183 -15.04728921867183 -15.04728921867183
11.758793969849245 -15.046804316988476 -15.046804316988476 -15.046804316988476 -15.046804316988476 -15.046804316988476 -15.046804316988476 -15.046804316988476 -15.046804316988476 -15.046804316988476 -15.046804316988476 -15.046804316988476 -15.046804316988476 -15.046804316988476
11.834170854271356 -15.04631941530512 -15.04631941530512 -15.04631941530512 -15.04631941530512 -15.04631941530512 -15.04631941530512 -15.04631941530512 -15.04631941530512 -15.04631941530512 -15.04631941530512 -15.04631941530512 -15.04631941530512 -15.04631941530512
11.909547738693465 -15.045834513621767 -15.045834513621767 -15.045834513621767 -15.045834513621767 -15.045834513621767 -15.045834513621767 -15.045834513621767 -15.045834513621767 -15.045834513621767 -15.045834513621767 -15.045834513621767 -15.045834513621767 -15.045834513621767
11.984924623115576 -15.045349611938411 -15.045349611938411 -15.045349611938411 -15.045349611938411 -15.045349611938411 -15.045349611938411 -15.045349611938411 -15.045349611938411 -15.045349611938411 -15.045349611938411 -15.045349611938411 -15.045349611938411 -15.045349611938411
12.060301507537687 -15.044864710255055 -15.044864710255055 -15.044864710255055 -15.044864710255055 -15.044864710255055 -15.044864710255055 -15.044864710255055 -15.044864710255055 -15.044864710255055 -15.044864710255055 -15.044864710255055 -15.044864710255055 -15.044864710255055
12.135678391959798 -15.044379808571701 -15.044379808571701 -15.044379808571701 -15.044379808571701 -15.044379808571701 -15.044379808571701 -15.044379808571701 -15.044379808571701 -15.044379808571701 -15.044379808571701 -15.044379808571701 -15.044379808571701 -15.044379808571701
12.21105527638191 -15.043894906888346 -15.043894906888346 -15.043894906888346 -15.043894906888346 -15.043894906888346 -15.043894906888346 -15.043894906888346 -15.043894906888346 -15.043894906888346 -15.043894906888346 -15.043894906888346 -15.043894906888346 -15.043894906888346
12.286432160804019 -15.043410005204992 -15.043410005204992 -15.043410005204992 -15.043410005204992 -15.043410005204992 -15.043410005204992 -15.043410005204992 -15.043410005204992 -15.043410005204992 -15.043410005204992 -15.043410005204992 -15.043410005204992 -15.043410005204992
12.36180904522613 -15.042925103521636 -15.042925103521636 -15.042925103521636 -15.042925103521636 -15.042925103521636 -15.042925103521636 -15.042925103521636 -15.042925103521636 -15.042925103521636 -15.042925103521636 -15.042925103521636 -15.042925103521636 -15.042925103521636
12.43718592964824 -15.042440201838282 -15.042440201838282 -15.042440201838282 -15.042440201838282 -15.042440201838282 -15.042440201838282 -15.042440201838282 -15.042440201838282 -15.042440201838282 -15.042440201838282 -15.042440201838282 -15.042440201838282 -15.042440201838282
12.51256281407035 -15.041955300154926 -15.041955300154926 -15.041955300154926 -15.041955300154926 -15.041955300154926 -15.041955300154926 -15.041955300154926 -15.041955300154926 -15.041955300154926 -15.041955300154926 -15.041955300154926 -15.041955300154926 -15.041955300154926
12.58793969849246 -15.041470398471573 -15.041470398471573 -15.041470398471573 -15.041470398471573 -15.041470398471573 -15.041470398471573 -15.041470398471573 -15.041470398471573 -15.041470398471573 -15.041470398471573 -15.041470398471573 -15.041470398471573 -15.041470398471573
12.663316582914572 -15.040985496788217 -15.040985496788217 -15.040985496788217 -15.040985496788217 -15.040985496788217 -15.040985496788217 -15.040985496788217 -15.040985496788217 -15.040985496788217 -15.040985496788217 -15.040985496788217 -15.040985496788217 -15.040985496788217
12.738693467336683 -15.040500595104863 -15.040500595104863 -15.040500595104863 -15.040500595104863 -15.040500595104863 -15.040500595104863 -15.040500595104863 -15.040500595104863 -15.040500595104863 -15.040500595104863 -15.040500595104863 -15.040500595104863 -15.040500595104863
12.814070351758794 -15.040015693421507 -15.040015693421507 -15.040015693421507 -15.040015693421507 -15.040015693421507 -15.040015693421507 -15.040015693421507 -15.040015693421507 -15.040015693421507 -15.040015693421507 -15.040015693421507 -15.040015693421507 -15.040015693421507
12.889447236180903 -15.039530791738152 -15.039530791738152 -15.039530791738152 -15.039530791738152 -15.039530791738152 -15.039530791738152 -15.039530791738152 -15.039530791738152 -15.039530791738152 -15.039530791738152 -15.039530791738152 -15.039530791738152 -15.039530791738152
12.964824120603014 -15.039045890054798 -15.039045890054798 -15.039045890054798 -15.039045890054798 -15.039045890054798 -15.039045890054798 -15.039045890054798 -15.039045890054798 -15.039045890054798 -15.039045890054798 -15.039045890054798 -15.039045890054798 -15.039045890054798
