web/models/linear/35/-15_122_0_019.dat
# %ECSV 1.0
# ---
# datatype:
# - {name: time, datatype: float64}
# - {name: swift_uvot_uvw2, datatype: float64}
# - {name: swift_uvot_uvm2, datatype: float64}
# - {name: swift_uvot_uvw1, datatype: float64}
# - {name: swift_uvot_U, datatype: float64}
# - {name: swift_uvot_B, datatype: float64}
# - {name: swift_uvot_V, datatype: float64}
# - {name: swift_uvot_W, datatype: float64}
# - {name: johnson_U, datatype: float64}
# - {name: johnson_B, datatype: float64}
# - {name: johnson_V, datatype: float64}
# - {name: johnson_R, datatype: float64}
# - {name: johnson_I, datatype: float64}
# - {name: sdss_u, datatype: float64}
# - {name: sdss_g, datatype: float64}
# - {name: sdss_r, datatype: float64}
# - {name: sdss_i, datatype: float64}
# - {name: sdss_z, datatype: float64}
# - {name: PS1_g, datatype: float64}
# - {name: PS1_r, datatype: float64}
# - {name: PS1_i, datatype: float64}
# - {name: PS1_z, datatype: float64}
# - {name: PS1_Y, datatype: float64}
# - {name: PS1_w, datatype: float64}
# - {name: ATLAS_c, datatype: float64}
# - {name: ATLAS_o, datatype: float64}
# - {name: ukirt_J, datatype: float64}
# - {name: ukirt_H, datatype: float64}
# - {name: ukirt_K, datatype: float64}
# - {name: Clear, datatype: float64}
# meta: !!omap
# - comment: [M=-15.122448979591837, dM=0.01905422208552365]
# schema: astropy-2.0
time swift_uvot_uvw2 swift_uvot_uvm2 swift_uvot_uvw1 swift_uvot_U swift_uvot_B swift_uvot_V swift_uvot_W johnson_U johnson_B johnson_V johnson_R johnson_I sdss_u sdss_g sdss_r sdss_i sdss_z PS1_g PS1_r PS1_i PS1_z PS1_Y PS1_w ATLAS_c ATLAS_o ukirt_J ukirt_H ukirt_K Clear
[from data line 136]
10.251256281407034 -14.927119265750289 -14.927119265750289 -14.927119265750289 -14.927119265750289 -14.927119265750289 -14.927119265750289 -14.927119265750289 -14.927119265750289 -14.927119265750289 -14.927119265750289 -14.927119265750289 -14.927119265750289 -14.927119265750289 -14.927119265750289 -14.927119265750289 -14.927119265750289 -14.927119265750289 -14.927119265750289 -14.927119265750289 -14.927119265750289 -14.927119265750289 -14.927119265750289 -14.927119265750289 -14.927119265750289 -14.927119265750289 -14.927119265750289 -14.927119265750289 -14.927119265750289 -14.927119265750289
10.326633165829145 -14.925683017854395 -14.925683017854395 -14.925683017854395 -14.925683017854395 -14.925683017854395 -14.925683017854395 -14.925683017854395 -14.925683017854395 -14.925683017854395 -14.925683017854395 -14.925683017854395 -14.925683017854395 -14.925683017854395 -14.925683017854395 -14.925683017854395 -14.925683017854395 -14.925683017854395 -14.925683017854395 -14.925683017854395 -14.925683017854395 -14.925683017854395 -14.925683017854395 -14.925683017854395 -14.925683017854395 -14.925683017854395 -14.925683017854395 -14.925683017854395 -14.925683017854395 -14.925683017854395
10.402010050251256 -14.9242467699585 -14.9242467699585 -14.9242467699585 -14.9242467699585 -14.9242467699585 -14.9242467699585 -14.9242467699585 -14.9242467699585 -14.9242467699585 -14.9242467699585 -14.9242467699585 -14.9242467699585 -14.9242467699585 -14.9242467699585 -14.9242467699585 -14.9242467699585 -14.9242467699585 -14.9242467699585 -14.9242467699585 -14.9242467699585 -14.9242467699585 -14.9242467699585 -14.9242467699585 -14.9242467699585 -14.9242467699585 -14.9242467699585 -14.9242467699585 -14.9242467699585 -14.9242467699585
10.477386934673365 -14.922810522062607 -14.922810522062607 -14.922810522062607 -14.922810522062607 -14.922810522062607 -14.922810522062607 -14.922810522062607 -14.922810522062607 -14.922810522062607 -14.922810522062607 -14.922810522062607 -14.922810522062607 -14.922810522062607 -14.922810522062607 -14.922810522062607 -14.922810522062607 -14.922810522062607 -14.922810522062607 -14.922810522062607 -14.922810522062607 -14.922810522062607 -14.922810522062607 -14.922810522062607 -14.922810522062607 -14.922810522062607 -14.922810522062607 -14.922810522062607 -14.922810522062607 -14.922810522062607
10.552763819095476 -14.921374274166713 -14.921374274166713 -14.921374274166713 -14.921374274166713 -14.921374274166713 -14.921374274166713 -14.921374274166713 -14.921374274166713 -14.921374274166713 -14.921374274166713 -14.921374274166713 -14.921374274166713 -14.921374274166713 -14.921374274166713 -14.921374274166713 -14.921374274166713 -14.921374274166713 -14.921374274166713 -14.921374274166713 -14.921374274166713 -14.921374274166713 -14.921374274166713 -14.921374274166713 -14.921374274166713 -14.921374274166713 -14.921374274166713 -14.921374274166713 -14.921374274166713 -14.921374274166713
10.628140703517587 -14.91993802627082 -14.91993802627082 -14.91993802627082 -14.91993802627082 -14.91993802627082 -14.91993802627082 -14.91993802627082 -14.91993802627082 -14.91993802627082 -14.91993802627082 -14.91993802627082 -14.91993802627082 -14.91993802627082 -14.91993802627082 -14.91993802627082 -14.91993802627082 -14.91993802627082 -14.91993802627082 -14.91993802627082 -14.91993802627082 -14.91993802627082 -14.91993802627082 -14.91993802627082 -14.91993802627082 -14.91993802627082 -14.91993802627082 -14.91993802627082 -14.91993802627082 -14.91993802627082
10.703517587939697 -14.918501778374926 -14.918501778374926 -14.918501778374926 -14.918501778374926 -14.918501778374926 -14.918501778374926 -14.918501778374926 -14.918501778374926 -14.918501778374926 -14.918501778374926 -14.918501778374926 -14.918501778374926 -14.918501778374926 -14.918501778374926 -14.918501778374926 -14.918501778374926 -14.918501778374926 -14.918501778374926 -14.918501778374926 -14.918501778374926 -14.918501778374926 -14.918501778374926 -14.918501778374926 -14.918501778374926 -14.918501778374926 -14.918501778374926 -14.918501778374926 -14.918501778374926 -14.918501778374926
10.778894472361808 -14.917065530479032 -14.917065530479032 -14.917065530479032 -14.917065530479032 -14.917065530479032 -14.917065530479032 -14.917065530479032 -14.917065530479032 -14.917065530479032 -14.917065530479032 -14.917065530479032 -14.917065530479032 -14.917065530479032 -14.917065530479032 -14.917065530479032 -14.917065530479032 -14.917065530479032 -14.917065530479032 -14.917065530479032 -14.917065530479032 -14.917065530479032 -14.917065530479032 -14.917065530479032 -14.917065530479032 -14.917065530479032 -14.917065530479032 -14.917065530479032 -14.917065530479032 -14.917065530479032
10.854271356783919 -14.915629282583138 -14.915629282583138 -14.915629282583138 -14.915629282583138 -14.915629282583138 -14.915629282583138 -14.915629282583138 -14.915629282583138 -14.915629282583138 -14.915629282583138 -14.915629282583138 -14.915629282583138 -14.915629282583138 -14.915629282583138 -14.915629282583138 -14.915629282583138 -14.915629282583138 -14.915629282583138 -14.915629282583138 -14.915629282583138 -14.915629282583138 -14.915629282583138 -14.915629282583138 -14.915629282583138 -14.915629282583138 -14.915629282583138 -14.915629282583138 -14.915629282583138 -14.915629282583138
10.92964824120603 -14.914193034687244 -14.914193034687244 -14.914193034687244 -14.914193034687244 -14.914193034687244 -14.914193034687244 -14.914193034687244 -14.914193034687244 -14.914193034687244 -14.914193034687244 -14.914193034687244 -14.914193034687244 -14.914193034687244 -14.914193034687244 -14.914193034687244 -14.914193034687244 -14.914193034687244 -14.914193034687244 -14.914193034687244 -14.914193034687244 -14.914193034687244 -14.914193034687244 -14.914193034687244 -14.914193034687244 -14.914193034687244 -14.914193034687244 -14.914193034687244 -14.914193034687244 -14.914193034687244
11.00502512562814 -14.91275678679135 -14.91275678679135 -14.91275678679135 -14.91275678679135 -14.91275678679135 -14.91275678679135 -14.91275678679135 -14.91275678679135 -14.91275678679135 -14.91275678679135 -14.91275678679135 -14.91275678679135 -14.91275678679135 -14.91275678679135 -14.91275678679135 -14.91275678679135 -14.91275678679135 -14.91275678679135 -14.91275678679135 -14.91275678679135 -14.91275678679135 -14.91275678679135 -14.91275678679135 -14.91275678679135 -14.91275678679135 -14.91275678679135 -14.91275678679135 -14.91275678679135 -14.91275678679135
11.08040201005025 -14.911320538895458 -14.911320538895458 -14.911320538895458 -14.911320538895458 -14.911320538895458 -14.911320538895458 -14.911320538895458 -14.911320538895458 -14.911320538895458 -14.911320538895458 -14.911320538895458 -14.911320538895458 -14.911320538895458 -14.911320538895458 -14.911320538895458 -14.911320538895458 -14.911320538895458 -14.911320538895458 -14.911320538895458 -14.911320538895458 -14.911320538895458 -14.911320538895458 -14.911320538895458 -14.911320538895458 -14.911320538895458 -14.911320538895458 -14.911320538895458 -14.911320538895458 -14.911320538895458
11.15577889447236 -14.909884290999564 -14.909884290999564 -14.909884290999564 -14.909884290999564 -14.909884290999564 -14.909884290999564 -14.909884290999564 -14.909884290999564 -14.909884290999564 -14.909884290999564 -14.909884290999564 -14.909884290999564 -14.909884290999564 -14.909884290999564 -14.909884290999564 -14.909884290999564 -14.909884290999564 -14.909884290999564 -14.909884290999564 -14.909884290999564 -14.909884290999564 -14.909884290999564 -14.909884290999564 -14.909884290999564 -14.909884290999564 -14.909884290999564 -14.909884290999564 -14.909884290999564 -14.909884290999564
11.231155778894472 -14.90844804310367 -14.90844804310367 -14.90844804310367 -14.90844804310367 -14.90844804310367 -14.90844804310367 -14.90844804310367 -14.90844804310367 -14.90844804310367 -14.90844804310367 -14.90844804310367 -14.90844804310367 -14.90844804310367 -14.90844804310367 -14.90844804310367 -14.90844804310367 -14.90844804310367 -14.90844804310367 -14.90844804310367 -14.90844804310367 -14.90844804310367 -14.90844804310367 -14.90844804310367 -14.90844804310367 -14.90844804310367 -14.90844804310367 -14.90844804310367 -14.90844804310367 -14.90844804310367
11.306532663316581 -14.907011795207776 -14.907011795207776 -14.907011795207776 -14.907011795207776 -14.907011795207776 -14.907011795207776 -14.907011795207776 -14.907011795207776 -14.907011795207776 -14.907011795207776 -14.907011795207776 -14.907011795207776 -14.907011795207776 -14.907011795207776 -14.907011795207776 -14.907011795207776 -14.907011795207776 -14.907011795207776 -14.907011795207776 -14.907011795207776 -14.907011795207776 -14.907011795207776 -14.907011795207776 -14.907011795207776 -14.907011795207776 -14.907011795207776 -14.907011795207776 -14.907011795207776 -14.907011795207776
11.381909547738692 -14.905575547311882 -14.905575547311882 -14.905575547311882 -14.905575547311882 -14.905575547311882 -14.905575547311882 -14.905575547311882 -14.905575547311882 -14.905575547311882 -14.905575547311882 -14.905575547311882 -14.905575547311882 -14.905575547311882 -14.905575547311882 -14.905575547311882 -14.905575547311882 -14.905575547311882 -14.905575547311882 -14.905575547311882 -14.905575547311882 -14.905575547311882 -14.905575547311882 -14.905575547311882 -14.905575547311882 -14.905575547311882 -14.905575547311882 -14.905575547311882 -14.905575547311882 -14.905575547311882
11.457286432160803 -14.904139299415988 -14.904139299415988 -14.904139299415988 -14.904139299415988 -14.904139299415988 -14.904139299415988 -14.904139299415988 -14.904139299415988 -14.904139299415988 -14.904139299415988 -14.904139299415988 -14.904139299415988 -14.904139299415988 -14.904139299415988 -14.904139299415988 -14.904139299415988 -14.904139299415988 -14.904139299415988 -14.904139299415988 -14.904139299415988 -14.904139299415988 -14.904139299415988 -14.904139299415988 -14.904139299415988 -14.904139299415988 -14.904139299415988 -14.904139299415988 -14.904139299415988 -14.904139299415988
11.532663316582914 -14.902703051520096 -14.902703051520096 -14.902703051520096 -14.902703051520096 -14.902703051520096 -14.902703051520096 -14.902703051520096 -14.902703051520096 -14.902703051520096 -14.902703051520096 -14.902703051520096 -14.902703051520096 -14.902703051520096 -14.902703051520096 -14.902703051520096 -14.902703051520096 -14.902703051520096 -14.902703051520096 -14.902703051520096 -14.902703051520096 -14.902703051520096 -14.902703051520096 -14.902703051520096 -14.902703051520096 -14.902703051520096 -14.902703051520096 -14.902703051520096 -14.902703051520096 -14.902703051520096
11.608040201005025 -14.901266803624202 -14.901266803624202 -14.901266803624202 -14.901266803624202 -14.901266803624202 -14.901266803624202 -14.901266803624202 -14.901266803624202 -14.901266803624202 -14.901266803624202 -14.901266803624202 -14.901266803624202 -14.901266803624202 -14.901266803624202 -14.901266803624202 -14.901266803624202 -14.901266803624202 -14.901266803624202 -14.901266803624202 -14.901266803624202 -14.901266803624202 -14.901266803624202 -14.901266803624202 -14.901266803624202 -14.901266803624202 -14.901266803624202 -14.901266803624202 -14.901266803624202 -14.901266803624202
11.683417085427134 -14.899830555728308 -14.899830555728308 -14.899830555728308 -14.899830555728308 -14.899830555728308 -14.899830555728308 -14.899830555728308 -14.899830555728308 -14.899830555728308 -14.899830555728308 -14.899830555728308 -14.899830555728308 -14.899830555728308 -14.899830555728308 -14.899830555728308 -14.899830555728308 -14.899830555728308 -14.899830555728308 -14.899830555728308 -14.899830555728308 -14.899830555728308 -14.899830555728308 -14.899830555728308 -14.899830555728308 -14.899830555728308 -14.899830555728308 -14.899830555728308 -14.899830555728308 -14.899830555728308
11.758793969849245 -14.898394307832413 -14.898394307832413 -14.898394307832413 -14.898394307832413 -14.898394307832413 -14.898394307832413 -14.898394307832413 -14.898394307832413 -14.898394307832413 -14.898394307832413 -14.898394307832413 -14.898394307832413 -14.898394307832413 -14.898394307832413 -14.898394307832413 -14.898394307832413 -14.898394307832413 -14.898394307832413 -14.898394307832413 -14.898394307832413 -14.898394307832413 -14.898394307832413 -14.898394307832413 -14.898394307832413 -14.898394307832413 -14.898394307832413 -14.898394307832413 -14.898394307832413 -14.898394307832413
11.834170854271356 -14.89695805993652 -14.89695805993652 -14.89695805993652 -14.89695805993652 -14.89695805993652 -14.89695805993652 -14.89695805993652 -14.89695805993652 -14.89695805993652 -14.89695805993652 -14.89695805993652 -14.89695805993652 -14.89695805993652 -14.89695805993652 -14.89695805993652 -14.89695805993652 -14.89695805993652 -14.89695805993652 -14.89695805993652 -14.89695805993652 -14.89695805993652 -14.89695805993652 -14.89695805993652 -14.89695805993652 -14.89695805993652 -14.89695805993652 -14.89695805993652 -14.89695805993652 -14.89695805993652
11.909547738693465 -14.895521812040625 -14.895521812040625 -14.895521812040625 -14.895521812040625 -14.895521812040625 -14.895521812040625 -14.895521812040625 -14.895521812040625 -14.895521812040625 -14.895521812040625 -14.895521812040625 -14.895521812040625 -14.895521812040625 -14.895521812040625 -14.895521812040625 -14.895521812040625 -14.895521812040625 -14.895521812040625 -14.895521812040625 -14.895521812040625 -14.895521812040625 -14.895521812040625 -14.895521812040625 -14.895521812040625 -14.895521812040625 -14.895521812040625 -14.895521812040625 -14.895521812040625 -14.895521812040625
11.984924623115576 -14.894085564144731 -14.894085564144731 -14.894085564144731 -14.894085564144731 -14.894085564144731 -14.894085564144731 -14.894085564144731 -14.894085564144731 -14.894085564144731 -14.894085564144731 -14.894085564144731 -14.894085564144731 -14.894085564144731 -14.894085564144731 -14.894085564144731 -14.894085564144731 -14.894085564144731 -14.894085564144731 -14.894085564144731 -14.894085564144731 -14.894085564144731 -14.894085564144731 -14.894085564144731 -14.894085564144731 -14.894085564144731 -14.894085564144731 -14.894085564144731 -14.894085564144731 -14.894085564144731
12.060301507537687 -14.89264931624884 -14.89264931624884 -14.89264931624884 -14.89264931624884 -14.89264931624884 -14.89264931624884 -14.89264931624884 -14.89264931624884 -14.89264931624884 -14.89264931624884 -14.89264931624884 -14.89264931624884 -14.89264931624884 -14.89264931624884 -14.89264931624884 -14.89264931624884 -14.89264931624884 -14.89264931624884 -14.89264931624884 -14.89264931624884 -14.89264931624884 -14.89264931624884 -14.89264931624884 -14.89264931624884 -14.89264931624884 -14.89264931624884 -14.89264931624884 -14.89264931624884 -14.89264931624884
12.135678391959798 -14.891213068352945 -14.891213068352945 -14.891213068352945 -14.891213068352945 -14.891213068352945 -14.891213068352945 -14.891213068352945 -14.891213068352945 -14.891213068352945 -14.891213068352945 -14.891213068352945 -14.891213068352945 -14.891213068352945 -14.891213068352945 -14.891213068352945 -14.891213068352945 -14.891213068352945 -14.891213068352945 -14.891213068352945 -14.891213068352945 -14.891213068352945 -14.891213068352945 -14.891213068352945 -14.891213068352945 -14.891213068352945 -14.891213068352945 -14.891213068352945 -14.891213068352945 -14.891213068352945
