web/models/linear/35/-15_122_0_008.dat
# %ECSV 1.0
# ---
# datatype:
# - {name: time, datatype: float64}
# - {name: swift_uvot_uvw2, datatype: float64}
# - {name: swift_uvot_uvm2, datatype: float64}
# - {name: swift_uvot_uvw1, datatype: float64}
# - {name: swift_uvot_U, datatype: float64}
# - {name: swift_uvot_B, datatype: float64}
# - {name: swift_uvot_V, datatype: float64}
# - {name: swift_uvot_W, datatype: float64}
# - {name: johnson_U, datatype: float64}
# - {name: johnson_B, datatype: float64}
# - {name: johnson_V, datatype: float64}
# - {name: johnson_R, datatype: float64}
# - {name: johnson_I, datatype: float64}
# - {name: sdss_u, datatype: float64}
# - {name: sdss_g, datatype: float64}
# - {name: sdss_r, datatype: float64}
# - {name: sdss_i, datatype: float64}
# - {name: sdss_z, datatype: float64}
# - {name: PS1_g, datatype: float64}
# - {name: PS1_r, datatype: float64}
# - {name: PS1_i, datatype: float64}
# - {name: PS1_z, datatype: float64}
# - {name: PS1_Y, datatype: float64}
# - {name: PS1_w, datatype: float64}
# - {name: ATLAS_c, datatype: float64}
# - {name: ATLAS_o, datatype: float64}
# - {name: ukirt_J, datatype: float64}
# - {name: ukirt_H, datatype: float64}
# - {name: ukirt_K, datatype: float64}
# - {name: Clear, datatype: float64}
# meta: !!omap
# - comment: [M=-15.122448979591837, dM=0.007512482411700718]
# schema: astropy-2.0
time swift_uvot_uvw2 swift_uvot_uvm2 swift_uvot_uvw1 swift_uvot_U swift_uvot_B swift_uvot_V swift_uvot_W johnson_U johnson_B johnson_V johnson_R johnson_I sdss_u sdss_g sdss_r sdss_i sdss_z PS1_g PS1_r PS1_i PS1_z PS1_Y PS1_w ATLAS_c ATLAS_o ukirt_J ukirt_H ukirt_K Clear
[from data line 136]
10.251256281407034 -15.04543659707993 -15.04543659707993 -15.04543659707993 -15.04543659707993 -15.04543659707993 -15.04543659707993 -15.04543659707993 -15.04543659707993 -15.04543659707993 -15.04543659707993 -15.04543659707993 -15.04543659707993 -15.04543659707993 -15.04543659707993 -15.04543659707993 -15.04543659707993 -15.04543659707993 -15.04543659707993 -15.04543659707993 -15.04543659707993 -15.04543659707993 -15.04543659707993 -15.04543659707993 -15.04543659707993 -15.04543659707993 -15.04543659707993 -15.04543659707993 -15.04543659707993 -15.04543659707993
10.326633165829145 -15.04487032956146 -15.04487032956146 -15.04487032956146 -15.04487032956146 -15.04487032956146 -15.04487032956146 -15.04487032956146 -15.04487032956146 -15.04487032956146 -15.04487032956146 -15.04487032956146 -15.04487032956146 -15.04487032956146 -15.04487032956146 -15.04487032956146 -15.04487032956146 -15.04487032956146 -15.04487032956146 -15.04487032956146 -15.04487032956146 -15.04487032956146 -15.04487032956146 -15.04487032956146 -15.04487032956146 -15.04487032956146 -15.04487032956146 -15.04487032956146 -15.04487032956146 -15.04487032956146
10.402010050251256 -15.044304062042992 -15.044304062042992 -15.044304062042992 -15.044304062042992 -15.044304062042992 -15.044304062042992 -15.044304062042992 -15.044304062042992 -15.044304062042992 -15.044304062042992 -15.044304062042992 -15.044304062042992 -15.044304062042992 -15.044304062042992 -15.044304062042992 -15.044304062042992 -15.044304062042992 -15.044304062042992 -15.044304062042992 -15.044304062042992 -15.044304062042992 -15.044304062042992 -15.044304062042992 -15.044304062042992 -15.044304062042992 -15.044304062042992 -15.044304062042992 -15.044304062042992 -15.044304062042992
10.477386934673365 -15.043737794524521 -15.043737794524521 -15.043737794524521 -15.043737794524521 -15.043737794524521 -15.043737794524521 -15.043737794524521 -15.043737794524521 -15.043737794524521 -15.043737794524521 -15.043737794524521 -15.043737794524521 -15.043737794524521 -15.043737794524521 -15.043737794524521 -15.043737794524521 -15.043737794524521 -15.043737794524521 -15.043737794524521 -15.043737794524521 -15.043737794524521 -15.043737794524521 -15.043737794524521 -15.043737794524521 -15.043737794524521 -15.043737794524521 -15.043737794524521 -15.043737794524521 -15.043737794524521
10.552763819095476 -15.04317152700605 -15.04317152700605 -15.04317152700605 -15.04317152700605 -15.04317152700605 -15.04317152700605 -15.04317152700605 -15.04317152700605 -15.04317152700605 -15.04317152700605 -15.04317152700605 -15.04317152700605 -15.04317152700605 -15.04317152700605 -15.04317152700605 -15.04317152700605 -15.04317152700605 -15.04317152700605 -15.04317152700605 -15.04317152700605 -15.04317152700605 -15.04317152700605 -15.04317152700605 -15.04317152700605 -15.04317152700605 -15.04317152700605 -15.04317152700605 -15.04317152700605 -15.04317152700605
10.628140703517587 -15.042605259487582 -15.042605259487582 -15.042605259487582 -15.042605259487582 -15.042605259487582 -15.042605259487582 -15.042605259487582 -15.042605259487582 -15.042605259487582 -15.042605259487582 -15.042605259487582 -15.042605259487582 -15.042605259487582 -15.042605259487582 -15.042605259487582 -15.042605259487582 -15.042605259487582 -15.042605259487582 -15.042605259487582 -15.042605259487582 -15.042605259487582 -15.042605259487582 -15.042605259487582 -15.042605259487582 -15.042605259487582 -15.042605259487582 -15.042605259487582 -15.042605259487582 -15.042605259487582
10.703517587939697 -15.042038991969111 -15.042038991969111 -15.042038991969111 -15.042038991969111 -15.042038991969111 -15.042038991969111 -15.042038991969111 -15.042038991969111 -15.042038991969111 -15.042038991969111 -15.042038991969111 -15.042038991969111 -15.042038991969111 -15.042038991969111 -15.042038991969111 -15.042038991969111 -15.042038991969111 -15.042038991969111 -15.042038991969111 -15.042038991969111 -15.042038991969111 -15.042038991969111 -15.042038991969111 -15.042038991969111 -15.042038991969111 -15.042038991969111 -15.042038991969111 -15.042038991969111 -15.042038991969111
10.778894472361808 -15.04147272445064 -15.04147272445064 -15.04147272445064 -15.04147272445064 -15.04147272445064 -15.04147272445064 -15.04147272445064 -15.04147272445064 -15.04147272445064 -15.04147272445064 -15.04147272445064 -15.04147272445064 -15.04147272445064 -15.04147272445064 -15.04147272445064 -15.04147272445064 -15.04147272445064 -15.04147272445064 -15.04147272445064 -15.04147272445064 -15.04147272445064 -15.04147272445064 -15.04147272445064 -15.04147272445064 -15.04147272445064 -15.04147272445064 -15.04147272445064 -15.04147272445064 -15.04147272445064
10.854271356783919 -15.040906456932172 -15.040906456932172 -15.040906456932172 -15.040906456932172 -15.040906456932172 -15.040906456932172 -15.040906456932172 -15.040906456932172 -15.040906456932172 -15.040906456932172 -15.040906456932172 -15.040906456932172 -15.040906456932172 -15.040906456932172 -15.040906456932172 -15.040906456932172 -15.040906456932172 -15.040906456932172 -15.040906456932172 -15.040906456932172 -15.040906456932172 -15.040906456932172 -15.040906456932172 -15.040906456932172 -15.040906456932172 -15.040906456932172 -15.040906456932172 -15.040906456932172 -15.040906456932172
10.92964824120603 -15.040340189413701 -15.040340189413701 -15.040340189413701 -15.040340189413701 -15.040340189413701 -15.040340189413701 -15.040340189413701 -15.040340189413701 -15.040340189413701 -15.040340189413701 -15.040340189413701 -15.040340189413701 -15.040340189413701 -15.040340189413701 -15.040340189413701 -15.040340189413701 -15.040340189413701 -15.040340189413701 -15.040340189413701 -15.040340189413701 -15.040340189413701 -15.040340189413701 -15.040340189413701 -15.040340189413701 -15.040340189413701 -15.040340189413701 -15.040340189413701 -15.040340189413701 -15.040340189413701
11.00502512562814 -15.03977392189523 -15.03977392189523 -15.03977392189523 -15.03977392189523 -15.03977392189523 -15.03977392189523 -15.03977392189523 -15.03977392189523 -15.03977392189523 -15.03977392189523 -15.03977392189523 -15.03977392189523 -15.03977392189523 -15.03977392189523 -15.03977392189523 -15.03977392189523 -15.03977392189523 -15.03977392189523 -15.03977392189523 -15.03977392189523 -15.03977392189523 -15.03977392189523 -15.03977392189523 -15.03977392189523 -15.03977392189523 -15.03977392189523 -15.03977392189523 -15.03977392189523 -15.03977392189523
11.08040201005025 -15.039207654376762 -15.039207654376762 -15.039207654376762 -15.039207654376762 -15.039207654376762 -15.039207654376762 -15.039207654376762 -15.039207654376762 -15.039207654376762 -15.039207654376762 -15.039207654376762 -15.039207654376762 -15.039207654376762 -15.039207654376762 -15.039207654376762 -15.039207654376762 -15.039207654376762 -15.039207654376762 -15.039207654376762 -15.039207654376762 -15.039207654376762 -15.039207654376762 -15.039207654376762 -15.039207654376762 -15.039207654376762 -15.039207654376762 -15.039207654376762 -15.039207654376762 -15.039207654376762
11.15577889447236 -15.038641386858291 -15.038641386858291 -15.038641386858291 -15.038641386858291 -15.038641386858291 -15.038641386858291 -15.038641386858291 -15.038641386858291 -15.038641386858291 -15.038641386858291 -15.038641386858291 -15.038641386858291 -15.038641386858291 -15.038641386858291 -15.038641386858291 -15.038641386858291 -15.038641386858291 -15.038641386858291 -15.038641386858291 -15.038641386858291 -15.038641386858291 -15.038641386858291 -15.038641386858291 -15.038641386858291 -15.038641386858291 -15.038641386858291 -15.038641386858291 -15.038641386858291 -15.038641386858291
11.231155778894472 -15.038075119339823 -15.038075119339823 -15.038075119339823 -15.038075119339823 -15.038075119339823 -15.038075119339823 -15.038075119339823 -15.038075119339823 -15.038075119339823 -15.038075119339823 -15.038075119339823 -15.038075119339823 -15.038075119339823 -15.038075119339823 -15.038075119339823 -15.038075119339823 -15.038075119339823 -15.038075119339823 -15.038075119339823 -15.038075119339823 -15.038075119339823 -15.038075119339823 -15.038075119339823 -15.038075119339823 -15.038075119339823 -15.038075119339823 -15.038075119339823 -15.038075119339823 -15.038075119339823
11.306532663316581 -15.037508851821352 -15.037508851821352 -15.037508851821352 -15.037508851821352 -15.037508851821352 -15.037508851821352 -15.037508851821352 -15.037508851821352 -15.037508851821352 -15.037508851821352 -15.037508851821352 -15.037508851821352 -15.037508851821352 -15.037508851821352 -15.037508851821352 -15.037508851821352 -15.037508851821352 -15.037508851821352 -15.037508851821352 -15.037508851821352 -15.037508851821352 -15.037508851821352 -15.037508851821352 -15.037508851821352 -15.037508851821352 -15.037508851821352 -15.037508851821352 -15.037508851821352 -15.037508851821352
11.381909547738692 -15.036942584302881 -15.036942584302881 -15.036942584302881 -15.036942584302881 -15.036942584302881 -15.036942584302881 -15.036942584302881 -15.036942584302881 -15.036942584302881 -15.036942584302881 -15.036942584302881 -15.036942584302881 -15.036942584302881 -15.036942584302881 -15.036942584302881 -15.036942584302881 -15.036942584302881 -15.036942584302881 -15.036942584302881 -15.036942584302881 -15.036942584302881 -15.036942584302881 -15.036942584302881 -15.036942584302881 -15.036942584302881 -15.036942584302881 -15.036942584302881 -15.036942584302881 -15.036942584302881
11.457286432160803 -15.036376316784413 -15.036376316784413 -15.036376316784413 -15.036376316784413 -15.036376316784413 -15.036376316784413 -15.036376316784413 -15.036376316784413 -15.036376316784413 -15.036376316784413 -15.036376316784413 -15.036376316784413 -15.036376316784413 -15.036376316784413 -15.036376316784413 -15.036376316784413 -15.036376316784413 -15.036376316784413 -15.036376316784413 -15.036376316784413 -15.036376316784413 -15.036376316784413 -15.036376316784413 -15.036376316784413 -15.036376316784413 -15.036376316784413 -15.036376316784413 -15.036376316784413 -15.036376316784413
11.532663316582914 -15.035810049265942 -15.035810049265942 -15.035810049265942 -15.035810049265942 -15.035810049265942 -15.035810049265942 -15.035810049265942 -15.035810049265942 -15.035810049265942 -15.035810049265942 -15.035810049265942 -15.035810049265942 -15.035810049265942 -15.035810049265942 -15.035810049265942 -15.035810049265942 -15.035810049265942 -15.035810049265942 -15.035810049265942 -15.035810049265942 -15.035810049265942 -15.035810049265942 -15.035810049265942 -15.035810049265942 -15.035810049265942 -15.035810049265942 -15.035810049265942 -15.035810049265942 -15.035810049265942
11.608040201005025 -15.035243781747472 -15.035243781747472 -15.035243781747472 -15.035243781747472 -15.035243781747472 -15.035243781747472 -15.035243781747472 -15.035243781747472 -15.035243781747472 -15.035243781747472 -15.035243781747472 -15.035243781747472 -15.035243781747472 -15.035243781747472 -15.035243781747472 -15.035243781747472 -15.035243781747472 -15.035243781747472 -15.035243781747472 -15.035243781747472 -15.035243781747472 -15.035243781747472 -15.035243781747472 -15.035243781747472 -15.035243781747472 -15.035243781747472 -15.035243781747472 -15.035243781747472 -15.035243781747472
11.683417085427134 -15.034677514229003 -15.034677514229003 -15.034677514229003 -15.034677514229003 -15.034677514229003 -15.034677514229003 -15.034677514229003 -15.034677514229003 -15.034677514229003 -15.034677514229003 -15.034677514229003 -15.034677514229003 -15.034677514229003 -15.034677514229003 -15.034677514229003 -15.034677514229003 -15.034677514229003 -15.034677514229003 -15.034677514229003 -15.034677514229003 -15.034677514229003 -15.034677514229003 -15.034677514229003 -15.034677514229003 -15.034677514229003 -15.034677514229003 -15.034677514229003 -15.034677514229003 -15.034677514229003
11.758793969849245 -15.034111246710532 -15.034111246710532 -15.034111246710532 -15.034111246710532 -15.034111246710532 -15.034111246710532 -15.034111246710532 -15.034111246710532 -15.034111246710532 -15.034111246710532 -15.034111246710532 -15.034111246710532 -15.034111246710532 -15.034111246710532 -15.034111246710532 -15.034111246710532 -15.034111246710532 -15.034111246710532 -15.034111246710532 -15.034111246710532 -15.034111246710532 -15.034111246710532 -15.034111246710532 -15.034111246710532 -15.034111246710532 -15.034111246710532 -15.034111246710532 -15.034111246710532 -15.034111246710532
11.834170854271356 -15.033544979192062 -15.033544979192062 -15.033544979192062 -15.033544979192062 -15.033544979192062 -15.033544979192062 -15.033544979192062 -15.033544979192062 -15.033544979192062 -15.033544979192062 -15.033544979192062 -15.033544979192062 -15.033544979192062 -15.033544979192062 -15.033544979192062 -15.033544979192062 -15.033544979192062 -15.033544979192062 -15.033544979192062 -15.033544979192062 -15.033544979192062 -15.033544979192062 -15.033544979192062 -15.033544979192062 -15.033544979192062 -15.033544979192062 -15.033544979192062 -15.033544979192062 -15.033544979192062
11.909547738693465 -15.032978711673593 -15.032978711673593 -15.032978711673593 -15.032978711673593 -15.032978711673593 -15.032978711673593 -15.032978711673593 -15.032978711673593 -15.032978711673593 -15.032978711673593 -15.032978711673593 -15.032978711673593 -15.032978711673593 -15.032978711673593 -15.032978711673593 -15.032978711673593 -15.032978711673593 -15.032978711673593 -15.032978711673593 -15.032978711673593 -15.032978711673593 -15.032978711673593 -15.032978711673593 -15.032978711673593 -15.032978711673593 -15.032978711673593 -15.032978711673593 -15.032978711673593 -15.032978711673593
11.984924623115576 -15.032412444155122 -15.032412444155122 -15.032412444155122 -15.032412444155122 -15.032412444155122 -15.032412444155122 -15.032412444155122 -15.032412444155122 -15.032412444155122 -15.032412444155122 -15.032412444155122 -15.032412444155122 -15.032412444155122 -15.032412444155122 -15.032412444155122 -15.032412444155122 -15.032412444155122 -15.032412444155122 -15.032412444155122 -15.032412444155122 -15.032412444155122 -15.032412444155122 -15.032412444155122 -15.032412444155122 -15.032412444155122 -15.032412444155122 -15.032412444155122 -15.032412444155122 -15.032412444155122
12.060301507537687 -15.031846176636654 -15.031846176636654 -15.031846176636654 -15.031846176636654 -15.031846176636654 -15.031846176636654 -15.031846176636654 -15.031846176636654 -15.031846176636654 -15.031846176636654 -15.031846176636654 -15.031846176636654 -15.031846176636654 -15.031846176636654 -15.031846176636654 -15.031846176636654 -15.031846176636654 -15.031846176636654 -15.031846176636654 -15.031846176636654 -15.031846176636654 -15.031846176636654 -15.031846176636654 -15.031846176636654 -15.031846176636654 -15.031846176636654 -15.031846176636654 -15.031846176636654 -15.031846176636654
12.135678391959798 -15.031279909118183 -15.031279909118183 -15.031279909118183 -15.031279909118183 -15.031279909118183 -15.031279909118183 -15.031279909118183 -15.031279909118183 -15.031279909118183 -15.031279909118183 -15.031279909118183 -15.031279909118183 -15.031279909118183 -15.031279909118183 -15.031279909118183 -15.031279909118183 -15.031279909118183 -15.031279909118183 -15.031279909118183 -15.031279909118183 -15.031279909118183 -15.031279909118183 -15.031279909118183 -15.031279909118183 -15.031279909118183 -15.031279909118183 -15.031279909118183 -15.031279909118183 -15.031279909118183
