web/models/linear/64/-17_694_1_467.dat
# %ECSV 1.0
# ---
# datatype:
# - {name: time, datatype: float64}
# - {name: swift_uvot_uvw2, datatype: float64}
# - {name: swift_uvot_uvm2, datatype: float64}
# - {name: swift_uvot_uvw1, datatype: float64}
# - {name: swift_uvot_U, datatype: float64}
# - {name: swift_uvot_B, datatype: float64}
# - {name: swift_uvot_V, datatype: float64}
# - {name: swift_uvot_W, datatype: float64}
# - {name: johnson_U, datatype: float64}
# - {name: johnson_B, datatype: float64}
# - {name: johnson_V, datatype: float64}
# - {name: johnson_R, datatype: float64}
# - {name: johnson_I, datatype: float64}
# - {name: sdss_u, datatype: float64}
# - {name: sdss_g, datatype: float64}
# - {name: sdss_r, datatype: float64}
# - {name: sdss_i, datatype: float64}
# - {name: sdss_z, datatype: float64}
# - {name: PS1_g, datatype: float64}
# - {name: PS1_r, datatype: float64}
# - {name: PS1_i, datatype: float64}
# - {name: PS1_z, datatype: float64}
# - {name: PS1_Y, datatype: float64}
# - {name: PS1_w, datatype: float64}
# - {name: ATLAS_c, datatype: float64}
# - {name: ATLAS_o, datatype: float64}
# - {name: ukirt_J, datatype: float64}
# - {name: ukirt_H, datatype: float64}
# - {name: ukirt_K, datatype: float64}
# - {name: Clear, datatype: float64}
# meta: !!omap
# - comment: [M=-17.693877551020407, dM=1.4665405557509434]
# schema: astropy-2.0
time swift_uvot_uvw2 swift_uvot_uvm2 swift_uvot_uvw1 swift_uvot_U swift_uvot_B swift_uvot_V swift_uvot_W johnson_U johnson_B johnson_V johnson_R johnson_I sdss_u sdss_g sdss_r sdss_i sdss_z PS1_g PS1_r PS1_i PS1_z PS1_Y PS1_w ATLAS_c ATLAS_o ukirt_J ukirt_H ukirt_K Clear
[from data line 28]
2.1105527638190953 -14.59866632782746 -14.59866632782746 -14.59866632782746 -14.59866632782746 -14.59866632782746 -14.59866632782746 -14.59866632782746 -14.59866632782746 -14.59866632782746 -14.59866632782746 -14.59866632782746 -14.59866632782746 -14.59866632782746 -14.59866632782746 -14.59866632782746 -14.59866632782746 -14.59866632782746 -14.59866632782746 -14.59866632782746 -14.59866632782746 -14.59866632782746 -14.59866632782746 -14.59866632782746 -14.59866632782746 -14.59866632782746 -14.59866632782746 -14.59866632782746 -14.59866632782746 -14.59866632782746
2.185929648241206 -14.488123069856284 -14.488123069856284 -14.488123069856284 -14.488123069856284 -14.488123069856284 -14.488123069856284 -14.488123069856284 -14.488123069856284 -14.488123069856284 -14.488123069856284 -14.488123069856284 -14.488123069856284 -14.488123069856284 -14.488123069856284 -14.488123069856284 -14.488123069856284 -14.488123069856284 -14.488123069856284 -14.488123069856284 -14.488123069856284 -14.488123069856284 -14.488123069856284 -14.488123069856284 -14.488123069856284 -14.488123069856284 -14.488123069856284 -14.488123069856284 -14.488123069856284 -14.488123069856284
2.2613065326633164 -14.377579811885107 -14.377579811885107 -14.377579811885107 -14.377579811885107 -14.377579811885107 -14.377579811885107 -14.377579811885107 -14.377579811885107 -14.377579811885107 -14.377579811885107 -14.377579811885107 -14.377579811885107 -14.377579811885107 -14.377579811885107 -14.377579811885107 -14.377579811885107 -14.377579811885107 -14.377579811885107 -14.377579811885107 -14.377579811885107 -14.377579811885107 -14.377579811885107 -14.377579811885107 -14.377579811885107 -14.377579811885107 -14.377579811885107 -14.377579811885107 -14.377579811885107 -14.377579811885107
2.336683417085427 -14.26703655391393 -14.26703655391393 -14.26703655391393 -14.26703655391393 -14.26703655391393 -14.26703655391393 -14.26703655391393 -14.26703655391393 -14.26703655391393 -14.26703655391393 -14.26703655391393 -14.26703655391393 -14.26703655391393 -14.26703655391393 -14.26703655391393 -14.26703655391393 -14.26703655391393 -14.26703655391393 -14.26703655391393 -14.26703655391393 -14.26703655391393 -14.26703655391393 -14.26703655391393 -14.26703655391393 -14.26703655391393 -14.26703655391393 -14.26703655391393 -14.26703655391393 -14.26703655391393
2.4120603015075375 -14.156493295942754 -14.156493295942754 -14.156493295942754 -14.156493295942754 -14.156493295942754 -14.156493295942754 -14.156493295942754 -14.156493295942754 -14.156493295942754 -14.156493295942754 -14.156493295942754 -14.156493295942754 -14.156493295942754 -14.156493295942754 -14.156493295942754 -14.156493295942754 -14.156493295942754 -14.156493295942754 -14.156493295942754 -14.156493295942754 -14.156493295942754 -14.156493295942754 -14.156493295942754 -14.156493295942754 -14.156493295942754 -14.156493295942754 -14.156493295942754 -14.156493295942754 -14.156493295942754
2.487437185929648 -14.045950037971577 -14.045950037971577 -14.045950037971577 -14.045950037971577 -14.045950037971577 -14.045950037971577 -14.045950037971577 -14.045950037971577 -14.045950037971577 -14.045950037971577 -14.045950037971577 -14.045950037971577 -14.045950037971577 -14.045950037971577 -14.045950037971577 -14.045950037971577 -14.045950037971577 -14.045950037971577 -14.045950037971577 -14.045950037971577 -14.045950037971577 -14.045950037971577 -14.045950037971577 -14.045950037971577 -14.045950037971577 -14.045950037971577 -14.045950037971577 -14.045950037971577 -14.045950037971577
2.5628140703517586 -13.9354067800004 -13.9354067800004 -13.9354067800004 -13.9354067800004 -13.9354067800004 -13.9354067800004 -13.9354067800004 -13.9354067800004 -13.9354067800004 -13.9354067800004 -13.9354067800004 -13.9354067800004 -13.9354067800004 -13.9354067800004 -13.9354067800004 -13.9354067800004 -13.9354067800004 -13.9354067800004 -13.9354067800004 -13.9354067800004 -13.9354067800004 -13.9354067800004 -13.9354067800004 -13.9354067800004 -13.9354067800004 -13.9354067800004 -13.9354067800004 -13.9354067800004 -13.9354067800004
2.638190954773869 -13.824863522029224 -13.824863522029224 -13.824863522029224 -13.824863522029224 -13.824863522029224 -13.824863522029224 -13.824863522029224 -13.824863522029224 -13.824863522029224 -13.824863522029224 -13.824863522029224 -13.824863522029224 -13.824863522029224 -13.824863522029224 -13.824863522029224 -13.824863522029224 -13.824863522029224 -13.824863522029224 -13.824863522029224 -13.824863522029224 -13.824863522029224 -13.824863522029224 -13.824863522029224 -13.824863522029224 -13.824863522029224 -13.824863522029224 -13.824863522029224 -13.824863522029224 -13.824863522029224
2.7135678391959797 -13.714320264058049 -13.714320264058049 -13.714320264058049 -13.714320264058049 -13.714320264058049 -13.714320264058049 -13.714320264058049 -13.714320264058049 -13.714320264058049 -13.714320264058049 -13.714320264058049 -13.714320264058049 -13.714320264058049 -13.714320264058049 -13.714320264058049 -13.714320264058049 -13.714320264058049 -13.714320264058049 -13.714320264058049 -13.714320264058049 -13.714320264058049 -13.714320264058049 -13.714320264058049 -13.714320264058049 -13.714320264058049 -13.714320264058049 -13.714320264058049 -13.714320264058049 -13.714320264058049
2.78894472361809 -13.603777006086872 -13.603777006086872 -13.603777006086872 -13.603777006086872 -13.603777006086872 -13.603777006086872 -13.603777006086872 -13.603777006086872 -13.603777006086872 -13.603777006086872 -13.603777006086872 -13.603777006086872 -13.603777006086872 -13.603777006086872 -13.603777006086872 -13.603777006086872 -13.603777006086872 -13.603777006086872 -13.603777006086872 -13.603777006086872 -13.603777006086872 -13.603777006086872 -13.603777006086872 -13.603777006086872 -13.603777006086872 -13.603777006086872 -13.603777006086872 -13.603777006086872 -13.603777006086872
2.8643216080402008 -13.493233748115696 -13.493233748115696 -13.493233748115696 -13.493233748115696 -13.493233748115696 -13.493233748115696 -13.493233748115696 -13.493233748115696 -13.493233748115696 -13.493233748115696 -13.493233748115696 -13.493233748115696 -13.493233748115696 -13.493233748115696 -13.493233748115696 -13.493233748115696 -13.493233748115696 -13.493233748115696 -13.493233748115696 -13.493233748115696 -13.493233748115696 -13.493233748115696 -13.493233748115696 -13.493233748115696 -13.493233748115696 -13.493233748115696 -13.493233748115696 -13.493233748115696 -13.493233748115696
2.9396984924623113 -13.382690490144519 -13.382690490144519 -13.382690490144519 -13.382690490144519 -13.382690490144519 -13.382690490144519 -13.382690490144519 -13.382690490144519 -13.382690490144519 -13.382690490144519 -13.382690490144519 -13.382690490144519 -13.382690490144519 -13.382690490144519 -13.382690490144519 -13.382690490144519 -13.382690490144519 -13.382690490144519 -13.382690490144519 -13.382690490144519 -13.382690490144519 -13.382690490144519 -13.382690490144519 -13.382690490144519 -13.382690490144519 -13.382690490144519 -13.382690490144519 -13.382690490144519 -13.382690490144519
3.015075376884422 -13.272147232173342 -13.272147232173342 -13.272147232173342 -13.272147232173342 -13.272147232173342 -13.272147232173342 -13.272147232173342 -13.272147232173342 -13.272147232173342 -13.272147232173342 -13.272147232173342 -13.272147232173342 -13.272147232173342 -13.272147232173342 -13.272147232173342 -13.272147232173342 -13.272147232173342 -13.272147232173342 -13.272147232173342 -13.272147232173342 -13.272147232173342 -13.272147232173342 -13.272147232173342 -13.272147232173342 -13.272147232173342 -13.272147232173342 -13.272147232173342 -13.272147232173342 -13.272147232173342
3.0904522613065324 -13.161603974202166 -13.161603974202166 -13.161603974202166 -13.161603974202166 -13.161603974202166 -13.161603974202166 -13.161603974202166 -13.161603974202166 -13.161603974202166 -13.161603974202166 -13.161603974202166 -13.161603974202166 -13.161603974202166 -13.161603974202166 -13.161603974202166 -13.161603974202166 -13.161603974202166 -13.161603974202166 -13.161603974202166 -13.161603974202166 -13.161603974202166 -13.161603974202166 -13.161603974202166 -13.161603974202166 -13.161603974202166 -13.161603974202166 -13.161603974202166 -13.161603974202166 -13.161603974202166
3.165829145728643 -13.051060716230989 -13.051060716230989 -13.051060716230989 -13.051060716230989 -13.051060716230989 -13.051060716230989 -13.051060716230989 -13.051060716230989 -13.051060716230989 -13.051060716230989 -13.051060716230989 -13.051060716230989 -13.051060716230989 -13.051060716230989 -13.051060716230989 -13.051060716230989 -13.051060716230989 -13.051060716230989 -13.051060716230989 -13.051060716230989 -13.051060716230989 -13.051060716230989 -13.051060716230989 -13.051060716230989 -13.051060716230989 -13.051060716230989 -13.051060716230989 -13.051060716230989 -13.051060716230989
3.2412060301507535 -12.940517458259812 -12.940517458259812 -12.940517458259812 -12.940517458259812 -12.940517458259812 -12.940517458259812 -12.940517458259812 -12.940517458259812 -12.940517458259812 -12.940517458259812 -12.940517458259812 -12.940517458259812 -12.940517458259812 -12.940517458259812 -12.940517458259812 -12.940517458259812 -12.940517458259812 -12.940517458259812 -12.940517458259812 -12.940517458259812 -12.940517458259812 -12.940517458259812 -12.940517458259812 -12.940517458259812 -12.940517458259812 -12.940517458259812 -12.940517458259812 -12.940517458259812 -12.940517458259812
3.316582914572864 -12.829974200288635 -12.829974200288635 -12.829974200288635 -12.829974200288635 -12.829974200288635 -12.829974200288635 -12.829974200288635 -12.829974200288635 -12.829974200288635 -12.829974200288635 -12.829974200288635 -12.829974200288635 -12.829974200288635 -12.829974200288635 -12.829974200288635 -12.829974200288635 -12.829974200288635 -12.829974200288635 -12.829974200288635 -12.829974200288635 -12.829974200288635 -12.829974200288635 -12.829974200288635 -12.829974200288635 -12.829974200288635 -12.829974200288635 -12.829974200288635 -12.829974200288635 -12.829974200288635
3.3919597989949746 -12.719430942317459 -12.719430942317459 -12.719430942317459 -12.719430942317459 -12.719430942317459 -12.719430942317459 -12.719430942317459 -12.719430942317459 -12.719430942317459 -12.719430942317459 -12.719430942317459 -12.719430942317459 -12.719430942317459 -12.719430942317459 -12.719430942317459 -12.719430942317459 -12.719430942317459 -12.719430942317459 -12.719430942317459 -12.719430942317459 -12.719430942317459 -12.719430942317459 -12.719430942317459 -12.719430942317459 -12.719430942317459 -12.719430942317459 -12.719430942317459 -12.719430942317459 -12.719430942317459
3.467336683417085 -12.608887684346282 -12.608887684346282 -12.608887684346282 -12.608887684346282 -12.608887684346282 -12.608887684346282 -12.608887684346282 -12.608887684346282 -12.608887684346282 -12.608887684346282 -12.608887684346282 -12.608887684346282 -12.608887684346282 -12.608887684346282 -12.608887684346282 -12.608887684346282 -12.608887684346282 -12.608887684346282 -12.608887684346282 -12.608887684346282 -12.608887684346282 -12.608887684346282 -12.608887684346282 -12.608887684346282 -12.608887684346282 -12.608887684346282 -12.608887684346282 -12.608887684346282 -12.608887684346282
3.5427135678391957 -12.498344426375105 -12.498344426375105 -12.498344426375105 -12.498344426375105 -12.498344426375105 -12.498344426375105 -12.498344426375105 -12.498344426375105 -12.498344426375105 -12.498344426375105 -12.498344426375105 -12.498344426375105 -12.498344426375105 -12.498344426375105 -12.498344426375105 -12.498344426375105 -12.498344426375105 -12.498344426375105 -12.498344426375105 -12.498344426375105 -12.498344426375105 -12.498344426375105 -12.498344426375105 -12.498344426375105 -12.498344426375105 -12.498344426375105 -12.498344426375105 -12.498344426375105 -12.498344426375105
3.618090452261306 -12.387801168403929 -12.387801168403929 -12.387801168403929 -12.387801168403929 -12.387801168403929 -12.387801168403929 -12.387801168403929 -12.387801168403929 -12.387801168403929 -12.387801168403929 -12.387801168403929 -12.387801168403929 -12.387801168403929 -12.387801168403929 -12.387801168403929 -12.387801168403929 -12.387801168403929 -12.387801168403929 -12.387801168403929 -12.387801168403929 -12.387801168403929 -12.387801168403929 -12.387801168403929 -12.387801168403929 -12.387801168403929 -12.387801168403929 -12.387801168403929 -12.387801168403929 -12.387801168403929
3.6934673366834168 -12.277257910432752 -12.277257910432752 -12.277257910432752 -12.277257910432752 -12.277257910432752 -12.277257910432752 -12.277257910432752 -12.277257910432752 -12.277257910432752 -12.277257910432752 -12.277257910432752 -12.277257910432752 -12.277257910432752 -12.277257910432752 -12.277257910432752 -12.277257910432752 -12.277257910432752 -12.277257910432752 -12.277257910432752 -12.277257910432752 -12.277257910432752 -12.277257910432752 -12.277257910432752 -12.277257910432752 -12.277257910432752 -12.277257910432752 -12.277257910432752 -12.277257910432752 -12.277257910432752
3.7688442211055273 -12.166714652461575 -12.166714652461575 -12.166714652461575 -12.166714652461575 -12.166714652461575 -12.166714652461575 -12.166714652461575 -12.166714652461575 -12.166714652461575 -12.166714652461575 -12.166714652461575 -12.166714652461575 -12.166714652461575 -12.166714652461575 -12.166714652461575 -12.166714652461575 -12.166714652461575 -12.166714652461575 -12.166714652461575 -12.166714652461575 -12.166714652461575 -12.166714652461575 -12.166714652461575 -12.166714652461575 -12.166714652461575 -12.166714652461575 -12.166714652461575 -12.166714652461575 -12.166714652461575
3.844221105527638 -12.056171394490399 -12.056171394490399 -12.056171394490399 -12.056171394490399 -12.056171394490399 -12.056171394490399 -12.056171394490399 -12.056171394490399 -12.056171394490399 -12.056171394490399 -12.056171394490399 -12.056171394490399 -12.056171394490399 -12.056171394490399 -12.056171394490399 -12.056171394490399 -12.056171394490399 -12.056171394490399 -12.056171394490399 -12.056171394490399 -12.056171394490399 -12.056171394490399 -12.056171394490399 -12.056171394490399 -12.056171394490399 -12.056171394490399 -12.056171394490399 -12.056171394490399 -12.056171394490399
3.9195979899497484 -11.945628136519222 -11.945628136519222 -11.945628136519222 -11.945628136519222 -11.945628136519222 -11.945628136519222 -11.945628136519222 -11.945628136519222 -11.945628136519222 -11.945628136519222 -11.945628136519222 -11.945628136519222 -11.945628136519222 -11.945628136519222 -11.945628136519222 -11.945628136519222 -11.945628136519222 -11.945628136519222 -11.945628136519222 -11.945628136519222 -11.945628136519222 -11.945628136519222 -11.945628136519222 -11.945628136519222 -11.945628136519222 -11.945628136519222 -11.945628136519222 -11.945628136519222 -11.945628136519222
