web/models/linear/64/-17_694_0_066.dat
# %ECSV 1.0
# ---
# datatype:
# - {name: time, datatype: float64}
# - {name: sdss_u, datatype: float64}
# - {name: sdss_g, datatype: float64}
# - {name: sdss_r, datatype: float64}
# - {name: sdss_i, datatype: float64}
# - {name: sdss_z, datatype: float64}
# - {name: Clear, datatype: float64}
# - {name: johnson_B, datatype: float64}
# - {name: johnson_V, datatype: float64}
# - {name: johnson_R, datatype: float64}
# - {name: johnson_I, datatype: float64}
# - {name: ukirt_J, datatype: float64}
# - {name: ukirt_H, datatype: float64}
# - {name: ukirt_K, datatype: float64}
# meta: !!omap
# - comment: [M=-17.693877551020407, dM=0.06590750868872473]
# schema: astropy-2.0
time sdss_u sdss_g sdss_r sdss_i sdss_z Clear johnson_B johnson_V johnson_R johnson_I ukirt_J ukirt_H ukirt_K
0.0 -17.693877551020407 -17.693877551020407 -17.693877551020407 -17.693877551020407 -17.693877551020407 -17.693877551020407 -17.693877551020407 -17.693877551020407 -17.693877551020407 -17.693877551020407 -17.693877551020407 -17.693877551020407 -17.693877551020407
0.07537688442211055 -17.688909648355427 -17.688909648355427 -17.688909648355427 -17.688909648355427 -17.688909648355427 -17.688909648355427 -17.688909648355427 -17.688909648355427 -17.688909648355427 -17.688909648355427 -17.688909648355427 -17.688909648355427 -17.688909648355427
0.1507537688442211 -17.683941745690447 -17.683941745690447 -17.683941745690447 -17.683941745690447 -17.683941745690447 -17.683941745690447 -17.683941745690447 -17.683941745690447 -17.683941745690447 -17.683941745690447 -17.683941745690447 -17.683941745690447 -17.683941745690447
0.22613065326633164 -17.678973843025467 -17.678973843025467 -17.678973843025467 -17.678973843025467 -17.678973843025467 -17.678973843025467 -17.678973843025467 -17.678973843025467 -17.678973843025467 -17.678973843025467 -17.678973843025467 -17.678973843025467 -17.678973843025467
0.3015075376884422 -17.67400594036049 -17.67400594036049 -17.67400594036049 -17.67400594036049 -17.67400594036049 -17.67400594036049 -17.67400594036049 -17.67400594036049 -17.67400594036049 -17.67400594036049 -17.67400594036049 -17.67400594036049 -17.67400594036049
0.37688442211055273 -17.66903803769551 -17.66903803769551 -17.66903803769551 -17.66903803769551 -17.66903803769551 -17.66903803769551 -17.66903803769551 -17.66903803769551 -17.66903803769551 -17.66903803769551 -17.66903803769551 -17.66903803769551 -17.66903803769551
0.4522613065326633 -17.66407013503053 -17.66407013503053 -17.66407013503053 -17.66407013503053 -17.66407013503053 -17.66407013503053 -17.66407013503053 -17.66407013503053 -17.66407013503053 -17.66407013503053 -17.66407013503053 -17.66407013503053 -17.66407013503053
0.5276381909547738 -17.65910223236555 -17.65910223236555 -17.65910223236555 -17.65910223236555 -17.65910223236555 -17.65910223236555 -17.65910223236555 -17.65910223236555 -17.65910223236555 -17.65910223236555 -17.65910223236555 -17.65910223236555 -17.65910223236555
0.6030150753768844 -17.65413432970057 -17.65413432970057 -17.65413432970057 -17.65413432970057 -17.65413432970057 -17.65413432970057 -17.65413432970057 -17.65413432970057 -17.65413432970057 -17.65413432970057 -17.65413432970057 -17.65413432970057 -17.65413432970057
0.6783919597989949 -17.649166427035592 -17.649166427035592 -17.649166427035592 -17.649166427035592 -17.649166427035592 -17.649166427035592 -17.649166427035592 -17.649166427035592 -17.649166427035592 -17.649166427035592 -17.649166427035592 -17.649166427035592 -17.649166427035592
0.7537688442211055 -17.644198524370616 -17.644198524370616 -17.644198524370616 -17.644198524370616 -17.644198524370616 -17.644198524370616 -17.644198524370616 -17.644198524370616 -17.644198524370616 -17.644198524370616 -17.644198524370616 -17.644198524370616 -17.644198524370616
0.829145728643216 -17.639230621705636 -17.639230621705636 -17.639230621705636 -17.639230621705636 -17.639230621705636 -17.639230621705636 -17.639230621705636 -17.639230621705636 -17.639230621705636 -17.639230621705636 -17.639230621705636 -17.639230621705636 -17.639230621705636
0.9045226130653266 -17.634262719040656 -17.634262719040656 -17.634262719040656 -17.634262719040656 -17.634262719040656 -17.634262719040656 -17.634262719040656 -17.634262719040656 -17.634262719040656 -17.634262719040656 -17.634262719040656 -17.634262719040656 -17.634262719040656
0.9798994974874371 -17.629294816375676 -17.629294816375676 -17.629294816375676 -17.629294816375676 -17.629294816375676 -17.629294816375676 -17.629294816375676 -17.629294816375676 -17.629294816375676 -17.629294816375676 -17.629294816375676 -17.629294816375676 -17.629294816375676
1.0552763819095476 -17.624326913710696 -17.624326913710696 -17.624326913710696 -17.624326913710696 -17.624326913710696 -17.624326913710696 -17.624326913710696 -17.624326913710696 -17.624326913710696 -17.624326913710696 -17.624326913710696 -17.624326913710696 -17.624326913710696
1.1306532663316582 -17.619359011045717 -17.619359011045717 -17.619359011045717 -17.619359011045717 -17.619359011045717 -17.619359011045717 -17.619359011045717 -17.619359011045717 -17.619359011045717 -17.619359011045717 -17.619359011045717 -17.619359011045717 -17.619359011045717
1.2060301507537687 -17.61439110838074 -17.61439110838074 -17.61439110838074 -17.61439110838074 -17.61439110838074 -17.61439110838074 -17.61439110838074 -17.61439110838074 -17.61439110838074 -17.61439110838074 -17.61439110838074 -17.61439110838074 -17.61439110838074
1.2814070351758793 -17.60942320571576 -17.60942320571576 -17.60942320571576 -17.60942320571576 -17.60942320571576 -17.60942320571576 -17.60942320571576 -17.60942320571576 -17.60942320571576 -17.60942320571576 -17.60942320571576 -17.60942320571576 -17.60942320571576
1.3567839195979898 -17.60445530305078 -17.60445530305078 -17.60445530305078 -17.60445530305078 -17.60445530305078 -17.60445530305078 -17.60445530305078 -17.60445530305078 -17.60445530305078 -17.60445530305078 -17.60445530305078 -17.60445530305078 -17.60445530305078
1.4321608040201004 -17.5994874003858 -17.5994874003858 -17.5994874003858 -17.5994874003858 -17.5994874003858 -17.5994874003858 -17.5994874003858 -17.5994874003858 -17.5994874003858 -17.5994874003858 -17.5994874003858 -17.5994874003858 -17.5994874003858
1.507537688442211 -17.59451949772082 -17.59451949772082 -17.59451949772082 -17.59451949772082 -17.59451949772082 -17.59451949772082 -17.59451949772082 -17.59451949772082 -17.59451949772082 -17.59451949772082 -17.59451949772082 -17.59451949772082 -17.59451949772082
1.5829145728643215 -17.58955159505584 -17.58955159505584 -17.58955159505584 -17.58955159505584 -17.58955159505584 -17.58955159505584 -17.58955159505584 -17.58955159505584 -17.58955159505584 -17.58955159505584 -17.58955159505584 -17.58955159505584 -17.58955159505584
1.658291457286432 -17.584583692390865 -17.584583692390865 -17.584583692390865 -17.584583692390865 -17.584583692390865 -17.584583692390865 -17.584583692390865 -17.584583692390865 -17.584583692390865 -17.584583692390865 -17.584583692390865 -17.584583692390865 -17.584583692390865
1.7336683417085426 -17.579615789725885 -17.579615789725885 -17.579615789725885 -17.579615789725885 -17.579615789725885 -17.579615789725885 -17.579615789725885 -17.579615789725885 -17.579615789725885 -17.579615789725885 -17.579615789725885 -17.579615789725885 -17.579615789725885
1.809045226130653 -17.574647887060905 -17.574647887060905 -17.574647887060905 -17.574647887060905 -17.574647887060905 -17.574647887060905 -17.574647887060905 -17.574647887060905 -17.574647887060905 -17.574647887060905 -17.574647887060905 -17.574647887060905 -17.574647887060905
1.8844221105527637 -17.569679984395925 -17.569679984395925 -17.569679984395925 -17.569679984395925 -17.569679984395925 -17.569679984395925 -17.569679984395925 -17.569679984395925 -17.569679984395925 -17.569679984395925 -17.569679984395925 -17.569679984395925 -17.569679984395925
1.9597989949748742 -17.564712081730946 -17.564712081730946 -17.564712081730946 -17.564712081730946 -17.564712081730946 -17.564712081730946 -17.564712081730946 -17.564712081730946 -17.564712081730946 -17.564712081730946 -17.564712081730946 -17.564712081730946 -17.564712081730946
2.0351758793969847 -17.559744179065966 -17.559744179065966 -17.559744179065966 -17.559744179065966 -17.559744179065966 -17.559744179065966 -17.559744179065966 -17.559744179065966 -17.559744179065966 -17.559744179065966 -17.559744179065966 -17.559744179065966 -17.559744179065966
2.1105527638190953 -17.554776276400986 -17.554776276400986 -17.554776276400986 -17.554776276400986 -17.554776276400986 -17.554776276400986 -17.554776276400986 -17.554776276400986 -17.554776276400986 -17.554776276400986 -17.554776276400986 -17.554776276400986 -17.554776276400986
2.185929648241206 -17.54980837373601 -17.54980837373601 -17.54980837373601 -17.54980837373601 -17.54980837373601 -17.54980837373601 -17.54980837373601 -17.54980837373601 -17.54980837373601 -17.54980837373601 -17.54980837373601 -17.54980837373601 -17.54980837373601
2.2613065326633164 -17.54484047107103 -17.54484047107103 -17.54484047107103 -17.54484047107103 -17.54484047107103 -17.54484047107103 -17.54484047107103 -17.54484047107103 -17.54484047107103 -17.54484047107103 -17.54484047107103 -17.54484047107103 -17.54484047107103
2.336683417085427 -17.53987256840605 -17.53987256840605 -17.53987256840605 -17.53987256840605 -17.53987256840605 -17.53987256840605 -17.53987256840605 -17.53987256840605 -17.53987256840605 -17.53987256840605 -17.53987256840605 -17.53987256840605 -17.53987256840605
2.4120603015075375 -17.53490466574107 -17.53490466574107 -17.53490466574107 -17.53490466574107 -17.53490466574107 -17.53490466574107 -17.53490466574107 -17.53490466574107 -17.53490466574107 -17.53490466574107 -17.53490466574107 -17.53490466574107 -17.53490466574107
2.487437185929648 -17.52993676307609 -17.52993676307609 -17.52993676307609 -17.52993676307609 -17.52993676307609 -17.52993676307609 -17.52993676307609 -17.52993676307609 -17.52993676307609 -17.52993676307609 -17.52993676307609 -17.52993676307609 -17.52993676307609
2.5628140703517586 -17.52496886041111 -17.52496886041111 -17.52496886041111 -17.52496886041111 -17.52496886041111 -17.52496886041111 -17.52496886041111 -17.52496886041111 -17.52496886041111 -17.52496886041111 -17.52496886041111 -17.52496886041111 -17.52496886041111
2.638190954773869 -17.520000957746134 -17.520000957746134 -17.520000957746134 -17.520000957746134 -17.520000957746134 -17.520000957746134 -17.520000957746134 -17.520000957746134 -17.520000957746134 -17.520000957746134 -17.520000957746134 -17.520000957746134 -17.520000957746134
2.7135678391959797 -17.515033055081155 -17.515033055081155 -17.515033055081155 -17.515033055081155 -17.515033055081155 -17.515033055081155 -17.515033055081155 -17.515033055081155 -17.515033055081155 -17.515033055081155 -17.515033055081155 -17.515033055081155 -17.515033055081155
2.78894472361809 -17.510065152416175 -17.510065152416175 -17.510065152416175 -17.510065152416175 -17.510065152416175 -17.510065152416175 -17.510065152416175 -17.510065152416175 -17.510065152416175 -17.510065152416175 -17.510065152416175 -17.510065152416175 -17.510065152416175
2.8643216080402008 -17.505097249751195 -17.505097249751195 -17.505097249751195 -17.505097249751195 -17.505097249751195 -17.505097249751195 -17.505097249751195 -17.505097249751195 -17.505097249751195 -17.505097249751195 -17.505097249751195 -17.505097249751195 -17.505097249751195
2.9396984924623113 -17.500129347086215 -17.500129347086215 -17.500129347086215 -17.500129347086215 -17.500129347086215 -17.500129347086215 -17.500129347086215 -17.500129347086215 -17.500129347086215 -17.500129347086215 -17.500129347086215 -17.500129347086215 -17.500129347086215
3.015075376884422 -17.495161444421235 -17.495161444421235 -17.495161444421235 -17.495161444421235 -17.495161444421235 -17.495161444421235 -17.495161444421235 -17.495161444421235 -17.495161444421235 -17.495161444421235 -17.495161444421235 -17.495161444421235 -17.495161444421235
3.0904522613065324 -17.49019354175626 -17.49019354175626 -17.49019354175626 -17.49019354175626 -17.49019354175626 -17.49019354175626 -17.49019354175626 -17.49019354175626 -17.49019354175626 -17.49019354175626 -17.49019354175626 -17.49019354175626 -17.49019354175626
3.165829145728643 -17.48522563909128 -17.48522563909128 -17.48522563909128 -17.48522563909128 -17.48522563909128 -17.48522563909128 -17.48522563909128 -17.48522563909128 -17.48522563909128 -17.48522563909128 -17.48522563909128 -17.48522563909128 -17.48522563909128
3.2412060301507535 -17.4802577364263 -17.4802577364263 -17.4802577364263 -17.4802577364263 -17.4802577364263 -17.4802577364263 -17.4802577364263 -17.4802577364263 -17.4802577364263 -17.4802577364263 -17.4802577364263 -17.4802577364263 -17.4802577364263
3.316582914572864 -17.47528983376132 -17.47528983376132 -17.47528983376132 -17.47528983376132 -17.47528983376132 -17.47528983376132 -17.47528983376132 -17.47528983376132 -17.47528983376132 -17.47528983376132 -17.47528983376132 -17.47528983376132 -17.47528983376132
3.3919597989949746 -17.47032193109634 -17.47032193109634 -17.47032193109634 -17.47032193109634 -17.47032193109634 -17.47032193109634 -17.47032193109634 -17.47032193109634 -17.47032193109634 -17.47032193109634 -17.47032193109634 -17.47032193109634 -17.47032193109634
3.467336683417085 -17.46535402843136 -17.46535402843136 -17.46535402843136 -17.46535402843136 -17.46535402843136 -17.46535402843136 -17.46535402843136 -17.46535402843136 -17.46535402843136 -17.46535402843136 -17.46535402843136 -17.46535402843136 -17.46535402843136
3.5427135678391957 -17.460386125766384 -17.460386125766384 -17.460386125766384 -17.460386125766384 -17.460386125766384 -17.460386125766384 -17.460386125766384 -17.460386125766384 -17.460386125766384 -17.460386125766384 -17.460386125766384 -17.460386125766384 -17.460386125766384
3.618090452261306 -17.455418223101404 -17.455418223101404 -17.455418223101404 -17.455418223101404 -17.455418223101404 -17.455418223101404 -17.455418223101404 -17.455418223101404 -17.455418223101404 -17.455418223101404 -17.455418223101404 -17.455418223101404 -17.455418223101404
3.6934673366834168 -17.450450320436424 -17.450450320436424 -17.450450320436424 -17.450450320436424 -17.450450320436424 -17.450450320436424 -17.450450320436424 -17.450450320436424 -17.450450320436424 -17.450450320436424 -17.450450320436424 -17.450450320436424 -17.450450320436424
3.7688442211055273 -17.445482417771444 -17.445482417771444 -17.445482417771444 -17.445482417771444 -17.445482417771444 -17.445482417771444 -17.445482417771444 -17.445482417771444 -17.445482417771444 -17.445482417771444 -17.445482417771444 -17.445482417771444 -17.445482417771444
3.844221105527638 -17.440514515106464 -17.440514515106464 -17.440514515106464 -17.440514515106464 -17.440514515106464 -17.440514515106464 -17.440514515106464 -17.440514515106464 -17.440514515106464 -17.440514515106464 -17.440514515106464 -17.440514515106464 -17.440514515106464
3.9195979899497484 -17.435546612441485 -17.435546612441485 -17.435546612441485 -17.435546612441485 -17.435546612441485 -17.435546612441485 -17.435546612441485 -17.435546612441485 -17.435546612441485 -17.435546612441485 -17.435546612441485 -17.435546612441485 -17.435546612441485
3.994974874371859 -17.430578709776505 -17.430578709776505 -17.430578709776505 -17.430578709776505 -17.430578709776505 -17.430578709776505 -17.430578709776505 -17.430578709776505 -17.430578709776505 -17.430578709776505 -17.430578709776505 -17.430578709776505 -17.430578709776505
4.0703517587939695 -17.42561080711153 -17.42561080711153 -17.42561080711153 -17.42561080711153 -17.42561080711153 -17.42561080711153 -17.42561080711153 -17.42561080711153 -17.42561080711153 -17.42561080711153 -17.42561080711153 -17.42561080711153 -17.42561080711153
4.14572864321608 -17.42064290444655 -17.42064290444655 -17.42064290444655 -17.42064290444655 -17.42064290444655 -17.42064290444655 -17.42064290444655 -17.42064290444655 -17.42064290444655 -17.42064290444655 -17.42064290444655 -17.42064290444655 -17.42064290444655
4.221105527638191 -17.41567500178157 -17.41567500178157 -17.41567500178157 -17.41567500178157 -17.41567500178157 -17.41567500178157 -17.41567500178157 -17.41567500178157 -17.41567500178157 -17.41567500178157 -17.41567500178157 -17.41567500178157 -17.41567500178157
4.296482412060302 -17.41070709911659 -17.41070709911659 -17.41070709911659 -17.41070709911659 -17.41070709911659 -17.41070709911659 -17.41070709911659 -17.41070709911659 -17.41070709911659 -17.41070709911659 -17.41070709911659 -17.41070709911659 -17.41070709911659
