web/models/linear/64/-17_694_0_123.dat
# %ECSV 1.0
# ---
# datatype:
# - {name: time, datatype: float64}
# - {name: swift_uvot_uvw2, datatype: float64}
# - {name: swift_uvot_uvm2, datatype: float64}
# - {name: swift_uvot_uvw1, datatype: float64}
# - {name: swift_uvot_U, datatype: float64}
# - {name: swift_uvot_B, datatype: float64}
# - {name: swift_uvot_V, datatype: float64}
# - {name: swift_uvot_W, datatype: float64}
# - {name: johnson_U, datatype: float64}
# - {name: johnson_B, datatype: float64}
# - {name: johnson_V, datatype: float64}
# - {name: johnson_R, datatype: float64}
# - {name: johnson_I, datatype: float64}
# - {name: sdss_u, datatype: float64}
# - {name: sdss_g, datatype: float64}
# - {name: sdss_r, datatype: float64}
# - {name: sdss_i, datatype: float64}
# - {name: sdss_z, datatype: float64}
# - {name: PS1_g, datatype: float64}
# - {name: PS1_r, datatype: float64}
# - {name: PS1_i, datatype: float64}
# - {name: PS1_z, datatype: float64}
# - {name: PS1_Y, datatype: float64}
# - {name: PS1_w, datatype: float64}
# - {name: ATLAS_c, datatype: float64}
# - {name: ATLAS_o, datatype: float64}
# - {name: ukirt_J, datatype: float64}
# - {name: ukirt_H, datatype: float64}
# - {name: ukirt_K, datatype: float64}
# - {name: Clear, datatype: float64}
# meta: !!omap
# - comment: [M=-17.693877551020407, dM=0.12257636323289027]
# schema: astropy-2.0
time swift_uvot_uvw2 swift_uvot_uvm2 swift_uvot_uvw1 swift_uvot_U swift_uvot_B swift_uvot_V swift_uvot_W johnson_U johnson_B johnson_V johnson_R johnson_I sdss_u sdss_g sdss_r sdss_i sdss_z PS1_g PS1_r PS1_i PS1_z PS1_Y PS1_w ATLAS_c ATLAS_o ukirt_J ukirt_H ukirt_K Clear
0.0 -17.693877551020407 -17.693877551020407 -17.693877551020407 -17.693877551020407 -17.693877551020407 -17.693877551020407 -17.693877551020407 -17.693877551020407 -17.693877551020407 -17.693877551020407 -17.693877551020407 -17.693877551020407 -17.693877551020407 -17.693877551020407 -17.693877551020407 -17.693877551020407 -17.693877551020407 -17.693877551020407 -17.693877551020407 -17.693877551020407 -17.693877551020407 -17.693877551020407 -17.693877551020407 -17.693877551020407 -17.693877551020407 -17.693877551020407 -17.693877551020407 -17.693877551020407 -17.693877551020407
0.07537688442211055 -17.684638126656118 -17.684638126656118 -17.684638126656118 -17.684638126656118 -17.684638126656118 -17.684638126656118 -17.684638126656118 -17.684638126656118 -17.684638126656118 -17.684638126656118 -17.684638126656118 -17.684638126656118 -17.684638126656118 -17.684638126656118 -17.684638126656118 -17.684638126656118 -17.684638126656118 -17.684638126656118 -17.684638126656118 -17.684638126656118 -17.684638126656118 -17.684638126656118 -17.684638126656118 -17.684638126656118 -17.684638126656118 -17.684638126656118 -17.684638126656118 -17.684638126656118 -17.684638126656118
0.1507537688442211 -17.67539870229183 -17.67539870229183 -17.67539870229183 -17.67539870229183 -17.67539870229183 -17.67539870229183 -17.67539870229183 -17.67539870229183 -17.67539870229183 -17.67539870229183 -17.67539870229183 -17.67539870229183 -17.67539870229183 -17.67539870229183 -17.67539870229183 -17.67539870229183 -17.67539870229183 -17.67539870229183 -17.67539870229183 -17.67539870229183 -17.67539870229183 -17.67539870229183 -17.67539870229183 -17.67539870229183 -17.67539870229183 -17.67539870229183 -17.67539870229183 -17.67539870229183 -17.67539870229183
0.22613065326633164 -17.66615927792754 -17.66615927792754 -17.66615927792754 -17.66615927792754 -17.66615927792754 -17.66615927792754 -17.66615927792754 -17.66615927792754 -17.66615927792754 -17.66615927792754 -17.66615927792754 -17.66615927792754 -17.66615927792754 -17.66615927792754 -17.66615927792754 -17.66615927792754 -17.66615927792754 -17.66615927792754 -17.66615927792754 -17.66615927792754 -17.66615927792754 -17.66615927792754 -17.66615927792754 -17.66615927792754 -17.66615927792754 -17.66615927792754 -17.66615927792754 -17.66615927792754 -17.66615927792754
0.3015075376884422 -17.656919853563252 -17.656919853563252 -17.656919853563252 -17.656919853563252 -17.656919853563252 -17.656919853563252 -17.656919853563252 -17.656919853563252 -17.656919853563252 -17.656919853563252 -17.656919853563252 -17.656919853563252 -17.656919853563252 -17.656919853563252 -17.656919853563252 -17.656919853563252 -17.656919853563252 -17.656919853563252 -17.656919853563252 -17.656919853563252 -17.656919853563252 -17.656919853563252 -17.656919853563252 -17.656919853563252 -17.656919853563252 -17.656919853563252 -17.656919853563252 -17.656919853563252 -17.656919853563252
0.37688442211055273 -17.647680429198967 -17.647680429198967 -17.647680429198967 -17.647680429198967 -17.647680429198967 -17.647680429198967 -17.647680429198967 -17.647680429198967 -17.647680429198967 -17.647680429198967 -17.647680429198967 -17.647680429198967 -17.647680429198967 -17.647680429198967 -17.647680429198967 -17.647680429198967 -17.647680429198967 -17.647680429198967 -17.647680429198967 -17.647680429198967 -17.647680429198967 -17.647680429198967 -17.647680429198967 -17.647680429198967 -17.647680429198967 -17.647680429198967 -17.647680429198967 -17.647680429198967 -17.647680429198967
0.4522613065326633 -17.63844100483468 -17.63844100483468 -17.63844100483468 -17.63844100483468 -17.63844100483468 -17.63844100483468 -17.63844100483468 -17.63844100483468 -17.63844100483468 -17.63844100483468 -17.63844100483468 -17.63844100483468 -17.63844100483468 -17.63844100483468 -17.63844100483468 -17.63844100483468 -17.63844100483468 -17.63844100483468 -17.63844100483468 -17.63844100483468 -17.63844100483468 -17.63844100483468 -17.63844100483468 -17.63844100483468 -17.63844100483468 -17.63844100483468 -17.63844100483468 -17.63844100483468 -17.63844100483468
0.5276381909547738 -17.62920158047039 -17.62920158047039 -17.62920158047039 -17.62920158047039 -17.62920158047039 -17.62920158047039 -17.62920158047039 -17.62920158047039 -17.62920158047039 -17.62920158047039 -17.62920158047039 -17.62920158047039 -17.62920158047039 -17.62920158047039 -17.62920158047039 -17.62920158047039 -17.62920158047039 -17.62920158047039 -17.62920158047039 -17.62920158047039 -17.62920158047039 -17.62920158047039 -17.62920158047039 -17.62920158047039 -17.62920158047039 -17.62920158047039 -17.62920158047039 -17.62920158047039 -17.62920158047039
0.6030150753768844 -17.6199621561061 -17.6199621561061 -17.6199621561061 -17.6199621561061 -17.6199621561061 -17.6199621561061 -17.6199621561061 -17.6199621561061 -17.6199621561061 -17.6199621561061 -17.6199621561061 -17.6199621561061 -17.6199621561061 -17.6199621561061 -17.6199621561061 -17.6199621561061 -17.6199621561061 -17.6199621561061 -17.6199621561061 -17.6199621561061 -17.6199621561061 -17.6199621561061 -17.6199621561061 -17.6199621561061 -17.6199621561061 -17.6199621561061 -17.6199621561061 -17.6199621561061 -17.6199621561061
0.6783919597989949 -17.610722731741813 -17.610722731741813 -17.610722731741813 -17.610722731741813 -17.610722731741813 -17.610722731741813 -17.610722731741813 -17.610722731741813 -17.610722731741813 -17.610722731741813 -17.610722731741813 -17.610722731741813 -17.610722731741813 -17.610722731741813 -17.610722731741813 -17.610722731741813 -17.610722731741813 -17.610722731741813 -17.610722731741813 -17.610722731741813 -17.610722731741813 -17.610722731741813 -17.610722731741813 -17.610722731741813 -17.610722731741813 -17.610722731741813 -17.610722731741813 -17.610722731741813 -17.610722731741813
0.7537688442211055 -17.601483307377524 -17.601483307377524 -17.601483307377524 -17.601483307377524 -17.601483307377524 -17.601483307377524 -17.601483307377524 -17.601483307377524 -17.601483307377524 -17.601483307377524 -17.601483307377524 -17.601483307377524 -17.601483307377524 -17.601483307377524 -17.601483307377524 -17.601483307377524 -17.601483307377524 -17.601483307377524 -17.601483307377524 -17.601483307377524 -17.601483307377524 -17.601483307377524 -17.601483307377524 -17.601483307377524 -17.601483307377524 -17.601483307377524 -17.601483307377524 -17.601483307377524 -17.601483307377524
0.829145728643216 -17.592243883013236 -17.592243883013236 -17.592243883013236 -17.592243883013236 -17.592243883013236 -17.592243883013236 -17.592243883013236 -17.592243883013236 -17.592243883013236 -17.592243883013236 -17.592243883013236 -17.592243883013236 -17.592243883013236 -17.592243883013236 -17.592243883013236 -17.592243883013236 -17.592243883013236 -17.592243883013236 -17.592243883013236 -17.592243883013236 -17.592243883013236 -17.592243883013236 -17.592243883013236 -17.592243883013236 -17.592243883013236 -17.592243883013236 -17.592243883013236 -17.592243883013236 -17.592243883013236
0.9045226130653266 -17.583004458648947 -17.583004458648947 -17.583004458648947 -17.583004458648947 -17.583004458648947 -17.583004458648947 -17.583004458648947 -17.583004458648947 -17.583004458648947 -17.583004458648947 -17.583004458648947 -17.583004458648947 -17.583004458648947 -17.583004458648947 -17.583004458648947 -17.583004458648947 -17.583004458648947 -17.583004458648947 -17.583004458648947 -17.583004458648947 -17.583004458648947 -17.583004458648947 -17.583004458648947 -17.583004458648947 -17.583004458648947 -17.583004458648947 -17.583004458648947 -17.583004458648947 -17.583004458648947
0.9798994974874371 -17.57376503428466 -17.57376503428466 -17.57376503428466 -17.57376503428466 -17.57376503428466 -17.57376503428466 -17.57376503428466 -17.57376503428466 -17.57376503428466 -17.57376503428466 -17.57376503428466 -17.57376503428466 -17.57376503428466 -17.57376503428466 -17.57376503428466 -17.57376503428466 -17.57376503428466 -17.57376503428466 -17.57376503428466 -17.57376503428466 -17.57376503428466 -17.57376503428466 -17.57376503428466 -17.57376503428466 -17.57376503428466 -17.57376503428466 -17.57376503428466 -17.57376503428466 -17.57376503428466
1.0552763819095476 -17.564525609920373 -17.564525609920373 -17.564525609920373 -17.564525609920373 -17.564525609920373 -17.564525609920373 -17.564525609920373 -17.564525609920373 -17.564525609920373 -17.564525609920373 -17.564525609920373 -17.564525609920373 -17.564525609920373 -17.564525609920373 -17.564525609920373 -17.564525609920373 -17.564525609920373 -17.564525609920373 -17.564525609920373 -17.564525609920373 -17.564525609920373 -17.564525609920373 -17.564525609920373 -17.564525609920373 -17.564525609920373 -17.564525609920373 -17.564525609920373 -17.564525609920373 -17.564525609920373
1.1306532663316582 -17.555286185556085 -17.555286185556085 -17.555286185556085 -17.555286185556085 -17.555286185556085 -17.555286185556085 -17.555286185556085 -17.555286185556085 -17.555286185556085 -17.555286185556085 -17.555286185556085 -17.555286185556085 -17.555286185556085 -17.555286185556085 -17.555286185556085 -17.555286185556085 -17.555286185556085 -17.555286185556085 -17.555286185556085 -17.555286185556085 -17.555286185556085 -17.555286185556085 -17.555286185556085 -17.555286185556085 -17.555286185556085 -17.555286185556085 -17.555286185556085 -17.555286185556085 -17.555286185556085
1.2060301507537687 -17.546046761191796 -17.546046761191796 -17.546046761191796 -17.546046761191796 -17.546046761191796 -17.546046761191796 -17.546046761191796 -17.546046761191796 -17.546046761191796 -17.546046761191796 -17.546046761191796 -17.546046761191796 -17.546046761191796 -17.546046761191796 -17.546046761191796 -17.546046761191796 -17.546046761191796 -17.546046761191796 -17.546046761191796 -17.546046761191796 -17.546046761191796 -17.546046761191796 -17.546046761191796 -17.546046761191796 -17.546046761191796 -17.546046761191796 -17.546046761191796 -17.546046761191796 -17.546046761191796
1.2814070351758793 -17.536807336827508 -17.536807336827508 -17.536807336827508 -17.536807336827508 -17.536807336827508 -17.536807336827508 -17.536807336827508 -17.536807336827508 -17.536807336827508 -17.536807336827508 -17.536807336827508 -17.536807336827508 -17.536807336827508 -17.536807336827508 -17.536807336827508 -17.536807336827508 -17.536807336827508 -17.536807336827508 -17.536807336827508 -17.536807336827508 -17.536807336827508 -17.536807336827508 -17.536807336827508 -17.536807336827508 -17.536807336827508 -17.536807336827508 -17.536807336827508 -17.536807336827508 -17.536807336827508
1.3567839195979898 -17.52756791246322 -17.52756791246322 -17.52756791246322 -17.52756791246322 -17.52756791246322 -17.52756791246322 -17.52756791246322 -17.52756791246322 -17.52756791246322 -17.52756791246322 -17.52756791246322 -17.52756791246322 -17.52756791246322 -17.52756791246322 -17.52756791246322 -17.52756791246322 -17.52756791246322 -17.52756791246322 -17.52756791246322 -17.52756791246322 -17.52756791246322 -17.52756791246322 -17.52756791246322 -17.52756791246322 -17.52756791246322 -17.52756791246322 -17.52756791246322 -17.52756791246322 -17.52756791246322
1.4321608040201004 -17.51832848809893 -17.51832848809893 -17.51832848809893 -17.51832848809893 -17.51832848809893 -17.51832848809893 -17.51832848809893 -17.51832848809893 -17.51832848809893 -17.51832848809893 -17.51832848809893 -17.51832848809893 -17.51832848809893 -17.51832848809893 -17.51832848809893 -17.51832848809893 -17.51832848809893 -17.51832848809893 -17.51832848809893 -17.51832848809893 -17.51832848809893 -17.51832848809893 -17.51832848809893 -17.51832848809893 -17.51832848809893 -17.51832848809893 -17.51832848809893 -17.51832848809893 -17.51832848809893
1.507537688442211 -17.509089063734642 -17.509089063734642 -17.509089063734642 -17.509089063734642 -17.509089063734642 -17.509089063734642 -17.509089063734642 -17.509089063734642 -17.509089063734642 -17.509089063734642 -17.509089063734642 -17.509089063734642 -17.509089063734642 -17.509089063734642 -17.509089063734642 -17.509089063734642 -17.509089063734642 -17.509089063734642 -17.509089063734642 -17.509089063734642 -17.509089063734642 -17.509089063734642 -17.509089063734642 -17.509089063734642 -17.509089063734642 -17.509089063734642 -17.509089063734642 -17.509089063734642 -17.509089063734642
1.5829145728643215 -17.499849639370353 -17.499849639370353 -17.499849639370353 -17.499849639370353 -17.499849639370353 -17.499849639370353 -17.499849639370353 -17.499849639370353 -17.499849639370353 -17.499849639370353 -17.499849639370353 -17.499849639370353 -17.499849639370353 -17.499849639370353 -17.499849639370353 -17.499849639370353 -17.499849639370353 -17.499849639370353 -17.499849639370353 -17.499849639370353 -17.499849639370353 -17.499849639370353 -17.499849639370353 -17.499849639370353 -17.499849639370353 -17.499849639370353 -17.499849639370353 -17.499849639370353 -17.499849639370353
1.658291457286432 -17.490610215006065 -17.490610215006065 -17.490610215006065 -17.490610215006065 -17.490610215006065 -17.490610215006065 -17.490610215006065 -17.490610215006065 -17.490610215006065 -17.490610215006065 -17.490610215006065 -17.490610215006065 -17.490610215006065 -17.490610215006065 -17.490610215006065 -17.490610215006065 -17.490610215006065 -17.490610215006065 -17.490610215006065 -17.490610215006065 -17.490610215006065 -17.490610215006065 -17.490610215006065 -17.490610215006065 -17.490610215006065 -17.490610215006065 -17.490610215006065 -17.490610215006065 -17.490610215006065
1.7336683417085426 -17.481370790641776 -17.481370790641776 -17.481370790641776 -17.481370790641776 -17.481370790641776 -17.481370790641776 -17.481370790641776 -17.481370790641776 -17.481370790641776 -17.481370790641776 -17.481370790641776 -17.481370790641776 -17.481370790641776 -17.481370790641776 -17.481370790641776 -17.481370790641776 -17.481370790641776 -17.481370790641776 -17.481370790641776 -17.481370790641776 -17.481370790641776 -17.481370790641776 -17.481370790641776 -17.481370790641776 -17.481370790641776 -17.481370790641776 -17.481370790641776 -17.481370790641776 -17.481370790641776
1.809045226130653 -17.47213136627749 -17.47213136627749 -17.47213136627749 -17.47213136627749 -17.47213136627749 -17.47213136627749 -17.47213136627749 -17.47213136627749 -17.47213136627749 -17.47213136627749 -17.47213136627749 -17.47213136627749 -17.47213136627749 -17.47213136627749 -17.47213136627749 -17.47213136627749 -17.47213136627749 -17.47213136627749 -17.47213136627749 -17.47213136627749 -17.47213136627749 -17.47213136627749 -17.47213136627749 -17.47213136627749 -17.47213136627749 -17.47213136627749 -17.47213136627749 -17.47213136627749 -17.47213136627749
1.8844221105527637 -17.462891941913202 -17.462891941913202 -17.462891941913202 -17.462891941913202 -17.462891941913202 -17.462891941913202 -17.462891941913202 -17.462891941913202 -17.462891941913202 -17.462891941913202 -17.462891941913202 -17.462891941913202 -17.462891941913202 -17.462891941913202 -17.462891941913202 -17.462891941913202 -17.462891941913202 -17.462891941913202 -17.462891941913202 -17.462891941913202 -17.462891941913202 -17.462891941913202 -17.462891941913202 -17.462891941913202 -17.462891941913202 -17.462891941913202 -17.462891941913202 -17.462891941913202 -17.462891941913202
1.9597989949748742 -17.453652517548914 -17.453652517548914 -17.453652517548914 -17.453652517548914 -17.453652517548914 -17.453652517548914 -17.453652517548914 -17.453652517548914 -17.453652517548914 -17.453652517548914 -17.453652517548914 -17.453652517548914 -17.453652517548914 -17.453652517548914 -17.453652517548914 -17.453652517548914 -17.453652517548914 -17.453652517548914 -17.453652517548914 -17.453652517548914 -17.453652517548914 -17.453652517548914 -17.453652517548914 -17.453652517548914 -17.453652517548914 -17.453652517548914 -17.453652517548914 -17.453652517548914 -17.453652517548914
