web/models/linear/64/-17_694_0_056.dat
# %ECSV 1.0
# ---
# datatype:
# - {name: time, datatype: float64}
# - {name: sdss_u, datatype: float64}
# - {name: sdss_g, datatype: float64}
# - {name: sdss_r, datatype: float64}
# - {name: sdss_i, datatype: float64}
# - {name: sdss_z, datatype: float64}
# - {name: Clear, datatype: float64}
# - {name: johnson_B, datatype: float64}
# - {name: johnson_V, datatype: float64}
# - {name: johnson_R, datatype: float64}
# - {name: johnson_I, datatype: float64}
# - {name: ukirt_J, datatype: float64}
# - {name: ukirt_H, datatype: float64}
# - {name: ukirt_K, datatype: float64}
# meta: !!omap
# - comment: [M=-17.693877551020407, dM=0.05643739198611264]
# schema: astropy-2.0
time sdss_u sdss_g sdss_r sdss_i sdss_z Clear johnson_B johnson_V johnson_R johnson_I ukirt_J ukirt_H ukirt_K
[from data line 59]
4.447236180904522 -17.442887139423874 -17.442887139423874 -17.442887139423874 -17.442887139423874 -17.442887139423874 -17.442887139423874 -17.442887139423874 -17.442887139423874 -17.442887139423874 -17.442887139423874 -17.442887139423874 -17.442887139423874 -17.442887139423874
4.522613065326633 -17.438633064651054 -17.438633064651054 -17.438633064651054 -17.438633064651054 -17.438633064651054 -17.438633064651054 -17.438633064651054 -17.438633064651054 -17.438633064651054 -17.438633064651054 -17.438633064651054 -17.438633064651054 -17.438633064651054
4.597989949748744 -17.43437898987823 -17.43437898987823 -17.43437898987823 -17.43437898987823 -17.43437898987823 -17.43437898987823 -17.43437898987823 -17.43437898987823 -17.43437898987823 -17.43437898987823 -17.43437898987823 -17.43437898987823 -17.43437898987823
4.673366834170854 -17.43012491510541 -17.43012491510541 -17.43012491510541 -17.43012491510541 -17.43012491510541 -17.43012491510541 -17.43012491510541 -17.43012491510541 -17.43012491510541 -17.43012491510541 -17.43012491510541 -17.43012491510541 -17.43012491510541
4.748743718592964 -17.425870840332585 -17.425870840332585 -17.425870840332585 -17.425870840332585 -17.425870840332585 -17.425870840332585 -17.425870840332585 -17.425870840332585 -17.425870840332585 -17.425870840332585 -17.425870840332585 -17.425870840332585 -17.425870840332585
4.824120603015075 -17.42161676555976 -17.42161676555976 -17.42161676555976 -17.42161676555976 -17.42161676555976 -17.42161676555976 -17.42161676555976 -17.42161676555976 -17.42161676555976 -17.42161676555976 -17.42161676555976 -17.42161676555976 -17.42161676555976
4.899497487437186 -17.41736269078694 -17.41736269078694 -17.41736269078694 -17.41736269078694 -17.41736269078694 -17.41736269078694 -17.41736269078694 -17.41736269078694 -17.41736269078694 -17.41736269078694 -17.41736269078694 -17.41736269078694 -17.41736269078694
4.974874371859296 -17.413108616014117 -17.413108616014117 -17.413108616014117 -17.413108616014117 -17.413108616014117 -17.413108616014117 -17.413108616014117 -17.413108616014117 -17.413108616014117 -17.413108616014117 -17.413108616014117 -17.413108616014117 -17.413108616014117
5.050251256281406 -17.408854541241297 -17.408854541241297 -17.408854541241297 -17.408854541241297 -17.408854541241297 -17.408854541241297 -17.408854541241297 -17.408854541241297 -17.408854541241297 -17.408854541241297 -17.408854541241297 -17.408854541241297 -17.408854541241297
5.125628140703517 -17.404600466468473 -17.404600466468473 -17.404600466468473 -17.404600466468473 -17.404600466468473 -17.404600466468473 -17.404600466468473 -17.404600466468473 -17.404600466468473 -17.404600466468473 -17.404600466468473 -17.404600466468473 -17.404600466468473
5.201005025125628 -17.40034639169565 -17.40034639169565 -17.40034639169565 -17.40034639169565 -17.40034639169565 -17.40034639169565 -17.40034639169565 -17.40034639169565 -17.40034639169565 -17.40034639169565 -17.40034639169565 -17.40034639169565 -17.40034639169565
5.276381909547738 -17.39609231692283 -17.39609231692283 -17.39609231692283 -17.39609231692283 -17.39609231692283 -17.39609231692283 -17.39609231692283 -17.39609231692283 -17.39609231692283 -17.39609231692283 -17.39609231692283 -17.39609231692283 -17.39609231692283
5.351758793969848 -17.391838242150005 -17.391838242150005 -17.391838242150005 -17.391838242150005 -17.391838242150005 -17.391838242150005 -17.391838242150005 -17.391838242150005 -17.391838242150005 -17.391838242150005 -17.391838242150005 -17.391838242150005 -17.391838242150005
5.427135678391959 -17.38758416737718 -17.38758416737718 -17.38758416737718 -17.38758416737718 -17.38758416737718 -17.38758416737718 -17.38758416737718 -17.38758416737718 -17.38758416737718 -17.38758416737718 -17.38758416737718 -17.38758416737718 -17.38758416737718
5.50251256281407 -17.38333009260436 -17.38333009260436 -17.38333009260436 -17.38333009260436 -17.38333009260436 -17.38333009260436 -17.38333009260436 -17.38333009260436 -17.38333009260436 -17.38333009260436 -17.38333009260436 -17.38333009260436 -17.38333009260436
5.57788944723618 -17.379076017831537 -17.379076017831537 -17.379076017831537 -17.379076017831537 -17.379076017831537 -17.379076017831537 -17.379076017831537 -17.379076017831537 -17.379076017831537 -17.379076017831537 -17.379076017831537 -17.379076017831537 -17.379076017831537
5.6532663316582905 -17.374821943058716 -17.374821943058716 -17.374821943058716 -17.374821943058716 -17.374821943058716 -17.374821943058716 -17.374821943058716 -17.374821943058716 -17.374821943058716 -17.374821943058716 -17.374821943058716 -17.374821943058716 -17.374821943058716
5.7286432160804015 -17.370567868285892 -17.370567868285892 -17.370567868285892 -17.370567868285892 -17.370567868285892 -17.370567868285892 -17.370567868285892 -17.370567868285892 -17.370567868285892 -17.370567868285892 -17.370567868285892 -17.370567868285892 -17.370567868285892
5.8040201005025125 -17.36631379351307 -17.36631379351307 -17.36631379351307 -17.36631379351307 -17.36631379351307 -17.36631379351307 -17.36631379351307 -17.36631379351307 -17.36631379351307 -17.36631379351307 -17.36631379351307 -17.36631379351307 -17.36631379351307
5.879396984924623 -17.362059718740248 -17.362059718740248 -17.362059718740248 -17.362059718740248 -17.362059718740248 -17.362059718740248 -17.362059718740248 -17.362059718740248 -17.362059718740248 -17.362059718740248 -17.362059718740248 -17.362059718740248 -17.362059718740248
5.954773869346733 -17.357805643967424 -17.357805643967424 -17.357805643967424 -17.357805643967424 -17.357805643967424 -17.357805643967424 -17.357805643967424 -17.357805643967424 -17.357805643967424 -17.357805643967424 -17.357805643967424 -17.357805643967424 -17.357805643967424
6.030150753768844 -17.3535515691946 -17.3535515691946 -17.3535515691946 -17.3535515691946 -17.3535515691946 -17.3535515691946 -17.3535515691946 -17.3535515691946 -17.3535515691946 -17.3535515691946 -17.3535515691946 -17.3535515691946 -17.3535515691946
6.105527638190955 -17.34929749442178 -17.34929749442178 -17.34929749442178 -17.34929749442178 -17.34929749442178 -17.34929749442178 -17.34929749442178 -17.34929749442178 -17.34929749442178 -17.34929749442178 -17.34929749442178 -17.34929749442178 -17.34929749442178
6.180904522613065 -17.345043419648956 -17.345043419648956 -17.345043419648956 -17.345043419648956 -17.345043419648956 -17.345043419648956 -17.345043419648956 -17.345043419648956 -17.345043419648956 -17.345043419648956 -17.345043419648956 -17.345043419648956 -17.345043419648956
6.256281407035175 -17.340789344876136 -17.340789344876136 -17.340789344876136 -17.340789344876136 -17.340789344876136 -17.340789344876136 -17.340789344876136 -17.340789344876136 -17.340789344876136 -17.340789344876136 -17.340789344876136 -17.340789344876136 -17.340789344876136
6.331658291457286 -17.33653527010331 -17.33653527010331 -17.33653527010331 -17.33653527010331 -17.33653527010331 -17.33653527010331 -17.33653527010331 -17.33653527010331 -17.33653527010331 -17.33653527010331 -17.33653527010331 -17.33653527010331 -17.33653527010331
6.407035175879397 -17.332281195330488 -17.332281195330488 -17.332281195330488 -17.332281195330488 -17.332281195330488 -17.332281195330488 -17.332281195330488 -17.332281195330488 -17.332281195330488 -17.332281195330488 -17.332281195330488 -17.332281195330488 -17.332281195330488
6.482412060301507 -17.328027120557667 -17.328027120557667 -17.328027120557667 -17.328027120557667 -17.328027120557667 -17.328027120557667 -17.328027120557667 -17.328027120557667 -17.328027120557667 -17.328027120557667 -17.328027120557667 -17.328027120557667 -17.328027120557667
6.557788944723617 -17.323773045784844 -17.323773045784844 -17.323773045784844 -17.323773045784844 -17.323773045784844 -17.323773045784844 -17.323773045784844 -17.323773045784844 -17.323773045784844 -17.323773045784844 -17.323773045784844 -17.323773045784844 -17.323773045784844
6.633165829145728 -17.319518971012023 -17.319518971012023 -17.319518971012023 -17.319518971012023 -17.319518971012023 -17.319518971012023 -17.319518971012023 -17.319518971012023 -17.319518971012023 -17.319518971012023 -17.319518971012023 -17.319518971012023 -17.319518971012023
6.708542713567839 -17.3152648962392 -17.3152648962392 -17.3152648962392 -17.3152648962392 -17.3152648962392 -17.3152648962392 -17.3152648962392 -17.3152648962392 -17.3152648962392 -17.3152648962392 -17.3152648962392 -17.3152648962392 -17.3152648962392
6.783919597989949 -17.311010821466375 -17.311010821466375 -17.311010821466375 -17.311010821466375 -17.311010821466375 -17.311010821466375 -17.311010821466375 -17.311010821466375 -17.311010821466375 -17.311010821466375 -17.311010821466375 -17.311010821466375 -17.311010821466375
6.859296482412059 -17.306756746693555 -17.306756746693555 -17.306756746693555 -17.306756746693555 -17.306756746693555 -17.306756746693555 -17.306756746693555 -17.306756746693555 -17.306756746693555 -17.306756746693555 -17.306756746693555 -17.306756746693555 -17.306756746693555
6.93467336683417 -17.30250267192073 -17.30250267192073 -17.30250267192073 -17.30250267192073 -17.30250267192073 -17.30250267192073 -17.30250267192073 -17.30250267192073 -17.30250267192073 -17.30250267192073 -17.30250267192073 -17.30250267192073 -17.30250267192073
7.010050251256281 -17.298248597147907 -17.298248597147907 -17.298248597147907 -17.298248597147907 -17.298248597147907 -17.298248597147907 -17.298248597147907 -17.298248597147907 -17.298248597147907 -17.298248597147907 -17.298248597147907 -17.298248597147907 -17.298248597147907
7.085427135678391 -17.293994522375087 -17.293994522375087 -17.293994522375087 -17.293994522375087 -17.293994522375087 -17.293994522375087 -17.293994522375087 -17.293994522375087 -17.293994522375087 -17.293994522375087 -17.293994522375087 -17.293994522375087 -17.293994522375087
7.160804020100501 -17.289740447602263 -17.289740447602263 -17.289740447602263 -17.289740447602263 -17.289740447602263 -17.289740447602263 -17.289740447602263 -17.289740447602263 -17.289740447602263 -17.289740447602263 -17.289740447602263 -17.289740447602263 -17.289740447602263
7.236180904522612 -17.285486372829443 -17.285486372829443 -17.285486372829443 -17.285486372829443 -17.285486372829443 -17.285486372829443 -17.285486372829443 -17.285486372829443 -17.285486372829443 -17.285486372829443 -17.285486372829443 -17.285486372829443 -17.285486372829443
7.311557788944723 -17.28123229805662 -17.28123229805662 -17.28123229805662 -17.28123229805662 -17.28123229805662 -17.28123229805662 -17.28123229805662 -17.28123229805662 -17.28123229805662 -17.28123229805662 -17.28123229805662 -17.28123229805662 -17.28123229805662
7.3869346733668335 -17.276978223283795 -17.276978223283795 -17.276978223283795 -17.276978223283795 -17.276978223283795 -17.276978223283795 -17.276978223283795 -17.276978223283795 -17.276978223283795 -17.276978223283795 -17.276978223283795 -17.276978223283795 -17.276978223283795
7.462311557788944 -17.272724148510974 -17.272724148510974 -17.272724148510974 -17.272724148510974 -17.272724148510974 -17.272724148510974 -17.272724148510974 -17.272724148510974 -17.272724148510974 -17.272724148510974 -17.272724148510974 -17.272724148510974 -17.272724148510974
7.537688442211055 -17.26847007373815 -17.26847007373815 -17.26847007373815 -17.26847007373815 -17.26847007373815 -17.26847007373815 -17.26847007373815 -17.26847007373815 -17.26847007373815 -17.26847007373815 -17.26847007373815 -17.26847007373815 -17.26847007373815
7.613065326633166 -17.264215998965327 -17.264215998965327 -17.264215998965327 -17.264215998965327 -17.264215998965327 -17.264215998965327 -17.264215998965327 -17.264215998965327 -17.264215998965327 -17.264215998965327 -17.264215998965327 -17.264215998965327 -17.264215998965327
7.688442211055276 -17.259961924192506 -17.259961924192506 -17.259961924192506 -17.259961924192506 -17.259961924192506 -17.259961924192506 -17.259961924192506 -17.259961924192506 -17.259961924192506 -17.259961924192506 -17.259961924192506 -17.259961924192506 -17.259961924192506
7.763819095477386 -17.255707849419682 -17.255707849419682 -17.255707849419682 -17.255707849419682 -17.255707849419682 -17.255707849419682 -17.255707849419682 -17.255707849419682 -17.255707849419682 -17.255707849419682 -17.255707849419682 -17.255707849419682 -17.255707849419682
7.839195979899497 -17.251453774646862 -17.251453774646862 -17.251453774646862 -17.251453774646862 -17.251453774646862 -17.251453774646862 -17.251453774646862 -17.251453774646862 -17.251453774646862 -17.251453774646862 -17.251453774646862 -17.251453774646862 -17.251453774646862
7.914572864321608 -17.247199699874038 -17.247199699874038 -17.247199699874038 -17.247199699874038 -17.247199699874038 -17.247199699874038 -17.247199699874038 -17.247199699874038 -17.247199699874038 -17.247199699874038 -17.247199699874038 -17.247199699874038 -17.247199699874038
7.989949748743718 -17.242945625101214 -17.242945625101214 -17.242945625101214 -17.242945625101214 -17.242945625101214 -17.242945625101214 -17.242945625101214 -17.242945625101214 -17.242945625101214 -17.242945625101214 -17.242945625101214 -17.242945625101214 -17.242945625101214
8.065326633165828 -17.238691550328394 -17.238691550328394 -17.238691550328394 -17.238691550328394 -17.238691550328394 -17.238691550328394 -17.238691550328394 -17.238691550328394 -17.238691550328394 -17.238691550328394 -17.238691550328394 -17.238691550328394 -17.238691550328394
8.140703517587939 -17.23443747555557 -17.23443747555557 -17.23443747555557 -17.23443747555557 -17.23443747555557 -17.23443747555557 -17.23443747555557 -17.23443747555557 -17.23443747555557 -17.23443747555557 -17.23443747555557 -17.23443747555557 -17.23443747555557
8.21608040201005 -17.230183400782746 -17.230183400782746 -17.230183400782746 -17.230183400782746 -17.230183400782746 -17.230183400782746 -17.230183400782746 -17.230183400782746 -17.230183400782746 -17.230183400782746 -17.230183400782746 -17.230183400782746 -17.230183400782746
8.29145728643216 -17.225929326009926 -17.225929326009926 -17.225929326009926 -17.225929326009926 -17.225929326009926 -17.225929326009926 -17.225929326009926 -17.225929326009926 -17.225929326009926 -17.225929326009926 -17.225929326009926 -17.225929326009926 -17.225929326009926
8.36683417085427 -17.2216752512371 -17.2216752512371 -17.2216752512371 -17.2216752512371 -17.2216752512371 -17.2216752512371 -17.2216752512371 -17.2216752512371 -17.2216752512371 -17.2216752512371 -17.2216752512371 -17.2216752512371 -17.2216752512371
8.442211055276381 -17.21742117646428 -17.21742117646428 -17.21742117646428 -17.21742117646428 -17.21742117646428 -17.21742117646428 -17.21742117646428 -17.21742117646428 -17.21742117646428 -17.21742117646428 -17.21742117646428 -17.21742117646428 -17.21742117646428
8.517587939698492 -17.213167101691457 -17.213167101691457 -17.213167101691457 -17.213167101691457 -17.213167101691457 -17.213167101691457 -17.213167101691457 -17.213167101691457 -17.213167101691457 -17.213167101691457 -17.213167101691457 -17.213167101691457 -17.213167101691457
8.592964824120603 -17.208913026918633 -17.208913026918633 -17.208913026918633 -17.208913026918633 -17.208913026918633 -17.208913026918633 -17.208913026918633 -17.208913026918633 -17.208913026918633 -17.208913026918633 -17.208913026918633 -17.208913026918633 -17.208913026918633
8.668341708542712 -17.204658952145813 -17.204658952145813 -17.204658952145813 -17.204658952145813 -17.204658952145813 -17.204658952145813 -17.204658952145813 -17.204658952145813 -17.204658952145813 -17.204658952145813 -17.204658952145813 -17.204658952145813 -17.204658952145813
8.743718592964823 -17.20040487737299 -17.20040487737299 -17.20040487737299 -17.20040487737299 -17.20040487737299 -17.20040487737299 -17.20040487737299 -17.20040487737299 -17.20040487737299 -17.20040487737299 -17.20040487737299 -17.20040487737299 -17.20040487737299
