web/models/linear/67/-18_061_0_030.dat
# %ECSV 1.0
# ---
# datatype:
# - {name: time, datatype: float64}
# - {name: swift_uvot_uvw2, datatype: float64}
# - {name: swift_uvot_uvm2, datatype: float64}
# - {name: swift_uvot_uvw1, datatype: float64}
# - {name: swift_uvot_U, datatype: float64}
# - {name: swift_uvot_B, datatype: float64}
# - {name: swift_uvot_V, datatype: float64}
# - {name: swift_uvot_W, datatype: float64}
# - {name: johnson_U, datatype: float64}
# - {name: johnson_B, datatype: float64}
# - {name: johnson_V, datatype: float64}
# - {name: johnson_R, datatype: float64}
# - {name: johnson_I, datatype: float64}
# - {name: sdss_u, datatype: float64}
# - {name: sdss_g, datatype: float64}
# - {name: sdss_r, datatype: float64}
# - {name: sdss_i, datatype: float64}
# - {name: sdss_z, datatype: float64}
# - {name: PS1_g, datatype: float64}
# - {name: PS1_r, datatype: float64}
# - {name: PS1_i, datatype: float64}
# - {name: PS1_z, datatype: float64}
# - {name: PS1_Y, datatype: float64}
# - {name: PS1_w, datatype: float64}
# - {name: ATLAS_c, datatype: float64}
# - {name: ATLAS_o, datatype: float64}
# - {name: ukirt_J, datatype: float64}
# - {name: ukirt_H, datatype: float64}
# - {name: ukirt_K, datatype: float64}
# - {name: Clear, datatype: float64}
# meta: !!omap
# - comment: [M=-18.06122448979592, dM=0.030345556064724315]
# schema: astropy-2.0
time swift_uvot_uvw2 swift_uvot_uvm2 swift_uvot_uvw1 swift_uvot_U swift_uvot_B swift_uvot_V swift_uvot_W johnson_U johnson_B johnson_V johnson_R johnson_I sdss_u sdss_g sdss_r sdss_i sdss_z PS1_g PS1_r PS1_i PS1_z PS1_Y PS1_w ATLAS_c ATLAS_o ukirt_J ukirt_H ukirt_K Clear
0.0 -18.06122448979592 -18.06122448979592 -18.06122448979592 -18.06122448979592 -18.06122448979592 -18.06122448979592 -18.06122448979592 -18.06122448979592 -18.06122448979592 -18.06122448979592 -18.06122448979592 -18.06122448979592 -18.06122448979592 -18.06122448979592 -18.06122448979592 -18.06122448979592 -18.06122448979592 -18.06122448979592 -18.06122448979592 -18.06122448979592 -18.06122448979592 -18.06122448979592 -18.06122448979592 -18.06122448979592 -18.06122448979592 -18.06122448979592 -18.06122448979592 -18.06122448979592 -18.06122448979592
0.07537688442211055 -18.058937136323703 -18.058937136323703 -18.058937136323703 -18.058937136323703 -18.058937136323703 -18.058937136323703 -18.058937136323703 -18.058937136323703 -18.058937136323703 -18.058937136323703 -18.058937136323703 -18.058937136323703 -18.058937136323703 -18.058937136323703 -18.058937136323703 -18.058937136323703 -18.058937136323703 -18.058937136323703 -18.058937136323703 -18.058937136323703 -18.058937136323703 -18.058937136323703 -18.058937136323703 -18.058937136323703 -18.058937136323703 -18.058937136323703 -18.058937136323703 -18.058937136323703 -18.058937136323703
0.1507537688442211 -18.056649782851487 -18.056649782851487 -18.056649782851487 -18.056649782851487 -18.056649782851487 -18.056649782851487 -18.056649782851487 -18.056649782851487 -18.056649782851487 -18.056649782851487 -18.056649782851487 -18.056649782851487 -18.056649782851487 -18.056649782851487 -18.056649782851487 -18.056649782851487 -18.056649782851487 -18.056649782851487 -18.056649782851487 -18.056649782851487 -18.056649782851487 -18.056649782851487 -18.056649782851487 -18.056649782851487 -18.056649782851487 -18.056649782851487 -18.056649782851487 -18.056649782851487 -18.056649782851487
0.22613065326633164 -18.05436242937927 -18.05436242937927 -18.05436242937927 -18.05436242937927 -18.05436242937927 -18.05436242937927 -18.05436242937927 -18.05436242937927 -18.05436242937927 -18.05436242937927 -18.05436242937927 -18.05436242937927 -18.05436242937927 -18.05436242937927 -18.05436242937927 -18.05436242937927 -18.05436242937927 -18.05436242937927 -18.05436242937927 -18.05436242937927 -18.05436242937927 -18.05436242937927 -18.05436242937927 -18.05436242937927 -18.05436242937927 -18.05436242937927 -18.05436242937927 -18.05436242937927 -18.05436242937927
0.3015075376884422 -18.05207507590706 -18.05207507590706 -18.05207507590706 -18.05207507590706 -18.05207507590706 -18.05207507590706 -18.05207507590706 -18.05207507590706 -18.05207507590706 -18.05207507590706 -18.05207507590706 -18.05207507590706 -18.05207507590706 -18.05207507590706 -18.05207507590706 -18.05207507590706 -18.05207507590706 -18.05207507590706 -18.05207507590706 -18.05207507590706 -18.05207507590706 -18.05207507590706 -18.05207507590706 -18.05207507590706 -18.05207507590706 -18.05207507590706 -18.05207507590706 -18.05207507590706 -18.05207507590706
0.37688442211055273 -18.049787722434843 -18.049787722434843 -18.049787722434843 -18.049787722434843 -18.049787722434843 -18.049787722434843 -18.049787722434843 -18.049787722434843 -18.049787722434843 -18.049787722434843 -18.049787722434843 -18.049787722434843 -18.049787722434843 -18.049787722434843 -18.049787722434843 -18.049787722434843 -18.049787722434843 -18.049787722434843 -18.049787722434843 -18.049787722434843 -18.049787722434843 -18.049787722434843 -18.049787722434843 -18.049787722434843 -18.049787722434843 -18.049787722434843 -18.049787722434843 -18.049787722434843 -18.049787722434843
0.4522613065326633 -18.047500368962627 -18.047500368962627 -18.047500368962627 -18.047500368962627 -18.047500368962627 -18.047500368962627 -18.047500368962627 -18.047500368962627 -18.047500368962627 -18.047500368962627 -18.047500368962627 -18.047500368962627 -18.047500368962627 -18.047500368962627 -18.047500368962627 -18.047500368962627 -18.047500368962627 -18.047500368962627 -18.047500368962627 -18.047500368962627 -18.047500368962627 -18.047500368962627 -18.047500368962627 -18.047500368962627 -18.047500368962627 -18.047500368962627 -18.047500368962627 -18.047500368962627 -18.047500368962627
0.5276381909547738 -18.04521301549041 -18.04521301549041 -18.04521301549041 -18.04521301549041 -18.04521301549041 -18.04521301549041 -18.04521301549041 -18.04521301549041 -18.04521301549041 -18.04521301549041 -18.04521301549041 -18.04521301549041 -18.04521301549041 -18.04521301549041 -18.04521301549041 -18.04521301549041 -18.04521301549041 -18.04521301549041 -18.04521301549041 -18.04521301549041 -18.04521301549041 -18.04521301549041 -18.04521301549041 -18.04521301549041 -18.04521301549041 -18.04521301549041 -18.04521301549041 -18.04521301549041 -18.04521301549041
0.6030150753768844 -18.042925662018195 -18.042925662018195 -18.042925662018195 -18.042925662018195 -18.042925662018195 -18.042925662018195 -18.042925662018195 -18.042925662018195 -18.042925662018195 -18.042925662018195 -18.042925662018195 -18.042925662018195 -18.042925662018195 -18.042925662018195 -18.042925662018195 -18.042925662018195 -18.042925662018195 -18.042925662018195 -18.042925662018195 -18.042925662018195 -18.042925662018195 -18.042925662018195 -18.042925662018195 -18.042925662018195 -18.042925662018195 -18.042925662018195 -18.042925662018195 -18.042925662018195 -18.042925662018195
0.6783919597989949 -18.04063830854598 -18.04063830854598 -18.04063830854598 -18.04063830854598 -18.04063830854598 -18.04063830854598 -18.04063830854598 -18.04063830854598 -18.04063830854598 -18.04063830854598 -18.04063830854598 -18.04063830854598 -18.04063830854598 -18.04063830854598 -18.04063830854598 -18.04063830854598 -18.04063830854598 -18.04063830854598 -18.04063830854598 -18.04063830854598 -18.04063830854598 -18.04063830854598 -18.04063830854598 -18.04063830854598 -18.04063830854598 -18.04063830854598 -18.04063830854598 -18.04063830854598 -18.04063830854598
0.7537688442211055 -18.038350955073764 -18.038350955073764 -18.038350955073764 -18.038350955073764 -18.038350955073764 -18.038350955073764 -18.038350955073764 -18.038350955073764 -18.038350955073764 -18.038350955073764 -18.038350955073764 -18.038350955073764 -18.038350955073764 -18.038350955073764 -18.038350955073764 -18.038350955073764 -18.038350955073764 -18.038350955073764 -18.038350955073764 -18.038350955073764 -18.038350955073764 -18.038350955073764 -18.038350955073764 -18.038350955073764 -18.038350955073764 -18.038350955073764 -18.038350955073764 -18.038350955073764 -18.038350955073764
0.829145728643216 -18.036063601601548 -18.036063601601548 -18.036063601601548 -18.036063601601548 -18.036063601601548 -18.036063601601548 -18.036063601601548 -18.036063601601548 -18.036063601601548 -18.036063601601548 -18.036063601601548 -18.036063601601548 -18.036063601601548 -18.036063601601548 -18.036063601601548 -18.036063601601548 -18.036063601601548 -18.036063601601548 -18.036063601601548 -18.036063601601548 -18.036063601601548 -18.036063601601548 -18.036063601601548 -18.036063601601548 -18.036063601601548 -18.036063601601548 -18.036063601601548 -18.036063601601548 -18.036063601601548
0.9045226130653266 -18.033776248129335 -18.033776248129335 -18.033776248129335 -18.033776248129335 -18.033776248129335 -18.033776248129335 -18.033776248129335 -18.033776248129335 -18.033776248129335 -18.033776248129335 -18.033776248129335 -18.033776248129335 -18.033776248129335 -18.033776248129335 -18.033776248129335 -18.033776248129335 -18.033776248129335 -18.033776248129335 -18.033776248129335 -18.033776248129335 -18.033776248129335 -18.033776248129335 -18.033776248129335 -18.033776248129335 -18.033776248129335 -18.033776248129335 -18.033776248129335 -18.033776248129335 -18.033776248129335
0.9798994974874371 -18.03148889465712 -18.03148889465712 -18.03148889465712 -18.03148889465712 -18.03148889465712 -18.03148889465712 -18.03148889465712 -18.03148889465712 -18.03148889465712 -18.03148889465712 -18.03148889465712 -18.03148889465712 -18.03148889465712 -18.03148889465712 -18.03148889465712 -18.03148889465712 -18.03148889465712 -18.03148889465712 -18.03148889465712 -18.03148889465712 -18.03148889465712 -18.03148889465712 -18.03148889465712 -18.03148889465712 -18.03148889465712 -18.03148889465712 -18.03148889465712 -18.03148889465712 -18.03148889465712
1.0552763819095476 -18.029201541184904 -18.029201541184904 -18.029201541184904 -18.029201541184904 -18.029201541184904 -18.029201541184904 -18.029201541184904 -18.029201541184904 -18.029201541184904 -18.029201541184904 -18.029201541184904 -18.029201541184904 -18.029201541184904 -18.029201541184904 -18.029201541184904 -18.029201541184904 -18.029201541184904 -18.029201541184904 -18.029201541184904 -18.029201541184904 -18.029201541184904 -18.029201541184904 -18.029201541184904 -18.029201541184904 -18.029201541184904 -18.029201541184904 -18.029201541184904 -18.029201541184904 -18.029201541184904
1.1306532663316582 -18.026914187712688 -18.026914187712688 -18.026914187712688 -18.026914187712688 -18.026914187712688 -18.026914187712688 -18.026914187712688 -18.026914187712688 -18.026914187712688 -18.026914187712688 -18.026914187712688 -18.026914187712688 -18.026914187712688 -18.026914187712688 -18.026914187712688 -18.026914187712688 -18.026914187712688 -18.026914187712688 -18.026914187712688 -18.026914187712688 -18.026914187712688 -18.026914187712688 -18.026914187712688 -18.026914187712688 -18.026914187712688 -18.026914187712688 -18.026914187712688 -18.026914187712688 -18.026914187712688
1.2060301507537687 -18.024626834240472 -18.024626834240472 -18.024626834240472 -18.024626834240472 -18.024626834240472 -18.024626834240472 -18.024626834240472 -18.024626834240472 -18.024626834240472 -18.024626834240472 -18.024626834240472 -18.024626834240472 -18.024626834240472 -18.024626834240472 -18.024626834240472 -18.024626834240472 -18.024626834240472 -18.024626834240472 -18.024626834240472 -18.024626834240472 -18.024626834240472 -18.024626834240472 -18.024626834240472 -18.024626834240472 -18.024626834240472 -18.024626834240472 -18.024626834240472 -18.024626834240472 -18.024626834240472
1.2814070351758793 -18.022339480768256 -18.022339480768256 -18.022339480768256 -18.022339480768256 -18.022339480768256 -18.022339480768256 -18.022339480768256 -18.022339480768256 -18.022339480768256 -18.022339480768256 -18.022339480768256 -18.022339480768256 -18.022339480768256 -18.022339480768256 -18.022339480768256 -18.022339480768256 -18.022339480768256 -18.022339480768256 -18.022339480768256 -18.022339480768256 -18.022339480768256 -18.022339480768256 -18.022339480768256 -18.022339480768256 -18.022339480768256 -18.022339480768256 -18.022339480768256 -18.022339480768256 -18.022339480768256
1.3567839195979898 -18.02005212729604 -18.02005212729604 -18.02005212729604 -18.02005212729604 -18.02005212729604 -18.02005212729604 -18.02005212729604 -18.02005212729604 -18.02005212729604 -18.02005212729604 -18.02005212729604 -18.02005212729604 -18.02005212729604 -18.02005212729604 -18.02005212729604 -18.02005212729604 -18.02005212729604 -18.02005212729604 -18.02005212729604 -18.02005212729604 -18.02005212729604 -18.02005212729604 -18.02005212729604 -18.02005212729604 -18.02005212729604 -18.02005212729604 -18.02005212729604 -18.02005212729604 -18.02005212729604
1.4321608040201004 -18.017764773823828 -18.017764773823828 -18.017764773823828 -18.017764773823828 -18.017764773823828 -18.017764773823828 -18.017764773823828 -18.017764773823828 -18.017764773823828 -18.017764773823828 -18.017764773823828 -18.017764773823828 -18.017764773823828 -18.017764773823828 -18.017764773823828 -18.017764773823828 -18.017764773823828 -18.017764773823828 -18.017764773823828 -18.017764773823828 -18.017764773823828 -18.017764773823828 -18.017764773823828 -18.017764773823828 -18.017764773823828 -18.017764773823828 -18.017764773823828 -18.017764773823828 -18.017764773823828
1.507537688442211 -18.015477420351612 -18.015477420351612 -18.015477420351612 -18.015477420351612 -18.015477420351612 -18.015477420351612 -18.015477420351612 -18.015477420351612 -18.015477420351612 -18.015477420351612 -18.015477420351612 -18.015477420351612 -18.015477420351612 -18.015477420351612 -18.015477420351612 -18.015477420351612 -18.015477420351612 -18.015477420351612 -18.015477420351612 -18.015477420351612 -18.015477420351612 -18.015477420351612 -18.015477420351612 -18.015477420351612 -18.015477420351612 -18.015477420351612 -18.015477420351612 -18.015477420351612 -18.015477420351612
1.5829145728643215 -18.013190066879396 -18.013190066879396 -18.013190066879396 -18.013190066879396 -18.013190066879396 -18.013190066879396 -18.013190066879396 -18.013190066879396 -18.013190066879396 -18.013190066879396 -18.013190066879396 -18.013190066879396 -18.013190066879396 -18.013190066879396 -18.013190066879396 -18.013190066879396 -18.013190066879396 -18.013190066879396 -18.013190066879396 -18.013190066879396 -18.013190066879396 -18.013190066879396 -18.013190066879396 -18.013190066879396 -18.013190066879396 -18.013190066879396 -18.013190066879396 -18.013190066879396 -18.013190066879396
1.658291457286432 -18.01090271340718 -18.01090271340718 -18.01090271340718 -18.01090271340718 -18.01090271340718 -18.01090271340718 -18.01090271340718 -18.01090271340718 -18.01090271340718 -18.01090271340718 -18.01090271340718 -18.01090271340718 -18.01090271340718 -18.01090271340718 -18.01090271340718 -18.01090271340718 -18.01090271340718 -18.01090271340718 -18.01090271340718 -18.01090271340718 -18.01090271340718 -18.01090271340718 -18.01090271340718 -18.01090271340718 -18.01090271340718 -18.01090271340718 -18.01090271340718 -18.01090271340718 -18.01090271340718
1.7336683417085426 -18.008615359934964 -18.008615359934964 -18.008615359934964 -18.008615359934964 -18.008615359934964 -18.008615359934964 -18.008615359934964 -18.008615359934964 -18.008615359934964 -18.008615359934964 -18.008615359934964 -18.008615359934964 -18.008615359934964 -18.008615359934964 -18.008615359934964 -18.008615359934964 -18.008615359934964 -18.008615359934964 -18.008615359934964 -18.008615359934964 -18.008615359934964 -18.008615359934964 -18.008615359934964 -18.008615359934964 -18.008615359934964 -18.008615359934964 -18.008615359934964 -18.008615359934964 -18.008615359934964
1.809045226130653 -18.00632800646275 -18.00632800646275 -18.00632800646275 -18.00632800646275 -18.00632800646275 -18.00632800646275 -18.00632800646275 -18.00632800646275 -18.00632800646275 -18.00632800646275 -18.00632800646275 -18.00632800646275 -18.00632800646275 -18.00632800646275 -18.00632800646275 -18.00632800646275 -18.00632800646275 -18.00632800646275 -18.00632800646275 -18.00632800646275 -18.00632800646275 -18.00632800646275 -18.00632800646275 -18.00632800646275 -18.00632800646275 -18.00632800646275 -18.00632800646275 -18.00632800646275 -18.00632800646275
1.8844221105527637 -18.004040652990533 -18.004040652990533 -18.004040652990533 -18.004040652990533 -18.004040652990533 -18.004040652990533 -18.004040652990533 -18.004040652990533 -18.004040652990533 -18.004040652990533 -18.004040652990533 -18.004040652990533 -18.004040652990533 -18.004040652990533 -18.004040652990533 -18.004040652990533 -18.004040652990533 -18.004040652990533 -18.004040652990533 -18.004040652990533 -18.004040652990533 -18.004040652990533 -18.004040652990533 -18.004040652990533 -18.004040652990533 -18.004040652990533 -18.004040652990533 -18.004040652990533 -18.004040652990533
1.9597989949748742 -18.001753299518317 -18.001753299518317 -18.001753299518317 -18.001753299518317 -18.001753299518317 -18.001753299518317 -18.001753299518317 -18.001753299518317 -18.001753299518317 -18.001753299518317 -18.001753299518317 -18.001753299518317 -18.001753299518317 -18.001753299518317 -18.001753299518317 -18.001753299518317 -18.001753299518317 -18.001753299518317 -18.001753299518317 -18.001753299518317 -18.001753299518317 -18.001753299518317 -18.001753299518317 -18.001753299518317 -18.001753299518317 -18.001753299518317 -18.001753299518317 -18.001753299518317 -18.001753299518317
