web/models/linear/67/-18_061_0_041.dat
# %ECSV 1.0
# ---
# datatype:
# - {name: time, datatype: float64}
# - {name: sdss_u, datatype: float64}
# - {name: sdss_g, datatype: float64}
# - {name: sdss_r, datatype: float64}
# - {name: sdss_i, datatype: float64}
# - {name: sdss_z, datatype: float64}
# - {name: Clear, datatype: float64}
# - {name: johnson_B, datatype: float64}
# - {name: johnson_V, datatype: float64}
# - {name: johnson_R, datatype: float64}
# - {name: johnson_I, datatype: float64}
# - {name: ukirt_J, datatype: float64}
# - {name: ukirt_H, datatype: float64}
# - {name: ukirt_K, datatype: float64}
# meta: !!omap
# - comment: [M=-18.06122448979592, dM=0.04138386210422373]
# schema: astropy-2.0
time sdss_u sdss_g sdss_r sdss_i sdss_z Clear johnson_B johnson_V johnson_R johnson_I ukirt_J ukirt_H ukirt_K
0.0 -18.06122448979592 -18.06122448979592 -18.06122448979592 -18.06122448979592 -18.06122448979592 -18.06122448979592 -18.06122448979592 -18.06122448979592 -18.06122448979592 -18.06122448979592 -18.06122448979592 -18.06122448979592 -18.06122448979592
0.07537688442211055 -18.058105103205147 -18.058105103205147 -18.058105103205147 -18.058105103205147 -18.058105103205147 -18.058105103205147 -18.058105103205147 -18.058105103205147 -18.058105103205147 -18.058105103205147 -18.058105103205147 -18.058105103205147 -18.058105103205147
0.1507537688442211 -18.05498571661438 -18.05498571661438 -18.05498571661438 -18.05498571661438 -18.05498571661438 -18.05498571661438 -18.05498571661438 -18.05498571661438 -18.05498571661438 -18.05498571661438 -18.05498571661438 -18.05498571661438 -18.05498571661438
0.22613065326633164 -18.051866330023607 -18.051866330023607 -18.051866330023607 -18.051866330023607 -18.051866330023607 -18.051866330023607 -18.051866330023607 -18.051866330023607 -18.051866330023607 -18.051866330023607 -18.051866330023607 -18.051866330023607 -18.051866330023607
0.3015075376884422 -18.048746943432835 -18.048746943432835 -18.048746943432835 -18.048746943432835 -18.048746943432835 -18.048746943432835 -18.048746943432835 -18.048746943432835 -18.048746943432835 -18.048746943432835 -18.048746943432835 -18.048746943432835 -18.048746943432835
0.37688442211055273 -18.045627556842067 -18.045627556842067 -18.045627556842067 -18.045627556842067 -18.045627556842067 -18.045627556842067 -18.045627556842067 -18.045627556842067 -18.045627556842067 -18.045627556842067 -18.045627556842067 -18.045627556842067 -18.045627556842067
0.4522613065326633 -18.042508170251295 -18.042508170251295 -18.042508170251295 -18.042508170251295 -18.042508170251295 -18.042508170251295 -18.042508170251295 -18.042508170251295 -18.042508170251295 -18.042508170251295 -18.042508170251295 -18.042508170251295 -18.042508170251295
0.5276381909547738 -18.039388783660524 -18.039388783660524 -18.039388783660524 -18.039388783660524 -18.039388783660524 -18.039388783660524 -18.039388783660524 -18.039388783660524 -18.039388783660524 -18.039388783660524 -18.039388783660524 -18.039388783660524 -18.039388783660524
0.6030150753768844 -18.036269397069752 -18.036269397069752 -18.036269397069752 -18.036269397069752 -18.036269397069752 -18.036269397069752 -18.036269397069752 -18.036269397069752 -18.036269397069752 -18.036269397069752 -18.036269397069752 -18.036269397069752 -18.036269397069752
0.6783919597989949 -18.033150010478984 -18.033150010478984 -18.033150010478984 -18.033150010478984 -18.033150010478984 -18.033150010478984 -18.033150010478984 -18.033150010478984 -18.033150010478984 -18.033150010478984 -18.033150010478984 -18.033150010478984 -18.033150010478984
0.7537688442211055 -18.030030623888212 -18.030030623888212 -18.030030623888212 -18.030030623888212 -18.030030623888212 -18.030030623888212 -18.030030623888212 -18.030030623888212 -18.030030623888212 -18.030030623888212 -18.030030623888212 -18.030030623888212 -18.030030623888212
0.829145728643216 -18.02691123729744 -18.02691123729744 -18.02691123729744 -18.02691123729744 -18.02691123729744 -18.02691123729744 -18.02691123729744 -18.02691123729744 -18.02691123729744 -18.02691123729744 -18.02691123729744 -18.02691123729744 -18.02691123729744
0.9045226130653266 -18.023791850706672 -18.023791850706672 -18.023791850706672 -18.023791850706672 -18.023791850706672 -18.023791850706672 -18.023791850706672 -18.023791850706672 -18.023791850706672 -18.023791850706672 -18.023791850706672 -18.023791850706672 -18.023791850706672
0.9798994974874371 -18.0206724641159 -18.0206724641159 -18.0206724641159 -18.0206724641159 -18.0206724641159 -18.0206724641159 -18.0206724641159 -18.0206724641159 -18.0206724641159 -18.0206724641159 -18.0206724641159 -18.0206724641159 -18.0206724641159
1.0552763819095476 -18.01755307752513 -18.01755307752513 -18.01755307752513 -18.01755307752513 -18.01755307752513 -18.01755307752513 -18.01755307752513 -18.01755307752513 -18.01755307752513 -18.01755307752513 -18.01755307752513 -18.01755307752513 -18.01755307752513
1.1306532663316582 -18.01443369093436 -18.01443369093436 -18.01443369093436 -18.01443369093436 -18.01443369093436 -18.01443369093436 -18.01443369093436 -18.01443369093436 -18.01443369093436 -18.01443369093436 -18.01443369093436 -18.01443369093436 -18.01443369093436
1.2060301507537687 -18.01131430434359 -18.01131430434359 -18.01131430434359 -18.01131430434359 -18.01131430434359 -18.01131430434359 -18.01131430434359 -18.01131430434359 -18.01131430434359 -18.01131430434359 -18.01131430434359 -18.01131430434359 -18.01131430434359
1.2814070351758793 -18.008194917752817 -18.008194917752817 -18.008194917752817 -18.008194917752817 -18.008194917752817 -18.008194917752817 -18.008194917752817 -18.008194917752817 -18.008194917752817 -18.008194917752817 -18.008194917752817 -18.008194917752817 -18.008194917752817
1.3567839195979898 -18.005075531162046 -18.005075531162046 -18.005075531162046 -18.005075531162046 -18.005075531162046 -18.005075531162046 -18.005075531162046 -18.005075531162046 -18.005075531162046 -18.005075531162046 -18.005075531162046 -18.005075531162046 -18.005075531162046
1.4321608040201004 -18.001956144571277 -18.001956144571277 -18.001956144571277 -18.001956144571277 -18.001956144571277 -18.001956144571277 -18.001956144571277 -18.001956144571277 -18.001956144571277 -18.001956144571277 -18.001956144571277 -18.001956144571277 -18.001956144571277
1.507537688442211 -17.998836757980506 -17.998836757980506 -17.998836757980506 -17.998836757980506 -17.998836757980506 -17.998836757980506 -17.998836757980506 -17.998836757980506 -17.998836757980506 -17.998836757980506 -17.998836757980506 -17.998836757980506 -17.998836757980506
1.5829145728643215 -17.995717371389734 -17.995717371389734 -17.995717371389734 -17.995717371389734 -17.995717371389734 -17.995717371389734 -17.995717371389734 -17.995717371389734 -17.995717371389734 -17.995717371389734 -17.995717371389734 -17.995717371389734 -17.995717371389734
1.658291457286432 -17.992597984798966 -17.992597984798966 -17.992597984798966 -17.992597984798966 -17.992597984798966 -17.992597984798966 -17.992597984798966 -17.992597984798966 -17.992597984798966 -17.992597984798966 -17.992597984798966 -17.992597984798966 -17.992597984798966
1.7336683417085426 -17.989478598208194 -17.989478598208194 -17.989478598208194 -17.989478598208194 -17.989478598208194 -17.989478598208194 -17.989478598208194 -17.989478598208194 -17.989478598208194 -17.989478598208194 -17.989478598208194 -17.989478598208194 -17.989478598208194
1.809045226130653 -17.986359211617422 -17.986359211617422 -17.986359211617422 -17.986359211617422 -17.986359211617422 -17.986359211617422 -17.986359211617422 -17.986359211617422 -17.986359211617422 -17.986359211617422 -17.986359211617422 -17.986359211617422 -17.986359211617422
1.8844221105527637 -17.983239825026654 -17.983239825026654 -17.983239825026654 -17.983239825026654 -17.983239825026654 -17.983239825026654 -17.983239825026654 -17.983239825026654 -17.983239825026654 -17.983239825026654 -17.983239825026654 -17.983239825026654 -17.983239825026654
1.9597989949748742 -17.980120438435883 -17.980120438435883 -17.980120438435883 -17.980120438435883 -17.980120438435883 -17.980120438435883 -17.980120438435883 -17.980120438435883 -17.980120438435883 -17.980120438435883 -17.980120438435883 -17.980120438435883 -17.980120438435883
2.0351758793969847 -17.97700105184511 -17.97700105184511 -17.97700105184511 -17.97700105184511 -17.97700105184511 -17.97700105184511 -17.97700105184511 -17.97700105184511 -17.97700105184511 -17.97700105184511 -17.97700105184511 -17.97700105184511 -17.97700105184511
2.1105527638190953 -17.97388166525434 -17.97388166525434 -17.97388166525434 -17.97388166525434 -17.97388166525434 -17.97388166525434 -17.97388166525434 -17.97388166525434 -17.97388166525434 -17.97388166525434 -17.97388166525434 -17.97388166525434 -17.97388166525434
2.185929648241206 -17.97076227866357 -17.97076227866357 -17.97076227866357 -17.97076227866357 -17.97076227866357 -17.97076227866357 -17.97076227866357 -17.97076227866357 -17.97076227866357 -17.97076227866357 -17.97076227866357 -17.97076227866357 -17.97076227866357
2.2613065326633164 -17.9676428920728 -17.9676428920728 -17.9676428920728 -17.9676428920728 -17.9676428920728 -17.9676428920728 -17.9676428920728 -17.9676428920728 -17.9676428920728 -17.9676428920728 -17.9676428920728 -17.9676428920728 -17.9676428920728
2.336683417085427 -17.964523505482028 -17.964523505482028 -17.964523505482028 -17.964523505482028 -17.964523505482028 -17.964523505482028 -17.964523505482028 -17.964523505482028 -17.964523505482028 -17.964523505482028 -17.964523505482028 -17.964523505482028 -17.964523505482028
2.4120603015075375 -17.96140411889126 -17.96140411889126 -17.96140411889126 -17.96140411889126 -17.96140411889126 -17.96140411889126 -17.96140411889126 -17.96140411889126 -17.96140411889126 -17.96140411889126 -17.96140411889126 -17.96140411889126 -17.96140411889126
2.487437185929648 -17.958284732300488 -17.958284732300488 -17.958284732300488 -17.958284732300488 -17.958284732300488 -17.958284732300488 -17.958284732300488 -17.958284732300488 -17.958284732300488 -17.958284732300488 -17.958284732300488 -17.958284732300488 -17.958284732300488
2.5628140703517586 -17.955165345709716 -17.955165345709716 -17.955165345709716 -17.955165345709716 -17.955165345709716 -17.955165345709716 -17.955165345709716 -17.955165345709716 -17.955165345709716 -17.955165345709716 -17.955165345709716 -17.955165345709716 -17.955165345709716
2.638190954773869 -17.952045959118948 -17.952045959118948 -17.952045959118948 -17.952045959118948 -17.952045959118948 -17.952045959118948 -17.952045959118948 -17.952045959118948 -17.952045959118948 -17.952045959118948 -17.952045959118948 -17.952045959118948 -17.952045959118948
2.7135678391959797 -17.948926572528176 -17.948926572528176 -17.948926572528176 -17.948926572528176 -17.948926572528176 -17.948926572528176 -17.948926572528176 -17.948926572528176 -17.948926572528176 -17.948926572528176 -17.948926572528176 -17.948926572528176 -17.948926572528176
2.78894472361809 -17.945807185937404 -17.945807185937404 -17.945807185937404 -17.945807185937404 -17.945807185937404 -17.945807185937404 -17.945807185937404 -17.945807185937404 -17.945807185937404 -17.945807185937404 -17.945807185937404 -17.945807185937404 -17.945807185937404
2.8643216080402008 -17.942687799346636 -17.942687799346636 -17.942687799346636 -17.942687799346636 -17.942687799346636 -17.942687799346636 -17.942687799346636 -17.942687799346636 -17.942687799346636 -17.942687799346636 -17.942687799346636 -17.942687799346636 -17.942687799346636
2.9396984924623113 -17.939568412755865 -17.939568412755865 -17.939568412755865 -17.939568412755865 -17.939568412755865 -17.939568412755865 -17.939568412755865 -17.939568412755865 -17.939568412755865 -17.939568412755865 -17.939568412755865 -17.939568412755865 -17.939568412755865
3.015075376884422 -17.936449026165093 -17.936449026165093 -17.936449026165093 -17.936449026165093 -17.936449026165093 -17.936449026165093 -17.936449026165093 -17.936449026165093 -17.936449026165093 -17.936449026165093 -17.936449026165093 -17.936449026165093 -17.936449026165093
3.0904522613065324 -17.93332963957432 -17.93332963957432 -17.93332963957432 -17.93332963957432 -17.93332963957432 -17.93332963957432 -17.93332963957432 -17.93332963957432 -17.93332963957432 -17.93332963957432 -17.93332963957432 -17.93332963957432 -17.93332963957432
3.165829145728643 -17.930210252983553 -17.930210252983553 -17.930210252983553 -17.930210252983553 -17.930210252983553 -17.930210252983553 -17.930210252983553 -17.930210252983553 -17.930210252983553 -17.930210252983553 -17.930210252983553 -17.930210252983553 -17.930210252983553
3.2412060301507535 -17.92709086639278 -17.92709086639278 -17.92709086639278 -17.92709086639278 -17.92709086639278 -17.92709086639278 -17.92709086639278 -17.92709086639278 -17.92709086639278 -17.92709086639278 -17.92709086639278 -17.92709086639278 -17.92709086639278
3.316582914572864 -17.92397147980201 -17.92397147980201 -17.92397147980201 -17.92397147980201 -17.92397147980201 -17.92397147980201 -17.92397147980201 -17.92397147980201 -17.92397147980201 -17.92397147980201 -17.92397147980201 -17.92397147980201 -17.92397147980201
3.3919597989949746 -17.92085209321124 -17.92085209321124 -17.92085209321124 -17.92085209321124 -17.92085209321124 -17.92085209321124 -17.92085209321124 -17.92085209321124 -17.92085209321124 -17.92085209321124 -17.92085209321124 -17.92085209321124 -17.92085209321124
3.467336683417085 -17.91773270662047 -17.91773270662047 -17.91773270662047 -17.91773270662047 -17.91773270662047 -17.91773270662047 -17.91773270662047 -17.91773270662047 -17.91773270662047 -17.91773270662047 -17.91773270662047 -17.91773270662047 -17.91773270662047
3.5427135678391957 -17.914613320029698 -17.914613320029698 -17.914613320029698 -17.914613320029698 -17.914613320029698 -17.914613320029698 -17.914613320029698 -17.914613320029698 -17.914613320029698 -17.914613320029698 -17.914613320029698 -17.914613320029698 -17.914613320029698
3.618090452261306 -17.91149393343893 -17.91149393343893 -17.91149393343893 -17.91149393343893 -17.91149393343893 -17.91149393343893 -17.91149393343893 -17.91149393343893 -17.91149393343893 -17.91149393343893 -17.91149393343893 -17.91149393343893 -17.91149393343893
3.6934673366834168 -17.908374546848158 -17.908374546848158 -17.908374546848158 -17.908374546848158 -17.908374546848158 -17.908374546848158 -17.908374546848158 -17.908374546848158 -17.908374546848158 -17.908374546848158 -17.908374546848158 -17.908374546848158 -17.908374546848158
3.7688442211055273 -17.905255160257386 -17.905255160257386 -17.905255160257386 -17.905255160257386 -17.905255160257386 -17.905255160257386 -17.905255160257386 -17.905255160257386 -17.905255160257386 -17.905255160257386 -17.905255160257386 -17.905255160257386 -17.905255160257386
3.844221105527638 -17.902135773666615 -17.902135773666615 -17.902135773666615 -17.902135773666615 -17.902135773666615 -17.902135773666615 -17.902135773666615 -17.902135773666615 -17.902135773666615 -17.902135773666615 -17.902135773666615 -17.902135773666615 -17.902135773666615
3.9195979899497484 -17.899016387075847 -17.899016387075847 -17.899016387075847 -17.899016387075847 -17.899016387075847 -17.899016387075847 -17.899016387075847 -17.899016387075847 -17.899016387075847 -17.899016387075847 -17.899016387075847 -17.899016387075847 -17.899016387075847
3.994974874371859 -17.895897000485075 -17.895897000485075 -17.895897000485075 -17.895897000485075 -17.895897000485075 -17.895897000485075 -17.895897000485075 -17.895897000485075 -17.895897000485075 -17.895897000485075 -17.895897000485075 -17.895897000485075 -17.895897000485075
4.0703517587939695 -17.892777613894303 -17.892777613894303 -17.892777613894303 -17.892777613894303 -17.892777613894303 -17.892777613894303 -17.892777613894303 -17.892777613894303 -17.892777613894303 -17.892777613894303 -17.892777613894303 -17.892777613894303 -17.892777613894303
4.14572864321608 -17.889658227303535 -17.889658227303535 -17.889658227303535 -17.889658227303535 -17.889658227303535 -17.889658227303535 -17.889658227303535 -17.889658227303535 -17.889658227303535 -17.889658227303535 -17.889658227303535 -17.889658227303535 -17.889658227303535
4.221105527638191 -17.886538840712763 -17.886538840712763 -17.886538840712763 -17.886538840712763 -17.886538840712763 -17.886538840712763 -17.886538840712763 -17.886538840712763 -17.886538840712763 -17.886538840712763 -17.886538840712763 -17.886538840712763 -17.886538840712763
4.296482412060302 -17.88341945412199 -17.88341945412199 -17.88341945412199 -17.88341945412199 -17.88341945412199 -17.88341945412199 -17.88341945412199 -17.88341945412199 -17.88341945412199 -17.88341945412199 -17.88341945412199 -17.88341945412199 -17.88341945412199
