web/models/linear/67/-18_061_0_035.dat
# %ECSV 1.0
# ---
# datatype:
# - {name: time, datatype: float64}
# - {name: sdss_u, datatype: float64}
# - {name: sdss_g, datatype: float64}
# - {name: sdss_r, datatype: float64}
# - {name: sdss_i, datatype: float64}
# - {name: sdss_z, datatype: float64}
# - {name: Clear, datatype: float64}
# - {name: johnson_B, datatype: float64}
# - {name: johnson_V, datatype: float64}
# - {name: johnson_R, datatype: float64}
# - {name: johnson_I, datatype: float64}
# - {name: ukirt_J, datatype: float64}
# - {name: ukirt_H, datatype: float64}
# - {name: ukirt_K, datatype: float64}
# meta: !!omap
# - comment: [M=-18.06122448979592, dM=0.035437498608938814]
# schema: astropy-2.0
time sdss_u sdss_g sdss_r sdss_i sdss_z Clear johnson_B johnson_V johnson_R johnson_I ukirt_J ukirt_H ukirt_K
[from data line 176]
13.266331658291456 -17.591098880109495 -17.591098880109495 -17.591098880109495 -17.591098880109495 -17.591098880109495 -17.591098880109495 -17.591098880109495 -17.591098880109495 -17.591098880109495 -17.591098880109495 -17.591098880109495 -17.591098880109495 -17.591098880109495
13.341708542713567 -17.58842771187264 -17.58842771187264 -17.58842771187264 -17.58842771187264 -17.58842771187264 -17.58842771187264 -17.58842771187264 -17.58842771187264 -17.58842771187264 -17.58842771187264 -17.58842771187264 -17.58842771187264 -17.58842771187264
13.417085427135678 -17.585756543635785 -17.585756543635785 -17.585756543635785 -17.585756543635785 -17.585756543635785 -17.585756543635785 -17.585756543635785 -17.585756543635785 -17.585756543635785 -17.585756543635785 -17.585756543635785 -17.585756543635785 -17.585756543635785
13.492462311557787 -17.58308537539893 -17.58308537539893 -17.58308537539893 -17.58308537539893 -17.58308537539893 -17.58308537539893 -17.58308537539893 -17.58308537539893 -17.58308537539893 -17.58308537539893 -17.58308537539893 -17.58308537539893 -17.58308537539893
13.567839195979898 -17.580414207162075 -17.580414207162075 -17.580414207162075 -17.580414207162075 -17.580414207162075 -17.580414207162075 -17.580414207162075 -17.580414207162075 -17.580414207162075 -17.580414207162075 -17.580414207162075 -17.580414207162075 -17.580414207162075
13.64321608040201 -17.57774303892522 -17.57774303892522 -17.57774303892522 -17.57774303892522 -17.57774303892522 -17.57774303892522 -17.57774303892522 -17.57774303892522 -17.57774303892522 -17.57774303892522 -17.57774303892522 -17.57774303892522 -17.57774303892522
13.718592964824118 -17.575071870688365 -17.575071870688365 -17.575071870688365 -17.575071870688365 -17.575071870688365 -17.575071870688365 -17.575071870688365 -17.575071870688365 -17.575071870688365 -17.575071870688365 -17.575071870688365 -17.575071870688365 -17.575071870688365
13.79396984924623 -17.57240070245151 -17.57240070245151 -17.57240070245151 -17.57240070245151 -17.57240070245151 -17.57240070245151 -17.57240070245151 -17.57240070245151 -17.57240070245151 -17.57240070245151 -17.57240070245151 -17.57240070245151 -17.57240070245151
13.86934673366834 -17.569729534214655 -17.569729534214655 -17.569729534214655 -17.569729534214655 -17.569729534214655 -17.569729534214655 -17.569729534214655 -17.569729534214655 -17.569729534214655 -17.569729534214655 -17.569729534214655 -17.569729534214655 -17.569729534214655
13.944723618090451 -17.5670583659778 -17.5670583659778 -17.5670583659778 -17.5670583659778 -17.5670583659778 -17.5670583659778 -17.5670583659778 -17.5670583659778 -17.5670583659778 -17.5670583659778 -17.5670583659778 -17.5670583659778 -17.5670583659778
14.020100502512562 -17.56438719774095 -17.56438719774095 -17.56438719774095 -17.56438719774095 -17.56438719774095 -17.56438719774095 -17.56438719774095 -17.56438719774095 -17.56438719774095 -17.56438719774095 -17.56438719774095 -17.56438719774095 -17.56438719774095
14.095477386934672 -17.561716029504094 -17.561716029504094 -17.561716029504094 -17.561716029504094 -17.561716029504094 -17.561716029504094 -17.561716029504094 -17.561716029504094 -17.561716029504094 -17.561716029504094 -17.561716029504094 -17.561716029504094 -17.561716029504094
14.170854271356783 -17.55904486126724 -17.55904486126724 -17.55904486126724 -17.55904486126724 -17.55904486126724 -17.55904486126724 -17.55904486126724 -17.55904486126724 -17.55904486126724 -17.55904486126724 -17.55904486126724 -17.55904486126724 -17.55904486126724
14.246231155778894 -17.556373693030384 -17.556373693030384 -17.556373693030384 -17.556373693030384 -17.556373693030384 -17.556373693030384 -17.556373693030384 -17.556373693030384 -17.556373693030384 -17.556373693030384 -17.556373693030384 -17.556373693030384 -17.556373693030384
14.321608040201003 -17.55370252479353 -17.55370252479353 -17.55370252479353 -17.55370252479353 -17.55370252479353 -17.55370252479353 -17.55370252479353 -17.55370252479353 -17.55370252479353 -17.55370252479353 -17.55370252479353 -17.55370252479353 -17.55370252479353
14.396984924623114 -17.551031356556674 -17.551031356556674 -17.551031356556674 -17.551031356556674 -17.551031356556674 -17.551031356556674 -17.551031356556674 -17.551031356556674 -17.551031356556674 -17.551031356556674 -17.551031356556674 -17.551031356556674 -17.551031356556674
14.472361809045225 -17.54836018831982 -17.54836018831982 -17.54836018831982 -17.54836018831982 -17.54836018831982 -17.54836018831982 -17.54836018831982 -17.54836018831982 -17.54836018831982 -17.54836018831982 -17.54836018831982 -17.54836018831982 -17.54836018831982
14.547738693467336 -17.545689020082964 -17.545689020082964 -17.545689020082964 -17.545689020082964 -17.545689020082964 -17.545689020082964 -17.545689020082964 -17.545689020082964 -17.545689020082964 -17.545689020082964 -17.545689020082964 -17.545689020082964 -17.545689020082964
14.623115577889447 -17.54301785184611 -17.54301785184611 -17.54301785184611 -17.54301785184611 -17.54301785184611 -17.54301785184611 -17.54301785184611 -17.54301785184611 -17.54301785184611 -17.54301785184611 -17.54301785184611 -17.54301785184611 -17.54301785184611
14.698492462311556 -17.540346683609254 -17.540346683609254 -17.540346683609254 -17.540346683609254 -17.540346683609254 -17.540346683609254 -17.540346683609254 -17.540346683609254 -17.540346683609254 -17.540346683609254 -17.540346683609254 -17.540346683609254 -17.540346683609254
14.773869346733667 -17.5376755153724 -17.5376755153724 -17.5376755153724 -17.5376755153724 -17.5376755153724 -17.5376755153724 -17.5376755153724 -17.5376755153724 -17.5376755153724 -17.5376755153724 -17.5376755153724 -17.5376755153724 -17.5376755153724
14.849246231155778 -17.535004347135548 -17.535004347135548 -17.535004347135548 -17.535004347135548 -17.535004347135548 -17.535004347135548 -17.535004347135548 -17.535004347135548 -17.535004347135548 -17.535004347135548 -17.535004347135548 -17.535004347135548 -17.535004347135548
14.924623115577887 -17.532333178898693 -17.532333178898693 -17.532333178898693 -17.532333178898693 -17.532333178898693 -17.532333178898693 -17.532333178898693 -17.532333178898693 -17.532333178898693 -17.532333178898693 -17.532333178898693 -17.532333178898693 -17.532333178898693
15.0 -17.529662010661838 -17.529662010661838 -17.529662010661838 -17.529662010661838 -17.529662010661838 -17.529662010661838 -17.529662010661838 -17.529662010661838 -17.529662010661838 -17.529662010661838 -17.529662010661838 -17.529662010661838 -17.529662010661838
