web/models/kne.last_good/kappa_0.5_3.0.v1/12/villar_0.1443_0.4687_0.5000.dat
# %ECSV 1.0
# ---
# datatype:
# - {name: time, datatype: float64}
# - {name: swift_uvot_uvw2, datatype: float64}
# - {name: swift_uvot_uvm2, datatype: float64}
# - {name: swift_uvot_uvw1, datatype: float64}
# - {name: swift_uvot_U, datatype: float64}
# - {name: swift_uvot_B, datatype: float64}
# - {name: swift_uvot_V, datatype: float64}
# - {name: swift_uvot_W, datatype: float64}
# - {name: johnson_U, datatype: float64}
# - {name: johnson_B, datatype: float64}
# - {name: johnson_V, datatype: float64}
# - {name: johnson_R, datatype: float64}
# - {name: johnson_I, datatype: float64}
# - {name: sdss_u, datatype: float64}
# - {name: sdss_g, datatype: float64}
# - {name: sdss_r, datatype: float64}
# - {name: sdss_i, datatype: float64}
# - {name: sdss_z, datatype: float64}
# - {name: PS1_g, datatype: float64}
# - {name: PS1_r, datatype: float64}
# - {name: PS1_i, datatype: float64}
# - {name: PS1_z, datatype: float64}
# - {name: PS1_Y, datatype: float64}
# - {name: PS1_w, datatype: float64}
# - {name: ATLAS_c, datatype: float64}
# - {name: ATLAS_o, datatype: float64}
# - {name: ukirt_J, datatype: float64}
# - {name: ukirt_H, datatype: float64}
# - {name: ukirt_K, datatype: float64}
# - {name: Clear, datatype: float64}
# meta: !!omap
# - comment: [kappa = 0.5, type = villar, mass = 0.1442699905917794, velocity = 0.4686666666666667, theta_obs = 0.0]
# schema: astropy-2.0
time swift_uvot_uvw2 swift_uvot_uvm2 swift_uvot_uvw1 swift_uvot_U swift_uvot_B swift_uvot_V swift_uvot_W johnson_U johnson_B johnson_V johnson_R johnson_I sdss_u sdss_g sdss_r sdss_i sdss_z PS1_g PS1_r PS1_i PS1_z PS1_Y PS1_w ATLAS_c ATLAS_o ukirt_J ukirt_H ukirt_K Clear
[from data line 76]
0.009626 -11.992 -11.884 -11.793 -11.493 -11.193 -10.852 -11.642 -11.45 -11.189 -10.842 -10.481 -10.055 -11.458 -11.085 -10.644 -10.311 -9.992 -11.07 -10.679 -10.355 -10.143 -10.134 -10.697 -10.913 -10.507 -9.346 -8.814 -8.196 -10.766
0.009917 -12.03 -11.926 -11.836 -11.54 -11.242 -10.903 -11.685 -11.497 -11.238 -10.893 -10.533 -10.107 -11.506 -11.134 -10.696 -10.363 -10.045 -11.12 -10.73 -10.406 -10.195 -10.184 -10.748 -10.963 -10.559 -9.399 -8.868 -8.25 -10.817
0.010217 -12.068 -11.967 -11.879 -11.588 -11.291 -10.954 -11.729 -11.545 -11.287 -10.944 -10.584 -10.16 -11.554 -11.184 -10.747 -10.415 -10.097 -11.169 -10.781 -10.458 -10.246 -10.233 -10.798 -11.014 -10.61 -9.453 -8.922 -8.305 -10.867
0.010526 -12.106 -12.008 -11.922 -11.635 -11.34 -11.004 -11.772 -11.592 -11.336 -10.994 -10.636 -10.212 -11.601 -11.234 -10.798 -10.467 -10.15 -11.219 -10.832 -10.509 -10.297 -10.283 -10.849 -11.064 -10.662 -9.506 -8.976 -8.359 -10.917
0.010845 -12.144 -12.049 -11.965 -11.682 -11.389 -11.055 -11.815 -11.639 -11.385 -11.044 -10.687 -10.265 -11.648 -11.283 -10.849 -10.519 -10.203 -11.268 -10.882 -10.56 -10.348 -10.332 -10.9 -11.114 -10.713 -9.56 -9.03 -8.414 -10.968
0.011173 -12.181 -12.09 -12.007 -11.728 -11.438 -11.105 -11.858 -11.687 -11.434 -11.095 -10.739 -10.317 -11.695 -11.332 -10.9 -10.571 -10.255 -11.317 -10.933 -10.611 -10.399 -10.381 -10.95 -11.164 -10.765 -9.613 -9.084 -8.468 -11.018
0.011511 -12.219 -12.13 -12.049 -11.775 -11.486 -11.155 -11.9 -11.733 -11.483 -11.145 -10.79 -10.369 -11.742 -11.381 -10.951 -10.622 -10.307 -11.366 -10.983 -10.663 -10.45 -10.43 -11.001 -11.214 -10.816 -9.667 -9.138 -8.522 -11.068
0.011859 -12.255 -12.171 -12.091 -11.821 -11.535 -11.205 -11.943 -11.78 -11.531 -11.195 -10.841 -10.422 -11.789 -11.431 -11.002 -10.674 -10.36 -11.415 -11.034 -10.714 -10.501 -10.48 -11.051 -11.263 -10.867 -9.72 -9.192 -8.576 -11.118
0.012217 -12.292 -12.211 -12.133 -11.868 -11.583 -11.255 -11.985 -11.827 -11.58 -11.245 -10.892 -10.474 -11.836 -11.48 -11.053 -10.726 -10.412 -11.464 -11.084 -10.765 -10.552 -10.529 -11.101 -11.313 -10.918 -9.773 -9.246 -8.631 -11.168
0.012587 -12.329 -12.25 -12.175 -11.914 -11.632 -11.305 -12.027 -11.873 -11.628 -11.295 -10.943 -10.526 -11.882 -11.528 -11.103 -10.777 -10.464 -11.512 -11.134 -10.815 -10.603 -10.578 -11.152 -11.363 -10.969 -9.826 -9.299 -8.685 -11.218
0.012968 -12.365 -12.29 -12.216 -11.96 -11.68 -11.355 -12.069 -11.92 -11.676 -11.345 -10.994 -10.578 -11.928 -11.577 -11.154 -10.829 -10.516 -11.561 -11.184 -10.866 -10.654 -10.627 -11.202 -11.412 -11.02 -9.879 -9.353 -8.739 -11.267
0.01336 -12.401 -12.329 -12.257 -12.006 -11.728 -11.405 -12.111 -11.966 -11.724 -11.395 -11.045 -10.63 -11.975 -11.626 -11.204 -10.88 -10.568 -11.61 -11.234 -10.917 -10.705 -10.676 -11.252 -11.461 -11.071 -9.932 -9.407 -8.793 -11.317
0.013764 -12.436 -12.368 -12.298 -12.051 -11.776 -11.454 -12.152 -12.012 -11.772 -11.444 -11.096 -10.682 -12.021 -11.674 -11.254 -10.931 -10.62 -11.658 -11.284 -10.968 -10.755 -10.725 -11.302 -11.511 -11.121 -9.985 -9.46 -8.847 -11.366
0.01418 -12.471 -12.407 -12.339 -12.097 -11.824 -11.504 -12.193 -12.058 -11.82 -11.494 -11.147 -10.733 -12.066 -11.723 -11.305 -10.983 -10.672 -11.706 -11.334 -11.018 -10.806 -10.774 -11.351 -11.56 -11.172 -10.038 -9.514 -8.901 -11.416
0.014609 -12.507 -12.445 -12.38 -12.142 -11.871 -11.553 -12.235 -12.104 -11.868 -11.543 -11.197 -10.785 -12.112 -11.771 -11.355 -11.034 -10.724 -11.754 -11.383 -11.069 -10.857 -10.823 -11.401 -11.609 -11.223 -10.091 -9.567 -8.955 -11.465
0.015051 -12.541 -12.484 -12.42 -12.187 -11.919 -11.603 -12.275 -12.149 -11.915 -11.593 -11.248 -10.837 -12.158 -11.819 -11.405 -11.085 -10.776 -11.802 -11.433 -11.119 -10.907 -10.872 -11.451 -11.658 -11.273 -10.144 -9.621 -9.009 -11.514
0.015506 -12.576 -12.522 -12.46 -12.232 -11.966 -11.652 -12.316 -12.195 -11.963 -11.642 -11.298 -10.888 -12.203 -11.867 -11.455 -11.136 -10.828 -11.85 -11.483 -11.17 -10.957 -10.921 -11.5 -11.706 -11.323 -10.197 -9.674 -9.062 -11.563
0.015975 -12.61 -12.56 -12.5 -12.277 -12.014 -11.701 -12.357 -12.24 -12.01 -11.691 -11.349 -10.94 -12.248 -11.915 -11.505 -11.187 -10.879 -11.898 -11.532 -11.22 -11.008 -10.97 -11.55 -11.755 -11.374 -10.25 -9.727 -9.116 -11.612
0.016458 -12.644 -12.597 -12.54 -12.322 -12.061 -11.75 -12.397 -12.285 -12.057 -11.74 -11.399 -10.991 -12.294 -11.963 -11.555 -11.238 -10.931 -11.946 -11.582 -11.27 -11.058 -11.019 -11.599 -11.804 -11.424 -10.302 -9.78 -9.17 -11.661
0.016956 -12.678 -12.634 -12.579 -12.367 -12.108 -11.799 -12.437 -12.33 -12.104 -11.789 -11.449 -11.042 -12.339 -12.01 -11.604 -11.288 -10.982 -11.994 -11.631 -11.32 -11.109 -11.068 -11.648 -11.852 -11.474 -10.355 -9.834 -9.224 -11.71
0.017469 -12.711 -12.671 -12.618 -12.411 -12.155 -11.848 -12.477 -12.375 -12.151 -11.838 -11.499 -11.094 -12.383 -12.058 -11.654 -11.339 -11.034 -12.041 -11.68 -11.371 -11.159 -11.117 -11.697 -11.901 -11.524 -10.407 -9.887 -9.277 -11.759
0.017997 -12.745 -12.708 -12.657 -12.455 -12.202 -11.896 -12.517 -12.42 -12.198 -11.887 -11.549 -11.145 -12.428 -12.105 -11.704 -11.39 -11.085 -12.088 -11.729 -11.421 -11.209 -11.166 -11.746 -11.949 -11.574 -10.46 -9.94 -9.331 -11.807
0.018541 -12.778 -12.745 -12.696 -12.5 -12.248 -11.945 -12.556 -12.465 -12.245 -11.935 -11.599 -11.196 -12.473 -12.153 -11.753 -11.44 -11.137 -12.136 -11.778 -11.471 -11.259 -11.214 -11.795 -11.997 -11.624 -10.512 -9.993 -9.385 -11.856
0.019102 -12.81 -12.781 -12.734 -12.544 -12.295 -11.993 -12.596 -12.509 -12.291 -11.984 -11.649 -11.247 -12.517 -12.2 -11.802 -11.491 -11.188 -12.183 -11.827 -11.52 -11.309 -11.263 -11.844 -12.045 -11.674 -10.565 -10.046 -9.438 -11.904
0.01968 -12.843 -12.817 -12.773 -12.587 -12.341 -12.042 -12.635 -12.553 -12.338 -12.032 -11.699 -11.298 -12.561 -12.247 -11.852 -11.541 -11.239 -12.23 -11.876 -11.57 -11.359 -11.312 -11.893 -12.093 -11.723 -10.617 -10.099 -9.492 -11.952
0.020275 -12.875 -12.853 -12.811 -12.631 -12.388 -12.09 -12.674 -12.597 -12.384 -12.081 -11.749 -11.349 -12.605 -12.294 -11.901 -11.591 -11.29 -12.277 -11.925 -11.62 -11.409 -11.361 -11.941 -12.141 -11.773 -10.67 -10.152 -9.545 -12.0
0.020888 -12.907 -12.888 -12.849 -12.674 -12.434 -12.138 -12.713 -12.641 -12.43 -12.129 -11.798 -11.4 -12.649 -12.341 -11.95 -11.642 -11.341 -12.324 -11.974 -11.67 -11.459 -11.409 -11.99 -12.189 -11.823 -10.722 -10.205 -9.599 -12.048
0.02152 -12.938 -12.923 -12.886 -12.718 -12.48 -12.186 -12.751 -12.685 -12.476 -12.177 -11.848 -11.451 -12.693 -12.388 -11.999 -11.692 -11.392 -12.371 -12.022 -11.72 -11.509 -11.458 -12.038 -12.236 -11.872 -10.774 -10.258 -9.652 -12.096
0.022171 -12.969 -12.958 -12.924 -12.761 -12.526 -12.234 -12.79 -12.729 -12.522 -12.225 -11.897 -11.502 -12.736 -12.434 -12.048 -11.742 -11.443 -12.417 -12.071 -11.769 -11.559 -11.506 -12.087 -12.284 -11.921 -10.826 -10.311 -9.706 -12.144
0.022841 -13.0 -12.993 -12.961 -12.804 -12.571 -12.282 -12.828 -12.772 -12.568 -12.273 -11.947 -11.552 -12.78 -12.481 -12.097 -11.792 -11.494 -12.464 -12.119 -11.819 -11.609 -11.555 -12.135 -12.331 -11.971 -10.878 -10.364 -9.759 -12.192
0.023532 -13.031 -13.027 -12.998 -12.847 -12.617 -12.33 -12.866 -12.815 -12.613 -12.321 -11.996 -11.603 -12.823 -12.527 -12.146 -11.842 -11.545 -12.51 -12.168 -11.868 -11.659 -11.604 -12.183 -12.379 -12.02 -10.93 -10.416 -9.812 -12.24
0.024244 -13.061 -13.061 -13.034 -12.889 -12.663 -12.378 -12.904 -12.859 -12.659 -12.368 -12.045 -11.654 -12.866 -12.573 -12.194 -11.892 -11.596 -12.556 -12.216 -11.918 -11.708 -11.652 -12.231 -12.426 -12.069 -10.982 -10.469 -9.866 -12.287
0.024977 -13.091 -13.095 -13.071 -12.932 -12.708 -12.425 -12.941 -12.901 -12.704 -12.416 -12.094 -11.704 -12.909 -12.62 -12.243 -11.942 -11.646 -12.603 -12.264 -11.967 -11.758 -11.701 -12.279 -12.473 -12.118 -11.034 -10.522 -9.919 -12.335
0.025733 -13.121 -13.129 -13.107 -12.974 -12.753 -12.473 -12.979 -12.944 -12.75 -12.464 -12.143 -11.754 -12.952 -12.666 -12.291 -11.991 -11.697 -12.649 -12.312 -12.016 -11.807 -11.749 -12.327 -12.52 -12.167 -11.086 -10.574 -9.972 -12.382
0.026511 -13.15 -13.162 -13.143 -13.016 -12.798 -12.52 -13.016 -12.987 -12.795 -12.511 -12.192 -11.805 -12.994 -12.711 -12.34 -12.041 -11.748 -12.695 -12.36 -12.065 -11.857 -11.798 -12.375 -12.567 -12.216 -11.138 -10.627 -10.025 -12.429
0.027313 -13.179 -13.195 -13.179 -13.058 -12.843 -12.568 -13.053 -13.029 -12.84 -12.558 -12.241 -11.855 -13.036 -12.757 -12.388 -12.09 -11.798 -12.74 -12.408 -12.114 -11.906 -11.846 -12.423 -12.614 -12.265 -11.19 -10.679 -10.078 -12.477
0.028139 -13.208 -13.227 -13.214 -13.1 -12.888 -12.615 -13.09 -13.072 -12.885 -12.605 -12.29 -11.905 -13.079 -12.803 -12.436 -12.14 -11.848 -12.786 -12.456 -12.163 -11.956 -11.894 -12.47 -12.66 -12.313 -11.242 -10.732 -10.132 -12.524
0.02899 -13.237 -13.26 -13.249 -13.141 -12.933 -12.662 -13.126 -13.114 -12.929 -12.653 -12.339 -11.955 -13.121 -12.848 -12.484 -12.189 -11.899 -12.832 -12.504 -12.212 -12.005 -11.943 -12.518 -12.707 -12.362 -11.293 -10.784 -10.185 -12.571
0.029867 -13.265 -13.292 -13.284 -13.183 -12.978 -12.709 -13.162 -13.156 -12.974 -12.699 -12.387 -12.005 -13.163 -12.894 -12.532 -12.239 -11.949 -12.877 -12.552 -12.261 -12.054 -11.991 -12.565 -12.753 -12.411 -11.345 -10.837 -10.238 -12.617
0.03077 -13.293 -13.323 -13.319 -13.224 -13.022 -12.756 -13.199 -13.197 -13.018 -12.746 -12.436 -12.055 -13.204 -12.939 -12.58 -12.288 -11.999 -12.923 -12.599 -12.31 -12.104 -12.039 -12.612 -12.8 -12.459 -11.397 -10.889 -10.291 -12.664
0.031701 -13.32 -13.355 -13.353 -13.265 -13.066 -12.802 -13.235 -13.239 -13.063 -12.793 -12.484 -12.105 -13.246 -12.984 -12.628 -12.337 -12.049 -12.968 -12.647 -12.359 -12.153 -12.088 -12.66 -12.846 -12.507 -11.448 -10.942 -10.344 -12.711
0.032659 -13.348 -13.386 -13.387 -13.306 -13.11 -12.849 -13.27 -13.28 -13.107 -12.84 -12.533 -12.155 -13.287 -13.029 -12.675 -12.386 -12.1 -13.013 -12.694 -12.408 -12.202 -12.136 -12.707 -12.892 -12.555 -11.5 -10.994 -10.397 -12.757
0.033647 -13.374 -13.417 -13.421 -13.346 -13.154 -12.895 -13.306 -13.322 -13.151 -12.886 -12.581 -12.205 -13.328 -13.074 -12.723 -12.435 -12.15 -13.058 -12.742 -12.456 -12.251 -12.184 -12.754 -12.938 -12.604 -11.551 -11.046 -10.45 -12.804
0.034665 -13.401 -13.447 -13.455 -13.387 -13.198 -12.942 -13.341 -13.363 -13.195 -12.933 -12.629 -12.255 -13.369 -13.119 -12.771 -12.484 -12.2 -13.103 -12.789 -12.505 -12.3 -12.232 -12.801 -12.984 -12.652 -11.603 -11.098 -10.503 -12.85
0.035713 -13.427 -13.478 -13.488 -13.427 -13.242 -12.988 -13.376 -13.404 -13.238 -12.979 -12.677 -12.304 -13.41 -13.163 -12.818 -12.533 -12.249 -13.147 -12.836 -12.553 -12.349 -12.28 -12.847 -13.029 -12.7 -11.654 -11.151 -10.555 -12.896
0.036793 -13.453 -13.507 -13.521 -13.467 -13.285 -13.034 -13.411 -13.444 -13.282 -13.025 -12.725 -12.354 -13.451 -13.208 -12.865 -12.582 -12.299 -13.192 -12.883 -12.602 -12.398 -12.328 -12.894 -13.075 -12.748 -11.705 -11.203 -10.608 -12.942
0.037906 -13.479 -13.537 -13.554 -13.507 -13.329 -13.08 -13.446 -13.485 -13.325 -13.071 -12.773 -12.403 -13.491 -13.252 -12.913 -12.63 -12.349 -13.236 -12.93 -12.65 -12.447 -12.376 -12.94 -13.12 -12.795 -11.757 -11.255 -10.661 -12.988
0.039052 -13.504 -13.566 -13.587 -13.547 -13.372 -13.126 -13.48 -13.525 -13.369 -13.117 -12.821 -12.453 -13.531 -13.296 -12.96 -12.679 -12.399 -13.281 -12.977 -12.698 -12.496 -12.424 -12.987 -13.166 -12.843 -11.808 -11.307 -10.714 -13.034
0.040234 -13.529 -13.595 -13.619 -13.586 -13.415 -13.172 -13.515 -13.565 -13.412 -13.163 -12.868 -12.502 -13.571 -13.34 -13.007 -12.727 -12.448 -13.325 -13.023 -12.746 -12.544 -12.472 -13.033 -13.211 -12.891 -11.859 -11.359 -10.767 -13.08
0.04145 -13.553 -13.624 -13.651 -13.626 -13.458 -13.218 -13.549 -13.605 -13.455 -13.209 -12.916 -12.552 -13.611 -13.384 -13.053 -12.776 -12.498 -13.369 -13.07 -12.794 -12.593 -12.52 -13.079 -13.256 -12.938 -11.91 -11.411 -10.819 -13.125
0.042704 -13.577 -13.652 -13.683 -13.665 -13.501 -13.263 -13.582 -13.645 -13.497 -13.254 -12.964 -12.601 -13.651 -13.428 -13.1 -12.824 -12.547 -13.413 -13.117 -12.842 -12.642 -12.568 -13.126 -13.301 -12.985 -11.961 -11.463 -10.872 -13.171
0.043996 -13.601 -13.68 -13.714 -13.703 -13.544 -13.309 -13.616 -13.684 -13.54 -13.3 -13.011 -12.65 -13.69 -13.471 -13.147 -12.873 -12.597 -13.457 -13.163 -12.89 -12.69 -12.616 -13.172 -13.346 -13.033 -12.012 -11.515 -10.925 -13.216
0.045326 -13.624 -13.707 -13.745 -13.742 -13.586 -13.354 -13.649 -13.724 -13.583 -13.345 -13.058 -12.699 -13.729 -13.515 -13.194 -12.921 -12.646 -13.5 -13.209 -12.938 -12.739 -12.664 -13.217 -13.391 -13.08 -12.063 -11.567 -10.977 -13.261
0.046697 -13.647 -13.734 -13.776 -13.781 -13.628 -13.399 -13.683 -13.763 -13.625 -13.39 -13.106 -12.748 -13.768 -13.558 -13.24 -12.969 -12.695 -13.544 -13.256 -12.986 -12.787 -12.712 -13.263 -13.435 -13.127 -12.114 -11.618 -11.03 -13.307
0.048109 -13.67 -13.761 -13.807 -13.819 -13.67 -13.444 -13.715 -13.802 -13.667 -13.436 -13.153 -12.797 -13.807 -13.601 -13.286 -13.017 -12.744 -13.587 -13.302 -13.034 -12.835 -12.76 -13.309 -13.48 -13.174 -12.165 -11.67 -11.082 -13.352
0.049564 -13.692 -13.788 -13.837 -13.857 -13.712 -13.489 -13.748 -13.84 -13.709 -13.481 -13.2 -12.846 -13.846 -13.644 -13.333 -13.065 -12.793 -13.63 -13.348 -13.081 -12.884 -12.807 -13.354 -13.524 -13.221 -12.216 -11.722 -11.135 -13.396
0.051063 -13.714 -13.814 -13.867 -13.895 -13.754 -13.534 -13.781 -13.879 -13.751 -13.525 -13.247 -12.894 -13.884 -13.687 -13.379 -13.112 -12.842 -13.674 -13.394 -13.129 -12.932 -12.855 -13.4 -13.568 -13.268 -12.267 -11.774 -11.187 -13.441
0.052608 -13.736 -13.84 -13.896 -13.932 -13.796 -13.579 -13.813 -13.917 -13.792 -13.57 -13.293 -12.943 -13.922 -13.73 -13.425 -13.16 -12.891 -13.716 -13.439 -13.176 -12.98 -12.903 -13.445 -13.612 -13.314 -12.317 -11.825 -11.24 -13.486
0.054199 -13.757 -13.865 -13.926 -13.969 -13.837 -13.623 -13.845 -13.955 -13.834 -13.615 -13.34 -12.992 -13.96 -13.772 -13.471 -13.208 -12.94 -13.759 -13.485 -13.223 -13.028 -12.95 -13.49 -13.656 -13.361 -12.368 -11.877 -11.292 -13.53
0.055838 -13.778 -13.89 -13.955 -14.007 -13.879 -13.668 -13.877 -13.993 -13.875 -13.659 -13.387 -13.04 -13.998 -13.815 -13.516 -13.255 -12.989 -13.802 -13.531 -13.271 -13.076 -12.998 -13.535 -13.7 -13.407 -12.418 -11.928 -11.344 -13.575
0.057527 -13.798 -13.915 -13.983 -14.043 -13.92 -13.712 -13.908 -14.031 -13.916 -13.704 -13.433 -13.089 -14.035 -13.857 -13.562 -13.303 -13.038 -13.844 -13.576 -13.318 -13.124 -13.045 -13.58 -13.743 -13.454 -12.469 -11.98 -11.397 -13.619
0.059267 -13.818 -13.939 -14.012 -14.08 -13.961 -13.756 -13.94 -14.068 -13.957 -13.748 -13.48 -13.137 -14.073 -13.899 -13.608 -13.35 -13.086 -13.887 -13.621 -13.365 -13.172 -13.093 -13.625 -13.787 -13.5 -12.519 -12.031 -11.449 -13.663
0.061059 -13.838 -13.963 -14.04 -14.116 -14.001 -13.8 -13.971 -14.105 -13.998 -13.792 -13.526 -13.185 -14.11 -13.941 -13.653 -13.397 -13.135 -13.929 -13.667 -13.412 -13.22 -13.14 -13.67 -13.83 -13.546 -12.57 -12.083 -11.501 -13.707
0.062906 -13.857 -13.986 -14.067 -14.153 -14.042 -13.844 -14.002 -14.142 -14.039 -13.836 -13.572 -13.233 -14.147 -13.982 -13.698 -13.444 -13.183 -13.971 -13.712 -13.459 -13.267 -13.188 -13.714 -13.873 -13.592 -12.62 -12.134 -11.553 -13.751
0.064808 -13.876 -14.009 -14.095 -14.189 -14.082 -13.888 -14.032 -14.179 -14.079 -13.879 -13.618 -13.282 -14.183 -14.024 -13.744 -13.492 -13.232 -14.013 -13.757 -13.505 -13.315 -13.235 -13.759 -13.916 -13.638 -12.671 -12.185 -11.606 -13.795
0.066769 -13.894 -14.032 -14.122 -14.224 -14.123 -13.931 -14.063 -14.215 -14.119 -13.923 -13.664 -13.33 -14.219 -14.065 -13.789 -13.538 -13.28 -14.054 -13.802 -13.552 -13.362 -13.282 -13.803 -13.959 -13.684 -12.721 -12.237 -11.658 -13.838
