web/models/kne.last_good/kappa_0.5_3.0.v1/12/villar_0.0120_0.1553_3.0000.dat
# %ECSV 1.0
# ---
# datatype:
# - {name: time, datatype: float64}
# - {name: swift_uvot_uvw2, datatype: float64}
# - {name: swift_uvot_uvm2, datatype: float64}
# - {name: swift_uvot_uvw1, datatype: float64}
# - {name: swift_uvot_U, datatype: float64}
# - {name: swift_uvot_B, datatype: float64}
# - {name: swift_uvot_V, datatype: float64}
# - {name: swift_uvot_W, datatype: float64}
# - {name: johnson_U, datatype: float64}
# - {name: johnson_B, datatype: float64}
# - {name: johnson_V, datatype: float64}
# - {name: johnson_R, datatype: float64}
# - {name: johnson_I, datatype: float64}
# - {name: sdss_u, datatype: float64}
# - {name: sdss_g, datatype: float64}
# - {name: sdss_r, datatype: float64}
# - {name: sdss_i, datatype: float64}
# - {name: sdss_z, datatype: float64}
# - {name: PS1_g, datatype: float64}
# - {name: PS1_r, datatype: float64}
# - {name: PS1_i, datatype: float64}
# - {name: PS1_z, datatype: float64}
# - {name: PS1_Y, datatype: float64}
# - {name: PS1_w, datatype: float64}
# - {name: ATLAS_c, datatype: float64}
# - {name: ATLAS_o, datatype: float64}
# - {name: ukirt_J, datatype: float64}
# - {name: ukirt_H, datatype: float64}
# - {name: ukirt_K, datatype: float64}
# - {name: Clear, datatype: float64}
# meta: !!omap
# - comment: [kappa = 3.0, type = villar, mass = 0.012011244339858356, velocity = 0.15533333333333332, theta_obs = 0.0]
# schema: astropy-2.0
time swift_uvot_uvw2 swift_uvot_uvm2 swift_uvot_uvw1 swift_uvot_U swift_uvot_B swift_uvot_V swift_uvot_W johnson_U johnson_B johnson_V johnson_R johnson_I sdss_u sdss_g sdss_r sdss_i sdss_z PS1_g PS1_r PS1_i PS1_z PS1_Y PS1_w ATLAS_c ATLAS_o ukirt_J ukirt_H ukirt_K Clear
[from data line 363]
49.808426 253.829 259.044 266.567 268.354 262.528 258.398 256.039 267.358 261.906 257.89 254.021 251.53 267.948 260.592 256.105 253.465 251.479 252.562 252.712 252.272 251.319 249.965 254.571 257.599 254.27 248.838 247.464 246.55 250.754
51.314848 269.943 275.159 282.681 284.468 278.642 274.513 272.154 283.472 278.02 274.004 270.135 267.644 284.062 276.706 272.219 269.58 267.593 268.676 268.826 268.386 267.433 266.079 270.686 273.713 270.384 264.953 263.579 262.664 266.868
52.86683 287.047 292.263 299.785 301.572 295.746 291.616 289.257 300.576 295.124 291.108 287.239 284.748 301.166 293.81 289.323 286.683 284.697 285.78 285.93 285.49 284.537 283.183 287.79 290.817 287.488 282.056 280.682 279.768 283.972
54.465752 305.201 310.417 317.939 319.726 313.9 309.77 307.411 318.73 313.278 309.262 305.393 302.902 319.32 311.964 307.477 304.837 302.851 303.934 304.084 303.644 302.691 301.337 305.944 308.971 305.642 300.211 298.836 297.922 302.126
56.113031 324.47 329.685 337.208 338.995 333.169 329.039 326.68 337.999 332.547 328.531 324.661 322.171 338.588 331.233 326.745 324.106 322.12 323.203 323.353 322.913 321.96 320.606 325.212 328.24 324.911 319.479 318.105 317.191 321.395
57.810132 344.922 350.137 357.66 359.447 353.621 349.491 347.132 358.451 352.999 348.983 345.113 342.623 359.04 351.685 347.197 344.558 342.572 343.655 343.804 343.364 342.412 341.058 345.664 348.692 345.363 339.931 338.557 337.643 341.847
59.55856 366.629 371.845 379.367 381.154 375.328 371.199 368.84 380.158 374.707 370.691 366.821 364.331 380.748 373.393 368.905 366.266 364.28 365.363 365.512 365.072 364.119 362.765 367.372 370.4 367.071 361.639 360.265 359.35 363.554
61.359868 389.67 394.886 402.408 404.195 398.369 394.239 391.88 403.199 397.747 393.731 389.862 387.371 403.789 396.433 391.946 389.306 387.32 388.403 388.553 388.113 387.16 385.806 390.413 393.44 390.111 384.68 383.306 382.391 386.595
63.215655 414.125 419.341 426.863 428.651 422.825 418.695 416.336 427.654 422.203 418.187 414.317 411.827 428.244 420.889 416.401 413.762 411.776 412.859 413.008 412.568 411.616 410.261 414.868 417.896 414.567 409.135 407.761 406.847 411.05
65.127569 440.082 445.298 452.82 454.608 448.782 444.652 442.293 453.612 448.16 444.144 440.274 437.784 454.201 446.846 442.358 439.719 437.733 438.816 438.965 438.525 437.573 436.219 440.825 443.853 440.524 435.092 433.718 432.804 437.008
67.097308 467.633 472.849 480.371 482.159 476.333 472.203 469.844 481.162 475.711 471.695 467.825 465.335 481.752 474.397 469.909 467.27 465.284 466.367 466.516 466.076 465.124 463.769 468.376 471.404 468.075 462.643 461.269 460.355 464.558
69.126621 496.876 502.092 509.614 511.401 505.575 501.446 499.087 510.405 504.953 500.937 497.068 494.577 510.995 503.639 499.152 496.513 494.526 495.609 495.759 495.319 494.366 493.012 497.619 500.646 497.317 491.886 490.512 489.597 493.801
71.217308 527.914 533.13 540.652 542.439 536.613 532.484 530.125 541.443 535.992 531.976 528.106 525.616 542.033 534.678 530.19 527.551 525.564 526.648 526.797 526.357 525.404 524.05 528.657 531.685 528.356 522.924 521.55 520.635 524.839
73.371227 560.858 566.074 573.596 575.384 569.558 565.428 563.069 574.387 568.936 564.92 561.05 558.56 574.977 567.622 563.134 560.495 558.509 559.592 559.741 559.301 558.349 556.994 561.601 564.629 561.3 555.868 554.494 553.58 557.783
75.59029 595.825 601.041 608.563 610.351 604.525 600.395 598.036 609.354 603.903 599.887 596.017 593.527 609.944 602.589 598.101 595.462 593.476 594.559 594.708 594.268 593.316 591.961 596.568 599.596 596.267 590.835 589.461 588.547 592.75
77.876467 632.939 638.155 645.677 647.465 641.639 637.509 635.15 646.468 641.017 637.001 633.131 630.641 647.058 639.703 635.215 632.576 630.59 631.673 631.822 631.382 630.43 629.075 633.682 636.71 633.381 627.949 626.575 625.661 629.865
80.231787 672.332 677.548 685.07 686.858 681.032 676.902 674.543 685.861 680.41 676.394 672.524 670.034 686.451 679.096 674.608 671.969 669.983 671.066 671.215 670.775 669.823 668.468 673.075 676.103 672.774 667.342 665.968 665.054 669.258
82.658343 714.144 719.36 726.882 728.669 722.843 718.714 716.355 727.673 722.222 718.206 714.336 711.846 728.263 720.908 716.42 713.781 711.794 712.878 713.027 712.587 711.634 710.28 714.887 717.915 714.586 709.154 707.78 706.865 711.069
85.158288 758.524 763.739 771.262 773.049 767.223 763.093 760.734 772.053 766.601 762.585 758.715 756.225 772.642 765.287 760.799 758.16 756.174 757.257 757.406 756.966 756.014 754.66 759.266 762.294 758.965 753.533 752.159 751.245 755.449
87.733843 nan nan nan nan nan nan nan nan nan nan nan nan nan nan nan nan nan nan nan nan nan nan nan nan nan nan nan nan nan
90.387293 nan nan nan nan nan nan nan nan nan nan nan nan nan nan nan nan nan nan nan nan nan nan nan nan nan nan nan nan nan
93.120995 nan nan nan nan nan nan nan nan nan nan nan nan nan nan nan nan nan nan nan nan nan nan nan nan nan nan nan nan nan
95.937376 nan nan nan nan nan nan nan nan nan nan nan nan nan nan nan nan nan nan nan nan nan nan nan nan nan nan nan nan nan
98.838937 nan nan nan nan nan nan nan nan nan nan nan nan nan nan nan nan nan nan nan nan nan nan nan nan nan nan nan nan nan
101.828253 nan nan nan nan nan nan nan nan nan nan nan nan nan nan nan nan nan nan nan nan nan nan nan nan nan nan nan nan nan
104.907979 nan nan nan nan nan nan nan nan nan nan nan nan nan nan nan nan nan nan nan nan nan nan nan nan nan nan nan nan nan
108.080849 nan nan nan nan nan nan nan nan nan nan nan nan nan nan nan nan nan nan nan nan nan nan nan nan nan nan nan nan nan
111.349681 nan nan nan nan nan nan nan nan nan nan nan nan nan nan nan nan nan nan nan nan nan nan nan nan nan nan nan nan nan
114.717376 nan nan nan nan nan nan nan nan nan nan nan nan nan nan nan nan nan nan nan nan nan nan nan nan nan nan nan nan nan
118.186925 nan nan nan nan nan nan nan nan nan nan nan nan nan nan nan nan nan nan nan nan nan nan nan nan nan nan nan nan nan
121.761408 nan nan nan nan nan nan nan nan nan nan nan nan nan nan nan nan nan nan nan nan nan nan nan nan nan nan nan nan nan
125.443999 nan nan nan nan nan nan nan nan nan nan nan nan nan nan nan nan nan nan nan nan nan nan nan nan nan nan nan nan nan
129.237967 nan nan nan nan nan nan nan nan nan nan nan nan nan nan nan nan nan nan nan nan nan nan nan nan nan nan nan nan nan
133.146681 nan nan nan nan nan nan nan nan nan nan nan nan nan nan nan nan nan nan nan nan nan nan nan nan nan nan nan nan nan
137.173612 nan nan nan nan nan nan nan nan nan nan nan nan nan nan nan nan nan nan nan nan nan nan nan nan nan nan nan nan nan
141.322334 nan nan nan nan nan nan nan nan nan nan nan nan nan nan nan nan nan nan nan nan nan nan nan nan nan nan nan nan nan
145.596532 nan nan nan nan nan nan nan nan nan nan nan nan nan nan nan nan nan nan nan nan nan nan nan nan nan nan nan nan nan
150.0 nan nan nan nan nan nan nan nan nan nan nan nan nan nan nan nan nan nan nan nan nan nan nan nan nan nan nan nan nan
