web/models/kne.last_good/kappa_0.5_3.0.v1/12/villar_0.0052_0.4060_0.5000.dat
# %ECSV 1.0
# ---
# datatype:
# - {name: time, datatype: float64}
# - {name: swift_uvot_uvw2, datatype: float64}
# - {name: swift_uvot_uvm2, datatype: float64}
# - {name: swift_uvot_uvw1, datatype: float64}
# - {name: swift_uvot_U, datatype: float64}
# - {name: swift_uvot_B, datatype: float64}
# - {name: swift_uvot_V, datatype: float64}
# - {name: swift_uvot_W, datatype: float64}
# - {name: johnson_U, datatype: float64}
# - {name: johnson_B, datatype: float64}
# - {name: johnson_V, datatype: float64}
# - {name: johnson_R, datatype: float64}
# - {name: johnson_I, datatype: float64}
# - {name: sdss_u, datatype: float64}
# - {name: sdss_g, datatype: float64}
# - {name: sdss_r, datatype: float64}
# - {name: sdss_i, datatype: float64}
# - {name: sdss_z, datatype: float64}
# - {name: PS1_g, datatype: float64}
# - {name: PS1_r, datatype: float64}
# - {name: PS1_i, datatype: float64}
# - {name: PS1_z, datatype: float64}
# - {name: PS1_Y, datatype: float64}
# - {name: PS1_w, datatype: float64}
# - {name: ATLAS_c, datatype: float64}
# - {name: ATLAS_o, datatype: float64}
# - {name: ukirt_J, datatype: float64}
# - {name: ukirt_H, datatype: float64}
# - {name: ukirt_K, datatype: float64}
# - {name: Clear, datatype: float64}
# meta: !!omap
# - comment: [kappa = 0.5, type = villar, mass = 0.005244756555828381, velocity = 0.406, theta_obs = 0.0]
# schema: astropy-2.0
time swift_uvot_uvw2 swift_uvot_uvm2 swift_uvot_uvw1 swift_uvot_U swift_uvot_B swift_uvot_V swift_uvot_W johnson_U johnson_B johnson_V johnson_R johnson_I sdss_u sdss_g sdss_r sdss_i sdss_z PS1_g PS1_r PS1_i PS1_z PS1_Y PS1_w ATLAS_c ATLAS_o ukirt_J ukirt_H ukirt_K Clear
[from data line 213]
0.570517 -7.704 -4.842 -7.287 -9.345 -11.001 -12.154 -10.254 -9.646 -11.045 -12.198 -12.99 -13.502 -9.54 -11.466 -12.662 -13.221 -13.555 -11.708 -12.7 -13.249 -13.529 -13.716 -12.695 -12.089 -12.946 -13.835 -13.8 -13.58 -12.714
0.587772 -7.624 -4.423 -6.968 -9.04 -10.768 -11.977 -10.058 -9.354 -10.816 -12.024 -12.866 -13.414 -9.241 -11.258 -12.515 -13.109 -13.47 -11.519 -12.556 -13.139 -13.441 -13.643 -12.561 -11.916 -12.819 -13.79 -13.777 -13.573 -12.593
0.605549 -7.544 -3.995 -6.628 -8.709 -10.515 -11.783 -9.847 -9.037 -10.568 -11.834 -12.729 -13.316 -8.916 -11.03 -12.352 -12.985 -13.376 -11.314 -12.397 -13.017 -13.342 -13.561 -12.414 -11.727 -12.679 -13.737 -13.747 -13.562 -12.461
0.623863 -7.462 -3.566 -6.267 -8.35 -10.239 -11.57 -9.62 -8.692 -10.297 -11.626 -12.577 -13.207 -8.564 -10.782 -12.173 -12.847 -13.27 -11.092 -12.223 -12.882 -13.232 -13.469 -12.252 -11.52 -12.524 -13.676 -13.712 -13.546 -12.317
0.642731 -7.377 -3.151 -5.883 -7.96 -9.939 -11.337 -9.375 -8.318 -10.002 -11.398 -12.411 -13.084 -8.181 -10.511 -11.976 -12.695 -13.151 -10.853 -12.032 -12.733 -13.109 -13.366 -12.075 -11.295 -12.354 -13.607 -13.669 -13.525 -12.162
0.66217 -7.287 -2.767 -5.474 -7.536 -9.61 -11.081 -9.111 -7.91 -9.68 -11.148 -12.227 -12.949 -7.764 -10.215 -11.76 -12.526 -13.019 -10.596 -11.823 -12.567 -12.972 -13.25 -11.881 -11.048 -12.166 -13.528 -13.62 -13.499 -11.993
0.682197 -7.192 -2.43 -5.039 -7.074 -9.251 -10.799 -8.826 -7.466 -9.329 -10.873 -12.024 -12.797 -7.31 -9.891 -11.521 -12.339 -12.872 -10.32 -11.593 -12.383 -12.819 -13.121 -11.668 -10.777 -11.959 -13.438 -13.562 -13.467 -11.811
0.70283 -7.091 -2.148 -4.575 -6.571 -8.859 -10.49 -8.518 -6.982 -8.945 -10.571 -11.8 -12.629 -6.814 -9.536 -11.258 -12.132 -12.708 -10.026 -11.34 -12.18 -12.65 -12.977 -11.434 -10.481 -11.731 -13.336 -13.495 -13.427 -11.615
0.724086 -6.983 -1.917 -4.079 -6.02 -8.429 -10.15 -8.185 -6.453 -8.525 -10.24 -11.553 -12.443 -6.271 -9.148 -10.968 -11.902 -12.525 -9.714 -11.064 -11.956 -12.461 -12.816 -11.177 -10.156 -11.479 -13.221 -13.418 -13.381 -11.403
0.745986 -6.866 -1.726 -3.549 -5.419 -7.957 -9.776 -7.827 -5.873 -8.065 -9.875 -11.281 -12.235 -5.678 -8.721 -10.648 -11.648 -12.321 -9.386 -10.76 -11.707 -12.251 -12.637 -10.895 -9.799 -11.201 -13.091 -13.33 -13.326 -11.176
0.768548 -6.739 -1.559 -2.98 -4.759 -7.439 -9.363 -7.44 -5.238 -7.56 -9.472 -10.98 -12.004 -5.027 -8.252 -10.294 -11.365 -12.094 -9.047 -10.429 -11.432 -12.017 -12.438 -10.584 -9.407 -10.895 -12.944 -13.229 -13.262 -10.932
0.791792 -6.601 -1.401 -2.368 -4.036 -6.87 -8.906 -7.023 -4.541 -7.005 -9.029 -10.647 -11.747 -4.313 -7.736 -9.903 -11.051 -11.841 -8.701 -10.066 -11.127 -11.757 -12.216 -10.241 -8.976 -10.556 -12.779 -13.115 -13.187 -10.672
0.815739 -6.451 -1.241 -1.709 -3.24 -6.242 -8.402 -6.576 -3.773 -6.395 -8.538 -10.279 -11.462 -3.526 -7.167 -9.47 -10.703 -11.558 -8.354 -9.672 -10.789 -11.468 -11.97 -9.863 -8.5 -10.181 -12.592 -12.984 -13.102 -10.396
0.840411 -6.287 -1.073 -0.994 -2.363 -5.548 -7.842 -6.099 -2.927 -5.723 -7.996 -9.872 -11.143 -2.659 -6.539 -8.989 -10.314 -11.243 -8.015 -9.245 -10.416 -11.145 -11.695 -9.445 -7.975 -9.765 -12.382 -12.836 -13.003 -10.104
0.865828 -6.107 -0.892 -0.218 -1.395 -4.782 -7.222 -5.593 -1.992 -4.981 -7.395 -9.419 -10.788 -1.7 -5.844 -8.454 -9.881 -10.89 -7.688 -8.786 -10.002 -10.786 -11.39 -8.983 -7.395 -9.304 -12.145 -12.667 -12.889 -9.798
0.892015 -5.91 -0.694 0.628 -0.323 -3.932 -6.531 -5.065 -0.957 -4.16 -6.727 -8.917 -10.392 -0.639 -5.073 -7.859 -9.398 -10.495 -7.377 -8.299 -9.546 -10.386 -11.052 -8.47 -6.751 -8.791 -11.878 -12.475 -12.758 -9.479
0.918993 -5.694 -0.478 1.553 0.867 -2.987 -5.761 -4.523 0.192 -3.25 -5.984 -8.357 -9.949 0.54 -4.216 -7.195 -8.857 -10.051 -7.078 -7.792 -9.043 -9.941 -10.677 -7.9 -6.037 -8.22 -11.576 -12.258 -12.609 -9.147
0.946787 -5.455 -0.239 2.569 2.19 -1.936 -4.901 -3.98 1.471 -2.239 -5.157 -7.734 -9.454 1.851 -3.262 -6.453 -8.25 -9.554 -6.785 -7.277 -8.493 -9.446 -10.263 -7.264 -5.241 -7.584 -11.234 -12.01 -12.437 -8.805
0.975422 -5.192 0.024 3.688 3.667 -0.761 -3.938 -3.454 2.898 -1.114 -4.232 -7.037 -8.897 3.316 -2.196 -5.621 -7.569 -8.994 -6.489 -6.768 -7.896 -8.896 -9.807 -6.555 -4.353 -6.872 -10.847 -11.728 -12.241 -8.453
1.004923 -4.9 0.316 4.925 5.32 0.554 -2.856 -2.955 4.496 0.143 -3.196 -6.258 -8.273 4.955 -1.002 -4.686 -6.802 -8.362 -6.18 -6.279 -7.258 -8.291 -9.309 -5.761 -3.359 -6.074 -10.407 -11.407 -12.016 -8.088
1.035317 -4.576 0.64 6.297 7.175 2.031 -1.638 -2.486 6.29 1.549 -2.034 -5.383 -7.569 6.795 0.34 -3.633 -5.936 -7.648 -5.847 -5.813 -6.592 -7.629 -8.77 -4.868 -2.244 -5.177 -9.907 -11.04 -11.757 -7.708
1.066629 -4.215 1.001 7.825 9.265 3.696 -0.262 -2.035 8.31 3.128 -0.726 -4.399 -6.776 8.869 1.852 -2.443 -4.956 -6.839 -5.482 -5.363 -5.92 -6.916 -8.193 -3.863 -0.987 -4.167 -9.336 -10.619 -11.46 -7.306
1.098888 -3.81 1.405 9.534 11.628 5.578 1.299 -1.582 10.595 4.907 0.75 -3.29 -5.879 11.213 3.562 -1.093 -3.843 -5.919 -5.077 -4.909 -5.262 -6.168 -7.585 -2.726 0.434 -3.025 -8.684 -10.137 -11.116 -6.875
1.132124 -3.356 1.859 11.454 14.31 7.714 3.073 -1.104 13.188 6.917 2.421 -2.036 -4.862 13.872 5.503 0.441 -2.574 -4.872 -4.622 -4.432 -4.63 -5.405 -6.952 -1.436 2.046 -1.729 -7.936 -9.583 -10.72 -6.404
1.166364 -2.844 2.371 13.622 17.367 10.147 5.098 -0.581 16.142 9.199 4.317 -0.613 -3.706 16.902 7.715 2.194 -1.125 -3.675 -4.11 -3.91 -4.012 -4.651 -6.298 0.034 3.883 -0.253 -7.076 -8.943 -10.26 -5.882
1.20164 -2.264 2.952 16.085 20.866 12.932 7.42 0.003 19.521 11.798 6.477 1.007 -2.389 20.369 10.247 4.202 0.539 -2.302 -3.529 -3.326 -3.378 -3.909 -5.619 1.716 5.985 1.434 -6.083 -8.204 -9.726 -5.296
1.237983 -1.602 3.614 18.9 24.891 16.133 10.091 0.666 23.404 14.774 8.945 2.856 -0.882 24.352 13.158 6.513 2.455 -0.724 -2.867 -2.663 -2.694 -3.159 -4.896 3.65 8.402 3.373 -4.932 -7.345 -9.104 -4.633
1.275425 -0.844 4.372 22.137 29.541 19.83 13.18 1.424 27.887 18.196 11.777 4.977 0.846 28.949 16.519 9.186 4.672 1.099 -2.109 -1.905 -1.929 -2.36 -4.106 5.882 11.194 5.61 -3.595 -6.346 -8.375 -3.874
1.313999 0.029 5.245 25.883 34.944 24.122 16.769 2.298 33.089 22.152 15.039 7.419 2.837 34.283 20.421 12.291 7.248 3.21 -1.236 -1.031 -1.053 -1.472 -3.219 8.474 14.436 8.206 -2.032 -5.176 -7.52 -3.0
1.35374 0.901 6.117 29.352 39.918 28.089 20.101 3.17 37.875 25.804 18.052 9.696 4.709 39.189 24.034 15.187 9.667 5.201 -0.364 -0.159 -0.181 -0.596 -2.342 10.905 17.456 10.64 -0.525 -4.026 -6.652 -2.128
1.394683 1.329 6.545 29.779 40.346 28.517 20.529 3.597 38.302 26.231 18.48 10.123 5.136 39.616 24.462 15.614 10.094 5.629 0.063 0.268 0.247 -0.169 -1.915 11.332 17.884 11.067 -0.098 -3.598 -6.224 -1.701
1.436864 1.783 6.998 30.233 40.799 28.971 20.982 4.051 38.756 26.685 18.934 10.577 5.59 40.07 24.916 16.068 10.548 6.083 0.517 0.722 0.7 0.285 -1.461 11.786 18.338 11.521 0.356 -3.145 -5.77 -1.247
1.480321 2.264 7.48 30.715 41.281 29.452 21.464 4.533 39.238 27.167 19.415 11.059 6.072 40.552 25.397 16.55 11.03 6.564 0.999 1.203 1.182 0.767 -0.979 12.268 18.819 12.002 0.838 -2.663 -5.289 -0.765
1.525092 2.776 7.991 31.226 41.792 29.964 21.975 5.044 39.749 27.678 19.926 11.57 6.583 41.063 25.909 17.061 11.541 7.075 1.51 1.715 1.693 1.278 -0.468 12.779 19.33 12.514 1.349 -2.152 -4.778 -0.254
1.571218 3.318 8.534 31.769 42.335 30.506 22.518 5.586 40.292 28.22 20.469 12.113 7.126 41.606 26.451 17.603 12.084 7.618 2.052 2.257 2.236 1.82 0.075 13.322 19.873 13.056 1.891 -1.609 -4.235 0.289
1.618738 3.894 9.11 32.345 42.911 31.082 23.094 6.162 40.867 28.796 21.045 12.688 7.702 42.181 27.027 18.179 12.659 8.194 2.628 2.833 2.812 2.396 0.65 13.897 20.449 13.632 2.467 -1.033 -3.659 0.865
1.667696 4.505 9.721 32.956 43.522 31.693 23.705 6.774 41.479 29.408 21.656 13.3 8.313 42.793 27.638 18.79 13.271 8.805 3.24 3.444 3.423 3.008 1.262 14.509 21.06 14.243 3.079 -0.422 -3.048 1.476
1.718134 5.154 10.37 33.605 44.171 32.342 24.354 7.422 42.128 30.056 22.305 13.948 8.962 43.442 28.287 19.439 13.919 9.454 3.888 4.093 4.072 3.656 1.911 15.157 21.709 14.892 3.727 0.227 -2.399 2.125
1.770098 5.843 11.058 34.293 44.859 33.031 25.042 8.111 42.816 30.745 22.994 14.637 9.65 44.13 28.976 20.128 14.608 10.143 4.577 4.782 4.76 4.345 2.599 15.846 22.398 15.581 4.416 0.915 -1.71 2.813
1.823633 6.574 11.789 35.024 45.59 33.762 25.773 8.842 43.547 31.476 23.725 15.368 10.381 44.861 29.707 20.859 15.339 10.873 5.308 5.513 5.491 5.076 3.33 16.577 23.129 16.312 5.147 1.646 -0.979 3.544
1.878788 7.349 12.565 35.8 46.366 34.537 26.549 9.618 44.323 32.252 24.5 16.144 11.157 45.637 30.482 21.635 16.115 11.649 6.084 6.289 6.267 5.852 4.106 17.353 23.904 17.088 5.923 2.422 -0.204 4.32
1.93561 8.173 13.389 36.623 47.19 35.361 27.373 10.441 45.146 33.075 25.324 16.967 11.98 46.46 31.306 22.458 16.938 12.473 6.907 7.112 7.091 6.675 4.929 18.176 24.728 17.911 6.746 3.246 0.62 5.143
1.994152 9.047 14.263 37.497 48.064 36.235 28.247 11.315 46.02 33.949 26.198 17.841 12.854 47.334 32.18 23.332 17.812 13.347 7.781 7.986 7.965 7.549 5.803 19.05 25.602 18.785 7.62 4.12 1.494 6.017
2.054463 9.975 15.19 38.425 48.991 37.163 29.174 12.243 46.948 34.877 27.126 18.769 13.782 48.262 33.108 24.26 18.74 14.274 8.709 8.914 8.892 8.477 6.731 19.978 26.53 19.713 8.548 5.047 2.421 6.945
2.116599 10.959 16.175 39.41 49.976 38.147 30.159 13.228 47.933 35.862 28.11 19.754 14.767 49.247 34.092 25.244 19.725 15.259 9.694 9.898 9.877 9.462 7.716 20.963 27.514 20.697 9.533 6.032 3.406 7.93
2.180614 12.004 17.22 40.455 51.021 39.192 31.204 14.273 48.978 36.907 29.155 20.799 15.812 50.292 35.137 26.29 20.77 16.304 10.739 10.944 10.922 10.507 8.761 22.008 28.559 21.742 10.578 7.077 4.451 8.975
2.246566 13.114 18.329 41.564 52.13 40.302 32.313 15.382 50.087 38.016 30.265 21.908 16.921 51.401 36.247 27.399 21.879 17.413 11.848 12.053 12.031 11.616 9.87 23.117 29.669 22.852 11.687 8.186 5.56 10.084
2.314511 14.291 19.507 42.742 53.308 41.479 33.491 16.559 51.264 39.193 31.442 23.085 18.099 52.579 37.424 28.576 23.056 18.591 13.025 13.23 13.209 12.793 11.047 24.294 30.846 24.029 12.864 9.364 6.738 11.262
2.384512 15.541 20.756 43.991 54.557 42.729 34.74 17.809 52.514 40.443 32.692 24.335 19.348 53.828 38.674 29.826 24.306 19.841 14.275 14.48 14.458 14.043 12.297 25.544 32.096 25.279 14.114 10.613 7.988 12.511
2.45663 16.867 22.083 45.318 55.884 44.055 36.067 19.136 53.841 41.769 34.018 25.662 20.675 55.155 40.0 31.152 25.633 21.167 15.602 15.806 15.785 15.369 13.624 26.871 33.422 26.605 15.44 11.94 9.314 13.838
2.530929 18.275 23.491 46.726 57.292 45.463 37.475 20.543 55.248 43.177 35.426 27.069 22.082 56.562 41.408 32.56 27.04 22.575 17.009 17.214 17.193 16.777 15.031 28.278 34.83 28.013 16.848 13.348 10.722 15.246
2.607475 19.769 24.985 48.22 58.786 46.957 38.969 22.038 56.743 44.672 36.92 28.564 23.577 58.057 42.902 34.055 28.535 24.069 18.504 18.708 18.687 18.272 16.526 29.773 36.324 29.507 18.343 14.842 12.216 16.74
2.686337 21.355 26.571 49.806 60.372 48.543 40.555 23.624 58.329 46.258 38.506 30.15 25.163 59.643 44.488 35.641 30.121 25.655 20.09 20.295 20.273 19.858 18.112 31.359 37.91 31.094 19.929 16.428 13.802 18.326
2.767583 23.039 28.254 51.489 62.055 50.227 42.239 25.307 60.012 47.941 40.19 31.833 26.846 61.326 46.172 37.324 31.804 27.339 21.773 21.978 21.956 21.541 19.795 33.042 39.594 32.777 21.612 18.112 15.486 20.009
2.851287 24.826 30.041 53.276 63.842 52.014 44.025 27.094 61.799 49.728 41.977 33.62 28.633 63.113 47.959 39.111 33.591 29.125 23.56 23.765 23.743 23.328 21.582 34.829 41.381 34.564 23.399 19.898 17.273 21.796
2.937522 26.722 31.938 55.173 65.739 53.91 45.922 28.991 63.696 51.624 43.873 35.517 30.53 65.01 49.855 41.007 35.488 31.022 25.457 25.661 25.64 25.225 23.479 36.726 43.277 36.46 25.296 21.795 19.169 23.693
3.026365 28.735 33.951 57.186 67.752 55.923 47.935 31.004 65.709 53.637 45.886 37.53 32.543 67.023 51.868 43.02 37.501 33.035 27.47 27.674 27.653 27.238 25.492 38.739 45.29 38.473 27.309 23.808 21.182 25.706
3.117896 30.872 36.087 59.322 69.888 58.06 50.072 33.14 67.845 55.774 48.023 39.666 34.679 69.159 54.005 45.157 39.637 35.172 29.606 29.811 29.789 29.374 27.628 40.875 47.427 40.61 29.445 25.945 23.319 27.842
3.212194 33.14 38.355 61.59 72.156 60.328 52.339 35.408 70.113 58.042 50.291 41.934 36.947 71.427 56.273 47.425 41.905 37.439 31.874 32.079 32.057 31.642 29.896 43.143 49.695 42.878 31.713 28.212 25.586 30.11
3.309345 35.547 40.762 63.997 74.563 62.735 54.746 37.815 72.52 60.449 52.698 44.341 39.354 73.834 58.68 49.832 44.312 39.846 34.281 34.486 34.464 34.049 32.303 45.55 52.102 45.285 34.12 30.619 27.994 32.517
3.409434 38.102 43.317 66.552 77.118 65.29 57.301 40.37 75.075 63.004 55.252 46.896 41.909 76.389 61.235 52.387 46.867 42.401 36.836 37.041 37.019 36.604 34.858 48.105 54.656 47.84 36.675 33.174 30.548 35.072
3.51255 40.813 46.029 69.264 79.83 68.001 60.013 43.082 77.787 65.716 57.964 49.608 44.621 79.101 63.946 55.098 49.579 45.113 39.548 39.752 39.731 39.316 37.57 50.817 57.368 50.551 39.387 35.886 33.26 37.784
3.618785 43.691 48.907 72.142 82.708 70.879 62.891 45.96 80.665 68.594 60.842 52.486 47.499 81.979 66.825 57.977 52.457 47.991 42.426 42.631 42.609 42.194 40.448 53.695 60.246 53.43 42.265 38.764 36.138 40.662
3.728232 46.746 51.962 75.197 85.763 73.934 65.946 49.015 83.72 71.649 63.897 55.541 50.554 85.034 69.879 61.032 55.512 51.046 45.481 45.686 45.664 45.249 43.503 56.75 63.301 56.485 45.32 41.819 39.193 43.717
3.84099 49.989 55.205 78.44 89.006 77.177 69.189 52.257 86.962 74.891 67.14 58.783 53.797 88.277 73.122 64.274 58.754 54.289 48.723 48.928 48.907 48.491 46.745 59.992 66.544 59.727 48.562 45.062 42.436 46.96
3.957158 53.431 58.646 81.881 92.447 80.619 72.63 55.699 90.404 78.333 70.582 62.225 57.238 91.718 76.564 67.716 62.196 57.731 52.165 52.37 52.348 51.933 50.187 63.434 69.986 63.169 52.004 48.503 45.878 50.401
4.07684 57.084 62.299 85.534 96.1 84.272 76.283 59.352 94.057 81.986 74.235 65.878 60.891 95.371 80.217 71.369 65.849 61.383 55.818 56.023 56.001 55.586 53.84 67.087 73.639 66.822 55.657 52.156 49.531 54.054
4.200141 60.961 66.177 89.411 99.978 88.149 80.161 63.229 97.934 85.863 78.112 69.755 64.768 99.248 84.094 75.246 69.726 65.261 59.695 59.9 59.879 59.463 57.717 70.964 77.516 70.699 59.534 56.034 53.408 57.932
4.327172 65.076 70.292 93.527 104.093 92.264 84.276 67.345 102.05 89.979 82.227 73.871 68.884 103.364 88.209 79.362 73.842 69.376 63.811 64.015 63.994 63.579 61.833 75.08 81.631 74.814 63.65 60.149 57.523 62.047
4.458044 69.444 74.66 97.895 108.461 96.632 88.644 71.713 106.418 94.347 86.595 78.239 73.252 107.732 92.577 83.73 78.21 73.744 68.179 68.384 68.362 67.947 66.201 79.448 85.999 79.183 68.018 64.517 61.891 66.415
4.592874 74.081 79.296 102.531 113.097 101.269 93.28 76.349 111.054 98.983 91.232 82.875 77.888 112.368 97.214 88.366 82.846 78.381 72.815 73.02 72.998 72.583 70.837 84.084 90.636 83.819 72.654 69.153 66.528 71.051
4.731783 79.002 84.217 107.452 118.018 106.19 98.201 81.27 115.975 103.904 96.153 87.796 82.809 117.289 102.135 93.287 87.767 83.302 77.736 77.941 77.919 77.504 75.758 89.005 95.557 88.74 77.575 74.074 71.449 75.972
4.874892 84.225 89.44 112.675 123.241 111.413 103.425 86.493 121.198 109.127 101.376 93.019 88.032 122.512 107.358 98.51 92.99 88.525 82.959 83.164 83.142 82.727 80.981 94.228 100.78 93.963 82.798 79.298 76.672 81.195
5.02233 89.769 94.984 118.219 128.785 116.957 108.968 92.037 126.742 114.671 106.92 98.563 93.576 128.056 112.902 104.054 98.534 94.069 88.503 88.708 88.686 88.271 86.525 99.772 106.324 99.507 88.342 84.841 82.216 86.739
5.174227 95.653 100.869 124.103 134.67 122.841 114.853 97.921 132.626 120.555 112.804 104.447 99.46 133.94 118.786 109.938 104.418 99.953 94.387 94.592 94.571 94.155 92.409 105.656 112.208 105.391 94.226 90.726 88.1 92.623
