web/models/kne.last_good/kappa_0.5_3.0.v1/12/villar_0.2183_0.0457_3.0000.dat
# %ECSV 1.0
# ---
# datatype:
# - {name: time, datatype: float64}
# - {name: swift_uvot_uvw2, datatype: float64}
# - {name: swift_uvot_uvm2, datatype: float64}
# - {name: swift_uvot_uvw1, datatype: float64}
# - {name: swift_uvot_U, datatype: float64}
# - {name: swift_uvot_B, datatype: float64}
# - {name: swift_uvot_V, datatype: float64}
# - {name: swift_uvot_W, datatype: float64}
# - {name: johnson_U, datatype: float64}
# - {name: johnson_B, datatype: float64}
# - {name: johnson_V, datatype: float64}
# - {name: johnson_R, datatype: float64}
# - {name: johnson_I, datatype: float64}
# - {name: sdss_u, datatype: float64}
# - {name: sdss_g, datatype: float64}
# - {name: sdss_r, datatype: float64}
# - {name: sdss_i, datatype: float64}
# - {name: sdss_z, datatype: float64}
# - {name: PS1_g, datatype: float64}
# - {name: PS1_r, datatype: float64}
# - {name: PS1_i, datatype: float64}
# - {name: PS1_z, datatype: float64}
# - {name: PS1_Y, datatype: float64}
# - {name: PS1_w, datatype: float64}
# - {name: ATLAS_c, datatype: float64}
# - {name: ATLAS_o, datatype: float64}
# - {name: ukirt_J, datatype: float64}
# - {name: ukirt_H, datatype: float64}
# - {name: ukirt_K, datatype: float64}
# - {name: Clear, datatype: float64}
# meta: !!omap
# - comment: [kappa = 3.0, type = villar, mass = 0.21832694463104688, velocity = 0.04566666666666669, theta_obs = 0.0]
# schema: astropy-2.0
time swift_uvot_uvw2 swift_uvot_uvm2 swift_uvot_uvw1 swift_uvot_U swift_uvot_B swift_uvot_V swift_uvot_W johnson_U johnson_B johnson_V johnson_R johnson_I sdss_u sdss_g sdss_r sdss_i sdss_z PS1_g PS1_r PS1_i PS1_z PS1_Y PS1_w ATLAS_c ATLAS_o ukirt_J ukirt_H ukirt_K Clear
[from data line 287]
5.174227 -12.936 -13.318 -14.084 -15.187 -15.705 -15.982 -14.883 -15.287 -15.708 -15.984 -16.061 -16.011 -15.266 -15.816 -16.052 -16.068 -16.001 -15.869 -16.061 -16.077 -16.034 -16.009 -16.0 -15.935 -16.06 -15.711 -15.371 -14.909 -15.969
5.330718 -12.893 -13.272 -14.055 -15.178 -15.709 -15.997 -14.88 -15.28 -15.713 -16.0 -16.086 -16.043 -15.258 -15.825 -16.073 -16.095 -16.033 -15.88 -16.082 -16.105 -16.065 -16.042 -16.02 -15.95 -16.084 -15.75 -15.414 -14.954 -15.988
5.491942 -12.85 -13.223 -14.025 -15.167 -15.713 -16.012 -14.877 -15.272 -15.717 -16.016 -16.11 -16.073 -15.249 -15.833 -16.093 -16.122 -16.065 -15.89 -16.102 -16.132 -16.096 -16.075 -16.04 -15.963 -16.107 -15.788 -15.455 -14.999 -16.007
5.658042 -12.805 -13.173 -13.993 -15.154 -15.716 -16.027 -14.872 -15.262 -15.72 -16.03 -16.133 -16.104 -15.238 -15.84 -16.113 -16.149 -16.096 -15.899 -16.122 -16.158 -16.126 -16.108 -16.059 -15.976 -16.13 -15.826 -15.497 -15.043 -16.025
5.829166 -12.759 -13.121 -13.959 -15.141 -15.718 -16.04 -14.867 -15.251 -15.722 -16.044 -16.155 -16.133 -15.226 -15.846 -16.132 -16.174 -16.126 -15.906 -16.141 -16.184 -16.156 -16.14 -16.078 -15.988 -16.152 -15.864 -15.539 -15.088 -16.043
6.005465 -12.711 -13.066 -13.924 -15.126 -15.718 -16.052 -14.86 -15.239 -15.723 -16.057 -16.177 -16.163 -15.213 -15.851 -16.15 -16.199 -16.157 -15.913 -16.159 -16.209 -16.186 -16.172 -16.095 -16.0 -16.173 -15.901 -15.58 -15.132 -16.06
6.187096 -12.663 -13.009 -13.887 -15.109 -15.717 -16.064 -14.853 -15.225 -15.723 -16.068 -16.198 -16.191 -15.199 -15.855 -16.167 -16.224 -16.186 -15.919 -16.176 -16.234 -16.214 -16.203 -16.112 -16.01 -16.194 -15.938 -15.62 -15.176 -16.076
6.37422 -12.613 -12.951 -13.848 -15.091 -15.715 -16.074 -14.844 -15.21 -15.721 -16.079 -16.219 -16.219 -15.182 -15.858 -16.183 -16.248 -16.215 -15.924 -16.193 -16.258 -16.243 -16.234 -16.128 -16.019 -16.213 -15.975 -15.661 -15.219 -16.091
6.567004 -12.562 -12.889 -13.808 -15.072 -15.712 -16.084 -14.835 -15.193 -15.718 -16.089 -16.238 -16.247 -15.165 -15.86 -16.199 -16.271 -16.244 -15.928 -16.209 -16.281 -16.27 -16.264 -16.143 -16.027 -16.232 -16.011 -15.701 -15.263 -16.106
6.765619 -12.51 -12.826 -13.766 -15.05 -15.708 -16.092 -14.825 -15.175 -15.714 -16.098 -16.257 -16.274 -15.145 -15.86 -16.213 -16.293 -16.271 -15.93 -16.224 -16.303 -16.297 -16.294 -16.158 -16.035 -16.251 -16.047 -15.741 -15.306 -16.12
6.97024 -12.457 -12.76 -13.721 -15.027 -15.702 -16.1 -14.813 -15.155 -15.709 -16.106 -16.275 -16.3 -15.124 -15.86 -16.227 -16.314 -16.299 -15.932 -16.237 -16.325 -16.323 -16.323 -16.171 -16.041 -16.268 -16.082 -15.78 -15.349 -16.132
7.181051 -12.403 -12.691 -13.675 -15.003 -15.695 -16.106 -14.801 -15.133 -15.702 -16.113 -16.292 -16.325 -15.102 -15.858 -16.24 -16.335 -16.325 -15.932 -16.25 -16.346 -16.349 -16.351 -16.184 -16.046 -16.284 -16.117 -15.819 -15.391 -16.144
7.398237 -12.347 -12.62 -13.627 -14.976 -15.686 -16.111 -14.787 -15.11 -15.694 -16.118 -16.308 -16.35 -15.077 -15.854 -16.251 -16.355 -16.351 -15.931 -16.262 -16.366 -16.374 -16.379 -16.195 -16.05 -16.3 -16.151 -15.858 -15.434 -16.156
7.621991 -12.291 -12.545 -13.577 -14.948 -15.676 -16.115 -14.772 -15.085 -15.684 -16.122 -16.323 -16.374 -15.051 -15.849 -16.262 -16.374 -16.376 -15.928 -16.273 -16.385 -16.398 -16.407 -16.206 -16.053 -16.314 -16.185 -15.897 -15.475 -16.166
7.852513 -12.234 -12.468 -13.525 -14.917 -15.664 -16.117 -14.756 -15.058 -15.672 -16.126 -16.338 -16.397 -15.023 -15.843 -16.272 -16.392 -16.401 -15.925 -16.283 -16.404 -16.422 -16.433 -16.216 -16.054 -16.328 -16.218 -15.934 -15.517 -16.175
8.090007 -12.176 -12.388 -13.47 -14.885 -15.651 -16.119 -14.738 -15.029 -15.659 -16.127 -16.351 -16.42 -14.992 -15.835 -16.28 -16.409 -16.424 -15.919 -16.291 -16.421 -16.444 -16.459 -16.224 -16.054 -16.341 -16.25 -15.972 -15.558 -16.183
8.334684 -12.117 -12.305 -13.413 -14.85 -15.635 -16.118 -14.719 -14.997 -15.645 -16.128 -16.363 -16.441 -14.96 -15.826 -16.287 -16.425 -16.447 -15.913 -16.299 -16.437 -16.466 -16.484 -16.231 -16.053 -16.352 -16.283 -16.009 -15.599 -16.19
8.586761 -12.057 -12.219 -13.353 -14.813 -15.618 -16.117 -14.699 -14.964 -15.628 -16.127 -16.374 -16.462 -14.925 -15.815 -16.293 -16.441 -16.469 -15.904 -16.305 -16.453 -16.487 -16.508 -16.238 -16.05 -16.362 -16.314 -16.045 -15.64 -16.196
8.846461 -11.996 -12.129 -13.291 -14.774 -15.6 -16.114 -14.677 -14.928 -15.61 -16.124 -16.384 -16.482 -14.888 -15.802 -16.297 -16.455 -16.49 -15.894 -16.31 -16.467 -16.507 -16.532 -16.243 -16.046 -16.371 -16.345 -16.081 -15.68 -16.201
9.114017 -11.935 -12.036 -13.227 -14.732 -15.579 -16.109 -14.653 -14.89 -15.59 -16.12 -16.392 -16.501 -14.849 -15.788 -16.301 -16.468 -16.51 -15.883 -16.313 -16.48 -16.526 -16.555 -16.246 -16.04 -16.379 -16.375 -16.117 -15.72 -16.204
9.389664 -11.874 -11.939 -13.159 -14.688 -15.556 -16.103 -14.628 -14.85 -15.567 -16.114 -16.4 -16.519 -14.807 -15.771 -16.302 -16.479 -16.529 -15.869 -16.316 -16.492 -16.544 -16.576 -16.249 -16.033 -16.386 -16.404 -16.152 -15.759 -16.207
9.673648 -11.812 -11.838 -13.089 -14.641 -15.531 -16.094 -14.601 -14.807 -15.543 -16.107 -16.406 -16.535 -14.762 -15.753 -16.303 -16.49 -16.547 -15.854 -16.316 -16.503 -16.561 -16.597 -16.25 -16.024 -16.391 -16.433 -16.186 -15.798 -16.208
9.966221 -11.75 -11.733 -13.016 -14.591 -15.503 -16.085 -14.573 -14.761 -15.516 -16.098 -16.41 -16.551 -14.714 -15.732 -16.301 -16.499 -16.564 -15.837 -16.315 -16.513 -16.577 -16.617 -16.249 -16.013 -16.395 -16.461 -16.22 -15.837 -16.207
10.267642 -11.688 -11.624 -12.94 -14.538 -15.474 -16.073 -14.542 -14.712 -15.487 -16.087 -16.414 -16.566 -14.664 -15.71 -16.298 -16.507 -16.58 -15.817 -16.312 -16.521 -16.591 -16.636 -16.247 -16.001 -16.397 -16.488 -16.253 -15.875 -16.205
10.57818 -11.626 -11.51 -12.86 -14.482 -15.441 -16.059 -14.51 -14.66 -15.456 -16.074 -16.415 -16.579 -14.611 -15.685 -16.293 -16.513 -16.595 -15.796 -16.308 -16.528 -16.605 -16.653 -16.243 -15.986 -16.398 -16.515 -16.286 -15.912 -16.202
10.89811 -11.565 -11.392 -12.777 -14.422 -15.407 -16.043 -14.475 -14.605 -15.422 -16.058 -16.415 -16.591 -14.554 -15.657 -16.286 -16.518 -16.608 -15.772 -16.302 -16.533 -16.617 -16.67 -16.238 -15.969 -16.397 -16.54 -16.318 -15.949 -16.197
11.227716 -11.503 -11.268 -12.69 -14.36 -15.369 -16.024 -14.438 -14.547 -15.385 -16.041 -16.413 -16.601 -14.494 -15.627 -16.278 -16.521 -16.62 -15.746 -16.294 -16.537 -16.627 -16.685 -16.231 -15.95 -16.394 -16.564 -16.349 -15.985 -16.19
11.56729 -11.443 -11.14 -12.6 -14.293 -15.328 -16.004 -14.399 -14.485 -15.345 -16.021 -16.41 -16.61 -14.43 -15.595 -16.267 -16.523 -16.63 -15.717 -16.283 -16.538 -16.637 -16.699 -16.221 -15.929 -16.389 -16.588 -16.379 -16.021 -16.182
11.917135 -11.383 -11.006 -12.506 -14.223 -15.284 -15.98 -14.357 -14.419 -15.302 -15.999 -16.404 -16.618 -14.362 -15.559 -16.254 -16.522 -16.639 -15.685 -16.271 -16.539 -16.644 -16.712 -16.21 -15.905 -16.383 -16.61 -16.408 -16.056 -16.172
12.277561 -11.324 -10.866 -12.407 -14.148 -15.237 -15.954 -14.313 -14.35 -15.256 -15.974 -16.396 -16.624 -14.291 -15.521 -16.239 -16.52 -16.647 -15.651 -16.256 -16.537 -16.65 -16.723 -16.197 -15.879 -16.374 -16.631 -16.437 -16.09 -16.159
12.648887 -11.267 -10.72 -12.305 -14.07 -15.187 -15.926 -14.266 -14.276 -15.206 -15.946 -16.386 -16.628 -14.215 -15.479 -16.221 -16.516 -16.653 -15.614 -16.239 -16.533 -16.655 -16.733 -16.181 -15.849 -16.363 -16.651 -16.464 -16.124 -16.145
13.031444 -11.211 -10.568 -12.197 -13.986 -15.133 -15.894 -14.216 -14.197 -15.153 -15.915 -16.374 -16.63 -14.134 -15.434 -16.2 -16.509 -16.657 -15.573 -16.22 -16.527 -16.657 -16.741 -16.164 -15.817 -16.35 -16.67 -16.491 -16.157 -16.129
13.425571 -11.156 -10.409 -12.085 -13.898 -15.074 -15.859 -14.163 -14.114 -15.096 -15.881 -16.36 -16.631 -14.049 -15.385 -16.177 -16.501 -16.659 -15.53 -16.197 -16.519 -16.658 -16.747 -16.143 -15.782 -16.334 -16.687 -16.517 -16.189 -16.11
13.831619 -11.103 -10.242 -11.968 -13.804 -15.012 -15.821 -14.106 -14.026 -15.035 -15.844 -16.342 -16.629 -13.958 -15.333 -16.151 -16.489 -16.659 -15.482 -16.172 -16.508 -16.656 -16.752 -16.12 -15.744 -16.316 -16.703 -16.541 -16.22 -16.088
14.249947 -11.051 -10.069 -11.846 -13.705 -14.945 -15.779 -14.046 -13.933 -14.969 -15.804 -16.322 -16.625 -13.862 -15.276 -16.121 -16.476 -16.657 -15.431 -16.143 -16.495 -16.652 -16.754 -16.094 -15.702 -16.294 -16.717 -16.564 -16.25 -16.065
14.680926 -11.002 -9.887 -11.718 -13.6 -14.873 -15.733 -13.983 -13.834 -14.899 -15.759 -16.299 -16.619 -13.761 -15.215 -16.089 -16.459 -16.652 -15.376 -16.111 -16.479 -16.646 -16.754 -16.065 -15.656 -16.27 -16.73 -16.586 -16.279 -16.038
15.124941 -10.954 -9.697 -11.584 -13.489 -14.797 -15.683 -13.915 -13.729 -14.824 -15.71 -16.273 -16.61 -13.653 -15.149 -16.052 -16.44 -16.645 -15.317 -16.076 -16.46 -16.637 -16.752 -16.032 -15.606 -16.243 -16.741 -16.607 -16.307 -16.008
15.582385 -10.908 -9.498 -11.444 -13.371 -14.715 -15.628 -13.844 -13.617 -14.743 -15.657 -16.244 -16.598 -13.538 -15.079 -16.012 -16.417 -16.635 -15.253 -16.037 -16.438 -16.626 -16.748 -15.997 -15.552 -16.212 -16.75 -16.626 -16.334 -15.976
16.053663 -10.863 -9.29 -11.297 -13.245 -14.627 -15.569 -13.767 -13.498 -14.657 -15.6 -16.21 -16.584 -13.416 -15.003 -15.968 -16.391 -16.623 -15.184 -15.994 -16.413 -16.612 -16.741 -15.957 -15.494 -16.177 -16.757 -16.643 -16.36 -15.94
16.539195 -10.821 -9.073 -11.144 -13.112 -14.533 -15.505 -13.686 -13.372 -14.565 -15.537 -16.173 -16.566 -13.287 -14.921 -15.919 -16.361 -16.607 -15.11 -15.946 -16.384 -16.594 -16.732 -15.914 -15.431 -16.138 -16.762 -16.659 -16.385 -15.901
17.039412 -10.78 -8.845 -10.983 -12.971 -14.432 -15.435 -13.6 -13.238 -14.466 -15.47 -16.132 -16.546 -13.149 -14.833 -15.865 -16.327 -16.589 -15.031 -15.894 -16.351 -16.573 -16.719 -15.866 -15.362 -16.096 -16.764 -16.673 -16.408 -15.857
17.554757 -10.74 -8.608 -10.814 -12.821 -14.324 -15.36 -13.509 -13.095 -14.36 -15.396 -16.087 -16.521 -13.003 -14.739 -15.807 -16.289 -16.566 -14.945 -15.837 -16.314 -16.549 -16.703 -15.814 -15.288 -16.048 -16.764 -16.685 -16.43 -15.81
18.085689 -10.701 -8.36 -10.637 -12.661 -14.208 -15.278 -13.412 -12.943 -14.246 -15.316 -16.036 -16.493 -12.847 -14.638 -15.743 -16.247 -16.54 -14.854 -15.775 -16.273 -16.52 -16.684 -15.757 -15.208 -15.996 -16.762 -16.695 -16.45 -15.759
18.632678 -10.662 -8.102 -10.452 -12.492 -14.085 -15.189 -13.308 -12.782 -14.125 -15.23 -15.981 -16.461 -12.681 -14.529 -15.673 -16.2 -16.51 -14.756 -15.707 -16.227 -16.488 -16.661 -15.694 -15.121 -15.939 -16.756 -16.703 -16.468 -15.704
19.196211 -10.624 -7.834 -10.257 -12.311 -13.952 -15.094 -13.198 -12.609 -13.995 -15.137 -15.919 -16.424 -12.504 -14.412 -15.596 -16.147 -16.476 -14.651 -15.633 -16.175 -16.451 -16.634 -15.626 -15.028 -15.876 -16.748 -16.709 -16.485 -15.643
19.776787 -10.587 -7.557 -10.053 -12.118 -13.81 -14.99 -13.081 -12.425 -13.856 -15.036 -15.852 -16.382 -12.316 -14.287 -15.513 -16.089 -16.436 -14.538 -15.552 -16.118 -16.409 -16.603 -15.552 -14.927 -15.807 -16.736 -16.712 -16.499 -15.578
20.374923 -10.548 -7.274 -9.838 -11.912 -13.657 -14.878 -12.956 -12.229 -13.706 -14.926 -15.779 -16.335 -12.115 -14.152 -15.422 -16.024 -16.392 -14.418 -15.464 -16.055 -16.362 -16.567 -15.472 -14.818 -15.731 -16.72 -16.712 -16.512 -15.507
20.991149 -10.509 -6.985 -9.612 -11.693 -13.493 -14.757 -12.822 -12.019 -13.546 -14.808 -15.698 -16.283 -11.9 -14.006 -15.324 -15.954 -16.342 -14.289 -15.369 -15.986 -16.309 -16.527 -15.384 -14.7 -15.649 -16.7 -16.709 -16.522 -15.43
21.626011 -10.469 -6.695 -9.375 -11.458 -13.318 -14.625 -12.68 -11.795 -13.373 -14.68 -15.61 -16.224 -11.67 -13.85 -15.216 -15.875 -16.286 -14.151 -15.265 -15.91 -16.25 -16.48 -15.289 -14.574 -15.558 -16.677 -16.703 -16.53 -15.347
22.280075 -10.427 -6.408 -9.126 -11.208 -13.129 -14.483 -12.529 -11.555 -13.188 -14.541 -15.514 -16.159 -11.424 -13.682 -15.1 -15.79 -16.224 -14.003 -15.152 -15.825 -16.185 -16.428 -15.186 -14.436 -15.46 -16.648 -16.693 -16.535 -15.258
22.953921 -10.383 -6.131 -8.863 -10.939 -12.926 -14.33 -12.367 -11.298 -12.99 -14.392 -15.409 -16.087 -11.161 -13.501 -14.973 -15.695 -16.155 -13.846 -15.029 -15.733 -16.112 -16.37 -15.073 -14.288 -15.352 -16.615 -16.679 -16.537 -15.162
23.648147 -10.336 -5.869 -8.586 -10.652 -12.707 -14.163 -12.195 -11.023 -12.776 -14.229 -15.295 -16.007 -10.878 -13.305 -14.835 -15.592 -16.077 -13.678 -14.896 -15.632 -16.031 -16.305 -14.951 -14.128 -15.235 -16.576 -16.662 -16.536 -15.058
24.363369 -10.287 -5.63 -8.294 -10.343 -12.472 -13.983 -12.011 -10.727 -12.546 -14.054 -15.17 -15.919 -10.575 -13.095 -14.684 -15.478 -15.992 -13.5 -14.752 -15.521 -15.942 -16.232 -14.819 -13.955 -15.107 -16.531 -16.639 -16.532 -14.947
25.100222 -10.234 -5.417 -7.986 -10.012 -12.218 -13.788 -11.814 -10.41 -12.298 -13.863 -15.034 -15.822 -10.25 -12.867 -14.521 -15.353 -15.897 -13.311 -14.595 -15.399 -15.843 -16.151 -14.675 -13.768 -14.968 -16.479 -16.612 -16.524 -14.828
25.859362 -10.176 -5.233 -7.661 -9.657 -11.944 -13.576 -11.603 -10.068 -12.031 -13.657 -14.885 -15.714 -9.9 -12.622 -14.343 -15.217 -15.793 -13.111 -14.426 -15.265 -15.735 -16.062 -14.519 -13.566 -14.816 -16.421 -16.58 -16.512 -14.7
26.64146 -10.114 -5.076 -7.316 -9.274 -11.649 -13.346 -11.378 -9.7 -11.742 -13.433 -14.723 -15.596 -9.523 -12.357 -14.15 -15.067 -15.677 -12.9 -14.242 -15.119 -15.615 -15.962 -14.35 -13.347 -14.65 -16.355 -16.541 -16.496 -14.563
27.447213 -10.047 -4.942 -6.952 -8.861 -11.33 -13.096 -11.138 -9.304 -11.431 -13.19 -14.546 -15.466 -9.116 -12.069 -13.939 -14.904 -15.55 -12.679 -14.042 -14.96 -15.483 -15.852 -14.165 -13.11 -14.47 -16.28 -16.496 -16.474 -14.416
28.277335 -9.974 -4.824 -6.564 -8.416 -10.984 -12.825 -10.88 -8.876 -11.094 -12.926 -14.353 -15.322 -8.677 -11.758 -13.709 -14.724 -15.409 -12.449 -13.826 -14.785 -15.337 -15.731 -13.965 -12.852 -14.273 -16.196 -16.444 -16.448 -14.259
29.132564 -9.895 -4.716 -6.153 -7.936 -10.61 -12.529 -10.606 -8.413 -10.73 -12.639 -14.143 -15.164 -8.203 -11.421 -13.459 -14.527 -15.254 -12.211 -13.592 -14.593 -15.177 -15.597 -13.747 -12.573 -14.058 -16.101 -16.384 -16.416 -14.092
30.013659 -9.809 -4.613 -5.714 -7.416 -10.204 -12.208 -10.312 -7.913 -10.336 -12.327 -13.913 -14.99 -7.69 -11.055 -13.186 -14.311 -15.083 -11.967 -13.34 -14.384 -15.001 -15.449 -13.509 -12.27 -13.823 -15.995 -16.316 -16.377 -13.915
30.921401 -9.715 -4.509 -5.246 -6.853 -9.764 -11.857 -9.999 -7.37 -9.908 -11.986 -13.661 -14.799 -7.134 -10.658 -12.887 -14.074 -14.894 -11.72 -13.067 -14.155 -14.807 -15.286 -13.25 -11.94 -13.566 -15.877 -16.238 -16.331 -13.727
31.856598 -9.612 -4.401 -4.745 -6.241 -9.285 -11.475 -9.666 -6.782 -9.443 -11.615 -13.386 -14.589 -6.53 -10.225 -12.56 -13.814 -14.686 -11.473 -12.774 -13.904 -14.594 -15.107 -12.968 -11.581 -13.286 -15.744 -16.15 -16.278 -13.528
32.820079 -9.501 -4.287 -4.208 -5.577 -8.763 -11.057 -9.313 -6.142 -8.937 -11.21 -13.086 -14.357 -5.873 -9.753 -12.203 -13.528 -14.457 -11.229 -12.459 -13.63 -14.359 -14.909 -12.659 -11.189 -12.979 -15.596 -16.049 -16.216 -13.318
33.8127 -9.378 -4.163 -3.631 -4.855 -8.194 -10.599 -8.941 -5.445 -8.387 -10.767 -12.756 -14.102 -5.158 -9.239 -11.811 -13.214 -14.203 -10.991 -12.123 -13.33 -14.101 -14.692 -12.322 -10.762 -12.643 -15.431 -15.936 -16.145 -13.098
34.835342 -9.245 -4.029 -3.009 -4.067 -7.572 -10.097 -8.551 -4.684 -7.786 -10.282 -12.395 -13.821 -4.378 -8.677 -11.381 -12.867 -13.923 -10.759 -11.767 -13.002 -13.816 -14.453 -11.953 -10.295 -12.274 -15.247 -15.809 -16.063 -12.869
35.888913 -9.099 -3.883 -2.337 -3.206 -6.892 -9.547 -8.146 -3.853 -7.131 -9.751 -11.998 -13.511 -3.526 -8.061 -10.908 -12.485 -13.613 -10.535 -11.393 -12.644 -13.503 -14.191 -11.548 -9.784 -11.869 -15.041 -15.665 -15.969 -12.629
36.974349 -8.939 -3.723 -1.609 -2.263 -6.147 -8.941 -7.733 -2.943 -6.413 -9.167 -11.562 -13.168 -2.592 -7.386 -10.387 -12.063 -13.27 -10.316 -11.006 -12.255 -13.159 -13.904 -11.103 -9.223 -11.424 -14.811 -15.503 -15.862 -12.381
