web/models/kne.last_good/kappa_0.5_3.0.v1/12/villar_0.3304_0.1553_3.0000.dat
# %ECSV 1.0
# ---
# datatype:
# - {name: time, datatype: float64}
# - {name: swift_uvot_uvw2, datatype: float64}
# - {name: swift_uvot_uvm2, datatype: float64}
# - {name: swift_uvot_uvw1, datatype: float64}
# - {name: swift_uvot_U, datatype: float64}
# - {name: swift_uvot_B, datatype: float64}
# - {name: swift_uvot_V, datatype: float64}
# - {name: swift_uvot_W, datatype: float64}
# - {name: johnson_U, datatype: float64}
# - {name: johnson_B, datatype: float64}
# - {name: johnson_V, datatype: float64}
# - {name: johnson_R, datatype: float64}
# - {name: johnson_I, datatype: float64}
# - {name: sdss_u, datatype: float64}
# - {name: sdss_g, datatype: float64}
# - {name: sdss_r, datatype: float64}
# - {name: sdss_i, datatype: float64}
# - {name: sdss_z, datatype: float64}
# - {name: PS1_g, datatype: float64}
# - {name: PS1_r, datatype: float64}
# - {name: PS1_i, datatype: float64}
# - {name: PS1_z, datatype: float64}
# - {name: PS1_Y, datatype: float64}
# - {name: PS1_w, datatype: float64}
# - {name: ATLAS_c, datatype: float64}
# - {name: ATLAS_o, datatype: float64}
# - {name: ukirt_J, datatype: float64}
# - {name: ukirt_H, datatype: float64}
# - {name: ukirt_K, datatype: float64}
# - {name: Clear, datatype: float64}
# meta: !!omap
# - comment: [kappa = 3.0, type = villar, mass = 0.33039895931513485, velocity = 0.15533333333333332, theta_obs = 0.0]
# schema: astropy-2.0
time swift_uvot_uvw2 swift_uvot_uvm2 swift_uvot_uvw1 swift_uvot_U swift_uvot_B swift_uvot_V swift_uvot_W johnson_U johnson_B johnson_V johnson_R johnson_I sdss_u sdss_g sdss_r sdss_i sdss_z PS1_g PS1_r PS1_i PS1_z PS1_Y PS1_w ATLAS_c ATLAS_o ukirt_J ukirt_H ukirt_K Clear
[from data line 148]
0.082253 -12.969 -13.006 -13.006 -12.922 -12.726 -12.463 -12.889 -12.897 -12.722 -12.454 -12.146 -11.768 -12.903 -12.644 -12.289 -12.0 -11.713 -12.628 -12.308 -12.021 -11.815 -11.749 -12.321 -12.506 -12.169 -11.112 -10.606 -10.009 -12.372
0.084741 -12.995 -13.036 -13.039 -12.962 -12.769 -12.509 -12.923 -12.937 -12.765 -12.5 -12.194 -11.818 -12.944 -12.688 -12.337 -12.048 -11.762 -12.672 -12.355 -12.069 -11.864 -11.797 -12.367 -12.552 -12.217 -11.163 -10.658 -10.061 -12.417
0.087304 -13.02 -13.066 -13.072 -13.002 -12.812 -12.555 -12.958 -12.978 -12.809 -12.546 -12.242 -11.867 -12.984 -12.732 -12.384 -12.097 -11.812 -12.716 -12.402 -12.117 -11.913 -11.845 -12.414 -12.597 -12.264 -11.215 -10.71 -10.114 -12.463
0.089944 -13.046 -13.095 -13.105 -13.042 -12.855 -12.601 -12.992 -13.018 -12.852 -12.592 -12.289 -11.916 -13.024 -12.776 -12.431 -12.145 -11.861 -12.761 -12.448 -12.165 -11.961 -11.893 -12.46 -12.642 -12.312 -11.266 -10.762 -10.166 -12.509
0.092665 -13.07 -13.124 -13.137 -13.081 -12.898 -12.647 -13.026 -13.058 -12.895 -12.638 -12.337 -11.965 -13.064 -12.82 -12.477 -12.193 -11.911 -12.805 -12.495 -12.213 -12.01 -11.94 -12.506 -12.687 -12.359 -11.317 -10.814 -10.219 -12.555
0.095467 -13.095 -13.153 -13.169 -13.12 -12.941 -12.692 -13.06 -13.098 -12.938 -12.683 -12.384 -12.015 -13.104 -12.864 -12.524 -12.242 -11.96 -12.849 -12.542 -12.261 -12.058 -11.988 -12.552 -12.732 -12.407 -11.367 -10.865 -10.271 -12.6
0.098355 -13.119 -13.181 -13.201 -13.159 -12.984 -12.738 -13.094 -13.138 -12.981 -12.729 -12.432 -12.064 -13.144 -12.908 -12.571 -12.29 -12.009 -12.893 -12.588 -12.309 -12.106 -12.036 -12.598 -12.777 -12.454 -11.418 -10.917 -10.324 -12.645
0.101329 -13.143 -13.209 -13.232 -13.198 -13.027 -12.783 -13.128 -13.177 -13.023 -12.774 -12.479 -12.113 -13.183 -12.951 -12.617 -12.338 -12.059 -12.936 -12.634 -12.357 -12.155 -12.083 -12.644 -12.822 -12.501 -11.469 -10.969 -10.376 -12.691
0.104394 -13.167 -13.237 -13.264 -13.237 -13.069 -12.828 -13.161 -13.216 -13.066 -12.819 -12.526 -12.162 -13.222 -12.995 -12.664 -12.386 -12.108 -12.98 -12.68 -12.405 -12.203 -12.131 -12.69 -12.867 -12.548 -11.52 -11.021 -10.429 -12.736
0.107551 -13.19 -13.264 -13.295 -13.276 -13.111 -12.873 -13.194 -13.256 -13.108 -12.865 -12.573 -12.21 -13.262 -13.038 -12.71 -12.434 -12.157 -13.023 -12.727 -12.452 -12.251 -12.178 -12.736 -12.911 -12.595 -11.571 -11.072 -10.481 -12.781
0.110804 -13.213 -13.291 -13.325 -13.314 -13.153 -12.918 -13.227 -13.295 -13.15 -12.91 -12.62 -12.259 -13.3 -13.081 -12.757 -12.482 -12.206 -13.067 -12.773 -12.5 -12.299 -12.226 -12.781 -12.956 -12.642 -11.621 -11.124 -10.533 -12.826
0.114155 -13.235 -13.318 -13.356 -13.352 -13.195 -12.963 -13.26 -13.333 -13.192 -12.954 -12.667 -12.308 -13.339 -13.124 -12.803 -12.53 -12.255 -13.11 -12.818 -12.547 -12.348 -12.273 -12.827 -13.0 -12.689 -11.672 -11.175 -10.586 -12.871
0.117608 -13.257 -13.344 -13.386 -13.39 -13.237 -13.008 -13.292 -13.372 -13.234 -12.999 -12.714 -12.357 -13.377 -13.167 -12.849 -12.577 -12.304 -13.153 -12.864 -12.594 -12.396 -12.321 -12.872 -13.044 -12.736 -11.723 -11.227 -10.638 -12.915
0.121165 -13.279 -13.37 -13.415 -13.427 -13.279 -13.053 -13.324 -13.41 -13.276 -13.044 -12.761 -12.405 -13.416 -13.21 -12.895 -12.625 -12.353 -13.196 -12.91 -12.642 -12.444 -12.368 -12.917 -13.088 -12.782 -11.773 -11.278 -10.69 -12.96
0.124829 -13.301 -13.396 -13.445 -13.465 -13.32 -13.097 -13.356 -13.448 -13.317 -13.089 -12.808 -12.454 -13.454 -13.252 -12.941 -12.673 -12.401 -13.238 -12.956 -12.689 -12.492 -12.415 -12.962 -13.132 -12.829 -11.824 -11.33 -10.743 -13.004
0.128605 -13.322 -13.421 -13.474 -13.502 -13.362 -13.142 -13.388 -13.486 -13.358 -13.133 -12.854 -12.502 -13.492 -13.294 -12.986 -12.72 -12.45 -13.281 -13.001 -12.736 -12.539 -12.463 -13.007 -13.176 -12.875 -11.874 -11.381 -10.795 -13.049
0.132494 -13.342 -13.446 -13.503 -13.539 -13.403 -13.186 -13.42 -13.524 -13.4 -13.177 -12.901 -12.55 -13.529 -13.337 -13.032 -12.767 -12.499 -13.324 -13.047 -12.783 -12.587 -12.51 -13.052 -13.219 -12.922 -11.925 -11.433 -10.847 -13.093
0.136502 -13.362 -13.471 -13.531 -13.576 -13.444 -13.23 -13.451 -13.561 -13.441 -13.221 -12.947 -12.599 -13.567 -13.379 -13.077 -12.815 -12.547 -13.366 -13.092 -12.83 -12.635 -12.557 -13.097 -13.263 -12.968 -11.975 -11.484 -10.899 -13.137
0.14063 -13.382 -13.495 -13.56 -13.612 -13.485 -13.274 -13.482 -13.599 -13.481 -13.265 -12.993 -12.647 -13.604 -13.421 -13.123 -12.862 -12.596 -13.408 -13.137 -12.877 -12.683 -12.604 -13.142 -13.306 -13.014 -12.025 -11.535 -10.951 -13.181
0.144883 -13.402 -13.519 -13.588 -13.649 -13.525 -13.318 -13.513 -13.636 -13.522 -13.309 -13.039 -12.695 -13.641 -13.462 -13.168 -12.909 -12.644 -13.45 -13.182 -12.924 -12.73 -12.651 -13.186 -13.349 -13.06 -12.075 -11.586 -11.003 -13.225
0.149265 -13.421 -13.542 -13.615 -13.685 -13.566 -13.362 -13.544 -13.673 -13.562 -13.353 -13.085 -12.743 -13.677 -13.504 -13.213 -12.956 -12.692 -13.492 -13.227 -12.971 -12.778 -12.699 -13.231 -13.392 -13.106 -12.126 -11.638 -11.055 -13.269
0.15378 -13.44 -13.565 -13.643 -13.721 -13.606 -13.405 -13.574 -13.709 -13.603 -13.397 -13.131 -12.791 -13.714 -13.545 -13.258 -13.003 -12.741 -13.534 -13.272 -13.017 -12.825 -12.746 -13.275 -13.435 -13.152 -12.176 -11.689 -11.107 -13.312
0.15843 -13.458 -13.588 -13.67 -13.756 -13.646 -13.449 -13.604 -13.746 -13.643 -13.44 -13.177 -12.839 -13.75 -13.587 -13.303 -13.05 -12.789 -13.575 -13.317 -13.064 -12.873 -12.793 -13.319 -13.478 -13.197 -12.226 -11.74 -11.159 -13.356
0.163222 -13.476 -13.61 -13.696 -13.792 -13.686 -13.492 -13.634 -13.782 -13.683 -13.484 -13.223 -12.887 -13.786 -13.628 -13.348 -13.096 -12.837 -13.617 -13.361 -13.11 -12.92 -12.84 -13.363 -13.521 -13.243 -12.276 -11.791 -11.211 -13.399
0.168159 -13.493 -13.632 -13.722 -13.827 -13.726 -13.535 -13.664 -13.818 -13.723 -13.527 -13.268 -12.934 -13.822 -13.669 -13.393 -13.143 -12.885 -13.658 -13.406 -13.157 -12.967 -12.887 -13.407 -13.563 -13.288 -12.326 -11.842 -11.263 -13.442
0.173245 -13.51 -13.653 -13.748 -13.862 -13.765 -13.578 -13.694 -13.853 -13.762 -13.57 -13.314 -12.982 -13.858 -13.709 -13.437 -13.189 -12.933 -13.699 -13.45 -13.203 -13.014 -12.934 -13.451 -13.605 -13.334 -12.376 -11.893 -11.315 -13.485
0.178484 -13.527 -13.674 -13.774 -13.896 -13.805 -13.621 -13.723 -13.889 -13.801 -13.613 -13.359 -13.029 -13.893 -13.75 -13.482 -13.236 -12.981 -13.74 -13.494 -13.249 -13.061 -12.98 -13.494 -13.647 -13.379 -12.426 -11.944 -11.367 -13.528
0.183882 -13.543 -13.695 -13.799 -13.931 -13.844 -13.664 -13.752 -13.924 -13.841 -13.656 -13.405 -13.077 -13.928 -13.79 -13.526 -13.282 -13.028 -13.781 -13.538 -13.295 -13.108 -13.027 -13.538 -13.689 -13.424 -12.475 -11.995 -11.419 -13.571
0.189444 -13.559 -13.715 -13.824 -13.965 -13.883 -13.706 -13.781 -13.959 -13.88 -13.698 -13.45 -13.124 -13.963 -13.831 -13.57 -13.328 -13.076 -13.821 -13.583 -13.341 -13.155 -13.074 -13.581 -13.731 -13.469 -12.525 -12.046 -11.471 -13.614
0.195173 -13.574 -13.735 -13.849 -13.998 -13.922 -13.749 -13.81 -13.994 -13.918 -13.741 -13.495 -13.171 -13.997 -13.871 -13.614 -13.375 -13.124 -13.862 -13.626 -13.387 -13.202 -13.121 -13.625 -13.773 -13.514 -12.575 -12.097 -11.522 -13.656
0.201076 -13.589 -13.754 -13.873 -14.032 -13.96 -13.791 -13.838 -14.028 -13.957 -13.783 -13.54 -13.219 -14.032 -13.91 -13.658 -13.421 -13.171 -13.902 -13.67 -13.433 -13.249 -13.167 -13.668 -13.815 -13.559 -12.624 -12.147 -11.574 -13.698
0.207158 -13.603 -13.773 -13.897 -14.065 -13.998 -13.833 -13.866 -14.062 -13.995 -13.825 -13.585 -13.266 -14.066 -13.95 -13.702 -13.466 -13.218 -13.942 -13.714 -13.479 -13.296 -13.214 -13.711 -13.856 -13.603 -12.674 -12.198 -11.626 -13.741
0.213423 -13.617 -13.792 -13.92 -14.098 -14.037 -13.875 -13.894 -14.096 -14.034 -13.867 -13.629 -13.313 -14.099 -13.99 -13.746 -13.512 -13.266 -13.982 -13.757 -13.524 -13.342 -13.26 -13.753 -13.897 -13.648 -12.724 -12.249 -11.677 -13.783
0.219878 -13.63 -13.81 -13.943 -14.131 -14.075 -13.917 -13.921 -14.13 -14.072 -13.909 -13.674 -13.36 -14.133 -14.029 -13.789 -13.558 -13.313 -14.022 -13.801 -13.57 -13.389 -13.307 -13.796 -13.938 -13.692 -12.773 -12.299 -11.729 -13.825
0.226528 -13.643 -13.827 -13.966 -14.164 -14.112 -13.959 -13.949 -14.163 -14.109 -13.951 -13.718 -13.406 -14.166 -14.068 -13.833 -13.603 -13.36 -14.061 -13.844 -13.615 -13.435 -13.353 -13.839 -13.979 -13.736 -12.822 -12.35 -11.781 -13.866
0.233379 -13.656 -13.844 -13.989 -14.196 -14.15 -14.0 -13.976 -14.197 -14.147 -13.993 -13.762 -13.453 -14.199 -14.107 -13.876 -13.649 -13.407 -14.1 -13.887 -13.66 -13.482 -13.399 -13.881 -14.02 -13.78 -12.872 -12.401 -11.832 -13.908
0.240437 -13.668 -13.861 -14.011 -14.228 -14.187 -14.041 -14.003 -14.229 -14.184 -14.034 -13.807 -13.5 -14.232 -14.146 -13.919 -13.694 -13.454 -14.14 -13.93 -13.705 -13.528 -13.446 -13.923 -14.06 -13.824 -12.921 -12.451 -11.884 -13.949
0.247709 -13.68 -13.877 -14.032 -14.259 -14.224 -14.082 -14.029 -14.262 -14.221 -14.075 -13.851 -13.546 -14.264 -14.184 -13.962 -13.74 -13.501 -14.178 -13.973 -13.75 -13.574 -13.492 -13.965 -14.101 -13.868 -12.97 -12.501 -11.935 -13.991
0.255201 -13.691 -13.893 -14.053 -14.291 -14.261 -14.123 -14.056 -14.294 -14.258 -14.116 -13.895 -13.593 -14.296 -14.222 -14.005 -13.785 -13.548 -14.217 -14.015 -13.795 -13.62 -13.538 -14.007 -14.141 -13.912 -13.019 -12.552 -11.986 -14.032
0.262919 -13.701 -13.908 -14.074 -14.322 -14.298 -14.164 -14.082 -14.326 -14.295 -14.157 -13.938 -13.639 -14.328 -14.26 -14.047 -13.83 -13.594 -14.256 -14.058 -13.84 -13.666 -13.584 -14.049 -14.181 -13.956 -13.068 -12.602 -12.038 -14.073
0.270871 -13.712 -13.923 -14.094 -14.352 -14.334 -14.205 -14.108 -14.358 -14.331 -14.198 -13.982 -13.685 -14.36 -14.298 -14.09 -13.874 -13.641 -14.294 -14.1 -13.885 -13.712 -13.63 -14.091 -14.22 -13.999 -13.117 -12.652 -12.089 -14.114
0.279064 -13.721 -13.937 -14.114 -14.383 -14.37 -14.245 -14.133 -14.389 -14.367 -14.238 -14.025 -13.731 -14.391 -14.336 -14.132 -13.919 -13.687 -14.332 -14.142 -13.929 -13.758 -13.676 -14.132 -14.26 -14.042 -13.166 -12.703 -12.14 -14.154
0.287504 -13.73 -13.95 -14.134 -14.413 -14.406 -14.286 -14.159 -14.42 -14.403 -14.279 -14.069 -13.777 -14.422 -14.373 -14.174 -13.964 -13.734 -14.37 -14.184 -13.974 -13.804 -13.722 -14.173 -14.3 -14.086 -13.215 -12.753 -12.192 -14.195
0.296199 -13.739 -13.964 -14.153 -14.443 -14.442 -14.326 -14.184 -14.451 -14.439 -14.319 -14.112 -13.823 -14.452 -14.41 -14.216 -14.008 -13.78 -14.408 -14.226 -14.018 -13.849 -13.768 -14.215 -14.339 -14.129 -13.264 -12.803 -12.243 -14.235
0.305157 -13.747 -13.976 -14.172 -14.472 -14.477 -14.365 -14.208 -14.482 -14.474 -14.359 -14.155 -13.869 -14.483 -14.447 -14.258 -14.053 -13.826 -14.445 -14.268 -14.062 -13.895 -13.813 -14.256 -14.378 -14.171 -13.312 -12.853 -12.294 -14.275
0.314387 -13.754 -13.988 -14.19 -14.501 -14.512 -14.405 -14.233 -14.512 -14.509 -14.398 -14.198 -13.914 -14.513 -14.484 -14.3 -14.097 -13.872 -14.483 -14.31 -14.107 -13.94 -13.859 -14.296 -14.417 -14.214 -13.361 -12.903 -12.345 -14.315
0.323895 -13.762 -14.0 -14.208 -14.53 -14.547 -14.445 -14.257 -14.542 -14.544 -14.438 -14.241 -13.96 -14.542 -14.521 -14.341 -14.141 -13.918 -14.52 -14.351 -14.15 -13.985 -13.904 -14.337 -14.455 -14.257 -13.41 -12.953 -12.396 -14.355
0.333691 -13.768 -14.011 -14.225 -14.558 -14.582 -14.484 -14.281 -14.571 -14.579 -14.477 -14.283 -14.005 -14.572 -14.557 -14.383 -14.185 -13.964 -14.557 -14.392 -14.194 -14.031 -13.95 -14.377 -14.494 -14.299 -13.458 -13.003 -12.447 -14.395
0.343783 -13.774 -14.021 -14.242 -14.586 -14.616 -14.523 -14.305 -14.6 -14.613 -14.516 -14.326 -14.051 -14.601 -14.593 -14.424 -14.229 -14.01 -14.593 -14.433 -14.238 -14.076 -13.995 -14.418 -14.532 -14.341 -13.506 -13.053 -12.498 -14.434
0.354181 -13.779 -14.031 -14.259 -14.614 -14.65 -14.562 -14.328 -14.629 -14.648 -14.555 -14.368 -14.096 -14.629 -14.629 -14.465 -14.272 -14.055 -14.629 -14.474 -14.282 -14.121 -14.04 -14.458 -14.57 -14.383 -13.555 -13.102 -12.549 -14.473
0.364893 -13.784 -14.041 -14.275 -14.642 -14.684 -14.6 -14.351 -14.658 -14.682 -14.594 -14.41 -14.141 -14.657 -14.664 -14.506 -14.316 -14.101 -14.666 -14.515 -14.325 -14.165 -14.086 -14.498 -14.608 -14.425 -13.603 -13.152 -12.6 -14.512
0.375929 -13.788 -14.049 -14.29 -14.669 -14.717 -14.639 -14.374 -14.686 -14.715 -14.633 -14.452 -14.186 -14.685 -14.7 -14.546 -14.359 -14.146 -14.702 -14.556 -14.368 -14.21 -14.131 -14.537 -14.645 -14.467 -13.651 -13.202 -12.651 -14.551
0.387298 -13.792 -14.058 -14.305 -14.695 -14.751 -14.677 -14.397 -14.714 -14.748 -14.671 -14.494 -14.231 -14.713 -14.735 -14.587 -14.403 -14.191 -14.737 -14.596 -14.411 -14.255 -14.176 -14.577 -14.682 -14.509 -13.699 -13.251 -12.702 -14.59
0.399012 -13.795 -14.065 -14.32 -14.722 -14.784 -14.715 -14.419 -14.741 -14.781 -14.709 -14.536 -14.275 -14.74 -14.769 -14.627 -14.446 -14.236 -14.773 -14.636 -14.454 -14.299 -14.221 -14.616 -14.719 -14.55 -13.747 -13.301 -12.753 -14.628
0.41108 -13.798 -14.072 -14.334 -14.747 -14.816 -14.753 -14.441 -14.768 -14.814 -14.747 -14.577 -14.32 -14.767 -14.804 -14.667 -14.489 -14.281 -14.808 -14.676 -14.497 -14.344 -14.265 -14.655 -14.756 -14.591 -13.795 -13.35 -12.803 -14.667
0.423513 -13.8 -14.079 -14.347 -14.773 -14.849 -14.791 -14.463 -14.795 -14.847 -14.785 -14.619 -14.364 -14.794 -14.838 -14.707 -14.531 -14.326 -14.843 -14.716 -14.54 -14.388 -14.31 -14.694 -14.793 -14.633 -13.843 -13.4 -12.854 -14.705
0.436321 -13.801 -14.085 -14.361 -14.798 -14.881 -14.828 -14.484 -14.821 -14.879 -14.822 -14.66 -14.409 -14.82 -14.872 -14.747 -14.574 -14.371 -14.877 -14.755 -14.582 -14.432 -14.355 -14.733 -14.829 -14.673 -13.891 -13.449 -12.905 -14.742
0.449518 -13.802 -14.09 -14.373 -14.823 -14.913 -14.865 -14.506 -14.847 -14.911 -14.859 -14.701 -14.453 -14.845 -14.906 -14.786 -14.616 -14.416 -14.912 -14.795 -14.625 -14.476 -14.399 -14.772 -14.866 -14.714 -13.938 -13.498 -12.955 -14.78
0.463113 -13.802 -14.094 -14.385 -14.847 -14.944 -14.902 -14.527 -14.873 -14.942 -14.896 -14.741 -14.497 -14.871 -14.939 -14.826 -14.659 -14.46 -14.946 -14.834 -14.667 -14.52 -14.444 -14.81 -14.901 -14.755 -13.986 -13.547 -13.006 -14.818
0.47712 -13.802 -14.098 -14.397 -14.871 -14.975 -14.938 -14.547 -14.898 -14.973 -14.933 -14.782 -14.541 -14.896 -14.972 -14.865 -14.701 -14.504 -14.98 -14.873 -14.709 -14.564 -14.488 -14.848 -14.937 -14.795 -14.033 -13.596 -13.056 -14.855
0.49155 -13.801 -14.102 -14.408 -14.895 -15.006 -14.975 -14.567 -14.923 -15.004 -14.97 -14.822 -14.584 -14.92 -15.005 -14.903 -14.743 -14.549 -15.013 -14.912 -14.751 -14.607 -14.532 -14.886 -14.973 -14.835 -14.08 -13.645 -13.107 -14.892
0.506416 -13.799 -14.104 -14.418 -14.918 -15.037 -15.011 -14.587 -14.947 -15.035 -15.006 -14.863 -14.628 -14.944 -15.038 -14.942 -14.785 -14.593 -15.046 -14.95 -14.793 -14.651 -14.576 -14.924 -15.008 -14.875 -14.128 -13.694 -13.157 -14.929
0.521733 -13.797 -14.106 -14.428 -14.94 -15.067 -15.047 -14.607 -14.971 -15.065 -15.042 -14.903 -14.671 -14.968 -15.07 -14.981 -14.826 -14.637 -15.079 -14.989 -14.834 -14.694 -14.62 -14.961 -15.043 -14.915 -14.175 -13.743 -13.207 -14.965
0.537512 -13.794 -14.107 -14.438 -14.962 -15.097 -15.082 -14.626 -14.995 -15.095 -15.078 -14.942 -14.715 -14.991 -15.102 -15.019 -14.868 -14.68 -15.112 -15.027 -14.876 -14.737 -14.664 -14.999 -15.077 -14.954 -14.222 -13.792 -13.257 -15.002
0.553769 -13.79 -14.108 -14.447 -14.984 -15.126 -15.118 -14.645 -15.018 -15.125 -15.113 -14.982 -14.758 -15.014 -15.133 -15.057 -14.909 -14.724 -15.144 -15.065 -14.917 -14.78 -14.708 -15.036 -15.112 -14.994 -14.269 -13.841 -13.308 -15.038
0.570517 -13.786 -14.108 -14.455 -15.006 -15.155 -15.153 -14.664 -15.041 -15.154 -15.148 -15.021 -14.801 -15.036 -15.165 -15.095 -14.95 -14.767 -15.176 -15.103 -14.958 -14.823 -14.751 -15.072 -15.146 -15.033 -14.316 -13.89 -13.358 -15.074
