web/models/kne.last_good/kappa_0.5_3.0.v1/32/villar_0.0012_0.0613_0.5000.dat
# %ECSV 1.0
# ---
# datatype:
# - {name: time, datatype: float64}
# - {name: swift_uvot_uvw2, datatype: float64}
# - {name: swift_uvot_uvm2, datatype: float64}
# - {name: swift_uvot_uvw1, datatype: float64}
# - {name: swift_uvot_U, datatype: float64}
# - {name: swift_uvot_B, datatype: float64}
# - {name: swift_uvot_V, datatype: float64}
# - {name: swift_uvot_W, datatype: float64}
# - {name: johnson_U, datatype: float64}
# - {name: johnson_B, datatype: float64}
# - {name: johnson_V, datatype: float64}
# - {name: johnson_R, datatype: float64}
# - {name: johnson_I, datatype: float64}
# - {name: sdss_u, datatype: float64}
# - {name: sdss_g, datatype: float64}
# - {name: sdss_r, datatype: float64}
# - {name: sdss_i, datatype: float64}
# - {name: sdss_z, datatype: float64}
# - {name: PS1_g, datatype: float64}
# - {name: PS1_r, datatype: float64}
# - {name: PS1_i, datatype: float64}
# - {name: PS1_z, datatype: float64}
# - {name: PS1_Y, datatype: float64}
# - {name: PS1_w, datatype: float64}
# - {name: ATLAS_c, datatype: float64}
# - {name: ATLAS_o, datatype: float64}
# - {name: ukirt_J, datatype: float64}
# - {name: ukirt_H, datatype: float64}
# - {name: ukirt_K, datatype: float64}
# - {name: Clear, datatype: float64}
# meta: !!omap
# - comment: [kappa = 0.5, type = villar, mass = 0.0012301715156502338, velocity = 0.06133333333333335, theta_obs = 0.0]
# schema: astropy-2.0
time swift_uvot_uvw2 swift_uvot_uvm2 swift_uvot_uvw1 swift_uvot_U swift_uvot_B swift_uvot_V swift_uvot_W johnson_U johnson_B johnson_V johnson_R johnson_I sdss_u sdss_g sdss_r sdss_i sdss_z PS1_g PS1_r PS1_i PS1_z PS1_Y PS1_w ATLAS_c ATLAS_o ukirt_J ukirt_H ukirt_K Clear
[from data line 153]
0.095467 -10.451 -10.571 -10.642 -10.708 -10.587 -10.382 -10.569 -10.696 -10.584 -10.373 -10.105 -9.761 -10.7 -10.525 -10.233 -9.975 -9.711 -10.513 -10.247 -9.99 -9.796 -9.717 -10.251 -10.413 -10.125 -9.143 -8.655 -8.072 -10.289
0.098355 -10.468 -10.592 -10.668 -10.742 -10.626 -10.424 -10.598 -10.731 -10.623 -10.416 -10.15 -9.808 -10.736 -10.565 -10.277 -10.021 -9.758 -10.554 -10.291 -10.035 -9.843 -9.764 -10.294 -10.455 -10.17 -9.193 -8.705 -8.123 -10.331
0.101329 -10.483 -10.612 -10.693 -10.777 -10.665 -10.467 -10.626 -10.766 -10.662 -10.458 -10.194 -9.855 -10.77 -10.605 -10.321 -10.067 -9.805 -10.594 -10.334 -10.081 -9.889 -9.81 -10.337 -10.496 -10.215 -9.242 -8.756 -8.175 -10.374
0.104394 -10.499 -10.632 -10.717 -10.81 -10.704 -10.509 -10.655 -10.8 -10.7 -10.501 -10.239 -9.902 -10.805 -10.645 -10.365 -10.112 -9.852 -10.634 -10.378 -10.126 -9.936 -9.856 -10.38 -10.538 -10.259 -9.291 -8.806 -8.226 -10.416
0.107551 -10.513 -10.651 -10.741 -10.844 -10.742 -10.551 -10.682 -10.835 -10.739 -10.542 -10.284 -9.949 -10.839 -10.685 -10.408 -10.158 -9.899 -10.674 -10.421 -10.172 -9.982 -9.901 -10.422 -10.579 -10.303 -9.34 -8.856 -8.277 -10.458
0.110804 -10.527 -10.67 -10.765 -10.877 -10.78 -10.592 -10.71 -10.869 -10.777 -10.584 -10.328 -9.995 -10.873 -10.724 -10.451 -10.203 -9.946 -10.713 -10.464 -10.217 -10.028 -9.947 -10.465 -10.62 -10.348 -9.389 -8.906 -8.328 -10.499
0.114155 -10.541 -10.688 -10.788 -10.909 -10.818 -10.634 -10.736 -10.902 -10.814 -10.626 -10.372 -10.042 -10.906 -10.763 -10.494 -10.248 -9.993 -10.753 -10.507 -10.262 -10.074 -9.993 -10.507 -10.66 -10.391 -9.438 -8.956 -8.379 -10.541
0.117608 -10.553 -10.706 -10.81 -10.941 -10.855 -10.675 -10.763 -10.935 -10.852 -10.667 -10.416 -10.088 -10.939 -10.801 -10.537 -10.293 -10.039 -10.792 -10.55 -10.306 -10.12 -10.038 -10.549 -10.701 -10.435 -9.487 -9.006 -8.43 -10.582
0.121165 -10.565 -10.722 -10.832 -10.973 -10.892 -10.716 -10.789 -10.968 -10.889 -10.708 -10.459 -10.134 -10.971 -10.84 -10.58 -10.338 -10.086 -10.83 -10.592 -10.351 -10.165 -10.084 -10.591 -10.741 -10.479 -9.535 -9.056 -8.481 -10.623
0.124829 -10.576 -10.738 -10.853 -11.004 -10.928 -10.756 -10.815 -11.0 -10.925 -10.748 -10.503 -10.18 -11.003 -10.878 -10.622 -10.383 -10.132 -10.869 -10.634 -10.395 -10.211 -10.129 -10.632 -10.78 -10.522 -9.584 -9.106 -8.532 -10.664
0.128605 -10.587 -10.754 -10.874 -11.035 -10.965 -10.797 -10.84 -11.032 -10.962 -10.789 -10.546 -10.225 -11.035 -10.915 -10.664 -10.427 -10.178 -10.907 -10.676 -10.439 -10.256 -10.174 -10.673 -10.82 -10.565 -9.632 -9.155 -8.582 -10.704
0.132494 -10.597 -10.768 -10.894 -11.066 -11.001 -10.837 -10.864 -11.063 -10.998 -10.829 -10.589 -10.271 -11.066 -10.953 -10.706 -10.471 -10.224 -10.945 -10.718 -10.483 -10.301 -10.219 -10.714 -10.859 -10.608 -9.68 -9.205 -8.633 -10.744
0.136502 -10.605 -10.782 -10.913 -11.096 -11.036 -10.876 -10.889 -11.094 -11.033 -10.869 -10.632 -10.316 -11.097 -10.99 -10.748 -10.515 -10.269 -10.982 -10.759 -10.527 -10.346 -10.264 -10.755 -10.898 -10.65 -9.728 -9.254 -8.683 -10.784
0.14063 -10.614 -10.795 -10.932 -11.125 -11.071 -10.916 -10.912 -11.124 -11.068 -10.908 -10.674 -10.361 -11.127 -11.026 -10.789 -10.559 -10.315 -11.019 -10.8 -10.571 -10.39 -10.308 -10.796 -10.937 -10.692 -9.776 -9.303 -8.733 -10.824
0.144883 -10.621 -10.807 -10.95 -11.154 -11.106 -10.955 -10.936 -11.154 -11.103 -10.947 -10.716 -10.406 -11.157 -11.063 -10.83 -10.602 -10.36 -11.056 -10.841 -10.614 -10.435 -10.353 -10.836 -10.975 -10.734 -9.824 -9.352 -8.783 -10.863
0.149265 -10.627 -10.819 -10.967 -11.182 -11.14 -10.994 -10.958 -11.184 -11.137 -10.986 -10.758 -10.451 -11.186 -11.098 -10.871 -10.646 -10.405 -11.092 -10.882 -10.657 -10.479 -10.397 -10.875 -11.013 -10.776 -9.871 -9.401 -8.833 -10.902
0.15378 -10.632 -10.829 -10.984 -11.21 -11.174 -11.032 -10.98 -11.212 -11.171 -11.025 -10.8 -10.495 -11.215 -11.134 -10.911 -10.689 -10.45 -11.128 -10.922 -10.7 -10.523 -10.441 -10.915 -11.05 -10.818 -9.919 -9.45 -8.883 -10.94
0.15843 -10.637 -10.839 -11.0 -11.237 -11.207 -11.07 -11.002 -11.241 -11.205 -11.063 -10.841 -10.539 -11.243 -11.169 -10.951 -10.731 -10.494 -11.164 -10.962 -10.742 -10.567 -10.485 -10.954 -11.087 -10.859 -9.966 -9.499 -8.933 -10.978
0.163222 -10.64 -10.847 -11.015 -11.264 -11.24 -11.108 -11.023 -11.268 -11.238 -11.1 -10.882 -10.583 -11.27 -11.203 -10.991 -10.774 -10.539 -11.199 -11.002 -10.784 -10.61 -10.528 -10.993 -11.124 -10.899 -10.013 -9.547 -8.983 -11.016
0.168159 -10.643 -10.855 -11.029 -11.29 -11.273 -11.145 -11.043 -11.295 -11.27 -11.138 -10.923 -10.627 -11.297 -11.237 -11.03 -10.816 -10.583 -11.233 -11.041 -10.826 -10.654 -10.572 -11.031 -11.16 -10.94 -10.06 -9.595 -9.032 -11.054
0.173245 -10.644 -10.862 -11.042 -11.315 -11.305 -11.182 -11.063 -11.322 -11.302 -11.175 -10.963 -10.67 -11.323 -11.271 -11.069 -10.857 -10.626 -11.268 -11.08 -10.868 -10.697 -10.615 -11.069 -11.196 -10.98 -10.106 -9.643 -9.082 -11.091
0.178484 -10.644 -10.867 -11.054 -11.339 -11.336 -11.218 -11.082 -11.348 -11.333 -11.211 -11.003 -10.713 -11.349 -11.304 -11.108 -10.899 -10.67 -11.301 -11.118 -10.909 -10.739 -10.658 -11.107 -11.232 -11.02 -10.153 -9.691 -9.131 -11.127
0.183882 -10.643 -10.872 -11.066 -11.363 -11.367 -11.254 -11.101 -11.373 -11.364 -11.247 -11.043 -10.756 -11.374 -11.337 -11.146 -10.94 -10.713 -11.334 -11.156 -10.95 -10.782 -10.7 -11.144 -11.266 -11.059 -10.199 -9.739 -9.18 -11.164
0.189444 -10.641 -10.875 -11.076 -11.386 -11.397 -11.289 -11.118 -11.397 -11.394 -11.283 -11.082 -10.798 -11.398 -11.369 -11.184 -10.981 -10.756 -11.367 -11.194 -10.99 -10.824 -10.743 -11.181 -11.301 -11.098 -10.245 -9.786 -9.229 -11.199
0.195173 -10.638 -10.877 -11.085 -11.409 -11.426 -11.324 -11.135 -11.42 -11.424 -11.318 -11.121 -10.84 -11.421 -11.4 -11.221 -11.021 -10.798 -11.399 -11.231 -11.031 -10.866 -10.785 -11.217 -11.335 -11.137 -10.29 -9.834 -9.277 -11.235
0.201076 -10.633 -10.877 -11.094 -11.43 -11.455 -11.359 -11.151 -11.443 -11.453 -11.352 -11.159 -10.882 -11.443 -11.431 -11.258 -11.061 -10.841 -11.431 -11.268 -11.07 -10.907 -10.826 -11.253 -11.368 -11.175 -10.335 -9.881 -9.326 -11.269
0.207158 -10.627 -10.877 -11.101 -11.451 -11.483 -11.392 -11.167 -11.465 -11.481 -11.386 -11.197 -10.923 -11.465 -11.461 -11.295 -11.101 -10.882 -11.461 -11.304 -11.11 -10.948 -10.868 -11.288 -11.401 -11.213 -10.381 -9.927 -9.374 -11.304
0.213423 -10.619 -10.875 -11.107 -11.47 -11.511 -11.426 -11.181 -11.486 -11.508 -11.419 -11.235 -10.964 -11.486 -11.49 -11.33 -11.14 -10.924 -11.492 -11.34 -11.149 -10.989 -10.909 -11.323 -11.433 -11.25 -10.425 -9.974 -9.422 -11.337
0.219878 -10.61 -10.871 -11.111 -11.489 -11.537 -11.458 -11.195 -11.506 -11.535 -11.452 -11.271 -11.005 -11.506 -11.519 -11.366 -11.178 -10.965 -11.521 -11.375 -11.187 -11.029 -10.95 -11.357 -11.465 -11.286 -10.47 -10.02 -9.47 -11.371
0.226528 -10.6 -10.866 -11.115 -11.507 -11.563 -11.49 -11.208 -11.525 -11.561 -11.484 -11.308 -11.045 -11.524 -11.547 -11.4 -11.217 -11.006 -11.55 -11.409 -11.225 -11.069 -10.99 -11.39 -11.495 -11.323 -10.514 -10.066 -9.517 -11.403
0.233379 -10.587 -10.859 -11.116 -11.523 -11.588 -11.522 -11.219 -11.543 -11.586 -11.516 -11.344 -11.085 -11.542 -11.574 -11.435 -11.254 -11.046 -11.578 -11.443 -11.263 -11.108 -11.03 -11.423 -11.526 -11.358 -10.558 -10.112 -9.564 -11.435
0.240437 -10.573 -10.851 -11.117 -11.539 -11.612 -11.552 -11.23 -11.56 -11.61 -11.546 -11.379 -11.124 -11.559 -11.601 -11.468 -11.291 -11.086 -11.605 -11.477 -11.3 -11.147 -11.069 -11.456 -11.555 -11.393 -10.601 -10.157 -9.611 -11.466
0.247709 -10.557 -10.84 -11.116 -11.553 -11.635 -11.582 -11.239 -11.576 -11.633 -11.576 -11.414 -11.162 -11.574 -11.626 -11.501 -11.328 -11.125 -11.632 -11.51 -11.336 -11.186 -11.109 -11.487 -11.584 -11.427 -10.644 -10.203 -9.658 -11.497
0.255201 -10.539 -10.828 -11.113 -11.566 -11.658 -11.611 -11.248 -11.591 -11.656 -11.606 -11.448 -11.201 -11.589 -11.651 -11.533 -11.364 -11.164 -11.657 -11.542 -11.372 -11.224 -11.147 -11.518 -11.611 -11.461 -10.687 -10.247 -9.705 -11.526
0.262919 -10.52 -10.814 -11.109 -11.578 -11.679 -11.639 -11.255 -11.604 -11.677 -11.634 -11.481 -11.238 -11.602 -11.675 -11.564 -11.399 -11.202 -11.682 -11.573 -11.407 -11.261 -11.185 -11.548 -11.638 -11.494 -10.729 -10.292 -9.751 -11.555
0.270871 -10.498 -10.798 -11.103 -11.588 -11.699 -11.667 -11.261 -11.616 -11.697 -11.661 -11.514 -11.275 -11.613 -11.697 -11.595 -11.434 -11.239 -11.705 -11.603 -11.442 -11.298 -11.223 -11.578 -11.664 -11.526 -10.771 -10.336 -9.797 -11.584
0.279064 -10.473 -10.779 -11.095 -11.597 -11.718 -11.693 -11.266 -11.627 -11.716 -11.688 -11.546 -11.312 -11.624 -11.719 -11.625 -11.468 -11.276 -11.728 -11.633 -11.476 -11.334 -11.26 -11.606 -11.69 -11.558 -10.812 -10.379 -9.842 -11.611
0.287504 -10.447 -10.758 -11.085 -11.604 -11.735 -11.718 -11.269 -11.636 -11.733 -11.713 -11.577 -11.347 -11.632 -11.739 -11.654 -11.501 -11.313 -11.749 -11.662 -11.509 -11.37 -11.296 -11.634 -11.714 -11.589 -10.853 -10.422 -9.887 -11.637
0.296199 -10.417 -10.735 -11.073 -11.61 -11.751 -11.743 -11.271 -11.644 -11.75 -11.738 -11.607 -11.382 -11.64 -11.758 -11.682 -11.534 -11.348 -11.769 -11.69 -11.542 -11.405 -11.332 -11.66 -11.737 -11.619 -10.893 -10.465 -9.932 -11.663
0.305157 -10.386 -10.709 -11.059 -11.614 -11.766 -11.766 -11.271 -11.649 -11.765 -11.761 -11.636 -11.417 -11.645 -11.776 -11.709 -11.565 -11.383 -11.788 -11.717 -11.573 -11.439 -11.367 -11.686 -11.758 -11.647 -10.933 -10.507 -9.976 -11.687
0.314387 -10.351 -10.68 -11.042 -11.616 -11.78 -11.788 -11.27 -11.653 -11.779 -11.784 -11.664 -11.45 -11.649 -11.793 -11.734 -11.596 -11.418 -11.806 -11.742 -11.604 -11.472 -11.402 -11.711 -11.779 -11.675 -10.972 -10.549 -10.02 -11.71
0.323895 -10.313 -10.648 -11.023 -11.616 -11.792 -11.809 -11.267 -11.656 -11.791 -11.805 -11.692 -11.483 -11.65 -11.808 -11.759 -11.626 -11.451 -11.822 -11.767 -11.634 -11.505 -11.436 -11.734 -11.798 -11.702 -11.011 -10.59 -10.063 -11.732
0.333691 -10.273 -10.613 -11.001 -11.614 -11.802 -11.828 -11.262 -11.656 -11.801 -11.824 -11.718 -11.515 -11.65 -11.821 -11.783 -11.655 -11.484 -11.837 -11.791 -11.662 -11.537 -11.468 -11.756 -11.816 -11.728 -11.048 -10.631 -10.106 -11.753
0.343783 -10.229 -10.574 -10.976 -11.61 -11.81 -11.846 -11.255 -11.654 -11.809 -11.842 -11.743 -11.546 -11.648 -11.833 -11.805 -11.682 -11.515 -11.851 -11.813 -11.69 -11.567 -11.501 -11.777 -11.833 -11.753 -11.086 -10.671 -10.149 -11.773
0.354181 -10.181 -10.532 -10.948 -11.603 -11.817 -11.863 -11.247 -11.65 -11.816 -11.859 -11.767 -11.575 -11.643 -11.844 -11.826 -11.709 -11.546 -11.862 -11.834 -11.717 -11.597 -11.532 -11.797 -11.848 -11.776 -11.122 -10.71 -10.191 -11.791
0.364893 -10.13 -10.487 -10.918 -11.594 -11.822 -11.878 -11.236 -11.643 -11.821 -11.874 -11.789 -11.604 -11.636 -11.852 -11.846 -11.735 -11.576 -11.872 -11.854 -11.742 -11.626 -11.562 -11.815 -11.861 -11.798 -11.157 -10.749 -10.232 -11.808
0.375929 -10.075 -10.437 -10.883 -11.582 -11.824 -11.891 -11.222 -11.634 -11.824 -11.888 -11.81 -11.632 -11.626 -11.858 -11.864 -11.759 -11.604 -11.88 -11.872 -11.766 -11.653 -11.591 -11.832 -11.872 -11.819 -11.192 -10.787 -10.272 -11.823
0.387298 -10.016 -10.383 -10.846 -11.568 -11.824 -11.902 -11.207 -11.622 -11.824 -11.899 -11.83 -11.658 -11.613 -11.862 -11.88 -11.782 -11.632 -11.886 -11.888 -11.789 -11.68 -11.619 -11.847 -11.882 -11.838 -11.226 -10.824 -10.312 -11.836
0.399012 -9.952 -10.324 -10.804 -11.55 -11.822 -11.912 -11.189 -11.607 -11.822 -11.909 -11.848 -11.684 -11.597 -11.864 -11.895 -11.803 -11.658 -11.889 -11.903 -11.811 -11.705 -11.646 -11.86 -11.89 -11.856 -11.259 -10.861 -10.352 -11.848
0.41108 -9.884 -10.26 -10.758 -11.529 -11.817 -11.919 -11.168 -11.589 -11.817 -11.917 -11.865 -11.707 -11.579 -11.864 -11.908 -11.823 -11.683 -11.89 -11.916 -11.83 -11.729 -11.672 -11.871 -11.895 -11.872 -11.291 -10.896 -10.39 -11.858
0.423513 -9.81 -10.191 -10.708 -11.505 -11.809 -11.924 -11.144 -11.567 -11.81 -11.922 -11.879 -11.73 -11.556 -11.861 -11.919 -11.841 -11.706 -11.889 -11.927 -11.849 -11.751 -11.697 -11.881 -11.898 -11.886 -11.321 -10.931 -10.428 -11.866
0.436321 -9.732 -10.117 -10.653 -11.477 -11.799 -11.927 -11.117 -11.542 -11.799 -11.925 -11.892 -11.751 -11.53 -11.855 -11.928 -11.857 -11.728 -11.885 -11.935 -11.865 -11.772 -11.72 -11.888 -11.899 -11.898 -11.351 -10.965 -10.465 -11.871
0.449518 -9.648 -10.036 -10.593 -11.444 -11.785 -11.927 -11.087 -11.513 -11.786 -11.925 -11.903 -11.77 -11.501 -11.846 -11.934 -11.872 -11.748 -11.879 -11.942 -11.88 -11.791 -11.741 -11.893 -11.897 -11.908 -11.379 -10.997 -10.501 -11.875
0.463113 -9.558 -9.949 -10.528 -11.408 -11.768 -11.924 -11.053 -11.48 -11.769 -11.923 -11.911 -11.787 -11.466 -11.835 -11.938 -11.884 -11.767 -11.869 -11.946 -11.892 -11.809 -11.761 -11.896 -11.892 -11.915 -11.407 -11.029 -10.537 -11.876
0.47712 -9.461 -9.855 -10.457 -11.367 -11.747 -11.918 -11.016 -11.442 -11.748 -11.918 -11.917 -11.802 -11.428 -11.819 -11.94 -11.895 -11.783 -11.856 -11.948 -11.903 -11.824 -11.779 -11.896 -11.885 -11.921 -11.432 -11.059 -10.571 -11.874
0.49155 -9.358 -9.753 -10.38 -11.32 -11.722 -11.91 -10.975 -11.4 -11.723 -11.909 -11.921 -11.816 -11.384 -11.8 -11.938 -11.903 -11.798 -11.839 -11.946 -11.911 -11.838 -11.796 -11.893 -11.874 -11.923 -11.456 -11.088 -10.604 -11.869
0.506416 -9.248 -9.643 -10.297 -11.269 -11.692 -11.897 -10.929 -11.352 -11.694 -11.898 -11.921 -11.827 -11.336 -11.777 -11.934 -11.908 -11.811 -11.819 -11.942 -11.916 -11.849 -11.81 -11.887 -11.859 -11.923 -11.479 -11.116 -10.636 -11.862
0.521733 -9.131 -9.525 -10.206 -11.212 -11.658 -11.881 -10.879 -11.299 -11.661 -11.882 -11.919 -11.836 -11.281 -11.75 -11.926 -11.911 -11.821 -11.794 -11.934 -11.919 -11.858 -11.822 -11.878 -11.841 -11.92 -11.499 -11.143 -10.667 -11.851
0.537512 -9.006 -9.397 -10.108 -11.148 -11.619 -11.861 -10.825 -11.24 -11.622 -11.863 -11.914 -11.842 -11.221 -11.718 -11.915 -11.911 -11.829 -11.765 -11.923 -11.919 -11.864 -11.832 -11.865 -11.819 -11.914 -11.518 -11.167 -10.696 -11.837
0.553769 -8.873 -9.26 -10.001 -11.077 -11.575 -11.837 -10.765 -11.174 -11.578 -11.839 -11.905 -11.845 -11.153 -11.681 -11.9 -11.907 -11.834 -11.732 -11.909 -11.916 -11.868 -11.84 -11.849 -11.792 -11.904 -11.535 -11.19 -10.724 -11.819
0.570517 -8.731 -9.111 -9.886 -11.0 -11.525 -11.808 -10.699 -11.101 -11.529 -11.811 -11.892 -11.846 -11.079 -11.639 -11.881 -11.901 -11.836 -11.693 -11.89 -11.91 -11.868 -11.844 -11.829 -11.761 -11.891 -11.55 -11.212 -10.751 -11.797
0.587772 -8.58 -8.951 -9.762 -10.914 -11.468 -11.774 -10.628 -11.021 -11.473 -11.777 -11.876 -11.843 -10.997 -11.591 -11.857 -11.89 -11.835 -11.648 -11.866 -11.899 -11.866 -11.846 -11.804 -11.724 -11.873 -11.562 -11.231 -10.776 -11.771
0.605549 -8.42 -8.778 -9.627 -10.82 -11.405 -11.734 -10.55 -10.932 -11.41 -11.738 -11.855 -11.837 -10.906 -11.537 -11.829 -11.876 -11.83 -11.598 -11.838 -11.885 -11.86 -11.845 -11.775 -11.682 -11.851 -11.572 -11.249 -10.799 -11.74
0.623863 -8.25 -8.591 -9.481 -10.716 -11.334 -11.689 -10.466 -10.834 -11.34 -11.693 -11.829 -11.827 -10.807 -11.475 -11.795 -11.857 -11.822 -11.54 -11.805 -11.867 -11.85 -11.841 -11.74 -11.634 -11.824 -11.579 -11.264 -10.821 -11.704
0.642731 -8.07 -8.389 -9.323 -10.602 -11.255 -11.636 -10.374 -10.726 -11.262 -11.642 -11.798 -11.813 -10.697 -11.407 -11.756 -11.833 -11.81 -11.476 -11.766 -11.844 -11.836 -11.832 -11.7 -11.579 -11.792 -11.583 -11.277 -10.841 -11.662
0.66217 -7.881 -8.171 -9.153 -10.477 -11.168 -11.577 -10.274 -10.608 -11.175 -11.584 -11.762 -11.794 -10.576 -11.33 -11.71 -11.805 -11.794 -11.404 -11.721 -11.815 -11.818 -11.82 -11.654 -11.517 -11.754 -11.584 -11.287 -10.858 -11.615
0.682197 -7.682 -7.935 -8.968 -10.34 -11.07 -11.51 -10.166 -10.478 -11.078 -11.518 -11.719 -11.771 -10.444 -11.244 -11.658 -11.77 -11.773 -11.323 -11.669 -11.782 -11.795 -11.804 -11.602 -11.448 -11.711 -11.582 -11.294 -10.874 -11.561
