web/models/kne.last_good/kappa_0.5_3.0.v1/32/villar_0.5000_0.2650_0.5000.dat
# %ECSV 1.0
# ---
# datatype:
# - {name: time, datatype: float64}
# - {name: swift_uvot_uvw2, datatype: float64}
# - {name: swift_uvot_uvm2, datatype: float64}
# - {name: swift_uvot_uvw1, datatype: float64}
# - {name: swift_uvot_U, datatype: float64}
# - {name: swift_uvot_B, datatype: float64}
# - {name: swift_uvot_V, datatype: float64}
# - {name: swift_uvot_W, datatype: float64}
# - {name: johnson_U, datatype: float64}
# - {name: johnson_B, datatype: float64}
# - {name: johnson_V, datatype: float64}
# - {name: johnson_R, datatype: float64}
# - {name: johnson_I, datatype: float64}
# - {name: sdss_u, datatype: float64}
# - {name: sdss_g, datatype: float64}
# - {name: sdss_r, datatype: float64}
# - {name: sdss_i, datatype: float64}
# - {name: sdss_z, datatype: float64}
# - {name: PS1_g, datatype: float64}
# - {name: PS1_r, datatype: float64}
# - {name: PS1_i, datatype: float64}
# - {name: PS1_z, datatype: float64}
# - {name: PS1_Y, datatype: float64}
# - {name: PS1_w, datatype: float64}
# - {name: ATLAS_c, datatype: float64}
# - {name: ATLAS_o, datatype: float64}
# - {name: ukirt_J, datatype: float64}
# - {name: ukirt_H, datatype: float64}
# - {name: ukirt_K, datatype: float64}
# - {name: Clear, datatype: float64}
# meta: !!omap
# - comment: [kappa = 0.5, type = villar, mass = 0.5000000000045836, velocity = 0.265, theta_obs = 0.0]
# schema: astropy-2.0
time swift_uvot_uvw2 swift_uvot_uvm2 swift_uvot_uvw1 swift_uvot_U swift_uvot_B swift_uvot_V swift_uvot_W johnson_U johnson_B johnson_V johnson_R johnson_I sdss_u sdss_g sdss_r sdss_i sdss_z PS1_g PS1_r PS1_i PS1_z PS1_Y PS1_w ATLAS_c ATLAS_o ukirt_J ukirt_H ukirt_K Clear
[from data line 211]
0.537512 -15.379 -15.664 -15.944 -16.389 -16.475 -16.425 -16.073 -16.413 -16.473 -16.42 -16.259 -16.01 -16.411 -16.468 -16.346 -16.174 -15.973 -16.473 -16.354 -16.183 -16.033 -15.956 -16.331 -16.426 -16.273 -15.494 -15.053 -14.51 -16.34
0.553769 -15.376 -15.666 -15.954 -16.411 -16.505 -16.461 -16.092 -16.437 -16.503 -16.455 -16.299 -16.053 -16.434 -16.5 -16.384 -16.216 -16.016 -16.506 -16.392 -16.224 -16.076 -16.0 -16.369 -16.461 -16.312 -15.541 -15.102 -14.559 -16.377
0.570517 -15.373 -15.668 -15.963 -16.433 -16.535 -16.496 -16.111 -16.46 -16.533 -16.491 -16.339 -16.096 -16.458 -16.531 -16.422 -16.257 -16.06 -16.538 -16.43 -16.265 -16.119 -16.043 -16.406 -16.495 -16.352 -15.587 -15.15 -14.609 -16.413
0.587772 -15.369 -15.668 -15.972 -16.455 -16.564 -16.531 -16.129 -16.483 -16.563 -16.526 -16.378 -16.139 -16.48 -16.563 -16.459 -16.298 -16.103 -16.571 -16.468 -16.306 -16.162 -16.086 -16.442 -16.529 -16.391 -15.634 -15.198 -14.659 -16.448
0.605549 -15.364 -15.668 -15.98 -16.476 -16.593 -16.566 -16.147 -16.505 -16.592 -16.561 -16.417 -16.181 -16.502 -16.594 -16.497 -16.339 -16.146 -16.602 -16.505 -16.347 -16.204 -16.129 -16.479 -16.563 -16.429 -15.68 -15.246 -14.709 -16.484
0.623863 -15.358 -15.667 -15.987 -16.497 -16.622 -16.601 -16.164 -16.527 -16.62 -16.596 -16.456 -16.224 -16.524 -16.624 -16.534 -16.379 -16.189 -16.634 -16.542 -16.387 -16.246 -16.172 -16.515 -16.597 -16.468 -15.726 -15.295 -14.758 -16.519
0.642731 -15.352 -15.665 -15.994 -16.517 -16.65 -16.635 -16.181 -16.549 -16.648 -16.63 -16.494 -16.266 -16.545 -16.655 -16.571 -16.419 -16.231 -16.665 -16.579 -16.427 -16.288 -16.215 -16.551 -16.63 -16.506 -15.773 -15.343 -14.808 -16.554
0.66217 -15.345 -15.662 -16.0 -16.536 -16.677 -16.669 -16.197 -16.57 -16.676 -16.664 -16.532 -16.308 -16.566 -16.684 -16.607 -16.459 -16.274 -16.695 -16.615 -16.467 -16.33 -16.258 -16.586 -16.662 -16.544 -15.819 -15.39 -14.857 -16.588
0.682197 -15.336 -15.658 -16.005 -16.555 -16.705 -16.702 -16.214 -16.59 -16.703 -16.697 -16.57 -16.35 -16.586 -16.714 -16.643 -16.499 -16.316 -16.726 -16.651 -16.507 -16.372 -16.3 -16.621 -16.695 -16.582 -15.864 -15.438 -14.906 -16.623
0.70283 -15.327 -15.653 -16.009 -16.573 -16.731 -16.735 -16.229 -16.61 -16.73 -16.73 -16.608 -16.391 -16.605 -16.743 -16.679 -16.538 -16.358 -16.755 -16.687 -16.546 -16.413 -16.342 -16.656 -16.727 -16.619 -15.91 -15.486 -14.955 -16.657
0.724086 -15.318 -15.648 -16.013 -16.591 -16.758 -16.768 -16.244 -16.629 -16.756 -16.763 -16.645 -16.432 -16.624 -16.771 -16.715 -16.578 -16.4 -16.785 -16.723 -16.585 -16.455 -16.384 -16.691 -16.758 -16.656 -15.956 -15.533 -15.005 -16.69
0.745986 -15.307 -15.641 -16.015 -16.608 -16.783 -16.8 -16.259 -16.648 -16.782 -16.796 -16.683 -16.474 -16.642 -16.799 -16.75 -16.617 -16.442 -16.814 -16.758 -16.624 -16.496 -16.426 -16.725 -16.789 -16.693 -16.001 -15.581 -15.054 -16.723
0.768548 -15.295 -15.634 -16.017 -16.624 -16.809 -16.832 -16.273 -16.666 -16.807 -16.828 -16.719 -16.514 -16.66 -16.827 -16.785 -16.655 -16.483 -16.842 -16.793 -16.663 -16.536 -16.468 -16.759 -16.82 -16.73 -16.046 -15.628 -15.102 -16.756
0.791792 -15.283 -15.625 -16.019 -16.64 -16.833 -16.863 -16.287 -16.683 -16.832 -16.859 -16.756 -16.555 -16.677 -16.854 -16.82 -16.694 -16.524 -16.87 -16.828 -16.701 -16.577 -16.509 -16.793 -16.851 -16.766 -16.091 -15.675 -15.151 -16.789
0.815739 -15.269 -15.616 -16.019 -16.655 -16.857 -16.894 -16.301 -16.7 -16.856 -16.891 -16.792 -16.595 -16.693 -16.881 -16.854 -16.732 -16.565 -16.898 -16.862 -16.74 -16.617 -16.551 -16.826 -16.881 -16.802 -16.136 -15.722 -15.2 -16.821
0.840411 -15.255 -15.605 -16.018 -16.67 -16.881 -16.925 -16.313 -16.716 -16.88 -16.922 -16.828 -16.635 -16.709 -16.907 -16.888 -16.77 -16.606 -16.925 -16.896 -16.777 -16.657 -16.592 -16.859 -16.91 -16.837 -16.181 -15.769 -15.249 -16.853
0.865828 -15.239 -15.593 -16.017 -16.683 -16.904 -16.955 -16.326 -16.731 -16.904 -16.952 -16.863 -16.675 -16.724 -16.933 -16.921 -16.807 -16.646 -16.952 -16.929 -16.815 -16.697 -16.632 -16.891 -16.939 -16.873 -16.225 -15.816 -15.297 -16.885
0.892015 -15.223 -15.581 -16.015 -16.696 -16.927 -16.985 -16.337 -16.746 -16.926 -16.982 -16.899 -16.715 -16.738 -16.958 -16.954 -16.845 -16.687 -16.978 -16.962 -16.852 -16.737 -16.673 -16.923 -16.968 -16.907 -16.27 -15.862 -15.345 -16.916
0.918993 -15.205 -15.567 -16.012 -16.709 -16.949 -17.015 -16.349 -16.76 -16.948 -17.011 -16.933 -16.754 -16.752 -16.983 -16.987 -16.881 -16.726 -17.004 -16.995 -16.889 -16.776 -16.713 -16.955 -16.996 -16.942 -16.314 -15.908 -15.394 -16.946
0.946787 -15.187 -15.552 -16.008 -16.72 -16.97 -17.044 -16.359 -16.773 -16.97 -17.04 -16.968 -16.793 -16.764 -17.007 -17.019 -16.918 -16.766 -17.029 -17.027 -16.926 -16.815 -16.754 -16.986 -17.024 -16.976 -16.358 -15.955 -15.442 -16.977
0.975422 -15.167 -15.535 -16.003 -16.731 -16.991 -17.072 -16.37 -16.785 -16.991 -17.069 -17.002 -16.832 -16.776 -17.03 -17.051 -16.954 -16.805 -17.054 -17.059 -16.962 -16.853 -16.793 -17.017 -17.051 -17.01 -16.402 -16.001 -15.49 -17.007
1.004923 -15.146 -15.518 -15.996 -16.741 -17.011 -17.1 -16.379 -16.797 -17.011 -17.097 -17.036 -16.87 -16.788 -17.053 -17.083 -16.99 -16.845 -17.078 -17.09 -16.998 -16.892 -16.833 -17.048 -17.078 -17.043 -16.445 -16.047 -15.537 -17.036
1.035317 -15.124 -15.499 -15.989 -16.75 -17.031 -17.127 -16.388 -16.808 -17.031 -17.125 -17.069 -16.908 -16.798 -17.076 -17.114 -17.026 -16.883 -17.101 -17.121 -17.033 -16.93 -16.872 -17.078 -17.104 -17.076 -16.488 -16.092 -15.585 -17.065
1.066629 -15.102 -15.479 -15.981 -16.758 -17.049 -17.154 -16.397 -16.818 -17.049 -17.152 -17.102 -16.946 -16.808 -17.097 -17.144 -17.061 -16.922 -17.124 -17.152 -17.068 -16.968 -16.911 -17.107 -17.13 -17.109 -16.531 -16.138 -15.633 -17.094
1.098888 -15.077 -15.458 -15.972 -16.765 -17.068 -17.18 -16.404 -16.827 -17.068 -17.178 -17.134 -16.984 -16.816 -17.118 -17.174 -17.096 -16.96 -17.147 -17.182 -17.103 -17.005 -16.95 -17.137 -17.155 -17.141 -16.574 -16.183 -15.68 -17.122
1.132124 -15.052 -15.435 -15.962 -16.772 -17.085 -17.206 -16.411 -16.836 -17.085 -17.204 -17.166 -17.021 -16.824 -17.139 -17.204 -17.13 -16.998 -17.168 -17.212 -17.138 -17.042 -16.989 -17.165 -17.18 -17.172 -16.617 -16.229 -15.727 -17.149
1.166364 -15.026 -15.411 -15.95 -16.777 -17.102 -17.231 -16.418 -16.843 -17.102 -17.23 -17.198 -17.058 -16.831 -17.159 -17.233 -17.164 -17.035 -17.189 -17.241 -17.172 -17.079 -17.027 -17.193 -17.203 -17.204 -16.659 -16.274 -15.774 -17.176
1.20164 -14.998 -15.385 -15.938 -16.782 -17.118 -17.256 -16.424 -16.85 -17.118 -17.255 -17.229 -17.094 -16.837 -17.178 -17.262 -17.197 -17.072 -17.21 -17.269 -17.205 -17.116 -17.065 -17.221 -17.227 -17.234 -16.701 -16.318 -15.821 -17.203
1.237983 -14.969 -15.358 -15.924 -16.785 -17.133 -17.28 -16.429 -16.855 -17.133 -17.279 -17.26 -17.13 -16.842 -17.196 -17.29 -17.231 -17.109 -17.229 -17.297 -17.238 -17.152 -17.102 -17.248 -17.25 -17.265 -16.743 -16.363 -15.868 -17.229
1.275425 -14.939 -15.33 -15.909 -16.788 -17.147 -17.303 -16.433 -16.86 -17.148 -17.302 -17.29 -17.166 -16.846 -17.214 -17.317 -17.263 -17.145 -17.248 -17.325 -17.271 -17.187 -17.14 -17.275 -17.272 -17.294 -16.785 -16.407 -15.915 -17.255
1.313999 -14.907 -15.3 -15.893 -16.789 -17.161 -17.326 -16.437 -16.863 -17.162 -17.325 -17.32 -17.201 -16.849 -17.231 -17.344 -17.295 -17.181 -17.266 -17.352 -17.303 -17.223 -17.176 -17.301 -17.293 -17.323 -16.826 -16.451 -15.961 -17.28
1.35374 -14.874 -15.268 -15.875 -16.79 -17.173 -17.348 -16.44 -16.866 -17.174 -17.347 -17.349 -17.236 -16.851 -17.247 -17.37 -17.327 -17.217 -17.284 -17.378 -17.335 -17.257 -17.213 -17.326 -17.314 -17.352 -16.867 -16.495 -16.007 -17.304
1.394683 -14.84 -15.234 -15.856 -16.789 -17.185 -17.369 -16.442 -16.867 -17.186 -17.369 -17.377 -17.27 -16.852 -17.262 -17.396 -17.358 -17.252 -17.301 -17.404 -17.366 -17.292 -17.249 -17.351 -17.334 -17.38 -16.908 -16.539 -16.054 -17.328
1.436864 -14.804 -15.199 -15.836 -16.787 -17.196 -17.39 -16.443 -16.868 -17.197 -17.39 -17.405 -17.304 -16.852 -17.276 -17.421 -17.389 -17.287 -17.317 -17.429 -17.397 -17.326 -17.285 -17.375 -17.353 -17.408 -16.948 -16.583 -16.099 -17.351
1.480321 -14.767 -15.162 -15.814 -16.784 -17.206 -17.409 -16.444 -16.867 -17.207 -17.41 -17.433 -17.338 -16.85 -17.29 -17.446 -17.419 -17.321 -17.332 -17.454 -17.427 -17.359 -17.32 -17.399 -17.372 -17.435 -16.989 -16.626 -16.145 -17.374
1.525092 -14.728 -15.123 -15.79 -16.779 -17.214 -17.428 -16.443 -16.865 -17.216 -17.429 -17.459 -17.371 -16.847 -17.303 -17.469 -17.449 -17.355 -17.346 -17.477 -17.457 -17.392 -17.355 -17.422 -17.389 -17.461 -17.028 -16.669 -16.19 -17.396
1.571218 -14.688 -15.082 -15.766 -16.774 -17.222 -17.447 -16.442 -16.861 -17.225 -17.448 -17.485 -17.403 -16.843 -17.314 -17.492 -17.478 -17.388 -17.359 -17.5 -17.486 -17.425 -17.39 -17.444 -17.406 -17.487 -17.068 -16.711 -16.236 -17.417
1.618738 -14.647 -15.039 -15.739 -16.766 -17.229 -17.464 -16.44 -16.857 -17.232 -17.465 -17.511 -17.435 -16.838 -17.325 -17.514 -17.506 -17.421 -17.371 -17.523 -17.514 -17.457 -17.424 -17.465 -17.422 -17.512 -17.107 -16.754 -16.281 -17.437
1.667696 -14.604 -14.994 -15.711 -16.758 -17.235 -17.48 -16.437 -16.851 -17.237 -17.482 -17.536 -17.466 -16.831 -17.335 -17.536 -17.534 -17.453 -17.383 -17.544 -17.542 -17.489 -17.457 -17.486 -17.437 -17.536 -17.145 -16.796 -16.325 -17.457
1.718134 -14.559 -14.947 -15.681 -16.748 -17.239 -17.496 -16.433 -16.843 -17.242 -17.498 -17.56 -17.497 -16.823 -17.343 -17.557 -17.561 -17.485 -17.393 -17.565 -17.57 -17.519 -17.49 -17.506 -17.452 -17.56 -17.184 -16.837 -16.37 -17.476
1.770098 -14.513 -14.898 -15.65 -16.737 -17.242 -17.51 -16.427 -16.835 -17.246 -17.513 -17.583 -17.528 -16.814 -17.351 -17.577 -17.587 -17.516 -17.402 -17.585 -17.596 -17.55 -17.523 -17.525 -17.465 -17.582 -17.222 -16.879 -16.414 -17.495
1.823633 -14.465 -14.846 -15.616 -16.724 -17.244 -17.524 -16.421 -16.824 -17.248 -17.527 -17.606 -17.557 -16.802 -17.357 -17.595 -17.613 -17.547 -17.41 -17.604 -17.622 -17.58 -17.555 -17.543 -17.477 -17.604 -17.259 -16.92 -16.458 -17.512
1.878788 -14.415 -14.792 -15.581 -16.709 -17.245 -17.537 -16.414 -16.812 -17.249 -17.539 -17.627 -17.586 -16.79 -17.362 -17.614 -17.638 -17.577 -17.417 -17.622 -17.647 -17.609 -17.587 -17.561 -17.488 -17.626 -17.296 -16.961 -16.502 -17.529
1.93561 -14.364 -14.736 -15.544 -16.693 -17.245 -17.548 -16.405 -16.799 -17.249 -17.551 -17.648 -17.615 -16.775 -17.366 -17.631 -17.662 -17.606 -17.423 -17.64 -17.672 -17.637 -17.617 -17.577 -17.498 -17.646 -17.333 -17.001 -16.545 -17.544
1.994152 -14.311 -14.677 -15.504 -16.675 -17.243 -17.558 -16.396 -16.784 -17.247 -17.562 -17.668 -17.642 -16.759 -17.369 -17.647 -17.686 -17.635 -17.428 -17.656 -17.695 -17.665 -17.648 -17.593 -17.507 -17.665 -17.369 -17.041 -16.588 -17.559
2.054463 -14.256 -14.615 -15.463 -16.655 -17.239 -17.568 -16.385 -16.766 -17.244 -17.572 -17.688 -17.669 -16.741 -17.37 -17.662 -17.708 -17.663 -17.431 -17.671 -17.718 -17.692 -17.677 -17.608 -17.515 -17.684 -17.404 -17.08 -16.631 -17.573
2.116599 -14.2 -14.55 -15.419 -16.633 -17.234 -17.575 -16.372 -16.748 -17.239 -17.58 -17.706 -17.696 -16.721 -17.37 -17.676 -17.73 -17.69 -17.433 -17.686 -17.74 -17.719 -17.706 -17.621 -17.522 -17.701 -17.439 -17.12 -16.674 -17.586
2.180614 -14.141 -14.482 -15.373 -16.609 -17.227 -17.582 -16.359 -16.727 -17.233 -17.587 -17.723 -17.721 -16.699 -17.369 -17.689 -17.751 -17.717 -17.434 -17.699 -17.761 -17.744 -17.735 -17.634 -17.527 -17.718 -17.474 -17.158 -16.716 -17.597
2.246566 -14.081 -14.412 -15.325 -16.583 -17.219 -17.587 -16.344 -16.704 -17.225 -17.593 -17.739 -17.746 -16.675 -17.365 -17.701 -17.771 -17.742 -17.433 -17.711 -17.781 -17.769 -17.762 -17.645 -17.531 -17.734 -17.507 -17.197 -16.757 -17.608
2.314511 -14.02 -14.337 -15.274 -16.555 -17.209 -17.591 -16.327 -16.679 -17.215 -17.597 -17.754 -17.769 -16.649 -17.361 -17.711 -17.789 -17.767 -17.43 -17.721 -17.8 -17.793 -17.789 -17.656 -17.534 -17.748 -17.541 -17.234 -16.799 -17.618
2.384512 -13.956 -14.26 -15.22 -16.524 -17.197 -17.594 -16.309 -16.652 -17.204 -17.6 -17.768 -17.792 -16.621 -17.354 -17.721 -17.807 -17.791 -17.426 -17.731 -17.818 -17.816 -17.815 -17.665 -17.535 -17.761 -17.573 -17.272 -16.84 -17.626
2.45663 -13.891 -14.179 -15.164 -16.491 -17.183 -17.594 -16.289 -16.622 -17.19 -17.601 -17.781 -17.814 -16.59 -17.346 -17.728 -17.824 -17.814 -17.421 -17.739 -17.835 -17.838 -17.84 -17.672 -17.535 -17.773 -17.605 -17.308 -16.88 -17.633
2.530929 -13.824 -14.094 -15.104 -16.456 -17.167 -17.594 -16.268 -16.59 -17.175 -17.601 -17.792 -17.835 -16.557 -17.336 -17.735 -17.839 -17.836 -17.413 -17.746 -17.85 -17.859 -17.864 -17.679 -17.532 -17.784 -17.637 -17.344 -16.92 -17.639
2.607475 -13.755 -14.006 -15.042 -16.417 -17.149 -17.591 -16.245 -16.555 -17.157 -17.599 -17.802 -17.855 -16.521 -17.324 -17.74 -17.853 -17.857 -17.404 -17.751 -17.865 -17.879 -17.888 -17.684 -17.529 -17.793 -17.667 -17.38 -16.96 -17.643
2.686337 -13.685 -13.913 -14.977 -16.376 -17.129 -17.587 -16.219 -16.518 -17.138 -17.595 -17.811 -17.873 -16.482 -17.31 -17.743 -17.866 -17.877 -17.392 -17.755 -17.878 -17.898 -17.91 -17.687 -17.523 -17.801 -17.697 -17.415 -16.999 -17.646
2.767583 -13.613 -13.816 -14.908 -16.332 -17.106 -17.581 -16.192 -16.478 -17.115 -17.59 -17.818 -17.891 -16.441 -17.293 -17.745 -17.878 -17.896 -17.379 -17.757 -17.89 -17.915 -17.931 -17.689 -17.516 -17.807 -17.726 -17.449 -17.038 -17.648
2.851287 -13.539 -13.714 -14.836 -16.285 -17.081 -17.572 -16.163 -16.434 -17.091 -17.582 -17.823 -17.907 -16.396 -17.275 -17.745 -17.888 -17.913 -17.363 -17.757 -17.9 -17.932 -17.952 -17.689 -17.506 -17.812 -17.754 -17.483 -17.076 -17.648
2.937522 -13.465 -13.608 -14.76 -16.235 -17.053 -17.562 -16.132 -16.388 -17.064 -17.572 -17.827 -17.922 -16.348 -17.254 -17.743 -17.897 -17.93 -17.345 -17.755 -17.909 -17.947 -17.971 -17.688 -17.495 -17.815 -17.781 -17.516 -17.113 -17.646
3.026365 -13.388 -13.497 -14.681 -16.181 -17.023 -17.549 -16.098 -16.338 -17.034 -17.56 -17.83 -17.936 -16.297 -17.23 -17.739 -17.904 -17.945 -17.325 -17.752 -17.917 -17.961 -17.989 -17.685 -17.481 -17.817 -17.807 -17.548 -17.15 -17.643
3.117896 -13.311 -13.38 -14.597 -16.123 -16.989 -17.534 -16.062 -16.285 -17.001 -17.546 -17.83 -17.948 -16.242 -17.204 -17.733 -17.909 -17.958 -17.302 -17.746 -17.922 -17.973 -18.005 -17.679 -17.465 -17.816 -17.832 -17.579 -17.186 -17.637
3.212194 -13.233 -13.258 -14.51 -16.062 -16.952 -17.517 -16.023 -16.228 -16.965 -17.529 -17.828 -17.958 -16.183 -17.175 -17.725 -17.913 -17.97 -17.276 -17.739 -17.926 -17.984 -18.02 -17.672 -17.446 -17.814 -17.856 -17.61 -17.222 -17.63
3.309345 -13.154 -13.129 -14.418 -15.996 -16.912 -17.496 -15.982 -16.167 -16.925 -17.51 -17.825 -17.967 -16.12 -17.143 -17.714 -17.914 -17.981 -17.247 -17.729 -17.928 -17.993 -18.034 -17.663 -17.425 -17.809 -17.879 -17.639 -17.257 -17.621
3.409434 -13.074 -12.995 -14.321 -15.926 -16.869 -17.473 -15.937 -16.101 -16.883 -17.488 -17.819 -17.974 -16.053 -17.107 -17.702 -17.914 -17.989 -17.216 -17.716 -17.928 -18.0 -18.046 -17.651 -17.401 -17.802 -17.901 -17.668 -17.291 -17.609
3.51255 -12.994 -12.854 -14.219 -15.851 -16.822 -17.447 -15.89 -16.032 -16.836 -17.463 -17.811 -17.98 -15.981 -17.068 -17.686 -17.911 -17.996 -17.181 -17.701 -17.926 -18.006 -18.057 -17.637 -17.374 -17.793 -17.922 -17.696 -17.324 -17.595
3.618785 -12.914 -12.705 -14.112 -15.772 -16.771 -17.418 -15.839 -15.957 -16.786 -17.434 -17.8 -17.983 -15.905 -17.026 -17.668 -17.906 -18.001 -17.143 -17.683 -17.921 -18.009 -18.065 -17.62 -17.344 -17.781 -17.941 -17.722 -17.356 -17.579
3.728232 -12.835 -12.55 -14.0 -15.687 -16.715 -17.385 -15.785 -15.877 -16.732 -17.403 -17.787 -17.984 -15.823 -16.98 -17.646 -17.899 -18.004 -17.101 -17.663 -17.914 -18.011 -18.072 -17.6 -17.311 -17.767 -17.958 -17.747 -17.388 -17.56
3.84099 -12.755 -12.386 -13.882 -15.596 -16.655 -17.349 -15.728 -15.792 -16.673 -17.367 -17.771 -17.983 -15.736 -16.929 -17.622 -17.889 -18.005 -17.055 -17.639 -17.905 -18.01 -18.077 -17.578 -17.274 -17.75 -17.974 -17.772 -17.418 -17.539
