web/models/kne.last_good/kappa_0.5_3.0.v1/32/villar_0.5000_0.0457_3.0000.dat
# %ECSV 1.0
# ---
# datatype:
# - {name: time, datatype: float64}
# - {name: swift_uvot_uvw2, datatype: float64}
# - {name: swift_uvot_uvm2, datatype: float64}
# - {name: swift_uvot_uvw1, datatype: float64}
# - {name: swift_uvot_U, datatype: float64}
# - {name: swift_uvot_B, datatype: float64}
# - {name: swift_uvot_V, datatype: float64}
# - {name: swift_uvot_W, datatype: float64}
# - {name: johnson_U, datatype: float64}
# - {name: johnson_B, datatype: float64}
# - {name: johnson_V, datatype: float64}
# - {name: johnson_R, datatype: float64}
# - {name: johnson_I, datatype: float64}
# - {name: sdss_u, datatype: float64}
# - {name: sdss_g, datatype: float64}
# - {name: sdss_r, datatype: float64}
# - {name: sdss_i, datatype: float64}
# - {name: sdss_z, datatype: float64}
# - {name: PS1_g, datatype: float64}
# - {name: PS1_r, datatype: float64}
# - {name: PS1_i, datatype: float64}
# - {name: PS1_z, datatype: float64}
# - {name: PS1_Y, datatype: float64}
# - {name: PS1_w, datatype: float64}
# - {name: ATLAS_c, datatype: float64}
# - {name: ATLAS_o, datatype: float64}
# - {name: ukirt_J, datatype: float64}
# - {name: ukirt_H, datatype: float64}
# - {name: ukirt_K, datatype: float64}
# - {name: Clear, datatype: float64}
# meta: !!omap
# - comment: [kappa = 3.0, type = villar, mass = 0.5000000000045836, velocity = 0.04566666666666669, theta_obs = 0.0]
# schema: astropy-2.0
time swift_uvot_uvw2 swift_uvot_uvm2 swift_uvot_uvw1 swift_uvot_U swift_uvot_B swift_uvot_V swift_uvot_W johnson_U johnson_B johnson_V johnson_R johnson_I sdss_u sdss_g sdss_r sdss_i sdss_z PS1_g PS1_r PS1_i PS1_z PS1_Y PS1_w ATLAS_c ATLAS_o ukirt_J ukirt_H ukirt_K Clear
[from data line 219]
0.682197 -14.12 -14.235 -14.303 -14.362 -14.238 -14.029 -14.228 -14.349 -14.234 -14.021 -13.75 -13.405 -14.354 -14.174 -13.879 -13.62 -13.354 -14.162 -13.893 -13.635 -13.441 -13.362 -13.897 -14.061 -13.771 -12.785 -12.296 -11.713 -13.936
0.70283 -14.137 -14.257 -14.33 -14.397 -14.277 -14.072 -14.257 -14.385 -14.274 -14.064 -13.796 -13.453 -14.39 -14.215 -13.924 -13.666 -13.402 -14.203 -13.938 -13.681 -13.488 -13.409 -13.941 -14.103 -13.816 -12.835 -12.347 -11.764 -13.979
0.724086 -14.154 -14.279 -14.356 -14.432 -14.317 -14.115 -14.287 -14.421 -14.313 -14.107 -13.841 -13.5 -14.425 -14.256 -13.968 -13.712 -13.45 -14.244 -13.982 -13.727 -13.534 -13.455 -13.985 -14.145 -13.861 -12.885 -12.397 -11.816 -14.022
0.745986 -14.171 -14.3 -14.381 -14.467 -14.356 -14.158 -14.316 -14.456 -14.353 -14.15 -13.886 -13.547 -14.461 -14.296 -14.012 -13.758 -13.497 -14.285 -14.026 -13.773 -13.581 -13.501 -14.028 -14.187 -13.906 -12.934 -12.448 -11.867 -14.065
0.768548 -14.187 -14.321 -14.407 -14.501 -14.395 -14.2 -14.344 -14.491 -14.392 -14.192 -13.931 -13.595 -14.496 -14.337 -14.056 -13.805 -13.545 -14.325 -14.07 -13.818 -13.628 -13.548 -14.072 -14.229 -13.951 -12.984 -12.499 -11.919 -14.107
0.791792 -14.203 -14.341 -14.431 -14.535 -14.434 -14.243 -14.373 -14.526 -14.431 -14.235 -13.976 -13.642 -14.53 -14.377 -14.1 -13.85 -13.592 -14.366 -14.113 -13.864 -13.675 -13.594 -14.115 -14.271 -13.996 -13.033 -12.549 -11.97 -14.15
0.815739 -14.218 -14.361 -14.456 -14.569 -14.472 -14.285 -14.401 -14.561 -14.469 -14.277 -14.021 -13.689 -14.565 -14.416 -14.144 -13.896 -13.639 -14.406 -14.157 -13.91 -13.721 -13.64 -14.158 -14.312 -14.04 -13.082 -12.6 -12.022 -14.192
0.840411 -14.233 -14.381 -14.48 -14.602 -14.511 -14.327 -14.429 -14.595 -14.508 -14.319 -14.065 -13.735 -14.599 -14.456 -14.188 -13.942 -13.687 -14.446 -14.2 -13.955 -13.767 -13.686 -14.201 -14.354 -14.085 -13.132 -12.65 -12.073 -14.234
0.865828 -14.247 -14.399 -14.504 -14.635 -14.549 -14.369 -14.457 -14.629 -14.546 -14.361 -14.11 -13.782 -14.633 -14.496 -14.231 -13.988 -13.734 -14.486 -14.244 -14.001 -13.814 -13.733 -14.243 -14.395 -14.129 -13.181 -12.701 -12.124 -14.276
0.892015 -14.261 -14.418 -14.527 -14.668 -14.587 -14.411 -14.484 -14.663 -14.584 -14.403 -14.154 -13.829 -14.667 -14.535 -14.275 -14.033 -13.781 -14.526 -14.287 -14.046 -13.86 -13.779 -14.286 -14.436 -14.174 -13.23 -12.751 -12.176 -14.318
0.918993 -14.274 -14.436 -14.55 -14.701 -14.625 -14.452 -14.511 -14.696 -14.622 -14.444 -14.199 -13.875 -14.7 -14.574 -14.318 -14.078 -13.828 -14.565 -14.33 -14.091 -13.906 -13.825 -14.328 -14.476 -14.218 -13.279 -12.801 -12.227 -14.36
0.946787 -14.287 -14.453 -14.573 -14.733 -14.662 -14.494 -14.538 -14.73 -14.659 -14.486 -14.243 -13.922 -14.733 -14.613 -14.361 -14.124 -13.874 -14.604 -14.373 -14.136 -13.952 -13.87 -14.37 -14.517 -14.262 -13.328 -12.851 -12.278 -14.401
0.975422 -14.299 -14.47 -14.595 -14.765 -14.699 -14.535 -14.565 -14.763 -14.696 -14.527 -14.287 -13.968 -14.766 -14.651 -14.404 -14.169 -13.921 -14.643 -14.416 -14.181 -13.998 -13.916 -14.412 -14.557 -14.305 -13.377 -12.901 -12.329 -14.442
1.004923 -14.311 -14.487 -14.617 -14.797 -14.736 -14.576 -14.591 -14.795 -14.733 -14.568 -14.331 -14.015 -14.798 -14.69 -14.447 -14.214 -13.968 -14.682 -14.458 -14.226 -14.044 -13.962 -14.454 -14.598 -14.349 -13.426 -12.952 -12.38 -14.483
1.035317 -14.322 -14.503 -14.638 -14.828 -14.773 -14.617 -14.617 -14.827 -14.77 -14.609 -14.374 -14.061 -14.83 -14.728 -14.489 -14.259 -14.014 -14.721 -14.501 -14.27 -14.09 -14.008 -14.496 -14.638 -14.393 -13.475 -13.002 -12.431 -14.524
1.066629 -14.333 -14.518 -14.659 -14.859 -14.81 -14.657 -14.643 -14.859 -14.807 -14.65 -14.418 -14.107 -14.862 -14.766 -14.532 -14.303 -14.061 -14.759 -14.543 -14.315 -14.136 -14.053 -14.538 -14.677 -14.436 -13.524 -13.052 -12.482 -14.565
1.098888 -14.343 -14.533 -14.679 -14.89 -14.846 -14.698 -14.668 -14.891 -14.843 -14.69 -14.461 -14.153 -14.894 -14.804 -14.574 -14.348 -14.107 -14.797 -14.585 -14.359 -14.181 -14.099 -14.579 -14.717 -14.479 -13.572 -13.101 -12.533 -14.606
1.132124 -14.353 -14.547 -14.699 -14.92 -14.882 -14.738 -14.693 -14.922 -14.879 -14.731 -14.504 -14.198 -14.925 -14.841 -14.616 -14.392 -14.153 -14.835 -14.627 -14.404 -14.226 -14.144 -14.62 -14.756 -14.522 -13.621 -13.151 -12.584 -14.646
1.166364 -14.362 -14.561 -14.719 -14.95 -14.918 -14.778 -14.718 -14.954 -14.915 -14.771 -14.547 -14.244 -14.956 -14.878 -14.658 -14.437 -14.199 -14.873 -14.669 -14.448 -14.272 -14.19 -14.661 -14.796 -14.565 -13.669 -13.201 -12.635 -14.686
1.20164 -14.37 -14.574 -14.738 -14.98 -14.953 -14.818 -14.743 -14.984 -14.95 -14.811 -14.59 -14.29 -14.986 -14.915 -14.7 -14.481 -14.245 -14.91 -14.71 -14.492 -14.317 -14.235 -14.702 -14.835 -14.608 -13.718 -13.251 -12.686 -14.726
1.237983 -14.378 -14.587 -14.756 -15.009 -14.988 -14.857 -14.767 -15.015 -14.986 -14.85 -14.633 -14.335 -15.016 -14.952 -14.741 -14.525 -14.291 -14.948 -14.752 -14.535 -14.362 -14.28 -14.743 -14.873 -14.65 -13.766 -13.3 -12.737 -14.766
1.275425 -14.385 -14.599 -14.774 -15.038 -15.023 -14.897 -14.791 -15.045 -15.021 -14.89 -14.676 -14.38 -15.046 -14.989 -14.783 -14.569 -14.336 -14.985 -14.793 -14.579 -14.407 -14.325 -14.783 -14.912 -14.693 -13.814 -13.35 -12.787 -14.806
1.313999 -14.392 -14.611 -14.792 -15.067 -15.058 -14.936 -14.814 -15.074 -15.055 -14.929 -14.718 -14.425 -15.076 -15.025 -14.824 -14.613 -14.382 -15.021 -14.834 -14.623 -14.452 -14.37 -14.824 -14.95 -14.735 -13.862 -13.4 -12.838 -14.845
1.35374 -14.398 -14.622 -14.809 -15.095 -15.092 -14.975 -14.838 -15.104 -15.09 -14.968 -14.76 -14.47 -15.105 -15.061 -14.865 -14.656 -14.427 -15.058 -14.875 -14.666 -14.497 -14.415 -14.864 -14.988 -14.777 -13.91 -13.449 -12.889 -14.884
1.394683 -14.404 -14.632 -14.826 -15.123 -15.126 -15.014 -14.861 -15.132 -15.124 -15.007 -14.802 -14.515 -15.134 -15.096 -14.906 -14.7 -14.473 -15.094 -14.916 -14.709 -14.541 -14.46 -14.903 -15.026 -14.819 -13.958 -13.498 -12.939 -14.923
1.436864 -14.409 -14.641 -14.842 -15.151 -15.16 -15.052 -14.883 -15.161 -15.158 -15.045 -14.844 -14.56 -15.162 -15.132 -14.946 -14.743 -14.518 -15.13 -14.956 -14.753 -14.586 -14.505 -14.943 -15.064 -14.861 -14.006 -13.548 -12.99 -14.962
1.480321 -14.413 -14.651 -14.857 -15.178 -15.194 -15.09 -14.906 -15.189 -15.191 -15.084 -14.886 -14.605 -15.19 -15.167 -14.987 -14.786 -14.563 -15.166 -14.997 -14.796 -14.63 -14.549 -14.983 -15.101 -14.902 -14.054 -13.597 -13.04 -15.001
1.525092 -14.417 -14.659 -14.872 -15.204 -15.227 -15.128 -14.928 -15.217 -15.224 -15.122 -14.928 -14.649 -15.217 -15.202 -15.027 -14.829 -14.608 -15.201 -15.037 -14.838 -14.674 -14.594 -15.022 -15.138 -14.943 -14.101 -13.646 -13.09 -15.039
1.571218 -14.42 -14.667 -14.887 -15.231 -15.26 -15.166 -14.949 -15.244 -15.257 -15.16 -14.969 -14.693 -15.245 -15.236 -15.067 -14.872 -14.652 -15.237 -15.076 -14.881 -14.718 -14.638 -15.061 -15.175 -14.984 -14.149 -13.695 -13.141 -15.077
1.618738 -14.422 -14.674 -14.901 -15.256 -15.292 -15.204 -14.971 -15.271 -15.29 -15.197 -15.01 -14.738 -15.271 -15.271 -15.107 -14.914 -14.697 -15.272 -15.116 -14.923 -14.762 -14.682 -15.1 -15.212 -15.025 -14.196 -13.744 -13.191 -15.115
1.667696 -14.424 -14.68 -14.914 -15.282 -15.324 -15.241 -14.992 -15.298 -15.322 -15.235 -15.051 -14.782 -15.298 -15.305 -15.146 -14.957 -14.742 -15.306 -15.156 -14.966 -14.806 -14.726 -15.138 -15.248 -15.066 -14.244 -13.793 -13.241 -15.153
1.718134 -14.425 -14.686 -14.927 -15.307 -15.356 -15.278 -15.012 -15.324 -15.354 -15.272 -15.092 -14.826 -15.324 -15.338 -15.186 -14.999 -14.786 -15.34 -15.195 -15.008 -14.85 -14.77 -15.177 -15.284 -15.107 -14.291 -13.842 -13.291 -15.19
1.770098 -14.425 -14.691 -14.94 -15.331 -15.388 -15.315 -15.032 -15.35 -15.385 -15.309 -15.132 -14.869 -15.349 -15.372 -15.225 -15.041 -14.83 -15.375 -15.234 -15.05 -14.893 -14.814 -15.215 -15.32 -15.147 -14.338 -13.891 -13.341 -15.228
1.823633 -14.425 -14.696 -14.951 -15.355 -15.419 -15.351 -15.052 -15.375 -15.417 -15.345 -15.173 -14.913 -15.374 -15.405 -15.264 -15.083 -14.874 -15.408 -15.273 -15.092 -14.937 -14.858 -15.253 -15.355 -15.187 -14.385 -13.939 -13.391 -15.265
1.878788 -14.424 -14.699 -14.962 -15.379 -15.45 -15.388 -15.072 -15.4 -15.448 -15.382 -15.213 -14.956 -15.399 -15.438 -15.302 -15.125 -14.918 -15.442 -15.311 -15.133 -14.98 -14.902 -15.29 -15.391 -15.227 -14.432 -13.988 -13.441 -15.301
1.93561 -14.422 -14.702 -14.973 -15.402 -15.48 -15.424 -15.091 -15.425 -15.478 -15.418 -15.253 -14.999 -15.423 -15.47 -15.341 -15.166 -14.962 -15.475 -15.35 -15.174 -15.023 -14.945 -15.328 -15.426 -15.267 -14.479 -14.036 -13.491 -15.338
1.994152 -14.419 -14.704 -14.983 -15.425 -15.51 -15.459 -15.11 -15.449 -15.508 -15.454 -15.292 -15.043 -15.447 -15.502 -15.379 -15.207 -15.005 -15.508 -15.388 -15.216 -15.066 -14.989 -15.365 -15.46 -15.306 -14.526 -14.085 -13.541 -15.374
2.054463 -14.416 -14.706 -14.992 -15.447 -15.54 -15.495 -15.128 -15.472 -15.538 -15.489 -15.332 -15.085 -15.47 -15.534 -15.417 -15.248 -15.048 -15.54 -15.425 -15.257 -15.109 -15.032 -15.402 -15.495 -15.345 -14.572 -14.133 -13.591 -15.41
2.116599 -14.412 -14.706 -15.001 -15.469 -15.569 -15.53 -15.146 -15.495 -15.567 -15.524 -15.371 -15.128 -15.493 -15.565 -15.455 -15.289 -15.092 -15.572 -15.463 -15.297 -15.151 -15.075 -15.439 -15.529 -15.384 -14.619 -14.181 -13.64 -15.446
2.180614 -14.407 -14.706 -15.009 -15.49 -15.598 -15.564 -15.164 -15.518 -15.596 -15.559 -15.41 -15.171 -15.515 -15.596 -15.492 -15.33 -15.135 -15.604 -15.5 -15.338 -15.194 -15.118 -15.475 -15.563 -15.423 -14.665 -14.229 -13.69 -15.481
2.246566 -14.402 -14.705 -15.016 -15.511 -15.627 -15.599 -15.182 -15.54 -15.625 -15.594 -15.449 -15.213 -15.537 -15.627 -15.529 -15.37 -15.177 -15.635 -15.537 -15.378 -15.236 -15.161 -15.511 -15.596 -15.462 -14.711 -14.277 -13.739 -15.516
2.314511 -14.396 -14.704 -15.023 -15.531 -15.655 -15.633 -15.198 -15.561 -15.653 -15.628 -15.487 -15.255 -15.558 -15.657 -15.566 -15.411 -15.22 -15.666 -15.574 -15.419 -15.278 -15.204 -15.547 -15.629 -15.5 -14.757 -14.325 -13.789 -15.551
2.384512 -14.389 -14.701 -15.029 -15.55 -15.683 -15.667 -15.215 -15.582 -15.681 -15.662 -15.526 -15.297 -15.579 -15.687 -15.602 -15.451 -15.263 -15.697 -15.611 -15.459 -15.32 -15.246 -15.583 -15.662 -15.538 -14.803 -14.373 -13.838 -15.586
2.45663 -14.381 -14.698 -15.034 -15.57 -15.71 -15.7 -15.231 -15.603 -15.708 -15.696 -15.564 -15.339 -15.599 -15.717 -15.639 -15.49 -15.305 -15.728 -15.647 -15.498 -15.361 -15.289 -15.618 -15.694 -15.576 -14.849 -14.421 -13.887 -15.62
2.530929 -14.372 -14.693 -15.039 -15.588 -15.737 -15.734 -15.247 -15.623 -15.735 -15.729 -15.602 -15.38 -15.619 -15.746 -15.675 -15.53 -15.347 -15.758 -15.683 -15.538 -15.403 -15.331 -15.653 -15.726 -15.613 -14.895 -14.468 -13.936 -15.654
2.607475 -14.363 -14.688 -15.043 -15.606 -15.763 -15.766 -15.262 -15.642 -15.762 -15.762 -15.639 -15.422 -15.638 -15.774 -15.711 -15.569 -15.389 -15.787 -15.719 -15.577 -15.444 -15.373 -15.688 -15.758 -15.65 -14.94 -14.516 -13.985 -15.688
2.686337 -14.352 -14.682 -15.046 -15.623 -15.789 -15.799 -15.277 -15.661 -15.788 -15.794 -15.676 -15.463 -15.656 -15.803 -15.746 -15.608 -15.431 -15.816 -15.754 -15.616 -15.485 -15.415 -15.722 -15.79 -15.687 -14.986 -14.563 -14.034 -15.721
2.767583 -14.341 -14.675 -15.049 -15.64 -15.815 -15.831 -15.291 -15.68 -15.814 -15.827 -15.713 -15.504 -15.674 -15.831 -15.781 -15.647 -15.472 -15.845 -15.789 -15.655 -15.526 -15.457 -15.756 -15.821 -15.724 -15.031 -14.611 -14.083 -15.754
2.851287 -14.329 -14.667 -15.05 -15.656 -15.84 -15.863 -15.306 -15.697 -15.839 -15.859 -15.75 -15.545 -15.692 -15.858 -15.816 -15.686 -15.513 -15.874 -15.824 -15.693 -15.567 -15.498 -15.79 -15.851 -15.76 -15.076 -14.658 -14.132 -15.787
2.937522 -14.316 -14.658 -15.051 -15.672 -15.864 -15.894 -15.319 -15.715 -15.863 -15.89 -15.786 -15.585 -15.709 -15.885 -15.85 -15.724 -15.554 -15.901 -15.858 -15.732 -15.607 -15.539 -15.823 -15.882 -15.796 -15.121 -14.705 -14.181 -15.82
3.026365 -14.302 -14.649 -15.052 -15.687 -15.889 -15.925 -15.332 -15.731 -15.888 -15.921 -15.822 -15.625 -15.725 -15.912 -15.884 -15.762 -15.595 -15.929 -15.892 -15.77 -15.647 -15.581 -15.856 -15.911 -15.832 -15.166 -14.752 -14.23 -15.852
3.117896 -14.288 -14.638 -15.051 -15.701 -15.912 -15.956 -15.345 -15.747 -15.911 -15.952 -15.858 -15.666 -15.74 -15.938 -15.918 -15.8 -15.636 -15.956 -15.926 -15.808 -15.687 -15.622 -15.889 -15.941 -15.868 -15.211 -14.798 -14.278 -15.884
3.212194 -14.272 -14.626 -15.05 -15.715 -15.935 -15.986 -15.357 -15.762 -15.934 -15.983 -15.894 -15.705 -15.755 -15.964 -15.952 -15.837 -15.676 -15.983 -15.959 -15.845 -15.727 -15.662 -15.922 -15.97 -15.903 -15.255 -14.845 -14.327 -15.915
3.309345 -14.256 -14.614 -15.047 -15.728 -15.958 -16.016 -15.369 -15.777 -15.957 -16.012 -15.929 -15.745 -15.77 -15.989 -15.985 -15.875 -15.717 -16.009 -15.993 -15.882 -15.767 -15.703 -15.954 -15.999 -15.938 -15.299 -14.892 -14.375 -15.946
3.409434 -14.238 -14.6 -15.044 -15.74 -15.98 -16.045 -15.38 -15.791 -15.979 -16.042 -15.964 -15.784 -15.783 -16.014 -16.018 -15.912 -15.757 -16.035 -16.025 -15.919 -15.806 -15.743 -15.986 -16.027 -15.972 -15.344 -14.938 -14.423 -15.977
3.51255 -14.22 -14.585 -15.04 -15.752 -16.001 -16.074 -15.391 -15.805 -16.001 -16.071 -15.998 -15.823 -15.796 -16.038 -16.05 -15.948 -15.796 -16.06 -16.058 -15.956 -15.845 -15.784 -16.017 -16.055 -16.006 -15.388 -14.984 -14.471 -16.007
3.618785 -14.201 -14.569 -15.036 -15.763 -16.022 -16.103 -15.402 -15.817 -16.022 -16.1 -16.033 -15.862 -15.808 -16.061 -16.082 -15.985 -15.836 -16.085 -16.09 -15.992 -15.884 -15.824 -16.048 -16.082 -16.04 -15.431 -15.031 -14.519 -16.037
3.728232 -14.181 -14.552 -15.03 -15.773 -16.043 -16.131 -15.412 -15.829 -16.043 -16.128 -16.066 -15.901 -15.82 -16.085 -16.114 -16.021 -15.875 -16.109 -16.121 -16.028 -15.922 -15.863 -16.079 -16.109 -16.074 -15.475 -15.077 -14.567 -16.067
3.84099 -14.16 -14.534 -15.023 -15.783 -16.063 -16.159 -15.421 -15.841 -16.063 -16.156 -16.1 -15.939 -15.831 -16.107 -16.145 -16.056 -15.914 -16.133 -16.153 -16.064 -15.961 -15.903 -16.109 -16.136 -16.107 -15.519 -15.122 -14.615 -16.096
3.957158 -14.137 -14.515 -15.016 -15.791 -16.082 -16.186 -15.43 -15.851 -16.082 -16.184 -16.133 -15.977 -15.841 -16.13 -16.176 -16.092 -15.953 -16.156 -16.183 -16.099 -15.999 -15.942 -16.139 -16.162 -16.14 -15.562 -15.168 -14.663 -16.125
4.07684 -14.114 -14.494 -15.007 -15.799 -16.1 -16.213 -15.438 -15.861 -16.101 -16.21 -16.166 -16.015 -15.85 -16.151 -16.206 -16.127 -15.991 -16.179 -16.214 -16.135 -16.036 -15.981 -16.168 -16.187 -16.172 -15.605 -15.214 -14.71 -16.154
4.200141 -14.09 -14.473 -14.998 -15.806 -16.118 -16.239 -15.446 -15.87 -16.119 -16.237 -16.198 -16.052 -15.859 -16.172 -16.236 -16.162 -16.029 -16.201 -16.244 -16.169 -16.074 -16.02 -16.198 -16.212 -16.204 -15.648 -15.259 -14.758 -16.182
4.327172 -14.065 -14.45 -14.988 -15.813 -16.136 -16.265 -15.453 -15.878 -16.136 -16.263 -16.23 -16.089 -15.867 -16.193 -16.266 -16.196 -16.067 -16.223 -16.274 -16.204 -16.111 -16.059 -16.226 -16.237 -16.236 -15.691 -15.304 -14.805 -16.209
4.458044 -14.039 -14.426 -14.977 -15.818 -16.153 -16.29 -15.46 -15.886 -16.153 -16.288 -16.262 -16.126 -15.874 -16.212 -16.295 -16.23 -16.105 -16.244 -16.303 -16.238 -16.148 -16.097 -16.255 -16.261 -16.267 -15.733 -15.35 -14.852 -16.237
4.592874 -14.012 -14.401 -14.964 -15.823 -16.169 -16.315 -15.466 -15.893 -16.169 -16.313 -16.293 -16.163 -15.88 -16.232 -16.324 -16.264 -16.142 -16.265 -16.332 -16.272 -16.184 -16.135 -16.282 -16.284 -16.298 -15.775 -15.395 -14.899 -16.264
4.731783 -13.983 -14.374 -14.951 -15.827 -16.184 -16.339 -15.472 -15.899 -16.185 -16.338 -16.324 -16.199 -15.885 -16.25 -16.352 -16.297 -16.179 -16.285 -16.36 -16.305 -16.221 -16.173 -16.31 -16.307 -16.329 -15.817 -15.439 -14.946 -16.29
4.874892 -13.954 -14.346 -14.937 -15.83 -16.199 -16.363 -15.477 -15.904 -16.2 -16.362 -16.355 -16.235 -15.89 -16.268 -16.38 -16.33 -16.215 -16.304 -16.388 -16.338 -16.257 -16.21 -16.337 -16.33 -16.359 -15.859 -15.484 -14.993 -16.316
