web/models/kne.last_good/kappa_0.5_3.0.v1/32/villar_0.0043_0.1710_3.0000.dat
# %ECSV 1.0
# ---
# datatype:
# - {name: time, datatype: float64}
# - {name: swift_uvot_uvw2, datatype: float64}
# - {name: swift_uvot_uvm2, datatype: float64}
# - {name: swift_uvot_uvw1, datatype: float64}
# - {name: swift_uvot_U, datatype: float64}
# - {name: swift_uvot_B, datatype: float64}
# - {name: swift_uvot_V, datatype: float64}
# - {name: swift_uvot_W, datatype: float64}
# - {name: johnson_U, datatype: float64}
# - {name: johnson_B, datatype: float64}
# - {name: johnson_V, datatype: float64}
# - {name: johnson_R, datatype: float64}
# - {name: johnson_I, datatype: float64}
# - {name: sdss_u, datatype: float64}
# - {name: sdss_g, datatype: float64}
# - {name: sdss_r, datatype: float64}
# - {name: sdss_i, datatype: float64}
# - {name: sdss_z, datatype: float64}
# - {name: PS1_g, datatype: float64}
# - {name: PS1_r, datatype: float64}
# - {name: PS1_i, datatype: float64}
# - {name: PS1_z, datatype: float64}
# - {name: PS1_Y, datatype: float64}
# - {name: PS1_w, datatype: float64}
# - {name: ATLAS_c, datatype: float64}
# - {name: ATLAS_o, datatype: float64}
# - {name: ukirt_J, datatype: float64}
# - {name: ukirt_H, datatype: float64}
# - {name: ukirt_K, datatype: float64}
# - {name: Clear, datatype: float64}
# meta: !!omap
# - comment: [kappa = 3.0, type = villar, mass = 0.004263435211354371, velocity = 0.17100000000000004, theta_obs = 0.0]
# schema: astropy-2.0
time swift_uvot_uvw2 swift_uvot_uvm2 swift_uvot_uvw1 swift_uvot_U swift_uvot_B swift_uvot_V swift_uvot_W johnson_U johnson_B johnson_V johnson_R johnson_I sdss_u sdss_g sdss_r sdss_i sdss_z PS1_g PS1_r PS1_i PS1_z PS1_Y PS1_w ATLAS_c ATLAS_o ukirt_J ukirt_H ukirt_K Clear
[from data line 151]
0.089944 -10.118 -10.431 -10.762 -11.287 -11.422 -11.408 -10.951 -11.32 -11.42 -11.403 -11.268 -11.04 -11.316 -11.427 -11.344 -11.193 -11.006 -11.437 -11.352 -11.201 -11.063 -10.99 -11.324 -11.402 -11.28 -10.548 -10.118 -9.583 -11.327
0.092665 -10.116 -10.434 -10.772 -11.31 -11.452 -11.444 -10.971 -11.344 -11.451 -11.439 -11.308 -11.084 -11.34 -11.459 -11.383 -11.235 -11.05 -11.47 -11.391 -11.243 -11.106 -11.034 -11.362 -11.438 -11.32 -10.595 -10.167 -9.634 -11.364
0.095467 -10.114 -10.435 -10.782 -11.333 -11.482 -11.48 -10.991 -11.368 -11.481 -11.475 -11.348 -11.128 -11.363 -11.492 -11.421 -11.277 -11.094 -11.503 -11.429 -11.285 -11.15 -11.078 -11.399 -11.473 -11.36 -10.643 -10.216 -9.685 -11.401
0.098355 -10.111 -10.436 -10.791 -11.355 -11.512 -11.516 -11.011 -11.391 -11.511 -11.511 -11.388 -11.171 -11.387 -11.523 -11.46 -11.319 -11.138 -11.536 -11.468 -11.326 -11.193 -11.122 -11.437 -11.507 -11.399 -10.69 -10.265 -9.735 -11.437
0.101329 -10.107 -10.437 -10.8 -11.376 -11.542 -11.551 -11.03 -11.414 -11.54 -11.546 -11.428 -11.214 -11.409 -11.555 -11.498 -11.36 -11.182 -11.569 -11.506 -11.368 -11.237 -11.166 -11.474 -11.542 -11.439 -10.737 -10.314 -9.785 -11.473
0.104394 -10.103 -10.436 -10.808 -11.398 -11.571 -11.586 -11.049 -11.437 -11.57 -11.582 -11.467 -11.258 -11.432 -11.586 -11.536 -11.401 -11.226 -11.601 -11.543 -11.409 -11.28 -11.21 -11.511 -11.576 -11.478 -10.784 -10.363 -9.836 -11.509
0.107551 -10.098 -10.435 -10.816 -11.418 -11.6 -11.621 -11.068 -11.459 -11.598 -11.617 -11.507 -11.301 -11.453 -11.617 -11.573 -11.442 -11.269 -11.632 -11.581 -11.45 -11.322 -11.254 -11.547 -11.61 -11.517 -10.831 -10.412 -9.886 -11.545
0.110804 -10.093 -10.434 -10.823 -11.439 -11.628 -11.655 -11.086 -11.481 -11.627 -11.651 -11.546 -11.343 -11.475 -11.648 -11.61 -11.483 -11.312 -11.664 -11.618 -11.491 -11.365 -11.297 -11.584 -11.643 -11.556 -10.878 -10.461 -9.936 -11.581
0.114155 -10.086 -10.431 -10.829 -11.458 -11.656 -11.69 -11.105 -11.502 -11.655 -11.686 -11.585 -11.386 -11.496 -11.678 -11.648 -11.524 -11.356 -11.695 -11.655 -11.531 -11.408 -11.341 -11.62 -11.676 -11.595 -10.924 -10.509 -9.986 -11.616
0.117608 -10.08 -10.428 -10.835 -11.478 -11.684 -11.724 -11.122 -11.523 -11.683 -11.72 -11.623 -11.428 -11.516 -11.708 -11.684 -11.564 -11.399 -11.726 -11.692 -11.572 -11.45 -11.384 -11.656 -11.709 -11.633 -10.971 -10.558 -10.036 -11.651
0.121165 -10.072 -10.424 -10.84 -11.497 -11.711 -11.757 -11.14 -11.543 -11.71 -11.754 -11.662 -11.471 -11.536 -11.738 -11.721 -11.604 -11.441 -11.756 -11.729 -11.612 -11.492 -11.427 -11.692 -11.742 -11.671 -11.018 -10.606 -10.086 -11.686
0.124829 -10.064 -10.419 -10.845 -11.515 -11.738 -11.791 -11.157 -11.563 -11.737 -11.787 -11.7 -11.513 -11.555 -11.767 -11.757 -11.644 -11.484 -11.786 -11.765 -11.652 -11.534 -11.47 -11.727 -11.774 -11.709 -11.064 -10.655 -10.136 -11.72
0.128605 -10.055 -10.413 -10.849 -11.533 -11.764 -11.824 -11.173 -11.582 -11.764 -11.82 -11.738 -11.555 -11.574 -11.796 -11.793 -11.684 -11.526 -11.816 -11.801 -11.692 -11.576 -11.513 -11.762 -11.806 -11.747 -11.11 -10.703 -10.186 -11.754
0.132494 -10.045 -10.407 -10.852 -11.55 -11.79 -11.856 -11.19 -11.601 -11.79 -11.853 -11.775 -11.596 -11.593 -11.824 -11.829 -11.724 -11.569 -11.846 -11.837 -11.731 -11.618 -11.556 -11.797 -11.838 -11.784 -11.156 -10.751 -10.236 -11.788
0.136502 -10.035 -10.4 -10.855 -11.566 -11.816 -11.889 -11.206 -11.619 -11.816 -11.886 -11.813 -11.638 -11.611 -11.852 -11.865 -11.763 -11.611 -11.875 -11.872 -11.77 -11.659 -11.598 -11.832 -11.869 -11.821 -11.202 -10.799 -10.286 -11.822
0.14063 -10.024 -10.391 -10.857 -11.583 -11.841 -11.921 -11.221 -11.637 -11.841 -11.918 -11.85 -11.679 -11.628 -11.88 -11.9 -11.802 -11.653 -11.903 -11.907 -11.81 -11.701 -11.641 -11.866 -11.9 -11.858 -11.248 -10.847 -10.335 -11.855
0.144883 -10.012 -10.383 -10.858 -11.598 -11.866 -11.953 -11.237 -11.654 -11.866 -11.95 -11.887 -11.72 -11.645 -11.907 -11.935 -11.841 -11.694 -11.932 -11.942 -11.848 -11.742 -11.683 -11.9 -11.931 -11.894 -11.294 -10.895 -10.385 -11.888
0.149265 -9.999 -10.373 -10.859 -11.613 -11.89 -11.984 -11.252 -11.671 -11.89 -11.981 -11.924 -11.761 -11.661 -11.934 -11.969 -11.879 -11.736 -11.96 -11.977 -11.887 -11.783 -11.725 -11.934 -11.961 -11.931 -11.339 -10.943 -10.434 -11.921
0.15378 -9.986 -10.362 -10.859 -11.628 -11.914 -12.015 -11.266 -11.687 -11.914 -12.013 -11.96 -11.802 -11.677 -11.961 -12.004 -11.918 -11.777 -11.987 -12.011 -11.925 -11.824 -11.767 -11.967 -11.991 -11.967 -11.385 -10.99 -10.484 -11.954
0.15843 -9.972 -10.35 -10.858 -11.641 -11.938 -12.046 -11.28 -11.702 -11.938 -12.044 -11.996 -11.843 -11.692 -11.987 -12.038 -11.956 -11.818 -12.014 -12.045 -11.964 -11.864 -11.808 -12.0 -12.021 -12.003 -11.43 -11.038 -10.533 -11.986
0.163222 -9.957 -10.338 -10.856 -11.655 -11.96 -12.076 -11.294 -11.717 -11.961 -12.074 -12.032 -11.883 -11.706 -12.012 -12.071 -11.994 -11.859 -12.041 -12.079 -12.001 -11.904 -11.85 -12.033 -12.05 -12.038 -11.475 -11.085 -10.582 -12.018
0.168159 -9.941 -10.325 -10.854 -11.667 -11.983 -12.106 -11.307 -11.732 -11.983 -12.104 -12.067 -11.923 -11.72 -12.038 -12.105 -12.031 -11.9 -12.067 -12.112 -12.039 -11.944 -11.891 -12.066 -12.079 -12.073 -11.52 -11.132 -10.632 -12.049
0.173245 -9.925 -10.31 -10.851 -11.679 -12.005 -12.135 -11.32 -11.745 -12.005 -12.134 -12.103 -11.963 -11.734 -12.062 -12.138 -12.069 -11.94 -12.093 -12.145 -12.076 -11.984 -11.932 -12.098 -12.107 -12.108 -11.565 -11.18 -10.681 -12.081
0.178484 -9.907 -10.295 -10.847 -11.691 -12.026 -12.165 -11.333 -11.759 -12.027 -12.163 -12.138 -12.002 -11.746 -12.087 -12.17 -12.106 -11.981 -12.118 -12.178 -12.114 -12.024 -11.973 -12.13 -12.135 -12.143 -11.61 -11.227 -10.73 -12.112
0.183882 -9.889 -10.279 -10.842 -11.701 -12.047 -12.193 -11.345 -11.771 -12.048 -12.192 -12.172 -12.042 -11.758 -12.11 -12.203 -12.143 -12.021 -12.143 -12.21 -12.15 -12.063 -12.014 -12.161 -12.163 -12.177 -11.654 -11.274 -10.778 -12.142
0.189444 -9.871 -10.261 -10.837 -11.711 -12.068 -12.222 -11.356 -11.783 -12.069 -12.221 -12.207 -12.081 -11.77 -12.134 -12.234 -12.179 -12.06 -12.168 -12.242 -12.187 -12.102 -12.054 -12.192 -12.19 -12.211 -11.699 -11.32 -10.827 -12.173
0.195173 -9.851 -10.243 -10.831 -11.721 -12.088 -12.249 -11.368 -11.794 -12.089 -12.249 -12.24 -12.12 -11.78 -12.156 -12.266 -12.215 -12.1 -12.192 -12.274 -12.223 -12.141 -12.095 -12.223 -12.217 -12.245 -11.743 -11.367 -10.876 -12.202
0.201076 -9.83 -10.223 -10.824 -11.729 -12.107 -12.277 -11.378 -11.805 -12.108 -12.276 -12.274 -12.158 -11.79 -12.179 -12.297 -12.251 -12.139 -12.215 -12.305 -12.259 -12.18 -12.135 -12.253 -12.243 -12.278 -11.787 -11.414 -10.924 -12.232
0.207158 -9.809 -10.203 -10.816 -11.737 -12.126 -12.304 -11.389 -11.814 -12.127 -12.304 -12.307 -12.197 -11.799 -12.201 -12.328 -12.287 -12.178 -12.238 -12.336 -12.295 -12.218 -12.175 -12.283 -12.269 -12.311 -11.831 -11.46 -10.973 -12.261
0.213423 -9.787 -10.181 -10.807 -11.744 -12.144 -12.33 -11.398 -11.823 -12.145 -12.33 -12.34 -12.235 -11.808 -12.222 -12.359 -12.322 -12.217 -12.261 -12.367 -12.33 -12.257 -12.214 -12.313 -12.295 -12.343 -11.874 -11.506 -11.021 -12.29
0.219878 -9.764 -10.159 -10.797 -11.751 -12.161 -12.357 -11.408 -11.832 -12.163 -12.357 -12.373 -12.273 -11.816 -12.243 -12.389 -12.357 -12.255 -12.283 -12.397 -12.365 -12.294 -12.254 -12.342 -12.32 -12.376 -11.918 -11.552 -11.07 -12.318
0.226528 -9.74 -10.135 -10.787 -11.756 -12.178 -12.382 -11.416 -11.839 -12.18 -12.382 -12.405 -12.31 -11.823 -12.263 -12.418 -12.392 -12.294 -12.304 -12.426 -12.4 -12.332 -12.293 -12.371 -12.344 -12.407 -11.961 -11.598 -11.118 -12.346
0.233379 -9.715 -10.11 -10.775 -11.761 -12.195 -12.407 -11.425 -11.846 -12.197 -12.408 -12.437 -12.347 -11.829 -12.282 -12.447 -12.426 -12.332 -12.325 -12.456 -12.434 -12.369 -12.332 -12.4 -12.368 -12.439 -12.004 -11.644 -11.166 -12.374
0.240437 -9.689 -10.084 -10.763 -11.765 -12.21 -12.432 -11.433 -11.852 -12.213 -12.433 -12.469 -12.384 -11.835 -12.301 -12.476 -12.46 -12.369 -12.346 -12.484 -12.468 -12.406 -12.371 -12.428 -12.392 -12.47 -12.047 -11.69 -11.214 -12.401
0.247709 -9.663 -10.056 -10.749 -11.768 -12.225 -12.456 -11.44 -11.858 -12.228 -12.457 -12.5 -12.421 -11.839 -12.32 -12.504 -12.493 -12.407 -12.365 -12.513 -12.502 -12.443 -12.409 -12.456 -12.415 -12.501 -12.09 -11.735 -11.261 -12.428
0.255201 -9.636 -10.027 -10.735 -11.771 -12.24 -12.479 -11.447 -11.862 -12.242 -12.481 -12.53 -12.457 -11.843 -12.338 -12.532 -12.527 -12.444 -12.385 -12.541 -12.535 -12.479 -12.447 -12.483 -12.437 -12.531 -12.132 -11.781 -11.309 -12.454
0.262919 -9.607 -9.997 -10.719 -11.772 -12.253 -12.502 -11.453 -11.866 -12.256 -12.504 -12.56 -12.493 -11.846 -12.355 -12.56 -12.559 -12.48 -12.403 -12.568 -12.568 -12.515 -12.485 -12.509 -12.459 -12.561 -12.175 -11.826 -11.356 -12.48
0.270871 -9.578 -9.966 -10.703 -11.773 -12.266 -12.525 -11.458 -11.869 -12.269 -12.527 -12.59 -12.529 -11.848 -12.371 -12.587 -12.592 -12.517 -12.421 -12.595 -12.601 -12.551 -12.522 -12.536 -12.48 -12.59 -12.217 -11.871 -11.404 -12.506
0.279064 -9.548 -9.933 -10.685 -11.772 -12.278 -12.547 -11.463 -11.87 -12.282 -12.549 -12.62 -12.564 -11.849 -12.387 -12.613 -12.624 -12.553 -12.438 -12.622 -12.633 -12.586 -12.56 -12.561 -12.501 -12.619 -12.258 -11.916 -11.451 -12.531
0.287504 -9.517 -9.899 -10.666 -11.771 -12.29 -12.568 -11.468 -11.871 -12.293 -12.57 -12.648 -12.599 -11.85 -12.402 -12.639 -12.655 -12.589 -12.455 -12.647 -12.664 -12.621 -12.597 -12.587 -12.521 -12.647 -12.3 -11.96 -11.498 -12.555
0.296199 -9.485 -9.863 -10.646 -11.769 -12.301 -12.589 -11.471 -11.871 -12.304 -12.591 -12.677 -12.634 -11.849 -12.417 -12.664 -12.687 -12.624 -12.471 -12.673 -12.696 -12.656 -12.633 -12.612 -12.541 -12.675 -12.341 -12.005 -11.545 -12.579
0.305157 -9.452 -9.826 -10.625 -11.765 -12.31 -12.609 -11.475 -11.87 -12.314 -12.612 -12.705 -12.668 -11.847 -12.43 -12.689 -12.717 -12.659 -12.486 -12.698 -12.726 -12.69 -12.669 -12.636 -12.56 -12.703 -12.382 -12.049 -11.592 -12.603
0.314387 -9.418 -9.787 -10.603 -11.761 -12.32 -12.628 -11.477 -11.868 -12.324 -12.631 -12.732 -12.702 -11.844 -12.443 -12.713 -12.747 -12.694 -12.501 -12.722 -12.757 -12.724 -12.705 -12.66 -12.578 -12.73 -12.423 -12.093 -11.638 -12.626
0.323895 -9.383 -9.747 -10.58 -11.756 -12.328 -12.647 -11.479 -11.865 -12.332 -12.65 -12.759 -12.735 -11.841 -12.455 -12.737 -12.777 -12.728 -12.515 -12.746 -12.787 -12.758 -12.741 -12.683 -12.595 -12.756 -12.463 -12.137 -11.685 -12.648
0.333691 -9.347 -9.705 -10.555 -11.749 -12.335 -12.665 -11.48 -11.861 -12.34 -12.669 -12.785 -12.768 -11.836 -12.467 -12.76 -12.806 -12.762 -12.528 -12.769 -12.816 -12.791 -12.776 -12.705 -12.612 -12.782 -12.503 -12.18 -11.731 -12.67
0.343783 -9.311 -9.662 -10.529 -11.741 -12.341 -12.682 -11.48 -11.856 -12.346 -12.686 -12.811 -12.8 -11.83 -12.477 -12.782 -12.835 -12.795 -12.54 -12.791 -12.845 -12.823 -12.811 -12.727 -12.628 -12.807 -12.543 -12.224 -11.777 -12.692
0.354181 -9.273 -9.617 -10.502 -11.732 -12.347 -12.698 -11.48 -11.85 -12.352 -12.703 -12.836 -12.832 -11.822 -12.487 -12.804 -12.863 -12.828 -12.551 -12.813 -12.873 -12.856 -12.846 -12.749 -12.644 -12.832 -12.583 -12.267 -11.823 -12.712
0.364893 -9.235 -9.57 -10.473 -11.722 -12.351 -12.714 -11.479 -11.842 -12.357 -12.719 -12.861 -12.864 -11.814 -12.496 -12.825 -12.891 -12.86 -12.562 -12.834 -12.901 -12.887 -12.88 -12.769 -12.658 -12.856 -12.622 -12.309 -11.869 -12.732
0.375929 -9.196 -9.521 -10.443 -11.711 -12.355 -12.729 -11.477 -11.833 -12.361 -12.734 -12.885 -12.895 -11.804 -12.503 -12.845 -12.918 -12.892 -12.572 -12.855 -12.928 -12.919 -12.913 -12.789 -12.672 -12.879 -12.661 -12.352 -11.914 -12.752
0.387298 -9.155 -9.47 -10.412 -11.698 -12.357 -12.743 -11.474 -11.823 -12.364 -12.749 -12.908 -12.926 -11.794 -12.51 -12.865 -12.945 -12.924 -12.58 -12.875 -12.955 -12.949 -12.946 -12.809 -12.685 -12.902 -12.7 -12.394 -11.96 -12.771
0.399012 -9.114 -9.417 -10.379 -11.684 -12.359 -12.756 -11.47 -11.812 -12.365 -12.762 -12.931 -12.956 -11.781 -12.516 -12.883 -12.971 -12.955 -12.588 -12.894 -12.981 -12.98 -12.979 -12.828 -12.697 -12.924 -12.738 -12.436 -12.005 -12.789
0.41108 -9.072 -9.362 -10.344 -11.669 -12.359 -12.768 -11.465 -11.799 -12.366 -12.775 -12.953 -12.985 -11.768 -12.521 -12.902 -12.996 -12.985 -12.595 -12.912 -13.007 -13.009 -13.011 -12.845 -12.709 -12.946 -12.776 -12.478 -12.05 -12.806
0.423513 -9.029 -9.305 -10.308 -11.652 -12.358 -12.78 -11.46 -11.785 -12.365 -12.787 -12.974 -13.014 -11.753 -12.525 -12.919 -13.02 -13.015 -12.601 -12.93 -13.031 -13.038 -13.043 -12.863 -12.719 -12.966 -12.813 -12.52 -12.094 -12.823
0.436321 -8.986 -9.246 -10.27 -11.633 -12.356 -12.79 -11.453 -11.77 -12.364 -12.798 -12.995 -13.043 -11.736 -12.528 -12.935 -13.044 -13.045 -12.606 -12.946 -13.056 -13.067 -13.074 -12.879 -12.728 -12.986 -12.85 -12.561 -12.139 -12.839
0.449518 -8.941 -9.185 -10.23 -11.613 -12.352 -12.8 -11.446 -11.753 -12.361 -12.808 -13.015 -13.071 -11.718 -12.529 -12.951 -13.068 -13.073 -12.61 -12.962 -13.079 -13.095 -13.105 -12.895 -12.737 -13.006 -12.887 -12.602 -12.183 -12.854
0.463113 -8.896 -9.121 -10.189 -11.592 -12.348 -12.808 -11.437 -11.734 -12.356 -12.816 -13.034 -13.098 -11.698 -12.529 -12.965 -13.09 -13.102 -12.612 -12.977 -13.102 -13.122 -13.135 -12.91 -12.744 -13.024 -12.923 -12.642 -12.226 -12.869
0.47712 -8.85 -9.055 -10.146 -11.569 -12.342 -12.815 -11.428 -11.714 -12.351 -12.824 -13.052 -13.124 -11.677 -12.529 -12.979 -13.112 -13.129 -12.614 -12.991 -13.124 -13.149 -13.165 -12.923 -12.75 -13.041 -12.959 -12.682 -12.27 -12.882
0.49155 -8.804 -8.986 -10.101 -11.544 -12.334 -12.821 -11.417 -11.692 -12.344 -12.831 -13.069 -13.15 -11.654 -12.526 -12.992 -13.133 -13.156 -12.614 -13.004 -13.145 -13.175 -13.194 -12.936 -12.756 -13.058 -12.994 -12.722 -12.313 -12.895
0.506416 -8.757 -8.915 -10.053 -11.517 -12.325 -12.826 -11.405 -11.668 -12.335 -12.836 -13.086 -13.175 -11.629 -12.523 -13.004 -13.153 -13.182 -12.613 -13.016 -13.165 -13.2 -13.222 -12.948 -12.76 -13.074 -13.029 -12.761 -12.356 -12.907
0.521733 -8.709 -8.84 -10.004 -11.488 -12.315 -12.83 -11.392 -11.643 -12.325 -12.841 -13.101 -13.2 -11.602 -12.518 -13.014 -13.172 -13.208 -12.61 -13.027 -13.185 -13.225 -13.25 -12.959 -12.762 -13.088 -13.063 -12.8 -12.399 -12.918
0.537512 -8.661 -8.763 -9.953 -11.457 -12.303 -12.832 -11.378 -11.615 -12.314 -12.844 -13.115 -13.223 -11.574 -12.512 -13.024 -13.19 -13.232 -12.607 -13.037 -13.203 -13.248 -13.277 -12.969 -12.764 -13.102 -13.097 -12.839 -12.441 -12.927
0.553769 -8.613 -8.683 -9.899 -11.424 -12.289 -12.834 -11.362 -11.586 -12.301 -12.845 -13.129 -13.246 -11.543 -12.504 -13.032 -13.208 -13.256 -12.601 -13.045 -13.221 -13.271 -13.303 -12.978 -12.764 -13.115 -13.13 -12.877 -12.483 -12.936
0.570517 -8.564 -8.6 -9.844 -11.389 -12.274 -12.833 -11.345 -11.554 -12.286 -12.846 -13.141 -13.268 -11.51 -12.494 -13.039 -13.224 -13.279 -12.595 -13.053 -13.237 -13.293 -13.329 -12.986 -12.763 -13.126 -13.163 -12.914 -12.525 -12.944
0.587772 -8.515 -8.514 -9.785 -11.352 -12.257 -12.831 -11.326 -11.52 -12.269 -12.844 -13.152 -13.289 -11.475 -12.483 -13.045 -13.239 -13.301 -12.586 -13.059 -13.253 -13.314 -13.353 -12.993 -12.761 -13.137 -13.195 -12.952 -12.566 -12.951
0.605549 -8.466 -8.424 -9.725 -11.312 -12.237 -12.828 -11.306 -11.484 -12.251 -12.842 -13.162 -13.309 -11.437 -12.47 -13.05 -13.253 -13.323 -12.576 -13.064 -13.267 -13.335 -13.377 -12.998 -12.756 -13.146 -13.226 -12.988 -12.607 -12.956
0.623863 -8.417 -8.331 -9.661 -11.27 -12.216 -12.823 -11.285 -11.446 -12.23 -12.838 -13.171 -13.328 -11.397 -12.456 -13.053 -13.266 -13.343 -12.565 -13.067 -13.281 -13.354 -13.4 -13.002 -12.751 -13.154 -13.257 -13.024 -12.648 -12.961
