web/models/kne.last_good/kappa_0.5_3.0.v1/32/villar_0.5000_0.3120_0.5000.dat
# %ECSV 1.0
# ---
# datatype:
# - {name: time, datatype: float64}
# - {name: swift_uvot_uvw2, datatype: float64}
# - {name: swift_uvot_uvm2, datatype: float64}
# - {name: swift_uvot_uvw1, datatype: float64}
# - {name: swift_uvot_U, datatype: float64}
# - {name: swift_uvot_B, datatype: float64}
# - {name: swift_uvot_V, datatype: float64}
# - {name: swift_uvot_W, datatype: float64}
# - {name: johnson_U, datatype: float64}
# - {name: johnson_B, datatype: float64}
# - {name: johnson_V, datatype: float64}
# - {name: johnson_R, datatype: float64}
# - {name: johnson_I, datatype: float64}
# - {name: sdss_u, datatype: float64}
# - {name: sdss_g, datatype: float64}
# - {name: sdss_r, datatype: float64}
# - {name: sdss_i, datatype: float64}
# - {name: sdss_z, datatype: float64}
# - {name: PS1_g, datatype: float64}
# - {name: PS1_r, datatype: float64}
# - {name: PS1_i, datatype: float64}
# - {name: PS1_z, datatype: float64}
# - {name: PS1_Y, datatype: float64}
# - {name: PS1_w, datatype: float64}
# - {name: ATLAS_c, datatype: float64}
# - {name: ATLAS_o, datatype: float64}
# - {name: ukirt_J, datatype: float64}
# - {name: ukirt_H, datatype: float64}
# - {name: ukirt_K, datatype: float64}
# - {name: Clear, datatype: float64}
# meta: !!omap
# - comment: [kappa = 0.5, type = villar, mass = 0.5000000000045836, velocity = 0.312, theta_obs = 0.0]
# schema: astropy-2.0
time swift_uvot_uvw2 swift_uvot_uvm2 swift_uvot_uvw1 swift_uvot_U swift_uvot_B swift_uvot_V swift_uvot_W johnson_U johnson_B johnson_V johnson_R johnson_I sdss_u sdss_g sdss_r sdss_i sdss_z PS1_g PS1_r PS1_i PS1_z PS1_Y PS1_w ATLAS_c ATLAS_o ukirt_J ukirt_H ukirt_K Clear
[from data line 278]
3.957158 -12.381 -11.33 -13.135 -15.007 -16.264 -17.111 -15.37 -15.238 -16.289 -17.137 -17.667 -17.978 -15.166 -16.601 -17.461 -17.824 -18.011 -16.759 -17.483 -17.844 -18.006 -18.111 -17.435 -17.034 -17.638 -18.081 -17.932 -17.622 -17.407
4.07684 -12.319 -11.112 -12.98 -14.877 -16.172 -17.049 -15.288 -15.114 -16.199 -17.076 -17.631 -17.962 -15.039 -16.521 -17.414 -17.795 -17.996 -16.686 -17.437 -17.816 -17.989 -18.102 -17.392 -16.972 -17.601 -18.086 -17.948 -17.646 -17.367
4.200141 -12.258 -10.884 -12.816 -14.738 -16.074 -16.981 -15.2 -14.983 -16.102 -17.01 -17.591 -17.941 -14.904 -16.435 -17.362 -17.762 -17.978 -16.608 -17.386 -17.784 -17.969 -18.09 -17.345 -16.905 -17.559 -18.089 -17.962 -17.669 -17.324
4.327172 -12.2 -10.643 -12.644 -14.59 -15.968 -16.907 -15.107 -14.842 -15.998 -16.938 -17.546 -17.918 -14.761 -16.342 -17.304 -17.726 -17.956 -16.523 -17.331 -17.748 -17.945 -18.074 -17.293 -16.832 -17.513 -18.089 -17.974 -17.69 -17.276
4.458044 -12.144 -10.39 -12.463 -14.432 -15.854 -16.827 -15.008 -14.692 -15.886 -16.859 -17.496 -17.89 -14.607 -16.243 -17.241 -17.684 -17.931 -16.432 -17.269 -17.707 -17.917 -18.055 -17.236 -16.753 -17.461 -18.086 -17.984 -17.709 -17.223
4.592874 -12.089 -10.124 -12.273 -14.264 -15.731 -16.739 -14.902 -14.532 -15.765 -16.774 -17.441 -17.858 -14.443 -16.135 -17.172 -17.637 -17.901 -16.333 -17.202 -17.662 -17.885 -18.032 -17.174 -16.667 -17.404 -18.08 -17.991 -17.727 -17.166
4.731783 -12.036 -9.846 -12.072 -14.084 -15.6 -16.645 -14.789 -14.361 -15.636 -16.682 -17.38 -17.821 -14.267 -16.019 -17.097 -17.585 -17.867 -16.228 -17.128 -17.611 -17.849 -18.006 -17.105 -16.573 -17.342 -18.072 -17.996 -17.743 -17.104
4.874892 -11.984 -9.554 -11.861 -13.892 -15.458 -16.542 -14.669 -14.177 -15.497 -16.581 -17.313 -17.779 -14.079 -15.893 -17.014 -17.527 -17.828 -16.114 -17.047 -17.554 -17.807 -17.974 -17.031 -16.472 -17.273 -18.059 -17.998 -17.757 -17.036
5.02233 -11.933 -9.25 -11.639 -13.687 -15.305 -16.43 -14.541 -13.981 -15.347 -16.472 -17.24 -17.732 -13.879 -15.758 -16.923 -17.463 -17.783 -15.991 -16.959 -17.491 -17.76 -17.938 -16.949 -16.363 -17.197 -18.043 -17.998 -17.768 -16.963
5.174227 -11.882 -8.934 -11.405 -13.467 -15.141 -16.308 -14.404 -13.771 -15.186 -16.353 -17.159 -17.679 -13.663 -15.613 -16.825 -17.392 -17.733 -15.86 -16.863 -17.421 -17.707 -17.897 -16.861 -16.245 -17.114 -18.023 -17.994 -17.778 -16.883
5.330718 -11.831 -8.608 -11.159 -13.231 -14.965 -16.177 -14.257 -13.546 -15.013 -16.225 -17.07 -17.62 -13.433 -15.456 -16.717 -17.313 -17.677 -15.718 -16.758 -17.344 -17.647 -17.85 -16.764 -16.116 -17.022 -17.998 -17.987 -17.784 -16.797
5.491942 -11.779 -8.276 -10.899 -12.979 -14.775 -16.034 -14.101 -13.305 -14.826 -16.085 -16.972 -17.554 -13.185 -15.286 -16.599 -17.227 -17.613 -15.567 -16.644 -17.259 -17.581 -17.797 -16.659 -15.978 -16.923 -17.969 -17.976 -17.788 -16.704
5.658042 -11.726 -7.943 -10.625 -12.708 -14.57 -15.879 -13.934 -13.045 -14.625 -15.934 -16.866 -17.481 -12.92 -15.103 -16.471 -17.131 -17.543 -15.404 -16.519 -17.165 -17.507 -17.737 -16.544 -15.827 -16.814 -17.934 -17.961 -17.789 -16.603
5.829166 -11.671 -7.614 -10.336 -12.417 -14.348 -15.711 -13.755 -12.767 -14.409 -15.769 -16.749 -17.399 -12.634 -14.905 -16.331 -17.026 -17.464 -15.23 -16.384 -17.062 -17.425 -17.671 -16.419 -15.665 -16.694 -17.894 -17.942 -17.786 -16.494
6.005465 -11.614 -7.299 -10.031 -12.104 -14.11 -15.528 -13.564 -12.467 -14.175 -15.591 -16.622 -17.309 -12.327 -14.691 -16.179 -16.91 -17.377 -15.044 -16.237 -16.949 -17.333 -17.596 -16.284 -15.488 -16.564 -17.848 -17.918 -17.78 -16.377
6.187096 -11.553 -7.007 -9.708 -11.768 -13.852 -15.329 -13.359 -12.144 -13.922 -15.397 -16.482 -17.209 -11.997 -14.46 -16.012 -16.783 -17.28 -14.845 -16.076 -16.825 -17.233 -17.513 -16.136 -15.297 -16.421 -17.794 -17.889 -17.771 -16.251
6.37422 -11.488 -6.746 -9.367 -11.406 -13.573 -15.113 -13.14 -11.796 -13.65 -15.186 -16.33 -17.099 -11.64 -14.209 -15.831 -16.644 -17.173 -14.633 -15.902 -16.688 -17.121 -17.42 -15.975 -15.09 -16.266 -17.734 -17.854 -17.757 -16.115
6.567004 -11.419 -6.52 -9.006 -11.015 -13.271 -14.878 -12.905 -11.42 -13.355 -14.957 -16.164 -16.977 -11.255 -13.938 -15.633 -16.491 -17.054 -14.409 -15.712 -16.538 -16.998 -17.318 -15.801 -14.865 -16.096 -17.665 -17.814 -17.738 -15.97
6.765619 -11.345 -6.329 -8.624 -10.592 -12.944 -14.623 -12.653 -11.015 -13.035 -14.708 -15.981 -16.842 -10.84 -13.643 -15.417 -16.322 -16.923 -14.171 -15.506 -16.373 -16.862 -17.204 -15.61 -14.621 -15.91 -17.587 -17.766 -17.714 -15.814
6.97024 -11.265 -6.169 -8.218 -10.136 -12.589 -14.344 -12.384 -10.576 -12.689 -14.437 -15.782 -16.694 -10.39 -13.324 -15.181 -16.138 -16.778 -13.922 -15.282 -16.193 -16.711 -17.078 -15.403 -14.356 -15.706 -17.499 -17.711 -17.685 -15.647
7.181051 -11.178 -6.03 -7.786 -9.642 -12.204 -14.04 -12.095 -10.1 -12.314 -14.141 -15.564 -16.53 -9.902 -12.976 -14.923 -15.934 -16.617 -13.662 -15.039 -15.995 -16.546 -16.938 -15.176 -14.067 -15.484 -17.4 -17.647 -17.65 -15.468
7.398237 -11.085 -5.904 -7.326 -9.106 -11.785 -13.708 -11.786 -9.584 -11.906 -13.818 -15.326 -16.35 -9.373 -12.598 -14.64 -15.711 -16.44 -13.393 -14.774 -15.777 -16.363 -16.784 -14.93 -13.753 -15.241 -17.29 -17.575 -17.607 -15.278
7.621991 -10.983 -5.785 -6.835 -8.524 -11.33 -13.346 -11.455 -9.024 -11.462 -13.466 -15.065 -16.151 -8.799 -12.187 -14.331 -15.465 -16.244 -13.118 -14.488 -15.539 -16.161 -16.613 -14.66 -13.411 -14.974 -17.166 -17.492 -17.558 -15.075
7.852513 -10.872 -5.664 -6.309 -7.89 -10.833 -12.949 -11.102 -8.414 -10.98 -13.08 -14.778 -15.931 -8.173 -11.737 -13.992 -15.195 -16.027 -12.841 -14.179 -15.277 -15.939 -16.425 -14.365 -13.037 -14.682 -17.027 -17.399 -17.5 -14.861
8.090007 -10.751 -5.539 -5.745 -7.201 -10.29 -12.514 -10.725 -7.749 -10.453 -12.659 -14.464 -15.689 -7.491 -11.247 -13.619 -14.896 -15.787 -12.566 -13.846 -14.99 -15.693 -16.218 -14.043 -12.629 -14.361 -16.871 -17.292 -17.433 -14.634
8.334684 -10.619 -5.405 -5.138 -6.448 -9.697 -12.037 -10.327 -7.023 -9.879 -12.196 -14.119 -15.421 -6.747 -10.71 -13.21 -14.568 -15.521 -12.296 -13.488 -14.675 -15.422 -15.989 -13.689 -12.182 -14.009 -16.698 -17.172 -17.356 -14.396
8.586761 -10.475 -5.26 -4.483 -5.625 -9.047 -11.512 -9.907 -6.228 -9.25 -11.689 -13.739 -15.126 -5.932 -10.122 -12.76 -14.204 -15.227 -12.035 -13.107 -14.329 -15.122 -15.736 -13.301 -11.692 -13.622 -16.503 -17.036 -17.268 -14.146
8.846461 -10.318 -5.102 -3.774 -4.722 -8.334 -10.934 -9.47 -5.357 -8.562 -11.131 -13.322 -14.798 -5.039 -9.476 -12.263 -13.803 -14.901 -11.784 -12.705 -13.951 -14.792 -15.459 -12.875 -11.155 -13.196 -16.285 -16.883 -17.167 -13.886
9.114017 -10.146 -4.93 -3.005 -3.732 -7.549 -10.297 -9.021 -4.401 -7.806 -10.516 -12.861 -14.436 -4.058 -8.765 -11.715 -13.358 -14.538 -11.54 -12.286 -13.538 -14.427 -15.153 -12.405 -10.564 -12.726 -16.041 -16.71 -17.051 -13.615
9.389664 -9.957 -4.741 -2.168 -2.642 -6.685 -9.593 -8.568 -3.348 -6.976 -9.838 -12.353 -14.034 -2.977 -7.982 -11.108 -12.865 -14.135 -11.3 -11.857 -13.088 -14.025 -14.818 -11.887 -9.913 -12.207 -15.768 -16.515 -16.919 -13.336
9.673648 -9.749 -4.533 -1.255 -1.439 -5.731 -8.813 -8.12 -2.186 -6.061 -9.089 -11.791 -13.588 -1.785 -7.117 -10.436 -12.316 -13.686 -11.059 -11.428 -12.601 -13.583 -14.451 -11.315 -9.193 -11.632 -15.461 -16.295 -16.769 -13.047
9.966221 -9.52 -4.305 -0.256 -0.11 -4.675 -7.947 -7.689 -0.901 -5.051 -8.259 -11.168 -13.092 -0.467 -6.159 -9.689 -11.706 -13.185 -10.81 -11.008 -12.08 -13.097 -14.051 -10.68 -8.397 -10.996 -15.117 -16.046 -16.598 -12.749
10.267642 -9.268 -4.053 0.841 1.365 -3.503 -6.984 -7.277 0.524 -3.933 -7.338 -10.478 -12.539 0.996 -5.096 -8.858 -11.025 -12.626 -10.546 -10.602 -11.528 -12.566 -13.618 -9.976 -7.514 -10.288 -14.729 -15.765 -16.403 -12.439
10.57818 -8.99 -3.774 2.048 3.004 -2.199 -5.909 -6.884 2.109 -2.693 -6.315 -9.709 -11.923 2.622 -3.912 -7.931 -10.263 -11.999 -10.261 -10.211 -10.958 -11.991 -13.152 -9.192 -6.532 -9.5 -14.292 -15.446 -16.181 -12.115
10.89811 -8.681 -3.465 3.381 4.832 -0.745 -4.708 -6.5 3.877 -1.314 -5.174 -8.854 -11.234 4.436 -2.592 -6.893 -9.41 -11.296 -9.949 -9.828 -10.381 -11.376 -12.656 -8.317 -5.436 -8.621 -13.798 -15.085 -15.927 -11.772
11.227716 -8.338 -3.122 4.859 6.878 0.882 -3.361 -6.113 5.854 0.224 -3.899 -7.898 -10.462 6.465 -1.114 -5.729 -8.451 -10.506 -9.604 -9.441 -9.813 -10.731 -12.133 -7.337 -4.209 -7.636 -13.24 -14.674 -15.637 -11.404
11.56729 -7.955 -2.74 6.503 9.174 2.709 -1.845 -5.706 8.074 1.944 -2.471 -6.827 -9.597 8.742 0.545 -4.418 -7.37 -9.614 -9.221 -9.034 -9.263 -10.07 -11.589 -6.236 -2.832 -6.531 -12.606 -14.207 -15.306 -11.006
11.917135 -7.527 -2.311 8.34 11.761 4.767 -0.134 -5.266 10.573 3.875 -0.867 -5.625 -8.622 11.306 2.415 -2.94 -6.148 -8.607 -8.793 -8.595 -8.724 -9.409 -11.025 -4.996 -1.28 -5.286 -11.886 -13.674 -14.925 -10.567
12.277561 -7.046 -1.83 10.403 14.685 7.093 1.803 -4.78 13.398 6.05 0.939 -4.272 -7.524 14.204 4.53 -1.265 -4.763 -7.465 -8.311 -8.109 -8.18 -8.755 -10.441 -3.594 0.474 -3.878 -11.064 -13.064 -14.488 -10.08
12.648887 -6.503 -1.288 12.73 18.006 9.734 4.004 -4.236 16.603 8.509 2.98 -2.744 -6.281 17.492 6.93 0.638 -3.187 -6.166 -7.769 -7.565 -7.606 -8.103 -9.828 -2.002 2.465 -2.282 -10.123 -12.364 -13.984 -9.535
13.031444 -5.889 -0.673 15.371 21.791 12.742 6.515 -3.62 20.254 11.301 5.293 -1.013 -4.872 21.237 9.665 2.81 -1.388 -4.686 -7.154 -6.95 -6.978 -7.428 -9.17 -0.188 4.736 -0.463 -9.044 -11.56 -13.401 -8.919
13.425571 -5.189 0.026 18.382 26.126 16.186 9.392 -2.921 24.431 14.485 7.924 0.955 -3.269 25.521 12.796 5.298 0.676 -2.992 -6.455 -6.25 -6.273 -6.701 -8.447 1.89 7.335 1.619 -7.8 -10.631 -12.726 -8.219
13.831619 -4.39 0.826 21.837 31.113 20.147 12.702 -2.121 29.231 18.132 10.928 3.202 -1.438 30.443 16.395 8.162 3.051 -1.048 -5.655 -5.45 -5.472 -5.89 -7.637 4.279 10.325 4.011 -6.361 -9.556 -11.94 -7.419
14.249947 -3.627 1.589 24.824 35.39 23.561 15.573 -1.358 33.347 21.276 13.524 5.168 0.181 34.661 19.506 10.659 5.139 0.673 -4.892 -4.688 -4.709 -5.124 -6.87 6.377 12.928 6.111 -5.053 -8.554 -11.18 -6.656
14.680926 -3.245 1.971 25.206 35.772 23.943 15.955 -0.976 33.729 21.657 13.906 5.55 0.563 35.043 19.888 11.04 5.521 1.055 -4.51 -4.306 -4.327 -4.742 -6.488 6.759 13.31 6.493 -4.672 -8.172 -10.798 -6.274
15.124941 -2.84 2.376 25.611 36.177 24.348 16.36 -0.571 34.134 22.063 14.311 5.955 0.968 35.448 20.293 11.446 5.926 1.46 -4.105 -3.9 -3.922 -4.337 -6.083 7.164 13.715 6.899 -4.266 -7.767 -10.393 -5.869
15.582385 -2.409 2.806 26.041 36.607 24.779 16.79 -0.141 34.564 22.493 14.742 6.385 1.398 35.878 20.724 11.876 6.356 1.89 -3.675 -3.47 -3.492 -3.907 -5.653 7.594 14.145 7.329 -3.836 -7.337 -9.963 -5.439
16.053663 -1.953 3.263 26.498 37.064 25.235 17.247 0.316 35.021 22.949 15.198 6.842 1.855 36.335 21.18 12.332 6.813 2.347 -3.218 -3.014 -3.035 -3.45 -5.196 8.051 14.602 7.785 -3.379 -6.88 -9.506 -4.982
16.539195 -1.468 3.747 26.982 37.548 25.72 17.732 0.8 35.505 23.434 15.683 7.326 2.339 36.819 21.665 12.817 7.297 2.832 -2.734 -2.529 -2.551 -2.966 -4.712 8.535 15.087 8.27 -2.895 -6.395 -9.021 -4.498
17.039412 -0.954 4.262 27.497 38.063 26.234 18.246 1.315 36.02 23.948 16.197 7.841 2.854 37.334 22.179 13.331 7.812 3.346 -2.219 -2.015 -2.036 -2.451 -4.197 9.05 15.601 8.784 -2.38 -5.881 -8.507 -3.983
17.554757 -0.408 4.808 28.043 38.609 26.78 18.792 1.861 36.566 24.494 16.743 8.387 3.4 37.88 22.725 13.877 8.358 3.892 -1.673 -1.469 -1.49 -1.905 -3.651 9.596 16.147 9.33 -1.834 -5.335 -7.961 -3.437
18.085689 0.172 5.387 28.622 39.188 27.36 19.371 2.44 37.145 25.074 17.323 8.966 3.979 38.459 23.305 14.457 8.937 4.472 -1.094 -0.889 -0.911 -1.326 -3.072 10.175 16.727 9.91 -1.255 -4.756 -7.381 -2.858
18.632678 0.787 6.002 29.237 39.803 27.975 19.986 3.055 37.76 25.689 17.938 9.581 4.594 39.074 23.92 15.072 9.552 5.087 -0.479 -0.274 -0.296 -0.711 -2.457 10.79 17.342 10.525 -0.64 -4.141 -6.766 -2.243
19.196211 1.44 6.655 29.89 40.456 28.628 20.639 3.708 38.413 26.342 18.591 10.234 5.247 39.727 24.573 15.725 10.205 5.739 0.174 0.379 0.357 -0.058 -1.804 11.443 17.995 11.178 0.013 -3.488 -6.114 -1.59
19.776787 2.133 7.348 30.583 41.149 29.321 21.332 4.401 39.106 27.035 19.284 10.927 5.94 40.42 25.266 16.418 10.898 6.432 0.867 1.072 1.05 0.635 -1.111 12.136 18.687 11.871 0.706 -2.795 -5.421 -0.897
20.374923 2.868 8.084 31.319 41.885 30.056 22.068 5.136 39.842 27.77 20.019 11.662 6.676 41.156 26.001 17.153 11.633 7.168 1.602 1.807 1.786 1.37 -0.375 12.871 19.423 12.606 1.441 -2.059 -4.685 -0.161
20.991149 3.649 8.864 32.099 42.665 30.837 22.848 5.917 40.622 28.551 20.8 12.443 7.456 41.936 26.782 17.934 12.414 7.949 2.383 2.588 2.566 2.151 0.405 13.652 20.204 13.387 2.222 -1.279 -3.904 0.619
21.626011 4.477 9.693 32.928 43.494 31.665 23.677 6.746 41.451 29.38 21.628 13.272 8.285 42.765 27.61 18.763 13.243 8.777 3.212 3.416 3.395 2.98 1.234 14.481 21.032 14.215 3.051 -0.45 -3.076 1.448
22.280075 5.357 10.572 33.807 44.373 32.545 24.556 7.625 42.33 30.259 22.508 14.151 9.164 43.644 28.49 19.642 14.122 9.657 4.091 4.296 4.274 3.859 2.113 15.36 21.912 15.095 3.93 0.429 -2.196 2.327
22.953921 6.29 11.506 34.741 45.307 33.478 25.49 8.559 43.264 31.193 23.441 15.085 10.098 44.578 29.423 20.575 15.056 10.59 5.025 5.229 5.208 4.793 3.047 16.294 22.845 16.028 4.864 1.363 -1.263 3.261
23.648147 7.281 12.497 35.732 46.298 34.469 26.481 9.549 44.254 32.183 24.432 16.075 11.089 45.568 30.414 21.566 16.046 11.581 6.015 6.22 6.199 5.783 4.037 17.284 23.836 17.019 5.854 2.354 -0.272 4.252
24.363369 8.333 13.548 36.783 47.349 35.521 27.532 10.601 45.306 33.235 25.484 17.127 12.14 46.62 31.466 22.618 17.098 12.632 7.067 7.272 7.25 6.835 5.089 18.336 24.888 18.071 6.906 3.405 0.779 5.303
25.100222 9.449 14.664 37.899 48.465 36.637 28.649 11.717 46.422 34.351 26.6 18.243 13.256 47.736 32.582 23.734 18.214 13.749 8.183 8.388 8.366 7.951 6.205 19.452 26.004 19.187 8.022 4.522 1.896 6.419
25.859362 10.634 15.849 39.084 49.65 37.822 29.833 12.902 47.607 35.536 27.785 19.428 14.441 48.921 33.767 24.919 19.399 14.933 9.368 9.573 9.551 9.136 7.39 20.637 27.188 20.372 9.207 5.706 3.08 7.604
26.64146 11.891 17.107 40.342 50.908 39.079 31.091 14.159 48.864 36.793 29.042 20.685 15.699 50.179 35.024 26.176 20.656 16.191 10.625 10.83 10.809 10.393 8.648 21.894 28.446 21.629 10.464 6.964 4.338 8.862
27.447213 13.226 18.441 41.676 52.242 40.414 32.425 15.494 50.199 38.128 30.377 22.02 17.033 51.513 36.359 27.511 21.991 17.526 11.96 12.165 12.143 11.728 9.982 23.229 29.781 22.964 11.799 8.298 5.673 10.196
28.277335 14.642 19.858 43.093 53.659 41.83 33.842 16.911 51.616 39.545 31.793 23.437 18.45 52.93 37.775 28.928 23.408 18.942 13.377 13.582 13.56 13.145 11.399 24.646 31.197 24.381 13.216 9.715 7.089 11.613
29.132564 16.146 21.362 44.597 55.163 43.334 35.346 18.414 53.119 41.048 33.297 24.94 19.954 54.433 39.279 30.431 24.911 20.446 14.88 15.085 15.064 14.648 12.902 26.149 32.701 25.884 14.719 11.219 8.593 13.117
30.013659 17.742 22.958 46.193 56.759 44.93 36.942 20.01 54.715 42.644 34.893 26.536 21.549 56.029 40.875 32.027 26.507 22.042 16.476 16.681 16.66 16.244 14.498 27.745 34.297 27.48 16.315 12.815 10.189 14.713
30.921401 19.436 24.652 47.886 58.453 46.624 38.636 21.704 56.409 44.338 36.587 28.23 23.243 57.723 42.569 33.721 28.201 23.736 18.17 18.375 18.354 17.938 16.192 29.439 35.991 29.174 18.009 14.509 11.883 16.406
31.856598 21.234 26.45 49.684 60.251 48.422 40.434 23.502 58.207 46.136 38.385 30.028 25.041 59.521 44.367 35.519 29.999 25.534 19.968 20.173 20.152 19.736 17.99 31.237 37.789 30.972 19.807 16.307 13.681 18.204
32.820079 23.142 28.358 51.593 62.159 50.33 42.342 25.411 60.116 48.045 40.293 31.937 26.95 61.43 46.275 37.428 31.908 27.442 21.877 22.081 22.06 21.645 19.899 33.146 39.697 32.88 21.716 18.215 15.589 20.113
