web/models/kne.last_good/kappa_0.5_3.0.v1/32/villar_0.4064_0.0300_0.5000.dat
# %ECSV 1.0
# ---
# datatype:
# - {name: time, datatype: float64}
# - {name: swift_uvot_uvw2, datatype: float64}
# - {name: swift_uvot_uvm2, datatype: float64}
# - {name: swift_uvot_uvw1, datatype: float64}
# - {name: swift_uvot_U, datatype: float64}
# - {name: swift_uvot_B, datatype: float64}
# - {name: swift_uvot_V, datatype: float64}
# - {name: swift_uvot_W, datatype: float64}
# - {name: johnson_U, datatype: float64}
# - {name: johnson_B, datatype: float64}
# - {name: johnson_V, datatype: float64}
# - {name: johnson_R, datatype: float64}
# - {name: johnson_I, datatype: float64}
# - {name: sdss_u, datatype: float64}
# - {name: sdss_g, datatype: float64}
# - {name: sdss_r, datatype: float64}
# - {name: sdss_i, datatype: float64}
# - {name: sdss_z, datatype: float64}
# - {name: PS1_g, datatype: float64}
# - {name: PS1_r, datatype: float64}
# - {name: PS1_i, datatype: float64}
# - {name: PS1_z, datatype: float64}
# - {name: PS1_Y, datatype: float64}
# - {name: PS1_w, datatype: float64}
# - {name: ATLAS_c, datatype: float64}
# - {name: ATLAS_o, datatype: float64}
# - {name: ukirt_J, datatype: float64}
# - {name: ukirt_H, datatype: float64}
# - {name: ukirt_K, datatype: float64}
# - {name: Clear, datatype: float64}
# meta: !!omap
# - comment: [kappa = 0.5, type = villar, mass = 0.4064473885499596, velocity = 0.030000000000000027, theta_obs = 0.0]
# schema: astropy-2.0
time swift_uvot_uvw2 swift_uvot_uvm2 swift_uvot_uvw1 swift_uvot_U swift_uvot_B swift_uvot_V swift_uvot_W johnson_U johnson_B johnson_V johnson_R johnson_I sdss_u sdss_g sdss_r sdss_i sdss_z PS1_g PS1_r PS1_i PS1_z PS1_Y PS1_w ATLAS_c ATLAS_o ukirt_J ukirt_H ukirt_K Clear
[from data line 287]
5.174227 -15.459 -15.752 -16.044 -16.509 -16.607 -16.566 -16.188 -16.535 -16.605 -16.561 -16.407 -16.163 -16.533 -16.603 -16.49 -16.324 -16.126 -16.609 -16.499 -16.332 -16.186 -16.11 -16.475 -16.566 -16.42 -15.652 -15.214 -14.673 -16.482
5.330718 -15.44 -15.738 -16.041 -16.521 -16.629 -16.595 -16.195 -16.549 -16.627 -16.589 -16.44 -16.2 -16.546 -16.627 -16.522 -16.36 -16.164 -16.634 -16.53 -16.368 -16.223 -16.148 -16.505 -16.593 -16.453 -15.695 -15.259 -14.719 -16.511
5.491942 -15.419 -15.723 -16.035 -16.532 -16.649 -16.622 -16.202 -16.561 -16.647 -16.617 -16.473 -16.238 -16.558 -16.65 -16.553 -16.395 -16.202 -16.658 -16.561 -16.403 -16.261 -16.186 -16.535 -16.619 -16.486 -15.737 -15.303 -14.765 -16.54
5.658042 -15.396 -15.705 -16.028 -16.542 -16.669 -16.649 -16.208 -16.573 -16.667 -16.644 -16.506 -16.275 -16.569 -16.672 -16.583 -16.429 -16.24 -16.682 -16.592 -16.437 -16.297 -16.224 -16.564 -16.645 -16.518 -15.779 -15.347 -14.811 -16.568
5.829166 -15.371 -15.686 -16.02 -16.55 -16.688 -16.676 -16.213 -16.583 -16.686 -16.671 -16.537 -16.311 -16.579 -16.693 -16.613 -16.463 -16.277 -16.704 -16.621 -16.471 -16.334 -16.261 -16.593 -16.67 -16.549 -15.82 -15.391 -14.857 -16.595
6.005465 -15.344 -15.665 -16.01 -16.557 -16.705 -16.701 -16.216 -16.592 -16.704 -16.696 -16.569 -16.347 -16.588 -16.714 -16.642 -16.497 -16.314 -16.725 -16.65 -16.505 -16.369 -16.297 -16.62 -16.694 -16.58 -15.861 -15.434 -14.902 -16.622
6.187096 -15.316 -15.642 -15.998 -16.563 -16.722 -16.726 -16.219 -16.6 -16.72 -16.721 -16.599 -16.382 -16.595 -16.733 -16.67 -16.53 -16.35 -16.746 -16.678 -16.537 -16.405 -16.334 -16.647 -16.717 -16.61 -15.902 -15.477 -14.947 -16.647
6.37422 -15.285 -15.617 -15.985 -16.568 -16.737 -16.749 -16.22 -16.606 -16.736 -16.745 -16.629 -16.417 -16.601 -16.752 -16.698 -16.562 -16.385 -16.766 -16.706 -16.569 -16.439 -16.369 -16.673 -16.74 -16.64 -15.942 -15.52 -14.992 -16.672
6.567004 -15.252 -15.589 -15.969 -16.571 -16.752 -16.772 -16.221 -16.611 -16.75 -16.768 -16.658 -16.451 -16.606 -16.769 -16.724 -16.593 -16.42 -16.784 -16.732 -16.601 -16.473 -16.405 -16.699 -16.761 -16.668 -15.982 -15.562 -15.036 -16.696
6.765619 -15.217 -15.559 -15.952 -16.572 -16.765 -16.794 -16.219 -16.615 -16.764 -16.79 -16.686 -16.485 -16.609 -16.785 -16.75 -16.624 -16.454 -16.802 -16.758 -16.632 -16.507 -16.439 -16.723 -16.782 -16.696 -16.021 -15.604 -15.081 -16.72
6.97024 -15.18 -15.527 -15.933 -16.572 -16.776 -16.815 -16.217 -16.617 -16.775 -16.811 -16.714 -16.518 -16.61 -16.8 -16.775 -16.654 -16.488 -16.818 -16.783 -16.662 -16.54 -16.473 -16.747 -16.801 -16.723 -16.06 -15.646 -15.124 -16.742
7.181051 -15.14 -15.492 -15.911 -16.57 -16.787 -16.835 -16.213 -16.617 -16.786 -16.831 -16.74 -16.55 -16.61 -16.814 -16.799 -16.683 -16.521 -16.833 -16.807 -16.691 -16.572 -16.507 -16.769 -16.819 -16.749 -16.098 -15.687 -15.168 -16.763
7.398237 -15.097 -15.454 -15.887 -16.567 -16.796 -16.853 -16.208 -16.616 -16.795 -16.85 -16.766 -16.582 -16.608 -16.827 -16.822 -16.711 -16.553 -16.847 -16.83 -16.719 -16.603 -16.54 -16.791 -16.836 -16.775 -16.136 -15.728 -15.211 -16.783
7.621991 -15.052 -15.414 -15.861 -16.561 -16.803 -16.871 -16.201 -16.613 -16.803 -16.868 -16.791 -16.612 -16.604 -16.838 -16.844 -16.739 -16.585 -16.859 -16.852 -16.747 -16.634 -16.572 -16.812 -16.852 -16.799 -16.173 -15.768 -15.253 -16.803
7.852513 -15.004 -15.37 -15.833 -16.554 -16.809 -16.887 -16.193 -16.607 -16.809 -16.884 -16.814 -16.642 -16.599 -16.847 -16.865 -16.766 -16.615 -16.87 -16.872 -16.773 -16.664 -16.603 -16.831 -16.867 -16.822 -16.209 -15.808 -15.296 -16.821
8.090007 -14.952 -15.324 -15.801 -16.544 -16.814 -16.902 -16.183 -16.6 -16.813 -16.899 -16.837 -16.671 -16.591 -16.855 -16.884 -16.791 -16.645 -16.88 -16.892 -16.799 -16.693 -16.634 -16.849 -16.88 -16.844 -16.245 -15.847 -15.337 -16.838
8.334684 -14.898 -15.273 -15.767 -16.532 -16.816 -16.915 -16.171 -16.591 -16.816 -16.913 -16.858 -16.699 -16.581 -16.862 -16.903 -16.816 -16.674 -16.888 -16.91 -16.823 -16.721 -16.663 -16.866 -16.892 -16.865 -16.281 -15.885 -15.379 -16.853
8.586761 -14.84 -15.22 -15.73 -16.518 -16.817 -16.927 -16.157 -16.579 -16.817 -16.925 -16.879 -16.726 -16.569 -16.867 -16.92 -16.839 -16.702 -16.894 -16.927 -16.847 -16.748 -16.692 -16.882 -16.902 -16.885 -16.315 -15.923 -15.419 -16.867
8.846461 -14.779 -15.162 -15.69 -16.501 -16.815 -16.937 -16.141 -16.565 -16.815 -16.935 -16.898 -16.753 -16.554 -16.869 -16.935 -16.861 -16.729 -16.899 -16.943 -16.869 -16.774 -16.721 -16.896 -16.91 -16.904 -16.349 -15.961 -15.46 -16.88
9.114017 -14.714 -15.101 -15.646 -16.482 -16.812 -16.946 -16.123 -16.548 -16.812 -16.944 -16.915 -16.778 -16.536 -16.87 -16.949 -16.882 -16.755 -16.901 -16.957 -16.89 -16.799 -16.748 -16.909 -16.917 -16.921 -16.382 -15.998 -15.5 -16.892
9.389664 -14.646 -15.035 -15.599 -16.459 -16.806 -16.952 -16.103 -16.529 -16.807 -16.951 -16.932 -16.801 -16.516 -16.869 -16.962 -16.902 -16.78 -16.902 -16.969 -16.91 -16.823 -16.774 -16.92 -16.922 -16.936 -16.414 -16.034 -15.539 -16.901
9.673648 -14.573 -14.964 -15.549 -16.434 -16.798 -16.957 -16.08 -16.507 -16.799 -16.956 -16.946 -16.824 -16.493 -16.866 -16.973 -16.92 -16.804 -16.9 -16.98 -16.928 -16.846 -16.799 -16.93 -16.925 -16.95 -16.446 -16.069 -15.577 -16.909
9.966221 -14.496 -14.889 -15.494 -16.405 -16.787 -16.96 -16.055 -16.481 -16.788 -16.959 -16.959 -16.845 -16.467 -16.86 -16.982 -16.937 -16.826 -16.897 -16.989 -16.945 -16.867 -16.822 -16.937 -16.926 -16.963 -16.476 -16.103 -15.615 -16.916
10.267642 -14.414 -14.809 -15.435 -16.373 -16.773 -16.96 -16.027 -16.452 -16.775 -16.96 -16.971 -16.865 -16.437 -16.851 -16.989 -16.952 -16.847 -16.89 -16.997 -16.96 -16.887 -16.845 -16.943 -16.925 -16.974 -16.505 -16.137 -15.652 -16.92
10.57818 -14.328 -14.723 -15.372 -16.338 -16.757 -16.959 -15.997 -16.42 -16.759 -16.959 -16.98 -16.884 -16.404 -16.84 -16.994 -16.966 -16.867 -16.882 -17.002 -16.974 -16.906 -16.866 -16.947 -16.921 -16.982 -16.533 -16.17 -15.689 -16.922
10.89811 -14.237 -14.631 -15.303 -16.298 -16.737 -16.954 -15.963 -16.384 -16.739 -16.955 -16.987 -16.901 -16.367 -16.827 -16.996 -16.978 -16.885 -16.87 -17.005 -16.986 -16.922 -16.886 -16.949 -16.915 -16.989 -16.56 -16.202 -15.724 -16.922
11.227716 -14.141 -14.533 -15.23 -16.254 -16.714 -16.947 -15.927 -16.344 -16.717 -16.948 -16.993 -16.916 -16.325 -16.81 -16.997 -16.987 -16.902 -16.856 -17.005 -16.996 -16.938 -16.904 -16.948 -16.906 -16.994 -16.586 -16.232 -15.759 -16.92
11.56729 -14.039 -14.429 -15.152 -16.206 -16.688 -16.937 -15.887 -16.299 -16.691 -16.939 -16.996 -16.929 -16.28 -16.789 -16.995 -16.995 -16.916 -16.838 -17.003 -17.004 -16.951 -16.921 -16.945 -16.894 -16.996 -16.611 -16.262 -15.793 -16.916
11.917135 -13.931 -14.317 -15.067 -16.153 -16.657 -16.924 -15.843 -16.25 -16.661 -16.927 -16.996 -16.94 -16.229 -16.765 -16.99 -17.0 -16.929 -16.817 -16.999 -17.009 -16.963 -16.936 -16.939 -16.879 -16.996 -16.634 -16.291 -15.826 -16.908
12.277561 -13.818 -14.197 -14.977 -16.094 -16.623 -16.908 -15.795 -16.196 -16.627 -16.911 -16.995 -16.95 -16.174 -16.738 -16.982 -17.003 -16.94 -16.792 -16.991 -17.013 -16.972 -16.949 -16.93 -16.861 -16.993 -16.655 -16.318 -15.858 -16.898
12.648887 -13.698 -14.07 -14.879 -16.03 -16.584 -16.888 -15.744 -16.137 -16.588 -16.892 -16.99 -16.957 -16.113 -16.706 -16.972 -17.004 -16.948 -16.763 -16.981 -17.013 -16.979 -16.96 -16.918 -16.839 -16.987 -16.675 -16.344 -15.889 -16.885
13.031444 -13.572 -13.933 -14.775 -15.961 -16.54 -16.865 -15.688 -16.072 -16.545 -16.869 -16.982 -16.961 -16.046 -16.67 -16.958 -17.002 -16.955 -16.73 -16.967 -17.011 -16.984 -16.969 -16.903 -16.813 -16.978 -16.694 -16.369 -15.918 -16.869
13.425571 -13.44 -13.787 -14.663 -15.884 -16.491 -16.837 -15.627 -16.0 -16.497 -16.842 -16.971 -16.963 -15.973 -16.629 -16.94 -16.996 -16.958 -16.693 -16.949 -17.006 -16.986 -16.975 -16.885 -16.783 -16.966 -16.71 -16.392 -15.947 -16.849
13.831619 -13.3 -13.631 -14.543 -15.801 -16.437 -16.805 -15.562 -15.922 -16.443 -16.81 -16.956 -16.963 -15.893 -16.583 -16.918 -16.988 -16.959 -16.65 -16.928 -16.998 -16.986 -16.979 -16.863 -16.749 -16.951 -16.724 -16.413 -15.974 -16.825
14.249947 -13.154 -13.463 -14.414 -15.71 -16.376 -16.768 -15.49 -15.836 -16.383 -16.774 -16.938 -16.959 -15.806 -16.532 -16.892 -16.976 -16.957 -16.603 -16.902 -16.986 -16.982 -16.981 -16.836 -16.709 -16.931 -16.736 -16.433 -16.0 -16.798
14.680926 -13.001 -13.284 -14.276 -15.611 -16.309 -16.725 -15.414 -15.743 -16.317 -16.732 -16.915 -16.952 -15.711 -16.474 -16.862 -16.96 -16.952 -16.549 -16.872 -16.971 -16.976 -16.979 -16.806 -16.665 -16.908 -16.746 -16.451 -16.024 -16.766
15.124941 -12.841 -13.091 -14.128 -15.503 -16.235 -16.677 -15.331 -15.641 -16.243 -16.685 -16.888 -16.941 -15.607 -16.41 -16.826 -16.94 -16.943 -16.49 -16.837 -16.951 -16.965 -16.974 -16.77 -16.615 -16.879 -16.754 -16.467 -16.046 -16.73
15.582385 -12.675 -12.885 -13.969 -15.386 -16.154 -16.623 -15.241 -15.53 -16.163 -16.632 -16.857 -16.927 -15.494 -16.339 -16.785 -16.915 -16.931 -16.423 -16.797 -16.927 -16.951 -16.966 -16.729 -16.559 -16.846 -16.758 -16.48 -16.067 -16.688
16.053663 -12.502 -12.664 -13.798 -15.258 -16.064 -16.562 -15.144 -15.409 -16.074 -16.572 -16.82 -16.908 -15.37 -16.26 -16.739 -16.886 -16.915 -16.35 -16.751 -16.899 -16.933 -16.954 -16.683 -16.496 -16.808 -16.76 -16.491 -16.086 -16.642
16.539195 -12.324 -12.426 -13.615 -15.119 -15.965 -16.494 -15.04 -15.277 -15.976 -16.505 -16.777 -16.885 -15.236 -16.174 -16.685 -16.852 -16.894 -16.268 -16.698 -16.865 -16.91 -16.938 -16.631 -16.426 -16.764 -16.758 -16.5 -16.103 -16.589
17.039412 -12.141 -12.17 -13.419 -14.968 -15.856 -16.418 -14.927 -15.133 -15.868 -16.431 -16.728 -16.857 -15.089 -16.078 -16.625 -16.812 -16.868 -16.178 -16.639 -16.825 -16.882 -16.918 -16.572 -16.348 -16.713 -16.753 -16.506 -16.117 -16.53
17.554757 -11.954 -11.895 -13.207 -14.803 -15.736 -16.333 -14.805 -14.977 -15.75 -16.347 -16.673 -16.823 -14.929 -15.972 -16.558 -16.765 -16.838 -16.079 -16.572 -16.779 -16.849 -16.893 -16.507 -16.261 -16.656 -16.745 -16.509 -16.13 -16.465
18.085689 -11.766 -11.599 -12.981 -14.624 -15.605 -16.239 -14.673 -14.806 -15.62 -16.255 -16.61 -16.784 -14.755 -15.855 -16.482 -16.712 -16.801 -15.969 -16.497 -16.727 -16.81 -16.863 -16.433 -16.165 -16.591 -16.732 -16.509 -16.139 -16.392
18.632678 -11.577 -11.28 -12.737 -14.428 -15.461 -16.134 -14.531 -14.619 -15.477 -16.152 -16.539 -16.738 -14.565 -15.727 -16.397 -16.651 -16.758 -15.848 -16.413 -16.667 -16.765 -16.827 -16.351 -16.059 -16.519 -16.714 -16.505 -16.146 -16.311
19.196211 -11.39 -10.936 -12.475 -14.215 -15.302 -16.018 -14.377 -14.416 -15.321 -16.037 -16.459 -16.685 -14.357 -15.585 -16.302 -16.582 -16.709 -15.715 -16.319 -16.599 -16.712 -16.785 -16.26 -15.942 -16.437 -16.692 -16.497 -16.15 -16.222
19.776787 -11.206 -10.566 -12.194 -13.983 -15.128 -15.889 -14.211 -14.194 -15.149 -15.911 -16.369 -16.625 -14.131 -15.43 -16.196 -16.504 -16.651 -15.569 -16.215 -16.522 -16.652 -16.735 -16.159 -15.813 -16.345 -16.664 -16.485 -16.151 -16.124
20.374923 -11.029 -10.165 -11.893 -13.729 -14.938 -15.747 -14.032 -13.951 -14.96 -15.771 -16.269 -16.556 -13.883 -15.258 -16.077 -16.416 -16.586 -15.408 -16.098 -16.435 -16.583 -16.679 -16.046 -15.67 -16.242 -16.631 -16.469 -16.148 -16.015
20.991149 -10.858 -9.734 -11.568 -13.452 -14.728 -15.589 -13.838 -13.686 -14.753 -15.615 -16.157 -16.478 -13.613 -15.07 -15.946 -16.317 -16.511 -15.232 -15.969 -16.338 -16.505 -16.614 -15.922 -15.512 -16.128 -16.591 -16.447 -16.141 -15.896
21.626011 -10.695 -9.268 -11.22 -13.149 -14.497 -15.414 -13.627 -13.396 -14.526 -15.443 -16.032 -16.389 -13.317 -14.863 -15.799 -16.206 -16.426 -15.037 -15.825 -16.228 -16.417 -16.54 -15.785 -15.338 -16.0 -16.543 -16.42 -16.129 -15.764
22.280075 -10.54 -8.766 -10.846 -12.818 -14.244 -15.22 -13.4 -13.079 -14.276 -15.253 -15.893 -16.289 -12.993 -14.634 -15.637 -16.082 -16.33 -14.824 -15.665 -16.105 -16.317 -16.455 -15.632 -15.146 -15.858 -16.488 -16.387 -16.113 -15.62
22.953921 -10.392 -8.227 -10.445 -12.455 -13.965 -15.006 -13.153 -12.73 -14.001 -15.043 -15.738 -16.176 -12.637 -14.382 -15.456 -15.942 -16.222 -14.59 -15.487 -15.967 -16.204 -16.36 -15.464 -14.934 -15.699 -16.424 -16.346 -16.092 -15.462
23.648147 -10.25 -7.652 -10.014 -12.057 -13.658 -14.768 -12.885 -12.348 -13.698 -14.809 -15.565 -16.049 -12.247 -14.105 -15.255 -15.786 -16.099 -14.333 -15.29 -15.813 -16.076 -16.251 -15.278 -14.701 -15.523 -16.349 -16.299 -16.065 -15.288
24.363369 -10.112 -7.047 -9.552 -11.619 -13.319 -14.505 -12.593 -11.928 -13.365 -14.551 -15.373 -15.906 -11.818 -13.798 -15.031 -15.611 -15.961 -14.052 -15.07 -15.64 -15.933 -16.129 -15.072 -14.442 -15.327 -16.264 -16.243 -16.032 -15.098
25.100222 -9.974 -6.423 -9.057 -11.138 -12.945 -14.212 -12.277 -11.466 -12.997 -14.264 -15.159 -15.746 -11.345 -13.46 -14.782 -15.415 -15.806 -13.744 -14.827 -15.447 -15.772 -15.991 -14.844 -14.157 -15.109 -16.167 -16.177 -15.992 -14.891
25.859362 -9.835 -5.807 -8.526 -10.608 -12.531 -13.887 -11.933 -10.956 -12.591 -13.946 -14.92 -15.566 -10.824 -13.085 -14.504 -15.195 -15.631 -13.407 -14.557 -15.231 -15.591 -15.836 -14.591 -13.841 -14.865 -16.056 -16.101 -15.944 -14.664
26.64146 -9.691 -5.237 -7.956 -10.023 -12.073 -13.526 -11.558 -10.393 -12.142 -13.592 -14.654 -15.364 -10.249 -12.67 -14.195 -14.95 -15.434 -13.041 -14.256 -14.99 -15.388 -15.66 -14.311 -13.49 -14.594 -15.929 -16.014 -15.887 -14.417
27.447213 -9.539 -4.752 -7.345 -9.376 -11.566 -13.123 -11.149 -9.77 -11.644 -13.198 -14.357 -15.137 -9.612 -12.21 -13.85 -14.674 -15.212 -12.645 -13.923 -14.719 -15.159 -15.463 -14.0 -13.102 -14.292 -15.785 -15.913 -15.821 -14.147
28.277335 -9.379 -4.372 -6.687 -8.659 -11.002 -12.674 -10.704 -9.08 -11.092 -12.759 -14.025 -14.882 -8.906 -11.698 -13.464 -14.365 -14.962 -12.22 -13.552 -14.416 -14.901 -15.241 -13.655 -12.671 -13.954 -15.621 -15.797 -15.743 -13.855
29.132564 -9.206 -4.079 -5.978 -7.864 -10.374 -12.172 -10.219 -8.313 -10.479 -12.269 -13.655 -14.595 -8.121 -11.128 -13.032 -14.018 -14.68 -11.771 -13.141 -14.076 -14.611 -14.991 -13.271 -12.191 -13.576 -15.434 -15.664 -15.653 -13.539
30.013659 -9.019 -3.836 -5.21 -6.979 -9.674 -11.61 -9.69 -7.46 -9.796 -11.721 -13.24 -14.272 -7.247 -10.493 -12.548 -13.627 -14.362 -11.304 -12.685 -13.694 -14.284 -14.709 -12.842 -11.657 -13.154 -15.221 -15.512 -15.549 -13.199
30.921401 -8.815 -3.61 -4.377 -5.991 -8.892 -10.979 -9.117 -6.507 -9.035 -11.107 -12.775 -13.908 -6.272 -9.783 -12.004 -13.186 -14.002 -10.832 -12.182 -13.266 -13.916 -14.392 -12.364 -11.059 -12.68 -14.979 -15.337 -15.428 -12.835
31.856598 -8.592 -3.379 -3.467 -4.887 -8.016 -10.269 -8.499 -5.441 -8.184 -10.417 -12.252 -13.497 -5.179 -8.987 -11.392 -12.689 -13.595 -10.37 -11.63 -12.785 -13.5 -14.035 -11.829 -10.391 -12.148 -14.703 -15.137 -15.289 -12.448
32.820079 -8.348 -3.132 -2.468 -3.648 -7.032 -9.469 -7.839 -4.245 -7.23 -9.642 -11.664 -13.032 -3.953 -8.093 -10.7 -12.126 -13.133 -9.931 -11.031 -12.246 -13.029 -13.633 -11.228 -9.641 -11.549 -14.387 -14.907 -15.128 -12.041
33.8127 -8.078 -2.862 -1.367 -2.254 -5.923 -8.565 -7.149 -2.899 -6.159 -8.767 -11.001 -12.505 -2.573 -7.086 -9.919 -11.487 -12.608 -9.52 -10.393 -11.643 -12.498 -13.181 -10.552 -8.798 -10.873 -14.025 -14.643 -14.943 -11.616
34.835342 -7.779 -2.563 -0.146 -0.681 -4.67 -7.54 -6.449 -1.379 -4.953 -7.778 -10.252 -11.908 -1.014 -5.947 -9.032 -10.761 -12.009 -9.132 -9.734 -10.973 -11.899 -12.675 -9.789 -7.846 -10.109 -13.611 -14.339 -14.728 -11.178
35.888913 -7.447 -2.231 1.215 1.1 -3.25 -6.373 -5.769 0.344 -3.59 -6.657 -9.404 -11.228 0.752 -4.657 -8.022 -9.932 -11.325 -8.751 -9.08 -10.234 -11.225 -12.111 -8.925 -6.769 -9.242 -13.134 -13.989 -14.48 -10.728
36.974349 -7.076 -1.86 2.737 3.126 -1.635 -5.043 -5.134 2.303 -2.046 -5.382 -8.44 -10.453 2.761 -3.189 -6.871 -8.984 -10.542 -8.357 -8.457 -9.438 -10.471 -11.488 -7.943 -5.545 -8.257 -12.585 -13.583 -14.191 -10.265
