web/models/kne.last_good/kappa_0.5_3.0.v2/22/villar_0.1173_0.0770_3.0000.dat
# %ECSV 1.0
# ---
# datatype:
# - {name: time, datatype: float64}
# - {name: swift_uvot_uvw2, datatype: float64}
# - {name: swift_uvot_uvm2, datatype: float64}
# - {name: swift_uvot_uvw1, datatype: float64}
# - {name: swift_uvot_U, datatype: float64}
# - {name: swift_uvot_B, datatype: float64}
# - {name: swift_uvot_V, datatype: float64}
# - {name: swift_uvot_W, datatype: float64}
# - {name: johnson_U, datatype: float64}
# - {name: johnson_B, datatype: float64}
# - {name: johnson_V, datatype: float64}
# - {name: johnson_R, datatype: float64}
# - {name: johnson_I, datatype: float64}
# - {name: sdss_u, datatype: float64}
# - {name: sdss_g, datatype: float64}
# - {name: sdss_r, datatype: float64}
# - {name: sdss_i, datatype: float64}
# - {name: sdss_z, datatype: float64}
# - {name: PS1_g, datatype: float64}
# - {name: PS1_r, datatype: float64}
# - {name: PS1_i, datatype: float64}
# - {name: PS1_z, datatype: float64}
# - {name: PS1_Y, datatype: float64}
# - {name: PS1_w, datatype: float64}
# - {name: ATLAS_c, datatype: float64}
# - {name: ATLAS_o, datatype: float64}
# - {name: ukirt_J, datatype: float64}
# - {name: ukirt_H, datatype: float64}
# - {name: ukirt_K, datatype: float64}
# - {name: Clear, datatype: float64}
# meta: !!omap
# - comment: [kappa = 3.0, type = villar, mass = 0.11727632184323686, velocity = 0.07700000000000001, theta_obs = 0.0, tfloor = 2500.0]
# schema: astropy-2.0
time swift_uvot_uvw2 swift_uvot_uvm2 swift_uvot_uvw1 swift_uvot_U swift_uvot_B swift_uvot_V swift_uvot_W johnson_U johnson_B johnson_V johnson_R johnson_I sdss_u sdss_g sdss_r sdss_i sdss_z PS1_g PS1_r PS1_i PS1_z PS1_Y PS1_w ATLAS_c ATLAS_o ukirt_J ukirt_H ukirt_K Clear
[from data line 344]
28.277335 -6.836 -1.638 -2.604 -4.307 -7.093 -9.096 -7.211 -4.803 -7.224 -9.214 -10.799 -11.876 -4.581 -7.944 -10.073 -11.197 -11.968 -8.918 -10.242 -11.276 -11.892 -12.351 -10.396 -9.157 -10.709 -12.879 -13.2 -13.26 -10.856
29.132564 -6.788 -1.589 -2.555 -4.258 -7.045 -9.047 -7.163 -4.755 -7.176 -9.166 -10.75 -11.827 -4.532 -7.895 -10.024 -11.149 -11.92 -8.87 -10.193 -11.227 -11.843 -12.302 -10.347 -9.109 -10.661 -12.831 -13.151 -13.212 -10.807
30.013659 -6.74 -1.541 -2.507 -4.21 -6.997 -8.999 -7.114 -4.707 -7.128 -9.117 -10.702 -11.779 -4.484 -7.847 -9.976 -11.1 -11.871 -8.822 -10.145 -11.179 -11.795 -12.254 -10.299 -9.06 -10.612 -12.782 -13.103 -13.163 -10.759
30.921401 -6.691 -1.493 -2.459 -4.162 -6.948 -8.951 -7.066 -4.659 -7.079 -9.069 -10.654 -11.731 -4.436 -7.799 -9.928 -11.052 -11.823 -8.773 -10.097 -11.131 -11.747 -12.206 -10.251 -9.012 -10.564 -12.734 -13.055 -13.115 -10.711
31.856598 -6.643 -1.445 -2.411 -4.114 -6.9 -8.903 -7.018 -4.611 -7.031 -9.021 -10.606 -11.683 -4.388 -7.751 -9.88 -11.004 -11.775 -8.725 -10.049 -11.083 -11.699 -12.158 -10.203 -8.964 -10.516 -12.686 -13.007 -13.067 -10.663
32.820079 -6.596 -1.397 -2.363 -4.066 -6.853 -8.855 -6.97 -4.563 -6.984 -8.973 -10.558 -11.635 -4.34 -7.703 -9.832 -10.956 -11.727 -8.678 -10.001 -11.035 -11.651 -12.11 -10.155 -8.916 -10.468 -12.638 -12.959 -13.019 -10.615
33.8127 -6.548 -1.349 -2.315 -4.018 -6.805 -8.807 -6.923 -4.515 -6.936 -8.926 -10.51 -11.587 -4.292 -7.655 -9.784 -10.909 -11.68 -8.63 -9.953 -10.987 -11.603 -12.062 -10.107 -8.869 -10.421 -12.591 -12.911 -12.972 -10.567
34.835342 -6.5 -1.302 -2.268 -3.971 -6.757 -8.76 -6.875 -4.467 -6.888 -8.878 -10.463 -11.54 -4.245 -7.608 -9.736 -10.861 -11.632 -8.582 -9.906 -10.94 -11.555 -12.015 -10.059 -8.821 -10.373 -12.543 -12.863 -12.924 -10.52
35.888913 -6.453 -1.254 -2.22 -3.923 -6.71 -8.712 -6.828 -4.42 -6.841 -8.83 -10.415 -11.492 -4.197 -7.56 -9.689 -10.814 -11.584 -8.535 -9.858 -10.892 -11.508 -11.967 -10.012 -8.774 -10.326 -12.496 -12.816 -12.877 -10.472
36.974349 -6.405 -1.207 -2.173 -3.876 -6.663 -8.665 -6.78 -4.373 -6.794 -8.783 -10.368 -11.445 -4.15 -7.513 -9.642 -10.766 -11.537 -8.488 -9.811 -10.845 -11.461 -11.92 -9.965 -8.726 -10.278 -12.448 -12.769 -12.829 -10.425
38.092613 -6.358 -1.16 -2.126 -3.828 -6.615 -8.617 -6.733 -4.325 -6.746 -8.736 -10.321 -11.398 -4.103 -7.466 -9.594 -10.719 -11.49 -8.44 -9.764 -10.798 -11.413 -11.872 -9.917 -8.679 -10.231 -12.401 -12.721 -12.782 -10.377
39.244698 -6.311 -1.113 -2.078 -3.781 -6.568 -8.57 -6.686 -4.278 -6.699 -8.689 -10.274 -11.35 -4.055 -7.418 -9.547 -10.672 -11.443 -8.393 -9.717 -10.75 -11.366 -11.825 -9.87 -8.632 -10.184 -12.354 -12.674 -12.735 -10.33
40.431627 -6.264 -1.065 -2.031 -3.734 -6.521 -8.523 -6.639 -4.231 -6.652 -8.642 -10.226 -11.303 -4.008 -7.371 -9.5 -10.625 -11.396 -8.346 -9.669 -10.703 -11.319 -11.778 -9.823 -8.585 -10.137 -12.307 -12.627 -12.688 -10.283
41.654454 -6.217 -1.018 -1.984 -3.687 -6.474 -8.476 -6.592 -4.184 -6.605 -8.594 -10.179 -11.256 -3.961 -7.324 -9.453 -10.578 -11.348 -8.299 -9.622 -10.656 -11.272 -11.731 -9.776 -8.538 -10.09 -12.26 -12.58 -12.641 -10.236
42.914265 -6.17 -0.971 -1.937 -3.64 -6.427 -8.429 -6.545 -4.137 -6.558 -8.547 -10.132 -11.209 -3.914 -7.277 -9.406 -10.531 -11.301 -8.252 -9.575 -10.609 -11.225 -11.684 -9.729 -8.491 -10.043 -12.213 -12.533 -12.594 -10.189
44.212178 -6.123 -0.924 -1.89 -3.593 -6.38 -8.382 -6.498 -4.09 -6.511 -8.5 -10.085 -11.162 -3.867 -7.23 -9.359 -10.484 -11.254 -8.205 -9.528 -10.562 -11.178 -11.637 -9.682 -8.444 -9.996 -12.166 -12.486 -12.547 -10.142
45.549345 -6.076 -0.877 -1.843 -3.546 -6.333 -8.335 -6.451 -4.043 -6.464 -8.454 -10.038 -11.115 -3.82 -7.183 -9.312 -10.437 -11.208 -8.158 -9.481 -10.515 -11.131 -11.59 -9.635 -8.397 -9.949 -12.119 -12.439 -12.5 -10.095
46.926954 -6.029 -0.83 -1.796 -3.499 -6.286 -8.288 -6.404 -3.996 -6.417 -8.407 -9.991 -11.068 -3.773 -7.136 -9.265 -10.39 -11.161 -8.111 -9.434 -10.468 -11.084 -11.543 -9.588 -8.35 -9.902 -12.072 -12.392 -12.453 -10.048
48.346227 -5.982 -0.784 -1.749 -3.452 -6.239 -8.241 -6.357 -3.949 -6.37 -8.36 -9.945 -11.021 -3.726 -7.089 -9.218 -10.343 -11.114 -8.064 -9.388 -10.421 -11.037 -11.496 -9.541 -8.303 -9.855 -12.025 -12.345 -12.406 -10.001
49.808426 -5.935 -0.737 -1.703 -3.405 -6.192 -8.194 -6.31 -3.902 -6.323 -8.313 -9.898 -10.974 -3.679 -7.042 -9.171 -10.296 -11.067 -8.017 -9.341 -10.375 -10.99 -11.449 -9.494 -8.256 -9.808 -11.978 -12.298 -12.359 -9.954
51.314848 -5.888 -0.69 -1.656 -3.358 -6.145 -8.147 -6.263 -3.855 -6.276 -8.266 -9.851 -10.928 -3.633 -6.996 -9.124 -10.249 -11.02 -7.97 -9.294 -10.328 -10.943 -11.402 -9.447 -8.209 -9.761 -11.931 -12.251 -12.312 -9.907
52.86683 -5.841 -0.643 -1.609 -3.311 -6.098 -8.1 -6.216 -3.808 -6.229 -8.219 -9.804 -10.881 -3.586 -6.949 -9.077 -10.202 -10.973 -7.923 -9.247 -10.281 -10.896 -11.356 -9.4 -8.162 -9.714 -11.884 -12.204 -12.265 -9.86
54.465752 -5.794 -0.596 -1.562 -3.265 -6.051 -8.054 -6.169 -3.761 -6.182 -8.172 -9.757 -10.834 -3.539 -6.902 -9.03 -10.155 -10.926 -7.876 -9.2 -10.234 -10.849 -11.309 -9.353 -8.115 -9.667 -11.837 -12.157 -12.218 -9.814
56.113031 -5.747 -0.549 -1.515 -3.218 -6.004 -8.007 -6.122 -3.714 -6.135 -8.125 -9.71 -10.787 -3.492 -6.855 -8.983 -10.108 -10.879 -7.829 -9.153 -10.187 -10.802 -11.262 -9.306 -8.068 -9.62 -11.79 -12.11 -12.171 -9.767
57.810132 -5.7 -0.502 -1.468 -3.171 -5.957 -7.96 -6.075 -3.667 -6.088 -8.078 -9.663 -10.74 -3.445 -6.808 -8.936 -10.061 -10.832 -7.782 -9.106 -10.14 -10.755 -11.215 -9.259 -8.021 -9.573 -11.743 -12.063 -12.124 -9.72
59.55856 -5.653 -0.455 -1.421 -3.124 -5.91 -7.912 -6.028 -3.62 -6.041 -8.031 -9.616 -10.693 -3.398 -6.761 -8.889 -10.014 -10.785 -7.735 -9.059 -10.093 -10.708 -11.168 -9.212 -7.974 -9.526 -11.696 -12.016 -12.077 -9.673
61.359868 -5.606 -0.408 -1.374 -3.076 -5.863 -7.865 -5.981 -3.573 -5.994 -7.984 -9.569 -10.646 -3.351 -6.714 -8.842 -9.967 -10.738 -7.688 -9.012 -10.046 -10.661 -11.12 -9.165 -7.927 -9.479 -11.649 -11.969 -12.03 -9.625
63.215655 -5.559 -0.361 -1.326 -3.029 -5.816 -7.818 -5.934 -3.526 -5.947 -7.937 -9.522 -10.598 -3.303 -6.666 -8.795 -9.92 -10.691 -7.641 -8.965 -9.998 -10.614 -11.073 -9.118 -7.88 -9.432 -11.602 -11.922 -11.983 -9.578
65.127569 -5.512 -0.313 -1.279 -2.982 -5.769 -7.771 -5.887 -3.479 -5.9 -7.89 -9.474 -10.551 -3.256 -6.619 -8.748 -9.873 -10.644 -7.594 -8.917 -9.951 -10.567 -11.026 -9.071 -7.833 -9.385 -11.555 -11.875 -11.936 -9.531
67.097308 -5.465 -0.266 -1.232 -2.935 -5.722 -7.724 -5.839 -3.432 -5.853 -7.842 -9.427 -10.504 -3.209 -6.572 -8.701 -9.826 -10.596 -7.547 -8.87 -9.904 -10.52 -10.979 -9.024 -7.785 -9.338 -11.508 -11.828 -11.888 -9.484
69.126621 -5.417 -0.219 -1.185 -2.888 -5.675 -7.677 -5.792 -3.385 -5.806 -7.795 -9.38 -10.457 -3.162 -6.525 -8.654 -9.778 -10.549 -7.5 -8.823 -9.857 -10.473 -10.932 -8.977 -7.738 -9.29 -11.46 -11.781 -11.841 -9.437
71.217308 -5.37 -0.172 -1.138 -2.84 -5.627 -7.629 -5.745 -3.337 -5.758 -7.748 -9.333 -10.41 -3.115 -6.478 -8.606 -9.731 -10.502 -7.452 -8.776 -9.81 -10.425 -10.884 -8.929 -7.691 -9.243 -11.413 -11.733 -11.794 -9.389
73.371227 -5.323 -0.124 -1.09 -2.793 -5.58 -7.582 -5.698 -3.29 -5.711 -7.7 -9.285 -10.362 -3.067 -6.43 -8.559 -9.684 -10.454 -7.405 -8.728 -9.762 -10.378 -10.837 -8.882 -7.644 -9.196 -11.366 -11.686 -11.747 -9.342
75.59029 -5.275 -0.077 -1.043 -2.746 -5.532 -7.535 -5.65 -3.242 -5.663 -7.653 -9.238 -10.315 -3.02 -6.383 -8.512 -9.636 -10.407 -7.357 -8.681 -9.715 -10.331 -10.79 -8.835 -7.596 -9.148 -11.318 -11.639 -11.699 -9.295
77.876467 -5.228 -0.029 -0.995 -2.698 -5.485 -7.487 -5.603 -3.195 -5.616 -7.606 -9.19 -10.267 -2.972 -6.335 -8.464 -9.589 -10.36 -7.31 -8.633 -9.667 -10.283 -10.742 -8.787 -7.549 -9.101 -11.271 -11.591 -11.652 -9.247
80.231787 -5.18 0.018 -0.948 -2.651 -5.437 -7.44 -5.555 -3.148 -5.569 -7.558 -9.143 -10.22 -2.925 -6.288 -8.417 -9.541 -10.312 -7.262 -8.586 -9.62 -10.236 -10.695 -8.74 -7.501 -9.053 -11.223 -11.544 -11.604 -9.2
82.658343 -5.133 0.066 -0.9 -2.603 -5.39 -7.392 -5.508 -3.1 -5.521 -7.511 -9.095 -10.172 -2.877 -6.24 -8.369 -9.494 -10.265 -7.215 -8.538 -9.572 -10.188 -10.647 -8.692 -7.454 -9.006 -11.176 -11.496 -11.557 -9.152
85.158288 -5.085 0.113 -0.853 -2.555 -5.342 -7.344 -5.46 -3.052 -5.473 -7.463 -9.048 -10.125 -2.83 -6.193 -8.321 -9.446 -10.217 -7.167 -8.491 -9.525 -10.14 -10.6 -8.644 -7.406 -8.958 -11.128 -11.448 -11.509 -9.104
87.733843 -5.038 0.161 -0.805 -2.508 -5.295 -7.297 -5.412 -3.005 -5.426 -7.415 -9.0 -10.077 -2.782 -6.145 -8.274 -9.398 -10.169 -7.12 -8.443 -9.477 -10.093 -10.552 -8.597 -7.358 -8.91 -11.08 -11.401 -11.461 -9.057
90.387293 -4.99 0.209 -0.757 -2.46 -5.247 -7.249 -5.365 -2.957 -5.378 -7.367 -8.952 -10.029 -2.734 -6.097 -8.226 -9.351 -10.121 -7.072 -8.395 -9.429 -10.045 -10.504 -8.549 -7.311 -8.863 -11.033 -11.353 -11.414 -9.009
93.120995 -4.942 0.256 -0.709 -2.412 -5.199 -7.201 -5.317 -2.909 -5.33 -7.32 -8.905 -9.981 -2.686 -6.049 -8.178 -9.303 -10.074 -7.024 -8.348 -9.381 -9.997 -10.456 -8.501 -7.263 -8.815 -10.985 -11.305 -11.366 -8.961
95.937376 -4.894 0.304 -0.662 -2.364 -5.151 -7.153 -5.269 -2.861 -5.282 -7.272 -8.857 -9.934 -2.639 -6.002 -8.13 -9.255 -10.026 -6.976 -8.3 -9.334 -9.949 -10.408 -8.453 -7.215 -8.767 -10.937 -11.257 -11.318 -8.913
98.838937 -4.846 0.352 -0.614 -2.316 -5.103 -7.105 -5.221 -2.813 -5.234 -7.224 -8.809 -9.886 -2.591 -5.954 -8.082 -9.207 -9.978 -6.928 -8.252 -9.286 -9.901 -10.361 -8.405 -7.167 -8.719 -10.889 -11.209 -11.27 -8.866
101.828253 -4.798 0.4 -0.566 -2.269 -5.055 -7.057 -5.173 -2.765 -5.186 -7.176 -8.761 -9.838 -2.543 -5.906 -8.034 -9.159 -9.93 -6.88 -8.204 -9.238 -9.853 -10.313 -8.357 -7.119 -8.671 -10.841 -11.161 -11.222 -8.818
104.907979 -4.75 0.448 -0.518 -2.22 -5.007 -7.009 -5.125 -2.717 -5.138 -7.128 -8.713 -9.79 -2.495 -5.858 -7.986 -9.111 -9.882 -6.832 -8.156 -9.19 -9.805 -10.265 -8.309 -7.071 -8.623 -10.793 -11.113 -11.174 -8.77
108.080849 -4.702 0.496 -0.47 -2.172 -4.959 -6.961 -5.077 -2.669 -5.09 -7.08 -8.665 -9.742 -2.447 -5.81 -7.938 -9.063 -9.834 -6.784 -8.108 -9.142 -9.757 -10.216 -8.261 -7.023 -8.575 -10.745 -11.065 -11.126 -8.721
111.349681 -4.654 0.544 -0.421 -2.124 -4.911 -6.913 -5.029 -2.621 -5.042 -7.032 -8.616 -9.693 -2.398 -5.761 -7.89 -9.015 -9.786 -6.736 -8.06 -9.093 -9.709 -10.168 -8.213 -6.975 -8.527 -10.697 -11.017 -11.078 -8.673
114.717376 -4.606 0.593 -0.373 -2.076 -4.863 -6.865 -4.981 -2.573 -4.994 -6.983 -8.568 -9.645 -2.35 -5.713 -7.842 -8.967 -9.737 -6.688 -8.011 -9.045 -9.661 -10.12 -8.165 -6.927 -8.479 -10.649 -10.969 -11.03 -8.625
118.186925 -4.557 0.641 -0.325 -2.028 -4.815 -6.817 -4.932 -2.525 -4.946 -6.935 -8.52 -9.597 -2.302 -5.665 -7.794 -8.918 -9.689 -6.64 -7.963 -8.997 -9.613 -10.072 -8.117 -6.878 -8.43 -10.6 -10.921 -10.981 -8.577
121.761408 -4.509 0.689 -0.277 -1.979 -4.766 -6.768 -4.884 -2.476 -4.897 -6.887 -8.472 -9.549 -2.254 -5.617 -7.745 -8.87 -9.641 -6.591 -7.915 -8.949 -9.564 -10.023 -8.068 -6.83 -8.382 -10.552 -10.872 -10.933 -8.528
125.443999 -4.461 0.738 -0.228 -1.931 -4.718 -6.72 -4.836 -2.428 -4.849 -6.838 -8.423 -9.5 -2.205 -5.568 -7.697 -8.822 -9.592 -6.543 -7.866 -8.9 -9.516 -9.975 -8.02 -6.782 -8.334 -10.504 -10.824 -10.885 -8.48
129.237967 -4.412 0.786 -0.18 -1.883 -4.669 -6.672 -4.787 -2.379 -4.8 -6.79 -8.375 -9.452 -2.157 -5.52 -7.648 -8.773 -9.544 -6.494 -7.818 -8.852 -9.467 -9.927 -7.972 -6.733 -8.285 -10.455 -10.775 -10.836 -8.432
133.146681 -4.364 0.835 -0.131 -1.834 -4.621 -6.623 -4.739 -2.331 -4.752 -6.741 -8.326 -9.403 -2.108 -5.471 -7.6 -8.725 -9.495 -6.446 -7.769 -8.803 -9.419 -9.878 -7.923 -6.685 -8.237 -10.407 -10.727 -10.788 -8.383
137.173612 -4.315 0.883 -0.083 -1.786 -4.572 -6.574 -4.69 -2.282 -4.703 -6.693 -8.278 -9.355 -2.06 -5.423 -7.551 -8.676 -9.447 -6.397 -7.721 -8.755 -9.37 -9.83 -7.874 -6.636 -8.188 -10.358 -10.678 -10.739 -8.335
141.322334 -4.267 0.932 -0.034 -1.737 -4.524 -6.526 -4.641 -2.234 -4.655 -6.644 -8.229 -9.306 -2.011 -5.374 -7.503 -8.627 -9.398 -6.349 -7.672 -8.706 -9.322 -9.781 -7.826 -6.587 -8.139 -10.309 -10.63 -10.69 -8.286
145.596532 -4.218 0.981 0.015 -1.688 -4.475 -6.477 -4.593 -2.185 -4.606 -6.596 -8.18 -9.257 -1.962 -5.325 -7.454 -8.579 -9.35 -6.3 -7.623 -8.657 -9.273 -9.732 -7.777 -6.539 -8.091 -10.261 -10.581 -10.642 -8.237
150.0 -4.169 1.029 0.063 -1.639 -4.426 -6.428 -4.544 -2.136 -4.557 -6.547 -8.132 -9.209 -1.914 -5.277 -7.405 -8.53 -9.301 -6.251 -7.575 -8.609 -9.224 -9.683 -7.728 -6.49 -8.042 -10.212 -10.532 -10.593 -8.188
