web/models/kne.last_good/kappa_0.5_3.0.v2/22/villar_0.3304_0.0457_3.0000.dat
# %ECSV 1.0
# ---
# datatype:
# - {name: time, datatype: float64}
# - {name: swift_uvot_uvw2, datatype: float64}
# - {name: swift_uvot_uvm2, datatype: float64}
# - {name: swift_uvot_uvw1, datatype: float64}
# - {name: swift_uvot_U, datatype: float64}
# - {name: swift_uvot_B, datatype: float64}
# - {name: swift_uvot_V, datatype: float64}
# - {name: swift_uvot_W, datatype: float64}
# - {name: johnson_U, datatype: float64}
# - {name: johnson_B, datatype: float64}
# - {name: johnson_V, datatype: float64}
# - {name: johnson_R, datatype: float64}
# - {name: johnson_I, datatype: float64}
# - {name: sdss_u, datatype: float64}
# - {name: sdss_g, datatype: float64}
# - {name: sdss_r, datatype: float64}
# - {name: sdss_i, datatype: float64}
# - {name: sdss_z, datatype: float64}
# - {name: PS1_g, datatype: float64}
# - {name: PS1_r, datatype: float64}
# - {name: PS1_i, datatype: float64}
# - {name: PS1_z, datatype: float64}
# - {name: PS1_Y, datatype: float64}
# - {name: PS1_w, datatype: float64}
# - {name: ATLAS_c, datatype: float64}
# - {name: ATLAS_o, datatype: float64}
# - {name: ukirt_J, datatype: float64}
# - {name: ukirt_H, datatype: float64}
# - {name: ukirt_K, datatype: float64}
# - {name: Clear, datatype: float64}
# meta: !!omap
# - comment: [kappa = 3.0, type = villar, mass = 0.33039895931513485, velocity = 0.04566666666666669, theta_obs = 0.0, tfloor = 2500.0]
# schema: astropy-2.0
time swift_uvot_uvw2 swift_uvot_uvm2 swift_uvot_uvw1 swift_uvot_U swift_uvot_B swift_uvot_V swift_uvot_W johnson_U johnson_B johnson_V johnson_R johnson_I sdss_u sdss_g sdss_r sdss_i sdss_z PS1_g PS1_r PS1_i PS1_z PS1_Y PS1_w ATLAS_c ATLAS_o ukirt_J ukirt_H ukirt_K Clear
[from data line 140]
0.064808 -17.034 -15.003 -14.539 -13.846 -13.366 -12.888 -14.401 -13.772 -13.362 -12.876 -12.419 -11.903 -13.784 -13.213 -12.618 -12.204 -11.827 -14.353 -14.051 -13.971 -14.278 -15.187 -12.713 -12.982 -12.451 -11.094 -10.513 -9.854 -12.821
0.066769 -17.026 -15.028 -14.574 -13.882 -13.403 -12.924 -14.436 -13.808 -13.399 -12.913 -12.456 -11.941 -13.82 -13.249 -12.655 -12.242 -11.864 -14.356 -14.05 -13.967 -14.269 -15.174 -12.75 -13.019 -12.488 -11.131 -10.551 -9.891 -12.857
0.068788 -17.018 -15.053 -14.609 -13.918 -13.439 -12.961 -14.471 -13.844 -13.435 -12.949 -12.493 -11.978 -13.856 -13.286 -12.692 -12.279 -11.901 -14.358 -14.05 -13.962 -14.26 -15.161 -12.787 -13.055 -12.525 -11.169 -10.589 -9.929 -12.894
0.070868 -17.01 -15.078 -14.644 -13.954 -13.475 -12.998 -14.506 -13.88 -13.472 -12.986 -12.53 -12.015 -13.892 -13.322 -12.729 -12.316 -11.939 -14.361 -14.05 -13.958 -14.251 -15.148 -12.824 -13.092 -12.562 -11.206 -10.626 -9.967 -12.931
0.073012 -17.003 -15.104 -14.679 -13.99 -13.512 -13.035 -14.54 -13.916 -13.508 -13.023 -12.567 -12.052 -13.928 -13.359 -12.766 -12.353 -11.976 -14.365 -14.05 -13.954 -14.242 -15.135 -12.861 -13.129 -12.599 -11.244 -10.664 -10.005 -12.967
0.07522 -16.996 -15.13 -14.714 -14.026 -13.548 -13.071 -14.575 -13.952 -13.544 -13.06 -12.604 -12.09 -13.964 -13.395 -12.803 -12.39 -12.013 -14.37 -14.051 -13.951 -14.234 -15.122 -12.897 -13.165 -12.636 -11.281 -10.702 -10.042 -13.004
0.077495 -16.989 -15.156 -14.749 -14.062 -13.584 -13.108 -14.61 -13.988 -13.581 -13.096 -12.641 -12.127 -14.0 -13.432 -12.84 -12.427 -12.051 -14.374 -14.052 -13.949 -14.226 -15.11 -12.934 -13.202 -12.673 -11.319 -10.739 -10.08 -13.041
0.079839 -16.982 -15.182 -14.784 -14.097 -13.621 -13.145 -14.645 -14.024 -13.617 -13.133 -12.678 -12.164 -14.036 -13.468 -12.876 -12.464 -12.088 -14.38 -14.054 -13.946 -14.219 -15.097 -12.971 -13.239 -12.71 -11.356 -10.777 -10.118 -13.077
0.082253 -16.976 -15.209 -14.818 -14.133 -13.657 -13.181 -14.679 -14.06 -13.653 -13.17 -12.715 -12.201 -14.072 -13.505 -12.913 -12.501 -12.125 -14.386 -14.057 -13.945 -14.211 -15.085 -13.007 -13.275 -12.747 -11.394 -10.815 -10.156 -13.114
0.084741 -16.97 -15.236 -14.853 -14.169 -13.693 -13.218 -14.714 -14.096 -13.689 -13.206 -12.751 -12.238 -14.107 -13.541 -12.95 -12.538 -12.162 -14.393 -14.06 -13.943 -14.204 -15.073 -13.044 -13.312 -12.784 -11.431 -10.852 -10.193 -13.15
0.087304 -16.964 -15.263 -14.887 -14.204 -13.729 -13.254 -14.748 -14.131 -13.726 -13.243 -12.788 -12.275 -14.143 -13.577 -12.987 -12.575 -12.199 -14.4 -14.064 -13.942 -14.198 -15.061 -13.081 -13.348 -12.821 -11.468 -10.89 -10.231 -13.187
0.089944 -16.959 -15.29 -14.922 -14.24 -13.765 -13.291 -14.782 -14.167 -13.762 -13.279 -12.825 -12.312 -14.179 -13.613 -13.023 -12.612 -12.236 -14.408 -14.068 -13.942 -14.191 -15.049 -13.117 -13.384 -12.858 -11.506 -10.927 -10.269 -13.223
0.092665 -16.954 -15.317 -14.956 -14.276 -13.801 -13.327 -14.816 -14.203 -13.798 -13.316 -12.862 -12.35 -14.214 -13.65 -13.06 -12.649 -12.273 -14.416 -14.073 -13.942 -14.186 -15.037 -13.154 -13.421 -12.894 -11.543 -10.965 -10.306 -13.26
0.095467 -16.95 -15.345 -14.99 -14.311 -13.837 -13.364 -14.851 -14.238 -13.834 -13.352 -12.899 -12.387 -14.25 -13.686 -13.097 -12.686 -12.311 -14.425 -14.078 -13.943 -14.18 -15.026 -13.19 -13.457 -12.931 -11.581 -11.002 -10.344 -13.296
0.098355 -16.945 -15.373 -15.024 -14.346 -13.873 -13.4 -14.885 -14.274 -13.87 -13.389 -12.935 -12.424 -14.285 -13.722 -13.133 -12.723 -12.348 -14.435 -14.084 -13.944 -14.175 -15.014 -13.227 -13.493 -12.968 -11.618 -11.04 -10.382 -13.332
0.101329 -16.941 -15.4 -15.058 -14.382 -13.909 -13.437 -14.918 -14.309 -13.905 -13.425 -12.972 -12.461 -14.321 -13.758 -13.17 -12.76 -12.385 -14.445 -14.091 -13.946 -14.17 -15.003 -13.263 -13.53 -13.004 -11.655 -11.077 -10.419 -13.369
0.104394 -16.938 -15.428 -15.092 -14.417 -13.945 -13.473 -14.952 -14.344 -13.941 -13.461 -13.009 -12.498 -14.356 -13.794 -13.206 -12.796 -12.422 -14.455 -14.098 -13.948 -14.166 -14.992 -13.299 -13.566 -13.041 -11.693 -11.115 -10.457 -13.405
0.107551 -16.935 -15.457 -15.126 -14.452 -13.981 -13.509 -14.986 -14.38 -13.977 -13.498 -13.045 -12.535 -14.391 -13.83 -13.243 -12.833 -12.459 -14.467 -14.106 -13.951 -14.162 -14.981 -13.336 -13.602 -13.078 -11.73 -11.152 -10.495 -13.441
0.110804 -16.932 -15.485 -15.16 -14.487 -14.017 -13.545 -15.019 -14.415 -14.013 -13.534 -13.082 -12.571 -14.426 -13.866 -13.279 -12.87 -12.496 -14.479 -14.114 -13.955 -14.159 -14.971 -13.372 -13.638 -13.114 -11.767 -11.19 -10.532 -13.477
0.114155 -16.929 -15.513 -15.193 -14.522 -14.052 -13.582 -15.053 -14.45 -14.048 -13.57 -13.118 -12.608 -14.462 -13.901 -13.316 -12.907 -12.533 -14.491 -14.123 -13.959 -14.155 -14.96 -13.408 -13.674 -13.151 -11.805 -11.227 -10.57 -13.513
0.117608 -16.927 -15.541 -15.227 -14.557 -14.088 -13.618 -15.086 -14.485 -14.084 -13.606 -13.155 -12.645 -14.497 -13.937 -13.352 -12.943 -12.57 -14.504 -14.133 -13.963 -14.153 -14.95 -13.444 -13.71 -13.187 -11.842 -11.265 -10.608 -13.549
0.121165 -16.926 -15.57 -15.26 -14.592 -14.123 -13.654 -15.119 -14.52 -14.12 -13.642 -13.191 -12.682 -14.532 -13.973 -13.388 -12.98 -12.606 -14.518 -14.143 -13.968 -14.151 -14.94 -13.481 -13.746 -13.224 -11.879 -11.302 -10.645 -13.585
0.124829 -16.924 -15.598 -15.294 -14.627 -14.159 -13.69 -15.152 -14.555 -14.155 -13.678 -13.228 -12.719 -14.566 -14.009 -13.425 -13.017 -12.643 -14.532 -14.154 -13.974 -14.149 -14.931 -13.517 -13.782 -13.26 -11.916 -11.34 -10.683 -13.621
0.128605 -16.923 -15.627 -15.327 -14.661 -14.194 -13.726 -15.185 -14.59 -14.191 -13.714 -13.264 -12.756 -14.601 -14.044 -13.461 -13.053 -12.68 -14.547 -14.165 -13.981 -14.148 -14.921 -13.553 -13.818 -13.296 -11.954 -11.377 -10.721 -13.657
0.132494 -16.923 -15.655 -15.36 -14.696 -14.23 -13.762 -15.218 -14.624 -14.226 -13.75 -13.301 -12.792 -14.636 -14.08 -13.497 -13.09 -12.717 -14.562 -14.177 -13.987 -14.147 -14.912 -13.589 -13.854 -13.333 -11.991 -11.415 -10.758 -13.693
0.136502 -16.923 -15.684 -15.393 -14.731 -14.265 -13.798 -15.251 -14.659 -14.261 -13.786 -13.337 -12.829 -14.671 -14.115 -13.533 -13.126 -12.754 -14.578 -14.189 -13.995 -14.147 -14.903 -13.625 -13.889 -13.369 -12.028 -11.452 -10.796 -13.729
0.14063 -16.923 -15.713 -15.425 -14.765 -14.3 -13.834 -15.284 -14.694 -14.296 -13.822 -13.373 -12.866 -14.705 -14.151 -13.569 -13.163 -12.79 -14.594 -14.202 -14.003 -14.147 -14.894 -13.661 -13.925 -13.405 -12.065 -11.489 -10.833 -13.764
0.144883 -16.923 -15.741 -15.458 -14.799 -14.335 -13.869 -15.316 -14.728 -14.332 -13.858 -13.409 -12.902 -14.74 -14.186 -13.605 -13.199 -12.827 -14.611 -14.216 -14.012 -14.148 -14.886 -13.696 -13.961 -13.441 -12.102 -11.527 -10.871 -13.8
0.149265 -16.924 -15.77 -15.49 -14.834 -14.37 -13.905 -15.348 -14.763 -14.367 -13.893 -13.446 -12.939 -14.774 -14.221 -13.642 -13.236 -12.864 -14.628 -14.23 -14.021 -14.149 -14.878 -13.732 -13.996 -13.478 -12.139 -11.564 -10.909 -13.836
0.15378 -16.926 -15.799 -15.523 -14.868 -14.405 -13.941 -15.38 -14.797 -14.402 -13.929 -13.482 -12.976 -14.808 -14.257 -13.677 -13.272 -12.9 -14.646 -14.245 -14.031 -14.151 -14.87 -13.768 -14.032 -13.514 -12.176 -11.601 -10.946 -13.871
0.15843 -16.928 -15.827 -15.555 -14.902 -14.44 -13.976 -15.412 -14.831 -14.437 -13.965 -13.518 -13.012 -14.843 -14.292 -13.713 -13.308 -12.937 -14.664 -14.26 -14.042 -14.154 -14.862 -13.804 -14.067 -13.55 -12.213 -11.639 -10.984 -13.907
0.163222 -16.93 -15.856 -15.587 -14.936 -14.475 -14.012 -15.444 -14.865 -14.471 -14.0 -13.554 -13.049 -14.877 -14.327 -13.749 -13.345 -12.974 -14.683 -14.276 -14.053 -14.157 -14.855 -13.839 -14.102 -13.586 -12.251 -11.676 -11.021 -13.942
0.168159 -16.932 -15.884 -15.619 -14.97 -14.51 -14.047 -15.476 -14.899 -14.506 -14.036 -13.59 -13.085 -14.911 -14.362 -13.785 -13.381 -13.01 -14.702 -14.293 -14.064 -14.16 -14.848 -13.875 -14.138 -13.622 -12.288 -11.713 -11.059 -13.978
0.173245 -16.935 -15.913 -15.651 -15.004 -14.545 -14.083 -15.507 -14.933 -14.541 -14.071 -13.626 -13.122 -14.945 -14.397 -13.821 -13.417 -13.047 -14.722 -14.309 -14.077 -14.164 -14.841 -13.91 -14.173 -13.658 -12.325 -11.751 -11.096 -14.013
0.178484 -16.938 -15.941 -15.682 -15.037 -14.579 -14.118 -15.539 -14.967 -14.576 -14.107 -13.662 -13.158 -14.978 -14.432 -13.857 -13.453 -13.083 -14.742 -14.327 -14.089 -14.169 -14.835 -13.946 -14.208 -13.694 -12.362 -11.788 -11.134 -14.048
0.183882 -16.942 -15.969 -15.713 -15.071 -14.614 -14.153 -15.57 -15.001 -14.61 -14.142 -13.698 -13.194 -15.012 -14.466 -13.892 -13.489 -13.12 -14.763 -14.345 -14.103 -14.174 -14.829 -13.981 -14.243 -13.729 -12.398 -11.825 -11.171 -14.083
0.189444 -16.946 -15.997 -15.745 -15.104 -14.648 -14.189 -15.601 -15.034 -14.645 -14.177 -13.733 -13.231 -15.046 -14.501 -13.928 -13.525 -13.156 -14.784 -14.363 -14.117 -14.18 -14.824 -14.017 -14.278 -13.765 -12.435 -11.862 -11.209 -14.118
0.195173 -16.95 -16.026 -15.776 -15.137 -14.683 -14.224 -15.632 -15.068 -14.679 -14.212 -13.769 -13.267 -15.079 -14.536 -13.963 -13.561 -13.192 -14.805 -14.382 -14.131 -14.186 -14.819 -14.052 -14.313 -13.801 -12.472 -11.9 -11.246 -14.153
0.201076 -16.955 -16.054 -15.807 -15.171 -14.717 -14.259 -15.662 -15.101 -14.713 -14.247 -13.805 -13.303 -15.113 -14.57 -13.999 -13.597 -13.229 -14.827 -14.402 -14.146 -14.193 -14.814 -14.087 -14.348 -13.836 -12.509 -11.937 -11.284 -14.188
0.207158 -16.96 -16.082 -15.837 -15.204 -14.751 -14.294 -15.693 -15.134 -14.747 -14.282 -13.84 -13.339 -15.146 -14.605 -14.034 -13.633 -13.265 -14.849 -14.422 -14.162 -14.201 -14.81 -14.122 -14.383 -13.872 -12.546 -11.974 -11.321 -14.223
0.213423 -16.965 -16.109 -15.868 -15.237 -14.785 -14.329 -15.723 -15.168 -14.781 -14.317 -13.876 -13.376 -15.179 -14.639 -14.07 -13.669 -13.301 -14.871 -14.442 -14.178 -14.209 -14.806 -14.157 -14.418 -13.908 -12.583 -12.011 -11.358 -14.258
0.219878 -16.971 -16.137 -15.898 -15.27 -14.819 -14.364 -15.753 -15.201 -14.815 -14.352 -13.911 -13.412 -15.212 -14.673 -14.105 -13.705 -13.338 -14.894 -14.463 -14.195 -14.218 -14.802 -14.192 -14.452 -13.943 -12.62 -12.048 -11.396 -14.293
0.226528 -16.977 -16.165 -15.928 -15.302 -14.853 -14.399 -15.783 -15.233 -14.849 -14.387 -13.947 -13.448 -15.245 -14.707 -14.14 -13.741 -13.374 -14.917 -14.484 -14.212 -14.227 -14.799 -14.227 -14.487 -13.978 -12.656 -12.085 -11.433 -14.327
0.233379 -16.983 -16.192 -15.958 -15.335 -14.887 -14.433 -15.812 -15.266 -14.883 -14.422 -13.982 -13.484 -15.278 -14.741 -14.175 -13.776 -13.41 -14.941 -14.506 -14.23 -14.237 -14.796 -14.262 -14.521 -14.014 -12.693 -12.122 -11.471 -14.362
0.240437 -16.989 -16.219 -15.987 -15.367 -14.92 -14.468 -15.842 -15.299 -14.917 -14.456 -14.018 -13.52 -15.31 -14.775 -14.21 -13.812 -13.446 -14.965 -14.528 -14.248 -14.247 -14.794 -14.297 -14.556 -14.049 -12.73 -12.159 -11.508 -14.396
0.247709 -16.996 -16.246 -16.017 -15.399 -14.954 -14.502 -15.871 -15.331 -14.95 -14.491 -14.053 -13.556 -15.343 -14.809 -14.245 -13.848 -13.482 -14.989 -14.55 -14.267 -14.259 -14.792 -14.331 -14.59 -14.084 -12.767 -12.196 -11.545 -14.431
0.255201 -17.003 -16.273 -16.046 -15.431 -14.987 -14.537 -15.9 -15.364 -14.984 -14.525 -14.088 -13.591 -15.375 -14.843 -14.28 -13.883 -13.518 -15.013 -14.573 -14.286 -14.27 -14.791 -14.366 -14.624 -14.119 -12.803 -12.234 -11.583 -14.465
0.262919 -17.01 -16.3 -16.075 -15.463 -15.021 -14.571 -15.928 -15.396 -15.017 -14.56 -14.123 -13.627 -15.407 -14.877 -14.315 -13.918 -13.554 -15.037 -14.596 -14.306 -14.282 -14.79 -14.4 -14.658 -14.154 -12.84 -12.271 -11.62 -14.499
0.270871 -17.018 -16.326 -16.104 -15.495 -15.054 -14.606 -15.957 -15.428 -15.05 -14.594 -14.158 -13.663 -15.439 -14.91 -14.35 -13.954 -13.59 -15.062 -14.619 -14.326 -14.295 -14.79 -14.435 -14.692 -14.189 -12.876 -12.308 -11.657 -14.533
0.279064 -17.025 -16.352 -16.132 -15.527 -15.087 -14.64 -15.985 -15.46 -15.083 -14.628 -14.193 -13.699 -15.471 -14.944 -14.384 -13.989 -13.625 -15.087 -14.643 -14.347 -14.308 -14.79 -14.469 -14.726 -14.224 -12.913 -12.344 -11.695 -14.567
0.287504 -17.033 -16.378 -16.161 -15.558 -15.12 -14.674 -16.013 -15.491 -15.116 -14.662 -14.228 -13.734 -15.503 -14.977 -14.419 -14.025 -13.661 -15.113 -14.667 -14.368 -14.322 -14.79 -14.503 -14.76 -14.259 -12.949 -12.381 -11.732 -14.601
0.296199 -17.041 -16.404 -16.188 -15.59 -15.153 -14.708 -16.041 -15.523 -15.149 -14.696 -14.263 -13.77 -15.534 -15.01 -14.454 -14.06 -13.697 -15.138 -14.692 -14.389 -14.337 -14.792 -14.538 -14.794 -14.294 -12.986 -12.418 -11.769 -14.635
0.305157 -17.049 -16.43 -16.216 -15.621 -15.185 -14.742 -16.068 -15.554 -15.182 -14.73 -14.298 -13.806 -15.566 -15.043 -14.488 -14.095 -13.733 -15.164 -14.717 -14.411 -14.352 -14.793 -14.572 -14.827 -14.329 -13.022 -12.455 -11.806 -14.669
0.314387 -17.058 -16.455 -16.244 -15.652 -15.218 -14.776 -16.095 -15.586 -15.214 -14.764 -14.332 -13.841 -15.597 -15.076 -14.522 -14.13 -13.768 -15.19 -14.742 -14.434 -14.367 -14.795 -14.606 -14.861 -14.363 -13.059 -12.492 -11.844 -14.702
0.323895 -17.066 -16.48 -16.271 -15.683 -15.25 -14.809 -16.122 -15.617 -15.247 -14.798 -14.367 -13.876 -15.628 -15.109 -14.557 -14.165 -13.804 -15.216 -14.767 -14.456 -14.383 -14.798 -14.639 -14.894 -14.398 -13.095 -12.529 -11.881 -14.736
0.333691 -17.075 -16.505 -16.298 -15.713 -15.283 -14.843 -16.149 -15.648 -15.279 -14.831 -14.401 -13.912 -15.659 -15.142 -14.591 -14.2 -13.839 -15.242 -14.792 -14.479 -14.4 -14.801 -14.673 -14.927 -14.432 -13.131 -12.566 -11.918 -14.769
0.343783 -17.083 -16.529 -16.324 -15.744 -15.315 -14.876 -16.175 -15.678 -15.311 -14.865 -14.436 -13.947 -15.689 -15.174 -14.625 -14.235 -13.875 -15.268 -14.818 -14.503 -14.417 -14.805 -14.707 -14.961 -14.467 -13.168 -12.602 -11.955 -14.803
0.354181 -17.092 -16.553 -16.351 -15.774 -15.347 -14.91 -16.201 -15.709 -15.343 -14.898 -14.47 -13.982 -15.72 -15.207 -14.659 -14.269 -13.91 -15.295 -14.844 -14.526 -14.434 -14.809 -14.74 -14.994 -14.501 -13.204 -12.639 -11.993 -14.836
0.364893 -17.101 -16.577 -16.377 -15.804 -15.379 -14.943 -16.227 -15.739 -15.375 -14.932 -14.504 -14.018 -15.75 -15.239 -14.693 -14.304 -13.945 -15.321 -14.87 -14.55 -14.452 -14.814 -14.774 -15.027 -14.535 -13.24 -12.676 -12.03 -14.869
0.375929 -17.109 -16.601 -16.402 -15.834 -15.41 -14.976 -16.252 -15.769 -15.406 -14.965 -14.539 -14.053 -15.78 -15.271 -14.726 -14.339 -13.981 -15.348 -14.897 -14.575 -14.471 -14.819 -14.807 -15.059 -14.569 -13.276 -12.713 -12.067 -14.902
0.387298 -17.118 -16.624 -16.428 -15.863 -15.442 -15.009 -16.277 -15.799 -15.438 -14.998 -14.573 -14.088 -15.81 -15.303 -14.76 -14.373 -14.016 -15.375 -14.923 -14.6 -14.49 -14.825 -14.84 -15.092 -14.603 -13.313 -12.749 -12.104 -14.934
0.399012 -17.127 -16.647 -16.453 -15.893 -15.473 -15.042 -16.302 -15.829 -15.469 -15.031 -14.607 -14.123 -15.84 -15.335 -14.794 -14.408 -14.051 -15.401 -14.95 -14.625 -14.509 -14.832 -14.873 -15.124 -14.637 -13.349 -12.786 -12.141 -14.967
0.41108 -17.136 -16.669 -16.477 -15.922 -15.504 -15.075 -16.326 -15.858 -15.5 -15.063 -14.64 -14.158 -15.869 -15.367 -14.827 -14.442 -14.086 -15.428 -14.977 -14.65 -14.529 -14.839 -14.906 -15.157 -14.671 -13.385 -12.823 -12.178 -15.0
0.423513 -17.144 -16.692 -16.502 -15.951 -15.535 -15.107 -16.35 -15.888 -15.531 -15.096 -14.674 -14.192 -15.898 -15.398 -14.86 -14.476 -14.121 -15.455 -15.004 -14.675 -14.55 -14.846 -14.939 -15.189 -14.705 -13.421 -12.859 -12.215 -15.032
0.436321 -17.153 -16.713 -16.525 -15.979 -15.566 -15.14 -16.374 -15.917 -15.562 -15.129 -14.708 -14.227 -15.927 -15.43 -14.894 -14.511 -14.156 -15.482 -15.032 -14.701 -14.57 -14.854 -14.972 -15.221 -14.738 -13.457 -12.896 -12.252 -15.064
0.449518 -17.161 -16.735 -16.549 -16.008 -15.597 -15.172 -16.397 -15.945 -15.593 -15.161 -14.741 -14.262 -15.956 -15.461 -14.927 -14.545 -14.191 -15.509 -15.059 -14.727 -14.591 -14.863 -15.004 -15.253 -14.772 -13.493 -12.932 -12.289 -15.096
