web/models/kne.last_good/kappa_0.5_3.0.v2/22/villar_0.1173_0.4687_3.0000.dat
# %ECSV 1.0
# ---
# datatype:
# - {name: time, datatype: float64}
# - {name: swift_uvot_uvw2, datatype: float64}
# - {name: swift_uvot_uvm2, datatype: float64}
# - {name: swift_uvot_uvw1, datatype: float64}
# - {name: swift_uvot_U, datatype: float64}
# - {name: swift_uvot_B, datatype: float64}
# - {name: swift_uvot_V, datatype: float64}
# - {name: swift_uvot_W, datatype: float64}
# - {name: johnson_U, datatype: float64}
# - {name: johnson_B, datatype: float64}
# - {name: johnson_V, datatype: float64}
# - {name: johnson_R, datatype: float64}
# - {name: johnson_I, datatype: float64}
# - {name: sdss_u, datatype: float64}
# - {name: sdss_g, datatype: float64}
# - {name: sdss_r, datatype: float64}
# - {name: sdss_i, datatype: float64}
# - {name: sdss_z, datatype: float64}
# - {name: PS1_g, datatype: float64}
# - {name: PS1_r, datatype: float64}
# - {name: PS1_i, datatype: float64}
# - {name: PS1_z, datatype: float64}
# - {name: PS1_Y, datatype: float64}
# - {name: PS1_w, datatype: float64}
# - {name: ATLAS_c, datatype: float64}
# - {name: ATLAS_o, datatype: float64}
# - {name: ukirt_J, datatype: float64}
# - {name: ukirt_H, datatype: float64}
# - {name: ukirt_K, datatype: float64}
# - {name: Clear, datatype: float64}
# meta: !!omap
# - comment: [kappa = 3.0, type = villar, mass = 0.11727632184323686, velocity = 0.4686666666666667, theta_obs = 0.0, tfloor = 2500.0]
# schema: astropy-2.0
time swift_uvot_uvw2 swift_uvot_uvm2 swift_uvot_uvw1 swift_uvot_U swift_uvot_B swift_uvot_V swift_uvot_W johnson_U johnson_B johnson_V johnson_R johnson_I sdss_u sdss_g sdss_r sdss_i sdss_z PS1_g PS1_r PS1_i PS1_z PS1_Y PS1_w ATLAS_c ATLAS_o ukirt_J ukirt_H ukirt_K Clear
[from data line 68]
0.007585 -18.483 -16.005 -15.345 -14.641 -14.157 -13.675 -15.208 -14.567 -14.153 -13.663 -13.203 -12.685 -14.579 -14.002 -13.404 -12.988 -12.608 -15.685 -15.422 -15.385 -15.74 -16.688 -13.5 -13.77 -13.236 -11.873 -11.291 -10.63 -13.608
0.007814 -18.472 -16.023 -15.381 -14.678 -14.194 -13.712 -15.244 -14.603 -14.19 -13.7 -13.24 -12.723 -14.615 -14.039 -13.441 -13.025 -12.646 -15.68 -15.414 -15.375 -15.727 -16.674 -13.537 -13.807 -13.273 -11.91 -11.329 -10.668 -13.645
0.00805 -18.46 -16.043 -15.417 -14.715 -14.231 -13.749 -15.28 -14.64 -14.227 -13.737 -13.278 -12.76 -14.652 -14.076 -13.478 -13.062 -12.683 -15.676 -15.408 -15.366 -15.715 -16.659 -13.574 -13.844 -13.31 -11.948 -11.366 -10.705 -13.682
0.008294 -18.449 -16.062 -15.452 -14.751 -14.267 -13.786 -15.315 -14.677 -14.264 -13.774 -13.315 -12.797 -14.688 -14.113 -13.515 -13.1 -12.721 -15.672 -15.401 -15.357 -15.703 -16.645 -13.611 -13.881 -13.348 -11.985 -11.404 -10.743 -13.719
0.008545 -18.438 -16.083 -15.488 -14.788 -14.304 -13.823 -15.351 -14.713 -14.3 -13.811 -13.352 -12.835 -14.725 -14.15 -13.552 -13.137 -12.758 -15.668 -15.395 -15.348 -15.691 -16.631 -13.648 -13.918 -13.385 -12.023 -11.442 -10.781 -13.756
0.008803 -18.428 -16.103 -15.524 -14.824 -14.341 -13.86 -15.387 -14.75 -14.337 -13.848 -13.389 -12.872 -14.761 -14.187 -13.589 -13.174 -12.795 -15.665 -15.389 -15.339 -15.68 -16.617 -13.685 -13.955 -13.422 -12.06 -11.479 -10.819 -13.793
0.009069 -18.417 -16.125 -15.56 -14.86 -14.378 -13.897 -15.422 -14.786 -14.374 -13.885 -13.426 -12.91 -14.798 -14.224 -13.626 -13.211 -12.833 -15.662 -15.384 -15.331 -15.668 -16.603 -13.722 -13.992 -13.459 -12.098 -11.517 -10.856 -13.83
0.009344 -18.407 -16.146 -15.595 -14.897 -14.414 -13.934 -15.458 -14.823 -14.411 -13.922 -13.464 -12.947 -14.834 -14.26 -13.664 -13.249 -12.87 -15.66 -15.379 -15.323 -15.657 -16.588 -13.759 -14.029 -13.496 -12.136 -11.555 -10.894 -13.867
0.009626 -18.396 -16.168 -15.631 -14.933 -14.451 -13.971 -15.493 -14.859 -14.447 -13.959 -13.501 -12.984 -14.871 -14.297 -13.701 -13.286 -12.908 -15.658 -15.375 -15.315 -15.646 -16.575 -13.796 -14.066 -13.533 -12.173 -11.592 -10.932 -13.904
0.009917 -18.386 -16.191 -15.666 -14.969 -14.488 -14.008 -15.529 -14.895 -14.484 -13.996 -13.538 -13.022 -14.907 -14.334 -13.738 -13.323 -12.945 -15.657 -15.371 -15.308 -15.635 -16.561 -13.833 -14.103 -13.571 -12.211 -11.63 -10.97 -13.941
0.010217 -18.377 -16.213 -15.702 -15.006 -14.524 -14.045 -15.564 -14.932 -14.521 -14.033 -13.575 -13.059 -14.943 -14.371 -13.775 -13.36 -12.982 -15.657 -15.367 -15.301 -15.624 -16.547 -13.87 -14.139 -13.608 -12.248 -11.667 -11.007 -13.978
0.010526 -18.367 -16.237 -15.737 -15.042 -14.561 -14.082 -15.599 -14.968 -14.557 -14.07 -13.612 -13.096 -14.98 -14.407 -13.812 -13.397 -13.019 -15.656 -15.364 -15.295 -15.614 -16.533 -13.907 -14.176 -13.645 -12.286 -11.705 -11.045 -14.015
0.010845 -18.358 -16.26 -15.773 -15.078 -14.597 -14.118 -15.635 -15.004 -14.594 -14.107 -13.649 -13.133 -15.016 -14.444 -13.849 -13.435 -13.057 -15.657 -15.361 -15.288 -15.603 -16.519 -13.944 -14.213 -13.682 -12.323 -11.743 -11.083 -14.051
0.011173 -18.349 -16.284 -15.808 -15.114 -14.634 -14.155 -15.67 -15.04 -14.63 -14.143 -13.686 -13.171 -15.052 -14.481 -13.886 -13.472 -13.094 -15.657 -15.359 -15.282 -15.593 -16.506 -13.981 -14.25 -13.719 -12.361 -11.78 -11.12 -14.088
0.011511 -18.34 -16.308 -15.843 -15.15 -14.67 -14.192 -15.705 -15.076 -14.667 -14.18 -13.723 -13.208 -15.088 -14.517 -13.923 -13.509 -13.131 -15.659 -15.357 -15.277 -15.584 -16.492 -14.018 -14.286 -13.756 -12.398 -11.818 -11.158 -14.125
0.011859 -18.331 -16.333 -15.878 -15.186 -14.707 -14.229 -15.74 -15.112 -14.703 -14.217 -13.76 -13.245 -15.124 -14.554 -13.959 -13.546 -13.168 -15.661 -15.355 -15.272 -15.574 -16.479 -14.054 -14.323 -13.793 -12.435 -11.855 -11.196 -14.162
0.012217 -18.323 -16.358 -15.913 -15.222 -14.743 -14.265 -15.775 -15.148 -14.739 -14.254 -13.797 -13.282 -15.16 -14.59 -13.996 -13.583 -13.206 -15.663 -15.355 -15.267 -15.565 -16.466 -14.091 -14.36 -13.83 -12.473 -11.893 -11.233 -14.198
0.012587 -18.315 -16.383 -15.948 -15.258 -14.78 -14.302 -15.81 -15.184 -14.776 -14.29 -13.834 -13.319 -15.196 -14.627 -14.033 -13.62 -13.243 -15.666 -15.354 -15.263 -15.556 -16.453 -14.128 -14.396 -13.867 -12.51 -11.931 -11.271 -14.235
0.012968 -18.307 -16.408 -15.983 -15.294 -14.816 -14.339 -15.845 -15.22 -14.812 -14.327 -13.871 -13.356 -15.232 -14.663 -14.07 -13.657 -13.28 -15.67 -15.354 -15.259 -15.547 -16.44 -14.165 -14.433 -13.903 -12.548 -11.968 -11.309 -14.272
0.01336 -18.3 -16.434 -16.018 -15.33 -14.852 -14.375 -15.879 -15.256 -14.848 -14.364 -13.908 -13.394 -15.268 -14.699 -14.107 -13.694 -13.317 -15.674 -15.355 -15.256 -15.538 -16.427 -14.201 -14.469 -13.94 -12.585 -12.006 -11.346 -14.308
0.013764 -18.293 -16.46 -16.053 -15.365 -14.888 -14.412 -15.914 -15.292 -14.885 -14.4 -13.945 -13.431 -15.304 -14.736 -14.143 -13.731 -13.354 -15.678 -15.356 -15.253 -15.53 -16.414 -14.238 -14.506 -13.977 -12.622 -12.043 -11.384 -14.345
0.01418 -18.286 -16.486 -16.087 -15.401 -14.924 -14.448 -15.948 -15.328 -14.921 -14.437 -13.981 -13.468 -15.339 -14.772 -14.18 -13.768 -13.391 -15.684 -15.358 -15.25 -15.522 -16.401 -14.274 -14.542 -14.014 -12.66 -12.081 -11.422 -14.381
0.014609 -18.279 -16.513 -16.122 -15.437 -14.961 -14.485 -15.983 -15.364 -14.957 -14.473 -14.018 -13.505 -15.375 -14.808 -14.217 -13.805 -13.429 -15.689 -15.361 -15.248 -15.515 -16.388 -14.311 -14.579 -14.051 -12.697 -12.118 -11.459 -14.417
0.015051 -18.273 -16.539 -16.156 -15.472 -14.997 -14.521 -16.017 -15.399 -14.993 -14.51 -14.055 -13.542 -15.411 -14.844 -14.253 -13.842 -13.466 -15.696 -15.363 -15.246 -15.508 -16.376 -14.348 -14.615 -14.087 -12.735 -12.156 -11.497 -14.454
0.015506 -18.267 -16.566 -16.191 -15.508 -15.033 -14.558 -16.051 -15.435 -15.029 -14.546 -14.092 -13.579 -15.446 -14.881 -14.29 -13.879 -13.503 -15.703 -15.367 -15.245 -15.501 -16.364 -14.384 -14.651 -14.124 -12.772 -12.193 -11.534 -14.49
0.015975 -18.262 -16.593 -16.225 -15.543 -15.069 -14.594 -16.086 -15.47 -15.065 -14.583 -14.128 -13.616 -15.482 -14.917 -14.327 -13.915 -13.54 -15.71 -15.371 -15.245 -15.494 -16.351 -14.42 -14.688 -14.161 -12.809 -12.231 -11.572 -14.527
0.016458 -18.257 -16.62 -16.259 -15.579 -15.105 -14.631 -16.12 -15.506 -15.101 -14.619 -14.165 -13.653 -15.517 -14.953 -14.363 -13.952 -13.577 -15.719 -15.375 -15.245 -15.488 -16.339 -14.457 -14.724 -14.197 -12.846 -12.268 -11.61 -14.563
0.016956 -18.252 -16.648 -16.293 -15.614 -15.14 -14.667 -16.154 -15.541 -15.137 -14.655 -14.202 -13.69 -15.553 -14.989 -14.4 -13.989 -13.614 -15.727 -15.381 -15.245 -15.482 -16.328 -14.493 -14.76 -14.234 -12.884 -12.305 -11.647 -14.599
0.017469 -18.247 -16.675 -16.327 -15.649 -15.176 -14.703 -16.187 -15.576 -15.172 -14.691 -14.238 -13.726 -15.588 -15.025 -14.436 -14.026 -13.651 -15.737 -15.386 -15.246 -15.477 -16.316 -14.529 -14.796 -14.271 -12.921 -12.343 -11.685 -14.635
0.017997 -18.243 -16.703 -16.361 -15.684 -15.212 -14.739 -16.221 -15.612 -15.208 -14.728 -14.275 -13.763 -15.623 -15.061 -14.473 -14.062 -13.687 -15.747 -15.393 -15.248 -15.472 -16.304 -14.566 -14.832 -14.307 -12.958 -12.38 -11.722 -14.671
0.018541 -18.239 -16.731 -16.395 -15.719 -15.248 -14.776 -16.255 -15.647 -15.244 -14.764 -14.311 -13.8 -15.659 -15.096 -14.509 -14.099 -13.724 -15.757 -15.4 -15.25 -15.467 -16.293 -14.602 -14.868 -14.344 -12.995 -12.418 -11.76 -14.707
0.019102 -18.235 -16.759 -16.429 -15.754 -15.283 -14.812 -16.288 -15.682 -15.28 -14.8 -14.348 -13.837 -15.694 -15.132 -14.545 -14.136 -13.761 -15.768 -15.407 -15.252 -15.463 -16.282 -14.638 -14.904 -14.38 -13.032 -12.455 -11.797 -14.743
0.01968 -18.232 -16.787 -16.462 -15.789 -15.319 -14.848 -16.322 -15.717 -15.315 -14.836 -14.384 -13.874 -15.729 -15.168 -14.582 -14.172 -13.798 -15.78 -15.415 -15.255 -15.459 -16.271 -14.674 -14.94 -14.416 -13.07 -12.492 -11.835 -14.779
0.020275 -18.229 -16.815 -16.495 -15.824 -15.354 -14.884 -16.355 -15.752 -15.351 -14.872 -14.421 -13.911 -15.764 -15.204 -14.618 -14.209 -13.835 -15.792 -15.424 -15.259 -15.456 -16.26 -14.71 -14.976 -14.453 -13.107 -12.53 -11.872 -14.815
0.020888 -18.227 -16.843 -16.529 -15.859 -15.39 -14.92 -16.388 -15.787 -15.386 -14.908 -14.457 -13.947 -15.799 -15.239 -14.654 -14.245 -13.872 -15.805 -15.433 -15.263 -15.453 -16.249 -14.746 -15.012 -14.489 -13.144 -12.567 -11.91 -14.851
0.02152 -18.225 -16.871 -16.562 -15.894 -15.425 -14.956 -16.421 -15.822 -15.421 -14.944 -14.493 -13.984 -15.833 -15.275 -14.69 -14.282 -13.908 -15.818 -15.443 -15.268 -15.45 -16.239 -14.782 -15.048 -14.525 -13.181 -12.604 -11.947 -14.887
0.022171 -18.223 -16.899 -16.595 -15.928 -15.461 -14.992 -16.454 -15.856 -15.457 -14.98 -14.529 -14.021 -15.868 -15.31 -14.726 -14.318 -13.945 -15.832 -15.453 -15.274 -15.448 -16.229 -14.818 -15.084 -14.562 -13.218 -12.642 -11.985 -14.923
0.022841 -18.222 -16.928 -16.628 -15.963 -15.496 -15.027 -16.487 -15.891 -15.492 -15.016 -14.566 -14.057 -15.903 -15.346 -14.762 -14.355 -13.982 -15.847 -15.465 -15.28 -15.447 -16.219 -14.854 -15.119 -14.598 -13.255 -12.679 -12.022 -14.959
0.023532 -18.221 -16.956 -16.661 -15.997 -15.531 -15.063 -16.519 -15.926 -15.527 -15.052 -14.602 -14.094 -15.937 -15.381 -14.798 -14.391 -14.018 -15.862 -15.476 -15.286 -15.446 -16.209 -14.89 -15.155 -14.634 -13.292 -12.716 -12.06 -14.994
0.024244 -18.221 -16.985 -16.693 -16.032 -15.566 -15.099 -16.552 -15.96 -15.562 -15.087 -14.638 -14.13 -15.972 -15.416 -14.834 -14.427 -14.055 -15.877 -15.488 -15.294 -15.445 -16.2 -14.926 -15.19 -14.67 -13.329 -12.753 -12.097 -15.03
0.024977 -18.22 -17.013 -16.726 -16.066 -15.601 -15.134 -16.584 -15.995 -15.597 -15.123 -14.674 -14.167 -16.006 -15.452 -14.87 -14.464 -14.091 -15.893 -15.501 -15.301 -15.445 -16.191 -14.962 -15.226 -14.706 -13.366 -12.79 -12.134 -15.065
0.025733 -18.221 -17.041 -16.758 -16.1 -15.636 -15.17 -16.616 -16.029 -15.632 -15.158 -14.71 -14.203 -16.04 -15.487 -14.906 -14.5 -14.128 -15.91 -15.515 -15.31 -15.445 -16.182 -14.997 -15.261 -14.742 -13.403 -12.828 -12.172 -15.101
0.026511 -18.221 -17.07 -16.791 -16.134 -15.671 -15.206 -16.648 -16.063 -15.667 -15.194 -14.746 -14.24 -16.075 -15.522 -14.942 -14.536 -14.164 -15.927 -15.528 -15.319 -15.446 -16.173 -15.033 -15.297 -14.778 -13.44 -12.865 -12.209 -15.136
0.027313 -18.222 -17.098 -16.823 -16.168 -15.706 -15.241 -16.68 -16.097 -15.702 -15.229 -14.782 -14.276 -16.109 -15.557 -14.978 -14.572 -14.201 -15.944 -15.543 -15.328 -15.448 -16.165 -15.068 -15.332 -14.814 -13.477 -12.902 -12.247 -15.172
0.028139 -18.224 -17.126 -16.855 -16.202 -15.74 -15.276 -16.712 -16.131 -15.737 -15.265 -14.818 -14.312 -16.143 -15.592 -15.014 -14.608 -14.237 -15.962 -15.558 -15.339 -15.45 -16.157 -15.104 -15.367 -14.85 -13.514 -12.939 -12.284 -15.207
0.02899 -18.225 -17.155 -16.886 -16.236 -15.775 -15.312 -16.743 -16.165 -15.771 -15.3 -14.854 -14.349 -16.176 -15.627 -15.049 -14.645 -14.274 -15.981 -15.573 -15.349 -15.452 -16.149 -15.139 -15.402 -14.886 -13.551 -12.976 -12.321 -15.242
0.029867 -18.227 -17.183 -16.918 -16.269 -15.81 -15.347 -16.775 -16.199 -15.806 -15.335 -14.89 -14.385 -16.21 -15.661 -15.085 -14.681 -14.31 -16.0 -15.59 -15.361 -15.456 -16.142 -15.175 -15.437 -14.921 -13.587 -13.013 -12.359 -15.277
0.03077 -18.23 -17.211 -16.949 -16.303 -15.844 -15.382 -16.806 -16.232 -15.84 -15.371 -14.925 -14.421 -16.244 -15.696 -15.12 -14.716 -14.346 -16.019 -15.606 -15.373 -15.459 -16.135 -15.21 -15.472 -14.957 -13.624 -13.05 -12.396 -15.312
0.031701 -18.233 -17.239 -16.981 -16.336 -15.878 -15.417 -16.837 -16.266 -15.875 -15.406 -14.961 -14.457 -16.277 -15.731 -15.156 -14.752 -14.383 -16.039 -15.623 -15.385 -15.464 -16.128 -15.245 -15.507 -14.993 -13.661 -13.087 -12.433 -15.347
0.032659 -18.236 -17.267 -17.012 -16.369 -15.913 -15.452 -16.868 -16.299 -15.909 -15.441 -14.996 -14.493 -16.311 -15.765 -15.191 -14.788 -14.419 -16.059 -15.641 -15.398 -15.468 -16.121 -15.28 -15.542 -15.028 -13.698 -13.124 -12.47 -15.382
0.033647 -18.239 -17.295 -17.043 -16.402 -15.947 -15.487 -16.899 -16.333 -15.943 -15.476 -15.032 -14.529 -16.344 -15.8 -15.226 -14.824 -14.455 -16.08 -15.659 -15.412 -15.474 -16.115 -15.315 -15.577 -15.064 -13.734 -13.161 -12.508 -15.417
0.034665 -18.243 -17.323 -17.073 -16.435 -15.981 -15.522 -16.929 -16.366 -15.977 -15.511 -15.067 -14.565 -16.377 -15.834 -15.262 -14.86 -14.491 -16.101 -15.678 -15.426 -15.48 -16.11 -15.35 -15.612 -15.099 -13.771 -13.198 -12.545 -15.452
0.035713 -18.247 -17.35 -17.104 -16.468 -16.015 -15.557 -16.959 -16.399 -16.011 -15.545 -15.103 -14.601 -16.41 -15.868 -15.297 -14.895 -14.527 -16.122 -15.697 -15.441 -15.486 -16.104 -15.385 -15.646 -15.135 -13.808 -13.235 -12.582 -15.486
0.036793 -18.252 -17.378 -17.134 -16.501 -16.049 -15.592 -16.989 -16.432 -16.045 -15.58 -15.138 -14.637 -16.443 -15.902 -15.332 -14.931 -14.563 -16.144 -15.716 -15.456 -15.493 -16.099 -15.42 -15.681 -15.17 -13.844 -13.272 -12.619 -15.521
0.037906 -18.256 -17.405 -17.164 -16.534 -16.082 -15.626 -17.019 -16.465 -16.079 -15.615 -15.173 -14.673 -16.476 -15.936 -15.367 -14.967 -14.599 -16.166 -15.736 -15.472 -15.501 -16.095 -15.455 -15.715 -15.205 -13.881 -13.309 -12.656 -15.555
0.039052 -18.262 -17.432 -17.194 -16.566 -16.116 -15.661 -17.049 -16.497 -16.112 -15.649 -15.209 -14.709 -16.509 -15.97 -15.402 -15.002 -14.635 -16.189 -15.757 -15.488 -15.509 -16.091 -15.489 -15.749 -15.24 -13.917 -13.346 -12.693 -15.59
0.040234 -18.267 -17.46 -17.224 -16.598 -16.149 -15.695 -17.078 -16.53 -16.146 -15.684 -15.244 -14.745 -16.541 -16.004 -15.437 -15.038 -14.671 -16.211 -15.778 -15.505 -15.518 -16.087 -15.524 -15.784 -15.275 -13.954 -13.383 -12.731 -15.624
0.04145 -18.272 -17.486 -17.253 -16.631 -16.183 -15.73 -17.107 -16.562 -16.179 -15.718 -15.279 -14.78 -16.573 -16.038 -15.472 -15.073 -14.707 -16.234 -15.799 -15.522 -15.528 -16.084 -15.558 -15.818 -15.31 -13.99 -13.419 -12.768 -15.658
0.042704 -18.278 -17.513 -17.282 -16.663 -16.216 -15.764 -17.136 -16.594 -16.212 -15.753 -15.314 -14.816 -16.606 -16.071 -15.506 -15.108 -14.742 -16.258 -15.82 -15.54 -15.537 -16.081 -15.593 -15.852 -15.345 -14.026 -13.456 -12.805 -15.692
0.043996 -18.284 -17.54 -17.311 -16.694 -16.249 -15.798 -17.165 -16.626 -16.245 -15.787 -15.349 -14.852 -16.638 -16.105 -15.541 -15.143 -14.778 -16.282 -15.842 -15.559 -15.548 -16.078 -15.627 -15.886 -15.38 -14.063 -13.493 -12.842 -15.726
0.045326 -18.291 -17.566 -17.34 -16.726 -16.282 -15.832 -17.193 -16.658 -16.279 -15.821 -15.384 -14.887 -16.67 -16.138 -15.575 -15.179 -14.814 -16.305 -15.865 -15.577 -15.559 -16.076 -15.661 -15.919 -15.415 -14.099 -13.53 -12.879 -15.76
0.046697 -18.297 -17.592 -17.368 -16.758 -16.315 -15.866 -17.222 -16.69 -16.311 -15.855 -15.418 -14.923 -16.701 -16.171 -15.61 -15.214 -14.849 -16.33 -15.888 -15.597 -15.571 -16.075 -15.695 -15.953 -15.45 -14.135 -13.566 -12.916 -15.794
0.048109 -18.304 -17.618 -17.397 -16.789 -16.348 -15.9 -17.249 -16.722 -16.344 -15.889 -15.453 -14.958 -16.733 -16.204 -15.644 -15.249 -14.885 -16.354 -15.911 -15.616 -15.583 -16.074 -15.729 -15.987 -15.484 -14.171 -13.603 -12.953 -15.828
0.049564 -18.311 -17.644 -17.424 -16.82 -16.381 -15.934 -17.277 -16.753 -16.377 -15.922 -15.487 -14.993 -16.764 -16.237 -15.679 -15.284 -14.92 -16.379 -15.934 -15.637 -15.596 -16.073 -15.763 -16.02 -15.519 -14.208 -13.639 -12.99 -15.861
0.051063 -18.318 -17.669 -17.452 -16.851 -16.413 -15.967 -17.304 -16.784 -16.409 -15.956 -15.522 -15.028 -16.795 -16.27 -15.713 -15.318 -14.955 -16.403 -15.958 -15.657 -15.609 -16.073 -15.797 -16.054 -15.553 -14.244 -13.676 -13.027 -15.895
0.052608 -18.325 -17.694 -17.479 -16.882 -16.445 -16.001 -17.332 -16.815 -16.442 -15.99 -15.556 -15.064 -16.826 -16.303 -15.747 -15.353 -14.991 -16.428 -15.982 -15.678 -15.623 -16.073 -15.831 -16.087 -15.587 -14.28 -13.712 -13.063 -15.928
0.054199 -18.333 -17.719 -17.507 -16.912 -16.477 -16.034 -17.358 -16.846 -16.474 -16.023 -15.591 -15.099 -16.857 -16.336 -15.781 -15.388 -15.026 -16.453 -16.006 -15.7 -15.638 -16.074 -15.864 -16.12 -15.622 -14.316 -13.749 -13.1 -15.961
