web/models/kne.last_good/kappa_0.5_3.0.v2/22/villar_0.0953_0.4217_3.0000.dat
# %ECSV 1.0
# ---
# datatype:
# - {name: time, datatype: float64}
# - {name: swift_uvot_uvw2, datatype: float64}
# - {name: swift_uvot_uvm2, datatype: float64}
# - {name: swift_uvot_uvw1, datatype: float64}
# - {name: swift_uvot_U, datatype: float64}
# - {name: swift_uvot_B, datatype: float64}
# - {name: swift_uvot_V, datatype: float64}
# - {name: swift_uvot_W, datatype: float64}
# - {name: johnson_U, datatype: float64}
# - {name: johnson_B, datatype: float64}
# - {name: johnson_V, datatype: float64}
# - {name: johnson_R, datatype: float64}
# - {name: johnson_I, datatype: float64}
# - {name: sdss_u, datatype: float64}
# - {name: sdss_g, datatype: float64}
# - {name: sdss_r, datatype: float64}
# - {name: sdss_i, datatype: float64}
# - {name: sdss_z, datatype: float64}
# - {name: PS1_g, datatype: float64}
# - {name: PS1_r, datatype: float64}
# - {name: PS1_i, datatype: float64}
# - {name: PS1_z, datatype: float64}
# - {name: PS1_Y, datatype: float64}
# - {name: PS1_w, datatype: float64}
# - {name: ATLAS_c, datatype: float64}
# - {name: ATLAS_o, datatype: float64}
# - {name: ukirt_J, datatype: float64}
# - {name: ukirt_H, datatype: float64}
# - {name: ukirt_K, datatype: float64}
# - {name: Clear, datatype: float64}
# meta: !!omap
# - comment: [kappa = 3.0, type = villar, mass = 0.09533330950298248, velocity = 0.4216666666666667, theta_obs = 0.0, tfloor = 2500.0]
# schema: astropy-2.0
time swift_uvot_uvw2 swift_uvot_uvm2 swift_uvot_uvw1 swift_uvot_U swift_uvot_B swift_uvot_V swift_uvot_W johnson_U johnson_B johnson_V johnson_R johnson_I sdss_u sdss_g sdss_r sdss_i sdss_z PS1_g PS1_r PS1_i PS1_z PS1_Y PS1_w ATLAS_c ATLAS_o ukirt_J ukirt_H ukirt_K Clear
[from data line 271]
3.212194 -9.395 -4.197 -5.162 -6.865 -9.652 -11.654 -9.77 -7.362 -9.783 -11.773 -13.357 -14.434 -7.139 -10.502 -12.631 -13.756 -14.527 -11.477 -12.801 -13.834 -14.45 -14.909 -12.954 -11.716 -13.268 -15.438 -15.758 -15.819 -13.414
3.309345 -9.33 -4.132 -5.098 -6.801 -9.587 -11.59 -9.705 -7.297 -9.718 -11.708 -13.293 -14.37 -7.075 -10.438 -12.566 -13.691 -14.462 -11.412 -12.736 -13.77 -14.385 -14.845 -12.889 -11.651 -13.203 -15.373 -15.693 -15.754 -13.35
3.409434 -9.265 -4.067 -5.033 -6.736 -9.522 -11.525 -9.64 -7.233 -9.653 -11.643 -13.228 -14.305 -7.01 -10.373 -12.502 -13.626 -14.397 -11.347 -12.671 -13.705 -14.321 -14.78 -12.825 -11.586 -13.138 -15.308 -15.629 -15.689 -13.285
3.51255 -9.2 -4.002 -4.968 -6.671 -9.457 -11.46 -9.575 -7.167 -9.588 -11.578 -13.163 -14.24 -6.945 -10.308 -12.437 -13.561 -14.332 -11.282 -12.606 -13.64 -14.256 -14.715 -12.76 -11.521 -13.073 -15.243 -15.564 -15.624 -13.22
3.618785 -9.135 -3.937 -4.903 -6.605 -9.392 -11.394 -9.51 -7.102 -9.523 -11.513 -13.098 -14.175 -6.88 -10.243 -12.371 -13.496 -14.267 -11.217 -12.541 -13.575 -14.19 -14.65 -12.694 -11.456 -13.008 -15.178 -15.498 -15.559 -13.154
3.728232 -9.07 -3.871 -4.837 -6.54 -9.327 -11.329 -9.445 -7.037 -9.458 -11.448 -13.032 -14.109 -6.814 -10.177 -12.306 -13.431 -14.202 -11.152 -12.475 -13.509 -14.125 -14.584 -12.629 -11.391 -12.943 -15.113 -15.433 -15.494 -13.089
3.84099 -9.004 -3.806 -4.772 -6.475 -9.261 -11.264 -9.379 -6.971 -9.392 -11.382 -12.967 -14.044 -6.749 -10.112 -12.241 -13.365 -14.136 -11.086 -12.41 -13.444 -14.059 -14.519 -12.564 -11.325 -12.877 -15.047 -15.368 -15.428 -13.024
3.957158 -8.939 -3.74 -4.706 -6.409 -9.196 -11.198 -9.313 -6.906 -9.327 -11.316 -12.901 -13.978 -6.683 -10.046 -12.175 -13.3 -14.07 -11.021 -12.344 -13.378 -13.994 -14.453 -12.498 -11.259 -12.812 -14.982 -15.302 -15.362 -12.958
4.07684 -8.873 -3.674 -4.64 -6.343 -9.13 -11.132 -9.248 -6.84 -9.261 -11.251 -12.835 -13.912 -6.617 -9.98 -12.109 -13.234 -14.005 -10.955 -12.278 -13.312 -13.928 -14.387 -12.432 -11.194 -12.746 -14.916 -15.236 -15.297 -12.892
4.200141 -8.807 -3.608 -4.574 -6.277 -9.064 -11.066 -9.182 -6.774 -9.195 -11.185 -12.769 -13.846 -6.551 -9.914 -12.043 -13.168 -13.939 -10.889 -12.212 -13.246 -13.862 -14.321 -12.366 -11.128 -12.68 -14.85 -15.17 -15.231 -12.826
4.327172 -8.741 -3.542 -4.508 -6.211 -8.998 -11.0 -9.115 -6.708 -9.129 -11.118 -12.703 -13.78 -6.485 -9.848 -11.977 -13.101 -13.872 -10.823 -12.146 -13.18 -13.796 -14.255 -12.3 -11.061 -12.614 -14.784 -15.104 -15.164 -12.76
4.458044 -8.674 -3.476 -4.442 -6.145 -8.931 -10.934 -9.049 -6.641 -9.062 -11.052 -12.637 -13.714 -6.419 -9.782 -11.91 -13.035 -13.806 -10.756 -12.08 -13.114 -13.729 -14.189 -12.233 -10.995 -12.547 -14.717 -15.037 -15.098 -12.694
4.592874 -8.608 -3.409 -4.375 -6.078 -8.865 -10.867 -8.983 -6.575 -8.996 -10.985 -12.57 -13.647 -6.352 -9.715 -11.844 -12.969 -13.739 -10.69 -12.013 -13.047 -13.663 -14.122 -12.167 -10.929 -12.481 -14.651 -14.971 -15.031 -12.627
4.731783 -8.541 -3.343 -4.308 -6.011 -8.798 -10.8 -8.916 -6.508 -8.929 -10.919 -12.504 -13.58 -6.285 -9.648 -11.777 -12.902 -13.673 -10.623 -11.947 -12.98 -13.596 -14.055 -12.1 -10.862 -12.414 -14.584 -14.904 -14.965 -12.56
4.874892 -8.474 -3.276 -4.241 -5.944 -8.731 -10.733 -8.849 -6.441 -8.862 -10.852 -12.437 -13.513 -6.218 -9.581 -11.71 -12.835 -13.606 -10.556 -11.88 -12.913 -13.529 -13.988 -12.033 -10.795 -12.347 -14.517 -14.837 -14.898 -12.493
5.02233 -8.407 -3.208 -4.174 -5.877 -8.664 -10.666 -8.782 -6.374 -8.795 -10.785 -12.369 -13.446 -6.151 -9.514 -11.643 -12.768 -13.539 -10.489 -11.812 -12.846 -13.462 -13.921 -11.966 -10.728 -12.28 -14.45 -14.77 -14.831 -12.426
5.174227 -8.34 -3.141 -4.107 -5.81 -8.597 -10.599 -8.714 -6.307 -8.728 -10.717 -12.302 -13.379 -6.084 -9.447 -11.576 -12.7 -13.471 -10.422 -11.745 -12.779 -13.395 -13.854 -11.899 -10.66 -12.212 -14.382 -14.703 -14.763 -12.359
5.330718 -8.272 -3.074 -4.039 -5.742 -8.529 -10.531 -8.647 -6.239 -8.66 -10.65 -12.234 -13.311 -6.016 -9.379 -11.508 -12.633 -13.404 -10.354 -11.678 -12.711 -13.327 -13.786 -11.831 -10.593 -12.145 -14.315 -14.635 -14.696 -12.291
5.491942 -8.204 -3.006 -3.972 -5.674 -8.461 -10.463 -8.579 -6.171 -8.592 -10.582 -12.167 -13.244 -5.949 -9.312 -11.44 -12.565 -13.336 -10.286 -11.61 -12.644 -13.259 -13.718 -11.763 -10.525 -12.077 -14.247 -14.567 -14.628 -12.223
5.658042 -8.136 -2.938 -3.904 -5.606 -8.393 -10.395 -8.511 -6.103 -8.524 -10.514 -12.099 -13.176 -5.881 -9.244 -11.372 -12.497 -13.268 -10.218 -11.542 -12.576 -13.191 -13.65 -11.695 -10.457 -12.009 -14.179 -14.499 -14.56 -12.155
5.829166 -8.068 -2.869 -3.835 -5.538 -8.325 -10.327 -8.443 -6.035 -8.456 -10.446 -12.03 -13.107 -5.812 -9.175 -11.304 -12.429 -13.2 -10.15 -11.473 -12.507 -13.123 -13.582 -11.627 -10.389 -11.941 -14.111 -14.431 -14.492 -12.087
6.005465 -7.999 -2.801 -3.767 -5.47 -8.256 -10.259 -8.374 -5.966 -8.387 -10.377 -11.962 -13.039 -5.744 -9.107 -11.236 -12.36 -13.131 -10.081 -11.405 -12.439 -13.054 -13.514 -11.559 -10.32 -11.872 -14.042 -14.363 -14.423 -12.019
6.187096 -7.931 -2.732 -3.698 -5.401 -8.188 -10.19 -8.305 -5.898 -8.319 -10.308 -11.893 -12.97 -5.675 -9.038 -11.167 -12.291 -13.062 -10.013 -11.336 -12.37 -12.986 -13.445 -11.49 -10.251 -11.803 -13.973 -14.294 -14.354 -11.95
6.37422 -7.862 -2.663 -3.629 -5.332 -8.119 -10.121 -8.236 -5.829 -8.25 -10.239 -11.824 -12.901 -5.606 -8.969 -11.098 -12.222 -12.993 -9.944 -11.267 -12.301 -12.917 -13.376 -11.421 -10.182 -11.734 -13.904 -14.225 -14.285 -11.881
6.567004 -7.792 -2.594 -3.56 -5.263 -8.049 -10.052 -8.167 -5.759 -8.18 -10.17 -11.755 -12.832 -5.537 -8.9 -11.028 -12.153 -12.924 -9.874 -11.198 -12.232 -12.847 -13.307 -11.352 -10.113 -11.665 -13.835 -14.155 -14.216 -11.812
6.765619 -7.723 -2.524 -3.49 -5.193 -7.98 -9.982 -8.098 -5.69 -8.111 -10.1 -11.685 -12.762 -5.467 -8.83 -10.959 -12.084 -12.854 -9.805 -11.128 -12.162 -12.778 -13.237 -11.282 -10.044 -11.596 -13.766 -14.086 -14.147 -11.742
6.97024 -7.653 -2.455 -3.42 -5.123 -7.91 -9.912 -8.028 -5.62 -8.041 -10.031 -11.616 -12.692 -5.397 -8.76 -10.889 -12.014 -12.785 -9.735 -11.059 -12.092 -12.708 -13.167 -11.212 -9.974 -11.526 -13.696 -14.016 -14.077 -11.672
7.181051 -7.583 -2.384 -3.35 -5.053 -7.84 -9.842 -7.958 -5.55 -7.971 -9.961 -11.545 -12.622 -5.327 -8.69 -10.819 -11.944 -12.715 -9.665 -10.988 -12.022 -12.638 -13.097 -11.142 -9.904 -11.456 -13.626 -13.946 -14.007 -11.602
7.398237 -7.513 -2.314 -3.28 -4.983 -7.77 -9.772 -7.887 -5.48 -7.901 -9.89 -11.475 -12.552 -5.257 -8.62 -10.749 -11.873 -12.644 -9.595 -10.918 -11.952 -12.568 -13.027 -11.072 -9.833 -11.385 -13.555 -13.876 -13.936 -11.532
7.621991 -7.442 -2.244 -3.209 -4.912 -7.699 -9.701 -7.817 -5.409 -7.83 -9.82 -11.405 -12.481 -5.186 -8.549 -10.678 -11.803 -12.574 -9.524 -10.848 -11.881 -12.497 -12.956 -11.001 -9.763 -11.315 -13.485 -13.805 -13.866 -11.461
7.852513 -7.371 -2.173 -3.139 -4.841 -7.628 -9.63 -7.746 -5.338 -7.759 -9.749 -11.334 -12.411 -5.116 -8.479 -10.607 -11.732 -12.503 -9.453 -10.777 -11.811 -12.426 -12.885 -10.93 -9.692 -11.244 -13.414 -13.734 -13.795 -11.39
8.090007 -7.3 -2.102 -3.067 -4.77 -7.557 -9.559 -7.675 -5.267 -7.688 -9.678 -11.263 -12.339 -5.044 -8.407 -10.536 -11.661 -12.432 -9.382 -10.706 -11.739 -12.355 -12.814 -10.859 -9.621 -11.173 -13.343 -13.663 -13.724 -11.319
8.334684 -7.229 -2.03 -2.996 -4.699 -7.486 -9.488 -7.603 -5.196 -7.617 -9.606 -11.191 -12.268 -4.973 -8.336 -10.465 -11.589 -12.36 -9.311 -10.634 -11.668 -12.284 -12.743 -10.788 -9.549 -11.101 -13.271 -13.592 -13.652 -11.248
8.586761 -7.157 -1.958 -2.924 -4.627 -7.414 -9.416 -7.532 -5.124 -7.545 -9.535 -11.119 -12.196 -4.901 -8.264 -10.393 -11.518 -12.289 -9.239 -10.562 -11.596 -12.212 -12.671 -10.716 -9.478 -11.03 -13.2 -13.52 -13.581 -11.176
8.846461 -7.085 -1.886 -2.852 -4.555 -7.342 -9.344 -7.46 -5.052 -7.473 -9.463 -11.047 -12.124 -4.829 -8.192 -10.321 -11.446 -12.217 -9.167 -10.49 -11.524 -12.14 -12.599 -10.644 -9.406 -10.958 -13.128 -13.448 -13.509 -11.104
9.114017 -7.013 -1.814 -2.78 -4.483 -7.27 -9.272 -7.387 -4.98 -7.401 -9.39 -10.975 -12.052 -4.757 -8.12 -10.249 -11.374 -12.144 -9.095 -10.418 -11.452 -12.068 -12.527 -10.572 -9.333 -10.886 -13.056 -13.376 -13.436 -11.032
9.389664 -6.94 -1.742 -2.708 -4.41 -7.197 -9.199 -7.315 -4.907 -7.328 -9.318 -10.903 -11.98 -4.685 -8.048 -10.176 -11.301 -12.072 -9.022 -10.346 -11.38 -11.995 -12.455 -10.499 -9.261 -10.813 -12.983 -13.303 -13.364 -10.959
9.673648 -6.867 -1.669 -2.635 -4.338 -7.124 -9.127 -7.242 -4.835 -7.256 -9.245 -10.83 -11.907 -4.612 -7.975 -10.104 -11.228 -11.999 -8.949 -10.273 -11.307 -11.923 -12.382 -10.427 -9.188 -10.74 -12.91 -13.231 -13.291 -10.887
9.966221 -6.794 -1.596 -2.562 -4.265 -7.051 -9.054 -7.169 -4.761 -7.182 -9.172 -10.757 -11.834 -4.539 -7.902 -10.031 -11.155 -11.926 -8.876 -10.2 -11.234 -11.85 -12.309 -10.354 -9.115 -10.667 -12.837 -13.158 -13.218 -10.814
10.267642 -6.721 -1.523 -2.489 -4.191 -6.978 -8.98 -7.096 -4.688 -7.109 -9.099 -10.684 -11.76 -4.465 -7.829 -9.957 -11.082 -11.853 -8.803 -10.127 -11.161 -11.776 -12.235 -10.28 -9.042 -10.594 -12.764 -13.084 -13.145 -10.74
10.57818 -6.648 -1.449 -2.415 -4.118 -6.905 -8.907 -7.022 -4.615 -7.036 -9.025 -10.61 -11.687 -4.392 -7.755 -9.884 -11.008 -11.779 -8.73 -10.053 -11.087 -11.703 -12.162 -10.207 -8.968 -10.52 -12.69 -13.011 -13.071 -10.667
10.89811 -6.574 -1.375 -2.341 -4.044 -6.831 -8.833 -6.949 -4.541 -6.962 -8.951 -10.536 -11.613 -4.318 -7.681 -9.81 -10.935 -11.705 -8.656 -9.979 -11.013 -11.629 -12.088 -10.133 -8.895 -10.447 -12.617 -12.937 -12.998 -10.593
11.227716 -6.5 -1.301 -2.267 -3.97 -6.757 -8.759 -6.875 -4.467 -6.888 -8.877 -10.462 -11.539 -4.244 -7.607 -9.736 -10.861 -11.631 -8.582 -9.905 -10.939 -11.555 -12.014 -10.059 -8.821 -10.373 -12.543 -12.863 -12.923 -10.519
11.56729 -6.425 -1.227 -2.193 -3.896 -6.682 -8.685 -6.8 -4.393 -6.814 -8.803 -10.388 -11.465 -4.17 -7.533 -9.662 -10.786 -11.557 -8.507 -9.831 -10.865 -11.481 -11.94 -9.985 -8.746 -10.298 -12.468 -12.789 -12.849 -10.445
11.917135 -6.351 -1.152 -2.118 -3.821 -6.608 -8.61 -6.726 -4.318 -6.739 -8.729 -10.313 -11.39 -4.095 -7.458 -9.587 -10.712 -11.483 -8.433 -9.756 -10.79 -11.406 -11.865 -9.91 -8.672 -10.224 -12.394 -12.714 -12.775 -10.37
12.277561 -6.276 -1.078 -2.044 -3.746 -6.533 -8.535 -6.651 -4.243 -6.664 -8.654 -10.239 -11.315 -4.02 -7.384 -9.512 -10.637 -11.408 -8.358 -9.682 -10.716 -11.331 -11.79 -9.835 -8.597 -10.149 -12.319 -12.639 -12.7 -10.295
12.648887 -6.201 -1.003 -1.969 -3.671 -6.458 -8.46 -6.576 -4.168 -6.589 -8.579 -10.164 -11.24 -3.945 -7.309 -9.437 -10.562 -11.333 -8.283 -9.607 -10.641 -11.256 -11.715 -9.76 -8.522 -10.074 -12.244 -12.564 -12.625 -10.22
13.031444 -6.126 -0.927 -1.893 -3.596 -6.383 -8.385 -6.501 -4.093 -6.514 -8.504 -10.088 -11.165 -3.87 -7.233 -9.362 -10.487 -11.258 -8.208 -9.531 -10.565 -11.181 -11.64 -9.685 -8.447 -9.999 -12.169 -12.489 -12.55 -10.145
13.425571 -6.05 -0.852 -1.818 -3.521 -6.307 -8.31 -6.425 -4.017 -6.438 -8.428 -10.013 -11.09 -3.795 -7.158 -9.287 -10.411 -11.182 -8.132 -9.456 -10.49 -11.106 -11.565 -9.61 -8.371 -9.923 -12.093 -12.414 -12.474 -10.07
13.831619 -5.975 -0.776 -1.742 -3.445 -6.232 -8.234 -6.35 -3.942 -6.363 -8.352 -9.937 -11.014 -3.719 -7.082 -9.211 -10.336 -11.106 -8.057 -9.38 -10.414 -11.03 -11.489 -9.534 -8.295 -9.848 -12.018 -12.338 -12.398 -9.994
14.249947 -5.899 -0.7 -1.666 -3.369 -6.156 -8.158 -6.274 -3.866 -6.287 -8.276 -9.861 -10.938 -3.643 -7.006 -9.135 -10.26 -11.03 -7.981 -9.304 -10.338 -10.954 -11.413 -9.458 -8.22 -9.772 -11.942 -12.262 -12.323 -9.918
14.680926 -5.823 -0.624 -1.59 -3.293 -6.08 -8.082 -6.197 -3.79 -6.211 -8.2 -9.785 -10.862 -3.567 -6.93 -9.059 -10.183 -10.954 -7.905 -9.228 -10.262 -10.878 -11.337 -9.382 -8.143 -9.696 -11.866 -12.186 -12.246 -9.842
15.124941 -5.746 -0.548 -1.514 -3.217 -6.003 -8.006 -6.121 -3.713 -6.134 -8.124 -9.709 -10.786 -3.491 -6.854 -8.983 -10.107 -10.878 -7.828 -9.152 -10.186 -10.801 -11.261 -9.306 -8.067 -9.619 -11.789 -12.109 -12.17 -9.766
15.582385 -5.67 -0.471 -1.437 -3.14 -5.927 -7.929 -6.045 -3.637 -6.058 -8.047 -9.632 -10.709 -3.414 -6.777 -8.906 -10.031 -10.801 -7.752 -9.075 -10.109 -10.725 -11.184 -9.229 -7.991 -9.543 -11.713 -12.033 -12.094 -9.689
16.053663 -5.593 -0.395 -1.36 -3.063 -5.85 -7.852 -5.968 -3.56 -5.981 -7.971 -9.556 -10.632 -3.337 -6.7 -8.829 -9.954 -10.725 -7.675 -8.999 -10.032 -10.648 -11.107 -9.152 -7.914 -9.466 -11.636 -11.956 -12.017 -9.612
16.539195 -5.516 -0.318 -1.284 -2.986 -5.773 -7.775 -5.891 -3.483 -5.904 -7.894 -9.479 -10.555 -3.261 -6.624 -8.752 -9.877 -10.648 -7.598 -8.922 -9.956 -10.571 -11.03 -9.075 -7.837 -9.389 -11.559 -11.879 -11.94 -9.535
17.039412 -5.439 -0.241 -1.206 -2.909 -5.696 -7.698 -5.814 -3.406 -5.827 -7.817 -9.402 -10.478 -3.183 -6.546 -8.675 -9.8 -10.571 -7.521 -8.845 -9.878 -10.494 -10.953 -8.998 -7.76 -9.312 -11.482 -11.802 -11.863 -9.458
17.554757 -5.362 -0.163 -1.129 -2.832 -5.619 -7.621 -5.736 -3.329 -5.75 -7.739 -9.324 -10.401 -3.106 -6.469 -8.598 -9.722 -10.493 -7.444 -8.767 -9.801 -10.417 -10.876 -8.921 -7.682 -9.234 -11.405 -11.725 -11.785 -9.381
18.085689 -5.284 -0.086 -1.052 -2.754 -5.541 -7.543 -5.659 -3.251 -5.672 -7.662 -9.247 -10.324 -3.029 -6.392 -8.52 -9.645 -10.416 -7.366 -8.69 -9.724 -10.339 -10.798 -8.843 -7.605 -9.157 -11.327 -11.647 -11.708 -9.303
18.632678 -5.206 -0.008 -0.974 -2.677 -5.464 -7.466 -5.581 -3.174 -5.595 -7.584 -9.169 -10.246 -2.951 -6.314 -8.443 -9.567 -10.338 -7.289 -8.612 -9.646 -10.262 -10.721 -8.766 -7.527 -9.079 -11.249 -11.57 -11.63 -9.226
19.196211 -5.129 0.07 -0.896 -2.599 -5.386 -7.388 -5.503 -3.096 -5.517 -7.506 -9.091 -10.168 -2.873 -6.236 -8.365 -9.489 -10.26 -7.211 -8.534 -9.568 -10.184 -10.643 -8.688 -7.449 -9.001 -11.171 -11.492 -11.552 -9.148
19.776787 -5.051 0.148 -0.818 -2.521 -5.308 -7.31 -5.425 -3.018 -5.439 -7.428 -9.013 -10.09 -2.795 -6.158 -8.287 -9.411 -10.182 -7.133 -8.456 -9.49 -10.106 -10.565 -8.61 -7.371 -8.923 -11.093 -11.414 -11.474 -9.07
20.374923 -4.972 0.226 -0.74 -2.443 -5.229 -7.232 -5.347 -2.939 -5.36 -7.35 -8.935 -10.012 -2.717 -6.08 -8.208 -9.333 -10.104 -7.054 -8.378 -9.412 -10.027 -10.487 -8.531 -7.293 -8.845 -11.015 -11.335 -11.396 -8.992
20.991149 -4.894 0.305 -0.661 -2.364 -5.151 -7.153 -5.269 -2.861 -5.282 -7.272 -8.856 -9.933 -2.638 -6.001 -8.13 -9.255 -10.026 -6.976 -8.299 -9.333 -9.949 -10.408 -8.453 -7.215 -8.767 -10.937 -11.257 -11.318 -8.913
21.626011 -4.815 0.383 -0.583 -2.286 -5.072 -7.075 -5.19 -2.782 -5.203 -7.193 -8.778 -9.855 -2.56 -5.923 -8.051 -9.176 -9.947 -6.897 -8.221 -9.255 -9.87 -10.33 -8.374 -7.136 -8.688 -10.858 -11.178 -11.239 -8.835
22.280075 -4.737 0.462 -0.504 -2.207 -4.994 -6.996 -5.111 -2.704 -5.125 -7.114 -8.699 -9.776 -2.481 -5.844 -7.973 -9.097 -9.868 -6.819 -8.142 -9.176 -9.792 -10.251 -8.296 -7.057 -8.609 -10.779 -11.1 -11.16 -8.756
22.953921 -4.658 0.541 -0.425 -2.128 -4.915 -6.917 -5.032 -2.625 -5.046 -7.035 -8.62 -9.697 -2.402 -5.765 -7.894 -9.018 -9.789 -6.74 -8.063 -9.097 -9.713 -10.172 -8.217 -6.978 -8.531 -10.701 -11.021 -11.081 -8.677
23.648147 -4.579 0.62 -0.346 -2.049 -4.836 -6.838 -4.953 -2.546 -4.967 -6.956 -8.541 -9.618 -2.323 -5.686 -7.815 -8.939 -9.71 -6.661 -7.984 -9.018 -9.634 -10.093 -8.138 -6.899 -8.451 -10.622 -10.942 -11.002 -8.598
24.363369 -4.499 0.699 -0.267 -1.97 -4.756 -6.759 -4.874 -2.467 -4.888 -6.877 -8.462 -9.539 -2.244 -5.607 -7.736 -8.86 -9.631 -6.581 -7.905 -8.939 -9.555 -10.014 -8.059 -6.82 -8.372 -10.542 -10.863 -10.923 -8.519
25.100222 -4.42 0.778 -0.187 -1.89 -4.677 -6.679 -4.795 -2.387 -4.808 -6.798 -8.383 -9.459 -2.164 -5.527 -7.656 -8.781 -9.552 -6.502 -7.826 -8.859 -9.475 -9.934 -7.979 -6.741 -8.293 -10.463 -10.783 -10.844 -8.439
25.859362 -4.341 0.858 -0.108 -1.811 -4.598 -6.6 -4.715 -2.308 -4.729 -6.718 -8.303 -9.38 -2.085 -5.448 -7.577 -8.701 -9.472 -6.423 -7.746 -8.78 -9.396 -9.855 -7.9 -6.661 -8.213 -10.383 -10.704 -10.764 -8.36
