web/models/kne.last_good/kappa_0.5_3.0.v2/22/villar_0.0416_0.5000_3.0000.dat
# %ECSV 1.0
# ---
# datatype:
# - {name: time, datatype: float64}
# - {name: swift_uvot_uvw2, datatype: float64}
# - {name: swift_uvot_uvm2, datatype: float64}
# - {name: swift_uvot_uvw1, datatype: float64}
# - {name: swift_uvot_U, datatype: float64}
# - {name: swift_uvot_B, datatype: float64}
# - {name: swift_uvot_V, datatype: float64}
# - {name: swift_uvot_W, datatype: float64}
# - {name: johnson_U, datatype: float64}
# - {name: johnson_B, datatype: float64}
# - {name: johnson_V, datatype: float64}
# - {name: johnson_R, datatype: float64}
# - {name: johnson_I, datatype: float64}
# - {name: sdss_u, datatype: float64}
# - {name: sdss_g, datatype: float64}
# - {name: sdss_r, datatype: float64}
# - {name: sdss_i, datatype: float64}
# - {name: sdss_z, datatype: float64}
# - {name: PS1_g, datatype: float64}
# - {name: PS1_r, datatype: float64}
# - {name: PS1_i, datatype: float64}
# - {name: PS1_z, datatype: float64}
# - {name: PS1_Y, datatype: float64}
# - {name: PS1_w, datatype: float64}
# - {name: ATLAS_c, datatype: float64}
# - {name: ATLAS_o, datatype: float64}
# - {name: ukirt_J, datatype: float64}
# - {name: ukirt_H, datatype: float64}
# - {name: ukirt_K, datatype: float64}
# - {name: Clear, datatype: float64}
# meta: !!omap
# - comment: [kappa = 3.0, type = villar, mass = 0.04162766037032262, velocity = 0.5, theta_obs = 0.0, tfloor = 2500.0]
# schema: astropy-2.0
time swift_uvot_uvw2 swift_uvot_uvm2 swift_uvot_uvw1 swift_uvot_U swift_uvot_B swift_uvot_V swift_uvot_W johnson_U johnson_B johnson_V johnson_R johnson_I sdss_u sdss_g sdss_r sdss_i sdss_z PS1_g PS1_r PS1_i PS1_z PS1_Y PS1_w ATLAS_c ATLAS_o ukirt_J ukirt_H ukirt_K Clear
[from data line 68]
0.007585 -17.726 -15.627 -15.139 -14.444 -13.963 -13.484 -15.001 -14.37 -13.959 -13.472 -13.015 -12.499 -14.382 -13.81 -13.214 -12.8 -12.423 -15.025 -14.729 -14.657 -14.972 -15.888 -13.31 -13.579 -13.048 -11.689 -11.108 -10.448 -13.417
0.007814 -17.717 -15.65 -15.174 -14.48 -14.0 -13.521 -15.036 -14.406 -13.996 -13.509 -13.052 -12.536 -14.418 -13.846 -13.251 -12.837 -12.46 -15.025 -14.727 -14.651 -14.962 -15.874 -13.347 -13.615 -13.084 -11.726 -11.146 -10.486 -13.454
0.00805 -17.708 -15.674 -15.209 -14.516 -14.036 -13.558 -15.071 -14.442 -14.032 -13.546 -13.089 -12.573 -14.454 -13.883 -13.288 -12.874 -12.497 -15.026 -14.725 -14.645 -14.952 -15.861 -13.383 -13.652 -13.121 -11.764 -11.183 -10.524 -13.491
0.008294 -17.699 -15.699 -15.244 -14.552 -14.072 -13.594 -15.106 -14.478 -14.069 -13.583 -13.126 -12.611 -14.49 -13.919 -13.325 -12.911 -12.534 -15.028 -14.723 -14.639 -14.942 -15.847 -13.42 -13.689 -13.158 -11.801 -11.221 -10.561 -13.527
0.008545 -17.691 -15.724 -15.279 -14.588 -14.109 -13.631 -15.14 -14.514 -14.105 -13.619 -13.162 -12.648 -14.526 -13.956 -13.362 -12.948 -12.571 -15.03 -14.722 -14.635 -14.932 -15.834 -13.457 -13.725 -13.195 -11.838 -11.258 -10.599 -13.564
0.008803 -17.682 -15.749 -15.314 -14.623 -14.145 -13.667 -15.175 -14.55 -14.141 -13.656 -13.199 -12.685 -14.562 -13.992 -13.398 -12.985 -12.608 -15.033 -14.721 -14.63 -14.923 -15.82 -13.493 -13.762 -13.232 -11.876 -11.296 -10.636 -13.6
0.009069 -17.674 -15.774 -15.348 -14.659 -14.181 -13.704 -15.21 -14.586 -14.177 -13.692 -13.236 -12.722 -14.597 -14.028 -13.435 -13.022 -12.645 -15.036 -14.721 -14.626 -14.914 -15.807 -13.53 -13.798 -13.269 -11.913 -11.333 -10.674 -13.637
0.009344 -17.667 -15.799 -15.383 -14.695 -14.217 -13.74 -15.244 -14.621 -14.213 -13.729 -13.273 -12.759 -14.633 -14.064 -13.472 -13.059 -12.682 -15.04 -14.722 -14.622 -14.905 -15.794 -13.566 -13.835 -13.305 -11.95 -11.371 -10.711 -13.673
0.009626 -17.659 -15.825 -15.418 -14.731 -14.253 -13.777 -15.279 -14.657 -14.25 -13.765 -13.31 -12.796 -14.669 -14.101 -13.508 -13.096 -12.719 -15.044 -14.723 -14.619 -14.897 -15.78 -13.603 -13.871 -13.342 -11.988 -11.408 -10.749 -13.71
0.009917 -17.652 -15.851 -15.452 -14.766 -14.289 -13.813 -15.313 -14.693 -14.286 -13.802 -13.346 -12.833 -14.704 -14.137 -13.545 -13.133 -12.756 -15.05 -14.724 -14.616 -14.889 -15.767 -13.639 -13.907 -13.379 -12.025 -11.446 -10.786 -13.746
0.010217 -17.645 -15.878 -15.487 -14.802 -14.325 -13.85 -15.348 -14.728 -14.322 -13.838 -13.383 -12.87 -14.74 -14.173 -13.582 -13.17 -12.793 -15.055 -14.726 -14.614 -14.881 -15.754 -13.676 -13.944 -13.415 -12.062 -11.483 -10.824 -13.782
0.010526 -17.639 -15.904 -15.521 -14.837 -14.361 -13.886 -15.382 -14.764 -14.358 -13.874 -13.42 -12.906 -14.776 -14.209 -13.618 -13.206 -12.83 -15.061 -14.729 -14.612 -14.873 -15.742 -13.712 -13.98 -13.452 -12.099 -11.52 -10.861 -13.819
0.010845 -17.633 -15.931 -15.555 -14.872 -14.397 -13.922 -15.416 -14.799 -14.393 -13.911 -13.456 -12.943 -14.811 -14.245 -13.655 -13.243 -12.867 -15.068 -14.732 -14.611 -14.866 -15.729 -13.749 -14.016 -13.489 -12.136 -11.558 -10.899 -13.855
0.011173 -17.627 -15.958 -15.589 -14.908 -14.433 -13.959 -15.45 -14.835 -14.429 -13.947 -13.493 -12.98 -14.846 -14.281 -13.691 -13.28 -12.904 -15.075 -14.736 -14.61 -14.859 -15.717 -13.785 -14.052 -13.525 -12.174 -11.595 -10.936 -13.891
0.011511 -17.621 -15.985 -15.624 -14.943 -14.469 -13.995 -15.484 -14.87 -14.465 -13.983 -13.529 -13.017 -14.882 -14.317 -13.728 -13.317 -12.941 -15.083 -14.74 -14.609 -14.853 -15.704 -13.821 -14.088 -13.562 -12.211 -11.632 -10.974 -13.927
0.011859 -17.616 -16.012 -15.657 -14.978 -14.505 -14.031 -15.518 -14.905 -14.501 -14.019 -13.566 -13.054 -14.917 -14.353 -13.764 -13.353 -12.978 -15.092 -14.745 -14.609 -14.846 -15.692 -13.857 -14.124 -13.598 -12.248 -11.67 -11.011 -13.963
0.012217 -17.611 -16.039 -15.691 -15.013 -14.54 -14.067 -15.551 -14.941 -14.537 -14.056 -13.602 -13.091 -14.952 -14.389 -13.8 -13.39 -13.015 -15.101 -14.75 -14.61 -14.841 -15.68 -13.894 -14.16 -13.635 -12.285 -11.707 -11.049 -13.999
0.012587 -17.607 -16.067 -15.725 -15.048 -14.576 -14.103 -15.585 -14.976 -14.572 -14.092 -13.639 -13.127 -14.987 -14.424 -13.837 -13.426 -13.051 -15.11 -14.756 -14.611 -14.835 -15.668 -13.93 -14.196 -13.671 -12.322 -11.744 -11.086 -14.035
0.012968 -17.602 -16.094 -15.759 -15.083 -14.611 -14.139 -15.618 -15.011 -14.608 -14.128 -13.675 -13.164 -15.022 -14.46 -13.873 -13.463 -13.088 -15.121 -14.763 -14.613 -14.83 -15.656 -13.966 -14.232 -13.707 -12.359 -11.781 -11.124 -14.071
0.01336 -17.598 -16.122 -15.792 -15.118 -14.647 -14.175 -15.652 -15.046 -14.643 -14.164 -13.711 -13.201 -15.057 -14.496 -13.909 -13.499 -13.125 -15.131 -14.77 -14.615 -14.826 -15.645 -14.002 -14.268 -13.744 -12.396 -11.819 -11.161 -14.107
0.013764 -17.595 -16.15 -15.826 -15.153 -14.682 -14.211 -15.685 -15.081 -14.679 -14.2 -13.748 -13.237 -15.092 -14.531 -13.945 -13.536 -13.162 -15.143 -14.778 -14.618 -14.822 -15.633 -14.038 -14.304 -13.78 -12.433 -11.856 -11.198 -14.143
0.01418 -17.592 -16.178 -15.859 -15.188 -14.718 -14.247 -15.718 -15.115 -14.714 -14.235 -13.784 -13.274 -15.127 -14.567 -13.981 -13.572 -13.198 -15.155 -14.786 -14.622 -14.818 -15.622 -14.074 -14.34 -13.816 -12.47 -11.893 -11.236 -14.179
0.014609 -17.589 -16.206 -15.892 -15.222 -14.753 -14.283 -15.751 -15.15 -14.749 -14.271 -13.82 -13.31 -15.162 -14.602 -14.017 -13.609 -13.235 -15.167 -14.795 -14.626 -14.815 -15.611 -14.11 -14.375 -13.852 -12.507 -11.93 -11.273 -14.214
0.015051 -17.587 -16.234 -15.925 -15.257 -14.788 -14.319 -15.784 -15.185 -14.784 -14.307 -13.856 -13.347 -15.196 -14.638 -14.053 -13.645 -13.271 -15.18 -14.805 -14.63 -14.812 -15.6 -14.145 -14.411 -13.888 -12.544 -11.967 -11.31 -14.25
0.015506 -17.585 -16.262 -15.958 -15.291 -14.823 -14.354 -15.817 -15.219 -14.82 -14.343 -13.892 -13.383 -15.231 -14.673 -14.089 -13.681 -13.308 -15.194 -14.815 -14.635 -14.809 -15.59 -14.181 -14.446 -13.925 -12.581 -12.004 -11.348 -14.286
0.015975 -17.583 -16.29 -15.991 -15.325 -14.858 -14.39 -15.849 -15.254 -14.855 -14.378 -13.928 -13.42 -15.265 -14.708 -14.125 -13.717 -13.344 -15.208 -14.826 -14.641 -14.807 -15.579 -14.217 -14.482 -13.961 -12.618 -12.042 -11.385 -14.321
0.016458 -17.582 -16.318 -16.023 -15.36 -14.893 -14.426 -15.882 -15.288 -14.89 -14.414 -13.964 -13.456 -15.3 -14.744 -14.161 -13.754 -13.381 -15.223 -14.837 -14.647 -14.806 -15.569 -14.253 -14.517 -13.997 -12.655 -12.079 -11.422 -14.357
0.016956 -17.581 -16.346 -16.056 -15.394 -14.928 -14.461 -15.914 -15.322 -14.925 -14.45 -14.0 -13.493 -15.334 -14.779 -14.197 -13.79 -13.417 -15.238 -14.849 -14.654 -14.805 -15.559 -14.288 -14.553 -14.032 -12.692 -12.116 -11.459 -14.392
0.017469 -17.58 -16.375 -16.088 -15.428 -14.963 -14.497 -15.946 -15.357 -14.959 -14.485 -14.036 -13.529 -15.368 -14.814 -14.233 -13.826 -13.454 -15.254 -14.862 -14.662 -14.805 -15.55 -14.324 -14.588 -14.068 -12.728 -12.153 -11.497 -14.428
0.017997 -17.58 -16.403 -16.12 -15.462 -14.998 -14.532 -15.978 -15.391 -14.994 -14.52 -14.072 -13.565 -15.402 -14.849 -14.268 -13.862 -13.49 -15.27 -14.875 -14.67 -14.805 -15.54 -14.359 -14.623 -14.104 -12.765 -12.19 -11.534 -14.463
0.018541 -17.58 -16.431 -16.152 -15.496 -15.033 -14.567 -16.01 -15.425 -15.029 -14.556 -14.108 -13.601 -15.436 -14.883 -14.304 -13.898 -13.526 -15.287 -14.888 -14.678 -14.805 -15.531 -14.395 -14.658 -14.14 -12.802 -12.227 -11.571 -14.498
0.019102 -17.581 -16.459 -16.184 -15.529 -15.067 -14.603 -16.041 -15.458 -15.063 -14.591 -14.144 -13.638 -15.47 -14.918 -14.339 -13.934 -13.562 -15.304 -14.903 -14.688 -14.806 -15.523 -14.43 -14.693 -14.176 -12.838 -12.264 -11.608 -14.533
0.01968 -17.582 -16.487 -16.216 -15.563 -15.102 -14.638 -16.073 -15.492 -15.098 -14.626 -14.179 -13.674 -15.504 -14.953 -14.375 -13.97 -13.599 -15.322 -14.917 -14.697 -14.808 -15.514 -14.465 -14.728 -14.211 -12.875 -12.3 -11.645 -14.568
0.020275 -17.583 -16.515 -16.247 -15.596 -15.136 -14.673 -16.104 -15.526 -15.132 -14.661 -14.215 -13.71 -15.537 -14.988 -14.41 -14.006 -13.635 -15.34 -14.932 -14.708 -14.81 -15.506 -14.5 -14.763 -14.247 -12.912 -12.337 -11.683 -14.603
0.020888 -17.584 -16.543 -16.278 -15.63 -15.17 -14.708 -16.135 -15.559 -15.166 -14.696 -14.25 -13.746 -15.571 -15.022 -14.446 -14.041 -13.671 -15.359 -14.948 -14.719 -14.813 -15.498 -14.535 -14.798 -14.282 -12.948 -12.374 -11.72 -14.638
0.02152 -17.586 -16.571 -16.309 -15.663 -15.204 -14.743 -16.166 -15.593 -15.201 -14.731 -14.286 -13.782 -15.604 -15.057 -14.481 -14.077 -13.707 -15.378 -14.965 -14.73 -14.816 -15.49 -14.57 -14.833 -14.318 -12.985 -12.411 -11.757 -14.673
0.022171 -17.589 -16.598 -16.34 -15.696 -15.239 -14.778 -16.197 -15.626 -15.235 -14.766 -14.321 -13.818 -15.637 -15.091 -14.516 -14.113 -13.743 -15.397 -14.981 -14.743 -14.82 -15.483 -14.605 -14.868 -14.353 -13.021 -12.448 -11.794 -14.708
0.022841 -17.591 -16.626 -16.371 -15.729 -15.273 -14.812 -16.227 -15.659 -15.269 -14.801 -14.357 -13.854 -15.671 -15.125 -14.551 -14.148 -13.779 -15.417 -14.999 -14.755 -14.824 -15.476 -14.64 -14.902 -14.388 -13.058 -12.485 -11.831 -14.742
0.023532 -17.594 -16.654 -16.402 -15.762 -15.306 -14.847 -16.258 -15.692 -15.303 -14.836 -14.392 -13.889 -15.704 -15.159 -14.586 -14.184 -13.815 -15.438 -15.017 -14.768 -14.829 -15.469 -14.675 -14.937 -14.424 -13.094 -12.521 -11.868 -14.777
0.024244 -17.598 -16.681 -16.432 -15.795 -15.34 -14.882 -16.288 -15.725 -15.336 -14.87 -14.427 -13.925 -15.736 -15.193 -14.621 -14.219 -13.851 -15.458 -15.035 -14.782 -14.835 -15.463 -14.71 -14.971 -14.459 -13.131 -12.558 -11.905 -14.811
0.024977 -17.601 -16.708 -16.462 -15.827 -15.374 -14.916 -16.318 -15.758 -15.37 -14.905 -14.462 -13.961 -15.769 -15.227 -14.656 -14.255 -13.886 -15.479 -15.054 -14.797 -14.841 -15.457 -14.744 -15.005 -14.494 -13.167 -12.595 -11.942 -14.846
0.025733 -17.605 -16.736 -16.492 -15.86 -15.407 -14.951 -16.347 -15.79 -15.404 -14.939 -14.497 -13.996 -15.802 -15.261 -14.691 -14.29 -13.922 -15.501 -15.073 -14.812 -14.848 -15.452 -14.779 -15.04 -14.529 -13.203 -12.631 -11.979 -14.88
0.026511 -17.61 -16.763 -16.522 -15.892 -15.441 -14.985 -16.377 -15.823 -15.437 -14.973 -14.532 -14.032 -15.834 -15.295 -14.726 -14.325 -13.958 -15.523 -15.092 -14.827 -14.855 -15.446 -14.813 -15.074 -14.564 -13.24 -12.668 -12.015 -14.914
0.027313 -17.614 -16.789 -16.551 -15.924 -15.474 -15.019 -16.406 -15.855 -15.47 -15.008 -14.567 -14.068 -15.866 -15.328 -14.76 -14.361 -13.993 -15.545 -15.112 -14.843 -14.863 -15.442 -14.848 -15.108 -14.599 -13.276 -12.705 -12.052 -14.948
0.028139 -17.619 -16.816 -16.581 -15.956 -15.507 -15.053 -16.435 -15.887 -15.503 -15.042 -14.602 -14.103 -15.899 -15.362 -14.795 -14.396 -14.029 -15.567 -15.133 -14.859 -14.871 -15.437 -14.882 -15.142 -14.633 -13.312 -12.741 -12.089 -14.982
0.02899 -17.624 -16.842 -16.61 -15.988 -15.54 -15.087 -16.464 -15.919 -15.536 -15.076 -14.637 -14.138 -15.931 -15.395 -14.829 -14.431 -14.064 -15.59 -15.154 -14.876 -14.88 -15.433 -14.916 -15.175 -14.668 -13.348 -12.778 -12.126 -15.016
0.029867 -17.629 -16.869 -16.638 -16.019 -15.573 -15.121 -16.492 -15.951 -15.569 -15.11 -14.671 -14.174 -15.962 -15.428 -14.864 -14.466 -14.1 -15.613 -15.175 -14.894 -14.889 -15.43 -14.95 -15.209 -14.703 -13.384 -12.814 -12.163 -15.05
0.03077 -17.635 -16.895 -16.667 -16.051 -15.606 -15.155 -16.521 -15.983 -15.602 -15.144 -14.706 -14.209 -15.994 -15.462 -14.898 -14.501 -14.135 -15.636 -15.197 -14.912 -14.899 -15.427 -14.984 -15.242 -14.737 -13.42 -12.85 -12.199 -15.083
0.031701 -17.641 -16.921 -16.695 -16.082 -15.639 -15.189 -16.548 -16.014 -15.635 -15.177 -14.74 -14.244 -16.025 -15.494 -14.932 -14.535 -14.17 -15.659 -15.219 -14.93 -14.91 -15.424 -15.018 -15.276 -14.772 -13.456 -12.887 -12.236 -15.117
0.032659 -17.646 -16.946 -16.723 -16.113 -15.671 -15.222 -16.576 -16.046 -15.667 -15.211 -14.775 -14.279 -16.057 -15.527 -14.966 -14.57 -14.206 -15.683 -15.241 -14.949 -14.921 -15.422 -15.051 -15.309 -14.806 -13.492 -12.923 -12.273 -15.15
0.033647 -17.653 -16.972 -16.751 -16.144 -15.703 -15.256 -16.604 -16.077 -15.7 -15.244 -14.809 -14.314 -16.088 -15.56 -15.0 -14.605 -14.241 -15.707 -15.263 -14.968 -14.933 -15.42 -15.085 -15.342 -14.84 -13.528 -12.959 -12.309 -15.184
0.034665 -17.659 -16.997 -16.778 -16.175 -15.736 -15.289 -16.631 -16.108 -15.732 -15.278 -14.843 -14.349 -16.119 -15.593 -15.034 -14.639 -14.276 -15.731 -15.286 -14.988 -14.945 -15.419 -15.119 -15.375 -14.874 -13.564 -12.995 -12.346 -15.217
0.035713 -17.665 -17.022 -16.805 -16.205 -15.768 -15.322 -16.657 -16.138 -15.764 -15.311 -14.877 -14.384 -16.149 -15.625 -15.068 -14.674 -14.311 -15.756 -15.31 -15.008 -14.958 -15.418 -15.152 -15.408 -14.908 -13.599 -13.032 -12.382 -15.25
0.036793 -17.672 -17.046 -16.832 -16.235 -15.799 -15.355 -16.684 -16.169 -15.796 -15.344 -14.911 -14.419 -16.18 -15.657 -15.101 -14.708 -14.346 -15.78 -15.333 -15.029 -14.972 -15.418 -15.185 -15.441 -14.942 -13.635 -13.068 -12.419 -15.283
0.037906 -17.678 -17.07 -16.858 -16.265 -15.831 -15.388 -16.71 -16.199 -15.827 -15.377 -14.945 -14.453 -16.21 -15.689 -15.135 -14.742 -14.38 -15.805 -15.357 -15.05 -14.986 -15.418 -15.218 -15.474 -14.976 -13.671 -13.104 -12.455 -15.315
0.039052 -17.685 -17.094 -16.885 -16.295 -15.863 -15.421 -16.736 -16.229 -15.859 -15.41 -14.978 -14.488 -16.24 -15.721 -15.168 -14.776 -14.415 -15.83 -15.381 -15.071 -15.0 -15.419 -15.251 -15.506 -15.009 -13.706 -13.14 -12.492 -15.348
0.040234 -17.692 -17.118 -16.91 -16.325 -15.894 -15.454 -16.761 -16.259 -15.89 -15.442 -15.012 -14.522 -16.27 -15.753 -15.201 -14.81 -14.45 -15.855 -15.405 -15.093 -15.015 -15.42 -15.284 -15.538 -15.043 -13.742 -13.176 -12.528 -15.38
0.04145 -17.699 -17.141 -16.936 -16.354 -15.925 -15.486 -16.787 -16.289 -15.921 -15.475 -15.046 -14.557 -16.3 -15.785 -15.235 -14.844 -14.484 -15.88 -15.43 -15.115 -15.03 -15.421 -15.317 -15.571 -15.076 -13.777 -13.212 -12.565 -15.413
0.042704 -17.706 -17.164 -16.961 -16.383 -15.956 -15.519 -16.811 -16.318 -15.952 -15.507 -15.079 -14.591 -16.329 -15.816 -15.268 -14.878 -14.519 -15.905 -15.454 -15.137 -15.046 -15.424 -15.349 -15.603 -15.11 -13.812 -13.248 -12.601 -15.445
0.043996 -17.712 -17.187 -16.986 -16.412 -15.987 -15.551 -16.836 -16.347 -15.983 -15.539 -15.112 -14.625 -16.358 -15.847 -15.3 -14.912 -14.553 -15.93 -15.479 -15.16 -15.063 -15.426 -15.382 -15.634 -15.143 -13.848 -13.283 -12.637 -15.477
0.045326 -17.719 -17.209 -17.01 -16.441 -16.017 -15.583 -16.86 -16.376 -16.013 -15.572 -15.145 -14.659 -16.387 -15.878 -15.333 -14.945 -14.587 -15.955 -15.504 -15.183 -15.079 -15.429 -15.414 -15.666 -15.176 -13.883 -13.319 -12.673 -15.509
0.046697 -17.726 -17.231 -17.034 -16.469 -16.048 -15.615 -16.883 -16.405 -16.044 -15.603 -15.178 -14.693 -16.416 -15.909 -15.366 -14.979 -14.621 -15.981 -15.53 -15.206 -15.097 -15.433 -15.446 -15.698 -15.209 -13.918 -13.355 -12.709 -15.54
0.048109 -17.732 -17.252 -17.057 -16.497 -16.078 -15.646 -16.907 -16.433 -16.074 -15.635 -15.211 -14.727 -16.444 -15.94 -15.398 -15.012 -14.655 -16.006 -15.555 -15.229 -15.114 -15.437 -15.478 -15.729 -15.242 -13.953 -13.39 -12.745 -15.572
0.049564 -17.739 -17.273 -17.081 -16.525 -16.108 -15.678 -16.929 -16.462 -16.104 -15.667 -15.244 -14.761 -16.473 -15.97 -15.43 -15.045 -14.689 -16.032 -15.58 -15.253 -15.133 -15.442 -15.509 -15.76 -15.274 -13.988 -13.426 -12.781 -15.603
0.051063 -17.745 -17.293 -17.103 -16.553 -16.137 -15.709 -16.952 -16.489 -16.133 -15.698 -15.276 -14.794 -16.5 -16.0 -15.462 -15.079 -14.723 -16.057 -15.606 -15.277 -15.151 -15.448 -15.541 -15.791 -15.307 -14.023 -13.461 -12.817 -15.634
0.052608 -17.752 -17.313 -17.125 -16.58 -16.167 -15.74 -16.974 -16.517 -16.163 -15.729 -15.309 -14.828 -16.528 -16.03 -15.494 -15.111 -14.757 -16.083 -15.632 -15.301 -15.17 -15.453 -15.572 -15.822 -15.339 -14.058 -13.497 -12.853 -15.665
0.054199 -17.758 -17.333 -17.147 -16.607 -16.196 -15.771 -16.995 -16.544 -16.192 -15.76 -15.341 -14.861 -16.555 -16.06 -15.526 -15.144 -14.79 -16.108 -15.658 -15.326 -15.189 -15.46 -15.604 -15.852 -15.371 -14.092 -13.532 -12.889 -15.696
