web/models/linear/31/-14_755_0_019.dat
# %ECSV 1.0
# ---
# datatype:
# - {name: time, datatype: float64}
# - {name: sdss_u, datatype: float64}
# - {name: sdss_g, datatype: float64}
# - {name: sdss_r, datatype: float64}
# - {name: sdss_i, datatype: float64}
# - {name: sdss_z, datatype: float64}
# - {name: Clear, datatype: float64}
# - {name: johnson_B, datatype: float64}
# - {name: johnson_V, datatype: float64}
# - {name: johnson_R, datatype: float64}
# - {name: johnson_I, datatype: float64}
# - {name: ukirt_J, datatype: float64}
# - {name: ukirt_H, datatype: float64}
# - {name: ukirt_K, datatype: float64}
# meta: !!omap
# - comment: [M=-14.755102040816327, dM=0.01905422208552365]
# schema: astropy-2.0
time sdss_u sdss_g sdss_r sdss_i sdss_z Clear johnson_B johnson_V johnson_R johnson_I ukirt_J ukirt_H ukirt_K
[from data line 174]
13.115577889447234 -14.505194906930816 -14.505194906930816 -14.505194906930816 -14.505194906930816 -14.505194906930816 -14.505194906930816 -14.505194906930816 -14.505194906930816 -14.505194906930816 -14.505194906930816 -14.505194906930816 -14.505194906930816 -14.505194906930816
13.190954773869345 -14.503758659034922 -14.503758659034922 -14.503758659034922 -14.503758659034922 -14.503758659034922 -14.503758659034922 -14.503758659034922 -14.503758659034922 -14.503758659034922 -14.503758659034922 -14.503758659034922 -14.503758659034922 -14.503758659034922
13.266331658291456 -14.502322411139028 -14.502322411139028 -14.502322411139028 -14.502322411139028 -14.502322411139028 -14.502322411139028 -14.502322411139028 -14.502322411139028 -14.502322411139028 -14.502322411139028 -14.502322411139028 -14.502322411139028 -14.502322411139028
13.341708542713567 -14.500886163243134 -14.500886163243134 -14.500886163243134 -14.500886163243134 -14.500886163243134 -14.500886163243134 -14.500886163243134 -14.500886163243134 -14.500886163243134 -14.500886163243134 -14.500886163243134 -14.500886163243134 -14.500886163243134
13.417085427135678 -14.499449915347242 -14.499449915347242 -14.499449915347242 -14.499449915347242 -14.499449915347242 -14.499449915347242 -14.499449915347242 -14.499449915347242 -14.499449915347242 -14.499449915347242 -14.499449915347242 -14.499449915347242 -14.499449915347242
13.492462311557787 -14.498013667451348 -14.498013667451348 -14.498013667451348 -14.498013667451348 -14.498013667451348 -14.498013667451348 -14.498013667451348 -14.498013667451348 -14.498013667451348 -14.498013667451348 -14.498013667451348 -14.498013667451348 -14.498013667451348
13.567839195979898 -14.496577419555454 -14.496577419555454 -14.496577419555454 -14.496577419555454 -14.496577419555454 -14.496577419555454 -14.496577419555454 -14.496577419555454 -14.496577419555454 -14.496577419555454 -14.496577419555454 -14.496577419555454 -14.496577419555454
13.64321608040201 -14.49514117165956 -14.49514117165956 -14.49514117165956 -14.49514117165956 -14.49514117165956 -14.49514117165956 -14.49514117165956 -14.49514117165956 -14.49514117165956 -14.49514117165956 -14.49514117165956 -14.49514117165956 -14.49514117165956
13.718592964824118 -14.493704923763666 -14.493704923763666 -14.493704923763666 -14.493704923763666 -14.493704923763666 -14.493704923763666 -14.493704923763666 -14.493704923763666 -14.493704923763666 -14.493704923763666 -14.493704923763666 -14.493704923763666 -14.493704923763666
13.79396984924623 -14.492268675867772 -14.492268675867772 -14.492268675867772 -14.492268675867772 -14.492268675867772 -14.492268675867772 -14.492268675867772 -14.492268675867772 -14.492268675867772 -14.492268675867772 -14.492268675867772 -14.492268675867772 -14.492268675867772
13.86934673366834 -14.490832427971878 -14.490832427971878 -14.490832427971878 -14.490832427971878 -14.490832427971878 -14.490832427971878 -14.490832427971878 -14.490832427971878 -14.490832427971878 -14.490832427971878 -14.490832427971878 -14.490832427971878 -14.490832427971878
13.944723618090451 -14.489396180075985 -14.489396180075985 -14.489396180075985 -14.489396180075985 -14.489396180075985 -14.489396180075985 -14.489396180075985 -14.489396180075985 -14.489396180075985 -14.489396180075985 -14.489396180075985 -14.489396180075985 -14.489396180075985
14.020100502512562 -14.487959932180091 -14.487959932180091 -14.487959932180091 -14.487959932180091 -14.487959932180091 -14.487959932180091 -14.487959932180091 -14.487959932180091 -14.487959932180091 -14.487959932180091 -14.487959932180091 -14.487959932180091 -14.487959932180091
14.095477386934672 -14.486523684284197 -14.486523684284197 -14.486523684284197 -14.486523684284197 -14.486523684284197 -14.486523684284197 -14.486523684284197 -14.486523684284197 -14.486523684284197 -14.486523684284197 -14.486523684284197 -14.486523684284197 -14.486523684284197
14.170854271356783 -14.485087436388303 -14.485087436388303 -14.485087436388303 -14.485087436388303 -14.485087436388303 -14.485087436388303 -14.485087436388303 -14.485087436388303 -14.485087436388303 -14.485087436388303 -14.485087436388303 -14.485087436388303 -14.485087436388303
14.246231155778894 -14.48365118849241 -14.48365118849241 -14.48365118849241 -14.48365118849241 -14.48365118849241 -14.48365118849241 -14.48365118849241 -14.48365118849241 -14.48365118849241 -14.48365118849241 -14.48365118849241 -14.48365118849241 -14.48365118849241
14.321608040201003 -14.482214940596517 -14.482214940596517 -14.482214940596517 -14.482214940596517 -14.482214940596517 -14.482214940596517 -14.482214940596517 -14.482214940596517 -14.482214940596517 -14.482214940596517 -14.482214940596517 -14.482214940596517 -14.482214940596517
14.396984924623114 -14.480778692700623 -14.480778692700623 -14.480778692700623 -14.480778692700623 -14.480778692700623 -14.480778692700623 -14.480778692700623 -14.480778692700623 -14.480778692700623 -14.480778692700623 -14.480778692700623 -14.480778692700623 -14.480778692700623
14.472361809045225 -14.479342444804729 -14.479342444804729 -14.479342444804729 -14.479342444804729 -14.479342444804729 -14.479342444804729 -14.479342444804729 -14.479342444804729 -14.479342444804729 -14.479342444804729 -14.479342444804729 -14.479342444804729 -14.479342444804729
14.547738693467336 -14.477906196908835 -14.477906196908835 -14.477906196908835 -14.477906196908835 -14.477906196908835 -14.477906196908835 -14.477906196908835 -14.477906196908835 -14.477906196908835 -14.477906196908835 -14.477906196908835 -14.477906196908835 -14.477906196908835
14.623115577889447 -14.476469949012941 -14.476469949012941 -14.476469949012941 -14.476469949012941 -14.476469949012941 -14.476469949012941 -14.476469949012941 -14.476469949012941 -14.476469949012941 -14.476469949012941 -14.476469949012941 -14.476469949012941 -14.476469949012941
14.698492462311556 -14.475033701117047 -14.475033701117047 -14.475033701117047 -14.475033701117047 -14.475033701117047 -14.475033701117047 -14.475033701117047 -14.475033701117047 -14.475033701117047 -14.475033701117047 -14.475033701117047 -14.475033701117047 -14.475033701117047
14.773869346733667 -14.473597453221153 -14.473597453221153 -14.473597453221153 -14.473597453221153 -14.473597453221153 -14.473597453221153 -14.473597453221153 -14.473597453221153 -14.473597453221153 -14.473597453221153 -14.473597453221153 -14.473597453221153 -14.473597453221153
14.849246231155778 -14.47216120532526 -14.47216120532526 -14.47216120532526 -14.47216120532526 -14.47216120532526 -14.47216120532526 -14.47216120532526 -14.47216120532526 -14.47216120532526 -14.47216120532526 -14.47216120532526 -14.47216120532526 -14.47216120532526
14.924623115577887 -14.470724957429367 -14.470724957429367 -14.470724957429367 -14.470724957429367 -14.470724957429367 -14.470724957429367 -14.470724957429367 -14.470724957429367 -14.470724957429367 -14.470724957429367 -14.470724957429367 -14.470724957429367 -14.470724957429367
15.0 -14.469288709533473 -14.469288709533473 -14.469288709533473 -14.469288709533473 -14.469288709533473 -14.469288709533473 -14.469288709533473 -14.469288709533473 -14.469288709533473 -14.469288709533473 -14.469288709533473 -14.469288709533473 -14.469288709533473
