web/models/linear/31/-14_755_0_014.dat
# %ECSV 1.0
# ---
# datatype:
# - {name: time, datatype: float64}
# - {name: sdss_u, datatype: float64}
# - {name: sdss_g, datatype: float64}
# - {name: sdss_r, datatype: float64}
# - {name: sdss_i, datatype: float64}
# - {name: sdss_z, datatype: float64}
# - {name: Clear, datatype: float64}
# - {name: johnson_B, datatype: float64}
# - {name: johnson_V, datatype: float64}
# - {name: johnson_R, datatype: float64}
# - {name: johnson_I, datatype: float64}
# - {name: ukirt_J, datatype: float64}
# - {name: ukirt_H, datatype: float64}
# - {name: ukirt_K, datatype: float64}
# meta: !!omap
# - comment: [M=-14.755102040816327, dM=0.013971894723352866]
# schema: astropy-2.0
time sdss_u sdss_g sdss_r sdss_i sdss_z Clear johnson_B johnson_V johnson_R johnson_I ukirt_J ukirt_H ukirt_K
0.0 -14.755102040816327 -14.755102040816327 -14.755102040816327 -14.755102040816327 -14.755102040816327 -14.755102040816327 -14.755102040816327 -14.755102040816327 -14.755102040816327 -14.755102040816327 -14.755102040816327 -14.755102040816327 -14.755102040816327
0.07537688442211055 -14.754048882922607 -14.754048882922607 -14.754048882922607 -14.754048882922607 -14.754048882922607 -14.754048882922607 -14.754048882922607 -14.754048882922607 -14.754048882922607 -14.754048882922607 -14.754048882922607 -14.754048882922607 -14.754048882922607
0.1507537688442211 -14.752995725028887 -14.752995725028887 -14.752995725028887 -14.752995725028887 -14.752995725028887 -14.752995725028887 -14.752995725028887 -14.752995725028887 -14.752995725028887 -14.752995725028887 -14.752995725028887 -14.752995725028887 -14.752995725028887
0.22613065326633164 -14.751942567135167 -14.751942567135167 -14.751942567135167 -14.751942567135167 -14.751942567135167 -14.751942567135167 -14.751942567135167 -14.751942567135167 -14.751942567135167 -14.751942567135167 -14.751942567135167 -14.751942567135167 -14.751942567135167
0.3015075376884422 -14.750889409241447 -14.750889409241447 -14.750889409241447 -14.750889409241447 -14.750889409241447 -14.750889409241447 -14.750889409241447 -14.750889409241447 -14.750889409241447 -14.750889409241447 -14.750889409241447 -14.750889409241447 -14.750889409241447
0.37688442211055273 -14.749836251347727 -14.749836251347727 -14.749836251347727 -14.749836251347727 -14.749836251347727 -14.749836251347727 -14.749836251347727 -14.749836251347727 -14.749836251347727 -14.749836251347727 -14.749836251347727 -14.749836251347727 -14.749836251347727
0.4522613065326633 -14.748783093454007 -14.748783093454007 -14.748783093454007 -14.748783093454007 -14.748783093454007 -14.748783093454007 -14.748783093454007 -14.748783093454007 -14.748783093454007 -14.748783093454007 -14.748783093454007 -14.748783093454007 -14.748783093454007
0.5276381909547738 -14.747729935560287 -14.747729935560287 -14.747729935560287 -14.747729935560287 -14.747729935560287 -14.747729935560287 -14.747729935560287 -14.747729935560287 -14.747729935560287 -14.747729935560287 -14.747729935560287 -14.747729935560287 -14.747729935560287
0.6030150753768844 -14.746676777666567 -14.746676777666567 -14.746676777666567 -14.746676777666567 -14.746676777666567 -14.746676777666567 -14.746676777666567 -14.746676777666567 -14.746676777666567 -14.746676777666567 -14.746676777666567 -14.746676777666567 -14.746676777666567
0.6783919597989949 -14.745623619772847 -14.745623619772847 -14.745623619772847 -14.745623619772847 -14.745623619772847 -14.745623619772847 -14.745623619772847 -14.745623619772847 -14.745623619772847 -14.745623619772847 -14.745623619772847 -14.745623619772847 -14.745623619772847
0.7537688442211055 -14.744570461879126 -14.744570461879126 -14.744570461879126 -14.744570461879126 -14.744570461879126 -14.744570461879126 -14.744570461879126 -14.744570461879126 -14.744570461879126 -14.744570461879126 -14.744570461879126 -14.744570461879126 -14.744570461879126
0.829145728643216 -14.743517303985406 -14.743517303985406 -14.743517303985406 -14.743517303985406 -14.743517303985406 -14.743517303985406 -14.743517303985406 -14.743517303985406 -14.743517303985406 -14.743517303985406 -14.743517303985406 -14.743517303985406 -14.743517303985406
0.9045226130653266 -14.742464146091686 -14.742464146091686 -14.742464146091686 -14.742464146091686 -14.742464146091686 -14.742464146091686 -14.742464146091686 -14.742464146091686 -14.742464146091686 -14.742464146091686 -14.742464146091686 -14.742464146091686 -14.742464146091686
0.9798994974874371 -14.741410988197966 -14.741410988197966 -14.741410988197966 -14.741410988197966 -14.741410988197966 -14.741410988197966 -14.741410988197966 -14.741410988197966 -14.741410988197966 -14.741410988197966 -14.741410988197966 -14.741410988197966 -14.741410988197966
1.0552763819095476 -14.740357830304246 -14.740357830304246 -14.740357830304246 -14.740357830304246 -14.740357830304246 -14.740357830304246 -14.740357830304246 -14.740357830304246 -14.740357830304246 -14.740357830304246 -14.740357830304246 -14.740357830304246 -14.740357830304246
1.1306532663316582 -14.739304672410526 -14.739304672410526 -14.739304672410526 -14.739304672410526 -14.739304672410526 -14.739304672410526 -14.739304672410526 -14.739304672410526 -14.739304672410526 -14.739304672410526 -14.739304672410526 -14.739304672410526 -14.739304672410526
1.2060301507537687 -14.738251514516806 -14.738251514516806 -14.738251514516806 -14.738251514516806 -14.738251514516806 -14.738251514516806 -14.738251514516806 -14.738251514516806 -14.738251514516806 -14.738251514516806 -14.738251514516806 -14.738251514516806 -14.738251514516806
1.2814070351758793 -14.737198356623086 -14.737198356623086 -14.737198356623086 -14.737198356623086 -14.737198356623086 -14.737198356623086 -14.737198356623086 -14.737198356623086 -14.737198356623086 -14.737198356623086 -14.737198356623086 -14.737198356623086 -14.737198356623086
1.3567839195979898 -14.736145198729366 -14.736145198729366 -14.736145198729366 -14.736145198729366 -14.736145198729366 -14.736145198729366 -14.736145198729366 -14.736145198729366 -14.736145198729366 -14.736145198729366 -14.736145198729366 -14.736145198729366 -14.736145198729366
1.4321608040201004 -14.735092040835646 -14.735092040835646 -14.735092040835646 -14.735092040835646 -14.735092040835646 -14.735092040835646 -14.735092040835646 -14.735092040835646 -14.735092040835646 -14.735092040835646 -14.735092040835646 -14.735092040835646 -14.735092040835646
1.507537688442211 -14.734038882941926 -14.734038882941926 -14.734038882941926 -14.734038882941926 -14.734038882941926 -14.734038882941926 -14.734038882941926 -14.734038882941926 -14.734038882941926 -14.734038882941926 -14.734038882941926 -14.734038882941926 -14.734038882941926
1.5829145728643215 -14.732985725048206 -14.732985725048206 -14.732985725048206 -14.732985725048206 -14.732985725048206 -14.732985725048206 -14.732985725048206 -14.732985725048206 -14.732985725048206 -14.732985725048206 -14.732985725048206 -14.732985725048206 -14.732985725048206
1.658291457286432 -14.731932567154486 -14.731932567154486 -14.731932567154486 -14.731932567154486 -14.731932567154486 -14.731932567154486 -14.731932567154486 -14.731932567154486 -14.731932567154486 -14.731932567154486 -14.731932567154486 -14.731932567154486 -14.731932567154486
1.7336683417085426 -14.730879409260766 -14.730879409260766 -14.730879409260766 -14.730879409260766 -14.730879409260766 -14.730879409260766 -14.730879409260766 -14.730879409260766 -14.730879409260766 -14.730879409260766 -14.730879409260766 -14.730879409260766 -14.730879409260766
1.809045226130653 -14.729826251367045 -14.729826251367045 -14.729826251367045 -14.729826251367045 -14.729826251367045 -14.729826251367045 -14.729826251367045 -14.729826251367045 -14.729826251367045 -14.729826251367045 -14.729826251367045 -14.729826251367045 -14.729826251367045
1.8844221105527637 -14.728773093473325 -14.728773093473325 -14.728773093473325 -14.728773093473325 -14.728773093473325 -14.728773093473325 -14.728773093473325 -14.728773093473325 -14.728773093473325 -14.728773093473325 -14.728773093473325 -14.728773093473325 -14.728773093473325
1.9597989949748742 -14.727719935579605 -14.727719935579605 -14.727719935579605 -14.727719935579605 -14.727719935579605 -14.727719935579605 -14.727719935579605 -14.727719935579605 -14.727719935579605 -14.727719935579605 -14.727719935579605 -14.727719935579605 -14.727719935579605
2.0351758793969847 -14.726666777685885 -14.726666777685885 -14.726666777685885 -14.726666777685885 -14.726666777685885 -14.726666777685885 -14.726666777685885 -14.726666777685885 -14.726666777685885 -14.726666777685885 -14.726666777685885 -14.726666777685885 -14.726666777685885
2.1105527638190953 -14.725613619792165 -14.725613619792165 -14.725613619792165 -14.725613619792165 -14.725613619792165 -14.725613619792165 -14.725613619792165 -14.725613619792165 -14.725613619792165 -14.725613619792165 -14.725613619792165 -14.725613619792165 -14.725613619792165
2.185929648241206 -14.724560461898445 -14.724560461898445 -14.724560461898445 -14.724560461898445 -14.724560461898445 -14.724560461898445 -14.724560461898445 -14.724560461898445 -14.724560461898445 -14.724560461898445 -14.724560461898445 -14.724560461898445 -14.724560461898445
2.2613065326633164 -14.723507304004725 -14.723507304004725 -14.723507304004725 -14.723507304004725 -14.723507304004725 -14.723507304004725 -14.723507304004725 -14.723507304004725 -14.723507304004725 -14.723507304004725 -14.723507304004725 -14.723507304004725 -14.723507304004725
2.336683417085427 -14.722454146111005 -14.722454146111005 -14.722454146111005 -14.722454146111005 -14.722454146111005 -14.722454146111005 -14.722454146111005 -14.722454146111005 -14.722454146111005 -14.722454146111005 -14.722454146111005 -14.722454146111005 -14.722454146111005
2.4120603015075375 -14.721400988217285 -14.721400988217285 -14.721400988217285 -14.721400988217285 -14.721400988217285 -14.721400988217285 -14.721400988217285 -14.721400988217285 -14.721400988217285 -14.721400988217285 -14.721400988217285 -14.721400988217285 -14.721400988217285
2.487437185929648 -14.720347830323565 -14.720347830323565 -14.720347830323565 -14.720347830323565 -14.720347830323565 -14.720347830323565 -14.720347830323565 -14.720347830323565 -14.720347830323565 -14.720347830323565 -14.720347830323565 -14.720347830323565 -14.720347830323565
2.5628140703517586 -14.719294672429845 -14.719294672429845 -14.719294672429845 -14.719294672429845 -14.719294672429845 -14.719294672429845 -14.719294672429845 -14.719294672429845 -14.719294672429845 -14.719294672429845 -14.719294672429845 -14.719294672429845 -14.719294672429845
2.638190954773869 -14.718241514536125 -14.718241514536125 -14.718241514536125 -14.718241514536125 -14.718241514536125 -14.718241514536125 -14.718241514536125 -14.718241514536125 -14.718241514536125 -14.718241514536125 -14.718241514536125 -14.718241514536125 -14.718241514536125
2.7135678391959797 -14.717188356642405 -14.717188356642405 -14.717188356642405 -14.717188356642405 -14.717188356642405 -14.717188356642405 -14.717188356642405 -14.717188356642405 -14.717188356642405 -14.717188356642405 -14.717188356642405 -14.717188356642405 -14.717188356642405
2.78894472361809 -14.716135198748685 -14.716135198748685 -14.716135198748685 -14.716135198748685 -14.716135198748685 -14.716135198748685 -14.716135198748685 -14.716135198748685 -14.716135198748685 -14.716135198748685 -14.716135198748685 -14.716135198748685 -14.716135198748685
2.8643216080402008 -14.715082040854965 -14.715082040854965 -14.715082040854965 -14.715082040854965 -14.715082040854965 -14.715082040854965 -14.715082040854965 -14.715082040854965 -14.715082040854965 -14.715082040854965 -14.715082040854965 -14.715082040854965 -14.715082040854965
2.9396984924623113 -14.714028882961244 -14.714028882961244 -14.714028882961244 -14.714028882961244 -14.714028882961244 -14.714028882961244 -14.714028882961244 -14.714028882961244 -14.714028882961244 -14.714028882961244 -14.714028882961244 -14.714028882961244 -14.714028882961244
3.015075376884422 -14.712975725067524 -14.712975725067524 -14.712975725067524 -14.712975725067524 -14.712975725067524 -14.712975725067524 -14.712975725067524 -14.712975725067524 -14.712975725067524 -14.712975725067524 -14.712975725067524 -14.712975725067524 -14.712975725067524
3.0904522613065324 -14.711922567173804 -14.711922567173804 -14.711922567173804 -14.711922567173804 -14.711922567173804 -14.711922567173804 -14.711922567173804 -14.711922567173804 -14.711922567173804 -14.711922567173804 -14.711922567173804 -14.711922567173804 -14.711922567173804
3.165829145728643 -14.710869409280084 -14.710869409280084 -14.710869409280084 -14.710869409280084 -14.710869409280084 -14.710869409280084 -14.710869409280084 -14.710869409280084 -14.710869409280084 -14.710869409280084 -14.710869409280084 -14.710869409280084 -14.710869409280084
3.2412060301507535 -14.709816251386364 -14.709816251386364 -14.709816251386364 -14.709816251386364 -14.709816251386364 -14.709816251386364 -14.709816251386364 -14.709816251386364 -14.709816251386364 -14.709816251386364 -14.709816251386364 -14.709816251386364 -14.709816251386364
3.316582914572864 -14.708763093492644 -14.708763093492644 -14.708763093492644 -14.708763093492644 -14.708763093492644 -14.708763093492644 -14.708763093492644 -14.708763093492644 -14.708763093492644 -14.708763093492644 -14.708763093492644 -14.708763093492644 -14.708763093492644
3.3919597989949746 -14.707709935598924 -14.707709935598924 -14.707709935598924 -14.707709935598924 -14.707709935598924 -14.707709935598924 -14.707709935598924 -14.707709935598924 -14.707709935598924 -14.707709935598924 -14.707709935598924 -14.707709935598924 -14.707709935598924
3.467336683417085 -14.706656777705204 -14.706656777705204 -14.706656777705204 -14.706656777705204 -14.706656777705204 -14.706656777705204 -14.706656777705204 -14.706656777705204 -14.706656777705204 -14.706656777705204 -14.706656777705204 -14.706656777705204 -14.706656777705204
3.5427135678391957 -14.705603619811484 -14.705603619811484 -14.705603619811484 -14.705603619811484 -14.705603619811484 -14.705603619811484 -14.705603619811484 -14.705603619811484 -14.705603619811484 -14.705603619811484 -14.705603619811484 -14.705603619811484 -14.705603619811484
3.618090452261306 -14.704550461917764 -14.704550461917764 -14.704550461917764 -14.704550461917764 -14.704550461917764 -14.704550461917764 -14.704550461917764 -14.704550461917764 -14.704550461917764 -14.704550461917764 -14.704550461917764 -14.704550461917764 -14.704550461917764
3.6934673366834168 -14.703497304024044 -14.703497304024044 -14.703497304024044 -14.703497304024044 -14.703497304024044 -14.703497304024044 -14.703497304024044 -14.703497304024044 -14.703497304024044 -14.703497304024044 -14.703497304024044 -14.703497304024044 -14.703497304024044
3.7688442211055273 -14.702444146130324 -14.702444146130324 -14.702444146130324 -14.702444146130324 -14.702444146130324 -14.702444146130324 -14.702444146130324 -14.702444146130324 -14.702444146130324 -14.702444146130324 -14.702444146130324 -14.702444146130324 -14.702444146130324
3.844221105527638 -14.701390988236604 -14.701390988236604 -14.701390988236604 -14.701390988236604 -14.701390988236604 -14.701390988236604 -14.701390988236604 -14.701390988236604 -14.701390988236604 -14.701390988236604 -14.701390988236604 -14.701390988236604 -14.701390988236604
3.9195979899497484 -14.700337830342884 -14.700337830342884 -14.700337830342884 -14.700337830342884 -14.700337830342884 -14.700337830342884 -14.700337830342884 -14.700337830342884 -14.700337830342884 -14.700337830342884 -14.700337830342884 -14.700337830342884 -14.700337830342884
3.994974874371859 -14.699284672449163 -14.699284672449163 -14.699284672449163 -14.699284672449163 -14.699284672449163 -14.699284672449163 -14.699284672449163 -14.699284672449163 -14.699284672449163 -14.699284672449163 -14.699284672449163 -14.699284672449163 -14.699284672449163
4.0703517587939695 -14.698231514555443 -14.698231514555443 -14.698231514555443 -14.698231514555443 -14.698231514555443 -14.698231514555443 -14.698231514555443 -14.698231514555443 -14.698231514555443 -14.698231514555443 -14.698231514555443 -14.698231514555443 -14.698231514555443
4.14572864321608 -14.697178356661723 -14.697178356661723 -14.697178356661723 -14.697178356661723 -14.697178356661723 -14.697178356661723 -14.697178356661723 -14.697178356661723 -14.697178356661723 -14.697178356661723 -14.697178356661723 -14.697178356661723 -14.697178356661723
4.221105527638191 -14.696125198768003 -14.696125198768003 -14.696125198768003 -14.696125198768003 -14.696125198768003 -14.696125198768003 -14.696125198768003 -14.696125198768003 -14.696125198768003 -14.696125198768003 -14.696125198768003 -14.696125198768003 -14.696125198768003
