web/models/linear/31/-14_755_0_003.dat
# %ECSV 1.0
# ---
# datatype:
# - {name: time, datatype: float64}
# - {name: swift_uvot_uvw2, datatype: float64}
# - {name: swift_uvot_uvm2, datatype: float64}
# - {name: swift_uvot_uvw1, datatype: float64}
# - {name: swift_uvot_U, datatype: float64}
# - {name: swift_uvot_B, datatype: float64}
# - {name: swift_uvot_V, datatype: float64}
# - {name: swift_uvot_W, datatype: float64}
# - {name: johnson_U, datatype: float64}
# - {name: johnson_B, datatype: float64}
# - {name: johnson_V, datatype: float64}
# - {name: johnson_R, datatype: float64}
# - {name: johnson_I, datatype: float64}
# - {name: sdss_u, datatype: float64}
# - {name: sdss_g, datatype: float64}
# - {name: sdss_r, datatype: float64}
# - {name: sdss_i, datatype: float64}
# - {name: sdss_z, datatype: float64}
# - {name: PS1_g, datatype: float64}
# - {name: PS1_r, datatype: float64}
# - {name: PS1_i, datatype: float64}
# - {name: PS1_z, datatype: float64}
# - {name: PS1_Y, datatype: float64}
# - {name: PS1_w, datatype: float64}
# - {name: ATLAS_c, datatype: float64}
# - {name: ATLAS_o, datatype: float64}
# - {name: ukirt_J, datatype: float64}
# - {name: ukirt_H, datatype: float64}
# - {name: ukirt_K, datatype: float64}
# - {name: Clear, datatype: float64}
# meta: !!omap
# - comment: [M=-14.755102040816327, dM=0.0034589451300033724]
# schema: astropy-2.0
time swift_uvot_uvw2 swift_uvot_uvm2 swift_uvot_uvw1 swift_uvot_U swift_uvot_B swift_uvot_V swift_uvot_W johnson_U johnson_B johnson_V johnson_R johnson_I sdss_u sdss_g sdss_r sdss_i sdss_z PS1_g PS1_r PS1_i PS1_z PS1_Y PS1_w ATLAS_c ATLAS_o ukirt_J ukirt_H ukirt_K Clear
0.0 -14.755102040816327 -14.755102040816327 -14.755102040816327 -14.755102040816327 -14.755102040816327 -14.755102040816327 -14.755102040816327 -14.755102040816327 -14.755102040816327 -14.755102040816327 -14.755102040816327 -14.755102040816327 -14.755102040816327 -14.755102040816327 -14.755102040816327 -14.755102040816327 -14.755102040816327 -14.755102040816327 -14.755102040816327 -14.755102040816327 -14.755102040816327 -14.755102040816327 -14.755102040816327 -14.755102040816327 -14.755102040816327 -14.755102040816327 -14.755102040816327 -14.755102040816327 -14.755102040816327
0.07537688442211055 -14.75484131630904 -14.75484131630904 -14.75484131630904 -14.75484131630904 -14.75484131630904 -14.75484131630904 -14.75484131630904 -14.75484131630904 -14.75484131630904 -14.75484131630904 -14.75484131630904 -14.75484131630904 -14.75484131630904 -14.75484131630904 -14.75484131630904 -14.75484131630904 -14.75484131630904 -14.75484131630904 -14.75484131630904 -14.75484131630904 -14.75484131630904 -14.75484131630904 -14.75484131630904 -14.75484131630904 -14.75484131630904 -14.75484131630904 -14.75484131630904 -14.75484131630904 -14.75484131630904
0.1507537688442211 -14.754580591801753 -14.754580591801753 -14.754580591801753 -14.754580591801753 -14.754580591801753 -14.754580591801753 -14.754580591801753 -14.754580591801753 -14.754580591801753 -14.754580591801753 -14.754580591801753 -14.754580591801753 -14.754580591801753 -14.754580591801753 -14.754580591801753 -14.754580591801753 -14.754580591801753 -14.754580591801753 -14.754580591801753 -14.754580591801753 -14.754580591801753 -14.754580591801753 -14.754580591801753 -14.754580591801753 -14.754580591801753 -14.754580591801753 -14.754580591801753 -14.754580591801753 -14.754580591801753
0.22613065326633164 -14.754319867294466 -14.754319867294466 -14.754319867294466 -14.754319867294466 -14.754319867294466 -14.754319867294466 -14.754319867294466 -14.754319867294466 -14.754319867294466 -14.754319867294466 -14.754319867294466 -14.754319867294466 -14.754319867294466 -14.754319867294466 -14.754319867294466 -14.754319867294466 -14.754319867294466 -14.754319867294466 -14.754319867294466 -14.754319867294466 -14.754319867294466 -14.754319867294466 -14.754319867294466 -14.754319867294466 -14.754319867294466 -14.754319867294466 -14.754319867294466 -14.754319867294466 -14.754319867294466
0.3015075376884422 -14.754059142787181 -14.754059142787181 -14.754059142787181 -14.754059142787181 -14.754059142787181 -14.754059142787181 -14.754059142787181 -14.754059142787181 -14.754059142787181 -14.754059142787181 -14.754059142787181 -14.754059142787181 -14.754059142787181 -14.754059142787181 -14.754059142787181 -14.754059142787181 -14.754059142787181 -14.754059142787181 -14.754059142787181 -14.754059142787181 -14.754059142787181 -14.754059142787181 -14.754059142787181 -14.754059142787181 -14.754059142787181 -14.754059142787181 -14.754059142787181 -14.754059142787181 -14.754059142787181
0.37688442211055273 -14.753798418279894 -14.753798418279894 -14.753798418279894 -14.753798418279894 -14.753798418279894 -14.753798418279894 -14.753798418279894 -14.753798418279894 -14.753798418279894 -14.753798418279894 -14.753798418279894 -14.753798418279894 -14.753798418279894 -14.753798418279894 -14.753798418279894 -14.753798418279894 -14.753798418279894 -14.753798418279894 -14.753798418279894 -14.753798418279894 -14.753798418279894 -14.753798418279894 -14.753798418279894 -14.753798418279894 -14.753798418279894 -14.753798418279894 -14.753798418279894 -14.753798418279894 -14.753798418279894
0.4522613065326633 -14.753537693772607 -14.753537693772607 -14.753537693772607 -14.753537693772607 -14.753537693772607 -14.753537693772607 -14.753537693772607 -14.753537693772607 -14.753537693772607 -14.753537693772607 -14.753537693772607 -14.753537693772607 -14.753537693772607 -14.753537693772607 -14.753537693772607 -14.753537693772607 -14.753537693772607 -14.753537693772607 -14.753537693772607 -14.753537693772607 -14.753537693772607 -14.753537693772607 -14.753537693772607 -14.753537693772607 -14.753537693772607 -14.753537693772607 -14.753537693772607 -14.753537693772607 -14.753537693772607
0.5276381909547738 -14.75327696926532 -14.75327696926532 -14.75327696926532 -14.75327696926532 -14.75327696926532 -14.75327696926532 -14.75327696926532 -14.75327696926532 -14.75327696926532 -14.75327696926532 -14.75327696926532 -14.75327696926532 -14.75327696926532 -14.75327696926532 -14.75327696926532 -14.75327696926532 -14.75327696926532 -14.75327696926532 -14.75327696926532 -14.75327696926532 -14.75327696926532 -14.75327696926532 -14.75327696926532 -14.75327696926532 -14.75327696926532 -14.75327696926532 -14.75327696926532 -14.75327696926532 -14.75327696926532
0.6030150753768844 -14.753016244758033 -14.753016244758033 -14.753016244758033 -14.753016244758033 -14.753016244758033 -14.753016244758033 -14.753016244758033 -14.753016244758033 -14.753016244758033 -14.753016244758033 -14.753016244758033 -14.753016244758033 -14.753016244758033 -14.753016244758033 -14.753016244758033 -14.753016244758033 -14.753016244758033 -14.753016244758033 -14.753016244758033 -14.753016244758033 -14.753016244758033 -14.753016244758033 -14.753016244758033 -14.753016244758033 -14.753016244758033 -14.753016244758033 -14.753016244758033 -14.753016244758033 -14.753016244758033
0.6783919597989949 -14.752755520250746 -14.752755520250746 -14.752755520250746 -14.752755520250746 -14.752755520250746 -14.752755520250746 -14.752755520250746 -14.752755520250746 -14.752755520250746 -14.752755520250746 -14.752755520250746 -14.752755520250746 -14.752755520250746 -14.752755520250746 -14.752755520250746 -14.752755520250746 -14.752755520250746 -14.752755520250746 -14.752755520250746 -14.752755520250746 -14.752755520250746 -14.752755520250746 -14.752755520250746 -14.752755520250746 -14.752755520250746 -14.752755520250746 -14.752755520250746 -14.752755520250746 -14.752755520250746
0.7537688442211055 -14.752494795743461 -14.752494795743461 -14.752494795743461 -14.752494795743461 -14.752494795743461 -14.752494795743461 -14.752494795743461 -14.752494795743461 -14.752494795743461 -14.752494795743461 -14.752494795743461 -14.752494795743461 -14.752494795743461 -14.752494795743461 -14.752494795743461 -14.752494795743461 -14.752494795743461 -14.752494795743461 -14.752494795743461 -14.752494795743461 -14.752494795743461 -14.752494795743461 -14.752494795743461 -14.752494795743461 -14.752494795743461 -14.752494795743461 -14.752494795743461 -14.752494795743461 -14.752494795743461
0.829145728643216 -14.752234071236174 -14.752234071236174 -14.752234071236174 -14.752234071236174 -14.752234071236174 -14.752234071236174 -14.752234071236174 -14.752234071236174 -14.752234071236174 -14.752234071236174 -14.752234071236174 -14.752234071236174 -14.752234071236174 -14.752234071236174 -14.752234071236174 -14.752234071236174 -14.752234071236174 -14.752234071236174 -14.752234071236174 -14.752234071236174 -14.752234071236174 -14.752234071236174 -14.752234071236174 -14.752234071236174 -14.752234071236174 -14.752234071236174 -14.752234071236174 -14.752234071236174 -14.752234071236174
0.9045226130653266 -14.751973346728887 -14.751973346728887 -14.751973346728887 -14.751973346728887 -14.751973346728887 -14.751973346728887 -14.751973346728887 -14.751973346728887 -14.751973346728887 -14.751973346728887 -14.751973346728887 -14.751973346728887 -14.751973346728887 -14.751973346728887 -14.751973346728887 -14.751973346728887 -14.751973346728887 -14.751973346728887 -14.751973346728887 -14.751973346728887 -14.751973346728887 -14.751973346728887 -14.751973346728887 -14.751973346728887 -14.751973346728887 -14.751973346728887 -14.751973346728887 -14.751973346728887 -14.751973346728887
0.9798994974874371 -14.7517126222216 -14.7517126222216 -14.7517126222216 -14.7517126222216 -14.7517126222216 -14.7517126222216 -14.7517126222216 -14.7517126222216 -14.7517126222216 -14.7517126222216 -14.7517126222216 -14.7517126222216 -14.7517126222216 -14.7517126222216 -14.7517126222216 -14.7517126222216 -14.7517126222216 -14.7517126222216 -14.7517126222216 -14.7517126222216 -14.7517126222216 -14.7517126222216 -14.7517126222216 -14.7517126222216 -14.7517126222216 -14.7517126222216 -14.7517126222216 -14.7517126222216 -14.7517126222216
1.0552763819095476 -14.751451897714313 -14.751451897714313 -14.751451897714313 -14.751451897714313 -14.751451897714313 -14.751451897714313 -14.751451897714313 -14.751451897714313 -14.751451897714313 -14.751451897714313 -14.751451897714313 -14.751451897714313 -14.751451897714313 -14.751451897714313 -14.751451897714313 -14.751451897714313 -14.751451897714313 -14.751451897714313 -14.751451897714313 -14.751451897714313 -14.751451897714313 -14.751451897714313 -14.751451897714313 -14.751451897714313 -14.751451897714313 -14.751451897714313 -14.751451897714313 -14.751451897714313 -14.751451897714313
1.1306532663316582 -14.751191173207026 -14.751191173207026 -14.751191173207026 -14.751191173207026 -14.751191173207026 -14.751191173207026 -14.751191173207026 -14.751191173207026 -14.751191173207026 -14.751191173207026 -14.751191173207026 -14.751191173207026 -14.751191173207026 -14.751191173207026 -14.751191173207026 -14.751191173207026 -14.751191173207026 -14.751191173207026 -14.751191173207026 -14.751191173207026 -14.751191173207026 -14.751191173207026 -14.751191173207026 -14.751191173207026 -14.751191173207026 -14.751191173207026 -14.751191173207026 -14.751191173207026 -14.751191173207026
1.2060301507537687 -14.75093044869974 -14.75093044869974 -14.75093044869974 -14.75093044869974 -14.75093044869974 -14.75093044869974 -14.75093044869974 -14.75093044869974 -14.75093044869974 -14.75093044869974 -14.75093044869974 -14.75093044869974 -14.75093044869974 -14.75093044869974 -14.75093044869974 -14.75093044869974 -14.75093044869974 -14.75093044869974 -14.75093044869974 -14.75093044869974 -14.75093044869974 -14.75093044869974 -14.75093044869974 -14.75093044869974 -14.75093044869974 -14.75093044869974 -14.75093044869974 -14.75093044869974 -14.75093044869974
1.2814070351758793 -14.750669724192454 -14.750669724192454 -14.750669724192454 -14.750669724192454 -14.750669724192454 -14.750669724192454 -14.750669724192454 -14.750669724192454 -14.750669724192454 -14.750669724192454 -14.750669724192454 -14.750669724192454 -14.750669724192454 -14.750669724192454 -14.750669724192454 -14.750669724192454 -14.750669724192454 -14.750669724192454 -14.750669724192454 -14.750669724192454 -14.750669724192454 -14.750669724192454 -14.750669724192454 -14.750669724192454 -14.750669724192454 -14.750669724192454 -14.750669724192454 -14.750669724192454 -14.750669724192454
1.3567839195979898 -14.750408999685167 -14.750408999685167 -14.750408999685167 -14.750408999685167 -14.750408999685167 -14.750408999685167 -14.750408999685167 -14.750408999685167 -14.750408999685167 -14.750408999685167 -14.750408999685167 -14.750408999685167 -14.750408999685167 -14.750408999685167 -14.750408999685167 -14.750408999685167 -14.750408999685167 -14.750408999685167 -14.750408999685167 -14.750408999685167 -14.750408999685167 -14.750408999685167 -14.750408999685167 -14.750408999685167 -14.750408999685167 -14.750408999685167 -14.750408999685167 -14.750408999685167 -14.750408999685167
1.4321608040201004 -14.75014827517788 -14.75014827517788 -14.75014827517788 -14.75014827517788 -14.75014827517788 -14.75014827517788 -14.75014827517788 -14.75014827517788 -14.75014827517788 -14.75014827517788 -14.75014827517788 -14.75014827517788 -14.75014827517788 -14.75014827517788 -14.75014827517788 -14.75014827517788 -14.75014827517788 -14.75014827517788 -14.75014827517788 -14.75014827517788 -14.75014827517788 -14.75014827517788 -14.75014827517788 -14.75014827517788 -14.75014827517788 -14.75014827517788 -14.75014827517788 -14.75014827517788 -14.75014827517788
1.507537688442211 -14.749887550670593 -14.749887550670593 -14.749887550670593 -14.749887550670593 -14.749887550670593 -14.749887550670593 -14.749887550670593 -14.749887550670593 -14.749887550670593 -14.749887550670593 -14.749887550670593 -14.749887550670593 -14.749887550670593 -14.749887550670593 -14.749887550670593 -14.749887550670593 -14.749887550670593 -14.749887550670593 -14.749887550670593 -14.749887550670593 -14.749887550670593 -14.749887550670593 -14.749887550670593 -14.749887550670593 -14.749887550670593 -14.749887550670593 -14.749887550670593 -14.749887550670593 -14.749887550670593
1.5829145728643215 -14.749626826163306 -14.749626826163306 -14.749626826163306 -14.749626826163306 -14.749626826163306 -14.749626826163306 -14.749626826163306 -14.749626826163306 -14.749626826163306 -14.749626826163306 -14.749626826163306 -14.749626826163306 -14.749626826163306 -14.749626826163306 -14.749626826163306 -14.749626826163306 -14.749626826163306 -14.749626826163306 -14.749626826163306 -14.749626826163306 -14.749626826163306 -14.749626826163306 -14.749626826163306 -14.749626826163306 -14.749626826163306 -14.749626826163306 -14.749626826163306 -14.749626826163306 -14.749626826163306
1.658291457286432 -14.74936610165602 -14.74936610165602 -14.74936610165602 -14.74936610165602 -14.74936610165602 -14.74936610165602 -14.74936610165602 -14.74936610165602 -14.74936610165602 -14.74936610165602 -14.74936610165602 -14.74936610165602 -14.74936610165602 -14.74936610165602 -14.74936610165602 -14.74936610165602 -14.74936610165602 -14.74936610165602 -14.74936610165602 -14.74936610165602 -14.74936610165602 -14.74936610165602 -14.74936610165602 -14.74936610165602 -14.74936610165602 -14.74936610165602 -14.74936610165602 -14.74936610165602 -14.74936610165602
1.7336683417085426 -14.749105377148734 -14.749105377148734 -14.749105377148734 -14.749105377148734 -14.749105377148734 -14.749105377148734 -14.749105377148734 -14.749105377148734 -14.749105377148734 -14.749105377148734 -14.749105377148734 -14.749105377148734 -14.749105377148734 -14.749105377148734 -14.749105377148734 -14.749105377148734 -14.749105377148734 -14.749105377148734 -14.749105377148734 -14.749105377148734 -14.749105377148734 -14.749105377148734 -14.749105377148734 -14.749105377148734 -14.749105377148734 -14.749105377148734 -14.749105377148734 -14.749105377148734 -14.749105377148734
1.809045226130653 -14.748844652641447 -14.748844652641447 -14.748844652641447 -14.748844652641447 -14.748844652641447 -14.748844652641447 -14.748844652641447 -14.748844652641447 -14.748844652641447 -14.748844652641447 -14.748844652641447 -14.748844652641447 -14.748844652641447 -14.748844652641447 -14.748844652641447 -14.748844652641447 -14.748844652641447 -14.748844652641447 -14.748844652641447 -14.748844652641447 -14.748844652641447 -14.748844652641447 -14.748844652641447 -14.748844652641447 -14.748844652641447 -14.748844652641447 -14.748844652641447 -14.748844652641447 -14.748844652641447
1.8844221105527637 -14.74858392813416 -14.74858392813416 -14.74858392813416 -14.74858392813416 -14.74858392813416 -14.74858392813416 -14.74858392813416 -14.74858392813416 -14.74858392813416 -14.74858392813416 -14.74858392813416 -14.74858392813416 -14.74858392813416 -14.74858392813416 -14.74858392813416 -14.74858392813416 -14.74858392813416 -14.74858392813416 -14.74858392813416 -14.74858392813416 -14.74858392813416 -14.74858392813416 -14.74858392813416 -14.74858392813416 -14.74858392813416 -14.74858392813416 -14.74858392813416 -14.74858392813416 -14.74858392813416
1.9597989949748742 -14.748323203626873 -14.748323203626873 -14.748323203626873 -14.748323203626873 -14.748323203626873 -14.748323203626873 -14.748323203626873 -14.748323203626873 -14.748323203626873 -14.748323203626873 -14.748323203626873 -14.748323203626873 -14.748323203626873 -14.748323203626873 -14.748323203626873 -14.748323203626873 -14.748323203626873 -14.748323203626873 -14.748323203626873 -14.748323203626873 -14.748323203626873 -14.748323203626873 -14.748323203626873 -14.748323203626873 -14.748323203626873 -14.748323203626873 -14.748323203626873 -14.748323203626873 -14.748323203626873
