web/models/linear/31/-14_755_0_002.dat
# %ECSV 1.0
# ---
# datatype:
# - {name: time, datatype: float64}
# - {name: sdss_u, datatype: float64}
# - {name: sdss_g, datatype: float64}
# - {name: sdss_r, datatype: float64}
# - {name: sdss_i, datatype: float64}
# - {name: sdss_z, datatype: float64}
# - {name: Clear, datatype: float64}
# - {name: johnson_B, datatype: float64}
# - {name: johnson_V, datatype: float64}
# - {name: johnson_R, datatype: float64}
# - {name: johnson_I, datatype: float64}
# - {name: ukirt_J, datatype: float64}
# - {name: ukirt_H, datatype: float64}
# - {name: ukirt_K, datatype: float64}
# meta: !!omap
# - comment: [M=-14.755102040816327, dM=0.0021718998507771624]
# schema: astropy-2.0
time sdss_u sdss_g sdss_r sdss_i sdss_z Clear johnson_B johnson_V johnson_R johnson_I ukirt_J ukirt_H ukirt_K
[from data line 58]
4.371859296482412 -14.745606800262678 -14.745606800262678 -14.745606800262678 -14.745606800262678 -14.745606800262678 -14.745606800262678 -14.745606800262678 -14.745606800262678 -14.745606800262678 -14.745606800262678 -14.745606800262678 -14.745606800262678 -14.745606800262678
4.447236180904522 -14.74544308921865 -14.74544308921865 -14.74544308921865 -14.74544308921865 -14.74544308921865 -14.74544308921865 -14.74544308921865 -14.74544308921865 -14.74544308921865 -14.74544308921865 -14.74544308921865 -14.74544308921865 -14.74544308921865
4.522613065326633 -14.74527937817462 -14.74527937817462 -14.74527937817462 -14.74527937817462 -14.74527937817462 -14.74527937817462 -14.74527937817462 -14.74527937817462 -14.74527937817462 -14.74527937817462 -14.74527937817462 -14.74527937817462 -14.74527937817462
4.597989949748744 -14.745115667130593 -14.745115667130593 -14.745115667130593 -14.745115667130593 -14.745115667130593 -14.745115667130593 -14.745115667130593 -14.745115667130593 -14.745115667130593 -14.745115667130593 -14.745115667130593 -14.745115667130593 -14.745115667130593
4.673366834170854 -14.744951956086565 -14.744951956086565 -14.744951956086565 -14.744951956086565 -14.744951956086565 -14.744951956086565 -14.744951956086565 -14.744951956086565 -14.744951956086565 -14.744951956086565 -14.744951956086565 -14.744951956086565 -14.744951956086565
4.748743718592964 -14.744788245042535 -14.744788245042535 -14.744788245042535 -14.744788245042535 -14.744788245042535 -14.744788245042535 -14.744788245042535 -14.744788245042535 -14.744788245042535 -14.744788245042535 -14.744788245042535 -14.744788245042535 -14.744788245042535
4.824120603015075 -14.744624533998508 -14.744624533998508 -14.744624533998508 -14.744624533998508 -14.744624533998508 -14.744624533998508 -14.744624533998508 -14.744624533998508 -14.744624533998508 -14.744624533998508 -14.744624533998508 -14.744624533998508 -14.744624533998508
4.899497487437186 -14.74446082295448 -14.74446082295448 -14.74446082295448 -14.74446082295448 -14.74446082295448 -14.74446082295448 -14.74446082295448 -14.74446082295448 -14.74446082295448 -14.74446082295448 -14.74446082295448 -14.74446082295448 -14.74446082295448
4.974874371859296 -14.74429711191045 -14.74429711191045 -14.74429711191045 -14.74429711191045 -14.74429711191045 -14.74429711191045 -14.74429711191045 -14.74429711191045 -14.74429711191045 -14.74429711191045 -14.74429711191045 -14.74429711191045 -14.74429711191045
5.050251256281406 -14.744133400866422 -14.744133400866422 -14.744133400866422 -14.744133400866422 -14.744133400866422 -14.744133400866422 -14.744133400866422 -14.744133400866422 -14.744133400866422 -14.744133400866422 -14.744133400866422 -14.744133400866422 -14.744133400866422
5.125628140703517 -14.743969689822395 -14.743969689822395 -14.743969689822395 -14.743969689822395 -14.743969689822395 -14.743969689822395 -14.743969689822395 -14.743969689822395 -14.743969689822395 -14.743969689822395 -14.743969689822395 -14.743969689822395 -14.743969689822395
5.201005025125628 -14.743805978778365 -14.743805978778365 -14.743805978778365 -14.743805978778365 -14.743805978778365 -14.743805978778365 -14.743805978778365 -14.743805978778365 -14.743805978778365 -14.743805978778365 -14.743805978778365 -14.743805978778365 -14.743805978778365
5.276381909547738 -14.743642267734337 -14.743642267734337 -14.743642267734337 -14.743642267734337 -14.743642267734337 -14.743642267734337 -14.743642267734337 -14.743642267734337 -14.743642267734337 -14.743642267734337 -14.743642267734337 -14.743642267734337 -14.743642267734337
5.351758793969848 -14.74347855669031 -14.74347855669031 -14.74347855669031 -14.74347855669031 -14.74347855669031 -14.74347855669031 -14.74347855669031 -14.74347855669031 -14.74347855669031 -14.74347855669031 -14.74347855669031 -14.74347855669031 -14.74347855669031
5.427135678391959 -14.74331484564628 -14.74331484564628 -14.74331484564628 -14.74331484564628 -14.74331484564628 -14.74331484564628 -14.74331484564628 -14.74331484564628 -14.74331484564628 -14.74331484564628 -14.74331484564628 -14.74331484564628 -14.74331484564628
5.50251256281407 -14.743151134602252 -14.743151134602252 -14.743151134602252 -14.743151134602252 -14.743151134602252 -14.743151134602252 -14.743151134602252 -14.743151134602252 -14.743151134602252 -14.743151134602252 -14.743151134602252 -14.743151134602252 -14.743151134602252
5.57788944723618 -14.742987423558223 -14.742987423558223 -14.742987423558223 -14.742987423558223 -14.742987423558223 -14.742987423558223 -14.742987423558223 -14.742987423558223 -14.742987423558223 -14.742987423558223 -14.742987423558223 -14.742987423558223 -14.742987423558223
5.6532663316582905 -14.742823712514195 -14.742823712514195 -14.742823712514195 -14.742823712514195 -14.742823712514195 -14.742823712514195 -14.742823712514195 -14.742823712514195 -14.742823712514195 -14.742823712514195 -14.742823712514195 -14.742823712514195 -14.742823712514195
5.7286432160804015 -14.742660001470167 -14.742660001470167 -14.742660001470167 -14.742660001470167 -14.742660001470167 -14.742660001470167 -14.742660001470167 -14.742660001470167 -14.742660001470167 -14.742660001470167 -14.742660001470167 -14.742660001470167 -14.742660001470167
5.8040201005025125 -14.742496290426137 -14.742496290426137 -14.742496290426137 -14.742496290426137 -14.742496290426137 -14.742496290426137 -14.742496290426137 -14.742496290426137 -14.742496290426137 -14.742496290426137 -14.742496290426137 -14.742496290426137 -14.742496290426137
5.879396984924623 -14.74233257938211 -14.74233257938211 -14.74233257938211 -14.74233257938211 -14.74233257938211 -14.74233257938211 -14.74233257938211 -14.74233257938211 -14.74233257938211 -14.74233257938211 -14.74233257938211 -14.74233257938211 -14.74233257938211
5.954773869346733 -14.742168868338082 -14.742168868338082 -14.742168868338082 -14.742168868338082 -14.742168868338082 -14.742168868338082 -14.742168868338082 -14.742168868338082 -14.742168868338082 -14.742168868338082 -14.742168868338082 -14.742168868338082 -14.742168868338082
6.030150753768844 -14.742005157294052 -14.742005157294052 -14.742005157294052 -14.742005157294052 -14.742005157294052 -14.742005157294052 -14.742005157294052 -14.742005157294052 -14.742005157294052 -14.742005157294052 -14.742005157294052 -14.742005157294052 -14.742005157294052
6.105527638190955 -14.741841446250024 -14.741841446250024 -14.741841446250024 -14.741841446250024 -14.741841446250024 -14.741841446250024 -14.741841446250024 -14.741841446250024 -14.741841446250024 -14.741841446250024 -14.741841446250024 -14.741841446250024 -14.741841446250024
6.180904522613065 -14.741677735205997 -14.741677735205997 -14.741677735205997 -14.741677735205997 -14.741677735205997 -14.741677735205997 -14.741677735205997 -14.741677735205997 -14.741677735205997 -14.741677735205997 -14.741677735205997 -14.741677735205997 -14.741677735205997
6.256281407035175 -14.741514024161967 -14.741514024161967 -14.741514024161967 -14.741514024161967 -14.741514024161967 -14.741514024161967 -14.741514024161967 -14.741514024161967 -14.741514024161967 -14.741514024161967 -14.741514024161967 -14.741514024161967 -14.741514024161967
6.331658291457286 -14.74135031311794 -14.74135031311794 -14.74135031311794 -14.74135031311794 -14.74135031311794 -14.74135031311794 -14.74135031311794 -14.74135031311794 -14.74135031311794 -14.74135031311794 -14.74135031311794 -14.74135031311794 -14.74135031311794
6.407035175879397 -14.741186602073912 -14.741186602073912 -14.741186602073912 -14.741186602073912 -14.741186602073912 -14.741186602073912 -14.741186602073912 -14.741186602073912 -14.741186602073912 -14.741186602073912 -14.741186602073912 -14.741186602073912 -14.741186602073912
6.482412060301507 -14.741022891029882 -14.741022891029882 -14.741022891029882 -14.741022891029882 -14.741022891029882 -14.741022891029882 -14.741022891029882 -14.741022891029882 -14.741022891029882 -14.741022891029882 -14.741022891029882 -14.741022891029882 -14.741022891029882
6.557788944723617 -14.740859179985854 -14.740859179985854 -14.740859179985854 -14.740859179985854 -14.740859179985854 -14.740859179985854 -14.740859179985854 -14.740859179985854 -14.740859179985854 -14.740859179985854 -14.740859179985854 -14.740859179985854 -14.740859179985854
6.633165829145728 -14.740695468941825 -14.740695468941825 -14.740695468941825 -14.740695468941825 -14.740695468941825 -14.740695468941825 -14.740695468941825 -14.740695468941825 -14.740695468941825 -14.740695468941825 -14.740695468941825 -14.740695468941825 -14.740695468941825
6.708542713567839 -14.740531757897797 -14.740531757897797 -14.740531757897797 -14.740531757897797 -14.740531757897797 -14.740531757897797 -14.740531757897797 -14.740531757897797 -14.740531757897797 -14.740531757897797 -14.740531757897797 -14.740531757897797 -14.740531757897797
6.783919597989949 -14.740368046853769 -14.740368046853769 -14.740368046853769 -14.740368046853769 -14.740368046853769 -14.740368046853769 -14.740368046853769 -14.740368046853769 -14.740368046853769 -14.740368046853769 -14.740368046853769 -14.740368046853769 -14.740368046853769
6.859296482412059 -14.74020433580974 -14.74020433580974 -14.74020433580974 -14.74020433580974 -14.74020433580974 -14.74020433580974 -14.74020433580974 -14.74020433580974 -14.74020433580974 -14.74020433580974 -14.74020433580974 -14.74020433580974 -14.74020433580974
6.93467336683417 -14.740040624765712 -14.740040624765712 -14.740040624765712 -14.740040624765712 -14.740040624765712 -14.740040624765712 -14.740040624765712 -14.740040624765712 -14.740040624765712 -14.740040624765712 -14.740040624765712 -14.740040624765712 -14.740040624765712
7.010050251256281 -14.739876913721684 -14.739876913721684 -14.739876913721684 -14.739876913721684 -14.739876913721684 -14.739876913721684 -14.739876913721684 -14.739876913721684 -14.739876913721684 -14.739876913721684 -14.739876913721684 -14.739876913721684 -14.739876913721684
7.085427135678391 -14.739713202677654 -14.739713202677654 -14.739713202677654 -14.739713202677654 -14.739713202677654 -14.739713202677654 -14.739713202677654 -14.739713202677654 -14.739713202677654 -14.739713202677654 -14.739713202677654 -14.739713202677654 -14.739713202677654
7.160804020100501 -14.739549491633626 -14.739549491633626 -14.739549491633626 -14.739549491633626 -14.739549491633626 -14.739549491633626 -14.739549491633626 -14.739549491633626 -14.739549491633626 -14.739549491633626 -14.739549491633626 -14.739549491633626 -14.739549491633626
7.236180904522612 -14.739385780589599 -14.739385780589599 -14.739385780589599 -14.739385780589599 -14.739385780589599 -14.739385780589599 -14.739385780589599 -14.739385780589599 -14.739385780589599 -14.739385780589599 -14.739385780589599 -14.739385780589599 -14.739385780589599
7.311557788944723 -14.73922206954557 -14.73922206954557 -14.73922206954557 -14.73922206954557 -14.73922206954557 -14.73922206954557 -14.73922206954557 -14.73922206954557 -14.73922206954557 -14.73922206954557 -14.73922206954557 -14.73922206954557 -14.73922206954557
7.3869346733668335 -14.739058358501541 -14.739058358501541 -14.739058358501541 -14.739058358501541 -14.739058358501541 -14.739058358501541 -14.739058358501541 -14.739058358501541 -14.739058358501541 -14.739058358501541 -14.739058358501541 -14.739058358501541 -14.739058358501541
7.462311557788944 -14.738894647457512 -14.738894647457512 -14.738894647457512 -14.738894647457512 -14.738894647457512 -14.738894647457512 -14.738894647457512 -14.738894647457512 -14.738894647457512 -14.738894647457512 -14.738894647457512 -14.738894647457512 -14.738894647457512
7.537688442211055 -14.738730936413484 -14.738730936413484 -14.738730936413484 -14.738730936413484 -14.738730936413484 -14.738730936413484 -14.738730936413484 -14.738730936413484 -14.738730936413484 -14.738730936413484 -14.738730936413484 -14.738730936413484 -14.738730936413484
7.613065326633166 -14.738567225369456 -14.738567225369456 -14.738567225369456 -14.738567225369456 -14.738567225369456 -14.738567225369456 -14.738567225369456 -14.738567225369456 -14.738567225369456 -14.738567225369456 -14.738567225369456 -14.738567225369456 -14.738567225369456
7.688442211055276 -14.738403514325427 -14.738403514325427 -14.738403514325427 -14.738403514325427 -14.738403514325427 -14.738403514325427 -14.738403514325427 -14.738403514325427 -14.738403514325427 -14.738403514325427 -14.738403514325427 -14.738403514325427 -14.738403514325427
7.763819095477386 -14.738239803281399 -14.738239803281399 -14.738239803281399 -14.738239803281399 -14.738239803281399 -14.738239803281399 -14.738239803281399 -14.738239803281399 -14.738239803281399 -14.738239803281399 -14.738239803281399 -14.738239803281399 -14.738239803281399
7.839195979899497 -14.738076092237371 -14.738076092237371 -14.738076092237371 -14.738076092237371 -14.738076092237371 -14.738076092237371 -14.738076092237371 -14.738076092237371 -14.738076092237371 -14.738076092237371 -14.738076092237371 -14.738076092237371 -14.738076092237371
7.914572864321608 -14.737912381193341 -14.737912381193341 -14.737912381193341 -14.737912381193341 -14.737912381193341 -14.737912381193341 -14.737912381193341 -14.737912381193341 -14.737912381193341 -14.737912381193341 -14.737912381193341 -14.737912381193341 -14.737912381193341
7.989949748743718 -14.737748670149314 -14.737748670149314 -14.737748670149314 -14.737748670149314 -14.737748670149314 -14.737748670149314 -14.737748670149314 -14.737748670149314 -14.737748670149314 -14.737748670149314 -14.737748670149314 -14.737748670149314 -14.737748670149314
8.065326633165828 -14.737584959105286 -14.737584959105286 -14.737584959105286 -14.737584959105286 -14.737584959105286 -14.737584959105286 -14.737584959105286 -14.737584959105286 -14.737584959105286 -14.737584959105286 -14.737584959105286 -14.737584959105286 -14.737584959105286
8.140703517587939 -14.737421248061256 -14.737421248061256 -14.737421248061256 -14.737421248061256 -14.737421248061256 -14.737421248061256 -14.737421248061256 -14.737421248061256 -14.737421248061256 -14.737421248061256 -14.737421248061256 -14.737421248061256 -14.737421248061256
8.21608040201005 -14.737257537017229 -14.737257537017229 -14.737257537017229 -14.737257537017229 -14.737257537017229 -14.737257537017229 -14.737257537017229 -14.737257537017229 -14.737257537017229 -14.737257537017229 -14.737257537017229 -14.737257537017229 -14.737257537017229
8.29145728643216 -14.7370938259732 -14.7370938259732 -14.7370938259732 -14.7370938259732 -14.7370938259732 -14.7370938259732 -14.7370938259732 -14.7370938259732 -14.7370938259732 -14.7370938259732 -14.7370938259732 -14.7370938259732 -14.7370938259732
8.36683417085427 -14.736930114929171 -14.736930114929171 -14.736930114929171 -14.736930114929171 -14.736930114929171 -14.736930114929171 -14.736930114929171 -14.736930114929171 -14.736930114929171 -14.736930114929171 -14.736930114929171 -14.736930114929171 -14.736930114929171
8.442211055276381 -14.736766403885143 -14.736766403885143 -14.736766403885143 -14.736766403885143 -14.736766403885143 -14.736766403885143 -14.736766403885143 -14.736766403885143 -14.736766403885143 -14.736766403885143 -14.736766403885143 -14.736766403885143 -14.736766403885143
8.517587939698492 -14.736602692841114 -14.736602692841114 -14.736602692841114 -14.736602692841114 -14.736602692841114 -14.736602692841114 -14.736602692841114 -14.736602692841114 -14.736602692841114 -14.736602692841114 -14.736602692841114 -14.736602692841114 -14.736602692841114
8.592964824120603 -14.736438981797086 -14.736438981797086 -14.736438981797086 -14.736438981797086 -14.736438981797086 -14.736438981797086 -14.736438981797086 -14.736438981797086 -14.736438981797086 -14.736438981797086 -14.736438981797086 -14.736438981797086 -14.736438981797086
8.668341708542712 -14.736275270753058 -14.736275270753058 -14.736275270753058 -14.736275270753058 -14.736275270753058 -14.736275270753058 -14.736275270753058 -14.736275270753058 -14.736275270753058 -14.736275270753058 -14.736275270753058 -14.736275270753058 -14.736275270753058
