web/models/linear/31/-14_755_0_009.dat
# %ECSV 1.0
# ---
# datatype:
# - {name: time, datatype: float64}
# - {name: swift_uvot_uvw2, datatype: float64}
# - {name: swift_uvot_uvm2, datatype: float64}
# - {name: swift_uvot_uvw1, datatype: float64}
# - {name: swift_uvot_U, datatype: float64}
# - {name: swift_uvot_B, datatype: float64}
# - {name: swift_uvot_V, datatype: float64}
# - {name: swift_uvot_W, datatype: float64}
# - {name: johnson_U, datatype: float64}
# - {name: johnson_B, datatype: float64}
# - {name: johnson_V, datatype: float64}
# - {name: johnson_R, datatype: float64}
# - {name: johnson_I, datatype: float64}
# - {name: sdss_u, datatype: float64}
# - {name: sdss_g, datatype: float64}
# - {name: sdss_r, datatype: float64}
# - {name: sdss_i, datatype: float64}
# - {name: sdss_z, datatype: float64}
# - {name: PS1_g, datatype: float64}
# - {name: PS1_r, datatype: float64}
# - {name: PS1_i, datatype: float64}
# - {name: PS1_z, datatype: float64}
# - {name: PS1_Y, datatype: float64}
# - {name: PS1_w, datatype: float64}
# - {name: ATLAS_c, datatype: float64}
# - {name: ATLAS_o, datatype: float64}
# - {name: ukirt_J, datatype: float64}
# - {name: ukirt_H, datatype: float64}
# - {name: ukirt_K, datatype: float64}
# - {name: Clear, datatype: float64}
# meta: !!omap
# - comment: [M=-14.755102040816327, dM=0.008773066621237415]
# schema: astropy-2.0
time swift_uvot_uvw2 swift_uvot_uvm2 swift_uvot_uvw1 swift_uvot_U swift_uvot_B swift_uvot_V swift_uvot_W johnson_U johnson_B johnson_V johnson_R johnson_I sdss_u sdss_g sdss_r sdss_i sdss_z PS1_g PS1_r PS1_i PS1_z PS1_Y PS1_w ATLAS_c ATLAS_o ukirt_J ukirt_H ukirt_K Clear
0.0 -14.755102040816327 -14.755102040816327 -14.755102040816327 -14.755102040816327 -14.755102040816327 -14.755102040816327 -14.755102040816327 -14.755102040816327 -14.755102040816327 -14.755102040816327 -14.755102040816327 -14.755102040816327 -14.755102040816327 -14.755102040816327 -14.755102040816327 -14.755102040816327 -14.755102040816327 -14.755102040816327 -14.755102040816327 -14.755102040816327 -14.755102040816327 -14.755102040816327 -14.755102040816327 -14.755102040816327 -14.755102040816327 -14.755102040816327 -14.755102040816327 -14.755102040816327 -14.755102040816327
0.07537688442211055 -14.754440754387591 -14.754440754387591 -14.754440754387591 -14.754440754387591 -14.754440754387591 -14.754440754387591 -14.754440754387591 -14.754440754387591 -14.754440754387591 -14.754440754387591 -14.754440754387591 -14.754440754387591 -14.754440754387591 -14.754440754387591 -14.754440754387591 -14.754440754387591 -14.754440754387591 -14.754440754387591 -14.754440754387591 -14.754440754387591 -14.754440754387591 -14.754440754387591 -14.754440754387591 -14.754440754387591 -14.754440754387591 -14.754440754387591 -14.754440754387591 -14.754440754387591 -14.754440754387591
0.1507537688442211 -14.753779467958854 -14.753779467958854 -14.753779467958854 -14.753779467958854 -14.753779467958854 -14.753779467958854 -14.753779467958854 -14.753779467958854 -14.753779467958854 -14.753779467958854 -14.753779467958854 -14.753779467958854 -14.753779467958854 -14.753779467958854 -14.753779467958854 -14.753779467958854 -14.753779467958854 -14.753779467958854 -14.753779467958854 -14.753779467958854 -14.753779467958854 -14.753779467958854 -14.753779467958854 -14.753779467958854 -14.753779467958854 -14.753779467958854 -14.753779467958854 -14.753779467958854 -14.753779467958854
0.22613065326633164 -14.753118181530118 -14.753118181530118 -14.753118181530118 -14.753118181530118 -14.753118181530118 -14.753118181530118 -14.753118181530118 -14.753118181530118 -14.753118181530118 -14.753118181530118 -14.753118181530118 -14.753118181530118 -14.753118181530118 -14.753118181530118 -14.753118181530118 -14.753118181530118 -14.753118181530118 -14.753118181530118 -14.753118181530118 -14.753118181530118 -14.753118181530118 -14.753118181530118 -14.753118181530118 -14.753118181530118 -14.753118181530118 -14.753118181530118 -14.753118181530118 -14.753118181530118 -14.753118181530118
0.3015075376884422 -14.752456895101382 -14.752456895101382 -14.752456895101382 -14.752456895101382 -14.752456895101382 -14.752456895101382 -14.752456895101382 -14.752456895101382 -14.752456895101382 -14.752456895101382 -14.752456895101382 -14.752456895101382 -14.752456895101382 -14.752456895101382 -14.752456895101382 -14.752456895101382 -14.752456895101382 -14.752456895101382 -14.752456895101382 -14.752456895101382 -14.752456895101382 -14.752456895101382 -14.752456895101382 -14.752456895101382 -14.752456895101382 -14.752456895101382 -14.752456895101382 -14.752456895101382 -14.752456895101382
0.37688442211055273 -14.751795608672644 -14.751795608672644 -14.751795608672644 -14.751795608672644 -14.751795608672644 -14.751795608672644 -14.751795608672644 -14.751795608672644 -14.751795608672644 -14.751795608672644 -14.751795608672644 -14.751795608672644 -14.751795608672644 -14.751795608672644 -14.751795608672644 -14.751795608672644 -14.751795608672644 -14.751795608672644 -14.751795608672644 -14.751795608672644 -14.751795608672644 -14.751795608672644 -14.751795608672644 -14.751795608672644 -14.751795608672644 -14.751795608672644 -14.751795608672644 -14.751795608672644 -14.751795608672644
0.4522613065326633 -14.751134322243908 -14.751134322243908 -14.751134322243908 -14.751134322243908 -14.751134322243908 -14.751134322243908 -14.751134322243908 -14.751134322243908 -14.751134322243908 -14.751134322243908 -14.751134322243908 -14.751134322243908 -14.751134322243908 -14.751134322243908 -14.751134322243908 -14.751134322243908 -14.751134322243908 -14.751134322243908 -14.751134322243908 -14.751134322243908 -14.751134322243908 -14.751134322243908 -14.751134322243908 -14.751134322243908 -14.751134322243908 -14.751134322243908 -14.751134322243908 -14.751134322243908 -14.751134322243908
0.5276381909547738 -14.750473035815173 -14.750473035815173 -14.750473035815173 -14.750473035815173 -14.750473035815173 -14.750473035815173 -14.750473035815173 -14.750473035815173 -14.750473035815173 -14.750473035815173 -14.750473035815173 -14.750473035815173 -14.750473035815173 -14.750473035815173 -14.750473035815173 -14.750473035815173 -14.750473035815173 -14.750473035815173 -14.750473035815173 -14.750473035815173 -14.750473035815173 -14.750473035815173 -14.750473035815173 -14.750473035815173 -14.750473035815173 -14.750473035815173 -14.750473035815173 -14.750473035815173 -14.750473035815173
0.6030150753768844 -14.749811749386435 -14.749811749386435 -14.749811749386435 -14.749811749386435 -14.749811749386435 -14.749811749386435 -14.749811749386435 -14.749811749386435 -14.749811749386435 -14.749811749386435 -14.749811749386435 -14.749811749386435 -14.749811749386435 -14.749811749386435 -14.749811749386435 -14.749811749386435 -14.749811749386435 -14.749811749386435 -14.749811749386435 -14.749811749386435 -14.749811749386435 -14.749811749386435 -14.749811749386435 -14.749811749386435 -14.749811749386435 -14.749811749386435 -14.749811749386435 -14.749811749386435 -14.749811749386435
0.6783919597989949 -14.749150462957699 -14.749150462957699 -14.749150462957699 -14.749150462957699 -14.749150462957699 -14.749150462957699 -14.749150462957699 -14.749150462957699 -14.749150462957699 -14.749150462957699 -14.749150462957699 -14.749150462957699 -14.749150462957699 -14.749150462957699 -14.749150462957699 -14.749150462957699 -14.749150462957699 -14.749150462957699 -14.749150462957699 -14.749150462957699 -14.749150462957699 -14.749150462957699 -14.749150462957699 -14.749150462957699 -14.749150462957699 -14.749150462957699 -14.749150462957699 -14.749150462957699 -14.749150462957699
0.7537688442211055 -14.748489176528961 -14.748489176528961 -14.748489176528961 -14.748489176528961 -14.748489176528961 -14.748489176528961 -14.748489176528961 -14.748489176528961 -14.748489176528961 -14.748489176528961 -14.748489176528961 -14.748489176528961 -14.748489176528961 -14.748489176528961 -14.748489176528961 -14.748489176528961 -14.748489176528961 -14.748489176528961 -14.748489176528961 -14.748489176528961 -14.748489176528961 -14.748489176528961 -14.748489176528961 -14.748489176528961 -14.748489176528961 -14.748489176528961 -14.748489176528961 -14.748489176528961 -14.748489176528961
0.829145728643216 -14.747827890100226 -14.747827890100226 -14.747827890100226 -14.747827890100226 -14.747827890100226 -14.747827890100226 -14.747827890100226 -14.747827890100226 -14.747827890100226 -14.747827890100226 -14.747827890100226 -14.747827890100226 -14.747827890100226 -14.747827890100226 -14.747827890100226 -14.747827890100226 -14.747827890100226 -14.747827890100226 -14.747827890100226 -14.747827890100226 -14.747827890100226 -14.747827890100226 -14.747827890100226 -14.747827890100226 -14.747827890100226 -14.747827890100226 -14.747827890100226 -14.747827890100226 -14.747827890100226
0.9045226130653266 -14.74716660367149 -14.74716660367149 -14.74716660367149 -14.74716660367149 -14.74716660367149 -14.74716660367149 -14.74716660367149 -14.74716660367149 -14.74716660367149 -14.74716660367149 -14.74716660367149 -14.74716660367149 -14.74716660367149 -14.74716660367149 -14.74716660367149 -14.74716660367149 -14.74716660367149 -14.74716660367149 -14.74716660367149 -14.74716660367149 -14.74716660367149 -14.74716660367149 -14.74716660367149 -14.74716660367149 -14.74716660367149 -14.74716660367149 -14.74716660367149 -14.74716660367149 -14.74716660367149
0.9798994974874371 -14.746505317242752 -14.746505317242752 -14.746505317242752 -14.746505317242752 -14.746505317242752 -14.746505317242752 -14.746505317242752 -14.746505317242752 -14.746505317242752 -14.746505317242752 -14.746505317242752 -14.746505317242752 -14.746505317242752 -14.746505317242752 -14.746505317242752 -14.746505317242752 -14.746505317242752 -14.746505317242752 -14.746505317242752 -14.746505317242752 -14.746505317242752 -14.746505317242752 -14.746505317242752 -14.746505317242752 -14.746505317242752 -14.746505317242752 -14.746505317242752 -14.746505317242752 -14.746505317242752
1.0552763819095476 -14.745844030814016 -14.745844030814016 -14.745844030814016 -14.745844030814016 -14.745844030814016 -14.745844030814016 -14.745844030814016 -14.745844030814016 -14.745844030814016 -14.745844030814016 -14.745844030814016 -14.745844030814016 -14.745844030814016 -14.745844030814016 -14.745844030814016 -14.745844030814016 -14.745844030814016 -14.745844030814016 -14.745844030814016 -14.745844030814016 -14.745844030814016 -14.745844030814016 -14.745844030814016 -14.745844030814016 -14.745844030814016 -14.745844030814016 -14.745844030814016 -14.745844030814016 -14.745844030814016
1.1306532663316582 -14.74518274438528 -14.74518274438528 -14.74518274438528 -14.74518274438528 -14.74518274438528 -14.74518274438528 -14.74518274438528 -14.74518274438528 -14.74518274438528 -14.74518274438528 -14.74518274438528 -14.74518274438528 -14.74518274438528 -14.74518274438528 -14.74518274438528 -14.74518274438528 -14.74518274438528 -14.74518274438528 -14.74518274438528 -14.74518274438528 -14.74518274438528 -14.74518274438528 -14.74518274438528 -14.74518274438528 -14.74518274438528 -14.74518274438528 -14.74518274438528 -14.74518274438528 -14.74518274438528
1.2060301507537687 -14.744521457956543 -14.744521457956543 -14.744521457956543 -14.744521457956543 -14.744521457956543 -14.744521457956543 -14.744521457956543 -14.744521457956543 -14.744521457956543 -14.744521457956543 -14.744521457956543 -14.744521457956543 -14.744521457956543 -14.744521457956543 -14.744521457956543 -14.744521457956543 -14.744521457956543 -14.744521457956543 -14.744521457956543 -14.744521457956543 -14.744521457956543 -14.744521457956543 -14.744521457956543 -14.744521457956543 -14.744521457956543 -14.744521457956543 -14.744521457956543 -14.744521457956543 -14.744521457956543
1.2814070351758793 -14.743860171527807 -14.743860171527807 -14.743860171527807 -14.743860171527807 -14.743860171527807 -14.743860171527807 -14.743860171527807 -14.743860171527807 -14.743860171527807 -14.743860171527807 -14.743860171527807 -14.743860171527807 -14.743860171527807 -14.743860171527807 -14.743860171527807 -14.743860171527807 -14.743860171527807 -14.743860171527807 -14.743860171527807 -14.743860171527807 -14.743860171527807 -14.743860171527807 -14.743860171527807 -14.743860171527807 -14.743860171527807 -14.743860171527807 -14.743860171527807 -14.743860171527807 -14.743860171527807
1.3567839195979898 -14.743198885099071 -14.743198885099071 -14.743198885099071 -14.743198885099071 -14.743198885099071 -14.743198885099071 -14.743198885099071 -14.743198885099071 -14.743198885099071 -14.743198885099071 -14.743198885099071 -14.743198885099071 -14.743198885099071 -14.743198885099071 -14.743198885099071 -14.743198885099071 -14.743198885099071 -14.743198885099071 -14.743198885099071 -14.743198885099071 -14.743198885099071 -14.743198885099071 -14.743198885099071 -14.743198885099071 -14.743198885099071 -14.743198885099071 -14.743198885099071 -14.743198885099071 -14.743198885099071
1.4321608040201004 -14.742537598670333 -14.742537598670333 -14.742537598670333 -14.742537598670333 -14.742537598670333 -14.742537598670333 -14.742537598670333 -14.742537598670333 -14.742537598670333 -14.742537598670333 -14.742537598670333 -14.742537598670333 -14.742537598670333 -14.742537598670333 -14.742537598670333 -14.742537598670333 -14.742537598670333 -14.742537598670333 -14.742537598670333 -14.742537598670333 -14.742537598670333 -14.742537598670333 -14.742537598670333 -14.742537598670333 -14.742537598670333 -14.742537598670333 -14.742537598670333 -14.742537598670333 -14.742537598670333
1.507537688442211 -14.741876312241597 -14.741876312241597 -14.741876312241597 -14.741876312241597 -14.741876312241597 -14.741876312241597 -14.741876312241597 -14.741876312241597 -14.741876312241597 -14.741876312241597 -14.741876312241597 -14.741876312241597 -14.741876312241597 -14.741876312241597 -14.741876312241597 -14.741876312241597 -14.741876312241597 -14.741876312241597 -14.741876312241597 -14.741876312241597 -14.741876312241597 -14.741876312241597 -14.741876312241597 -14.741876312241597 -14.741876312241597 -14.741876312241597 -14.741876312241597 -14.741876312241597 -14.741876312241597
1.5829145728643215 -14.741215025812862 -14.741215025812862 -14.741215025812862 -14.741215025812862 -14.741215025812862 -14.741215025812862 -14.741215025812862 -14.741215025812862 -14.741215025812862 -14.741215025812862 -14.741215025812862 -14.741215025812862 -14.741215025812862 -14.741215025812862 -14.741215025812862 -14.741215025812862 -14.741215025812862 -14.741215025812862 -14.741215025812862 -14.741215025812862 -14.741215025812862 -14.741215025812862 -14.741215025812862 -14.741215025812862 -14.741215025812862 -14.741215025812862 -14.741215025812862 -14.741215025812862 -14.741215025812862
1.658291457286432 -14.740553739384124 -14.740553739384124 -14.740553739384124 -14.740553739384124 -14.740553739384124 -14.740553739384124 -14.740553739384124 -14.740553739384124 -14.740553739384124 -14.740553739384124 -14.740553739384124 -14.740553739384124 -14.740553739384124 -14.740553739384124 -14.740553739384124 -14.740553739384124 -14.740553739384124 -14.740553739384124 -14.740553739384124 -14.740553739384124 -14.740553739384124 -14.740553739384124 -14.740553739384124 -14.740553739384124 -14.740553739384124 -14.740553739384124 -14.740553739384124 -14.740553739384124 -14.740553739384124
1.7336683417085426 -14.739892452955388 -14.739892452955388 -14.739892452955388 -14.739892452955388 -14.739892452955388 -14.739892452955388 -14.739892452955388 -14.739892452955388 -14.739892452955388 -14.739892452955388 -14.739892452955388 -14.739892452955388 -14.739892452955388 -14.739892452955388 -14.739892452955388 -14.739892452955388 -14.739892452955388 -14.739892452955388 -14.739892452955388 -14.739892452955388 -14.739892452955388 -14.739892452955388 -14.739892452955388 -14.739892452955388 -14.739892452955388 -14.739892452955388 -14.739892452955388 -14.739892452955388 -14.739892452955388
1.809045226130653 -14.739231166526652 -14.739231166526652 -14.739231166526652 -14.739231166526652 -14.739231166526652 -14.739231166526652 -14.739231166526652 -14.739231166526652 -14.739231166526652 -14.739231166526652 -14.739231166526652 -14.739231166526652 -14.739231166526652 -14.739231166526652 -14.739231166526652 -14.739231166526652 -14.739231166526652 -14.739231166526652 -14.739231166526652 -14.739231166526652 -14.739231166526652 -14.739231166526652 -14.739231166526652 -14.739231166526652 -14.739231166526652 -14.739231166526652 -14.739231166526652 -14.739231166526652 -14.739231166526652
1.8844221105527637 -14.738569880097915 -14.738569880097915 -14.738569880097915 -14.738569880097915 -14.738569880097915 -14.738569880097915 -14.738569880097915 -14.738569880097915 -14.738569880097915 -14.738569880097915 -14.738569880097915 -14.738569880097915 -14.738569880097915 -14.738569880097915 -14.738569880097915 -14.738569880097915 -14.738569880097915 -14.738569880097915 -14.738569880097915 -14.738569880097915 -14.738569880097915 -14.738569880097915 -14.738569880097915 -14.738569880097915 -14.738569880097915 -14.738569880097915 -14.738569880097915 -14.738569880097915 -14.738569880097915
