web/models/kne/43/mosfit_kn_0.062996_0.4060_3.6500.dat
# %ECSV 1.0
# ---
# datatype:
# - {name: time, datatype: float64}
# - {name: PS1_g, datatype: float64}
# - {name: PS1_i, datatype: float64}
# - {name: PS1_r, datatype: float64}
# - {name: PS1_w, datatype: float64}
# - {name: PS1_y, datatype: float64}
# - {name: PS1_z, datatype: float64}
# - {name: swift_uvot_B, datatype: float64}
# - {name: swift_uvot_U, datatype: float64}
# - {name: swift_uvot_uvm2, datatype: float64}
# - {name: swift_uvot_uvw1, datatype: float64}
# - {name: swift_uvot_uvw2, datatype: float64}
# - {name: swift_uvot_V, datatype: float64}
# - {name: johnson_B, datatype: float64}
# - {name: johnson_I, datatype: float64}
# - {name: johnson_R, datatype: float64}
# - {name: johnson_U, datatype: float64}
# - {name: johnson_V, datatype: float64}
# - {name: sdss_g, datatype: float64}
# - {name: sdss_i, datatype: float64}
# - {name: sdss_r, datatype: float64}
# - {name: sdss_u, datatype: float64}
# - {name: sdss_z, datatype: float64}
# - {name: ATLAS_c, datatype: float64}
# - {name: ATLAS_o, datatype: float64}
# - {name: ukirt_H, datatype: float64}
# - {name: ukirt_J, datatype: float64}
# - {name: ukirt_K, datatype: float64}
# - {name: Clear, datatype: float64}
# meta: !!omap
# - comment: [kappa = 3.65, type = rprocess, mass = 0.06299605249512866, velocity = 0.406, theta_obs = 0.0, tfloor = 1000.0]
# schema: astropy-2.0
time PS1_g PS1_i PS1_r PS1_w PS1_y PS1_z swift_uvot_B swift_uvot_U swift_uvot_uvm2 swift_uvot_uvw1 swift_uvot_uvw2 swift_uvot_V johnson_B johnson_I johnson_R johnson_U johnson_V sdss_g sdss_i sdss_r sdss_u sdss_z ATLAS_c ATLAS_o ukirt_H ukirt_J ukirt_K Clear
[from data line 202]
12.20440881763527 6.493663333317929 -2.3881654798813656 1.0869052981564842 -0.8810185133475024 -5.911355528406617 -4.493679563559496 10.033569909882399 16.69251400777732 30.581109311806497 12.658096539851886 15.17111304633152 4.453180026188714 8.829632592916209 -3.9416787863033163 -0.9716460195783163 15.661512828525577 3.498157691019961 7.306203434632366 -2.3069095277683616 1.315393957652926 17.193619537952145 -5.06710717558148 3.0659818678991257 -1.386430656710651 -10.860342906322112 -8.710853610832421 -12.220631586795283 -3.166912557108841
12.264529058116231 6.510564033055601 -2.3712647801436937 1.1038059978941561 -0.8641178136098304 -5.894454828668945 -4.476778863821824 10.05047060962007 16.70941470751499 30.598010011544158 12.67499723958954 15.188013746069192 4.470080725926386 8.84653329265388 -3.9247780865656443 -0.9547453198406444 15.678413528263249 3.515058390757633 7.323104134370038 -2.2900088280306896 1.3322946573905803 17.210520237689817 -5.050206475843808 3.0828825676367977 -1.369529956972979 -10.84344220658444 -8.69395291109475 -12.203730887057612 -3.150011857371169
12.324649298597194 6.5272951276632085 -2.3545336855360866 1.1205370925017633 -0.8473867190022233 -5.8777237340613375 -4.460047769214217 10.067201704227678 16.7261458021226 30.614741106151772 12.691728334197165 15.204744840676817 4.486811820533993 8.863264387261488 -3.908046991958037 -0.9380142252330372 15.695144622870856 3.5317894853652403 7.339835228977645 -2.2732777334230825 1.3490257519982052 17.227251332297424 -5.033475381236201 3.099613662244405 -1.352798862365372 -10.826711111976833 -8.677221816487142 -12.186999792450004 -3.1332807627635617
12.384769539078157 6.543860986816998 -2.337967826382279 1.137102951655553 -0.8308208598484157 -5.861157874907548 -4.4434819100604095 10.083767563381485 16.742711661276406 30.631306965305573 12.708294193350955 15.221310699830607 4.503377679687783 8.879830246415295 -3.8914811328042296 -0.9214483660792296 15.711710482024646 3.548355344519048 7.356401088131452 -2.2567118742692927 1.365591611151995 17.24381719145123 -5.016909522082411 3.1161795213982124 -1.3362330032115821 -10.810145252823043 -8.660655957333352 -12.170433933296215 -3.116714903609772
12.444889779559118 6.560261612615221 -2.321567200584056 1.153503577453776 -0.8144202340501927 -5.844757249109325 -4.4270812842621865 10.100168189179708 16.75911228707463 30.6477075911038 12.724694819149178 15.23771132562883 4.519778305486006 8.896230872213518 -3.8750805070060066 -0.9050477402810067 15.728111107822869 3.564755970317271 7.372801713929675 -2.2403112484710697 1.381992236950218 17.260217817249455 -5.000508896284188 3.1325801471964354 -1.3198323774133591 -10.793744627024802 -8.64425533153513 -12.154033307497992 -3.100314277811549
12.50501002004008 6.576498138112701 -2.3053306750865943 1.1697401029512555 -0.798183708552731 -5.828520723611845 -4.410844758764725 10.11640471467717 16.77534881257209 30.66394411660126 12.74093134464664 15.253947851126291 4.536014830983485 8.91246739771098 -3.858843981508545 -0.888811214783545 15.744347633320348 3.5809924958147326 7.389038239427137 -2.22407472297359 1.3982287624476797 17.276454342746916 -4.984272370786709 3.148816672693897 -1.3035958519158797 -10.77750810152734 -8.62801880603765 -12.137796782000512 -3.0840777523140694
12.565130260521041 6.59257196371863 -2.2892568494806476 1.1858139285571845 -0.7821098829468021 -5.812446898005916 -4.394770933158778 10.132478540283117 16.79142263817802 30.680017942207197 12.757005170252587 15.270021676732238 4.552088656589414 8.928541223316927 -3.842770155902598 -0.8727373891775982 15.760421458926277 3.5970663214206615 7.405112065033066 -2.2080008973676613 1.4143025880536264 17.292528168352845 -4.96819854518078 3.164890498299826 -1.2875220263099507 -10.761434275921411 -8.611944980431721 -12.121722956394583 -3.0680039267081405
12.625250501002004 6.608488226843914 -2.2733405863553635 1.2017301916824685 -0.7661936198215002 -5.796530634880632 -4.378854670033494 10.1483948034084 16.80733890130332 30.695934205332488 12.77292143337787 15.285937939857522 4.568004919714698 8.94445748644221 -3.826853892777314 -0.8568211260523142 15.776337722051561 3.6129825845459633 7.421028328158368 -2.192084634242377 1.4302188511789105 17.308444431478147 -4.952282282055496 3.180806761425128 -1.2716057631846667 -10.745518012796127 -8.596028717306437 -12.1058066932693 -3.0520876635828564
12.685370741482965 6.624246280027908 -2.2575825331713695 1.2174882448664626 -0.7504355666375062 -5.780772581696638 -4.3630966168495 10.164152856592395 16.823096954487315 30.711692258516482 12.788679486561865 15.301695993041516 4.583762972898692 8.960215539626205 -3.81109583959332 -0.8410630728683202 15.792095775235556 3.6287406377299396 7.436786381342362 -2.176326581058383 1.4459769043629045 17.32420248466214 -4.936524228871502 3.196564814609122 -1.2558477100006726 -10.729759959612133 -8.580270664122443 -12.090048640085305 -3.0363296103988624
12.745490981963927 6.6398478998614685 -2.241980913337809 1.233089864700041 -0.7348339468039455 -5.7651709618630775 -4.347494997015939 10.179754476425956 16.838698574320876 30.727293878350043 12.804281106395425 15.317297612875077 4.599364592732253 8.975817159459766 -3.7954942197597594 -0.8254614530347595 15.807697395069134 3.644342257563518 7.4523880011759225 -2.1607249612248225 1.4615785241964652 17.339804104495702 -4.920922609037941 3.2121664344426826 -1.240246090167112 -10.714158339778555 -8.564669044288864 -12.074447020251744 -3.0207279905653017
12.80561122244489 6.655295319103534 -2.2265334940957437 1.248537283942106 -0.7193865275618805 -5.749723542620995 -4.332047577773874 10.19520189566802 16.85414599356294 30.742741297592108 12.81972852563749 15.332745032117142 4.614812011974336 8.99126457870183 -3.7800468005176944 -0.8100140337926944 15.823144814311199 3.659789676805583 7.4678354204179875 -2.1452775419827574 1.4770259434385302 17.355251523737767 -4.905475189795876 3.2276138536847476 -1.224798670925047 -10.69871092053649 -8.5492216250468 -12.05899960100968 -3.0052805713232367
12.86573146292585 6.670591703772679 -2.211237109426598 1.2638336686112517 -0.7040901428927349 -5.734427157951849 -4.316751193104729 10.210498280337166 16.869442378232087 30.758037682261257 12.835024910306636 15.348041416786288 4.6301083966434815 9.006560963370976 -3.7647504158485487 -0.7947176491235488 15.838441198980345 3.6750860614747287 7.483131805087133 -2.129981157313612 1.4923223281076758 17.370547908406913 -4.89017880512673 3.2429102383538932 -1.2095022862559013 -10.683414535867344 -8.533925240377654 -12.043703216340534 -2.9899841866540733
12.925851703406813 6.685738430106181 -2.1960903830930967 1.2789803949447354 -0.6889434165592512 -5.719280431618365 -4.301604466771227 10.225645006670668 16.88458910456557 30.773184408594748 12.850171636640138 15.363188143119789 4.645255122976965 9.021707689704478 -3.7496036895150473 -0.7795709227900474 15.853587925313828 3.6902327878082124 7.498278531420617 -2.1148344309801104 1.5074690544411773 17.385694634740396 -4.875032078793229 3.258056964687377 -1.1943555599223998 -10.66826780953386 -8.51877851404417 -12.028556490007032 -2.9748374603205896
12.985971943887774 6.700737202338178 -2.181091610861099 1.2939791671767509 -0.6739446443272357 -5.70428165938635 -4.2866056945392295 10.240643778902665 16.899587876797586 30.788183180826753 12.865170408872135 15.378186915351787 4.660253895208981 9.036706461936475 -3.7346049172830496 -0.7645721505580496 15.868586697545844 3.705231560040228 7.513277303652632 -2.099835658748095 1.522467826673175 17.40069340697241 -4.860033306561213 3.2730557369193924 -1.179356787690402 -10.653269037301845 -8.503779741812155 -12.013557717775017 -2.959838688088574
13.046092184368737 6.715591597646 -2.166237215553277 1.3088335624845548 -0.6590902490194139 -5.689427264078546 -4.271751299231408 10.255498174210487 16.914442272105408 30.803037576134567 12.880024804179957 15.393041310659608 4.675108290516785 9.051560857244297 -3.719750521975228 -0.7497177552502279 15.883441092853648 3.720085955348032 7.528131698960454 -2.084981263440291 1.5373222219809968 17.415547802280233 -4.845178911253409 3.287910132227214 -1.1645023923825804 -10.638414641994041 -8.48892534650435 -11.998703322467213 -2.94498429278077
13.1062124248497 6.730302831811326 -2.1515259813879695 1.3235447966498803 -0.6443790148541062 -5.67471602991322 -4.2570400650661 10.270209408375795 16.929153506270715 30.817748810299893 12.894736038345282 15.407752544824934 4.68981952468211 9.066272091409605 -3.70503928780992 -0.7350065210849202 15.898152327018973 3.7347971895133574 7.542842933125762 -2.0702700292749654 1.5520334561463223 17.43025903644554 -4.830467677088084 3.302621366392522 -1.1497911582172549 -10.623703407828716 -8.474214112339025 -11.983992088301887 -2.9302730586154446
13.16633266533066 6.744873223075469 -2.136955590123808 1.338115187914024 -0.6298086235899625 -5.660145638649077 -4.2424696738019385 10.284779799639956 16.94372389753486 30.832319201564037 12.909306429609426 15.422322936089078 4.704389915946254 9.080842482673766 -3.6904688965457586 -0.7204361298207764 15.912722718283117 3.749367580777501 7.5574133243899055 -2.0556996380108217 1.566603847410466 17.444829427709685 -4.81589728582394 3.3171917576566656 -1.1352207669531111 -10.609133016564572 -8.459643721074881 -11.969421697037744 -2.915702667351301
13.226452905811623 6.759304477632853 -2.1225243355664247 1.3525464424714073 -0.6153773690325615 -5.6457143840916935 -4.228038419244555 10.29921105419734 16.95815515209226 30.846750456121416 12.92373768416681 15.436754190646461 4.718821170503637 9.09527373723115 -3.6760376419883753 -0.7060048752633754 15.9271539728405 3.7637988353348844 7.571844578947307 -2.0412683834534384 1.5810351019678492 17.459260682267086 -4.801466031266557 3.3316230122140666 -1.1207895123957279 -10.594701762007189 -8.445212466517498 -11.95499044248036 -2.9012714127939176
13.286573146292584 6.773600810929992 -2.1082280022693034 1.3668427757685464 -0.6010810357354401 -5.631418050794554 -4.213742085947434 10.313507387494461 16.97245148538938 30.861046789418555 12.938034017463949 15.451050523943582 4.733117503800776 9.109570070528271 -3.661741308691254 -0.6917085419662541 15.94145030613764 3.7780951686320234 7.586140912244428 -2.0269720501562993 1.5953314352649706 17.473557015564207 -4.787169697969418 3.345919345511188 -1.1064931790985888 -10.58040542871005 -8.430916133220359 -11.940694109183221 -2.8869750794967786
13.346693386773547 6.78776288147354 -2.094065931725755 1.381004846312095 -0.5869189651918916 -5.617255980251006 -4.199580015403868 10.327669458038027 16.98661355593293 30.875208859962104 12.952196088007497 15.465212594487149 4.747279574344325 9.12373214107182 -3.6475792381476877 -0.6775464714227055 15.955612376681188 3.792257239175572 7.6003029827879764 -2.0128099796127508 1.609493505808537 17.487719086107756 -4.773007627425869 3.3600814160547365 -1.0923311085550402 -10.566243358166501 -8.41675406267681 -11.926532038639673 -2.87281300895323
13.40681362725451 6.801792471659933 -2.080036341539344 1.395034436498488 -0.5728893750054986 -5.603226390064613 -4.185550425217475 10.34169904822442 17.000643146119323 30.8892384501485 12.96622567819389 15.479242184673542 4.761309164530718 9.13776173125823 -3.6335496479612948 -0.6635168812362948 15.96964196686758 3.806286829361965 7.614332572974369 -1.9987803894263578 1.6235230959949298 17.50174867629415 -4.758978037239476 3.3741110062411295 -1.0783015183686473 -10.552213767980108 -8.402724472490418 -11.91250244845328 -2.858783418766837
13.46693386773547 6.81569214928901 -2.0661366639102674 1.4089341141275824 -0.5589896973764041 -5.589326712435518 -4.171650747588398 10.355598725853497 17.014542823748418 30.903138127777584 12.980125355822967 15.493141862302618 4.775208842159812 9.151661408887307 -3.619649970332218 -0.6496172036072181 15.983541644496675 3.8201865069910594 7.628232250603464 -1.984880711797281 1.6374227736240066 17.515648353923243 -4.7450783596104 3.388010683870224 -1.0644018407395706 -10.538314090351014 -8.388824794861323 -11.898602770824203 -2.8448837411377603
13.527054108216433 6.8294658599238645 -2.052362953275413 1.422707824762437 -0.5452159867415496 -5.575553001800664 -4.157877036953543 10.369372436488351 17.028316534383272 30.916911838412442 12.993899066457821 15.506915572937473 4.788982552794667 9.165435119522162 -3.6058762596973635 -0.6358434929723635 15.99731535513153 3.833960217625914 7.642005961238318 -1.9711070011624265 1.6511964842588611 17.529422064558098 -4.731304648975545 3.4017843945050785 -1.050628130104716 -10.524540379716159 -8.375051084226468 -11.884829060189348 -2.8311100305029058
13.587174348697394 6.8431144531523636 -2.0387143600469315 1.4363564179909183 -0.5315673935130683 -5.5619044085721825 -4.144228443725062 10.383021029716833 17.041965127611753 30.93056043164093 13.00754765968632 15.520564166165972 4.802631146023148 9.179083712750643 -3.5922276664688644 -0.6221948997438822 16.01096394836001 3.8476088108543953 7.6556545544668 -1.9574584079339274 1.6648450774873602 17.54307065778658 -4.717656055747046 3.41543298773356 -1.036979536876217 -10.510891786487678 -8.361402490997987 -11.87118046696085 -2.8174614372744067
13.647294589178356 6.856639955036972 -2.0251888581623056 1.4498819198755264 -0.5180418916284424 -5.548378906687574 -4.130702941840436 10.396546531601459 17.05549062949638 30.94408593352554 13.021073161570929 15.53408966805058 4.816156647907756 9.192609214635269 -3.5787021645842563 -0.6086693978592563 16.02448945024462 3.8611343127390034 7.669180056351426 -1.9439329060493193 1.6783705793719683 17.556596159671205 -4.704130553862438 3.4289584896181857 -1.0234540349916088 -10.49736628460307 -8.347876989113379 -11.857654965076241 -2.8039359353897986
13.707414829659317 6.870044386483567 -2.0117844267157103 1.4632863513221395 -0.5046374601818471 -5.534974475240961 -4.117298510393841 10.409950963048054 17.068895060942975 30.95749036497214 13.034477593017524 15.547494099497175 4.829561079354369 9.206013646081864 -3.565297733137661 -0.595264966412661 16.037893881691232 3.8745387441856165 7.682584487798021 -1.930528474602724 1.6917750108185636 17.5700005911178 -4.690726122415825 3.442362921064781 -1.0100496035450135 -10.483961853156456 -8.334472557666766 -11.844250533629628 -2.7905315039431855
13.76753507014028 6.883331491523208 -1.9984973216760693 1.4765734563617805 -0.49135035514220604 -5.521687370201338 -4.1040114053542 10.423238068087695 17.082182165982616 30.970777470011786 13.047764698057165 15.560781204536816 4.842848184393993 9.219300751121505 -3.55201062809802 -0.58197786137302 16.051180986730856 3.8878258492252575 7.695871592837662 -1.917241369563083 1.7050621158582047 17.58328769615744 -4.6774390173762015 3.455650026104422 -0.9967624985053725 -10.470674748116815 -8.321185452627125 -11.830963428590005 -2.7772443989035622
13.827655310621243 6.896502354890934 -1.985326458308343 1.4897443197295068 -0.4781794917744797 -5.508516506833612 -4.0908405419864735 10.436408931455421 17.095353029350342 30.983948333379512 13.060935561424891 15.573952067904543 4.856019047761719 9.232471614489231 -3.5388397647302936 -0.5688069980052937 16.064351850098582 3.900996712592984 7.709042456205388 -1.9040705061953567 1.718232979225931 17.596458559525168 -4.664268154008475 3.4688208894721484 -0.9835916351376461 -10.457503884749089 -8.308014589259399 -11.817792565222279 -2.764073535535836
