web/models/kne/43/mosfit_kn_0.001230_0.3903_3.6500.dat
# %ECSV 1.0
# ---
# datatype:
# - {name: time, datatype: float64}
# - {name: PS1_g, datatype: float64}
# - {name: PS1_i, datatype: float64}
# - {name: PS1_r, datatype: float64}
# - {name: PS1_w, datatype: float64}
# - {name: PS1_y, datatype: float64}
# - {name: PS1_z, datatype: float64}
# - {name: swift_uvot_B, datatype: float64}
# - {name: swift_uvot_U, datatype: float64}
# - {name: swift_uvot_uvm2, datatype: float64}
# - {name: swift_uvot_uvw1, datatype: float64}
# - {name: swift_uvot_uvw2, datatype: float64}
# - {name: swift_uvot_V, datatype: float64}
# - {name: johnson_B, datatype: float64}
# - {name: johnson_I, datatype: float64}
# - {name: johnson_R, datatype: float64}
# - {name: johnson_U, datatype: float64}
# - {name: johnson_V, datatype: float64}
# - {name: sdss_g, datatype: float64}
# - {name: sdss_i, datatype: float64}
# - {name: sdss_r, datatype: float64}
# - {name: sdss_u, datatype: float64}
# - {name: sdss_z, datatype: float64}
# - {name: ATLAS_c, datatype: float64}
# - {name: ATLAS_o, datatype: float64}
# - {name: ukirt_H, datatype: float64}
# - {name: ukirt_J, datatype: float64}
# - {name: ukirt_K, datatype: float64}
# - {name: Clear, datatype: float64}
# meta: !!omap
# - comment: [kappa = 3.65, type = rprocess, mass = 0.0012301715156502338, velocity = 0.3903333333333333, theta_obs = 0.0, tfloor = 1000.0]
# schema: astropy-2.0
time PS1_g PS1_i PS1_r PS1_w PS1_y PS1_z swift_uvot_B swift_uvot_U swift_uvot_uvm2 swift_uvot_uvw1 swift_uvot_uvw2 swift_uvot_V johnson_B johnson_I johnson_R johnson_U johnson_V sdss_g sdss_i sdss_r sdss_u sdss_z ATLAS_c ATLAS_o ukirt_H ukirt_J ukirt_K Clear
[from data line 267]
16.112224448897795 16.35697712476997 7.475148311570674 10.950219089608524 8.982295278104537 3.951958263045423 5.3696342278925435 19.89688370133444 26.55582779922936 40.444423103258536 22.521410331303915 25.034426837783567 14.316493817640755 18.69294638436825 5.921635005148741 8.891667771873724 25.524826619977617 13.361471482472 17.169517226084405 7.556404263683678 11.178707749104966 27.056933329404185 4.79620661587056 12.929295659351165 8.476883134741389 -0.9970291148700723 1.152460180619618 -2.3573177953432434 6.696401234343199
16.172344689378757 16.374981200043663 7.493152386844386 10.968223164882236 9.00029935337825 3.9699623383191174 5.387638303166256 19.91488777660815 26.57383187450307 40.462427178532245 22.53941440657762 25.05243091305727 14.334497892914449 18.71095045964196 5.9396390804224355 8.909671847147436 25.542830695251318 13.379475557745712 17.187521301358117 7.574408338957372 11.19671182437866 27.074937404677897 4.814210691144254 12.947299734624877 8.494887210015083 -0.9790250395963602 1.17046425589333 -2.339313720069549 6.714405309616893
16.23246492985972 16.392925464384227 7.51109665118495 10.9861674292228 9.018243617718813 3.9879066026596988 5.405582567506819 19.932832040948714 26.591776138843635 40.48037144287281 22.557358670918184 25.070375177397835 14.35244215725503 18.728894723982524 5.957583344762999 8.927616111488 25.560774959591882 13.397419822086276 17.20546556569868 7.592352603297936 11.214656088719224 27.09288166901846 4.8321549554848175 12.965243998965441 8.512831474355647 -0.9610807752557966 1.1884085202338937 -2.3213694557289855 6.732349573957457
16.29258517034068 16.410810292036846 7.528981478837569 11.0040522568754 9.036128445371432 4.0057914303123 5.423467395159438 19.950716868601333 26.609660966496243 40.498256270525424 22.575243498570803 25.088260005050454 14.370326984907631 18.746779551635143 5.975468172415618 8.945500939140619 25.578659787244504 13.415304649738877 17.2233503933513 7.610237430950555 11.232540916371843 27.11076649667107 4.8500397831374364 12.98312882661806 8.530716302008265 -0.9431959476031955 1.2062933478864948 -2.3034846280763666 6.750234401610076
16.352705410821642 16.428636058127424 7.5468072449281465 11.021878022965996 9.05395421146201 4.023617196402878 5.441293161250016 19.96854263469191 26.62748673258683 40.516082036616005 22.59306926466138 25.106085771141032 14.38815275099821 18.76460531772572 5.993293938506196 8.963326705231196 25.59648555333508 13.433130415829472 17.241176159441878 7.628063197041133 11.25036668246242 27.128592262761657 4.867865549228014 13.000954592708638 8.548542068098843 -0.9253701815125999 1.2241191139770904 -2.2856588619857887 6.7680601677006536
16.412825651302605 16.446403122295834 7.564574309096557 11.039645087134407 9.07172127563042 4.041384260571306 5.459060225418426 19.98630969886032 26.64525379675524 40.533849100784415 22.6108363288298 25.123852835309442 14.405919815166637 18.78237238189413 6.011061002674606 8.981093769399607 25.61425261750349 13.450897479997883 17.258943223610288 7.645830261209543 11.26813374663083 27.146359326930067 4.8856326133964245 13.018721656877048 8.566309132267254 -0.9076031173441896 1.2418861781455006 -2.2678917978173785 6.7858272318690815
16.472945891783567 16.464111850609875 7.58228303741058 11.05735381544843 9.089430003944443 4.059092988885329 5.476768953732449 20.004018427174344 26.662962525069265 40.551557829098435 22.62854505714382 25.141561563623473 14.42362854348066 18.800081110208154 6.028769730988629 8.99880249771363 25.631961345817523 13.468606208311906 17.27665195192431 7.663538989523584 11.285842474944854 27.16406805524409 4.903341341710465 13.036430385191071 8.584017860581294 -0.8898943890301665 1.2595949064595238 -2.2501830695033376 6.803535960183105
16.53306613226453 16.48176261034248 7.599933797143201 11.075004575181033 9.107080763677065 4.0767437486179325 5.494419713465071 20.021669186906966 26.68061328480188 40.56920858883105 22.646195816876435 25.159212323356087 14.441279303213264 18.817731869940776 6.046420490721251 9.016453257446251 25.649612105550126 13.48625696804451 17.294302711656915 7.681189749256188 11.303493234677475 27.181718814976705 4.920992101443069 13.054081144923675 8.601668620313898 -0.8722436292975628 1.2772456661921274 -2.232532309770734 6.821186719915708
16.59318637274549 16.499355757570253 7.617526944370976 11.092597722408808 9.12467391090484 4.094336895845707 5.512012860692845 20.03926233413474 26.69820643202965 40.58680173605883 22.66378896410421 25.17680547058386 14.458872450441039 18.83532501716855 6.064013637949025 9.034046404674026 25.66720525277791 13.503850115272302 17.311895858884707 7.698782896483962 11.32108638190525 27.199311962204476 4.938585248670844 13.071674292151467 8.619261767541673 -0.8546504820697882 1.294838813419902 -2.2149391625429593 6.838779867143483
16.65330661322645 16.51689165104461 7.6350628378453145 11.110133615883164 9.142209804379178 4.1118727893200635 5.529548754167184 20.05679822760908 26.715742325504 40.604337629533184 22.681324857578556 25.194341364058207 14.476408343915395 18.85286091064289 6.081549531423364 9.051582298148364 25.684741146252257 13.52138600874664 17.329431752359046 7.7163187899583185 11.338622275379606 27.216847855678825 4.9561211421452 13.089210185625806 8.636797661016029 -0.8371145885954319 1.3123747068942584 -2.197403269068603 6.856315760617839
16.713426853707414 16.53437063555323 7.652541822353953 11.127612600391785 9.159688788887816 4.1293517738286845 5.547027738675823 20.074277212117718 26.73322131001263 40.62181661404181 22.698803842087187 25.21182034856684 14.493887328424016 18.870339895151528 6.099028515932003 9.069061282657003 25.702220130760885 13.538864993255261 17.346910736867684 7.7337977744669395 11.356101259888227 27.234326840187457 4.973600126653821 13.106689170134445 8.65427664552465 -0.8196356040868109 1.3298536914028793 -2.179924284559982 6.87379474512646
16.773547094188377 16.55179306522763 7.669964252028354 11.145035030066204 9.177111218562217 4.146774203503085 5.564450168350223 20.09169964179212 26.75064373968703 40.63923904371621 22.716226271761588 25.22924277824124 14.511309758098417 18.88776232482593 6.116450945606403 9.086483712331404 25.71964256043529 13.55628742292968 17.364333166542085 7.75122020414134 11.373523689562628 27.251749269861854 4.991022556328222 13.124111599808845 8.67169907519905 -0.8022131744123924 1.3472761210772801 -2.162501854885581 6.891217174800861
16.83366733466934 16.569159283720083 7.687330470520806 11.162401248558638 9.194477437054669 4.164140421995537 5.581816386842675 20.10906586028457 26.768009958179483 40.656605262208664 22.73359249025404 25.24660899673369 14.528675976590868 18.90512854331838 6.133817164098855 9.103849930823856 25.737008778927738 13.573653641422132 17.381699385034537 7.768586422633792 11.39088990805508 27.26911548835431 5.0083887748206735 13.141477818301297 8.689065293691502 -0.7848469559199407 1.3646423395697318 -2.1451356363931295 6.908583393293313
16.8937875751503 16.58646963929124 7.704640826091946 11.179711604129796 9.21178779262581 4.181450777566695 5.599126742413816 20.12637621585573 26.78532031375064 40.67391561777981 22.75090284582519 25.263919352304843 14.545986332162027 18.92243889888952 6.1511275196700135 9.121160286394996 25.75431913449889 13.590963996993272 17.399009740605678 7.78589677820495 11.408200263626238 27.286425843925464 5.025699130391832 13.158788173872438 8.706375649262661 -0.7675366003488 1.3819526951408903 -2.127825280821971 6.925893748864471
16.95390781563126 16.603724469657468 7.721895656458191 11.196966434496023 9.229042622992054 4.198705607932922 5.61638157278006 20.143631046221955 26.802575144116865 40.69117044814604 22.768157676191425 25.281174182671077 14.563241162528254 18.939693729255765 6.16838235003624 9.13841511676124 25.771573964865127 13.608218827359499 17.416264570971904 7.803151608571177 11.425455093992465 27.30368067429169 5.042953960758059 13.176043004238682 8.723630479628888 -0.7502817699825732 1.399207525507117 -2.1105704504557443 6.943148579230698
17.014028056112224 16.62092411169784 7.739095298498562 11.214166076536412 9.246242265032425 4.215905249973311 5.633581214820431 20.160830688262326 26.819774786157247 40.70837009018642 22.785357318231807 25.298373824711458 14.580440804568642 18.956893371296136 6.185581992076611 9.155614758801612 25.788773606905494 13.625418469399888 17.433464213012293 7.820351250611548 11.442654736032836 27.320880316332072 5.060153602798447 13.193242646279053 8.740830121669259 -0.7330821279421846 1.4164071675475056 -2.0933708084153557 6.9603482212710865
17.074148296593187 16.638068899160654 7.756240085961377 11.231310863999227 9.26338705249524 4.233050037436126 5.650726002283246 20.17797547572514 26.83691957362006 40.72551487764923 22.802502105694618 25.315518612174262 14.597585592031457 18.97403815875895 6.202726779539426 9.172759546264427 25.805918394368312 13.642563256862703 17.450609000475108 7.837496038074363 11.45979952349565 27.338025103794887 5.0772983902612445 13.210387433741868 8.757974909132074 -0.7159373404793696 1.4335519550103206 -2.0762260209525585 6.9774930087339015
17.13426853707415 16.655159169172897 7.77333035597362 11.24840113401147 9.280477322507483 4.250140307448369 5.6678162722954895 20.195065745737384 26.854009843632305 40.74260514766148 22.819592375706865 25.332608882186516 14.6146758620437 18.991128428771194 6.219817049551669 9.18984981627667 25.823008664380552 13.659653526874946 17.46769927048735 7.854586308086606 11.476889793507894 27.35511537380713 5.094388660273506 13.227477703754111 8.775065179144317 -0.6988470704671264 1.450642225022564 -2.0591357509402974 6.994583278746145
17.19438877755511 16.672195247052546 7.790366433853251 11.2654372118911 9.297513400387114 4.267176385328 5.68485235017512 20.212101823617015 26.871045921511936 40.75964122554112 22.836628453586496 25.349644960066147 14.631711939923331 19.008164506650825 6.2368531274313 9.2068858941563 25.840044742260194 13.676689604754577 17.484735348366982 7.871622385966255 11.493925871387543 27.37215145168676 5.111424738153136 13.244513781633742 8.792101257023965 -0.6818109925874956 1.4676783029021947 -2.0420996730606666 7.011619356625776
17.25450901803607 16.68917745572985 7.807348642530574 11.282419420568406 9.314495609064437 4.284158594005305 5.701834558852443 20.229084032294338 26.888028130189248 40.77662343421842 22.853610662263808 25.36662716874346 14.648694148600637 19.025146715328148 6.253835336108623 9.223868102833624 25.8570269509375 13.693671813431882 17.501717557044287 7.88860459464356 11.510908080064848 27.389133660364074 5.128406946830442 13.261495990311047 8.80908346570127 -0.6648287839101903 1.4846605115795 -2.0251174643833614 7.028601565303081
17.314629258517034 16.70610612498022 7.824277311780943 11.299348089818775 9.331424278314806 4.301087263255674 5.718763228102812 20.246012701544707 26.904956799439617 40.79355210346879 22.870539331514177 25.38355583799383 14.665622817851006 19.042075384578517 6.270764005358992 9.240796772083993 25.873955620187868 13.710600482682251 17.518646226294656 7.905533263893929 11.527836749315217 27.406062329614443 5.145335616080811 13.278424659561416 8.82601213495164 -0.6479001146598213 1.501589180829869 -2.0081887951329924 7.04553023455345
17.374749498997996 16.722981574189983 7.841152760990706 11.316223539028556 9.34829972752457 4.317962712465455 5.735638677312576 20.26288815075447 26.92183224864939 40.81042755267856 22.887414780723947 25.4004312872036 14.682498267060787 19.05895083378828 6.2876394545687555 9.257672221293756 25.890831069397642 13.727475931892032 17.535521675504437 7.922408713103692 11.54471219852498 27.422937778824217 5.162211065290592 13.295300108771198 8.842887584161403 -0.6310246654500402 1.51846463003965 -1.991313345923229 7.062405683763231
17.43486973947896 16.739804119917636 7.857975306718359 11.333046084756209 9.365122273252222 4.334785258193108 5.752461223040228 20.279710696482123 26.938654794377044 40.82725009840622 22.904237326451593 25.417253832931245 14.699320812788422 19.075773379515933 6.304462000296408 9.274494767021409 25.90765361512529 13.744298477619685 17.55234422123209 7.939231258831345 11.561534744252633 27.43976032455187 5.179033611018227 13.31212265449885 8.859710129889056 -0.6142021197223875 1.5352871757673028 -1.9744908001955763 7.079228229490866
17.494989979959918 16.756574078175692 7.874745264976397 11.349816043014247 9.38189223151026 4.351555216451146 5.769231181298267 20.29648065474016 26.955424752635082 40.84402005666426 22.921007284709642 25.434023791189293 14.716090771046478 19.09254333777397 6.3212319585544465 9.291264725279447 25.92442357338334 13.761068435877723 17.56911417949013 7.956001217089401 11.578304702510689 27.456530282809908 5.195803569276283 13.328892612756889 8.876480088147112 -0.5974321614643492 1.552057134025341 -1.9577208419375203 7.095998187748922
17.55511022044088 16.773291761274862 7.891462948075585 11.366533726113435 9.398609914609448 4.368272899550334 5.785948864397454 20.31319833783935 26.97214243573427 40.860737739763444 22.93772496780882 25.45074147428847 14.732808454145648 19.10926102087316 6.337949641653634 9.307982408378635 25.941141256482517 13.77778611897691 17.585831862589316 7.972718900188571 11.595022385609859 27.473247965909096 5.212521252375453 13.345610295856076 8.893197771246282 -0.5807144783651614 1.5687748171245288 -1.9410031588383503 7.112715870848092
17.615230460921843 16.78995748206132 7.9081286688620445 11.383199446899877 9.41527563539589 4.384938620336776 5.802614585183914 20.3298640586258 26.98880815652072 40.87740346054989 22.95439068859527 25.467407195074923 14.749474174932107 19.1259267416596 6.354615362440094 9.324648129165077 25.95780697726897 13.794451839763353 17.602497583375758 7.989384620975031 11.611688106396318 27.489913686695544 5.229186973161912 13.362276016642518 8.909863492032741 -0.5640487575787196 1.5854405379109706 -1.9243374380518907 7.1293815916345515
17.675350701402806 16.80657154730941 7.924742734110133 11.399813512147983 9.431889700643996 4.401552685584864 5.819228650432002 20.346478123873897 27.00542222176881 40.89401752579799 22.971004753843367 25.48402126032302 14.766088240180196 19.142540806907707 6.371229427688182 9.341262194413183 25.974421042517065 13.811065905011459 17.619111648623864 8.00599868622312 11.628302171644407 27.506527751943636 5.245801038410001 13.378890081890624 8.92647755728083 -0.5474346923306135 1.6020546031590768 -1.9077233728038023 7.14599565688264
17.73547094188377 16.82313425878835 7.941305445589055 11.416376223626905 9.448452412122919 4.418115397063804 5.835791361910925 20.363040835352827 27.02198493324774 40.910580237276925 22.987567465322297 25.500583971801948 14.782650951659136 19.15910351838663 6.387792139167122 9.357824905892105 25.990983753995998 13.827628616490381 17.635674360102787 8.02256139770206 11.644864883123347 27.523090463422566 5.262363749888941 13.395452793369547 8.94304026875977 -0.5308719808516911 1.6186173146379992 -1.8911606613248622 7.16255836836158
