web/models/kne/43/mosfit_kn_0.005245_0.0300_0.5000.dat
# %ECSV 1.0
# ---
# datatype:
# - {name: time, datatype: float64}
# - {name: PS1_g, datatype: float64}
# - {name: PS1_i, datatype: float64}
# - {name: PS1_r, datatype: float64}
# - {name: PS1_w, datatype: float64}
# - {name: PS1_y, datatype: float64}
# - {name: PS1_z, datatype: float64}
# - {name: swift_uvot_B, datatype: float64}
# - {name: swift_uvot_U, datatype: float64}
# - {name: swift_uvot_uvm2, datatype: float64}
# - {name: swift_uvot_uvw1, datatype: float64}
# - {name: swift_uvot_uvw2, datatype: float64}
# - {name: swift_uvot_V, datatype: float64}
# - {name: johnson_B, datatype: float64}
# - {name: johnson_I, datatype: float64}
# - {name: johnson_R, datatype: float64}
# - {name: johnson_U, datatype: float64}
# - {name: johnson_V, datatype: float64}
# - {name: sdss_g, datatype: float64}
# - {name: sdss_i, datatype: float64}
# - {name: sdss_r, datatype: float64}
# - {name: sdss_u, datatype: float64}
# - {name: sdss_z, datatype: float64}
# - {name: ATLAS_c, datatype: float64}
# - {name: ATLAS_o, datatype: float64}
# - {name: ukirt_H, datatype: float64}
# - {name: ukirt_J, datatype: float64}
# - {name: ukirt_K, datatype: float64}
# - {name: Clear, datatype: float64}
# meta: !!omap
# - comment: [kappa = 0.5, type = rprocess, mass = 0.005244756555828381, velocity = 0.030000000000000023, theta_obs = 0.0, tfloor = 1000.0]
# schema: astropy-2.0
time PS1_g PS1_i PS1_r PS1_w PS1_y PS1_z swift_uvot_B swift_uvot_U swift_uvot_uvm2 swift_uvot_uvw1 swift_uvot_uvw2 swift_uvot_V johnson_B johnson_I johnson_R johnson_U johnson_V sdss_g sdss_i sdss_r sdss_u sdss_z ATLAS_c ATLAS_o ukirt_H ukirt_J ukirt_K Clear
[from data line 463]
27.895791583166332 9.423332573784151 0.5415037605848738 4.016574538622706 2.0486507271187193 -2.981686287940395 -1.5640103230932567 12.963239150348638 19.62218324824355 33.51077855227272 15.587765780318108 18.10078228679776 7.382849266654936 11.759301833382448 -1.0120095458370768 1.9580232208879231 18.5911820689918 6.427826931486183 10.235872675098587 0.6227597126978601 4.245063198119148 20.123288778418367 -2.1374379351152584 5.995651108365347 1.5432385837555707 -7.930673665855891 -5.7811843703662 -9.290962346329062 -0.2372433166426191
27.955911823647295 9.427759041651012 0.5459302284517342 4.021001006489584 2.0530771949855975 -2.9772598200735167 -1.5595838552263963 12.967665618215499 19.62660971611042 33.51520502013959 15.592192248184968 18.10520875466462 7.387275734521814 11.763728301249309 -1.0075830779702164 1.9624496887547835 18.595608536858677 6.432253399353061 10.240299142965466 0.6271861805647383 4.249489665986008 20.127715246285245 -2.13301146724838 6.000077576232226 1.547665051622431 -7.926247197989013 -5.776757902499321 -9.286535878462184 -0.23281684877574094
28.016032064128254 9.432177018335661 0.5503482051363839 4.025418983174234 2.057495171670247 -2.972841843388867 -1.5551658785417466 12.972083594900148 19.63102769279507 33.51962299682424 15.596610224869618 18.10962673134927 7.391693711206464 11.768146277933958 -1.0031651012855667 1.9668676654394333 18.600026513543327 6.436671376037711 10.244717119650115 0.6316041572493702 4.253907642670658 20.132133222969895 -2.1285934905637305 6.004495552916875 1.5520830283070808 -7.921829221304363 -5.772339925814672 -9.282117901777534 -0.22839887209109122
28.076152304609217 9.436586537641567 0.5547577244422719 4.029828502480122 2.061904690976135 -2.968432324082979 -1.5507563592358586 12.976493114206036 19.635437212100957 33.52403251613013 15.601019744175506 18.114036250655158 7.3961032305123515 11.772555797239846 -0.9987555819796787 1.9712771847453212 18.604436032849215 6.441080895343599 10.249126638956003 0.636013676555276 4.258317161976546 20.136542742275783 -2.1241839712578425 6.008905072222763 1.5564925476129865 -7.917419701998475 -5.767930406508784 -9.277708382471646 -0.22398935278520327
28.13627254509018 9.440987630199 0.559158816999723 4.034229595037555 2.0663057835335863 -2.9640312315255457 -1.5463552666784075 12.980894206763487 19.639838304658397 33.52843360868758 15.605420836732957 18.11843734321261 7.400504323069785 11.776956889797297 -0.9943544894222276 1.9756782773027723 18.608837125406648 6.44548198790105 10.253527731513454 0.6404147691127093 4.262718254533997 20.140943834833234 -2.119782878700409 6.013306164780214 1.5608936401704199 -7.913018609441024 -5.76352931395135 -9.273307289914213 -0.2195882602277699
28.196392785571142 9.445380326918222 0.5635515137189451 4.038622291756795 2.0706984802528083 -2.9596385348063237 -1.5419625699591855 12.98528690348271 19.64423100137763 33.5328263054068 15.60981353345218 18.12283003993183 7.404897019789007 11.78134958651652 -0.9899617927030055 1.9800709740219944 18.61322982212587 6.449874684620272 10.257920428232676 0.6448074658319314 4.267110951253219 20.145336531552456 -2.115390181981187 6.0176988614994364 1.565286336889642 -7.908625912721802 -5.759136617232111 -9.26891459319499 -0.21519556350854785
28.256513026052104 9.449764657722213 0.5679358445229354 4.0430066225607675 2.075082811056781 -2.9552542040023333 -1.537578239155195 12.9896712342867 19.648615332181613 33.53721063621078 15.61419786425617 18.12721437073582 7.409281350592997 11.78573391732051 -0.9855774618990152 1.984455304825967 18.61761415292986 6.4542590154242445 10.262304759036649 0.6491917966359217 4.271495282057209 20.14972086235643 -2.1110058511771967 6.022083192303409 1.5696706676936323 -7.904241581917829 -5.754752286428138 -9.264530262391 -0.21081123270455748
28.316633266533064 9.454140651622307 0.5723118384230297 4.047382616460862 2.079458804956875 -2.950878210102239 -1.5332022452551008 12.994047228186794 19.652991326081704 33.54158663011088 15.618573858156264 18.131590364635915 7.4136573444930915 11.790109911220604 -0.9812014679989209 1.988831298726079 18.621990146829955 6.458635009324339 10.266680752936743 0.653567790536016 4.275871275957304 20.154096856256523 -2.1066298572771025 6.026459186203503 1.5740466615937265 -7.899865588017735 -5.750376292528044 -9.260154268490906 -0.20643523880446324
28.376753507014026 9.458508337782607 0.57667952458333 4.051750302621162 2.0838264911171933 -2.9465105239419387 -1.5288345590948005 12.998414914347094 19.657359012242004 33.545954316271185 15.622941544316564 18.135958050796216 7.418025030653392 11.794477597380904 -0.9768337818386206 1.9931989848863794 18.626357832990255 6.463002695484657 10.271048439097061 0.6579354766963164 4.280238962117604 20.15846454241684 -2.102262171116802 6.030826872363821 1.578414347754027 -7.895497901857435 -5.746008606367743 -9.255786582330606 -0.20206755264416287
28.43687374749499 9.46286774659848 0.5810389333992028 4.056109711437035 2.088185899933066 -2.942151115126066 -1.5244751502789278 13.002774323162967 19.661718421057877 33.55031372508706 15.627300953132437 18.14031745961209 7.422384439469265 11.798837006196777 -0.9724743730227479 1.997558393702252 18.630717241806128 6.467362104300512 10.275407847912934 0.6622948855121891 4.284598370933477 20.162823951232713 -2.0979027623009294 6.035186281179694 1.5827737565698996 -7.891138493041562 -5.741649197551871 -9.251427173514733 -0.19770814382829016
28.49699398797595 9.467218907969919 0.5853900947706236 4.0604608728084735 2.092537061304487 -2.9377999537546273 -1.5201239889075069 13.007125484534388 19.66606958242931 33.55466488645849 15.631652114503876 18.14466862098351 7.426735600840703 11.803188167568198 -0.968123211651327 2.0019095550736727 18.635068403177566 6.4717132656719505 10.279759009284355 0.6666460468836277 4.288949532304915 20.167175112604134 -2.0935516009294908 6.039537442551115 1.5871249179413383 -7.886787331670123 -5.737298036180432 -9.247076012143294 -0.1933569824568515
28.557114228456914 9.471561851355528 0.5897330381562504 4.0648038161941 2.0968800046901137 -2.9334570103690183 -1.51578104552188 13.011468427920015 19.670412525814925 33.559007829844106 15.635995057889485 18.149011564369136 7.431078544226312 11.807531110953825 -0.9637802682657002 2.0062524984592995 18.639411346563175 6.476056209057577 10.284101952669982 0.6709889902692368 4.293292475690524 20.17151805598976 -2.0892086575438817 6.043880385936742 1.5914678613269473 -7.882444388284497 -5.732955092794805 -9.242733068757685 -0.18901403907124248
28.617234468937873 9.475896604194887 0.5940677909956094 4.069138569033441 2.1012147575294726 -2.9291222575296594 -1.5114462926825212 13.015803180759374 19.674747278654287 33.563342582683454 15.640329810728844 18.153346317208495 7.435413297065671 11.811865863793184 -0.9594455154263413 2.0105872512986585 18.643746099402534 6.480390961896918 10.288436705509323 0.6753237431085957 4.297627228529883 20.17585280882912 -2.084873904704523 6.048215138776101 1.5958026141663062 -7.878109635445155 -5.728620339955464 -9.238398315918326 -0.18467928623188357
28.677354709418836 9.48022319449775 0.5983943812984549 4.073465159336305 2.105541347832318 -2.924795667226796 -1.5071197023796756 13.020129771062237 19.679073868957147 33.56766917298632 15.644656401031707 18.15767290751136 7.4397398873685345 11.81619245409603 -0.955118925123478 2.014913841601504 18.648072689705398 6.484717552199782 10.292763295812186 0.679650333411459 4.301953818832747 20.180179399131966 -2.0805473144016595 6.052541729078946 1.6001292044691695 -7.873783045142292 -5.724293749652601 -9.234071725615463 -0.18035269592902026
28.7374749498998 9.48454165346055 0.6027128402612725 4.0777836182991045 2.1098598067951357 -2.9204772082639963 -1.502801243416858 13.024448230025037 19.683392327919947 33.57198763194913 15.648974859994507 18.161991366474158 7.444058346331334 11.820510913058847 -0.9508004661606781 2.0192323005643216 18.652391148668197 6.4890360111625816 10.297081754775004 0.6839687923742588 4.306272277795546 20.184497858094783 -2.0762288554388597 6.056860188041764 1.6044476634319693 -7.869464586179492 -5.719975290689801 -9.229753266652663 -0.17603423696622045
28.79759519038076 9.488852011556261 0.6070231983569663 4.082093976394816 2.1141701648908295 -2.9161668501682847 -1.4984908853211643 13.02875858812073 19.68770268601565 33.57629799004483 15.653285218090218 18.16630172456987 7.448368704427046 11.82482127115454 -0.9464901080649666 2.0235426586600154 18.65670150676391 6.493346369258293 10.301392112870698 0.6882791504699703 4.310582635891258 20.188808216190477 -2.071918497343148 6.061170546137458 1.6087580215276809 -7.865154228083781 -5.715664932594089 -9.225442908556952 -0.17172387887050888
28.857715430861724 9.493154296299018 0.6113254830997406 4.086396261137573 2.118472449633586 -2.911864565425528 -1.49418860057839 13.033060872863505 19.69200497075842 33.58060027478759 15.657587502832975 18.170604009312626 7.452670989169802 11.829123555897315 -0.9421878233222101 2.0278449434027896 18.661003791506666 6.49764865400105 10.305694397613454 0.6925814352127269 4.3148849206340145 20.193110500933233 -2.0676162126003916 6.065472830880214 1.6130603062704374 -7.860851943341024 -5.711362647851333 -9.221140623814195 -0.16742159412775237
28.917835671342683 9.497448532816843 0.6156197196175484 4.090690497655398 2.1227666861514116 -2.9075703289077026 -1.4898943640605822 13.037355109381313 19.696299207276233 33.584894511305414 15.6618817393508 18.174898245830434 7.456965225687628 11.833417792415123 -0.9378935868044023 2.0321391799205974 18.66529802802449 6.501942890518875 10.30998863413128 0.6968756717305524 4.319179157151822 20.19740473745106 -2.063321976082566 6.06976706739804 1.617354542788263 -7.856557706823199 -5.707068411333507 -9.21684638729637 -0.1631273576099268
28.977955911823646 9.501734749252737 0.619905936053442 4.094976714091292 2.1270529025873053 -2.903284112471809 -1.4856081476246885 13.041641325817206 19.700585423712127 33.5891807277413 15.666167955786676 18.179184462266328 7.461251442123522 11.837704008851016 -0.9336073703685086 2.036425396356491 18.669584244460385 6.506229106954769 10.314274850567173 0.7011618881664461 4.323465373587716 20.201690953886953 -2.0590357596466724 6.074053283833933 1.6216407592241566 -7.852271490387305 -5.702782194897614 -9.212560170860476 -0.15884114117403314
29.03807615230461 9.506012972111773 0.6241841589124952 4.099254936950345 2.1313311254463585 -2.8990058896127557 -1.4813299247656353 13.04591954867626 19.70486364657118 33.59345895060035 15.67044617864573 18.18346268512538 7.465529664982575 11.84198223171007 -0.9293291475094554 2.0407036192155443 18.673862467319438 6.510507329813822 10.318553073426227 0.7054401110254815 4.327743596446769 20.205969176746006 -2.054757536787637 6.078331506692987 1.625918982083192 -7.847993267528252 -5.69850397203856 -9.20828194800144 -0.15456291831497992
29.09819639278557 9.51028323115155 0.6284544179522733 4.103525195990105 2.135601384486119 -2.8947356305729954 -1.4770596657258572 13.050189807716038 19.709133905610948 33.59772920964012 15.674716437685507 18.18773294416516 7.469799924022335 11.846252490749848 -0.9250588884696773 2.0449738782553224 18.6781327263592 6.514777588853582 10.322823332465987 0.7097103700652596 4.332013855486547 20.210239435785773 -2.050487277747859 6.082601765732747 1.6301892411229701 -7.8437230084884915 -5.6942337129988 -9.204011688961662 -0.15029265927521962
29.158316633266534 9.514545557540472 0.6327167443411952 4.107787522379045 2.1398637108750584 -2.890473304184056 -1.4727973393369354 13.05445213410496 19.71339623199988 33.601991536029054 15.67897876407443 18.19199527055408 7.474062250411275 11.85051481713877 -0.9207965620807554 2.0492362046442443 18.682395052748138 6.519039915242522 10.327085658854926 0.7139726964541993 4.336276181875469 20.214501762174706 -2.0462249513589192 6.0868640921216866 1.634451567511892 -7.839460682099552 -5.6899713866098605 -9.199749362572723 -0.14603033288627998
29.218436873747493 9.51879997398379 0.6369711607845119 4.112041938822362 2.144118127318375 -2.886218887740757 -1.4685429228936187 13.058706550548276 19.71765064844319 33.60624595247237 15.683233180517746 18.196249686997398 7.478316666854574 11.854769233582086 -0.9165421456374387 2.053490621087561 18.686649469191437 6.523294331685839 10.331340075298243 0.7182271128974982 4.340530598318786 20.218756178618015 -2.0419705349156203 6.091118508565003 1.6387059839552087 -7.835206265656235 -5.6857169701665615 -9.195494946129424 -0.14177591644298104
29.278557114228455 9.523046506823594 0.6412176936243164 4.116288471662166 2.1483646601581796 -2.8819723549009524 -1.4642963900538142 13.06295308338808 19.72189718128299 33.61049248531217 15.68747971335755 18.200496219837202 7.482563199694378 11.85901576642189 -0.9122956127976343 2.0577371539273654 18.69089600203124 6.527540864525643 10.335586608138048 0.7224736457373027 4.34477713115859 20.223002711457816 -2.037724002075816 6.095365041404808 1.6429525167950132 -7.830959732816431 -5.681470437326757 -9.19124841328962 -0.13752938360317657
29.338677354709418 9.527285188779224 0.645456375579947 4.120527153617779 2.15260334211381 -2.877733672945322 -1.4600577080981836 13.067191765343711 19.726135863238625 33.6147311672678 15.691718395313181 18.204734901792833 7.486801881650009 11.863254448377521 -0.9080569308420037 2.061975835882996 18.695134683986872 6.531779546481256 10.339825290093678 0.7267123276929333 4.349015813114221 20.22724139341345 -2.0334853201201852 6.099603723360438 1.6471911987506438 -7.826721050860818 -5.6772317553711265 -9.187009731333989 -0.13329070164754597
29.39879759519038 9.531516042628727 0.6496872294294498 4.1247580074673 2.156834195963313 -2.873502819095801 -1.4558268542486807 13.071422619193214 19.730366717088135 33.618962021117305 15.695949249162684 18.208965755642335 7.491032735499529 11.867485302227024 -0.9038260769925008 2.066206689732499 18.699365537836393 6.536010400330777 10.344056143943181 0.7309431815424361 4.353246666963724 20.23147224726296 -2.0292544662706824 6.103834577209941 1.6514220526001466 -7.822490197011297 -5.673000901521606 -9.182778877484486 -0.12905984779804314
29.458917835671343 9.53573909430835 0.6539102811090736 4.128981059146923 2.161057247642937 -2.869279767416195 -1.451603802569057 13.075645670872838 19.734589768767748 33.62318507279693 15.700172300842308 18.21318880732196 7.495255787179135 11.871708353906648 -0.8996030253128771 2.0704297414121227 18.703588589516 6.5402334520104 10.348279195622805 0.7351662332220599 4.3574697186433475 20.235695298942574 -2.0250314145910586 6.108057628889565 1.6556451042797704 -7.818267145331673 -5.668777849841982 -9.178555825804862 -0.12483679611841936
29.519038076152302 9.53995437129711 0.6581255580978329 4.133196336135665 2.1652725246316784 -2.865064490427436 -1.4473885255802976 13.079860947861597 19.738805045756507 33.62740034978568 15.704387577831067 18.21740408431072 7.499471064167895 11.875923630895407 -0.8953877483241177 2.074645018400882 18.707803866504758 6.544448728999142 10.352494472611546 0.7393815102108192 4.361684995632107 20.239910575931333 -2.0208161376022993 6.1122729058783065 1.6598603812685297 -7.814051868342932 -5.6645625728532405 -9.174340548816103 -0.12062151912966002
