web/models/kne/43/mosfit_kn_0.009764_0.2023_0.5000.dat
# %ECSV 1.0
# ---
# datatype:
# - {name: time, datatype: float64}
# - {name: PS1_g, datatype: float64}
# - {name: PS1_i, datatype: float64}
# - {name: PS1_r, datatype: float64}
# - {name: PS1_w, datatype: float64}
# - {name: PS1_y, datatype: float64}
# - {name: PS1_z, datatype: float64}
# - {name: swift_uvot_B, datatype: float64}
# - {name: swift_uvot_U, datatype: float64}
# - {name: swift_uvot_uvm2, datatype: float64}
# - {name: swift_uvot_uvw1, datatype: float64}
# - {name: swift_uvot_uvw2, datatype: float64}
# - {name: swift_uvot_V, datatype: float64}
# - {name: johnson_B, datatype: float64}
# - {name: johnson_I, datatype: float64}
# - {name: johnson_R, datatype: float64}
# - {name: johnson_U, datatype: float64}
# - {name: johnson_V, datatype: float64}
# - {name: sdss_g, datatype: float64}
# - {name: sdss_i, datatype: float64}
# - {name: sdss_r, datatype: float64}
# - {name: sdss_u, datatype: float64}
# - {name: sdss_z, datatype: float64}
# - {name: ATLAS_c, datatype: float64}
# - {name: ATLAS_o, datatype: float64}
# - {name: ukirt_H, datatype: float64}
# - {name: ukirt_J, datatype: float64}
# - {name: ukirt_K, datatype: float64}
# - {name: Clear, datatype: float64}
# meta: !!omap
# - comment: [kappa = 0.5, type = rprocess, mass = 0.009763877790252312, velocity = 0.20233333333333337, theta_obs = 0.0, tfloor = 1000.0]
# schema: astropy-2.0
time PS1_g PS1_i PS1_r PS1_w PS1_y PS1_z swift_uvot_B swift_uvot_U swift_uvot_uvm2 swift_uvot_uvw1 swift_uvot_uvw2 swift_uvot_V johnson_B johnson_I johnson_R johnson_U johnson_V sdss_g sdss_i sdss_r sdss_u sdss_z ATLAS_c ATLAS_o ukirt_H ukirt_J ukirt_K Clear
[from data line 86]
5.2304609218436875 4.676691812643483 -3.3467387606952137 -0.21029842913630858 -1.873789428694188 -6.497077374221973 -5.2379189801138 7.871577120053964 13.771022032760971 26.783670706330607 10.779147660517108 13.111082342729429 2.7866068429852815 6.867873557401719 -4.773964580986237 -1.989285721562635 12.870666112729293 2.0017846341310657 5.413107252827416 -3.2730706876145277 -0.018328020767413022 14.304826701651265 -5.725577279213621 1.6402372934669707 -2.3777172273982927 -10.839145957746863 -8.964019650648998 -12.000361396381203 -3.8642186176291027
5.290581162324649 4.953252648565982 -3.1661692621650417 0.00822779706471266 -1.6890506431024477 -6.35826504691364 -5.081421815809026 8.186726881656384 14.17080564933249 27.283100538419436 11.06393687638473 13.415170839103428 3.046248843835861 7.161307591040643 -4.607430843408934 -1.8011137965848547 13.256147434221155 2.243250509717341 5.698230726910243 -3.091622117267523 0.2042100566018945 14.701091501644523 -5.578348779975322 1.8732449029370635 -2.1931007663559043 -10.768072324630998 -8.862280774395044 -11.951505133397385 -3.7121022607565024
5.350701402805611 5.229679235643125 -2.985579803495444 0.22669004735643483 -1.5043920689404722 -6.219350857512964 -4.92484019901644 8.501680522763742 14.570336268613513 27.781644175444068 11.348224904984967 13.718987664435534 3.3058127978124103 7.4544043402811475 -4.44087711720882 -1.613191550340958 13.64132187685837 2.4844501794024536 5.983194383604005 -2.91016248002558 0.4266972868334129 15.0970762029457 -5.431101749726555 2.106134508418638 -2.0085749019846766 -10.696825189664024 -8.760411876161383 -11.90245293379723 -3.560122124984293
5.410821643286573 5.506159688067367 -2.8048456686348366 0.4452384222870265 -1.3196828666205818 -6.080237269057616 -4.768065208223966 8.816650823979078 14.969880459683615 28.27965755291714 11.632218864398194 14.022742108834084 3.565473829979939 7.74736557226921 -4.274187530141012 -1.4253854714409655 14.02644661793613 2.725548333587809 6.26819171201678 -2.7285665432458117 0.6492856831712857 15.493044289450406 -5.283733238428869 2.339067649771067 -1.824009068699155 -10.625349667726647 -8.6583386813394 -11.853163560387186 -3.4081670797203145
5.4709418837675345 5.782687855535418 -2.6239744009613553 0.6638662465015344 -1.1349273094783108 -5.940932063907862 -4.611104645231574 9.13163142211826 15.36943104374581 28.77715721000254 11.91592574085659 14.326431268569536 3.8252238081837993 8.040187823393886 -4.107369421994483 -1.23769932022632 14.411514331333002 2.9665380898100606 6.55321640680576 -2.5468419007719945 0.8719679147796455 15.888987807010526 -5.13625105597546 2.5720396289922576 -1.6394076937294066 -10.553652528454476 -8.556068333513432 -11.803643130786517 -3.256240120603735
5.531062124248497 6.059263261305556 -2.4429695576445454 0.8825715041072257 -0.9501257424510356 -5.801439806930784 -4.453962767339714 9.446622350234708 15.768988771122565 29.274168245007072 12.199357884827418 14.630058280660553 4.0850600452599 8.33287357404117 -3.940426406098193 -1.0501327782088345 14.796525391371354 3.2074176867312003 6.838267990335076 -2.3649921422805953 1.0947413989486954 16.284906710843252 -4.9886596346763845 2.8050505673066084 -1.454771238589867 -10.481738592513848 -8.45360544740444 -11.753896249852305 -3.1043409453917192
5.591182364729459 6.335885471695111 -2.261834551744837 1.1013522887339988 -0.7652784949326374 -5.661764908359483 -4.296643680389245 9.761623685816534 16.168554391565504 29.770714578417593 12.482527242053454 14.933626188050187 4.34497998097689 8.625425304140158 -3.7733619492687174 -0.8626854307133172 15.181480208837701 3.448185506729689 7.123346022590642 -2.183020711727579 1.3176036759043441 16.680800999385088 -4.840963248484993 3.038100590767332 -1.2701001133248724 -10.409612528463315 -8.350954479193804 -11.703927390353302 -2.9524692557650845
5.651302605210421 6.612556888275609 -2.080570752779405 1.320209053807595 -0.5803839419955814 -5.521910110409536 -4.139149660848318 10.076638699526981 16.56813259419728 30.266823839560676 12.765448214380601 15.237140989516305 4.604983815947274 8.917848430940523 -3.6061776037869384 -0.6753548129250155 15.566383031870703 3.6888425278065133 7.408452972092281 -2.000929000241314 1.5405546971388162 17.076674617201455 -4.693164425805776 3.271192218420449 -1.0853927429888266 -10.337277967885077 -8.248118558201758 -11.653740213344078 -2.800623126091484
5.7114228456913825 6.889278930773877 -1.8991800934269598 1.539141527561636 -0.39544115377776023 -5.381878566879017 -3.981483459483197 10.391669549416587 16.967726630290105 30.762520800408343 13.048133767244945 15.540607486143148 4.865070904157533 9.210147286736628 -3.438875435621017 -0.488139101047971 15.951236751512237 3.9293889558114286 7.693590291249688 -1.818718963586523 1.7635936885680437 17.472530121649203 -4.54526613202443 3.504327100709297 -0.9006482181347408 -10.264738725841196 -8.14510109613117 -11.60333850590735 -2.6488012341672906
5.771543086172344 7.160989486118048 -1.7208393270812294 1.7542314509566204 -0.21369236054736618 -5.244029375606498 -3.82635341075936 10.700896062682535 17.359840160577455 31.248435464606626 13.325422692652005 15.838439199131656 5.120506178988832 9.496958745716345 -3.27435263350318 -0.3043198667781801 16.328838981325713 4.165483843820097 7.973529587432502 -1.6395833749682431 1.9827201104530445 17.86094569075228 -4.399781022781362 3.733308020699262 -0.7191045039105326 -10.193016753521976 -8.043527458032285 -11.553305433995165 -2.4995864043087224
5.831663326653306 7.18236575840308 -1.6994630547961975 1.7756077232416523 -0.19231608826233426 -5.2226531033214485 -3.804977138474328 10.722272334967567 17.381216432862487 31.269811736891658 13.346798964937037 15.859815471416688 5.141882451273864 9.518335018001377 -3.252976361218148 -0.2829435944931482 16.350215253610745 4.186860116105129 7.994905859717534 -1.6182071026832112 2.0040963827380764 17.882321963037313 -4.37840475049633 3.754684292984294 -0.6977282316255007 -10.171640481236944 -8.022151185747253 -11.531929161710133 -2.4782101320236904
5.891783567134269 7.203526760370167 -1.6783020528291104 1.7967687252087217 -0.17115508629526488 -5.201492101354379 -3.783816136507241 10.743433336934654 17.402377434829557 31.29097273885873 13.367959966904124 15.880976473383775 5.1630434532409515 9.539496019968464 -3.231815359251061 -0.26178259252606106 16.371376255577815 4.208021118072199 8.016066861684603 -1.597046100716124 2.0252573847051636 17.903482965004383 -4.357243748529243 3.7758452949513632 -0.6765672296584135 -10.150479479269874 -8.000990183780184 -11.510768159743046 -2.4570491300566033
5.95190380761523 7.224477296332914 -1.6573515168663633 1.8177192611714688 -0.15020455033251778 -5.180541565391632 -3.762865600544494 10.764383872897401 17.423327970792304 31.311923274821485 13.388910502866871 15.901927009346522 5.183993989203699 9.560446555931211 -3.210864823288314 -0.24083205656331397 16.39232679154056 4.228971654034946 8.03701739764735 -1.576095564753377 2.0462079206679107 17.92443350096713 -4.3362932125664955 3.7967958309141103 -0.6556166936956664 -10.129528943307127 -7.980039647817437 -11.489817623780299 -2.436098594093856
6.012024048096192 7.245222088504288 -1.636606724694989 1.8384640533428431 -0.12945975816112565 -5.159796773220258 -3.7421208083731194 10.785128665068775 17.444072762963696 31.332668066992863 13.409655295038245 15.922671801517897 5.204738781375073 9.581191348102585 -3.1901200311169395 -0.2200872643919396 16.413071583711936 4.24971644620632 8.057762189818742 -1.5553507725820026 2.066952712839285 17.94517829313852 -4.315548420395121 3.8175406230855025 -0.6348719015242921 -10.108784151135753 -7.959294855646062 -11.469072831608925 -2.415353801922482
6.072144288577154 7.265765615098392 -1.6160631981008855 1.8590075799369643 -0.10891623156702224 -5.1392532466261365 -3.721577281779016 10.805672191662879 17.4646162895578 31.353211593586966 13.430198821632349 15.943215328112 5.225282307969194 9.601734874696689 -3.169576504522836 -0.19954373779783618 16.433615110306057 4.270259972800441 8.078305716412846 -1.5348072459878992 2.0874962394333885 17.965721819732625 -4.295004893801 3.838084149679606 -0.6143283749301887 -10.088240624541632 -7.938751329051941 -11.448529305014803 -2.3948102753283607
6.132264529058116 7.286112296515288 -1.595716516684007 1.8793542613538428 -0.08856955015014378 -5.118906565209258 -3.7012306003621376 10.826018873079757 17.484962970974678 31.373558275003855 13.450545503049245 15.963562009528896 5.245628989386073 9.622081556113567 -3.1492298231059577 -0.17919705638095773 16.453961791722936 4.29060665421732 8.098652397829724 -1.514460564571003 2.1078429208502847 17.986068501149504 -4.2746582123841215 3.8584308310964843 -0.5939816935132924 -10.067893943124753 -7.918404647635063 -11.428182623597925 -2.374463593911482
6.192384769539078 7.306266246495046 -1.5755625667042317 1.8995082113336181 -0.0684156001703684 -5.0987526152295 -3.681076650382362 10.846172823059533 17.505116920954453 31.39371222498362 13.470699453029003 15.983715959508654 5.26578293936583 9.642235506093343 -3.1290758731261823 -0.15904310640118235 16.47411574170271 4.310760604197095 8.1188063478095 -1.4943066145912454 2.1279968708300423 18.00622245112928 -4.254504262404364 3.8785847810762597 -0.5738277435335348 -10.047739993144978 -7.898250697655287 -11.408028673618167 -2.3543096439317246
6.25250501002004 7.326231603418503 -1.5555972097807924 1.9194735682570574 -0.04845024324692915 -5.078787258306043 -3.661111293458923 10.866138179982972 17.525082277877893 31.413677581907063 13.490664809952442 16.003681316432093 5.285748296289287 9.662200863016782 -3.109110516202743 -0.1390777494777431 16.49408109862615 4.330725961120534 8.138771704732939 -1.4743412576677883 2.1479622277534816 18.02618780805272 -4.234538905480907 3.898550137999699 -0.5538623866100778 -10.027774636221539 -7.878285340731848 -11.38806331669471 -2.3343442870082676
6.312625250501002 7.346025439680144 -1.5358033735191512 1.9392674045186986 -0.02865640698528793 -5.058993422044402 -3.6413174571972817 10.885932016244613 17.544876114139534 31.433471418168704 13.510458646214083 16.023475152693734 5.305542132550928 9.681994699278423 -3.089316679941102 -0.11928391321610188 16.51387493488779 4.350519797382176 8.15856554099458 -1.4545474214061471 2.1677560640151228 18.04598164431436 -4.214745069219266 3.91834397426134 -0.5340685503484366 -10.007980799959897 -7.858491504470207 -11.368269480433069 -2.3145504507466264
6.372745490981964 7.365618351009342 -1.5162104621899353 1.9588603158479145 -0.009063495656072007 -5.039400510715186 -3.621724545868066 10.905524927573829 17.56446902546875 31.453064329497916 13.530051557543299 16.04306806402295 5.325135043880144 9.701587610607639 -3.069723768611886 -0.09969100188688595 16.533467846217007 4.370112708711392 8.178158452323796 -1.434954510076949 2.1873489753443387 18.065574555643575 -4.1951521578900675 3.937936885590556 -0.5144756390192384 -9.988387888630681 -7.838898593140991 -11.348676569103871 -2.294957539417428
6.432865731462925 7.38503732246663 -1.4967914907326474 1.9782792873052024 0.010355475801215874 -5.019981539257916 -3.602305574410778 10.924943899031117 17.583887996926038 31.472483300955208 13.549470529000587 16.06248703548024 5.3445540153374145 9.721006582064927 -3.050304797154598 -0.08027203042959807 16.552886817674278 4.3895316801686795 8.197577423781084 -1.415535538619661 2.2067679468016266 18.084993527100863 -4.17573318643278 3.957355857047844 -0.49505666756195055 -9.968968917173394 -7.819479621683703 -11.329257597646583 -2.2755385679601403
6.492985971943887 7.404284252136293 -1.4775445610629845 1.9975262169748476 0.02960240547087878 -5.000734609588253 -3.583058644741115 10.94419082870078 17.6031349265957 31.49173023062487 13.56871745867025 16.0817339651499 5.363800945007077 9.74025351173459 -3.031057867484935 -0.06102510075993517 16.57213374734394 4.408778609838325 8.216824353450747 -1.3962886089499982 2.2260148764712895 18.104240456770526 -4.156486256763117 3.976602786717507 -0.47580973789228764 -9.949721987503748 -7.800232692014058 -11.31001066797692 -2.2562916382904774
6.55310621242485 7.423361628510801 -1.4584671846884945 2.0166035933493554 0.04867978184536881 -4.981657233213745 -3.563981268366625 10.96326820507527 17.62221230297019 31.51080760699936 13.58779483504474 16.10081134152439 5.382878321381585 9.75933088810908 -3.011980491110445 -0.04194772438544514 16.59121112371845 4.427855986212832 8.235901729825237 -1.3772112325754904 2.2450922528457795 18.123317833145016 -4.137408880388609 3.995680163091997 -0.45673236151777985 -9.93064461112924 -7.78115531563955 -11.290933291602412 -2.2372142619159696
6.613226452905812 7.442272367437468 -1.4395564457618093 2.0355143322760405 0.06759052077205396 -4.96274649428706 -3.54507052943994 10.982178944001955 17.641123041896876 31.529718345926046 13.606705573971425 16.119722080451076 5.40178906030827 9.778241627035765 -2.99306975218376 -0.023036985458759984 16.610121862645133 4.4467667251395175 8.254812468751922 -1.358300493648823 2.2640029917724647 18.1422285720717 -4.1184981414619415 4.014590902018682 -0.43782162259111246 -9.911733872202555 -7.762244576712865 -11.272022552675745 -2.2183035229893022
6.673346693386773 7.4610194312719536 -1.4208093819273238 2.0542613961105083 0.08633758460653951 -4.9439994304525925 -3.5263234656054543 11.00092600783644 17.65987010573136 31.548465409760528 13.62545263780591 16.138469144285562 5.420536124142738 9.79698869087025 -2.9743226883492744 -0.00428992162427444 16.6288689264796 4.465513788973985 8.273559532586408 -1.3395534298143374 2.28275005560695 18.160975635906187 -4.099751077627456 4.033337965853168 -0.4190745587566269 -9.892986808368088 -7.743497512878397 -11.25327548884126 -2.1995564591548167
6.733466933867735 7.479605818954713 -1.4022229942445819 2.072847783793268 0.10492397228928141 -4.925413042769833 -3.5077370779227124 11.0195123955192 17.678456493414103 31.56705179744328 13.64403902548867 16.15705553196832 5.439122511825498 9.815575078552992 -2.9557363006665147 0.01429646605846746 16.64745531416236 4.484100176656745 8.29214592026915 -1.3209670421315778 2.30133644328971 18.17956202358893 -4.081164689944696 4.0519243535359095 -0.40048817107386725 -9.874400420685328 -7.7249111251956375 -11.2346891011585 -2.180970071472057
6.793587174348697 7.49803449702485 -1.383794316174427 2.091276461863405 0.12335265035943621 -4.906984364699696 -3.4893083998525576 11.037941073589337 17.696885171484258 31.585480475513425 13.662467703558807 16.17548421003846 5.457551189895635 9.834003756623147 -2.9373076225963777 0.03272514412862226 16.665883992232498 4.5025288547269 8.310574598339304 -1.3025383640614407 2.319765121359847 18.197990701659084 -4.062736011874559 4.070353031606064 -0.3820594930037302 -9.855971742615191 -7.7064824471255005 -11.216260423088363 -2.16254139340192
6.853707414829659 7.516308305682049 -1.3655205075172283 2.1095502705206037 0.14162645901663495 -4.888710556042497 -3.471034591195359 11.056214882246536 17.715158980141457 31.603754284170623 13.680741512216006 16.193758018695657 5.4758249985528336 9.852277565280346 -2.919033813939179 0.050998952785821006 16.684157800889697 4.5208026633840985 8.328848406996503 -1.284264555404242 2.3380389300170457 18.216264510316282 -4.0444622032173605 4.088626840263263 -0.36378568434653147 -9.837697933957992 -7.688208638468302 -11.197986614431164 -2.1442675847447212
