web/models/kne/43/mosfit_kn_0.033839_0.2650_3.6500.dat
# %ECSV 1.0
# ---
# datatype:
# - {name: time, datatype: float64}
# - {name: PS1_g, datatype: float64}
# - {name: PS1_i, datatype: float64}
# - {name: PS1_r, datatype: float64}
# - {name: PS1_w, datatype: float64}
# - {name: PS1_y, datatype: float64}
# - {name: PS1_z, datatype: float64}
# - {name: swift_uvot_B, datatype: float64}
# - {name: swift_uvot_U, datatype: float64}
# - {name: swift_uvot_uvm2, datatype: float64}
# - {name: swift_uvot_uvw1, datatype: float64}
# - {name: swift_uvot_uvw2, datatype: float64}
# - {name: swift_uvot_V, datatype: float64}
# - {name: johnson_B, datatype: float64}
# - {name: johnson_I, datatype: float64}
# - {name: johnson_R, datatype: float64}
# - {name: johnson_U, datatype: float64}
# - {name: johnson_V, datatype: float64}
# - {name: sdss_g, datatype: float64}
# - {name: sdss_i, datatype: float64}
# - {name: sdss_r, datatype: float64}
# - {name: sdss_u, datatype: float64}
# - {name: sdss_z, datatype: float64}
# - {name: ATLAS_c, datatype: float64}
# - {name: ATLAS_o, datatype: float64}
# - {name: ukirt_H, datatype: float64}
# - {name: ukirt_J, datatype: float64}
# - {name: ukirt_K, datatype: float64}
# - {name: Clear, datatype: float64}
# meta: !!omap
# - comment: [kappa = 3.65, type = rprocess, mass = 0.03383890769761434, velocity = 0.265, theta_obs = 0.0, tfloor = 1000.0]
# schema: astropy-2.0
time PS1_g PS1_i PS1_r PS1_w PS1_y PS1_z swift_uvot_B swift_uvot_U swift_uvot_uvm2 swift_uvot_uvw1 swift_uvot_uvw2 swift_uvot_V johnson_B johnson_I johnson_R johnson_U johnson_V sdss_g sdss_i sdss_r sdss_u sdss_z ATLAS_c ATLAS_o ukirt_H ukirt_J ukirt_K Clear
[from data line 85]
5.170340681362725 -5.373289503435643 -10.351780270919164 -8.431663939283052 -9.085069967794066 -12.174697039878719 -11.468427608854768 -3.3946745860228864 -0.12732511601786434 9.303674508609255 0.19205080638251149 2.1123134108213084 -6.698140337254615 -3.8180982231547884 -11.348033408417272 -9.384218926478784 -0.6104084864826408 -7.0225126054782345 -4.912549062763709 -10.30921131453967 -8.352326767153944 0.5092059427355622 -11.703162699628109 -7.072962366280873 -9.584871373944992 -14.403404972744019 -13.490371946156275 -14.875180701501021 -10.108031225517013
5.2304609218436875 -5.20821911389497 -10.24842588505786 -8.303440855215776 -8.97547847824379 -12.098166526016279 -11.380907420037563 -3.205309533370687 0.11417405815448611 9.62943423944569 0.3754483456414275 2.2990085944265783 -6.545385046762012 -3.6381024413639236 -11.253084777868853 -9.269906475791647 -0.3767866490449311 -6.876843689576153 -4.741855449070016 -10.20517989555044 -8.222188872953407 0.7485780898350036 -11.62000053943796 -6.933708247034378 -9.475603977930103 -14.368631120818376 -13.436504839042803 -14.853875984049958 -10.016505815488355
5.290581162324649 -5.041069168263395 -10.143532235736625 -8.17346763327313 -8.864412731112221 -12.020342400112192 -11.291985140896568 -3.0136261111817673 0.3585058906009666 9.95814848007624 0.5606613273611853 2.48779974606714 -6.390607326508076 -3.455981222839157 -11.156686790206127 -9.154090250629132 -0.14041810907838614 -6.729307041491219 -4.569032697662383 -10.099604544259808 -8.090265179951217 0.9907777076965907 -11.535505581495205 -6.7926755697951435 -9.364838146008676 -14.33299518854749 -13.381580386975338 -14.83185898645006 -9.923740895512356
5.350701402805611 -4.871888808895015 -10.037134451492964 -8.041785471127838 -8.751909518755259 -11.941253347238536 -11.201691903646402 -2.8196792375962074 0.6056047731074801 10.289721730638718 0.7476361956464044 2.6786373133761967 -6.233853320856604 -3.2717896652966556 -11.058872898922314 -9.036811356427414 0.09863222734470833 -6.579949795452397 -4.394131348839174 -9.992520625842971 -7.956597052062833 1.235739064597876 -11.449708842038895 -6.64990780395847 -9.25261167353499 -14.296516325651519 -13.325622305467293 -14.80914576133159 -9.829770180455295
5.410821643286573 -4.700535279778926 -9.929137891673392 -7.908280784021784 -8.637869844022052 -11.860825298670044 -11.109944996636738 -2.6233074320733705 0.8556741089758548 10.624411354413269 0.9365285613510292 2.8716847220445776 -6.074989577933974 -3.0853761637052775 -10.959555288598832 -8.91797044087345 0.3405604688500109 -6.428646886049589 -4.21700438896119 -9.883833060645308 -7.821069103353437 1.4836633039707436 -11.362531972826506 -6.50528266091511 -9.138826830685929 -14.259153100021107 -13.268574454197458 -14.785705397013905 -9.734509967443703
5.4709418837675345 -4.527070750003688 -9.819586372472298 -7.773005219389066 -8.522339630586302 -11.77909371931177 -11.01678310352467 -2.4245803726823665 1.1086298736510438 10.962098246774477 1.1272700260678552 3.0668772381204836 -5.914074429698773 -2.896809965477804 -10.85877551564269 -8.797618183862507 0.5852837879886043 -6.275457261886836 -4.037715792466496 -9.77358595549422 -7.6837332841185635 1.7344663807102378 -11.274013285153366 -6.358854803372065 -9.023530510094613 -14.220928494833982 -13.210465738365736 -14.761556812740666 -9.638001872492037
5.531062124248497 -4.351538956980736 -9.708511252433496 -7.635995557613597 -8.405351618678907 -11.696084191866856 -10.922233974382216 -2.2235469924990445 1.3644137733833797 11.302698273370911 1.3198126042765428 3.264170520407529 -5.751149035563075 -2.7061403797595536 -10.756563477791829 -8.67579165480744 0.8327443177557182 -6.120423342620762 -3.8563105639801343 -9.661810895724052 -7.5446265141653335 1.9880897396566333 -11.184180568752495 -6.210662874212911 -8.906756469391528 -14.181859579625991 -13.151317336297941 -14.736714275175478 -9.540276013822933
5.591182364729459 -4.173762820670692 -9.595794435176082 -7.497110421166617 -8.28678260262027 -11.611703909233277 -10.8261941876248 -2.020007174702406 1.623277211132024 11.646531042723623 1.5143475596749494 3.4637647886490055 -5.586047686308711 -2.5131792156228134 -10.65280944118837 -8.552366685729702 1.0831846333478867 -5.963389526178433 -3.6726063945551957 -9.5483892409381 -7.403605226429644 2.2447821114231203 -11.092935705109355 -6.060554992349143 -8.788382739773262 -14.14189370572881 -13.091058472197526 -14.71113808726306 -9.441227945234871
5.651302605210421 -3.9939190306724015 -9.481557162424679 -7.356493808423412 -8.166759075045587 -11.526049555075648 -10.728770313031522 -1.814159886261414 1.8849752343197503 11.993270457400534 1.7106824867667751 3.6654677677316596 -5.418936136147797 -2.318118846325991 -10.54762725796109 -8.427477415863393 1.3363657278820606 -5.804517605160481 -3.4867851784179393 -9.433442932952794 -7.260814978112222 2.5042996716044286 -11.000382179116404 -5.908684413049112 -8.668536687174928 -14.101089624938863 -13.029765455947205 -14.684874649586524 -9.3409686473826
5.7114228456913825 -3.8118892876626553 -9.365721014422288 -7.214051717645553 -8.0451992730071 -11.4390596580734 -10.629893683303724 -1.6058713716507278 2.149676664969622 12.343129289788855 1.908944426191575 3.86941391317286 -5.24970374625416 -2.120834421784807 -10.440944251208101 -8.301042660380855 1.5924500014907994 -5.643704845951533 -3.298725141701251 -9.316893222599454 -7.116160202122828 2.7668091638368786 -10.906455285086842 -5.754949921300039 -8.54713770268626 -14.059412994200018 -12.967391779856603 -14.657898336629847 -9.239429453403378
5.771543086172344 -3.6276837594731326 -9.248294477975065 -7.069793773754576 -7.922112055133788 -11.350741538203692 -10.529571872978778 -1.395152817548545 2.417370028092556 12.696086373954586 2.109121181136669 4.075595065787031 -5.078360274572334 -1.921339269599262 -10.332768924210793 -8.173075001649003 1.8514249135022953 -5.4809638000330425 -3.1084367715383543 -9.198748720773526 -6.969650329452897 3.032298396078481 -10.811163515892979 -5.599361070117297 -8.424195668453347 -14.0168698694411 -12.90394431069492 -14.630214713007044 -9.136619849908989
5.831663326653306 -3.441339773899923 -9.129304427279408 -6.923751511835992 -7.7975253304252234 -11.261117061978307 -10.427828588325081 -1.1820460811359645 2.688005647011966 13.052072123887207 2.31117145483589 4.283972888362669 -4.904941000460934 -1.7196758432762353 -10.223126942706788 -8.04360673503733 2.1132408556530957 -5.316331396456115 -2.915958520779469 -9.079036522380104 -6.821317014205892 3.3007172354288805 -10.714530836666754 -5.4419507532585065 -8.299739499363259 -13.973474789176093 -12.839441167982633 -14.601835842772973 -9.032565671332318
5.891783567134269 -3.252752423107861 -9.008681339146936 -6.775841663563451 -7.671366800011743 -11.170131671359478 -10.32460286358278 -0.9664325824332487 2.9617334304832177 13.411275169616573 2.5152067698020635 4.494666061959439 -4.729347781317828 -1.5157339610028624 -10.111953939223241 -7.912566672552448 2.378041774097077 -5.149717184442115 -2.721182439345551 -8.957686837189165 -6.67107555156484 3.5722136020462614 -10.616500045851733 -5.28262930974682 -8.173697980149282 -13.929197320829443 -12.773841141948077 -14.57273902757377 -8.927206534767915
5.95190380761523 -3.062065177815434 -8.886523982882508 -6.626181409756722 -7.543738970599865 -11.077864164824316 -10.219981513893188 -0.7484739794249429 3.2383545604261244 13.773435298578903 2.7210720084451627 4.707518647115979 -4.551715562658736 -1.3096699282609274 -9.999342704068816 -7.780064223454819 2.6456333814587008 -4.981253273083863 -2.5242562556457315 -8.834799027207492 -6.519044438847388 3.8465892952428327 -10.517155625569039 -5.1215209566950115 -8.046174551645962 -13.88408533729091 -12.707206462178762 -14.542961973824136 -8.82063236420434
6.012024048096192 -2.8691433664330646 -8.762742597027557 -6.47466342920076 -7.41454854780752 -10.984243877279187 -10.113885748766496 -0.5280181594081512 3.5180606254358437 14.138795794568303 2.928910386483619 4.922681769217597 -4.371918285962704 -1.1013417139120956 -9.885209963590242 -7.646006614222512 2.9161999914863013 -4.810822698119012 -2.3250414039504186 -8.710282970035106 -6.365114596080144 4.1240335570246245 -10.4164233399006 -4.958510365422768 -7.9170769910340155 -13.838098840140932 -12.639483373477097 -14.512474529607234 -8.71276474489008
6.072144288577154 -2.674055858710478 -8.63738537094731 -6.321344676018921 -7.283845405587872 -10.889309474375573 -10.00635793423962 -0.3051426663744394 3.800757394081309 14.507232919058325 3.1386470584336483 5.140081635087977 -4.190020964273018 -0.8908255486689891 -9.769601257566862 -7.51044893542509 3.1896487178788813 -4.638490833202497 -2.1236088387780505 -8.584187196654867 -6.209343495533446 4.404451935608389 -10.314345080193235 -4.793657418795583 -7.7864561312283875 -13.791262011599857 -12.57070291044675 -14.48129603221174 -8.603648283032879
6.132264529058116 -2.4767480062918956 -8.510416724428413 -6.166182390239712 -7.151592520730521 -10.793033179285398 -9.897366823513849 -0.07978571056553746 4.086524014284265 14.878846219486018 3.3503392933865865 5.35978060459971 -4.005972663094782 -0.6780652916820744 -9.65248390257398 -7.373356612737248 3.466054776713594 -4.464212532494256 -1.9199023865600218 -8.456476049670343 -6.051687516662199 4.687922035172711 -10.210892230745241 -4.626915658322712 -7.654275948399487 -13.743559958655512 -12.500844545752619 -14.44941563994284 -8.493252950006998
6.192384769539078 -2.2772417039464266 -8.381852972025712 -6.009195590756544 -7.017806634380879 -10.695428344008775 -9.786926752102367 0.14802811881833194 4.375332089476149 15.253598067393593 3.563962683703324 5.581756467533086 -3.8197943548669615 -0.46308679753677523 -9.533873662932166 -7.234750577439304 3.7453890875567697 -4.288011214685931 -1.713944667608427 -8.327166031009998 -5.892165693264317 4.974414698406271 -10.106079853088605 -4.458304461247575 -7.520554139958406 -13.695001897245776 -12.429919627296469 -14.416841070833344 -8.381594852665817
6.25250501002004 -2.0755825647117376 -8.251726530906698 -5.850422441442529 -6.882521058372664 -10.596521085924078 -9.67506620832907 0.37824745080672245 4.667119827644637 15.631409315346328 3.779467911082737 5.805960829077691 -3.631529356377155 -0.24594121975184563 -9.413801323860113 -7.094668829212599 4.0275901938025775 -4.109931525515262 -1.5057827196302043 -8.196289827045362 -5.730816498673246 5.263867598985019 -9.999936550087476 -4.287863541807688 -7.385324958148729 -13.64560448763221 -12.357949371455542 -14.383585739857326 -8.268704238267546
6.312625250501002 -1.8716609463017697 -8.119964426950528 -5.689775746295922 -6.7456601087281065 -10.496253882395479 -9.561721011633555 0.610996068183266 4.962043493953026 16.012479430441303 3.9969705944112026 6.03251613163177 -3.441075087215702 -0.026513668030986814 -9.292199288463944 -6.953037054490346 4.312807990206078 -3.9298793634610947 -1.2953038004021344 -8.06377421401999 -5.567551257671859 5.5564348190157276 -9.892402266924591 -4.115499108627194 -7.248513681813957 -13.595335250262844 -12.28489012652817 -14.349625163669282 -8.15451797928441
6.372745490981964 -1.66560401138252 -7.986654421862589 -5.527359496535684 -6.607314220691016 -10.394696735173845 -9.446968291216749 0.8461305528441165 5.259926603447145 16.3965847979494 4.216335213849831 6.2612840102929255 -3.248551589271032 0.19505757478291813 -9.169149988426756 -6.8099521205455575 4.600869825652659 -3.7479723512707226 -1.08263889404979 -7.929707502553498 -5.402475246942338 5.8519401540933025 -9.783552165051486 -3.94132090705817 -7.110211637556656 -13.54423651950677 -12.21079708293784 -14.314992474051865 -8.039115186472277
6.432865731462925 -1.45728625137858 -7.85171272066389 -5.363073661321192 -6.467396566489381 -10.291783482861057 -9.330734309075766 1.0837925580185448 5.560947638637028 16.7839539734042 4.43769411918062 6.492404063525697 -3.0538413792041768 0.4189042859807263 -9.044575725981804 -6.665328312398942 4.891947072377032 -3.564102369415207 -0.8676589519584432 -7.794005604363239 -5.235486778782867 6.150559697359856 -9.673317111128306 -3.765221494202038 -6.970332924598637 -13.492270674154037 -12.1356198576799 -14.279659177374347 -7.922423232562377
6.492985971943887 -1.2468646184394494 -7.715247347460501 -5.197046278266235 -6.326018291265623 -10.187600209067007 -9.213114026170324 1.3238050210170804 5.864888090060187 17.174312311999383 4.660881101163827 6.725705137155359 -2.8570926396518397 0.6448565828658344 -8.918577818388897 -6.519283726357615 5.1858263689870014 -3.3784136362139323 -0.6505256250435032 -7.656777193487159 -5.066715577586791 6.452075497385579 -9.561789291696616 -3.5873360871993043 -6.828989546384605 -13.439489398262461 -12.059426049194995 -14.243665532897934 -7.804538792728035
6.55310621242485 -1.0341651798368723 -7.577141563223346 -5.029138189813089 -6.183058639561807 -10.08205454698512 -9.094004680792587 1.5663642050705462 6.1719944345885125 17.56797516436723 4.88607952435224 6.961379772306838 -2.6581423418624732 0.8730978481528913 -8.791047826098623 -6.3716978164474485 5.482744913421154 -3.1907549693577026 -0.43106005498369626 -7.517905087285808 -4.896020258937721 6.756731094201047 -9.448871902710998 -3.407515645903274 -6.686061639453822 -13.38583963099431 -11.98214493532001 -14.20697111609069 -7.685360296206465
6.613226452905812 -0.8193743308092394 -7.437523428656885 -4.859501199276899 -6.038649214369283 -9.975248493063571 -8.973518876471722 1.8112597991614698 6.482006619066958 17.964617505986006 5.113092971510014 7.199224456427157 -2.457166491199996 1.1034270118668095 -8.662105738681156 -6.22270960635537 5.782449114943738 -3.0012968386058043 -0.20945420098401613 -7.3775180949770025 -4.723554714949447 7.064267273664182 -9.334673962613671 -3.2259205567080507 -6.5416816267700995 -13.331382312881102 -11.90385639161837 -14.169623246176089 -7.565001747418805
6.673346693386773 -0.6023641603451857 -7.296307434362337 -4.688033289591953 -5.892701483906446 -9.86711443687593 -8.851581292913622 2.0586361159022717 6.795106360786267 18.36447346553903 5.34205631212938 7.439380926599664 -2.2540453756848438 1.3359783070482008 -8.53167225762067 -6.072231742232835 6.0851133779382565 -2.809929283106862 0.014423412496782362 -7.235530424461469 -4.54921526226272 7.374863265357874 -9.219124952133093 -3.042441291207929 -6.395761818170751 -13.27607884823905 -11.824508849521818 -14.131592594703191 -7.4433891374562755
6.733466933867735 -0.38325257404062896 -7.153575135772083 -4.514830943532999 -5.745298933838043 -9.757717452486236 -8.728263631790814 2.308360099989483 7.111129729086336 18.767341571928743 5.572846117713119 7.681720931081109 -2.0488906709309456 1.5706239575180765 -8.399823953821254 -5.920353631914204 6.390577267609999 -2.61676161441821 0.24045129845989166 -7.092024155371011 -4.373099701201184 7.688355233825419 -9.102294780986835 -2.8571793164332604 -6.248386488532329 -13.219968443913269 -11.74415352265182 -14.092909690722253 -7.320595233726497
6.793587174348697 -0.1619373977788463 -7.009258476684472 -4.339812904299514 -5.596371047006574 -9.647003752571717 -8.603505898061332 2.5605470044492664 7.430222195105625 19.173410746853015 5.805570201926269 7.926357729992329 -1.841606899277253 1.8074707061111857 -8.266497814167757 -5.7670064815320226 6.698980026497459 -2.4217069766459227 0.4687344247477121 -6.946931042461966 -4.195125428670732 8.004886400897622 -8.9841276337736 -2.670047195519256 -6.099485913218867 -13.163020559415502 -11.662749524748522 -14.053551370678024 -7.196561445759073
