web/models/kne/43/mosfit_kn_0.012011_0.2493_3.6500.dat
# %ECSV 1.0
# ---
# datatype:
# - {name: time, datatype: float64}
# - {name: PS1_g, datatype: float64}
# - {name: PS1_i, datatype: float64}
# - {name: PS1_r, datatype: float64}
# - {name: PS1_w, datatype: float64}
# - {name: PS1_y, datatype: float64}
# - {name: PS1_z, datatype: float64}
# - {name: swift_uvot_B, datatype: float64}
# - {name: swift_uvot_U, datatype: float64}
# - {name: swift_uvot_uvm2, datatype: float64}
# - {name: swift_uvot_uvw1, datatype: float64}
# - {name: swift_uvot_uvw2, datatype: float64}
# - {name: swift_uvot_V, datatype: float64}
# - {name: johnson_B, datatype: float64}
# - {name: johnson_I, datatype: float64}
# - {name: johnson_R, datatype: float64}
# - {name: johnson_U, datatype: float64}
# - {name: johnson_V, datatype: float64}
# - {name: sdss_g, datatype: float64}
# - {name: sdss_i, datatype: float64}
# - {name: sdss_r, datatype: float64}
# - {name: sdss_u, datatype: float64}
# - {name: sdss_z, datatype: float64}
# - {name: ATLAS_c, datatype: float64}
# - {name: ATLAS_o, datatype: float64}
# - {name: ukirt_H, datatype: float64}
# - {name: ukirt_J, datatype: float64}
# - {name: ukirt_K, datatype: float64}
# - {name: Clear, datatype: float64}
# meta: !!omap
# - comment: [kappa = 3.65, type = rprocess, mass = 0.012011244339858356, velocity = 0.24933333333333338, theta_obs = 0.0, tfloor = 1000.0]
# schema: astropy-2.0
time PS1_g PS1_i PS1_r PS1_w PS1_y PS1_z swift_uvot_B swift_uvot_U swift_uvot_uvm2 swift_uvot_uvw1 swift_uvot_uvw2 swift_uvot_V johnson_B johnson_I johnson_R johnson_U johnson_V sdss_g sdss_i sdss_r sdss_u sdss_z ATLAS_c ATLAS_o ukirt_H ukirt_J ukirt_K Clear
[from data line 232]
14.008016032064127 9.010855731136544 0.1290269179372494 3.604097695975099 1.6361738844711127 -3.3941631305880016 -1.9764871657408811 12.550762307701014 19.209706405595934 33.098301709625105 15.175288937670484 17.688305444150135 6.970372424007329 11.346824990734824 -1.4244863884847012 1.5455463782402987 18.178705226344192 6.015350088838576 9.82339583245098 0.21028287005025348 3.8325863554715234 19.71081193577076 -2.549914777762865 5.583174265717741 1.1307617411079462 -8.343150508503497 -6.193661213013806 -9.703439188976668 -0.6497201592902258
14.06813627254509 9.021008115630877 0.13917930243158239 3.614250080469432 1.6463262689654456 -3.3840107460936686 -1.9663347812465481 12.560914692195347 19.219858790090267 33.10845409411944 15.185441322164817 17.698457828644468 6.980524808501662 11.356977375229157 -1.4143340039903682 1.5556987627346317 18.188857610838525 6.025502473332909 9.833548216945314 0.22043525454458646 3.8427387399658564 19.720964320265093 -2.539762393268532 5.593326650212074 1.1409141256022792 -8.332998124009164 -6.183508828519473 -9.693286804482335 -0.6395677747958928
14.128256513026052 9.031119518530435 0.14929070533113986 3.6243614833689897 1.6564376718650031 -3.373899343194111 -1.9562233783469907 12.571026095094922 19.229970192989825 33.118565497019006 15.195552725064392 17.708569231544043 6.9906362114012195 11.367088778128714 -1.404222601090793 1.5658101656341892 18.198969013738083 6.035613876232467 9.843659619844871 0.23054665744414393 3.8528501428654316 19.73107572316465 -2.5296509903689746 5.603438053111631 1.1510255285018545 -8.322886721109606 -6.173397425619916 -9.683175401582778 -0.6294563718963353
14.188376753507013 9.041190482405028 0.15936166920573314 3.634432447243583 1.6665086357395964 -3.363828379319518 -1.9461524144723974 12.581097058969497 19.240041156864418 33.128636460893595 15.205623688938985 17.71864019541862 7.000707175275813 11.377159742003307 -1.3941516372162175 1.5758811295087825 18.209039977612676 6.04568484010706 9.853730583719464 0.2406176213187372 3.862921106740025 19.741146687039244 -2.5195800264943813 5.6135090169862245 1.1610964923764477 -8.312815757235013 -6.1633264617453225 -9.673104437708185 -0.619385408021742
14.248496993987976 9.05122146850509 0.16939265530581338 3.644463433343663 1.6765396218396766 -3.3537973932194376 -1.9361214283723172 12.591128045069578 19.2500721429645 33.13866744699367 15.215654675039048 17.7286711815187 7.010738161375893 11.387190728103388 -1.3841206511161372 1.5859121156088627 18.219070963712756 6.05571582620714 9.863761569819545 0.2506486074187997 3.8729520928400873 19.751177673139324 -2.509549040394319 5.623540003086305 1.1711274784765102 -8.302784771134933 -6.153295475645242 -9.663073451608122 -0.6093544219216618
14.308617234468937 9.061212956306868 0.17938414310759043 3.6544549211454402 1.6865311096414537 -3.3438059054176605 -1.92612994057054 12.601119532871355 19.260063630766275 33.14865893479545 15.225646162840825 17.738662669320476 7.02072964917767 11.397182215905165 -1.3741291633143602 1.5959036034106397 18.229062451514533 6.065707314008917 9.873753057621322 0.26064009522057674 3.8829435806418644 19.7611691609411 -2.4995575525925418 5.633531490888082 1.1811189662782873 -8.292793283333156 -6.143303987843465 -9.653081963806345 -0.5993629341198847
14.3687374749499 9.071165448668594 0.18933663546931712 3.664407413507167 1.6964836020031804 -3.3338534130559516 -1.9161774482088134 12.611072025233081 19.270016123128002 33.158611427157176 15.235598655202551 17.748615161682203 7.030682141539379 11.407134708266891 -1.3641766709526335 1.6058560957723664 18.23901494387626 6.075659806370644 9.883705549983048 0.2705925875823034 3.892896073003591 19.771121653302828 -2.489605060230815 5.6434839832498085 1.191071458640014 -8.282840790971429 -6.1333514954817385 -9.643129471444619 -0.5894104417581758
14.428857715430862 9.081079440792124 0.19925062759282852 3.6743214056306783 1.7063975941266918 -3.3239394209324225 -1.906263456085302 12.620986017356593 19.279930115251513 33.168525419280684 15.245512647326063 17.758529153805714 7.040596133662908 11.417048700390403 -1.354262678829122 1.6157700878958778 18.24892893599977 6.085573798494155 9.89361954210656 0.2805065797058326 3.9028100651271025 19.78103564542634 -2.479691068107286 5.65339797537332 1.2009854507635431 -8.272926798847918 -6.123437503358227 -9.63321547932109 -0.5794964496346466
14.488977955911823 9.090955432518584 0.20912661931930643 3.6841973973571562 1.7162735858531697 -3.3140634292059445 -1.896387464358824 12.63086200908307 19.28980610697799 33.178401411007165 15.25538863905254 17.768405145532192 7.050472125389368 11.42692469211688 -1.3443866871026442 1.6256460796223557 18.25880492772625 6.095449790220633 9.903495533833038 0.29038257143229274 3.9126860568535804 19.790911637152817 -2.4698150763808258 5.663273967099798 1.2108614424900033 -8.26305080712144 -6.113561511631749 -9.62333948759463 -0.5696204579081865
14.549098196392785 9.100793858895067 0.21896504569577147 3.6940358237336213 1.7261120122296347 -3.3042250028294795 -1.886549037982359 12.640700435459536 19.299644533354456 33.18823983738363 15.265227065429006 17.778243571908657 7.060310551765851 11.436763118493346 -1.3345482607261792 1.6354845059988208 18.268643354102714 6.105288216597098 9.913333960209503 0.30022099780877554 3.9225244832300454 19.800750063529282 -2.459976650004343 5.673112393476263 1.2206998688664683 -8.253212380744975 -6.103723085255284 -9.613501061218146 -0.5597820315317037
14.609218436873746 9.11059518319206 0.22876636999276556 3.7038371480306154 1.7359133365266288 -3.2944236785324854 -1.876747713685365 12.65050175975653 19.30944585765145 33.19804116168062 15.275028389726 17.78804489620565 7.070111876062845 11.44656444279034 -1.324746936429185 1.6452858302958149 18.27844467839971 6.115089540894092 9.923135284506497 0.31002232210576963 3.9323258075270395 19.810551387826276 -2.450175325707349 5.682913717773257 1.2305011931634624 -8.24341105644798 -6.09392176095829 -9.603699736921152 -0.5499807072347096
14.669338677354709 9.1203598963539 0.23853108315460503 3.713601861192455 1.7456780496884683 -3.284658965370646 -1.8669830005235255 12.66026647291837 19.31921057081329 33.207805874842464 15.28479310288784 17.79780960936749 7.079876589224685 11.45632915595218 -1.3149822232673456 1.6550505434576543 18.288209391561548 6.124854254055932 9.932899997668336 0.3197870352676091 3.942090520688879 19.820316100988116 -2.4404106125455094 5.692678430935096 1.2402659063253196 -8.233646343286141 -6.084157047796451 -9.593935023759313 -0.5402159940728701
14.729458917835672 9.130088475569007 0.24825966236972974 3.7233304404075795 1.755406628903593 -3.274930386155539 -1.8572544213084008 12.669995052133494 19.328939150028404 33.217534454057585 15.294521682102964 17.807538188582615 7.089605168439792 11.466057735167304 -1.3052536440522209 1.664779122672779 18.297937970776655 6.134582833271057 9.942628576883461 0.32951561448271605 3.9518190999040037 19.83004468020324 -2.4306820333304024 5.702407010150221 1.2499944855404266 -8.223917764071016 -6.074428468581344 -9.584206444544206 -0.5304874148577632
14.789579158316633 9.139781347199705 0.25795253400040963 3.7330233120382594 1.765099500534273 -3.2652375145248413 -1.847561549677721 12.679687923764174 19.338632021659095 33.227227325688276 15.304214553733662 17.817231060213313 7.099298040070489 11.475750606797984 -1.295560772421541 1.674471994303459 18.307630842407352 6.1442757049017365 9.952321448514141 0.3392084861134137 3.9615119715347014 19.83973755183392 -2.420989161699705 5.712099881780901 1.2596873571711242 -8.214224892440336 -6.064735596950646 -9.574513572913508 -0.5207945432270655
14.849699398797595 9.149438941113583 0.26761012791430616 3.742680905952138 1.7747570944481694 -3.2555799206109626 -1.8379039557638244 12.68934551767807 19.34828961557298 33.23688491960216 15.31387214764754 17.826888654127192 7.108955633984368 11.48540820071188 -1.2859031785076445 1.6841295882173555 18.31728843632123 6.153933298815615 9.961979042428037 0.34886608002729247 3.97116956544858 19.849395145747817 -2.411331567785826 5.7217574756947975 1.269344951085003 -8.204567298526458 -6.055078003036767 -9.56485597899963 -0.5111369493131868
14.909819639278556 9.159061711307519 0.2772328981082417 3.7523036761460737 1.784379864642105 -3.245957150417027 -1.8282811855698888 12.698968287872006 19.357912385766916 33.2465076897961 15.323494917841476 17.836511424321127 7.118578404178304 11.495030970905816 -1.276280408313709 1.693752358411291 18.326911206515167 6.1635560690095685 9.971601812621973 0.358488850221228 3.9807923356425157 19.859017915941752 -2.4017087975918905 5.731380245888733 1.2789677212789385 -8.194944528332522 -6.045455232842832 -9.555233208805694 -0.5015141791192512
14.969939879759519 9.168650732202774 0.2868219190034971 3.761892697041329 1.7939688855373603 -3.2363681295217717 -1.8186921646746335 12.708557308767261 19.36750140666217 33.256096710691345 15.333083938736731 17.846100445216383 7.128167425073559 11.504619991801071 -1.2666913874184536 1.7033413793065464 18.336500227410422 6.173145089904806 9.98119083351721 0.3680778711164834 3.990381356537771 19.868606936837008 -2.392119776696635 5.7409692667839884 1.288556742174194 -8.185355507437267 -6.035866211947576 -9.545644187910439 -0.49192515822399585
15.03006012024048 9.17820512115414 0.29637630795484426 3.771447085992694 1.8035232744887075 -3.2268137405704067 -1.8091377757232863 12.718111697718609 19.37705579561353 33.2656510996427 15.342638327688078 17.85565483416773 7.137721814024924 11.514174380752419 -1.2571369984671064 1.7128957682578936 18.346054616361787 6.182699478856171 9.990745222468576 0.37763226006784834 3.9999357454891182 19.878161325788355 -2.38256538774527 5.750523655735336 1.2981111311255589 -8.175801118485902 -6.026311822996211 -9.536089798959074 -0.4823707692726309
15.090180360721442 9.187726015974889 0.3058972027756113 3.780967980813461 1.8130441693094745 -3.2172928457496397 -1.7996168809025193 12.727632592539376 19.386576690434296 33.27517199446347 15.352159222508845 17.865175728988497 7.147242708845673 11.523695275573186 -1.2476161036463393 1.7224166630786606 18.355575511182554 6.192220373676938 10.000266117289343 0.3871531548885976 4.009456640309885 19.887682220609122 -2.373044492924521 5.760044550556103 1.3076320259463081 -8.166280223665135 -6.016790928175444 -9.526568904138324 -0.47284987445188165
15.150300601202405 9.197213832479783 0.3153850192805052 3.7904557973183373 1.8225319858143507 -3.2078050292447635 -1.7901290643976253 12.73712040904427 19.396064506939183 33.28465981096836 15.36164703901374 17.87466354549339 7.156730525350567 11.53318309207808 -1.2381282871414454 1.7319044795835545 18.36506332768743 6.201708190181814 10.009753933794219 0.3966409713934915 4.018944456814779 19.897170037113998 -2.363556676419627 5.769532367060979 1.317119842451202 -8.156792407160259 -6.007303111670568 -9.51708108763343 -0.4633620579469877
15.210420841683366 9.206669014578406 0.3248402013791285 3.7999109794169605 1.831987167912974 -3.1983498471461402 -1.780673882299002 12.746575591142893 19.405519689037803 33.29411499306698 15.371102221112363 17.884118727592014 7.16618570744919 11.542638274176703 -1.2286731050428221 1.7413596616821778 18.374518509786053 6.211163372280438 10.019209115892842 0.4060961534921148 4.0283996389134025 19.90662521921262 -2.3541014943210037 5.778987549159602 1.3265750245498253 -8.147337225061635 -5.997847929571945 -9.507625905534807 -0.4539068758483644
15.270541082164328 9.216091979568706 0.33426316636942843 3.8093339444072605 1.841410132903274 -3.1889268821558403 -1.771250917308702 12.755998556133193 19.414942654028103 33.30353795805728 15.380525186102663 17.893541692582314 7.17560867243949 11.552061239167003 -1.2192501400525222 1.7507826266724777 18.383941474776353 6.2205863372707375 10.028632080883142 0.41551911848241474 4.037822603903702 19.91604818420292 -2.3446785293307038 5.788410514149902 1.3359979895401253 -8.137914260071335 -5.988424964581645 -9.498202940544507 -0.4444839108580645
15.33066132264529 9.225483149740619 0.34365433654134137 3.8187251145791734 1.8508013030751869 -3.1795357119839274 -1.7618597471367892 12.765389726305106 19.42433382420002 33.31292912822919 15.389916356274576 17.902932862754227 7.184999842611403 11.561452409338916 -1.2098589698806093 1.7601737968443907 18.393332644948266 6.22997750744265 10.038023251055055 0.4249102886543277 4.047213774075615 19.925439354374834 -2.335287359158791 5.797801684321815 1.3453891597120382 -8.128523089899423 -5.979033794409732 -9.488811770372594 -0.43509274068615156
15.390781563126252 9.234842899938549 0.3530140867392717 3.8280848647771037 1.8601610532731172 -3.170175961785997 -1.7524999969388588 12.774749476503036 19.43369357439795 33.32228887842712 15.399276106472506 17.912292612952157 7.194359592809334 11.570812159536846 -1.200499219682679 1.769533547042321 18.402692395146197 6.239337257640581 10.047383001252985 0.434270038852258 4.056573524273546 19.934799104572765 -2.3259276089608605 5.807161434519745 1.3547489099099685 -8.119163339701492 -5.969674044211802 -9.479452020174664 -0.4257329904882212
15.450901803607215 9.244171629779245 0.36234281657996803 3.8374135946178 1.8694897831138135 -3.1608472319453007 -1.7431712670981625 12.784078206343732 19.443022304238646 33.33161760826781 15.408604836313202 17.921621342792854 7.20368832265003 11.580140889377525 -1.1911704898419826 1.7788622768829996 18.412021124986893 6.248665987481277 10.056711731093682 0.44359876869295434 4.065902254114242 19.94412783441346 -2.316598879120164 5.816490164360442 1.3640776397506649 -8.109834609860796 -5.960345314371105 -9.470123290333968 -0.4164042606475249
15.511022044088175 9.253469755351329 0.3716409421520517 3.8467117201898837 1.8787879086858972 -3.151549106373217 -1.7338731415260789 12.793376331915816 19.452320429810726 33.3409157338399 15.417902961885286 17.930919468364937 7.2129864482221135 11.589439014949626 -1.181872364269899 1.7881604024550832 18.421319250558977 6.257964113053361 10.066009856665765 0.452896894265038 4.075200379686326 19.953425959985545 -2.3073007535480805 5.825788289932525 1.3733757653227485 -8.100536484288712 -5.951047188799022 -9.460825164761884 -0.40710613507544124
15.571142284569138 9.26273768479879 0.38090887159951237 3.855979649637362 1.8880558381333756 -3.1422811769257386 -1.7246052120786182 12.802644261363277 19.461588359258197 33.35018366328737 15.427170891332747 17.940187397812398 7.222254377669592 11.598706944397087 -1.1726044348224383 1.7974283319025617 18.430587180006455 6.267232042500839 10.075277786113244 0.4621648237124987 4.084468309133786 19.962693889433023 -2.298032824100602 5.835056219380004 1.3826436947702092 -8.091268554841234 -5.941779259351543 -9.451557235314406 -0.3978382056279628
15.631262525050099 9.271975782802535 0.39014696960324 3.86521774764109 1.8972939361371033 -3.133043078922011 -1.7153671140748905 12.811882359367004 19.470826457261925 33.35942176129111 15.436408989336492 17.949425495816143 7.23149247567332 11.607945042400814 -1.1633663368186928 1.8066664299062893 18.439825278010183 6.276470140504567 10.084515884116971 0.4714029217162441 4.093706407137532 19.97193198743675 -2.2887947260968744 5.844294317383731 1.3918817927739546 -8.082030456837506 -5.932541161347816 -9.442319137310678 -0.38860010762423514
