web/models/kne/43/mosfit_kn_0.027507_0.2807_10.0000.dat
# %ECSV 1.0
# ---
# datatype:
# - {name: time, datatype: float64}
# - {name: PS1_g, datatype: float64}
# - {name: PS1_i, datatype: float64}
# - {name: PS1_r, datatype: float64}
# - {name: PS1_w, datatype: float64}
# - {name: PS1_y, datatype: float64}
# - {name: PS1_z, datatype: float64}
# - {name: swift_uvot_B, datatype: float64}
# - {name: swift_uvot_U, datatype: float64}
# - {name: swift_uvot_uvm2, datatype: float64}
# - {name: swift_uvot_uvw1, datatype: float64}
# - {name: swift_uvot_uvw2, datatype: float64}
# - {name: swift_uvot_V, datatype: float64}
# - {name: johnson_B, datatype: float64}
# - {name: johnson_I, datatype: float64}
# - {name: johnson_R, datatype: float64}
# - {name: johnson_U, datatype: float64}
# - {name: johnson_V, datatype: float64}
# - {name: sdss_g, datatype: float64}
# - {name: sdss_i, datatype: float64}
# - {name: sdss_r, datatype: float64}
# - {name: sdss_u, datatype: float64}
# - {name: sdss_z, datatype: float64}
# - {name: ATLAS_c, datatype: float64}
# - {name: ATLAS_o, datatype: float64}
# - {name: ukirt_H, datatype: float64}
# - {name: ukirt_J, datatype: float64}
# - {name: ukirt_K, datatype: float64}
# - {name: Clear, datatype: float64}
# meta: !!omap
# - comment: [kappa = 10.0, type = rprocess, mass = 0.027507471329904786, velocity = 0.2806666666666667, theta_obs = 0.0, tfloor = 1000.0]
# schema: astropy-2.0
time PS1_g PS1_i PS1_r PS1_w PS1_y PS1_z swift_uvot_B swift_uvot_U swift_uvot_uvm2 swift_uvot_uvw1 swift_uvot_uvw2 swift_uvot_V johnson_B johnson_I johnson_R johnson_U johnson_V sdss_g sdss_i sdss_r sdss_u sdss_z ATLAS_c ATLAS_o ukirt_H ukirt_J ukirt_K Clear
[from data line 348]
20.98196392785571 8.832867074766142 -0.0489617384331531 3.4261090396046967 1.4581852281007102 -3.572151786958404 -2.1544758221112836 12.372773651330611 19.031717749225532 32.92031305325471 14.997300281300099 17.51031678777975 6.7923837676369265 11.168836334364421 -1.602475044855086 1.3675577218698962 18.00071656997379 5.837361432468174 9.645407176080578 0.03229421367985097 3.6545976991011386 19.532823279400358 -2.7279034341332675 5.405185609347338 0.9527730847375615 -8.5211391648739 -6.371649869384209 -9.881427845347071 -0.8277088156606283
21.04208416833667 8.840597417762694 -0.04123139543658283 3.433839382601249 1.4659155710972627 -3.5644214439618516 -2.1467454791147134 12.380503994327182 19.039448092222084 32.92804339625126 15.005030624296651 17.518047130776303 6.800114110633479 11.176566677360992 -1.5947447018585335 1.3752880648664487 18.008446912970342 5.845091775464726 9.65313751907713 0.04002455667640348 3.662328042097691 19.54055362239691 -2.720173091136715 5.412915952343891 0.960503427734114 -8.513408821877347 -6.363919526387656 -9.873697502350518 -0.8199784726640758
21.102204408817634 8.8482976492854 -0.033531163913878004 3.441539614123972 1.4736158026199853 -3.556721212439129 -2.1390452475920085 12.388204225849886 19.047148323744807 32.93574362777398 15.012730855819356 17.525747362299008 6.807814342156202 11.184266908883696 -1.5870444703358286 1.3829882963891713 18.016147144493065 5.852792006987449 9.660837750599853 0.0477247881991083 3.670028273620396 19.548253853919633 -2.71247285961401 5.420616183866613 0.9682036592568188 -8.505708590354624 -6.356219294864934 -9.865997270827814 -0.8122782411413532
21.162324649298597 8.855968155095812 -0.02586065810346483 3.449210119934385 1.4812863084303984 -3.549050706628716 -2.1313747417815954 12.3958747316603 19.05481882955522 32.94341413358439 15.02040136162977 17.53341786810942 6.815484847966615 11.19193741469411 -1.5793739645254155 1.3906588021995845 18.023817650303478 5.860462512797862 9.668508256410266 0.05539529400952148 3.677698779430809 19.555924359730046 -2.704802353803597 5.4282866896770265 0.975874165067232 -8.498038084544211 -6.3485487890545205 -9.8583267650174 -0.80460773533094
21.22244488977956 8.86360959872091 -0.018219214478367718 3.456851563559482 1.4889277520554955 -3.5414092630036187 -2.1237332981564983 12.403516175285397 19.062460273180317 32.95105557720949 15.028042805254866 17.541059311734518 6.823126291591694 11.199578858319207 -1.5717325209003183 1.3983002458246816 18.031459093928575 5.868103956422959 9.676149700035364 0.06303673763461859 3.6853402230559063 19.563565803355143 -2.6971609101785 5.435928133302124 0.9835156086923291 -8.490396640919114 -6.340907345429423 -9.850685321392303 -0.7969662917058606
21.28256513026052 8.871221966159375 -0.010606847039920098 3.4644639309979297 1.4965401194939432 -3.533796895565171 -2.1161209307180506 12.411128542723844 19.070072640618765 32.958667944647935 15.035655172693332 17.548671679172966 6.8307386590301595 11.207191225757654 -1.5641201534618707 1.4059126132631292 18.039071461367023 5.875716323861407 9.683762067473811 0.07064910507308397 3.692952590494354 19.57117817079359 -2.6895485427400345 5.443540500740571 0.9911279761307945 -8.482784273480666 -6.333294977990976 -9.843072953953838 -0.7893539242673953
21.34268537074148 8.878805649691959 -0.003023163507336335 3.4720476145305135 1.504123803026527 -3.5262132120325873 -2.108537247185467 12.418712226256428 19.07765632415135 32.96625162818052 15.043238856225898 17.55625536270555 6.838322342562743 11.214774909290238 -1.556536469929287 1.413496296795713 18.046655144899606 5.8833000073939905 9.691345751006395 0.07823278860566774 3.7005362740269376 19.578761854326174 -2.6819648592074508 5.451124184273155 0.9987116596633783 -8.475200589948082 -6.325711294458392 -9.835489270421254 -0.7817702407348115
21.402805611222444 8.88636173621519 0.004532923015911905 3.479603701053744 1.5116798895497574 -3.518657125509357 -2.1009811606622186 12.426268312779676 19.08521241067458 32.97380771470376 15.050794942749146 17.563811449228798 6.845878429085974 11.222330995813468 -1.5489803834060387 1.4210523833189435 18.054211231422837 5.890856093917221 9.698901837529625 0.08578887512889821 3.708092360550186 19.586317940849405 -2.6744087726842203 5.4586802707963855 1.0062677461866087 -8.467644503424852 -6.3181552079351615 -9.827933183898024 -0.774214154211581
21.462925851703407 8.893890512006646 0.012061698807368515 3.4871324768452006 1.5192086653412318 -3.5111283497179 -2.093452384870762 12.433797088571133 19.092741186466053 32.981336490495224 15.058323718540603 17.571340225020254 6.85340720487743 11.229859771604943 -1.541451607614582 1.4285811591104178 18.061740007214294 5.898384869708678 9.7064306133211 0.09331765092035482 3.7156211363416425 19.59384671664088 -2.6668799968927637 5.46620904658786 1.0137965219780654 -8.460115727633395 -6.310626432143705 -9.820404408106567 -0.7666853784201244
21.52304609218437 8.901392330517517 0.019563517318239576 3.4946342953560716 1.526710483852085 -3.503626531207029 -2.085950566359891 12.441298907082004 19.100243004976907 32.98883830900609 15.065825537051474 17.578842043531125 6.860909023388301 11.237361590115814 -1.533949789103711 1.436082977621289 18.069241825725165 5.905886688219549 9.713932431831953 0.10081946943122588 3.7231229548525135 19.601348535151732 -2.6593781783818926 5.473710865098713 1.0212983404889364 -8.452613909122524 -6.303124613632834 -9.812902589595696 -0.7591835599092533
21.58316633266533 8.9088676119942 0.02703879879492277 3.502109576832755 1.5341857653287683 -3.496151249730346 -2.0784752848832078 12.448774188558687 19.10771828645359 32.99631359048277 15.073300818528157 17.58631732500781 6.868384304864985 11.24483687159248 -1.5264745076270279 1.4435582590979543 18.076717107201848 5.913361969696232 9.721407713308636 0.10829475090790908 3.7305982363291967 19.608823816628416 -2.6519028969052094 5.481186146575396 1.0287736219656196 -8.445138627645841 -6.295649332156151 -9.805427308119013 -0.7517082784325702
21.64328657314629 8.916316673628177 0.0344878604288823 3.509558638466732 1.5416348269627456 -3.4887021880963687 -2.0710262232492482 12.456223250192647 19.115167348087567 33.00376265211675 15.080749880162134 17.593766386641768 6.875833366498962 11.252285933226457 -1.5190254459930683 1.4510073207319316 18.084166168835825 5.920811031330209 9.728856774942614 0.11574381254188637 3.738047297963174 19.616272878262393 -2.644453835271232 5.488635208209374 1.036222683599597 -8.437689566011864 -6.288200270522173 -9.797978246485036 -0.7442592167985929
21.703406813627254 8.923739723163546 0.04191090996426894 3.516981688002101 1.5490578764981322 -3.481279138561 -2.0636031737138616 12.463646299728033 19.122590397622954 33.011185701652124 15.088172929697503 17.601189436177155 6.883256416034331 11.259708982761843 -1.5116023964576817 1.4584303702673183 18.091589218371194 5.928234080865578 9.736279824478 0.12316686207725525 3.745470347498543 19.62369592779778 -2.6370307857358632 5.49605825774476 1.0436457331349658 -8.430266516476495 -6.2807772209868045 -9.790555196949667 -0.736836167263224
21.763527054108216 8.931137675030953 0.04930886183165839 3.524379639869508 1.5564558283655217 -3.4738811866935926 -2.056205221846472 12.47104425159544 19.129988349490343 33.01858365351952 15.09557088156491 17.608587388044562 6.890654367901738 11.267106934629233 -1.5042044445902745 1.4658283221347077 18.0989871702386 5.935632032732985 9.74367777634539 0.13056481394466246 3.75286829936595 19.63109387966517 -2.629632833868456 5.50345620961215 1.051043685002373 -8.422868564609088 -6.273379269119397 -9.78315724508226 -0.7294382153958168
21.82364729458918 8.938510790439498 0.05668197724020274 3.5317527552780525 1.563828943774066 -3.4665080712850482 -2.048832106437928 12.478417367003967 19.137361464898888 33.02595676892806 15.102943996973437 17.61596050345309 6.898027483310282 11.274480050037777 -1.4968313291817479 1.473201437543252 18.106360285647146 5.94300514814153 9.751050891753934 0.1379379293532068 3.7602414147744767 19.638466995073713 -2.6222597184599117 5.510829325020694 1.0584168004108996 -8.415495449200543 -6.266006153710853 -9.775784129673715 -0.7220650999872724
21.883767535070138 8.945859405870529 0.06403059267125144 3.5391013707090835 1.571177559205097 -3.4591594558540173 -2.041483491006879 12.485765982435016 19.14471008032992 33.0333053843591 15.110292612404486 17.623309118884137 6.905376098741313 11.281828665468826 -1.4894827137506992 1.4805500529743008 18.113708901078176 5.9503537635725605 9.758399507184965 0.14528654478423775 3.7675900302055254 19.645815610504744 -2.6149111030288807 5.518177940451725 1.0657654158419483 -8.408146833769512 -6.258657538279822 -9.768435514242684 -0.7147164845562415
21.9438877755511 8.953183896376746 0.0713550831774512 3.546425861215301 1.5785020497113145 -3.4518349653477998 -2.0341590005006793 12.493090472941216 19.152034570836136 33.04062987486532 15.117617102910703 17.630633609390337 6.912700589247531 11.289153155975026 -1.4821582232444994 1.4878745434805005 18.121033391584394 5.957678254078778 9.765723997691182 0.15261103529045528 3.774914520711743 19.653140101010962 -2.607586612522663 5.525502430957943 1.0730899063481658 -8.400822343263295 -6.251333047773604 -9.761111023736467 -0.707391994050024
22.004008016032063 8.960484539815248 0.07865572661597042 3.5537265046538025 1.5858026931498337 -3.4445343219092983 -2.02685835706216 12.500391116379735 19.159335214274655 33.04793051830383 15.124917746349205 17.637934252828856 6.920001232686032 11.296453799413545 -1.4748575798059802 1.4951751869190197 18.128334035022895 5.9649788975172795 9.773024641129702 0.15991167872895673 3.7822151641502444 19.66044074444948 -2.6002859690841618 5.532803074396462 1.0803905497866673 -8.393521699824793 -6.244032404335103 -9.753810380297965 -0.7000913506115225
22.064128256513026 8.967761434255888 0.08593262105661026 3.56100339909446 1.5930795875904735 -3.4372574274686585 -2.0195814626215203 12.507668010820375 19.166612108715295 33.055207412744466 15.132194640789844 17.645211147269496 6.927278127126672 11.303730693854185 -1.4675806853653404 1.5024520813596596 18.135610929463535 5.972255791957937 9.780301535570342 0.16718857316959657 3.7894920585908842 19.66771763889012 -2.593009074643522 5.540079968837102 1.087667444227307 -8.386244805384136 -6.236755509894463 -9.746533485857325 -0.6928144561708827
22.12424849699399 8.975015441338066 0.09318662813878831 3.568257406176638 1.6003335946726516 -3.4300034203864627 -2.0123274555393422 12.514922017902553 19.173866115797473 33.06246141982665 15.139448647872022 17.652465154351674 6.934532134208868 11.310984700936363 -1.4603266782831623 1.5097060884418376 18.14286493654573 5.979509799040115 9.78755554265252 0.17444258025177461 3.7967460656730623 19.6749716459723 -2.585755067561344 5.54733397591928 1.0949214513094851 -8.378990798301958 -6.229501502812267 -9.739279478775147 -0.6855604490886869
22.184368737474948 8.982246773126743 0.10041795992744795 3.5754887379652978 1.6075649264613112 -3.422772088597803 -2.0050961237506826 12.522153349691212 19.181097447586133 33.06969275161531 15.146679979660682 17.659696486140334 6.941763465997528 11.318216032725022 -1.4530953464945027 1.5169374202304973 18.15009626833439 5.986741130828775 9.79478687444118 0.18167391204045202 3.803977397461722 19.68220297776096 -2.5785237357726665 5.554565307707939 1.1021527830981626 -8.371759466513298 -6.222270171023608 -9.73204814698647 -0.6783291173000272
22.24448897795591 8.989455813773173 0.10762700057389551 3.5826977786117453 1.6147739671077588 -3.415563047951373 -1.997887083104235 12.52936239033766 19.18830648823258 33.07690179226175 15.15388902030713 17.66690552678678 6.948972506643957 11.32542507337147 -1.445886305848055 1.5241464608769448 18.15730530898082 5.993950171475222 9.801995915087627 0.18888295268688182 3.8111864381081695 19.689412018407406 -2.5713146951262367 5.561774348354387 1.1093618237445924 -8.364550425866868 -6.215061130377178 -9.72483910634004 -0.6711200766535974
22.304609218436873 8.996642838447002 0.11481402524772477 3.5898848032855746 1.621960991781588 -3.408376023277526 -1.9907000584304058 12.53654941501149 19.19549351290641 33.084088816935584 15.161076044980959 17.67409255146061 6.956159531317804 11.3326120980453 -1.4386992811742259 1.531333485550774 18.164492333654668 6.001137196149052 9.809182939761456 0.19606997736072884 3.8183734627819987 19.696599043081235 -2.5641276704523897 5.568961373028216 1.1165488484184216 -8.357363401193021 -6.207874105703331 -9.717652081666193 -0.6639330519797504
22.364729458917836 9.00380806117914 0.12197924797986204 3.597050026017712 1.6291262145137253 -3.4012108005454067 -1.9835348356982685 12.543714637743626 19.202658735638536 33.09125403966772 15.168241267713096 17.681257774192748 6.963324754049924 11.339777320777436 -1.4315340584420886 1.5384987082829114 18.171657556386787 6.008302418881189 9.816348162493593 0.20323520009284834 3.825538685514136 19.703764265813373 -2.55696244772027 5.576126595760353 1.1237140711505589 -8.350198178460884 -6.200708882971194 -9.710486858934074 -0.6567678292476309
22.4248496993988 9.010951650191359 0.1291228369920816 3.6041936150299136 1.636269803525927 -3.394067211533187 -1.976391246686049 12.550858226755846 19.20980232465076 33.098397628679926 15.175384856725316 17.688401363204967 6.9704683430621435 11.346920909789638 -1.424390469429869 1.5456422972951132 18.178801145399007 6.015446007893391 9.823491751505795 0.2103787891050679 3.8326822745263556 19.710907854825575 -2.5498188587080506 5.583270184772555 1.1308576601627784 -8.343054589448682 -6.193565293958992 -9.703343269921854 -0.6496242402354113
22.484969939879758 9.018074229227508 0.13624541602823115 3.611316194066063 1.6433923825620944 -3.3869446324970376 -1.9692686676498994 12.557980805791995 19.21692490368691 33.105520207716076 15.182507435761465 17.695523942241117 6.977590922098293 11.354043488825805 -1.4172678903937195 1.5527648763312805 18.185923724435156 6.02256858692954 9.830614330541945 0.21750136814121745 3.839804853562505 19.718030433861724 -2.542696279671901 5.590392763808705 1.137980239198928 -8.335932010412533 -6.186442714922842 -9.696220690885704 -0.6425016611992618
22.54509018036072 9.02517611024134 0.1433472970420624 3.618418075079912 1.6504942635759257 -3.3798427514831886 -1.9621667866360681 12.565082686805827 19.224026784700747 33.11262208872992 15.189609316775297 17.702625823254948 6.984692803112142 11.361145369839637 -1.4101660093798882 1.5598667573451117 18.193025605449005 6.029670467943389 9.837716211555794 0.2246032491550487 3.8469067345763364 19.725132314875573 -2.53559439865807 5.597494644822554 1.1450821202127592 -8.328830129398684 -6.179340833908993 -9.689118809871873 -0.6353997801854305
22.605210420841683 9.032257537451436 0.15042872425215847 3.6254995022900083 1.6575756907860217 -3.3727613242730925 -1.955085359425972 12.572164114015923 19.231108211910843 33.11970351594002 15.196690743985393 17.709707250465044 6.991774230322238 11.368226797049733 -1.4030845821697921 1.5669481845552078 18.2001070326591 6.036751895153485 9.84479763876589 0.23168467636514478 3.8539881617864324 19.73221374208567 -2.5285129714479737 5.60457607203265 1.1521635474228553 -8.321748702188588 -6.172259406698897 -9.682037382661777 -0.6283183529753167
22.665330661322646 9.039318790404192 0.15748997720489655 3.6325607552427464 1.6646369437387598 -3.3657000713203544 -1.948024106473234 12.579225366968661 19.23816946486358 33.126764768892755 15.20375199693813 17.716768503417782 6.998835483274976 11.375288050002471 -1.396023329217054 1.5740094375079459 18.20716828561184 6.043813148106223 9.851858891718628 0.23874592931790062 3.8610494147391705 19.739274995038407 -2.521451718495218 5.611637324985388 1.1592248003756112 -8.31468744923585 -6.165198153746159 -9.674976129709021 -0.6212571000225786
