web/models/kne/43/mosfit_kn_0.077496_0.1553_0.5000.dat
# %ECSV 1.0
# ---
# datatype:
# - {name: time, datatype: float64}
# - {name: PS1_g, datatype: float64}
# - {name: PS1_i, datatype: float64}
# - {name: PS1_r, datatype: float64}
# - {name: PS1_w, datatype: float64}
# - {name: PS1_y, datatype: float64}
# - {name: PS1_z, datatype: float64}
# - {name: swift_uvot_B, datatype: float64}
# - {name: swift_uvot_U, datatype: float64}
# - {name: swift_uvot_uvm2, datatype: float64}
# - {name: swift_uvot_uvw1, datatype: float64}
# - {name: swift_uvot_uvw2, datatype: float64}
# - {name: swift_uvot_V, datatype: float64}
# - {name: johnson_B, datatype: float64}
# - {name: johnson_I, datatype: float64}
# - {name: johnson_R, datatype: float64}
# - {name: johnson_U, datatype: float64}
# - {name: johnson_V, datatype: float64}
# - {name: sdss_g, datatype: float64}
# - {name: sdss_i, datatype: float64}
# - {name: sdss_r, datatype: float64}
# - {name: sdss_u, datatype: float64}
# - {name: sdss_z, datatype: float64}
# - {name: ATLAS_c, datatype: float64}
# - {name: ATLAS_o, datatype: float64}
# - {name: ukirt_H, datatype: float64}
# - {name: ukirt_J, datatype: float64}
# - {name: ukirt_K, datatype: float64}
# - {name: Clear, datatype: float64}
# meta: !!omap
# - comment: [kappa = 0.5, type = rprocess, mass = 0.07749594937791414, velocity = 0.15533333333333332, theta_obs = 0.0, tfloor = 1000.0]
# schema: astropy-2.0
time PS1_g PS1_i PS1_r PS1_w PS1_y PS1_z swift_uvot_B swift_uvot_U swift_uvot_uvm2 swift_uvot_uvw1 swift_uvot_uvw2 swift_uvot_V johnson_B johnson_I johnson_R johnson_U johnson_V sdss_g sdss_i sdss_r sdss_u sdss_z ATLAS_c ATLAS_o ukirt_H ukirt_J ukirt_K Clear
[from data line 141]
8.537074148296593 -4.6935591422326794 -9.869468393580085 -7.869825602255549 -8.583218112011046 -11.778226662883906 -11.03676099101202 -2.637140490644817 0.7971771942048103 10.495580506259255 0.9289469700065038 2.8606294059019857 -6.0576293126491025 -3.0909190190916154 -10.892666437991132 -8.86731049992352 0.2888357685794386 -6.404991566960978 -4.214829959717612 -9.824738164564746 -7.784297986744981 1.4269496278958371 -11.285544831958934 -6.476071624992805 -9.083964829530284 -14.140733371297214 -13.166528118847525 -14.655703987155382 -9.664234126864706
8.597194388777554 -4.567684646671317 -9.78929730805028 -7.771254041098761 -8.498690236208795 -11.71794270821854 -10.968311767544652 -2.49321818944897 0.9798361839603411 10.739268293561178 1.0674645167144274 3.0021496566054897 -5.940763434018177 -2.9541826674258016 -10.818756378337195 -8.779319554679425 0.4656216743794662 -6.293581822784675 -4.084790718885252 -9.744068642274115 -7.684266515681379 1.6080614784315905 -11.220392947736357 -6.3694795776579305 -8.999620260780965 -14.111516178888921 -13.123110579781885 -14.63653090014615 -9.593254700496203
8.657314629258517 -4.442288716032099 -9.709394511160259 -7.673039468289122 -8.414510763755132 -11.657840414324898 -10.900075576655137 -2.3498448449625284 1.1617985728007876 10.981656049263822 1.2052326713516952 3.143039203440875 -5.824309095199614 -2.8180209837275467 -10.74509429280041 -8.691703664713224 0.6417278868545996 -6.1826086583353375 -3.955249213736458 -9.663670455687043 -7.584588924944207 1.7884896317816334 -11.155455782588657 -6.263315074835756 -8.915611335967313 -14.082370557698914 -13.079816260170334 -14.617399017834634 -9.522601100122952
8.71743486973948 -4.317377531763711 -9.62976528142061 -7.575187553352176 -8.330683221113286 -11.597924373818369 -10.83205735351056 -2.2070275059627518 1.3430559784326948 11.222741077220203 1.3422514902696752 3.2832954296621932 -5.708273062293519 -2.682439834084111 -10.671685149911962 -8.604467291264328 0.817146047993418 -6.072078110394778 -3.8262117568670106 -9.583548901692254 -7.485271133649984 1.9682253112032022 -11.090738001556755 -6.157582765067726 -8.831942338887053 -14.053299407473448 -13.036648868705798 -14.598310509177297 -9.452275693035066
8.77755511022044 -4.192949307258118 -9.55040948510069 -7.477697520217248 -8.247205535374409 -11.538194890182005 -10.764257282192187 -2.0647642272138986 1.5236111844054891 11.46253525488763 1.4785294538069143 3.4229243252835286 -5.592654618089939 -2.5474365040554265 -10.598528860018323 -8.51760904912026 0.9918786462561681 -5.961989041271598 -3.6976764583431887 -9.503703836563329 -7.386312530040211 2.147270834808861 -11.026239705111553 -6.052280439953552 -8.748611925890106 -14.024303110092296 -12.993608783994047 -14.579265602294383 -9.38227602583071
8.837675350701403 -4.068984588840436 -9.471315007133079 -7.380554320653214 -8.164063199125753 -11.478642772852812 -10.696665028235408 -1.923033127880639 1.7034917524508588 11.701082630737872 1.6140939253363311 3.5619512304031145 -5.477436465807977 -2.4129892835914686 -10.525614139786878 -8.431114643920996 1.1659522202059835 -5.85232444577908 -3.5696232415679674 -9.424123073203319 -7.287698039284081 2.32565312455721 -10.96195089740208 -5.9473906762626605 -8.66560629870417 -13.995376469712626 -12.950689015133817 -14.56026022105826 -9.312588939508526
8.897795591182364 -3.9454929428594276 -9.392489342325607 -7.283766298440977 -8.081262228403236 -11.41927435379003 -10.629287459642676 -1.781845054974368 1.8826845280798568 11.938374146862692 1.7489405519138228 3.700369088397434 -5.362628471064917 -2.2791076871876688 -10.452948025257449 -8.344990962133256 1.3393538160230167 -5.743093331176056 -3.442061905955409 -9.344814136080757 -7.189436281511945 2.5033587159526505 -10.89787809797194 -5.842921108917949 -8.582932117056323 -13.966523428414755 -12.90789462426451 -14.541297364246402 -9.243219004732914
8.957915831663327 -3.822460118316453 -9.31392384295842 -7.187322564473835 -7.998791861529622 -11.360083175276348 -10.562117274042357 -1.641183982849529 2.06120976424387 12.174444124595919 1.8830905516895418 3.838197040534418 -5.248218157713585 -2.1457756213451735 -10.38052247157956 -8.25922749466929 1.5121029007036912 -5.634283322937123 -3.3149777328439 -9.265768323609063 -7.091516387663255 2.6804073102300308 -10.834014225135586 -5.738858852241524 -8.500579252342284 -13.937740410894042 -12.865220745057131 -14.522374226003494 -9.174156339616086
9.018036072144287 -3.699871584761727 -9.235609642614833 -7.0912119846045485 -7.9166411816873605 -11.301062598130738 -10.495146969983882 -1.5010335636743932 2.239088104791005 12.40932720942046 2.016565171465175 3.975454329209406 -5.134192756130418 -2.012976713497942 -10.308329230140291 -8.173813534502312 1.684219327710188 -5.525881783426507 -3.1883557172874255 -9.186976714726978 -6.993927234697299 2.8568190125616866 -10.770352010966135 -5.635190808677386 -8.418537386438292 -13.909023742092701 -12.822662372480325 -14.503487933054727 -9.105390957984572
9.07815631262525 -3.5777383128271723 -9.157555117738152 -6.995443984103176 -7.834817282947704 -11.24221963668921 -10.428384177320371 -1.3614062111912262 2.4163044039990034 12.643011555278761 2.1493579240857135 4.112131791848817 -5.020563381451216 -1.8807219993416384 -10.23637615778049 -8.08875695398892 1.8556882417262588 -5.417898920282728 -3.06220710644709 -9.108447719954391 -6.896678530391309 3.0325784255840738 -10.70689870563033 -5.531925884169677 -8.336814161311139 -13.88037777921834 -12.78022509940788 -14.484641825429525 -9.036928409761416
9.138276553106213 -3.4560312938303284 -9.07974154710649 -6.899995711122138 -7.753299109123368 -11.18353983093483 -10.361812732356217 -1.2222692329495566 2.5928996157212403 12.875557852845954 2.281505231298411 4.24826434165254 -4.907303636783944 -1.74897957919168 -10.164645800739855 -8.00403649200095 2.0265492134110974 -5.31030908738266 -2.9365019934472336 -9.030162513152362 -6.799747268626639 3.2077258385988294 -10.643638736240497 -5.429038549030061 -8.255389069416399 -13.851794259111772 -12.737897852741911 -14.465829500493681 -8.968750019540437
9.198396793587174 -3.3347477748959697 -9.00216796426669 -6.804865483221505 -7.672084145095841 -11.125022779735438 -10.295432051907412 -1.0836195500103252 2.7688778460070296 13.106978915403605 2.413014984662674 4.383857673724268 -4.794411718383345 -1.617745774307359 -10.093137289010212 -7.9196500196587865 2.196806077001987 -5.20311016267408 -2.8112375004859302 -8.9521201143498 -6.703131892154808 3.3822649871781607 -10.580571479417298 -5.326525926650483 -8.17426009589754 -13.823273188291497 -12.695680471658777 -14.447050951740417 -8.900853104316777
9.258517034068136 -3.213885569839512 -8.924833766036855 -6.7100520602387626 -7.591170298958403 -11.066668364567516 -10.229241867882948 -0.9454547180494466 2.944242399542869 13.337286437033878 2.5438943044837186 4.518916719888072 -4.681886334269312 -1.4870175195194195 -10.021850091034505 -7.835595810745766 2.366461897884242 -5.096300515298322 -2.6864113337867934 -8.87431990868885 -6.60683128941459 3.5561988239596687 -10.517696613966798 -5.224385645897023 -8.09342562331052 -13.794814741996946 -12.653573014275173 -14.428306308320645 -8.833235359636245
9.318637274549097 -3.0934241752902025 -8.847725914502949 -6.6155394033913595 -7.5105426106066275 -11.008466605331755 -10.163230986779688 -0.8077516231405923 3.119022289896325 13.56652513059236 2.674169801812614 4.653466516690564 -4.5697089827146025 -1.3567721083001454 -9.950772062414678 -7.751858816366409 2.535544682280786 -4.989862091923897 -2.5620023456261976 -8.796748783441544 -6.510829344233482 3.72955582886064 -10.455003346812983 -5.122599579413656 -8.012871151450565 -13.766413303574206 -12.61156788741319 -14.409591234373485 -8.7658834329007
9.37875751503006 -2.973361200569258 -8.770843622177509 -6.521326076838747 -7.430198901036391 -10.95041722404071 -10.097398967773774 -0.6705075807323724 3.2932211032655623 13.794706763859509 2.8038484543203883 4.7875119537264474 -4.4578781332070365 -1.2270062850660006 -9.879902499370871 -7.66843716345947 2.70405778099591 -4.883793055539269 -2.4380080338195143 -8.719405938925302 -6.415124738739664 3.902339258373857 -10.392491196539524 -5.021165220997492 -7.932594926566399 -13.73806896059296 -12.569665026059907 -14.390905803720171 -8.698794984545763
9.438877755511022 -2.8536875372945048 -8.694181528200122 -6.427405208751029 -7.350132287100166 -10.892516311784597 -10.031741348658354 -0.533712323320944 3.4668518525216108 14.021855125174852 2.9329442920460207 4.921065225020534 -4.346385930623058 -1.0977095990568702 -9.809236426925835 -7.585324093110686 2.872013693414839 -4.778085539623402 -2.314418982224602 -8.642285978976307 -6.319710641198046 4.074561735917417 -10.330155828664651 -4.920074297169368 -7.852590472139287 -13.709779669196374 -12.527861547921207 -14.372248450211645 -8.63196364695991
9.498997995991983 -2.7343853269831975 -8.617728316995112 -6.333762850056637 -7.27032975889335 -10.834755231619866 -9.966248430223317 -0.39734570721280277 3.639939834875161 14.2480096196987 3.061480537231667 5.05414806577631 -4.235216282130925 -0.9688622379484928 -9.73876331009236 -7.502506498737945 3.0394368358882917 -4.672723834978673 -2.1912167692737583 -8.565377522932245 -6.224573040110695 4.2462480881810905 -10.267987894471773 -4.819311022566524 -7.772845166993196 -13.681540610521308 -12.486150903398608 -14.353615472497621 -8.565377810378152
9.559118236472946 -2.6154533513761002 -8.541483934043459 -6.240398469801782 -7.190790034520944 -10.777134268079038 -9.900920400789008 -0.2614063585216108 3.81248698120654 14.473179483780672 3.189462453616905 5.18676373828734 -4.1243686958496655 -0.8404622410525457 -9.668483128949827 -7.419983358528762 3.20632897101899 -4.56770712214922 -2.068400102400556 -8.488680508307382 -6.129711524625172 4.417399961431165 -10.205987521798328 -4.718873953583049 -7.6933580901375365 -13.653352208002525 -12.444533463151346 -14.335007218694338 -8.499035956895664
9.619238476953907 -2.496879098746163 -8.465440647674356 -6.147302408023325 -7.111503912919783 -10.71964761259979 -9.835750699049122 -0.12588015828705607 3.984511077351378 14.697394170800028 3.3169072408163562 5.318927869809343 -4.013832056791416 -0.7124955577407415 -9.598388695078299 -7.3377454547768055 3.3727072406052616 -4.463024462002438 -1.9459560655896802 -8.412187156936461 -6.035116424374696 4.588034747985077 -10.144148374312554 -4.618751943072255 -7.6141203871570795 -13.625211307298704 -12.403004871229902 -14.316421281474872 -8.432929784186332
9.67935871743487 -2.3786481319282693 -8.38958939907835 -6.054463437358724 -7.032460865516921 -10.662288396974642 -9.770731591479311 0.00924918839451011 4.156032612765994 14.920686418580452 3.4438339960306767 5.450658112053613 -3.903593419519738 -0.584946095217042 -9.528471581437483 -7.255782182999771 3.538591410997316 -4.3586631871663934 -1.8238697622587807 -8.335888357227965 -5.940776475176079 4.758172533342471 -10.08246299737932 -4.518932206251254 -7.535121858134541 -13.597114133287194 -12.361559949985919 -14.297854779851809 -8.367049871165477
9.739478957915832 -2.2607597097430343 -8.31393040123352 -5.961881374863687 -6.9536600077116795 -10.605057100311317 -9.705863487668367 0.1439825271206175 4.327052839650367 15.14306419776323 3.570247083403633 5.581956930079755 -3.7936526846842193 -0.45781244012208006 -9.458732017239033 -7.174092868691713 3.7039826012940824 -4.254622877251781 -1.7021403935609314 -8.25978431604872 -5.846691609606509 4.927814318803634 -10.020931736667809 -4.419413756670796 -7.456361925260779 -13.569061226016908 -12.32019921919491 -14.279308164184863 -8.301395085738594
9.799599198396793 -2.1431977665610447 -8.238453452801231 -5.869543654520193 -6.875089709553794 -10.547945935658767 -9.641137639821444 0.27833799634826023 4.4975945312359755 15.36456286554452 3.6961670709993126 5.7128435998751534 -3.68399533891217 -0.3310767869930447 -9.389160508959932 -7.092665736749855 3.868902799394085 -4.150889394504202 -1.5807513888575997 -8.183864774085716 -5.752849198789978 5.096982474604133 -9.959546172333376 -4.320182440855085 -7.377829254135353 -13.541048272212224 -12.278916787877153 -14.260778146764855 -8.235955095110956
9.859719438877756 -2.0259509375391715 -8.163151522310876 -5.777441493604272 -6.796741665503472 -10.490949623483203 -9.576548080351515 0.41232843375875633 4.667673858090957 15.585209162792331 3.821609382537226 5.84333213429845 -3.5746112650417965 -0.20472638181358632 -9.319750522840124 -7.01149242739205 4.033367594292397 -4.047452802813749 -1.459691016986575 -8.108122658111032 -5.659240446644667 5.2656928261466085 -9.898300550618782 -4.22122816565059 -7.299515817499191 -13.513072431505593 -12.23770870927133 -14.24226257959697 -8.170722435875746
9.919839679358716 -1.9090177185476875 -8.088024253512955 -5.685574059782468 -6.718614509684784 -10.434068174432714 -9.512094705239171 0.5459555539992145 4.837293136540719 15.805012021412296 3.9465788517516036 5.973425614645485 -3.465499596121682 -0.07875903159364867 -9.250501756238016 -6.93057171878903 4.197379148575873 -3.9443119765864028 -1.3389576964783068 -8.032557603488133 -5.565864618173784 5.433947456031731 -9.837194731712238 -4.122549330234708 -7.2214205106852525 -13.485133969018273 -12.196575137488955 -14.22376171127709 -8.10569560447453
9.97995991983968 -1.7923840356796283 -8.013062742708108 -5.593930361799746 -6.640698070486177 -10.377294812131623 -9.447769891910127 0.6792352563477067 5.006472338902999 16.02400275275277 4.071093558688332 6.10314089861436 -3.356647635675068 0.04684088836217243 -9.181405927665171 -6.8498932983928045 4.360956743057958 -3.8414545451688094 -1.2185369098228804 -7.957160655919182 -5.472710670989063 5.601765978711146 -9.776221382967965 -4.02413353949413 -7.143533412785814 -13.45722916530608 -12.15551096365539 -14.205272722718634 -8.040865566587634
10.040080160320642 -1.6760383129207668 -7.938259764012425 -5.502501414701939 -6.562983949041943 -10.320624084950065 -9.383567487440576 0.8121806241157514 5.1752279281267555 16.24220802859465 4.195168810179712 6.2324920248744995 -3.2480450169210444 0.17208631273161473 -9.112456322222393 -6.769448670396135 4.524116258491578 -3.7388703686674036 -1.0984167115049104 -7.881924547613437 -5.37976959403645 5.769164532801341 -9.715374582154936 -3.9259705608606765 -7.06584636169671 -13.429355078499688 -12.114512105548874 -14.186793397449813 -7.976224823205786
10.100200400801603 -1.5599789032161837 -7.863614817138824 -5.411286240712094 -6.485470726485154 -10.264055873211628 -9.319487248639344 0.9447935399280538 5.34356241440582 16.45963663983325 4.318809292869226 6.361482045995835 -3.139690692713544 0.29697955159782524 -9.043652502403507 -6.689236516474513 4.686860055212339 -3.6365581747098092 -0.9785953754915688 -7.806848769754584 -5.287040496522497 5.936145415313305 -9.654654062320933 -3.828058707587463 -6.988358160942454 -13.401511895488392 -12.073578613278569 -14.168323931980085 -7.911771862349575
10.160320641282565 -1.444193271986709 -7.789119994717453 -5.320275061755346 -6.4081493625022645 -10.20758417362428 -9.255522414736372 1.0770881727038428 5.51149360392964 16.67631669782025 4.442031134582578 6.490125939889101 -3.031573364949616 0.42153453804533897 -8.974987117196733 -6.6092476563675655 4.84920532115585 -3.534506956851062 -0.8590599715233793 -7.7319253701625 -5.194513557109417 6.102726111765655 -9.594053324592284 -3.730386947454889 -6.911059983191041 -13.373696349141396 -12.032705975079699 -14.149861864399929 -7.847498661114667
