web/models/kne/43/mosfit_kn_0.001513_0.2493_10.0000.dat
# %ECSV 1.0
# ---
# datatype:
# - {name: time, datatype: float64}
# - {name: PS1_g, datatype: float64}
# - {name: PS1_i, datatype: float64}
# - {name: PS1_r, datatype: float64}
# - {name: PS1_w, datatype: float64}
# - {name: PS1_y, datatype: float64}
# - {name: PS1_z, datatype: float64}
# - {name: swift_uvot_B, datatype: float64}
# - {name: swift_uvot_U, datatype: float64}
# - {name: swift_uvot_uvm2, datatype: float64}
# - {name: swift_uvot_uvw1, datatype: float64}
# - {name: swift_uvot_uvw2, datatype: float64}
# - {name: swift_uvot_V, datatype: float64}
# - {name: johnson_B, datatype: float64}
# - {name: johnson_I, datatype: float64}
# - {name: johnson_R, datatype: float64}
# - {name: johnson_U, datatype: float64}
# - {name: johnson_V, datatype: float64}
# - {name: sdss_g, datatype: float64}
# - {name: sdss_i, datatype: float64}
# - {name: sdss_r, datatype: float64}
# - {name: sdss_u, datatype: float64}
# - {name: sdss_z, datatype: float64}
# - {name: ATLAS_c, datatype: float64}
# - {name: ATLAS_o, datatype: float64}
# - {name: ukirt_H, datatype: float64}
# - {name: ukirt_J, datatype: float64}
# - {name: ukirt_K, datatype: float64}
# - {name: Clear, datatype: float64}
# meta: !!omap
# - comment: [kappa = 10.0, type = rprocess, mass = 0.001513321957917195, velocity = 0.24933333333333338, theta_obs = 0.0, tfloor = 1000.0]
# schema: astropy-2.0
time PS1_g PS1_i PS1_r PS1_w PS1_y PS1_z swift_uvot_B swift_uvot_U swift_uvot_uvm2 swift_uvot_uvw1 swift_uvot_uvw2 swift_uvot_V johnson_B johnson_I johnson_R johnson_U johnson_V sdss_g sdss_i sdss_r sdss_u sdss_z ATLAS_c ATLAS_o ukirt_H ukirt_J ukirt_K Clear
[from data line 474]
28.557114228456914 16.363786266005995 7.481957452806718 10.95702823084455 8.989104419340581 3.958767404281449 5.376443369128587 19.903692842570482 26.562636940465396 40.45123224449457 22.528219472539952 25.041235979019604 14.32330295887678 18.699755525604292 5.928444146384767 8.898476913109768 25.531635761213643 13.368280623708026 17.17632636732043 7.563213404919704 11.185516890340992 27.06374247064022 4.803015757106586 12.936104800587191 8.483692275977415 -0.9902199736340462 1.159269321855644 -2.3505086541072173 6.703210375579225
28.617234468937873 16.373537652383163 7.491708839183868 10.966779617221718 8.998855805717731 3.9685187906586172 5.386194755505738 19.913444228947633 26.572388326842553 40.46098363087172 22.53797085891711 25.05098736539676 14.333054345253949 18.709506911981443 5.938195532761918 8.908228299486918 25.541387147590804 13.378032010085194 17.1860777536976 7.572964791296872 11.195268276718142 27.07349385701738 4.812767143483754 12.94585618696436 8.493443662354565 -0.9804685872568781 1.1690207082328121 -2.340757267730049 6.712961761956393
28.677354709418836 16.383270704153254 7.501441890953977 10.976512668991809 9.008588857487823 3.9782518424287083 5.3959278072758465 19.92317728071774 26.582121378612655 40.47071668264183 22.54770391068721 25.060720417166852 14.34278739702404 18.71923996375155 5.947928584532026 8.91796135125701 25.551120199360902 13.387765061855285 17.19581080546769 7.582697843066963 11.205001328488251 27.08322690878748 4.822500195253845 12.95558923873445 8.503176714124674 -0.970735535486787 1.1787537600029032 -2.331024215959958 6.722694813726484
28.7374749498998 16.392985488854546 7.511156675655251 10.9862274536931 9.018303642189114 3.9879666271299996 5.40564259197712 19.932892065419015 26.591836163313936 40.48043146734312 22.557418695388495 25.070435201868147 14.352502181725331 18.728954748452825 5.957643369233318 8.9276761359583 25.560834984062193 13.397479846556577 17.205525590168982 7.592412627768255 11.214716113189542 27.09294169348876 4.832214979955136 12.965304023435742 8.512891498825965 -0.9610207507854958 1.1884685447041945 -2.321309431258667 6.732409598427775
28.79759519038076 16.402682074025723 7.520853260826446 10.995924038864295 9.028000227360309 3.997663212301177 5.415339177148315 19.94258865059021 26.60153274848513 40.4901280525143 22.56711528055968 25.08013178703933 14.362198766896508 18.73865133362402 5.967339954404495 8.937372721129496 25.57053156923338 13.407176431727772 17.215222175340177 7.602109212939432 11.22441269836072 27.102638278659956 4.841911565126313 12.975000608606937 8.522588083997142 -0.9513241656143008 1.1981651298753895 -2.3116128460874896 6.742106183598953
28.857715430861724 16.412360522320242 7.5305317091209645 11.005602487158814 9.037678675654828 4.0073416605957135 5.425017625442834 19.95226709888473 26.61121119677965 40.49980650080882 22.57679372885421 25.08981023533386 14.371877215191045 18.74832978191854 5.977018402699014 8.947051169424014 25.580210017527897 13.41685488002229 17.224900623634696 7.611787661233951 11.234091146655238 27.112316726954475 4.851590013420832 12.984679056901456 8.532266532291661 -0.9416457173197819 1.2078435781699084 -2.3019343977929707 6.751784631893489
28.917835671342683 16.422020894174203 7.540192080974926 11.015262859012758 9.047339047508789 4.017002032449657 5.434677997296795 19.96192747073869 26.620871568633603 40.50946687266278 22.58645410070816 25.09947060718781 14.381537587044988 18.7579901537725 5.986678774552975 8.956711541277976 25.589870389381858 13.426515251876234 17.23456099548864 7.621448033087912 11.2437515185092 27.12197709880843 4.8612503852747935 12.994339428755417 8.541926904145623 -0.9319853454658384 1.2175039500238518 -2.2922740259390095 6.761445003747433
28.977955911823646 16.431663254373206 7.5498344411739104 11.02490521921176 9.056981407707774 4.0266443926486595 5.44432035749578 19.971569830937675 26.630513928832595 40.51910923286177 22.59609646090715 25.109112967386803 14.391179947243991 18.767632513971485 5.99632113475196 8.96635390147696 25.599512749580853 13.436157612075236 17.24420335568764 7.6310903932869145 11.253393878708184 27.13161945900742 4.870892745473796 13.003981788954402 8.551569264344625 -0.9223429852668359 1.2271463102228544 -2.282631665740007 6.771087363946435
29.03807615230461 16.441287664697644 7.5594588514983485 11.034529629536198 9.066605818032212 4.0362688029730975 5.453944767820218 19.98119424126213 26.640138339157033 40.528733643186214 22.605720871231593 25.118737377711245 14.400804357568429 18.777256924295923 6.005945545076416 8.975978311801398 25.60913715990529 13.445782022399674 17.25382776601208 7.640714803611353 11.26301828903264 27.14124386933186 4.880517155798234 13.01360619927884 8.561193674669063 -0.9127185749423978 1.2367707205472924 -2.273007255415569 6.780711774270873
29.09819639278557 16.45089419182291 7.569065378623634 11.044136156661466 9.07621234515748 4.045875330098365 5.463551294945503 19.9908007683874 26.64974486628231 40.53834017031148 22.615327398356857 25.12834390483651 14.410410884693697 18.78686345142119 6.015552072201683 8.985584838926666 25.61874368703056 13.455388549524942 17.263434293137347 7.65032133073662 11.272624816157908 27.150850396457137 4.890123682923502 13.023212726404108 8.57080020179433 -0.9031120478171302 1.24637724767256 -2.2634007282903013 6.790318301396141
29.158316633266534 16.4604829028295 7.578654089630206 11.053724867668056 9.085801056164069 4.055464041104955 5.473140005952075 20.00038947939397 26.65933357728889 40.54792888131807 22.62491610936345 25.137932615843102 14.419999595700286 18.79645216242778 6.025140783208273 8.995173549933256 25.62833239803715 13.464977260531532 17.273023004143937 7.65991004174321 11.282213527164497 27.160439107463716 4.899712393930091 13.032801437410697 8.58038891280092 -0.8935233368105406 1.2559659586791496 -2.2538120172837117 6.7999070124027305
29.218436873747493 16.47005385270223 7.588225039502952 11.063295817540784 9.095372006036815 4.065034990977683 5.482710955824821 20.009960429266716 26.66890452716163 40.5574998311908 22.634487059236186 25.147503565715837 14.429570545573014 18.806023112300526 6.034711733081001 9.004744499806002 25.637903347909884 13.47454821040426 17.282593954016665 7.669480991615938 11.291784477037226 27.170010057336455 4.909283343802819 13.042372387283443 8.589959862673648 -0.8839523869378125 1.2655369085518777 -2.2442410674109836 6.809477962275459
29.278557114228455 16.479607103716027 7.59777829051675 11.0728490685546 9.104925257050613 4.074588241991499 5.49226420683862 20.019513680280514 26.678457778175435 40.56705308220461 22.644040310249995 25.157056816729646 14.43912379658683 18.815576363314324 6.0442649840947995 9.0142977508198 25.647456598923682 13.484101461418076 17.29214720503048 7.679034242629736 11.301337728051024 27.17956330835026 4.918836594816636 13.051925638297242 8.599513113687447 -0.8743991359239962 1.275090159565694 -2.2346878163971673 6.819031213289275
29.338677354709418 16.489142725110586 7.607313911911291 11.08238468994914 9.114460878445154 4.08412386338604 5.50179982823316 20.029049301675055 26.687993399569976 40.57658870359916 22.653575931644536 25.166592438124187 14.448659417981371 18.825111984708865 6.05380060548934 9.023833372214341 25.656992220318234 13.493637082812617 17.301682826425022 7.688569864024295 11.310873349445565 27.1890989297448 4.9283722162111765 13.061461259691782 8.609048735082006 -0.8648635145294554 1.2846257809602348 -2.2251521950026265 6.828566834683816
29.39879759519038 16.49866077234945 7.616831959150154 11.091902737188004 9.123978925684018 4.093641910624903 5.511317875472024 20.03856734891392 26.69751144680884 40.58610675083801 22.6630939788834 25.17611048536305 14.458177465220235 18.83463003194773 6.063318652728204 9.033351419453204 25.666510267557097 13.50315513005148 17.311200873663886 7.698087911263158 11.320391396684428 27.198616976983665 4.93789026345004 13.070979306930646 8.618566782320869 -0.855345467290592 1.2941438281990982 -2.215634147763763 6.838084881922679
29.458917835671343 16.50816130688881 7.626332493689532 11.101403271727381 9.133479460223395 4.103142445164263 5.520818410011401 20.048067883453296 26.70701198134821 40.59560728537739 22.672594513422766 25.185611019902417 14.467677999759594 18.844130566487106 6.072819187267581 9.042851953992582 25.676010802096464 13.512655664590858 17.320701408203263 7.707588445802518 11.329891931223806 27.208117511523035 4.947390797989399 13.080479841470023 8.628067316860228 -0.8458449327512148 1.3036443627384755 -2.2061336132244036 6.847585416462039
29.519038076152302 16.517644390801962 7.635815577602685 11.110886355640535 9.142962544136548 4.112625529077416 5.530301493924554 20.05755096736645 26.716495065261363 40.605090369290544 22.68207759733592 25.19509410381557 14.477161083672748 18.85361365040026 6.082302271180734 9.052335037905735 25.685493886009617 13.52213874850401 17.330184492116416 7.717071529715671 11.339375015136959 27.21760059543619 4.956873881902553 13.089962925383176 8.637550400773382 -0.8363618488380615 1.3131274466516287 -2.1966505293112504 6.857068500375192
29.579158316633265 16.527110088478274 7.645281275278979 11.120352053316829 9.152428241812842 4.122091226753728 5.539767191600848 20.067016665042743 26.725960762937664 40.61455606696685 22.69154329501222 25.20455980149187 14.48662678134906 18.863079348076553 6.091767968857028 9.061800735582029 25.69495958368592 13.531604446180305 17.33965018979271 7.726537227391983 11.34884071281327 27.22706629311249 4.9663395795788645 13.09942862305947 8.647016098449694 -0.8268961511617674 1.3225931443279229 -2.1871848316349385 6.866534198051504
29.639278557114228 16.536558456066004 7.654729642866727 11.129800420904576 9.16187660940059 4.131539594341458 5.549215559188596 20.07646503263049 26.735409130525404 40.624004434554585 22.70099166259996 25.214008169079612 14.49607514893679 18.8725277156643 6.101216336444776 9.071249103169777 25.70440795127366 13.541052813768053 17.349098557380458 7.735985594979713 11.358289080401 27.23651466070023 4.9757879471665944 13.108876990647218 8.656464466037423 -0.8174477835740197 1.3320415119156528 -2.1777364640472086 6.875982565639234
29.69939879759519 16.545989553913323 7.6641607407140455 11.139231518751878 9.171307707247891 4.140970692188777 5.558646657035915 20.08589613047781 26.744840228372723 40.6334355324019 22.71042276044727 25.22343926692692 14.505506246784108 18.881958813511602 6.110647434292095 9.080680201017078 25.71383904912097 13.550483911615354 17.35852965522776 7.745416692827032 11.36772017824832 27.24594575854755 4.985219045013913 13.11830808849452 8.665895563884742 -0.8080166857267186 1.3414726097629717 -2.1683053661998897 6.885413663486553
29.75951903807615 16.555403442501326 7.673574629302049 11.148645407339881 9.180721595835912 4.15038458077678 5.5680605456239185 20.095310019065813 26.754254116960723 40.642849420989904 22.719836649035283 25.232853155514935 14.514920135372112 18.891372702099623 6.120061322880098 9.090094089605099 25.723252937708985 13.559897800203375 17.36794354381578 7.754830581415035 11.377134066836323 27.25535964713555 4.994632933601917 13.12772197708254 8.675309452472746 -0.7986027971387151 1.3508864983509752 -2.158891477611886 6.894827552074556
29.819639278557112 16.56480018199254 7.682971368793261 11.158042146831093 9.190118335327107 4.159781320267992 5.5774572851151305 20.104706758557025 26.76365085645194 40.652246160481106 22.729233388526485 25.242249895006136 14.524316874863324 18.900769441590818 6.12945806237131 9.099490829096293 25.732649677200186 13.56929453969457 17.377340283306975 7.764227320906247 11.386530806327535 27.264756386626765 5.004029673093129 13.137118716573735 8.684706191963958 -0.7892060576475031 1.3602832378421872 -2.149494738120674 6.904224291565768
29.879759519038075 16.57417983252918 7.692351019329902 11.167421797367734 9.199497985863747 4.169160970804633 5.586836935651771 20.114086409093666 26.773030506988576 40.66162581101775 22.73861303906313 25.25162954554278 14.533696525399964 18.910149092127458 6.138837712907951 9.108870479632934 25.742029327736827 13.57867419023121 17.386719933843615 7.773606971442888 11.395910456864176 27.2741360371634 5.013409323629769 13.146498367110375 8.694085842500598 -0.7798264071108625 1.3696628883788278 -2.1401150875840336 6.913603942102409
29.939879759519037 16.583542451078603 7.701713637879326 11.176784415917158 9.20886060441319 4.178523589354057 5.5961995542011955 20.12344902764309 26.782393125538 40.670988429567174 22.74797565761256 25.26099216409221 14.543059143949389 18.9195117106769 6.148200331457375 9.118233098182376 25.75139194628626 13.588036808780634 17.396082552393057 7.782969589992312 11.4052730754136 27.283498655712826 5.022771942179194 13.155860985659817 8.703448461050023 -0.770463788561438 1.3790255069282522 -2.130752469034609 6.922966560651833
30.0 16.59288809429121 7.711059281091934 11.186130059129784 9.218206247625798 4.187869232566683 5.605545197413804 20.1327946708557 26.79173876875062 40.68033407277979 22.75732130082517 25.27033780730482 14.552404787161997 18.92885735388951 6.157545974669984 9.127578741394984 25.760737589498866 13.59738245199326 17.405428195605666 7.792315233204921 11.414618718626208 27.292844298925445 5.032117585391802 13.165206628872426 8.712794104262631 -0.7611181453488121 1.3883711501408782 -2.121406825822001 6.932312203864441
