web/models/kne/43/mosfit_kn_0.006452_0.3747_3.6500.dat
# %ECSV 1.0
# ---
# datatype:
# - {name: time, datatype: float64}
# - {name: PS1_g, datatype: float64}
# - {name: PS1_i, datatype: float64}
# - {name: PS1_r, datatype: float64}
# - {name: PS1_w, datatype: float64}
# - {name: PS1_y, datatype: float64}
# - {name: PS1_z, datatype: float64}
# - {name: swift_uvot_B, datatype: float64}
# - {name: swift_uvot_U, datatype: float64}
# - {name: swift_uvot_uvm2, datatype: float64}
# - {name: swift_uvot_uvw1, datatype: float64}
# - {name: swift_uvot_uvw2, datatype: float64}
# - {name: swift_uvot_V, datatype: float64}
# - {name: johnson_B, datatype: float64}
# - {name: johnson_I, datatype: float64}
# - {name: johnson_R, datatype: float64}
# - {name: johnson_U, datatype: float64}
# - {name: johnson_V, datatype: float64}
# - {name: sdss_g, datatype: float64}
# - {name: sdss_i, datatype: float64}
# - {name: sdss_r, datatype: float64}
# - {name: sdss_u, datatype: float64}
# - {name: sdss_z, datatype: float64}
# - {name: ATLAS_c, datatype: float64}
# - {name: ATLAS_o, datatype: float64}
# - {name: ukirt_H, datatype: float64}
# - {name: ukirt_J, datatype: float64}
# - {name: ukirt_K, datatype: float64}
# - {name: Clear, datatype: float64}
# meta: !!omap
# - comment: [kappa = 3.65, type = rprocess, mass = 0.006451950121499907, velocity = 0.3746666666666667, theta_obs = 0.0, tfloor = 1000.0]
# schema: astropy-2.0
time PS1_g PS1_i PS1_r PS1_w PS1_y PS1_z swift_uvot_B swift_uvot_U swift_uvot_uvm2 swift_uvot_uvw1 swift_uvot_uvw2 swift_uvot_V johnson_B johnson_I johnson_R johnson_U johnson_V sdss_g sdss_i sdss_r sdss_u sdss_z ATLAS_c ATLAS_o ukirt_H ukirt_J ukirt_K Clear
[from data line 352]
21.22244488977956 12.582892073406917 3.70106326020764 7.17613403824549 5.208210226741503 0.1778732116823889 1.5955491765295093 16.122798649971404 22.781742747866325 36.6703380518955 18.747325279940885 21.260341786420526 10.54240876627772 14.918861333005214 2.1475499537856892 5.117582720510689 21.750741568614572 9.587386431108966 13.395432174721371 3.782319212320626 7.404622697741914 23.28284827804115 1.0221215645075077 9.155210607988131 4.702798083378337 -4.771114166233107 -2.621624870743416 -6.131402846706296 2.9223161829801647
21.28256513026052 12.594589743149509 3.7127609299502318 7.187831707988082 5.219907896484095 0.18957088142496303 1.6072468462721012 16.134496319713996 22.793440417608917 36.68203572163809 18.759022949683466 21.272039456163117 10.554106436020295 14.930559002747806 2.159247623528281 5.129280390253281 21.762439238357167 9.599084100851558 13.407129844463963 3.794016882063218 7.416320367484506 23.294545947783742 1.0338192342500996 9.166908277730723 4.714495753120929 -4.759416496490515 -2.6099272010008243 -6.119705176963704 2.934013852722739
21.34268537074148 12.606265407675767 3.72443659447649 7.19950737251434 5.231583561010353 0.20124654595122138 1.6189225107983596 16.146171984240254 22.805116082135164 36.693711386164345 18.770698614209724 21.283715120689376 10.565782100546553 14.942234667274064 2.1709232880545395 5.140956054779539 21.774114902883426 9.610759765377816 13.418805508990221 3.8056925465894764 7.427996032010764 23.30622161230999 1.045494898776358 9.178583942256981 4.726171417647187 -4.747740831964257 -2.598251536474566 -6.1080295124374455 2.945689517248997
21.402805611222444 12.617918571271911 3.7360897580726338 7.211160536110484 5.243236724606497 0.21289970954736503 1.6305756743945032 16.157825147836398 22.816769245731308 36.70536454976049 18.782351777805868 21.29536828428552 10.577435264142697 14.953887830870208 2.182576451650683 5.152609218375683 21.78576806647957 9.62241292897396 13.430458672586365 3.81734571018562 7.439649195606908 23.317874775906134 1.0571480623725016 9.190237105853125 4.737824581243331 -4.736087668368113 -2.58659837287844 -6.096376348841302 2.957342680845141
21.462925851703407 12.62954907294123 3.7477202597419534 7.2227910377797855 5.254867226275799 0.2245302112166847 1.642206176063823 16.169455649505718 22.82839974740063 36.7169950514298 18.793982279475188 21.30699878595483 10.589065765812016 14.965518332539528 2.194206953320003 5.164239720044985 21.79739856814888 9.634043430643262 13.442089174255667 3.8289762118549397 7.451279697276227 23.329505277575457 1.0687785640418213 9.201867607522427 4.74945508291265 -4.724457166698811 -2.5749678712091204 -6.084745847171982 2.9689731825144605
21.52304609218437 12.641156892285643 3.759328079086366 7.234398857124198 5.266475045620229 0.23613803056109717 1.6538139954082354 16.18106346885013 22.840007566745044 36.728602870774225 18.8055900988196 21.31860660529925 10.600673585156429 14.97712615188394 2.2058147726644153 5.175847539389415 21.809006387493298 9.645651249987692 13.453696993600097 3.840584031199352 7.46288751662064 23.34111309691987 1.0803863833862337 9.213475426866857 4.761062902257063 -4.712849347354399 -2.563360051864708 -6.07313802782757 2.980581001858873
21.58316633266533 12.652742057941566 3.770913244742289 7.245984022780139 5.278060211276152 0.24772319621703787 1.6653991610641583 16.192648634506053 22.851592732400974 36.74018803643015 18.817175264475534 21.330191770955185 10.61225875081237 14.988711317539863 2.217399938320338 5.187432705045338 21.82059155314922 9.657236415643615 13.46528215925602 3.852169196855275 7.474472682276563 23.3526982625758 1.0919715490421744 9.22506059252278 4.772648067912986 -4.701264181698458 -2.5517748862087672 -6.061552862171647 2.9921661675148137
21.64328657314629 12.664304619079854 3.7824758058805763 7.257546583918408 5.28962277241444 0.25928575735530757 1.6769617222024458 16.20421119564434 22.86315529353925 36.751750597568424 18.82873782561381 21.341754332093462 10.623821311950639 15.00027387867815 2.2289624994586257 5.198995266183625 21.832154114287512 9.668798976781884 13.47684472039429 3.8637317579935626 7.48603524341485 23.364260823714076 1.1035341101804441 9.236623153661068 4.784210629051273 -4.6897016205601885 -2.5402123250704975 -6.049990301033359 3.0037287286530834
21.703406813627254 12.675844635015281 3.7940158218160036 7.269086599853836 5.301162788349867 0.2708257732907349 1.688501738137873 16.215751211579768 22.87469530947468 36.76329061350385 18.840277841549238 21.35329434802889 10.635361327886066 15.011813894613578 2.240502515394053 5.210535282119053 21.84369413022293 9.680338992717312 13.488384736329717 3.87527177392899 7.497575259350278 23.375800839649507 1.1150741261158714 9.248163169596477 4.7957506449867005 -4.678161604624761 -2.5286723091350702 -6.038450285097932 3.0152687445885107
21.763527054108216 12.687362164173361 3.805533350974084 7.280604129011934 5.312680317507947 0.2823433024488331 1.7000192672959535 16.22726874073785 22.88621283863277 36.77480814266194 18.851795370707325 21.364811877186977 10.646878857044165 15.023331423771658 2.2520200445521334 5.222052811277133 21.85521165938102 9.69185652187541 13.499902265487815 3.886789303087088 7.509092788508358 23.387318368807595 1.1265916552739696 9.259680698754575 4.807268174144781 -4.666644075466663 -2.517154779976972 -6.026932755939834 3.026786273746609
21.82364729458918 12.698857269729338 3.8170284565300605 7.2920992345678926 5.324175423063906 0.2938384080047918 1.71151437285193 16.238763846293825 22.89770794418874 36.78630324821791 18.863290476263295 21.376306982742946 10.658373962600123 15.034826529327635 2.26351515010811 5.23354791683311 21.866706764936986 9.703351627431369 13.511397371043774 3.898284408643047 7.5205878940643345 23.398813474363564 1.1380867608299283 9.271175804310534 4.818763279700757 -4.655148969910704 -2.5056596744210133 -6.015437650383875 3.0382813793025676
21.883767535070138 12.710330016056197 3.828501202856902 7.303571980894752 5.335648169390765 0.3053111543316511 1.7229871191787716 16.250236592620666 22.909180690515587 36.79777599454477 18.874763222590143 21.387779729069795 10.669846708926983 15.046299275654476 2.2749878964349515 5.245020663159951 21.878179511263845 9.714824373758228 13.522870117370633 3.909757154969906 7.532060640391176 23.410286220690413 1.1495595071567877 9.282648550637393 4.830236026027617 -4.643676223583845 -2.494186928094154 -6.003964904057016 3.049754125629427
21.9438877755511 12.721780463418408 3.839951650219131 7.315022428256963 5.347098616752994 0.31676160169386236 1.7344375665410006 16.261687039982895 22.920631137877805 36.80922644190698 18.886213669952365 21.399230176432017 10.681297156289194 15.057749723016705 2.2864383437971805 5.25647111052218 21.889629958626056 9.72627482112044 13.534320564732845 3.9212076023321174 7.543511087753405 23.42173666805263 1.161009954518999 9.294098997999605 4.841686473389828 -4.632225776221634 -2.4827364807319428 -5.9925144566948045 3.061204572991638
22.004008016032063 12.733208676130872 3.8513798629315943 7.326450640969426 5.3585268294654576 0.32818981440632555 1.7458657792534638 16.27311525269536 22.932059350590272 36.82065465461945 18.89764188266483 21.41065838914448 10.692725369001657 15.069177935729169 2.2978665565096437 5.267899323234643 21.901058171338526 9.73770303383292 13.545748777445326 3.9326358150445806 7.554939300465868 23.433164880765098 1.172438167231462 9.305527210712086 4.853114686102291 -4.620797563509153 -2.4713082680194796 -5.981086243982341 3.0726327857041014
22.064128256513026 12.744614720660632 3.8627859074613546 7.3378566854992044 5.369932873995218 0.33959585893610367 1.757271823783224 16.28452129722512 22.94346539512004 36.83206069914921 18.90904792719459 21.42206443367424 10.704131413531417 15.080583980258929 2.309272601039404 5.279305367764404 21.91246421586829 9.74910907836268 13.557154821975086 3.944041859574341 7.566345344995629 23.444570925294865 1.1838442117612225 9.316933255241846 4.8645207306320515 -4.609391518979392 -2.4599022234897014 -5.969680199452581 3.0840388302338617
22.12424849699399 12.75599865652028 3.8741698433210026 7.349240621358852 5.381316809854866 0.3509797947957516 1.768655759642872 16.295905233084767 22.954849330979687 36.84344463500886 18.920431863054237 21.433448369533888 10.715515349391083 15.091967916118577 2.320656536899052 5.290689303624052 21.923848151727938 9.760493014222329 13.568538757834734 3.955425795433989 7.5777292808552765 23.455954861154513 1.1952281476208704 9.328317191101494 4.875904666491699 -4.5980075831197444 -2.4485182876300535 -5.958296263592933 3.0954227660935096
22.184368737474948 12.767360547047346 3.885531733848051 7.360602511885901 5.392678700381914 0.3623416853228001 1.7800176501699205 16.307267123611815 22.966211221506736 36.85480652553591 18.931793753581292 21.444810260060944 10.726877239918132 15.103329806645625 2.3320184274261004 5.3020511941511 21.935210042254994 9.771854904749377 13.579900648361782 3.966787685961055 7.589091171382343 23.46731675168156 1.2065900381479366 9.339679081628542 4.887266557018766 -4.586645692592696 -2.437156397103005 -5.946934373065867 3.106784656620576
22.24448897795591 12.778700454888963 3.8968716416896854 7.371942419727517 5.404018608223531 0.3736815931644166 1.7913575580115548 16.31860703145345 22.977551129348363 36.86614643337753 18.94313366142291 21.45615016790256 10.738217147759748 15.114669714487242 2.3433583352677347 5.313391101992717 21.94654995009661 9.783194812590994 13.591240556203399 3.9781275938026717 7.600431079223959 23.47865665952319 1.2179299459895532 9.351018989470159 4.898606464860382 -4.575305784751079 -2.4258164892613885 -5.93559446522425 3.1181245644621924
22.304609218436873 12.790018441852471 3.9081896286531936 7.383260406691026 5.415336595187039 0.3849995801279249 1.802675544975063 16.329925018416958 22.988869116311868 36.87746442034104 18.954451648386428 21.46746815486608 10.749535134723256 15.125987701450768 2.354676322231243 5.324709088956243 21.95786793706012 9.794512799554502 13.602558543166907 3.98944558076618 7.611749066187468 23.489974646486694 1.2292479329530615 9.362336976433667 4.9099244518238905 -4.563987797787571 -2.41449850229788 -5.924276478260742 3.1294425514257007
22.364729458917836 12.801314570689737 3.9194857574904596 7.394556535528292 5.426632724024323 0.39629570896519084 1.813971673812329 16.341221147254224 23.000165245149134 36.88876054917831 18.965747777223694 21.478764283703345 10.760831263560522 15.137283830288034 2.365972451068509 5.336005217793509 21.969164065897395 9.805808928391768 13.613854672004173 4.000741709603446 7.6230451950247335 23.50127077532396 1.2405440617903274 9.373633105270951 4.921220580661156 -4.552691668950305 -2.4032023734606143 -5.912980349423476 3.1407386802629667
22.4248496993988 12.81258890537 3.930760092170722 7.405830870208554 5.4379070587045675 0.40757004364545324 1.8252460084925914 16.352495481934486 23.0114395798294 36.900034883858574 18.977022111903946 21.490038618383597 10.772105598240785 15.148558164968279 2.3772467857487714 5.347279552473753 21.980438400577647 9.81708326307203 13.625129006684435 4.012016044283708 7.634319529704996 23.512545110004226 1.2518183964705898 9.384907439951196 4.932494915341419 -4.541417334270043 -2.391928038780352 -5.901706014743214 3.152013014943229
22.484969939879758 12.823841507741367 3.9420126945420897 7.4170834725799395 5.449159661075953 0.41882264601682095 1.8364986108639592 16.363748084305854 23.022692182200775 36.911287486229945 18.988274714275324 21.501291220754975 10.783358200612152 15.159810767339664 2.388499388120139 5.358532154845139 21.991691002949025 9.828335865443416 13.636381609055821 4.023268646655076 7.645572132076364 23.5237977123756 1.2630709988419575 9.396160042322581 4.9437475177127865 -4.530164731898657 -2.3806754364089664 -5.890453412371846 3.1632656173145968
22.54509018036072 12.835072441970166 3.9532436287708883 7.428314406808738 5.460390595304752 0.43005358024563733 1.8477295450927578 16.374979018534653 23.033923116429573 36.92251842045874 18.99950564850413 21.51252215498378 10.794589134840969 15.171041701568463 2.3997303223489377 5.369763089073937 22.002921937177824 9.839566799672214 13.64761254328462 4.034499580883875 7.656803066305162 23.5350286466044 1.2743019330707561 9.40739097655138 4.954978451941585 -4.518933797669859 -2.3694445021801678 -5.879222478143047 3.174496551543413
22.605210420841683 12.846281767020713 3.9644529538214357 7.4395237318592855 5.471599920355299 0.4412629052961847 1.8589388701433052 16.3861883435852 23.04513244148012 36.933727745509294 19.01071497355468 21.52373148003432 10.805798459891516 15.18225102661901 2.410939647399485 5.380972414124485 22.014131262228368 9.850776124722762 13.658821868335167 4.045708905934422 7.66801239135571 23.546237971654946 1.2855112581213035 9.418600301601927 4.9661877769921325 -4.507724472619311 -2.3582351771296204 -5.8680131530925 3.1857058765939428
22.665330661322646 12.85746954814119 3.975640734941912 7.450711512979762 5.482787701475775 0.4524506864166433 1.8701266512637815 16.397376124705676 23.05632022260059 36.94491552662977 19.021902754675146 21.534919261154798 10.816986241011975 15.193438807739486 2.4221274285199614 5.392160195244961 22.025319043348844 9.861963905843238 13.670009649455643 4.056896687054898 7.679200172476186 23.557425752775416 1.2966990392417799 9.429788082722403 4.977375558112609 -4.496536691498835 -2.347047396009144 -5.856825371972024 3.196893657714419
22.725450901803605 12.868635846192618 3.9868070329933225 7.461877811031172 5.493953999527186 0.46361698446807154 1.881292949315192 16.408542422757105 23.067486520652007 36.956081824681185 19.033069052726564 21.546085559206215 10.828152539063403 15.204605105790897 2.4332937265713896 5.403326493296372 22.036485341400265 9.873130203894648 13.681175947507054 4.068062985106327 7.690366470527614 23.568592050826844 1.307865337293208 9.440954380773814 4.988541856164037 -4.4853703934474245 -2.3358810979577336 -5.845659073920595 3.2080599557658473
22.785571142284567 12.87978072294342 3.997951909744124 7.473022687781974 5.505098876277987 0.4747618612188731 1.8924378260659935 16.41968729950789 23.07863139740281 36.96722670143198 19.04421392947737 21.55723043595702 10.839297415814205 15.215749982541698 2.4444386033221734 5.414471370047173 22.047630218151067 9.88427508064545 13.692320824257855 4.079207861857128 7.701511347278398 23.579736927577635 1.3190102140440096 9.452099257524615 4.999686732914839 -4.474225516696623 -2.324736221206932 -5.834514197169794 3.219204832516649
22.84569138276553 12.890904241602605 4.009075428403328 7.48414620644116 5.516222394937174 0.48588537987805935 1.9035613447251976 16.430810818167092 23.089754916062006 36.97835022009118 19.05533744813655 21.568353954616203 10.85042093447339 15.226873501200885 2.4555621219813775 5.425594888706359 22.058753736810253 9.895398599304636 13.703444342917042 4.090331380516314 7.712634865937602 23.59086044623683 1.330133732703196 9.463222776183802 5.010810251574025 -4.463101998037437 -2.3136127025477458 -5.8233906785106075 3.230328351175835
22.905811623246493 12.902006462314617 4.02017764911534 7.495248427153172 5.527324615649203 0.49698760059007085 1.914663565437209 16.441913038879104 23.100857136774017 36.989452440803184 19.066439668848574 21.579456175328225 10.861523155185402 15.237975721912914 2.466664342693389 5.436697109418389 22.069855957522265 9.906500820016648 13.714546563629053 4.101433601228326 7.723737086649614 23.601962666948843 1.3412359534152074 9.474324996895813 5.021912472286036 -4.451999777325425 -2.3025104818357343 -5.812288457798596 3.2414305718878467
