web/models/grb/offaxis/14/grb_0.2967_100.0000_0.0025119.dat
# %ECSV 1.0
# ---
# datatype:
# - {name: time, datatype: float64}
# - {name: swift_uvot_uvw2, datatype: float64}
# - {name: swift_uvot_uvm2, datatype: float64}
# - {name: swift_uvot_uvw1, datatype: float64}
# - {name: swift_uvot_U, datatype: float64}
# - {name: swift_uvot_B, datatype: float64}
# - {name: swift_uvot_V, datatype: float64}
# - {name: swift_uvot_W, datatype: float64}
# - {name: johnson_U, datatype: float64}
# - {name: johnson_B, datatype: float64}
# - {name: johnson_V, datatype: float64}
# - {name: johnson_R, datatype: float64}
# - {name: johnson_I, datatype: float64}
# - {name: sdss_u, datatype: float64}
# - {name: sdss_g, datatype: float64}
# - {name: sdss_r, datatype: float64}
# - {name: sdss_i, datatype: float64}
# - {name: sdss_z, datatype: float64}
# - {name: PS1_g, datatype: float64}
# - {name: PS1_r, datatype: float64}
# - {name: PS1_i, datatype: float64}
# - {name: PS1_z, datatype: float64}
# - {name: PS1_Y, datatype: float64}
# - {name: ukirt_J, datatype: float64}
# - {name: ukirt_H, datatype: float64}
# - {name: ukirt_K, datatype: float64}
# meta: !!omap
# - comment: [E = 0.043396498804093575, Eta0 = 8.02, GammaB = 12.0, dL = 0.012188, epsb = 6.760829753919819e-06, epse = 0.1, n = 0.0025118864315095794,
#     p = 2.15, theta_obs = 0.29670597283903605, xiN = 1.0, z = 0.0, type = grb, E_kiso = 100.0]
# schema: astropy-2.0
time swift_uvot_uvw2 swift_uvot_uvm2 swift_uvot_uvw1 swift_uvot_U swift_uvot_B swift_uvot_V swift_uvot_W johnson_U johnson_B johnson_V johnson_R johnson_I sdss_u sdss_g sdss_r sdss_i sdss_z PS1_g PS1_r PS1_i PS1_z PS1_Y ukirt_J ukirt_H ukirt_K
[from data line 483]
1000.2399 5.222 5.271 5.196 5.003 4.861 4.722 5.083 4.981 4.859 4.717 4.576 4.428 4.986 4.813 4.642 4.521 4.41 4.75 4.607 4.487 4.388 4.22 4.198 4.029 3.839
1024.3688 5.278 5.328 5.253 5.06 4.917 4.778 5.139 5.037 4.915 4.773 4.633 4.484 5.042 4.87 4.698 4.577 4.467 4.806 4.663 4.544 4.445 4.276 4.255 4.085 3.895
1049.0798 5.346 5.395 5.32 5.127 4.985 4.846 5.207 5.105 4.982 4.841 4.7 4.552 5.11 4.937 4.765 4.645 4.534 4.874 4.731 4.611 4.512 4.344 4.322 4.153 3.963
1074.3869 5.413 5.463 5.388 5.195 5.052 4.913 5.274 5.172 5.05 4.908 4.768 4.619 5.177 5.005 4.833 4.712 4.602 4.941 4.799 4.679 4.58 4.411 4.39 4.22 4.03
1100.3045 5.481 5.53 5.455 5.262 5.12 4.981 5.342 5.24 5.118 4.976 4.835 4.687 5.245 5.072 4.901 4.78 4.669 5.009 4.866 4.746 4.647 4.479 4.457 4.288 4.098
1126.8473 5.548 5.598 5.523 5.33 5.187 5.048 5.409 5.308 5.185 5.043 4.903 4.754 5.313 5.14 4.968 4.847 4.737 5.076 4.934 4.814 4.715 4.547 4.525 4.355 4.165
1154.0304 5.616 5.665 5.59 5.397 5.255 5.116 5.477 5.375 5.253 5.111 4.97 4.822 5.38 5.207 5.036 4.915 4.804 5.144 5.001 4.881 4.782 4.614 4.592 4.423 4.233
1181.8693 5.683 5.733 5.658 5.465 5.323 5.183 5.544 5.443 5.32 5.178 5.038 4.889 5.448 5.275 5.103 4.982 4.872 5.211 5.069 4.949 4.85 4.682 4.66 4.491 4.3
1210.3797 5.751 5.8 5.725 5.533 5.39 5.251 5.612 5.51 5.388 5.246 5.105 4.957 5.515 5.343 5.171 5.05 4.939 5.279 5.136 5.016 4.917 4.749 4.727 4.558 4.368
1239.5778 5.818 5.868 5.793 5.6 5.458 5.319 5.679 5.578 5.455 5.313 5.173 5.024 5.583 5.41 5.238 5.118 5.007 5.346 5.204 5.084 4.985 4.817 4.795 4.626 4.435
1269.4803 5.886 5.935 5.861 5.668 5.525 5.386 5.747 5.645 5.523 5.381 5.24 5.092 5.65 5.478 5.306 5.185 5.074 5.414 5.271 5.152 5.053 4.884 4.863 4.693 4.503
1300.1042 5.978 6.028 5.953 5.76 5.618 5.478 5.839 5.738 5.615 5.473 5.333 5.184 5.743 5.57 5.398 5.278 5.167 5.506 5.364 5.244 5.145 4.977 4.955 4.786 4.595
1331.4668 6.08 6.129 6.054 5.861 5.719 5.58 5.941 5.839 5.717 5.575 5.434 5.286 5.844 5.671 5.5 5.379 5.268 5.608 5.465 5.345 5.246 5.078 5.056 4.887 4.697
1363.586 6.181 6.23 6.156 5.963 5.82 5.681 6.042 5.94 5.818 5.676 5.536 5.387 5.945 5.773 5.601 5.48 5.37 5.709 5.566 5.447 5.348 5.179 5.158 4.988 4.798
1396.48 6.282 6.332 6.257 6.064 5.922 5.782 6.143 6.042 5.919 5.777 5.637 5.488 6.047 5.874 5.702 5.582 5.471 5.81 5.668 5.548 5.449 5.281 5.259 5.09 4.899
1430.1675 6.384 6.433 6.358 6.165 6.023 5.884 6.245 6.143 6.021 5.879 5.738 5.59 6.148 5.975 5.804 5.683 5.572 5.912 5.769 5.649 5.55 5.382 5.36 5.191 5.001
1464.6676 6.485 6.534 6.46 6.267 6.124 5.985 6.346 6.244 6.122 5.98 5.839 5.691 6.249 6.077 5.905 5.784 5.674 6.013 5.87 5.751 5.652 5.483 5.462 5.292 5.102
1500.0 6.586 6.636 6.561 6.368 6.226 6.086 6.447 6.346 6.223 6.081 5.941 5.792 6.351 6.178 6.006 5.886 5.775 6.114 5.972 5.852 5.753 5.585 5.563 5.394 5.203
