web/models/grb/offaxis/14/grb_0.2967_0.1931_0.0000016.dat
# %ECSV 1.0
# ---
# datatype:
# - {name: time, datatype: float64}
# - {name: swift_uvot_uvw2, datatype: float64}
# - {name: swift_uvot_uvm2, datatype: float64}
# - {name: swift_uvot_uvw1, datatype: float64}
# - {name: swift_uvot_U, datatype: float64}
# - {name: swift_uvot_B, datatype: float64}
# - {name: swift_uvot_V, datatype: float64}
# - {name: swift_uvot_W, datatype: float64}
# - {name: johnson_U, datatype: float64}
# - {name: johnson_B, datatype: float64}
# - {name: johnson_V, datatype: float64}
# - {name: johnson_R, datatype: float64}
# - {name: johnson_I, datatype: float64}
# - {name: sdss_u, datatype: float64}
# - {name: sdss_g, datatype: float64}
# - {name: sdss_r, datatype: float64}
# - {name: sdss_i, datatype: float64}
# - {name: sdss_z, datatype: float64}
# - {name: PS1_g, datatype: float64}
# - {name: PS1_r, datatype: float64}
# - {name: PS1_i, datatype: float64}
# - {name: PS1_z, datatype: float64}
# - {name: PS1_Y, datatype: float64}
# - {name: PS1_w, datatype: float64}
# - {name: ATLAS_c, datatype: float64}
# - {name: ATLAS_o, datatype: float64}
# - {name: ukirt_J, datatype: float64}
# - {name: ukirt_H, datatype: float64}
# - {name: ukirt_K, datatype: float64}
# - {name: Clear, datatype: float64}
# meta: !!omap
# - comment: [E = 8.378552168254816e-05, Eta0 = 8.02, GammaB = 12.0, dL = 0.012188, epsb = 6.760829753919819e-06, epse = 0.1, n = 1.584893192461114e-06,
#     p = 2.15, theta_obs = 0.29670597283903605, xiN = 1.0, z = 0.0, type = grb, E_kiso = 0.19306977288832505]
# schema: astropy-2.0
time swift_uvot_uvw2 swift_uvot_uvm2 swift_uvot_uvw1 swift_uvot_U swift_uvot_B swift_uvot_V swift_uvot_W johnson_U johnson_B johnson_V johnson_R johnson_I sdss_u sdss_g sdss_r sdss_i sdss_z PS1_g PS1_r PS1_i PS1_z PS1_Y PS1_w ATLAS_c ATLAS_o ukirt_J ukirt_H ukirt_K Clear
[from data line 325]
23.1451 10.991 11.041 10.966 10.773 10.631 10.492 10.852 10.751 10.628 10.486 10.346 10.197 10.756 10.583 10.411 10.291 10.18 10.519 10.377 10.257 10.158 9.99 10.414 10.509 10.356 9.968 9.799 9.608 10.323
23.7034 10.992 11.041 10.967 10.774 10.631 10.492 10.853 10.751 10.629 10.487 10.346 10.198 10.756 10.584 10.412 10.291 10.181 10.52 10.377 10.258 10.159 9.99 10.414 10.509 10.357 9.969 9.799 9.609 10.324
24.2752 10.993 11.042 10.967 10.774 10.632 10.493 10.853 10.752 10.629 10.487 10.347 10.198 10.757 10.584 10.412 10.292 10.181 10.52 10.378 10.258 10.159 9.991 10.415 10.51 10.357 9.969 9.8 9.609 10.324
24.8608 10.993 11.043 10.968 10.775 10.632 10.493 10.854 10.752 10.63 10.488 10.348 10.199 10.757 10.585 10.413 10.292 10.182 10.521 10.378 10.259 10.16 9.991 10.415 10.51 10.358 9.97 9.8 9.61 10.325
25.4606 10.994 11.043 10.968 10.775 10.633 10.494 10.855 10.753 10.63 10.489 10.348 10.2 10.758 10.585 10.413 10.293 10.182 10.522 10.379 10.259 10.16 9.992 10.416 10.511 10.358 9.97 9.801 9.611 10.326
26.0748 10.994 11.044 10.969 10.776 10.633 10.494 10.855 10.753 10.631 10.489 10.349 10.2 10.758 10.586 10.414 10.293 10.183 10.522 10.38 10.26 10.161 9.992 10.416 10.511 10.359 9.971 9.801 9.611 10.326
26.7038 10.995 11.044 10.969 10.776 10.634 10.495 10.856 10.754 10.632 10.49 10.349 10.201 10.759 10.586 10.415 10.294 10.183 10.523 10.38 10.26 10.161 9.993 10.417 10.512 10.359 9.971 9.802 9.612 10.327
27.3479 10.996 11.046 10.971 10.778 10.635 10.496 10.857 10.755 10.633 10.491 10.351 10.202 10.76 10.588 10.416 10.295 10.185 10.524 10.382 10.262 10.163 9.994 10.418 10.513 10.361 9.973 9.803 9.613 10.328
28.0077 10.999 11.048 10.973 10.78 10.638 10.499 10.859 10.758 10.635 10.493 10.353 10.204 10.763 10.59 10.418 10.298 10.187 10.526 10.384 10.264 10.165 9.997 10.421 10.516 10.363 9.975 9.806 9.615 10.33
28.6833 11.001 11.05 10.975 10.783 10.64 10.501 10.862 10.76 10.638 10.496 10.355 10.207 10.765 10.593 10.421 10.3 10.189 10.529 10.386 10.266 10.167 9.999 10.423 10.518 10.365 9.977 9.808 9.618 10.333
29.3752 11.003 11.053 10.978 10.785 10.642 10.503 10.864 10.762 10.64 10.498 10.358 10.209 10.767 10.595 10.423 10.302 10.192 10.531 10.389 10.269 10.17 10.001 10.425 10.521 10.368 9.98 9.81 9.62 10.335
30.0838 11.006 11.055 10.98 10.787 10.645 10.506 10.866 10.765 10.642 10.501 10.36 10.211 10.77 10.597 10.425 10.305 10.194 10.534 10.391 10.271 10.172 10.004 10.428 10.523 10.37 9.982 9.813 9.622 10.337
30.8096 11.008 11.057 10.982 10.79 10.647 10.508 10.869 10.767 10.645 10.503 10.362 10.214 10.772 10.6 10.428 10.307 10.196 10.536 10.393 10.273 10.174 10.006 10.43 10.525 10.372 9.984 9.815 9.625 10.34
31.5528 11.01 11.06 10.985 10.792 10.649 10.51 10.871 10.769 10.647 10.505 10.365 10.216 10.775 10.602 10.43 10.309 10.199 10.538 10.396 10.276 10.177 10.009 10.432 10.528 10.375 9.987 9.817 9.627 10.342
32.3139 11.013 11.062 10.987 10.794 10.652 10.513 10.874 10.772 10.649 10.508 10.367 10.218 10.777 10.604 10.432 10.312 10.201 10.541 10.398 10.278 10.179 10.011 10.435 10.53 10.377 9.989 9.82 9.629 10.344
33.0935 11.015 11.064 10.99 10.797 10.654 10.515 10.876 10.774 10.652 10.51 10.369 10.221 10.779 10.607 10.435 10.314 10.203 10.543 10.4 10.28 10.181 10.013 10.437 10.532 10.379 9.991 9.822 9.632 10.347
33.8918 11.017 11.067 10.992 10.799 10.657 10.517 10.878 10.777 10.654 10.512 10.372 10.223 10.782 10.609 10.437 10.316 10.206 10.545 10.403 10.283 10.184 10.016 10.439 10.535 10.382 9.994 9.825 9.634 10.349
34.7093 11.017 11.066 10.992 10.799 10.656 10.517 10.878 10.776 10.654 10.512 10.371 10.223 10.781 10.609 10.437 10.316 10.205 10.545 10.402 10.282 10.183 10.015 10.439 10.534 10.381 9.993 9.824 9.634 10.349
35.5466 11.015 11.065 10.99 10.797 10.654 10.515 10.876 10.774 10.652 10.51 10.37 10.221 10.779 10.607 10.435 10.314 10.204 10.543 10.401 10.281 10.182 10.013 10.437 10.533 10.38 9.992 9.822 9.632 10.347
36.4041 11.013 11.063 10.988 10.795 10.653 10.514 10.874 10.773 10.65 10.508 10.368 10.219 10.778 10.605 10.433 10.313 10.202 10.541 10.399 10.279 10.18 10.012 10.436 10.531 10.378 9.99 9.821 9.63 10.345
37.2823 11.012 11.061 10.986 10.793 10.651 10.512 10.873 10.771 10.649 10.507 10.366 10.218 10.776 10.603 10.432 10.311 10.2 10.54 10.397 10.277 10.178 10.01 10.434 10.529 10.376 9.988 9.819 9.629 10.344
38.1817 11.01 11.059 10.985 10.792 10.649 10.51 10.871 10.769 10.647 10.505 10.365 10.216 10.774 10.602 10.43 10.309 10.199 10.538 10.395 10.276 10.177 10.008 10.432 10.527 10.375 9.987 9.817 9.627 10.342
39.1028 11.008 11.058 10.983 10.79 10.648 10.508 10.869 10.768 10.645 10.503 10.363 10.214 10.773 10.6 10.428 10.307 10.197 10.536 10.394 10.274 10.175 10.007 10.43 10.526 10.373 9.985 9.816 9.625 10.34
40.046 11.007 11.056 10.981 10.788 10.646 10.507 10.868 10.766 10.643 10.502 10.361 10.212 10.771 10.598 10.426 10.306 10.195 10.535 10.392 10.272 10.173 10.005 10.429 10.524 10.371 9.983 9.814 9.623 10.338
41.0121 11.005 11.054 10.979 10.787 10.644 10.505 10.866 10.764 10.642 10.5 10.359 10.211 10.769 10.597 10.425 10.304 10.193 10.533 10.39 10.27 10.171 10.003 10.427 10.522 10.369 9.981 9.812 9.622 10.337
42.0014 11.003 11.053 10.978 10.785 10.642 10.503 10.864 10.762 10.64 10.498 10.358 10.209 10.767 10.595 10.423 10.302 10.192 10.531 10.389 10.269 10.17 10.001 10.425 10.52 10.368 9.98 9.81 9.62 10.335
43.0146 11.001 11.051 10.976 10.783 10.641 10.502 10.862 10.761 10.638 10.496 10.356 10.207 10.766 10.593 10.421 10.301 10.19 10.529 10.387 10.267 10.168 10.0 10.424 10.519 10.366 9.978 9.809 9.618 10.333
44.0523 11.033 11.082 11.007 10.814 10.672 10.533 10.894 10.792 10.67 10.528 10.387 10.239 10.797 10.625 10.453 10.332 10.221 10.561 10.418 10.298 10.199 10.031 10.455 10.55 10.397 10.009 9.84 9.65 10.365
45.1149 11.072 11.122 11.047 10.854 10.711 10.572 10.933 10.831 10.709 10.567 10.427 10.278 10.836 10.664 10.492 10.371 10.261 10.6 10.458 10.338 10.239 10.07 10.494 10.589 10.437 10.049 9.879 9.689 10.404
46.2033 11.111 11.161 11.086 10.893 10.751 10.612 10.972 10.871 10.748 10.606 10.466 10.317 10.876 10.703 10.531 10.411 10.3 10.639 10.497 10.377 10.278 10.11 10.534 10.629 10.476 10.088 9.919 9.728 10.443
47.3178 11.151 11.2 11.125 10.932 10.79 10.651 11.012 10.91 10.788 10.646 10.505 10.357 10.915 10.742 10.571 10.45 10.339 10.679 10.536 10.416 10.317 10.149 10.573 10.668 10.515 10.127 9.958 9.768 10.483
48.4593 11.19 11.24 11.165 10.972 10.829 10.69 11.051 10.949 10.827 10.685 10.545 10.396 10.954 10.782 10.61 10.489 10.379 10.718 10.575 10.456 10.357 10.188 10.612 10.707 10.555 10.167 9.997 9.807 10.522
49.6283 11.229 11.279 11.204 11.011 10.869 10.73 11.09 10.989 10.866 10.724 10.584 10.435 10.994 10.821 10.649 10.529 10.418 10.757 10.615 10.495 10.396 10.228 10.652 10.747 10.594 10.206 10.037 9.846 10.561
50.8255 11.269 11.318 11.243 11.05 10.908 10.769 11.13 11.028 10.906 10.764 10.623 10.475 11.033 10.86 10.689 10.568 10.457 10.797 10.654 10.534 10.435 10.267 10.691 10.786 10.633 10.245 10.076 9.886 10.601
52.0515 11.308 11.358 11.283 11.09 10.947 10.808 11.169 11.067 10.945 10.803 10.663 10.514 11.072 10.9 10.728 10.607 10.497 10.836 10.693 10.574 10.475 10.306 10.73 10.825 10.673 10.285 10.115 9.925 10.64
53.3072 11.347 11.397 11.322 11.129 10.987 10.848 11.208 11.107 10.984 10.842 10.702 10.553 11.112 10.939 10.767 10.647 10.536 10.875 10.733 10.613 10.514 10.346 10.77 10.865 10.712 10.324 10.155 9.964 10.679
54.5931 11.387 11.436 11.361 11.168 11.026 10.887 11.248 11.146 11.024 10.882 10.741 10.593 11.151 10.978 10.807 10.686 10.575 10.915 10.772 10.652 10.553 10.385 10.809 10.904 10.751 10.363 10.194 10.004 10.719
55.9101 11.448 11.498 11.423 11.23 11.087 10.948 11.309 11.207 11.085 10.943 10.803 10.654 11.213 11.04 10.868 10.747 10.637 10.976 10.834 10.714 10.615 10.446 10.87 10.966 10.813 10.425 10.255 10.065 10.78
57.2588 11.511 11.56 11.486 11.293 11.15 11.011 11.372 11.27 11.148 11.006 10.865 10.717 11.275 11.103 10.931 10.81 10.699 11.039 10.896 10.776 10.677 10.509 10.933 11.028 10.875 10.487 10.318 10.128 10.843
58.6401 11.574 11.623 11.548 11.355 11.213 11.074 11.434 11.333 11.21 11.069 10.928 10.779 11.338 11.165 10.993 10.873 10.762 11.102 10.959 10.839 10.74 10.572 10.996 11.091 10.938 10.55 10.381 10.19 10.905
60.0546 11.636 11.686 11.611 11.418 11.275 11.136 11.497 11.396 11.273 11.131 10.991 10.842 11.401 11.228 11.056 10.935 10.825 11.164 11.022 10.902 10.803 10.635 11.058 11.154 11.001 10.613 10.443 10.253 10.968
61.5034 11.699 11.748 11.674 11.481 11.338 11.199 11.56 11.458 11.336 11.194 11.053 10.905 11.463 11.291 11.119 10.998 10.887 11.227 11.084 10.964 10.865 10.697 11.121 11.216 11.063 10.675 10.506 10.316 11.031
62.987 11.762 11.811 11.736 11.543 11.401 11.262 11.623 11.521 11.398 11.257 11.116 10.968 11.526 11.353 11.181 11.061 10.95 11.29 11.147 11.027 10.928 10.76 11.184 11.279 11.126 10.738 10.569 10.378 11.093
64.5065 11.824 11.874 11.799 11.606 11.464 11.324 11.685 11.584 11.461 11.319 11.179 11.03 11.589 11.416 11.244 11.123 11.013 11.352 11.21 11.09 10.991 10.823 11.246 11.342 11.189 10.801 10.632 10.441 11.156
66.0626 11.887 11.936 11.862 11.669 11.526 11.387 11.748 11.646 11.524 11.382 11.241 11.093 11.651 11.479 11.307 11.186 11.075 11.415 11.272 11.153 11.053 10.885 11.309 11.404 11.251 10.864 10.694 10.504 11.219
67.6562 11.95 11.999 11.924 11.731 11.589 11.45 11.811 11.709 11.586 11.445 11.304 11.156 11.714 11.541 11.369 11.249 11.138 11.478 11.335 11.215 11.116 10.948 11.372 11.467 11.314 10.926 10.757 10.567 11.282
69.2883 12.013 12.063 11.988 11.795 11.652 11.513 11.874 11.772 11.65 11.508 11.368 11.219 11.777 11.605 11.433 11.312 11.202 11.541 11.399 11.279 11.18 11.011 11.435 11.53 11.378 10.99 10.82 10.63 11.345
70.9597 12.085 12.134 12.059 11.867 11.724 11.585 11.946 11.844 11.722 11.58 11.439 11.291 11.849 11.677 11.505 11.384 11.273 11.613 11.47 11.35 11.251 11.083 11.507 11.602 11.449 11.061 10.892 10.702 11.417
72.6715 12.157 12.206 12.131 11.938 11.796 11.657 12.018 11.916 11.793 11.652 11.511 11.363 11.921 11.748 11.576 11.456 11.345 11.685 11.542 11.422 11.323 11.155 11.579 11.674 11.521 11.133 10.964 10.774 11.488
74.4246 12.228 12.278 12.203 12.01 11.868 11.728 12.089 11.988 11.865 11.723 11.583 11.434 11.993 11.82 11.648 11.528 11.417 11.756 11.614 11.494 11.395 11.227 11.65 11.746 11.593 11.205 11.036 10.845 11.56
76.2199 12.3 12.35 12.275 12.082 11.939 11.8 12.161 12.059 11.937 11.795 11.655 11.506 12.064 11.892 11.72 11.599 11.489 11.828 11.685 11.566 11.467 11.298 11.722 11.817 11.665 11.277 11.107 10.917 11.632
78.0586 12.372 12.421 12.346 12.153 12.011 11.872 12.233 12.131 12.009 11.867 11.726 11.578 12.136 11.964 11.792 11.671 11.56 11.9 11.757 11.637 11.538 11.37 11.794 11.889 11.736 11.348 11.179 10.989 11.704
79.9416 12.444 12.493 12.418 12.225 12.083 11.944 12.304 12.203 12.08 11.938 11.798 11.649 12.208 12.035 11.863 11.743 11.632 11.971 11.829 11.709 11.61 11.442 11.866 11.961 11.808 11.42 11.251 11.06 11.775
81.87 12.515 12.565 12.49 12.297 12.155 12.015 12.376 12.275 12.152 12.01 11.87 11.721 12.28 12.107 11.935 11.814 11.704 12.043 11.901 11.781 11.682 11.514 11.937 12.033 11.88 11.492 11.323 11.132 11.847
83.845 12.587 12.636 12.562 12.369 12.226 12.087 12.448 12.346 12.224 12.082 11.941 11.793 12.351 12.179 12.007 11.886 11.776 12.115 11.972 11.853 11.754 11.585 12.009 12.104 11.952 11.564 11.394 11.204 11.919
85.8676 12.659 12.708 12.633 12.44 12.298 12.159 12.52 12.418 12.296 12.154 12.013 11.865 12.423 12.25 12.079 11.958 11.847 12.187 12.044 11.924 11.825 11.657 12.081 12.176 12.023 11.635 11.466 11.276 11.991
87.939 12.731 12.78 12.705 12.512 12.37 12.231 12.592 12.49 12.367 12.226 12.085 11.937 12.495 12.322 12.151 12.03 11.919 12.259 12.116 11.996 11.897 11.729 12.153 12.248 12.095 11.707 11.538 11.348 12.063
90.0604 12.803 12.853 12.778 12.585 12.442 12.303 12.664 12.562 12.44 12.298 12.158 12.009 12.567 12.395 12.223 12.102 11.992 12.331 12.189 12.069 11.97 11.801 12.225 12.32 12.168 11.78 11.61 11.42 12.135
92.2329 12.876 12.925 12.85 12.657 12.515 12.376 12.737 12.635 12.513 12.371 12.23 12.082 12.64 12.467 12.296 12.175 12.064 12.404 12.261 12.141 12.042 11.874 12.298 12.393 12.24 11.852 11.683 11.493 12.208
94.4579 12.948 12.998 12.923 12.73 12.587 12.448 12.809 12.708 12.585 12.443 12.303 12.154 12.713 12.54 12.368 12.247 12.137 12.476 12.334 12.214 12.115 11.947 12.37 12.466 12.313 11.925 11.755 11.565 12.28
96.7365 13.021 13.07 12.995 12.802 12.66 12.521 12.882 12.78 12.658 12.516 12.375 12.227 12.785 12.612 12.441 12.32 12.209 12.549 12.406 12.286 12.187 12.019 12.443 12.538 12.385 11.997 11.828 11.638 12.353
99.0701 13.093 13.143 13.068 12.875 12.733 12.593 12.954 12.853 12.73 12.588 12.448 12.299 12.858 12.685 12.513 12.392 12.282 12.621 12.479 12.359 12.26 12.092 12.515 12.611 12.458 12.07 11.901 11.71 12.425
101.4599 13.166 13.215 13.14 12.947 12.805 12.666 13.027 12.925 12.803 12.661 12.52 12.372 12.93 12.758 12.586 12.465 12.354 12.694 12.551 12.431 12.332 12.164 12.588 12.683 12.53 12.142 11.973 11.783 12.498
103.9075 13.238 13.288 13.213 13.02 12.878 12.738 13.099 12.998 12.875 12.733 12.593 12.444 13.003 12.83 12.658 12.538 12.427 12.766 12.624 12.504 12.405 12.237 12.66 12.756 12.603 12.215 12.046 11.855 12.57
106.4141 13.311 13.36 13.285 13.093 12.95 12.811 13.172 13.07 12.948 12.806 12.665 12.517 13.075 12.903 12.731 12.61 12.499 12.839 12.696 12.576 12.477 12.309 12.733 12.828 12.675 12.287 12.118 11.928 12.643
108.9811 13.383 13.433 13.358 13.165 13.023 12.884 13.244 13.143 13.02 12.878 12.738 12.589 13.148 12.975 12.803 12.683 12.572 12.911 12.769 12.649 12.55 12.382 12.806 12.901 12.748 12.36 12.191 12.0 12.715
111.6101 13.453 13.503 13.428 13.235 13.093 12.953 13.314 13.213 13.09 12.948 12.808 12.659 13.218 13.045 12.873 12.753 12.642 12.981 12.839 12.719 12.62 12.452 12.875 12.971 12.818 12.43 12.261 12.07 12.785
114.3025 13.519 13.569 13.494 13.301 13.158 13.019 13.38 13.278 13.156 13.014 12.874 12.725 13.283 13.111 12.939 12.818 12.708 13.047 12.904 12.785 12.686 12.517 12.941 13.036 12.884 12.496 12.326 12.136 12.851
117.0598 13.585 13.634 13.559 13.366 13.224 13.085 13.446 13.344 13.222 13.08 12.939 12.791 13.349 13.177 13.005 12.884 12.773 13.113 12.97 12.85 12.751 12.583 13.007 13.102 12.949 12.561 12.392 12.202 12.917
119.8836 13.651 13.7 13.625 13.432 13.29 13.151 13.511 13.41 13.287 13.145 13.005 12.856 13.415 13.242 13.07 12.95 12.839 13.178 13.036 12.916 12.817 12.649 13.073 13.168 13.015 12.627 12.458 12.267 12.982
122.7756 13.716 13.766 13.691 13.498 13.355 13.216 13.577 13.476 13.353 13.211 13.071 12.922 13.481 13.308 13.136 13.015 12.905 13.244 13.102 12.982 12.883 12.715 13.138 13.234 13.081 12.693 12.523 12.333 13.048
125.7373 13.782 13.831 13.757 13.564 13.421 13.282 13.643 13.541 13.419 13.277 13.136 12.988 13.546 13.374 13.202 13.081 12.97 13.31 13.167 13.048 12.948 12.78 13.204 13.299 13.146 12.759 12.589 12.399 13.114
128.7705 13.848 13.897 13.822 13.629 13.487 13.348 13.709 13.607 13.485 13.343 13.202 13.054 13.612 13.439 13.268 13.147 13.036 13.376 13.233 13.113 13.014 12.846 13.27 13.365 13.212 12.824 12.655 12.465 13.18
131.8769 13.913 13.963 13.888 13.695 13.553 13.414 13.774 13.673 13.55 13.408 13.268 13.119 13.678 13.505 13.333 13.213 13.102 13.441 13.299 13.179 13.08 12.912 13.336 13.431 13.278 12.89 12.721 12.53 13.245
135.0582 13.979 14.029 13.954 13.761 13.618 13.479 13.84 13.738 13.616 13.474 13.334 13.185 13.743 13.571 13.399 13.278 13.168 13.507 13.365 13.245 13.146 12.977 13.401 13.496 13.344 12.956 12.786 12.596 13.311
138.3162 14.045 14.094 14.019 13.826 13.684 13.545 13.906 13.804 13.682 13.54 13.399 13.251 13.809 13.637 13.465 13.344 13.233 13.573 13.43 13.31 13.211 13.043 13.467 13.562 13.409 13.021 12.852 12.662 13.377
