web/models/grb/offaxis/14/grb_0.2967_0.0193_2.5118864.dat
# %ECSV 1.0
# ---
# datatype:
# - {name: time, datatype: float64}
# - {name: swift_uvot_uvw2, datatype: float64}
# - {name: swift_uvot_uvm2, datatype: float64}
# - {name: swift_uvot_uvw1, datatype: float64}
# - {name: swift_uvot_U, datatype: float64}
# - {name: swift_uvot_B, datatype: float64}
# - {name: swift_uvot_V, datatype: float64}
# - {name: swift_uvot_W, datatype: float64}
# - {name: johnson_U, datatype: float64}
# - {name: johnson_B, datatype: float64}
# - {name: johnson_V, datatype: float64}
# - {name: johnson_R, datatype: float64}
# - {name: johnson_I, datatype: float64}
# - {name: sdss_u, datatype: float64}
# - {name: sdss_g, datatype: float64}
# - {name: sdss_r, datatype: float64}
# - {name: sdss_i, datatype: float64}
# - {name: sdss_z, datatype: float64}
# - {name: PS1_g, datatype: float64}
# - {name: PS1_r, datatype: float64}
# - {name: PS1_i, datatype: float64}
# - {name: PS1_z, datatype: float64}
# - {name: PS1_Y, datatype: float64}
# - {name: PS1_w, datatype: float64}
# - {name: ATLAS_c, datatype: float64}
# - {name: ATLAS_o, datatype: float64}
# - {name: ukirt_J, datatype: float64}
# - {name: ukirt_H, datatype: float64}
# - {name: ukirt_K, datatype: float64}
# - {name: Clear, datatype: float64}
# meta: !!omap
# - comment: [E = 8.378552168254813e-06, Eta0 = 8.02, GammaB = 12.0, dL = 0.012188, epsb = 6.760829753919819e-06, epse = 0.1, n = 2.5118864315095824,
#     p = 2.15, theta_obs = 0.29670597283903605, xiN = 1.0, z = 0.0, type = grb, E_kiso = 0.019306977288832496]
# schema: astropy-2.0
time swift_uvot_uvw2 swift_uvot_uvm2 swift_uvot_uvw1 swift_uvot_U swift_uvot_B swift_uvot_V swift_uvot_W johnson_U johnson_B johnson_V johnson_R johnson_I sdss_u sdss_g sdss_r sdss_i sdss_z PS1_g PS1_r PS1_i PS1_z PS1_Y PS1_w ATLAS_c ATLAS_o ukirt_J ukirt_H ukirt_K Clear
[from data line 350]
42.0014 28.586 28.635 28.56 28.368 28.225 28.086 28.447 28.345 28.223 28.081 27.94 27.792 28.35 28.178 28.006 27.885 27.774 28.114 27.971 27.851 27.752 27.584 28.008 28.103 27.95 27.562 27.393 27.203 27.918
43.0146 28.899 28.949 28.874 28.681 28.539 28.4 28.76 28.659 28.536 28.394 28.254 28.105 28.664 28.491 28.319 28.199 28.088 28.427 28.285 28.165 28.066 27.898 28.322 28.417 28.264 27.876 27.707 27.516 28.231
44.0523 29.213 29.262 29.188 28.995 28.852 28.713 29.074 28.972 28.85 28.708 28.568 28.419 28.977 28.805 28.633 28.512 28.402 28.741 28.598 28.479 28.38 28.211 28.635 28.73 28.578 28.19 28.02 27.83 28.545
45.1149 29.527 29.576 29.501 29.308 29.166 29.027 29.388 29.286 29.163 29.022 28.881 28.733 29.291 29.118 28.946 28.826 28.715 29.055 28.912 28.792 28.693 28.525 28.949 29.044 28.891 28.503 28.334 28.143 28.858
46.2033 29.84 29.89 29.815 29.622 29.479 29.34 29.701 29.599 29.477 29.335 29.195 29.046 29.604 29.432 29.26 29.139 29.029 29.368 29.226 29.106 29.007 28.838 29.262 29.357 29.205 28.817 28.647 28.457 29.172
47.3178 30.154 30.203 30.128 29.935 29.793 29.654 30.015 29.913 29.791 29.649 29.508 29.36 29.918 29.745 29.574 29.453 29.342 29.682 29.539 29.419 29.32 29.152 29.576 29.671 29.518 29.13 28.961 28.771 29.486
48.4593 30.467 30.517 30.442 30.249 30.107 29.967 30.328 30.227 30.104 29.962 29.822 29.673 30.232 30.059 29.887 29.766 29.656 29.995 29.853 29.733 29.634 29.466 29.889 29.985 29.832 29.444 29.275 29.084 29.799
49.6283 30.781 30.83 30.755 30.563 30.42 30.281 30.642 30.54 30.418 30.276 30.135 29.987 30.545 30.373 30.201 30.08 29.969 30.309 30.166 30.046 29.947 29.779 30.203 30.298 30.145 29.757 29.588 29.398 30.113
50.8255 31.094 31.144 31.069 30.876 30.734 30.595 30.955 30.854 30.731 30.589 30.449 30.3 30.859 30.686 30.514 30.394 30.283 30.622 30.48 30.36 30.261 30.093 30.517 30.612 30.459 30.071 29.902 29.711 30.426
52.0515 31.408 31.457 31.383 31.19 31.047 30.908 31.269 31.167 31.045 30.903 30.762 30.614 31.172 31.0 30.828 30.707 30.597 30.936 30.793 30.674 30.575 30.406 30.83 30.925 30.773 30.385 30.215 30.025 30.74
53.3072 31.722 31.771 31.696 31.503 31.361 31.222 31.582 31.481 31.358 31.217 31.076 30.927 31.486 31.313 31.141 31.021 30.91 31.25 31.107 30.987 30.888 30.72 31.144 31.239 31.086 30.698 30.529 30.338 31.053
54.5931 32.035 32.085 32.01 31.817 31.674 31.535 31.896 31.794 31.672 31.53 31.39 31.241 31.799 31.627 31.455 31.334 31.224 31.563 31.421 31.301 31.202 31.033 31.457 31.552 31.4 31.012 30.842 30.652 31.367
55.9101 32.349 32.398 32.323 32.13 31.988 31.849 32.21 32.108 31.986 31.844 31.703 31.555 32.113 31.94 31.769 31.648 31.537 31.877 31.734 31.614 31.515 31.347 31.771 31.866 31.713 31.325 31.156 30.966 31.681
57.2588 32.662 32.712 32.637 32.444 32.302 32.162 32.523 32.422 32.299 32.157 32.017 31.868 32.427 32.254 32.082 31.961 31.851 32.19 32.048 31.928 31.829 31.661 32.084 32.18 32.027 31.639 31.47 31.279 31.994
58.6401 32.976 33.025 32.95 32.757 32.615 32.476 32.837 32.735 32.613 32.471 32.33 32.182 32.74 32.568 32.396 32.275 32.164 32.504 32.361 32.241 32.142 31.974 32.398 32.493 32.34 31.952 31.783 31.593 32.308
60.0546 33.289 33.339 33.264 33.071 32.929 32.79 33.15 33.049 32.926 32.784 32.644 32.495 33.054 32.881 32.709 32.589 32.478 32.817 32.675 32.555 32.456 32.288 32.712 32.807 32.654 32.266 32.097 31.906 32.621
61.5034 33.603 33.652 33.578 33.385 33.242 33.103 33.464 33.362 33.24 33.098 32.957 32.809 33.367 33.195 33.023 32.902 32.791 33.131 32.988 32.869 32.77 32.601 33.025 33.12 32.967 32.58 32.41 32.22 32.935
62.987 33.917 33.966 33.891 33.698 33.556 33.417 33.777 33.676 33.553 33.411 33.271 33.122 33.681 33.508 33.336 33.216 33.105 33.444 33.302 33.182 33.083 32.915 33.339 33.434 33.281 32.893 32.724 32.533 33.248
64.5065 34.23 34.28 34.205 34.012 33.869 33.73 34.091 33.989 33.867 33.725 33.585 33.436 33.994 33.822 33.65 33.529 33.419 33.758 33.615 33.496 33.397 33.228 33.652 33.747 33.595 33.207 33.037 32.847 33.562
66.0626 34.544 34.593 34.518 34.325 34.183 34.044 34.405 34.303 34.181 34.039 33.898 33.75 34.308 34.135 33.964 33.843 33.732 34.072 33.929 33.809 33.71 33.542 33.966 34.061 33.908 33.52 33.351 33.161 33.876
67.6562 34.857 34.907 34.832 34.639 34.496 34.357 34.718 34.616 34.494 34.352 34.212 34.063 34.622 34.449 34.277 34.156 34.046 34.385 34.243 34.123 34.024 33.856 34.279 34.375 34.222 33.834 33.664 33.474 34.189
69.2883 35.171 35.22 35.145 34.952 34.81 34.671 35.032 34.93 34.808 34.666 34.525 34.377 34.935 34.763 34.591 34.47 34.359 34.699 34.556 34.436 34.337 34.169 34.593 34.688 34.535 34.147 33.978 33.788 34.503
70.9597 35.484 35.534 35.459 35.266 35.124 34.984 35.345 35.244 35.121 34.979 34.839 34.69 35.249 35.076 34.904 34.784 34.673 35.012 34.87 34.75 34.651 34.483 34.906 35.002 34.849 34.461 34.292 34.101 34.816
72.6715 35.798 35.847 35.773 35.58 35.437 35.298 35.659 35.557 35.435 35.293 35.152 35.004 35.562 35.39 35.218 35.097 34.986 35.326 35.183 35.064 34.964 34.796 35.22 35.315 35.162 34.775 34.605 34.415 35.13
74.4246 36.112 36.161 36.086 35.893 35.751 35.612 35.972 35.871 35.748 35.606 35.466 35.317 35.876 35.703 35.531 35.411 35.3 35.639 35.497 35.377 35.278 35.11 35.534 35.629 35.476 35.088 34.919 34.728 35.443
76.2199 36.425 36.475 36.4 36.207 36.064 35.925 36.286 36.184 36.062 35.92 35.78 35.631 36.189 36.017 35.845 35.724 35.614 35.953 35.81 35.691 35.592 35.423 35.847 35.942 35.79 35.402 35.232 35.042 35.757
78.0586 36.739 36.788 36.713 36.52 36.378 36.239 36.6 36.498 36.375 36.234 36.093 35.945 36.503 36.33 36.159 36.038 35.927 36.267 36.124 36.004 35.905 35.737 36.161 36.256 36.103 35.715 35.546 35.356 36.071
79.9416 37.052 37.102 37.027 36.834 36.691 36.552 36.913 36.811 36.689 36.547 36.407 36.258 36.817 36.644 36.472 36.351 36.241 36.58 36.438 36.318 36.219 36.05 36.474 36.57 36.417 36.029 35.859 35.669 36.384
81.87 37.366 37.415 37.34 37.147 37.005 36.866 37.227 37.125 37.003 36.861 36.72 36.572 37.13 36.957 36.786 36.665 36.554 36.894 36.751 36.631 36.532 36.364 36.788 36.883 36.73 36.342 36.173 35.983 36.698
83.845 37.679 37.729 37.654 37.461 37.319 37.179 37.54 37.439 37.316 37.174 37.034 36.885 37.444 37.271 37.099 36.979 36.868 37.207 37.065 36.945 36.846 36.678 37.101 37.197 37.044 36.656 36.487 36.296 37.011
85.8676 37.993 38.042 37.968 37.775 37.632 37.493 37.854 37.752 37.63 37.488 37.347 37.199 37.757 37.585 37.413 37.292 37.181 37.521 37.378 37.258 37.159 36.991 37.415 37.51 37.357 36.969 36.8 36.61 37.325
87.939 38.306 38.356 38.281 38.088 37.946 37.807 38.167 38.066 37.943 37.801 37.661 37.512 38.071 37.898 37.726 37.606 37.495 37.834 37.692 37.572 37.473 37.305 37.729 37.824 37.671 37.283 37.114 36.923 37.638
90.0604 38.62 38.669 38.595 38.402 38.259 38.12 38.481 38.379 38.257 38.115 37.975 37.826 38.384 38.212 38.04 37.919 37.809 38.148 38.005 37.886 37.787 37.618 38.042 38.137 37.985 37.597 37.427 37.237 37.952
92.2329 38.934 38.983 38.908 38.715 38.573 38.434 38.795 38.693 38.57 38.429 38.288 38.14 38.698 38.525 38.353 38.233 38.122 38.462 38.319 38.199 38.1 37.932 38.356 38.451 38.298 37.91 37.741 37.551 38.266
94.4579 39.247 39.297 39.222 39.029 38.886 38.747 39.108 39.006 38.884 38.742 38.602 38.453 39.011 38.839 38.667 38.546 38.436 38.775 38.633 38.513 38.414 38.245 38.669 38.764 38.612 38.224 38.054 37.864 38.579
96.7365 39.561 39.61 39.535 39.342 39.2 39.061 39.422 39.32 39.198 39.056 38.915 38.767 39.325 39.152 38.981 38.86 38.749 39.089 38.946 38.826 38.727 38.559 38.983 39.078 38.925 38.537 38.368 38.178 38.893
99.0701 39.874 39.924 39.849 39.656 39.514 39.374 39.735 39.634 39.511 39.369 39.229 39.08 39.639 39.466 39.294 39.173 39.063 39.402 39.26 39.14 39.041 38.873 39.296 39.392 39.239 38.851 38.682 38.491 39.206
101.4599 40.188 40.237 40.162 39.97 39.827 39.688 40.049 39.947 39.825 39.683 39.542 39.394 39.952 39.78 39.608 39.487 39.376 39.716 39.573 39.453 39.354 39.186 39.61 39.705 39.552 39.164 38.995 38.805 39.52
103.9075 40.501 40.551 40.476 40.283 40.141 40.002 40.362 40.261 40.138 39.996 39.856 39.707 40.266 40.093 39.921 39.801 39.69 40.029 39.887 39.767 39.668 39.5 39.924 40.019 39.866 39.478 39.309 39.118 39.833
106.4141 40.815 40.864 40.79 40.597 40.454 40.315 40.676 40.574 40.452 40.31 40.169 40.021 40.579 40.407 40.235 40.114 40.004 40.343 40.2 40.081 39.982 39.813 40.237 40.332 40.18 39.792 39.622 39.432 40.147
108.9811 41.129 41.178 41.103 40.91 40.768 40.629 40.99 40.888 40.765 40.624 40.483 40.334 40.893 40.72 40.548 40.428 40.317 40.657 40.514 40.394 40.295 40.127 40.551 40.646 40.493 40.105 39.936 39.745 40.46
111.6101 41.442 41.492 41.417 41.224 41.081 40.942 41.303 41.201 41.079 40.937 40.797 40.648 41.206 41.034 40.862 40.741 40.631 40.97 40.828 40.708 40.609 40.44 40.864 40.959 40.807 40.419 40.249 40.059 40.774
114.3025 41.756 41.805 41.73 41.537 41.395 41.256 41.617 41.515 41.393 41.251 41.11 40.962 41.52 41.347 41.176 41.055 40.944 41.284 41.141 41.021 40.922 40.754 41.178 41.273 41.12 40.732 40.563 40.373 41.088
117.0598 42.069 42.119 42.044 41.851 41.709 41.569 41.93 41.829 41.706 41.564 41.424 41.275 41.834 41.661 41.489 41.368 41.258 41.597 41.455 41.335 41.236 41.068 41.491 41.587 41.434 41.046 40.877 40.686 41.401
119.8836 42.383 42.432 42.357 42.165 42.022 41.883 42.244 42.142 42.02 41.878 41.737 41.589 42.147 41.975 41.803 41.682 41.571 41.911 41.768 41.648 41.549 41.381 41.805 41.9 41.747 41.359 41.19 41.0 41.715
122.7756 42.696 42.746 42.671 42.478 42.336 42.197 42.557 42.456 42.333 42.191 42.051 41.902 42.461 42.288 42.116 41.996 41.885 42.224 42.082 41.962 41.863 41.695 42.119 42.214 42.061 41.673 41.504 41.313 42.028
125.7373 43.01 43.059 42.985 42.792 42.649 42.51 42.871 42.769 42.647 42.505 42.364 42.216 42.774 42.602 42.43 42.309 42.199 42.538 42.395 42.276 42.177 42.008 42.432 42.527 42.375 41.987 41.817 41.627 42.342
128.7705 43.324 43.373 43.298 43.105 42.963 42.824 43.184 43.083 42.96 42.819 42.678 42.529 43.088 42.915 42.743 42.623 42.512 42.852 42.709 42.589 42.49 42.322 42.746 42.841 42.688 42.3 42.131 41.94 42.655
131.8769 43.637 43.687 43.612 43.419 43.276 43.137 43.498 43.396 43.274 43.132 42.992 42.843 43.401 43.229 43.057 42.936 42.826 43.165 43.023 42.903 42.804 42.635 43.059 43.154 43.002 42.614 42.444 42.254 42.969
135.0582 43.951 44.0 43.925 43.732 43.59 43.451 43.812 43.71 43.588 43.446 43.305 43.157 43.715 43.542 43.371 43.25 43.139 43.479 43.336 43.216 43.117 42.949 43.373 43.468 43.315 42.927 42.758 42.568 43.283
138.3162 44.264 44.314 44.239 44.046 43.903 43.764 44.125 44.024 43.901 43.759 43.619 43.47 44.029 43.856 43.684 43.563 43.453 43.792 43.65 43.53 43.431 43.263 43.686 43.782 43.629 43.241 43.071 42.881 43.596
141.6528 44.578 44.627 44.552 44.359 44.217 44.078 44.439 44.337 44.215 44.073 43.932 43.784 44.342 44.17 43.998 43.877 43.766 44.106 43.963 43.843 43.744 43.576 44.0 44.095 43.942 43.554 43.385 43.195 43.91
145.0699 44.891 44.941 44.866 44.673 44.531 44.392 44.752 44.651 44.528 44.386 44.246 44.097 44.656 44.483 44.311 44.191 44.08 44.419 44.277 44.157 44.058 43.89 44.314 44.409 44.256 43.868 43.699 43.508 44.223
148.5695 45.205 45.254 45.18 44.987 44.844 44.705 45.066 44.964 44.842 44.7 44.559 44.411 44.969 44.797 44.625 44.504 44.393 44.733 44.59 44.471 44.371 44.203 44.627 44.722 44.569 44.182 44.012 43.822 44.537
152.1534 45.519 45.568 45.493 45.3 45.158 45.019 45.379 45.278 45.155 45.013 44.873 44.724 45.283 45.11 44.938 44.818 44.707 45.046 44.904 44.784 44.685 44.517 44.941 45.036 44.883 44.495 44.326 44.135 44.85
155.8238 45.832 45.882 45.807 45.614 45.471 45.332 45.693 45.591 45.469 45.327 45.187 45.038 45.596 45.424 45.252 45.131 45.021 45.36 45.217 45.098 44.999 44.83 45.254 45.349 45.197 44.809 44.639 44.449 45.164
159.5828 46.146 46.195 46.12 45.927 45.785 45.646 46.007 45.905 45.782 45.641 45.5 45.352 45.91 45.737 45.566 45.445 45.334 45.674 45.531 45.411 45.312 45.144 45.568 45.663 45.51 45.122 44.953 44.763 45.478
163.4324 46.459 46.509 46.434 46.241 46.098 45.959 46.32 46.218 46.096 45.954 45.814 45.665 46.224 46.051 45.879 45.758 45.648 45.987 45.845 45.725 45.626 45.457 45.881 45.977 45.824 45.436 45.266 45.076 45.791
167.375 46.773 46.822 46.747 46.554 46.412 46.273 46.634 46.532 46.41 46.268 46.127 45.979 46.537 46.365 46.193 46.072 45.961 46.301 46.158 46.038 45.939 45.771 46.195 46.29 46.137 45.749 45.58 45.39 46.105
171.4126 47.086 47.136 47.061 46.868 46.726 46.586 46.947 46.846 46.723 46.581 46.441 46.292 46.851 46.678 46.506 46.386 46.275 46.614 46.472 46.352 46.253 46.085 46.508 46.604 46.451 46.063 45.894 45.703 46.418
175.5476 47.4 47.449 47.375 47.182 47.039 46.9 47.261 47.159 47.037 46.895 46.754 46.606 47.164 46.992 46.82 46.699 46.588 46.928 46.785 46.665 46.566 46.398 46.822 46.917 46.764 46.376 46.207 46.017 46.732
179.7823 47.714 47.763 47.688 47.495 47.353 47.214 47.574 47.473 47.35 47.208 47.068 46.919 47.478 47.305 47.133 47.013 46.902 47.241 47.099 46.979 46.88 46.712 47.136 47.231 47.078 46.69 46.521 46.33 47.045
184.1193 48.027 48.077 48.002 47.809 47.666 47.527 47.888 47.786 47.664 47.522 47.382 47.233 47.791 47.619 47.447 47.326 47.216 47.555 47.412 47.293 47.194 47.025 47.449 47.544 47.392 47.004 46.834 46.644 47.359
188.5608 48.341 48.39 48.315 48.122 47.98 47.841 48.202 48.1 47.977 47.836 47.695 47.547 48.105 47.932 47.76 47.64 47.529 47.869 47.726 47.606 47.507 47.339 47.763 47.858 47.705 47.317 47.148 46.958 47.673
193.1095 48.654 48.704 48.629 48.436 48.293 48.154 48.515 48.413 48.291 48.149 48.009 47.86 48.418 48.246 48.074 47.953 47.843 48.182 48.04 47.92 47.821 47.652 48.076 48.172 48.019 47.631 47.461 47.271 47.986
197.7679 48.968 49.017 48.942 48.749 48.607 48.468 48.829 48.727 48.605 48.463 48.322 48.174 48.732 48.559 48.388 48.267 48.156 48.496 48.353 48.233 48.134 47.966 48.39 48.485 48.332 47.944 47.775 47.585 48.3
202.5387 49.281 49.331 49.256 49.063 48.921 48.781 49.142 49.041 48.918 48.776 48.636 48.487 49.046 48.873 48.701 48.581 48.47 48.809 48.667 48.547 48.448 48.28 48.703 48.799 48.646 48.258 48.089 47.898 48.613
207.4245 49.595 49.644 49.57 49.377 49.234 49.095 49.456 49.354 49.232 49.09 48.949 48.801 49.359 49.187 49.015 48.894 48.783 49.123 48.98 48.86 48.761 48.593 49.017 49.112 48.959 48.571 48.402 48.212 48.927
212.4283 49.908 49.958 49.883 49.69 49.548 49.409 49.769 49.668 49.545 49.403 49.263 49.114 49.673 49.5 49.328 49.208 49.097 49.436 49.294 49.174 49.075 48.907 49.331 49.426 49.273 48.885 48.716 48.525 49.24
217.5527 50.222 50.271 50.197 50.004 49.861 49.722 50.083 49.981 49.859 49.717 49.577 49.428 49.986 49.814 49.642 49.521 49.411 49.75 49.607 49.488 49.389 49.22 49.644 49.739 49.587 49.199 49.029 48.839 49.554
222.8008 50.536 50.585 50.51 50.317 50.175 50.036 50.397 50.295 50.172 50.031 49.89 49.742 50.3 50.127 49.955 49.835 49.724 50.064 49.921 49.801 49.702 49.534 49.958 50.053 49.9 49.512 49.343 49.152 49.867
228.1754 50.849 50.899 50.824 50.631 50.488 50.349 50.71 50.608 50.486 50.344 50.204 50.055 50.613 50.441 50.269 50.148 50.038 50.377 50.235 50.115 50.016 49.847 50.271 50.366 50.214 49.826 49.656 49.466 50.181
233.6797 51.163 51.212 51.137 50.944 50.802 50.663 51.024 50.922 50.8 50.658 50.517 50.369 50.927 50.754 50.583 50.462 50.351 50.691 50.548 50.428 50.329 50.161 50.585 50.68 50.527 50.139 49.97 49.78 50.495
239.3168 51.476 51.526 51.451 51.258 51.116 50.976 51.337 51.236 51.113 50.971 50.831 50.682 51.241 51.068 50.896 50.775 50.665 51.004 50.862 50.742 50.643 50.475 50.898 50.994 50.841 50.453 50.284 50.093 50.808
245.0899 51.79 51.839 51.764 51.572 51.429 51.29 51.651 51.549 51.427 51.285 51.144 50.996 51.554 51.382 51.21 51.089 50.978 51.318 51.175 51.055 50.956 50.788 51.212 51.307 51.154 50.766 50.597 50.407 51.122
251.0022 52.103 52.153 52.078 51.885 51.743 51.604 51.964 51.863 51.74 51.598 51.458 51.309 51.868 51.695 51.523 51.403 51.292 51.631 51.489 51.369 51.27 51.102 51.526 51.621 51.468 51.08 50.911 50.72 51.435
