web/models/grb/offaxis/14/grb_0.2967_372.7594_0.0015849.dat
# %ECSV 1.0
# ---
# datatype:
# - {name: time, datatype: float64}
# - {name: swift_uvot_uvw2, datatype: float64}
# - {name: swift_uvot_uvm2, datatype: float64}
# - {name: swift_uvot_uvw1, datatype: float64}
# - {name: swift_uvot_U, datatype: float64}
# - {name: swift_uvot_B, datatype: float64}
# - {name: swift_uvot_V, datatype: float64}
# - {name: swift_uvot_W, datatype: float64}
# - {name: johnson_U, datatype: float64}
# - {name: johnson_B, datatype: float64}
# - {name: johnson_V, datatype: float64}
# - {name: johnson_R, datatype: float64}
# - {name: johnson_I, datatype: float64}
# - {name: sdss_u, datatype: float64}
# - {name: sdss_g, datatype: float64}
# - {name: sdss_r, datatype: float64}
# - {name: sdss_i, datatype: float64}
# - {name: sdss_z, datatype: float64}
# - {name: PS1_g, datatype: float64}
# - {name: PS1_r, datatype: float64}
# - {name: PS1_i, datatype: float64}
# - {name: PS1_z, datatype: float64}
# - {name: PS1_Y, datatype: float64}
# - {name: PS1_w, datatype: float64}
# - {name: ATLAS_c, datatype: float64}
# - {name: ATLAS_o, datatype: float64}
# - {name: ukirt_J, datatype: float64}
# - {name: ukirt_H, datatype: float64}
# - {name: ukirt_K, datatype: float64}
# - {name: Clear, datatype: float64}
# meta: !!omap
# - comment: [E = 0.16176451642579392, Eta0 = 8.02, GammaB = 12.0, dL = 0.012188, epsb = 6.760829753919819e-06, epse = 0.1, n = 0.001584893192461114,
#     p = 2.15, theta_obs = 0.29670597283903605, xiN = 1.0, z = 0.0, type = grb, E_kiso = 372.7593720314938]
# schema: astropy-2.0
time swift_uvot_uvw2 swift_uvot_uvm2 swift_uvot_uvw1 swift_uvot_U swift_uvot_B swift_uvot_V swift_uvot_W johnson_U johnson_B johnson_V johnson_R johnson_I sdss_u sdss_g sdss_r sdss_i sdss_z PS1_g PS1_r PS1_i PS1_z PS1_Y PS1_w ATLAS_c ATLAS_o ukirt_J ukirt_H ukirt_K Clear
[from data line 263]
5.2799 -2.285 -2.236 -2.311 -2.504 -2.646 -2.785 -2.424 -2.526 -2.649 -2.79 -2.931 -3.079 -2.521 -2.694 -2.866 -2.986 -3.097 -2.757 -2.9 -3.02 -3.119 -3.287 -2.863 -2.768 -2.921 -3.309 -3.478 -3.669 -2.954
5.4072 -2.301 -2.252 -2.327 -2.52 -2.662 -2.801 -2.441 -2.542 -2.665 -2.807 -2.947 -3.096 -2.537 -2.71 -2.882 -3.002 -3.113 -2.774 -2.916 -3.036 -3.135 -3.303 -2.879 -2.784 -2.937 -3.325 -3.494 -3.685 -2.97
5.5377 -2.318 -2.268 -2.343 -2.536 -2.678 -2.817 -2.457 -2.558 -2.681 -2.823 -2.963 -3.112 -2.553 -2.726 -2.898 -3.018 -3.129 -2.79 -2.932 -3.052 -3.151 -3.319 -2.895 -2.8 -2.953 -3.341 -3.51 -3.701 -2.986
5.6713 -2.334 -2.284 -2.359 -2.552 -2.694 -2.834 -2.473 -2.574 -2.697 -2.839 -2.979 -3.128 -2.569 -2.742 -2.914 -3.035 -3.145 -2.806 -2.948 -3.068 -3.167 -3.335 -2.912 -2.816 -2.969 -3.357 -3.526 -3.717 -3.002
5.8081 -2.35 -2.3 -2.375 -2.568 -2.711 -2.85 -2.489 -2.591 -2.713 -2.855 -2.995 -3.144 -2.585 -2.758 -2.93 -3.051 -3.161 -2.822 -2.964 -3.084 -3.183 -3.352 -2.928 -2.832 -2.985 -3.373 -3.543 -3.733 -3.018
5.9482 -2.366 -2.316 -2.391 -2.584 -2.727 -2.866 -2.505 -2.607 -2.729 -2.871 -3.011 -3.16 -2.602 -2.774 -2.946 -3.067 -3.177 -2.838 -2.98 -3.1 -3.199 -3.368 -2.944 -2.849 -3.001 -3.389 -3.559 -3.749 -3.034
6.0917 -2.382 -2.333 -2.407 -2.6 -2.743 -2.882 -2.521 -2.623 -2.745 -2.887 -3.028 -3.176 -2.618 -2.79 -2.962 -3.083 -3.193 -2.854 -2.997 -3.116 -3.215 -3.384 -2.96 -2.865 -3.017 -3.405 -3.575 -3.765 -3.05
6.2386 -2.398 -2.349 -2.423 -2.616 -2.759 -2.898 -2.537 -2.639 -2.761 -2.903 -3.044 -3.192 -2.634 -2.806 -2.978 -3.099 -3.21 -2.87 -3.013 -3.133 -3.232 -3.4 -2.976 -2.881 -3.034 -3.422 -3.591 -3.781 -3.066
6.3891 -2.414 -2.365 -2.44 -2.633 -2.775 -2.914 -2.553 -2.655 -2.777 -2.919 -3.06 -3.208 -2.65 -2.822 -2.994 -3.115 -3.226 -2.886 -3.029 -3.149 -3.248 -3.416 -2.992 -2.897 -3.05 -3.438 -3.607 -3.797 -3.082
6.5433 -2.429 -2.38 -2.455 -2.647 -2.79 -2.929 -2.568 -2.67 -2.792 -2.934 -3.075 -3.223 -2.665 -2.837 -3.009 -3.13 -3.241 -2.901 -3.044 -3.164 -3.263 -3.431 -3.007 -2.912 -3.065 -3.453 -3.622 -3.812 -3.097
6.7011 -2.442 -2.392 -2.467 -2.66 -2.802 -2.942 -2.581 -2.682 -2.805 -2.947 -3.087 -3.236 -2.677 -2.85 -3.022 -3.142 -3.253 -2.914 -3.056 -3.176 -3.275 -3.443 -3.02 -2.924 -3.077 -3.465 -3.634 -3.825 -3.11
6.8627 -2.454 -2.405 -2.48 -2.673 -2.815 -2.954 -2.593 -2.695 -2.817 -2.959 -3.1 -3.248 -2.69 -2.862 -3.034 -3.155 -3.266 -2.926 -3.069 -3.189 -3.288 -3.456 -3.032 -2.937 -3.09 -3.478 -3.647 -3.837 -3.122
7.0283 -2.467 -2.417 -2.492 -2.685 -2.827 -2.967 -2.606 -2.707 -2.83 -2.972 -3.112 -3.261 -2.702 -2.875 -3.047 -3.168 -3.278 -2.939 -3.081 -3.201 -3.3 -3.468 -3.045 -2.949 -3.102 -3.49 -3.659 -3.85 -3.135
7.1978 -2.479 -2.43 -2.505 -2.698 -2.84 -2.979 -2.618 -2.72 -2.842 -2.984 -3.125 -3.273 -2.715 -2.888 -3.059 -3.18 -3.291 -2.951 -3.094 -3.214 -3.313 -3.481 -3.057 -2.962 -3.115 -3.503 -3.672 -3.862 -3.147
7.3715 -2.492 -2.442 -2.517 -2.71 -2.852 -2.992 -2.631 -2.732 -2.855 -2.997 -3.137 -3.286 -2.727 -2.9 -3.072 -3.193 -3.303 -2.964 -3.106 -3.226 -3.325 -3.493 -3.07 -2.974 -3.127 -3.515 -3.684 -3.875 -3.16
7.5493 -2.504 -2.455 -2.53 -2.723 -2.865 -3.004 -2.643 -2.745 -2.867 -3.009 -3.15 -3.298 -2.74 -2.913 -3.084 -3.205 -3.316 -2.976 -3.119 -3.239 -3.338 -3.506 -3.082 -2.987 -3.14 -3.528 -3.697 -3.887 -3.172
7.7314 -2.517 -2.467 -2.542 -2.735 -2.878 -3.017 -2.656 -2.758 -2.88 -3.022 -3.162 -3.311 -2.752 -2.925 -3.097 -3.218 -3.328 -2.989 -3.131 -3.251 -3.35 -3.518 -3.095 -2.999 -3.152 -3.54 -3.71 -3.9 -3.185
7.9179 -2.529 -2.48 -2.555 -2.748 -2.89 -3.029 -2.668 -2.77 -2.892 -3.034 -3.175 -3.323 -2.765 -2.938 -3.109 -3.23 -3.341 -3.001 -3.144 -3.264 -3.363 -3.531 -3.107 -3.012 -3.165 -3.553 -3.722 -3.912 -3.197
8.1089 -2.542 -2.492 -2.567 -2.76 -2.903 -3.042 -2.681 -2.783 -2.905 -3.047 -3.187 -3.336 -2.778 -2.95 -3.122 -3.243 -3.353 -3.014 -3.156 -3.276 -3.375 -3.544 -3.12 -3.024 -3.177 -3.565 -3.735 -3.925 -3.21
8.3045 -2.552 -2.502 -2.577 -2.77 -2.913 -3.052 -2.691 -2.793 -2.915 -3.057 -3.197 -3.346 -2.788 -2.96 -3.132 -3.253 -3.363 -3.024 -3.166 -3.286 -3.385 -3.554 -3.13 -3.035 -3.187 -3.575 -3.745 -3.935 -3.22
8.5049 -2.559 -2.51 -2.584 -2.777 -2.92 -3.059 -2.698 -2.8 -2.922 -3.064 -3.205 -3.353 -2.795 -2.967 -3.139 -3.26 -3.371 -3.031 -3.174 -3.294 -3.393 -3.561 -3.137 -3.042 -3.195 -3.583 -3.752 -3.942 -3.227
8.71 -2.566 -2.517 -2.592 -2.785 -2.927 -3.066 -2.705 -2.807 -2.929 -3.071 -3.212 -3.36 -2.802 -2.975 -3.146 -3.267 -3.378 -3.038 -3.181 -3.301 -3.4 -3.568 -3.144 -3.049 -3.202 -3.59 -3.759 -3.949 -3.234
8.9201 -2.574 -2.524 -2.599 -2.792 -2.934 -3.073 -2.713 -2.814 -2.937 -3.079 -3.219 -3.368 -2.809 -2.982 -3.154 -3.274 -3.385 -3.046 -3.188 -3.308 -3.407 -3.575 -3.151 -3.056 -3.209 -3.597 -3.766 -3.957 -3.242
9.1353 -2.581 -2.531 -2.606 -2.799 -2.941 -3.081 -2.72 -2.821 -2.944 -3.086 -3.226 -3.375 -2.816 -2.989 -3.161 -3.282 -3.392 -3.053 -3.195 -3.315 -3.414 -3.582 -3.159 -3.063 -3.216 -3.604 -3.773 -3.964 -3.249
9.3557 -2.588 -2.538 -2.613 -2.806 -2.949 -3.088 -2.727 -2.829 -2.951 -3.093 -3.233 -3.382 -2.824 -2.996 -3.168 -3.289 -3.399 -3.06 -3.203 -3.322 -3.421 -3.59 -3.166 -3.071 -3.223 -3.611 -3.781 -3.971 -3.256
9.5814 -2.595 -2.546 -2.621 -2.813 -2.956 -3.095 -2.734 -2.836 -2.958 -3.1 -3.241 -3.389 -2.831 -3.003 -3.175 -3.296 -3.407 -3.067 -3.21 -3.33 -3.429 -3.597 -3.173 -3.078 -3.231 -3.619 -3.788 -3.978 -3.263
9.8125 -2.602 -2.553 -2.628 -2.821 -2.963 -3.102 -2.741 -2.843 -2.966 -3.107 -3.248 -3.396 -2.838 -3.011 -3.182 -3.303 -3.414 -3.074 -3.217 -3.337 -3.436 -3.604 -3.18 -3.085 -3.238 -3.626 -3.795 -3.985 -3.27
10.0492 -2.61 -2.56 -2.635 -2.828 -2.97 -3.109 -2.749 -2.85 -2.973 -3.115 -3.255 -3.404 -2.845 -3.018 -3.19 -3.31 -3.421 -3.082 -3.224 -3.344 -3.443 -3.611 -3.187 -3.092 -3.245 -3.633 -3.802 -3.993 -3.278
10.2917 -2.617 -2.567 -2.642 -2.835 -2.978 -3.117 -2.756 -2.858 -2.98 -3.122 -3.262 -3.411 -2.852 -3.025 -3.197 -3.318 -3.428 -3.089 -3.231 -3.351 -3.45 -3.619 -3.195 -3.099 -3.252 -3.64 -3.81 -4.0 -3.285
10.5399 -2.627 -2.578 -2.652 -2.845 -2.988 -3.127 -2.766 -2.868 -2.99 -3.132 -3.273 -3.421 -2.863 -3.035 -3.207 -3.328 -3.439 -3.099 -3.242 -3.361 -3.461 -3.629 -3.205 -3.11 -3.263 -3.65 -3.82 -4.01 -3.295
10.7942 -2.639 -2.59 -2.665 -2.858 -3.0 -3.139 -2.778 -2.88 -3.002 -3.144 -3.285 -3.433 -2.875 -3.048 -3.219 -3.34 -3.451 -3.111 -3.254 -3.374 -3.473 -3.641 -3.217 -3.122 -3.275 -3.663 -3.832 -4.022 -3.307
11.0546 -2.652 -2.602 -2.677 -2.87 -3.012 -3.151 -2.791 -2.892 -3.015 -3.157 -3.297 -3.446 -2.887 -3.06 -3.232 -3.352 -3.463 -3.124 -3.266 -3.386 -3.485 -3.653 -3.229 -3.134 -3.287 -3.675 -3.844 -4.035 -3.32
11.3212 -2.664 -2.614 -2.689 -2.882 -3.025 -3.164 -2.803 -2.905 -3.027 -3.169 -3.309 -3.458 -2.899 -3.072 -3.244 -3.365 -3.475 -3.136 -3.278 -3.398 -3.497 -3.666 -3.242 -3.146 -3.299 -3.687 -3.857 -4.047 -3.332
11.5943 -2.676 -2.627 -2.701 -2.894 -3.037 -3.176 -2.815 -2.917 -3.039 -3.181 -3.322 -3.47 -2.912 -3.084 -3.256 -3.377 -3.488 -3.148 -3.291 -3.41 -3.509 -3.678 -3.254 -3.159 -3.312 -3.699 -3.869 -4.059 -3.344
11.874 -2.688 -2.639 -2.714 -2.907 -3.049 -3.188 -2.827 -2.929 -3.051 -3.193 -3.334 -3.482 -2.924 -3.097 -3.268 -3.389 -3.5 -3.16 -3.303 -3.423 -3.522 -3.69 -3.266 -3.171 -3.324 -3.712 -3.881 -4.071 -3.356
12.1605 -2.701 -2.651 -2.726 -2.919 -3.061 -3.2 -2.84 -2.941 -3.064 -3.206 -3.346 -3.495 -2.936 -3.109 -3.281 -3.401 -3.512 -3.173 -3.315 -3.435 -3.534 -3.702 -3.278 -3.183 -3.336 -3.724 -3.893 -4.084 -3.369
12.4538 -2.713 -2.663 -2.738 -2.931 -3.074 -3.213 -2.852 -2.954 -3.076 -3.218 -3.358 -3.507 -2.948 -3.121 -3.293 -3.414 -3.524 -3.185 -3.327 -3.447 -3.546 -3.715 -3.291 -3.195 -3.348 -3.736 -3.906 -4.096 -3.381
12.7542 -2.725 -2.676 -2.75 -2.943 -3.086 -3.225 -2.864 -2.966 -3.088 -3.23 -3.371 -3.519 -2.961 -3.133 -3.305 -3.426 -3.537 -3.197 -3.34 -3.459 -3.558 -3.727 -3.303 -3.208 -3.36 -3.748 -3.918 -4.108 -3.393
13.0619 -2.737 -2.688 -2.763 -2.956 -3.098 -3.237 -2.876 -2.978 -3.1 -3.242 -3.383 -3.531 -2.973 -3.146 -3.317 -3.438 -3.549 -3.209 -3.352 -3.472 -3.571 -3.739 -3.315 -3.22 -3.373 -3.761 -3.93 -4.12 -3.405
13.377 -2.746 -2.696 -2.771 -2.964 -3.106 -3.246 -2.885 -2.986 -3.109 -3.251 -3.391 -3.54 -2.981 -3.154 -3.326 -3.447 -3.557 -3.218 -3.36 -3.48 -3.579 -3.747 -3.324 -3.228 -3.381 -3.769 -3.938 -4.129 -3.414
13.6997 -2.753 -2.703 -2.778 -2.971 -3.114 -3.253 -2.892 -2.994 -3.116 -3.258 -3.398 -3.547 -2.989 -3.161 -3.333 -3.454 -3.564 -3.225 -3.367 -3.487 -3.586 -3.755 -3.331 -3.235 -3.388 -3.776 -3.946 -4.136 -3.421
14.0302 -2.76 -2.71 -2.785 -2.978 -3.121 -3.26 -2.899 -3.001 -3.123 -3.265 -3.405 -3.554 -2.996 -3.168 -3.34 -3.461 -3.571 -3.232 -3.375 -3.494 -3.593 -3.762 -3.338 -3.243 -3.395 -3.783 -3.953 -4.143 -3.428
14.3686 -2.767 -2.718 -2.792 -2.985 -3.128 -3.267 -2.906 -3.008 -3.13 -3.272 -3.413 -3.561 -3.003 -3.175 -3.347 -3.468 -3.579 -3.239 -3.382 -3.501 -3.601 -3.769 -3.345 -3.25 -3.403 -3.79 -3.96 -4.15 -3.435
14.7153 -2.774 -2.725 -2.8 -2.993 -3.135 -3.274 -2.913 -3.015 -3.137 -3.279 -3.42 -3.568 -3.01 -3.182 -3.354 -3.475 -3.586 -3.246 -3.389 -3.509 -3.608 -3.776 -3.352 -3.257 -3.41 -3.798 -3.967 -4.157 -3.442
15.0702 -2.781 -2.732 -2.807 -3.0 -3.142 -3.281 -2.92 -3.022 -3.144 -3.286 -3.427 -3.575 -3.017 -3.19 -3.361 -3.482 -3.593 -3.253 -3.396 -3.516 -3.615 -3.783 -3.359 -3.264 -3.417 -3.805 -3.974 -4.164 -3.449
15.4338 -2.788 -2.739 -2.814 -3.007 -3.149 -3.288 -2.928 -3.029 -3.152 -3.293 -3.434 -3.583 -3.024 -3.197 -3.369 -3.489 -3.6 -3.26 -3.403 -3.523 -3.622 -3.79 -3.366 -3.271 -3.424 -3.812 -3.981 -4.172 -3.457
15.8061 -2.796 -2.746 -2.821 -3.014 -3.156 -3.295 -2.935 -3.036 -3.159 -3.301 -3.441 -3.59 -3.031 -3.204 -3.376 -3.496 -3.607 -3.268 -3.41 -3.53 -3.629 -3.797 -3.373 -3.278 -3.431 -3.819 -3.988 -4.179 -3.464
16.1874 -2.803 -2.753 -2.828 -3.021 -3.163 -3.303 -2.942 -3.043 -3.166 -3.308 -3.448 -3.597 -3.038 -3.211 -3.383 -3.504 -3.614 -3.275 -3.417 -3.537 -3.636 -3.804 -3.381 -3.285 -3.438 -3.826 -3.995 -4.186 -3.471
16.5779 -2.81 -2.76 -2.835 -3.028 -3.171 -3.31 -2.949 -3.051 -3.173 -3.315 -3.455 -3.604 -3.045 -3.218 -3.39 -3.511 -3.621 -3.282 -3.424 -3.544 -3.643 -3.812 -3.388 -3.292 -3.445 -3.833 -4.003 -4.193 -3.478
16.9778 -2.813 -2.763 -2.838 -3.031 -3.174 -3.313 -2.952 -3.054 -3.176 -3.318 -3.458 -3.607 -3.049 -3.221 -3.393 -3.514 -3.624 -3.285 -3.427 -3.547 -3.646 -3.815 -3.391 -3.296 -3.448 -3.836 -4.006 -4.196 -3.481
17.3873 -2.815 -2.766 -2.841 -3.034 -3.176 -3.315 -2.954 -3.056 -3.179 -3.32 -3.461 -3.609 -3.051 -3.224 -3.396 -3.516 -3.627 -3.287 -3.43 -3.55 -3.649 -3.817 -3.393 -3.298 -3.451 -3.839 -4.008 -4.198 -3.483
17.8068 -2.818 -2.768 -2.843 -3.036 -3.179 -3.318 -2.957 -3.059 -3.181 -3.323 -3.463 -3.612 -3.054 -3.226 -3.398 -3.519 -3.629 -3.29 -3.433 -3.552 -3.651 -3.82 -3.396 -3.301 -3.453 -3.841 -4.011 -4.201 -3.486
18.2363 -2.82 -2.771 -2.846 -3.039 -3.181 -3.32 -2.96 -3.061 -3.184 -3.326 -3.466 -3.615 -3.056 -3.229 -3.401 -3.521 -3.632 -3.293 -3.435 -3.555 -3.654 -3.822 -3.398 -3.303 -3.456 -3.844 -4.013 -4.204 -3.489
18.6762 -2.823 -2.774 -2.848 -3.041 -3.184 -3.323 -2.962 -3.064 -3.186 -3.328 -3.469 -3.617 -3.059 -3.231 -3.403 -3.524 -3.635 -3.295 -3.438 -3.557 -3.657 -3.825 -3.401 -3.306 -3.459 -3.846 -4.016 -4.206 -3.491
19.1268 -2.826 -2.776 -2.851 -3.044 -3.186 -3.325 -2.965 -3.066 -3.189 -3.331 -3.471 -3.62 -3.061 -3.234 -3.406 -3.526 -3.637 -3.298 -3.44 -3.56 -3.659 -3.827 -3.403 -3.308 -3.461 -3.849 -4.018 -4.209 -3.494
19.5882 -2.828 -2.779 -2.854 -3.046 -3.189 -3.328 -2.967 -3.069 -3.191 -3.333 -3.474 -3.622 -3.064 -3.236 -3.408 -3.529 -3.64 -3.3 -3.443 -3.563 -3.662 -3.83 -3.406 -3.311 -3.464 -3.852 -4.021 -4.211 -3.496
20.0607 -2.831 -2.781 -2.856 -3.049 -3.191 -3.331 -2.97 -3.071 -3.194 -3.336 -3.476 -3.625 -3.066 -3.239 -3.411 -3.532 -3.642 -3.303 -3.445 -3.565 -3.664 -3.832 -3.409 -3.313 -3.466 -3.854 -4.023 -4.214 -3.499
20.5446 -2.833 -2.784 -2.859 -3.052 -3.194 -3.333 -2.972 -3.074 -3.196 -3.338 -3.479 -3.627 -3.069 -3.242 -3.413 -3.534 -3.645 -3.305 -3.448 -3.568 -3.667 -3.835 -3.411 -3.316 -3.469 -3.857 -4.026 -4.216 -3.501
21.0402 -2.837 -2.787 -2.862 -3.055 -3.198 -3.337 -2.976 -3.077 -3.2 -3.342 -3.482 -3.631 -3.072 -3.245 -3.417 -3.538 -3.648 -3.309 -3.451 -3.571 -3.67 -3.838 -3.415 -3.319 -3.472 -3.86 -4.03 -4.22 -3.505
21.5478 -2.867 -2.817 -2.892 -3.085 -3.227 -3.367 -3.006 -3.107 -3.23 -3.372 -3.512 -3.661 -3.102 -3.275 -3.447 -3.568 -3.678 -3.339 -3.481 -3.601 -3.7 -3.868 -3.445 -3.349 -3.502 -3.89 -4.059 -4.25 -3.535
22.0676 -2.897 -2.847 -2.922 -3.115 -3.257 -3.397 -3.036 -3.137 -3.26 -3.402 -3.542 -3.691 -3.132 -3.305 -3.477 -3.597 -3.708 -3.369 -3.511 -3.631 -3.73 -3.898 -3.475 -3.379 -3.532 -3.92 -4.089 -4.28 -3.565
22.5999 -2.927 -2.877 -2.952 -3.145 -3.287 -3.426 -3.066 -3.167 -3.29 -3.432 -3.572 -3.721 -3.162 -3.335 -3.507 -3.627 -3.738 -3.399 -3.541 -3.661 -3.76 -3.928 -3.504 -3.409 -3.562 -3.95 -4.119 -4.31 -3.595
23.1451 -2.957 -2.907 -2.982 -3.175 -3.317 -3.456 -3.096 -3.197 -3.32 -3.462 -3.602 -3.751 -3.192 -3.365 -3.537 -3.657 -3.768 -3.429 -3.571 -3.691 -3.79 -3.958 -3.534 -3.439 -3.592 -3.98 -4.149 -4.34 -3.625
23.7034 -2.987 -2.937 -3.012 -3.205 -3.347 -3.486 -3.126 -3.227 -3.35 -3.492 -3.632 -3.781 -3.222 -3.395 -3.567 -3.687 -3.798 -3.459 -3.601 -3.721 -3.82 -3.988 -3.564 -3.469 -3.622 -4.01 -4.179 -4.37 -3.655
24.2752 -3.016 -2.967 -3.042 -3.235 -3.377 -3.516 -3.156 -3.257 -3.38 -3.521 -3.662 -3.811 -3.252 -3.425 -3.597 -3.717 -3.828 -3.488 -3.631 -3.751 -3.85 -4.018 -3.594 -3.499 -3.652 -4.04 -4.209 -4.4 -3.685
24.8608 -3.046 -2.997 -3.072 -3.265 -3.407 -3.546 -3.185 -3.287 -3.41 -3.551 -3.692 -3.84 -3.282 -3.455 -3.627 -3.747 -3.858 -3.518 -3.661 -3.781 -3.88 -4.048 -3.624 -3.529 -3.682 -4.07 -4.239 -4.43 -3.715
25.4606 -3.076 -3.027 -3.102 -3.295 -3.437 -3.576 -3.215 -3.317 -3.44 -3.581 -3.722 -3.87 -3.312 -3.485 -3.656 -3.777 -3.888 -3.548 -3.691 -3.811 -3.91 -4.078 -3.654 -3.559 -3.712 -4.1 -4.269 -4.459 -3.744
26.0748 -3.106 -3.057 -3.132 -3.325 -3.467 -3.606 -3.245 -3.347 -3.469 -3.611 -3.752 -3.9 -3.342 -3.515 -3.686 -3.807 -3.918 -3.578 -3.721 -3.841 -3.94 -4.108 -3.684 -3.589 -3.742 -4.13 -4.299 -4.489 -3.774
26.7038 -3.131 -3.081 -3.156 -3.349 -3.492 -3.631 -3.27 -3.372 -3.494 -3.636 -3.776 -3.925 -3.367 -3.539 -3.711 -3.832 -3.942 -3.603 -3.745 -3.865 -3.964 -4.133 -3.709 -3.614 -3.766 -4.154 -4.324 -4.514 -3.799
27.3479 -3.13 -3.081 -3.156 -3.349 -3.491 -3.63 -3.269 -3.371 -3.493 -3.635 -3.776 -3.924 -3.366 -3.539 -3.71 -3.831 -3.942 -3.602 -3.745 -3.865 -3.964 -4.132 -3.708 -3.613 -3.766 -4.154 -4.323 -4.513 -3.798
28.0077 -3.13 -3.08 -3.155 -3.348 -3.491 -3.63 -3.269 -3.37 -3.493 -3.635 -3.775 -3.924 -3.365 -3.538 -3.71 -3.831 -3.941 -3.602 -3.744 -3.864 -3.963 -4.131 -3.708 -3.612 -3.765 -4.153 -4.322 -4.513 -3.798
28.6833 -3.129 -3.08 -3.155 -3.348 -3.49 -3.629 -3.268 -3.37 -3.492 -3.634 -3.775 -3.923 -3.365 -3.537 -3.709 -3.83 -3.941 -3.601 -3.744 -3.864 -3.963 -4.131 -3.707 -3.612 -3.765 -4.153 -4.322 -4.512 -3.797
29.3752 -3.129 -3.079 -3.154 -3.347 -3.489 -3.629 -3.268 -3.369 -3.492 -3.634 -3.774 -3.923 -3.364 -3.537 -3.709 -3.829 -3.94 -3.601 -3.743 -3.863 -3.962 -4.13 -3.707 -3.611 -3.764 -4.152 -4.321 -4.512 -3.797
30.0838 -3.128 -3.079 -3.154 -3.346 -3.489 -3.628 -3.267 -3.369 -3.491 -3.633 -3.774 -3.922 -3.364 -3.536 -3.708 -3.829 -3.94 -3.6 -3.743 -3.863 -3.962 -4.13 -3.706 -3.611 -3.764 -4.152 -4.321 -4.511 -3.796
30.8096 -3.128 -3.078 -3.153 -3.346 -3.488 -3.627 -3.267 -3.368 -3.491 -3.633 -3.773 -3.922 -3.363 -3.536 -3.708 -3.828 -3.939 -3.6 -3.742 -3.862 -3.961 -4.129 -3.705 -3.61 -3.763 -4.151 -4.32 -4.511 -3.796
31.5528 -3.127 -3.078 -3.152 -3.345 -3.488 -3.627 -3.266 -3.368 -3.49 -3.632 -3.773 -3.921 -3.363 -3.535 -3.707 -3.828 -3.939 -3.599 -3.742 -3.861 -3.96 -4.129 -3.705 -3.61 -3.763 -4.15 -4.32 -4.51 -3.795
