web/models/grb/offaxis/14/grb_0.2967_0.1931_0.0158489.dat
# %ECSV 1.0
# ---
# datatype:
# - {name: time, datatype: float64}
# - {name: swift_uvot_uvw2, datatype: float64}
# - {name: swift_uvot_uvm2, datatype: float64}
# - {name: swift_uvot_uvw1, datatype: float64}
# - {name: swift_uvot_U, datatype: float64}
# - {name: swift_uvot_B, datatype: float64}
# - {name: swift_uvot_V, datatype: float64}
# - {name: swift_uvot_W, datatype: float64}
# - {name: johnson_U, datatype: float64}
# - {name: johnson_B, datatype: float64}
# - {name: johnson_V, datatype: float64}
# - {name: johnson_R, datatype: float64}
# - {name: johnson_I, datatype: float64}
# - {name: sdss_u, datatype: float64}
# - {name: sdss_g, datatype: float64}
# - {name: sdss_r, datatype: float64}
# - {name: sdss_i, datatype: float64}
# - {name: sdss_z, datatype: float64}
# - {name: PS1_g, datatype: float64}
# - {name: PS1_r, datatype: float64}
# - {name: PS1_i, datatype: float64}
# - {name: PS1_z, datatype: float64}
# - {name: PS1_Y, datatype: float64}
# - {name: PS1_w, datatype: float64}
# - {name: ATLAS_c, datatype: float64}
# - {name: ATLAS_o, datatype: float64}
# - {name: ukirt_J, datatype: float64}
# - {name: ukirt_H, datatype: float64}
# - {name: ukirt_K, datatype: float64}
# - {name: Clear, datatype: float64}
# meta: !!omap
# - comment: [E = 8.378552168254816e-05, Eta0 = 8.02, GammaB = 12.0, dL = 0.012188, epsb = 6.760829753919819e-06, epse = 0.1, n = 0.01584893192461114,
#     p = 2.15, theta_obs = 0.29670597283903605, xiN = 1.0, z = 0.0, type = grb, E_kiso = 0.19306977288832505]
# schema: astropy-2.0
time swift_uvot_uvw2 swift_uvot_uvm2 swift_uvot_uvw1 swift_uvot_U swift_uvot_B swift_uvot_V swift_uvot_W johnson_U johnson_B johnson_V johnson_R johnson_I sdss_u sdss_g sdss_r sdss_i sdss_z PS1_g PS1_r PS1_i PS1_z PS1_Y PS1_w ATLAS_c ATLAS_o ukirt_J ukirt_H ukirt_K Clear
[from data line 360]
53.3072 10.041 10.091 10.016 9.823 9.68 9.541 9.902 9.801 9.678 9.536 9.396 9.247 9.806 9.633 9.461 9.34 9.23 9.569 9.427 9.307 9.208 9.04 9.463 9.559 9.406 9.018 8.848 8.658 9.373
54.5931 10.078 10.128 10.053 9.86 9.718 9.578 9.939 9.838 9.715 9.573 9.433 9.284 9.843 9.67 9.498 9.378 9.267 9.606 9.464 9.344 9.245 9.077 9.5 9.596 9.443 9.055 8.886 8.695 9.41
55.9101 10.118 10.168 10.093 9.9 9.758 9.619 9.979 9.878 9.755 9.613 9.473 9.324 9.883 9.71 9.538 9.418 9.307 9.646 9.504 9.384 9.285 9.117 9.541 9.636 9.483 9.095 8.926 8.735 9.45
57.2588 10.158 10.208 10.133 9.94 9.798 9.659 10.019 9.918 9.795 9.653 9.513 9.364 9.923 9.75 9.578 9.458 9.347 9.686 9.544 9.424 9.325 9.157 9.581 9.676 9.523 9.135 8.966 8.775 9.49
58.6401 10.198 10.248 10.173 9.98 9.838 9.699 10.059 9.958 9.835 9.693 9.553 9.404 9.963 9.79 9.618 9.498 9.387 9.726 9.584 9.464 9.365 9.197 9.621 9.716 9.563 9.175 9.006 8.815 9.53
60.0546 10.239 10.288 10.213 10.02 9.878 9.739 10.099 9.998 9.875 9.733 9.593 9.444 10.003 9.83 9.658 9.538 9.427 9.766 9.624 9.504 9.405 9.237 9.661 9.756 9.603 9.215 9.046 8.855 9.57
61.5034 10.279 10.328 10.253 10.06 9.918 9.779 10.139 10.038 9.915 9.774 9.633 9.484 10.043 9.87 9.698 9.578 9.467 9.807 9.664 9.544 9.445 9.277 9.701 9.796 9.643 9.255 9.086 8.895 9.61
62.987 10.319 10.368 10.293 10.1 9.958 9.819 10.18 10.078 9.955 9.814 9.673 9.525 10.083 9.91 9.738 9.618 9.507 9.847 9.704 9.584 9.485 9.317 9.741 9.836 9.683 9.295 9.126 8.936 9.651
64.5065 10.359 10.408 10.333 10.14 9.998 9.859 10.22 10.118 9.996 9.854 9.713 9.565 10.123 9.95 9.779 9.658 9.547 9.887 9.744 9.624 9.525 9.357 9.781 9.876 9.723 9.335 9.166 8.976 9.691
66.0626 10.399 10.448 10.373 10.18 10.038 9.899 10.26 10.158 10.036 9.894 9.753 9.605 10.163 9.99 9.819 9.698 9.587 9.927 9.784 9.664 9.565 9.397 9.821 9.916 9.763 9.375 9.206 9.016 9.731
67.6562 10.439 10.488 10.413 10.22 10.078 9.939 10.3 10.198 10.076 9.934 9.793 9.645 10.203 10.03 9.859 9.738 9.627 9.967 9.824 9.704 9.605 9.437 9.861 9.956 9.803 9.415 9.246 9.056 9.771
69.2883 10.499 10.549 10.474 10.281 10.139 10.0 10.36 10.259 10.136 9.994 9.854 9.705 10.264 10.091 9.919 9.799 9.688 10.027 9.885 9.765 9.666 9.498 9.922 10.017 9.864 9.476 9.307 9.116 9.831
70.9597 10.567 10.616 10.542 10.349 10.206 10.067 10.428 10.326 10.204 10.062 9.921 9.773 10.331 10.159 9.987 9.866 9.755 10.095 9.952 9.833 9.734 9.565 9.989 10.084 9.932 9.544 9.374 9.184 9.899
72.6715 10.635 10.684 10.609 10.416 10.274 10.135 10.495 10.394 10.271 10.129 9.989 9.84 10.399 10.226 10.054 9.934 9.823 10.162 10.02 9.9 9.801 9.633 10.057 10.152 9.999 9.611 9.442 9.251 9.966
74.4246 10.702 10.752 10.677 10.484 10.341 10.202 10.563 10.461 10.339 10.197 10.057 9.908 10.466 10.294 10.122 10.001 9.891 10.23 10.087 9.968 9.869 9.7 10.124 10.219 10.067 9.679 9.509 9.319 10.034
76.2199 10.77 10.819 10.744 10.551 10.409 10.27 10.631 10.529 10.406 10.265 10.124 9.976 10.534 10.361 10.189 10.069 9.958 10.298 10.155 10.035 9.936 9.768 10.192 10.287 10.134 9.746 9.577 9.386 10.101
78.0586 10.837 10.887 10.812 10.619 10.476 10.337 10.698 10.596 10.474 10.332 10.192 10.043 10.601 10.429 10.257 10.136 10.026 10.365 10.223 10.103 10.004 9.835 10.259 10.354 10.202 9.814 9.644 9.454 10.169
79.9416 10.905 10.954 10.879 10.686 10.544 10.405 10.766 10.664 10.542 10.4 10.259 10.111 10.669 10.496 10.325 10.204 10.093 10.433 10.29 10.17 10.071 9.903 10.327 10.422 10.269 9.881 9.712 9.522 10.237
81.87 10.972 11.022 10.947 10.754 10.611 10.472 10.833 10.731 10.609 10.467 10.327 10.178 10.737 10.564 10.392 10.271 10.161 10.5 10.358 10.238 10.139 9.971 10.394 10.49 10.337 9.949 9.779 9.589 10.304
83.845 11.04 11.089 11.014 10.821 10.679 10.54 10.901 10.799 10.677 10.535 10.394 10.246 10.804 10.631 10.46 10.339 10.228 10.568 10.425 10.305 10.206 10.038 10.462 10.557 10.404 10.016 9.847 9.657 10.372
85.8676 11.107 11.157 11.082 10.889 10.747 10.607 10.968 10.867 10.744 10.602 10.462 10.313 10.872 10.699 10.527 10.406 10.296 10.635 10.493 10.373 10.274 10.106 10.529 10.625 10.472 10.084 9.915 9.724 10.439
87.939 11.205 11.255 11.18 10.987 10.844 10.705 11.066 10.964 10.842 10.7 10.56 10.411 10.969 10.797 10.625 10.504 10.394 10.733 10.59 10.471 10.372 10.203 10.627 10.722 10.57 10.182 10.012 9.822 10.537
90.0604 11.306 11.356 11.281 11.088 10.946 10.806 11.167 11.066 10.943 10.801 10.661 10.512 11.071 10.898 10.726 10.606 10.495 10.834 10.692 10.572 10.473 10.305 10.729 10.824 10.671 10.283 10.114 9.923 10.638
92.2329 11.408 11.457 11.382 11.189 11.047 10.908 11.269 11.167 11.045 10.903 10.762 10.614 11.172 10.999 10.828 10.707 10.596 10.936 10.793 10.673 10.574 10.406 10.83 10.925 10.772 10.384 10.215 10.025 10.74
94.4579 11.509 11.558 11.484 11.291 11.148 11.009 11.37 11.268 11.146 11.004 10.864 10.715 11.273 11.101 10.929 10.808 10.698 11.037 10.894 10.775 10.676 10.507 10.931 11.026 10.874 10.486 10.316 10.126 10.841
96.7365 11.61 11.66 11.585 11.392 11.25 11.11 11.471 11.37 11.247 11.105 10.965 10.816 11.375 11.202 11.03 10.91 10.799 11.138 10.996 10.876 10.777 10.609 11.032 11.128 10.975 10.587 10.418 10.227 10.942
99.0701 11.712 11.761 11.686 11.493 11.351 11.212 11.573 11.471 11.349 11.207 11.066 10.918 11.476 11.303 11.132 11.011 10.9 11.24 11.097 10.977 10.878 10.71 11.134 11.229 11.076 10.688 10.519 10.329 11.044
101.4599 11.813 11.862 11.788 11.595 11.452 11.313 11.674 11.572 11.45 11.308 11.168 11.019 11.577 11.405 11.233 11.112 11.002 11.341 11.198 11.079 10.98 10.811 11.235 11.33 11.178 10.79 10.62 10.43 11.145
103.9075 11.914 11.964 11.889 11.696 11.554 11.414 11.775 11.674 11.551 11.409 11.269 11.12 11.679 11.506 11.334 11.214 11.103 11.442 11.3 11.18 11.081 10.913 11.336 11.432 11.279 10.891 10.722 10.531 11.246
106.4141 12.016 12.065 11.99 11.797 11.655 11.516 11.877 11.775 11.653 11.511 11.37 11.222 11.78 11.607 11.436 11.315 11.204 11.544 11.401 11.281 11.182 11.014 11.438 11.533 11.38 10.992 10.823 10.633 11.348
108.9811 12.119 12.169 12.094 11.901 11.759 11.619 11.98 11.879 11.756 11.614 11.474 11.325 11.884 11.711 11.539 11.418 11.308 11.647 11.505 11.385 11.286 11.118 11.541 11.637 11.484 11.096 10.927 10.736 11.451
111.6101 12.283 12.333 12.258 12.065 11.923 11.783 12.144 12.043 11.92 11.778 11.638 11.489 12.048 11.875 11.703 11.582 11.472 11.811 11.669 11.549 11.45 11.282 11.705 11.801 11.648 11.26 11.091 10.9 11.615
114.3025 12.447 12.497 12.422 12.229 12.087 11.947 12.308 12.207 12.084 11.942 11.802 11.653 12.212 12.039 11.867 11.746 11.636 11.975 11.833 11.713 11.614 11.446 11.869 11.965 11.812 11.424 11.255 11.064 11.779
117.0598 12.611 12.661 12.586 12.393 12.251 12.111 12.472 12.371 12.248 12.106 11.966 11.817 12.376 12.203 12.031 11.91 11.8 12.139 11.997 11.877 11.778 11.61 12.033 12.129 11.976 11.588 11.419 11.228 11.943
119.8836 12.775 12.825 12.75 12.557 12.415 12.275 12.636 12.535 12.412 12.27 12.13 11.981 12.54 12.367 12.195 12.074 11.964 12.303 12.161 12.041 11.942 11.774 12.197 12.293 12.14 11.752 11.583 11.392 12.107
122.7756 12.939 12.989 12.914 12.721 12.579 12.439 12.8 12.699 12.576 12.434 12.294 12.145 12.704 12.531 12.359 12.239 12.128 12.467 12.325 12.205 12.106 11.938 12.361 12.457 12.304 11.916 11.747 11.556 12.271
125.7373 13.103 13.153 13.078 12.885 12.743 12.603 12.964 12.863 12.74 12.598 12.458 12.309 12.868 12.695 12.523 12.403 12.292 12.631 12.489 12.369 12.27 12.102 12.525 12.621 12.468 12.08 11.911 11.72 12.435
128.7705 13.267 13.317 13.242 13.049 12.907 12.767 13.128 13.027 12.904 12.762 12.622 12.473 13.032 12.859 12.687 12.567 12.456 12.795 12.653 12.533 12.434 12.266 12.689 12.785 12.632 12.244 12.075 11.884 12.599
131.8769 13.431 13.481 13.406 13.213 13.071 12.931 13.292 13.191 13.068 12.926 12.786 12.637 13.196 13.023 12.851 12.731 12.62 12.959 12.817 12.697 12.598 12.43 12.853 12.949 12.796 12.408 12.239 12.048 12.763
135.0582 13.595 13.645 13.57 13.377 13.235 13.095 13.456 13.355 13.232 13.09 12.95 12.801 13.36 13.187 13.015 12.895 12.784 13.123 12.981 12.861 12.762 12.594 13.017 13.113 12.96 12.572 12.403 12.212 12.927
138.3162 13.786 13.836 13.761 13.568 13.425 13.286 13.647 13.545 13.423 13.281 13.141 12.992 13.55 13.378 13.206 13.085 12.975 13.314 13.172 13.052 12.953 12.784 13.208 13.304 13.151 12.763 12.593 12.403 13.118
141.6528 14.1 14.149 14.074 13.881 13.739 13.6 13.961 13.859 13.737 13.595 13.454 13.306 13.864 13.691 13.52 13.399 13.288 13.628 13.485 13.365 13.266 13.098 13.522 13.617 13.464 13.076 12.907 12.717 13.432
145.0699 14.413 14.463 14.388 14.195 14.053 13.913 14.274 14.173 14.05 13.908 13.768 13.619 14.178 14.005 13.833 13.713 13.602 13.941 13.799 13.679 13.58 13.412 13.835 13.931 13.778 13.39 13.221 13.03 13.745
148.5695 14.727 14.776 14.702 14.509 14.366 14.227 14.588 14.486 14.364 14.222 14.081 13.933 14.491 14.319 14.147 14.026 13.915 14.255 14.112 13.992 13.893 13.725 14.149 14.244 14.091 13.703 13.534 13.344 14.059
152.1534 15.04 15.09 15.015 14.822 14.68 14.541 14.901 14.8 14.677 14.535 14.395 14.246 14.805 14.632 14.46 14.34 14.229 14.568 14.426 14.306 14.207 14.039 14.463 14.558 14.405 14.017 13.848 13.657 14.372
155.8238 15.354 15.403 15.329 15.136 14.993 14.854 15.215 15.113 14.991 14.849 14.709 14.56 15.118 14.946 14.774 14.653 14.543 14.882 14.739 14.62 14.521 14.352 14.776 14.871 14.719 14.331 14.161 13.971 14.686
159.5828 15.668 15.717 15.642 15.449 15.307 15.168 15.529 15.427 15.304 15.163 15.022 14.874 15.432 15.259 15.087 14.967 14.856 15.196 15.053 14.933 14.834 14.666 15.09 15.185 15.032 14.644 14.475 14.284 14.999
163.4324 15.981 16.031 15.956 15.763 15.62 15.481 15.842 15.74 15.618 15.476 15.336 15.187 15.745 15.573 15.401 15.28 15.17 15.509 15.367 15.247 15.148 14.979 15.403 15.498 15.346 14.958 14.788 14.598 15.313
167.375 16.295 16.344 16.269 16.076 15.934 15.795 16.156 16.054 15.932 15.79 15.649 15.501 16.059 15.886 15.715 15.594 15.483 15.823 15.68 15.56 15.461 15.293 15.717 15.812 15.659 15.271 15.102 14.912 15.627
171.4126 16.608 16.658 16.583 16.39 16.248 16.108 16.469 16.368 16.245 16.103 15.963 15.814 16.373 16.2 16.028 15.907 15.797 16.136 15.994 15.874 15.775 15.607 16.03 16.126 15.973 15.585 15.416 15.225 15.94
175.5476 16.922 16.971 16.896 16.704 16.561 16.422 16.783 16.681 16.559 16.417 16.276 16.128 16.686 16.514 16.342 16.221 16.11 16.45 16.307 16.187 16.088 15.92 16.344 16.439 16.286 15.898 15.729 15.539 16.254
179.7823 17.235 17.285 17.21 17.017 16.875 16.736 17.096 16.995 16.872 16.73 16.59 16.441 17.0 16.827 16.655 16.535 16.424 16.763 16.621 16.501 16.402 16.234 16.658 16.753 16.6 16.212 16.043 15.852 16.567
184.1193 17.549 17.598 17.524 17.331 17.188 17.049 17.41 17.308 17.186 17.044 16.903 16.755 17.313 17.141 16.969 16.848 16.738 17.077 16.934 16.815 16.716 16.547 16.971 17.066 16.914 16.526 16.356 16.166 16.881
188.5608 17.863 17.912 17.837 17.644 17.502 17.363 17.723 17.622 17.499 17.358 17.217 17.068 17.627 17.454 17.282 17.162 17.051 17.391 17.248 17.128 17.029 16.861 17.285 17.38 17.227 16.839 16.67 16.479 17.194
193.1095 18.176 18.226 18.151 17.958 17.815 17.676 18.037 17.935 17.813 17.671 17.531 17.382 17.94 17.768 17.596 17.475 17.365 17.704 17.562 17.442 17.343 17.174 17.598 17.693 17.541 17.153 16.983 16.793 17.508
197.7679 18.49 18.539 18.464 18.271 18.129 17.99 18.351 18.249 18.127 17.985 17.844 17.696 18.254 18.081 17.91 17.789 17.678 18.018 17.875 17.755 17.656 17.488 17.912 18.007 17.854 17.466 17.297 17.107 17.822
202.5387 18.803 18.853 18.778 18.585 18.443 18.303 18.664 18.563 18.44 18.298 18.158 18.009 18.568 18.395 18.223 18.102 17.992 18.331 18.189 18.069 17.97 17.802 18.225 18.321 18.168 17.78 17.611 17.42 18.135
207.4245 19.117 19.166 19.091 18.898 18.756 18.617 18.978 18.876 18.754 18.612 18.471 18.323 18.881 18.709 18.537 18.416 18.305 18.645 18.502 18.382 18.283 18.115 18.539 18.634 18.481 18.093 17.924 17.734 18.449
212.4283 19.43 19.48 19.405 19.212 19.07 18.931 19.291 19.19 19.067 18.925 18.785 18.636 19.195 19.022 18.85 18.73 18.619 18.958 18.816 18.696 18.597 18.429 18.853 18.948 18.795 18.407 18.238 18.047 18.762
217.5527 19.744 19.793 19.719 19.526 19.383 19.244 19.605 19.503 19.381 19.239 19.098 18.95 19.508 19.336 19.164 19.043 18.933 19.272 19.129 19.01 18.911 18.742 19.166 19.261 19.109 18.721 18.551 18.361 19.076
222.8008 20.058 20.107 20.032 19.839 19.697 19.558 19.918 19.817 19.694 19.553 19.412 19.263 19.822 19.649 19.477 19.357 19.246 19.586 19.443 19.323 19.224 19.056 19.48 19.575 19.422 19.034 18.865 18.674 19.389
228.1754 20.371 20.421 20.346 20.153 20.01 19.871 20.232 20.13 20.008 19.866 19.726 19.577 20.135 19.963 19.791 19.67 19.56 19.899 19.757 19.637 19.538 19.369 19.793 19.888 19.736 19.348 19.178 18.988 19.703
233.6797 20.685 20.734 20.659 20.466 20.324 20.185 20.546 20.444 20.322 20.18 20.039 19.891 20.449 20.276 20.105 19.984 19.873 20.213 20.07 19.95 19.851 19.683 20.107 20.202 20.049 19.661 19.492 19.302 20.017
239.3168 20.998 21.048 20.973 20.78 20.637 20.498 20.859 20.758 20.635 20.493 20.353 20.204 20.763 20.59 20.418 20.297 20.187 20.526 20.384 20.264 20.165 19.997 20.42 20.516 20.363 19.975 19.805 19.615 20.33
245.0899 21.312 21.361 21.286 21.093 20.951 20.812 21.173 21.071 20.949 20.807 20.666 20.518 21.076 20.904 20.732 20.611 20.5 20.84 20.697 20.577 20.478 20.31 20.734 20.829 20.676 20.288 20.119 19.929 20.644
251.0022 21.625 21.675 21.6 21.407 21.265 21.125 21.486 21.385 21.262 21.12 20.98 20.831 21.39 21.217 21.045 20.925 20.814 21.153 21.011 20.891 20.792 20.624 21.048 21.143 20.99 20.602 20.433 20.242 20.957
257.0572 21.939 21.988 21.914 21.721 21.578 21.439 21.8 21.698 21.576 21.434 21.293 21.145 21.703 21.531 21.359 21.238 21.127 21.467 21.324 21.205 21.105 20.937 21.361 21.456 21.303 20.916 20.746 20.556 21.271
263.2582 22.253 22.302 22.227 22.034 21.892 21.753 22.113 22.012 21.889 21.747 21.607 21.458 22.017 21.844 21.672 21.552 21.441 21.78 21.638 21.518 21.419 21.251 21.675 21.77 21.617 21.229 21.06 20.869 21.584
269.6088 22.566 22.616 22.541 22.348 22.205 22.066 22.427 22.325 22.203 22.061 21.921 21.772 22.33 22.158 21.986 21.865 21.755 22.094 21.951 21.832 21.733 21.564 21.988 22.083 21.931 21.543 21.373 21.183 21.898
276.1126 22.88 22.929 22.854 22.661 22.519 22.38 22.741 22.639 22.516 22.375 22.234 22.086 22.644 22.471 22.3 22.179 22.068 22.408 22.265 22.145 22.046 21.878 22.302 22.397 22.244 21.856 21.687 21.497 22.212
282.7734 23.193 23.243 23.168 22.975 22.832 22.693 23.054 22.952 22.83 22.688 22.548 22.399 22.958 22.785 22.613 22.492 22.382 22.721 22.579 22.459 22.36 22.191 22.615 22.711 22.558 22.17 22.0 21.81 22.525
289.5947 23.507 23.556 23.481 23.288 23.146 23.007 23.368 23.266 23.144 23.002 22.861 22.713 23.271 23.098 22.927 22.806 22.695 23.035 22.892 22.772 22.673 22.505 22.929 23.024 22.871 22.483 22.314 22.124 22.839
296.5807 23.82 23.87 23.795 23.602 23.46 23.32 23.681 23.58 23.457 23.315 23.175 23.026 23.585 23.412 23.24 23.12 23.009 23.348 23.206 23.086 22.987 22.819 23.242 23.338 23.185 22.797 22.628 22.437 23.152
303.7351 24.134 24.183 24.109 23.916 23.773 23.634 23.995 23.893 23.771 23.629 23.488 23.34 23.898 23.726 23.554 23.433 23.322 23.662 23.519 23.399 23.3 23.132 23.556 23.651 23.498 23.11 22.941 22.751 23.466
311.0622 24.447 24.497 24.422 24.229 24.087 23.948 24.308 24.207 24.084 23.942 23.802 23.653 24.212 24.039 23.867 23.747 23.636 23.975 23.833 23.713 23.614 23.446 23.87 23.965 23.812 23.424 23.255 23.064 23.779
318.566 24.761 24.811 24.736 24.543 24.4 24.261 24.622 24.52 24.398 24.256 24.116 23.967 24.525 24.353 24.181 24.06 23.95 24.289 24.146 24.027 23.928 23.759 24.183 24.278 24.126 23.738 23.568 23.378 24.093
326.2508 25.075 25.124 25.049 24.856 24.714 24.575 24.936 24.834 24.711 24.57 24.429 24.281 24.839 24.666 24.494 24.374 24.263 24.603 24.46 24.34 24.241 24.073 24.497 24.592 24.439 24.051 23.882 23.692 24.407
