web/models/linear/56/-16_959_0_056.dat
# %ECSV 1.0
# ---
# datatype:
# - {name: time, datatype: float64}
# - {name: swift_uvot_uvw2, datatype: float64}
# - {name: swift_uvot_uvm2, datatype: float64}
# - {name: swift_uvot_uvw1, datatype: float64}
# - {name: swift_uvot_U, datatype: float64}
# - {name: swift_uvot_B, datatype: float64}
# - {name: swift_uvot_V, datatype: float64}
# - {name: swift_uvot_W, datatype: float64}
# - {name: johnson_U, datatype: float64}
# - {name: johnson_B, datatype: float64}
# - {name: johnson_V, datatype: float64}
# - {name: johnson_R, datatype: float64}
# - {name: johnson_I, datatype: float64}
# - {name: sdss_u, datatype: float64}
# - {name: sdss_g, datatype: float64}
# - {name: sdss_r, datatype: float64}
# - {name: sdss_i, datatype: float64}
# - {name: sdss_z, datatype: float64}
# - {name: PS1_g, datatype: float64}
# - {name: PS1_r, datatype: float64}
# - {name: PS1_i, datatype: float64}
# - {name: PS1_z, datatype: float64}
# - {name: PS1_Y, datatype: float64}
# - {name: PS1_w, datatype: float64}
# - {name: ATLAS_c, datatype: float64}
# - {name: ATLAS_o, datatype: float64}
# - {name: ukirt_J, datatype: float64}
# - {name: ukirt_H, datatype: float64}
# - {name: ukirt_K, datatype: float64}
# - {name: Clear, datatype: float64}
# meta: !!omap
# - comment: [M=-16.95918367346939, dM=0.05643739198611264]
# schema: astropy-2.0
time swift_uvot_uvw2 swift_uvot_uvm2 swift_uvot_uvw1 swift_uvot_U swift_uvot_B swift_uvot_V swift_uvot_W johnson_U johnson_B johnson_V johnson_R johnson_I sdss_u sdss_g sdss_r sdss_i sdss_z PS1_g PS1_r PS1_i PS1_z PS1_Y PS1_w ATLAS_c ATLAS_o ukirt_J ukirt_H ukirt_K Clear
[from data line 164]
12.36180904522613 -16.26151541072649 -16.26151541072649 -16.26151541072649 -16.26151541072649 -16.26151541072649 -16.26151541072649 -16.26151541072649 -16.26151541072649 -16.26151541072649 -16.26151541072649 -16.26151541072649 -16.26151541072649 -16.26151541072649 -16.26151541072649 -16.26151541072649 -16.26151541072649 -16.26151541072649 -16.26151541072649 -16.26151541072649 -16.26151541072649 -16.26151541072649 -16.26151541072649 -16.26151541072649 -16.26151541072649 -16.26151541072649 -16.26151541072649 -16.26151541072649 -16.26151541072649 -16.26151541072649
12.43718592964824 -16.257261335953668 -16.257261335953668 -16.257261335953668 -16.257261335953668 -16.257261335953668 -16.257261335953668 -16.257261335953668 -16.257261335953668 -16.257261335953668 -16.257261335953668 -16.257261335953668 -16.257261335953668 -16.257261335953668 -16.257261335953668 -16.257261335953668 -16.257261335953668 -16.257261335953668 -16.257261335953668 -16.257261335953668 -16.257261335953668 -16.257261335953668 -16.257261335953668 -16.257261335953668 -16.257261335953668 -16.257261335953668 -16.257261335953668 -16.257261335953668 -16.257261335953668 -16.257261335953668
12.51256281407035 -16.253007261180844 -16.253007261180844 -16.253007261180844 -16.253007261180844 -16.253007261180844 -16.253007261180844 -16.253007261180844 -16.253007261180844 -16.253007261180844 -16.253007261180844 -16.253007261180844 -16.253007261180844 -16.253007261180844 -16.253007261180844 -16.253007261180844 -16.253007261180844 -16.253007261180844 -16.253007261180844 -16.253007261180844 -16.253007261180844 -16.253007261180844 -16.253007261180844 -16.253007261180844 -16.253007261180844 -16.253007261180844 -16.253007261180844 -16.253007261180844 -16.253007261180844 -16.253007261180844
12.58793969849246 -16.248753186408024 -16.248753186408024 -16.248753186408024 -16.248753186408024 -16.248753186408024 -16.248753186408024 -16.248753186408024 -16.248753186408024 -16.248753186408024 -16.248753186408024 -16.248753186408024 -16.248753186408024 -16.248753186408024 -16.248753186408024 -16.248753186408024 -16.248753186408024 -16.248753186408024 -16.248753186408024 -16.248753186408024 -16.248753186408024 -16.248753186408024 -16.248753186408024 -16.248753186408024 -16.248753186408024 -16.248753186408024 -16.248753186408024 -16.248753186408024 -16.248753186408024 -16.248753186408024
12.663316582914572 -16.2444991116352 -16.2444991116352 -16.2444991116352 -16.2444991116352 -16.2444991116352 -16.2444991116352 -16.2444991116352 -16.2444991116352 -16.2444991116352 -16.2444991116352 -16.2444991116352 -16.2444991116352 -16.2444991116352 -16.2444991116352 -16.2444991116352 -16.2444991116352 -16.2444991116352 -16.2444991116352 -16.2444991116352 -16.2444991116352 -16.2444991116352 -16.2444991116352 -16.2444991116352 -16.2444991116352 -16.2444991116352 -16.2444991116352 -16.2444991116352 -16.2444991116352 -16.2444991116352
12.738693467336683 -16.240245036862376 -16.240245036862376 -16.240245036862376 -16.240245036862376 -16.240245036862376 -16.240245036862376 -16.240245036862376 -16.240245036862376 -16.240245036862376 -16.240245036862376 -16.240245036862376 -16.240245036862376 -16.240245036862376 -16.240245036862376 -16.240245036862376 -16.240245036862376 -16.240245036862376 -16.240245036862376 -16.240245036862376 -16.240245036862376 -16.240245036862376 -16.240245036862376 -16.240245036862376 -16.240245036862376 -16.240245036862376 -16.240245036862376 -16.240245036862376 -16.240245036862376 -16.240245036862376
12.814070351758794 -16.235990962089556 -16.235990962089556 -16.235990962089556 -16.235990962089556 -16.235990962089556 -16.235990962089556 -16.235990962089556 -16.235990962089556 -16.235990962089556 -16.235990962089556 -16.235990962089556 -16.235990962089556 -16.235990962089556 -16.235990962089556 -16.235990962089556 -16.235990962089556 -16.235990962089556 -16.235990962089556 -16.235990962089556 -16.235990962089556 -16.235990962089556 -16.235990962089556 -16.235990962089556 -16.235990962089556 -16.235990962089556 -16.235990962089556 -16.235990962089556 -16.235990962089556 -16.235990962089556
12.889447236180903 -16.231736887316732 -16.231736887316732 -16.231736887316732 -16.231736887316732 -16.231736887316732 -16.231736887316732 -16.231736887316732 -16.231736887316732 -16.231736887316732 -16.231736887316732 -16.231736887316732 -16.231736887316732 -16.231736887316732 -16.231736887316732 -16.231736887316732 -16.231736887316732 -16.231736887316732 -16.231736887316732 -16.231736887316732 -16.231736887316732 -16.231736887316732 -16.231736887316732 -16.231736887316732 -16.231736887316732 -16.231736887316732 -16.231736887316732 -16.231736887316732 -16.231736887316732 -16.231736887316732
12.964824120603014 -16.227482812543908 -16.227482812543908 -16.227482812543908 -16.227482812543908 -16.227482812543908 -16.227482812543908 -16.227482812543908 -16.227482812543908 -16.227482812543908 -16.227482812543908 -16.227482812543908 -16.227482812543908 -16.227482812543908 -16.227482812543908 -16.227482812543908 -16.227482812543908 -16.227482812543908 -16.227482812543908 -16.227482812543908 -16.227482812543908 -16.227482812543908 -16.227482812543908 -16.227482812543908 -16.227482812543908 -16.227482812543908 -16.227482812543908 -16.227482812543908 -16.227482812543908 -16.227482812543908
13.040201005025125 -16.223228737771088 -16.223228737771088 -16.223228737771088 -16.223228737771088 -16.223228737771088 -16.223228737771088 -16.223228737771088 -16.223228737771088 -16.223228737771088 -16.223228737771088 -16.223228737771088 -16.223228737771088 -16.223228737771088 -16.223228737771088 -16.223228737771088 -16.223228737771088 -16.223228737771088 -16.223228737771088 -16.223228737771088 -16.223228737771088 -16.223228737771088 -16.223228737771088 -16.223228737771088 -16.223228737771088 -16.223228737771088 -16.223228737771088 -16.223228737771088 -16.223228737771088 -16.223228737771088
13.115577889447234 -16.218974662998264 -16.218974662998264 -16.218974662998264 -16.218974662998264 -16.218974662998264 -16.218974662998264 -16.218974662998264 -16.218974662998264 -16.218974662998264 -16.218974662998264 -16.218974662998264 -16.218974662998264 -16.218974662998264 -16.218974662998264 -16.218974662998264 -16.218974662998264 -16.218974662998264 -16.218974662998264 -16.218974662998264 -16.218974662998264 -16.218974662998264 -16.218974662998264 -16.218974662998264 -16.218974662998264 -16.218974662998264 -16.218974662998264 -16.218974662998264 -16.218974662998264 -16.218974662998264
13.190954773869345 -16.214720588225443 -16.214720588225443 -16.214720588225443 -16.214720588225443 -16.214720588225443 -16.214720588225443 -16.214720588225443 -16.214720588225443 -16.214720588225443 -16.214720588225443 -16.214720588225443 -16.214720588225443 -16.214720588225443 -16.214720588225443 -16.214720588225443 -16.214720588225443 -16.214720588225443 -16.214720588225443 -16.214720588225443 -16.214720588225443 -16.214720588225443 -16.214720588225443 -16.214720588225443 -16.214720588225443 -16.214720588225443 -16.214720588225443 -16.214720588225443 -16.214720588225443 -16.214720588225443
13.266331658291456 -16.21046651345262 -16.21046651345262 -16.21046651345262 -16.21046651345262 -16.21046651345262 -16.21046651345262 -16.21046651345262 -16.21046651345262 -16.21046651345262 -16.21046651345262 -16.21046651345262 -16.21046651345262 -16.21046651345262 -16.21046651345262 -16.21046651345262 -16.21046651345262 -16.21046651345262 -16.21046651345262 -16.21046651345262 -16.21046651345262 -16.21046651345262 -16.21046651345262 -16.21046651345262 -16.21046651345262 -16.21046651345262 -16.21046651345262 -16.21046651345262 -16.21046651345262 -16.21046651345262
13.341708542713567 -16.206212438679795 -16.206212438679795 -16.206212438679795 -16.206212438679795 -16.206212438679795 -16.206212438679795 -16.206212438679795 -16.206212438679795 -16.206212438679795 -16.206212438679795 -16.206212438679795 -16.206212438679795 -16.206212438679795 -16.206212438679795 -16.206212438679795 -16.206212438679795 -16.206212438679795 -16.206212438679795 -16.206212438679795 -16.206212438679795 -16.206212438679795 -16.206212438679795 -16.206212438679795 -16.206212438679795 -16.206212438679795 -16.206212438679795 -16.206212438679795 -16.206212438679795 -16.206212438679795
13.417085427135678 -16.201958363906975 -16.201958363906975 -16.201958363906975 -16.201958363906975 -16.201958363906975 -16.201958363906975 -16.201958363906975 -16.201958363906975 -16.201958363906975 -16.201958363906975 -16.201958363906975 -16.201958363906975 -16.201958363906975 -16.201958363906975 -16.201958363906975 -16.201958363906975 -16.201958363906975 -16.201958363906975 -16.201958363906975 -16.201958363906975 -16.201958363906975 -16.201958363906975 -16.201958363906975 -16.201958363906975 -16.201958363906975 -16.201958363906975 -16.201958363906975 -16.201958363906975 -16.201958363906975
13.492462311557787 -16.19770428913415 -16.19770428913415 -16.19770428913415 -16.19770428913415 -16.19770428913415 -16.19770428913415 -16.19770428913415 -16.19770428913415 -16.19770428913415 -16.19770428913415 -16.19770428913415 -16.19770428913415 -16.19770428913415 -16.19770428913415 -16.19770428913415 -16.19770428913415 -16.19770428913415 -16.19770428913415 -16.19770428913415 -16.19770428913415 -16.19770428913415 -16.19770428913415 -16.19770428913415 -16.19770428913415 -16.19770428913415 -16.19770428913415 -16.19770428913415 -16.19770428913415 -16.19770428913415
13.567839195979898 -16.193450214361327 -16.193450214361327 -16.193450214361327 -16.193450214361327 -16.193450214361327 -16.193450214361327 -16.193450214361327 -16.193450214361327 -16.193450214361327 -16.193450214361327 -16.193450214361327 -16.193450214361327 -16.193450214361327 -16.193450214361327 -16.193450214361327 -16.193450214361327 -16.193450214361327 -16.193450214361327 -16.193450214361327 -16.193450214361327 -16.193450214361327 -16.193450214361327 -16.193450214361327 -16.193450214361327 -16.193450214361327 -16.193450214361327 -16.193450214361327 -16.193450214361327 -16.193450214361327
13.64321608040201 -16.189196139588507 -16.189196139588507 -16.189196139588507 -16.189196139588507 -16.189196139588507 -16.189196139588507 -16.189196139588507 -16.189196139588507 -16.189196139588507 -16.189196139588507 -16.189196139588507 -16.189196139588507 -16.189196139588507 -16.189196139588507 -16.189196139588507 -16.189196139588507 -16.189196139588507 -16.189196139588507 -16.189196139588507 -16.189196139588507 -16.189196139588507 -16.189196139588507 -16.189196139588507 -16.189196139588507 -16.189196139588507 -16.189196139588507 -16.189196139588507 -16.189196139588507 -16.189196139588507
13.718592964824118 -16.184942064815683 -16.184942064815683 -16.184942064815683 -16.184942064815683 -16.184942064815683 -16.184942064815683 -16.184942064815683 -16.184942064815683 -16.184942064815683 -16.184942064815683 -16.184942064815683 -16.184942064815683 -16.184942064815683 -16.184942064815683 -16.184942064815683 -16.184942064815683 -16.184942064815683 -16.184942064815683 -16.184942064815683 -16.184942064815683 -16.184942064815683 -16.184942064815683 -16.184942064815683 -16.184942064815683 -16.184942064815683 -16.184942064815683 -16.184942064815683 -16.184942064815683 -16.184942064815683
13.79396984924623 -16.180687990042863 -16.180687990042863 -16.180687990042863 -16.180687990042863 -16.180687990042863 -16.180687990042863 -16.180687990042863 -16.180687990042863 -16.180687990042863 -16.180687990042863 -16.180687990042863 -16.180687990042863 -16.180687990042863 -16.180687990042863 -16.180687990042863 -16.180687990042863 -16.180687990042863 -16.180687990042863 -16.180687990042863 -16.180687990042863 -16.180687990042863 -16.180687990042863 -16.180687990042863 -16.180687990042863 -16.180687990042863 -16.180687990042863 -16.180687990042863 -16.180687990042863 -16.180687990042863
13.86934673366834 -16.17643391527004 -16.17643391527004 -16.17643391527004 -16.17643391527004 -16.17643391527004 -16.17643391527004 -16.17643391527004 -16.17643391527004 -16.17643391527004 -16.17643391527004 -16.17643391527004 -16.17643391527004 -16.17643391527004 -16.17643391527004 -16.17643391527004 -16.17643391527004 -16.17643391527004 -16.17643391527004 -16.17643391527004 -16.17643391527004 -16.17643391527004 -16.17643391527004 -16.17643391527004 -16.17643391527004 -16.17643391527004 -16.17643391527004 -16.17643391527004 -16.17643391527004 -16.17643391527004
13.944723618090451 -16.172179840497215 -16.172179840497215 -16.172179840497215 -16.172179840497215 -16.172179840497215 -16.172179840497215 -16.172179840497215 -16.172179840497215 -16.172179840497215 -16.172179840497215 -16.172179840497215 -16.172179840497215 -16.172179840497215 -16.172179840497215 -16.172179840497215 -16.172179840497215 -16.172179840497215 -16.172179840497215 -16.172179840497215 -16.172179840497215 -16.172179840497215 -16.172179840497215 -16.172179840497215 -16.172179840497215 -16.172179840497215 -16.172179840497215 -16.172179840497215 -16.172179840497215 -16.172179840497215
14.020100502512562 -16.167925765724394 -16.167925765724394 -16.167925765724394 -16.167925765724394 -16.167925765724394 -16.167925765724394 -16.167925765724394 -16.167925765724394 -16.167925765724394 -16.167925765724394 -16.167925765724394 -16.167925765724394 -16.167925765724394 -16.167925765724394 -16.167925765724394 -16.167925765724394 -16.167925765724394 -16.167925765724394 -16.167925765724394 -16.167925765724394 -16.167925765724394 -16.167925765724394 -16.167925765724394 -16.167925765724394 -16.167925765724394 -16.167925765724394 -16.167925765724394 -16.167925765724394 -16.167925765724394
14.095477386934672 -16.16367169095157 -16.16367169095157 -16.16367169095157 -16.16367169095157 -16.16367169095157 -16.16367169095157 -16.16367169095157 -16.16367169095157 -16.16367169095157 -16.16367169095157 -16.16367169095157 -16.16367169095157 -16.16367169095157 -16.16367169095157 -16.16367169095157 -16.16367169095157 -16.16367169095157 -16.16367169095157 -16.16367169095157 -16.16367169095157 -16.16367169095157 -16.16367169095157 -16.16367169095157 -16.16367169095157 -16.16367169095157 -16.16367169095157 -16.16367169095157 -16.16367169095157 -16.16367169095157
14.170854271356783 -16.15941761617875 -16.15941761617875 -16.15941761617875 -16.15941761617875 -16.15941761617875 -16.15941761617875 -16.15941761617875 -16.15941761617875 -16.15941761617875 -16.15941761617875 -16.15941761617875 -16.15941761617875 -16.15941761617875 -16.15941761617875 -16.15941761617875 -16.15941761617875 -16.15941761617875 -16.15941761617875 -16.15941761617875 -16.15941761617875 -16.15941761617875 -16.15941761617875 -16.15941761617875 -16.15941761617875 -16.15941761617875 -16.15941761617875 -16.15941761617875 -16.15941761617875 -16.15941761617875
14.246231155778894 -16.155163541405926 -16.155163541405926 -16.155163541405926 -16.155163541405926 -16.155163541405926 -16.155163541405926 -16.155163541405926 -16.155163541405926 -16.155163541405926 -16.155163541405926 -16.155163541405926 -16.155163541405926 -16.155163541405926 -16.155163541405926 -16.155163541405926 -16.155163541405926 -16.155163541405926 -16.155163541405926 -16.155163541405926 -16.155163541405926 -16.155163541405926 -16.155163541405926 -16.155163541405926 -16.155163541405926 -16.155163541405926 -16.155163541405926 -16.155163541405926 -16.155163541405926 -16.155163541405926
