web/models/linear/56/-16_959_0_195.dat
# %ECSV 1.0
# ---
# datatype:
# - {name: time, datatype: float64}
# - {name: swift_uvot_uvw2, datatype: float64}
# - {name: swift_uvot_uvm2, datatype: float64}
# - {name: swift_uvot_uvw1, datatype: float64}
# - {name: swift_uvot_U, datatype: float64}
# - {name: swift_uvot_B, datatype: float64}
# - {name: swift_uvot_V, datatype: float64}
# - {name: swift_uvot_W, datatype: float64}
# - {name: johnson_U, datatype: float64}
# - {name: johnson_B, datatype: float64}
# - {name: johnson_V, datatype: float64}
# - {name: johnson_R, datatype: float64}
# - {name: johnson_I, datatype: float64}
# - {name: sdss_u, datatype: float64}
# - {name: sdss_g, datatype: float64}
# - {name: sdss_r, datatype: float64}
# - {name: sdss_i, datatype: float64}
# - {name: sdss_z, datatype: float64}
# - {name: PS1_g, datatype: float64}
# - {name: PS1_r, datatype: float64}
# - {name: PS1_i, datatype: float64}
# - {name: PS1_z, datatype: float64}
# - {name: PS1_Y, datatype: float64}
# - {name: PS1_w, datatype: float64}
# - {name: ATLAS_c, datatype: float64}
# - {name: ATLAS_o, datatype: float64}
# - {name: ukirt_J, datatype: float64}
# - {name: ukirt_H, datatype: float64}
# - {name: ukirt_K, datatype: float64}
# - {name: Clear, datatype: float64}
# meta: !!omap
# - comment: [M=-16.95918367346939, dM=0.19521384216045568]
# schema: astropy-2.0
time swift_uvot_uvw2 swift_uvot_uvm2 swift_uvot_uvw1 swift_uvot_U swift_uvot_B swift_uvot_V swift_uvot_W johnson_U johnson_B johnson_V johnson_R johnson_I sdss_u sdss_g sdss_r sdss_i sdss_z PS1_g PS1_r PS1_i PS1_z PS1_Y PS1_w ATLAS_c ATLAS_o ukirt_J ukirt_H ukirt_K Clear
[from data line 82]
6.180904522613065 -15.752585553583156 -15.752585553583156 -15.752585553583156 -15.752585553583156 -15.752585553583156 -15.752585553583156 -15.752585553583156 -15.752585553583156 -15.752585553583156 -15.752585553583156 -15.752585553583156 -15.752585553583156 -15.752585553583156 -15.752585553583156 -15.752585553583156 -15.752585553583156 -15.752585553583156 -15.752585553583156 -15.752585553583156 -15.752585553583156 -15.752585553583156 -15.752585553583156 -15.752585553583156 -15.752585553583156 -15.752585553583156 -15.752585553583156 -15.752585553583156 -15.752585553583156 -15.752585553583156
6.256281407035175 -15.737870942365031 -15.737870942365031 -15.737870942365031 -15.737870942365031 -15.737870942365031 -15.737870942365031 -15.737870942365031 -15.737870942365031 -15.737870942365031 -15.737870942365031 -15.737870942365031 -15.737870942365031 -15.737870942365031 -15.737870942365031 -15.737870942365031 -15.737870942365031 -15.737870942365031 -15.737870942365031 -15.737870942365031 -15.737870942365031 -15.737870942365031 -15.737870942365031 -15.737870942365031 -15.737870942365031 -15.737870942365031 -15.737870942365031 -15.737870942365031 -15.737870942365031 -15.737870942365031
6.331658291457286 -15.723156331146907 -15.723156331146907 -15.723156331146907 -15.723156331146907 -15.723156331146907 -15.723156331146907 -15.723156331146907 -15.723156331146907 -15.723156331146907 -15.723156331146907 -15.723156331146907 -15.723156331146907 -15.723156331146907 -15.723156331146907 -15.723156331146907 -15.723156331146907 -15.723156331146907 -15.723156331146907 -15.723156331146907 -15.723156331146907 -15.723156331146907 -15.723156331146907 -15.723156331146907 -15.723156331146907 -15.723156331146907 -15.723156331146907 -15.723156331146907 -15.723156331146907 -15.723156331146907
6.407035175879397 -15.708441719928782 -15.708441719928782 -15.708441719928782 -15.708441719928782 -15.708441719928782 -15.708441719928782 -15.708441719928782 -15.708441719928782 -15.708441719928782 -15.708441719928782 -15.708441719928782 -15.708441719928782 -15.708441719928782 -15.708441719928782 -15.708441719928782 -15.708441719928782 -15.708441719928782 -15.708441719928782 -15.708441719928782 -15.708441719928782 -15.708441719928782 -15.708441719928782 -15.708441719928782 -15.708441719928782 -15.708441719928782 -15.708441719928782 -15.708441719928782 -15.708441719928782 -15.708441719928782
6.482412060301507 -15.693727108710657 -15.693727108710657 -15.693727108710657 -15.693727108710657 -15.693727108710657 -15.693727108710657 -15.693727108710657 -15.693727108710657 -15.693727108710657 -15.693727108710657 -15.693727108710657 -15.693727108710657 -15.693727108710657 -15.693727108710657 -15.693727108710657 -15.693727108710657 -15.693727108710657 -15.693727108710657 -15.693727108710657 -15.693727108710657 -15.693727108710657 -15.693727108710657 -15.693727108710657 -15.693727108710657 -15.693727108710657 -15.693727108710657 -15.693727108710657 -15.693727108710657 -15.693727108710657
6.557788944723617 -15.679012497492533 -15.679012497492533 -15.679012497492533 -15.679012497492533 -15.679012497492533 -15.679012497492533 -15.679012497492533 -15.679012497492533 -15.679012497492533 -15.679012497492533 -15.679012497492533 -15.679012497492533 -15.679012497492533 -15.679012497492533 -15.679012497492533 -15.679012497492533 -15.679012497492533 -15.679012497492533 -15.679012497492533 -15.679012497492533 -15.679012497492533 -15.679012497492533 -15.679012497492533 -15.679012497492533 -15.679012497492533 -15.679012497492533 -15.679012497492533 -15.679012497492533 -15.679012497492533
6.633165829145728 -15.664297886274408 -15.664297886274408 -15.664297886274408 -15.664297886274408 -15.664297886274408 -15.664297886274408 -15.664297886274408 -15.664297886274408 -15.664297886274408 -15.664297886274408 -15.664297886274408 -15.664297886274408 -15.664297886274408 -15.664297886274408 -15.664297886274408 -15.664297886274408 -15.664297886274408 -15.664297886274408 -15.664297886274408 -15.664297886274408 -15.664297886274408 -15.664297886274408 -15.664297886274408 -15.664297886274408 -15.664297886274408 -15.664297886274408 -15.664297886274408 -15.664297886274408 -15.664297886274408
6.708542713567839 -15.649583275056283 -15.649583275056283 -15.649583275056283 -15.649583275056283 -15.649583275056283 -15.649583275056283 -15.649583275056283 -15.649583275056283 -15.649583275056283 -15.649583275056283 -15.649583275056283 -15.649583275056283 -15.649583275056283 -15.649583275056283 -15.649583275056283 -15.649583275056283 -15.649583275056283 -15.649583275056283 -15.649583275056283 -15.649583275056283 -15.649583275056283 -15.649583275056283 -15.649583275056283 -15.649583275056283 -15.649583275056283 -15.649583275056283 -15.649583275056283 -15.649583275056283 -15.649583275056283
6.783919597989949 -15.634868663838159 -15.634868663838159 -15.634868663838159 -15.634868663838159 -15.634868663838159 -15.634868663838159 -15.634868663838159 -15.634868663838159 -15.634868663838159 -15.634868663838159 -15.634868663838159 -15.634868663838159 -15.634868663838159 -15.634868663838159 -15.634868663838159 -15.634868663838159 -15.634868663838159 -15.634868663838159 -15.634868663838159 -15.634868663838159 -15.634868663838159 -15.634868663838159 -15.634868663838159 -15.634868663838159 -15.634868663838159 -15.634868663838159 -15.634868663838159 -15.634868663838159 -15.634868663838159
6.859296482412059 -15.620154052620034 -15.620154052620034 -15.620154052620034 -15.620154052620034 -15.620154052620034 -15.620154052620034 -15.620154052620034 -15.620154052620034 -15.620154052620034 -15.620154052620034 -15.620154052620034 -15.620154052620034 -15.620154052620034 -15.620154052620034 -15.620154052620034 -15.620154052620034 -15.620154052620034 -15.620154052620034 -15.620154052620034 -15.620154052620034 -15.620154052620034 -15.620154052620034 -15.620154052620034 -15.620154052620034 -15.620154052620034 -15.620154052620034 -15.620154052620034 -15.620154052620034 -15.620154052620034
6.93467336683417 -15.60543944140191 -15.60543944140191 -15.60543944140191 -15.60543944140191 -15.60543944140191 -15.60543944140191 -15.60543944140191 -15.60543944140191 -15.60543944140191 -15.60543944140191 -15.60543944140191 -15.60543944140191 -15.60543944140191 -15.60543944140191 -15.60543944140191 -15.60543944140191 -15.60543944140191 -15.60543944140191 -15.60543944140191 -15.60543944140191 -15.60543944140191 -15.60543944140191 -15.60543944140191 -15.60543944140191 -15.60543944140191 -15.60543944140191 -15.60543944140191 -15.60543944140191 -15.60543944140191
7.010050251256281 -15.590724830183783 -15.590724830183783 -15.590724830183783 -15.590724830183783 -15.590724830183783 -15.590724830183783 -15.590724830183783 -15.590724830183783 -15.590724830183783 -15.590724830183783 -15.590724830183783 -15.590724830183783 -15.590724830183783 -15.590724830183783 -15.590724830183783 -15.590724830183783 -15.590724830183783 -15.590724830183783 -15.590724830183783 -15.590724830183783 -15.590724830183783 -15.590724830183783 -15.590724830183783 -15.590724830183783 -15.590724830183783 -15.590724830183783 -15.590724830183783 -15.590724830183783 -15.590724830183783
7.085427135678391 -15.576010218965658 -15.576010218965658 -15.576010218965658 -15.576010218965658 -15.576010218965658 -15.576010218965658 -15.576010218965658 -15.576010218965658 -15.576010218965658 -15.576010218965658 -15.576010218965658 -15.576010218965658 -15.576010218965658 -15.576010218965658 -15.576010218965658 -15.576010218965658 -15.576010218965658 -15.576010218965658 -15.576010218965658 -15.576010218965658 -15.576010218965658 -15.576010218965658 -15.576010218965658 -15.576010218965658 -15.576010218965658 -15.576010218965658 -15.576010218965658 -15.576010218965658 -15.576010218965658
7.160804020100501 -15.561295607747534 -15.561295607747534 -15.561295607747534 -15.561295607747534 -15.561295607747534 -15.561295607747534 -15.561295607747534 -15.561295607747534 -15.561295607747534 -15.561295607747534 -15.561295607747534 -15.561295607747534 -15.561295607747534 -15.561295607747534 -15.561295607747534 -15.561295607747534 -15.561295607747534 -15.561295607747534 -15.561295607747534 -15.561295607747534 -15.561295607747534 -15.561295607747534 -15.561295607747534 -15.561295607747534 -15.561295607747534 -15.561295607747534 -15.561295607747534 -15.561295607747534 -15.561295607747534
7.236180904522612 -15.546580996529409 -15.546580996529409 -15.546580996529409 -15.546580996529409 -15.546580996529409 -15.546580996529409 -15.546580996529409 -15.546580996529409 -15.546580996529409 -15.546580996529409 -15.546580996529409 -15.546580996529409 -15.546580996529409 -15.546580996529409 -15.546580996529409 -15.546580996529409 -15.546580996529409 -15.546580996529409 -15.546580996529409 -15.546580996529409 -15.546580996529409 -15.546580996529409 -15.546580996529409 -15.546580996529409 -15.546580996529409 -15.546580996529409 -15.546580996529409 -15.546580996529409 -15.546580996529409
7.311557788944723 -15.531866385311284 -15.531866385311284 -15.531866385311284 -15.531866385311284 -15.531866385311284 -15.531866385311284 -15.531866385311284 -15.531866385311284 -15.531866385311284 -15.531866385311284 -15.531866385311284 -15.531866385311284 -15.531866385311284 -15.531866385311284 -15.531866385311284 -15.531866385311284 -15.531866385311284 -15.531866385311284 -15.531866385311284 -15.531866385311284 -15.531866385311284 -15.531866385311284 -15.531866385311284 -15.531866385311284 -15.531866385311284 -15.531866385311284 -15.531866385311284 -15.531866385311284 -15.531866385311284
7.3869346733668335 -15.51715177409316 -15.51715177409316 -15.51715177409316 -15.51715177409316 -15.51715177409316 -15.51715177409316 -15.51715177409316 -15.51715177409316 -15.51715177409316 -15.51715177409316 -15.51715177409316 -15.51715177409316 -15.51715177409316 -15.51715177409316 -15.51715177409316 -15.51715177409316 -15.51715177409316 -15.51715177409316 -15.51715177409316 -15.51715177409316 -15.51715177409316 -15.51715177409316 -15.51715177409316 -15.51715177409316 -15.51715177409316 -15.51715177409316 -15.51715177409316 -15.51715177409316 -15.51715177409316
7.462311557788944 -15.502437162875035 -15.502437162875035 -15.502437162875035 -15.502437162875035 -15.502437162875035 -15.502437162875035 -15.502437162875035 -15.502437162875035 -15.502437162875035 -15.502437162875035 -15.502437162875035 -15.502437162875035 -15.502437162875035 -15.502437162875035 -15.502437162875035 -15.502437162875035 -15.502437162875035 -15.502437162875035 -15.502437162875035 -15.502437162875035 -15.502437162875035 -15.502437162875035 -15.502437162875035 -15.502437162875035 -15.502437162875035 -15.502437162875035 -15.502437162875035 -15.502437162875035 -15.502437162875035
7.537688442211055 -15.48772255165691 -15.48772255165691 -15.48772255165691 -15.48772255165691 -15.48772255165691 -15.48772255165691 -15.48772255165691 -15.48772255165691 -15.48772255165691 -15.48772255165691 -15.48772255165691 -15.48772255165691 -15.48772255165691 -15.48772255165691 -15.48772255165691 -15.48772255165691 -15.48772255165691 -15.48772255165691 -15.48772255165691 -15.48772255165691 -15.48772255165691 -15.48772255165691 -15.48772255165691 -15.48772255165691 -15.48772255165691 -15.48772255165691 -15.48772255165691 -15.48772255165691 -15.48772255165691
7.613065326633166 -15.473007940438785 -15.473007940438785 -15.473007940438785 -15.473007940438785 -15.473007940438785 -15.473007940438785 -15.473007940438785 -15.473007940438785 -15.473007940438785 -15.473007940438785 -15.473007940438785 -15.473007940438785 -15.473007940438785 -15.473007940438785 -15.473007940438785 -15.473007940438785 -15.473007940438785 -15.473007940438785 -15.473007940438785 -15.473007940438785 -15.473007940438785 -15.473007940438785 -15.473007940438785 -15.473007940438785 -15.473007940438785 -15.473007940438785 -15.473007940438785 -15.473007940438785 -15.473007940438785
7.688442211055276 -15.45829332922066 -15.45829332922066 -15.45829332922066 -15.45829332922066 -15.45829332922066 -15.45829332922066 -15.45829332922066 -15.45829332922066 -15.45829332922066 -15.45829332922066 -15.45829332922066 -15.45829332922066 -15.45829332922066 -15.45829332922066 -15.45829332922066 -15.45829332922066 -15.45829332922066 -15.45829332922066 -15.45829332922066 -15.45829332922066 -15.45829332922066 -15.45829332922066 -15.45829332922066 -15.45829332922066 -15.45829332922066 -15.45829332922066 -15.45829332922066 -15.45829332922066 -15.45829332922066
7.763819095477386 -15.443578718002536 -15.443578718002536 -15.443578718002536 -15.443578718002536 -15.443578718002536 -15.443578718002536 -15.443578718002536 -15.443578718002536 -15.443578718002536 -15.443578718002536 -15.443578718002536 -15.443578718002536 -15.443578718002536 -15.443578718002536 -15.443578718002536 -15.443578718002536 -15.443578718002536 -15.443578718002536 -15.443578718002536 -15.443578718002536 -15.443578718002536 -15.443578718002536 -15.443578718002536 -15.443578718002536 -15.443578718002536 -15.443578718002536 -15.443578718002536 -15.443578718002536 -15.443578718002536
7.839195979899497 -15.428864106784411 -15.428864106784411 -15.428864106784411 -15.428864106784411 -15.428864106784411 -15.428864106784411 -15.428864106784411 -15.428864106784411 -15.428864106784411 -15.428864106784411 -15.428864106784411 -15.428864106784411 -15.428864106784411 -15.428864106784411 -15.428864106784411 -15.428864106784411 -15.428864106784411 -15.428864106784411 -15.428864106784411 -15.428864106784411 -15.428864106784411 -15.428864106784411 -15.428864106784411 -15.428864106784411 -15.428864106784411 -15.428864106784411 -15.428864106784411 -15.428864106784411 -15.428864106784411
7.914572864321608 -15.414149495566287 -15.414149495566287 -15.414149495566287 -15.414149495566287 -15.414149495566287 -15.414149495566287 -15.414149495566287 -15.414149495566287 -15.414149495566287 -15.414149495566287 -15.414149495566287 -15.414149495566287 -15.414149495566287 -15.414149495566287 -15.414149495566287 -15.414149495566287 -15.414149495566287 -15.414149495566287 -15.414149495566287 -15.414149495566287 -15.414149495566287 -15.414149495566287 -15.414149495566287 -15.414149495566287 -15.414149495566287 -15.414149495566287 -15.414149495566287 -15.414149495566287 -15.414149495566287
7.989949748743718 -15.39943488434816 -15.39943488434816 -15.39943488434816 -15.39943488434816 -15.39943488434816 -15.39943488434816 -15.39943488434816 -15.39943488434816 -15.39943488434816 -15.39943488434816 -15.39943488434816 -15.39943488434816 -15.39943488434816 -15.39943488434816 -15.39943488434816 -15.39943488434816 -15.39943488434816 -15.39943488434816 -15.39943488434816 -15.39943488434816 -15.39943488434816 -15.39943488434816 -15.39943488434816 -15.39943488434816 -15.39943488434816 -15.39943488434816 -15.39943488434816 -15.39943488434816 -15.39943488434816
8.065326633165828 -15.384720273130036 -15.384720273130036 -15.384720273130036 -15.384720273130036 -15.384720273130036 -15.384720273130036 -15.384720273130036 -15.384720273130036 -15.384720273130036 -15.384720273130036 -15.384720273130036 -15.384720273130036 -15.384720273130036 -15.384720273130036 -15.384720273130036 -15.384720273130036 -15.384720273130036 -15.384720273130036 -15.384720273130036 -15.384720273130036 -15.384720273130036 -15.384720273130036 -15.384720273130036 -15.384720273130036 -15.384720273130036 -15.384720273130036 -15.384720273130036 -15.384720273130036 -15.384720273130036
