web/models/linear/56/-16_959_1_075.dat
# %ECSV 1.0
# ---
# datatype:
# - {name: time, datatype: float64}
# - {name: swift_uvot_uvw2, datatype: float64}
# - {name: swift_uvot_uvm2, datatype: float64}
# - {name: swift_uvot_uvw1, datatype: float64}
# - {name: swift_uvot_U, datatype: float64}
# - {name: swift_uvot_B, datatype: float64}
# - {name: swift_uvot_V, datatype: float64}
# - {name: swift_uvot_W, datatype: float64}
# - {name: johnson_U, datatype: float64}
# - {name: johnson_B, datatype: float64}
# - {name: johnson_V, datatype: float64}
# - {name: johnson_R, datatype: float64}
# - {name: johnson_I, datatype: float64}
# - {name: sdss_u, datatype: float64}
# - {name: sdss_g, datatype: float64}
# - {name: sdss_r, datatype: float64}
# - {name: sdss_i, datatype: float64}
# - {name: sdss_z, datatype: float64}
# - {name: PS1_g, datatype: float64}
# - {name: PS1_r, datatype: float64}
# - {name: PS1_i, datatype: float64}
# - {name: PS1_z, datatype: float64}
# - {name: PS1_Y, datatype: float64}
# - {name: PS1_w, datatype: float64}
# - {name: ATLAS_c, datatype: float64}
# - {name: ATLAS_o, datatype: float64}
# - {name: ukirt_J, datatype: float64}
# - {name: ukirt_H, datatype: float64}
# - {name: ukirt_K, datatype: float64}
# - {name: Clear, datatype: float64}
# meta: !!omap
# - comment: [M=-16.95918367346939, dM=1.0753706008311428]
# schema: astropy-2.0
time swift_uvot_uvw2 swift_uvot_uvm2 swift_uvot_uvw1 swift_uvot_U swift_uvot_B swift_uvot_V swift_uvot_W johnson_U johnson_B johnson_V johnson_R johnson_I sdss_u sdss_g sdss_r sdss_i sdss_z PS1_g PS1_r PS1_i PS1_z PS1_Y PS1_w ATLAS_c ATLAS_o ukirt_J ukirt_H ukirt_K Clear
[from data line 138]
10.402010050251256 -5.7731678758791105 -5.7731678758791105 -5.7731678758791105 -5.7731678758791105 -5.7731678758791105 -5.7731678758791105 -5.7731678758791105 -5.7731678758791105 -5.7731678758791105 -5.7731678758791105 -5.7731678758791105 -5.7731678758791105 -5.7731678758791105 -5.7731678758791105 -5.7731678758791105 -5.7731678758791105 -5.7731678758791105 -5.7731678758791105 -5.7731678758791105 -5.7731678758791105 -5.7731678758791105 -5.7731678758791105 -5.7731678758791105 -5.7731678758791105 -5.7731678758791105 -5.7731678758791105 -5.7731678758791105 -5.7731678758791105 -5.7731678758791105
10.477386934673365 -5.692109790389328 -5.692109790389328 -5.692109790389328 -5.692109790389328 -5.692109790389328 -5.692109790389328 -5.692109790389328 -5.692109790389328 -5.692109790389328 -5.692109790389328 -5.692109790389328 -5.692109790389328 -5.692109790389328 -5.692109790389328 -5.692109790389328 -5.692109790389328 -5.692109790389328 -5.692109790389328 -5.692109790389328 -5.692109790389328 -5.692109790389328 -5.692109790389328 -5.692109790389328 -5.692109790389328 -5.692109790389328 -5.692109790389328 -5.692109790389328 -5.692109790389328 -5.692109790389328
10.552763819095476 -5.611051704899543 -5.611051704899543 -5.611051704899543 -5.611051704899543 -5.611051704899543 -5.611051704899543 -5.611051704899543 -5.611051704899543 -5.611051704899543 -5.611051704899543 -5.611051704899543 -5.611051704899543 -5.611051704899543 -5.611051704899543 -5.611051704899543 -5.611051704899543 -5.611051704899543 -5.611051704899543 -5.611051704899543 -5.611051704899543 -5.611051704899543 -5.611051704899543 -5.611051704899543 -5.611051704899543 -5.611051704899543 -5.611051704899543 -5.611051704899543 -5.611051704899543 -5.611051704899543
10.628140703517587 -5.529993619409758 -5.529993619409758 -5.529993619409758 -5.529993619409758 -5.529993619409758 -5.529993619409758 -5.529993619409758 -5.529993619409758 -5.529993619409758 -5.529993619409758 -5.529993619409758 -5.529993619409758 -5.529993619409758 -5.529993619409758 -5.529993619409758 -5.529993619409758 -5.529993619409758 -5.529993619409758 -5.529993619409758 -5.529993619409758 -5.529993619409758 -5.529993619409758 -5.529993619409758 -5.529993619409758 -5.529993619409758 -5.529993619409758 -5.529993619409758 -5.529993619409758 -5.529993619409758
10.703517587939697 -5.448935533919974 -5.448935533919974 -5.448935533919974 -5.448935533919974 -5.448935533919974 -5.448935533919974 -5.448935533919974 -5.448935533919974 -5.448935533919974 -5.448935533919974 -5.448935533919974 -5.448935533919974 -5.448935533919974 -5.448935533919974 -5.448935533919974 -5.448935533919974 -5.448935533919974 -5.448935533919974 -5.448935533919974 -5.448935533919974 -5.448935533919974 -5.448935533919974 -5.448935533919974 -5.448935533919974 -5.448935533919974 -5.448935533919974 -5.448935533919974 -5.448935533919974 -5.448935533919974
10.778894472361808 -5.367877448430189 -5.367877448430189 -5.367877448430189 -5.367877448430189 -5.367877448430189 -5.367877448430189 -5.367877448430189 -5.367877448430189 -5.367877448430189 -5.367877448430189 -5.367877448430189 -5.367877448430189 -5.367877448430189 -5.367877448430189 -5.367877448430189 -5.367877448430189 -5.367877448430189 -5.367877448430189 -5.367877448430189 -5.367877448430189 -5.367877448430189 -5.367877448430189 -5.367877448430189 -5.367877448430189 -5.367877448430189 -5.367877448430189 -5.367877448430189 -5.367877448430189 -5.367877448430189
10.854271356783919 -5.286819362940404 -5.286819362940404 -5.286819362940404 -5.286819362940404 -5.286819362940404 -5.286819362940404 -5.286819362940404 -5.286819362940404 -5.286819362940404 -5.286819362940404 -5.286819362940404 -5.286819362940404 -5.286819362940404 -5.286819362940404 -5.286819362940404 -5.286819362940404 -5.286819362940404 -5.286819362940404 -5.286819362940404 -5.286819362940404 -5.286819362940404 -5.286819362940404 -5.286819362940404 -5.286819362940404 -5.286819362940404 -5.286819362940404 -5.286819362940404 -5.286819362940404 -5.286819362940404
10.92964824120603 -5.20576127745062 -5.20576127745062 -5.20576127745062 -5.20576127745062 -5.20576127745062 -5.20576127745062 -5.20576127745062 -5.20576127745062 -5.20576127745062 -5.20576127745062 -5.20576127745062 -5.20576127745062 -5.20576127745062 -5.20576127745062 -5.20576127745062 -5.20576127745062 -5.20576127745062 -5.20576127745062 -5.20576127745062 -5.20576127745062 -5.20576127745062 -5.20576127745062 -5.20576127745062 -5.20576127745062 -5.20576127745062 -5.20576127745062 -5.20576127745062 -5.20576127745062 -5.20576127745062
11.00502512562814 -5.124703191960833 -5.124703191960833 -5.124703191960833 -5.124703191960833 -5.124703191960833 -5.124703191960833 -5.124703191960833 -5.124703191960833 -5.124703191960833 -5.124703191960833 -5.124703191960833 -5.124703191960833 -5.124703191960833 -5.124703191960833 -5.124703191960833 -5.124703191960833 -5.124703191960833 -5.124703191960833 -5.124703191960833 -5.124703191960833 -5.124703191960833 -5.124703191960833 -5.124703191960833 -5.124703191960833 -5.124703191960833 -5.124703191960833 -5.124703191960833 -5.124703191960833 -5.124703191960833
11.08040201005025 -5.04364510647105 -5.04364510647105 -5.04364510647105 -5.04364510647105 -5.04364510647105 -5.04364510647105 -5.04364510647105 -5.04364510647105 -5.04364510647105 -5.04364510647105 -5.04364510647105 -5.04364510647105 -5.04364510647105 -5.04364510647105 -5.04364510647105 -5.04364510647105 -5.04364510647105 -5.04364510647105 -5.04364510647105 -5.04364510647105 -5.04364510647105 -5.04364510647105 -5.04364510647105 -5.04364510647105 -5.04364510647105 -5.04364510647105 -5.04364510647105 -5.04364510647105 -5.04364510647105
11.15577889447236 -4.962587020981266 -4.962587020981266 -4.962587020981266 -4.962587020981266 -4.962587020981266 -4.962587020981266 -4.962587020981266 -4.962587020981266 -4.962587020981266 -4.962587020981266 -4.962587020981266 -4.962587020981266 -4.962587020981266 -4.962587020981266 -4.962587020981266 -4.962587020981266 -4.962587020981266 -4.962587020981266 -4.962587020981266 -4.962587020981266 -4.962587020981266 -4.962587020981266 -4.962587020981266 -4.962587020981266 -4.962587020981266 -4.962587020981266 -4.962587020981266 -4.962587020981266 -4.962587020981266
11.231155778894472 -4.881528935491481 -4.881528935491481 -4.881528935491481 -4.881528935491481 -4.881528935491481 -4.881528935491481 -4.881528935491481 -4.881528935491481 -4.881528935491481 -4.881528935491481 -4.881528935491481 -4.881528935491481 -4.881528935491481 -4.881528935491481 -4.881528935491481 -4.881528935491481 -4.881528935491481 -4.881528935491481 -4.881528935491481 -4.881528935491481 -4.881528935491481 -4.881528935491481 -4.881528935491481 -4.881528935491481 -4.881528935491481 -4.881528935491481 -4.881528935491481 -4.881528935491481 -4.881528935491481
11.306532663316581 -4.800470850001698 -4.800470850001698 -4.800470850001698 -4.800470850001698 -4.800470850001698 -4.800470850001698 -4.800470850001698 -4.800470850001698 -4.800470850001698 -4.800470850001698 -4.800470850001698 -4.800470850001698 -4.800470850001698 -4.800470850001698 -4.800470850001698 -4.800470850001698 -4.800470850001698 -4.800470850001698 -4.800470850001698 -4.800470850001698 -4.800470850001698 -4.800470850001698 -4.800470850001698 -4.800470850001698 -4.800470850001698 -4.800470850001698 -4.800470850001698 -4.800470850001698 -4.800470850001698
11.381909547738692 -4.719412764511912 -4.719412764511912 -4.719412764511912 -4.719412764511912 -4.719412764511912 -4.719412764511912 -4.719412764511912 -4.719412764511912 -4.719412764511912 -4.719412764511912 -4.719412764511912 -4.719412764511912 -4.719412764511912 -4.719412764511912 -4.719412764511912 -4.719412764511912 -4.719412764511912 -4.719412764511912 -4.719412764511912 -4.719412764511912 -4.719412764511912 -4.719412764511912 -4.719412764511912 -4.719412764511912 -4.719412764511912 -4.719412764511912 -4.719412764511912 -4.719412764511912 -4.719412764511912
11.457286432160803 -4.638354679022127 -4.638354679022127 -4.638354679022127 -4.638354679022127 -4.638354679022127 -4.638354679022127 -4.638354679022127 -4.638354679022127 -4.638354679022127 -4.638354679022127 -4.638354679022127 -4.638354679022127 -4.638354679022127 -4.638354679022127 -4.638354679022127 -4.638354679022127 -4.638354679022127 -4.638354679022127 -4.638354679022127 -4.638354679022127 -4.638354679022127 -4.638354679022127 -4.638354679022127 -4.638354679022127 -4.638354679022127 -4.638354679022127 -4.638354679022127 -4.638354679022127 -4.638354679022127
11.532663316582914 -4.557296593532342 -4.557296593532342 -4.557296593532342 -4.557296593532342 -4.557296593532342 -4.557296593532342 -4.557296593532342 -4.557296593532342 -4.557296593532342 -4.557296593532342 -4.557296593532342 -4.557296593532342 -4.557296593532342 -4.557296593532342 -4.557296593532342 -4.557296593532342 -4.557296593532342 -4.557296593532342 -4.557296593532342 -4.557296593532342 -4.557296593532342 -4.557296593532342 -4.557296593532342 -4.557296593532342 -4.557296593532342 -4.557296593532342 -4.557296593532342 -4.557296593532342 -4.557296593532342
11.608040201005025 -4.476238508042558 -4.476238508042558 -4.476238508042558 -4.476238508042558 -4.476238508042558 -4.476238508042558 -4.476238508042558 -4.476238508042558 -4.476238508042558 -4.476238508042558 -4.476238508042558 -4.476238508042558 -4.476238508042558 -4.476238508042558 -4.476238508042558 -4.476238508042558 -4.476238508042558 -4.476238508042558 -4.476238508042558 -4.476238508042558 -4.476238508042558 -4.476238508042558 -4.476238508042558 -4.476238508042558 -4.476238508042558 -4.476238508042558 -4.476238508042558 -4.476238508042558 -4.476238508042558
11.683417085427134 -4.395180422552773 -4.395180422552773 -4.395180422552773 -4.395180422552773 -4.395180422552773 -4.395180422552773 -4.395180422552773 -4.395180422552773 -4.395180422552773 -4.395180422552773 -4.395180422552773 -4.395180422552773 -4.395180422552773 -4.395180422552773 -4.395180422552773 -4.395180422552773 -4.395180422552773 -4.395180422552773 -4.395180422552773 -4.395180422552773 -4.395180422552773 -4.395180422552773 -4.395180422552773 -4.395180422552773 -4.395180422552773 -4.395180422552773 -4.395180422552773 -4.395180422552773 -4.395180422552773
11.758793969849245 -4.314122337062988 -4.314122337062988 -4.314122337062988 -4.314122337062988 -4.314122337062988 -4.314122337062988 -4.314122337062988 -4.314122337062988 -4.314122337062988 -4.314122337062988 -4.314122337062988 -4.314122337062988 -4.314122337062988 -4.314122337062988 -4.314122337062988 -4.314122337062988 -4.314122337062988 -4.314122337062988 -4.314122337062988 -4.314122337062988 -4.314122337062988 -4.314122337062988 -4.314122337062988 -4.314122337062988 -4.314122337062988 -4.314122337062988 -4.314122337062988 -4.314122337062988 -4.314122337062988
11.834170854271356 -4.233064251573204 -4.233064251573204 -4.233064251573204 -4.233064251573204 -4.233064251573204 -4.233064251573204 -4.233064251573204 -4.233064251573204 -4.233064251573204 -4.233064251573204 -4.233064251573204 -4.233064251573204 -4.233064251573204 -4.233064251573204 -4.233064251573204 -4.233064251573204 -4.233064251573204 -4.233064251573204 -4.233064251573204 -4.233064251573204 -4.233064251573204 -4.233064251573204 -4.233064251573204 -4.233064251573204 -4.233064251573204 -4.233064251573204 -4.233064251573204 -4.233064251573204 -4.233064251573204
11.909547738693465 -4.152006166083421 -4.152006166083421 -4.152006166083421 -4.152006166083421 -4.152006166083421 -4.152006166083421 -4.152006166083421 -4.152006166083421 -4.152006166083421 -4.152006166083421 -4.152006166083421 -4.152006166083421 -4.152006166083421 -4.152006166083421 -4.152006166083421 -4.152006166083421 -4.152006166083421 -4.152006166083421 -4.152006166083421 -4.152006166083421 -4.152006166083421 -4.152006166083421 -4.152006166083421 -4.152006166083421 -4.152006166083421 -4.152006166083421 -4.152006166083421 -4.152006166083421 -4.152006166083421
11.984924623115576 -4.070948080593634 -4.070948080593634 -4.070948080593634 -4.070948080593634 -4.070948080593634 -4.070948080593634 -4.070948080593634 -4.070948080593634 -4.070948080593634 -4.070948080593634 -4.070948080593634 -4.070948080593634 -4.070948080593634 -4.070948080593634 -4.070948080593634 -4.070948080593634 -4.070948080593634 -4.070948080593634 -4.070948080593634 -4.070948080593634 -4.070948080593634 -4.070948080593634 -4.070948080593634 -4.070948080593634 -4.070948080593634 -4.070948080593634 -4.070948080593634 -4.070948080593634 -4.070948080593634
12.060301507537687 -3.98988999510385 -3.98988999510385 -3.98988999510385 -3.98988999510385 -3.98988999510385 -3.98988999510385 -3.98988999510385 -3.98988999510385 -3.98988999510385 -3.98988999510385 -3.98988999510385 -3.98988999510385 -3.98988999510385 -3.98988999510385 -3.98988999510385 -3.98988999510385 -3.98988999510385 -3.98988999510385 -3.98988999510385 -3.98988999510385 -3.98988999510385 -3.98988999510385 -3.98988999510385 -3.98988999510385 -3.98988999510385 -3.98988999510385 -3.98988999510385 -3.98988999510385 -3.98988999510385
12.135678391959798 -3.908831909614065 -3.908831909614065 -3.908831909614065 -3.908831909614065 -3.908831909614065 -3.908831909614065 -3.908831909614065 -3.908831909614065 -3.908831909614065 -3.908831909614065 -3.908831909614065 -3.908831909614065 -3.908831909614065 -3.908831909614065 -3.908831909614065 -3.908831909614065 -3.908831909614065 -3.908831909614065 -3.908831909614065 -3.908831909614065 -3.908831909614065 -3.908831909614065 -3.908831909614065 -3.908831909614065 -3.908831909614065 -3.908831909614065 -3.908831909614065 -3.908831909614065 -3.908831909614065
12.21105527638191 -3.8277738241242805 -3.8277738241242805 -3.8277738241242805 -3.8277738241242805 -3.8277738241242805 -3.8277738241242805 -3.8277738241242805 -3.8277738241242805 -3.8277738241242805 -3.8277738241242805 -3.8277738241242805 -3.8277738241242805 -3.8277738241242805 -3.8277738241242805 -3.8277738241242805 -3.8277738241242805 -3.8277738241242805 -3.8277738241242805 -3.8277738241242805 -3.8277738241242805 -3.8277738241242805 -3.8277738241242805 -3.8277738241242805 -3.8277738241242805 -3.8277738241242805 -3.8277738241242805 -3.8277738241242805 -3.8277738241242805 -3.8277738241242805
12.286432160804019 -3.746715738634496 -3.746715738634496 -3.746715738634496 -3.746715738634496 -3.746715738634496 -3.746715738634496 -3.746715738634496 -3.746715738634496 -3.746715738634496 -3.746715738634496 -3.746715738634496 -3.746715738634496 -3.746715738634496 -3.746715738634496 -3.746715738634496 -3.746715738634496 -3.746715738634496 -3.746715738634496 -3.746715738634496 -3.746715738634496 -3.746715738634496 -3.746715738634496 -3.746715738634496 -3.746715738634496 -3.746715738634496 -3.746715738634496 -3.746715738634496 -3.746715738634496 -3.746715738634496
12.36180904522613 -3.665657653144711 -3.665657653144711 -3.665657653144711 -3.665657653144711 -3.665657653144711 -3.665657653144711 -3.665657653144711 -3.665657653144711 -3.665657653144711 -3.665657653144711 -3.665657653144711 -3.665657653144711 -3.665657653144711 -3.665657653144711 -3.665657653144711 -3.665657653144711 -3.665657653144711 -3.665657653144711 -3.665657653144711 -3.665657653144711 -3.665657653144711 -3.665657653144711 -3.665657653144711 -3.665657653144711 -3.665657653144711 -3.665657653144711 -3.665657653144711 -3.665657653144711 -3.665657653144711
