web/models/linear/56/-16_959_0_167.dat
# %ECSV 1.0
# ---
# datatype:
# - {name: time, datatype: float64}
# - {name: swift_uvot_uvw2, datatype: float64}
# - {name: swift_uvot_uvm2, datatype: float64}
# - {name: swift_uvot_uvw1, datatype: float64}
# - {name: swift_uvot_U, datatype: float64}
# - {name: swift_uvot_B, datatype: float64}
# - {name: swift_uvot_V, datatype: float64}
# - {name: swift_uvot_W, datatype: float64}
# - {name: johnson_U, datatype: float64}
# - {name: johnson_B, datatype: float64}
# - {name: johnson_V, datatype: float64}
# - {name: johnson_R, datatype: float64}
# - {name: johnson_I, datatype: float64}
# - {name: sdss_u, datatype: float64}
# - {name: sdss_g, datatype: float64}
# - {name: sdss_r, datatype: float64}
# - {name: sdss_i, datatype: float64}
# - {name: sdss_z, datatype: float64}
# - {name: PS1_g, datatype: float64}
# - {name: PS1_r, datatype: float64}
# - {name: PS1_i, datatype: float64}
# - {name: PS1_z, datatype: float64}
# - {name: PS1_Y, datatype: float64}
# - {name: PS1_w, datatype: float64}
# - {name: ATLAS_c, datatype: float64}
# - {name: ATLAS_o, datatype: float64}
# - {name: ukirt_J, datatype: float64}
# - {name: ukirt_H, datatype: float64}
# - {name: ukirt_K, datatype: float64}
# - {name: Clear, datatype: float64}
# meta: !!omap
# - comment: [M=-16.95918367346939, dM=0.1671639597721523]
# schema: astropy-2.0
time swift_uvot_uvw2 swift_uvot_uvm2 swift_uvot_uvw1 swift_uvot_U swift_uvot_B swift_uvot_V swift_uvot_W johnson_U johnson_B johnson_V johnson_R johnson_I sdss_u sdss_g sdss_r sdss_i sdss_z PS1_g PS1_r PS1_i PS1_z PS1_Y PS1_w ATLAS_c ATLAS_o ukirt_J ukirt_H ukirt_K Clear
[from data line 82]
6.180904522613065 -15.925959198495786 -15.925959198495786 -15.925959198495786 -15.925959198495786 -15.925959198495786 -15.925959198495786 -15.925959198495786 -15.925959198495786 -15.925959198495786 -15.925959198495786 -15.925959198495786 -15.925959198495786 -15.925959198495786 -15.925959198495786 -15.925959198495786 -15.925959198495786 -15.925959198495786 -15.925959198495786 -15.925959198495786 -15.925959198495786 -15.925959198495786 -15.925959198495786 -15.925959198495786 -15.925959198495786 -15.925959198495786 -15.925959198495786 -15.925959198495786 -15.925959198495786 -15.925959198495786
6.256281407035175 -15.913358900020498 -15.913358900020498 -15.913358900020498 -15.913358900020498 -15.913358900020498 -15.913358900020498 -15.913358900020498 -15.913358900020498 -15.913358900020498 -15.913358900020498 -15.913358900020498 -15.913358900020498 -15.913358900020498 -15.913358900020498 -15.913358900020498 -15.913358900020498 -15.913358900020498 -15.913358900020498 -15.913358900020498 -15.913358900020498 -15.913358900020498 -15.913358900020498 -15.913358900020498 -15.913358900020498 -15.913358900020498 -15.913358900020498 -15.913358900020498 -15.913358900020498 -15.913358900020498
6.331658291457286 -15.90075860154521 -15.90075860154521 -15.90075860154521 -15.90075860154521 -15.90075860154521 -15.90075860154521 -15.90075860154521 -15.90075860154521 -15.90075860154521 -15.90075860154521 -15.90075860154521 -15.90075860154521 -15.90075860154521 -15.90075860154521 -15.90075860154521 -15.90075860154521 -15.90075860154521 -15.90075860154521 -15.90075860154521 -15.90075860154521 -15.90075860154521 -15.90075860154521 -15.90075860154521 -15.90075860154521 -15.90075860154521 -15.90075860154521 -15.90075860154521 -15.90075860154521 -15.90075860154521
6.407035175879397 -15.888158303069922 -15.888158303069922 -15.888158303069922 -15.888158303069922 -15.888158303069922 -15.888158303069922 -15.888158303069922 -15.888158303069922 -15.888158303069922 -15.888158303069922 -15.888158303069922 -15.888158303069922 -15.888158303069922 -15.888158303069922 -15.888158303069922 -15.888158303069922 -15.888158303069922 -15.888158303069922 -15.888158303069922 -15.888158303069922 -15.888158303069922 -15.888158303069922 -15.888158303069922 -15.888158303069922 -15.888158303069922 -15.888158303069922 -15.888158303069922 -15.888158303069922 -15.888158303069922
6.482412060301507 -15.875558004594634 -15.875558004594634 -15.875558004594634 -15.875558004594634 -15.875558004594634 -15.875558004594634 -15.875558004594634 -15.875558004594634 -15.875558004594634 -15.875558004594634 -15.875558004594634 -15.875558004594634 -15.875558004594634 -15.875558004594634 -15.875558004594634 -15.875558004594634 -15.875558004594634 -15.875558004594634 -15.875558004594634 -15.875558004594634 -15.875558004594634 -15.875558004594634 -15.875558004594634 -15.875558004594634 -15.875558004594634 -15.875558004594634 -15.875558004594634 -15.875558004594634 -15.875558004594634
6.557788944723617 -15.862957706119346 -15.862957706119346 -15.862957706119346 -15.862957706119346 -15.862957706119346 -15.862957706119346 -15.862957706119346 -15.862957706119346 -15.862957706119346 -15.862957706119346 -15.862957706119346 -15.862957706119346 -15.862957706119346 -15.862957706119346 -15.862957706119346 -15.862957706119346 -15.862957706119346 -15.862957706119346 -15.862957706119346 -15.862957706119346 -15.862957706119346 -15.862957706119346 -15.862957706119346 -15.862957706119346 -15.862957706119346 -15.862957706119346 -15.862957706119346 -15.862957706119346 -15.862957706119346
6.633165829145728 -15.850357407644058 -15.850357407644058 -15.850357407644058 -15.850357407644058 -15.850357407644058 -15.850357407644058 -15.850357407644058 -15.850357407644058 -15.850357407644058 -15.850357407644058 -15.850357407644058 -15.850357407644058 -15.850357407644058 -15.850357407644058 -15.850357407644058 -15.850357407644058 -15.850357407644058 -15.850357407644058 -15.850357407644058 -15.850357407644058 -15.850357407644058 -15.850357407644058 -15.850357407644058 -15.850357407644058 -15.850357407644058 -15.850357407644058 -15.850357407644058 -15.850357407644058 -15.850357407644058
6.708542713567839 -15.83775710916877 -15.83775710916877 -15.83775710916877 -15.83775710916877 -15.83775710916877 -15.83775710916877 -15.83775710916877 -15.83775710916877 -15.83775710916877 -15.83775710916877 -15.83775710916877 -15.83775710916877 -15.83775710916877 -15.83775710916877 -15.83775710916877 -15.83775710916877 -15.83775710916877 -15.83775710916877 -15.83775710916877 -15.83775710916877 -15.83775710916877 -15.83775710916877 -15.83775710916877 -15.83775710916877 -15.83775710916877 -15.83775710916877 -15.83775710916877 -15.83775710916877 -15.83775710916877
6.783919597989949 -15.825156810693482 -15.825156810693482 -15.825156810693482 -15.825156810693482 -15.825156810693482 -15.825156810693482 -15.825156810693482 -15.825156810693482 -15.825156810693482 -15.825156810693482 -15.825156810693482 -15.825156810693482 -15.825156810693482 -15.825156810693482 -15.825156810693482 -15.825156810693482 -15.825156810693482 -15.825156810693482 -15.825156810693482 -15.825156810693482 -15.825156810693482 -15.825156810693482 -15.825156810693482 -15.825156810693482 -15.825156810693482 -15.825156810693482 -15.825156810693482 -15.825156810693482 -15.825156810693482
6.859296482412059 -15.812556512218194 -15.812556512218194 -15.812556512218194 -15.812556512218194 -15.812556512218194 -15.812556512218194 -15.812556512218194 -15.812556512218194 -15.812556512218194 -15.812556512218194 -15.812556512218194 -15.812556512218194 -15.812556512218194 -15.812556512218194 -15.812556512218194 -15.812556512218194 -15.812556512218194 -15.812556512218194 -15.812556512218194 -15.812556512218194 -15.812556512218194 -15.812556512218194 -15.812556512218194 -15.812556512218194 -15.812556512218194 -15.812556512218194 -15.812556512218194 -15.812556512218194 -15.812556512218194
6.93467336683417 -15.799956213742906 -15.799956213742906 -15.799956213742906 -15.799956213742906 -15.799956213742906 -15.799956213742906 -15.799956213742906 -15.799956213742906 -15.799956213742906 -15.799956213742906 -15.799956213742906 -15.799956213742906 -15.799956213742906 -15.799956213742906 -15.799956213742906 -15.799956213742906 -15.799956213742906 -15.799956213742906 -15.799956213742906 -15.799956213742906 -15.799956213742906 -15.799956213742906 -15.799956213742906 -15.799956213742906 -15.799956213742906 -15.799956213742906 -15.799956213742906 -15.799956213742906 -15.799956213742906
7.010050251256281 -15.787355915267618 -15.787355915267618 -15.787355915267618 -15.787355915267618 -15.787355915267618 -15.787355915267618 -15.787355915267618 -15.787355915267618 -15.787355915267618 -15.787355915267618 -15.787355915267618 -15.787355915267618 -15.787355915267618 -15.787355915267618 -15.787355915267618 -15.787355915267618 -15.787355915267618 -15.787355915267618 -15.787355915267618 -15.787355915267618 -15.787355915267618 -15.787355915267618 -15.787355915267618 -15.787355915267618 -15.787355915267618 -15.787355915267618 -15.787355915267618 -15.787355915267618 -15.787355915267618
7.085427135678391 -15.774755616792332 -15.774755616792332 -15.774755616792332 -15.774755616792332 -15.774755616792332 -15.774755616792332 -15.774755616792332 -15.774755616792332 -15.774755616792332 -15.774755616792332 -15.774755616792332 -15.774755616792332 -15.774755616792332 -15.774755616792332 -15.774755616792332 -15.774755616792332 -15.774755616792332 -15.774755616792332 -15.774755616792332 -15.774755616792332 -15.774755616792332 -15.774755616792332 -15.774755616792332 -15.774755616792332 -15.774755616792332 -15.774755616792332 -15.774755616792332 -15.774755616792332 -15.774755616792332
7.160804020100501 -15.762155318317044 -15.762155318317044 -15.762155318317044 -15.762155318317044 -15.762155318317044 -15.762155318317044 -15.762155318317044 -15.762155318317044 -15.762155318317044 -15.762155318317044 -15.762155318317044 -15.762155318317044 -15.762155318317044 -15.762155318317044 -15.762155318317044 -15.762155318317044 -15.762155318317044 -15.762155318317044 -15.762155318317044 -15.762155318317044 -15.762155318317044 -15.762155318317044 -15.762155318317044 -15.762155318317044 -15.762155318317044 -15.762155318317044 -15.762155318317044 -15.762155318317044 -15.762155318317044
7.236180904522612 -15.749555019841756 -15.749555019841756 -15.749555019841756 -15.749555019841756 -15.749555019841756 -15.749555019841756 -15.749555019841756 -15.749555019841756 -15.749555019841756 -15.749555019841756 -15.749555019841756 -15.749555019841756 -15.749555019841756 -15.749555019841756 -15.749555019841756 -15.749555019841756 -15.749555019841756 -15.749555019841756 -15.749555019841756 -15.749555019841756 -15.749555019841756 -15.749555019841756 -15.749555019841756 -15.749555019841756 -15.749555019841756 -15.749555019841756 -15.749555019841756 -15.749555019841756 -15.749555019841756
7.311557788944723 -15.736954721366468 -15.736954721366468 -15.736954721366468 -15.736954721366468 -15.736954721366468 -15.736954721366468 -15.736954721366468 -15.736954721366468 -15.736954721366468 -15.736954721366468 -15.736954721366468 -15.736954721366468 -15.736954721366468 -15.736954721366468 -15.736954721366468 -15.736954721366468 -15.736954721366468 -15.736954721366468 -15.736954721366468 -15.736954721366468 -15.736954721366468 -15.736954721366468 -15.736954721366468 -15.736954721366468 -15.736954721366468 -15.736954721366468 -15.736954721366468 -15.736954721366468 -15.736954721366468
7.3869346733668335 -15.72435442289118 -15.72435442289118 -15.72435442289118 -15.72435442289118 -15.72435442289118 -15.72435442289118 -15.72435442289118 -15.72435442289118 -15.72435442289118 -15.72435442289118 -15.72435442289118 -15.72435442289118 -15.72435442289118 -15.72435442289118 -15.72435442289118 -15.72435442289118 -15.72435442289118 -15.72435442289118 -15.72435442289118 -15.72435442289118 -15.72435442289118 -15.72435442289118 -15.72435442289118 -15.72435442289118 -15.72435442289118 -15.72435442289118 -15.72435442289118 -15.72435442289118 -15.72435442289118
7.462311557788944 -15.711754124415892 -15.711754124415892 -15.711754124415892 -15.711754124415892 -15.711754124415892 -15.711754124415892 -15.711754124415892 -15.711754124415892 -15.711754124415892 -15.711754124415892 -15.711754124415892 -15.711754124415892 -15.711754124415892 -15.711754124415892 -15.711754124415892 -15.711754124415892 -15.711754124415892 -15.711754124415892 -15.711754124415892 -15.711754124415892 -15.711754124415892 -15.711754124415892 -15.711754124415892 -15.711754124415892 -15.711754124415892 -15.711754124415892 -15.711754124415892 -15.711754124415892 -15.711754124415892
7.537688442211055 -15.699153825940604 -15.699153825940604 -15.699153825940604 -15.699153825940604 -15.699153825940604 -15.699153825940604 -15.699153825940604 -15.699153825940604 -15.699153825940604 -15.699153825940604 -15.699153825940604 -15.699153825940604 -15.699153825940604 -15.699153825940604 -15.699153825940604 -15.699153825940604 -15.699153825940604 -15.699153825940604 -15.699153825940604 -15.699153825940604 -15.699153825940604 -15.699153825940604 -15.699153825940604 -15.699153825940604 -15.699153825940604 -15.699153825940604 -15.699153825940604 -15.699153825940604 -15.699153825940604
7.613065326633166 -15.686553527465316 -15.686553527465316 -15.686553527465316 -15.686553527465316 -15.686553527465316 -15.686553527465316 -15.686553527465316 -15.686553527465316 -15.686553527465316 -15.686553527465316 -15.686553527465316 -15.686553527465316 -15.686553527465316 -15.686553527465316 -15.686553527465316 -15.686553527465316 -15.686553527465316 -15.686553527465316 -15.686553527465316 -15.686553527465316 -15.686553527465316 -15.686553527465316 -15.686553527465316 -15.686553527465316 -15.686553527465316 -15.686553527465316 -15.686553527465316 -15.686553527465316 -15.686553527465316
7.688442211055276 -15.673953228990028 -15.673953228990028 -15.673953228990028 -15.673953228990028 -15.673953228990028 -15.673953228990028 -15.673953228990028 -15.673953228990028 -15.673953228990028 -15.673953228990028 -15.673953228990028 -15.673953228990028 -15.673953228990028 -15.673953228990028 -15.673953228990028 -15.673953228990028 -15.673953228990028 -15.673953228990028 -15.673953228990028 -15.673953228990028 -15.673953228990028 -15.673953228990028 -15.673953228990028 -15.673953228990028 -15.673953228990028 -15.673953228990028 -15.673953228990028 -15.673953228990028 -15.673953228990028
7.763819095477386 -15.66135293051474 -15.66135293051474 -15.66135293051474 -15.66135293051474 -15.66135293051474 -15.66135293051474 -15.66135293051474 -15.66135293051474 -15.66135293051474 -15.66135293051474 -15.66135293051474 -15.66135293051474 -15.66135293051474 -15.66135293051474 -15.66135293051474 -15.66135293051474 -15.66135293051474 -15.66135293051474 -15.66135293051474 -15.66135293051474 -15.66135293051474 -15.66135293051474 -15.66135293051474 -15.66135293051474 -15.66135293051474 -15.66135293051474 -15.66135293051474 -15.66135293051474 -15.66135293051474
7.839195979899497 -15.648752632039452 -15.648752632039452 -15.648752632039452 -15.648752632039452 -15.648752632039452 -15.648752632039452 -15.648752632039452 -15.648752632039452 -15.648752632039452 -15.648752632039452 -15.648752632039452 -15.648752632039452 -15.648752632039452 -15.648752632039452 -15.648752632039452 -15.648752632039452 -15.648752632039452 -15.648752632039452 -15.648752632039452 -15.648752632039452 -15.648752632039452 -15.648752632039452 -15.648752632039452 -15.648752632039452 -15.648752632039452 -15.648752632039452 -15.648752632039452 -15.648752632039452 -15.648752632039452
7.914572864321608 -15.636152333564164 -15.636152333564164 -15.636152333564164 -15.636152333564164 -15.636152333564164 -15.636152333564164 -15.636152333564164 -15.636152333564164 -15.636152333564164 -15.636152333564164 -15.636152333564164 -15.636152333564164 -15.636152333564164 -15.636152333564164 -15.636152333564164 -15.636152333564164 -15.636152333564164 -15.636152333564164 -15.636152333564164 -15.636152333564164 -15.636152333564164 -15.636152333564164 -15.636152333564164 -15.636152333564164 -15.636152333564164 -15.636152333564164 -15.636152333564164 -15.636152333564164 -15.636152333564164
7.989949748743718 -15.623552035088878 -15.623552035088878 -15.623552035088878 -15.623552035088878 -15.623552035088878 -15.623552035088878 -15.623552035088878 -15.623552035088878 -15.623552035088878 -15.623552035088878 -15.623552035088878 -15.623552035088878 -15.623552035088878 -15.623552035088878 -15.623552035088878 -15.623552035088878 -15.623552035088878 -15.623552035088878 -15.623552035088878 -15.623552035088878 -15.623552035088878 -15.623552035088878 -15.623552035088878 -15.623552035088878 -15.623552035088878 -15.623552035088878 -15.623552035088878 -15.623552035088878 -15.623552035088878
8.065326633165828 -15.61095173661359 -15.61095173661359 -15.61095173661359 -15.61095173661359 -15.61095173661359 -15.61095173661359 -15.61095173661359 -15.61095173661359 -15.61095173661359 -15.61095173661359 -15.61095173661359 -15.61095173661359 -15.61095173661359 -15.61095173661359 -15.61095173661359 -15.61095173661359 -15.61095173661359 -15.61095173661359 -15.61095173661359 -15.61095173661359 -15.61095173661359 -15.61095173661359 -15.61095173661359 -15.61095173661359 -15.61095173661359 -15.61095173661359 -15.61095173661359 -15.61095173661359 -15.61095173661359
