web/models/kne.last_good/kappa_0.5_3.0.v2/25/villar_0.0512_0.4687_3.0000.dat
# %ECSV 1.0
# ---
# datatype:
# - {name: time, datatype: float64}
# - {name: swift_uvot_uvw2, datatype: float64}
# - {name: swift_uvot_uvm2, datatype: float64}
# - {name: swift_uvot_uvw1, datatype: float64}
# - {name: swift_uvot_U, datatype: float64}
# - {name: swift_uvot_B, datatype: float64}
# - {name: swift_uvot_V, datatype: float64}
# - {name: swift_uvot_W, datatype: float64}
# - {name: johnson_U, datatype: float64}
# - {name: johnson_B, datatype: float64}
# - {name: johnson_V, datatype: float64}
# - {name: johnson_R, datatype: float64}
# - {name: johnson_I, datatype: float64}
# - {name: sdss_u, datatype: float64}
# - {name: sdss_g, datatype: float64}
# - {name: sdss_r, datatype: float64}
# - {name: sdss_i, datatype: float64}
# - {name: sdss_z, datatype: float64}
# - {name: PS1_g, datatype: float64}
# - {name: PS1_r, datatype: float64}
# - {name: PS1_i, datatype: float64}
# - {name: PS1_z, datatype: float64}
# - {name: PS1_Y, datatype: float64}
# - {name: PS1_w, datatype: float64}
# - {name: ATLAS_c, datatype: float64}
# - {name: ATLAS_o, datatype: float64}
# - {name: ukirt_J, datatype: float64}
# - {name: ukirt_H, datatype: float64}
# - {name: ukirt_K, datatype: float64}
# - {name: Clear, datatype: float64}
# meta: !!omap
# - comment: [kappa = 3.0, type = villar, mass = 0.051209162050732976, velocity = 0.4686666666666667, theta_obs = 0.0, tfloor = 2500.0]
# schema: astropy-2.0
time swift_uvot_uvw2 swift_uvot_uvm2 swift_uvot_uvw1 swift_uvot_U swift_uvot_B swift_uvot_V swift_uvot_W johnson_U johnson_B johnson_V johnson_R johnson_I sdss_u sdss_g sdss_r sdss_i sdss_z PS1_g PS1_r PS1_i PS1_z PS1_Y PS1_w ATLAS_c ATLAS_o ukirt_J ukirt_H ukirt_K Clear
[from data line 271]
3.212194 -8.62 -3.422 -4.388 -6.09 -8.877 -10.879 -8.995 -6.587 -9.008 -10.998 -12.583 -13.66 -6.365 -9.728 -11.856 -12.981 -13.752 -10.702 -12.026 -13.06 -13.675 -14.135 -12.179 -10.941 -12.493 -14.663 -14.983 -15.044 -12.639
3.309345 -8.562 -3.363 -4.329 -6.032 -8.819 -10.821 -8.937 -6.529 -8.95 -10.939 -12.524 -13.601 -6.306 -9.669 -11.798 -12.923 -13.693 -10.644 -11.967 -13.001 -13.617 -14.076 -12.121 -10.883 -12.435 -14.605 -14.925 -14.986 -12.581
3.409434 -8.503 -3.305 -4.271 -5.973 -8.76 -10.762 -8.878 -6.47 -8.891 -10.881 -12.466 -13.543 -6.248 -9.611 -11.739 -12.864 -13.635 -10.585 -11.909 -12.943 -13.558 -14.017 -12.062 -10.824 -12.376 -14.546 -14.866 -14.927 -12.522
3.51255 -8.444 -3.246 -4.212 -5.914 -8.701 -10.703 -8.819 -6.411 -8.832 -10.822 -12.407 -13.484 -6.189 -9.552 -11.68 -12.805 -13.576 -10.526 -11.85 -12.884 -13.499 -13.959 -12.003 -10.765 -12.317 -14.487 -14.807 -14.868 -12.463
3.618785 -8.385 -3.187 -4.152 -5.855 -8.642 -10.644 -8.76 -6.352 -8.773 -10.763 -12.347 -13.424 -6.129 -9.492 -11.621 -12.746 -13.517 -10.467 -11.79 -12.824 -13.44 -13.899 -11.944 -10.706 -12.258 -14.428 -14.748 -14.809 -12.404
3.728232 -8.325 -3.127 -4.093 -5.796 -8.583 -10.585 -8.7 -6.293 -8.714 -10.703 -12.288 -13.365 -6.07 -9.433 -11.562 -12.686 -13.457 -10.408 -11.731 -12.765 -13.381 -13.84 -11.885 -10.646 -12.198 -14.368 -14.689 -14.749 -12.345
3.84099 -8.266 -3.067 -4.033 -5.736 -8.523 -10.525 -8.64 -6.233 -8.654 -10.643 -12.228 -13.305 -6.01 -9.373 -11.502 -12.626 -13.397 -10.348 -11.671 -12.705 -13.321 -13.78 -11.825 -10.586 -12.138 -14.309 -14.629 -14.689 -12.285
3.957158 -8.206 -3.007 -3.973 -5.676 -8.463 -10.465 -8.58 -6.173 -8.594 -10.583 -12.168 -13.245 -5.95 -9.313 -11.442 -12.566 -13.337 -10.288 -11.611 -12.645 -13.261 -13.72 -11.765 -10.526 -12.078 -14.248 -14.569 -14.629 -12.225
4.07684 -8.145 -2.947 -3.913 -5.615 -8.402 -10.404 -8.52 -6.112 -8.533 -10.523 -12.108 -13.185 -5.89 -9.253 -11.381 -12.506 -13.277 -10.227 -11.551 -12.585 -13.2 -13.66 -11.704 -10.466 -12.018 -14.188 -14.508 -14.569 -12.164
4.200141 -8.085 -2.886 -3.852 -5.555 -8.342 -10.344 -8.459 -6.052 -8.473 -10.462 -12.047 -13.124 -5.829 -9.192 -11.321 -12.445 -13.216 -10.167 -11.49 -12.524 -13.14 -13.599 -11.644 -10.405 -11.957 -14.127 -14.448 -14.508 -12.104
4.327172 -8.024 -2.825 -3.791 -5.494 -8.281 -10.283 -8.398 -5.991 -8.412 -10.401 -11.986 -13.063 -5.768 -9.131 -11.26 -12.384 -13.155 -10.106 -11.429 -12.463 -13.079 -13.538 -11.583 -10.344 -11.897 -14.067 -14.387 -14.447 -12.043
4.458044 -7.962 -2.764 -3.73 -5.433 -8.22 -10.222 -8.337 -5.93 -8.351 -10.34 -11.925 -13.002 -5.707 -9.07 -11.199 -12.323 -13.094 -10.045 -11.368 -12.402 -13.018 -13.477 -11.522 -10.283 -11.835 -14.005 -14.326 -14.386 -11.982
4.592874 -7.901 -2.703 -3.668 -5.371 -8.158 -10.16 -8.276 -5.868 -8.289 -10.279 -11.864 -12.94 -5.645 -9.008 -11.137 -12.262 -13.033 -9.983 -11.307 -12.34 -12.956 -13.415 -11.46 -10.222 -11.774 -13.944 -14.264 -14.325 -11.92
4.731783 -7.839 -2.641 -3.607 -5.31 -8.096 -10.098 -8.214 -5.806 -8.227 -10.217 -11.802 -12.879 -5.584 -8.947 -11.075 -12.2 -12.971 -9.921 -11.245 -12.279 -12.894 -13.354 -11.398 -10.16 -11.712 -13.882 -14.202 -14.263 -11.859
4.874892 -7.777 -2.579 -3.545 -5.247 -8.034 -10.036 -8.152 -5.744 -8.165 -10.155 -11.74 -12.817 -5.522 -8.885 -11.013 -12.138 -12.909 -9.859 -11.183 -12.217 -12.832 -13.292 -11.336 -10.098 -11.65 -13.82 -14.14 -14.201 -11.797
5.02233 -7.715 -2.516 -3.482 -5.185 -7.972 -9.974 -8.09 -5.682 -8.103 -10.093 -11.677 -12.754 -5.459 -8.822 -10.951 -12.076 -12.847 -9.797 -11.12 -12.154 -12.77 -13.229 -11.274 -10.036 -11.588 -13.758 -14.078 -14.139 -11.734
5.174227 -7.652 -2.454 -3.42 -5.123 -7.909 -9.912 -8.027 -5.619 -8.04 -10.03 -11.615 -12.692 -5.397 -8.76 -10.889 -12.013 -12.784 -9.734 -11.058 -12.092 -12.707 -13.167 -11.212 -9.973 -11.525 -13.695 -14.016 -14.076 -11.672
5.330718 -7.59 -2.391 -3.357 -5.06 -7.847 -9.849 -7.964 -5.557 -7.978 -9.967 -11.552 -12.629 -5.334 -8.697 -10.826 -11.95 -12.721 -9.672 -10.995 -12.029 -12.645 -13.104 -11.149 -9.91 -11.462 -13.632 -13.953 -14.013 -11.609
5.491942 -7.526 -2.328 -3.294 -4.997 -7.784 -9.786 -7.901 -5.494 -7.915 -9.904 -11.489 -12.566 -5.271 -8.634 -10.763 -11.887 -12.658 -9.609 -10.932 -11.966 -12.582 -13.041 -11.086 -9.847 -11.399 -13.569 -13.89 -13.95 -11.546
5.658042 -7.463 -2.265 -3.231 -4.933 -7.72 -9.722 -7.838 -5.43 -7.851 -9.841 -11.426 -12.502 -5.207 -8.57 -10.699 -11.824 -12.595 -9.545 -10.869 -11.902 -12.518 -12.977 -11.022 -9.784 -11.336 -13.506 -13.826 -13.887 -11.482
5.829166 -7.399 -2.201 -3.167 -4.87 -7.657 -9.659 -7.774 -5.367 -7.788 -9.777 -11.362 -12.439 -5.144 -8.507 -10.636 -11.76 -12.531 -9.482 -10.805 -11.839 -12.455 -12.914 -10.959 -9.72 -11.272 -13.442 -13.763 -13.823 -11.419
6.005465 -7.336 -2.137 -3.103 -4.806 -7.593 -9.595 -7.71 -5.303 -7.724 -9.713 -11.298 -12.375 -5.08 -8.443 -10.572 -11.696 -12.467 -9.418 -10.741 -11.775 -12.391 -12.85 -10.895 -9.656 -11.208 -13.378 -13.699 -13.759 -11.355
6.187096 -7.271 -2.073 -3.039 -4.742 -7.528 -9.531 -7.646 -5.239 -7.66 -9.649 -11.234 -12.311 -5.016 -8.379 -10.508 -11.632 -12.403 -9.353 -10.677 -11.711 -12.327 -12.786 -10.831 -9.592 -11.144 -13.314 -13.635 -13.695 -11.291
6.37422 -7.207 -2.009 -2.974 -4.677 -7.464 -9.466 -7.582 -5.174 -7.595 -9.585 -11.17 -12.246 -4.951 -8.314 -10.443 -11.568 -12.339 -9.289 -10.613 -11.646 -12.262 -12.721 -10.766 -9.528 -11.08 -13.25 -13.57 -13.631 -11.226
6.567004 -7.142 -1.944 -2.91 -4.613 -7.399 -9.402 -7.517 -5.109 -7.53 -9.52 -11.105 -12.182 -4.887 -8.25 -10.379 -11.503 -12.274 -9.224 -10.548 -11.582 -12.198 -12.657 -10.702 -9.463 -11.015 -13.185 -13.506 -13.566 -11.162
6.765619 -7.077 -1.879 -2.845 -4.548 -7.335 -9.337 -7.452 -5.045 -7.466 -9.455 -11.04 -12.117 -4.822 -8.185 -10.314 -11.438 -12.209 -9.16 -10.483 -11.517 -12.133 -12.592 -10.637 -9.398 -10.95 -13.12 -13.441 -13.501 -11.097
6.97024 -7.012 -1.814 -2.78 -4.483 -7.269 -9.272 -7.387 -4.979 -7.4 -9.39 -10.975 -12.052 -4.757 -8.12 -10.249 -11.373 -12.144 -9.094 -10.418 -11.452 -12.067 -12.527 -10.572 -9.333 -10.885 -13.055 -13.376 -13.436 -11.032
7.181051 -6.947 -1.749 -2.714 -4.417 -7.204 -9.206 -7.322 -4.914 -7.335 -9.325 -10.909 -11.986 -4.691 -8.054 -10.183 -11.308 -12.079 -9.029 -10.353 -11.386 -12.002 -12.461 -10.506 -9.268 -10.82 -12.99 -13.31 -13.371 -10.966
7.398237 -6.881 -1.683 -2.649 -4.352 -7.138 -9.141 -7.256 -4.848 -7.269 -9.259 -10.844 -11.921 -4.626 -7.989 -10.118 -11.242 -12.013 -8.963 -10.287 -11.321 -11.936 -12.396 -10.441 -9.202 -10.754 -12.924 -13.245 -13.305 -10.901
7.621991 -6.815 -1.617 -2.583 -4.286 -7.073 -9.075 -7.19 -4.783 -7.204 -9.193 -10.778 -11.855 -4.56 -7.923 -10.052 -11.176 -11.947 -8.898 -10.221 -11.255 -11.871 -12.33 -10.375 -9.136 -10.688 -12.858 -13.179 -13.239 -10.835
7.852513 -6.749 -1.551 -2.517 -4.22 -7.006 -9.009 -7.124 -4.717 -7.138 -9.127 -10.712 -11.789 -4.494 -7.857 -9.986 -11.11 -11.881 -8.831 -10.155 -11.189 -11.805 -12.264 -10.309 -9.07 -10.622 -12.792 -13.113 -13.173 -10.769
8.090007 -6.683 -1.485 -2.451 -4.153 -6.94 -8.942 -7.058 -4.65 -7.071 -9.061 -10.646 -11.722 -4.427 -7.791 -9.919 -11.044 -11.815 -8.765 -10.089 -11.123 -11.738 -12.197 -10.242 -9.004 -10.556 -12.726 -13.046 -13.107 -10.702
8.334684 -6.617 -1.418 -2.384 -4.087 -6.874 -8.876 -6.991 -4.584 -7.005 -8.994 -10.579 -11.656 -4.361 -7.724 -9.853 -10.977 -11.748 -8.699 -10.022 -11.056 -11.672 -12.131 -10.176 -8.937 -10.489 -12.659 -12.98 -13.04 -10.636
8.586761 -6.55 -1.351 -2.317 -4.02 -6.807 -8.809 -6.925 -4.517 -6.938 -8.927 -10.512 -11.589 -4.294 -7.657 -9.786 -10.911 -11.681 -8.632 -9.955 -10.989 -11.605 -12.064 -10.109 -8.871 -10.423 -12.593 -12.913 -12.974 -10.569
8.846461 -6.483 -1.284 -2.25 -3.953 -6.74 -8.742 -6.858 -4.45 -6.871 -8.86 -10.445 -11.522 -4.227 -7.59 -9.719 -10.844 -11.614 -8.565 -9.888 -10.922 -11.538 -11.997 -10.042 -8.804 -10.356 -12.526 -12.846 -12.907 -10.502
9.114017 -6.416 -1.217 -2.183 -3.886 -6.673 -8.675 -6.79 -4.383 -6.804 -8.793 -10.378 -11.455 -4.16 -7.523 -9.652 -10.776 -11.547 -8.498 -9.821 -10.855 -11.471 -11.93 -9.975 -8.736 -10.288 -12.458 -12.779 -12.839 -10.435
9.389664 -6.348 -1.15 -2.116 -3.818 -6.605 -8.607 -6.723 -4.315 -6.736 -8.726 -10.311 -11.388 -4.093 -7.456 -9.584 -10.709 -11.48 -8.43 -9.754 -10.788 -11.403 -11.862 -9.907 -8.669 -10.221 -12.391 -12.711 -12.772 -10.367
9.673648 -6.28 -1.082 -2.048 -3.751 -6.538 -8.54 -6.655 -4.248 -6.669 -8.658 -10.243 -11.32 -4.025 -7.388 -9.517 -10.641 -11.412 -8.363 -9.686 -10.72 -11.336 -11.795 -9.84 -8.601 -10.153 -12.323 -12.644 -12.704 -10.3
9.966221 -6.213 -1.014 -1.98 -3.683 -6.47 -8.472 -6.587 -4.18 -6.601 -8.59 -10.175 -11.252 -3.957 -7.32 -9.449 -10.573 -11.344 -8.295 -9.618 -10.652 -11.268 -11.727 -9.772 -8.533 -10.085 -12.256 -12.576 -12.636 -10.232
10.267642 -6.145 -0.946 -1.912 -3.615 -6.402 -8.404 -6.519 -4.112 -6.533 -8.522 -10.107 -11.184 -3.889 -7.252 -9.381 -10.505 -11.276 -8.227 -9.55 -10.584 -11.2 -11.659 -9.704 -8.465 -10.017 -12.187 -12.508 -12.568 -10.164
10.57818 -6.076 -0.878 -1.844 -3.547 -6.333 -8.336 -6.451 -4.043 -6.464 -8.454 -10.039 -11.116 -3.821 -7.184 -9.312 -10.437 -11.208 -8.158 -9.482 -10.516 -11.131 -11.591 -9.636 -8.397 -9.949 -12.119 -12.439 -12.5 -10.096
10.89811 -6.008 -0.809 -1.775 -3.478 -6.265 -8.267 -6.383 -3.975 -6.396 -8.386 -9.97 -11.047 -3.752 -7.115 -9.244 -10.369 -11.14 -8.09 -9.413 -10.447 -11.063 -11.522 -9.567 -8.329 -9.881 -12.051 -12.371 -12.432 -10.027
11.227716 -5.939 -0.741 -1.707 -3.409 -6.196 -8.198 -6.314 -3.906 -6.327 -8.317 -9.902 -10.979 -3.684 -7.047 -9.175 -10.3 -11.071 -8.021 -9.345 -10.379 -10.994 -11.454 -9.498 -8.26 -9.812 -11.982 -12.302 -12.363 -9.958
11.56729 -5.87 -0.672 -1.638 -3.341 -6.127 -8.13 -6.245 -3.837 -6.258 -8.248 -9.833 -10.91 -3.615 -6.978 -9.107 -10.231 -11.002 -7.952 -9.276 -10.31 -10.925 -11.385 -9.43 -8.191 -9.743 -11.913 -12.234 -12.294 -9.89
11.917135 -5.801 -0.603 -1.569 -3.272 -6.058 -8.061 -6.176 -3.768 -6.189 -8.179 -9.764 -10.841 -3.546 -6.909 -9.037 -10.162 -10.933 -7.883 -9.207 -10.241 -10.856 -11.316 -9.36 -8.122 -9.674 -11.844 -12.164 -12.225 -9.821
12.277561 -5.732 -0.534 -1.5 -3.202 -5.989 -7.991 -6.107 -3.699 -6.12 -8.11 -9.695 -10.771 -3.476 -6.839 -8.968 -10.093 -10.864 -7.814 -9.138 -10.171 -10.787 -11.246 -9.291 -8.053 -9.605 -11.775 -12.095 -12.156 -9.751
12.648887 -5.663 -0.464 -1.43 -3.133 -5.92 -7.922 -6.037 -3.63 -6.051 -8.04 -9.625 -10.702 -3.407 -6.77 -8.899 -10.023 -10.794 -7.745 -9.068 -10.102 -10.718 -11.177 -9.222 -7.983 -9.535 -11.706 -12.026 -12.086 -9.682
13.031444 -5.593 -0.395 -1.36 -3.063 -5.85 -7.852 -5.968 -3.56 -5.981 -7.971 -9.556 -10.632 -3.337 -6.7 -8.829 -9.954 -10.725 -7.675 -8.999 -10.032 -10.648 -11.107 -9.152 -7.914 -9.466 -11.636 -11.956 -12.017 -9.612
13.425571 -5.523 -0.325 -1.291 -2.994 -5.78 -7.783 -5.898 -3.49 -5.911 -7.901 -9.486 -10.563 -3.268 -6.631 -8.759 -9.884 -10.655 -7.605 -8.929 -9.963 -10.578 -11.038 -9.082 -7.844 -9.396 -11.566 -11.886 -11.947 -9.543
13.831619 -5.453 -0.255 -1.221 -2.924 -5.71 -7.713 -5.828 -3.42 -5.841 -7.831 -9.416 -10.493 -3.198 -6.561 -8.689 -9.814 -10.585 -7.535 -8.859 -9.893 -10.508 -10.968 -9.012 -7.774 -9.326 -11.496 -11.816 -11.877 -9.473
14.249947 -5.383 -0.185 -1.151 -2.853 -5.64 -7.642 -5.758 -3.35 -5.771 -7.761 -9.346 -10.423 -3.128 -6.491 -8.619 -9.744 -10.515 -7.465 -8.789 -9.823 -10.438 -10.897 -8.942 -7.704 -9.256 -11.426 -11.746 -11.807 -9.402
14.680926 -5.313 -0.114 -1.08 -2.783 -5.57 -7.572 -5.688 -3.28 -5.701 -7.691 -9.275 -10.352 -3.057 -6.42 -8.549 -9.674 -10.445 -7.395 -8.718 -9.752 -10.368 -10.827 -8.872 -7.634 -9.186 -11.356 -11.676 -11.737 -9.332
15.124941 -5.242 -0.044 -1.01 -2.713 -5.499 -7.502 -5.617 -3.209 -5.63 -7.62 -9.205 -10.282 -2.987 -6.35 -8.479 -9.603 -10.374 -7.324 -8.648 -9.682 -10.298 -10.757 -8.802 -7.563 -9.115 -11.285 -11.606 -11.666 -9.262
15.582385 -5.172 0.027 -0.939 -2.642 -5.429 -7.431 -5.547 -3.139 -5.56 -7.549 -9.134 -10.211 -2.916 -6.279 -8.408 -9.533 -10.303 -7.254 -8.577 -9.611 -10.227 -10.686 -8.731 -7.493 -9.045 -11.215 -11.535 -11.595 -9.191
16.053663 -5.101 0.098 -0.868 -2.571 -5.358 -7.36 -5.476 -3.068 -5.489 -7.479 -9.063 -10.14 -2.845 -6.208 -8.337 -9.462 -10.233 -7.183 -8.506 -9.54 -10.156 -10.615 -8.66 -7.422 -8.974 -11.144 -11.464 -11.525 -9.12
16.539195 -5.03 0.168 -0.797 -2.5 -5.287 -7.289 -5.405 -2.997 -5.418 -7.408 -8.992 -10.069 -2.774 -6.137 -8.266 -9.391 -10.162 -7.112 -8.435 -9.469 -10.085 -10.544 -8.589 -7.351 -8.903 -11.073 -11.393 -11.454 -9.049
17.039412 -4.959 0.24 -0.726 -2.429 -5.216 -7.218 -5.334 -2.926 -5.347 -7.336 -8.921 -9.998 -2.703 -6.066 -8.195 -9.32 -10.09 -7.041 -8.364 -9.398 -10.014 -10.473 -8.518 -7.28 -8.832 -11.002 -11.322 -11.383 -8.978
17.554757 -4.888 0.311 -0.655 -2.358 -5.145 -7.147 -5.262 -2.855 -5.276 -7.265 -8.85 -9.927 -2.632 -5.995 -8.124 -9.248 -10.019 -6.97 -8.293 -9.327 -9.943 -10.402 -8.447 -7.208 -8.76 -10.93 -11.251 -11.311 -8.907
18.085689 -4.816 0.382 -0.584 -2.286 -5.073 -7.075 -5.191 -2.783 -5.204 -7.194 -8.779 -9.855 -2.56 -5.924 -8.052 -9.177 -9.948 -6.898 -8.222 -9.256 -9.871 -10.33 -8.375 -7.137 -8.689 -10.859 -11.179 -11.24 -8.835
18.632678 -4.745 0.454 -0.512 -2.215 -5.002 -7.004 -5.119 -2.712 -5.133 -7.122 -8.707 -9.784 -2.489 -5.852 -7.981 -9.105 -9.876 -6.827 -8.15 -9.184 -9.8 -10.259 -8.304 -7.065 -8.617 -10.787 -11.108 -11.168 -8.764
19.196211 -4.673 0.526 -0.44 -2.143 -4.93 -6.932 -5.048 -2.64 -5.061 -7.05 -8.635 -9.712 -2.417 -5.78 -7.909 -9.034 -9.804 -6.755 -8.078 -9.112 -9.728 -10.187 -8.232 -6.994 -8.546 -10.716 -11.036 -11.097 -8.692
19.776787 -4.601 0.598 -0.368 -2.071 -4.858 -6.86 -4.976 -2.568 -4.989 -6.979 -8.563 -9.64 -2.345 -5.708 -7.837 -8.962 -9.733 -6.683 -8.006 -9.04 -9.656 -10.115 -8.16 -6.922 -8.474 -10.644 -10.964 -11.025 -8.62
20.374923 -4.529 0.67 -0.296 -1.999 -4.786 -6.788 -4.904 -2.496 -4.917 -6.907 -8.491 -9.568 -2.273 -5.636 -7.765 -8.89 -9.661 -6.611 -7.934 -8.968 -9.584 -10.043 -8.088 -6.85 -8.402 -10.572 -10.892 -10.953 -8.548
20.991149 -4.457 0.742 -0.224 -1.927 -4.714 -6.716 -4.831 -2.424 -4.845 -6.834 -8.419 -9.496 -2.201 -5.564 -7.693 -8.818 -9.588 -6.539 -7.862 -8.896 -9.512 -9.971 -8.016 -6.777 -8.33 -10.5 -10.82 -10.88 -8.476
21.626011 -4.384 0.814 -0.152 -1.855 -4.641 -6.644 -4.759 -2.351 -4.772 -6.762 -8.347 -9.424 -2.129 -5.492 -7.621 -8.745 -9.516 -6.466 -7.79 -8.824 -9.44 -9.899 -7.944 -6.705 -8.257 -10.427 -10.748 -10.808 -8.404
22.280075 -4.312 0.887 -0.079 -1.782 -4.569 -6.571 -4.687 -2.279 -4.7 -6.69 -8.274 -9.351 -2.056 -5.419 -7.548 -8.673 -9.444 -6.394 -7.717 -8.751 -9.367 -9.826 -7.871 -6.633 -8.185 -10.355 -10.675 -10.736 -8.331
22.953921 -4.239 0.959 -0.007 -1.71 -4.496 -6.499 -4.614 -2.206 -4.627 -6.617 -8.202 -9.279 -1.984 -5.347 -7.476 -8.6 -9.371 -6.321 -7.645 -8.679 -9.294 -9.754 -7.799 -6.56 -8.112 -10.282 -10.602 -10.663 -8.259
23.648147 -4.167 1.032 0.066 -1.637 -4.424 -6.426 -4.541 -2.134 -4.555 -6.544 -8.129 -9.206 -1.911 -5.274 -7.403 -8.527 -9.298 -6.249 -7.572 -8.606 -9.222 -9.681 -7.726 -6.487 -8.039 -10.21 -10.53 -10.59 -8.186
24.363369 -4.094 1.105 0.139 -1.564 -4.351 -6.353 -4.469 -2.061 -4.482 -6.471 -8.056 -9.133 -1.838 -5.201 -7.33 -8.455 -9.225 -6.176 -7.499 -8.533 -9.149 -9.608 -7.653 -6.415 -7.967 -10.137 -10.457 -10.518 -8.113
25.100222 -4.021 1.178 0.212 -1.491 -4.278 -6.28 -4.396 -1.988 -4.409 -6.398 -7.983 -9.06 -1.765 -5.128 -7.257 -8.382 -9.152 -6.103 -7.426 -8.46 -9.076 -9.535 -7.58 -6.342 -7.894 -10.064 -10.384 -10.445 -8.04
25.859362 -3.948 1.251 0.285 -1.418 -4.205 -6.207 -4.323 -1.915 -4.336 -6.325 -7.91 -8.987 -1.692 -5.055 -7.184 -8.309 -9.079 -6.03 -7.353 -8.387 -9.003 -9.462 -7.507 -6.268 -7.821 -9.991 -10.311 -10.371 -7.967
26.64146 -3.874 1.324 0.358 -1.345 -4.132 -6.134 -4.249 -1.842 -4.263 -6.252 -7.837 -8.914 -1.619 -4.982 -7.111 -8.235 -9.006 -5.957 -7.28 -8.314 -8.93 -9.389 -7.434 -6.195 -7.747 -9.917 -10.238 -10.298 -7.894
