web/models/linear/75/-18_796_0_016.dat
# %ECSV 1.0
# ---
# datatype:
# - {name: time, datatype: float64}
# - {name: swift_uvot_uvw2, datatype: float64}
# - {name: swift_uvot_uvm2, datatype: float64}
# - {name: swift_uvot_uvw1, datatype: float64}
# - {name: swift_uvot_U, datatype: float64}
# - {name: swift_uvot_B, datatype: float64}
# - {name: swift_uvot_V, datatype: float64}
# - {name: swift_uvot_W, datatype: float64}
# - {name: johnson_U, datatype: float64}
# - {name: johnson_B, datatype: float64}
# - {name: johnson_V, datatype: float64}
# - {name: johnson_R, datatype: float64}
# - {name: johnson_I, datatype: float64}
# - {name: sdss_u, datatype: float64}
# - {name: sdss_g, datatype: float64}
# - {name: sdss_r, datatype: float64}
# - {name: sdss_i, datatype: float64}
# - {name: sdss_z, datatype: float64}
# - {name: PS1_g, datatype: float64}
# - {name: PS1_r, datatype: float64}
# - {name: PS1_i, datatype: float64}
# - {name: PS1_z, datatype: float64}
# - {name: PS1_Y, datatype: float64}
# - {name: PS1_w, datatype: float64}
# - {name: ATLAS_c, datatype: float64}
# - {name: ATLAS_o, datatype: float64}
# - {name: ukirt_J, datatype: float64}
# - {name: ukirt_H, datatype: float64}
# - {name: ukirt_K, datatype: float64}
# - {name: Clear, datatype: float64}
# meta: !!omap
# - comment: [M=-18.79591836734694, dM=0.01631635942893885]
# schema: astropy-2.0
time swift_uvot_uvw2 swift_uvot_uvm2 swift_uvot_uvw1 swift_uvot_U swift_uvot_B swift_uvot_V swift_uvot_W johnson_U johnson_B johnson_V johnson_R johnson_I sdss_u sdss_g sdss_r sdss_i sdss_z PS1_g PS1_r PS1_i PS1_z PS1_Y PS1_w ATLAS_c ATLAS_o ukirt_J ukirt_H ukirt_K Clear
[from data line 137]
10.326633165829145 -18.62742530892247 -18.62742530892247 -18.62742530892247 -18.62742530892247 -18.62742530892247 -18.62742530892247 -18.62742530892247 -18.62742530892247 -18.62742530892247 -18.62742530892247 -18.62742530892247 -18.62742530892247 -18.62742530892247 -18.62742530892247 -18.62742530892247 -18.62742530892247 -18.62742530892247 -18.62742530892247 -18.62742530892247 -18.62742530892247 -18.62742530892247 -18.62742530892247 -18.62742530892247 -18.62742530892247 -18.62742530892247 -18.62742530892247 -18.62742530892247 -18.62742530892247 -18.62742530892247
10.402010050251256 -18.626195432583604 -18.626195432583604 -18.626195432583604 -18.626195432583604 -18.626195432583604 -18.626195432583604 -18.626195432583604 -18.626195432583604 -18.626195432583604 -18.626195432583604 -18.626195432583604 -18.626195432583604 -18.626195432583604 -18.626195432583604 -18.626195432583604 -18.626195432583604 -18.626195432583604 -18.626195432583604 -18.626195432583604 -18.626195432583604 -18.626195432583604 -18.626195432583604 -18.626195432583604 -18.626195432583604 -18.626195432583604 -18.626195432583604 -18.626195432583604 -18.626195432583604 -18.626195432583604
10.477386934673365 -18.624965556244742 -18.624965556244742 -18.624965556244742 -18.624965556244742 -18.624965556244742 -18.624965556244742 -18.624965556244742 -18.624965556244742 -18.624965556244742 -18.624965556244742 -18.624965556244742 -18.624965556244742 -18.624965556244742 -18.624965556244742 -18.624965556244742 -18.624965556244742 -18.624965556244742 -18.624965556244742 -18.624965556244742 -18.624965556244742 -18.624965556244742 -18.624965556244742 -18.624965556244742 -18.624965556244742 -18.624965556244742 -18.624965556244742 -18.624965556244742 -18.624965556244742 -18.624965556244742
10.552763819095476 -18.623735679905877 -18.623735679905877 -18.623735679905877 -18.623735679905877 -18.623735679905877 -18.623735679905877 -18.623735679905877 -18.623735679905877 -18.623735679905877 -18.623735679905877 -18.623735679905877 -18.623735679905877 -18.623735679905877 -18.623735679905877 -18.623735679905877 -18.623735679905877 -18.623735679905877 -18.623735679905877 -18.623735679905877 -18.623735679905877 -18.623735679905877 -18.623735679905877 -18.623735679905877 -18.623735679905877 -18.623735679905877 -18.623735679905877 -18.623735679905877 -18.623735679905877 -18.623735679905877
10.628140703517587 -18.622505803567012 -18.622505803567012 -18.622505803567012 -18.622505803567012 -18.622505803567012 -18.622505803567012 -18.622505803567012 -18.622505803567012 -18.622505803567012 -18.622505803567012 -18.622505803567012 -18.622505803567012 -18.622505803567012 -18.622505803567012 -18.622505803567012 -18.622505803567012 -18.622505803567012 -18.622505803567012 -18.622505803567012 -18.622505803567012 -18.622505803567012 -18.622505803567012 -18.622505803567012 -18.622505803567012 -18.622505803567012 -18.622505803567012 -18.622505803567012 -18.622505803567012 -18.622505803567012
10.703517587939697 -18.621275927228147 -18.621275927228147 -18.621275927228147 -18.621275927228147 -18.621275927228147 -18.621275927228147 -18.621275927228147 -18.621275927228147 -18.621275927228147 -18.621275927228147 -18.621275927228147 -18.621275927228147 -18.621275927228147 -18.621275927228147 -18.621275927228147 -18.621275927228147 -18.621275927228147 -18.621275927228147 -18.621275927228147 -18.621275927228147 -18.621275927228147 -18.621275927228147 -18.621275927228147 -18.621275927228147 -18.621275927228147 -18.621275927228147 -18.621275927228147 -18.621275927228147 -18.621275927228147
10.778894472361808 -18.620046050889282 -18.620046050889282 -18.620046050889282 -18.620046050889282 -18.620046050889282 -18.620046050889282 -18.620046050889282 -18.620046050889282 -18.620046050889282 -18.620046050889282 -18.620046050889282 -18.620046050889282 -18.620046050889282 -18.620046050889282 -18.620046050889282 -18.620046050889282 -18.620046050889282 -18.620046050889282 -18.620046050889282 -18.620046050889282 -18.620046050889282 -18.620046050889282 -18.620046050889282 -18.620046050889282 -18.620046050889282 -18.620046050889282 -18.620046050889282 -18.620046050889282 -18.620046050889282
10.854271356783919 -18.618816174550417 -18.618816174550417 -18.618816174550417 -18.618816174550417 -18.618816174550417 -18.618816174550417 -18.618816174550417 -18.618816174550417 -18.618816174550417 -18.618816174550417 -18.618816174550417 -18.618816174550417 -18.618816174550417 -18.618816174550417 -18.618816174550417 -18.618816174550417 -18.618816174550417 -18.618816174550417 -18.618816174550417 -18.618816174550417 -18.618816174550417 -18.618816174550417 -18.618816174550417 -18.618816174550417 -18.618816174550417 -18.618816174550417 -18.618816174550417 -18.618816174550417 -18.618816174550417
10.92964824120603 -18.617586298211553 -18.617586298211553 -18.617586298211553 -18.617586298211553 -18.617586298211553 -18.617586298211553 -18.617586298211553 -18.617586298211553 -18.617586298211553 -18.617586298211553 -18.617586298211553 -18.617586298211553 -18.617586298211553 -18.617586298211553 -18.617586298211553 -18.617586298211553 -18.617586298211553 -18.617586298211553 -18.617586298211553 -18.617586298211553 -18.617586298211553 -18.617586298211553 -18.617586298211553 -18.617586298211553 -18.617586298211553 -18.617586298211553 -18.617586298211553 -18.617586298211553 -18.617586298211553
11.00502512562814 -18.616356421872688 -18.616356421872688 -18.616356421872688 -18.616356421872688 -18.616356421872688 -18.616356421872688 -18.616356421872688 -18.616356421872688 -18.616356421872688 -18.616356421872688 -18.616356421872688 -18.616356421872688 -18.616356421872688 -18.616356421872688 -18.616356421872688 -18.616356421872688 -18.616356421872688 -18.616356421872688 -18.616356421872688 -18.616356421872688 -18.616356421872688 -18.616356421872688 -18.616356421872688 -18.616356421872688 -18.616356421872688 -18.616356421872688 -18.616356421872688 -18.616356421872688 -18.616356421872688
11.08040201005025 -18.615126545533823 -18.615126545533823 -18.615126545533823 -18.615126545533823 -18.615126545533823 -18.615126545533823 -18.615126545533823 -18.615126545533823 -18.615126545533823 -18.615126545533823 -18.615126545533823 -18.615126545533823 -18.615126545533823 -18.615126545533823 -18.615126545533823 -18.615126545533823 -18.615126545533823 -18.615126545533823 -18.615126545533823 -18.615126545533823 -18.615126545533823 -18.615126545533823 -18.615126545533823 -18.615126545533823 -18.615126545533823 -18.615126545533823 -18.615126545533823 -18.615126545533823 -18.615126545533823
11.15577889447236 -18.613896669194958 -18.613896669194958 -18.613896669194958 -18.613896669194958 -18.613896669194958 -18.613896669194958 -18.613896669194958 -18.613896669194958 -18.613896669194958 -18.613896669194958 -18.613896669194958 -18.613896669194958 -18.613896669194958 -18.613896669194958 -18.613896669194958 -18.613896669194958 -18.613896669194958 -18.613896669194958 -18.613896669194958 -18.613896669194958 -18.613896669194958 -18.613896669194958 -18.613896669194958 -18.613896669194958 -18.613896669194958 -18.613896669194958 -18.613896669194958 -18.613896669194958 -18.613896669194958
11.231155778894472 -18.612666792856093 -18.612666792856093 -18.612666792856093 -18.612666792856093 -18.612666792856093 -18.612666792856093 -18.612666792856093 -18.612666792856093 -18.612666792856093 -18.612666792856093 -18.612666792856093 -18.612666792856093 -18.612666792856093 -18.612666792856093 -18.612666792856093 -18.612666792856093 -18.612666792856093 -18.612666792856093 -18.612666792856093 -18.612666792856093 -18.612666792856093 -18.612666792856093 -18.612666792856093 -18.612666792856093 -18.612666792856093 -18.612666792856093 -18.612666792856093 -18.612666792856093 -18.612666792856093
11.306532663316581 -18.611436916517228 -18.611436916517228 -18.611436916517228 -18.611436916517228 -18.611436916517228 -18.611436916517228 -18.611436916517228 -18.611436916517228 -18.611436916517228 -18.611436916517228 -18.611436916517228 -18.611436916517228 -18.611436916517228 -18.611436916517228 -18.611436916517228 -18.611436916517228 -18.611436916517228 -18.611436916517228 -18.611436916517228 -18.611436916517228 -18.611436916517228 -18.611436916517228 -18.611436916517228 -18.611436916517228 -18.611436916517228 -18.611436916517228 -18.611436916517228 -18.611436916517228 -18.611436916517228
11.381909547738692 -18.610207040178363 -18.610207040178363 -18.610207040178363 -18.610207040178363 -18.610207040178363 -18.610207040178363 -18.610207040178363 -18.610207040178363 -18.610207040178363 -18.610207040178363 -18.610207040178363 -18.610207040178363 -18.610207040178363 -18.610207040178363 -18.610207040178363 -18.610207040178363 -18.610207040178363 -18.610207040178363 -18.610207040178363 -18.610207040178363 -18.610207040178363 -18.610207040178363 -18.610207040178363 -18.610207040178363 -18.610207040178363 -18.610207040178363 -18.610207040178363 -18.610207040178363 -18.610207040178363
11.457286432160803 -18.608977163839498 -18.608977163839498 -18.608977163839498 -18.608977163839498 -18.608977163839498 -18.608977163839498 -18.608977163839498 -18.608977163839498 -18.608977163839498 -18.608977163839498 -18.608977163839498 -18.608977163839498 -18.608977163839498 -18.608977163839498 -18.608977163839498 -18.608977163839498 -18.608977163839498 -18.608977163839498 -18.608977163839498 -18.608977163839498 -18.608977163839498 -18.608977163839498 -18.608977163839498 -18.608977163839498 -18.608977163839498 -18.608977163839498 -18.608977163839498 -18.608977163839498 -18.608977163839498
11.532663316582914 -18.607747287500633 -18.607747287500633 -18.607747287500633 -18.607747287500633 -18.607747287500633 -18.607747287500633 -18.607747287500633 -18.607747287500633 -18.607747287500633 -18.607747287500633 -18.607747287500633 -18.607747287500633 -18.607747287500633 -18.607747287500633 -18.607747287500633 -18.607747287500633 -18.607747287500633 -18.607747287500633 -18.607747287500633 -18.607747287500633 -18.607747287500633 -18.607747287500633 -18.607747287500633 -18.607747287500633 -18.607747287500633 -18.607747287500633 -18.607747287500633 -18.607747287500633 -18.607747287500633
11.608040201005025 -18.606517411161768 -18.606517411161768 -18.606517411161768 -18.606517411161768 -18.606517411161768 -18.606517411161768 -18.606517411161768 -18.606517411161768 -18.606517411161768 -18.606517411161768 -18.606517411161768 -18.606517411161768 -18.606517411161768 -18.606517411161768 -18.606517411161768 -18.606517411161768 -18.606517411161768 -18.606517411161768 -18.606517411161768 -18.606517411161768 -18.606517411161768 -18.606517411161768 -18.606517411161768 -18.606517411161768 -18.606517411161768 -18.606517411161768 -18.606517411161768 -18.606517411161768 -18.606517411161768
11.683417085427134 -18.605287534822903 -18.605287534822903 -18.605287534822903 -18.605287534822903 -18.605287534822903 -18.605287534822903 -18.605287534822903 -18.605287534822903 -18.605287534822903 -18.605287534822903 -18.605287534822903 -18.605287534822903 -18.605287534822903 -18.605287534822903 -18.605287534822903 -18.605287534822903 -18.605287534822903 -18.605287534822903 -18.605287534822903 -18.605287534822903 -18.605287534822903 -18.605287534822903 -18.605287534822903 -18.605287534822903 -18.605287534822903 -18.605287534822903 -18.605287534822903 -18.605287534822903 -18.605287534822903
11.758793969849245 -18.60405765848404 -18.60405765848404 -18.60405765848404 -18.60405765848404 -18.60405765848404 -18.60405765848404 -18.60405765848404 -18.60405765848404 -18.60405765848404 -18.60405765848404 -18.60405765848404 -18.60405765848404 -18.60405765848404 -18.60405765848404 -18.60405765848404 -18.60405765848404 -18.60405765848404 -18.60405765848404 -18.60405765848404 -18.60405765848404 -18.60405765848404 -18.60405765848404 -18.60405765848404 -18.60405765848404 -18.60405765848404 -18.60405765848404 -18.60405765848404 -18.60405765848404 -18.60405765848404
11.834170854271356 -18.602827782145177 -18.602827782145177 -18.602827782145177 -18.602827782145177 -18.602827782145177 -18.602827782145177 -18.602827782145177 -18.602827782145177 -18.602827782145177 -18.602827782145177 -18.602827782145177 -18.602827782145177 -18.602827782145177 -18.602827782145177 -18.602827782145177 -18.602827782145177 -18.602827782145177 -18.602827782145177 -18.602827782145177 -18.602827782145177 -18.602827782145177 -18.602827782145177 -18.602827782145177 -18.602827782145177 -18.602827782145177 -18.602827782145177 -18.602827782145177 -18.602827782145177 -18.602827782145177
11.909547738693465 -18.60159790580631 -18.60159790580631 -18.60159790580631 -18.60159790580631 -18.60159790580631 -18.60159790580631 -18.60159790580631 -18.60159790580631 -18.60159790580631 -18.60159790580631 -18.60159790580631 -18.60159790580631 -18.60159790580631 -18.60159790580631 -18.60159790580631 -18.60159790580631 -18.60159790580631 -18.60159790580631 -18.60159790580631 -18.60159790580631 -18.60159790580631 -18.60159790580631 -18.60159790580631 -18.60159790580631 -18.60159790580631 -18.60159790580631 -18.60159790580631 -18.60159790580631 -18.60159790580631
11.984924623115576 -18.600368029467447 -18.600368029467447 -18.600368029467447 -18.600368029467447 -18.600368029467447 -18.600368029467447 -18.600368029467447 -18.600368029467447 -18.600368029467447 -18.600368029467447 -18.600368029467447 -18.600368029467447 -18.600368029467447 -18.600368029467447 -18.600368029467447 -18.600368029467447 -18.600368029467447 -18.600368029467447 -18.600368029467447 -18.600368029467447 -18.600368029467447 -18.600368029467447 -18.600368029467447 -18.600368029467447 -18.600368029467447 -18.600368029467447 -18.600368029467447 -18.600368029467447 -18.600368029467447
12.060301507537687 -18.59913815312858 -18.59913815312858 -18.59913815312858 -18.59913815312858 -18.59913815312858 -18.59913815312858 -18.59913815312858 -18.59913815312858 -18.59913815312858 -18.59913815312858 -18.59913815312858 -18.59913815312858 -18.59913815312858 -18.59913815312858 -18.59913815312858 -18.59913815312858 -18.59913815312858 -18.59913815312858 -18.59913815312858 -18.59913815312858 -18.59913815312858 -18.59913815312858 -18.59913815312858 -18.59913815312858 -18.59913815312858 -18.59913815312858 -18.59913815312858 -18.59913815312858 -18.59913815312858
12.135678391959798 -18.597908276789717 -18.597908276789717 -18.597908276789717 -18.597908276789717 -18.597908276789717 -18.597908276789717 -18.597908276789717 -18.597908276789717 -18.597908276789717 -18.597908276789717 -18.597908276789717 -18.597908276789717 -18.597908276789717 -18.597908276789717 -18.597908276789717 -18.597908276789717 -18.597908276789717 -18.597908276789717 -18.597908276789717 -18.597908276789717 -18.597908276789717 -18.597908276789717 -18.597908276789717 -18.597908276789717 -18.597908276789717 -18.597908276789717 -18.597908276789717 -18.597908276789717 -18.597908276789717
12.21105527638191 -18.596678400450852 -18.596678400450852 -18.596678400450852 -18.596678400450852 -18.596678400450852 -18.596678400450852 -18.596678400450852 -18.596678400450852 -18.596678400450852 -18.596678400450852 -18.596678400450852 -18.596678400450852 -18.596678400450852 -18.596678400450852 -18.596678400450852 -18.596678400450852 -18.596678400450852 -18.596678400450852 -18.596678400450852 -18.596678400450852 -18.596678400450852 -18.596678400450852 -18.596678400450852 -18.596678400450852 -18.596678400450852 -18.596678400450852 -18.596678400450852 -18.596678400450852 -18.596678400450852
