web/models/linear/75/-18_796_0_035.dat
# %ECSV 1.0
# ---
# datatype:
# - {name: time, datatype: float64}
# - {name: swift_uvot_uvw2, datatype: float64}
# - {name: swift_uvot_uvm2, datatype: float64}
# - {name: swift_uvot_uvw1, datatype: float64}
# - {name: swift_uvot_U, datatype: float64}
# - {name: swift_uvot_B, datatype: float64}
# - {name: swift_uvot_V, datatype: float64}
# - {name: swift_uvot_W, datatype: float64}
# - {name: johnson_U, datatype: float64}
# - {name: johnson_B, datatype: float64}
# - {name: johnson_V, datatype: float64}
# - {name: johnson_R, datatype: float64}
# - {name: johnson_I, datatype: float64}
# - {name: sdss_u, datatype: float64}
# - {name: sdss_g, datatype: float64}
# - {name: sdss_r, datatype: float64}
# - {name: sdss_i, datatype: float64}
# - {name: sdss_z, datatype: float64}
# - {name: PS1_g, datatype: float64}
# - {name: PS1_r, datatype: float64}
# - {name: PS1_i, datatype: float64}
# - {name: PS1_z, datatype: float64}
# - {name: PS1_Y, datatype: float64}
# - {name: PS1_w, datatype: float64}
# - {name: ATLAS_c, datatype: float64}
# - {name: ATLAS_o, datatype: float64}
# - {name: ukirt_J, datatype: float64}
# - {name: ukirt_H, datatype: float64}
# - {name: ukirt_K, datatype: float64}
# - {name: Clear, datatype: float64}
# meta: !!omap
# - comment: [M=-18.79591836734694, dM=0.035437498608938814]
# schema: astropy-2.0
time swift_uvot_uvw2 swift_uvot_uvm2 swift_uvot_uvw1 swift_uvot_U swift_uvot_B swift_uvot_V swift_uvot_W johnson_U johnson_B johnson_V johnson_R johnson_I sdss_u sdss_g sdss_r sdss_i sdss_z PS1_g PS1_r PS1_i PS1_z PS1_Y PS1_w ATLAS_c ATLAS_o ukirt_J ukirt_H ukirt_K Clear
[from data line 110]
8.29145728643216 -18.502089861292923 -18.502089861292923 -18.502089861292923 -18.502089861292923 -18.502089861292923 -18.502089861292923 -18.502089861292923 -18.502089861292923 -18.502089861292923 -18.502089861292923 -18.502089861292923 -18.502089861292923 -18.502089861292923 -18.502089861292923 -18.502089861292923 -18.502089861292923 -18.502089861292923 -18.502089861292923 -18.502089861292923 -18.502089861292923 -18.502089861292923 -18.502089861292923 -18.502089861292923 -18.502089861292923 -18.502089861292923 -18.502089861292923 -18.502089861292923 -18.502089861292923 -18.502089861292923
8.36683417085427 -18.499418693056068 -18.499418693056068 -18.499418693056068 -18.499418693056068 -18.499418693056068 -18.499418693056068 -18.499418693056068 -18.499418693056068 -18.499418693056068 -18.499418693056068 -18.499418693056068 -18.499418693056068 -18.499418693056068 -18.499418693056068 -18.499418693056068 -18.499418693056068 -18.499418693056068 -18.499418693056068 -18.499418693056068 -18.499418693056068 -18.499418693056068 -18.499418693056068 -18.499418693056068 -18.499418693056068 -18.499418693056068 -18.499418693056068 -18.499418693056068 -18.499418693056068 -18.499418693056068
8.442211055276381 -18.496747524819213 -18.496747524819213 -18.496747524819213 -18.496747524819213 -18.496747524819213 -18.496747524819213 -18.496747524819213 -18.496747524819213 -18.496747524819213 -18.496747524819213 -18.496747524819213 -18.496747524819213 -18.496747524819213 -18.496747524819213 -18.496747524819213 -18.496747524819213 -18.496747524819213 -18.496747524819213 -18.496747524819213 -18.496747524819213 -18.496747524819213 -18.496747524819213 -18.496747524819213 -18.496747524819213 -18.496747524819213 -18.496747524819213 -18.496747524819213 -18.496747524819213 -18.496747524819213
8.517587939698492 -18.494076356582358 -18.494076356582358 -18.494076356582358 -18.494076356582358 -18.494076356582358 -18.494076356582358 -18.494076356582358 -18.494076356582358 -18.494076356582358 -18.494076356582358 -18.494076356582358 -18.494076356582358 -18.494076356582358 -18.494076356582358 -18.494076356582358 -18.494076356582358 -18.494076356582358 -18.494076356582358 -18.494076356582358 -18.494076356582358 -18.494076356582358 -18.494076356582358 -18.494076356582358 -18.494076356582358 -18.494076356582358 -18.494076356582358 -18.494076356582358 -18.494076356582358 -18.494076356582358
8.592964824120603 -18.491405188345507 -18.491405188345507 -18.491405188345507 -18.491405188345507 -18.491405188345507 -18.491405188345507 -18.491405188345507 -18.491405188345507 -18.491405188345507 -18.491405188345507 -18.491405188345507 -18.491405188345507 -18.491405188345507 -18.491405188345507 -18.491405188345507 -18.491405188345507 -18.491405188345507 -18.491405188345507 -18.491405188345507 -18.491405188345507 -18.491405188345507 -18.491405188345507 -18.491405188345507 -18.491405188345507 -18.491405188345507 -18.491405188345507 -18.491405188345507 -18.491405188345507 -18.491405188345507
8.668341708542712 -18.48873402010865 -18.48873402010865 -18.48873402010865 -18.48873402010865 -18.48873402010865 -18.48873402010865 -18.48873402010865 -18.48873402010865 -18.48873402010865 -18.48873402010865 -18.48873402010865 -18.48873402010865 -18.48873402010865 -18.48873402010865 -18.48873402010865 -18.48873402010865 -18.48873402010865 -18.48873402010865 -18.48873402010865 -18.48873402010865 -18.48873402010865 -18.48873402010865 -18.48873402010865 -18.48873402010865 -18.48873402010865 -18.48873402010865 -18.48873402010865 -18.48873402010865 -18.48873402010865
8.743718592964823 -18.486062851871797 -18.486062851871797 -18.486062851871797 -18.486062851871797 -18.486062851871797 -18.486062851871797 -18.486062851871797 -18.486062851871797 -18.486062851871797 -18.486062851871797 -18.486062851871797 -18.486062851871797 -18.486062851871797 -18.486062851871797 -18.486062851871797 -18.486062851871797 -18.486062851871797 -18.486062851871797 -18.486062851871797 -18.486062851871797 -18.486062851871797 -18.486062851871797 -18.486062851871797 -18.486062851871797 -18.486062851871797 -18.486062851871797 -18.486062851871797 -18.486062851871797 -18.486062851871797
8.819095477386934 -18.48339168363494 -18.48339168363494 -18.48339168363494 -18.48339168363494 -18.48339168363494 -18.48339168363494 -18.48339168363494 -18.48339168363494 -18.48339168363494 -18.48339168363494 -18.48339168363494 -18.48339168363494 -18.48339168363494 -18.48339168363494 -18.48339168363494 -18.48339168363494 -18.48339168363494 -18.48339168363494 -18.48339168363494 -18.48339168363494 -18.48339168363494 -18.48339168363494 -18.48339168363494 -18.48339168363494 -18.48339168363494 -18.48339168363494 -18.48339168363494 -18.48339168363494 -18.48339168363494
8.894472361809044 -18.480720515398087 -18.480720515398087 -18.480720515398087 -18.480720515398087 -18.480720515398087 -18.480720515398087 -18.480720515398087 -18.480720515398087 -18.480720515398087 -18.480720515398087 -18.480720515398087 -18.480720515398087 -18.480720515398087 -18.480720515398087 -18.480720515398087 -18.480720515398087 -18.480720515398087 -18.480720515398087 -18.480720515398087 -18.480720515398087 -18.480720515398087 -18.480720515398087 -18.480720515398087 -18.480720515398087 -18.480720515398087 -18.480720515398087 -18.480720515398087 -18.480720515398087 -18.480720515398087
8.969849246231155 -18.47804934716123 -18.47804934716123 -18.47804934716123 -18.47804934716123 -18.47804934716123 -18.47804934716123 -18.47804934716123 -18.47804934716123 -18.47804934716123 -18.47804934716123 -18.47804934716123 -18.47804934716123 -18.47804934716123 -18.47804934716123 -18.47804934716123 -18.47804934716123 -18.47804934716123 -18.47804934716123 -18.47804934716123 -18.47804934716123 -18.47804934716123 -18.47804934716123 -18.47804934716123 -18.47804934716123 -18.47804934716123 -18.47804934716123 -18.47804934716123 -18.47804934716123 -18.47804934716123
9.045226130653266 -18.475378178924377 -18.475378178924377 -18.475378178924377 -18.475378178924377 -18.475378178924377 -18.475378178924377 -18.475378178924377 -18.475378178924377 -18.475378178924377 -18.475378178924377 -18.475378178924377 -18.475378178924377 -18.475378178924377 -18.475378178924377 -18.475378178924377 -18.475378178924377 -18.475378178924377 -18.475378178924377 -18.475378178924377 -18.475378178924377 -18.475378178924377 -18.475378178924377 -18.475378178924377 -18.475378178924377 -18.475378178924377 -18.475378178924377 -18.475378178924377 -18.475378178924377 -18.475378178924377
9.120603015075377 -18.47270701068752 -18.47270701068752 -18.47270701068752 -18.47270701068752 -18.47270701068752 -18.47270701068752 -18.47270701068752 -18.47270701068752 -18.47270701068752 -18.47270701068752 -18.47270701068752 -18.47270701068752 -18.47270701068752 -18.47270701068752 -18.47270701068752 -18.47270701068752 -18.47270701068752 -18.47270701068752 -18.47270701068752 -18.47270701068752 -18.47270701068752 -18.47270701068752 -18.47270701068752 -18.47270701068752 -18.47270701068752 -18.47270701068752 -18.47270701068752 -18.47270701068752 -18.47270701068752
9.195979899497488 -18.470035842450667 -18.470035842450667 -18.470035842450667 -18.470035842450667 -18.470035842450667 -18.470035842450667 -18.470035842450667 -18.470035842450667 -18.470035842450667 -18.470035842450667 -18.470035842450667 -18.470035842450667 -18.470035842450667 -18.470035842450667 -18.470035842450667 -18.470035842450667 -18.470035842450667 -18.470035842450667 -18.470035842450667 -18.470035842450667 -18.470035842450667 -18.470035842450667 -18.470035842450667 -18.470035842450667 -18.470035842450667 -18.470035842450667 -18.470035842450667 -18.470035842450667 -18.470035842450667
9.271356783919597 -18.467364674213812 -18.467364674213812 -18.467364674213812 -18.467364674213812 -18.467364674213812 -18.467364674213812 -18.467364674213812 -18.467364674213812 -18.467364674213812 -18.467364674213812 -18.467364674213812 -18.467364674213812 -18.467364674213812 -18.467364674213812 -18.467364674213812 -18.467364674213812 -18.467364674213812 -18.467364674213812 -18.467364674213812 -18.467364674213812 -18.467364674213812 -18.467364674213812 -18.467364674213812 -18.467364674213812 -18.467364674213812 -18.467364674213812 -18.467364674213812 -18.467364674213812 -18.467364674213812
9.346733668341708 -18.464693505976957 -18.464693505976957 -18.464693505976957 -18.464693505976957 -18.464693505976957 -18.464693505976957 -18.464693505976957 -18.464693505976957 -18.464693505976957 -18.464693505976957 -18.464693505976957 -18.464693505976957 -18.464693505976957 -18.464693505976957 -18.464693505976957 -18.464693505976957 -18.464693505976957 -18.464693505976957 -18.464693505976957 -18.464693505976957 -18.464693505976957 -18.464693505976957 -18.464693505976957 -18.464693505976957 -18.464693505976957 -18.464693505976957 -18.464693505976957 -18.464693505976957 -18.464693505976957
9.422110552763819 -18.462022337740102 -18.462022337740102 -18.462022337740102 -18.462022337740102 -18.462022337740102 -18.462022337740102 -18.462022337740102 -18.462022337740102 -18.462022337740102 -18.462022337740102 -18.462022337740102 -18.462022337740102 -18.462022337740102 -18.462022337740102 -18.462022337740102 -18.462022337740102 -18.462022337740102 -18.462022337740102 -18.462022337740102 -18.462022337740102 -18.462022337740102 -18.462022337740102 -18.462022337740102 -18.462022337740102 -18.462022337740102 -18.462022337740102 -18.462022337740102 -18.462022337740102 -18.462022337740102
9.497487437185928 -18.45935116950325 -18.45935116950325 -18.45935116950325 -18.45935116950325 -18.45935116950325 -18.45935116950325 -18.45935116950325 -18.45935116950325 -18.45935116950325 -18.45935116950325 -18.45935116950325 -18.45935116950325 -18.45935116950325 -18.45935116950325 -18.45935116950325 -18.45935116950325 -18.45935116950325 -18.45935116950325 -18.45935116950325 -18.45935116950325 -18.45935116950325 -18.45935116950325 -18.45935116950325 -18.45935116950325 -18.45935116950325 -18.45935116950325 -18.45935116950325 -18.45935116950325 -18.45935116950325
9.572864321608039 -18.456680001266395 -18.456680001266395 -18.456680001266395 -18.456680001266395 -18.456680001266395 -18.456680001266395 -18.456680001266395 -18.456680001266395 -18.456680001266395 -18.456680001266395 -18.456680001266395 -18.456680001266395 -18.456680001266395 -18.456680001266395 -18.456680001266395 -18.456680001266395 -18.456680001266395 -18.456680001266395 -18.456680001266395 -18.456680001266395 -18.456680001266395 -18.456680001266395 -18.456680001266395 -18.456680001266395 -18.456680001266395 -18.456680001266395 -18.456680001266395 -18.456680001266395 -18.456680001266395
9.64824120603015 -18.45400883302954 -18.45400883302954 -18.45400883302954 -18.45400883302954 -18.45400883302954 -18.45400883302954 -18.45400883302954 -18.45400883302954 -18.45400883302954 -18.45400883302954 -18.45400883302954 -18.45400883302954 -18.45400883302954 -18.45400883302954 -18.45400883302954 -18.45400883302954 -18.45400883302954 -18.45400883302954 -18.45400883302954 -18.45400883302954 -18.45400883302954 -18.45400883302954 -18.45400883302954 -18.45400883302954 -18.45400883302954 -18.45400883302954 -18.45400883302954 -18.45400883302954 -18.45400883302954
9.72361809045226 -18.451337664792685 -18.451337664792685 -18.451337664792685 -18.451337664792685 -18.451337664792685 -18.451337664792685 -18.451337664792685 -18.451337664792685 -18.451337664792685 -18.451337664792685 -18.451337664792685 -18.451337664792685 -18.451337664792685 -18.451337664792685 -18.451337664792685 -18.451337664792685 -18.451337664792685 -18.451337664792685 -18.451337664792685 -18.451337664792685 -18.451337664792685 -18.451337664792685 -18.451337664792685 -18.451337664792685 -18.451337664792685 -18.451337664792685 -18.451337664792685 -18.451337664792685 -18.451337664792685
9.798994974874372 -18.44866649655583 -18.44866649655583 -18.44866649655583 -18.44866649655583 -18.44866649655583 -18.44866649655583 -18.44866649655583 -18.44866649655583 -18.44866649655583 -18.44866649655583 -18.44866649655583 -18.44866649655583 -18.44866649655583 -18.44866649655583 -18.44866649655583 -18.44866649655583 -18.44866649655583 -18.44866649655583 -18.44866649655583 -18.44866649655583 -18.44866649655583 -18.44866649655583 -18.44866649655583 -18.44866649655583 -18.44866649655583 -18.44866649655583 -18.44866649655583 -18.44866649655583 -18.44866649655583
9.874371859296481 -18.445995328318975 -18.445995328318975 -18.445995328318975 -18.445995328318975 -18.445995328318975 -18.445995328318975 -18.445995328318975 -18.445995328318975 -18.445995328318975 -18.445995328318975 -18.445995328318975 -18.445995328318975 -18.445995328318975 -18.445995328318975 -18.445995328318975 -18.445995328318975 -18.445995328318975 -18.445995328318975 -18.445995328318975 -18.445995328318975 -18.445995328318975 -18.445995328318975 -18.445995328318975 -18.445995328318975 -18.445995328318975 -18.445995328318975 -18.445995328318975 -18.445995328318975 -18.445995328318975
9.949748743718592 -18.44332416008212 -18.44332416008212 -18.44332416008212 -18.44332416008212 -18.44332416008212 -18.44332416008212 -18.44332416008212 -18.44332416008212 -18.44332416008212 -18.44332416008212 -18.44332416008212 -18.44332416008212 -18.44332416008212 -18.44332416008212 -18.44332416008212 -18.44332416008212 -18.44332416008212 -18.44332416008212 -18.44332416008212 -18.44332416008212 -18.44332416008212 -18.44332416008212 -18.44332416008212 -18.44332416008212 -18.44332416008212 -18.44332416008212 -18.44332416008212 -18.44332416008212 -18.44332416008212
10.025125628140703 -18.440652991845266 -18.440652991845266 -18.440652991845266 -18.440652991845266 -18.440652991845266 -18.440652991845266 -18.440652991845266 -18.440652991845266 -18.440652991845266 -18.440652991845266 -18.440652991845266 -18.440652991845266 -18.440652991845266 -18.440652991845266 -18.440652991845266 -18.440652991845266 -18.440652991845266 -18.440652991845266 -18.440652991845266 -18.440652991845266 -18.440652991845266 -18.440652991845266 -18.440652991845266 -18.440652991845266 -18.440652991845266 -18.440652991845266 -18.440652991845266 -18.440652991845266 -18.440652991845266
10.100502512562812 -18.43798182360841 -18.43798182360841 -18.43798182360841 -18.43798182360841 -18.43798182360841 -18.43798182360841 -18.43798182360841 -18.43798182360841 -18.43798182360841 -18.43798182360841 -18.43798182360841 -18.43798182360841 -18.43798182360841 -18.43798182360841 -18.43798182360841 -18.43798182360841 -18.43798182360841 -18.43798182360841 -18.43798182360841 -18.43798182360841 -18.43798182360841 -18.43798182360841 -18.43798182360841 -18.43798182360841 -18.43798182360841 -18.43798182360841 -18.43798182360841 -18.43798182360841 -18.43798182360841
10.175879396984923 -18.435310655371556 -18.435310655371556 -18.435310655371556 -18.435310655371556 -18.435310655371556 -18.435310655371556 -18.435310655371556 -18.435310655371556 -18.435310655371556 -18.435310655371556 -18.435310655371556 -18.435310655371556 -18.435310655371556 -18.435310655371556 -18.435310655371556 -18.435310655371556 -18.435310655371556 -18.435310655371556 -18.435310655371556 -18.435310655371556 -18.435310655371556 -18.435310655371556 -18.435310655371556 -18.435310655371556 -18.435310655371556 -18.435310655371556 -18.435310655371556 -18.435310655371556 -18.435310655371556
