web/models/kne.last_good/6/villar_0.0275_0.0927_10.0000.dat
# %ECSV 1.0
# ---
# datatype:
# - {name: time, datatype: float64}
# - {name: swift_uvot_uvw2, datatype: float64}
# - {name: swift_uvot_uvm2, datatype: float64}
# - {name: swift_uvot_uvw1, datatype: float64}
# - {name: swift_uvot_U, datatype: float64}
# - {name: swift_uvot_B, datatype: float64}
# - {name: swift_uvot_V, datatype: float64}
# - {name: swift_uvot_W, datatype: float64}
# - {name: johnson_U, datatype: float64}
# - {name: johnson_B, datatype: float64}
# - {name: johnson_V, datatype: float64}
# - {name: johnson_R, datatype: float64}
# - {name: johnson_I, datatype: float64}
# - {name: sdss_u, datatype: float64}
# - {name: sdss_g, datatype: float64}
# - {name: sdss_r, datatype: float64}
# - {name: sdss_i, datatype: float64}
# - {name: sdss_z, datatype: float64}
# - {name: PS1_g, datatype: float64}
# - {name: PS1_r, datatype: float64}
# - {name: PS1_i, datatype: float64}
# - {name: PS1_z, datatype: float64}
# - {name: PS1_Y, datatype: float64}
# - {name: PS1_w, datatype: float64}
# - {name: ATLAS_c, datatype: float64}
# - {name: ATLAS_o, datatype: float64}
# - {name: ukirt_J, datatype: float64}
# - {name: ukirt_H, datatype: float64}
# - {name: ukirt_K, datatype: float64}
# - {name: Clear, datatype: float64}
# meta: !!omap
# - comment: [kappa = 10.0, type = villar, mass = 0.027507471329904786, velocity = 0.09266666666666673, theta_obs = 0.0, tfloor = 2500.0]
# schema: astropy-2.0
time swift_uvot_uvw2 swift_uvot_uvm2 swift_uvot_uvw1 swift_uvot_U swift_uvot_B swift_uvot_V swift_uvot_W johnson_U johnson_B johnson_V johnson_R johnson_I sdss_u sdss_g sdss_r sdss_i sdss_z PS1_g PS1_r PS1_i PS1_z PS1_Y PS1_w ATLAS_c ATLAS_o ukirt_J ukirt_H ukirt_K Clear
[from data line 208]
0.49155 -15.697 -15.73 -15.728 -15.637 -15.438 -15.173 -15.608 -15.611 -15.434 -15.164 -14.854 -14.475 -15.618 -15.355 -14.998 -14.707 -14.419 -15.339 -15.017 -14.729 -14.523 -14.459 -15.03 -15.217 -14.877 -13.817 -13.311 -12.712 -15.082
0.506416 -15.658 -15.702 -15.708 -15.636 -15.446 -15.188 -15.593 -15.612 -15.442 -15.179 -14.874 -14.499 -15.618 -15.365 -15.016 -14.729 -14.443 -15.35 -15.034 -14.75 -14.545 -14.478 -15.046 -15.23 -14.897 -13.846 -13.341 -12.745 -15.096
0.521733 -15.617 -15.672 -15.686 -15.634 -15.453 -15.202 -15.577 -15.611 -15.449 -15.193 -14.893 -14.522 -15.617 -15.375 -15.033 -14.75 -14.467 -15.359 -15.051 -14.77 -14.566 -14.497 -15.062 -15.242 -14.915 -13.874 -13.371 -12.777 -15.11
0.537512 -15.573 -15.639 -15.663 -15.63 -15.459 -15.215 -15.559 -15.609 -15.455 -15.206 -14.911 -14.545 -15.615 -15.383 -15.05 -14.77 -14.491 -15.368 -15.067 -14.789 -14.588 -14.517 -15.076 -15.254 -14.934 -13.902 -13.402 -12.809 -15.123
0.553769 -15.527 -15.605 -15.638 -15.625 -15.464 -15.228 -15.539 -15.605 -15.46 -15.219 -14.929 -14.568 -15.611 -15.391 -15.066 -14.791 -14.514 -15.376 -15.082 -14.809 -14.608 -14.536 -15.09 -15.265 -14.951 -13.929 -13.432 -12.841 -15.136
0.570517 -15.479 -15.568 -15.611 -15.618 -15.468 -15.24 -15.518 -15.601 -15.464 -15.231 -14.947 -14.59 -15.606 -15.398 -15.081 -14.81 -14.537 -15.384 -15.096 -14.827 -14.629 -14.554 -15.104 -15.275 -14.968 -13.957 -13.461 -12.873 -15.147
0.587772 -15.429 -15.529 -15.582 -15.61 -15.47 -15.251 -15.496 -15.595 -15.467 -15.242 -14.963 -14.611 -15.6 -15.403 -15.095 -14.829 -14.559 -15.39 -15.11 -14.846 -14.649 -14.573 -15.116 -15.285 -14.984 -13.984 -13.491 -12.904 -15.158
0.605549 -15.375 -15.487 -15.551 -15.601 -15.472 -15.261 -15.472 -15.587 -15.469 -15.252 -14.979 -14.632 -15.592 -15.408 -15.109 -14.848 -14.581 -15.395 -15.124 -14.863 -14.669 -14.591 -15.128 -15.293 -15.0 -14.01 -13.52 -12.936 -15.168
0.623863 -15.319 -15.442 -15.517 -15.59 -15.473 -15.27 -15.447 -15.578 -15.47 -15.262 -14.995 -14.653 -15.583 -15.412 -15.122 -14.866 -14.603 -15.4 -15.136 -14.88 -14.688 -14.61 -15.139 -15.3 -15.015 -14.037 -13.549 -12.967 -15.178
0.642731 -15.261 -15.395 -15.482 -15.578 -15.472 -15.278 -15.42 -15.568 -15.469 -15.27 -15.009 -14.673 -15.572 -15.414 -15.135 -14.883 -14.623 -15.403 -15.148 -14.897 -14.707 -14.627 -15.15 -15.307 -15.029 -14.063 -13.578 -12.998 -15.186
0.66217 -15.199 -15.346 -15.444 -15.563 -15.47 -15.286 -15.392 -15.556 -15.467 -15.278 -15.023 -14.693 -15.56 -15.415 -15.146 -14.9 -14.644 -15.405 -15.159 -14.913 -14.725 -14.645 -15.159 -15.312 -15.043 -14.088 -13.606 -13.029 -15.193
0.682197 -15.135 -15.293 -15.404 -15.548 -15.467 -15.292 -15.362 -15.542 -15.464 -15.284 -15.037 -14.712 -15.546 -15.416 -15.157 -14.916 -14.664 -15.407 -15.169 -14.928 -14.743 -14.662 -15.167 -15.317 -15.056 -14.114 -13.635 -13.06 -15.2
0.70283 -15.068 -15.238 -15.361 -15.53 -15.463 -15.298 -15.33 -15.527 -15.46 -15.29 -15.049 -14.73 -15.53 -15.415 -15.167 -14.931 -14.683 -15.407 -15.178 -14.943 -14.76 -14.679 -15.175 -15.32 -15.068 -14.138 -13.663 -13.09 -15.206
0.724086 -14.997 -15.179 -15.316 -15.51 -15.457 -15.302 -15.297 -15.51 -15.454 -15.294 -15.061 -14.748 -15.513 -15.412 -15.175 -14.946 -14.702 -15.405 -15.187 -14.957 -14.777 -14.696 -15.182 -15.323 -15.079 -14.163 -13.69 -13.12 -15.21
0.745986 -14.924 -15.118 -15.269 -15.489 -15.45 -15.305 -15.263 -15.491 -15.447 -15.298 -15.071 -14.765 -15.493 -15.409 -15.183 -14.959 -14.72 -15.403 -15.194 -14.971 -14.793 -14.712 -15.188 -15.324 -15.089 -14.187 -13.718 -13.15 -15.214
0.768548 -14.847 -15.053 -15.219 -15.466 -15.441 -15.307 -15.226 -15.47 -15.438 -15.3 -15.081 -14.782 -15.472 -15.404 -15.19 -14.972 -14.737 -15.399 -15.201 -14.983 -14.809 -14.728 -15.192 -15.324 -15.099 -14.211 -13.745 -13.18 -15.217
0.791792 -14.767 -14.985 -15.166 -15.44 -15.431 -15.309 -15.188 -15.448 -15.428 -15.302 -15.09 -14.798 -15.449 -15.398 -15.196 -14.985 -14.754 -15.394 -15.207 -14.995 -14.824 -14.744 -15.196 -15.323 -15.107 -14.234 -13.771 -13.21 -15.218
0.815739 -14.684 -14.914 -15.111 -15.413 -15.419 -15.308 -15.149 -15.423 -15.416 -15.302 -15.099 -14.813 -15.424 -15.39 -15.201 -14.996 -14.77 -15.388 -15.211 -15.006 -14.839 -14.759 -15.199 -15.32 -15.115 -14.257 -13.798 -13.239 -15.219
0.840411 -14.597 -14.839 -15.052 -15.383 -15.406 -15.307 -15.107 -15.396 -15.403 -15.3 -15.106 -14.827 -15.397 -15.381 -15.205 -15.007 -14.786 -15.38 -15.215 -15.017 -14.853 -14.773 -15.2 -15.317 -15.122 -14.279 -13.824 -13.268 -15.218
0.865828 -14.507 -14.761 -14.991 -15.352 -15.39 -15.304 -15.064 -15.367 -15.388 -15.298 -15.112 -14.841 -15.367 -15.37 -15.208 -15.017 -14.801 -15.371 -15.218 -15.026 -14.866 -14.787 -15.201 -15.312 -15.127 -14.301 -13.85 -13.297 -15.217
0.892015 -14.413 -14.679 -14.927 -15.318 -15.373 -15.3 -15.019 -15.336 -15.371 -15.294 -15.117 -14.854 -15.335 -15.357 -15.21 -15.026 -14.815 -15.36 -15.219 -15.035 -14.878 -14.8 -15.2 -15.305 -15.132 -14.323 -13.875 -13.326 -15.214
0.918993 -14.316 -14.593 -14.859 -15.281 -15.355 -15.295 -14.972 -15.303 -15.352 -15.289 -15.122 -14.866 -15.301 -15.343 -15.211 -15.034 -14.828 -15.348 -15.219 -15.043 -14.89 -14.813 -15.198 -15.297 -15.136 -14.344 -13.9 -13.354 -15.209
0.946787 -14.214 -14.503 -14.789 -15.242 -15.334 -15.288 -14.924 -15.267 -15.332 -15.282 -15.125 -14.878 -15.265 -15.328 -15.21 -15.041 -14.841 -15.334 -15.219 -15.049 -14.901 -14.826 -15.195 -15.288 -15.138 -14.364 -13.925 -13.382 -15.204
0.975422 -14.109 -14.41 -14.715 -15.2 -15.311 -15.28 -14.874 -15.229 -15.31 -15.274 -15.127 -14.888 -15.226 -15.31 -15.208 -15.047 -14.852 -15.318 -15.216 -15.055 -14.911 -14.837 -15.191 -15.277 -15.139 -14.384 -13.949 -13.41 -15.197
1.004923 -14.0 -14.312 -14.638 -15.156 -15.287 -15.27 -14.821 -15.188 -15.285 -15.265 -15.127 -14.898 -15.184 -15.291 -15.205 -15.052 -14.863 -15.301 -15.213 -15.06 -14.921 -14.849 -15.185 -15.265 -15.14 -14.403 -13.973 -13.437 -15.189
1.035317 -13.888 -14.21 -14.557 -15.109 -15.26 -15.258 -14.768 -15.145 -15.259 -15.253 -15.127 -14.907 -15.14 -15.269 -15.2 -15.056 -14.874 -15.282 -15.208 -15.064 -14.929 -14.859 -15.178 -15.251 -15.139 -14.422 -13.996 -13.465 -15.18
1.066629 -13.771 -14.103 -14.473 -15.06 -15.231 -15.245 -14.712 -15.098 -15.23 -15.241 -15.126 -14.915 -15.093 -15.246 -15.194 -15.059 -14.883 -15.26 -15.202 -15.067 -14.937 -14.869 -15.169 -15.235 -15.136 -14.44 -14.019 -13.491 -15.169
1.098888 -13.65 -13.992 -14.385 -15.007 -15.2 -15.23 -14.654 -15.05 -15.199 -15.226 -15.123 -14.922 -15.044 -15.221 -15.186 -15.061 -14.891 -15.237 -15.194 -15.068 -14.944 -14.878 -15.159 -15.217 -15.133 -14.458 -14.042 -13.518 -15.157
1.132124 -13.524 -13.876 -14.294 -14.951 -15.167 -15.214 -14.594 -14.998 -15.166 -15.21 -15.118 -14.928 -14.991 -15.194 -15.177 -15.061 -14.898 -15.212 -15.185 -15.069 -14.95 -14.886 -15.148 -15.198 -15.128 -14.475 -14.064 -13.544 -15.143
1.166364 -13.395 -13.756 -14.199 -14.892 -15.131 -15.195 -14.533 -14.943 -15.13 -15.192 -15.113 -14.933 -14.935 -15.164 -15.167 -15.06 -14.905 -15.185 -15.175 -15.068 -14.955 -14.893 -15.135 -15.177 -15.121 -14.491 -14.086 -13.57 -15.128
1.20164 -13.262 -13.63 -14.099 -14.83 -15.092 -15.175 -14.469 -14.885 -15.092 -15.172 -15.106 -14.937 -14.876 -15.132 -15.155 -15.058 -14.91 -15.156 -15.163 -15.066 -14.958 -14.9 -15.121 -15.154 -15.113 -14.507 -14.107 -13.596 -15.111
1.237983 -13.124 -13.5 -13.996 -14.765 -15.052 -15.152 -14.404 -14.824 -15.051 -15.15 -15.097 -14.939 -14.814 -15.098 -15.141 -15.055 -14.914 -15.125 -15.149 -15.063 -14.961 -14.906 -15.104 -15.129 -15.104 -14.522 -14.127 -13.621 -15.092
1.275425 -12.982 -13.364 -13.889 -14.696 -15.008 -15.128 -14.336 -14.76 -15.008 -15.126 -15.087 -14.941 -14.749 -15.061 -15.125 -15.05 -14.918 -15.091 -15.133 -15.058 -14.963 -14.91 -15.087 -15.101 -15.093 -14.536 -14.147 -13.646 -15.072
1.313999 -12.836 -13.223 -13.777 -14.624 -14.962 -15.101 -14.266 -14.692 -14.962 -15.1 -15.076 -14.941 -14.68 -15.022 -15.108 -15.044 -14.92 -15.055 -15.116 -15.052 -14.963 -14.914 -15.067 -15.072 -15.081 -14.55 -14.167 -13.67 -15.05
1.35374 -12.685 -13.076 -13.661 -14.548 -14.913 -15.073 -14.194 -14.621 -14.914 -15.072 -15.062 -14.941 -14.607 -14.981 -15.089 -15.037 -14.921 -15.016 -15.097 -15.045 -14.963 -14.917 -15.046 -15.041 -15.067 -14.563 -14.186 -13.695 -15.027
1.394683 -12.531 -12.924 -13.541 -14.468 -14.86 -15.042 -14.121 -14.546 -14.862 -15.041 -15.048 -14.939 -14.531 -14.937 -15.067 -15.028 -14.92 -14.975 -15.075 -15.036 -14.961 -14.919 -15.022 -15.007 -15.051 -14.575 -14.205 -13.718 -15.001
1.436864 -12.372 -12.766 -13.416 -14.385 -14.805 -15.008 -14.044 -14.468 -14.807 -15.009 -15.031 -14.935 -14.451 -14.89 -15.044 -15.017 -14.919 -14.931 -15.052 -15.026 -14.957 -14.92 -14.997 -14.971 -15.033 -14.586 -14.223 -13.742 -14.974
1.480321 -12.209 -12.602 -13.287 -14.297 -14.747 -14.973 -13.966 -14.385 -14.75 -14.974 -15.012 -14.931 -14.367 -14.84 -15.019 -15.005 -14.916 -14.885 -15.027 -15.013 -14.953 -14.919 -14.97 -14.932 -15.014 -14.596 -14.24 -13.765 -14.945
1.525092 -12.043 -12.432 -13.153 -14.205 -14.686 -14.934 -13.886 -14.299 -14.689 -14.936 -14.992 -14.925 -14.279 -14.787 -14.991 -14.991 -14.912 -14.836 -15.0 -15.0 -14.947 -14.918 -14.941 -14.891 -14.992 -14.605 -14.257 -13.787 -14.914
1.571218 -11.873 -12.255 -13.014 -14.109 -14.621 -14.894 -13.803 -14.208 -14.624 -14.896 -14.97 -14.917 -14.187 -14.731 -14.962 -14.975 -14.906 -14.784 -14.971 -14.984 -14.94 -14.915 -14.91 -14.847 -14.969 -14.614 -14.273 -13.809 -14.881
1.618738 -11.7 -12.072 -12.87 -14.009 -14.553 -14.85 -13.717 -14.113 -14.557 -14.853 -14.945 -14.908 -14.09 -14.672 -14.93 -14.958 -14.899 -14.728 -14.939 -14.967 -14.931 -14.912 -14.877 -14.801 -14.943 -14.622 -14.288 -13.831 -14.846
1.667696 -11.523 -11.883 -12.721 -13.904 -14.481 -14.804 -13.63 -14.014 -14.485 -14.807 -14.919 -14.897 -13.989 -14.61 -14.895 -14.938 -14.89 -14.67 -14.905 -14.948 -14.921 -14.906 -14.841 -14.752 -14.916 -14.628 -14.303 -13.852 -14.809
1.718134 -11.344 -11.686 -12.568 -13.794 -14.405 -14.754 -13.54 -13.911 -14.411 -14.759 -14.891 -14.885 -13.884 -14.544 -14.859 -14.917 -14.88 -14.609 -14.868 -14.927 -14.909 -14.9 -14.804 -14.7 -14.886 -14.634 -14.317 -13.873 -14.769
1.770098 -11.163 -11.483 -12.409 -13.68 -14.326 -14.702 -13.447 -13.802 -14.332 -14.708 -14.86 -14.871 -13.773 -14.475 -14.819 -14.894 -14.869 -14.545 -14.83 -14.904 -14.895 -14.892 -14.764 -14.645 -14.854 -14.639 -14.33 -13.893 -14.728
1.823633 -10.98 -11.272 -12.244 -13.56 -14.243 -14.647 -13.352 -13.689 -14.25 -14.653 -14.827 -14.856 -13.658 -14.403 -14.777 -14.868 -14.855 -14.477 -14.788 -14.879 -14.88 -14.883 -14.721 -14.587 -14.82 -14.642 -14.343 -13.913 -14.685
1.878788 -10.797 -11.054 -12.075 -13.436 -14.156 -14.588 -13.254 -13.571 -14.163 -14.596 -14.792 -14.838 -13.538 -14.327 -14.733 -14.841 -14.84 -14.405 -14.744 -14.852 -14.863 -14.872 -14.676 -14.527 -14.783 -14.645 -14.354 -13.932 -14.639
1.93561 -10.613 -10.828 -11.9 -13.306 -14.064 -14.526 -13.153 -13.448 -14.073 -14.535 -14.754 -14.819 -13.413 -14.247 -14.685 -14.811 -14.823 -14.33 -14.697 -14.823 -14.844 -14.86 -14.629 -14.462 -14.744 -14.646 -14.365 -13.95 -14.591
1.994152 -10.43 -10.595 -11.719 -13.171 -13.969 -14.461 -13.05 -13.32 -13.978 -14.471 -14.714 -14.798 -13.282 -14.163 -14.635 -14.779 -14.805 -14.252 -14.647 -14.791 -14.823 -14.846 -14.579 -14.395 -14.702 -14.646 -14.376 -13.969 -14.54
2.054463 -10.25 -10.354 -11.534 -13.03 -13.868 -14.392 -12.944 -13.187 -13.879 -14.403 -14.671 -14.775 -13.146 -14.075 -14.581 -14.744 -14.784 -14.17 -14.594 -14.757 -14.801 -14.83 -14.527 -14.324 -14.658 -14.645 -14.385 -13.986 -14.488
2.116599 -10.072 -10.104 -11.342 -12.883 -13.764 -14.32 -12.835 -13.048 -13.776 -14.332 -14.625 -14.75 -13.004 -13.983 -14.525 -14.707 -14.761 -14.084 -14.538 -14.721 -14.776 -14.813 -14.471 -14.25 -14.611 -14.643 -14.393 -14.003 -14.432
2.180614 -9.899 -9.847 -11.145 -12.731 -13.655 -14.244 -12.724 -12.903 -13.668 -14.258 -14.577 -14.723 -12.856 -13.887 -14.465 -14.668 -14.737 -13.994 -14.48 -14.682 -14.749 -14.794 -14.413 -14.172 -14.561 -14.639 -14.401 -14.02 -14.375
2.246566 -9.731 -9.581 -10.943 -12.572 -13.54 -14.164 -12.609 -12.752 -13.555 -14.179 -14.526 -14.694 -12.702 -13.786 -14.402 -14.626 -14.71 -13.9 -14.417 -14.641 -14.72 -14.773 -14.352 -14.091 -14.508 -14.634 -14.408 -14.035 -14.315
2.314511 -9.571 -9.306 -10.734 -12.408 -13.421 -14.08 -12.491 -12.596 -13.437 -14.097 -14.472 -14.662 -12.542 -13.681 -14.335 -14.581 -14.681 -13.801 -14.352 -14.597 -14.689 -14.75 -14.288 -14.006 -14.453 -14.628 -14.413 -14.051 -14.252
2.384512 -9.418 -9.022 -10.521 -12.237 -13.297 -13.992 -12.37 -12.433 -13.315 -14.01 -14.415 -14.628 -12.376 -13.572 -14.265 -14.533 -14.65 -13.699 -14.283 -14.55 -14.656 -14.726 -14.222 -13.917 -14.394 -14.62 -14.418 -14.065 -14.187
2.45663 -9.274 -8.73 -10.301 -12.059 -13.168 -13.9 -12.246 -12.264 -13.187 -13.92 -14.355 -14.592 -12.203 -13.457 -14.192 -14.483 -14.616 -13.592 -14.211 -14.5 -14.62 -14.699 -14.152 -13.824 -14.332 -14.611 -14.422 -14.079 -14.12
2.530929 -9.141 -8.429 -10.076 -11.875 -13.033 -13.803 -12.118 -12.088 -13.054 -13.825 -14.292 -14.554 -12.024 -13.338 -14.114 -14.429 -14.581 -13.481 -14.135 -14.448 -14.581 -14.67 -14.079 -13.727 -14.267 -14.6 -14.424 -14.092 -14.049
2.607475 -9.017 -8.118 -9.846 -11.683 -12.892 -13.702 -11.987 -11.906 -12.915 -13.726 -14.225 -14.512 -11.838 -13.214 -14.033 -14.372 -14.542 -13.365 -14.055 -14.392 -14.541 -14.639 -14.002 -13.625 -14.198 -14.588 -14.426 -14.105 -13.977
2.686337 -8.904 -7.799 -9.61 -11.485 -12.746 -13.597 -11.853 -11.716 -12.771 -13.622 -14.155 -14.469 -11.644 -13.084 -13.948 -14.313 -14.501 -13.245 -13.971 -14.333 -14.497 -14.606 -13.923 -13.52 -14.126 -14.574 -14.426 -14.117 -13.901
2.767583 -8.801 -7.471 -9.369 -11.279 -12.594 -13.486 -11.715 -11.52 -12.622 -13.514 -14.082 -14.422 -11.443 -12.949 -13.859 -14.25 -14.458 -13.121 -13.884 -14.271 -14.451 -14.571 -13.84 -13.41 -14.051 -14.558 -14.426 -14.128 -13.823
2.851287 -8.707 -7.135 -9.123 -11.065 -12.437 -13.371 -11.574 -11.317 -12.466 -13.401 -14.005 -14.373 -11.235 -12.809 -13.765 -14.183 -14.412 -12.991 -13.792 -14.206 -14.402 -14.533 -13.753 -13.295 -13.972 -14.541 -14.424 -14.138 -13.742
2.937522 -8.623 -6.79 -8.872 -10.844 -12.272 -13.251 -11.429 -11.106 -12.305 -13.283 -13.925 -14.321 -11.02 -12.663 -13.668 -14.113 -14.363 -12.857 -13.697 -14.138 -14.35 -14.493 -13.664 -13.176 -13.889 -14.521 -14.421 -14.148 -13.659
3.026365 -8.546 -6.439 -8.616 -10.616 -12.102 -13.125 -11.281 -10.887 -12.137 -13.161 -13.84 -14.267 -10.796 -12.512 -13.566 -14.04 -14.311 -12.718 -13.597 -14.066 -14.295 -14.45 -13.57 -13.053 -13.803 -14.5 -14.417 -14.157 -13.573
3.117896 -8.477 -6.082 -8.354 -10.378 -11.925 -12.994 -11.129 -10.661 -11.963 -13.033 -13.752 -14.209 -10.564 -12.355 -13.459 -13.963 -14.256 -12.575 -13.493 -13.99 -14.238 -14.405 -13.473 -12.924 -13.712 -14.478 -14.411 -14.165 -13.485
3.212194 -8.414 -5.721 -8.089 -10.133 -11.742 -12.858 -10.973 -10.426 -11.783 -12.9 -13.66 -14.148 -10.324 -12.191 -13.348 -13.882 -14.198 -12.427 -13.384 -13.911 -14.177 -14.357 -13.372 -12.791 -13.618 -14.453 -14.404 -14.173 -13.394
3.309345 -8.356 -5.36 -7.818 -9.879 -11.551 -12.716 -10.813 -10.183 -11.596 -12.761 -13.565 -14.084 -10.076 -12.022 -13.231 -13.797 -14.138 -12.274 -13.272 -13.828 -14.113 -14.307 -13.267 -12.652 -13.52 -14.426 -14.396 -14.179 -13.301
3.409434 -8.303 -5.001 -7.544 -9.617 -11.354 -12.569 -10.65 -9.932 -11.403 -12.617 -13.465 -14.017 -9.819 -11.846 -13.11 -13.709 -14.073 -12.117 -13.154 -13.741 -14.045 -14.253 -13.158 -12.509 -13.417 -14.397 -14.387 -14.185 -13.205
