web/models/grb/onaxis/13/grb_0.0000_0.1389_0.0251189.dat
# %ECSV 1.0
# ---
# datatype:
# - {name: time, datatype: float64}
# - {name: swift_uvot_uvw2, datatype: float64}
# - {name: swift_uvot_uvm2, datatype: float64}
# - {name: swift_uvot_uvw1, datatype: float64}
# - {name: swift_uvot_U, datatype: float64}
# - {name: swift_uvot_B, datatype: float64}
# - {name: swift_uvot_V, datatype: float64}
# - {name: swift_uvot_W, datatype: float64}
# - {name: johnson_U, datatype: float64}
# - {name: johnson_B, datatype: float64}
# - {name: johnson_V, datatype: float64}
# - {name: johnson_R, datatype: float64}
# - {name: johnson_I, datatype: float64}
# - {name: sdss_u, datatype: float64}
# - {name: sdss_g, datatype: float64}
# - {name: sdss_r, datatype: float64}
# - {name: sdss_i, datatype: float64}
# - {name: sdss_z, datatype: float64}
# - {name: PS1_g, datatype: float64}
# - {name: PS1_r, datatype: float64}
# - {name: PS1_i, datatype: float64}
# - {name: PS1_z, datatype: float64}
# - {name: PS1_Y, datatype: float64}
# - {name: PS1_w, datatype: float64}
# - {name: ATLAS_c, datatype: float64}
# - {name: ATLAS_o, datatype: float64}
# - {name: ukirt_J, datatype: float64}
# - {name: ukirt_H, datatype: float64}
# - {name: ukirt_K, datatype: float64}
# - {name: Clear, datatype: float64}
# meta: !!omap
# - comment: [E = 6.029923955985727e-05, Eta0 = 8.02, GammaB = 12.0, dL = 0.012188, epsb = 6.760829753919819e-06, epse = 0.1, n = 0.025118864315095822,
#     p = 2.15, theta_obs = 0.0, xiN = 1.0, z = 0.0, type = grb, E_kiso = 0.13894954943731375]
# schema: astropy-2.0
time swift_uvot_uvw2 swift_uvot_uvm2 swift_uvot_uvw1 swift_uvot_U swift_uvot_B swift_uvot_V swift_uvot_W johnson_U johnson_B johnson_V johnson_R johnson_I sdss_u sdss_g sdss_r sdss_i sdss_z PS1_g PS1_r PS1_i PS1_z PS1_Y PS1_w ATLAS_c ATLAS_o ukirt_J ukirt_H ukirt_K Clear
[from data line 494]
1300.1042 49.166 49.215 49.14 48.948 48.805 48.666 49.027 48.925 48.803 48.661 48.52 48.372 48.93 48.758 48.586 48.465 48.354 48.694 48.551 48.431 48.332 48.164 48.588 48.683 48.53 48.142 47.973 47.783 48.498
1331.4668 49.501 49.55 49.475 49.282 49.14 49.001 49.362 49.26 49.138 48.996 48.855 48.707 49.265 49.092 48.921 48.8 48.689 49.029 48.886 48.766 48.667 48.499 48.923 49.018 48.865 48.477 48.308 48.118 48.833
1363.586 49.836 49.885 49.81 49.617 49.475 49.336 49.696 49.595 49.472 49.33 49.19 49.041 49.6 49.427 49.255 49.135 49.024 49.363 49.221 49.101 49.002 48.834 49.258 49.353 49.2 48.812 48.643 48.452 49.167
1396.48 50.17 50.22 50.145 49.952 49.81 49.67 50.031 49.93 49.807 49.665 49.525 49.376 49.935 49.762 49.59 49.47 49.359 49.698 49.556 49.436 49.337 49.169 49.592 49.688 49.535 49.147 48.978 48.787 49.502
1430.1675 50.505 50.555 50.48 50.287 50.144 50.005 50.366 50.264 50.142 50.0 49.86 49.711 50.269 50.097 49.925 49.804 49.694 50.033 49.891 49.771 49.672 49.503 49.927 50.022 49.87 49.482 49.312 49.122 49.837
1464.6676 50.84 50.889 50.815 50.622 50.479 50.34 50.701 50.599 50.477 50.335 50.194 50.046 50.604 50.432 50.26 50.139 50.029 50.368 50.225 50.106 50.007 49.838 50.262 50.357 50.205 49.817 49.647 49.457 50.172
1500.0 51.175 51.224 51.149 50.956 50.814 50.675 51.036 50.934 50.812 50.67 50.529 50.381 50.939 50.767 50.595 50.474 50.363 50.703 50.56 50.44 50.341 50.173 50.597 50.692 50.539 50.151 49.982 49.792 50.507
