web/models/grb/onaxis/13/grb_0.0000_0.5179_1.5848932.dat
# %ECSV 1.0
# ---
# datatype:
# - {name: time, datatype: float64}
# - {name: swift_uvot_uvw2, datatype: float64}
# - {name: swift_uvot_uvm2, datatype: float64}
# - {name: swift_uvot_uvw1, datatype: float64}
# - {name: swift_uvot_U, datatype: float64}
# - {name: swift_uvot_B, datatype: float64}
# - {name: swift_uvot_V, datatype: float64}
# - {name: swift_uvot_W, datatype: float64}
# - {name: johnson_U, datatype: float64}
# - {name: johnson_B, datatype: float64}
# - {name: johnson_V, datatype: float64}
# - {name: johnson_R, datatype: float64}
# - {name: johnson_I, datatype: float64}
# - {name: sdss_u, datatype: float64}
# - {name: sdss_g, datatype: float64}
# - {name: sdss_r, datatype: float64}
# - {name: sdss_i, datatype: float64}
# - {name: sdss_z, datatype: float64}
# - {name: PS1_g, datatype: float64}
# - {name: PS1_r, datatype: float64}
# - {name: PS1_i, datatype: float64}
# - {name: PS1_z, datatype: float64}
# - {name: PS1_Y, datatype: float64}
# - {name: ukirt_J, datatype: float64}
# - {name: ukirt_H, datatype: float64}
# - {name: ukirt_K, datatype: float64}
# meta: !!omap
# - comment: [E = 0.00022477106672309015, Eta0 = 8.02, GammaB = 12.0, dL = 0.012188, epsb = 6.760829753919819e-06, epse = 0.1, n = 1.584893192461114,
#     p = 2.15, theta_obs = 0.0, xiN = 1.0, z = 0.0, type = grb, E_kiso = 0.517947467923121]
# schema: astropy-2.0
time swift_uvot_uvw2 swift_uvot_uvm2 swift_uvot_uvw1 swift_uvot_U swift_uvot_B swift_uvot_V swift_uvot_W johnson_U johnson_B johnson_V johnson_R johnson_I sdss_u sdss_g sdss_r sdss_i sdss_z PS1_g PS1_r PS1_i PS1_z PS1_Y ukirt_J ukirt_H ukirt_K
[from data line 281]
8.1089 4.162 4.211 4.136 3.943 3.801 3.662 4.023 3.921 3.799 3.657 3.516 3.368 3.926 3.753 3.582 3.461 3.35 3.69 3.547 3.427 3.328 3.16 3.138 2.969 2.779
8.3045 4.196 4.245 4.17 3.977 3.835 3.696 4.057 3.955 3.833 3.691 3.55 3.402 3.96 3.788 3.616 3.495 3.384 3.724 3.581 3.461 3.362 3.194 3.172 3.003 2.813
8.5049 4.23 4.279 4.204 4.011 3.869 3.73 4.091 3.989 3.867 3.725 3.584 3.436 3.994 3.822 3.65 3.529 3.418 3.758 3.615 3.495 3.396 3.228 3.206 3.037 2.847
8.71 4.264 4.313 4.238 4.045 3.903 3.764 4.125 4.023 3.901 3.759 3.618 3.47 4.028 3.856 3.684 3.563 3.452 3.792 3.649 3.529 3.43 3.262 3.24 3.071 2.881
8.9201 4.298 4.347 4.272 4.08 3.937 3.798 4.159 4.057 3.935 3.793 3.652 3.504 4.062 3.89 3.718 3.597 3.486 3.826 3.683 3.563 3.464 3.296 3.274 3.105 2.915
9.1353 4.332 4.381 4.306 4.114 3.971 3.832 4.193 4.091 3.969 3.827 3.686 3.538 4.096 3.924 3.752 3.631 3.52 3.86 3.717 3.597 3.498 3.33 3.308 3.139 2.949
9.3557 4.366 4.415 4.34 4.148 4.005 3.866 4.227 4.125 4.003 3.861 3.72 3.572 4.13 3.958 3.786 3.665 3.554 3.894 3.751 3.631 3.532 3.364 3.342 3.173 2.983
9.5814 4.4 4.449 4.375 4.182 4.039 3.9 4.261 4.159 4.037 3.895 3.754 3.606 4.164 3.992 3.82 3.699 3.588 3.928 3.785 3.665 3.566 3.398 3.376 3.207 3.017
9.8125 4.434 4.483 4.409 4.216 4.073 3.934 4.295 4.193 4.071 3.929 3.788 3.64 4.198 4.026 3.854 3.733 3.622 3.962 3.819 3.699 3.6 3.432 3.411 3.241 3.051
10.0492 4.468 4.517 4.443 4.25 4.107 3.968 4.329 4.227 4.105 3.963 3.822 3.674 4.232 4.06 3.888 3.767 3.656 3.996 3.853 3.734 3.634 3.466 3.445 3.275 3.085
10.2917 4.499 4.549 4.474 4.281 4.138 3.999 4.36 4.258 4.136 3.994 3.854 3.705 4.263 4.091 3.919 3.798 3.688 4.027 3.885 3.765 3.666 3.497 3.476 3.306 3.116
10.5399 4.53 4.579 4.505 4.312 4.169 4.03 4.391 4.289 4.167 4.025 3.885 3.736 4.294 4.122 3.95 3.829 3.719 4.058 3.915 3.796 3.697 3.528 3.507 3.337 3.147
10.7942 4.561 4.61 4.536 4.343 4.2 4.061 4.422 4.32 4.198 4.056 3.915 3.767 4.325 4.153 3.981 3.86 3.749 4.089 3.946 3.827 3.727 3.559 3.538 3.368 3.178
11.0546 4.592 4.641 4.566 4.374 4.231 4.092 4.453 4.351 4.229 4.087 3.946 3.798 4.356 4.184 4.012 3.891 3.78 4.12 3.977 3.857 3.758 3.59 3.568 3.399 3.209
11.3212 4.623 4.672 4.597 4.404 4.262 4.123 4.484 4.382 4.26 4.118 3.977 3.829 4.387 4.214 4.043 3.922 3.811 4.151 4.008 3.888 3.789 3.621 3.599 3.43 3.24
11.5943 4.654 4.703 4.628 4.435 4.293 4.154 4.515 4.413 4.291 4.149 4.008 3.86 4.418 4.245 4.074 3.953 3.842 4.182 4.039 3.919 3.82 3.652 3.63 3.461 3.271
11.874 4.685 4.734 4.659 4.466 4.324 4.185 4.546 4.444 4.321 4.18 4.039 3.891 4.449 4.276 4.104 3.984 3.873 4.213 4.07 3.95 3.851 3.683 3.661 3.492 3.301
12.1605 4.716 4.765 4.69 4.497 4.355 4.216 4.576 4.475 4.352 4.21 4.07 3.921 4.48 4.307 4.135 4.015 3.904 4.243 4.101 3.981 3.882 3.714 3.692 3.523 3.332
12.4538 4.746 4.796 4.721 4.528 4.386 4.247 4.607 4.506 4.383 4.241 4.101 3.952 4.511 4.338 4.166 4.046 3.935 4.274 4.132 4.012 3.913 3.745 3.723 3.554 3.363
12.7542 4.777 4.827 4.752 4.559 4.417 4.277 4.638 4.537 4.414 4.272 4.132 3.983 4.542 4.369 4.197 4.077 3.966 4.305 4.163 4.043 3.944 3.776 3.754 3.585 3.394
13.0619 4.808 4.858 4.783 4.59 4.448 4.309 4.669 4.568 4.445 4.303 4.163 4.014 4.573 4.4 4.228 4.108 3.997 4.336 4.194 4.074 3.975 3.807 3.785 3.616 3.425
13.377 4.84 4.889 4.814 4.621 4.479 4.34 4.7 4.599 4.476 4.334 4.194 4.045 4.604 4.431 4.259 4.139 4.028 4.367 4.225 4.105 4.006 3.838 3.816 3.647 3.456
13.6997 4.871 4.92 4.845 4.652 4.51 4.371 4.732 4.63 4.507 4.366 4.225 4.077 4.635 4.462 4.29 4.17 4.059 4.399 4.256 4.136 4.037 3.869 3.847 3.678 3.488
14.0302 4.902 4.951 4.876 4.683 4.541 4.402 4.763 4.661 4.539 4.397 4.256 4.108 4.666 4.493 4.322 4.201 4.09 4.43 4.287 4.167 4.068 3.9 3.878 3.709 3.519
14.3686 4.933 4.982 4.907 4.714 4.572 4.433 4.794 4.692 4.57 4.428 4.287 4.139 4.697 4.524 4.353 4.232 4.121 4.461 4.318 4.198 4.099 3.931 3.909 3.74 3.55
14.7153 4.964 5.013 4.938 4.746 4.603 4.464 4.825 4.723 4.601 4.459 4.318 4.17 4.728 4.556 4.384 4.263 4.152 4.492 4.349 4.229 4.13 3.962 3.94 3.771 3.581
15.0702 4.995 5.044 4.97 4.777 4.634 4.495 4.856 4.754 4.632 4.49 4.349 4.201 4.759 4.587 4.415 4.294 4.183 4.523 4.38 4.261 4.162 3.993 3.972 3.802 3.612
15.4338 5.026 5.076 5.001 4.808 4.665 4.526 4.887 4.785 4.663 4.521 4.381 4.232 4.79 4.618 4.446 4.325 4.215 4.554 4.411 4.292 4.193 4.024 4.003 3.833 3.643
15.8061 5.057 5.107 5.032 4.839 4.696 4.557 4.918 4.816 4.694 4.552 4.412 4.263 4.821 4.649 4.477 4.356 4.246 4.585 4.443 4.323 4.224 4.055 4.034 3.864 3.674
16.1874 5.091 5.141 5.066 4.873 4.73 4.591 4.952 4.85 4.728 4.586 4.446 4.297 4.855 4.683 4.511 4.39 4.28 4.619 4.477 4.357 4.258 4.089 4.068 3.898 3.708
16.5779 5.136 5.186 5.111 4.918 4.776 4.636 4.997 4.896 4.773 4.631 4.491 4.342 4.901 4.728 4.556 4.435 4.325 4.664 4.522 4.402 4.303 4.135 4.113 3.944 3.753
16.9778 5.181 5.231 5.156 4.963 4.821 4.682 5.042 4.941 4.818 4.676 4.536 4.387 4.946 4.773 4.601 4.481 4.37 4.709 4.567 4.447 4.348 4.18 4.158 3.989 3.798
17.3873 5.227 5.276 5.201 5.008 4.866 4.727 5.087 4.986 4.863 4.722 4.581 4.432 4.991 4.818 4.646 4.526 4.415 4.755 4.612 4.492 4.393 4.225 4.203 4.034 3.843
17.8068 5.272 5.321 5.246 5.053 4.911 4.772 5.133 5.031 4.909 4.767 4.626 4.478 5.036 4.863 4.692 4.571 4.46 4.8 4.657 4.537 4.438 4.27 4.248 4.079 3.889
18.2363 5.317 5.366 5.291 5.099 4.956 4.817 5.178 5.076 4.954 4.812 4.671 4.523 5.081 4.909 4.737 4.616 4.505 4.845 4.702 4.582 4.483 4.315 4.293 4.124 3.934
18.6762 5.362 5.411 5.337 5.144 5.001 4.862 5.223 5.121 4.999 4.857 4.716 4.568 5.126 4.954 4.782 4.661 4.551 4.89 4.747 4.628 4.529 4.36 4.339 4.169 3.979
19.1268 5.407 5.457 5.382 5.189 5.046 4.907 5.268 5.166 5.044 4.902 4.762 4.613 5.171 4.999 4.827 4.706 4.596 4.935 4.793 4.673 4.574 4.405 4.384 4.214 4.024
19.5882 5.452 5.502 5.427 5.234 5.092 4.952 5.313 5.212 5.089 4.947 4.807 4.658 5.217 5.044 4.872 4.751 4.641 4.98 4.838 4.718 4.619 4.451 4.429 4.26 4.069
20.0607 5.497 5.547 5.472 5.279 5.137 4.998 5.358 5.257 5.134 4.992 4.852 4.703 5.262 5.089 4.917 4.797 4.686 5.025 4.883 4.763 4.664 4.496 4.474 4.305 4.114
20.5446 5.552 5.601 5.526 5.333 5.191 5.052 5.413 5.311 5.189 5.047 4.906 4.758 5.316 5.143 4.972 4.851 4.74 5.08 4.937 4.817 4.718 4.55 4.528 4.359 4.169
21.0402 5.623 5.673 5.598 5.405 5.262 5.123 5.484 5.382 5.26 5.118 4.978 4.829 5.387 5.215 5.043 4.922 4.812 5.151 5.009 4.889 4.79 4.621 4.6 4.43 4.24
21.5478 5.695 5.744 5.669 5.476 5.334 5.195 5.555 5.454 5.331 5.19 5.049 4.9 5.459 5.286 5.114 4.994 4.883 5.222 5.08 4.96 4.861 4.693 4.671 4.502 4.311
22.0676 5.766 5.815 5.741 5.548 5.405 5.266 5.627 5.525 5.403 5.261 5.12 4.972 5.53 5.358 5.186 5.065 4.954 5.294 5.151 5.031 4.932 4.764 4.742 4.573 4.383
22.5999 5.837 5.887 5.812 5.619 5.477 5.337 5.698 5.597 5.474 5.332 5.192 5.043 5.602 5.429 5.257 5.136 5.026 5.365 5.223 5.103 5.004 4.836 4.814 4.645 4.454
23.1451 5.909 5.958 5.883 5.69 5.548 5.409 5.77 5.668 5.546 5.404 5.263 5.115 5.673 5.5 5.329 5.208 5.097 5.437 5.294 5.174 5.075 4.907 4.885 4.716 4.526
23.7034 5.98 6.03 5.955 5.762 5.619 5.48 5.841 5.739 5.617 5.475 5.335 5.186 5.744 5.572 5.4 5.279 5.169 5.508 5.365 5.246 5.147 4.978 4.957 4.787 4.597
24.2752 6.051 6.101 6.026 5.833 5.691 5.552 5.912 5.811 5.688 5.546 5.406 5.257 5.816 5.643 5.471 5.351 5.24 5.579 5.437 5.317 5.218 5.05 5.028 4.859 4.668
24.8608 6.123 6.172 6.097 5.905 5.762 5.623 5.984 5.882 5.76 5.618 5.477 5.329 5.887 5.715 5.543 5.422 5.311 5.651 5.508 5.388 5.289 5.121 5.099 4.93 4.74
25.4606 6.194 6.244 6.169 5.976 5.834 5.694 6.055 5.954 5.831 5.689 5.549 5.4 5.959 5.786 5.614 5.493 5.383 5.722 5.58 5.46 5.361 5.193 5.171 5.002 4.811
26.0748 6.282 6.332 6.257 6.064 5.922 5.783 6.143 6.042 5.919 5.777 5.637 5.488 6.047 5.874 5.702 5.582 5.471 5.81 5.668 5.548 5.449 5.281 5.259 5.09 4.899
26.7038 6.388 6.438 6.363 6.17 6.027 5.888 6.249 6.147 6.025 5.883 5.743 5.594 6.152 5.98 5.808 5.687 5.577 5.916 5.773 5.654 5.555 5.386 5.365 5.195 5.005
27.3479 6.494 6.543 6.468 6.275 6.133 5.994 6.355 6.253 6.13 5.989 5.848 5.7 6.258 6.085 5.914 5.793 5.682 6.022 5.879 5.759 5.66 5.492 5.47 5.301 5.111
28.0077 6.599 6.649 6.574 6.381 6.238 6.099 6.46 6.359 6.236 6.094 5.954 5.805 6.364 6.191 6.019 5.898 5.788 6.127 5.985 5.865 5.766 5.598 5.576 5.406 5.216
28.6833 6.705 6.754 6.679 6.486 6.344 6.205 6.566 6.464 6.342 6.2 6.059 5.911 6.469 6.297 6.125 6.004 5.893 6.233 6.09 5.97 5.871 5.703 5.681 5.512 5.322
29.3752 6.81 6.86 6.785 6.592 6.45 6.311 6.671 6.57 6.447 6.305 6.165 6.016 6.575 6.402 6.23 6.11 5.999 6.338 6.196 6.076 5.977 5.809 5.787 5.618 5.427
30.0838 6.916 6.965 6.891 6.698 6.555 6.416 6.777 6.675 6.553 6.411 6.27 6.122 6.68 6.508 6.336 6.215 6.105 6.444 6.301 6.182 6.083 5.914 5.893 5.723 5.533
30.8096 7.022 7.071 6.996 6.803 6.661 6.522 6.883 6.781 6.658 6.517 6.376 6.228 6.786 6.613 6.441 6.321 6.21 6.55 6.407 6.287 6.188 6.02 5.998 5.829 5.638
31.5528 7.127 7.177 7.102 6.909 6.766 6.627 6.988 6.886 6.764 6.622 6.482 6.333 6.891 6.719 6.547 6.426 6.316 6.655 6.513 6.393 6.294 6.125 6.104 5.934 5.744
32.3139 7.233 7.282 7.207 7.014 6.872 6.733 7.094 6.992 6.87 6.728 6.587 6.439 6.997 6.824 6.653 6.532 6.421 6.761 6.618 6.498 6.399 6.231 6.209 6.04 5.85
33.0935 7.38 7.43 7.355 7.162 7.02 6.88 7.241 7.14 7.017 6.875 6.735 6.586 7.145 6.972 6.8 6.68 6.569 6.908 6.766 6.646 6.547 6.379 6.357 6.188 5.997
33.8918 7.552 7.601 7.527 7.334 7.191 7.052 7.413 7.311 7.189 7.047 6.906 6.758 7.316 7.144 6.972 6.851 6.741 7.08 6.937 6.818 6.719 6.55 6.529 6.359 6.169
34.7093 7.724 7.773 7.698 7.505 7.363 7.224 7.585 7.483 7.36 7.219 7.078 6.93 7.488 7.315 7.144 7.023 6.912 7.252 7.109 6.989 6.89 6.722 6.7 6.531 6.341
35.5466 7.895 7.945 7.87 7.677 7.535 7.395 7.756 7.655 7.532 7.39 7.25 7.101 7.66 7.487 7.315 7.194 7.084 7.423 7.281 7.161 7.062 6.894 6.872 6.703 6.512
36.4041 8.067 8.116 8.042 7.849 7.706 7.567 7.928 7.826 7.704 7.562 7.421 7.273 7.831 7.659 7.487 7.366 7.256 7.595 7.452 7.333 7.234 7.065 7.044 6.874 6.684
37.2823 8.239 8.288 8.213 8.02 7.878 7.739 8.1 7.998 7.875 7.734 7.593 7.445 8.003 7.83 7.659 7.538 7.427 7.767 7.624 7.504 7.405 7.237 7.215 7.046 6.856
38.1817 8.41 8.46 8.385 8.192 8.05 7.91 8.271 8.17 8.047 7.905 7.765 7.616 8.175 8.002 7.83 7.709 7.599 7.938 7.796 7.676 7.577 7.409 7.387 7.218 7.027
39.1028 8.582 8.631 8.557 8.364 8.221 8.082 8.443 8.341 8.219 8.077 7.936 7.788 8.346 8.174 8.002 7.881 7.77 8.11 7.967 7.848 7.749 7.58 7.559 7.389 7.199
40.046 8.754 8.803 8.728 8.535 8.393 8.254 8.615 8.513 8.39 8.249 8.108 7.96 8.518 8.345 8.173 8.053 7.942 8.282 8.139 8.019 7.92 7.752 7.73 7.561 7.371
41.0121 8.925 8.975 8.9 8.707 8.565 8.425 8.786 8.685 8.562 8.42 8.28 8.131 8.69 8.517 8.345 8.224 8.114 8.453 8.311 8.191 8.092 7.924 7.902 7.733 7.542
42.0014 9.224 9.273 9.199 9.006 8.863 8.724 9.085 8.983 8.861 8.719 8.578 8.43 8.988 8.816 8.644 8.523 8.412 8.752 8.609 8.49 8.39 8.222 8.201 8.031 7.841
43.0146 9.559 9.608 9.533 9.34 9.198 9.059 9.42 9.318 9.196 9.054 8.913 8.765 9.323 9.15 8.979 8.858 8.747 9.087 8.944 8.824 8.725 8.557 8.535 8.366 8.176
44.0523 9.894 9.943 9.868 9.675 9.533 9.394 9.755 9.653 9.53 9.389 9.248 9.1 9.658 9.485 9.313 9.193 9.082 9.422 9.279 9.159 9.06 8.892 8.87 8.701 8.51
45.1149 10.228 10.278 10.203 10.01 9.868 9.729 10.089 9.988 9.865 9.723 9.583 9.434 9.993 9.82 9.648 9.528 9.417 9.756 9.614 9.494 9.395 9.227 9.205 9.036 8.845
46.2033 10.563 10.613 10.538 10.345 10.202 10.063 10.424 10.323 10.2 10.058 9.918 9.769 10.328 10.155 9.983 9.862 9.752 10.091 9.949 9.829 9.73 9.562 9.54 9.371 9.18
47.3178 10.898 10.948 10.873 10.68 10.537 10.398 10.759 10.657 10.535 10.393 10.253 10.104 10.662 10.49 10.318 10.197 10.087 10.426 10.283 10.164 10.065 9.896 9.875 9.705 9.515
48.4593 11.233 11.282 11.208 11.015 10.872 10.733 11.094 10.992 10.87 10.728 10.587 10.439 10.997 10.825 10.653 10.532 10.421 10.761 10.618 10.498 10.399 10.231 10.209 10.04 9.85
49.6283 11.568 11.617 11.542 11.349 11.207 11.068 11.429 11.327 11.205 11.063 10.922 10.774 11.332 11.159 10.988 10.867 10.756 11.096 10.953 10.833 10.734 10.566 10.544 10.375 10.185
50.8255 11.903 11.952 11.877 11.684 11.542 11.403 11.763 11.662 11.539 11.398 11.257 11.108 11.667 11.494 11.322 11.202 11.091 11.431 11.288 11.168 11.069 10.901 10.879 10.71 10.519
52.0515 12.237 12.287 12.212 12.019 11.877 11.738 12.098 11.997 11.874 11.732 11.592 11.443 12.002 11.829 11.657 11.537 11.426 11.765 11.623 11.503 11.404 11.236 11.214 11.045 10.854
53.3072 12.572 12.622 12.547 12.354 12.211 12.072 12.433 12.331 12.209 12.067 11.927 11.778 12.337 12.164 11.992 11.871 11.761 12.1 11.958 11.838 11.739 11.57 11.549 11.379 11.189
54.5931 12.907 12.957 12.882 12.689 12.546 12.407 12.768 12.666 12.544 12.402 12.262 12.113 12.671 12.499 12.327 12.206 12.096 12.435 12.292 12.173 12.074 11.905 11.884 11.714 11.524
55.9101 13.242 13.291 13.216 13.024 12.881 12.742 13.103 13.001 12.879 12.737 12.596 12.448 13.006 12.834 12.662 12.541 12.43 12.77 12.627 12.507 12.408 12.24 12.218 12.049 11.859
57.2588 13.577 13.626 13.551 13.358 13.216 13.077 13.438 13.336 13.214 13.072 12.931 12.783 13.341 13.168 12.997 12.876 12.765 13.105 12.962 12.842 12.743 12.575 12.553 12.384 12.194
58.6401 13.912 13.961 13.886 13.693 13.551 13.412 13.772 13.671 13.548 13.406 13.266 13.117 13.676 13.503 13.331 13.211 13.1 13.439 13.297 13.177 13.078 12.91 12.888 12.719 12.528
60.0546 14.246 14.296 14.221 14.028 13.886 13.746 14.107 14.006 13.883 13.741 13.601 13.452 14.011 13.838 13.666 13.546 13.435 13.774 13.632 13.512 13.413 13.245 13.223 13.054 12.863
61.5034 14.581 14.631 14.556 14.363 14.22 14.081 14.442 14.34 14.218 14.076 13.936 13.787 14.345 14.173 14.001 13.88 13.77 14.109 13.967 13.847 13.748 13.579 13.558 13.388 13.198
62.987 14.916 14.965 14.891 14.698 14.555 14.416 14.777 14.675 14.553 14.411 14.27 14.122 14.68 14.508 14.336 14.215 14.105 14.444 14.301 14.182 14.083 13.914 13.893 13.723 13.533
64.5065 15.251 15.3 15.225 15.032 14.89 14.751 15.112 15.01 14.888 14.746 14.605 14.457 15.015 14.843 14.671 14.55 14.439 14.779 14.636 14.516 14.417 14.249 14.227 14.058 13.868
66.0626 15.586 15.635 15.56 15.367 15.225 15.086 15.447 15.345 15.222 15.081 14.94 14.792 15.35 15.177 15.006 14.885 14.774 15.114 14.971 14.851 14.752 14.584 14.562 14.393 14.203
67.6562 15.92 15.97 15.895 15.702 15.56 15.421 15.781 15.68 15.557 15.415 15.275 15.126 15.685 15.512 15.34 15.22 15.109 15.448 15.306 15.186 15.087 14.919 14.897 14.728 14.537
69.2883 16.255 16.305 16.23 16.037 15.895 15.755 16.116 16.015 15.892 15.75 15.61 15.461 16.02 15.847 15.675 15.554 15.444 15.783 15.641 15.521 15.422 15.254 15.232 15.063 14.872
70.9597 16.59 16.64 16.565 16.372 16.229 16.09 16.451 16.349 16.227 16.085 15.945 15.796 16.354 16.182 16.01 15.889 15.779 16.118 15.976 15.856 15.757 15.588 15.567 15.397 15.207
72.6715 16.925 16.974 16.9 16.707 16.564 16.425 16.786 16.684 16.562 16.42 16.279 16.131 16.689 16.517 16.345 16.224 16.113 16.453 16.31 16.191 16.092 15.923 15.902 15.732 15.542
74.4246 17.26 17.309 17.234 17.041 16.899 16.76 17.121 17.019 16.897 16.755 16.614 16.466 17.024 16.852 16.68 16.559 16.448 16.788 16.645 16.525 16.426 16.258 16.236 16.067 15.877
76.2199 17.595 17.644 17.569 17.376 17.234 17.095 17.456 17.354 17.231 17.09 16.949 16.801 17.359 17.186 17.014 16.894 16.783 17.123 16.98 16.86 16.761 16.593 16.571 16.402 16.212
78.0586 17.929 17.979 17.904 17.711 17.569 17.43 17.79 17.689 17.566 17.424 17.284 17.135 17.694 17.521 17.349 17.229 17.118 17.457 17.315 17.195 17.096 16.928 16.906 16.737 16.546
79.9416 18.264 18.314 18.239 18.046 17.904 17.764 18.125 18.024 17.901 17.759 17.619 17.47 18.029 17.856 17.684 17.563 17.453 17.792 17.65 17.53 17.431 17.263 17.241 17.072 16.881
81.87 18.599 18.649 18.574 18.381 18.238 18.099 18.46 18.358 18.236 18.094 17.954 17.805 18.363 18.191 18.019 17.898 17.788 18.127 17.984 17.865 17.766 17.597 17.576 17.406 17.216
