web/models/linear/27/-14_388_0_019.dat
# %ECSV 1.0
# ---
# datatype:
# - {name: time, datatype: float64}
# - {name: sdss_u, datatype: float64}
# - {name: sdss_g, datatype: float64}
# - {name: sdss_r, datatype: float64}
# - {name: sdss_i, datatype: float64}
# - {name: sdss_z, datatype: float64}
# - {name: Clear, datatype: float64}
# - {name: johnson_B, datatype: float64}
# - {name: johnson_V, datatype: float64}
# - {name: johnson_R, datatype: float64}
# - {name: johnson_I, datatype: float64}
# - {name: ukirt_J, datatype: float64}
# - {name: ukirt_H, datatype: float64}
# - {name: ukirt_K, datatype: float64}
# meta: !!omap
# - comment: [M=-14.387755102040817, dM=0.01905422208552365]
# schema: astropy-2.0
time sdss_u sdss_g sdss_r sdss_i sdss_z Clear johnson_B johnson_V johnson_R johnson_I ukirt_J ukirt_H ukirt_K
0.0 -14.387755102040817 -14.387755102040817 -14.387755102040817 -14.387755102040817 -14.387755102040817 -14.387755102040817 -14.387755102040817 -14.387755102040817 -14.387755102040817 -14.387755102040817 -14.387755102040817 -14.387755102040817 -14.387755102040817
0.07537688442211055 -14.386318854144923 -14.386318854144923 -14.386318854144923 -14.386318854144923 -14.386318854144923 -14.386318854144923 -14.386318854144923 -14.386318854144923 -14.386318854144923 -14.386318854144923 -14.386318854144923 -14.386318854144923 -14.386318854144923
0.1507537688442211 -14.384882606249029 -14.384882606249029 -14.384882606249029 -14.384882606249029 -14.384882606249029 -14.384882606249029 -14.384882606249029 -14.384882606249029 -14.384882606249029 -14.384882606249029 -14.384882606249029 -14.384882606249029 -14.384882606249029
0.22613065326633164 -14.383446358353135 -14.383446358353135 -14.383446358353135 -14.383446358353135 -14.383446358353135 -14.383446358353135 -14.383446358353135 -14.383446358353135 -14.383446358353135 -14.383446358353135 -14.383446358353135 -14.383446358353135 -14.383446358353135
0.3015075376884422 -14.382010110457243 -14.382010110457243 -14.382010110457243 -14.382010110457243 -14.382010110457243 -14.382010110457243 -14.382010110457243 -14.382010110457243 -14.382010110457243 -14.382010110457243 -14.382010110457243 -14.382010110457243 -14.382010110457243
0.37688442211055273 -14.380573862561349 -14.380573862561349 -14.380573862561349 -14.380573862561349 -14.380573862561349 -14.380573862561349 -14.380573862561349 -14.380573862561349 -14.380573862561349 -14.380573862561349 -14.380573862561349 -14.380573862561349 -14.380573862561349
0.4522613065326633 -14.379137614665455 -14.379137614665455 -14.379137614665455 -14.379137614665455 -14.379137614665455 -14.379137614665455 -14.379137614665455 -14.379137614665455 -14.379137614665455 -14.379137614665455 -14.379137614665455 -14.379137614665455 -14.379137614665455
0.5276381909547738 -14.37770136676956 -14.37770136676956 -14.37770136676956 -14.37770136676956 -14.37770136676956 -14.37770136676956 -14.37770136676956 -14.37770136676956 -14.37770136676956 -14.37770136676956 -14.37770136676956 -14.37770136676956 -14.37770136676956
0.6030150753768844 -14.376265118873667 -14.376265118873667 -14.376265118873667 -14.376265118873667 -14.376265118873667 -14.376265118873667 -14.376265118873667 -14.376265118873667 -14.376265118873667 -14.376265118873667 -14.376265118873667 -14.376265118873667 -14.376265118873667
0.6783919597989949 -14.374828870977773 -14.374828870977773 -14.374828870977773 -14.374828870977773 -14.374828870977773 -14.374828870977773 -14.374828870977773 -14.374828870977773 -14.374828870977773 -14.374828870977773 -14.374828870977773 -14.374828870977773 -14.374828870977773
0.7537688442211055 -14.37339262308188 -14.37339262308188 -14.37339262308188 -14.37339262308188 -14.37339262308188 -14.37339262308188 -14.37339262308188 -14.37339262308188 -14.37339262308188 -14.37339262308188 -14.37339262308188 -14.37339262308188 -14.37339262308188
0.829145728643216 -14.371956375185986 -14.371956375185986 -14.371956375185986 -14.371956375185986 -14.371956375185986 -14.371956375185986 -14.371956375185986 -14.371956375185986 -14.371956375185986 -14.371956375185986 -14.371956375185986 -14.371956375185986 -14.371956375185986
0.9045226130653266 -14.370520127290092 -14.370520127290092 -14.370520127290092 -14.370520127290092 -14.370520127290092 -14.370520127290092 -14.370520127290092 -14.370520127290092 -14.370520127290092 -14.370520127290092 -14.370520127290092 -14.370520127290092 -14.370520127290092
0.9798994974874371 -14.369083879394198 -14.369083879394198 -14.369083879394198 -14.369083879394198 -14.369083879394198 -14.369083879394198 -14.369083879394198 -14.369083879394198 -14.369083879394198 -14.369083879394198 -14.369083879394198 -14.369083879394198 -14.369083879394198
1.0552763819095476 -14.367647631498304 -14.367647631498304 -14.367647631498304 -14.367647631498304 -14.367647631498304 -14.367647631498304 -14.367647631498304 -14.367647631498304 -14.367647631498304 -14.367647631498304 -14.367647631498304 -14.367647631498304 -14.367647631498304
1.1306532663316582 -14.36621138360241 -14.36621138360241 -14.36621138360241 -14.36621138360241 -14.36621138360241 -14.36621138360241 -14.36621138360241 -14.36621138360241 -14.36621138360241 -14.36621138360241 -14.36621138360241 -14.36621138360241 -14.36621138360241
1.2060301507537687 -14.364775135706518 -14.364775135706518 -14.364775135706518 -14.364775135706518 -14.364775135706518 -14.364775135706518 -14.364775135706518 -14.364775135706518 -14.364775135706518 -14.364775135706518 -14.364775135706518 -14.364775135706518 -14.364775135706518
1.2814070351758793 -14.363338887810624 -14.363338887810624 -14.363338887810624 -14.363338887810624 -14.363338887810624 -14.363338887810624 -14.363338887810624 -14.363338887810624 -14.363338887810624 -14.363338887810624 -14.363338887810624 -14.363338887810624 -14.363338887810624
1.3567839195979898 -14.36190263991473 -14.36190263991473 -14.36190263991473 -14.36190263991473 -14.36190263991473 -14.36190263991473 -14.36190263991473 -14.36190263991473 -14.36190263991473 -14.36190263991473 -14.36190263991473 -14.36190263991473 -14.36190263991473
1.4321608040201004 -14.360466392018836 -14.360466392018836 -14.360466392018836 -14.360466392018836 -14.360466392018836 -14.360466392018836 -14.360466392018836 -14.360466392018836 -14.360466392018836 -14.360466392018836 -14.360466392018836 -14.360466392018836 -14.360466392018836
1.507537688442211 -14.359030144122942 -14.359030144122942 -14.359030144122942 -14.359030144122942 -14.359030144122942 -14.359030144122942 -14.359030144122942 -14.359030144122942 -14.359030144122942 -14.359030144122942 -14.359030144122942 -14.359030144122942 -14.359030144122942
1.5829145728643215 -14.357593896227048 -14.357593896227048 -14.357593896227048 -14.357593896227048 -14.357593896227048 -14.357593896227048 -14.357593896227048 -14.357593896227048 -14.357593896227048 -14.357593896227048 -14.357593896227048 -14.357593896227048 -14.357593896227048
1.658291457286432 -14.356157648331155 -14.356157648331155 -14.356157648331155 -14.356157648331155 -14.356157648331155 -14.356157648331155 -14.356157648331155 -14.356157648331155 -14.356157648331155 -14.356157648331155 -14.356157648331155 -14.356157648331155 -14.356157648331155
1.7336683417085426 -14.354721400435261 -14.354721400435261 -14.354721400435261 -14.354721400435261 -14.354721400435261 -14.354721400435261 -14.354721400435261 -14.354721400435261 -14.354721400435261 -14.354721400435261 -14.354721400435261 -14.354721400435261 -14.354721400435261
1.809045226130653 -14.353285152539367 -14.353285152539367 -14.353285152539367 -14.353285152539367 -14.353285152539367 -14.353285152539367 -14.353285152539367 -14.353285152539367 -14.353285152539367 -14.353285152539367 -14.353285152539367 -14.353285152539367 -14.353285152539367
1.8844221105527637 -14.351848904643473 -14.351848904643473 -14.351848904643473 -14.351848904643473 -14.351848904643473 -14.351848904643473 -14.351848904643473 -14.351848904643473 -14.351848904643473 -14.351848904643473 -14.351848904643473 -14.351848904643473 -14.351848904643473
1.9597989949748742 -14.35041265674758 -14.35041265674758 -14.35041265674758 -14.35041265674758 -14.35041265674758 -14.35041265674758 -14.35041265674758 -14.35041265674758 -14.35041265674758 -14.35041265674758 -14.35041265674758 -14.35041265674758 -14.35041265674758
2.0351758793969847 -14.348976408851685 -14.348976408851685 -14.348976408851685 -14.348976408851685 -14.348976408851685 -14.348976408851685 -14.348976408851685 -14.348976408851685 -14.348976408851685 -14.348976408851685 -14.348976408851685 -14.348976408851685 -14.348976408851685
2.1105527638190953 -14.347540160955791 -14.347540160955791 -14.347540160955791 -14.347540160955791 -14.347540160955791 -14.347540160955791 -14.347540160955791 -14.347540160955791 -14.347540160955791 -14.347540160955791 -14.347540160955791 -14.347540160955791 -14.347540160955791
2.185929648241206 -14.346103913059899 -14.346103913059899 -14.346103913059899 -14.346103913059899 -14.346103913059899 -14.346103913059899 -14.346103913059899 -14.346103913059899 -14.346103913059899 -14.346103913059899 -14.346103913059899 -14.346103913059899 -14.346103913059899
2.2613065326633164 -14.344667665164005 -14.344667665164005 -14.344667665164005 -14.344667665164005 -14.344667665164005 -14.344667665164005 -14.344667665164005 -14.344667665164005 -14.344667665164005 -14.344667665164005 -14.344667665164005 -14.344667665164005 -14.344667665164005
2.336683417085427 -14.343231417268111 -14.343231417268111 -14.343231417268111 -14.343231417268111 -14.343231417268111 -14.343231417268111 -14.343231417268111 -14.343231417268111 -14.343231417268111 -14.343231417268111 -14.343231417268111 -14.343231417268111 -14.343231417268111
2.4120603015075375 -14.341795169372217 -14.341795169372217 -14.341795169372217 -14.341795169372217 -14.341795169372217 -14.341795169372217 -14.341795169372217 -14.341795169372217 -14.341795169372217 -14.341795169372217 -14.341795169372217 -14.341795169372217 -14.341795169372217
2.487437185929648 -14.340358921476323 -14.340358921476323 -14.340358921476323 -14.340358921476323 -14.340358921476323 -14.340358921476323 -14.340358921476323 -14.340358921476323 -14.340358921476323 -14.340358921476323 -14.340358921476323 -14.340358921476323 -14.340358921476323
2.5628140703517586 -14.338922673580429 -14.338922673580429 -14.338922673580429 -14.338922673580429 -14.338922673580429 -14.338922673580429 -14.338922673580429 -14.338922673580429 -14.338922673580429 -14.338922673580429 -14.338922673580429 -14.338922673580429 -14.338922673580429
2.638190954773869 -14.337486425684537 -14.337486425684537 -14.337486425684537 -14.337486425684537 -14.337486425684537 -14.337486425684537 -14.337486425684537 -14.337486425684537 -14.337486425684537 -14.337486425684537 -14.337486425684537 -14.337486425684537 -14.337486425684537
2.7135678391959797 -14.336050177788643 -14.336050177788643 -14.336050177788643 -14.336050177788643 -14.336050177788643 -14.336050177788643 -14.336050177788643 -14.336050177788643 -14.336050177788643 -14.336050177788643 -14.336050177788643 -14.336050177788643 -14.336050177788643
2.78894472361809 -14.334613929892749 -14.334613929892749 -14.334613929892749 -14.334613929892749 -14.334613929892749 -14.334613929892749 -14.334613929892749 -14.334613929892749 -14.334613929892749 -14.334613929892749 -14.334613929892749 -14.334613929892749 -14.334613929892749
2.8643216080402008 -14.333177681996855 -14.333177681996855 -14.333177681996855 -14.333177681996855 -14.333177681996855 -14.333177681996855 -14.333177681996855 -14.333177681996855 -14.333177681996855 -14.333177681996855 -14.333177681996855 -14.333177681996855 -14.333177681996855
2.9396984924623113 -14.33174143410096 -14.33174143410096 -14.33174143410096 -14.33174143410096 -14.33174143410096 -14.33174143410096 -14.33174143410096 -14.33174143410096 -14.33174143410096 -14.33174143410096 -14.33174143410096 -14.33174143410096 -14.33174143410096
3.015075376884422 -14.330305186205067 -14.330305186205067 -14.330305186205067 -14.330305186205067 -14.330305186205067 -14.330305186205067 -14.330305186205067 -14.330305186205067 -14.330305186205067 -14.330305186205067 -14.330305186205067 -14.330305186205067 -14.330305186205067
3.0904522613065324 -14.328868938309174 -14.328868938309174 -14.328868938309174 -14.328868938309174 -14.328868938309174 -14.328868938309174 -14.328868938309174 -14.328868938309174 -14.328868938309174 -14.328868938309174 -14.328868938309174 -14.328868938309174 -14.328868938309174
3.165829145728643 -14.32743269041328 -14.32743269041328 -14.32743269041328 -14.32743269041328 -14.32743269041328 -14.32743269041328 -14.32743269041328 -14.32743269041328 -14.32743269041328 -14.32743269041328 -14.32743269041328 -14.32743269041328 -14.32743269041328
3.2412060301507535 -14.325996442517386 -14.325996442517386 -14.325996442517386 -14.325996442517386 -14.325996442517386 -14.325996442517386 -14.325996442517386 -14.325996442517386 -14.325996442517386 -14.325996442517386 -14.325996442517386 -14.325996442517386 -14.325996442517386
3.316582914572864 -14.324560194621492 -14.324560194621492 -14.324560194621492 -14.324560194621492 -14.324560194621492 -14.324560194621492 -14.324560194621492 -14.324560194621492 -14.324560194621492 -14.324560194621492 -14.324560194621492 -14.324560194621492 -14.324560194621492
3.3919597989949746 -14.323123946725598 -14.323123946725598 -14.323123946725598 -14.323123946725598 -14.323123946725598 -14.323123946725598 -14.323123946725598 -14.323123946725598 -14.323123946725598 -14.323123946725598 -14.323123946725598 -14.323123946725598 -14.323123946725598
3.467336683417085 -14.321687698829704 -14.321687698829704 -14.321687698829704 -14.321687698829704 -14.321687698829704 -14.321687698829704 -14.321687698829704 -14.321687698829704 -14.321687698829704 -14.321687698829704 -14.321687698829704 -14.321687698829704 -14.321687698829704
3.5427135678391957 -14.320251450933812 -14.320251450933812 -14.320251450933812 -14.320251450933812 -14.320251450933812 -14.320251450933812 -14.320251450933812 -14.320251450933812 -14.320251450933812 -14.320251450933812 -14.320251450933812 -14.320251450933812 -14.320251450933812
3.618090452261306 -14.318815203037918 -14.318815203037918 -14.318815203037918 -14.318815203037918 -14.318815203037918 -14.318815203037918 -14.318815203037918 -14.318815203037918 -14.318815203037918 -14.318815203037918 -14.318815203037918 -14.318815203037918 -14.318815203037918
3.6934673366834168 -14.317378955142024 -14.317378955142024 -14.317378955142024 -14.317378955142024 -14.317378955142024 -14.317378955142024 -14.317378955142024 -14.317378955142024 -14.317378955142024 -14.317378955142024 -14.317378955142024 -14.317378955142024 -14.317378955142024
3.7688442211055273 -14.31594270724613 -14.31594270724613 -14.31594270724613 -14.31594270724613 -14.31594270724613 -14.31594270724613 -14.31594270724613 -14.31594270724613 -14.31594270724613 -14.31594270724613 -14.31594270724613 -14.31594270724613 -14.31594270724613
3.844221105527638 -14.314506459350236 -14.314506459350236 -14.314506459350236 -14.314506459350236 -14.314506459350236 -14.314506459350236 -14.314506459350236 -14.314506459350236 -14.314506459350236 -14.314506459350236 -14.314506459350236 -14.314506459350236 -14.314506459350236
3.9195979899497484 -14.313070211454342 -14.313070211454342 -14.313070211454342 -14.313070211454342 -14.313070211454342 -14.313070211454342 -14.313070211454342 -14.313070211454342 -14.313070211454342 -14.313070211454342 -14.313070211454342 -14.313070211454342 -14.313070211454342
3.994974874371859 -14.31163396355845 -14.31163396355845 -14.31163396355845 -14.31163396355845 -14.31163396355845 -14.31163396355845 -14.31163396355845 -14.31163396355845 -14.31163396355845 -14.31163396355845 -14.31163396355845 -14.31163396355845 -14.31163396355845
4.0703517587939695 -14.310197715662555 -14.310197715662555 -14.310197715662555 -14.310197715662555 -14.310197715662555 -14.310197715662555 -14.310197715662555 -14.310197715662555 -14.310197715662555 -14.310197715662555 -14.310197715662555 -14.310197715662555 -14.310197715662555
4.14572864321608 -14.308761467766661 -14.308761467766661 -14.308761467766661 -14.308761467766661 -14.308761467766661 -14.308761467766661 -14.308761467766661 -14.308761467766661 -14.308761467766661 -14.308761467766661 -14.308761467766661 -14.308761467766661 -14.308761467766661
4.221105527638191 -14.307325219870767 -14.307325219870767 -14.307325219870767 -14.307325219870767 -14.307325219870767 -14.307325219870767 -14.307325219870767 -14.307325219870767 -14.307325219870767 -14.307325219870767 -14.307325219870767 -14.307325219870767 -14.307325219870767
