web/models/kne/27/Metzger_0.001239_0.321724_0.450000.dat
# %ECSV 0.9
# ---
# datatype:
# - {name: time, datatype: float64}
# - {name: sdss_u, datatype: float64}
# - {name: sdss_g, datatype: float64}
# - {name: sdss_r, datatype: float64}
# - {name: sdss_i, datatype: float64}
# - {name: sdss_z, datatype: float64}
# - {name: PS1_y, datatype: float64}
# - {name: ukirt_J, datatype: float64}
# - {name: ukirt_H, datatype: float64}
# - {name: ukirt_K, datatype: float64}
# - {name: johnson_U, datatype: float64}
# - {name: johnson_B, datatype: float64}
# - {name: johnson_V, datatype: float64}
# - {name: johnson_R, datatype: float64}
# - {name: johnson_I, datatype: float64}
# - {name: Clear, datatype: float64}
# meta: !!omap
# - comment: [vej = 0.3217241379310345, mej = 0.0012389903709424822, Ye = 0.45, redshift = 0.0]
# schema: astropy-2.0
time sdss_u sdss_g sdss_r sdss_i sdss_z PS1_y ukirt_J ukirt_H ukirt_K johnson_U johnson_B johnson_V johnson_R johnson_I Clear
[from data line 863]
43.250000 513.900160 374.465964 286.133711 229.854152 195.433666 173.857523 130.036448 90.908291 65.065003 497.188632 413.345340 323.227911 275.377334 191.963033 282.595460
43.300000 514.476031 374.892553 286.465520 230.125432 195.667846 174.068403 130.199866 91.029079 65.157408 497.746627 413.813587 323.599549 275.697585 192.193467 282.923467
43.350000 515.051864 375.319115 286.797308 230.396695 195.902012 174.279272 130.363276 91.149862 65.249810 498.304585 414.281804 323.971163 276.017815 192.423888 283.251454
43.400000 515.627659 375.745650 287.129076 230.667942 196.136163 174.490128 130.526676 91.270638 65.342207 498.862506 414.749990 324.342753 276.338026 192.654295 283.579421
43.450000 516.203417 376.172156 287.460822 230.939173 196.370301 174.700972 130.690068 91.391409 65.434601 499.420390 415.218146 324.714320 276.658217 192.884689 283.907367
43.500000 516.779136 376.598636 287.792548 231.210387 196.604426 174.911804 130.853451 91.512174 65.526992 499.978238 415.686272 325.085864 276.978388 193.115069 284.235292
43.550000 517.354817 377.025088 288.124253 231.481585 196.838536 175.122623 131.016825 91.632933 65.619378 500.536049 416.154367 325.457384 277.298539 193.345435 284.563197
43.600000 517.930461 377.451513 288.455938 231.752766 197.072632 175.333431 131.180190 91.753687 65.711760 501.093824 416.622432 325.828880 277.618671 193.575788 284.891082
43.650000 518.506067 377.877910 288.787602 232.023932 197.306715 175.544226 131.343547 91.874434 65.804139 501.651562 417.090467 326.200354 277.938782 193.806127 285.218946
43.700000 519.081635 378.304280 289.119245 232.295080 197.540784 175.755010 131.506895 91.995176 65.896514 502.209263 417.558472 326.571803 278.258874 194.036453 285.546790
43.750000 519.657166 378.730624 289.450868 232.566213 197.774840 175.965781 131.670234 92.115912 65.988885 502.766929 418.026446 326.943230 278.578946 194.266766 285.874614
43.800000 520.232659 379.156940 289.782470 232.837329 198.008881 176.176540 131.833564 92.236643 66.081252 503.324558 418.494391 327.314633 278.898998 194.497065 286.202417
43.850000 520.808114 379.583228 290.114052 233.108428 198.242909 176.387287 131.996885 92.357367 66.173616 503.882150 418.962305 327.686013 279.219031 194.727350 286.530201
43.900000 521.383532 380.009490 290.445614 233.379512 198.476923 176.598022 132.160198 92.478086 66.265976 504.439707 419.430190 328.057369 279.539044 194.957622 286.857964
43.950000 521.958913 380.435725 290.777155 233.650579 198.710924 176.808745 132.323502 92.598799 66.358332 504.997227 419.898044 328.428703 279.859037 195.187881 287.185706
44.000000 522.534256 380.861933 291.108675 233.921630 198.944911 177.019456 132.486797 92.719506 66.450684 505.554711 420.365869 328.800013 280.179011 195.418127 287.513429
44.050000 523.109562 381.288113 291.440175 234.192665 199.178884 177.230155 132.650084 92.840208 66.543032 506.112159 420.833664 329.171300 280.498965 195.648359 287.841132
44.100000 523.684830 381.714267 291.771655 234.463684 199.412844 177.440842 132.813362 92.960903 66.635377 506.669571 421.301429 329.542564 280.818899 195.878577 288.168814
44.150000 524.260062 382.140394 292.103114 234.734687 199.646790 177.651517 132.976631 93.081593 66.727718 507.226947 421.769164 329.913805 281.138815 196.108783 288.496477
44.200000 524.835256 382.566494 292.434554 235.005673 199.880723 177.862180 133.139891 93.202278 66.820055 507.784287 422.236870 330.285022 281.458710 196.338975 288.824119
44.250000 525.410413 382.992568 292.765972 235.276644 200.114642 178.072831 133.303143 93.322956 66.912388 508.341592 422.704546 330.656217 281.778586 196.569154 289.151742
44.300000 525.985533 383.418614 293.097371 235.547598 200.348548 178.283471 133.466386 93.443629 67.004718 508.898860 423.172192 331.027389 282.098443 196.799319 289.479344
44.350000 526.560617 383.844634 293.428750 235.818536 200.582440 178.494098 133.629621 93.564296 67.097043 509.456093 423.639809 331.398538 282.418280 197.029472 289.806927
44.400000 527.135663 384.270627 293.760108 236.089459 200.816319 178.704713 133.792847 93.684958 67.189365 510.013290 424.107396 331.769664 282.738098 197.259611 290.134489
44.450000 527.710672 384.696594 294.091446 236.360365 201.050184 178.915317 133.956064 93.805613 67.281684 510.570451 424.574954 332.140767 283.057896 197.489737 290.462032
44.500000 528.285645 385.122534 294.422764 236.631255 201.284035 179.125909 134.119273 93.926263 67.373998 511.127577 425.042482 332.511847 283.377676 197.719849 290.789555
44.550000 528.860581 385.548447 294.754062 236.902130 201.517874 179.336489 134.282473 94.046908 67.466309 511.684668 425.509981 332.882905 283.697435 197.949949 291.117058
44.600000 529.435480 385.974334 295.085340 237.172988 201.751699 179.547057 134.445665 94.167546 67.558616 512.241723 425.977451 333.253939 284.017176 198.180035 291.444541
44.650000 530.010343 386.400195 295.416598 237.443831 201.985510 179.757613 134.608848 94.288180 67.650920 512.798742 426.444891 333.624951 284.336897 198.410109 291.772004
44.700000 530.585169 386.826029 295.747835 237.714657 202.219308 179.968158 134.772022 94.408807 67.743219 513.355726 426.912302 333.995941 284.656599 198.640169 292.099448
44.750000 531.159958 387.251836 296.079053 237.985468 202.453093 180.178691 134.935188 94.529429 67.835515 513.912675 427.379683 334.366907 284.976282 198.870216 292.426872
44.800000 531.734711 387.677617 296.410251 238.256263 202.686865 180.389212 135.098346 94.650045 67.927807 514.469588 427.847036 334.737851 285.295946 199.100250 292.754276
44.850000 532.309427 388.103372 296.741429 238.527042 202.920623 180.599721 135.261495 94.770655 68.020096 515.026466 428.314359 335.108773 285.615591 199.330271 293.081661
44.900000 532.884108 388.529101 297.072587 238.797805 203.154368 180.810219 135.424635 94.891260 68.112380 515.583310 428.781654 335.479671 285.935216 199.560279 293.409026
44.950000 533.458751 388.954803 297.403726 239.068553 203.388099 181.020704 135.587767 95.011859 68.204661 516.140117 429.248919 335.850547 286.254823 199.790274 293.736372
45.000000 534.033359 389.380479 297.734844 239.339285 203.621818 181.231179 135.750890 95.132453 68.296939 516.696890 429.716155 336.221401 286.574410 200.020256 294.063697
45.050000 534.607930 389.806129 298.065943 239.610001 203.855523 181.441641 135.914005 95.253041 68.389212 517.253628 430.183362 336.592232 286.893979 200.250225 294.391004
45.100000 535.182465 390.231753 298.397022 239.880701 204.089215 181.652092 136.077111 95.373623 68.481482 517.810331 430.650540 336.963041 287.213528 200.480181 294.718290
45.150000 535.756964 390.657351 298.728081 240.151386 204.322894 181.862531 136.240209 95.494200 68.573748 518.366999 431.117690 337.333827 287.533059 200.710124 295.045558
45.200000 536.331427 391.082922 299.059120 240.422055 204.556559 182.072959 136.403299 95.614771 68.666011 518.923632 431.584810 337.704591 287.852570 200.940054 295.372806
45.250000 536.905854 391.508468 299.390140 240.692708 204.790211 182.283375 136.566380 95.735337 68.758270 519.480231 432.051902 338.075333 288.172063 201.169971 295.700034
45.300000 537.480245 391.933988 299.721140 240.963346 205.023851 182.493779 136.729453 95.855897 68.850525 520.036794 432.518965 338.446052 288.491536 201.399875 296.027243
45.350000 538.054600 392.359481 300.052120 241.233968 205.257477 182.704172 136.892517 95.976451 68.942777 520.593323 432.985999 338.816749 288.810991 201.629767 296.354432
45.400000 538.628920 392.784949 300.383081 241.504574 205.491090 182.914553 137.055573 96.097000 69.035024 521.149817 433.453005 339.187424 289.130427 201.859645 296.681603
45.450000 539.203203 393.210391 300.714022 241.775165 205.724690 183.124923 137.218620 96.217543 69.127268 521.706277 433.919981 339.558076 289.449844 202.089511 297.008754
45.500000 539.777451 393.635807 301.044944 242.045741 205.958276 183.335281 137.381659 96.338081 69.219509 522.262702 434.386930 339.928707 289.769242 202.319364 297.335885
45.550000 540.351663 394.061197 301.375846 242.316301 206.191850 183.545628 137.544690 96.458613 69.311746 522.819092 434.853849 340.299315 290.088622 202.549204 297.662998
45.600000 540.925839 394.486562 301.706729 242.586845 206.425411 183.755963 137.707712 96.579140 69.403979 523.375448 435.320740 340.669901 290.407983 202.779031 297.990091
45.650000 541.499980 394.911900 302.037592 242.857374 206.658959 183.966287 137.870726 96.699661 69.496208 523.931770 435.787603 341.040465 290.727325 203.008845 298.317164
45.700000 542.074085 395.337213 302.368435 243.127888 206.892493 184.176599 138.033732 96.820177 69.588434 524.488057 436.254437 341.411007 291.046649 203.238647 298.644219
45.750000 542.648155 395.762501 302.699260 243.398386 207.126015 184.386900 138.196729 96.940687 69.680656 525.044310 436.721243 341.781526 291.365953 203.468436 298.971255
45.800000 543.222189 396.187762 303.030065 243.668868 207.359524 184.597189 138.359718 97.061192 69.772875 525.600529 437.188021 342.152024 291.685240 203.698212 299.298271
45.850000 543.796188 396.612998 303.360850 243.939336 207.593019 184.807467 138.522699 97.181691 69.865090 526.156713 437.654770 342.522500 292.004507 203.927976 299.625268
45.900000 544.370152 397.038209 303.691616 244.209787 207.826502 185.017734 138.685671 97.302184 69.957301 526.712863 438.121491 342.892954 292.323756 204.157727 299.952246
45.950000 544.944080 397.463394 304.022363 244.480224 208.059972 185.227989 138.848635 97.422672 70.049509 527.268980 438.588183 343.263386 292.642987 204.387465 300.279205
46.000000 545.517973 397.888554 304.353091 244.750645 208.293429 185.438233 139.011591 97.543155 70.141713 527.825062 439.054848 343.633796 292.962198 204.617190 300.606145
46.050000 546.091831 398.313688 304.683799 245.021051 208.526873 185.648465 139.174539 97.663632 70.233913 528.381110 439.521484 344.004184 293.281392 204.846903 300.933067
46.100000 546.665653 398.738797 305.014488 245.291442 208.760304 185.858686 139.337478 97.784104 70.326110 528.937124 439.988092 344.374550 293.600567 205.076603 301.259969
46.150000 547.239441 399.163880 305.345158 245.561817 208.993723 186.068896 139.500409 97.904570 70.418303 529.493104 440.454672 344.744895 293.919723 205.306291 301.586852
46.200000 547.813194 399.588938 305.675809 245.832177 209.227128 186.279094 139.663332 98.025030 70.510492 530.049050 440.921224 345.115217 294.238861 205.535966 301.913716
46.250000 548.386911 400.013971 306.006440 246.102522 209.460521 186.489281 139.826247 98.145486 70.602678 530.604963 441.387748 345.485518 294.557981 205.765628 302.240561
46.300000 548.960594 400.438978 306.337053 246.372852 209.693901 186.699457 139.989153 98.265935 70.694860 531.160842 441.854244 345.855798 294.877082 205.995278 302.567387
46.350000 549.534242 400.863960 306.667646 246.643166 209.927268 186.909621 140.152051 98.386380 70.787039 531.716687 442.320712 346.226055 295.196165 206.224916 302.894195
46.400000 550.107855 401.288917 306.998220 246.913466 210.160623 187.119775 140.314941 98.506819 70.879214 532.272498 442.787152 346.596292 295.515230 206.454541 303.220984
46.450000 550.681433 401.713849 307.328776 247.183750 210.393964 187.329917 140.477823 98.627252 70.971385 532.828275 443.253565 346.966506 295.834276 206.684153 303.547754
46.500000 551.254976 402.138756 307.659312 247.454019 210.627293 187.540047 140.640697 98.747680 71.063553 533.384019 443.719949 347.336699 296.153304 206.913753 303.874505
46.550000 551.828485 402.563638 307.989829 247.724273 210.860609 187.750167 140.803562 98.868103 71.155717 533.939730 444.186306 347.706870 296.472314 207.143340 304.201237
46.600000 552.401959 402.988494 308.320327 247.994512 211.093913 187.960275 140.966420 98.988520 71.247878 534.495407 444.652635 348.077020 296.791305 207.372915 304.527951
46.650000 552.975398 403.413326 308.650807 248.264736 211.327204 188.170372 141.129269 99.108932 71.340035 535.051051 445.118936 348.447148 297.110279 207.602478 304.854646
46.700000 553.548803 403.838132 308.981267 248.534944 211.560482 188.380458 141.292110 99.229338 71.432188 535.606661 445.585210 348.817255 297.429234 207.832028 305.181322
46.750000 554.122174 404.262914 309.311709 248.805138 211.793747 188.590533 141.454943 99.349739 71.524338 536.162237 446.051456 349.187340 297.748171 208.061565 305.507980
46.800000 554.695510 404.687671 309.642131 249.075317 212.027000 188.800597 141.617768 99.470135 71.616485 536.717781 446.517675 349.557404 298.067090 208.291091 305.834619
46.850000 555.268811 405.112403 309.972535 249.345481 212.260241 189.010650 141.780584 99.590525 71.708627 537.273291 446.983866 349.927447 298.385991 208.520604 306.161239
46.900000 555.842078 405.537110 310.302920 249.615630 212.493468 189.220691 141.943393 99.710910 71.800767 537.828768 447.450029 350.297468 298.704873 208.750104 306.487841
46.950000 556.415311 405.961792 310.633286 249.885763 212.726683 189.430721 142.106194 99.831289 71.892902 538.384212 447.916165 350.667468 299.023738 208.979592 306.814424
47.000000 556.988510 406.386449 310.963634 250.155882 212.959886 189.640741 142.268986 99.951664 71.985034 538.939623 448.382274 351.037446 299.342585 209.209068 307.140989
47.050000 557.561674 406.811082 311.293962 250.425986 213.193076 189.850749 142.431770 100.072032 72.077163 539.495000 448.848355 351.407403 299.661413 209.438532 307.467535
47.100000 558.134804 407.235690 311.624272 250.696076 213.426253 190.060746 142.594547 100.192396 72.169288 540.050345 449.314409 351.777340 299.980224 209.667983 307.794063
47.150000 558.707901 407.660273 311.954563 250.966150 213.659418 190.270732 142.757315 100.312754 72.261409 540.605657 449.780435 352.147254 300.299017 209.897422 308.120572
47.200000 559.280963 408.084832 312.284836 251.236209 213.892571 190.480707 142.920075 100.433106 72.353527 541.160935 450.246434 352.517148 300.617791 210.126849 308.447063
47.250000 559.853991 408.509366 312.615090 251.506254 214.125711 190.690671 143.082828 100.553454 72.445641 541.716181 450.712406 352.887021 300.936548 210.356263 308.773536
47.300000 560.426985 408.933875 312.945325 251.776284 214.358838 190.900624 143.245572 100.673796 72.537752 542.271394 451.178351 353.256872 301.255287 210.585665 309.099990
47.350000 560.999945 409.358360 313.275542 252.046299 214.591953 191.110566 143.408308 100.794133 72.629859 542.826574 451.644269 353.626702 301.574008 210.815055 309.426426
47.400000 561.572871 409.782820 313.605740 252.316299 214.825056 191.320497 143.571036 100.914464 72.721963 543.381721 452.110159 353.996512 301.892711 211.044433 309.752843
47.450000 562.145764 410.207256 313.935920 252.586285 215.058146 191.530417 143.733757 101.034790 72.814063 543.936836 452.576023 354.366300 302.211397 211.273799 310.079243
47.500000 562.718622 410.631667 314.266081 252.856256 215.291224 191.740327 143.896469 101.155111 72.906159 544.491918 453.041859 354.736067 302.530064 211.503152 310.405623
47.550000 563.291447 411.056054 314.596224 253.126212 215.524289 191.950225 144.059173 101.275426 72.998252 545.046967 453.507668 355.105813 302.848714 211.732493 310.731986
47.600000 563.864238 411.480417 314.926348 253.396153 215.757342 192.160112 144.221870 101.395737 73.090342 545.601984 453.973451 355.475539 303.167346 211.961823 311.058331
47.650000 564.436996 411.904755 315.256454 253.666080 215.990383 192.369989 144.384558 101.516041 73.182428 546.156968 454.439206 355.845243 303.485961 212.191140 311.384657
47.700000 565.009720 412.329069 315.586541 253.935992 216.223411 192.579854 144.547239 101.636341 73.274510 546.711920 454.904935 356.214927 303.804558 212.420445 311.710965
47.750000 565.582410 412.753359 315.916610 254.205890 216.456427 192.789709 144.709911 101.756635 73.366589 547.266839 455.370636 356.584589 304.123137 212.649737 312.037255
