web/models/kne/27/Metzger_0.020089_0.370345_0.100000.dat
# %ECSV 0.9
# ---
# datatype:
# - {name: time, datatype: float64}
# - {name: sdss_u, datatype: float64}
# - {name: sdss_g, datatype: float64}
# - {name: sdss_r, datatype: float64}
# - {name: sdss_i, datatype: float64}
# - {name: sdss_z, datatype: float64}
# - {name: PS1_y, datatype: float64}
# - {name: ukirt_J, datatype: float64}
# - {name: ukirt_H, datatype: float64}
# - {name: ukirt_K, datatype: float64}
# - {name: johnson_U, datatype: float64}
# - {name: johnson_B, datatype: float64}
# - {name: johnson_V, datatype: float64}
# - {name: johnson_R, datatype: float64}
# - {name: johnson_I, datatype: float64}
# - {name: Clear, datatype: float64}
# meta: !!omap
# - comment: [vej = 0.3703448275862069, mej = 0.02008866315339448, Ye = 0.1, redshift = 0.0]
# schema: astropy-2.0
time sdss_u sdss_g sdss_r sdss_i sdss_z PS1_y ukirt_J ukirt_H ukirt_K johnson_U johnson_B johnson_V johnson_R johnson_I Clear
[from data line 697]
34.950000 207.777287 147.393339 109.250688 85.023330 70.248932 61.010392 42.322333 25.768256 14.954757 200.532082 164.213347 125.254096 104.614774 68.761548 107.725478
35.000000 208.093707 147.627288 109.432277 85.171480 70.376586 61.125174 42.410895 25.833267 15.004088 200.838626 164.470311 125.457688 104.789978 68.887133 107.904966
35.050000 208.410091 147.861212 109.613846 85.319614 70.504227 61.239946 42.499449 25.898273 15.053417 201.145135 164.727245 125.661258 104.965162 69.012705 108.084435
35.100000 208.726438 148.095109 109.795396 85.467734 70.631856 61.354706 42.587996 25.963276 15.102743 201.451608 164.984151 125.864805 105.140329 69.138265 108.263886
35.150000 209.042748 148.328981 109.976927 85.615838 70.759472 61.469456 42.676536 26.028274 15.152067 201.758046 165.241027 126.068331 105.315477 69.263813 108.443317
35.200000 209.359022 148.562827 110.158438 85.763928 70.887076 61.584196 42.765068 26.093267 15.201388 202.064450 165.497875 126.271834 105.490606 69.389349 108.622730
35.250000 209.675260 148.796647 110.339931 85.912003 71.014668 61.698925 42.853593 26.158257 15.250708 202.370818 165.754694 126.475316 105.665718 69.514874 108.802123
35.300000 209.991462 149.030442 110.521404 86.060063 71.142248 61.813643 42.942111 26.223242 15.300025 202.677151 166.011485 126.678776 105.840811 69.640386 108.981498
35.350000 210.307627 149.264210 110.702859 86.208109 71.269815 61.928350 43.030622 26.288223 15.349340 202.983450 166.268247 126.882214 106.015886 69.765886 109.160855
35.400000 210.623757 149.497954 110.884294 86.356139 71.397371 62.043047 43.119125 26.353199 15.398652 203.289714 166.524981 127.085631 106.190942 69.891375 109.340192
35.450000 210.939850 149.731671 111.065711 86.504155 71.524914 62.157734 43.207621 26.418172 15.447962 203.595943 166.781686 127.289025 106.365981 70.016851 109.519511
35.500000 211.255908 149.965363 111.247108 86.652156 71.652445 62.272410 43.296110 26.483140 15.497270 203.902137 167.038362 127.492398 106.541001 70.142316 109.698811
35.550000 211.571930 150.199030 111.428487 86.800142 71.779964 62.387075 43.384592 26.548104 15.546576 204.208297 167.295011 127.695749 106.716004 70.267769 109.878092
35.600000 211.887917 150.432672 111.609847 86.948114 71.907471 62.501731 43.473067 26.613063 15.595879 204.514422 167.551631 127.899079 106.890988 70.393210 110.057355
35.650000 212.203867 150.666288 111.791188 87.096072 72.034966 62.616375 43.561534 26.678019 15.645180 204.820514 167.808223 128.102387 107.065954 70.518639 110.236600
35.700000 212.519783 150.899878 111.972510 87.244014 72.162449 62.731009 43.649994 26.742970 15.694479 205.126570 168.064787 128.305674 107.240903 70.644056 110.415826
35.750000 212.835662 151.133444 112.153814 87.391942 72.289920 62.845633 43.738448 26.807917 15.743776 205.432593 168.321323 128.508940 107.415833 70.769462 110.595034
35.800000 213.151507 151.366985 112.335099 87.539856 72.417379 62.960247 43.826894 26.872860 15.793070 205.738582 168.577830 128.712184 107.590746 70.894856 110.774223
35.850000 213.467316 151.600500 112.516366 87.687755 72.544826 63.074850 43.915332 26.937798 15.842363 206.044536 168.834310 128.915406 107.765641 71.020238 110.953394
35.900000 213.783090 151.833990 112.697614 87.835640 72.672261 63.189443 44.003764 27.002733 15.891652 206.350456 169.090762 129.118608 107.940518 71.145609 111.132546
35.950000 214.098829 152.067456 112.878843 87.983510 72.799684 63.304025 44.092189 27.067663 15.940940 206.656343 169.347187 129.321788 108.115378 71.270968 111.311680
36.000000 214.414533 152.300896 113.060054 88.131366 72.927095 63.418598 44.180607 27.132589 15.990226 206.962196 169.603583 129.524947 108.290219 71.396316 111.490797
36.050000 214.730201 152.534312 113.241247 88.279208 73.054495 63.533160 44.269017 27.197511 16.039509 207.268015 169.859952 129.728085 108.465043 71.521652 111.669894
36.100000 215.045835 152.767703 113.422421 88.427035 73.181882 63.647712 44.357421 27.262429 16.088790 207.573800 170.116293 129.931201 108.639850 71.646976 111.848974
36.150000 215.361434 153.001069 113.603576 88.574848 73.309258 63.762253 44.445818 27.327342 16.138068 207.879552 170.372607 130.134297 108.814639 71.772289 112.028036
36.200000 215.676999 153.234410 113.784714 88.722647 73.436622 63.876784 44.534207 27.392252 16.187345 208.185270 170.628893 130.337372 108.989410 71.897590 112.207079
36.250000 215.992529 153.467727 113.965833 88.870431 73.563975 63.991306 44.622590 27.457157 16.236619 208.490954 170.885152 130.540425 109.164164 72.022880 112.386105
36.300000 216.308024 153.701019 114.146934 89.018202 73.691316 64.105817 44.710966 27.522059 16.285891 208.796606 171.141383 130.743458 109.338900 72.148158 112.565112
36.350000 216.623485 153.934287 114.328017 89.165958 73.818645 64.220318 44.799334 27.586956 16.335161 209.102224 171.397587 130.946470 109.513619 72.273425 112.744102
36.400000 216.938911 154.167530 114.509081 89.313700 73.945962 64.334809 44.887696 27.651849 16.384429 209.407809 171.653764 131.149461 109.688320 72.398681 112.923074
36.450000 217.254303 154.400749 114.690128 89.461428 74.073268 64.449289 44.976051 27.716738 16.433694 209.713360 171.909913 131.352432 109.863005 72.523925 113.102028
36.500000 217.569660 154.633943 114.871156 89.609142 74.200562 64.563760 45.064399 27.781623 16.482957 210.018879 172.166036 131.555382 110.037671 72.649158 113.280964
36.550000 217.884984 154.867114 115.052166 89.756842 74.327845 64.678221 45.152740 27.846503 16.532218 210.324364 172.422131 131.758311 110.212321 72.774379 113.459882
36.600000 218.200273 155.100259 115.233158 89.904528 74.455116 64.792671 45.241074 27.911380 16.581477 210.629817 172.678200 131.961219 110.386953 72.899589 113.638782
36.650000 218.515529 155.333381 115.414133 90.052200 74.582375 64.907112 45.329401 27.976253 16.630734 210.935237 172.934241 132.164107 110.561568 73.024788 113.817665
36.700000 218.830750 155.566478 115.595089 90.199858 74.709623 65.021542 45.417722 28.041121 16.679988 211.240624 173.190256 132.366974 110.736166 73.149976 113.996530
36.750000 219.145938 155.799552 115.776028 90.347502 74.836859 65.135963 45.506035 28.105986 16.729240 211.545978 173.446244 132.569821 110.910747 73.275152 114.175378
36.800000 219.461091 156.032601 115.956948 90.495132 74.964084 65.250374 45.594342 28.170846 16.778490 211.851300 173.702205 132.772647 111.085311 73.400317 114.354208
36.850000 219.776211 156.265627 116.137851 90.642748 75.091298 65.364775 45.682642 28.235703 16.827738 212.156589 173.958139 132.975453 111.259858 73.525471 114.533020
36.900000 220.091298 156.498628 116.318736 90.790350 75.218500 65.479166 45.770935 28.300555 16.876984 212.461845 174.214046 133.178238 111.434387 73.650614 114.711815
36.950000 220.406350 156.731605 116.499604 90.937939 75.345691 65.593547 45.859221 28.365404 16.926227 212.767069 174.469927 133.381004 111.608900 73.775746 114.890592
37.000000 220.721369 156.964559 116.680453 91.085514 75.472870 65.707918 45.947501 28.430248 16.975469 213.072261 174.725782 133.583749 111.783396 73.900866 115.069352
37.050000 221.036355 157.197489 116.861285 91.233075 75.600038 65.822279 46.035774 28.495088 17.024708 213.377421 174.981610 133.786473 111.957875 74.025976 115.248094
37.100000 221.351308 157.430395 117.042100 91.380622 75.727195 65.936631 46.124040 28.559925 17.073945 213.682548 175.237411 133.989178 112.132337 74.151074 115.426819
37.150000 221.666227 157.663278 117.222896 91.528156 75.854341 66.050973 46.212299 28.624757 17.123179 213.987643 175.493187 134.191862 112.306782 74.276161 115.605527
37.200000 221.981113 157.896137 117.403676 91.675676 75.981475 66.165305 46.300551 28.689586 17.172412 214.292706 175.748935 134.394526 112.481210 74.401237 115.784217
37.250000 222.295965 158.128972 117.584437 91.823183 76.108598 66.279627 46.388797 28.754410 17.221643 214.597737 176.004658 134.597171 112.655622 74.526303 115.962890
37.300000 222.610785 158.361784 117.765182 91.970675 76.235709 66.393939 46.477036 28.819230 17.270871 214.902736 176.260355 134.799795 112.830016 74.651357 116.141546
37.350000 222.925572 158.594572 117.945909 92.118155 76.362810 66.508242 46.565269 28.884047 17.320097 215.207704 176.516025 135.002399 113.004394 74.776400 116.320185
37.400000 223.240325 158.827337 118.126618 92.265621 76.489899 66.622535 46.653494 28.948859 17.369321 215.512639 176.771669 135.204983 113.178756 74.901433 116.498807
37.450000 223.555046 159.060078 118.307310 92.413073 76.616977 66.736819 46.741714 29.013668 17.418543 215.817543 177.027287 135.407548 113.353101 75.026454 116.677411
37.500000 223.869734 159.292796 118.487985 92.560512 76.744044 66.851092 46.829926 29.078473 17.467763 216.122415 177.282880 135.610092 113.527429 75.151465 116.855999
37.550000 224.184389 159.525491 118.668642 92.707937 76.871100 66.965356 46.918132 29.143273 17.516980 216.427256 177.538446 135.812617 113.701741 75.276464 117.034569
37.600000 224.499012 159.758163 118.849283 92.855349 76.998145 67.079611 47.006331 29.208070 17.566196 216.732065 177.793986 136.015122 113.876036 75.401453 117.213122
37.650000 224.813602 159.990811 119.029906 93.002747 77.125179 67.193856 47.094524 29.272863 17.615409 217.036842 178.049501 136.217607 114.050315 75.526431 117.391659
37.700000 225.128160 160.223436 119.210512 93.150132 77.252202 67.308091 47.182710 29.337652 17.664620 217.341588 178.304990 136.420073 114.224577 75.651398 117.570178
37.750000 225.442685 160.456039 119.391100 93.297504 77.379214 67.422317 47.270889 29.402437 17.713829 217.646303 178.560453 136.622519 114.398823 75.776355 117.748681
37.800000 225.757178 160.688618 119.571672 93.444862 77.506214 67.536533 47.359062 29.467218 17.763036 217.950987 178.815891 136.824945 114.573052 75.901300 117.927166
37.850000 226.071638 160.921174 119.752227 93.592208 77.633204 67.650740 47.447228 29.531995 17.812241 218.255639 179.071303 137.027352 114.747265 76.026235 118.105635
37.900000 226.386067 161.153707 119.932764 93.739540 77.760183 67.764937 47.535388 29.596768 17.861443 218.560261 179.326689 137.229739 114.921462 76.151159 118.284087
37.950000 226.700463 161.386218 120.113285 93.886858 77.887151 67.879125 47.623541 29.661538 17.910644 218.864851 179.582050 137.432107 115.095643 76.276073 118.462523
38.000000 227.014827 161.618705 120.293788 94.034164 78.014108 67.993303 47.711688 29.726303 17.959842 219.169410 179.837386 137.634456 115.269807 76.400976 118.640941
38.050000 227.329159 161.851170 120.474275 94.181456 78.141054 68.107472 47.799828 29.791065 18.009039 219.473938 180.092696 137.836785 115.443955 76.525868 118.819343
38.100000 227.643459 162.083612 120.654745 94.328735 78.267989 68.221631 47.887962 29.855823 18.058233 219.778436 180.347981 138.039094 115.618087 76.650750 118.997728
38.150000 227.957727 162.316032 120.835198 94.476001 78.394913 68.335781 47.976089 29.920577 18.107425 220.082903 180.603241 138.241385 115.792203 76.775620 119.176097
38.200000 228.271964 162.548428 121.015634 94.623254 78.521827 68.449922 48.064210 29.985327 18.156615 220.387339 180.858475 138.443656 115.966303 76.900481 119.354449
38.250000 228.586168 162.780802 121.196053 94.770494 78.648730 68.564053 48.152324 30.050073 18.205803 220.691744 181.113685 138.645908 116.140386 77.025331 119.532784
38.300000 228.900341 163.013154 121.376456 94.917721 78.775622 68.678175 48.240432 30.114816 18.254989 220.996119 181.368869 138.848141 116.314454 77.150170 119.711103
38.350000 229.214482 163.245483 121.556842 95.064934 78.902503 68.792288 48.328534 30.179554 18.304172 221.300463 181.624028 139.050354 116.488505 77.274999 119.889406
38.400000 229.528592 163.477790 121.737211 95.212135 79.029374 68.906391 48.416629 30.244289 18.353354 221.604777 181.879163 139.252549 116.662541 77.399817 120.067692
38.450000 229.842671 163.710074 121.917563 95.359323 79.156234 69.020485 48.504717 30.309020 18.402533 221.909060 182.134272 139.454724 116.836561 77.524625 120.245962
38.500000 230.156718 163.942336 122.097899 95.506498 79.283083 69.134570 48.592799 30.373747 18.451711 222.213314 182.389356 139.656881 117.010565 77.649422 120.424215
38.550000 230.470733 164.174576 122.278219 95.653660 79.409921 69.248645 48.680875 30.438471 18.500886 222.517536 182.644416 139.859018 117.184552 77.774209 120.602452
38.600000 230.784717 164.406793 122.458522 95.800809 79.536749 69.362712 48.768945 30.503190 18.550060 222.821729 182.899451 140.061136 117.358524 77.898985 120.780673
38.650000 231.098670 164.638988 122.638808 95.947945 79.663566 69.476769 48.857008 30.567906 18.599231 223.125892 183.154461 140.263236 117.532481 78.023751 120.958877
38.700000 231.412592 164.871161 122.819078 96.095069 79.790373 69.590816 48.945065 30.632618 18.648400 223.430024 183.409446 140.465317 117.706421 78.148507 121.137065
38.750000 231.726483 165.103312 122.999331 96.242179 79.917169 69.704855 49.033115 30.697326 18.697567 223.734126 183.664407 140.667379 117.880346 78.273252 121.315237
38.800000 232.040343 165.335441 123.179568 96.389277 80.043954 69.818885 49.121159 30.762031 18.746732 224.038199 183.919343 140.869422 118.054255 78.397987 121.493393
38.850000 232.354172 165.567547 123.359789 96.536362 80.170729 69.932905 49.209197 30.826732 18.795895 224.342241 184.174255 141.071446 118.228148 78.522712 121.671532
38.900000 232.667970 165.799632 123.539993 96.683435 80.297494 70.046916 49.297229 30.891429 18.845056 224.646254 184.429142 141.273452 118.402026 78.647426 121.849656
38.950000 232.981737 166.031695 123.720181 96.830494 80.424248 70.160918 49.385254 30.956122 18.894214 224.950237 184.684005 141.475439 118.575888 78.772130 122.027763
39.000000 233.295474 166.263736 123.900353 96.977541 80.550991 70.274911 49.473273 31.020811 18.943371 225.254191 184.938843 141.677407 118.749735 78.896824 122.205855
39.050000 233.609179 166.495755 124.080509 97.124576 80.677724 70.388895 49.561285 31.085497 18.992526 225.558114 185.193657 141.879357 118.923565 79.021508 122.383930
39.100000 233.922855 166.727752 124.260648 97.271597 80.804447 70.502870 49.649292 31.150179 19.041679 225.862008 185.448447 142.081288 119.097381 79.146181 122.561989
39.150000 234.236499 166.959727 124.440771 97.418607 80.931159 70.616836 49.737292 31.214857 19.090829 226.165873 185.703213 142.283201 119.271181 79.270845 122.740033
39.200000 234.550113 167.191681 124.620878 97.565603 81.057861 70.730793 49.825286 31.279532 19.139978 226.469708 185.957954 142.485095 119.444965 79.395498 122.918060
39.250000 234.863697 167.423613 124.800969 97.712587 81.184552 70.844741 49.913274 31.344203 19.189124 226.773514 186.212672 142.686971 119.618734 79.520141 123.096072
39.300000 235.177250 167.655524 124.981044 97.859559 81.311234 70.958680 50.001256 31.408870 19.238269 227.077291 186.467365 142.888828 119.792488 79.644773 123.274068
39.350000 235.490773 167.887413 125.161103 98.006518 81.437904 71.072610 50.089231 31.473534 19.287411 227.381038 186.722034 143.090667 119.966226 79.769396 123.452048
39.400000 235.804266 168.119280 125.341146 98.153464 81.564565 71.186530 50.177200 31.538193 19.336552 227.684756 186.976680 143.292488 120.139949 79.894009 123.630012
39.450000 236.117728 168.351126 125.521173 98.300398 81.691215 71.300442 50.265163 31.602849 19.385690 227.988445 187.231301 143.494290 120.313657 80.018611 123.807960
39.500000 236.431161 168.582950 125.701184 98.447320 81.817855 71.414346 50.353120 31.667502 19.434826 228.292104 187.485899 143.696074 120.487350 80.143204 123.985893
39.550000 236.744563 168.814753 125.881179 98.594229 81.944484 71.528240 50.441071 31.732151 19.483961 228.595735 187.740472 143.897840 120.661027 80.267786 124.163810
39.600000 237.057935 169.046535 126.061158 98.741126 82.071104 71.642125 50.529016 31.796796 19.533093 228.899337 187.995022 144.099588 120.834689 80.392359 124.341712
