web/models/kne/27/Metzger_0.001239_0.418966_0.450000.dat
# %ECSV 0.9
# ---
# datatype:
# - {name: time, datatype: float64}
# - {name: sdss_u, datatype: float64}
# - {name: sdss_g, datatype: float64}
# - {name: sdss_r, datatype: float64}
# - {name: sdss_i, datatype: float64}
# - {name: sdss_z, datatype: float64}
# - {name: PS1_y, datatype: float64}
# - {name: ukirt_J, datatype: float64}
# - {name: ukirt_H, datatype: float64}
# - {name: ukirt_K, datatype: float64}
# - {name: johnson_U, datatype: float64}
# - {name: johnson_B, datatype: float64}
# - {name: johnson_V, datatype: float64}
# - {name: johnson_R, datatype: float64}
# - {name: johnson_I, datatype: float64}
# - {name: Clear, datatype: float64}
# meta: !!omap
# - comment: [vej = 0.4189655172413793, mej = 0.0012389903709424822, Ye = 0.45, redshift = 0.0]
# schema: astropy-2.0
time sdss_u sdss_g sdss_r sdss_i sdss_z PS1_y ukirt_J ukirt_H ukirt_K johnson_U johnson_B johnson_V johnson_R johnson_I Clear
[from data line 581]
29.150000 406.703068 295.009949 224.290717 179.259226 151.733136 134.486623 99.485469 68.279226 47.710337 393.313553 326.148039 253.983532 215.682192 148.958483 221.458901
29.200000 407.382810 295.513287 224.682054 179.579037 152.009106 134.735061 99.677822 68.421204 47.818775 393.972171 326.700603 254.421935 216.059871 149.230028 221.845747
29.250000 408.062474 296.016568 225.073349 179.898814 152.285047 134.983474 99.870156 68.563169 47.927205 394.630713 327.253104 254.860288 216.437509 149.501544 222.232549
29.300000 408.742058 296.519792 225.464600 180.218557 152.560960 135.231862 100.062472 68.705123 48.035627 395.289178 327.805543 255.298593 216.815106 149.773032 222.619309
29.350000 409.421564 297.022959 225.855808 180.538267 152.836844 135.480224 100.254770 68.847064 48.144042 395.947567 328.357918 255.736849 217.192661 150.044492 223.006027
29.400000 410.100991 297.526070 226.246974 180.857942 153.112700 135.728562 100.447051 68.988994 48.252449 396.605880 328.910231 256.175056 217.570176 150.315925 223.392703
29.450000 410.780340 298.029124 226.638097 181.177583 153.388528 135.976875 100.639313 69.130913 48.360848 397.264118 329.462481 256.613215 217.947649 150.587329 223.779337
29.500000 411.459610 298.532121 227.029178 181.497191 153.664327 136.225163 100.831557 69.272819 48.469240 397.922279 330.014668 257.051326 218.325082 150.858706 224.165929
29.550000 412.138803 299.035063 227.420216 181.816765 153.940098 136.473426 101.023783 69.414714 48.577624 398.580366 330.566793 257.489388 218.702474 151.130056 224.552478
29.600000 412.817918 299.537948 227.811212 182.136306 154.215841 136.721664 101.215991 69.556597 48.686001 399.238377 331.118856 257.927403 219.079825 151.401377 224.938987
29.650000 413.496955 300.040777 228.202165 182.455813 154.491556 136.969877 101.408182 69.698468 48.794370 399.896313 331.670857 258.365369 219.457135 151.672671 225.325453
29.700000 414.175915 300.543551 228.593077 182.775287 154.767243 137.218066 101.600354 69.840328 48.902731 400.554175 332.222797 258.803287 219.834406 151.943938 225.711878
29.750000 414.854798 301.046269 228.983946 183.094728 155.042902 137.466231 101.792509 69.982176 49.011085 401.211962 332.774674 259.241158 220.211635 152.215177 226.098261
29.800000 415.533603 301.548931 229.374773 183.414135 155.318532 137.714370 101.984646 70.124013 49.119432 401.869674 333.326490 259.678981 220.588825 152.486389 226.484603
29.850000 416.212332 302.051538 229.765559 183.733509 155.594136 137.962485 102.176766 70.265838 49.227771 402.527312 333.878244 260.116756 220.965974 152.757573 226.870903
29.900000 416.890984 302.554089 230.156303 184.052850 155.869711 138.210576 102.368868 70.407651 49.336102 403.184876 334.429938 260.554484 221.343083 153.028730 227.257163
29.950000 417.569560 303.056585 230.547005 184.372158 156.145258 138.458643 102.560952 70.549453 49.444426 403.842366 334.981570 260.992164 221.720153 153.299860 227.643381
30.000000 418.248059 303.559026 230.937666 184.691433 156.420778 138.706685 102.753018 70.691243 49.552743 404.499782 335.533141 261.429798 222.097182 153.570963 228.029558
30.050000 418.926482 304.061413 231.328285 185.010675 156.696271 138.954702 102.945067 70.833022 49.661052 405.157124 336.084651 261.867384 222.474171 153.842039 228.415694
30.100000 419.604829 304.563744 231.718862 185.329884 156.971735 139.202696 103.137099 70.974790 49.769353 405.814393 336.636100 262.304923 222.851121 154.113088 228.801790
30.150000 420.283100 305.066021 232.109399 185.649061 157.247173 139.450665 103.329113 71.116546 49.877648 406.471589 337.187489 262.742415 223.228031 154.384110 229.187845
30.200000 420.961296 305.568243 232.499894 185.968205 157.522582 139.698610 103.521110 71.258290 49.985934 407.128712 337.738818 263.179861 223.604902 154.655104 229.573859
30.250000 421.639416 306.070411 232.890348 186.287316 157.797965 139.946531 103.713089 71.400023 50.094214 407.785762 338.290086 263.617259 223.981733 154.926073 229.959832
30.300000 422.317461 306.572524 233.280761 186.606395 158.073320 140.194428 103.905051 71.541745 50.202486 408.442739 338.841294 264.054611 224.358525 155.197014 230.345765
30.350000 422.995431 307.074584 233.671134 186.925442 158.348648 140.442302 104.096995 71.683456 50.310750 409.099644 339.392442 264.491917 224.735277 155.467929 230.731658
30.400000 423.673326 307.576589 234.061465 187.244456 158.623949 140.690151 104.288923 71.825155 50.419008 409.756476 339.943530 264.929176 225.111990 155.738817 231.117510
30.450000 424.351147 308.078540 234.451756 187.563437 158.899223 140.937976 104.480833 71.966843 50.527258 410.413235 340.494559 265.366389 225.488664 156.009678 231.503322
30.500000 425.028892 308.580438 234.842006 187.882387 159.174469 141.185778 104.672725 72.108519 50.635500 411.069923 341.045527 265.803556 225.865299 156.280513 231.889094
30.550000 425.706564 309.082282 235.232216 188.201305 159.449689 141.433555 104.864601 72.250184 50.743735 411.726539 341.596437 266.240677 226.241895 156.551321 232.274827
30.600000 426.384161 309.584072 235.622385 188.520190 159.724882 141.681309 105.056460 72.391838 50.851963 412.383083 342.147287 266.677752 226.618453 156.822103 232.660519
30.650000 427.061684 310.085809 236.012514 188.839043 160.000048 141.929040 105.248301 72.533481 50.960184 413.039556 342.698078 267.114781 226.994971 157.092859 233.046171
30.700000 427.739133 310.587492 236.402602 189.157865 160.275187 142.176747 105.440125 72.675113 51.068397 413.695957 343.248809 267.551764 227.371451 157.363588 233.431784
30.750000 428.416509 311.089122 236.792651 189.476655 160.550299 142.424430 105.631933 72.816733 51.176603 414.352287 343.799482 267.988702 227.747893 157.634292 233.817357
30.800000 429.093811 311.590700 237.182659 189.795412 160.825385 142.672089 105.823723 72.958342 51.284802 415.008546 344.350096 268.425594 228.124295 157.904968 234.202890
30.850000 429.771039 312.092224 237.572627 190.114138 161.100444 142.919726 106.015496 73.099940 51.392993 415.664733 344.900652 268.862440 228.500660 158.175619 234.588384
30.900000 430.448194 312.593695 237.962555 190.432833 161.375476 143.167339 106.207253 73.241527 51.501178 416.320851 345.451149 269.299242 228.876986 158.446244 234.973838
30.950000 431.125277 313.095114 238.352444 190.751496 161.650482 143.414928 106.398992 73.383103 51.609355 416.976897 346.001587 269.735998 229.253273 158.716843 235.359254
31.000000 431.802286 313.596480 238.742293 191.070127 161.925461 143.662494 106.590715 73.524668 51.717525 417.632873 346.551968 270.172708 229.629523 158.987415 235.744630
31.050000 432.479223 314.097794 239.132102 191.388727 162.200414 143.910037 106.782420 73.666222 51.825687 418.288779 347.102290 270.609374 230.005735 159.257962 236.129966
31.100000 433.156087 314.599055 239.521872 191.707296 162.475340 144.157557 106.974109 73.807765 51.933843 418.944614 347.652554 271.045995 230.381908 159.528483 236.515264
31.150000 433.832879 315.100264 239.911602 192.025833 162.750241 144.405053 107.165782 73.949296 52.041991 419.600380 348.202760 271.482571 230.758044 159.798978 236.900523
31.200000 434.509599 315.601421 240.301293 192.344339 163.025115 144.652527 107.357437 74.090817 52.150132 420.256076 348.752909 271.919103 231.134142 160.069448 237.285743
31.250000 435.186246 316.102526 240.690944 192.662814 163.299963 144.899977 107.549076 74.232327 52.258266 420.911702 349.303000 272.355589 231.510202 160.339891 237.670924
31.300000 435.862822 316.603579 241.080556 192.981258 163.574784 145.147404 107.740698 74.373825 52.366392 421.567259 349.853033 272.792031 231.886224 160.610309 238.056067
31.350000 436.539326 317.104580 241.470129 193.299670 163.849580 145.394809 107.932304 74.515313 52.474512 422.222746 350.403009 273.228429 232.262209 160.880702 238.441171
31.400000 437.215758 317.605529 241.859663 193.618052 164.124349 145.642190 108.123892 74.656790 52.582624 422.878164 350.952928 273.664782 232.638156 161.151069 238.826236
31.450000 437.892119 318.106427 242.249159 193.936403 164.399093 145.889549 108.315465 74.798256 52.690730 423.533514 351.502790 274.101091 233.014066 161.421410 239.211263
31.500000 438.568409 318.607274 242.638615 194.254723 164.673811 146.136885 108.507021 74.939711 52.798828 424.188794 352.052595 274.537356 233.389939 161.691727 239.596252
31.550000 439.244627 319.108069 243.028032 194.573012 164.948503 146.384197 108.698560 75.081156 52.906919 424.844005 352.602342 274.973577 233.765774 161.962017 239.981202
31.600000 439.920775 319.608813 243.417411 194.891270 165.223169 146.631488 108.890083 75.222589 53.015003 425.499148 353.152034 275.409754 234.141572 162.232283 240.366114
31.650000 440.596852 320.109506 243.806751 195.209498 165.497809 146.878755 109.081589 75.364012 53.123080 426.154223 353.701668 275.845887 234.517333 162.502523 240.750988
31.700000 441.272858 320.610148 244.196053 195.527696 165.772423 147.126000 109.273079 75.505424 53.231150 426.809229 354.251246 276.281976 234.893057 162.772738 241.135824
31.750000 441.948794 321.110738 244.585316 195.845862 166.047012 147.373223 109.464553 75.646825 53.339213 427.464167 354.800768 276.718022 235.268744 163.042928 241.520622
31.800000 442.624659 321.611279 244.974541 196.163999 166.321576 147.620422 109.656010 75.788215 53.447269 428.119037 355.350234 277.154024 235.644395 163.313092 241.905382
31.850000 443.300455 322.111768 245.363727 196.482105 166.596113 147.867600 109.847451 75.929595 53.555318 428.773839 355.899643 277.589982 236.020008 163.583232 242.290104
31.900000 443.976180 322.612207 245.752876 196.800180 166.870626 148.114754 110.038876 76.070964 53.663359 429.428574 356.448997 278.025898 236.395585 163.853346 242.674789
31.950000 444.651835 323.112596 246.141986 197.118226 167.145112 148.361887 110.230285 76.212322 53.771394 430.083241 356.998294 278.461769 236.771125 164.123436 243.059436
32.000000 445.327421 323.612934 246.531058 197.436241 167.419574 148.608997 110.421677 76.353670 53.879422 430.737841 357.547536 278.897598 237.146629 164.393501 243.444045
32.050000 446.002937 324.113222 246.920092 197.754226 167.694010 148.856085 110.613053 76.495007 53.987443 431.392373 358.096722 279.333383 237.522096 164.663541 243.828617
32.100000 446.678384 324.613459 247.309088 198.072181 167.968421 149.103150 110.804413 76.636333 54.095457 432.046839 358.645853 279.769126 237.897527 164.933556 244.213151
32.150000 447.353762 325.113647 247.698047 198.390106 168.242807 149.350193 110.995757 76.777648 54.203464 432.701237 359.194929 280.204825 238.272921 165.203546 244.597649
32.200000 448.029070 325.613785 248.086968 198.708001 168.517167 149.597215 111.187085 76.918953 54.311464 433.355569 359.743949 280.640482 238.648279 165.473512 244.982109
32.250000 448.704310 326.113873 248.475851 199.025866 168.791502 149.844213 111.378397 77.060248 54.419457 434.009834 360.292914 281.076096 239.023601 165.743453 245.366531
32.300000 449.379480 326.613912 248.864696 199.343701 169.065813 150.091190 111.569693 77.201532 54.527443 434.664032 360.841824 281.511667 239.398887 166.013370 245.750917
32.350000 450.054582 327.113900 249.253504 199.661507 169.340098 150.338145 111.760972 77.342805 54.635422 435.318165 361.390679 281.947196 239.774137 166.283262 246.135266
32.400000 450.729616 327.613840 249.642275 199.979283 169.614358 150.585078 111.952236 77.484068 54.743394 435.972230 361.939479 282.382682 240.149351 166.553129 246.519578
32.450000 451.404581 328.113730 250.031008 200.297029 169.888594 150.831989 112.143484 77.625320 54.851359 436.626230 362.488224 282.818126 240.524529 166.822972 246.903853
32.500000 452.079478 328.613570 250.419704 200.614745 170.162804 151.078878 112.334716 77.766562 54.959318 437.280164 363.036915 283.253528 240.899671 167.092791 247.288091
32.550000 452.754307 329.113362 250.808363 200.932433 170.436990 151.325745 112.525932 77.907794 55.067269 437.934032 363.585552 283.688887 241.274778 167.362585 247.672292
32.600000 453.429068 329.613104 251.196985 201.250090 170.711151 151.572590 112.717133 78.049015 55.175214 438.587835 364.134134 284.124204 241.649849 167.632355 248.056457
32.650000 454.103761 330.112798 251.585570 201.567719 170.985287 151.819414 112.908317 78.190225 55.283152 439.241571 364.682662 284.559479 242.024885 167.902101 248.440586
32.700000 454.778387 330.612442 251.974118 201.885318 171.259399 152.066215 113.099486 78.331425 55.391083 439.895243 365.231136 284.994712 242.399884 168.171822 248.824678
32.750000 455.452945 331.112038 252.362629 202.202887 171.533485 152.312995 113.290639 78.472615 55.499007 440.548849 365.779556 285.429904 242.774849 168.441520 249.208733
32.800000 456.127436 331.611585 252.751103 202.520428 171.807548 152.559754 113.481776 78.613794 55.606925 441.202390 366.327922 285.865053 243.149778 168.711193 249.592752
32.850000 456.801859 332.111084 253.139540 202.837939 172.081586 152.806491 113.672898 78.754963 55.714835 441.855867 366.876235 286.300161 243.524672 168.980842 249.976735
32.900000 457.476216 332.610534 253.527941 203.155421 172.355599 153.053206 113.864004 78.896122 55.822739 442.509278 367.424493 286.735227 243.899531 169.250467 250.360682
32.950000 458.150506 333.109936 253.916306 203.472875 172.629588 153.299900 114.055094 79.037270 55.930636 443.162625 367.972698 287.170252 244.274354 169.520069 250.744593
33.000000 458.824728 333.609290 254.304633 203.790299 172.903553 153.546572 114.246169 79.178408 56.038526 443.815907 368.520850 287.605235 244.649143 169.789646 251.128467
33.050000 459.498885 334.108595 254.692925 204.107694 173.177493 153.793223 114.437228 79.319536 56.146410 444.469125 369.068949 288.040177 245.023897 170.059200 251.512306
33.100000 460.172974 334.607853 255.081180 204.425061 173.451409 154.039852 114.628272 79.460654 56.254287 445.122278 369.616994 288.475078 245.398615 170.328729 251.896109
33.150000 460.846998 335.107062 255.469399 204.742398 173.725301 154.286460 114.819300 79.601761 56.362156 445.775367 370.164986 288.909938 245.773299 170.598235 252.279876
33.200000 461.520955 335.606224 255.857581 205.059707 173.999168 154.533047 115.010313 79.742858 56.470020 446.428393 370.712925 289.344756 246.147948 170.867717 252.663608
33.250000 462.194846 336.105338 256.245728 205.376987 174.273012 154.779612 115.201310 79.883945 56.577876 447.081354 371.260812 289.779534 246.522562 171.137176 253.047303
33.300000 462.868671 336.604404 256.633838 205.694239 174.546831 155.026156 115.392292 80.025021 56.685726 447.734252 371.808645 290.214270 246.897142 171.406611 253.430963
33.350000 463.542430 337.103422 257.021913 206.011462 174.820626 155.272679 115.583259 80.166088 56.793569 448.387086 372.356426 290.648966 247.271687 171.676022 253.814588
33.400000 464.216124 337.602394 257.409951 206.328656 175.094398 155.519181 115.774210 80.307144 56.901405 449.039856 372.904154 291.083621 247.646198 171.945410 254.198177
33.450000 464.889752 338.101317 257.797954 206.645823 175.368145 155.765662 115.965145 80.448190 57.009235 449.692563 373.451830 291.518235 248.020674 172.214774 254.581731
33.500000 465.563315 338.600194 258.185921 206.962960 175.641869 156.012122 116.156066 80.589226 57.117058 450.345207 373.999454 291.952809 248.395116 172.484115 254.965250
33.550000 466.236812 339.099023 258.573852 207.280070 175.915568 156.258561 116.346971 80.730252 57.224874 450.997788 374.547025 292.387342 248.769524 172.753433 255.348733
33.600000 466.910245 339.597806 258.961748 207.597151 176.189244 156.504978 116.537861 80.871268 57.332684 451.650306 375.094545 292.821835 249.143897 173.022727 255.732181
33.650000 467.583612 340.096541 259.349608 207.914203 176.462896 156.751375 116.728736 81.012274 57.440487 452.302761 375.642012 293.256287 249.518237 173.291998 256.115594
33.700000 468.256915 340.595230 259.737433 208.231228 176.736525 156.997751 116.919595 81.153269 57.548284 452.955154 376.189427 293.690699 249.892542 173.561245 256.498972
