web/models/kne/27/Metzger_0.500000_0.143448_0.450000.dat
# %ECSV 0.9
# ---
# datatype:
# - {name: time, datatype: float64}
# - {name: sdss_u, datatype: float64}
# - {name: sdss_g, datatype: float64}
# - {name: sdss_r, datatype: float64}
# - {name: sdss_i, datatype: float64}
# - {name: sdss_z, datatype: float64}
# - {name: PS1_y, datatype: float64}
# - {name: ukirt_J, datatype: float64}
# - {name: ukirt_H, datatype: float64}
# - {name: ukirt_K, datatype: float64}
# - {name: johnson_U, datatype: float64}
# - {name: johnson_B, datatype: float64}
# - {name: johnson_V, datatype: float64}
# - {name: johnson_R, datatype: float64}
# - {name: johnson_I, datatype: float64}
# - {name: Clear, datatype: float64}
# meta: !!omap
# - comment: [vej = 0.14344827586206896, mej = 0.5000000000045836, Ye = 0.45, redshift = 0.0]
# schema: astropy-2.0
time sdss_u sdss_g sdss_r sdss_i sdss_z PS1_y ukirt_J ukirt_H ukirt_K johnson_U johnson_B johnson_V johnson_R johnson_I Clear
[from data line 582]
29.200000 24.956001 12.389215 4.606045 -0.233071 -3.123633 -4.899208 -8.384412 -11.283558 -13.005955 23.436933 15.865605 7.851721 3.672374 -3.411358 4.298514
29.250000 25.045409 12.454588 4.656158 -0.192704 -3.089239 -4.868565 -8.361411 -11.267421 -12.994383 23.523464 15.937685 7.908247 3.720626 -3.377567 4.348015
29.300000 25.134814 12.519960 4.706271 -0.152335 -3.054843 -4.837921 -8.338407 -11.251279 -12.982806 23.609990 16.009764 7.964772 3.768878 -3.343774 4.397516
29.350000 25.224214 12.585330 4.756384 -0.111965 -3.020446 -4.807273 -8.315400 -11.235134 -12.971225 23.696513 16.081840 8.021296 3.817131 -3.309980 4.447017
29.400000 25.313610 12.650699 4.806497 -0.071594 -2.986046 -4.776624 -8.292390 -11.218984 -12.959639 23.783032 16.153913 8.077820 3.865384 -3.276183 4.496519
29.450000 25.403002 12.716066 4.856611 -0.031222 -2.951644 -4.745972 -8.269376 -11.202831 -12.948048 23.869547 16.225984 8.134344 3.913637 -3.242384 4.546021
29.500000 25.492389 12.781431 4.906724 0.009151 -2.917241 -4.715318 -8.246359 -11.186673 -12.936454 23.956057 16.298053 8.190866 3.961891 -3.208583 4.595522
29.550000 25.581771 12.846794 4.956838 0.049526 -2.882836 -4.684661 -8.223340 -11.170512 -12.924854 24.042563 16.370119 8.247388 4.010144 -3.174781 4.645024
29.600000 25.671148 12.912155 5.006951 0.089901 -2.848429 -4.654003 -8.200317 -11.154346 -12.913251 24.129064 16.442181 8.303908 4.058398 -3.140977 4.694525
29.650000 25.760520 12.977514 5.057063 0.130277 -2.814021 -4.623342 -8.177291 -11.138177 -12.901643 24.215560 16.514241 8.360428 4.106651 -3.107171 4.744027
29.700000 25.849887 13.042870 5.107176 0.170654 -2.779611 -4.592680 -8.154262 -11.122005 -12.890032 24.302052 16.586298 8.416946 4.154905 -3.073363 4.793527
29.750000 25.939248 13.108224 5.157287 0.211032 -2.745200 -4.562016 -8.131231 -11.105828 -12.878415 24.388539 16.658352 8.473463 4.203158 -3.039555 4.843028
29.800000 26.028604 13.173576 5.207399 0.251410 -2.710788 -4.531350 -8.108196 -11.089648 -12.866795 24.475020 16.730402 8.529979 4.251410 -3.005744 4.892528
29.850000 26.117955 13.238925 5.257509 0.291789 -2.676374 -4.500682 -8.085159 -11.073465 -12.855171 24.561496 16.802449 8.586493 4.299663 -2.971933 4.942027
29.900000 26.207299 13.304272 5.307619 0.332168 -2.641959 -4.470012 -8.062120 -11.057278 -12.843542 24.647967 16.874492 8.643005 4.347914 -2.938120 4.991526
29.950000 26.296638 13.369615 5.357728 0.372548 -2.607542 -4.439341 -8.039077 -11.041087 -12.831910 24.734432 16.946531 8.699516 4.396165 -2.904305 5.041023
30.000000 26.385970 13.434956 5.407836 0.412928 -2.573125 -4.408668 -8.016032 -11.024893 -12.820273 24.820891 17.018567 8.756025 4.444416 -2.870490 5.090520
30.050000 26.475296 13.500293 5.457942 0.453308 -2.538707 -4.377994 -7.992985 -11.008695 -12.808633 24.907345 17.090598 8.812532 4.492665 -2.836673 5.140016
30.100000 26.564616 13.565627 5.508048 0.493689 -2.504287 -4.347318 -7.969935 -10.992494 -12.796989 24.993793 17.162626 8.869037 4.540914 -2.802856 5.189511
30.150000 26.653930 13.630958 5.558153 0.534069 -2.469867 -4.316641 -7.946883 -10.976290 -12.785340 25.080234 17.234650 8.925540 4.589161 -2.769037 5.239005
30.200000 26.743237 13.696286 5.608256 0.574449 -2.435446 -4.285962 -7.923828 -10.960082 -12.773688 25.166669 17.306669 8.982041 4.637408 -2.735218 5.288498
30.250000 26.832537 13.761611 5.658358 0.614830 -2.401024 -4.255282 -7.900771 -10.943872 -12.762032 25.253098 17.378684 9.038540 4.685654 -2.701398 5.337989
30.300000 26.921830 13.826931 5.708458 0.655210 -2.366602 -4.224601 -7.877712 -10.927658 -12.750373 25.339521 17.450694 9.095036 4.733898 -2.667576 5.387479
30.350000 27.011116 13.892248 5.758557 0.695590 -2.332179 -4.193919 -7.854650 -10.911441 -12.738709 25.425937 17.522700 9.151530 4.782141 -2.633755 5.436967
30.400000 27.100396 13.957562 5.808654 0.735970 -2.297755 -4.163236 -7.831586 -10.895220 -12.727042 25.512346 17.594701 9.208021 4.830383 -2.599932 5.486454
30.450000 27.189668 14.022871 5.858750 0.776350 -2.263331 -4.132551 -7.808521 -10.878997 -12.715371 25.598749 17.666697 9.264510 4.878623 -2.566109 5.535940
30.500000 27.278932 14.088177 5.908843 0.816729 -2.228906 -4.101866 -7.785453 -10.862771 -12.703697 25.685144 17.738689 9.320996 4.926862 -2.532286 5.585423
30.550000 27.368190 14.153478 5.958935 0.857108 -2.194481 -4.071180 -7.762383 -10.846541 -12.692019 25.771533 17.810675 9.377480 4.975099 -2.498461 5.634905
30.600000 27.457439 14.218776 6.009025 0.897486 -2.160055 -4.040493 -7.739311 -10.830309 -12.680337 25.857914 17.882657 9.433960 5.023334 -2.464637 5.684385
30.650000 27.546681 14.284069 6.059113 0.937863 -2.125630 -4.009805 -7.716237 -10.814074 -12.668652 25.944288 17.954633 9.490438 5.071568 -2.430812 5.733863
30.700000 27.635915 14.349358 6.109199 0.978240 -2.091204 -3.979116 -7.693162 -10.797836 -12.656963 26.030655 18.026604 9.546912 5.119800 -2.396987 5.783339
30.750000 27.725141 14.414642 6.159283 1.018617 -2.056778 -3.948426 -7.670084 -10.781595 -12.645271 26.117014 18.098569 9.603384 5.168030 -2.363162 5.832813
30.800000 27.814359 14.479922 6.209365 1.058992 -2.022352 -3.917736 -7.647005 -10.765351 -12.633576 26.203365 18.170530 9.659852 5.216258 -2.329336 5.882285
30.850000 27.903569 14.545198 6.259444 1.099367 -1.987925 -3.887046 -7.623924 -10.749105 -12.621877 26.289709 18.242484 9.716317 5.264484 -2.295510 5.931755
30.900000 27.992771 14.610469 6.309521 1.139740 -1.953499 -3.856354 -7.600841 -10.732855 -12.610175 26.376045 18.314433 9.772779 5.312708 -2.261684 5.981223
30.950000 28.081965 14.675735 6.359595 1.180113 -1.919073 -3.825663 -7.577757 -10.716603 -12.598469 26.462373 18.386376 9.829237 5.360930 -2.227858 6.030688
31.000000 28.171149 14.740996 6.409667 1.220485 -1.884647 -3.794970 -7.554671 -10.700349 -12.586760 26.548693 18.458313 9.885692 5.409150 -2.194033 6.080150
31.050000 28.260326 14.806252 6.459736 1.260855 -1.850221 -3.764278 -7.531583 -10.684092 -12.575048 26.635005 18.530245 9.942143 5.457367 -2.160207 6.129611
31.100000 28.349493 14.871504 6.509803 1.301225 -1.815795 -3.733585 -7.508494 -10.667832 -12.563332 26.721309 18.602170 9.998591 5.505582 -2.126381 6.179068
31.150000 28.438652 14.936750 6.559867 1.341593 -1.781370 -3.702892 -7.485404 -10.651570 -12.551614 26.807604 18.674089 10.055035 5.553795 -2.092556 6.228523
31.200000 28.527802 15.001991 6.609928 1.381960 -1.746945 -3.672198 -7.462312 -10.635305 -12.539892 26.893891 18.746002 10.111475 5.602005 -2.058731 6.277976
31.250000 28.616943 15.067227 6.659987 1.422326 -1.712520 -3.641505 -7.439218 -10.619038 -12.528167 26.980169 18.817909 10.167911 5.650212 -2.024906 6.327425
31.300000 28.706075 15.132457 6.710042 1.462690 -1.678096 -3.610811 -7.416123 -10.602768 -12.516439 27.066439 18.889809 10.224343 5.698417 -1.991081 6.376872
31.350000 28.795198 15.197683 6.760095 1.503053 -1.643673 -3.580117 -7.393027 -10.586496 -12.504708 27.152700 18.961703 10.280772 5.746619 -1.957257 6.426316
31.400000 28.884311 15.262902 6.810144 1.543414 -1.609249 -3.549423 -7.369930 -10.570222 -12.492974 27.238952 19.033590 10.337196 5.794819 -1.923433 6.475757
31.450000 28.973415 15.328117 6.860190 1.583774 -1.574827 -3.518729 -7.346831 -10.553945 -12.481236 27.325195 19.105471 10.393616 5.843016 -1.889610 6.525195
31.500000 29.062510 15.393325 6.910234 1.624132 -1.540405 -3.488035 -7.323732 -10.537666 -12.469496 27.411429 19.177345 10.450032 5.891209 -1.855787 6.574630
31.550000 29.151595 15.458528 6.960274 1.664489 -1.505984 -3.457341 -7.300631 -10.521385 -12.457753 27.497655 19.249213 10.506444 5.939400 -1.821965 6.624062
31.600000 29.240670 15.523725 7.010310 1.704844 -1.471563 -3.426647 -7.277529 -10.505101 -12.446007 27.583870 19.321073 10.562852 5.987588 -1.788144 6.673490
31.650000 29.329736 15.588917 7.060344 1.745197 -1.437143 -3.395953 -7.254426 -10.488815 -12.434258 27.670077 19.392927 10.619255 6.035773 -1.754323 6.722916
31.700000 29.418791 15.654102 7.110374 1.785548 -1.402724 -3.365260 -7.231321 -10.472528 -12.422506 27.756274 19.464773 10.675653 6.083955 -1.720503 6.772338
31.750000 29.507837 15.719281 7.160400 1.825898 -1.368306 -3.334567 -7.208216 -10.456238 -12.410751 27.842462 19.536613 10.732048 6.132134 -1.686684 6.821757
31.800000 29.596873 15.784455 7.210423 1.866246 -1.333889 -3.303874 -7.185110 -10.439945 -12.398994 27.928640 19.608445 10.788437 6.180309 -1.652865 6.871172
31.850000 29.685899 15.849622 7.260443 1.906591 -1.299473 -3.273181 -7.162003 -10.423651 -12.387233 28.014809 19.680270 10.844822 6.228481 -1.619048 6.920584
31.900000 29.774914 15.914783 7.310458 1.946935 -1.265058 -3.242489 -7.138895 -10.407355 -12.375470 28.100968 19.752088 10.901202 6.276650 -1.585231 6.969992
31.950000 29.863920 15.979938 7.360471 1.987276 -1.230644 -3.211797 -7.115786 -10.391057 -12.363704 28.187117 19.823898 10.957578 6.324816 -1.551415 7.019397
32.000000 29.952915 16.045087 7.410479 2.027616 -1.196230 -3.181106 -7.092676 -10.374757 -12.351936 28.273257 19.895701 11.013948 6.372978 -1.517600 7.068798
32.050000 30.041899 16.110229 7.460483 2.067953 -1.161819 -3.150415 -7.069566 -10.358455 -12.340165 28.359386 19.967497 11.070314 6.421136 -1.483787 7.118196
32.100000 30.130873 16.175365 7.510484 2.108288 -1.127408 -3.119725 -7.046455 -10.342151 -12.328391 28.445505 20.039285 11.126675 6.469291 -1.449974 7.167589
32.150000 30.219836 16.240494 7.560481 2.148621 -1.092998 -3.089035 -7.023343 -10.325845 -12.316614 28.531615 20.111065 11.183031 6.517443 -1.416162 7.216979
32.200000 30.308789 16.305617 7.610474 2.188952 -1.058590 -3.058346 -7.000230 -10.309537 -12.304835 28.617714 20.182838 11.239382 6.565591 -1.382352 7.266365
32.250000 30.397731 16.370733 7.660463 2.229280 -1.024183 -3.027658 -6.977117 -10.293227 -12.293053 28.703802 20.254603 11.295727 6.613735 -1.348543 7.315747
32.300000 30.486662 16.435842 7.710448 2.269606 -0.989777 -2.996970 -6.954003 -10.276916 -12.281269 28.789881 20.326360 11.352068 6.661875 -1.314735 7.365126
32.350000 30.575583 16.500945 7.760429 2.309930 -0.955373 -2.966283 -6.930889 -10.260603 -12.269482 28.875949 20.398109 11.408403 6.710012 -1.280928 7.414500
32.400000 30.664492 16.566041 7.810405 2.350251 -0.920970 -2.935597 -6.907774 -10.244288 -12.257693 28.962007 20.469850 11.464733 6.758145 -1.247123 7.463870
32.450000 30.753390 16.631130 7.860378 2.390569 -0.886569 -2.904912 -6.884658 -10.227971 -12.245901 29.048054 20.541583 11.521058 6.806274 -1.213319 7.513236
32.500000 30.842278 16.696212 7.910346 2.430886 -0.852169 -2.874227 -6.861542 -10.211653 -12.234107 29.134090 20.613308 11.577377 6.854399 -1.179516 7.562598
32.550000 30.931154 16.761288 7.960310 2.471199 -0.817771 -2.843544 -6.838426 -10.195333 -12.222310 29.220116 20.685025 11.633691 6.902520 -1.145715 7.611956
32.600000 31.020018 16.826356 8.010269 2.511510 -0.783374 -2.812861 -6.815309 -10.179011 -12.210511 29.306131 20.756734 11.690000 6.950637 -1.111915 7.661309
32.650000 31.108872 16.891417 8.060224 2.551818 -0.748979 -2.782179 -6.792191 -10.162688 -12.198710 29.392136 20.828435 11.746303 6.998750 -1.078117 7.710659
32.700000 31.197714 16.956471 8.110175 2.592123 -0.714586 -2.751498 -6.769074 -10.146363 -12.186906 29.478129 20.900127 11.802600 7.046859 -1.044320 7.760004
32.750000 31.286545 17.021518 8.160121 2.632426 -0.680194 -2.720818 -6.745956 -10.130037 -12.175100 29.564112 20.971811 11.858892 7.094964 -1.010525 7.809344
32.800000 31.375364 17.086557 8.210063 2.672726 -0.645804 -2.690140 -6.722837 -10.113709 -12.163291 29.650083 21.043486 11.915178 7.143065 -0.976732 7.858680
32.850000 31.464171 17.151589 8.260000 2.713023 -0.611415 -2.659462 -6.699719 -10.097380 -12.151480 29.736044 21.115153 11.971459 7.191161 -0.942940 7.908012
32.900000 31.552967 17.216614 8.309933 2.753317 -0.577029 -2.628786 -6.676600 -10.081049 -12.139667 29.821993 21.186811 12.027734 7.239253 -0.909150 7.957339
32.950000 31.641751 17.281632 8.359861 2.793609 -0.542644 -2.598110 -6.653481 -10.064717 -12.127852 29.907931 21.258461 12.084003 7.287341 -0.875361 8.006662
33.000000 31.730524 17.346642 8.409784 2.833897 -0.508261 -2.567436 -6.630362 -10.048383 -12.116035 29.993858 21.330102 12.140266 7.335424 -0.841575 8.055980
33.050000 31.819285 17.411645 8.459702 2.874183 -0.473880 -2.536763 -6.607242 -10.032048 -12.104215 30.079774 21.401735 12.196523 7.383503 -0.807790 8.105294
33.100000 31.908033 17.476640 8.509616 2.914465 -0.439501 -2.506091 -6.584123 -10.015711 -12.092393 30.165678 21.473358 12.252774 7.431578 -0.774007 8.154603
33.150000 31.996770 17.541627 8.559525 2.954745 -0.405124 -2.475421 -6.561003 -9.999373 -12.080569 30.251571 21.544973 12.309020 7.479648 -0.740225 8.203907
33.200000 32.085495 17.606607 8.609429 2.995021 -0.370749 -2.444752 -6.537883 -9.983034 -12.068743 30.337452 21.616579 12.365259 7.527714 -0.706446 8.253206
33.250000 32.174208 17.671580 8.659329 3.035294 -0.336376 -2.414084 -6.514763 -9.966694 -12.056914 30.423322 21.688176 12.421492 7.575775 -0.672668 8.302501
33.300000 32.262909 17.736544 8.709223 3.075564 -0.302005 -2.383417 -6.491643 -9.950352 -12.045084 30.509180 21.759765 12.477719 7.623831 -0.638893 8.351791
33.350000 32.351597 17.801501 8.759112 3.115831 -0.267636 -2.352752 -6.468524 -9.934009 -12.033252 30.595027 21.831344 12.533940 7.671883 -0.605119 8.401076
33.400000 32.440273 17.866450 8.808997 3.156095 -0.233269 -2.322089 -6.445404 -9.917665 -12.021417 30.680862 21.902914 12.590155 7.719931 -0.571348 8.450356
33.450000 32.528938 17.931391 8.858876 3.196355 -0.198905 -2.291426 -6.422284 -9.901319 -12.009581 30.766685 21.974475 12.646364 7.767973 -0.537578 8.499631
33.500000 32.617589 17.996325 8.908750 3.236612 -0.164542 -2.260766 -6.399164 -9.884973 -11.997742 30.852497 22.046027 12.702566 7.816011 -0.503811 8.548901
33.550000 32.706229 18.061250 8.958619 3.276866 -0.130182 -2.230107 -6.376045 -9.868625 -11.985901 30.938297 22.117570 12.758762 7.864044 -0.470045 8.598167
33.600000 32.794856 18.126167 9.008483 3.317117 -0.095824 -2.199449 -6.352925 -9.852276 -11.974059 31.024084 22.189104 12.814952 7.912072 -0.436282 8.647427
33.650000 32.883470 18.191077 9.058342 3.357364 -0.061468 -2.168793 -6.329806 -9.835926 -11.962214 31.109860 22.260628 12.871135 7.960096 -0.402521 8.696682
33.700000 32.972072 18.255978 9.108196 3.397608 -0.027114 -2.138138 -6.306687 -9.819575 -11.950368 31.195624 22.332144 12.927312 8.008114 -0.368762 8.745932
33.750000 33.060662 18.320871 9.158044 3.437848 0.007237 -2.107485 -6.283568 -9.803222 -11.938520 31.281376 22.403649 12.983483 8.056128 -0.335005 8.795177
33.800000 33.149239 18.385757 9.207887 3.478085 0.041586 -2.076834 -6.260449 -9.786869 -11.926669 31.367116 22.475146 13.039647 8.104137 -0.301251 8.844417
33.850000 33.237803 18.450634 9.257725 3.518319 0.075932 -2.046185 -6.237330 -9.770515 -11.914817 31.452843 22.546633 13.095805 8.152141 -0.267499 8.893651
33.900000 33.326355 18.515503 9.307557 3.558549 0.110277 -2.015537 -6.214212 -9.754159 -11.902963 31.538559 22.618111 13.151956 8.200140 -0.233749 8.942881
33.950000 33.414894 18.580363 9.357385 3.598775 0.144618 -1.984890 -6.191094 -9.737803 -11.891108 31.624262 22.689579 13.208100 8.248133 -0.200001 8.992105
34.000000 33.503420 18.645215 9.407206 3.638998 0.178958 -1.954246 -6.167976 -9.721445 -11.879250 31.709954 22.761037 13.264238 8.296122 -0.166256 9.041324
34.050000 33.591933 18.710060 9.457023 3.679217 0.213294 -1.923603 -6.144859 -9.705087 -11.867390 31.795632 22.832487 13.320370 8.344106 -0.132513 9.090537
34.100000 33.680433 18.774895 9.506833 3.719433 0.247629 -1.892962 -6.121742 -9.688728 -11.855529 31.881299 22.903926 13.376494 8.392085 -0.098772 9.139746
34.150000 33.768921 18.839723 9.556639 3.759645 0.281961 -1.862323 -6.098625 -9.672367 -11.843666 31.966953 22.975356 13.432612 8.440058 -0.065034 9.188949
