web/models/kne/27/Metzger_0.138217_0.305517_0.450000.dat
# %ECSV 0.9
# ---
# datatype:
# - {name: time, datatype: float64}
# - {name: sdss_u, datatype: float64}
# - {name: sdss_g, datatype: float64}
# - {name: sdss_r, datatype: float64}
# - {name: sdss_i, datatype: float64}
# - {name: sdss_z, datatype: float64}
# - {name: PS1_y, datatype: float64}
# - {name: ukirt_J, datatype: float64}
# - {name: ukirt_H, datatype: float64}
# - {name: ukirt_K, datatype: float64}
# - {name: johnson_U, datatype: float64}
# - {name: johnson_B, datatype: float64}
# - {name: johnson_V, datatype: float64}
# - {name: johnson_R, datatype: float64}
# - {name: johnson_I, datatype: float64}
# - {name: Clear, datatype: float64}
# meta: !!omap
# - comment: [vej = 0.30551724137931036, mej = 0.13821730389118514, Ye = 0.45, redshift = 0.0]
# schema: astropy-2.0
time sdss_u sdss_g sdss_r sdss_i sdss_z PS1_y ukirt_J ukirt_H ukirt_K johnson_U johnson_B johnson_V johnson_R johnson_I Clear
[from data line 2319]
116.050000 375.900912 271.557664 205.504919 163.453552 137.754100 121.654703 88.990346 59.882978 40.711517 363.391550 300.644735 233.236772 197.465458 135.163844 202.860271
116.100000 376.064807 271.679015 205.599260 163.530643 137.820617 121.714581 89.036698 59.917181 40.737630 363.550350 300.777959 233.342463 197.556505 135.229295 202.953528
116.150000 376.228699 271.800365 205.693599 163.607732 137.887134 121.774458 89.083049 59.951383 40.763744 363.709148 300.911180 233.448153 197.647550 135.294744 203.046784
116.200000 376.392588 271.921712 205.787937 163.684821 137.953650 121.834334 89.129400 59.985585 40.789858 363.867943 301.044399 233.553841 197.738594 135.360192 203.140038
116.250000 376.556474 272.043058 205.882273 163.761908 138.020164 121.894209 89.175749 60.019787 40.815971 364.026734 301.177615 233.659526 197.829636 135.425640 203.233291
116.300000 376.720358 272.164401 205.976607 163.838994 138.086678 121.954083 89.222099 60.053988 40.842085 364.185523 301.310830 233.765211 197.920677 135.491086 203.326542
116.350000 376.884238 272.285742 206.070940 163.916078 138.153190 122.013956 89.268447 60.088189 40.868198 364.344309 301.444041 233.870893 198.011716 135.556531 203.419791
116.400000 377.048115 272.407081 206.165271 163.993162 138.219702 122.073829 89.314796 60.122390 40.894311 364.503092 301.577251 233.976573 198.102753 135.621976 203.513039
116.450000 377.211989 272.528418 206.259601 164.070244 138.286213 122.133701 89.361143 60.156590 40.920424 364.661872 301.710458 234.082252 198.193790 135.687419 203.606285
116.500000 377.375859 272.649752 206.353929 164.147325 138.352722 122.193572 89.407490 60.190790 40.946536 364.820650 301.843662 234.187929 198.284824 135.752862 203.699530
116.550000 377.539727 272.771085 206.448255 164.224405 138.419231 122.253442 89.453837 60.224990 40.972649 364.979424 301.976865 234.293604 198.375857 135.818303 203.792774
116.600000 377.703592 272.892415 206.542580 164.301483 138.485739 122.313311 89.500182 60.259189 40.998761 365.138195 302.110065 234.399277 198.466889 135.883744 203.886015
116.650000 377.867454 273.013744 206.636903 164.378561 138.552245 122.373179 89.546528 60.293389 41.024873 365.296964 302.243262 234.504948 198.557919 135.949183 203.979256
116.700000 378.031313 273.135070 206.731225 164.455637 138.618751 122.433046 89.592872 60.327587 41.050985 365.455729 302.376457 234.610618 198.648948 136.014622 204.072494
116.750000 378.195169 273.256394 206.825545 164.532712 138.685255 122.492913 89.639216 60.361786 41.077097 365.614492 302.509650 234.716286 198.739975 136.080059 204.165731
116.800000 378.359022 273.377716 206.919864 164.609786 138.751759 122.552779 89.685560 60.395984 41.103209 365.773252 302.642840 234.821952 198.831001 136.145496 204.258967
116.850000 378.522872 273.499035 207.014181 164.686858 138.818262 122.612644 89.731903 60.430182 41.129320 365.932009 302.776028 234.927616 198.922025 136.210931 204.352201
116.900000 378.686719 273.620353 207.108496 164.763929 138.884763 122.672508 89.778245 60.464379 41.155432 366.090763 302.909214 235.033278 199.013048 136.276366 204.445433
116.950000 378.850563 273.741669 207.202810 164.841000 138.951264 122.732371 89.824587 60.498576 41.181543 366.249514 303.042397 235.138939 199.104069 136.341800 204.538664
117.000000 379.014404 273.862982 207.297123 164.918068 139.017764 122.792233 89.870928 60.532773 41.207654 366.408262 303.175578 235.244598 199.195088 136.407233 204.631894
117.050000 379.178241 273.984293 207.391433 164.995136 139.084262 122.852094 89.917269 60.566969 41.233765 366.567007 303.308757 235.350255 199.286107 136.472664 204.725121
117.100000 379.342076 274.105602 207.485743 165.072203 139.150760 122.911955 89.963609 60.601165 41.259875 366.725750 303.441933 235.455910 199.377123 136.538095 204.818348
117.150000 379.505908 274.226909 207.580050 165.149268 139.217257 122.971815 90.009948 60.635361 41.285986 366.884489 303.575107 235.561563 199.468138 136.603525 204.911572
117.200000 379.669737 274.348214 207.674356 165.226332 139.283753 123.031674 90.056287 60.669557 41.312096 367.043226 303.708278 235.667215 199.559152 136.668954 205.004796
117.250000 379.833563 274.469517 207.768661 165.303395 139.350247 123.091532 90.102626 60.703752 41.338207 367.201960 303.841447 235.772865 199.650164 136.734382 205.098017
117.300000 379.997386 274.590818 207.862964 165.380456 139.416741 123.151389 90.148963 60.737947 41.364317 367.360690 303.974614 235.878513 199.741175 136.799808 205.191237
117.350000 380.161206 274.712116 207.957265 165.457517 139.483234 123.211245 90.195300 60.772141 41.390427 367.519418 304.107778 235.984159 199.832184 136.865234 205.284456
117.400000 380.325023 274.833413 208.051565 165.534576 139.549725 123.271100 90.241637 60.806335 41.416536 367.678143 304.240940 236.089803 199.923192 136.930659 205.377673
117.450000 380.488837 274.954707 208.145863 165.611634 139.616216 123.330955 90.287973 60.840529 41.442646 367.836866 304.374100 236.195446 200.014198 136.996083 205.470889
117.500000 380.652648 275.075999 208.240160 165.688691 139.682706 123.390809 90.334308 60.874723 41.468755 367.995585 304.507257 236.301087 200.105203 137.061506 205.564103
117.550000 380.816456 275.197289 208.334455 165.765746 139.749195 123.450662 90.380643 60.908916 41.494865 368.154301 304.640412 236.406726 200.196206 137.126928 205.657315
117.600000 380.980261 275.318577 208.428749 165.842801 139.815682 123.510514 90.426978 60.943109 41.520974 368.313015 304.773565 236.512363 200.287208 137.192350 205.750526
117.650000 381.144063 275.439863 208.523041 165.919854 139.882169 123.570365 90.473311 60.977301 41.547083 368.471726 304.906715 236.617998 200.378208 137.257770 205.843735
117.700000 381.307862 275.561147 208.617331 165.996906 139.948655 123.630215 90.519644 61.011493 41.573192 368.630434 305.039863 236.723632 200.469207 137.323189 205.936943
117.750000 381.471658 275.682429 208.711620 166.073957 140.015140 123.690065 90.565977 61.045685 41.599300 368.789138 305.173008 236.829264 200.560204 137.388607 206.030149
117.800000 381.635451 275.803708 208.805908 166.151006 140.081624 123.749913 90.612309 61.079877 41.625409 368.947841 305.306151 236.934894 200.651200 137.454024 206.123354
117.850000 381.799241 275.924986 208.900194 166.228055 140.148107 123.809761 90.658640 61.114068 41.651517 369.106540 305.439292 237.040522 200.742194 137.519441 206.216557
117.900000 381.963028 276.046261 208.994478 166.305102 140.214588 123.869608 90.704971 61.148259 41.677625 369.265236 305.572431 237.146149 200.833187 137.584856 206.309759
117.950000 382.126812 276.167534 209.088761 166.382148 140.281069 123.929454 90.751301 61.182450 41.703733 369.423930 305.705567 237.251774 200.924178 137.650270 206.402959
118.000000 382.290594 276.288805 209.183042 166.459193 140.347549 123.989299 90.797631 61.216640 41.729841 369.582620 305.838701 237.357397 201.015168 137.715684 206.496158
118.050000 382.454372 276.410074 209.277321 166.536236 140.414028 124.049144 90.843960 61.250830 41.755949 369.741308 305.971832 237.463018 201.106156 137.781096 206.589355
118.100000 382.618147 276.531341 209.371599 166.613279 140.480506 124.108987 90.890289 61.285019 41.782056 369.899993 306.104961 237.568637 201.197143 137.846507 206.682551
118.150000 382.781920 276.652606 209.465876 166.690320 140.546983 124.168830 90.936617 61.319209 41.808163 370.058675 306.238088 237.674255 201.288128 137.911918 206.775745
118.200000 382.945689 276.773869 209.560151 166.767360 140.613459 124.228672 90.982944 61.353398 41.834271 370.217354 306.371212 237.779871 201.379112 137.977328 206.868937
118.250000 383.109455 276.895130 209.654424 166.844399 140.679934 124.288513 91.029271 61.387586 41.860378 370.376030 306.504334 237.885485 201.470095 138.042736 206.962128
118.300000 383.273219 277.016388 209.748696 166.921436 140.746408 124.348353 91.075597 61.421774 41.886485 370.534704 306.637454 237.991097 201.561076 138.108144 207.055318
118.350000 383.436979 277.137645 209.842967 166.998472 140.812881 124.408192 91.121923 61.455962 41.912591 370.693374 306.770572 238.096708 201.652055 138.173550 207.148506
118.400000 383.600737 277.258899 209.937235 167.075508 140.879353 124.468030 91.168248 61.490150 41.938698 370.852042 306.903687 238.202316 201.743033 138.238956 207.241692
118.450000 383.764491 277.380151 210.031503 167.152542 140.945824 124.527868 91.214573 61.524337 41.964804 371.010707 307.036799 238.307923 201.834010 138.304361 207.334877
118.500000 383.928243 277.501401 210.125768 167.229575 141.012294 124.587705 91.260897 61.558524 41.990910 371.169369 307.169910 238.413528 201.924985 138.369765 207.428060
118.550000 384.091992 277.622650 210.220033 167.306606 141.078763 124.647541 91.307220 61.592711 42.017016 371.328028 307.303018 238.519132 202.015958 138.435167 207.521242
118.600000 384.255737 277.743896 210.314295 167.383637 141.145231 124.707376 91.353543 61.626897 42.043122 371.486684 307.436124 238.624734 202.106930 138.500569 207.614423
118.650000 384.419480 277.865139 210.408556 167.460666 141.211698 124.767210 91.399865 61.661083 42.069228 371.645338 307.569227 238.730333 202.197901 138.565970 207.707601
118.700000 384.583220 277.986381 210.502816 167.537694 141.278165 124.827043 91.446187 61.695269 42.095334 371.803989 307.702328 238.835931 202.288870 138.631370 207.800779
118.750000 384.746957 278.107621 210.597074 167.614721 141.344630 124.886876 91.492508 61.729454 42.121439 371.962636 307.835427 238.941528 202.379838 138.696769 207.893954
118.800000 384.910691 278.228859 210.691330 167.691746 141.411094 124.946708 91.538828 61.763640 42.147544 372.121281 307.968523 239.047122 202.470804 138.762167 207.987129
118.850000 385.074422 278.350094 210.785585 167.768771 141.477557 125.006538 91.585148 61.797824 42.173649 372.279924 308.101618 239.152715 202.561769 138.827564 208.080302
118.900000 385.238150 278.471328 210.879838 167.845794 141.544020 125.066368 91.631468 61.832009 42.199754 372.438563 308.234709 239.258306 202.652732 138.892960 208.173473
118.950000 385.401875 278.592559 210.974090 167.922816 141.610481 125.126198 91.677787 61.866193 42.225859 372.597199 308.367799 239.363895 202.743694 138.958356 208.266643
119.000000 385.565597 278.713789 211.068341 167.999837 141.676941 125.186026 91.724105 61.900376 42.251964 372.755833 308.500886 239.469483 202.834654 139.023750 208.359811
119.050000 385.729316 278.835016 211.162589 168.076857 141.743400 125.245853 91.770423 61.934560 42.278068 372.914464 308.633971 239.575069 202.925613 139.089143 208.452977
119.100000 385.893032 278.956241 211.256837 168.153875 141.809859 125.305680 91.816740 61.968743 42.304172 373.073092 308.767053 239.680653 203.016570 139.154535 208.546143
119.150000 386.056746 279.077464 211.351082 168.230893 141.876316 125.365506 91.863056 62.002926 42.330276 373.231717 308.900134 239.786235 203.107526 139.219927 208.639306
119.200000 386.220456 279.198685 211.445327 168.307909 141.942773 125.425331 91.909372 62.037108 42.356380 373.390339 309.033212 239.891815 203.198480 139.285317 208.732468
119.250000 386.384164 279.319904 211.539569 168.384924 142.009228 125.485155 91.955688 62.071290 42.382484 373.548959 309.166287 239.997394 203.289433 139.350707 208.825629
119.300000 386.547868 279.441121 211.633810 168.461938 142.075682 125.544978 92.002003 62.105472 42.408588 373.707575 309.299360 240.102971 203.380385 139.416095 208.918788
119.350000 386.711570 279.562336 211.728050 168.538950 142.142136 125.604801 92.048317 62.139654 42.434691 373.866189 309.432431 240.208546 203.471335 139.481483 209.011946
119.400000 386.875269 279.683548 211.822288 168.615962 142.208588 125.664622 92.094631 62.173835 42.460795 374.024800 309.565500 240.314119 203.562284 139.546869 209.105102
119.450000 387.038964 279.804759 211.916524 168.692972 142.275040 125.724443 92.140944 62.208016 42.486898 374.183408 309.698566 240.419691 203.653231 139.612255 209.198257
119.500000 387.202657 279.925968 212.010759 168.769981 142.341491 125.784263 92.187256 62.242196 42.513001 374.342013 309.831630 240.525261 203.744176 139.677640 209.291410
119.550000 387.366347 280.047174 212.104993 168.846989 142.407940 125.844082 92.233568 62.276376 42.539104 374.500616 309.964692 240.630829 203.835120 139.743023 209.384561
119.600000 387.530034 280.168379 212.199225 168.923995 142.474389 125.903900 92.279880 62.310556 42.565206 374.659216 310.097752 240.736396 203.926063 139.808406 209.477711
119.650000 387.693718 280.289581 212.293455 169.001001 142.540836 125.963718 92.326191 62.344736 42.591309 374.817813 310.230809 240.841960 204.017004 139.873788 209.570860
119.700000 387.857400 280.410781 212.387684 169.078005 142.607283 126.023534 92.372501 62.378915 42.617411 374.976407 310.363864 240.947523 204.107944 139.939169 209.664007
119.750000 388.021078 280.531980 212.481911 169.155008 142.673729 126.083350 92.418811 62.413094 42.643513 375.134998 310.496916 241.053084 204.198883 140.004549 209.757153
119.800000 388.184753 280.653176 212.576137 169.232010 142.740174 126.143165 92.465120 62.447272 42.669615 375.293586 310.629966 241.158644 204.289819 140.069928 209.850297
119.850000 388.348426 280.774370 212.670362 169.309011 142.806617 126.202979 92.511429 62.481451 42.695717 375.452172 310.763014 241.264201 204.380755 140.135306 209.943439
119.900000 388.512095 280.895562 212.764584 169.386011 142.873060 126.262792 92.557737 62.515629 42.721819 375.610755 310.896060 241.369757 204.471689 140.200683 210.036580
119.950000 388.675762 281.016752 212.858806 169.463009 142.939502 126.322605 92.604044 62.549806 42.747920 375.769335 311.029103 241.475311 204.562621 140.266059 210.129720
120.000000 388.839426 281.137940 212.953025 169.540006 143.005943 126.382416 92.650351 62.583983 42.774022 375.927912 311.162144 241.580864 204.653552 140.331435 210.222858
120.050000 389.003087 281.259126 213.047244 169.617002 143.072383 126.442227 92.696657 62.618160 42.800123 376.086487 311.295183 241.686414 204.744482 140.396809 210.315995
120.100000 389.166744 281.380310 213.141460 169.693997 143.138822 126.502037 92.742963 62.652337 42.826224 376.245058 311.428219 241.791963 204.835410 140.462182 210.409130
120.150000 389.330400 281.501491 213.235675 169.770991 143.205260 126.561846 92.789268 62.686513 42.852325 376.403627 311.561254 241.897510 204.926337 140.527555 210.502263
120.200000 389.494052 281.622671 213.329889 169.847984 143.271697 126.621654 92.835573 62.720689 42.878426 376.562193 311.694285 242.003056 205.017262 140.592926 210.595395
120.250000 389.657701 281.743849 213.424101 169.924975 143.338133 126.681461 92.881877 62.754865 42.904526 376.720756 311.827315 242.108599 205.108186 140.658297 210.688526
120.300000 389.821347 281.865024 213.518312 170.001965 143.404568 126.741268 92.928181 62.789040 42.930627 376.879317 311.960342 242.214141 205.199108 140.723666 210.781655
120.350000 389.984991 281.986198 213.612521 170.078954 143.471002 126.801074 92.974484 62.823215 42.956727 377.037874 312.093367 242.319681 205.290029 140.789035 210.874783
120.400000 390.148631 282.107369 213.706729 170.155942 143.537435 126.860879 93.020786 62.857390 42.982827 377.196429 312.226390 242.425220 205.380949 140.854402 210.967909
120.450000 390.312269 282.228539 213.800935 170.232929 143.603867 126.920683 93.067088 62.891564 43.008927 377.354981 312.359410 242.530757 205.471867 140.919769 211.061034
120.500000 390.475904 282.349706 213.895139 170.309914 143.670299 126.980486 93.113389 62.925738 43.035027 377.513531 312.492428 242.636292 205.562783 140.985135 211.154157
120.550000 390.639535 282.470872 213.989342 170.386898 143.736729 127.040288 93.159690 62.959912 43.061126 377.672077 312.625444 242.741825 205.653698 141.050500 211.247278
120.600000 390.803164 282.592035 214.083544 170.463882 143.803158 127.100090 93.205990 62.994086 43.087226 377.830621 312.758458 242.847356 205.744612 141.115864 211.340398
