web/models/kne/27/Metzger_0.004482_0.483793_0.450000.dat
# %ECSV 0.9
# ---
# datatype:
# - {name: time, datatype: float64}
# - {name: sdss_u, datatype: float64}
# - {name: sdss_g, datatype: float64}
# - {name: sdss_r, datatype: float64}
# - {name: sdss_i, datatype: float64}
# - {name: sdss_z, datatype: float64}
# - {name: PS1_y, datatype: float64}
# - {name: ukirt_J, datatype: float64}
# - {name: ukirt_H, datatype: float64}
# - {name: ukirt_K, datatype: float64}
# - {name: johnson_U, datatype: float64}
# - {name: johnson_B, datatype: float64}
# - {name: johnson_V, datatype: float64}
# - {name: johnson_R, datatype: float64}
# - {name: johnson_I, datatype: float64}
# - {name: Clear, datatype: float64}
# meta: !!omap
# - comment: [vej = 0.48379310344827586, mej = 0.004482037834891008, Ye = 0.45, redshift = 0.0]
# schema: astropy-2.0
time sdss_u sdss_g sdss_r sdss_i sdss_z PS1_y ukirt_J ukirt_H ukirt_K johnson_U johnson_B johnson_V johnson_R johnson_I Clear
[from data line 1616]
80.900000 nan 618.261687 475.582475 384.595733 328.901816 293.966107 222.930173 159.358056 117.240016 nan 681.027674 535.514481 458.198658 323.283655 469.864437
80.950000 nan 618.633082 475.871539 384.832219 329.106074 294.150127 223.072964 159.463817 117.321122 nan 681.435255 535.838142 458.477681 323.484660 470.150198
81.000000 nan 619.004465 476.160594 385.068697 329.310326 294.334141 223.215752 159.569575 117.402226 nan 681.842823 536.161793 458.756697 323.685658 470.435951
81.050000 nan 619.375837 476.449640 385.305168 329.514572 294.518149 223.358535 159.675330 117.483328 nan 682.250378 536.485434 459.035704 323.886651 470.721695
81.100000 nan 619.747197 476.738677 385.541632 329.718812 294.702152 223.501314 159.781083 117.564428 nan 682.657921 536.809065 459.314702 324.087638 471.007431
81.150000 nan 620.118545 477.027705 385.778089 329.923045 294.886150 223.644089 159.886832 117.645526 nan 683.065450 537.132686 459.593691 324.288619 471.293157
81.200000 nan 620.489881 477.316724 386.014539 330.127273 295.070143 223.786860 159.992579 117.726622 nan 683.472967 537.456297 459.872672 324.489594 471.578875
81.250000 nan 620.861206 477.605735 386.250981 330.331494 295.254130 223.929628 160.098323 117.807716 nan 683.880471 537.779898 460.151645 324.690563 471.864584
81.300000 nan 621.232520 477.894736 386.487417 330.535710 295.438112 224.072391 160.204065 117.888809 nan 684.287962 538.103488 460.430609 324.891526 472.150284
81.350000 nan 621.603821 478.183729 386.723845 330.739919 295.622088 224.215150 160.309803 117.969899 nan 684.695440 538.427069 460.709564 325.092483 472.435975
81.400000 nan 621.975111 478.472713 386.960266 330.944123 295.806059 224.357905 160.415539 118.050987 nan 685.102905 538.750640 460.988511 325.293434 472.721658
81.450000 nan 622.346389 478.761688 387.196680 331.148320 295.990024 224.500656 160.521272 118.132074 nan 685.510357 539.074200 461.267449 325.494379 473.007332
81.500000 nan 622.717656 479.050654 387.433087 331.352512 296.173984 224.643403 160.627002 118.213158 nan 685.917797 539.397751 461.546378 325.695318 473.292997
81.550000 nan 623.088911 479.339611 387.669487 331.556697 296.357939 224.786146 160.732730 118.294241 nan 686.325224 539.721291 461.825300 325.896251 473.578653
81.600000 nan 623.460155 479.628559 387.905880 331.760876 296.541889 224.928886 160.838454 118.375321 nan 686.732637 540.044822 462.104212 326.097179 473.864300
81.650000 nan 623.831386 479.917498 388.142265 331.965049 296.725833 225.071621 160.944177 118.456400 nan 687.140039 540.368343 462.383116 326.298100 474.149939
81.700000 nan 624.202607 480.206429 388.378644 332.169217 296.909772 225.214352 161.049896 118.537477 nan 687.547427 540.691853 462.662012 326.499016 474.435569
81.750000 nan 624.573815 480.495351 388.615015 332.373378 297.093705 225.357079 161.155612 118.618552 nan 687.954802 541.015354 462.940899 326.699925 474.721190
81.800000 nan 624.945013 480.784263 388.851379 332.577533 297.277633 225.499803 161.261326 118.699625 nan 688.362165 541.338844 463.219777 326.900829 475.006803
81.850000 nan 625.316198 481.073167 389.087736 332.781682 297.461556 225.642522 161.367037 118.780696 nan 688.769515 541.662325 463.498648 327.101727 475.292407
81.900000 nan 625.687372 481.362063 389.324087 332.985825 297.645473 225.785237 161.472745 118.861765 nan 689.176852 541.985795 463.777509 327.302619 475.578002
81.950000 nan 626.058535 481.650949 389.560430 333.189962 297.829385 225.927949 161.578451 118.942832 nan 689.584177 542.309256 464.056362 327.503505 475.863588
82.000000 nan 626.429686 481.939827 389.796766 333.394094 298.013292 226.070656 161.684154 119.023897 nan 689.991489 542.632707 464.335207 327.704385 476.149166
82.050000 nan 626.800825 482.228695 390.033095 333.598219 298.197193 226.213359 161.789854 119.104960 nan 690.398788 542.956147 464.614043 327.905259 476.434735
82.100000 nan 627.171953 482.517556 390.269417 333.802338 298.381089 226.356059 161.895551 119.186022 nan 690.806074 543.279578 464.892871 328.106127 476.720295
82.150000 nan 627.543069 482.806407 390.505731 334.006451 298.564980 226.498754 162.001246 119.267081 nan 691.213348 543.602999 465.171690 328.306990 477.005847
82.200000 nan 627.914174 483.095249 390.742039 334.210558 298.748866 226.641446 162.106938 119.348139 nan 691.620609 543.926410 465.450501 328.507846 477.291390
82.250000 nan 628.285268 483.384083 390.978340 334.414659 298.932746 226.784134 162.212627 119.429195 nan 692.027857 544.249811 465.729303 328.708697 477.576924
82.300000 nan 628.656350 483.672908 391.214634 334.618755 299.116621 226.926817 162.318313 119.510248 nan 692.435093 544.573202 466.008097 328.909542 477.862450
82.350000 nan 629.027420 483.961724 391.450920 334.822844 299.300490 227.069497 162.423997 119.591300 nan 692.842316 544.896584 466.286883 329.110381 478.147967
82.400000 nan 629.398479 484.250531 391.687200 335.026927 299.484354 227.212173 162.529678 119.672350 nan 693.249526 545.219955 466.565660 329.311214 478.433475
82.450000 nan 629.769527 484.539330 391.923473 335.231005 299.668213 227.354845 162.635356 119.753398 nan 693.656724 545.543316 466.844428 329.512041 478.718975
82.500000 nan 630.140563 484.828120 392.159738 335.435076 299.852067 227.497513 162.741032 119.834444 nan 694.063909 545.866668 467.123189 329.712863 479.004466
82.550000 nan 630.511587 485.116901 392.395997 335.639142 300.035915 227.640177 162.846705 119.915488 nan 694.471081 546.190010 467.401940 329.913678 479.289949
82.600000 nan 630.882601 485.405674 392.632249 335.843201 300.219758 227.782837 162.952375 119.996531 nan 694.878241 546.513342 467.680684 330.114488 479.575423
82.650000 nan 631.253603 485.694437 392.868493 336.047255 300.403596 227.925493 163.058042 120.077571 nan 695.285388 546.836664 467.959419 330.315292 479.860888
82.700000 nan 631.624593 485.983192 393.104731 336.251302 300.587429 228.068145 163.163707 120.158609 nan 695.692523 547.159976 468.238146 330.516090 480.146345
82.750000 nan 631.995572 486.271939 393.340962 336.455344 300.771256 228.210793 163.269369 120.239646 nan 696.099645 547.483278 468.516864 330.716882 480.431793
82.800000 nan 632.366540 486.560676 393.577185 336.659380 300.955078 228.353438 163.375028 120.320681 nan 696.506754 547.806571 468.795574 330.917669 480.717232
82.850000 nan 632.737496 486.849405 393.813402 336.863410 301.138895 228.496078 163.480685 120.401713 nan 696.913851 548.129853 469.074275 331.118449 481.002663
82.900000 nan 633.108441 487.138125 394.049612 337.067434 301.322706 228.638715 163.586339 120.482744 nan 697.320935 548.453126 469.352969 331.319224 481.288085
82.950000 nan 633.479374 487.426837 394.285815 337.271452 301.506512 228.781347 163.691990 120.563773 nan 697.728007 548.776389 469.631653 331.519993 481.573499
83.000000 nan 633.850297 487.715540 394.522010 337.475464 301.690313 228.923976 163.797638 120.644800 nan 698.135066 549.099643 469.910330 331.720756 481.858904
83.050000 nan 634.221207 488.004234 394.758199 337.679470 301.874109 229.066601 163.903284 120.725825 nan 698.542113 549.422886 470.188998 331.921514 482.144301
83.100000 nan 634.592107 488.292920 394.994381 337.883470 302.057900 229.209222 164.008927 120.806849 nan 698.949147 549.746120 470.467658 332.122265 482.429689
83.150000 nan 634.962995 488.581597 395.230556 338.087465 302.241685 229.351839 164.114567 120.887870 nan 699.356169 550.069344 470.746309 332.323011 482.715069
83.200000 nan 635.333872 488.870265 395.466724 338.291453 302.425465 229.494452 164.220205 120.968889 nan 699.763178 550.392558 471.024953 332.523751 483.000440
83.250000 nan 635.704737 489.158924 395.702885 338.495436 302.609240 229.637061 164.325840 121.049907 nan 700.170175 550.715762 471.303587 332.724486 483.285802
83.300000 nan 636.075592 489.447575 395.939039 338.699412 302.793009 229.779667 164.431472 121.130923 nan 700.577159 551.038957 471.582214 332.925214 483.571156
83.350000 nan 636.446435 489.736218 396.175187 338.903383 302.976773 229.922268 164.537102 121.211937 nan 700.984131 551.362142 471.860832 333.125937 483.856501
83.400000 nan 636.817266 490.024852 396.411327 339.107348 303.160533 230.064866 164.642729 121.292948 nan 701.391090 551.685317 472.139442 333.326654 484.141838
83.450000 nan 637.188087 490.313477 396.647460 339.311307 303.344286 230.207459 164.748353 121.373958 nan 701.798037 552.008482 472.418044 333.527365 484.427167
83.500000 nan 637.558896 490.602093 396.883587 339.515261 303.528035 230.350049 164.853975 121.454967 nan 702.204972 552.331638 472.696637 333.728070 484.712486
83.550000 nan 637.929694 490.890701 397.119706 339.719208 303.711779 230.492635 164.959594 121.535973 nan 702.611894 552.654784 472.975222 333.928770 484.997798
83.600000 nan 638.300480 491.179300 397.355819 339.923150 303.895517 230.635217 165.065210 121.616977 nan 703.018803 552.977920 473.253799 334.129464 485.283101
83.650000 nan 638.671256 491.467891 397.591925 340.127085 304.079250 230.777795 165.170823 121.697980 nan 703.425700 553.301047 473.532368 334.330152 485.568395
83.700000 nan 639.042020 491.756473 397.828024 340.331015 304.262978 230.920370 165.276434 121.778980 nan 703.832585 553.624164 473.810928 334.530834 485.853681
83.750000 nan 639.412772 492.045047 398.064116 340.534939 304.446700 231.062940 165.382042 121.859979 nan 704.239458 553.947271 474.089480 334.731511 486.138959
83.800000 nan 639.783514 492.333612 398.300201 340.738857 304.630418 231.205507 165.487648 121.940976 nan 704.646318 554.270368 474.368024 334.932182 486.424228
83.850000 nan 640.154245 492.622168 398.536279 340.942770 304.814130 231.348069 165.593251 122.021971 nan 705.053165 554.593456 474.646560 335.132847 486.709488
83.900000 nan 640.524964 492.910716 398.772351 341.146676 304.997837 231.490628 165.698851 122.102964 nan 705.460000 554.916534 474.925087 335.333507 486.994740
83.950000 nan 640.895672 493.199256 399.008415 341.350577 305.181539 231.633183 165.804448 122.183955 nan 705.866823 555.239603 475.203606 335.534160 487.279984
84.000000 nan 641.266369 493.487786 399.244473 341.554471 305.365236 231.775734 165.910043 122.264945 nan 706.273634 555.562661 475.482117 335.734808 487.565219
84.050000 nan 641.637054 493.776309 399.480524 341.758360 305.548928 231.918282 166.015635 122.345932 nan 706.680432 555.885711 475.760620 335.935451 487.850446
84.100000 nan 642.007729 494.064822 399.716568 341.962244 305.732614 232.060825 166.121225 122.426918 nan 707.087218 556.208750 476.039114 336.136087 488.135664
84.150000 nan 642.378392 494.353328 399.952605 342.166121 305.916295 232.203365 166.226812 122.507901 nan 707.493992 556.531780 476.317600 336.336718 488.420874
84.200000 nan 642.749045 494.641824 400.188635 342.369993 306.099971 232.345901 166.332396 122.588883 nan 707.900753 556.854800 476.596079 336.537343 488.706076
84.250000 nan 643.119686 494.930312 400.424659 342.573858 306.283642 232.488432 166.437977 122.669863 nan 708.307502 557.177811 476.874548 336.737963 488.991269
84.300000 nan 643.490316 495.218792 400.660675 342.777718 306.467308 232.630961 166.543556 122.750841 nan 708.714239 557.500812 477.153010 336.938577 489.276454
84.350000 nan 643.860934 495.507263 400.896685 342.981572 306.650969 232.773485 166.649132 122.831818 nan 709.120963 557.823803 477.431464 337.139185 489.561630
84.400000 nan 644.231542 495.795726 401.132688 343.185421 306.834624 232.916005 166.754706 122.912792 nan 709.527675 558.146785 477.709909 337.339787 489.846798
84.450000 nan 644.602139 496.084180 401.368685 343.389263 307.018275 233.058522 166.860277 122.993765 nan 709.934375 558.469758 477.988346 337.540384 490.131957
84.500000 nan 644.972724 496.372626 401.604674 343.593100 307.201920 233.201035 166.965845 123.074735 nan 710.341063 558.792720 478.266775 337.740975 490.417109
84.550000 nan 645.343299 496.661063 401.840657 343.796931 307.385560 233.343544 167.071411 123.155704 nan 710.747738 559.115673 478.545196 337.941560 490.702251
84.600000 nan 645.713862 496.949492 402.076632 344.000757 307.569195 233.486049 167.176974 123.236671 nan 711.154401 559.438617 478.823609 338.142140 490.987386
84.650000 nan 646.084414 497.237912 402.312601 344.204576 307.752825 233.628550 167.282534 123.317636 nan 711.561052 559.761551 479.102013 338.342714 491.272512
84.700000 nan 646.454955 497.526324 402.548564 344.408390 307.936449 233.771048 167.388092 123.398599 nan 711.967691 560.084475 479.380410 338.543282 491.557630
84.750000 nan 646.825486 497.814727 402.784519 344.612198 308.120069 233.913541 167.493647 123.479561 nan 712.374317 560.407390 479.658798 338.743845 491.842739
84.800000 nan 647.196005 498.103122 403.020468 344.816000 308.303684 234.056031 167.599199 123.560520 nan 712.780932 560.730296 479.937178 338.944402 492.127840
84.850000 nan 647.566513 498.391509 403.256410 345.019796 308.487293 234.198517 167.704749 123.641478 nan 713.187534 561.053191 480.215550 339.144954 492.412933
84.900000 nan 647.937010 498.679887 403.492345 345.223587 308.670897 234.341000 167.810296 123.722434 nan 713.594124 561.376078 480.493914 339.345499 492.698017
84.950000 nan 648.307496 498.968257 403.728273 345.427372 308.854496 234.483478 167.915841 123.803388 nan 714.000702 561.698954 480.772270 339.546039 492.983093
85.000000 nan 648.677971 499.256618 403.964195 345.631151 309.038090 234.625953 168.021383 123.884340 nan 714.407267 562.021822 481.050618 339.746574 493.268161
85.050000 nan 649.048434 499.544971 404.200110 345.834925 309.221679 234.768424 168.126922 123.965290 nan 714.813821 562.344679 481.328958 339.947103 493.553221
85.100000 nan 649.418887 499.833315 404.436018 346.038693 309.405263 234.910891 168.232459 124.046239 nan 715.220362 562.667528 481.607289 340.147626 493.838272
85.150000 nan 649.789329 500.121651 404.671919 346.242455 309.588842 235.053354 168.337993 124.127185 nan 715.626891 562.990366 481.885613 340.348144 494.123315
85.200000 nan 650.159760 500.409979 404.907814 346.446211 309.772416 235.195813 168.443524 124.208130 nan 716.033408 563.313196 482.163928 340.548656 494.408349
85.250000 nan 650.530180 500.698298 405.143702 346.649962 309.955984 235.338269 168.549053 124.289073 nan 716.439913 563.636016 482.442235 340.749162 494.693376
85.300000 nan 650.900589 500.986609 405.379583 346.853707 310.139548 235.480721 168.654579 124.370014 nan 716.846406 563.958826 482.720535 340.949663 494.978394
85.350000 nan 651.270987 501.274911 405.615457 347.057446 310.323106 235.623169 168.760103 124.450953 nan 717.252887 564.281627 482.998826 341.150158 495.263403
85.400000 nan 651.641375 501.563206 405.851325 347.261179 310.506660 235.765614 168.865624 124.531890 nan 717.659355 564.604418 483.277109 341.350648 495.548405
85.450000 nan 652.011751 501.851491 406.087186 347.464907 310.690208 235.908054 168.971142 124.612826 nan 718.065812 564.927200 483.555384 341.551131 495.833398
85.500000 nan 652.382116 502.139769 406.323040 347.668629 310.873751 236.050491 169.076658 124.693760 nan 718.472257 565.249973 483.833651 341.751610 496.118383
85.550000 nan 652.752470 502.428038 406.558888 347.872345 311.057289 236.192924 169.182171 124.774691 nan 718.878689 565.572736 484.111910 341.952083 496.403360
85.600000 nan 653.122814 502.716298 406.794729 348.076056 311.240822 236.335353 169.287681 124.855621 nan 719.285109 565.895490 484.390161 342.152550 496.688328
85.650000 nan 653.493146 503.004551 407.030563 348.279761 311.424351 236.477779 169.393189 124.936550 nan 719.691518 566.218234 484.668404 342.353011 496.973289
85.700000 nan 653.863468 503.292795 407.266390 348.483460 311.607874 236.620201 169.498694 125.017476 nan 720.097914 566.540969 484.946639 342.553467 497.258241
85.750000 nan 654.233778 503.581031 407.502211 348.687154 311.791392 236.762619 169.604197 125.098400 nan 720.504298 566.863694 485.224866 342.753918 497.543184
