web/models/kne/27/Metzger_0.325712_0.175862_0.450000.dat
# %ECSV 0.9
# ---
# datatype:
# - {name: time, datatype: float64}
# - {name: sdss_u, datatype: float64}
# - {name: sdss_g, datatype: float64}
# - {name: sdss_r, datatype: float64}
# - {name: sdss_i, datatype: float64}
# - {name: sdss_z, datatype: float64}
# - {name: PS1_y, datatype: float64}
# - {name: ukirt_J, datatype: float64}
# - {name: ukirt_H, datatype: float64}
# - {name: ukirt_K, datatype: float64}
# - {name: johnson_U, datatype: float64}
# - {name: johnson_B, datatype: float64}
# - {name: johnson_V, datatype: float64}
# - {name: johnson_R, datatype: float64}
# - {name: johnson_I, datatype: float64}
# - {name: Clear, datatype: float64}
# meta: !!omap
# - comment: [vej = 0.17586206896551723, mej = 0.3257122869999151, Ye = 0.45, redshift = 0.0]
# schema: astropy-2.0
time sdss_u sdss_g sdss_r sdss_i sdss_z PS1_y ukirt_J ukirt_H ukirt_K johnson_U johnson_B johnson_V johnson_R johnson_I Clear
[from data line 1494]
74.800000 133.471806 92.255576 66.282656 49.827159 39.816449 33.569471 20.975544 9.895119 2.725970 128.521948 103.726737 77.172071 63.130802 38.809954 65.245558
74.850000 133.572950 92.330240 66.340507 49.874274 39.856983 33.605872 21.003525 9.915539 2.741356 128.619921 103.808790 77.236987 63.186603 38.849823 65.302735
74.900000 133.674090 92.404901 66.398357 49.921387 39.897515 33.642272 21.031507 9.935959 2.756741 128.717890 103.890841 77.301902 63.242403 38.889691 65.359910
74.950000 133.775228 92.479561 66.456205 49.968500 39.938047 33.678672 21.059488 9.956379 2.772127 128.815857 103.972889 77.366815 63.298201 38.929559 65.417084
75.000000 133.876362 92.554218 66.514052 50.015611 39.978579 33.715070 21.087469 9.976799 2.787513 128.913821 104.054935 77.431726 63.353998 38.969426 65.474257
75.050000 133.977493 92.628873 66.571898 50.062722 40.019109 33.751469 21.115450 9.997219 2.802899 129.011781 104.136978 77.496635 63.409794 39.009292 65.531428
75.100000 134.078621 92.703526 66.629742 50.109831 40.059639 33.787867 21.143430 10.017639 2.818286 129.109739 104.219019 77.561543 63.465588 39.049158 65.588598
75.150000 134.179746 92.778177 66.687585 50.156940 40.100168 33.824264 21.171410 10.038060 2.833673 129.207693 104.301058 77.626449 63.521381 39.089023 65.645767
75.200000 134.280867 92.852826 66.745426 50.204047 40.140697 33.860661 21.199390 10.058480 2.849060 129.305645 104.383094 77.691353 63.577173 39.128887 65.702934
75.250000 134.381986 92.927473 66.803266 50.251154 40.181224 33.897057 21.227370 10.078900 2.864447 129.403593 104.465128 77.756255 63.632963 39.168750 65.760100
75.300000 134.483101 93.002118 66.861104 50.298259 40.221751 33.933452 21.255350 10.099321 2.879835 129.501538 104.547159 77.821156 63.688752 39.208613 65.817264
75.350000 134.584213 93.076760 66.918941 50.345364 40.262277 33.969847 21.283329 10.119741 2.895223 129.599480 104.629188 77.886055 63.744540 39.248475 65.874427
75.400000 134.685321 93.151401 66.976777 50.392467 40.302803 34.006242 21.311308 10.140162 2.910611 129.697420 104.711215 77.950953 63.800326 39.288337 65.931588
75.450000 134.786427 93.226039 67.034611 50.439570 40.343327 34.042636 21.339287 10.160583 2.926000 129.795356 104.793239 78.015848 63.856111 39.328197 65.988748
75.500000 134.887529 93.300675 67.092443 50.486671 40.383851 34.079029 21.367266 10.181004 2.941388 129.893289 104.875261 78.080742 63.911894 39.368057 66.045907
75.550000 134.988629 93.375310 67.150274 50.533772 40.424374 34.115422 21.395244 10.201425 2.956778 129.991219 104.957280 78.145634 63.967676 39.407916 66.103064
75.600000 135.089725 93.449942 67.208104 50.580871 40.464897 34.151814 21.423223 10.221846 2.972167 130.089146 105.039297 78.210525 64.023457 39.447775 66.160220
75.650000 135.190818 93.524572 67.265933 50.627970 40.505419 34.188205 21.451201 10.242267 2.987557 130.187070 105.121312 78.275413 64.079237 39.487633 66.217375
75.700000 135.291908 93.599199 67.323760 50.675067 40.545940 34.224596 21.479178 10.262688 3.002947 130.284991 105.203324 78.340301 64.135015 39.527490 66.274528
75.750000 135.392994 93.673825 67.381585 50.722164 40.586460 34.260987 21.507156 10.283109 3.018337 130.382909 105.285334 78.405186 64.190791 39.567346 66.331679
75.800000 135.494078 93.748449 67.439409 50.769259 40.626979 34.297377 21.535133 10.303530 3.033727 130.480824 105.367341 78.470070 64.246567 39.607202 66.388830
75.850000 135.595158 93.823070 67.497232 50.816354 40.667498 34.333766 21.563110 10.323952 3.049118 130.578736 105.449346 78.534952 64.302341 39.647057 66.445979
75.900000 135.696235 93.897690 67.555053 50.863447 40.708016 34.370155 21.591087 10.344373 3.064509 130.676645 105.531349 78.599832 64.358114 39.686911 66.503126
75.950000 135.797310 93.972307 67.612873 50.910540 40.748534 34.406543 21.619064 10.364795 3.079900 130.774551 105.613349 78.664710 64.413885 39.726765 66.560272
76.000000 135.898381 94.046923 67.670692 50.957632 40.789050 34.442931 21.647040 10.385216 3.095292 130.872454 105.695347 78.729587 64.469655 39.766618 66.617417
76.050000 135.999448 94.121536 67.728509 51.004722 40.829566 34.479318 21.675016 10.405638 3.110684 130.970353 105.777343 78.794462 64.525424 39.806470 66.674560
76.100000 136.100513 94.196147 67.786324 51.051812 40.870082 34.515704 21.702992 10.426060 3.126076 131.068250 105.859336 78.859336 64.581192 39.846322 66.731702
76.150000 136.201575 94.270756 67.844138 51.098900 40.910596 34.552090 21.730968 10.446481 3.141468 131.166144 105.941327 78.924208 64.636958 39.886172 66.788843
76.200000 136.302633 94.345363 67.901951 51.145988 40.951110 34.588476 21.758944 10.466903 3.156861 131.264035 106.023315 78.989078 64.692723 39.926023 66.845982
76.250000 136.403689 94.419968 67.959763 51.193075 40.991623 34.624860 21.786919 10.487325 3.172254 131.361923 106.105301 79.053946 64.748486 39.965872 66.903120
76.300000 136.504741 94.494571 68.017573 51.240160 41.032135 34.661245 21.814894 10.507747 3.187647 131.459808 106.187285 79.118813 64.804248 40.005721 66.960256
76.350000 136.605790 94.569172 68.075381 51.287245 41.072647 34.697628 21.842869 10.528169 3.203040 131.557690 106.269266 79.183678 64.860009 40.045569 67.017392
76.400000 136.706836 94.643771 68.133188 51.334329 41.113158 34.734012 21.870843 10.548591 3.218434 131.655569 106.351245 79.248542 64.915769 40.085416 67.074525
76.450000 136.807879 94.718367 68.190994 51.381412 41.153668 34.770394 21.898818 10.569014 3.233828 131.753445 106.433222 79.313403 64.971527 40.125263 67.131658
76.500000 136.908919 94.792962 68.248799 51.428493 41.194177 34.806776 21.926792 10.589436 3.249222 131.851318 106.515196 79.378263 65.027284 40.165109 67.188789
76.550000 137.009956 94.867555 68.306602 51.475574 41.234686 34.843158 21.954766 10.609858 3.264617 131.949188 106.597168 79.443122 65.083039 40.204954 67.245918
76.600000 137.110989 94.942145 68.364403 51.522654 41.275194 34.879539 21.982740 10.630281 3.280012 132.047055 106.679138 79.507978 65.138794 40.244799 67.303046
76.650000 137.212020 95.016734 68.422203 51.569733 41.315701 34.915919 22.010713 10.650703 3.295407 132.144919 106.761105 79.572833 65.194546 40.284643 67.360173
76.700000 137.313047 95.091320 68.480002 51.616811 41.356208 34.952299 22.038686 10.671126 3.310802 132.242780 106.843070 79.637687 65.250298 40.324486 67.417299
76.750000 137.414072 95.165905 68.537800 51.663888 41.396714 34.988678 22.066659 10.691548 3.326198 132.340639 106.925033 79.702538 65.306048 40.364328 67.474423
76.800000 137.515093 95.240487 68.595596 51.710964 41.437219 35.025057 22.094632 10.711971 3.341594 132.438494 107.006993 79.767388 65.361797 40.404170 67.531546
76.850000 137.616111 95.315067 68.653390 51.758039 41.477723 35.061435 22.122605 10.732394 3.356990 132.536346 107.088951 79.832237 65.417545 40.444011 67.588667
76.900000 137.717127 95.389646 68.711184 51.805113 41.518227 35.097813 22.150577 10.752817 3.372386 132.634196 107.170907 79.897084 65.473292 40.483852 67.645787
76.950000 137.818139 95.464222 68.768976 51.852186 41.558730 35.134190 22.178549 10.773240 3.387783 132.732042 107.252860 79.961929 65.529037 40.523691 67.702906
77.000000 137.919148 95.538796 68.826766 51.899258 41.599232 35.170566 22.206521 10.793663 3.403180 132.829885 107.334811 80.026772 65.584780 40.563530 67.760023
77.050000 138.020154 95.613368 68.884555 51.946329 41.639734 35.206942 22.234493 10.814086 3.418577 132.927726 107.416760 80.091614 65.640523 40.603369 67.817139
77.100000 138.121157 95.687938 68.942343 51.993399 41.680235 35.243318 22.262464 10.834509 3.433975 133.025564 107.498706 80.156454 65.696264 40.643207 67.874254
77.150000 138.222157 95.762506 69.000129 52.040468 41.720735 35.279693 22.290435 10.854932 3.449372 133.123398 107.580650 80.221292 65.752004 40.683044 67.931367
77.200000 138.323154 95.837073 69.057914 52.087536 41.761234 35.316067 22.318406 10.875355 3.464770 133.221230 107.662592 80.286129 65.807742 40.722880 67.988479
77.250000 138.424147 95.911637 69.115698 52.134603 41.801733 35.352441 22.346377 10.895779 3.480168 133.319059 107.744531 80.350964 65.863480 40.762716 68.045589
77.300000 138.525138 95.986199 69.173480 52.181670 41.842231 35.388814 22.374348 10.916202 3.495567 133.416885 107.826468 80.415798 65.919216 40.802551 68.102699
77.350000 138.626126 96.060759 69.231261 52.228735 41.882728 35.425187 22.402318 10.936625 3.510966 133.514708 107.908403 80.480629 65.974950 40.842385 68.159806
77.400000 138.727111 96.135317 69.289040 52.275799 41.923225 35.461559 22.430288 10.957049 3.526365 133.612528 107.990336 80.545460 66.030684 40.882218 68.216913
77.450000 138.828092 96.209873 69.346819 52.322863 41.963721 35.497930 22.458258 10.977472 3.541764 133.710345 108.072266 80.610288 66.086416 40.922051 68.274018
77.500000 138.929071 96.284427 69.404595 52.369925 42.004216 35.534301 22.486227 10.997896 3.557164 133.808159 108.154194 80.675115 66.142147 40.961884 68.331122
77.550000 139.030046 96.358978 69.462371 52.416987 42.044711 35.570672 22.514197 11.018320 3.572563 133.905971 108.236119 80.739940 66.197876 41.001715 68.388224
77.600000 139.131019 96.433528 69.520145 52.464047 42.085204 35.607042 22.542166 11.038744 3.587963 134.003779 108.318043 80.804764 66.253604 41.041546 68.445326
77.650000 139.231989 96.508076 69.577917 52.511107 42.125697 35.643411 22.570135 11.059167 3.603364 134.101584 108.399964 80.869586 66.309331 41.081376 68.502425
77.700000 139.332955 96.582622 69.635689 52.558165 42.166190 35.679780 22.598104 11.079591 3.618764 134.199387 108.481882 80.934406 66.365057 41.121206 68.559524
77.750000 139.433919 96.657166 69.693458 52.605223 42.206681 35.716148 22.626072 11.100015 3.634165 134.297187 108.563799 80.999225 66.420781 41.161035 68.616621
77.800000 139.534879 96.731708 69.751227 52.652280 42.247172 35.752516 22.654041 11.120439 3.649566 134.394984 108.645713 81.064042 66.476505 41.200863 68.673717
77.850000 139.635837 96.806248 69.808994 52.699335 42.287663 35.788883 22.682009 11.140864 3.664968 134.492778 108.727625 81.128858 66.532226 41.240690 68.730811
77.900000 139.736791 96.880786 69.866760 52.746390 42.328152 35.825250 22.709977 11.161288 3.680369 134.590569 108.809534 81.193671 66.587947 41.280517 68.787904
77.950000 139.837743 96.955322 69.924525 52.793444 42.368641 35.861616 22.737944 11.181712 3.695771 134.688357 108.891442 81.258484 66.643666 41.320343 68.844996
78.000000 139.938691 97.029856 69.982288 52.840497 42.409129 35.897982 22.765912 11.202136 3.711173 134.786142 108.973347 81.323294 66.699384 41.360169 68.902087
78.050000 140.039637 97.104388 70.040049 52.887549 42.449617 35.934347 22.793879 11.222561 3.726576 134.883925 109.055249 81.388103 66.755101 41.399994 68.959176
78.100000 140.140579 97.178918 70.097810 52.934600 42.490104 35.970711 22.821846 11.242985 3.741978 134.981704 109.137150 81.452910 66.810816 41.439818 69.016264
78.150000 140.241519 97.253446 70.155569 52.981650 42.530590 36.007075 22.849812 11.263409 3.757381 135.079481 109.219048 81.517716 66.866530 41.479641 69.073350
78.200000 140.342455 97.327972 70.213327 53.028699 42.571075 36.043438 22.877779 11.283834 3.772784 135.177255 109.300944 81.582520 66.922243 41.519464 69.130435
78.250000 140.443389 97.402495 70.271083 53.075747 42.611560 36.079801 22.905745 11.304259 3.788188 135.275026 109.382838 81.647323 66.977955 41.559286 69.187519
78.300000 140.544319 97.477017 70.328838 53.122794 42.652044 36.116164 22.933711 11.324683 3.803591 135.372794 109.464729 81.712124 67.033665 41.599108 69.244602
78.350000 140.645247 97.551538 70.386592 53.169841 42.692527 36.152525 22.961677 11.345108 3.818995 135.470559 109.546618 81.776923 67.089374 41.638928 69.301683
78.400000 140.746171 97.626056 70.444344 53.216886 42.733010 36.188887 22.989643 11.365533 3.834399 135.568322 109.628505 81.841721 67.145082 41.678748 69.358763
78.450000 140.847093 97.700572 70.502095 53.263931 42.773492 36.225247 23.017608 11.385958 3.849804 135.666081 109.710390 81.906517 67.200788 41.718568 69.415841
78.500000 140.948012 97.775086 70.559844 53.310974 42.813973 36.261608 23.045573 11.406383 3.865208 135.763838 109.792272 81.971311 67.256494 41.758387 69.472918
78.550000 141.048927 97.849598 70.617593 53.358016 42.854453 36.297967 23.073538 11.426808 3.880613 135.861592 109.874153 82.036104 67.312198 41.798205 69.529994
78.600000 141.149840 97.924108 70.675340 53.405058 42.894933 36.334326 23.101503 11.447233 3.896018 135.959343 109.956031 82.100895 67.367900 41.838022 69.587069
78.650000 141.250750 97.998616 70.733085 53.452099 42.935412 36.370685 23.129468 11.467658 3.911424 136.057091 110.037906 82.165685 67.423602 41.877839 69.644142
78.700000 141.351657 98.073122 70.790830 53.499138 42.975891 36.407043 23.157432 11.488083 3.926829 136.154836 110.119780 82.230473 67.479302 41.917655 69.701214
78.750000 141.452561 98.147627 70.848572 53.546177 43.016369 36.443400 23.185396 11.508508 3.942235 136.252579 110.201651 82.295259 67.535001 41.957471 69.758285
78.800000 141.553462 98.222129 70.906314 53.593215 43.056846 36.479757 23.213360 11.528933 3.957641 136.350319 110.283520 82.360044 67.590699 41.997285 69.815354
78.850000 141.654360 98.296629 70.964054 53.640252 43.097322 36.516114 23.241323 11.549359 3.973048 136.448055 110.365387 82.424827 67.646395 42.037099 69.872422
78.900000 141.755255 98.371128 71.021793 53.687288 43.137798 36.552470 23.269287 11.569784 3.988454 136.545789 110.447251 82.489609 67.702090 42.076913 69.929489
78.950000 141.856147 98.445624 71.079531 53.734323 43.178273 36.588825 23.297250 11.590210 4.003861 136.643521 110.529113 82.554389 67.757784 42.116726 69.986554
79.000000 141.957036 98.520119 71.137267 53.781357 43.218747 36.625180 23.325213 11.610635 4.019268 136.741249 110.610973 82.619167 67.813477 42.156538 70.043618
79.050000 142.057922 98.594611 71.195002 53.828390 43.259221 36.661534 23.353176 11.631061 4.034676 136.838975 110.692831 82.683944 67.869168 42.196349 70.100681
79.100000 142.158805 98.669102 71.252736 53.875422 43.299694 36.697888 23.381138 11.651486 4.050083 136.936697 110.774687 82.748719 67.924858 42.236160 70.157743
79.150000 142.259686 98.743590 71.310468 53.922454 43.340166 36.734241 23.409101 11.671912 4.065491 137.034417 110.856540 82.813493 67.980547 42.275970 70.214803
79.200000 142.360563 98.818077 71.368199 53.969484 43.380637 36.770594 23.437063 11.692338 4.080899 137.132134 110.938391 82.878265 68.036235 42.315780 70.271862
79.250000 142.461438 98.892562 71.425929 54.016514 43.421108 36.806946 23.465024 11.712764 4.096307 137.229849 111.020240 82.943035 68.091921 42.355588 70.328919
79.300000 142.562309 98.967044 71.483657 54.063542 43.461579 36.843298 23.492986 11.733190 4.111716 137.327560 111.102087 83.007804 68.147607 42.395397 70.385976
79.350000 142.663178 99.041525 71.541384 54.110570 43.502048 36.879649 23.520948 11.753616 4.127125 137.425269 111.183931 83.072572 68.203290 42.435204 70.443031
79.400000 142.764044 99.116004 71.599110 54.157596 43.542517 36.915999 23.548909 11.774042 4.142534 137.522975 111.265774 83.137337 68.258973 42.475011 70.500084
79.450000 142.864907 99.190481 71.656834 54.204622 43.582985 36.952349 23.576870 11.794468 4.157943 137.620678 111.347614 83.202102 68.314655 42.514817 70.557137
79.500000 142.965767 99.264956 71.714557 54.251647 43.623453 36.988699 23.604830 11.814894 4.173353 137.718378 111.429452 83.266864 68.370335 42.554623 70.614188
79.550000 143.066624 99.339429 71.772279 54.298671 43.663919 37.025048 23.632791 11.835320 4.188763 137.816076 111.511287 83.331625 68.426014 42.594427 70.671238
79.600000 143.167478 99.413900 71.829999 54.345694 43.704385 37.061396 23.660751 11.855746 4.204173 137.913771 111.593121 83.396385 68.481691 42.634232 70.728286
79.650000 143.268329 99.488370 71.887718 54.392716 43.744851 37.097744 23.688711 11.876172 4.219583 138.011463 111.674952 83.461143 68.537368 42.674035 70.785334
