web/models/kne/27/mosfit_kn_0.018177_0.4060_0.5000.dat
# %ECSV 1.0
# ---
# datatype:
# - {name: time, datatype: float64}
# - {name: PS1_g, datatype: float64}
# - {name: PS1_i, datatype: float64}
# - {name: PS1_r, datatype: float64}
# - {name: PS1_w, datatype: float64}
# - {name: PS1_y, datatype: float64}
# - {name: PS1_z, datatype: float64}
# - {name: swift_uvot_B, datatype: float64}
# - {name: swift_uvot_U, datatype: float64}
# - {name: swift_uvot_uvm2, datatype: float64}
# - {name: swift_uvot_uvw1, datatype: float64}
# - {name: swift_uvot_uvw2, datatype: float64}
# - {name: swift_uvot_V, datatype: float64}
# - {name: johnson_B, datatype: float64}
# - {name: johnson_I, datatype: float64}
# - {name: johnson_R, datatype: float64}
# - {name: johnson_U, datatype: float64}
# - {name: johnson_V, datatype: float64}
# - {name: sdss_g, datatype: float64}
# - {name: sdss_i, datatype: float64}
# - {name: sdss_r, datatype: float64}
# - {name: sdss_u, datatype: float64}
# - {name: sdss_z, datatype: float64}
# - {name: ATLAS_c, datatype: float64}
# - {name: ATLAS_o, datatype: float64}
# - {name: ukirt_H, datatype: float64}
# - {name: ukirt_J, datatype: float64}
# - {name: ukirt_K, datatype: float64}
# - {name: Clear, datatype: float64}
# meta: !!omap
# - comment: [kappa = 0.5, type = rprocess, mass = 0.018176879801416274, velocity = 0.406, theta_obs = 0.0, tfloor = 1000.0]
# schema: astropy-2.0
time PS1_g PS1_i PS1_r PS1_w PS1_y PS1_z swift_uvot_B swift_uvot_U swift_uvot_uvm2 swift_uvot_uvw1 swift_uvot_uvw2 swift_uvot_V johnson_B johnson_I johnson_R johnson_U johnson_V sdss_g sdss_i sdss_r sdss_u sdss_z ATLAS_c ATLAS_o ukirt_H ukirt_J ukirt_K Clear
[from data line 468]
28.196392785571142 11.538280042267584 2.656451229068306 6.131522007106156 4.1635981956021695 -0.8667388194569448 0.5509371453901757 15.07818661883207 21.73713071672699 35.62572602075616 17.70271324880154 20.215729755281192 9.497796735138387 13.87424930186588 1.1029379226463556 4.072970689371355 20.706129537475242 8.542774399969632 12.350820143582038 2.7377071811812925 6.36001066660258 22.238236246901817 -0.022490466631825967 8.110598576848798 3.658186052239003 -5.815726197372441 -3.6662369018827494 -7.176014877845629 1.8777041518408133
28.256513026052104 11.54647937827285 2.664650565073572 6.139721343111404 4.171797531607417 -0.8585394834516968 0.5591364813954414 15.086385954837336 21.74533005273225 35.63392535676142 17.710912584806806 20.223929091286447 9.505996071143635 13.882448637871128 1.1111372586516213 4.081170025376603 20.714328873480497 8.55097373597488 12.359019479587285 2.745906517186558 6.368210002607846 22.246435582907075 -0.014291130626560289 8.118797912854046 3.6663853882442687 -5.807526861367193 -3.6580375658775015 -7.167815541840364 1.885903487846079
28.316633266533064 11.554668268830355 2.6728394556310775 6.1479102336689095 4.179986422164941 -0.8503505928941912 0.567325371952947 15.094574845394842 21.753518943289755 35.64211424731892 17.71910147536431 20.232117981843963 9.51418496170114 13.890637528428652 1.1193261492091269 4.089358915934127 20.72251776403801 8.559162626532386 12.367208370144809 2.754095407744064 6.3763988931653515 22.25462447346458 -0.006102240069054687 8.126986803411569 3.6745742788017743 -5.799337970809687 -3.649848675319996 -7.159626651282858 1.8940923784035846
28.376753507014026 11.562846725208349 2.6810179120090716 6.156088690046904 4.188164878542917 -0.8421721365161972 0.575503828330941 15.102753301772836 21.761697399667746 35.65029270369692 17.727279931742306 20.240296438221957 9.522363418079134 13.898815984806646 1.127504605587121 4.097537372312121 20.730696220415997 8.56734108291038 12.375386826522785 2.762273864122058 6.3845773495433455 22.26280292984257 0.0020762163089393937 8.135165259789545 3.6827527351797684 -5.791159514431693 -3.641670218942002 -7.151448194904864 1.9022708347815787
28.43687374749499 11.571014764553578 2.6891859513542826 6.164256729392132 4.196332917888146 -0.8340040971709684 0.5836718676761521 15.110921341118047 21.769865439012968 35.65846074304215 17.735447971087535 20.24846447756718 9.530531457424363 13.906984024151857 1.135672644932332 4.105705411657332 20.738864259761225 8.575509122255609 12.383554865868014 2.7704419034672867 6.392745388888574 22.270970969187793 0.0102442556541682 8.143333299134774 3.6909207745249972 -5.782991475086464 -3.633502179596773 -7.143280155559635 1.9104388741268075
28.49699398797595 11.579172399685227 2.6973435864859496 6.172414364523782 4.204490553019813 -0.8258464620393191 0.5918295028078191 15.119078976249714 21.778023074144627 35.66661837817381 17.743605606219184 20.256622112698835 9.538689092556012 13.915141659283524 1.143830280063999 4.113863046788999 20.74702189489288 8.583666757387258 12.391712500999681 2.778599538598936 6.400903024020224 22.279128604319453 0.018401890785817443 8.151490934266441 3.6990784096566465 -5.774833839954815 -3.6253445444651238 -7.135122520427986 1.9185965092584567
28.557114228456914 11.587319645270355 2.705490832071078 6.18056161010891 4.2126377986049235 -0.8176992164541907 0.5999767483929475 15.127226221834842 21.786170319729756 35.67476562375892 17.751752851804312 20.264769358283964 9.54683633814114 13.923288904868652 1.1519775256491274 4.122010292374127 20.755169140478003 8.591814002972386 12.399859746584792 2.7867467841840643 6.409050269605352 22.28727584990458 0.026549136370945803 8.159638179851552 3.707225655241775 -5.766686594369687 -3.6171972988799954 -7.126975274842858 1.926743754843585
28.617234468937873 11.595456510086244 2.7136276968869666 6.188698474924799 4.220774663420812 -0.8095623516383021 0.6081136132088361 15.135363086650731 21.794307184545644 35.68290248857482 17.7598897166202 20.272906223099852 9.55497320295703 13.931425769684541 1.160114390465016 4.130147157190016 20.76330600529389 8.599950867788275 12.40799661140068 2.794883648999953 6.417187134421241 22.29541271472047 0.0346860011868344 8.16777504466744 3.7153625200576634 -5.758549729553798 -3.609060434064107 -7.118838410026969 1.9348806196594737
28.677354709418836 11.603583008598477 2.7217541953991997 6.196824973437032 4.228901161933063 -0.801435853126069 0.6162401117210692 15.143489585162964 21.802433683057878 35.69102898708706 17.768016215132434 20.281032721612085 9.563099701469262 13.939552268196774 1.168240888977249 4.138273655702249 20.771432503806132 8.608077366300508 12.416123109912931 2.803010147512186 6.425313632933474 22.303539213232703 0.04281249969906753 8.175901543179691 3.7234890185698966 -5.750423231041565 -3.6009339355518737 -7.110711911514736 1.9430071181717068
28.7374749498998 11.611699159078412 2.729870345879135 6.204941123916985 4.237017312412998 -0.7933197026461158 0.6243562622010046 15.1516057356429 21.81054983353782 35.699145137566994 17.77613236561237 20.28914887209203 9.571215851949216 13.94766841867671 1.1763570394571845 4.146389806182184 20.779548654286067 8.616193516780461 12.424239260392866 2.8111262979921214 6.433429783413409 22.311655363712646 0.05092865017902071 8.184017693659627 3.731605169049832 -5.742307080561612 -3.5928177850719205 -7.102595761034783 1.95112326865166
28.79759519038076 11.619804976555521 2.737976163356244 6.213046941394094 4.245123129890107 -0.7852138851690249 0.6324620796781133 15.159711553120008 21.81865565101493 35.7072509550441 17.784238183089478 20.29725468956913 9.579321669426307 13.955774236153818 1.1844628569342932 4.154495623659293 20.787654471763176 8.62429933425757 12.432345077869975 2.81923211546923 6.441535600890518 22.319761181189754 0.059034467656111644 8.192123511136735 3.7397109865269407 -5.734201263084503 -3.584711967594812 -7.094489943557692 1.959229086128751
28.857715430861724 11.627900471184809 2.7460716579855315 6.221142436023364 4.253218624519377 -0.7771183905397372 0.640557574307401 15.167807047749296 21.82675114564421 35.71534644967338 17.792333677718766 20.305350184198417 9.587417164055594 13.963869730783106 1.192558351563581 4.162591118288581 20.795749966392457 8.63239482888684 12.440440572499245 2.827327610098518 6.4496310955198055 22.327856675819035 0.06712996228539936 8.200219005766005 3.7478064811562284 -5.726105768455233 -3.576616472965542 -7.086394448928404 1.9673245807580386
28.917835671342683 11.635985652261454 2.7541568390621762 6.229227617100008 4.2613038055960395 -0.7690332094630925 0.6486427553840457 15.17589222882594 21.834836326720854 35.723431630750035 17.80041885879541 20.313435365275062 9.595502345132239 13.97195491185975 1.2006435326402256 4.170676299365225 20.80383514746911 8.640480009963484 12.448525753575908 2.8354127911751625 6.45771627659645 22.33594185689568 0.07521514336204405 8.208304186842668 3.755891662232873 -5.7180205873785885 -3.568531291888897 -7.078309267851759 1.9754097618346833
28.977955911823646 11.644060537843313 2.7622317246440353 6.237302502681867 4.269378691177881 -0.7609583238812334 0.6567176409659048 15.1839671144078 21.84291121230271 35.73150651633188 17.80849374437727 20.321510250856914 9.603577230714098 13.980029797441592 1.2087184182220847 4.178751184947067 20.81191003305096 8.648554895545344 12.456600639157749 2.8434876767570216 6.465791162178309 22.344016742477535 0.08329002894390314 8.216379072424509 3.763966547814732 -5.7099457017967294 -3.560456406307038 -7.0702343822699 1.9834846474165424
29.03807615230461 11.652125137429277 2.7702963242299994 6.245367102267849 4.277443290763863 -0.7528937242952516 0.6647822405518689 15.192031713993764 21.850975811888684 35.739571115917855 17.816558343963234 20.329574850442885 9.61164183030008 13.988094397027574 1.2167830178080488 4.1868157845330485 20.819974632636935 8.656619495131325 12.46466523874373 2.8515522763429857 6.473855761764273 22.35208134206351 0.0913546285298672 8.22444367201049 3.7720311474006962 -5.701881102210748 -3.5523918067210563 -7.062169782683936 1.9915492470025065
29.09819639278557 11.660179473193377 2.7783506599941 6.25342143803195 4.285497626527963 -0.7448393885311688 0.6728365763159694 15.200086049757864 21.859030147652785 35.747625451681955 17.824612679727334 20.337629186206986 9.619696166064163 13.996148732791674 1.2248373535721493 4.194870120297149 20.828028968401036 8.664673830895426 12.472719574507831 2.859606612107086 6.481910097528374 22.36013567782761 0.09940896429396773 8.232498007774591 3.7800854831647968 -5.693826766446647 -3.5443374709569557 -7.054115446919836 1.999603582766607
29.158316633266534 11.66822356153519 2.786394748335912 6.261465526373762 4.293541714869775 -0.736795300189339 0.6808806646577814 15.208130138099676 21.867074235994597 35.75566954002377 17.832656768069146 20.345673274548798 9.627740254405992 14.004192821133486 1.2328814419139613 4.202914208638961 20.836073056742848 8.672717919237238 12.480763662849643 2.8676507004488982 6.489954185870186 22.368179766169423 0.10745305263577976 8.240542096116403 3.788129571506609 -5.685782678104835 -3.5362933826151437 -7.046071358578024 2.007647671108437
29.218436873747493 11.676257402855637 2.7944285896563414 6.269499367694191 4.301575556190205 -0.7287614588689095 0.6889145059782109 15.216163979420106 21.875108077315026 35.76370338134421 17.840690609389593 20.353707115869238 9.635774095726422 14.012226662453916 1.2409152832344086 4.2109480499593905 20.844106898063284 8.680751760557667 12.488797504170073 2.8756845417693455 6.497988027190633 22.376213607489852 0.11548689395622702 8.248575937436833 3.796163412827056 -5.677748836784406 -3.528259541294714 -7.038037517257576 2.0156815124288663
29.278557114228455 11.68428101823542 2.8024522050361433 6.277522983073975 4.309599171570007 -0.7207378434891254 0.6969381213580128 15.224187594799908 21.883131692694818 35.77172699672399 17.848714224769378 20.36173073124903 9.643797711106206 14.020250277833718 1.2489388986141927 4.218971665339192 20.85213051344308 8.688775375937452 12.496821119549857 2.8837081571491296 6.506011642570417 22.384237222869643 0.12351050933601115 8.256599552816635 3.80418702820684 -5.669725221404621 -3.52023592591493 -7.030013901877792 2.0237051278086504
29.338677354709418 11.692294430185584 2.8104656169863063 6.285536395024156 4.3176125835201695 -0.7127244315389447 0.7049515333081757 15.23220100675007 21.89114510464499 35.779740408674165 17.85672763671954 20.369744143199192 9.651811123056387 14.02826368978388 1.2569523105643556 4.226985077289355 20.86014392539324 8.696788787887632 12.504834531500038 2.8917215690992926 6.51402505452058 22.392250634819817 0.13152392128617407 8.264612964766798 3.812200440157003 -5.661711809454441 -3.5122225139647494 -7.022000489927629 2.0317185397588133
29.39879759519038 11.700297638343624 2.818468825144347 6.293539603182179 4.325615791678192 -0.7047212233809219 0.7129547414662163 15.240204214908111 21.89914831280302 35.787743616832195 17.86473084487758 20.377747351357225 9.65981433121441 14.036266897941903 1.2649555187223962 4.234988285447378 20.868147133551272 8.704791996045655 12.51283773965806 2.899724777257333 6.522028262678621 22.400253842977847 0.13952712944421464 8.27261617292482 3.8202036483150437 -5.653708601296418 -3.5042193058067266 -7.013997281769589 2.039721747916854
29.458917835671343 11.708290664511765 2.8264618513124873 6.301532629350319 4.333608817846333 -0.6967281972127815 0.7209477676343568 15.248197241076252 21.907141338971165 35.79573664300033 17.87272387104572 20.385740377525373 9.66780735738255 14.044259924110062 1.2729485448905367 4.242981311615536 20.876140159719412 8.712785022213795 12.5208307658262 2.9077178034254736 6.530021288846761 22.40824686914599 0.1475201556123551 8.280609199092961 3.828196674483184 -5.6457155751282775 -3.496226279638586 -7.006004255601448 2.0477147740849944
29.519038076152302 11.71627352052278 2.8344447073235024 6.309515485361334 4.341591673857348 -0.6887453412017663 0.7289306236453719 15.256180097087267 21.915124194982177 35.80371949901135 17.880706727056737 20.393723233536388 9.675790213393565 14.052242780121077 1.2809314009015518 4.2509641676265515 20.884123015730427 8.72076787822481 12.528813621837216 2.9157006594364887 6.538004144857776 22.416229725157002 0.1555030116233702 8.288592055103976 3.8361795304941992 -5.637732719117262 -3.488243423627571 -6.998021399590433 2.0556976300960095
29.579158316633265 11.724246228401132 2.8424174152018544 6.3174881932396865 4.349564381735718 -0.6807726333234143 0.7369033315237239 15.264152804965619 21.92309690286053 35.81169220688971 17.88867943493509 20.40169594141474 9.683762921271917 14.060215487999429 1.2889041087799038 4.2589368755049035 20.89209572360879 8.728740586103163 12.536786329715586 2.9236733673148407 6.545976852736128 22.424202433035354 0.16347571950172224 8.296564762982346 3.8441522383725513 -5.62976001123891 -3.480270715749219 -6.990048691712081 2.0636703379743615
29.639278557114228 11.73220879142777 2.850379978228492 6.325450756266324 4.357526944762338 -0.6728100702967765 0.7448658945503617 15.272115367992257 21.931059465887166 35.81965476991634 17.896641997961726 20.40965850444137 9.691725484298555 14.068178051026049 1.2968666718065416 4.2668994385315235 20.900058286635417 8.7367031491298 12.544748892742206 2.9316359303414785 6.553939415762766 22.432164996061992 0.17143828252836002 8.304527326008966 3.852114801399189 -5.621797448212273 -3.472308152722581 -6.982086128685443 2.0716329010009993
29.69939879759519 11.740161229908548 2.8583324167092705 6.33340319474712 4.365479383243134 -0.6648576318159805 0.75281833303114 15.280067806473035 21.939011904367955 35.827607208397126 17.904594436442505 20.417610942922156 9.699677922779351 14.076130489506845 1.30481911028732 4.27485187701232 20.908010725116206 8.744655587610596 12.552701331223002 2.939588368822257 6.5618918542435445 22.44011743454278 0.17939072100913833 8.312479764489762 3.8600672398799674 -5.6138450097314765 -3.464355714241785 -6.974133690204665 2.0795853394817776
29.75951903807615 11.748103556635208 2.8662747434359304 6.34134552147378 4.373421709969794 -0.6569153050893206 0.7607606597577998 15.288010133199695 21.946954231094615 35.83554953512379 17.912536763169165 20.425553269648827 9.70762024950601 14.084072816233505 1.3127614370139797 4.2827942037389795 20.915953051842862 8.752597914337256 12.560643657949662 2.9475306955489344 6.569834180970204 22.44805976126944 0.18733304773581594 8.320422091216422 3.868009566606627 -5.605902683004817 -3.4564133875151253 -6.9661913634779875 2.087527666208455
29.819639278557112 11.756035787724546 2.8742069745252508 6.349277752563101 4.381353941059114 -0.6489830740000002 0.7686928908471202 15.295942364289015 21.954886462183936 35.84348176621312 17.920468994258503 20.433485500738147 9.715552480595331 14.092005047322825 1.3206936681033001 4.2907264348283 20.923885282932194 8.760530145426577 12.568575889038982 2.955462926638255 6.5777664120595425 22.45599199235876 0.19526527882513633 8.328354322305742 3.8759417976959654 -5.597970451915496 -3.448481156425805 -6.958259132388667 2.0954598972977756
29.879759519038075 11.763957938428913 2.8821291252296177 6.3571999032674675 4.389276091763481 -0.6410609232956332 0.7766150415514872 15.303864514993382 21.962808612888303 35.851403916917484 17.92839114496287 20.441407651442514 9.723474631299698 14.099927198027192 1.328615818807667 4.298648585532667 20.93180743363656 8.768452296130944 12.576498039743349 2.963385077342622 6.585688562763892 22.46391414306313 0.2031874295295033 8.336276473010109 3.8838639484003323 -5.590048301211129 -3.440559005721438 -6.9503369816843 2.1033820480021426
