web/models/kne/27/mosfit_kn_0.001000_0.4530_3.6500.dat
# %ECSV 1.0
# ---
# datatype:
# - {name: time, datatype: float64}
# - {name: PS1_g, datatype: float64}
# - {name: PS1_i, datatype: float64}
# - {name: PS1_r, datatype: float64}
# - {name: PS1_w, datatype: float64}
# - {name: PS1_y, datatype: float64}
# - {name: PS1_z, datatype: float64}
# - {name: swift_uvot_B, datatype: float64}
# - {name: swift_uvot_U, datatype: float64}
# - {name: swift_uvot_uvm2, datatype: float64}
# - {name: swift_uvot_uvw1, datatype: float64}
# - {name: swift_uvot_uvw2, datatype: float64}
# - {name: swift_uvot_V, datatype: float64}
# - {name: johnson_B, datatype: float64}
# - {name: johnson_I, datatype: float64}
# - {name: johnson_R, datatype: float64}
# - {name: johnson_U, datatype: float64}
# - {name: johnson_V, datatype: float64}
# - {name: sdss_g, datatype: float64}
# - {name: sdss_i, datatype: float64}
# - {name: sdss_r, datatype: float64}
# - {name: sdss_u, datatype: float64}
# - {name: sdss_z, datatype: float64}
# - {name: ATLAS_c, datatype: float64}
# - {name: ATLAS_o, datatype: float64}
# - {name: ukirt_H, datatype: float64}
# - {name: ukirt_J, datatype: float64}
# - {name: ukirt_K, datatype: float64}
# - {name: Clear, datatype: float64}
# meta: !!omap
# - comment: [kappa = 3.65, type = rprocess, mass = 0.001, velocity = 0.45299999999999996, theta_obs = 0.0, tfloor = 1000.0]
# schema: astropy-2.0
time PS1_g PS1_i PS1_r PS1_w PS1_y PS1_z swift_uvot_B swift_uvot_U swift_uvot_uvm2 swift_uvot_uvw1 swift_uvot_uvw2 swift_uvot_V johnson_B johnson_I johnson_R johnson_U johnson_V sdss_g sdss_i sdss_r sdss_u sdss_z ATLAS_c ATLAS_o ukirt_H ukirt_J ukirt_K Clear
[from data line 178]
10.761523046092185 15.619359666289565 6.737530853090288 10.21260163112812 8.244677819624133 3.214340804565019 4.632016769412157 19.159266242854052 25.818210340748962 39.706805644778136 21.783792872823515 24.296809379303166 13.57887635916035 17.955328925887844 5.184017546668337 8.15405031339332 24.787209161497213 12.623854023991596 16.431899767604 6.818786805203274 10.441090290624562 26.319315870923788 4.058589157390156 12.191678200870761 7.739265676260985 -1.7346465733504763 0.4148427221392139 -3.0949352538236474 5.958783775862795
10.821643286573146 15.646306206986047 6.76447739378677 10.239548171824602 8.271624360320633 3.241287345261501 4.658963310108639 19.186212783550534 25.845156881445448 39.73375218547463 21.810739413520004 24.323755919999655 13.605822899856832 17.982275466584344 5.210964087364819 8.18099685408982 24.814155702193702 12.650800564688078 16.4588463083005 6.845733345899756 10.468036831321044 26.346262411620273 4.0855356980866375 12.218624741567261 7.7662122169574666 -1.7077000326539944 0.44178926283569586 -3.0679887131271655 5.985730316559277
10.881763527054108 15.673123445776813 6.791294632577536 10.266365410615386 8.2984415991114 3.268104584052285 4.685780548899405 19.2130300223413 25.87197412023622 39.76056942426539 21.83755665231077 24.35057315879042 13.632640138647599 18.00909270537511 5.237781326155585 8.207814092880586 24.84097294098447 12.677617803478862 16.485663547091267 6.872550584690522 10.49485407011181 26.373079650411047 4.112352936877404 12.245441980358027 7.793029455748233 -1.6808827938632105 0.46860650162647977 -3.0411714743363993 6.012547555350043
10.941883767535069 15.69981252317092 6.8179837099716245 10.293054488009474 8.325130676505488 3.2947936614463735 4.712469626293494 19.23971909973539 25.89866319763031 39.78725850165948 21.864245729704866 24.377262236184517 13.659329216041705 18.0357817827692 5.264470403549674 8.234503170274674 24.867662018378567 12.70430688087295 16.512352624485356 6.899239662084629 10.521543147505898 26.399768727805135 4.13904201427151 12.272131057752116 7.819718533142339 -1.6541937164691218 0.4952955790205684 -3.014482396942293 6.039236632744149
11.002004008016032 15.72637456451849 6.844545751319213 10.319616529357063 8.351692717853076 3.321355702793962 4.739031667641083 19.266281141082978 25.925225238977898 39.81382054300707 21.890807771052447 24.4038242775321 13.685891257389276 18.062343824116788 5.2910324448972625 8.261065211622263 24.89422405972615 12.73086892222054 16.538914665832944 6.9258017034321995 10.548105188853487 26.426330769152724 4.165604055619081 12.298693099099705 7.84628057448991 -1.6276316751215332 0.5218576203681571 -2.987920355594722 6.06579867409172
11.062124248496994 15.752810682347622 6.870981869148345 10.346052647186195 8.378128835682208 3.347791820623094 4.765467785470214 19.29271725891211 25.95166135680703 39.840256660836204 21.91724388888158 24.43026039536123 13.712327375218408 18.08877994194592 5.317468562726394 8.287501329451395 24.920660177555277 12.75730504004967 16.565350783662076 6.952237821261331 10.574541306682619 26.452766886981856 4.192040173448213 12.325129216928836 7.872716692319042 -1.6011955572924015 0.5482937381972888 -2.9614842377655903 6.092234791920852
11.122244488977955 15.779121979346744 6.897293166147467 10.372363944185317 8.40444013268133 3.374103117622216 4.791779082469336 19.31902855591123 25.97797265380615 39.86656795783532 21.943555185880708 24.456571692360352 13.738638672217547 18.11509123894504 5.343779859725516 8.313812626450517 24.946971474554402 12.783616337048793 16.591662080661198 6.978549118260453 10.60085260368174 26.479078183980977 4.218351470447335 12.351440513927958 7.899027989318164 -1.5748842602932795 0.5746050351964107 -2.9351729407664684 6.118546088919974
11.182364729458918 15.805309540071839 6.923480726872562 10.398551504910394 8.430627693406407 3.400290678347293 4.817966643194431 19.345216116636326 26.00416021453124 39.89275551856041 21.969742746605796 24.482759253085447 13.764826232942625 18.141278799670136 5.369967420450611 8.340000187175612 24.973159035279487 12.80980389777387 16.617849641386275 7.004736678985548 10.627040164406836 26.505265744706065 4.24453903117243 12.377628074653035 7.925215550043259 -1.5486966995682023 0.6007925959214879 -2.9089853800413734 6.144733649645069
11.242484969939879 15.831374442050254 6.949545628850977 10.424616406888827 8.45669259538484 3.426355580325726 4.844031545172847 19.37128101861474 26.030225116509662 39.918820420538836 21.995807648584222 24.508824155063873 13.790891134921058 18.16734370164855 5.3960323224290265 8.366065089154027 24.99922393725791 12.835868799752303 16.64391454336471 7.0308015809639635 10.653105066385251 26.531330646684488 4.270603933150863 12.403692976631469 7.951280452021674 -1.5226317975897692 0.6268574978999211 -2.8829204780629403 6.170798551623502
11.302605210420841 15.85731774676324 6.9754889335639625 10.450559711601795 8.482635900097826 3.4522988850386938 4.869974849885832 19.397224323327727 26.056168421222637 39.94476372525181 22.021750953297197 24.534767459776848 13.816834439634025 18.193287006361537 5.421975627142012 8.392008393867012 25.025167241970887 12.86181210446527 16.669857848077676 7.056744885676949 10.679048371098236 26.557273951397462 4.29654723786383 12.429636281344436 7.977223756734659 -1.4966884928768016 0.6528008026128886 -2.8569771733499727 6.19674185633647
11.362725450901802 15.88314050421694 7.001311691017662 10.476382469055512 8.508458657551525 3.4781216424923933 4.8957976073395315 19.423047080781426 26.08199117867634 39.97058648270552 22.047573710750896 24.560590217230548 13.842657197087725 18.219109763815236 5.447798384595711 8.417831151320712 25.050989999424594 12.887634861918988 16.695680605531393 7.082567643130648 10.704871128551936 26.583096708851166 4.32236999531753 12.455459038798153 8.003046514188359 -1.4708657354230843 0.6786235600665882 -2.831154415896273 6.222564613790169
11.422845691382765 15.90884375149452 7.027014938295224 10.502085716333074 8.534161904829087 3.503824889769973 4.9215008546170935 19.44875032805899 26.10769442595391 39.99628972998308 22.07327695802847 24.58629346450812 13.868360444365305 18.2448130110928 5.473501631873273 8.443534398598274 25.076693246702156 12.91333810919655 16.721383852808955 7.108270890408228 10.730574375829498 26.608799956128735 4.34807324259511 12.481162286075715 8.028749761465921 -1.4451624881455223 0.704326807344168 -2.8054511686186934 6.248267861067749
11.482965931863728 15.93442851881015 7.052599705610874 10.527670483648723 8.559746672144737 3.5294096570856226 4.947085621932743 19.474335095374638 26.13327919326956 40.02187449729873 22.09886172534412 24.61187823182376 13.893945211680954 18.270397778408448 5.499086399188923 8.469119165913924 25.102278014017806 12.9389228765122 16.746968620124605 7.13385565772386 10.756159143145148 26.634384723444384 4.373658009910741 12.506747053391365 8.05433452878157 -1.4195777208298728 0.7299115746598175 -2.7798664013030616 6.273852628383381
11.543086172344688 15.959895815114749 7.078067001915471 10.553137779953321 8.585213968449334 3.5548769533902203 4.972552918237341 19.499802391679236 26.158746489574156 40.04734179360333 22.124329021648716 24.637345528128368 13.919412507985552 18.295865074713046 5.524553695493521 8.494586462218521 25.127745310322403 12.964390172816797 16.772435916429203 7.1593229540284575 10.781626439449745 26.659852019748982 4.399125306215339 12.532214349695963 8.079801825086168 -1.3941104245252751 0.7553788709644151 -2.754399104998464 6.299319924687996
11.603206412825651 15.985246644856925 7.103417831657648 10.578488609695498 8.610564798191511 3.580227783132397 4.997903747979517 19.525153221421412 26.184097319316333 40.0726926233455 22.14967985139089 24.66269635787054 13.944763337727728 18.321215904455222 5.549904525235697 8.519937291960698 25.153096140064584 12.989741002558974 16.79778674617138 7.184673783770634 10.806977269191922 26.68520284949116 4.4244761359575335 12.55756517943814 8.105152654828345 -1.3687595947830984 0.7807297007065919 -2.7290482752562695 6.324670754430173
11.663326653306612 16.010482000476305 7.128653187277028 10.60372396531486 8.635800153810873 3.605463138751759 5.023139103598897 19.550388577040792 26.209332674935702 40.097927978964876 22.174915207010255 24.687931713489906 13.96999869334709 18.346451260074584 5.575139880855077 8.54517264758006 25.178331495683953 13.014976358178336 16.82302210179074 7.209909139390014 10.832212624811302 26.710438205110528 4.449711491576895 12.582800535057501 8.130388010447724 -1.3435242391637365 0.8059650563259537 -2.7038129196369076 6.349906110049535
11.723446893787575 16.035602859831943 7.153774046632666 10.628844824670498 8.660921013166512 3.6305839981073973 5.0482599629545355 19.57550943639643 26.23445353429134 40.123048838320514 22.200036066365893 24.713052572845545 13.995119552702729 18.371572119430223 5.600260740210715 8.570293506935698 25.20345235503959 13.040097217533974 16.84814296114638 7.235029998745652 10.85733348416694 26.735559064466166 4.474832350932534 12.60792139441314 8.155508869803363 -1.318403379808098 0.8310859156815922 -2.678692060281269 6.375026969405173
11.783567134268537 16.060610191499265 7.178781378299988 10.65385215633782 8.685928344833833 3.655591329774719 5.073267294621857 19.600516768063752 26.259460865958665 40.14805616998783 22.225043398033222 24.738059904512873 14.02012688437005 18.396579451097562 5.625268071878037 8.595300838603038 25.228459686706913 13.065104549201296 16.8731502928137 7.260037330412974 10.882340815834262 26.76056639613349 4.4998396825998555 12.632928726080461 8.180516201470684 -1.2933960481407765 0.8560932473489138 -2.6536847286139476 6.400034301072495
11.843687374749498 16.085504950744447 7.203676137545152 10.678746915583002 8.710823104079015 3.680486089019901 5.098162053867021 19.625411527308934 26.284355625203844 40.17295092923302 22.249938157278397 24.762954663758048 14.045021643615232 18.421474210342726 5.650162831123219 8.620195597848202 25.253354445952095 13.089999308446478 16.898045052058883 7.284932089658156 10.907235575079444 26.785461155378663 4.5247344418450375 12.657823485325643 8.205410960715867 -1.2685012888955944 0.8809880065940958 -2.6287899693687655 6.424929060317677
11.90380761523046 16.110288089029172 7.228459275829877 10.703530053867727 8.73560624236374 3.705269227304626 5.122945192151747 19.65019466559364 26.309138763488562 40.197734067517736 22.274721295563122 24.787737802042773 14.069804781899958 18.44625734862745 5.6749459694079265 8.644978736132927 25.27813758423681 13.114782446731203 16.92282819034361 7.309715227942881 10.932018713364151 26.810244293663388 4.549517580129763 12.682606623610369 8.230194099000592 -1.2437181506108692 0.905771144878821 -2.6040068310840403 6.449712198602402
11.963927855711422 16.134960536100458 7.2531317229011805 10.728202500939013 8.760278689435044 3.7299416743759117 5.14761763922305 19.674867112664945 26.33381121055986 40.22240651458903 22.299393742634415 24.812410249114066 14.094477228971243 18.470929795698755 5.69961841647923 8.66965118320423 25.302810031308113 13.139454893802489 16.947500637414894 7.334387675014167 10.956691160435454 26.834916740734684 4.574190027201048 12.707279070681672 8.254866546071877 -1.2190457035395836 0.9304435919501066 -2.5793343840127547 6.4743846456736875
12.024048096192384 16.159523222622934 7.277694409423656 10.752765187461488 8.78484137595752 3.7545043608983875 5.172180325745526 19.69942979918742 26.35837389708233 40.24696920111151 22.32395642915689 24.836972935636542 14.119039915493719 18.49549248222123 5.724181103001706 8.694213869726706 25.327372717830592 13.164017580324964 16.972063323937387 7.3589503615366425 10.98125384695793 26.859479427257156 4.598752713723524 12.731841757204148 8.279429232594353 -1.194483017017108 0.9550062784725823 -2.554771697490279 6.498947332196163
12.084168336673347 16.183977056305654 7.302148243106377 10.777219021144226 8.80929520964024 3.7789581945811257 5.196634159428246 19.72388363287014 26.38282773076506 40.27142303479423 22.348410262839618 24.86142676931927 14.143493749176457 18.51994631590395 5.748634936684426 8.718667703409427 25.351826551513312 13.188471414007703 16.996517157620108 7.383404195219363 11.00570768064065 26.883933260939887 4.6232065474062445 12.756295590886868 8.303883066277074 -1.1700291833343697 0.9794601121553206 -2.5303178638075585 6.5234011658789015
12.144288577154308 16.20832294448297 7.326494131283692 10.801564909321524 8.833641097817537 3.803304082758423 5.220980047605561 19.748229521047456 26.407173618942366 40.29576892297154 22.372756151016926 24.88577265749657 14.167839637353755 18.544292204081266 5.772980824861741 8.743013591586724 25.376172439690617 13.212817302185 17.020863045797405 7.407750083396678 11.030053568817966 26.90827914911719 4.64755243558356 12.780641479064165 8.328228954454389 -1.1456832951570723 1.003806000332618 -2.5059719756302434 6.547747054056199
12.20440881763527 16.23256177818755 7.350732964988271 10.825803743026103 8.857879931522117 3.8275429164630026 5.245218881310141 19.772468354752036 26.431412452646946 40.32000775667612 22.396994984721506 24.910011491201157 14.192078471058334 18.568531037785846 5.797219658566321 8.767252425291321 25.400411273395196 13.23705613588958 17.045101879501985 7.431988917101258 11.054292402522545 26.93251798282177 4.671791269288139 12.804880312768745 8.352467788158968 -1.1214444614524928 1.0280448340371975 -2.481733141925664 6.571985887760778
12.264529058116231 16.256694442599464 7.374865629400187 10.849936407438019 8.88201259593405 3.851675580874918 5.269351545722056 19.79660101916395 26.45554511705886 40.34414042108804 22.42112764913342 24.934144155613073 14.21621113547025 18.59266370219776 5.821352322978236 8.791385089703237 25.424543937807123 13.261188800301495 17.069234543913918 7.456121581513173 11.07842506693446 26.956650647233687 4.695923933700055 12.829012977180678 8.376600452570884 -1.0973117970405772 1.052177498449113 -2.4576004775137483 6.596118552172694
12.324649298597194 16.28072181105539 7.398892997856112 10.873963775893944 8.906039964389958 3.8757029493308437 5.293378914177982 19.820628387619877 26.479572485514787 40.36816778954396 22.445155017589347 24.958171524068998 14.240238503926175 18.616691070653687 5.845379691434162 8.815412458159162 25.448571306263037 13.28521616875742 17.093261912369826 7.480148949969099 11.102452435390386 26.980678015689612 4.71995130215598 12.853040345636586 8.40062782102681 -1.0732844285846517 1.0762048669050386 -2.4335731090578228 6.6201459206286195
12.384769539078157 16.304644746366623 7.422815933167346 10.897886711205178 8.92996289970121 3.8996258846420773 5.3173018494892155 19.84455132293111 26.50349542082602 40.392090724855194 22.46907795290058 24.98209445938023 14.264161439237409 18.64061400596492 5.869302626745395 8.839335393470396 25.47249424157428 13.309139104068654 17.11718484768106 7.504071885280332 11.12637537070162 27.004600951000846 4.743874237467214 12.876963280947837 8.424550756338043 -1.049361493273418 1.1001278022162722 -2.409650173746589 6.644068855939853
