web/models/kne/27/mosfit_kn_0.001513_0.2807_3.6500.dat
# %ECSV 1.0
# ---
# datatype:
# - {name: time, datatype: float64}
# - {name: PS1_g, datatype: float64}
# - {name: PS1_i, datatype: float64}
# - {name: PS1_r, datatype: float64}
# - {name: PS1_w, datatype: float64}
# - {name: PS1_y, datatype: float64}
# - {name: PS1_z, datatype: float64}
# - {name: swift_uvot_B, datatype: float64}
# - {name: swift_uvot_U, datatype: float64}
# - {name: swift_uvot_uvm2, datatype: float64}
# - {name: swift_uvot_uvw1, datatype: float64}
# - {name: swift_uvot_uvw2, datatype: float64}
# - {name: swift_uvot_V, datatype: float64}
# - {name: johnson_B, datatype: float64}
# - {name: johnson_I, datatype: float64}
# - {name: johnson_R, datatype: float64}
# - {name: johnson_U, datatype: float64}
# - {name: johnson_V, datatype: float64}
# - {name: sdss_g, datatype: float64}
# - {name: sdss_i, datatype: float64}
# - {name: sdss_r, datatype: float64}
# - {name: sdss_u, datatype: float64}
# - {name: sdss_z, datatype: float64}
# - {name: ATLAS_c, datatype: float64}
# - {name: ATLAS_o, datatype: float64}
# - {name: ukirt_H, datatype: float64}
# - {name: ukirt_J, datatype: float64}
# - {name: ukirt_K, datatype: float64}
# - {name: Clear, datatype: float64}
# meta: !!omap
# - comment: [kappa = 3.65, type = rprocess, mass = 0.001513321957917195, velocity = 0.2806666666666667, theta_obs = 0.0, tfloor = 1000.0]
# schema: astropy-2.0
time PS1_g PS1_i PS1_r PS1_w PS1_y PS1_z swift_uvot_B swift_uvot_U swift_uvot_uvm2 swift_uvot_uvw1 swift_uvot_uvw2 swift_uvot_V johnson_B johnson_I johnson_R johnson_U johnson_V sdss_g sdss_i sdss_r sdss_u sdss_z ATLAS_c ATLAS_o ukirt_H ukirt_J ukirt_K Clear
[from data line 117]
7.0941883767535066 11.192160646908746 2.310331833709469 5.785402611747301 3.8174788002433324 -1.2128582148157996 0.20481775003133862 14.732067223473233 21.391011321368147 35.279606625397314 17.356593853442703 19.869610359922355 9.151677339779532 13.528129906507044 0.7568185272875185 3.7268512940125182 20.3600101421164 8.196655004610777 12.004700748223183 2.3915877858224555 6.013891271243743 21.892116851542973 -0.36860986199066303 7.7644791814899605 3.312066656880166 -6.161845592731296 -4.012356297241604 -7.5221342732044665 1.5315847564819762
7.154308617234468 11.217957879296367 2.33612906609709 5.81119984413494 3.8432760326309534 -1.1870609824281786 0.2306149824189596 14.757864455860854 21.416808553755764 35.305403857784945 17.382391085830324 19.895407592309976 9.177474572167153 13.553927138894664 0.7826157596751395 3.7526485264001392 20.385807374504026 8.222452236998416 12.030497980610821 2.4173850182100765 6.039688503631364 21.91791408393059 -0.34281262960304204 7.7902764138775815 3.337863889267787 -6.136048360343657 -3.9865590648539655 -7.4963370408168455 1.5573819888695972
7.214428857715431 11.243657505846407 2.36182869264713 5.83689947068498 3.868975659180993 -1.161361355878121 0.2563146089689994 14.783564082410894 21.442508180305815 35.33110348433499 17.408090712380364 19.921107218860016 9.20317419871721 13.579626765444704 0.8083153862251793 3.778348152950179 20.411507001054062 8.248151863548456 12.056197607160861 2.443084644760116 6.065388130181404 21.94361371048064 -0.3171130030530023 7.815976040427621 3.3635635158178268 -6.110348733793617 -3.9608594383039257 -7.470637414266806 1.5830816154196548
7.274549098196393 11.269261375142055 2.387432561942777 5.862503339980609 3.8945795284766405 -1.1357574865824915 0.28191847826464667 14.809167951706542 21.46811204960145 35.35670735363063 17.43369458167601 19.946711088155663 9.22877806801284 13.605230634740352 0.8339192555208266 3.8039520222458263 20.437110870349713 8.273755732844103 12.081801476456508 2.4686885140557635 6.090991999477051 21.969217579776277 -0.291509133757355 7.841579909723269 3.389167385113474 -6.084744864497988 -3.935255569008296 -7.445033544971158 1.6086854847152843
7.3346693386773545 11.294771203413525 2.4129423902142477 5.8880131682520975 3.920089356748111 -1.1102476583110032 0.3074283065361172 14.834677779978012 21.493621877872933 35.38221718190211 17.459204409947482 19.972220916427144 9.254287896284328 13.630740463011822 0.8594290837922971 3.829461850517297 20.46262069862118 8.299265561115574 12.107311304727979 2.494198342327252 6.116501827748522 21.99472740804776 -0.2659993054858667 7.867089737994739 3.4146772133849446 -6.059235036226499 -3.909745740736808 -7.41952371669967 1.6341953129867726
7.394789579158316 11.320188609489321 2.438359796290044 5.913430574327894 3.945506762823907 -1.0848302522352071 0.3328457126119133 14.860095186053808 21.51903928394873 35.4076345879779 17.484621816023278 19.99763832250294 9.279705302360124 13.656157869087618 0.8848464898680932 3.854879256593093 20.488038104696976 8.32468296719137 12.132728710803775 2.51961574840303 6.141919233824318 22.020144814123555 -0.24058189941008834 7.892507144070535 3.4400946194607407 -6.033817630150703 -3.884328334661012 -7.394106310623892 1.6596127190625687
7.454909819639278 11.345515105262649 2.4636862920633718 5.938757070101222 3.970833258597235 -1.059503756461897 0.3581722083852412 14.885421681827136 21.544365779722057 35.43296108375123 17.509948311796606 20.022964818276257 9.305031798133435 13.681484364860946 0.9101729856414211 3.880205752366421 20.513364600470304 8.350009462964698 12.158055206577103 2.544942244176358 6.167245729597646 22.045471309896882 -0.21525540363676043 7.917833639843863 3.4654211152340686 -6.008491134377375 -3.859001838887684 -7.368779814850564 1.6849392148358788
7.51503006012024 11.37076111479658 2.488932301597284 5.964003079635134 3.9960792681311474 -1.0342577469279668 0.38341821791915365 14.910667691361049 21.56961178925597 35.45820709328514 17.53519432133052 20.048210827810177 9.330277807667365 13.706730374394859 0.9354189951753336 3.9054517619003333 20.538610610004227 8.37525547249861 12.183301216111015 2.5701882537102883 6.192491739131558 22.070717319430795 -0.19000939410283024 7.9430796493777756 3.490667124767999 -5.983245124843463 -3.8337558293537715 -7.343533805316634 1.710185224369809
7.575150300601202 11.395904107820058 2.5140752946207634 5.989146072658613 4.021222261154627 -1.0091147539044876 0.40856121094263287 14.935810684384528 21.59475478227945 35.483350086308626 17.560337314354015 20.073353820833656 9.355420800690844 13.731873367418338 0.9605619881988305 3.9305947549238125 20.563753603027706 8.40039846552209 12.208444209134495 2.5953312467337675 6.217634732155055 22.095860312454274 -0.16486640107935102 7.968222642401255 3.515810117791478 -5.958102131819984 -3.8086128363302922 -7.3183908122931545 1.7353282173932882
7.635270541082164 11.420963943403137 2.53913513020386 6.01420590824171 4.046282096737723 -0.9840549183213909 0.4336210465257295 14.960870519967624 21.619814617862545 35.50840992189172 17.585397149937094 20.098413656416746 9.38048063627394 13.756933203001434 0.9856218237819094 3.955654590506909 20.588813438610792 8.425458301105186 12.233504044717591 2.6203910823168464 6.242694567738134 22.12092014803737 -0.13980656549627213 7.993282477984351 3.540869953374557 -5.933042296236887 -3.7835530007471956 -7.293330976710076 1.7603880529763671
7.695390781563126 11.445939346326703 2.5641105331274083 6.039181311165258 4.071257499661272 -0.9590795153978426 0.4585964494492778 14.985845922891173 21.644790020786093 35.53338532481528 17.61037255286066 20.1233890593403 9.405456039197489 13.781908605924983 1.0105972267054577 3.9806299934304574 20.61378884153435 8.450433704028734 12.25847944764114 2.6453664852404124 6.2676699706617 22.14589555096092 -0.11483116257270609 8.0182578809079 3.565845356298123 -5.908066893313339 -3.7585775978236473 -7.2683555737865095 1.7853634558999332
7.755511022044088 11.47083051582694 2.5890017026276624 6.064072480665494 4.096148669161526 -0.9341883458976064 0.48348761894953185 15.010737092391427 21.66968119028634 35.55827649431552 17.635263722360897 20.148280228840548 9.430347208697725 13.806799775425237 1.0354883962057118 4.0055211629307115 20.638680011034594 8.47532487352897 12.283370617141394 2.6702576547406487 6.292561140161936 22.170786720461166 -0.0899399930724698 8.043149050408154 3.5907365257983592 -5.883175723813102 -3.733686428323411 -7.243464404286273 1.8102546254001695
7.8156312625250495 11.49563817257059 2.613809359371313 6.088880137409163 4.120956325905176 -0.909380689153938 0.5082952756931824 15.035544749135077 21.694488847029998 35.58308415105917 17.660071379104547 20.173087885584206 9.455154865441393 13.831607432168887 1.0602960529493624 4.030328819674362 20.66348766777825 8.500132530272639 12.308178273885044 2.6950653114842993 6.317368796905587 22.195594377204824 -0.06513233632880144 8.067956707151804 3.61554418254201 -5.858368067069434 -3.7088787715797427 -7.218656747542605 1.8350622821438378
7.875751503006012 11.520363144391776 2.638534331192499 6.113605109230331 4.145681297726345 -0.8846557173327696 0.5330202475143686 15.060269720956263 21.719213818851173 35.60780912288035 17.684796350925733 20.197812857405378 9.479879837262562 13.856332403990056 1.0850210247705485 4.0550537914955305 20.688212639599424 8.524857502093807 12.332903245706213 2.7197902833054854 6.342093768726773 22.220319349026 -0.04040736450763305 8.092681678972973 3.640269154363196 -5.833643095248266 -3.6841537997585743 -7.1939317757214365 1.8597872539650062
7.935871743486974 11.545006281852217 2.6631774686529397 6.1382482466907895 4.170324435186803 -0.8600125798723113 0.5576633849748092 15.084912858416704 21.743856956311625 35.6324522603408 17.709439488386174 20.222455994865836 9.50452297472302 13.880975541450514 1.109664162230989 4.079696928955989 20.712855777059872 8.549500639554266 12.357546383166671 2.7444334207659438 6.366736906187214 22.24496248648645 -0.015764227047174728 8.117324816433431 3.6649122918236365 -5.808999957787807 -3.659510662298116 -7.169288638260978 1.8844303914254645
7.995991983967936 11.569568404091992 2.687739590892697 6.162810368930547 4.19488655742656 -0.8354504576325539 0.5822255072145843 15.10947498065648 21.76841907855139 35.65701438258056 17.73400161062595 20.247018117105593 9.529085096962778 13.905537663690271 1.1342262844707642 4.104259051195746 20.73741789929964 8.574062761794023 12.382108505406428 2.768995543005701 6.391299028426989 22.269524608726208 0.008797895192582672 8.141886938673188 3.6894744140634117 -5.78443783554805 -3.6349485400583585 -7.144726516021221 1.908992513665222
8.056112224448897 11.5940502790016 2.7122214658023225 6.187292243840172 4.219368432336186 -0.8109685827229285 0.606707382124192 15.133956855566087 21.792900953461007 35.68149625749018 17.758483485535557 20.271499992015208 9.553566971872403 13.930019538599897 1.1587081593803719 4.128740926105372 20.761899774209255 8.598544636703648 12.406590380316054 2.793477417915309 6.4157809033365965 22.294006483635833 0.0332797701021903 8.166368813582814 3.7139562889730193 -5.7599559606384245 -3.610466665148733 -7.120244641111613 1.9334743885748296
8.11623246492986 11.618452621407105 2.7366238082078276 6.21169458624566 4.243770774741673 -0.7865662403174412 0.631109724529697 15.158359197971592 21.817303295866502 35.705898599895676 17.78288582794106 20.295902334420706 9.57796931427789 13.954421881005384 1.183110501785877 4.153143268510859 20.786302116614753 8.622946979109136 12.430992722721541 2.817879760320814 6.4401832457421015 22.318408826041328 0.05768211250769539 8.190771155988301 3.7383586313785244 -5.735553618232937 -3.586064322743246 -7.095842298706108 1.9578767309803347
8.176352705410821 11.642776124305207 2.76094731110593 6.23601808914378 4.268094277639793 -0.7622427374193386 0.6554332274277996 15.182682700869695 21.841626798764608 35.73022210279379 17.807209330839164 20.320225837318816 9.602292817175993 13.978745383903505 1.2074340046839795 4.177466771408979 20.810625619512862 8.647270482007256 12.455316225619661 2.8422032632189165 6.464506748640204 22.342732328939434 0.08200561540579798 8.215094658886422 3.762682134276627 -5.711230115334817 -3.5617408198451432 -7.0715187958080055 1.9822002338784372
8.236472945891784 11.6670214189773 2.785192605778022 6.260263383815872 4.292339572311885 -0.7379974427472469 0.6796785220998913 15.206927995541786 21.8658720934367 35.75446739746588 17.831454625511256 20.344471131990908 9.626538111848085 14.002990678575596 1.2316792993560712 4.201712066081071 20.834870914184954 8.671515776679348 12.479561520291753 2.866448557891008 6.488752043312296 22.366977623611525 0.10625091007788967 8.239339953558513 3.7869274289487187 -5.686984820662725 -3.5374955251730515 -7.047273501135914 2.006445528550529
8.296593186372744 11.69118909190967 2.8093602787103933 6.284431056748243 4.3165072452442566 -0.7138297698148577 0.7038461950322628 15.231095668474158 21.890039766369078 35.77863507039825 17.855622298443627 20.36863880492328 9.650705784780474 14.027158351507968 1.2558469722884427 4.225879739013442 20.859038587117325 8.69568344961172 12.503729193224125 2.8906162308233796 6.512919716244667 22.391145296543904 0.1304185830102611 8.263507626490885 3.81109510188109 -5.662817147730354 -3.5133278522406624 -7.023105828203542 2.0306132014829004
8.356713426853707 11.715279721557135 2.8334509083578574 6.308521686395689 4.340597874891721 -0.6897391401674113 0.7279368246797269 15.255186298121622 21.91413039601653 35.802725700045706 17.87971292809109 20.392729434570743 9.67479641442792 14.051248981155432 1.2799376019359068 4.2499703686609065 20.883129216764782 8.719774079259166 12.527819822871571 2.9147068604708437 6.537010345892131 22.415235926191357 0.15450921265772521 8.287598256138331 3.8351857315285542 -5.638726518082907 -3.489237222593216 -6.999015198556078 2.0547038311303645
8.41683366733467 11.739293819299998 2.8574650061007034 6.332535784138553 4.364611972634567 -0.6657250424245476 0.7519509224225729 15.279200395864468 21.93814449375939 35.82673979778856 17.903727025833938 20.4167435323136 9.698810512170784 14.075263078898278 1.3039516996787528 4.2739844664037525 20.907143314507636 8.74378817700203 12.551833920614435 2.9387209582137075 6.561024443634977 22.439250023934214 0.178523310400589 8.311612353881195 3.859199829271418 -5.614712420340044 -3.465223124850352 -6.9750011008132144 2.0787179288732283
8.47695390781563 11.763231882709277 2.88140306951 6.35647384754785 4.388550036043863 -0.6417869790152508 0.7758889858318696 15.303138459273764 21.962082557168685 35.85067786119786 17.927665089243234 20.440681595722886 9.72274857558008 14.099201142307574 1.3278897630880495 4.297922529813049 20.931081377916932 8.767726240411326 12.575771984023731 2.9626590216229864 6.584962507044274 22.46318808734351 0.20246137380986795 8.335550417290492 3.883137892680697 -5.590774356930747 -3.4412850614410555 -6.9510630374039355 2.102655992282507
8.537074148296593 11.787094386037662 2.9052655728383847 6.3803363508762345 4.412412539372248 -0.617924475686884 0.7997514891602542 15.327000962602149 21.98594506049706 35.87454036452624 17.95152759257162 20.46454409905127 9.746611078908447 14.123063645635959 1.351752266416434 4.321785033141434 20.95494388124532 8.79158874373971 12.599634487352116 2.986521524951371 6.608825010372659 22.487050590671885 0.22632387713825253 8.359412920618876 3.9070003960090816 -5.566911853602362 -3.417422558112671 -6.927200534075551 2.126518495610892
8.597194388777554 11.810881757656908 2.929052944457613 6.404123722495463 4.436199910991476 -0.594137104067638 0.8235388607794825 15.350788334221377 22.009732432116298 35.89832773614547 17.975314964190847 20.488331470670506 9.770398450527694 14.146851017255187 1.3755396380356624 4.345572404760662 20.978731252864556 8.815376115358939 12.623421858971344 3.010308896570617 6.632612381991887 22.510837962291124 0.25011124875749857 8.383200292238104 3.9307877676283276 -5.543124481983134 -3.3936351864934426 -6.903413162456305 2.150305867230138
8.657314629258517 11.834594415371384 2.952765602172107 6.427836380209939 4.45991256870597 -0.5704244463531616 0.8472515184939766 15.374500991935871 22.033445089830785 35.922040393859966 17.99902762190534 20.512044128384993 9.79411110824217 14.170563674969682 1.3992522957501565 4.369285062475156 21.00244391057904 8.839088773073415 12.647134516685838 3.0340215542850935 6.656325039706381 22.53455062000561 0.27382390647197496 8.406912949952599 3.954500425342804 -5.519411824268658 -3.3699225287789663 -6.8797005047418285 2.1740185249446142
8.71743486973948 11.85823276013556 2.9764039469362835 6.451474724974116 4.483550913470129 -0.5467861015889852 0.870889863258153 15.398139336700048 22.057083434594958 35.94567873862413 18.022665966669518 20.535682473149162 9.817749453006346 14.194202019733858 1.422890640514333 4.392923407239315 21.02608225534321 8.862727117837592 12.670772861449997 3.05765989904927 6.6799633844705575 22.558188964769784 0.29746225123615133 8.430551294716757 3.9781387701069804 -5.495773479504481 -3.34628418401479 -6.856062159977652 2.1976568697087906
8.77755511022044 11.881797146843365 2.9999683336440697 6.4750391116819195 4.507115300177933 -0.5232217148811813 0.8944542499659391 15.421703723407834 22.080647821302755 35.96924312533193 18.046230353377304 20.559246859856966 9.84131383971415 14.217766406441644 1.446455027222119 4.416487793947119 21.049646642051002 8.886291504545396 12.694337248157801 3.0812242857570737 6.703527771178344 22.58175335147758 0.32102663794395525 8.454115681424561 4.0017031568147665 -5.472209092796677 -3.322719797306986 -6.832497773269848 2.2212212564165945
