web/models/kne/27/mosfit_kn_0.018177_0.1397_10.0000.dat
# %ECSV 1.0
# ---
# datatype:
# - {name: time, datatype: float64}
# - {name: PS1_g, datatype: float64}
# - {name: PS1_i, datatype: float64}
# - {name: PS1_r, datatype: float64}
# - {name: PS1_w, datatype: float64}
# - {name: PS1_y, datatype: float64}
# - {name: PS1_z, datatype: float64}
# - {name: swift_uvot_B, datatype: float64}
# - {name: swift_uvot_U, datatype: float64}
# - {name: swift_uvot_uvm2, datatype: float64}
# - {name: swift_uvot_uvw1, datatype: float64}
# - {name: swift_uvot_uvw2, datatype: float64}
# - {name: swift_uvot_V, datatype: float64}
# - {name: johnson_B, datatype: float64}
# - {name: johnson_I, datatype: float64}
# - {name: johnson_R, datatype: float64}
# - {name: johnson_U, datatype: float64}
# - {name: johnson_V, datatype: float64}
# - {name: sdss_g, datatype: float64}
# - {name: sdss_i, datatype: float64}
# - {name: sdss_r, datatype: float64}
# - {name: sdss_u, datatype: float64}
# - {name: sdss_z, datatype: float64}
# - {name: ATLAS_c, datatype: float64}
# - {name: ATLAS_o, datatype: float64}
# - {name: ukirt_H, datatype: float64}
# - {name: ukirt_J, datatype: float64}
# - {name: ukirt_K, datatype: float64}
# - {name: Clear, datatype: float64}
# meta: !!omap
# - comment: [kappa = 10.0, type = rprocess, mass = 0.018176879801416274, velocity = 0.13966666666666672, theta_obs = 0.0, tfloor = 1000.0]
# schema: astropy-2.0
time PS1_g PS1_i PS1_r PS1_w PS1_y PS1_z swift_uvot_B swift_uvot_U swift_uvot_uvm2 swift_uvot_uvw1 swift_uvot_uvw2 swift_uvot_V johnson_B johnson_I johnson_R johnson_U johnson_V sdss_g sdss_i sdss_r sdss_u sdss_z ATLAS_c ATLAS_o ukirt_H ukirt_J ukirt_K Clear
[from data line 318]
19.178356713426854 8.150771264186414 -0.7310575490128635 2.7440132290249863 0.7760894175209998 -4.254247597538114 -2.836571632690994 11.6906778407509 18.34962193864582 32.23821724267499 14.31520447072037 16.828220977200022 6.110287957057216 10.48674052378471 -2.284570855434814 0.6854619112901859 17.31862075939408 5.155265621888463 8.963311365500868 -0.6498015968998772 2.9725018885214105 18.850727468820647 -3.4099992447129956 4.723089798767628 0.2706772741578334 -9.20323497545361 -7.053745679963919 -10.563523655926799 -1.5098046262403386
19.238476953907814 8.159177358722332 -0.7226514544769636 2.7524193235608863 0.7844955120568997 -4.2458415030022145 -2.828165538155094 11.6990839352868 18.35802803318172 32.2466233372109 14.323610565256288 16.836627071735922 6.118694051593116 10.49514661832061 -2.276164760898914 0.6938680058260858 17.32702685392998 5.163671716424363 8.971717460036768 -0.6413955023639595 2.980907983057328 18.859133563356547 -3.401593150177078 4.731495893303528 0.27908336869375105 -9.19482888091771 -7.045339585428019 -10.555117561390881 -1.5013985317044387
19.298597194388776 8.167527116723594 -0.714301696475701 2.760769081562149 0.7928452700581623 -4.237491745000952 -2.8198157801538315 11.707433693288063 18.366377791182984 32.254973095212165 14.331960323257551 16.844976829737185 6.127043809594379 10.503496376321873 -2.2678150028976516 0.7022177638273484 17.335376611931242 5.172021474425626 8.98006721803803 -0.6330457443626969 2.989257741058573 18.86748332135781 -3.3932433921758154 4.73984565130479 0.28743312669501364 -9.186479122916447 -7.036989827426757 -10.546767803389619 -1.4930487737031761
19.35871743486974 8.175821092439683 -0.7060077207595938 2.769063057278238 0.8011392457742517 -4.229197769284863 -2.8115218044377244 11.71572766900417 18.374671766899073 32.26326707092826 14.34025429897364 16.853270805453292 6.135337785310468 10.511790352037963 -2.2595210271815445 0.7105117395434377 17.34367058764733 5.180315450141715 8.98836119375412 -0.6247517686466075 2.99755171677468 18.8757772970739 -3.384949416459726 4.74813962702088 0.295727102411103 -9.178185147200358 -7.028695851710667 -10.53847382767353 -1.4847547979870868
19.4188376753507 8.18405976979383 -0.6977690434054473 2.7773017346323847 0.8093779231283982 -4.220959091930716 -2.803283127083578 11.723966346358317 18.38291044425322 32.2715057482824 14.348492976327787 16.86150948280744 6.1435764626646145 10.520029029392127 -2.251282349827398 0.718750416897602 17.351909265001478 5.188554127495862 8.996599871108266 -0.616513091292461 3.0057903941288266 18.884015974428046 -3.3767107391055795 4.756378304375026 0.3039657797652495 -9.169946469846211 -7.020457174356521 -10.530235150319383 -1.4765161206329402
19.478957915831664 8.192244329721596 -0.6895844834776987 2.785486294560151 0.8175624830561645 -4.21277453200295 -2.7950985671558293 11.732150906286066 18.391095004180986 32.27969030821017 14.356677536255553 16.869694042735205 6.151761022592381 10.528213589319876 -2.2430977898996494 0.7269349768253506 17.360093824929244 5.196738687423628 9.004784431036033 -0.6083285313646947 3.013974954056593 18.892200534355812 -3.368526179177813 4.764562864302793 0.31215033969301587 -9.161761909918445 -7.012272614428754 -10.522050590391617 -1.468331560705174
19.539078156312623 8.200375467089032 -0.6814533461102457 2.793617431927604 0.8256936204236176 -4.204643394635497 -2.786967429788376 11.740282043653519 18.39922614154844 32.28782144557761 14.364808673622989 16.87782518010264 6.159892159959834 10.536344726687329 -2.2349666525321963 0.7350661141928037 17.368224962296697 5.204869824791081 9.012915568403486 -0.6001973939972416 3.0221060914240283 18.900331671723265 -3.36039504181036 4.772694001670246 0.3202814770604512 -9.153630772550992 -7.004141477061301 -10.513919453024164 -1.4602004233377208
19.599198396793586 8.208453189242952 -0.6733756239563249 2.801695154081507 0.8337713425775206 -4.196565672481594 -2.7788897076344554 11.74835976580744 18.407303863702342 32.29589916773153 14.37288639577691 16.88590290225656 6.167969882113737 10.544422448841232 -2.2268889303782755 0.7431438363467067 17.3763026844506 5.212947546944984 9.020993290557389 -0.5921196718433386 3.030183813577949 18.908409393877168 -3.352317319656457 4.780771723824149 0.32835919921437196 -9.145553050397089 -6.996063754907398 -10.50584173087026 -1.4521227011838178
19.65931863727455 8.216478306306314 -0.6653505068929633 2.8097202711448865 0.8417964596409 -4.188540555418232 -2.770864590571094 11.756384882870801 18.41532898076572 32.303924284794896 14.380911512840271 16.893928019319922 6.175994999177099 10.552447565904611 -2.218863813314914 0.751168953410086 17.38432780151396 5.220972664008364 9.029018407620768 -0.584094554779977 3.0382089306413107 18.916434510940547 -3.3442922025930955 4.788796840887528 0.3363843162777336 -9.13752793333371 -6.988038637844019 -10.497816613806899 -1.4440975841204562
19.71943887775551 8.224451148955989 -0.657377664243306 2.817693113794544 0.8497693022905572 -4.180567712768557 -2.7628917479214365 11.764357725520476 18.42330182341538 32.31189712744456 14.388884355489946 16.901900861969597 6.183967841826774 10.560420408554268 -2.210890970665239 0.7591417960597433 17.392300644163637 5.228945506658021 9.036991250270425 -0.5761217121303019 3.0461817732909857 18.924407353590205 -3.3363193599434204 4.796769683537185 0.3443571589274086 -9.129555090684052 -6.980065795194362 -10.489843771157224 -1.4361247414707812
19.779559118236474 8.232372819135652 -0.6494559940636258 2.825614783974224 0.8576909724702375 -4.172646042588877 -2.7549700777417563 11.772279395700139 18.43122349359506 32.31981879762423 14.396806025669608 16.90982253214926 6.191889512006454 10.568342078733949 -2.2029693004855764 0.7670634662394236 17.400222314343317 5.236867176837701 9.044912920450106 -0.5682000419506394 3.054103443470648 18.932329023769885 -3.328397689763758 4.804691353716866 0.3522788291070711 -9.121633420504372 -6.972144125014681 -10.481922100977561 -1.428203071291101
19.839679358717433 8.240243782192493 -0.6415850310067839 2.833485747031048 0.8655619355270794 -4.164775079532053 -2.7470991146849144 11.78015035875698 18.4390944566519 32.32768976068106 14.40467698872645 16.9176934952061 6.199760475063278 10.57621304179079 -2.1950983374287345 0.7749344292962654 17.40809327740014 5.244738139894525 9.052783883506947 -0.5603290788937976 3.06197440652749 18.940199986826727 -3.320526726706916 4.8125623167737075 0.36014979216391296 -9.113762457447548 -6.964273161957857 -10.47405113792072 -1.4203321082342768
19.899799599198396 8.248064615313027 -0.6337641978862507 2.841306580151599 0.8733827686476126 -4.1569542464115194 -2.7392782815643812 11.787971191877514 18.446915289772434 32.33551059380161 14.412497821846983 16.925514328326635 6.207581308183811 10.584033874911324 -2.1872775043082013 0.7827552624167986 17.415914110520674 5.252558973015076 9.06060471662748 -0.5525082457732644 3.0697952396480233 18.94802081994726 -3.312705893586383 4.820383149894241 0.36797062528444613 -9.105941624326997 -6.956452328837306 -10.466230304800186 -1.4125112751137436
19.95991983967936 8.255835858434466 -0.6259929547648291 2.8490778232730207 0.8811540117690342 -4.14918300329008 -2.7315070384429596 11.795742434998935 18.454686532893856 32.343281836923026 14.420269064968405 16.933285571448057 6.2153525513052506 10.591805118032745 -2.1795062611867797 0.7905265055382202 17.423685353642114 5.260330216136498 9.068375959748902 -0.544737002651825 3.077566482769445 18.95579206306868 -3.3049346504649435 4.828154393015662 0.3757418684058855 -9.098170381205575 -6.948681085715885 -10.458459061678747 -1.4047400319923042
20.02004008016032 8.263557953812022 -0.6182708593872555 2.8567999186505943 0.8888761071466078 -4.141460907912524 -2.723784943065386 11.803464530376509 18.46240862827143 32.3510039323006 14.427991160345979 16.94100766682563 6.223074646682806 10.599527213410319 -2.171784165809206 0.7982486009157939 17.43140744901967 5.268052311514071 9.076098055126476 -0.5370149072742691 3.0852885781470185 18.963514158446255 -3.2972125550873876 4.835876488393236 0.3834639637834414 -9.090448285828002 -6.940958990338311 -10.450736966301191 -1.3970179366147484
20.080160320641284 8.271231461716084 -0.610597351483193 2.864473426554639 0.8965496150506524 -4.133787400008462 -2.7161114351613236 11.811138038280571 18.470082136175474 32.35867744020465 14.435664668250041 16.948681174729693 6.230748154586869 10.607200721314381 -2.1641106579051437 0.8059221088198385 17.439080956923732 5.275725819418116 9.08377156303052 -0.5293413993702067 3.092962086051081 18.9711876663503 -3.2895390471833252 4.843549996297281 0.3911374716875038 -9.082774777923957 -6.9332854824342665 -10.443063458397129 -1.389344428710686
20.140280561122243 8.278857210291086 -0.6029716029081911 2.8720991751296587 0.9041753636256722 -4.126161651433442 -2.7084856865863216 11.818763786855573 18.477707884750494 32.36630318877967 14.443290416825043 16.956306923304695 6.238373903161889 10.614826469889383 -2.1564849093301417 0.8135478573948582 17.44670670549875 5.283351567993136 9.09139731160554 -0.5217156507952048 3.100587834626083 18.97881341492532 -3.2819132986083233 4.8511757448723 0.39876322026250577 -9.075149029348937 -6.925659733859247 -10.435437709822127 -1.381718680135684
20.200400801603205 8.286436102373997 -0.5953927108252799 2.879678067212552 0.9117542557085834 -4.118582759350549 -2.7009067945034104 11.826342678938484 18.485286776833405 32.37388208086258 14.450869308907954 16.963885815387606 6.245952795244782 10.622405361972294 -2.1489060172472305 0.8211267494777694 17.454285597581645 5.290930460076029 9.098976203688451 -0.5141367587122936 3.108166726708994 18.98639230700823 -3.274334406525412 4.8587546369552115 0.40634211234541695 -9.067570137266044 -6.918080841776353 -10.427858817739216 -1.3741397880527728
20.260521042084168 8.293968164241257 -0.5878606489580207 2.8872101290798113 0.9192863175758426 -4.111050697483289 -2.6933747326361512 11.833874740805744 18.492818838700664 32.38141414272984 14.458401370775213 16.971417877254865 6.253484857112041 10.629937423839554 -2.1413739553799713 0.8286588113450286 17.461817659448904 5.298462521943288 9.10650826555571 -0.5066046968450344 3.1156987885762533 18.99392436887549 -3.266802344658153 4.866286698822471 0.41387417421267614 -9.060038075398785 -6.910548779909094 -10.420326755871956 -1.3666077261855136
20.32064128256513 8.30145416163063 -0.5803746515686647 2.894696126469185 0.9267723149651985 -4.103564700093916 -2.6858887352467953 11.8413607381951 18.50030483609002 32.3889001401192 14.465887368164587 16.97890387464424 6.260970854501415 10.63742342122891 -2.1338879579906154 0.8361448087343846 17.469303656838278 5.305948519332662 9.113994262945067 -0.4991186994556607 3.123184785965627 19.001410366264846 -3.259316347268779 4.873772696211827 0.42136017160204986 -9.05255207800941 -6.90306278251972 -10.412840758482583 -1.35912172879614
20.38076152304609 8.308894379814191 -0.5729344333850861 2.902136344652746 0.9342125331487772 -4.096124481910355 -2.6784485170632166 11.848800956378678 18.5077450542736 32.39634035830276 14.473327586348148 16.9863440928278 6.268411072684976 10.644863639412488 -2.1264477398070367 0.8435850269179632 17.47674387502184 5.313388737516223 9.121434481128627 -0.4916784812720998 3.130625004149188 19.008850584448425 -3.2518761290852183 4.881212914395405 0.42880038978561075 -9.04511185982585 -6.8956225643361595 -10.405400540299022 -1.351681510612579
20.440881763527052 8.31628983000602 -0.5655389831932744 2.9095317948445754 0.9416079833405888 -4.088729031718525 -2.671053066871405 11.85619640657049 18.51514050446541 32.403735808494595 14.480723036539977 16.99373954301961 6.275806522876805 10.6522590896043 -2.119052289615225 0.8509804771097749 17.48413932521367 5.320784187708052 9.128829931320457 -0.4842830310802704 3.1380204543410173 19.016246034640236 -3.244480678893389 4.888608364587217 0.43619583997744016 -9.03771640963402 -6.88822711414433 -10.398005090107192 -1.3442860604207496
20.501002004008015 8.323641121129235 -0.5581876920700424 2.9168830859677897 0.9489592744638209 -4.081377740595311 -2.663701775748173 11.863547697693722 18.522491795588643 32.411087099617816 14.488074327663192 17.001090834142843 6.2831578140000195 10.659610380727532 -2.111700998491993 0.8583317682330069 17.491490616336883 5.3281354788312845 9.136181222443689 -0.47693173995705607 3.1453717454642316 19.02359732576347 -3.2371293877701746 4.895959655710449 0.44354713110065447 -9.030365118510806 -6.880875823021116 -10.390653798983978 -1.3369347692975353
20.561122244488978 8.330948782026955 -0.5508800311723228 2.9241907468655093 0.9562669353615227 -4.0740700796975915 -2.6563941148504533 11.870855358591442 18.529799456486344 32.418394760515525 14.495381988560911 17.008398495040563 6.290465474897739 10.666918041625252 -2.1043933375942734 0.8656394291307088 17.498798277234602 5.335443139728986 9.14348888334139 -0.46962407905933645 3.152679406361951 19.03090498666117 -3.229821726872455 4.903267316608151 0.4508547919983741 -9.023057457613087 -6.873568162123396 -10.383346138086258 -1.3296271083998157
20.62124248496994 8.338213118339599 -0.5436156948596782 2.9314550831781716 0.9635312716741851 -4.066805743384929 -2.6491297785378087 11.878119694904086 18.537063792799007 32.42565909682818 14.502646324873556 17.015662831353207 6.297729811210401 10.674182377937896 -2.097129001281629 0.8729037654433711 17.506062613547265 5.342707476041649 9.150753219654053 -0.4623597427466919 3.1599437426745958 19.038169322973832 -3.2225573905598104 4.910531652920813 0.45811912831101864 -9.015793121300424 -6.866303825810734 -10.376081801773614 -1.3223627720871534
20.6813627254509 8.345434789343642 -0.536394023855653 2.9386767541821968 0.9707529426782102 -4.059584072380904 -2.6419081075337836 11.885341365908129 18.544285463803032 32.43288076783221 14.509867995877599 17.02288450235725 6.304951482214427 10.681404048941921 -2.089907330277586 0.8801254364473963 17.51328428455129 5.349929147045674 9.157974890658078 -0.455138071742649 3.1671654136786387 19.045390993977858 -3.2153357195557675 4.917753323924838 0.46534079931506156 -9.0085714502964 -6.859082154806709 -10.368860130769571 -1.3151411010831282
20.741482965931862 8.35261418417982 -0.5292146290194566 2.945856149018393 0.9779323375144067 -4.052404677544708 -2.634728712697587 11.892520760744308 18.55146485863923 32.4400601626684 14.517047390713778 17.03006389719343 6.312130877050623 10.688583443778118 -2.082727935441407 0.8873048312835927 17.520463679387486 5.35710854188187 9.165154285494275 -0.4479586769064703 3.1743448085148174 19.052570388814054 -3.208156324719589 4.924932718761035 0.47252019415124025 -9.001392055460203 -6.851902759970512 -10.361680735933392 -1.3079617062469318
20.801603206412825 8.359752171946688 -0.5220766412526068 2.952994136785243 0.9850703252812565 -4.045266689777858 -2.6275907249307373 11.899658748511158 18.558602846406078 32.44719815043526 14.524185378480645 17.037201884960297 6.319268864817473 10.695721431544968 -2.0755899476745574 0.8944428190504425 17.527601667154336 5.36424652964872 9.172292273261125 -0.4408206891396027 3.181482796281685 19.059708376580904 -3.201018336952721 4.932070706527885 0.47965818191810783 -8.994254067693353 -6.844764772203662 -10.354542748166525 -1.300823718480082
20.861723446893787 8.366849278713708 -0.514979534485569 2.960091243552263 0.9921674320482765 -4.038169583010838 -2.6204936181636995 11.906755855278195 18.565699953173098 32.45429525720228 14.531282485247665 17.044298991727317 6.326365971584493 10.702818538311988 -2.0684928409075196 0.9015399258174626 17.534698773921356 5.37134363641574 9.179389380028145 -0.4337235823725827 3.188579903048705 19.066805483347924 -3.193921230185701 4.939167813294905 0.48675528868512785 -8.987156960926333 -6.837667665436642 -10.347445641399505 -1.293726611713062
