web/models/kne/27/mosfit_kn_0.001230_0.4687_10.0000.dat
# %ECSV 1.0
# ---
# datatype:
# - {name: time, datatype: float64}
# - {name: PS1_g, datatype: float64}
# - {name: PS1_i, datatype: float64}
# - {name: PS1_r, datatype: float64}
# - {name: PS1_w, datatype: float64}
# - {name: PS1_y, datatype: float64}
# - {name: PS1_z, datatype: float64}
# - {name: swift_uvot_B, datatype: float64}
# - {name: swift_uvot_U, datatype: float64}
# - {name: swift_uvot_uvm2, datatype: float64}
# - {name: swift_uvot_uvw1, datatype: float64}
# - {name: swift_uvot_uvw2, datatype: float64}
# - {name: swift_uvot_V, datatype: float64}
# - {name: johnson_B, datatype: float64}
# - {name: johnson_I, datatype: float64}
# - {name: johnson_R, datatype: float64}
# - {name: johnson_U, datatype: float64}
# - {name: johnson_V, datatype: float64}
# - {name: sdss_g, datatype: float64}
# - {name: sdss_i, datatype: float64}
# - {name: sdss_r, datatype: float64}
# - {name: sdss_u, datatype: float64}
# - {name: sdss_z, datatype: float64}
# - {name: ATLAS_c, datatype: float64}
# - {name: ATLAS_o, datatype: float64}
# - {name: ukirt_H, datatype: float64}
# - {name: ukirt_J, datatype: float64}
# - {name: ukirt_K, datatype: float64}
# - {name: Clear, datatype: float64}
# meta: !!omap
# - comment: [kappa = 10.0, type = rprocess, mass = 0.0012301715156502338, velocity = 0.4686666666666667, theta_obs = 0.0, tfloor = 1000.0]
# schema: astropy-2.0
time PS1_g PS1_i PS1_r PS1_w PS1_y PS1_z swift_uvot_B swift_uvot_U swift_uvot_uvm2 swift_uvot_uvw1 swift_uvot_uvw2 swift_uvot_V johnson_B johnson_I johnson_R johnson_U johnson_V sdss_g sdss_i sdss_r sdss_u sdss_z ATLAS_c ATLAS_o ukirt_H ukirt_J ukirt_K Clear
[from data line 267]
16.112224448897795 17.286880979624772 8.405052166425495 11.880122944463345 9.912199132959358 4.881862117900244 6.299538082747365 20.82678755618926 27.48573165408418 41.37432695811335 23.45131418615873 25.96433069263838 15.246397672495576 19.62285023922307 6.8515388600035445 9.821571626728545 26.45473047483243 14.291375337326821 18.099421080939226 8.486308118538481 12.108611603959769 27.986837184259006 5.726110470725363 13.859199514205987 9.406786989596192 -0.06712526001525121 2.082364035474439 -1.42741394048844 7.626305089198002
16.172344689378757 17.305616992021662 8.423788178822385 11.898858956860217 9.930935145356248 4.900598130297116 6.318274095144254 20.84552356858615 27.504467666481062 41.39306297051024 23.47005019855562 25.98306670503527 15.265133684892447 19.64158625161996 6.870274872400434 9.840307639125434 26.473466487229317 14.310111349723693 18.118157093336116 8.50504413093537 12.127347616356658 28.005573196655888 5.744846483122252 13.877935526602876 9.425523001993081 -0.048389247618379594 2.1011000478713107 -1.4086779280915507 7.645041101594892
16.23246492985972 17.32428843539971 8.442459622200431 11.917530400238281 9.949606588734294 4.91926957367518 6.336945538522301 20.864195011964195 27.523139109859116 41.41173441388829 23.488721641933676 26.001738148413327 15.283805128270512 19.660257694998005 6.8889463157784805 9.858979082503481 26.492137930607363 14.328782793101757 18.136828536714162 8.523715574313417 12.146019059734705 28.024244640033942 5.763517926500299 13.896606969980922 9.444194445371128 -0.029717804240315226 2.119771491249375 -1.390006484713504 7.663712544972956
16.29258517034068 17.342895740600817 8.46106692740154 11.936137705439371 9.968213893935403 4.937876878876271 6.355552843723409 20.882802317165304 27.541746415060217 41.4303417190894 23.507328947134774 26.020345453614425 15.302412433471602 19.678865000199114 6.907553620979589 9.87758638770459 26.51074523580847 14.347390098302865 18.15543584191527 8.542322879514526 12.164626364935813 28.042851945235043 5.782125231701407 13.91521427518203 9.462801750572236 -0.011110499039224786 2.1383787964504655 -1.3713991795123959 7.682319850174046
16.352705410821642 17.361439335376367 8.47961052217709 11.954681300214922 9.986757488710936 4.956420473651821 6.37409643849896 20.901345911940844 27.560290009835768 41.44888531386494 23.525872541910324 26.038889048389976 15.320956028247153 19.697408594974664 6.9260972157551395 9.89612998248014 26.529288830584015 14.365933693078398 18.173979436690804 8.560866474290076 12.183169959711364 28.061395540010594 5.800668826476958 13.933757869957564 9.481345345347787 0.007433095736326001 2.1569223912260163 -1.352855584736845 7.700863444949597
16.412825651302605 17.379919635930392 8.498090822731115 11.973161600768965 10.005237789264978 4.974900774205864 6.392576739052984 20.91982621249488 27.5787703103898 41.46736561441897 23.54435284246435 26.057369348944 15.339436328801177 19.71588889552869 6.944577516309164 9.914610283034165 26.547769131138047 14.38441399363244 18.192459737244846 8.579346774844101 12.201650260265389 28.079875840564625 5.8191491270309825 13.952238170511606 9.499825645901812 0.025913396290368373 2.1754026917800586 -1.3343752841828205 7.719343745503622
16.472945891783567 17.398337061280227 8.51650824808095 11.9915790261188 10.023655214614813 4.9933181995556986 6.410994164402819 20.938243637844714 27.597187735739634 41.485783039768805 23.56277026781419 26.075786774293842 15.35785375415103 19.734306320878524 6.962994941658999 9.933027708384 26.566186556487885 14.402831418982275 18.21087716259468 8.597764200193936 12.220067685615223 28.09829326591446 5.837566552380835 13.970655595861441 9.518243071251646 0.04433082164020319 2.1938201171298934 -1.315957858832968 7.737761170853474
16.53306613226453 17.416692029124636 8.534863215925341 12.009933993963191 10.042010182459205 5.01167316740009 6.429349132247211 20.956598605689116 27.615542703584026 41.5041380076132 23.581125235658586 26.094141742138238 15.376208721995422 19.752661288722916 6.981349909503391 9.951382676228391 26.584541524332284 14.421186386826667 18.229232130439073 8.616119168038345 12.238422653459615 28.116648233758852 5.855921520225227 13.989010563705833 9.536598039096056 0.06268578948459491 2.212175084974285 -1.2976028909885762 7.756116138697866
16.59318637274549 17.43498494922619 8.553156136026914 12.028226914064746 10.06030310256076 5.029966087501645 6.447642052348783 20.974891525790667 27.63383562368559 41.52243092771476 23.599418155760137 26.11243466223979 15.394501642096976 19.77095420882447 6.999642829604963 9.969675596329946 26.60283444443384 14.439479306928222 18.247525050540627 8.6344120881399 12.256715573561188 28.134941153860417 5.8742144403267815 14.007303483807387 9.55489095919761 0.08097870958614961 2.23046800507584 -1.2793099708870215 7.774409058799421
16.65330661322645 17.45321622772302 8.571387414523723 12.046458192561573 10.078534381057587 5.0481973659984725 6.465873330845593 20.993122804287495 27.65206690218241 41.540662206211586 23.617649434256965 26.130665940736616 15.412732920593804 19.789185487321298 7.017874108101791 9.987906874826773 26.621065722930666 14.45771058542505 18.265756329037455 8.652643366636728 12.274946852058015 28.153172432357234 5.892445718823609 14.025534762304215 9.573122237694438 0.0992099880829771 2.2486992835726674 -1.261078692390194 7.792640337296248
16.713426853707414 17.471386262440944 8.58955744924165 12.0646282272795 10.096704415775513 5.066367400716398 6.484043365563519 21.01129283900542 27.670236936900334 41.55883224092951 23.63581946897489 26.148835975454542 15.43090295531173 19.807355522039224 7.036044142819699 10.0060769095447 26.639235757648592 14.475880620142975 18.28392636375538 8.670813401354653 12.293116886775941 28.17134246707516 5.910615753541535 14.04370479702214 9.591292272412364 0.11738002280090298 2.2668693182905932 -1.242908657672268 7.810810372014174
16.773547094188377 17.489495453225263 8.607666640025986 12.082737418063818 10.114813606559832 5.084476591500717 6.5021525563478555 21.029402029789743 27.68834612768466 41.576941431713834 23.653928659759213 26.166945166238865 15.449012146096049 19.825464712823543 7.054153333604035 10.024186100329018 26.65734494843291 14.493989810927294 18.3020355545397 8.688922592138972 12.31122607756026 28.189451657859486 5.928724944325854 14.06181398780646 9.609401463196683 0.13548921358522192 2.284978509074912 -1.2247994668879492 7.828919562798493
16.83366733466934 17.507544195760243 8.625715382560966 12.100786160598815 10.132862349094829 5.102525334035715 6.520201298882835 21.047450772324737 27.70639487021965 41.59499017424882 23.671977402294207 26.18499390877386 15.467060888631046 19.84351345535854 7.072202076139015 10.042234842864016 26.6753936909679 14.512038553462292 18.320084297074697 8.70697133467397 12.32927482009524 28.207500400394476 5.946773686860851 14.079862730341457 9.627450205731662 0.15353795612021925 2.3030272516099095 -1.2067507243529518 7.84696830533349
16.8937875751503 17.525532882662826 8.64370406946355 12.118774847501381 10.150851035997412 5.1205140209382805 6.538189985785419 21.065439459227314 27.724383557122223 41.6129788611514 23.689966089196783 26.202982595676435 15.485049575533612 19.861502142261124 7.090190763041599 10.0602235297666 26.693382377870485 14.530027240364857 18.33807298397728 8.724960021576535 12.347263506997823 28.22548908729705 5.964762373763417 14.09785141724404 9.645438892634246 0.17152664302278509 2.3210159385124753 -1.188762037450386 7.864956992236056
16.95390781563126 17.543461901211845 8.661633088012568 12.136703866050418 10.168780054546431 5.138443039487317 6.5561190043344375 21.083368477776332 27.742312575671253 41.63090787970042 23.707895107745802 26.220911614225454 15.50297859408263 19.879431160810142 7.108119781590617 10.078152548315618 26.711311396419504 14.547956258913894 18.3560020025263 8.742889040125554 12.365192525546842 28.24341810584608 5.982691392312436 14.11578043579306 9.663367911183265 0.1894556615718217 2.338944957061512 -1.1708330189013672 7.882886010785075
17.014028056112224 17.561331632445114 8.679502819245837 12.154573597283687 10.1866497857797 5.156312770720568 6.573988735567706 21.1012382090096 27.76018230690452 41.64877761093369 23.72576483897907 26.238781345458722 15.5208483253159 19.89730089204341 7.125989512823886 10.096022279548887 26.729181127652772 14.565825990147163 18.373871733759568 8.760758771358823 12.38306225678011 28.261287837079347 6.000561123545705 14.133650167026328 9.681237642416534 0.20732539280509044 2.3568146882947807 -1.1529632876680984 7.900755742018344
17.074148296593187 17.57914245486475 8.697313641665474 12.172384419703306 10.204460608199337 5.174123593140205 6.591799557987343 21.11904903142924 27.77799312932415 41.66658843335333 23.743575661398708 26.25659216787836 15.538659147735537 19.91511171446305 7.143800335243523 10.113833101968524 26.746991950072406 14.583636812566782 18.391682556179205 8.77856959377846 12.400873079199748 28.279098659498977 6.018371945965342 14.151460989445965 9.69904846483617 0.22513621522470983 2.3746255107144 -1.1351524652484613 7.918566564437981
17.13426853707415 17.596894750103935 8.715065936904658 12.190136714942508 10.222212903438521 5.191875888379407 6.609551853226527 21.136801326668422 27.795745424563343 41.68434072859252 23.761327956637903 26.274344463117554 15.556411442974738 19.932864009702232 7.161552630482707 10.131585397207708 26.76474424531159 14.601389107805984 18.40943485141839 8.796321889017644 12.418625374438932 28.29685095473817 6.0361242412045435 14.16921328468515 9.716800760075355 0.24288851046391158 2.392377805953602 -1.1174001700092595 7.936318859677183
17.19438877755511 17.61458889073305 8.732760077533772 12.207830855571622 10.239907044067635 5.209570029008503 6.627245993855642 21.154495467297536 27.813439565192457 41.70203486922163 23.779022097267006 26.292038603746658 15.574105583603835 19.950558150331346 7.1792467711118215 10.149279537836822 26.782438385940708 14.619083248435098 18.427128992047503 8.814016029646758 12.436319515068046 28.314545095367283 6.05381838183364 14.186907425314264 9.734494900704469 0.2605826510930258 2.410071946582716 -1.099706029380163 7.954013000306279
17.25450901803607 17.63222524210093 8.750396428901634 12.225467206939484 10.257543395435498 5.2272063803763835 6.644882345223504 21.172131818665406 27.83107591656032 41.71967122058949 23.796658448634876 26.309674955114527 15.591741934971715 19.96819450169921 7.196883122479684 10.166915889204684 26.80007473730857 14.63671959980296 18.444765343415366 8.831652381014639 12.453955866435908 28.332181446735145 6.07145473320152 14.204543776682126 9.752131252072331 0.27821900246088815 2.4277082979505784 -1.082069678012283 7.971649351674159
17.314629258517034 17.649804174345274 8.767975361145997 12.243046139183846 10.27512232767986 5.244785312620728 6.662461277467866 21.18971075090976 27.84865484880468 41.73725015283385 23.81423738087923 26.327253887358882 15.60932086721606 19.98577343394357 7.214462054724046 10.184494821449046 26.817653669552932 14.654298532047322 18.462344275659728 8.849231313258983 12.47153479868027 28.349760378979507 6.089033665445864 14.222122708926488 9.769710184316693 0.2957979347052502 2.4452872301949404 -1.0644907457679387 7.989228283918504
17.374749498997996 17.667326050503096 8.785497237303819 12.260568015341669 10.292644203837682 5.262307188778568 6.679983153625688 21.207232627067583 27.866176724962504 41.754772028991674 23.831759257037053 26.344775763516704 15.6268427433739 20.003295310101393 7.231983930881868 10.202016697606869 26.835175545710754 14.671820408205145 18.47986615181755 8.866753189416805 12.489056674838093 28.36728225513733 6.1065555416036865 14.23964458508431 9.787232060474516 0.31331981086307237 2.4628091063527626 -1.0469688696101165 8.006750160076326
17.43486973947896 17.684791227059318 8.80296241386004 12.278033191897872 10.310109380393904 5.279772365334772 6.69744833018191 21.224697803623805 27.883641901518715 41.772237205547896 23.849224433593275 26.362240940072926 15.644307919930103 20.020760486657615 7.24944910743809 10.21948187416309 26.852640722266976 14.689285584761349 18.49733132837377 8.884218365973027 12.506521851394314 28.38474743169354 6.124020718159908 14.257109761640532 9.804697237030737 0.3307849874192763 2.4802742829089666 -1.0295036930538948 8.024215336632547
17.494989979959918 17.702200062633064 8.820371249433787 12.295442027471637 10.32751821596765 5.297181200908518 6.714857165755657 21.24210663919755 27.901050737092472 41.78964604112164 23.86663326916702 26.379649775646673 15.66171675550385 20.03816932223136 7.2668579430118365 10.236890709736837 26.870049557840723 14.706694420335113 18.51474016394752 8.901627201546773 12.523930686968061 28.402156267267298 6.141429553733655 14.274518597214279 9.822106072604484 0.3481938229930408 2.497683118482731 -1.012094857480148 8.041624172206294
17.55511022044088 17.719552910245877 8.837724097046582 12.312794875084432 10.344871063580445 5.314534048521331 6.7322100133684515 21.259459486810357 27.918403584705267 41.80699888873445 23.883986116779827 26.39700262325948 15.679069603116663 20.055522169844156 7.284210790624631 10.254243557349632 26.887402405453525 14.724047267947908 18.532093011560313 8.918980049159586 12.541283534580874 28.419509114880093 6.158782401346468 14.291871444827073 9.839458920217297 0.3655466706058357 2.515035966095526 -0.9947420098673354 8.058977019819107
17.615230460921843 17.73685012076191 8.855021307562634 12.330092085600484 10.362168274096497 5.331831259037383 6.749507223884503 21.276756697326398 27.93570079522132 41.82429609925049 23.901283327295875 26.414299833775527 15.696366813632714 20.072819380360208 7.301508001140683 10.271540767865684 26.90469961596957 14.74134447846396 18.549390222076365 8.93627725967562 12.558580745096908 28.436806325396145 6.176079611862502 14.309168655343125 9.85675613073333 0.3828438811218875 2.5323331766115778 -0.9774447993513014 8.076274230335159
17.675350701402806 17.75409204129593 8.872263228096635 12.347334006134485 10.379410194630498 5.349073179571384 6.766749144418522 21.29399861786041 27.952942715755327 41.8415380197845 23.91852524782988 26.43154175430953 15.713608734166716 20.09006130089421 7.318749921674702 10.288782688399685 26.921941536503578 14.758586398997961 18.566632142610366 8.95351918020964 12.575822665630927 28.454048245930153 6.193321532396521 14.326410575877127 9.87399805126735 0.4000858016558888 2.549575097145579 -0.9602028788172823 8.09351615086916
17.73547094188377 17.77127901239732 8.889450199198041 12.364520977235873 10.396597165731887 5.3662601506727725 6.783936115519911 21.3111855889618 27.970129686856716 41.85872499088589 23.935712218931275 26.44872872541092 15.730795705268104 20.107248271995616 7.335936892776091 10.305969659501073 26.939128507604966 14.77577337009935 18.583819113711755 8.970706151311028 12.593009636732315 28.47123521703154 6.210508503497909 14.343597546978515 9.891185022368738 0.41727277275727714 2.5667620682469674 -0.9430159077158939 8.110703121970548
