web/models/kne/27/mosfit_kn_0.077496_0.2650_10.0000.dat
# %ECSV 1.0
# ---
# datatype:
# - {name: time, datatype: float64}
# - {name: PS1_g, datatype: float64}
# - {name: PS1_i, datatype: float64}
# - {name: PS1_r, datatype: float64}
# - {name: PS1_w, datatype: float64}
# - {name: PS1_y, datatype: float64}
# - {name: PS1_z, datatype: float64}
# - {name: swift_uvot_B, datatype: float64}
# - {name: swift_uvot_U, datatype: float64}
# - {name: swift_uvot_uvm2, datatype: float64}
# - {name: swift_uvot_uvw1, datatype: float64}
# - {name: swift_uvot_uvw2, datatype: float64}
# - {name: swift_uvot_V, datatype: float64}
# - {name: johnson_B, datatype: float64}
# - {name: johnson_I, datatype: float64}
# - {name: johnson_R, datatype: float64}
# - {name: johnson_U, datatype: float64}
# - {name: johnson_V, datatype: float64}
# - {name: sdss_g, datatype: float64}
# - {name: sdss_i, datatype: float64}
# - {name: sdss_r, datatype: float64}
# - {name: sdss_u, datatype: float64}
# - {name: sdss_z, datatype: float64}
# - {name: ATLAS_c, datatype: float64}
# - {name: ATLAS_o, datatype: float64}
# - {name: ukirt_H, datatype: float64}
# - {name: ukirt_J, datatype: float64}
# - {name: ukirt_K, datatype: float64}
# - {name: Clear, datatype: float64}
# meta: !!omap
# - comment: [kappa = 10.0, type = rprocess, mass = 0.07749594937791414, velocity = 0.265, theta_obs = 0.0, tfloor = 1000.0]
# schema: astropy-2.0
time PS1_g PS1_i PS1_r PS1_w PS1_y PS1_z swift_uvot_B swift_uvot_U swift_uvot_uvm2 swift_uvot_uvw1 swift_uvot_uvw2 swift_uvot_V johnson_B johnson_I johnson_R johnson_U johnson_V sdss_g sdss_i sdss_r sdss_u sdss_z ATLAS_c ATLAS_o ukirt_H ukirt_J ukirt_K Clear
[from data line 434]
26.152304609218437 7.141458388667967 -1.74037042453131 1.734700353506522 -0.23322345799746458 -5.263560473056579 -3.8458845082094406 10.681364965232454 17.340309063127357 31.228904367156535 13.305891595201924 15.818908101681576 5.100975081538752 9.477427648266264 -3.2938837309532607 -0.32385096422826076 16.309307883875615 4.145952746369999 7.953998489982403 -1.6591144724183238 1.963189013002964 17.841414593302183 -4.419312120231442 3.7137769232491635 -0.7386356013606132 -10.212547850972074 -8.063058555482383 -11.572836531445246 -2.519117501758803
26.2124248496994 7.1489680040466475 -1.7328608091526299 1.7422099688852022 -0.22571384261878435 -5.256050857677899 -3.8383748928307604 10.688874580611134 17.347818678506037 31.236413982535215 13.313401210580604 15.826417717060256 5.108484696917432 9.484937263644944 -3.2863741155745805 -0.31634134884958054 16.316817499254295 4.153462361748679 7.961508105361084 -1.6516048570396435 1.9706986283816441 17.848924208680863 -4.411802504852762 3.7212865386278438 -0.731125985981933 -10.205038235593394 -8.055548940103703 -11.565326916066565 -2.511607886380123
26.27254509018036 7.156444125760526 -1.7253846874387513 1.7496860905990808 -0.21823772090490579 -5.24857473596402 -3.830898771116882 10.696350702325013 17.355294800219916 31.243890104249093 13.320877332294483 15.833893838774134 5.115960818631311 9.492413385358823 -3.278897993860702 -0.30886522713571973 16.324293620968174 4.160938483462558 7.968984227074962 -1.644128735325765 1.9781747500955227 17.85640033039474 -4.4043263831388835 3.7287626603417223 -0.7236498642680544 -10.197562113879515 -8.048072818389825 -11.557850794352687 -2.504131764666244
26.33266533066132 7.16388710888662 -1.7179417043126577 1.7571290737251921 -0.21079473777879443 -5.241131752837909 -3.8234557879907882 10.703793685451107 17.362737783346027 31.251333087375198 13.328320315420576 15.841336821900228 5.123403801757422 9.499856368484917 -3.2714550107346083 -0.3014222440096084 16.331736604094285 4.168381466588669 7.976427210201074 -1.6366857521996714 1.9856177332216163 17.863843313520853 -4.39688340001279 3.7362056434678337 -0.7162068811419608 -10.190119130753404 -8.040629835263713 -11.550407811226593 -2.496688781540133
26.392785571142284 7.171296861004084 -1.7105319521951934 1.7645388258426387 -0.20338498566134788 -5.233722000720462 -3.816046035873324 10.711203437568571 17.370147535463474 31.25874283949265 13.33573006753804 15.848746574017692 5.1308135538748685 9.507266120602363 -3.264045258617144 -0.29401249189216183 16.33914635621173 4.175791218706116 7.98383696231852 -1.629276000082207 1.9930274853390806 17.8712530656383 -4.389473647895326 3.7436153955852802 -0.7087971290244965 -10.182709378635957 -8.033220083146267 -11.542998059109129 -2.4892790294226863
26.452905811623246 7.178672134267909 -1.703156678931368 1.771914099106482 -0.19600971239750464 -5.226346727456619 -3.8086707626094984 10.718578710832396 17.377522808727317 31.266118112756484 13.343105340801866 15.856121847281518 5.138188827138712 9.514641393866206 -3.2566699853533185 -0.2866372186283186 16.346521629475575 4.183166491969959 7.991212235582363 -1.6219007268183816 2.000402758602906 17.878628338902143 -4.382098374631482 3.7509906688491235 -0.7014218557606711 -10.175334105372114 -8.025844809882424 -11.535622785845286 -2.481903756158843
26.51302605210421 7.186012369316028 -1.695816443883249 1.779254334154583 -0.18866947734938577 -5.219006492408518 -3.8013305275613796 10.725918945880515 17.384863043775418 31.273458347804596 13.350445575849985 15.863462082329637 5.145529062186813 9.521981628914325 -3.2493297503051997 -0.2792969835801997 16.353861864523676 4.19050672701806 7.9985524706304645 -1.6145604917702627 2.007742993651025 17.885968573950244 -4.374758139583381 3.7583309038972246 -0.6940816207125522 -10.167993870324013 -8.018504574834322 -11.528282550797185 -2.474563521110742
26.573146292585168 7.193319568097163 -1.6885092451021322 1.7865615329357176 -0.18136227856826892 -5.211699293627383 -3.7940233287802627 10.733226144661632 17.392170242556553 31.280765546585723 13.357752774631102 15.870769281110753 5.1528362609679474 9.529288827695442 -3.242022551524083 -0.27198978479908287 16.36116906330481 4.197813925799195 8.005859669411599 -1.6072532929891281 2.015050192432142 17.89327577273138 -4.367450940802247 3.765638102678359 -0.6867744219314176 -10.160686671542878 -8.011197376053188 -11.52097535201605 -2.4672563223296073
26.63326653306613 7.20059378805006 -1.681235025149217 1.793835752888615 -0.1740880586153537 -5.204425073674486 -3.7867491088273475 10.740500364614547 17.399444462509468 31.288039766538635 13.365026994584017 15.878043501063669 5.160110480920845 9.536563047648357 -3.2347483315711676 -0.26471556484616765 16.368443283257708 4.20508814575211 8.013133889364514 -1.5999790730362307 2.022324412385057 17.900549992684294 -4.360176720849349 3.7729123226312744 -0.6795002019785201 -10.15341245158998 -8.00392315610029 -11.513701132063153 -2.45998210237671
26.693386773547093 7.207834937161781 -1.6739938760374962 1.8010769020003359 -0.1668469095036329 -5.197183924562765 -3.7795079597156267 10.747741513726268 17.40668561162119 31.29528091565035 13.372268143695738 15.88528465017539 5.167351630032566 9.543804196760078 -3.227507182459447 -0.25747441573444685 16.37568443236943 4.212329294863813 8.020375038476235 -1.5927379239245099 2.029565561496778 17.907791141796015 -4.352935571737628 3.780153471742995 -0.6722590528667993 -10.14617130247826 -7.99668200698857 -11.506459982951432 -2.452740953264989
26.753507014028056 7.215043616279875 -1.6667851969194025 1.8082855811184473 -0.15963823038553926 -5.1899752454446535 -3.772299280597533 10.754950192844362 17.413894290739282 31.30248959476845 13.379476822813832 15.892493329293483 5.174560309150677 9.551012875878172 -3.220298503341353 -0.2502657366163532 16.38289311148754 4.219537973981924 8.027583717594329 -1.5855292448064162 2.0367742406148714 17.914999820914108 -4.345726892619535 3.787362150861089 -0.6650503737487057 -10.138962623360149 -7.989473327870458 -11.499251303833338 -2.4455322741468777
26.81362725450902 7.2222195715667326 -1.6596092416325625 1.8154615364052873 -0.15246227509869925 -5.1827992901578135 -3.765123325310693 10.76212614813122 17.421070246026122 31.309665550055303 13.38665277810069 15.899669284580341 5.181736264437517 9.558188831165012 -3.2131225480544954 -0.2430897813295132 16.39006906677438 4.226713929268764 8.034759672881169 -1.5783532895195584 2.043950195901729 17.922175776200948 -4.338550937332677 3.794538106147929 -0.6578744184618479 -10.131786668073309 -7.982297372583618 -11.49207534854648 -2.4383563188600377
26.873747494989978 7.229361546518742 -1.6524672666805351 1.822603511357297 -0.14532030014667185 -5.175657315205804 -3.7579813503586657 10.76926812308323 17.42821222097815 31.316807525007317 13.393794753052699 15.90681125953235 5.188878239389527 9.56533080611704 -3.2059805731024857 -0.2359478063774858 16.39721104172639 4.233855904220774 8.041901647833196 -1.5712113145675488 2.051092170853739 17.929317751152976 -4.331408962380667 3.8016800810999563 -0.6507324435098383 -10.124644693121299 -7.9751553976316085 -11.48493337359447 -2.431214343908028
26.93386773547094 7.236469192266632 -1.6453596209326449 1.8297111571051872 -0.1382126543987816 -5.168549669457914 -3.7508737046107754 10.77637576883112 17.43531986672604 31.32391517075521 13.40090239880059 15.91391890528024 5.195985885137417 9.57243845186493 -3.1988729273545955 -0.22884016062959556 16.40431868747428 4.240963549968664 8.049009293581086 -1.5641036688196586 2.058199816601629 17.936425396900866 -4.324301316632777 3.8087877268478465 -0.643624797761948 -10.117537047373409 -7.968047751883718 -11.47782572784658 -2.424106698160138
26.993987975951903 7.243544387826368 -1.638284425372909 1.836786352664923 -0.13113745883906347 -5.161474473898178 -3.7437985090510395 10.783450964390855 17.442395062285758 31.33099036631494 13.407977594360325 15.920994100839977 5.203061080697153 9.579513647424648 -3.1917977317948596 -0.22176496506987742 16.411393883034016 4.2480387455284 8.056084489140805 -1.5570284732599227 2.065275012161365 17.943500592460584 -4.317226121073041 3.8158629224075646 -0.6365496022022121 -10.110461851813673 -7.960972556323982 -11.470750532286845 -2.417031502600402
27.054108216432866 7.2505873134869425 -1.6312414997123348 1.8438292783254973 -0.12409453317847152 -5.1544315482376035 -3.7367555833904653 10.79049389005143 17.44943798794635 31.338033291975517 13.4150205200209 15.92803702650055 5.210104006357727 9.58655657308524 -3.1847548061342854 -0.21472203940928547 16.41843680869459 4.255081671188974 8.063127414801396 -1.5499855475993485 2.072317937821939 17.950543518121176 -4.310183195412467 3.8229058480681566 -0.6295066765416379 -10.103418926153099 -7.953929630663408 -11.46370760662627 -2.4099885769398277
27.11422845691383 7.2575979341664265 -1.6242308790328508 1.850839899004999 -0.11708391249898753 -5.147420927558102 -3.7297449627109813 10.797504510730914 17.456448608625834 31.345043912655004 13.422031140700383 15.935047647180035 5.217114627037229 9.593567193764724 -3.1777441854548014 -0.20771141872980148 16.425447429374092 4.262092291868476 8.07013803548088 -1.5429749269198467 2.079328558501423 17.95755413880066 -4.303172574732965 3.8299164687476406 -0.622496055862154 -10.096408305473597 -7.946919009983906 -11.456696985946769 -2.402977956260326
27.174348697394787 7.264576745993505 -1.6172520672057722 1.8578187108320776 -0.11010510067190893 -5.140442115731041 -3.7227661508839027 10.804483322557992 17.463427420452913 31.35202272448208 13.429009952527462 15.942026459007113 5.22409343886429 9.600546005591802 -3.170765373627723 -0.20073260690272288 16.432426241201153 4.269071103695555 8.077116847307959 -1.5359961150927859 2.0863073703285018 17.96453295062774 -4.296193762905904 3.836895280574719 -0.6155172440350754 -10.089429493646518 -7.939940198156828 -11.449718174119708 -2.395999144433265
27.23446893787575 7.271523595376959 -1.6103052178223187 1.864765560215531 -0.10315825128845546 -5.13349526634757 -3.7158193015004493 10.811430171941446 17.470374269836366 31.358969573865533 13.435956801910915 15.948973308390567 5.231040288247761 9.607492854975256 -3.1638185242442693 -0.1937857575192694 16.439373090584624 4.276017953079008 8.084063696691413 -1.5290492657093324 2.0932542197119552 17.971479800011192 -4.289246913522433 3.8438421299581726 -0.6085703946516219 -10.082482644263065 -7.932993348773374 -11.442771324736237 -2.389052295049794
27.294589178356713 7.2784379400194155 -1.6033908731798618 1.8716799048579702 -0.09624390664601634 -5.126580921705131 -3.7089049568579924 10.818344516583903 17.477288614478805 31.36588391850798 13.442871146553372 15.955887653033024 5.2379546328902 9.614407199617695 -3.1569041796018125 -0.1868714128768303 16.446287435227063 4.282932297721447 8.090978041333852 -1.5221349210668755 2.100168564354412 17.97839414465363 -4.282332568879994 3.8507564746006118 -0.601656050009165 -10.075568299620626 -7.926079004130935 -11.435856980093797 -2.3821379504073548
27.354709418837675 7.28531894680204 -1.5965098663972377 1.8785609116406121 -0.08936289986337442 -5.119699914922506 -3.702023950075368 10.825225523366527 17.484169621261447 31.372764925290614 13.449752153335996 15.962768659815648 5.244835639672824 9.621288206400337 -3.1500231728191883 -0.17999040609418837 16.453168442009687 4.289813304504089 8.097859048116494 -1.5152539142842514 2.1070495711370363 17.985275151436273 -4.27545156209737 3.8576374813832537 -0.5947750432265408 -10.068687292837984 -7.919197997348293 -11.428975973311173 -2.3752569436247306
27.414829659318634 7.292168457891872 -1.5896603553074051 1.8854104227304447 -0.08251338877354186 -5.112850403832656 -3.6951744389855357 10.83207503445636 17.49101913235128 31.379614436380447 13.456601664425829 15.96961817090548 5.251685150762657 9.62813771749017 -3.1431736617293558 -0.1731408950043558 16.460017953099538 4.296662815593922 8.104708559206326 -1.5084044031944188 2.113899082226869 17.992124662526106 -4.268602051007537 3.8644869924730862 -0.5879255321367083 -10.061837781748151 -7.912348486258461 -11.42212646222134 -2.368407432534898
27.474949899799597 7.298986522403972 -1.5828422907953055 1.8922284872425266 -0.07569532426144221 -5.106032339320574 -3.688356374473436 10.838893098968459 17.49783719686338 31.386432500892543 13.463419728937929 15.97643623541758 5.258503215274756 9.634955782002269 -3.136355597217256 -0.16632283049225616 16.46683601761162 4.303480880106004 8.111526623718408 -1.5015863386823192 2.1207171467389685 17.998942727038205 -4.261783986495438 3.871305056985168 -0.5811074676246086 -10.05501971723607 -7.905530421746379 -11.415308397709241 -2.3615893680227984
27.53507014028056 7.305773142010246 -1.5760556711890317 1.8990151068488181 -0.0689087046551684 -5.099245719714283 -3.681569754867162 10.845679718574733 17.504623816469653 31.393219120498824 13.470206348544203 15.983222855023854 5.26528983488103 9.641742401608543 -3.1295689776109823 -0.15953621088598235 16.47362263721791 4.310267499712295 8.1183132433247 -1.4947997190760454 2.1275037663452423 18.00572934664448 -4.254997366889164 3.8780916765914597 -0.5743208480183348 -10.048233097629778 -7.898743802140087 -11.408521778102967 -2.3548027484165246
27.595190380761522 7.312528746291953 -1.5693000669073243 1.9057707111305255 -0.062153100373461 -5.092490115432575 -3.674814150585455 10.85243532285644 17.51137942075136 31.39997472478053 13.47696195282591 15.989978459305561 5.272045439162738 9.64849800589025 -3.122813373329275 -0.15278060660427495 16.48037824149962 4.317023103994003 8.125068847606407 -1.488044114794338 2.1342593706269497 18.012484950926186 -4.2482417626074565 3.884847280873167 -0.5675652437366274 -10.04147749334807 -7.89198819785838 -11.40176617382126 -2.348047144134817
27.655310621242485 7.319253446050453 -1.5625753671488418 1.912495410889008 -0.05542840061497856 -5.085765415674093 -3.6680894508269724 10.859160022614923 17.518104120509843 31.40669942453901 13.483686652584392 15.996703159064044 5.278770138921238 9.655222705648733 -3.1160886735707924 -0.1460559068457925 16.4871029412581 4.323747803752485 8.13179354736489 -1.4813194150358377 2.140984070385432 18.01920965068467 -4.241517062848956 3.8915719806316496 -0.5608405439781272 -10.034752793589588 -7.8852634980998975 -11.39504147406276 -2.341322444376317
27.715430861723444 7.325947034963445 -1.5558817782358325 1.9191889998019995 -0.04873481170198701 -5.079071826761101 -3.661395861913963 10.865853611527932 17.524797709422835 31.413393013452012 13.490380241497402 16.003396747977053 5.285463727834229 9.661916294561742 -3.109395084657783 -0.1393623179327832 16.493796530171092 4.330441392665477 8.138487136277881 -1.4746258261228462 2.1476776592984415 18.02590323959766 -4.234823473935965 3.898265569544641 -0.5541469550651357 -10.028059204676596 -7.878569909186906 -11.388347885149768 -2.3346288554633254
27.775551102204407 7.332608233781119 -1.5492205794181757 1.925850198619674 -0.04207361288431244 -5.072410627943427 -3.6547346630963062 10.872514810345606 17.53145890824051 31.420054212269687 13.497041440315076 16.010057946794728 5.292124926651904 9.668577493379399 -3.1027338858401086 -0.1327011191151264 16.500457728988767 4.337102591483151 8.145148335095556 -1.4679646273051716 2.154338858116116 18.032564438415335 -4.22816227511829 3.9049267683623157 -0.5474857562474611 -10.021398005858922 -7.871908710369231 -11.381686686332094 -2.327967656645651
27.83567134268537 7.339239009906233 -1.542589803293044 1.932480974744788 -0.03544283675918081 -5.065779851818313 -3.6481038869711746 10.87914558647072 17.53808968436564 31.4266849883948 13.50367221644019 16.01668872291984 5.298755702777018 9.67520826950453 -3.0961031097149947 -0.12607034298999475 16.50708850511388 4.343733367608265 8.15177911122067 -1.4613338511800578 2.16096963424123 18.039195214540467 -4.221531498993176 3.9115575444874295 -0.5408549801223472 -10.014767229733808 -7.8652779342441175 -11.37505591020698 -2.321336880520537
