web/models/kne/27/mosfit_kn_0.002290_0.1083_0.5000.dat
# %ECSV 1.0
# ---
# datatype:
# - {name: time, datatype: float64}
# - {name: PS1_g, datatype: float64}
# - {name: PS1_i, datatype: float64}
# - {name: PS1_r, datatype: float64}
# - {name: PS1_w, datatype: float64}
# - {name: PS1_y, datatype: float64}
# - {name: PS1_z, datatype: float64}
# - {name: swift_uvot_B, datatype: float64}
# - {name: swift_uvot_U, datatype: float64}
# - {name: swift_uvot_uvm2, datatype: float64}
# - {name: swift_uvot_uvw1, datatype: float64}
# - {name: swift_uvot_uvw2, datatype: float64}
# - {name: swift_uvot_V, datatype: float64}
# - {name: johnson_B, datatype: float64}
# - {name: johnson_I, datatype: float64}
# - {name: johnson_R, datatype: float64}
# - {name: johnson_U, datatype: float64}
# - {name: johnson_V, datatype: float64}
# - {name: sdss_g, datatype: float64}
# - {name: sdss_i, datatype: float64}
# - {name: sdss_r, datatype: float64}
# - {name: sdss_u, datatype: float64}
# - {name: sdss_z, datatype: float64}
# - {name: ATLAS_c, datatype: float64}
# - {name: ATLAS_o, datatype: float64}
# - {name: ukirt_H, datatype: float64}
# - {name: ukirt_J, datatype: float64}
# - {name: ukirt_K, datatype: float64}
# - {name: Clear, datatype: float64}
# meta: !!omap
# - comment: [kappa = 0.5, type = rprocess, mass = 0.0022901433483143324, velocity = 0.10833333333333334, theta_obs = 0.0, tfloor = 1000.0]
# schema: astropy-2.0
time PS1_g PS1_i PS1_r PS1_w PS1_y PS1_z swift_uvot_B swift_uvot_U swift_uvot_uvm2 swift_uvot_uvw1 swift_uvot_uvw2 swift_uvot_V johnson_B johnson_I johnson_R johnson_U johnson_V sdss_g sdss_i sdss_r sdss_u sdss_z ATLAS_c ATLAS_o ukirt_H ukirt_J ukirt_K Clear
[from data line 381]
22.965931863727455 11.773620461346717 2.8917916481474393 6.366862426185289 4.3989386146813025 -0.6313984003778295 0.7862775644693087 15.313527037911204 21.972471135806124 35.8610664398353 17.938053667880673 20.451070174360325 9.733137154217502 14.109589720945014 1.3382783417254887 4.308311108450488 20.94146995655437 8.778114819048765 12.58616056266117 2.9730476002604256 6.595351085681713 22.47357666598095 0.2128499524473071 8.34593899592793 3.893526471318136 -5.580385778293308 -3.4308964828036164 -6.940674458766496 2.1130445709199464
23.026052104208414 11.780486739978961 2.8986579267796664 6.373728704817516 4.40580489331353 -0.6245321217455846 0.7931438431015359 15.32039331654343 21.97933741443835 35.867932718467536 17.94491994651292 20.45793645299256 9.740003432849747 14.11645599957724 1.3451446203577158 4.3151773870827155 20.94833623518661 8.784981097680992 12.593026841293398 2.9799138788926705 6.60221736431394 22.480442944613177 0.21971623107955196 8.352805274560158 3.900392749950381 -5.573519499661081 -3.4240302041713893 -6.9338081801342515 2.1199108495521912
23.086172344689377 11.787347003227922 2.905518190028644 6.380588968066476 4.4126651565625075 -0.6176718584966245 0.8000041063505137 15.327253579792409 21.986197677687322 35.87479298171649 17.95178020976188 20.46479671624153 9.746863696098707 14.123316262826219 1.3520048836066936 4.322037650331693 20.955196498435576 8.791841360929952 12.599887104542375 2.9867741421416305 6.609077627562918 22.487303207862148 0.226576494328512 8.359665537809136 3.907253013199341 -5.566659236412121 -3.417169940922429 -6.926947916885291 2.1267711128011513
23.14629258517034 11.79420128529335 2.9123724720940736 6.387443250131906 4.419519438627919 -0.6108175764311952 0.806858388415943 15.334107861857838 21.993051959752748 35.88164726378192 17.958634491827308 20.471650998306952 9.753717978164136 14.13017054489163 1.358859165672123 4.328891932397105 20.962050780501 8.798695642995382 12.606741386607787 2.99362842420706 6.6159319096283475 22.494157489927574 0.23343077639394139 8.366519819874547 3.9141072952647704 -5.559804954346691 -3.410315658857 -6.920093634819862 2.1336253948665806
23.206412825651302 11.801049617307715 2.9192208041084378 6.39429158214627 4.426367770642283 -0.603969244416831 0.8137067204303072 15.340956193872202 21.999900291767112 35.888495595796286 17.965482823841672 20.478499330321323 9.7605663101785 14.137018876906012 1.3657074976864871 4.335740264411487 20.968899112515363 8.805543975009746 12.613589718622151 3.000476756221424 6.622780241642712 22.501005821941938 0.24027910840830558 8.373368151888911 3.9209556272791346 -5.552956622332327 -3.4034673268426356 -6.913245302805498 2.140473726880945
23.266533066132265 11.807892034083789 2.9260632208845117 6.401133998922344 4.433210187418375 -0.5971268276407571 0.8205491372063811 15.347798610648276 22.006742708543186 35.89533801257237 17.972325240617746 20.485341747097397 9.767408726954574 14.143861293682086 1.372549914462561 4.342582681187561 20.975741529291447 8.81238639178582 12.620432135398243 3.007319172997498 6.629622658418786 22.50784823871801 0.24712152518437946 8.380210568665003 3.9277980440552085 -5.546114205556253 -3.3966249100665618 -6.906402886029424 2.1473161436570187
23.326653306613224 11.814728560566117 2.9328997473668394 6.407970525404689 4.440046713900703 -0.5902903011584115 0.8273856636887089 15.354635137130604 22.013579235025524 35.9021745390547 17.979161767100074 20.492178273579725 9.77424525343692 14.150697820164414 1.3793864409448888 4.3494192076698885 20.98257805577377 8.819222918268165 12.62726866188057 3.0141556994798258 6.636459184901113 22.51468476520035 0.25395805166670726 8.38704709514733 3.9346345705375363 -5.539277679073908 -3.389788383584216 -6.899566359547096 2.1541526701393643
23.386773547094187 11.821559227636094 2.9397304144368164 6.414801192474666 4.44687738097068 -0.5834596340884346 0.8342163307586858 15.36146580420058 22.0204099020955 35.909005206124675 17.98599243417005 20.499008940649702 9.781075920506897 14.15752848723439 1.3862171080148658 4.3562498747398655 20.98940872284375 8.826053585338142 12.634099328950548 3.0209863665498027 6.64328985197109 22.521515432270327 0.2607887187366842 8.393877762217308 3.941465237607513 -5.532447012003931 -3.3829577165142393 -6.892735692477119 2.1609833372093235
23.44689378757515 11.828384068400783 2.9465552552014884 6.421626033239338 4.453702221735352 -0.5766347933237626 0.8410411715233579 15.368290644965253 22.027234742860173 35.91583004688935 17.992817274934723 20.505833781414385 9.787900761271569 14.164353327999063 1.3930419487795378 4.3630747155045375 20.99623356360843 8.832878426102814 12.64092416971522 3.0278112073144925 6.650114692735762 22.528340273035 0.267613559501374 8.40070260298198 3.948290078372203 -5.525622171239259 -3.376132875749567 -6.8859108517124294 2.1678081779740133
23.507014028056112 11.835203105245942 2.9533742920466466 6.428445070084496 4.46052125858051 -0.5698157564786044 0.847860208368516 15.375109681810411 22.03405377970533 35.92264908373451 17.99963631177988 20.512652818259543 9.794719798116727 14.171172364844221 1.399860985624696 4.369893752349696 21.00305260045359 8.839697462947973 12.647743206560378 3.0346302441596507 6.6569337295809206 22.535159309880157 0.27443259634653216 8.407521639827138 3.955109115217361 -5.5188031343941 -3.369313838904409 -6.879091814867271 2.1746272148191714
23.567134268537075 11.842016370412605 2.9601875572133274 6.435258335251159 4.467334523747191 -0.5630024913119414 0.8546734735351968 15.381922946977092 22.040867044872 35.929462348901176 18.00644957694656 20.519466083426213 9.80153306328339 14.177985630010902 1.4066742507913768 4.3767070175163765 21.009865865620263 8.846510728114636 12.654556471727059 3.0414435093263137 6.663746994747601 22.541972575046827 0.2812458615131952 8.414334904993819 3.9619223803840242 -5.511989869227437 -3.362500573737746 -6.872278549700608 2.1814404799858345
23.627254509018034 11.848823883772557 2.9669950705732795 6.4420658486111115 4.474142037107143 -0.5561949779519892 0.861480986895149 15.388730460337044 22.047674558231954 35.936269862261135 18.013257090306514 20.526273596786165 9.808340576643342 14.184793143370854 1.4134817641513289 4.383514530876329 21.016673378980215 8.853318241474588 12.66136398508701 3.048251022686266 6.6705545081075535 22.54878008840678 0.2880533748731473 8.42114241835377 3.9687298937439763 -5.505182355867485 -3.355693060377794 -6.865471036340656 2.1882479933457866
23.687374749498996 11.85562567822462 2.973796865025342 6.448867643063192 4.480943831559205 -0.5493931834999088 0.8682827813472116 15.395532254789106 22.054476352684027 35.9430716567132 18.020058884758576 20.53307539123824 9.815142371095423 14.191594937822916 1.4202835586033915 4.390316325328391 21.023475173432274 8.860120035926668 12.668165779539073 3.0550528171383284 6.677356302559616 22.555581882858853 0.2948551693252277 8.427944212805834 3.975531688196039 -5.498380561415405 -3.3488912659257135 -6.858669241888576 2.195049787797867
23.74749498997996 11.862421774971708 2.9805929617724303 6.455663739810262 4.487739928306276 -0.5425970867528385 0.8750788780942997 15.402328351536195 22.061272449431108 35.949867753460275 18.026854981505664 20.539871487985305 9.821938467842493 14.198391034569987 1.4270796553504796 4.397112422075462 21.030271270179355 8.866916132673738 12.674961876286144 3.0618489138854166 6.684152399306704 22.562377979605934 0.3016512660722981 8.434740309552904 3.982327784943127 -5.4915844646683345 -3.342095169178643 -6.851873145141505 2.2018458845449373
23.80761523046092 11.869212196771848 2.9873833835725527 6.4624541616104025 4.494530350106416 -0.5358066649526982 0.8818692998944222 15.409118773336335 22.068062871231238 35.95665817526042 18.033645403305805 20.546661909785445 9.828728889642633 14.205181456370127 1.4338700771506199 4.403902843875602 21.037061691979495 8.873706554473879 12.681752298086284 3.068639335685557 6.6909428211068445 22.569168401406063 0.3084416878724383 8.441530731353044 3.9891182067432673 -5.484794042868194 -3.335304747378503 -6.845082723341365 2.2086363063450776
23.867735470941884 11.875996971658509 2.9941681584592317 6.4692389364970815 4.501315124993095 -0.5290218900660371 0.8886540747811011 15.415903548222996 22.074847646117917 35.96344295014709 18.040430178192466 20.553446684672117 9.835513664529294 14.211966231256806 1.440654852037281 4.410687618762281 21.043846466866164 8.880491329360558 12.688537072972963 3.075424110572218 6.697727595993506 22.575953176292742 0.3152264627590995 8.448315506239723 3.9959029816299285 -5.478009267981515 -3.328519972491824 -6.838297948454704 2.2154210812317388
23.927855711422843 11.882776117492782 3.000947304293504 6.476018082331336 4.50809427082735 -0.5222427442317645 0.8954332206153737 15.422682694057269 22.081626791952182 35.97022209598135 18.04720932402674 20.56022583050638 9.842292810363567 14.21874537709106 1.4474339978715536 4.4174667645965355 21.05062561270043 8.887270475194812 12.695316218807218 3.0822032564064905 6.704506741827778 22.582732322127008 0.322005608593372 8.455094652073978 4.002682127464201 -5.471230122147261 -3.321740826657569 -6.831518802620431 2.2222002270660113
23.987975951903806 11.889549658368228 3.0077208451689508 6.482791623206783 4.514867811702796 -0.515469203356318 0.9022067614908202 15.429456234932715 22.088400332827625 35.9769956368568 18.053982864902185 20.56699937138183 9.849066351239014 14.225518917966507 1.4542075387470002 4.424240305471982 21.057399153575876 8.894044016070259 12.702089759682664 3.088976797281937 6.711280282703225 22.58950586300245 0.3287791494688186 8.461868192949424 4.009455668339648 -5.464456581271814 -3.3149672857821226 -6.824745261744985 2.228973767941458
24.04809619238477 11.896317608820528 3.0144887956212507 6.489559573659083 4.521635762155114 -0.508701252904018 0.9089747119431202 15.436224185385015 22.095168283279925 35.9837635873091 18.060750815354485 20.573767321834136 9.855834301691313 14.232286868418825 1.4609754891993 4.4310082559243 21.064167104028186 8.900811966522559 12.708857710134964 3.095744747734237 6.718048233155525 22.59627381345475 0.33554709992111853 8.468636143401742 4.016223618791948 -5.457688630819514 -3.3081993353298227 -6.817977311292685 2.235741718393758
24.10821643286573 11.903080005331628 3.0212511921323504 6.4963219701702 4.528398158666214 -0.5019388563929006 0.9157371084542199 15.442986581896115 22.101930679791035 35.990525983820206 18.067513211865585 20.580529718345236 9.862596698202431 14.239049264929925 1.4677378857103998 4.4377706524353995 21.070929500539286 8.907574363033676 12.715620106646082 3.1025071442453367 6.724810629666624 22.60303620996586 0.3423094964322182 8.475398539912842 4.022986015303047 -5.450926234308397 -3.3014369388187053 -6.811214914781585 2.2425041149048575
24.168336673346694 11.909836850328528 3.0280080371292506 6.5030788151671 4.535155003663114 -0.4951820113960004 0.9224939534511201 15.449743426893015 22.108687524787936 35.997282828817106 18.074270056862485 20.587286563342143 9.869353543199331 14.245806109926825 1.4744947307073 4.4445274974323 21.077686345536186 8.914331208030577 12.722376951642982 3.109263989242237 6.731567474663525 22.60979305496276 0.3490663414291184 8.482155384909742 4.029742860299947 -5.444169389311496 -3.294680093821805 -6.804458069784685 2.2492609599017754
24.228456913827653 11.916588174872569 3.0347593616732915 6.509830139711124 4.541906328207155 -0.4884306868519772 0.929245277995161 15.456494751437056 22.115438849331966 36.00403415336114 18.081021381406526 20.594037887886177 9.876104867743354 14.252557434470866 1.481246055251341 4.451278821976341 21.084437670080227 8.9210825325746 12.729128276187005 3.116015313786278 6.7383187992075655 22.61654437950679 0.35581766597315934 8.488906709453783 4.036494184843988 -5.437418064767473 -3.287928769277782 -6.797706745240644 2.2560122844457986
24.288577154308616 11.923333997706003 3.0415051845067076 6.516575962544557 4.548652151040571 -0.4816848640185434 0.9359911008285771 15.463240574270472 22.122184672165393 36.01077997619458 18.08776720423996 20.6007837107196 9.882850690576788 14.259303257304282 1.487991878084757 4.458024644809757 21.09118349291365 8.927828355408034 12.735874099020439 3.1227611366197117 6.745064622040999 22.62329020234022 0.36256348880659317 8.495652532287199 4.043240007677422 -5.430672241934039 -3.281182946444348 -6.79096092240721 2.2627581072792324
24.34869739478958 11.930074326631672 3.048245513432395 6.523316291470227 4.55539247996624 -0.4749445350928738 0.9427314297542644 15.46998090319616 22.12892500109107 36.01752030512024 18.09450753316563 20.607524039645273 9.889591019502458 14.266043586229952 1.4947322070104443 4.464764973735426 21.09792382183932 8.934568684333703 12.742614427946108 3.1295014655453812 6.751804950966669 22.630030531265895 0.36930381773226273 8.502392861212869 4.049980336603092 -5.42393191300837 -3.2744426175186785 -6.784220593481541 2.269498436204902
24.40881763527054 11.936809188446986 3.054980375247709 6.530051153285541 4.562127341781572 -0.4682096732775598 0.9494662915695784 15.476715765011473 22.135659862906387 36.02425516693555 18.101242394980943 20.614258901460595 9.896325881317772 14.272778448045283 1.5014670688257583 4.471499835550758 21.10465868365464 8.941303546149017 12.74934928976144 3.1362363273606952 6.758539812781983 22.636765393081212 0.37603867954757675 8.5091277230282 4.056715198418406 -5.417197051193056 -3.2677077557033645 -6.777485731666227 2.276233298020216
24.468937875751504 11.94353859851045 3.061709785311173 6.536780563349005 4.5688567518450185 -0.46148026321409574 0.9561957016330425 15.483445175074937 22.14238927296985 36.030984576999025 18.107971805044407 20.620988311524048 9.903055291381236 14.27950785810873 1.5081964788892224 4.478229245614204 21.111388093718098 8.948032956212481 12.756078699824887 3.1429657374241593 6.765269222845447 22.643494803144677 0.3827680896110408 8.515857133091647 4.06344460848187 -5.410467641129592 -3.2609783456399004 -6.770756321602763 2.28296270808368
24.529058116232463 11.950262573891237 3.06843376069196 6.54350453872981 4.575580727225823 -0.4547562878333089 0.9629196770138293 15.490169150455724 22.149113248350638 36.03770855237982 18.114695780425194 20.627712286904845 9.909779266762023 14.286231833489534 1.5149204542700092 4.484953220995009 21.118112069098892 8.954756931593286 12.762802675205691 3.149689712804946 6.771993198226234 22.650218778525463 0.38949206499182765 8.522581108472451 4.070168583862657 -5.403743665748787 -3.2542543702591136 -6.764032346221976 2.289686683464467
24.589178356713425 11.956981129082376 3.0751523158830985 6.5502230939209305 4.582299282416944 -0.4480377326421703 0.9696382322049679 15.496887705646863 22.155831803541773 36.04442710757095 18.121414335616333 20.634430842095977 9.916497821953161 14.292950388680655 1.5216390094611478 4.49167177618613 21.124830624290023 8.961475486784407 12.769521230396812 3.1564082679960848 6.778711753417372 22.6569373337166 0.39621062018296627 8.529299663663572 4.076887139053795 -5.397025110557666 -3.247535815067975 -6.757313791030837 2.2964052386556055
24.649298597194388 11.963694282550978 3.081865469351701 6.556936247389533 4.589012435885547 -0.4413245791735676 0.9763513856735706 15.503600859115465 22.162544957010375 36.05114026103955 18.128127489084935 20.64114399556458 9.923210975421764 14.299663542149275 1.5283521629297505 4.4983849296547325 21.131543777758626 8.96818864025301 12.776234383865415 3.1631214214646874 6.785424906885975 22.6636504871852 0.40292377365156895 8.536012817132175 4.083600292522398 -5.390311957089064 -3.2408226615993723 -6.7506006375622345 2.303118392124208
