web/models/kne/27/mosfit_kn_0.077496_0.1553_10.0000.dat
# %ECSV 1.0
# ---
# datatype:
# - {name: time, datatype: float64}
# - {name: PS1_g, datatype: float64}
# - {name: PS1_i, datatype: float64}
# - {name: PS1_r, datatype: float64}
# - {name: PS1_w, datatype: float64}
# - {name: PS1_y, datatype: float64}
# - {name: PS1_z, datatype: float64}
# - {name: swift_uvot_B, datatype: float64}
# - {name: swift_uvot_U, datatype: float64}
# - {name: swift_uvot_uvm2, datatype: float64}
# - {name: swift_uvot_uvw1, datatype: float64}
# - {name: swift_uvot_uvw2, datatype: float64}
# - {name: swift_uvot_V, datatype: float64}
# - {name: johnson_B, datatype: float64}
# - {name: johnson_I, datatype: float64}
# - {name: johnson_R, datatype: float64}
# - {name: johnson_U, datatype: float64}
# - {name: johnson_V, datatype: float64}
# - {name: sdss_g, datatype: float64}
# - {name: sdss_i, datatype: float64}
# - {name: sdss_r, datatype: float64}
# - {name: sdss_u, datatype: float64}
# - {name: sdss_z, datatype: float64}
# - {name: ATLAS_c, datatype: float64}
# - {name: ATLAS_o, datatype: float64}
# - {name: ukirt_H, datatype: float64}
# - {name: ukirt_J, datatype: float64}
# - {name: ukirt_K, datatype: float64}
# - {name: Clear, datatype: float64}
# meta: !!omap
# - comment: [kappa = 10.0, type = rprocess, mass = 0.07749594937791414, velocity = 0.15533333333333332, theta_obs = 0.0, tfloor = 1000.0]
# schema: astropy-2.0
time PS1_g PS1_i PS1_r PS1_w PS1_y PS1_z swift_uvot_B swift_uvot_U swift_uvot_uvm2 swift_uvot_uvw1 swift_uvot_uvw2 swift_uvot_V johnson_B johnson_I johnson_R johnson_U johnson_V sdss_g sdss_i sdss_r sdss_u sdss_z ATLAS_c ATLAS_o ukirt_H ukirt_J ukirt_K Clear
[from data line 114]
6.913827655310621 -6.128619063884599 -10.689200933856373 -8.937639914645956 -9.468052874645032 -12.330810793778841 -11.698618257081144 -4.313764547554576 -1.3979157387513295 7.446245504470103 -0.699310744436374 1.2052566403730371 -7.368679160576595 -4.676659792519423 -11.628972388183449 -9.799239011252656 -1.8280479885794887 -7.647453456747326 -5.705937264959875 -10.651245351629637 -8.870762584916392 -0.7465591716427156 -11.904646013869122 -7.655558656799286 -9.964811904432285 -14.278614393935934 -13.494066155034153 -14.660077824413909 -10.370741631875653
6.973947895791583 -6.077546013003836 -10.6609198594305 -8.90015990952481 -9.437128565591362 -12.31240104408819 -11.676184576670927 -4.253796860261839 -1.3188470633405023 7.558057554811552 -0.6402439616180895 1.2648785008886745 -7.322296500791457 -4.619861037359513 -11.603751511980224 -9.766574006550403 -1.751851673293363 -7.60345116192951 -5.652789789652566 -10.622711522609922 -8.832626359561964 -0.6683209119623967 -11.883742118636551 -7.6138074117075405 -9.9340976742182 -14.275436067294185 -13.483919648731513 -14.66178224716005 -10.346281263879149
7.034068136272545 -6.026404991913044 -10.632533864043907 -8.862590531385397 -9.406122711425482 -12.293872498008032 -11.653636690770437 -4.193771142357586 -1.2397433025144442 7.669766201703784 -0.5811923709223517 1.324519083887378 -7.27583036005407 -4.563014424953241 -11.578423130919397 -9.733828563907753 -1.67561720136294 -7.559373699703735 -5.599577531222071 -10.594073300806173 -8.794399089431622 -0.5900434267787169 -11.862725644424561 -7.571984953724051 -9.90329586453555 -14.272124978019994 -13.473646880478805 -14.6633511533477 -10.321740141154496
7.0941883767535066 -5.975188352961958 -10.604038764010326 -8.824926211620365 -9.375030477224033 -12.275222426156187 -11.63097128253236 -4.133678465689964 -1.1605926700845435 7.781388633120636 -0.5221459868275953 1.3841882825996845 -7.229273895120117 -4.506111423757812 -11.552983506156497 -9.700997775326556 -1.599333253252866 -7.5152145494251394 -5.546292533999608 -10.56532646615084 -8.75607512778883 -0.5117151205402415 -11.84159349217154 -7.530084904297514 -9.872401816521812 -14.268680562821759 -13.463246304509953 -14.66478465284341 -10.297114308046176
7.154308617234468 -5.923891094858327 -10.57543213263422 -8.787163497530717 -9.343848900172578 -12.256449472595516 -11.608186564376783 -4.07351289267699 -1.0813871122480199 7.892936995529742 -0.4630978415128335 1.4438929640467681 -7.182622721693133 -4.44914637610831 -11.527430537680587 -9.668078668320767 -1.5229921299079519 -7.470969561989482 -5.4929295694757485 -10.5364685654596 -8.717650968083621 -0.43332809563377594 -11.82034403432505 -7.488103174458249 -9.841412729726482 -14.26510304434048 -13.45271742968025 -14.666083453968708 -10.27240143501885
7.214428857715431 -5.872502578324834 -10.54670771677257 -8.74929437903738 -9.312570998990957 -12.237549241814367 -11.585277387507542 -4.013262136514132 -1.0021107015909434 8.00443385130595 -0.40403477457648007 1.5036462569173783 -7.135867183345781 -4.392107539081124 -11.50175854429807 -9.635064108859883 -1.4465784877396293 -7.426629514956013 -5.4394776060850525 -10.507493299085517 -8.67911849199567 -0.35486664394852596 -11.79897240702834 -7.446030788950342 -9.810321794771557 -14.26139082650012 -13.442057387564057 -14.667246839121491 -10.247595697758847
7.274549098196393 -5.821037386065324 -10.517876244412179 -8.71133115211892 -9.281207708970527 -12.218530748328984 -11.56225347015198 -3.9529423530752714 -0.9227828697041749 8.115854677621975 -0.3449716774725782 1.5634329919115477 -7.089021158684983 -4.33501044774227 -11.475977716713263 -9.601965507201104 -1.3701113010832455 -7.3822078451327195 -5.385951584436608 -10.4784114397272 -8.640490127820328 -0.2763501187748041 -11.777488055311203 -7.403880610981339 -9.779140047027362 -14.257550204779148 -13.431273725634883 -14.66828021115919 -10.222706838559095
7.3346693386773545 -5.769521459211919 -10.488956087051289 -8.673295254117956 -9.24977801038402 -12.19940903833292 -11.539131221080883 -3.8925825131711553 -0.8434389905009707 8.227153828478993 -0.28593600930683705 1.6232252786092052 -7.042109132996004 -4.277882908930572 -11.450105386415654 -9.568802600763757 -1.2936250149251127 -7.337728186609167 -5.332378141891976 -10.449241444547468 -8.601787556822398 -0.19781368422599144 -11.755906858269434 -7.361675324088974 -9.747886539185338 -14.25359100738273 -13.420378666948556 -14.669191701725238 -10.197751572761451
7.394789579158316 -5.717896021286304 -10.45990846303189 -8.635139849014344 -9.218240680516931 -12.180153959459261 -11.51587696911534 -3.8321160786139172 -0.763995766753762 8.338443278422268 -0.2268613928551484 1.6830899999047735 -6.995076485931276 -4.220661170665942 -11.42410545101215 -9.535532805842088 -1.2170388893897877 -7.293138040733582 -5.278696688122473 -10.419944312816192 -8.562963372299368 -0.11917481636476879 -11.734196496957523 -7.3193642589860275 -9.716520330854514 -14.249496367187644 -13.409349275146914 -14.669968691822495 -10.172694316996367
7.454909819639278 -5.666199903020832 -10.430760393171816 -8.5968967338645 -9.186623834397132 -12.160787370581563 -11.4925146850047 -3.771586565939976 -0.6845066770682526 8.449653254137615 -0.16778966525261962 1.7429847573703552 -6.947959723389546 -4.163386986115668 -11.398003320768943 -9.502185312757334 -1.1404049377409398 -7.248472611408247 -5.2249471360138955 -10.39054719791853 -8.52404973891888 -0.0404866298633344 -11.712380125322959 -7.276981249829273 -9.685069568830045 -14.245280088032997 -13.398203046490183 -14.67062237831694 -10.147559713541625
7.51503006012024 -5.614379319027822 -10.401476407422443 -8.55852306311407 -9.15488979841653 -12.14128170853984 -11.469013578980665 -3.7109330735302946 -0.604895451981182 8.560886127205297 -0.10866020684275624 1.8029707031705624 -6.900708853594229 -4.106002037901341 -11.371765984488917 -9.468721208084354 -1.063649239154476 -7.2036838786098984 -5.171074038816368 -10.361014429606463 -8.485003283124222 0.038326438966205245 -11.690428201829945 -7.234479957430473 -9.653496831395607 -14.24092679369293 -13.386919038099483 -14.671141284538878 -10.122315276310019
7.575150300601202 -5.562499998740922 -10.372101640503288 -8.520072289780067 -9.12308574769165 -12.121673134096387 -11.445413482046742 -3.6502294615927076 -0.5252533099985255 8.672022139055532 -0.04954459256911248 1.86297533594615 -6.8533855045133345 -4.048577136793487 -11.345435777208934 -9.435189410922106 -0.9868604313704242 -7.158831198824147 -5.1171450081928604 -10.331391371999565 -8.445878089770957 0.11717384601675818 -11.668379133679299 -7.191917475715339 -9.621849261713145 -14.236458678728779 -13.375525840356024 -14.671543096222377 -10.09700217120269
7.635270541082164 -5.510474554067901 -10.34257790238943 -8.481474460374798 -9.091150153766652 -12.101916091432532 -11.421663677535374 -3.589376949319699 -0.4454569288018282 8.783225791063366 0.009654734804840803 1.9230972394044845 -6.805908269042676 -3.9910177015269217 -11.318958444819327 -9.401526311395713 -0.9099189234357862 -7.11383635562617 -5.063070003166015 -10.301619515050238 -8.406603345898471 0.19617782932289884 -11.64618421076014 -7.149218392425762 -9.590065645127819 -14.231849718287267 -13.363988502810729 -14.671808053536315 -10.071567219163171
7.695390781563126 -5.458404256925196 -10.31297428536094 -8.442811655610889 -9.059155370299514 -12.082065668890092 -11.397824981838127 -3.5284894885680904 -0.3656473834973537 8.894311435326824 0.06882701916509903 1.9832242019801218 -6.758371985605305 -3.933432916971626 -11.29239870840457 -9.367806891002079 -0.8329617362410712 -7.068790619895233 -5.0089532331692865 -10.271768307942466 -8.367262116311256 0.27519839393098877 -11.623902019222463 -7.106470528676763 -9.558218227489998 -14.227133224187972 -13.352350304852719 -14.671962444311413 -10.046073403712565
7.755511022044088 -5.406195988607649 -10.283228684712693 -8.404009276373205 -9.027035804515116 -12.062073189177749 -11.373843230040137 -3.4674618451980086 -0.2856933515862179 9.0054539267542 0.1280759469515762 2.043461086861026 -6.710689865505864 -3.8757220491255002 -11.265698650530844 -9.333963330935255 -0.7558615127862577 -7.023610622344269 -4.954698760873892 -10.241775306229961 -8.327778881606083 0.3543657204567552 -11.601480535885464 -7.0635935217337575 -9.52624172738636 -14.222281297822457 -13.340573851843532 -14.67198504015652 -10.020464032460303
7.8156312625250495 -5.3539118496722615 -10.253383733721293 -8.365117816650667 -8.994835974884108 -12.041972798427398 -11.349756042031913 -3.4063638157815666 -0.20568105903674172 9.116540312238467 0.18733401719481835 2.1037394192301275 -6.662920151885914 -3.817951972104407 -11.238898252201992 -9.300041796045122 -0.6787020348393579 -6.978352428020426 -4.9003704664821335 -10.211683359736394 -8.288204740097651 0.4335942141685756 -11.578956024604832 -7.0206412811506524 -9.4941806419234 -14.217314859324082 -13.328686120244766 -14.671892486846614 -9.994777916586166
7.875751503006012 -5.301493612922368 -10.223400828919633 -8.326090772974553 -8.96251504821679 -12.021734380864597 -11.325529831745342 -3.3451295173305082 -0.12552810879855136 9.227680473965375 0.24666624244057234 2.164124984216841 -6.615008630321573 -3.760059665164079 -11.211961559734728 -9.266000097382083 -0.6014034289286595 -6.932964009163986 -4.845908341395155 -10.181453651115344 -8.248492605539912 0.51296553655094 -11.556296262124839 -6.977563637579323 -9.461994360050259 -14.212216924699346 -13.316664127760214 -14.671672013286193 -9.968979854698645
7.935871743486974 -5.249012421090207 -10.193328688481547 -8.286985914359253 -8.930123908096057 -12.001396880752822 -11.301207545738094 -3.2838389567999746 -0.045333446075410455 9.338744827632382 0.30599525205452993 2.224539230254582 -6.567022004665717 -3.702121743705757 -11.184934233452363 -9.23189098573393 -0.5240618152060182 -6.887509535516007 -4.791385577502147 -10.15113514730718 -8.208700946426468 0.5923814736546618 -11.533542624745028 -6.934422293447806 -9.42973373045426 -14.207011201128504 -13.304538556981294 -14.67134240165924 -9.9431141446364
7.995991983967936 -5.196377941046801 -10.16310698953788 -8.247730832544757 -8.897598964451916 -11.980912978922653 -11.276736543826402 -3.2223900536521297 0.035030301019336685 9.44990238616526 0.36542118986542294 2.2850836409753197 -6.518876022799536 -3.644040572956588 -11.157760016167401 -9.19764871571423 -0.44655367120346445 -6.8419081396718235 -4.736709113778801 -10.120667197658175 -8.168756448187953 0.6719683059186288 -11.510644570497472 -6.891139325304714 -9.397335433816814 -14.201670535649471 -13.292273040021081 -14.670882981776783 -9.91712587482743
8.056112224448897 -5.143672728943827 -10.132792135758972 -8.208392483096834 -8.864999152818811 -11.960327684254182 -11.252166502096461 -3.1608756979262074 0.11544814820187121 9.561002520690757 0.4248541870709137 2.345666935317802 -6.470648063206739 -3.585905072656978 -11.13049174426041 -9.163334370003266 -0.36899067789382334 -6.796234227469939 -4.681963895209407 -10.090106495349094 -8.128726883653457 0.7516119079825856 -11.487649938573732 -6.847786282595525 -9.364858351115775 -14.19622217221473 -13.279902951711511 -14.670315256037368 -9.891066296187443
8.11623246492986 -5.090832747425775 -10.102341521114226 -8.168919633755252 -8.832279520839013 -11.939607671196732 -11.22746029614234 -3.099223469888922 0.1960105830118588 9.672165407907386 0.4843653386488005 2.4063611895012262 -6.422278435635634 -3.5276460116499604 -11.103089715842753 -9.128901495956356 -0.29128510807761676 -6.750430545812482 -4.627083937939904 -10.059410201142391 -8.088560372573657 0.8314019784643101 -11.464523109722133 -6.804307982239752 -9.332257740298555 -14.190647177003653 -13.267402784254221 -14.669624915317383 -9.864896656411393
8.176352705410821 -5.037922457827406 -10.071799314356493 -8.129364641179055 -8.799486137464676 -11.918788257323012 -11.202656871354062 -3.0375058665604646 0.276627943529544 9.783273973854595 0.5438847381174843 2.467095305440289 -6.373827610471097 -3.4693327668322422 -11.0755953248649 -9.094397853898421 -0.2135240619083344 -6.704555232631415 -4.572135558326806 -10.028622708571202 -8.048309913738851 0.9112495082311867 -11.441301595384399 -6.760760304882556 -9.299579653289971 -14.184967045764408 -13.254800360431654 -14.66882898196628 -9.838657029073818
8.236472945891784 -4.9848462995934995 -10.041101573554432 -8.08965083440544 -8.76655173556582 -11.89781921398497 -11.177700381034157 -2.975614923450439 0.3574348899918258 9.894506249800653 0.6035178364820841 2.5279763546316016 -6.325206386342804 -3.410862151863942 -11.0479489276067 -9.059753896761624 -0.13557694560426758 -6.6585227292926215 -4.517020320883773 -9.997679731199263 -8.007897864686662 0.9912880237937038 -11.4179317855635 -6.7170608369423235 -9.266757072555123 -14.179152862389726 -13.242057026190748 -14.667905401245667 -9.812289360331441
8.296593186372744 -4.931708428445383 -10.010319265893184 -8.049862562769174 -8.733550456281503 -11.87675704983647 -11.152653261078278 -2.9136679148084097 0.4382860733634788 10.0056720501826 0.6631512965190471 2.5888890470295824 -6.276512367895884 -3.352346332513236 -11.020216955699091 -9.025046436395112 -0.05758489521043619 -6.612426801822264 -4.461845411418466 -9.966652602104453 -7.967409622140682 1.0713732704377676 -11.394473763151503 -6.67329974000058 -9.233864058826331 -14.17323857223426 -13.229217050233276 -14.666880822602478 -9.785858000991468
8.356713426853707 -4.878412709581479 -9.979388022669298 -8.009922671071799 -8.700414634514306 -11.855551177846184 -11.127459275694225 -2.851556234159008 0.5193169397824173 10.116950198355369 0.7228910211480515 2.649940996025514 -6.2276557910834045 -3.293681540206745 -10.992339364415777 -8.990205516622193 0.020583444924955452 -6.566181377182311 -4.406511806600388 -9.935476606873301 -7.926767048395149 1.1516395607985608 -11.370873550127989 -6.62939411487649 -9.200833185212502 -14.167195024830297 -13.216241487963083 -14.665733000607675 -9.75930456938718
8.41683366733467 -4.825032728333483 -9.948358142259686 -7.9698908487542575 -8.667196730920512 -11.834241740801037 -11.1021627329154 -2.789362689807372 0.6004249632160887 10.228206937548073 0.7826572124954727 2.7110509466629265 -6.178705671294165 -3.234946964396354 -10.964363263377656 -8.955285505821362 0.09882850060947812 -6.519852757784183 -4.351095219657424 -9.904202300982679 -7.886030575302954 1.231985121140422 -11.347173797048562 -6.585407687332516 -9.167716884067278 -14.161046493096483 -13.203161874637564 -14.664481070148232 -9.73267462618038
8.47695390781563 -4.771514225242903 -9.91719351721871 -7.929723687629018 -8.633858723763854 -11.812800496608151 -11.076732165515448 -2.72702590838768 0.6816868577486981 10.339543766984974 0.8425098234236121 2.772279839220332 -6.129611401177198 -3.1760840059219437 -10.936255015483358 -8.920247129714529 0.17722463302787939 -6.473392466904213 -4.295539743015286 -9.872793380659584 -7.845156233992707 1.3124860022358575 -11.323344334180856 -6.541293742163017 -9.134477296948802 -14.15477696384144 -13.189956613067666 -14.663112953375704 -9.70593545099172
8.537074148296593 -4.717890556706603 -9.885917242225819 -7.889448425700607 -8.600424577425763 -11.791246048050343 -11.051188019734077 -2.664583336503564 0.7630564717649337 10.450900994094457 0.9024130592678863 2.8335911584627707 -6.080404356853635 -3.117128488893823 -10.90803630366856 -8.885115262293041 0.25572697750466455 -6.426830679210053 -4.239879674074718 -9.841273054997615 -7.804171597459888 1.393096358937811 -11.299404875531867 -6.497081239252704 -9.10113842076246 -14.14839799602113 -13.176640489019443 -14.661637920085527 -9.679107935300308
