web/models/kne/27/mosfit_kn_0.004263_0.4843_0.5000.dat
# %ECSV 1.0
# ---
# datatype:
# - {name: time, datatype: float64}
# - {name: PS1_g, datatype: float64}
# - {name: PS1_i, datatype: float64}
# - {name: PS1_r, datatype: float64}
# - {name: PS1_w, datatype: float64}
# - {name: PS1_y, datatype: float64}
# - {name: PS1_z, datatype: float64}
# - {name: swift_uvot_B, datatype: float64}
# - {name: swift_uvot_U, datatype: float64}
# - {name: swift_uvot_uvm2, datatype: float64}
# - {name: swift_uvot_uvw1, datatype: float64}
# - {name: swift_uvot_uvw2, datatype: float64}
# - {name: swift_uvot_V, datatype: float64}
# - {name: johnson_B, datatype: float64}
# - {name: johnson_I, datatype: float64}
# - {name: johnson_R, datatype: float64}
# - {name: johnson_U, datatype: float64}
# - {name: johnson_V, datatype: float64}
# - {name: sdss_g, datatype: float64}
# - {name: sdss_i, datatype: float64}
# - {name: sdss_r, datatype: float64}
# - {name: sdss_u, datatype: float64}
# - {name: sdss_z, datatype: float64}
# - {name: ATLAS_c, datatype: float64}
# - {name: ATLAS_o, datatype: float64}
# - {name: ukirt_H, datatype: float64}
# - {name: ukirt_J, datatype: float64}
# - {name: ukirt_K, datatype: float64}
# - {name: Clear, datatype: float64}
# meta: !!omap
# - comment: [kappa = 0.5, type = rprocess, mass = 0.004263435211354371, velocity = 0.48433333333333334, theta_obs = 0.0, tfloor = 1000.0]
# schema: astropy-2.0
time PS1_g PS1_i PS1_r PS1_w PS1_y PS1_z swift_uvot_B swift_uvot_U swift_uvot_uvm2 swift_uvot_uvw1 swift_uvot_uvw2 swift_uvot_V johnson_B johnson_I johnson_R johnson_U johnson_V sdss_g sdss_i sdss_r sdss_u sdss_z ATLAS_c ATLAS_o ukirt_H ukirt_J ukirt_K Clear
[from data line 384]
23.14629258517034 15.483095430658622 6.601266617459327 10.076337395497177 8.10841358399319 3.078076568934076 4.4957525337811965 19.02300200722309 25.681946105118012 39.57054140914718 21.64752863719257 24.16054514367222 13.442612123529408 17.8190646902569 5.0477533110373765 8.017786077762377 24.650944925866263 12.487589788360653 16.29563553197306 6.682522569572331 10.304826054993601 26.183051635292838 3.9223249217592127 12.055413965239818 7.603001440630042 -1.8709108089814193 0.278578486508271 -3.2311994894545903 5.822519540231852
23.206412825651302 15.495563835327975 6.613735022128697 10.08880580016653 8.120881988662543 3.0905449736034285 4.508220938450567 19.03547041189246 25.69441450978737 39.583009813816545 21.65999704186193 24.173013548341576 13.45508052819876 17.83153309492627 5.060221715706747 8.03025448243173 24.663413330535622 12.500058193030005 16.30810393664241 6.6949909742416835 10.317294459662971 26.195520039962197 3.934793326428565 12.06788236990917 7.615469845299394 -1.8584424043120669 0.2910468911776234 -3.218731084785238 5.834987944901204
23.266533066132265 15.508003670382156 6.626174857182878 10.10124563522071 8.133321823716742 3.1029848086576095 4.520660773504748 19.047910246946643 25.706854344841553 39.59544964887073 21.672436876916112 24.185453383395764 13.467520363252941 17.843972929980453 5.072661550760928 8.042694317485928 24.675853165589814 12.512498028084204 16.32054377169661 6.7074308092958645 10.329734294717152 26.20795987501638 3.947233161482746 12.08032220496337 7.627909680353575 -1.8460025692578859 0.3034867262318044 -3.206291249731057 5.847427779955385
23.326653306613224 15.520415051400551 6.638586238201256 10.113657016239106 8.14573320473512 3.115396189676005 4.533072154523126 19.06032162796502 25.71926572585994 39.607861029889115 21.6848482579345 24.197864764414152 13.479931744271337 17.85638431099883 5.0850729317793055 8.055105698504306 24.6882645466082 12.524909409102582 16.332955152714987 6.71984219031426 10.34214567573553 26.220371256034767 3.9596445425011417 12.092733585981748 7.640321061371971 -1.8335911882394902 0.31589810725020007 -3.1938798687126613 5.859839160973781
23.386773547094187 15.532798102196406 6.650969288997128 10.12604006703496 8.158116255530974 3.1277792404718596 4.545455205318998 19.072704678760893 25.731648776655803 39.62024408068498 21.697231308730363 24.210247815210014 13.492314795067191 17.868767361794703 5.097455982575178 8.067488749300178 24.700647597404053 12.537292459898437 16.345338203510842 6.732225241110115 10.354528726531402 26.23275430683063 3.972027593296996 12.105116636777602 7.652704112167825 -1.8212081374436357 0.3282811580460545 -3.181496817916807 5.872222211769635
23.44689378757515 15.545152948026892 6.663324134827615 10.138394912865447 8.170471101361478 3.1401340863023464 4.557810051149485 19.08505952459138 25.74400362248629 39.63259892651547 21.70958615456085 24.2226026610405 13.504669640897678 17.88112220762519 5.1098108284056645 8.079843595130665 24.71300244323455 12.549647305728923 16.357693049341346 6.744580086940601 10.366883572361889 26.245109152661115 3.984382439127483 12.117471482608106 7.665058957998312 -1.808853291613149 0.34063600387654125 -3.16914197208632 5.884577057600122
23.507014028056112 15.557479702271593 6.675650889072315 10.150721667110147 8.182797855606161 3.1524608405470467 4.570136805394185 19.09738627883608 25.756330376730993 39.64492568076016 21.72191290880554 24.23492941528519 13.516996395142378 17.893448961869872 5.122137582650365 8.092170349375348 24.72532919747924 12.561974059973624 16.37001980358603 6.756906841185302 10.37921032660659 26.25743590690582 3.996709193372183 12.129798236852789 7.677385712243012 -1.7965265373684487 0.35296275812124156 -3.15681521784162 5.8969038118448225
23.567134268537075 15.569778490831059 6.6879496776317815 10.163020455669631 8.195096644165645 3.1647596291065305 4.582435593953651 19.109685067395546 25.768629165290466 39.65722446931964 21.734211697365023 24.247228203844674 13.529295183701862 17.905747750429356 5.134436371209831 8.104469137934831 24.737627986038717 12.574272848533107 16.382318592145513 6.769205629744768 10.391509115166055 26.269734695465292 4.009007981931649 12.142097025412273 7.689684500802478 -1.7842277488089648 0.3652615466807254 -3.1445164292821537 5.909202600404306
23.627254509018034 15.582049424328765 6.700220611129488 10.175291389167338 8.207367577663351 3.1770305626042195 4.594706527451358 19.121956000893253 25.780900098788173 39.66949540281735 21.746482630862722 24.259499137342374 13.541566117199551 17.918018683927063 5.146707304707538 8.116740071432538 24.74989891953642 12.586543782030814 16.39458952564322 6.7814765632424745 10.403780048663762 26.282005628963 4.021278915429356 12.15436795890998 7.701955434300185 -1.7719568153112581 0.3775324801784321 -3.132245495784447 5.921473533901995
23.687374749498996 15.594292629905997 6.71246381670672 10.187534594744552 8.219610783240565 3.189273768181451 4.606949733028589 19.134199206470484 25.793143304365394 39.68173860839457 21.758725836439954 24.271742342919605 13.553809322776782 17.930261889504294 5.158950510284769 8.12898327700977 24.762142125113645 12.598786987608028 16.406832731220433 6.793719768819706 10.416023254240994 26.29424883454022 4.0335221210065875 12.166611164487193 7.7141986398774165 -1.7597136097340444 0.3897756857556458 -3.1200022902072155 5.933716739479227
23.74749498997996 15.606508219652682 6.724679406453387 10.199750184491236 8.23182637298725 3.2014893579281356 4.619165322775256 19.14641479621715 25.80535889411207 39.69395419814125 21.770941426186628 24.28395793266628 13.566024912523467 17.94247747925096 5.171166100031436 8.141198866756437 24.77435771486033 12.611002577354713 16.419048320967118 6.805935358566391 10.42823884398766 26.306464424286897 4.045737710753272 12.178826754233878 7.726414229624101 -1.7474980199873598 0.4019912755023305 -3.107786700460531 5.945932329225911
23.80761523046092 15.61869630939114 6.736867496191863 10.211938274229695 8.244014462725726 3.213677447666594 4.631353412513732 19.158602885955627 25.81754698385054 39.70614228787972 21.783129515925097 24.29614602240475 13.578213002261926 17.954665568989437 5.183354189769912 8.153386956494913 24.786545804598795 12.623190667093189 16.431236410705594 6.818123448304849 10.440426933726137 26.318652514025366 4.057925800491731 12.191014843972354 7.73860231936256 -1.7353099302489012 0.414179365240789 -3.0955986107220723 5.95812041896437
23.867735470941884 15.630857020280438 6.7490282070811425 10.224098985118992 8.256175173615006 3.2258381585558915 4.643514123403012 19.170763596844907 25.829707694739827 39.718302998769 21.795290226814384 24.308306733294035 13.590373713151223 17.966826279878717 5.195514900659192 8.165547667384192 24.798706515488085 12.635351377982468 16.443397121594874 6.8302841591941466 10.452587644615416 26.330813224914653 4.070086511381028 12.203175554861634 7.750763030251857 -1.7231492193596039 0.4263400761300864 -3.083437899832775 5.970281129853667
23.927855711422843 15.642990461601691 6.761161648402414 10.236232426440246 8.268308614936277 3.2379715998771452 4.655647564724283 19.18289703816618 25.841841136061092 39.73043644009027 21.807423668135648 24.3204401746153 13.602507154472477 17.97895972119999 5.207648341980463 8.177681108705464 24.810839956809346 12.647484819303722 16.455530562916145 6.8424176005154 10.464721085936688 26.342946666235918 4.082219952702282 12.215308996182905 7.762896471573111 -1.7110157780383501 0.4384735174513401 -3.0713044585115212 5.982414571174921
23.987975951903806 15.655096751011204 6.7732679378119265 10.248338715849759 8.280414904345772 3.2500778892866578 4.667753854133796 19.19500332757569 25.8539474254706 39.742542729499775 21.81952995754516 24.332546464024812 13.61461344388199 17.9910660106095 5.219754631389976 8.189787398114976 24.82294624621885 12.659591108713235 16.46763685232564 6.854523889924913 10.4768273753462 26.355052955645426 4.094326242111794 12.2274152855924 7.775002760982623 -1.6989094886288376 0.45057980686085264 -3.0591981691020087 5.994520860584434
24.04809619238477 15.66717599448845 6.785347181289172 10.260417959327004 8.292494147823035 3.262157132763903 4.679833097611041 19.207082571052936 25.866026668947846 39.75462197297703 21.831609201022406 24.344625707502058 13.626692687359235 18.003145254086746 5.231833874867221 8.201866641592222 24.835025489696108 12.67167035219048 16.479716095802903 6.866603133402158 10.488906618823446 26.367132199122672 4.10640548558904 12.239494529069663 7.787082004459869 -1.6868302451515922 0.46265905033809807 -3.0471189256247633 6.006600104061679
24.10821643286573 15.679228323807273 6.797399510607995 10.272470288645845 8.304546477141859 3.2742094620827444 4.691885426929865 19.21913490037176 25.87807899826668 39.766674302295854 21.84366153034123 24.35667803682088 13.638745016678058 18.01519758340557 5.243886204186045 8.213918970911045 24.847077819014928 12.683722681509321 16.491768425121727 6.878655462720982 10.50095894814227 26.379184528441506 4.118457814907863 12.251546858388487 7.799134333778692 -1.674777915832751 0.4747113796569393 -3.03506659630594 6.0186524333805025
24.168336673346694 15.691253829821559 6.809425016622281 10.284495794660131 8.316571983156145 3.2862349680970127 4.703910932944151 19.231160406386046 25.890104504280966 39.77869980831014 21.855687036355516 24.368703542835167 13.650770522692344 18.027223089419856 5.255911710200331 8.225944476925331 24.859103325029217 12.695748187523607 16.503793931136013 6.890680968735268 10.512984454156555 26.391210034455792 4.130483320922149 12.263572364402773 7.811159839792978 -1.662752409818465 0.4867368856712253 -3.023041090291654 6.0306779393947885
24.228456913827653 15.70325264011899 6.8214238269197125 10.296494604957545 8.328570793453558 3.2982337783944438 4.715909743241582 19.243159216683477 25.90210331457839 39.79069861860756 21.867685846652947 24.380702353132598 13.662769332989775 18.039221899717287 5.267910520497762 8.237943287222762 24.871102135326637 12.70774699782102 16.515792741433426 6.902679779032699 10.524983264453986 26.403208844753216 4.14248213121958 12.275571174700186 7.823158650090409 -1.6507535995210516 0.49873569596863865 -3.0110422799942227 6.04267674969222
24.288577154308616 15.71522486395681 6.833396050757514 10.308466828795364 8.340543017291377 3.3102060022322632 4.727881967079384 19.255131440521296 25.9140755384162 39.80267084244538 21.87965807049076 24.39267457697041 13.674741556827595 18.05119412355509 5.279882744335581 8.249915511060564 24.883074359164457 12.71971922165884 16.527764965271246 6.914652002870518 10.536955488291806 26.415181068591025 4.1544543550574 12.287543398538006 7.835130873928229 -1.6387813756832321 0.5107079198064581 -2.999070056156403 6.054648973530039
24.34869739478958 15.72717060087335 6.845341787674073 10.320412565711905 8.352488754207936 3.3221517391488042 4.739827703995942 19.267077177437837 25.92602127533275 39.81461657936192 21.891603807407307 24.40462031388696 13.686687293744136 18.063139860471647 5.291828481252122 8.261861247977123 24.895020096080998 12.731664958575381 16.539710702187786 6.926597739787059 10.548901225208347 26.427126805507577 4.166400091973941 12.299489135454547 7.84707661084477 -1.6268356387666911 0.5226536567229991 -2.987124319239862 6.06659471044658
24.40881763527054 15.73908997237476 6.857261159175465 10.332331937213315 8.364408125709328 3.334071110650214 4.7517470754973345 19.27899654893923 25.93794064683415 39.826535950863324 21.90352317890871 24.41653968538836 13.698606665245546 18.07505923197304 5.3037478527535145 8.273780619478515 24.906939467582408 12.743584330076791 16.551630073689196 6.938517111288469 10.560820596709739 26.439046177008976 4.178319463475351 12.311408506955956 7.85899598234618 -1.6149162672652813 0.534573028224409 -2.9752049477384523 6.07851408194799
24.468937875751504 15.750983084574539 6.869154271375244 10.344225049413094 8.376301237909107 3.345964222849993 4.7636401876971135 19.29088966113901 25.94983375903393 39.8384290630631 21.91541629110849 24.42843279758814 13.710499777445325 18.08695234417282 5.315640964953293 8.285673731678294 24.918832579782187 12.75547744227657 16.563523185888975 6.950410223488248 10.572713708909518 26.450939289208755 4.19021257567513 12.323301619155735 7.870889094545959 -1.6030231550655023 0.546466140424188 -2.9633118355386734 6.090407194147769
24.529058116232463 15.762850047375228 6.8810212341759325 10.356092012213782 8.388168200709796 3.3578311856506815 4.775507150497802 19.302756623939715 25.961700721834617 39.8502960258638 21.927283253909177 24.44029976038883 13.722366740246013 18.098819306973507 5.327507927754 8.297540694478982 24.930699542582875 12.767344405077258 16.575390148689664 6.9622771862889365 10.584580671710224 26.462806252009443 4.202079538475818 12.335168581956424 7.882756057346647 -1.5911561922648139 0.5583331032248764 -2.951444872737985 6.102274156948457
24.589178356713425 15.774690967171914 6.8928621539726365 10.367932932010469 8.400009120506482 3.3696721054473677 4.787348070294506 19.3145975437364 25.973541641631314 39.86213694566049 21.93912417370586 24.45214068018551 13.7342076600427 18.110660226770193 5.339348847550686 8.309381614275669 24.94254046237956 12.779185324873945 16.58723106848635 6.974118106085623 10.59642159150691 26.47464717180614 4.213920458272504 12.34700950175311 7.894596977143333 -1.5793152724681276 0.5701740230215626 -2.9396039529412987 6.1141150767451435
24.649298597194388 15.786505955099202 6.904677141899924 10.379747919937756 8.411824108433787 3.3814870933746555 4.799163058221794 19.32641253166369 25.985356629558602 39.87395193358777 21.95093916163316 24.46395566811281 13.746022647969987 18.1224752146975 5.351163835477974 8.321196602202974 24.954355450306856 12.791000312801232 16.599046056413655 6.9859330940129105 10.608236579434198 26.486462159733428 4.225735446199792 12.358824489680416 7.906411965070621 -1.56750028454084 0.5819890109488504 -2.927788965014011 6.125930064672431
24.70941883767535 15.79829510983389 6.9164662966346135 10.391537074672446 8.423613263168477 3.393276248109345 4.810952212956483 19.338201686398378 25.997145784293288 39.88574108832246 21.962728316367848 24.4757448228475 13.757811802704676 18.134264369432188 5.362952990212663 8.332985756937664 24.96614460504155 12.802789467535922 16.610835211148327 6.9977222487476 10.620025734168888 26.498251314468114 4.237524600934481 12.370613644415105 7.91820111980531 -1.5557111298061506 0.5937781656835397 -2.9159998102793216 6.137719219407121
24.769539078156313 15.810058543076888 6.928229729877593 10.403300507915443 8.435376696411456 3.405039681352342 4.8227156461994625 19.349965119641357 26.008909217536278 39.89750452156546 21.974491749610838 24.48750825609049 13.769575235947674 18.146027802675167 5.37471642345566 8.344749190180643 24.977908038284536 12.814552900778919 16.622598644391324 7.009485681990597 10.631789167411885 26.510014747711104 4.249288034177479 12.382377077658084 7.929964553048308 -1.5439476965631533 0.6055415989265369 -2.9042363770363244 6.149482652650118
24.829659318637272 15.821796359115012 6.939967545915735 10.415038323953567 8.44711451244958 3.4167774973904663 4.8344534622376045 19.3617029356795 26.020647033574413 39.90924233760358 21.98622956564896 24.49924607212861 13.781313051985798 18.15776561871329 5.386454239493784 8.356487006218767 24.98964585432266 12.826290716817043 16.63433646042945 7.021223498028721 10.643526983450009 26.52175256374924 4.261025850215603 12.394114893696209 7.941702369086432 -1.532209880525029 0.6172794149646612 -2.8924985609982 6.161220468688242
