web/models/kne/27/villar_0.0120_0.1240_10.0000.dat
# %ECSV 1.0
# ---
# datatype:
# - {name: time, datatype: float64}
# - {name: swift_uvot_uvw2, datatype: float64}
# - {name: swift_uvot_uvm2, datatype: float64}
# - {name: swift_uvot_uvw1, datatype: float64}
# - {name: swift_uvot_U, datatype: float64}
# - {name: swift_uvot_B, datatype: float64}
# - {name: swift_uvot_V, datatype: float64}
# - {name: swift_uvot_W, datatype: float64}
# - {name: johnson_U, datatype: float64}
# - {name: johnson_B, datatype: float64}
# - {name: johnson_V, datatype: float64}
# - {name: johnson_R, datatype: float64}
# - {name: johnson_I, datatype: float64}
# - {name: sdss_u, datatype: float64}
# - {name: sdss_g, datatype: float64}
# - {name: sdss_r, datatype: float64}
# - {name: sdss_i, datatype: float64}
# - {name: sdss_z, datatype: float64}
# - {name: PS1_g, datatype: float64}
# - {name: PS1_r, datatype: float64}
# - {name: PS1_i, datatype: float64}
# - {name: PS1_z, datatype: float64}
# - {name: PS1_Y, datatype: float64}
# - {name: PS1_w, datatype: float64}
# - {name: ATLAS_c, datatype: float64}
# - {name: ATLAS_o, datatype: float64}
# - {name: ukirt_J, datatype: float64}
# - {name: ukirt_H, datatype: float64}
# - {name: ukirt_K, datatype: float64}
# - {name: Clear, datatype: float64}
# meta: !!omap
# - comment: [kappa = 10.0, type = villar, mass = 0.012011244339858356, velocity = 0.124, theta_obs = 0.0]
# schema: astropy-2.0
time swift_uvot_uvw2 swift_uvot_uvm2 swift_uvot_uvw1 swift_uvot_U swift_uvot_B swift_uvot_V swift_uvot_W johnson_U johnson_B johnson_V johnson_R johnson_I sdss_u sdss_g sdss_r sdss_i sdss_z PS1_g PS1_r PS1_i PS1_z PS1_Y PS1_w ATLAS_c ATLAS_o ukirt_J ukirt_H ukirt_K Clear
[from data line 219]
0.682197 -9.079 -9.311 -10.371 -11.766 -12.516 -12.972 -11.607 -11.907 -12.525 -12.98 -13.194 -13.255 -11.872 -12.696 -13.127 -13.249 -13.258 -12.778 -13.138 -13.26 -13.279 -13.291 -13.071 -12.908 -13.184 -13.077 -12.794 -12.377 -13.03
0.70283 -9.046 -9.26 -10.34 -11.753 -12.518 -12.985 -11.606 -11.897 -12.527 -12.994 -13.217 -13.286 -11.861 -12.703 -13.146 -13.275 -13.29 -12.787 -13.158 -13.287 -13.31 -13.325 -13.091 -12.921 -13.207 -13.116 -12.837 -12.423 -13.05
0.724086 -9.012 -9.207 -10.308 -11.739 -12.52 -12.999 -11.604 -11.886 -12.529 -13.008 -13.24 -13.316 -11.848 -12.709 -13.165 -13.301 -13.321 -12.795 -13.177 -13.313 -13.341 -13.358 -13.11 -12.933 -13.229 -13.155 -12.88 -12.469 -13.068
0.745986 -8.978 -9.153 -10.275 -11.724 -12.52 -13.011 -11.602 -11.873 -12.53 -13.021 -13.262 -13.346 -11.835 -12.714 -13.184 -13.327 -13.352 -12.802 -13.196 -13.339 -13.371 -13.391 -13.128 -12.945 -13.251 -13.193 -12.922 -12.515 -13.087
0.768548 -8.944 -9.097 -10.24 -11.707 -12.52 -13.023 -11.599 -11.86 -12.53 -13.033 -13.284 -13.376 -11.82 -12.718 -13.202 -13.352 -13.383 -12.808 -13.214 -13.365 -13.401 -13.423 -13.146 -12.956 -13.272 -13.231 -12.964 -12.56 -13.105
0.791792 -8.91 -9.04 -10.205 -11.69 -12.518 -13.034 -11.595 -11.845 -12.529 -13.045 -13.306 -13.405 -11.805 -12.722 -13.219 -13.377 -13.413 -12.814 -13.231 -13.39 -13.43 -13.455 -13.164 -12.966 -13.293 -13.269 -13.007 -12.606 -13.122
0.815739 -8.877 -8.981 -10.169 -11.671 -12.516 -13.044 -11.591 -11.829 -12.527 -13.056 -13.327 -13.434 -11.788 -12.724 -13.235 -13.401 -13.443 -12.819 -13.248 -13.414 -13.459 -13.487 -13.181 -12.976 -13.314 -13.307 -13.048 -12.651 -13.139
0.840411 -8.843 -8.92 -10.131 -11.652 -12.513 -13.054 -11.586 -11.812 -12.524 -13.066 -13.347 -13.462 -11.77 -12.726 -13.251 -13.425 -13.472 -12.823 -13.264 -13.438 -13.487 -13.519 -13.197 -12.985 -13.333 -13.344 -13.09 -12.696 -13.155
0.865828 -8.81 -8.858 -10.092 -11.631 -12.509 -13.063 -11.58 -11.794 -12.52 -13.075 -13.367 -13.49 -11.751 -12.727 -13.266 -13.448 -13.501 -12.826 -13.28 -13.461 -13.515 -13.55 -13.213 -12.993 -13.352 -13.381 -13.131 -12.741 -13.171
0.892015 -8.777 -8.793 -10.052 -11.608 -12.503 -13.071 -11.574 -11.775 -12.516 -13.084 -13.386 -13.518 -11.73 -12.727 -13.281 -13.471 -13.53 -12.829 -13.295 -13.484 -13.543 -13.58 -13.228 -13.0 -13.371 -13.418 -13.173 -12.785 -13.186
0.918993 -8.744 -8.728 -10.01 -11.585 -12.497 -13.078 -11.567 -11.755 -12.51 -13.091 -13.404 -13.545 -11.709 -12.726 -13.295 -13.492 -13.558 -12.83 -13.309 -13.506 -13.57 -13.61 -13.243 -13.007 -13.388 -13.455 -13.214 -12.83 -13.201
0.946787 -8.712 -8.66 -9.968 -11.56 -12.49 -13.085 -11.559 -11.733 -12.503 -13.098 -13.422 -13.571 -11.686 -12.724 -13.308 -13.514 -13.585 -12.831 -13.322 -13.528 -13.597 -13.64 -13.257 -13.013 -13.406 -13.491 -13.254 -12.874 -13.215
0.975422 -8.681 -8.59 -9.924 -11.534 -12.482 -13.09 -11.55 -11.71 -12.496 -13.105 -13.439 -13.597 -11.661 -12.722 -13.32 -13.535 -13.612 -12.831 -13.335 -13.549 -13.623 -13.669 -13.27 -13.018 -13.422 -13.526 -13.295 -12.918 -13.228
1.004923 -8.65 -8.519 -9.878 -11.506 -12.472 -13.095 -11.541 -11.686 -12.487 -13.11 -13.456 -13.622 -11.636 -12.718 -13.332 -13.555 -13.638 -12.83 -13.347 -13.569 -13.648 -13.698 -13.282 -13.022 -13.438 -13.562 -13.335 -12.962 -13.241
1.035317 -8.62 -8.445 -9.831 -11.477 -12.462 -13.099 -11.53 -11.66 -12.477 -13.114 -13.471 -13.647 -11.609 -12.713 -13.343 -13.574 -13.664 -12.828 -13.358 -13.589 -13.673 -13.727 -13.294 -13.025 -13.453 -13.597 -13.375 -13.006 -13.253
1.066629 -8.59 -8.37 -9.783 -11.447 -12.45 -13.101 -11.519 -11.633 -12.466 -13.118 -13.486 -13.672 -11.58 -12.707 -13.352 -13.593 -13.69 -12.824 -13.368 -13.608 -13.698 -13.755 -13.305 -13.027 -13.467 -13.631 -13.414 -13.049 -13.265
1.098888 -8.561 -8.292 -9.734 -11.415 -12.437 -13.103 -11.507 -11.605 -12.454 -13.12 -13.501 -13.695 -11.551 -12.7 -13.362 -13.611 -13.715 -12.82 -13.378 -13.627 -13.722 -13.782 -13.315 -13.029 -13.481 -13.666 -13.454 -13.093 -13.275
1.132124 -8.534 -8.212 -9.683 -11.382 -12.423 -13.104 -11.494 -11.575 -12.44 -13.122 -13.514 -13.718 -11.519 -12.692 -13.37 -13.629 -13.739 -12.815 -13.387 -13.645 -13.745 -13.809 -13.325 -13.029 -13.494 -13.7 -13.493 -13.136 -13.286
1.166364 -8.507 -8.13 -9.63 -11.347 -12.408 -13.104 -11.481 -11.543 -12.426 -13.122 -13.527 -13.741 -11.486 -12.683 -13.377 -13.645 -13.763 -12.809 -13.394 -13.662 -13.768 -13.835 -13.334 -13.028 -13.506 -13.733 -13.531 -13.179 -13.295
1.20164 -8.481 -8.046 -9.576 -11.31 -12.391 -13.103 -11.466 -11.51 -12.41 -13.122 -13.539 -13.763 -11.452 -12.672 -13.384 -13.661 -13.786 -12.802 -13.401 -13.678 -13.79 -13.861 -13.342 -13.027 -13.517 -13.766 -13.57 -13.221 -13.304
1.237983 -8.457 -7.96 -9.52 -11.272 -12.373 -13.1 -11.45 -11.475 -12.392 -13.12 -13.55 -13.784 -11.416 -12.661 -13.389 -13.677 -13.808 -12.793 -13.407 -13.694 -13.811 -13.886 -13.349 -13.024 -13.528 -13.799 -13.608 -13.263 -13.311
1.275425 -8.433 -7.871 -9.463 -11.232 -12.354 -13.097 -11.434 -11.439 -12.374 -13.117 -13.561 -13.805 -11.378 -12.648 -13.394 -13.691 -13.83 -12.783 -13.412 -13.708 -13.832 -13.911 -13.355 -13.02 -13.537 -13.831 -13.645 -13.306 -13.319
1.313999 -8.411 -7.78 -9.404 -11.19 -12.333 -13.092 -11.416 -11.401 -12.354 -13.113 -13.57 -13.825 -11.338 -12.634 -13.397 -13.705 -13.851 -12.773 -13.416 -13.722 -13.852 -13.935 -13.36 -13.016 -13.546 -13.862 -13.683 -13.347 -13.325
1.35374 -8.39 -7.686 -9.344 -11.147 -12.311 -13.086 -11.397 -11.361 -12.332 -13.108 -13.579 -13.844 -11.297 -12.618 -13.4 -13.717 -13.871 -12.761 -13.419 -13.735 -13.871 -13.958 -13.365 -13.01 -13.554 -13.893 -13.72 -13.389 -13.331
1.394683 -8.371 -7.59 -9.281 -11.101 -12.287 -13.079 -11.377 -11.32 -12.309 -13.102 -13.586 -13.862 -11.253 -12.601 -13.401 -13.729 -13.891 -12.747 -13.421 -13.748 -13.889 -13.981 -13.368 -13.002 -13.56 -13.924 -13.756 -13.43 -13.335
1.436864 -8.353 -7.491 -9.217 -11.054 -12.262 -13.071 -11.356 -11.276 -12.285 -13.095 -13.593 -13.88 -11.208 -12.583 -13.401 -13.74 -13.91 -12.732 -13.422 -13.759 -13.907 -14.003 -13.37 -12.994 -13.566 -13.954 -13.792 -13.471 -13.339
1.480321 -8.336 -7.389 -9.152 -11.004 -12.235 -13.061 -11.334 -11.23 -12.259 -13.086 -13.599 -13.897 -11.161 -12.563 -13.4 -13.75 -13.928 -12.716 -13.422 -13.769 -13.924 -14.024 -13.372 -12.984 -13.571 -13.984 -13.828 -13.512 -13.342
1.525092 -8.321 -7.285 -9.084 -10.953 -12.206 -13.05 -11.311 -11.183 -12.231 -13.076 -13.603 -13.913 -11.111 -12.541 -13.398 -13.759 -13.945 -12.699 -13.421 -13.779 -13.94 -14.044 -13.372 -12.973 -13.575 -14.013 -13.863 -13.552 -13.344
1.571218 -8.307 -7.178 -9.014 -10.899 -12.176 -13.038 -11.286 -11.133 -12.201 -13.064 -13.607 -13.928 -11.06 -12.518 -13.395 -13.767 -13.961 -12.68 -13.418 -13.787 -13.955 -14.064 -13.372 -12.961 -13.577 -14.041 -13.898 -13.592 -13.345
1.618738 -8.294 -7.068 -8.943 -10.843 -12.144 -13.024 -11.26 -11.081 -12.17 -13.051 -13.609 -13.942 -11.006 -12.494 -13.39 -13.774 -13.977 -12.66 -13.414 -13.795 -13.97 -14.083 -13.37 -12.947 -13.579 -14.069 -13.933 -13.632 -13.345
1.667696 -8.283 -6.955 -8.869 -10.785 -12.109 -13.008 -11.233 -11.027 -12.137 -13.037 -13.61 -13.955 -10.95 -12.467 -13.384 -13.78 -13.992 -12.638 -13.409 -13.801 -13.983 -14.101 -13.367 -12.932 -13.579 -14.096 -13.967 -13.671 -13.344
1.718134 -8.273 -6.839 -8.794 -10.724 -12.073 -12.991 -11.204 -10.971 -12.102 -13.021 -13.61 -13.968 -10.892 -12.439 -13.377 -13.785 -14.005 -12.614 -13.402 -13.806 -13.995 -14.119 -13.362 -12.915 -13.578 -14.123 -14.0 -13.71 -13.342
1.770098 -8.264 -6.72 -8.716 -10.66 -12.035 -12.972 -11.174 -10.912 -12.065 -13.003 -13.609 -13.979 -10.831 -12.409 -13.368 -13.788 -14.018 -12.589 -13.394 -13.81 -14.007 -14.135 -13.357 -12.897 -13.576 -14.149 -14.033 -13.748 -13.339
1.823633 -8.256 -6.598 -8.636 -10.595 -11.995 -12.952 -11.142 -10.851 -12.026 -12.984 -13.607 -13.99 -10.767 -12.377 -13.358 -13.79 -14.03 -12.562 -13.385 -13.813 -14.017 -14.151 -13.35 -12.877 -13.572 -14.174 -14.065 -13.786 -13.335
1.878788 -8.25 -6.472 -8.554 -10.526 -11.953 -12.93 -11.109 -10.787 -11.985 -12.963 -13.603 -13.999 -10.701 -12.343 -13.346 -13.791 -14.04 -12.533 -13.374 -13.815 -14.027 -14.165 -13.342 -12.856 -13.567 -14.198 -14.097 -13.824 -13.33
1.93561 -8.244 -6.344 -8.47 -10.454 -11.908 -12.905 -11.074 -10.72 -11.941 -12.94 -13.597 -14.007 -10.632 -12.307 -13.333 -13.791 -14.05 -12.503 -13.362 -13.815 -14.035 -14.179 -13.332 -12.832 -13.561 -14.222 -14.128 -13.861 -13.323
1.994152 -8.24 -6.212 -8.383 -10.38 -11.861 -12.879 -11.037 -10.65 -11.896 -12.915 -13.591 -14.014 -10.56 -12.269 -13.318 -13.789 -14.058 -12.47 -13.347 -13.814 -14.042 -14.191 -13.321 -12.807 -13.553 -14.244 -14.159 -13.898 -13.315
2.054463 -8.236 -6.078 -8.293 -10.303 -11.811 -12.851 -10.998 -10.578 -11.847 -12.888 -13.582 -14.02 -10.485 -12.228 -13.301 -13.786 -14.065 -12.436 -13.332 -13.811 -14.047 -14.203 -13.309 -12.78 -13.544 -14.266 -14.189 -13.934 -13.306
2.116599 -8.234 -5.94 -8.201 -10.222 -11.759 -12.821 -10.958 -10.502 -11.797 -12.859 -13.572 -14.024 -10.407 -12.185 -13.282 -13.781 -14.071 -12.399 -13.314 -13.807 -14.052 -14.213 -13.294 -12.751 -13.533 -14.287 -14.218 -13.97 -13.296
2.180614 -8.232 -5.798 -8.107 -10.138 -11.704 -12.789 -10.916 -10.423 -11.743 -12.828 -13.561 -14.027 -10.325 -12.14 -13.261 -13.775 -14.076 -12.361 -13.295 -13.801 -14.055 -14.222 -13.278 -12.719 -13.52 -14.308 -14.247 -14.005 -13.284
2.246566 -8.231 -5.654 -8.009 -10.05 -11.647 -12.754 -10.872 -10.341 -11.687 -12.795 -13.547 -14.029 -10.24 -12.092 -13.238 -13.767 -14.079 -12.32 -13.273 -13.794 -14.056 -14.23 -13.261 -12.686 -13.506 -14.327 -14.275 -14.04 -13.27
2.314511 -8.23 -5.508 -7.909 -9.959 -11.586 -12.717 -10.825 -10.255 -11.628 -12.759 -13.532 -14.029 -10.152 -12.042 -13.214 -13.757 -14.081 -12.277 -13.25 -13.785 -14.056 -14.237 -13.241 -12.65 -13.489 -14.345 -14.302 -14.074 -13.256
2.384512 -8.23 -5.37 -7.814 -9.872 -11.528 -12.68 -10.781 -10.173 -11.571 -12.724 -13.517 -14.028 -10.067 -11.993 -13.189 -13.747 -14.081 -12.235 -13.226 -13.776 -14.056 -14.242 -13.222 -12.615 -13.473 -14.361 -14.326 -14.106 -13.241
2.45663 -8.234 -5.374 -7.819 -9.876 -11.532 -12.685 -10.785 -10.177 -11.576 -12.729 -13.521 -14.033 -10.071 -11.997 -13.193 -13.751 -14.086 -12.239 -13.231 -13.78 -14.06 -14.246 -13.226 -12.62 -13.477 -14.365 -14.331 -14.11 -13.245
2.530929 -8.238 -5.378 -7.823 -9.88 -11.536 -12.689 -10.789 -10.181 -11.58 -12.732 -13.525 -14.037 -10.075 -12.001 -13.197 -13.755 -14.089 -12.243 -13.235 -13.784 -14.064 -14.25 -13.23 -12.624 -13.481 -14.369 -14.335 -14.114 -13.249
2.607475 -8.241 -5.381 -7.825 -9.883 -11.539 -12.692 -10.792 -10.184 -11.583 -12.735 -13.528 -14.04 -10.078 -12.004 -13.2 -13.758 -14.092 -12.246 -13.237 -13.787 -14.067 -14.253 -13.233 -12.627 -13.484 -14.372 -14.338 -14.117 -13.252
2.686337 -8.243 -5.383 -7.828 -9.885 -11.541 -12.694 -10.794 -10.186 -11.585 -12.738 -13.53 -14.042 -10.08 -12.006 -13.202 -13.76 -14.094 -12.248 -13.24 -13.789 -14.069 -14.255 -13.235 -12.629 -13.486 -14.374 -14.34 -14.119 -13.254
2.767583 -8.244 -5.384 -7.829 -9.886 -11.542 -12.695 -10.795 -10.188 -11.586 -12.739 -13.532 -14.043 -10.081 -12.007 -13.204 -13.762 -14.096 -12.249 -13.241 -13.79 -14.07 -14.257 -13.236 -12.63 -13.487 -14.376 -14.341 -14.12 -13.255
2.851287 -8.245 -5.385 -7.829 -9.887 -11.543 -12.695 -10.796 -10.188 -11.586 -12.739 -13.532 -14.044 -10.082 -12.008 -13.204 -13.762 -14.096 -12.25 -13.241 -13.791 -14.071 -14.257 -13.237 -12.63 -13.488 -14.376 -14.341 -14.121 -13.256
2.937522 -8.244 -5.384 -7.829 -9.886 -11.542 -12.695 -10.795 -10.187 -11.586 -12.739 -13.531 -14.043 -10.081 -12.007 -13.203 -13.762 -14.096 -12.249 -13.241 -13.79 -14.07 -14.257 -13.236 -12.63 -13.487 -14.376 -14.341 -14.12 -13.255
3.026365 -8.243 -5.383 -7.827 -9.885 -11.541 -12.693 -10.794 -10.186 -11.584 -12.737 -13.53 -14.042 -10.08 -12.006 -13.202 -13.76 -14.094 -12.248 -13.239 -13.789 -14.069 -14.255 -13.235 -12.629 -13.486 -14.374 -14.34 -14.119 -13.254
3.117896 -8.24 -5.38 -7.825 -9.882 -11.538 -12.691 -10.791 -10.183 -11.582 -12.735 -13.527 -14.039 -10.077 -12.003 -13.199 -13.758 -14.092 -12.245 -13.237 -13.786 -14.066 -14.253 -13.232 -12.626 -13.483 -14.372 -14.337 -14.116 -13.251
3.212194 -8.237 -5.377 -7.821 -9.879 -11.535 -12.687 -10.788 -10.18 -11.578 -12.731 -13.524 -14.035 -10.074 -12.0 -13.196 -13.754 -14.088 -12.242 -13.233 -13.783 -14.063 -14.249 -13.229 -12.622 -13.48 -14.368 -14.333 -14.113 -13.248
3.309345 -8.232 -5.372 -7.817 -9.874 -11.53 -12.683 -10.783 -10.175 -11.574 -12.726 -13.519 -14.031 -10.069 -11.995 -13.191 -13.749 -14.083 -12.237 -13.229 -13.778 -14.058 -14.244 -13.224 -12.618 -13.475 -14.363 -14.329 -14.108 -13.243
3.409434 -8.226 -5.366 -7.811 -9.868 -11.524 -12.677 -10.777 -10.169 -11.568 -12.72 -13.513 -14.025 -10.063 -11.989 -13.185 -13.743 -14.077 -12.231 -13.223 -13.772 -14.052 -14.238 -13.218 -12.612 -13.469 -14.357 -14.323 -14.102 -13.237
3.51255 -8.219 -5.359 -7.803 -9.861 -11.517 -12.669 -10.77 -10.162 -11.56 -12.713 -13.506 -14.018 -10.056 -11.982 -13.178 -13.736 -14.07 -12.224 -13.215 -13.765 -14.045 -14.231 -13.211 -12.605 -13.462 -14.35 -14.316 -14.095 -13.23
3.618785 -8.21 -5.35 -7.795 -9.852 -11.508 -12.661 -10.761 -10.153 -11.552 -12.705 -13.497 -14.009 -10.047 -11.973 -13.169 -13.728 -14.062 -12.215 -13.207 -13.756 -14.036 -14.223 -13.202 -12.596 -13.453 -14.342 -14.307 -14.086 -13.221
3.728232 -8.2 -5.34 -7.785 -9.842 -11.498 -12.651 -10.751 -10.143 -11.542 -12.695 -13.488 -13.999 -10.037 -11.963 -13.16 -13.718 -14.052 -12.205 -13.197 -13.746 -14.026 -14.213 -13.192 -12.586 -13.443 -14.332 -14.297 -14.076 -13.211
3.84099 -8.189 -5.329 -7.774 -9.831 -11.487 -12.64 -10.74 -10.132 -11.531 -12.683 -13.476 -13.988 -10.026 -11.952 -13.148 -13.706 -14.04 -12.194 -13.186 -13.735 -14.015 -14.201 -13.181 -12.575 -13.432 -14.32 -14.286 -14.065 -13.2
3.957158 -8.176 -5.316 -7.761 -9.818 -11.474 -12.627 -10.727 -10.119 -11.518 -12.67 -13.463 -13.975 -10.013 -11.939 -13.135 -13.693 -14.027 -12.181 -13.173 -13.722 -14.002 -14.188 -13.168 -12.562 -13.419 -14.307 -14.273 -14.052 -13.187
4.07684 -8.161 -5.301 -7.746 -9.803 -11.459 -12.612 -10.712 -10.104 -11.503 -12.656 -13.448 -13.96 -9.998 -11.924 -13.12 -13.679 -14.013 -12.166 -13.158 -13.707 -13.987 -14.174 -13.153 -12.547 -13.404 -14.293 -14.258 -14.037 -13.172
4.200141 -8.145 -5.285 -7.73 -9.787 -11.443 -12.596 -10.696 -10.088 -11.487 -12.639 -13.432 -13.944 -9.982 -11.908 -13.104 -13.662 -13.996 -12.15 -13.142 -13.691 -13.971 -14.157 -13.137 -12.531 -13.388 -14.276 -14.242 -14.021 -13.156
4.327172 -8.127 -5.267 -7.711 -9.769 -11.425 -12.577 -10.678 -10.07 -11.468 -12.621 -13.414 -13.926 -9.964 -11.89 -13.086 -13.644 -13.978 -12.132 -13.123 -13.673 -13.953 -14.139 -13.119 -12.512 -13.37 -14.258 -14.223 -14.003 -13.138
4.458044 -8.107 -5.247 -7.691 -9.749 -11.405 -12.557 -10.657 -10.05 -11.448 -12.601 -13.394 -13.905 -9.944 -11.87 -13.066 -13.624 -13.958 -12.112 -13.103 -13.653 -13.932 -14.119 -13.099 -12.492 -13.35 -14.238 -14.203 -13.983 -13.118
4.592874 -8.085 -5.225 -7.669 -9.726 -11.382 -12.535 -10.635 -10.028 -11.426 -12.579 -13.372 -13.883 -9.921 -11.848 -13.044 -13.602 -13.936 -12.09 -13.081 -13.63 -13.91 -14.097 -13.076 -12.47 -13.327 -14.216 -14.181 -13.96 -13.096
4.731783 -8.06 -5.2 -7.645 -9.702 -11.358 -12.511 -10.611 -10.003 -11.402 -12.555 -13.347 -13.859 -9.897 -11.823 -13.019 -13.577 -13.912 -12.065 -13.057 -13.606 -13.886 -14.072 -13.052 -12.446 -13.303 -14.191 -14.157 -13.936 -13.071
4.874892 -8.034 -5.174 -7.618 -9.675 -11.331 -12.484 -10.584 -9.977 -11.375 -12.528 -13.321 -13.832 -9.871 -11.797 -12.993 -13.551 -13.885 -12.039 -13.03 -13.58 -13.859 -14.046 -13.025 -12.419 -13.277 -14.165 -14.13 -13.91 -13.045
5.02233 -8.005 -5.145 -7.589 -9.646 -11.302 -12.455 -10.555 -9.948 -11.346 -12.499 -13.292 -13.803 -9.842 -11.768 -12.964 -13.522 -13.856 -12.01 -13.001 -13.551 -13.83 -14.017 -12.996 -12.39 -13.248 -14.136 -14.101 -13.881 -13.016
