web/models/kne/27/villar_0.0028_0.0300_10.0000.dat
# %ECSV 1.0
# ---
# datatype:
# - {name: time, datatype: float64}
# - {name: swift_uvot_uvw2, datatype: float64}
# - {name: swift_uvot_uvm2, datatype: float64}
# - {name: swift_uvot_uvw1, datatype: float64}
# - {name: swift_uvot_U, datatype: float64}
# - {name: swift_uvot_B, datatype: float64}
# - {name: swift_uvot_V, datatype: float64}
# - {name: swift_uvot_W, datatype: float64}
# - {name: johnson_U, datatype: float64}
# - {name: johnson_B, datatype: float64}
# - {name: johnson_V, datatype: float64}
# - {name: johnson_R, datatype: float64}
# - {name: johnson_I, datatype: float64}
# - {name: sdss_u, datatype: float64}
# - {name: sdss_g, datatype: float64}
# - {name: sdss_r, datatype: float64}
# - {name: sdss_i, datatype: float64}
# - {name: sdss_z, datatype: float64}
# - {name: PS1_g, datatype: float64}
# - {name: PS1_r, datatype: float64}
# - {name: PS1_i, datatype: float64}
# - {name: PS1_z, datatype: float64}
# - {name: PS1_Y, datatype: float64}
# - {name: PS1_w, datatype: float64}
# - {name: ATLAS_c, datatype: float64}
# - {name: ATLAS_o, datatype: float64}
# - {name: ukirt_J, datatype: float64}
# - {name: ukirt_H, datatype: float64}
# - {name: ukirt_K, datatype: float64}
# - {name: Clear, datatype: float64}
# meta: !!omap
# - comment: [kappa = 10.0, type = villar, mass = 0.0028172691138521437, velocity = 0.030000000000000027, theta_obs = 0.0]
# schema: astropy-2.0
time swift_uvot_uvw2 swift_uvot_uvm2 swift_uvot_uvw1 swift_uvot_U swift_uvot_B swift_uvot_V swift_uvot_W johnson_U johnson_B johnson_V johnson_R johnson_I sdss_u sdss_g sdss_r sdss_i sdss_z PS1_g PS1_r PS1_i PS1_z PS1_Y PS1_w ATLAS_c ATLAS_o ukirt_J ukirt_H ukirt_K Clear
[from data line 227]
0.865828 -8.734 -9.128 -9.801 -10.796 -11.236 -11.453 -10.462 -10.882 -11.238 -11.454 -11.487 -11.4 -10.865 -11.325 -11.495 -11.477 -11.385 -11.369 -11.504 -11.485 -11.422 -11.385 -11.448 -11.413 -11.488 -11.06 -10.701 -10.224 -11.421
0.892015 -8.701 -9.094 -9.782 -10.795 -11.247 -11.474 -10.465 -10.883 -11.25 -11.475 -11.515 -11.435 -10.865 -11.34 -11.521 -11.508 -11.42 -11.385 -11.529 -11.517 -11.457 -11.422 -11.473 -11.434 -11.516 -11.101 -10.745 -10.271 -11.445
0.918993 -8.667 -9.059 -9.762 -10.793 -11.258 -11.495 -10.467 -10.884 -11.261 -11.496 -11.543 -11.469 -10.865 -11.355 -11.546 -11.539 -11.455 -11.401 -11.555 -11.548 -11.491 -11.458 -11.497 -11.453 -11.544 -11.142 -10.789 -10.317 -11.469
0.946787 -8.632 -9.022 -9.74 -10.79 -11.268 -11.515 -10.469 -10.883 -11.271 -11.516 -11.571 -11.503 -10.863 -11.368 -11.571 -11.57 -11.49 -11.417 -11.58 -11.578 -11.525 -11.494 -11.521 -11.472 -11.571 -11.182 -10.833 -10.363 -11.492
0.975422 -8.595 -8.984 -9.718 -10.786 -11.277 -11.534 -10.47 -10.881 -11.28 -11.536 -11.598 -11.536 -10.861 -11.381 -11.595 -11.6 -11.524 -11.431 -11.604 -11.608 -11.558 -11.529 -11.544 -11.49 -11.598 -11.223 -10.877 -10.409 -11.515
1.004923 -8.558 -8.944 -9.694 -10.78 -11.285 -11.553 -10.471 -10.878 -11.289 -11.555 -11.625 -11.569 -10.857 -11.394 -11.619 -11.629 -11.558 -11.445 -11.627 -11.638 -11.592 -11.565 -11.567 -11.507 -11.624 -11.263 -10.92 -10.455 -11.537
1.035317 -8.52 -8.902 -9.669 -10.774 -11.293 -11.571 -10.471 -10.874 -11.296 -11.573 -11.651 -11.602 -10.853 -11.405 -11.642 -11.658 -11.591 -11.458 -11.65 -11.667 -11.624 -11.599 -11.59 -11.524 -11.65 -11.303 -10.963 -10.501 -11.558
1.066629 -8.48 -8.859 -9.643 -10.767 -11.299 -11.588 -10.47 -10.869 -11.303 -11.591 -11.677 -11.634 -10.847 -11.416 -11.664 -11.687 -11.625 -11.47 -11.673 -11.696 -11.657 -11.634 -11.611 -11.54 -11.675 -11.342 -11.006 -10.547 -11.579
1.098888 -8.44 -8.814 -9.615 -10.758 -11.305 -11.605 -10.468 -10.863 -11.309 -11.608 -11.702 -11.666 -10.84 -11.425 -11.686 -11.715 -11.657 -11.482 -11.695 -11.724 -11.689 -11.668 -11.633 -11.556 -11.7 -11.381 -11.049 -10.592 -11.6
1.132124 -8.399 -8.767 -9.586 -10.748 -11.31 -11.62 -10.466 -10.856 -11.314 -11.624 -11.727 -11.697 -10.832 -11.434 -11.707 -11.743 -11.69 -11.492 -11.716 -11.752 -11.72 -11.702 -11.653 -11.57 -11.724 -11.42 -11.091 -10.637 -11.619
1.166364 -8.356 -8.718 -9.556 -10.737 -11.313 -11.636 -10.463 -10.848 -11.318 -11.639 -11.751 -11.728 -10.823 -11.442 -11.727 -11.77 -11.721 -11.502 -11.736 -11.779 -11.751 -11.735 -11.673 -11.584 -11.747 -11.459 -11.133 -10.682 -11.638
1.20164 -8.313 -8.668 -9.524 -10.725 -11.316 -11.65 -10.459 -10.838 -11.321 -11.654 -11.774 -11.759 -10.812 -11.449 -11.747 -11.796 -11.753 -11.511 -11.756 -11.806 -11.782 -11.768 -11.692 -11.597 -11.77 -11.497 -11.175 -10.727 -11.657
1.237983 -8.268 -8.616 -9.491 -10.711 -11.318 -11.663 -10.454 -10.827 -11.323 -11.668 -11.796 -11.789 -10.801 -11.455 -11.766 -11.822 -11.784 -11.519 -11.775 -11.832 -11.812 -11.8 -11.711 -11.609 -11.792 -11.535 -11.217 -10.772 -11.675
1.275425 -8.223 -8.562 -9.456 -10.697 -11.319 -11.676 -10.448 -10.815 -11.324 -11.681 -11.819 -11.818 -10.787 -11.461 -11.784 -11.847 -11.814 -11.526 -11.794 -11.857 -11.841 -11.832 -11.729 -11.621 -11.814 -11.573 -11.258 -10.816 -11.692
1.313999 -8.176 -8.505 -9.42 -10.68 -11.318 -11.687 -10.442 -10.802 -11.324 -11.693 -11.84 -11.847 -10.773 -11.465 -11.801 -11.872 -11.844 -11.532 -11.811 -11.882 -11.87 -11.864 -11.746 -11.631 -11.834 -11.61 -11.299 -10.86 -11.709
1.35374 -8.129 -8.447 -9.382 -10.663 -11.316 -11.698 -10.435 -10.787 -11.323 -11.704 -11.861 -11.875 -10.757 -11.468 -11.818 -11.896 -11.873 -11.538 -11.828 -11.906 -11.899 -11.895 -11.762 -11.641 -11.854 -11.647 -11.34 -10.904 -11.724
1.394683 -8.081 -8.387 -9.343 -10.643 -11.314 -11.708 -10.426 -10.77 -11.32 -11.714 -11.88 -11.903 -10.74 -11.47 -11.834 -11.919 -11.902 -11.542 -11.844 -11.93 -11.927 -11.926 -11.778 -11.65 -11.874 -11.683 -11.381 -10.948 -11.739
1.436864 -8.031 -8.324 -9.302 -10.623 -11.31 -11.717 -10.417 -10.753 -11.317 -11.724 -11.9 -11.931 -10.721 -11.471 -11.849 -11.942 -11.93 -11.545 -11.859 -11.953 -11.954 -11.956 -11.793 -11.657 -11.892 -11.719 -11.421 -10.992 -11.754
1.480321 -7.981 -8.259 -9.259 -10.601 -11.305 -11.725 -10.407 -10.734 -11.312 -11.732 -11.918 -11.957 -10.701 -11.471 -11.863 -11.964 -11.958 -11.547 -11.874 -11.975 -11.981 -11.985 -11.807 -11.664 -11.91 -11.755 -11.461 -11.035 -11.767
1.525092 -7.931 -8.192 -9.214 -10.577 -11.298 -11.732 -10.396 -10.713 -11.306 -11.739 -11.936 -11.983 -10.679 -11.47 -11.876 -11.985 -11.985 -11.548 -11.887 -11.996 -12.007 -12.015 -11.82 -11.67 -11.927 -11.79 -11.5 -11.078 -11.78
1.571218 -7.879 -8.122 -9.168 -10.551 -11.29 -11.737 -10.384 -10.69 -11.298 -11.746 -11.953 -12.009 -10.656 -11.467 -11.889 -12.006 -12.011 -11.547 -11.9 -12.017 -12.033 -12.043 -11.833 -11.675 -11.944 -11.825 -11.54 -11.121 -11.792
1.618738 -7.827 -8.05 -9.12 -10.524 -11.281 -11.742 -10.371 -10.667 -11.29 -11.751 -11.969 -12.033 -10.631 -11.463 -11.9 -12.025 -12.037 -11.546 -11.912 -12.037 -12.058 -12.071 -11.844 -11.678 -11.959 -11.859 -11.578 -11.163 -11.803
1.667696 -7.774 -7.976 -9.07 -10.495 -11.271 -11.746 -10.356 -10.641 -11.28 -11.755 -11.984 -12.057 -10.604 -11.458 -11.911 -12.044 -12.062 -11.543 -11.922 -12.056 -12.082 -12.098 -11.855 -11.681 -11.973 -11.893 -11.617 -11.205 -11.814
1.718134 -7.721 -7.898 -9.018 -10.464 -11.258 -11.748 -10.341 -10.613 -11.268 -11.758 -11.998 -12.081 -10.575 -11.452 -11.92 -12.062 -12.087 -11.539 -11.932 -12.074 -12.105 -12.125 -11.865 -11.682 -11.987 -11.927 -11.655 -11.247 -11.823
1.770098 -7.667 -7.818 -8.963 -10.432 -11.245 -11.749 -10.324 -10.584 -11.255 -11.76 -12.011 -12.103 -10.545 -11.444 -11.928 -12.08 -12.111 -11.534 -11.941 -12.092 -12.128 -12.151 -11.873 -11.682 -11.999 -11.96 -11.693 -11.289 -11.831
1.823633 -7.613 -7.735 -8.907 -10.397 -11.23 -11.749 -10.306 -10.553 -11.24 -11.76 -12.024 -12.125 -10.512 -11.435 -11.936 -12.096 -12.134 -11.528 -11.948 -12.109 -12.15 -12.176 -11.881 -11.681 -12.011 -11.992 -11.73 -11.33 -11.839
1.878788 -7.559 -7.65 -8.849 -10.36 -11.213 -11.748 -10.287 -10.52 -11.224 -11.759 -12.035 -12.146 -10.478 -11.424 -11.942 -12.111 -12.156 -11.52 -11.955 -12.124 -12.171 -12.201 -11.887 -11.679 -12.022 -12.024 -11.767 -11.371 -11.846
1.93561 -7.504 -7.561 -8.788 -10.321 -11.194 -11.745 -10.266 -10.484 -11.206 -11.757 -12.045 -12.166 -10.441 -11.411 -11.947 -12.126 -12.177 -11.51 -11.96 -12.139 -12.192 -12.225 -11.893 -11.675 -12.031 -12.055 -11.804 -11.412 -11.851
1.994152 -7.45 -7.469 -8.725 -10.28 -11.174 -11.741 -10.245 -10.447 -11.186 -11.753 -12.054 -12.186 -10.402 -11.397 -11.95 -12.139 -12.198 -11.499 -11.964 -12.153 -12.211 -12.248 -11.897 -11.67 -12.04 -12.086 -11.84 -11.452 -11.855
2.054463 -7.395 -7.373 -8.66 -10.237 -11.152 -11.735 -10.221 -10.407 -11.165 -11.748 -12.062 -12.204 -10.361 -11.382 -11.952 -12.151 -12.217 -11.486 -11.967 -12.165 -12.23 -12.271 -11.901 -11.664 -12.047 -12.116 -11.875 -11.492 -11.859
2.116599 -7.341 -7.274 -8.592 -10.191 -11.128 -11.728 -10.196 -10.365 -11.141 -11.742 -12.069 -12.222 -10.317 -11.364 -11.953 -12.163 -12.236 -11.472 -11.968 -12.177 -12.247 -12.292 -11.902 -11.656 -12.053 -12.145 -11.91 -11.532 -11.861
2.180614 -7.287 -7.172 -8.521 -10.143 -11.102 -11.719 -10.17 -10.321 -11.116 -11.733 -12.075 -12.238 -10.271 -11.345 -11.953 -12.173 -12.254 -11.456 -11.968 -12.187 -12.264 -12.313 -11.903 -11.646 -12.057 -12.174 -11.945 -11.571 -11.862
2.246566 -7.234 -7.066 -8.448 -10.092 -11.074 -11.708 -10.142 -10.274 -11.088 -11.724 -12.079 -12.254 -10.223 -11.324 -11.951 -12.182 -12.271 -11.438 -11.966 -12.196 -12.28 -12.333 -11.902 -11.635 -12.061 -12.202 -11.979 -11.61 -11.861
2.314511 -7.181 -6.956 -8.372 -10.038 -11.043 -11.696 -10.112 -10.224 -11.059 -11.712 -12.082 -12.268 -10.172 -11.301 -11.948 -12.189 -12.286 -11.418 -11.963 -12.204 -12.294 -12.351 -11.9 -11.621 -12.063 -12.229 -12.012 -11.648 -11.86
2.384512 -7.129 -6.842 -8.293 -9.981 -11.01 -11.681 -10.081 -10.172 -11.027 -11.698 -12.083 -12.281 -10.117 -11.275 -11.942 -12.195 -12.301 -11.396 -11.959 -12.211 -12.308 -12.369 -11.897 -11.607 -12.063 -12.256 -12.045 -11.686 -11.857
2.45663 -7.078 -6.723 -8.212 -9.922 -10.975 -11.665 -10.047 -10.117 -10.993 -11.683 -12.083 -12.293 -10.06 -11.248 -11.936 -12.2 -12.315 -11.373 -11.953 -12.216 -12.32 -12.386 -11.891 -11.59 -12.062 -12.281 -12.077 -11.723 -11.852
2.530929 -7.028 -6.601 -8.127 -9.859 -10.938 -11.647 -10.012 -10.058 -10.956 -11.666 -12.082 -12.304 -10.0 -11.218 -11.927 -12.204 -12.327 -11.347 -11.944 -12.22 -12.331 -12.402 -11.885 -11.571 -12.06 -12.306 -12.109 -11.76 -11.847
2.607475 -6.98 -6.473 -8.039 -9.793 -10.897 -11.626 -9.974 -9.997 -10.916 -11.646 -12.078 -12.314 -9.937 -11.185 -11.916 -12.205 -12.338 -11.318 -11.935 -12.222 -12.34 -12.416 -11.876 -11.55 -12.056 -12.33 -12.14 -11.796 -11.839
2.686337 -6.932 -6.341 -7.947 -9.723 -10.854 -11.603 -9.935 -9.932 -10.874 -11.624 -12.073 -12.322 -9.87 -11.151 -11.904 -12.205 -12.347 -11.288 -11.923 -12.223 -12.349 -12.429 -11.866 -11.527 -12.05 -12.353 -12.17 -11.832 -11.83
2.767583 -6.887 -6.204 -7.852 -9.65 -10.808 -11.578 -9.893 -9.863 -10.829 -11.6 -12.067 -12.328 -9.799 -11.113 -11.889 -12.204 -12.355 -11.254 -11.909 -12.222 -12.355 -12.441 -11.854 -11.502 -12.042 -12.375 -12.199 -11.867 -11.819
2.851287 -6.842 -6.061 -7.753 -9.573 -10.759 -11.551 -9.849 -9.791 -10.781 -11.573 -12.058 -12.333 -9.725 -11.072 -11.872 -12.201 -12.362 -11.219 -11.893 -12.219 -12.361 -12.452 -11.839 -11.474 -12.032 -12.395 -12.227 -11.901 -11.807
2.937522 -6.8 -5.913 -7.65 -9.491 -10.706 -11.52 -9.802 -9.715 -10.729 -11.544 -12.047 -12.337 -9.646 -11.029 -11.853 -12.195 -12.367 -11.18 -11.874 -12.214 -12.364 -12.461 -11.823 -11.443 -12.02 -12.415 -12.255 -11.935 -11.792
3.026365 -6.759 -5.759 -7.543 -9.406 -10.65 -11.487 -9.752 -9.634 -10.674 -11.512 -12.034 -12.339 -9.563 -10.982 -11.832 -12.188 -12.37 -11.138 -11.854 -12.208 -12.366 -12.469 -11.805 -11.41 -12.006 -12.434 -12.282 -11.968 -11.776
3.117896 -6.72 -5.599 -7.432 -9.315 -10.59 -11.451 -9.7 -9.55 -10.616 -11.477 -12.018 -12.339 -9.476 -10.932 -11.807 -12.179 -12.372 -11.094 -11.83 -12.199 -12.366 -12.475 -11.784 -11.374 -11.989 -12.451 -12.307 -12.001 -11.757
3.212194 -6.682 -5.432 -7.317 -9.22 -10.527 -11.411 -9.645 -9.46 -10.554 -11.439 -12.001 -12.337 -9.384 -10.879 -11.78 -12.167 -12.372 -11.046 -11.804 -12.188 -12.364 -12.479 -11.76 -11.335 -11.97 -12.467 -12.332 -12.032 -11.736
3.309345 -6.647 -5.259 -7.197 -9.12 -10.459 -11.369 -9.586 -9.366 -10.487 -11.398 -11.98 -12.333 -9.287 -10.821 -11.75 -12.153 -12.369 -10.994 -11.775 -12.174 -12.36 -12.481 -11.734 -11.293 -11.949 -12.481 -12.356 -12.063 -11.713
3.409434 -6.613 -5.079 -7.072 -9.015 -10.387 -11.322 -9.525 -9.266 -10.417 -11.353 -11.957 -12.326 -9.185 -10.76 -11.717 -12.136 -12.365 -10.939 -11.743 -12.158 -12.354 -12.482 -11.706 -11.247 -11.924 -12.494 -12.378 -12.093 -11.687
3.51255 -6.58 -4.892 -6.941 -8.903 -10.31 -11.272 -9.459 -9.161 -10.342 -11.304 -11.931 -12.318 -9.076 -10.694 -11.681 -12.116 -12.358 -10.881 -11.708 -12.139 -12.345 -12.48 -11.674 -11.198 -11.897 -12.506 -12.399 -12.122 -11.659
3.618785 -6.549 -4.698 -6.806 -8.786 -10.229 -11.218 -9.39 -9.049 -10.261 -11.252 -11.902 -12.307 -8.962 -10.624 -11.641 -12.094 -12.349 -10.818 -11.669 -12.118 -12.334 -12.476 -11.639 -11.144 -11.867 -12.515 -12.419 -12.149 -11.628
3.728232 -6.519 -4.496 -6.665 -8.662 -10.142 -11.159 -9.317 -8.932 -10.176 -11.195 -11.87 -12.293 -8.841 -10.549 -11.597 -12.069 -12.337 -10.75 -11.627 -12.093 -12.321 -12.47 -11.601 -11.087 -11.833 -12.523 -12.437 -12.176 -11.595
3.84099 -6.491 -4.286 -6.517 -8.531 -10.049 -11.096 -9.24 -8.808 -10.086 -11.134 -11.834 -12.277 -8.714 -10.469 -11.55 -12.04 -12.323 -10.679 -11.581 -12.065 -12.304 -12.462 -11.559 -11.025 -11.796 -12.529 -12.454 -12.202 -11.558
3.957158 -6.463 -4.069 -6.364 -8.392 -9.95 -11.028 -9.158 -8.676 -9.989 -11.067 -11.795 -12.257 -8.579 -10.384 -11.498 -12.007 -12.305 -10.602 -11.531 -12.034 -12.285 -12.45 -11.513 -10.959 -11.754 -12.533 -12.469 -12.226 -11.518
4.07684 -6.436 -3.844 -6.204 -8.246 -9.845 -10.955 -9.072 -8.537 -9.886 -10.996 -11.751 -12.234 -8.436 -10.292 -11.441 -11.971 -12.284 -10.52 -11.476 -11.999 -12.262 -12.436 -11.464 -10.887 -11.709 -12.534 -12.483 -12.249 -11.474
4.200141 -6.409 -3.611 -6.037 -8.091 -9.734 -10.876 -8.98 -8.39 -9.777 -10.92 -11.703 -12.208 -8.285 -10.194 -11.38 -11.931 -12.26 -10.433 -11.416 -11.96 -12.236 -12.419 -11.41 -10.811 -11.66 -12.533 -12.495 -12.271 -11.427
4.327172 -6.387 -3.527 -5.972 -8.029 -9.685 -10.838 -8.938 -8.33 -9.729 -10.882 -11.674 -12.186 -8.224 -10.15 -11.346 -11.904 -12.238 -10.392 -11.384 -11.933 -12.213 -12.399 -11.379 -10.773 -11.63 -12.518 -12.484 -12.263 -11.398
4.458044 -6.365 -3.505 -5.95 -8.007 -9.663 -10.816 -8.916 -8.309 -9.707 -10.86 -11.653 -12.164 -8.202 -10.128 -11.325 -11.883 -12.217 -10.371 -11.362 -11.911 -12.191 -12.378 -11.357 -10.751 -11.608 -12.497 -12.462 -12.241 -11.376
4.592874 -6.342 -3.482 -5.926 -7.983 -9.639 -10.792 -8.892 -8.285 -9.683 -10.836 -11.629 -12.14 -8.179 -10.105 -11.301 -11.859 -12.193 -10.347 -11.338 -11.888 -12.167 -12.354 -11.333 -10.727 -11.585 -12.473 -12.438 -12.218 -11.353
4.731783 -6.316 -3.456 -5.9 -7.957 -9.614 -10.766 -8.866 -8.259 -9.657 -10.81 -11.603 -12.114 -8.153 -10.079 -11.275 -11.833 -12.167 -10.321 -11.312 -11.862 -12.141 -12.328 -11.307 -10.701 -11.559 -12.447 -12.412 -12.192 -11.327
4.874892 -6.287 -3.427 -5.872 -7.929 -9.585 -10.738 -8.838 -8.23 -9.629 -10.782 -11.574 -12.086 -8.124 -10.05 -11.246 -11.805 -12.139 -10.292 -11.284 -11.833 -12.113 -12.3 -11.279 -10.673 -11.53 -12.419 -12.384 -12.163 -11.298
5.02233 -6.257 -3.397 -5.841 -7.898 -9.554 -10.707 -8.807 -8.2 -9.598 -10.751 -11.544 -12.055 -8.093 -10.02 -11.216 -11.774 -12.108 -10.262 -11.253 -11.802 -12.082 -12.269 -11.248 -10.642 -11.5 -12.388 -12.353 -12.133 -11.268
5.174227 -6.223 -3.363 -5.808 -7.865 -9.521 -10.674 -8.774 -8.166 -9.565 -10.718 -11.51 -12.022 -8.06 -9.986 -11.182 -11.74 -12.075 -10.228 -11.22 -11.769 -12.049 -12.235 -11.215 -10.609 -11.466 -12.354 -12.32 -12.099 -11.234
5.330718 -6.187 -3.327 -5.772 -7.829 -9.485 -10.638 -8.738 -8.13 -9.529 -10.682 -11.474 -11.986 -8.024 -9.95 -11.146 -11.704 -12.038 -10.192 -11.184 -11.733 -12.013 -12.199 -11.179 -10.573 -11.43 -12.318 -12.284 -12.063 -11.198
5.491942 -6.148 -3.288 -5.733 -7.79 -9.446 -10.599 -8.699 -8.091 -9.49 -10.643 -11.435 -11.947 -7.985 -9.911 -11.107 -11.665 -11.999 -10.153 -11.145 -11.694 -11.974 -12.16 -11.14 -10.534 -11.391 -12.279 -12.245 -12.024 -11.159
5.658042 -6.106 -3.246 -5.691 -7.748 -9.404 -10.557 -8.657 -8.049 -9.448 -10.6 -11.393 -11.905 -7.943 -9.869 -11.065 -11.623 -11.957 -10.111 -11.103 -11.652 -11.932 -12.118 -11.098 -10.492 -11.349 -12.237 -12.203 -11.982 -11.117
5.829166 -6.061 -3.201 -5.645 -7.703 -9.359 -10.511 -8.612 -8.004 -9.402 -10.555 -11.348 -11.859 -7.898 -9.824 -11.02 -11.578 -11.912 -10.066 -11.057 -11.607 -11.887 -12.073 -11.053 -10.446 -11.304 -12.192 -12.157 -11.937 -11.072
6.005465 -6.012 -3.152 -5.597 -7.654 -9.31 -10.463 -8.563 -7.955 -9.354 -10.506 -11.299 -11.811 -7.849 -9.775 -10.971 -11.529 -11.863 -10.017 -11.009 -11.558 -11.838 -12.024 -11.004 -10.398 -11.255 -12.143 -12.109 -11.888 -11.023
6.187096 -5.96 -3.1 -5.544 -7.601 -9.257 -10.41 -8.51 -7.903 -9.301 -10.454 -11.247 -11.758 -7.797 -9.723 -10.919 -11.477 -11.811 -9.965 -10.956 -11.506 -11.785 -11.972 -10.951 -10.345 -11.203 -12.091 -12.056 -11.836 -10.971
6.37422 -5.903 -3.043 -5.488 -7.545 -9.201 -10.354 -8.454 -7.847 -9.245 -10.398 -11.191 -11.702 -7.74 -9.666 -10.863 -11.421 -11.755 -9.908 -10.9 -11.449 -11.729 -11.916 -10.895 -10.289 -11.146 -12.035 -12.0 -11.779 -10.914
