web/models/kne.last_good/kappa_1_10/22/villar_0.0416_0.2963_1.0000.dat
# %ECSV 1.0
# ---
# datatype:
# - {name: time, datatype: float64}
# - {name: swift_uvot_uvw2, datatype: float64}
# - {name: swift_uvot_uvm2, datatype: float64}
# - {name: swift_uvot_uvw1, datatype: float64}
# - {name: swift_uvot_U, datatype: float64}
# - {name: swift_uvot_B, datatype: float64}
# - {name: swift_uvot_V, datatype: float64}
# - {name: swift_uvot_W, datatype: float64}
# - {name: johnson_U, datatype: float64}
# - {name: johnson_B, datatype: float64}
# - {name: johnson_V, datatype: float64}
# - {name: johnson_R, datatype: float64}
# - {name: johnson_I, datatype: float64}
# - {name: sdss_u, datatype: float64}
# - {name: sdss_g, datatype: float64}
# - {name: sdss_r, datatype: float64}
# - {name: sdss_i, datatype: float64}
# - {name: sdss_z, datatype: float64}
# - {name: PS1_g, datatype: float64}
# - {name: PS1_r, datatype: float64}
# - {name: PS1_i, datatype: float64}
# - {name: PS1_z, datatype: float64}
# - {name: PS1_Y, datatype: float64}
# - {name: PS1_w, datatype: float64}
# - {name: ATLAS_c, datatype: float64}
# - {name: ATLAS_o, datatype: float64}
# - {name: ukirt_J, datatype: float64}
# - {name: ukirt_H, datatype: float64}
# - {name: ukirt_K, datatype: float64}
# - {name: Clear, datatype: float64}
# meta: !!omap
# - comment: [kappa = 1.0, type = villar, mass = 0.04162766037032262, velocity = 0.29633333333333334, theta_obs = 0.0]
# schema: astropy-2.0
time swift_uvot_uvw2 swift_uvot_uvm2 swift_uvot_uvw1 swift_uvot_U swift_uvot_B swift_uvot_V swift_uvot_W johnson_U johnson_B johnson_V johnson_R johnson_I sdss_u sdss_g sdss_r sdss_i sdss_z PS1_g PS1_r PS1_i PS1_z PS1_Y PS1_w ATLAS_c ATLAS_o ukirt_J ukirt_H ukirt_K Clear
[from data line 282]
4.458044 -6.691 -1.475 5.199 6.565 1.051 -2.869 -4.52 5.62 0.495 -3.324 -6.956 -9.308 6.171 -0.773 -5.026 -7.512 -9.373 -7.959 -7.847 -8.432 -9.436 -10.695 -6.422 -3.579 -6.727 -11.84 -13.104 -13.928 -9.786
4.592874 -6.365 -1.15 6.607 8.512 2.6 -1.588 -4.147 7.502 1.959 -2.111 -6.047 -8.575 8.102 0.633 -3.919 -6.601 -8.622 -7.632 -7.475 -7.879 -8.815 -10.194 -5.491 -2.412 -5.791 -11.311 -12.715 -13.655 -9.436
4.731783 -6.003 -0.787 8.17 10.692 4.334 -0.15 -3.758 9.609 3.593 -0.756 -5.031 -7.754 10.264 2.208 -2.677 -5.577 -7.778 -7.269 -7.086 -7.342 -8.175 -9.67 -4.447 -1.105 -4.743 -10.712 -12.274 -13.343 -9.056
4.874892 -5.598 -0.383 9.912 13.141 6.282 1.468 -3.34 11.975 5.422 0.763 -3.893 -6.832 12.692 3.978 -1.278 -4.422 -6.826 -6.864 -6.668 -6.817 -7.531 -9.127 -3.274 0.363 -3.565 -10.032 -11.772 -12.985 -8.641
5.02233 -5.145 0.071 11.862 15.902 8.477 3.295 -2.88 14.642 7.477 2.47 -2.615 -5.795 15.428 5.973 0.301 -3.116 -5.749 -6.41 -6.209 -6.292 -6.894 -8.565 -1.951 2.018 -2.237 -9.259 -11.2 -12.575 -8.181
5.174227 -4.634 0.581 14.055 19.026 10.962 5.366 -2.367 17.659 9.793 4.392 -1.176 -4.626 18.522 8.231 2.091 -1.635 -4.529 -5.9 -5.696 -5.744 -6.26 -7.977 -0.454 3.891 -0.735 -8.377 -10.545 -12.104 -7.667
5.330718 -4.058 1.157 16.534 22.576 13.784 7.72 -1.79 21.084 12.415 6.565 0.45 -3.303 22.035 10.796 4.127 0.052 -3.141 -5.324 -5.119 -5.15 -5.613 -7.351 1.247 6.02 0.97 -7.368 -9.793 -11.561 -7.089
5.491942 -3.404 1.811 19.352 26.627 17.002 10.408 -1.136 24.989 15.394 9.029 2.293 -1.802 26.041 13.722 6.451 1.978 -1.559 -4.67 -4.465 -4.49 -4.923 -6.669 3.188 8.449 2.915 -6.208 -8.929 -10.934 -6.434
5.658042 -2.659 2.556 22.571 31.271 20.69 13.49 -0.391 29.46 18.795 11.833 4.391 -0.094 30.626 17.074 9.117 4.189 0.253 -3.925 -3.72 -3.742 -4.163 -5.91 5.412 11.233 5.143 -4.872 -7.931 -10.206 -5.689
5.829166 -1.806 3.41 26.27 36.619 24.936 17.039 0.462 34.604 22.696 15.037 6.787 1.858 35.9 20.932 12.187 6.736 2.333 -3.072 -2.867 -2.888 -3.304 -5.05 7.973 14.439 7.707 -3.325 -6.774 -9.359 -4.836
6.005465 -1.373 3.843 27.078 37.644 25.815 17.827 0.896 35.601 23.529 15.778 7.422 2.435 36.915 21.76 12.912 7.393 2.927 -2.638 -2.434 -2.455 -2.871 -4.616 8.631 15.182 8.365 -2.8 -6.3 -8.926 -4.402
6.187096 -0.986 4.23 27.464 38.031 26.202 18.214 1.282 35.987 23.916 16.165 7.808 2.821 37.301 22.147 13.299 7.779 3.314 -2.252 -2.047 -2.068 -2.484 -4.23 9.017 15.569 8.752 -2.413 -5.913 -8.539 -4.016
6.37422 -0.575 4.64 27.875 38.441 26.613 18.624 1.693 36.398 24.327 16.575 8.219 3.232 37.712 22.558 13.71 8.19 3.724 -1.841 -1.636 -1.658 -2.073 -3.819 9.428 15.979 9.163 -2.002 -5.503 -8.129 -3.605
6.567004 -0.14 5.076 28.311 38.877 27.048 19.06 2.129 36.834 24.763 17.011 8.655 3.668 38.148 22.993 14.146 8.626 4.16 -1.405 -1.201 -1.222 -1.637 -3.383 9.864 16.415 9.598 -1.566 -5.067 -7.693 -3.169
6.765619 0.323 5.539 28.773 39.34 27.511 19.523 2.591 37.296 25.225 17.474 9.117 4.13 38.61 23.456 14.608 9.088 4.623 -0.943 -0.738 -0.759 -1.175 -2.921 10.326 16.878 10.061 -1.104 -4.604 -7.23 -2.707
6.97024 0.814 6.03 29.264 39.83 28.002 20.014 3.082 37.787 25.716 17.965 9.608 4.621 39.101 23.947 15.099 9.579 5.114 -0.452 -0.247 -0.268 -0.684 -2.43 10.817 17.369 10.552 -0.613 -4.113 -6.739 -2.216
7.181051 1.335 6.551 29.786 40.352 28.523 20.535 3.603 38.308 26.237 18.486 10.129 5.142 39.622 24.468 15.62 10.1 5.635 0.069 0.274 0.253 -0.163 -1.909 11.338 17.89 11.073 -0.092 -3.592 -6.218 -1.694
7.398237 1.888 7.104 30.339 40.905 29.076 21.088 4.157 38.862 26.79 19.039 10.683 5.696 40.176 25.021 16.173 10.654 6.188 0.623 0.827 0.806 0.39 -1.355 11.892 18.443 11.626 0.461 -3.039 -5.665 -1.141
7.621991 2.475 7.691 30.926 41.492 29.663 21.675 4.744 39.449 27.377 19.626 11.27 6.283 40.763 25.608 16.76 11.241 6.775 1.21 1.414 1.393 0.978 -0.768 12.479 19.03 12.213 1.049 -2.452 -5.078 -0.554
7.852513 3.098 8.314 31.549 42.115 30.286 22.298 5.367 40.072 28.001 20.249 11.893 6.906 41.386 26.231 17.384 11.864 7.398 1.833 2.037 2.016 1.601 -0.145 13.102 19.653 12.836 1.672 -1.829 -4.455 0.069
8.090007 3.76 8.975 32.21 42.776 30.948 22.959 6.028 40.733 28.662 20.911 12.554 7.567 42.047 26.893 18.045 12.525 8.06 2.494 2.699 2.677 2.262 0.516 13.763 20.315 13.498 2.333 -1.168 -3.793 0.73
8.334684 4.462 9.677 32.912 43.478 31.65 23.661 6.73 41.435 29.364 21.613 13.256 8.269 42.749 27.595 18.747 13.227 8.762 3.196 3.401 3.379 2.964 1.218 14.465 21.017 14.2 3.035 -0.466 -3.091 1.432
8.586761 5.207 10.423 33.657 44.224 32.395 24.407 7.475 42.18 30.109 22.358 14.001 9.014 43.494 28.34 19.492 13.972 9.507 3.941 4.146 4.125 3.709 1.963 15.21 21.762 14.945 3.78 0.28 -2.346 2.177
8.846461 5.998 11.213 34.448 45.014 33.186 25.197 8.266 42.971 30.9 23.149 14.792 9.805 44.285 29.131 20.283 14.763 10.298 4.732 4.937 4.915 4.5 2.754 16.001 22.553 15.736 4.571 1.07 -1.555 2.968
9.114017 6.837 12.053 35.288 45.854 34.025 26.037 9.106 43.811 31.739 23.988 15.632 10.645 45.125 29.97 21.122 15.603 11.137 5.572 5.776 5.755 5.34 3.594 16.841 23.392 16.575 5.411 1.91 -0.716 3.808
9.389664 7.728 12.944 36.179 46.745 34.916 26.928 9.997 44.702 32.63 24.879 16.523 11.536 46.016 30.861 22.013 16.494 12.028 6.463 6.667 6.646 6.231 4.485 17.732 24.283 17.466 6.302 2.801 0.175 4.699
9.673648 8.674 13.89 37.124 47.69 35.862 27.874 10.942 45.647 33.576 25.825 17.468 12.481 46.961 31.807 22.959 17.439 12.974 7.408 7.613 7.592 7.176 5.43 18.677 25.229 18.412 7.247 3.747 1.121 5.644
9.966221 9.678 14.893 38.128 48.694 36.866 28.877 11.946 46.651 34.58 26.829 18.472 13.485 47.965 32.811 23.963 18.443 13.977 8.412 8.617 8.595 8.18 6.434 19.681 26.233 19.416 8.251 4.75 2.125 6.648
10.267642 10.743 15.959 39.194 49.76 37.931 29.943 13.011 47.716 35.645 27.894 19.537 14.551 49.031 33.876 25.028 19.508 15.043 9.477 9.682 9.661 9.245 7.499 20.746 27.298 20.481 9.316 5.816 3.19 7.714
10.57818 11.874 17.089 40.324 50.89 39.062 31.074 14.142 48.847 36.776 29.025 20.668 15.681 50.161 35.007 26.159 20.639 16.174 10.608 10.813 10.791 10.376 8.63 21.877 28.429 21.612 10.447 6.947 4.321 8.844
10.89811 13.074 18.29 41.525 52.091 40.262 32.274 15.342 50.048 37.976 30.225 21.869 16.882 51.362 36.207 27.359 21.84 17.374 11.808 12.013 11.992 11.576 9.831 23.078 29.629 22.812 11.647 8.147 5.521 10.045
11.227716 14.348 19.564 42.799 53.365 41.536 33.548 16.616 51.322 39.25 31.499 23.142 18.156 52.636 37.481 28.633 23.113 18.648 13.082 13.287 13.266 12.85 11.105 24.351 30.903 24.086 12.921 9.421 6.795 11.319
11.56729 15.7 20.916 44.151 54.717 42.888 34.9 17.969 52.674 40.603 32.851 24.495 19.508 53.988 38.833 29.985 24.466 20.0 14.435 14.639 14.618 14.203 12.457 25.704 32.255 25.438 14.274 10.773 8.147 12.671
11.917135 17.135 22.351 45.586 56.152 44.323 36.335 19.404 54.109 42.038 34.286 25.93 20.943 55.423 40.268 31.421 25.901 21.435 15.87 16.075 16.053 15.638 13.892 27.139 33.69 26.874 15.709 12.208 9.582 14.106
12.277561 18.659 23.874 47.109 57.675 45.847 37.858 20.927 55.632 43.561 35.81 27.453 22.466 56.946 41.792 32.944 27.424 22.959 17.393 17.598 17.576 17.161 15.415 28.662 35.214 28.397 17.232 13.731 11.106 15.629
12.648887 20.276 25.491 48.726 59.292 47.464 39.475 22.544 57.249 45.178 37.427 29.07 24.083 58.563 43.409 34.561 29.041 24.575 19.01 19.215 19.193 18.778 17.032 30.279 36.831 30.014 18.849 15.348 12.722 17.246
13.031444 21.992 27.207 50.442 61.008 49.18 41.191 24.26 58.965 46.894 39.143 30.786 25.799 60.279 45.125 36.277 30.757 26.292 20.726 20.931 20.909 20.494 18.748 31.995 38.547 31.73 20.565 17.064 14.439 18.962
13.425571 23.813 29.029 52.264 62.83 51.001 43.013 26.082 60.787 48.716 40.964 32.608 27.621 62.101 46.946 38.098 32.579 28.113 22.548 22.752 22.731 22.316 20.57 33.817 40.368 33.551 22.387 18.886 16.26 20.784
13.831619 25.747 30.962 54.197 64.763 52.935 44.946 28.015 62.72 50.649 42.898 34.541 29.554 64.034 48.88 40.032 34.512 30.046 24.481 24.686 24.664 24.249 22.503 35.75 42.302 35.485 24.32 20.819 18.194 22.717
14.249947 27.799 33.014 56.249 66.815 54.987 46.998 30.067 64.772 52.701 44.95 36.593 31.606 66.086 50.932 42.084 36.564 32.099 26.533 26.738 26.716 26.301 24.555 37.802 44.354 37.537 26.372 22.871 20.246 24.769
14.680926 29.977 35.192 58.427 68.993 57.165 49.177 32.245 66.95 54.879 47.128 38.771 33.784 68.264 53.11 44.262 38.742 34.277 28.711 28.916 28.894 28.479 26.733 39.98 46.532 39.715 28.55 25.05 22.424 26.947
15.124941 32.289 37.504 60.739 71.305 59.477 51.488 34.557 69.262 57.191 49.44 41.083 36.096 70.576 55.422 46.574 41.054 36.588 31.023 31.228 31.206 30.791 29.045 42.292 48.844 42.027 30.862 27.361 24.736 29.259
15.582385 34.742 39.958 63.193 73.759 61.93 53.942 37.011 71.716 59.645 51.893 43.537 38.55 73.03 57.875 49.028 43.508 39.042 33.477 33.682 33.66 33.245 31.499 44.746 51.297 44.481 33.316 29.815 27.189 31.713
16.053663 37.347 42.563 65.797 76.364 64.535 56.547 39.615 74.32 62.249 54.498 46.141 41.154 75.634 60.48 51.632 46.112 41.647 36.081 36.286 36.265 35.849 34.103 47.35 53.902 47.085 35.92 32.42 29.794 34.317
16.539195 40.111 45.327 68.562 79.128 67.299 59.311 42.38 77.085 65.014 57.262 48.906 43.919 78.399 63.244 54.397 48.877 44.411 38.846 39.05 39.029 38.614 36.868 50.115 56.666 49.849 38.685 35.184 32.558 37.082
17.039412 43.045 48.261 71.496 82.062 70.233 62.245 45.314 80.019 67.948 60.196 51.84 46.853 81.333 66.178 57.331 51.811 47.345 41.78 41.985 41.963 41.548 39.802 53.049 59.6 52.784 41.619 38.118 35.492 40.016
17.554757 46.16 51.375 74.61 85.176 73.348 65.359 48.428 83.133 71.062 63.311 54.954 49.967 84.447 69.293 60.445 54.925 50.46 44.894 45.099 45.077 44.662 42.916 56.163 62.715 55.898 44.733 41.232 38.607 43.13
18.085689 49.465 54.681 77.916 88.482 76.653 68.665 51.734 86.439 74.368 66.616 58.26 53.273 87.753 72.598 63.75 58.231 53.765 48.2 48.404 48.383 47.968 46.222 59.469 66.02 59.203 48.039 44.538 41.912 46.436
18.632678 52.974 58.189 81.424 91.99 80.162 72.173 55.242 89.947 77.876 70.125 61.768 56.781 91.261 76.107 67.259 61.739 57.274 51.708 51.913 51.891 51.476 49.73 62.977 69.529 62.712 51.547 48.046 45.421 49.944
19.196211 56.698 61.913 85.148 95.714 83.886 75.897 58.966 93.671 81.6 73.849 65.492 60.505 94.985 79.831 70.983 65.463 60.997 55.432 55.637 55.615 55.2 53.454 66.701 73.253 66.436 55.271 51.77 49.144 53.668
19.776787 60.65 65.866 89.101 99.667 87.838 79.85 62.919 97.624 85.552 77.801 69.445 64.458 98.938 83.783 74.935 69.416 64.95 59.385 59.589 59.568 59.153 57.407 70.654 77.205 70.388 59.224 55.723 53.097 57.621
20.374923 64.845 70.061 93.296 103.862 92.033 84.045 67.114 101.819 89.748 81.996 73.64 68.653 103.133 87.978 79.131 73.611 69.145 63.58 63.785 63.763 63.348 61.602 74.849 81.4 74.584 63.419 59.918 57.292 61.816
20.991149 69.298 74.514 97.749 108.315 96.486 88.498 71.567 106.272 94.201 86.449 78.093 73.106 107.586 92.431 83.584 78.064 73.598 68.033 68.238 68.216 67.801 66.055 79.302 85.853 79.037 67.872 64.371 61.745 66.269
21.626011 74.025 79.24 102.475 113.041 101.213 93.224 76.293 110.998 98.927 91.176 82.819 77.832 112.312 97.158 88.31 82.79 78.325 72.759 72.964 72.942 72.527 70.781 84.028 90.58 83.763 72.598 69.097 66.472 70.995
22.280075 79.041 84.257 107.492 118.058 106.229 98.241 81.31 116.015 103.943 96.192 87.836 82.849 117.329 102.174 93.326 87.807 83.341 77.776 77.98 77.959 77.544 75.798 89.045 95.596 88.779 77.615 74.114 71.488 76.012
22.953921 84.366 89.581 112.816 123.382 111.554 103.565 86.634 121.339 109.268 101.517 93.16 88.173 122.653 107.499 98.651 93.131 88.666 83.1 83.305 83.283 82.868 81.122 94.369 100.921 94.104 82.939 79.438 76.813 81.336
23.648147 90.017 95.233 118.468 129.034 117.205 109.217 92.286 126.991 114.92 107.168 98.812 93.825 128.305 113.15 104.302 98.783 94.317 88.752 88.956 88.935 88.52 86.774 100.021 106.572 99.755 88.591 85.09 82.464 86.988
24.363369 96.016 101.231 124.466 135.032 123.204 115.215 98.284 132.989 120.918 113.167 104.81 99.823 134.303 119.149 110.301 104.781 100.316 94.75 94.955 94.933 94.518 92.772 106.019 112.571 105.754 94.589 91.088 88.463 92.986
25.100222 102.383 107.598 130.833 141.399 129.571 121.582 104.651 139.356 127.285 119.534 111.177 106.19 140.67 125.516 116.668 111.148 106.682 101.117 101.322 101.3 100.885 99.139 112.386 118.938 112.121 100.956 97.455 94.829 99.353
25.859362 109.14 114.356 137.591 148.157 136.328 128.34 111.409 146.114 134.043 126.291 117.935 112.948 147.428 132.273 123.426 117.906 113.44 107.875 108.08 108.058 107.643 105.897 119.144 125.695 118.879 107.714 104.213 101.587 106.111
26.64146 116.313 121.529 144.764 155.33 143.501 135.513 118.582 153.287 141.215 133.464 125.108 120.121 154.601 139.446 130.598 125.079 120.613 115.048 115.252 115.231 114.815 113.07 126.317 132.868 126.051 114.886 111.386 108.76 113.284
27.447213 123.926 129.142 152.377 162.943 151.114 143.126 126.195 160.9 148.829 141.077 132.721 127.734 162.214 147.059 138.212 132.692 128.226 122.661 122.865 122.844 122.429 120.683 133.93 140.481 133.664 122.5 118.999 116.373 120.897
28.277335 132.007 137.223 160.457 171.024 159.195 151.207 134.275 168.98 156.909 149.158 140.801 135.814 170.294 155.14 146.292 140.772 136.307 130.741 130.946 130.925 130.509 128.763 142.01 148.562 141.745 130.58 127.08 124.454 128.978
29.132564 140.584 145.799 169.034 179.6 167.772 159.784 142.852 177.557 165.486 157.735 149.378 144.391 178.871 163.717 154.869 149.349 144.884 139.318 139.523 139.501 139.086 137.34 150.587 157.139 150.322 139.157 135.656 133.031 137.554
30.013659 149.687 154.903 178.138 188.704 176.875 168.887 151.956 186.661 174.59 166.838 158.482 153.495 187.975 172.82 163.972 158.453 153.987 148.422 148.626 148.605 148.19 146.444 159.691 166.242 159.425 148.261 144.76 142.134 146.658
30.921401 159.35 164.565 187.8 198.366 186.538 178.549 161.618 196.323 184.252 176.501 168.144 163.157 197.637 182.483 173.635 168.115 163.65 158.084 158.289 158.267 157.852 156.106 169.353 175.905 169.088 157.923 154.422 151.797 156.32
31.856598 169.605 174.821 198.056 208.622 196.793 188.805 171.874 206.579 194.508 186.756 178.4 173.413 207.893 192.738 183.891 178.371 173.905 168.34 168.545 168.523 168.108 166.362 179.609 186.16 179.344 168.179 164.678 162.052 166.576
32.820079 180.491 185.707 208.941 219.508 207.679 199.691 182.759 217.464 205.393 197.642 189.285 184.298 218.778 203.624 194.776 189.256 184.791 179.225 179.43 179.409 178.993 177.247 190.494 197.046 190.229 179.064 175.564 172.938 177.462
33.8127 192.045 197.261 220.495 231.061 219.233 211.245 194.313 229.018 216.947 209.196 200.839 195.852 230.332 215.178 206.33 200.81 196.345 190.779 190.984 190.963 190.547 188.801 202.048 208.6 201.783 190.618 187.118 184.492 189.015
34.835342 204.308 209.524 232.759 243.325 231.496 223.508 206.577 241.282 229.211 221.459 213.103 208.116 242.596 227.441 218.593 213.074 208.608 203.043 203.247 203.226 202.811 201.065 214.312 220.863 214.046 202.882 199.381 196.755 201.279
35.888913 217.325 222.54 245.775 256.341 244.513 236.524 219.593 254.298 242.227 234.476 226.119 221.132 255.612 240.458 231.61 226.09 221.624 216.059 216.264 216.242 215.827 214.081 227.328 233.88 227.063 215.898 212.397 209.771 214.295
36.974349 231.14 236.356 259.591 270.157 258.328 250.34 233.409 268.114 256.043 248.291 239.935 234.948 269.428 254.273 245.425 239.906 235.44 229.875 230.079 230.058 229.643 227.897 241.144 247.695 240.878 229.714 226.213 223.587 228.111
38.092613 245.804 251.02 274.255 284.821 272.992 265.004 248.073 282.778 270.706 262.955 254.599 249.612 284.092 268.937 260.089 254.57 250.104 244.539 244.743 244.722 244.307 242.561 255.808 262.359 255.542 244.378 240.877 238.251 242.775
39.244698 261.369 266.584 289.819 300.385 288.557 280.568 263.637 298.342 286.271 278.519 270.163 265.176 299.656 284.502 275.654 270.134 265.668 260.103 260.308 260.286 259.871 258.125 271.372 277.923 271.107 259.942 256.441 253.815 258.339
