web/models/kne.last_good/kappa_1_10/22/villar_0.0148_0.3903_10.0000.dat
# %ECSV 1.0
# ---
# datatype:
# - {name: time, datatype: float64}
# - {name: swift_uvot_uvw2, datatype: float64}
# - {name: swift_uvot_uvm2, datatype: float64}
# - {name: swift_uvot_uvw1, datatype: float64}
# - {name: swift_uvot_U, datatype: float64}
# - {name: swift_uvot_B, datatype: float64}
# - {name: swift_uvot_V, datatype: float64}
# - {name: swift_uvot_W, datatype: float64}
# - {name: johnson_U, datatype: float64}
# - {name: johnson_B, datatype: float64}
# - {name: johnson_V, datatype: float64}
# - {name: johnson_R, datatype: float64}
# - {name: johnson_I, datatype: float64}
# - {name: sdss_u, datatype: float64}
# - {name: sdss_g, datatype: float64}
# - {name: sdss_r, datatype: float64}
# - {name: sdss_i, datatype: float64}
# - {name: sdss_z, datatype: float64}
# - {name: PS1_g, datatype: float64}
# - {name: PS1_r, datatype: float64}
# - {name: PS1_i, datatype: float64}
# - {name: PS1_z, datatype: float64}
# - {name: PS1_Y, datatype: float64}
# - {name: PS1_w, datatype: float64}
# - {name: ATLAS_c, datatype: float64}
# - {name: ATLAS_o, datatype: float64}
# - {name: ukirt_J, datatype: float64}
# - {name: ukirt_H, datatype: float64}
# - {name: ukirt_K, datatype: float64}
# - {name: Clear, datatype: float64}
# meta: !!omap
# - comment: [kappa = 10.0, type = villar, mass = 0.014775890654408853, velocity = 0.3903333333333333, theta_obs = 0.0]
# schema: astropy-2.0
time swift_uvot_uvw2 swift_uvot_uvm2 swift_uvot_uvw1 swift_uvot_U swift_uvot_B swift_uvot_V swift_uvot_W johnson_U johnson_B johnson_V johnson_R johnson_I sdss_u sdss_g sdss_r sdss_i sdss_z PS1_g PS1_r PS1_i PS1_z PS1_Y PS1_w ATLAS_c ATLAS_o ukirt_J ukirt_H ukirt_K Clear
[from data line 78]
0.010217 -9.331 -9.478 -9.576 -9.695 -9.602 -9.417 -9.524 -9.688 -9.599 -9.409 -9.155 -8.824 -9.692 -9.547 -9.278 -9.031 -8.775 -9.537 -9.29 -9.044 -8.856 -8.775 -9.291 -9.444 -9.174 -8.22 -7.738 -7.16 -9.324
0.010526 -9.354 -9.504 -9.606 -9.733 -9.645 -9.463 -9.557 -9.727 -9.641 -9.455 -9.203 -8.874 -9.731 -9.591 -9.325 -9.08 -8.825 -9.581 -9.337 -9.093 -8.906 -8.825 -9.337 -9.489 -9.222 -8.271 -7.791 -7.214 -9.37
0.010845 -9.376 -9.53 -9.636 -9.771 -9.687 -9.508 -9.591 -9.765 -9.684 -9.5 -9.25 -8.923 -9.769 -9.634 -9.371 -9.128 -8.875 -9.624 -9.384 -9.141 -8.955 -8.874 -9.383 -9.534 -9.27 -8.323 -7.843 -7.267 -9.415
0.011173 -9.397 -9.555 -9.666 -9.809 -9.729 -9.554 -9.624 -9.804 -9.726 -9.546 -9.298 -8.973 -9.807 -9.677 -9.418 -9.177 -8.925 -9.668 -9.43 -9.189 -9.004 -8.922 -9.429 -9.578 -9.317 -8.375 -7.896 -7.321 -9.461
0.011511 -9.418 -9.58 -9.695 -9.847 -9.771 -9.599 -9.657 -9.842 -9.767 -9.591 -9.345 -9.022 -9.846 -9.72 -9.464 -9.225 -8.974 -9.711 -9.476 -9.238 -9.053 -8.971 -9.475 -9.623 -9.364 -8.426 -7.948 -7.374 -9.506
0.011859 -9.439 -9.605 -9.724 -9.884 -9.812 -9.643 -9.689 -9.88 -9.809 -9.636 -9.392 -9.071 -9.883 -9.763 -9.511 -9.273 -9.024 -9.754 -9.523 -9.286 -9.102 -9.02 -9.52 -9.667 -9.411 -8.477 -8.0 -7.427 -9.551
0.012217 -9.459 -9.629 -9.752 -9.921 -9.853 -9.688 -9.721 -9.918 -9.85 -9.68 -9.439 -9.12 -9.921 -9.805 -9.557 -9.321 -9.073 -9.797 -9.569 -9.333 -9.15 -9.069 -9.566 -9.711 -9.458 -8.529 -8.053 -7.48 -9.596
0.012587 -9.478 -9.652 -9.78 -9.957 -9.895 -9.733 -9.753 -9.955 -9.892 -9.725 -9.486 -9.169 -9.958 -9.847 -9.603 -9.369 -9.122 -9.84 -9.615 -9.381 -9.199 -9.117 -9.611 -9.755 -9.505 -8.58 -8.105 -7.533 -9.64
0.012968 -9.498 -9.676 -9.808 -9.993 -9.935 -9.777 -9.785 -9.992 -9.932 -9.769 -9.533 -9.218 -9.995 -9.89 -9.649 -9.417 -9.172 -9.882 -9.66 -9.429 -9.248 -9.165 -9.656 -9.798 -9.551 -8.631 -8.157 -7.586 -9.685
0.01336 -9.516 -9.698 -9.835 -10.029 -9.976 -9.821 -9.816 -10.029 -9.973 -9.813 -9.58 -9.267 -10.032 -9.931 -9.694 -9.465 -9.221 -9.924 -9.706 -9.476 -9.296 -9.214 -9.701 -9.842 -9.598 -8.682 -8.209 -7.639 -9.729
0.013764 -9.534 -9.721 -9.862 -10.065 -10.017 -9.865 -9.848 -10.065 -10.014 -9.858 -9.626 -9.316 -10.068 -9.973 -9.74 -9.512 -9.27 -9.966 -9.751 -9.523 -9.344 -9.262 -9.746 -9.885 -9.644 -8.733 -8.261 -7.692 -9.773
0.01418 -9.552 -9.742 -9.889 -10.101 -10.057 -9.909 -9.878 -10.102 -10.054 -9.901 -9.672 -9.364 -10.104 -10.015 -9.785 -9.559 -9.318 -10.008 -9.796 -9.571 -9.393 -9.31 -9.79 -9.928 -9.69 -8.784 -8.313 -7.745 -9.817
0.014609 -9.569 -9.764 -9.915 -10.136 -10.097 -9.952 -9.909 -10.138 -10.094 -9.945 -9.719 -9.412 -10.14 -10.056 -9.831 -9.607 -9.367 -10.05 -9.841 -9.618 -9.441 -9.358 -9.835 -9.971 -9.736 -8.835 -8.365 -7.798 -9.861
0.015051 -9.586 -9.784 -9.941 -10.17 -10.136 -9.996 -9.939 -10.173 -10.134 -9.989 -9.765 -9.461 -10.176 -10.097 -9.876 -9.654 -9.416 -10.091 -9.886 -9.665 -9.489 -9.406 -9.879 -10.014 -9.782 -8.885 -8.417 -7.851 -9.904
0.015506 -9.602 -9.805 -9.966 -10.205 -10.176 -10.039 -9.969 -10.209 -10.173 -10.032 -9.811 -9.509 -10.211 -10.138 -9.921 -9.701 -9.464 -10.133 -9.931 -9.712 -9.537 -9.454 -9.923 -10.056 -9.828 -8.936 -8.469 -7.904 -9.948
0.015975 -9.618 -9.825 -9.991 -10.239 -10.215 -10.082 -9.999 -10.244 -10.212 -10.075 -9.856 -9.557 -10.246 -10.178 -9.965 -9.748 -9.513 -10.174 -9.976 -9.758 -9.584 -9.502 -9.967 -10.099 -9.874 -8.986 -8.52 -7.956 -9.991
0.016458 -9.633 -9.844 -10.016 -10.273 -10.254 -10.125 -10.029 -10.279 -10.251 -10.118 -9.902 -9.605 -10.28 -10.219 -10.01 -9.794 -9.561 -10.214 -10.02 -9.805 -9.632 -9.55 -10.011 -10.141 -9.919 -9.037 -8.572 -8.009 -10.034
0.016956 -9.648 -9.863 -10.04 -10.307 -10.293 -10.168 -10.058 -10.313 -10.29 -10.161 -9.947 -9.653 -10.315 -10.259 -10.054 -9.841 -9.609 -10.255 -10.065 -9.851 -9.68 -9.598 -10.054 -10.183 -9.964 -9.087 -8.624 -8.061 -10.077
0.017469 -9.662 -9.881 -10.063 -10.34 -10.332 -10.21 -10.087 -10.347 -10.329 -10.203 -9.993 -9.7 -10.349 -10.299 -10.099 -9.887 -9.657 -10.295 -10.109 -9.898 -9.727 -9.645 -10.098 -10.224 -10.01 -9.138 -8.675 -8.114 -10.119
0.017997 -9.676 -9.899 -10.087 -10.373 -10.37 -10.253 -10.115 -10.381 -10.367 -10.246 -10.038 -9.748 -10.382 -10.338 -10.143 -9.934 -9.705 -10.336 -10.153 -9.944 -9.774 -9.693 -10.141 -10.266 -10.055 -9.188 -8.727 -8.166 -10.162
0.018541 -9.689 -9.917 -10.11 -10.406 -10.408 -10.295 -10.144 -10.415 -10.405 -10.288 -10.083 -9.796 -10.416 -10.378 -10.187 -9.98 -9.753 -10.376 -10.197 -9.99 -9.822 -9.74 -10.184 -10.307 -10.099 -9.238 -8.778 -8.219 -10.204
0.019102 -9.702 -9.934 -10.132 -10.438 -10.446 -10.337 -10.172 -10.448 -10.443 -10.33 -10.128 -9.843 -10.449 -10.417 -10.23 -10.026 -9.8 -10.415 -10.24 -10.036 -9.869 -9.787 -10.227 -10.348 -10.144 -9.288 -8.829 -8.271 -10.246
0.01968 -9.714 -9.95 -10.154 -10.47 -10.483 -10.378 -10.2 -10.481 -10.481 -10.372 -10.173 -9.89 -10.482 -10.456 -10.274 -10.072 -9.848 -10.455 -10.284 -10.082 -9.916 -9.835 -10.27 -10.389 -10.189 -9.338 -8.88 -8.323 -10.289
0.020275 -9.726 -9.966 -10.176 -10.502 -10.521 -10.42 -10.227 -10.514 -10.518 -10.413 -10.217 -9.937 -10.514 -10.495 -10.317 -10.118 -9.896 -10.494 -10.327 -10.127 -9.963 -9.882 -10.313 -10.43 -10.233 -9.388 -8.932 -8.375 -10.33
0.020888 -9.737 -9.981 -10.197 -10.533 -10.558 -10.461 -10.255 -10.546 -10.555 -10.455 -10.262 -9.984 -10.547 -10.534 -10.361 -10.163 -9.943 -10.533 -10.37 -10.173 -10.009 -9.929 -10.355 -10.471 -10.277 -9.438 -8.983 -8.428 -10.372
0.02152 -9.748 -9.996 -10.218 -10.564 -10.595 -10.502 -10.282 -10.578 -10.592 -10.496 -10.306 -10.031 -10.578 -10.572 -10.404 -10.209 -9.99 -10.572 -10.413 -10.218 -10.056 -9.976 -10.397 -10.511 -10.321 -9.487 -9.034 -8.48 -10.413
0.022171 -9.758 -10.011 -10.238 -10.595 -10.631 -10.543 -10.309 -10.61 -10.629 -10.537 -10.35 -10.078 -10.61 -10.61 -10.447 -10.254 -10.037 -10.611 -10.456 -10.263 -10.103 -10.022 -10.439 -10.551 -10.365 -9.537 -9.085 -8.532 -10.455
0.022841 -9.768 -10.024 -10.258 -10.625 -10.668 -10.584 -10.335 -10.641 -10.665 -10.578 -10.394 -10.125 -10.641 -10.648 -10.489 -10.3 -10.084 -10.649 -10.499 -10.309 -10.149 -10.069 -10.481 -10.591 -10.409 -9.587 -9.136 -8.584 -10.496
0.023532 -9.777 -10.038 -10.278 -10.655 -10.704 -10.625 -10.361 -10.673 -10.701 -10.618 -10.438 -10.171 -10.672 -10.686 -10.532 -10.345 -10.131 -10.687 -10.541 -10.354 -10.195 -10.116 -10.523 -10.631 -10.453 -9.636 -9.187 -8.636 -10.537
0.024244 -9.786 -10.05 -10.297 -10.685 -10.739 -10.665 -10.387 -10.703 -10.737 -10.659 -10.481 -10.217 -10.703 -10.723 -10.574 -10.39 -10.178 -10.725 -10.583 -10.398 -10.242 -10.162 -10.565 -10.67 -10.496 -9.685 -9.237 -8.688 -10.578
0.024977 -9.794 -10.063 -10.315 -10.714 -10.775 -10.705 -10.413 -10.734 -10.773 -10.699 -10.525 -10.264 -10.733 -10.76 -10.617 -10.434 -10.225 -10.763 -10.626 -10.443 -10.288 -10.209 -10.606 -10.71 -10.539 -9.735 -9.288 -8.74 -10.618
0.025733 -9.801 -10.074 -10.333 -10.743 -10.81 -10.745 -10.438 -10.764 -10.808 -10.739 -10.568 -10.31 -10.763 -10.797 -10.659 -10.479 -10.271 -10.801 -10.667 -10.488 -10.334 -10.255 -10.647 -10.749 -10.583 -9.784 -9.339 -8.791 -10.659
0.026511 -9.808 -10.085 -10.351 -10.772 -10.845 -10.785 -10.464 -10.794 -10.843 -10.779 -10.611 -10.356 -10.792 -10.834 -10.701 -10.524 -10.318 -10.838 -10.709 -10.532 -10.38 -10.302 -10.688 -10.788 -10.625 -9.833 -9.389 -8.843 -10.699
0.027313 -9.815 -10.096 -10.368 -10.8 -10.88 -10.824 -10.488 -10.823 -10.878 -10.819 -10.654 -10.402 -10.821 -10.87 -10.742 -10.568 -10.364 -10.875 -10.751 -10.576 -10.425 -10.348 -10.729 -10.826 -10.668 -9.882 -9.44 -8.895 -10.739
0.028139 -9.821 -10.106 -10.385 -10.828 -10.914 -10.864 -10.513 -10.852 -10.912 -10.858 -10.697 -10.448 -10.85 -10.906 -10.784 -10.612 -10.41 -10.912 -10.792 -10.621 -10.471 -10.394 -10.77 -10.865 -10.711 -9.931 -9.49 -8.947 -10.779
0.02899 -9.826 -10.115 -10.402 -10.856 -10.948 -10.903 -10.537 -10.881 -10.946 -10.897 -10.74 -10.493 -10.879 -10.942 -10.825 -10.656 -10.456 -10.948 -10.834 -10.665 -10.516 -10.44 -10.81 -10.903 -10.753 -9.98 -9.541 -8.998 -10.818
0.029867 -9.831 -10.124 -10.417 -10.883 -10.982 -10.942 -10.561 -10.909 -10.98 -10.936 -10.782 -10.539 -10.907 -10.978 -10.866 -10.7 -10.502 -10.985 -10.875 -10.708 -10.562 -10.486 -10.85 -10.941 -10.796 -10.029 -9.591 -9.05 -10.858
0.03077 -9.835 -10.133 -10.433 -10.91 -11.016 -10.98 -10.585 -10.937 -11.014 -10.975 -10.825 -10.584 -10.935 -11.013 -10.907 -10.744 -10.548 -11.021 -10.915 -10.752 -10.607 -10.532 -10.89 -10.979 -10.838 -10.077 -9.641 -9.101 -10.897
0.031701 -9.839 -10.14 -10.448 -10.936 -11.049 -11.019 -10.609 -10.965 -11.047 -11.013 -10.867 -10.629 -10.962 -11.048 -10.948 -10.788 -10.594 -11.056 -10.956 -10.796 -10.652 -10.577 -10.93 -11.016 -10.88 -10.126 -9.691 -9.153 -10.936
0.032659 -9.842 -10.147 -10.462 -10.962 -11.082 -11.057 -10.632 -10.992 -11.08 -11.052 -10.909 -10.675 -10.989 -11.083 -10.988 -10.831 -10.639 -11.092 -10.997 -10.839 -10.697 -10.623 -10.97 -11.054 -10.921 -10.175 -9.741 -9.204 -10.975
0.033647 -9.845 -10.154 -10.476 -10.988 -11.115 -11.095 -10.655 -11.019 -11.113 -11.09 -10.951 -10.72 -11.016 -11.118 -11.029 -10.874 -10.685 -11.127 -11.037 -10.882 -10.742 -10.668 -11.009 -11.091 -10.963 -10.223 -9.792 -9.255 -11.013
0.034665 -9.847 -10.16 -10.489 -11.013 -11.147 -11.133 -10.677 -11.046 -11.146 -11.128 -10.992 -10.764 -11.042 -11.152 -11.069 -10.918 -10.73 -11.162 -11.077 -10.925 -10.787 -10.714 -11.049 -11.127 -11.004 -10.271 -9.841 -9.307 -11.052
0.035713 -9.848 -10.165 -10.502 -11.038 -11.179 -11.17 -10.7 -11.072 -11.178 -11.165 -11.034 -10.809 -11.068 -11.186 -11.109 -10.961 -10.775 -11.197 -11.117 -10.968 -10.832 -10.759 -11.088 -11.164 -11.046 -10.32 -9.891 -9.358 -11.09
0.036793 -9.849 -10.17 -10.515 -11.063 -11.211 -11.207 -10.722 -11.098 -11.21 -11.203 -11.075 -10.854 -11.094 -11.22 -11.148 -11.003 -10.82 -11.232 -11.157 -11.011 -10.876 -10.804 -11.127 -11.2 -11.087 -10.368 -9.941 -9.409 -11.128
0.037906 -9.849 -10.174 -10.527 -11.087 -11.243 -11.244 -10.744 -11.123 -11.241 -11.24 -11.116 -10.898 -11.119 -11.253 -11.188 -11.046 -10.865 -11.266 -11.196 -11.054 -10.92 -10.849 -11.165 -11.236 -11.127 -10.416 -9.991 -9.46 -11.166
0.039052 -9.849 -10.177 -10.538 -11.111 -11.274 -11.281 -10.765 -11.148 -11.272 -11.277 -11.157 -10.942 -11.143 -11.287 -11.227 -11.089 -10.91 -11.3 -11.235 -11.096 -10.965 -10.894 -11.204 -11.272 -11.168 -10.464 -10.041 -9.511 -11.203
0.040234 -9.848 -10.18 -10.549 -11.134 -11.305 -11.318 -10.786 -11.173 -11.303 -11.313 -11.198 -10.987 -11.168 -11.319 -11.266 -11.131 -10.955 -11.333 -11.274 -11.139 -11.009 -10.939 -11.242 -11.308 -11.209 -10.512 -10.09 -9.562 -11.241
0.04145 -9.847 -10.182 -10.56 -11.157 -11.335 -11.354 -10.807 -11.197 -11.334 -11.35 -11.238 -11.031 -11.192 -11.352 -11.305 -11.173 -10.999 -11.367 -11.313 -11.181 -11.053 -10.984 -11.28 -11.343 -11.249 -10.56 -10.14 -9.613 -11.278
0.042704 -9.845 -10.184 -10.57 -11.18 -11.365 -11.39 -10.828 -11.221 -11.364 -11.386 -11.279 -11.075 -11.215 -11.384 -11.344 -11.215 -11.043 -11.4 -11.352 -11.223 -11.096 -11.028 -11.318 -11.378 -11.289 -10.607 -10.189 -9.664 -11.315
0.043996 -9.842 -10.185 -10.579 -11.202 -11.395 -11.426 -10.849 -11.244 -11.394 -11.422 -11.319 -11.118 -11.238 -11.416 -11.383 -11.257 -11.088 -11.433 -11.39 -11.264 -11.14 -11.073 -11.355 -11.413 -11.329 -10.655 -10.239 -9.715 -11.352
0.045326 -9.839 -10.185 -10.588 -11.223 -11.425 -11.461 -10.869 -11.267 -11.424 -11.458 -11.359 -11.162 -11.261 -11.448 -11.421 -11.298 -11.132 -11.465 -11.429 -11.306 -11.184 -11.117 -11.393 -11.448 -11.368 -10.702 -10.288 -9.766 -11.388
0.046697 -9.835 -10.185 -10.596 -11.244 -11.454 -11.497 -10.888 -11.29 -11.453 -11.493 -11.398 -11.205 -11.283 -11.48 -11.459 -11.34 -11.176 -11.498 -11.467 -11.348 -11.227 -11.161 -11.43 -11.482 -11.408 -10.75 -10.337 -9.817 -11.424
0.048109 -9.831 -10.184 -10.604 -11.265 -11.483 -11.532 -10.908 -11.312 -11.482 -11.528 -11.438 -11.249 -11.305 -11.511 -11.497 -11.381 -11.219 -11.53 -11.504 -11.389 -11.27 -11.205 -11.467 -11.516 -11.447 -10.797 -10.386 -9.867 -11.46
0.049564 -9.826 -10.182 -10.611 -11.286 -11.512 -11.567 -10.927 -11.334 -11.511 -11.563 -11.477 -11.292 -11.327 -11.541 -11.534 -11.422 -11.263 -11.561 -11.542 -11.43 -11.313 -11.249 -11.504 -11.55 -11.486 -10.844 -10.435 -9.918 -11.496
0.051063 -9.82 -10.179 -10.618 -11.305 -11.54 -11.601 -10.946 -11.355 -11.539 -11.598 -11.517 -11.335 -11.348 -11.572 -11.572 -11.463 -11.306 -11.593 -11.579 -11.471 -11.356 -11.293 -11.54 -11.583 -11.525 -10.891 -10.485 -9.968 -11.532
0.052608 -9.814 -10.176 -10.624 -11.325 -11.568 -11.635 -10.965 -11.376 -11.567 -11.632 -11.555 -11.377 -11.368 -11.602 -11.609 -11.504 -11.35 -11.624 -11.616 -11.512 -11.399 -11.337 -11.576 -11.617 -11.564 -10.938 -10.533 -10.019 -11.567
0.054199 -9.807 -10.172 -10.63 -11.344 -11.595 -11.669 -10.983 -11.397 -11.595 -11.666 -11.594 -11.42 -11.388 -11.632 -11.645 -11.545 -11.393 -11.654 -11.653 -11.552 -11.442 -11.38 -11.612 -11.65 -11.602 -10.985 -10.582 -10.069 -11.603
0.055838 -9.8 -10.168 -10.635 -11.362 -11.622 -11.703 -11.001 -11.417 -11.622 -11.7 -11.633 -11.463 -11.408 -11.661 -11.682 -11.585 -11.436 -11.685 -11.69 -11.592 -11.484 -11.424 -11.648 -11.682 -11.64 -11.032 -10.631 -10.12 -11.637
0.057527 -9.792 -10.163 -10.639 -11.38 -11.649 -11.736 -11.019 -11.436 -11.649 -11.734 -11.671 -11.505 -11.427 -11.691 -11.719 -11.625 -11.479 -11.715 -11.726 -11.633 -11.526 -11.467 -11.684 -11.715 -11.678 -11.079 -10.68 -10.17 -11.672
0.059267 -9.783 -10.157 -10.643 -11.398 -11.675 -11.769 -11.036 -11.455 -11.675 -11.767 -11.709 -11.547 -11.446 -11.719 -11.755 -11.665 -11.522 -11.745 -11.762 -11.673 -11.568 -11.51 -11.719 -11.747 -11.716 -11.125 -10.728 -10.22 -11.707
0.061059 -9.774 -10.15 -10.646 -11.415 -11.701 -11.802 -11.053 -11.474 -11.701 -11.8 -11.747 -11.589 -11.464 -11.748 -11.791 -11.705 -11.564 -11.774 -11.798 -11.712 -11.61 -11.553 -11.754 -11.778 -11.754 -11.172 -10.777 -10.271 -11.741
0.062906 -9.764 -10.142 -10.649 -11.432 -11.727 -11.835 -11.07 -11.492 -11.727 -11.832 -11.785 -11.631 -11.482 -11.776 -11.826 -11.744 -11.606 -11.803 -11.834 -11.752 -11.652 -11.596 -11.789 -11.81 -11.791 -11.218 -10.825 -10.321 -11.775
0.064808 -9.753 -10.134 -10.651 -11.448 -11.752 -11.867 -11.087 -11.51 -11.752 -11.865 -11.822 -11.672 -11.499 -11.804 -11.862 -11.784 -11.649 -11.832 -11.869 -11.791 -11.694 -11.639 -11.824 -11.841 -11.828 -11.264 -10.874 -10.371 -11.808
0.066769 -9.742 -10.125 -10.652 -11.463 -11.777 -11.899 -11.103 -11.527 -11.777 -11.897 -11.859 -11.714 -11.516 -11.831 -11.897 -11.823 -11.691 -11.86 -11.904 -11.83 -11.735 -11.682 -11.858 -11.872 -11.865 -11.31 -10.922 -10.421 -11.842
0.068788 -9.73 -10.115 -10.653 -11.478 -11.802 -11.93 -11.119 -11.544 -11.802 -11.929 -11.896 -11.755 -11.532 -11.858 -11.932 -11.862 -11.733 -11.889 -11.939 -11.869 -11.777 -11.724 -11.892 -11.902 -11.902 -11.356 -10.97 -10.471 -11.875
0.070868 -9.718 -10.105 -10.654 -11.493 -11.826 -11.961 -11.135 -11.56 -11.826 -11.96 -11.933 -11.796 -11.548 -11.885 -11.966 -11.9 -11.774 -11.916 -11.974 -11.908 -11.818 -11.767 -11.926 -11.933 -11.938 -11.402 -11.018 -10.521 -11.908
0.073012 -9.705 -10.094 -10.653 -11.507 -11.849 -11.992 -11.15 -11.576 -11.85 -11.991 -11.969 -11.837 -11.563 -11.911 -12.0 -11.939 -11.816 -11.944 -12.008 -11.947 -11.859 -11.809 -11.959 -11.963 -11.974 -11.448 -11.066 -10.571 -11.941
0.07522 -9.692 -10.082 -10.652 -11.52 -11.872 -12.023 -11.165 -11.591 -11.873 -12.022 -12.006 -11.878 -11.578 -11.937 -12.034 -11.977 -11.857 -11.971 -12.042 -11.985 -11.899 -11.851 -11.993 -11.992 -12.01 -11.494 -11.114 -10.62 -11.973
0.077495 -9.677 -10.069 -10.651 -11.533 -11.895 -12.053 -11.179 -11.606 -11.896 -12.052 -12.042 -11.918 -11.592 -11.963 -12.068 -12.015 -11.898 -11.997 -12.076 -12.023 -11.94 -11.893 -12.026 -12.022 -12.046 -11.539 -11.162 -10.67 -12.005
