web/models/kne.last_good/kappa_1_10/24/villar_0.0043_0.1083_1.0000.dat
# %ECSV 1.0
# ---
# datatype:
# - {name: time, datatype: float64}
# - {name: swift_uvot_uvw2, datatype: float64}
# - {name: swift_uvot_uvm2, datatype: float64}
# - {name: swift_uvot_uvw1, datatype: float64}
# - {name: swift_uvot_U, datatype: float64}
# - {name: swift_uvot_B, datatype: float64}
# - {name: swift_uvot_V, datatype: float64}
# - {name: swift_uvot_W, datatype: float64}
# - {name: johnson_U, datatype: float64}
# - {name: johnson_B, datatype: float64}
# - {name: johnson_V, datatype: float64}
# - {name: johnson_R, datatype: float64}
# - {name: johnson_I, datatype: float64}
# - {name: sdss_u, datatype: float64}
# - {name: sdss_g, datatype: float64}
# - {name: sdss_r, datatype: float64}
# - {name: sdss_i, datatype: float64}
# - {name: sdss_z, datatype: float64}
# - {name: PS1_g, datatype: float64}
# - {name: PS1_r, datatype: float64}
# - {name: PS1_i, datatype: float64}
# - {name: PS1_z, datatype: float64}
# - {name: PS1_Y, datatype: float64}
# - {name: PS1_w, datatype: float64}
# - {name: ATLAS_c, datatype: float64}
# - {name: ATLAS_o, datatype: float64}
# - {name: ukirt_J, datatype: float64}
# - {name: ukirt_H, datatype: float64}
# - {name: ukirt_K, datatype: float64}
# - {name: Clear, datatype: float64}
# meta: !!omap
# - comment: [kappa = 1.0, type = villar, mass = 0.004263435211354371, velocity = 0.10833333333333334, theta_obs = 0.0]
# schema: astropy-2.0
time swift_uvot_uvw2 swift_uvot_uvm2 swift_uvot_uvw1 swift_uvot_U swift_uvot_B swift_uvot_V swift_uvot_W johnson_U johnson_B johnson_V johnson_R johnson_I sdss_u sdss_g sdss_r sdss_i sdss_z PS1_g PS1_r PS1_i PS1_z PS1_Y PS1_w ATLAS_c ATLAS_o ukirt_J ukirt_H ukirt_K Clear
[from data line 291]
5.829166 15.628 20.844 44.079 54.645 42.816 34.828 17.896 52.601 40.53 32.779 24.422 19.436 53.916 38.761 29.913 24.393 19.928 14.362 14.567 14.546 14.13 12.384 25.631 32.183 25.366 14.201 10.701 8.075 12.599
6.005465 16.929 22.145 45.38 55.946 44.117 36.129 19.197 53.902 41.831 34.08 25.723 20.737 55.216 40.062 31.214 25.694 21.229 15.663 15.868 15.847 15.431 13.685 26.932 33.484 26.667 15.502 12.002 9.376 13.9
6.187096 18.31 23.525 46.76 57.326 45.498 37.51 20.578 55.283 43.212 35.461 27.104 22.117 56.597 41.443 32.595 27.075 22.61 17.044 17.249 17.227 16.812 15.066 28.313 34.865 28.048 16.883 13.383 10.757 15.28
6.37422 19.775 24.991 48.226 58.792 46.963 38.975 22.044 56.749 44.678 36.926 28.57 23.583 58.063 42.908 34.061 28.541 24.075 18.51 18.715 18.693 18.278 16.532 29.779 36.33 29.514 18.349 14.848 12.222 16.746
6.567004 21.331 26.547 49.782 60.348 48.519 40.531 23.6 58.305 46.233 38.482 30.126 25.139 59.619 44.464 35.616 30.097 25.631 20.066 20.27 20.249 19.833 18.088 31.335 37.886 31.069 19.904 16.404 13.778 18.302
6.765619 22.982 28.198 51.433 61.999 50.17 42.182 25.251 59.956 47.885 40.133 31.777 26.79 61.27 46.115 37.267 31.748 27.282 21.717 21.921 21.9 21.485 19.739 32.986 39.537 32.72 21.556 18.055 15.429 19.953
6.97024 24.735 29.95 53.185 63.751 51.923 43.935 27.003 61.708 49.637 41.886 33.529 28.542 63.022 47.868 39.02 33.5 29.035 23.469 23.674 23.652 23.237 21.491 34.738 41.29 34.473 23.308 19.808 17.182 21.705
7.181051 26.595 31.811 55.045 65.612 53.783 45.795 28.863 63.568 51.497 43.746 35.389 30.402 64.882 49.728 40.88 35.36 30.895 25.329 25.534 25.513 25.097 23.351 36.598 43.15 36.333 25.168 21.668 19.042 23.566
7.398237 28.569 33.785 57.02 67.586 55.757 47.769 30.838 65.543 53.472 45.72 37.364 32.377 66.857 51.702 42.855 37.335 32.869 27.304 27.508 27.487 27.072 25.326 38.573 45.124 38.307 27.143 23.642 21.016 25.54
7.621991 30.665 35.881 59.115 69.682 57.853 49.865 32.933 67.638 55.567 47.816 39.459 34.472 68.952 53.798 44.95 39.43 34.965 29.399 29.604 29.583 29.167 27.421 40.668 47.22 40.403 29.238 25.738 23.112 27.636
7.852513 32.889 38.105 61.34 71.906 60.077 52.089 35.158 69.863 57.792 50.04 41.684 36.697 71.177 56.022 47.174 41.655 37.189 31.624 31.828 31.807 31.392 29.646 42.893 49.444 42.627 31.463 27.962 25.336 29.86
8.090007 35.25 40.466 63.701 74.267 62.438 54.45 37.519 72.224 60.152 52.401 44.045 39.058 73.538 58.383 49.535 44.016 39.55 33.985 34.189 34.168 33.752 32.007 45.254 51.805 44.988 33.823 30.323 27.697 32.221
8.334684 37.756 42.972 66.206 76.773 64.944 56.956 40.024 74.729 62.658 54.907 46.55 41.563 76.043 60.889 52.041 46.521 42.056 36.49 36.695 36.674 36.258 34.512 47.759 54.311 47.494 36.329 32.829 30.203 34.726
8.586761 40.416 45.631 68.866 79.432 67.604 59.615 42.684 77.389 65.318 57.567 49.21 44.223 78.703 63.549 54.701 49.181 44.715 39.15 39.355 39.333 38.918 37.172 50.419 56.971 50.154 38.989 35.488 32.862 37.386
8.846461 43.239 48.454 71.689 82.255 70.427 62.438 45.507 80.212 68.141 60.39 52.033 47.046 81.526 66.372 57.524 52.004 47.538 41.973 42.178 42.156 41.741 39.995 53.242 59.794 52.977 41.812 38.311 35.686 40.209
9.114017 46.235 51.451 74.686 85.252 73.423 65.435 48.503 83.208 71.137 63.386 55.029 50.042 84.522 69.368 60.52 55.0 50.535 44.969 45.174 45.153 44.737 42.991 56.238 62.79 55.973 44.808 41.308 38.682 43.206
9.389664 49.415 54.631 77.866 88.432 76.603 68.615 51.684 86.389 74.318 66.566 58.21 53.223 87.703 72.548 63.701 58.181 53.715 48.15 48.354 48.333 47.918 46.172 59.419 65.97 59.153 47.989 44.488 41.862 46.386
9.673648 52.791 58.007 81.241 91.808 79.979 71.991 55.059 89.764 77.693 69.942 61.585 56.598 91.078 75.924 67.076 61.556 57.091 51.525 51.73 51.709 51.293 49.547 62.794 69.346 62.529 51.364 47.864 45.238 49.761
9.966221 56.374 61.589 84.824 95.39 83.562 75.574 58.642 93.347 81.276 73.525 65.168 60.181 94.661 79.507 70.659 65.139 60.674 55.108 55.313 55.291 54.876 53.13 66.377 72.929 66.112 54.947 51.447 48.821 53.344
10.267642 60.177 65.392 88.627 99.193 87.365 79.376 62.445 97.15 85.079 77.328 68.971 63.984 98.464 83.31 74.462 68.942 64.477 58.911 59.116 59.094 58.679 56.933 70.18 76.732 69.915 58.75 55.249 52.624 57.147
10.57818 64.213 69.429 92.664 103.23 91.401 83.413 66.482 101.187 89.115 81.364 73.008 68.021 102.501 87.346 78.498 72.979 68.513 62.948 63.152 63.131 62.715 60.97 74.217 80.768 73.951 62.786 59.286 56.66 61.184
10.89811 68.497 73.713 96.948 107.514 95.685 87.697 70.766 105.471 93.4 85.648 77.292 72.305 106.785 91.63 82.783 77.263 72.797 67.232 67.437 67.415 67.0 65.254 78.501 85.052 78.236 67.071 63.57 60.944 65.468
11.227716 73.045 78.26 101.495 112.061 100.233 92.244 75.313 110.018 97.947 90.196 81.839 76.852 111.332 96.178 87.33 81.81 77.345 71.779 71.984 71.962 71.547 69.801 83.048 89.6 82.783 71.618 68.117 65.492 70.015
11.56729 77.871 83.087 106.322 116.888 105.059 97.071 80.14 114.845 102.774 95.022 86.666 81.679 116.159 101.004 92.156 86.637 82.171 76.606 76.81 76.789 76.374 74.628 87.875 94.426 87.609 76.445 72.944 70.318 74.842
11.917135 82.994 88.21 111.445 122.011 110.182 102.194 85.263 119.968 107.896 100.145 91.789 86.802 121.282 106.127 97.279 91.76 87.294 81.729 81.933 81.912 81.497 79.751 92.998 99.549 92.732 81.568 78.067 75.441 79.965
12.277561 88.432 93.647 116.882 127.448 115.62 107.631 90.7 125.405 113.334 105.583 97.226 92.239 126.719 111.565 102.717 97.197 92.731 87.166 87.371 87.349 86.934 85.188 98.435 104.987 98.17 87.005 83.504 80.879 85.402
12.648887 94.203 99.419 122.654 133.22 121.391 113.403 96.471 131.176 119.105 111.354 102.997 98.011 132.49 117.336 108.488 102.968 98.503 92.937 93.142 93.121 92.705 90.959 104.206 110.758 103.941 92.776 89.276 86.65 91.174
13.031444 100.329 105.544 128.779 139.345 127.517 119.528 102.597 137.302 125.231 117.48 109.123 104.136 138.616 123.462 114.614 109.094 104.629 99.063 99.268 99.246 98.831 97.085 110.332 116.884 110.067 98.902 95.401 92.776 97.299
13.425571 106.831 112.046 135.281 145.847 134.019 126.03 109.099 143.804 131.733 123.982 115.625 110.638 145.118 129.964 121.116 115.596 111.13 105.565 105.77 105.748 105.333 103.587 116.834 123.386 116.569 105.404 101.903 99.277 103.801
13.831619 113.732 118.947 142.182 152.748 140.92 132.931 116.0 150.705 138.634 130.883 122.526 117.539 152.019 136.865 128.017 122.497 118.032 112.466 112.671 112.649 112.234 110.488 123.735 130.287 123.47 112.305 108.804 106.179 110.702
14.249947 121.057 126.272 149.507 160.073 148.245 140.256 123.325 158.03 145.959 138.208 129.851 124.864 159.344 144.19 135.342 129.822 125.356 119.791 119.996 119.974 119.559 117.813 131.06 137.611 130.795 119.63 116.129 113.503 118.027
14.680926 128.831 134.047 157.282 167.848 156.019 148.031 131.1 165.805 153.734 145.982 137.626 132.639 167.119 151.964 143.116 137.597 133.131 127.566 127.77 127.749 127.334 125.588 138.835 145.386 138.569 127.405 123.904 121.278 125.802
15.124941 137.083 142.299 165.534 176.1 164.271 156.283 139.352 174.057 161.986 154.234 145.878 140.891 175.371 160.216 151.368 145.849 141.383 135.818 136.022 136.001 135.586 133.84 147.087 153.638 146.821 135.657 132.156 129.53 134.054
15.582385 145.842 151.058 174.293 184.859 173.03 165.042 148.11 182.815 170.744 162.993 154.636 149.649 184.129 168.975 160.127 154.607 150.142 144.576 144.781 144.76 144.344 142.598 155.845 162.397 155.58 144.415 140.915 138.289 142.813
16.053663 155.139 160.354 183.589 194.155 182.327 174.338 157.407 192.112 180.041 172.289 163.933 158.946 193.426 178.272 169.424 163.904 159.438 153.873 154.078 154.056 153.641 151.895 165.142 171.693 164.877 153.712 150.211 147.585 152.109
16.539195 165.006 170.222 193.456 204.023 192.194 184.206 167.274 201.979 189.908 182.157 173.8 168.813 203.293 188.139 179.291 173.771 169.306 163.74 163.945 163.924 163.508 161.762 175.009 181.561 174.744 163.579 160.079 157.453 161.976
17.039412 175.479 180.695 203.93 214.496 202.667 194.679 177.748 212.453 200.381 192.63 184.274 179.287 213.767 198.612 189.764 184.245 179.779 174.214 174.418 174.397 173.982 172.236 185.483 192.034 185.217 174.053 170.552 167.926 172.45
17.554757 186.596 191.811 215.046 225.612 213.784 205.795 188.864 223.569 211.498 203.746 195.39 190.403 224.883 209.729 200.881 195.361 190.895 185.33 185.535 185.513 185.098 183.352 196.599 203.15 196.334 185.169 181.668 179.042 183.566
18.085689 198.394 203.61 226.845 237.411 225.582 217.594 200.663 235.368 223.297 215.545 207.189 202.202 236.682 221.527 212.68 207.16 202.694 197.129 197.334 197.312 196.897 195.151 208.398 214.949 208.133 196.968 193.467 190.841 195.365
18.632678 210.918 216.134 239.368 249.935 238.106 230.118 213.186 247.891 235.82 228.069 219.712 214.725 249.205 234.051 225.203 219.683 215.218 209.652 209.857 209.836 209.42 207.674 220.921 227.473 220.656 209.491 205.991 203.365 207.888
19.196211 224.21 229.426 252.661 263.227 251.398 243.41 226.479 261.184 249.113 241.361 233.005 228.018 262.498 247.343 238.496 232.976 228.51 222.945 223.149 223.128 222.713 220.967 234.214 240.765 233.948 222.784 219.283 216.657 221.181
19.776787 238.319 243.535 266.769 277.336 265.507 257.519 240.587 275.292 263.221 255.47 247.113 242.126 276.606 261.452 252.604 247.084 242.619 237.053 237.258 237.237 236.821 235.075 248.322 254.874 248.057 236.892 233.392 230.766 235.29
20.374923 253.294 258.51 281.744 292.311 280.482 272.494 255.562 290.267 278.196 270.445 262.088 257.101 291.581 276.427 267.579 262.059 257.594 252.028 252.233 252.212 251.796 250.05 263.297 269.849 263.032 251.867 248.367 245.741 250.264
20.991149 269.188 274.404 297.639 308.205 296.376 288.388 271.457 306.162 294.091 286.339 277.983 272.996 307.476 292.321 283.474 277.954 273.488 267.923 268.128 268.106 267.691 265.945 279.192 285.743 278.926 267.762 264.261 261.635 266.159
21.626011 286.059 291.274 314.509 325.075 313.247 305.259 288.327 323.032 310.961 303.21 294.853 289.866 324.346 309.192 300.344 294.824 290.359 284.793 284.998 284.976 284.561 282.815 296.062 302.614 295.797 284.632 281.131 278.506 283.029
22.280075 303.965 309.181 332.416 342.982 331.153 323.165 306.234 340.939 328.867 321.116 312.76 307.773 342.253 327.098 318.25 312.731 308.265 302.7 302.904 302.883 302.467 300.722 313.969 320.52 313.703 302.538 299.038 296.412 300.936
22.953921 322.971 328.187 351.421 361.988 350.159 342.171 325.239 359.944 347.873 340.122 331.765 326.778 361.258 346.104 337.256 331.736 327.271 321.705 321.91 321.889 321.473 319.727 332.974 339.526 332.709 321.544 318.044 315.418 319.941
23.648147 343.144 348.359 371.594 382.16 370.332 362.344 345.412 380.117 368.046 360.295 351.938 346.951 381.431 366.277 357.429 351.909 347.444 341.878 342.083 342.061 341.646 339.9 353.147 359.699 352.882 341.717 338.216 335.591 340.114
24.363369 364.555 369.771 393.006 403.572 391.743 383.755 366.824 401.529 389.458 381.706 373.35 368.363 402.843 387.688 378.841 373.321 368.855 363.29 363.494 363.473 363.058 361.312 374.559 381.11 374.293 363.129 359.628 357.002 361.526
25.100222 387.282 392.497 415.732 426.298 414.47 406.481 389.55 424.255 412.184 404.433 396.076 391.089 425.569 410.415 401.567 396.047 391.581 386.016 386.221 386.199 385.784 384.038 397.285 403.836 397.02 385.855 382.354 379.728 384.252
25.859362 411.403 416.619 439.854 450.42 438.591 430.603 413.672 448.377 436.306 428.554 420.198 415.211 449.691 434.536 425.689 420.169 415.703 410.138 410.342 410.321 409.906 408.16 421.407 427.958 421.141 409.977 406.476 403.85 408.374
26.64146 437.006 442.222 465.457 476.023 464.194 456.206 439.275 473.98 461.909 454.157 445.801 440.814 475.294 460.139 451.291 445.772 441.306 435.741 435.945 435.924 435.509 433.763 447.01 453.561 446.744 435.58 432.079 429.453 433.977
27.447213 464.181 469.397 492.632 503.198 491.369 483.381 466.45 501.155 489.084 481.332 472.976 467.989 502.469 487.314 478.466 472.947 468.481 462.916 463.12 463.099 462.684 460.938 474.185 480.736 473.919 462.755 459.254 456.628 461.152
28.277335 493.025 498.241 521.475 532.041 520.213 512.225 495.293 529.998 517.927 510.176 501.819 496.832 531.312 516.158 507.31 501.79 497.325 491.759 491.964 491.943 491.527 489.781 503.028 509.58 502.763 491.598 488.098 485.472 489.995
29.132564 523.64 528.855 552.09 562.656 550.828 542.839 525.908 560.613 548.542 540.791 532.434 527.447 561.927 546.773 537.925 532.405 527.939 522.374 522.579 522.557 522.142 520.396 533.643 540.195 533.378 522.213 518.712 516.086 520.61
30.013659 556.134 561.35 584.585 595.151 583.322 575.334 558.403 593.108 581.036 573.285 564.929 559.942 594.422 579.267 570.419 564.9 560.434 554.869 555.073 555.052 554.637 552.891 566.138 572.689 565.872 554.708 551.207 548.581 553.105
30.921401 590.624 595.84 619.075 629.641 617.812 609.824 592.892 627.598 615.526 607.775 599.418 594.432 628.912 613.757 604.909 599.389 594.924 589.358 589.563 589.542 589.126 587.381 600.627 607.179 600.362 589.197 585.697 583.071 587.595
31.856598 627.232 632.447 655.682 666.248 654.42 646.431 629.5 664.205 652.134 644.383 636.026 631.039 665.519 650.365 641.517 635.997 631.532 625.966 626.171 626.149 625.734 623.988 637.235 643.787 636.97 625.805 622.304 619.679 624.202
32.820079 666.087 671.303 694.538 705.104 693.275 685.287 668.356 703.061 690.989 683.238 674.882 669.895 704.375 689.22 680.372 674.853 670.387 664.822 665.026 665.005 664.59 662.844 676.091 682.642 675.825 664.661 661.16 658.534 663.058
33.8127 707.329 712.544 735.779 746.345 734.517 726.528 709.597 744.302 732.231 724.48 716.123 711.136 745.616 730.462 721.614 716.094 711.628 706.063 706.268 706.246 705.831 704.085 717.332 723.883 717.067 705.902 702.401 699.775 704.299
34.835342 751.102 756.318 779.553 790.387 778.29 770.302 753.371 788.12 776.005 768.253 759.897 754.91 789.559 774.235 765.387 759.868 755.402 749.837 750.041 750.02 749.605 747.859 761.106 767.657 760.84 749.676 746.175 743.549 748.073
35.888913 nan nan nan nan nan nan nan nan nan nan nan nan nan nan nan nan nan nan nan nan nan nan nan nan nan nan nan nan nan
36.974349 nan nan nan nan nan nan nan nan nan nan nan nan nan nan nan nan nan nan nan nan nan nan nan nan nan nan nan nan nan
38.092613 nan nan nan nan nan nan nan nan nan nan nan nan nan nan nan nan nan nan nan nan nan nan nan nan nan nan nan nan nan
39.244698 nan nan nan nan nan nan nan nan nan nan nan nan nan nan nan nan nan nan nan nan nan nan nan nan nan nan nan nan nan
40.431627 nan nan nan nan nan nan nan nan nan nan nan nan nan nan nan nan nan nan nan nan nan nan nan nan nan nan nan nan nan
41.654454 nan nan nan nan nan nan nan nan nan nan nan nan nan nan nan nan nan nan nan nan nan nan nan nan nan nan nan nan nan
42.914265 nan nan nan nan nan nan nan nan nan nan nan nan nan nan nan nan nan nan nan nan nan nan nan nan nan nan nan nan nan
44.212178 nan nan nan nan nan nan nan nan nan nan nan nan nan nan nan nan nan nan nan nan nan nan nan nan nan nan nan nan nan
45.549345 nan nan nan nan nan nan nan nan nan nan nan nan nan nan nan nan nan nan nan nan nan nan nan nan nan nan nan nan nan
46.926954 nan nan nan nan nan nan nan nan nan nan nan nan nan nan nan nan nan nan nan nan nan nan nan nan nan nan nan nan nan
48.346227 nan nan nan nan nan nan nan nan nan nan nan nan nan nan nan nan nan nan nan nan nan nan nan nan nan nan nan nan nan
49.808426 nan nan nan nan nan nan nan nan nan nan nan nan nan nan nan nan nan nan nan nan nan nan nan nan nan nan nan nan nan
51.314848 nan nan nan nan nan nan nan nan nan nan nan nan nan nan nan nan nan nan nan nan nan nan nan nan nan nan nan nan nan
52.86683 nan nan nan nan nan nan nan nan nan nan nan nan nan nan nan nan nan nan nan nan nan nan nan nan nan nan nan nan nan
54.465752 nan nan nan nan nan nan nan nan nan nan nan nan nan nan nan nan nan nan nan nan nan nan nan nan nan nan nan nan nan
56.113031 nan nan nan nan nan nan nan nan nan nan nan nan nan nan nan nan nan nan nan nan nan nan nan nan nan nan nan nan nan
57.810132 nan nan nan nan nan nan nan nan nan nan nan nan nan nan nan nan nan nan nan nan nan nan nan nan nan nan nan nan nan
