web/models/kne.last_good/kappa_1_10/24/villar_0.1443_0.0613_10.0000.dat
# %ECSV 1.0
# ---
# datatype:
# - {name: time, datatype: float64}
# - {name: swift_uvot_uvw2, datatype: float64}
# - {name: swift_uvot_uvm2, datatype: float64}
# - {name: swift_uvot_uvw1, datatype: float64}
# - {name: swift_uvot_U, datatype: float64}
# - {name: swift_uvot_B, datatype: float64}
# - {name: swift_uvot_V, datatype: float64}
# - {name: swift_uvot_W, datatype: float64}
# - {name: johnson_U, datatype: float64}
# - {name: johnson_B, datatype: float64}
# - {name: johnson_V, datatype: float64}
# - {name: johnson_R, datatype: float64}
# - {name: johnson_I, datatype: float64}
# - {name: sdss_u, datatype: float64}
# - {name: sdss_g, datatype: float64}
# - {name: sdss_r, datatype: float64}
# - {name: sdss_i, datatype: float64}
# - {name: sdss_z, datatype: float64}
# - {name: PS1_g, datatype: float64}
# - {name: PS1_r, datatype: float64}
# - {name: PS1_i, datatype: float64}
# - {name: PS1_z, datatype: float64}
# - {name: PS1_Y, datatype: float64}
# - {name: PS1_w, datatype: float64}
# - {name: ATLAS_c, datatype: float64}
# - {name: ATLAS_o, datatype: float64}
# - {name: ukirt_J, datatype: float64}
# - {name: ukirt_H, datatype: float64}
# - {name: ukirt_K, datatype: float64}
# - {name: Clear, datatype: float64}
# meta: !!omap
# - comment: [kappa = 10.0, type = villar, mass = 0.1442699905917794, velocity = 0.06133333333333335, theta_obs = 0.0]
# schema: astropy-2.0
time swift_uvot_uvw2 swift_uvot_uvm2 swift_uvot_uvw1 swift_uvot_U swift_uvot_B swift_uvot_V swift_uvot_W johnson_U johnson_B johnson_V johnson_R johnson_I sdss_u sdss_g sdss_r sdss_i sdss_z PS1_g PS1_r PS1_i PS1_z PS1_Y PS1_w ATLAS_c ATLAS_o ukirt_J ukirt_H ukirt_K Clear
[from data line 78]
0.010217 -8.745 -8.497 -8.35 -7.904 -7.536 -7.144 -8.194 -7.849 -7.532 -7.133 -6.737 -6.278 -7.859 -7.411 -6.913 -6.551 -6.211 -7.413 -6.98 -6.639 -6.447 -6.544 -6.981 -7.217 -6.765 -5.533 -4.984 -4.351 -7.063
0.010526 -8.788 -8.544 -8.397 -7.954 -7.587 -7.196 -8.242 -7.899 -7.583 -7.186 -6.79 -6.332 -7.909 -7.462 -6.966 -6.604 -6.264 -7.464 -7.032 -6.691 -6.498 -6.592 -7.033 -7.269 -6.818 -5.587 -5.039 -4.406 -7.116
0.010845 -8.831 -8.59 -8.445 -8.004 -7.638 -7.249 -8.289 -7.949 -7.634 -7.238 -6.842 -6.385 -7.959 -7.514 -7.019 -6.657 -6.318 -7.515 -7.083 -6.743 -6.549 -6.641 -7.085 -7.321 -6.871 -5.641 -5.093 -4.461 -7.168
0.011173 -8.874 -8.636 -8.492 -8.054 -7.689 -7.301 -8.336 -7.999 -7.686 -7.29 -6.895 -6.439 -8.009 -7.565 -7.071 -6.71 -6.371 -7.566 -7.135 -6.795 -6.6 -6.689 -7.138 -7.373 -6.924 -5.696 -5.148 -4.516 -7.22
0.011511 -8.917 -8.682 -8.539 -8.103 -7.74 -7.353 -8.383 -8.049 -7.737 -7.342 -6.948 -6.492 -8.059 -7.617 -7.124 -6.763 -6.425 -7.617 -7.186 -6.847 -6.651 -6.737 -7.19 -7.425 -6.977 -5.75 -5.202 -4.57 -7.272
0.011859 -8.959 -8.728 -8.586 -8.153 -7.791 -7.405 -8.43 -8.099 -7.788 -7.394 -7.001 -6.545 -8.109 -7.668 -7.176 -6.816 -6.478 -7.668 -7.238 -6.898 -6.702 -6.785 -7.242 -7.476 -7.029 -5.804 -5.257 -4.625 -7.323
0.012217 -9.002 -8.773 -8.632 -8.203 -7.842 -7.457 -8.476 -8.149 -7.839 -7.446 -7.053 -6.599 -8.159 -7.719 -7.228 -6.869 -6.531 -7.718 -7.289 -6.95 -6.753 -6.833 -7.294 -7.528 -7.082 -5.858 -5.311 -4.679 -7.375
0.012587 -9.044 -8.819 -8.679 -8.252 -7.893 -7.508 -8.523 -8.199 -7.889 -7.498 -7.106 -6.652 -8.209 -7.77 -7.281 -6.922 -6.585 -7.769 -7.341 -7.002 -6.804 -6.881 -7.346 -7.58 -7.134 -5.911 -5.365 -4.734 -7.427
0.012968 -9.086 -8.864 -8.725 -8.302 -7.944 -7.56 -8.569 -8.248 -7.94 -7.549 -7.158 -6.705 -8.258 -7.821 -7.333 -6.975 -6.638 -7.82 -7.392 -7.053 -6.855 -6.93 -7.398 -7.631 -7.187 -5.965 -5.419 -4.789 -7.479
0.01336 -9.128 -8.909 -8.772 -8.351 -7.995 -7.612 -8.616 -8.298 -7.991 -7.601 -7.211 -6.758 -8.308 -7.872 -7.385 -7.027 -6.691 -7.87 -7.443 -7.105 -6.906 -6.978 -7.45 -7.683 -7.239 -6.019 -5.473 -4.843 -7.53
0.013764 -9.17 -8.954 -8.818 -8.4 -8.045 -7.663 -8.662 -8.347 -8.041 -7.653 -7.263 -6.811 -8.357 -7.923 -7.437 -7.08 -6.744 -7.92 -7.495 -7.156 -6.957 -7.026 -7.501 -7.734 -7.291 -6.073 -5.528 -4.897 -7.582
0.01418 -9.211 -8.999 -8.864 -8.449 -8.096 -7.715 -8.708 -8.396 -8.092 -7.704 -7.315 -6.864 -8.406 -7.974 -7.489 -7.133 -6.797 -7.971 -7.546 -7.208 -7.008 -7.074 -7.553 -7.785 -7.343 -6.127 -5.582 -4.952 -7.633
0.014609 -9.253 -9.044 -8.91 -8.498 -8.146 -7.766 -8.754 -8.446 -8.142 -7.756 -7.367 -6.917 -8.456 -8.025 -7.541 -7.185 -6.85 -8.021 -7.597 -7.259 -7.059 -7.122 -7.605 -7.836 -7.396 -6.18 -5.636 -5.006 -7.684
0.015051 -9.294 -9.088 -8.955 -8.547 -8.196 -7.818 -8.8 -8.495 -8.192 -7.807 -7.42 -6.97 -8.505 -8.076 -7.593 -7.238 -6.903 -8.071 -7.648 -7.31 -7.109 -7.17 -7.656 -7.887 -7.448 -6.234 -5.69 -5.06 -7.736
0.015506 -9.335 -9.133 -9.001 -8.596 -8.246 -7.869 -8.845 -8.544 -8.243 -7.858 -7.472 -7.022 -8.554 -8.126 -7.645 -7.29 -6.956 -8.121 -7.699 -7.362 -7.16 -7.218 -7.708 -7.939 -7.5 -6.287 -5.744 -5.115 -7.787
0.015975 -9.376 -9.177 -9.046 -8.644 -8.297 -7.92 -8.891 -8.593 -8.293 -7.91 -7.524 -7.075 -8.602 -8.177 -7.696 -7.342 -7.009 -8.171 -7.75 -7.413 -7.211 -7.266 -7.759 -7.989 -7.552 -6.341 -5.798 -5.169 -7.838
0.016458 -9.417 -9.221 -9.092 -8.693 -8.347 -7.972 -8.936 -8.641 -8.343 -7.961 -7.576 -7.128 -8.651 -8.227 -7.748 -7.395 -7.062 -8.221 -7.801 -7.464 -7.261 -7.313 -7.811 -8.04 -7.604 -6.394 -5.851 -5.223 -7.889
0.016956 -9.457 -9.265 -9.137 -8.741 -8.397 -8.023 -8.981 -8.69 -8.393 -8.012 -7.628 -7.18 -8.7 -8.277 -7.8 -7.447 -7.114 -8.271 -7.852 -7.515 -7.312 -7.361 -7.862 -8.091 -7.656 -6.448 -5.905 -5.277 -7.94
0.017469 -9.497 -9.309 -9.182 -8.789 -8.446 -8.074 -9.026 -8.739 -8.443 -8.063 -7.679 -7.233 -8.748 -8.328 -7.851 -7.499 -7.167 -8.321 -7.902 -7.566 -7.363 -7.409 -7.913 -8.142 -7.707 -6.501 -5.959 -5.332 -7.991
0.017997 -9.538 -9.352 -9.226 -8.838 -8.496 -8.125 -9.071 -8.787 -8.492 -8.114 -7.731 -7.286 -8.797 -8.378 -7.903 -7.551 -7.22 -8.371 -7.953 -7.617 -7.413 -7.457 -7.964 -8.193 -7.759 -6.555 -6.013 -5.386 -8.042
0.018541 -9.578 -9.396 -9.271 -8.886 -8.546 -8.176 -9.116 -8.836 -8.542 -8.165 -7.783 -7.338 -8.845 -8.428 -7.954 -7.604 -7.272 -8.42 -8.004 -7.668 -7.464 -7.505 -8.015 -8.243 -7.811 -6.608 -6.067 -5.44 -8.092
0.019102 -9.618 -9.439 -9.316 -8.934 -8.595 -8.226 -9.16 -8.884 -8.592 -8.216 -7.835 -7.391 -8.894 -8.478 -8.006 -7.656 -7.325 -8.47 -8.054 -7.719 -7.514 -7.553 -8.066 -8.294 -7.862 -6.661 -6.12 -5.494 -8.143
0.01968 -9.657 -9.482 -9.36 -8.982 -8.645 -8.277 -9.205 -8.932 -8.641 -8.267 -7.886 -7.443 -8.942 -8.528 -8.057 -7.708 -7.377 -8.519 -8.105 -7.77 -7.565 -7.601 -8.117 -8.344 -7.914 -6.715 -6.174 -5.548 -8.194
0.020275 -9.697 -9.525 -9.404 -9.03 -8.694 -8.328 -9.249 -8.98 -8.691 -8.317 -7.938 -7.495 -8.99 -8.578 -8.108 -7.759 -7.43 -8.569 -8.155 -7.821 -7.615 -7.649 -8.168 -8.395 -7.965 -6.768 -6.228 -5.602 -8.244
0.020888 -9.736 -9.567 -9.448 -9.077 -8.744 -8.378 -9.293 -9.028 -8.74 -8.368 -7.989 -7.548 -9.038 -8.627 -8.159 -7.811 -7.482 -8.618 -8.206 -7.872 -7.665 -7.697 -8.219 -8.445 -8.017 -6.821 -6.281 -5.656 -8.295
0.02152 -9.775 -9.61 -9.492 -9.125 -8.793 -8.429 -9.337 -9.076 -8.789 -8.418 -8.041 -7.6 -9.085 -8.677 -8.21 -7.863 -7.535 -8.668 -8.256 -7.923 -7.716 -7.745 -8.27 -8.495 -8.068 -6.874 -6.335 -5.71 -8.345
0.022171 -9.814 -9.652 -9.536 -9.172 -8.842 -8.479 -9.381 -9.124 -8.838 -8.469 -8.092 -7.652 -9.133 -8.727 -8.261 -7.915 -7.587 -8.717 -8.307 -7.974 -7.766 -7.792 -8.32 -8.545 -8.12 -6.927 -6.388 -5.764 -8.395
0.022841 -9.853 -9.694 -9.58 -9.22 -8.891 -8.53 -9.425 -9.171 -8.887 -8.519 -8.143 -7.704 -9.181 -8.776 -8.312 -7.967 -7.639 -8.766 -8.357 -8.024 -7.817 -7.84 -8.371 -8.595 -8.171 -6.98 -6.442 -5.817 -8.446
0.023532 -9.891 -9.736 -9.623 -9.267 -8.94 -8.58 -9.469 -9.219 -8.936 -8.57 -8.195 -7.756 -9.228 -8.826 -8.363 -8.018 -7.691 -8.815 -8.407 -8.075 -7.867 -7.888 -8.421 -8.645 -8.222 -7.033 -6.495 -5.871 -8.496
0.024244 -9.93 -9.778 -9.666 -9.314 -8.989 -8.63 -9.512 -9.266 -8.985 -8.62 -8.246 -7.808 -9.276 -8.875 -8.414 -8.07 -7.744 -8.864 -8.457 -8.126 -7.917 -7.936 -8.472 -8.695 -8.273 -7.086 -6.549 -5.925 -8.546
0.024977 -9.968 -9.82 -9.71 -9.361 -9.038 -8.681 -9.555 -9.314 -9.034 -8.67 -8.297 -7.86 -9.323 -8.924 -8.465 -8.122 -7.796 -8.913 -8.507 -8.176 -7.967 -7.984 -8.522 -8.745 -8.324 -7.139 -6.602 -5.979 -8.596
0.025733 -10.006 -9.861 -9.753 -9.408 -9.087 -8.731 -9.599 -9.361 -9.083 -8.72 -8.348 -7.912 -9.37 -8.974 -8.516 -8.173 -7.848 -8.962 -8.557 -8.227 -8.018 -8.032 -8.573 -8.795 -8.375 -7.192 -6.656 -6.033 -8.646
0.026511 -10.044 -9.903 -9.795 -9.455 -9.135 -8.781 -9.642 -9.408 -9.132 -8.77 -8.399 -7.964 -9.417 -9.023 -8.566 -8.225 -7.9 -9.011 -8.607 -8.277 -8.068 -8.08 -8.623 -8.845 -8.426 -7.245 -6.709 -6.086 -8.696
0.027313 -10.082 -9.944 -9.838 -9.501 -9.184 -8.831 -9.685 -9.455 -9.18 -8.82 -8.45 -8.016 -9.464 -9.072 -8.617 -8.276 -7.952 -9.06 -8.657 -8.328 -8.118 -8.128 -8.673 -8.894 -8.477 -7.298 -6.762 -6.14 -8.746
0.028139 -10.119 -9.985 -9.881 -9.548 -9.232 -8.881 -9.727 -9.502 -9.229 -8.87 -8.501 -8.068 -9.511 -9.121 -8.667 -8.327 -8.004 -9.108 -8.707 -8.378 -8.168 -8.176 -8.723 -8.944 -8.528 -7.351 -6.815 -6.194 -8.795
0.02899 -10.156 -10.025 -9.923 -9.594 -9.281 -8.93 -9.77 -9.549 -9.277 -8.92 -8.552 -8.12 -9.558 -9.17 -8.718 -8.379 -8.056 -9.157 -8.757 -8.429 -8.218 -8.223 -8.773 -8.993 -8.579 -7.404 -6.869 -6.247 -8.845
0.029867 -10.193 -10.066 -9.965 -9.641 -9.329 -8.98 -9.812 -9.595 -9.325 -8.97 -8.603 -8.171 -9.605 -9.218 -8.768 -8.43 -8.108 -9.205 -8.807 -8.479 -8.268 -8.271 -8.823 -9.043 -8.629 -7.456 -6.922 -6.301 -8.895
0.03077 -10.23 -10.106 -10.007 -9.687 -9.377 -9.03 -9.855 -9.642 -9.374 -9.02 -8.653 -8.223 -9.651 -9.267 -8.819 -8.481 -8.159 -9.254 -8.857 -8.529 -8.319 -8.319 -8.873 -9.092 -8.68 -7.509 -6.975 -6.355 -8.944
0.031701 -10.267 -10.146 -10.049 -9.733 -9.425 -9.08 -9.897 -9.688 -9.422 -9.069 -8.704 -8.275 -9.698 -9.316 -8.869 -8.532 -8.211 -9.302 -8.906 -8.58 -8.369 -8.367 -8.923 -9.142 -8.731 -7.562 -7.028 -6.408 -8.994
0.032659 -10.303 -10.186 -10.091 -9.779 -9.473 -9.129 -9.939 -9.735 -9.47 -9.119 -8.755 -8.326 -9.744 -9.364 -8.919 -8.583 -8.263 -9.35 -8.956 -8.63 -8.419 -8.415 -8.973 -9.191 -8.781 -7.614 -7.081 -6.462 -9.043
0.033647 -10.34 -10.226 -10.132 -9.825 -9.521 -9.179 -9.98 -9.781 -9.518 -9.168 -8.805 -8.378 -9.79 -9.413 -8.969 -8.634 -8.315 -9.399 -9.005 -8.68 -8.469 -8.463 -9.022 -9.24 -8.832 -7.667 -7.135 -6.515 -9.092
0.034665 -10.376 -10.266 -10.174 -9.871 -9.569 -9.228 -10.022 -9.827 -9.565 -9.218 -8.856 -8.429 -9.836 -9.461 -9.019 -8.685 -8.366 -9.447 -9.055 -8.73 -8.519 -8.511 -9.072 -9.289 -8.882 -7.719 -7.188 -6.569 -9.142
0.035713 -10.411 -10.305 -10.215 -9.916 -9.617 -9.277 -10.064 -9.873 -9.613 -9.267 -8.906 -8.481 -9.882 -9.509 -9.069 -8.736 -8.418 -9.495 -9.104 -8.78 -8.569 -8.559 -9.122 -9.338 -8.933 -7.772 -7.241 -6.622 -9.191
0.036793 -10.447 -10.344 -10.256 -9.962 -9.665 -9.327 -10.105 -9.919 -9.661 -9.316 -8.957 -8.532 -9.928 -9.557 -9.119 -8.787 -8.469 -9.543 -9.154 -8.83 -8.619 -8.607 -9.171 -9.387 -8.983 -7.824 -7.294 -6.676 -9.24
0.037906 -10.483 -10.383 -10.296 -10.007 -9.712 -9.376 -10.146 -9.965 -9.708 -9.366 -9.007 -8.583 -9.974 -9.605 -9.169 -8.838 -8.521 -9.591 -9.203 -8.88 -8.668 -8.654 -9.221 -9.435 -9.033 -7.877 -7.347 -6.729 -9.289
0.039052 -10.518 -10.422 -10.337 -10.053 -9.76 -9.425 -10.187 -10.01 -9.756 -9.415 -9.057 -8.635 -10.019 -9.654 -9.219 -8.889 -8.572 -9.638 -9.252 -8.93 -8.718 -8.702 -9.27 -9.484 -9.083 -7.929 -7.4 -6.783 -9.338
0.040234 -10.553 -10.461 -10.378 -10.098 -9.807 -9.474 -10.228 -10.056 -9.803 -9.464 -9.107 -8.686 -10.065 -9.701 -9.269 -8.939 -8.624 -9.686 -9.302 -8.98 -8.768 -8.75 -9.319 -9.533 -9.133 -7.982 -7.453 -6.836 -9.387
0.04145 -10.587 -10.499 -10.418 -10.143 -9.854 -9.523 -10.269 -10.101 -9.85 -9.513 -9.157 -8.737 -10.11 -9.749 -9.319 -8.99 -8.675 -9.734 -9.351 -9.03 -8.818 -8.798 -9.368 -9.581 -9.183 -8.034 -7.505 -6.889 -9.436
0.042704 -10.622 -10.537 -10.458 -10.188 -9.901 -9.572 -10.309 -10.147 -9.898 -9.562 -9.208 -8.788 -10.155 -9.797 -9.368 -9.041 -8.726 -9.781 -9.4 -9.08 -8.868 -8.846 -9.418 -9.63 -9.233 -8.086 -7.558 -6.943 -9.484
0.043996 -10.656 -10.575 -10.498 -10.233 -9.948 -9.62 -10.35 -10.192 -9.945 -9.61 -9.258 -8.839 -10.201 -9.845 -9.418 -9.091 -8.777 -9.829 -9.449 -9.13 -8.918 -8.894 -9.467 -9.678 -9.283 -8.139 -7.611 -6.996 -9.533
0.045326 -10.69 -10.613 -10.538 -10.277 -9.995 -9.669 -10.39 -10.237 -9.992 -9.659 -9.307 -8.89 -10.246 -9.892 -9.467 -9.142 -8.829 -9.876 -9.498 -9.18 -8.967 -8.942 -9.516 -9.727 -9.333 -8.191 -7.664 -7.049 -9.582
0.046697 -10.724 -10.65 -10.577 -10.322 -10.042 -9.718 -10.43 -10.282 -10.039 -9.708 -9.357 -8.941 -10.29 -9.94 -9.517 -9.192 -8.88 -9.924 -9.547 -9.229 -9.017 -8.99 -9.565 -9.775 -9.383 -8.243 -7.717 -7.103 -9.63
0.048109 -10.758 -10.688 -10.616 -10.366 -10.089 -9.766 -10.47 -10.327 -10.085 -9.756 -9.407 -8.992 -10.335 -9.987 -9.566 -9.242 -8.931 -9.971 -9.596 -9.279 -9.067 -9.038 -9.613 -9.823 -9.433 -8.295 -7.77 -7.156 -9.678
0.049564 -10.791 -10.725 -10.656 -10.41 -10.136 -9.815 -10.51 -10.371 -10.132 -9.805 -9.457 -9.043 -10.38 -10.034 -9.615 -9.293 -8.982 -10.018 -9.645 -9.329 -9.116 -9.086 -9.662 -9.871 -9.482 -8.347 -7.822 -7.209 -9.727
0.051063 -10.825 -10.762 -10.695 -10.454 -10.182 -9.863 -10.549 -10.416 -10.179 -9.853 -9.507 -9.094 -10.424 -10.081 -9.665 -9.343 -9.033 -10.065 -9.693 -9.378 -9.166 -9.134 -9.711 -9.919 -9.532 -8.399 -7.875 -7.262 -9.775
0.052608 -10.857 -10.798 -10.733 -10.498 -10.229 -9.912 -10.589 -10.46 -10.225 -9.902 -9.556 -9.145 -10.469 -10.129 -9.714 -9.393 -9.084 -10.112 -9.742 -9.428 -9.215 -9.182 -9.76 -9.967 -9.582 -8.451 -7.928 -7.315 -9.823
0.054199 -10.89 -10.835 -10.772 -10.542 -10.275 -9.96 -10.628 -10.505 -10.271 -9.95 -9.606 -9.195 -10.513 -10.176 -9.763 -9.443 -9.135 -10.159 -9.791 -9.477 -9.265 -9.229 -9.808 -10.015 -9.631 -8.503 -7.98 -7.369 -9.871
0.055838 -10.923 -10.871 -10.81 -10.586 -10.321 -10.008 -10.667 -10.549 -10.318 -9.998 -9.655 -9.246 -10.557 -10.222 -9.812 -9.493 -9.186 -10.206 -9.839 -9.527 -9.315 -9.277 -9.857 -10.062 -9.68 -8.555 -8.033 -7.422 -9.919
0.057527 -10.955 -10.907 -10.848 -10.63 -10.367 -10.056 -10.706 -10.593 -10.364 -10.046 -9.705 -9.297 -10.601 -10.269 -9.861 -9.543 -9.236 -10.252 -9.888 -9.576 -9.364 -9.325 -9.905 -10.11 -9.73 -8.607 -8.085 -7.475 -9.967
0.059267 -10.987 -10.942 -10.886 -10.673 -10.414 -10.104 -10.744 -10.637 -10.41 -10.094 -9.754 -9.347 -10.645 -10.316 -9.909 -9.593 -9.287 -10.299 -9.936 -9.625 -9.413 -9.373 -9.953 -10.158 -9.779 -8.659 -8.138 -7.528 -10.015
0.061059 -11.018 -10.978 -10.924 -10.716 -10.459 -10.152 -10.783 -10.68 -10.456 -10.142 -9.803 -9.398 -10.688 -10.362 -9.958 -9.643 -9.338 -10.346 -9.984 -9.675 -9.463 -9.421 -10.002 -10.205 -9.828 -8.711 -8.19 -7.581 -10.063
0.062906 -11.05 -11.013 -10.962 -10.759 -10.505 -10.2 -10.821 -10.724 -10.502 -10.19 -9.853 -9.448 -10.732 -10.409 -10.007 -9.693 -9.388 -10.392 -10.033 -9.724 -9.512 -9.469 -10.05 -10.252 -9.877 -8.763 -8.243 -7.634 -10.111
0.064808 -11.081 -11.048 -10.999 -10.802 -10.551 -10.247 -10.86 -10.767 -10.547 -10.238 -9.902 -9.499 -10.775 -10.455 -10.056 -9.743 -9.439 -10.438 -10.081 -9.773 -9.562 -9.517 -10.098 -10.3 -9.926 -8.815 -8.295 -7.687 -10.158
0.066769 -11.112 -11.083 -11.036 -10.845 -10.597 -10.295 -10.898 -10.811 -10.593 -10.285 -9.951 -9.549 -10.819 -10.502 -10.104 -9.792 -9.49 -10.485 -10.129 -9.822 -9.611 -9.565 -10.146 -10.347 -9.975 -8.867 -8.348 -7.74 -10.206
0.068788 -11.143 -11.117 -11.073 -10.888 -10.642 -10.343 -10.935 -10.854 -10.638 -10.333 -10.0 -9.599 -10.862 -10.548 -10.153 -9.842 -9.54 -10.531 -10.177 -9.871 -9.66 -9.613 -10.194 -10.394 -10.024 -8.918 -8.4 -7.793 -10.253
0.070868 -11.173 -11.151 -11.11 -10.93 -10.687 -10.39 -10.973 -10.897 -10.684 -10.38 -10.049 -9.649 -10.905 -10.594 -10.201 -9.892 -9.591 -10.577 -10.225 -9.92 -9.709 -9.661 -10.241 -10.441 -10.073 -8.97 -8.453 -7.846 -10.3
0.073012 -11.203 -11.185 -11.146 -10.973 -10.733 -10.438 -11.01 -10.94 -10.729 -10.428 -10.098 -9.7 -10.947 -10.64 -10.249 -9.941 -9.641 -10.623 -10.273 -9.969 -9.759 -9.708 -10.289 -10.488 -10.122 -9.022 -8.505 -7.899 -10.348
0.07522 -11.233 -11.219 -11.183 -11.015 -10.778 -10.485 -11.048 -10.983 -10.774 -10.475 -10.146 -9.75 -10.99 -10.686 -10.298 -9.991 -9.691 -10.669 -10.321 -10.018 -9.808 -9.756 -10.337 -10.535 -10.171 -9.073 -8.557 -7.952 -10.395
0.077495 -11.263 -11.252 -11.219 -11.057 -10.823 -10.532 -11.085 -11.025 -10.819 -10.522 -10.195 -9.8 -11.033 -10.731 -10.346 -10.04 -9.742 -10.714 -10.369 -10.067 -9.857 -9.804 -10.384 -10.581 -10.219 -9.125 -8.609 -8.005 -10.442
0.079839 -11.292 -11.286 -11.254 -11.099 -10.868 -10.579 -11.122 -11.068 -10.864 -10.57 -10.244 -9.85 -11.075 -10.777 -10.394 -10.089 -9.792 -10.76 -10.416 -10.116 -9.906 -9.852 -10.432 -10.628 -10.268 -9.176 -8.662 -8.057 -10.489
0.082253 -11.321 -11.319 -11.29 -11.141 -10.912 -10.626 -11.159 -11.11 -10.909 -10.617 -10.292 -9.9 -11.117 -10.823 -10.442 -10.139 -9.842 -10.806 -10.464 -10.165 -9.955 -9.9 -10.479 -10.674 -10.316 -9.228 -8.714 -8.11 -10.536
0.084741 -11.35 -11.351 -11.325 -11.182 -10.957 -10.673 -11.195 -11.152 -10.953 -10.664 -10.341 -9.95 -11.159 -10.868 -10.49 -10.188 -9.892 -10.851 -10.511 -10.213 -10.004 -9.948 -10.527 -10.721 -10.365 -9.279 -8.766 -8.163 -10.582
0.087304 -11.378 -11.384 -11.361 -11.224 -11.002 -10.72 -11.231 -11.194 -10.998 -10.71 -10.389 -10.0 -11.201 -10.913 -10.538 -10.237 -9.942 -10.896 -10.559 -10.262 -10.053 -9.995 -10.574 -10.767 -10.413 -9.331 -8.818 -8.216 -10.629
