web/models/kne.last_good/kappa_1_10/24/villar_0.1173_0.2963_1.0000.dat
# %ECSV 1.0
# ---
# datatype:
# - {name: time, datatype: float64}
# - {name: swift_uvot_uvw2, datatype: float64}
# - {name: swift_uvot_uvm2, datatype: float64}
# - {name: swift_uvot_uvw1, datatype: float64}
# - {name: swift_uvot_U, datatype: float64}
# - {name: swift_uvot_B, datatype: float64}
# - {name: swift_uvot_V, datatype: float64}
# - {name: swift_uvot_W, datatype: float64}
# - {name: johnson_U, datatype: float64}
# - {name: johnson_B, datatype: float64}
# - {name: johnson_V, datatype: float64}
# - {name: johnson_R, datatype: float64}
# - {name: johnson_I, datatype: float64}
# - {name: sdss_u, datatype: float64}
# - {name: sdss_g, datatype: float64}
# - {name: sdss_r, datatype: float64}
# - {name: sdss_i, datatype: float64}
# - {name: sdss_z, datatype: float64}
# - {name: PS1_g, datatype: float64}
# - {name: PS1_r, datatype: float64}
# - {name: PS1_i, datatype: float64}
# - {name: PS1_z, datatype: float64}
# - {name: PS1_Y, datatype: float64}
# - {name: PS1_w, datatype: float64}
# - {name: ATLAS_c, datatype: float64}
# - {name: ATLAS_o, datatype: float64}
# - {name: ukirt_J, datatype: float64}
# - {name: ukirt_H, datatype: float64}
# - {name: ukirt_K, datatype: float64}
# - {name: Clear, datatype: float64}
# meta: !!omap
# - comment: [kappa = 1.0, type = villar, mass = 0.11727632184323686, velocity = 0.29633333333333334, theta_obs = 0.0]
# schema: astropy-2.0
time swift_uvot_uvw2 swift_uvot_uvm2 swift_uvot_uvw1 swift_uvot_U swift_uvot_B swift_uvot_V swift_uvot_W johnson_U johnson_B johnson_V johnson_R johnson_I sdss_u sdss_g sdss_r sdss_i sdss_z PS1_g PS1_r PS1_i PS1_z PS1_Y PS1_w ATLAS_c ATLAS_o ukirt_J ukirt_H ukirt_K Clear
[from data line 145]
0.07522 -13.261 -13.389 -13.469 -13.553 -13.441 -13.242 -13.403 -13.542 -13.438 -13.234 -12.97 -12.63 -13.546 -13.381 -13.096 -12.842 -12.58 -13.369 -13.109 -12.856 -12.664 -12.585 -13.112 -13.272 -12.99 -12.017 -11.53 -10.949 -13.149
0.077495 -13.28 -13.412 -13.497 -13.588 -13.481 -13.286 -13.434 -13.578 -13.478 -13.277 -13.016 -12.678 -13.583 -13.422 -13.141 -12.889 -12.629 -13.411 -13.154 -12.903 -12.712 -12.632 -13.156 -13.314 -13.036 -12.067 -11.582 -11.001 -13.193
0.079839 -13.298 -13.435 -13.523 -13.624 -13.521 -13.329 -13.464 -13.615 -13.518 -13.321 -13.061 -12.726 -13.619 -13.464 -13.186 -12.936 -12.677 -13.453 -13.199 -12.949 -12.759 -12.679 -13.201 -13.357 -13.081 -12.117 -11.633 -11.054 -13.236
0.082253 -13.316 -13.457 -13.55 -13.659 -13.561 -13.372 -13.494 -13.651 -13.558 -13.364 -13.107 -12.774 -13.655 -13.505 -13.231 -12.982 -12.725 -13.494 -13.244 -12.996 -12.807 -12.726 -13.245 -13.4 -13.127 -12.167 -11.684 -11.106 -13.279
0.084741 -13.333 -13.479 -13.576 -13.694 -13.601 -13.416 -13.524 -13.687 -13.598 -13.408 -13.153 -12.822 -13.691 -13.546 -13.276 -13.029 -12.773 -13.535 -13.288 -13.042 -12.854 -12.773 -13.289 -13.442 -13.172 -12.217 -11.735 -11.158 -13.323
0.087304 -13.35 -13.5 -13.602 -13.729 -13.64 -13.459 -13.553 -13.722 -13.637 -13.451 -13.198 -12.87 -13.726 -13.586 -13.32 -13.076 -12.821 -13.577 -13.333 -13.089 -12.901 -12.82 -13.333 -13.485 -13.218 -12.267 -11.786 -11.21 -13.366
0.089944 -13.366 -13.521 -13.628 -13.764 -13.68 -13.502 -13.583 -13.758 -13.677 -13.494 -13.244 -12.917 -13.762 -13.627 -13.365 -13.122 -12.869 -13.617 -13.377 -13.135 -12.949 -12.867 -13.376 -13.527 -13.263 -12.317 -11.837 -11.262 -13.409
0.092665 -13.382 -13.541 -13.653 -13.798 -13.719 -13.544 -13.612 -13.793 -13.716 -13.536 -13.289 -12.965 -13.797 -13.667 -13.409 -13.168 -12.917 -13.658 -13.421 -13.181 -12.996 -12.914 -13.42 -13.569 -13.308 -12.367 -11.888 -11.313 -13.452
0.095467 -13.398 -13.561 -13.678 -13.832 -13.758 -13.587 -13.64 -13.828 -13.755 -13.579 -13.334 -13.012 -13.831 -13.708 -13.453 -13.215 -12.964 -13.699 -13.465 -13.227 -13.043 -12.961 -13.463 -13.611 -13.353 -12.417 -11.939 -11.365 -13.494
0.098355 -13.413 -13.581 -13.702 -13.866 -13.796 -13.629 -13.669 -13.863 -13.793 -13.622 -13.379 -13.059 -13.866 -13.748 -13.497 -13.261 -13.012 -13.739 -13.509 -13.273 -13.09 -13.008 -13.506 -13.653 -13.398 -12.467 -11.99 -11.417 -13.537
0.101329 -13.428 -13.6 -13.726 -13.899 -13.835 -13.672 -13.697 -13.897 -13.832 -13.664 -13.424 -13.107 -13.9 -13.787 -13.541 -13.307 -13.06 -13.779 -13.553 -13.319 -13.136 -13.054 -13.55 -13.694 -13.443 -12.516 -12.041 -11.469 -13.579
0.104394 -13.442 -13.619 -13.75 -13.933 -13.873 -13.714 -13.726 -13.931 -13.87 -13.706 -13.469 -13.154 -13.934 -13.827 -13.585 -13.353 -13.107 -13.819 -13.597 -13.365 -13.183 -13.101 -13.592 -13.735 -13.488 -12.566 -12.092 -11.521 -13.621
0.107551 -13.456 -13.637 -13.773 -13.966 -13.911 -13.756 -13.753 -13.965 -13.908 -13.748 -13.514 -13.201 -13.968 -13.866 -13.629 -13.399 -13.154 -13.859 -13.64 -13.41 -13.23 -13.148 -13.635 -13.777 -13.532 -12.615 -12.142 -11.572 -13.663
0.110804 -13.469 -13.655 -13.796 -13.998 -13.949 -13.797 -13.781 -13.998 -13.946 -13.79 -13.558 -13.248 -14.001 -13.906 -13.672 -13.444 -13.202 -13.899 -13.683 -13.456 -13.276 -13.194 -13.678 -13.818 -13.576 -12.665 -12.193 -11.624 -13.705
0.114155 -13.482 -13.672 -13.819 -14.031 -13.987 -13.839 -13.808 -14.032 -13.984 -13.832 -13.603 -13.294 -14.034 -13.945 -13.716 -13.49 -13.249 -13.938 -13.727 -13.501 -13.323 -13.241 -13.721 -13.858 -13.621 -12.714 -12.244 -11.676 -13.747
0.117608 -13.494 -13.689 -13.841 -14.063 -14.024 -13.881 -13.835 -14.065 -14.021 -13.873 -13.647 -13.341 -14.067 -13.984 -13.759 -13.535 -13.296 -13.978 -13.77 -13.546 -13.369 -13.287 -13.763 -13.899 -13.665 -12.764 -12.294 -11.727 -13.789
0.121165 -13.506 -13.705 -13.863 -14.094 -14.062 -13.922 -13.862 -14.097 -14.059 -13.914 -13.691 -13.388 -14.1 -14.022 -13.802 -13.581 -13.343 -14.017 -13.813 -13.591 -13.416 -13.333 -13.805 -13.94 -13.709 -12.813 -12.345 -11.779 -13.83
0.124829 -13.517 -13.721 -13.884 -14.126 -14.099 -13.963 -13.889 -14.13 -14.096 -13.956 -13.735 -13.434 -14.132 -14.061 -13.845 -13.626 -13.39 -14.056 -13.855 -13.637 -13.462 -13.38 -13.847 -13.98 -13.753 -12.862 -12.395 -11.83 -13.871
0.128605 -13.528 -13.736 -13.905 -14.157 -14.135 -14.004 -13.915 -14.162 -14.132 -13.997 -13.779 -13.481 -14.164 -14.099 -13.888 -13.671 -13.436 -14.094 -13.898 -13.681 -13.508 -13.426 -13.889 -14.02 -13.796 -12.911 -12.446 -11.882 -13.912
0.132494 -13.538 -13.751 -13.926 -14.188 -14.172 -14.044 -13.941 -14.194 -14.169 -14.037 -13.823 -13.527 -14.196 -14.137 -13.93 -13.716 -13.483 -14.133 -13.941 -13.726 -13.554 -13.472 -13.931 -14.06 -13.84 -12.96 -12.496 -11.933 -13.953
0.136502 -13.548 -13.766 -13.946 -14.218 -14.208 -14.085 -13.967 -14.225 -14.205 -14.078 -13.867 -13.573 -14.227 -14.174 -13.973 -13.761 -13.53 -14.171 -13.983 -13.771 -13.6 -13.518 -13.972 -14.1 -13.883 -13.009 -12.546 -11.985 -13.994
0.14063 -13.558 -13.779 -13.965 -14.249 -14.244 -14.125 -13.992 -14.257 -14.241 -14.118 -13.91 -13.619 -14.258 -14.212 -14.015 -13.805 -13.576 -14.209 -14.025 -13.815 -13.646 -13.564 -14.014 -14.139 -13.927 -13.058 -12.597 -12.036 -14.035
0.144883 -13.566 -13.793 -13.985 -14.279 -14.28 -14.166 -14.018 -14.288 -14.277 -14.159 -13.953 -13.665 -14.289 -14.249 -14.057 -13.85 -13.622 -14.247 -14.067 -13.86 -13.691 -13.61 -14.055 -14.178 -13.97 -13.107 -12.647 -12.087 -14.075
0.149265 -13.575 -13.806 -14.004 -14.308 -14.315 -14.206 -14.043 -14.318 -14.313 -14.199 -13.996 -13.711 -14.319 -14.286 -14.099 -13.894 -13.669 -14.285 -14.109 -13.904 -13.737 -13.656 -14.096 -14.217 -14.013 -13.156 -12.697 -12.139 -14.115
0.15378 -13.582 -13.818 -14.022 -14.337 -14.351 -14.245 -14.067 -14.348 -14.348 -14.239 -14.039 -13.757 -14.349 -14.323 -14.141 -13.939 -13.715 -14.322 -14.151 -13.948 -13.782 -13.701 -14.137 -14.256 -14.056 -13.205 -12.747 -12.19 -14.155
0.15843 -13.59 -13.83 -14.04 -14.366 -14.386 -14.285 -14.092 -14.378 -14.383 -14.278 -14.082 -13.802 -14.379 -14.36 -14.182 -13.983 -13.761 -14.359 -14.192 -13.992 -13.828 -13.747 -14.178 -14.295 -14.098 -13.253 -12.797 -12.241 -14.195
0.163222 -13.596 -13.841 -14.057 -14.395 -14.42 -14.324 -14.116 -14.408 -14.418 -14.318 -14.125 -13.848 -14.408 -14.396 -14.224 -14.027 -13.807 -14.396 -14.233 -14.036 -13.873 -13.792 -14.218 -14.334 -14.141 -13.302 -12.847 -12.292 -14.235
0.168159 -13.602 -13.851 -14.074 -14.423 -14.455 -14.363 -14.14 -14.437 -14.452 -14.357 -14.168 -13.893 -14.437 -14.432 -14.265 -14.071 -13.852 -14.433 -14.275 -14.08 -13.918 -13.838 -14.259 -14.372 -14.183 -13.35 -12.897 -12.343 -14.275
0.173245 -13.608 -13.861 -14.091 -14.451 -14.489 -14.402 -14.163 -14.466 -14.486 -14.396 -14.21 -13.939 -14.466 -14.468 -14.306 -14.115 -13.898 -14.469 -14.315 -14.124 -13.963 -13.883 -14.299 -14.41 -14.225 -13.399 -12.947 -12.394 -14.314
0.178484 -13.613 -13.871 -14.107 -14.478 -14.523 -14.441 -14.187 -14.495 -14.52 -14.435 -14.252 -13.984 -14.494 -14.504 -14.347 -14.158 -13.944 -14.505 -14.356 -14.167 -14.008 -13.929 -14.339 -14.448 -14.267 -13.447 -12.997 -12.445 -14.353
0.183882 -13.617 -13.88 -14.123 -14.505 -14.556 -14.48 -14.21 -14.523 -14.554 -14.473 -14.294 -14.029 -14.522 -14.539 -14.388 -14.202 -13.989 -14.541 -14.397 -14.211 -14.053 -13.974 -14.379 -14.485 -14.309 -13.495 -13.046 -12.496 -14.392
0.189444 -13.621 -13.888 -14.138 -14.532 -14.59 -14.518 -14.232 -14.551 -14.587 -14.512 -14.336 -14.074 -14.55 -14.574 -14.428 -14.245 -14.034 -14.577 -14.437 -14.254 -14.098 -14.019 -14.418 -14.523 -14.351 -13.543 -13.096 -12.547 -14.431
0.195173 -13.624 -13.896 -14.153 -14.558 -14.623 -14.556 -14.255 -14.578 -14.621 -14.55 -14.378 -14.118 -14.577 -14.609 -14.469 -14.288 -14.08 -14.612 -14.478 -14.297 -14.142 -14.064 -14.458 -14.56 -14.392 -13.591 -13.145 -12.598 -14.469
0.201076 -13.627 -13.903 -14.167 -14.584 -14.656 -14.594 -14.277 -14.606 -14.653 -14.588 -14.419 -14.163 -14.604 -14.644 -14.509 -14.331 -14.125 -14.648 -14.518 -14.34 -14.187 -14.109 -14.497 -14.597 -14.433 -13.639 -13.195 -12.649 -14.508
0.207158 -13.629 -13.909 -14.18 -14.61 -14.688 -14.631 -14.299 -14.632 -14.686 -14.626 -14.461 -14.207 -14.631 -14.678 -14.549 -14.374 -14.17 -14.683 -14.557 -14.382 -14.231 -14.153 -14.536 -14.634 -14.475 -13.687 -13.244 -12.699 -14.546
0.213423 -13.631 -13.915 -14.194 -14.635 -14.72 -14.669 -14.32 -14.659 -14.718 -14.663 -14.502 -14.252 -14.657 -14.712 -14.588 -14.417 -14.214 -14.717 -14.597 -14.425 -14.275 -14.198 -14.575 -14.67 -14.515 -13.735 -13.294 -12.75 -14.584
0.219878 -13.631 -13.921 -14.206 -14.66 -14.752 -14.706 -14.341 -14.685 -14.75 -14.7 -14.543 -14.296 -14.683 -14.746 -14.628 -14.459 -14.259 -14.752 -14.636 -14.467 -14.319 -14.243 -14.613 -14.706 -14.556 -13.782 -13.343 -12.8 -14.621
0.226528 -13.632 -13.925 -14.218 -14.684 -14.783 -14.743 -14.362 -14.71 -14.781 -14.737 -14.584 -14.34 -14.708 -14.779 -14.667 -14.501 -14.303 -14.786 -14.676 -14.51 -14.363 -14.287 -14.651 -14.742 -14.597 -13.83 -13.392 -12.851 -14.659
0.233379 -13.631 -13.929 -14.23 -14.708 -14.815 -14.779 -14.383 -14.735 -14.813 -14.774 -14.624 -14.384 -14.733 -14.812 -14.706 -14.544 -14.348 -14.82 -14.715 -14.552 -14.407 -14.331 -14.69 -14.778 -14.637 -13.877 -13.441 -12.901 -14.696
0.240437 -13.63 -13.932 -14.241 -14.731 -14.845 -14.816 -14.403 -14.76 -14.844 -14.811 -14.665 -14.428 -14.757 -14.845 -14.745 -14.586 -14.392 -14.853 -14.754 -14.594 -14.45 -14.376 -14.728 -14.813 -14.677 -13.925 -13.49 -12.952 -14.733
0.247709 -13.628 -13.935 -14.251 -14.754 -14.876 -14.852 -14.423 -14.785 -14.874 -14.847 -14.705 -14.471 -14.781 -14.877 -14.784 -14.627 -14.436 -14.886 -14.792 -14.635 -14.494 -14.42 -14.765 -14.848 -14.717 -13.972 -13.539 -13.002 -14.77
0.255201 -13.626 -13.937 -14.261 -14.777 -14.906 -14.888 -14.443 -14.808 -14.904 -14.883 -14.745 -14.515 -14.805 -14.91 -14.822 -14.669 -14.48 -14.919 -14.83 -14.677 -14.537 -14.464 -14.803 -14.883 -14.757 -14.019 -13.588 -13.053 -14.806
0.262919 -13.623 -13.938 -14.27 -14.799 -14.936 -14.923 -14.462 -14.832 -14.934 -14.918 -14.785 -14.558 -14.828 -14.941 -14.86 -14.71 -14.524 -14.952 -14.869 -14.718 -14.58 -14.507 -14.84 -14.918 -14.796 -14.066 -13.637 -13.103 -14.843
0.270871 -13.619 -13.938 -14.279 -14.821 -14.965 -14.959 -14.481 -14.855 -14.964 -14.954 -14.824 -14.601 -14.851 -14.973 -14.898 -14.752 -14.567 -14.984 -14.906 -14.759 -14.623 -14.551 -14.877 -14.952 -14.836 -14.113 -13.686 -13.153 -14.879
0.279064 -13.615 -13.938 -14.287 -14.842 -14.994 -14.994 -14.5 -14.878 -14.993 -14.989 -14.863 -14.644 -14.873 -15.004 -14.936 -14.793 -14.611 -15.016 -14.944 -14.8 -14.666 -14.595 -14.914 -14.986 -14.875 -14.16 -13.734 -13.203 -14.915
0.287504 -13.61 -13.937 -14.295 -14.863 -15.023 -15.028 -14.518 -14.9 -15.022 -15.024 -14.903 -14.687 -14.895 -15.035 -14.973 -14.834 -14.654 -15.048 -14.981 -14.841 -14.709 -14.638 -14.95 -15.02 -14.914 -14.207 -13.783 -13.253 -14.95
0.296199 -13.604 -13.935 -14.302 -14.883 -15.051 -15.063 -14.536 -14.921 -15.05 -15.058 -14.941 -14.729 -14.916 -15.065 -15.011 -14.874 -14.697 -15.079 -15.019 -14.882 -14.751 -14.681 -14.986 -15.053 -14.952 -14.253 -13.831 -13.303 -14.985
0.305157 -13.598 -13.932 -14.308 -14.903 -15.079 -15.097 -14.554 -14.943 -15.078 -15.093 -14.98 -14.772 -14.937 -15.096 -15.048 -14.915 -14.74 -15.11 -15.055 -14.922 -14.794 -14.725 -15.022 -15.086 -14.991 -14.3 -13.88 -13.353 -15.02
0.314387 -13.59 -13.929 -14.314 -14.922 -15.107 -15.131 -14.571 -14.963 -15.106 -15.127 -15.019 -14.814 -14.958 -15.125 -15.084 -14.955 -14.783 -15.141 -15.092 -14.962 -14.836 -14.768 -15.058 -15.119 -15.029 -14.346 -13.928 -13.403 -15.055
0.323895 -13.582 -13.925 -14.319 -14.941 -15.134 -15.164 -14.588 -14.983 -15.133 -15.16 -15.057 -14.856 -14.977 -15.155 -15.121 -14.995 -14.825 -15.171 -15.128 -15.002 -14.878 -14.81 -15.094 -15.152 -15.067 -14.392 -13.976 -13.453 -15.09
0.333691 -13.574 -13.92 -14.323 -14.959 -15.161 -15.197 -14.604 -15.003 -15.16 -15.194 -15.095 -14.898 -14.997 -15.184 -15.157 -15.035 -14.868 -15.201 -15.165 -15.042 -14.92 -14.853 -15.129 -15.184 -15.105 -14.439 -14.024 -13.502 -15.124
0.343783 -13.564 -13.914 -14.327 -14.976 -15.187 -15.23 -14.62 -15.022 -15.186 -15.227 -15.132 -14.94 -15.015 -15.213 -15.193 -15.074 -14.91 -15.231 -15.2 -15.082 -14.961 -14.896 -15.164 -15.215 -15.142 -14.485 -14.072 -13.552 -15.158
0.354181 -13.554 -13.908 -14.33 -14.994 -15.213 -15.263 -14.636 -15.041 -15.212 -15.259 -15.17 -14.981 -15.034 -15.241 -15.228 -15.113 -14.952 -15.26 -15.236 -15.121 -15.003 -14.938 -15.198 -15.247 -15.179 -14.53 -14.12 -13.601 -15.192
0.364893 -13.543 -13.9 -14.332 -15.01 -15.238 -15.295 -14.651 -15.059 -15.238 -15.292 -15.207 -15.022 -15.051 -15.269 -15.263 -15.153 -14.994 -15.289 -15.271 -15.16 -15.044 -14.98 -15.233 -15.278 -15.216 -14.576 -14.168 -13.651 -15.225
0.375929 -13.531 -13.892 -14.334 -15.026 -15.263 -15.327 -14.666 -15.076 -15.263 -15.324 -15.244 -15.063 -15.069 -15.296 -15.298 -15.191 -15.036 -15.317 -15.306 -15.199 -15.085 -15.022 -15.267 -15.309 -15.253 -14.622 -14.216 -13.7 -15.258
0.387298 -13.519 -13.883 -14.335 -15.041 -15.288 -15.358 -14.681 -15.093 -15.287 -15.355 -15.281 -15.104 -15.085 -15.323 -15.333 -15.23 -15.077 -15.345 -15.341 -15.238 -15.126 -15.064 -15.3 -15.339 -15.289 -14.667 -14.263 -13.749 -15.291
0.399012 -13.506 -13.872 -14.335 -15.056 -15.312 -15.389 -14.695 -15.11 -15.311 -15.387 -15.317 -15.145 -15.101 -15.35 -15.367 -15.268 -15.118 -15.373 -15.375 -15.276 -15.166 -15.106 -15.334 -15.369 -15.325 -14.712 -14.311 -13.799 -15.323
0.41108 -13.491 -13.861 -14.334 -15.07 -15.335 -15.42 -14.709 -15.126 -15.335 -15.417 -15.353 -15.185 -15.117 -15.376 -15.401 -15.306 -15.159 -15.4 -15.409 -15.314 -15.207 -15.147 -15.367 -15.399 -15.361 -14.757 -14.358 -13.848 -15.356
0.423513 -13.476 -13.849 -14.333 -15.084 -15.359 -15.451 -14.722 -15.141 -15.358 -15.448 -15.389 -15.226 -15.131 -15.402 -15.435 -15.344 -15.2 -15.427 -15.443 -15.352 -15.247 -15.189 -15.4 -15.428 -15.396 -14.802 -14.405 -13.897 -15.387
0.436321 -13.461 -13.836 -14.331 -15.097 -15.381 -15.481 -14.735 -15.155 -15.381 -15.478 -15.424 -15.266 -15.145 -15.427 -15.468 -15.382 -15.241 -15.453 -15.476 -15.389 -15.287 -15.23 -15.432 -15.457 -15.431 -14.847 -14.452 -13.946 -15.419
0.449518 -13.444 -13.822 -14.328 -15.109 -15.403 -15.51 -14.747 -15.169 -15.403 -15.508 -15.46 -15.305 -15.159 -15.452 -15.501 -15.419 -15.281 -15.479 -15.509 -15.427 -15.327 -15.271 -15.464 -15.485 -15.466 -14.892 -14.499 -13.994 -15.45
0.463113 -13.426 -13.807 -14.324 -15.12 -15.425 -15.539 -14.759 -15.183 -15.425 -15.537 -15.494 -15.345 -15.172 -15.476 -15.534 -15.456 -15.321 -15.505 -15.542 -15.464 -15.366 -15.311 -15.496 -15.514 -15.501 -14.936 -14.546 -14.043 -15.481
0.47712 -13.408 -13.791 -14.319 -15.131 -15.446 -15.568 -14.771 -15.195 -15.446 -15.566 -15.529 -15.384 -15.184 -15.5 -15.566 -15.493 -15.361 -15.529 -15.574 -15.5 -15.405 -15.352 -15.527 -15.541 -15.535 -14.981 -14.593 -14.092 -15.511
0.49155 -13.389 -13.774 -14.314 -15.141 -15.466 -15.596 -14.782 -15.207 -15.467 -15.595 -15.563 -15.423 -15.195 -15.523 -15.598 -15.529 -15.4 -15.554 -15.606 -15.537 -15.444 -15.392 -15.558 -15.568 -15.569 -15.025 -14.639 -14.14 -15.541
0.506416 -13.368 -13.756 -14.308 -15.151 -15.486 -15.624 -14.793 -15.219 -15.487 -15.623 -15.597 -15.462 -15.206 -15.546 -15.63 -15.565 -15.44 -15.578 -15.637 -15.573 -15.483 -15.432 -15.589 -15.595 -15.602 -15.069 -14.686 -14.189 -15.571
0.521733 -13.347 -13.736 -14.3 -15.159 -15.505 -15.651 -14.803 -15.229 -15.506 -15.65 -15.63 -15.5 -15.216 -15.568 -15.661 -15.601 -15.479 -15.601 -15.669 -15.609 -15.522 -15.472 -15.619 -15.621 -15.635 -15.113 -14.732 -14.237 -15.6
0.537512 -13.325 -13.716 -14.292 -15.167 -15.524 -15.678 -14.812 -15.239 -15.525 -15.677 -15.664 -15.538 -15.226 -15.59 -15.691 -15.636 -15.518 -15.624 -15.699 -15.644 -15.56 -15.512 -15.649 -15.647 -15.668 -15.156 -14.778 -14.285 -15.629
