web/models/grb/onaxis/14/grb_0.0000_1000.0000_0.0000016.dat
# %ECSV 1.0
# ---
# datatype:
# - {name: time, datatype: float64}
# - {name: swift_uvot_uvw2, datatype: float64}
# - {name: swift_uvot_uvm2, datatype: float64}
# - {name: swift_uvot_uvw1, datatype: float64}
# - {name: swift_uvot_U, datatype: float64}
# - {name: swift_uvot_B, datatype: float64}
# - {name: swift_uvot_V, datatype: float64}
# - {name: swift_uvot_W, datatype: float64}
# - {name: johnson_U, datatype: float64}
# - {name: johnson_B, datatype: float64}
# - {name: johnson_V, datatype: float64}
# - {name: johnson_R, datatype: float64}
# - {name: johnson_I, datatype: float64}
# - {name: sdss_u, datatype: float64}
# - {name: sdss_g, datatype: float64}
# - {name: sdss_r, datatype: float64}
# - {name: sdss_i, datatype: float64}
# - {name: sdss_z, datatype: float64}
# - {name: PS1_g, datatype: float64}
# - {name: PS1_r, datatype: float64}
# - {name: PS1_i, datatype: float64}
# - {name: PS1_z, datatype: float64}
# - {name: PS1_Y, datatype: float64}
# - {name: ukirt_J, datatype: float64}
# - {name: ukirt_H, datatype: float64}
# - {name: ukirt_K, datatype: float64}
# meta: !!omap
# - comment: [E = 0.43396498804093575, Eta0 = 8.02, GammaB = 12.0, dL = 0.012188, epsb = 6.760829753919819e-06, epse = 0.1, n = 1.584893192461114e-06,
#     p = 2.15, theta_obs = 0.0, xiN = 1.0, z = 0.0, type = grb, E_kiso = 1000.0]
# schema: astropy-2.0
time swift_uvot_uvw2 swift_uvot_uvm2 swift_uvot_uvw1 swift_uvot_U swift_uvot_B swift_uvot_V swift_uvot_W johnson_U johnson_B johnson_V johnson_R johnson_I sdss_u sdss_g sdss_r sdss_i sdss_z PS1_g PS1_r PS1_i PS1_z PS1_Y ukirt_J ukirt_H ukirt_K
[from data line 348]
40.046 -3.44 -3.39 -3.465 -3.658 -3.8 -3.939 -3.579 -3.68 -3.803 -3.945 -4.085 -4.234 -3.675 -3.848 -4.02 -4.14 -4.251 -3.912 -4.054 -4.174 -4.273 -4.441 -4.463 -4.632 -4.823
41.0121 -3.4 -3.35 -3.425 -3.618 -3.76 -3.9 -3.539 -3.64 -3.763 -3.905 -4.045 -4.194 -3.635 -3.808 -3.98 -4.101 -4.211 -3.872 -4.014 -4.134 -4.233 -4.401 -4.423 -4.592 -4.783
42.0014 -3.36 -3.31 -3.385 -3.578 -3.721 -3.86 -3.499 -3.601 -3.723 -3.865 -4.005 -4.154 -3.596 -3.768 -3.94 -4.061 -4.171 -3.832 -3.974 -4.094 -4.193 -4.362 -4.383 -4.553 -4.743
43.0146 -3.32 -3.271 -3.345 -3.538 -3.681 -3.82 -3.459 -3.561 -3.683 -3.825 -3.966 -4.114 -3.556 -3.728 -3.9 -4.021 -4.132 -3.792 -3.935 -4.055 -4.154 -4.322 -4.343 -4.513 -4.703
44.0523 -3.28 -3.231 -3.306 -3.499 -3.641 -3.78 -3.419 -3.521 -3.643 -3.785 -3.926 -4.074 -3.516 -3.689 -3.86 -3.981 -4.092 -3.752 -3.895 -4.015 -4.114 -4.282 -4.304 -4.473 -4.663
45.1149 -3.236 -3.186 -3.261 -3.454 -3.596 -3.736 -3.375 -3.476 -3.599 -3.741 -3.881 -4.03 -3.471 -3.644 -3.816 -3.937 -4.047 -3.708 -3.85 -3.97 -4.069 -4.237 -4.259 -4.428 -4.619
46.2033 -3.186 -3.137 -3.212 -3.405 -3.547 -3.686 -3.325 -3.427 -3.549 -3.691 -3.832 -3.98 -3.422 -3.595 -3.766 -3.887 -3.998 -3.658 -3.801 -3.921 -4.02 -4.188 -4.21 -4.379 -4.569
47.3178 -3.137 -3.087 -3.162 -3.355 -3.498 -3.637 -3.276 -3.378 -3.5 -3.642 -3.782 -3.931 -3.373 -3.545 -3.717 -3.838 -3.948 -3.609 -3.751 -3.871 -3.97 -4.139 -4.16 -4.33 -4.52
48.4593 -3.087 -3.038 -3.113 -3.306 -3.448 -3.587 -3.226 -3.328 -3.451 -3.592 -3.733 -3.881 -3.323 -3.496 -3.668 -3.788 -3.899 -3.559 -3.702 -3.822 -3.921 -4.089 -4.111 -4.28 -4.471
49.6283 -3.038 -2.989 -3.063 -3.256 -3.399 -3.538 -3.177 -3.279 -3.401 -3.543 -3.683 -3.832 -3.274 -3.446 -3.618 -3.739 -3.849 -3.51 -3.653 -3.772 -3.871 -4.04 -4.061 -4.231 -4.421
50.8255 -2.989 -2.939 -3.014 -3.207 -3.349 -3.488 -3.128 -3.229 -3.352 -3.494 -3.634 -3.783 -3.224 -3.397 -3.569 -3.689 -3.8 -3.461 -3.603 -3.723 -3.822 -3.99 -4.012 -4.181 -4.372
52.0515 -2.939 -2.89 -2.964 -3.157 -3.3 -3.439 -3.078 -3.18 -3.302 -3.444 -3.585 -3.733 -3.175 -3.347 -3.519 -3.64 -3.751 -3.411 -3.554 -3.674 -3.773 -3.941 -3.963 -4.132 -4.322
53.3072 -2.89 -2.84 -2.915 -3.108 -3.25 -3.39 -3.029 -3.13 -3.253 -3.395 -3.535 -3.684 -3.125 -3.298 -3.47 -3.59 -3.701 -3.362 -3.504 -3.624 -3.723 -3.891 -3.913 -4.082 -4.273
54.5931 -2.84 -2.791 -2.866 -3.059 -3.201 -3.34 -2.979 -3.081 -3.203 -3.345 -3.486 -3.634 -3.076 -3.249 -3.42 -3.541 -3.652 -3.312 -3.455 -3.575 -3.674 -3.842 -3.864 -4.033 -4.223
55.9101 -2.791 -2.741 -2.816 -3.009 -3.152 -3.291 -2.93 -3.032 -3.154 -3.296 -3.436 -3.585 -3.026 -3.199 -3.371 -3.492 -3.602 -3.263 -3.405 -3.525 -3.624 -3.793 -3.814 -3.984 -4.174
57.2588 -2.737 -2.687 -2.762 -2.955 -3.097 -3.237 -2.876 -2.977 -3.1 -3.242 -3.382 -3.531 -2.972 -3.145 -3.317 -3.438 -3.548 -3.209 -3.351 -3.471 -3.57 -3.738 -3.76 -3.929 -4.12
58.6401 -2.68 -2.631 -2.705 -2.898 -3.041 -3.18 -2.819 -2.921 -3.043 -3.185 -3.325 -3.474 -2.916 -3.088 -3.26 -3.381 -3.491 -3.152 -3.295 -3.414 -3.513 -3.682 -3.703 -3.873 -4.063
60.0546 -2.623 -2.574 -2.649 -2.842 -2.984 -3.123 -2.762 -2.864 -2.986 -3.128 -3.269 -3.417 -2.859 -3.032 -3.203 -3.324 -3.435 -3.095 -3.238 -3.358 -3.457 -3.625 -3.647 -3.816 -4.006
61.5034 -2.566 -2.517 -2.592 -2.785 -2.927 -3.066 -2.706 -2.807 -2.93 -3.072 -3.212 -3.361 -2.802 -2.975 -3.147 -3.267 -3.378 -3.039 -3.181 -3.301 -3.4 -3.568 -3.59 -3.759 -3.95
62.987 -2.51 -2.46 -2.535 -2.728 -2.87 -3.01 -2.649 -2.75 -2.873 -3.015 -3.155 -3.304 -2.745 -2.918 -3.09 -3.211 -3.321 -2.982 -3.124 -3.244 -3.343 -3.511 -3.533 -3.702 -3.893
64.5065 -2.453 -2.404 -2.478 -2.671 -2.814 -2.953 -2.592 -2.694 -2.816 -2.958 -3.098 -3.247 -2.689 -2.861 -3.033 -3.154 -3.264 -2.925 -3.068 -3.187 -3.286 -3.455 -3.476 -3.646 -3.836
66.0626 -2.396 -2.347 -2.422 -2.615 -2.757 -2.896 -2.535 -2.637 -2.759 -2.901 -3.042 -3.19 -2.632 -2.805 -2.976 -3.097 -3.208 -2.868 -3.011 -3.131 -3.23 -3.398 -3.42 -3.589 -3.779
67.6562 -2.339 -2.29 -2.365 -2.558 -2.7 -2.839 -2.479 -2.58 -2.703 -2.845 -2.985 -3.134 -2.575 -2.748 -2.92 -3.04 -3.151 -2.812 -2.954 -3.074 -3.173 -3.341 -3.363 -3.532 -3.723
69.2883 -2.283 -2.233 -2.308 -2.501 -2.644 -2.783 -2.422 -2.523 -2.646 -2.788 -2.928 -3.077 -2.518 -2.691 -2.863 -2.984 -3.094 -2.755 -2.897 -3.017 -3.116 -3.284 -3.306 -3.476 -3.666
70.9597 -2.226 -2.177 -2.251 -2.444 -2.587 -2.726 -2.365 -2.467 -2.589 -2.731 -2.872 -3.02 -2.462 -2.634 -2.806 -2.927 -3.037 -2.698 -2.841 -2.96 -3.059 -3.228 -3.249 -3.419 -3.609
72.6715 -2.171 -2.122 -2.197 -2.39 -2.532 -2.671 -2.31 -2.412 -2.535 -2.676 -2.817 -2.965 -2.407 -2.58 -2.751 -2.872 -2.983 -2.643 -2.786 -2.906 -3.005 -3.173 -3.195 -3.364 -3.554
74.4246 -2.117 -2.068 -2.143 -2.336 -2.478 -2.617 -2.256 -2.358 -2.48 -2.622 -2.763 -2.911 -2.353 -2.526 -2.697 -2.818 -2.929 -2.589 -2.732 -2.852 -2.951 -3.119 -3.141 -3.31 -3.5
76.2199 -2.063 -2.014 -2.089 -2.282 -2.424 -2.563 -2.202 -2.304 -2.426 -2.568 -2.709 -2.857 -2.299 -2.472 -2.643 -2.764 -2.875 -2.535 -2.678 -2.798 -2.897 -3.065 -3.087 -3.256 -3.446
78.0586 -2.009 -1.96 -2.035 -2.228 -2.37 -2.509 -2.148 -2.25 -2.372 -2.514 -2.655 -2.803 -2.245 -2.418 -2.589 -2.71 -2.821 -2.481 -2.624 -2.744 -2.843 -3.011 -3.033 -3.202 -3.392
79.9416 -1.955 -1.906 -1.981 -2.174 -2.316 -2.455 -2.094 -2.196 -2.318 -2.46 -2.601 -2.749 -2.191 -2.363 -2.535 -2.656 -2.767 -2.427 -2.57 -2.69 -2.789 -2.957 -2.979 -3.148 -3.338
81.87 -1.901 -1.852 -1.927 -2.119 -2.262 -2.401 -2.04 -2.142 -2.264 -2.406 -2.547 -2.695 -2.137 -2.309 -2.481 -2.602 -2.713 -2.373 -2.516 -2.636 -2.735 -2.903 -2.925 -3.094 -3.284
83.845 -1.847 -1.798 -1.872 -2.065 -2.208 -2.347 -1.986 -2.088 -2.21 -2.352 -2.493 -2.641 -2.083 -2.255 -2.427 -2.548 -2.659 -2.319 -2.462 -2.582 -2.681 -2.849 -2.871 -3.04 -3.23
85.8676 -1.793 -1.744 -1.818 -2.011 -2.154 -2.293 -1.932 -2.034 -2.156 -2.298 -2.439 -2.587 -2.029 -2.201 -2.373 -2.494 -2.605 -2.265 -2.408 -2.527 -2.626 -2.795 -2.816 -2.986 -3.176
87.939 -1.739 -1.69 -1.764 -1.957 -2.1 -2.239 -1.878 -1.98 -2.102 -2.244 -2.385 -2.533 -1.975 -2.147 -2.319 -2.44 -2.55 -2.211 -2.354 -2.473 -2.572 -2.741 -2.762 -2.932 -3.122
90.0604 -1.685 -1.635 -1.71 -1.903 -2.046 -2.185 -1.824 -1.926 -2.048 -2.19 -2.33 -2.479 -1.921 -2.093 -2.265 -2.386 -2.496 -2.157 -2.3 -2.419 -2.518 -2.687 -2.708 -2.878 -3.068
92.2329 -1.634 -1.584 -1.659 -1.852 -1.995 -2.134 -1.773 -1.875 -1.997 -2.139 -2.279 -2.428 -1.87 -2.042 -2.214 -2.335 -2.445 -2.106 -2.248 -2.368 -2.467 -2.636 -2.657 -2.827 -3.017
94.4579 -1.583 -1.534 -1.608 -1.801 -1.944 -2.083 -1.722 -1.824 -1.946 -2.088 -2.229 -2.377 -1.819 -1.991 -2.163 -2.284 -2.395 -2.055 -2.198 -2.318 -2.417 -2.585 -2.607 -2.776 -2.966
96.7365 -1.532 -1.483 -1.558 -1.751 -1.893 -2.032 -1.671 -1.773 -1.895 -2.037 -2.178 -2.326 -1.768 -1.941 -2.112 -2.233 -2.344 -2.004 -2.147 -2.267 -2.366 -2.534 -2.556 -2.725 -2.915
99.0701 -1.482 -1.432 -1.507 -1.7 -1.842 -1.981 -1.621 -1.722 -1.845 -1.987 -2.127 -2.276 -1.717 -1.89 -2.062 -2.182 -2.293 -1.954 -2.096 -2.216 -2.315 -2.483 -2.505 -2.674 -2.865
101.4599 -1.431 -1.381 -1.456 -1.649 -1.791 -1.931 -1.57 -1.671 -1.794 -1.936 -2.076 -2.225 -1.666 -1.839 -2.011 -2.132 -2.242 -1.903 -2.045 -2.165 -2.264 -2.432 -2.454 -2.623 -2.814
103.9075 -1.38 -1.33 -1.405 -1.598 -1.741 -1.88 -1.519 -1.621 -1.743 -1.885 -2.025 -2.174 -1.616 -1.788 -1.96 -2.081 -2.191 -1.852 -1.995 -2.114 -2.213 -2.382 -2.403 -2.573 -2.763
106.4141 -1.329 -1.28 -1.355 -1.547 -1.69 -1.829 -1.468 -1.57 -1.692 -1.834 -1.975 -2.123 -1.565 -1.737 -1.909 -2.03 -2.141 -1.801 -1.944 -2.064 -2.163 -2.331 -2.353 -2.522 -2.712
108.9811 -1.278 -1.229 -1.304 -1.497 -1.639 -1.778 -1.417 -1.519 -1.641 -1.783 -1.924 -2.072 -1.514 -1.687 -1.858 -1.979 -2.09 -1.75 -1.893 -2.013 -2.112 -2.28 -2.302 -2.471 -2.661
111.6101 -1.228 -1.178 -1.253 -1.446 -1.588 -1.727 -1.367 -1.468 -1.591 -1.733 -1.873 -2.022 -1.463 -1.636 -1.808 -1.928 -2.039 -1.7 -1.842 -1.962 -2.061 -2.229 -2.251 -2.42 -2.611
114.3025 -1.176 -1.127 -1.202 -1.395 -1.537 -1.676 -1.315 -1.417 -1.54 -1.681 -1.822 -1.97 -1.412 -1.585 -1.756 -1.877 -1.988 -1.648 -1.791 -1.911 -2.01 -2.178 -2.2 -2.369 -2.559
117.0598 -1.12 -1.07 -1.145 -1.338 -1.48 -1.62 -1.259 -1.36 -1.483 -1.625 -1.765 -1.914 -1.355 -1.528 -1.7 -1.82 -1.931 -1.592 -1.734 -1.854 -1.953 -2.121 -2.143 -2.312 -2.503
119.8836 -1.063 -1.013 -1.088 -1.281 -1.424 -1.563 -1.202 -1.304 -1.426 -1.568 -1.708 -1.857 -1.299 -1.471 -1.643 -1.764 -1.874 -1.535 -1.678 -1.797 -1.896 -2.065 -2.086 -2.256 -2.446
122.7756 -1.006 -0.957 -1.032 -1.225 -1.367 -1.506 -1.145 -1.247 -1.369 -1.511 -1.652 -1.8 -1.242 -1.414 -1.586 -1.707 -1.818 -1.478 -1.621 -1.741 -1.84 -2.008 -2.03 -2.199 -2.389
125.7373 -0.949 -0.9 -0.975 -1.168 -1.31 -1.449 -1.089 -1.19 -1.313 -1.455 -1.595 -1.744 -1.185 -1.358 -1.53 -1.65 -1.761 -1.422 -1.564 -1.684 -1.783 -1.951 -1.973 -2.142 -2.333
128.7705 -0.893 -0.843 -0.918 -1.111 -1.254 -1.393 -1.032 -1.134 -1.256 -1.398 -1.538 -1.687 -1.128 -1.301 -1.473 -1.594 -1.704 -1.365 -1.507 -1.627 -1.726 -1.895 -1.916 -2.086 -2.276
131.8769 -0.836 -0.787 -0.861 -1.054 -1.197 -1.336 -0.975 -1.077 -1.199 -1.341 -1.482 -1.63 -1.072 -1.244 -1.416 -1.537 -1.648 -1.308 -1.451 -1.57 -1.67 -1.838 -1.859 -2.029 -2.219
135.0582 -0.779 -0.73 -0.805 -0.998 -1.14 -1.279 -0.918 -1.02 -1.143 -1.284 -1.425 -1.573 -1.015 -1.188 -1.359 -1.48 -1.591 -1.251 -1.394 -1.514 -1.613 -1.781 -1.803 -1.972 -2.162
138.3162 -0.723 -0.673 -0.748 -0.941 -1.083 -1.223 -0.862 -0.963 -1.086 -1.228 -1.368 -1.517 -0.958 -1.131 -1.303 -1.423 -1.534 -1.195 -1.337 -1.457 -1.556 -1.724 -1.746 -1.915 -2.106
141.6528 -0.666 -0.616 -0.691 -0.884 -1.027 -1.166 -0.805 -0.907 -1.029 -1.171 -1.311 -1.46 -0.902 -1.074 -1.246 -1.367 -1.477 -1.138 -1.281 -1.4 -1.499 -1.668 -1.689 -1.859 -2.049
145.0699 -0.609 -0.559 -0.634 -0.827 -0.97 -1.109 -0.748 -0.85 -0.972 -1.114 -1.254 -1.403 -0.845 -1.017 -1.189 -1.31 -1.42 -1.081 -1.224 -1.343 -1.442 -1.611 -1.632 -1.802 -1.992
148.5695 -0.551 -0.501 -0.576 -0.769 -0.912 -1.051 -0.69 -0.792 -0.914 -1.056 -1.196 -1.345 -0.786 -0.959 -1.131 -1.252 -1.362 -1.023 -1.165 -1.285 -1.384 -1.553 -1.574 -1.744 -1.934
152.1534 -0.493 -0.443 -0.518 -0.711 -0.853 -0.993 -0.632 -0.733 -0.856 -0.998 -1.138 -1.287 -0.728 -0.901 -1.073 -1.194 -1.304 -0.965 -1.107 -1.227 -1.326 -1.494 -1.516 -1.685 -1.876
155.8238 -0.435 -0.385 -0.46 -0.653 -0.795 -0.934 -0.574 -0.675 -0.798 -0.94 -1.08 -1.229 -0.67 -0.843 -1.015 -1.135 -1.246 -0.907 -1.049 -1.169 -1.268 -1.436 -1.458 -1.627 -1.818
159.5828 -0.376 -0.327 -0.402 -0.595 -0.737 -0.876 -0.516 -0.617 -0.74 -0.882 -1.022 -1.171 -0.612 -0.785 -0.957 -1.077 -1.188 -0.849 -0.991 -1.111 -1.21 -1.378 -1.4 -1.569 -1.76
163.4324 -0.318 -0.269 -0.344 -0.537 -0.679 -0.818 -0.457 -0.559 -0.682 -0.823 -0.964 -1.112 -0.554 -0.727 -0.898 -1.019 -1.13 -0.79 -0.933 -1.053 -1.152 -1.32 -1.342 -1.511 -1.701
167.375 -0.26 -0.211 -0.286 -0.479 -0.621 -0.76 -0.399 -0.501 -0.623 -0.765 -0.906 -1.054 -0.496 -0.669 -0.84 -0.961 -1.072 -0.732 -0.875 -0.995 -1.094 -1.262 -1.284 -1.453 -1.643
171.4126 -0.202 -0.153 -0.228 -0.42 -0.563 -0.702 -0.341 -0.443 -0.565 -0.707 -0.848 -0.996 -0.438 -0.61 -0.782 -0.903 -1.014 -0.674 -0.817 -0.937 -1.036 -1.204 -1.226 -1.395 -1.585
175.5476 -0.144 -0.095 -0.169 -0.362 -0.505 -0.644 -0.283 -0.385 -0.507 -0.649 -0.79 -0.938 -0.38 -0.552 -0.724 -0.845 -0.956 -0.616 -0.759 -0.878 -0.977 -1.146 -1.167 -1.337 -1.527
179.7823 -0.086 -0.036 -0.111 -0.304 -0.447 -0.586 -0.225 -0.327 -0.449 -0.591 -0.731 -0.88 -0.322 -0.494 -0.666 -0.787 -0.897 -0.558 -0.701 -0.82 -0.919 -1.088 -1.109 -1.279 -1.469
184.1193 -0.027 0.022 -0.052 -0.245 -0.388 -0.527 -0.166 -0.268 -0.39 -0.532 -0.672 -0.821 -0.263 -0.435 -0.607 -0.728 -0.838 -0.499 -0.642 -0.761 -0.86 -1.029 -1.05 -1.22 -1.41
188.5608 0.034 0.083 0.008 -0.185 -0.327 -0.466 -0.106 -0.207 -0.33 -0.471 -0.612 -0.761 -0.202 -0.375 -0.547 -0.667 -0.778 -0.438 -0.581 -0.701 -0.8 -0.968 -0.99 -1.159 -1.35
193.1095 0.094 0.144 0.069 -0.124 -0.267 -0.406 -0.045 -0.147 -0.269 -0.411 -0.551 -0.7 -0.142 -0.314 -0.486 -0.607 -0.717 -0.378 -0.521 -0.64 -0.739 -0.908 -0.929 -1.099 -1.289
197.7679 0.155 0.204 0.129 -0.064 -0.206 -0.345 0.016 -0.086 -0.209 -0.35 -0.491 -0.64 -0.081 -0.254 -0.426 -0.546 -0.657 -0.317 -0.46 -0.58 -0.679 -0.847 -0.869 -1.038 -1.229
202.5387 0.215 0.265 0.19 -0.003 -0.146 -0.285 0.076 -0.026 -0.148 -0.29 -0.43 -0.579 -0.021 -0.193 -0.365 -0.486 -0.596 -0.257 -0.4 -0.519 -0.618 -0.787 -0.808 -0.978 -1.168
207.4245 0.276 0.325 0.25 0.057 -0.085 -0.224 0.137 0.035 -0.088 -0.229 -0.37 -0.518 0.04 -0.133 -0.305 -0.425 -0.536 -0.196 -0.339 -0.459 -0.558 -0.726 -0.748 -0.917 -1.107
212.4283 0.336 0.386 0.311 0.118 -0.025 -0.164 0.197 0.095 -0.027 -0.169 -0.309 -0.458 0.1 -0.072 -0.244 -0.365 -0.475 -0.136 -0.278 -0.398 -0.497 -0.666 -0.687 -0.857 -1.047
217.5527 0.397 0.446 0.371 0.178 0.036 -0.103 0.258 0.156 0.033 -0.108 -0.249 -0.397 0.161 -0.012 -0.183 -0.304 -0.415 -0.075 -0.218 -0.338 -0.437 -0.605 -0.627 -0.796 -0.986
222.8008 0.457 0.507 0.432 0.239 0.096 -0.043 0.318 0.216 0.094 -0.048 -0.188 -0.337 0.221 0.049 -0.123 -0.244 -0.354 -0.015 -0.157 -0.277 -0.376 -0.545 -0.566 -0.736 -0.926
228.1754 0.518 0.567 0.492 0.299 0.157 0.018 0.379 0.277 0.155 0.013 -0.128 -0.276 0.282 0.109 -0.062 -0.183 -0.294 0.046 -0.097 -0.217 -0.316 -0.484 -0.506 -0.675 -0.865
233.6797 0.577 0.627 0.552 0.359 0.216 0.077 0.438 0.336 0.214 0.072 -0.068 -0.217 0.341 0.169 -0.003 -0.124 -0.234 0.105 -0.037 -0.157 -0.256 -0.425 -0.446 -0.616 -0.806
239.3168 0.635 0.685 0.61 0.417 0.275 0.136 0.496 0.395 0.272 0.13 -0.01 -0.159 0.4 0.227 0.055 -0.065 -0.176 0.163 0.021 -0.099 -0.198 -0.366 -0.388 -0.557 -0.748
245.0899 0.694 0.743 0.668 0.475 0.333 0.194 0.555 0.453 0.331 0.189 0.048 -0.1 0.458 0.285 0.114 -0.007 -0.118 0.222 0.079 -0.041 -0.14 -0.308 -0.33 -0.499 -0.689
251.0022 0.752 0.802 0.727 0.534 0.391 0.252 0.613 0.511 0.389 0.247 0.107 -0.042 0.516 0.344 0.172 0.051 -0.059 0.28 0.137 0.018 -0.081 -0.25 -0.271 -0.441 -0.631
257.0572 0.81 0.86 0.785 0.592 0.45 0.31 0.671 0.57 0.447 0.305 0.165 0.016 0.575 0.402 0.23 0.11 -0.001 0.338 0.196 0.076 -0.023 -0.191 -0.213 -0.382 -0.573
263.2582 0.869 0.918 0.843 0.65 0.508 0.369 0.73 0.628 0.506 0.364 0.223 0.075 0.633 0.46 0.289 0.168 0.057 0.397 0.254 0.134 0.035 -0.133 -0.155 -0.324 -0.514
269.6088 0.927 0.976 0.902 0.709 0.566 0.427 0.788 0.686 0.564 0.422 0.281 0.133 0.691 0.519 0.347 0.226 0.116 0.455 0.312 0.193 0.094 -0.075 -0.096 -0.266 -0.456
276.1126 0.985 1.035 0.96 0.767 0.625 0.485 0.846 0.745 0.622 0.48 0.34 0.191 0.75 0.577 0.405 0.285 0.174 0.513 0.371 0.251 0.152 -0.016 -0.038 -0.207 -0.398
282.7734 1.044 1.093 1.018 0.825 0.683 0.544 0.905 0.803 0.68 0.539 0.398 0.25 0.808 0.635 0.464 0.343 0.232 0.572 0.429 0.309 0.21 0.042 0.02 -0.149 -0.339
289.5947 1.102 1.151 1.077 0.884 0.741 0.602 0.963 0.861 0.739 0.597 0.456 0.308 0.866 0.694 0.522 0.401 0.29 0.63 0.487 0.368 0.269 0.1 0.079 -0.091 -0.281
296.5807 1.157 1.207 1.132 0.939 0.797 0.658 1.018 0.917 0.794 0.652 0.512 0.363 0.922 0.749 0.577 0.457 0.346 0.685 0.543 0.423 0.324 0.156 0.134 -0.035 -0.226
303.7351 1.211 1.261 1.186 0.993 0.851 0.711 1.072 0.971 0.848 0.706 0.566 0.417 0.976 0.803 0.631 0.51 0.4 0.739 0.597 0.477 0.378 0.21 0.188 0.019 -0.172
311.0622 1.265 1.315 1.24 1.047 0.904 0.765 1.126 1.024 0.902 0.76 0.62 0.471 1.029 0.857 0.685 0.564 0.454 0.793 0.651 0.531 0.432 0.263 0.242 0.072 -0.118
318.566 1.319 1.368 1.294 1.101 0.958 0.819 1.18 1.078 0.956 0.814 0.673 0.525 1.083 0.911 0.739 0.618 0.507 0.847 0.704 0.585 0.486 0.317 0.296 0.126 -0.064
326.2508 1.373 1.422 1.347 1.154 1.012 0.873 1.234 1.132 1.01 0.868 0.727 0.579 1.137 0.965 0.793 0.672 0.561 0.901 0.758 0.638 0.539 0.371 0.349 0.18 -0.01
334.121 1.427 1.476 1.401 1.208 1.066 0.927 1.288 1.186 1.063 0.922 0.781 0.633 1.191 1.018 0.847 0.726 0.615 0.955 0.812 0.692 0.593 0.425 0.403 0.234 0.044
