web/models/grb/onaxis/14/grb_0.0000_37.2759_0.0000010.dat
# %ECSV 1.0
# ---
# datatype:
# - {name: time, datatype: float64}
# - {name: swift_uvot_uvw2, datatype: float64}
# - {name: swift_uvot_uvm2, datatype: float64}
# - {name: swift_uvot_uvw1, datatype: float64}
# - {name: swift_uvot_U, datatype: float64}
# - {name: swift_uvot_B, datatype: float64}
# - {name: swift_uvot_V, datatype: float64}
# - {name: swift_uvot_W, datatype: float64}
# - {name: johnson_U, datatype: float64}
# - {name: johnson_B, datatype: float64}
# - {name: johnson_V, datatype: float64}
# - {name: johnson_R, datatype: float64}
# - {name: johnson_I, datatype: float64}
# - {name: sdss_u, datatype: float64}
# - {name: sdss_g, datatype: float64}
# - {name: sdss_r, datatype: float64}
# - {name: sdss_i, datatype: float64}
# - {name: sdss_z, datatype: float64}
# - {name: PS1_g, datatype: float64}
# - {name: PS1_r, datatype: float64}
# - {name: PS1_i, datatype: float64}
# - {name: PS1_z, datatype: float64}
# - {name: PS1_Y, datatype: float64}
# - {name: PS1_w, datatype: float64}
# - {name: ATLAS_c, datatype: float64}
# - {name: ATLAS_o, datatype: float64}
# - {name: ukirt_J, datatype: float64}
# - {name: ukirt_H, datatype: float64}
# - {name: ukirt_K, datatype: float64}
# - {name: Clear, datatype: float64}
# meta: !!omap
# - comment: [E = 0.016176451642579408, Eta0 = 8.02, GammaB = 12.0, dL = 0.012188, epsb = 6.760829753919819e-06, epse = 0.1, n = 1e-06,
#     p = 2.15, theta_obs = 0.0, xiN = 1.0, z = 0.0, type = grb, E_kiso = 37.27593720314942]
# schema: astropy-2.0
time swift_uvot_uvw2 swift_uvot_uvm2 swift_uvot_uvw1 swift_uvot_U swift_uvot_B swift_uvot_V swift_uvot_W johnson_U johnson_B johnson_V johnson_R johnson_I sdss_u sdss_g sdss_r sdss_i sdss_z PS1_g PS1_r PS1_i PS1_z PS1_Y PS1_w ATLAS_c ATLAS_o ukirt_J ukirt_H ukirt_K Clear
[from data line 311]
16.5779 0.628 0.677 0.602 0.409 0.267 0.128 0.488 0.387 0.264 0.123 -0.018 -0.167 0.392 0.219 0.047 -0.073 -0.184 0.156 0.013 -0.107 -0.206 -0.374 0.05 0.145 -0.008 -0.396 -0.565 -0.756 -0.041
16.9778 0.667 0.717 0.642 0.449 0.307 0.167 0.528 0.427 0.304 0.162 0.022 -0.127 0.432 0.259 0.087 -0.033 -0.144 0.195 0.053 -0.067 -0.166 -0.334 0.089 0.185 0.032 -0.356 -0.525 -0.716 -0.001
17.3873 0.708 0.757 0.682 0.489 0.347 0.208 0.569 0.467 0.345 0.203 0.062 -0.086 0.472 0.299 0.128 0.007 -0.104 0.236 0.093 -0.027 -0.126 -0.294 0.13 0.225 0.072 -0.316 -0.485 -0.675 0.04
17.8068 0.757 0.807 0.732 0.539 0.396 0.257 0.618 0.516 0.394 0.252 0.112 -0.037 0.521 0.349 0.177 0.056 -0.054 0.285 0.143 0.023 -0.076 -0.245 0.179 0.274 0.122 -0.266 -0.436 -0.626 0.089
18.2363 0.807 0.856 0.781 0.588 0.446 0.307 0.667 0.566 0.443 0.302 0.161 0.012 0.571 0.398 0.226 0.106 -0.005 0.335 0.192 0.072 -0.027 -0.195 0.229 0.324 0.171 -0.217 -0.386 -0.577 0.138
18.6762 0.856 0.905 0.831 0.638 0.495 0.356 0.717 0.615 0.493 0.351 0.21 0.062 0.62 0.448 0.276 0.155 0.045 0.384 0.241 0.122 0.023 -0.146 0.278 0.373 0.221 -0.167 -0.337 -0.527 0.188
19.1268 0.905 0.955 0.88 0.687 0.545 0.406 0.766 0.665 0.542 0.4 0.26 0.111 0.67 0.497 0.325 0.205 0.094 0.433 0.291 0.171 0.072 -0.096 0.328 0.423 0.27 -0.118 -0.287 -0.478 0.237
19.5882 0.955 1.004 0.929 0.737 0.594 0.455 0.816 0.714 0.592 0.45 0.309 0.161 0.719 0.547 0.375 0.254 0.143 0.483 0.34 0.22 0.121 -0.047 0.377 0.472 0.319 -0.069 -0.238 -0.428 0.287
20.0607 1.004 1.054 0.979 0.786 0.644 0.504 0.865 0.764 0.641 0.499 0.359 0.21 0.769 0.596 0.424 0.303 0.193 0.532 0.39 0.27 0.171 0.003 0.426 0.522 0.369 -0.019 -0.188 -0.379 0.336
20.5446 1.054 1.103 1.028 0.835 0.693 0.554 0.915 0.813 0.691 0.549 0.408 0.26 0.818 0.645 0.474 0.353 0.242 0.582 0.439 0.319 0.22 0.052 0.476 0.571 0.418 0.03 -0.139 -0.329 0.386
21.0402 1.103 1.153 1.078 0.885 0.742 0.603 0.964 0.862 0.74 0.598 0.458 0.309 0.867 0.695 0.523 0.402 0.292 0.631 0.489 0.369 0.27 0.101 0.525 0.62 0.468 0.08 -0.09 -0.28 0.435
21.5478 1.153 1.202 1.127 0.934 0.792 0.653 1.014 0.912 0.789 0.648 0.507 0.359 0.917 0.744 0.572 0.452 0.341 0.681 0.538 0.418 0.319 0.151 0.575 0.67 0.517 0.129 -0.04 -0.231 0.484
22.0676 1.203 1.253 1.178 0.985 0.843 0.704 1.064 0.963 0.84 0.698 0.558 0.409 0.968 0.795 0.623 0.503 0.392 0.731 0.589 0.469 0.37 0.202 0.626 0.721 0.568 0.18 0.011 -0.18 0.535
22.5999 1.26 1.31 1.235 1.042 0.899 0.76 1.121 1.019 0.897 0.755 0.615 0.466 1.024 0.852 0.68 0.559 0.449 0.788 0.646 0.526 0.427 0.258 0.682 0.778 0.625 0.237 0.067 -0.123 0.592
23.1451 1.317 1.366 1.292 1.099 0.956 0.817 1.178 1.076 0.954 0.812 0.671 0.523 1.081 0.909 0.737 0.616 0.505 0.845 0.702 0.583 0.483 0.315 0.739 0.834 0.681 0.294 0.124 -0.066 0.649
23.7034 1.374 1.423 1.348 1.155 1.013 0.874 1.235 1.133 1.011 0.869 0.728 0.58 1.138 0.965 0.794 0.673 0.562 0.902 0.759 0.639 0.54 0.372 0.796 0.891 0.738 0.35 0.181 -0.009 0.706
24.2752 1.43 1.48 1.405 1.212 1.07 0.931 1.291 1.19 1.067 0.925 0.785 0.636 1.195 1.022 0.85 0.73 0.619 0.958 0.816 0.696 0.597 0.429 0.853 0.948 0.795 0.407 0.238 0.047 0.762
24.8608 1.487 1.537 1.462 1.269 1.126 0.987 1.348 1.246 1.124 0.982 0.842 0.693 1.251 1.079 0.907 0.786 0.676 1.015 0.873 0.753 0.654 0.485 0.909 1.004 0.852 0.464 0.294 0.104 0.819
25.4606 1.544 1.593 1.519 1.326 1.183 1.044 1.405 1.303 1.181 1.039 0.898 0.75 1.308 1.136 0.964 0.843 0.732 1.072 0.929 0.809 0.71 0.542 0.966 1.061 0.908 0.52 0.351 0.161 0.876
26.0748 1.601 1.65 1.575 1.382 1.24 1.101 1.462 1.36 1.238 1.096 0.955 0.807 1.365 1.192 1.021 0.9 0.789 1.129 0.986 0.866 0.767 0.599 1.023 1.118 0.965 0.577 0.408 0.218 0.933
26.7038 1.657 1.707 1.632 1.439 1.297 1.158 1.518 1.417 1.294 1.152 1.012 0.863 1.422 1.249 1.077 0.957 0.846 1.185 1.043 0.923 0.824 0.656 1.08 1.175 1.022 0.634 0.465 0.274 0.989
27.3479 1.714 1.764 1.689 1.496 1.353 1.214 1.575 1.473 1.351 1.209 1.069 0.92 1.478 1.306 1.134 1.013 0.903 1.242 1.1 0.98 0.881 0.712 1.136 1.231 1.079 0.691 0.521 0.331 1.046
28.0077 1.77 1.819 1.745 1.552 1.409 1.27 1.631 1.529 1.407 1.265 1.124 0.976 1.534 1.362 1.19 1.069 0.959 1.298 1.155 1.036 0.937 0.768 1.192 1.287 1.135 0.747 0.577 0.387 1.102
28.6833 1.824 1.873 1.799 1.606 1.463 1.324 1.685 1.583 1.461 1.319 1.179 1.03 1.588 1.416 1.244 1.123 1.013 1.352 1.209 1.09 0.991 0.822 1.246 1.341 1.189 0.801 0.631 0.441 1.156
29.3752 1.878 1.928 1.853 1.66 1.517 1.378 1.739 1.637 1.515 1.373 1.233 1.084 1.642 1.47 1.298 1.177 1.067 1.406 1.263 1.144 1.045 0.876 1.3 1.395 1.243 0.855 0.685 0.495 1.21
30.0838 1.932 1.982 1.907 1.714 1.571 1.432 1.793 1.691 1.569 1.427 1.287 1.138 1.696 1.524 1.352 1.231 1.121 1.46 1.318 1.198 1.099 0.93 1.354 1.449 1.297 0.909 0.739 0.549 1.264
30.8096 1.986 2.036 1.961 1.768 1.625 1.486 1.847 1.745 1.623 1.481 1.341 1.192 1.75 1.578 1.406 1.285 1.175 1.514 1.372 1.252 1.153 0.984 1.408 1.503 1.351 0.963 0.793 0.603 1.318
31.5528 2.04 2.09 2.015 1.822 1.679 1.54 1.901 1.799 1.677 1.535 1.395 1.246 1.805 1.632 1.46 1.339 1.229 1.568 1.426 1.306 1.207 1.039 1.462 1.558 1.405 1.017 0.847 0.657 1.372
32.3139 2.094 2.144 2.069 1.876 1.734 1.594 1.955 1.854 1.731 1.589 1.449 1.3 1.859 1.686 1.514 1.393 1.283 1.622 1.48 1.36 1.261 1.093 1.516 1.612 1.459 1.071 0.902 0.711 1.426
33.0935 2.148 2.198 2.123 1.93 1.788 1.648 2.009 1.908 1.785 1.643 1.503 1.354 1.913 1.74 1.568 1.447 1.337 1.676 1.534 1.414 1.315 1.147 1.57 1.666 1.513 1.125 0.956 0.765 1.48
33.8918 2.202 2.252 2.177 1.984 1.842 1.702 2.063 1.962 1.839 1.697 1.557 1.408 1.967 1.794 1.622 1.502 1.391 1.73 1.588 1.468 1.369 1.201 1.624 1.72 1.567 1.179 1.01 0.819 1.534
34.7093 2.256 2.306 2.231 2.038 1.896 1.757 2.117 2.016 1.893 1.751 1.611 1.462 2.021 1.848 1.676 1.556 1.445 1.784 1.642 1.522 1.423 1.255 1.679 1.774 1.621 1.233 1.064 0.873 1.588
35.5466 2.309 2.358 2.284 2.091 1.948 1.809 2.17 2.068 1.946 1.804 1.663 1.515 2.073 1.901 1.729 1.608 1.497 1.837 1.694 1.574 1.475 1.307 1.731 1.826 1.673 1.285 1.116 0.926 1.641
36.4041 2.36 2.409 2.334 2.141 1.999 1.86 2.221 2.119 1.997 1.855 1.714 1.566 2.124 1.951 1.78 1.659 1.548 1.888 1.745 1.625 1.526 1.358 1.782 1.877 1.724 1.336 1.167 0.977 1.692
37.2823 2.41 2.46 2.385 2.192 2.05 1.911 2.271 2.17 2.047 1.905 1.765 1.616 2.175 2.002 1.83 1.71 1.599 1.938 1.796 1.676 1.577 1.409 1.833 1.928 1.775 1.387 1.218 1.027 1.742
38.1817 2.461 2.511 2.436 2.243 2.101 1.961 2.322 2.221 2.098 1.956 1.816 1.667 2.226 2.053 1.881 1.76 1.65 1.989 1.847 1.727 1.628 1.46 1.883 1.979 1.826 1.438 1.269 1.078 1.793
39.1028 2.512 2.562 2.487 2.294 2.151 2.012 2.373 2.271 2.149 2.007 1.867 1.718 2.276 2.104 1.932 1.811 1.701 2.04 1.897 1.778 1.679 1.51 1.934 2.029 1.877 1.489 1.319 1.129 1.844
40.046 2.563 2.612 2.537 2.345 2.202 2.063 2.424 2.322 2.2 2.058 1.917 1.769 2.327 2.155 1.983 1.862 1.751 2.091 1.948 1.828 1.729 1.561 1.985 2.08 1.927 1.539 1.37 1.18 1.895
41.0121 2.614 2.663 2.588 2.395 2.253 2.114 2.475 2.373 2.25 2.109 1.968 1.82 2.378 2.205 2.034 1.913 1.802 2.142 1.999 1.879 1.78 1.612 2.036 2.131 1.978 1.59 1.421 1.231 1.946
42.0014 2.664 2.714 2.639 2.446 2.304 2.165 2.525 2.424 2.301 2.159 2.019 1.87 2.429 2.256 2.084 1.964 1.853 2.192 2.05 1.93 1.831 1.663 2.087 2.182 2.029 1.641 1.472 1.281 1.996
43.0146 2.715 2.765 2.69 2.497 2.354 2.215 2.576 2.475 2.352 2.21 2.07 1.921 2.48 2.307 2.135 2.014 1.904 2.243 2.101 1.981 1.882 1.714 2.137 2.233 2.08 1.692 1.522 1.332 2.047
44.0523 2.766 2.815 2.741 2.548 2.405 2.266 2.627 2.525 2.403 2.261 2.121 1.972 2.53 2.358 2.186 2.065 1.955 2.294 2.151 2.032 1.933 1.764 2.188 2.283 2.131 1.743 1.573 1.383 2.098
45.1149 2.821 2.87 2.795 2.602 2.46 2.321 2.681 2.58 2.457 2.315 2.175 2.026 2.585 2.412 2.24 2.12 2.009 2.348 2.206 2.086 1.987 1.819 2.243 2.338 2.185 1.797 1.628 1.437 2.152
46.2033 2.877 2.927 2.852 2.659 2.516 2.377 2.738 2.637 2.514 2.372 2.232 2.083 2.642 2.469 2.297 2.176 2.066 2.405 2.263 2.143 2.044 1.876 2.299 2.395 2.242 1.854 1.684 1.494 2.209
47.3178 2.934 2.983 2.909 2.716 2.573 2.434 2.795 2.693 2.571 2.429 2.288 2.14 2.698 2.526 2.354 2.233 2.122 2.462 2.319 2.2 2.101 1.932 2.356 2.451 2.298 1.911 1.741 1.551 2.266
48.4593 2.991 3.04 2.965 2.772 2.63 2.491 2.852 2.75 2.628 2.486 2.345 2.197 2.755 2.582 2.411 2.29 2.179 2.519 2.376 2.256 2.157 1.989 2.413 2.508 2.355 1.967 1.798 1.608 2.323
49.6283 3.047 3.097 3.022 2.829 2.687 2.548 2.908 2.807 2.684 2.542 2.402 2.253 2.812 2.639 2.467 2.347 2.236 2.575 2.433 2.313 2.214 2.046 2.47 2.565 2.412 2.024 1.855 1.664 2.379
50.8255 3.104 3.154 3.079 2.886 2.743 2.604 2.965 2.863 2.741 2.599 2.459 2.31 2.868 2.696 2.524 2.403 2.293 2.632 2.49 2.37 2.271 2.102 2.526 2.621 2.469 2.081 1.911 1.721 2.436
52.0515 3.161 3.21 3.135 2.942 2.8 2.661 3.022 2.92 2.798 2.656 2.515 2.367 2.925 2.753 2.581 2.46 2.349 2.689 2.546 2.426 2.327 2.159 2.583 2.678 2.525 2.137 1.968 1.778 2.493
53.3072 3.218 3.267 3.192 2.999 2.857 2.718 3.078 2.977 2.854 2.713 2.572 2.423 2.982 2.809 2.637 2.517 2.406 2.746 2.603 2.483 2.384 2.216 2.64 2.735 2.582 2.194 2.025 1.834 2.549
54.5931 3.274 3.324 3.249 3.056 2.914 2.774 3.135 3.034 2.911 2.769 2.629 2.48 3.039 2.866 2.694 2.573 2.463 2.802 2.66 2.54 2.441 2.273 2.696 2.792 2.639 2.251 2.082 1.891 2.606
55.9101 3.331 3.38 3.306 3.113 2.97 2.831 3.192 3.09 2.968 2.826 2.685 2.537 3.095 2.923 2.751 2.63 2.52 2.859 2.716 2.597 2.498 2.329 2.753 2.848 2.696 2.308 2.138 1.948 2.663
57.2588 3.389 3.438 3.363 3.17 3.028 2.889 3.25 3.148 3.026 2.884 2.743 2.595 3.153 2.98 2.809 2.688 2.577 2.917 2.774 2.654 2.555 2.387 2.811 2.906 2.753 2.365 2.196 2.006 2.721
58.6401 3.447 3.496 3.421 3.229 3.086 2.947 3.308 3.206 3.084 2.942 2.801 2.653 3.211 3.039 2.867 2.746 2.635 2.975 2.832 2.712 2.613 2.445 2.869 2.964 2.811 2.423 2.254 2.064 2.779
60.0546 3.505 3.554 3.48 3.287 3.144 3.005 3.366 3.264 3.142 3.0 2.859 2.711 3.269 3.097 2.925 2.804 2.694 3.033 2.89 2.771 2.672 2.503 2.927 3.022 2.87 2.482 2.312 2.122 2.837
61.5034 3.563 3.613 3.538 3.345 3.202 3.063 3.424 3.322 3.2 3.058 2.918 2.769 3.327 3.155 2.983 2.862 2.752 3.091 2.948 2.829 2.73 2.561 2.985 3.08 2.928 2.54 2.37 2.18 2.895
62.987 3.621 3.671 3.596 3.403 3.26 3.121 3.482 3.38 3.258 3.116 2.976 2.827 3.385 3.213 3.041 2.92 2.81 3.149 3.007 2.887 2.788 2.619 3.043 3.139 2.986 2.598 2.428 2.238 2.953
64.5065 3.679 3.729 3.654 3.461 3.319 3.179 3.54 3.439 3.316 3.174 3.034 2.885 3.444 3.271 3.099 2.978 2.868 3.207 3.065 2.945 2.846 2.678 3.101 3.197 3.044 2.656 2.487 2.296 3.011
66.0626 3.737 3.787 3.712 3.519 3.377 3.238 3.598 3.497 3.374 3.232 3.092 2.943 3.502 3.329 3.157 3.037 2.926 3.265 3.123 3.003 2.904 2.736 3.16 3.255 3.102 2.714 2.545 2.354 3.069
67.6562 3.796 3.845 3.77 3.577 3.435 3.296 3.656 3.555 3.432 3.29 3.15 3.001 3.56 3.387 3.215 3.095 2.984 3.323 3.181 3.061 2.962 2.794 3.218 3.313 3.16 2.772 2.603 2.412 3.127
69.2883 3.854 3.903 3.828 3.635 3.493 3.354 3.715 3.613 3.49 3.349 3.208 3.06 3.618 3.445 3.274 3.153 3.042 3.382 3.239 3.119 3.02 2.852 3.276 3.371 3.218 2.83 2.661 2.471 3.186
70.9597 3.912 3.961 3.886 3.693 3.551 3.412 3.773 3.671 3.549 3.407 3.266 3.118 3.676 3.503 3.332 3.211 3.1 3.44 3.297 3.177 3.078 2.91 3.334 3.429 3.276 2.888 2.719 2.529 3.244
72.6715 3.972 4.021 3.947 3.754 3.611 3.472 3.833 3.731 3.609 3.467 3.327 3.178 3.736 3.564 3.392 3.271 3.161 3.5 3.357 3.238 3.139 2.97 3.394 3.489 3.337 2.949 2.779 2.589 3.304
74.4246 4.033 4.082 4.007 3.814 3.672 3.533 3.893 3.792 3.669 3.528 3.387 3.238 3.797 3.624 3.452 3.332 3.221 3.561 3.418 3.298 3.199 3.031 3.455 3.55 3.397 3.009 2.84 2.649 3.364
76.2199 4.093 4.143 4.068 3.875 3.732 3.593 3.954 3.852 3.73 3.588 3.448 3.299 3.857 3.685 3.513 3.392 3.282 3.621 3.478 3.359 3.26 3.091 3.515 3.61 3.458 3.07 2.9 2.71 3.425
78.0586 4.154 4.203 4.128 3.935 3.793 3.654 4.015 3.913 3.79 3.649 3.508 3.36 3.918 3.745 3.573 3.453 3.342 3.682 3.539 3.419 3.32 3.152 3.576 3.671 3.518 3.13 2.961 2.77 3.485
79.9416 4.214 4.264 4.189 3.996 3.853 3.714 4.075 3.973 3.851 3.709 3.569 3.42 3.978 3.806 3.634 3.513 3.403 3.742 3.6 3.48 3.381 3.212 3.636 3.731 3.579 3.191 3.021 2.831 3.546
81.87 4.275 4.324 4.249 4.056 3.914 3.775 4.136 4.034 3.911 3.77 3.629 3.481 4.039 3.866 3.695 3.574 3.463 3.803 3.66 3.54 3.441 3.273 3.697 3.792 3.639 3.251 3.082 2.892 3.607
83.845 4.335 4.385 4.31 4.117 3.974 3.835 4.196 4.094 3.972 3.83 3.69 3.541 4.099 3.927 3.755 3.634 3.524 3.863 3.721 3.601 3.502 3.333 3.757 3.852 3.7 3.312 3.142 2.952 3.667
85.8676 4.396 4.445 4.37 4.177 4.035 3.896 4.257 4.155 4.033 3.891 3.75 3.602 4.16 3.987 3.816 3.695 3.584 3.924 3.781 3.661 3.562 3.394 3.818 3.913 3.76 3.372 3.203 3.013 3.728
87.939 4.456 4.506 4.431 4.238 4.095 3.956 4.317 4.215 4.093 3.951 3.811 3.662 4.22 4.048 3.876 3.755 3.645 3.984 3.842 3.722 3.623 3.454 3.878 3.974 3.821 3.433 3.263 3.073 3.788
90.0604 4.517 4.566 4.491 4.298 4.156 4.017 4.378 4.276 4.153 4.012 3.871 3.723 4.281 4.108 3.936 3.816 3.705 4.045 3.902 3.782 3.683 3.515 3.939 4.034 3.881 3.493 3.324 3.133 3.848
92.2329 4.575 4.624 4.55 4.357 4.214 4.075 4.436 4.334 4.212 4.07 3.929 3.781 4.339 4.167 3.995 3.874 3.763 4.103 3.96 3.84 3.741 3.573 3.997 4.092 3.939 3.551 3.382 3.192 3.907
94.4579 4.633 4.683 4.608 4.415 4.272 4.133 4.494 4.392 4.27 4.128 3.988 3.839 4.398 4.225 4.053 3.932 3.822 4.161 4.019 3.899 3.8 3.631 4.055 4.151 3.998 3.61 3.44 3.25 3.965
96.7365 4.692 4.741 4.666 4.473 4.331 4.192 4.552 4.451 4.328 4.187 4.046 3.897 4.456 4.283 4.111 3.991 3.88 4.219 4.077 3.957 3.858 3.69 4.114 4.209 4.056 3.668 3.499 3.308 4.023
99.0701 4.75 4.799 4.724 4.532 4.389 4.25 4.611 4.509 4.387 4.245 4.104 3.956 4.514 4.342 4.17 4.049 3.938 4.278 4.135 4.015 3.916 3.748 4.172 4.267 4.114 3.726 3.557 3.367 4.082
101.4599 4.808 4.858 4.783 4.59 4.447 4.308 4.669 4.567 4.445 4.303 4.163 4.014 4.572 4.4 4.228 4.107 3.997 4.336 4.194 4.074 3.975 3.806 4.23 4.325 4.173 3.785 3.615 3.425 4.14
103.9075 4.866 4.916 4.841 4.648 4.506 4.367 4.727 4.626 4.503 4.361 4.221 4.072 4.631 4.458 4.286 4.166 4.055 4.394 4.252 4.132 4.033 3.865 4.289 4.384 4.231 3.843 3.674 3.483 4.198
106.4141 4.925 4.974 4.899 4.706 4.564 4.425 4.786 4.684 4.562 4.42 4.279 4.131 4.689 4.517 4.345 4.224 4.113 4.453 4.31 4.19 4.091 3.923 4.347 4.442 4.289 3.901 3.732 3.542 4.257
108.9811 4.983 5.033 4.958 4.765 4.622 4.483 4.844 4.742 4.62 4.478 4.338 4.189 4.747 4.575 4.403 4.282 4.172 4.511 4.369 4.249 4.15 3.981 4.405 4.5 4.348 3.96 3.79 3.6 4.315
111.6101 5.041 5.091 5.016 4.823 4.681 4.542 4.902 4.801 4.678 4.536 4.396 4.247 4.806 4.633 4.461 4.341 4.23 4.569 4.427 4.307 4.208 4.04 4.464 4.559 4.406 4.018 3.849 3.658 4.373
114.3025 5.099 5.148 5.073 4.881 4.738 4.599 4.96 4.858 4.736 4.594 4.453 4.305 4.863 4.691 4.519 4.398 4.287 4.627 4.484 4.364 4.265 4.097 4.521 4.616 4.463 4.075 3.906 3.716 4.431
117.0598 5.153 5.202 5.127 4.934 4.792 4.653 5.014 4.912 4.79 4.648 4.507 4.359 4.917 4.744 4.573 4.452 4.341 4.681 4.538 4.418 4.319 4.151 4.575 4.67 4.517 4.129 3.96 3.77 4.485
119.8836 5.207 5.256 5.181 4.988 4.846 4.707 5.067 4.966 4.843 4.702 4.561 4.412 4.971 4.798 4.626 4.506 4.395 4.735 4.592 4.472 4.373 4.205 4.629 4.724 4.571 4.183 4.014 3.823 4.538
122.7756 5.26 5.31 5.235 5.042 4.9 4.761 5.121 5.02 4.897 4.755 4.615 4.466 5.025 4.852 4.68 4.56 4.449 4.788 4.646 4.526 4.427 4.259 4.683 4.778 4.625 4.237 4.068 3.877 4.592
125.7373 5.314 5.364 5.289 5.096 4.953 4.814 5.175 5.074 4.951 4.809 4.669 4.52 5.079 4.906 4.734 4.613 4.503 4.842 4.7 4.58 4.481 4.313 4.736 4.832 4.679 4.291 4.121 3.931 4.646
128.7705 5.368 5.418 5.343 5.15 5.007 4.868 5.229 5.127 5.005 4.863 4.723 4.574 5.132 4.96 4.788 4.667 4.557 4.896 4.753 4.634 4.535 4.366 4.79 4.885 4.733 4.345 4.175 3.985 4.7
131.8769 5.422 5.471 5.397 5.204 5.061 4.922 5.283 5.181 5.059 4.917 4.776 4.628 5.186 5.014 4.842 4.721 4.61 4.95 4.807 4.688 4.588 4.42 4.844 4.939 4.786 4.399 4.229 4.039 4.754
