web/models/grb/onaxis/14/grb_0.0000_0.2683_0.0000040.dat
# %ECSV 1.0
# ---
# datatype:
# - {name: time, datatype: float64}
# - {name: swift_uvot_uvw2, datatype: float64}
# - {name: swift_uvot_uvm2, datatype: float64}
# - {name: swift_uvot_uvw1, datatype: float64}
# - {name: swift_uvot_U, datatype: float64}
# - {name: swift_uvot_B, datatype: float64}
# - {name: swift_uvot_V, datatype: float64}
# - {name: swift_uvot_W, datatype: float64}
# - {name: johnson_U, datatype: float64}
# - {name: johnson_B, datatype: float64}
# - {name: johnson_V, datatype: float64}
# - {name: johnson_R, datatype: float64}
# - {name: johnson_I, datatype: float64}
# - {name: sdss_u, datatype: float64}
# - {name: sdss_g, datatype: float64}
# - {name: sdss_r, datatype: float64}
# - {name: sdss_i, datatype: float64}
# - {name: sdss_z, datatype: float64}
# - {name: PS1_g, datatype: float64}
# - {name: PS1_r, datatype: float64}
# - {name: PS1_i, datatype: float64}
# - {name: PS1_z, datatype: float64}
# - {name: PS1_Y, datatype: float64}
# - {name: ukirt_J, datatype: float64}
# - {name: ukirt_H, datatype: float64}
# - {name: ukirt_K, datatype: float64}
# meta: !!omap
# - comment: [E = 0.00011641960487160349, Eta0 = 8.02, GammaB = 12.0, dL = 0.012188, epsb = 6.760829753919819e-06, epse = 0.1, n = 3.981071705534969e-06,
#     p = 2.15, theta_obs = 0.0, xiN = 1.0, z = 0.0, type = grb, E_kiso = 0.2682695795279726]
# schema: astropy-2.0
time swift_uvot_uvw2 swift_uvot_uvm2 swift_uvot_uvw1 swift_uvot_U swift_uvot_B swift_uvot_V swift_uvot_W johnson_U johnson_B johnson_V johnson_R johnson_I sdss_u sdss_g sdss_r sdss_i sdss_z PS1_g PS1_r PS1_i PS1_z PS1_Y ukirt_J ukirt_H ukirt_K
[from data line 491]
1210.3797 17.283 17.332 17.257 17.064 16.922 16.783 17.144 17.042 16.92 16.778 16.637 16.489 17.047 16.874 16.703 16.582 16.471 16.811 16.668 16.548 16.449 16.281 16.259 16.09 15.9
1239.5778 17.354 17.404 17.329 17.136 16.993 16.854 17.215 17.113 16.991 16.849 16.709 16.56 17.118 16.946 16.774 16.653 16.543 16.882 16.74 16.62 16.521 16.352 16.331 16.161 15.971
1269.4803 17.426 17.475 17.4 17.207 17.065 16.926 17.286 17.185 17.062 16.92 16.78 16.631 17.19 17.017 16.845 16.725 16.614 16.953 16.811 16.691 16.592 16.424 16.402 16.233 16.042
1300.1042 17.497 17.546 17.472 17.279 17.136 16.997 17.358 17.256 17.134 16.992 16.851 16.703 17.261 17.089 16.917 16.796 16.685 17.025 16.882 16.762 16.663 16.495 16.473 16.304 16.114
1331.4668 17.568 17.618 17.543 17.35 17.208 17.068 17.429 17.328 17.205 17.063 16.923 16.774 17.333 17.16 16.988 16.867 16.757 17.096 16.954 16.834 16.735 16.567 16.545 16.376 16.185
1363.586 17.64 17.689 17.614 17.421 17.279 17.14 17.501 17.399 17.277 17.135 16.994 16.846 17.404 17.231 17.06 16.939 16.828 17.168 17.025 16.905 16.806 16.638 16.616 16.447 16.257
1396.48 17.711 17.761 17.686 17.493 17.35 17.211 17.572 17.47 17.348 17.206 17.066 16.917 17.475 17.303 17.131 17.01 16.9 17.239 17.096 16.977 16.878 16.709 16.688 16.518 16.328
1430.1675 17.782 17.832 17.757 17.564 17.422 17.283 17.643 17.542 17.419 17.277 17.137 16.988 17.547 17.374 17.202 17.082 16.971 17.31 17.168 17.048 16.949 16.781 16.759 16.59 16.399
1464.6676 17.854 17.903 17.828 17.635 17.493 17.354 17.715 17.613 17.491 17.349 17.208 17.06 17.618 17.446 17.274 17.153 17.042 17.382 17.239 17.119 17.02 16.852 16.83 16.661 16.471
1500.0 17.925 17.975 17.9 17.707 17.564 17.425 17.786 17.685 17.562 17.42 17.28 17.131 17.69 17.517 17.345 17.224 17.114 17.453 17.311 17.191 17.092 16.924 16.902 16.732 16.542
