web/models/grb/onaxis/14/grb_0.0000_193.0698_0.0039811.dat
# %ECSV 1.0
# ---
# datatype:
# - {name: time, datatype: float64}
# - {name: swift_uvot_uvw2, datatype: float64}
# - {name: swift_uvot_uvm2, datatype: float64}
# - {name: swift_uvot_uvw1, datatype: float64}
# - {name: swift_uvot_U, datatype: float64}
# - {name: swift_uvot_B, datatype: float64}
# - {name: swift_uvot_V, datatype: float64}
# - {name: swift_uvot_W, datatype: float64}
# - {name: johnson_U, datatype: float64}
# - {name: johnson_B, datatype: float64}
# - {name: johnson_V, datatype: float64}
# - {name: johnson_R, datatype: float64}
# - {name: johnson_I, datatype: float64}
# - {name: sdss_u, datatype: float64}
# - {name: sdss_g, datatype: float64}
# - {name: sdss_r, datatype: float64}
# - {name: sdss_i, datatype: float64}
# - {name: sdss_z, datatype: float64}
# - {name: PS1_g, datatype: float64}
# - {name: PS1_r, datatype: float64}
# - {name: PS1_i, datatype: float64}
# - {name: PS1_z, datatype: float64}
# - {name: PS1_Y, datatype: float64}
# - {name: ukirt_J, datatype: float64}
# - {name: ukirt_H, datatype: float64}
# - {name: ukirt_K, datatype: float64}
# meta: !!omap
# - comment: [E = 0.08378552168254812, Eta0 = 8.02, GammaB = 12.0, dL = 0.012188, epsb = 6.760829753919819e-06, epse = 0.1, n = 0.003981071705534973,
#     p = 2.15, theta_obs = 0.0, xiN = 1.0, z = 0.0, type = grb, E_kiso = 193.06977288832496]
# schema: astropy-2.0
time swift_uvot_uvw2 swift_uvot_uvm2 swift_uvot_uvw1 swift_uvot_U swift_uvot_B swift_uvot_V swift_uvot_W johnson_U johnson_B johnson_V johnson_R johnson_I sdss_u sdss_g sdss_r sdss_i sdss_z PS1_g PS1_r PS1_i PS1_z PS1_Y ukirt_J ukirt_H ukirt_K
[from data line 339]
32.3139 -1.688 -1.638 -1.713 -1.906 -2.048 -2.188 -1.827 -1.928 -2.051 -2.193 -2.333 -2.482 -1.923 -2.096 -2.268 -2.388 -2.499 -2.16 -2.302 -2.422 -2.521 -2.689 -2.711 -2.88 -3.071
33.0935 -1.638 -1.588 -1.663 -1.856 -1.998 -2.138 -1.777 -1.878 -2.001 -2.143 -2.283 -2.432 -1.873 -2.046 -2.218 -2.338 -2.449 -2.11 -2.252 -2.372 -2.471 -2.639 -2.661 -2.83 -3.021
33.8918 -1.588 -1.538 -1.613 -1.806 -1.948 -2.087 -1.727 -1.828 -1.951 -2.093 -2.233 -2.382 -1.823 -1.996 -2.168 -2.288 -2.399 -2.06 -2.202 -2.322 -2.421 -2.589 -2.611 -2.78 -2.971
34.7093 -1.538 -1.488 -1.563 -1.756 -1.898 -2.037 -1.677 -1.778 -1.901 -2.043 -2.183 -2.332 -1.773 -1.946 -2.118 -2.238 -2.349 -2.01 -2.152 -2.272 -2.371 -2.539 -2.561 -2.73 -2.921
35.5466 -1.488 -1.438 -1.513 -1.706 -1.848 -1.987 -1.627 -1.728 -1.851 -1.993 -2.133 -2.282 -1.723 -1.896 -2.068 -2.188 -2.299 -1.96 -2.102 -2.222 -2.321 -2.489 -2.511 -2.68 -2.871
36.4041 -1.438 -1.388 -1.463 -1.656 -1.798 -1.937 -1.577 -1.678 -1.801 -1.943 -2.083 -2.232 -1.673 -1.846 -2.018 -2.138 -2.249 -1.91 -2.052 -2.172 -2.271 -2.439 -2.461 -2.63 -2.821
37.2823 -1.388 -1.338 -1.413 -1.606 -1.748 -1.887 -1.527 -1.628 -1.751 -1.893 -2.033 -2.182 -1.623 -1.796 -1.968 -2.088 -2.199 -1.86 -2.002 -2.122 -2.221 -2.389 -2.411 -2.58 -2.771
38.1817 -1.338 -1.288 -1.363 -1.556 -1.698 -1.837 -1.477 -1.578 -1.701 -1.843 -1.983 -2.132 -1.573 -1.746 -1.918 -2.038 -2.149 -1.81 -1.952 -2.072 -2.171 -2.339 -2.361 -2.53 -2.721
39.1028 -1.288 -1.238 -1.313 -1.506 -1.648 -1.787 -1.427 -1.528 -1.651 -1.793 -1.933 -2.082 -1.523 -1.696 -1.868 -1.988 -2.099 -1.76 -1.902 -2.022 -2.121 -2.289 -2.311 -2.48 -2.671
40.046 -1.238 -1.188 -1.263 -1.456 -1.598 -1.737 -1.377 -1.478 -1.601 -1.743 -1.883 -2.032 -1.473 -1.646 -1.818 -1.938 -2.049 -1.71 -1.852 -1.972 -2.071 -2.239 -2.261 -2.43 -2.621
41.0121 -1.19 -1.141 -1.216 -1.409 -1.551 -1.69 -1.329 -1.431 -1.553 -1.695 -1.836 -1.984 -1.426 -1.599 -1.77 -1.891 -2.002 -1.662 -1.805 -1.925 -2.024 -2.192 -2.214 -2.383 -2.573
42.0014 -1.143 -1.094 -1.169 -1.362 -1.504 -1.643 -1.283 -1.384 -1.507 -1.649 -1.789 -1.938 -1.379 -1.552 -1.724 -1.844 -1.955 -1.616 -1.758 -1.878 -1.977 -2.145 -2.167 -2.336 -2.527
43.0146 -1.097 -1.047 -1.122 -1.315 -1.457 -1.597 -1.236 -1.337 -1.46 -1.602 -1.742 -1.891 -1.332 -1.505 -1.677 -1.798 -1.908 -1.569 -1.711 -1.831 -1.93 -2.098 -2.12 -2.289 -2.48
44.0523 -1.05 -1.0 -1.075 -1.268 -1.411 -1.55 -1.189 -1.291 -1.413 -1.555 -1.695 -1.844 -1.286 -1.458 -1.63 -1.751 -1.861 -1.522 -1.665 -1.784 -1.883 -2.052 -2.073 -2.243 -2.433
45.1149 -1.003 -0.954 -1.029 -1.222 -1.364 -1.503 -1.142 -1.244 -1.366 -1.508 -1.649 -1.797 -1.239 -1.411 -1.583 -1.704 -1.815 -1.475 -1.618 -1.738 -1.837 -2.005 -2.027 -2.196 -2.386
46.2033 -0.956 -0.907 -0.982 -1.175 -1.317 -1.456 -1.095 -1.197 -1.32 -1.461 -1.602 -1.75 -1.192 -1.365 -1.537 -1.657 -1.768 -1.428 -1.571 -1.691 -1.79 -1.958 -1.98 -2.149 -2.34
47.3178 -0.91 -0.86 -0.935 -1.128 -1.27 -1.41 -1.049 -1.15 -1.273 -1.415 -1.555 -1.704 -1.145 -1.318 -1.49 -1.61 -1.721 -1.382 -1.524 -1.644 -1.743 -1.911 -1.933 -2.102 -2.293
48.4593 -0.863 -0.813 -0.888 -1.081 -1.224 -1.363 -1.002 -1.104 -1.226 -1.368 -1.508 -1.657 -1.099 -1.271 -1.443 -1.564 -1.674 -1.335 -1.477 -1.597 -1.696 -1.865 -1.886 -2.056 -2.246
49.6283 -0.816 -0.767 -0.842 -1.034 -1.177 -1.316 -0.955 -1.057 -1.179 -1.321 -1.462 -1.61 -1.052 -1.224 -1.396 -1.517 -1.628 -1.288 -1.431 -1.551 -1.65 -1.818 -1.84 -2.009 -2.199
50.8255 -0.769 -0.72 -0.795 -0.988 -1.13 -1.269 -0.908 -1.01 -1.133 -1.274 -1.415 -1.563 -1.005 -1.178 -1.349 -1.47 -1.581 -1.241 -1.384 -1.504 -1.603 -1.771 -1.793 -1.962 -2.152
52.0515 -0.723 -0.674 -0.749 -0.942 -1.084 -1.223 -0.862 -0.964 -1.087 -1.228 -1.369 -1.517 -0.959 -1.132 -1.304 -1.424 -1.535 -1.195 -1.338 -1.458 -1.557 -1.725 -1.747 -1.916 -2.106
53.3072 -0.677 -0.628 -0.703 -0.896 -1.038 -1.177 -0.816 -0.918 -1.041 -1.182 -1.323 -1.472 -0.913 -1.086 -1.258 -1.378 -1.489 -1.149 -1.292 -1.412 -1.511 -1.679 -1.701 -1.87 -2.061
54.5931 -0.631 -0.582 -0.657 -0.85 -0.992 -1.131 -0.771 -0.872 -0.995 -1.137 -1.277 -1.426 -0.867 -1.04 -1.212 -1.332 -1.443 -1.104 -1.246 -1.366 -1.465 -1.633 -1.655 -1.824 -2.015
55.9101 -0.586 -0.536 -0.611 -0.804 -0.946 -1.085 -0.725 -0.826 -0.949 -1.091 -1.231 -1.38 -0.821 -0.994 -1.166 -1.286 -1.397 -1.058 -1.2 -1.32 -1.419 -1.587 -1.609 -1.778 -1.969
57.2588 -0.54 -0.49 -0.565 -0.758 -0.9 -1.039 -0.679 -0.78 -0.903 -1.045 -1.185 -1.334 -0.775 -0.948 -1.12 -1.24 -1.351 -1.012 -1.154 -1.274 -1.373 -1.541 -1.563 -1.732 -1.923
58.6401 -0.494 -0.444 -0.519 -0.712 -0.854 -0.993 -0.633 -0.734 -0.857 -0.999 -1.139 -1.288 -0.729 -0.902 -1.074 -1.194 -1.305 -0.966 -1.108 -1.228 -1.327 -1.495 -1.517 -1.686 -1.877
60.0546 -0.448 -0.398 -0.473 -0.666 -0.808 -0.948 -0.587 -0.688 -0.811 -0.953 -1.093 -1.242 -0.683 -0.856 -1.028 -1.148 -1.259 -0.92 -1.062 -1.182 -1.281 -1.449 -1.471 -1.64 -1.831
61.5034 -0.402 -0.352 -0.427 -0.62 -0.762 -0.902 -0.541 -0.642 -0.765 -0.907 -1.047 -1.196 -0.637 -0.81 -0.982 -1.103 -1.213 -0.874 -1.016 -1.136 -1.235 -1.403 -1.425 -1.594 -1.785
62.987 -0.356 -0.306 -0.381 -0.574 -0.717 -0.856 -0.495 -0.596 -0.719 -0.861 -1.001 -1.15 -0.591 -0.764 -0.936 -1.057 -1.167 -0.828 -0.97 -1.09 -1.189 -1.357 -1.379 -1.549 -1.739
64.5065 -0.31 -0.261 -0.336 -0.529 -0.671 -0.81 -0.449 -0.551 -0.673 -0.815 -0.956 -1.104 -0.546 -0.718 -0.89 -1.011 -1.122 -0.782 -0.925 -1.045 -1.144 -1.312 -1.334 -1.503 -1.693
66.0626 -0.267 -0.218 -0.293 -0.486 -0.628 -0.767 -0.406 -0.508 -0.631 -0.772 -0.913 -1.061 -0.503 -0.676 -0.848 -0.968 -1.079 -0.739 -0.882 -1.002 -1.101 -1.269 -1.291 -1.46 -1.651
67.6562 -0.225 -0.175 -0.25 -0.443 -0.585 -0.725 -0.364 -0.465 -0.588 -0.73 -0.87 -1.019 -0.46 -0.633 -0.805 -0.925 -1.036 -0.697 -0.839 -0.959 -1.058 -1.226 -1.248 -1.417 -1.608
69.2883 -0.182 -0.132 -0.207 -0.4 -0.543 -0.682 -0.321 -0.423 -0.545 -0.687 -0.827 -0.976 -0.418 -0.59 -0.762 -0.883 -0.993 -0.654 -0.797 -0.916 -1.015 -1.184 -1.205 -1.375 -1.565
70.9597 -0.139 -0.09 -0.165 -0.357 -0.5 -0.639 -0.278 -0.38 -0.502 -0.644 -0.785 -0.933 -0.375 -0.547 -0.719 -0.84 -0.951 -0.611 -0.754 -0.874 -0.973 -1.141 -1.163 -1.332 -1.522
72.6715 -0.096 -0.047 -0.122 -0.315 -0.457 -0.596 -0.235 -0.337 -0.46 -0.601 -0.742 -0.89 -0.332 -0.505 -0.677 -0.797 -0.908 -0.568 -0.711 -0.831 -0.93 -1.098 -1.12 -1.289 -1.479
74.4246 -0.054 -0.004 -0.079 -0.272 -0.414 -0.554 -0.193 -0.294 -0.417 -0.559 -0.699 -0.848 -0.289 -0.462 -0.634 -0.754 -0.865 -0.526 -0.668 -0.788 -0.887 -1.055 -1.077 -1.246 -1.437
76.2199 -0.011 0.039 -0.036 -0.229 -0.372 -0.511 -0.15 -0.252 -0.374 -0.516 -0.656 -0.805 -0.247 -0.419 -0.591 -0.712 -0.822 -0.483 -0.625 -0.745 -0.844 -1.013 -1.034 -1.204 -1.394
78.0586 0.032 0.081 0.006 -0.186 -0.329 -0.468 -0.107 -0.209 -0.331 -0.473 -0.614 -0.762 -0.204 -0.376 -0.548 -0.669 -0.78 -0.44 -0.583 -0.703 -0.802 -0.97 -0.992 -1.161 -1.351
79.9416 0.075 0.124 0.049 -0.144 -0.286 -0.425 -0.064 -0.166 -0.289 -0.43 -0.571 -0.719 -0.161 -0.334 -0.505 -0.626 -0.737 -0.397 -0.54 -0.66 -0.759 -0.927 -0.949 -1.118 -1.308
81.87 0.118 0.167 0.093 -0.1 -0.243 -0.382 -0.021 -0.123 -0.245 -0.387 -0.528 -0.676 -0.118 -0.29 -0.462 -0.583 -0.694 -0.354 -0.497 -0.616 -0.716 -0.884 -0.905 -1.075 -1.265
83.845 0.163 0.212 0.137 -0.056 -0.198 -0.337 0.024 -0.078 -0.2 -0.342 -0.483 -0.631 -0.073 -0.245 -0.417 -0.538 -0.649 -0.309 -0.452 -0.572 -0.671 -0.839 -0.861 -1.03 -1.22
85.8676 0.208 0.257 0.182 -0.011 -0.153 -0.292 0.069 -0.033 -0.156 -0.297 -0.438 -0.586 -0.028 -0.201 -0.372 -0.493 -0.604 -0.264 -0.407 -0.527 -0.626 -0.794 -0.816 -0.985 -1.175
87.939 0.253 0.302 0.227 0.034 -0.108 -0.247 0.113 0.012 -0.111 -0.253 -0.393 -0.542 0.017 -0.156 -0.328 -0.448 -0.559 -0.22 -0.362 -0.482 -0.581 -0.749 -0.771 -0.94 -1.131
90.0604 0.297 0.347 0.272 0.079 -0.063 -0.203 0.158 0.057 -0.066 -0.208 -0.348 -0.497 0.062 -0.111 -0.283 -0.403 -0.514 -0.175 -0.317 -0.437 -0.536 -0.704 -0.726 -0.895 -1.086
92.2329 0.342 0.392 0.317 0.124 -0.019 -0.158 0.203 0.101 -0.021 -0.163 -0.303 -0.452 0.107 -0.066 -0.238 -0.359 -0.469 -0.13 -0.272 -0.392 -0.491 -0.659 -0.681 -0.851 -1.041
94.4579 0.387 0.437 0.362 0.169 0.026 -0.113 0.248 0.146 0.024 -0.118 -0.258 -0.407 0.151 -0.021 -0.193 -0.314 -0.424 -0.085 -0.228 -0.347 -0.446 -0.615 -0.636 -0.806 -0.996
96.7365 0.432 0.481 0.407 0.214 0.071 -0.068 0.293 0.191 0.069 -0.073 -0.214 -0.362 0.196 0.024 -0.148 -0.269 -0.38 -0.04 -0.183 -0.302 -0.402 -0.57 -0.591 -0.761 -0.951
99.0701 0.477 0.526 0.451 0.258 0.116 -0.023 0.338 0.236 0.114 -0.028 -0.169 -0.317 0.241 0.069 -0.103 -0.224 -0.335 0.005 -0.138 -0.258 -0.357 -0.525 -0.547 -0.716 -0.906
101.4599 0.522 0.571 0.496 0.303 0.161 0.022 0.383 0.281 0.158 0.017 -0.124 -0.272 0.286 0.113 -0.058 -0.179 -0.29 0.05 -0.093 -0.213 -0.312 -0.48 -0.502 -0.671 -0.861
103.9075 0.565 0.614 0.54 0.347 0.204 0.065 0.426 0.324 0.202 0.06 -0.081 -0.229 0.329 0.157 -0.015 -0.136 -0.247 0.093 -0.05 -0.169 -0.268 -0.437 -0.458 -0.628 -0.818
106.4141 0.606 0.655 0.581 0.388 0.245 0.106 0.467 0.365 0.243 0.101 -0.04 -0.188 0.37 0.198 0.026 -0.095 -0.205 0.134 -0.009 -0.128 -0.227 -0.396 -0.417 -0.587 -0.777
108.9811 0.647 0.696 0.622 0.429 0.286 0.147 0.508 0.406 0.284 0.142 0.001 -0.147 0.411 0.239 0.067 -0.054 -0.164 0.175 0.032 -0.087 -0.186 -0.355 -0.376 -0.546 -0.736
111.6101 0.688 0.737 0.663 0.47 0.327 0.188 0.549 0.447 0.325 0.183 0.042 -0.106 0.452 0.28 0.108 -0.013 -0.123 0.216 0.073 -0.046 -0.145 -0.314 -0.335 -0.505 -0.695
114.3025 0.729 0.778 0.704 0.511 0.368 0.229 0.59 0.488 0.366 0.224 0.083 -0.065 0.493 0.321 0.149 0.028 -0.082 0.257 0.114 -0.005 -0.104 -0.273 -0.294 -0.464 -0.654
117.0598 0.77 0.819 0.745 0.552 0.409 0.27 0.631 0.529 0.407 0.265 0.124 -0.024 0.534 0.362 0.19 0.069 -0.041 0.298 0.155 0.036 -0.063 -0.232 -0.253 -0.423 -0.613
119.8836 0.811 0.86 0.786 0.593 0.45 0.311 0.672 0.57 0.448 0.306 0.165 0.017 0.575 0.403 0.231 0.11 -0.0 0.339 0.196 0.077 -0.022 -0.191 -0.212 -0.382 -0.572
122.7756 0.852 0.901 0.827 0.634 0.491 0.352 0.713 0.611 0.489 0.347 0.207 0.058 0.616 0.444 0.272 0.151 0.041 0.38 0.237 0.118 0.019 -0.15 -0.171 -0.341 -0.531
125.7373 0.893 0.942 0.868 0.675 0.532 0.393 0.754 0.652 0.53 0.388 0.248 0.099 0.657 0.485 0.313 0.192 0.082 0.421 0.278 0.159 0.06 -0.109 -0.13 -0.3 -0.49
128.7705 0.934 0.983 0.909 0.716 0.573 0.434 0.795 0.693 0.571 0.429 0.289 0.14 0.698 0.526 0.354 0.233 0.123 0.462 0.319 0.2 0.101 -0.068 -0.089 -0.259 -0.449
131.8769 0.974 1.023 0.948 0.755 0.613 0.474 0.835 0.733 0.61 0.469 0.328 0.18 0.738 0.565 0.394 0.273 0.162 0.502 0.359 0.239 0.14 -0.028 -0.05 -0.219 -0.409
135.0582 1.012 1.062 0.987 0.794 0.651 0.512 0.873 0.771 0.649 0.507 0.367 0.218 0.776 0.604 0.432 0.311 0.201 0.54 0.397 0.278 0.179 0.01 -0.011 -0.181 -0.371
138.3162 1.051 1.1 1.025 0.832 0.69 0.551 0.911 0.81 0.687 0.545 0.405 0.256 0.815 0.642 0.47 0.35 0.239 0.578 0.436 0.316 0.217 0.049 0.027 -0.142 -0.333
141.6528 1.089 1.138 1.064 0.871 0.728 0.589 0.95 0.848 0.726 0.584 0.443 0.295 0.853 0.681 0.509 0.388 0.277 0.617 0.474 0.355 0.255 0.087 0.066 -0.104 -0.294
145.0699 1.127 1.177 1.102 0.909 0.767 0.628 0.988 0.887 0.764 0.622 0.482 0.333 0.892 0.719 0.547 0.427 0.316 0.655 0.513 0.393 0.294 0.126 0.104 -0.065 -0.256
148.5695 1.166 1.215 1.14 0.947 0.805 0.666 1.027 0.925 0.803 0.661 0.52 0.372 0.93 0.758 0.586 0.465 0.354 0.694 0.551 0.431 0.332 0.164 0.142 -0.027 -0.217
152.1534 1.204 1.254 1.179 0.986 0.844 0.704 1.065 0.964 0.841 0.699 0.559 0.41 0.969 0.796 0.624 0.503 0.393 0.732 0.59 0.47 0.371 0.203 0.181 0.012 -0.179
155.8238 1.243 1.292 1.217 1.024 0.882 0.743 1.104 1.002 0.88 0.738 0.597 0.449 1.007 0.834 0.663 0.542 0.431 0.771 0.628 0.508 0.409 0.241 0.219 0.05 -0.14
159.5828 1.281 1.331 1.256 1.063 0.92 0.781 1.142 1.04 0.918 0.776 0.636 0.487 1.045 0.873 0.701 0.58 0.47 0.809 0.667 0.547 0.448 0.279 0.258 0.088 -0.102
163.4324 1.32 1.369 1.294 1.101 0.959 0.82 1.181 1.079 0.956 0.815 0.674 0.525 1.084 0.911 0.739 0.619 0.508 0.848 0.705 0.585 0.486 0.318 0.296 0.127 -0.064
167.375 1.36 1.41 1.335 1.142 1.0 0.861 1.221 1.12 0.997 0.855 0.715 0.566 1.125 0.952 0.78 0.66 0.549 0.888 0.746 0.626 0.527 0.359 0.337 0.168 -0.023
171.4126 1.402 1.452 1.377 1.184 1.042 0.903 1.263 1.162 1.039 0.897 0.757 0.608 1.167 0.994 0.822 0.702 0.591 0.93 0.788 0.668 0.569 0.401 0.379 0.21 0.019
175.5476 1.444 1.494 1.419 1.226 1.084 0.945 1.305 1.204 1.081 0.939 0.799 0.65 1.209 1.036 0.864 0.744 0.633 0.972 0.83 0.71 0.611 0.443 0.421 0.252 0.061
179.7823 1.486 1.536 1.461 1.268 1.126 0.986 1.347 1.246 1.123 0.981 0.841 0.692 1.251 1.078 0.906 0.786 0.675 1.014 0.872 0.752 0.653 0.485 0.463 0.294 0.103
184.1193 1.528 1.578 1.503 1.31 1.168 1.028 1.389 1.288 1.165 1.023 0.883 0.734 1.293 1.12 0.948 0.828 0.717 1.056 0.914 0.794 0.695 0.527 0.505 0.336 0.145
188.5608 1.57 1.62 1.545 1.352 1.21 1.07 1.431 1.33 1.207 1.065 0.925 0.776 1.335 1.162 0.99 0.869 0.759 1.098 0.956 0.836 0.737 0.569 0.547 0.378 0.187
193.1095 1.612 1.662 1.587 1.394 1.252 1.112 1.473 1.372 1.249 1.107 0.967 0.818 1.377 1.204 1.032 0.911 0.801 1.14 0.998 0.878 0.779 0.611 0.589 0.42 0.229
197.7679 1.654 1.704 1.629 1.436 1.294 1.154 1.515 1.414 1.291 1.149 1.009 0.86 1.419 1.246 1.074 0.953 0.843 1.182 1.04 0.92 0.821 0.653 0.631 0.462 0.271
202.5387 1.696 1.746 1.671 1.478 1.335 1.196 1.557 1.456 1.333 1.191 1.051 0.902 1.461 1.288 1.116 0.995 0.885 1.224 1.082 0.962 0.863 0.695 0.673 0.503 0.313
207.4245 1.738 1.788 1.713 1.52 1.377 1.238 1.599 1.497 1.375 1.233 1.093 0.944 1.503 1.33 1.158 1.037 0.927 1.266 1.124 1.004 0.905 0.737 0.715 0.545 0.355
212.4283 1.776 1.826 1.751 1.558 1.415 1.276 1.637 1.535 1.413 1.271 1.131 0.982 1.54 1.368 1.196 1.075 0.965 1.304 1.162 1.042 0.943 0.774 0.753 0.583 0.393
217.5527 1.813 1.863 1.788 1.595 1.452 1.313 1.674 1.572 1.45 1.308 1.168 1.019 1.578 1.405 1.233 1.112 1.002 1.341 1.199 1.079 0.98 0.811 0.79 0.62 0.43
222.8008 1.85 1.9 1.825 1.632 1.49 1.35 1.711 1.61 1.487 1.345 1.205 1.056 1.615 1.442 1.27 1.149 1.039 1.378 1.236 1.116 1.017 0.849 0.827 0.658 0.467
228.1754 1.887 1.937 1.862 1.669 1.527 1.388 1.748 1.647 1.524 1.382 1.242 1.093 1.652 1.479 1.307 1.187 1.076 1.415 1.273 1.153 1.054 0.886 0.864 0.695 0.504
233.6797 1.924 1.974 1.899 1.706 1.564 1.425 1.785 1.684 1.561 1.419 1.279 1.13 1.689 1.516 1.344 1.224 1.113 1.452 1.31 1.19 1.091 0.923 0.901 0.732 0.541
239.3168 1.962 2.011 1.936 1.743 1.601 1.462 1.822 1.721 1.598 1.457 1.316 1.167 1.726 1.553 1.381 1.261 1.15 1.49 1.347 1.227 1.128 0.96 0.938 0.769 0.578
245.0899 1.999 2.048 1.973 1.78 1.638 1.499 1.86 1.758 1.635 1.494 1.353 1.205 1.763 1.59 1.419 1.298 1.187 1.527 1.384 1.264 1.165 0.997 0.975 0.806 0.616
251.0022 2.036 2.085 2.01 1.817 1.675 1.536 1.897 1.795 1.673 1.531 1.39 1.242 1.8 1.627 1.456 1.335 1.224 1.564 1.421 1.301 1.202 1.034 1.012 0.843 0.653
257.0572 2.073 2.122 2.047 1.854 1.712 1.573 1.934 1.832 1.71 1.568 1.427 1.279 1.837 1.665 1.493 1.372 1.261 1.601 1.458 1.338 1.239 1.071 1.049 0.88 0.69
263.2582 2.11 2.159 2.084 1.892 1.749 1.61 1.971 1.869 1.747 1.605 1.464 1.316 1.874 1.702 1.53 1.409 1.298 1.638 1.495 1.375 1.276 1.108 1.086 0.917 0.727
269.6088 2.146 2.195 2.12 1.927 1.785 1.646 2.007 1.905 1.783 1.641 1.5 1.352 1.91 1.738 1.566 1.445 1.334 1.674 1.531 1.411 1.312 1.144 1.122 0.953 0.763
276.1126 2.182 2.231 2.156 1.963 1.821 1.682 2.043 1.941 1.819 1.677 1.536 1.388 1.946 1.773 1.602 1.481 1.37 1.71 1.567 1.447 1.348 1.18 1.158 0.989 0.799
282.7734 2.218 2.267 2.192 1.999 1.857 1.718 2.079 1.977 1.855 1.713 1.572 1.424 1.982 1.809 1.638 1.517 1.406 1.746 1.603 1.483 1.384 1.216 1.194 1.025 0.835
289.5947 2.254 2.303 2.228 2.035 1.893 1.754 2.115 2.013 1.89 1.749 1.608 1.46 2.018 1.845 1.673 1.553 1.442 1.782 1.639 1.519 1.42 1.252 1.23 1.061 0.871
296.5807 2.29 2.339 2.264 2.071 1.929 1.79 2.15 2.049 1.926 1.784 1.644 1.495 2.054 1.881 1.709 1.589 1.478 1.817 1.675 1.555 1.456 1.288 1.266 1.097 0.906
