web/models/grb/onaxis/14/grb_0.0000_0.0100_0.0100000.dat
# %ECSV 1.0
# ---
# datatype:
# - {name: time, datatype: float64}
# - {name: swift_uvot_uvw2, datatype: float64}
# - {name: swift_uvot_uvm2, datatype: float64}
# - {name: swift_uvot_uvw1, datatype: float64}
# - {name: swift_uvot_U, datatype: float64}
# - {name: swift_uvot_B, datatype: float64}
# - {name: swift_uvot_V, datatype: float64}
# - {name: swift_uvot_W, datatype: float64}
# - {name: johnson_U, datatype: float64}
# - {name: johnson_B, datatype: float64}
# - {name: johnson_V, datatype: float64}
# - {name: johnson_R, datatype: float64}
# - {name: johnson_I, datatype: float64}
# - {name: sdss_u, datatype: float64}
# - {name: sdss_g, datatype: float64}
# - {name: sdss_r, datatype: float64}
# - {name: sdss_i, datatype: float64}
# - {name: sdss_z, datatype: float64}
# - {name: PS1_g, datatype: float64}
# - {name: PS1_r, datatype: float64}
# - {name: PS1_i, datatype: float64}
# - {name: PS1_z, datatype: float64}
# - {name: PS1_Y, datatype: float64}
# - {name: PS1_w, datatype: float64}
# - {name: ATLAS_c, datatype: float64}
# - {name: ATLAS_o, datatype: float64}
# - {name: ukirt_J, datatype: float64}
# - {name: ukirt_H, datatype: float64}
# - {name: ukirt_K, datatype: float64}
# - {name: Clear, datatype: float64}
# meta: !!omap
# - comment: [E = 4.339649880409358e-06, Eta0 = 8.02, GammaB = 12.0, dL = 0.012188, epsb = 6.760829753919819e-06, epse = 0.1, n = 0.01,
#     p = 2.15, theta_obs = 0.0, xiN = 1.0, z = 0.0, type = grb, E_kiso = 0.01]
# schema: astropy-2.0
time swift_uvot_uvw2 swift_uvot_uvm2 swift_uvot_uvw1 swift_uvot_U swift_uvot_B swift_uvot_V swift_uvot_W johnson_U johnson_B johnson_V johnson_R johnson_I sdss_u sdss_g sdss_r sdss_i sdss_z PS1_g PS1_r PS1_i PS1_z PS1_Y PS1_w ATLAS_c ATLAS_o ukirt_J ukirt_H ukirt_K Clear
[from data line 262]
5.1555 11.492 11.541 11.467 11.274 11.131 10.992 11.353 11.251 11.129 10.987 10.846 10.698 11.256 11.084 10.912 10.791 10.68 11.02 10.877 10.758 10.658 10.49 10.914 11.009 10.856 10.469 10.299 10.109 10.824
5.2799 11.534 11.583 11.509 11.316 11.173 11.034 11.395 11.293 11.171 11.029 10.888 10.74 11.298 11.126 10.954 10.833 10.722 11.062 10.919 10.799 10.7 10.532 10.956 11.051 10.898 10.51 10.341 10.151 10.866
5.4072 11.576 11.625 11.551 11.358 11.215 11.076 11.437 11.335 11.213 11.071 10.93 10.782 11.34 11.168 10.996 10.875 10.764 11.104 10.961 10.841 10.742 10.574 10.998 11.093 10.94 10.552 10.383 10.193 10.908
5.5377 11.618 11.667 11.592 11.4 11.257 11.118 11.479 11.377 11.255 11.113 10.972 10.824 11.382 11.21 11.038 10.917 10.806 11.146 11.003 10.883 10.784 10.616 11.04 11.135 10.982 10.594 10.425 10.235 10.95
5.6713 11.66 11.709 11.634 11.441 11.299 11.16 11.521 11.419 11.297 11.155 11.014 10.866 11.424 11.252 11.08 10.959 10.848 11.188 11.045 10.925 10.826 10.658 11.082 11.177 11.024 10.636 10.467 10.277 10.992
5.8081 11.698 11.748 11.673 11.48 11.338 11.198 11.559 11.458 11.335 11.193 11.053 10.904 11.463 11.29 11.118 10.998 10.887 11.226 11.084 10.964 10.865 10.697 11.12 11.216 11.063 10.675 10.506 10.315 11.03
5.9482 11.735 11.785 11.71 11.517 11.375 11.236 11.596 11.495 11.372 11.23 11.09 10.941 11.5 11.327 11.155 11.035 10.924 11.263 11.121 11.001 10.902 10.734 11.158 11.253 11.1 10.712 10.543 10.352 11.067
6.0917 11.773 11.822 11.747 11.554 11.412 11.273 11.633 11.532 11.409 11.267 11.127 10.978 11.537 11.364 11.192 11.072 10.961 11.3 11.158 11.038 10.939 10.771 11.195 11.29 11.137 10.749 10.58 10.389 11.104
6.2386 11.81 11.859 11.784 11.591 11.449 11.31 11.671 11.569 11.446 11.305 11.164 11.016 11.574 11.401 11.229 11.109 10.998 11.338 11.195 11.075 10.976 10.808 11.232 11.327 11.174 10.786 10.617 10.427 11.142
6.3891 11.847 11.896 11.821 11.628 11.486 11.347 11.708 11.606 11.484 11.342 11.201 11.053 11.611 11.438 11.267 11.146 11.035 11.375 11.232 11.112 11.013 10.845 11.269 11.364 11.211 10.823 10.654 10.464 11.179
6.5433 11.884 11.933 11.858 11.665 11.523 11.384 11.745 11.643 11.521 11.379 11.238 11.09 11.648 11.475 11.304 11.183 11.072 11.412 11.269 11.149 11.05 10.882 11.306 11.401 11.248 10.86 10.691 10.501 11.216
6.7011 11.921 11.97 11.895 11.703 11.56 11.421 11.782 11.68 11.558 11.416 11.275 11.127 11.685 11.513 11.341 11.22 11.109 11.449 11.306 11.186 11.087 10.919 11.343 11.438 11.285 10.897 10.728 10.538 11.253
6.8627 11.958 12.007 11.933 11.74 11.597 11.458 11.819 11.717 11.595 11.453 11.312 11.164 11.722 11.55 11.378 11.257 11.146 11.486 11.343 11.224 11.124 10.956 11.38 11.475 11.322 10.935 10.765 10.575 11.29
7.0283 11.995 12.044 11.97 11.777 11.634 11.495 11.856 11.754 11.632 11.49 11.35 11.201 11.759 11.587 11.415 11.294 11.184 11.523 11.38 11.261 11.162 10.993 11.417 11.512 11.36 10.972 10.802 10.612 11.327
7.1978 12.032 12.082 12.007 11.814 11.671 11.532 11.893 11.791 11.669 11.527 11.387 11.238 11.796 11.624 11.452 11.331 11.221 11.56 11.418 11.298 11.199 11.03 11.454 11.549 11.397 11.009 10.839 10.649 11.364
7.3715 12.068 12.118 12.043 11.85 11.707 11.568 11.929 11.827 11.705 11.563 11.423 11.274 11.832 11.66 11.488 11.367 11.257 11.596 11.454 11.334 11.235 11.066 11.49 11.586 11.433 11.045 10.875 10.685 11.4
7.5493 12.104 12.154 12.079 11.886 11.743 11.604 11.965 11.863 11.741 11.599 11.459 11.31 11.868 11.696 11.524 11.403 11.293 11.632 11.49 11.37 11.271 11.102 11.526 11.621 11.469 11.081 10.911 10.721 11.436
7.7314 12.14 12.19 12.115 11.922 11.779 11.64 12.001 11.899 11.777 11.635 11.495 11.346 11.904 11.732 11.56 11.439 11.329 11.668 11.525 11.406 11.307 11.138 11.562 11.657 11.505 11.117 10.947 10.757 11.472
7.9179 12.176 12.225 12.151 11.958 11.815 11.676 12.037 11.935 11.813 11.671 11.53 11.382 11.94 11.768 11.596 11.475 11.364 11.704 11.561 11.442 11.343 11.174 11.598 11.693 11.541 11.153 10.983 10.793 11.508
8.1089 12.212 12.261 12.187 11.994 11.851 11.712 12.073 11.971 11.849 11.707 11.566 11.418 11.976 11.804 11.632 11.511 11.4 11.74 11.597 11.477 11.378 11.21 11.634 11.729 11.576 11.188 11.019 10.829 11.544
8.3045 12.248 12.297 12.222 12.029 11.887 11.748 12.109 12.007 11.885 11.743 11.602 11.454 12.012 11.84 11.668 11.547 11.436 11.776 11.633 11.513 11.414 11.246 11.67 11.765 11.612 11.224 11.055 10.865 11.58
8.5049 12.284 12.333 12.258 12.065 11.923 11.784 12.145 12.043 11.921 11.779 11.638 11.49 12.048 11.875 11.704 11.583 11.472 11.812 11.669 11.549 11.45 11.282 11.706 11.801 11.648 11.26 11.091 10.901 11.616
8.71 12.32 12.369 12.294 12.101 11.959 11.82 12.181 12.079 11.957 11.815 11.674 11.526 12.084 11.911 11.74 11.619 11.508 11.848 11.705 11.585 11.486 11.318 11.742 11.837 11.684 11.296 11.127 10.937 11.652
8.9201 12.356 12.405 12.33 12.137 11.995 11.856 12.217 12.115 11.992 11.851 11.71 11.562 12.12 11.947 11.775 11.655 11.544 11.884 11.741 11.621 11.522 11.354 11.778 11.873 11.72 11.332 11.163 10.972 11.687
9.1353 12.392 12.441 12.366 12.173 12.031 11.892 12.252 12.151 12.028 11.886 11.746 11.597 12.156 11.983 11.811 11.691 11.58 11.919 11.777 11.657 11.558 11.39 11.814 11.909 11.756 11.368 11.199 11.008 11.723
9.3557 12.428 12.478 12.403 12.21 12.067 11.928 12.289 12.187 12.065 11.923 11.783 11.634 12.192 12.02 11.848 11.727 11.617 11.956 11.813 11.694 11.595 11.426 11.85 11.945 11.793 11.405 11.235 11.045 11.76
9.5814 12.465 12.514 12.439 12.246 12.104 11.965 12.326 12.224 12.102 11.96 11.819 11.671 12.229 12.056 11.885 11.764 11.653 11.993 11.85 11.73 11.631 11.463 11.887 11.982 11.829 11.441 11.272 11.082 11.797
9.8125 12.501 12.551 12.476 12.283 12.14 12.001 12.362 12.261 12.138 11.996 11.856 11.707 12.266 12.093 11.921 11.8 11.69 12.029 11.887 11.767 11.668 11.5 11.923 12.019 11.866 11.478 11.308 11.118 11.833
10.0492 12.538 12.587 12.512 12.319 12.177 12.038 12.399 12.297 12.175 12.033 11.892 11.744 12.302 12.13 11.958 11.837 11.726 12.066 11.923 11.803 11.704 11.536 11.96 12.055 11.902 11.514 11.345 11.155 11.87
10.2917 12.574 12.624 12.549 12.356 12.214 12.075 12.435 12.334 12.211 12.069 11.929 11.78 12.339 12.166 11.994 11.874 11.763 12.102 11.96 11.84 11.741 11.573 11.997 12.092 11.939 11.551 11.382 11.191 11.906
10.5399 12.611 12.66 12.586 12.393 12.25 12.111 12.472 12.37 12.248 12.106 11.965 11.817 12.375 12.203 12.031 11.91 11.8 12.139 11.996 11.877 11.778 11.609 12.033 12.128 11.976 11.588 11.418 11.228 11.943
10.7942 12.648 12.697 12.622 12.429 12.287 12.148 12.509 12.407 12.284 12.143 12.002 11.853 12.412 12.239 12.067 11.947 11.836 12.176 12.033 11.913 11.814 11.646 12.07 12.165 12.012 11.624 11.455 11.264 11.979
11.0546 12.684 12.734 12.659 12.466 12.323 12.184 12.545 12.443 12.321 12.179 12.039 11.89 12.448 12.276 12.104 11.983 11.873 12.212 12.07 11.95 11.851 11.682 12.106 12.201 12.049 11.661 11.491 11.301 12.016
11.3212 12.721 12.77 12.695 12.502 12.36 12.221 12.582 12.48 12.358 12.216 12.075 11.927 12.485 12.312 12.141 12.02 11.909 12.249 12.106 11.986 11.887 11.719 12.143 12.238 12.085 11.697 11.528 11.338 12.053
11.5943 12.757 12.806 12.732 12.539 12.396 12.257 12.618 12.516 12.394 12.252 12.111 11.963 12.521 12.349 12.177 12.056 11.946 12.285 12.142 12.023 11.924 11.755 12.179 12.274 12.122 11.734 11.564 11.374 12.089
11.874 12.791 12.84 12.766 12.573 12.43 12.291 12.652 12.55 12.428 12.286 12.145 11.997 12.555 12.383 12.211 12.09 11.98 12.319 12.176 12.057 11.958 11.789 12.213 12.308 12.156 11.768 11.598 11.408 12.123
12.1605 12.825 12.874 12.8 12.607 12.464 12.325 12.686 12.584 12.462 12.32 12.18 12.031 12.589 12.417 12.245 12.124 12.014 12.353 12.21 12.091 11.992 11.823 12.247 12.342 12.19 11.802 11.632 11.442 12.157
12.4538 12.859 12.908 12.834 12.641 12.498 12.359 12.72 12.618 12.496 12.354 12.214 12.065 12.623 12.451 12.279 12.158 12.048 12.387 12.244 12.125 12.026 11.857 12.281 12.376 12.224 11.836 11.666 11.476 12.191
12.7542 12.893 12.943 12.868 12.675 12.532 12.393 12.754 12.652 12.53 12.388 12.248 12.099 12.657 12.485 12.313 12.192 12.082 12.421 12.278 12.159 12.06 11.891 12.315 12.41 12.258 11.87 11.7 11.51 12.225
13.0619 12.927 12.977 12.902 12.709 12.566 12.427 12.788 12.686 12.564 12.422 12.282 12.133 12.691 12.519 12.347 12.226 12.116 12.455 12.312 12.193 12.094 11.925 12.349 12.444 12.292 11.904 11.734 11.544 12.259
13.377 12.961 13.011 12.936 12.743 12.6 12.461 12.822 12.72 12.598 12.456 12.316 12.167 12.725 12.553 12.381 12.26 12.15 12.489 12.346 12.227 12.128 11.959 12.383 12.478 12.326 11.938 11.768 11.578 12.293
13.6997 12.995 13.045 12.97 12.777 12.634 12.495 12.856 12.754 12.632 12.49 12.35 12.201 12.759 12.587 12.415 12.294 12.184 12.523 12.381 12.261 12.162 11.993 12.417 12.512 12.36 11.972 11.802 11.612 12.327
14.0302 13.029 13.079 13.004 12.811 12.668 12.529 12.89 12.788 12.666 12.524 12.384 12.235 12.793 12.621 12.449 12.328 12.218 12.557 12.415 12.295 12.196 12.027 12.451 12.546 12.394 12.006 11.836 11.646 12.361
14.3686 13.063 13.113 13.038 12.845 12.702 12.563 12.924 12.822 12.7 12.558 12.418 12.269 12.827 12.655 12.483 12.362 12.252 12.591 12.449 12.329 12.23 12.061 12.485 12.58 12.428 12.04 11.87 11.68 12.395
14.7153 13.096 13.146 13.071 12.878 12.736 12.596 12.957 12.856 12.733 12.591 12.451 12.302 12.861 12.688 12.516 12.395 12.285 12.624 12.482 12.362 12.263 12.095 12.518 12.614 12.461 12.073 11.904 11.713 12.428
15.0702 13.127 13.177 13.102 12.909 12.766 12.627 12.988 12.886 12.764 12.622 12.482 12.333 12.892 12.719 12.547 12.426 12.316 12.655 12.513 12.393 12.294 12.125 12.549 12.645 12.492 12.104 11.934 11.744 12.459
15.4338 13.158 13.208 13.133 12.94 12.797 12.658 13.019 12.917 12.795 12.653 12.513 12.364 12.922 12.75 12.578 12.457 12.347 12.686 12.544 12.424 12.325 12.156 12.58 12.675 12.523 12.135 11.965 11.775 12.49
15.8061 13.189 13.238 13.164 12.971 12.828 12.689 13.05 12.948 12.826 12.684 12.544 12.395 12.953 12.781 12.609 12.488 12.378 12.717 12.574 12.455 12.356 12.187 12.611 12.706 12.554 12.166 11.996 11.806 12.521
16.1874 13.22 13.269 13.195 13.002 12.859 12.72 13.081 12.979 12.857 12.715 12.574 12.426 12.984 12.812 12.64 12.519 12.408 12.748 12.605 12.486 12.386 12.218 12.642 12.737 12.584 12.197 12.027 11.837 12.552
16.5779 13.251 13.3 13.225 13.033 12.89 12.751 13.112 13.01 12.888 12.746 12.605 12.457 13.015 12.843 12.671 12.55 12.439 12.779 12.636 12.516 12.417 12.249 12.673 12.768 12.615 12.227 12.058 11.868 12.583
16.9778 13.282 13.331 13.256 13.063 12.921 12.782 13.143 13.041 12.919 12.777 12.636 12.488 13.046 12.873 12.702 12.581 12.47 12.81 12.667 12.547 12.448 12.28 12.704 12.799 12.646 12.258 12.089 11.899 12.614
17.3873 13.313 13.362 13.287 13.094 12.952 12.813 13.174 13.072 12.95 12.808 12.667 12.519 13.077 12.904 12.733 12.612 12.501 12.841 12.698 12.578 12.479 12.311 12.735 12.83 12.677 12.289 12.12 11.93 12.645
17.8068 13.344 13.393 13.318 13.125 12.983 12.844 13.205 13.103 12.98 12.839 12.698 12.55 13.108 12.935 12.763 12.643 12.532 12.872 12.729 12.609 12.51 12.342 12.766 12.861 12.708 12.32 12.151 11.96 12.675
18.2363 13.375 13.424 13.349 13.156 13.014 12.875 13.235 13.134 13.011 12.869 12.729 12.58 13.139 12.966 12.794 12.674 12.563 12.902 12.76 12.64 12.541 12.373 12.797 12.892 12.739 12.351 12.182 11.991 12.706
18.6762 13.406 13.455 13.38 13.187 13.045 12.906 13.266 13.165 13.042 12.9 12.76 12.611 13.17 12.997 12.825 12.705 12.594 12.933 12.791 12.671 12.572 12.404 12.828 12.923 12.77 12.382 12.213 12.022 12.737
19.1268 13.437 13.486 13.411 13.218 13.076 12.937 13.298 13.196 13.073 12.932 12.791 12.643 13.201 13.028 12.856 12.736 12.625 12.965 12.822 12.702 12.603 12.435 12.859 12.954 12.801 12.413 12.244 12.053 12.768
19.5882 13.468 13.517 13.442 13.249 13.107 12.968 13.329 13.227 13.105 12.963 12.822 12.674 13.232 13.059 12.888 12.767 12.656 12.996 12.853 12.733 12.634 12.466 12.89 12.985 12.832 12.444 12.275 12.085 12.8
20.0607 13.499 13.548 13.473 13.28 13.138 12.999 13.36 13.258 13.136 12.994 12.853 12.705 13.263 13.09 12.919 12.798 12.687 13.027 12.884 12.764 12.665 12.497 12.921 13.016 12.863 12.475 12.306 12.116 12.831
20.5446 13.53 13.579 13.504 13.312 13.169 13.03 13.391 13.289 13.167 13.025 12.884 12.736 13.294 13.122 12.95 12.829 12.718 13.058 12.915 12.795 12.696 12.528 12.952 13.047 12.894 12.506 12.337 12.147 12.862
21.0402 13.561 13.61 13.536 13.343 13.2 13.061 13.422 13.32 13.198 13.056 12.915 12.767 13.325 13.153 12.981 12.86 12.749 13.089 12.946 12.827 12.727 12.559 12.983 13.078 12.925 12.538 12.368 12.178 12.893
21.5478 13.592 13.641 13.567 13.374 13.231 13.092 13.453 13.351 13.229 13.087 12.947 12.798 13.356 13.184 13.012 12.891 12.781 13.12 12.977 12.858 12.759 12.59 13.014 13.109 12.957 12.569 12.399 12.209 12.924
22.0676 13.623 13.673 13.598 13.405 13.262 13.123 13.484 13.382 13.26 13.118 12.978 12.829 13.387 13.215 13.043 12.922 12.812 13.151 13.009 12.889 12.79 12.621 13.045 13.14 12.988 12.6 12.43 12.24 12.955
22.5999 13.654 13.704 13.629 13.436 13.293 13.154 13.515 13.413 13.291 13.149 13.009 12.86 13.419 13.246 13.074 12.953 12.843 13.182 13.04 12.92 12.821 12.652 13.076 13.172 13.019 12.631 12.461 12.271 12.986
23.1451 13.685 13.735 13.66 13.467 13.325 13.185 13.546 13.445 13.322 13.18 13.04 12.891 13.45 13.277 13.105 12.984 12.874 13.213 13.071 12.951 12.852 12.684 13.107 13.203 13.05 12.662 12.493 12.302 13.017
23.7034 13.724 13.774 13.699 13.506 13.364 13.224 13.585 13.484 13.361 13.219 13.079 12.93 13.489 13.316 13.144 13.024 12.913 13.252 13.11 12.99 12.891 12.723 13.146 13.242 13.089 12.701 12.532 12.341 13.056
24.2752 13.77 13.819 13.744 13.551 13.409 13.27 13.63 13.529 13.406 13.264 13.124 12.975 13.534 13.361 13.189 13.069 12.958 13.297 13.155 13.035 12.936 12.768 13.192 13.287 13.134 12.746 12.577 12.386 13.101
24.8608 13.815 13.864 13.789 13.596 13.454 13.315 13.676 13.574 13.451 13.31 13.169 13.021 13.579 13.406 13.235 13.114 13.003 13.343 13.2 13.08 12.981 12.813 13.237 13.332 13.179 12.791 12.622 12.432 13.147
25.4606 13.86 13.909 13.834 13.641 13.499 13.36 13.721 13.619 13.497 13.355 13.214 13.066 13.624 13.452 13.28 13.159 13.048 13.388 13.245 13.125 13.026 12.858 13.282 13.377 13.224 12.836 12.667 12.477 13.192
26.0748 13.905 13.954 13.88 13.687 13.544 13.405 13.766 13.664 13.542 13.4 13.259 13.111 13.669 13.497 13.325 13.204 13.093 13.433 13.29 13.171 13.071 12.903 13.327 13.422 13.269 12.882 12.712 12.522 13.237
26.7038 13.95 14.0 13.925 13.732 13.589 13.45 13.811 13.709 13.587 13.445 13.305 13.156 13.714 13.542 13.37 13.249 13.139 13.478 13.335 13.216 13.117 12.948 13.372 13.467 13.315 12.927 12.757 12.567 13.282
27.3479 13.995 14.045 13.97 13.777 13.634 13.495 13.856 13.755 13.632 13.49 13.35 13.201 13.76 13.587 13.415 13.294 13.184 13.523 13.381 13.261 13.162 12.994 13.417 13.513 13.36 12.972 12.802 12.612 13.327
28.0077 14.04 14.09 14.015 13.822 13.68 13.541 13.901 13.8 13.677 13.535 13.395 13.246 13.805 13.632 13.46 13.34 13.229 13.568 13.426 13.306 13.207 13.039 13.463 13.558 13.405 13.017 12.848 12.657 13.372
28.6833 14.086 14.135 14.06 13.867 13.725 13.586 13.946 13.845 13.722 13.58 13.44 13.291 13.85 13.677 13.505 13.385 13.274 13.613 13.471 13.351 13.252 13.084 13.508 13.603 13.45 13.062 12.893 12.702 13.417
29.3752 14.131 14.18 14.105 13.912 13.77 13.631 13.992 13.89 13.768 13.626 13.485 13.337 13.895 13.722 13.551 13.43 13.319 13.659 13.516 13.396 13.297 13.129 13.553 13.648 13.495 13.107 12.938 12.748 13.463
30.0838 14.194 14.244 14.169 13.976 13.834 13.695 14.055 13.954 13.831 13.689 13.549 13.4 13.959 13.786 13.614 13.494 13.383 13.722 13.58 13.46 13.361 13.193 13.617 13.712 13.559 13.171 13.002 12.811 13.526
30.8096 14.266 14.315 14.24 14.047 13.905 13.766 14.127 14.025 13.903 13.761 13.62 13.472 14.03 13.858 13.686 13.565 13.454 13.794 13.651 13.531 13.432 13.264 13.688 13.783 13.63 13.242 13.073 12.883 13.598
