web/models/grb/onaxis/14/grb_0.0000_10.0000_0.0000158.dat
# %ECSV 1.0
# ---
# datatype:
# - {name: time, datatype: float64}
# - {name: swift_uvot_uvw2, datatype: float64}
# - {name: swift_uvot_uvm2, datatype: float64}
# - {name: swift_uvot_uvw1, datatype: float64}
# - {name: swift_uvot_U, datatype: float64}
# - {name: swift_uvot_B, datatype: float64}
# - {name: swift_uvot_V, datatype: float64}
# - {name: swift_uvot_W, datatype: float64}
# - {name: johnson_U, datatype: float64}
# - {name: johnson_B, datatype: float64}
# - {name: johnson_V, datatype: float64}
# - {name: johnson_R, datatype: float64}
# - {name: johnson_I, datatype: float64}
# - {name: sdss_u, datatype: float64}
# - {name: sdss_g, datatype: float64}
# - {name: sdss_r, datatype: float64}
# - {name: sdss_i, datatype: float64}
# - {name: sdss_z, datatype: float64}
# - {name: PS1_g, datatype: float64}
# - {name: PS1_r, datatype: float64}
# - {name: PS1_i, datatype: float64}
# - {name: PS1_z, datatype: float64}
# - {name: PS1_Y, datatype: float64}
# - {name: ukirt_J, datatype: float64}
# - {name: ukirt_H, datatype: float64}
# - {name: ukirt_K, datatype: float64}
# meta: !!omap
# - comment: [E = 0.0043396498804093575, Eta0 = 8.02, GammaB = 12.0, dL = 0.012188, epsb = 6.760829753919819e-06, epse = 0.1, n = 1.584893192461114e-05,
#     p = 2.15, theta_obs = 0.0, xiN = 1.0, z = 0.0, type = grb, E_kiso = 10.0]
# schema: astropy-2.0
time swift_uvot_uvw2 swift_uvot_uvm2 swift_uvot_uvw1 swift_uvot_U swift_uvot_B swift_uvot_V swift_uvot_W johnson_U johnson_B johnson_V johnson_R johnson_I sdss_u sdss_g sdss_r sdss_i sdss_z PS1_g PS1_r PS1_i PS1_z PS1_Y ukirt_J ukirt_H ukirt_K
[from data line 179]
0.7129 -1.828 -1.779 -1.854 -2.047 -2.189 -2.328 -1.967 -2.069 -2.191 -2.333 -2.474 -2.622 -2.064 -2.237 -2.408 -2.529 -2.64 -2.3 -2.443 -2.563 -2.662 -2.83 -2.852 -3.021 -3.211
0.7301 -1.825 -1.775 -1.85 -2.043 -2.186 -2.325 -1.964 -2.066 -2.188 -2.33 -2.47 -2.619 -2.061 -2.233 -2.405 -2.526 -2.636 -2.297 -2.439 -2.559 -2.658 -2.827 -2.848 -3.018 -3.208
0.7477 -1.821 -1.772 -1.847 -2.04 -2.182 -2.321 -1.961 -2.062 -2.185 -2.326 -2.467 -2.616 -2.057 -2.23 -2.402 -2.522 -2.633 -2.293 -2.436 -2.556 -2.655 -2.823 -2.845 -3.014 -3.205
0.7658 -1.818 -1.769 -1.843 -2.036 -2.179 -2.318 -1.957 -2.059 -2.181 -2.323 -2.464 -2.612 -2.054 -2.226 -2.398 -2.519 -2.63 -2.29 -2.433 -2.552 -2.651 -2.82 -2.841 -3.011 -3.201
0.7842 -1.815 -1.765 -1.84 -2.033 -2.175 -2.315 -1.954 -2.055 -2.178 -2.32 -2.46 -2.609 -2.05 -2.223 -2.395 -2.515 -2.626 -2.287 -2.429 -2.549 -2.648 -2.816 -2.838 -3.007 -3.198
0.8032 -1.811 -1.762 -1.837 -2.03 -2.172 -2.311 -1.95 -2.052 -2.174 -2.316 -2.457 -2.605 -2.047 -2.22 -2.391 -2.512 -2.623 -2.283 -2.426 -2.546 -2.645 -2.813 -2.835 -3.004 -3.194
0.8225 -1.808 -1.758 -1.833 -2.026 -2.169 -2.308 -1.947 -2.049 -2.171 -2.313 -2.453 -2.602 -2.044 -2.216 -2.388 -2.509 -2.619 -2.28 -2.422 -2.542 -2.641 -2.81 -2.831 -3.001 -3.191
0.8424 -1.804 -1.755 -1.83 -2.023 -2.165 -2.304 -1.944 -2.045 -2.168 -2.31 -2.45 -2.599 -2.04 -2.213 -2.385 -2.505 -2.616 -2.277 -2.419 -2.539 -2.638 -2.806 -2.828 -2.997 -3.188
0.8627 -1.801 -1.752 -1.827 -2.02 -2.162 -2.301 -1.94 -2.042 -2.165 -2.306 -2.447 -2.595 -2.037 -2.21 -2.382 -2.502 -2.613 -2.273 -2.416 -2.536 -2.635 -2.803 -2.825 -2.994 -3.185
0.8835 -1.802 -1.752 -1.827 -2.02 -2.162 -2.302 -1.941 -2.042 -2.165 -2.307 -2.447 -2.596 -2.037 -2.21 -2.382 -2.503 -2.613 -2.274 -2.416 -2.536 -2.635 -2.803 -2.825 -2.994 -3.185
0.9048 -1.802 -1.753 -1.827 -2.02 -2.163 -2.302 -1.941 -2.043 -2.165 -2.307 -2.447 -2.596 -2.038 -2.21 -2.382 -2.503 -2.613 -2.274 -2.417 -2.536 -2.635 -2.804 -2.825 -2.995 -3.185
0.9266 -1.802 -1.753 -1.828 -2.021 -2.163 -2.302 -1.941 -2.043 -2.165 -2.307 -2.448 -2.596 -2.038 -2.211 -2.382 -2.503 -2.614 -2.274 -2.417 -2.537 -2.636 -2.804 -2.826 -2.995 -3.185
0.949 -1.803 -1.753 -1.828 -2.021 -2.163 -2.302 -1.942 -2.043 -2.166 -2.308 -2.448 -2.597 -2.038 -2.211 -2.383 -2.503 -2.614 -2.275 -2.417 -2.537 -2.636 -2.804 -2.826 -2.995 -3.186
0.9719 -1.803 -1.753 -1.828 -2.021 -2.164 -2.303 -1.942 -2.044 -2.166 -2.308 -2.448 -2.597 -2.039 -2.211 -2.383 -2.504 -2.614 -2.275 -2.417 -2.537 -2.636 -2.805 -2.826 -2.996 -3.186
0.9953 -1.803 -1.754 -1.828 -2.021 -2.164 -2.303 -1.942 -2.044 -2.166 -2.308 -2.449 -2.597 -2.039 -2.211 -2.383 -2.504 -2.615 -2.275 -2.418 -2.538 -2.637 -2.805 -2.827 -2.996 -3.186
1.0194 -1.803 -1.754 -1.829 -2.022 -2.164 -2.303 -1.942 -2.044 -2.167 -2.308 -2.449 -2.597 -2.039 -2.212 -2.384 -2.504 -2.615 -2.275 -2.418 -2.538 -2.637 -2.805 -2.827 -2.996 -3.186
1.0439 -1.804 -1.754 -1.829 -2.022 -2.164 -2.304 -1.943 -2.044 -2.167 -2.309 -2.449 -2.598 -2.039 -2.212 -2.384 -2.504 -2.615 -2.276 -2.418 -2.538 -2.637 -2.805 -2.827 -2.996 -3.187
1.0691 -1.804 -1.754 -1.829 -2.022 -2.165 -2.304 -1.943 -2.045 -2.167 -2.309 -2.449 -2.598 -2.04 -2.212 -2.384 -2.505 -2.615 -2.276 -2.419 -2.538 -2.637 -2.806 -2.827 -2.997 -3.187
1.0949 -1.801 -1.752 -1.827 -2.02 -2.162 -2.301 -1.94 -2.042 -2.165 -2.306 -2.447 -2.595 -2.037 -2.21 -2.381 -2.502 -2.613 -2.273 -2.416 -2.536 -2.635 -2.803 -2.825 -2.994 -3.184
1.1213 -1.789 -1.74 -1.815 -2.008 -2.15 -2.289 -1.928 -2.03 -2.152 -2.294 -2.435 -2.583 -2.025 -2.198 -2.369 -2.49 -2.601 -2.261 -2.404 -2.524 -2.623 -2.791 -2.813 -2.982 -3.172
1.1484 -1.777 -1.728 -1.803 -1.996 -2.138 -2.277 -1.916 -2.018 -2.14 -2.282 -2.423 -2.571 -2.013 -2.185 -2.357 -2.478 -2.589 -2.249 -2.392 -2.512 -2.611 -2.779 -2.801 -2.97 -3.16
1.1761 -1.765 -1.716 -1.791 -1.983 -2.126 -2.265 -1.904 -2.006 -2.128 -2.27 -2.411 -2.559 -2.001 -2.173 -2.345 -2.466 -2.577 -2.237 -2.38 -2.5 -2.599 -2.767 -2.789 -2.958 -3.148
1.2044 -1.753 -1.704 -1.778 -1.971 -2.114 -2.253 -1.892 -1.994 -2.116 -2.258 -2.399 -2.547 -1.989 -2.161 -2.333 -2.454 -2.565 -2.225 -2.368 -2.487 -2.586 -2.755 -2.776 -2.946 -3.136
1.2335 -1.741 -1.691 -1.766 -1.959 -2.102 -2.241 -1.88 -1.982 -2.104 -2.246 -2.386 -2.535 -1.977 -2.149 -2.321 -2.442 -2.552 -2.213 -2.356 -2.475 -2.574 -2.743 -2.764 -2.934 -3.124
1.2633 -1.729 -1.679 -1.754 -1.947 -2.09 -2.229 -1.868 -1.97 -2.092 -2.234 -2.374 -2.523 -1.965 -2.137 -2.309 -2.43 -2.54 -2.201 -2.343 -2.463 -2.562 -2.731 -2.752 -2.922 -3.112
1.2937 -1.717 -1.667 -1.742 -1.935 -2.078 -2.217 -1.856 -1.958 -2.08 -2.222 -2.362 -2.511 -1.952 -2.125 -2.297 -2.418 -2.528 -2.189 -2.331 -2.451 -2.55 -2.719 -2.74 -2.91 -3.1
1.3249 -1.705 -1.655 -1.73 -1.923 -2.065 -2.205 -1.844 -1.945 -2.068 -2.21 -2.35 -2.499 -1.94 -2.113 -2.285 -2.406 -2.516 -2.177 -2.319 -2.439 -2.538 -2.706 -2.728 -2.897 -3.088
1.3569 -1.693 -1.643 -1.718 -1.911 -2.053 -2.192 -1.832 -1.933 -2.056 -2.198 -2.338 -2.487 -1.928 -2.101 -2.273 -2.393 -2.504 -2.165 -2.307 -2.427 -2.526 -2.694 -2.716 -2.885 -3.076
1.3896 -1.678 -1.629 -1.703 -1.896 -2.039 -2.178 -1.817 -1.919 -2.041 -2.183 -2.323 -2.472 -1.914 -2.086 -2.258 -2.379 -2.489 -2.15 -2.293 -2.412 -2.511 -2.68 -2.701 -2.871 -3.061
1.4232 -1.659 -1.61 -1.684 -1.877 -2.02 -2.159 -1.798 -1.9 -2.022 -2.164 -2.305 -2.453 -1.895 -2.067 -2.239 -2.36 -2.471 -2.131 -2.274 -2.393 -2.493 -2.661 -2.682 -2.852 -3.042
1.4575 -1.64 -1.591 -1.666 -1.858 -2.001 -2.14 -1.779 -1.881 -2.003 -2.145 -2.286 -2.434 -1.876 -2.048 -2.22 -2.341 -2.452 -2.112 -2.255 -2.375 -2.474 -2.642 -2.664 -2.833 -3.023
1.4927 -1.621 -1.572 -1.647 -1.84 -1.982 -2.121 -1.76 -1.862 -1.984 -2.126 -2.267 -2.415 -1.857 -2.029 -2.201 -2.322 -2.433 -2.093 -2.236 -2.356 -2.455 -2.623 -2.645 -2.814 -3.004
1.5287 -1.602 -1.553 -1.628 -1.821 -1.963 -2.102 -1.741 -1.843 -1.965 -2.107 -2.248 -2.396 -1.838 -2.011 -2.182 -2.303 -2.414 -2.074 -2.217 -2.337 -2.436 -2.604 -2.626 -2.795 -2.985
1.5655 -1.583 -1.534 -1.609 -1.802 -1.944 -2.083 -1.722 -1.824 -1.947 -2.088 -2.229 -2.377 -1.819 -1.992 -2.163 -2.284 -2.395 -2.055 -2.198 -2.318 -2.417 -2.585 -2.607 -2.776 -2.966
1.6033 -1.564 -1.515 -1.59 -1.783 -1.925 -2.064 -1.704 -1.805 -1.928 -2.069 -2.21 -2.359 -1.8 -1.973 -2.145 -2.265 -2.376 -2.036 -2.179 -2.299 -2.398 -2.566 -2.588 -2.757 -2.948
1.642 -1.546 -1.496 -1.571 -1.764 -1.906 -2.045 -1.685 -1.786 -1.909 -2.051 -2.191 -2.34 -1.781 -1.954 -2.126 -2.246 -2.357 -2.018 -2.16 -2.28 -2.379 -2.547 -2.569 -2.738 -2.929
1.6816 -1.527 -1.477 -1.552 -1.745 -1.887 -2.026 -1.666 -1.767 -1.89 -2.032 -2.172 -2.321 -1.762 -1.935 -2.107 -2.227 -2.338 -1.999 -2.141 -2.261 -2.36 -2.528 -2.55 -2.719 -2.91
1.7222 -1.508 -1.458 -1.533 -1.726 -1.868 -2.008 -1.647 -1.748 -1.871 -2.013 -2.153 -2.302 -1.743 -1.916 -2.088 -2.209 -2.319 -1.98 -2.122 -2.242 -2.341 -2.509 -2.531 -2.7 -2.891
1.7637 -1.488 -1.438 -1.513 -1.706 -1.848 -1.988 -1.627 -1.728 -1.851 -1.993 -2.133 -2.282 -1.723 -1.896 -2.068 -2.189 -2.299 -1.96 -2.102 -2.222 -2.321 -2.489 -2.511 -2.68 -2.871
1.8062 -1.467 -1.417 -1.492 -1.685 -1.828 -1.967 -1.606 -1.708 -1.83 -1.972 -2.112 -2.261 -1.703 -1.875 -2.047 -2.168 -2.278 -1.939 -2.081 -2.201 -2.3 -2.469 -2.49 -2.66 -2.85
1.8498 -1.446 -1.396 -1.471 -1.664 -1.807 -1.946 -1.585 -1.687 -1.809 -1.951 -2.091 -2.24 -1.682 -1.854 -2.026 -2.147 -2.257 -1.918 -2.061 -2.18 -2.279 -2.448 -2.469 -2.639 -2.829
1.8944 -1.425 -1.376 -1.45 -1.643 -1.786 -1.925 -1.564 -1.666 -1.788 -1.93 -2.071 -2.219 -1.661 -1.833 -2.005 -2.126 -2.236 -1.897 -2.04 -2.159 -2.258 -2.427 -2.448 -2.618 -2.808
1.9401 -1.404 -1.355 -1.43 -1.622 -1.765 -1.904 -1.543 -1.645 -1.767 -1.909 -2.05 -2.198 -1.64 -1.812 -1.984 -2.105 -2.216 -1.876 -2.019 -2.139 -2.238 -2.406 -2.428 -2.597 -2.787
1.9869 -1.383 -1.334 -1.409 -1.602 -1.744 -1.883 -1.522 -1.624 -1.746 -1.888 -2.029 -2.177 -1.619 -1.791 -1.963 -2.084 -2.195 -1.855 -1.998 -2.118 -2.217 -2.385 -2.407 -2.576 -2.766
2.0349 -1.362 -1.313 -1.388 -1.581 -1.723 -1.862 -1.501 -1.603 -1.725 -1.867 -2.008 -2.156 -1.598 -1.771 -1.942 -2.063 -2.174 -1.834 -1.977 -2.097 -2.196 -2.364 -2.386 -2.555 -2.745
2.084 -1.341 -1.292 -1.367 -1.56 -1.702 -1.841 -1.48 -1.582 -1.705 -1.846 -1.987 -2.135 -1.577 -1.75 -1.922 -2.042 -2.153 -1.813 -1.956 -2.076 -2.175 -2.343 -2.365 -2.534 -2.724
2.1342 -1.32 -1.271 -1.346 -1.539 -1.681 -1.82 -1.46 -1.561 -1.684 -1.826 -1.966 -2.115 -1.556 -1.729 -1.901 -2.021 -2.132 -1.793 -1.935 -2.055 -2.154 -2.322 -2.344 -2.513 -2.704
2.1857 -1.3 -1.25 -1.325 -1.518 -1.66 -1.799 -1.439 -1.54 -1.663 -1.805 -1.945 -2.094 -1.535 -1.708 -1.88 -2.0 -2.111 -1.772 -1.914 -2.034 -2.133 -2.301 -2.323 -2.492 -2.683
2.2384 -1.273 -1.223 -1.298 -1.491 -1.633 -1.772 -1.412 -1.513 -1.636 -1.778 -1.918 -2.067 -1.508 -1.681 -1.853 -1.973 -2.084 -1.745 -1.887 -2.007 -2.106 -2.274 -2.296 -2.465 -2.656
2.2924 -1.243 -1.193 -1.268 -1.461 -1.603 -1.742 -1.382 -1.483 -1.606 -1.748 -1.888 -2.037 -1.478 -1.651 -1.823 -1.943 -2.054 -1.715 -1.857 -1.977 -2.076 -2.244 -2.266 -2.435 -2.626
2.3477 -1.212 -1.163 -1.238 -1.431 -1.573 -1.712 -1.352 -1.453 -1.576 -1.717 -1.858 -2.007 -1.448 -1.621 -1.793 -1.913 -2.024 -1.684 -1.827 -1.947 -2.046 -2.214 -2.236 -2.405 -2.596
2.4044 -1.182 -1.133 -1.208 -1.401 -1.543 -1.682 -1.321 -1.423 -1.546 -1.687 -1.828 -1.976 -1.418 -1.591 -1.762 -1.883 -1.994 -1.654 -1.797 -1.917 -2.016 -2.184 -2.206 -2.375 -2.565
2.4624 -1.152 -1.103 -1.178 -1.371 -1.513 -1.652 -1.291 -1.393 -1.515 -1.657 -1.798 -1.946 -1.388 -1.561 -1.732 -1.853 -1.964 -1.624 -1.767 -1.887 -1.986 -2.154 -2.176 -2.345 -2.535
2.5218 -1.122 -1.073 -1.148 -1.341 -1.483 -1.622 -1.261 -1.363 -1.485 -1.627 -1.768 -1.916 -1.358 -1.53 -1.702 -1.823 -1.934 -1.594 -1.737 -1.857 -1.956 -2.124 -2.146 -2.315 -2.505
2.5826 -1.092 -1.043 -1.118 -1.31 -1.453 -1.592 -1.231 -1.333 -1.455 -1.597 -1.738 -1.886 -1.328 -1.5 -1.672 -1.793 -1.904 -1.564 -1.707 -1.827 -1.926 -2.094 -2.116 -2.285 -2.475
2.6449 -1.062 -1.013 -1.087 -1.28 -1.423 -1.562 -1.201 -1.303 -1.425 -1.567 -1.708 -1.856 -1.298 -1.47 -1.642 -1.763 -1.874 -1.534 -1.677 -1.796 -1.896 -2.064 -2.085 -2.255 -2.445
2.7087 -1.032 -0.983 -1.057 -1.25 -1.393 -1.532 -1.171 -1.273 -1.395 -1.537 -1.677 -1.826 -1.268 -1.44 -1.612 -1.733 -1.843 -1.504 -1.647 -1.766 -1.865 -2.034 -2.055 -2.225 -2.415
2.7741 -1.002 -0.952 -1.027 -1.22 -1.363 -1.502 -1.141 -1.243 -1.365 -1.507 -1.647 -1.796 -1.238 -1.41 -1.582 -1.703 -1.813 -1.474 -1.617 -1.736 -1.835 -2.004 -2.025 -2.195 -2.385
2.841 -0.965 -0.916 -0.991 -1.184 -1.326 -1.465 -1.105 -1.206 -1.329 -1.47 -1.611 -1.76 -1.201 -1.374 -1.546 -1.666 -1.777 -1.437 -1.58 -1.7 -1.799 -1.967 -1.989 -2.158 -2.349
2.9095 -0.927 -0.878 -0.953 -1.146 -1.288 -1.427 -1.066 -1.168 -1.291 -1.432 -1.573 -1.721 -1.163 -1.336 -1.508 -1.628 -1.739 -1.399 -1.542 -1.662 -1.761 -1.929 -1.951 -2.12 -2.311
2.9797 -0.889 -0.84 -0.915 -1.108 -1.25 -1.389 -1.028 -1.13 -1.253 -1.394 -1.535 -1.683 -1.125 -1.298 -1.47 -1.59 -1.701 -1.361 -1.504 -1.624 -1.723 -1.891 -1.913 -2.082 -2.272
3.0516 -0.851 -0.802 -0.877 -1.07 -1.212 -1.351 -0.99 -1.092 -1.215 -1.356 -1.497 -1.645 -1.087 -1.26 -1.431 -1.552 -1.663 -1.323 -1.466 -1.586 -1.685 -1.853 -1.875 -2.044 -2.234
3.1252 -0.813 -0.764 -0.839 -1.032 -1.174 -1.313 -0.952 -1.054 -1.177 -1.318 -1.459 -1.607 -1.049 -1.222 -1.393 -1.514 -1.625 -1.285 -1.428 -1.548 -1.647 -1.815 -1.837 -2.006 -2.196
3.2006 -0.775 -0.726 -0.801 -0.994 -1.136 -1.275 -0.914 -1.016 -1.138 -1.28 -1.421 -1.569 -1.011 -1.184 -1.355 -1.476 -1.587 -1.247 -1.39 -1.51 -1.609 -1.777 -1.799 -1.968 -2.158
3.2778 -0.737 -0.688 -0.763 -0.956 -1.098 -1.237 -0.876 -0.978 -1.1 -1.242 -1.383 -1.531 -0.973 -1.146 -1.317 -1.438 -1.549 -1.209 -1.352 -1.472 -1.571 -1.739 -1.761 -1.93 -2.12
3.3569 -0.699 -0.65 -0.725 -0.918 -1.06 -1.199 -0.838 -0.94 -1.062 -1.204 -1.345 -1.493 -0.935 -1.108 -1.279 -1.4 -1.511 -1.171 -1.314 -1.434 -1.533 -1.701 -1.723 -1.892 -2.082
3.4378 -0.661 -0.612 -0.687 -0.88 -1.022 -1.161 -0.8 -0.902 -1.024 -1.166 -1.307 -1.455 -0.897 -1.07 -1.241 -1.362 -1.473 -1.133 -1.276 -1.396 -1.495 -1.663 -1.685 -1.854 -2.044
3.5208 -0.623 -0.574 -0.649 -0.842 -0.984 -1.123 -0.762 -0.864 -0.986 -1.128 -1.269 -1.417 -0.859 -1.032 -1.203 -1.324 -1.435 -1.095 -1.238 -1.358 -1.457 -1.625 -1.647 -1.816 -2.006
3.6057 -0.584 -0.534 -0.609 -0.802 -0.944 -1.083 -0.723 -0.824 -0.947 -1.089 -1.229 -1.378 -0.819 -0.992 -1.164 -1.284 -1.395 -1.056 -1.198 -1.318 -1.417 -1.585 -1.607 -1.776 -1.967
3.6927 -0.544 -0.494 -0.569 -0.762 -0.904 -1.044 -0.683 -0.784 -0.907 -1.049 -1.189 -1.338 -0.779 -0.952 -1.124 -1.245 -1.355 -1.016 -1.158 -1.278 -1.377 -1.545 -1.567 -1.736 -1.927
3.7818 -0.504 -0.454 -0.529 -0.722 -0.865 -1.004 -0.643 -0.745 -0.867 -1.009 -1.149 -1.298 -0.74 -0.912 -1.084 -1.205 -1.315 -0.976 -1.118 -1.238 -1.337 -1.506 -1.527 -1.697 -1.887
3.873 -0.464 -0.415 -0.489 -0.682 -0.825 -0.964 -0.603 -0.705 -0.827 -0.969 -1.11 -1.258 -0.7 -0.872 -1.044 -1.165 -1.276 -0.936 -1.079 -1.199 -1.298 -1.466 -1.488 -1.657 -1.847
3.9664 -0.424 -0.375 -0.45 -0.643 -0.785 -0.924 -0.563 -0.665 -0.787 -0.929 -1.07 -1.218 -0.66 -0.833 -1.004 -1.125 -1.236 -0.896 -1.039 -1.159 -1.258 -1.426 -1.448 -1.617 -1.807
4.0621 -0.384 -0.335 -0.41 -0.603 -0.745 -0.884 -0.524 -0.625 -0.748 -0.889 -1.03 -1.179 -0.62 -0.793 -0.965 -1.085 -1.196 -0.856 -0.999 -1.119 -1.218 -1.386 -1.408 -1.577 -1.768
4.1601 -0.345 -0.295 -0.37 -0.563 -0.705 -0.845 -0.484 -0.585 -0.708 -0.85 -0.99 -1.139 -0.58 -0.753 -0.925 -1.045 -1.156 -0.817 -0.959 -1.079 -1.178 -1.346 -1.368 -1.537 -1.728
4.2604 -0.305 -0.255 -0.33 -0.523 -0.666 -0.805 -0.444 -0.546 -0.668 -0.81 -0.95 -1.099 -0.541 -0.713 -0.885 -1.006 -1.116 -0.777 -0.919 -1.039 -1.138 -1.307 -1.328 -1.498 -1.688
4.3632 -0.265 -0.216 -0.29 -0.483 -0.626 -0.765 -0.404 -0.506 -0.628 -0.77 -0.911 -1.059 -0.501 -0.673 -0.845 -0.966 -1.076 -0.737 -0.88 -0.999 -1.098 -1.267 -1.288 -1.458 -1.648
4.4685 -0.224 -0.175 -0.25 -0.443 -0.585 -0.724 -0.363 -0.465 -0.587 -0.729 -0.87 -1.018 -0.46 -0.633 -0.804 -0.925 -1.036 -0.696 -0.839 -0.959 -1.058 -1.226 -1.248 -1.417 -1.607
4.5763 -0.175 -0.125 -0.2 -0.393 -0.536 -0.675 -0.314 -0.416 -0.538 -0.68 -0.82 -0.969 -0.411 -0.583 -0.755 -0.876 -0.986 -0.647 -0.789 -0.909 -1.008 -1.177 -1.198 -1.368 -1.558
4.6867 -0.125 -0.076 -0.151 -0.344 -0.486 -0.625 -0.265 -0.366 -0.489 -0.63 -0.771 -0.92 -0.361 -0.534 -0.706 -0.826 -0.937 -0.597 -0.74 -0.86 -0.959 -1.127 -1.149 -1.318 -1.509
4.7997 -0.076 -0.027 -0.101 -0.294 -0.437 -0.576 -0.215 -0.317 -0.439 -0.581 -0.722 -0.87 -0.312 -0.484 -0.656 -0.777 -0.887 -0.548 -0.691 -0.81 -0.909 -1.078 -1.099 -1.269 -1.459
4.9155 -0.027 0.023 -0.052 -0.245 -0.387 -0.526 -0.166 -0.267 -0.39 -0.532 -0.672 -0.821 -0.262 -0.435 -0.607 -0.727 -0.838 -0.499 -0.641 -0.761 -0.86 -1.028 -1.05 -1.219 -1.41
5.0341 0.023 0.072 -0.003 -0.195 -0.338 -0.477 -0.116 -0.218 -0.34 -0.482 -0.623 -0.771 -0.213 -0.385 -0.557 -0.678 -0.789 -0.449 -0.592 -0.712 -0.811 -0.979 -1.001 -1.17 -1.36
5.1555 0.072 0.122 0.047 -0.146 -0.288 -0.428 -0.067 -0.168 -0.291 -0.433 -0.573 -0.722 -0.163 -0.336 -0.508 -0.629 -0.739 -0.4 -0.542 -0.662 -0.761 -0.929 -0.951 -1.12 -1.311
5.2799 0.122 0.171 0.096 -0.097 -0.239 -0.378 -0.017 -0.119 -0.241 -0.383 -0.524 -0.672 -0.114 -0.287 -0.458 -0.579 -0.69 -0.35 -0.493 -0.613 -0.712 -0.88 -0.902 -1.071 -1.261
5.4072 0.171 0.221 0.146 -0.047 -0.19 -0.329 0.032 -0.07 -0.192 -0.334 -0.474 -0.623 -0.065 -0.237 -0.409 -0.53 -0.64 -0.301 -0.443 -0.563 -0.662 -0.831 -0.852 -1.022 -1.212
5.5377 0.221 0.27 0.195 0.002 -0.14 -0.279 0.082 -0.02 -0.143 -0.284 -0.425 -0.574 -0.015 -0.188 -0.36 -0.48 -0.591 -0.251 -0.394 -0.514 -0.613 -0.781 -0.803 -0.972 -1.163
5.6713 0.272 0.321 0.246 0.053 -0.089 -0.228 0.133 0.031 -0.091 -0.233 -0.374 -0.522 0.036 -0.137 -0.308 -0.429 -0.54 -0.2 -0.343 -0.463 -0.562 -0.73 -0.752 -0.921 -1.111
