web/models/kne/29/Metzger_0.090038_0.208276_0.100000.dat
# %ECSV 0.9
# ---
# datatype:
# - {name: time, datatype: float64}
# - {name: sdss_u, datatype: float64}
# - {name: sdss_g, datatype: float64}
# - {name: sdss_r, datatype: float64}
# - {name: sdss_i, datatype: float64}
# - {name: sdss_z, datatype: float64}
# - {name: PS1_y, datatype: float64}
# - {name: ukirt_J, datatype: float64}
# - {name: ukirt_H, datatype: float64}
# - {name: ukirt_K, datatype: float64}
# - {name: johnson_U, datatype: float64}
# - {name: johnson_B, datatype: float64}
# - {name: johnson_V, datatype: float64}
# - {name: johnson_R, datatype: float64}
# - {name: johnson_I, datatype: float64}
# - {name: Clear, datatype: float64}
# meta: !!omap
# - comment: [vej = 0.2082758620689655, mej = 0.09003814830589497, Ye = 0.1, redshift = 0.0]
# schema: astropy-2.0
time sdss_u sdss_g sdss_r sdss_i sdss_z PS1_y ukirt_J ukirt_H ukirt_K johnson_U johnson_B johnson_V johnson_R johnson_I Clear
[from data line 2152]
107.700000 313.585215 225.582735 169.904869 134.479130 112.840793 99.291748 71.822730 47.381733 31.317135 303.032671 250.109833 193.276966 163.130591 110.660502 167.676343
107.750000 313.736390 225.694631 169.991826 134.550161 112.902063 99.346887 71.865381 47.413167 31.341101 303.179142 250.232690 193.374403 163.214507 110.720786 167.762300
107.800000 313.887561 225.806524 170.078781 134.621191 112.963330 99.402025 71.908030 47.444600 31.365066 303.325610 250.355544 193.471838 163.298421 110.781069 167.848255
107.850000 314.038727 225.918414 170.165734 134.692218 113.024597 99.457161 71.950679 47.476033 31.389031 303.472073 250.478394 193.569270 163.382333 110.841350 167.934208
107.900000 314.189889 226.030301 170.252685 134.763244 113.085862 99.512296 71.993327 47.507466 31.412996 303.618532 250.601241 193.666699 163.466243 110.901630 168.020159
107.950000 314.341047 226.142184 170.339633 134.834268 113.147125 99.567430 72.035975 47.538897 31.436961 303.764986 250.724084 193.764126 163.550151 110.961908 168.106107
108.000000 314.492201 226.254065 170.426580 134.905291 113.208387 99.622563 72.078621 47.570329 31.460925 303.911437 250.846924 193.861550 163.634056 111.022184 168.192053
108.050000 314.643350 226.365943 170.513523 134.976311 113.269648 99.677694 72.121266 47.601759 31.484889 304.057883 250.969761 193.958972 163.717959 111.082459 168.277997
108.100000 314.794495 226.477817 170.600465 135.047330 113.330907 99.732824 72.163911 47.633189 31.508853 304.204325 251.092594 194.056391 163.801860 111.142733 168.363938
108.150000 314.945635 226.589689 170.687404 135.118347 113.392164 99.787952 72.206554 47.664619 31.532816 304.350764 251.215423 194.153807 163.885759 111.203005 168.449877
108.200000 315.096772 226.701557 170.774341 135.189362 113.453420 99.843080 72.249197 47.696048 31.556779 304.497197 251.338250 194.251221 163.969656 111.263276 168.535814
108.250000 315.247904 226.813422 170.861276 135.260375 113.514675 99.898206 72.291838 47.727477 31.580742 304.643627 251.461073 194.348632 164.053550 111.323546 168.621749
108.300000 315.399031 226.925285 170.948208 135.331387 113.575928 99.953330 72.334479 47.758905 31.604705 304.790053 251.583892 194.446040 164.137442 111.383814 168.707681
108.350000 315.550155 227.037144 171.035138 135.402397 113.637179 100.008454 72.377119 47.790332 31.628667 304.936474 251.706708 194.543446 164.221332 111.444080 168.793612
108.400000 315.701274 227.149000 171.122066 135.473404 113.698429 100.063576 72.419758 47.821759 31.652628 305.082892 251.829521 194.640849 164.305220 111.504345 168.879539
108.450000 315.852389 227.260853 171.208991 135.544411 113.759678 100.118697 72.462396 47.853185 31.676590 305.229305 251.952330 194.738250 164.389106 111.564609 168.965465
108.500000 316.003499 227.372703 171.295914 135.615415 113.820925 100.173817 72.505034 47.884611 31.700551 305.375714 252.075136 194.835648 164.472989 111.624871 169.051389
108.550000 316.154605 227.484550 171.382835 135.686418 113.882171 100.228935 72.547670 47.916036 31.724512 305.522119 252.197938 194.933043 164.556870 111.685131 169.137310
108.600000 316.305707 227.596394 171.469754 135.757418 113.943415 100.284052 72.590305 47.947461 31.748472 305.668520 252.320737 195.030436 164.640750 111.745391 169.223229
108.650000 316.456805 227.708235 171.556670 135.828418 114.004657 100.339168 72.632940 47.978885 31.772433 305.814916 252.443533 195.127826 164.724626 111.805648 169.309145
108.700000 316.607899 227.820073 171.643584 135.899415 114.065899 100.394282 72.675573 48.010308 31.796393 305.961309 252.566325 195.225214 164.808501 111.865905 169.395060
108.750000 316.758988 227.931907 171.730496 135.970410 114.127138 100.449395 72.718206 48.041731 31.820352 306.107697 252.689114 195.322599 164.892374 111.926160 169.480972
108.800000 316.910073 228.043739 171.817406 136.041404 114.188377 100.504507 72.760838 48.073154 31.844311 306.254082 252.811900 195.419981 164.976244 111.986413 169.566882
108.850000 317.061153 228.155568 171.904313 136.112396 114.249613 100.559618 72.803469 48.104576 31.868270 306.400462 252.934682 195.517361 165.060112 112.046665 169.652790
108.900000 317.212230 228.267393 171.991218 136.183386 114.310849 100.614727 72.846099 48.135997 31.892229 306.546838 253.057461 195.614738 165.143978 112.106916 169.738695
108.950000 317.363302 228.379216 172.078121 136.254375 114.372083 100.669835 72.888728 48.167418 31.916187 306.693210 253.180236 195.712113 165.227842 112.167165 169.824599
109.000000 317.514370 228.491036 172.165022 136.325361 114.433315 100.724942 72.931357 48.198838 31.940145 306.839578 253.303008 195.809485 165.311704 112.227413 169.910500
109.050000 317.665434 228.602852 172.251920 136.396346 114.494546 100.780048 72.973984 48.230258 31.964103 306.985942 253.425777 195.906855 165.395564 112.287659 169.996399
109.100000 317.816493 228.714666 172.338816 136.467329 114.555775 100.835152 73.016610 48.261677 31.988060 307.132302 253.548542 196.004222 165.479421 112.347904 170.082295
109.150000 317.967549 228.826476 172.425710 136.538311 114.617003 100.890255 73.059236 48.293096 32.012017 307.278657 253.671304 196.101586 165.563276 112.408147 170.168190
109.200000 318.118600 228.938284 172.512601 136.609290 114.678230 100.945357 73.101861 48.324514 32.035974 307.425009 253.794063 196.198948 165.647129 112.468389 170.254082
109.250000 318.269647 229.050089 172.599491 136.680268 114.739455 101.000457 73.144485 48.355931 32.059931 307.571357 253.916818 196.296307 165.730980 112.528630 170.339972
109.300000 318.420689 229.161890 172.686378 136.751244 114.800679 101.055556 73.187108 48.387348 32.083887 307.717700 254.039570 196.393664 165.814829 112.588869 170.425859
109.350000 318.571728 229.273689 172.773262 136.822219 114.861901 101.110654 73.229730 48.418765 32.107843 307.864040 254.162319 196.491018 165.898676 112.649107 170.511745
109.400000 318.722762 229.385484 172.860145 136.893191 114.923122 101.165751 73.272351 48.450181 32.131798 308.010375 254.285064 196.588369 165.982520 112.709343 170.597628
109.450000 318.873792 229.497277 172.947025 136.964162 114.984341 101.220846 73.314971 48.481596 32.155753 308.156706 254.407806 196.685718 166.066363 112.769578 170.683509
109.500000 319.024818 229.609066 173.033903 137.035131 115.045559 101.275940 73.357591 48.513011 32.179708 308.303033 254.530545 196.783065 166.150203 112.829811 170.769388
109.550000 319.175839 229.720853 173.120779 137.106099 115.106775 101.331033 73.400209 48.544425 32.203663 308.449357 254.653280 196.880409 166.234041 112.890043 170.855265
109.600000 319.326857 229.832636 173.207653 137.177064 115.167990 101.386125 73.442827 48.575839 32.227617 308.595676 254.776012 196.977750 166.317877 112.950274 170.941140
109.650000 319.477870 229.944417 173.294524 137.248028 115.229204 101.441215 73.485444 48.607252 32.251571 308.741991 254.898741 197.075089 166.401711 113.010503 171.027012
109.700000 319.628879 230.056194 173.381393 137.318990 115.290416 101.496304 73.528060 48.638665 32.275525 308.888302 255.021466 197.172425 166.485542 113.070731 171.112882
109.750000 319.779884 230.167969 173.468260 137.389950 115.351626 101.551392 73.570675 48.670077 32.299478 309.034609 255.144188 197.269759 166.569372 113.130957 171.198750
109.800000 319.930885 230.279740 173.555125 137.460909 115.412835 101.606478 73.613289 48.701489 32.323431 309.180912 255.266907 197.367090 166.653199 113.191182 171.284616
109.850000 320.081881 230.391509 173.641988 137.531866 115.474043 101.661564 73.655902 48.732900 32.347384 309.327211 255.389622 197.464418 166.737025 113.251406 171.370479
109.900000 320.232873 230.503275 173.728848 137.602821 115.535249 101.716648 73.698514 48.764311 32.371336 309.473506 255.512334 197.561744 166.820848 113.311628 171.456341
109.950000 320.383862 230.615037 173.815706 137.673775 115.596454 101.771731 73.741126 48.795721 32.395288 309.619797 255.635043 197.659068 166.904669 113.371849 171.542200
110.000000 320.534846 230.726797 173.902562 137.744726 115.657658 101.826812 73.783737 48.827130 32.419240 309.766084 255.757748 197.756389 166.988488 113.432068 171.628057
110.050000 320.685826 230.838554 173.989415 137.815676 115.718860 101.881892 73.826346 48.858539 32.443192 309.912367 255.880450 197.853707 167.072305 113.492286 171.713912
110.100000 320.836801 230.950307 174.076267 137.886625 115.780060 101.936971 73.868955 48.889948 32.467143 310.058645 256.003149 197.951023 167.156119 113.552502 171.799764
110.150000 320.987773 231.062058 174.163116 137.957571 115.841259 101.992049 73.911563 48.921356 32.491094 310.204920 256.125845 198.048337 167.239932 113.612718 171.885615
110.200000 321.138740 231.173806 174.249963 138.028516 115.902457 102.047126 73.954171 48.952763 32.515044 310.351191 256.248537 198.145648 167.323742 113.672931 171.971463
110.250000 321.289704 231.285551 174.336808 138.099459 115.963653 102.102201 73.996777 48.984170 32.538994 310.497458 256.371226 198.242956 167.407550 113.733144 172.057309
110.300000 321.440663 231.397293 174.423650 138.170400 116.024848 102.157275 74.039382 49.015576 32.562944 310.643721 256.493912 198.340262 167.491357 113.793355 172.143153
110.350000 321.591618 231.509032 174.510491 138.241340 116.086041 102.212348 74.081987 49.046982 32.586894 310.789980 256.616594 198.437565 167.575161 113.853564 172.228995
110.400000 321.742569 231.620768 174.597329 138.312278 116.147233 102.267419 74.124591 49.078387 32.610843 310.936235 256.739273 198.534866 167.658963 113.913772 172.314834
110.450000 321.893515 231.732501 174.684165 138.383214 116.208424 102.322490 74.167193 49.109792 32.634793 311.082486 256.861949 198.632164 167.742763 113.973979 172.400672
110.500000 322.044458 231.844231 174.770999 138.454148 116.269613 102.377559 74.209795 49.141196 32.658741 311.228732 256.984622 198.729460 167.826560 114.034184 172.486507
110.550000 322.195397 231.955958 174.857830 138.525081 116.330801 102.432627 74.252396 49.172600 32.682690 311.374975 257.107291 198.826753 167.910356 114.094388 172.572340
110.600000 322.346331 232.067683 174.944660 138.596012 116.391987 102.487693 74.294997 49.204003 32.706638 311.521214 257.229957 198.924044 167.994150 114.154591 172.658171
110.650000 322.497261 232.179404 175.031487 138.666941 116.453172 102.542759 74.337596 49.235406 32.730586 311.667449 257.352620 199.021332 168.077941 114.214792 172.744000
110.700000 322.648188 232.291122 175.118312 138.737869 116.514355 102.597823 74.380195 49.266808 32.754533 311.813680 257.475279 199.118618 168.161731 114.274992 172.829826
110.750000 322.799110 232.402838 175.205135 138.808795 116.575537 102.652886 74.422792 49.298209 32.778480 311.959907 257.597935 199.215901 168.245518 114.335190 172.915651
110.800000 322.950028 232.514550 175.291956 138.879719 116.636718 102.707947 74.465389 49.329610 32.802427 312.106131 257.720588 199.313182 168.329303 114.395387 173.001473
110.850000 323.100941 232.626260 175.378774 138.950642 116.697897 102.763008 74.507985 49.361011 32.826374 312.252350 257.843238 199.410461 168.413086 114.455582 173.087293
110.900000 323.251851 232.737966 175.465591 139.021562 116.759075 102.818067 74.550580 49.392411 32.850320 312.398565 257.965885 199.507736 168.496867 114.515777 173.173111
110.950000 323.402757 232.849670 175.552405 139.092481 116.820251 102.873125 74.593174 49.423810 32.874266 312.544776 258.088528 199.605010 168.580646 114.575970 173.258927
111.000000 323.553659 232.961371 175.639217 139.163399 116.881426 102.928182 74.635768 49.455209 32.898212 312.690983 258.211168 199.702280 168.664423 114.636161 173.344741
111.050000 323.704556 233.073069 175.726026 139.234314 116.942599 102.983237 74.678360 49.486608 32.922157 312.837187 258.333805 199.799549 168.748198 114.696351 173.430552
111.100000 323.855450 233.184764 175.812834 139.305228 117.003772 103.038292 74.720952 49.518005 32.946103 312.983386 258.456438 199.896815 168.831970 114.756540 173.516362
111.150000 324.006339 233.296456 175.899639 139.376141 117.064942 103.093345 74.763543 49.549403 32.970047 313.129582 258.579069 199.994078 168.915741 114.816727 173.602169
111.200000 324.157224 233.408145 175.986443 139.447051 117.126112 103.148397 74.806133 49.580800 32.993992 313.275773 258.701696 200.091339 168.999509 114.876913 173.687974
111.250000 324.308106 233.519832 176.073244 139.517960 117.187279 103.203447 74.848722 49.612196 33.017936 313.421961 258.824320 200.188597 169.083276 114.937098 173.773777
111.300000 324.458983 233.631515 176.160043 139.588867 117.248446 103.258497 74.891310 49.643592 33.041880 313.568145 258.946940 200.285853 169.167040 114.997281 173.859578
111.350000 324.609856 233.743196 176.246840 139.659773 117.309611 103.313545 74.933897 49.674987 33.065824 313.714324 259.069558 200.383107 169.250803 115.057463 173.945377
111.400000 324.760725 233.854873 176.333634 139.730677 117.370775 103.368592 74.976484 49.706382 33.089767 313.860500 259.192172 200.480358 169.334563 115.117643 174.031173
111.450000 324.911590 233.966548 176.420427 139.801579 117.431937 103.423638 75.019069 49.737776 33.113710 314.006672 259.314783 200.577606 169.418321 115.177822 174.116968
111.500000 325.062451 234.078220 176.507217 139.872479 117.493098 103.478682 75.061654 49.769170 33.137653 314.152840 259.437390 200.674852 169.502077 115.238000 174.202760
111.550000 325.213308 234.189889 176.594005 139.943378 117.554257 103.533725 75.104238 49.800563 33.161595 314.299004 259.559995 200.772096 169.585831 115.298176 174.288550
111.600000 325.364161 234.301555 176.680791 140.014275 117.615416 103.588767 75.146821 49.831956 33.185537 314.445165 259.682596 200.869337 169.669583 115.358351 174.374339
111.650000 325.515010 234.413218 176.767575 140.085170 117.676572 103.643808 75.189404 49.863348 33.209479 314.591321 259.805194 200.966576 169.753333 115.418525 174.460125
111.700000 325.665855 234.524878 176.854357 140.156064 117.737728 103.698848 75.231985 49.894740 33.233420 314.737474 259.927789 201.063812 169.837081 115.478697 174.545908
111.750000 325.816695 234.636535 176.941136 140.226956 117.798881 103.753886 75.274566 49.926131 33.257362 314.883622 260.050381 201.161046 169.920827 115.538868 174.631690
111.800000 325.967532 234.748190 177.027914 140.297847 117.860034 103.808924 75.317146 49.957521 33.281303 315.029767 260.172970 201.258277 170.004570 115.599037 174.717470
111.850000 326.118365 234.859842 177.114689 140.368735 117.921185 103.863960 75.359724 49.988912 33.305243 315.175908 260.295555 201.355506 170.088312 115.659205 174.803247
111.900000 326.269194 234.971490 177.201462 140.439622 117.982335 103.918995 75.402302 50.020301 33.329184 315.322044 260.418137 201.452733 170.172052 115.719372 174.889023
111.950000 326.420018 235.083136 177.288233 140.510508 118.043483 103.974028 75.444880 50.051690 33.353124 315.468177 260.540716 201.549957 170.255789 115.779538 174.974796
112.000000 326.570839 235.194779 177.375002 140.581391 118.104630 104.029061 75.487456 50.083079 33.377063 315.614307 260.663292 201.647178 170.339525 115.839702 175.060567
112.050000 326.721656 235.306420 177.461769 140.652273 118.165776 104.084092 75.530032 50.114467 33.401003 315.760432 260.785864 201.744397 170.423258 115.899864 175.146336
112.100000 326.872468 235.418057 177.548533 140.723154 118.226920 104.139122 75.572606 50.145854 33.424942 315.906553 260.908434 201.841614 170.506990 115.960026 175.232103
112.150000 327.023277 235.529691 177.635296 140.794032 118.288063 104.194151 75.615180 50.177241 33.448881 316.052671 261.031000 201.938828 170.590719 116.020186 175.317868
112.200000 327.174082 235.641323 177.722056 140.864909 118.349204 104.249178 75.657753 50.208628 33.472819 316.198785 261.153563 202.036040 170.674447 116.080344 175.403631
