web/models/kne/29/Metzger_0.500000_0.370345_0.100000.dat
# %ECSV 0.9
# ---
# datatype:
# - {name: time, datatype: float64}
# - {name: sdss_u, datatype: float64}
# - {name: sdss_g, datatype: float64}
# - {name: sdss_r, datatype: float64}
# - {name: sdss_i, datatype: float64}
# - {name: sdss_z, datatype: float64}
# - {name: PS1_y, datatype: float64}
# - {name: ukirt_J, datatype: float64}
# - {name: ukirt_H, datatype: float64}
# - {name: ukirt_K, datatype: float64}
# - {name: johnson_U, datatype: float64}
# - {name: johnson_B, datatype: float64}
# - {name: johnson_V, datatype: float64}
# - {name: johnson_R, datatype: float64}
# - {name: johnson_I, datatype: float64}
# - {name: Clear, datatype: float64}
# meta: !!omap
# - comment: [vej = 0.3703448275862069, mej = 0.5000000000045836, Ye = 0.1, redshift = 0.0]
# schema: astropy-2.0
time sdss_u sdss_g sdss_r sdss_i sdss_z PS1_y ukirt_J ukirt_H ukirt_K johnson_U johnson_B johnson_V johnson_R johnson_I Clear
[from data line 603]
30.250000 57.255680 35.756543 22.302156 13.841273 8.730785 5.561112 -0.764018 -6.213907 -9.634256 54.666958 41.725551 27.931004 20.676897 8.218961 21.767160
30.300000 57.384126 35.850911 22.374887 13.900187 8.781230 5.606238 -0.729727 -6.189347 -9.616175 54.791323 41.829428 28.012828 20.746990 8.268551 21.839023
30.350000 57.512616 35.945314 22.447647 13.959126 8.831696 5.651384 -0.695418 -6.164773 -9.598082 54.915731 41.933343 28.094682 20.817111 8.318162 21.910915
30.400000 57.641152 36.039751 22.520435 14.018089 8.882185 5.696551 -0.661093 -6.140185 -9.579976 55.040183 42.037296 28.176568 20.887259 8.367795 21.982835
30.450000 57.769733 36.134224 22.593252 14.077076 8.932695 5.741738 -0.626750 -6.115582 -9.561859 55.164680 42.141286 28.258485 20.957435 8.417450 22.054783
30.500000 57.898358 36.228731 22.666097 14.136087 8.983227 5.786945 -0.592390 -6.090965 -9.543729 55.289219 42.245315 28.340433 21.027639 8.467126 22.126760
30.550000 58.027029 36.323273 22.738971 14.195123 9.033781 5.832172 -0.558014 -6.066335 -9.525587 55.413803 42.349380 28.422412 21.097870 8.516824 22.198764
30.600000 58.155744 36.417850 22.811873 14.254183 9.084357 5.877420 -0.523620 -6.041689 -9.507432 55.538430 42.453483 28.504423 21.168129 8.566543 22.270797
30.650000 58.284503 36.512461 22.884803 14.313267 9.134954 5.922688 -0.489209 -6.017030 -9.489266 55.663100 42.557624 28.586464 21.238415 8.616284 22.342858
30.700000 58.413308 36.607107 22.957762 14.372376 9.185574 5.967976 -0.454781 -5.992357 -9.471087 55.787814 42.661802 28.668536 21.308729 8.666046 22.414946
30.750000 58.542157 36.701787 23.030748 14.431508 9.236214 6.013284 -0.420337 -5.967670 -9.452896 55.912571 42.766017 28.750639 21.379070 8.715829 22.487063
30.800000 58.671050 36.796502 23.103763 14.490665 9.286877 6.058612 -0.385875 -5.942969 -9.434694 56.037372 42.870270 28.832772 21.449439 8.765634 22.559207
30.850000 58.799988 36.891252 23.176806 14.549845 9.337560 6.103960 -0.351397 -5.918254 -9.416479 56.162215 42.974560 28.914937 21.519835 8.815460 22.631379
30.900000 58.928970 36.986035 23.249877 14.609050 9.388266 6.149328 -0.316902 -5.893525 -9.398252 56.287102 43.078887 28.997132 21.590258 8.865307 22.703579
30.950000 59.057996 37.080853 23.322976 14.668278 9.438993 6.194715 -0.282390 -5.868782 -9.380013 56.412032 43.183251 29.079357 21.660708 8.915176 22.775807
31.000000 58.354374 36.569011 22.932895 14.355958 9.174334 5.959989 -0.456143 -5.987769 -9.462537 55.731376 42.617891 28.638110 21.285476 8.655329 22.390610
31.050000 58.482185 36.662930 23.005296 14.414617 9.224570 6.004935 -0.421972 -5.963276 -9.444488 55.855128 42.721268 28.719553 21.355253 8.704715 22.462148
31.100000 58.610039 36.756882 23.077725 14.473299 9.274828 6.049901 -0.387785 -5.938770 -9.426427 55.978922 42.824681 28.801027 21.425056 8.754122 22.533713
31.150000 58.737937 36.850869 23.150181 14.532006 9.325106 6.094887 -0.353581 -5.914250 -9.408355 56.102759 42.928130 28.882530 21.494887 8.803549 22.605306
31.200000 58.865878 36.944889 23.222664 14.590735 9.375405 6.139892 -0.319360 -5.889716 -9.390270 56.226638 43.031616 28.964064 21.564744 8.852998 22.676926
31.250000 58.993862 37.038943 23.295175 14.649488 9.425726 6.184917 -0.285123 -5.865168 -9.372174 56.350560 43.135139 29.045627 21.634628 8.902467 22.748572
31.300000 59.121890 37.133030 23.367713 14.708265 9.476067 6.229961 -0.250870 -5.840607 -9.354066 56.474523 43.238697 29.127221 21.704538 8.951957 22.820246
31.350000 59.249962 37.227151 23.440279 14.767065 9.526430 6.275025 -0.216600 -5.816033 -9.335946 56.598529 43.342292 29.208845 21.774475 9.001467 22.891947
31.400000 59.378076 37.321305 23.512872 14.825888 9.576813 6.320108 -0.182314 -5.791444 -9.317815 56.722576 43.445923 29.290498 21.844439 9.050999 22.963676
31.450000 59.506233 37.415493 23.585492 14.884735 9.627217 6.365211 -0.148012 -5.766843 -9.299672 56.846666 43.549590 29.372182 21.914429 9.100551 23.035431
31.500000 59.634434 37.509714 23.658139 14.943605 9.677642 6.410332 -0.113693 -5.742227 -9.281517 56.970797 43.653294 29.453895 21.984446 9.150123 23.107213
31.550000 59.762677 37.603969 23.730814 15.002498 9.728088 6.455474 -0.079359 -5.717599 -9.263351 57.094970 43.757033 29.535638 22.054488 9.199717 23.179022
31.600000 59.890963 37.698256 23.803515 15.061414 9.778555 6.500634 -0.045008 -5.692957 -9.245173 57.219185 43.860808 29.617410 22.124558 9.249330 23.250857
31.650000 60.019292 37.792577 23.876244 15.120353 9.829042 6.545814 -0.010641 -5.668301 -9.226983 57.343442 43.964619 29.699212 22.194653 9.298964 23.322720
31.700000 60.147664 37.886931 23.949000 15.179316 9.879550 6.591012 0.023743 -5.643632 -9.208782 57.467740 44.068466 29.781044 22.264775 9.348619 23.394609
31.750000 60.276078 37.981318 24.021782 15.238301 9.930079 6.636230 0.058142 -5.618950 -9.190569 57.592079 44.172348 29.862905 22.334923 9.398294 23.466525
31.800000 60.404535 38.075737 24.094591 15.297310 9.980629 6.681467 0.092557 -5.594255 -9.172345 57.716460 44.276266 29.944796 22.405097 9.447989 23.538468
31.850000 60.533035 38.170190 24.167428 15.356341 10.031198 6.726724 0.126989 -5.569546 -9.154110 57.840883 44.380220 30.026715 22.475297 9.497705 23.610437
31.900000 60.661577 38.264676 24.240291 15.415396 10.081789 6.771999 0.161436 -5.544824 -9.135863 57.965346 44.484209 30.108665 22.545523 9.547441 23.682433
31.950000 60.790161 38.359194 24.313180 15.474473 10.132400 6.817293 0.195899 -5.520088 -9.117604 58.089851 44.588233 30.190643 22.615775 9.597197 23.754455
32.000000 60.918787 38.453745 24.386097 15.533573 10.183031 6.862606 0.230379 -5.495340 -9.099335 58.214397 44.692293 30.272651 22.686053 9.646974 23.826504
32.050000 61.047456 38.548329 24.459040 15.592695 10.233683 6.907938 0.264874 -5.470578 -9.081054 58.338984 44.796388 30.354688 22.756357 9.696770 23.898579
32.100000 61.176166 38.642945 24.532009 15.651841 10.284355 6.953289 0.299385 -5.445804 -9.062761 58.463612 44.900519 30.436754 22.826687 9.746587 23.970680
32.150000 61.304919 38.737594 24.605005 15.711009 10.335047 6.998658 0.333912 -5.421016 -9.044457 58.588280 45.004685 30.518849 22.897042 9.796424 24.042807
32.200000 61.433714 38.832275 24.678028 15.770199 10.385760 7.044047 0.368454 -5.396215 -9.026142 58.712990 45.108885 30.600973 22.967424 9.846280 24.114961
32.250000 61.562550 38.926989 24.751076 15.829413 10.436492 7.089454 0.403012 -5.371401 -9.007816 58.837740 45.213121 30.683126 23.037831 9.896157 24.187141
32.300000 61.691428 39.021735 24.824152 15.888648 10.487245 7.134880 0.437586 -5.346574 -8.989479 58.962531 45.317392 30.765308 23.108263 9.946054 24.259347
32.350000 61.820348 39.116513 24.897253 15.947907 10.538019 7.180324 0.472176 -5.321734 -8.971130 59.087363 45.421698 30.847518 23.178721 9.995970 24.331579
32.400000 61.949310 39.211324 24.970381 16.007187 10.588812 7.225788 0.506781 -5.296881 -8.952770 59.212234 45.526038 30.929757 23.249205 10.045907 24.403837
32.450000 62.078313 39.306166 25.043535 16.066490 10.639625 7.271269 0.541402 -5.272015 -8.934399 59.337147 45.630414 31.012026 23.319714 10.095863 24.476121
32.500000 62.207358 39.401041 25.116715 16.125816 10.690458 7.316770 0.576039 -5.247136 -8.916017 59.462100 45.734824 31.094322 23.390249 10.145839 24.548431
32.550000 61.472164 38.865819 24.708456 15.798638 10.412979 7.070500 0.393348 -5.372723 -9.003583 58.750853 45.143799 30.632710 22.997472 9.873377 24.145265
32.600000 61.599989 38.959791 24.780935 15.857392 10.463319 7.115557 0.427641 -5.348096 -8.985393 58.874624 45.247218 30.714222 23.067331 9.922868 24.216882
32.650000 61.727855 39.053796 24.853441 15.916167 10.513679 7.160632 0.461951 -5.323456 -8.967191 58.998435 45.350671 30.795761 23.137214 9.972378 24.288525
32.700000 61.855761 39.147831 24.925971 15.974965 10.564059 7.205725 0.496275 -5.298804 -8.948979 59.122285 45.454159 30.877329 23.207123 10.021908 24.360193
32.750000 61.983709 39.241898 24.998528 16.033784 10.614458 7.250837 0.530615 -5.274139 -8.930755 59.246175 45.557680 30.958925 23.277056 10.071457 24.431887
32.800000 62.111696 39.335997 25.071110 16.092625 10.664877 7.295967 0.564970 -5.249462 -8.912521 59.370105 45.661236 31.040549 23.347014 10.121026 24.503606
32.850000 62.239725 39.430127 25.143718 16.151488 10.715316 7.341115 0.599341 -5.224772 -8.894276 59.494074 45.764825 31.122200 23.416997 10.170614 24.575351
32.900000 62.367794 39.524289 25.216351 16.210373 10.765774 7.386281 0.633726 -5.200069 -8.876020 59.618082 45.868449 31.203880 23.487005 10.220221 24.647120
32.950000 62.495903 39.618481 25.289010 16.269280 10.816251 7.431465 0.668127 -5.175353 -8.857753 59.742130 45.972106 31.285588 23.557038 10.269848 24.718916
33.000000 62.624052 39.712705 25.361694 16.328208 10.866748 7.476667 0.702543 -5.150626 -8.839476 59.866217 46.075797 31.367324 23.627096 10.319494 24.790736
33.050000 62.752242 39.806960 25.434404 16.387159 10.917265 7.521887 0.736974 -5.125885 -8.821188 59.990343 46.179522 31.449087 23.697178 10.369159 24.862581
33.100000 62.880472 39.901246 25.507138 16.446130 10.967800 7.567125 0.771420 -5.101133 -8.802888 60.114508 46.283280 31.530878 23.767284 10.418843 24.934452
33.150000 63.008742 39.995563 25.579899 16.505124 11.018355 7.612381 0.805881 -5.076367 -8.784579 60.238712 46.387072 31.612697 23.837416 10.468546 25.006347
33.200000 63.137052 40.089911 25.652684 16.564138 11.068930 7.657655 0.840357 -5.051590 -8.766258 60.362955 46.490897 31.694543 23.907571 10.518269 25.078267
33.250000 63.265402 40.184290 25.725494 16.623175 11.119523 7.702946 0.874848 -5.026800 -8.747927 60.487237 46.594756 31.776417 23.977752 10.568010 25.150213
33.300000 63.393792 40.278700 25.798330 16.682233 11.170136 7.748256 0.909354 -5.001997 -8.729585 60.611558 46.698648 31.858319 24.047956 10.617770 25.222183
33.350000 63.522221 40.373140 25.871190 16.741312 11.220768 7.793583 0.943875 -4.977183 -8.711233 60.735917 46.802573 31.940248 24.118185 10.667550 25.294178
33.400000 63.650690 40.467611 25.944076 16.800412 11.271419 7.838928 0.978410 -4.952355 -8.692870 60.860315 46.906531 32.022204 24.188439 10.717348 25.366198
33.450000 63.779199 40.562113 26.016986 16.859534 11.322089 7.884291 1.012961 -4.927516 -8.674496 60.984751 47.010523 32.104188 24.258716 10.767165 25.438242
33.500000 63.907747 40.656645 26.089922 16.918677 11.372779 7.929671 1.047526 -4.902665 -8.656112 61.109226 47.114548 32.186199 24.329018 10.817000 25.510311
33.550000 64.036335 40.751208 26.162882 16.977841 11.423487 7.975069 1.082106 -4.877801 -8.637718 61.233739 47.218605 32.268237 24.399344 10.866855 25.582405
33.600000 64.164962 40.845802 26.235867 17.037027 11.474214 8.020484 1.116701 -4.852925 -8.619312 61.358291 47.322696 32.350302 24.469694 10.916728 25.654524
33.650000 64.293629 40.940425 26.308877 17.096233 11.524960 8.065917 1.151311 -4.828037 -8.600897 61.482880 47.426819 32.432395 24.540068 10.966620 25.726666
33.700000 64.422334 41.035079 26.381911 17.155461 11.575725 8.111368 1.185935 -4.803137 -8.582471 61.607508 47.530976 32.514514 24.610465 11.016531 25.798834
33.750000 64.551079 41.129764 26.454970 17.214710 11.626509 8.156835 1.220573 -4.778224 -8.564034 61.732174 47.635164 32.596660 24.680887 11.066460 25.871025
33.800000 64.679862 41.224478 26.528054 17.273979 11.677311 8.202321 1.255227 -4.753300 -8.545588 61.856878 47.739386 32.678834 24.751333 11.116408 25.943241
33.850000 64.808685 41.319222 26.601162 17.333270 11.728133 8.247823 1.289895 -4.728364 -8.527130 61.981620 47.843640 32.761034 24.821803 11.166374 26.015482
33.900000 64.937546 41.413997 26.674294 17.392582 11.778973 8.293343 1.324577 -4.703415 -8.508663 62.106399 47.947927 32.843261 24.892296 11.216359 26.087746
33.950000 65.066447 41.508802 26.747451 17.451914 11.829831 8.338881 1.359274 -4.678455 -8.490185 62.231216 48.052246 32.925515 24.962813 11.266362 26.160035
34.000000 65.195386 41.603636 26.820633 17.511267 11.880709 8.384435 1.393986 -4.653483 -8.471697 62.356071 48.156598 33.007795 25.033354 11.316384 26.232348
34.050000 65.324363 41.698501 26.893838 17.570641 11.931605 8.430007 1.428712 -4.628498 -8.453199 62.480964 48.260981 33.090102 25.103919 11.366424 26.304685
34.100000 65.453379 41.793395 26.967068 17.630036 11.982519 8.475596 1.463452 -4.603502 -8.434690 62.605894 48.365398 33.172436 25.174507 11.416482 26.377046
34.150000 65.582434 41.888319 27.040322 17.689451 12.033452 8.521202 1.498206 -4.578494 -8.416171 62.730861 48.469846 33.254796 25.245118 11.466559 26.449431
34.200000 64.813427 41.328052 26.612586 17.346352 11.742230 8.262559 1.305930 -4.711162 -8.509151 61.986851 47.851329 32.771368 24.833544 11.180574 26.027010
34.250000 64.941257 41.422070 26.685137 17.405192 11.792668 8.307719 1.340340 -4.686407 -8.490826 62.110632 47.954782 32.852939 24.903476 11.230163 26.098699
34.300000 65.069125 41.516117 26.757711 17.464053 11.843123 8.352896 1.374764 -4.661641 -8.472490 62.234450 48.058268 32.934537 24.973432 11.279771 26.170412
34.350000 65.197031 41.610194 26.830309 17.522935 11.893597 8.398090 1.409202 -4.636863 -8.454144 62.358305 48.161784 33.016161 25.043410 11.329396 26.242149
34.400000 65.324975 41.704299 26.902931 17.581836 11.944089 8.443301 1.443655 -4.612074 -8.435788 62.482197 48.265333 33.097811 25.113412 11.379039 26.313909
34.450000 65.452956 41.798434 26.975576 17.640758 11.994599 8.488528 1.478121 -4.587273 -8.417422 62.606125 48.368913 33.179486 25.183437 11.428700 26.385692
34.500000 65.580975 41.892598 27.048245 17.699700 12.045127 8.533773 1.512602 -4.562460 -8.399046 62.730090 48.472524 33.261188 25.253485 11.478378 26.457499
34.550000 65.709032 41.986791 27.120938 17.758662 12.095673 8.579034 1.547096 -4.537636 -8.380660 62.854091 48.576167 33.342916 25.323556 11.528075 26.529330
34.600000 65.837125 42.081013 27.193654 17.817645 12.146238 8.624311 1.581605 -4.512800 -8.362265 62.978129 48.679841 33.424669 25.393650 11.577789 26.601183
34.650000 65.965257 42.175263 27.266394 17.876647 12.196820 8.669606 1.616127 -4.487953 -8.343859 63.102202 48.783546 33.506448 25.463766 11.627522 26.673060
34.700000 66.093425 42.269543 27.339157 17.935669 12.247420 8.714917 1.650664 -4.463094 -8.325443 63.226313 48.887282 33.588253 25.533905 11.677271 26.744960
34.750000 66.221630 42.363851 27.411943 17.994711 12.298038 8.760244 1.685214 -4.438223 -8.307018 63.350459 48.991050 33.670083 25.604067 11.727039 26.816884
34.800000 66.349873 42.458188 27.484753 18.053774 12.348673 8.805588 1.719778 -4.413342 -8.288583 63.474641 49.094848 33.751939 25.674252 11.776824 26.888830
34.850000 66.478152 42.552553 27.557586 18.112856 12.399327 8.850948 1.754356 -4.388449 -8.270138 63.598859 49.198677 33.833821 25.744459 11.826627 26.960800
34.900000 66.606469 42.646947 27.630443 18.171958 12.449998 8.896325 1.788947 -4.363544 -8.251683 63.723114 49.302537 33.915728 25.814689 11.876447 27.032792
34.950000 66.734822 42.741370 27.703322 18.231079 12.500687 8.941719 1.823553 -4.338628 -8.233218 63.847404 49.406428 33.997660 25.884942 11.926284 27.104807
35.000000 66.863212 42.835821 27.776225 18.290221 12.551394 8.987128 1.858172 -4.313701 -8.214744 63.971729 49.510350 34.079617 25.955216 11.976140 27.176846
35.050000 66.991639 42.930300 27.849150 18.349382 12.602118 9.032554 1.892805 -4.288762 -8.196260 64.096091 49.614303 34.161600 26.025514 12.026012 27.248907
35.100000 67.120102 43.024807 27.922099 18.408563 12.652860 9.077996 1.927451 -4.263813 -8.177766 64.220488 49.718286 34.243609 26.095833 12.075902 27.320991
35.150000 67.248602 43.119343 27.995071 18.467763 12.703619 9.123455 1.962111 -4.238852 -8.159262 64.344920 49.822299 34.325642 26.166175 12.125809 27.393098
35.200000 67.377138 43.213907 28.068065 18.526983 12.754396 9.168930 1.996785 -4.213879 -8.140749 64.469388 49.926343 34.407700 26.236539 12.175734 27.465227
