web/models/kne/29/mosfit_kn_0.001862_0.4373_10.0000.dat
# %ECSV 1.0
# ---
# datatype:
# - {name: time, datatype: float64}
# - {name: PS1_g, datatype: float64}
# - {name: PS1_i, datatype: float64}
# - {name: PS1_r, datatype: float64}
# - {name: PS1_w, datatype: float64}
# - {name: PS1_y, datatype: float64}
# - {name: PS1_z, datatype: float64}
# - {name: swift_uvot_B, datatype: float64}
# - {name: swift_uvot_U, datatype: float64}
# - {name: swift_uvot_uvm2, datatype: float64}
# - {name: swift_uvot_uvw1, datatype: float64}
# - {name: swift_uvot_uvw2, datatype: float64}
# - {name: swift_uvot_V, datatype: float64}
# - {name: johnson_B, datatype: float64}
# - {name: johnson_I, datatype: float64}
# - {name: johnson_R, datatype: float64}
# - {name: johnson_U, datatype: float64}
# - {name: johnson_V, datatype: float64}
# - {name: sdss_g, datatype: float64}
# - {name: sdss_i, datatype: float64}
# - {name: sdss_r, datatype: float64}
# - {name: sdss_u, datatype: float64}
# - {name: sdss_z, datatype: float64}
# - {name: ATLAS_c, datatype: float64}
# - {name: ATLAS_o, datatype: float64}
# - {name: ukirt_H, datatype: float64}
# - {name: ukirt_J, datatype: float64}
# - {name: ukirt_K, datatype: float64}
# - {name: Clear, datatype: float64}
# meta: !!omap
# - comment: [kappa = 10.0, type = rprocess, mass = 0.001861645566637777, velocity = 0.4373333333333333, theta_obs = 0.0, tfloor = 1000.0]
# schema: astropy-2.0
time PS1_g PS1_i PS1_r PS1_w PS1_y PS1_z swift_uvot_B swift_uvot_U swift_uvot_uvm2 swift_uvot_uvw1 swift_uvot_uvw2 swift_uvot_V johnson_B johnson_I johnson_R johnson_U johnson_V sdss_g sdss_i sdss_r sdss_u sdss_z ATLAS_c ATLAS_o ukirt_H ukirt_J ukirt_K Clear
[from data line 147]
8.897795591182364 13.152157512801068 4.270328699601773 7.745399477639623 5.777475666135636 0.7471386510765221 2.1648146159236425 16.692064089365537 23.351008187260458 37.239603491289635 19.316590719335014 21.829607225814666 11.111674205671854 15.488126772399347 2.7168153931798225 5.686848159904822 22.320007008008716 10.156651870503099 13.964697614115504 4.351584651714777 7.973888137136047 23.852113717435284 1.5913870039016587 9.724476047382264 5.272063522772488 -4.201848726838974 -2.052359431349283 -5.562137407312145 3.491581622374298
8.957915831663327 13.181188931505652 4.2993601183063745 7.774430896344207 5.80650708484022 0.7761700697811058 2.193846034628244 16.72109550807014 23.380039605965052 37.268634909994226 19.34562213803961 21.85863864451926 11.140705624376437 15.517158191103949 2.745846811884424 5.715879578609424 22.3490384267133 10.185683289207683 13.993729032820088 4.380616070419361 8.002919555840649 23.881145136139878 1.6204184226062424 9.753507466086848 5.301094941477071 -4.17281730813439 -2.0233280126446993 -5.533105988607561 3.5206130410788816
9.018036072144287 13.210086478503094 4.328257665303816 7.803328443341648 5.8354046318376795 0.8050676167785475 2.2227435816256857 16.74999305506758 23.408937152962494 37.297532456991675 19.37451968503705 21.887536191516702 11.169603171373879 15.54605573810139 2.7747443588818657 5.744777125606865 22.37793597371075 10.214580836205142 14.022626579817548 4.409513617416803 8.03181710283809 23.91004268313732 1.649315969603684 9.782405013084308 5.329992488474513 -4.1439197611369485 -1.9944304656472576 -5.504208441610119 3.5495105880763234
9.07815631262525 13.23885032050601 4.357021507306733 7.832092285344565 5.864168473840596 0.8338314587814644 2.2515074236286026 16.778756897070497 23.43770099496541 37.32629629899459 19.403283527039967 21.91630003351962 11.198367013376796 15.574819580104307 2.8035082008847825 5.773540967609782 22.406699815713665 10.243344678208041 14.051390421820464 4.438277459419719 8.060580944841007 23.938806525140237 1.678079811606601 9.811168855087224 5.35875633047743 -4.115155919134032 -1.9656666236443407 -5.4754445996072025 3.57827443007924
9.138276553106213 13.267480922415267 4.385652109215972 7.8607228872538215 5.892799075749835 0.8624620606907207 2.280138025537841 16.807387498979754 23.466331596874657 37.35492690090384 19.431914128949213 21.944930635428864 11.226997615286052 15.603450182013546 2.832138802794039 5.802171569519021 22.435330417622914 10.271975280117298 14.080021023729703 4.466908061328976 8.089211546750263 23.967437127049482 1.7067104135158573 9.839799456996463 5.387386932386686 -4.086525317224775 -1.9370360217350844 -5.446813997697946 3.6069050319884965
9.198396793587174 13.295978980428949 4.414150167229671 7.889220945267503 5.9212971337635345 0.8909601187044025 2.3086360835515407 16.835885556993436 23.49482965488835 37.38342495891753 19.460412186962905 21.973428693442557 11.255495673299734 15.631948240027246 2.8606368608077206 5.83066962753272 22.463828475636603 10.300473338130997 14.108519081743403 4.4954061193426575 8.117709604763945 23.995935185063175 1.735208471529539 9.868297515010163 5.415884990400368 -4.0580272592110935 -1.9085379637214026 -5.418315939684264 3.6354030900021783
9.258517034068136 13.324345327276355 4.4425165140770595 7.917587292114909 5.949663480610923 0.9193264655518085 2.337002430398929 16.86425190384084 23.523196001735744 37.41179130576493 19.4887785338103 22.001795040289952 11.28386202014714 15.660314586874634 2.8890032076551266 5.859035974380109 22.492194822484002 10.328839684978385 14.13688542859079 4.523772466190064 8.146075951611351 24.02430153191057 1.763574818376945 9.89666386185755 5.444251337247774 -4.0296609123636875 -1.8801716168739966 -5.389949592836858 3.6637694368495843
9.318637274549097 13.35258083639717 4.4707520231978926 7.945822801235742 5.977898989731756 0.9475619746726416 2.365237939519762 16.892487412961657 23.551431510856577 37.44002681488575 19.517014042931134 22.030030549410785 11.312097529267973 15.688550095995467 2.917238716775942 5.887271483500942 22.520430331604828 10.357075194099219 14.165120937711624 4.552007975310879 8.174311460732167 24.052537041031403 1.7918103274977604 9.924899370978384 5.472486846368589 -4.0014254032428545 -1.8519361077531635 -5.361714083716043 3.6920049459704174
9.37875751503006 13.380686414911036 4.498857601711759 7.973928379749591 6.006004568245622 0.97566755318649 2.393343518033628 16.920592991475523 23.579537089370433 37.46813239339961 19.545119621444993 22.058136127924644 11.340203107781822 15.716655674509333 2.945344295289808 5.915377062014808 22.548535910118694 10.385180772613067 14.193226516225472 4.580113553824745 8.202417039246033 24.08064261954526 1.8199159060116266 9.95300494949225 5.500592424882456 -3.973319824729006 -1.823830529239315 -5.333608505202177 3.720110524484266
9.438877755511022 13.408662993963585 4.5268341807643075 8.00190495880214 6.033981147298171 1.0036441322390388 2.421320097086177 16.948569570528072 23.607513668422982 37.496108972452156 19.57309620049754 22.086112706977193 11.36817968683437 15.744632253561882 2.973320874342357 5.943353641067357 22.576512489171233 10.413157351665616 14.221203095278021 4.608090132877294 8.230393618298582 24.108619198597808 1.8478924850641754 9.980981528544781 5.528569003935004 -3.9453432456764572 -1.7958539501867663 -5.305631926149628 3.7480871035368146
9.498997995991983 13.436511472099824 4.554682658900546 8.029753436938396 6.0618296254344095 1.0314926103752953 2.4491685752224157 16.97641804866431 23.63536214655923 37.523957450588405 19.60094467863379 22.113961185113443 11.396028164970627 15.77248073169812 3.0011693524785956 5.971202119203595 22.60436096730748 10.441005829801872 14.249051573414278 4.6359386110135326 8.25824209643482 24.136467676734057 1.875740963200414 10.008830006681038 5.556417482071243 -3.9174947675402008 -1.7680054720505098 -5.277783448013389 3.775935581673071
9.559118236472946 13.464232804183158 4.582403990983863 8.057474769021713 6.0895509575177265 1.0592139424586122 2.4768899073057327 17.004139380747628 23.663083478642548 37.55167878267172 19.628666010717108 22.14168251719676 11.423749497053944 15.800202063781438 3.0288906845619126 5.998923451286912 22.632082299390806 10.46872716188519 14.276772905497594 4.663659943096867 8.285963428518137 24.164189008817374 1.9034622952837488 10.036551338764355 5.584138814154578 -3.889773435456884 -1.740284139967193 -5.250062115930055 3.803656913756388
9.619238476953907 13.491827903892641 4.609999090693364 8.085069868731196 6.11714605722721 1.0868090421680954 2.5044850070152336 17.03173448045713 23.690678578352042 37.57927388238121 19.656261110426588 22.16927761690624 11.451344596763427 15.82779716349092 3.0564857842714135 6.026518550996395 22.65967739910029 10.496322261594672 14.304368005207078 4.69125504280635 8.313558528227638 24.191784108526868 1.931057394993232 10.064146438473838 5.611733913864061 -3.8621783357474007 -1.7126890402577097 -5.2224670162205715 3.831252013465871
9.67935871743487 13.519297674816375 4.63746886161708 8.11253963965493 6.144615828150943 1.114278813091829 2.5319547779389495 17.059204251380844 23.718148349275765 37.60674365330494 19.683730881350325 22.196747387829976 11.47881436768716 15.855266934414654 3.0839555551951294 6.053988321920129 22.687147170024023 10.523792032518406 14.331837776130811 4.718724813730084 8.341028299151354 24.21925387945059 1.9585271659169656 10.091616209397571 5.639203684787795 -3.834708564823667 -1.685219269333976 -5.194997245296838 3.858721784389605
9.739478957915832 13.54664305961677 4.664814246417475 8.139885024455324 6.171961212951338 1.1416241978922237 2.559300162739344 17.08654963618124 23.74549373407616 37.63408903810534 19.711076266150716 22.224092772630367 11.506159752487555 15.882612319215049 3.111300939995524 6.081333706720524 22.714492554824417 10.5511374173188 14.359183160931206 4.746070198530479 8.368373683951766 24.246599264250985 1.9858725507173602 10.118961594197966 5.666549069588189 -3.8073631800232723 -1.6578738845335814 -5.167651860496443 3.8860671691899995
9.799599198396793 13.573864945509975 4.692036132310697 8.16710691034853 6.199183098844543 1.1688460837854286 2.586522048632567 17.11377152207446 23.772715619969375 37.66131092399855 19.73829815204393 22.251314658523583 11.53338163838076 15.909834205108272 3.1385228258887468 6.1085555926137465 22.741714440717622 10.578359303212006 14.386405046824411 4.773292084423684 8.395595569844971 24.2738211501442 2.013094436610565 10.146183480091171 5.693770955481394 -3.7801412941300674 -1.6306519986403765 -5.140429974603238 3.9132890550832045
9.859719438877756 13.600964231831014 4.719135418631737 8.194206196669569 6.226282385165582 1.1959453701064682 2.6136213349536064 17.1408708083955 23.799814906290415 37.68841021031958 19.76539743836496 22.278413944844612 11.5604809247018 15.936933491429293 3.1656221122097863 6.135654878934768 22.768813727038662 10.605458589533045 14.41350433314545 4.800391370744723 8.42269485616601 24.30092043646524 2.0401937229316047 10.17328276641221 5.720870241802434 -3.753042007809028 -1.603552712319337 -5.113330688282199 3.940388341404244
9.919839679358716 13.62794182055346 4.746113007354165 8.221183785392014 6.253259973888028 1.2229229588289137 2.640598923676034 17.167848397117947 23.82679249501285 37.71538779904203 19.792375027087406 22.305391533567057 11.587458513424245 15.963911080151739 3.1925997009322318 6.162632467657214 22.795791315761107 10.63243617825549 14.440481921867896 4.827368959467169 8.449672444888456 24.327898025187675 2.06717131165405 10.200260355134656 5.747847830524879 -3.7260644190865824 -1.5765751235968914 -5.086353099559753 3.9673659301266895
9.97995991983968 13.654798595943785 4.772969782744507 8.248040560782357 6.2801167492783705 1.2497797342192563 2.6674556990663767 17.19470517250827 23.853649270403192 37.74224457443236 19.81923180247775 22.3322483089574 11.614315288814588 15.990767855542082 3.2194564763225566 6.189489243047556 22.822648091151443 10.659292953645833 14.467338697258239 4.8542257348574935 8.476529220278781 24.354754800578018 2.094028087044393 10.227117130524999 5.774704605915204 -3.6992076436962398 -1.5497183482065489 -5.059496324169411 3.994222705517032
10.040080160320642 13.68153543673822 4.799706623538924 8.274777401576774 6.306853590072787 1.276516575013673 2.6941925398607935 17.22144201330269 23.88038611119761 37.76898141522679 19.84596864327217 22.35898514975182 11.641052129609005 16.0175046963365 3.2461933171169735 6.216226083841973 22.849384931945867 10.68602979444025 14.494075538052655 4.880962575651928 8.503266061073198 24.381491641372435 2.1207649278388097 10.253853971319415 5.801441446709639 -3.672470802901823 -1.522981507412132 -5.032759483374994 4.020959546311449
10.100200400801603 13.708153212476457 4.82632439927718 8.301395177315012 6.333471365811043 1.303134350751911 2.7208103155990493 17.248059789040944 23.907003886935854 37.79559919096503 19.872586419010414 22.385602925490065 11.667669905347243 16.044122472074754 3.272811092855229 6.242843859580229 22.876002707684115 10.712647570178488 14.520693313790893 4.907580351390166 8.529883836811454 24.40810941711068 2.1473827035770476 10.280471747057671 5.828059222447877 -3.645853027163585 -1.496363731673894 -5.006141707636756 4.047577322049687
10.160320641282565 13.734652793211861 4.852823980012584 8.327894758050434 6.359970946546447 1.3296339314873329 2.7473098963344533 17.274559369776348 23.93350346767127 37.82209877170044 19.899085999745825 22.41210250622547 11.694169486082647 16.070622052810158 3.2993106735906332 6.269343440315633 22.90250228841952 10.73914715091391 14.547192894526315 4.93407993212557 8.556383417546858 24.434608997846095 2.1738822843124517 10.306971327793075 5.854558803183281 -3.619353446428163 -1.4698641509384722 -4.979642126901352 4.074076902785091
10.220440881763526 13.761035044563563 4.879206231364268 8.354277009402118 6.386353197898131 1.3560161828390171 2.7736921476861376 17.300941621128032 23.959885719022953 37.84848102305214 19.92546825109751 22.43848475757716 11.720551737434349 16.097004304161842 3.3256929249423175 6.295725691667317 22.92888453977121 10.765529402265594 14.573575145878 4.960462183477272 8.582765668898542 24.46099124919778 2.2002645356641537 10.33335357914476 5.880941054534983 -3.592971195076479 -1.443481899586788 -4.95325987554965 4.100459154136793
10.280561122244489 13.787300802396505 4.905471989197228 8.380542767235077 6.412618955731091 1.3822819406719766 2.799957905519097 17.327207378960992 23.986151476855913 37.87474678088508 19.95173400893047 22.464750515410113 11.746817495267308 16.123270061994802 3.351958682775277 6.321991449500277 22.955150297604163 10.791795160098554 14.599840903710959 4.986727941310214 8.609031426731502 24.48725700703074 2.2265302934970954 10.359619336977719 5.907206812367924 -3.5667054372435194 -1.4172161417538285 -4.926994117716708 4.126724911969752
10.34068136272545 13.813450931750797 4.931622118551502 8.406692896589352 6.438769085085365 1.408432070026251 2.8261080348733714 17.353357508315266 24.012301606210187 37.90089691023937 19.977884138284747 22.490900644764398 11.772967624621582 16.149420191349076 3.3781088121295513 6.348141578854551 22.981300426958445 10.817945289452828 14.625991033065233 5.012878070664506 8.635181556085794 24.513407136385013 2.2526804228513875 10.385769466331993 5.9333569417222165 -3.540555307889245 -1.3910660123995542 -4.900843988362416 4.152875041324027
10.400801603206412 13.839486261345364 4.957657448146069 8.432728226183919 6.464804414679932 1.434467399620818 2.8521433644679384 17.379392837909833 24.038336935804754 37.926932239833924 20.00391946787931 22.51693597435896 11.79900295421615 16.175455520943643 3.4041441417241183 6.374176908449118 23.007335756553005 10.843980619047395 14.6520263626598 5.038913400259073 8.661216885680343 24.53944246597958 2.2787157524459545 10.41180479592656 5.959392271316766 -3.514519978294678 -1.3650306828049872 -4.874808658767849 4.178910370918594
10.460921843687375 13.865407624842874 4.983578811643596 8.458649589681446 6.49072577817746 1.4603887631183454 2.878064727965466 17.40531420140736 24.06425829930228 37.952853603331455 20.02984083137684 22.542857337856493 11.824924317713677 16.20137688444117 3.4300655052216458 6.4000982719466455 23.03325712005053 10.869901982544922 14.677947726157328 5.064834763756583 8.68713824917787 24.565363829477107 2.304637115943464 10.437726159424088 5.985313634814293 -3.4885986147971506 -1.3391093193074597 -4.848887295270339 4.204831734416121
10.521042084168336 13.891215852414138 5.009387039214861 8.48445781725271 6.516534005748724 1.48619699068961 2.9038729555367304 17.431122428978625 24.090066526873546 37.978661830902716 20.055649058948102 22.568665565427747 11.850732545284941 16.227185112012435 3.4558737327929103 6.42590649951791 23.059065347621797 10.895710210116187 14.703755953728592 5.090642991327847 8.712946476749135 24.59117205704837 2.3304453435147288 10.463534386995352 6.011121862385558 -3.462790387225886 -1.3133010917361951 -4.823079067699075 4.230639961987386
10.581162324649299 13.916919573230526 5.035090760031249 8.510161538069099 6.542237726565112 1.511900711505998 2.9295766763531184 17.456826149795013 24.115770247689934 38.004365551719104 20.081352779764483 22.594369286244135 11.876436266101312 16.252888832828823 3.4815774536092983 6.451610220334298 23.084769068438185 10.921413930932575 14.72945967454498 5.116346712144235 8.738650197565523 24.61687577786476 2.3561490643311167 10.48923810781174 6.036825583201946 -3.437086666409498 -1.2875973709198072 -4.797375346882687 4.256343682803756
