web/models/kne/29/mosfit_kn_0.006452_0.2180_10.0000.dat
# %ECSV 1.0
# ---
# datatype:
# - {name: time, datatype: float64}
# - {name: PS1_g, datatype: float64}
# - {name: PS1_i, datatype: float64}
# - {name: PS1_r, datatype: float64}
# - {name: PS1_w, datatype: float64}
# - {name: PS1_y, datatype: float64}
# - {name: PS1_z, datatype: float64}
# - {name: swift_uvot_B, datatype: float64}
# - {name: swift_uvot_U, datatype: float64}
# - {name: swift_uvot_uvm2, datatype: float64}
# - {name: swift_uvot_uvw1, datatype: float64}
# - {name: swift_uvot_uvw2, datatype: float64}
# - {name: swift_uvot_V, datatype: float64}
# - {name: johnson_B, datatype: float64}
# - {name: johnson_I, datatype: float64}
# - {name: johnson_R, datatype: float64}
# - {name: johnson_U, datatype: float64}
# - {name: johnson_V, datatype: float64}
# - {name: sdss_g, datatype: float64}
# - {name: sdss_i, datatype: float64}
# - {name: sdss_r, datatype: float64}
# - {name: sdss_u, datatype: float64}
# - {name: sdss_z, datatype: float64}
# - {name: ATLAS_c, datatype: float64}
# - {name: ATLAS_o, datatype: float64}
# - {name: ukirt_H, datatype: float64}
# - {name: ukirt_J, datatype: float64}
# - {name: ukirt_K, datatype: float64}
# - {name: Clear, datatype: float64}
# meta: !!omap
# - comment: [kappa = 10.0, type = rprocess, mass = 0.006451950121499907, velocity = 0.21800000000000003, theta_obs = 0.0, tfloor = 1000.0]
# schema: astropy-2.0
time PS1_g PS1_i PS1_r PS1_w PS1_y PS1_z swift_uvot_B swift_uvot_U swift_uvot_uvm2 swift_uvot_uvw1 swift_uvot_uvw2 swift_uvot_V johnson_B johnson_I johnson_R johnson_U johnson_V sdss_g sdss_i sdss_r sdss_u sdss_z ATLAS_c ATLAS_o ukirt_H ukirt_J ukirt_K Clear
[from data line 351]
21.162324649298597 10.884739592225863 2.0029107790265677 5.4779815570644175 3.510057745560431 -1.5202792694986833 -0.10260330465156287 14.42464616879035 21.083590266685253 34.97218557071444 17.04917279875982 19.56218930523946 8.844256285096648 13.220708851824142 0.4493974726046348 3.4194302393296168 20.05258908743351 7.8892339499278945 11.697279693540299 2.0841667311395717 5.706470216560859 21.58469579686008 -0.6760309166735468 7.457058126807059 3.0046456021972823 -6.469266647414179 -4.319777351924488 -7.82955532788735 1.2241637017990925
21.22244488977956 10.893339792377077 2.0115109791777996 5.486581757215632 3.518657945711663 -1.511679069347469 -0.09400310450033089 14.433246368941564 21.092190466836477 34.98078577086566 17.057772998911034 19.570789505390685 8.852856485247862 13.229309051975374 0.457997672755849 3.4280304394808487 20.06118928758473 7.897834150079109 11.705879893691531 2.092766931290786 5.715070416712074 21.593295997011303 -0.6674307165223325 7.465658326958291 3.0132458023484965 -6.460666447262965 -4.311177151773274 -7.820955127736136 1.2327639019503067
21.28256513026052 10.901928897426885 2.0201000842276073 5.495170862265439 3.527247050761453 -1.5030899642976614 -0.08541399945052319 14.441835473991372 21.100779571886285 34.98937487591545 17.06636210396084 19.579378610440493 8.86144559029767 13.237898157025182 0.4665867778056567 3.4366195445306564 20.069778392634532 7.906423255128916 11.71446899874132 2.1013560363405936 5.723659521761881 21.60188510206111 -0.6588416114725248 7.474247432008081 3.021834907398304 -6.452077342213157 -4.302588046723466 -7.812366022686328 1.2413530070001144
21.34268537074148 10.910507681062054 2.0286788678627765 5.503749645900626 3.5358258343966398 -1.4945111806624745 -0.07683521581535402 14.45041425762654 21.10935835552146 34.99795365955063 17.07494088759601 19.587957394075662 8.87002437393284 13.24647694066035 0.4751655614408259 3.4451983281658256 20.078357176269712 7.915002038764103 11.723047782376508 2.109934819975763 5.7322383053970505 21.610463885696287 -0.6502628278373557 7.482826215643268 3.0304136910334734 -6.4434985585779705 -4.294009263088279 -7.803787239051159 1.2499317906352836
21.402805611222444 10.919076187845675 2.0372473746463804 5.51231815268423 3.5443943411802437 -1.4859426738788706 -0.06826670903175014 14.458982764410145 21.117926862305065 35.00652216633424 17.083509394379615 19.596525900859273 8.878592880716461 13.255045447443955 0.48373406822442977 3.4537668349494295 20.086925683053323 7.923570545547707 11.731616289160112 2.1185033267593845 5.740806812180654 21.61903239247989 -0.641694321053734 7.491394722426872 3.038982197817095 -6.434930051794367 -4.285440756304675 -7.7952187322675375 1.2585002974189052
21.462925851703407 10.927634439284155 2.045805626084878 5.520876404122728 3.552952592618741 -1.477384422440391 -0.05970845759325272 14.467541015848642 21.126485113743563 35.01508041777274 17.092067645818112 19.605084152297763 8.88715113215494 13.263603698882452 0.4922923196629272 3.462325086387927 20.09548393449181 7.932128796986205 11.740174540598609 2.127061578197864 5.749365063619152 21.62759064391838 -0.6331360696152544 7.499952973865369 3.0475404492555747 -6.426371800355869 -4.276882504866178 -7.786660480829058 1.267058548857385
21.52304609218437 10.936182477022474 2.0543536638231785 5.529424441861028 3.561500630357042 -1.4688363847020725 -0.05116041985495201 14.476089053586943 21.135033151481863 35.02362845551104 17.100615683556413 19.613632190036075 8.895699169893259 13.272151736620753 0.5008403574012279 3.4708731241262276 20.10403197223012 7.940676834724505 11.74872257833691 2.1356096159361826 5.7579131013574525 21.63613868165669 -0.6245880318769359 7.50850101160367 3.056088486993893 -6.4178237626175685 -4.268334467127877 -7.778112443090739 1.2756065865957034
21.58316633266533 10.944720344186774 2.0628915309874962 5.537962309025346 3.5700384975213595 -1.4602985175377547 -0.04262255269063431 14.48462692075126 21.14357101864618 35.03216632267535 17.10915355072073 19.62217005720039 8.904237037057577 13.28068960378507 0.5093782245655456 3.4794109912905453 20.112569839394432 7.949214701888823 11.757260445501228 2.1441474831004825 5.76645096852177 21.644676548821007 -0.6160501647126182 7.517038878767988 3.064626354158193 -6.409285895453251 -4.259796599963559 -7.769574575926439 1.284144453760021
21.64328657314629 10.953248075604662 2.071419262405385 5.546490040443235 3.5785662289392484 -1.4517707861198659 -0.034094821272745435 14.49315465216915 21.15209875006407 35.040694054093244 17.11768128213862 19.63069778861827 8.912764768475466 13.28921733520296 0.5179059559834345 3.487938722708434 20.121097570812317 7.957742433306712 11.765788176919116 2.1526752145183714 5.774978699939659 21.653204280238896 -0.6075224332947471 7.5255666101858765 3.073154085576082 -6.400758164035362 -4.2512688685456705 -7.7610468445085505 1.2926721851778922
21.703406813627254 10.96176570189332 2.079936888694025 5.555007666731875 3.5870838552278883 -1.443253159831226 -0.02557719498410549 14.501672278457807 21.16061637635271 35.049211680381894 17.126198908427277 19.639215414906918 8.921282394764106 13.2977349614916 0.5264235822720922 3.496456348997074 20.129615197100968 7.966260059595352 11.774305803207756 2.161192840807029 5.783496326228317 21.661721906527536 -0.5990048070060894 7.534084236474516 3.0816717118647396 -6.392240537746722 -4.242751242257031 -7.752529218219893 1.3011898114665499
21.763527054108216 10.97027326395498 2.088444450755702 5.563515228793534 3.5955914172895653 -1.4347455977695667 -0.017069632922428468 14.510179840519466 21.16912393841438 35.05771924244355 17.134706470488936 19.647722976968588 8.929789956825765 13.306242523553276 0.5349311443337514 3.504963911058751 20.138122759162634 7.974767621657011 11.782813365269433 2.1697004028686884 5.792003888289976 21.670229468589206 -0.5904972449444301 7.542591798536193 3.090179273926399 -6.383732975685063 -4.234243680195371 -7.744021656158234 1.3096973735282091
21.82364729458918 10.978770786119156 2.096941972919879 5.572012750957729 3.6040889394537423 -1.426248075605372 -0.008572110758251483 14.518677362683643 21.177621460578564 35.06621676460774 17.143203992653113 19.656220499132775 8.93828747898996 13.314740045717453 0.5434286664979284 3.513461433222928 20.14662028132681 7.983265143821206 11.79131088743361 2.178197925032883 5.800501410454153 21.67872699075339 -0.5819997227802354 7.55108932070037 3.098676796090576 -6.375235453520868 -4.225746158031177 -7.735524133994039 1.318194895692404
21.883767535070138 10.987258296049252 2.105429482849974 5.580500260887806 3.6125764493838197 -1.4177605656752945 -8.460082815631154e-05 14.527164872613739 21.18610897050865 35.07470427453782 17.15169150258321 19.66470800906286 8.946774988920037 13.323227555647549 0.5519161764280236 3.5219489431530233 20.1551077912569 7.991752653751283 11.799798397363688 2.1866854349629605 5.808988920384248 21.687214500683474 -0.573512212850158 7.559576830630448 3.107164306020671 -6.3667479435907905 -4.217258648101099 -7.727036624063961 1.3266824056224813
21.9438877755511 10.99573583297813 2.1139070197788534 5.588977797816703 3.6210539863127167 -1.4092830287463975 0.008392936100722892 14.535642409542618 21.19458650743754 35.08318181146671 17.160169039512088 19.673185545991746 8.955252525848934 13.331705092576428 0.5603937133569028 3.5304264800819025 20.16358532818579 8.00023019068018 11.808275934292585 2.1951629718918575 5.817466457313127 21.695692037612364 -0.565034675921261 7.568054367559345 3.1156418429495503 -6.358270406661894 -4.208781111172202 -7.7185590871350644 1.3351599425513783
22.004008016032063 11.004203425493522 2.1223746122942266 5.597445390332076 3.62952157882809 -1.4008154362310243 0.016860528616096104 14.544110002058009 21.20305409995291 35.091649403982096 17.16863663202748 19.68165313850712 8.963720118364307 13.340172685091801 0.5688613058722938 3.5388940725972757 20.17205292070117 8.008697783195553 11.816743526807958 2.2036305644072307 5.825934049828518 21.704159630127737 -0.5565670834058878 7.576521960074718 3.1241094354649412 -6.34980281414652 -4.200313518656829 -7.710091494619691 1.3436275350667515
22.064128256513026 11.012661113502897 2.1308323003036023 5.605903078341452 3.6379792668374655 -1.3923577482216487 0.025318216625471734 14.552567690067367 21.211511787962287 35.10010709199147 17.177094320036854 19.6901108265165 8.972177806373683 13.348630373101177 0.5773189938816694 3.5473517606066514 20.180510608710545 8.017155471204928 11.825201214817334 2.2120882524166063 5.834391737837894 21.712617318137113 -0.5481093953965122 7.584979648084094 3.132567123474317 -6.341345126137145 -4.191855830647453 -7.701633806610316 1.352085223076127
22.12424849699399 11.021108912493709 2.1392800992944316 5.614350877332264 3.646427065828277 -1.383909949230837 0.033766015616301104 14.561015489058196 21.21995958695311 35.10855489098228 17.185542119027666 19.698558625507317 8.980625605364494 13.357078172092006 0.585766792872481 3.5557995595974807 20.188958407701357 8.02560327019574 11.833649013808145 2.220536051407418 5.842839536828706 21.721065117127935 -0.5396615964057005 7.593427447074905 3.1410149224651285 -6.332897327146333 -4.183408031656642 -7.693186007619504 1.3605330220669387
22.184368737474948 11.029546865289994 2.147718052090717 5.622788830128549 3.6548650186245624 -1.3754719964345519 0.042203968412586335 14.569453441854481 21.228397539749395 35.11699284377857 17.19398007182395 19.706996578303603 8.98906355816078 13.365516124888291 0.5942047456687662 3.564237512393766 20.197396360497642 8.034041222992025 11.84208696660443 2.228974004203703 5.851277489624991 21.72950306992422 -0.5312236436094153 7.6018653998711905 3.1494528752614137 -6.324459374350048 -4.1749700788603565 -7.684748054823219 1.368970974863224
22.24448897795591 11.037974982589347 2.1561461693900696 5.631216947427902 3.663293135923915 -1.367043879135199 0.05063208571193911 14.577881559153834 21.236825657048747 35.125420961077914 17.202408189123304 19.715424695602945 8.997491675460132 13.373944242187626 0.602632862968119 3.572665629693101 20.205824477796995 8.042469340291378 11.850515083903783 2.237402121503056 5.859705606924344 21.737931187223573 -0.5227955263100625 7.610293517170543 3.1578809925607665 -6.316031257050695 -4.166541961561004 -7.676319937523866 1.3773990921625767
22.304609218436873 11.046393295175019 2.1645644819757415 5.639635260013591 3.6717114485096047 -1.3586255665495273 0.05905039829761094 14.586299871739506 21.245243969634416 35.1338392736636 17.210826501708976 19.723843008188627 9.005909988045804 13.382362554773316 0.6110511755537908 3.5810839422787906 20.214242790382677 8.050887652877067 11.858933396489473 2.245820434088728 5.868123919510015 21.74634949980924 -0.5143772137243907 7.618711829756233 3.1662993051464383 -6.3076129444650055 -4.158123648975332 -7.667901624938194 1.3858174047482485
22.364729458917836 11.054801836659784 2.172973023460507 5.648043801498357 3.6801199899943704 -1.3502170250647438 0.0674589397823766 14.594708413224271 21.253652511119192 35.142247815148366 17.21923504319374 19.732251549673393 9.014318529530588 13.390771096258081 0.6194597170385565 3.5894924837635562 20.22265133186744 8.059296194361833 11.867341937974238 2.2542289755734934 5.876532460994781 21.754758041294018 -0.505968672239625 7.6271203712409985 3.174707846631204 -6.29920440298024 -4.1497151074905485 -7.6594930834534285 1.3942259462330142
22.4248496993988 11.063200632317507 2.181371819118212 5.656442597156062 3.688518785652075 -1.341818229407039 0.07585773544008134 14.603107208881976 21.262051306776897 35.15064661080607 17.227633838851446 19.740650345331108 9.022717325188292 13.399169891915786 0.6278585126962613 3.597891279421261 20.231050127525144 8.067694990019538 11.875740733631943 2.262627771231216 5.884931256652486 21.763156836951723 -0.49756987658190255 7.635519166898703 3.1831066422889087 -6.290805607322535 -4.141316311832844 -7.651094287795706 1.4026247418907367
22.484969939879758 11.071589710863474 2.189760897664179 5.664831675702029 3.6969078641980424 -1.3334291508610718 0.08424681398604861 14.611496287427943 21.270440385322864 35.159035689352045 17.23602291739743 19.749039423877075 9.03110640373426 13.407558970461753 0.6362475912422285 3.6062803579672282 20.239439206071122 8.076084068565505 11.88412981217791 2.271016849777183 5.893320335198471 21.77154591549769 -0.4891807980359353 7.6439082454446705 3.1914957208348937 -6.282416528776568 -4.1329272332868765 -7.642705209249739 1.411013820436704
22.54509018036072 11.079969095244415 2.19814028204512 5.67321106008297 3.7052872485789834 -1.3250497664801308 0.0926261983669896 14.619875671808902 21.278819769703805 35.16741507373299 17.244402301778372 19.757418808258013 9.0394857881152 13.415938354842694 0.6446269756231873 3.6146597423481692 20.247818590452063 8.084463452946446 11.892509196558851 2.279396234158124 5.901699719579412 21.77992529987863 -0.4808014136549943 7.6522876298256115 3.1998751052158347 -6.274037144395627 -4.1245478489059355 -7.634325824868798 1.419393204817645
22.605210420841683 11.088338807772278 2.2065099945730005 5.68158077261085 3.7136569611068637 -1.3166800539522505 0.10099591089486992 14.628245384336765 21.287189482231685 35.175784786260856 17.252772014306235 19.765788520785886 9.047855500643063 13.424308067370575 0.6529966881510498 3.6230294548760495 20.256188302979936 8.092833165474326 11.900878909086732 2.2877659466859868 5.910069432107274 21.78829501240651 -0.47243170112713173 7.660657342353492 3.2082448177436973 -6.2656674318677466 -4.116178136378055 -7.625956112340935 1.4277629173455075
22.665330661322646 11.096698865313979 2.2148700521147013 5.689940830152533 3.722017018648547 -1.3083199964105674 0.1093559684365708 14.636605441878466 21.295549539773376 35.18414484380255 17.261132071847936 19.774148578327587 9.056215558184764 13.432668124912276 0.6613567456927507 3.6313895124177504 20.264548360521626 8.10119322301601 11.909238966628415 2.2961260042276876 5.918429489648975 21.7966550699482 -0.46407164358543085 7.669017399895175 3.216604875285398 -6.257307374326063 -4.107818078836372 -7.617596054799234 1.4361229748872084
22.725450901803605 11.105049290719755 2.223220477520478 5.69829125555831 3.7303674440543233 -1.299969571004791 0.11770639384234727 14.644955867284242 21.303899965179156 35.19249526920833 17.269482497253712 19.782499003733353 9.06456598359054 13.441018550318034 0.6697071710985272 3.639739937823509 20.272898785927403 8.109543648421786 11.917589392034191 2.304476429633464 5.926779915054752 21.80500549535398 -0.4557212181796544 7.677367825300951 3.2249553006911746 -6.248956948920287 -4.099467653430596 -7.609245629393458 1.4444734002929849
22.785571142284567 11.11339011334719 2.231561300147913 5.706632078185745 3.7387082666817584 -1.2916287483773559 0.12604721646978234 14.653296689911677 21.312240787806587 35.20083609183576 17.277823319881147 19.7908398263608 9.072906806217976 13.449359372945487 0.6780479937259623 3.648080760450962 20.281239608554838 8.117884471049221 11.925930214661626 2.312817252260899 5.935120737682187 21.813346317981413 -0.4473803955522193 7.6857086479283865 3.2332961233186097 -6.240616126292852 -4.0911268308031605 -7.600904806766023 1.45281422292042
