web/models/kne/29/mosfit_kn_0.002290_0.2650_3.6500.dat
# %ECSV 1.0
# ---
# datatype:
# - {name: time, datatype: float64}
# - {name: PS1_g, datatype: float64}
# - {name: PS1_i, datatype: float64}
# - {name: PS1_r, datatype: float64}
# - {name: PS1_w, datatype: float64}
# - {name: PS1_y, datatype: float64}
# - {name: PS1_z, datatype: float64}
# - {name: swift_uvot_B, datatype: float64}
# - {name: swift_uvot_U, datatype: float64}
# - {name: swift_uvot_uvm2, datatype: float64}
# - {name: swift_uvot_uvw1, datatype: float64}
# - {name: swift_uvot_uvw2, datatype: float64}
# - {name: swift_uvot_V, datatype: float64}
# - {name: johnson_B, datatype: float64}
# - {name: johnson_I, datatype: float64}
# - {name: johnson_R, datatype: float64}
# - {name: johnson_U, datatype: float64}
# - {name: johnson_V, datatype: float64}
# - {name: sdss_g, datatype: float64}
# - {name: sdss_i, datatype: float64}
# - {name: sdss_r, datatype: float64}
# - {name: sdss_u, datatype: float64}
# - {name: sdss_z, datatype: float64}
# - {name: ATLAS_c, datatype: float64}
# - {name: ATLAS_o, datatype: float64}
# - {name: ukirt_H, datatype: float64}
# - {name: ukirt_J, datatype: float64}
# - {name: ukirt_K, datatype: float64}
# - {name: Clear, datatype: float64}
# meta: !!omap
# - comment: [kappa = 3.65, type = rprocess, mass = 0.0022901433483143324, velocity = 0.265, theta_obs = 0.0, tfloor = 1000.0]
# schema: astropy-2.0
time PS1_g PS1_i PS1_r PS1_w PS1_y PS1_z swift_uvot_B swift_uvot_U swift_uvot_uvm2 swift_uvot_uvw1 swift_uvot_uvw2 swift_uvot_V johnson_B johnson_I johnson_R johnson_U johnson_V sdss_g sdss_i sdss_r sdss_u sdss_z ATLAS_c ATLAS_o ukirt_H ukirt_J ukirt_K Clear
[from data line 146]
8.837675350701403 11.029928768253026 2.1480999550537305 5.62317073309158 3.655246921587594 -1.3750900934715204 0.04258587137559999 14.569835344817495 21.228779442712415 35.117374746741596 17.194361974786982 19.707378481266627 8.989445461123811 13.365898027851305 0.5945866486317977 3.5646194153567796 20.197778263460673 8.034423125955056 11.842468869567462 2.2293559071667346 5.851659392588022 21.72988497288724 -0.5308417406463839 7.602247302834222 3.149834778224445 -6.3240774713870165 -4.174588175897325 -7.684366151860187 1.3693528778262554
8.897795591182364 11.049914623293802 2.1680858100945244 5.643156588132374 3.6752327766283877 -1.3551042384307266 0.06257172641639386 14.589821199858289 21.24876529775321 35.13736060178238 17.21434782982776 19.72736433630741 9.009431316164605 13.385883882892099 0.6145725036725738 3.5846052703975735 20.217764118501456 8.05440898099585 11.862454724608256 2.2493417622075107 5.871645247628798 21.749870827928035 -0.5108558856056078 7.622233157875016 3.1698206332652212 -6.304091616346223 -4.154602320856531 -7.664380296819411 1.3893387328670492
8.957915831663327 11.069820241169737 2.1879914279704415 5.663062206008291 3.695138394504305 -1.3351986205548094 0.08247734429231102 14.609726817734206 21.268670915629126 35.1572662196583 17.234253447703676 19.747269954183334 9.029336934040522 13.405789500768016 0.6344781215484909 3.6045108882734906 20.237669736377384 8.074314598871768 11.882360342484173 2.2692473800834456 5.8915508655047155 21.769776445803952 -0.4909502677296729 7.642138775750933 3.189726251141156 -6.2841859984703055 -4.134696702980614 -7.644474678943476 1.4092443507429664
9.018036072144287 11.089666748825735 2.2078379356264577 5.6829087136643075 3.714984902160321 -1.315352112898811 0.10232385194832716 14.629573325390222 21.288517423285143 35.17711272731432 17.254099955359692 19.767116461839343 9.04918344169652 13.425636008424032 0.6543246292045071 3.624357395929507 20.25751624403339 8.094161106527784 11.902206850140189 2.289093887739444 5.911397373160732 21.78962295345997 -0.4711037600736745 7.661985283406949 3.2095727587971545 -6.264339490814289 -4.114850195324598 -7.624628171287478 1.4290908583989648
9.07815631262525 11.1094536154644 2.2276248022651224 5.702695580302972 3.7347717687989856 -1.2955652462601286 0.12211071858699185 14.649360192028887 21.308304289923807 35.19689959395298 17.273886821998357 19.786903328478008 9.068970308335185 13.445422875062697 0.6741114958431718 3.6441442625681715 20.277303110672058 8.113947973166448 11.921993716778854 2.3088807543781087 5.931184239799396 21.809409820098633 -0.4513168934350098 7.681772150045614 3.2293596254358192 -6.244552624175625 -4.095063328685933 -7.604841304648813 1.4488777250376295
9.138276553106213 11.12918115176182 2.2473523385625427 5.722423116600375 3.754499305096388 -1.275837709962726 0.14183825488441215 14.669087728326307 21.32803182622122 35.216627130250394 17.293614358295777 19.80663086477543 9.088697844632605 13.465150411360117 0.6938390321405921 3.6638717988655918 20.297030646969468 8.13367550946385 11.941721253076256 2.328608290675529 5.950911776096817 21.829137356396046 -0.4315893571375895 7.701499686343016 3.2490871617332395 -6.224825087878222 -4.075335792388531 -7.585113768351393 1.4686052613350498
9.198396793587174 11.148849942899286 2.267021129699991 5.742091907737841 3.774168096233854 -1.25616891882526 0.1615070460218604 14.688756519463755 21.347700617358676 35.23629592138786 17.313283149433243 19.826299655912887 9.108366635770071 13.484819202497565 0.7135078232780403 3.68354059000304 20.316699438106934 8.153344300601317 11.961390044213722 2.348277081812995 5.970580567234283 21.8488061475335 -0.4119205660001235 7.721168477480482 3.2687559528707055 -6.205156296740756 -4.055667001251065 -7.565444977213927 1.4882740524725158
9.258517034068136 11.168460784638423 2.286631971439146 5.761702749476996 3.793778937973009 -1.236558077086105 0.18111788776101534 14.70836736120291 21.36731145909783 35.255906763127 17.33289399117238 19.84591049765203 9.127977477509226 13.50443004423672 0.7331186650171952 3.703151431742195 20.33631027984608 8.172955142340472 11.981000885952877 2.367887923552132 5.99019140897342 21.868416989272657 -0.3923097242609863 7.740779319219637 3.2883667946098427 -6.185545455001601 -4.03605615951191 -7.54583413547479 1.507884894211653
9.318637274549097 11.188014572595666 2.3061857593963886 5.781256537434238 3.813332725930252 -1.2170042891288624 0.20067167571825806 14.727921149160153 21.386865247055074 35.275460551084244 17.352447779129623 19.86546428560928 9.147531265466469 13.523983832193963 0.752672452974438 3.7227052196994377 20.355864067803324 8.192508930297715 12.00055467391012 2.3874417115093927 6.009745196930663 21.8879707772299 -0.37275593630372583 7.76033310717688 3.3079205825670854 -6.165991667044358 -4.016502371554667 -7.526280347517529 1.5274386821689134
9.37875751503006 11.207512089640623 2.325683276441346 5.800754054479178 3.8328302429752092 -1.1975067720839228 0.22016919276321545 14.74741866620511 21.406362764100024 35.294958068129205 17.37194529617458 19.88496180265423 9.167028782511409 13.54348134923892 0.7721699700193954 3.742202736744395 20.375361584848278 8.212006447342654 12.020052190955077 2.4069392285543323 6.02924271397562 21.90746829427485 -0.3532584192587862 7.779830624221837 3.327418099612043 -6.146494149999419 -3.9970048545097274 -7.50678283047259 1.546936199213853
9.438877755511022 11.22695411814913 2.3451253049498355 5.820196082987685 3.8522722714836988 -1.1780647435754155 0.23961122127170498 14.7668606947136 21.42580479260852 35.314400096637705 17.391387324683087 19.90440383116273 9.186470811019916 13.56292337774741 0.7916119985278849 3.7616447652528846 20.39480361335678 8.231448475851161 12.039494219463567 2.4263812570628396 6.048684742484127 21.926910322783346 -0.3338163907502789 7.799272652730327 3.34686012812055 -6.1270521214909115 -3.97756282600122 -7.487340801964082 1.5663782277223604
9.498997995991983 11.246341513451767 2.36451270025249 5.83958347829034 3.8716596667863534 -1.1586773482727608 0.25899861657435963 14.786248090016255 21.445192187911175 35.33378749194035 17.410774719985724 19.923791226465386 9.20585820632257 13.582310773050065 0.8109993938305395 3.7810321605555393 20.414191008659422 8.250835871153816 12.058881614766221 2.4457686523654942 6.068072137786764 21.946297718086 -0.31442899544762426 7.8186600480329815 3.366247523423187 -6.107664726188257 -3.9581754306985655 -7.467953406661428 1.585765623025015
9.559118236472946 11.265674991486332 2.383846178287037 5.858916956324887 3.8909931448209 -1.1393438702382142 0.2783320946089063 14.805581568050819 21.46452566594573 35.3531209699749 17.43010819802029 19.943124704499933 9.225191684357117 13.601644251084611 0.830332871865104 3.800365638590086 20.43352448669398 8.270169349188363 12.078215092800768 2.465102130400041 6.0874056158213286 21.965631196120547 -0.2950955174130776 7.837993526067528 3.3855810014577514 -6.08833124815371 -3.938841952664019 -7.448619928626881 1.6050991010595617
9.619238476953907 11.28495518959598 2.403126376396685 5.878197154434535 3.910273342930548 -1.1200636721285662 0.29761229271855427 14.82486176616045 21.48380586405537 35.372401168084544 17.449388396129937 19.96240490260958 9.244471882466765 13.62092444919426 0.8496130699747342 3.819645836699734 20.452804684803628 8.28944954729801 12.097495290910416 2.484382328509689 6.106685813930959 21.984911394230195 -0.2758153193034296 7.857273724177176 3.4048611995673994 -6.069051050044062 -3.919561754554371 -7.429339730517233 1.6243792991692096
9.67935871743487 11.304182875582942 2.422354062383665 5.897424840421497 3.929501028917528 -1.100835986141604 0.31683997870553426 14.84408945214743 21.50303355004234 35.39162885407152 17.4686160821169 19.98163258859655 9.263699568453728 13.64015213518124 0.8688407559617142 3.838873522686714 20.4720323707906 8.30867723328499 12.116722976897396 2.503610014496651 6.125913499917939 22.004139080217165 -0.2565876333164674 7.876501410164156 3.4240888855543616 -6.0498233640571 -3.9003340685674086 -7.410112044530271 1.6436069851561719
9.739478957915832 11.32335867870502 2.4415298655057427 5.916600643543575 3.948676832039606 -1.081660183019526 0.33601578182761216 14.863265255269507 21.52220935316442 35.4108046571936 17.487791885238977 20.00080839171863 9.282875371575805 13.659327938303317 0.8880165590837921 3.858049325808792 20.491208173912675 8.327853036407069 12.135898780019474 2.522785817618729 6.145089303040017 22.023314883339246 -0.2374118301943895 7.895677213286234 3.4432646886764395 -6.030647560935022 -3.8811582654453307 -7.390936241408193 1.6627827882782498
9.799599198396793 11.342483120387499 2.4606543071882214 5.935725085226071 3.9678012737220847 -1.0625357413370473 0.3551402235100909 14.882389696951986 21.541333794846906 35.42992909887608 17.506916326921456 20.019932833401107 9.301999813258284 13.678452379985796 0.9071410007662708 3.8771737674912705 20.510332615595154 8.346977478089547 12.155023221701953 2.5419102593012077 6.164213744722495 22.042439325021732 -0.21828738851191076 7.914801654968713 3.4623891303589183 -6.011523119252526 -3.862033823762834 -7.371811799725714 1.6819072299607285
9.859719438877756 11.361556858624375 2.479728045425098 5.95479882346293 3.9868750119589436 -1.0434620031001707 0.3742139617469675 14.901463435188862 21.560407533083776 35.44900283711295 17.525990065158332 20.039006571637973 9.32107355149516 13.697526118222655 0.9262147390031474 3.8962475057281294 20.529406353832023 8.366051216326406 12.174096959938812 2.5609839975380844 6.183287482959372 22.0615130632586 -0.19921365027503413 7.933875393205572 3.481462868595795 -5.992449381015667 -3.8429600855259753 -7.352738061488838 1.7009809681976051
9.919839679358716 11.380580445717143 2.498751632517866 5.973822410555698 4.0058985990517115 -1.0244384160074027 0.3932375488397355 14.92048702228163 21.579431120176544 35.46802642420571 17.5450136522511 20.05803015873074 9.340097138587929 13.71654970531544 0.9452383260959154 3.9152710928208974 20.54842994092479 8.385074803419174 12.19312054703158 2.5800075846308523 6.20231107005214 22.08053665035137 -0.18019006318226616 7.95289898029834 3.500486455688563 -5.973425793922899 -3.8239364984332074 -7.33371447439607 1.720004555290373
9.97995991983968 11.399554342440261 2.517725529240984 5.992796307278834 4.024872495774847 -1.0054645192842848 0.4122114455628534 14.939460919004748 21.59840501689967 35.48700032092884 17.563987548974218 20.07700405545387 9.359071035311047 13.735523602038558 0.9642122228190333 3.934244989544033 20.567403837647916 8.40404870014231 12.212094443754715 2.5989814813539702 6.221284966775258 22.099510547074495 -0.16121616645914827 7.971872877021475 3.5194603524116808 -5.954451897199763 -3.8049626017100717 -7.314740577672952 1.738978452013491
10.040080160320642 11.418479063044504 2.536650249845227 6.011721027883077 4.04379721637909 -0.986539798680024 0.4311361661670965 14.958385639608991 21.617329737503912 35.50592504153308 17.58291226957846 20.095928776058113 9.37799575591529 13.754448322642801 0.9831369434232764 3.953169710148276 20.586328558252163 8.422973420746553 12.231019164358958 2.6179062019582133 6.240209687379501 22.118435267678738 -0.14229144585490516 7.990797597625718 3.538385073015924 -5.93552717659552 -3.7860378811058286 -7.295815857068709 1.757903172617734
10.100200400801603 11.43735511288872 2.5555262996894434 6.030597077727293 4.062673266223307 -0.9676637488358075 0.4500122160113129 14.977261689453208 21.63620578734813 35.5248010913773 17.601788319422678 20.114804825902336 9.396871805759524 13.773324372487018 1.0020129932674928 3.9720457599924925 20.60520460809638 8.44184947059077 12.249895214203175 2.6367822518024475 6.259085737223717 22.137311317522954 -0.12341539601067097 8.009673647469935 3.5572611228601403 -5.916651126751304 -3.767161831261612 -7.276939807224474 1.7767792224619683
10.160320641282565 11.456182914317274 2.574354101117997 6.049424879155829 4.08150106765186 -0.9488359474072716 0.4688400174398666 14.996089490881761 21.655033588776675 35.54362889280585 17.62061612085123 20.133632627330883 9.41569960718806 13.792152173915571 1.0208407946960465 3.990873561421046 20.624032409524922 8.460677272019305 12.26872301563171 2.6556100532309834 6.277913538652271 22.1561391189515 -0.10458759458213507 8.02850144889847 3.576088924288694 -5.897823325322768 -3.7483340298330763 -7.2581120057959385 1.7956070238905042
10.220440881763526 11.474962838685308 2.5931340254860125 6.068204803523862 4.100280992019876 -0.9300560230392385 0.48761994180788193 15.014869415249777 21.673813513144697 35.56240881717388 17.639396045219264 20.152412551698905 9.434479531556093 13.810932098283587 1.0396207190640618 4.0096534857890616 20.642812333892955 8.479457196387338 12.287502939999744 2.6743899775990165 6.296693463020304 22.174919043319523 -0.08580767021410196 8.047281373266504 3.594868848656727 -5.8790434009547345 -3.729554105465043 -7.239332081427905 1.8143869482585373
10.280561122244489 11.493695354663078 2.611866541463801 6.086937319501651 4.119013507997664 -0.9113235070614678 0.5063524577856704 15.033601931227565 21.692546029122486 35.581141333151656 17.658128561197035 20.171145067676687 9.453212047533864 13.829664614261375 1.0583532350418503 4.02838600176685 20.661544849870737 8.498189712365127 12.306235455977532 2.6931224935767872 6.315425978998075 22.19365155929731 -0.06707515423633126 8.066013889244292 3.6136013646344978 -5.860310884976946 -3.7108215894872547 -7.220599565450135 1.833119464236308
10.34068136272545 11.512380838504086 2.6305520253048087 6.105622803342641 4.137698991838654 -0.89263802322046 0.5250379416266782 15.052287415068573 21.711231512963487 35.59982681699265 17.676814045038043 20.189830551517684 9.471897531374871 13.848350098102365 1.077038718882858 4.04707148560784 20.680230333711734 8.516875196206117 12.324920939818522 2.711807977417795 6.334111462839083 22.212337043138312 -0.04838967039532349 8.084699373085282 3.6322868484755055 -5.841625401135956 -3.6921361056462647 -7.201914081609127 1.8518049480773158
10.400801603206412 11.531019590640454 2.649190777441177 6.124261555479027 4.15633774397504 -0.8739992710840738 0.5436766937630466 15.070926167204941 21.729870265099862 35.618465569129036 17.69545279717441 20.208469303654073 9.490536283511258 13.866988850238751 1.0956774710192265 4.065710237744226 20.69886908584811 8.535513948342503 12.343559691954908 2.730446729554181 6.352750214975451 22.230975795274688 -0.029750918258937276 8.103338125221669 3.650925600611874 -5.82298664899957 -3.6734973535098785 -7.183275329472741 1.870443700213702
10.460921843687375 11.549611993709004 2.6677831805097263 6.142853958547576 4.17493014704359 -0.8554068680155247 0.5622690968315958 15.08951857027349 21.74846266816841 35.63705797219758 17.71404520024296 20.22706170672262 9.509128686579807 13.8855812533073 1.1142698740877757 4.084302640812775 20.717461488916662 8.554106351411052 12.362152095023458 2.7490391326227304 6.371342618044 22.249568198343237 -0.01115851519038813 8.121930528290218 3.669518003680423 -5.804394245931021 -3.6549049504413293 -7.164682926404192 1.8890361032822511
10.521042084168336 11.568158392211831 2.686329579012554 6.161400357050386 4.193476545546417 -0.8368604695127146 0.5808154953344236 15.108064968776318 21.76700906667123 35.65560437070041 17.73259159874579 20.24560810522544 9.527675085082617 13.904127651810128 1.1328162725906035 4.102849039315603 20.73600788741949 8.57265274991388 12.380698493526285 2.7675855311255404 6.389889016546828 22.268114596846054 0.007387883312421906 8.140476926793045 3.688064402183251 -5.785847847428193 -3.6363585519385193 -7.1461365279013815 1.9075825017850612
