web/models/kne/29/mosfit_kn_0.001513_0.4530_10.0000.dat
# %ECSV 1.0
# ---
# datatype:
# - {name: time, datatype: float64}
# - {name: PS1_g, datatype: float64}
# - {name: PS1_i, datatype: float64}
# - {name: PS1_r, datatype: float64}
# - {name: PS1_w, datatype: float64}
# - {name: PS1_y, datatype: float64}
# - {name: PS1_z, datatype: float64}
# - {name: swift_uvot_B, datatype: float64}
# - {name: swift_uvot_U, datatype: float64}
# - {name: swift_uvot_uvm2, datatype: float64}
# - {name: swift_uvot_uvw1, datatype: float64}
# - {name: swift_uvot_uvw2, datatype: float64}
# - {name: swift_uvot_V, datatype: float64}
# - {name: johnson_B, datatype: float64}
# - {name: johnson_I, datatype: float64}
# - {name: johnson_R, datatype: float64}
# - {name: johnson_U, datatype: float64}
# - {name: johnson_V, datatype: float64}
# - {name: sdss_g, datatype: float64}
# - {name: sdss_i, datatype: float64}
# - {name: sdss_r, datatype: float64}
# - {name: sdss_u, datatype: float64}
# - {name: sdss_z, datatype: float64}
# - {name: ATLAS_c, datatype: float64}
# - {name: ATLAS_o, datatype: float64}
# - {name: ukirt_H, datatype: float64}
# - {name: ukirt_J, datatype: float64}
# - {name: ukirt_K, datatype: float64}
# - {name: Clear, datatype: float64}
# meta: !!omap
# - comment: [kappa = 10.0, type = rprocess, mass = 0.001513321957917195, velocity = 0.45299999999999996, theta_obs = 0.0, tfloor = 1000.0]
# schema: astropy-2.0
time PS1_g PS1_i PS1_r PS1_w PS1_y PS1_z swift_uvot_B swift_uvot_U swift_uvot_uvm2 swift_uvot_uvw1 swift_uvot_uvw2 swift_uvot_V johnson_B johnson_I johnson_R johnson_U johnson_V sdss_g sdss_i sdss_r sdss_u sdss_z ATLAS_c ATLAS_o ukirt_H ukirt_J ukirt_K Clear
[from data line 147]
8.897795591182364 13.772571746124385 4.890742932925107 8.365813710962957 6.397889899458971 1.3675528843998563 2.785228849246977 17.31247832268887 23.971422420583792 37.860017724612966 19.937004952658352 22.450021459138004 11.732088438995188 16.10854100572268 3.3372296265031567 6.307262393228156 22.94042124133204 10.777066103826433 14.585111847438839 4.971998885038111 8.594302370459381 24.472527950758618 2.211801237224993 10.344890280705599 5.892477756095804 -3.5814344935156397 -1.4319451980259488 -4.941723173988811 4.111995855697632
8.957915831663327 13.80293712632401 4.9211083131247335 8.396179091162583 6.428255279658597 1.3979182645994825 2.815594229446603 17.342843702888498 24.00178780078342 37.89038310481259 19.96737033285798 22.48038683933762 11.762453819194814 16.138906385922308 3.367595006702783 6.337627773427783 22.970786621531666 10.80743148402606 14.615477227638465 5.00236426523772 8.624667750659007 24.502893330958244 2.2421666174246013 10.375255660905225 5.92284313629543 -3.5510691133160135 -1.4015798178263226 -4.911357793789202 4.142361235897241
9.018036072144287 13.833152221102516 4.951323407903221 8.42639418594107 6.458470374437084 1.42813335937797 2.8458093242250904 17.373058797666985 24.032002895561906 37.92059819959109 19.997585427636462 22.510601934116114 11.792668913973301 16.169121480700795 3.397810101481288 6.36784286820627 23.001001716310164 10.837646578804547 14.645692322416952 5.032579360016225 8.654882845437513 24.53310842573673 2.2723817122031065 10.405470755683712 5.9530582310739355 -3.520854018537526 -1.3713647230478352 -4.881142699010697 4.172576330675746
9.07815631262525 13.863216476785194 4.981387663585899 8.456458441623749 6.488534630119762 1.458197615060648 2.8758735799077684 17.403123053349663 24.062067151244584 37.950662455273765 20.027649683319144 22.540666189798795 11.82273316965598 16.199185736383473 3.427874357163966 6.397907123888948 23.03106597199284 10.867710834487225 14.67575657809963 5.062643615698903 8.68494710112019 24.56317268141941 2.3024459678857845 10.43553501136639 5.9831224867566135 -3.490789762854848 -1.3413004673651572 -4.851078443328019 4.202640586358424
9.138276553106213 13.893130223101906 5.011301409902611 8.48637218794046 6.518448376436474 1.48811136137736 2.9057873262244804 17.433036799666375 24.091980897561296 37.98057620159047 20.057563429635852 22.570579936115504 11.852646915972691 16.229099482700185 3.457788103480678 6.42782087020566 23.060979718309554 10.897624580803937 14.705670324416342 5.092557362015615 8.714860847436903 24.59308642773612 2.3323597142024965 10.465448757683102 6.013036233073326 -3.460876016538136 -1.3113867210484451 -4.821164697011307 4.232554332675136
9.198396793587174 13.922894396307992 5.041065583108697 8.516136361146547 6.54821254964256 1.517875534583446 2.9355514994305665 17.46280097287246 24.121745070767382 38.010340374796556 20.087327602841942 22.600344109321593 11.882411089178778 16.25886365590627 3.4875522766867464 6.457585043411746 23.09074389151563 10.927388754010023 14.735434497622428 5.122321535221701 8.744625020642971 24.622850600942208 2.3621238874085826 10.495212930889188 6.042800406279394 -3.43111184333205 -1.281622547842359 -4.791400523805221 4.262318505881222
9.258517034068136 13.95251000528356 5.070681192084283 8.545751970122133 6.577828158618146 1.5474911435590322 2.9651671084061526 17.492416581848047 24.151360679742968 38.03995598377214 20.116943211817524 22.62995971829717 11.912026698154364 16.288479264881857 3.5171678856623325 6.487200652387332 23.12035950049122 10.957004362985609 14.765050106598014 5.1519371441972694 8.774240629618557 24.652466209917794 2.391739496384151 10.524828539864775 6.07241601525498 -3.401496234356464 -1.252006938866773 -4.7617849148296525 4.291934114856808
9.318637274549097 13.98197811791956 5.100149304720283 8.575220082758115 6.607296271254146 1.576959256195014 2.9946352210421523 17.521884694484047 24.18082879237896 38.06942409640814 20.146411324453517 22.65942783093317 11.941494810790346 16.317947377517857 3.546635998298332 6.516668765023332 23.149827613127215 10.986472475621591 14.794518219234014 5.181405256833269 8.803708742254557 24.681934322553786 2.4212076090201506 10.554296652500774 6.10188412789098 -3.372028121720482 -1.222538826230791 -4.732316802193653 4.32140222749279
9.37875751503006 14.011300022589719 5.1294712093904415 8.604541987428274 6.636618175924305 1.6062811608651728 3.023957125712311 17.551206599154206 24.210150697049116 38.09874600107829 20.175733229123676 22.688749735603327 11.970816715460504 16.347269282188016 3.575957902968491 6.545990669693491 23.179149517797367 11.01579438029175 14.823840123904155 5.210727161503428 8.833030646924716 24.71125622722394 2.4505295136903094 10.583618557170915 6.131206032561138 -3.3427062170503232 -1.1932169215606323 -4.702994897523494 4.350724132162949
9.438877755511022 14.040476906905788 5.1586480937065105 8.63371887174436 6.665795060240374 1.6354580451812417 3.05313401002838 17.580383483470275 24.23932758136519 38.12792288539437 20.204910113439745 22.717926619919396 11.999993599776573 16.376446166504085 3.60513478728456 6.5751675540095595 23.208326402113443 11.044971264607836 14.853017008220242 5.239904045819497 8.862207531240784 24.740433111540014 2.4797063980063783 10.612795441487002 6.160382916877207 -3.3135293327342366 -1.1640400372445456 -4.673818013207425 4.3799010164790175
9.498997995991983 14.06950987403544 5.187681060836162 8.662751838874012 6.694828027370026 1.6644910123108936 3.082166977158032 17.609416450599927 24.268360548494847 38.15695585252402 20.233943080569396 22.746959587049048 12.029026566906225 16.405479133633737 3.6341677544142117 6.604200521139211 23.237359369243094 11.074004231737488 14.882049975349894 5.268937012949149 8.891240498370436 24.769466078669673 2.50873936513603 10.641828408616654 6.189415884006859 -3.2844963656045847 -1.1350070701148938 -4.644785046077773 4.408933983608669
9.559118236472946 14.09840020792318 5.216571394723903 8.691642172761753 6.723718361257767 1.6933813461986524 3.111057311045773 17.638306784487668 24.29725088238259 38.18584618641176 20.262833414457138 22.77584992093679 12.057916900793966 16.434369467521478 3.663058088301953 6.6330908550269525 23.26624970313084 11.10289456562523 14.910940309237635 5.29782734683689 8.920130832258177 24.798356412557414 2.5376296990237712 10.670718742504395 6.2183062178946 -3.2556060317168436 -1.1061167362271527 -4.615894712190032 4.4378243174964105
9.619238476953907 14.127149112608528 5.245320299409233 8.720391077447083 6.752467265943096 1.722130250883982 3.1398062157311024 17.667055689172997 24.325999787067918 38.21459509109709 20.291582319142474 22.804598825622126 12.086665805479313 16.463118372206807 3.6918069929872823 6.661839759712282 23.294998607816176 11.131643470310559 14.939689213922964 5.326576251522237 8.948879736943507 24.827105317242744 2.5663786037091185 10.699467647189724 6.2470551225799476 -3.226857127031514 -1.0773678315418231 -4.587145807504685 4.466573222181758
9.67935871743487 14.155757667017799 5.273928853818521 8.748999631856353 6.781075820352367 1.7507388052932527 3.168414770140391 17.695664243582286 24.354608341477196 38.24320364550637 20.32019087355175 22.8332073800314 12.115274359888584 16.491726926616078 3.7204155473965708 6.690448314121553 23.323607162225446 11.16025202471983 14.968297768332235 5.355184805931508 8.977488291352795 24.85571387165202 2.594987158118389 10.728076201598995 6.275663676989218 -3.1982485726222434 -1.0487592771325525 -4.558537253095414 4.4951817765910285
9.739478957915832 14.18422709018646 5.302398276987166 8.777469055025016 6.809545243521029 1.7792082284619148 3.1968841933090353 17.72413366675093 24.38307776464585 38.27167306867502 20.348660296720407 22.86167680320006 12.143743783057246 16.52019634978474 3.748884970565215 6.718917737290215 23.3520765853941 11.188721447888492 14.996767191500897 5.38365422910017 9.00595771452144 24.884183294820676 2.6234565812870514 10.756545624767657 6.30413310015788 -3.169779149453581 -1.0202898539638903 -4.530067829926752 4.523651199759691
9.799599198396793 14.21255858107985 5.330729767880555 8.805800545918405 6.837876734414419 1.8075397193553044 3.225215684202425 17.752465157644338 24.41140925553924 38.30000455956842 20.3769917876138 22.89000829409345 12.172075273950636 16.54852784067813 3.7772164614586226 6.7472492281836045 23.380408076287498 11.217052938781881 15.025098682394287 5.4119857199935595 9.034289205414847 24.912514785714066 2.651788072180441 10.784877115661047 6.33246459105127 -3.1414476585601916 -0.9919583630705008 -4.5017363390333625 4.55198269065308
9.859719438877756 14.240753218026452 5.3589244048271745 8.833995182865007 6.86607137136102 1.8357343563019057 3.253410321149044 17.78065979459094 24.43960389248585 38.32819919651502 20.40518642456041 22.91820293104006 12.200269910897237 16.57672247762475 3.805411098405224 6.775443865130224 23.4086027132341 11.245247575728483 15.053293319340888 5.440180356940161 9.062483842361448 24.940709422660674 2.6799827091270423 10.813071752607648 6.360659227997871 -3.1132530216135903 -0.9637637261238995 -4.473541702086761 4.5801773275996815
9.919839679358716 14.26881211805279 5.386983304853494 8.862054082891344 6.894130271387358 1.8637932563282433 3.2814692211753638 17.808718694617276 24.46766279251218 38.35625809654136 20.43324532458674 22.94626183106639 12.228328810923575 16.60478137765107 3.8334699984315614 6.803502765156543 23.436661613260437 11.27330647575482 15.081352219367226 5.468239256966498 9.090542742387786 24.968768322687005 2.70804160915338 10.841130652633986 6.388718128024209 -3.0851941215872527 -0.9357048260975619 -4.445482802060424 4.608236227626019
9.97995991983968 14.296736481687145 5.414907668487867 8.8899784465257 6.9220546350217305 1.8917176199625985 3.3093935848097367 17.83664305825163 24.49558715614654 38.384182460175715 20.4611696882211 22.974186194700753 12.25625317455793 16.63270574128544 3.8613943620659166 6.831427128790916 23.464585976894803 11.301230839389175 15.10927658300158 5.4961636206008535 9.118467106022141 24.996692686321367 2.735965972787735 10.869055016268359 6.416642491658564 -3.0572697579528976 -0.9077804624632068 -4.417558438426068 4.636160591260374
10.040080160320642 14.324527381489496 5.442698568290201 8.91776934632805 6.949845534824064 1.9195085197649497 3.33718448461207 17.864433958053965 24.523378055948886 38.41197335997807 20.488960588023442 23.001977094503093 12.284044074360281 16.660496641087775 3.889185261868268 6.85921802859325 23.492376876697143 11.329021739191527 15.137067482803932 5.523954520403205 9.146258005824492 25.02448358612371 2.7637568725900863 10.896845916070692 6.444433391460915 -3.0294788581505463 -0.8799895626608555 -4.389767538623717 4.6639514910627256
10.100200400801603 14.352185866655152 5.4703570534558565 8.945427831493706 6.97750401998972 1.9471670049306056 3.364842969777726 17.89209244321964 24.55103654111455 38.43963184514372 20.5166190731891 23.029635579668753 12.311702559525937 16.68815512625343 3.9168437470339237 6.886876513758906 23.5200353618628 11.356680224357182 15.164725967969588 5.551613005568861 9.173916490990148 25.052142071289374 2.791415357755742 10.924504401236348 6.472091876626571 -3.0018203729848905 -0.8523310774951997 -4.362109053458061 4.691609976228381
10.160320641282565 14.379713097117559 5.497884283918282 8.972955061956132 7.005031250452145 1.974694235393013 3.3923702002401512 17.919619673682046 24.57856377157696 38.46715907560614 20.544146303651516 23.057162810131167 12.339229789988345 16.715682356715856 3.944370977496331 6.914403744221331 23.547562592325214 11.384207454819608 15.192253198432013 5.579140236031268 9.201443721452556 25.079669301751785 2.8189425882181496 10.952031631698773 6.499619107088979 -2.9742931425224652 -0.8248038470327744 -4.334581822995654 4.719137206690789
10.220440881763526 14.407110155151628 5.525281341952333 9.000352119990183 7.032428308486196 2.002091293427082 3.4197672582742022 17.947016731716097 24.605960829611018 38.494556133640195 20.571543361685574 23.084559868165226 12.366626848022413 16.743079414749907 3.971768035530382 6.941800802255382 23.574959650359276 11.411604512853659 15.219650256466064 5.606537294065337 9.228840779486625 25.107066359785843 2.8463396462522184 10.979428689732824 6.527016165123047 -2.9468960844884142 -0.7974067889987234 -4.307184764961585 4.746534264724858
10.280561122244489 14.434378041186395 5.552549227987118 9.027620006024968 7.059696194520981 2.0293591794618493 3.4470351443089875 17.974284617750882 24.633228715645792 38.52182401967497 20.598811247720352 23.111827754200004 12.39389473405718 16.770347300784692 3.9990359215651674 6.969068688290167 23.602227536394054 11.438872398888444 15.24691814250085 5.633805180100104 9.256108665521392 25.134334245820618 2.873607532286986 11.00669657576761 6.554284051157815 -2.919628198453629 -0.7701389029639559 -4.279916878926818 4.773802150759625
10.34068136272545 14.46151784662371 5.579689033424433 9.054759811462283 7.086835999958296 2.056498984899182 3.4741749497463026 18.001424423188197 24.660368521083118 38.54896382511229 20.625951053157674 23.13896755963732 12.421034539494514 16.797487106222007 4.0261757270024825 6.996208493727482 23.62936734183137 11.466012204325759 15.274057947938164 5.660944985537419 9.283248470958707 25.161474051257944 2.900747337724301 11.033836381204924 6.58142385659513 -2.892488393016314 -0.7429990975266231 -4.2527770734895025 4.800941956196958
10.400801603206412 14.488530658691463 5.606701845492186 9.081772623530018 7.113848812026049 2.083511796966917 3.501187761814055 18.02843723525595 24.68738133315086 38.57597663718004 20.65296386522542 23.16598037170507 12.448047351562249 16.82449991828976 4.053188539070235 7.023221305795235 23.65638015389912 11.493025016393494 15.301070760005917 5.687957797605172 9.31026128302646 25.188486863325686 2.9277601497920536 11.060849193272677 6.608436668662883 -2.865475580948579 -0.7159862854588882 -4.22576426142175 4.827954768264693
10.460921843687375 14.515417476137067 5.63358866293779 9.108659440975622 7.140735629471635 2.110398614412521 3.528074579259659 18.055324052701554 24.714268150596467 38.60286345462564 20.679850682671013 23.192867189150665 12.474934169007852 16.851386735735346 4.080075356515839 7.050108123240821 23.683266971344715 11.519911833839098 15.327957577451503 5.714844615050776 9.337148100472064 25.215373680771293 2.9546469672376574 11.087736010718263 6.635323486108486 -2.838588763502975 -0.6890994680132844 -4.198877443976146 4.854841585710297
10.521042084168336 14.542179295673225 5.660350482473948 9.13542126051178 7.167497449007794 2.1371604339486794 3.5548363987958176 18.082085872237712 24.741029970132622 38.629625274161796 20.706612502207175 23.219629008686827 12.50169598854401 16.878148555271505 4.1068371760519975 7.0768699427769794 23.710028790880873 11.546673653375256 15.354719396987662 5.741606434586934 9.363909920008222 25.242135500307448 2.981408786773816 11.114497830254422 6.662085305644645 -2.8118269439668166 -0.6623376484771258 -4.1721156244399875 4.881603405246455
10.581162324649299 14.568826747707568 5.686997934508291 9.162068712546123 7.194144901042154 2.1638078859830223 3.5814838508301605 18.108733324272055 24.76767742216697 38.65627272619614 20.733259954241525 23.246276460721177 12.528343440578354 16.904796007305865 4.13348462808634 7.10351739481134 23.736676242915223 11.5733211054096 15.381366849022005 5.768253886621277 9.390557372042565 25.268782952341795 3.008056238808159 11.141145282288782 6.688732757678988 -2.7851794919324737 -0.6356901964427829 -4.145468172405645 4.908250857280798
