web/models/kne/29/mosfit_kn_0.077496_0.3433_3.6500.dat
# %ECSV 1.0
# ---
# datatype:
# - {name: time, datatype: float64}
# - {name: PS1_g, datatype: float64}
# - {name: PS1_i, datatype: float64}
# - {name: PS1_r, datatype: float64}
# - {name: PS1_w, datatype: float64}
# - {name: PS1_y, datatype: float64}
# - {name: PS1_z, datatype: float64}
# - {name: swift_uvot_B, datatype: float64}
# - {name: swift_uvot_U, datatype: float64}
# - {name: swift_uvot_uvm2, datatype: float64}
# - {name: swift_uvot_uvw1, datatype: float64}
# - {name: swift_uvot_uvw2, datatype: float64}
# - {name: swift_uvot_V, datatype: float64}
# - {name: johnson_B, datatype: float64}
# - {name: johnson_I, datatype: float64}
# - {name: johnson_R, datatype: float64}
# - {name: johnson_U, datatype: float64}
# - {name: johnson_V, datatype: float64}
# - {name: sdss_g, datatype: float64}
# - {name: sdss_i, datatype: float64}
# - {name: sdss_r, datatype: float64}
# - {name: sdss_u, datatype: float64}
# - {name: sdss_z, datatype: float64}
# - {name: ATLAS_c, datatype: float64}
# - {name: ATLAS_o, datatype: float64}
# - {name: ukirt_H, datatype: float64}
# - {name: ukirt_J, datatype: float64}
# - {name: ukirt_K, datatype: float64}
# - {name: Clear, datatype: float64}
# meta: !!omap
# - comment: [kappa = 3.65, type = rprocess, mass = 0.07749594937791414, velocity = 0.3433333333333334, theta_obs = 0.0, tfloor = 1000.0]
# schema: astropy-2.0
time PS1_g PS1_i PS1_r PS1_w PS1_y PS1_z swift_uvot_B swift_uvot_U swift_uvot_uvm2 swift_uvot_uvw1 swift_uvot_uvw2 swift_uvot_V johnson_B johnson_I johnson_R johnson_U johnson_V sdss_g sdss_i sdss_r sdss_u sdss_z ATLAS_c ATLAS_o ukirt_H ukirt_J ukirt_K Clear
[from data line 463]
27.895791583166332 8.11083643024297 -0.7709923829563081 2.704078395081524 0.7361545835775374 -4.294182431481577 -2.8765064666344387 11.650743006807456 18.30968710470236 32.19828240873154 14.275269636776926 16.788286143256578 6.070353123113754 10.446805689841248 -2.3245056893782587 0.6455270773467234 17.278685925450617 5.115330787945001 8.923376531557405 -0.6897364308433218 2.932567054577966 18.810792634877185 -3.4499340786564403 4.6831549648241655 0.23074244021438872 -9.243169809397072 -7.0936805139073815 -10.603458489870244 -1.549739460183801
27.955911823647295 8.116091183788523 -0.7657376294107721 2.7093331486270777 0.7414093371230912 -4.288927677936023 -2.8712517130889026 11.655997760352992 18.314941858247913 32.203537162277094 14.28052439032248 16.793540896802114 6.075607876659308 10.452060443386802 -2.3192509358327227 0.6507818308922773 17.28394067899617 5.120585541490555 8.92863128510296 -0.684481677297768 2.9378218081235197 18.81604738842274 -3.4446793251108865 4.688409718369719 0.23599719375994255 -9.237915055851518 -7.088425760361828 -10.59820373632469 -1.5444847066382472
28.016032064128254 8.12133561914008 -0.7604931940591975 2.7145775839786346 0.746653772474648 -4.283683242584466 -2.866007277737328 11.661242195704567 18.32018629359947 32.20878159762865 14.285768825674037 16.798785332153688 6.080852312010864 10.457304878738377 -2.314006500481148 0.6560262662438519 17.289185114347728 5.125829976842112 8.933875720454516 -0.6792372419462112 2.9430662434750765 18.821291823774295 -3.4394348897593296 4.693654153721276 0.24124162911149938 -9.232670620499961 -7.083181325010271 -10.592959300973133 -1.5392402712866904
28.076152304609217 8.12656980668276 -0.7552590065165177 2.7198117715213144 0.7518879600173278 -4.278449055041786 -2.860773090194648 11.666476383247247 18.32542048114215 32.214015785171334 14.291003013216717 16.804019519696368 6.086086499553544 10.462539066281039 -2.3087723129384683 0.6612604537865139 17.294419301890407 5.131064164384791 8.939109907997196 -0.6740030544035314 2.9483004310177563 18.826526011316975 -3.43420070221665 4.698888341263956 0.24647581665417917 -9.227436432957282 -7.077947137467591 -10.587725113430453 -1.5340060837440106
28.13627254509018 8.131793821149795 -0.7500349920494997 2.72503578598835 0.7571119744843635 -4.273225040574751 -2.8555490757276125 11.671700397714282 18.330644495609185 32.219239799638366 14.296227027683752 16.809243534163404 6.09131051402058 10.467763080748075 -2.3035482984714326 0.6664844682535496 17.299643316357443 5.136288178851827 8.944333922464232 -0.6687790399364957 2.953524445484792 18.83175002578401 -3.428976687749614 4.704112355730992 0.25169983112121486 -9.222212418490246 -7.072723123000555 -10.582501098963418 -1.528782069276975
28.196392785571142 8.137007737328066 -0.7448210758712115 2.7302497021666206 0.7623258906626518 -4.26801112439648 -2.850335159549342 11.676914313892553 18.335858411787473 32.22445371581664 14.301440943862023 16.814457450341674 6.09652443019885 10.472976996926363 -2.298334382293162 0.6716983844318378 17.304857232535714 5.141502095030098 8.949547838642502 -0.6635651237582252 2.9587383616630625 18.8369639419623 -3.4237627715713437 4.709326271909262 0.25691374729948535 -9.216998502311975 -7.067509206822285 -10.577287182785147 -1.5235681530987044
28.256513026052104 8.14221161828959 -0.7396171949097052 2.7354535831281446 0.767529771624158 -4.262807243434956 -2.8451312785878358 11.68211819485406 18.34106229274898 32.229657596778154 14.306644824823529 16.81966133130318 6.101728311160374 10.47818087788787 -2.293130501331656 0.6769022653933441 17.310061113497238 5.146705975991622 8.954751719604026 -0.6583612427967012 2.9639422426245687 18.842167822923805 -3.4185588906098197 4.714530152870786 0.26211762826100937 -9.211794621350451 -7.062305325860761 -10.572083301823623 -1.5183642721371804
28.316633266533064 8.14740554258055 -0.7344232706187448 2.740647507419105 0.7727236959151185 -4.257613319143996 -2.8399373542968753 11.68731211914502 18.34625621703994 32.23485152106911 14.31183874911449 16.82485525559414 6.106922235451335 10.48337480217883 -2.2879365770406954 0.6820961896843045 17.315255037788198 5.151899900282582 8.959945643894986 -0.6531673185057407 2.969136166915529 18.847361747214766 -3.413364966318859 4.719724077161747 0.2673115525519698 -9.206600697059491 -7.0571114015698 -10.566889377532663 -1.51317034784622
28.376753507014026 8.152589577073854 -0.729239236125423 2.745831541912409 0.7779077304084225 -4.252429284650692 -2.8347533198035535 11.692496153638341 18.351440251533244 32.24003555556242 14.317022783607811 16.830039290087463 6.112106269944639 10.488558836672151 -2.2827525425473736 0.6872802241776086 17.320439072281502 5.157083934775886 8.96512967838829 -0.6479832840124367 2.974320201408851 18.85254578170807 -3.408180931825555 4.724908111655051 0.2724955870452739 -9.201416662566187 -7.051927367076496 -10.561705343039359 -1.5079863133529159
28.43687374749499 8.157763783280085 -0.724065029919192 2.751005748118658 0.7830819366146713 -4.247255078444461 -2.8295791135973225 11.697670359844572 18.356614457739493 32.24520976176866 14.322196989814042 16.835213496293694 6.11728047615087 10.493733042878382 -2.2775783363411426 0.6924544303838573 17.325613278487733 5.162258140982135 8.97030388459454 -0.6428090778062057 2.979494407615082 18.85771998791432 -3.403006725619324 4.730082317861299 0.27766979325150487 -9.196242456359938 -7.046753160870265 -10.556531136833128 -1.502812107146685
28.49699398797595 8.16292825017948 -0.7189005630198153 2.7561702150180345 0.788246403514048 -4.242090611545066 -2.824414646697946 11.702834826743949 18.36177892463887 32.25037422866805 14.327361456713437 16.840377963193088 6.122444943050264 10.498897509777759 -2.272413869441748 0.697618897283234 17.330777745387127 5.1674226078815115 8.975468351493916 -0.6376446109068112 2.9846588745144764 18.862884454813695 -3.3978422587199297 4.735246784760676 0.2828342601508993 -9.191077989460561 -7.041588693970871 -10.551366669933733 -1.4976476402472905
28.557114228456914 8.16808304566063 -0.7137457675386472 2.7613250104992026 0.7934011989952161 -4.236935816063898 -2.8192598512167777 11.707989622225117 18.366933720120038 32.25552902414921 14.332516252194587 16.84553275867424 6.1275997385314325 10.504052305258927 -2.267259073960598 0.7027736927644022 17.335932540868296 5.17257740336268 8.980623146975084 -0.6324898154256609 2.989813669995627 18.868039250294864 -3.3926874632387616 4.740401580241844 0.2879890556320497 -9.185923193979393 -7.036433898489703 -10.546211874452565 -1.4924928447661223
28.617234468937873 8.173228238426535 -0.708600574772742 2.76647020326509 0.7985463917611035 -4.231790623298011 -2.8141146584508725 11.713134814991022 18.372078912885925 32.260674216915106 14.337661444960492 16.850677951440144 6.13274493129732 10.509197498024815 -2.2621138811946926 0.7079188855302896 17.341077733634183 5.177722596128567 8.985768339740972 -0.6273446226597557 2.994958862761532 18.87318444306075 -3.387542270472874 4.745546773007732 0.2931342483979549 -9.180778001213506 -7.031288705723815 -10.541066681686678 -1.4873476520002349
28.677354709418836 8.178363893596234 -0.7034649196030607 2.771605858434789 0.8036820469308026 -4.226654968128312 -2.808979003281191 11.718270470160704 18.377214568055624 32.26580987208481 14.342797100130191 16.855813606609825 6.137880586467019 10.514333153194514 -2.2569782260250113 0.7130545406999886 17.346213388803882 5.182858251298266 8.99090399491067 -0.6222089674900566 3.000094517931231 18.87832009823045 -3.382406615303175 4.750682428177431 0.2982699035676539 -9.175642346043807 -7.026153050554116 -10.535931026516979 -1.4822119968305358
28.7374749498998 8.183490076491378 -0.6983387367079175 2.7767320413299323 0.8088082298259458 -4.221528785233168 -2.803852820386048 11.723396653055847 18.382340750950767 32.27093605497995 14.347923283025334 16.860939789504968 6.143006769362162 10.519459336089657 -2.251852043129868 0.7181807235951319 17.351339571699025 5.187984434193409 8.996030177805814 -0.6170827845949134 3.0052207008263743 18.883446281125593 -3.377280432408032 4.755808611072574 0.30339608646279714 -9.170516163148664 -7.021026867658973 -10.530804843621835 -1.4770858139353926
28.79759519038076 8.188606862100567 -0.6932219510987103 2.7818488269391395 0.8139250154351529 -4.216411999623979 -2.798736034776841 11.728513438665054 18.387457536559975 32.276052840589145 14.353040068634524 16.866056575114175 6.1481235549713515 10.524576121698864 -2.246735257520661 0.723297509204339 17.356456357308215 5.1931012198026165 9.001146963415021 -0.611965998985724 3.0103374864355636 18.8885630667348 -3.3721636467988425 4.760925396681781 0.3085128720719865 -9.165399377539456 -7.015910082049766 -10.525688058012646 -1.4719690283262032
28.857715430861724 8.193714318024963 -0.6881144951743323 2.7869562828635175 0.819032471359531 -4.211304543699583 -2.793628578852463 11.733620894589432 18.392564992484353 32.28116029651353 14.358147524558902 16.871164031038553 6.153231010895747 10.529683577623242 -2.241627801596283 0.728404965128717 17.36156381323261 5.1982086757269945 9.006254419339399 -0.6068585430613282 3.0154449423599416 18.89367052265918 -3.3670561908744467 4.766032852606159 0.3136203279963645 -9.160291921615078 -7.010802626125388 -10.52058060208825 -1.4668615724018075
28.917835671342683 8.198812497762358 -0.6830163154369195 2.7920544626009303 0.8241306510969437 -4.2062063639621705 -2.78853039911505 11.738719074326845 18.397663172221765 32.286258476250936 14.363245704296315 16.876262210775966 6.15832919063316 10.534781757360655 -2.23652962185887 0.7335031448661298 17.366661992970023 5.203306855464407 9.011352599076812 -0.6017603633239332 3.0205431220973544 18.89876870239659 -3.3619580111370517 4.771131032343572 0.3187185077337773 -9.155193741877666 -7.005704446387975 -10.515482422350855 -1.4617633926644125
28.977955911823646 8.203901486541998 -0.6779273266572794 2.7971434513805526 0.8292196398765839 -4.201117375182548 -2.78344141033541 11.743808063106485 18.402752161001406 32.29134746503057 14.368334693075955 16.881351199555606 6.1634181794127825 10.539870746140295 -2.23144063307923 0.7385921336457699 17.371750981749646 5.20839584424403 9.016441587856452 -0.5966713745442931 3.0256321108769946 18.90385769117623 -3.3568690223574116 4.776220021123212 0.32380749651341745 -9.150104753098043 -7.000615457608353 -10.510393433571215 -1.4566744038847723
29.03807615230461 8.208981347094966 -0.6728474661043116 2.8022233119335382 0.8342995004295517 -4.19603751462958 -2.778361549782442 11.748887923659453 18.407832021554373 32.296427325583544 14.373414553628923 16.886431060108574 6.16849803996575 10.544950606693263 -2.226360772526262 0.7436719941987378 17.376830842302613 5.213475704797015 9.02152144840942 -0.5915915139913253 3.0307119714299624 18.9089375517292 -3.3517891618044438 4.78129988167618 0.3288873570663853 -9.145024892545058 -6.995535597055367 -10.505313573018247 -1.4515945433318045
29.09819639278557 8.21405214755357 -0.6677766656457251 2.8072941123921247 0.8393703008881381 -4.190966714170976 -2.7732907493238557 11.75395872411804 18.41290282201296 32.301498126042134 14.378485354087509 16.89150186056716 6.1735688404243545 10.55002140715185 -2.2212899720676758 0.7487427946573242 17.381901642761218 5.218546505255602 9.026592248868006 -0.5865207135327211 3.035782771888549 18.914008352187786 -3.3467183613458396 4.786370682134766 0.3339581575249717 -9.139954092086471 -6.990464796596781 -10.500242772559643 -1.4465237428732003
29.158316633266534 8.219113948420897 -0.6627148647783976 2.8123559132594522 0.8444321017554657 -4.1859049133036486 -2.768228948456528 11.759020524985367 18.417964622880287 32.30655992690946 14.383547154954837 16.896563661434488 6.178630641291682 10.555083208019177 -2.216228171200348 0.7538045955246517 17.386963443628545 5.223608306122929 9.031654049735334 -0.5814589126653935 3.0408445727558764 18.919070153055113 -3.341656560478512 4.791432483002094 0.33901995839229926 -9.134892291219144 -6.985402995729453 -10.495180971692315 -1.4414619420058727
29.218436873747493 8.224166813066827 -0.6576620001324507 2.817408777905399 0.8494849664014126 -4.180852048657702 -2.763176083810581 11.764073389631314 18.423017487526234 32.311612791555405 14.388600019600783 16.901616526080435 6.183683505937629 10.560136072665124 -2.2111753065544013 0.7588574601705986 17.392016308274492 5.228661170768876 9.03670691438128 -0.5764060480194466 3.0458974374018233 18.92412301770106 -3.336603695832565 4.796485347648041 0.34407282303824616 -9.129839426573197 -6.980350131083506 -10.490128107046369 -1.4364090773599258
29.278557114228455 8.229210806247185 -0.6526180069520926 2.822452771085757 0.8545289595817707 -4.175808055477344 -2.758132090630223 11.769117382811672 18.428061480706592 32.31665678473576 14.393644012781142 16.906660519260793 6.188727499117987 10.565180065845482 -2.2061313133740432 0.7639014533509567 17.39706030145485 5.233705163949234 9.041750907561639 -0.5713620548391063 3.0509414305821814 18.929167010881418 -3.331559702652225 4.801529340828399 0.34911681621860424 -9.124795433392839 -6.975306137903148 -10.485084113866028 -1.4313650841795678
29.338677354709418 8.234246001927765 -0.6475828112715298 2.82748796676632 0.8595641552623334 -4.170772859796781 -2.7530968949496604 11.774152578492252 18.433096676387155 32.32169198041634 14.398679208461722 16.911695714941374 6.19376269479855 10.570215261526045 -2.2010961176934627 0.7689366490315195 17.402095497135413 5.238740359629797 9.046786103242201 -0.5663268591585258 3.055976626262762 18.93420220656198 -3.3265245069716443 4.8065645365089615 0.35415201189918477 -9.119760237712276 -6.9702709422225855 -10.480048918185448 -1.426329888499005
29.39879759519038 8.23927244291566 -0.6425563702836179 2.832514407754214 0.8645905962502454 -4.165746418808887 -2.7480704539617484 11.779179019480146 18.438123117375067 32.32671842140423 14.403705649449616 16.916722155929268 6.198789135786444 10.575241702513956 -2.1960696767055685 0.7739630900194314 17.407121938123307 5.243766800617691 9.051812544230113 -0.5613004181706316 3.061003067250656 18.939228647549893 -3.32149806598375 4.8115909774968735 0.35917845288707895 -9.114733796724382 -6.965244501234691 -10.475022477197554 -1.4213034475111108
29.458917835671343 8.2442902046078 -0.6375386085914769 2.837532169446355 0.8696083579423863 -4.160728657116746 -2.7430526922696075 11.784196781172287 18.443140879067208 32.33173618309638 14.408723411141757 16.92173991762141 6.203806897478585 10.580259464206097 -2.1910519150134276 0.7789808517115724 17.412139699815448 5.248784562309832 9.056830305922254 -0.5562826564784906 3.066020828942797 18.944246409242034 -3.316480304291609 4.816608739189014 0.3641962145792199 -9.10971603503224 -6.96022673954255 -10.470004715505413 -1.4162856858189699
29.519038076152302 8.249299360580515 -0.6325294526187619 2.842541325419088 0.8746175139151013 -4.155719501144013 -2.7380435362968925 11.789205937145002 18.448150035039923 32.3367453390691 14.413732567114472 16.926749073594124 6.208816053451318 10.585268620178812 -2.1860427590407125 0.7839900076842874 17.41714885578818 5.253793718282565 9.06183946189497 -0.5512735005057756 3.071029984915512 18.94925556521475 -3.3114711483188763 4.8216178951617295 0.3692053705519349 -9.104706879059508 -6.955217583569818 -10.464995559532698 -1.411276529846237
29.579158316633265 8.254299965609952 -0.6275288475893248 2.847541930448525 0.8796181189445385 -4.150718896114576 -2.7330429312674553 11.79420654217444 18.45315064006936 32.341745944098534 14.41873317214391 16.93174967862356 6.213816658480755 10.59026922520825 -2.1810421540112754 0.7889906127137245 17.422149460817618 5.258794323312002 9.066840066924406 -0.5462728954763385 3.076030589944949 18.954256170244186 -3.306470543289457 4.826618500191167 0.37420597558137203 -9.099706274030071 -6.9502169785403805 -10.45999495450326 -1.4062759248168
