web/models/kne/29/mosfit_kn_0.006452_0.0613_0.5000.dat
# %ECSV 1.0
# ---
# datatype:
# - {name: time, datatype: float64}
# - {name: PS1_g, datatype: float64}
# - {name: PS1_i, datatype: float64}
# - {name: PS1_r, datatype: float64}
# - {name: PS1_w, datatype: float64}
# - {name: PS1_y, datatype: float64}
# - {name: PS1_z, datatype: float64}
# - {name: swift_uvot_B, datatype: float64}
# - {name: swift_uvot_U, datatype: float64}
# - {name: swift_uvot_uvm2, datatype: float64}
# - {name: swift_uvot_uvw1, datatype: float64}
# - {name: swift_uvot_uvw2, datatype: float64}
# - {name: swift_uvot_V, datatype: float64}
# - {name: johnson_B, datatype: float64}
# - {name: johnson_I, datatype: float64}
# - {name: johnson_R, datatype: float64}
# - {name: johnson_U, datatype: float64}
# - {name: johnson_V, datatype: float64}
# - {name: sdss_g, datatype: float64}
# - {name: sdss_i, datatype: float64}
# - {name: sdss_r, datatype: float64}
# - {name: sdss_u, datatype: float64}
# - {name: sdss_z, datatype: float64}
# - {name: ATLAS_c, datatype: float64}
# - {name: ATLAS_o, datatype: float64}
# - {name: ukirt_H, datatype: float64}
# - {name: ukirt_J, datatype: float64}
# - {name: ukirt_K, datatype: float64}
# - {name: Clear, datatype: float64}
# meta: !!omap
# - comment: [kappa = 0.5, type = rprocess, mass = 0.006451950121499907, velocity = 0.061333333333333344, theta_obs = 0.0, tfloor = 1000.0]
# schema: astropy-2.0
time PS1_g PS1_i PS1_r PS1_w PS1_y PS1_z swift_uvot_B swift_uvot_U swift_uvot_uvm2 swift_uvot_uvw1 swift_uvot_uvw2 swift_uvot_V johnson_B johnson_I johnson_R johnson_U johnson_V sdss_g sdss_i sdss_r sdss_u sdss_z ATLAS_c ATLAS_o ukirt_H ukirt_J ukirt_K Clear
[from data line 56]
3.4268537074148293 -10.228681976321496 -12.247182933414216 -11.520152965956942 -11.492041375526085 -12.81297630127506 -12.61234253217335 -9.364260542226177 -8.530166633458549 -3.8362174130829123 -6.553912827742785 -4.584113742781447 -10.881883675631673 -9.46991885912729 -12.863298024821443 -11.945862969899743 -8.639501941951064 -10.966693342666128 -10.034797294055053 -12.237514067337596 -11.507545281757725 -7.754939344985754 -12.672822311717482 -10.815362113806657 -11.885965662289895 -13.15990827196323 -13.106207118823805 -13.040863853747895 -11.761485035459476
3.4869739478957915 -10.07588727758904 -12.159088809438696 -11.406194298780026 -11.386369744988887 -12.751269789936313 -12.5402392133274 -9.188613742186213 -8.302548197555293 -3.4921115604368174 -6.319724618335254 -4.346841974787775 -10.745932877279316 -9.298556528503394 -12.78292850684154 -11.84067840647976 -8.420332697743113 -10.834067994131845 -9.876270515450525 -12.148714057121097 -11.392697275020804 -7.531579803605286 -12.603819991314289 -10.683461312802098 -11.786297392955127 -13.135680679726319 -13.064952005666404 -13.028025163702937 -11.669241074522851
3.5470941883767533 -9.923205964525987 -12.070790989839715 -11.29213603767818 -11.280966228501708 -12.689306351927812 -12.467888880186084 -9.013109495141844 -8.075294413090592 -3.1494510909809064 -6.088808731706674 -4.113997054701425 -10.609896385804475 -9.127423134571181 -12.702349004077337 -11.735460487827247 -8.20145713477218 -10.701415809007935 -9.717879768035491 -12.059712192198617 -11.277727904658708 -7.3084897849159525 -12.534586398933794 -10.551755995408652 -11.686600288884872 -13.1112290501294 -13.0234522933768 -13.014987817704265 -11.577373776971847
3.6072144288577155 -9.770758249754596 -11.982374443250823 -11.178078821260904 -11.175911227652708 -12.627152908446249 -12.395365808313343 -8.837882478434437 -7.848565918623613 -2.8084515598532027 -5.8612451314940195 -3.8855217813294405 -10.473888607227668 -8.956650415334625 -12.62163927532023 -11.630304345461912 -7.983033050442067 -10.568848886814058 -9.559748441345395 -11.970593929198632 -11.162738708732736 -7.085830124699282 -12.465193630718066 -10.42035034329313 -11.586964533307551 -13.086592680354928 -12.981759833262528 -13.001783041766311 -11.485949943825986
3.6673346693386772 -9.618652173861229 -11.893916302295224 -11.064113677944007 -11.07127574319513 -12.564870310179934 -12.32273752993569 -8.663053862256628 -7.622506738667063 -2.4693040412149285 -5.637084513823449 -3.661335685049124 -10.338013048034409 -8.786356621107995 -12.540871731844618 -11.525295839835874 -7.765202182871242 -10.436468484500734 -9.401987394780331 -11.881436840826733 -11.04782160982019 -6.863745419170346 -12.395707190185874 -10.289337404206247 -11.487471374905684 -13.061806974163284 -12.939921631628833 -12.988438742907585 -11.395027749660045
3.727454909819639 -9.46696351155106 -11.805472519786058 -10.950305965276765 -10.967106545872376 -12.502502815505956 -12.250053189822374 -8.488708753173253 -7.397216258166992 -2.1321352557091116 -5.416323192543988 -3.441311443206384 -10.20234388104041 -8.616624491089663 -12.460098926495881 -11.42049650228132 -7.548063042661639 -10.304346988904365 -9.244674259573689 -11.792297196912624 -10.933042739628593 -6.642336380536804 -12.326174693679857 -10.158781344417296 -11.388178678134917 -13.03689703694287 -12.897971567782223 -12.974974368811283 -11.304643466321167
3.787575150300601 -9.31578116035599 -11.71710785221995 -10.83673152164856 -10.863460207906268 -12.440101763885956 -12.17736970846909 -8.314947049568826 -7.172812448574444 -1.797098200251706 -5.198967963651171 -3.225340683934291 -10.066967372269719 -8.447551039485756 -12.379381685118258 -11.315977547009421 -7.331732139439772 -10.172568516656353 -9.087900193024918 -11.703240116496598 -10.818478813423429 -6.421722078489314 -12.25665128214569 -10.028757797149286 -11.28915361534414 -13.01189235843818 -12.85594916176201 -12.96141285285296 -11.214842229386885
3.847695390781563 -9.165129850399687 -11.62884464388604 -10.723414982538682 -10.760345664065838 -12.377685158215428 -12.104707083977555 -8.14179674739971 -6.949324121864251 -1.464218521179677 -4.9849333452449685 -3.013232346715483 -9.931911119661738 -8.279162837628448 -12.298741073539336 -11.211761976057605 -7.116239580114041 -10.041159666623363 -8.931690264097725 -11.6142880640699 -10.704155027810529 -6.201933745899186 -12.187156243706934 -9.899285417608876 -11.190417065052252 -12.98680199555539 -12.813867654166982 -12.947760577104146 -11.125626394709087
3.9078156312625247 -9.01504244594868 -11.54071063102915 -10.610387405836317 -10.657778238434279 -12.315275390287006 -12.032090100495996 -7.969294981743157 -6.726791669104664 -1.1335386766874782 -4.774142697925718 -2.8048137432973195 -9.797210111935268 -8.111495309201157 -12.218203240341598 -11.107878755268239 -6.901626643253238 -9.91015423182274 -8.776077930105313 -11.52546892284585 -10.590103052577362 -5.983013989472052 -12.117713512472612 -9.77039007113147 -11.091995667183028 -12.961637873336167 -12.771743864882266 -12.93402627440395 -11.037004280045544
3.967935871743487 -8.86553208978416 -11.452720459332593 -10.49766402666604 -10.555758979237506 -12.252884646647324 -11.959532190506383 -7.7974567731747255 -6.505228216693979 -0.8050626502450724 -4.566492254522121 -2.599894702334019 -9.662881202530908 -7.944562210433887 -12.137782082773658 -11.004341953869076 -6.687908135711222 -9.779568233082665 -8.621076343776313 -11.436797408674462 -10.476338630004669 -5.764978492813881 -12.048336011410292 -9.642080192175442 -10.993901790998137 -12.93640583540803 -12.72958667114194 -12.92021381401369 -10.94897160519201
4.028056112224449 -8.716616535932467 -11.364891783950828 -10.38526366623488 -10.454292735519708 -12.190527597022847 -11.887049474508764 -7.6263023189663945 -6.2846535379603985 -0.47880425480850075 -4.361884919739172 -2.3983007468436166 -9.528945380177564 -7.778382302263406 -12.05749434157995 -10.901168960621945 -6.475105250108044 -9.649421713740674 -8.466703417887729 -11.34829126101824 -10.362881114620262 -5.547849436431775 -11.979039276101844 -9.514368339448023 -10.896151030904484 -12.911113424680545 -12.687407019896158 -12.906328482531054 -10.861527737667807
4.0881763527054105 -8.56828389706843 -11.277222517777385 -10.273181356081249 -10.353362872371026 -12.128203440067846 -11.81464089790584 -7.455818538911539 -6.06504627000005 -0.15471945539687493 -4.160186653890534 -2.199829568957433 -9.395396325528857 -7.612941850554552 -11.977338271394686 -10.798354862157382 -6.263199244802575 -9.519708021092706 -8.312946543367161 -11.259948363679957 -10.249725894644222 -5.331608356036526 -11.909822195613966 -9.387240962514216 -10.798737608704059 -12.885758934489571 -12.645203784598012 -12.892368196475717 -10.77465305964088
4.148296593186372 -8.420521775469663 -11.189710124288439 -10.161411587620837 -10.25295286160203 -12.065911107505922 -11.742305056611428 -7.285991757514899 -5.8463845197946185 0.16723587211810287 -3.961266035586561 -2.004289594113725 -9.262227095730477 -7.448226551620273 -11.89731172753022 -10.695894250372852 -6.0521707944329 -9.390419910822503 -8.159792596281132 -11.17176614657959 -10.13686780220361 -5.116236172990956 -11.840683336127658 -9.260684180955181 -10.701655313864595 -12.860340708382177 -12.602975751477173 -12.87833099458078 -10.68832834341924
4.208416833667335 -8.273304111836204 -11.102342865534354 -10.049937792353347 -10.153036598053848 -12.003642350575259 -11.67003255032185 -7.116792932879586 -5.62862750667696 0.4871318413656285 -3.764978076920222 -1.8114833806152073 -9.129418033645013 -7.284207148129681 -11.817403961291053 -10.593771395233198 -5.841982191503476 -9.261537748376954 -8.007214391673898 -11.083732784971438 -10.024290511532303 -4.901695073949632 -11.771613530396277 -9.13467219733965 -10.60488806892586 -12.834852930842862 -12.560716175492084 -12.864211667912018 -10.602526098020135
4.268537074148297 -8.126621543112673 -11.015119964897462 -9.93875661420546 -10.053600709057005 -11.941397624422176 -11.59782357120621 -6.94821175060807 -5.411757908509074 0.8050048044808884 -3.571203524740038 -1.6212456560208497 -8.996964666101352 -7.120872654607741 -11.737614512826521 -10.491982937276838 -5.6326184050453705 -9.133056747197637 -7.8552019533424655 -10.995847475803355 -9.91199099676189 -4.687970306278988 -11.702612923633744 -9.009194057870378 -10.508431709282409 -12.809295256955815 -12.518425260280724 -12.850009460872068 -10.517230476218842
4.328657314629258 -7.980439278977727 -10.928023598555185 -9.827844218972608 -9.954613591878978 -11.879163995220079 -11.525663452329642 -6.780209309268531 -5.195723077693195 1.1209402151863452 -3.3797956176961637 -1.4333902267329743 -8.864838974085806 -6.958184277511673 -11.657926962392857 -10.390506414701061 -5.424030083411868 -9.004949173484567 -7.703719125088639 -10.908092272236818 -9.799945578808238 -4.475012150175903 -11.633667279786088 -8.884216542910544 -10.412263772328956 -12.78365940182164 -12.476092786916231 -12.835717348499214 -10.432409641247968
4.38877755511022 -7.834724197582528 -10.841036890357572 -9.7171779575093 -9.856045334609913 -11.816929317259248 -11.453538365191633 -6.612748548933896 -4.980472834312426 1.4350192626276455 -3.1906150739620815 -1.2477437871485928 -8.733014288590077 -6.796105074968789 -11.578325792739854 -10.289320522876501 -5.216170197858975 -8.877188657496243 -7.5527314804410395 -10.820450179936536 -9.688131752869822 -4.2627732180194045 -11.564763196072434 -8.759708057609199 -10.316362941674893 -12.757937739206183 -12.433709254602386 -12.821328915962072 -10.348033548390081
4.448897795591182 -7.689422193354449 -10.754128822833255 -9.606718230413591 -9.75785113964811 -11.754670327913583 -11.381422141626025 -6.445768792439611 -4.765927836520785 1.7473631987724376 -3.0035020796694485 -1.0641177282956025 -8.601444422458837 -6.634575205775363 -11.498782251995749 -10.188388214170978 -5.008963366955783 -8.74972985866705 -7.402182990620787 -10.732889983852836 -9.57650990282838 -4.0511772105409705 -11.49587534259254 -8.635618722769909 -10.220692825264557 -12.732116104795475 -12.391256534127065 -12.806832627451266 -10.264059197277984
4.509018036072144 -7.544568132266445 -10.66732749087139 -9.49649655037943 -9.660051566042913 -11.692410387749135 -11.309340220880024 -6.279309346489753 -4.552133085605874 2.05791856123344 -2.8184120371204098 -0.8824411321909618 -8.470165027842455 -6.473632071298429 -11.41932296933031 -10.087738736860132 -4.802454756124572 -8.62260721471724 -7.252109278455112 -10.645439912155581 -9.465112101779098 -3.8402705878167787 -11.427028370695353 -8.511976948399589 -10.125280681601527 -12.706208577598213 -12.348753128897235 -12.79223946806489 -10.18050188648056
4.569138276553106 -7.400089041637994 -10.58058900526781 -9.386457943311743 -9.562588769525657 -11.630116125623111 -11.237255198963236 -6.113288283116197 -4.338983159781389 2.3668419037507222 -2.6351720299343024 -0.7025206313546337 -8.339112223577871 -6.313195256830934 -11.339907149957284 -9.9873207846857 -4.596543569657918 -8.495758213985257 -7.102434902801296 -10.558055805978057 -9.353883200144484 -3.6299511131751494 -11.358186101576973 -8.388716523997548 -10.030076490363644 -12.68019515425422 -12.306173120705013 -12.777533376506598 -10.097307472954657
4.629258517034068 -7.2559594842386765 -10.493900979245314 -9.276585365764092 -9.465439986379476 -11.56777901405917 -11.165157166916249 -5.947677079974208 -4.126439114978044 2.674196034929907 -2.4536731994612277 -0.524229208525909 -8.208265774902205 -6.1532363265043735 -11.260523515232183 -9.88711844507882 -4.3911934342003995 -8.369162919850782 -6.953133394578419 -10.470725185618122 -9.242806276861497 -3.4201821386152886 -11.289338994432772 -8.265813133977762 -9.935064221620014 -12.654070931413235 -12.263510136861056 -12.762710360196825 -10.014453205428762
4.68937875751503 -7.112154250814164 -10.407251030744078 -9.166861834489648 -9.368582926433984 -11.50539053333647 -11.09303621226207 -5.782447453474965 -3.914462441469446 2.980042633382422 -2.273811801457643 -0.3474477809341745 -8.077605519665216 -5.993727117897961 -11.181160794243212 -9.787115893289144 -4.186368345948665 -8.242801499681319 -6.804178529304821 -10.38343557650359 -9.131864457727037 -3.210927369327674 -11.220477517656473 -8.143242770491739 -9.840227951348304 -12.627831106193186 -12.220757861115457 -12.74776655215996 -9.93191694160112
4.749498997995992 -6.968640442695655 -10.320621497507734 -9.057264081106897 -9.271990009616982 -11.442937999834175 -11.02087780061817 -5.617562453553556 -3.703003997859007 3.2844576326181647 -2.09547954471958 -0.1720552950926577 -7.947104056428398 -5.834631106173113 -11.101802774170483 -9.68729150034574 -3.9820219359810705 -8.116647114846137 -6.655536172262497 -10.296169194963465 -9.021034513169628 -3.0021399237080537 -11.15158768146399 -8.020974795990714 -9.745546205076394 -12.601468466480961 -12.177906764231688 -12.73269622278974 -9.849672040310402
4.809619238476953 -6.825398008432515 -10.234003149389643 -8.94777902210695 -9.175643262047117 -11.380415373387862 -10.948674749234257 -5.452999564147777 -3.4920326926710565 3.5874913892193456 -1.91858817552168 0.0020473841770720647 -7.816745721254564 -5.675925814124735 -11.022441139595227 -9.58763313432571 -3.778125300625874 -7.990684378669017 -6.5071854302351895 -10.2089167370824 -8.910303475666677 -2.7937906958495518 -11.082662619762491 -7.898989930736313 -9.651006639864335 -12.57497986361624 -12.134952556632841 -12.717496897968006 -9.767700531006884
4.869739478957916 -6.68240538751256 -10.147385614875208 -8.838392257010046 -9.079523854484375 -11.317815706349403 -10.876418865595934 -5.288734559923461 -3.2815154296110904 3.8891966520606553 -1.7430518375540411 0.1749551409860186 -7.686513340966184 -5.517587139616275 -10.943066505968321 -9.488127463335793 -3.5746475475692496 -7.864896463445203 -6.359103864565494 -10.121667751850012 -8.799657037966409 -2.5858485343013626 -11.013694498925517 -7.77726765974494 -9.556595777516588 -12.548361668243862 -12.09189027072293 -12.702165754296109 -9.685983834298284
4.929859719438878 -6.53963586786265 -10.060754945643406 -8.729085147104634 -8.983609460735416 -11.25512921977144 -10.80409881764723 -5.1247374066164495 -3.071412010816452 4.189635595162959 -1.5687826187088478 0.3467632757599195 -7.556384862243893 -5.35958538985842 -10.863666139421461 -9.388757252708004 -3.3715508512985726 -7.739261829563408 -6.211263739463266 -10.034408192318143 -8.689076603771948 -2.37827520018163 -10.94467245971785 -7.65578304946688 -9.462296408872497 -12.521608616568452 -12.048712754772664 -12.686698708908446 -9.604500427796623
4.98997995991984 -6.397076730227607 -9.974106421122286 -8.61985018271806 -8.887888091460834 -11.19235339895301 -10.731711319653048 -4.96099380528599 -2.8617018860679977 4.488842893148257 -1.3957130417396253 0.5175455172251877 -7.426351072961073 -5.201906146715544 -10.784235943338551 -9.289515607794272 -3.168816412785269 -7.613771437798175 -6.0636517390930855 -9.947133291298105 -8.57855479952013 -2.1710518336197637 -10.87559342976677 -7.534523482281479 -9.368101262159989 -12.494719837912987 -12.005418559717194 -12.671095169927503 -9.523238041220061
5.050100200400801 -6.254709040091573 -9.887431045893393 -8.510674773910836 -8.792343448016116 -11.129482343773365 -10.65924933574605 -4.797482455383878 -2.6523559118325934 4.786864823436525 -1.2237718007131977 0.687378171103227 -7.296396914471395 -5.044528234929601 -10.704767816330378 -9.190390939865846 -2.9664170572582482 -7.488410590214902 -5.916248154201362 -9.859833983760247 -8.468079115483178 -1.964151020946936 -10.806450717806264 -7.4134709751352545 -9.27399857335919 -12.46769247806341 -11.962003609464452 -12.655353001043624 -9.442180717151363
