web/models/kne/29/villar_0.2183_0.3277_10.0000.dat
# %ECSV 1.0
# ---
# datatype:
# - {name: time, datatype: float64}
# - {name: swift_uvot_uvw2, datatype: float64}
# - {name: swift_uvot_uvm2, datatype: float64}
# - {name: swift_uvot_uvw1, datatype: float64}
# - {name: swift_uvot_U, datatype: float64}
# - {name: swift_uvot_B, datatype: float64}
# - {name: swift_uvot_V, datatype: float64}
# - {name: swift_uvot_W, datatype: float64}
# - {name: johnson_U, datatype: float64}
# - {name: johnson_B, datatype: float64}
# - {name: johnson_V, datatype: float64}
# - {name: johnson_R, datatype: float64}
# - {name: johnson_I, datatype: float64}
# - {name: sdss_u, datatype: float64}
# - {name: sdss_g, datatype: float64}
# - {name: sdss_r, datatype: float64}
# - {name: sdss_i, datatype: float64}
# - {name: sdss_z, datatype: float64}
# - {name: PS1_g, datatype: float64}
# - {name: PS1_r, datatype: float64}
# - {name: PS1_i, datatype: float64}
# - {name: PS1_z, datatype: float64}
# - {name: PS1_Y, datatype: float64}
# - {name: PS1_w, datatype: float64}
# - {name: ATLAS_c, datatype: float64}
# - {name: ATLAS_o, datatype: float64}
# - {name: ukirt_J, datatype: float64}
# - {name: ukirt_H, datatype: float64}
# - {name: ukirt_K, datatype: float64}
# - {name: Clear, datatype: float64}
# meta: !!omap
# - comment: [kappa = 10.0, type = villar, mass = 0.21832694463104688, velocity = 0.32766666666666666, theta_obs = 0.0]
# schema: astropy-2.0
time swift_uvot_uvw2 swift_uvot_uvm2 swift_uvot_uvw1 swift_uvot_U swift_uvot_B swift_uvot_V swift_uvot_W johnson_U johnson_B johnson_V johnson_R johnson_I sdss_u sdss_g sdss_r sdss_i sdss_z PS1_g PS1_r PS1_i PS1_z PS1_Y PS1_w ATLAS_c ATLAS_o ukirt_J ukirt_H ukirt_K Clear
[from data line 349]
32.820079 -7.149 -4.289 -6.734 -8.791 -10.447 -11.6 -9.7 -9.092 -10.491 -11.644 -12.436 -12.948 -8.986 -10.912 -12.108 -12.667 -13.001 -11.154 -12.146 -12.695 -12.975 -13.162 -12.141 -11.535 -12.392 -13.281 -13.246 -13.025 -12.16
33.8127 -6.906 -4.046 -6.491 -8.548 -10.204 -11.357 -9.457 -8.849 -10.248 -11.4 -12.193 -12.705 -8.743 -10.669 -11.865 -12.423 -12.757 -10.911 -11.903 -12.452 -12.732 -12.918 -11.898 -11.292 -12.149 -13.037 -13.003 -12.782 -11.917
34.835342 -6.648 -3.788 -6.232 -8.289 -9.945 -11.098 -9.198 -8.591 -9.989 -11.142 -11.935 -12.446 -8.484 -10.411 -11.607 -12.165 -12.499 -10.653 -11.644 -12.193 -12.473 -12.66 -11.639 -11.033 -11.891 -12.779 -12.744 -12.524 -11.659
35.888913 -6.373 -3.513 -5.958 -8.015 -9.671 -10.824 -8.924 -8.316 -9.715 -10.868 -11.66 -12.172 -8.21 -10.136 -11.332 -11.891 -12.225 -10.378 -11.37 -11.919 -12.199 -12.385 -11.365 -10.759 -11.616 -12.504 -12.47 -12.249 -11.384
36.974349 -6.082 -3.222 -5.667 -7.724 -9.38 -10.533 -8.633 -8.025 -9.424 -10.577 -11.369 -11.881 -7.919 -9.845 -11.041 -11.599 -11.933 -10.087 -11.079 -11.628 -11.908 -12.094 -11.074 -10.468 -11.325 -12.213 -12.179 -11.958 -11.093
38.092613 -5.773 -2.913 -5.358 -7.415 -9.071 -10.224 -8.324 -7.716 -9.115 -10.267 -11.06 -11.572 -7.61 -9.536 -10.732 -11.29 -11.624 -9.778 -10.77 -11.319 -11.599 -11.785 -10.765 -10.159 -11.016 -11.904 -11.87 -11.649 -10.784
39.244698 -5.445 -2.585 -5.029 -7.087 -8.743 -9.896 -7.996 -7.388 -8.787 -9.939 -10.732 -11.244 -7.282 -9.208 -10.404 -10.962 -11.296 -9.45 -10.441 -10.991 -11.271 -11.457 -10.437 -9.831 -10.688 -11.576 -11.542 -11.321 -10.456
40.431627 -5.097 -2.237 -4.681 -6.739 -8.395 -9.547 -7.647 -7.04 -8.438 -9.591 -10.384 -10.895 -6.934 -8.86 -10.056 -10.614 -10.948 -9.102 -10.093 -10.643 -10.922 -11.109 -10.089 -9.482 -10.34 -11.228 -11.193 -10.973 -10.108
41.654454 -4.727 -1.867 -4.312 -6.369 -8.025 -9.178 -7.278 -6.67 -8.069 -9.221 -10.014 -10.526 -6.564 -8.49 -9.686 -10.244 -10.578 -8.732 -9.724 -10.273 -10.553 -10.739 -9.719 -9.113 -9.97 -10.858 -10.824 -10.603 -9.738
42.914265 -4.335 -1.475 -3.919 -5.977 -7.633 -8.785 -6.885 -6.278 -7.676 -8.829 -9.622 -10.133 -6.172 -8.098 -9.294 -9.852 -10.186 -8.34 -9.331 -9.881 -10.16 -10.347 -9.327 -8.72 -9.578 -10.466 -10.431 -10.211 -9.346
44.212178 -3.918 -1.058 -3.503 -5.56 -7.216 -8.369 -6.469 -5.861 -7.26 -8.413 -9.205 -9.717 -5.755 -7.681 -8.877 -9.435 -9.77 -7.923 -8.915 -9.464 -9.744 -9.93 -8.91 -8.304 -9.161 -10.049 -10.015 -9.794 -8.929
45.549345 -3.476 -0.616 -3.061 -5.118 -6.774 -7.927 -6.027 -5.419 -6.818 -7.971 -8.763 -9.275 -5.313 -7.239 -8.435 -8.993 -9.328 -7.481 -8.473 -9.022 -9.302 -9.488 -8.468 -7.862 -8.719 -9.607 -9.573 -9.352 -8.487
46.926954 -3.007 -0.147 -2.592 -4.649 -6.305 -7.458 -5.558 -4.95 -6.349 -7.501 -8.294 -8.806 -4.844 -6.77 -7.966 -8.524 -8.858 -7.012 -8.004 -8.553 -8.833 -9.019 -7.999 -7.393 -8.25 -9.138 -9.104 -8.883 -8.018
48.346227 -2.509 0.351 -2.094 -4.151 -5.807 -6.96 -5.06 -4.452 -5.851 -7.003 -7.796 -8.308 -4.346 -6.272 -7.468 -8.026 -8.36 -6.514 -7.506 -8.055 -8.335 -8.521 -7.501 -6.895 -7.752 -8.64 -8.606 -8.385 -7.52
49.808426 -1.98 0.879 -1.565 -3.622 -5.278 -6.431 -4.531 -3.924 -5.322 -6.475 -7.268 -7.779 -3.817 -5.743 -6.94 -7.498 -7.832 -5.986 -6.977 -7.526 -7.806 -7.993 -6.972 -6.366 -7.223 -8.112 -8.077 -7.856 -6.992
51.314848 -1.419 1.44 -1.004 -3.061 -4.717 -5.87 -3.97 -3.363 -4.761 -5.914 -6.707 -7.218 -3.256 -5.182 -6.379 -6.937 -7.271 -5.425 -6.416 -6.965 -7.245 -7.432 -6.411 -5.805 -6.662 -7.551 -7.516 -7.295 -6.431
52.86683 -0.824 2.036 -0.409 -2.466 -4.122 -5.275 -3.375 -2.767 -4.166 -5.318 -6.111 -6.623 -2.661 -4.587 -5.783 -6.341 -6.675 -4.829 -5.821 -6.37 -6.65 -6.836 -5.816 -5.21 -6.067 -6.955 -6.921 -6.7 -5.835
54.465752 -0.192 2.668 0.223 -1.834 -3.49 -4.643 -2.743 -2.135 -3.534 -4.686 -5.479 -5.991 -2.029 -3.955 -5.151 -5.709 -6.043 -4.197 -5.189 -5.738 -6.018 -6.204 -5.184 -4.578 -5.435 -6.323 -6.289 -6.068 -5.203
56.113031 0.479 3.339 0.894 -1.163 -2.819 -3.972 -2.072 -1.464 -2.863 -4.016 -4.808 -5.32 -1.358 -3.284 -4.48 -5.038 -5.372 -3.526 -4.518 -5.067 -5.347 -5.533 -4.513 -3.907 -4.764 -5.652 -5.618 -5.397 -4.532
57.810132 1.191 4.051 1.606 -0.451 -2.107 -3.26 -1.36 -0.752 -2.151 -3.303 -4.096 -4.608 -0.646 -2.572 -3.768 -4.326 -4.66 -2.814 -3.806 -4.355 -4.635 -4.821 -3.801 -3.195 -4.052 -4.94 -4.906 -4.685 -3.82
59.55856 1.947 4.807 2.362 0.305 -1.351 -2.504 -0.604 0.004 -1.395 -2.548 -3.34 -3.852 0.11 -1.816 -3.012 -3.571 -3.905 -2.058 -3.05 -3.599 -3.879 -4.065 -3.045 -2.439 -3.296 -4.185 -4.15 -3.929 -3.064
61.359868 2.749 5.609 3.164 1.107 -0.549 -1.702 0.198 0.806 -0.593 -1.746 -2.538 -3.05 0.912 -1.014 -2.21 -2.768 -3.102 -1.256 -2.248 -2.797 -3.077 -3.263 -2.243 -1.637 -2.494 -3.382 -3.348 -3.127 -2.262
63.215655 3.6 6.46 4.016 1.958 0.302 -0.85 1.049 1.657 0.259 -0.894 -1.687 -2.198 1.763 -0.163 -1.359 -1.917 -2.251 -0.405 -1.396 -1.946 -2.226 -2.412 -1.392 -0.785 -1.643 -2.531 -2.496 -2.276 -1.411
65.127569 4.504 7.364 4.919 2.862 1.206 0.053 1.953 2.561 1.162 0.01 -0.783 -1.295 2.667 0.741 -0.455 -1.013 -1.347 0.499 -0.493 -1.042 -1.322 -1.508 -0.488 0.118 -0.739 -1.627 -1.593 -1.372 -0.507
67.097308 5.463 8.323 5.879 3.821 2.165 1.013 2.912 3.52 2.122 0.969 0.176 -0.336 3.626 1.7 0.504 -0.054 -0.388 1.458 0.467 -0.083 -0.363 -0.549 0.471 1.078 0.22 -0.668 -0.633 -0.413 0.452
69.126621 6.481 9.341 6.897 4.839 3.183 2.031 3.93 4.538 3.14 1.987 1.194 0.683 4.644 2.718 1.522 0.964 0.63 2.476 1.485 0.935 0.655 0.469 1.489 2.096 1.238 0.35 0.385 0.605 1.47
71.217308 7.562 10.422 7.977 5.92 4.264 3.111 5.011 5.619 4.22 3.067 2.275 1.763 5.725 3.799 2.603 2.045 1.711 3.557 2.565 2.016 1.736 1.55 2.57 3.176 2.319 1.431 1.465 1.686 2.551
73.371227 8.709 11.569 9.124 7.067 5.411 4.258 6.158 6.766 5.367 4.214 3.422 2.91 6.872 4.946 3.75 3.192 2.857 4.704 3.712 3.163 2.883 2.697 3.717 4.323 3.466 2.578 2.612 2.833 3.698
75.59029 9.926 12.786 10.342 8.284 6.628 5.476 7.375 7.983 6.585 5.432 4.639 4.128 8.089 6.163 4.967 4.409 4.075 5.921 4.93 4.38 4.1 3.914 4.934 5.541 4.683 3.795 3.83 4.05 4.915
77.876467 11.218 14.078 11.634 9.577 7.92 6.768 8.668 9.275 7.877 6.724 5.931 5.42 9.381 7.455 6.259 5.701 5.367 7.213 6.222 5.672 5.393 5.206 6.227 6.833 5.975 5.087 5.122 5.342 6.207
80.231787 12.59 15.45 13.005 10.948 9.292 8.139 10.039 10.647 9.248 8.095 7.303 6.791 10.753 8.827 7.631 7.073 6.738 8.585 7.593 7.044 6.764 6.578 7.598 8.204 7.347 6.459 6.493 6.714 7.579
82.658343 14.046 16.905 14.461 12.404 10.748 9.595 11.495 12.102 10.704 9.551 8.758 8.247 12.209 10.283 9.086 8.528 8.194 10.04 9.049 8.5 8.22 8.033 9.054 9.66 8.803 7.914 7.949 8.17 9.034
85.158288 15.591 18.451 16.006 13.949 12.293 11.14 13.04 13.647 12.249 11.096 10.303 9.792 13.754 11.828 10.631 10.073 9.739 11.586 10.594 10.045 9.765 9.578 10.599 11.205 10.348 9.459 9.494 9.715 10.58
87.733843 17.231 20.09 17.646 15.589 13.933 12.78 14.68 15.287 13.889 12.736 11.943 11.432 15.394 13.468 12.271 11.713 11.379 13.225 12.234 11.685 11.405 11.218 12.239 12.845 11.988 11.099 11.134 11.355 12.219
90.387293 18.971 21.831 19.387 17.329 15.673 14.521 16.42 17.028 15.63 14.477 13.684 13.172 17.134 15.208 14.012 13.454 13.12 14.966 13.975 13.425 13.145 12.959 13.979 14.586 13.728 12.84 12.875 13.095 13.96
93.120995 20.819 23.679 21.234 19.177 17.521 16.368 18.268 18.876 17.477 16.324 15.532 15.02 18.982 17.056 15.86 15.301 14.967 16.814 15.822 15.273 14.993 14.807 15.827 16.433 15.576 14.688 14.722 14.943 15.808
95.937376 22.78 25.64 23.195 21.138 19.482 18.329 20.229 20.837 19.438 18.285 17.493 16.981 20.943 19.017 17.821 17.262 16.928 18.775 17.783 17.234 16.954 16.767 17.788 18.394 17.537 16.648 16.683 16.904 17.769
98.838937 24.861 27.721 25.277 23.219 21.563 20.41 22.31 22.918 21.519 20.367 19.574 19.062 23.024 21.098 19.902 19.344 19.01 20.856 19.865 19.315 19.035 18.849 19.869 20.475 19.618 18.73 18.764 18.985 19.85
101.828253 27.07 29.93 27.486 25.428 23.772 22.62 24.519 25.127 23.729 22.576 21.783 21.272 25.233 23.307 22.111 21.553 21.219 23.065 22.074 21.524 21.244 21.058 22.078 22.685 21.827 20.939 20.974 21.194 22.059
104.907979 29.415 32.275 29.831 27.773 26.117 24.964 26.864 27.472 26.073 24.921 24.128 23.616 27.578 25.652 24.456 23.898 23.564 25.41 24.419 23.869 23.589 23.403 24.423 25.029 24.172 23.284 23.318 23.539 24.404
108.080849 31.904 34.764 32.319 30.262 28.606 27.453 29.353 29.961 28.562 27.409 26.617 26.105 30.067 28.141 26.945 26.387 26.053 27.899 26.907 26.358 26.078 25.892 26.912 27.518 26.661 25.773 25.807 26.028 26.893
111.349681 34.546 37.405 34.961 32.904 31.248 30.095 31.995 32.602 31.204 30.051 29.258 28.747 32.709 30.783 29.586 29.028 28.694 30.54 29.549 29.0 28.72 28.533 29.554 30.16 29.303 28.414 28.449 28.67 29.534
114.717376 37.349 40.209 37.765 35.708 34.052 32.899 34.799 35.406 34.008 32.855 32.062 31.551 35.512 33.586 32.39 31.832 31.498 33.344 32.353 31.803 31.524 31.337 32.358 32.964 32.106 31.218 31.253 31.473 32.338
118.186925 40.325 43.185 40.741 38.684 37.028 35.875 37.775 38.382 36.984 35.831 35.038 34.527 38.488 36.562 35.366 34.808 34.474 36.32 35.329 34.779 34.5 34.313 35.334 35.94 35.082 34.194 34.229 34.449 35.314
121.761408 43.484 46.344 43.9 41.842 40.186 39.034 40.933 41.541 40.143 38.99 38.197 37.685 41.647 39.721 38.525 37.967 37.633 39.479 38.488 37.938 37.658 37.472 38.492 39.098 38.241 37.353 37.387 37.608 38.473
125.443999 46.837 49.697 47.252 45.195 43.539 42.386 44.286 44.894 43.495 42.342 41.55 41.038 45.0 43.074 41.878 41.32 40.985 42.832 41.84 41.291 41.011 40.825 41.845 42.451 41.594 40.706 40.74 40.961 41.826
129.237967 50.395 53.255 50.811 48.754 47.098 45.945 47.845 48.452 47.054 45.901 45.108 44.597 48.559 46.632 45.436 44.878 44.544 46.39 45.399 44.85 44.57 44.383 45.404 46.01 45.152 44.264 44.299 44.519 45.384
133.146681 54.173 57.032 54.588 52.531 50.875 49.722 51.622 52.229 50.831 49.678 48.885 48.374 52.336 50.41 49.213 48.655 48.321 50.167 49.176 48.627 48.347 48.16 49.181 49.787 48.93 48.041 48.076 48.297 49.161
137.173612 58.182 61.041 58.597 56.54 54.884 53.731 55.631 56.238 54.84 53.687 52.894 52.383 56.345 54.419 53.222 52.664 52.33 54.176 53.185 52.636 52.356 52.169 53.19 53.796 52.939 52.05 52.085 52.306 53.17
141.322334 62.437 65.297 62.852 60.795 59.139 57.986 59.886 60.494 59.095 57.942 57.15 56.638 60.6 58.674 57.478 56.919 56.585 58.432 57.44 56.891 56.611 56.424 57.445 58.051 57.194 56.305 56.34 56.561 57.426
145.596532 66.953 69.813 67.369 65.311 63.655 62.503 64.402 65.01 63.612 62.459 61.666 61.154 65.116 63.19 61.994 61.436 61.102 62.948 61.957 61.407 61.127 60.941 61.961 62.567 61.71 60.822 60.856 61.077 61.942
150.0 71.747 74.607 72.162 70.105 68.449 67.296 69.196 69.804 68.405 67.252 66.46 65.948 69.91 67.984 66.788 66.23 65.896 67.742 66.75 66.201 65.921 65.735 66.755 67.361 66.504 65.616 65.65 65.871 66.736
