web/models/kne/29/villar_0.0028_0.4060_1.0000.dat
# %ECSV 1.0
# ---
# datatype:
# - {name: time, datatype: float64}
# - {name: swift_uvot_uvw2, datatype: float64}
# - {name: swift_uvot_uvm2, datatype: float64}
# - {name: swift_uvot_uvw1, datatype: float64}
# - {name: swift_uvot_U, datatype: float64}
# - {name: swift_uvot_B, datatype: float64}
# - {name: swift_uvot_V, datatype: float64}
# - {name: swift_uvot_W, datatype: float64}
# - {name: johnson_U, datatype: float64}
# - {name: johnson_B, datatype: float64}
# - {name: johnson_V, datatype: float64}
# - {name: johnson_R, datatype: float64}
# - {name: johnson_I, datatype: float64}
# - {name: sdss_u, datatype: float64}
# - {name: sdss_g, datatype: float64}
# - {name: sdss_r, datatype: float64}
# - {name: sdss_i, datatype: float64}
# - {name: sdss_z, datatype: float64}
# - {name: PS1_g, datatype: float64}
# - {name: PS1_r, datatype: float64}
# - {name: PS1_i, datatype: float64}
# - {name: PS1_z, datatype: float64}
# - {name: PS1_Y, datatype: float64}
# - {name: PS1_w, datatype: float64}
# - {name: ATLAS_c, datatype: float64}
# - {name: ATLAS_o, datatype: float64}
# - {name: ukirt_J, datatype: float64}
# - {name: ukirt_H, datatype: float64}
# - {name: ukirt_K, datatype: float64}
# - {name: Clear, datatype: float64}
# meta: !!omap
# - comment: [kappa = 1.0, type = villar, mass = 0.0028172691138521437, velocity = 0.406, theta_obs = 0.0]
# schema: astropy-2.0
time swift_uvot_uvw2 swift_uvot_uvm2 swift_uvot_uvw1 swift_uvot_U swift_uvot_B swift_uvot_V swift_uvot_W johnson_U johnson_B johnson_V johnson_R johnson_I sdss_u sdss_g sdss_r sdss_i sdss_z PS1_g PS1_r PS1_i PS1_z PS1_Y PS1_w ATLAS_c ATLAS_o ukirt_J ukirt_H ukirt_K Clear
[from data line 78]
0.010217 -9.725 -9.843 -9.912 -9.974 -9.851 -9.644 -9.838 -9.961 -9.848 -9.635 -9.365 -9.021 -9.966 -9.788 -9.494 -9.235 -8.97 -9.776 -9.508 -9.25 -9.056 -8.978 -9.512 -9.675 -9.386 -8.402 -7.913 -7.33 -9.551
0.010526 -9.75 -9.871 -9.944 -10.013 -9.894 -9.69 -9.872 -10.001 -9.891 -9.682 -9.414 -9.071 -10.006 -9.832 -9.542 -9.284 -9.021 -9.82 -9.555 -9.299 -9.106 -9.027 -9.559 -9.721 -9.434 -8.454 -7.966 -7.383 -9.597
0.010845 -9.774 -9.899 -9.976 -10.052 -9.937 -9.736 -9.907 -10.041 -9.934 -9.728 -9.462 -9.121 -10.046 -9.876 -9.589 -9.333 -9.071 -9.865 -9.602 -9.348 -9.155 -9.076 -9.606 -9.766 -9.482 -8.506 -8.019 -7.437 -9.643
0.011173 -9.797 -9.926 -10.007 -10.091 -9.98 -9.782 -9.941 -10.081 -9.977 -9.773 -9.51 -9.171 -10.085 -9.92 -9.636 -9.382 -9.121 -9.909 -9.649 -9.396 -9.205 -9.125 -9.652 -9.811 -9.53 -8.557 -8.071 -7.49 -9.689
0.011511 -9.82 -9.953 -10.038 -10.13 -10.023 -9.827 -9.975 -10.12 -10.019 -9.819 -9.557 -9.22 -10.124 -9.964 -9.683 -9.431 -9.171 -9.953 -9.696 -9.445 -9.254 -9.174 -9.698 -9.856 -9.577 -8.609 -8.124 -7.544 -9.734
0.011859 -9.843 -9.979 -10.068 -10.168 -10.065 -9.873 -10.008 -10.159 -10.062 -9.865 -9.605 -9.27 -10.163 -10.007 -9.73 -9.479 -9.22 -9.997 -9.743 -9.493 -9.303 -9.223 -9.744 -9.901 -9.625 -8.66 -8.176 -7.597 -9.78
0.012217 -9.865 -10.005 -10.098 -10.206 -10.107 -9.918 -10.041 -10.198 -10.104 -9.91 -9.653 -9.319 -10.202 -10.051 -9.777 -9.528 -9.27 -10.04 -9.789 -9.541 -9.352 -9.271 -9.79 -9.946 -9.672 -8.712 -8.229 -7.65 -9.825
0.012587 -9.886 -10.031 -10.128 -10.244 -10.149 -9.963 -10.074 -10.236 -10.146 -9.955 -9.7 -9.369 -10.24 -10.094 -9.823 -9.576 -9.32 -10.083 -9.836 -9.589 -9.401 -9.32 -9.836 -9.99 -9.72 -8.763 -8.281 -7.703 -9.87
0.012968 -9.907 -10.056 -10.157 -10.281 -10.191 -10.008 -10.107 -10.274 -10.188 -10.0 -9.747 -9.418 -10.278 -10.137 -9.869 -9.624 -9.369 -10.127 -9.882 -9.637 -9.45 -9.369 -9.882 -10.035 -9.767 -8.815 -8.333 -7.756 -9.915
0.01336 -9.928 -10.081 -10.186 -10.319 -10.233 -10.053 -10.139 -10.312 -10.229 -10.045 -9.794 -9.467 -10.316 -10.179 -9.916 -9.672 -9.418 -10.17 -9.928 -9.685 -9.498 -9.417 -9.927 -10.079 -9.814 -8.866 -8.385 -7.809 -9.96
0.013764 -9.948 -10.105 -10.215 -10.355 -10.274 -10.098 -10.171 -10.35 -10.271 -10.09 -9.841 -9.516 -10.354 -10.222 -9.962 -9.72 -9.468 -10.212 -9.974 -9.733 -9.547 -9.465 -9.973 -10.123 -9.86 -8.917 -8.438 -7.862 -10.005
0.01418 -9.968 -10.129 -10.243 -10.392 -10.315 -10.142 -10.203 -10.387 -10.312 -10.134 -9.888 -9.565 -10.391 -10.264 -10.008 -9.768 -9.517 -10.255 -10.02 -9.78 -9.595 -9.514 -10.018 -10.166 -9.907 -8.968 -8.49 -7.915 -10.049
0.014609 -9.987 -10.152 -10.27 -10.428 -10.356 -10.186 -10.235 -10.424 -10.353 -10.179 -9.935 -9.613 -10.428 -10.306 -10.053 -9.815 -9.566 -10.297 -10.065 -9.828 -9.644 -9.562 -10.063 -10.21 -9.954 -9.019 -8.542 -7.968 -10.094
0.015051 -10.006 -10.175 -10.298 -10.464 -10.396 -10.23 -10.266 -10.461 -10.393 -10.223 -9.981 -9.662 -10.465 -10.348 -10.099 -9.863 -9.615 -10.34 -10.111 -9.875 -9.692 -9.61 -10.108 -10.253 -10.0 -9.07 -8.594 -8.021 -10.138
0.015506 -10.024 -10.198 -10.325 -10.5 -10.437 -10.274 -10.297 -10.498 -10.434 -10.267 -10.028 -9.71 -10.501 -10.39 -10.144 -9.91 -9.663 -10.382 -10.156 -9.922 -9.74 -9.658 -10.152 -10.297 -10.046 -9.121 -8.645 -8.074 -10.182
0.015975 -10.042 -10.22 -10.351 -10.536 -10.477 -10.318 -10.328 -10.534 -10.474 -10.31 -10.074 -9.759 -10.537 -10.431 -10.19 -9.958 -9.712 -10.423 -10.201 -9.969 -9.788 -9.706 -10.197 -10.34 -10.092 -9.171 -8.697 -8.126 -10.226
0.016458 -10.059 -10.241 -10.378 -10.571 -10.517 -10.362 -10.358 -10.57 -10.514 -10.354 -10.12 -9.807 -10.573 -10.472 -10.235 -10.005 -9.761 -10.465 -10.246 -10.016 -9.836 -9.754 -10.241 -10.382 -10.138 -9.222 -8.749 -8.179 -10.269
0.016956 -10.076 -10.262 -10.404 -10.606 -10.557 -10.405 -10.388 -10.606 -10.554 -10.397 -10.166 -9.855 -10.609 -10.513 -10.28 -10.052 -9.809 -10.506 -10.291 -10.063 -9.884 -9.802 -10.285 -10.425 -10.184 -9.272 -8.801 -8.232 -10.313
0.017469 -10.092 -10.282 -10.429 -10.64 -10.596 -10.448 -10.418 -10.641 -10.593 -10.441 -10.212 -9.903 -10.644 -10.554 -10.325 -10.099 -9.857 -10.548 -10.336 -10.11 -9.932 -9.849 -10.329 -10.467 -10.23 -9.323 -8.852 -8.284 -10.356
0.017997 -10.108 -10.303 -10.454 -10.674 -10.635 -10.491 -10.448 -10.676 -10.633 -10.484 -10.257 -9.951 -10.679 -10.594 -10.369 -10.145 -9.906 -10.589 -10.38 -10.156 -9.979 -9.897 -10.373 -10.51 -10.275 -9.373 -8.904 -8.337 -10.399
0.018541 -10.124 -10.322 -10.478 -10.708 -10.674 -10.534 -10.477 -10.711 -10.672 -10.527 -10.303 -9.999 -10.713 -10.635 -10.414 -10.192 -9.954 -10.629 -10.424 -10.203 -10.027 -9.944 -10.417 -10.552 -10.32 -9.423 -8.955 -8.389 -10.442
0.019102 -10.138 -10.341 -10.503 -10.742 -10.713 -10.576 -10.506 -10.746 -10.71 -10.569 -10.348 -10.047 -10.748 -10.675 -10.458 -10.238 -10.002 -10.67 -10.469 -10.249 -10.074 -9.992 -10.461 -10.594 -10.366 -9.474 -9.007 -8.441 -10.485
0.01968 -10.153 -10.36 -10.526 -10.775 -10.752 -10.619 -10.535 -10.78 -10.749 -10.612 -10.393 -10.094 -10.782 -10.715 -10.502 -10.285 -10.05 -10.71 -10.513 -10.295 -10.121 -10.039 -10.504 -10.635 -10.411 -9.524 -9.058 -8.494 -10.527
0.020275 -10.166 -10.378 -10.55 -10.808 -10.79 -10.661 -10.563 -10.814 -10.787 -10.654 -10.438 -10.142 -10.816 -10.754 -10.546 -10.331 -10.097 -10.75 -10.556 -10.341 -10.169 -10.086 -10.547 -10.677 -10.455 -9.574 -9.109 -8.546 -10.57
0.020888 -10.18 -10.395 -10.573 -10.841 -10.828 -10.703 -10.591 -10.847 -10.825 -10.696 -10.483 -10.189 -10.849 -10.794 -10.59 -10.377 -10.145 -10.79 -10.6 -10.387 -10.216 -10.134 -10.59 -10.718 -10.5 -9.624 -9.16 -8.598 -10.612
0.02152 -10.192 -10.412 -10.595 -10.873 -10.866 -10.745 -10.619 -10.881 -10.863 -10.738 -10.528 -10.236 -10.882 -10.833 -10.634 -10.423 -10.193 -10.83 -10.644 -10.433 -10.263 -10.181 -10.633 -10.759 -10.545 -9.674 -9.211 -8.65 -10.654
0.022171 -10.205 -10.429 -10.617 -10.905 -10.903 -10.787 -10.647 -10.914 -10.9 -10.78 -10.573 -10.283 -10.915 -10.872 -10.677 -10.469 -10.24 -10.869 -10.687 -10.479 -10.309 -10.228 -10.675 -10.8 -10.589 -9.723 -9.262 -8.702 -10.696
0.022841 -10.216 -10.444 -10.639 -10.937 -10.94 -10.828 -10.674 -10.946 -10.938 -10.821 -10.617 -10.33 -10.947 -10.911 -10.72 -10.514 -10.287 -10.908 -10.73 -10.524 -10.356 -10.275 -10.718 -10.84 -10.633 -9.773 -9.313 -8.754 -10.738
0.023532 -10.227 -10.46 -10.66 -10.968 -10.977 -10.869 -10.701 -10.979 -10.975 -10.862 -10.661 -10.377 -10.979 -10.949 -10.763 -10.56 -10.335 -10.947 -10.773 -10.569 -10.403 -10.321 -10.76 -10.881 -10.677 -9.823 -9.364 -8.806 -10.779
0.024244 -10.238 -10.475 -10.681 -10.999 -11.014 -10.91 -10.728 -11.01 -11.012 -10.904 -10.705 -10.424 -11.011 -10.987 -10.806 -10.605 -10.382 -10.986 -10.816 -10.615 -10.449 -10.368 -10.802 -10.921 -10.721 -9.872 -9.415 -8.858 -10.82
0.024977 -10.248 -10.489 -10.701 -11.03 -11.051 -10.951 -10.754 -11.042 -11.048 -10.944 -10.749 -10.47 -11.043 -11.025 -10.849 -10.65 -10.429 -11.025 -10.859 -10.66 -10.495 -10.415 -10.844 -10.961 -10.765 -9.922 -9.466 -8.91 -10.862
0.025733 -10.257 -10.503 -10.721 -11.06 -11.087 -10.992 -10.78 -11.073 -11.084 -10.985 -10.793 -10.517 -11.074 -11.063 -10.892 -10.695 -10.475 -11.063 -10.901 -10.705 -10.542 -10.461 -10.886 -11.001 -10.809 -9.971 -9.516 -8.962 -10.902
0.026511 -10.266 -10.516 -10.74 -11.09 -11.123 -11.032 -10.806 -11.104 -11.12 -11.026 -10.837 -10.563 -11.104 -11.1 -10.934 -10.74 -10.522 -11.101 -10.943 -10.749 -10.588 -10.507 -10.927 -11.04 -10.852 -10.02 -9.567 -9.013 -10.943
0.027313 -10.274 -10.528 -10.759 -11.119 -11.158 -11.072 -10.832 -11.135 -11.156 -11.066 -10.88 -10.609 -11.135 -11.138 -10.976 -10.785 -10.569 -11.139 -10.985 -10.794 -10.634 -10.554 -10.969 -11.08 -10.895 -10.069 -9.618 -9.065 -10.984
0.028139 -10.282 -10.54 -10.777 -11.149 -11.193 -11.112 -10.857 -11.165 -11.191 -11.106 -10.923 -10.655 -11.165 -11.175 -11.018 -10.829 -10.615 -11.176 -11.027 -10.838 -10.68 -10.6 -11.01 -11.119 -10.938 -10.118 -9.668 -9.117 -11.024
0.02899 -10.289 -10.552 -10.795 -11.177 -11.229 -11.152 -10.882 -11.195 -11.226 -11.146 -10.966 -10.701 -11.195 -11.211 -11.06 -10.874 -10.661 -11.213 -11.069 -10.883 -10.725 -10.646 -11.051 -11.158 -10.981 -10.167 -9.718 -9.168 -11.064
0.029867 -10.296 -10.563 -10.812 -11.206 -11.263 -11.191 -10.906 -11.225 -11.261 -11.185 -11.009 -10.747 -11.224 -11.248 -11.102 -10.918 -10.707 -11.25 -11.111 -10.927 -10.771 -10.692 -11.091 -11.196 -11.024 -10.216 -9.769 -9.22 -11.104
0.03077 -10.302 -10.573 -10.829 -11.234 -11.298 -11.23 -10.931 -11.254 -11.295 -11.224 -11.052 -10.792 -11.253 -11.284 -11.143 -10.962 -10.753 -11.287 -11.152 -10.971 -10.816 -10.738 -11.132 -11.235 -11.066 -10.265 -9.819 -9.271 -11.144
0.031701 -10.307 -10.583 -10.845 -11.261 -11.332 -11.269 -10.955 -11.283 -11.33 -11.264 -11.094 -10.838 -11.281 -11.32 -11.184 -11.006 -10.799 -11.324 -11.193 -11.015 -10.862 -10.783 -11.172 -11.273 -11.109 -10.314 -9.869 -9.323 -11.183
0.032659 -10.312 -10.592 -10.861 -11.289 -11.366 -11.308 -10.978 -11.311 -11.364 -11.302 -11.137 -10.883 -11.309 -11.355 -11.225 -11.05 -10.845 -11.36 -11.234 -11.058 -10.907 -10.829 -11.212 -11.311 -11.151 -10.362 -9.919 -9.374 -11.222
0.033647 -10.316 -10.6 -10.877 -11.316 -11.399 -11.347 -11.002 -11.339 -11.397 -11.341 -11.179 -10.928 -11.337 -11.391 -11.266 -11.093 -10.891 -11.396 -11.275 -11.102 -10.952 -10.874 -11.252 -11.348 -11.193 -10.411 -9.969 -9.425 -11.261
0.034665 -10.32 -10.608 -10.891 -11.342 -11.432 -11.385 -11.025 -11.367 -11.43 -11.379 -11.221 -10.973 -11.365 -11.426 -11.307 -11.137 -10.936 -11.431 -11.315 -11.145 -10.997 -10.92 -11.292 -11.386 -11.234 -10.459 -10.019 -9.476 -11.3
0.035713 -10.323 -10.615 -10.906 -11.368 -11.465 -11.423 -11.047 -11.394 -11.463 -11.418 -11.263 -11.018 -11.392 -11.46 -11.347 -11.18 -10.982 -11.467 -11.355 -11.188 -11.041 -10.965 -11.331 -11.423 -11.276 -10.507 -10.069 -9.527 -11.339
0.036793 -10.325 -10.621 -10.92 -11.394 -11.498 -11.461 -11.07 -11.421 -11.496 -11.455 -11.304 -11.063 -11.418 -11.495 -11.387 -11.223 -11.027 -11.502 -11.395 -11.231 -11.086 -11.01 -11.371 -11.46 -11.317 -10.555 -10.119 -9.578 -11.377
0.037906 -10.326 -10.627 -10.933 -11.419 -11.53 -11.498 -11.092 -11.447 -11.528 -11.493 -11.346 -11.108 -11.444 -11.529 -11.427 -11.266 -11.072 -11.537 -11.435 -11.274 -11.13 -11.055 -11.41 -11.496 -11.359 -10.603 -10.168 -9.629 -11.415
0.039052 -10.327 -10.632 -10.945 -11.443 -11.562 -11.536 -11.113 -11.473 -11.56 -11.53 -11.387 -11.152 -11.47 -11.563 -11.467 -11.309 -11.117 -11.571 -11.475 -11.317 -11.175 -11.1 -11.448 -11.532 -11.399 -10.651 -10.218 -9.68 -11.453
0.040234 -10.328 -10.636 -10.957 -11.468 -11.593 -11.573 -11.135 -11.499 -11.592 -11.568 -11.428 -11.196 -11.495 -11.596 -11.506 -11.351 -11.161 -11.605 -11.514 -11.359 -11.219 -11.145 -11.487 -11.568 -11.44 -10.699 -10.267 -9.731 -11.491
0.04145 -10.327 -10.64 -10.969 -11.492 -11.625 -11.609 -11.156 -11.524 -11.623 -11.604 -11.469 -11.24 -11.52 -11.629 -11.545 -11.394 -11.206 -11.639 -11.553 -11.402 -11.263 -11.19 -11.525 -11.604 -11.481 -10.747 -10.317 -9.782 -11.528
0.042704 -10.326 -10.643 -10.98 -11.515 -11.655 -11.646 -11.177 -11.548 -11.654 -11.641 -11.509 -11.284 -11.545 -11.662 -11.584 -11.436 -11.25 -11.673 -11.592 -11.444 -11.307 -11.234 -11.563 -11.64 -11.521 -10.795 -10.366 -9.833 -11.565
0.043996 -10.325 -10.645 -10.99 -11.538 -11.686 -11.682 -11.197 -11.573 -11.684 -11.677 -11.549 -11.328 -11.568 -11.695 -11.623 -11.478 -11.295 -11.706 -11.631 -11.486 -11.35 -11.278 -11.601 -11.675 -11.561 -10.842 -10.415 -9.883 -11.602
0.045326 -10.322 -10.647 -11.0 -11.56 -11.716 -11.718 -11.217 -11.596 -11.715 -11.713 -11.59 -11.372 -11.592 -11.727 -11.661 -11.519 -11.339 -11.739 -11.669 -11.527 -11.394 -11.323 -11.639 -11.71 -11.601 -10.889 -10.464 -9.934 -11.639
0.046697 -10.319 -10.648 -11.009 -11.582 -11.746 -11.753 -11.237 -11.62 -11.744 -11.749 -11.629 -11.415 -11.615 -11.759 -11.7 -11.561 -11.382 -11.772 -11.708 -11.569 -11.437 -11.367 -11.676 -11.744 -11.64 -10.937 -10.514 -9.984 -11.676
0.048109 -10.315 -10.648 -11.018 -11.604 -11.775 -11.789 -11.256 -11.643 -11.774 -11.784 -11.669 -11.458 -11.637 -11.79 -11.738 -11.602 -11.426 -11.804 -11.745 -11.61 -11.48 -11.411 -11.713 -11.779 -11.68 -10.984 -10.562 -10.035 -11.712
0.049564 -10.311 -10.647 -11.025 -11.625 -11.804 -11.824 -11.275 -11.665 -11.803 -11.819 -11.708 -11.501 -11.659 -11.821 -11.775 -11.643 -11.47 -11.836 -11.783 -11.651 -11.523 -11.454 -11.75 -11.813 -11.719 -11.031 -10.611 -10.085 -11.748
0.051063 -10.305 -10.645 -11.033 -11.645 -11.832 -11.858 -11.293 -11.687 -11.831 -11.854 -11.748 -11.544 -11.681 -11.852 -11.813 -11.684 -11.513 -11.868 -11.821 -11.692 -11.566 -11.498 -11.786 -11.846 -11.758 -11.078 -10.66 -10.135 -11.783
0.052608 -10.299 -10.643 -11.039 -11.665 -11.861 -11.893 -11.311 -11.708 -11.86 -11.889 -11.787 -11.587 -11.702 -11.882 -11.85 -11.725 -11.556 -11.899 -11.858 -11.733 -11.609 -11.541 -11.823 -11.88 -11.796 -11.124 -10.709 -10.185 -11.818
0.054199 -10.293 -10.64 -11.045 -11.684 -11.888 -11.927 -11.329 -11.729 -11.887 -11.923 -11.825 -11.629 -11.722 -11.912 -11.887 -11.765 -11.599 -11.93 -11.894 -11.773 -11.651 -11.585 -11.858 -11.913 -11.835 -11.171 -10.757 -10.235 -11.854
0.055838 -10.285 -10.636 -11.05 -11.703 -11.916 -11.96 -11.347 -11.749 -11.915 -11.957 -11.864 -11.672 -11.742 -11.942 -11.923 -11.806 -11.642 -11.96 -11.931 -11.813 -11.693 -11.628 -11.894 -11.945 -11.873 -11.217 -10.806 -10.285 -11.888
0.057527 -10.277 -10.631 -11.055 -11.721 -11.942 -11.994 -11.364 -11.769 -11.942 -11.99 -11.902 -11.714 -11.762 -11.971 -11.96 -11.846 -11.685 -11.99 -11.967 -11.853 -11.735 -11.671 -11.93 -11.978 -11.911 -11.264 -10.854 -10.335 -11.923
0.059267 -10.268 -10.625 -11.059 -11.739 -11.969 -12.027 -11.38 -11.788 -11.968 -12.023 -11.94 -11.755 -11.781 -12.0 -11.996 -11.885 -11.727 -12.02 -12.003 -11.893 -11.777 -11.714 -11.965 -12.01 -11.948 -11.31 -10.902 -10.385 -11.957
0.061059 -10.258 -10.619 -11.062 -11.756 -11.995 -12.059 -11.396 -11.807 -11.994 -12.056 -11.977 -11.797 -11.799 -12.028 -12.031 -11.925 -11.769 -12.049 -12.039 -11.932 -11.819 -11.756 -11.999 -12.041 -11.986 -11.356 -10.95 -10.435 -11.991
0.062906 -10.247 -10.611 -11.064 -11.773 -12.02 -12.092 -11.412 -11.825 -12.02 -12.088 -12.014 -11.839 -11.817 -12.056 -12.067 -11.964 -11.811 -12.078 -12.074 -11.972 -11.86 -11.799 -12.034 -12.072 -12.023 -11.402 -10.998 -10.485 -12.024
0.064808 -10.235 -10.603 -11.066 -11.789 -12.045 -12.123 -11.428 -11.842 -12.045 -12.121 -12.051 -11.88 -11.834 -12.083 -12.102 -12.003 -11.853 -12.107 -12.109 -12.01 -11.901 -11.841 -12.068 -12.103 -12.059 -11.448 -11.046 -10.534 -12.058
0.066769 -10.223 -10.593 -11.067 -11.804 -12.07 -12.155 -11.442 -11.859 -12.069 -12.152 -12.088 -11.921 -11.85 -12.111 -12.136 -12.042 -11.895 -12.135 -12.144 -12.049 -11.942 -11.883 -12.102 -12.134 -12.096 -11.493 -11.094 -10.584 -12.09
0.068788 -10.21 -10.583 -11.067 -11.818 -12.094 -12.186 -11.457 -11.876 -12.094 -12.183 -12.125 -11.961 -11.866 -12.137 -12.171 -12.08 -11.936 -12.162 -12.178 -12.088 -11.983 -11.925 -12.135 -12.164 -12.132 -11.539 -11.141 -10.633 -12.123
0.070868 -10.196 -10.572 -11.066 -11.832 -12.117 -12.217 -11.471 -11.891 -12.117 -12.214 -12.161 -12.002 -11.881 -12.163 -12.205 -12.118 -11.977 -12.189 -12.212 -12.126 -12.023 -11.966 -12.168 -12.193 -12.168 -11.584 -11.189 -10.682 -12.155
0.073012 -10.181 -10.559 -11.065 -11.846 -12.14 -12.247 -11.484 -11.906 -12.14 -12.245 -12.196 -12.042 -11.896 -12.189 -12.238 -12.156 -12.018 -12.216 -12.246 -12.164 -12.064 -12.008 -12.201 -12.222 -12.203 -11.629 -11.236 -10.731 -12.187
0.07522 -10.165 -10.546 -11.062 -11.858 -12.163 -12.277 -11.497 -11.921 -12.163 -12.275 -12.232 -12.082 -11.91 -12.214 -12.272 -12.194 -12.058 -12.242 -12.279 -12.201 -12.104 -12.049 -12.234 -12.251 -12.238 -11.674 -11.283 -10.78 -12.218
