web/models/kne.last_good/kappa_0.5_3.0.v2/2/villar_0.0182_0.2337_0.5000.dat
# %ECSV 1.0
# ---
# datatype:
# - {name: time, datatype: float64}
# - {name: swift_uvot_uvw2, datatype: float64}
# - {name: swift_uvot_uvm2, datatype: float64}
# - {name: swift_uvot_uvw1, datatype: float64}
# - {name: swift_uvot_U, datatype: float64}
# - {name: swift_uvot_B, datatype: float64}
# - {name: swift_uvot_V, datatype: float64}
# - {name: swift_uvot_W, datatype: float64}
# - {name: johnson_U, datatype: float64}
# - {name: johnson_B, datatype: float64}
# - {name: johnson_V, datatype: float64}
# - {name: johnson_R, datatype: float64}
# - {name: johnson_I, datatype: float64}
# - {name: sdss_u, datatype: float64}
# - {name: sdss_g, datatype: float64}
# - {name: sdss_r, datatype: float64}
# - {name: sdss_i, datatype: float64}
# - {name: sdss_z, datatype: float64}
# - {name: PS1_g, datatype: float64}
# - {name: PS1_r, datatype: float64}
# - {name: PS1_i, datatype: float64}
# - {name: PS1_z, datatype: float64}
# - {name: PS1_Y, datatype: float64}
# - {name: PS1_w, datatype: float64}
# - {name: ATLAS_c, datatype: float64}
# - {name: ATLAS_o, datatype: float64}
# - {name: ukirt_J, datatype: float64}
# - {name: ukirt_H, datatype: float64}
# - {name: ukirt_K, datatype: float64}
# - {name: Clear, datatype: float64}
# meta: !!omap
# - comment: [kappa = 0.5, type = villar, mass = 0.018176879801416274, velocity = 0.2336666666666667, theta_obs = 0.0, tfloor = 2500.0]
# schema: astropy-2.0
time swift_uvot_uvw2 swift_uvot_uvm2 swift_uvot_uvw1 swift_uvot_U swift_uvot_B swift_uvot_V swift_uvot_W johnson_U johnson_B johnson_V johnson_R johnson_I sdss_u sdss_g sdss_r sdss_i sdss_z PS1_g PS1_r PS1_i PS1_z PS1_Y PS1_w ATLAS_c ATLAS_o ukirt_J ukirt_H ukirt_K Clear
[from data line 273]
3.409434 -7.411 -2.212 -3.178 -4.881 -7.668 -9.67 -7.785 -5.378 -7.799 -9.788 -11.373 -12.45 -5.155 -8.518 -10.647 -11.771 -12.542 -9.493 -10.816 -11.85 -12.466 -12.925 -10.97 -9.731 -11.283 -13.454 -13.774 -13.834 -11.43
3.51255 -7.353 -2.154 -3.12 -4.823 -7.61 -9.612 -7.727 -5.32 -7.741 -9.73 -11.315 -12.392 -5.097 -8.46 -10.589 -11.713 -12.484 -9.435 -10.758 -11.792 -12.408 -12.867 -10.912 -9.673 -11.225 -13.395 -13.716 -13.776 -11.372
3.618785 -7.294 -2.096 -3.062 -4.765 -7.552 -9.554 -7.669 -5.262 -7.683 -9.672 -11.257 -12.334 -5.039 -8.402 -10.531 -11.655 -12.426 -9.377 -10.7 -11.734 -12.35 -12.809 -10.854 -9.615 -11.167 -13.337 -13.658 -13.718 -11.314
3.728232 -7.236 -2.038 -3.004 -4.707 -7.493 -9.496 -7.611 -5.203 -7.624 -9.614 -11.199 -12.276 -4.981 -8.344 -10.473 -11.597 -12.368 -9.318 -10.642 -11.676 -12.291 -12.751 -10.796 -9.557 -11.109 -13.279 -13.6 -13.66 -11.256
3.84099 -7.178 -1.98 -2.946 -4.648 -7.435 -9.437 -7.553 -5.145 -7.566 -9.556 -11.141 -12.218 -4.923 -8.286 -10.414 -11.539 -12.31 -9.26 -10.584 -11.618 -12.233 -12.692 -10.737 -9.499 -11.051 -13.221 -13.541 -13.602 -11.197
3.957158 -7.12 -1.921 -2.887 -4.59 -7.377 -9.379 -7.495 -5.087 -7.508 -9.498 -11.082 -12.159 -4.864 -8.227 -10.356 -11.481 -12.252 -9.202 -10.525 -11.559 -12.175 -12.634 -10.679 -9.441 -10.993 -13.163 -13.483 -13.544 -11.139
4.07684 -7.062 -1.863 -2.829 -4.532 -7.319 -9.321 -7.436 -5.029 -7.45 -9.439 -11.024 -12.101 -4.806 -8.169 -10.298 -11.422 -12.193 -9.144 -10.467 -11.501 -12.117 -12.576 -10.621 -9.382 -10.934 -13.105 -13.425 -13.485 -11.081
4.200141 -7.003 -1.805 -2.771 -4.473 -7.26 -9.262 -7.378 -4.97 -7.391 -9.381 -10.966 -12.043 -4.748 -8.111 -10.239 -11.364 -12.135 -9.085 -10.409 -11.443 -12.058 -12.518 -10.562 -9.324 -10.876 -13.046 -13.366 -13.427 -11.022
4.327172 -6.945 -1.746 -2.712 -4.415 -7.202 -9.204 -7.32 -4.912 -7.333 -9.322 -10.907 -11.984 -4.689 -8.052 -10.181 -11.306 -12.076 -9.027 -10.35 -11.384 -12.0 -12.459 -10.504 -9.266 -10.818 -12.988 -13.308 -13.368 -10.964
4.458044 -6.886 -1.688 -2.654 -4.356 -7.143 -9.145 -7.261 -4.853 -7.274 -9.264 -10.849 -11.926 -4.631 -7.994 -10.122 -11.247 -12.018 -8.968 -10.292 -11.326 -11.941 -12.4 -10.445 -9.207 -10.759 -12.929 -13.249 -13.31 -10.905
4.592874 -6.827 -1.629 -2.595 -4.298 -7.085 -9.087 -7.202 -4.795 -7.216 -9.205 -10.79 -11.867 -4.572 -7.935 -10.064 -11.188 -11.959 -8.91 -10.233 -11.267 -11.883 -12.342 -10.387 -9.148 -10.7 -12.87 -13.191 -13.251 -10.847
4.731783 -6.769 -1.57 -2.536 -4.239 -7.026 -9.028 -7.143 -4.736 -7.157 -9.146 -10.731 -11.808 -4.513 -7.876 -10.005 -11.129 -11.9 -8.851 -10.174 -11.208 -11.824 -12.283 -10.328 -9.089 -10.641 -12.811 -13.132 -13.192 -10.788
4.874892 -6.71 -1.511 -2.477 -4.18 -6.967 -8.969 -7.084 -4.677 -7.098 -9.087 -10.672 -11.749 -4.454 -7.817 -9.946 -11.07 -11.841 -8.792 -10.115 -11.149 -11.765 -12.224 -10.269 -9.03 -10.582 -12.753 -13.073 -13.133 -10.729
5.02233 -6.651 -1.452 -2.418 -4.121 -6.908 -8.91 -7.025 -4.618 -7.039 -9.028 -10.613 -11.69 -4.395 -7.758 -9.887 -11.011 -11.782 -8.733 -10.056 -11.09 -11.706 -12.165 -10.21 -8.971 -10.523 -12.693 -13.014 -13.074 -10.67
5.174227 -6.591 -1.393 -2.359 -4.062 -6.848 -8.851 -6.966 -4.558 -6.979 -8.969 -10.554 -11.631 -4.336 -7.699 -9.827 -10.952 -11.723 -8.673 -9.997 -11.031 -11.646 -12.106 -10.15 -8.912 -10.464 -12.634 -12.954 -13.015 -10.611
5.330718 -6.532 -1.333 -2.299 -4.002 -6.789 -8.791 -6.907 -4.499 -6.92 -8.91 -10.494 -11.571 -4.276 -7.639 -9.768 -10.893 -11.664 -8.614 -9.937 -10.971 -11.587 -12.046 -10.091 -8.853 -10.405 -12.575 -12.895 -12.956 -10.551
5.491942 -6.472 -1.274 -2.24 -3.943 -6.729 -8.732 -6.847 -4.44 -6.86 -8.85 -10.435 -11.512 -4.217 -7.58 -9.709 -10.833 -11.604 -8.554 -9.878 -10.912 -11.528 -11.987 -10.032 -8.793 -10.345 -12.515 -12.836 -12.896 -10.492
5.658042 -6.413 -1.214 -2.18 -3.883 -6.67 -8.672 -6.787 -4.38 -6.801 -8.79 -10.375 -11.452 -4.157 -7.52 -9.649 -10.774 -11.544 -8.495 -9.818 -10.852 -11.468 -11.927 -9.972 -8.733 -10.286 -12.456 -12.776 -12.836 -10.432
5.829166 -6.353 -1.154 -2.12 -3.823 -6.61 -8.612 -6.728 -4.32 -6.741 -8.731 -10.315 -11.392 -4.097 -7.46 -9.589 -10.714 -11.485 -8.435 -9.758 -10.792 -11.408 -11.867 -9.912 -8.674 -10.226 -12.396 -12.716 -12.777 -10.372
6.005465 -6.293 -1.094 -2.06 -3.763 -6.55 -8.552 -6.668 -4.26 -6.681 -8.67 -10.255 -11.332 -4.037 -7.4 -9.529 -10.654 -11.424 -8.375 -9.698 -10.732 -11.348 -11.807 -9.852 -8.614 -10.166 -12.336 -12.656 -12.717 -10.312
6.187096 -6.233 -1.034 -2.0 -3.703 -6.49 -8.492 -6.607 -4.2 -6.621 -8.61 -10.195 -11.272 -3.977 -7.34 -9.469 -10.593 -11.364 -8.315 -9.638 -10.672 -11.288 -11.747 -9.792 -8.553 -10.105 -12.276 -12.596 -12.656 -10.252
6.37422 -6.172 -0.974 -1.94 -3.643 -6.429 -8.431 -6.547 -4.139 -6.56 -8.55 -10.135 -11.212 -3.917 -7.28 -9.408 -10.533 -11.304 -8.254 -9.578 -10.612 -11.227 -11.687 -9.731 -8.493 -10.045 -12.215 -12.535 -12.596 -10.192
6.567004 -6.112 -0.913 -1.879 -3.582 -6.369 -8.371 -6.487 -4.079 -6.5 -8.489 -10.074 -11.151 -3.856 -7.219 -9.348 -10.473 -11.243 -8.194 -9.517 -10.551 -11.167 -11.626 -9.671 -8.433 -9.985 -12.155 -12.475 -12.535 -10.131
6.765619 -6.051 -0.853 -1.818 -3.521 -6.308 -8.31 -6.426 -4.018 -6.439 -8.429 -10.014 -11.09 -3.795 -7.158 -9.287 -10.412 -11.183 -8.133 -9.457 -10.49 -11.106 -11.565 -9.61 -8.372 -9.924 -12.094 -12.414 -12.475 -10.07
6.97024 -5.99 -0.792 -1.758 -3.46 -6.247 -8.249 -6.365 -3.957 -6.378 -8.368 -9.953 -11.029 -3.734 -7.098 -9.226 -10.351 -11.122 -8.072 -9.396 -10.43 -11.045 -11.504 -9.549 -8.311 -9.863 -12.033 -12.353 -12.414 -10.009
7.181051 -5.929 -0.731 -1.696 -3.399 -6.186 -8.188 -6.304 -3.896 -6.317 -8.307 -9.892 -10.968 -3.673 -7.036 -9.165 -10.29 -11.061 -8.011 -9.335 -10.368 -10.984 -11.443 -9.488 -8.25 -9.802 -11.972 -12.292 -12.353 -9.948
7.398237 -5.868 -0.669 -1.635 -3.338 -6.125 -8.127 -6.243 -3.835 -6.256 -8.245 -9.83 -10.907 -3.612 -6.975 -9.104 -10.229 -10.999 -7.95 -9.273 -10.307 -10.923 -11.382 -9.427 -8.189 -9.741 -11.911 -12.231 -12.292 -9.887
7.621991 -5.806 -0.608 -1.574 -3.277 -6.063 -8.066 -6.181 -3.773 -6.194 -8.184 -9.769 -10.846 -3.551 -6.914 -9.043 -10.167 -10.938 -7.888 -9.212 -10.246 -10.861 -11.321 -9.366 -8.127 -9.679 -11.849 -12.17 -12.23 -9.826
7.852513 -5.745 -0.546 -1.512 -3.215 -6.002 -8.004 -6.12 -3.712 -6.133 -8.122 -9.707 -10.784 -3.489 -6.852 -8.981 -10.106 -10.876 -7.827 -9.15 -10.184 -10.8 -11.259 -9.304 -8.066 -9.618 -11.788 -12.108 -12.168 -9.764
8.090007 -5.683 -0.485 -1.45 -3.153 -5.94 -7.942 -6.058 -3.65 -6.071 -8.061 -9.645 -10.722 -3.427 -6.79 -8.919 -10.044 -10.815 -7.765 -9.089 -10.122 -10.738 -11.197 -9.242 -8.004 -9.556 -11.726 -12.046 -12.107 -9.702
8.334684 -5.621 -0.423 -1.388 -3.091 -5.878 -7.88 -5.996 -3.588 -6.009 -7.999 -9.584 -10.66 -3.365 -6.728 -8.857 -9.982 -10.753 -7.703 -9.027 -10.06 -10.676 -11.135 -9.18 -7.942 -9.494 -11.664 -11.984 -12.045 -9.64
8.586761 -5.559 -0.36 -1.326 -3.029 -5.816 -7.818 -5.934 -3.526 -5.947 -7.937 -9.521 -10.598 -3.303 -6.666 -8.795 -9.92 -10.691 -7.641 -8.964 -9.998 -10.614 -11.073 -9.118 -7.88 -9.432 -11.602 -11.922 -11.983 -9.578
8.846461 -5.497 -0.298 -1.264 -2.967 -5.754 -7.756 -5.871 -3.464 -5.885 -7.874 -9.459 -10.536 -3.241 -6.604 -8.733 -9.857 -10.628 -7.579 -8.902 -9.936 -10.552 -11.011 -9.056 -7.817 -9.369 -11.539 -11.86 -11.92 -9.516
9.114017 -5.434 -0.236 -1.202 -2.904 -5.691 -7.693 -5.809 -3.401 -5.822 -7.812 -9.397 -10.474 -3.179 -6.542 -8.67 -9.795 -10.566 -7.516 -8.84 -9.874 -10.489 -10.948 -8.993 -7.755 -9.307 -11.477 -11.797 -11.858 -9.453
9.389664 -5.371 -0.173 -1.139 -2.842 -5.629 -7.631 -5.746 -3.339 -5.76 -7.749 -9.334 -10.411 -3.116 -6.479 -8.608 -9.732 -10.503 -7.454 -8.777 -9.811 -10.427 -10.886 -8.931 -7.692 -9.244 -11.414 -11.735 -11.795 -9.391
9.673648 -5.309 -0.11 -1.076 -2.779 -5.566 -7.568 -5.683 -3.276 -5.697 -7.686 -9.271 -10.348 -3.053 -6.416 -8.545 -9.67 -10.44 -7.391 -8.714 -9.748 -10.364 -10.823 -8.868 -7.629 -9.182 -11.352 -11.672 -11.732 -9.328
9.966221 -5.246 -0.047 -1.013 -2.716 -5.503 -7.505 -5.621 -3.213 -5.634 -7.623 -9.208 -10.285 -2.99 -6.353 -8.482 -9.607 -10.377 -7.328 -8.651 -9.685 -10.301 -10.76 -8.805 -7.567 -9.119 -11.289 -11.609 -11.669 -9.265
10.267642 -5.183 0.016 -0.95 -2.653 -5.44 -7.442 -5.557 -3.15 -5.571 -7.56 -9.145 -10.222 -2.927 -6.29 -8.419 -9.543 -10.314 -7.265 -8.588 -9.622 -10.238 -10.697 -8.742 -7.503 -9.055 -11.225 -11.546 -11.606 -9.202
10.57818 -5.119 0.079 -0.887 -2.59 -5.376 -7.379 -5.494 -3.086 -5.507 -7.497 -9.082 -10.159 -2.864 -6.227 -8.355 -9.48 -10.251 -7.201 -8.525 -9.559 -10.174 -10.634 -8.678 -7.44 -8.992 -11.162 -11.482 -11.543 -9.139
10.89811 -5.056 0.143 -0.823 -2.526 -5.313 -7.315 -5.431 -3.023 -5.444 -7.433 -9.018 -10.095 -2.8 -6.163 -8.292 -9.417 -10.187 -7.138 -8.461 -9.495 -10.111 -10.57 -8.615 -7.377 -8.929 -11.099 -11.419 -11.48 -9.075
11.227716 -4.992 0.206 -0.76 -2.462 -5.249 -7.251 -5.367 -2.959 -5.38 -7.37 -8.955 -10.032 -2.737 -6.1 -8.228 -9.353 -10.124 -7.074 -8.398 -9.432 -10.047 -10.507 -8.551 -7.313 -8.865 -11.035 -11.355 -11.416 -9.011
11.56729 -4.928 0.27 -0.696 -2.399 -5.185 -7.188 -5.303 -2.896 -5.317 -7.306 -8.891 -9.968 -2.673 -6.036 -8.165 -9.289 -10.06 -7.01 -8.334 -9.368 -9.984 -10.443 -8.488 -7.249 -8.801 -10.971 -11.292 -11.352 -8.948
11.917135 -4.864 0.334 -0.632 -2.335 -5.122 -7.124 -5.239 -2.832 -5.253 -7.242 -8.827 -9.904 -2.609 -5.972 -8.101 -9.225 -9.996 -6.947 -8.27 -9.304 -9.92 -10.379 -8.424 -7.185 -8.737 -10.907 -11.228 -11.288 -8.884
12.277561 -4.8 0.398 -0.568 -2.271 -5.057 -7.06 -5.175 -2.768 -5.188 -7.178 -8.763 -9.84 -2.545 -5.908 -8.037 -9.161 -9.932 -6.882 -8.206 -9.24 -9.856 -10.315 -8.36 -7.121 -8.673 -10.843 -11.164 -11.224 -8.82
12.648887 -4.736 0.462 -0.504 -2.206 -4.993 -6.995 -5.111 -2.703 -5.124 -7.114 -8.699 -9.776 -2.481 -5.844 -7.972 -9.097 -9.868 -6.818 -8.142 -9.176 -9.791 -10.25 -8.295 -7.057 -8.609 -10.779 -11.099 -11.16 -8.755
13.031444 -4.672 0.527 -0.439 -2.142 -4.929 -6.931 -5.047 -2.639 -5.06 -7.049 -8.634 -9.711 -2.416 -5.779 -7.908 -9.033 -9.803 -6.754 -8.077 -9.111 -9.727 -10.186 -8.231 -6.993 -8.545 -10.715 -11.035 -11.096 -8.691
13.425571 -4.607 0.591 -0.375 -2.078 -4.864 -6.866 -4.982 -2.574 -4.995 -6.985 -8.57 -9.647 -2.352 -5.715 -7.843 -8.968 -9.739 -6.689 -8.013 -9.047 -9.662 -10.122 -8.166 -6.928 -8.48 -10.65 -10.97 -11.031 -8.627
13.831619 -4.543 0.656 -0.31 -2.013 -4.8 -6.802 -4.917 -2.51 -4.931 -6.92 -8.505 -9.582 -2.287 -5.65 -7.779 -8.903 -9.674 -6.625 -7.948 -8.982 -9.598 -10.057 -8.102 -6.863 -8.415 -10.585 -10.906 -10.966 -8.562
14.249947 -4.478 0.721 -0.245 -1.948 -4.735 -6.737 -4.853 -2.445 -4.866 -6.855 -8.44 -9.517 -2.222 -5.585 -7.714 -8.839 -9.609 -6.56 -7.883 -8.917 -9.533 -9.992 -8.037 -6.799 -8.351 -10.521 -10.841 -10.901 -8.497
14.680926 -4.413 0.786 -0.18 -1.883 -4.67 -6.672 -4.788 -2.38 -4.801 -6.79 -8.375 -9.452 -2.157 -5.52 -7.649 -8.774 -9.544 -6.495 -7.818 -8.852 -9.468 -9.927 -7.972 -6.734 -8.286 -10.456 -10.776 -10.836 -8.432
15.124941 -4.348 0.851 -0.115 -1.818 -4.605 -6.607 -4.722 -2.315 -4.736 -6.725 -8.31 -9.387 -2.092 -5.455 -7.584 -8.708 -9.479 -6.43 -7.753 -8.787 -9.403 -9.862 -7.907 -6.668 -8.22 -10.391 -10.711 -10.771 -8.367
15.582385 -4.282 0.916 -0.05 -1.753 -4.539 -6.542 -4.657 -2.25 -4.67 -6.66 -8.245 -9.322 -2.027 -5.39 -7.519 -8.643 -9.414 -6.364 -7.688 -8.722 -9.338 -9.797 -7.842 -6.603 -8.155 -10.325 -10.646 -10.706 -8.302
16.053663 -4.217 0.981 0.016 -1.687 -4.474 -6.476 -4.592 -2.184 -4.605 -6.595 -8.18 -9.256 -1.961 -5.324 -7.453 -8.578 -9.349 -6.299 -7.623 -8.656 -9.272 -9.731 -7.776 -6.538 -8.09 -10.26 -10.58 -10.641 -8.236
16.539195 -4.151 1.047 0.081 -1.622 -4.409 -6.411 -4.526 -2.119 -4.54 -6.529 -8.114 -9.191 -1.896 -5.259 -7.388 -8.512 -9.283 -6.234 -7.557 -8.591 -9.207 -9.666 -7.711 -6.472 -8.024 -10.194 -10.515 -10.575 -8.171
17.039412 -4.086 1.113 0.147 -1.556 -4.343 -6.345 -4.461 -2.053 -4.474 -6.464 -8.048 -9.125 -1.83 -5.193 -7.322 -8.447 -9.218 -6.168 -7.491 -8.525 -9.141 -9.6 -7.645 -6.407 -7.959 -10.129 -10.449 -10.51 -8.105
17.554757 -4.02 1.178 0.213 -1.49 -4.277 -6.279 -4.395 -1.987 -4.408 -6.398 -7.983 -9.059 -1.764 -5.127 -7.256 -8.381 -9.152 -6.102 -7.426 -8.459 -9.075 -9.534 -7.579 -6.341 -7.893 -10.063 -10.383 -10.444 -8.039
18.085689 -3.954 1.244 0.278 -1.424 -4.211 -6.213 -4.329 -1.921 -4.342 -6.332 -7.917 -8.994 -1.699 -5.062 -7.19 -8.315 -9.086 -6.036 -7.36 -8.394 -9.009 -9.468 -7.513 -6.275 -7.827 -9.997 -10.317 -10.378 -7.973
18.632678 -3.888 1.31 0.344 -1.358 -4.145 -6.147 -4.263 -1.855 -4.276 -6.266 -7.851 -8.927 -1.632 -4.996 -7.124 -8.249 -9.02 -5.97 -7.294 -8.328 -8.943 -9.402 -7.447 -6.209 -7.761 -9.931 -10.251 -10.312 -7.907
19.196211 -3.822 1.377 0.411 -1.292 -4.079 -6.081 -4.197 -1.789 -4.21 -6.2 -7.784 -8.861 -1.566 -4.929 -7.058 -8.183 -8.954 -5.904 -7.227 -8.261 -8.877 -9.336 -7.381 -6.143 -7.695 -9.865 -10.185 -10.246 -7.841
19.776787 -3.756 1.443 0.477 -1.226 -4.013 -6.015 -4.13 -1.723 -4.144 -6.133 -7.718 -8.795 -1.5 -4.863 -6.992 -8.116 -8.887 -5.838 -7.161 -8.195 -8.811 -9.27 -7.315 -6.076 -7.628 -9.799 -10.119 -10.179 -7.775
20.374923 -3.689 1.509 0.543 -1.159 -3.946 -5.948 -4.064 -1.656 -4.077 -6.067 -7.652 -8.729 -1.434 -4.797 -6.925 -8.05 -8.821 -5.771 -7.095 -8.129 -8.744 -9.204 -7.248 -6.01 -7.562 -9.732 -10.052 -10.113 -7.708
20.991149 -3.623 1.576 0.61 -1.093 -3.88 -5.882 -3.997 -1.59 -4.011 -6.0 -7.585 -8.662 -1.367 -4.73 -6.859 -7.983 -8.754 -5.705 -7.028 -8.062 -8.678 -9.137 -7.182 -5.943 -7.496 -9.666 -9.986 -10.046 -7.642
21.626011 -3.556 1.642 0.677 -1.026 -3.813 -5.815 -3.931 -1.523 -3.944 -5.934 -7.519 -8.595 -1.3 -4.663 -6.792 -7.917 -8.688 -5.638 -6.962 -7.995 -8.611 -9.07 -7.115 -5.877 -7.429 -9.599 -9.919 -9.98 -7.575
22.280075 -3.489 1.709 0.743 -0.96 -3.746 -5.748 -3.864 -1.456 -3.877 -5.867 -7.452 -8.529 -1.234 -4.597 -6.725 -7.85 -8.621 -5.571 -6.895 -7.929 -8.544 -9.004 -7.048 -5.81 -7.362 -9.532 -9.852 -9.913 -7.509
22.953921 -3.422 1.776 0.81 -0.893 -3.679 -5.682 -3.797 -1.389 -3.81 -5.8 -7.385 -8.462 -1.167 -4.53 -6.659 -7.783 -8.554 -5.504 -6.828 -7.862 -8.477 -8.937 -6.982 -5.743 -7.295 -9.465 -9.785 -9.846 -7.442
23.648147 -3.355 1.843 0.877 -0.826 -3.612 -5.615 -3.73 -1.322 -3.743 -5.733 -7.318 -8.395 -1.1 -4.463 -6.591 -7.716 -8.487 -5.437 -6.761 -7.795 -8.41 -8.87 -6.915 -5.676 -7.228 -9.398 -9.718 -9.779 -7.375
24.363369 -3.288 1.91 0.944 -0.758 -3.545 -5.547 -3.663 -1.255 -3.676 -5.666 -7.251 -8.328 -1.033 -4.396 -6.524 -7.649 -8.42 -5.37 -6.694 -7.728 -8.343 -8.803 -6.847 -5.609 -7.161 -9.331 -9.651 -9.712 -7.307
25.100222 -3.221 1.977 1.012 -0.691 -3.478 -5.48 -3.596 -1.188 -3.609 -5.599 -7.183 -8.26 -0.965 -4.328 -6.457 -7.582 -8.353 -5.303 -6.627 -7.66 -8.276 -8.735 -6.78 -5.542 -7.094 -9.264 -9.584 -9.645 -7.24
25.859362 -3.154 2.045 1.079 -0.624 -3.411 -5.413 -3.528 -1.121 -3.542 -5.531 -7.116 -8.193 -0.898 -4.261 -6.39 -7.514 -8.285 -5.236 -6.559 -7.593 -8.209 -8.668 -6.713 -5.474 -7.026 -9.197 -9.517 -9.577 -7.173
26.64146 -3.086 2.112 1.146 -0.556 -3.343 -5.345 -3.461 -1.053 -3.474 -5.464 -7.049 -8.126 -0.831 -4.194 -6.322 -7.447 -8.218 -5.168 -6.492 -7.526 -8.141 -8.6 -6.645 -5.407 -6.959 -9.129 -9.449 -9.51 -7.105
27.447213 -3.019 2.18 1.214 -0.489 -3.276 -5.278 -3.393 -0.986 -3.407 -5.396 -6.981 -8.058 -0.763 -4.126 -6.255 -7.379 -8.15 -5.101 -6.424 -7.458 -8.074 -8.533 -6.578 -5.339 -6.891 -9.062 -9.382 -9.442 -7.038
28.277335 -2.951 2.247 1.282 -0.421 -3.208 -5.21 -3.326 -0.918 -3.339 -5.329 -6.913 -7.99 -0.695 -4.058 -6.187 -7.312 -8.083 -5.033 -6.356 -7.39 -8.006 -8.465 -6.51 -5.272 -6.824 -8.994 -9.314 -9.375 -6.97
29.132564 -2.883 2.315 1.349 -0.353 -3.14 -5.142 -3.258 -0.85 -3.271 -5.261 -6.846 -7.923 -0.628 -3.991 -6.119 -7.244 -8.015 -4.965 -6.289 -7.323 -7.938 -8.398 -6.442 -5.204 -6.756 -8.926 -9.246 -9.307 -6.902
