web/models/kne.last_good/kappa_0.5_3.0.v2/2/villar_0.0120_0.0300_0.5000.dat
# %ECSV 1.0
# ---
# datatype:
# - {name: time, datatype: float64}
# - {name: swift_uvot_uvw2, datatype: float64}
# - {name: swift_uvot_uvm2, datatype: float64}
# - {name: swift_uvot_uvw1, datatype: float64}
# - {name: swift_uvot_U, datatype: float64}
# - {name: swift_uvot_B, datatype: float64}
# - {name: swift_uvot_V, datatype: float64}
# - {name: swift_uvot_W, datatype: float64}
# - {name: johnson_U, datatype: float64}
# - {name: johnson_B, datatype: float64}
# - {name: johnson_V, datatype: float64}
# - {name: johnson_R, datatype: float64}
# - {name: johnson_I, datatype: float64}
# - {name: sdss_u, datatype: float64}
# - {name: sdss_g, datatype: float64}
# - {name: sdss_r, datatype: float64}
# - {name: sdss_i, datatype: float64}
# - {name: sdss_z, datatype: float64}
# - {name: PS1_g, datatype: float64}
# - {name: PS1_r, datatype: float64}
# - {name: PS1_i, datatype: float64}
# - {name: PS1_z, datatype: float64}
# - {name: PS1_Y, datatype: float64}
# - {name: PS1_w, datatype: float64}
# - {name: ATLAS_c, datatype: float64}
# - {name: ATLAS_o, datatype: float64}
# - {name: ukirt_J, datatype: float64}
# - {name: ukirt_H, datatype: float64}
# - {name: ukirt_K, datatype: float64}
# - {name: Clear, datatype: float64}
# meta: !!omap
# - comment: [kappa = 0.5, type = villar, mass = 0.012011244339858356, velocity = 0.030000000000000027, theta_obs = 0.0, tfloor = 2500.0]
# schema: astropy-2.0
time swift_uvot_uvw2 swift_uvot_uvm2 swift_uvot_uvw1 swift_uvot_U swift_uvot_B swift_uvot_V swift_uvot_W johnson_U johnson_B johnson_V johnson_R johnson_I sdss_u sdss_g sdss_r sdss_i sdss_z PS1_g PS1_r PS1_i PS1_z PS1_Y PS1_w ATLAS_c ATLAS_o ukirt_J ukirt_H ukirt_K Clear
[from data line 75]
0.009344 -14.963 -11.858 -10.551 -9.837 -9.347 -8.86 -10.416 -9.761 -9.343 -8.848 -8.386 -7.865 -9.773 -9.191 -8.587 -8.169 -7.787 -12.058 -11.834 -11.836 -12.232 -13.212 -8.685 -8.957 -8.419 -7.049 -6.466 -5.803 -8.795
0.009626 -14.949 -11.862 -10.588 -9.874 -9.384 -8.898 -10.453 -9.798 -9.38 -8.886 -8.423 -7.903 -9.81 -9.228 -8.625 -8.206 -7.825 -12.046 -11.821 -11.823 -12.218 -13.196 -8.723 -8.994 -8.456 -7.087 -6.503 -5.841 -8.832
0.009917 -14.934 -11.867 -10.625 -9.911 -9.421 -8.935 -10.49 -9.836 -9.418 -8.923 -8.461 -7.94 -9.847 -9.266 -8.662 -8.244 -7.863 -12.034 -11.808 -11.809 -12.203 -13.181 -8.76 -9.032 -8.494 -7.124 -6.541 -5.879 -8.87
0.010217 -14.92 -11.872 -10.662 -9.948 -9.459 -8.973 -10.526 -9.873 -9.455 -8.961 -8.498 -7.978 -9.885 -9.303 -8.7 -8.281 -7.9 -12.023 -11.796 -11.796 -12.189 -13.166 -8.798 -9.069 -8.531 -7.162 -6.579 -5.917 -8.907
0.010526 -14.906 -11.878 -10.699 -9.985 -9.496 -9.01 -10.563 -9.91 -9.492 -8.998 -8.536 -8.015 -9.922 -9.34 -8.737 -8.319 -7.938 -12.011 -11.783 -11.782 -12.174 -13.151 -8.835 -9.107 -8.569 -7.2 -6.617 -5.954 -8.945
0.010845 -14.892 -11.884 -10.736 -10.023 -9.533 -9.048 -10.6 -9.947 -9.53 -9.036 -8.573 -8.053 -9.959 -9.378 -8.775 -8.357 -7.976 -12.0 -11.771 -11.769 -12.16 -13.136 -8.872 -9.144 -8.606 -7.238 -6.655 -5.992 -8.982
0.011173 -14.878 -11.891 -10.772 -10.06 -9.571 -9.085 -10.637 -9.984 -9.567 -9.073 -8.611 -8.091 -9.996 -9.415 -8.812 -8.394 -8.013 -11.989 -11.759 -11.756 -12.146 -13.121 -8.91 -9.181 -8.644 -7.275 -6.692 -6.03 -9.019
0.011511 -14.864 -11.898 -10.809 -10.097 -9.608 -9.122 -10.673 -10.021 -9.604 -9.111 -8.649 -8.128 -10.033 -9.452 -8.85 -8.432 -8.051 -11.979 -11.747 -11.743 -12.131 -13.106 -8.947 -9.219 -8.681 -7.313 -6.73 -6.068 -9.057
0.011859 -14.851 -11.906 -10.846 -10.134 -9.645 -9.16 -10.71 -10.059 -9.642 -9.148 -8.686 -8.166 -10.07 -9.49 -8.887 -8.469 -8.089 -11.968 -11.735 -11.73 -12.117 -13.091 -8.985 -9.256 -8.719 -7.351 -6.768 -6.106 -9.094
0.012217 -14.837 -11.915 -10.883 -10.171 -9.683 -9.197 -10.747 -10.096 -9.679 -9.185 -8.724 -8.204 -10.107 -9.527 -8.925 -8.507 -8.126 -11.958 -11.724 -11.717 -12.103 -13.076 -9.022 -9.293 -8.756 -7.388 -6.806 -6.144 -9.132
0.012587 -14.823 -11.924 -10.919 -10.208 -9.72 -9.235 -10.783 -10.133 -9.716 -9.223 -8.761 -8.241 -10.145 -9.564 -8.962 -8.545 -8.164 -11.948 -11.712 -11.704 -12.089 -13.061 -9.06 -9.331 -8.794 -7.426 -6.843 -6.181 -9.169
0.012968 -14.81 -11.934 -10.956 -10.245 -9.757 -9.272 -10.82 -10.17 -9.753 -9.26 -8.799 -8.279 -10.182 -9.602 -9.0 -8.582 -8.202 -11.938 -11.701 -11.692 -12.075 -13.046 -9.097 -9.368 -8.831 -7.464 -6.881 -6.219 -9.206
0.01336 -14.797 -11.945 -10.992 -10.282 -9.794 -9.309 -10.856 -10.207 -9.79 -9.298 -8.836 -8.316 -10.219 -9.639 -9.037 -8.62 -8.239 -11.928 -11.69 -11.679 -12.061 -13.031 -9.134 -9.406 -8.869 -7.502 -6.919 -6.257 -9.244
0.013764 -14.783 -11.956 -11.029 -10.319 -9.831 -9.347 -10.893 -10.244 -9.828 -9.335 -8.873 -8.354 -10.256 -9.676 -9.075 -8.657 -8.277 -11.919 -11.679 -11.667 -12.047 -13.016 -9.172 -9.443 -8.906 -7.539 -6.957 -6.295 -9.281
0.01418 -14.77 -11.968 -11.065 -10.356 -9.869 -9.384 -10.929 -10.281 -9.865 -9.372 -8.911 -8.392 -10.293 -9.713 -9.112 -8.695 -8.314 -11.91 -11.669 -11.655 -12.034 -13.001 -9.209 -9.48 -8.944 -7.577 -6.994 -6.333 -9.318
0.014609 -14.757 -11.98 -11.102 -10.393 -9.906 -9.421 -10.966 -10.318 -9.902 -9.41 -8.948 -8.429 -10.33 -9.75 -9.149 -8.732 -8.352 -11.901 -11.658 -11.643 -12.02 -12.986 -9.246 -9.517 -8.981 -7.615 -7.032 -6.37 -9.355
0.015051 -14.744 -11.993 -11.138 -10.43 -9.943 -9.459 -11.002 -10.355 -9.939 -9.447 -8.986 -8.467 -10.367 -9.788 -9.187 -8.77 -8.389 -11.892 -11.648 -11.631 -12.007 -12.971 -9.284 -9.555 -9.019 -7.652 -7.07 -6.408 -9.393
0.015506 -14.731 -12.007 -11.175 -10.467 -9.98 -9.496 -11.038 -10.392 -9.976 -9.484 -9.023 -8.504 -10.403 -9.825 -9.224 -8.807 -8.427 -11.884 -11.638 -11.619 -11.993 -12.956 -9.321 -9.592 -9.056 -7.69 -7.108 -6.446 -9.43
0.015975 -14.718 -12.021 -11.211 -10.503 -10.017 -9.533 -11.075 -10.429 -10.013 -9.521 -9.061 -8.542 -10.44 -9.862 -9.261 -8.844 -8.465 -11.876 -11.628 -11.608 -11.98 -12.941 -9.358 -9.629 -9.093 -7.728 -7.145 -6.484 -9.467
0.016458 -14.706 -12.035 -11.247 -10.54 -10.054 -9.57 -11.111 -10.465 -10.05 -9.559 -9.098 -8.579 -10.477 -9.899 -9.299 -8.882 -8.502 -11.868 -11.619 -11.596 -11.966 -12.927 -9.396 -9.666 -9.131 -7.765 -7.183 -6.522 -9.504
0.016956 -14.693 -12.051 -11.284 -10.577 -10.091 -9.608 -11.147 -10.502 -10.087 -9.596 -9.135 -8.617 -10.514 -9.936 -9.336 -8.919 -8.54 -11.861 -11.61 -11.585 -11.953 -12.912 -9.433 -9.703 -9.168 -7.803 -7.221 -6.559 -9.542
0.017469 -14.681 -12.066 -11.32 -10.614 -10.128 -9.645 -11.183 -10.539 -10.124 -9.633 -9.173 -8.654 -10.551 -9.973 -9.373 -8.957 -8.577 -11.854 -11.601 -11.574 -11.94 -12.897 -9.47 -9.741 -9.206 -7.841 -7.259 -6.597 -9.579
0.017997 -14.668 -12.083 -11.356 -10.651 -10.165 -9.682 -11.219 -10.576 -10.161 -9.67 -9.21 -8.692 -10.588 -10.01 -9.411 -8.994 -8.615 -11.848 -11.592 -11.564 -11.927 -12.883 -9.507 -9.778 -9.243 -7.878 -7.296 -6.635 -9.616
0.018541 -14.656 -12.1 -11.392 -10.687 -10.202 -9.719 -11.255 -10.613 -10.198 -9.707 -9.247 -8.729 -10.624 -10.047 -9.448 -9.032 -8.652 -11.841 -11.584 -11.553 -11.914 -12.868 -9.544 -9.815 -9.28 -7.916 -7.334 -6.673 -9.653
0.019102 -14.644 -12.117 -11.428 -10.724 -10.239 -9.756 -11.291 -10.649 -10.235 -9.745 -9.285 -8.766 -10.661 -10.084 -9.485 -9.069 -8.69 -11.835 -11.576 -11.543 -11.902 -12.853 -9.582 -9.852 -9.317 -7.953 -7.372 -6.711 -9.69
0.01968 -14.632 -12.135 -11.464 -10.761 -10.276 -9.794 -11.327 -10.686 -10.272 -9.782 -9.322 -8.804 -10.698 -10.121 -9.522 -9.106 -8.727 -11.83 -11.568 -11.533 -11.889 -12.839 -9.619 -9.889 -9.355 -7.991 -7.409 -6.748 -9.727
0.020275 -14.621 -12.154 -11.5 -10.797 -10.313 -9.831 -11.363 -10.723 -10.309 -9.819 -9.359 -8.841 -10.734 -10.158 -9.56 -9.144 -8.764 -11.825 -11.561 -11.523 -11.877 -12.824 -9.656 -9.926 -9.392 -8.029 -7.447 -6.786 -9.764
0.020888 -14.609 -12.172 -11.536 -10.834 -10.35 -9.868 -11.399 -10.759 -10.346 -9.856 -9.396 -8.879 -10.771 -10.195 -9.597 -9.181 -8.802 -11.82 -11.554 -11.513 -11.864 -12.81 -9.693 -9.963 -9.429 -8.066 -7.485 -6.824 -9.801
0.02152 -14.598 -12.192 -11.572 -10.87 -10.386 -9.905 -11.435 -10.796 -10.383 -9.893 -9.434 -8.916 -10.808 -10.232 -9.634 -9.218 -8.839 -11.816 -11.547 -11.504 -11.852 -12.796 -9.73 -10.0 -9.466 -8.104 -7.522 -6.862 -9.838
0.022171 -14.587 -12.212 -11.608 -10.907 -10.423 -9.942 -11.471 -10.832 -10.419 -9.93 -9.471 -8.954 -10.844 -10.269 -9.671 -9.256 -8.877 -11.812 -11.541 -11.495 -11.84 -12.781 -9.767 -10.037 -9.504 -8.141 -7.56 -6.899 -9.875
0.022841 -14.576 -12.232 -11.644 -10.943 -10.46 -9.979 -11.506 -10.869 -10.456 -9.967 -9.508 -8.991 -10.881 -10.306 -9.708 -9.293 -8.914 -11.809 -11.535 -11.486 -11.829 -12.767 -9.804 -10.074 -9.541 -8.179 -7.598 -6.937 -9.912
0.023532 -14.565 -12.253 -11.679 -10.98 -10.497 -10.016 -11.542 -10.905 -10.493 -10.004 -9.545 -9.028 -10.917 -10.343 -9.745 -9.33 -8.951 -11.806 -11.529 -11.478 -11.817 -12.753 -9.841 -10.111 -9.578 -8.216 -7.635 -6.975 -9.949
0.024244 -14.555 -12.274 -11.715 -11.016 -10.533 -10.053 -11.578 -10.942 -10.53 -10.041 -9.582 -9.066 -10.953 -10.379 -9.782 -9.367 -8.989 -11.803 -11.524 -11.47 -11.805 -12.739 -9.878 -10.148 -9.615 -8.254 -7.673 -7.012 -9.986
0.024977 -14.544 -12.296 -11.751 -11.052 -10.57 -10.09 -11.613 -10.978 -10.566 -10.078 -9.619 -9.103 -10.99 -10.416 -9.819 -9.405 -9.026 -11.801 -11.519 -11.462 -11.794 -12.725 -9.915 -10.185 -9.652 -8.292 -7.711 -7.05 -10.023
0.025733 -14.534 -12.318 -11.786 -11.089 -10.607 -10.127 -11.649 -11.014 -10.603 -10.115 -9.657 -9.14 -11.026 -10.453 -9.856 -9.442 -9.063 -11.8 -11.515 -11.454 -11.783 -12.711 -9.952 -10.222 -9.689 -8.329 -7.748 -7.088 -10.06
0.026511 -14.524 -12.341 -11.822 -11.125 -10.643 -10.164 -11.684 -11.051 -10.64 -10.152 -9.694 -9.177 -11.062 -10.49 -9.893 -9.479 -9.101 -11.798 -11.511 -11.447 -11.772 -12.697 -9.989 -10.258 -9.726 -8.367 -7.786 -7.126 -10.097
0.027313 -14.514 -12.364 -11.857 -11.161 -10.68 -10.2 -11.719 -11.087 -10.676 -10.189 -9.731 -9.215 -11.099 -10.526 -9.93 -9.516 -9.138 -11.798 -11.507 -11.44 -11.762 -12.683 -10.026 -10.295 -9.763 -8.404 -7.823 -7.163 -10.134
0.028139 -14.505 -12.387 -11.892 -11.197 -10.716 -10.237 -11.755 -11.123 -10.713 -10.225 -9.768 -9.252 -11.135 -10.563 -9.967 -9.553 -9.175 -11.798 -11.504 -11.433 -11.751 -12.669 -10.063 -10.332 -9.8 -8.442 -7.861 -7.201 -10.17
0.02899 -14.496 -12.411 -11.928 -11.233 -10.753 -10.274 -11.79 -11.159 -10.749 -10.262 -9.805 -9.289 -11.171 -10.599 -10.004 -9.59 -9.213 -11.798 -11.501 -11.427 -11.741 -12.656 -10.1 -10.369 -9.837 -8.479 -7.899 -7.239 -10.207
0.029867 -14.487 -12.435 -11.963 -11.269 -10.789 -10.311 -11.825 -11.196 -10.786 -10.299 -9.842 -9.326 -11.207 -10.636 -10.041 -9.627 -9.25 -11.799 -11.499 -11.422 -11.731 -12.642 -10.136 -10.405 -9.874 -8.516 -7.936 -7.276 -10.244
0.03077 -14.478 -12.459 -11.998 -11.305 -10.826 -10.348 -11.86 -11.232 -10.822 -10.336 -9.879 -9.364 -11.243 -10.673 -10.078 -9.665 -9.287 -11.801 -11.498 -11.416 -11.721 -12.628 -10.173 -10.442 -9.911 -8.554 -7.974 -7.314 -10.281
0.031701 -14.469 -12.484 -12.033 -11.341 -10.862 -10.384 -11.895 -11.268 -10.858 -10.373 -9.916 -9.401 -11.279 -10.709 -10.115 -9.702 -9.324 -11.803 -11.496 -11.411 -11.712 -12.615 -10.21 -10.479 -9.948 -8.591 -8.011 -7.352 -10.317
0.032659 -14.461 -12.509 -12.068 -11.377 -10.899 -10.421 -11.93 -11.304 -10.895 -10.409 -9.953 -9.438 -11.315 -10.745 -10.152 -9.739 -9.361 -11.805 -11.496 -11.407 -11.702 -12.602 -10.247 -10.515 -9.985 -8.629 -8.049 -7.389 -10.354
0.033647 -14.453 -12.534 -12.103 -11.413 -10.935 -10.458 -11.964 -11.34 -10.931 -10.446 -9.99 -9.475 -11.351 -10.782 -10.189 -9.776 -9.399 -11.809 -11.495 -11.402 -11.693 -12.589 -10.283 -10.552 -10.022 -8.666 -8.086 -7.427 -10.39
0.034665 -14.446 -12.559 -12.138 -11.449 -10.971 -10.494 -11.999 -11.375 -10.967 -10.482 -10.026 -9.512 -11.387 -10.818 -10.225 -9.813 -9.436 -11.812 -11.496 -11.399 -11.685 -12.575 -10.32 -10.588 -10.059 -8.703 -8.124 -7.464 -10.427
0.035713 -14.438 -12.585 -12.173 -11.485 -11.007 -10.531 -12.034 -11.411 -11.004 -10.519 -10.063 -9.549 -11.423 -10.855 -10.262 -9.85 -9.473 -11.817 -11.497 -11.395 -11.676 -12.563 -10.357 -10.625 -10.096 -8.741 -8.161 -7.502 -10.463
0.036793 -14.431 -12.611 -12.207 -11.52 -11.043 -10.567 -12.068 -11.447 -11.04 -10.556 -10.1 -9.586 -11.459 -10.891 -10.299 -9.886 -9.51 -11.821 -11.498 -11.392 -11.668 -12.55 -10.393 -10.661 -10.133 -8.778 -8.199 -7.54 -10.5
0.037906 -14.424 -12.637 -12.242 -11.556 -11.08 -10.604 -12.103 -11.483 -11.076 -10.592 -10.137 -9.623 -11.494 -10.927 -10.336 -9.923 -9.547 -11.827 -11.5 -11.39 -11.66 -12.537 -10.43 -10.698 -10.169 -8.815 -8.236 -7.577 -10.536
0.039052 -14.418 -12.664 -12.276 -11.592 -11.116 -10.64 -12.137 -11.518 -11.112 -10.629 -10.174 -9.66 -11.53 -10.963 -10.372 -9.96 -9.584 -11.833 -11.502 -11.388 -11.653 -12.524 -10.466 -10.734 -10.206 -8.853 -8.274 -7.615 -10.573
0.040234 -14.412 -12.691 -12.311 -11.627 -11.152 -10.677 -12.171 -11.554 -11.148 -10.665 -10.21 -9.697 -11.566 -10.999 -10.409 -9.997 -9.621 -11.839 -11.505 -11.387 -11.646 -12.512 -10.503 -10.77 -10.243 -8.89 -8.311 -7.652 -10.609
0.04145 -14.406 -12.718 -12.345 -11.663 -11.188 -10.713 -12.206 -11.59 -11.184 -10.701 -10.247 -9.734 -11.601 -11.036 -10.445 -10.034 -9.658 -11.847 -11.509 -11.386 -11.639 -12.5 -10.539 -10.807 -10.279 -8.927 -8.349 -7.69 -10.645
0.042704 -14.4 -12.745 -12.379 -11.698 -11.224 -10.749 -12.24 -11.625 -11.22 -10.738 -10.284 -9.771 -11.637 -11.072 -10.482 -10.071 -9.695 -11.854 -11.513 -11.385 -11.632 -12.487 -10.576 -10.843 -10.316 -8.965 -8.386 -7.728 -10.682
0.043996 -14.395 -12.772 -12.413 -11.733 -11.259 -10.786 -12.274 -11.66 -11.256 -10.774 -10.32 -9.808 -11.672 -11.108 -10.518 -10.107 -9.732 -11.863 -11.518 -11.385 -11.626 -12.475 -10.612 -10.879 -10.353 -9.002 -8.423 -7.765 -10.718
0.045326 -14.39 -12.799 -12.447 -11.769 -11.295 -10.822 -12.308 -11.696 -11.291 -10.81 -10.357 -9.845 -11.707 -11.144 -10.555 -10.144 -9.769 -11.872 -11.523 -11.386 -11.62 -12.463 -10.648 -10.915 -10.389 -9.039 -8.461 -7.803 -10.754
0.046697 -14.386 -12.827 -12.481 -11.804 -11.331 -10.858 -12.341 -11.731 -11.327 -10.847 -10.393 -9.882 -11.743 -11.18 -10.591 -10.181 -9.806 -11.881 -11.529 -11.387 -11.615 -12.452 -10.685 -10.951 -10.426 -9.076 -8.498 -7.84 -10.79
0.048109 -14.382 -12.855 -12.515 -11.839 -11.367 -10.894 -12.375 -11.766 -11.363 -10.883 -10.43 -9.919 -11.778 -11.215 -10.628 -10.218 -9.843 -11.891 -11.536 -11.389 -11.61 -12.44 -10.721 -10.987 -10.462 -9.113 -8.536 -7.878 -10.826
0.049564 -14.378 -12.882 -12.549 -11.874 -11.402 -10.93 -12.409 -11.801 -11.399 -10.919 -10.466 -9.955 -11.813 -11.251 -10.664 -10.254 -9.88 -11.902 -11.543 -11.391 -11.606 -12.429 -10.757 -11.023 -10.499 -9.151 -8.573 -7.915 -10.862
0.051063 -14.374 -12.91 -12.582 -11.909 -11.438 -10.967 -12.442 -11.837 -11.434 -10.955 -10.503 -9.992 -11.848 -11.287 -10.7 -10.291 -9.916 -11.913 -11.551 -11.394 -11.601 -12.418 -10.793 -11.059 -10.535 -9.188 -8.61 -7.953 -10.898
0.052608 -14.371 -12.938 -12.616 -11.944 -11.473 -11.003 -12.475 -11.871 -11.47 -10.991 -10.539 -10.029 -11.883 -11.323 -10.737 -10.327 -9.953 -11.925 -11.559 -11.397 -11.598 -12.407 -10.829 -11.095 -10.571 -9.225 -8.648 -7.99 -10.934
0.054199 -14.369 -12.966 -12.649 -11.979 -11.509 -11.039 -12.509 -11.906 -11.505 -11.027 -10.575 -10.066 -11.918 -11.358 -10.773 -10.364 -9.99 -11.937 -11.568 -11.401 -11.594 -12.396 -10.865 -11.131 -10.608 -9.262 -8.685 -8.028 -10.97
0.055838 -14.366 -12.995 -12.682 -12.013 -11.544 -11.074 -12.542 -11.941 -11.541 -11.063 -10.612 -10.102 -11.953 -11.394 -10.809 -10.4 -10.027 -11.95 -11.577 -11.406 -11.592 -12.385 -10.901 -11.167 -10.644 -9.299 -8.722 -8.065 -11.006
0.057527 -14.364 -13.023 -12.716 -12.048 -11.58 -11.11 -12.575 -11.976 -11.576 -11.099 -10.648 -10.139 -11.988 -11.429 -10.845 -10.437 -10.063 -11.964 -11.587 -11.411 -11.589 -12.375 -10.937 -11.202 -10.68 -9.336 -8.759 -8.103 -11.042
0.059267 -14.363 -13.051 -12.749 -12.082 -11.615 -11.146 -12.607 -12.011 -11.611 -11.135 -10.684 -10.175 -12.022 -11.465 -10.881 -10.473 -10.1 -11.978 -11.598 -11.416 -11.587 -12.365 -10.973 -11.238 -10.716 -9.373 -8.797 -8.14 -11.078
0.061059 -14.362 -13.079 -12.781 -12.117 -11.65 -11.182 -12.64 -12.045 -11.646 -11.17 -10.72 -10.212 -12.057 -11.5 -10.917 -10.51 -10.137 -11.993 -11.609 -11.422 -11.586 -12.355 -11.009 -11.274 -10.753 -9.41 -8.834 -8.177 -11.113
0.062906 -14.361 -13.108 -12.814 -12.151 -11.685 -11.218 -12.673 -12.08 -11.681 -11.206 -10.757 -10.249 -12.091 -11.535 -10.953 -10.546 -10.173 -12.008 -11.621 -11.429 -11.585 -12.345 -11.045 -11.309 -10.789 -9.447 -8.871 -8.215 -11.149
0.064808 -14.36 -13.136 -12.847 -12.186 -11.72 -11.253 -12.705 -12.114 -11.717 -11.242 -10.793 -10.285 -12.126 -11.571 -10.989 -10.582 -10.21 -12.023 -11.633 -11.437 -11.585 -12.336 -11.08 -11.345 -10.825 -9.484 -8.908 -8.252 -11.184
0.066769 -14.36 -13.164 -12.879 -12.22 -11.755 -11.289 -12.737 -12.148 -11.751 -11.277 -10.829 -10.322 -12.16 -11.606 -11.025 -10.618 -10.246 -12.04 -11.646 -11.445 -11.585 -12.327 -11.116 -11.38 -10.861 -9.521 -8.946 -8.29 -11.22
0.068788 -14.361 -13.193 -12.911 -12.254 -11.79 -11.324 -12.769 -12.183 -11.786 -11.313 -10.865 -10.358 -12.194 -11.641 -11.061 -10.655 -10.283 -12.056 -11.66 -11.453 -11.585 -12.318 -11.152 -11.416 -10.897 -9.558 -8.983 -8.327 -11.255
0.070868 -14.361 -13.221 -12.944 -12.288 -11.825 -11.36 -12.801 -12.217 -11.821 -11.348 -10.901 -10.394 -12.228 -11.676 -11.097 -10.691 -10.319 -12.074 -11.674 -11.462 -11.587 -12.31 -11.187 -11.451 -10.933 -9.595 -9.02 -8.364 -11.291
