web/models/kne.last_good/kappa_0.5_3.0.v2/16/villar_0.2183_0.4060_0.5000.dat
# %ECSV 1.0
# ---
# datatype:
# - {name: time, datatype: float64}
# - {name: swift_uvot_uvw2, datatype: float64}
# - {name: swift_uvot_uvm2, datatype: float64}
# - {name: swift_uvot_uvw1, datatype: float64}
# - {name: swift_uvot_U, datatype: float64}
# - {name: swift_uvot_B, datatype: float64}
# - {name: swift_uvot_V, datatype: float64}
# - {name: swift_uvot_W, datatype: float64}
# - {name: johnson_U, datatype: float64}
# - {name: johnson_B, datatype: float64}
# - {name: johnson_V, datatype: float64}
# - {name: johnson_R, datatype: float64}
# - {name: johnson_I, datatype: float64}
# - {name: sdss_u, datatype: float64}
# - {name: sdss_g, datatype: float64}
# - {name: sdss_r, datatype: float64}
# - {name: sdss_i, datatype: float64}
# - {name: sdss_z, datatype: float64}
# - {name: PS1_g, datatype: float64}
# - {name: PS1_r, datatype: float64}
# - {name: PS1_i, datatype: float64}
# - {name: PS1_z, datatype: float64}
# - {name: PS1_Y, datatype: float64}
# - {name: PS1_w, datatype: float64}
# - {name: ATLAS_c, datatype: float64}
# - {name: ATLAS_o, datatype: float64}
# - {name: ukirt_J, datatype: float64}
# - {name: ukirt_H, datatype: float64}
# - {name: ukirt_K, datatype: float64}
# - {name: Clear, datatype: float64}
# meta: !!omap
# - comment: [kappa = 0.5, type = villar, mass = 0.21832694463104688, velocity = 0.406, theta_obs = 0.0, tfloor = 2500.0]
# schema: astropy-2.0
time swift_uvot_uvw2 swift_uvot_uvm2 swift_uvot_uvw1 swift_uvot_U swift_uvot_B swift_uvot_V swift_uvot_W johnson_U johnson_B johnson_V johnson_R johnson_I sdss_u sdss_g sdss_r sdss_i sdss_z PS1_g PS1_r PS1_i PS1_z PS1_Y PS1_w ATLAS_c ATLAS_o ukirt_J ukirt_H ukirt_K Clear
[from data line 68]
0.007585 -18.889 -16.146 -15.298 -14.59 -14.103 -13.619 -15.162 -14.515 -14.099 -13.607 -13.146 -12.627 -14.527 -13.948 -13.347 -12.93 -12.55 -16.039 -15.794 -15.776 -16.151 -17.115 -13.444 -13.715 -13.179 -11.813 -11.231 -10.569 -13.553
0.007814 -18.876 -16.16 -15.335 -14.627 -14.14 -13.656 -15.199 -14.552 -14.137 -13.645 -13.184 -12.665 -14.564 -13.985 -13.385 -12.968 -12.588 -16.031 -15.784 -15.765 -16.138 -17.101 -13.482 -13.752 -13.217 -11.851 -11.268 -10.607 -13.59
0.00805 -18.864 -16.174 -15.371 -14.664 -14.178 -13.694 -15.235 -14.589 -14.174 -13.682 -13.221 -12.702 -14.601 -14.023 -13.422 -13.005 -12.625 -16.023 -15.775 -15.753 -16.125 -17.086 -13.519 -13.79 -13.254 -11.888 -11.306 -10.645 -13.628
0.008294 -18.851 -16.189 -15.408 -14.701 -14.215 -13.731 -15.271 -14.626 -14.211 -13.719 -13.259 -12.74 -14.638 -14.06 -13.459 -13.043 -12.663 -16.016 -15.766 -15.742 -16.112 -17.072 -13.556 -13.827 -13.292 -11.926 -11.344 -10.682 -13.665
0.008545 -18.839 -16.205 -15.444 -14.738 -14.252 -13.768 -15.308 -14.663 -14.248 -13.757 -13.296 -12.777 -14.675 -14.097 -13.497 -13.08 -12.7 -16.009 -15.757 -15.732 -16.099 -17.057 -13.594 -13.864 -13.329 -11.964 -11.382 -10.72 -13.702
0.008803 -18.827 -16.221 -15.48 -14.775 -14.289 -13.806 -15.344 -14.7 -14.285 -13.794 -13.334 -12.815 -14.712 -14.134 -13.534 -13.118 -12.738 -16.002 -15.748 -15.721 -16.086 -17.043 -13.631 -13.901 -13.366 -12.002 -11.42 -10.758 -13.74
0.009069 -18.815 -16.238 -15.517 -14.811 -14.326 -13.843 -15.38 -14.737 -14.322 -13.831 -13.371 -12.853 -14.748 -14.171 -13.572 -13.155 -12.776 -15.996 -15.74 -15.711 -16.074 -17.029 -13.668 -13.939 -13.404 -12.039 -11.457 -10.796 -13.777
0.009344 -18.803 -16.255 -15.553 -14.848 -14.363 -13.88 -15.416 -14.773 -14.359 -13.869 -13.408 -12.89 -14.785 -14.208 -13.609 -13.193 -12.813 -15.99 -15.732 -15.7 -16.061 -17.014 -13.706 -13.976 -13.441 -12.077 -11.495 -10.834 -13.814
0.009626 -18.792 -16.273 -15.589 -14.885 -14.4 -13.918 -15.452 -14.81 -14.396 -13.906 -13.446 -12.928 -14.822 -14.245 -13.646 -13.23 -12.851 -15.985 -15.724 -15.691 -16.049 -17.0 -13.743 -14.013 -13.479 -12.115 -11.533 -10.872 -13.851
0.009917 -18.78 -16.291 -15.625 -14.922 -14.437 -13.955 -15.488 -14.847 -14.433 -13.943 -13.483 -12.965 -14.859 -14.283 -13.684 -13.268 -12.888 -15.979 -15.717 -15.681 -16.037 -16.986 -13.78 -14.05 -13.516 -12.152 -11.571 -10.91 -13.888
0.010217 -18.769 -16.31 -15.661 -14.958 -14.474 -13.992 -15.524 -14.884 -14.47 -13.98 -13.521 -13.003 -14.896 -14.32 -13.721 -13.305 -12.926 -15.975 -15.71 -15.671 -16.025 -16.972 -13.817 -14.087 -13.553 -12.19 -11.609 -10.948 -13.926
0.010526 -18.758 -16.329 -15.697 -14.995 -14.511 -14.029 -15.56 -14.921 -14.507 -14.017 -13.558 -13.04 -14.932 -14.357 -13.758 -13.342 -12.963 -15.97 -15.703 -15.662 -16.013 -16.958 -13.855 -14.125 -13.591 -12.228 -11.646 -10.985 -13.963
0.010845 -18.747 -16.349 -15.733 -15.032 -14.548 -14.066 -15.596 -14.957 -14.544 -14.055 -13.595 -13.078 -14.969 -14.394 -13.796 -13.38 -13.001 -15.967 -15.697 -15.653 -16.001 -16.944 -13.892 -14.162 -13.628 -12.266 -11.684 -11.023 -14.0
0.011173 -18.736 -16.369 -15.769 -15.068 -14.585 -14.103 -15.632 -14.994 -14.581 -14.092 -13.633 -13.115 -15.006 -14.431 -13.833 -13.417 -13.038 -15.963 -15.691 -15.645 -15.989 -16.93 -13.929 -14.199 -13.665 -12.303 -11.722 -11.061 -14.037
0.011511 -18.726 -16.39 -15.805 -15.105 -14.622 -14.141 -15.668 -15.03 -14.618 -14.129 -13.67 -13.153 -15.042 -14.468 -13.87 -13.455 -13.076 -15.96 -15.685 -15.636 -15.978 -16.916 -13.966 -14.236 -13.703 -12.341 -11.76 -11.099 -14.074
0.011859 -18.715 -16.411 -15.841 -15.141 -14.659 -14.178 -15.704 -15.067 -14.655 -14.166 -13.707 -13.19 -15.079 -14.505 -13.907 -13.492 -13.113 -15.958 -15.68 -15.628 -15.967 -16.902 -14.003 -14.273 -13.74 -12.379 -11.797 -11.137 -14.111
0.012217 -18.705 -16.433 -15.877 -15.178 -14.695 -14.215 -15.739 -15.104 -14.692 -14.203 -13.744 -13.228 -15.115 -14.541 -13.944 -13.529 -13.151 -15.956 -15.676 -15.621 -15.956 -16.888 -14.04 -14.31 -13.777 -12.416 -11.835 -11.175 -14.148
0.012587 -18.695 -16.455 -15.913 -15.214 -14.732 -14.252 -15.775 -15.14 -14.728 -14.24 -13.782 -13.265 -15.152 -14.578 -13.982 -13.567 -13.188 -15.954 -15.671 -15.613 -15.945 -16.875 -14.077 -14.347 -13.814 -12.454 -11.873 -11.213 -14.185
0.012968 -18.685 -16.477 -15.948 -15.251 -14.769 -14.289 -15.811 -15.177 -14.765 -14.277 -13.819 -13.303 -15.188 -14.615 -14.019 -13.604 -13.226 -15.953 -15.667 -15.606 -15.934 -16.861 -14.114 -14.384 -13.852 -12.492 -11.911 -11.25 -14.222
0.01336 -18.676 -16.5 -15.984 -15.287 -14.806 -14.326 -15.846 -15.213 -14.802 -14.314 -13.856 -13.34 -15.225 -14.652 -14.056 -13.641 -13.263 -15.952 -15.664 -15.599 -15.924 -16.848 -14.152 -14.421 -13.889 -12.529 -11.948 -11.288 -14.259
0.013764 -18.667 -16.523 -16.019 -15.324 -14.842 -14.363 -15.882 -15.249 -14.839 -14.351 -13.893 -13.377 -15.261 -14.689 -14.093 -13.679 -13.301 -15.952 -15.661 -15.593 -15.913 -16.834 -14.189 -14.458 -13.926 -12.567 -11.986 -11.326 -14.296
0.01418 -18.658 -16.547 -16.055 -15.36 -14.879 -14.4 -15.917 -15.286 -14.875 -14.388 -13.931 -13.415 -15.298 -14.726 -14.13 -13.716 -13.338 -15.953 -15.658 -15.587 -15.903 -16.821 -14.226 -14.495 -13.963 -12.604 -12.024 -11.364 -14.333
0.014609 -18.649 -16.571 -16.09 -15.396 -14.916 -14.437 -15.952 -15.322 -14.912 -14.425 -13.968 -13.452 -15.334 -14.762 -14.167 -13.753 -13.376 -15.953 -15.656 -15.581 -15.894 -16.808 -14.263 -14.531 -14.0 -12.642 -12.062 -11.402 -14.37
0.015051 -18.64 -16.595 -16.126 -15.432 -14.952 -14.474 -15.988 -15.358 -14.949 -14.462 -14.005 -13.49 -15.37 -14.799 -14.204 -13.791 -13.413 -15.955 -15.654 -15.576 -15.884 -16.795 -14.3 -14.568 -14.038 -12.68 -12.099 -11.44 -14.407
0.015506 -18.632 -16.62 -16.161 -15.469 -14.989 -14.511 -16.023 -15.395 -14.985 -14.499 -14.042 -13.527 -15.406 -14.836 -14.241 -13.828 -13.45 -15.957 -15.653 -15.571 -15.875 -16.782 -14.336 -14.605 -14.075 -12.717 -12.137 -11.477 -14.444
0.015975 -18.624 -16.645 -16.196 -15.505 -15.026 -14.548 -16.058 -15.431 -15.022 -14.536 -14.079 -13.564 -15.443 -14.872 -14.278 -13.865 -13.488 -15.959 -15.652 -15.566 -15.866 -16.769 -14.373 -14.642 -14.112 -12.755 -12.175 -11.515 -14.481
0.016458 -18.616 -16.67 -16.231 -15.541 -15.062 -14.584 -16.093 -15.467 -15.058 -14.573 -14.116 -13.602 -15.479 -14.909 -14.315 -13.902 -13.525 -15.963 -15.652 -15.562 -15.857 -16.756 -14.41 -14.679 -14.149 -12.792 -12.213 -11.553 -14.517
0.016956 -18.609 -16.696 -16.266 -15.577 -15.099 -14.621 -16.128 -15.503 -15.095 -14.61 -14.153 -13.639 -15.515 -14.946 -14.352 -13.939 -13.562 -15.966 -15.653 -15.559 -15.849 -16.743 -14.447 -14.715 -14.186 -12.83 -12.25 -11.591 -14.554
0.017469 -18.602 -16.721 -16.301 -15.613 -15.135 -14.658 -16.163 -15.539 -15.131 -14.646 -14.19 -13.676 -15.551 -14.982 -14.389 -13.977 -13.6 -15.97 -15.653 -15.555 -15.841 -16.731 -14.484 -14.752 -14.223 -12.868 -12.288 -11.629 -14.591
0.017997 -18.595 -16.747 -16.336 -15.649 -15.171 -14.695 -16.198 -15.575 -15.168 -14.683 -14.227 -13.713 -15.587 -15.019 -14.426 -14.014 -13.637 -15.975 -15.655 -15.553 -15.833 -16.718 -14.521 -14.789 -14.26 -12.905 -12.326 -11.666 -14.628
0.018541 -18.588 -16.774 -16.371 -15.685 -15.208 -14.732 -16.232 -15.611 -15.204 -14.72 -14.264 -13.751 -15.623 -15.055 -14.463 -14.051 -13.674 -15.981 -15.657 -15.55 -15.825 -16.706 -14.558 -14.825 -14.297 -12.943 -12.363 -11.704 -14.664
0.019102 -18.582 -16.8 -16.406 -15.72 -15.244 -14.768 -16.267 -15.647 -15.24 -14.757 -14.301 -13.788 -15.659 -15.092 -14.5 -14.088 -13.712 -15.987 -15.659 -15.549 -15.818 -16.694 -14.594 -14.862 -14.334 -12.98 -12.401 -11.742 -14.701
0.01968 -18.576 -16.827 -16.441 -15.756 -15.28 -14.805 -16.302 -15.683 -15.277 -14.793 -14.338 -13.825 -15.695 -15.128 -14.537 -14.125 -13.749 -15.993 -15.662 -15.547 -15.811 -16.682 -14.631 -14.899 -14.371 -13.018 -12.439 -11.78 -14.737
0.020275 -18.571 -16.854 -16.475 -15.792 -15.317 -14.842 -16.336 -15.719 -15.313 -14.83 -14.375 -13.862 -15.731 -15.164 -14.574 -14.162 -13.786 -16.0 -15.666 -15.546 -15.804 -16.67 -14.668 -14.935 -14.408 -13.055 -12.476 -11.818 -14.774
0.020888 -18.565 -16.881 -16.51 -15.828 -15.353 -14.878 -16.371 -15.755 -15.349 -14.867 -14.412 -13.899 -15.766 -15.201 -14.611 -14.199 -13.823 -16.008 -15.67 -15.546 -15.798 -16.658 -14.704 -14.972 -14.445 -13.093 -12.514 -11.855 -14.811
0.02152 -18.56 -16.909 -16.544 -15.863 -15.389 -14.915 -16.405 -15.79 -15.385 -14.903 -14.449 -13.937 -15.802 -15.237 -14.647 -14.236 -13.86 -16.016 -15.675 -15.546 -15.792 -16.647 -14.741 -15.008 -14.481 -13.13 -12.552 -11.893 -14.847
0.022171 -18.556 -16.936 -16.579 -15.899 -15.425 -14.951 -16.439 -15.826 -15.421 -14.94 -14.486 -13.974 -15.838 -15.273 -14.684 -14.273 -13.898 -16.025 -15.68 -15.547 -15.787 -16.635 -14.778 -15.045 -14.518 -13.168 -12.589 -11.931 -14.883
0.022841 -18.552 -16.964 -16.613 -15.934 -15.461 -14.988 -16.473 -15.862 -15.457 -14.976 -14.523 -14.011 -15.873 -15.309 -14.721 -14.31 -13.935 -16.035 -15.686 -15.548 -15.782 -16.624 -14.814 -15.081 -14.555 -13.205 -12.627 -11.969 -14.92
0.023532 -18.548 -16.992 -16.647 -15.97 -15.497 -15.024 -16.507 -15.897 -15.493 -15.013 -14.559 -14.048 -15.909 -15.346 -14.757 -14.347 -13.972 -16.045 -15.692 -15.55 -15.777 -16.613 -14.851 -15.117 -14.592 -13.242 -12.664 -12.006 -14.956
0.024244 -18.544 -17.02 -16.681 -16.005 -15.533 -15.061 -16.541 -15.933 -15.529 -15.049 -14.596 -14.085 -15.944 -15.382 -14.794 -14.384 -14.009 -16.055 -15.7 -15.552 -15.773 -16.602 -14.887 -15.154 -14.629 -13.28 -12.702 -12.044 -14.993
0.024977 -18.541 -17.048 -16.715 -16.04 -15.569 -15.097 -16.575 -15.968 -15.565 -15.085 -14.633 -14.122 -15.98 -15.418 -14.831 -14.421 -14.046 -16.066 -15.707 -15.555 -15.769 -16.592 -14.924 -15.19 -14.665 -13.317 -12.74 -12.082 -15.029
0.025733 -18.539 -17.077 -16.749 -16.076 -15.605 -15.133 -16.609 -16.003 -15.601 -15.122 -14.67 -14.159 -16.015 -15.454 -14.867 -14.458 -14.083 -16.078 -15.715 -15.558 -15.765 -16.581 -14.96 -15.226 -14.702 -13.355 -12.777 -12.12 -15.065
0.026511 -18.536 -17.105 -16.783 -16.111 -15.641 -15.17 -16.642 -16.039 -15.637 -15.158 -14.706 -14.196 -16.05 -15.49 -14.904 -14.495 -14.12 -16.091 -15.724 -15.562 -15.762 -16.571 -14.996 -15.262 -14.739 -13.392 -12.815 -12.157 -15.101
0.027313 -18.534 -17.133 -16.817 -16.146 -15.676 -15.206 -16.676 -16.074 -15.673 -15.194 -14.743 -14.233 -16.085 -15.526 -14.94 -14.531 -14.157 -16.104 -15.734 -15.567 -15.76 -16.561 -15.033 -15.298 -14.775 -13.43 -12.852 -12.195 -15.138
0.028139 -18.533 -17.162 -16.85 -16.181 -15.712 -15.242 -16.709 -16.109 -15.708 -15.231 -14.78 -14.27 -16.121 -15.561 -14.977 -14.568 -14.194 -16.117 -15.744 -15.572 -15.758 -16.551 -15.069 -15.334 -14.812 -13.467 -12.89 -12.233 -15.174
0.02899 -18.531 -17.191 -16.883 -16.216 -15.748 -15.278 -16.742 -16.144 -15.744 -15.267 -14.816 -14.307 -16.156 -15.597 -15.013 -14.605 -14.231 -16.131 -15.755 -15.578 -15.756 -16.542 -15.105 -15.371 -14.848 -13.504 -12.928 -12.271 -15.21
0.029867 -18.53 -17.219 -16.917 -16.251 -15.783 -15.315 -16.776 -16.179 -15.779 -15.303 -14.853 -14.344 -16.191 -15.633 -15.049 -14.642 -14.268 -16.146 -15.766 -15.584 -15.755 -16.532 -15.141 -15.407 -14.885 -13.542 -12.965 -12.308 -15.246
0.03077 -18.53 -17.248 -16.95 -16.286 -15.819 -15.351 -16.809 -16.214 -15.815 -15.339 -14.889 -14.381 -16.225 -15.669 -15.086 -14.678 -14.305 -16.161 -15.778 -15.591 -15.754 -16.523 -15.178 -15.442 -14.921 -13.579 -13.003 -12.346 -15.282
0.031701 -18.53 -17.277 -16.983 -16.32 -15.854 -15.387 -16.842 -16.249 -15.85 -15.375 -14.926 -14.418 -16.26 -15.704 -15.122 -14.715 -14.342 -16.177 -15.79 -15.598 -15.754 -16.515 -15.214 -15.478 -14.958 -13.616 -13.04 -12.384 -15.318
0.032659 -18.53 -17.305 -17.016 -16.355 -15.89 -15.423 -16.874 -16.283 -15.886 -15.411 -14.962 -14.454 -16.295 -15.74 -15.158 -14.752 -14.379 -16.193 -15.803 -15.606 -15.755 -16.506 -15.25 -15.514 -14.994 -13.653 -13.078 -12.422 -15.354
0.033647 -18.531 -17.334 -17.049 -16.389 -15.925 -15.459 -16.907 -16.318 -15.921 -15.447 -14.998 -14.491 -16.33 -15.776 -15.195 -14.788 -14.416 -16.21 -15.817 -15.615 -15.755 -16.498 -15.286 -15.55 -15.03 -13.691 -13.115 -12.459 -15.39
0.034665 -18.532 -17.363 -17.082 -16.424 -15.96 -15.495 -16.939 -16.353 -15.956 -15.483 -15.035 -14.528 -16.364 -15.811 -15.231 -14.825 -14.453 -16.227 -15.831 -15.624 -15.757 -16.49 -15.322 -15.586 -15.067 -13.728 -13.153 -12.497 -15.425
0.035713 -18.534 -17.392 -17.114 -16.458 -15.995 -15.53 -16.972 -16.387 -15.992 -15.519 -15.071 -14.565 -16.399 -15.846 -15.267 -14.861 -14.49 -16.245 -15.846 -15.634 -15.759 -16.482 -15.358 -15.621 -15.103 -13.765 -13.19 -12.535 -15.461
0.036793 -18.535 -17.421 -17.147 -16.493 -16.031 -15.566 -17.004 -16.422 -16.027 -15.555 -15.107 -14.601 -16.433 -15.882 -15.303 -14.898 -14.526 -16.263 -15.861 -15.645 -15.761 -16.475 -15.393 -15.657 -15.139 -13.802 -13.228 -12.572 -15.497
0.037906 -18.538 -17.449 -17.179 -16.527 -16.066 -15.602 -17.036 -16.456 -16.062 -15.59 -15.144 -14.638 -16.468 -15.917 -15.339 -14.934 -14.563 -16.282 -15.877 -15.656 -15.764 -16.468 -15.429 -15.693 -15.176 -13.84 -13.265 -12.61 -15.532
0.039052 -18.54 -17.478 -17.211 -16.561 -16.101 -15.638 -17.068 -16.49 -16.097 -15.626 -15.18 -14.675 -16.502 -15.952 -15.375 -14.971 -14.6 -16.301 -15.893 -15.667 -15.768 -16.461 -15.465 -15.728 -15.212 -13.877 -13.303 -12.648 -15.568
0.040234 -18.543 -17.507 -17.243 -16.595 -16.136 -15.673 -17.1 -16.524 -16.132 -15.662 -15.216 -14.711 -16.536 -15.987 -15.411 -15.007 -14.637 -16.321 -15.91 -15.68 -15.772 -16.455 -15.501 -15.764 -15.248 -13.914 -13.34 -12.685 -15.603
0.04145 -18.547 -17.535 -17.275 -16.629 -16.17 -15.709 -17.131 -16.558 -16.167 -15.697 -15.252 -14.748 -16.57 -16.022 -15.447 -15.043 -14.673 -16.341 -15.927 -15.692 -15.777 -16.449 -15.536 -15.799 -15.284 -13.951 -13.377 -12.723 -15.639
0.042704 -18.551 -17.564 -17.306 -16.663 -16.205 -15.744 -17.163 -16.592 -16.201 -15.733 -15.288 -14.785 -16.604 -16.057 -15.483 -15.08 -14.71 -16.362 -15.945 -15.706 -15.782 -16.443 -15.572 -15.834 -15.32 -13.988 -13.415 -12.761 -15.674
0.043996 -18.555 -17.593 -17.338 -16.696 -16.24 -15.78 -17.194 -16.626 -16.236 -15.768 -15.324 -14.821 -16.638 -16.092 -15.519 -15.116 -14.746 -16.383 -15.964 -15.72 -15.788 -16.438 -15.608 -15.87 -15.356 -14.025 -13.452 -12.798 -15.71
0.045326 -18.559 -17.621 -17.369 -16.73 -16.274 -15.815 -17.225 -16.66 -16.271 -15.804 -15.36 -14.858 -16.671 -16.127 -15.554 -15.152 -14.783 -16.404 -15.983 -15.734 -15.794 -16.433 -15.643 -15.905 -15.392 -14.063 -13.49 -12.836 -15.745
0.046697 -18.564 -17.649 -17.401 -16.763 -16.309 -15.85 -17.256 -16.694 -16.305 -15.839 -15.396 -14.894 -16.705 -16.162 -15.59 -15.188 -14.82 -16.426 -16.002 -15.749 -15.801 -16.429 -15.679 -15.94 -15.428 -14.1 -13.527 -12.874 -15.78
0.048109 -18.569 -17.678 -17.432 -16.797 -16.343 -15.886 -17.287 -16.727 -16.34 -15.874 -15.432 -14.93 -16.739 -16.197 -15.626 -15.224 -14.856 -16.448 -16.022 -15.765 -15.809 -16.424 -15.714 -15.975 -15.463 -14.137 -13.564 -12.911 -15.815
0.049564 -18.575 -17.706 -17.462 -16.83 -16.378 -15.921 -17.318 -16.761 -16.374 -15.909 -15.468 -14.967 -16.772 -16.231 -15.661 -15.26 -14.893 -16.471 -16.043 -15.781 -15.817 -16.421 -15.749 -16.01 -15.499 -14.174 -13.602 -12.949 -15.85
0.051063 -18.581 -17.734 -17.493 -16.863 -16.412 -15.956 -17.348 -16.794 -16.408 -15.945 -15.503 -15.003 -16.805 -16.266 -15.697 -15.297 -14.929 -16.494 -16.063 -15.798 -15.826 -16.417 -15.784 -16.045 -15.535 -14.211 -13.639 -12.987 -15.885
0.052608 -18.587 -17.762 -17.523 -16.896 -16.446 -15.991 -17.378 -16.827 -16.442 -15.98 -15.539 -15.039 -16.839 -16.3 -15.732 -15.333 -14.965 -16.517 -16.085 -15.815 -15.835 -16.415 -15.82 -16.08 -15.571 -14.248 -13.676 -13.024 -15.92
0.054199 -18.593 -17.789 -17.554 -16.929 -16.48 -16.026 -17.408 -16.86 -16.476 -16.015 -15.575 -15.076 -16.872 -16.335 -15.768 -15.369 -15.002 -16.541 -16.106 -15.833 -15.845 -16.412 -15.855 -16.114 -15.606 -14.285 -13.714 -13.062 -15.955
