web/models/kne/36/Metzger_0.171250_0.467586_0.100000.dat
# %ECSV 0.9
# ---
# datatype:
# - {name: time, datatype: float64}
# - {name: sdss_u, datatype: float64}
# - {name: sdss_g, datatype: float64}
# - {name: sdss_r, datatype: float64}
# - {name: sdss_i, datatype: float64}
# - {name: sdss_z, datatype: float64}
# - {name: PS1_y, datatype: float64}
# - {name: ukirt_J, datatype: float64}
# - {name: ukirt_H, datatype: float64}
# - {name: ukirt_K, datatype: float64}
# - {name: johnson_U, datatype: float64}
# - {name: johnson_B, datatype: float64}
# - {name: johnson_V, datatype: float64}
# - {name: johnson_R, datatype: float64}
# - {name: johnson_I, datatype: float64}
# - {name: Clear, datatype: float64}
# meta: !!omap
# - comment: [vej = 0.4675862068965517, mej = 0.17124990861880945, Ye = 0.1, redshift = 0.0]
# schema: astropy-2.0
time sdss_u sdss_g sdss_r sdss_i sdss_z PS1_y ukirt_J ukirt_H ukirt_K johnson_U johnson_B johnson_V johnson_R johnson_I Clear
[from data line 2404]
120.300000 462.905721 335.847396 255.372678 204.111115 172.766363 153.121757 113.235432 77.641405 54.151136 447.676213 371.273224 289.164966 245.574502 169.606221 252.149582
120.350000 463.101300 335.992263 255.485346 204.203221 172.845866 153.193345 113.290897 77.682388 54.182477 447.865719 371.432242 289.291165 245.683244 169.684452 252.260959
120.400000 463.296875 336.137126 255.598012 204.295326 172.925367 153.264932 113.346361 77.723371 54.213818 448.055221 371.591256 289.417361 245.791984 169.762681 252.372334
120.450000 463.492444 336.281986 255.710676 204.387428 173.004866 153.336517 113.401823 77.764352 54.245158 448.244718 371.750266 289.543554 245.900721 169.840908 252.483706
120.500000 463.688009 336.426842 255.823337 204.479529 173.084364 153.408101 113.457285 77.805333 54.276498 448.434210 371.909273 289.669744 246.009456 169.919134 252.595076
120.550000 463.883570 336.571695 255.935995 204.571627 173.163861 153.479683 113.512745 77.846313 54.307837 448.623699 372.068276 289.795932 246.118189 169.997358 252.706443
120.600000 464.079125 336.716545 256.048651 204.663723 173.243355 153.551264 113.568205 77.887293 54.339175 448.813182 372.227276 289.922116 246.226919 170.075580 252.817808
120.650000 464.274677 336.861391 256.161305 204.755818 173.322848 153.622843 113.623663 77.928271 54.370514 449.002661 372.386272 290.048298 246.335646 170.153801 252.929170
120.700000 464.470223 337.006234 256.273956 204.847910 173.402339 153.694421 113.679120 77.969249 54.401852 449.192136 372.545264 290.174476 246.444372 170.232020 253.040530
120.750000 464.665765 337.151074 256.386604 204.940001 173.481829 153.765997 113.734577 78.010227 54.433189 449.381606 372.704252 290.300652 246.553094 170.310238 253.151887
120.800000 464.861302 337.295910 256.499250 205.032089 173.561317 153.837572 113.790032 78.051203 54.464526 449.571072 372.863237 290.426825 246.661815 170.388454 253.263242
120.850000 465.056835 337.440743 256.611894 205.124175 173.640803 153.909145 113.845486 78.092179 54.495862 449.760533 373.022218 290.552996 246.770533 170.466668 253.374594
120.900000 465.252363 337.585572 256.724534 205.216260 173.720288 153.980717 113.900939 78.133155 54.527198 449.949990 373.181195 290.679163 246.879248 170.544880 253.485944
120.950000 465.447886 337.730399 256.837173 205.308342 173.799770 154.052288 113.956391 78.174129 54.558534 450.139442 373.340168 290.805327 246.987961 170.623091 253.597291
121.000000 465.643405 337.875222 256.949809 205.400423 173.879252 154.123857 114.011842 78.215103 54.589869 450.328890 373.499138 290.931489 247.096672 170.701301 253.708636
121.050000 465.838919 338.020041 257.062442 205.492501 173.958731 154.195424 114.067291 78.256076 54.621204 450.518334 373.658104 291.057648 247.205380 170.779508 253.819979
121.100000 466.034428 338.164858 257.175073 205.584578 174.038209 154.266990 114.122740 78.297049 54.652538 450.707773 373.817067 291.183804 247.314086 170.857714 253.931319
121.150000 466.229933 338.309671 257.287701 205.676652 174.117685 154.338555 114.178188 78.338021 54.683872 450.897207 373.976026 291.309957 247.422790 170.935919 254.042656
121.200000 466.425433 338.454480 257.400327 205.768725 174.197160 154.410118 114.233635 78.378992 54.715205 451.086637 374.134981 291.436107 247.531491 171.014122 254.153991
121.250000 466.620929 338.599287 257.512950 205.860795 174.276633 154.481679 114.289080 78.419962 54.746538 451.276063 374.293932 291.562254 247.640190 171.092323 254.265324
121.300000 466.816420 338.744090 257.625571 205.952864 174.356104 154.553240 114.344525 78.460932 54.777871 451.465484 374.452880 291.688399 247.748886 171.170522 254.376654
121.350000 467.011907 338.888889 257.738189 206.044930 174.435573 154.624798 114.399968 78.501901 54.809203 451.654901 374.611824 291.814540 247.857580 171.248720 254.487981
121.400000 467.207389 339.033686 257.850805 206.136995 174.515041 154.696356 114.455411 78.542870 54.840534 451.844313 374.770765 291.940679 247.966271 171.326916 254.599306
121.450000 467.402866 339.178479 257.963419 206.229057 174.594508 154.767911 114.510852 78.583837 54.871865 452.033721 374.929702 292.066815 248.074961 171.405111 254.710629
121.500000 467.598339 339.323269 258.076029 206.321118 174.673972 154.839466 114.566293 78.624804 54.903196 452.223124 375.088635 292.192948 248.183647 171.483304 254.821949
121.550000 467.793807 339.468055 258.188638 206.413177 174.753435 154.911019 114.621732 78.665771 54.934526 452.412523 375.247564 292.319079 248.292332 171.561496 254.933267
121.600000 467.989270 339.612838 258.301244 206.505233 174.832896 154.982570 114.677170 78.706736 54.965856 452.601918 375.406490 292.445206 248.401013 171.639685 255.044582
121.650000 468.184729 339.757618 258.413847 206.597288 174.912356 155.054120 114.732607 78.747701 54.997186 452.791308 375.565412 292.571331 248.509693 171.717873 255.155895
121.700000 468.380184 339.902395 258.526448 206.689341 174.991814 155.125668 114.788043 78.788666 55.028514 452.980693 375.724331 292.697453 248.618370 171.796060 255.267205
121.750000 468.575633 340.047168 258.639046 206.781391 175.071270 155.197215 114.843478 78.829629 55.059843 453.170075 375.883245 292.823572 248.727045 171.874245 255.378513
121.800000 468.771079 340.191938 258.751642 206.873440 175.150725 155.268761 114.898912 78.870592 55.091171 453.359452 376.042156 292.949688 248.835717 171.952428 255.489818
121.850000 468.966519 340.336705 258.864235 206.965487 175.230178 155.340305 114.954345 78.911554 55.122499 453.548824 376.201064 293.075801 248.944387 172.030610 255.601121
121.900000 469.161955 340.481468 258.976826 207.057532 175.309629 155.411848 115.009777 78.952516 55.153826 453.738192 376.359968 293.201911 249.053055 172.108790 255.712422
121.950000 469.357387 340.626228 259.089415 207.149575 175.389079 155.483389 115.065208 78.993477 55.185152 453.927556 376.518868 293.328019 249.161720 172.186968 255.823720
122.000000 469.552814 340.770985 259.202001 207.241616 175.468527 155.554929 115.120638 79.034437 55.216479 454.116915 376.677765 293.454124 249.270383 172.265145 255.935016
122.050000 469.748236 340.915739 259.314584 207.333654 175.547973 155.626467 115.176067 79.075396 55.247804 454.306270 376.836658 293.580226 249.379043 172.343320 256.046309
122.100000 469.943654 341.060489 259.427165 207.425691 175.627418 155.698004 115.231495 79.116355 55.279130 454.495620 376.995547 293.706325 249.487701 172.421493 256.157599
122.150000 470.139068 341.205236 259.539744 207.517726 175.706861 155.769539 115.286921 79.157313 55.310455 454.684966 377.154433 293.832422 249.596357 172.499665 256.268888
122.200000 470.334476 341.349980 259.652320 207.609759 175.786302 155.841073 115.342347 79.198270 55.341779 454.874308 377.313315 293.958515 249.705010 172.577836 256.380173
122.250000 470.529881 341.494720 259.764893 207.701791 175.865742 155.912606 115.397772 79.239227 55.373103 455.063645 377.472193 294.084606 249.813661 172.656004 256.491457
122.300000 470.725280 341.639457 259.877464 207.793820 175.945180 155.984137 115.453195 79.280183 55.404427 455.252978 377.631068 294.210694 249.922309 172.734171 256.602738
122.350000 470.920675 341.784191 259.990033 207.885847 176.024616 156.055667 115.508618 79.321139 55.435750 455.442306 377.789939 294.336779 250.030956 172.812337 256.714016
122.400000 471.116066 341.928921 260.102599 207.977872 176.104051 156.127195 115.564039 79.362093 55.467073 455.631630 377.948806 294.462861 250.139599 172.890501 256.825292
122.450000 471.311452 342.073649 260.215163 208.069895 176.183485 156.198722 115.619459 79.403047 55.498395 455.820950 378.107670 294.588941 250.248241 172.968663 256.936566
122.500000 471.506834 342.218373 260.327724 208.161917 176.262916 156.270247 115.674879 79.444001 55.529717 456.010265 378.266530 294.715018 250.356880 173.046824 257.047837
122.550000 471.702211 342.363094 260.440282 208.253936 176.342346 156.341771 115.730297 79.484953 55.561038 456.199576 378.425387 294.841092 250.465516 173.124983 257.159106
122.600000 471.897583 342.507811 260.552839 208.345953 176.421774 156.413293 115.785715 79.525905 55.592359 456.388882 378.584240 294.967163 250.574151 173.203140 257.270372
122.650000 472.092951 342.652525 260.665393 208.437969 176.501201 156.484814 115.841131 79.566856 55.623680 456.578184 378.743090 295.093231 250.682783 173.281296 257.381636
122.700000 472.288314 342.797236 260.777944 208.529982 176.580626 156.556334 115.896546 79.607807 55.655000 456.767482 378.901935 295.219297 250.791412 173.359450 257.492897
122.750000 472.483673 342.941944 260.890493 208.621994 176.660049 156.627852 115.951960 79.648757 55.686319 456.956775 379.060777 295.345359 250.900039 173.437603 257.604156
122.800000 472.679028 343.086648 261.003039 208.714003 176.739471 156.699368 116.007373 79.689706 55.717638 457.146064 379.219616 295.471419 251.008664 173.515754 257.715413
122.850000 472.874377 343.231350 261.115583 208.806011 176.818891 156.770883 116.062785 79.730655 55.748957 457.335349 379.378451 295.597476 251.117287 173.593903 257.826667
122.900000 473.069723 343.376047 261.228125 208.898017 176.898309 156.842397 116.118196 79.771602 55.780275 457.524629 379.537282 295.723531 251.225907 173.672051 257.937919
122.950000 473.265064 343.520742 261.340664 208.990020 176.977726 156.913909 116.173606 79.812550 55.811593 457.713905 379.696110 295.849582 251.334525 173.750197 258.049168
123.000000 473.460400 343.665434 261.453200 209.082022 177.057141 156.985420 116.229015 79.853496 55.842911 457.903177 379.854934 295.975631 251.443140 173.828342 258.160415
123.050000 473.655732 343.810122 261.565734 209.174022 177.136555 157.056930 116.284423 79.894442 55.874228 458.092444 380.013755 296.101677 251.551753 173.906485 258.271660
123.100000 473.851059 343.954807 261.678266 209.266020 177.215967 157.128438 116.339830 79.935387 55.905544 458.281707 380.172572 296.227720 251.660364 173.984626 258.382902
123.150000 474.046382 344.099488 261.790795 209.358016 177.295377 157.199944 116.395236 79.976332 55.936860 458.470965 380.331385 296.353761 251.768972 174.062766 258.494141
123.200000 474.241700 344.244167 261.903322 209.450010 177.374786 157.271450 116.450641 80.017275 55.968176 458.660220 380.490195 296.479798 251.877578 174.140904 258.605379
123.250000 474.437014 344.388842 262.015846 209.542002 177.454193 157.342953 116.506045 80.058219 55.999491 458.849469 380.649001 296.605833 251.986182 174.219041 258.716613
123.300000 474.632323 344.533514 262.128368 209.633992 177.533598 157.414456 116.561448 80.099161 56.030806 459.038715 380.807803 296.731865 252.094783 174.297176 258.827846
123.350000 474.827628 344.678183 262.240888 209.725980 177.613002 157.485956 116.616849 80.140103 56.062120 459.227956 380.966602 296.857894 252.203382 174.375309 258.939076
123.400000 475.022929 344.822848 262.353405 209.817966 177.692404 157.557456 116.672250 80.181044 56.093434 459.417193 381.125398 296.983921 252.311979 174.453441 259.050303
123.450000 475.218224 344.967510 262.465919 209.909951 177.771805 157.628954 116.727650 80.221984 56.124748 459.606425 381.284190 297.109945 252.420573 174.531571 259.161528
123.500000 475.413516 345.112169 262.578431 210.001933 177.851204 157.700450 116.783048 80.262924 56.156061 459.795653 381.442978 297.235966 252.529165 174.609700 259.272751
123.550000 475.608803 345.256825 262.690941 210.093914 177.930601 157.771946 116.838446 80.303863 56.187373 459.984877 381.601762 297.361984 252.637754 174.687827 259.383972
123.600000 475.804085 345.401478 262.803448 210.185892 178.009997 157.843439 116.893843 80.344802 56.218685 460.174097 381.760544 297.487999 252.746342 174.765952 259.495190
123.650000 475.999363 345.546127 262.915953 210.277869 178.089391 157.914932 116.949238 80.385739 56.249997 460.363312 381.919321 297.614012 252.854926 174.844076 259.606405
123.700000 476.194637 345.690773 263.028455 210.369843 178.168783 157.986422 117.004633 80.426676 56.281308 460.552523 382.078095 297.740022 252.963509 174.922198 259.717618
123.750000 476.389906 345.835416 263.140955 210.461816 178.248174 158.057912 117.060026 80.467613 56.312619 460.741729 382.236865 297.866029 253.072089 175.000319 259.828829
123.800000 476.585170 345.980056 263.253453 210.553787 178.327563 158.129400 117.115419 80.508548 56.343930 460.930931 382.395632 297.992033 253.180667 175.078438 259.940037
123.850000 476.780430 346.124692 263.365948 210.645756 178.406951 158.200886 117.170810 80.549483 56.375240 461.120129 382.554395 298.118035 253.289243 175.156555 260.051243
123.900000 476.975686 346.269325 263.478441 210.737723 178.486337 158.272372 117.226200 80.590418 56.406549 461.309323 382.713155 298.244034 253.397816 175.234671 260.162447
123.950000 477.170937 346.413955 263.590931 210.829688 178.565721 158.343855 117.281590 80.631351 56.437858 461.498512 382.871911 298.370030 253.506387 175.312786 260.273648
124.000000 477.366184 346.558582 263.703419 210.921651 178.645104 158.415338 117.336978 80.672284 56.469167 461.687697 383.030664 298.496023 253.614955 175.390898 260.384847
124.050000 477.561426 346.703206 263.815904 211.013612 178.724485 158.486819 117.392366 80.713217 56.500475 461.876878 383.189413 298.622014 253.723521 175.469010 260.496043
124.100000 477.756664 346.847826 263.928387 211.105572 178.803864 158.558298 117.447752 80.754148 56.531783 462.066054 383.348158 298.748001 253.832085 175.547119 260.607237
124.150000 477.951897 346.992443 264.040868 211.197529 178.883242 158.629776 117.503137 80.795079 56.563090 462.255226 383.506900 298.873987 253.940647 175.625227 260.718428
124.200000 478.147126 347.137057 264.153346 211.289484 178.962618 158.701253 117.558521 80.836010 56.594397 462.444394 383.665638 298.999969 254.049206 175.703334 260.829618
124.250000 478.342351 347.281668 264.265821 211.381438 179.041993 158.772728 117.613905 80.876939 56.625704 462.633557 383.824373 299.125948 254.157763 175.781438 260.940804
124.300000 478.537571 347.426275 264.378295 211.473390 179.121366 158.844202 117.669287 80.917868 56.657010 462.822716 383.983104 299.251925 254.266318 175.859542 261.051989
124.350000 478.732786 347.570880 264.490765 211.565339 179.200738 158.915674 117.724668 80.958797 56.688315 463.011871 384.141832 299.377899 254.374870 175.937643 261.163171
124.400000 478.927997 347.715481 264.603234 211.657287 179.280107 158.987145 117.780048 80.999724 56.719621 463.201022 384.300556 299.503871 254.483420 176.015743 261.274350
124.450000 479.123204 347.860079 264.715700 211.749233 179.359476 159.058615 117.835427 81.040651 56.750925 463.390168 384.459276 299.629839 254.591968 176.093842 261.385528
124.500000 479.318407 348.004673 264.828163 211.841177 179.438842 159.130083 117.890805 81.081578 56.782230 463.579310 384.617993 299.755805 254.700513 176.171939 261.496703
124.550000 479.513604 348.149265 264.940625 211.933119 179.518207 159.201550 117.946183 81.122503 56.813534 463.768448 384.776707 299.881768 254.809056 176.250034 261.607875
124.600000 479.708798 348.293853 265.053083 212.025059 179.597571 159.273015 118.001559 81.163428 56.844837 463.957581 384.935417 300.007728 254.917597 176.328128 261.719045
124.650000 479.903987 348.438438 265.165540 212.116997 179.676933 159.344479 118.056934 81.204353 56.876140 464.146710 385.094123 300.133686 255.026135 176.406220 261.830213
124.700000 480.099172 348.583020 265.277994 212.208934 179.756293 159.415941 118.112308 81.245276 56.907443 464.335835 385.252826 300.259641 255.134671 176.484311 261.941378
124.750000 480.294352 348.727599 265.390445 212.300868 179.835651 159.487402 118.167681 81.286199 56.938745 464.524956 385.411526 300.385593 255.243205 176.562400 262.052541
124.800000 480.489527 348.872175 265.502895 212.392800 179.915008 159.558862 118.223053 81.327122 56.970047 464.714072 385.570221 300.511542 255.351736 176.640488 262.163702
