web/models/kne/36/Metzger_0.016214_0.256897_0.100000.dat
# %ECSV 0.9
# ---
# datatype:
# - {name: time, datatype: float64}
# - {name: sdss_u, datatype: float64}
# - {name: sdss_g, datatype: float64}
# - {name: sdss_r, datatype: float64}
# - {name: sdss_i, datatype: float64}
# - {name: sdss_z, datatype: float64}
# - {name: PS1_y, datatype: float64}
# - {name: ukirt_J, datatype: float64}
# - {name: ukirt_H, datatype: float64}
# - {name: ukirt_K, datatype: float64}
# - {name: johnson_U, datatype: float64}
# - {name: johnson_B, datatype: float64}
# - {name: johnson_V, datatype: float64}
# - {name: johnson_R, datatype: float64}
# - {name: johnson_I, datatype: float64}
# - {name: Clear, datatype: float64}
# meta: !!omap
# - comment: [vej = 0.25689655172413794, mej = 0.016213736300560038, Ye = 0.1, redshift = 0.0]
# schema: astropy-2.0
time sdss_u sdss_g sdss_r sdss_i sdss_z PS1_y ukirt_J ukirt_H ukirt_K johnson_U johnson_B johnson_V johnson_R johnson_I Clear
[from data line 2559]
128.050000 665.369117 486.356392 372.895429 300.568115 256.311313 228.558032 172.153470 121.723021 88.354684 643.918033 536.280355 420.549274 359.074686 251.847715 368.349298
128.100000 665.624262 486.545464 373.042551 300.688447 256.415224 228.651631 172.226062 121.776745 88.395846 644.165266 536.487864 420.714025 359.216692 251.949969 368.494737
128.150000 665.879402 486.734533 373.189671 300.808776 256.519133 228.745228 172.298652 121.830468 88.437007 644.412494 536.695371 420.878772 359.358696 252.052220 368.640174
128.200000 666.134537 486.923598 373.336788 300.929104 256.623041 228.838824 172.371242 121.884191 88.478168 644.659717 536.902873 421.043517 359.500697 252.154471 368.785609
128.250000 666.389669 487.112661 373.483903 301.049431 256.726947 228.932419 172.443831 121.937913 88.519328 644.906937 537.110373 421.208259 359.642697 252.256719 368.931041
128.300000 666.644796 487.301720 373.631015 301.169755 256.830852 229.026012 172.516419 121.991634 88.560488 645.154152 537.317869 421.372999 359.784694 252.358966 369.076471
128.350000 666.899919 487.490776 373.778126 301.290077 256.934755 229.119604 172.589006 122.045354 88.601647 645.401363 537.525361 421.537735 359.926689 252.461212 369.221899
128.400000 667.155037 487.679829 373.925233 301.410398 257.038657 229.213195 172.661592 122.099074 88.642806 645.648570 537.732850 421.702469 360.068682 252.563456 369.367325
128.450000 667.410151 487.868879 374.072339 301.530716 257.142557 229.306784 172.734177 122.152793 88.683964 645.895773 537.940335 421.867201 360.210672 252.665699 369.512748
128.500000 667.665261 488.057926 374.219442 301.651033 257.246455 229.400372 172.806761 122.206512 88.725122 646.142972 538.147817 422.031930 360.352660 252.767939 369.658168
128.550000 667.920366 488.246970 374.366542 301.771348 257.350352 229.493958 172.879344 122.260230 88.766280 646.390166 538.355296 422.196656 360.494646 252.870179 369.803587
128.600000 668.175467 488.436010 374.513641 301.891661 257.454247 229.587543 172.951926 122.313947 88.807437 646.637357 538.562771 422.361379 360.636629 252.972417 369.949003
128.650000 668.430564 488.625048 374.660736 302.011972 257.558141 229.681126 173.024506 122.367664 88.848594 646.884543 538.770243 422.526100 360.778611 253.074653 370.094416
128.700000 668.685656 488.814082 374.807830 302.132281 257.662033 229.774709 173.097086 122.421380 88.889750 647.131724 538.977711 422.690818 360.920590 253.176888 370.239828
128.750000 668.940744 489.003113 374.954921 302.252589 257.765923 229.868289 173.169665 122.475095 88.930906 647.378902 539.185175 422.855533 361.062566 253.279121 370.385237
128.800000 669.195828 489.192141 375.102010 302.372894 257.869812 229.961869 173.242243 122.528809 88.972062 647.626076 539.392637 423.020246 361.204541 253.381353 370.530643
128.850000 669.450907 489.381166 375.249096 302.493198 257.973699 230.055447 173.314820 122.582523 89.013217 647.873245 539.600094 423.184956 361.346513 253.483583 370.676048
128.900000 669.705982 489.570188 375.396181 302.613499 258.077585 230.149023 173.387396 122.636236 89.054371 648.120410 539.807549 423.349663 361.488483 253.585811 370.821450
128.950000 669.961053 489.759207 375.543262 302.733799 258.181469 230.242599 173.459970 122.689949 89.095525 648.367571 540.015000 423.514367 361.630451 253.688038 370.966849
129.000000 670.216120 489.948223 375.690342 302.854097 258.285352 230.336172 173.532544 122.743661 89.136679 648.614728 540.222447 423.679069 361.772416 253.790264 371.112247
129.050000 670.471182 490.137235 375.837419 302.974393 258.389233 230.429745 173.605117 122.797372 89.177832 648.861881 540.429891 423.843769 361.914379 253.892488 371.257642
129.100000 670.726240 490.326245 375.984494 303.094688 258.493112 230.523316 173.677689 122.851083 89.218985 649.109029 540.637332 424.008465 362.056340 253.994710 371.403035
129.150000 670.981293 490.515251 376.131566 303.214980 258.596990 230.616886 173.750260 122.904793 89.260137 649.356174 540.844769 424.173159 362.198299 254.096931 371.548425
129.200000 671.236343 490.704254 376.278636 303.335271 258.700867 230.710454 173.822829 122.958502 89.301289 649.603314 541.052202 424.337850 362.340255 254.199150 371.693813
129.250000 671.491388 490.893254 376.425704 303.455559 258.804741 230.804021 173.895398 123.012211 89.342441 649.850450 541.259633 424.502539 362.482209 254.301368 371.839199
129.300000 671.746428 491.082251 376.572769 303.575846 258.908615 230.897587 173.967966 123.065919 89.383592 650.097582 541.467060 424.667225 362.624161 254.403585 371.984583
129.350000 672.001465 491.271245 376.719832 303.696131 259.012486 230.991151 174.040533 123.119626 89.424743 650.344710 541.674483 424.831908 362.766111 254.505799 372.129964
129.400000 672.256497 491.460236 376.866892 303.816414 259.116356 231.084714 174.113099 123.173333 89.465893 650.591833 541.881903 424.996589 362.908058 254.608012 372.275343
129.450000 672.511525 491.649223 377.013951 303.936695 259.220225 231.178275 174.185664 123.227039 89.507043 650.838953 542.089319 425.161267 363.050003 254.710224 372.420719
129.500000 672.766548 491.838208 377.161007 304.056975 259.324092 231.271835 174.258227 123.280744 89.548192 651.086068 542.296732 425.325942 363.191946 254.812434 372.566093
129.550000 673.021568 492.027189 377.308060 304.177252 259.427957 231.365394 174.330790 123.334449 89.589341 651.333179 542.504142 425.490615 363.333887 254.914643 372.711465
129.600000 673.276583 492.216168 377.455112 304.297528 259.531821 231.458951 174.403352 123.388153 89.630490 651.580286 542.711548 425.655285 363.475825 255.016850 372.856835
129.650000 673.531593 492.405143 377.602161 304.417802 259.635683 231.552507 174.475913 123.441856 89.671638 651.827389 542.918951 425.819952 363.617761 255.119055 373.002202
129.700000 673.786600 492.594115 377.749207 304.538074 259.739544 231.646062 174.548473 123.495559 89.712785 652.074488 543.126350 425.984617 363.759695 255.221259 373.147567
129.750000 674.041602 492.783084 377.896251 304.658344 259.843403 231.739615 174.621031 123.549261 89.753932 652.321583 543.333746 426.149279 363.901627 255.323462 373.292930
129.800000 674.296600 492.972050 378.043293 304.778612 259.947261 231.833167 174.693589 123.602962 89.795079 652.568673 543.541139 426.313938 364.043556 255.425663 373.438290
129.850000 674.551593 493.161013 378.190333 304.898879 260.051117 231.926717 174.766146 123.656663 89.836226 652.815760 543.748528 426.478595 364.185484 255.527862 373.583649
129.900000 674.806582 493.349973 378.337370 305.019143 260.154971 232.020266 174.838702 123.710363 89.877371 653.062842 543.955914 426.643249 364.327408 255.630060 373.729004
129.950000 675.061568 493.538930 378.484405 305.139406 260.258824 232.113814 174.911257 123.764062 89.918517 653.309920 544.163296 426.807900 364.469331 255.732257 373.874358
130.000000 675.316548 493.727884 378.631438 305.259667 260.362675 232.207360 174.983811 123.817761 89.959662 653.556994 544.370675 426.972549 364.611252 255.834451 374.019709
130.050000 675.571525 493.916834 378.778468 305.379926 260.466525 232.300905 175.056364 123.871459 90.000807 653.804064 544.578050 427.137195 364.753170 255.936645 374.165058
130.100000 675.826497 494.105782 378.925496 305.500183 260.570374 232.394449 175.128915 123.925156 90.041951 654.051129 544.785422 427.301839 364.895086 256.038837 374.310404
130.150000 676.081465 494.294726 379.072521 305.620438 260.674220 232.487991 175.201466 123.978853 90.083094 654.298191 544.992791 427.466480 365.037000 256.141027 374.455749
130.200000 676.336429 494.483668 379.219545 305.740692 260.778065 232.581532 175.274016 124.032549 90.124238 654.545249 545.200156 427.631118 365.178911 256.243216 374.601091
130.250000 676.591388 494.672606 379.366566 305.860943 260.881909 232.675071 175.346565 124.086245 90.165381 654.792302 545.407518 427.795753 365.320820 256.345403 374.746430
130.300000 676.846343 494.861541 379.513584 305.981193 260.985751 232.768609 175.419113 124.139940 90.206523 655.039351 545.614877 427.960386 365.462727 256.447588 374.891768
130.350000 677.101294 495.050473 379.660601 306.101441 261.089591 232.862146 175.491660 124.193634 90.247665 655.286396 545.822232 428.125017 365.604632 256.549773 375.037103
130.400000 677.356241 495.239402 379.807615 306.221687 261.193430 232.955681 175.564206 124.247327 90.288807 655.533438 546.029583 428.289644 365.746535 256.651955 375.182436
130.450000 677.611184 495.428328 379.954626 306.341931 261.297268 233.049215 175.636751 124.301020 90.329948 655.780475 546.236932 428.454269 365.888435 256.754136 375.327766
130.500000 677.866122 495.617251 380.101636 306.462174 261.401104 233.142748 175.709295 124.354712 90.371089 656.027507 546.444276 428.618892 366.030333 256.856316 375.473095
130.550000 678.121056 495.806171 380.248643 306.582414 261.504938 233.236279 175.781837 124.408404 90.412229 656.274536 546.651618 428.783511 366.172229 256.958494 375.618421
130.600000 678.375986 495.995088 380.395647 306.702653 261.608771 233.329809 175.854379 124.462095 90.453369 656.521561 546.858956 428.948128 366.314123 257.060671 375.763744
130.650000 678.630911 496.184002 380.542650 306.822890 261.712602 233.423338 175.926920 124.515785 90.494508 656.768581 547.066291 429.112743 366.456014 257.162846 375.909066
130.700000 678.885832 496.372913 380.689650 306.943125 261.816431 233.516865 175.999460 124.569474 90.535647 657.015598 547.273622 429.277355 366.597903 257.265019 376.054385
130.750000 679.140749 496.561820 380.836648 307.063358 261.920260 233.610391 176.071999 124.623163 90.576786 657.262610 547.480950 429.441964 366.739790 257.367191 376.199702
130.800000 679.395662 496.750725 380.983643 307.183589 262.024086 233.703915 176.144537 124.676852 90.617924 657.509618 547.688274 429.606571 366.881675 257.469362 376.345016
130.850000 679.650571 496.939626 381.130636 307.303819 262.127911 233.797438 176.217074 124.730539 90.659062 657.756623 547.895595 429.771175 367.023558 257.571531 376.490328
130.900000 679.905475 497.128525 381.277627 307.424046 262.231735 233.890960 176.289610 124.784226 90.700199 658.003623 548.102913 429.935776 367.165438 257.673698 376.635638
130.950000 680.160375 497.317420 381.424616 307.544272 262.335557 233.984480 176.362145 124.837913 90.741336 658.250619 548.310228 430.100375 367.307316 257.775864 376.780946
131.000000 680.415271 497.506313 381.571602 307.664496 262.439377 234.077999 176.434679 124.891598 90.782472 658.497611 548.517539 430.264971 367.449192 257.878029 376.926251
131.050000 680.670163 497.695202 381.718586 307.784719 262.543196 234.171517 176.507212 124.945283 90.823608 658.744599 548.724846 430.429564 367.591066 257.980192 377.071555
131.100000 680.925050 497.884088 381.865567 307.904939 262.647013 234.265033 176.579745 124.998968 90.864744 658.991582 548.932150 430.594155 367.732937 258.082353 377.216856
131.150000 681.179934 498.072971 382.012547 308.025157 262.750829 234.358548 176.652276 125.052651 90.905879 659.238562 549.139451 430.758744 367.874807 258.184513 377.362154
131.200000 681.434813 498.261852 382.159524 308.145374 262.854643 234.452062 176.724806 125.106334 90.947014 659.485538 549.346749 430.923329 368.016674 258.286672 377.507450
131.250000 681.689687 498.450729 382.306498 308.265589 262.958456 234.545574 176.797335 125.160017 90.988148 659.732509 549.554043 431.087912 368.158538 258.388828 377.652744
131.300000 681.944558 498.639603 382.453471 308.385802 263.062267 234.639085 176.869863 125.213699 91.029282 659.979477 549.761334 431.252493 368.300401 258.490984 377.798036
131.350000 682.199424 498.828474 382.600441 308.506013 263.166077 234.732595 176.942390 125.267380 91.070416 660.226440 549.968621 431.417070 368.442261 258.593138 377.943326
131.400000 682.454287 499.017342 382.747409 308.626223 263.269885 234.826103 177.014916 125.321060 91.111549 660.473399 550.175905 431.581646 368.584120 258.695290 378.088613
131.450000 682.709145 499.206207 382.894374 308.746430 263.373691 234.919610 177.087442 125.374740 91.152681 660.720355 550.383186 431.746218 368.725976 258.797441 378.233898
131.500000 682.963998 499.395069 383.041337 308.866636 263.477496 235.013115 177.159966 125.428419 91.193813 660.967306 550.590463 431.910788 368.867829 258.899590 378.379181
131.550000 683.218848 499.583928 383.188298 308.986840 263.581300 235.106619 177.232489 125.482098 91.234945 661.214253 550.797737 432.075356 369.009681 259.001738 378.524461
131.600000 683.473693 499.772784 383.335257 309.107042 263.685102 235.200122 177.305011 125.535776 91.276076 661.461196 551.005007 432.239920 369.151530 259.103885 378.669739
131.650000 683.728534 499.961636 383.482213 309.227242 263.788902 235.293623 177.377532 125.589453 91.317207 661.708135 551.212275 432.404483 369.293378 259.206030 378.815015
131.700000 683.983371 500.150486 383.629167 309.347441 263.892701 235.387123 177.450053 125.643129 91.358338 661.955070 551.419538 432.569042 369.435223 259.308173 378.960289
131.750000 684.238204 500.339333 383.776119 309.467637 263.996498 235.480622 177.522572 125.696805 91.399468 662.202001 551.626799 432.733599 369.577065 259.410315 379.105560
131.800000 684.493033 500.528177 383.923068 309.587832 264.100294 235.574120 177.595090 125.750481 91.440597 662.448928 551.834056 432.898153 369.718906 259.512455 379.250829
131.850000 684.747857 500.717017 384.070016 309.708025 264.204088 235.667616 177.667608 125.804155 91.481727 662.695851 552.041310 433.062705 369.860744 259.614594 379.396096
131.900000 685.002677 500.905855 384.216960 309.828216 264.307881 235.761110 177.740124 125.857829 91.522855 662.942769 552.248560 433.227254 370.002580 259.716731 379.541361
131.950000 685.257493 501.094690 384.363903 309.948406 264.411672 235.854604 177.812640 125.911503 91.563984 663.189684 552.455807 433.391801 370.144414 259.818867 379.686623
132.000000 685.512305 501.283521 384.510843 310.068593 264.515462 235.948096 177.885154 125.965175 91.605112 663.436595 552.663051 433.556345 370.286246 259.921002 379.831883
132.050000 685.767113 501.472350 384.657781 310.188779 264.619250 236.041586 177.957667 126.018847 91.646239 663.683501 552.870292 433.720886 370.428076 260.023134 379.977141
132.100000 686.021916 501.661176 384.804717 310.308963 264.723037 236.135075 178.030180 126.072519 91.687366 663.930404 553.077529 433.885425 370.569903 260.125266 380.122397
132.150000 686.276716 501.849998 384.951650 310.429145 264.826822 236.228563 178.102691 126.126189 91.728493 664.177303 553.284762 434.049961 370.711728 260.227396 380.267650
132.200000 686.531511 502.038818 385.098582 310.549325 264.930606 236.322050 178.175202 126.179860 91.769619 664.424197 553.491993 434.214495 370.853551 260.329524 380.412901
132.250000 686.786302 502.227634 385.245511 310.669504 265.034388 236.415535 178.247711 126.233529 91.810745 664.671088 553.699220 434.379026 370.995372 260.431651 380.558150
132.300000 687.041089 502.416448 385.392437 310.789680 265.138168 236.509019 178.320220 126.287198 91.851870 664.917974 553.906443 434.543554 371.137191 260.533776 380.703396
132.350000 687.295871 502.605258 385.539361 310.909855 265.241947 236.602502 178.392728 126.340866 91.892995 665.164856 554.113664 434.708080 371.279007 260.635900 380.848641
132.400000 687.550650 502.794066 385.686284 311.030028 265.345725 236.695983 178.465234 126.394534 91.934119 665.411735 554.320881 434.872603 371.420821 260.738023 380.993883
132.450000 687.805424 502.982870 385.833203 311.150200 265.449501 236.789463 178.537740 126.448200 91.975244 665.658609 554.528095 435.037124 371.562633 260.840144 381.139123
132.500000 688.060194 503.171672 385.980121 311.270369 265.553275 236.882941 178.610244 126.501867 92.016367 665.905480 554.735305 435.201642 371.704443 260.942263 381.284360
132.550000 688.314960 503.360470 386.127036 311.390537 265.657048 236.976419 178.682748 126.555532 92.057490 666.152346 554.942512 435.366158 371.846251 261.044381 381.429595
