web/models/kne/36/Metzger_0.006880_0.208276_0.450000.dat
# %ECSV 0.9
# ---
# datatype:
# - {name: time, datatype: float64}
# - {name: sdss_u, datatype: float64}
# - {name: sdss_g, datatype: float64}
# - {name: sdss_r, datatype: float64}
# - {name: sdss_i, datatype: float64}
# - {name: sdss_z, datatype: float64}
# - {name: PS1_y, datatype: float64}
# - {name: ukirt_J, datatype: float64}
# - {name: ukirt_H, datatype: float64}
# - {name: ukirt_K, datatype: float64}
# - {name: johnson_U, datatype: float64}
# - {name: johnson_B, datatype: float64}
# - {name: johnson_V, datatype: float64}
# - {name: johnson_R, datatype: float64}
# - {name: johnson_I, datatype: float64}
# - {name: Clear, datatype: float64}
# meta: !!omap
# - comment: [vej = 0.2082758620689655, mej = 0.006880363458522626, Ye = 0.45, redshift = 0.0]
# schema: astropy-2.0
time sdss_u sdss_g sdss_r sdss_i sdss_z PS1_y ukirt_J ukirt_H ukirt_K johnson_U johnson_B johnson_V johnson_R johnson_I Clear
[from data line 2000]
100.100000 584.070421 426.297331 326.321575 262.606214 223.628026 199.189678 149.537986 105.172860 75.842806 565.162798 470.294267 368.308635 314.145309 219.697299 322.316318
100.150000 584.356896 426.509586 326.486707 262.741252 223.744619 199.294686 149.619397 105.233077 75.888911 565.440385 470.527233 368.493569 314.304695 219.812029 322.479560
100.200000 584.643364 426.721836 326.651835 262.876288 223.861209 199.399693 149.700807 105.293292 75.935016 565.717966 470.760195 368.678499 314.464077 219.926757 322.642798
100.250000 584.929826 426.934082 326.816960 263.011320 223.977797 199.504698 149.782216 105.353507 75.981120 565.995541 470.993151 368.863425 314.623456 220.041483 322.806033
100.300000 585.216282 427.146323 326.982082 263.146350 224.094383 199.609701 149.863623 105.413721 76.027223 566.273109 471.226102 369.048347 314.782831 220.156207 322.969265
100.350000 585.502732 427.358560 327.147200 263.281378 224.210966 199.714701 149.945029 105.473934 76.073326 566.550672 471.459048 369.233266 314.942203 220.270928 323.132493
100.400000 585.789176 427.570792 327.312315 263.416403 224.327547 199.819700 150.026433 105.534146 76.119428 566.828229 471.691990 369.418181 315.101573 220.385648 323.295718
100.450000 586.075613 427.783020 327.477427 263.551425 224.444126 199.924697 150.107836 105.594357 76.165530 567.105780 471.924926 369.603092 315.260938 220.500365 323.458940
100.500000 586.362044 427.995243 327.642535 263.686444 224.560703 200.029692 150.189237 105.654567 76.211631 567.383324 472.157857 369.787999 315.420301 220.615080 323.622159
100.550000 586.648469 428.207462 327.807640 263.821461 224.677278 200.134685 150.270638 105.714777 76.257732 567.660863 472.390784 369.972902 315.579661 220.729793 323.785374
100.600000 586.934888 428.419677 327.972741 263.956475 224.793850 200.239676 150.352036 105.774985 76.303832 567.938396 472.623705 370.157801 315.739017 220.844504 323.948586
100.650000 587.221301 428.631886 328.137839 264.091486 224.910420 200.344665 150.433434 105.835193 76.349931 568.215922 472.856622 370.342697 315.898370 220.959212 324.111794
100.700000 587.507707 428.844092 328.302934 264.226495 225.026988 200.449652 150.514830 105.895399 76.396030 568.493443 473.089533 370.527588 316.057719 221.073918 324.274999
100.750000 587.794107 429.056293 328.468025 264.361501 225.143554 200.554638 150.596224 105.955605 76.442129 568.770958 473.322440 370.712476 316.217066 221.188622 324.438201
100.800000 588.080501 429.268489 328.633113 264.496505 225.260117 200.659621 150.677617 106.015810 76.488226 569.048467 473.555342 370.897360 316.376409 221.303324 324.601400
100.850000 588.366889 429.480682 328.798198 264.631506 225.376679 200.764602 150.759009 106.076014 76.534323 569.325969 473.788238 371.082241 316.535749 221.418024 324.764595
100.900000 588.653270 429.692869 328.963279 264.766504 225.493238 200.869582 150.840399 106.136217 76.580420 569.603466 474.021130 371.267117 316.695086 221.532722 324.927787
100.950000 588.939646 429.905052 329.128357 264.901499 225.609794 200.974559 150.921788 106.196419 76.626516 569.880957 474.254017 371.451990 316.854420 221.647417 325.090976
101.000000 589.226015 430.117231 329.293432 265.036492 225.726349 201.079534 151.003176 106.256621 76.672612 570.158442 474.486899 371.636859 317.013750 221.762111 325.254161
101.050000 589.512378 430.329405 329.458503 265.171483 225.842901 201.184508 151.084562 106.316821 76.718706 570.435921 474.719776 371.821724 317.173078 221.876802 325.417343
101.100000 589.798735 430.541575 329.623571 265.306470 225.959452 201.289480 151.165947 106.377020 76.764801 570.713394 474.952648 372.006585 317.332402 221.991491 325.580522
101.150000 590.085086 430.753741 329.788636 265.441455 226.076000 201.394449 151.247330 106.437219 76.810895 570.990861 475.185515 372.191442 317.491722 222.106177 325.743697
101.200000 590.371430 430.965902 329.953697 265.576438 226.192545 201.499417 151.328712 106.497417 76.856988 571.268322 475.418378 372.376296 317.651040 222.220862 325.906869
101.250000 590.657769 431.178058 330.118755 265.711417 226.309089 201.604383 151.410093 106.557613 76.903080 571.545777 475.651235 372.561146 317.810354 222.335544 326.070038
101.300000 590.944101 431.390210 330.283810 265.846394 226.425630 201.709347 151.491472 106.617809 76.949172 571.823226 475.884088 372.745992 317.969666 222.450225 326.233204
101.350000 591.230427 431.602358 330.448861 265.981369 226.542169 201.814308 151.572850 106.678004 76.995264 572.100669 476.116935 372.930834 318.128974 222.564903 326.396366
101.400000 591.516747 431.814501 330.613909 266.116341 226.658706 201.919268 151.654226 106.738198 77.041355 572.378106 476.349778 373.115672 318.288278 222.679579 326.559525
101.450000 591.803060 432.026640 330.778953 266.251310 226.775241 202.024226 151.735601 106.798392 77.087445 572.655537 476.582615 373.300507 318.447580 222.794253 326.722681
101.500000 592.089368 432.238774 330.943995 266.386276 226.891773 202.129182 151.816975 106.858584 77.133535 572.932963 476.815448 373.485338 318.606878 222.908924 326.885833
101.550000 592.375670 432.450904 331.109033 266.521240 227.008304 202.234137 151.898347 106.918775 77.179624 573.210382 477.048276 373.670165 318.766174 223.023594 327.048982
101.600000 592.661965 432.663030 331.274067 266.656201 227.124832 202.339089 151.979718 106.978966 77.225713 573.487796 477.281099 373.854988 318.925466 223.138261 327.212128
101.650000 592.948254 432.875151 331.439099 266.791160 227.241358 202.444039 152.061088 107.039155 77.271801 573.765203 477.513917 374.039808 319.084754 223.252926 327.375271
101.700000 593.234537 433.087268 331.604127 266.926116 227.357882 202.548988 152.142456 107.099344 77.317888 574.042605 477.746731 374.224623 319.244040 223.367589 327.538410
101.750000 593.520814 433.299380 331.769151 267.061070 227.474403 202.653934 152.223823 107.159532 77.363975 574.320001 477.979539 374.409435 319.403323 223.482250 327.701546
101.800000 593.807085 433.511488 331.934173 267.196020 227.590922 202.758879 152.305188 107.219719 77.410062 574.597390 478.212342 374.594244 319.562602 223.596909 327.864679
101.850000 594.093350 433.723592 332.099191 267.330969 227.707440 202.863821 152.386552 107.279905 77.456148 574.874774 478.445141 374.779048 319.721878 223.711565 328.027808
101.900000 594.379608 433.935691 332.264205 267.465914 227.823955 202.968762 152.467915 107.340090 77.502233 575.152152 478.677935 374.963849 319.881151 223.826220 328.190935
101.950000 594.665861 434.147786 332.429217 267.600857 227.940467 203.073701 152.549276 107.400274 77.548318 575.429524 478.910723 375.148645 320.040421 223.940872 328.354058
102.000000 594.952107 434.359876 332.594225 267.735797 228.056978 203.178637 152.630636 107.460458 77.594402 575.706890 479.143507 375.333439 320.199687 224.055522 328.517177
102.050000 595.238348 434.571962 332.759230 267.870735 228.173486 203.283572 152.711994 107.520640 77.640485 575.984251 479.376287 375.518228 320.358951 224.170170 328.680294
102.100000 595.524582 434.784043 332.924231 268.005670 228.289993 203.388505 152.793351 107.580822 77.686568 576.261605 479.609061 375.703014 320.518211 224.284816 328.843407
102.150000 595.810810 434.996121 333.089229 268.140603 228.406497 203.493436 152.874707 107.641003 77.732651 576.538954 479.841830 375.887795 320.677468 224.399460 329.006517
102.200000 596.097032 435.208193 333.254224 268.275533 228.522998 203.598365 152.956061 107.701182 77.778732 576.816296 480.074595 376.072573 320.836722 224.514101 329.169624
102.250000 596.383248 435.420262 333.419216 268.410460 228.639498 203.703293 153.037414 107.761361 77.824814 577.093633 480.307354 376.257348 320.995972 224.628740 329.332727
102.300000 596.669458 435.632326 333.584204 268.545385 228.755995 203.808218 153.118766 107.821539 77.870895 577.370964 480.540109 376.442118 321.155220 224.743378 329.495827
102.350000 596.955662 435.844386 333.749189 268.680307 228.872491 203.913141 153.200116 107.881717 77.916975 577.648289 480.772859 376.626885 321.314464 224.858013 329.658924
102.400000 597.241859 436.056441 333.914171 268.815226 228.988984 204.018063 153.281465 107.941893 77.963054 577.925608 481.005604 376.811648 321.473706 224.972646 329.822018
102.450000 597.528051 436.268492 334.079149 268.950143 229.105475 204.122982 153.362812 108.002068 78.009133 578.202921 481.238344 376.996408 321.632944 225.087277 329.985108
102.500000 597.814236 436.480538 334.244124 269.085057 229.221963 204.227900 153.444158 108.062243 78.055212 578.480228 481.471080 377.181163 321.792179 225.201905 330.148195
102.550000 598.100416 436.692580 334.409096 269.219969 229.338450 204.332816 153.525503 108.122416 78.101290 578.757530 481.703810 377.365915 321.951410 225.316532 330.311279
102.600000 598.386589 436.904618 334.574065 269.354878 229.454934 204.437730 153.606846 108.182589 78.147367 579.034825 481.936536 377.550663 322.110639 225.431156 330.474360
102.650000 598.672757 437.116652 334.739030 269.489784 229.571417 204.542642 153.688188 108.242761 78.193444 579.312115 482.169257 377.735407 322.269864 225.545779 330.637437
102.700000 598.958918 437.328681 334.903992 269.624688 229.687897 204.647552 153.769529 108.302932 78.239520 579.589399 482.401973 377.920148 322.429087 225.660399 330.800511
102.750000 599.245073 437.540706 335.068951 269.759590 229.804375 204.752460 153.850868 108.363102 78.285596 579.866677 482.634684 378.104885 322.588306 225.775017 330.963582
102.800000 599.531223 437.752726 335.233906 269.894488 229.920850 204.857366 153.932206 108.423271 78.331671 580.143950 482.867391 378.289618 322.747522 225.889633 331.126650
102.850000 599.817366 437.964742 335.398858 270.029384 230.037324 204.962270 154.013543 108.483439 78.377745 580.421216 483.100092 378.474348 322.906735 226.004247 331.289714
102.900000 600.103503 438.176754 335.563807 270.164278 230.153795 205.067173 154.094878 108.543607 78.423819 580.698477 483.332789 378.659073 323.065944 226.118858 331.452776
102.950000 600.389634 438.388761 335.728753 270.299169 230.270264 205.172073 154.176212 108.603773 78.469893 580.975731 483.565481 378.843795 323.225151 226.233468 331.615834
103.000000 600.675759 438.600764 335.893695 270.434057 230.386731 205.276972 154.257544 108.663939 78.515966 581.252980 483.798168 379.028514 323.384354 226.348075 331.778888
103.050000 600.961878 438.812763 336.058634 270.568943 230.503196 205.381868 154.338875 108.724104 78.562038 581.530223 484.030850 379.213228 323.543555 226.462681 331.941940
103.100000 601.247991 439.024757 336.223570 270.703826 230.619659 205.486763 154.420205 108.784268 78.608110 581.807461 484.263528 379.397939 323.702752 226.577284 332.104988
103.150000 601.534098 439.236747 336.388502 270.838707 230.736120 205.591656 154.501533 108.844431 78.654181 582.084692 484.496201 379.582646 323.861946 226.691885 332.268033
103.200000 601.820199 439.448733 336.553432 270.973585 230.852578 205.696547 154.582860 108.904593 78.700251 582.361918 484.728869 379.767350 324.021137 226.806484 332.431075
103.250000 602.106294 439.660714 336.718358 271.108460 230.969034 205.801436 154.664186 108.964754 78.746322 582.639137 484.961532 379.952049 324.180325 226.921081 332.594114
103.300000 602.392383 439.872691 336.883280 271.243333 231.085488 205.906323 154.745510 109.024914 78.792391 582.916351 485.194190 380.136745 324.339509 227.035675 332.757150
103.350000 602.678466 440.084664 337.048200 271.378203 231.201940 206.011208 154.826833 109.085074 78.838460 583.193560 485.426844 380.321438 324.498691 227.150268 332.920182
103.400000 602.964543 440.296632 337.213116 271.513071 231.318390 206.116092 154.908154 109.145233 78.884528 583.470762 485.659492 380.506126 324.657869 227.264858 333.083211
103.450000 603.250614 440.508596 337.378029 271.647936 231.434837 206.220973 154.989474 109.205390 78.930596 583.747959 485.892136 380.690811 324.817044 227.379447 333.246237
103.500000 603.536679 440.720556 337.542939 271.782799 231.551283 206.325853 155.070793 109.265547 78.976663 584.025149 486.124775 380.875492 324.976216 227.494033 333.409259
103.550000 603.822738 440.932511 337.707845 271.917659 231.667726 206.430731 155.152111 109.325703 79.022730 584.302334 486.357410 381.060170 325.135385 227.608617 333.572279
103.600000 604.108791 441.144462 337.872749 272.052516 231.784167 206.535607 155.233427 109.385858 79.068796 584.579514 486.590039 381.244843 325.294551 227.723199 333.735295
103.650000 604.394838 441.356409 338.037649 272.187371 231.900606 206.640480 155.314742 109.446012 79.114862 584.856687 486.822664 381.429514 325.453714 227.837779 333.898308
103.700000 604.680879 441.568351 338.202545 272.322223 232.017043 206.745353 155.396055 109.506166 79.160927 585.133855 487.055284 381.614180 325.612874 227.952357 334.061318
103.750000 604.966914 441.780290 338.367439 272.457073 232.133478 206.850223 155.477367 109.566318 79.206991 585.411017 487.287899 381.798843 325.772030 228.066933 334.224324
103.800000 605.252943 441.992223 338.532329 272.591920 232.249910 206.955091 155.558678 109.626470 79.253055 585.688173 487.520510 381.983502 325.931184 228.181506 334.387328
103.850000 605.538966 442.204153 338.697216 272.726765 232.366341 207.059957 155.639987 109.686620 79.299118 585.965323 487.753116 382.168157 326.090334 228.296078 334.550328
103.900000 605.824983 442.416078 338.862100 272.861607 232.482769 207.164822 155.721295 109.746770 79.345181 586.242467 487.985717 382.352809 326.249481 228.410647 334.713325
103.950000 606.110994 442.627999 339.026980 272.996446 232.599195 207.269685 155.802601 109.806919 79.391243 586.519606 488.218313 382.537457 326.408625 228.525214 334.876319
104.000000 606.396999 442.839916 339.191858 273.131283 232.715619 207.374545 155.883907 109.867067 79.437305 586.796739 488.450904 382.722101 326.567766 228.639780 335.039309
104.050000 606.682999 443.051828 339.356732 273.266117 232.832041 207.479404 155.965211 109.927215 79.483366 587.073867 488.683491 382.906742 326.726904 228.754343 335.202297
104.100000 606.968992 443.263736 339.521603 273.400949 232.948460 207.584261 156.046513 109.987361 79.529427 587.350988 488.916073 383.091378 326.886039 228.868904 335.365281
104.150000 607.254979 443.475640 339.686470 273.535778 233.064878 207.689116 156.127814 110.047506 79.575487 587.628104 489.148650 383.276012 327.045171 228.983463 335.528262
104.200000 607.540961 443.687540 339.851335 273.670605 233.181293 207.793969 156.209114 110.107651 79.621546 587.905214 489.381222 383.460641 327.204299 229.098019 335.691240
104.250000 607.826936 443.899435 340.016196 273.805429 233.297707 207.898821 156.290413 110.167795 79.667605 588.182318 489.613790 383.645267 327.363425 229.212574 335.854215
104.300000 608.112905 444.111326 340.181054 273.940251 233.414118 208.003670 156.371710 110.227937 79.713663 588.459417 489.846353 383.829890 327.522547 229.327127 336.017186
104.350000 608.398869 444.323213 340.345908 274.075070 233.530527 208.108518 156.453006 110.288079 79.759721 588.736509 490.078911 384.014508 327.681667 229.441677 336.180154
104.400000 608.684827 444.535095 340.510760 274.209886 233.646934 208.213364 156.534300 110.348220 79.805778 589.013597 490.311465 384.199123 327.840783 229.556226 336.343120
104.450000 608.970778 444.746973 340.675608 274.344700 233.763338 208.318207 156.615593 110.408361 79.851835 589.290678 490.544013 384.383734 327.999896 229.670772 336.506081
104.500000 609.256724 444.958847 340.840453 274.479512 233.879741 208.423049 156.696885 110.468500 79.897891 589.567753 490.776557 384.568342 328.159006 229.785316 336.669040
104.550000 609.542664 445.170717 341.005295 274.614321 233.996141 208.527889 156.778175 110.528638 79.943947 589.844823 491.009097 384.752946 328.318113 229.899858 336.831996
104.600000 609.828598 445.382582 341.170134 274.749127 234.112540 208.632728 156.859464 110.588776 79.990001 590.121887 491.241631 384.937546 328.477217 230.014398 336.994948
