web/models/kne/36/Metzger_0.024890_0.451379_0.450000.dat
# %ECSV 0.9
# ---
# datatype:
# - {name: time, datatype: float64}
# - {name: sdss_u, datatype: float64}
# - {name: sdss_g, datatype: float64}
# - {name: sdss_r, datatype: float64}
# - {name: sdss_i, datatype: float64}
# - {name: sdss_z, datatype: float64}
# - {name: PS1_y, datatype: float64}
# - {name: ukirt_J, datatype: float64}
# - {name: ukirt_H, datatype: float64}
# - {name: ukirt_K, datatype: float64}
# - {name: johnson_U, datatype: float64}
# - {name: johnson_B, datatype: float64}
# - {name: johnson_V, datatype: float64}
# - {name: johnson_R, datatype: float64}
# - {name: johnson_I, datatype: float64}
# - {name: Clear, datatype: float64}
# meta: !!omap
# - comment: [vej = 0.4513793103448276, mej = 0.024889660212162802, Ye = 0.45, redshift = 0.0]
# schema: astropy-2.0
time sdss_u sdss_g sdss_r sdss_i sdss_z PS1_y ukirt_J ukirt_H ukirt_K johnson_U johnson_B johnson_V johnson_R johnson_I Clear
[from data line 301]
15.150000 89.238190 59.807088 41.316635 29.639609 22.557817 18.150178 9.303181 1.588191 -3.340256 85.699609 67.989550 49.061751 39.077245 21.846992 40.579649
15.200000 89.588989 60.065498 41.516387 29.801900 22.697146 18.275088 9.398717 1.657344 -3.288669 86.039345 68.273742 49.286152 39.269843 21.984003 40.777048
15.250000 89.939685 60.323837 41.716088 29.964154 22.836447 18.399975 9.494240 1.726493 -3.237080 86.378981 68.557853 49.510494 39.462394 22.120987 40.974397
15.300000 90.290277 60.582106 41.915739 30.126371 22.975720 18.524838 9.589750 1.795639 -3.185488 86.718517 68.841885 49.734778 39.654897 22.257943 41.171698
15.350000 90.640766 60.840304 42.115341 30.288552 23.114963 18.649678 9.685247 1.864780 -3.133893 87.057954 69.125838 49.959003 39.847353 22.394872 41.368949
15.400000 90.991153 61.098432 42.314893 30.450697 23.254179 18.774494 9.780732 1.933919 -3.082296 87.397293 69.409711 50.183170 40.039762 22.531773 41.566152
15.450000 91.341438 61.356490 42.514396 30.612805 23.393367 18.899288 9.876203 2.003053 -3.030697 87.736534 69.693506 50.407279 40.232125 22.668647 41.763306
15.500000 91.691622 61.614480 42.713851 30.774877 23.532526 19.024058 9.971661 2.072184 -2.979095 88.075678 69.977222 50.631331 40.424441 22.805493 41.960413
15.550000 92.041705 61.872400 42.913256 30.936914 23.671658 19.148806 10.067107 2.141311 -2.927491 88.414724 70.260861 50.855326 40.616710 22.942313 42.157471
15.600000 92.391688 62.130252 43.112613 31.098915 23.810762 19.273531 10.162539 2.210434 -2.875885 88.753674 70.544423 51.079264 40.808934 23.079105 42.354482
15.650000 92.741571 62.388035 43.311922 31.260880 23.949838 19.398233 10.257960 2.279553 -2.824276 89.092528 70.827907 51.303145 41.001112 23.215871 42.551446
15.700000 93.091355 62.645750 43.511182 31.422810 24.088887 19.522912 10.353367 2.348669 -2.772665 89.431287 71.111314 51.526969 41.193244 23.352610 42.748362
15.750000 93.441040 62.903398 43.710395 31.584705 24.227908 19.647569 10.448762 2.417781 -2.721052 89.769950 71.394646 51.750738 41.385331 23.489322 42.945231
15.800000 93.790626 63.160979 43.909560 31.746565 24.366902 19.772203 10.544144 2.486890 -2.669437 90.108519 71.677901 51.974451 41.577373 23.626007 43.142053
15.850000 94.140115 63.418492 44.108678 31.908390 24.505869 19.896815 10.639514 2.555994 -2.617819 90.446994 71.961081 52.198108 41.769369 23.762667 43.338829
15.900000 94.489506 63.675939 44.307749 32.070180 24.644808 20.021405 10.734871 2.625095 -2.566200 90.785374 72.244185 52.421709 41.961321 23.899300 43.535558
15.950000 94.838801 63.933320 44.506773 32.231936 24.783721 20.145972 10.830215 2.694192 -2.514578 91.123662 72.527215 52.645256 42.153229 24.035906 43.732241
16.000000 95.187999 64.190635 44.705750 32.393658 24.922607 20.270517 10.925547 2.763286 -2.462955 91.461857 72.810170 52.868748 42.345092 24.172487 43.928878
16.050000 95.537101 64.447883 44.904680 32.555345 25.061466 20.395041 11.020867 2.832375 -2.411329 91.799960 73.093051 53.092185 42.536910 24.309042 44.125470
16.100000 95.886108 64.705067 45.103565 32.716998 25.200299 20.519542 11.116175 2.901461 -2.359702 92.137971 73.375858 53.315568 42.728685 24.445571 44.322016
16.150000 96.235020 64.962185 45.302403 32.878617 25.339105 20.644022 11.211470 2.970543 -2.308072 92.475890 73.658592 53.538897 42.920416 24.582074 44.518516
16.200000 96.583837 65.219239 45.501195 33.040202 25.477885 20.768480 11.306753 3.039621 -2.256441 92.813719 73.941253 53.762172 43.112104 24.718551 44.714972
16.250000 96.932560 65.476228 45.699942 33.201754 25.616638 20.892916 11.402023 3.108696 -2.204808 93.151457 74.223841 53.985393 43.303748 24.855003 44.911383
16.300000 97.281190 65.733153 45.898643 33.363272 25.755365 21.017331 11.497282 3.177767 -2.153173 93.489104 74.506357 54.208562 43.495349 24.991430 45.107749
16.350000 97.629726 65.990015 46.097299 33.524757 25.894066 21.141724 11.592528 3.246834 -2.101536 93.826663 74.788800 54.431677 43.686907 25.127831 45.304070
16.400000 97.978170 66.246812 46.295910 33.686209 26.032742 21.266095 11.687762 3.315897 -2.049897 94.164132 75.071172 54.654739 43.878423 25.264207 45.500347
16.450000 98.326521 66.503547 46.494476 33.847627 26.171391 21.390446 11.782984 3.384956 -1.998257 94.501512 75.353473 54.877749 44.069895 25.400558 45.696580
16.500000 98.674780 66.760218 46.692998 34.009013 26.310015 21.514775 11.878194 3.454012 -1.946615 94.838804 75.635702 55.100706 44.261326 25.536883 45.892770
16.550000 99.022948 67.016827 46.891475 34.170366 26.448613 21.639083 11.973392 3.523063 -1.894971 95.176007 75.917861 55.323612 44.452714 25.673184 46.088915
16.600000 99.371026 67.273373 47.089908 34.331686 26.587185 21.763370 12.068578 3.592111 -1.843326 95.513124 76.199950 55.546465 44.644060 25.809461 46.285017
16.650000 99.719012 67.529858 47.288297 34.492974 26.725732 21.887636 12.163752 3.661155 -1.791679 95.850153 76.481968 55.769267 44.835364 25.945712 46.481076
16.700000 100.066909 67.786280 47.486642 34.654230 26.864254 22.011882 12.258914 3.730196 -1.740031 96.187095 76.763917 55.992018 45.026627 26.081939 46.677092
16.750000 100.414715 68.042641 47.684943 34.815453 27.002751 22.136106 12.354065 3.799232 -1.688381 96.523951 77.045796 56.214717 45.217848 26.218141 46.873064
16.800000 100.762433 68.298941 47.883201 34.976644 27.141222 22.260310 12.449203 3.868265 -1.636729 96.860721 77.327607 56.437365 45.409028 26.354319 47.068994
16.850000 101.110062 68.555180 48.081416 35.137803 27.279668 22.384493 12.544330 3.937294 -1.585076 97.197406 77.609348 56.659963 45.600167 26.490473 47.264882
16.900000 101.457602 68.811358 48.279588 35.298931 27.418090 22.508655 12.639445 4.006319 -1.533422 97.534006 77.891022 56.882511 45.791265 26.626602 47.460727
16.950000 101.805054 69.067476 48.477717 35.460027 27.556487 22.632797 12.734548 4.075340 -1.481766 97.870521 78.172627 57.105008 45.982322 26.762708 47.656530
17.000000 102.152419 69.323534 48.675803 35.621091 27.694859 22.756919 12.829640 4.144358 -1.430108 98.206951 78.454164 57.327455 46.173339 26.898789 47.852291
17.050000 102.499696 69.579532 48.873846 35.782124 27.833207 22.881020 12.924720 4.213372 -1.378450 98.543298 78.735634 57.549852 46.364316 27.034846 48.048010
17.100000 102.846887 69.835470 49.071848 35.943126 27.971530 23.005101 13.019789 4.282382 -1.326790 98.879561 79.017037 57.772200 46.555252 27.170880 48.243688
17.150000 103.193991 70.091349 49.269807 36.104096 28.109828 23.129162 13.114846 4.351388 -1.275128 99.215741 79.298373 57.994498 46.746148 27.306890 48.439324
17.200000 103.541009 70.347169 49.467725 36.265036 28.248103 23.253202 13.209891 4.420390 -1.223465 99.551838 79.579642 58.216748 46.937004 27.442876 48.634919
17.250000 103.887942 70.602930 49.665600 36.425945 28.386353 23.377223 13.304925 4.489388 -1.171801 99.887853 79.860845 58.438948 47.127821 27.578839 48.830473
17.300000 104.234789 70.858633 49.863434 36.586822 28.524579 23.501224 13.399947 4.558383 -1.120136 100.223785 80.141982 58.661100 47.318598 27.714779 49.025986
17.350000 104.581552 71.114277 50.061227 36.747670 28.662781 23.625205 13.494959 4.627374 -1.068469 100.559637 80.423053 58.883203 47.509336 27.850695 49.221459
17.400000 104.928230 71.369863 50.258979 36.908487 28.800959 23.749166 13.589958 4.696361 -1.016802 100.895407 80.704059 59.105258 47.700035 27.986588 49.416891
17.450000 105.274824 71.625392 50.456689 37.069273 28.939114 23.873108 13.684947 4.765344 -0.965133 101.231095 80.985000 59.327265 47.890695 28.122457 49.612282
17.500000 105.621335 71.880863 50.654359 37.230030 29.077244 23.997030 13.779924 4.834324 -0.913462 101.566704 81.265876 59.549224 48.081316 28.258304 49.807633
17.550000 105.967762 72.136277 50.851988 37.390756 29.215351 24.120932 13.874890 4.903299 -0.861791 101.902232 81.546688 59.771136 48.271898 28.394128 50.002945
17.600000 106.314106 72.391634 51.049577 37.551452 29.353435 24.244815 13.969845 4.972271 -0.810119 102.237681 81.827435 59.993000 48.462442 28.529928 50.198216
17.650000 106.660368 72.646935 51.247125 37.712119 29.491495 24.368679 14.064788 5.041239 -0.758445 102.573050 82.108119 60.214817 48.652948 28.665706 50.393448
17.700000 107.006547 72.902178 51.444633 37.872755 29.629532 24.492523 14.159720 5.110203 -0.706770 102.908340 82.388739 60.436587 48.843415 28.801462 50.588640
17.750000 107.352645 73.157366 51.642101 38.033363 29.767545 24.616348 14.254642 5.179164 -0.655095 103.243551 82.669295 60.658310 49.033844 28.937195 50.783794
17.800000 107.698661 73.412498 51.839529 38.193940 29.905536 24.740154 14.349552 5.248120 -0.603418 103.578684 82.949789 60.879987 49.224236 29.072905 50.978907
17.850000 108.044597 73.667574 52.036918 38.354489 30.043503 24.863940 14.444451 5.317073 -0.551740 103.913738 83.230220 61.101617 49.414590 29.208593 51.173982
17.900000 108.390451 73.922594 52.234267 38.515008 30.181447 24.987708 14.539339 5.386022 -0.500062 104.248715 83.510588 61.323201 49.604906 29.344258 51.369018
17.950000 108.736225 74.177559 52.431577 38.675498 30.319369 25.111457 14.634216 5.454967 -0.448382 104.583615 83.790894 61.544739 49.795185 29.479901 51.564016
18.000000 109.081919 74.432469 52.628848 38.835958 30.457268 25.235186 14.729082 5.523909 -0.396701 104.918438 84.071137 61.766231 49.985427 29.615522 51.758975
18.050000 109.427534 74.687325 52.826080 38.996391 30.595144 25.358897 14.823938 5.592846 -0.345020 105.253184 84.351320 61.987677 50.175632 29.751121 51.953895
18.100000 109.773069 74.942126 53.023272 39.156794 30.732997 25.482590 14.918782 5.661780 -0.293337 105.587853 84.631440 62.209078 50.365800 29.886698 52.148778
18.150000 110.118525 75.196872 53.220427 39.317168 30.870828 25.606263 15.013616 5.730710 -0.241654 105.922447 84.911500 62.430434 50.555931 30.022254 52.343622
18.200000 110.463903 75.451565 53.417543 39.477515 31.008636 25.729918 15.108439 5.799636 -0.189969 106.256965 85.191498 62.651745 50.746025 30.157787 52.538429
18.250000 110.809202 75.706203 53.614620 39.637832 31.146422 25.853554 15.203251 5.868558 -0.138284 106.591407 85.471436 62.873011 50.936083 30.293298 52.733197
18.300000 111.154423 75.960788 53.811659 39.798122 31.284186 25.977172 15.298052 5.937477 -0.086598 106.925775 85.751314 63.094232 51.126105 30.428788 52.927929
18.350000 111.499567 76.215320 54.008661 39.958383 31.421928 26.100772 15.392842 6.006392 -0.034911 107.260068 86.031131 63.315409 51.316091 30.564257 53.122622
18.400000 111.844633 76.469798 54.205624 40.118616 31.559648 26.224353 15.487622 6.075303 0.016776 107.594286 86.310889 63.536542 51.506040 30.699703 53.317279
18.450000 112.189623 76.724224 54.402550 40.278821 31.697345 26.347916 15.582392 6.144210 0.068464 107.928431 86.590587 63.757630 51.695954 30.835129 53.511898
18.500000 112.534536 76.978597 54.599438 40.438998 31.835021 26.471461 15.677150 6.213114 0.120154 108.262501 86.870225 63.978675 51.885832 30.970533 53.706481
18.550000 112.879372 77.232917 54.796289 40.599148 31.972674 26.594987 15.771898 6.282013 0.171843 108.596499 87.149804 64.199675 52.075675 31.105916 53.901027
18.600000 113.224133 77.487185 54.993102 40.759269 32.110306 26.718496 15.866636 6.350909 0.223534 108.930423 87.429325 64.420633 52.265482 31.241278 54.095536
18.650000 113.568818 77.741401 55.189879 40.919364 32.247917 26.841987 15.961363 6.419801 0.275225 109.264274 87.708787 64.641546 52.455254 31.376618 54.290009
18.700000 113.913428 77.995565 55.386618 41.079431 32.385505 26.965459 16.056080 6.488690 0.326917 109.598053 87.988190 64.862417 52.644991 31.511938 54.484445
18.750000 114.257963 78.249678 55.583321 41.239470 32.523073 27.088914 16.150786 6.557574 0.378610 109.931760 88.267535 65.083245 52.834693 31.647236 54.678845
18.800000 114.602423 78.503739 55.779987 41.399482 32.660618 27.212351 16.245481 6.626455 0.430303 110.265394 88.546823 65.304029 53.024359 31.782514 54.873209
18.850000 114.946808 78.757748 55.976617 41.559468 32.798143 27.335770 16.340167 6.695332 0.481997 110.598958 88.826052 65.524771 53.213992 31.917771 55.067537
18.900000 115.291120 79.011707 56.173210 41.719426 32.935646 27.459172 16.434842 6.764206 0.533692 110.932449 89.105225 65.745471 53.403589 32.053008 55.261829
18.950000 115.635358 79.265615 56.369767 41.879357 33.073128 27.582555 16.529506 6.833075 0.585387 111.265870 89.384340 65.966128 53.593153 32.188223 55.456086
19.000000 115.979523 79.519473 56.566288 42.039262 33.210589 27.705922 16.624161 6.901941 0.637083 111.599220 89.663398 66.186743 53.782681 32.323418 55.650307
19.050000 116.323614 79.773280 56.762773 42.199140 33.348029 27.829271 16.718805 6.970803 0.688779 111.932500 89.942399 66.407316 53.972176 32.458593 55.844493
19.100000 116.667632 80.027037 56.959222 42.358991 33.485447 27.952602 16.813439 7.039661 0.740476 112.265710 90.221344 66.627847 54.161637 32.593747 56.038644
19.150000 117.011578 80.280744 57.155636 42.518815 33.622845 28.075916 16.908063 7.108516 0.792173 112.598850 90.500233 66.848337 54.351064 32.728881 56.232760
19.200000 117.355452 80.534401 57.352014 42.678614 33.760222 28.199213 17.002676 7.177366 0.843871 112.931920 90.779066 67.068785 54.540457 32.863995 56.426840
19.250000 117.699254 80.788009 57.548356 42.838386 33.897579 28.322492 17.097280 7.246213 0.895570 113.264921 91.057842 67.289192 54.729816 32.999089 56.620886
19.300000 118.042984 81.041567 57.744664 42.998132 34.034914 28.445755 17.191873 7.315057 0.947268 113.597853 91.336564 67.509557 54.919142 33.134162 56.814897
19.350000 118.386643 81.295076 57.940936 43.157851 34.172230 28.569000 17.286456 7.383896 0.998968 113.930716 91.615229 67.729882 55.108435 33.269215 57.008874
19.400000 118.730231 81.548537 58.137174 43.317545 34.309524 28.692228 17.381029 7.452732 1.050668 114.263511 91.893840 67.950166 55.297694 33.404249 57.202816
19.450000 119.073748 81.801948 58.333376 43.477213 34.446798 28.815439 17.475592 7.521564 1.102368 114.596238 92.172396 68.170409 55.486920 33.539262 57.396724
19.500000 119.417195 82.055311 58.529544 43.636855 34.584052 28.938633 17.570146 7.590392 1.154069 114.928897 92.450897 68.390611 55.676113 33.674256 57.590598
19.550000 119.760571 82.308625 58.725678 43.796471 34.721286 29.061811 17.664689 7.659217 1.205770 115.261489 92.729344 68.610773 55.865274 33.809230 57.784438
19.600000 120.103877 82.561891 58.921777 43.956062 34.858499 29.184971 17.759222 7.728038 1.257471 115.594013 93.007736 68.830895 56.054401 33.944184 57.978244
19.650000 120.447114 82.815110 59.117841 44.115627 34.995692 29.308115 17.853746 7.796855 1.309173 115.926470 93.286074 69.050977 56.243496 34.079119 58.172017
19.700000 120.790282 83.068280 59.313872 44.275167 35.132865 29.431242 17.948259 7.865668 1.360876 116.258860 93.564359 69.271019 56.432559 34.214034 58.365755
19.750000 121.133380 83.321403 59.509868 44.434681 35.270018 29.554352 18.042763 7.934478 1.412578 116.591184 93.842590 69.491021 56.621589 34.348930 58.559461
19.800000 121.476410 83.574478 59.705831 44.594170 35.407151 29.677446 18.137257 8.003284 1.464281 116.923441 94.120767 69.710984 56.810587 34.483806 58.753132
19.850000 121.819371 83.827506 59.901760 44.753634 35.544265 29.800523 18.231741 8.072086 1.515985 117.255633 94.398892 69.930907 56.999553 34.618663 58.946771
19.900000 122.162263 84.080487 60.097655 44.913073 35.681358 29.923583 18.326215 8.140885 1.567688 117.587758 94.676963 70.150791 57.188486 34.753501 59.140377
19.950000 122.505088 84.333421 60.293517 45.072487 35.818432 30.046628 18.420680 8.209680 1.619392 117.919819 94.954981 70.370636 57.377388 34.888320 59.333949
20.000000 122.847845 84.586308 60.489345 45.231876 35.955486 30.169656 18.515135 8.278471 1.671096 118.251814 95.232947 70.590441 57.566258 35.023119 59.527489
20.050000 123.190535 84.839149 60.685140 45.391241 36.092520 30.292667 18.609580 8.347258 1.722801 118.583744 95.510861 70.810208 57.755097 35.157899 59.720996
