web/models/kne/36/Metzger_0.038208_0.402759_0.450000.dat
# %ECSV 0.9
# ---
# datatype:
# - {name: time, datatype: float64}
# - {name: sdss_u, datatype: float64}
# - {name: sdss_g, datatype: float64}
# - {name: sdss_r, datatype: float64}
# - {name: sdss_i, datatype: float64}
# - {name: sdss_z, datatype: float64}
# - {name: PS1_y, datatype: float64}
# - {name: ukirt_J, datatype: float64}
# - {name: ukirt_H, datatype: float64}
# - {name: ukirt_K, datatype: float64}
# - {name: johnson_U, datatype: float64}
# - {name: johnson_B, datatype: float64}
# - {name: johnson_V, datatype: float64}
# - {name: johnson_R, datatype: float64}
# - {name: johnson_I, datatype: float64}
# - {name: Clear, datatype: float64}
# meta: !!omap
# - comment: [vej = 0.4027586206896552, mej = 0.038208046189546235, Ye = 0.45, redshift = 0.0]
# schema: astropy-2.0
time sdss_u sdss_g sdss_r sdss_i sdss_z PS1_y ukirt_J ukirt_H ukirt_K johnson_U johnson_B johnson_V johnson_R johnson_I Clear
[from data line 2737]
136.950000 727.129876 531.886254 408.120172 329.211777 280.921166 250.634681 189.069713 134.004268 97.549958 703.735131 586.339530 460.104458 393.042751 276.050360 403.160715
137.000000 727.389366 532.078564 408.269828 329.334195 281.026887 250.729918 189.143590 134.058962 97.591879 703.986576 586.550586 460.272038 393.187206 276.154396 403.308661
137.050000 727.648851 532.270870 408.419482 329.456610 281.132608 250.825153 189.217467 134.113654 97.633799 704.238016 586.761639 460.439616 393.331659 276.258431 403.456604
137.100000 727.908332 532.463174 408.569134 329.579024 281.238326 250.920387 189.291343 134.168346 97.675718 704.489452 586.972689 460.607191 393.476110 276.362464 403.604546
137.150000 728.167808 532.655474 408.718784 329.701436 281.344043 251.015620 189.365217 134.223038 97.717638 704.740885 587.183735 460.774764 393.620558 276.466495 403.752485
137.200000 728.427281 532.847771 408.868432 329.823846 281.449758 251.110851 189.439091 134.277729 97.759556 704.992313 587.394778 460.942333 393.765005 276.570526 403.900422
137.250000 728.686749 533.040066 409.018077 329.946255 281.555472 251.206081 189.512964 134.332419 97.801475 705.243737 587.605818 461.109901 393.909449 276.674554 404.048356
137.300000 728.946213 533.232357 409.167720 330.068661 281.661185 251.301309 189.586836 134.387108 97.843393 705.495158 587.816854 461.277466 394.053891 276.778581 404.196288
137.350000 729.205674 533.424646 409.317360 330.191066 281.766895 251.396536 189.660706 134.441797 97.885310 705.746574 588.027887 461.445028 394.198331 276.882607 404.344218
137.400000 729.465129 533.616931 409.466999 330.313469 281.872605 251.491762 189.734576 134.496485 97.927227 705.997986 588.238917 461.612587 394.342769 276.986631 404.492146
137.450000 729.724581 533.809214 409.616635 330.435870 281.978312 251.586986 189.808445 134.551173 97.969144 706.249394 588.449943 461.780144 394.487204 277.090653 404.640072
137.500000 729.984029 534.001493 409.766268 330.558269 282.084019 251.682210 189.882313 134.605860 98.011060 706.500798 588.660966 461.947699 394.631637 277.194675 404.787995
137.550000 730.243472 534.193769 409.915900 330.680667 282.189723 251.777431 189.956180 134.660546 98.052976 706.752199 588.871986 462.115251 394.776068 277.298694 404.935916
137.600000 730.502912 534.386043 410.065529 330.803063 282.295427 251.872652 190.030045 134.715231 98.094891 707.003595 589.083002 462.282800 394.920497 277.402712 405.083835
137.650000 730.762347 534.578313 410.215156 330.925457 282.401128 251.967871 190.103910 134.769916 98.136806 707.254987 589.294015 462.450347 395.064924 277.506729 405.231752
137.700000 731.021778 534.770580 410.364781 331.047849 282.506828 252.063088 190.177774 134.824600 98.178720 707.506375 589.505025 462.617891 395.209349 277.610744 405.379666
137.750000 731.281205 534.962845 410.514403 331.170239 282.612527 252.158305 190.251637 134.879284 98.220634 707.757759 589.716031 462.785432 395.353771 277.714758 405.527578
137.800000 731.540628 535.155106 410.664023 331.292627 282.718224 252.253520 190.325499 134.933967 98.262548 708.009139 589.927034 462.952971 395.498191 277.818770 405.675488
137.850000 731.800046 535.347365 410.813641 331.415014 282.823920 252.348733 190.399360 134.988649 98.304461 708.260516 590.138034 463.120507 395.642609 277.922780 405.823395
137.900000 732.059461 535.539620 410.963257 331.537399 282.929614 252.443946 190.473220 135.043330 98.346374 708.511888 590.349031 463.288041 395.787025 278.026789 405.971301
137.950000 732.318871 535.731873 411.112870 331.659782 283.035306 252.539157 190.547079 135.098011 98.388286 708.763256 590.560024 463.455572 395.931438 278.130797 406.119204
138.000000 732.578277 535.924122 411.262481 331.782163 283.140997 252.634366 190.620937 135.152692 98.430197 709.014620 590.771014 463.623101 396.075850 278.234803 406.267105
138.050000 732.837680 536.116368 411.412090 331.904543 283.246687 252.729575 190.694794 135.207371 98.472109 709.265980 590.982000 463.790627 396.220259 278.338808 406.415004
138.100000 733.097078 536.308612 411.561697 332.026920 283.352375 252.824782 190.768650 135.262050 98.514020 709.517336 591.192984 463.958151 396.364666 278.442811 406.562900
138.150000 733.356471 536.500852 411.711301 332.149296 283.458061 252.919987 190.842505 135.316729 98.555930 709.768689 591.403964 464.125672 396.509071 278.546813 406.710794
138.200000 733.615861 536.693090 411.860903 332.271670 283.563746 253.015191 190.916359 135.371406 98.597840 710.020037 591.614940 464.293190 396.653474 278.650813 406.858686
138.250000 733.875247 536.885324 412.010503 332.394042 283.669429 253.110394 190.990212 135.426083 98.639750 710.271381 591.825914 464.460706 396.797875 278.754811 407.006576
138.300000 734.134628 537.077556 412.160100 332.516413 283.775111 253.205596 191.064064 135.480759 98.681659 710.522721 592.036884 464.628219 396.942273 278.858809 407.154463
138.350000 734.394006 537.269784 412.309695 332.638781 283.880792 253.300796 191.137915 135.535435 98.723568 710.774058 592.247850 464.795730 397.086669 278.962804 407.302349
138.400000 734.653379 537.462010 412.459288 332.761148 283.986470 253.395995 191.211765 135.590110 98.765476 711.025390 592.458814 464.963238 397.231063 279.066798 407.450232
138.450000 734.912748 537.654233 412.608879 332.883513 284.092148 253.491193 191.285614 135.644785 98.807384 711.276718 592.669774 465.130744 397.375455 279.170791 407.598112
138.500000 735.172113 537.846452 412.758467 333.005877 284.197823 253.586389 191.359463 135.699458 98.849291 711.528043 592.880731 465.298247 397.519845 279.274782 407.745991
138.550000 735.431474 538.038669 412.908054 333.128238 284.303498 253.681584 191.433310 135.754131 98.891198 711.779363 593.091685 465.465747 397.664232 279.378772 407.893867
138.600000 735.690831 538.230882 413.057637 333.250598 284.409171 253.776777 191.507156 135.808804 98.933104 712.030679 593.302635 465.633245 397.808618 279.482760 408.041741
138.650000 735.950184 538.423093 413.207219 333.372956 284.514842 253.871970 191.581001 135.863475 98.975011 712.281992 593.513582 465.800740 397.953001 279.586747 408.189613
138.700000 736.209532 538.615301 413.356799 333.495312 284.620512 253.967160 191.654846 135.918147 99.016916 712.533300 593.724526 465.968233 398.097382 279.690733 408.337483
138.750000 736.468877 538.807506 413.506376 333.617666 284.726180 254.062350 191.728689 135.972817 99.058821 712.784605 593.935466 466.135723 398.241761 279.794716 408.485350
138.800000 736.728217 538.999707 413.655951 333.740018 284.831847 254.157538 191.802531 136.027487 99.100726 713.035905 594.146403 466.303211 398.386138 279.898699 408.633216
138.850000 736.987554 539.191906 413.805523 333.862369 284.937512 254.252725 191.876373 136.082156 99.142630 713.287202 594.357337 466.470696 398.530512 280.002679 408.781079
138.900000 737.246886 539.384102 413.955094 333.984718 285.043176 254.347911 191.950213 136.136824 99.184534 713.538494 594.568268 466.638179 398.674885 280.106659 408.928939
138.950000 737.506214 539.576295 414.104662 334.107065 285.148838 254.443095 192.024052 136.191492 99.226438 713.789783 594.779195 466.805659 398.819255 280.210637 409.076798
139.000000 inf 539.768485 414.254228 334.229410 285.254498 254.538278 192.097891 136.246160 99.268341 714.041068 594.990119 466.973136 398.963623 280.314613 409.224654
139.050000 nan 539.960672 414.403792 334.351754 285.360158 254.633459 192.171728 136.300826 99.310243 714.292348 595.201040 467.140611 399.107989 280.418588 409.372508
139.100000 nan 540.152856 414.553353 334.474096 285.465815 254.728639 192.245565 136.355492 99.352145 714.543625 595.411957 467.308083 399.252352 280.522562 409.520360
139.150000 nan 540.345037 414.702912 334.596436 285.571471 254.823818 192.319400 136.410157 99.394047 714.794898 595.622871 467.475553 399.396714 280.626533 409.668210
139.200000 nan 540.537215 414.852469 334.718774 285.677126 254.918996 192.393235 136.464822 99.435948 715.046167 595.833782 467.643021 399.541074 280.730504 409.816057
139.250000 nan 540.729390 415.002024 334.841110 285.782779 255.014172 192.467068 136.519486 99.477849 715.297432 596.044690 467.810485 399.685431 280.834473 409.963903
139.300000 nan 540.921562 415.151576 334.963445 285.888431 255.109347 192.540901 136.574149 99.519750 715.548693 596.255594 467.977948 399.829786 280.938441 410.111746
139.350000 nan 541.113731 415.301127 335.085777 285.994081 255.204520 192.614733 136.628812 99.561650 715.799950 596.466495 468.145407 399.974139 281.042407 410.259587
139.400000 nan 541.305897 415.450675 335.208108 286.099730 255.299693 192.688563 136.683474 99.603549 716.051203 596.677393 468.312864 400.118490 281.146371 410.407425
139.450000 nan 541.498061 415.600220 335.330438 286.205377 255.394864 192.762393 136.738135 99.645448 716.302452 596.888288 468.480319 400.262838 281.250334 410.555262
139.500000 nan 541.690221 415.749764 335.452765 286.311023 255.490033 192.836222 136.792796 99.687347 716.553697 597.099179 468.647771 400.407185 281.354296 410.703096
139.550000 nan 541.882378 415.899305 335.575091 286.416667 255.585201 192.910049 136.847456 99.729245 716.804938 597.310067 468.815221 400.551529 281.458256 410.850928
139.600000 nan 542.074533 416.048844 335.697415 286.522309 255.680368 192.983876 136.902115 99.771143 717.056176 597.520952 468.982668 400.695872 281.562215 410.998758
139.650000 nan 542.266684 416.198381 335.819737 286.627950 255.775534 193.057702 136.956774 99.813040 717.307409 597.731834 469.150112 400.840212 281.666172 411.146585
139.700000 nan 542.458833 416.347916 335.942057 286.733590 255.870698 193.131527 137.011432 99.854937 717.558639 597.942712 469.317554 400.984550 281.770128 411.294411
139.750000 nan 542.650979 416.497448 336.064376 286.839228 255.965861 193.205351 137.066089 99.896834 717.809864 598.153587 469.484993 401.128885 281.874082 411.442234
139.800000 nan 542.843121 416.646978 336.186693 286.944865 256.061023 193.279174 137.120746 99.938730 718.061086 598.364459 469.652430 401.273219 281.978035 411.590055
139.850000 nan 543.035261 416.796506 336.309008 287.050500 256.156183 193.352996 137.175402 99.980625 718.312303 598.575327 469.819865 401.417551 282.081986 411.737874
139.900000 nan 543.227398 416.946032 336.431321 287.156134 256.251342 193.426817 137.230058 100.022520 718.563517 598.786192 469.987296 401.561880 282.185936 411.885690
139.950000 nan 543.419532 417.095555 336.553632 287.261766 256.346500 193.500637 137.284713 100.064415 718.814727 598.997054 470.154726 401.706207 282.289884 412.033505
140.000000 nan 543.611662 417.245076 336.675942 287.367396 256.441656 193.574456 137.339367 100.106309 719.065933 599.207913 470.322152 401.850532 282.393831 412.181317
140.050000 nan 543.803790 417.394595 336.798250 287.473026 256.536811 193.648274 137.394021 100.148203 719.317135 599.418769 470.489577 401.994855 282.497777 412.329127
140.100000 nan 543.995915 417.544112 336.920556 287.578653 256.631965 193.722091 137.448673 100.190097 719.568333 599.629621 470.656998 402.139176 282.601721 412.476934
140.150000 nan 544.188038 417.693626 337.042860 287.684279 256.727117 193.795907 137.503326 100.231990 719.819527 599.840470 470.824417 402.283495 282.705663 412.624740
140.200000 nan 544.380157 417.843139 337.165163 287.789904 256.822268 193.869722 137.557977 100.273882 720.070717 600.051316 470.991834 402.427811 282.809604 412.772543
140.250000 nan 544.572273 417.992649 337.287464 287.895527 256.917418 193.943536 137.612628 100.315774 720.321904 600.262158 471.159248 402.572126 282.913544 412.920345
140.300000 nan 544.764386 418.142157 337.409763 288.001149 257.012566 194.017350 137.667279 100.357666 720.573086 600.472997 471.326660 402.716438 283.017482 413.068144
140.350000 nan 544.956497 418.291662 337.532060 288.106769 257.107714 194.091162 137.721928 100.399557 720.824265 600.683833 471.494069 402.860748 283.121419 413.215940
140.400000 nan 545.148604 418.441166 337.654356 288.212388 257.202859 194.164973 137.776577 100.441448 721.075439 600.894666 471.661475 403.005056 283.225354 413.363735
140.450000 nan 545.340709 418.590667 337.776649 288.318005 257.298004 194.238784 137.831226 100.483339 721.326610 601.105496 471.828880 403.149362 283.329288 413.511527
140.500000 nan 545.532810 418.740166 337.898941 288.423621 257.393147 194.312593 137.885874 100.525229 721.577777 601.316322 471.996281 403.293665 283.433220 413.659318
140.550000 nan 545.724909 418.889663 338.021232 288.529235 257.488289 194.386401 137.940521 100.567118 721.828939 601.527145 472.163680 403.437967 283.537151 413.807106
140.600000 nan 545.917005 419.039157 338.143520 288.634848 257.583429 194.460209 137.995167 100.609007 722.080098 601.737965 472.331077 403.582266 283.641080 413.954892
140.650000 nan 546.109097 419.188649 338.265807 288.740459 257.678568 194.534015 138.049813 100.650896 722.331254 601.948782 472.498471 403.726564 283.745008 414.102675
140.700000 nan 546.301187 419.338140 338.388092 288.846069 257.773706 194.607821 138.104458 100.692784 722.582405 602.159595 472.665862 403.870859 283.848934 414.250457
140.750000 nan 546.493274 419.487627 338.510375 288.951677 257.868843 194.681626 138.159103 100.734672 722.833552 602.370405 472.833251 404.015152 283.952859 414.398236
140.800000 nan 546.685358 419.637113 338.632656 289.057284 257.963978 194.755429 138.213747 100.776559 723.084695 602.581212 473.000638 404.159443 284.056783 414.546013
140.850000 nan 546.877440 419.786597 338.754936 289.162889 258.059112 194.829232 138.268390 100.818446 723.335835 602.792016 473.168022 404.303732 284.160705 414.693788
140.900000 nan 547.069518 419.936078 338.877214 289.268493 258.154245 194.903034 138.323033 100.860333 723.586970 603.002816 473.335403 404.448019 284.264626 414.841561
140.950000 nan 547.261593 420.085557 338.999490 289.374095 258.249376 194.976834 138.377674 100.902219 723.838102 603.213614 473.502782 404.592303 284.368545 414.989331
141.000000 nan 547.453666 420.235034 339.121764 289.479696 258.344506 195.050634 138.432316 100.944105 724.089230 603.424408 473.670158 404.736586 284.472462 415.137100
141.050000 nan 547.645735 420.384508 339.244037 289.585296 258.439635 195.124433 138.486957 100.985990 724.340354 603.635199 473.837532 404.880866 284.576379 415.284866
141.100000 nan 547.837802 420.533981 339.366308 289.690894 258.534762 195.198231 138.541597 101.027875 724.591474 603.845986 474.004904 405.025144 284.680293 415.432630
141.150000 nan 548.029865 420.683451 339.488577 289.796490 258.629888 195.272028 138.596236 101.069759 724.842590 604.056771 474.172273 405.169420 284.784207 415.580392
141.200000 nan 548.221926 420.832919 339.610844 289.902085 258.725013 195.345824 138.650875 101.111643 725.093702 604.267552 474.339639 405.313694 284.888119 415.728152
141.250000 nan 548.413984 420.982385 339.733110 290.007678 258.820137 195.419619 138.705513 101.153526 725.344811 604.478330 474.507003 405.457966 284.992029 415.875909
141.300000 nan 548.606039 421.131849 339.855373 290.113270 258.915259 195.493413 138.760150 101.195409 725.595915 604.689105 474.674365 405.602236 285.095938 416.023664
141.350000 nan 548.798091 421.281310 339.977636 290.218861 259.010380 195.567206 138.814787 101.237292 725.847016 604.899876 474.841724 405.746503 285.199845 416.171418
141.400000 nan 548.990140 421.430769 340.099896 290.324450 259.105499 195.640998 138.869423 101.279174 726.098113 605.110644 475.009080 405.890769 285.303752 416.319169
141.450000 nan 549.182186 421.580226 340.222154 290.430037 259.200617 195.714789 138.924059 101.321056 726.349206 605.321409 475.176434 406.035032 285.407656 416.466917
141.500000 nan 549.374230 421.729681 340.344411 290.535623 259.295734 195.788579 138.978694 101.362937 726.600295 605.532171 475.343785 406.179293 285.511559 416.614664
141.550000 nan 549.566270 421.879134 340.466666 290.641208 259.390850 195.862369 139.033328 101.404818 726.851380 605.742930 475.511134 406.323553 285.615461 416.762408
